1	7	0.875503
1	8	0.886218
1	9	0.888971
1	10	0.761201
1	13	0.878284
1	15	0.850956
1	21	1.93253
1	23	0.848074
1	44	0.805998
1	49	0.806323
1	105	0.819138
1	130	3.20408
2	20	0.785744
2	56	0.874614
2	58	0.799966
2	60	0.879198
2	64	0.876488
2	71	0.793458
2	73	0.843517
2	75	0.88252
2	116	0.810384
2	152	0.858566
2	155	1.99135
2	177	3.40832
3	62	0.932979
3	69	0.992719
3	70	0.920981
3	93	0.940369
3	95	0.984782
3	99	0.930271
3	117	1.43642
3	119	0.888314
3	151	2.26181
3	161	2.62651
3	164	0.925688
3	173	0.889806
4	48	0.876456
4	62	0.839606
4	70	0.827608
4	87	0.866331
4	93	0.846997
4	95	0.89141
4	99	0.836898
4	119	0.794942
4	153	2.67827
4	164	0.832316
4	173	0.796433
4	179	2.81318
5	94	0.950742
5	98	0.941305
5	101	0.943638
5	102	0.937734
5	103	0.929613
5	104	0.93978
5	108	0.928588
5	143	1.65882
5	145	0.920709
5	149	2.14408
5	166	0.887884
5	175	2.43868
6	38	0.834445
6	94	0.858971
6	98	0.849534
6	101	0.851867
6	102	0.845964
6	103	0.837842
6	104	0.848009
6	108	0.836817
6	113	2.22749
6	127	0.828485
6	166	0.796114
6	175	3.21809
7	1	0.875503
7	11	0.863505
7	13	0.991955
7	15	0.964626
7	23	0.961745
7	26	0.952642
7	44	0.919669
7	49	0.919993
7	105	0.932809
7	144	1.47154
7	150	2.35155
7	157	2.50069
8	1	0.886218
8	10	0.885587
8	11	0.87422
8	13	1.00267
8	23	0.97246
8	26	0.963357
8	44	0.930384
8	49	0.930708
8	105	0.943524
8	125	1.64348
8	158	2.34031
8	166	2.33335
9	1	0.888971
9	10	0.88834
9	11	0.876973
9	15	0.978094
9	23	0.975213
9	26	0.96611
9	44	0.933137
9	49	0.933461
9	105	0.946277
9	115	2.14679
9	136	1.4527
9	179	2.64745
10	1	0.761201
10	8	0.885587
10	9	0.88834
10	13	0.877653
10	15	0.850324
10	23	0.847443
10	26	0.83834
10	44	0.805367
10	49	0.805692
10	105	0.818507
10	148	2.45086
10	175	2.84657
11	7	0.863505
11	8	0.87422
11	9	0.876973
11	13	0.866286
11	15	0.838957
11	23	0.836076
11	26	0.826973
11	44	0.794
11	49	0.794325
11	105	0.80714
11	121	2.84082
11	142	2.71513
12	46	1.00941
12	76	0.855757
12	78	0.79882
12	82	0.845057
12	89	0.834585
12	90	0.831481
12	96	0.878576
12	100	0.813575
12	106	0.843814
12	107	0.844077
12	152	0.866393
12	176	5.66559
13	1	0.878284
13	7	0.991955
13	8	1.00267
13	10	0.877653
13	11	0.866286
13	15	0.967408
13	26	0.955423
13	44	0.92245
13	49	0.922775
13	137	1.46673
13	151	1.0775
13	167	3.965
14	29	0.954367
14	35	0.88632
14	36	0.951369
14	39	0.934604
14	43	0.938838
14	52	0.924451
14	61	0.982792
14	135	0.88673
14	144	1.05934
14	146	0.961045
14	154	2.98736
14	177	2.24087
15	1	0.850956
15	7	0.964626
15	9	0.978094
15	10	0.850324
15	11	0.838957
15	13	0.967408
15	23	0.937198
15	44	0.895121
15	49	0.895446
15	105	0.908261
15	134	1.41162
15	160	2.33165
15	177	2.87808
16	40	0.909641
16	55	0.956689
16	59	0.890861
16	67	0.878351
16	68	0.872451
16	79	0.915229
16	83	0.915514
16	88	0.96258
16	92	0.905
16	132	1.84705
16	145	0.910287
16	175	1.42607
16	176	5.00776
17	42	0.91068
17	76	0.923688
17	84	0.908187
17	90	0.899411
17	97	0.930042
17	100	0.881505
17	106	0.911744
17	107	0.912007
17	127	0.903551
17	136	1.69573
17	139	1.31512
17	141	3.56023
17	146	0.927181
18	51	0.791235
18	102	0.734207
18	104	0.736253
18	108	0.72506
18	118	0.680767
18	133	0.718655
18	140	0.727466
18	151	0.705014
18	166	0.684357
18	168	0.648316
18	178	0.638929
18	179	0.652606
18	180	0.660911
19	28	0.947176
19	69	0.94759
19	74	0.934392
19	87	0.914574
19	93	0.89524
19	95	0.939653
19	99	0.885141
19	105	0.916362
19	121	2.1594
19	164	0.880559
19	165	2.40162
19	173	0.844676
19	179	2.24651
20	2	0.785744
20	22	0.869121
20	45	0.82019
20	47	0.847107
20	60	0.869134
20	64	0.866423
20	65	0.790545
20	71	0.783393
20	73	0.833452
20	116	0.800319
20	149	2.70117
20	152	0.848502
20	175	2.99578
21	1	1.93253
21	47	1.10423
21	89	0.851637
21	96	0.895628
21	97	0.879164
21	106	0.860866
21	107	0.861129
21	119	0.787828
21	161	0.814686
21	176	0.757668
21	177	0.790758
21	178	0.774874
21	180	0.796856
22	20	0.869121
22	45	0.913631
22	56	0.95799
22	58	0.883343
22	64	0.959865
22	65	0.883986
22	71	0.876835
22	73	0.926894
22	109	1.0893
22	116	0.89376
22	152	0.941943
22	169	2.63713
22	176	3.83675
23	1	0.848074
23	7	0.961745
23	8	0.97246
23	9	0.975213
23	10	0.847443
23	11	0.836076
23	15	0.937198
23	26	0.925213
23	44	0.89224
23	49	0.892565
23	138	1.64369
23	159	2.66113
23	166	2.11104
24	40	0.899723
24	55	0.946771
24	67	0.868433
24	68	0.862533
24	79	0.905311
24	80	0.970955
24	83	0.905596
24	88	0.952662
24	92	0.895082
24	145	0.900369
24	153	2.17882
24	162	2.11795
24	165	2.46886
25	66	0.803898
25	94	0.861793
25	98	0.852356
25	101	0.85469
25	102	0.848786
25	103	0.840665
25	104	0.850832
25	108	0.839639
25	127	0.831307
25	164	2.04749
25	166	0.798936
25	174	3.44831
26	7	0.952642
26	8	0.963357
26	9	0.96611
26	10	0.83834
26	11	0.826973
26	13	0.955423
26	23	0.925213
26	44	0.883137
26	49	0.883462
26	105	0.896277
26	130	2.36331
26	148	1.89291
26	156	2.11782
27	38	0.883328
27	51	0.951875
27	66	0.849958
27	94	0.907854
27	98	0.898417
27	101	0.900751
27	102	0.894847
27	103	0.886726
27	104	0.896892
27	108	0.8857
27	156	1.30078
27	166	0.844997
27	171	3.28288
27	180	2.37668
28	19	0.947176
28	62	0.878744
28	69	0.938485
28	70	0.866746
28	74	0.925286
28	87	0.905468
28	95	0.930548
28	99	0.876036
28	119	0.83408
28	164	0.871454
28	167	3.30451
28	173	0.835571
28	174	1.33429
28	178	2.60874
29	14	0.954367
29	31	0.996465
29	34	0.904081
29	35	0.825635
29	36	0.890684
29	39	0.873919
29	43	0.878153
29	52	0.863766
29	61	0.922107
29	75	1.18718
29	135	0.826045
29	138	2.70643
29	146	0.90036
29	147	2.61152
30	45	0.884095
30	47	0.911012
30	56	0.928454
30	58	0.853807
30	60	0.933039
30	64	0.930329
30	65	0.85445
30	71	0.847299
30	73	0.897358
30	116	0.864224
30	152	0.912407
30	155	1.09294
30	166	1.82364
30	178	4.10819
31	29	0.996465
31	34	1.00686
31	36	0.993467
31	39	0.976702
31	43	0.980936
31	52	0.966549
31	61	1.02489
31	77	0.938549
31	135	0.928828
31	141	2.86439
31	146	1.00314
31	150	1.60792
31	166	1.22318
31	174	2.23329
32	34	1.81746
32	95	0.697246
32	141	0.790592
32	143	0.864837
32	148	0.838327
32	158	0.835629
32	168	0.79244
32	170	0.846847
32	174	0.812507
32	175	0.825979
32	176	0.765848
32	177	0.798937
32	179	0.796731
32	180	0.805036
33	94	0.907229
33	98	0.897792
33	101	0.900125
33	102	0.894222
33	103	0.8861
33	104	0.896267
33	108	0.885075
33	112	0.913785
33	127	0.876743
33	134	1.3596
33	143	1.22282
33	145	0.877196
33	166	0.844372
33	178	4.42435
34	29	0.904081
34	31	1.00686
34	32	1.81746
34	35	0.836035
34	36	0.901084
34	39	0.884319
34	43	0.888553
34	52	0.874166
34	61	0.932507
34	77	0.846166
34	86	1.44057
34	129	2.51657
34	135	0.836444
34	146	0.91076
35	14	0.88632
35	29	0.825635
35	34	0.836035
35	36	0.822638
35	39	0.805873
35	41	0.819889
35	43	0.810107
35	52	0.79572
35	61	0.854061
35	77	0.76772
35	123	3.33678
35	135	0.757998
35	146	0.832314
35	170	2.6206
36	14	0.951369
36	29	0.890684
36	31	0.993467
36	34	0.901084
36	35	0.822638
36	39	0.870922
36	43	0.875156
36	52	0.860769
36	61	0.919109
36	114	1.679
36	135	0.823047
36	140	1.96464
36	146	0.897363
36	159	3.15021
37	59	0.853837
37	68	0.835427
37	79	0.878205
37	82	0.882247
37	83	0.878491
37	85	1.08387
37	92	0.867976
37	97	0.899301
37	100	0.850764
37	106	0.881003
37	107	0.881266
37	145	0.873263
37	152	0.903582
37	164	2.01712
37	171	4.08202
38	6	0.834445
38	27	0.883328
38	54	0.925285
38	66	0.83833
38	98	0.886789
38	101	0.889122
38	103	0.875097
38	104	0.885264
38	108	0.874072
38	112	0.902781
38	139	1.8253
38	145	0.866193
38	147	1.86694
38	166	0.833368
38	179	3.40066
39	14	0.934604
39	29	0.873919
39	31	0.976702
39	34	0.884319
39	35	0.805873
39	36	0.870922
39	41	0.868173
39	43	0.858391
39	52	0.844004
39	61	0.902345
39	132	2.25458
39	135	0.806282
39	146	0.880598
39	166	2.71998
39	172	2.18082
40	16	0.909641
40	24	0.899723
40	55	0.906443
40	67	0.828105
40	68	0.822205
40	79	0.864983
40	80	0.930626
40	83	0.865268
40	88	0.912333
40	92	0.854753
40	116	0.842177
40	126	1.55318
40	138	2.69021
40	145	0.86004
40	172	2.6184
41	35	0.819889
41	39	0.868173
41	52	0.85802
41	61	0.916361
41	68	0.833602
41	79	0.87638
41	80	0.942024
41	88	0.923731
41	92	0.866151
41	135	0.820299
41	139	2.18895
41	144	2.29759
41	145	0.871438
41	146	0.894614
41	175	2.65573
42	17	0.91068
42	57	0.849393
42	82	0.876345
42	84	0.871545
42	89	0.865873
42	90	0.862769
42	96	0.909863
42	97	0.8934
42	100	0.844863
42	106	0.875101
42	107	0.875364
42	125	1.96841
42	127	0.866908
42	140	2.0228
42	157	3.19217
43	14	0.938838
43	29	0.878153
43	31	0.980936
43	34	0.888553
43	35	0.810107
43	36	0.875156
43	39	0.858391
43	52	0.848238
43	61	0.906579
43	77	0.820238
43	135	0.810516
43	144	2.18503
43	146	0.884832
43	150	3.06503
43	155	1.94959
44	1	0.805998
44	7	0.919669
44	8	0.930384
44	9	0.933137
44	10	0.805367
44	11	0.794
44	13	0.92245
44	15	0.895121
44	23	0.89224
44	26	0.883137
44	49	0.850488
44	53	1.24802
44	105	0.863304
44	131	1.83742
44	171	4.08371
45	20	0.82019
45	22	0.913631
45	30	0.884095
45	47	0.891618
45	56	0.909059
45	58	0.834412
45	60	0.913644
45	64	0.910934
45	65	0.835055
45	71	0.827904
45	73	0.877963
45	133	2.42826
45	143	2.22537
45	152	0.893012
45	155	2.41165
46	12	1.00941
46	59	1.04172
46	86	0.983809
46	104	0.837808
46	159	0.878639
46	162	0.875394
46	165	0.874878
46	167	0.847249
46	169	0.841824
46	174	0.879343
46	176	0.832683
46	177	0.865773
46	178	0.849889
46	179	0.863566
46	180	0.871872
47	20	0.847107
47	21	1.10423
47	30	0.911012
47	45	0.891618
47	56	0.935977
47	58	0.861329
47	64	0.937851
47	65	0.861973
47	71	0.854821
47	73	0.90488
47	116	0.871747
47	152	0.919929
47	161	2.89574
47	164	2.0475
48	4	0.876456
48	50	0.879018
48	63	0.941178
48	70	0.84427
48	87	0.882992
48	93	0.863658
48	95	0.908071
48	99	0.85356
48	105	0.884781
48	112	0.913491
48	126	1.28992
48	137	3.37636
48	144	2.39904
48	164	0.848977
48	173	0.813095
49	1	0.806323
49	7	0.919993
49	8	0.930708
49	9	0.933461
49	10	0.805692
49	11	0.794325
49	13	0.922775
49	15	0.895446
49	23	0.892565
49	26	0.883462
49	44	0.850488
49	105	0.863628
49	128	1.799
49	150	2.90346
49	166	2.51872
50	48	0.879018
50	63	0.927078
50	69	0.901908
50	70	0.83017
50	74	0.88871
50	87	0.868892
50	93	0.849558
50	95	0.893971
50	99	0.83946
50	112	0.89939
50	119	0.797503
50	164	0.834877
50	171	2.59661
50	173	0.798995
50	174	1.93253
50	178	3.20697
51	18	0.791235
51	27	0.951875
51	54	0.993831
51	66	0.906876
51	94	0.964772
51	98	0.955335
51	102	0.951764
51	103	0.943643
51	104	0.95381
51	108	0.942618
51	134	1.60798
51	139	1.78428
51	145	0.934739
51	166	0.901914
51	172	1.84902
51	180	3.15617
52	14	0.924451
52	29	0.863766
52	31	0.966549
52	34	0.874166
52	35	0.79572
52	36	0.860769
52	39	0.844004
52	41	0.85802
52	43	0.848238
52	53	0.960833
52	61	0.892192
52	77	0.805851
52	135	0.796129
52	146	0.870445
52	158	1.22439
52	176	5.88991
53	44	1.24802
53	52	0.960833
53	83	1.7612
53	111	0.855809
53	126	0.95391
53	142	0.856139
53	143	0.912894
53	149	0.888158
53	158	0.883686
53	167	0.82847
53	169	0.823045
53	176	0.813905
53	177	0.846994
53	178	0.831111
53	179	0.844788
53	180	0.853093
54	38	0.925285
54	51	0.993831
54	66	0.891915
54	94	0.949811
54	98	0.940374
54	101	0.942707
54	102	0.936804
54	103	0.928682
54	104	0.938849
54	108	0.927657
54	110	2.73858
54	114	1.57522
54	128	1.77664
54	129	2.20541
54	145	0.919778
54	166	0.886954
55	16	0.956689
55	24	0.946771
55	40	0.906443
55	59	0.887662
55	67	0.875153
55	68	0.869253
55	79	0.912031
55	80	0.977675
55	83	0.912316
55	88	0.959381
55	92	0.901801
55	109	1.92203
55	116	0.889225
55	131	2.33994
55	143	1.99506
55	145	0.907088
55	172	2.37288
56	2	0.874614
56	22	0.95799
56	30	0.928454
56	45	0.909059
56	47	0.935977
56	58	0.878771
56	60	0.958004
56	64	0.955293
56	65	0.879414
56	71	0.872263
56	73	0.922322
56	116	0.889189
56	123	2.79869
56	133	1.58033
56	152	0.937371
56	156	1.98651
56	175	2.15731
57	42	0.849393
57	76	0.862401
57	78	0.805464
57	82	0.851701
57	84	0.846901
57	89	0.841229
57	90	0.838125
57	96	0.885219
57	97	0.868756
57	100	0.820219
57	106	0.850457
57	107	0.85072
57	129	1.68965
57	146	0.865894
57	152	0.873037
57	157	2.51448
57	171	3.65478
58	2	0.799966
58	22	0.883343
58	30	0.853807
58	45	0.834412
58	47	0.861329
58	56	0.878771
58	60	0.883356
58	64	0.880646
58	65	0.804767
58	71	0.797616
58	73	0.847675
58	75	0.886678
58	109	2.15645
58	116	0.814541
58	135	2.79399
58	152	0.862724
58	170	2.93453
59	16	0.890861
59	37	0.853837
59	46	1.04172
59	55	0.887662
59	67	0.809324
59	68	0.803424
59	77	0.799842
59	79	0.846202
59	80	0.911846
59	81	0.850229
59	83	0.846487
59	88	0.893553
59	92	0.835973
59	114	1.97029
59	116	0.823396
59	145	0.84126
59	174	3.90153
60	2	0.879198
60	20	0.869134
60	30	0.933039
60	45	0.913644
60	56	0.958004
60	58	0.883356
60	64	0.959878
60	65	0.883999
60	71	0.876848
60	73	0.926907
60	75	0.96591
60	116	0.893774
60	152	0.941956
60	161	1.7601
60	165	2.42915
60	175	1.16546
60	178	3.58712
61	14	0.982792
61	29	0.922107
61	31	1.02489
61	34	0.932507
61	35	0.854061
61	36	0.919109
61	39	0.902345
61	41	0.916361
61	43	0.906579
61	52	0.892192
61	77	0.864191
61	109	1.08879
61	129	1.78785
61	135	0.85447
61	146	0.928786
61	165	3.20539
61	180	2.84679
62	3	0.932979
62	4	0.839606
62	28	0.878744
62	63	0.904328
62	69	0.879158
62	70	0.80742
62	74	0.86596
62	87	0.846142
62	93	0.826808
62	95	0.871221
62	99	0.81671
62	105	0.847931
62	113	1.77842
62	128	2.18643
62	164	0.812127
62	173	0.776245
62	179	3.87761
63	48	0.941178
63	50	0.927078
63	62	0.904328
63	70	0.89233
63	72	1.07359
63	74	0.950871
63	87	0.931053
63	93	0.911719
63	95	0.956132
63	99	0.90162
63	112	0.961551
63	119	0.859664
63	120	1.35363
63	137	2.58185
63	164	0.897038
63	168	3.88168
63	173	0.861155
64	2	0.876488
64	20	0.866423
64	22	0.959865
64	30	0.930329
64	45	0.910934
64	47	0.937851
64	56	0.955293
64	58	0.880646
64	60	0.959878
64	65	0.881289
64	71	0.874137
64	73	0.924196
64	109	1.54342
64	117	1.80087
64	152	0.939246
64	157	3.06731
64	175	2.39631
65	20	0.790545
65	22	0.883986
65	30	0.85445
65	45	0.835055
65	47	0.861973
65	56	0.879414
65	58	0.804767
65	60	0.883999
65	64	0.881289
65	71	0.798259
65	73	0.848318
65	75	0.887321
65	116	0.815185
65	144	2.28747
65	152	0.863367
65	172	2.24357
65	173	3.12198
66	25	0.803898
66	27	0.849958
66	38	0.83833
66	51	0.906876
66	54	0.891915
66	75	1.84402
66	94	0.862855
66	98	0.853419
66	101	0.855752
66	102	0.849848
66	103	0.841727
66	104	0.851894
66	108	0.840702
66	126	2.22624
66	145	0.832823
66	148	3.29779
66	166	0.799998
67	16	0.878351
67	24	0.868433
67	40	0.828105
67	55	0.875153
67	59	0.809324
67	68	0.790915
67	77	0.787333
67	79	0.833693
67	80	0.899336
67	81	0.837719
67	83	0.833978
67	88	0.881043
67	92	0.823463
67	116	0.810887
67	122	1.98474
67	140	1.64459
67	145	0.82875
67	178	4.56462
68	16	0.872451
68	24	0.862533
68	37	0.835427
68	40	0.822205
68	41	0.833602
68	55	0.869253
68	59	0.803424
68	67	0.790915
68	79	0.827793
68	80	0.893436
68	81	0.831819
68	83	0.828078
68	88	0.875143
68	92	0.817563
68	121	3.69978
68	128	2.09569
68	145	0.82285
68	164	2.4247
69	3	0.992719
69	19	0.94759
69	28	0.938485
69	50	0.901908
69	62	0.879158
69	70	0.86716
69	74	0.9257
69	86	1.33212
69	87	0.905882
69	93	0.886548
69	95	0.930962
69	99	0.87645
69	119	0.834494
69	164	0.871868
69	168	2.70866
69	169	4.39963
69	173	0.835985
69	180	1.69476
70	3	0.920981
70	4	0.827608
70	28	0.866746
70	48	0.84427
70	50	0.83017
70	62	0.80742
70	63	0.89233
70	69	0.86716
70	74	0.853962
70	87	0.834144
70	93	0.81481
70	99	0.804712
70	112	0.864642
70	124	3.13064
70	126	0.829785
70	141	4.07538
70	164	0.800129
70	173	0.764247
71	2	0.793458
71	20	0.783393
71	22	0.876835
71	30	0.847299
71	45	0.827904
71	47	0.854821
71	56	0.872263
71	58	0.797616
71	60	0.876848
71	64	0.874137
71	65	0.798259
71	73	0.841166
71	75	0.88017
71	116	0.808033
71	152	0.856216
71	155	2.01772
71	160	2.88825
71	161	3.20595
72	63	1.07359
72	78	2.10835
72	101	0.807443
72	117	0.902534
72	143	0.884638
72	155	0.894654
72	157	0.834873
72	158	0.85543
72	160	0.842861
72	163	0.806333
72	167	0.800214
72	168	0.812241
72	171	0.810836
72	172	0.863441
72	177	0.818738
72	178	0.802854
72	179	0.816531
72	180	0.824836
73	2	0.843517
73	20	0.833452
73	22	0.926894
73	30	0.897358
73	45	0.877963
73	47	0.90488
73	56	0.922322
73	58	0.847675
73	60	0.926907
73	64	0.924196
73	65	0.848318
73	71	0.841166
73	75	0.930229
73	111	3.68211
73	116	0.858092
73	152	0.906275
73	168	3.33341
73	170	1.3396
73	172	1.01237
74	19	0.934392
74	28	0.925286
74	50	0.88871
74	62	0.86596
74	63	0.950871
74	69	0.9257
74	70	0.853962
74	87	0.892684
74	93	0.87335
74	95	0.917764
74	99	0.863252
74	105	0.894473
74	119	0.821295
74	133	1.81418
74	147	1.96602
74	148	1.99545
74	164	0.85867
74	173	0.822787
74	180	3.29627
75	2	0.88252
75	29	1.18718
75	58	0.886678
75	60	0.96591
75	65	0.887321
75	66	1.84402
75	71	0.88017
75	73	0.930229
75	79	0.830187
75	145	0.167465
75	149	0.893754
75	152	0.945278
75	163	0.840185
75	172	0.897293
75	174	0.86616
75	177	0.85259
75	178	0.836707
75	179	0.850384
75	180	0.858689
76	12	0.855757
76	17	0.923688
76	57	0.862401
76	78	0.843116
76	81	0.889338
76	84	0.884552
76	89	0.878881
76	90	0.875777
76	96	0.922871
76	97	0.906408
76	100	0.85787
76	106	0.888109
76	107	0.888372
76	139	1.86273
76	146	0.903546
76	147	1.90436
76	151	2.55945
76	152	0.910688
76	173	2.80588
77	31	0.938549
77	34	0.846166
77	35	0.76772
77	43	0.820238
77	52	0.805851
77	59	0.799842
77	61	0.864191
77	67	0.787333
77	79	0.824211
77	80	0.889854
77	83	0.824496
77	88	0.871561
77	92	0.813981
77	132	2.39916
77	135	0.768129
77	145	0.819268
77	146	0.842445
77	164	2.47385
77	177	3.55083
78	12	0.79882
78	57	0.805464
78	72	2.10835
78	76	0.843116
78	81	0.832401
78	82	0.832416
78	84	0.827615
78	89	0.821943
78	90	0.818839
78	96	0.865934
78	97	0.84947
78	100	0.800933
78	106	0.831172
78	107	0.831435
78	120	2.99338
78	126	2.13516
78	127	0.822979
78	146	0.846609
78	152	0.853751
79	16	0.915229
79	24	0.905311
79	37	0.878205
79	40	0.864983
79	41	0.87638
79	55	0.912031
79	59	0.846202
79	67	0.833693
79	68	0.827793
79	75	0.830187
79	77	0.824211
79	80	0.936214
79	83	0.870856
79	86	1.44985
79	88	0.917921
79	92	0.860341
79	116	0.847765
79	136	2.5935
79	145	0.865628
79	162	3.59246
80	24	0.970955
80	40	0.930626
80	41	0.942024
80	55	0.977675
80	59	0.911846
80	67	0.899336
80	68	0.893436
80	77	0.889854
80	79	0.936214
80	81	0.940241
80	83	0.9365
80	88	0.983565
80	92	0.925985
80	113	1.18644
80	116	0.913409
80	124	2.27706
80	132	1.11518
80	145	0.931272
80	169	5.05344
80	170	1.36866
81	59	0.850229
81	67	0.837719
81	68	0.831819
81	76	0.889338
81	78	0.832401
81	80	0.940241
81	82	0.878638
81	83	0.874882
81	88	0.921948
81	92	0.864368
81	100	0.847156
81	106	0.877394
81	107	0.877657
81	116	0.851791
81	134	1.55762
81	146	0.892831
81	152	0.899974
81	159	2.8879
81	170	2.12589
81	180	3.10581
82	12	0.845057
82	37	0.882247
82	42	0.876345
82	57	0.851701
82	78	0.832416
82	81	0.878638
82	84	0.873852
82	89	0.868181
82	90	0.865076
82	96	0.912171
82	97	0.895708
82	100	0.84717
82	106	0.877409
82	107	0.877672
82	120	1.58795
82	131	1.76201
82	138	1.86676
82	146	0.892846
82	152	0.899988
82	168	4.116
83	16	0.915514
83	24	0.905596
83	37	0.878491
83	40	0.865268
83	53	1.7612
83	55	0.912316
83	59	0.846487
83	67	0.833978
83	68	0.828078
83	77	0.824496
83	79	0.870856
83	80	0.9365
83	81	0.874882
83	88	0.918206
83	92	0.860626
83	116	0.84805
83	117	2.19014
83	122	2.62737
83	143	2.00573
83	145	0.865913
84	17	0.908187
84	42	0.871545
84	57	0.846901
84	76	0.884552
84	78	0.827615
84	82	0.873852
84	85	1.13948
84	89	0.86338
84	90	0.860276
84	96	0.907371
84	97	0.890907
84	100	0.84237
84	106	0.872609
84	107	0.872872
84	127	0.864415
84	146	0.888045
84	152	0.895188
84	155	1.73275
84	165	3.59003
84	177	3.14971
85	37	1.08387
85	84	1.13948
85	91	0.918786
85	96	1.02739
85	101	1.11468
85	144	0.914779
85	151	0.905009
85	155	0.930724
85	161	0.878737
85	165	0.863913
85	169	0.83086
85	171	0.846906
85	172	0.899512
85	173	0.85337
85	174	0.868379
85	175	0.881851
85	176	0.821719
85	178	0.838925
85	179	0.852602
85	180	0.860907
86	34	1.44057
86	46	0.983809
86	69	1.33212
86	79	1.44985
86	87	0.95468
86	130	0.887855
86	149	0.895148
86	156	0.900603
86	158	0.890676
86	163	0.841579
86	165	0.863089
86	169	0.830036
86	172	0.898688
86	174	0.867555
86	175	0.881027
86	176	0.820895
86	177	0.853985
86	178	0.838101
86	179	0.851778
86	180	0.860083
87	4	0.866331
87	19	0.914574
87	28	0.905468
87	48	0.882992
87	50	0.868892
87	62	0.846142
87	63	0.931053
87	69	0.905882
87	70	0.834144
87	74	0.892684
87	86	0.95468
87	93	0.853532
87	95	0.897946
87	99	0.843434
87	112	0.903365
87	118	2.86947
87	147	1.75936
87	164	0.838852
87	173	0.802969
87	177	3.00789
88	16	0.96258
88	24	0.952662
88	40	0.912333
88	41	0.923731
88	55	0.959381
88	59	0.893553
88	67	0.881043
88	68	0.875143
88	77	0.871561
88	79	0.917921
88	80	0.983565
88	81	0.921948
88	83	0.918206
88	92	0.907692
88	113	1.74236
88	116	0.895115
88	120	2.12392
88	126	1.2657
88	135	2.51761
88	145	0.912979
88	166	2.87008
89	12	0.834585
89	21	0.851637
89	42	0.865873
89	57	0.841229
89	76	0.878881
89	78	0.821943
89	82	0.868181
89	84	0.86338
89	90	0.854604
89	96	0.901699
89	97	0.885235
89	100	0.836698
89	106	0.866937
89	107	0.8672
89	114	1.43636
89	118	2.90534
89	127	0.858743
89	130	2.29507
89	146	0.882373
89	152	0.889516
89	180	3.12549
90	12	0.831481
90	17	0.899411
90	42	0.862769
90	57	0.838125
90	76	0.875777
90	78	0.818839
90	82	0.865076
90	84	0.860276
90	89	0.854604
90	96	0.898595
90	97	0.882131
90	100	0.833594
90	106	0.863833
90	107	0.864096
90	127	0.855639
90	128	1.44224
90	146	0.879269
90	152	0.886412
90	159	2.71205
90	173	2.50121
90	179	3.13343
91	85	0.918786
91	102	1.25627
91	103	1.7745
91	119	0.796996
91	129	0.857522
91	133	0.863768
91	141	0.791581
91	152	0.695315
91	154	0.806551
91	156	0.846545
91	157	0.816061
91	159	0.812792
91	165	0.809031
91	168	0.793429
91	169	0.775977
91	170	0.847836
91	171	0.792023
91	176	0.766836
91	178	0.784042
91	179	0.797719
91	180	0.806024
92	16	0.905
92	24	0.895082
92	37	0.867976
92	40	0.854753
92	41	0.866151
92	55	0.901801
92	59	0.835973
92	67	0.823463
92	68	0.817563
92	77	0.813981
92	79	0.860341
92	80	0.925985
92	81	0.864368
92	83	0.860626
92	88	0.907692
92	116	0.837535
92	118	2.62519
92	131	1.50524
92	145	0.855399
92	153	2.91389
92	162	2.85301
93	3	0.940369
93	4	0.846997
93	19	0.89524
93	48	0.863658
93	50	0.849558
93	62	0.826808
93	63	0.911719
93	69	0.886548
93	70	0.81481
93	74	0.87335
93	87	0.853532
93	95	0.878612
93	99	0.8241
93	105	0.855321
93	112	0.884031
93	119	0.782144
93	129	1.70052
93	134	1.21127
93	157	2.52535
93	164	0.819518
93	167	4.9718
93	173	0.783635
94	5	0.950742
94	6	0.858971
94	25	0.861793
94	27	0.907854
94	33	0.907229
94	51	0.964772
94	54	0.949811
94	66	0.862855
94	98	0.911314
94	101	0.913648
94	102	0.907744
94	103	0.899623
94	104	0.909789
94	108	0.898597
94	110	2.13169
94	112	0.927307
94	134	1.10927
94	142	2.64815
94	145	0.890719
94	163	3.71506
94	166	0.857894
94	170	1.67755
95	3	0.984782
95	4	0.89141
95	19	0.939653
95	28	0.930548
95	32	0.697246
95	48	0.908071
95	50	0.893971
95	62	0.871221
95	63	0.956132
95	69	0.930962
95	74	0.917764
95	87	0.897946
95	93	0.878612
95	99	0.868513
95	105	0.899734
95	111	3.81789
95	112	0.928444
95	120	0.941133
95	150	2.07204
95	164	0.863931
95	173	0.828048
95	174	2.6974
96	12	0.878576
96	21	0.895628
96	42	0.909863
96	57	0.885219
96	76	0.922871
96	78	0.865934
96	82	0.912171
96	84	0.907371
96	85	1.02739
96	89	0.901699
96	90	0.898595
96	97	0.929226
96	100	0.880689
96	106	0.910927
96	107	0.91119
96	115	2.82215
96	127	0.902734
96	146	0.926364
96	149	1.91963
96	151	2.44418
96	152	0.933507
96	164	1.96064
97	17	0.930042
97	21	0.879164
97	37	0.899301
97	42	0.8934
97	57	0.868756
97	76	0.906408
97	78	0.84947
97	82	0.895708
97	84	0.890907
97	89	0.885235
97	90	0.882131
97	96	0.929226
97	100	0.864225
97	106	0.894464
97	107	0.894727
97	127	0.88627
97	132	1.07155
97	146	0.9099
97	149	1.10522
97	152	0.917043
97	163	3.36253
97	169	5.0098
97	170	1.32502
98	5	0.941305
98	6	0.849534
98	25	0.852356
98	27	0.898417
98	33	0.897792
98	38	0.886789
98	51	0.955335
98	54	0.940374
98	66	0.853419
98	94	0.911314
98	101	0.904211
98	102	0.898307
98	103	0.890186
98	104	0.900353
98	108	0.88916
98	117	1.58572
98	122	2.02295
98	127	0.880828
98	145	0.881282
98	158	2.32523
98	161	2.7758
98	166	0.848457
98	173	2.65753
99	3	0.930271
99	4	0.836898
99	19	0.885141
99	28	0.876036
99	48	0.85356
99	50	0.83946
99	62	0.81671
99	63	0.90162
99	69	0.87645
99	70	0.804712
99	74	0.863252
99	87	0.843434
99	93	0.8241
99	95	0.868513
99	105	0.845223
99	112	0.873933
99	119	0.772045
99	140	1.65787
99	151	2.38619
99	160	2.43319
99	163	4.11894
99	164	0.809419
99	173	0.773537
100	12	0.813575
100	17	0.881505
100	37	0.850764
100	42	0.844863
100	57	0.820219
100	76	0.85787
100	78	0.800933
100	81	0.847156
100	82	0.84717
100	84	0.84237
100	89	0.836698
100	90	0.833594
100	96	0.880689
100	97	0.864225
100	106	0.845927
100	107	0.84619
100	127	0.837733
100	135	2.0317
100	146	0.861363
100	149	1.95245
100	152	0.868506
100	179	3.35564
100	180	3.15217
101	5	0.943638
101	6	0.851867
101	25	0.85469
101	27	0.900751
101	33	0.900125
101	38	0.889122
101	54	0.942707
101	66	0.855752
101	72	0.807443
101	85	1.11468
101	94	0.913648
101	98	0.904211
101	102	0.90064
101	103	0.892519
101	104	0.902686
101	108	0.891494
101	112	0.920204
101	125	1.74876
101	127	0.883161
101	145	0.883615
101	159	2.98872
101	166	0.85079
101	173	2.77789
102	5	0.937734
102	6	0.845964
102	18	0.734207
102	25	0.848786
102	27	0.894847
102	33	0.894222
102	51	0.951764
102	54	0.936804
102	66	0.849848
102	91	1.25627
102	94	0.907744
102	98	0.898307
102	101	0.90064
102	103	0.886615
102	104	0.896782
102	108	0.88559
102	112	0.9143
102	127	0.877258
102	145	0.877711
102	151	2.17086
102	153	2.91459
102	156	1.77012
102	166	0.844886
102	177	2.7643
103	5	0.929613
103	6	0.837842
103	25	0.840665
103	27	0.886726
103	33	0.8861
103	38	0.875097
103	51	0.943643
103	54	0.928682
103	66	0.841727
103	91	1.7745
103	94	0.899623
103	98	0.890186
103	101	0.892519
103	102	0.886615
103	104	0.888661
103	108	0.877469
103	112	0.906179
103	125	1.90639
103	127	0.869136
103	133	1.88217
103	145	0.86959
103	166	0.836765
103	172	2.05711
103	173	2.93551
104	5	0.93978
104	6	0.848009
104	18	0.736253
104	25	0.850832
104	27	0.896892
104	33	0.896267
104	38	0.885264
104	46	0.837808
104	51	0.95381
104	54	0.938849
104	66	0.851894
104	94	0.909789
104	98	0.900353
104	101	0.902686
104	102	0.896782
104	103	0.888661
104	108	0.887636
104	110	2.92973
104	127	0.879303
104	145	0.879757
104	155	1.95681
104	160	2.82734
104	166	0.846932
104	172	2.14835
105	1	0.819138
105	7	0.932809
105	8	0.943524
105	9	0.946277
105	10	0.818507
105	11	0.80714
105	15	0.908261
105	19	0.916362
105	26	0.896277
105	44	0.863304
105	48	0.884781
105	49	0.863628
105	62	0.847931
105	74	0.894473
105	93	0.855321
105	95	0.899734
105	99	0.845223
105	112	0.905153
105	136	2.26196
105	140	1.84977
105	156	2.17734
105	158	2.49221
105	162	3.26093
105	164	0.84064
105	173	0.804758
106	12	0.843814
106	17	0.911744
106	21	0.860866
106	37	0.881003
106	42	0.875101
106	57	0.850457
106	76	0.888109
106	78	0.831172
106	81	0.877394
106	82	0.877409
106	84	0.872609
106	89	0.866937
106	90	0.863833
106	96	0.910927
106	97	0.894464
106	100	0.845927
106	107	0.876428
106	124	3.29229
106	127	0.867972
106	140	1.96033
106	146	0.891602
106	148	2.06298
106	152	0.898744
106	158	2.60276
106	172	2.05665
107	12	0.844077
107	17	0.912007
107	21	0.861129
107	37	0.881266
107	42	0.875364
107	57	0.85072
107	76	0.888372
107	78	0.831435
107	81	0.877657
107	82	0.877672
107	84	0.872872
107	89	0.8672
107	90	0.864096
107	96	0.91119
107	97	0.894727
107	100	0.84619
107	106	0.876428
107	119	2.50406
107	127	0.868235
107	130	2.03755
107	142	2.85865
107	146	0.891865
107	152	0.899007
107	162	2.87565
107	172	1.56082
108	5	0.928588
108	6	0.836817
108	18	0.72506
108	25	0.839639
108	27	0.8857
108	33	0.885075
108	38	0.874072
108	51	0.942618
108	54	0.927657
108	66	0.840702
108	94	0.898597
108	98	0.88916
108	101	0.891494
108	102	0.88559
108	103	0.877469
108	104	0.887636
108	112	0.905153
108	125	2.03296
108	127	0.868111
108	134	1.94263
108	145	0.868565
108	158	2.72978
108	160	2.86266
108	166	0.83574
108	170	2.51091
109	22	1.0893
109	55	1.92203
109	58	2.15645
109	61	1.08879
109	64	1.54342
109	125	0.919319
109	139	0.907793
109	140	0.918226
109	141	0.837228
109	147	0.906749
109	148	0.884963
109	153	0.865672
109	156	0.892192
109	162	0.855194
109	163	0.833168
109	166	0.875117
109	168	0.839076
109	171	0.837671
109	172	0.890276
109	174	0.859143
109	175	0.872615
109	176	0.812483
109	177	0.845573
109	178	0.829689
109	179	0.843367
109	180	0.851672
110	54	2.73858
110	94	2.13169
110	104	2.92973
110	115	0.793321
110	121	0.792691
110	126	0.872038
110	130	0.798993
110	131	0.830521
110	139	0.827342
110	144	0.825093
110	155	0.841038
110	158	0.801814
110	159	0.777988
110	161	0.789051
110	166	0.794666
110	168	0.758625
110	169	0.741174
110	171	0.75722
110	172	0.809825
110	173	0.763684
110	174	0.778693
110	175	0.792165
110	177	0.765123
110	178	0.749239
110	179	0.762916
110	180	0.771221
111	53	0.855809
111	73	3.68211
111	95	3.81789
111	118	0.770718
111	121	0.772332
111	124	0.768519
111	129	0.80236
111	136	0.806808
111	150	0.783948
111	153	0.764862
111	154	0.751389
111	161	0.768692
111	163	0.732358
111	164	0.779208
111	165	0.753868
111	167	0.726239
111	169	0.720815
111	171	0.736861
111	174	0.758334
111	175	0.771806
111	176	0.711674
111	177	0.744764
111	178	0.72888
111	179	0.742557
111	180	0.750862
112	33	0.913785
112	38	0.902781
112	48	0.913491
112	50	0.89939
112	63	0.961551
112	70	0.864642
112	87	0.903365
112	93	0.884031
112	94	0.927307
112	95	0.928444
112	99	0.873933
112	101	0.920204
112	102	0.9143
112	103	0.906179
112	105	0.905153
112	108	0.905153
112	127	0.896821
112	132	1.21247
112	145	0.897275
112	153	2.51443
112	154	3.11064
112	155	0.947176
112	163	3.50346
112	164	0.86935
112	166	0.86445
112	173	0.833468
112	180	2.44587
113	6	2.22749
113	62	1.77842
113	80	1.18644
113	88	1.74236
113	138	0.891591
113	139	0.905176
113	141	0.834611
113	146	0.150649
113	149	0.884119
113	153	0.863054
113	156	0.889574
113	157	0.859091
113	158	0.879647
113	160	0.867079
113	161	0.866884
113	163	0.830551
113	168	0.836459
113	169	0.819007
113	170	0.890866
113	171	0.835053
113	173	0.841517
113	174	0.856526
113	175	0.869998
113	176	0.809866
113	178	0.827072
113	179	0.840749
113	180	0.849054
114	36	1.679
114	54	1.57522
114	59	1.97029
114	89	1.43636
114	115	0.853305
114	126	0.932022
114	133	0.888948
114	134	0.93336
114	139	0.887327
114	142	0.834251
114	143	0.891007
114	147	0.886282
114	149	0.86627
114	152	0.595942
114	153	0.845205
114	155	0.901022
114	156	0.871725
114	163	0.812701
114	165	0.834211
114	168	0.81861
114	170	0.873017
114	172	0.86981
114	174	0.838677
114	176	0.792017
114	177	0.825107
114	179	0.8229
114	180	0.831205
115	9	2.14679
115	96	2.82215
115	110	0.793321
115	114	0.853305
115	122	0.822623
115	130	0.798018
115	136	0.826191
115	138	0.812782
115	141	0.755802
115	142	0.773291
115	144	0.824117
115	148	0.803536
115	152	1.98787
115	154	0.770772
115	155	0.840062
115	157	0.780282
115	159	0.777013
115	165	0.773251
115	168	0.75765
115	170	0.812057
115	171	0.756244
115	174	0.777717
115	175	0.791189
115	177	0.764147
115	179	0.76194
115	180	0.770245
116	2	0.810384
116	20	0.800319
116	22	0.89376
116	30	0.864224
116	40	0.842177
116	47	0.871747
116	55	0.889225
116	56	0.889189
116	58	0.814541
116	59	0.823396
116	60	0.893774
116	65	0.815185
116	67	0.810887
116	71	0.808033
116	73	0.858092
116	79	0.847765
116	80	0.913409
116	81	0.851791
116	83	0.84805
116	88	0.895115
116	92	0.837535
116	117	1.68685
116	136	2.19612
116	142	3.17808
116	145	0.842822
116	152	0.873141
116	154	3.85217
116	164	2.0287
117	3	1.43642
117	64	1.80087
117	72	0.902534
117	83	2.19014
117	98	1.58572
117	116	1.68685
117	120	0.896808
117	134	0.927998
117	135	0.830974
117	136	0.881789
117	149	0.860908
117	151	0.869945
117	154	0.82637
117	156	0.866363
117	159	0.832611
117	160	0.843867
117	161	0.843673
117	162	0.829365
117	169	0.795796
117	170	0.867655
117	171	0.811842
117	172	0.864448
117	174	0.833315
117	175	0.846787
117	176	0.786655
117	177	0.819745
117	178	0.803861
117	179	0.817538
117	180	0.825843
118	18	0.680767
118	87	2.86947
118	89	2.90534
118	92	2.62519
118	111	0.770718
118	123	0.781486
118	126	0.868818
118	129	0.819499
118	137	0.794152
118	139	0.824123
118	143	0.827803
118	148	0.801292
118	155	0.837818
118	157	0.778038
118	158	0.798594
118	160	0.786025
118	162	0.771523
118	165	0.771007
118	169	0.737954
118	170	0.809813
118	172	0.806606
118	174	0.775473
118	175	0.788945
118	176	0.728813
118	177	0.761903
118	178	0.746019
118	179	0.759696
118	180	0.768001
119	3	0.888314
119	4	0.794942
119	21	0.787828
119	28	0.83408
119	50	0.797503
119	63	0.859664
119	69	0.834494
119	74	0.821295
119	91	0.796996
119	93	0.782144
119	99	0.772045
119	107	2.50406
119	122	0.791495
119	124	0.756774
119	131	0.798417
119	145	2.55815
119	151	0.783219
119	152	1.92116
119	153	0.753117
119	160	0.757141
119	164	0.767463
119	170	0.780929
119	173	0.73158
119	174	0.746589
119	175	0.760061
119	176	0.699929
119	177	0.733019
119	179	0.730812
119	180	0.739117
120	63	1.35363
120	78	2.99338
120	82	1.58795
120	88	2.12392
120	95	0.941133
120	117	0.896808
120	129	0.870609
120	133	0.876854
120	138	0.861648
120	139	0.875232
120	140	0.885665
120	142	0.822157
120	149	0.854176
120	150	0.852197
120	155	0.888928
120	156	0.859631
120	160	0.837135
120	161	0.836941
120	162	0.822633
120	167	0.794488
120	168	0.806515
120	169	0.789063
120	170	0.860922
120	174	0.826582
120	175	0.840055
120	176	0.779923
120	177	0.813013
120	178	0.797129
120	179	0.810806
120	180	0.819111
121	11	2.84082
121	19	2.1594
121	68	3.69978
121	110	0.792691
121	111	0.772332
121	130	0.797388
121	135	0.774747
121	138	0.812153
121	144	0.823488
121	147	0.824693
121	148	0.802907
121	149	0.804681
121	151	0.813718
121	153	0.783616
121	154	0.770143
121	157	0.779653
121	159	0.776383
121	162	0.773138
121	167	0.744993
121	168	0.75702
121	169	0.739568
121	170	0.811427
121	171	0.755615
121	175	0.79056
121	176	0.730428
121	177	0.763518
121	178	0.747634
121	179	0.761311
121	180	0.769616
122	67	1.98474
122	83	2.62737
122	98	2.02295
122	115	0.822623
122	119	0.791495
122	123	0.814009
122	139	0.856645
122	140	0.867078
122	141	0.78608
122	142	0.80357
122	144	0.854395
122	151	0.844626
122	152	1.22174
122	153	0.814524
122	157	0.81056
122	159	0.807291
122	160	0.818548
122	162	0.804046
122	163	0.78202
122	166	0.823969
122	167	0.775901
122	168	0.787928
122	170	0.842335
122	172	0.839128
122	173	0.792987
122	176	0.761335
122	178	0.778542
122	179	0.792219
122	180	0.800524
123	35	3.33678
123	56	2.79869
123	118	0.781486
123	122	0.814009
123	130	0.789403
123	136	0.817577
123	138	0.804167
123	139	0.817752
123	141	0.747187
123	142	0.764677
123	147	0.816708
123	148	0.794922
123	152	2.02134
123	153	0.775631
123	155	0.831448
123	158	0.792224
123	162	0.765153
123	163	0.743127
123	165	0.764637
123	166	0.785076
123	167	0.737008
123	168	0.749035
123	171	0.74763
123	172	0.800235
123	174	0.769102
123	175	0.782574
123	176	0.722443
123	178	0.739649
123	179	0.753326
123	180	0.761631
124	70	3.13064
124	80	2.27706
124	106	3.29229
124	111	0.768519
124	119	0.756774
124	137	0.791954
124	138	0.808339
124	147	0.82088
124	148	0.799094
124	149	0.800868
124	150	0.798889
124	151	0.809905
124	155	0.83562
124	157	0.775839
124	159	0.77257
124	160	0.783827
124	164	0.794148
124	167	0.74118
124	168	0.753207
124	169	0.735755
124	170	0.807614
124	171	0.751802
124	172	0.804407
124	174	0.773274
124	175	0.786746
124	176	0.726615
124	178	0.743821
124	179	0.757498
124	180	0.765803
125	8	1.64348
125	42	1.96841
125	101	1.74876
125	103	1.90639
125	108	2.03296
125	109	0.919319
125	130	0.843565
125	131	0.875093
125	140	0.882347
125	141	0.801349
125	143	0.875595
125	144	0.869664
125	150	0.848879
125	154	0.81632
125	156	0.856313
125	158	0.846386
125	159	0.82256
125	160	0.833817
125	161	0.833623
125	162	0.819315
125	163	0.797289
125	164	0.844139
125	165	0.818799
125	167	0.79117
125	169	0.785745
125	171	0.801792
125	174	0.823264
125	175	0.836737
125	177	0.809695
125	179	0.807488
125	180	0.815793
126	40	1.55318
126	48	1.28992
126	53	0.95391
126	66	2.22624
126	70	0.829785
126	78	2.13516
126	88	1.2657
126	110	0.872038
126	114	0.932022
126	118	0.868818
126	132	0.934819
126	139	0.905084
126	142	0.852009
126	147	0.90404
126	153	0.862963
126	157	0.859
126	158	0.879556
126	160	0.866987
126	161	0.866793
126	165	0.851969
126	167	0.82434
126	168	0.836367
126	169	0.818915
126	172	0.887567
126	173	0.841426
126	175	0.869906
126	176	0.809775
126	177	0.842865
126	178	0.826981
126	179	0.840658
126	180	0.848963
127	6	0.828485
127	17	0.903551
127	25	0.831307
127	33	0.876743
127	42	0.866908
127	78	0.822979
127	84	0.864415
127	89	0.858743
127	90	0.855639
127	96	0.902734
127	97	0.88627
127	98	0.880828
127	100	0.837733
127	101	0.883161
127	102	0.877258
127	103	0.869136
127	104	0.879303
127	106	0.867972
127	107	0.868235
127	108	0.868111
127	112	0.896821
127	133	2.19507
127	135	2.5567
127	143	1.99219
127	145	0.860232
127	146	0.883409
127	149	2.47745
127	152	0.890551
127	156	2.60126
127	166	0.827407
127	170	2.69724
128	49	1.799
128	54	1.77664
128	62	2.18643
128	68	2.09569
128	90	1.44224
128	132	0.905857
128	133	0.877744
128	138	0.862538
128	141	0.805558
128	142	0.823047
128	148	0.853292
128	151	0.864103
128	153	0.834001
128	154	0.820528
128	156	0.860521
128	158	0.850594
128	161	0.837831
128	162	0.823523
128	165	0.823007
128	167	0.795378
128	168	0.807406
128	170	0.861813
128	171	0.806
128	172	0.858606
128	174	0.827473
128	175	0.840945
128	176	0.780813
128	177	0.813903
128	178	0.798019
128	179	0.811696
128	180	0.820001
129	34	2.51657
129	54	2.20541
129	57	1.68965
129	61	1.78785
129	91	0.857522
129	93	1.70052
129	111	0.80236
129	118	0.819499
129	120	0.870609
129	131	0.858944
129	135	0.804775
129	138	0.84218
129	140	0.866198
129	143	0.859445
129	144	0.853515
129	149	0.834709
129	151	0.843746
129	153	0.813644
129	155	0.869461
129	157	0.80968
129	159	0.806411
129	161	0.817473
129	165	0.80265
129	168	0.787048
129	170	0.841455
129	171	0.785643
129	172	0.838248
129	174	0.807115
129	175	0.820587
129	177	0.793546
129	178	0.777662
129	179	0.791339
129	180	0.799644
130	1	3.20408
130	26	2.36331
130	86	0.887855
130	89	2.29507
130	107	2.03755
130	110	0.798993
130	115	0.798018
130	121	0.797388
130	123	0.789403
130	125	0.843565
130	134	0.878073
130	137	0.802069
130	139	0.832039
130	142	0.778964
130	148	0.809209
130	150	0.809004
130	154	0.776445
130	155	0.845735
130	157	0.785955
130	158	0.806511
130	160	0.793942
130	161	0.793748
130	163	0.757414
130	165	0.778924
130	167	0.751295
130	168	0.763322
130	172	0.814522
130	174	0.78339
130	176	0.73673
130	177	0.76982
130	178	0.753936
130	179	0.767613
130	180	0.775918
131	44	1.83742
131	55	2.33994
131	82	1.76201
131	92	1.50524
131	110	0.830521
131	119	0.798417
131	125	0.875093
131	129	0.858944
131	132	0.893301
131	140	0.874
131	144	0.861317
131	145	1.58196
131	147	0.862523
131	153	0.821446
131	154	0.807973
131	155	0.877263
131	156	0.847966
131	158	0.838038
131	162	0.810968
131	163	0.788942
131	165	0.810452
131	167	0.782823
131	168	0.79485
131	169	0.777398
131	171	0.793444
131	172	0.84605
131	174	0.814917
131	175	0.828389
131	176	0.768257
131	177	0.801347
131	178	0.785463
131	179	0.79914
131	180	0.807445
132	16	1.84705
132	39	2.25458
132	77	2.39916
132	80	1.11518
132	97	1.07155
132	112	1.21247
132	126	0.934819
132	128	0.905857
132	131	0.893301
132	133	0.891745
132	134	0.936156
132	137	0.860153
132	141	0.819558
132	142	0.837048
132	149	0.869066
132	151	0.878104
132	156	0.874522
132	157	0.844038
132	160	0.852026
132	162	0.837524
132	165	0.837008
132	167	0.809379
132	169	0.803954
132	170	0.875813
132	171	0.820001
132	172	0.872606
132	173	0.826465
132	174	0.841473
132	175	0.854945
132	177	0.827903
132	178	0.812019
132	179	0.825696
132	180	0.834001
133	18	0.718655
133	45	2.42826
133	56	1.58033
133	74	1.81418
133	91	0.863768
133	103	1.88217
133	114	0.888948
133	120	0.876854
133	127	2.19507
133	128	0.877744
133	132	0.891745
133	138	0.848426
133	140	0.872443
133	141	0.791445
133	142	0.808935
133	144	0.85976
133	156	0.846409
133	157	0.815926
133	158	0.836482
133	159	0.812656
133	160	0.823913
133	162	0.809411
133	163	0.787385
133	165	0.808895
133	168	0.793293
133	169	0.775841
133	170	0.8477
133	172	0.844493
133	176	0.766701
133	177	0.799791
133	178	0.783907
133	179	0.797584
133	180	0.805889
134	15	1.41162
134	33	1.3596
134	51	1.60798
134	81	1.55762
134	93	1.21127
134	94	1.10927
134	108	1.94263
134	114	0.93336
134	117	0.927998
134	130	0.878073
134	132	0.936156
134	136	0.906247
134	137	0.876452
134	141	0.835857
134	143	0.910102
