1	4	1.1391
1	39	1.1718
1	41	1.16596
1	60	1.10815
1	63	0.982839
1	118	0.687294
1	120	0.78652
1	155	1.06303
1	164	1.08472
1	174	1.09236
1	179	0.888535
2	11	1.11311
2	22	1.21317
2	31	1.31317
2	52	1.21322
2	55	1.14668
2	67	1.14644
2	68	0.44629
2	155	1.20244
2	161	0.801068
2	175	1.25446
2	177	0.706043
2	179	0.679569
3	5	0.828427
3	36	1.0363
3	40	1.19229
3	83	1.11465
3	88	1.08552
3	103	0.97373
3	106	1.03064
3	159	0.896562
3	164	1.08235
3	165	1.07426
3	175	0.825776
3	177	1.01716
4	1	1.1391
4	9	1.25395
4	23	1.19914
4	63	1.12875
4	118	0.470653
4	141	0.610573
4	147	1.20235
4	155	1.20894
4	159	0.58545
4	164	1.23063
4	174	1.23826
4	180	0.955831
5	3	0.828427
5	24	1.1454
5	29	0.669089
5	97	0.605352
5	143	1.15452
5	144	1.13547
5	150	1.11926
5	164	1.13741
5	170	1.07092
5	179	1.06189
5	180	0.973009
6	14	1.12167
6	33	1.18227
6	35	1.1816
6	37	1.18147
6	46	1.18186
6	69	1.26989
6	70	1.26978
6	122	1.21422
6	126	0.637149
6	162	0.558936
6	167	0.681811
6	176	0.744271
7	36	1.17918
7	83	1.25753
7	102	0.582274
7	103	1.11661
7	106	1.17351
7	148	1.27514
7	156	0.579759
7	164	1.22522
7	165	1.21714
7	171	0.913359
7	175	0.553505
7	177	1.16004
8	17	0.537499
8	19	1.20931
8	28	1.187
8	43	1.15187
8	44	1.14904
8	58	1.24982
8	76	1.20683
8	151	1.20476
8	152	0.578176
8	169	0.601283
8	171	0.895858
8	175	1.24098
9	4	1.25395
9	23	1.16808
9	41	1.2808
9	60	1.22299
9	63	1.09768
9	155	1.17787
9	160	0.547809
9	164	1.19957
9	167	0.592646
9	169	0.55475
9	174	1.2072
9	180	0.930636
10	33	0.736681
10	51	0.770789
10	85	0.773541
10	157	1.0452
10	158	1.04041
10	169	1.14014
10	172	1.12996
10	176	1.07002
10	177	1.07834
10	178	1.04641
10	179	1.068
10	180	0.979118
11	2	1.11311
11	12	1.11331
11	22	1.05427
11	31	1.15426
11	52	1.05432
11	55	0.987778
11	67	0.987532
11	155	1.04353
11	168	0.811881
11	175	1.09556
11	176	0.883677
11	179	0.875269
12	11	1.11331
12	22	1.21338
12	31	1.31337
12	52	1.21342
12	55	1.14689
12	67	1.14664
12	155	1.20264
12	161	0.688614
12	171	0.769741
12	175	1.25466
12	176	0.575523
12	177	0.593589
13	28	1.25889
13	43	1.22377
13	44	1.22093
13	45	1.23315
13	80	0.429328
13	122	1.27164
13	151	1.27665
13	157	0.768889
13	168	0.64616
13	174	0.571845
13	175	1.31288
14	6	1.12167
14	33	1.02991
14	35	1.02924
14	37	1.02911
14	46	1.0295
14	69	1.11753
14	70	1.11743
14	134	0.837693
14	145	1.06636
14	151	1.06688
14	167	0.844146
14	170	0.885588
15	24	1.08101
15	34	1.02976
15	62	1.11797
15	87	1.12227
15	110	1.03726
15	124	1.04952
15	127	1.03884
15	131	1.06043
15	164	1.07302
15	170	0.901013
15	175	0.756395
15	179	0.913624
16	48	1.04567
16	61	1.02188
16	71	1.10176
16	86	1.13411
16	93	1.07034
16	94	1.0703
16	98	0.82874
16	105	1.0426
16	113	1.09972
16	146	0.740681
16	161	1.0047
16	177	1.02002
17	8	0.537499
17	59	0.56074
17	84	0.686566
17	150	0.654199
17	160	1.22056
17	169	1.21994
17	170	1.15682
17	172	1.20976
17	173	1.10681
17	176	1.14981
17	178	1.1262
17	179	1.14779
17	180	1.05891
18	49	1.12657
18	61	1.11176
18	64	0.723705
18	71	1.19164
18	86	1.22399
18	93	1.16023
18	94	1.16019
18	105	1.13248
18	113	1.18961
18	123	0.867152
18	175	0.542414
18	177	1.10991
18	179	0.699642
19	8	1.20931
19	28	1.15125
19	43	1.11613
19	44	1.11329
19	45	1.1255
19	76	1.17108
19	127	1.14073
19	134	0.679373
19	142	0.783783
19	151	1.16901
19	156	0.608905
19	175	1.20524
19	176	0.748287
20	90	1.10738
20	104	1.14393
20	132	0.624377
20	137	1.14639
20	139	1.1572
20	143	1.19871
20	144	1.17965
20	147	1.15331
20	150	1.16345
20	153	0.620967
20	154	1.15226
20	177	0.803414
20	179	0.77694
21	26	1.06213
21	29	1.05761
21	38	1.0163
21	51	1.0159
21	54	0.882254
21	131	1.0394
21	132	1.07475
21	145	1.04557
21	148	1.10191
21	153	0.83018
21	157	1.04549
21	161	0.950199
21	165	1.0439
22	2	1.21317
22	11	1.05427
22	12	1.21338
22	25	0.609295
22	31	1.25433
22	52	1.15438
22	55	1.08784
22	67	1.0876
22	123	0.874848
22	155	1.1436
22	158	0.817929
22	162	0.530411
22	175	1.19562
23	4	1.19914
23	9	1.16808
23	39	1.23184
23	41	1.226
23	63	1.04288
23	96	0.612205
23	133	0.6106
23	147	1.11648
23	155	1.12307
23	157	0.797924
23	164	1.14476
23	174	1.1524
23	178	0.790634
24	5	1.1454
24	15	1.08101
24	34	1.14098
24	62	1.22919
24	110	1.14848
24	124	1.16074
24	127	1.15006
24	131	1.17165
24	156	0.564192
24	164	1.18424
24	175	0.537937
24	178	0.747218
24	180	0.979104
25	22	0.609295
25	41	0.431893
25	59	1.23982
25	103	0.796202
25	105	1.15964
25	113	1.21676
25	138	1.16748
25	140	1.20762
25	164	0.596942
25	177	1.13707
25	178	1.10514
25	179	1.12673
25	180	1.03785
26	21	1.06213
26	29	1.19202
26	38	1.1507
26	51	1.1503
26	131	1.17381
26	135	0.724419
26	145	1.17997
26	148	1.23631
26	161	1.08461
26	165	1.17831
26	172	0.592898
26	177	0.742401
26	178	0.767979
27	55	0.983017
27	67	0.98277
27	98	0.9042
27	115	1.05418
27	132	0.8061
27	138	1.0257
27	139	1.03608
27	140	1.06584
27	143	1.07758
27	144	1.05853
27	154	1.03113
27	173	1.06105
27	175	1.09079
28	8	1.187
28	13	1.25889
28	19	1.15125
28	43	1.09381
28	44	1.09098
28	45	1.10319
28	58	1.19176
28	76	1.14877
28	136	0.765752
28	160	0.65968
28	163	0.77757
28	174	0.620867
28	175	1.18292
29	5	0.669089
29	21	1.05761
29	26	1.19202
29	38	1.14618
29	51	1.14578
29	74	0.667641
29	96	0.69729
29	126	0.724953
29	132	1.20464
29	145	1.17545
29	148	1.23179
29	161	1.08008
29	165	1.17379
30	95	1.15135
30	97	1.15207
30	99	1.14832
30	102	0.707798
30	108	1.12173
30	111	0.577493
30	119	1.19
30	138	1.13281
30	140	1.17295
30	145	1.16115
30	166	0.797196
30	169	0.744308
30	174	1.17521
31	2	1.31317
31	11	1.15426
31	12	1.31337
31	22	1.25433
31	52	1.25437
31	55	1.18784
31	67	1.18759
31	141	0.614021
31	142	0.719245
31	153	0.519369
31	155	1.24359
31	166	0.636281
31	169	0.583393
31	175	1.29561
32	64	0.756792
32	77	1.04973
32	85	1.10068
32	104	1.10696
32	117	1.17162
32	137	1.10942
32	139	1.12023
32	143	1.16173
32	144	1.14268
32	150	1.12647
32	154	1.11528
32	177	0.759203
32	178	0.784781
32	179	0.732729
33	6	1.18227
33	10	0.736681
33	14	1.02991
33	35	1.08984
33	37	1.08971
33	46	1.0901
33	69	1.17813
33	70	1.17803
33	92	1.12253
33	122	1.12247
33	141	0.715492
33	151	1.12748
33	169	0.684863
33	178	0.828864
34	15	1.02976
34	24	1.14098
34	62	1.17794
34	78	1.11923
34	87	1.18224
34	110	1.09723
34	124	1.10949
34	127	1.09881
34	129	0.711074
34	131	1.1204
34	149	0.911565
34	162	0.683088
34	164	1.13299
34	174	0.722313
35	6	1.1816
35	14	1.02924
35	33	1.08984
35	37	1.08904
35	46	1.08943
35	69	1.17746
35	70	1.17736
35	122	1.1218
35	145	1.12629
35	151	1.12681
35	157	0.769361
35	163	0.72902
35	173	0.81241
35	179	0.710019
36	3	1.0363
36	7	1.17918
36	40	1.24016
36	66	1.17994
36	74	0.644627
36	103	1.02159
36	106	1.0785
36	125	0.612805
36	132	1.15297
36	164	1.13021
36	165	1.12212
36	166	0.761592
36	171	1.00328
36	177	1.06502
37	6	1.18147
37	14	1.02911
37	33	1.08971
37	35	1.08904
37	46	1.0893
37	69	1.17733
37	70	1.17723
37	120	0.659699
37	122	1.12167
37	123	0.929224
37	145	1.12616
37	151	1.12668
37	157	0.821056
37	175	0.604485
38	21	1.0163
38	26	1.1507
38	29	1.14618
38	51	1.10447
38	126	0.673784
38	131	1.12797
38	132	1.16332
38	145	1.13414
38	148	1.19048
38	161	1.03877
38	163	0.791498
38	165	1.13248
38	170	0.759886
38	177	0.798972
39	1	1.1718
39	23	1.23184
39	41	1.34456
39	60	1.28675
39	63	1.16144
39	101	0.506936
39	147	1.23504
39	155	1.24163
39	164	1.26333
39	167	0.526765
39	174	1.27096
39	177	0.607292
39	179	0.580817
39	180	0.864755
40	3	1.19229
40	36	1.24016
40	83	1.31851
40	88	1.28937
40	103	1.17758
40	106	1.23449
40	118	0.547631
40	147	1.25792
40	153	0.592899
40	159	0.662428
40	165	1.27812
40	168	0.685484
40	175	0.591643
40	177	1.22102
41	1	1.16596
41	9	1.2808
41	23	1.226
41	25	0.431893
41	39	1.34456
41	60	1.28091
41	63	1.1556
41	147	1.22921
41	164	1.25749
41	168	0.466548
41	171	0.732562
41	174	1.26512
41	178	0.581988
41	180	0.813873
42	47	0.490346
42	73	1.18338
42	100	1.16455
42	128	1.14116
42	137	1.15085
42	138	1.15129
42	143	1.20317
42	154	1.15672
42	155	1.16436
42	158	0.875694
42	159	0.67866
42	161	1.08427
42	163	0.784104
43	8	1.15187
43	13	1.22377
43	19	1.11613
43	28	1.09381
43	44	1.05585
43	45	1.06806
43	58	1.15663
43	76	1.11364
43	127	1.08329
43	153	0.650893
43	157	0.866208
43	172	0.683837
43	175	1.14779
43	176	0.815274
44	8	1.14904
44	13	1.22093
44	19	1.11329
44	28	1.09098
44	43	1.05585
44	45	1.06523
44	58	1.1538
44	118	0.597613
44	122	1.10372
44	151	1.10874
44	172	0.675825
44	173	0.901245
44	175	1.14496
44	178	0.850906
45	13	1.23315
45	19	1.1255
45	28	1.10319
45	43	1.06806
45	44	1.06523
45	76	1.12302
45	122	1.11593
45	127	1.09267
45	151	1.12095
45	158	0.823806
45	161	0.834714
45	168	0.649828
45	175	1.15717
45	176	0.721623
46	6	1.18186
46	14	1.0295
46	33	1.0901
46	35	1.08943
46	37	1.0893
46	69	1.17772
46	70	1.17762
46	92	1.12212
46	101	0.685505
46	122	1.12206
46	123	0.926896
46	151	1.12707
46	166	0.720326
46	168	0.695999
47	42	0.490346
47	49	0.637871
47	92	0.51889
47	144	0.460702
47	146	1.32927
47	149	1.23123
47	159	1.30283
47	165	0.46624
47	170	1.24518
47	172	1.29811
47	173	1.19516
47	178	1.21456
47	179	1.23615
47	180	1.14727
48	16	1.04567
48	61	1.07338
48	71	1.15326
48	86	1.18561
48	93	1.12185
48	94	1.12181
48	105	1.0941
48	113	1.15123
48	125	0.538039
48	148	1.18663
48	163	0.744887
48	176	0.734295
48	177	1.07153
48	180	1.00982
49	18	1.12657
49	47	0.637871
49	61	1.06439
49	71	1.14428
49	86	1.17663
49	93	1.11286
49	94	1.11282
49	105	1.08512
49	113	1.14224
49	148	1.17764
49	151	0.797605
49	153	0.756656
49	174	0.774926
49	177	1.06254
50	65	0.416059
50	76	0.494274
50	93	0.608423
50	118	1.34661
50	139	0.502576
50	141	1.28566
50	142	1.255
50	145	0.495933
50	159	1.29936
50	173	1.1917
50	176	1.23471
50	178	1.2111
50	179	1.23269
50	180	1.14381
51	10	0.770789
51	21	1.0159
51	26	1.1503
51	29	1.14578
51	38	1.10447
51	131	1.12757
51	132	1.16292
51	134	0.750415
51	138	0.651242
51	145	1.13374
51	148	1.19008
51	161	1.03837
51	165	1.13208
51	172	0.687892
52	2	1.21322
52	11	1.05432
52	12	1.21342
52	22	1.15438
52	31	1.25437
52	55	1.08789
52	67	1.08764
52	142	0.76149
52	155	1.14364
52	167	0.663534
52	173	0.819977
52	174	0.579884
52	175	1.19567
53	78	1.09485
53	95	1.09238
53	97	1.09311
53	109	1.06529
53	115	1.10232
53	116	1.0812
53	119	1.13103
53	120	0.771343
53	121	1.05598
53	128	1.06372
53	133	0.745377
53	140	1.11398
53	157	0.9327
53	164	0.651146
53	174	1.11624
54	21	0.882254
54	117	0.656992
54	119	0.660077
54	144	0.631562
54	158	1.06892
54	160	1.16928
54	161	1.07024
54	163	1.09138
54	170	1.10554
54	172	1.15847
54	173	1.05552
54	176	1.09853
54	178	1.07492
54	179	1.09651
54	180	1.00763
55	2	1.14668
55	11	0.987778
55	12	1.14689
55	22	1.08784
55	27	0.983017
55	31	1.18784
55	52	1.08789
55	67	1.0211
55	74	1.14628
55	130	0.693807
55	155	1.0771
55	170	0.842605
55	172	0.732187
55	173	0.957607
55	175	1.12913
56	58	0.814396
56	60	0.869553
56	144	0.942755
56	157	1.00875
56	163	1.02641
56	168	1.099
56	170	1.04057
56	171	0.971457
56	173	0.990556
56	176	1.03356
56	177	1.04188
56	178	1.00995
56	179	1.03154
56	180	0.942662
57	95	1.2063
57	100	1.20102
57	101	0.630149
57	109	1.17921
57	115	1.21624
57	121	1.1699
57	128	1.17764
57	131	1.20994
57	133	0.576049
57	138	1.18776
57	140	1.2279
57	159	0.617587
57	167	0.649978
57	173	0.806421
57	174	1.23016
58	8	1.24982
58	28	1.19176
58	43	1.15663
58	44	1.1538
58	56	0.814396
58	76	1.21159
58	78	1.20166
58	122	1.2045
58	127	1.18124
58	129	0.458161
58	151	1.20952
58	158	0.717692
58	175	1.24574
58	177	0.633575
58	179	0.607101
59	17	0.56074
59	25	1.23982
59	91	1.22441
59	97	1.19831
59	98	0.662009
59	99	1.19456
59	108	1.16797
59	115	1.20753
59	124	1.19032
59	128	1.16892
59	142	0.760376
59	145	1.20739
59	153	0.560499
59	165	1.20573
59	166	0.677412
60	1	1.10815
60	9	1.22299
60	39	1.28675
60	41	1.28091
60	56	0.869553
60	63	1.09779
60	87	1.24892
60	125	0.47441
60	147	1.17139
60	151	0.547234
60	155	1.17798
60	164	1.19967
60	170	0.649646
60	174	1.2073
60	177	0.688732
61	16	1.02188
61	18	1.11176
61	48	1.07338
61	49	1.06439
61	71	1.12947
61	86	1.16182
61	93	1.09806
61	94	1.09801
61	102	0.83937
61	105	1.07031
61	113	1.12743
61	118	0.766588
61	162	0.790902
61	174	0.830126
61	177	1.04774
62	15	1.11797
62	24	1.22919
62	34	1.17794
62	64	0.696553
62	78	1.20744
62	87	1.27045
62	110	1.18544
62	124	1.1977
62	127	1.18702
62	131	1.20861
62	158	0.783081
62	164	1.2212
62	172	0.549462
62	174	0.534789
62	178	0.724543
63	1	0.982839
63	4	1.12875
63	9	1.09768
63	23	1.04288
63	39	1.16144
63	41	1.1556
63	60	1.09779
63	87	1.12362
63	89	0.596813
63	96	0.689511
63	155	1.05267
63	163	0.834888
63	164	1.07437
63	174	1.082
63	180	1.09983
64	18	0.723705
64	32	0.756792
64	62	0.696553
64	129	1.17307
64	135	1.10743
64	142	1.09223
64	160	1.14269
64	161	1.04365
64	165	0.765061
64	168	1.13737
64	172	1.13188
64	176	1.07194
64	178	1.04833
64	179	1.06992
64	180	0.981038
65	50	0.416059
65	75	0.695814
65	77	1.1232
65	104	1.18043
65	114	1.2384
65	117	1.2451
65	135	0.695607
65	137	1.18289
65	139	1.1937
65	143	1.23521
65	144	1.21615
65	150	1.19995
65	154	1.18876
65	171	0.88974
65	175	0.529886
66	36	1.17994
66	83	1.25829
66	88	1.22916
66	103	1.11737
66	106	1.17428
66	112	0.667909
66	126	0.697895
66	130	0.635199
66	132	1.24875
66	147	1.1977
66	162	0.619681
66	164	1.22598
66	165	1.2179
66	174	0.658906
66	177	1.1608
67	2	1.14644
67	11	0.987532
67	12	1.14664
67	22	1.0876
67	27	0.98277
67	31	1.18759
67	52	1.08764
67	55	1.0211
67	74	1.14603
67	129	0.65959
67	155	1.07686
67	159	0.722087
67	167	0.754478
67	175	1.12888
67	180	1.09247
68	2	0.44629
68	127	0.582116
68	128	0.573866
68	129	1.27925
68	137	0.60546
68	141	1.22907
68	154	0.562252
68	158	1.14851
68	162	1.28233
68	167	1.22168
68	168	1.24355
68	176	1.17812
68	178	1.15451
68	179	1.1761
68	180	1.08722
69	6	1.26989
69	14	1.11753
69	33	1.17813
69	35	1.17746
69	37	1.17733
69	46	1.17772
69	70	1.26565
69	122	1.21009
69	136	0.689721
69	145	1.21458
69	149	0.734088
69	151	1.21511
69	153	0.526565
69	159	0.596094
69	178	0.73459
70	6	1.26978
70	14	1.11743
70	33	1.17803
70	35	1.17736
70	37	1.17723
70	46	1.17762
70	69	1.26565
70	92	1.21005
70	132	0.560393
70	142	0.75686
70	145	1.21447
70	151	1.215
70	168	0.649569
70	174	0.575254
70	177	0.739431
71	16	1.10176
71	18	1.19164
71	48	1.15326
71	49	1.14428
71	61	1.12947
71	86	1.2417
71	93	1.17794
71	94	1.17789
71	105	1.15019
71	113	1.20732
71	132	0.619651
71	133	0.644233
71	168	0.708826
71	169	0.680265
71	177	1.12762
71	178	0.824266
72	91	1.19393
72	102	0.64298
72	108	1.13749
72	109	1.14002
72	115	1.17705
72	116	1.15593
72	119	1.20576
72	121	1.13071
72	128	1.13845
72	138	1.14857
72	140	1.18871
72	146	0.628918
72	156	0.640465
72	174	1.19097
72	176	0.779847
72	177	0.797913
73	42	1.18338
73	82	1.15184
73	84	1.12505
73	114	1.19389
73	117	1.20058
73	137	1.13837
73	139	1.14919
73	143	1.19069
73	144	1.17164
73	149	0.736772
73	150	1.15543
73	154	1.14424
73	156	0.554247
73	170	0.67261
73	173	0.787612
73	178	0.737273
74	29	0.667641
74	36	0.644627
74	55	1.14628
74	67	1.14603
74	85	1.17979
74	99	0.59898
74	137	1.18853
74	150	1.20558
74	154	1.1944
74	164	0.538959
74	165	0.584972
74	175	1.25406
74	176	1.15023
74	178	1.12662
74	179	1.14821
74	180	1.05933
75	65	0.695814
75	109	0.816208
75	140	0.71297
75	154	0.804231
75	162	1.15854
75	163	1.04718
75	166	1.09299
75	167	1.0979
75	168	1.11977
75	169	1.12446
75	171	0.992229
75	176	1.05433
75	177	1.06265
75	178	1.03072
75	179	1.05232
75	180	0.963433
76	8	1.20683
76	19	1.17108
76	28	1.14877
76	43	1.11364
76	45	1.12302
76	50	0.494274
76	58	1.21159
76	78	1.15867
76	122	1.16151
76	127	1.13825
76	151	1.16653
76	160	0.666439
76	168	0.701942
76	175	1.20275
76	176	0.773737
76	177	0.791803
77	32	1.04973
77	65	1.1232
77	104	1.0437
77	114	1.10167
77	117	1.10836
77	137	1.04616
77	139	1.05697
77	143	1.09847
77	144	1.07942
77	146	0.792539
77	150	1.06321
77	154	1.05202
77	160	0.836171
77	161	0.97957
77	172	0.812032
77	178	0.987113
78	34	1.11923
78	53	1.09485
78	58	1.20166
78	62	1.20744
78	76	1.15867
78	119	1.18492
78	140	1.16787
78	141	0.654436
78	146	0.573235
78	151	1.1566
78	161	0.837256
78	164	1.16249
78	165	1.15441
78	168	0.652369
78	175	1.19282
78	178	0.767808
79	106	0.752616
79	114	0.731084
79	115	0.751512
79	116	0.731277
79	133	1.13996
79	156	1.15616
79	158	1.01763
79	160	1.11798
79	166	1.08589
79	169	1.11735
79	171	0.985126
79	172	1.10718
79	176	1.04723
79	178	1.02362
79	179	1.04521
79	180	0.95633
80	13	0.429328
80	83	0.498477
80	90	0.682205
80	122	0.47015
80	130	1.33282
80	150	0.529712
80	155	0.512713
80	163	1.22846
80	169	1.30574
80	170	1.24262
80	171	1.17351
80	172	1.29556
80	173	1.19261
80	176	1.23561
80	178	1.212
80	179	1.23359
80	180	1.14471
81	83	0.646428
81	84	0.710032
81	130	1.22208
81	143	0.59572
81	148	0.491861
81	150	0.677664
81	158	1.09527
81	163	1.11772
81	166	1.16353
81	167	1.16844
81	168	1.19031
81	169	1.195
81	171	1.06277
81	176	1.12488
81	178	1.10127
81	179	1.12286
81	180	1.03397
82	73	1.15184
82	84	1.10598
82	90	1.0803
82	114	1.17483
82	117	1.18152
82	127	1.12034
82	137	1.11931
82	139	1.13012
82	144	1.15258
82	146	0.612755
82	147	1.12623
82	150	1.13637
82	154	1.12518
82	156	0.624303
82	171	0.957903
82	172	0.632247
82	173	0.857667
83	3	1.11465
83	7	1.25753
83	40	1.31851
83	66	1.25829
83	80	0.498477
83	81	0.646428
83	88	1.21173
83	103	1.09994
83	106	1.15685
83	125	0.590847
83	147	1.18027
83	148	1.25848
83	149	0.830246
83	164	1.20856
83	165	1.20047
83	174	0.640993
83	175	0.621466
83	177	1.14337
84	17	0.686566
84	73	1.12505
84	81	0.710032
84	82	1.10598
84	85	1.08378
84	87	1.17697
84	90	1.05351
84	114	1.14803
84	133	0.714317
84	139	1.10333
84	143	1.14483
84	144	1.12578
84	147	1.09944
84	150	1.10957
84	154	1.09838
84	156	0.711325
84	161	1.02593
84	173	0.944689
85	10	0.773541
85	32	1.10068
85	74	1.17979
85	84	1.08378
85	89	0.594598
85	90	1.0581
85	101	0.739791
85	104	1.09465
85	114	1.15262
85	137	1.0971
85	139	1.10792
85	143	1.14942
85	144	1.13037
85	150	1.11416
85	152	0.698617
85	154	1.10297
85	161	1.03052
85	171	1.0163
86	16	1.13411
86	18	1.22399
86	48	1.18561
86	49	1.17663
86	61	1.16182
86	71	1.2417
86	93	1.21029
86	94	1.21024
86	105	1.18254
86	113	1.23967
86	123	0.87348
86	148	1.27507
86	167	0.651917
86	172	0.582941
86	174	0.568268
86	175	0.548741
86	176	0.714378
86	177	1.15997
87	15	1.12227
87	34	1.18224
87	60	1.24892
87	62	1.27045
87	63	1.12362
87	84	1.17697
87	98	0.630202
87	137	1.1903
87	144	1.22356
87	149	0.736216
87	150	1.20736
87	154	1.19617
87	159	0.598222
87	164	1.2255
87	166	0.645605
87	168	0.621278
87	174	1.23313
87	177	0.711139
88	3	1.08552
88	40	1.28937
88	66	1.22916
88	83	1.21173
88	103	1.07081
88	106	1.12772
88	107	0.738129
88	110	1.14367
88	125	0.554896
88	132	1.20219
88	135	0.751236
88	147	1.15114
88	148	1.22934
88	164	1.17942
88	165	1.17134
88	174	0.605041
88	176	0.751152
88	177	1.11424
88	179	0.742744
89	63	0.596813
89	85	0.594598
89	93	0.660404
89	130	1.25456
89	131	0.580115
89	137	0.619665
89	152	1.21968
89	165	0.521924
89	166	1.19601
89	167	1.20092
89	168	1.22278
89	170	1.16436
89	171	1.09524
89	172	1.2173
89	173	1.11434
89	176	1.15735
89	178	1.13374
89	179	1.15533
89	180	1.06645
90	20	1.10738
90	80	0.682205
90	82	1.0803
90	84	1.05351
90	85	1.0581
90	104	1.06438
90	111	0.70366
90	114	1.12235
90	117	1.12905
90	127	1.06786
90	137	1.06684
90	139	1.07765
90	143	1.11915
90	144	1.1001
90	150	1.08389
90	154	1.07271
90	162	0.785497
90	172	0.839395
90	178	1.01448
91	59	1.22441
91	72	1.19393
91	96	0.600774
91	97	1.17133
91	100	1.16533
91	108	1.14099
91	109	1.14351
91	115	1.18055
91	116	1.15943
91	119	1.20926
91	121	1.1342
91	128	1.14195
91	138	1.15207
91	140	1.19221
91	158	0.837742
91	160	0.628261
91	161	0.84865
91	162	0.550224
91	167	0.673099
92	33	1.12253
92	46	1.12212
92	47	0.51889
92	70	1.21005
92	93	1.15054
92	94	1.1505
92	105	1.1228
92	113	1.17992
92	127	1.13123
92	137	1.1302
92	139	1.14102
92	145	1.15898
92	150	1.14726
92	152	0.678592
92	154	1.13607
92	163	0.812648
92	169	0.701699
92	172	0.670618
92	173	0.896038
92	177	1.10022
93	16	1.07034
93	18	1.16023
93	48	1.12185
93	49	1.11286
93	50	0.608423
93	61	1.09806
93	71	1.17794
93	86	1.21029
93	89	0.660404
93	92	1.15054
93	94	1.14648
93	105	1.11878
93	113	1.1759
93	118	0.678237
93	122	1.15048
93	148	1.21131
93	152	0.764422
93	169	0.787529
93	175	0.722249
93	177	1.09621
94	16	1.0703
94	18	1.16019
94	48	1.12181
94	49	1.11282
94	61	1.09801
94	71	1.17789
94	86	1.21024
94	92	1.1505
94	93	1.14648
94	105	1.11873
94	113	1.17586
94	122	1.15043
94	148	1.21126
94	149	0.866
94	152	0.699393
94	162	0.637522
94	170	0.801838
94	174	0.676747
94	175	0.657221
94	177	1.09616
95	30	1.15135
95	53	1.09238
95	57	1.2063
95	99	1.14076
95	100	1.13851
95	108	1.11417
95	111	0.595776
95	119	1.18244
95	121	1.10738
95	128	1.11513
95	129	0.705599
95	131	1.14743
95	132	0.701976
95	138	1.12525
95	140	1.16539
95	152	0.739484
95	165	1.15194
95	172	0.73151
95	174	1.16765
95	176	0.862948
96	23	0.612205
96	29	0.69729
96	63	0.689511
96	91	0.600774
96	102	1.22585
96	114	0.617348
96	126	1.19546
96	149	1.11782
96	154	0.669155
96	160	1.19551
96	167	1.16832
96	168	1.19019
96	169	1.19488
96	171	1.06265
96	172	1.1847
96	173	1.08175
96	176	1.12476
96	178	1.10115
96	179	1.12274
96	180	1.03386
97	5	0.605352
97	30	1.15207
97	53	1.09311
97	59	1.19831
97	91	1.17133
97	99	1.14149
97	100	1.13924
97	108	1.11489
97	109	1.11742
97	116	1.13334
97	119	1.18317
97	128	1.11585
97	130	0.59852
97	136	0.767113
97	138	1.12598
97	156	0.628956
97	165	1.15266
97	172	0.636901
97	174	1.16838
97	180	1.04387
98	16	0.82874
98	27	0.9042
98	59	0.662009
98	87	0.630202
98	111	1.2032
98	133	1.14882
98	139	0.719168
98	141	1.10704
98	159	1.12074
98	166	1.09474
98	167	1.09965
98	169	1.12621
98	170	1.06309
98	172	1.11603
98	173	1.01308
98	176	1.05609
98	178	1.03248
98	179	1.05407
98	180	0.965186
99	30	1.14832
99	59	1.19456
99	74	0.59898
99	95	1.14076
99	97	1.14149
99	100	1.13548
99	107	0.750391
99	109	1.11367
99	119	1.17941
99	121	1.10436
99	128	1.1121
99	138	1.12222
99	140	1.16236
99	145	1.15057
99	155	1.13529
99	163	0.774006
99	169	0.663057
99	170	0.742395
99	174	1.16462
99	179	0.755006
100	42	1.16455
100	57	1.20102
100	91	1.16533
100	95	1.13851
100	97	1.13924
100	99	1.13548
100	108	1.10889
100	109	1.11142
100	115	1.14845
100	116	1.12733
100	119	1.17716
100	128	1.10985
100	134	0.7053
100	136	0.772989
100	138	1.11997
100	140	1.16011
100	156	0.634832
100	159	0.679363
100	169	0.673857
100	173	0.868196
101	39	0.506936
101	46	0.685505
101	57	0.630149
101	85	0.739791
101	120	1.17262
101	123	1.09
101	140	0.630389
101	145	0.693107
101	152	1.18382
101	153	1.22787
101	157	1.09668
101	162	1.2257
101	167	1.16506
101	172	1.18144
101	173	1.07848
101	174	1.20262
101	177	1.12981
101	178	1.09788
101	179	1.11947
101	180	1.03059
102	7	0.582274
102	30	0.707798
102	61	0.83937
102	72	0.64298
102	96	1.22585
102	116	0.615458
102	148	0.495669
102	151	1.19794
102	153	1.23671
102	156	1.23927
102	157	1.10552
102	158	1.10073
102	168	1.19577
102	170	1.13735
102	171	1.06823
102	173	1.08733
102	176	1.13034
102	178	1.10673
102	179	1.12832
102	180	1.03944
103	3	0.97373
103	7	1.11661
103	25	0.796202
103	36	1.02159
103	40	1.17758
103	66	1.11737
103	83	1.09994
103	88	1.07081
103	106	1.01593
103	110	1.03188
103	132	1.0904
103	134	0.833739
103	147	1.03935
103	148	1.11755
103	164	1.06764
103	165	1.05955
103	171	1.09687
103	174	0.756543
103	175	0.737017
103	177	1.00245
104	20	1.14393
104	32	1.10696
104	65	1.18043
104	77	1.0437
104	85	1.09465
104	90	1.06438
104	110	1.10283
104	114	1.1589
104	117	1.16559
104	125	0.665924
104	137	1.10339
104	139	1.1142
104	143	1.1557
104	144	1.13665
104	150	1.12044
104	154	1.10925
104	162	0.676845
104	174	0.716069
104	175	0.696543
104	177	0.880246
104	178	0.905824
105	16	1.0426
105	18	1.13248
105	25	1.15964
105	48	1.0941
105	49	1.08512
105	61	1.07031
105	71	1.15019
105	86	1.18254
105	92	1.1228
105	93	1.11878
105	94	1.11873
105	113	1.14816
105	122	1.12273
105	125	0.649198
105	129	0.688105
105	130	0.675636
105	136	0.844228
105	148	1.18356
105	176	0.845454
105	177	1.06846
105	179	0.837046
106	3	1.03064
106	7	1.17351
106	36	1.0785
106	40	1.23449
106	66	1.17428
106	79	0.752616
106	83	1.15685
106	88	1.12772
106	103	1.01593
106	110	1.08879
106	132	1.14731
106	147	1.09626
106	148	1.17446
106	161	0.886756
106	164	1.12454
106	165	1.11646
106	168	0.70187
106	170	0.752646
106	174	0.627555
106	177	1.05936
106	179	0.765257
107	88	0.738129
107	99	0.750391
107	108	0.787658
107	111	1.19508
107	116	0.739303
107	123	1.01648
107	127	0.810781
107	146	1.13907
107	153	1.15434
107	158	1.01837
107	162	1.15218
107	166	1.08663
107	169	1.11809
107	170	1.05498
107	171	0.985865
107	173	1.00496
107	176	1.04797
107	178	1.02436
107	179	1.04595
107	180	0.95707
108	30	1.12173
108	59	1.16797
108	72	1.13749
108	91	1.14099
108	95	1.11417
108	97	1.11489
108	100	1.10889
108	107	0.787658
108	115	1.12411
108	116	1.10299
108	119	1.15282
108	121	1.07776
108	128	1.0855
108	135	0.800765
108	138	1.09563
108	145	1.12397
108	152	0.677217
108	168	0.728885
108	172	0.669243
108	174	1.13803
108	177	0.818747
109	53	1.06529
109	57	1.17921
109	72	1.14002
109	75	0.816208
109	91	1.14351
109	97	1.11742
109	99	1.11367
109	100	1.11142
109	115	1.12664
109	116	1.10551
109	128	1.08803
109	138	1.09816
109	140	1.1383
109	151	0.692486
109	153	0.651536
109	155	1.11123
109	160	0.708619
109	165	1.12484
109	167	0.753456
109	174	1.14056
109	178	0.859561
110	15	1.03726
110	24	1.14848
110	34	1.09723
110	62	1.18544
110	88	1.14367
110	103	1.03188
110	104	1.10283
110	106	1.08879
110	117	1.1675
110	118	0.623913
110	133	0.697173
110	143	1.15761
110	146	0.682633
110	148	1.19041
110	150	1.12235
110	151	0.710131
110	152	0.710098
110	154	1.11116
110	164	1.1405
110	177	1.07531
110	180	1.10909
111	30	0.577493
111	90	0.70366
111	95	0.595776
111	98	1.2032
111	107	1.19508
111	117	0.502126
111	119	0.505212
111	121	0.553082
111	125	1.32308
111	155	0.534168
111	156	1.28529
111	163	1.16921
111	166	1.21501
111	167	1.21993
111	168	1.24179
111	170	1.18337
111	171	1.11425
111	172	1.2363
111	178	1.15275
111	179	1.17434
111	180	1.08546
112	66	0.667909
112	115	0.635454
112	127	0.686696
112	131	0.67049
112	135	1.13606
112	145	0.638289
112	149	1.09363
112	153	1.20694
112	157	1.07575
112	160	1.17131
112	163	1.09342
112	165	0.612299
112	168	1.166
112	169	1.17069
112	172	1.16051
112	173	1.05756
112	174	1.1817
112	176	1.10057
112	178	1.07696
112	179	1.09855
112	180	1.00967
113	16	1.09972
113	18	1.18961
113	25	1.21676
113	48	1.15123
113	49	1.14224
113	61	1.12743
113	71	1.20732
113	86	1.23967
113	92	1.17992
113	93	1.1759
113	94	1.17586
113	105	1.14816
113	120	0.608788
113	122	1.17985
113	148	1.24068
113	159	0.62436
113	161	0.832303
113	169	0.618855
113	173	0.813194
113	174	0.573101
113	176	0.719212
113	177	1.12558
114	65	1.2384
114	73	1.19389
114	77	1.10167
114	79	0.731084
114	82	1.17483
114	84	1.14803
114	85	1.15262
114	90	1.12235
114	96	0.617348
114	104	1.1589
114	117	1.22357
114	129	0.594784
114	137	1.16136
114	139	1.17217
114	143	1.21368
114	144	1.19463
114	150	1.17842
114	154	1.16723
114	160	0.644835
114	163	0.762725
114	168	0.680337
114	169	0.651776
115	27	1.05418
115	53	1.10232
115	57	1.21624
115	59	1.20753
115	72	1.17705
115	79	0.751512
115	91	1.18055
115	100	1.14845
115	108	1.12411
115	109	1.12664
115	112	0.635454
115	116	1.14255
115	121	1.11733
115	131	1.15737
115	138	1.13519
115	140	1.17533
115	146	0.621631
115	151	0.649129
115	165	1.16188
115	169	0.672204
115	174	1.17759
115	177	0.790627
115	179	0.764152
116	53	1.0812
116	72	1.15593
116	79	0.731277
116	91	1.15943
116	97	1.13334
116	100	1.12733
116	102	0.615458
116	107	0.739303
116	108	1.10299
116	109	1.10551
116	115	1.14255
116	119	1.17126
116	121	1.0962
116	124	1.12534
116	128	1.10395
116	131	1.13625
116	140	1.15421
116	145	1.14242
116	155	1.12714
116	157	0.803259
116	161	0.865417
116	165	1.14076
116	168	0.68053
116	175	0.586689
117	32	1.17162
117	54	0.656992
117	65	1.2451
117	73	1.20058
117	77	1.10836
117	82	1.18152
117	90	1.12905
117	104	1.16559
117	110	1.1675
117	111	0.502126
117	114	1.22357
117	123	0.9284
117	124	1.17976
117	132	0.608327
117	137	1.16805
117	139	1.17887
117	143	1.22037
117	144	1.20132
117	146	0.618369
117	150	1.18511
117	153	0.604917
117	154	1.17392
117	159	0.674447
117	161	1.10147
117	170	0.748279
118	1	0.687294
118	4	0.470653
118	40	0.547631
118	44	0.597613
118	50	1.34661
118	61	0.766588
118	93	0.678237
118	110	0.623913
118	125	1.28787
118	126	1.21185
118	135	1.17665
118	136	1.15916
118	139	0.57239
118	166	1.17981
118	168	1.20659
118	169	1.21128
118	170	1.14816
118	171	1.07905
118	172	1.2011
118	173	1.09814
118	175	1.24498
118	176	1.14115
118	178	1.11754
118	179	1.13913
118	180	1.05025
119	30	1.19
119	53	1.13103
119	54	0.660077
119	72	1.20576
119	78	1.18492
119	91	1.20926
119	95	1.18244
119	97	1.18317
119	99	1.17941
119	100	1.17716
119	108	1.15282
119	111	0.505212
119	116	1.17126
119	121	1.14604
119	128	1.15378
119	138	1.1639
119	140	1.20405
119	141	0.702655
119	155	1.17698
119	160	0.665086
119	165	1.19059
119	169	0.672027
119	170	0.751364
119	175	0.606747
119	176	0.772383
120	1	0.78652
120	37	0.659699
120	53	0.771343
120	101	1.17262
120	113	0.608788
120	134	1.11655
120	141	1.13133
120	144	0.633445
120	145	0.664973
120	150	0.707915
120	157	1.05556
120	159	1.14503
120	160	1.15112
120	162	1.18459
120	166	1.11903
120	167	1.12394
120	168	1.14581
120	170	1.08738
120	172	1.14032
120	173	1.03737
120	175	1.1842
120	176	1.08038
120	178	1.05677
120	179	1.07836
120	180	0.989476
121	53	1.05598
121	57	1.1699
121	72	1.13071
121	91	1.1342
121	95	1.10738
121	99	1.10436
121	108	1.07776
121	111	0.553082
121	115	1.11733
121	116	1.0962
121	119	1.14604
121	124	1.10012
121	128	1.07872
121	138	1.08885
121	140	1.12899
121	145	1.11719
121	155	1.10192
121	156	0.680872
121	161	0.933345
121	165	1.11553
121	166	0.772786
121	170	0.799235
121	172	0.688817
121	173	0.914237
121	174	1.13125
122	6	1.21422
122	13	1.27164
122	33	1.12247
122	35	1.1218
122	37	1.12167
122	44	1.10372
122	45	1.11593
122	46	1.12206
122	58	1.2045
122	69	1.21009
122	76	1.16151
122	80	0.47015
122	93	1.15048
122	94	1.15043
122	105	1.12273
122	113	1.17985
122	127	1.13116
122	130	0.588959
122	136	0.757552
122	152	0.635313
122	167	0.696316
122	169	0.65842
122	175	1.19566
122	177	1.10015
122	179	0.750369
122	180	1.03431
123	18	0.867152
123	22	0.874848
123	37	0.929224
123	46	0.926896
123	86	0.87348
123	101	1.09
123	107	1.01648
123	117	0.9284
123	126	1.06846
123	134	1.03394
123	135	1.03325
123	142	1.01805
123	146	1.08886
123	156	1.10669
123	162	1.10197
123	168	1.0632
123	169	1.06788
123	170	1.00477
123	171	0.935655
123	172	1.05771
123	173	0.954754
123	174	1.07889
123	176	0.997761
123	177	1.00608
123	178	0.974151
123	179	0.995742
123	180	0.90686
124	15	1.04952
124	24	1.16074
124	34	1.10949
124	59	1.19032
124	62	1.1977
124	116	1.12534
124	117	1.17976
124	121	1.10012
124	125	0.635335
124	126	0.724469
124	131	1.14016
124	138	1.11798
124	139	1.12836
124	140	1.15813
124	143	1.16987
124	144	1.15082
124	150	1.13461
124	151	0.708159
124	154	1.12342
124	161	1.05096
124	162	0.646256
124	164	1.15275
124	166	0.784122
124	167	0.76913
124	169	0.731234
124	174	1.16038
124	177	0.849657
125	36	0.612805
125	48	0.538039
125	60	0.47441
125	83	0.590847
125	88	0.554896
125	104	0.665924
125	105	0.649198
125	111	1.32308
125	118	1.28787
125	124	0.635335
125	128	0.619297
125	149	1.16903
125	156	1.2849
125	157	1.15115
125	158	1.14636
125	159	1.24062
125	160	1.24672
125	163	1.16882
125	167	1.21953
125	168	1.2414
125	170	1.18297
125	171	1.11386
125	172	1.23591
125	176	1.17597
125	178	1.15236
125	179	1.17395
125	180	1.08507
126	6	0.637149
126	29	0.724953
126	38	0.673784
126	66	0.697895
126	96	1.19546
126	118	1.21185
126	123	1.06846
126	124	0.724469
126	130	1.19716
126	138	0.658804
126	143	0.629273
126	149	1.09301
126	155	0.694218
126	157	1.07514
126	158	1.07035
126	159	1.16461
126	162	1.20416
126	166	1.13861
126	168	1.16539
126	169	1.17008
126	170	1.10696
126	171	1.03785
126	172	1.1599
126	173	1.05695
126	176	1.09995
126	178	1.07634
126	179	1.09793
126	180	1.00905
127	15	1.03884
127	19	1.14073
127	24	1.15006
127	34	1.09881
127	43	1.08329
127	45	1.09267
127	58	1.18124
127	62	1.18702
127	68	0.582116
127	76	1.13825
127	82	1.12034
127	90	1.06786
127	92	1.13123
127	107	0.810781
127	112	0.686696
127	122	1.13116
127	131	1.12948
127	139	1.11768
127	146	0.672874
127	150	1.12393
127	154	1.11274
127	160	0.716506
127	161	1.04028
127	162	0.638468
127	164	1.14207
127	174	0.677693
127	175	1.1724
127	180	1.09933
128	42	1.14116
128	53	1.06372
128	57	1.17764
128	59	1.16892
128	68	0.573866
128	72	1.13845
128	91	1.14195
128	95	1.11513
128	97	1.11585
128	99	1.1121
128	100	1.10985
128	108	1.0855
128	109	1.08803
128	116	1.10395
128	119	1.15378
128	121	1.07872
128	125	0.619297
128	138	1.09659
128	140	1.13673
128	149	0.858696
128	155	1.10966
128	158	0.917736
128	160	0.708255
128	163	0.826146
128	165	1.12327
128	167	0.753093
128	172	0.684116
128	174	1.13899
129	34	0.711074
129	58	0.458161
129	64	1.17307
129	67	0.65959
129	68	1.27925
129	95	0.705599
129	105	0.688105
129	114	0.594784
129	142	1.15068
129	144	0.58652
129	146	1.22149
129	147	0.581807
129	155	0.643991
129	156	1.23932
129	157	1.10557
129	160	1.20113
129	162	1.2346
129	163	1.12324
129	166	1.16904
129	169	1.20051
129	171	1.06828
129	172	1.19033
129	173	1.08738
129	174	1.21152
129	176	1.13039
129	177	1.1387
129	178	1.10678
129	179	1.12837
129	180	1.03949
130	55	0.693807
130	66	0.635199
130	80	1.33282
130	81	1.22208
130	89	1.25456
130	97	0.59852
130	105	0.675636
130	122	0.588959
130	126	1.19716
130	131	0.63778
130	135	1.16195
130	147	0.569338
130	150	0.648521
130	152	1.18878
130	156	1.23539
130	158	1.09685
130	160	1.1972
130	163	1.1193
130	164	0.533575
130	166	1.16511
130	167	1.17002
130	171	1.06435
130	172	1.1864
130	173	1.08345
130	176	1.12646
130	177	1.13477
130	178	1.10285
130	179	1.12444
130	180	1.03556
131	15	1.06043
131	21	1.0394
131	24	1.17165
131	26	1.17381
131	34	1.1204
131	38	1.12797
131	51	1.12757
131	57	1.20994
131	62	1.20861
131	89	0.580115
131	95	1.14743
131	112	0.67049
131	115	1.15737
131	116	1.13625
131	124	1.14016
131	127	1.12948
131	130	0.63778
131	138	1.12889
131	140	1.16903
131	145	1.15724
131	148	1.21358
131	149	0.85074
131	152	0.684133
131	156	0.668215
131	161	1.06187
131	164	1.16366
131	165	1.15558
131	175	0.641961
131	176	0.807597
131	179	0.799189
132	20	0.624377
132	21	1.07475
132	27	0.8061
132	29	1.20464
132	36	1.15297
132	38	1.16332
132	51	1.16292
132	66	1.24875
132	70	0.560393
132	71	0.619651
132	88	1.20219
132	95	0.701976
132	103	1.0904
132	106	1.14731
132	117	0.608327
132	137	0.686176
132	144	0.582897
132	145	1.19259
132	155	0.640369
132	161	1.09723
132	163	1.11836
132	164	1.19902
132	165	1.19093
132	167	1.16908
132	171	1.06341
132	176	1.12552
132	177	1.13383
132	178	1.10191
132	179	1.1235
132	180	1.03461
133	23	0.6106
133	53	0.745377
133	57	0.576049
133	71	0.644233
133	79	1.13996
133	84	0.714317
133	98	1.14882
133	110	0.697173
133	134	1.15816
133	135	1.15748
133	136	1.13999
133	140	0.576289
133	141	1.17294
133	143	0.600006
133	153	1.22836
133	154	0.66755
133	158	1.09238
133	160	1.19273
133	161	1.09369
133	162	1.22619
133	163	1.11483
133	166	1.16064
133	167	1.16555
133	168	1.18742
133	169	1.19211
133	171	1.05988
133	176	1.12198
133	178	1.09838
133	179	1.11997
133	180	1.03108
134	14	0.837693
134	19	0.679373
134	51	0.750415
134	100	0.7053
134	103	0.833739
134	120	1.11655
134	123	1.03394
134	133	1.15816
134	139	0.713125
134	146	1.15653
134	148	0.563622
134	149	1.05849
134	150	0.749425
134	156	1.17436
134	157	1.04061
134	159	1.13008
134	161	1.03714
134	162	1.16964
134	163	1.05828
134	166	1.10408
134	167	1.10899
134	168	1.13086
134	169	1.13555
134	170	1.07243
134	173	1.02242
134	174	1.14656
134	176	1.06543
134	178	1.04182
134	179	1.06341
134	180	0.974526
135	26	0.724419
135	64	1.10743
135	65	0.695607
135	88	0.751236
135	108	0.800765
135	112	1.13606
135	118	1.17665
135	123	1.03325
135	130	1.16195
135	133	1.15748
135	136	1.08275
135	138	0.766011
135	140	0.712763
135	148	0.63262
135	157	1.03993
135	158	1.03514
135	159	1.1294
135	160	1.13549
135	164	0.703477
135	166	1.1034
135	168	1.13018
135	169	1.13487
135	170	1.07175
135	172	1.12469
135	173	1.02174
135	176	1.06475
135	177	1.07306
135	178	1.04114
135	179	1.06273
135	180	0.973845
136	28	0.765752
136	69	0.689721
136	97	0.767113
136	100	0.772989
136	105	0.844228
136	118	1.15916
136	122	0.757552
136	133	1.13999
136	135	1.08275
136	138	0.764701
136	141	1.09821
136	142	1.06755
136	143	0.73517
136	146	1.13836
136	149	1.04031
136	152	1.10958
136	159	1.11191
136	160	1.118
136	162	1.15146
136	163	1.0401
136	167	1.09082
136	168	1.11269
136	169	1.11738
136	170	1.05426
136	171	0.98515
136	172	1.1072
136	173	1.00425
136	176	1.04725
136	178	1.02365
136	179	1.04524
136	180	0.956354
137	20	1.14639
137	32	1.10942
137	42	1.15085
137	65	1.18289
137	68	0.60546
137	73	1.13837
137	74	1.18853
137	77	1.04616
137	82	1.11931
137	85	1.0971
137	87	1.1903
137	89	0.619665
137	90	1.06684
137	92	1.1302
137	104	1.10339
137	114	1.16136
137	117	1.16805
137	132	0.686176
137	139	1.11666
137	143	1.15816
137	144	1.13911
137	147	1.11276
137	150	1.1229
137	154	1.11171
137	159	0.752296
137	161	1.03926
137	162	0.661812
137	166	0.799679
137	174	0.701037
137	176	0.847147
137	177	0.865213
138	25	1.16748
138	27	1.0257
138	30	1.13281
138	42	1.15129
138	51	0.651242
138	57	1.18776
138	72	1.14857
138	91	1.15207
138	95	1.12525
138	97	1.12598
138	99	1.12222
138	100	1.11997
138	108	1.09563
138	109	1.09816
138	115	1.13519
138	119	1.1639
138	121	1.08885
138	124	1.11798
138	126	0.658804
138	128	1.09659
138	131	1.12889
138	135	0.766011
138	136	0.764701
138	140	1.14685
138	142	0.801422
138	155	1.11978
138	160	0.658628
138	163	0.776519
138	172	0.634489
138	174	1.14911
138	176	0.765926
139	20	1.1572
139	27	1.03608
139	32	1.12023
139	50	0.502576
139	65	1.1937
139	73	1.14919
139	77	1.05697
139	82	1.13012
139	84	1.10333
139	85	1.10792
139	90	1.07765
139	92	1.14102
139	98	0.719168
139	104	1.1142
139	114	1.17217
139	117	1.17887
139	118	0.57239
139	124	1.12836
139	127	1.11768
139	134	0.713125
139	137	1.11666
139	143	1.16897
139	144	1.14992
139	147	1.12358
139	150	1.13371
139	151	0.658608
139	154	1.12253
139	158	0.884222
139	169	0.681682
139	171	0.976257
139	179	0.773631
140	25	1.20762
140	27	1.06584
140	30	1.17295
140	53	1.11398
140	57	1.2279
140	72	1.18871
140	75	0.71297
140	78	1.16787
140	91	1.19221
140	95	1.16539
140	99	1.16236
140	100	1.16011
140	101	0.630389
140	109	1.1383
140	115	1.17533
140	116	1.15421
140	119	1.20405
140	121	1.12899
140	124	1.15813
140	128	1.13673
140	131	1.16903
140	133	0.576289
140	135	0.712763
140	138	1.14685
140	151	0.589248
140	165	1.17354
140	166	0.66521
140	168	0.640883
140	171	0.906897
140	174	1.18926
140	175	0.547042
140	178	0.756323
141	4	0.610573
141	31	0.614021
141	33	0.715492
141	50	1.28566
141	68	1.22907
141	78	0.654436
141	98	1.10704
141	119	0.702655
141	120	1.13133
141	133	1.17294
141	136	1.09821
141	143	0.666667
141	149	1.07327
141	150	0.74861
141	153	1.18658
141	154	0.734211
141	155	0.731611
141	157	1.05539
141	158	1.0506
141	159	1.14486
141	160	1.15095
141	162	1.18442
141	166	1.11886
141	167	1.12377
141	170	1.08721
141	171	1.0181
141	172	1.14015
141	173	1.0372
141	176	1.08021
141	178	1.0566
141	179	1.07819
141	180	0.989306
142	19	0.783783
142	31	0.719245
142	50	1.255
142	52	0.76149
142	59	0.760376
142	64	1.09223
142	70	0.75686
142	123	1.01805
142	129	1.15068
142	136	1.06755
142	138	0.801422
142	143	0.771891
142	146	1.14064
142	149	1.0426
142	152	1.11187
142	157	1.02473
142	158	1.01994
142	162	1.15375
142	164	0.738888
142	167	1.09311
142	168	1.11498
142	169	1.11967
142	170	1.05655
142	171	0.987438
142	172	1.10949
142	173	1.00654
142	175	1.15337
142	176	1.04954
142	178	1.02593
142	179	1.04752
142	180	0.958642
143	5	1.15452
143	20	1.19871
143	27	1.07758
143	32	1.16173
143	42	1.20317
143	65	1.23521
143	73	1.19069
143	77	1.09847
143	81	0.59572
143	84	1.14483
143	85	1.14942
143	90	1.11915
143	104	1.1557
143	110	1.15761
143	114	1.21368
143	117	1.22037
143	124	1.16987
143	126	0.629273
143	133	0.600006
143	136	0.73517
143	137	1.15816
143	139	1.16897
143	141	0.666667
143	142	0.771891
143	144	1.19143
143	150	1.17522
143	154	1.16403
143	158	0.838578
143	160	0.629097
143	161	1.09157
143	174	0.590285
143	175	0.570758
144	5	1.13547
144	20	1.17965
144	27	1.05853
144	32	1.14268
144	47	0.460702
144	54	0.631562
144	56	0.942755
144	65	1.21615
144	73	1.17164
144	77	1.07942
144	82	1.15258
144	84	1.12578
144	85	1.13037
144	87	1.22356
144	90	1.1001
144	104	1.13665
144	114	1.19463
144	117	1.20132
144	120	0.633445
144	124	1.15082
144	129	0.58652
144	132	0.582897
144	137	1.13911
144	139	1.14992
