1	20	1.06486
1	39	1.00245
1	40	1.00131
1	55	1.08378
1	62	1.04105
1	73	1.02541
1	83	0.854084
1	91	1.04254
1	98	1.06941
1	122	1.09461
1	167	0.886477
1	170	0.834499
2	23	1.05364
2	140	0.931668
2	146	0.829712
2	147	1.05843
2	148	1.0604
2	150	0.932542
2	159	1.04299
2	165	1.05703
2	172	0.907705
2	173	1.03993
2	177	1.05033
2	178	1.03725
3	15	1.09671
3	115	1.01023
3	121	0.94111
3	130	0.91932
3	143	1.05975
3	148	0.830761
3	151	1.04941
3	167	1.04858
3	170	1.05303
3	178	1.03525
3	179	1.04705
3	180	0.905345
4	51	1.07289
4	54	0.899636
4	64	1.03705
4	68	1.04347
4	117	1.06165
4	148	0.860832
4	153	0.906017
4	165	1.05478
4	167	1.04834
4	178	1.03501
4	179	1.04681
4	180	0.935417
5	86	1.03978
5	87	0.929715
5	101	0.910332
5	138	1.03672
5	143	1.06337
5	149	0.894969
5	165	1.05865
5	170	1.05665
5	173	0.869677
5	175	1.05528
5	178	1.03887
5	179	1.05068
6	31	1.04478
6	39	0.999984
6	40	0.998837
6	55	1.08131
6	58	1.07594
6	83	0.888195
6	91	1.04007
6	98	1.06694
6	122	1.09213
6	135	0.887073
6	157	0.932656
6	165	0.896045
7	22	1.06193
7	59	0.871238
7	63	1.04088
7	145	1.04523
7	149	1.02795
7	156	1.05492
7	158	1.05204
7	167	0.936405
7	172	1.06227
7	175	0.889466
7	176	0.901272
7	180	1.05478
8	48	1.05802
8	50	1.06416
8	64	1.03831
8	69	1.04066
8	137	0.852257
8	142	0.949564
8	143	1.06076
8	150	0.910314
8	168	1.04916
8	172	0.885477
8	175	1.05267
8	178	1.03627
9	51	0.967233
9	53	0.939877
9	59	0.963701
9	99	0.894877
9	115	0.904327
9	135	1.20258
9	146	1.18982
9	152	1.20926
9	160	0.916804
9	167	0.942678
9	178	0.929349
9	179	0.941154
10	26	1.04986
10	47	0.99643
10	58	1.06005
10	62	1.02269
10	77	1.11017
10	89	1.03352
10	98	1.05104
10	122	1.07624
10	129	0.863653
10	167	0.925272
10	174	0.884751
10	178	0.9286
11	27	0.954708
11	52	1.1094
11	73	0.910098
11	97	0.899973
11	100	0.948357
11	142	0.913332
11	146	0.961743
11	155	0.94583
11	160	1.27813
11	161	0.936397
11	170	1.21161
11	180	0.929562
12	20	0.936364
12	31	0.918763
12	40	0.872815
12	47	0.886304
12	55	0.955286
12	77	1.00005
12	89	0.923392
12	98	0.940918
12	122	0.966113
12	159	1.22788
12	174	1.19291
12	175	1.18649
13	80	0.868635
13	109	1.08588
13	112	0.846199
13	136	1.0533
13	143	1.0628
13	149	0.969456
13	158	0.920652
13	159	1.04404
13	160	1.02575
13	162	1.03984
13	178	1.0383
13	179	1.0501
14	25	0.929274
14	121	1.01503
14	128	1.08263
14	137	1.04135
14	147	1.06009
14	148	1.06206
14	161	0.881033
14	166	0.934714
14	169	0.869681
14	173	1.0416
14	176	1.04526
14	177	1.05199
15	3	1.09671
15	33	1.02404
15	40	0.9886
15	92	0.853347
15	98	1.0567
15	107	0.949804
15	122	1.0819
15	146	0.856077
15	169	1.05563
15	170	1.0571
15	173	0.943766
15	178	1.03932
16	63	1.148
16	129	0.966396
16	162	0.91829
16	165	0.936526
16	167	0.930083
16	168	0.929649
16	169	0.933068
16	171	1.2371
16	173	1.22005
16	174	0.940676
16	178	0.916753
16	179	0.928559
17	51	0.961435
17	114	0.893434
17	115	0.898529
17	120	0.968945
17	124	1.27895
17	125	1.13338
17	144	0.924381
17	161	1.19001
17	165	0.943324
17	167	0.936881
17	168	0.936447
17	177	0.936625
18	25	0.905924
18	30	1.05111
18	68	0.934801
18	101	0.948588
18	116	1.06734
18	137	1.04184
18	141	1.02872
18	147	1.06059
18	148	1.06255
18	173	1.04209
18	174	0.826002
18	176	1.04575
19	27	1.00291
19	92	0.922417
19	131	1.03215
19	136	1.01448
19	137	1.00192
19	141	0.988801
19	147	1.02066
19	148	1.02263
19	152	0.944597
19	165	1.01926
19	167	1.01282
19	170	1.01727
19	173	1.00217
20	1	1.06486
20	12	0.936364
20	26	1.00689
20	55	1.02244
20	62	0.979714
20	77	1.0672
20	91	0.981201
20	98	1.00807
20	122	1.03327
20	166	1.01459
20	174	0.929226
20	176	0.934613
20	180	1.02995
21	32	0.987875
21	100	1.02529
21	103	0.997093
21	113	1.01511
21	151	1.0158
21	155	1.02277
21	156	1.00664
21	160	0.990072
21	161	1.01333
21	171	0.997473
21	177	0.94542
21	178	0.978859
21	180	1.0065
22	7	1.06193
22	29	1.02108
22	59	0.920252
22	107	0.988579
22	115	1.05499
22	135	1.02665
22	154	1.02412
22	158	0.992011
22	163	0.988645
22	170	0.933441
22	172	1.00224
22	178	0.988747
22	180	0.994748
23	2	1.05364
23	83	1.03094
23	115	0.969219
23	123	0.909644
23	139	1.00784
23	142	1.01283
23	144	0.995071
23	163	0.97157
23	165	1.01401
23	168	1.00714
23	170	1.01202
23	175	1.01064
23	177	1.00731
24	103	1.00152
24	114	1.04852
24	132	0.999037
24	145	1.00138
24	154	1.0403
24	161	1.01777
24	170	0.940376
24	171	1.0019
24	172	1.01842
24	173	1.00874
24	175	0.945414
24	179	0.964783
24	180	1.01093
25	14	0.929274
25	18	0.905924
25	105	0.991254
25	111	1.03117
25	112	1.02256
25	116	1.01375
25	118	1.05336
25	137	1.04374
25	158	0.993916
25	174	1.01571
25	178	0.991785
25	179	1.00359
25	180	0.996654
26	10	1.04986
26	20	1.00689
26	31	0.989287
26	47	0.956828
26	77	1.07057
26	89	0.993916
26	91	0.984571
26	98	1.01144
26	105	1.0069
26	122	1.03664
26	157	0.998282
26	174	0.945694
26	177	0.956104
27	11	0.954708
27	19	1.00291
27	38	1.07793
27	52	0.883134
27	134	0.996983
27	139	1.00992
27	150	1.01427
27	156	1.01288
27	158	1.01001
27	162	1.02337
27	173	1.01055
27	175	0.990387
27	180	1.01274
28	96	0.933941
28	108	0.939324
28	116	0.916695
28	133	0.921961
28	137	0.891197
28	141	0.878081
28	147	0.909941
28	148	0.91191
28	149	1.34602
28	166	1.32416
28	174	1.2388
28	176	0.89511
28	177	0.90184
29	22	1.02108
29	63	1.00003
29	82	0.919017
29	105	1.01793
29	132	1.00204
29	142	0.997704
29	152	1.02458
29	156	1.01407
29	159	1.0148
29	173	1.01174
29	176	0.962104
29	178	1.00057
29	180	1.01393
30	18	1.05111
30	128	1.03327
30	133	1.02276
30	137	0.991993
30	141	0.978877
30	147	1.01074
30	148	1.01271
30	151	0.938325
30	166	1.03691
30	169	0.971879
30	176	0.995906
30	177	1.00264
30	179	0.9645
31	6	1.04478
31	12	0.918763
31	26	0.989287
31	39	0.923515
31	40	0.922368
31	58	0.999475
31	77	1.0496
31	89	0.972945
31	91	0.9636
31	111	1.03221
31	122	1.01567
31	151	1.02397
31	166	1.12256
31	174	1.0372
32	21	0.987875
32	47	1.17051
32	55	0.969918
32	82	1.0017
32	105	0.965948
32	138	0.964324
32	143	0.990976
32	144	0.967308
32	156	1.0646
32	164	1.00229
32	167	0.979808
32	175	0.98288
32	178	0.966479
32	179	0.978284
33	15	1.02404
33	38	0.914953
33	49	1.03499
33	50	0.990472
33	75	1.12074
33	89	0.962434
33	91	0.953089
33	98	0.97996
33	122	1.00516
33	126	0.968913
33	134	1.13399
33	175	0.978979
33	178	0.962577
33	179	0.974383
34	35	1.07798
34	42	0.94297
34	108	1.00612
34	140	0.978391
34	142	0.958118
34	144	1.1029
34	158	0.97161
34	161	0.981183
34	163	0.968244
34	168	1.07188
34	170	1.01316
34	171	0.965322
34	172	0.981835
34	180	0.974348
35	34	1.07798
35	43	0.614501
35	48	0.896892
35	139	1.08841
35	149	1.06439
35	153	1.08572
35	154	1.1206
35	158	1.08849
35	161	1.09806
35	162	0.916828
35	163	1.08512
35	164	0.866755
35	179	0.903209
35	180	1.09123
36	70	1.03205
36	101	0.98641
36	103	0.965909
36	125	0.999277
36	140	0.979358
36	142	0.959085
36	145	0.965766
36	146	1.0075
36	153	0.969802
36	155	0.991583
36	168	1.07582
36	175	1.02214
36	178	1.07241
36	180	0.975315
37	63	1.00105
37	71	1.01907
37	84	0.979663
37	136	0.979945
37	145	1.09025
37	157	0.964433
37	161	1.02286
37	162	0.966484
37	165	0.984719
37	169	0.981261
37	170	0.982725
37	178	0.964947
37	179	0.976752
37	180	1.0919
38	27	1.07793
38	33	0.914953
38	47	0.999835
38	63	1.03888
38	73	1.03332
38	86	0.875168
38	111	1.0873
38	142	1.03656
38	145	1.04324
38	149	1.02595
38	168	0.854257
38	171	1.04376
38	172	1.06027
38	178	0.850842
38	180	1.05279
39	1	1.00245
39	6	0.999984
39	31	0.923515
39	47	0.891056
39	50	1.05719
39	55	0.960038
39	58	0.954674
39	77	1.0048
39	89	0.928144
39	91	0.918799
39	98	0.945671
39	120	1.05162
39	122	0.970865
39	157	1.2089
39	162	1.18288
40	1	1.00131
40	6	0.998837
40	12	0.872815
40	15	0.9886
40	31	0.922368
40	58	0.953527
40	77	1.00365
40	89	0.926997
40	91	0.917652
40	98	0.944524
40	122	0.969718
40	151	1.07793
40	160	1.14622
40	169	1.11149
40	173	1.17309
41	56	0.885644
41	96	0.985234
41	110	0.981282
41	116	0.967987
41	128	0.983769
41	141	0.929373
41	147	0.961234
41	148	0.963203
41	159	1.12845
41	166	1.17884
41	169	1.11381
41	173	0.942738
41	174	1.09348
41	176	0.946402
41	177	0.953133
42	34	0.94297
42	93	1.08508
42	101	0.967316
42	105	1.14324
42	106	0.952939
42	114	1.17872
42	131	0.951017
42	132	0.944327
42	139	0.9534
42	150	0.957743
42	152	0.966871
42	156	0.956359
42	157	0.950838
42	177	1.09244
42	180	0.95622
43	35	0.614501
43	53	1.17307
43	66	1.14905
43	71	1.21666
43	79	0.859483
43	87	0.791011
43	121	1.13865
43	137	1.16497
43	139	0.780374
43	141	1.15185
43	156	0.735977
43	172	0.721278
43	176	1.16888
43	178	1.16254
43	179	1.17434
44	99	0.915322
44	130	1.17596
44	144	0.950624
44	152	1.07495
44	155	1.1092
44	157	0.949281
44	159	0.955531
44	160	0.937249
44	164	0.985604
44	168	0.96269
44	169	0.966109
44	173	1.14319
44	175	0.966196
44	178	0.949794
44	179	0.9616
45	75	1.16805
45	81	1.04443
45	109	0.979595
45	111	0.971396
45	116	0.959943
45	133	0.96521
45	141	0.921329
45	148	0.955159
45	158	1.13849
45	164	0.967824
45	172	1.15231
45	173	0.934694
45	174	0.955938
45	177	0.945089
45	179	0.943821
46	73	0.93378
46	103	0.943839
46	126	1.12107
46	131	0.948042
46	134	0.937484
46	135	0.985146
46	146	0.985426
46	159	0.954113
46	163	0.947141
46	172	0.960731
46	173	0.951055
46	176	1.12162
46	177	1.12664
46	179	1.12918
46	180	0.953245
47	10	0.99643
47	12	0.886304
47	26	0.956828
47	32	1.17051
47	38	0.999835
47	39	0.891056
47	55	0.972379
47	58	0.967016
47	77	1.01714
47	89	0.940486
47	91	0.931141
47	98	0.958012
47	122	0.983207
47	171	1.21662
47	174	1.11764
48	8	1.05802
48	35	0.896892
48	53	1.01014
48	82	1.03484
48	112	0.915399
48	126	1.00595
48	131	1.03268
48	134	1.03267
48	136	1.01461
48	146	0.925676
48	167	1.01295
48	170	1.01739
48	175	1.01602
48	176	1.00596
48	177	1.01269
48	179	1.01142
49	33	1.03499
49	54	1.03192
49	81	1.04009
49	131	1.00473
49	135	1.04183
49	143	0.881632
49	149	0.983095
49	154	1.0393
49	156	1.01007
49	161	1.01676
49	167	0.967546
49	168	0.974289
49	169	1.02137
49	171	1.0009
49	179	0.939975
49	180	1.00993
50	8	1.06416
50	33	0.990472
50	39	1.05719
50	76	0.98031
50	101	0.948263
50	102	1.02646
50	103	0.949512
50	126	1.01209
50	150	0.922751
50	165	1.02553
50	167	1.01908
50	168	1.01865
50	170	1.02353
50	175	1.02216
50	179	1.01756
50	180	0.926405
51	4	1.07289
51	9	0.967233
51	17	0.961435
51	112	0.913081
51	118	0.895899
51	127	1.02116
51	138	1.01359
51	144	1.01657
51	152	0.942807
51	163	1.02418
51	165	1.03552
51	168	1.02864
51	171	1.02809
51	174	1.03967
51	178	1.01574
51	179	1.02755
52	11	1.1094
52	27	0.883134
52	83	1.03979
52	87	0.953098
52	94	1.06184
52	115	0.978066
52	129	1.05273
52	132	0.90762
52	142	0.947452
52	160	0.990543
52	166	0.996565
52	168	1.01598
52	174	1.02701
52	175	1.01949
52	178	1.00309
52	179	1.01489
53	9	0.939877
53	43	1.17307
53	48	1.01014
53	74	0.816293
53	95	1.02933
53	103	1.01374
53	111	1.02777
53	117	1.01503
53	139	1.02124
53	156	0.976843
53	162	0.989925
53	165	1.00816
53	167	1.00172
53	173	0.97184
53	175	1.00479
53	179	1.00019
54	4	0.899636
54	49	1.03192
54	60	1.00231
54	85	0.988714
54	90	1.07146
54	97	0.979999
54	109	0.947473
54	110	0.979254
54	118	1.0663
54	150	1.01111
54	158	1.00685
54	161	1.01642
54	163	1.00348
54	170	0.97829
54	171	1.00056
54	180	1.00959
55	1	1.08378
55	6	1.08131
55	12	0.955286
55	20	1.02244
55	32	0.969918
55	39	0.960038
55	47	0.972379
55	58	1.036
55	89	1.00947
55	91	1.00012
55	98	1.02699
55	122	1.05219
55	151	0.903828
55	166	1.00241
55	169	0.937382
55	173	0.998984
56	41	0.885644
56	70	1.17731
56	108	0.974002
56	116	0.951373
56	121	0.899553
56	128	0.967155
56	137	0.925875
56	141	0.912759
56	147	0.944619
56	148	0.946589
56	151	1.16059
56	157	1.22641
56	172	1.24606
56	173	0.926124
56	176	0.929788
56	177	0.936518
57	61	0.929998
57	88	1.17847
57	93	0.920061
57	117	0.951277
57	119	0.915263
57	136	0.939636
57	138	0.922484
57	144	0.925468
57	148	1.17181
57	153	1.217
57	156	1.23261
57	160	0.912093
57	164	0.960448
57	165	0.944411
57	170	0.942417
57	179	0.936444
58	6	1.07594
58	10	1.06005
58	31	0.999475
58	39	0.954674
58	40	0.953527
58	47	0.967016
58	55	1.036
58	63	0.930753
58	77	1.08076
58	89	1.0041
58	98	1.02163
58	111	0.915893
58	122	1.04683
58	156	1.00781
58	161	0.95256
58	166	1.00624
59	7	0.871238
59	9	0.963701
59	22	0.920252
59	85	1.01794
59	109	1.05979
59	117	1.03885
59	119	1.00284
59	130	1.01486
59	160	0.999667
59	162	1.01375
59	163	0.995215
59	167	1.02554
59	175	1.02861
59	177	1.02529
59	179	1.02402
59	180	1.00088
60	54	1.00231
60	82	0.989637
60	83	1.03546
60	101	0.991412
60	104	1.04364
60	106	0.977035
60	109	0.985062
60	113	0.988927
60	139	0.977497
60	140	0.98436
60	154	1.00969
60	157	0.974934
60	169	0.991762
60	170	1.01588
60	173	0.978127
60	178	1.07119
60	180	0.980317
61	57	0.929998
61	106	1.05766
61	128	1.02693
61	133	1.01642
61	141	0.972534
61	143	1.00772
61	147	1.00439
61	154	0.974969
61	155	1.026
61	157	0.982707
61	158	1.03648
61	161	1.00974
61	170	1.001
61	173	0.985899
61	175	0.999621
61	176	0.989563
61	178	0.98322
62	1	1.04105
62	10	1.02269
62	20	0.979714
62	64	0.968926
62	71	1.02101
62	89	0.966742
62	91	0.957397
62	100	0.981842
62	103	1.08879
62	113	1.00035
62	122	1.00946
62	149	1.07218
62	154	0.96187
62	162	0.968422
62	164	1.00269
62	169	0.9832
62	179	0.978691
63	7	1.04088
63	16	1.148
63	29	1.00003
63	37	1.00105
63	38	1.03888
63	58	0.930753
63	80	1.00648
63	121	1.07117
63	145	0.964147
63	152	0.984346
63	153	0.968184
63	154	1.00307
63	163	0.967592
63	172	0.981183
63	173	0.971506
63	177	0.945086
63	180	0.973696
64	4	1.03705
64	8	1.03831
64	62	0.968926
64	69	0.984293
64	74	0.951708
64	96	1.0063
64	105	0.979371
64	116	1.03435
64	123	1.05846
64	138	0.977747
64	152	1.03901
64	160	0.967356
64	168	0.992797
64	175	0.996303
64	176	0.986244
64	178	0.979901
64	179	0.991707
65	83	1.01396
65	92	0.930151
65	115	0.952235
65	117	1.0039
65	129	1.0269
65	130	1.05334
65	138	0.975103
65	142	1.07496
65	160	0.964713
65	162	0.978795
65	163	1.0337
65	164	1.01307
65	169	0.993572
65	170	0.995036
65	172	1.01087
65	175	0.993659
65	179	0.989063
66	43	1.14905
66	81	0.968019
66	106	1.08327
66	108	0.985164
66	109	1.01195
66	135	1.01067
66	136	0.979366
66	151	0.978534
66	155	1.05161
66	160	0.951823
66	165	0.98414
66	166	0.957844
66	167	0.977697
66	174	0.988291
66	175	0.980769
66	178	0.964368
66	179	0.976173
67	102	0.993684
67	109	1.02056
67	130	1.06107
67	143	0.99748
67	152	0.960062
67	155	0.994317
67	157	0.972469
67	163	1.04143
67	164	1.00879
67	167	0.986312
67	168	0.985878
67	170	0.990761
67	174	0.996906
67	175	0.989384
67	178	0.972983
67	179	0.984788
67	180	1.0471
68	4	1.04347
68	18	0.934801
68	73	0.97173
68	122	0.978637
68	124	0.959719
68	127	0.991738
68	128	0.996998
68	141	1.11956
68	148	1.05974
68	152	1.00184
68	156	0.991333
68	160	0.97378
68	162	0.987862
68	163	0.98509
68	170	1.0041
68	179	0.998131
68	180	0.991194
69	8	1.04066
69	64	0.984293
69	70	0.976107
69	80	1.01107
69	100	1.02155
69	104	0.943611
69	127	0.987665
69	138	0.980098
69	153	1.07599
69	155	1.05261
69	159	0.987989
69	160	0.969707
69	162	0.983789
69	164	1.01806
69	177	0.995325
69	178	0.982252
69	179	0.994057
70	36	1.03205
70	56	1.17731
70	69	0.976107
70	96	0.909271
70	102	0.992416
70	109	1.0193
70	117	0.998353
70	120	1.01711
70	147	0.960265
70	151	0.985881
70	156	1.01523
70	165	0.991488
70	167	0.985044
70	168	0.984611
70	175	0.988116
70	176	0.978058
70	179	0.98352
71	37	1.01907
71	43	1.21666
71	62	1.02101
71	81	0.823816
71	104	0.798404
71	127	1.0374
71	132	0.955947
71	155	0.907404
71	160	1.01944
71	162	1.03352
71	166	1.02546
71	167	1.04531
71	168	1.04488
71	171	0.958431
71	175	1.04839
71	177	1.04506
71	179	1.04379
71	180	0.960185
72	74	1.00943
72	78	0.929387
72	102	1.01847
72	108	1.00153
72	110	0.992191
72	121	0.927077
72	128	0.994679
72	133	0.984164
72	141	0.940283
72	147	0.972144
72	148	0.974113
72	157	1.10974
72	159	1.09211
72	160	1.11221
72	169	1.07748
72	173	0.953648
72	176	0.957312
72	177	0.964043
73	1	1.02541
73	11	0.910098
73	38	1.03332
73	46	0.93378
73	68	0.97173
73	120	0.999566
73	125	0.992095
73	130	0.960465
73	133	1.09175
73	134	0.952373
73	135	1.00003
73	156	0.968273
73	161	0.974969
73	162	1.13083
73	171	0.959108
73	172	0.97562
73	178	1.14811
73	180	0.968134
74	53	0.816293
74	64	0.951708
74	72	1.00943
74	110	1.07755
74	116	1.06425
74	121	1.01243
74	128	1.08003
74	133	1.06952
74	137	1.03875
74	147	1.0575
74	148	1.05947
74	157	0.903774
74	166	0.936548
74	173	1.039
74	174	0.851185
74	176	1.04267
74	177	1.0494
74	180	0.951914
75	33	1.12074
75	45	1.16805
75	86	1.08096
75	90	1.02332
75	125	0.985408
75	132	0.949553
75	134	0.945686
75	135	0.993347
75	149	0.934612
75	152	0.972096
75	155	0.977714
75	156	0.961585
75	159	0.962314
75	162	1.03935
75	164	0.989276
75	171	0.95242
75	174	0.9805
75	180	0.961446
76	50	0.98031
76	81	1.03426
76	83	0.989119
76	99	0.917944
76	100	1.08678
76	109	0.999996
76	125	1.04494
76	127	0.957829
76	134	1.17113
76	154	1.06681
76	162	0.953953
76	164	0.988225
76	165	0.972188
76	167	0.965745
76	168	0.965312
76	174	0.976339
76	175	0.968817
76	179	0.964221
77	10	1.11017
77	12	1.00005
77	20	1.0672
77	26	1.07057
77	31	1.0496
77	39	1.0048
77	40	1.00365
77	47	1.01714
77	58	1.08076
77	89	1.05423
77	91	1.04488
77	111	0.848291
77	122	1.09695
77	157	0.905864
77	160	0.908338
77	165	0.869253
77	171	0.95225
77	172	0.925512
78	72	0.929387
78	96	1.00145
78	108	1.00684
78	110	0.997501
78	121	0.932386
78	130	0.953479
78	133	0.989473
78	137	0.958709
78	141	0.945592
78	147	0.977453
78	148	0.979422
78	151	1.04543
78	169	1.07898
78	171	1.15763
78	173	0.958957
78	174	1.05865
78	177	0.969352
78	179	1.0716
79	43	0.859483
79	93	1.1383
79	100	0.987145
79	102	1.09656
79	124	0.936875
79	134	0.952589
79	135	1.00025
79	139	0.96553
79	149	0.941516
79	151	0.977647
79	152	0.979
79	158	0.965612
79	163	0.962246
79	167	1.17576
79	172	0.975836
79	174	0.987404
79	175	1.12882
79	180	0.96835
80	13	0.868635
80	63	1.00648
80	69	1.01107
80	91	1.02707
80	95	0.861865
80	112	1.04629
80	123	1.04013
80	124	0.988911
80	131	1.01518
80	134	1.00463
80	135	1.05229
80	153	1.01487
80	154	1.04976
80	157	1.015
80	160	0.986265
80	172	1.02787
80	173	1.0182
80	177	0.941613
80	180	1.02039
81	45	1.04443
81	49	1.04009
81	66	0.968019
81	71	0.823816
81	76	1.03426
81	100	1.03655
81	106	1.01448
81	112	1.04367
81	113	1.02637
81	136	0.896174
81	142	1.00153
81	151	1.02706
81	154	1.04713
81	159	1.01863
81	163	1.01165
81	166	1.00637
81	171	1.00873
81	178	0.933009
81	180	1.01776
82	29	0.919017
82	32	1.0017
82	48	1.03484
82	60	0.989637
82	85	1.01882
82	92	0.878613
82	93	1.00851
82	138	1.01093
82	162	1.01462
82	164	1.0489
82	165	1.03286
82	166	1.00656
82	170	1.03086
82	172	0.959336
82	173	0.969032
82	174	1.03701
82	175	1.02949
82	179	1.02489
82	180	0.987829
83	1	0.854084
83	6	0.888195
83	23	1.03094
83	52	1.03979
83	60	1.03546
83	65	1.01396
83	76	0.989119
83	97	1.08427
83	104	0.871875
83	126	1.0209
83	136	1.02956
83	147	0.9649
83	160	1.00202
83	165	1.03434
83	167	1.02789
83	168	1.02746
83	174	1.03849
83	175	1.03096
83	178	1.01456
84	37	0.979663
84	96	0.930149
84	100	0.966056
84	101	1.07176
84	109	1.04016
84	132	1.04566
84	133	0.936665
84	138	0.990422
84	144	0.993406
84	150	1.04624
84	160	0.980032
84	162	0.994114
84	166	0.986053
84	167	1.00591
84	169	1.00889
84	174	1.0165
84	175	1.00898
84	176	0.99892
84	178	0.992577
84	179	1.00438
85	54	0.988714
85	59	1.01794
85	82	1.01882
85	90	0.878594
85	95	1.02454
85	97	1.0751
85	99	0.949121
85	114	0.953476
85	117	1.01023
85	120	1.02899
85	139	1.0551
85	158	0.982186
85	162	0.98513
85	164	1.0194
85	165	1.00337
85	167	0.996923
85	175	0.999994
85	177	0.996667
85	179	0.995398
85	180	1.02449
86	5	1.03978
86	38	0.875168
86	75	1.08096
86	88	1.02577
86	93	0.974186
86	95	1.01971
86	104	0.931924
86	117	1.0054
86	129	1.02841
86	136	0.993761
86	143	1.00326
86	144	0.979593
86	161	1.02466
86	162	0.9803
86	164	1.01457
86	170	0.996541
86	172	1.06521
86	175	0.995164
86	178	0.978763
86	179	0.990568
87	5	0.929715
87	43	0.791011
87	52	0.953098
87	97	0.968118
87	101	1.0088
87	114	1.16346
87	124	0.966232
87	125	1.02167
87	130	0.990038
87	132	0.985814
87	134	0.981946
87	135	1.02961
87	146	1.02989
87	150	0.999229
87	154	1.02708
87	165	1.08275
87	171	0.988681
87	172	1.00519
87	179	1.07972
87	180	0.997707
88	57	1.17847
88	86	1.02577
88	97	0.954893
88	100	1.00328
88	114	1.05429
88	134	0.968721
88	139	0.981662
88	142	0.968252
88	144	1.03589
88	145	0.974933
88	149	0.957648
88	150	0.986004
88	151	0.993779
88	156	0.984621
88	163	0.978378
88	167	0.998119
88	168	1.00486
88	169	0.995927
88	171	0.975456
88	172	0.991968
88	180	0.984482
89	10	1.03352
89	12	0.923392
89	26	0.993916
89	31	0.972945
89	33	0.962434
89	39	0.928144
89	40	0.926997
89	47	0.940486
89	55	1.00947
89	58	1.0041
89	62	0.966742
89	77	1.05423
89	91	0.968229
89	98	0.9951
89	122	1.0203
89	151	1.02348
89	163	1.13177
89	164	1.0132
89	169	1.05703
89	174	1.0367
89	179	1.04965
90	54	1.07146
90	75	1.02332
90	85	0.878594
90	101	1.06057
90	107	1.0433
90	113	1.05808
90	119	0.976161
90	123	1.06921
90	127	0.891896
90	129	0.858529
90	132	1.03758
90	136	0.886642
90	150	1.05099
90	156	1.04961
90	157	1.04409
90	166	1.03808
90	167	0.920148
90	172	1.05696
90	173	1.04728
90	176	0.885015
90	180	1.04947
91	1	1.04254
91	6	1.04007
91	20	0.981201
91	26	0.984571
91	31	0.9636
91	33	0.953089
91	39	0.918799
91	40	0.917652
91	47	0.931141
91	55	1.00012
91	62	0.957397
91	77	1.04488
91	80	1.02707
91	89	0.968229
91	98	0.985755
91	103	1.1445
91	122	1.01095
91	159	1.05563
91	169	1.04099
91	175	1.01425
91	176	1.02605
92	15	0.853347
92	19	0.922417
92	65	0.930151
92	82	0.878613
92	97	1.02275
92	101	1.06344
92	102	0.877635
92	103	1.04293
92	124	1.02086
92	134	1.03658
92	142	1.03611
92	146	1.08452
92	150	1.05386
92	152	1.06299
92	155	1.06861
92	158	1.0496
92	161	1.05917
92	163	1.04624
92	165	0.93229
92	170	0.904856
92	180	1.05234
93	42	1.08508
93	57	0.920061
93	79	1.1383
93	82	1.00851
93	86	0.974186
93	99	0.938812
93	119	0.963908
93	120	1.01868
93	123	0.96099
93	126	0.979619
93	129	1.02293
93	134	1.02909
93	140	1.02405
93	142	1.06418
93	143	0.997781
93	159	0.97902
93	160	0.960738
93	162	0.97482
93	164	1.00909
93	166	0.96676
93	179	0.985089
94	52	1.06184
94	108	0.827721
94	114	1.00649
94	120	1.082
94	126	1.04294
94	129	1.08625
94	138	1.03445
94	140	0.942416
94	153	0.917545
94	154	0.84313
94	161	0.877898
94	162	1.03814
94	167	1.04994
94	168	1.0495
94	170	1.05439
94	171	0.945191
94	175	1.05301
94	176	1.04295
94	177	1.04968
94	179	1.04841
94	180	0.946945
95	53	1.02933
95	80	0.861865
95	85	1.02454
95	86	1.01971
95	101	0.978049
95	119	1.00943
95	120	1.0642
95	126	1.02514
95	127	1.02422
95	130	0.970166
95	134	0.956697
95	138	1.01665
95	142	0.991786
95	144	1.01964
95	147	0.887435
95	160	1.00626
95	167	1.03214
95	170	1.03659
95	174	1.04273
95	178	1.01881
95	179	1.03061
95	180	0.956191
96	28	0.933941
96	41	0.985234
96	64	1.0063
96	70	0.909271
96	78	1.00145
96	84	0.930149
96	108	1.07359
96	110	1.06426
96	121	0.999143
96	128	1.06675
96	133	1.05623
96	134	1.00701
96	137	1.02547
96	141	1.01235
96	147	1.04421
96	148	1.04618
96	151	0.892554
96	159	0.940744
96	169	0.926109
96	173	1.02571
96	176	1.02938
96	177	1.03611
97	11	0.899973
97	54	0.979999
97	83	1.08427
97	85	1.0751
97	87	0.968118
97	88	0.954893
97	92	1.02275
97	99	1.24326
97	107	0.951839
97	130	0.95034
97	134	0.942248
97	135	0.98991
97	136	1.08315
97	140	0.962052
97	143	1.03075
97	150	0.959531
97	151	0.967306
97	152	0.968659
97	159	0.958877
97	172	0.965496
97	176	1.08153
97	180	0.958009
98	1	1.06941
98	6	1.06694
98	10	1.05104
98	12	0.940918
98	15	1.0567
98	20	1.00807
98	26	1.01144
98	33	0.97996
98	39	0.945671
98	40	0.944524
98	47	0.958012
98	55	1.02699
98	58	1.02163
98	89	0.9951
98	91	0.985755
98	111	0.952975
98	122	1.03782
98	138	1.0024
98	151	0.944735
98	159	0.992925
98	166	1.04332
98	168	1.00522
98	169	0.978289
99	9	0.894877
99	44	0.915322
99	76	0.917944
99	85	0.949121
99	93	0.938812
99	97	1.24326
99	102	0.96409
99	117	0.970027
99	119	0.934013
99	125	1.06697
99	129	0.993031
99	134	1.19316
99	144	0.944218
99	145	1.191
99	146	1.08617
99	161	1.12361
99	162	0.944925
99	164	0.979198
99	166	0.936865
99	167	0.956718
99	168	0.956284
99	170	0.961167
99	178	0.943388
100	11	0.948357
100	21	1.02529
100	62	0.981842
100	69	1.02155
100	76	1.08678
100	79	0.987145
100	81	1.03655
100	84	0.966056
100	88	1.00328
100	107	1.00022
100	110	0.931192
100	125	1.03035
100	127	0.953955
100	130	0.998724
100	139	1.00357
100	156	1.00653
100	158	1.00365
100	161	1.01323
100	171	0.997367
100	172	1.01388
100	174	1.02545
100	179	0.954636
100	180	1.00639
101	5	0.910332
101	18	0.948588
101	36	0.98641
101	42	0.967316
101	50	0.948263
101	60	0.991412
101	84	1.07176
101	87	1.0088
101	90	1.06057
101	92	1.06344
101	95	0.978049
101	107	0.992524
101	109	1.00511
101	112	1.0246
101	124	0.967219
101	140	1.00274
101	146	1.03087
101	150	1.00022
101	152	1.00934
101	170	1.03593
101	171	0.989668
101	172	1.00618
101	180	0.998694
102	50	1.02646
102	67	0.993684
102	70	0.992416
102	72	1.01847
102	79	1.09656
102	92	0.877635
102	99	0.96409
102	105	0.998031
102	129	1.0482
102	145	0.985196
102	150	0.983196
102	151	1.01273
102	156	0.973058
102	160	0.986017
102	162	1.0001
102	164	1.03437
102	166	0.992038
102	170	1.01634
102	173	0.968054
102	175	1.01496
102	177	1.01164
102	178	0.998562
102	179	1.01037
103	21	0.997093
103	24	1.00152
103	36	0.965909
103	46	0.943839
103	50	0.949512
103	53	1.01374
103	62	1.08879
103	91	1.1445
103	92	1.04293
103	104	1.04151
103	107	0.972023
103	120	0.943944
103	126	1.05347
103	140	0.982236
103	143	1.00324
103	154	1.00756
103	155	0.99446
103	156	0.978331
103	158	0.975454
103	159	0.97906
103	161	0.985027
103	171	0.969167
103	172	0.985679
103	180	0.978192
104	60	1.04364
104	69	0.943611
104	71	0.798404
104	83	0.871875
104	86	0.931924
104	103	1.04151
104	107	1.04475
104	112	1.07683
104	119	0.960282
104	125	1.07488
104	132	1.03902
104	149	1.02408
104	150	1.05244
104	152	1.06157
104	153	1.0454
104	156	1.05106
104	157	1.04553
104	161	1.05775
104	167	0.904269
104	168	0.911012
104	171	1.04189
104	173	1.04873
104	179	0.876698
104	180	1.05092
105	25	0.991254
105	26	1.0069
105	29	1.01793
105	32	0.965948
105	42	1.14324
105	64	0.979371
105	102	0.998031
105	122	0.931047
105	124	1.10663
105	126	0.983665
105	133	0.973505
105	144	0.978159
105	159	0.983066
105	161	1.01769
105	164	1.01314
105	165	0.997102
105	167	0.990659
105	168	0.990225
105	170	0.995108
105	175	0.993731
105	176	0.983673
105	177	0.990403
105	178	0.97733
105	179	0.989135
106	42	0.952939
106	60	0.977035
106	61	1.05766
106	66	1.08327
106	81	1.01448
106	126	1.00924
106	129	0.983307
106	131	0.979113
106	132	0.972423
106	135	1.01622
106	140	0.98836
106	146	1.0165
106	148	1.03055
106	152	0.994966
106	155	1.00058
106	161	0.991151
106	163	0.978213
106	164	0.980901
106	166	0.972923
106	168	1.05167
106	171	0.975291
106	173	0.982126
106	174	1.00337
106	180	0.984316
107	15	0.949804
107	22	0.988579
107	90	1.0433
107	97	0.951839
107	100	1.00022
107	101	0.992524
107	103	0.972023
107	104	1.04475
107	131	0.976225
107	134	0.965668
107	144	1.09106
107	145	0.971879
107	150	0.982951
107	151	0.990726
107	152	0.992079
107	156	0.981567
107	162	1.03934
107	163	0.975325
107	164	0.989266
107	167	1.05329
107	172	0.988915
107	176	1.01816
107	178	1.05662
107	180	0.981428
108	28	0.939324
108	34	1.00612
108	56	0.974002
108	66	0.985164
108	72	1.00153
108	78	1.00684
108	94	0.827721
108	96	1.07359
108	111	0.90132
108	116	1.05635
108	121	1.00453
108	123	1.05303
108	128	1.07213
108	133	1.06161
108	137	1.03085
108	141	1.01773
108	147	1.04959
108	148	1.05156
108	157	0.958893
108	159	0.94127
108	166	0.991667
108	173	1.0311
108	174	0.906305
108	176	1.03476
108	177	1.04149
109	13	1.08588
109	45	0.979595
109	54	0.947473
109	59	1.05979
109	60	0.985062
109	66	1.01195
109	67	1.02056
109	70	1.0193
109	76	0.999996
109	84	1.04016
109	101	1.00511
109	114	0.995324
109	119	1.01607
109	126	1.03178
109	127	1.03085
109	146	0.876769
109	151	1.03961
109	152	0.896218
109	154	0.87944
109	155	0.930473
109	164	1.06125
109	165	1.04521
109	178	1.02544
109	179	1.03725
109	180	0.983254
110	41	0.981282
110	54	0.979254
110	72	0.992191
110	74	1.07755
110	78	0.997501
110	96	1.06426
110	100	0.931192
110	116	1.04701
110	121	0.99519
110	123	1.04369
110	128	1.06279
110	129	0.893208
110	130	1.01628
110	133	1.05228
110	137	1.02151
110	141	1.0084
110	147	1.04026
110	148	1.04223
110	157	0.966895
110	159	0.949272
110	161	0.945988
110	169	0.934636
110	174	0.914306
110	176	1.02543
110	177	1.03216
111	25	1.03117
111	31	1.03221
111	38	1.0873
111	45	0.971396
111	53	1.02777
111	58	0.915893
111	77	0.848291
111	98	0.952975
111	108	0.90132
111	112	1.04802
111	116	0.928844
111	118	1.07882
111	119	1.00787
111	137	0.958832
111	142	1.00588
111	147	0.951788
111	150	1.02363
111	157	1.01673
111	168	1.03014
111	170	1.03502
111	171	1.01308
111	172	1.0296
111	174	1.04116
111	177	1.03031
111	180	1.02211
112	13	0.846199
112	25	1.02256
112	48	0.915399
112	51	0.913081
112	80	1.04629
112	81	1.04367
112	101	1.0246
112	104	1.07683
112	111	1.04802
112	118	1.07022
112	119	1.0053
112	131	1.0083
112	139	1.01069
112	144	0.987053
112	146	1.04569
112	150	1.01503
112	153	1.00799
112	155	1.02977
112	163	1.0074
112	168	0.956031
112	169	1.02495
112	171	1.00448
112	178	0.952616
112	179	0.921716
112	180	1.01351
113	21	1.01511
113	60	0.988927
113	62	1.00035
113	81	1.02637
113	90	1.05808
113	118	1.05292
113	123	1.01595
113	125	1.02017
113	127	0.972465
113	131	0.991005
113	140	1.00025
113	153	0.990696
113	154	1.02558
113	155	1.01248
113	159	0.997076
113	161	1.00304
113	162	0.986766
113	165	0.976174
113	171	0.987183
113	172	1.0037
113	174	1.01526
113	175	0.953778
113	176	0.965584
113	177	0.970607
113	179	0.973146
113	180	0.996208
114	17	0.893434
114	24	1.04852
114	42	1.17872
114	85	0.953476
114	87	1.16346
114	88	1.05429
114	94	1.00649
114	109	0.995324
114	115	0.922721
114	119	0.938368
114	129	0.997386
114	132	1.11798
114	160	0.935199
114	162	0.949281
114	163	1.11655
114	164	0.983553
114	166	0.94122
114	167	0.961073
114	168	0.960639
114	169	0.964058
114	170	0.965522
114	175	0.964145
114	177	0.960817
114	178	0.947744
114	179	0.959549
114	180	1.12222
115	3	1.01023
115	9	0.904327
115	17	0.898529
115	22	1.05499
115	23	0.969219
115	52	0.978066
115	65	0.952235
115	114	0.922721
115	139	1.16623
115	142	1.17122
115	144	0.953668
115	145	1.13397
115	147	1.06687
115	149	1.14212
115	151	0.967004
115	161	1.06658
115	162	0.954375
115	164	0.988647
115	165	0.972611
115	166	0.946314
115	168	0.965734
115	169	0.969152
115	175	0.969239
115	176	0.959181
115	177	0.965912
115	178	0.952838
116	18	1.06734
116	25	1.01375
116	28	0.916695
116	41	0.967987
116	45	0.959943
116	56	0.951373
116	64	1.03435
116	74	1.06425
116	108	1.05635
116	110	1.04701
116	111	0.928844
116	121	0.981896
116	128	1.0495
116	133	1.03898
116	137	1.00822
116	141	0.995102
116	147	1.02696
116	148	1.02893
116	157	0.986417
116	159	0.968794
116	164	0.910324
116	173	1.00847
116	174	0.933828
116	176	1.01213
116	177	1.01886
116	180	1.03456
117	4	1.06165
117	53	1.01503
117	57	0.951277
117	59	1.03885
117	65	1.0039
117	70	0.998353
117	85	1.01023
117	86	1.0054
117	99	0.970027
117	124	1.00066
117	130	0.994743
117	136	1.0195
117	149	0.987263
117	155	0.927987
117	163	0.9751
117	164	1.04031
117	166	0.997975
117	168	1.01739
117	171	0.979014
117	173	0.961971
117	175	1.0209
117	176	1.01084
117	177	1.01757
117	178	1.0045
117	179	1.0163
117	180	0.980768
118	25	1.05336
118	51	0.895899
118	54	1.0663
118	111	1.07882
118	112	1.07022
118	113	1.05292
118	122	0.836622
118	124	1.01283
118	126	0.896417
118	132	1.03241
118	135	1.07621
118	138	0.936025
118	140	1.04835
118	146	1.07649
118	149	1.01747
118	152	1.05496
118	157	1.03893
118	161	1.05114
118	163	1.0382
118	164	0.86808
118	165	0.907561
118	167	0.932105
118	168	0.938849
118	171	1.03528
118	172	1.05179
118	175	0.885166
118	180	1.04431
119	57	0.915263
119	59	1.00284
119	90	0.976161
119	93	0.963908
119	95	1.00943
119	99	0.934013
119	104	0.960282
119	109	1.01607
119	111	1.00787
119	112	1.0053
119	114	0.938368
119	120	1.01388
119	126	0.974821
119	131	1.12258
119	151	0.982651
119	152	1.03503
119	157	0.967971
119	158	1.07975
119	162	0.970022
119	164	1.00429
119	165	0.988258
119	167	0.981814
119	168	0.981381
119	170	0.986263
119	173	1.10327
119	174	0.992408
119	178	0.968485
119	180	1.12206
120	17	0.968945
120	39	1.05162
120	70	1.01711
120	73	0.999566
120	85	1.02899
120	93	1.01868
120	94	1.082
120	95	1.0642
120	103	0.943944
120	119	1.01388
120	126	1.02959
120	129	1.0729
120	131	0.921358
120	135	0.827114
120	138	1.0211
120	143	1.04775
120	145	0.919182
120	159	1.02899
120	160	1.01071
120	166	1.01673
120	167	1.03658
120	168	1.03615
120	170	1.04103
120	171	0.919083
120	173	0.90204
120	176	1.0296
120	179	1.03506
120	180	0.920837
121	3	0.94111
121	14	1.01503
121	43	1.13865
121	56	0.899553
121	63	1.07117
121	72	0.927077
121	74	1.01243
121	78	0.932386
121	96	0.999143
121	108	1.00453
121	110	0.99519
121	116	0.981896
121	123	0.978579
121	128	0.997678
121	130	0.951169
121	133	0.987163
121	141	0.943282
121	147	0.975143
121	148	0.977112
121	151	1.04807
121	159	1.09626
121	164	1.03779
121	165	1.07727
121	169	1.08162
121	173	0.956647
121	174	1.06129
121	176	0.960311
121	177	0.967042
122	1	1.09461
122	6	1.09213
122	10	1.07624
122	12	0.966113
122	15	1.0819
122	20	1.03327
122	26	1.03664
122	31	1.01567
122	33	1.00516
122	39	0.970865
122	40	0.969718
122	47	0.983207
122	55	1.05219
122	58	1.04683
122	62	1.00946
122	68	0.978637
122	77	1.09695
122	89	1.0203
122	91	1.01095
122	98	1.03782
122	105	0.931047
122	118	0.836622
122	139	1.00117
122	156	0.956773
122	157	0.922425
122	166	0.9552
122	173	0.951769
122	176	0.875225
123	23	0.909644
123	64	1.05846
123	80	1.04013
123	90	1.06921
123	93	0.96099
123	108	1.05303
123	110	1.04369
123	113	1.01595
123	121	0.978579
123	124	0.975865
123	126	0.962768
123	133	1.03567
123	137	1.0049
123	141	0.991786
123	143	0.912543
123	144	1.03622
123	145	0.997791
123	147	1.02365
123	148	1.02562
123	149	0.980506
123	164	0.934431
123	169	1.01879
123	171	0.998315
123	172	1.01483
123	175	0.951517
123	176	1.00881
123	177	1.01554
123	179	0.970885
123	180	1.00734
124	17	1.27895
124	68	0.959719
124	79	0.936875
124	80	0.988911
124	87	0.966232
124	92	1.02086
124	101	0.967219
124	105	1.10663
124	117	1.00066
124	118	1.01283
124	123	0.975865
124	127	1.05769
124	145	0.946574
124	150	0.957645
124	152	0.966773
124	153	0.95061
124	154	0.985492
124	155	0.972391
124	156	0.956262
124	158	0.953385
124	163	0.950019
124	165	1.0614
124	167	1.08594
124	171	0.947097
124	173	0.953933
124	174	0.975177
124	176	1.05081
124	177	1.05583
124	180	0.956123
125	17	1.13338
125	36	0.999277
125	73	0.992095
125	75	0.985408
125	76	1.04494
125	87	1.02167
125	99	1.06697
125	100	1.03035
125	104	1.07488
125	113	1.02017
125	131	1.00636
125	132	0.999667
125	138	0.944285
125	139	1.00874
125	140	1.0156
125	146	1.04374
125	149	0.984726
125	153	1.00605
125	154	1.04093
125	155	1.02783
125	170	0.888387
125	171	1.00253
125	172	1.01905
125	173	1.00937
125	175	0.893426
125	176	0.905232
125	177	0.910255
125	179	0.912794
125	180	1.01156
126	33	0.968913
126	46	1.12107
126	48	1.00595
126	50	1.01209
126	83	1.0209
126	93	0.979619
126	94	1.04294
126	95	1.02514
126	103	1.05347
126	105	0.983665
126	106	1.00924
126	109	1.03178
126	118	0.896417
126	119	0.974821
126	120	1.02959
126	123	0.962768
126	130	1.04434
126	138	0.982042
126	144	0.985026
126	154	0.926547
126	159	0.989933
126	160	0.971651
126	161	0.961315
126	167	0.997525
126	169	1.00051
126	170	1.00197
126	171	1.02861
126	174	1.00812
126	176	0.990539
126	177	0.997269
127	51	1.02116
127	68	0.991738
127	69	0.987665
127	71	1.0374
127	76	0.957829
127	90	0.891896
127	95	1.02422
127	100	0.953955
127	109	1.03085
127	113	0.972465
127	124	1.05769
127	129	1.03292
127	131	1.03832
127	138	0.981119
127	144	0.984103
127	150	1.03414
127	151	0.99744
127	155	0.985016
127	160	0.970728
127	162	0.98481
127	163	1.03213
127	164	1.01908
127	165	1.00305
127	170	1.00105
127	174	1.0072
127	175	0.999675
127	176	0.989616
127	178	0.983273
127	179	0.995079
127	180	1.0378
128	14	1.08263
128	30	1.03327
128	41	0.983769
128	56	0.967155
128	61	1.02693
128	68	0.996998
128	72	0.994679
128	74	1.08003
128	96	1.06675
128	108	1.07213
128	110	1.06279
128	116	1.0495
128	121	0.997678
128	130	1.01877
128	133	1.05477
128	137	1.024
128	141	1.01088
128	147	1.04274
128	148	1.04471
128	159	0.923164
128	162	0.914768
128	165	0.904176
128	166	0.973561
128	168	0.935463
128	169	0.908528
128	173	1.02425
128	174	0.888199
128	175	0.88178
128	176	1.02791
128	177	1.03464
128	180	0.988927
129	10	0.863653
129	16	0.966396
129	52	1.05273
129	65	1.0269
129	86	1.02841
129	90	0.858529
129	93	1.02293
129	94	1.08625
129	99	0.993031
129	102	1.0482
129	106	0.983307
129	110	0.893208
129	114	0.997386
129	120	1.0729
129	127	1.03292
129	131	1.00495
129	135	0.910707
129	146	0.897945
129	152	0.917395
129	153	0.97503
129	160	1.01496
129	162	1.02904
129	163	0.998763
129	164	1.06331
129	165	1.04728
129	166	1.02098
129	168	1.0404
129	170	1.04528
129	175	1.0439
129	178	1.0275
129	179	1.03931
130	3	0.91932
130	44	1.17596
130	59	1.01486
130	65	1.05334
130	67	1.06107
130	73	0.960465
130	78	0.953479
130	87	0.990038
130	95	0.970166
130	97	0.95034
130	100	0.998724
130	110	1.01628
130	117	0.994743
130	121	0.951169
130	126	1.04434
130	128	1.01877
130	133	1.00826
130	135	1.01183
130	137	0.977491
130	146	1.01211
130	147	0.996235
130	148	0.998205
130	153	0.974417
130	159	0.980798
130	161	0.986765
130	162	1.06607
130	172	0.987416
130	173	0.97774
130	176	0.981404
130	177	0.988134
130	180	0.97993
131	19	1.03215
131	42	0.951017
131	46	0.948042
131	48	1.03268
131	49	1.00473
131	80	1.01518
131	106	0.979113
131	107	0.976225
131	112	1.0083
131	113	0.991005
131	119	1.12258
131	120	0.921358
131	125	1.00636
131	127	1.03832
131	129	1.00495
131	134	0.966634
131	140	0.986438
131	145	0.972846
131	151	0.991692
131	152	0.993045
131	153	0.976882
131	154	1.01176
131	155	0.998663
131	158	0.979657
131	163	0.976291
131	165	1.04203
131	167	1.06657
131	169	0.99384
131	172	0.989881
131	179	1.039
131	180	0.982395
132	24	0.999037
132	29	1.00204
132	42	0.944327
132	52	0.90762
132	71	0.955947
132	75	0.949553
132	84	1.04566
132	87	0.985814
132	90	1.03758
132	104	1.03902
132	106	0.972423
132	114	1.11798
132	118	1.03241
132	125	0.999667
132	138	1.06573
132	145	0.966156
132	153	0.970192
132	154	1.00507
132	155	0.991973
132	158	0.972967
132	159	0.976573
132	160	1.07635
132	161	0.98254
132	162	1.04786
132	163	0.969601
132	168	1.06856
132	169	0.98715
132	171	0.966679
132	173	0.973515
132	175	1.01487
132	180	0.975705
133	28	0.921961
133	30	1.02276
133	45	0.96521
133	61	1.01642
133	72	0.984164
133	73	1.09175
133	74	1.06952
133	78	0.989473
133	84	0.936665
133	96	1.05623
133	105	0.973505
133	108	1.06161
133	110	1.05228
133	116	1.03898
133	121	0.987163
133	123	1.03567
133	128	1.05477
133	130	1.00826
133	137	1.01349
133	141	1.00037
133	147	1.03223
133	148	1.0342
133	158	0.970715
133	159	0.94726
133	165	0.928272
133	166	0.997657
133	169	0.932624
133	173	1.01373
133	174	0.912295
133	176	1.0174
133	177	1.02413
133	179	0.925245
134	27	0.996983
134	33	1.13399
134	46	0.937484
134	48	1.03267
134	73	0.952373
134	75	0.945686
134	76	1.17113
134	79	0.952589
134	80	1.00463
134	87	0.981946
134	88	0.968721
134	92	1.03658
134	93	1.02909
134	95	0.956697
134	96	1.00701
134	97	0.942248
134	99	1.19316
134	107	0.965668
134	131	0.966634
134	145	0.962288
134	150	0.97336
134	152	0.982488
134	154	1.00121
134	156	0.971976
134	161	0.978672
134	164	1.00253
134	168	1.0733
134	169	0.983283
134	171	0.962812
134	173	0.969648
134	174	0.990892
134	180	0.971837
135	6	0.887073
135	9	1.20258
135	22	1.02665
135	46	0.985146
135	49	1.04183
135	66	1.01067
135	73	1.00003
135	75	0.993347
135	79	1.00025
135	80	1.05229
135	87	1.02961
135	97	0.98991
135	106	1.01622
135	118	1.07621
135	120	0.827114
135	129	0.910707
135	130	1.01183
135	139	1.01668
135	142	1.00327
135	153	1.01399
135	157	1.01412
135	158	1.01676
135	160	0.986868
135	161	1.02633
135	164	0.908301
135	166	1.00811
135	168	0.97907
135	169	1.03094
135	172	1.02699
135	177	0.942216
135	179	0.944755
135	180	1.0195
136	13	1.0533
136	19	1.01448
136	37	0.979945
136	48	1.01461
136	57	0.939636
136	66	0.979366
136	81	0.896174
136	83	1.02956
136	86	0.993761
136	90	0.886642
136	97	1.08315
136	117	1.0195
136	137	0.970832
136	143	1.01736
136	145	1.03089
136	148	0.957959
136	149	1.03904
136	153	1.00314
136	159	0.998595
136	160	0.980313
136	162	0.994395
136	163	1.02688
136	164	1.02867
136	165	1.01263
136	167	1.00619
136	168	1.00575
136	169	1.00917
136	172	1.00405
136	174	1.01678
136	175	1.00926
136	176	0.999201
136	178	0.992858
136	179	1.00466
137	8	0.852257
137	14	1.04135
