1	57	0.977469
1	101	0.909096
1	105	0.918927
1	124	0.895476
1	134	1.05138
1	143	0.880754
1	159	1.06623
1	171	1.02341
1	173	1.03013
1	178	1.01718
1	179	1.01731
1	180	0.992119
2	34	1.01248
2	42	1.01729
2	59	1.0458
2	93	1.03907
2	103	1.02284
2	107	0.990511
2	167	0.949027
2	168	1.01105
2	172	0.905003
2	175	1.11667
2	177	1.072
2	180	1.03816
3	20	1.01946
3	21	0.87526
3	32	0.904229
3	57	0.84942
3	58	0.846301
3	83	0.893524
3	86	0.948128
3	108	0.865056
3	128	1.21865
3	145	1.15526
3	166	1.29753
3	179	1.30359
4	66	0.9909
4	118	1.01956
4	120	1.05929
4	128	1.02642
4	132	1.05719
4	136	1.01643
4	138	0.999378
4	139	1.02547
4	161	0.972162
4	164	1.00385
4	172	0.98523
4	179	1.0718
5	38	0.956285
5	99	1.04404
5	100	1.04078
5	105	1.00513
5	114	1.05412
5	115	0.98857
5	131	1.00127
5	141	0.996164
5	147	1.0448
5	162	1.06306
5	164	0.994148
5	165	1.02238
6	72	0.971582
6	98	0.902912
6	105	1.02148
6	111	1.03074
6	114	1.07047
6	115	1.00492
6	144	1.0071
6	147	1.06115
6	158	1.00678
6	165	1.03872
6	173	1.03808
6	178	1.06312
7	42	1.00858
7	84	1.01562
7	93	1.03036
7	94	0.909925
7	97	1.08189
7	103	1.01413
7	107	0.981798
7	137	0.952938
7	159	0.941079
7	168	1.05489
7	175	1.16051
7	177	1.06329
8	31	0.96089
8	32	0.90705
8	57	0.852242
8	58	0.849122
8	60	0.915103
8	71	1.19268
8	83	0.896346
8	86	0.95095
8	108	0.867878
8	157	1.22369
8	173	1.26849
8	178	1.29353
9	36	1.01503
9	92	1.03726
9	95	0.905132
9	117	1.04408
9	150	0.986588
9	152	1.04178
9	157	1.03545
9	160	1.02312
9	167	1.0047
9	172	0.987485
9	178	1.06183
9	179	1.07406
10	70	0.900959
10	73	0.963119
10	78	0.858952
10	90	0.872643
10	95	1.14724
10	98	1.14373
10	106	0.915502
10	112	0.92439
10	113	0.901883
10	146	0.865168
10	174	1.23888
10	175	1.44126
11	23	0.884477
11	27	0.889027
11	43	0.905236
11	52	0.865545
11	65	0.892692
11	80	0.908975
11	85	0.909061
11	134	1.20834
11	156	0.953603
11	164	1.22358
11	172	1.20497
11	180	1.33812
12	50	0.992348
12	91	1.04855
12	101	1.02679
12	109	0.897798
12	110	1.01012
12	123	1.04051
12	125	1.04337
12	148	1.03291
12	157	0.979289
12	160	1.04159
12	163	1.04035
12	176	1.07011
13	43	1.03393
13	52	0.994241
13	63	0.9486
13	76	1.06852
13	80	1.03767
13	85	1.03776
13	116	1.00749
13	119	0.985816
13	135	0.956798
13	156	1.0823
13	178	1.02828
13	179	1.04051
14	107	1.05412
14	117	1.11768
14	152	1.11538
14	153	0.897183
14	158	0.926247
14	160	1.09672
14	161	0.895176
14	167	1.0783
14	170	0.91465
14	171	0.987402
14	177	1.1356
15	79	0.968083
15	92	0.982912
15	116	1.04381
15	117	0.98973
15	124	0.974214
15	152	0.987427
15	157	0.981099
15	160	0.968769
15	167	0.950352
15	168	1.0963
15	169	1.01291
15	175	1.20192
15	178	1.0646
16	45	0.890887
16	64	1.1199
16	111	1.10258
16	114	1.14231
16	115	1.07676
16	119	0.909925
16	143	1.1123
16	147	1.13299
16	149	0.865343
16	150	0.877147
16	165	1.11057
16	175	1.08971
16	177	0.826969
17	102	0.979488
17	130	0.974807
17	132	1.00484
17	136	0.964076
17	138	0.947024
17	139	0.97312
17	142	0.979106
17	143	0.978946
17	159	1.01753
17	161	1.01223
17	170	1.0317
17	175	1.23696
17	176	1.12062
18	42	0.953851
18	59	0.982356
18	84	0.960888
18	93	0.975626
18	97	1.02716
18	103	0.959401
18	107	0.92707
18	137	1.06646
18	157	1.06687
18	164	1.08099
18	166	1.14288
18	172	1.06237
18	177	1.00856
19	21	0.95201
19	31	1.03482
19	32	0.980979
19	45	1.03986
19	57	0.92617
19	58	0.923051
19	60	0.989032
19	83	0.970274
19	86	1.02488
19	148	1.08513
19	173	1.07632
19	178	1.10136
19	179	1.11359
20	3	1.01946
20	28	0.985846
20	37	0.855019
20	57	1.09328
20	58	1.09016
20	60	1.15614
20	83	1.13738
20	86	1.19199
20	108	1.10891
20	128	0.837778
20	148	0.894256
20	170	0.842546
20	175	1.0478
21	3	0.87526
21	19	0.95201
21	32	1.00389
21	57	0.949078
21	60	1.01194
21	83	0.993182
21	86	1.04779
21	108	0.964714
21	116	1.09947
21	144	1.06424
21	169	1.06857
21	172	1.04592
21	176	1.14124
22	53	1.0329
22	73	1.00957
22	77	1.00447
22	106	0.961949
22	112	0.970837
22	113	0.94833
22	119	1.08664
22	122	0.960974
22	134	1.05813
22	146	0.911615
22	148	1.11287
22	151	1.11315
22	159	1.04699
23	11	0.884477
23	37	1.08916
23	48	0.987003
23	63	0.904414
23	65	0.977202
23	76	1.02433
23	80	0.993486
23	85	0.993571
23	133	1.09117
23	156	1.03811
23	174	1.07956
23	177	1.0192
23	178	1.14462
24	51	0.935119
24	79	0.976655
24	117	0.998303
24	124	0.982786
24	127	0.985959
24	155	1.05798
24	157	0.989671
24	160	0.977342
24	167	0.958924
24	171	1.09028
24	174	1.0204
24	176	1.10644
24	180	1.14427
25	26	1.01682
25	101	1.03871
25	110	1.02203
25	122	1.05091
25	123	1.05242
25	124	1.05894
25	125	1.05529
25	152	1.07216
25	157	0.917947
25	159	0.905682
25	160	1.0535
25	168	1.01949
25	176	1.00877
25	179	1.00002
26	25	1.01682
26	73	0.99906
26	90	0.908584
26	103	1.10391
26	106	0.951443
26	113	0.937824
26	130	1.10768
26	138	1.13942
26	142	1.05332
26	158	0.951857
26	172	0.957007
26	178	0.906338
26	179	0.90647
26	180	0.881276
27	11	0.889027
27	52	0.954604
27	63	0.908963
27	65	0.981751
27	76	1.02888
27	80	0.998035
27	85	0.99812
27	133	1.07924
27	137	1.06244
27	154	1.07383
27	156	1.04266
27	172	1.05834
27	179	1.14492
28	20	0.985846
28	60	1.11626
28	114	1.09459
28	120	1.09073
28	135	0.975135
28	139	1.14043
28	163	0.937043
28	164	0.955627
28	170	0.9704
28	172	0.968787
28	175	0.86311
28	178	0.918118
28	179	0.918251
28	180	0.893057
29	51	0.902544
29	54	0.89985
29	79	0.94408
29	87	0.911608
29	117	0.965727
29	119	1.14827
29	127	0.953383
29	151	1.17479
29	157	0.957096
29	160	0.944766
29	167	0.926349
29	169	1.13905
29	173	1.16569
29	178	1.19073
30	37	1.00634
30	49	1.04992
30	61	1.06854
30	78	1.0165
30	90	1.03019
30	94	0.948538
30	106	1.07305
30	112	1.08194
30	113	1.05943
30	137	0.991552
30	146	1.02271
30	158	1.00546
30	159	0.979692
30	177	0.936383
31	8	0.96089
31	19	1.03482
31	32	1.08669
31	57	1.03189
31	58	1.02877
31	83	1.07599
31	86	1.13059
31	108	1.04752
31	121	0.854581
31	129	0.946794
31	167	0.970487
31	168	1.03251
31	178	1.0008
31	180	1.05962
32	3	0.904229
32	8	0.90705
32	19	0.980979
32	21	1.00389
32	31	1.08669
32	58	0.974927
32	60	1.04091
32	83	1.02215
32	86	1.07675
32	133	1.02637
32	155	1.05233
32	159	0.997707
32	167	1.0495
32	171	1.08463
32	173	1.05477
33	50	1.04263
33	104	0.972988
33	120	0.882179
33	123	0.927012
33	124	0.936402
33	129	1.02212
33	138	0.9772
33	158	1.03568
33	166	0.993992
33	171	0.996394
33	174	1.02011
33	176	0.984952
33	178	0.990163
33	179	0.990295
33	180	0.965101
34	2	1.01248
34	59	1.00242
34	62	1.00056
34	84	0.980947
34	93	0.995685
34	97	1.04722
34	103	0.97946
34	107	0.947129
34	116	1.06683
34	134	1.01665
34	164	1.03189
34	169	1.03593
34	170	1.01968
34	171	1.09243
34	177	1.02862
35	39	0.980854
35	40	0.986066
35	59	1.00709
35	62	1.00523
35	93	1.00036
35	97	1.05189
35	103	0.98413
35	107	0.951799
35	109	0.920745
35	151	1.05613
35	171	1.0769
35	174	1.00702
35	177	1.03329
35	178	1.07208
35	180	1.13089
36	9	1.01503
36	54	0.957349
36	71	0.986335
36	87	0.969107
36	92	1.01641
36	117	1.02323
36	141	1.03348
36	146	1.11025
36	152	1.02092
36	157	1.0146
36	160	1.00227
36	167	0.983848
36	172	1.01285
36	174	1.02213
36	179	1.09942
37	20	0.855019
37	23	1.08916
37	30	1.00634
37	81	1.02274
37	86	0.926497
37	131	1.02008
37	147	0.966029
37	155	1.01414
37	158	1.03663
37	169	1.02924
37	174	1.02106
37	175	0.936105
37	176	0.985903
37	178	0.991114
37	180	0.966052
38	5	0.956285
38	48	1.02129
38	112	0.962021
38	134	1.01264
38	143	0.961281
38	145	1.05348
38	147	0.927903
38	164	1.01595
38	165	0.960411
38	168	0.984571
38	170	1.03073
38	173	0.991389
38	178	0.978444
38	179	0.978576
38	180	0.953382
39	35	0.980854
39	40	0.988478
39	62	1.00764
39	84	0.988028
39	93	1.00277
39	97	1.0543
39	103	0.986541
39	107	0.95421
39	133	1.00613
39	163	1.0508
39	168	1.09128
39	170	0.991641
39	171	1.06439
39	177	1.0357
39	178	1.05957
40	35	0.986066
40	39	0.988478
40	59	1.01471
40	62	1.01285
40	84	0.993241
40	93	1.00798
40	103	0.991754
40	107	0.959423
40	133	1.02519
40	157	1.00879
40	161	0.991228
40	167	1.04832
40	168	1.11034
40	171	1.08345
40	177	1.04091
41	89	1.02574
41	99	1.01181
41	100	1.00856
41	111	0.982161
41	114	1.02189
41	115	0.956345
41	121	0.944068
41	143	0.991882
41	147	1.01258
41	150	1.01505
41	165	0.99015
41	168	1.12199
41	173	1.06525
41	174	1.02523
41	178	1.09029
42	2	1.01729
42	7	1.00858
42	18	0.953851
42	59	1.00722
42	84	0.985755
42	97	1.05203
42	103	0.984268
42	107	0.951937
42	126	1.08505
42	128	1.00957
42	141	1.02856
42	151	1.06632
42	155	1.05479
42	174	1.01721
42	177	1.03343
43	11	0.905236
43	13	1.03393
43	48	1.00776
43	63	0.925172
43	65	0.99796
43	76	1.04509
43	80	1.01424
43	85	1.01433
43	131	1.03283
43	141	1.02772
43	145	0.94533
43	156	1.05887
43	169	1.02974
43	172	1.00709
43	175	1.21875
44	50	0.956969
44	68	0.975481
44	74	1.04176
44	88	0.961731
44	125	1.00799
44	128	0.959275
44	131	0.98846
44	142	1.00717
44	155	1.0045
44	156	1.05465
44	160	1.00621
44	166	1.03815
44	167	1.00166
44	175	1.1693
44	180	1.09079
45	16	0.890887
45	19	1.03986
45	50	0.9842
45	56	0.962826
45	97	0.949868
45	117	0.965026
45	123	1.03236
45	125	1.03522
45	136	1.024
45	142	1.03441
45	162	0.991656
45	168	0.992849
45	176	0.981511
45	178	0.986721
45	180	0.96166
46	102	0.902445
46	108	0.87317
46	120	0.929893
46	128	0.897022
46	129	1.21822
46	130	0.897765
46	132	0.927794
46	136	0.887033
46	138	0.869982
46	139	0.896077
46	147	0.922598
46	154	1.21338
46	161	1.18482
46	178	1.27223
46	180	1.33104
47	55	1.05564
47	104	0.992211
47	118	0.988268
47	130	0.995867
47	132	1.0259
47	134	1.01778
47	135	1.01727
47	136	0.985136
47	138	0.968084
47	139	0.994179
47	144	1.03272
47	146	1.1118
47	155	1.06126
47	165	0.998274
47	170	1.02081
48	23	0.987003
48	38	1.02129
48	43	1.00776
48	52	0.96807
48	63	0.922429
48	65	0.995217
48	76	1.04235
48	80	1.0115
48	85	1.01159
48	95	0.958185
48	98	0.954673
48	131	1.06628
48	148	1.09865
48	156	1.05613
48	178	1.11488
49	30	1.04992
49	69	1.01097
49	70	0.969468
49	73	1.03163
49	77	1.02653
49	106	0.984011
49	109	1.04451
49	112	0.992899
49	113	0.970392
49	131	1.04518
49	146	0.933678
49	167	1.06347
49	172	1.01945
49	177	0.968372
49	180	1.1526
50	12	0.992348
50	33	1.04263
50	44	0.956969
50	45	0.9842
50	78	0.902961
50	101	0.94633
50	110	0.929655
50	122	0.958537
50	123	0.960043
50	125	0.962909
50	129	1.12181
50	135	1.10434
50	153	1.09042
50	156	1.00956
50	159	1.09372
50	163	1.16704
51	24	0.935119
51	29	0.902544
51	87	0.934979
51	92	0.98228
51	117	0.989098
51	124	0.973581
51	128	1.05636
51	141	1.07535
51	152	0.986795
51	157	0.980467
51	158	1.07272
51	160	0.968137
51	167	0.949719
51	175	1.26639
51	177	1.00365
51	180	1.18788
52	11	0.865545
52	13	0.994241
52	27	0.954604
52	48	0.96807
52	63	0.885481
52	65	0.958269
52	76	1.0054
52	80	0.974553
52	85	0.974638
52	109	1.02979
52	141	1.12741
52	153	1.09572
52	155	1.15364
52	156	1.01918
52	176	1.2021
52	177	1.05571
53	22	1.0329
53	61	1.07358
53	73	1.1257
53	90	1.03523
53	98	0.864021
53	106	1.07809
53	112	1.08697
53	113	1.06447
53	122	1.07711
53	134	0.953264
53	135	0.95275
53	140	1.03096
53	146	1.02775
53	168	1.05593
53	172	0.949887
53	177	0.898811
54	29	0.89985
54	36	0.957349
54	87	0.932285
54	92	0.979586
54	94	1.05158
54	117	0.986404
54	127	0.97406
54	144	1.10882
54	152	0.984102
54	154	1.10598
54	157	0.977773
54	160	0.965443
54	163	1.15606
54	167	0.947026
54	173	1.1398
54	174	1.09978
55	47	1.05564
55	69	0.90798
55	118	1.05587
55	120	1.0956
55	130	1.06347
55	131	0.942195
55	132	1.0935
55	136	1.05274
55	138	1.03568
55	139	1.06178
55	147	1.0883
55	166	0.99697
55	170	0.922864
55	171	0.995615
55	174	0.92574
55	176	1.01178
56	45	0.962826
56	72	1.00602
56	82	1.0601
56	89	1.10874
56	94	0.911063
56	100	1.09157
56	105	1.05591
56	111	1.06517
56	114	1.1049
56	115	1.03935
56	164	0.9686
56	165	1.07316
56	169	0.972639
56	172	0.949984
56	173	0.999284
56	177	0.898908
57	1	0.977469
57	3	0.84942
57	8	0.852242
57	19	0.92617
57	20	1.09328
57	21	0.949078
57	31	1.03189
57	58	0.920118
57	60	0.986099
57	83	0.967342
57	86	1.02195
57	134	1.08062
57	146	1.17464
57	157	1.08174
57	158	1.09524
57	180	1.2104
58	3	0.846301
58	8	0.849122
58	19	0.923051
58	20	1.09016
58	31	1.02877
58	32	0.974927
58	57	0.920118
58	60	0.982979
58	83	0.964222
58	86	1.01883
58	133	1.08251
58	144	1.07993
58	151	1.12001
58	169	1.08427
58	171	1.14077
58	176	1.15694
59	2	1.0458
59	18	0.982356
59	34	1.00242
59	35	1.00709
59	40	1.01471
59	42	1.00722
59	97	1.08054
59	103	1.01277
59	107	0.980442
59	137	0.999042
59	141	1.01558
59	144	1.01327
59	145	0.933191
59	157	0.999448
59	169	1.0176
59	177	1.06193
59	180	1.1281
60	8	0.915103
60	19	0.989032
60	20	1.15614
60	21	1.01194
60	28	1.11626
60	32	1.04091
60	57	0.986099
60	58	0.982979
60	75	1.03049
60	83	1.0302
60	86	1.08481
60	108	1.00173
60	135	0.969415
60	140	1.04762
60	150	0.965655
60	157	0.971051
60	159	0.958786
61	30	1.06854
61	53	1.07358
61	70	0.988091
61	77	1.04515
61	90	0.959775
61	106	1.00263
61	109	1.06313
61	112	1.01152
61	113	0.989015
61	122	1.00166
61	126	1.03809
61	154	0.976457
61	157	0.965469
61	166	1.04148
61	171	1.04013
61	173	1.01027
61	178	1.03531
62	34	1.00056
62	35	1.00523
62	39	1.00764
62	40	1.01285
62	84	1.0124
62	93	1.02714
62	97	1.07868
62	103	1.01091
62	107	0.978582
62	126	1.03109
62	133	0.974867
62	153	0.942908
62	163	1.01953
62	173	1.00327
62	176	1.04929
62	177	1.06007
62	180	1.08712
63	13	0.9486
63	23	0.904414
63	27	0.908963
63	43	0.925172
63	48	0.922429
63	52	0.885481
63	65	0.912628
63	67	1.136
63	76	0.959759
63	80	0.928912
63	85	0.928997
63	135	1.14769
63	148	1.20294
63	156	0.973539
63	164	1.16344
63	166	1.22534
63	167	1.18885
64	16	1.1199
64	72	0.950702
64	82	1.00479
64	99	1.03951
64	100	1.03625
64	105	1.0006
64	111	1.00986
64	115	0.98404
64	145	0.927162
64	146	1.08632
64	147	1.04027
64	155	1.03578
64	158	1.00692
64	161	0.975852
64	162	1.07645
64	165	1.01784
64	174	0.998203
65	11	0.892692
65	23	0.977202
65	27	0.981751
65	43	0.99796
65	48	0.995217
65	52	0.958269
65	63	0.912628
65	76	1.03255
65	80	1.0017
65	85	1.00179
65	153	0.99593
65	156	1.04633
65	162	1.09452
65	164	1.02561
65	168	1.11304
65	173	1.05629
65	178	1.08133
65	180	1.14015
66	4	0.9909
66	76	0.970008
66	102	1.01633
66	124	1.00092
66	134	0.988605
66	135	1.01142
66	136	1.01683
66	141	0.993751
66	142	0.955614
66	152	0.979613
66	155	0.977431
66	159	1.00346
66	164	0.991915
66	169	0.992537
66	172	1.00508
66	178	0.954406
66	179	0.954538
66	180	0.929345
67	63	1.136
67	110	1.01306
67	127	0.970962
67	132	0.941455
67	143	0.971702
67	145	1.03344
67	150	1.01523
67	156	0.93492
67	157	1.01746
67	163	0.977335
67	164	0.995919
67	165	0.970833
67	168	0.964538
67	171	0.964642
67	174	0.988353
67	176	0.9532
67	178	0.958411
67	180	0.933349
68	44	0.975481
68	91	0.9866
68	101	0.964842
68	110	0.948167
68	123	0.978555
68	125	0.981422
68	133	1.06461
68	137	0.982219
68	142	0.980602
68	149	1.03101
68	152	0.998293
68	156	1.02807
68	160	0.979634
68	164	1.06233
68	167	1.08774
68	173	1.09301
68	177	0.992638
68	180	1.17687
69	49	1.01097
69	55	0.90798
69	90	1.09879
69	101	1.00039
69	104	1.02336
69	127	0.971309
69	141	0.996469
69	153	1.01212
69	159	1.00618
69	163	0.976049
69	165	0.97118
69	170	1.00941
69	172	1.00779
69	175	0.902116
69	177	1.04273
69	178	0.957124
69	179	0.957257
69	180	0.932063
70	10	0.900959
70	49	0.969468
70	61	0.988091
70	75	1.13218
70	77	1.03512
70	90	0.949736
70	106	0.992595
70	109	1.05309
70	112	1.00148
70	113	0.978977
70	122	0.991621
70	133	1.08915
70	145	1.00649
70	146	0.942262
70	157	1.07275
70	159	1.06048
70	170	1.07465
70	172	1.06825
71	8	1.19268
71	36	0.986335
71	97	0.910512
71	103	0.974021
71	115	1.01258
71	118	0.999103
71	132	1.03673
71	136	0.995971
71	138	0.978919
71	139	1.00501
71	152	0.947429
71	160	0.955003
71	170	1.0156
71	174	0.993259
71	175	0.908308
71	178	0.963317
71	179	0.963449
71	180	0.938255
72	6	0.971582
72	56	1.00602
72	64	0.950702
72	82	0.928311
72	94	1.087
72	99	0.963032
72	100	0.959778
72	105	0.924123
72	111	0.93338
72	114	0.973111
72	115	0.907563
72	119	1.1578
72	126	1.20304
72	143	0.943101
72	145	1.06416
72	150	1.12503
72	165	0.941369
72	170	1.13233
72	174	1.13521
73	10	0.963119
73	22	1.00957
73	26	0.99906
73	49	1.03163
73	53	1.1257
73	77	1.09727
73	90	1.0119
73	106	1.05475
73	112	1.06364
73	113	1.04114
73	121	0.897494
73	141	0.990008
73	146	1.00442
73	150	0.968479
73	161	0.956308
73	164	0.987993
73	169	0.992032
73	179	1.05595
73	180	1.10253
74	44	1.04176
74	78	0.98775
74	88	1.00144
74	101	1.03112
74	110	1.01444
74	116	0.992181
74	122	1.04333
74	123	1.04483
74	124	1.05136
74	125	1.0477
74	133	0.959522
74	141	0.959256
74	156	1.09435
74	160	1.04591
74	163	1.00419
74	167	0.982648
74	168	1.04467
74	172	0.938624
74	180	1.07178
75	60	1.03049
75	70	1.13218
75	85	1.07329
75	106	1.04334
75	122	1.05472
75	126	0.934055
75	127	1.04372
75	144	0.976572
75	145	1.00552
75	156	1.00768
75	159	0.979542
75	166	0.934321
75	169	0.968621
75	173	0.943436
75	175	0.875483
75	177	1.01609
75	178	0.930491
75	179	0.930623
75	180	0.905429
76	13	1.06852
76	23	1.02433
76	27	1.02888
76	43	1.04509
76	48	1.04235
76	52	1.0054
76	63	0.959759
76	65	1.03255
76	66	0.970008
76	80	1.04883
76	85	1.04892
76	109	0.887346
76	133	0.985237
76	156	1.09346
76	157	0.968837
76	161	0.95127
76	167	1.00836
76	171	1.0435
76	180	1.09749
77	22	1.00447
77	49	1.02653
77	61	1.04515
77	70	1.03512
77	73	1.09727
77	78	0.993108
77	90	1.0068
77	106	1.04966
77	112	1.05855
77	113	1.03604
77	122	1.04868
77	133	0.981943
77	140	1.04212
77	161	0.947977
77	163	1.02661
77	170	0.967452
77	171	1.0402
77	177	0.90997
77	178	1.03539
78	10	0.858952
78	30	1.0165
78	50	0.902961
78	74	0.98775
78	77	0.993108
78	110	0.920731
78	112	0.959476
78	113	0.936969
78	145	1.06763
78	146	0.900255
78	149	1.11669
78	152	0.970857
78	153	1.11833
78	156	1.00064
78	160	0.952199
78	163	1.19495
78	169	1.15205
78	173	1.17869
78	177	1.07831
79	15	0.968083
79	24	0.976655
79	29	0.94408
79	87	0.976515
79	92	1.02382
79	117	1.03063
79	121	0.97176
79	124	1.01512
79	127	1.01829
79	134	1.04702
79	141	1.06427
79	145	0.981884
79	146	1.14104
79	149	1.03094
79	152	1.02833
79	154	1.05913
79	157	1.022
79	160	1.00967
79	167	0.991256
79	174	1.05293
80	11	0.908975
80	13	1.03767
80	23	0.993486
80	27	0.998035
80	43	1.01424
80	48	1.0115
80	52	0.974553
80	63	0.928912
80	65	1.0017
80	76	1.04883
80	85	1.01807
80	117	1.25403
80	129	0.968848
80	133	0.969416
80	140	1.02959
80	156	1.06261
80	168	1.05456
80	170	0.954925
80	174	0.957801
80	180	1.08167
81	37	1.02274
81	96	0.978951
81	102	1.00474
81	104	0.996399
81	118	0.992456
81	120	1.03218
81	127	1.012
81	130	1.00006
81	136	0.989324
81	138	0.972272
81	139	0.998367
81	143	1.00419
81	147	1.02489
81	150	1.00296
81	158	1.02186
81	162	1.09139
81	168	1.1099
81	174	1.01314
81	177	0.952783
81	179	1.09043
82	56	1.0601
82	64	1.00479
82	72	0.928311
82	89	1.03104
82	98	0.937522
82	99	1.01712
82	100	1.01386
82	105	0.978207
82	111	0.987464
82	114	1.0272
82	115	0.961648
82	137	1.02748
82	143	0.997185
82	146	1.12079
82	158	1.04139
82	165	0.995453
82	174	1.03267
82	176	1.11871
82	177	0.972312
82	178	1.09773
83	3	0.893524
83	8	0.896346
83	19	0.970274
83	20	1.13738
83	21	0.993182
83	31	1.07599
83	32	1.02215
83	57	0.967342
83	58	0.964222
83	60	1.0302
83	86	1.06605
83	108	0.982978
83	126	1.06856
83	128	0.993078
83	129	1.01177
83	168	1.09748
83	169	1.0141
83	174	1.00072
83	176	1.08676
83	179	1.07801
84	7	1.01562
84	18	0.960888
84	34	0.980947
84	39	0.988028
84	40	0.993241
84	42	0.985755
84	62	1.0124
84	93	1.00753
84	97	1.05907
84	103	0.991304
84	107	0.958973
84	131	1.01677
84	146	1.08843
84	153	0.979972
84	154	1.00652
84	158	1.00904
84	161	0.977964
84	171	1.07019
84	175	1.2027
84	177	1.04046
85	11	0.909061
85	13	1.03776
85	23	0.993571
85	27	0.99812
85	43	1.01433
85	48	1.01159
85	52	0.974638
85	63	0.928997
85	65	1.00179
85	75	1.07329
85	76	1.04892
85	80	1.01807
85	116	1.06292
85	128	1.011
85	135	1.01222
85	154	1.02485
85	156	1.0627
85	163	1.07492
85	164	1.02798
85	174	1.01864
86	3	0.948128
86	8	0.95095
86	19	1.02488
86	20	1.19199
86	21	1.04779
86	31	1.13059
86	32	1.07675
86	37	0.926497
86	57	1.02195
86	58	1.01883
86	60	1.08481
86	83	1.06605
86	108	1.03758
86	157	0.912116
86	162	0.995145
86	163	0.973179
86	166	0.98813
86	168	1.01366
86	172	0.907617
86	179	0.994192
86	180	1.04077
87	29	0.911608
87	36	0.969107
87	51	0.934979
87	54	0.932285
87	79	0.976515
87	92	0.991344
87	117	0.998162
87	124	0.982646
87	127	0.985818
87	133	1.06463
87	135	1.0466
87	149	1.03103
87	152	0.99586
87	157	0.989531
87	158	1.06174
87	160	0.977201
87	161	1.03066
87	162	1.13126
87	167	0.958784
87	175	1.2554
87	179	1.13031
88	44	0.961731
88	74	1.00144
88	91	0.97285
88	101	0.951092
88	110	0.934417
88	123	0.964805
88	124	0.971329
88	125	0.967672
88	128	1.0533
88	131	0.948139
88	142	0.966852
88	148	1.10978
88	151	1.11005
88	152	0.984543
88	154	1.06715
88	156	1.01432
88	159	1.04389
88	160	0.965885
88	162	1.13919
88	167	1.09568
88	171	1.13082
89	41	1.02574
89	56	1.10874
89	82	1.03104
89	99	1.06576
89	100	1.06251
89	105	1.02685
89	111	1.03611
89	114	1.07584
89	115	1.01029
89	140	1.00959
89	143	1.04583
89	144	0.946836
89	147	1.06652
89	148	0.986633
89	163	0.994079
89	165	1.0441
89	166	1.00903
89	169	0.951173
89	177	0.877442
89	178	1.00286
89	179	1.01509
90	10	0.872643
90	26	0.908584
90	30	1.03019
90	53	1.03523
90	61	0.959775
90	69	1.09879
90	70	0.949736
90	73	1.0119
90	77	1.0068
90	95	1.02491
90	106	0.964279
90	109	1.02478
90	112	0.973167
90	113	0.95066
90	121	1.03538
90	146	0.913946
90	149	1.09456
90	150	1.10637
90	163	1.17283
90	170	1.11367
90	177	1.05619
91	12	1.04855
91	68	0.9866
91	88	0.97285
91	101	1.00253
91	109	0.946661
91	110	0.985857
91	122	1.01474
91	123	1.01625
91	125	1.01911
91	128	1.02529
91	137	1.01991
91	142	1.01829
91	152	1.03598
91	153	1.01259
91	156	1.06576
91	157	1.02815
91	160	1.01732
91	169	1.04631
91	170	1.03006
91	172	1.02365
91	177	0.972579
91	179	1.11023
92	9	1.03726
92	15	0.982912
92	36	1.01641
92	51	0.98228
92	54	0.979586
92	79	1.02382
92	87	0.991344
92	94	0.927086
92	117	1.04546
92	127	1.03312
92	150	0.965109
92	152	1.04316
92	153	0.954946
92	157	1.03683
92	160	1.0245
92	163	1.03157
92	167	1.00609
92	168	1.07205
92	170	0.972413
92	175	1.17767
92	178	1.04035
92	179	1.05258
93	2	1.03907
93	7	1.03036
93	18	0.975626
93	34	0.995685
93	35	1.00036
93	39	1.00277
93	40	1.00798
93	62	1.02714
93	84	1.00753
93	97	1.07381
93	103	1.00604
93	107	0.973712
93	121	0.915669
93	151	1.04594
93	153	0.97649
93	154	1.00304
93	173	1.03685
93	174	0.996834
93	176	1.08287
93	177	1.0552
93	178	1.06189
93	179	1.07413
94	7	0.909925
94	30	0.948538
94	54	1.05158
94	56	0.911063
94	72	1.087
94	92	0.927086
94	110	0.98296
94	125	0.945741
94	141	1.04025
94	156	0.904825
94	168	1.00703
94	169	1.03903
94	171	1.00713
94	172	1.05157
94	173	1.01385
94	174	1.03084
94	175	0.945892
94	176	0.99569
94	177	1.0865
94	178	1.0009
94	179	1.00103
94	180	0.975839
95	9	0.905132
95	10	1.14724
95	48	0.958185
95	90	1.02491
95	113	0.959659
95	122	0.908434
95	130	0.921956
95	148	1.00751
95	154	1.02327
95	156	0.861392
95	159	1.03883
95	161	1.05464
95	163	1.0087
95	165	0.897304
95	172	1.04044
95	173	1.00272
95	174	1.01972
95	176	0.984565
95	177	1.07538
95	178	0.989776
95	179	0.989908
95	180	0.964714
96	81	0.978951
96	102	0.987274
96	104	0.978938
96	118	0.974994
96	120	1.01472
96	121	0.981123
96	130	0.982593
96	132	1.01262
96	136	0.971862
96	137	1.0571
96	138	0.95481
96	139	0.980906
96	142	0.986892
96	143	0.986732
96	144	1.07132
96	147	1.00743
96	158	1.07101
96	165	0.985
96	170	1.05941
96	173	1.10231
96	174	1.06229
96	177	1.00193
96	180	1.18616
97	7	1.08189
97	18	1.02716
97	34	1.04722
97	35	1.05189
97	39	1.0543
97	42	1.05203
97	45	0.949868
97	59	1.08054
97	62	1.07868
97	71	0.910512
97	84	1.05907
97	93	1.07381
97	103	1.05758
97	107	1.02525
97	137	0.941119
97	145	0.875267
97	150	0.936129
97	158	0.955029
97	169	0.959682
97	173	0.986326
97	177	1.10674
97	178	1.01137
97	179	1.0236
98	6	0.902912
98	10	1.14373
98	48	0.954673
98	53	0.864021
98	82	0.937522
98	105	0.932834
98	110	0.936014
98	113	0.956146
98	134	1.04885
98	141	1.05399
98	151	1.01955
98	153	1.06964
98	154	1.04814
98	155	1.03767
98	156	0.857879
98	159	1.0637
98	160	0.89565
98	166	1.01848
98	168	1.02078
98	174	1.04459
98	175	0.959641
98	178	1.01465
98	179	1.01478
98	180	0.989588
99	5	1.04404
99	41	1.01181
99	64	1.03951
99	72	0.963032
99	82	1.01712
99	89	1.06576
99	100	1.04858
99	105	1.01293
99	111	1.02219
99	114	1.06192
99	115	0.996369
99	137	0.986009
99	143	1.03191
99	144	1.00024
99	145	0.920158
99	147	1.0526
99	148	1.04003
99	153	0.970856
99	162	1.06944
99	165	1.03017
99	166	1.06243
99	167	1.02594
99	173	1.03122
99	177	0.930841
100	5	1.04078
100	41	1.00856
100	56	1.09157
100	64	1.03625
100	72	0.959778
100	82	1.01386
100	89	1.06251
100	99	1.04858
100	105	1.00967
100	111	1.01893
100	114	1.05866
100	115	0.993115
100	131	0.999135
100	141	0.99403
100	143	1.02865
100	149	0.960697
100	151	1.03179
100	154	0.988885
100	155	1.02026
100	159	0.965631
100	165	1.02692
100	169	0.996054
100	172	0.973398
100	180	1.10655
101	1	0.909096
101	12	1.02679
101	25	1.03871
101	50	0.94633
101	68	0.964842
101	69	1.00039
101	74	1.03112
101	88	0.951092
101	91	1.00253
101	123	0.994488
101	124	1.00101
101	125	0.997354
101	134	1.01225
101	137	0.998152
101	140	1.08994
101	141	1.0295
101	142	0.996535
101	146	1.10627
101	152	1.01423
101	154	1.02436
101	155	1.05573
101	156	1.04401
101	158	1.02687
101	160	0.995567
101	179	1.09544
102	17	0.979488
102	46	0.902445
102	66	1.01633
102	81	1.00474
102	96	0.987274
102	118	1.00078
102	120	1.04051
102	130	1.00838
102	132	1.03841
102	133	0.999955
102	136	0.997647
102	138	0.980595
102	139	1.00669
102	142	1.01268
102	147	1.03321
102	151	1.06905
102	153	0.9996
102	155	1.05752
102	165	1.01078
102	166	1.09117
102	167	1.05468
102	168	1.11671
102	172	1.01066
102	174	1.01994
102	177	0.959585
103	2	1.02284
103	7	1.01413
103	18	0.959401
103	26	1.10391
103	34	0.97946
103	35	0.98413
103	39	0.986541
103	40	0.991754
103	42	0.984268
103	59	1.01277
103	62	1.01091
103	71	0.974021
103	84	0.991304
103	93	1.00604
103	97	1.05758
103	107	0.957486
103	157	1.00503
103	158	1.01854
103	161	0.987466
103	162	1.08806
103	169	1.02319
103	170	1.00694
103	174	1.00982
103	177	1.03898
103	180	1.13369
104	33	0.972988
104	47	0.992211
104	69	1.02336
104	81	0.996399
104	96	0.978938
104	109	0.954842
104	118	0.992443
104	120	1.03217
104	128	0.9993
104	130	1.00004
104	132	1.03007
104	133	0.991619
104	136	0.989311
104	138	0.972259
104	139	0.998354
104	142	1.00434
104	147	1.02488
104	153	1.02077
104	161	1.01877
104	165	1.00245
104	166	1.11235
104	171	1.11099
104	172	1.03183
104	176	1.12716
104	177	0.980759
105	1	0.918927
105	5	1.00513
105	6	1.02148
105	56	1.05591
105	64	1.0006
105	72	0.924123
105	82	0.978207
105	89	1.02685
105	98	0.932834
105	99	1.01293
105	100	1.00967
105	111	0.983276
105	114	1.02301
105	115	0.95746
105	128	1.02034
105	143	0.992997
105	146	1.1161
105	147	1.01369
105	159	1.01093
105	161	1.00563
105	162	1.10623
105	165	0.991265
105	169	1.04136
105	175	1.23037
105	177	0.967625
106	10	0.915502
106	22	0.961949
106	26	0.951443
106	30	1.07305
106	49	0.984011
106	53	1.07809
106	61	1.00263
106	70	0.992595
106	73	1.05475
106	75	1.04334
106	77	1.04966
106	90	0.964279
106	112	1.01603
106	113	0.993519
106	116	1.03297
106	122	1.00616
106	129	0.99974
106	140	1.06048
106	146	0.956805
106	149	0.966708
106	150	0.978512
106	163	1.04497
106	167	1.02343
106	175	1.19107
106	178	1.05375
107	2	0.990511
107	7	0.981798
107	14	1.05412
107	18	0.92707
107	34	0.947129
107	35	0.951799
107	39	0.95421
107	40	0.959423
107	42	0.951937
107	59	0.980442
107	62	0.978582
107	84	0.958973
107	93	0.973712
107	97	1.02525
107	103	0.957486
107	121	0.997597
107	126	1.1466
107	134	1.07286
107	145	1.00772
107	150	1.06858
107	153	1.05842
107	158	1.08748
107	162	1.15701
107	170	1.07589
107	176	1.1648
107	177	1.00664
108	3	0.865056
108	8	0.867878
108	20	1.10891
108	21	0.964714
108	31	1.04752
108	46	0.87317
108	60	1.00173
108	83	0.982978
108	86	1.03758
108	116	1.12861
108	121	1.00317
108	130	0.979103
108	132	1.00913
108	136	0.968372
108	137	1.07915
108	138	0.95132
108	139	0.977416
108	143	0.983242
108	145	1.0133
108	159	1.06729
108	164	1.09367
108	165	0.98151
108	170	1.08146
108	173	1.12436
108	174	1.08434
108	179	1.16163
109	12	0.897798
109	35	0.920745
109	49	1.04451
109	52	1.02979
109	61	1.06313
109	70	1.05309
109	76	0.887346
109	90	1.02478
109	91	0.946661
109	104	0.954842
109	112	1.07652
109	113	1.05402
109	114	0.86789
109	115	0.962101
109	127	0.902794
109	139	0.913733
109	146	1.0173
109	149	1.08326
109	152	0.89695
109	170	1.07481
109	171	1.02876
109	172	1.0732
109	175	0.967521
109	176	1.01732
109	179	1.02266
109	180	0.997467
110	12	1.01012
110	25	1.02203
110	50	0.929655
110	67	1.01306
110	68	0.948167
110	74	1.01444
110	78	0.920731
110	88	0.934417
110	91	0.985857
110	94	0.98296
110	98	0.936014
110	122	0.976306
110	123	0.977813
110	124	0.984336
110	125	0.980679
110	131	0.961146
110	137	0.981476
110	142	0.97986
110	145	0.960122
110	152	0.99755
110	162	1.10941
110	166	1.10239
110	175	1.23355
110	176	1.1172
110	178	1.09622
110	180	1.15504
111	6	1.03074
111	16	1.10258
111	41	0.982161
111	56	1.06517
111	64	1.00986
111	72	0.93338
111	82	0.987464
111	89	1.03611
111	99	1.02219
111	100	1.01893
111	105	0.983276
111	114	1.03226
111	115	0.966717
111	128	0.985814
111	141	1.00481
111	143	1.00225
111	144	1.0025
111	146	1.08158
111	147	1.02295
111	151	1.04257
111	153	0.973116
111	157	0.988675
111	165	1.00052
111	168	1.09022
111	172	0.984177
111	175	1.19584
111	177	0.933101
112	10	0.92439
112	22	0.970837
112	30	1.08194
112	38	0.962021
112	49	0.992899
112	53	1.08697
112	61	1.01152
112	70	1.00148
112	73	1.06364
112	77	1.05855
112	78	0.959476
112	90	0.973167
112	106	1.01603
112	109	1.07652
112	113	1.00241
112	122	1.01505
112	135	0.98413
112	137	0.98536
112	144	0.999586
112	146	0.965693
112	148	1.03938
112	149	0.968566
112	150	0.98037
112	162	1.06879
112	176	1.07659
112	178	1.05561
112	180	1.11442
113	10	0.901883
113	22	0.94833
113	26	0.937824
113	30	1.05943
113	49	0.970392
113	53	1.06447
113	61	0.989015
113	70	0.978977
113	73	1.04114
113	77	1.03604
113	78	0.936969
113	90	0.95066
113	95	0.959659
113	98	0.956146
113	106	0.993519
113	109	1.05402
113	112	1.00241
113	122	0.992544
113	131	1.06775
113	140	1.12308
113	146	0.943186
113	148	1.10013
113	154	1.0575
113	155	1.08887
113	161	1.02894
113	173	1.09131
113	177	0.990937
113	179	1.12859
114	5	1.05412
114	6	1.07047
114	16	1.14231
114	28	1.09459
114	41	1.02189
114	56	1.1049
114	72	0.973111
114	82	1.0272
114	89	1.07584
114	99	1.06192
114	100	1.05866
114	105	1.02301
114	109	0.86789
114	111	1.03226
114	115	1.00645
114	134	0.94826
114	143	1.04199
114	144	0.963202
114	147	1.06268
114	153	0.933823
114	157	0.949382
114	163	1.01045
114	164	0.9635
114	165	1.04025
114	167	0.988907
114	173	0.994184
114	177	0.893808
114	179	1.03146
115	5	0.98857
115	6	1.00492
115	16	1.07676
115	41	0.956345
115	56	1.03935
115	64	0.98404
115	71	1.01258
115	72	0.907563
115	82	0.961648
115	89	1.01029
115	99	0.996369
115	100	0.993115
115	105	0.95746
115	109	0.962101
115	111	0.966717
115	114	1.00645
115	128	1.04073
115	135	1.04196
115	140	1.12017
115	143	0.976438
115	145	0.977335
115	147	0.997133
115	155	1.08595
115	165	0.974706
115	167	1.08312
115	171	1.11825
115	172	1.03909
115	178	1.11343
116	13	1.00749
116	15	1.04381
116	21	1.09947
116	34	1.06683
116	74	0.992181
116	85	1.06292
116	106	1.03297
116	108	1.12861
116	141	0.978407
116	142	1.0035
116	153	0.994056
116	155	0.962087
116	156	0.997302
116	159	0.988113
116	161	1.00393
116	163	0.957988
116	165	1.03321
116	166	0.942892
116	167	0.967361
116	168	0.94519
116	169	0.977193
116	170	0.991345
116	172	0.989732
116	173	0.952007
116	176	0.933852
116	177	1.02467
116	178	0.939063
116	179	0.939195
116	180	0.914001
117	9	1.04408
117	14	1.11768
117	15	0.98973
117	24	0.998303
117	29	0.965727
117	36	1.02323
117	45	0.965026
117	51	0.989098
117	54	0.986404
117	79	1.03063
117	80	1.25403
117	87	0.998162
117	92	1.04546
117	124	1.03677
117	126	1.0293
117	127	1.03994
117	135	0.955046
117	137	0.956276
117	144	0.970502
117	152	1.04998
117	154	0.96767
117	157	1.04365
117	160	1.03132
117	162	1.03971
117	167	1.0129
117	170	0.95859
117	172	0.952184
117	177	0.901108
117	180	1.08534
118	4	1.01956
118	47	0.988268
118	55	1.05587
118	71	0.999103
118	81	0.992456
118	96	0.974994
118	102	1.00078
118	104	0.992443
118	120	1.02823
118	128	0.995356
118	130	0.996099
118	131	1.00846
118	132	1.02613
118	133	0.987676
118	136	0.985367
118	138	0.968316
118	139	0.994411
118	141	1.00335
118	143	1.00024
118	149	0.970017
118	163	1.04828
118	164	1.00134
118	165	0.998505
118	166	1.06323
118	170	0.989125
118	172	0.982719
118	175	1.19438
118	176	1.07804
118	179	1.06929
118	180	1.11587
119	13	0.985816
119	16	0.909925
119	22	1.08664
119	29	1.14827
119	72	1.1578
119	127	1.01167
119	132	0.982162
119	136	1.04304
119	139	1.02261
119	148	0.965085
119	150	1.00417
119	151	0.952244
119	155	0.970371
119	156	0.975626
119	160	1.0134
119	161	1.01221
119	162	0.952282
119	164	0.984855
119	166	0.951176
119	167	0.975645
119	169	0.985477
119	170	0.999629
119	171	0.953578
119	173	0.960291
119	174	0.977289
119	176	0.942136
119	178	0.947347
119	179	0.947479
119	180	0.922285
120	4	1.05929
120	28	1.09073
120	33	0.882179
120	46	0.929893
120	55	1.0956
120	81	1.03218
120	96	1.01472
120	102	1.04051
120	104	1.03217
120	118	1.02823
120	127	1.04777
120	128	1.03508
120	130	1.03583
120	131	0.966764
120	132	1.06586
120	134	0.944403
120	136	1.02509
120	138	1.00804
120	139	1.03414
120	142	1.04012
120	143	1.03996
120	151	0.999418
120	157	0.945525
120	163	1.00659
120	164	0.959643
120	165	1.03823
120	171	1.02018
120	172	0.941026
120	176	1.03635
120	178	1.01537
120	180	1.07418
121	31	0.854581
121	41	0.944068
121	73	0.897494
121	79	0.97176
121	90	1.03538
121	93	0.915669
121	96	0.981123
121	107	0.997597
121	108	1.00317
121	125	0.912779
121	128	1.05224
121	130	0.932427
121	140	1.02023
121	145	1.08463
121	147	0.875267
121	149	1.07034
121	150	1.06642
121	152	0.90206
121	159	1.05865
121	161	1.07446
121	163	1.02853
121	164	1.04711
121	171	1.01583
121	172	1.06027
121	173	1.02255
121	174	1.03954
121	175	0.954592
121	176	1.00439
121	178	1.0096
121	179	1.00973
121	180	0.984539
122	22	0.960974
122	25	1.05091
122	50	0.958537
122	53	1.07711
122	61	1.00166
122	70	0.991621
122	74	1.04333
122	75	1.05472
122	77	1.04868
122	91	1.01474
122	95	0.908434
122	106	1.00616
122	110	0.976306
122	112	1.01505
122	113	0.992544
122	123	1.00669
122	125	1.00956
122	137	1.01036
122	141	1.01142
122	146	0.95583
122	149	0.978087
122	150	0.989891
122	152	1.02643
122	154	1.00627
122	155	1.03765
122	156	1.05621
122	159	0.983021
122	162	1.07832
122	168	1.09683
122	171	1.06995
122	174	1.00007
122	178	1.06513
123	12	1.04051
123	25	1.05242
123	33	0.927012
123	45	1.03236
123	50	0.960043
123	68	0.978555
123	74	1.04483
123	88	0.964805
123	91	1.01625
123	101	0.994488
123	110	0.977813
123	122	1.00669
123	124	1.01472
123	125	1.01107
123	131	0.991534
123	134	0.989236
123	137	1.01186
123	142	1.01025
123	146	1.08326
123	148	1.04397
123	152	1.02794
123	155	1.03272
123	156	1.05772
123	160	1.00928
123	161	0.972791
123	167	1.02988
123	172	0.985859
123	174	0.995142
123	175	1.19752
123	177	0.934784
123	178	1.0602
123	179	1.07243
124	1	0.895476
124	15	0.974214
124	24	0.982786
124	25	1.05894
124	33	0.936402
124	51	0.973581
124	66	1.00092
124	74	1.05136
124	79	1.01512
124	87	0.982646
124	88	0.971329
124	101	1.00101
124	110	0.984336
124	117	1.03677
124	123	1.01472
124	125	1.01759
124	126	1.07237
124	131	0.998058
124	135	0.998112
124	140	1.07632
124	145	0.93349
124	152	1.03446
124	156	1.06424
124	157	1.02813
124	160	1.0158
124	162	1.08278
124	163	1.06081
124	164	1.01387
124	167	0.997386
124	170	1.00166
124	171	1.07441
124	176	1.09057
125	12	1.04337
125	25	1.05529
125	44	1.00799
125	45	1.03522
125	50	0.962909
125	68	0.981422
125	74	1.0477
125	88	0.967672
125	91	1.01911
125	94	0.945741
125	101	0.997354
125	110	0.980679
125	121	0.912779
125	122	1.00956
125	123	1.01107
125	124	1.01759
125	129	1.00499
125	131	0.994401
125	137	1.01473
125	142	1.01311
125	150	0.983764
125	152	1.03081
125	160	1.01215
125	161	0.971593
125	169	1.00732
125	170	0.991068
125	171	1.06382
125	174	0.993944
125	175	1.19633
125	176	1.07998
125	178	1.059
125	179	1.07124
126	42	1.08505
126	61	1.03809
126	62	1.03109
126	72	1.20304
126	75	0.934055
126	83	1.06856
126	107	1.1466
126	117	1.0293
126	124	1.07237
126	129	0.952447
126	133	0.955454
126	138	1.11317
126	144	0.966572
126	145	0.995525
126	147	1.02427
126	153	0.975485
126	161	0.985355
126	164	0.958
126	165	1.05678
126	170	0.972774
126	171	0.926723
126	172	0.971161
126	173	0.933436
126	174	0.950434
126	175	0.865483
126	176	0.915281
126	177	1.00609
126	178	0.920492
126	179	0.920624
126	180	0.89543
127	24	0.985959
127	29	0.953383
127	54	0.97406
127	67	0.970962
127	69	0.971309
127	75	1.04372
127	79	1.01829
127	81	1.012
127	87	0.985818
127	92	1.03312
127	109	0.902794
127	117	1.03994
127	119	1.01167
127	120	1.04777
127	128	1.0149
127	130	1.01565
127	132	1.04568
127	136	1.00491
127	137	0.98388
127	138	0.987862
127	139	1.01396
127	146	1.07719
127	154	0.995274
127	157	1.03131
127	158	0.99779
127	159	0.972021
127	160	1.01898
127	165	1.01805
127	167	1.00056
127	169	1.00244
127	173	1.02909
127	175	1.19145
128	3	1.21865
128	4	1.02642
128	20	0.837778
128	42	1.00957
128	44	0.959275
128	46	0.897022
128	51	1.05636
128	83	0.993078
128	85	1.011
128	88	1.0533
128	91	1.02529
128	104	0.9993
128	105	1.02034
128	111	0.985814
128	115	1.04073
128	118	0.995356
128	120	1.03508
128	121	1.05224
128	127	1.0149
128	132	1.03299
128	138	0.975172
128	139	1.00127
128	143	1.00709
128	156	0.945383
128	170	1.01185
128	171	0.965802
128	172	1.01024
128	173	0.972515
128	174	0.989513
128	176	0.954359
128	178	0.95957
128	179	0.959702
128	180	0.934508
129	31	0.946794
129	33	1.02212
129	46	1.21822
129	50	1.12181
129	80	0.968848
129	83	1.01177
129	106	0.99974
129	125	1.00499
129	126	0.952447
129	136	1.03149
129	138	1.05638
129	139	1.01106
129	141	0.988227
129	147	0.96748
129	148	0.966621
129	149	1.00962
129	152	0.994273
129	153	1.00388
129	154	0.982372
129	158	0.994402
129	160	1.00185
129	162	0.953817
129	166	0.952712
129	168	0.95501
129	169	0.987013
129	170	1.00116
129	173	0.961827
129	174	0.978825
129	175	0.893874
129	176	0.943672
129	177	1.03449
129	178	0.948882
129	179	0.949015
129	180	0.923821
130	17	0.974807
130	26	1.10768
130	46	0.897765
130	47	0.995867
130	55	1.06347
130	81	1.00006
130	95	0.921956
130	96	0.982593
130	102	1.00838
130	104	1.00004
130	108	0.979103
130	118	0.996099
130	120	1.03583
130	121	0.932427
130	127	1.01565
130	132	1.03373
130	133	0.995275
130	136	0.992966
130	138	0.975915
130	139	1.00201
130	140	1.08538
130	142	1.008
130	143	1.00784
130	147	1.02853
130	149	0.991609
130	150	1.00341
130	154	1.0198
130	157	1.00881
130	165	1.0061
130	166	1.08482
130	167	1.04833
130	169	1.02697
130	174	1.01359
130	176	1.09963
130	180	1.13747
131	5	1.00127
131	37	1.02008
131	43	1.03283
131	44	0.98846
131	48	1.06628
131	49	1.04518
131	55	0.942195
131	84	1.01677
131	88	0.948139
131	100	0.999135
131	110	0.961146
131	113	1.06775
131	118	1.00846
131	120	0.966764
131	123	0.991534
131	124	0.998058
131	125	0.994401
131	136	1.0369
131	137	0.995198
131	138	1.06178
131	142	0.993581
131	143	1.00626
131	145	1.02093
131	147	0.972887
131	152	1.01127
131	153	1.00089
131	156	1.04105
131	159	0.994948
131	160	0.992613
131	171	0.952129
131	173	0.958842
131	175	0.890889
131	177	1.0315
131	178	0.945897
131	179	0.946029
131	180	0.920836
132	4	1.05719
132	17	1.00484
132	46	0.927794
132	47	1.0259
132	55	1.0935
132	67	0.941455
132	71	1.03673
132	96	1.01262
132	102	1.03841
132	104	1.03007
132	108	1.00913
132	118	1.02613
132	119	0.982162
132	120	1.06586
132	127	1.04568
132	128	1.03299
132	130	1.03373
132	133	1.0253
132	136	1.023
132	138	1.00594
132	139	1.03204
132	140	1.03135
132	142	1.03803
132	148	1.0084
132	154	0.965767
132	155	0.99714
132	157	0.954779
132	161	0.937212
132	165	1.03613
132	168	1.05633
132	169	0.972936
132	170	0.956687
132	173	0.999581
132	176	1.0456
132	179	1.03686
132	180	1.08344
133	23	1.09117
133	27	1.07924
133	32	1.02637
133	39	1.00613
133	40	1.02519
133	58	1.08251
133	62	0.974867
133	68	1.06461
133	70	1.08915
133	74	0.959522
133	76	0.985237
133	77	0.981943
133	80	0.969416
133	87	1.06463
133	102	0.999955
133	104	0.991619
133	118	0.987676
133	126	0.955454
133	130	0.995275
133	132	1.0253
133	136	0.984543
133	138	0.967492
133	139	0.993587
133	143	0.999414
133	145	1.02692
133	147	1.02011
133	161	1.01675
133	163	0.970814
133	165	0.997681
133	169	0.99002
133	173	0.964834
133	174	0.981832
133	175	0.896881
133	178	0.95189
133	179	0.952022
