1	89	1.09805
1	106	1.37287
1	149	0.893869
1	155	0.901341
1	156	0.900106
1	158	0.894173
1	163	0.913261
1	164	1.14352
1	166	1.19287
1	167	0.887898
1	177	0.895412
1	180	0.913941
2	42	1.68313
2	89	1.52507
2	118	0.826202
2	133	0.797277
2	142	0.794146
2	144	1.59749
2	149	0.798471
2	153	0.781869
2	156	0.804707
2	160	0.786967
2	163	0.817862
2	167	0.7925
3	26	0.818174
3	34	1.37599
3	59	0.739829
3	81	0.753631
3	103	0.831417
3	105	0.762991
3	120	0.845444
3	121	1.74734
3	126	0.831316
3	127	0.817401
3	172	1.68173
3	177	0.799797
4	23	1.19477
4	51	0.844014
4	66	0.872123
4	70	0.888541
4	73	1.25337
4	87	0.90202
4	120	0.94528
4	126	0.931152
4	127	0.917237
4	146	1.13956
4	169	1.22003
4	177	0.899633
5	93	1.59489
5	135	0.79271
5	137	1.56398
5	142	1.63536
5	150	0.803915
5	164	0.798091
5	166	0.804245
5	172	0.8032
5	173	0.798
5	176	0.794767
5	178	0.79974
5	179	0.805332
6	41	1.69153
6	97	0.791438
6	100	0.787228
6	133	0.806593
6	134	0.795113
6	155	0.815258
6	158	0.808091
6	160	0.796283
6	161	0.79818
6	167	0.801816
6	172	1.53169
6	174	1.58248
7	29	1.28111
7	133	0.904139
7	142	0.901008
7	147	1.17483
7	153	0.888731
7	156	0.911569
7	158	0.905637
7	160	0.893829
7	161	0.895726
7	165	1.17046
7	167	0.899362
7	174	1.18121
8	112	1.5889
8	116	0.791526
8	119	0.814993
8	137	0.820758
8	139	0.804334
8	160	0.783267
8	161	0.785164
8	165	1.59187
8	167	0.7888
8	171	1.62134
8	177	0.796314
8	180	0.814843
9	33	1.63538
9	160	1.62937
9	169	0.786367
9	170	0.801631
9	171	0.799119
9	172	0.803812
9	173	0.798612
9	175	0.808784
9	176	0.795379
9	178	0.800352
9	179	0.805944
9	180	1.52989
10	113	1.56211
10	132	0.815788
10	133	0.797803
10	135	1.64877
10	148	0.809359
10	153	0.782395
10	155	0.806468
10	156	0.805233
10	157	1.59456
10	161	0.789389
10	167	0.793025
10	177	0.80054
11	54	0.847666
11	77	0.76524
11	91	0.78167
11	115	0.844714
11	125	0.775459
11	140	0.765167
11	152	0.818571
11	169	1.61521
11	174	0.790878
11	176	1.62729
11	179	1.56305
11	180	0.810634
12	54	0.837382
12	75	0.822855
12	77	0.754956
12	115	0.83443
12	137	0.806264
12	140	0.754883
12	151	1.5884
12	152	0.808287
12	168	1.61565
12	174	0.780594
12	178	1.60167
12	180	0.800349
13	64	0.787938
13	67	0.775657
13	89	1.56274
13	125	0.782295
13	130	0.816904
13	137	0.823384
13	140	0.772003
13	152	0.825407
13	164	1.60822
13	173	1.63444
13	177	0.798941
13	180	0.81747
14	88	0.888653
14	91	0.879689
14	112	0.891382
14	119	0.908803
14	124	1.25622
14	130	0.908087
14	139	0.898144
14	151	1.19796
14	152	0.91659
14	165	1.15773
14	170	1.19572
14	180	0.908653
15	67	0.87558
15	77	0.871999
15	99	1.11412
15	130	0.916827
15	137	0.923307
15	140	0.871926
15	145	1.19966
15	152	0.92533
15	159	1.22448
15	168	1.26913
15	174	0.897637
15	180	0.917393
16	123	1.30571
16	132	1.2423
16	135	0.861419
16	145	0.865725
16	161	1.34849
16	168	0.853573
16	170	0.869728
16	173	0.866709
16	175	0.876881
16	176	0.863476
16	177	1.29583
16	178	0.868449
16	179	0.874041
17	78	0.822066
17	96	0.760204
17	133	0.773807
17	156	0.781237
17	158	0.775304
17	160	0.763496
17	161	0.765393
17	163	0.794392
17	164	1.73708
17	167	0.769029
17	172	1.70884
17	174	1.75963
17	180	0.795072
18	34	1.07883
18	37	0.849503
18	42	0.823446
18	53	1.2732
18	57	1.41269
18	86	0.891032
18	98	0.913687
18	104	0.825727
18	117	0.858244
18	119	0.889642
18	139	0.878983
18	173	1.43903
18	174	0.869736
19	27	1.38429
19	99	1.16501
19	118	0.890293
19	138	1.27739
19	148	0.872924
19	149	0.862562
19	156	0.868799
19	158	0.862866
19	160	0.851058
19	161	0.852955
19	162	1.38073
19	163	0.881953
19	167	0.856591
20	28	0.855122
20	42	1.34585
20	58	0.888465
20	79	0.845239
20	83	0.826516
20	88	0.872741
20	93	0.873547
20	112	0.87547
20	122	0.87016
20	143	1.28026
20	170	1.28305
20	178	1.29856
20	180	0.89274
21	28	1.35237
21	32	1.39042
21	58	1.17286
21	123	1.27646
21	134	0.852712
21	137	0.891373
21	140	0.839992
21	152	0.893396
21	158	0.86569
21	167	0.859415
21	176	0.860628
21	178	0.865601
21	179	0.871193
22	101	0.878683
22	138	1.31671
22	145	1.28987
22	146	1.28625
22	148	0.871866
22	156	0.867741
22	158	0.861808
22	160	0.85
22	161	0.851897
22	163	0.880896
22	167	0.855533
22	179	1.31457
22	180	0.881576
23	4	1.19477
23	35	0.846833
23	67	1.36536
23	91	1.34497
23	112	0.866978
23	122	0.861668
23	132	1.28904
23	139	0.87374
23	166	0.868897
23	171	0.863159
23	174	0.864493
23	179	0.869983
23	180	0.884249
24	78	1.23137
24	126	1.24486
24	133	1.37033
24	146	0.875079
24	157	0.870545
24	171	0.862316
24	172	0.867008
24	173	0.861808
24	175	0.87198
24	176	0.858576
24	177	1.34635
24	178	0.863548
24	179	0.86914
25	74	0.844381
25	93	0.872961
25	104	0.82839
25	113	1.18838
25	122	0.869573
25	128	1.4179
25	139	0.881645
25	151	1.29404
25	158	0.872386
25	167	0.866111
25	174	0.872399
25	178	1.30731
25	180	0.892154
26	3	0.818174
26	51	0.825781
26	81	0.835234
26	94	1.35071
26	105	0.844594
26	107	1.2649
26	120	0.927047
26	123	0.87575
26	126	0.912919
26	159	0.8791
26	165	1.29054
26	174	1.30129
26	177	0.8814
27	19	1.38429
27	130	1.3569
27	144	0.839898
27	148	1.40728
27	158	1.44607
27	166	0.84451
27	169	0.82602
27	171	0.838772
27	172	0.843465
27	173	0.838265
27	175	0.848437
27	176	0.835032
27	178	0.840005
27	179	0.845597
28	20	0.855122
28	21	1.35237
28	57	0.858522
28	61	0.841891
28	79	0.814961
28	83	0.796237
28	88	0.842463
28	93	0.843269
28	112	0.845191
28	122	0.839882
28	143	1.41394
28	168	1.44622
28	173	1.39317
28	180	0.862462
29	7	1.28111
29	48	1.57478
29	108	1.32477
29	123	1.41348
29	164	0.837861
29	165	0.848884
29	168	0.824634
29	170	0.840789
29	172	0.84297
29	173	0.83777
29	175	0.847942
29	176	0.834537
29	178	0.83951
29	179	0.845102
30	44	1.30173
30	102	1.35706
30	132	0.856883
30	133	0.838898
30	144	1.44817
30	149	0.840092
30	153	0.82349
30	155	0.847564
30	158	0.840396
30	160	0.828588
30	161	0.830485
30	163	0.859483
30	167	0.834121
30	168	1.50049
31	35	0.808913
31	72	0.812242
31	84	0.851273
31	94	0.82245
31	95	0.831561
31	98	0.870524
31	99	0.873928
31	108	0.846811
31	119	0.846479
31	139	0.83582
31	146	1.39514
31	175	1.40585
31	179	1.42346
31	180	1.37953
32	21	1.39042
32	57	0.857403
32	58	0.857068
32	61	0.840773
32	79	0.813842
32	80	1.43015
32	83	0.795119
32	88	0.841344
32	109	1.35383
32	112	0.844073
32	122	0.838763
32	147	0.850272
32	173	1.43121
32	180	0.861343
33	9	1.63538
33	59	0.781898
33	70	0.830774
33	87	0.844253
33	105	0.80506
33	120	0.887513
33	123	0.836216
33	126	0.873385
33	127	0.85947
33	147	1.34118
33	154	1.33226
33	159	0.839566
33	172	1.29677
33	177	0.841866
34	3	1.37599
34	18	1.07883
34	66	1.07516
34	134	1.02969
34	153	1.03548
34	166	0.937497
34	169	0.919006
34	170	0.934271
34	171	0.931758
34	172	0.936451
34	175	0.941423
34	176	0.928018
34	178	0.932991
34	179	0.938583
35	23	0.846833
35	31	0.808913
35	39	1.45065
35	47	0.882198
35	49	0.794225
35	95	0.847898
35	104	0.798901
35	108	0.863148
35	119	0.862816
35	136	1.44316
35	139	0.852157
35	169	1.37952
35	171	1.33412
35	174	0.84291
36	84	1.33481
36	88	0.833702
36	122	0.831122
36	125	0.818528
36	126	1.31647
36	130	0.853136
36	133	1.44195
36	134	1.50048
36	152	0.86164
36	171	0.832612
36	175	0.842277
36	178	0.833845
36	179	0.839437
36	180	0.853702
37	18	0.849503
37	40	0.812772
37	84	0.865037
37	102	1.32342
37	104	0.796328
37	108	0.860575
37	116	0.836775
37	117	0.828845
37	119	0.860243
37	139	0.849584
37	164	1.38757
37	169	1.47425
37	174	0.840337
37	179	1.42209
38	63	0.831271
38	76	0.796545
38	91	0.825657
38	109	1.33219
38	115	0.888701
38	137	0.860535
38	140	0.809154
38	152	0.862558
38	166	1.43271
38	171	1.42462
38	174	0.834865
38	177	0.836092
38	179	1.41787
38	180	0.854621
39	35	1.45065
39	84	1.3558
39	144	0.840459
39	155	1.41089
39	162	0.827291
39	165	0.84994
39	169	0.826581
39	170	0.841846
39	171	0.839333
39	173	0.838826
39	175	0.848998
39	178	0.840566
39	179	0.846158
39	180	1.37732
40	37	0.812772
40	47	0.872293
40	86	0.8543
40	89	1.31928
40	98	0.876956
40	104	0.788996
40	114	1.48022
40	116	0.829442
40	119	0.85291
40	139	0.842251
40	150	0.837077
40	151	1.41678
40	173	1.39097
40	174	0.833004
41	6	1.69153
41	69	1.43508
41	84	0.840031
41	116	0.811769
41	123	1.42263
41	130	0.834521
41	137	0.841001
41	140	0.78962
41	167	1.445
41	168	0.800353
41	170	0.816508
41	173	0.813489
41	174	0.815331
41	177	0.816557
41	179	0.820821
42	2	1.68313
42	18	0.823446
42	20	1.34585
42	49	0.765595
42	81	1.55897
42	95	0.819268
42	122	1.40817
42	130	0.83347
42	137	0.83995
42	152	0.841973
42	172	0.817638
42	176	0.809205
42	177	0.815506
42	178	0.814178
42	179	0.81977
43	82	0.910779
43	134	0.888358
43	148	0.911394
43	153	0.88443
43	156	0.907268
43	158	0.901335
43	160	0.889528
43	161	0.891425
43	163	0.920423
43	167	0.895061
43	170	1.22165
43	173	1.19808
43	174	1.19441
43	175	1.18876
43	179	1.20637
44	30	1.30173
44	57	1.10932
44	66	0.876615
44	67	0.880842
44	100	1.28103
44	112	1.11826
44	120	0.949772
44	125	0.88748
44	140	0.877188
44	158	1.18304
44	171	0.901564
44	175	0.911229
44	177	0.904125
44	178	0.902797
44	179	0.908389
45	58	1.43302
45	68	0.815051
45	96	1.56187
45	141	0.815864
45	142	1.50616
45	151	0.823228
45	156	1.49116
45	162	0.806088
45	170	0.820642
45	171	0.81813
45	172	0.822823
45	174	0.819465
45	176	0.81439
45	178	0.819363
45	179	0.824955
46	59	1.73585
46	74	1.54807
46	86	1.30997
46	131	0.798808
46	156	1.39823
46	164	0.818718
46	166	0.824873
46	168	0.805491
46	171	0.819135
46	172	0.823827
46	173	0.818627
46	175	0.828799
46	176	0.815395
46	178	0.820367
46	179	0.825959
47	35	0.882198
47	40	0.872293
47	49	0.851174
47	84	0.924558
47	86	0.921154
47	90	1.26374
47	98	0.943809
47	104	0.855849
47	108	0.920096
47	119	0.919764
47	139	0.909105
47	143	1.1827
47	144	1.16266
47	168	1.21498
47	170	1.1855
48	29	1.57478
48	63	0.814504
48	67	0.796041
48	76	0.779779
48	115	0.871934
48	125	0.802679
48	130	0.837288
48	140	0.792388
48	143	1.49933
48	145	1.46215
48	150	0.822171
48	152	0.845791
48	174	0.818099
48	175	1.46924
48	177	0.819325
49	35	0.794225
49	42	0.765595
49	47	0.851174
49	72	0.797554
49	84	0.836585
49	86	0.833181
49	95	0.816874
49	98	0.855837
49	107	1.47047
49	139	0.821132
49	150	0.815958
49	159	1.51894
49	164	1.48431
49	166	1.53366
49	174	0.811885
50	61	0.813411
50	87	1.49642
50	93	0.814788
50	116	0.810664
50	122	0.811401
50	125	1.57061
50	139	0.823473
50	149	1.50238
50	150	0.818299
50	152	1.42351
50	172	0.817584
50	175	0.822556
50	178	0.814124
50	179	0.819716
50	180	0.833982
51	4	0.844014
51	26	0.825781
51	70	0.796312
51	81	0.761238
51	87	0.809791
51	103	0.839024
51	120	0.853051
51	123	0.801754
51	126	0.838923
51	127	0.825008
51	157	1.45744
51	159	0.805104
51	173	1.50484
51	174	1.50117
51	178	1.54391
52	104	1.61221
52	119	1.38455
52	122	1.54841
52	138	0.826405
52	146	0.829509
52	162	0.804703
52	163	1.44713
52	169	0.803994
52	171	0.816746
52	172	0.821439
52	173	0.816239
52	175	0.826411
52	176	0.813006
52	178	0.817979
52	179	0.823571
53	18	1.2732
53	97	1.23905
53	133	1.16554
53	142	1.12097
53	161	1.19421
53	165	0.911084
53	168	0.886834
53	169	0.887725
53	170	0.902989
53	171	0.900477
53	172	0.90517
53	173	0.89997
53	176	0.896737
53	178	0.90171
53	179	0.907302
54	11	0.847666
54	12	0.837382
54	71	0.89882
54	76	0.879038
54	91	0.90815
54	117	1.27161
54	130	0.936548
54	140	0.891647
54	151	1.18283
54	152	0.945051
54	159	1.16543
54	169	1.21747
54	171	1.17207
54	177	0.918585
54	180	0.937113
55	87	1.2915
55	129	1.35815
55	133	0.87415
55	134	0.862669
55	142	0.871018
55	149	0.875344
55	153	0.858741
55	155	0.882815
55	156	0.88158
55	157	1.23587
55	160	0.863839
55	161	0.865736
55	163	0.894735
55	167	0.869372
55	172	1.22882
55	179	1.29157
56	97	0.782802
56	133	0.797957
56	142	0.794825
56	147	1.56957
56	148	0.809513
56	155	0.806622
56	158	0.799454
56	160	0.787646
56	161	0.789543
56	163	0.818542
56	167	0.793179
56	169	1.64007
56	170	1.60319
56	171	1.59467
56	177	0.800694
56	180	0.819222
57	18	1.41269
57	28	0.858522
57	32	0.857403
57	44	1.10932
57	58	0.891865
57	61	0.875569
57	83	0.829915
57	88	0.87614
57	93	0.876947
57	112	0.878869
57	122	0.87356
57	135	1.26184
57	147	0.885069
57	176	1.32756
57	178	1.2941
57	180	0.89614
58	20	0.888465
58	21	1.17286
58	32	0.857068
58	45	1.43302
58	57	0.891865
58	79	0.848304
58	83	0.82958
58	88	0.875806
58	93	0.876612
58	112	0.878535
58	122	0.873225
58	147	0.884734
58	151	1.23946
58	169	1.2741
58	176	1.28619
58	180	0.895805
59	3	0.739829
59	33	0.781898
59	46	1.73585
59	66	0.775545
59	68	1.58537
59	70	0.791964
59	87	0.805442
59	103	0.834675
59	105	0.766249
59	113	1.52956
59	120	0.848702
59	123	0.797405
59	126	0.834574
59	127	0.820659
59	172	1.55495
59	177	0.803055
60	72	0.833292
60	73	1.46413
60	85	1.31422
60	98	0.891575
60	105	0.812044
60	108	0.867862
60	110	0.848736
60	123	0.8432
60	127	0.866454
60	145	1.35393
60	153	0.830705
60	155	0.854779
60	160	0.835803
60	163	0.866699
60	172	1.31588
60	175	1.36103
60	177	0.84885
61	28	0.841891
61	32	0.840773
61	50	0.813411
61	57	0.875569
61	79	0.832008
61	83	0.813285
61	93	0.860316
61	94	0.855631
61	109	1.29254
61	112	0.862239
61	122	0.856929
61	145	1.35353
61	147	0.868438
61	170	1.3935
61	175	1.36062
61	178	1.40901
61	180	0.87951
62	101	0.86619
62	142	0.844685
62	147	1.35379
62	148	0.859373
62	149	0.849011
62	153	0.832409
62	155	0.856482
62	156	0.855247
62	159	0.848253
62	160	0.837506
62	161	0.839403
62	163	0.868402
62	164	1.33762
62	167	0.843039
62	172	1.30938
62	176	1.43638
62	179	1.37213
63	38	0.831271
63	48	0.814504
63	71	0.838437
63	76	0.818655
63	99	1.27126
63	125	0.841556
63	130	0.876165
63	135	1.38002
63	137	0.882645
63	140	0.831264
63	147	0.865659
63	152	0.884668
63	166	1.39634
63	171	1.38826
63	173	1.37321
63	174	0.856975
63	177	0.858202
64	13	0.787938
64	71	0.832255
64	75	0.893054
64	77	0.825155
64	125	0.835374
64	130	0.869983
64	137	0.876463
64	140	0.825082
64	141	1.40547
64	150	0.854866
64	152	0.878486
64	172	1.28451
64	174	0.850793
64	175	1.32966
64	176	1.41151
64	178	1.37805
64	180	0.870549
65	119	1.27695
65	137	1.33442
65	146	0.860242
65	152	1.33568
65	157	0.855708
65	161	1.47904
65	169	0.834727
65	170	0.849991
65	171	0.847479
65	172	0.852172
65	173	0.846971
65	174	0.848814
65	175	0.857144
65	176	0.843739
65	178	0.848712
65	179	0.854304
65	180	1.36474
66	4	0.872123
66	34	1.07516
66	44	0.876615
66	59	0.775545
66	85	1.37924
66	99	0.881641
66	103	0.867132
66	120	0.881159
66	123	0.829862
66	126	0.867031
66	127	0.853116
66	143	0.827052
66	159	0.833212
66	170	1.45893
66	171	1.45041
66	177	0.835512
66	179	1.44366
67	13	0.775657
67	15	0.87558
67	23	1.36536
67	44	0.880842
67	48	0.796041
67	75	0.880774
67	91	0.829304
67	115	0.892349
67	117	1.44475
67	125	0.823094
67	130	0.857703
67	137	0.864183
67	152	0.866206
67	168	1.38322
67	172	1.2757
67	179	1.33846
67	180	0.858268
68	45	0.815051
68	59	1.58537
68	74	1.39758
68	77	1.41264
68	84	1.20017
68	131	0.834494
68	145	0.85333
68	157	0.86305
68	162	0.842779
68	163	1.19648
68	168	0.841178
68	170	0.857334
68	172	0.859514
68	175	0.864486
68	176	0.851081
68	178	0.856054
68	179	0.861646
69	41	1.43508
69	142	0.844356
69	148	0.859043
69	149	0.848681
69	153	0.832079
69	155	0.856153
69	156	0.854918
69	157	1.2823
69	158	0.848985
69	160	0.837177
69	161	0.839074
69	162	1.44347
69	163	0.868072
69	167	0.84271
69	174	1.32603
69	175	1.32039
69	180	0.868753
70	4	0.888541
70	33	0.830774
70	51	0.796312
70	59	0.791964
70	81	0.805765
70	87	0.854318
70	103	0.883551
70	117	1.41054
70	120	0.897578
70	123	0.846281
70	126	0.88345
70	127	0.869535
70	129	1.37082
70	131	1.4362
70	150	1.30516
70	175	1.28664
70	177	0.851931
71	54	0.89882
71	63	0.838437
71	64	0.832255
71	77	0.816394
71	91	0.832823
71	109	1.27581
71	115	0.895867
71	125	0.826612
71	137	0.867702
71	140	0.816321
71	152	0.869724
71	159	1.3616
71	162	1.46697
71	168	1.40625
71	172	1.29873
71	177	0.843258
71	180	0.861787
72	31	0.812242
72	49	0.797554
72	60	0.833292
72	84	0.870939
72	86	0.867534
72	95	0.851227
72	98	0.89019
72	108	0.866477
72	113	1.29694
72	116	0.842677
72	119	0.866144
72	139	0.855485
72	143	1.39757
72	157	1.32939
72	170	1.40036
72	174	0.846239
72	179	1.38509
73	4	1.25337
73	60	1.46413
73	149	1.38934
73	154	0.859768
73	155	1.37309
73	157	0.856312
73	162	0.836041
73	163	1.31431
73	165	0.858689
73	168	0.83444
73	171	0.848083
73	172	0.852776
73	173	0.847576
73	175	0.857748
73	176	0.844343
73	178	0.849316
73	179	0.854908
74	25	0.844381
74	46	1.54807
74	68	1.39758
74	86	0.853848
74	104	0.788544
74	125	0.817133
74	139	0.841799
74	140	0.806841
74	142	0.827911
74	146	1.4016
74	152	0.860245
74	153	0.815634
74	158	0.83254
74	167	0.826265
74	171	1.43667
74	173	1.42163
74	174	0.832552
74	180	0.852308
75	12	0.822855
75	64	0.893054
75	67	0.880774
75	91	0.893622
75	111	1.27091
75	115	0.956666
75	125	0.887411
75	137	0.928501
75	140	0.87712
75	144	1.19321
75	152	0.930523
75	159	1.20088
75	171	1.20752
75	172	1.13802
75	174	0.902831
75	177	0.904057
75	179	1.20077
75	180	0.922586
76	38	0.796545
76	48	0.779779
76	54	0.879038
76	63	0.818655
76	115	0.876086
76	130	0.84144
76	137	0.84792
76	140	0.796539
76	145	1.43917
76	146	1.43555
76	150	0.826323
76	152	0.849943
76	159	1.46398
76	164	1.42936
76	165	1.44115
76	174	0.82225
76	177	0.823477
76	180	0.842005
77	11	0.76524
77	12	0.754956
77	15	0.871999
77	64	0.825155
77	68	1.41264
77	71	0.816394
77	125	0.819513
77	130	0.854122
77	137	0.860602
77	143	1.45746
77	146	1.41666
77	147	0.843616
77	152	0.862625
77	159	1.44509
77	174	0.834932
77	177	0.836159
77	178	1.47575
77	180	0.854687
78	17	0.822066
78	24	1.23137
78	101	0.924182
78	133	0.90581
78	134	0.894329
78	142	0.902678
78	146	1.17237
78	148	0.917365
78	149	0.907003
78	153	0.890401
78	154	1.17343
78	156	0.91324
78	160	0.895499
78	163	0.926395
78	166	1.21553
78	167	0.901032
78	170	1.21597
78	179	1.20069
79	20	0.845239
79	28	0.814961
79	32	0.813842
79	58	0.848304
79	61	0.832008
79	83	0.786354
79	88	0.832579
79	93	0.833385
79	97	1.56221
79	102	1.34832
79	109	1.36131
79	110	0.833936
79	112	0.835308
79	122	0.829998
79	147	0.841507
79	169	1.49915
79	174	1.43503
79	180	0.852579
80	32	1.43015
80	119	1.15687
80	124	0.85482
80	130	1.2385
80	137	1.21434
80	145	0.875883
80	154	0.88906
80	162	0.865332
80	165	0.887981
80	169	0.864622
80	170	0.879887
80	172	0.882067
80	173	0.876867
80	175	0.887039
80	176	0.873634
80	177	1.30631
80	178	0.878607
80	179	0.884199
80	180	1.24467
81	3	0.753631
81	26	0.835234
81	42	1.55897
81	51	0.761238
81	70	0.805765
81	87	0.819244
81	103	0.848477
81	105	0.780051
81	120	0.862504
81	123	0.811207
81	126	0.848376
81	127	0.834461
81	141	1.53909
81	143	0.808396
81	159	0.814557
81	168	1.52565
81	170	1.49617
81	171	1.48764
81	177	0.816857
82	43	0.910779
82	118	0.897415
82	128	1.35412
82	132	0.886475
82	133	0.86849
82	141	1.27094
82	148	0.880046
82	149	0.869684
82	153	0.853082
82	155	0.877155
82	156	0.87592
82	158	0.869987
82	160	0.858179
82	163	0.889075
82	167	0.863713
82	169	1.2649
82	174	1.20078
82	176	1.27699
82	178	1.24352
83	20	0.826516
83	28	0.796237
83	32	0.795119
83	57	0.829915
83	58	0.82958
83	61	0.813285
83	79	0.786354
83	88	0.813856
83	93	0.814662
83	94	0.809977
83	112	0.816585
83	122	0.811275
83	138	1.52332
83	143	1.53366
83	147	0.822784
83	150	1.5221
83	159	1.52129
83	174	1.50921
83	180	0.833855
84	31	0.851273
84	36	1.33481
84	37	0.865037
84	39	1.3558
84	41	0.840031
84	47	0.924558
84	49	0.836585
84	68	1.20017
84	72	0.870939
84	95	0.890258
84	98	0.929221
84	104	0.841261
84	116	0.881708
84	139	0.894516
84	146	1.2042
84	150	0.889343
84	166	1.24735
84	174	0.88527
84	178	1.26329
85	60	1.31422
85	66	1.37924
85	110	1.24328
85	128	0.844793
85	146	0.889011
85	156	1.21566
85	157	0.884477
85	162	0.864205
85	165	0.886854
85	170	0.87876
85	171	0.876248
85	172	0.88094
85	173	0.87574
85	175	0.885912
85	176	0.872508
85	177	1.25125
85	178	0.87748
85	179	0.883072
85	180	1.18961
86	18	0.891032
86	40	0.8543
86	46	1.30997
86	47	0.921154
86	49	0.833181
86	72	0.867534
86	74	0.853848
86	90	1.28534
86	104	0.837857
86	108	0.902104
86	111	1.26196
86	116	0.878304
86	119	0.901771
86	131	1.32378
86	139	0.891112
86	150	0.885938
86	159	1.19193
86	168	1.23658
86	174	0.881866
87	4	0.90202
87	33	0.844253
87	50	1.49642
87	51	0.809791
87	55	1.2915
87	59	0.805442
87	70	0.854318
87	81	0.819244
87	103	0.89703
87	105	0.828604
87	114	1.37884
87	120	0.911057
87	123	0.85976
87	127	0.883014
87	143	0.856949
87	154	1.27062
87	159	0.86311
87	173	1.28959
87	175	1.28027
87	177	0.86541
88	14	0.888653
88	20	0.872741
88	28	0.842463
88	32	0.841344
88	36	0.833702
88	57	0.87614
88	58	0.875806
88	79	0.832579
88	83	0.813856
88	93	0.860887
88	110	0.861438
88	112	0.86281
88	122	0.8575
88	168	1.3705
88	172	1.26298
88	173	1.31745
88	174	1.31377
88	176	1.38998
88	178	1.35652
88	180	0.880081
89	1	1.09805
89	2	1.52507
89	13	1.56274
89	40	1.31928
89	134	1.3182
89	136	0.847867
89	141	0.853473
89	151	0.860837
89	157	0.863968
89	165	0.866345
89	168	0.842096
89	171	0.855739
89	172	0.860432
89	173	0.855232
89	174	0.857074
89	175	0.865404
89	176	0.851999
89	178	0.856972
89	179	0.862564
89	180	1.17404
90	47	1.26374
90	86	1.28534
90	106	0.823815
90	110	1.40122
90	116	1.41279
90	120	1.25652
90	146	0.870779
90	151	0.863114
90	156	1.3736
90	157	0.866245
90	162	0.845974
90	169	0.845264
90	170	0.860528
90	171	0.858016
90	172	0.862709
90	173	0.857509
90	175	0.867681
90	176	0.854276
90	178	0.859249
90	179	0.864841
91	11	0.78167
91	14	0.879689
91	23	1.34497
91	38	0.825657
91	54	0.90815
91	67	0.829304
91	71	0.832823
91	75	0.893622
91	115	0.905197
91	140	0.82565
91	143	1.33055
91	147	0.860045
91	150	0.855434
91	152	0.879054
91	159	1.31818
91	166	1.3329
91	175	1.30046
91	176	1.38231
91	177	0.852588
91	180	0.871117
92	109	0.860081
92	127	1.27784
92	130	1.27948
92	136	0.849103
92	155	1.31922
92	160	1.38513
92	162	0.844932
92	164	0.856558
92	165	0.867581
92	166	0.862713
92	167	1.37954
92	169	0.844223
92	170	0.859487
92	171	0.856975
92	173	0.856467
92	175	0.866639
92	176	0.853235
92	177	1.34729
92	178	0.858207
92	179	0.863799
93	5	1.59489
93	20	0.873547
93	25	0.872961
93	28	0.843269
93	50	0.814788
93	57	0.876947
93	58	0.876612
93	61	0.860316
93	79	0.833385
93	83	0.814662
93	88	0.860887
93	112	0.863616
93	122	0.858307
93	136	1.37041
93	147	0.869816
93	171	1.26136
93	174	1.24265
93	178	1.28539
93	179	1.25461
93	180	0.880887
94	26	1.35071
94	31	0.82245
94	61	0.855631
94	83	0.809977
94	98	0.900398
94	110	0.85756
94	119	0.876353
94	120	1.20045
94	122	0.853622
94	142	1.33254
94	149	1.3413
94	158	1.37449
94	160	1.39097
94	166	0.86085
94	170	0.857624
94	173	0.854605
94	174	0.856447
94	178	0.856345
94	179	0.861937
94	180	0.876202
95	31	0.831561
95	35	0.847898
95	42	0.819268
95	49	0.816874
95	72	0.851227
95	84	0.890258
95	98	0.90951
95	104	0.82155
95	108	0.885797
95	116	0.861996
95	117	0.854066
95	128	1.42245
95	131	1.41303
95	139	0.874805
95	147	1.26273
95	150	0.869631
95	154	1.25381
95	162	1.38655
95	173	1.27278
95	174	0.865558
96	17	0.760204
96	45	1.56187
96	131	1.48275
96	133	0.843947
96	134	0.832466
96	148	0.855503
96	149	0.845141
96	150	1.35171
96	153	0.828539
96	154	1.32353
96	155	0.852612
96	156	0.851377
96	158	0.845444
96	160	0.833636
96	161	0.835533
96	163	0.864532
96	167	0.839169
96	174	1.33883
96	177	0.846684
96	179	1.35079
96	180	0.865212
97	6	0.791438
97	53	1.23905
97	56	0.782802
97	79	1.56221
97	132	0.86038
97	133	0.842395
97	147	1.39482
97	148	0.853951
97	149	0.843589
97	155	0.85106
97	156	0.849825
97	158	0.843892
97	159	0.842831
97	160	0.832084
97	161	0.833981
97	163	0.86298
97	169	1.46532
97	172	1.35041
97	175	1.39556
97	177	0.845131
97	180	0.86366
98	18	0.913687
98	31	0.870524
98	40	0.876956
98	47	0.943809
98	49	0.855837
98	60	0.891575
98	72	0.89019
98	84	0.929221
98	94	0.900398
98	95	0.90951
98	104	0.860513
98	108	0.924759
98	111	1.22813
98	119	0.924427
98	135	1.15651
98	136	1.27379
98	143	1.17048
98	150	0.908594
98	170	1.17327
98	176	1.22224
98	178	1.18877
99	15	1.11412
99	19	1.16501
99	31	0.873928
99	63	1.27126
99	66	0.881641
99	101	1.1496
99	104	0.863916
99	105	0.872345
99	111	0.901072
99	119	0.92783
99	123	0.903501
99	125	1.26183
99	134	1.28794
99	139	0.917171
99	170	0.909102
99	175	0.916255
99	176	0.90285
99	177	0.909151
99	178	0.907823
99	179	0.913415
99	180	1.14379
100	6	0.787228
100	44	1.28103
100	118	0.867109
100	132	0.856169
100	133	0.838184
100	134	0.826704
100	141	1.49322
100	144	1.42746
100	148	0.84974
100	149	0.839378
100	156	0.845615
100	158	0.839682
100	160	0.827874
100	161	0.829771
100	163	0.858769
100	165	1.41231
100	167	0.833407
100	172	1.37227
100	174	1.42306
100	177	0.840921
100	180	0.85945
101	22	0.878683
101	62	0.86619
101	78	0.924182
101	99	1.1496
101	132	0.893907
101	142	0.872791
101	148	0.887478
101	149	0.877116
101	150	1.26076
101	153	0.860514
101	155	0.884588
101	158	0.87742
101	159	0.876359
101	160	0.865612
101	161	0.867509
101	162	1.36532
101	163	0.896507
101	165	1.23713
101	167	0.871145
101	174	1.24788
101	178	1.29062
101	179	1.25985
102	30	1.35706
102	37	1.32342
102	79	1.34832
102	103	1.10897
102	141	0.877304
102	145	0.878078
102	148	1.19958
102	158	1.23836
102	164	0.879153
102	165	0.890176
102	166	0.885308
102	168	0.865926
102	169	0.866818
102	170	0.882082
102	171	0.87957
102	172	0.884262
102	173	0.879062
102	175	0.889234
102	176	0.87583
102	177	1.217
102	178	0.880803
102	179	0.886394
103	3	0.831417
103	51	0.839024
103	59	0.834675
103	66	0.867132
103	70	0.883551
103	81	0.848477
103	87	0.89703
103	102	1.10897
103	105	0.857837
103	114	1.2886
103	117	1.31394
103	120	0.940289
103	123	0.888993
103	126	0.926161
103	127	0.912247
103	136	1.32344
103	141	1.26584
103	143	0.886182
103	159	0.892343
103	176	1.27189
103	177	0.894643
103	178	1.23842
104	18	0.825727
104	25	0.82839
104	35	0.798901
104	37	0.796328
104	40	0.788996
104	47	0.855849
104	52	1.61221
104	74	0.788544
104	84	0.841261
104	86	0.837857
104	95	0.82155
104	98	0.860513
104	99	0.863916
104	108	0.8368
104	116	0.812999
104	128	1.53527
104	139	0.825808
104	154	1.36663
104	162	1.49937
104	165	1.37117
104	174	0.816561
104	178	1.42467
105	3	0.762991
105	26	0.844594
105	33	0.80506
105	59	0.766249
105	60	0.812044
105	81	0.780051
105	87	0.828604
105	99	0.872345
105	103	0.857837
105	110	0.826103
105	120	0.871864
105	123	0.820567
105	126	0.857736
105	127	0.843821
105	135	1.50361
105	145	1.48039
105	157	1.4494
105	159	0.823917
105	164	1.47058
105	172	1.44234
105	177	0.826217
105	180	1.46117
106	1	1.37287
106	90	0.823815
106	119	1.36106
106	121	0.821923
106	133	1.53448
106	135	0.817901
106	144	0.824825
106	151	0.828797
106	161	1.56316
106	162	0.811656
106	164	0.823282
106	165	0.834305
106	166	0.829437
106	171	0.823699
106	172	0.828392
106	173	0.823191
106	175	0.833364
106	176	0.819959
106	177	1.5105
106	178	0.824932
106	179	0.830524
106	180	1.44886
107	26	1.2649
107	49	1.47047
107	115	1.12991
107	124	0.857361
107	126	1.16582
107	129	0.880655
107	135	0.874118
107	138	0.889575
107	149	1.25549
107	154	0.891601
107	162	0.867873
107	165	0.890522
107	166	0.885653
107	167	1.29956
107	169	0.867163
107	170	0.882427
107	173	0.879408
107	175	0.88958
107	176	0.876175
107	178	0.881148
107	179	0.88674
107	180	1.20567
108	29	1.32477
108	31	0.846811
108	35	0.863148
108	37	0.860575
108	47	0.920096
108	60	0.867862
108	72	0.866477
108	86	0.902104
108	95	0.885797
108	98	0.924759
108	104	0.8368
108	110	0.881921
108	111	1.30697
108	116	0.877246
108	119	0.900714
108	138	1.23898
108	143	1.24932
108	150	0.884881
108	159	1.23695
108	164	1.20232
108	170	1.25211
108	174	0.880808
109	32	1.35383
109	38	1.33219
109	61	1.29254
109	71	1.27581
109	79	1.36131
109	92	0.860081
109	144	0.862133
109	145	0.859516
109	146	0.87377
109	153	1.31829
109	154	0.872692
109	162	0.848964
109	166	0.866745
109	167	1.26223
109	168	0.847364
109	170	0.863519
109	171	0.861007
109	172	0.8657
109	173	0.8605
109	175	0.870672
109	176	0.857267
109	178	0.86224
109	179	0.867832
110	60	0.848736
110	79	0.833936
110	85	1.24328
110	88	0.861438
110	90	1.40122
110	94	0.85756
110	105	0.826103
110	108	0.881921
110	112	0.864167
110	116	0.858121
110	122	0.858858
110	123	0.857259
110	126	0.894428
110	127	0.880513
110	134	1.40793
110	139	0.870929
110	157	1.252
110	164	1.27318
110	174	0.861683
110	175	1.29009
110	177	0.862909
110	178	1.33847
110	180	0.881438
111	75	1.27091
111	86	1.26196
111	98	1.22813
111	99	0.901072
111	108	1.30697
111	116	1.38941
111	120	0.90059
111	125	1.44221
111	126	0.886462
111	127	0.872547
111	134	0.840726
111	142	0.849075
111	152	1.29511
111	155	0.860872
111	156	0.859637
111	161	0.843793
111	170	0.854894
111	173	0.851875
111	175	0.862047
111	176	0.848642
111	177	0.854944
111	178	0.853615
111	179	0.859207
112	8	1.5889
112	14	0.891382
112	20	0.87547
112	23	0.866978
112	28	0.845191
112	32	0.844073
112	44	1.11826
112	57	0.878869
112	58	0.878535
112	61	0.862239
112	79	0.835308
112	83	0.816585
112	88	0.86281
112	93	0.863616
112	110	0.864167
112	122	0.860229
112	143	1.28474
112	147	0.871738
112	162	1.37774
112	165	1.24954
112	166	1.28709
112	178	1.30304
112	180	0.88281
113	10	1.56211
113	25	1.18838
113	59	1.52956
113	72	1.29694
113	121	0.858633
113	122	1.24194
113	148	1.2101
113	151	0.865507
113	154	0.872095
113	157	0.868638
113	164	0.859993
113	165	0.871016
113	166	0.866147
113	168	0.846766
113	169	0.847657
113	170	0.862922
113	172	0.865102
113	173	0.859902
113	175	0.870074
113	176	0.856669
113	178	0.861642
113	179	0.867234
113	180	1.16588
114	40	1.48022
114	87	1.37884
114	103	1.2886
114	119	1.24719
114	121	0.844524
114	132	1.3431
114	134	1.47914
114	141	0.844033
114	142	1.37604
114	145	0.844808
114	157	0.854528
114	164	0.845883
114	165	0.856906
114	166	0.852038
114	168	0.832656
114	169	0.833547
114	170	0.848812
114	171	0.846299
114	172	0.850992
114	173	0.845792
114	175	0.855964
114	176	0.842559
114	178	0.847532
114	179	0.853124
115	11	0.844714
115	12	0.83443
115	38	0.888701
115	48	0.871934
115	67	0.892349
115	71	0.895867
115	75	0.956666
115	76	0.876086
115	91	0.905197
115	107	1.12991
115	117	1.28455
115	121	1.18112
115	125	0.898987
115	129	1.24484
115	137	0.940076
115	140	0.888695
115	141	1.23646
115	148	1.17856
115	152	0.942099
115	166	1.1931
115	174	0.914406
115	175	1.16066
115	177	0.915632
115	180	0.934161
116	8	0.791526
116	37	0.836775
116	40	0.829442
116	41	0.811769
116	50	0.810664
116	72	0.842677
116	84	0.881708
116	86	0.878304
116	90	1.41279
116	95	0.861996
116	104	0.812999
116	108	0.877246
116	110	0.858121
116	111	1.38941
116	117	0.845516
116	119	0.876914
116	134	1.41951
116	136	1.43507
116	139	0.866255
116	150	0.861081
116	159	1.31938
116	173	1.31098
116	174	0.857008
116	179	1.31927
117	18	0.858244
117	37	0.828845
117	54	1.27161
117	67	1.44475
117	70	1.41054
117	95	0.854066
117	103	1.31394
117	115	1.28455
117	116	0.845516
117	131	0.827416
117	134	0.836087
117	137	1.32999
117	139	0.858324
117	140	1.54077
117	142	0.844436
117	149	0.848761
117	158	0.849065
117	161	0.839154
117	162	0.8357
117	163	0.868153
117	170	0.850255
117	172	0.852436
117	178	0.848976
117	179	0.854568
118	2	0.826202
118	19	0.890293
118	82	0.897415
118	100	0.867109
118	133	0.886475
118	134	0.874994
118	143	0.88075
118	147	1.24681
118	148	0.89803
118	149	0.887668
118	150	1.26607
118	153	0.871066
118	155	0.89514
118	156	0.893905
118	157	1.20945
118	158	0.887972
118	160	0.876164
118	161	0.878061
118	163	0.90706
118	165	1.24243
118	167	0.881697
118	172	1.20239
118	174	1.25318
118	176	1.32939
118	179	1.26515
119	8	0.814993
119	14	0.908803
119	18	0.889642
119	31	0.846479
119	35	0.862816
119	37	0.860243
119	40	0.85291
119	47	0.919764
119	52	1.38455
119	65	1.27695
119	72	0.866144
119	80	1.15687
119	86	0.901771
119	94	0.876353
119	98	0.924427
119	99	0.92783
119	106	1.36106
119	108	0.900714
119	114	1.24719
119	116	0.876914
119	136	1.28204
119	139	0.889722
119	154	1.13897
119	173	1.15794
119	174	0.880476
120	3	0.845444
120	4	0.94528
120	26	0.927047
120	33	0.887513
120	44	0.949772
120	51	0.853051
120	59	0.848702
120	66	0.881159
120	70	0.897578
120	81	0.862504
120	87	0.911057
120	90	1.25652
120	94	1.20045
120	103	0.940289
120	105	0.871864
120	111	0.90059
120	123	0.90302
120	126	0.940188
120	127	0.926274
120	141	1.22119
120	147	1.14466
120	151	1.18051
120	162	1.26848
120	174	1.15103
120	176	1.22724
120	177	0.90867
120	179	1.163
121	3	1.74734
121	106	0.821923
121	113	0.858633
121	114	0.844524
121	115	1.18112
121	123	1.3284
121	126	1.21704
121	128	0.82467
121	129	0.856864
121	134	1.40104
121	144	0.85725
121	145	0.854633
121	157	0.864353
121	158	1.33989
121	164	0.855708
121	165	0.866731
121	168	0.842481
121	169	0.843372
121	170	0.858636
121	171	0.856124
121	173	0.855617
121	175	0.865789
121	176	0.852384
121	177	1.31853
121	178	0.857357
121	179	0.862949
121	180	1.25689
122	20	0.87016
122	23	0.861668
122	25	0.869573
122	28	0.839882
122	32	0.838763
122	36	0.831122
122	42	1.40817
122	50	0.811401
122	52	1.54841
122	57	0.87356
122	58	0.873225
122	61	0.856929
122	79	0.829998
122	83	0.811275
122	88	0.8575
122	93	0.858307
122	94	0.853622
122	110	0.858858
122	112	0.860229
122	113	1.24194
122	135	1.32861
122	147	0.866429
122	164	1.29558
122	169	1.38225
122	171	1.33684
122	172	1.26734
122	180	0.8775
123	16	1.30571
123	21	1.27646
123	26	0.87575
123	29	1.41348
123	33	0.836216
123	41	1.42263
123	51	0.801754
123	59	0.797405
123	60	0.8432
123	66	0.829862
123	70	0.846281
123	81	0.811207
123	87	0.85976
123	99	0.903501
123	103	0.888993
123	105	0.820567
123	110	0.857259
123	120	0.90302
123	121	1.3284
123	126	0.888891
123	127	0.874977
123	143	0.848912
123	159	0.855073
123	168	1.37031
123	171	1.3323
123	177	0.857373
123	178	1.35632
124	14	1.25622
124	80	0.85482
124	107	0.857361
124	129	0.836086
124	131	0.815019
124	133	1.41542
124	138	0.845006
124	141	0.83308
124	146	0.848109
124	151	0.840444
124	153	1.47974
124	154	0.847032
124	155	1.36337
124	157	0.843575
124	158	1.4128
124	161	1.4441
124	164	0.83493
124	166	0.841084
124	167	1.42368
124	170	0.837859
124	171	0.835346
124	172	0.840039
124	173	0.834839
124	175	0.845011
124	176	0.831606
124	177	1.39144
124	178	0.836579
124	179	0.842171
125	11	0.775459
125	13	0.782295
125	36	0.818528
125	44	0.88748
125	48	0.802679
125	50	1.57061
125	63	0.841556
125	64	0.835374
125	67	0.823094
125	71	0.826612
125	74	0.817133
125	75	0.887411
125	77	0.819513
125	99	1.26183
125	111	1.44221
125	115	0.898987
125	130	0.86434
125	137	0.870821
125	140	0.81944
125	152	0.872844
125	159	1.37219
125	165	1.34936
125	168	1.41684
125	169	1.42423
125	174	0.845151
125	177	0.846377
125	179	1.37208
125	180	0.864906
126	3	0.831316
126	4	0.931152
126	24	1.24486
126	26	0.912919
126	33	0.873385
126	36	1.31647
126	51	0.838923
126	59	0.834574
126	66	0.867031
126	70	0.88345
126	81	0.848376
126	103	0.926161
126	105	0.857736
126	107	1.16582
126	110	0.894428
126	111	0.886462
126	120	0.940188
126	121	1.21704
126	123	0.888891
126	127	0.912146
126	141	1.27238
126	143	0.886081
126	159	0.892241
126	162	1.31966
126	171	1.22093
126	176	1.27842
126	177	0.894542
126	180	1.17026
127	3	0.817401
127	4	0.917237
127	33	0.85947
127	51	0.825008
127	59	0.820659
127	60	0.866454
127	66	0.853116
127	70	0.869535
127	81	0.834461
127	87	0.883014
127	92	1.27784
127	103	0.912247
127	105	0.843821
127	110	0.880513
127	111	0.872547
127	120	0.926274
127	123	0.874977
127	126	0.912146
127	129	1.31279
127	131	1.37817
127	136	1.36201
127	143	0.872166
127	159	0.878327
127	164	1.2117
127	165	1.2235
127	170	1.26149
127	176	1.31046
127	177	0.880627
127	178	1.27699
128	25	1.4179
128	82	1.35412
128	85	0.844793
128	95	1.42245
128	104	1.53527
128	121	0.82467
128	129	0.827185
128	138	0.836105
128	145	0.824954
128	146	0.839209
128	156	1.42145
128	157	0.834675
128	160	1.49489
128	162	0.814403
128	164	0.826029
128	165	0.837052
128	166	0.832184
128	167	1.48929
128	168	0.812802
128	169	0.813694
128	170	0.828958
128	171	0.826446
128	172	0.831138
128	173	0.825938
128	175	0.83611
128	176	0.822706
128	177	1.45704
128	178	0.827679
128	179	0.83327
129	55	1.35815
129	70	1.37082
129	107	0.880655
129	115	1.24484
129	121	0.856864
129	124	0.836086
129	127	1.31279
129	128	0.827185
129	136	0.850768
129	145	0.857148
129	146	0.871403
129	151	0.863738
129	152	1.29154
129	157	0.866869
129	162	0.846597
129	163	1.29539
129	164	0.858223
129	165	0.869246
129	167	1.41449
129	168	0.844997
129	169	0.845888
129	170	0.861152
129	171	0.85864
129	172	0.863333
129	173	0.858132
129	175	0.868305
129	176	0.8549
129	177	1.38225
129	178	0.859873
129	180	1.32061
130	13	0.816904
130	14	0.908087
130	15	0.916827
130	27	1.3569
130	36	0.853136
130	41	0.834521
130	42	0.83347
130	48	0.837288
130	54	0.936548
130	63	0.876165
130	64	0.869983
130	67	0.857703
130	76	0.84144
130	77	0.854122
130	80	1.2385
130	92	1.27948
130	125	0.86434
130	136	1.36366
130	137	0.90543
130	140	0.854049
130	141	1.30605
130	144	1.2403
130	147	0.888443
130	150	0.883832
130	152	0.907452
130	166	1.26269
130	170	1.26313
130	171	1.25461
130	174	0.87976
130	177	0.880986
130	179	1.24786
130	180	0.899515
131	46	0.798808
131	68	0.834494
131	70	1.4362
131	86	1.32378
131	95	1.41303
131	96	1.48275
131	117	0.827416
131	124	0.815019
131	127	1.37817
131	135	0.831776
131	136	0.829702
131	138	0.847233
131	139	1.4141
131	141	0.835307
131	151	0.842671
131	153	1.53593
131	163	1.36077
131	164	0.837157
131	165	0.84818
131	166	0.843311
131	168	0.82393
131	169	0.824821
131	170	0.840085
131	171	0.837573
131	172	0.842266
131	173	0.837066
131	174	0.838908
131	175	0.847238
131	176	0.833833
131	177	1.44763
131	178	0.838806
131	179	0.844398
132	10	0.815788
132	16	1.2423
132	23	1.28904
132	30	0.856883
132	82	0.886475
132	97	0.86038
132	100	0.856169
132	101	0.893907
132	114	1.3431
132	133	0.875535
132	134	0.864054
132	142	0.872403
132	146	1.23382
132	147	1.2438
132	148	0.88709
132	149	0.876729
132	150	1.26306
132	153	0.860126
132	155	0.8842
132	156	0.882965
132	158	0.877032
132	159	0.875971
132	160	0.865224
132	161	0.867121
132	162	1.36762
132	163	0.89612
132	167	0.870757
132	173	1.25385
132	174	1.25017
132	176	1.32638
132	177	0.878271
132	180	0.8968
133	2	0.797277
133	6	0.806593
133	7	0.904139
133	10	0.797803
133	17	0.773807
133	24	1.37033
133	30	0.838898
133	36	1.44195
133	53	1.16554
133	55	0.87415
133	56	0.797957
133	78	0.90581
133	82	0.86849
133	96	0.843947
133	97	0.842395
133	100	0.838184
133	106	1.53448
133	118	0.886475
133	124	1.41542
133	132	0.875535
133	148	0.869105
133	153	0.842141
133	154	1.31239
133	155	0.866215
133	156	0.86498
133	160	0.847239
133	161	0.849136
133	163	0.878135
133	167	0.852772
133	173	1.33136
133	174	1.32769
133	178	1.37043
133	179	1.33966
133	180	0.878815
134	6	0.795113
134	21	0.852712
134	34	1.02969
134	36	1.50048
134	43	0.888358
134	55	0.862669
134	78	0.894329
134	89	1.3182
134	96	0.832466
134	99	1.28794
134	100	0.826704
134	110	1.40793
134	111	0.840726
134	114	1.47914
134	116	1.41951
134	117	0.836087
134	118	0.874994
134	121	1.40104
134	132	0.864054
134	142	0.842938
134	145	1.37349
134	148	0.857625
134	149	0.847263
134	153	0.830661
134	155	0.854734
134	156	0.853499
134	158	0.847566
134	160	0.835759
134	161	0.837656
134	163	0.866654
134	167	0.841292
134	174	1.38622
134	177	0.848806
134	180	0.867335
135	5	0.79271
135	10	1.64877
135	16	0.861419
135	57	1.26184
135	63	1.38002
135	98	1.15651
135	105	1.50361
135	106	0.817901
135	107	0.874118
135	122	1.32861
135	131	0.831776
135	138	0.861762
135	144	0.853229
135	145	0.850612
135	146	0.864866
135	148	1.29676
135	151	0.857201
135	154	0.863788
135	157	0.860332
135	158	1.33555
135	161	1.36685
135	162	0.840061
135	164	0.851686
135	166	0.857841
135	168	0.83846
135	169	0.839351
135	171	0.852103
135	172	0.856796
135	173	0.851596
135	175	0.861768
135	176	0.848363
135	177	1.31419
135	178	0.853336
135	179	0.858928
136	35	1.44316
136	89	0.847867
136	92	0.849103
136	93	1.37041
136	98	1.27379
136	103	1.32344
136	116	1.43507
136	119	1.28204
136	127	1.36201
136	129	0.850768
136	130	1.36366
136	131	0.829702
136	138	0.859688
136	139	1.39794
136	141	0.847763
136	144	0.851155
136	145	0.848538
136	151	0.855127
136	154	0.861714
136	162	0.837986
136	163	1.34461
136	164	0.849612
136	165	0.860635
136	166	0.855767
136	168	0.836386
136	169	0.837277
136	170	0.852541
136	171	0.850029
136	172	0.854722
136	173	0.849522
136	175	0.859694
136	176	0.846289
136	178	0.851262
136	179	0.856854
137	5	1.56398
137	8	0.820758
137	12	0.806264
137	13	0.823384
137	15	0.923307
137	21	0.891373
137	38	0.860535
137	41	0.841001
137	42	0.83995
137	63	0.882645
137	64	0.876463
137	65	1.33442
137	67	0.864183
137	71	0.867702
137	75	0.928501
137	76	0.84792
137	77	0.860602
137	80	1.21434
137	115	0.940076
137	117	1.32999
137	125	0.870821
137	130	0.90543
137	138	1.22584
137	140	0.860529
137	145	1.199
137	147	0.894924
137	152	0.913933
137	162	1.32918
137	165	1.20098
137	171	1.23045
137	172	1.16095
137	174	0.88624
137	177	0.887466
137	179	1.2237
