1	20	1.04229
1	30	1.11729
1	71	1.15806
1	74	1.04622
1	83	0.973386
1	154	1.09607
1	164	0.88603
1	167	0.83446
1	171	0.892419
1	175	0.820524
1	176	1.14007
2	13	0.895771
2	24	0.781364
2	67	0.907039
2	101	0.85916
2	143	1.07947
2	147	1.0861
2	156	0.949222
2	165	1.10183
2	178	1.14156
2	179	1.10168
2	180	1.08936
3	17	1.36476
3	33	0.83159
3	91	1.14589
3	98	0.870173
3	120	0.869755
3	134	0.965035
3	157	0.909651
3	161	1.16934
3	167	0.90925
3	172	1.12584
3	174	0.899917
3	178	0.944629
4	90	0.953349
4	113	0.917892
4	123	1.0414
4	127	1.04564
4	129	1.05048
4	132	0.993443
4	139	0.959441
4	148	1.0423
4	162	1.08044
4	172	0.903162
4	174	1.03249
4	179	0.98409
5	38	0.937443
5	50	0.886133
5	62	1.26858
5	78	0.813697
5	88	0.873222
5	91	1.16771
5	96	0.929092
5	101	0.936815
5	109	0.907495
5	115	0.916104
5	165	1.22183
5	172	1.14766
6	136	1.02561
6	137	1.02526
6	143	0.99023
6	145	1.04858
6	147	0.996859
6	148	0.974764
6	155	0.972307
6	167	0.93968
6	174	0.994324
6	175	0.925744
6	176	1.06114
6	178	1.05232
7	41	0.990977
7	60	0.919494
7	121	1.07064
7	123	1.05358
7	129	1.06266
7	131	1.00584
7	139	0.971622
7	158	1.01475
7	172	0.93995
7	174	1.04467
7	178	0.900769
7	180	1.02957
8	61	0.985654
8	76	1.07042
8	81	0.97278
8	93	1.02012
8	106	1.01979
8	108	1.06603
8	111	0.960093
8	167	0.935787
8	168	1.00029
8	173	0.949328
8	178	1.06521
8	180	0.961338
9	20	0.968049
9	30	1.04305
9	34	1.06368
9	46	1.00358
9	71	1.08383
9	74	0.971978
9	160	0.910222
9	163	0.964771
9	166	0.981019
9	174	0.989938
9	176	1.06584
9	180	0.960845
10	49	1.03778
10	61	0.990362
10	76	1.07513
10	81	0.977489
10	93	1.02482
10	106	1.0245
10	142	0.972559
10	163	0.98129
10	168	1.01632
10	169	0.948958
10	172	0.88774
10	178	1.06992
11	60	0.910623
11	62	1.052
11	77	0.985657
11	82	0.987687
11	98	1.0108
11	120	1.01038
11	169	0.992298
11	172	0.93108
11	174	1.04054
11	175	1.07969
11	176	0.921041
11	178	1.08525
12	87	0.956313
12	123	0.989187
12	133	0.914082
12	142	1.03415
12	156	1.00312
12	159	1.03423
12	163	1.02612
12	168	1.01582
12	177	1.02915
12	178	0.930629
12	179	1.03642
12	180	1.0241
13	2	0.895771
13	68	1.04328
13	77	0.96058
13	120	0.985302
13	134	1.08058
13	135	0.976097
13	152	0.968134
13	165	0.979346
13	174	1.01546
13	175	1.05461
13	178	1.06018
13	179	0.986098
14	36	0.944037
14	107	1.15421
14	136	1.14447
14	138	0.896236
14	140	0.916062
14	141	0.915708
14	144	0.877315
14	153	0.877483
14	156	0.873443
14	161	0.899715
14	167	1.25345
14	169	1.25059
15	70	1.07129
15	118	0.900473
15	121	1.06377
15	123	1.0467
15	124	1.02294
15	129	1.05578
15	131	0.998968
15	132	0.998747
15	139	0.964745
15	146	0.983036
15	155	1.00357
15	176	0.896835
16	20	1.04301
16	71	0.894369
16	96	0.942046
16	105	0.975836
16	129	1.05022
16	131	0.993408
16	133	0.937131
16	137	1.04988
16	143	1.01486
16	177	1.0298
16	179	1.03707
16	180	1.02475
17	3	1.36476
17	73	1.17531
17	76	0.936322
17	101	1.10748
17	106	0.885698
17	119	1.14814
17	145	0.927374
17	147	0.875655
17	163	0.880944
17	177	0.883973
17	178	0.931117
17	180	0.878917
18	57	0.987423
18	85	0.896346
18	117	0.994649
18	128	1.00255
18	136	1.04345
18	143	1.00807
18	145	1.06642
18	147	1.0147
18	171	0.998809
18	178	1.07016
18	179	0.957704
18	180	0.966401
19	75	0.995537
19	104	0.966645
19	114	1.06427
19	119	1.02526
19	138	1.03825
19	153	1.0195
19	156	1.01546
19	160	0.961086
19	161	1.04173
19	170	0.984725
19	172	0.922085
19	175	0.972222
20	1	1.04229
20	9	0.968049
20	16	1.04301
20	34	0.993503
20	46	0.933406
20	71	1.01365
20	74	0.9018
20	154	0.951649
20	167	1.03953
20	172	0.97546
20	174	1.09418
20	176	0.995657
20	177	1.05325
21	45	1.04311
21	64	0.99189
21	73	0.94475
21	80	0.91296
21	89	0.964528
21	91	1.00407
21	102	0.982043
21	158	1.05882
21	161	1.02751
21	167	0.980682
21	172	1.01265
21	175	1.0105
21	180	1.07364
22	36	1.01686
22	130	1.02378
22	133	0.98996
22	138	0.969058
22	140	0.988884
22	141	0.98853
22	144	0.950138
22	153	0.950306
22	156	0.946265
22	159	1.03356
22	163	1.05636
22	177	1.0406
22	180	1.05243
23	85	0.988637
23	126	0.952247
23	128	0.944049
23	135	1.04
23	136	0.984951
23	137	0.984593
23	143	0.949567
23	145	1.00791
23	147	0.956196
23	170	1.03171
23	174	1.08779
23	176	1.02048
23	180	1.05869
24	2	0.781364
24	33	1.04748
24	98	1.08607
24	113	1.11002
24	148	0.88992
24	150	0.935224
24	158	0.865565
24	161	0.834258
24	166	0.900561
24	167	1.12514
24	174	1.11581
24	175	1.15496
24	178	1.16052
25	26	0.936598
25	87	0.956793
25	97	1.00833
25	114	1.00096
25	140	0.994759
25	141	0.994405
25	144	0.956012
25	151	1.03341
25	156	0.95214
25	171	1.10543
25	175	1.03354
25	176	0.97336
25	177	1.06119
26	25	0.936598
26	37	1.01471
26	45	1.03854
26	95	1.01731
26	122	0.97359
26	144	0.962346
26	148	0.974461
26	153	0.962514
26	156	0.958474
26	169	1.04067
26	171	1.10148
26	173	1.05706
26	176	0.969412
27	63	1.03906
27	67	1.04482
27	69	0.899372
27	78	0.96631
27	92	0.924874
27	96	1.08171
27	101	1.08943
27	109	1.06011
27	110	1.04985
27	115	1.06872
27	148	0.958806
27	151	0.909665
27	174	0.978366
27	177	0.937437
28	41	1.02209
28	65	1.05625
28	77	0.963172
28	156	0.899383
28	162	0.824707
28	163	1.05069
28	164	1.03954
28	166	1.04156
28	171	1.04657
28	173	1.05828
28	177	1.05371
28	178	0.826888
28	179	1.06098
28	180	1.04866
29	39	0.985084
29	49	1.05518
29	51	1.04341
29	76	1.09253
29	93	1.04223
29	106	1.0419
29	148	0.942832
29	151	0.893691
29	157	1.05235
29	166	0.953473
29	168	0.972253
29	177	0.921463
29	178	1.08732
29	179	0.924603
30	1	1.11729
30	9	1.04305
30	34	1.0685
30	46	1.00841
30	71	1.08865
30	74	0.9768
30	99	0.884586
30	152	0.922668
30	154	1.02665
30	164	0.975347
30	173	0.937318
30	174	0.978421
30	175	0.909841
30	176	1.07066
31	70	1.08044
31	74	1.00663
31	124	0.973621
31	132	1.0079
31	139	0.973901
31	160	0.896552
31	165	0.931727
31	166	0.967349
31	167	1.05628
31	169	0.918769
31	170	0.920191
31	172	1.08825
31	175	1.0861
31	176	1.10049
32	126	1.0188
32	136	1.0515
32	137	1.05114
32	143	1.01612
32	145	1.07446
32	147	1.02274
32	148	0.949456
32	168	0.978878
32	169	0.911518
32	175	0.900437
32	176	1.08703
32	177	0.928088
32	178	1.07821
32	180	0.939924
33	3	0.83159
33	24	1.04748
33	66	0.845887
33	120	0.887883
33	130	1.11649
33	134	0.983163
33	142	1.14034
33	162	0.965997
33	164	1.17116
33	174	0.918045
33	175	0.957194
33	176	1.04548
33	177	1.13331
33	178	0.962757
34	9	1.06368
34	20	0.993503
34	30	1.0685
34	46	1.02904
34	62	0.97729
34	71	1.10928
34	74	0.997431
34	135	0.927298
34	154	1.04728
34	161	0.899865
34	167	0.920443
34	176	1.09129
34	179	0.937299
34	180	0.945995
35	54	1.02019
35	78	0.97333
35	88	1.03285
35	96	1.08873
35	101	1.09645
35	109	1.06713
35	115	1.07574
35	130	1.04559
35	150	0.997
35	168	0.981117
35	169	0.913757
35	174	0.971256
35	175	0.902676
35	176	0.842501
36	14	0.944037
36	22	1.01686
36	72	1.11926
36	133	1.0883
36	138	1.0674
36	153	1.04865
36	154	0.937307
36	156	1.04461
36	158	0.916524
36	161	1.07088
36	165	0.915898
36	168	0.9703
36	170	0.904362
36	171	0.963754
37	26	1.01471
37	72	1.1049
37	87	1.0349
37	107	0.839444
37	133	1.07395
37	140	1.07287
37	144	1.03412
37	152	0.937574
37	153	1.03429
37	156	1.03025
37	165	0.948787
37	174	0.993327
37	175	0.924747
37	180	0.964235
38	5	0.937443
38	78	0.986138
38	82	0.942877
38	84	1.07832
38	96	1.10153
38	109	1.07994
38	110	1.06968
38	115	1.08854
38	130	1.0584
38	160	0.883554
38	167	0.908626
38	168	0.973131
38	174	0.96327
38	180	0.934177
39	29	0.985084
39	43	0.987516
39	49	0.941416
39	51	0.929639
39	57	1.16814
39	61	0.893999
39	81	0.881126
39	93	0.928461
39	106	0.928138
39	149	1.14384
39	157	0.93858
39	168	1.18607
39	169	1.11871
39	178	0.973557
40	56	1.08414
40	62	0.966347
40	103	1.08678
40	121	1.0805
40	123	1.06343
40	129	1.07251
40	130	0.906402
40	131	1.0157
40	132	1.01548
40	139	0.981473
40	149	0.931779
40	168	0.974005
40	169	0.906645
40	177	0.923215
41	7	0.990977
41	28	1.02209
41	53	0.939308
41	66	1.23951
41	104	1.12589
41	121	0.958647
41	129	0.950662
41	131	0.893848
41	132	0.893627
41	139	0.859625
41	152	1.1443
41	162	0.980628
41	174	0.932677
41	176	1.07129
42	73	1.00391
42	79	1.17781
42	80	0.972115
42	89	1.02368
42	90	0.934563
42	99	0.909258
42	102	1.0412
42	104	0.928937
42	125	0.886523
42	148	0.983533
42	167	1.03984
42	172	1.0718
42	175	1.06965
42	179	0.965305
43	39	0.987516
43	97	1.0835
43	119	1.03711
43	138	1.05009
43	140	1.06992
43	141	1.06957
43	142	0.94015
43	144	1.03117
43	153	1.03134
43	156	1.0273
43	159	0.92608
43	165	0.929506
43	170	0.91797
43	175	0.905467
44	116	0.917786
44	126	0.973173
44	128	0.964976
44	136	1.00588
44	137	1.00552
44	143	0.970494
44	145	1.02884
44	147	0.977123
44	149	1.0347
44	152	1.01131
44	165	1.02252
44	167	1.01242
44	169	1.00957
44	176	1.04141
44	178	1.03258
45	21	1.04311
45	26	1.03854
45	71	0.885905
45	115	0.945227
45	132	1.06362
45	135	1.0007
45	156	1.01771
45	160	1.02443
45	166	0.984818
45	169	1.00557
45	171	0.989829
45	173	1.00154
45	177	0.99697
45	179	1.00424
45	180	0.991914
46	9	1.00358
46	20	0.933406
46	30	1.00841
46	34	1.02904
46	71	1.04918
46	74	0.937334
46	104	0.964134
46	118	1.02068
46	151	0.969589
46	154	0.987183
46	164	1.03522
46	171	1.04161
46	173	0.997187
46	176	1.03119
46	179	1.0005
47	64	0.956426
47	73	1.01423
47	112	1.00035
47	131	1.09583
47	162	0.961778
47	165	1.00493
47	166	0.985362
47	168	0.984181
47	169	1.00611
47	170	1.02257
47	173	1.00208
47	177	0.997514
47	178	0.963959
47	179	1.00478
47	180	0.992458
48	117	0.958863
48	118	0.932963
48	125	0.94151
48	128	0.966765
48	136	1.00767
48	137	1.00731
48	143	0.972283
48	145	1.03063
48	147	0.978912
48	164	1.05501
48	167	1.00344
48	174	1.05808
48	176	1.0432
48	177	1.01715
48	178	1.03437
49	10	1.03778
49	29	1.05518
49	39	0.941416
49	51	0.999737
49	61	0.964097
49	81	0.951223
49	106	0.998235
49	111	1.03087
49	151	0.992511
49	157	1.00868
49	165	1.01667
49	169	1.00371
49	176	0.932457
49	178	1.04365
49	180	1.03212
50	5	0.886133
50	63	1.00758
50	67	1.01333
50	78	0.934828
50	88	0.994353
50	96	1.05022
50	101	1.05795
50	110	1.01837
50	115	1.03723
50	127	1.02723
50	139	1.0592
50	161	0.928246
50	168	1.01333
50	174	1.00347
50	180	0.974375
51	29	1.04341
51	39	0.929639
51	49	0.999737
51	61	0.95232
51	76	1.03708
51	93	0.986782
51	106	0.986459
51	108	1.0327
51	148	1.0262
51	160	0.966044
51	169	0.988262
51	174	1.04576
51	175	0.977181
51	177	1.00483
51	178	1.03188
52	117	0.966444
52	126	0.982544
52	128	0.974347
52	136	1.01525
52	137	1.01489
52	139	1.07382
52	143	0.979865
52	145	1.03821
52	146	0.975541
52	147	0.986493
52	155	0.996077
52	158	0.974179
52	166	1.00918
52	173	0.976991
52	178	1.04196
53	41	0.939308
53	69	0.961695
53	105	1.01888
53	121	1.01897
53	131	0.954175
53	133	1.03052
53	134	1.05812
53	153	0.990865
53	156	0.986825
53	158	0.996774
53	163	1.01552
53	166	1.03177
53	167	1.00234
53	173	0.999586
53	179	1.0029
54	35	1.02019
54	60	0.929
54	63	0.981999
54	67	0.987754
54	84	1.00143
54	88	0.968773
54	101	1.03237
54	109	1.00305
54	110	0.992791
54	115	1.01165
54	116	0.918895
54	146	1.02562
54	155	1.04616
54	168	1.07803
54	169	1.01067
55	64	0.996832
55	79	1.12359
55	80	0.917902
55	89	0.96947
55	91	0.952236
55	102	0.986985
55	130	0.986565
55	146	1.00835
55	150	1.07665
55	167	0.985623
55	170	0.994824
55	171	1.05422
55	172	1.01759
55	175	1.01544
55	176	0.922146
56	40	1.08414
56	65	0.958345
56	100	0.993883
56	123	1.02489
56	124	1.05337
56	131	0.977158
56	132	0.976937
56	139	0.942935
56	143	0.944583
56	157	1.02572
56	160	0.976302
56	167	1.00137
56	173	1.01492
56	174	1.01599
56	177	1.01509
57	18	0.987423
57	39	1.16814
57	80	1.15654
57	138	1.0209
57	142	0.963536
57	152	0.96897
57	157	1.06592
57	166	0.946383
57	168	0.945201
57	170	0.983595
57	171	0.951394
57	173	0.963102
57	177	0.958534
57	178	0.996773
57	179	0.965804
57	180	0.953479
58	64	1.01124
58	94	1.01374
58	110	1.02586
58	139	1.2324
58	144	1.08766
58	151	0.977919
58	158	0.96733
58	162	1.01659
58	164	0.935424
58	166	0.937449
58	170	0.974662
58	171	0.942461
58	177	0.949601
58	178	1.01877
58	179	0.956871
58	180	0.944546
59	66	0.895991
59	77	0.913265
59	82	0.915296
59	98	0.938405
59	99	1.03622
59	120	0.937987
59	134	1.03327
59	146	1.0875
59	155	1.10804
59	158	1.08614
59	167	0.977482
59	173	1.08896
59	174	0.968149
59	175	1.0073
59	176	1.0013
59	178	1.01286
60	7	0.919494
60	11	0.910623
60	54	0.929
60	120	1.01337
60	134	0.837189
60	147	0.919366
60	149	1.05918
60	160	1.09314
60	164	1.05151
60	171	1.05854
60	173	1.07025
60	174	1.06812
60	177	1.06568
60	178	0.86567
60	179	1.07295
60	180	1.06063
61	8	0.985654
61	10	0.990362
61	39	0.893999
61	49	0.964097
61	51	0.95232
61	76	1.00144
61	81	0.903807
61	106	0.950819
61	146	1.07365
61	157	0.961261
61	159	1.06824
61	163	1.09104
61	165	1.07166
61	174	1.1162
61	176	0.98745
61	178	0.996238
62	5	1.26858
62	11	1.052
62	34	0.97729
62	40	0.966347
62	92	0.971912
62	116	1.00956
62	117	1.0783
62	126	1.05499
62	163	0.950451
62	165	0.960895
62	168	0.940146
62	171	0.946338
62	173	0.958047
62	177	0.953479
62	179	0.960749
62	180	0.948423
63	27	1.03906
63	50	1.00758
63	54	0.981999
63	67	1.01365
63	84	1.02733
63	88	0.994668
63	96	1.05054
63	109	1.02894
63	110	1.01869
63	114	0.890217
63	115	1.03755
63	125	0.925435
63	146	0.999451
63	148	1.02244
63	171	1.04532
63	172	0.923288
63	173	1.0009
64	21	0.99189
64	47	0.956426
64	55	0.996832
64	58	1.01124
64	73	0.980315
64	79	1.15422
64	80	0.948525
64	89	1.00009
64	102	1.01761
64	151	0.928608
64	164	0.994235
64	167	1.01625
64	171	1.00062
64	172	1.04821
64	173	0.956207
64	175	1.04606
64	179	0.95952
65	28	1.05625
65	56	0.958345
65	103	0.960986
65	116	1.08493
65	118	1.10909
65	121	0.954701
65	127	1.25797
65	129	0.946715
65	131	0.889902
65	132	0.889681
65	139	0.855679
65	148	0.93854
65	154	0.938257
65	157	0.938465
65	174	0.92873
65	176	1.10545
65	177	1.19328
66	33	0.845887
66	41	1.23951
66	59	0.895991
66	68	0.942032
66	90	1.13367
66	105	0.940088
66	107	1.04832
66	120	0.884052
66	134	0.979332
66	154	1.17907
66	157	0.923949
66	160	1.12248
66	162	0.962166
66	172	1.08348
66	174	0.914214
66	175	0.953363
66	178	0.958926
67	2	0.907039
67	27	1.04482
67	50	1.01333
67	54	0.987754
67	63	1.01365
67	78	0.940899
67	84	1.03308
67	101	1.06402
67	109	1.0347
67	110	1.02444
67	115	1.04331
67	127	1.05891
67	149	1.00279
67	161	0.959933
67	170	0.979078
67	173	0.994052
67	176	0.9064
68	13	1.04328
68	66	0.942032
68	82	0.961336
68	99	0.94635
68	105	1.04006
68	120	0.984028
68	126	0.930228
68	134	1.07931
68	151	0.971483
68	155	1.01817
68	158	0.99627
68	160	0.960468
68	167	1.02352
68	170	0.984108
68	174	1.01419
68	175	1.05334
68	178	1.0589
69	27	0.899372
69	53	0.961695
69	109	0.954866
69	135	1.02158
69	137	0.936585
69	139	1.13948
69	145	0.906599
69	157	0.994997
69	158	1.03558
69	159	1.02294
69	168	1.00452
69	169	1.02645
69	171	1.01071
69	173	1.02242
69	177	1.01786
69	179	1.02513
69	180	1.0128
70	15	1.07129
70	31	1.08044
70	100	0.99776
70	121	1.04583
70	123	1.02877
70	129	1.03785
70	130	0.976891
70	131	0.981035
70	132	0.980815
70	139	0.946813
70	146	0.99208
70	154	1.02939
70	161	0.959411
70	172	0.915917
70	175	0.966053
70	177	0.993704
70	180	1.00554
71	1	1.15806
71	9	1.08383
71	16	0.894369
71	20	1.01365
71	30	1.08865
71	34	1.10928
71	45	0.885905
71	46	1.04918
71	74	1.01758
71	94	0.836543
71	118	1.10092
71	154	1.06742
71	158	0.901619
71	165	0.900993
71	168	0.955395
71	169	0.888035
71	174	0.945534
71	176	1.11143
72	36	1.11926
72	37	1.1049
72	114	1.09748
72	119	1.05847
72	122	1.06378
72	133	1.09236
72	138	1.07146
72	141	1.09093
72	150	0.959279
72	153	1.0527
72	154	0.910403
72	156	1.04866
72	163	0.908368
72	164	0.930461
72	171	0.93685
72	175	0.864955
72	176	0.80478
72	179	0.895746
73	17	1.17531
73	21	0.94475
73	42	1.00391
73	47	1.01423
73	64	0.980315
73	79	1.10708
73	80	0.901385
73	89	0.952953
73	102	0.970467
73	130	0.970048
73	146	1.01256
73	148	1.03555
73	160	0.975395
73	161	0.979889
73	167	0.969106
73	172	1.00107
73	173	1.01401
73	175	0.998922
74	1	1.04622
74	9	0.971978
74	20	0.9018
74	30	0.9768
74	31	1.00663
74	34	0.997431
74	46	0.937334
74	71	1.01758
74	83	1.15196
74	111	1.03734
74	116	0.918402
74	118	0.989072
74	154	0.955577
74	166	1.05876
74	172	0.948964
74	173	1.02658
74	174	1.06768
74	176	0.999586
75	19	0.995537
75	95	1.01293
75	112	0.958336
75	114	1.00292
75	122	0.969213
75	133	0.997791
75	140	0.996715
75	141	0.996362
75	142	1.03608
75	144	0.957969
75	149	1.03761
75	151	1.00128
75	153	0.958137
75	156	0.954097
75	168	1.07984
75	169	1.01248
75	175	1.0014
75	180	1.04089
76	8	1.07042
76	10	1.07513
76	17	0.936322
76	29	1.09253
76	51	1.03708
76	61	1.00144
76	81	0.98857
76	93	1.03591
76	106	1.03558
76	125	0.904976
76	138	0.887774
76	154	0.998414
76	157	1.04602
76	161	0.946324
76	164	1.01847
76	167	0.966903
76	176	0.892792
76	178	1.081
76	180	0.992454
77	11	0.985657
77	13	0.96058
77	28	0.963172
77	59	0.913265
77	94	1.03214
77	98	0.901744
77	105	0.957362
77	113	0.925696
77	120	0.901326
77	134	0.996606
77	146	1.09857
77	150	1.16687
77	159	1.09316
77	162	0.97944
77	168	1.15099
77	174	0.931488
77	175	0.970637
77	178	0.9762
77	179	1.10334
78	5	0.813697
78	27	0.96631
78	35	0.97333
78	38	0.986138
78	50	0.934828
78	67	0.940899
78	84	0.954578
78	92	1.12132
78	96	0.977787
78	101	0.98551
78	109	0.95619
78	110	0.945935
78	115	0.964799
78	116	1.02553
78	118	1.04969
78	142	1.14091
78	151	1.10611
78	167	1.12016
78	176	1.04605
79	42	1.17781
79	55	1.12359
79	64	1.15422
79	73	1.10708
79	80	1.07529
79	89	1.12685
79	102	1.14437
79	124	0.870444
79	142	0.839193
79	154	0.849959
79	161	0.797869
79	164	0.870017
79	167	1.14301
79	172	1.17497
79	174	0.873091
79	175	1.17282
79	177	0.832162
79	179	0.835302
79	180	0.843998
80	21	0.91296
80	42	0.972115
80	55	0.917902
80	57	1.15654
80	64	0.948525
80	73	0.901385
80	79	1.07529
80	89	0.921163
80	95	0.993479
80	102	0.938677
80	107	1.01072
80	116	1.01533
80	130	0.938258
80	149	1.13224
80	154	1.14148
80	166	1.15569
80	167	0.937316
80	172	0.969283
80	175	0.967132
81	8	0.97278
81	10	0.977489
81	39	0.881126
81	49	0.951223
81	61	0.903807
81	76	0.98857
81	93	0.938268
81	106	0.937945
81	108	0.984182
81	113	0.93286
81	150	1.16871
81	151	1.07427
81	157	0.948387
81	162	0.982892
81	167	1.08833
81	169	1.08547
81	177	1.10204
81	178	0.983364
81	179	1.10518
82	11	0.987687
82	38	0.942877
82	59	0.915296
82	68	0.961336
82	90	1.07382
82	98	0.903775
82	105	0.959392
82	120	0.903357
82	134	0.998636
82	135	1.09456
82	148	1.12279
82	157	0.943253
82	164	1.13927
82	166	1.13343
82	167	0.942851
82	174	0.933519
82	175	0.972667
82	177	1.10142
82	178	0.97823
83	1	0.973386
83	74	1.15196
83	87	0.957559
83	112	0.957146
83	129	0.977069
83	132	0.920035
83	134	1.06064
83	136	1.0834
83	137	1.09986
83	139	0.886033
83	143	1.13559
83	144	0.956778
83	156	0.952906
83	173	0.96122
83	174	0.959084
83	177	0.956652
83	178	1.08913
83	179	0.963921
83	180	0.951596
84	38	1.07832
84	54	1.00143
84	63	1.02733
84	67	1.03308
84	78	0.954578
84	88	1.0141
84	96	1.06997
84	101	1.0777
84	109	1.04838
84	110	1.03812
84	115	1.05698
84	166	0.983834
84	167	0.938109
84	172	0.874037
84	173	0.951651
84	174	0.992753
84	177	0.951824
84	179	0.954964
84	180	0.96366
85	18	0.896346
85	23	0.988637
85	108	0.930493
85	113	0.959606
85	128	0.989471
85	132	1.0241
85	136	0.899969
85	142	1.03834
85	160	1.0608
85	162	0.903514
85	164	1.01916
85	166	1.02119
85	168	1.02001
85	169	1.04194
85	170	1.0584
85	173	1.03791
85	177	1.03334
85	179	1.04061
85	180	1.02829
86	108	0.853639
86	117	0.994688
86	126	1.01079
86	128	1.00259
86	136	1.04349
86	137	1.04313
86	143	1.00811
86	145	1.06646
86	147	1.01474
86	149	0.954374
86	150	1.01248
86	154	0.963607
86	170	0.930662
86	172	1.06679
86	174	0.986739
86	176	1.07902
86	178	1.0702
86	179	0.94895
86	180	0.957646
87	12	0.956313
87	25	0.956793
87	37	1.0349
87	83	0.957559
87	97	1.03486
87	114	1.02749
87	119	0.988473
87	122	0.993785
87	133	1.02236
87	138	1.00146
87	141	1.02093
87	150	1.05627
87	152	0.974774
87	153	0.982709
87	154	1.00739
87	156	0.978669
87	158	0.986612
87	171	1.03384
87	179	0.992738
87	180	1.00143
88	5	0.873222
88	35	1.03285
88	50	0.994353
88	54	0.968773
88	63	0.994668
88	84	1.0141
88	90	0.99898
88	96	1.03731
88	101	1.04503
88	104	0.993353
88	109	1.01571
88	110	1.00546
88	115	1.02432
88	130	0.994182
88	157	0.97876
88	161	0.992288
88	172	0.948793
88	174	1.06751
88	175	0.99893
88	179	1.02972
89	21	0.964528
89	42	1.02368
89	55	0.96947
89	64	1.00009
89	73	0.952953
89	79	1.12685
89	80	0.921163
89	90	0.96867
89	102	0.990246
89	118	1.02257
89	150	1.06294
89	160	0.957483
89	161	0.961978
89	165	0.992659
89	167	0.988884
89	168	1.04706
89	169	0.979701
89	171	1.04051
89	172	1.02085
89	175	1.0187
90	4	0.953349
90	42	0.934563
90	66	1.13367
90	82	1.07382
90	88	0.99898
90	89	0.96867
90	98	1.02618
90	128	0.972442
90	134	0.907832
90	138	1.01195
90	140	1.03178
90	141	1.03143
90	143	0.97796
90	144	0.993033
90	145	1.03631
90	147	0.984589
90	168	0.979574
90	177	0.992907
90	179	1.00018
90	180	0.987851
91	3	1.14589
91	5	1.16771
91	21	1.00407
91	55	0.952236
91	107	1.03491
91	114	0.912288
91	123	0.964737
91	129	0.947297
91	136	0.900452
91	155	0.988909
91	164	0.982002
91	165	1.0036
91	166	0.984027
91	169	1.00478
91	170	1.02124
91	171	0.989039
91	173	1.00075
91	177	0.996179
91	179	1.00345
91	180	0.991124
92	27	0.924874
92	62	0.971912
92	78	1.12132
92	113	1.00526
92	121	0.982106
92	131	1.08322
92	134	0.922869
92	144	1.02025
92	145	0.9321
92	146	1.00065
92	150	0.975852
92	159	1.00502
92	161	1.02247
92	163	0.996912
92	165	1.00736
92	170	1.025
92	171	0.9928
92	177	0.99994
92	179	1.00721
92	180	0.994884
93	8	1.02012
93	10	1.02482
93	29	1.04223
93	39	0.928461
93	51	0.986782
93	76	1.03591
93	81	0.938268
93	106	0.985281
93	108	1.03152
93	113	0.980195
93	130	1.00876
93	131	1.04047
93	143	0.955063
93	157	0.995722
93	159	1.01853
93	161	0.991276
93	173	1.0254
93	176	0.937744
93	178	1.0307
93	179	1.02871
94	58	1.01374
94	71	0.836543
94	77	1.03214
94	109	0.924868
94	117	0.967108
94	123	0.95441
94	125	1.10863
94	128	0.979628
94	137	0.906588
94	152	1.05608
94	162	0.893671
94	163	1.04262
94	165	1.05306
94	166	1.03349
94	168	1.03231
94	170	1.07071
94	173	1.05021
94	177	1.04564
94	178	0.895852
94	179	1.05291
94	180	1.04059
95	26	1.01731
95	75	1.01293
95	80	0.993479
95	97	1.08904
95	99	0.897776
95	119	1.04265
95	133	1.07654
95	138	1.05564
95	140	1.07547
95	141	1.07511
95	144	1.03672
95	148	1.04884
95	153	1.03689
95	156	1.03285
95	158	0.947697
95	166	0.982692
95	170	0.935535
95	171	0.994927
95	172	0.872895
95	175	0.923031
95	176	0.862856
96	5	0.929092
96	16	0.942046
96	27	1.08171
96	35	1.08873
96	38	1.10153
96	50	1.05022
96	63	1.05054
96	78	0.977787
96	84	1.06997
96	88	1.03731
96	109	1.07159
96	110	1.06133
96	115	1.08019
96	154	0.970079
96	155	0.971194
96	160	0.913495
96	166	0.984292
96	167	0.938567
96	172	0.874495
96	173	0.952109
96	176	0.864457
97	25	1.00833
97	43	1.0835
97	87	1.03486
97	95	1.08904
97	99	0.888289
97	112	1.03445
97	114	1.07903
97	118	0.857007
97	122	1.04533
97	127	1.00588
97	133	1.07391
97	138	1.053
97	144	1.03408
97	153	1.03425
97	156	1.03021
97	166	0.973205
97	170	0.926047
97	171	0.985439
97	173	0.941021
97	174	0.982124
97	176	0.853369
98	3	0.870173
98	11	1.0108
98	24	1.08607
98	59	0.938405
98	77	0.901744
98	82	0.903775
98	90	1.02618
98	105	0.982502
98	120	0.926466
98	125	0.978137
98	134	1.02175
98	148	1.07515
98	158	1.05079
98	161	1.01948
98	162	1.00458
98	163	1.06954
98	166	1.08579
98	168	1.10457
98	174	0.956628
98	175	0.995777
98	178	1.00134
99	30	0.884586
99	42	0.909258
99	59	1.03622
99	68	0.94635
99	95	0.897776
99	97	0.888289
99	106	1.00056
99	140	0.922428
99	150	1.02508
99	155	1.04189
99	160	1.07662
99	163	1.04614
99	164	1.03499
99	165	1.05658
99	166	1.03701
99	169	1.05776
99	170	1.07422
99	177	1.04916
99	178	0.911008
99	179	1.05643
99	180	1.04411
100	56	0.993883
100	70	0.99776
100	103	0.996524
100	116	0.956332
100	121	0.990239
100	123	0.973177
100	129	0.982254
100	131	0.92544
100	132	0.925219
100	135	1.05782
100	139	0.891217
100	149	1.07324
100	154	0.973795
100	157	0.974003
100	161	1.03039
100	162	1.01222
100	164	1.10254
100	170	1.04953
100	173	1.06451
100	174	0.964269
100	180	1.07652
101	2	0.85916
101	5	0.936815
101	17	1.10748
101	27	1.08943
101	35	1.09645
101	50	1.05795
101	54	1.03237
101	67	1.06402
101	78	0.98551
101	84	1.0777
101	88	1.04503
101	110	1.06905
101	115	1.08792
101	130	1.05777
101	146	0.944722
101	160	0.907559
101	161	0.912053
101	167	0.932631
101	170	0.931199
101	172	0.868559
101	173	0.946173
102	21	0.982043
102	42	1.0412
102	55	0.986985
102	64	1.01761
102	73	0.970467
102	79	1.14437
102	80	0.938677
102	89	0.990246
102	118	1.04009
102	128	0.947331
102	130	1.00734
102	135	0.973662
102	142	0.987554
102	155	0.999435
102	160	0.941736
102	167	1.0064
102	170	0.965375
102	172	1.03837
102	174	1.02145
102	175	1.03621
102	177	0.980523
102	180	0.992359
103	40	1.08678
103	65	0.960986
103	100	0.996524
103	111	1.01767
103	118	0.922895
103	121	1.0446
103	123	1.02754
103	129	1.03661
103	130	0.990269
103	131	0.979799
103	132	0.979579
103	139	0.945577
103	142	1.01411
103	148	1.02844
103	157	1.02836
103	160	0.968295
103	162	1.06658
103	163	1.02284
103	167	0.993367
103	169	0.990513
103	174	1.01863
103	178	0.890114
104	19	0.966645
104	41	1.12589
104	42	0.928937
104	46	0.964134
104	88	0.993353
104	123	0.989245
104	124	1.00838
104	145	0.911436
104	146	1.0123
104	147	0.984383
104	151	1.03991
104	158	1.02932
104	164	0.997412
104	168	0.998257
104	169	1.02019
104	170	1.03665
104	171	1.00445
104	173	1.01616
104	177	1.01159
104	178	0.930686
104	179	1.01886
104	180	1.00653
105	16	0.975836
105	53	1.01888
105	66	0.940088
105	68	1.04006
105	77	0.957362
105	82	0.959392
105	98	0.982502
105	124	1.02435
105	130	0.969259
105	134	1.07736
105	148	1.00744
105	155	1.00498
105	157	1.02198
105	158	0.983086
105	161	0.951778
105	162	1.0602
105	167	1.02158
105	172	0.908284
105	173	0.985898
105	174	1.01225
105	175	1.05139
105	178	1.05696
106	8	1.01979
106	10	1.0245
106	17	0.885698
106	29	1.0419
106	39	0.928138
106	49	0.998235
106	51	0.986459
106	61	0.950819
106	76	1.03558
106	81	0.937945
106	93	0.985281
106	99	1.00056
106	107	0.940507
106	112	0.972886
106	113	0.979872
106	135	1.0466
106	157	0.995399
106	165	1.04985
106	173	1.05329
106	175	1.02581
106	177	1.05346
106	178	1.03038
106	180	1.0653
107	14	1.15421
107	37	0.839444
107	66	1.04832
107	80	1.01072
107	91	1.03491
107	106	0.940507
107	115	0.850972
107	123	0.909517
107	139	1.06459
107	141	0.855331
107	144	0.919854
107	158	1.03797
107	160	1.04769
107	165	1.02765
107	166	1.00809
107	168	1.0069
107	169	1.02884
107	170	1.0453
107	171	1.0131
107	173	1.02481
107	175	1.06182
107	177	1.02024
107	179	1.02751
107	180	1.01518
108	8	1.06603
108	51	1.0327
108	81	0.984182
108	85	0.930493
108	86	0.853639
108	93	1.03152
108	112	1.02996
108	118	0.904524
108	122	1.04084
108	123	1.04081
108	132	0.992853
108	138	1.04852
108	139	0.958851
108	150	1.05538
108	152	0.973888
108	153	1.02976
108	156	1.02572
108	157	1.04164
108	168	1.0395
108	169	0.972142
108	176	0.900886
108	177	0.988712
108	178	1.07661
108	179	0.991852
109	5	0.907495
109	27	1.06011
109	35	1.06713
109	38	1.07994
109	54	1.00305
109	63	1.02894
109	67	1.0347
109	69	0.954866
109	78	0.95619
109	84	1.04838
109	88	1.01571
109	94	0.924868
109	96	1.07159
109	110	1.03973
109	115	1.0586
109	118	0.908743
109	130	1.02845
109	151	0.965158
109	163	1.00869
109	167	0.979215
109	172	0.915143
109	175	0.965279
109	177	0.99293
109	179	0.99607
110	27	1.04985
110	38	1.06968
110	50	1.01837
110	54	0.992791
110	58	1.02586
110	63	1.01869
110	67	1.02444
110	78	0.945935
110	84	1.03812
110	88	1.00546
110	96	1.06133
110	101	1.06905
110	109	1.03973
110	111	0.981595
110	115	1.04834
110	124	1.00929
110	125	0.895362
110	130	1.0182
110	149	0.979567
110	151	0.943231
110	165	0.967392
110	170	0.955856
110	176	0.883178
110	177	0.971003
111	8	0.960093
111	49	1.03087
111	74	1.03734
111	103	1.01767
111	110	0.981595
111	114	0.980614
111	133	0.957959
111	149	0.994753
111	150	0.977169
111	152	1.01169
111	153	1.0096
111	155	0.993987
111	157	1.04365
111	161	1.02378
111	163	0.998229
111	164	0.98708
111	166	0.989105
111	168	0.987924
111	169	1.00986
111	170	1.02632
111	171	0.994117
111	177	1.00126
111	178	0.974505
111	179	1.00853
111	180	0.996202
112	47	1.00035
112	75	0.958336
112	83	0.957146
112	97	1.03445
112	106	0.972886
112	108	1.02996
112	114	1.02707
112	119	0.988059
112	122	0.993372
112	127	1.06499
112	133	1.02195
112	138	1.00105
112	140	1.02087
112	141	1.02052
112	144	0.982128
112	149	1.00887
112	153	0.982296
112	156	0.978256
112	159	0.993268
112	161	1.00453
112	170	0.985158
112	173	1.00013
112	175	0.972655
112	177	1.00031
112	180	1.01214
113	4	0.917892
113	24	1.11002
113	77	0.925696
113	81	0.93286
113	85	0.959606
113	92	1.00526
113	93	0.980195
113	106	0.979872
113	114	1.02322
113	130	1.00101
113	134	1.0457
113	135	1.01096
113	140	1.01702
113	141	1.01667
113	153	0.978442
113	156	0.974401
113	157	0.990314
113	159	1.01079
113	163	1.03359
113	166	1.04983
113	170	1.00268
113	174	0.98058
113	175	1.01973
113	177	1.01782
113	178	1.02529
114	19	1.06427
114	25	1.00096
114	63	0.890217
114	72	1.09748
114	75	1.00292
114	87	1.02749
114	91	0.912288
114	97	1.07903
114	111	0.980614
114	112	1.02707
114	113	1.02322
114	119	1.03264
114	122	1.03795
114	130	0.95321
114	140	1.06545
114	141	1.0651
114	144	1.02671
114	153	1.02687
114	154	0.98782
114	156	1.02283
114	163	0.985785
114	172	0.892236
114	174	1.01095
114	175	0.942372
114	176	0.882197
114	179	0.973163
115	5	0.916104
115	27	1.06872
115	35	1.07574
115	38	1.08854
115	45	0.945227
115	50	1.03723
115	54	1.01165
115	63	1.03755
115	67	1.04331
115	78	0.964799
115	84	1.05698
115	88	1.02432
115	96	1.08019
115	101	1.08792
115	107	0.850972
115	109	1.0586
115	110	1.04834
115	151	0.936155
115	159	0.956889
115	165	0.960315
115	168	1.01472
115	173	0.963753
115	174	1.00486
115	175	0.936276
115	176	0.876101
115	179	0.967067
116	44	0.917786
116	54	0.918895
116	62	1.00956
116	65	1.08493
116	74	0.918402
116	78	1.02553
116	80	1.01533
116	100	0.956332
116	131	0.987437
116	136	0.849838
116	140	0.866984
116	146	1.03829
116	151	1.06591
116	155	1.03032
116	159	1.04267
116	160	1.06504
116	162	0.853383
116	163	1.03456
116	164	1.02341
116	165	1.04501
116	166	1.02544
116	170	1.06265
116	173	1.04216
116	177	1.03759
116	179	1.04486
116	180	1.03253
117	18	0.994649
117	48	0.958863
117	52	0.966444
117	62	1.0783
117	86	0.994688
117	94	0.967108
117	126	0.940873
117	128	0.932675
117	136	0.973577
117	137	0.97322
117	143	0.938193
117	145	0.996541
117	147	0.944822
117	148	1.05654
117	149	1.04373
117	154	1.05297
117	161	0.975666
117	162	1.00352
117	163	1.05093
117	165	1.03156
117	169	1.0186
117	172	0.996873
117	174	1.0761
117	176	1.00911
117	177	1.03517
117	178	1.00028
118	15	0.900473
118	46	1.02068
118	48	0.932963
118	65	1.10909
118	71	1.10092
118	74	0.989072
118	78	1.04969
118	89	1.02257
118	97	0.857007
118	102	1.04009
118	103	0.922895
118	108	0.904524
118	109	0.908743
118	120	1.02743
118	138	0.903851
118	154	1.03892
118	163	1.02393
118	167	1.03873
118	171	1.01982
118	172	1.07069
118	175	1.06854
118	176	1.08293
118	177	1.02696
118	178	0.879726
118	179	1.03423
118	180	1.02191
119	17	1.14814
119	19	1.02526
119	43	1.03711
119	72	1.05847
119	87	0.988473
119	95	1.04265
119	112	0.988059
119	114	1.03264
119	122	0.998936
119	138	1.00661
119	140	1.02644
119	141	1.02608
119	144	0.987692
119	148	0.999807
119	153	0.98786
119	155	1.00592
119	156	0.98382
119	161	1.01009
119	167	0.973292
119	168	1.0378
119	171	1.03125
119	172	0.909219
119	175	0.959356
119	176	0.899181
119	177	0.987007
119	178	0.870038
119	179	0.990147
120	3	0.869755
120	11	1.01038
120	13	0.985302
120	33	0.887883
120	59	0.937987
120	60	1.01337
120	66	0.884052
120	68	0.984028
120	77	0.901326
120	82	0.903357
120	98	0.926466
120	118	1.02743
120	134	1.02133
120	135	1.10476
120	157	0.965944
120	161	1.07733
120	162	1.00416
120	165	1.10801
120	167	0.965543
120	170	1.09647
120	172	1.03383
120	173	1.11144
120	174	0.95621
120	175	0.995358
120	178	1.00092
120	179	1.11476
120	180	1.12345
121	7	1.07064
121	15	1.06377
121	40	1.0805
121	41	0.958647
121	53	1.01897
121	65	0.954701
121	70	1.04583
121	92	0.982106
121	100	0.990239
121	103	1.0446
121	123	1.02125
121	129	1.03033
121	131	0.973514
121	132	0.973294
121	139	0.939292
121	157	1.02208
121	159	0.987631
121	163	1.01043
121	166	1.02668
121	168	1.04546
121	169	0.9781
121	172	0.916882
121	174	1.01234
121	175	0.967018
121	176	0.906843
121	177	0.994669
121	179	0.997809
122	26	0.97359
122	72	1.06378
122	75	0.969213
122	87	0.993785
122	97	1.04533
122	108	1.04084
122	112	0.993372
122	114	1.03795
122	119	0.998936
122	133	1.03283
122	138	1.01192
122	140	1.03175
122	141	1.0314
122	144	0.993004
122	150	1.06008
122	151	0.965636
122	153	0.993172
122	155	1.01232
122	156	0.989132
122	159	0.98637
122	164	1.03126
122	170	0.97826
122	174	1.03434
122	175	0.965757
122	176	0.905582
122	178	0.876439
122	179	0.996548
123	4	1.0414
123	7	1.05358
123	12	0.989187
123	15	1.0467
123	40	1.06343
123	56	1.02489
123	70	1.02877
123	91	0.964737
123	94	0.95441
123	100	0.973177
123	103	1.02754
123	104	0.989245
123	107	0.909517
123	108	1.04081
123	121	1.02125
123	131	0.956452
123	132	0.956231
123	139	0.922229
123	157	1.00501
123	162	1.04323
123	165	1.01886
123	167	1.00876
123	169	1.0059
123	170	1.00732
123	174	0.995281
123	176	0.934646
123	179	1.02561
124	15	1.02294
124	31	0.973621
124	56	1.05337
124	79	0.870444
124	104	1.00838
124	105	1.02435
124	110	1.00929
124	131	1.13407
124	138	1.02632
124	141	1.00657
124	142	0.9833
124	144	1.07109
124	149	0.971794
124	151	1.00662
124	158	0.996027
124	159	0.98338
124	160	1.00575
124	164	0.964121
124	168	0.964966
124	169	0.986898
124	170	1.00336
124	171	0.971158
124	173	0.982867
124	176	1.03427
124	177	0.978299
124	178	1.0022
124	179	0.985568
124	180	0.973243
125	42	0.886523
125	48	0.94151
125	63	0.925435
125	76	0.904976
125	94	1.10863
125	98	0.978137
125	110	0.895362
125	131	1.02015
125	140	0.899693
125	143	0.934734
125	150	1.02041
125	152	1.05493
125	155	1.03723
125	156	0.960768
125	157	0.957421
125	160	1.07195
125	163	1.04147
125	164	1.03032
125	165	1.05191
125	167	1.05626
125	168	1.03116
125	169	1.0531
125	170	1.06956
125	171	1.03736
125	177	1.0445
125	178	0.888273
125	179	1.05177
125	180	1.03944
126	23	0.952247
126	32	1.0188
126	44	0.973173
126	52	0.982544
126	62	1.05499
126	68	0.930228
126	86	1.01079
126	117	0.940873
126	128	0.948775
126	131	1.02676
126	136	0.989677
126	137	0.989319
126	143	0.954293
126	145	1.01264
126	147	0.960922
126	154	1.02965
126	155	1.03077
126	161	0.991766
126	162	1.01962
126	164	1.04971
126	172	1.01297
126	174	1.05278
126	175	0.984204
126	176	1.02521
126	177	1.01186
126	178	1.01638
126	179	1.015
126	180	1.02369
127	4	1.04564
127	50	1.02723
127	65	1.25797
127	67	1.05891
127	97	1.00588
127	112	1.06499
127	134	1.00012
127	141	1.03297
127	142	0.967963
127	145	1.00935
127	149	0.956457
127	150	0.938874
127	151	0.99128
127	153	1.0637
127	155	0.955692
127	158	0.98069
127	159	0.968043
127	162	1.02642
127	164	0.948784
127	165	0.970378
127	166	0.95081
127	168	0.949629
127	170	0.988022
127	171	0.955821
127	173	0.967529
127	176	1.01893
127	177	0.962961
127	179	0.970231
127	180	0.957906
128	18	1.00255
128	23	0.944049
128	44	0.964976
128	48	0.966765
128	52	0.974347
128	85	0.989471
128	86	1.00259
128	90	0.972442
128	94	0.979628
128	102	0.947331
128	117	0.932675
128	126	0.948775
128	136	0.981479
128	137	0.981122
128	142	1.05472
128	143	0.946096
128	145	1.00444
128	147	0.952724
128	151	1.01992
128	155	1.0666
128	159	1.04065
128	160	1.0089
128	161	0.983568
128	162	1.01143
128	164	1.08555
128	166	1.0797
128	171	1.09193
128	172	1.00477
128	176	1.01701
128	177	1.04769
128	178	1.00819
129	4	1.05048
129	7	1.06266
129	15	1.05578
129	16	1.05022
129	40	1.07251
129	41	0.950662
129	65	0.946715
129	70	1.03785
129	83	0.977069
129	91	0.947297
129	100	0.982254
129	103	1.03661
129	121	1.03033
129	131	0.965529
129	132	0.965308
129	139	0.931306
129	148	1.01417
129	149	1.0136
129	154	1.01388
129	160	0.966245
129	161	0.97074
129	162	1.05231
129	163	1.02079
129	166	1.03704
129	167	0.991318
129	171	1.04928
129	172	0.927245
129	174	1.00436
129	175	0.977382
129	178	0.888064
129	179	1.00817
129	180	1.01687
130	22	1.02378
130	33	1.11649
130	35	1.04559
130	38	1.0584
130	40	0.906402
130	55	0.986565
130	70	0.976891
130	73	0.970048
130	80	0.938258
130	88	0.994182
130	93	1.00876
130	101	1.05777
130	102	1.00734
130	103	0.990269
130	105	0.969259
130	109	1.02845
130	110	1.0182
130	113	1.00101
130	114	0.95321
130	134	0.91862
130	137	0.957837
130	138	0.971226
130	147	1.0008
130	151	1.02253
130	158	1.01194
130	159	0.999296
130	169	1.00281
130	172	1.03795
130	175	1.0358
130	177	0.994214
130	179	1.00148
130	180	0.989158
131	7	1.00584
131	15	0.998968
131	16	0.993408
131	40	1.0157
131	41	0.893848
131	47	1.09583
131	53	0.954175
131	56	0.977158
131	65	0.889902
131	70	0.981035
131	92	1.08322
131	93	1.04047
131	100	0.92544
131	103	0.979799
131	116	0.987437
131	121	0.973514
131	123	0.956452
131	124	1.13407
131	125	1.02015
131	126	1.02676
131	129	0.965529
131	139	0.874492
131	148	0.957353
131	154	0.957071
131	157	0.957278
131	158	1.0928
131	159	1.08875
131	162	0.995495
131	163	1.11155
131	172	1.018
131	174	0.947544
131	180	1.10762
132	4	0.993443
132	15	0.998747
132	31	1.0079
132	40	1.01548
132	41	0.893627
132	45	1.06362
132	56	0.976937
132	65	0.889681
132	70	0.980815
132	83	0.920035
132	85	1.0241
132	100	0.925219
132	103	0.979579
132	108	0.992853
132	121	0.973294
132	123	0.956231
132	129	0.965308
132	139	0.874272
132	148	0.957133
132	149	1.09088
132	150	1.14899
132	152	1.0675
132	154	0.95685
132	155	1.10123
132	160	1.04353
132	161	1.04803
132	162	0.995275
132	174	0.947323
132	175	1.05467
132	176	0.994495
132	177	1.08232
132	180	1.09416
133	12	0.914082
133	16	0.937131
133	22	0.98996
133	36	1.0883
133	37	1.07395
133	53	1.03052
133	72	1.09236
133	75	0.997791
133	87	1.02236
133	95	1.07654
133	97	1.07391
133	111	0.957959
133	112	1.02195
133	122	1.03283
133	138	1.0405
133	140	1.06033
133	141	1.05998
133	144	1.02158
133	148	1.0337
133	150	1.01404
133	153	1.02175
133	156	1.01771
133	161	1.04398
133	163	0.963129
133	164	0.985223
133	166	0.979377
133	167	0.933652
133	169	0.930798
133	171	0.991612
133	172	0.86958
133	175	0.919717
133	176	0.859542
133	180	0.959204
134	3	0.965035
134	13	1.08058
134	33	0.983163
134	53	1.05812
134	59	1.03327
134	60	0.837189
134	66	0.979332
134	68	1.07931
134	77	0.996606
134	82	0.998636
134	83	1.06064
134	90	0.907832
134	92	0.922869
134	98	1.02175
134	105	1.07736
134	113	1.0457
134	120	1.02133
134	127	1.00012
134	130	0.91862
134	148	0.956802
134	157	1.06122
134	159	0.928395
134	162	1.09944
134	163	0.951195
134	165	0.931821
134	167	1.06082
134	168	0.986223
134	173	0.935259
134	174	1.05149
134	175	1.09064
134	177	0.935433
134	178	1.0962
134	179	0.938573
135	13	0.976097
135	23	1.04
135	34	0.927298
135	45	1.0007
135	69	1.02158
135	82	1.09456
135	100	1.05782
135	102	0.973662
135	106	1.0466
135	113	1.01096
135	120	1.10476
135	143	1.00351
135	146	0.985941
135	147	1.01075
135	150	0.961147
135	151	1.01355
135	152	0.995671
135	153	0.992151
135	155	0.977965
135	158	1.00296
135	159	0.990317
135	160	1.01269
135	163	0.982207
135	164	0.971058
135	165	0.992652
135	168	0.971902
135	169	0.993834
135	171	0.978095
135	173	0.989803
135	177	0.985235
135	178	0.957053
135	179	0.992505
135	180	0.98018
136	6	1.02561
136	14	1.14447
136	18	1.04345
136	23	0.984951
136	32	1.0515
136	44	1.00588
136	48	1.00767
136	52	1.01525
136	83	1.0834
136	85	0.899969
136	86	1.04349
136	91	0.900452
136	116	0.849838
136	117	0.973577
136	126	0.989677
136	128	0.981479
136	137	1.02202
136	142	0.965219
136	143	0.986997
136	145	1.04534
136	147	0.993626
136	150	1.02486
136	154	0.975984
136	159	0.95115
136	161	1.02447
136	162	1.05233
136	163	0.97395
136	170	0.94304
136	172	1.04568
136	174	0.999117
136	175	0.930537
136	176	1.05791
136	178	1.04909
136	180	0.970024
137	6	1.02526
137	16	1.04988
137	23	0.984593
137	32	1.05114
137	44	1.00552
137	48	1.00731
137	52	1.01489
137	69	0.936585
137	83	1.09986
137	86	1.04313
137	94	0.906588
137	117	0.97322
137	126	0.989319
137	128	0.981122
137	130	0.957837
137	136	1.02202
137	143	0.98664
137	145	1.04499
137	147	0.993269
137	153	0.892779
137	155	0.993562
137	161	1.02411
137	162	1.05197
137	165	0.971038
137	167	0.960935
137	169	0.958081
137	171	1.01889
137	172	1.04532
137	173	0.974476
137	174	1.01558
137	175	0.946999
137	176	1.05755
137	178	1.04873
137	179	0.97779
138	14	0.896236
138	19	1.03825
138	22	0.969058
138	36	1.0674
138	43	1.05009
138	57	1.0209
138	72	1.07146
138	76	0.887774
138	87	1.00146
138	90	1.01195
138	95	1.05564
138	97	1.053
138	108	1.04852
138	112	1.00105
138	118	0.903851
138	119	1.00661
138	122	1.01192
