1	2	0.896548
1	6	0.894925
1	9	0.990705
1	19	0.890727
1	29	0.971274
1	30	0.96071
1	38	0.946653
1	40	0.947098
1	122	0.920686
1	131	0.786763
1	158	3.17457
1	172	2.75479
2	1	0.896548
2	6	0.785659
2	9	0.88144
2	19	0.781461
2	25	0.863506
2	29	0.862009
2	30	0.851444
2	38	0.837388
2	40	0.837833
2	93	3.46791
2	122	0.811421
2	123	1.96088
3	7	0.762922
3	31	0.848106
3	33	0.842161
3	36	0.93611
3	39	0.827541
3	45	0.828217
3	46	0.828995
3	48	0.842501
3	113	0.836907
3	131	2.05572
3	133	3.28668
3	139	0.810166
4	8	0.827109
4	18	0.819157
4	27	0.892485
4	34	0.801545
4	37	0.916587
4	55	0.841548
4	56	0.841025
4	73	0.936332
4	124	0.797853
4	153	1.42783
4	159	4.67497
4	163	0.775028
5	22	0.970683
5	23	0.893605
5	35	0.884934
5	47	0.959724
5	58	0.942745
5	62	0.927562
5	64	0.927465
5	67	0.927382
5	71	0.985607
5	135	1.85631
5	156	1.16281
5	179	4.70953
6	1	0.894925
6	2	0.785659
6	17	0.882747
6	19	0.779838
6	25	0.861882
6	29	0.860386
6	30	0.849821
6	38	0.835765
6	40	0.83621
6	115	1.91714
6	122	0.809798
6	146	3.44453
7	3	0.762922
7	11	0.75763
7	31	0.86109
7	36	0.949094
7	39	0.840525
7	45	0.841201
7	46	0.841979
7	48	0.855485
7	113	0.849891
7	132	3.04824
7	139	0.82315
7	149	2.91988
8	4	0.827109
8	18	0.836796
8	27	0.910125
8	34	0.819185
8	42	0.874085
8	55	0.859187
8	56	0.858664
8	121	0.856097
8	124	0.815492
8	163	0.792668
8	166	1.29135
8	171	4.30895
9	1	0.990705
9	2	0.88144
9	17	0.978528
9	19	0.875618
9	25	0.957663
9	30	0.945601
9	38	0.931545
9	40	0.93199
9	122	0.905578
9	150	2.5272
9	155	3.17215
9	156	1.40081
10	13	0.889779
10	24	0.953362
10	44	0.936754
10	50	0.942233
10	51	0.930332
10	59	0.915013
10	60	0.91548
10	63	0.915852
10	65	0.990335
10	88	3.09954
10	132	2.82144
10	143	1.57158
11	7	0.75763
11	31	0.842814
11	33	0.836869
11	36	0.930818
11	39	0.822249
11	45	0.822925
11	46	0.823703
11	48	0.837209
11	91	6
11	113	0.831615
11	139	0.804874
11	180	2.61206
12	22	0.970548
12	23	0.89347
12	35	0.884799
12	58	0.94261
12	62	0.927427
12	64	0.92733
12	67	0.927247
12	71	0.985472
12	84	0.948853
12	87	2.14244
12	156	2.0177
12	177	3.16831
13	10	0.889779
13	15	0.801305
13	32	0.790357
13	43	0.853
13	50	0.849334
13	51	0.837433
13	59	0.822114
13	60	0.822581
13	63	0.822953
13	65	0.897436
13	166	2.11285
13	176	3.70421
14	42	0.579062
14	59	1.00374
14	83	0.931185
14	138	0.955059
14	150	0.966356
14	161	0.987783
14	168	0.934414
14	172	0.935971
14	175	0.897282
14	178	0.900659
14	179	0.899767
14	180	0.917713
15	13	0.801305
15	21	0.798047
15	43	0.857425
15	44	0.84828
15	50	0.853759
15	51	0.841858
15	59	0.82654
15	60	0.827007
15	63	0.827378
15	65	0.901862
15	84	2.45843
15	117	2.62831
16	33	2.81096
16	119	0.74618
16	138	0.797937
16	159	0.757361
16	162	0.780378
16	172	0.778848
16	173	0.777647
16	174	0.767647
16	175	0.74016
16	178	0.743536
16	179	0.742644
16	180	0.76059
17	6	0.882747
17	9	0.978528
17	19	0.878549
17	25	0.960593
17	29	0.959097
17	30	0.948532
17	38	0.934476
17	40	0.934921
17	122	0.908509
17	139	2.11352
17	144	1.51028
17	156	2.70191
18	4	0.819157
18	8	0.836796
18	34	0.811233
18	42	0.866133
18	55	0.851236
18	56	0.850712
18	73	0.94602
18	121	0.848146
18	124	0.80754
18	148	2.27212
18	163	0.784716
18	172	3.6091
19	1	0.890727
19	2	0.781461
19	6	0.779838
19	9	0.875618
19	17	0.878549
19	25	0.857684
19	29	0.856187
19	38	0.831566
19	40	0.832011
19	115	2.9387
19	122	0.805599
19	142	2.16803
20	61	0.795526
20	68	0.95368
20	69	0.953892
20	72	0.954011
20	74	0.954332
20	76	1.00851
20	143	0.965222
20	160	8.77761
20	168	3.54886
20	170	0.914392
20	176	3.08028
20	177	0.92714
21	15	0.798047
21	24	0.857206
21	43	0.849742
21	44	0.840597
21	50	0.846076
21	51	0.834175
21	59	0.818856
21	60	0.819324
21	63	0.819695
21	65	0.894179
21	90	2.1563
21	161	3.16069
22	5	0.970683
22	12	0.970548
22	28	0.95065
22	35	0.837895
22	47	0.912685
22	58	0.895706
22	62	0.880523
22	64	0.880426
22	66	1.08202
22	67	0.880343
22	71	0.938568
22	115	2.34416
22	151	3.10553
23	5	0.893605
23	12	0.89347
23	28	0.873572
23	35	0.760817
23	47	0.835607
23	58	0.818628
23	62	0.803445
23	64	0.803348
23	67	0.803265
23	71	0.86149
23	94	0.774629
23	136	3.17939
23	145	2.74263
24	10	0.953362
24	21	0.857206
24	43	0.916583
24	44	0.907439
24	50	0.912918
24	51	0.901017
24	59	0.885698
24	60	0.886165
24	63	0.886537
24	65	0.96102
24	152	2.3407
24	165	7.91345
24	171	2.94925
25	2	0.863506
25	6	0.861882
25	9	0.957663
25	17	0.960593
25	19	0.857684
25	29	0.938232
25	30	0.927667
25	38	0.913611
25	40	0.914056
25	102	1.48564
25	122	0.887644
25	172	3.52034
25	176	3.01158
26	91	0.816409
26	100	0.919773
26	104	0.90438
26	105	0.919003
26	112	0.904206
26	116	0.948109
26	118	0.933775
26	126	0.916425
26	130	0.948295
26	135	1.78247
26	156	0.89791
26	173	1.5737
26	179	4.63569
27	4	0.892485
27	8	0.910125
27	34	0.884561
27	37	0.999603
27	42	0.939462
27	55	0.924564
27	56	0.924041
27	66	0.992729
27	121	0.921474
27	124	0.880869
27	137	2.61287
27	161	2.63737
27	163	0.858044
28	22	0.95065
28	23	0.873572
28	35	0.864901
28	47	0.939692
28	58	0.922712
28	62	0.907529
28	64	0.907432
28	67	0.907349
28	71	0.965575
28	94	0.878713
28	107	1.87082
28	120	2.85035
28	151	2.21606
29	1	0.971274
29	2	0.862009
29	6	0.860386
29	17	0.959097
29	19	0.856187
29	25	0.938232
29	30	0.92617
29	38	0.912114
29	40	0.912559
29	122	0.886147
29	127	1.28326
29	146	1.99492
29	178	5.53122
30	1	0.96071
30	2	0.851444
30	6	0.849821
30	9	0.945601
30	17	0.948532
30	25	0.927667
30	29	0.92617
30	38	0.901549
30	40	0.901994
30	122	0.875582
30	141	1.13822
30	163	3.48784
30	176	2.74935
31	3	0.848106
31	7	0.86109
31	11	0.842814
31	33	0.940328
31	36	0.929038
31	39	0.925708
31	45	0.926385
31	46	0.927162
31	48	0.940669
31	139	0.908333
31	140	2.42448
31	141	1.28672
31	163	3.63634
32	13	0.790357
32	51	0.830911
32	59	0.815592
32	60	0.816059
32	63	0.816431
32	98	0.887961
32	101	1.93815
32	116	0.845023
32	126	0.813339
32	128	3.75972
32	130	0.845209
32	134	0.820554
32	156	0.794824
33	3	0.842161
33	11	0.836869
33	16	2.81096
33	31	0.940328
33	36	0.923093
33	39	0.919763
33	45	0.920439
33	46	0.921217
33	48	0.934724
33	113	0.92913
33	125	0.942869
33	137	1.61322
33	139	0.902388
34	4	0.801545
34	8	0.819185
34	18	0.811233
34	27	0.884561
34	37	0.908662
34	42	0.848521
34	55	0.833624
34	56	0.833101
34	121	0.830534
34	124	0.789928
34	146	3.42511
34	152	2.24629
34	163	0.767104
35	5	0.884934
35	12	0.884799
35	22	0.837895
35	23	0.760817
35	28	0.864901
35	58	0.809957
35	62	0.794774
35	64	0.794677
35	67	0.794594
35	71	0.852819
35	84	0.8162
35	153	2.67383
35	157	3.59889
36	3	0.93611
36	7	0.949094
36	11	0.930818
36	31	0.929038
36	33	0.923093
36	39	0.908473
36	45	0.909149
36	46	0.909927
36	48	0.790188
36	138	2.73297
36	139	0.891098
36	162	1.96284
36	165	9.48655
37	4	0.916587
37	27	0.999603
37	34	0.908662
37	42	0.963563
37	55	0.948665
37	56	0.948142
37	121	0.945575
37	124	0.90497
37	139	1.57691
37	161	1.64425
37	163	0.882146
37	169	4.83217
38	1	0.946653
38	2	0.837388
38	6	0.835765
38	9	0.931545
38	17	0.934476
38	19	0.831566
38	25	0.913611
38	29	0.912114
38	30	0.901549
38	40	0.887938
38	73	1.41974
38	117	2.73632
38	122	0.861526
38	123	2.39912
39	3	0.827541
39	7	0.840525
39	11	0.822249
39	31	0.925708
39	33	0.919763
39	36	0.908473
39	45	0.905819
39	46	0.906597
39	48	0.920104
39	113	0.91451
39	139	0.887768
39	140	1.35407
39	150	1.80943
39	159	4.73846
40	1	0.947098
40	2	0.837833
40	6	0.83621
40	9	0.93199
40	17	0.934921
40	19	0.832011
40	25	0.914056
40	29	0.912559
40	30	0.901994
40	38	0.887938
40	122	0.861971
40	129	1.57633
40	155	1.61856
40	178	5.12249
41	54	0.830763
41	85	0.843352
41	89	0.826711
41	95	0.830599
41	96	0.82992
41	97	0.813876
41	103	0.858782
41	109	0.795864
41	111	0.795896
41	114	0.834849
41	121	0.816079
41	132	3.43031
41	170	3.47693
41	176	0.76459
42	8	0.874085
42	14	0.579062
42	18	0.866133
42	27	0.939462
42	34	0.848521
42	37	0.963563
42	55	0.888524
42	56	0.888001
42	73	0.983309
42	121	0.885434
42	124	0.844829
42	163	0.822005
42	166	2.1708
42	173	4.32429
43	13	0.853
43	15	0.857425
43	21	0.849742
43	24	0.916583
43	44	0.899975
43	50	0.905454
43	51	0.893553
43	59	0.878234
43	60	0.878701
43	63	0.879073
43	65	0.953556
43	107	2.96709
43	119	7.5
43	172	2.99707
44	10	0.936754
44	15	0.84828
44	21	0.840597
44	24	0.907439
44	43	0.899975
44	50	0.896309
44	51	0.884408
44	53	1.36826
44	59	0.869089
44	60	0.869556
44	63	0.869928
44	65	0.944412
44	166	1.21257
44	180	4.65049
45	3	0.828217
45	7	0.841201
45	11	0.822925
45	31	0.926385
45	33	0.920439
45	36	0.909149
45	39	0.905819
45	46	0.907273
45	48	0.92078
45	113	0.915186
45	139	0.888444
45	145	1.44251
45	154	1.52485
45	164	5.34816
46	3	0.828995
46	7	0.841979
46	11	0.823703
46	31	0.927162
46	33	0.921217
46	36	0.909927
46	39	0.906597
46	45	0.907273
46	48	0.921558
46	113	0.915964
46	139	0.889222
46	166	1.96874
46	178	4.74514
46	180	2.46083
47	5	0.959724
47	22	0.912685
47	23	0.835607
47	28	0.939692
47	58	0.884747
47	62	0.869564
47	64	0.869467
47	67	0.869384
47	71	0.92761
47	84	0.89099
47	94	0.840748
47	137	1.75632
47	142	1.39114
47	162	4.15452
48	3	0.842501
48	7	0.855485
48	11	0.837209
48	31	0.940669
48	33	0.934724
48	36	0.790188
48	39	0.920104
48	45	0.92078
48	46	0.921558
48	113	0.92947
48	139	0.902729
48	144	2.19367
48	157	2.31804
48	167	8.51575
49	75	0.866741
49	98	0.953488
49	100	0.882213
49	104	0.866821
49	110	0.927767
49	112	0.866647
49	116	0.910549
49	118	0.896216
49	126	0.878866
49	130	0.910736
49	156	0.860351
49	163	2.10172
49	169	3.67647
49	172	1.87199
50	10	0.942233
50	13	0.849334
50	15	0.853759
50	21	0.846076
50	24	0.912918
50	43	0.905454
50	44	0.896309
50	59	0.874568
50	60	0.875036
50	63	0.875407
50	65	0.949891
50	102	1.08651
50	127	1.32432
50	169	5.04608
51	10	0.930332
51	13	0.837433
51	15	0.841858
51	21	0.834175
51	24	0.901017
51	32	0.830911
51	43	0.893553
51	44	0.884408
51	59	0.862667
51	60	0.863135
51	63	0.863506
51	65	0.93799
51	142	0.795045
51	159	5.58657
51	161	1.0101
52	57	0.916079
52	61	0.823905
52	68	0.869359
52	69	0.869571
52	70	0.974198
52	72	0.86969
52	74	0.870011
52	76	0.924186
52	133	1.58274
52	140	0.865143
52	143	0.880901
52	145	1.15705
52	170	0.830071
52	171	4.81622
52	177	0.842819
53	44	1.36826
53	63	2.08367
53	91	0.747005
53	103	0.902025
53	109	0.839108
53	111	0.83914
53	114	0.878093
53	134	0.854236
53	167	0.743036
53	171	0.782625
53	172	0.79624
53	176	0.807834
53	178	0.760927
53	179	0.760036
53	180	0.777982
54	41	0.830763
54	85	0.909403
54	89	0.892761
54	95	0.896649
54	97	0.879927
54	103	0.924832
54	109	0.861915
54	111	0.861947
54	114	0.9009
54	133	0.855258
54	134	0.877043
54	160	7.12239
54	173	2.45881
54	174	1.87727
54	176	0.830641
55	4	0.841548
55	8	0.859187
55	18	0.851236
55	27	0.924564
55	34	0.833624
55	37	0.948665
55	42	0.888524
55	56	0.873103
55	73	0.968411
55	121	0.870537
55	124	0.829931
55	154	2.89129
55	163	0.807107
55	174	4.10139
55	176	1.74835
56	4	0.841025
56	8	0.858664
56	18	0.850712
56	27	0.924041
56	34	0.833101
56	37	0.948142
56	42	0.888001
56	55	0.873103
56	73	0.967888
56	121	0.870013
56	124	0.829408
56	125	1.9996
56	144	0.856181
56	163	0.806584
56	175	6.06627
57	52	0.916079
57	61	0.823155
57	68	0.868609
57	69	0.868821
57	70	0.973448
57	72	0.86894
57	74	0.869261
57	76	0.923436
57	84	1.66548
57	117	1.83537
57	140	0.864393
57	143	0.880151
57	153	3.68195
57	170	0.829321
57	177	0.842069
58	5	0.942745
58	12	0.94261
58	22	0.895706
58	23	0.818628
58	28	0.922712
58	35	0.809957
58	47	0.884747
58	62	0.852585
58	64	0.852488
58	67	0.852405
58	71	0.91063
58	94	0.823768
58	145	1.81964
58	157	3.63165
58	168	3.51128
59	10	0.915013
59	13	0.822114
59	14	1.00374
59	15	0.82654
59	21	0.818856
59	24	0.885698
59	32	0.815592
59	43	0.878234
59	44	0.869089
59	50	0.874568
59	51	0.862667
59	60	0.847816
59	63	0.848187
59	65	0.922671
59	66	1.6607
59	99	3.79546
60	10	0.91548
60	13	0.822581
60	15	0.827007
60	21	0.819324
60	24	0.886165
60	32	0.816059
60	43	0.878701
60	44	0.869556
60	50	0.875036
60	51	0.863135
60	59	0.847816
60	63	0.848655
60	65	0.923138
60	150	1.38883
60	162	2.11509
60	179	5.03095
61	20	0.795526
61	52	0.823905
61	57	0.823155
61	68	0.776436
61	69	0.776647
61	70	0.881274
61	72	0.776767
61	74	0.777087
61	76	0.831263
61	108	0.855026
61	133	3.1618
61	140	0.77222
61	143	0.787977
61	156	3.82464
61	170	0.737148
61	177	0.749895
62	5	0.927562
62	12	0.927427
62	22	0.880523
62	23	0.803445
62	28	0.907529
62	35	0.794774
62	47	0.869564
62	58	0.852585
62	64	0.837305
62	67	0.837222
62	71	0.895447
62	73	0.93667
62	84	0.858828
62	94	0.808586
62	148	3.60773
62	151	3.14936
63	10	0.915852
63	13	0.822953
63	15	0.827378
63	21	0.819695
63	24	0.886537
63	32	0.816431
63	43	0.879073
63	44	0.869928
63	50	0.875407
63	51	0.863506
63	53	2.08367
63	59	0.848187
63	60	0.848655
63	65	0.92351
63	77	3.06412
63	127	2.11081
64	5	0.927465
64	12	0.92733
64	22	0.880426
64	23	0.803348
64	28	0.907432
64	35	0.794677
64	47	0.869467
64	58	0.852488
64	62	0.837305
64	67	0.837125
64	71	0.895351
64	84	0.858731
64	94	0.808489
64	125	1.30211
64	140	3.18904
64	177	3.66863
65	10	0.990335
65	13	0.897436
65	15	0.901862
65	21	0.894179
65	24	0.96102
65	43	0.953556
65	44	0.944412
65	50	0.949891
65	51	0.93799
65	59	0.922671
65	60	0.923138
65	63	0.92351
65	90	1.50858
65	101	1.14011
65	124	3.14793
65	139	2.44563
66	22	1.08202
66	27	0.992729
66	59	1.6607
66	121	0.0219533
66	128	0.977845
66	153	0.967342
66	158	0.954
66	164	0.915973
66	167	0.894887
66	168	0.946534
66	169	0.917721
66	172	0.948091
66	175	0.909403
66	178	0.912779
66	179	0.911887
66	180	0.929833
67	5	0.927382
67	12	0.927247
67	22	0.880343
67	23	0.803265
67	28	0.907349
67	35	0.794594
67	47	0.869384
67	58	0.852405
67	62	0.837222
67	64	0.837125
67	71	0.895267
67	84	0.858648
67	94	0.808406
67	101	1.06319
67	144	1.76547
67	149	4.59385
68	20	0.95368
68	52	0.869359
68	57	0.868609
68	61	0.776436
68	69	0.822101
68	70	0.926728
68	72	0.82222
68	73	0.947019
68	74	0.822541
68	76	0.876717
68	108	0.90048
68	120	2.91606
68	140	0.817674
68	143	0.833431
68	162	4.27662
68	170	0.782602
68	177	0.795349
69	20	0.953892
69	52	0.869571
69	57	0.868821
69	61	0.776647
69	68	0.822101
69	70	0.92694
69	72	0.822432
69	74	0.822753
69	76	0.876928
69	108	0.900692
69	136	2.55141
69	140	0.817885
69	143	0.833643
69	152	2.6482
69	166	2.75621
69	170	0.782813
69	177	0.795561
70	52	0.974198
70	57	0.973448
70	61	0.881274
70	68	0.926728
70	69	0.92694
70	72	0.927059
70	74	0.92738
70	76	0.981555
70	90	1.34691
70	123	1.49686
70	129	3.78295
70	140	0.922512
70	143	0.93827
70	170	0.88744
70	173	3.76038
70	177	0.900188
71	5	0.985607
71	12	0.985472
71	22	0.938568
71	23	0.86149
71	28	0.965575
71	35	0.852819
71	47	0.92761
71	58	0.91063
71	62	0.895447
71	64	0.895351
71	67	0.895267
71	84	0.916873
71	94	0.866631
71	127	1.8271
71	139	1.50283
71	151	1.94904
71	163	3.97411
72	20	0.954011
72	52	0.86969
72	57	0.86894
72	61	0.776767
72	68	0.82222
72	69	0.822432
72	70	0.927059
72	74	0.822872
72	76	0.877048
72	84	1.57609
72	108	0.900811
72	138	4.37087
72	140	0.818004
72	143	0.833762
72	168	3.36106
72	170	0.782932
72	177	0.79568
73	4	0.936332
73	18	0.94602
73	38	1.41974
73	42	0.983309
73	55	0.968411
73	56	0.967888
73	62	0.93667
73	68	0.947019
73	111	1.36976
73	150	0.932623
73	155	0.900317
73	163	0.901891
73	169	0.871867
73	175	0.863549
73	178	0.866926
73	179	0.866034
73	180	0.88398
74	20	0.954332
74	52	0.870011
74	57	0.869261
74	61	0.777087
74	68	0.822541
74	69	0.822753
74	70	0.92738
74	72	0.822872
74	76	0.877368
74	108	0.901132
74	123	1.31415
74	140	0.818325
74	143	0.834083
74	155	4.46099
74	161	2.1686
74	170	0.783253
74	177	0.796001
75	49	0.866741
75	79	0.882886
75	82	0.864548
75	83	0.868614
75	104	0.818674
75	105	0.833296
75	110	0.87962
75	112	0.8185
75	116	0.862402
75	118	0.848069
75	119	0.747269
75	126	0.830719
75	130	0.862589
75	133	1.26878
75	134	0.837934
75	156	0.812204
75	170	2.49154
75	175	5.61424
76	20	1.00851
76	52	0.924186
76	57	0.923436
76	61	0.831263
76	68	0.876717
76	69	0.876928
76	70	0.981555
76	72	0.877048
76	74	0.877368
76	92	6
76	108	0.955307
76	131	1.93476
76	140	0.872501
76	142	2.15433
76	143	0.888258
76	170	0.837429
76	177	0.850176
76	178	4.0525
77	63	3.06412
77	93	0.838518
77	98	1.04305
77	152	0.837763
77	157	0.804355
77	158	0.799607
77	159	0.772211
77	167	0.740494
77	169	0.763327
77	170	0.794715
77	171	0.780084
77	172	0.793698
77	173	0.792497
77	175	0.755009
77	177	0.807462
77	178	0.758386
77	179	0.757494
77	180	0.77544
78	80	0.798912
78	95	4.0714
78	106	0.769053
78	142	0.84735
78	153	0.762595
78	162	0.744875
78	164	0.711226
78	167	0.690141
78	169	0.712974
78	171	0.729731
78	172	0.743345
78	173	0.742143
78	174	0.732144
78	175	0.704656
78	176	0.754939
78	178	0.708032
78	179	0.707141
78	180	0.725087
79	75	0.882886
79	81	0.927054
79	82	0.92884
79	100	0.898358
79	104	0.882966
79	105	0.897588
79	110	0.943912
79	112	0.882792
79	116	0.926694
79	118	0.912361
79	126	0.895011
79	130	0.926881
79	132	0.846671
79	142	1.89233
79	156	0.876496
79	164	4.98733
79	175	3.81111
79	177	1.54287
80	78	0.798912
80	111	0.0366622
80	129	0.831592
80	130	1.87221
80	138	0.815936
80	146	0.828661
80	160	0.75088
80	162	0.798378
80	164	0.764729
80	165	0.746438
80	166	0.849374
80	167	0.743644
80	169	0.766477
80	172	0.796848
80	173	0.795646
80	178	0.761536
80	179	0.760644
80	180	0.77859
81	79	0.927054
81	85	0.914461
81	87	1.78612
81	96	0.901029
81	97	0.884985
81	103	0.929891
81	105	0.877464
81	109	0.866973
81	111	0.867005
81	112	0.862668
81	114	0.905958
81	116	0.90657
81	126	0.874887
81	130	0.906757
81	140	2.33241
81	154	3.94872
81	156	0.856372
81	176	0.835699
81	177	2.812
82	75	0.864548
82	79	0.92884
82	88	2.90046
82	98	0.951295
82	100	0.880021
82	104	0.864628
82	105	0.87925
82	106	2.47212
82	110	0.925574
82	112	0.864454
82	116	0.908356
82	118	0.894023
82	126	0.876673
82	130	0.908543
82	132	0.828333
82	134	0.883888
82	147	2.62649
82	156	0.858158
82	158	2.93018
83	14	0.931185
83	75	0.868614
83	91	0.780723
83	98	0.955361
83	100	0.884087
83	104	0.868694
83	105	0.883317
83	110	0.92964
83	112	0.86852
83	113	0.921255
83	116	0.912423
83	118	0.898089
83	126	0.880739
83	130	0.912609
83	134	0.887954
83	156	0.862224
83	174	3.78993
83	176	1.43689
83	179	5.06101
84	12	0.948853
84	15	2.45843
84	35	0.8162
84	47	0.89099
84	57	1.66548
84	62	0.858828
84	64	0.858731
84	67	0.858648
84	71	0.916873
84	72	1.57609
84	153	0.830018
84	164	0.778649
84	168	0.80921
84	173	0.809566
84	174	0.799566
84	175	0.772079
84	178	0.775455
84	179	0.774563
84	180	0.792509
85	41	0.843352
85	54	0.909403
85	81	0.914461
85	89	0.905351
85	94	0.850881
85	95	0.909239
85	96	0.90856
85	97	0.892516
85	103	0.937422
85	109	0.874504
85	111	0.874536
85	114	0.913489
85	122	0.878776
85	131	0.844469
85	133	0.867847
85	145	1.64974
85	152	2.18329
85	162	4.59092
85	176	0.843231
86	109	4.27281
86	128	0.7751
86	129	0.78009
86	132	0.747787
86	149	0.746785
86	151	0.801775
86	157	0.756002
86	165	0.694936
86	166	0.797871
86	167	0.692141
86	169	0.714975
86	171	0.731731
86	174	0.734144
86	175	0.706657
86	177	0.759109
86	178	0.710033
86	179	0.709141
86	180	0.727087
87	12	2.14244
87	81	1.78612
87	91	0.794094
87	98	0.478603
87	151	0.899758
87	160	0.797361
87	162	0.844859
87	165	0.792919
87	166	0.895855
87	168	0.841771
87	169	0.812958
87	170	0.844346
87	171	0.829715
87	173	0.842127
87	174	0.832128
87	175	0.80464
87	178	0.808017
87	179	0.807125
87	180	0.825071
88	10	3.09954
88	82	2.90046
88	99	0.813651
88	138	0.792175
88	143	0.824933
88	151	0.829516
88	154	0.779646
88	157	0.783744
88	158	0.778995
88	161	0.824899
88	164	0.740968
88	165	0.722677
88	166	0.825612
88	171	0.759472
88	173	0.771885
88	174	0.761886
88	175	0.734398
88	178	0.737774
88	179	0.736883
88	180	0.754829
89	41	0.826711
89	54	0.892761
89	85	0.905351
89	94	0.834239
89	95	0.892597
89	96	0.891919
89	97	0.875875
89	103	0.920781
89	108	0.93389
89	109	0.857863
89	111	0.857895
89	114	0.896848
89	121	0.878078
89	123	0.928992
89	133	0.851206
89	134	0.872992
89	143	2.81974
89	156	2.30449
89	158	4.37743
89	176	0.826589
90	21	2.1563
90	65	1.50858
90	70	1.34691
90	120	0.925042
90	130	0.772199
90	147	0.912338
90	153	0.8972
90	157	0.888607
90	158	0.883858
90	161	0.929762
90	167	0.824746
90	168	0.876392
90	169	0.847579
90	172	0.87795
90	173	0.876748
90	174	0.866749
90	175	0.839261
90	178	0.842637
90	179	0.841746
90	180	0.859692
91	11	6
91	26	0.816409
91	53	0.747005
91	83	0.780723
91	87	0.794094
91	98	0.817449
91	110	0.791728
91	116	0.774511
91	120	0.739138
91	126	0.742827
91	130	0.774697
91	146	0.723859
91	156	0.724312
91	166	0.744572
91	169	0.661675
91	172	0.692046
91	173	0.690844
91	178	0.656734
91	179	0.655842
91	180	0.673788
92	76	6
92	117	0.800122
92	136	0.795249
92	147	0.773228
92	149	0.740279
92	153	0.75809
92	154	0.745399
92	157	0.749496
92	158	0.744748
92	162	0.740369
92	167	0.685635
92	169	0.708469
92	171	0.725225
92	172	0.73884
92	173	0.737638
92	174	0.727639
92	175	0.700151
92	178	0.703527
92	179	0.702636
92	180	0.720582
93	2	3.46791
93	77	0.838518
93	108	1.1344
93	150	0.816485
93	153	0.805351
93	158	0.792009
93	160	0.740133
93	161	0.837912
93	162	0.78763
93	164	0.753982
93	165	0.73569
93	167	0.732896
93	169	0.75573
93	173	0.784899
93	174	0.774899
93	175	0.747411
93	177	0.799864
93	178	0.750788
93	179	0.749896
93	180	0.767842
94	23	0.774629
94	28	0.878713
94	47	0.840748
94	58	0.823768
94	62	0.808586
94	64	0.808489
94	67	0.808406
94	71	0.866631
94	85	0.850881
94	89	0.834239
94	95	0.838127
94	96	0.837449
94	97	0.821405
94	109	0.803393
94	111	0.803425
94	114	0.842378
94	124	2.28864
94	172	3.82789
94	176	0.772119
94	177	3.32535
95	41	0.830599
95	54	0.896649
95	78	4.0714
95	85	0.909239
95	89	0.892597
95	94	0.838127
95	96	0.895807
95	97	0.879763
95	103	0.924668
95	109	0.861751
95	111	0.861783
95	114	0.900736
95	121	0.881966
95	122	0.866022
95	133	0.855094
95	134	0.876879
95	143	1.46277
95	147	1.97553
95	158	2.27922
95	176	0.830477
96	41	0.82992
96	81	0.901029
96	85	0.90856
96	89	0.891919
96	94	0.837449
96	95	0.895807
96	97	0.879084
96	103	0.92399
96	107	1.76209
96	109	0.861072
96	111	0.861104
96	114	0.900057
96	121	0.881287
96	122	0.865344
96	124	2.36342
96	133	0.854415
96	134	0.876201
96	139	1.66112
96	149	3.88627
96	176	0.829799
97	41	0.813876
97	54	0.879927
97	81	0.884985
97	85	0.892516
97	89	0.875875
97	94	0.821405
97	95	0.879763
97	96	0.879084
97	103	0.907946
97	108	0.921056
97	109	0.845029
97	111	0.845061
97	114	0.884014
97	122	0.8493
97	133	0.838372
97	134	0.860157
97	148	1.38185
97	158	3.13861
97	171	3.63631
97	172	2.71883
97	176	0.813755
98	32	0.887961
98	49	0.953488
98	77	1.04305
98	82	0.951295
98	83	0.955361
98	87	0.478603
98	91	0.817449
98	100	0.920813
98	104	0.90542
98	110	0.966366
98	112	0.905246
98	116	0.949149
98	118	0.934816
98	126	0.917465
98	130	0.949335
98	132	0.869125
98	134	0.92468
98	156	0.89895
98	161	1.74782
98	164	6.46451
98	177	1.50448
99	59	3.79546
99	88	0.813651
99	113	1.25949
99	148	0.826197
99	149	0.783284
99	151	0.838274
99	158	0.787753
99	160	0.735877
99	162	0.783374
99	164	0.749726
99	165	0.731435
99	168	0.780287
99	169	0.751474
99	171	0.76823
99	172	0.781844
99	173	0.780643
99	174	0.770643
99	175	0.743156
99	178	0.746532
99	179	0.74564
99	180	0.763586
100	26	0.919773
100	49	0.882213
100	79	0.898358
100	82	0.880021
100	83	0.884087
100	98	0.920813
100	104	0.834146
100	105	0.848769
100	110	0.895092
100	112	0.833972
100	116	0.877875
100	118	0.863541
100	119	0.762741
100	126	0.846191
100	128	3.10102
100	130	0.878061
100	134	0.853406
100	141	2.70663
100	142	1.49914
100	156	0.827676
100	166	2.7264
101	32	1.93815
101	65	1.14011
101	67	1.06319
101	105	1.20303
101	135	0.918138
101	141	0.954337
101	142	0.967589
101	154	0.870143
101	160	0.817616
101	161	0.915396
101	164	0.831465
101	167	0.81038
101	168	0.862026
101	169	0.833213
101	171	0.84997
101	172	0.863584
101	173	0.862382
101	175	0.824895
101	178	0.828271
101	179	0.82738
101	180	0.845326
102	25	1.48564
102	50	1.08651
102	122	1.34393
102	123	0.981147
102	130	0.270075
102	148	0.907046
102	153	0.881944
102	164	0.830575
102	165	0.812284
102	166	0.91522
102	167	0.80949
102	170	0.86371
102	171	0.84908
102	172	0.862694
102	173	0.861492
102	174	0.851493
102	176	0.874288
102	177	0.876458
102	178	0.827381
102	179	0.82649
102	180	0.844436
103	41	0.858782
103	53	0.902025
103	54	0.924832
103	81	0.929891
103	85	0.937422
103	89	0.920781
103	95	0.924668
103	96	0.92399
103	97	0.907946
103	109	0.889934
103	111	0.889966
103	114	0.928919
103	121	0.910149
103	122	0.894205
103	128	1.23926
103	129	3.04072
103	133	0.883277
103	134	0.905063
103	146	1.93545
103	147	3.08085
103	170	3.12334
103	176	0.85866
104	26	0.90438
104	49	0.866821
104	75	0.818674
104	79	0.882966
104	82	0.864628
104	83	0.868694
104	98	0.90542
104	100	0.834146
104	105	0.833376
104	110	0.8797
104	112	0.81858
104	113	0.871315
104	116	0.862482
104	118	0.848149
104	126	0.830799
104	130	0.862669
104	134	0.838014
104	136	1.67316
104	141	1.85819
104	156	0.812283
104	173	4.03145
104	176	3.46932
105	26	0.919003
105	75	0.833296
105	79	0.897588
105	81	0.877464
105	82	0.87925
105	83	0.883317
105	100	0.848769
105	101	1.20303
105	104	0.833376
105	110	0.894322
105	112	0.833202
105	116	0.877105
105	118	0.862771
105	119	0.761971
105	125	1.88104
105	126	0.845421
105	130	0.877291
105	132	0.797081
105	134	0.852636
105	153	3.90523
105	156	0.826906
105	166	2.64998
106	78	0.769053
106	82	2.47212
106	114	2.44263
106	137	0.8603
106	145	0.866585
106	146	0.798802
106	157	0.777646
106	161	0.818801
106	162	0.768519
106	165	0.716579
106	166	0.819515
106	168	0.765432
106	169	0.736619
106	170	0.768006
106	171	0.753375
106	173	0.765788
106	174	0.755788
106	175	0.7283
106	178	0.731677
106	179	0.730785
106	180	0.748731
107	28	1.87082
107	43	2.96709
107	96	1.76209
107	115	0.857114
107	125	0.910525
107	145	0.900451
107	150	0.831239
107	156	0.833121
107	158	0.806763
107	162	0.802384
107	165	0.750445
107	166	0.85338
107	167	0.74765
107	168	0.799297
107	169	0.770484
107	171	0.78724
107	174	0.789653
107	176	0.812449
107	177	0.814619
107	178	0.765542
107	179	0.764651
107	180	0.782597
108	61	0.855026
108	68	0.90048
108	69	0.900692
108	72	0.900811
108	74	0.901132
108	76	0.955307
108	89	0.93389
108	93	1.1344
108	97	0.921056
108	109	0.903043
108	111	0.903075
108	114	0.942028
108	121	0.923259
108	134	0.918172
108	135	2.91817
108	143	0.912021
108	153	1.81116
108	161	1.46699
108	170	0.861192
108	174	4.50031
108	176	0.87177
108	177	0.873939
109	41	0.795864
109	53	0.839108
109	54	0.861915
109	81	0.866973
109	85	0.874504
109	86	4.27281
109	89	0.857863
109	94	0.803393
109	95	0.861751
109	96	0.861072
109	97	0.845029
109	103	0.889934
109	108	0.903043
109	111	0.827048
109	114	0.866002
109	121	0.847232
109	122	0.831288
109	133	0.82036
109	134	0.842145
109	137	1.44865
109	144	1.49419
109	174	4.56029
109	176	0.795743
110	49	0.927767
110	75	0.87962
110	79	0.943912
110	82	0.925574
110	83	0.92964
110	91	0.791728
110	98	0.966366
110	100	0.895092
110	104	0.8797
110	105	0.894322
110	112	0.879526
110	113	0.932261
110	118	0.909095
110	119	0.808295
110	126	0.891745
110	130	0.923614
110	132	0.843404
110	144	1.3949
110	147	3.41713
110	148	1.96406
110	156	0.873229
110	168	3.26085
110	173	3.35441
111	41	0.795896
111	53	0.83914
111	54	0.861947
111	73	1.36976
111	80	0.0366622
111	81	0.867005
111	85	0.874536
111	89	0.857895
111	94	0.803425
111	95	0.861783
111	96	0.861104
111	97	0.845061
111	103	0.889966
111	108	0.903075
111	109	0.827048
111	114	0.866033
111	121	0.847264
111	122	0.83132
111	133	0.820392
111	134	0.842177
111	167	10.3842
111	176	0.795775
111	180	2.82363
112	26	0.904206
112	49	0.866647
112	75	0.8185
112	79	0.882792
112	81	0.862668
112	82	0.864454
112	83	0.86852
112	98	0.905246
112	100	0.833972
112	104	0.81858
112	105	0.833202
112	110	0.879526
112	113	0.871141
112	118	0.847975
112	119	0.747175
112	126	0.830625
112	130	0.862495
112	131	1.55022
112	132	0.782285
112	148	2.77423
112	156	0.81211
112	166	2.01109
112	180	5.44901
113	3	0.836907
113	7	0.849891
113	11	0.831615
113	33	0.92913
113	39	0.91451
113	45	0.915186
113	46	0.915964
113	48	0.92947
113	83	0.921255
113	99	1.25949
113	104	0.871315
113	110	0.932261
113	112	0.871141
113	116	0.915043
113	118	0.90071
113	126	0.88336
113	130	0.91523
113	139	0.897135
113	151	1.14823
113	156	0.864845
113	157	3.02376
113	170	3.10215
113	173	2.99695
114	41	0.834849
114	53	0.878093
114	54	0.9009
114	81	0.905958
114	85	0.913489
114	89	0.896848
114	94	0.842378
114	95	0.900736
114	96	0.900057
114	97	0.884014
114	103	0.928919
114	106	2.44263
114	108	0.942028
114	109	0.866002
114	111	0.866033
114	121	0.886217
114	122	0.870273
114	133	0.859345
114	134	0.88113
114	135	2.74305
114	143	1.343
114	176	0.834728
114	177	1.97836
114	180	3.81871
115	6	1.91714
115	19	2.9387
115	22	2.34416
115	107	0.857114
115	128	0.827294
115	142	0.901545
115	150	0.827924
115	151	0.853969
115	157	0.808197
115	160	0.751572
115	161	0.849352
115	165	0.74713
115	167	0.744335
115	168	0.795982
115	169	0.767169
115	170	0.798556
115	171	0.783925
115	172	0.79754
115	174	0.786339
115	175	0.758851
115	177	0.811304
115	178	0.762227
115	179	0.761336
115	180	0.779282
116	26	0.948109
116	32	0.845023
116	49	0.910549
116	75	0.862402
116	79	0.926694
116	81	0.90657
116	82	0.908356
116	83	0.912423
116	91	0.774511
116	98	0.949149
116	100	0.877875
116	104	0.862482
116	105	0.877105
116	113	0.915043
116	118	0.891877
116	119	0.791077
116	120	1.73359
116	126	0.874527
116	130	0.906397
116	138	2.49616
116	156	0.856012
116	168	1.48634
116	174	3.37081
116	178	5.14865
117	15	2.62831
117	38	2.73632
117	57	1.83537
117	92	0.800122
117	123	0.921015
117	138	0.821651
117	151	0.858992
117	155	0.800641
117	162	0.804092
117	163	0.802216
117	164	0.770444
117	165	0.752153
117	166	0.855088
117	167	0.749358
117	168	0.801005
117	169	0.772192
117	171	0.788948
117	172	0.802563
117	173	0.801361
117	174	0.791361
117	175	0.763874
117	178	0.76725
117	179	0.766358
117	180	0.784305
118	26	0.933775
118	49	0.896216
118	75	0.848069
118	79	0.912361
118	82	0.894023
118	83	0.898089
118	98	0.934816
118	100	0.863541
118	104	0.848149
118	105	0.862771
118	110	0.909095
118	112	0.847975
118	113	0.90071
118	116	0.891877
118	119	0.776744
118	126	0.860194
118	130	0.892064
118	132	0.811854
118	134	0.867409
118	141	2.31023
118	144	1.58533
118	145	1.68844
118	152	2.22199
118	155	4.5483
118	156	0.841679
119	16	0.74618
119	43	7.5
119	75	0.747269
119	100	0.762741
119	105	0.761971
119	110	0.808295
119	112	0.747175
119	116	0.791077
119	118	0.776744
119	126	0.759394
119	130	0.791264
119	132	0.711054
119	154	0.715171
119	157	0.719269
119	158	0.714521
119	160	0.662645
119	166	0.761138
119	167	0.655408
119	168	0.707055
119	171	0.694998
119	172	0.708612
119	174	0.697411
119	178	0.6733
119	179	0.672408
119	180	0.690354
120	28	2.85035
120	68	2.91606
120	90	0.925042
120	91	0.739138
120	116	1.73359
120	125	0.898043
120	141	0.879125
120	149	0.789812
120	153	0.807623
120	154	0.794932
120	157	0.799029
120	161	0.840185
120	164	0.756254
120	165	0.737963
120	166	0.840898
120	167	0.735168
120	168	0.786815
120	169	0.758002
120	173	0.787171
120	174	0.777171
120	175	0.749684
120	176	0.799967
120	178	0.75306
120	179	0.752169
120	180	0.770115
121	8	0.856097
121	18	0.848146
121	27	0.921474
121	34	0.830534
121	37	0.945575
121	41	0.816079
121	42	0.885434
121	55	0.870537
121	56	0.870013
121	66	0.0219533
121	89	0.878078
121	95	0.881966
121	96	0.881287
121	103	0.910149
121	108	0.923259
121	109	0.847232
121	111	0.847264
121	114	0.886217
121	124	0.826841
121	133	0.840575
121	143	2.7029
121	156	2.18764
121	161	1.66659
121	163	0.804017
121	169	5.64528
121	176	0.815958
122	1	0.920686
122	2	0.811421
122	6	0.809798
122	9	0.905578
122	17	0.908509
122	19	0.805599
122	25	0.887644
122	29	0.886147
122	30	0.875582
122	38	0.861526
122	40	0.861971
122	85	0.878776
122	95	0.866022
122	96	0.865344
122	97	0.8493
122	102	1.34393
122	103	0.894205
122	109	0.831288
122	111	0.83132
122	114	0.870273
122	131	1.52807
122	133	0.824631
122	134	0.846416
122	136	1.89604
122	150	3.6742
122	154	4.83514
122	176	0.800014
123	2	1.96088
123	38	2.39912
123	70	1.49686
123	74	1.31415
123	89	0.928992
123	102	0.981147
123	117	0.921015
123	152	0.903798
123	153	0.878984
123	154	0.866292
123	155	0.857812
123	157	0.87039
123	159	0.838246
123	160	0.813766
123	161	0.911545
123	162	0.861263
123	164	0.827615
123	165	0.809323
123	167	0.806529
123	169	0.829363
123	172	0.859733
123	174	0.848532
123	175	0.821044
123	176	0.871327
123	178	0.824421
123	179	0.823529
123	180	0.841475
124	4	0.797853
124	8	0.815492
124	18	0.80754
124	27	0.880869
124	34	0.789928
124	37	0.90497
124	42	0.844829
124	55	0.829931
124	56	0.829408
124	65	3.14793
124	94	2.28864
124	96	2.36342
124	121	0.826841
124	132	0.766199
124	150	0.794143
124	159	0.742271
124	162	0.765288
124	163	0.763412
124	166	0.816284
124	168	0.762201
124	173	0.762557
124	174	0.752557
124	175	0.725069
124	178	0.728446
124	179	0.727554
124	180	0.7455
125	33	0.942869
125	56	1.9996
125	64	1.30211
125	105	1.88104
125	107	0.910525
125	120	0.898043
125	126	0.902725
125	133	0.887162
125	145	0.950547
125	150	0.881335
125	151	0.90738
125	152	0.895015
125	155	0.84903
125	159	0.829463
125	160	0.804983
125	161	0.902763
125	162	0.85248
125	165	0.800541
125	166	0.903476
125	167	0.797746
125	171	0.837336
125	173	0.849749
125	174	0.83975
125	175	0.812262
125	178	0.815638
125	179	0.814747
125	180	0.832693
126	26	0.916425
126	32	0.813339
126	49	0.878866
126	75	0.830719
126	79	0.895011
126	81	0.874887
126	82	0.876673
126	83	0.880739
126	91	0.742827
126	98	0.917465
126	100	0.846191
126	104	0.830799
126	105	0.845421
126	110	0.891745
126	112	0.830625
126	113	0.88336
126	116	0.874527
126	118	0.860194
126	119	0.759394
126	125	0.902725
126	127	1.85451
126	130	0.874714
126	132	0.794503
126	134	0.850059
126	156	0.824329
126	161	1.59758
126	168	3.73161
126	171	4.68927
127	29	1.28326
127	50	1.32432
127	63	2.11081
127	71	1.8271
127	126	1.85451
127	128	0.884567
127	132	0.857255
127	147	0.889202
127	152	0.898878
127	157	0.86547
127	158	0.860722
127	159	0.833326
127	160	0.808846
127	161	0.906625
127	165	0.804404
127	166	0.907339
127	167	0.801609
127	168	0.853256
127	169	0.824443
127	170	0.85583
127	172	0.854813
127	173	0.853612
127	174	0.843612
127	175	0.816125
127	177	0.868577
127	178	0.819501
127	179	0.818609
127	180	0.836555
128	32	3.75972
128	66	0.977845
128	86	0.7751
128	100	3.10102
128	103	1.23926
128	115	0.827294
128	127	0.884567
128	142	0.87504
128	151	0.827464
128	155	0.769114
128	157	0.781692
128	158	0.776943
128	159	0.749547
128	161	0.822847
128	164	0.738916
128	165	0.720625
128	166	0.82356
128	168	0.769477
128	169	0.740664
128	171	0.75742
128	172	0.771035
128	173	0.769833
128	174	0.759834
128	175	0.732346
128	178	0.735722
128	179	0.734831
128	180	0.752777
129	40	1.57633
129	70	3.78295
129	80	0.831592
129	86	0.78009
129	103	3.04072
129	135	0.830579
129	140	0.812113
129	144	0.895238
129	150	0.806409
129	152	0.820089
129	154	0.782584
129	155	0.774104
129	157	0.786682
129	159	0.754537
129	161	0.827837
129	162	0.777555
129	164	0.743906
129	166	0.82855
129	167	0.72282
129	169	0.745654
129	171	0.76241
129	172	0.776025
129	173	0.774823
129	174	0.764824
129	175	0.737336
129	178	0.740712
129	179	0.739821
129	180	0.757767
130	26	0.948295
130	32	0.845209
130	49	0.910736
130	75	0.862589
130	79	0.926881
130	80	1.87221
130	81	0.906757
130	82	0.908543
130	83	0.912609
130	90	0.772199
130	91	0.774697
130	98	0.949335
130	100	0.878061
130	102	0.270075
130	104	0.862669
130	105	0.877291
130	110	0.923614
130	112	0.862495
130	113	0.91523
130	116	0.906397
130	118	0.892064
130	119	0.791264
130	126	0.874714
130	132	0.826373
130	134	0.881929
130	150	2.60034
130	151	1.33177
130	156	0.856198
130	175	6.40838
131	1	0.786763
131	3	2.05572
131	76	1.93476
131	85	0.844469
131	112	1.55022
131	122	1.52807
131	136	0.942266
131	149	0.887295
131	150	0.916241
131	154	0.892415
131	155	0.883935
131	157	0.896513
131	160	0.839888
131	161	0.937668
131	162	0.887386
131	164	0.853737
131	165	0.835446
131	166	0.938382
131	167	0.832652
131	168	0.884298
131	169	0.855485
131	171	0.872242
131	172	0.885856
131	173	0.884654
131	174	0.874655
131	177	0.89962
131	178	0.850544
131	179	0.849652
131	180	0.867598
132	7	3.04824
132	10	2.82144
132	41	3.43031
132	79	0.846671
132	82	0.828333
132	86	0.747787
132	98	0.869125
132	105	0.797081
132	110	0.843404
132	112	0.782285
132	118	0.811854
132	119	0.711054
132	124	0.766199
132	126	0.794503
132	127	0.857255
132	130	0.826373
132	134	0.801718
132	141	0.834475
132	143	0.795568
132	156	0.775988
132	164	0.711603
132	169	0.713351
132	170	0.744738
132	171	0.730107
132	173	0.74252
132	174	0.732521
132	175	0.705033
132	176	0.755316
132	178	0.708409
132	179	0.707518
132	180	0.725464
133	3	3.28668
133	52	1.58274
133	54	0.855258
133	61	3.1618
133	75	1.26878
133	85	0.867847
133	89	0.851206
133	95	0.855094
133	96	0.854415
133	97	0.838372
133	103	0.883277
133	109	0.82036
133	111	0.820392
133	114	0.859345
133	121	0.840575
133	122	0.824631
133	125	0.887162
133	153	0.796742
133	159	0.756004
133	165	0.727082
133	167	0.724287
133	168	0.775934
133	169	0.747121
133	170	0.778508
133	171	0.763877
133	173	0.77629
133	175	0.738803
133	176	0.789086
133	178	0.742179
133	179	0.741288
133	180	0.759234
134	32	0.820554
134	53	0.854236
134	54	0.877043
134	75	0.837934
134	82	0.883888
134	83	0.887954
134	89	0.872992
134	95	0.876879
134	96	0.876201
134	97	0.860157
134	98	0.92468
134	100	0.853406
134	103	0.905063
134	104	0.838014
134	105	0.852636
134	108	0.918172
134	109	0.842145
134	111	0.842177
134	114	0.88113
134	118	0.867409
134	122	0.846416
134	126	0.850059
134	130	0.881929
134	132	0.801718
134	137	1.56894
134	152	1.55952
134	156	0.831543
134	157	2.72765
134	170	2.80604
134	176	0.810871
134	179	5.76282
134	180	3.98527
135	5	1.85631
135	26	1.78247
135	101	0.918138
135	108	2.91817
135	114	2.74305
135	129	0.830579
135	139	0.860391
135	144	0.915049
135	148	0.840188
135	149	0.797274
135	152	0.8399
135	158	0.801744
135	159	0.774348
135	160	0.749867
135	161	0.847647
135	162	0.797365
135	164	0.763716
135	165	0.745425
135	166	0.848361
135	167	0.742631
135	169	0.765464
135	171	0.782221
135	172	0.795835
135	173	0.794633
135	174	0.784634
135	175	0.757146
135	176	0.807429
135	177	0.809599
135	178	0.760523
135	179	0.759631
135	180	0.777577
136	23	3.17939
136	69	2.55141
136	92	0.795249
136	104	1.67316
136	122	1.89604
136	131	0.942266
136	140	0.833779
136	146	0.829503
136	147	0.832079
136	148	0.842043
136	149	0.79913
136	152	0.841755
136	155	0.795769
136	156	0.829957
136	158	0.803599
136	159	0.776203
136	160	0.751723
136	161	0.849502
136	162	0.79922
136	163	0.797344
136	164	0.765572
136	165	0.747281
136	166	0.850216
136	167	0.744486
136	168	0.796133
136	172	0.79769
136	174	0.786489
136	175	0.759002
136	178	0.762378
136	179	0.761486
136	180	0.779432
137	27	2.61287
137	33	1.61322
137	47	1.75632
137	106	0.8603
137	109	1.44865
137	134	1.56894
137	141	0.925344
137	142	0.938597
137	146	0.866405
137	148	0.878944
137	151	0.891021
137	155	0.83267
137	159	0.813104
137	160	0.788624
137	161	0.886404
137	163	0.834245
137	165	0.784182
137	167	0.781387
137	168	0.833034
137	170	0.835608
137	171	0.820977
137	172	0.834592
137	173	0.83339
137	174	0.82339
137	175	0.795903
137	176	0.846186
137	177	0.848356
137	178	0.799279
137	179	0.798388
137	180	0.816334
138	14	0.955059
138	16	0.797937
138	36	2.73297
138	72	4.37087
138	80	0.815936
138	88	0.792175
138	116	2.49616
138	117	0.821651
138	145	0.859965
138	148	0.804721
138	150	0.790754
138	151	0.816798
138	153	0.779619
138	155	0.758448
138	157	0.771026
138	159	0.738882
138	160	0.714401
138	162	0.761899
138	164	0.72825
138	165	0.709959
138	166	0.812894
138	167	0.707165
138	168	0.758811
138	169	0.729998
138	171	0.746754
138	172	0.760369
138	174	0.749168
138	175	0.72168
138	177	0.774133
138	178	0.725056
138	179	0.724165
138	180	0.742111
139	3	0.810166
139	7	0.82315
139	11	0.804874
139	17	2.11352
139	31	0.908333
139	33	0.902388
139	36	0.891098
139	37	1.57691
139	39	0.887768
139	45	0.888444
139	46	0.889222
139	48	0.902729
139	65	2.44563
139	71	1.50283
139	96	1.66112
139	113	0.897135
139	135	0.860391
139	146	0.83765
139	152	0.849901
139	155	0.803916
139	156	0.838103
139	157	0.816494
139	165	0.755427
139	166	0.858362
139	167	0.752633
139	169	0.775466
139	173	0.804635
139	174	0.794636
139	178	0.770524
139	179	0.769633
139	180	0.787579
140	31	2.42448
140	39	1.35407
140	52	0.865143
140	57	0.864393
140	61	0.77222
140	64	3.18904
140	68	0.817674
140	69	0.817885
140	70	0.922512
140	72	0.818004
140	74	0.818325
140	76	0.872501
140	81	2.33241
140	129	0.812113
140	136	0.833779
140	143	0.829215
140	146	0.809182
140	156	0.809636
140	158	0.783278
140	159	0.755882
140	161	0.829181
140	165	0.726959
