1	39	0.990896
1	44	1.00662
1	110	1.04616
1	127	1.0469
1	149	1.06551
1	160	0.872059
1	163	1.05798
1	165	1.06901
1	166	1.04599
1	175	0.84861
1	176	0.896074
1	179	1.06183
2	8	0.968402
2	13	0.974682
2	28	0.913428
2	29	0.896264
2	34	0.808077
2	64	1.25132
2	83	0.977638
2	84	0.978784
2	88	1.08516
2	174	0.937615
2	175	0.94511
2	179	1.26941
3	144	0.912438
3	149	0.940236
3	150	0.940097
3	152	0.926284
3	155	0.947237
3	163	0.932706
3	165	0.943735
3	166	0.920711
3	170	1.21012
3	177	1.19154
3	179	0.936555
3	180	1.20383
4	117	1.06001
4	119	1.04666
4	120	0.930921
4	123	1.0141
4	125	0.85747
4	127	0.892663
4	149	0.911578
4	159	1.06027
4	174	1.05915
4	175	1.06664
4	176	1.05056
4	180	1.04261
5	19	0.934223
5	45	0.992738
5	68	1.10794
5	85	1.02824
5	86	1.10088
5	89	1.02824
5	95	1.05362
5	132	1.03278
5	171	1.05556
5	172	0.899173
5	176	0.886141
5	179	0.888098
6	13	0.757762
6	38	0.946465
6	45	1.08807
6	46	0.8007
6	108	1.0574
6	164	1.04915
6	169	1.03616
6	172	1.05172
6	173	1.04768
6	177	1.05823
6	178	1.05145
6	180	1.04821
7	49	1.26168
7	65	1.13189
7	69	1.2004
7	128	0.92534
7	129	0.923701
7	131	0.92534
7	133	0.955775
7	149	0.937927
7	159	0.94406
7	171	0.925037
7	177	0.936417
7	180	0.926402
8	2	0.968402
8	48	1.09845
8	63	1.02585
8	64	0.857373
8	67	1.01336
8	84	1.10221
8	159	1.06216
8	169	0.924878
8	171	0.921201
8	174	1.06104
8	175	1.06853
8	178	0.904274
9	44	1.19049
9	121	1.2543
9	137	0.941569
9	150	1.14932
9	153	0.951126
9	162	0.924186
9	170	0.933712
9	171	0.925439
9	172	0.930304
9	177	0.936818
9	178	0.930043
9	180	0.926803
10	120	0.920568
10	121	0.911524
10	127	0.926287
10	146	0.933831
10	150	0.944758
10	155	0.951898
10	162	1.19729
10	163	0.937367
10	165	0.948396
10	166	0.925372
10	168	1.23583
10	175	1.17262
11	86	1.11715
11	127	1.24914
11	137	0.945348
11	141	1.22848
11	154	0.898462
11	160	0.951818
11	161	0.933918
11	162	0.927965
11	170	0.93749
11	177	0.940597
11	178	0.933821
11	180	0.930582
12	67	0.909548
12	137	0.885315
12	144	1.03019
12	146	1.04692
12	150	1.05785
12	157	1.05162
12	163	1.05046
12	165	1.06149
12	166	1.03847
12	171	0.926189
12	174	1.063
12	180	0.883214
13	2	0.974682
13	6	0.757762
13	63	1.03213
13	67	1.01965
13	75	1.01559
13	83	1.10734
13	84	1.10849
13	138	0.940925
13	171	0.961952
13	174	1.06732
13	175	1.07481
13	178	0.945025
14	85	0.899344
14	101	0.928949
14	131	0.855737
14	137	1.06053
14	140	1.05692
14	148	0.908545
14	162	1.04315
14	168	1.03799
14	170	1.05267
14	172	1.04926
14	176	1.05371
14	180	1.04576
15	98	0.905018
15	121	0.915134
15	160	1.06546
15	162	1.04161
15	165	0.847174
15	166	0.92506
15	170	1.05114
15	173	1.04369
15	176	1.05217
15	177	1.05424
15	178	1.04747
15	180	1.04423
16	100	1.22822
16	140	0.942201
16	152	1.19323
16	156	0.948006
16	162	0.92843
16	164	0.931983
16	167	1.17275
16	169	0.91899
16	172	0.934548
16	173	0.930508
16	178	0.934287
16	180	0.931047
17	48	1.08187
17	63	1.00927
17	67	0.996783
17	83	1.08448
17	84	1.08562
17	137	0.908073
17	159	1.04558
17	164	0.902446
17	174	1.04445
17	175	1.05195
17	177	0.893688
17	179	0.90321
18	104	0.957312
18	111	0.934768
18	127	1.01819
18	134	0.963674
18	164	1.01635
18	169	1.00335
18	172	1.01891
18	173	1.01487
18	174	0.983003
18	176	1.02336
18	177	1.02543
18	178	1.01865
18	180	1.01541
19	5	0.934223
19	40	1.02032
19	51	0.927366
19	103	1.03849
19	117	1.01222
19	147	1.00455
19	151	0.998113
19	170	1.01212
19	173	1.00467
19	176	1.01316
19	177	1.01523
19	178	1.00845
19	180	1.00521
20	58	0.919435
20	90	0.940387
20	106	1.07828
20	125	0.946116
20	143	1.00649
20	155	0.948969
20	162	1.01512
20	170	1.02464
20	172	1.02123
20	176	1.02568
20	177	1.02775
20	178	1.02097
20	180	1.01773
21	62	1.03357
21	100	0.998672
21	114	0.992035
21	115	0.991501
21	128	1.00727
21	130	1.0314
21	131	1.00727
21	133	1.03771
21	151	0.99156
21	159	0.943497
21	168	1.00056
21	173	0.991299
21	179	0.981057
22	101	1.0048
22	112	0.946383
22	121	0.994828
22	129	1.01398
22	139	1.05693
22	141	1.01266
22	145	1.00274
22	146	1.01714
22	156	0.976958
22	163	1.02067
22	166	1.00868
22	175	0.927496
22	179	1.02452
23	45	0.954713
23	68	1.06992
23	85	0.990218
23	86	1.06286
23	89	0.990218
23	95	1.01559
23	108	0.938287
23	132	0.99475
23	148	1.0042
23	161	0.972128
23	168	0.991097
23	171	1.01754
23	178	1.00612
24	55	0.962997
24	78	1.03498
24	121	0.994484
24	127	1.00925
24	146	1.01679
24	153	0.909292
24	154	1.08687
24	157	1.02148
24	160	0.937605
24	163	1.02033
24	165	1.03136
24	166	1.00833
24	173	0.973818
25	62	1.02833
25	74	0.936023
25	92	1.03418
25	102	0.968834
25	114	0.986796
25	115	0.986262
25	128	1.00204
25	130	1.02616
25	131	1.00204
25	133	1.03247
25	158	0.976095
25	171	1.00173
25	176	1.0265
26	37	0.940946
26	60	1.10518
26	95	1.04476
26	104	0.784864
26	111	0.76232
26	113	1.03351
26	117	1.06546
26	119	1.05211
26	171	1.0467
26	177	1.05808
26	178	1.05131
26	180	1.04807
27	58	0.930843
27	127	0.992717
27	145	1.01162
27	153	1.03045
27	164	1.00707
27	169	0.994075
27	170	1.01304
27	172	1.00963
27	174	0.957534
27	176	1.01408
27	177	1.01615
27	178	1.00937
27	180	1.00613
28	2	0.913428
28	29	0.964712
28	34	0.876525
28	63	0.970874
28	75	0.954335
28	83	1.04609
28	84	1.04723
28	97	1.08218
28	122	1.10272
28	153	0.984127
28	156	1.03845
28	159	1.00719
28	174	1.00606
28	175	1.01356
29	2	0.896264
29	28	0.964712
29	48	1.02632
29	67	0.941228
29	75	0.937172
29	83	1.02892
29	84	1.03007
29	139	1.09926
29	143	1.04647
29	159	0.990023
29	160	0.993275
29	169	1.06866
29	174	0.988899
29	175	0.996394
30	60	0.921495
30	90	1.23789
30	129	0.983737
30	136	0.968122
30	145	0.972501
30	151	0.972009
30	155	1.00496
30	157	0.991588
30	163	0.990434
30	165	1.00146
30	166	0.978438
30	167	0.987258
30	171	1.00724
30	178	0.990316
31	32	0.961356
31	53	0.937801
31	82	0.985739
31	93	0.948865
31	111	1.04511
31	116	1.00738
31	132	0.960101
31	159	1.03553
31	164	1.07233
31	167	0.985071
31	168	0.97648
31	175	1.02367
31	179	0.992095
31	180	1.07585
32	31	0.961356
32	65	0.968776
32	66	0.968776
32	93	0.9389
32	104	1.01281
32	111	1.03514
32	116	0.99742
32	148	0.959585
32	151	1.08387
32	153	1.01908
32	158	1.021
32	167	0.975106
32	173	1.08361
32	179	0.982131
33	89	1.46343
33	95	1.36137
33	122	0.875403
33	130	1.36929
33	134	0.84578
33	143	0.88627
33	154	0.865398
33	156	0.914476
33	170	0.904426
33	173	0.896979
33	176	0.905463
33	177	0.907532
33	178	0.900757
33	180	0.897517
34	2	0.808077
34	28	0.876525
34	39	0.869395
34	48	0.938127
34	63	0.865523
34	75	0.848984
34	83	0.940735
34	84	0.941881
34	159	0.901835
34	168	1.39462
34	169	1.43025
34	174	0.900712
34	175	0.908207
34	179	1.38083
35	76	1.01579
35	95	1.00211
35	115	1.10219
35	147	0.973729
35	158	0.99739
35	160	0.995624
35	164	0.975323
35	167	1.0721
35	169	0.962331
35	170	0.981296
35	172	0.977888
35	177	0.984403
35	178	0.977627
35	180	0.974388
36	69	0.943344
36	72	1.08128
36	94	0.993827
36	98	0.969979
36	113	0.963589
36	117	0.995541
36	119	0.982186
36	134	1.15026
36	152	0.975718
36	167	0.978964
36	169	1.01267
36	174	0.994679
36	175	1.00217
36	179	0.963254
37	26	0.940946
37	43	0.936377
37	56	0.922301
37	92	1.01675
37	96	1.11072
37	114	0.96937
37	128	0.984609
37	130	1.00874
37	131	0.984609
37	133	1.01504
37	159	1.06078
37	161	1.09316
37	168	0.9779
37	171	0.984306
38	6	0.946465
38	92	1.0076
38	100	0.966856
38	109	1.07483
38	114	0.960219
38	115	0.959685
38	128	0.975458
38	130	0.999585
38	131	0.975458
38	133	1.00589
38	152	0.974093
38	162	1.08017
38	164	1.10415
38	171	0.975155
39	1	0.990896
39	34	0.869395
39	125	1.06081
39	128	0.981337
39	131	0.981337
39	133	1.01177
39	144	1.05482
39	163	1.08803
39	174	0.998934
39	175	1.00643
39	176	0.990344
39	177	0.992414
39	178	0.985639
39	180	0.982399
40	19	1.02032
40	47	0.926492
40	57	0.999389
40	94	0.992975
40	98	0.969127
40	113	0.962736
40	117	0.994688
40	119	0.981333
40	123	1.04998
40	134	1.16121
40	167	0.978112
40	174	0.993826
40	175	1.00132
40	179	0.974195
41	45	0.983901
41	46	1.10277
41	58	1.05848
41	68	1.0991
41	85	1.01941
41	86	1.09205
41	89	1.01941
41	95	1.04478
41	122	0.973513
41	148	1.03339
41	158	0.856847
41	171	1.04672
41	173	0.919451
41	175	0.859788
41	177	0.899687
42	135	0.858273
42	145	0.933595
42	156	1.06268
42	157	0.925035
42	158	1.06873
42	161	1.04906
42	162	1.04311
42	165	0.894498
42	169	1.03367
42	172	1.04922
42	173	1.04518
42	174	0.879508
42	176	1.05367
42	178	1.04896
42	180	1.04572
43	37	0.936377
43	70	1.00358
43	73	0.930046
43	92	0.978966
43	112	1.11311
43	114	0.931586
43	115	0.931052
43	128	0.946826
43	130	0.970953
43	131	0.946826
43	133	0.97726
43	171	0.946523
43	173	1.15388
43	175	1.09422
43	180	1.1464
44	1	1.00662
44	9	1.19049
44	60	0.884869
44	90	1.26348
44	132	1.05074
44	145	0.935875
44	149	0.961338
44	150	0.961198
44	155	0.968339
44	157	0.954962
44	163	0.953808
44	165	0.964836
44	166	0.941812
44	168	1.00088
44	174	0.966347
45	5	0.992738
45	6	1.08807
45	23	0.954713
45	41	0.983901
45	46	0.987672
45	68	0.984009
45	85	0.904312
45	86	0.976954
45	88	1.06227
45	89	0.904312
45	95	0.929686
45	103	1.11413
45	124	0.950075
45	161	1.24135
45	171	0.931629
46	6	0.8007
46	41	1.10277
46	45	0.987672
46	58	1.06225
46	85	1.02318
46	86	1.09582
46	89	1.02318
46	95	1.04855
46	104	0.915807
46	124	1.06894
46	148	1.03716
46	158	0.906791
46	159	0.921593
46	171	1.05049
46	179	0.959153
47	40	0.926492
47	57	0.968479
47	59	0.975115
47	80	0.950282
47	94	0.962064
47	98	0.938216
47	103	1.00959
47	113	0.931826
47	117	0.963778
47	119	0.950423
47	122	1.20629
47	137	1.14685
47	174	0.962916
47	175	0.970411
47	180	1.14475
48	8	1.09845
48	17	1.08187
48	29	1.02632
48	34	0.938127
48	67	1.01999
48	75	1.01594
48	83	1.10769
48	142	0.913665
48	159	1.06879
48	168	0.897453
48	169	0.933078
48	174	1.06767
48	175	1.07516
48	176	0.881708
48	179	0.883665
49	7	1.26168
49	54	0.992187
49	59	0.970673
49	80	0.94584
49	94	0.957622
49	98	0.933774
49	112	1.08737
49	113	0.927384
49	117	0.959336
49	119	0.945981
49	153	1.06362
49	162	1.09315
49	167	0.94276
49	174	0.958474
49	175	0.965969
50	68	0.807642
50	89	0.915784
50	126	0.915131
50	146	0.920968
50	157	0.931069
50	161	1.05093
50	162	1.04498
50	169	1.03554
50	170	1.0545
50	173	1.04705
50	176	1.05554
50	177	1.05761
50	178	1.05083
50	179	1.05544
50	180	1.04759
51	19	0.927366
51	99	0.924599
51	120	1.0339
51	135	1.06907
51	141	1.04268
51	145	1.03276
51	146	1.04716
51	150	1.05809
51	155	1.06523
51	163	1.0507
51	165	1.06172
51	166	1.0387
51	172	0.892316
51	173	0.891483
51	177	0.871719
52	53	1.19546
52	113	0.935144
52	115	1.08594
52	119	0.953741
52	131	1.07921
52	148	1.13202
52	157	0.95485
52	164	0.950635
52	165	0.964723
52	166	0.941699
52	170	0.956608
52	174	0.966234
52	175	0.973729
52	178	0.952939
52	180	0.949699
53	31	0.937801
53	52	1.19546
53	65	0.945221
53	66	0.945221
53	93	0.915345
53	104	0.989254
53	111	1.01159
53	116	0.973865
53	122	0.928617
53	147	1.13702
53	167	0.951552
53	168	0.94296
53	172	1.11681
53	175	1.05631
53	179	0.958576
54	49	0.992187
54	57	1.06953
54	80	1.05133
54	94	1.06311
54	98	1.03926
54	103	0.801649
54	113	1.03287
54	117	1.06482
54	119	1.05147
54	156	0.934087
54	159	0.896486
54	172	0.945121
54	174	1.06396
54	175	1.07146
54	176	0.932089
55	24	0.962997
55	71	0.999108
55	79	1.261
55	112	1.0548
55	127	0.936761
55	141	0.939827
55	146	0.944305
55	155	0.962372
55	163	0.947842
55	165	0.95887
55	166	0.935846
55	172	1.09641
55	173	1.09557
55	174	0.960381
55	179	0.95169
56	37	0.922301
56	62	0.959045
56	73	0.91597
56	99	1.23192
56	100	0.924148
56	114	0.917511
56	115	0.916977
56	128	0.93275
56	130	0.956877
56	131	0.93275
56	133	0.963185
56	159	1.15101
56	168	0.926041
56	169	1.23798
56	171	0.932447
56	176	1.18661
57	40	0.999389
57	47	0.968479
57	54	1.06953
57	69	0.984478
57	80	1.02318
57	98	1.01111
57	109	0.909522
57	113	1.00472
57	117	1.03667
57	119	1.02332
57	137	0.944469
57	151	0.950109
57	154	1.0629
57	174	1.03581
57	175	1.04331
57	180	0.942369
58	20	0.919435
58	27	0.930843
58	41	1.05848
58	46	1.06225
58	68	1.05858
58	85	0.978886
58	86	1.05153
58	89	0.978886
58	95	1.00426
58	124	1.02465
58	132	0.983418
58	148	0.992866
58	154	1.06455
58	171	1.0062
58	173	0.951506
58	176	0.939307
59	47	0.975115
59	49	0.970673
59	69	0.991114
59	94	1.0416
59	98	1.01775
59	113	1.01136
59	117	1.04331
59	119	1.02996
59	140	0.924487
59	159	0.932888
59	161	0.965268
59	167	1.02673
59	171	1.01618
59	174	1.04245
59	175	1.04994
59	179	0.970447
60	26	1.10518
60	30	0.921495
60	44	0.884869
60	76	0.959008
60	91	1.18668
60	145	0.9183
60	149	0.943763
60	150	0.943624
60	155	0.950764
60	157	0.937388
60	163	0.936233
60	165	0.947262
60	166	0.924238
60	167	0.933058
60	176	1.26062
60	177	1.25306
61	68	0.868851
61	73	1.09812
61	91	1.0441
61	92	0.930194
61	102	1.05309
61	125	0.94674
61	134	0.967038
61	139	0.984435
61	143	1.00753
61	164	1.01971
61	172	1.02228
61	173	1.01824
61	174	0.94675
61	175	1.0428
61	178	1.02201
61	180	1.01877
62	21	1.03357
62	25	1.02833
62	56	0.959045
62	100	1.01275
62	114	1.00611
62	115	1.00558
62	128	1.02135
62	130	1.04548
62	131	1.02135
62	133	1.05179
62	159	0.940888
62	162	0.953702
62	168	1.01464
62	175	0.929027
62	178	1.00726
62	179	0.978448
63	8	1.02585
63	13	1.03213
63	17	1.00927
63	28	0.970874
63	34	0.865523
63	75	0.943333
63	83	1.03508
63	84	1.03623
63	88	0.884194
63	109	0.987914
63	147	1.09973
63	153	1.01416
63	159	0.996185
63	162	1.0437
63	164	1.06768
63	174	0.995061
63	175	1.00256
64	2	1.25132
64	8	0.857373
64	65	0.970016
64	92	0.933307
64	106	1.08202
64	118	1.00439
64	134	0.940099
64	154	0.959716
64	156	1.0088
64	160	1.01307
64	170	0.998745
64	172	0.995337
64	173	0.991297
64	176	0.999782
64	177	1.00185
64	178	0.995076
64	180	0.991836
65	7	1.13189
65	32	0.968776
65	53	0.945221
65	64	0.970016
65	66	0.986161
65	82	0.993159
65	93	0.956285
65	104	1.03019
65	111	1.05253
65	116	1.0148
65	142	1.01811
65	148	0.976969
65	164	0.987343
65	167	0.992491
65	168	0.9839
65	173	0.99835
65	179	0.999515
66	32	0.968776
66	53	0.945221
66	65	0.986161
66	82	0.993159
66	93	0.956285
66	104	1.03019
66	111	1.05253
66	116	1.0148
66	148	0.976969
66	167	0.992491
66	168	0.9839
66	170	1.02449
66	171	1.06117
66	175	0.96601
66	176	1.01347
66	178	1.04424
66	179	0.999515
67	8	1.01336
67	12	0.909548
67	13	1.01965
67	17	0.996783
67	29	0.941228
67	48	1.01999
67	75	0.930851
67	83	1.0226
67	84	1.02375
67	109	0.975431
67	122	1.07901
67	132	1.07835
67	159	0.983702
67	172	1.02578
67	174	0.982578
67	175	0.990073
67	179	1.01471
68	5	1.10794
68	23	1.06992
68	41	1.0991
68	45	0.984009
68	50	0.807642
68	58	1.05858
68	61	0.868851
68	85	1.01951
68	86	1.09216
68	89	1.01951
68	95	1.04489
68	132	1.02405
68	138	0.914764
68	148	1.03349
68	154	1.01335
68	168	0.903844
68	170	0.899114
68	171	1.04683
69	7	1.2004
69	36	0.943344
69	57	0.984478
69	59	0.991114
69	80	0.966281
69	94	0.978063
69	98	0.954215
69	108	1.0176
69	113	0.947825
69	117	0.979777
69	119	0.966422
69	152	0.959954
69	160	1.03065
69	167	0.963201
69	171	1.10236
69	174	0.978915
69	175	0.98641
69	179	1.05662
70	43	1.00358
70	88	0.725602
70	92	1.08396
70	100	1.04321
70	114	1.03658
70	115	1.03604
70	128	1.05182
70	130	1.07594
70	131	1.05182
70	132	0.973499
70	133	1.08225
70	139	0.989865
70	148	1.03818
70	161	0.904675
70	168	1.04511
70	171	1.05151
70	176	0.907898
70	179	0.909855
71	55	0.999108
71	78	1.07109
71	99	0.959157
71	103	0.783402
71	127	1.04536
71	136	1.03413
71	144	1.03617
71	149	1.06397
71	155	1.07097
71	157	1.05759
71	162	0.891052
71	163	1.05644
71	165	1.06747
71	166	1.04444
71	167	1.05326
71	172	0.926874
71	177	0.906276
71	178	0.944608
72	36	1.08128
72	76	1.02785
72	79	0.914911
72	94	1.08413
72	102	1.00823
72	104	1.06029
72	123	0.945403
72	134	0.922185
72	138	0.984613
72	143	0.962674
72	145	1.14007
72	156	0.990881
72	170	0.98083
72	173	0.973383
72	176	0.981867
72	177	0.983936
72	178	0.977161
72	180	0.973921
73	43	0.930046
73	56	0.91597
73	61	1.09812
73	100	0.969676
73	103	0.986924
73	114	0.963038
73	115	0.962504
73	128	0.978278
73	130	1.00241
73	131	0.978278
73	133	1.00871
73	148	0.964638
73	152	0.976913
73	159	1.08176
73	164	1.11856
73	168	0.971568
73	171	0.977975
73	180	1.12208
74	25	0.936023
74	84	0.779567
74	89	0.905764
74	119	0.910501
74	140	1.05719
74	143	1.03479
74	145	0.929608
74	149	0.929619
74	153	1.07036
74	156	1.06299
74	162	1.04342
74	169	1.03398
74	170	1.05294
74	172	1.04954
74	173	1.0455
74	176	1.05398
74	178	1.04928
74	180	1.04604
75	13	1.01559
75	28	0.954335
75	29	0.937172
75	34	0.848984
75	48	1.01594
75	63	0.943333
75	67	0.930851
75	83	1.01855
75	84	1.01969
75	109	0.971375
75	132	1.13064
75	139	1.14701
75	140	1.02104
75	159	0.979646
75	160	1.04103
75	174	0.978522
75	175	0.986017
75	180	1.06976
76	35	1.01579
76	60	0.959008
76	72	1.02785
76	78	1.0426
76	109	1.03334
76	125	1.04394
76	126	1.03003
76	129	1.02125
76	138	0.934533
76	141	1.01993
76	145	1.01001
76	146	1.02441
76	155	1.04248
76	156	0.909865
76	157	1.0291
76	163	1.02795
76	166	1.01595
76	169	0.959238
76	175	0.860403
77	78	0.885982
77	101	0.990286
77	103	1.04336
77	111	1.07094
77	116	1.03322
77	128	1.00902
77	130	1.03315
77	131	1.00902
77	133	1.03946
77	136	0.984433
77	137	1.02485
77	154	0.977964
77	155	0.898385
77	157	0.941069
77	166	0.988418
77	167	1.0109
77	177	1.0201
77	179	1.01793
77	180	1.01008
78	24	1.03498
78	71	1.07109
78	76	1.0426
78	77	0.885982
78	91	0.882493
78	121	0.993983
78	126	1.02191
78	127	1.00875
78	142	0.988395
78	144	0.999558
78	145	1.00189
78	155	1.03436
78	163	1.01983
78	165	1.03085
78	166	1.00783
78	171	1.00413
78	174	1.03237
78	178	0.987204
78	180	0.961157
79	55	1.261
79	72	0.914911
79	90	0.860823
79	105	0.911062
79	114	1.19062
79	147	0.937511
79	152	1.16228
79	153	0.962492
79	154	0.90605
79	158	0.961172
79	160	0.959406
79	161	0.941505
79	166	1.2365
79	167	1.1418
79	169	0.926112
79	170	0.945078
79	176	0.946115
79	177	0.948184
79	178	0.941409
79	180	0.938169
80	47	0.950282
80	49	0.94584
80	54	1.05133
80	57	1.02318
80	69	0.966281
80	94	1.01676
80	96	1.01331
80	98	0.992916
80	113	0.986526
80	117	1.01848
80	119	1.00512
80	152	0.998655
80	160	0.974967
80	167	1.0019
80	172	1.01201
80	173	1.01118
80	174	1.01762
80	175	1.02511
80	176	0.998981
80	179	1.00094
81	85	0.96792
81	86	1.04056
81	89	0.96792
81	93	0.961216
81	95	0.993294
81	104	1.03512
81	105	1.05724
81	116	1.01974
81	138	0.982929
81	139	1.03823
81	141	0.992583
81	150	1.00799
81	156	0.958261
81	157	1.00175
81	163	1.0006
81	165	1.01163
81	169	1.00763
81	170	0.967278
81	171	0.995237
81	179	1.00445
82	31	0.985739
82	65	0.993159
82	66	0.993159
82	93	0.963283
82	96	0.99989
82	104	1.03719
82	106	0.949634
82	111	1.05952
82	116	1.0218
82	124	1.01575
82	134	1.15562
82	148	0.983967
82	159	0.931048
82	167	0.999489
82	168	0.990898
82	171	1.01434
82	172	0.979683
82	177	0.959086
82	179	1.00651
82	180	0.97137
83	2	0.977638
83	13	1.10734
83	17	1.08448
83	28	1.04609
83	29	1.02892
83	34	0.940735
83	48	1.10769
83	63	1.03508
83	67	1.0226
83	75	1.01855
83	84	1.11144
83	96	0.912978
83	108	0.861582
83	137	0.905465
83	159	1.0714
83	164	0.899839
83	174	1.07027
83	175	1.07777
83	178	0.929412
83	179	0.900603
83	180	0.903365
84	2	0.978784
84	8	1.10221
84	13	1.10849
84	17	1.08562
84	28	1.04723
84	29	1.03007
84	34	0.941881
84	63	1.03623
84	67	1.02375
84	74	0.779567
84	75	1.01969
84	83	1.11144
84	109	1.06427
84	134	1.05901
84	161	0.866821
84	168	0.885789
84	169	0.921414
84	170	0.881058
84	171	0.917737
84	174	1.07142
84	175	1.07891
85	5	1.02824
85	14	0.899344
85	23	0.990218
85	41	1.01941
85	45	0.904312
85	46	1.02318
85	58	0.978886
85	68	1.01951
85	81	0.96792
85	86	1.01246
85	89	0.939816
85	95	0.965191
85	122	1.0974
85	124	0.98558
85	132	0.944349
85	134	1.2201
85	140	0.987134
85	148	0.953797
85	151	1.0436
85	171	0.967134
85	178	1.0619
86	5	1.10088
86	11	1.11715
86	23	1.06286
86	41	1.09205
86	45	0.976954
86	46	1.09582
86	58	1.05153
86	68	1.09216
86	81	1.04056
86	85	1.01246
86	89	1.01246
86	91	0.795248
86	95	1.03783
86	111	0.805259
86	118	0.890931
86	124	1.05822
86	148	1.02644
86	154	0.99444
86	159	0.833589
86	171	1.03978
86	179	0.871149
87	101	0.964831
87	121	0.954864
87	123	1.12828
87	125	0.9967
87	135	0.999086
87	136	0.958396
87	140	1.00653
87	141	0.972693
87	149	0.988237
87	150	0.988098
87	152	0.974285
87	155	0.995238
87	157	0.981862
87	160	1.02651
87	163	0.980707
87	164	1.05172
87	165	0.991736
87	166	0.968712
87	177	1.04296
87	179	0.984556
87	180	1.05525
88	2	1.08516
88	45	1.06227
88	63	0.884194
88	70	0.725602
88	148	0.858042
88	151	1.03753
88	152	0.802355
88	153	1.06895
88	158	1.06763
88	160	1.06586
88	161	1.04796
88	162	1.04201
88	164	1.04556
88	166	0.876577
88	169	1.03257
88	172	1.04813
88	173	1.04409
88	176	1.05257
88	177	1.05464
88	178	1.04787
88	180	1.04463
89	5	1.02824
89	23	0.990218
89	33	1.46343
89	41	1.01941
89	45	0.904312
89	46	1.02318
89	50	0.915784
89	58	0.978886
89	68	1.01951
89	74	0.905764
89	81	0.96792
89	85	0.939816
89	86	1.01246
89	95	0.965191
89	96	1.01057
89	124	0.98558
89	132	0.944349
89	148	0.953797
89	168	1.01199
89	171	0.967134
89	179	0.998197
90	20	0.940387
90	30	1.23789
90	44	1.26348
90	79	0.860823
90	113	1.28946
90	118	0.932392
90	131	1.26587
90	142	0.918399
90	144	1.23834
90	147	0.919175
90	154	0.887714
90	156	0.936793
90	158	0.942836
90	161	0.92317
90	162	0.917217
90	169	0.907777
90	172	0.923335
90	173	0.919295
90	176	0.927779
90	178	0.923074
90	180	0.919834
91	60	1.18668
91	61	1.0441
91	78	0.882493
91	86	0.795248
91	105	0.995394
91	113	0.937176
91	129	0.925735
91	149	0.946151
91	153	1.04682
91	158	1.0455
91	161	1.02584
91	162	1.01988
91	163	0.919263
91	164	1.02344
91	169	1.01044
91	170	1.02941
91	172	1.026
91	173	1.02196
91	176	1.03045
91	177	1.03252
91	178	1.02574
91	180	1.0225
92	25	1.03418
92	37	1.01675
92	38	1.0076
92	43	0.978966
92	61	0.930194
92	64	0.933307
92	70	1.08396
92	99	0.994757
92	100	1.0186
92	109	0.921313
92	114	1.01196
92	115	1.01142
92	128	1.0272
92	130	1.05133
92	131	1.0272
92	133	1.05763
92	142	0.981398
92	152	1.02583
92	153	0.897114
92	168	1.02049
92	171	1.0269
92	179	0.951398
93	31	0.948865
93	32	0.9389
93	53	0.915345
93	65	0.956285
93	66	0.956285
93	81	0.961216
93	82	0.963283
93	103	1.01088
93	104	1.00032
93	109	1.11319
93	111	1.02265
93	116	0.984929
93	122	0.93968
93	124	0.978876
93	140	1.09731
93	148	0.947093
93	159	1.10571
93	161	1.13809
93	167	0.962615
93	168	0.954024
93	179	0.969639
93	180	1.14603
94	36	0.993827
94	40	0.992975
94	47	0.962064
94	49	0.957622
94	54	1.06311
94	59	1.0416
94	69	0.978063
94	72	1.08413
94	80	1.01676
94	98	1.0047
94	106	0.963829
94	113	0.998308
94	117	1.03026
94	119	1.01691
94	126	0.978038
94	160	0.940131
94	164	0.965339
94	167	1.01368
94	173	0.976345
94	174	1.0294
94	175	1.03689
94	178	0.994912
94	180	0.968864
95	5	1.05362
95	23	1.01559
95	26	1.04476
95	33	1.36137
95	35	1.00211
95	41	1.04478
95	45	0.929686
95	46	1.04855
95	58	1.00426
95	68	1.04489
95	81	0.993294
95	85	0.965191
95	86	1.03783
95	89	0.965191
95	96	0.908513
95	124	1.01095
95	132	0.969723
95	148	0.979171
95	169	0.945551
95	171	0.992508
95	173	0.90638
95	177	0.886616
95	180	0.898899
96	37	1.11072
96	80	1.01331
96	82	0.99989
96	83	0.912978
96	89	1.01057
96	95	0.908513
96	104	1.03692
96	108	1.00759
96	116	1.02154
96	125	1.01839
96	128	1.02358
96	130	0.91643
96	146	0.998861
96	163	1.0024
96	165	1.01343
96	166	0.990402
96	167	0.999222
96	170	1.00531
96	172	1.0019
96	173	0.997863
96	178	1.00164
96	179	1.00625
96	180	0.998401
97	28	1.08218
97	110	1.00952
97	111	0.963491
97	118	0.997981
97	120	1.08517
97	131	1.03326
97	140	0.996577
97	144	1.00573
97	147	0.984764
97	151	0.978324
97	153	1.00975
97	154	0.953303
97	160	1.00666
97	161	0.988759
97	164	0.986358
97	167	1.0099
97	169	0.973366
97	170	0.992331
97	171	0.984058
97	173	0.984884
97	176	0.993368
97	177	0.995438
97	178	0.988662
97	180	0.985423
98	15	0.905018
98	36	0.969979
98	40	0.969127
98	47	0.938216
98	49	0.933774
98	54	1.03926
98	57	1.01111
98	59	1.01775
98	69	0.954215
98	80	0.992916
98	94	1.0047
98	113	0.97446
98	117	1.00641
98	119	0.993057
98	122	1.10509
98	142	1.07079
98	151	1.05129
98	152	0.986589
98	158	0.988427
98	167	0.989836
98	170	1.04985
98	174	1.00555
98	175	1.01305
98	179	1.04079
99	51	0.924599
99	56	1.23192
99	71	0.959157
99	92	0.994757
99	108	0.991802
99	112	0.978743
99	113	1.05644
99	137	0.997379
99	140	0.993767
99	147	0.981954
99	150	0.989291
99	151	0.975514
99	153	1.00694
99	156	0.999572
99	160	1.00385
99	161	0.985948
99	162	0.979996
99	163	1.03852
99	169	0.970556
99	172	0.986113
99	173	0.982074
99	176	0.990558
99	177	0.992628
99	180	0.982613
100	16	1.22822
100	21	0.998672
100	38	0.966856
100	56	0.924148
100	62	1.01275
100	70	1.04321
100	73	0.969676
100	92	1.0186
100	102	0.961976
100	114	0.971216
100	115	0.970682
100	128	0.986455
100	130	1.01058
100	131	0.986455
100	133	1.01689
100	148	0.972816
100	152	0.98509
100	156	1.02164
100	158	0.969236
100	159	0.984038
100	168	0.979746
100	171	0.986153
100	179	1.0216
100	180	1.02436
101	14	0.928949
101	22	1.0048
101	77	0.990286
101	87	0.964831
101	118	1.08248
101	126	0.991378
101	135	1.00767
101	136	0.966985
101	141	0.981281
101	142	1.0927
101	144	0.969028
101	145	0.971363
101	149	0.996826
101	150	0.996686
101	155	1.00383
101	157	0.99045
101	158	1.01034
101	163	0.989296
101	165	1.00032
101	166	0.9773
101	167	0.98612
101	174	1.00183
101	175	1.01328
101	178	1.09151
102	25	0.968834
102	61	1.05309
102	72	1.00823
102	100	0.961976
102	111	0.860097
102	124	0.912527
102	139	0.997153
102	141	0.922856
102	142	1.03006
102	151	1.02439
102	154	0.999374
102	157	0.95386
102	158	1.0545
102	162	1.02888
102	164	1.03243
102	166	1.00121
102	169	1.01944
102	172	1.03499
102	173	1.03095
102	174	0.908332
102	176	1.03944
102	177	1.04151
102	178	1.03473
102	179	1.03934
102	180	1.03149
103	19	1.03849
103	45	1.11413
103	47	1.00959
103	54	0.801649
103	71	0.783402
103	73	0.986924
103	77	1.04336
103	93	1.01088
103	108	1.03965
103	121	0.918508
103	139	0.996122
103	143	1.01921
103	146	0.870985
103	151	1.02336
103	154	0.998342
103	158	1.05346
103	162	1.02784
103	164	1.0314
103	169	1.0184
103	170	1.03737
103	173	1.02992
103	176	1.03841
103	177	1.04048
103	178	1.0337
103	180	1.03046
104	18	0.957312
104	26	0.784864
104	32	1.01281
104	46	0.915807
104	53	0.989254
104	65	1.03019
104	66	1.03019
104	72	1.06029
104	81	1.03512
104	82	1.03719
104	93	1.00032
104	96	1.03692
104	106	0.986668
104	111	1.09656
104	116	1.05884
104	122	1.01359
104	124	1.05278
104	132	1.01155
104	167	1.03652
104	168	1.02793
104	170	0.951321
104	173	0.952505
104	176	0.940306
104	179	1.04355
104	180	0.945025
105	79	0.911062
105	81	1.05724
105	91	0.995394
105	110	1.06477
105	114	1.11396
105	129	1.10065
105	135	1.04574
105	137	0.984839
105	139	0.935733
105	140	0.981227
105	144	1.06098
105	150	1.04495
105	151	0.962974
105	156	0.987032
105	158	0.993075
105	160	0.99131
105	161	0.973409
105	169	0.958016
105	170	0.976982
105	173	0.969535
105	176	0.978019
105	177	0.980088
105	178	0.973313
105	179	0.977918
105	180	0.970073
106	20	1.07828
106	64	1.08202
106	82	0.949634
106	94	0.963829
106	104	0.986668
106	108	1.06109
106	111	1.009
106	113	0.93359
106	116	0.97128
106	117	0.965542
106	119	0.952187
106	121	0.926298
106	126	0.954223
106	129	0.945445
106	139	1.18012
106	151	1.11061
106	154	1.2234
106	155	0.966672
106	157	0.953296
106	160	1.07414
106	166	0.940146
106	167	0.948966
106	168	0.940375
106	174	0.96468
106	175	0.972175
106	179	0.95599
107	110	1.12116
107	111	1.07513
107	118	0.967255
107	132	0.930547
107	133	1.08794
107	138	0.965388
107	144	1.11737
107	153	0.979019
107	154	0.922577
107	155	1.12621
107	156	0.971655
107	160	0.975933
107	161	0.958032
107	164	0.955632
107	165	1.13836
107	167	1.12154
107	168	0.946926
107	169	0.942639
107	171	0.953332
107	172	0.958197
107	173	0.954158
107	175	0.978726
107	176	0.962642
107	177	0.964711
107	178	0.957936
107	180	0.954696
108	6	1.0574
108	23	0.938287
108	69	1.0176
108	83	0.861582
108	96	1.00759
108	99	0.991802
108	103	1.03965
108	106	1.06109
108	112	1.0025
108	114	0.975926
108	123	0.977851
108	128	0.972184
108	137	1.02114
108	142	1.00494
108	158	1.02937
108	162	1.00375
108	164	1.00731
108	165	0.943924
108	166	1.02181
108	169	0.994313
108	172	1.00987
108	173	1.00583
108	176	1.01432
108	177	1.01639
108	178	1.00961
108	180	1.00637
109	38	1.07483
109	57	0.909522
109	63	0.987914
109	67	0.975431
109	75	0.971375
109	76	1.03334
109	84	1.06427
109	92	0.921313
109	93	1.11319
109	111	0.889634
109	116	0.930698
109	119	0.972849
109	128	0.98112
109	144	0.990296
109	150	1.01795
109	155	1.02509
109	165	1.02159
109	166	0.998568
109	170	1.01348
109	172	1.01007
109	173	1.00603
109	174	1.0231
109	175	1.0306
109	176	1.01451
109	178	1.00981
109	180	1.00657
110	1	1.04616
110	97	1.00952
110	105	1.06477
110	107	1.12116
110	120	0.976552
110	123	1.04154
110	125	1.00934
110	126	0.995433
110	129	0.986655
110	135	1.01173
110	136	0.97104
110	141	0.985337
110	143	0.992967
110	144	0.973083
110	145	0.975419
110	146	0.989815
110	149	1.00088
110	150	1.00074
110	157	0.994506
110	159	1.00701
110	163	0.993351
110	165	1.00438
110	166	0.981356
110	175	0.916327
110	178	0.994558
110	179	0.9972
110	180	0.96851
111	18	0.934768
111	26	0.76232
111	31	1.04511
111	32	1.03514
111	53	1.01159
111	65	1.05253
111	66	1.05253
111	77	1.07094
111	82	1.05952
111	86	0.805259
111	93	1.02265
111	97	0.963491
111	102	0.860097
111	104	1.09656
111	106	1.009
111	107	1.07513
111	109	0.889634
111	116	1.08117
111	122	1.03592
111	124	1.07512
111	132	1.03389
111	148	1.04334
111	159	0.882159
111	167	1.05886
111	168	1.05027
111	172	0.930795
111	179	1.06588
112	22	0.946383
112	43	1.11311
112	49	1.08737
112	55	1.0548
112	99	0.978743
112	108	1.0025
112	127	0.972603
112	134	0.941574
112	136	1.02631
112	142	0.991876
112	151	0.986211
112	152	0.956075
112	153	1.01763
112	158	1.01631
112	160	1.01455
112	161	0.996646
112	162	0.990693
112	164	0.994246
112	167	0.935595
112	169	0.981254
112	170	1.00022
112	171	0.991946
112	176	1.00126
112	177	1.00333
112	178	0.99655
112	179	1.00116
112	180	0.99331
113	26	1.03351
113	36	0.963589
113	40	0.962736
113	47	0.931826
113	49	0.927384
113	52	0.935144
113	54	1.03287
113	57	1.00472
113	59	1.01136
113	69	0.947825
113	80	0.986526
113	90	1.28946
113	91	0.937176
113	94	0.998308
113	98	0.97446
113	99	1.05644
113	106	0.93359
113	117	1.00002
113	119	0.986667
113	131	1.01695
113	139	1.09309
113	152	0.980199
113	159	0.975518
113	167	0.983445
113	172	1.02415
113	174	0.99916
113	175	1.00665
113	179	1.01308
114	21	0.992035
114	25	0.986796
114	37	0.96937
114	38	0.960219
114	43	0.931586
114	56	0.917511
114	62	1.00611
114	70	1.03658
114	73	0.963038
114	79	1.19062
114	92	1.01196
114	100	0.971216
114	105	1.11396
114	108	0.975926
114	115	0.964045
114	124	0.997961
114	128	0.979818
114	130	1.00395
114	131	0.979818
114	133	1.01025
114	142	1.04495
114	143	1.04217
114	148	0.966178
114	152	0.978453
114	156	1.01499
114	158	0.962585
114	168	0.973109
114	169	1.06436
115	21	0.991501
115	25	0.986262
115	35	1.10219
115	38	0.959685
115	43	0.931052
115	52	1.08594
115	56	0.916977
115	62	1.00558
115	70	1.03604
115	73	0.962504
115	92	1.01142
115	100	0.970682
115	114	0.964045
115	124	0.997427
115	128	0.979284
115	130	1.00341
115	131	0.979284
115	132	1.05986
115	133	1.00972
115	148	0.965644
115	152	0.977919
115	154	1.11951
115	164	0.995455
115	168	0.972575
115	169	1.04563
115	171	0.978981
115	173	1.00646
115	179	0.996219
116	31	1.00738
116	32	0.99742
116	53	0.973865
116	65	1.0148
116	66	1.0148
116	77	1.03322
116	81	1.01974
116	82	1.0218
116	93	0.984929
116	96	1.02154
116	104	1.05884
116	106	0.97128
116	109	0.930698
116	111	1.08117
116	118	0.980565
116	122	0.9982
116	124	1.0374
116	132	0.996165
116	137	0.965646
116	148	1.00561
116	156	0.960824
116	164	0.960019
116	167	1.02114
116	168	1.01254
116	170	0.969841
116	171	1.00652
116	177	0.951261
116	178	0.989592
116	179	1.02816
117	4	1.06001
117	19	1.01222
117	26	1.06546
117	36	0.995541
117	40	0.994688
117	47	0.963778
117	49	0.959336
117	54	1.06482
117	57	1.03667
117	59	1.04331
117	69	0.979777
117	80	1.01848
117	94	1.03026
117	98	1.00641
117	106	0.965542
117	113	1.00002
117	119	1.01862
117	152	1.01215
117	159	0.928531
117	160	0.940119
117	167	1.0154
117	170	0.975148
117	172	0.977166
117	174	1.03111
117	175	1.03861
117	176	0.964134
117	177	0.956569
117	178	0.9949
117	179	0.966091
118	64	1.00439
118	86	0.890931
118	90	0.932392
118	97	0.997981
118	101	1.08248
118	107	0.967255
118	116	0.980565
118	123	0.98122
118	134	0.958002
118	135	0.966501
118	137	1.02451
118	138	1.02043
118	139	0.975399
118	146	1.02316
118	148	1.06208
118	151	1.00264
118	152	1.00639
118	154	0.977619
118	155	0.990579
118	156	1.0267
118	160	1.03098
118	161	1.01307
118	162	1.00712
118	164	1.01067
118	167	0.985911
118	172	1.01324
118	173	1.0092
118	176	1.01768
118	177	1.01975
118	180	1.00974
119	4	1.04666
119	26	1.05211
119	36	0.982186
119	40	0.981333
119	47	0.950423
119	49	0.945981
119	52	0.953741
119	54	1.05147
119	57	1.02332
119	59	1.02996
119	69	0.966422
119	74	0.910501
119	80	1.00512
119	94	1.01691
119	98	0.993057
119	106	0.952187
119	109	0.972849
119	113	0.986667
119	117	1.01862
119	122	1.06724
119	123	1.07872
119	152	0.998796
119	155	0.988122
119	161	0.997754
119	162	0.978188
119	167	1.00204
119	173	1.01318
119	174	1.01776
119	175	1.02525
119	179	1.00293
120	4	0.930921
120	10	0.920568
120	51	1.0339
120	97	1.08517
120	110	0.976552
120	121	0.962529
120	125	1.00437
120	127	0.977292
120	135	1.00675
120	136	0.966061
120	143	1.06861
120	144	0.968104
120	145	0.97044
120	146	0.984836
120	149	0.995902
120	150	0.995763
120	153	0.987111
120	155	1.0029
120	157	0.989527
120	159	1.00203
120	162	1.01665
120	163	0.988372
120	165	0.999401
120	166	0.976377
120	167	0.985197
120	168	1.05518
120	170	1.05045
120	171	1.08713
120	174	1.00091
120	177	1.03187
120	179	0.992221
121	9	1.2543
121	10	0.911524
121	15	0.915134
121	22	0.994828
121	24	0.994484
121	78	0.993983
121	87	0.954864
121	103	0.918508
121	106	0.926298
121	120	0.962529
121	125	0.995321
121	126	0.98141
121	127	0.968248
121	129	0.972632
121	134	1.23791
121	135	0.997707
121	136	0.957017
121	140	1.00494
121	144	0.95906
121	146	0.975792
121	149	0.986858
121	152	0.972906
121	155	0.993859
121	157	0.980483
121	163	0.979328
121	165	0.990357
121	166	0.967333
121	168	1.06469
121	169	1.10032
121	172	1.06198
121	179	0.983177
121	180	1.05367
122	28	1.10272
122	33	0.875403
122	41	0.973513
122	47	1.20629
122	53	0.928617
122	67	1.07901
122	85	1.0974
122	93	0.93968
122	98	1.10509
122	104	1.01359
122	111	1.03592
122	116	0.9982
122	119	1.06724
122	127	0.967981
122	129	0.972365
122	130	0.96836
122	133	0.996835
122	136	0.95675
122	142	0.973631
122	145	0.961129
122	149	0.986591
122	153	0.999388
122	159	0.992724
122	163	0.979061
122	164	0.976002
122	165	0.99009
122	166	0.967066
122	168	0.967295
122	170	0.981975
122	172	0.978566
122	179	0.98291
122	180	0.975066
123	4	1.0141
123	40	1.04998
123	72	0.945403
123	87	1.12828
123	108	0.977851
123	110	1.04154
123	118	0.98122
123	119	1.07872
123	128	1.08699
123	137	0.983428
123	138	0.979353
123	143	0.957414
123	145	1.09783
123	150	1.02172
123	153	0.992984
123	154	0.936542
123	158	0.991664
123	160	0.989898
123	161	0.971997
123	162	0.966044
123	167	1.04192
123	169	0.956604
123	170	0.97557
123	171	0.967297
123	172	0.972162
123	173	0.968123
123	174	1.04374
123	176	0.976607
123	177	0.978676
123	178	0.971901
123	179	0.976506
123	180	0.968661
124	45	0.950075
124	46	1.06894
124	58	1.02465
124	82	1.01575
124	85	0.98558
124	86	1.05822
124	89	0.98558
124	93	0.978876
124	95	1.01095
124	102	0.912527
124	104	1.05278
124	111	1.07512
124	114	0.997961
124	115	0.997427
124	116	1.0374
124	125	0.954484
124	128	1.0132
124	130	1.03733
124	131	1.0132
124	133	1.04363
124	143	0.999368
124	152	1.01184
124	153	0.917865
124	161	0.96697
124	165	0.969484
124	168	1.00649
124	170	0.981207
124	171	1.0129
124	176	0.970193
124	177	0.962627
124	179	1.02211
124	180	0.974911
125	4	0.85747
125	20	0.946116
125	39	1.06081
125	61	0.94674
125	76	1.04394
125	87	0.9967
125	96	1.01839
125	110	1.00934
125	120	1.00437
125	121	0.995321
125	124	0.954484
125	126	1.02325
125	129	1.01447
125	135	1.03954
125	136	0.998854
125	141	1.01315
125	144	1.0009
125	145	1.00323
125	146	1.01763
125	147	0.999227
125	149	1.02869
125	150	1.02856
125	152	1.01474
125	155	1.0357
125	157	1.02232
125	165	1.03219
125	174	1.0337
125	175	0.918524
125	177	0.958422
125	178	0.996754
125	179	1.02501
125	180	0.970706
126	50	0.915131
126	76	1.03003
126	78	1.02191
126	94	0.978038
126	101	0.991378
126	106	0.954223
126	110	0.995433
126	121	0.98141
126	125	1.02325
126	127	0.996173
126	129	1.00056
126	135	1.02563
126	141	0.999239
126	143	1.02476
126	144	0.986986
126	145	0.989321
126	146	1.00372
126	147	1.02883
126	149	1.01478
126	155	1.02178
126	156	0.997586
126	157	1.00841
126	163	1.00725
126	164	0.996781
126	165	1.01828
126	166	0.995258
126	167	1.00408
126	168	1.01133
126	174	1.01979
126	175	0.948124
126	177	0.988023
126	178	1.02635
126	179	1.0111
127	1	1.0469
127	4	0.892663
127	10	0.926287
127	11	1.24914
127	18	1.01819
127	24	1.00925
127	27	0.992717
127	55	0.936761
127	71	1.04536
127	78	1.00875
127	112	0.972603
127	120	0.977292
127	121	0.968248
127	122	0.967981
127	126	0.996173
127	129	0.987395
127	135	1.01247
127	136	0.97178
127	141	0.986077
127	144	0.973823
127	146	0.990555
127	149	1.00162
127	150	1.00148
127	154	1.12643
127	155	1.00862
127	157	0.995246
127	162	0.978391
127	163	0.994091
127	165	1.00512
127	166	0.982096
127	174	1.00663
127	175	0.953717
127	177	0.993615
127	178	1.03195
128	7	0.92534
128	21	1.00727
128	25	1.00204
128	37	0.984609
128	38	0.975458
128	39	0.981337
128	43	0.946826
128	56	0.93275
128	62	1.02135
128	70	1.05182
128	73	0.978278
128	77	1.00902
128	92	1.0272
128	96	1.02358
128	100	0.986455
128	108	0.972184
128	109	0.98112
128	114	0.979818
128	115	0.979284
128	123	1.08699
128	124	1.0132
128	130	1.01918
128	131	0.995057
128	133	1.02549
128	148	0.981417
128	152	0.993692
128	153	0.956921
128	154	1.1345
128	164	1.01044
128	168	0.988348
128	171	0.994754
128	172	1.02228
128	176	1.00925
128	180	1.01397
129	7	0.923701
129	22	1.01398
129	30	0.983737
129	76	1.02125
129	91	0.925735
129	105	1.10065
129	106	0.945445
129	110	0.986655
129	121	0.972632
129	122	0.972365
129	125	1.01447
129	126	1.00056
129	127	0.987395
129	134	1.18865
129	135	1.01685
129	136	0.976164
129	137	1.0065
129	144	0.978208
129	145	0.980543
129	146	0.99494
129	149	1.00601
129	150	1.00587
129	151	1.01214
129	153	0.947352
129	155	1.01301
129	157	0.99963
129	159	1.01214
129	160	0.975665
129	163	0.998476
129	165	1.0095
129	166	0.98648
129	168	1.01542
129	172	1.01271
129	178	1.03045
130	21	1.0314
130	25	1.02616
130	33	1.36929
130	37	1.00874
130	38	0.999585
130	43	0.970953
130	56	0.956877
130	62	1.04548
130	70	1.07594
130	73	1.00241
130	77	1.03315
130	92	1.05133
130	96	0.91643
130	100	1.01058
130	114	1.00395
130	115	1.00341
130	122	0.96836
130	124	1.03733
130	128	1.01918
130	131	1.01918
130	133	1.04962
130	142	0.934055
130	148	1.00554
130	152	1.01782
130	156	0.904096
130	168	1.01248
130	169	0.953469
130	171	1.01888
130	175	0.854634
130	176	0.902098
130	179	0.904055
130	180	0.906817
131	7	0.92534
131	14	0.855737
131	21	1.00727
131	25	1.00204
131	37	0.984609
131	38	0.975458
131	39	0.981337
131	43	0.946826
131	52	1.07921
131	56	0.93275
131	62	1.02135
131	70	1.05182
131	73	0.978278
131	77	1.00902
131	90	1.26587
131	92	1.0272
131	97	1.03326
131	100	0.986455
131	113	1.01695
131	114	0.979818
131	115	0.979284
131	124	1.0132
131	128	0.995057
131	130	1.01918
131	132	1.05313
131	133	1.02549
131	148	0.981417
131	152	0.993692
131	156	0.989528
131	158	0.937125
131	168	0.988348
131	170	0.998545
131	171	0.994754
131	177	0.979965
132	5	1.03278
132	23	0.99475
132	31	0.960101
132	44	1.05074
132	58	0.983418
132	67	1.07835
132	68	1.02405
132	70	0.973499
132	75	1.13064
132	85	0.944349
132	89	0.944349
132	95	0.969723
132	104	1.01155
132	107	0.930547
132	111	1.03389
132	115	1.05986
132	116	0.996165
132	131	1.05313
132	141	1.04612
132	148	0.95833
132	150	1.00958
132	151	0.965932
132	153	0.997353
132	163	1.05881
132	167	0.973851
132	168	0.96526
132	169	0.960974
132	171	0.971667
132	172	0.976532
132	173	0.972492
132	174	1.0316
132	175	0.997061
132	176	0.980977
132	179	0.980876
132	180	0.973031
133	7	0.955775
133	21	1.03771
133	25	1.03247
133	37	1.01504
133	38	1.00589
133	39	1.01177
133	43	0.97726
133	56	0.963185
133	62	1.05179
133	70	1.08225
133	73	1.00871
133	77	1.03946
133	92	1.05763
133	100	1.01689
133	107	1.08794
133	114	1.01025
133	115	1.00972
133	122	0.996835
133	124	1.04363
133	128	1.02549
133	130	1.04962
133	131	1.02549
133	140	0.886569
133	145	0.968961
133	147	0.963813
133	148	1.01185
133	151	0.943032
133	152	1.02413
133	159	0.89497
133	164	0.931766
133	168	1.01878
133	171	1.02519
133	173	0.942772
