1	112	1.15804
1	127	1.18932
1	132	1.20911
1	133	1.20909
1	140	1.20363
1	142	1.23113
1	144	1.19083
1	149	1.21923
1	151	0.600279
1	152	0.784751
1	167	0.74309
1	178	0.656013
2	22	0.910315
2	54	1.15044
2	74	1.15084
2	79	1.12629
2	125	0.820019
2	153	1.12989
2	161	1.17011
2	162	0.742916
2	167	1.05993
2	172	0.915789
2	178	1.08716
3	13	1.02389
3	22	0.883552
3	54	1.12367
3	65	0.970052
3	74	1.12407
3	79	1.09952
3	153	1.10313
3	160	0.839579
3	161	1.14335
3	166	0.881193
3	167	1.03317
3	178	1.0604
4	58	0.78599
4	100	1.23223
4	109	1.23352
4	111	1.1516
4	122	1.21422
4	160	1.22057
4	161	1.25935
4	165	0.635649
4	166	0.58607
4	172	1.11239
4	173	0.764246
4	178	1.1764
5	22	1.01032
5	54	1.25044
5	74	1.25084
5	79	1.22629
5	102	0.58463
5	150	0.673984
5	153	1.22989
5	161	1.27011
5	167	1.15993
5	174	0.692985
5	178	1.18716
5	179	0.824626
6	10	1.21467
6	54	1.0421
6	154	0.952223
6	157	0.930233
6	159	1.02321
6	163	0.973365
6	164	0.951327
6	166	1.01469
6	171	1.02442
6	175	0.878873
6	177	0.905807
6	179	0.911517
7	83	1.19562
7	100	1.25703
7	104	1.23076
7	111	1.1764
7	120	1.12875
7	122	1.23902
7	164	1.18366
7	166	0.449342
7	171	0.426298
7	172	1.13719
7	178	1.2012
7	180	0.770102
8	12	0.670462
8	89	1.1892
8	93	1.13715
8	105	1.14744
8	133	0.687892
8	161	0.593991
8	167	1.10231
8	172	1.06554
8	175	1.03955
8	177	1.06648
8	179	1.07219
9	29	1.18685
9	51	1.22641
9	52	1.23006
9	55	1.22972
9	59	1.19335
9	131	1.22256
9	146	0.529086
9	156	1.24767
9	158	1.1017
9	165	0.599434
9	175	0.891296
9	179	0.753953
10	6	1.21467
10	37	0.623523
10	44	1.04107
10	68	1.04724
10	75	1.11596
10	80	1.0907
10	140	1.09769
10	144	1.08488
10	149	1.11329
10	158	0.987257
10	164	0.725876
10	167	1.03932
11	39	0.665174
11	44	1.16446
11	47	1.14516
11	48	1.14579
11	57	1.22657
11	60	1.31053
11	75	1.23936
11	123	1.19593
11	150	0.650775
11	151	0.572667
11	167	1.16272
11	180	0.918078
12	8	0.670462
12	71	0.634972
12	96	1.20676
12	104	1.22591
12	109	1.25348
12	111	1.17155
12	122	1.23418
12	148	0.714246
12	164	1.17881
12	168	0.639313
12	172	1.13234
12	178	1.19635
13	3	1.02389
13	22	0.882329
13	54	1.12245
13	74	1.12285
13	79	1.0983
13	153	1.10191
13	160	0.767552
13	161	1.14212
13	167	1.03195
13	168	0.786349
13	178	1.05918
13	180	1.12993
14	97	0.65532
14	115	0.736233
14	153	0.738202
14	154	1.07082
14	155	1.11219
14	159	1.1418
14	170	1.07097
14	173	1.03726
14	174	1.07324
14	176	1.01695
14	177	1.0244
14	179	1.03011
15	49	1.31158
15	61	1.18126
15	64	1.1907
15	68	1.1582
15	73	1.22613
15	80	1.20165
15	150	0.564499
15	156	1.24419
15	158	1.09821
15	169	0.537676
15	175	0.852483
15	180	0.831802
16	25	0.735218
16	81	1.17874
16	91	1.20802
16	95	1.1897
16	128	1.23777
16	135	1.19872
16	138	1.21098
16	139	1.19979
16	141	1.18827
16	154	0.636588
16	172	0.665752
16	177	0.75207
17	96	1.0528
17	98	0.797838
17	104	1.07195
17	109	1.09951
17	111	1.01759
17	122	1.08021
17	153	1.08512
17	161	1.12534
17	164	1.02484
17	173	0.90815
17	177	0.972736
17	178	1.04239
18	33	1.19418
18	61	1.19937
18	64	1.20881
18	68	1.17631
18	73	1.24425
18	80	1.21977
18	107	0.638233
18	120	1.12614
18	156	1.2623
18	158	1.11633
18	168	0.423914
18	170	0.570713
19	27	1.18909
19	32	1.13639
19	47	1.09537
19	48	1.09599
19	57	1.17677
19	60	1.26074
19	75	1.18956
19	103	0.687376
19	123	1.14613
19	163	0.663958
19	167	1.11292
19	178	0.666128
19	180	0.955806
20	70	0.584857
20	86	0.539584
20	98	1.16535
20	140	0.559417
20	148	1.18349
20	154	1.17398
20	161	0.538302
20	170	1.17413
20	173	1.14043
20	174	1.17641
20	176	1.12011
20	177	1.12756
20	179	1.13327
21	83	1.13646
21	86	1.19998
21	96	1.15245
21	103	0.708839
21	111	1.11724
21	122	1.17987
21	131	0.62089
21	153	1.18478
21	161	1.22499
21	167	0.774668
21	172	1.07804
21	178	1.14205
21	179	0.860608
22	2	0.910315
22	3	0.883552
22	5	1.01032
22	13	0.882329
22	54	0.982115
22	74	0.982514
22	79	0.957964
22	137	1.32656
22	153	0.961572
22	161	1.00179
22	167	0.89161
22	168	1.45245
22	178	0.918842
23	117	1.17286
23	118	1.19649
23	119	0.650972
23	125	0.729022
23	132	1.16475
23	133	1.16473
23	140	1.15927
23	142	1.18677
23	144	1.14646
23	149	1.17487
23	167	0.786508
23	170	0.792329
23	180	1.03801
24	32	0.533867
24	87	0.641749
24	98	1.14367
24	117	0.515677
24	118	0.520047
24	151	1.22958
24	152	1.12865
24	159	1.22329
24	163	1.17345
24	165	1.19156
24	175	1.07895
24	177	1.10589
24	179	1.1116
25	16	0.735218
25	55	0.864714
25	64	1.06251
25	73	1.09794
25	79	1.08844
25	80	1.07346
25	83	0.810999
25	167	1.02208
25	170	1.03281
25	173	0.99911
25	176	0.978795
25	177	0.986248
25	178	1.04931
26	48	0.779323
26	97	0.74342
26	130	1.02014
26	143	1.13457
26	145	1.00503
26	153	0.826303
26	165	1.07354
26	169	1.07117
26	170	1.03444
26	171	1.10648
26	173	1.00074
26	175	0.96094
26	176	0.980421
27	19	1.18909
27	32	1.14087
27	38	1.27531
27	44	1.11914
27	47	1.09984
27	48	1.10047
27	57	1.18124
27	75	1.19403
27	150	0.721696
27	167	1.1174
27	168	0.645421
27	169	0.694873
27	176	0.91762
28	31	1.14562
28	35	0.680541
28	51	1.18634
28	52	1.18999
28	55	1.18965
28	59	1.15329
28	88	0.840598
28	123	0.683947
28	125	1.11296
28	131	1.1825
28	156	1.20761
28	158	1.06163
28	169	0.724467
29	9	1.18685
29	31	1.10624
29	52	1.15062
29	55	1.15028
29	59	1.11391
29	116	0.682372
29	121	1.09534
29	125	1.07358
29	131	1.14312
29	154	0.798436
29	156	1.16823
29	158	1.02225
29	178	0.702239
29	180	0.991917
30	41	0.680025
30	116	1.14685
30	117	0.598721
30	134	0.632919
30	157	1.11654
30	161	0.530578
30	163	1.15968
30	169	1.17541
30	173	1.10498
30	174	1.14096
30	175	1.06518
30	176	1.08467
30	177	1.09212
30	179	1.09783
31	28	1.14562
31	29	1.10624
31	51	1.1458
31	52	1.14945
31	55	1.14911
31	59	1.11275
31	92	0.587208
31	125	1.07242
31	131	1.14195
31	156	1.16706
31	158	1.02109
31	170	0.819851
31	172	0.852313
31	179	0.899969
32	19	1.13639
32	24	0.533867
32	27	1.14087
32	38	1.22261
32	44	1.06644
32	47	1.04715
32	48	1.04777
32	57	1.12855
32	60	1.21251
32	75	1.14134
32	167	1.0647
32	170	0.795975
32	172	0.828438
32	176	0.921376
33	18	1.19418
33	49	1.22833
33	61	1.098
33	64	1.10744
33	68	1.07494
33	73	1.14288
33	80	1.1184
33	125	1.06628
33	154	0.848617
33	156	1.16093
33	158	1.01495
33	171	0.698293
33	172	0.877781
33	178	0.752419
34	112	1.08528
34	118	1.16809
34	127	1.11656
34	132	1.13634
34	133	1.13633
34	140	1.13087
34	142	1.15837
34	144	1.11806
34	147	0.621782
34	149	1.14647
34	155	0.706163
34	175	0.986111
34	179	0.848768
34	180	1.00961
35	28	0.680541
35	49	0.560623
35	62	0.662492
35	115	0.65767
35	120	0.991968
35	146	1.17296
35	151	1.19855
35	157	1.09928
35	165	1.16052
35	170	1.12142
35	171	1.19347
35	174	1.1237
35	179	1.08057
35	180	1.0478
36	66	1.13086
36	69	1.10446
36	70	1.20454
36	84	1.1091
36	89	1.16946
36	93	1.11741
36	97	1.17357
36	101	0.659997
36	105	1.1277
36	154	0.90447
36	164	1.09226
36	169	0.803825
36	172	1.0458
36	178	0.808273
37	10	0.623523
37	104	0.611483
37	112	0.659494
37	147	1.17044
37	153	0.643862
37	165	1.1492
37	166	1.17241
37	169	1.14682
37	171	1.18214
37	173	1.07639
37	174	1.11237
37	175	1.0366
37	176	1.05608
37	179	1.06924
38	27	1.27531
38	32	1.22261
38	39	0.709298
38	47	1.18159
38	48	1.18221
38	57	1.26299
38	60	1.34696
38	71	0.614284
38	75	1.27578
38	123	1.23236
38	167	1.19914
38	168	0.618625
38	171	0.618399
38	174	0.713901
39	11	0.665174
39	38	0.709298
39	60	0.568114
39	79	1.1612
39	122	0.655551
39	142	1.18071
39	144	1.14041
39	149	1.16881
39	167	1.09484
39	171	1.17762
39	175	1.03208
39	176	1.05156
39	178	1.12208
39	179	1.06472
40	90	0.653497
40	112	1.08528
40	118	1.16809
40	127	1.11656
40	132	1.13634
40	133	1.13633
40	140	1.13087
40	142	1.15837
40	144	1.11806
40	149	1.14647
40	165	0.780484
40	167	0.849064
40	172	0.887349
40	180	1.00961
41	30	0.680025
41	86	1.16119
41	96	1.11367
41	100	1.15909
41	101	0.617914
41	109	1.16038
41	111	1.07846
41	122	1.14108
41	125	0.795781
41	156	1.16994
41	164	1.08571
41	172	1.03925
41	176	0.984489
41	178	1.10326
42	50	1.14457
42	81	1.19026
42	91	1.21954
42	92	0.560656
42	124	1.18264
42	126	0.619127
42	128	1.24929
42	129	1.1892
42	138	1.2225
42	139	1.21131
42	141	1.19979
42	145	0.868796
42	164	0.738603
42	168	1.203
42	171	0.646274
43	66	1.21356
43	69	1.18716
43	84	1.1918
43	89	1.25216
43	93	1.20011
43	97	1.25627
43	105	1.2104
43	131	1.23408
43	155	0.678192
43	158	0.848486
43	162	0.600269
43	163	0.64561
43	164	1.17496
43	172	1.1285
43	174	0.689157
44	10	1.04107
44	11	1.16446
44	27	1.11914
44	32	1.06644
44	47	1.02542
44	48	1.02604
44	57	1.10682
44	60	1.19079
44	75	1.11961
44	123	1.07619
44	160	0.671513
44	167	1.04297
44	171	0.690083
44	175	1.05457
44	176	0.962509
45	72	1.03336
45	79	0.639044
45	103	1.12213
45	127	0.697605
45	138	0.650178
45	144	0.644542
45	150	1.15209
45	163	1.11889
45	166	1.16021
45	170	1.0979
45	173	1.06419
45	174	1.10017
45	175	1.0244
45	177	1.05133
45	179	1.05704
46	112	1.05376
46	117	1.11294
46	118	1.13657
46	127	1.08504
46	132	1.10483
46	133	1.10481
46	140	1.09935
46	142	1.12685
46	143	0.755283
46	144	1.08654
46	149	1.11495
46	151	0.80234
46	162	0.810561
46	173	1.00517
46	180	0.978089
47	11	1.14516
47	19	1.09537
47	27	1.09984
47	32	1.04715
47	38	1.18159
47	44	1.02542
47	48	1.00674
47	57	1.08752
47	60	1.17149
47	75	1.10031
47	90	0.742888
47	126	0.770105
47	163	0.849207
47	167	1.02367
47	173	0.998471
48	11	1.14579
48	19	1.09599
48	26	0.779323
48	27	1.10047
48	32	1.04777
48	38	1.18221
48	44	1.02604
48	47	1.00674
48	57	1.08815
48	60	1.17211
48	75	1.10094
48	107	0.821453
48	130	0.779356
48	167	1.0243
48	177	0.872713
49	15	1.31158
49	33	1.22833
49	35	0.560623
49	61	1.23352
49	64	1.24296
49	68	1.21046
49	73	1.27839
49	80	1.25391
49	90	0.500507
49	102	0.542017
49	130	0.72732
49	156	1.29645
49	158	1.15047
49	177	0.820676
50	42	1.14457
50	71	0.881994
50	82	1.07187
50	91	1.08465
50	95	1.06632
50	115	1.09782
50	116	0.920369
50	124	1.04775
50	129	1.0543
50	134	1.07742
50	135	1.07535
50	137	0.760447
50	139	1.07642
50	141	1.0649
50	164	0.978438
50	180	0.962562
51	9	1.22641
51	28	1.18634
51	31	1.1458
51	52	1.19017
51	55	1.18983
51	58	0.758616
51	59	1.15347
51	121	1.1349
51	125	1.11314
51	131	1.18267
51	145	0.758174
51	154	0.685976
51	156	1.20779
51	158	1.06181
51	169	0.58533
51	180	0.879456
52	9	1.23006
52	28	1.18999
52	29	1.15062
52	31	1.14945
52	51	1.19017
52	55	1.19348
52	59	1.15712
52	121	1.13855
52	125	1.11679
52	150	0.699147
52	156	1.21144
52	158	1.06546
52	159	0.618472
52	162	0.629261
52	167	0.763849
52	180	0.96645
53	72	0.866491
53	78	1.18315
53	115	1.1955
53	119	0.627757
53	124	1.14543
53	128	1.21208
53	129	1.15199
53	130	0.794538
53	132	0.512874
53	134	1.17511
53	138	1.18529
53	139	1.1741
53	141	1.16259
53	147	0.622246
53	168	1.16579
53	180	1.06025
54	2	1.15044
54	3	1.12367
54	5	1.25044
54	6	1.0421
54	13	1.12245
54	22	0.982115
54	74	1.22264
54	79	1.19809
54	153	1.20169
54	155	0.545512
54	161	1.24191
54	164	0.553303
54	167	1.13173
54	177	0.72678
54	178	1.15896
54	179	0.688117
55	9	1.22972
55	25	0.864714
55	28	1.18965
55	29	1.15028
55	31	1.14911
55	51	1.18983
55	52	1.19348
55	59	1.15678
55	121	1.13821
55	125	1.11645
55	126	0.588615
55	148	0.69092
55	156	1.2111
55	158	1.06512
55	168	0.615988
55	172	0.795249
56	61	1.16087
56	66	1.17817
56	68	1.13781
56	73	1.20575
56	79	1.19624
56	80	1.18127
56	84	1.15641
56	93	1.16472
56	105	1.17501
56	126	0.663489
56	147	0.690792
56	165	0.763259
56	167	1.12989
56	168	0.690862
56	170	0.837661
56	178	1.15712
57	11	1.22657
57	19	1.17677
57	27	1.18124
57	32	1.12855
57	38	1.26299
57	44	1.10682
57	47	1.08752
57	48	1.08815
57	60	1.25289
57	75	1.18171
57	146	0.671597
57	152	0.852186
57	155	0.753859
57	167	1.10508
57	168	0.669548
57	169	0.719
58	4	0.78599
58	51	0.758616
58	69	1.03938
58	97	1.10849
58	103	1.05247
58	105	1.06262
58	128	0.828979
58	129	0.839984
58	140	1.07587
58	142	1.10337
58	144	1.06307
58	149	1.09147
58	166	1.09055
58	172	0.980724
58	173	0.99453
58	177	0.981668
58	179	0.987378
59	9	1.19335
59	28	1.15329
59	29	1.11391
59	31	1.11275
59	51	1.15347
59	52	1.15712
59	55	1.15678
59	98	0.74919
59	121	1.10185
59	125	1.08009
59	131	1.14962
59	156	1.17474
59	158	1.02876
59	167	0.799486
59	173	0.859503
59	174	0.753785
59	178	0.712409
60	11	1.31053
60	19	1.26074
60	32	1.21251
60	38	1.34696
60	39	0.568114
60	44	1.19079
60	47	1.17149
60	48	1.17211
60	57	1.25289
60	75	1.26568
60	94	0.644035
60	123	1.22226
60	158	0.732047
60	167	1.18904
60	168	0.477441
60	170	0.62424
60	180	0.821019
61	15	1.18126
61	18	1.19937
61	33	1.098
61	49	1.23352
61	56	1.16087
61	64	1.11264
61	68	1.08013
61	73	1.14807
61	80	1.12359
61	125	1.07148
61	146	0.748599
61	156	1.16613
61	158	1.02015
61	160	0.727753
61	163	0.798279
61	164	0.838652
61	168	0.74655
62	35	0.662492
62	65	0.768642
62	87	1.11637
62	91	1.15737
62	115	1.17054
62	121	1.1192
62	124	1.12047
62	128	1.18712
62	129	1.12703
62	134	1.15014
62	135	1.14807
62	139	1.14914
62	141	1.13762
62	145	0.879261
62	164	0.749068
62	178	0.710866
62	180	1.03529
63	112	1.08846
63	113	1.21271
63	117	1.14764
63	118	1.17127
63	127	1.11974
63	131	0.737984
63	132	1.13953
63	133	1.13951
63	137	0.624898
63	140	1.13405
63	142	1.16155
63	144	1.12125
63	148	0.825718
63	149	1.14965
63	160	0.731989
63	172	0.930047
63	180	1.01279
64	15	1.1907
64	18	1.20881
64	25	1.06251
64	33	1.10744
64	49	1.24296
64	61	1.11264
64	68	1.08957
64	73	1.15751
64	80	1.13303
64	123	0.700058
64	125	1.08091
64	143	0.642236
64	156	1.17556
64	158	1.02959
64	169	0.740578
64	178	0.745026
64	180	1.0347
65	3	0.970052
65	62	0.768642
65	69	0.773688
65	113	0.695163
65	120	0.924735
65	151	1.13132
65	152	1.03038
65	159	1.12502
65	162	1.12251
65	170	1.05419
65	171	1.12623
65	172	1.00668
65	174	1.05647
65	175	0.980689
65	176	1.00017
65	177	1.00762
65	179	1.01333
66	36	1.13086
66	43	1.21356
66	56	1.17817
66	69	1.11139
66	84	1.11604
66	89	1.17639
66	93	1.12435
66	97	1.1805
66	103	0.755999
66	105	1.13463
66	116	0.714884
66	136	1.12872
66	159	0.676451
66	164	1.0992
66	171	0.680625
66	172	1.05273
66	180	1.02443
67	101	0.637248
67	108	1.15662
67	112	1.05855
67	113	1.18279
67	117	1.11773
67	118	1.14136
67	127	1.08983
67	132	1.10961
67	133	1.1096
67	140	1.10414
67	142	1.13164
67	144	1.09133
67	146	0.733672
67	149	1.11974
67	154	0.881721
67	158	0.986229
67	174	0.8269
67	180	0.982878
68	10	1.04724
68	15	1.1582
68	18	1.17631
68	33	1.07494
68	49	1.21046
68	56	1.13781
68	61	1.08013
68	64	1.08957
68	73	1.12501
68	80	1.10053
68	125	1.04841
68	151	0.737277
68	156	1.14306
68	158	0.997086
68	164	0.831213
68	168	0.739111
68	172	0.918372
68	174	0.834387
69	36	1.10446
69	43	1.18716
69	58	1.03938
69	65	0.773688
69	66	1.11139
69	70	1.18507
69	84	1.08963
69	89	1.14999
69	93	1.09794
69	97	1.1541
69	105	1.10823
69	131	1.13191
69	147	0.661942
69	164	1.07279
69	168	0.662011
69	172	1.02633
69	173	0.863005
69	180	1.00559
70	20	0.584857
70	36	1.20454
70	69	1.18507
70	84	1.18971
70	89	1.25007
70	92	1.22565
70	93	1.19802
70	97	1.25418
70	105	1.20831
70	121	1.18421
70	131	1.23199
70	152	0.792035
70	160	0.5906
70	164	1.17287
70	166	0.632215
70	169	0.658849
70	172	1.12641
70	173	0.810391
71	12	0.634972
71	38	0.614284
71	50	0.881994
71	75	0.697272
71	119	1.15312
71	155	1.14401
71	156	0.580059
71	157	1.08065
71	165	1.14189
71	168	1.13471
71	169	1.13951
71	170	1.10279
71	171	1.17483
71	174	1.10506
71	175	1.02929
71	176	1.04877
71	177	1.05622
71	179	1.06193
72	45	1.03336
72	53	0.866491
72	93	0.874405
72	112	0.91392
72	114	1.08257
72	120	0.868697
72	139	0.895331
72	155	1.03938
72	159	1.06898
72	162	1.06647
72	165	1.03725
72	166	1.06047
72	169	1.03488
72	171	1.0702
72	173	0.964448
72	174	1.00043
72	176	0.944133
72	177	0.951585
72	179	0.957296
73	15	1.22613
73	18	1.24425
73	25	1.09794
73	33	1.14288
73	49	1.27839
73	56	1.20575
73	61	1.14807
73	64	1.15751
73	68	1.12501
73	80	1.16847
73	114	0.568079
73	125	1.11635
73	156	1.211
73	158	1.06502
73	164	0.722719
73	168	0.630616
73	171	0.63039
73	176	0.902816
73	177	0.896196
74	2	1.15084
74	3	1.12407
74	5	1.25084
74	13	1.12285
74	22	0.982514
74	54	1.22264
74	79	1.19848
74	94	0.692445
74	153	1.20209
74	161	1.24231
74	164	0.617954
74	165	0.598248
74	167	1.13213
74	175	0.890111
74	178	1.15936
74	180	0.869429
75	10	1.11596
75	11	1.23936
75	19	1.18956
75	27	1.19403
75	32	1.14134
75	38	1.27578
75	44	1.11961
75	47	1.10031
75	48	1.10094
75	57	1.18171
75	60	1.26568
75	71	0.697272
75	123	1.15108
75	160	0.682817
75	162	0.708002
75	166	0.724431
75	167	1.11786
75	171	0.701387
75	178	0.755514
76	108	1.13579
76	112	1.03772
76	113	1.16196
76	117	1.0969
76	118	1.12053
76	123	0.738402
76	125	0.812961
76	127	1.069
76	131	0.716669
76	132	1.08879
76	133	1.08877
76	140	1.08331
76	142	1.11081
76	144	1.07051
76	149	1.09891
76	158	0.984076
76	168	1.06759
76	177	0.99505
76	180	0.962051
77	82	1.15335
77	99	1.13345
77	110	1.13144
77	115	1.1793
77	119	0.731921
77	121	1.12796
77	124	1.12923
77	128	1.19588
77	129	1.13579
77	134	1.1589
77	135	1.15683
77	137	0.600592
77	138	1.16909
77	139	1.1579
77	141	1.14638
77	162	0.732868
77	166	0.749297
77	172	0.905741
77	174	0.821756
77	180	1.04405
78	53	1.18315
78	91	1.16044
78	95	1.14211
78	99	1.12775
78	103	0.699091
78	115	1.1736
78	116	0.657977
78	124	1.12353
78	128	1.19018
78	129	1.13009
78	134	1.15321
78	135	1.15114
78	138	1.16339
78	139	1.1522
78	141	1.14069
78	145	0.846239
78	148	0.698876
78	170	0.770743
78	179	0.85086
78	180	1.03835
79	2	1.12629
79	3	1.09952
79	5	1.22629
79	13	1.0983
79	22	0.957964
79	25	1.08844
79	39	1.1612
79	45	0.639044
79	54	1.19809
79	56	1.19624
79	74	1.19848
79	125	0.705483
79	145	0.844288
79	153	1.17754
79	154	0.77209
79	161	1.21776
79	163	0.673722
79	167	1.10758
79	173	0.822986
79	178	1.13481
80	10	1.0907
80	15	1.20165
80	18	1.21977
80	25	1.07346
80	33	1.1184
80	49	1.25391
80	56	1.18127
80	61	1.12359
80	64	1.13303
80	68	1.10053
80	73	1.16847
80	125	1.09187
80	156	1.18652
80	158	1.04054
80	167	0.737562
80	168	0.596585
80	172	0.775846
80	176	0.868784
80	178	0.650484
80	180	0.940163
81	16	1.17874
81	42	1.19026
81	82	1.11756
81	87	1.08933
81	95	1.11201
81	101	0.702138
81	115	1.1435
81	124	1.09343
81	128	1.16008
81	129	1.09999
81	134	1.12311
81	138	1.13329
81	139	1.1221
81	141	1.11059
81	146	0.798563
81	159	0.792114
81	160	1.14255
81	166	0.819331
81	169	0.845966
81	171	0.796287
81	180	1.00825
82	50	1.07187
82	77	1.15335
82	81	1.11756
82	87	1.10584
82	91	1.14684
82	99	1.11415
82	121	1.10867
82	125	0.830312
82	128	1.17658
82	129	1.11649
82	135	1.13754
82	137	0.620933
82	138	1.14979
82	139	1.13861
82	141	1.12709
82	158	1.00143
82	159	0.742421
82	162	0.753209
82	163	0.79855
82	168	1.13029
82	180	1.02475
83	7	1.19562
83	21	1.13646
83	25	0.810999
83	86	1.14804
83	96	1.10051
83	100	1.14593
83	104	1.11966
83	106	1.10548
83	109	1.14723
83	111	1.0653
83	122	1.12793
83	154	0.71237
83	156	1.15679
83	161	1.17305
83	164	1.07256
83	167	0.70325
83	170	0.709072
83	172	1.0261
83	177	0.827852
83	178	1.09011
83	180	0.905851
84	36	1.1091
84	43	1.1918
84	56	1.15641
84	66	1.11604
84	69	1.08963
84	70	1.18971
84	89	1.15463
84	93	1.10259
84	94	0.811141
84	97	1.15875
84	105	1.11288
84	120	1.34677
84	121	1.08878
84	123	0.653479
84	131	1.13656
84	136	1.10696
84	137	0.518659
84	154	0.794645
84	160	0.62575
84	164	1.07744
84	172	1.03098
85	102	0.709247
85	108	1.19293
85	112	1.09486
85	113	1.21911
85	117	1.15405
85	118	1.17768
85	127	1.12614
85	132	1.14593
85	133	1.14591
85	140	1.14045
85	142	1.16795
85	144	1.12765
85	149	1.15605
85	151	0.720493
85	159	0.717927
85	164	0.814429
85	168	1.12473
85	169	0.771779
85	174	0.817603
85	180	1.01919
86	20	0.539584
86	21	1.19998
86	41	1.16119
86	83	1.14804
86	96	1.16403
86	100	1.20945
86	104	1.18318
86	107	0.778443
86	109	1.21075
86	111	1.12882
86	122	1.19145
86	131	0.551323
86	153	1.19636
86	155	0.648436
86	158	0.81873
86	160	1.1978
86	161	1.23657
86	164	1.13608
86	167	0.705101
86	172	1.08962
86	178	1.15363
86	180	0.907702
87	24	0.641749
87	62	1.11637
87	81	1.08933
87	82	1.10584
87	95	1.10029
87	99	1.08593
87	115	1.13178
87	116	0.791092
87	123	1.09263
87	124	1.08172
87	129	1.08827
87	131	0.744257
87	134	1.11139
87	135	1.10932
87	139	1.11038
87	141	1.09887
87	155	0.84137
87	160	1.13083
87	161	1.1696
87	177	1.02264
87	178	0.810958
87	180	0.996531
88	28	0.840598
88	99	0.858073
88	108	0.731947
88	110	0.813723
88	120	0.893503
88	126	1.08674
88	129	0.782829
88	143	1.12309
88	147	1.0833
88	150	1.07715
88	159	1.09379
88	162	1.09128
88	163	1.04395
88	166	1.08527
88	169	1.05968
88	171	1.095
88	174	1.02523
88	175	0.949457
88	176	0.968938
88	177	0.976391
88	179	0.982101
88	180	0.949335
89	8	1.1892
89	36	1.16946
89	43	1.25216
89	66	1.17639
89	69	1.14999
89	70	1.25007
89	84	1.15463
89	93	1.16294
89	97	1.2191
89	102	0.694689
89	105	1.17323
89	106	1.17071
89	121	1.14913
89	136	1.16732
89	143	0.658878
89	160	0.688972
89	163	0.759498
89	164	1.13779
89	165	0.780165
89	168	0.707768
89	172	1.09133
89	178	0.761668
90	40	0.653497
90	47	0.742888
90	49	0.500507
90	110	0.59355
90	130	1.12941
90	132	0.610128
90	133	0.602154
90	143	1.24385
90	152	1.1199
90	156	0.529811
90	162	1.21203
90	163	1.1647
90	165	1.18281
90	166	1.20603
90	167	1.13298
90	170	1.14371
90	171	1.21576
90	173	1.11001
90	174	1.14599
90	175	1.07021
90	176	1.08969
90	177	1.09715
90	179	1.10286
91	16	1.20802
91	42	1.21954
91	50	1.08465
91	62	1.15737
91	78	1.16044
91	82	1.14684
91	95	1.14129
91	128	1.18936
91	129	1.12927
91	134	1.15239
91	135	1.15032
91	137	0.491186
91	138	1.16258
91	139	1.15139
91	141	1.13987
91	145	0.839369
91	146	0.619123
91	153	1.17038
91	155	0.701385
91	157	0.807623
91	172	0.796335
91	175	0.981333
91	180	1.03753
92	31	0.587208
92	42	0.560656
92	70	1.22565
92	97	1.19468
92	99	0.606645
92	105	1.14881
92	111	0.708114
92	127	1.14775
92	134	0.579339
92	138	0.547281
92	139	0.565312
92	140	1.16206
92	142	1.18956
92	144	1.14925
92	149	1.17766
92	151	1.19155
92	160	1.17509
92	164	1.11337
92	169	1.15115
92	171	1.18646
92	172	1.06691
92	176	1.0604
92	177	1.06785
93	8	1.13715
93	36	1.11741
93	43	1.20011
93	56	1.16472
93	66	1.12435
93	69	1.09794
93	70	1.19802
93	72	0.874405
93	84	1.10259
93	89	1.16294
93	97	1.16706
93	102	0.617151
93	103	0.705377
93	105	1.12119
93	106	1.11867
93	119	0.635672
93	121	1.09709
93	131	1.14486
93	136	1.11527
93	148	0.705163
93	157	0.820779
93	164	1.08575
93	172	1.03928
93	180	0.973808
94	60	0.644035
94	74	0.692445
94	84	0.811141
94	103	1.09312
94	120	0.939436
94	132	0.831312
94	144	0.794084
94	146	1.12043
94	148	1.07825
94	150	1.12308
94	152	1.04508
94	154	1.06874
94	156	0.750994
94	159	1.13972
94	163	1.08988
94	165	1.10799
94	170	1.06889
94	171	1.14093
94	173	1.03519
94	174	1.07117
94	175	0.99539
94	176	1.01487
94	177	1.02232
94	179	1.02803
95	16	1.1897
95	50	1.06632
95	78	1.14211
95	81	1.11201
95	87	1.10029
95	91	1.14129
95	99	1.10861
95	115	1.15446
95	124	1.10439
95	128	1.17104
95	129	1.11095
95	134	1.13407
95	135	1.13199
95	138	1.14425
95	139	1.13306
95	141	1.12155
95	146	0.708587
95	150	0.782813
95	151	0.704705
95	153	1.15206
95	166	0.729356
95	174	0.801815
95	176	0.978738
95	178	0.760438
96	12	1.20676
96	17	1.0528
96	21	1.15245
96	41	1.11367
96	83	1.10051
96	86	1.16403
96	100	1.16192
96	104	1.13565
96	109	1.16322
96	111	1.08129
96	114	0.672339
96	122	1.14392
96	146	0.736926
96	153	1.14883
96	160	1.15027
96	161	1.18904
96	163	0.786607
96	164	1.08855
96	168	0.734877
96	169	0.784329
96	171	0.734651
96	172	1.04209
96	177	1.00046
96	178	1.1061
97	14	0.65532
97	26	0.74342
97	36	1.17357
97	43	1.25627
97	58	1.10849
97	66	1.1805
97	69	1.1541
97	70	1.25418
97	84	1.15875
97	89	1.2191
97	92	1.19468
97	93	1.16706
97	101	0.476855
97	105	1.17734
97	106	1.17483
97	121	1.15324
97	131	1.20102
97	136	1.17143
97	150	0.647506
97	164	1.14191
97	165	0.643628
97	172	1.09544
97	175	0.93549
97	177	0.83681
97	178	0.625131
98	17	0.797838
98	20	1.16535
98	24	1.14367
98	59	0.74919
98	107	1.02686
98	109	0.694418
98	110	0.738821
98	117	0.721668
98	144	0.718171
98	145	1.0245
98	152	1.0301
98	155	1.09513
98	157	1.03177
98	159	1.12474
98	162	1.12223
98	166	1.11622
98	169	1.09063
98	171	1.12595
98	173	1.0202
98	174	1.05619
98	175	0.980409
98	176	0.99989
98	177	1.00734
98	179	1.01305
99	77	1.13345
99	78	1.12775
99	82	1.11415
99	87	1.08593
99	88	0.858073
99	92	0.606645
99	95	1.10861
99	110	1.09224
99	115	1.1401
99	124	1.09003
99	128	1.15668
99	129	1.09659
99	134	1.11971
99	135	1.11763
99	136	1.10695
99	138	1.12989
99	139	1.1187
99	141	1.10719
99	157	0.883039
99	160	1.13914
99	163	0.744219
99	166	0.715307
99	171	0.692263
99	177	0.958069
99	180	1.00485
100	4	1.23223
100	7	1.25703
100	41	1.15909
100	83	1.14593
100	86	1.20945
100	96	1.16192
100	102	0.593578
100	104	1.18107
100	106	1.16689
100	109	1.20864
100	110	1.14879
100	111	1.12671
100	122	1.18934
100	130	0.77888
100	131	0.593856
100	151	0.604824
100	156	1.2182
100	158	0.861263
100	160	1.19569
100	162	0.613045
100	164	1.13397
100	172	1.08751
100	173	0.807651
100	176	0.878857
100	178	1.15152
101	36	0.659997
101	41	0.617914
101	67	0.637248
101	81	0.702138
101	97	0.476855
101	118	0.540981
101	129	0.52287
101	139	0.55678
101	145	1.14753
101	147	1.23728
101	148	1.18629
101	154	1.17678
101	155	1.21816
101	163	1.19793
101	165	1.21604
101	169	1.21366
101	170	1.17693
101	171	1.24898
101	172	1.12942
101	173	1.14323
101	174	1.17921
101	175	1.10343
101	176	1.12292
101	177	1.13037
101	179	1.13608
102	5	0.58463
102	49	0.542017
102	85	0.709247
102	89	0.694689
102	93	0.617151
102	100	0.593578
102	126	1.20396
102	128	0.593162
102	137	1.2181
102	141	0.675141
102	147	1.20052
102	150	1.19437
102	154	1.14003
102	157	1.11804
102	162	1.2085
102	163	1.16117
102	164	1.13913
102	165	1.17928
102	166	1.20249
102	171	1.21222
102	173	1.10647
102	174	1.14245
102	175	1.06667
102	176	1.08616
102	177	1.09361
102	179	1.09932
103	19	0.687376
103	21	0.708839
103	45	1.12213
103	58	1.05247
103	66	0.755999
103	78	0.699091
103	93	0.705377
103	94	1.09312
103	119	1.13726
103	133	0.731891
103	145	1.05751
103	150	1.14112
103	153	0.729261
103	155	1.12815
103	157	1.06478
103	162	1.15524
103	163	1.10791
103	165	1.12602
103	166	1.14924
103	171	1.15897
103	173	1.05322
103	174	1.0892
103	175	1.01342
103	176	1.0329
103	177	1.04036
103	179	1.04607
104	7	1.23076
104	12	1.22591
104	17	1.07195
104	37	0.611483
104	83	1.11966
104	86	1.18318
104	96	1.13565
104	100	1.18107
104	106	1.14062
104	109	1.18237
104	111	1.10045
104	114	0.559196
104	122	1.16307
104	130	0.793957
104	153	1.16798
104	155	0.706045
104	156	1.19193
104	159	0.617334
104	160	1.16942
104	161	1.20819
104	164	1.1077
104	165	0.694131
104	172	1.06124
104	176	0.893933
104	178	1.12525
104	180	0.965312
105	8	1.14744
105	36	1.1277
105	43	1.2104
105	56	1.17501
105	58	1.06262
105	66	1.13463
105	69	1.10823
105	70	1.20831
105	84	1.11288
105	89	1.17323
105	92	1.14881
105	93	1.12119
105	97	1.17734
105	106	1.12896
105	119	0.657004
105	121	1.10737
105	131	1.15515
105	136	1.12556
105	155	0.735874
105	158	0.906168
105	160	0.632766
105	164	1.09604
105	166	0.67438
105	172	1.04957
105	173	0.852556
105	174	0.746839
105	177	0.917142
106	83	1.10548
106	89	1.17071
106	93	1.11867
106	97	1.17483
106	100	1.16689
106	104	1.14062
106	105	1.12896
106	109	1.16819
106	122	1.14889
106	123	0.629271
106	132	1.14768
106	133	1.14767
106	136	1.12304
106	140	1.1422
106	142	1.1697
106	144	1.1294
106	145	0.842635
106	149	1.1578
106	151	0.618506
106	152	0.802977
106	157	0.810888
106	164	1.09352
106	172	1.04706
106	173	0.821333
106	174	0.715616
106	177	0.885919
106	178	1.11107
107	18	0.638233
107	48	0.821453
107	86	0.778443
107	98	1.02686
107	138	0.847445
107	139	0.865475
107	145	1.00623
107	146	1.08718
107	148	1.045
107	150	1.08983
107	151	1.11277
107	155	1.07686
107	159	1.10647
107	161	0.777162
107	162	1.10396
107	166	1.09795
107	168	1.06756
107	169	1.07236
107	170	1.03564
107	171	1.10768
107	173	1.00193
107	175	0.962139
107	176	0.98162
107	177	0.989072
107	179	0.994782
108	67	1.15662
108	76	1.13579
108	85	1.19293
108	88	0.731947
108	112	1.16486
108	113	1.2891
108	117	1.22404
108	118	1.24767
108	127	1.19614
108	132	1.21592
108	133	1.21591
108	140	1.21045
108	142	1.23795
108	144	1.19764
108	148	0.641297
108	149	1.22605
108	150	0.642639
108	152	0.749002
108	160	0.547567
108	164	0.658467
108	165	0.638761
108	168	1.19473
108	177	0.831944
108	180	1.08919
109	4	1.23352
109	12	1.25348
109	17	1.09951
109	41	1.16038
109	83	1.14723
109	86	1.21075
109	96	1.16322
109	98	0.694418
109	100	1.20864
109	104	1.18237
109	106	1.16819
109	111	1.12801
109	122	1.19064
109	130	0.775959
109	153	1.19554
109	156	1.2195
109	158	0.858342
109	160	1.19699
109	161	1.23576
109	162	0.610125
109	163	0.655466
109	164	1.13527
109	168	0.603736
109	169	0.653188
109	171	0.60351
109	172	1.08881
109	176	0.875936
109	178	1.15282
110	77	1.13144
110	88	0.813723
110	90	0.59355
110	98	0.738821
110	99	1.09224
110	100	1.14879
110	111	1.06816
110	122	1.13078
110	127	1.10979
110	132	1.12958
110	133	1.12956
110	134	1.1177
110	138	1.12788
110	140	1.1241
110	142	1.1516
110	144	1.11129
110	147	0.64807
110	149	1.1397
110	156	1.15964
110	160	1.13714
110	161	1.17591
110	166	0.670957
110	168	1.10838
110	170	0.794938
110	176	0.920339
110	178	1.09296
110	179	0.875056
110	180	1.00284
111	4	1.1516
111	7	1.1764
111	12	1.17155
111	17	1.01759
111	21	1.11724
111	41	1.07846
111	83	1.0653
111	86	1.12882
111	92	0.708114
111	96	1.08129
111	100	1.12671
111	104	1.10045
111	109	1.12801
111	110	1.06816
111	122	1.10871
111	123	0.80289
111	126	0.766585
111	143	0.745068
111	147	0.793888
111	153	1.11362
111	156	1.13757
111	159	0.789558
111	160	1.11506
111	161	1.15383
111	164	1.05334
111	168	0.793958
111	172	1.00688
111	178	1.07089
111	179	1.02087
112	1	1.15804
112	34	1.08528
112	37	0.659494
112	40	1.08528
112	46	1.05376
112	63	1.08846
112	67	1.05855
112	72	0.91392
112	76	1.03772
112	85	1.09486
112	108	1.16486
112	113	1.19103
112	117	1.12597
112	118	1.1496
112	127	1.09807
112	130	0.841968
112	131	0.656944
112	132	1.11785
112	133	1.11784
112	140	1.11238
112	142	1.13988
112	144	1.09957
112	149	1.12797
112	155	0.754056
112	165	0.742142
112	168	1.09666
112	173	0.870739
112	179	0.896662
112	180	0.991116
113	63	1.21271
113	65	0.695163
113	67	1.18279
113	76	1.16196
113	85	1.21911
113	108	1.2891
113	112	1.19103
113	117	1.25021
113	118	1.27384
113	127	1.22231
113	132	1.2421
113	133	1.24208
113	140	1.23662
113	142	1.26412
113	143	0.534596
113	144	1.22382
113	149	1.25222
113	157	0.774035
113	160	0.564689
113	162	0.589874
113	164	0.675589
113	166	0.606304
113	168	1.2209
113	170	0.730285
113	172	0.762748
113	180	1.11536
114	72	1.08257
114	73	0.568079
114	96	0.672339
114	104	0.559196
114	118	0.572819
114	126	1.2109
114	135	0.612227
114	138	0.570588
114	142	0.562095
114	143	1.24725
114	145	1.1177
114	146	1.19865
114	151	1.22424
114	152	1.12331
114	153	0.591575
114	156	0.521862
114	162	1.21543
114	163	1.16811
114	165	1.18622
114	166	1.20943
114	169	1.18384
114	170	1.14711
114	171	1.21916
114	173	1.11341
114	174	1.14939
114	175	1.07361
114	176	1.09309
114	177	1.10055
114	179	1.10626
115	14	0.736233
115	35	0.65767
115	50	1.09782
115	53	1.1955
115	62	1.17054
115	77	1.1793
115	78	1.1736
115	81	1.1435
115	87	1.13178
115	95	1.15446
115	99	1.1401
115	124	1.13589
115	128	1.20253
115	129	1.14244
115	134	1.16556
115	135	1.16349
115	136	1.1528
115	138	1.17574
115	139	1.16455
115	141	1.15304
115	143	0.603254
115	157	0.842693
115	159	0.647744
115	160	1.185
115	162	0.658533
115	164	0.744247
115	168	1.15624
115	170	0.798943
115	174	0.747421
116	29	0.682372
116	30	1.14685
116	50	0.920369
116	66	0.714884
116	78	0.657977
116	87	0.791092
116	134	0.699217
116	137	1.14878
116	143	1.17099
116	144	0.661523
116	147	1.13121
116	150	1.12505
116	155	1.11208
116	158	1.00806
116	159	1.14169
116	161	0.596876
116	162	1.13918
116	163	1.09185
116	165	1.10996
116	166	1.13317
116	169	1.10758
116	170	1.07086
116	171	1.1429
116	173	1.03715
116	174	1.07314
116	175	0.997359
116	176	1.01684
116	177	1.02429
116	179	1.03
116	180	0.997237
117	23	1.17286
117	24	0.515677
117	30	0.598721
117	46	1.11294
117	63	1.14764
117	67	1.11773
117	76	1.0969
117	85	1.15405
117	98	0.721668
117	108	1.22404
117	112	1.12597
117	113	1.25021
117	118	1.20878
117	127	1.15725
117	132	1.17704
117	133	1.17702
117	136	1.1524
117	140	1.17156
117	142	1.19906
117	144	1.15875
117	149	1.18716
117	152	0.813624
117	160	0.612189
117	168	1.15584
117	173	0.83198
117	174	0.726262
117	178	0.684886
117	179	0.857903
117	180	1.0503
118	23	1.19649
118	24	0.520047
118	34	1.16809
118	40	1.16809
118	46	1.13657
118	63	1.17127
118	67	1.14136
118	76	1.12053
118	85	1.17768
118	101	0.540981
118	108	1.24767
118	112	1.1496
118	113	1.27384
118	114	0.572819
118	117	1.20878
118	127	1.18088
118	132	1.20067
118	133	1.20065
118	140	1.19519
118	142	1.22269
118	144	1.18238
118	149	1.21079
118	152	0.817995
118	154	0.785454
118	160	0.61656
118	162	0.641745
118	168	1.17947
118	172	0.814618
118	178	0.689257
118	179	0.862274
118	180	1.07393
119	23	0.650972
119	53	0.627757
119	71	1.15312
119	77	0.731921
119	93	0.635672
119	103	1.13726
119	105	0.657004
119	127	0.685995
119	130	1.09873
119	143	1.21316
119	144	0.632931
119	145	1.08362
119	146	1.16457
119	149	0.647448
119	150	1.16722
119	151	1.19016
119	161	0.568284
119	162	1.18135
119	163	1.13402
119	165	1.15213
119	166	1.17534
119	169	1.14975
119	170	1.11303
119	171	1.18507
119	173	1.07932
119	174	1.1153
119	175	1.03953
119	176	1.05901
119	177	1.06646
119	179	1.07217
119	180	1.03941
120	7	1.12875
120	18	1.12614
120	35	0.991968
120	65	0.924735
120	72	0.868697
120	84	1.34677
120	88	0.893503
120	94	0.939436
120	126	0.997025
120	129	1.31947
120	137	1.01116
120	140	1.28618
120	143	1.03337
120	145	0.903828
120	147	0.993585
120	151	1.01037
120	154	0.933088
120	157	0.911098
120	159	1.00407
120	162	1.00156
120	165	0.972339
120	166	0.995553
120	167	0.922505
120	169	0.969963
120	170	0.933236
120	171	1.00528
120	173	0.899533
120	174	0.935514
120	175	0.859737
120	176	0.879218
120	177	0.886671
120	179	0.892381
121	29	1.09534
121	51	1.1349
121	52	1.13855
121	55	1.13821
121	59	1.10185
121	62	1.1192
121	70	1.18421
121	77	1.12796
121	82	1.10867
121	84	1.08878
121	89	1.14913
121	93	1.09709
121	97	1.15324
121	105	1.10737
121	134	1.11422
121	135	1.11215
121	137	0.603402
121	138	1.1244
121	139	1.11321
121	141	1.1017
121	152	0.911928
121	156	1.15616
121	158	1.01019
121	163	0.78102
121	164	1.07194
121	167	0.870267
121	169	0.778742
121	171	0.729064
121	172	1.02547
121	174	0.824567
121	178	0.78319
121	179	0.956207
122	4	1.21422
122	7	1.23902
122	12	1.23418
122	17	1.08021
122	21	1.17987
122	39	0.655551
122	41	1.14108
122	83	1.12793
122	86	1.19145
122	96	1.14392
122	100	1.18934
122	104	1.16307
122	106	1.14889
122	109	1.19064
122	110	1.13078
122	111	1.10871
122	131	0.552077
122	153	1.17624
122	154	0.714975
122	156	1.20019
122	160	1.17769
122	161	1.21646
122	163	0.616607
122	164	1.11597
122	167	0.705855
122	168	0.564878
122	172	1.0695
122	173	0.765872
122	175	0.929137
122	176	0.837078
122	178	1.13351
122	180	0.908456
123	11	1.19593
123	19	1.14613
123	28	0.683947
123	38	1.23236
123	44	1.07619
123	60	1.22226
123	64	0.700058
123	75	1.15108
123	76	0.738402
123	84	0.653479
123	87	1.09263
123	106	0.629271
123	111	0.80289
123	124	1.09673
123	127	0.689485
123	128	1.16338
123	135	1.12434
123	138	1.13659
123	141	1.11389
123	142	0.633564
123	156	0.593332
123	157	1.06303
123	161	1.18462
123	163	1.10616
123	167	1.07444
123	169	1.1219
123	173	1.05147
123	174	1.08745
123	176	1.03115
123	177	1.03861
123	179	1.04432
123	180	1.01155
124	42	1.18264
124	50	1.04775
124	53	1.14543
124	62	1.12047
124	77	1.12923
124	78	1.12353
124	81	1.09343
124	87	1.08172
124	95	1.10439
124	99	1.09003
124	115	1.13589
124	123	1.09673
124	126	0.657262
124	128	1.15246
124	129	1.09237
124	134	1.11549
124	135	1.11342
124	138	1.12567
124	139	1.11449
124	141	1.10297
124	147	0.684565
124	150	0.760909
124	157	0.875183
124	160	1.13493
124	161	1.1737
124	165	0.757031
124	166	0.707452
124	167	0.825611
124	168	1.10617
124	175	1.04889
124	179	0.911551
124	180	1.00063
125	2	0.820019
125	23	0.729022
125	28	1.11296
125	29	1.07358
125	31	1.07242
125	33	1.06628
125	41	0.795781
125	51	1.11314
125	52	1.11679
125	55	1.11645
125	59	1.08009
125	61	1.07148
125	64	1.08091
125	68	1.04841
125	73	1.11635
125	76	0.812961
125	79	0.705483
125	80	1.09187
125	82	0.830312
125	136	0.798051
125	149	0.725497
125	154	1.05107
125	155	1.09245
125	156	1.1344
125	158	0.988428
125	168	1.08314
125	173	1.01752
125	174	1.0535
125	175	0.977724
125	176	0.997205
125	177	1.00466
125	179	1.01037
126	42	0.619127
126	47	0.770105
126	55	0.588615
126	56	0.663489
126	88	1.08674
126	102	1.20396
126	111	0.766585
126	114	1.2109
126	120	0.997025
126	124	0.657262
126	138	0.605753
126	141	0.660847
126	146	1.17802
126	147	1.18683
126	148	1.13584
126	150	1.18067
126	152	1.10267
126	154	1.12633
126	156	0.557028
126	157	1.10434
126	159	1.19731
126	161	0.53547
126	163	1.14747
126	165	1.16558
126	166	1.18879
126	169	1.1632
126	170	1.12648
126	173	1.09277
126	174	1.12876
126	175	1.05298
126	176	1.07246
126	177	1.07991
126	178	1.14298
126	179	1.08562
127	1	1.18932
127	34	1.11656
127	40	1.11656
127	45	0.697605
127	46	1.08504
127	63	1.11974
127	67	1.08983
127	76	1.069
127	85	1.12614
127	92	1.14775
127	108	1.19614
127	110	1.10979
127	112	1.09807
127	113	1.22231
127	117	1.15725
127	118	1.18088
127	119	0.685995
127	123	0.689485
127	132	1.14913
127	133	1.14912
127	136	1.12449
127	140	1.14366
127	142	1.17116
127	143	0.631663
127	144	1.13085
127	147	0.680484
127	148	0.755486
127	149	1.15925
127	160	0.661756
127	168	1.12794
127	171	0.680327
127	175	1.04481
127	179	0.90747
127	180	1.0224
128	16	1.23777
128	42	1.24929
128	53	1.21208
128	58	0.828979
128	62	1.18712
128	77	1.19588
128	78	1.19018
128	81	1.16008
128	82	1.17658
128	91	1.18936
128	95	1.17104
128	99	1.15668
128	102	0.593162
128	115	1.20253
128	123	1.16338
128	124	1.15246
128	129	1.15902
128	130	0.778464
128	131	0.59344
128	134	1.18214
128	135	1.18006
128	137	0.480354
128	138	1.19232
128	139	1.18113
128	141	1.16962
128	147	0.606172
128	152	0.78888
128	161	1.24035
128	162	0.61263
128	168	1.17282
128	170	0.75304
128	174	0.701518
128	176	0.878441
128	180	1.06728
129	42	1.1892
129	50	1.0543
129	53	1.15199
129	58	0.839984
129	62	1.12703
129	77	1.13579
129	78	1.13009
129	81	1.09999
129	82	1.11649
129	87	1.08827
129	88	0.782829
129	91	1.12927
129	95	1.11095
129	99	1.09659
129	101	0.52287
129	115	1.14244
129	120	1.31947
129	124	1.09237
129	128	1.15902
129	134	1.12205
129	135	1.11998
129	136	1.10929
129	138	1.13223
129	139	1.12104
129	141	1.10953
129	143	0.568356
129	151	0.615413
129	160	1.14148
129	161	1.18026
129	163	0.668975
129	166	0.640064
129	167	0.758223
129	168	1.11273
129	179	0.844163
129	180	1.00719
130	26	1.02014
130	48	0.779356
130	49	0.72732
130	53	0.794538
130	90	1.12941
130	100	0.77888
130	104	0.793957
130	109	0.775959
130	112	0.841968
130	119	1.09873
130	128	0.778464
130	134	0.837406
130	146	1.09993
130	147	1.10874
130	148	1.05775
130	150	1.10259
130	151	1.12552
130	154	1.04824
130	155	1.08962
130	157	1.02625
130	159	1.11923
130	162	1.11671
130	163	1.06939
130	165	1.0875
130	166	1.11071
130	169	1.08512
130	170	1.04839
130	171	1.12044
130	173	1.01469
130	174	1.05067
130	175	0.974894
130	176	0.994375
130	177	1.00183
130	178	1.06489
130	179	1.00754
130	180	0.974772
131	9	1.22256
131	21	0.62089
131	28	1.1825
131	29	1.14312
131	31	1.14195
131	43	1.23408
131	51	1.18267
131	59	1.14962
131	63	0.737984
131	69	1.13191
131	70	1.23199
131	76	0.716669
131	84	1.13656
131	86	0.551323
131	87	0.744257
131	93	1.14486
131	97	1.20102
131	100	0.593856
131	105	1.15515
131	112	0.656944
131	122	0.552077
131	128	0.59344
131	139	0.638355
131	142	0.611831
131	154	1.12061
131	156	1.20394
131	158	1.05797
131	163	1.14175
131	165	1.15986
131	169	1.15749
131	170	1.12076
131	171	1.19281
131	172	1.07325
131	174	1.12304
131	176	1.06674
131	179	1.0799
132	1	1.20911
132	23	1.16475
132	34	1.13634
132	40	1.13634
132	46	1.10483
132	53	0.512874
132	63	1.13953
132	67	1.10961
132	76	1.08879
132	85	1.14593
132	90	0.610128
132	94	0.831312
132	106	1.14768
132	108	1.21592
132	110	1.12958
132	112	1.11785
132	113	1.2421
132	117	1.17704
132	118	1.20067
132	127	1.14913
132	133	1.16891
132	136	1.14428
132	140	1.16344
132	142	1.19094
132	144	1.15064
132	149	1.17904
132	150	0.740993
132	155	0.749029
132	165	0.737115
132	166	0.687536
132	167	0.805695
132	168	1.14772
132	169	0.71417
132	172	0.84398
132	178	0.718618
132	180	1.04218
133	1	1.20909
133	8	0.687892
133	23	1.16473
133	34	1.13633
133	40	1.13633
133	46	1.10481
133	63	1.13951
133	67	1.1096
133	76	1.08877
133	85	1.14591
133	90	0.602154
133	103	0.731891
133	106	1.14767
133	108	1.21591
133	110	1.12956
133	112	1.11784
133	113	1.24208
133	117	1.17702
133	118	1.20065
133	127	1.14912
133	132	1.16891
