1	75	0.679121
1	101	0.733391
1	114	0.708379
1	131	0.720031
1	154	2.24705
1	167	0.714102
1	168	0.70514
1	170	0.733511
1	173	0.706339
1	176	0.780615
1	178	2.55844
1	180	0.719372
2	7	0.699866
2	13	0.689242
2	23	0.676735
2	25	0.776307
2	28	0.680696
2	88	0.728852
2	109	0.697577
2	129	2.29648
2	139	0.717397
2	144	0.741672
2	175	2.50923
2	176	0.791656
3	78	2.11427
3	83	0.735824
3	87	0.718709
3	94	0.71679
3	149	2.67894
3	151	0.717036
3	163	0.718668
3	166	0.714489
3	171	0.723415
3	177	0.713999
3	178	0.717545
3	179	0.723526
4	8	0.702462
4	11	0.708665
4	12	0.702462
4	16	0.703386
4	33	0.698502
4	36	0.758291
4	52	0.744527
4	53	0.744527
4	67	0.661014
4	158	2.54383
4	165	0.776164
4	168	2.2617
5	65	0.736818
5	75	0.681769
5	78	0.735708
5	85	0.71377
5	142	0.705576
5	149	0.708068
5	154	2.20941
5	165	0.756395
5	166	2.59586
5	167	0.716751
5	170	0.736159
5	173	0.708987
6	54	0.718944
6	111	0.738765
6	124	0.706853
6	127	0.70604
6	146	0.726174
6	155	0.718728
6	160	0.711416
6	161	0.729862
6	172	0.715898
6	174	2.41534
6	179	2.38986
6	180	0.727322
7	2	0.699866
7	13	0.6963
7	21	2.76359
7	23	0.683793
7	28	0.687753
7	29	0.767787
7	67	0.656695
7	88	0.73591
7	139	0.724454
7	144	0.74873
7	169	2.04249
7	176	0.798713
8	4	0.702462
8	11	0.695567
8	16	0.690287
8	17	0.757485
8	33	0.685403
8	36	0.745192
8	52	0.731429
8	53	0.731429
8	108	0.697679
8	165	0.763066
8	166	2.37803
8	177	2.42724
9	66	0.702704
9	105	0.74207
9	119	0.713535
9	124	0.709752
9	138	2.33113
9	141	0.714094
9	147	0.72212
9	157	0.718429
9	160	0.714315
9	161	0.732761
9	177	2.47388
9	180	0.730221
10	52	2.37955
10	110	0.698803
10	141	0.714068
10	144	2.41531
10	146	0.729046
10	158	0.714484
10	159	0.722225
10	160	0.714289
10	161	0.732735
10	178	0.719088
10	179	0.725068
10	180	0.730195
11	4	0.708665
11	8	0.695567
11	12	0.695567
11	16	0.696491
11	17	0.763689
11	33	0.691607
11	52	0.737632
11	53	0.737632
11	94	2.34264
11	108	0.703882
11	159	2.46384
11	165	0.769269
12	4	0.702462
12	11	0.695567
12	16	0.690287
12	17	0.757485
12	33	0.685403
12	36	0.745192
12	52	0.731429
12	53	0.731429
12	108	0.697679
12	164	2.47574
12	165	0.763066
12	168	2.32954
13	2	0.689242
13	7	0.6963
13	23	0.673169
13	25	0.772741
13	29	0.757164
13	67	0.646072
13	88	0.725286
13	118	2.60848
13	129	2.1971
13	139	0.713831
13	144	0.738106
13	176	0.78809
14	77	1.55881
14	98	1.49071
14	134	0.797286
14	137	0.789991
14	144	0.815098
14	158	1.75988
14	167	0.798569
14	170	0.817977
14	172	0.792414
14	173	0.790806
14	175	0.79402
14	180	0.803839
15	27	2.06239
15	43	0.729745
15	104	0.729758
15	111	0.733493
15	140	0.712075
15	147	0.713949
15	155	0.713456
15	156	2.74306
15	157	0.710258
15	161	0.72459
15	172	0.710626
15	180	0.72205
16	4	0.703386
16	8	0.690287
16	11	0.696491
16	12	0.690287
16	17	0.758409
16	33	0.686327
16	36	0.746116
16	52	0.732353
16	53	0.732353
16	69	2.53162
16	165	0.76399
16	175	2.27418
17	8	0.757485
17	11	0.763689
17	12	0.757485
17	16	0.758409
17	33	0.753526
17	36	0.813314
17	52	0.799551
17	53	0.799551
17	108	0.765801
17	114	1.77923
17	153	1.80106
17	165	0.831188
17	168	1.62258
18	38	0.787914
18	99	0.74301
18	100	0.751627
18	101	0.793897
18	127	1.81983
18	145	0.776045
18	166	1.76477
18	168	0.765646
18	170	0.794017
18	171	1.6188
18	173	0.766845
18	176	0.841121
18	180	0.779878
19	120	0.768552
19	130	0.761439
19	141	0.774966
19	143	0.79317
19	147	0.782992
19	157	0.779301
19	160	0.775187
19	161	0.793633
19	168	1.60912
19	171	1.70176
19	172	0.779669
19	177	1.89694
19	180	0.791093
20	27	1.95776
20	43	0.725265
20	74	3.2473
20	90	0.709447
20	102	0.685934
20	127	0.696288
20	128	0.725353
20	140	0.707595
20	146	0.716422
20	157	0.705778
20	160	0.701664
20	161	0.72011
20	172	0.706146
21	7	2.76359
21	45	0.729704
21	118	0.70058
21	122	0.702484
21	152	0.699923
21	153	0.721226
21	159	0.710141
21	163	0.708127
21	165	2.43379
21	166	0.703948
21	168	0.703879
21	178	0.707004
21	179	0.712985
22	72	0.742935
22	95	0.764329
22	96	0.763756
22	99	0.74805
22	131	0.785578
22	134	0.778365
22	139	1.75724
22	163	1.69727
22	165	0.819293
22	167	0.779649
22	169	1.75408
22	173	0.771885
22	176	0.846161
23	2	0.676735
23	7	0.683793
23	13	0.673169
23	25	0.760234
23	28	0.664623
23	29	0.744657
23	88	0.712779
23	94	2.45935
23	109	0.681504
23	139	0.701324
23	144	0.725599
23	169	2.74714
23	176	0.775583
24	82	0.788903
24	109	0.755562
24	125	0.802401
24	150	1.9634
24	153	0.791513
24	165	1.53379
24	166	0.774235
24	169	0.769916
24	170	1.69564
24	171	0.783161
24	177	0.773745
24	178	0.777291
24	179	0.783272
25	2	0.776307
25	13	0.772741
25	23	0.760234
25	28	0.764194
25	29	0.844228
25	40	1.47934
25	109	0.781076
25	117	1.68845
25	139	0.800895
25	144	0.825171
25	176	0.875154
25	178	1.64015
26	27	0.795483
26	77	1.71358
26	85	0.766053
26	101	0.788321
26	123	1.69485
26	142	0.757858
26	148	1.79974
26	150	0.763694
26	167	0.769033
26	170	0.788441
26	173	0.761269
26	176	0.835545
26	180	0.774302
27	15	2.06239
27	20	1.95776
27	26	0.795483
27	128	1.17777
27	149	0.775246
27	150	0.77859
27	164	0.778532
27	173	0.776166
27	174	0.779892
27	175	0.77938
27	177	0.774546
27	178	0.778092
27	179	0.784073
28	2	0.680696
28	7	0.687753
28	23	0.664623
28	25	0.764194
28	29	0.748617
28	67	0.637525
28	88	0.71674
28	109	0.685465
28	119	2.57987
28	139	0.705284
28	144	0.72956
28	176	0.779543
28	179	2.62027
29	7	0.767787
29	13	0.757164
29	23	0.744657
29	25	0.844228
29	28	0.748617
29	48	1.87539
29	67	0.717559
29	89	1.68653
29	109	0.765499
29	139	0.785318
29	144	0.809594
29	166	1.64725
29	176	0.859577
30	86	0.777045
30	104	0.79675
30	106	0.795627
30	127	0.767759
30	130	0.759387
30	141	0.772915
30	146	0.787893
30	155	0.780447
30	160	0.773135
30	165	1.35202
30	177	1.98755
30	178	1.8633
30	180	0.789041
31	87	0.777732
31	102	1.97343
31	115	0.779557
31	129	0.79169
31	137	1.63484
31	159	0.779705
31	162	0.7833
31	168	0.773442
31	171	0.782438
31	177	0.773022
31	178	0.776567
31	179	0.782548
31	180	1.58236
32	37	2.67789
32	65	2.51526
32	68	0.683241
32	79	0.730656
32	91	0.700624
32	125	0.730676
32	153	0.719788
32	164	0.706006
32	166	0.70251
32	174	0.707366
32	177	0.70202
32	178	0.705566
32	179	0.711547
33	4	0.698502
33	8	0.685403
33	11	0.691607
33	12	0.685403
33	16	0.686327
33	17	0.753526
33	36	0.741232
33	52	0.727469
33	53	0.727469
33	67	0.643956
33	152	2.73639
33	165	0.759106
33	170	2.46344
34	54	0.763188
34	97	1.6807
34	124	0.751097
34	127	0.750283
34	128	0.779349
34	136	2.16364
34	140	0.761591
34	146	0.770417
34	155	0.762971
34	157	0.759774
34	160	0.755659
34	161	0.774105
34	175	1.76475
34	180	0.771565
35	42	1.68752
35	49	0.753658
35	65	0.786008
35	100	0.742959
35	108	0.740198
35	131	0.771869
35	136	2.09501
35	145	0.767376
35	149	0.757257
35	153	1.82634
35	167	0.76594
35	170	0.785348
35	173	0.758177
35	180	0.77121
36	4	0.758291
36	8	0.745192
36	12	0.745192
36	16	0.746116
36	17	0.813314
36	33	0.741232
36	52	0.787258
36	53	0.787258
36	67	0.703744
36	89	2.05751
36	94	1.75999
36	98	1.79258
36	108	0.753508
36	165	0.818894
37	32	2.67789
37	60	0.746967
37	97	1.33599
37	99	0.736651
37	114	0.762526
37	117	0.753122
37	134	0.766966
37	144	0.784779
37	145	0.769686
37	150	0.762911
37	162	1.59218
37	167	0.76825
37	170	0.787658
37	173	0.760486
38	18	0.787914
38	70	0.735223
38	81	0.77708
38	99	0.739185
38	101	0.790072
38	108	0.745042
38	134	0.7695
38	135	1.89371
38	149	0.762101
38	153	1.83645
38	162	1.87837
38	172	0.764629
38	173	0.76302
38	175	0.766235
39	48	0.756765
39	96	0.754846
39	116	1.87832
39	140	1.89051
39	147	1.82534
39	152	0.75782
39	167	0.770738
39	169	0.757526
39	173	0.762974
39	175	0.766189
39	177	0.761355
39	178	0.7649
39	179	0.770881
39	180	0.776007
40	25	1.47934
40	85	1.90035
40	93	0.794212
40	115	0.761478
40	118	0.752064
40	124	2.2159
40	153	0.77271
40	159	0.761626
40	168	0.755363
40	171	0.764358
40	174	0.760289
40	177	0.754942
40	178	0.758488
40	179	0.764469
41	73	2.9135
41	81	0.699426
41	103	0.70733
41	121	0.683149
41	143	0.700476
41	150	0.687791
41	167	0.69313
41	168	0.684168
41	170	0.712539
41	173	0.685367
41	175	0.688581
41	176	0.759642
41	179	2.69181
41	180	0.6984
42	35	1.68752
42	59	0.754177
42	96	2.05991
42	148	0.766805
42	158	0.759218
42	161	1.84703
42	162	0.770554
42	163	0.764945
42	164	0.764262
42	169	0.756447
42	171	0.769692
42	177	0.760276
42	178	0.763822
42	179	0.769803
43	15	0.729745
43	20	0.725265
43	90	0.76759
43	106	0.782298
43	111	0.787157
43	120	0.753172
43	141	0.759586
43	143	0.77779
43	146	0.774565
43	155	0.767119
43	156	1.64468
43	169	1.972
43	177	1.99167
43	180	0.775713
44	55	1.84941
44	65	0.780821
44	75	0.725772
44	96	0.744861
44	143	0.7681
44	149	0.75207
44	150	0.755414
44	152	1.81735
44	163	1.94161
44	167	0.760753
44	168	0.751791
44	170	0.780162
44	173	0.75299
44	176	0.827266
45	21	0.729704
45	90	1.89199
45	99	2.01689
45	122	0.763984
45	126	0.756101
45	149	1.68179
45	156	0.769398
45	159	0.771641
45	169	0.761129
45	174	0.770304
45	175	0.769792
45	177	0.764958
45	178	0.768504
45	179	0.774485
46	49	1.85851
46	95	1.92639
46	122	0.755159
46	125	0.784788
46	133	0.767392
46	153	0.7739
46	159	0.762816
46	161	1.80629
46	166	0.756623
46	169	0.752304
46	171	0.765549
46	177	0.756133
46	178	0.759678
46	179	0.765659
47	54	1.74924
47	77	0.777774
47	93	0.789307
47	98	0.781567
47	124	2.00237
47	129	0.768706
47	132	0.763019
47	141	1.84083
47	158	0.748979
47	169	0.746209
47	171	0.759453
47	174	0.755384
47	177	0.750037
47	179	0.759564
48	29	1.87539
48	39	0.756765
48	58	0.792247
48	94	0.736913
48	97	0.780064
48	112	2.20755
48	123	0.75918
48	154	0.748176
48	158	0.733064
48	165	1.91129
48	166	0.734612
48	171	0.743538
48	177	0.734122
48	178	0.737668
48	179	0.743649
49	35	0.753658
49	46	1.85851
49	56	0.737659
49	96	0.729304
49	101	0.764485
49	134	0.743913
49	142	0.734022
49	149	0.736513
49	158	2.14172
49	164	2.00578
49	168	0.736234
49	170	0.764605
49	173	0.737433
49	176	0.811709
49	180	0.750466
50	58	0.801491
50	59	0.737267
50	109	0.725183
50	121	2.13097
50	142	2.17189
50	153	0.761134
50	156	0.747806
50	164	0.747352
50	166	0.743856
50	168	0.743787
50	169	0.739537
50	171	0.752782
50	176	1.68907
50	178	0.746912
50	179	0.752893
51	102	0.729064
51	124	0.740231
51	128	0.768484
51	130	0.731046
51	138	2.01847
51	146	0.759552
51	147	0.752599
51	155	0.752106
51	157	0.748908
51	160	0.744794
51	161	0.76324
51	162	2.09379
51	172	0.749276
51	179	1.89555
51	180	0.7607
52	4	0.744527
52	8	0.731429
52	10	2.37955
52	11	0.737632
52	12	0.731429
52	16	0.732353
52	17	0.799551
52	33	0.727469
52	36	0.787258
52	53	0.773495
52	63	2.0043
52	67	0.689981
52	108	0.739745
52	165	0.805131
52	166	1.6221
53	4	0.744527
53	8	0.731429
53	11	0.737632
53	12	0.731429
53	16	0.732353
53	17	0.799551
53	33	0.727469
53	36	0.787258
53	52	0.773495
53	67	0.689981
53	108	0.739745
53	156	1.93127
53	165	0.805131
53	174	2.03808
53	175	2.0387
54	6	0.718944
54	34	0.763188
54	47	1.74924
54	71	0.729364
54	86	0.747644
54	111	0.771084
54	140	0.749665
54	146	0.758492
54	157	0.747849
54	160	0.743734
54	161	0.76218
54	172	0.748216
54	175	2.00828
54	177	2.24784
54	180	0.75964
55	44	1.84941
55	88	0.759383
55	89	0.750596
55	110	0.729552
55	141	2.17076
55	148	0.75282
55	151	0.749328
55	162	0.756569
55	169	0.742462
55	171	0.755707
55	172	1.97383
55	174	0.751637
55	177	0.746291
55	178	0.749837
55	179	0.755818
56	49	0.737659
56	85	0.746962
56	110	2.31218
56	112	0.754822
56	144	0.766471
56	145	0.751378
56	148	2.00538
56	149	0.741259
56	154	1.69033
56	167	0.749942
56	168	0.740979
56	170	0.76935
56	172	0.743787
56	173	0.742178
56	180	0.755211
57	95	0.720591
57	106	2.01368
57	148	0.733057
57	154	0.740581
57	157	2.17711
57	160	2.20302
57	166	0.727018
57	167	0.735911
57	168	0.726948
57	169	0.722699
57	170	0.755319
57	173	0.728147
57	176	0.802423
57	178	0.730073
57	179	0.736054
57	180	0.74118
58	48	0.792247
58	50	0.801491
58	70	1.95829
58	101	1.33091
58	108	2.03436
58	118	0.793958
58	136	0.797629
58	151	0.799874
58	156	0.801276
58	163	0.801506
58	171	0.806253
58	174	0.802183
58	176	1.06519
58	177	0.796837
58	178	0.800383
58	179	0.806363
59	42	0.754177
59	50	0.737267
59	102	2.38164
59	129	0.751281
59	151	0.73565
59	158	0.731555
59	163	0.737282
59	166	0.733103
59	169	0.728784
59	171	0.742029
59	173	2.01899
59	174	0.737959
59	177	0.732613
59	178	0.736159
59	179	0.74214
59	180	1.99057
60	37	0.746967
60	61	0.714746
60	108	0.710454
60	114	0.730472
60	131	0.742125
60	133	2.09949
60	143	0.743542
60	144	0.752725
60	156	0.731252
60	165	0.77584
60	167	0.736196
60	170	0.755604
60	173	0.728432
60	174	2.09642
60	175	0.731647
60	178	2.21234
61	60	0.714746
61	99	0.70443
61	132	2.128
61	137	0.72745
61	138	0.724616
61	149	0.727346
61	150	0.73069
61	151	2.11268
61	165	0.775673
61	167	0.736029
61	169	2.16772
61	170	0.755437
61	173	0.728265
61	175	0.73148
61	176	0.802541
61	180	0.741298
62	90	0.743437
62	102	0.719924
62	106	0.758146
62	119	0.734874
62	124	0.731091
62	127	0.730278
62	130	0.721906
62	141	0.735433
62	147	0.743459
62	156	1.9687
62	160	0.735654
62	161	0.7541
62	162	2.24828
62	172	0.740136
62	178	2.19144
62	180	0.75156
63	52	2.0043
63	99	0.711621
63	103	0.75742
63	105	2.12453
63	107	2.26499
63	114	0.737496
63	115	0.740372
63	126	0.72498
63	134	0.741937
63	166	0.734327
63	170	0.762628
63	173	0.735456
63	174	0.739183
63	177	0.733836
63	178	0.737382
63	179	0.743363
64	76	0.755939
64	113	0.737705
64	116	2.38024
64	126	0.713321
64	136	0.722971
64	148	0.728708
64	149	2.20601
64	152	0.718644
64	159	0.728862
64	162	0.732456
64	166	0.722669
64	167	2.20479
64	171	0.731594
64	174	0.727525
64	177	0.722178
64	178	0.725724
64	179	0.731705
65	5	0.736818
65	32	2.51526
65	35	0.786008
65	44	0.780821
65	101	0.796835
65	145	0.778983
65	150	0.772207
65	156	0.772603
65	158	1.49128
65	162	1.42955
65	165	0.817191
65	167	0.777546
65	168	0.768584
65	170	0.796955
65	172	0.771392
65	176	0.844059
65	178	1.37271
66	9	0.702704
66	71	0.710224
66	80	0.754964
66	86	0.728504
66	109	2.60537
66	116	0.723079
66	121	0.72525
66	124	0.720032
66	127	0.719219
66	128	0.748285
66	140	0.730526
66	156	2.06084
66	160	0.724595
66	161	0.743041
66	172	0.729077
66	179	2.14218
66	180	0.740501
67	4	0.661014
67	7	0.656695
67	13	0.646072
67	28	0.637525
67	29	0.717559
67	33	0.643956
67	36	0.703744
67	52	0.689981
67	53	0.689981
67	108	0.656232
67	109	0.654407
67	113	3.34536
67	139	0.674227
67	144	0.698502
67	165	0.721618
67	168	3.45992
67	176	0.748486
68	32	0.683241
68	77	0.74767
68	82	0.735091
68	97	0.765876
68	132	0.732915
68	137	2.25877
68	147	2.28457
68	148	0.726463
68	151	0.722971
68	152	0.716399
68	153	0.737701
68	162	0.730212
68	163	0.724603
68	164	0.723919
68	172	2.24943
68	178	0.723479
68	179	0.72946
69	16	2.53162
69	73	0.706894
69	97	0.770811
69	110	0.708131
69	132	0.737851
69	156	0.729309
69	158	0.723811
69	163	0.729538
69	166	0.725359
69	168	0.72529
69	169	0.72104
69	171	0.734285
69	173	2.14566
69	177	0.724869
69	178	0.728415
69	179	0.734396
69	180	2.11724
70	38	0.735223
70	58	1.95829
70	78	0.740875
70	82	2.43175
70	85	0.718938
70	103	0.736118
70	134	0.720635
70	138	0.710505
70	142	0.710743
70	150	0.716579
70	167	0.721918
70	170	0.741326
70	171	2.41588
70	173	0.714154
70	175	0.717369
70	176	0.78843
70	180	0.727187
71	54	0.729364
71	66	0.710224
71	80	0.752204
71	91	2.33413
71	104	0.745449
71	120	0.715201
71	124	0.717272
71	140	0.727766
71	141	0.721614
71	146	0.736593
71	147	0.72964
71	155	0.729147
71	157	0.72595
71	160	0.721835
71	163	2.34263
71	168	2.13128
71	180	0.737741
72	22	0.742935
72	96	0.704873
72	103	0.734965
72	108	0.695023
72	112	0.725645
72	118	2.20273
72	126	2.36165
72	134	0.719482
72	145	0.722201
72	150	0.715426
72	165	0.760409
72	167	0.720765
72	170	0.740173
72	172	0.71461
72	175	0.716216
72	176	0.787277
72	177	2.24366
73	41	2.9135
73	69	0.706894
73	76	0.754497
73	103	1.87062
73	104	0.743098
73	111	0.746833
73	130	0.705735
73	135	0.726599
73	140	0.725415
73	157	0.723598
73	161	0.73793
73	167	2.01121
73	171	0.730153
73	172	0.723965
73	177	0.720737
73	178	0.724283
73	179	0.730263
74	20	3.2473
74	76	0.747349
74	115	0.720125
74	118	0.710711
74	133	0.724848
74	144	1.96895
74	154	0.727643
74	158	0.712531
74	159	0.720273
74	163	0.718258
74	164	0.717575
74	166	0.71408
74	169	0.709761
74	171	0.723005
74	176	1.97984
74	177	0.713589
74	178	0.717135
74	179	0.723116
75	1	0.679121
75	5	0.681769
75	44	0.725772
75	85	0.719517
75	100	0.699516
75	137	0.713919
75	143	0.729844
75	145	0.723934
75	150	0.717158
75	152	2.39019
75	167	0.722498
75	168	0.713535
75	170	0.741906
75	173	0.714734
75	174	2.35074
75	176	0.78901
75	178	2.46666
75	180	0.727767
76	64	0.755939
76	73	0.754497
76	74	0.747349
76	90	1.91788
76	92	0.769929
76	151	0.77551
76	155	1.97617
76	159	0.779156
76	162	0.78275
76	163	0.777141
76	164	0.776458
76	166	0.772963
76	170	1.54548
76	174	0.777819
76	177	0.772472
76	178	0.776018
76	179	0.781999
76	180	1.75064
77	14	1.55881
77	26	1.71358
77	47	0.777774
77	68	0.74767
77	114	2.02995
77	123	0.791506
77	125	0.795104
77	126	0.757592
77	139	0.768085
77	159	0.773132
77	163	0.771117
77	166	0.766939
77	168	0.766869
77	174	0.771795
77	177	0.766448
77	178	0.769994
77	179	0.775975
77	180	1.89261
78	3	2.11427
78	5	0.735708
78	70	0.740875
78	82	1.31242
78	84	2.13169
78	101	0.795724
78	117	0.761308
78	131	0.782365
78	136	1.65107
78	143	0.783782
78	145	0.777872
78	149	0.767753
78	156	0.771492
78	167	0.776436
78	170	0.795844
78	172	0.770281
78	173	0.768672
78	175	0.771887
79	32	0.730656
79	100	2.12768
79	113	0.782874
79	123	0.792406
79	132	0.78033
79	149	1.77171
79	152	0.763813
79	162	0.777626
79	163	0.772017
79	169	0.763519
79	171	0.776764
79	172	1.85782
79	174	0.772694
79	175	0.772182
79	176	1.43328
79	177	0.767348
79	178	0.770894
79	179	0.776875
80	66	0.754964
80	71	0.752204
80	90	0.774358
80	104	0.790189
80	107	0.787785
80	116	0.765059
80	119	0.765794
80	120	0.75994
80	155	0.773886
80	157	0.770689
80	160	0.766575
80	161	0.785021
80	168	1.73777
80	172	0.771056
80	174	1.78541
80	175	1.78603
80	178	1.90133
80	180	0.782481
81	38	0.77708
81	41	0.699426
81	95	0.748455
81	101	0.783063
81	112	0.768655
81	122	2.03132
81	128	1.77505
81	131	0.769704
81	132	1.8781
81	139	1.92098
81	142	0.7526
81	145	0.765211
81	149	0.755092
81	150	0.758436
81	168	0.754812
81	170	0.783183
81	173	0.756011
81	175	0.759226
81	180	0.769044
82	24	0.788903
82	68	0.735091
82	70	2.43175
82	78	1.31242
82	98	0.785399
82	118	0.750991
82	126	0.745013
82	133	0.765129
82	134	2.01057
82	139	0.755506
82	145	1.83999
82	158	0.752812
82	162	0.764148
82	163	0.758538
82	171	0.763286
82	174	0.759216
82	175	0.758704
82	177	0.75387
82	179	0.763396
83	3	0.735824
83	84	0.728154
83	115	0.767073
83	118	0.757659
83	127	2.19984
83	152	0.757003
83	154	0.774591
83	161	1.9213
83	162	0.770815
83	163	0.765206
83	166	0.761028
83	169	0.756708
83	174	0.765884
83	175	0.765372
83	176	1.54407
83	177	0.760537
83	178	0.764083
83	179	0.770064
83	180	1.92547
84	78	2.13169
84	83	0.728154
84	88	0.719421
84	92	0.703785
84	125	0.734984
84	136	0.707121
84	148	0.712858
84	151	0.709366
84	158	0.705271
84	164	0.710314
84	167	2.69514
84	168	0.706749
84	169	0.7025
84	171	0.715745
84	173	2.76774
84	174	0.711675
84	177	0.706329
84	178	0.709874
84	179	0.715855
85	5	0.71377
85	26	0.766053
85	40	1.90035
85	56	0.746962
85	70	0.718938
85	75	0.719517
85	91	2.10044
85	99	0.7229
85	115	2.02223
85	134	0.753215
85	142	0.743324
85	149	0.745816
85	152	1.98469
85	156	0.749555
85	165	0.794143
85	172	0.748344
85	173	0.746735
85	175	0.74995
85	176	0.821011
85	180	0.759768
86	30	0.777045
86	54	0.747644
86	66	0.728504
86	106	0.762607
86	107	0.761326
86	116	0.738599
86	117	2.11151
86	124	0.735552
86	128	0.763805
86	133	1.95036
86	140	0.746046
86	147	0.74792
86	155	0.747427
86	157	0.74423
86	159	2.00121
86	160	0.740115
86	161	0.758561
86	172	0.744597
86	175	1.94791
86	180	0.756021
87	3	0.718709
87	31	0.777732
87	93	0.782692
87	131	1.79418
87	133	0.754681
87	136	0.744215
87	141	2.19583
87	145	1.87571
87	148	0.749952
87	151	0.74646
87	152	0.739888
87	158	0.742364
87	159	0.750106
87	160	2.12404
87	171	0.752838
87	174	0.748768
87	175	0.748257
87	177	0.743422
87	178	0.746968
87	179	0.752949
88	2	0.728852
88	7	0.73591
88	13	0.725286
88	23	0.712779
88	28	0.71674
88	55	0.759383
88	84	0.719421
88	112	1.90479
88	121	2.03604
88	137	2.02802
88	139	0.753441
88	144	0.777717
88	148	0.758334
88	158	0.750746
88	164	0.75579
88	171	0.76122
88	172	2.01869
88	176	0.8277
88	178	0.75535
88	179	0.761331
89	29	1.68653
89	36	2.05751
89	55	0.750596
89	93	0.782287
89	125	0.771673
89	126	0.73416
89	152	0.739482
89	156	0.747456
89	159	0.7497
89	163	0.747686
89	164	0.747002
89	169	0.739188
89	171	0.752433
89	172	2.13257
89	173	2.11785
89	174	0.748363
89	175	0.747851
89	177	0.743017
89	178	0.746563
89	179	0.752543
90	20	0.709447
90	43	0.76759
90	45	1.89199
90	62	0.743437
90	76	1.91788
90	80	0.774358
90	106	0.76648
90	119	0.743209
90	127	0.738613
90	128	0.767679
90	130	0.730241
90	138	2.12386
90	140	0.74992
90	141	0.743768
90	143	0.761972
90	155	0.751301
90	157	0.748103
90	160	0.743989
90	171	2.07142
90	180	0.759895
91	32	0.700624
91	71	2.33413
91	85	2.10044
91	94	0.740107
91	113	0.752842
91	114	2.15174
91	118	0.734438
91	129	0.755984
91	132	0.750298
91	135	0.743178
91	153	0.755084
91	159	0.743999
91	166	0.737806
91	168	0.737737
91	169	0.733487
91	170	1.80922
91	171	0.746732
91	174	0.742662
91	177	0.737316
91	178	0.740862
91	179	0.746843
92	76	0.769929
92	84	0.703785
92	94	0.73896
92	98	0.767698
92	115	0.742704
92	130	2.27885
92	132	0.74915
92	149	1.95184
92	151	0.739206
92	152	0.732634
92	159	0.742852
92	160	2.16308
92	163	0.740837
92	164	0.740154
92	166	0.736659
92	169	0.73234
92	174	0.741515
92	177	0.736169
92	178	0.739714
92	179	0.745695
92	180	1.99481
93	40	0.794212
93	47	0.789307
93	87	0.782692
93	89	0.782287
93	97	0.823924
93	112	1.62226
93	129	0.796651
93	134	1.78353
93	136	0.778774
93	141	1.93308
93	148	0.784512
93	153	0.79575
93	158	0.776924
93	163	0.782651
93	164	0.781968
93	172	1.73615
93	174	0.783328
93	176	1.31161
93	177	0.777982
93	178	0.781528
93	179	0.787509
94	3	0.71679
94	11	2.34264
94	23	2.45935
94	36	1.75999
94	48	0.736913
94	91	0.740107
94	92	0.73896
94	110	0.724765
94	117	0.735759
94	132	0.754485
94	135	0.747365
94	152	0.737969
94	159	0.748187
94	162	0.751781
94	163	0.746172
94	164	0.745489
94	169	0.737675
94	172	1.83505
94	177	0.741503
94	178	0.745049
94	179	0.75103
95	22	0.764329
95	46	1.92639
95	57	0.720591
95	81	0.748455
95	99	0.71056
95	100	0.719177
95	117	0.727031
95	121	0.732178
95	126	2.33328
95	131	0.748088
95	137	0.73358
95	139	2.19878
95	142	0.730984
95	167	0.742159
95	168	0.733196
95	170	0.761567
95	173	0.734395
95	175	0.73761
95	176	0.808671
95	179	1.94963
95	180	0.747428
96	22	0.763756
96	39	0.754846
96	42	2.05991
96	44	0.744861
96	49	0.729304
96	72	0.704873
96	100	0.718605
96	112	0.746467
96	114	0.735863
96	117	0.726459
96	142	0.730412
96	145	0.743023
96	148	2.18748
96	154	1.87242
96	165	0.781231
96	167	0.741587
96	169	2.2884
96	170	0.760995
96	173	0.733823
96	175	0.737038
96	180	0.746856
97	34	1.6807
97	37	1.33599
97	48	0.780064
97	68	0.765876
97	69	0.770811
97	93	0.823924
97	117	0.77891
97	134	1.86628
97	135	0.790516
97	136	0.785447
97	149	1.73279
97	152	0.78112
97	154	0.798709
97	159	0.791338
97	162	0.794932
97	166	0.785145
97	169	0.780826
97	174	0.790001
97	178	0.7882
97	179	0.794181
97	180	1.77576
98	14	1.49071
98	36	1.79258
98	47	0.781567
98	82	0.785399
98	92	0.767698
98	117	0.764497
98	132	0.783224
98	133	0.781501
98	136	0.771034
98	141	2.06457
98	152	0.766707
98	153	0.78801
98	154	0.784296
98	162	0.78052
98	163	0.774911
98	169	0.766413
98	170	1.61934
98	174	0.775588
98	175	0.775076
98	178	0.773788
98	179	0.779769
98	180	1.82451
99	18	0.74301
99	22	0.74805
99	37	0.736651
99	38	0.739185
99	45	2.01689
99	61	0.70443
99	63	0.711621
99	85	0.7229
99	95	0.71056
99	103	0.74008
99	112	0.73076
99	137	0.717301
99	145	0.727316
99	148	2.27091
99	156	0.720936
99	162	2.32409
99	165	0.765524
99	167	0.72588
99	170	0.745288
99	171	2.19632
99	173	0.718116
99	176	0.792392
100	18	0.751627
100	35	0.742959
100	75	0.699516
100	79	2.12768
100	95	0.719177
100	96	0.718605
100	103	0.748697
100	112	0.739378
100	131	0.740426
100	142	0.723323
100	144	0.751026
100	145	0.735934
100	150	0.729158
100	156	0.729554
100	161	2.13968
100	166	2.36316
100	167	0.734497
100	168	0.725535
100	170	0.753906
100	173	0.726734
100	174	2.17219
100	175	0.729948
101	1	0.733391
101	18	0.793897
101	26	0.788321
101	38	0.790072
101	49	0.764485
101	58	1.33091
101	65	0.796835
101	78	0.795724
101	81	0.783063
101	133	1.74658
101	137	0.768189
101	138	0.765355
101	139	1.96718
101	149	0.768084
101	163	1.90721
101	167	0.776767
101	168	0.767805
101	170	0.796176
101	172	0.770613
101	173	0.769004
101	175	0.772218
101	178	1.85943
102	20	0.685934
102	31	1.97343
102	51	0.729064
102	59	2.38164
102	62	0.719924
102	105	0.748231
102	106	0.742967
102	116	0.71896
102	120	0.713841
102	127	0.7151
102	128	0.744165
102	130	0.706728
102	143	0.738458
102	146	0.735234
102	147	0.728281
102	155	0.727787
102	157	0.72459
102	158	2.48474
102	160	0.720476
102	161	0.738922
102	172	0.724958
102	178	2.36618
102	180	0.736382
103	41	0.70733
103	63	0.75742
103	70	0.736118
103	72	0.734965
103	73	1.87062
103	99	0.74008
103	100	0.748697
103	110	2.10079
103	114	0.765955
103	137	0.763101
103	144	0.788208
103	145	0.773115
103	150	0.76634
103	152	1.71385
103	155	1.87159
103	165	0.811324
103	167	0.771679
103	170	0.791087
103	172	0.765524
103	173	0.763916
103	176	0.838191
103	179	1.64893
103	180	0.776948
104	15	0.729758
104	30	0.79675
104	71	0.745449
104	73	0.743098
104	80	0.790189
104	105	0.787575
104	106	0.782312
104	116	0.758304
104	120	0.753186
104	123	1.90945
104	127	0.754444
104	128	0.78351
104	140	0.765751
104	147	0.767625
104	157	0.763935
104	160	0.75982
104	161	0.778266
104	168	1.84711
104	170	1.66125
104	172	0.764302
104	174	1.89475
104	175	1.89537
104	180	0.775726
105	9	0.74207
105	63	2.12453
105	102	0.748231
105	104	0.787575
105	107	0.785172
105	119	0.763181
105	120	0.757326
105	122	1.88537
105	124	0.759398
105	127	0.758585
105	130	0.750213
105	136	1.95088
105	141	0.76374
105	146	0.778719
105	147	0.771766
105	155	0.771273
105	157	0.768075
105	160	0.763961
105	161	0.782407
105	162	1.72413
105	172	0.768443
105	179	1.52589
105	180	0.779867
106	30	0.795627
106	43	0.782298
106	57	2.01368
106	62	0.758146
106	86	0.762607
106	90	0.76648
106	102	0.742967
106	104	0.782312
106	116	0.757182
106	118	2.03737
106	119	0.757917
106	120	0.752063
106	138	1.93556
106	146	0.773455
106	147	0.766502
106	155	0.766009
106	157	0.762812
106	160	0.758697
106	161	0.777143
106	168	1.79048
106	172	0.763179
106	176	1.42839
106	180	0.774603
107	63	2.26499
107	80	0.787785
107	86	0.761326
107	105	0.785172
107	111	0.784766
107	116	0.755901
107	121	0.758072
107	124	0.752854
107	125	1.682
107	128	0.781106
107	130	0.743668
107	135	1.87992
107	141	0.757196
107	146	0.772174
107	147	0.765221
107	155	0.764728
107	157	0.761531
107	160	0.757416
107	161	0.775862
107	172	0.761898
107	174	1.69183
107	175	1.69245
107	180	0.773322
108	8	0.697679
108	11	0.703882
108	12	0.697679
108	17	0.765801
108	35	0.740198
108	36	0.753508
108	38	0.745042
108	52	0.739745
108	53	0.739745
108	58	2.03436
108	60	0.710454
108	67	0.656232
108	72	0.695023
108	117	0.716609
108	137	0.723159
108	154	2.25148
108	159	2.50088
108	165	0.771382
108	167	0.731737
108	170	0.751145
108	173	0.723974
108	179	2.42148
108	180	0.737006
109	2	0.697577
109	23	0.681504
109	24	0.755562
109	25	0.781076
109	28	0.685465
109	29	0.765499
109	50	0.725183
109	66	2.60537
109	67	0.654407
109	139	0.722166
109	144	0.746442
109	145	2.21684
109	146	2.27788
109	152	0.716995
109	164	0.724515
109	169	0.716701
109	170	2.09173
109	171	0.729945
109	174	0.725876
109	176	0.796425
109	177	0.720529
109	178	0.724075
109	179	0.730056
110	10	0.698803
110	55	0.729552
110	56	2.31218
110	69	0.708131
110	94	0.724765
110	103	2.10079
110	113	0.7375
110	120	2.35379
110	122	0.720999
110	125	0.750629
110	129	0.740642
110	148	0.728503
110	152	0.718439
110	157	2.42794
110	159	0.728657
110	162	0.732252
110	163	0.726642
110	164	0.725959
110	169	0.718145
110	171	0.73139
110	177	0.721974
110	178	0.725519
110	179	0.7315
111	6	0.738765
111	15	0.733493
111	43	0.787157
111	54	0.771084
111	73	0.746833
111	107	0.784766
111	118	1.88327
111	120	0.756921
111	124	0.758993
111	127	0.758179
111	128	0.787245
111	136	2.08353
111	141	0.763335
111	146	0.778313
111	147	0.77136
111	155	0.770867
111	157	0.76767
111	160	0.763555
111	161	0.782001
111	169	1.90453
111	174	1.68402
111	179	1.65854
111	180	0.779461
112	48	2.20755
112	56	0.754822
112	72	0.725645
112	81	0.768655
112	88	1.90479
112	93	1.62226
112	96	0.746467
112	99	0.73076
112	100	0.739378
112	114	0.756636
112	121	0.752378
112	131	0.768288
112	137	0.753781
112	145	0.763796
112	150	0.75702
112	159	1.84236
112	165	0.802004
112	167	0.76236
112	170	0.781768
112	172	0.756205
112	173	0.754596
112	175	0.75781
112	177	2.02862
112	180	0.767629
113	64	0.737705
113	67	3.34536
113	79	0.782874
113	91	0.752842
113	110	0.7375
113	135	0.7601
113	136	0.755031
113	148	0.760768
113	154	0.768293
113	162	0.764517
113	163	0.758907
113	164	0.758224
113	165	1.32998
113	166	0.754729
113	169	0.75041
113	170	1.49182
113	171	0.763655
113	173	1.72541
113	174	0.759585
113	175	0.759073
113	177	0.754239
113	178	0.757784
113	179	0.763765
113	180	1.69699
114	1	0.708379
114	17	1.77923
114	37	0.762526
114	60	0.730472
114	63	0.737496
114	77	2.02995
114	91	2.15174
114	96	0.735863
114	103	0.765955
114	112	0.756636
114	115	2.07352
114	134	0.750472
114	137	0.743177
114	142	0.74058
114	143	0.759101
114	145	0.753191
114	149	0.743072
114	150	0.746416
114	156	0.746811
114	167	0.751755
114	172	0.7456
114	175	0.747206
114	176	0.818267
114	179	1.97106
114	180	0.757024
115	31	0.779557
115	40	0.761478
115	63	0.740372
115	74	0.720125
115	83	0.767073
115	85	2.02223
115	92	0.742704
115	114	2.07352
115	116	2.06744
115	126	0.736391
115	132	0.758229
115	133	0.756507
115	138	0.743218
115	159	0.751931
115	162	0.755525
115	163	0.749916
115	164	0.749233
115	166	0.745738
115	167	1.89199
115	169	0.741419
115	171	0.754663
115	174	0.750594
115	175	0.750082
115	177	0.745247
115	180	1.93618
116	39	1.87832
116	64	2.38024
116	66	0.723079
116	80	0.765059
116	86	0.738599
116	102	0.71896
116	104	0.758304
116	106	0.757182
116	107	0.755901
116	115	2.06744
116	121	0.735345
116	127	0.729314
116	128	0.75838
116	130	0.720942
116	140	0.740621
116	141	0.734469
116	143	0.752673
116	146	0.749448
116	147	0.742495
116	155	0.742002
116	157	0.738804
116	160	0.73469
116	161	0.753136
116	164	2.08901
116	174	1.99045
116	180	0.750596
117	25	1.68845
117	37	0.753122
117	78	0.761308
117	86	2.11151
117	94	0.735759
117	95	0.727031
117	96	0.726459
117	97	0.77891
117	98	0.764497
117	108	0.716609
117	127	2.29777
117	128	2.12947
117	140	2.16686
117	149	0.733668
117	153	0.750735
117	154	0.747022
117	159	0.739651
117	167	0.742351
117	169	0.729139
117	170	0.761759
117	173	0.734587
117	175	0.737802
117	177	0.732967
117	178	0.736513
117	179	0.742494
117	180	0.74762
118	13	2.60848
118	21	0.70058
118	40	0.752064
118	58	0.793958
118	72	2.20273
118	74	0.710711
118	82	0.750991
118	83	0.757659
118	91	0.734438
118	106	2.03737
118	111	1.88327
118	123	0.760892
118	135	0.741696
118	144	1.66614
118	151	0.738871
118	153	0.753602
118	158	0.734776
118	162	0.746112
118	163	0.740503
118	164	0.73982
118	166	0.736324
118	171	0.74525
118	174	0.74118
118	177	0.735834
118	178	0.73938
118	179	0.745361
119	9	0.713535
119	28	2.57987
119	62	0.734874
119	80	0.765794
119	90	0.743209
119	105	0.763181
119	106	0.757917
119	120	0.728791
119	124	0.730863
119	127	0.73005
119	128	0.759115
119	130	0.721678
119	135	2.00975
119	140	0.741357
119	143	0.753408
119	146	0.750184
119	147	0.743231
119	155	0.742737
119	157	0.73954
119	160	0.735426
119	161	0.753872
119	172	0.739908
119	175	1.82227
119	177	2.06183
119	178	1.93757
119	180	0.751332
120	19	0.768552
120	43	0.753172
120	71	0.715201
120	80	0.75994
120	102	0.713841
120	104	0.753186
120	105	0.757326
120	106	0.752063
120	110	2.35379
120	111	0.756921
120	119	0.728791
120	128	0.753261
120	140	0.735502
120	141	0.72935
120	143	0.747554
120	146	0.744329
120	147	0.737376
120	155	0.736883
120	157	0.733686
120	158	2.16189
120	160	0.729571
120	161	0.748017
120	168	1.87976
120	171	1.9724
120	178	2.04333
120	180	0.745477
121	41	0.683149
121	50	2.13097
121	66	0.72525
121	88	2.03604
121	95	0.732178
121	107	0.758072
121	112	0.752378
121	116	0.735345
121	135	2.10778
121	137	0.738919
121	141	0.73664
121	147	0.744666
121	150	0.742159
121	153	2.05052
121	155	0.744173
121	157	0.740976
121	160	0.736861
121	161	0.755307
121	163	2.08338
121	165	0.787142
121	167	0.747498
121	168	0.738535
121	170	0.766906
121	172	0.741343
121	173	0.739734
121	180	0.752767
122	21	0.702484
122	45	0.763984
122	46	0.755159
122	81	2.03132
122	105	1.88537
122	110	0.720999
122	123	0.762796
122	131	2.03161
122	133	0.748997
122	135	0.7436
122	146	2.17417
122	147	2.27147
122	148	0.744268
122	152	0.734204
122	153	0.755506
122	158	0.73668
122	159	0.744422
122	162	0.748016
122	163	0.742407
122	164	0.741724
122	166	0.738228
122	171	0.747154
122	174	0.743084
122	177	0.737738
122	178	0.741284
122	179	0.747265
123	26	1.69485
123	48	0.75918
123	77	0.791506
123	79	0.792406
123	104	1.90945
123	118	0.760892
123	122	0.762796
123	125	0.792426
123	132	0.776752
123	133	0.775029
123	146	1.85486
123	148	0.7703
123	150	1.93648
123	158	0.762712
123	159	0.770454
123	162	0.774048
123	164	0.767756
123	166	0.76426
123	168	0.764191
123	171	0.773186
123	173	1.9023
123	174	0.769116
123	175	0.768605
123	176	1.49248
123	177	0.76377
123	178	0.767316
123	179	0.773297
124	6	0.706853
124	9	0.709752
124	34	0.751097
124	40	2.2159
124	47	2.00237
124	51	0.740231
124	62	0.731091
124	66	0.720032
124	71	0.717272
124	86	0.735552
124	105	0.759398
124	107	0.752854
124	111	0.758993
124	119	0.730863
124	127	0.726267
124	128	0.755333
124	130	0.717895
124	131	2.07087
124	146	0.746401
124	152	2.30023
124	155	0.738955
124	157	0.735757
124	160	0.731643
124	161	0.750089
124	168	2.21315
124	172	0.736125
124	180	0.747549
125	24	0.802401
125	32	0.730676
125	46	0.784788
125	77	0.795104
125	84	0.734984
125	89	0.771673
125	107	1.682
125	110	0.750629
125	123	0.792426
125	131	1.68778
125	136	0.76816
125	142	1.95078
125	148	0.773897
125	152	0.763833
125	154	0.781422
125	160	2.01764
125	162	0.777646
125	163	0.772037
125	166	0.767858
125	167	1.80518
125	168	0.767789
125	170	1.6442
125	171	0.776784
125	174	0.772714
125	177	0.767368
125	178	0.770914
125	179	0.776895
126	45	0.756101
126	63	0.72498
126	64	0.713321
126	72	2.36165
126	77	0.757592
126	82	0.745013
126	89	0.73416
126	95	2.33328
126	115	0.736391
126	132	0.742837
126	144	1.82507
126	151	0.732893
126	152	0.726321
126	153	0.747623
126	159	0.736539
126	162	0.740133
126	163	0.734524
126	164	0.733841
126	166	0.730346
126	168	0.730276
126	170	2.01219
126	171	0.739271
126	172	2.2605
126	174	0.735202
126	177	0.729855
126	178	0.733401
126	179	0.739382
127	6	0.70604
127	18	1.81983
127	20	0.696288
127	30	0.767759
127	34	0.750283
127	62	0.730278
127	66	0.719219
127	83	2.19984
127	90	0.738613
127	102	0.7151
127	104	0.754444
127	105	0.758585
127	111	0.758179
127	116	0.729314
127	117	2.29777
127	119	0.73005
127	124	0.726267
127	130	0.717082
127	143	0.748813
127	146	0.745588
127	147	0.738635
127	155	0.738142
127	161	0.749276
127	169	2.35406
127	172	0.735312
127	175	2.13417
127	180	0.746736
128	20	0.725353
128	27	1.17777
128	34	0.779349
128	51	0.768484
128	66	0.748285
128	81	1.77505
128	86	0.763805
128	90	0.767679
128	102	0.744165
128	104	0.78351
128	107	0.781106
128	111	0.787245
128	116	0.75838
128	117	2.12947
128	119	0.759115
128	120	0.753261
128	124	0.755333
128	130	0.746147
128	139	2.18892
128	140	0.765827
128	147	0.7677
128	155	0.767207
128	157	0.76401
128	159	2.01918
128	160	0.759896
128	161	0.778342
128	168	1.91761
128	180	0.775801
129	2	2.29648
129	13	2.1971
129	31	0.79169
129	47	0.768706
129	59	0.751281
129	91	0.755984
129	93	0.796651
129	110	0.740642
129	138	0.755351
129	146	1.62803
129	152	0.753846
129	153	0.775148
129	154	0.771435
129	157	1.78942
129	159	0.764064
129	162	0.767659
129	164	0.761366
129	166	0.757871
129	167	1.60287
129	168	0.757801
129	169	0.753552
129	171	0.766797
129	173	1.67547
129	174	0.762727
129	175	0.762215
129	177	0.757381
129	178	0.760926
129	179	0.766907
130	19	0.761439
130	30	0.759387
130	51	0.731046
130	62	0.721906
130	73	0.705735
130	90	0.730241
130	92	2.27885
130	102	0.706728
130	105	0.750213
130	107	0.743668
130	116	0.720942
130	119	0.721678
130	124	0.717895
130	127	0.717082
130	128	0.746147
130	139	2.3669
130	140	0.728389
130	141	0.722237
130	147	0.730263
130	155	0.729769
130	157	0.726572
130	160	0.722458
130	161	0.740904
130	171	2.18823
130	172	0.72694
130	178	2.25916
130	179	2.11776
130	180	0.738364
131	1	0.720031
131	22	0.785578
131	35	0.771869
131	60	0.742125
131	78	0.782365
131	81	0.769704
131	87	1.79418
131	95	0.748088
131	100	0.740426
131	112	0.768288
131	122	2.03161
131	124	2.07087
131	125	1.68778
131	132	1.87838
131	134	0.762125
131	137	0.754829
131	143	0.770754
131	149	0.754725
131	150	0.758069
131	167	0.763408
131	168	0.754445
131	170	0.782816
131	171	1.7426
131	172	0.757253
131	173	0.755644
131	175	0.758859
131	176	0.82992
131	180	0.768677
132	47	0.763019
132	61	2.128
132	68	0.732915
132	69	0.737851
132	79	0.78033
132	81	1.8781
132	91	0.750298
132	92	0.74915
132	94	0.754485
132	98	0.783224
132	115	0.758229
132	123	0.776752
132	126	0.742837
132	131	1.87838
132	143	1.91248
132	145	1.95991
132	154	0.765748
132	156	0.756133
132	158	0.750636
132	163	0.756363
132	164	0.755679
132	166	0.752184
132	169	0.747865
132	170	1.8348
132	171	0.76111
132	174	0.75704
132	177	0.751694
132	178	0.75524
132	179	0.76122
133	46	0.767392
133	60	2.09949
133	74	0.724848
133	82	0.765129
133	86	1.95036
133	87	0.754681
133	98	0.781501
133	101	1.74658
133	115	0.756507
133	122	0.748997
133	123	0.775029
133	135	0.755833
133	139	0.751608
133	148	0.756501
133	154	0.764025
133	155	2.08778
133	162	0.760249
133	163	0.75464
133	164	0.753957
133	166	0.750462
133	167	1.81807
133	169	0.746143
133	171	0.759387
133	173	1.89067
133	174	0.755318
133	175	0.754806
133	177	0.749971
133	178	0.753517
133	179	0.759498
134	14	0.797286
134	22	0.778365
134	37	0.766966
134	38	0.7695
134	49	0.743913
134	63	0.741937
134	70	0.720635
134	72	0.719482
134	82	2.01057
134	85	0.753215
134	93	1.78353
134	97	1.86628
134	114	0.750472
134	131	0.762125
134	138	0.744783
134	142	0.745021
134	144	0.772724
134	147	1.99965
134	149	0.747513
134	154	1.75423
134	156	0.751252
134	165	0.79584
134	167	0.756196
134	168	0.747233
134	170	0.775604
134	172	0.750041
134	173	0.748432
134	177	2.18989
134	180	0.761465
135	38	1.89371
135	73	0.726599
135	91	0.743178
135	94	0.747365
135	97	0.790516
135	107	1.87992
135	113	0.7601
135	118	0.741696
135	119	2.00975
135	121	2.10778
135	122	0.7436
135	133	0.755833
135	136	0.745366
135	137	2.09976
135	139	0.746211
135	148	0.751104
135	151	0.747612
135	153	0.762342
135	154	0.758628
135	158	0.743516
135	159	0.751258
135	164	0.74856
135	166	0.745064
135	167	2.0031
135	169	0.740745
135	171	0.75399
135	174	0.74992
135	177	0.744574
135	178	0.74812
135	179	0.754101
136	34	2.16364
136	35	2.09501
136	58	0.797629
136	64	0.722971
136	78	1.65107
136	84	0.707121
136	87	0.744215
136	93	0.778774
136	97	0.785447
136	98	0.771034
136	105	1.95088
136	111	2.08353
136	113	0.755031
136	125	0.76816
136	135	0.745366
136	151	0.742542
136	152	0.73597
136	153	0.757272
136	154	0.753559
136	162	0.749783
136	163	0.744173
136	166	0.739995
136	168	0.739925
136	169	0.735676
136	170	2.05353
136	171	0.748921
136	174	0.744851
136	177	0.739505
136	178	0.74305
136	179	0.749031
137	14	0.789991
137	31	1.63484
137	61	0.72745
137	68	2.25877
137	75	0.713919
137	88	2.02802
137	95	0.73358
137	99	0.717301
137	101	0.768189
137	103	0.763101
137	108	0.723159
137	112	0.753781
137	114	0.743177
137	121	0.738919
137	131	0.754829
137	135	2.09976
137	142	0.737726
137	145	0.750337
137	149	0.740217
137	150	0.743561
137	165	0.788545
137	167	0.7489
137	168	0.739938
137	170	0.768309
137	171	1.95666
137	173	0.741137
137	175	0.744351
137	176	0.815413
137	178	2.02759
137	180	0.75417
138	9	2.33113
138	51	2.01847
138	61	0.724616
138	70	0.710505
138	90	2.12386
138	101	0.765355
138	106	1.93556
138	115	0.743218
138	129	0.755351
138	134	0.744783
138	145	0.747503
138	147	2.03491
138	149	0.737383
138	151	0.73972
138	156	0.741123
138	158	0.735625
138	159	0.743366
138	161	1.95245
138	162	0.746961
138	164	0.740669
138	165	0.785711
138	167	0.746066
138	168	0.737104
