1	47	1.10399
1	116	1.02224
1	118	1.05807
1	123	1.31068
1	125	1.01818
1	132	1.06715
1	139	0.831914
1	140	1.04241
1	141	1.06593
1	151	0.981935
1	163	0.982427
1	168	1.01964
2	85	1.01208
2	113	1.03837
2	121	1.13978
2	126	1.06554
2	137	1.07785
2	153	1.07034
2	155	0.876104
2	166	1.06668
2	175	1.06092
2	176	0.923014
2	178	1.08151
2	179	1.07454
3	39	0.918558
3	93	1.15512
3	113	0.921771
3	118	1.10655
3	139	0.946707
3	163	0.906362
3	164	0.980217
3	166	0.950079
3	172	0.962541
3	176	0.806411
3	178	0.964907
3	179	0.957942
4	29	0.955056
4	48	1.00512
4	100	1.14184
4	147	1.00066
4	155	0.962027
4	163	0.908812
4	166	1.09314
4	169	0.935015
4	173	0.966923
4	175	0.928719
4	177	0.905172
4	180	0.837766
5	68	1.25113
5	95	1.02163
5	129	1.04106
5	138	0.931742
5	149	1.06714
5	158	1.03848
5	161	1.05548
5	164	0.814716
5	166	1.05071
5	174	1.11013
5	178	1.06554
5	179	1.05857
6	67	1.03165
6	111	0.964375
6	116	1.03901
6	135	1.05899
6	140	1.05917
6	141	1.08269
6	157	0.898711
6	168	1.03641
6	176	0.936658
6	177	1.20273
6	178	1.09515
6	179	1.08819
7	31	1.87471
7	50	1.0923
7	70	0.830192
7	84	1.01437
7	92	1.07409
7	106	1.0517
7	116	1.03008
7	132	1.07499
7	140	1.05025
7	141	1.07376
7	167	0.386498
7	168	1.02748
8	112	0.621992
8	121	1.02215
8	126	0.819884
8	138	1.05557
8	142	0.870292
8	152	0.788788
8	154	1.09278
8	155	1.08375
8	163	1.03053
8	165	1.03341
8	167	1.05653
8	177	1.02689
9	63	1.14666
9	109	0.755346
9	141	0.553136
9	154	1.10534
9	163	1.04309
9	167	1.06909
9	169	1.06929
9	171	1.06873
9	172	0.641739
9	174	1.02943
9	177	1.03945
9	180	0.972046
10	90	0.891765
10	115	1.04915
10	134	1.02505
10	153	1.05098
10	160	1.04792
10	166	1.04732
10	167	1.08788
10	169	1.10173
10	172	1.05979
10	173	1.01043
10	178	1.06215
10	179	1.05519
11	66	0.653053
11	110	0.806998
11	111	0.763307
11	130	0.790299
11	140	3.46487
11	149	0.784533
11	151	0.721468
11	153	0.771764
11	160	0.768703
11	173	0.782501
11	178	0.782935
11	179	0.775969
12	31	0.774608
12	57	0.936626
12	118	1.09689
12	128	1.1437
12	131	1.00278
12	142	0.917027
12	161	0.953195
12	170	0.935377
12	171	0.930342
12	173	0.962819
12	178	0.963253
12	179	0.956287
13	63	0.893072
13	64	0.98533
13	65	0.878218
13	89	0.893044
13	93	0.95114
13	102	0.941858
13	104	1.00295
13	107	0.941551
13	109	0.921026
13	157	1.25535
13	165	1.37569
13	168	1.33362
14	46	0.762362
14	52	1.18714
14	106	1.26477
14	111	0.945078
14	133	0.981451
14	138	0.931199
14	154	0.968411
14	164	0.980015
14	171	0.931795
14	175	0.926068
14	177	0.902521
14	180	0.835115
15	74	1.00066
15	108	0.94216
15	139	0.948792
15	142	1.17464
15	157	0.977018
15	158	1.07461
15	164	0.982303
15	165	0.911323
15	173	0.966559
15	175	0.928355
15	177	0.904808
15	180	0.837402
16	73	1.00757
16	75	0.987664
16	77	1.06633
16	114	0.994923
16	134	0.98745
16	151	1.29244
16	158	0.997489
16	160	1.01032
16	161	1.01449
16	164	1.00207
16	173	1.07793
16	178	1.02455
16	179	1.01758
17	25	0.767064
17	46	1.70366
17	79	1.93234
17	108	0.8382
17	131	0.902563
17	147	0.896337
17	151	0.801566
17	157	0.873058
17	159	0.866399
17	169	0.830691
17	174	0.790831
17	177	0.800848
17	180	0.733443
18	47	1.06386
18	84	0.966399
18	86	1.04512
18	92	1.02612
18	112	1.01234
18	121	0.837498
18	124	1.13248
18	125	0.978044
18	140	1.00228
18	141	1.02579
18	168	0.979512
18	176	1.54127
18	177	0.934341
19	33	0.955276
19	43	0.9336
19	78	0.771758
19	86	0.868182
19	105	0.959855
19	120	0.921661
19	135	1.3383
19	170	0.936627
19	173	0.964069
19	175	0.925865
19	177	0.902318
19	178	1.29119
19	180	0.834912
20	22	1.00154
20	29	0.73883
20	34	0.998605
20	51	1.16965
20	57	1.08728
20	64	1.05571
20	65	0.9486
20	66	1.47629
20	89	0.963426
20	91	1.02772
20	93	1.02152
20	102	1.01224
20	109	0.991409
21	127	0.918525
21	129	0.928959
21	138	1.03094
21	145	0.936476
21	151	1.00298
21	162	0.996811
21	164	1.07975
21	169	1.0321
21	174	0.992241
21	175	1.0258
21	177	1.00226
21	178	0.744259
21	179	0.831602
22	20	1.00154
22	41	1.46958
22	55	0.871261
22	137	0.929794
22	139	0.915252
22	141	1.19228
22	161	0.923395
22	170	0.905577
22	171	0.900542
22	172	0.931086
22	173	0.933019
22	174	0.861251
22	179	0.926487
23	40	0.973318
23	61	1.03647
23	76	1.18657
23	83	1.09625
23	112	1.01046
23	118	1.01606
23	125	0.976161
23	128	1.03539
23	132	1.02514
23	140	1.00039
23	141	1.02391
23	143	1.06948
23	157	1.0714
24	52	0.96815
24	135	0.896767
24	137	0.929273
24	147	1.24598
24	152	0.920744
24	153	0.92176
24	158	0.905873
24	161	0.922873
24	170	1.41562
24	174	1.60739
24	176	0.774435
24	178	0.932931
24	179	0.925965
25	17	0.767064
25	27	1.26354
25	86	0.956771
25	132	1.24812
25	135	0.907569
25	138	0.910227
25	143	0.922236
25	156	0.950546
25	158	0.916675
25	161	0.933676
25	171	0.910822
25	178	0.943733
25	179	0.936767
26	94	0.983715
26	100	1.00035
26	104	1.05823
26	114	0.991367
26	137	1.01733
26	144	1.11941
26	153	1.00982
26	154	1.03339
26	164	1.03876
26	166	1.00616
26	169	1.20591
26	178	1.02099
26	179	1.01403
27	25	1.26354
27	34	1.02062
27	63	0.985466
27	65	0.970611
27	89	0.985437
27	91	1.04973
27	102	1.03425
27	107	1.03394
27	109	1.01342
27	136	1.30368
27	142	1.01188
27	156	0.79322
27	175	0.924557
28	40	1.05619
28	61	1.11934
28	84	1.04739
28	105	0.972164
28	106	1.08472
28	112	1.09333
28	118	1.09893
28	132	1.10801
28	140	1.08327
28	141	1.10678
28	143	0.966189
28	155	0.911617
28	159	0.94322
28	170	1.00893
29	4	0.955056
29	20	0.73883
29	91	0.956393
29	112	0.991291
29	156	1.03421
29	159	1.03077
29	165	0.971732
29	168	0.968653
29	169	0.99506
29	170	0.999526
29	174	0.9552
29	175	0.988764
29	179	1.11018
29	180	0.897811
30	53	0.995676
30	103	0.977925
30	119	0.995146
30	123	0.874353
30	148	0.975998
30	149	1.00553
30	156	1.20423
30	157	1.20724
30	158	0.976869
30	160	0.989695
30	167	1.29773
30	172	1.00156
30	178	1.00393
30	179	0.996961
31	7	1.87471
31	12	0.774608
31	37	0.857358
31	39	2.18451
31	50	0.711855
31	126	0.835082
31	139	0.832857
31	147	0.884361
31	152	0.83887
31	166	0.836229
31	175	0.81242
31	178	0.851058
31	179	0.844092
31	180	0.721467
32	49	0.742367
32	62	0.82323
32	71	0.578155
32	85	1.08748
32	121	1.08803
32	145	1.02699
32	149	0.721647
32	159	1.15832
32	167	1.12241
32	174	1.08275
32	175	1.11632
32	177	1.09277
32	179	0.740669
32	180	1.02536
33	19	0.955276
33	94	0.922641
33	115	0.816889
33	126	0.983207
33	137	0.988265
33	145	0.902509
33	154	1.03418
33	156	1.03729
33	159	1.03384
33	163	0.971931
33	170	1.0026
33	175	0.991839
33	177	0.968291
33	180	0.900886
34	20	0.998605
34	27	1.02062
34	41	0.929011
34	57	1.05341
34	63	0.929581
34	91	0.993845
34	93	0.987649
34	102	0.978367
34	109	0.957535
34	117	0.91814
34	142	0.955992
34	154	1.03043
34	162	1.43025
34	174	1.33122
35	85	0.947311
35	103	1.00148
35	116	0.958641
35	118	0.994469
35	125	0.954572
35	134	0.944073
35	140	0.978805
35	141	1.00232
35	158	0.903395
35	159	1.01815
35	173	1.01435
35	175	0.976151
35	177	0.952603
35	179	0.874002
36	95	0.957614
36	100	0.980884
36	127	0.980519
36	137	0.997868
36	145	1.41292
36	148	0.973597
36	152	0.989339
36	153	0.990356
36	162	0.933895
36	168	0.825803
36	177	1.05156
36	178	1.00153
36	179	0.994561
36	180	1.42207
37	31	0.857358
37	121	0.979079
37	125	0.961977
37	128	0.831817
37	131	1.08553
37	151	0.984535
37	163	0.987457
37	167	1.01345
37	170	1.01813
37	174	0.973801
37	177	0.983818
37	178	0.903685
37	179	0.991028
37	180	0.916412
38	77	1.04621
38	106	0.969891
38	116	0.948273
38	117	0.839795
38	118	0.984101
38	124	1.52244
38	125	0.944204
38	128	1.00343
38	132	0.993181
38	140	0.968437
38	141	0.991953
38	143	1.01835
38	162	1.3519
38	168	0.945671
39	3	0.918558
39	31	2.18451
39	44	0.951504
39	61	1.01453
39	73	0.993523
39	112	0.98852
39	116	0.958294
39	125	0.954226
39	132	1.0032
39	133	0.657063
39	140	0.978459
39	141	1.00198
39	167	0.69629
39	168	0.955693
40	23	0.973318
40	28	1.05619
40	45	1.56168
40	83	0.936719
40	84	0.904781
40	92	0.9645
40	106	0.942114
40	111	0.977533
40	112	0.950721
40	125	0.916426
40	132	0.965403
40	140	0.940659
40	141	0.964176
40	168	0.917894
40	180	1.5864
41	22	1.46958
41	34	0.929011
41	57	1.01769
41	59	0.96839
41	64	0.986118
41	89	0.893832
41	91	0.958124
41	102	0.942646
41	104	1.00374
41	109	0.921814
41	128	0.965505
41	139	1.17405
41	142	0.920271
41	155	1.04002
41	168	1.17477
42	46	0.995199
42	49	1.00435
42	53	1.09118
42	111	1.36841
42	127	0.935751
42	134	0.919661
42	137	0.953101
42	143	1.30083
42	153	0.945588
42	155	1.24626
42	160	0.942527
42	166	0.94193
42	172	0.954392
42	178	0.956759
42	179	0.949793
43	19	0.9336
43	68	0.913734
43	89	1.21331
43	96	0.847768
43	119	0.937718
43	121	0.941877
43	146	0.944845
43	148	1.03208
43	150	0.942155
43	159	1.01217
43	164	1.02411
43	165	0.95313
43	170	0.980924
43	171	0.975889
43	180	0.87921
44	39	0.951504
44	61	0.976856
44	86	0.983621
44	92	0.964622
44	106	0.942236
44	116	0.920617
44	118	0.956446
44	128	0.975774
44	131	0.930477
44	132	0.965526
44	140	0.940782
44	150	1.13416
44	167	1.06174
44	168	0.918016
44	176	1.88221
45	40	1.56168
45	51	0.815294
45	64	1.28202
45	74	0.972628
45	102	1.05387
45	113	0.879926
45	131	0.962593
45	150	0.856417
45	160	0.908831
45	172	0.920696
45	174	0.850861
45	178	0.923063
45	179	0.916097
45	180	0.793472
46	14	0.762362
46	17	1.70366
46	42	0.995199
46	48	1.11044
46	145	1.11418
46	148	1.05021
46	160	1.06391
46	161	1.06808
46	166	1.06331
46	169	0.55313
46	172	1.07578
46	176	0.919646
46	177	0.75282
46	178	1.07814
46	179	1.07118
47	1	1.10399
47	18	1.06386
47	86	1.07215
47	106	1.03077
47	112	1.03938
47	118	1.04498
47	125	1.00508
47	131	0.599688
47	132	1.05406
47	140	1.02931
47	141	1.05283
47	150	0.803371
47	163	0.868518
47	176	1.55142
47	180	1.31499
48	4	1.00512
48	46	1.11044
48	62	1.06597
48	127	1.051
48	133	0.930064
48	134	1.03491
48	139	0.956342
48	151	1.10636
48	160	1.05777
48	165	0.99914
48	166	1.05718
48	172	1.06964
48	176	0.913508
48	178	1.072
48	179	1.06504
49	32	0.742367
49	42	1.00435
49	67	1.13445
49	81	1.02594
49	126	1.07132
49	133	1.05278
49	137	1.08364
49	148	1.05937
49	154	0.933331
49	166	1.07247
49	172	1.08493
49	175	1.12984
49	176	0.928801
49	178	1.0873
49	179	1.08033
50	7	1.0923
50	31	0.711855
50	61	1.3592
50	97	0.867183
50	98	0.860977
50	119	0.891719
50	122	0.896421
50	125	1.76706
50	147	0.933804
50	155	0.895171
50	160	0.886268
50	169	0.868158
50	172	0.898133
50	178	0.9005
50	179	0.893534
51	20	1.16965
51	45	0.815294
51	120	0.889092
51	139	0.913733
51	144	0.926162
51	145	0.803967
51	149	1.52197
51	158	1.57039
51	163	0.873389
51	164	0.947244
51	169	0.899592
51	171	0.899023
51	174	0.859732
51	177	0.869749
51	180	0.802343
52	14	1.18714
52	24	0.96815
52	81	1.01356
52	100	1.05428
52	103	1.04892
52	105	0.877635
52	149	1.07652
52	152	1.06273
52	155	0.817088
52	165	0.993914
52	166	1.06009
52	172	1.07255
52	174	1.10618
52	178	1.07492
52	179	1.06796
53	30	0.995676
53	42	1.09118
53	70	1.01543
53	88	0.780635
53	128	0.629042
53	141	0.607648
53	146	1.04318
53	162	1.0395
53	163	1.04858
53	165	1.05146
53	167	1.07458
53	171	1.07422
53	173	1.1067
53	175	1.06849
53	180	0.97754
54	114	1.0544
54	115	1.07103
54	119	1.07525
54	120	0.993511
54	124	1.00052
54	148	1.0561
54	149	1.08563
54	153	1.07286
54	157	0.943861
54	165	1.0642
54	167	1.03435
54	175	1.07219
54	176	0.925532
54	178	1.08403
54	179	1.07706
55	22	0.871261
55	73	1.20428
55	129	0.95303
55	130	1.19301
55	135	0.941346
55	148	0.949581
55	149	0.979108
55	152	0.965323
55	158	0.950452
55	160	0.963278
55	170	1.30242
55	172	0.975143
55	173	1.27463
55	178	0.97751
55	179	0.970544
56	63	1.10379
56	98	1.04476
56	117	1.09353
56	119	0.674558
56	144	1.07851
56	148	0.768922
56	155	1.07896
56	163	1.02574
56	164	1.0996
56	165	1.02862
56	166	0.65787
56	173	1.08385
56	174	1.01208
56	179	0.690871
56	180	0.954696
57	12	0.936626
57	20	1.08728
57	34	1.05341
57	41	1.01769
57	65	1.0034
57	89	1.01823
57	93	1.07632
57	102	1.06704
57	109	1.04621
57	128	1.0899
57	136	1.14098
57	142	1.04467
57	171	0.695594
57	177	0.937557
57	180	1.30806
58	88	0.896869
58	115	0.94624
58	117	1.16972
58	129	0.934758
58	135	0.923075
58	142	0.913013
58	148	0.931309
58	149	0.960837
58	152	0.947051
58	154	1.28201
58	162	0.891607
58	166	0.94441
58	173	1.36324
58	175	1.47852
58	178	0.959239
58	179	0.952273
59	41	0.96839
59	63	0.96896
59	64	1.06122
59	91	1.03322
59	93	1.02703
59	102	1.01775
59	104	1.07884
59	107	1.01744
59	109	0.996914
59	128	1.04061
59	142	0.995371
59	143	0.706479
59	144	0.726233
59	145	1.37378
59	162	1.04003
59	176	1.61935
60	66	1.44147
60	73	1.02853
60	76	0.708808
60	92	1.0373
60	106	1.01492
60	108	0.724045
60	112	1.02352
60	116	0.993298
60	118	1.02913
60	125	0.989229
60	132	1.03821
60	136	1.10109
60	140	1.01346
60	141	1.03698
60	168	0.990696
60	176	1.50459
61	23	1.03647
61	28	1.11934
61	39	1.01453
61	44	0.976856
61	50	1.3592
61	86	1.04665
61	116	0.983646
61	122	0.553803
61	124	1.06508
61	125	0.979577
61	132	1.02855
61	140	1.00381
61	141	1.02733
61	162	0.894539
61	168	0.981045
61	176	1.47386
62	32	0.82323
62	48	1.06597
62	95	0.989758
62	113	0.990534
62	122	1.07327
62	130	1.0138
62	134	0.996572
62	137	1.03001
62	150	1.24528
62	152	1.02148
62	158	1.00661
62	160	1.01944
62	166	1.01884
62	170	1.1232
62	178	1.03367
62	179	1.0267
63	9	1.14666
63	13	0.893072
63	27	0.985466
63	34	0.929581
63	56	1.10379
63	59	0.96896
63	65	0.879575
63	82	1.30702
63	89	0.894401
63	91	0.958694
63	102	0.943216
63	107	0.942909
63	109	0.922384
63	128	0.966075
63	142	0.920841
63	168	1.491
64	13	0.98533
64	20	1.05571
64	41	0.986118
64	45	1.28202
64	59	1.06122
64	65	0.971833
64	89	0.986659
64	91	1.05095
64	93	1.04476
64	102	1.03547
64	109	1.01464
64	133	0.683474
64	142	1.0131
64	162	0.963843
64	174	0.864812
64	176	1.54317
65	13	0.878218
65	20	0.9486
65	27	0.970611
65	57	1.0034
65	63	0.879575
65	64	0.971833
65	91	0.94384
65	93	0.937644
65	97	1.19239
65	102	0.928361
65	107	0.928054
65	109	0.90753
65	122	1.1267
65	124	1.63798
65	142	0.905986
65	151	1.36337
66	11	0.653053
66	20	1.47629
66	60	1.44147
66	90	0.907548
66	105	0.905173
66	120	0.866979
66	130	0.917184
66	136	0.818055
66	156	0.916633
66	157	0.919845
66	163	0.851275
66	170	0.881944
66	171	0.876909
66	173	0.909386
66	178	1.7603
66	180	0.78023
67	6	1.03165
67	49	1.13445
67	83	0.939804
67	111	0.945403
67	114	1.17975
67	120	0.922189
67	127	1.21968
67	154	0.968736
67	156	0.971844
67	164	0.98034
67	165	0.909361
67	167	0.932483
67	170	0.937155
67	173	0.964597
67	174	0.892829
67	180	0.83544
68	5	1.25113
68	43	0.913734
68	71	1.2109
68	86	0.863063
68	88	1.3658
68	105	0.939988
68	133	0.961381
68	139	0.926435
68	151	0.883169
68	155	0.939306
68	164	0.959946
68	167	0.912088
68	169	0.912294
68	171	0.911725
68	173	0.944202
68	177	0.882451
68	180	0.815045
69	87	1.01027
69	113	0.964572
69	114	0.978084
69	115	0.994711
69	119	0.998928
69	147	0.89723
69	148	0.979779
69	152	0.995522
69	158	0.98065
69	160	0.993477
69	161	0.997651
69	165	1.14638
69	171	1.08811
69	174	1.25864
69	177	1.33007
69	178	1.00771
69	179	1.00074
70	7	0.830192
70	53	1.01543
70	75	0.911117
70	79	0.996631
70	112	1.41511
70	124	0.864492
70	132	1.315
70	140	1.12435
70	146	0.884046
70	149	0.949599
70	157	0.958026
70	160	0.933769
70	165	0.892331
70	172	0.945634
70	176	0.789505
70	179	0.941035
70	180	0.818411
71	32	0.578155
71	68	1.2109
71	100	1.07805
71	107	0.973504
71	113	1.05556
71	126	1.08272
71	135	1.06253
71	138	0.891512
71	146	0.980862
71	148	1.07076
71	153	1.08752
71	160	1.08446
71	161	1.08863
71	165	0.957641
71	172	1.09633
71	178	1.09869
71	179	1.09173
72	78	0.779437
72	81	1.29505
72	90	0.96991
72	105	0.967534
72	114	1.16494
72	153	1.12784
72	154	0.975887
72	155	0.966852
72	157	0.982206
72	165	0.916512
72	170	0.944306
72	174	0.89998
72	175	0.933544
72	176	0.813685
72	177	0.909997
72	178	1.0306
72	180	0.842591
73	16	1.00757
73	39	0.993523
73	55	1.20428
73	60	1.02853
73	92	1.00664
73	106	0.984255
73	120	0.975942
73	127	1.02943
73	132	1.00754
73	141	1.00632
73	145	0.890817
73	150	0.952138
73	151	0.957316
73	168	0.960035
73	174	0.946582
73	178	0.855163
73	179	0.942506
73	180	0.889193
74	15	1.00066
74	45	0.972628
74	85	1.03475
74	88	1.0269
74	105	0.959313
74	107	1.09146
74	127	1.06826
74	149	1.09087
74	153	1.0781
74	160	1.07504
74	162	1.02164
74	164	0.892438
74	166	1.07444
74	171	1.01732
74	172	1.0869
74	176	0.930771
74	178	1.08927
74	179	1.0823
75	16	0.987664
75	70	0.911117
75	122	1.11498
75	126	0.986843
75	135	0.966654
75	149	1.00442
75	150	1.28699
75	153	0.991647
75	158	0.975759
75	161	0.99276
75	162	0.935186
75	167	1.21457
75	168	1.20234
75	171	1.18614
75	172	1.00045
75	176	0.844321
75	178	1.00282
75	179	0.995852
76	23	1.18657
76	60	0.708808
76	84	1.28406
76	118	0.908957
76	124	0.915055
76	132	0.895983
76	138	0.965058
76	143	0.977067
76	146	0.93461
76	158	0.971506
76	161	0.988507
76	164	1.01387
76	166	0.983736
76	172	0.996198
76	174	0.926363
76	177	0.93638
76	178	0.998565
76	179	0.991599
77	16	1.06633
77	38	1.04621
77	116	1.02534
77	118	1.06117
77	123	0.951915
77	125	1.02127
77	131	0.911559
77	140	1.04551
77	141	1.06902
77	145	1.61772
77	147	0.823522
77	149	1.08309
77	152	1.0693
77	156	0.949327
77	157	0.952338
77	164	0.889519
77	178	1.08149
77	179	1.07452
78	19	0.771758
78	72	0.779437
78	80	0.75445
78	102	2.20355
78	141	2.6187
78	145	0.718991
78	150	0.780312
78	156	0.853771
78	157	0.856983
78	163	0.788413
78	169	0.814616
78	170	0.819082
78	171	0.814047
78	173	0.846524
78	174	0.774756
78	175	0.808321
78	180	0.717368
79	17	1.93234
79	70	0.996631
79	95	1.04442
79	107	0.81367
79	115	1.07533
79	121	0.884653
79	127	1.06732
79	134	1.05123
79	135	1.05217
79	157	0.677471
79	158	1.06127
79	161	1.07827
79	163	0.905522
79	166	1.0735
79	175	0.805798
79	176	0.929836
79	178	1.08833
79	179	1.08137
80	78	0.75445
80	83	0.921968
80	92	0.935052
80	96	1.16649
80	111	0.927566
80	116	0.891047
80	118	0.926876
80	128	0.946204
80	132	0.935955
80	140	0.911211
80	141	0.934728
80	158	1.30215
80	160	1.21004
80	163	0.888649
80	166	1.23975
80	170	0.919319
80	177	0.88501
80	180	0.817604
81	49	1.02594
81	52	1.01356
81	72	1.29505
81	135	0.942181
81	144	1.19476
81	147	1.0481
81	148	0.950416
81	149	0.979943
81	153	0.967174
81	158	0.951287
81	160	0.964113
81	162	0.910713
81	164	1.1141
81	166	0.963516
81	171	1.23898
81	172	0.975978
81	178	0.978345
81	179	0.971379
82	63	1.30702
82	85	0.956916
82	104	0.806606
82	112	0.77522
82	122	1.02031
82	137	0.97817
82	142	1.02352
82	151	0.962926
82	159	1.02776
82	163	0.965848
82	164	1.0397
82	165	0.968724
82	170	0.996517
82	174	0.952192
82	175	0.985756
82	176	0.865897
82	177	0.962209
82	180	0.894803
83	23	1.09625
83	40	0.936719
83	67	0.939804
83	80	0.921968
83	139	0.996275
83	143	0.992978
83	145	0.886509
83	147	1.04778
83	152	1.07258
83	156	1.02129
83	157	1.0245
83	166	0.991668
83	173	1.01404
83	174	0.942274
83	175	0.975839
83	177	0.952291
83	178	0.937326
83	180	0.884886
84	7	1.01437
84	18	0.966399
84	28	1.04739
84	40	0.904781
84	76	1.28406
84	106	0.933312
84	112	0.941919
84	116	0.911693
84	118	0.947522
84	125	0.907624
84	128	0.96685
84	132	0.956602
84	133	1.22015
84	138	1.2231
84	140	0.931857
84	141	0.955374
84	144	1.18673
84	165	1.28923
84	168	0.909092
85	2	1.01208
85	32	1.08748
85	35	0.947311
85	74	1.03475
85	82	0.956916
85	106	1.03069
85	114	1.1263
85	133	0.988971
85	147	1.00553
85	151	0.910758
85	152	1.12722
85	154	0.97593
85	155	0.966896
85	162	0.904594
85	164	0.987535
85	165	0.916555
85	174	0.900024
85	177	0.910041
85	180	0.842635
86	18	1.04512
86	19	0.868182
86	25	0.956771
86	44	0.983621
86	47	1.07215
86	61	1.04665
86	68	0.863063
86	92	1.03442
86	106	1.01203
86	112	1.02064
86	118	1.02624
86	123	1.04577
86	124	0.991633
86	125	0.986343
86	132	1.03532
86	140	1.01058
86	141	1.03409
86	168	0.98781
86	176	1.40042
87	69	1.01027
87	96	1.06485
87	113	0.999126
87	114	1.01264
87	129	1.01778
87	135	1.0061
87	138	1.08117
87	142	0.996037
87	147	0.898146
87	148	1.01433
87	152	1.03008
87	154	0.958778
87	161	1.0322
87	163	1.25501
87	171	1.08903
87	172	1.0399
87	175	1.15529
87	178	1.04226
87	179	1.0353
88	53	0.780635
88	58	0.896869
88	68	1.3658
88	74	1.0269
88	97	1.04878
88	126	0.961358
88	129	0.952852
88	137	0.973674
88	148	0.949403
88	149	0.978931
88	158	0.950274
88	160	0.963101
88	161	0.967275
88	162	0.909701
88	174	1.2248
88	176	0.818836
88	178	0.977333
88	179	0.970367
88	180	1.66673
89	13	0.893044
89	20	0.963426
89	27	0.985437
89	41	0.893832
89	43	1.21331
89	57	1.01823
89	63	0.894401
89	64	0.986659
89	90	1.15347
89	91	0.958665
89	93	0.95247
89	99	1.25278
89	102	0.943187
89	104	1.00428
89	109	0.922356
89	128	0.966047
89	142	0.920812
89	164	1.19627
89	169	1.36343
90	10	0.891765
90	66	0.907548
90	72	0.96991
90	89	1.15347
90	100	0.909891
90	120	0.994589
90	130	1.04479
90	135	0.853961
90	136	0.945665
90	147	1.07073
90	150	0.970785
90	154	1.04114
90	157	1.04746
90	167	1.00488
90	171	1.00452
90	173	1.037
90	174	0.965228
90	175	0.998793
90	178	0.806849
90	179	0.894192
91	20	1.02772
91	27	1.04973
91	29	0.956393
91	34	0.993845
91	41	0.958124
91	59	1.03322
91	63	0.958694
91	64	1.05095
91	65	0.94384
91	89	0.958665
91	93	1.01676
91	102	1.00748
91	109	0.986648
91	124	1.3482
91	128	1.03034
91	136	1.35348
91	142	0.985105
91	144	0.863871
91	162	1.17766
91	175	0.974362
92	7	1.07409
92	18	1.02612
92	40	0.9645
92	44	0.964622
92	60	1.0373
92	73	1.00664
92	80	0.935052
92	86	1.03442
92	110	0.908419
92	112	1.00164
92	116	0.971413
92	118	1.00724
92	125	0.967344
92	140	0.991577
92	141	1.01509
92	162	1.31699
92	163	1.21341
92	167	1.07585
92	170	1.02618
92	174	1.21796
93	3	1.15512
93	13	0.95114
93	20	1.02152
93	34	0.987649
93	57	1.07632
93	59	1.02703
93	64	1.04476
93	65	0.937644
93	89	0.95247
93	91	1.01676
93	102	1.00128
93	107	1.00098
93	109	0.980453
93	123	1.39868
93	128	1.02414
93	136	1.34982
93	139	0.919907
93	142	0.978909
93	165	0.962704
93	173	0.855409
94	26	0.983715
94	33	0.922641
94	99	1.01195
94	115	0.989427
94	126	0.98645
94	127	0.981417
94	135	0.966261
94	136	0.910661
94	148	0.974496
94	149	1.00402
94	160	0.988194
94	161	0.992368
94	162	0.934794
94	165	1.1386
94	166	0.987597
94	169	1.12259
94	172	1.00006
94	173	1.0313
94	178	1.00243
94	179	0.99546
94	180	1.69279
95	5	1.02163
95	36	0.957614
95	62	0.989758
95	79	1.04442
95	103	0.969787
95	107	1.13374
95	108	1.12795
95	114	0.966164
95	134	0.958691
95	142	0.949564
95	144	1.01538
95	148	0.96786
95	152	0.983602
95	153	0.984619
95	162	0.928158
95	169	1.10188
95	172	0.993423
95	173	1.01059
95	178	0.99579
95	179	0.988824
95	180	1.67207
96	43	0.847768
96	80	1.16649
96	87	1.06485
96	115	1.04929
96	120	0.943207
96	123	0.93272
96	127	1.04129
96	129	1.03781
96	131	0.852777
96	135	1.02613
96	136	0.970528
96	137	1.05863
96	139	0.971095
96	145	1.55894
96	158	1.03523
96	159	0.868669
96	160	1.04806
96	161	1.05224
96	172	1.05993
96	176	0.903797
96	178	1.06229
96	179	1.05533
97	50	0.867183
97	65	1.19239
97	88	1.04878
97	113	1.05245
97	138	0.972878
97	139	0.988185
97	140	0.646752
97	142	1.18581
97	146	0.94243
97	151	0.944918
97	154	1.01009
97	155	1.00106
97	157	1.01641
97	159	1.00975
97	162	0.938753
97	167	0.973837
97	169	0.974043
97	173	1.00595
97	174	0.934183
97	177	0.9442
97	178	0.969055
97	180	0.876795
98	50	0.860977
98	56	1.04476
98	102	0.483656
98	106	0.965651
98	112	0.974258
98	113	1.07547
98	117	1.00942
98	118	0.979861
98	125	0.939963
98	132	0.98894
98	140	0.964196
98	141	0.987713
98	152	1.12733
98	160	1.0167
98	161	1.04439
98	163	0.941634
98	168	0.94143
98	171	0.967268
98	174	0.927978
98	175	0.961542
98	177	0.937995
98	179	1.07941
99	89	1.25278
99	94	1.01195
99	105	0.968923
99	111	0.953942
99	117	0.982809
99	122	0.969491
99	125	0.964454
99	134	1.06358
99	139	0.95537
99	142	1.12292
99	146	0.909615
99	147	1.00687
99	155	0.968241
99	156	0.980384
99	159	0.976936
99	163	0.915025
99	169	0.941229
99	170	0.945694
99	173	0.973137
99	174	0.901369
99	177	0.911386
99	179	0.993505
99	180	0.84398
100	4	1.14184
100	26	1.00035
100	36	0.980884
100	52	1.05428
100	71	1.07805
100	90	0.909891
100	108	1.14592
100	113	0.975923
100	114	0.989434
100	126	1.00308
100	135	0.982896
100	142	0.972834
100	151	1.24308
100	152	1.00687
100	156	1.01251
100	158	0.992001
100	159	0.99063
100	160	1.00483
100	161	1.009
100	171	1.07758
100	172	1.01669
100	178	1.01906
100	179	1.01209
101	103	0.999924
101	104	1.06317
101	113	0.98279
101	119	1.01715
101	122	1.02962
101	126	1.00995
101	129	1.00145
101	137	1.02227
101	138	1.09294
101	149	1.02752
101	152	1.01374
101	155	0.98224
101	158	0.998868
101	161	1.01587
101	166	1.0111
101	167	1.12922
101	170	1.07956
101	171	1.10079
101	172	1.02356
101	176	0.86743
101	177	1.34276
101	178	1.02593
101	179	1.01896
102	13	0.941858
102	20	1.01224
102	27	1.03425
102	34	0.978367
102	41	0.942646
102	45	1.05387
102	57	1.06704
102	59	1.01775
102	63	0.943216
102	64	1.03547
102	65	0.928361
102	78	2.20355
102	89	0.943187
102	91	1.00748
102	93	1.00128
102	98	0.483656
102	107	0.991695
102	109	0.97117
102	124	0.906227
102	128	1.01486
102	142	0.969627
102	176	1.31501
102	177	0.708085
102	180	1.07859
103	30	0.977925
103	35	1.00148
103	52	1.04892
103	95	0.969787
103	101	0.999924
103	113	0.970563
103	117	0.946814
103	120	1.17694
103	134	0.976601
103	135	0.977536
103	148	0.98577
103	149	1.0153
103	152	1.00151
103	154	1.05911
103	158	0.986641
103	159	1.10241
103	160	0.999468
103	166	0.998871
103	167	1.21778
103	172	1.01133
103	176	0.855203
103	177	1.43132
103	178	1.0137
103	179	1.00673
104	13	1.00295
104	26	1.05823
104	41	1.00374
104	59	1.07884
104	82	0.806606
104	89	1.00428
104	101	1.06317
104	107	1.05279
104	109	1.03226
104	111	0.977984
104	115	1.06394
104	127	1.05593
104	128	1.07595
104	142	1.03072
104	151	1.13988
104	154	0.844135
104	157	0.91232
104	161	1.06688
104	166	1.06211
104	174	1.14492
104	175	1.04065
104	177	1.21634
104	178	1.07694
104	179	1.06998
105	19	0.959855
105	28	0.972164
105	52	0.877635
105	66	0.905173
105	68	0.939988
105	72	0.967534
105	74	0.959313
105	99	0.968923
105	119	0.987563
105	122	1.03098
105	147	1.06836
105	151	0.973588
105	154	1.03876
105	156	1.04187
105	158	1.03327
105	165	0.979385
105	166	0.970874
105	167	1.00251
105	169	1.00271
105	170	1.00718
105	173	1.03462
105	177	0.97287
105	178	0.916532
105	180	0.905464
106	7	1.0517
106	14	1.26477
106	28	1.08472
106	38	0.969891
106	40	0.942114
106	44	0.942236
106	47	1.03077
106	60	1.01492
106	73	0.984255
106	84	0.933312
106	85	1.03069
106	86	1.01203
106	98	0.965651
106	110	0.87426
106	112	0.979252
106	118	0.984855
106	121	1.15838
106	123	1.50751
106	125	0.944957
106	132	0.993935
106	140	0.969191
106	141	0.992707
106	167	1.04169
106	173	0.964241
107	13	0.941551
107	27	1.03394
107	59	1.01744
107	63	0.942909
107	65	0.928054
107	71	0.973504
107	74	1.09146
107	79	0.81367
107	93	1.00098
107	95	1.13374
107	102	0.991695
107	104	1.05279
107	109	0.970863
107	141	0.955413
107	144	1.00977
107	146	0.95159
107	149	1.117
107	151	0.954078
107	154	1.01925
107	167	0.982997
107	171	0.982634
107	175	0.976907
107	176	0.857048
107	178	1.04867
107	180	0.885954
108	15	0.94216
108	17	0.8382
108	60	0.724045
108	95	1.12795
108	100	1.14592
108	133	1.03161
108	135	1.08999
108	138	0.981363
108	139	0.996669
108	140	0.720574
108	143	0.993372
108	144	1.0091
108	146	0.950914
108	153	1.14012
108	159	1.01824
108	162	0.947238
108	163	0.956324
108	164	1.03018
108	167	0.982322
108	168	0.95612
108	170	0.986993
108	171	0.981958
108	172	1.03822
108	173	1.01444
108	180	0.885279
109	9	0.755346
109	13	0.921026
109	20	0.991409
109	27	1.01342
109	34	0.957535
109	41	0.921814
109	57	1.04621
109	59	0.996914
109	63	0.922384
109	64	1.01464
109	65	0.90753
109	89	0.922356
109	91	0.986648
109	93	0.980453
109	102	0.97117
109	104	1.03226
109	107	0.970863
109	111	1.08709
109	128	0.99403
109	142	0.948795
109	162	1.35305
109	164	0.958605
109	168	1.09969
109	171	1.08349
109	176	1.93238
110	11	0.806998
110	92	0.908419
110	106	0.87426
110	117	1.073
110	120	1.02092
110	125	0.893827
110	141	0.742274
110	146	0.99981
110	147	1.09707
110	150	0.99712
110	153	0.932775
110	156	1.07058
110	158	0.952271
110	159	1.06713
110	160	0.860161
110	164	1.07908
110	166	0.889877
110	167	1.03122
110	169	1.03142
110	170	1.03589
110	171	1.03085
110	174	0.991563
110	175	1.02513
110	176	0.905269
110	177	1.00158
110	180	0.934175
111	6	0.964375
111	11	0.763307
111	14	0.945078
111	40	0.977533
111	42	1.36841
111	67	0.945403
111	80	0.927566
111	99	0.953942
111	104	0.977984
111	109	1.08709
111	123	0.890501
111	135	1.02525
111	137	1.14955
111	138	0.986567
111	144	1.0143
111	146	0.956119
111	157	1.0301
111	163	0.961529
111	164	1.03538
111	165	0.964404
111	167	0.987526
111	171	0.987163
111	173	1.01964
111	175	0.981437
111	177	0.95789
111	180	0.890484
112	8	0.621992
112	18	1.01234
112	23	1.01046
112	28	1.09333
112	29	0.991291
112	39	0.98852
112	40	0.950721
112	47	1.03938
112	60	1.02352
112	70	1.41511
112	82	0.77522
112	84	0.941919
112	86	1.02064
112	92	1.00164
112	98	0.974258
112	106	0.979252
112	116	0.957633
112	125	0.953564
112	128	1.01279
112	132	1.00254
112	133	0.932194
112	140	0.977798
112	141	1.00131
112	144	0.898769
112	162	1.21256
112	168	0.955032
112	176	1.79188
113	2	1.03837
113	3	0.921771
113	45	0.879926
113	62	0.990534
113	69	0.964572
113	71	1.05556
113	87	0.999126
113	97	1.05245
113	98	1.07547
113	100	0.975923
113	101	0.98279
113	103	0.970563
113	126	0.98059
113	127	0.975558
113	134	0.959467
113	138	1.05008
113	147	0.867058
113	152	0.984378
113	158	0.969507
113	161	0.986508
113	166	0.981737
113	169	1.10021
113	170	1.0367
113	172	0.994199
113	177	1.2999
113	178	0.996566
113	179	0.9896
113	180	1.6704
114	16	0.994923
114	26	0.991367
114	54	1.0544
114	67	1.17975
114	69	0.978084
114	72	1.16494
114	85	1.1263
114	87	1.01264
114	95	0.966164
114	100	0.989434
114	120	1.09646
114	121	1.25399
114	124	0.926568
114	127	0.989069
114	129	0.985596
114	136	0.918312
114	148	0.982148
114	153	0.998906
114	160	0.995845
114	161	1.00002
114	162	0.942445
114	164	0.983992
114	170	1.08764
114	171	1.10887
114	172	1.00771
114	176	0.851581
114	178	1.01008
114	179	1.00311
115	10	1.04915
115	33	0.816889
115	54	1.07103
115	58	0.94624
115	69	0.994711
115	79	1.07533
115	94	0.989427
115	96	1.04929
115	104	1.06394
115	119	1.01792
115	124	0.943195
115	127	1.0057
115	129	1.00222
115	134	0.989606
115	144	0.930343
115	146	1.05607
115	151	1.14007
115	153	1.01553
115	158	0.999646
115	160	1.01247
115	161	1.01665
115	166	1.01188
115	167	1.003
115	173	0.925549
115	175	1.04083
115	177	1.21653
115	178	1.0267
115	179	1.01974
115	180	1.58703
116	1	1.02224
116	6	1.03901
116	7	1.03008
116	35	0.958641
116	38	0.948273
116	39	0.958294
116	44	0.920617
116	60	0.993298
116	61	0.983646
116	77	1.02534
116	80	0.891047
116	84	0.911693
116	92	0.971413
116	112	0.957633
116	118	0.963236
116	123	1.52178
116	125	0.923339
116	128	0.982564
116	132	0.972316
116	140	0.947572
116	141	0.971088
116	143	0.963553
116	146	1.10903
116	156	0.962461
116	162	1.2971
116	168	0.924806
116	173	0.978513
116	177	1.2695
116	180	1.64
117	34	0.91814
117	38	0.839795
117	56	1.09353
117	58	1.16972
117	98	1.00942
117	99	0.982809
117	103	0.946814
117	110	1.073
117	123	0.919368
117	127	0.906264
117	133	1.06569
117	137	0.903406
117	139	1.03074
117	145	0.920975
117	147	1.08224
117	151	0.987474
117	153	0.829238
117	155	1.04361
117	158	0.848734
117	159	1.05231
117	164	1.06425
117	169	1.0166
117	171	1.01603
117	173	1.04851
117	174	0.97674
117	175	1.0103
117	177	0.986757
117	178	0.731998
117	180	0.919351
118	1	1.05807
118	3	1.10655
118	12	1.09689
118	23	1.01606
118	28	1.09893
118	35	0.994469
118	38	0.984101
118	44	0.956446
118	47	1.04498
118	60	1.02913
118	76	0.908957
118	77	1.06117
118	80	0.926876
118	84	0.947522
118	86	1.02624
118	92	1.00724
118	98	0.979861
118	106	0.984855
118	116	0.963236
118	124	1.29596
118	125	0.959167
118	132	1.00814
118	140	0.9834
118	141	1.00692
118	145	1.45917
118	162	1.12542
118	168	0.960635
118	169	0.898126
118	173	0.806833
118	177	1.09782
119	30	0.995146
119	43	0.937718
119	50	0.891719
119	54	1.07525
119	56	0.674558
119	69	0.998928
119	101	1.01715
119	105	0.987563
119	115	1.01792
119	121	1.19069
119	123	0.901348
119	126	1.01495
119	127	1.00991
119	134	0.993823
119	135	0.994757
119	136	0.939156
119	142	0.984696
119	152	1.01873
119	153	1.01975
119	154	0.915321
119	158	1.00386
119	161	1.02086
119	166	1.01609
119	168	1.06177
119	172	1.02855
119	174	1.2161
119	175	1.11183
119	178	1.03092
119	179	1.02396
119	180	1.65803
120	19	0.921661
120	51	0.889092
120	54	0.993511
120	66	0.866979
120	67	0.922189
120	73	0.975942
120	90	0.994589
120	96	0.943207
120	103	1.17694
120	110	1.02092
120	114	1.09646
120	126	1.12848
120	131	1.03639
120	134	1.11954
120	136	0.905096
120	138	0.963354
120	139	0.97866
120	143	0.975363
120	146	0.932906
120	154	1.00057
120	156	1.00367
120	157	1.00689
120	165	0.941191
120	166	1.01647
120	168	0.938112
120	169	0.964519
120	171	0.96395
120	177	0.934676
120	179	1.04947
120	180	0.86727
121	2	1.13978
121	8	1.02215
121	18	0.837498
121	32	1.08803
121	37	0.979079
121	43	0.941877
121	79	0.884653
121	106	1.15838
121	114	1.25399
121	119	1.19069
121	135	1.16677
121	138	0.939272
121	143	0.951281
121	144	0.967008
121	145	0.844812
121	147	1.00608
121	154	0.976484
121	155	0.96745
121	156	0.979592
121	157	0.982804
121	159	0.976145
121	163	0.914234
121	167	0.940231
121	168	0.91403
121	169	0.940437
121	170	0.944903
121	172	1.115
121	173	0.972345
121	177	0.910594
121	180	0.843189
122	50	0.896421
122	61	0.553803
122	62	1.07327
122	65	1.1267
122	75	1.11498
122	82	1.02031
122	99	0.969491
122	101	1.02962
122	105	1.03098
122	123	0.90605
122	126	1.06972
122	139	1.01742
122	145	0.907656
122	146	0.971668
122	147	1.06893
122	156	1.04244
122	159	1.03899
122	161	0.95569
122	164	1.05093
122	165	0.979953
122	167	1.00308
122	169	1.00328
122	170	1.00775
122	171	1.00271
122	173	1.03519
122	174	0.963421
122	175	0.996986
122	176	0.877127
122	178	0.90337
122	179	0.990713
122	180	0.906033
123	1	1.31068
123	30	0.874353
123	77	0.951915
123	86	1.04577
123	93	1.39868
123	96	0.93272
123	106	1.50751
123	111	0.890501
123	116	1.52178
123	117	0.919368
123	119	0.901348
123	122	0.90605
123	128	1.39692
123	130	0.917493
123	133	0.926874
123	137	0.90647
123	138	0.876622
123	140	1.14648
123	143	0.888631
123	144	0.904357
123	149	0.911727
123	153	0.898958
123	160	0.895897
123	164	0.925439
123	165	0.854459
123	166	0.8953
123	172	0.907762
123	175	0.871491
123	177	0.847944
123	178	0.910129
123	179	0.903163
123	180	0.780538
124	18	1.13248
124	38	1.52244
124	54	1.00052
124	61	1.06508
124	65	1.63798
124	70	0.864492
124	76	0.915055
124	86	0.991633
124	91	1.3482
124	102	0.906227
124	114	0.926568
124	115	0.943195
124	118	1.29596
124	136	0.864429
124	137	0.952535
124	145	0.828227
124	147	0.989497
124	148	0.928264
124	150	0.889548
124	152	0.944006
124	158	0.929135
124	159	0.959559
124	166	0.941365
124	167	0.923646
124	170	0.928317
124	171	0.923282
124	172	0.953827
124	173	0.95576
124	174	0.883992
124	175	0.917556
124	178	0.956193
124	179	0.949227
124	180	0.826603
125	1	1.01818
125	18	0.978044
125	23	0.976161
125	35	0.954572
125	37	0.961977
125	38	0.944204
125	39	0.954226
125	40	0.916426
125	47	1.00508
125	50	1.76706
125	60	0.989229
125	61	0.979577
125	77	1.02127
125	84	0.907624
125	86	0.986343
125	92	0.967344
125	98	0.939963
125	99	0.964454
125	106	0.944957
125	110	0.893827
125	112	0.953564
125	116	0.923339
125	118	0.959167
125	128	0.978495
125	130	0.902189
125	132	0.968247
125	136	1.47822
125	140	0.943503
125	141	0.967019
125	162	1.3024
125	163	1.19882
125	168	0.920737
125	169	1.0751
126	2	1.06554
126	8	0.819884
126	31	0.835082
126	33	0.983207
126	49	1.07132
126	71	1.08272
126	75	0.986843
126	88	0.961358
126	94	0.98645
126	100	1.00308
126	101	1.00995
126	113	0.98059
126	119	1.01495
126	120	1.12848
126	122	1.06972
126	130	1.01025
126	131	1.03805
126	134	0.986629
126	137	1.02007
126	142	0.977502
126	148	0.995798
126	149	1.02533
126	150	1.24173
126	152	1.01154
126	158	0.996669
126	159	1.05394
126	161	1.01367
126	166	1.0089
126	168	1.15709
126	170	1.11965
126	172	1.02136
126	178	1.02373
126	179	1.01676
127	21	0.918525
127	36	0.980519
127	42	0.935751
127	48	1.051
127	67	1.21968
127	73	1.02943
127	74	1.06826
127	79	1.06732
127	94	0.981417
127	96	1.04129
127	104	1.05593
127	113	0.975558
127	114	0.989069
127	115	1.0057
127	117	0.906264
127	119	1.00991
127	133	1.138
127	135	0.98253
127	137	1.01504
127	146	1.2303
127	148	0.990765
127	149	1.02029
127	152	1.00651
127	153	1.00752
127	155	1.03025
127	156	1.08373
127	159	1.06185
127	164	1.02392
127	166	1.00387
127	172	1.01633
127	176	0.860198
127	178	1.01869
127	179	1.01173
128	12	1.1437
128	23	1.03539
128	37	0.831817
128	38	1.00343
128	41	0.965505
128	44	0.975774
128	53	0.629042
128	57	1.0899
128	59	1.04061
128	63	0.966075
128	80	0.946204
128	84	0.96685
128	89	0.966047
128	91	1.03034
128	93	1.02414
128	102	1.01486
128	104	1.07595
128	109	0.99403
128	112	1.01279
128	116	0.982564
128	123	1.39692
128	125	0.978495
128	132	1.02747
128	140	1.00273
128	141	1.02624
128	142	0.992486
128	144	0.858443
128	146	0.984165
128	147	0.711791
128	168	0.979963
128	173	0.853649
128	176	1.75156
128	180	1.51513
129	5	1.04106
129	21	0.928959
129	55	0.95303
129	58	0.934758
129	87	1.01778
129	88	0.952852
129	96	1.03781
129	101	1.00145
129	114	0.985596
129	115	1.00222
129	134	0.978123
129	135	0.979058
129	137	1.01156
129	138	1.15138
129	139	1.17471
129	143	1.09526
129	148	0.987292
129	149	1.01682
129	150	1.26008
129	152	1.00303
129	153	1.00405
129	157	1.09718
129	158	0.988163
129	160	1.00099
129	161	1.00516
129	164	1.03436
129	165	1.21751
129	166	1.00039
129	168	1.17544
129	171	1.15924
129	172	1.01285
129	176	0.856725
129	178	1.01522
129	179	1.00826
130	11	0.790299
130	55	1.19301
130	62	1.0138
130	66	0.917184
130	90	1.04479
130	123	0.917493
130	125	0.902189
130	126	1.01025
130	131	1.0866
130	133	1.06381
130	135	0.891009
130	136	0.955301
130	143	1.02557
130	145	0.919099
130	146	0.983111
130	147	1.08037
130	149	0.912217
130	150	0.980421
130	154	1.05077
130	156	1.05388
130	159	1.05043
130	160	0.868523
130	162	0.979434
130	163	0.988521
130	165	0.991396
130	166	0.898238
130	167	1.01452
130	169	1.01472
130	170	1.01919
130	174	0.974864
130	177	0.984881
130	178	0.843896
130	179	0.931239
130	180	0.917476
131	12	1.00278
131	17	0.902563
131	37	1.08553
131	44	0.930477
131	45	0.962593
131	47	0.599688
131	77	0.911559
131	96	0.852777
131	120	1.03639
131	126	1.03805
131	130	1.0866
131	132	0.74004
131	143	1.05773
131	144	1.07346
131	145	0.951266
131	149	0.940018
131	150	1.01259
131	151	1.01777
131	156	1.08605
131	158	0.988433
131	161	0.924018
131	163	1.02069
131	165	1.02356
131	167	1.04668
131	168	1.02048
131	169	1.04689
131	170	1.05136
131	173	1.0788
131	174	1.00703
131	175	1.04059
131	176	0.920736
131	177	1.01705
131	178	0.871697
131	179	0.95904
131	180	0.949642
132	1	1.06715
132	7	1.07499
132	23	1.02514
132	25	1.24812
132	28	1.10801
132	38	0.993181
132	39	1.0032
132	40	0.965403
132	44	0.965526
132	47	1.05406
132	60	1.03821
132	61	1.02855
132	70	1.315
132	73	1.00754
132	76	0.895983
132	80	0.935955
132	84	0.956602
132	86	1.03532
132	98	0.98894
132	106	0.993935
132	112	1.00254
132	116	0.972316
132	118	1.00814
132	125	0.968247
132	128	1.02747
132	131	0.74004
132	136	1.28827
132	140	0.99248
132	141	1.016
132	146	0.924375
132	151	1.00838
132	154	0.712633
132	157	0.780818
132	162	1.11245
132	168	0.969714
132	176	1.69177
133	14	0.981451
133	39	0.657063
133	48	0.930064
133	49	1.05278
133	64	0.683474
133	68	0.961381
133	84	1.22015
133	85	0.988971
133	108	1.03161
133	112	0.932194
133	117	1.06569
133	123	0.926874
133	127	1.138
133	130	1.06381
133	136	0.964683
133	140	0.641433
133	144	1.05068
133	145	0.928481
133	151	0.994981
133	153	1.06098
133	154	1.06015
133	155	1.05112
133	156	1.06326
133	157	1.06647
133	159	1.05981
133	161	1.01606
133	164	1.07176
133	165	1.00078
133	167	1.0239
133	171	1.02354
133	172	0.959078
133	174	0.984246
133	175	1.01781
133	176	0.897952
133	177	0.994263
133	180	0.926858
134	10	1.02505
134	16	0.98745
134	35	0.944073
134	42	0.919661
134	48	1.03491
134	62	0.996572
134	79	1.05123
134	95	0.958691
134	99	1.06358
134	103	0.976601
134	113	0.959467
134	115	0.989606
134	119	0.993823
134	120	1.11954
134	126	0.986629
134	129	0.978123
134	135	0.96644
134	136	0.910839
134	142	0.956378
134	145	1.73527
134	148	0.974675
134	149	1.0042
134	152	0.990417
134	153	0.991433
134	155	1.0134
134	156	1.06688
134	158	0.975546
134	159	1.045
134	160	0.988372
134	161	0.992546
134	164	1.00707
134	166	0.987775
134	169	1.17422
134	171	1.13195
134	172	1.00024
134	173	1.08293
134	178	1.0026
134	179	0.995638
135	6	1.05899
135	19	1.3383
135	24	0.896767
135	25	0.907569
135	55	0.941346
135	58	0.923075
135	71	1.06253
135	75	0.966654
135	79	1.05217
135	81	0.942181
135	87	1.0061
135	90	0.853961
135	94	0.966261
135	96	1.02613
135	100	0.982896
