1	16	1.38937
1	97	2.11231
1	122	0.70588
1	157	0.755541
1	158	0.726756
1	160	0.7293
1	161	0.761451
1	169	0.696283
1	170	0.698166
1	171	0.689217
1	174	0.723812
1	179	0.713499
2	62	4.21417
2	111	0.684887
2	113	0.704578
2	161	0.693786
2	166	0.632677
2	170	0.630502
2	174	0.656147
2	175	0.628313
2	176	0.616292
2	178	0.635496
2	179	0.645834
2	180	0.669431
3	50	0.710812
3	59	0.701314
3	67	0.755309
3	75	0.741678
3	91	1.23054
3	96	0.747965
3	99	0.691637
3	127	0.722761
3	159	0.722061
3	168	0.762444
3	169	4.85733
3	178	0.646359
4	63	0.913744
4	70	1.47053
4	126	0.863786
4	141	0.692814
4	154	0.810174
4	161	0.820332
4	165	0.813343
4	166	0.759222
4	169	0.755164
4	171	0.748098
4	175	0.754859
4	179	0.77238
5	35	0.72889
5	39	0.658687
5	56	0.763883
5	62	0.698403
5	64	0.749172
5	73	0.729151
5	77	0.733955
5	116	0.737557
5	127	0.723702
5	175	3.6048
5	177	2.45607
5	180	0.681234
6	13	0.68518
6	53	0.712087
6	67	0.752434
6	75	0.738803
6	83	0.726079
6	96	0.74509
6	127	0.719886
6	135	3.15185
6	156	2.87012
6	159	0.719186
6	168	0.759569
6	178	0.643484
7	42	0.733865
7	45	0.736376
7	46	1.5008
7	57	0.730216
7	71	0.695591
7	79	0.691938
7	88	0.731938
7	90	0.719935
7	92	0.719957
7	108	0.757678
7	169	4.59616
7	172	0.685757
8	72	1.86398
8	76	0.761656
8	106	1.75247
8	125	0.740034
8	163	0.731081
8	167	0.764215
8	169	0.689825
8	170	0.691707
8	172	0.717881
8	174	0.717353
8	176	0.677498
8	179	0.70704
9	106	0.792784
9	123	0.786768
9	124	2.11641
9	138	0.793878
9	148	1.95204
9	150	0.815657
9	151	0.810823
9	153	0.818422
9	154	0.79582
9	155	0.814379
9	172	2.61387
9	177	0.771479
10	19	0.754105
10	35	0.81022
10	56	0.845213
10	62	0.779733
10	72	0.81682
10	73	0.810482
10	91	1.32694
10	116	0.818887
10	127	0.805032
10	135	3.06067
10	157	2.26823
10	180	0.762565
11	13	0.689643
11	50	0.7124
11	53	0.71655
11	75	0.743266
11	83	0.730542
11	96	0.749553
11	127	0.724349
11	159	0.723649
11	168	0.764031
11	177	3.03722
11	178	0.647947
11	180	3.00673
12	28	1.02309
12	36	0.758986
12	42	0.820125
12	65	0.860353
12	71	0.781851
12	79	0.778198
12	88	0.818198
12	90	0.806195
12	92	0.806217
12	144	2.88296
12	172	0.772017
12	173	2.6716
13	6	0.68518
13	11	0.689643
13	23	0.67871
13	75	0.752402
13	83	0.739678
13	96	0.758688
13	127	0.733485
13	145	3.20149
13	159	0.732784
13	164	2.83225
13	168	0.773167
13	178	0.657082
14	87	0.730245
14	98	0.742971
14	102	0.728539
14	110	0.701858
14	112	0.700779
14	117	0.726212
14	118	0.725861
14	121	0.719685
14	157	0.709628
14	162	0.717417
14	167	1.81386
14	169	4.30796
15	106	1.49075
15	126	0.797099
15	138	2.22355
15	145	0.752132
15	164	0.768866
15	165	0.746656
15	166	0.692535
15	170	0.69036
15	171	0.681411
15	175	0.688172
15	176	0.676151
15	179	0.705693
16	1	1.38937
16	48	0.782523
16	100	0.798223
16	109	0.802249
16	110	0.761532
16	112	0.760453
16	117	0.785886
16	118	0.785535
16	121	0.779359
16	157	0.769302
16	160	1.77423
16	162	0.777091
16	170	3.26134
17	69	0.687449
17	115	0.71186
17	119	0.712417
17	133	0.715126
17	139	0.717662
17	141	0.720108
17	147	0.716723
17	150	0.715755
17	153	0.71852
17	155	0.714477
17	174	2.71796
17	175	3.78483
17	177	0.671577
18	31	1.6755
18	67	2.3967
18	101	0.759509
18	107	0.727211
18	140	0.761064
18	156	0.720289
18	165	0.736072
18	166	0.681951
18	169	0.677893
18	171	0.670827
18	174	0.705421
18	176	0.665566
18	179	0.695109
19	10	0.754105
19	25	2.18039
19	31	0.716985
19	35	0.722452
19	47	0.709412
19	56	0.757445
19	62	0.691965
19	77	0.727517
19	116	0.731119
19	127	0.717264
19	144	3.85701
19	180	0.674796
20	26	0.83165
20	42	0.786604
20	54	0.796387
20	65	0.826832
20	71	0.74833
20	79	0.744677
20	84	3.55081
20	88	0.784677
20	90	0.772674
20	92	0.772696
20	161	1.94537
20	167	1.70037
20	172	0.738496
21	114	2.96504
21	119	0.71935
21	138	0.700909
21	140	3.41393
21	141	0.727042
21	150	0.722688
21	151	0.717854
21	153	0.725453
21	154	0.702851
21	155	0.72141
21	162	0.707273
21	173	0.67593
21	177	0.67851
22	69	1.88607
22	107	0.729078
22	130	2.04693
22	149	0.744675
22	163	0.721017
22	164	0.760149
22	166	0.683818
22	167	0.75415
22	170	0.681643
22	171	0.672694
22	176	0.667433
22	178	0.686638
22	179	0.696976
23	13	0.67871
23	47	0.705565
23	53	0.705617
23	55	2.41973
23	59	0.691969
23	67	0.745965
23	83	0.71961
23	96	0.73862
23	111	3.83452
23	127	0.713417
23	159	0.712716
23	168	0.753099
23	178	0.637015
24	33	0.670284
24	37	2.60906
24	55	0.776691
24	62	1.41268
24	144	0.718031
24	152	0.767771
24	161	0.744225
24	169	0.679057
24	171	0.671991
24	174	0.706586
24	175	0.678752
24	176	0.66673
24	180	0.719869
25	19	2.18039
25	87	1.53551
25	148	0.80495
25	153	0.235051
25	159	0.83045
25	164	0.828259
25	165	0.806049
25	170	0.749754
25	174	0.775399
25	175	0.747565
25	176	0.735544
25	178	0.754748
25	179	0.765086
26	20	0.83165
26	36	0.737868
26	45	0.801518
26	57	0.795358
26	71	0.760734
26	79	0.757081
26	88	0.79708
26	90	0.785077
26	92	0.785099
26	120	1.9281
26	172	0.7509
26	173	2.45438
26	177	2.66214
27	30	0.785155
27	31	0.790442
27	35	0.795909
27	39	0.725706
27	62	0.765422
27	73	0.79617
27	77	0.800974
27	116	0.804576
27	127	0.790721
27	142	2.6027
27	146	2.2733
27	167	2.2807
27	180	0.748253
28	12	1.02309
28	68	1.19711
28	79	1.82203
28	81	0.861256
28	140	0.840475
28	166	0.761362
28	170	0.759187
28	171	0.750238
28	174	0.784832
28	175	0.756999
28	176	0.744977
28	178	0.764181
28	179	0.77452
29	52	0.764002
29	78	2.84656
29	106	0.753801
29	115	0.77278
29	119	0.773336
29	123	0.747785
29	146	1.30124
29	150	0.776675
29	151	0.77184
29	153	0.779439
29	154	0.756838
29	155	0.775397
29	170	3.37302
29	173	0.729916
30	27	0.785155
30	31	0.762345
30	35	0.767812
30	39	0.697609
30	56	0.802805
30	64	0.788094
30	73	0.768074
30	77	0.772878
30	116	0.776479
30	127	0.762624
30	143	1.35942
30	161	1.81862
30	171	4.2797
30	180	0.720157
31	18	1.6755
31	19	0.716985
31	27	0.790442
31	30	0.762345
31	35	0.773099
31	39	0.702897
31	56	0.808092
31	64	0.793382
31	72	0.779699
31	73	0.773361
31	77	0.778165
31	163	2.41918
31	177	2.67636
31	180	0.725444
32	51	0.752676
32	123	0.739079
32	128	1.35659
32	133	0.76734
32	139	0.769875
32	141	0.772322
32	150	0.767968
32	151	0.763134
32	153	0.770733
32	155	0.766691
32	161	1.82538
32	168	0.808469
32	171	4.28646
32	177	0.72379
33	24	0.670284
33	100	0.681038
33	109	0.685063
33	112	0.643268
33	117	0.668701
33	118	0.66835
33	121	0.662174
33	127	4.97156
33	152	0.681573
33	166	0.596917
33	169	0.592859
33	172	0.620916
33	174	0.620387
33	179	0.610075
34	43	1.36033
34	102	1.56422
34	125	0.772541
34	131	0.824745
34	156	0.764727
34	161	0.787499
34	164	0.80272
34	167	0.796721
34	168	0.847438
34	174	0.74986
34	175	0.722026
34	176	0.710004
34	178	0.729209
34	179	0.739547
35	5	0.72889
35	10	0.81022
35	19	0.722452
35	27	0.795909
35	30	0.767812
35	31	0.773099
35	39	0.708364
35	64	0.798849
35	73	0.778828
35	116	0.787234
35	149	2.47249
35	159	2.34358
35	165	2.63383
35	180	0.730911
36	12	0.758986
36	26	0.737868
36	37	0.72066
36	54	0.702606
36	57	0.689173
36	65	0.733051
36	79	0.650895
36	88	0.690895
36	90	0.678892
36	92	0.678914
36	108	0.716635
36	131	2.95461
36	136	3.85222
36	172	0.644714
37	24	2.60906
37	36	0.72066
37	42	0.781799
37	45	0.78431
37	57	0.77815
37	71	0.743525
37	79	0.739872
37	88	0.779872
37	90	0.767869
37	92	0.767891
37	108	0.805612
37	152	1.97364
37	156	2.21741
37	172	0.733691
38	43	1.13093
38	89	0.959971
38	114	0.837428
38	123	1.64225
38	142	0.779814
38	148	0.784699
38	161	0.792787
38	165	0.785798
38	171	0.720553
38	172	0.755676
38	174	0.755148
38	175	0.727314
38	176	0.715292
38	179	0.744835
39	5	0.658687
39	27	0.725706
39	30	0.697609
39	31	0.702897
39	35	0.708364
39	62	0.677877
39	64	0.728646
39	73	0.708625
39	77	0.713429
39	116	0.717031
39	127	0.703176
39	142	3.23648
39	179	3.63962
39	180	0.660708
40	97	0.777251
40	100	0.77045
40	109	0.774476
40	110	0.733759
40	112	0.73268
40	117	0.758113
40	118	0.757762
40	121	0.751586
40	126	2.5127
40	132	2.78049
40	135	0.715843
40	137	0.741888
40	140	2.49742
40	157	0.741529
40	162	0.749318
41	111	0.782041
41	127	1.01879
41	134	0.78807
41	141	1.9132
41	149	0.790687
41	155	1.23317
41	160	0.758789
41	166	0.72983
41	170	0.727655
41	171	0.718706
41	172	0.75383
41	175	0.725467
41	176	0.713446
41	179	0.742988
41	180	0.766584
42	7	0.733865
42	12	0.820125
42	20	0.786604
42	37	0.781799
42	46	2.34785
42	54	0.763745
42	57	0.750312
42	71	0.715688
42	79	0.712034
42	88	0.752034
42	90	0.740031
42	92	0.740053
42	114	1.81883
42	172	0.705853
42	179	3.67424
43	34	1.36033
43	38	1.13093
43	95	0.736676
43	119	0.753139
43	129	0.751056
43	138	0.734698
43	139	0.758384
43	147	0.757445
43	151	0.751643
43	153	0.759242
43	154	0.736641
43	155	0.7552
43	166	4.11507
43	168	0.796978
43	173	0.709719
44	47	1.5506
44	75	1.26318
44	77	1.3364
44	138	0.769681
44	139	0.793367
44	153	0.794225
44	155	0.790183
44	157	0.768257
44	160	0.742016
44	173	0.744702
44	175	0.708694
44	176	0.696672
44	177	0.747282
44	178	0.715877
44	179	0.726215
45	7	0.736376
45	26	0.801518
45	37	0.78431
45	54	0.766256
45	57	0.752823
45	71	0.718198
45	79	0.714545
45	88	0.754545
45	90	0.742542
45	92	0.742564
45	108	0.780285
45	165	2.36063
45	172	0.708364
45	173	2.63042
45	179	2.8682
46	7	1.5008
46	42	2.34785
46	113	0.79757
46	136	0.763417
46	145	0.785266
46	147	1.53989
46	160	0.754628
46	164	0.802
46	166	0.725669
46	169	0.721611
46	170	0.723494
46	173	0.757314
46	175	0.721306
46	176	0.709284
46	179	0.738827
47	19	0.709412
47	23	0.705565
47	44	1.5506
47	50	0.74839
47	56	0.80052
47	62	0.73504
47	64	0.785809
47	77	0.770592
47	96	0.785543
47	159	0.759639
47	167	2.49447
47	168	0.800021
47	174	3.27145
47	178	0.683937
47	180	0.717871
48	16	0.782523
48	89	0.742596
48	97	0.769089
48	98	0.766711
48	109	0.766315
48	112	0.724519
48	117	0.749952
48	118	0.749601
48	121	0.743425
48	137	0.733727
48	157	0.733368
48	162	0.741157
48	167	1.71084
48	170	3.77523
48	174	2.48782
49	52	1.52403
49	55	0.797868
49	58	0.800384
49	91	0.846192
49	115	1.10049
49	140	0.783405
49	154	1.48361
49	156	0.74263
49	165	0.758412
49	169	0.700234
49	174	0.727762
49	175	0.699928
49	176	0.687907
49	177	0.738517
49	179	0.717449
50	3	0.710812
50	11	0.7124
50	47	0.74839
50	59	0.734795
50	67	0.78879
50	75	0.775159
50	83	0.762435
50	96	0.781446
50	101	1.97117
50	113	2.60923
50	127	0.756242
50	159	0.755542
50	163	3.10344
50	168	0.795924
50	178	0.67984
51	32	0.752676
51	130	0.75077
51	133	0.750634
51	139	0.75317
51	141	0.755616
51	147	0.752231
51	150	0.751263
51	153	0.754028
51	154	0.731426
51	155	0.749985
51	161	2.58072
51	167	2.33573
51	168	0.791763
51	177	0.707085
51	180	3.00035
52	29	0.764002
52	49	1.52403
52	94	0.733491
52	99	0.723577
52	123	0.724994
52	139	0.75579
52	141	0.758236
52	147	0.75485
52	151	0.749049
52	153	0.756648
52	154	0.734046
52	155	0.752605
52	164	2.33697
52	168	0.794383
52	174	3.4248
53	6	0.712087
53	11	0.71655
53	23	0.705617
53	59	0.738945
53	67	0.79294
53	75	0.779309
53	83	0.766585
53	86	2.0714
53	96	0.785595
53	127	0.760392
53	128	2.44097
53	159	0.759692
53	168	0.800074
53	178	0.68399
53	179	3.3899
54	20	0.796387
54	36	0.702606
54	42	0.763745
54	45	0.766256
54	57	0.760096
54	71	0.725471
54	79	0.721818
54	88	0.761818
54	90	0.749815
54	92	0.749837
54	108	0.787558
54	158	2.45115
54	169	3.61828
54	172	0.715637
54	174	1.90116
55	23	2.41973
55	24	0.776691
55	49	0.797868
55	90	1.96796
55	118	1.14956
55	134	0.761563
55	136	0.741072
55	160	0.732283
55	163	0.740523
55	164	0.779655
55	166	0.703324
55	170	0.701149
55	173	0.734969
55	174	0.726794
55	176	0.686939
55	179	0.716482
56	5	0.763883
56	10	0.845213
56	19	0.757445
56	30	0.802805
56	31	0.808092
56	47	0.80052
56	62	0.783073
56	64	0.833842
56	73	0.813821
56	77	0.818625
56	81	1.55797
56	124	2.85601
56	127	0.808372
56	131	1.62326
56	163	2.76942
56	180	0.765904
57	7	0.730216
57	26	0.795358
57	36	0.689173
57	37	0.77815
57	42	0.750312
57	45	0.752823
57	54	0.760096
57	71	0.712039
57	79	0.708386
57	88	0.748385
57	90	0.736382
57	92	0.736404
57	142	2.57349
57	172	0.702205
57	173	2.73885
57	174	3.02847
58	49	0.800384
58	67	1.5616
58	68	1.21742
58	80	0.687569
58	93	1.96732
58	124	0.762578
58	159	0.784362
58	161	0.76695
58	164	0.782171
58	167	0.776172
58	170	0.703665
58	171	0.694716
58	174	0.729311
58	175	0.701477
58	176	0.689455
58	179	0.718998
59	3	0.701314
59	23	0.691969
59	50	0.734795
59	53	0.738945
59	67	0.779292
59	75	0.765661
59	83	0.752937
59	96	0.771948
59	99	0.71562
59	127	0.746744
59	142	2.8818
59	157	2.3684
59	159	0.746044
59	168	0.786426
59	173	3.04715
59	178	0.670342
60	68	0.773926
60	89	0.729365
60	97	0.755858
60	98	0.753479
60	108	0.760856
60	109	0.753083
60	110	0.712366
60	112	0.711288
60	117	0.736721
60	118	0.736369
60	121	0.730193
60	124	2.73733
60	137	0.720495
60	143	1.99859
60	158	3.53977
60	162	0.727925
61	123	0.788058
61	131	1.44385
61	133	0.816318
61	137	0.794102
61	138	0.795168
61	147	0.817914
61	148	2.51224
61	151	0.812113
61	153	0.819712
61	154	0.79711
61	155	0.815669
61	162	0.801532
61	167	2.15207
61	173	0.770188
61	177	0.772769
61	180	2.8167
62	2	4.21417
62	5	0.698403
62	10	0.779733
62	19	0.691965
62	24	1.41268
62	27	0.765422
62	39	0.677877
62	47	0.73504
62	56	0.783073
62	64	0.768362
62	72	0.754679
62	73	0.748341
62	116	0.756747
62	127	0.742892
62	152	1.36804
62	180	0.700424
63	4	0.913744
63	72	0.95469
63	102	1.03487
63	129	1.21865
63	145	0.823866
63	148	0.817291
63	150	0.747528
63	163	0.801468
63	165	0.81839
63	167	0.834602
63	170	0.762094
63	171	0.753145
63	174	0.78774
63	175	0.759906
63	176	0.747885
63	179	0.777427
64	5	0.749172
64	30	0.788094
64	31	0.793382
64	35	0.798849
64	39	0.728646
64	47	0.785809
64	56	0.833842
64	62	0.768362
64	73	0.79911
64	77	0.803914
64	116	0.807516
64	127	0.793661
64	128	1.65878
64	146	1.87517
64	159	1.80989
64	166	3.91814
64	180	0.751193
65	12	0.860353
65	20	0.826832
65	36	0.733051
65	90	0.78026
65	92	0.780282
65	110	0.769513
65	112	0.768434
65	113	1.62651
65	117	0.793867
65	118	0.793516
65	121	0.78734
65	122	3.81625
65	148	2.04294
65	152	1.75831
65	157	0.777283
65	162	0.785072
65	172	0.746082
66	85	0.80791
66	88	1.29659
66	109	1.65303
66	119	1.92251
66	149	0.755421
66	157	0.749764
66	161	0.755673
66	163	0.731762
66	166	0.694564
66	167	0.764896
66	171	0.68344
66	174	0.718034
66	175	0.690201
66	176	0.678179
66	177	0.728789
66	179	0.707721
66	180	0.731318
67	3	0.755309
67	6	0.752434
67	18	2.3967
67	23	0.745965
67	50	0.78879
67	53	0.79294
67	58	1.5616
67	59	0.779292
67	75	0.819656
67	83	0.806932
67	91	1.56975
67	96	0.825943
67	99	0.769615
67	157	2.51104
67	159	0.800039
67	168	0.840421
67	178	0.724337
68	28	1.19711
68	58	1.21742
68	60	0.773926
68	87	0.794554
68	89	0.783166
68	98	0.80728
68	109	0.806884
68	110	0.766167
68	112	0.765089
68	117	0.790522
68	118	0.79017
68	121	0.783994
68	128	0.786419
68	136	2.54765
68	157	0.773938
68	162	0.781726
68	177	3.05338
69	17	0.687449
69	22	1.88607
69	94	0.717857
69	105	0.725844
69	115	0.734354
69	130	0.737756
69	133	0.73762
69	138	0.71647
69	139	0.740156
69	141	0.742602
69	146	1.83713
69	147	0.739217
69	151	0.733415
69	154	0.718412
69	168	0.778749
69	176	4.3249
69	177	0.694071
70	4	1.47053
70	115	0.735192
70	119	0.735748
70	138	0.717307
70	141	0.74344
70	142	0.70882
70	145	3.32615
70	147	0.740054
70	150	0.739087
70	151	0.734252
70	154	0.71925
70	155	0.737809
70	162	0.723672
70	167	3.26776
70	168	0.779587
70	173	0.692328
70	177	0.694908
71	7	0.695591
71	12	0.781851
71	20	0.74833
71	26	0.760734
71	37	0.743525
71	42	0.715688
71	45	0.718198
71	54	0.725471
71	57	0.712039
71	79	0.673761
71	88	0.71376
71	90	0.701758
71	91	2.16513
71	92	0.70178
71	108	0.739501
71	157	3.10642
71	172	0.66758
71	173	3.78517
72	8	1.86398
72	10	0.81682
72	31	0.779699
72	62	0.754679
72	63	0.95469
72	73	0.785428
72	77	0.790232
72	85	1.58872
72	104	0.76642
72	105	0.766755
72	127	0.779978
72	129	0.773739
72	147	0.780128
72	150	0.779161
72	154	0.759324
72	173	0.732402
72	178	4.02086
72	180	0.737511
73	5	0.729151
73	10	0.810482
73	27	0.79617
73	30	0.768074
73	31	0.773361
73	35	0.778828
73	39	0.708625
73	56	0.813821
73	62	0.748341
73	64	0.79911
73	72	0.785428
73	77	0.783893
73	127	0.77364
73	134	2.06739
73	159	2.08261
73	173	2.64265
73	177	2.85041
73	180	0.731173
74	95	1.21945
74	117	2.0072
74	119	2.12942
74	132	0.767846
74	134	0.745492
74	143	0.777235
74	144	0.722169
74	152	0.771909
74	156	0.725591
74	163	0.724452
74	167	0.757585
74	169	0.683195
74	170	0.685078
74	171	0.676129
74	174	0.710723
74	175	0.68289
74	176	0.670868
74	179	0.700411
75	3	0.741678
75	6	0.738803
75	11	0.743266
75	13	0.752402
75	44	1.26318
75	50	0.775159
75	53	0.779309
75	59	0.765661
75	67	0.819656
75	82	1.32341
75	83	0.793301
75	96	0.812312
75	99	0.755984
75	159	0.786408
75	161	2.45205
75	168	0.826791
75	175	4.0509
75	178	0.710706
76	8	0.761656
76	84	0.703967
76	89	1.52666
76	128	0.745203
76	140	0.756635
76	145	0.737118
76	146	0.760408
76	148	0.730543
76	149	0.738378
76	150	1.61417
76	152	0.762177
76	154	2.22552
76	158	0.703937
76	160	0.70648
76	169	0.673464
76	175	0.673158
76	176	0.661137
76	179	0.690679
77	5	0.733955
77	19	0.727517
77	27	0.800974
77	30	0.772878
77	31	0.778165
77	39	0.713429
77	44	1.3364
77	47	0.770592
77	56	0.818625
77	64	0.803914
77	72	0.790232
77	73	0.783893
77	107	2.54151
77	116	0.792299
77	127	0.778444
77	152	2.3558
77	163	2.71821
77	180	0.735976
78	29	2.84656
78	101	0.726107
78	126	0.753112
78	134	0.706788
78	136	0.686297
78	148	0.70157
78	155	3.34794
78	157	0.703749
78	158	0.674963
78	161	0.709658
78	166	0.648548
78	169	0.644491
78	171	0.637424
78	174	0.672019
78	175	0.644185
78	176	0.632164
78	179	0.661706
79	7	0.691938
79	12	0.778198
79	20	0.744677
79	26	0.757081
79	28	1.82203
79	36	0.650895
79	37	0.739872
79	42	0.712034
79	45	0.714545
79	54	0.721818
79	57	0.708386
79	71	0.673761
79	88	0.710107
79	90	0.698105
79	92	0.698127
79	103	3.32328
79	108	0.735848
79	172	0.663927
79	177	3.6783
80	58	0.687569
80	113	0.663377
80	120	0.656898
80	124	0.648214
80	125	0.637628
80	131	0.689832
80	142	0.639613
80	145	0.651073
80	152	0.676132
80	153	6.97107
80	166	0.591476
80	167	0.661808
80	169	0.587418
80	170	0.589301
80	173	0.623122
80	174	0.614947
80	175	0.587113
80	178	0.594296
80	179	0.604634
81	28	0.861256
81	56	1.55797
81	104	1.7086
81	107	0.754902
81	113	0.781543
81	129	1.69366
81	132	0.790236
81	143	0.799624
81	157	0.764842
81	160	0.738601
81	161	0.770752
81	163	0.746841
81	167	0.779974
81	168	0.793105
81	170	0.707467
81	172	0.733641
81	174	0.733113
81	176	0.693257
81	180	0.746396
82	75	1.32341
82	86	0.83422
82	110	1.58137
82	117	1.59024
82	143	0.816396
82	147	1.2575
82	152	0.81107
82	156	0.764752
82	158	0.752829
82	161	0.787524
82	163	0.763613
82	165	0.780535
82	169	0.722356
82	171	0.71529
82	174	0.749885
82	175	0.722051
82	176	0.710029
82	178	0.729234
82	179	0.739572
83	6	0.726079
83	11	0.730542
83	13	0.739678
83	23	0.71961
83	50	0.762435
83	53	0.766585
83	59	0.752937
83	67	0.806932
83	75	0.793301
83	96	0.799588
83	99	0.74326
83	127	0.774384
83	134	2.00344
83	142	2.41334
83	159	0.773684
83	164	1.78049
83	168	0.814067
83	175	3.93518
83	178	0.697982
84	20	3.55081
84	76	0.703967
84	103	0.657701
84	105	3.40071
84	111	0.688403
84	122	0.641731
84	131	0.734549
84	145	0.69579
84	149	0.69705
84	163	0.673392
84	164	0.712524
84	166	0.636193
84	167	0.706525
84	171	0.625069
84	173	0.667838
84	174	0.659664
84	175	0.63183
84	176	0.619808
84	179	0.649351
85	66	0.80791
85	72	1.58872
85	132	0.803688
85	137	1.9138
85	139	1.63639
85	143	0.813077
85	144	0.75801
85	146	0.805981
85	153	0.598453
85	156	0.761433
85	160	0.752053
85	163	0.760293
85	165	0.777215
85	166	0.723094
85	169	0.719037
85	171	0.71197
85	174	0.746565
85	178	0.725914
85	179	0.736252
86	53	2.0714
86	82	0.83422
86	97	1.32655
86	98	0.810022
86	110	1.87166
86	113	0.789455
86	120	0.782976
86	136	0.755302
86	145	0.777151
86	157	0.772754
86	158	0.743969
86	165	0.771675
86	169	0.713496
86	170	0.715379
86	171	0.70643
86	174	0.741025
86	175	0.713191
86	176	0.701169
86	177	0.75178
86	179	0.730712
87	14	0.730245
87	25	1.53551
87	68	0.794554
87	89	0.749992
87	100	0.769685
87	102	0.759675
87	109	0.773711
87	110	0.732994
87	112	0.731915
87	117	0.757348
87	118	0.756997
87	121	0.750821
87	122	4.64689
87	126	1.8473
87	128	0.753246
87	131	1.80519
87	135	0.715078
87	137	0.741123
87	157	0.740764
87	162	0.748553
88	7	0.731938
88	12	0.818198
88	20	0.784677
88	26	0.79708
88	36	0.690895
88	37	0.779872
88	42	0.752034
88	45	0.754545
88	54	0.761818
88	57	0.748385
88	66	1.29659
88	71	0.71376
88	79	0.710107
88	90	0.738104
88	92	0.738126
88	108	0.775847
88	142	2.29219
88	148	2.33035
88	170	4.03458
88	172	0.703926
89	38	0.959971
89	48	0.742596
89	60	0.729365
89	68	0.783166
89	76	1.52666
89	87	0.749992
89	97	0.765097
89	100	0.758297
89	109	0.762322
89	110	0.721606
89	112	0.720527
89	117	0.74596
89	118	0.745609
89	121	0.739433
89	128	0.741857
89	135	0.70369
89	137	0.729735
89	157	0.729376
89	160	2.48581
89	162	0.737165
89	171	4.61462
90	7	0.719935
90	12	0.806195
90	20	0.772674
90	26	0.785077
90	36	0.678892
90	37	0.767869
90	42	0.740031
90	45	0.742542
90	54	0.749815
90	55	1.96796
90	57	0.736382
90	65	0.78026
90	71	0.701758
90	79	0.698105
90	88	0.738104
90	92	0.726123
90	108	0.763844
90	138	0.0365907
90	160	3.89389
90	163	3.75457
90	172	0.691924
91	3	1.23054
91	10	1.32694
91	49	0.846192
91	67	1.56975
91	71	2.16513
91	123	1.45813
91	124	0.808387
91	126	0.856213
91	134	0.809888
91	148	0.80467
91	156	0.789987
91	160	0.780607
91	163	0.788847
91	164	0.827979
91	170	0.749474
91	171	0.740525
91	172	0.775648
91	174	0.775119
91	175	0.747286
91	176	0.735264
91	179	0.764807
92	7	0.719957
92	12	0.806217
92	20	0.772696
92	26	0.785099
92	36	0.678914
92	37	0.767891
92	42	0.740053
92	45	0.742564
92	54	0.749837
92	57	0.736404
92	65	0.780282
92	71	0.70178
92	79	0.698127
92	88	0.738126
92	90	0.726123
92	108	0.763866
92	120	1.938
92	126	1.31081
92	172	0.691946
92	175	3.82076
92	178	3.79456
93	58	1.96732
93	95	0.723959
93	101	2.41384
93	103	0.686865
93	104	0.73102
93	105	0.731356
93	115	0.739866
93	119	0.740422
93	123	0.714872
93	126	2.44206
93	129	0.738339
93	138	0.721981
93	139	0.745667
93	141	0.748114
93	147	0.744728
93	150	0.743761
93	153	0.746525
93	154	0.723924
93	155	0.742483
93	160	3.68543
93	168	0.784261
93	173	0.697002
94	52	0.733491
94	69	0.717857
94	104	0.733423
94	106	0.72329
94	129	0.740742
94	130	0.74567
94	131	1.86884
94	133	0.745535
94	135	3.17809
94	137	0.723318
94	139	0.74807
94	141	0.750517
94	147	0.747131
94	150	0.746164
94	151	0.741329
94	153	0.748928
94	154	0.726327
94	156	2.89637
94	162	0.730749
94	173	0.699405
94	177	0.701985
94	179	3.3022
95	43	0.736676
95	74	1.21945
95	93	0.723959
95	104	0.734013
95	105	0.734349
95	106	0.72388
95	119	0.743416
95	123	0.717865
95	129	0.741332
95	130	0.746261
95	138	0.724975
95	139	0.74866
95	142	0.716487
95	145	1.74453
95	147	0.747721
95	151	0.741919
95	153	0.749518
95	154	0.726917
95	155	0.745476
95	176	4.16652
95	177	0.702576
95	178	3.50378
96	3	0.747965
96	6	0.74509
96	11	0.749553
96	13	0.758688
96	23	0.73862
96	47	0.785543
96	50	0.781446
96	53	0.785595
96	59	0.771948
96	67	0.825943
96	75	0.812312
96	83	0.799588
96	99	0.762271
96	116	1.98619
96	124	3.01544
96	127	0.793395
96	134	2.40301
96	143	2.2767
96	159	0.792694
96	164	2.18006
96	168	0.833077
96	178	0.716993
97	1	2.11231
97	40	0.777251
97	48	0.769089
97	60	0.755858
97	86	1.32655
97	89	0.765097
97	98	0.789212
97	100	0.78479
97	108	0.796589
97	109	0.788815
97	110	0.748099
97	112	0.74702
97	117	0.772453
97	118	0.772102
97	121	0.765926
97	128	0.76835
97	135	0.730183
97	137	0.756228
97	157	0.755869
97	162	0.763658
97	163	2.35785
97	177	2.61502
97	180	2.58453
98	14	0.742971
98	48	0.766711
98	60	0.753479
98	68	0.80728
98	86	0.810022
98	97	0.789212
98	100	0.782412
98	102	0.772401
98	108	0.79421
98	109	0.786437
98	110	0.74572
98	117	0.770075
98	118	0.769723
98	121	0.763547
98	122	3.53686
98	128	0.765972
98	135	0.727805
98	137	0.753849
98	157	0.753491
98	159	1.3307
98	162	0.76128
98	176	3.88376
98	177	2.09849
99	3	0.691637
99	52	0.723577
99	59	0.71562
99	67	0.769615
99	75	0.755984
99	83	0.74326
99	96	0.762271
99	120	2.93826
99	123	0.70736
99	126	2.31107
99	128	2.75339
99	129	0.730828
99	133	0.735621
99	138	0.71447
99	141	0.740603
99	153	0.739014
99	154	0.716413
99	159	0.736367
99	168	0.77675
99	173	0.689491
99	177	0.692071
99	178	0.660665
99	180	3.64181
100	16	0.798223
100	33	0.681038
100	40	0.77045
100	87	0.769685
100	89	0.758297
100	97	0.78479
100	98	0.782412
100	102	0.767979
100	109	0.782015
100	110	0.741299
100	112	0.74022
100	114	1.83781
100	117	0.765653
100	118	0.765302
100	121	0.759126
100	128	0.76155
100	131	2.25987
100	135	0.723383
100	137	0.749427
100	140	2.2867
100	146	2.96069
100	156	3.28739
100	157	0.749069
100	162	0.756858
101	18	0.759509
101	50	1.97117
101	78	0.726107
101	93	2.41384
101	114	0.793057
101	117	1.77956
101	135	0.71682
101	136	0.725054
101	137	1.83398
101	146	0.770192
101	149	0.748163
101	152	0.771962
101	159	0.765827
101	160	0.716265
101	165	0.741427
101	167	0.757638
101	169	0.683248
101	170	0.685131
101	171	0.676182
101	174	0.710777
101	175	0.682943
101	176	0.670921
101	179	0.700464
102	14	0.728539
102	34	1.56422
102	63	1.03487
102	87	0.759675
102	98	0.772401
102	100	0.767979
102	106	0.739389
102	109	0.772005
102	110	0.731288
102	112	0.73021
102	118	0.755291
102	121	0.749115
102	134	2.1955
102	137	0.739417
102	138	0.740483
102	139	0.764169
102	150	0.762262
102	151	0.757428
102	153	0.765027
102	154	0.742425
102	155	0.760984
102	162	0.746847
102	177	0.718084
102	178	4.10104
102	180	2.94803
103	79	3.32328
103	84	0.657701
103	93	0.686865
103	104	0.696919
103	106	0.686786
103	107	0.676515
103	117	2.81398
103	121	2.21589
103	126	0.73582
103	130	0.709166
103	138	0.68788
103	141	0.714013
103	151	0.704825
103	152	0.715911
103	153	0.712424
103	154	0.689823
103	155	0.708382
103	163	0.668454
103	165	0.685376
103	167	0.701588
103	169	0.627198
103	175	0.626892
103	177	0.665481
103	179	0.644413
104	72	0.76642
104	81	1.7086
104	93	0.73102
104	94	0.733423
104	95	0.734013
104	103	0.696919
104	113	2.42585
104	115	0.74992
104	116	1.97738
104	119	0.750476
104	129	0.748393
104	130	0.753321
104	138	0.732035
104	139	0.755721
104	147	0.754782
104	150	0.753815
104	151	0.74898
104	153	0.756579
104	154	0.733978
104	155	0.752537
104	162	0.7384
104	168	0.794315
104	172	3.5041
104	173	0.707056
104	177	0.709636
104	179	3.20725
105	69	0.725844
105	72	0.766755
105	84	3.40071
105	93	0.731356
105	95	0.734349
105	106	0.731277
105	115	0.750255
105	119	0.750812
105	122	0.681285
105	124	2.0748
105	129	0.748729
105	133	0.753521
105	139	0.756057
105	141	0.758504
105	147	0.755118
105	150	0.75415
105	151	0.749316
105	153	0.756915
105	154	0.734313
105	155	0.752872
105	165	1.76784
105	168	0.79465
105	173	0.707392
105	177	0.709972
105	178	3.36791
105	179	2.27541
106	8	1.75247
106	9	0.792784
106	15	1.49075
106	29	0.753801
106	94	0.72329
106	95	0.72388
106	102	0.739389
106	103	0.686786
106	105	0.731277
106	115	0.739787
106	122	0.670816
106	129	0.73826
106	130	0.743189
106	133	0.743053
106	139	0.745588
106	141	0.748035
106	145	2.1501
106	147	0.744649
106	150	0.743682
106	151	0.738848
106	153	0.746447
106	154	0.723845
106	155	0.742404
106	166	4.12728
106	168	0.784182
106	172	3.1137
106	177	0.699504
107	18	0.727211
107	22	0.729078
107	77	2.54151
107	81	0.754902
107	103	0.676515
107	116	0.748084
107	125	0.701159
107	141	2.75128
107	143	0.74499
107	144	0.689923
107	145	0.714604
107	146	0.737894
107	148	0.708029
107	149	0.715864
107	152	0.739663
107	153	1.47419
107	162	2.18265
107	163	0.692206
107	164	0.731338
107	167	0.72534
107	169	0.65095
107	170	0.652832
107	173	0.686653
107	176	0.638623
107	177	0.689233
107	178	0.657827
107	180	0.691761
108	7	0.757678
108	36	0.716635
108	37	0.805612
108	45	0.780285
108	54	0.787558
108	60	0.760856
108	71	0.739501
108	79	0.735848
108	88	0.775847
108	90	0.763844
108	92	0.763866
108	97	0.796589
108	98	0.79421
108	110	0.753097
108	111	2.0651
108	112	0.752019
108	117	0.777452
108	118	0.7771
108	121	0.770924
108	135	0.735181
108	144	2.69769
108	157	0.760868
108	158	3.32594
108	159	1.92629
108	162	0.768657
108	165	2.21654
108	172	0.729667
108	180	2.6636
109	16	0.802249
109	33	0.685063
109	40	0.774476
109	48	0.766315
109	60	0.753083
109	66	1.65303
109	68	0.806884
109	87	0.773711
109	89	0.762322
109	97	0.788815
109	98	0.786437
109	100	0.782015
109	102	0.772005
109	110	0.745324
109	112	0.744245
109	116	1.8219
109	117	0.769678
109	118	0.769327
109	121	0.763151
109	126	1.66052
109	128	0.765576
109	135	0.727408
109	137	0.753453
109	144	3.02534
109	157	0.753094
109	162	0.760883
109	174	3.1036
109	177	3.02174
110	14	0.701858
110	16	0.761532
110	40	0.733759
110	60	0.712366
110	65	0.769513
110	68	0.766167
110	82	1.58137
110	86	1.87166
110	87	0.732994
110	89	0.721606
110	97	0.748099
110	98	0.74572
110	100	0.741299
110	102	0.731288
110	108	0.753097
110	109	0.745324
110	112	0.703529
110	117	0.728962
110	118	0.72861
110	121	0.722434
110	128	0.724859
110	135	0.686691
110	136	2.65441
110	137	0.712736
110	157	0.712378
110	158	3.79199
110	162	0.720166
110	177	3.16013
111	2	0.684887
111	23	3.83452
111	41	0.782041
111	84	0.688403
111	108	2.0651
111	114	0.767709
111	124	0.718696
111	125	0.70811
111	132	0.742552
111	146	0.744844
111	147	2.20727
111	148	0.714979
111	155	1.87614
111	156	0.700296
111	158	0.688373
111	163	0.699157
111	164	0.738289
111	166	0.661958
111	167	0.73229
111	170	0.659783
111	171	0.650834
111	173	0.693603
111	174	0.685429
111	175	0.657595
111	176	0.645573
111	177	0.696183
111	178	0.664778
111	179	0.675116
112	14	0.700779
112	16	0.760453
112	33	0.643268
112	40	0.73268
112	48	0.724519
112	60	0.711288
112	65	0.768434
112	68	0.765089
112	87	0.731915
112	89	0.720527
112	97	0.74702
112	100	0.74022
112	102	0.73021
112	108	0.752019
112	109	0.744245
112	110	0.703529
112	113	1.77915
112	117	0.727883
112	118	0.727532
112	121	0.721356
112	128	0.72378
112	135	0.685613
112	136	2.0248
112	137	0.711658
112	157	0.711299
112	162	0.719088
112	172	2.8574
112	176	4.31579
112	178	3.65305
113	2	0.704578
113	46	0.79757
113	50	2.60923
113	65	1.62651
113	80	0.663377
113	81	0.781543
113	86	0.789455
113	104	2.42585
113	112	1.77915
113	114	0.7874
113	143	0.771631
113	146	0.764535
113	148	0.73467
113	154	2.55114
113	157	0.736849
113	158	0.708064
113	160	0.710608
113	161	0.742759
113	163	0.718848
113	165	0.73577
113	167	0.751981
113	169	0.677591
113	170	0.679474
113	172	0.705648
113	175	0.677286
113	176	0.665264
113	177	0.715875
113	178	0.684469
113	179	0.694807
114	21	2.96504
114	38	0.837428
114	42	1.81883
114	100	1.83781
114	101	0.793057
114	111	0.767709
114	113	0.7874
114	124	0.772237
114	125	0.761651
114	143	0.805481
114	144	0.750415
114	145	0.775096
114	148	0.76852
114	149	0.776356
114	150	0.865779
114	154	1.47712
114	160	0.744458
114	162	0.791134
114	163	0.752698
114	164	0.79183
114	166	0.715499
114	169	0.711441
114	170	0.713324
114	173	0.747144
114	174	0.73897
114	175	0.711136
114	176	0.699114
114	179	0.728657
114	180	0.752253
115	17	0.71186
115	29	0.77278
115	49	1.10049
115	69	0.734354
115	70	0.735192
115	93	0.739866
115	104	0.74992
115	105	0.750255
115	106	0.739787
115	123	0.733771
115	129	0.757239
115	130	0.762167
115	132	1.82596
115	133	0.762032
115	138	0.740881
115	139	0.764567
115	141	0.767014
115	147	0.763628
115	150	0.762661
115	153	0.765425
115	154	0.742824
115	155	0.761383
115	158	3.55124
115	162	0.747246
115	165	2.44185
115	168	0.803161
115	172	3.24627
115	173	0.715902
115	177	0.718482
115	179	2.94942
116	5	0.737557
116	10	0.818887
116	19	0.731119
116	27	0.804576
116	30	0.776479
116	35	0.787234
116	39	0.717031
116	62	0.756747
116	64	0.807516
116	77	0.792299
116	96	1.98619
116	104	1.97738
116	107	0.748084
116	109	1.8219
116	127	0.782046
116	137	2.02358
116	146	0.78571
116	155	1.30529
116	156	0.741163
116	165	0.756945
116	166	0.702824
116	167	0.773157
116	168	1.06189
116	169	0.698767
116	170	0.700649
116	171	0.6917
116	174	0.726295
116	178	0.705644
116	179	0.715982
116	180	0.739578
117	14	0.726212
117	16	0.785886
117	33	0.668701
117	40	0.758113
117	48	0.749952
117	60	0.736721
117	65	0.793867
117	68	0.790522
117	74	2.0072
117	82	1.59024
117	87	0.757348
117	89	0.74596
117	97	0.772453
117	98	0.770075
117	100	0.765653
117	101	1.77956
117	103	2.81398
117	108	0.777452
117	109	0.769678
117	110	0.728962
117	112	0.727883
117	118	0.752965
117	121	0.746789
117	128	0.749213
117	132	2.07557
117	135	0.711046
117	137	0.737091
117	157	0.736732
117	162	0.744521
117	173	2.96124
118	14	0.725861
118	16	0.785535
118	33	0.66835
118	40	0.757762
118	48	0.749601
118	55	1.14956
118	60	0.736369
118	65	0.793516
118	68	0.79017
118	87	0.756997
118	89	0.745609
118	97	0.772102
118	98	0.769723
118	100	0.765302
118	102	0.755291
118	108	0.7771
118	109	0.769327
118	110	0.72861
118	112	0.727532
118	117	0.752965
118	121	0.746437
118	135	0.710694
118	137	0.736739
118	143	2.28402
118	152	2.57376
118	156	2.81753
118	157	0.736381
118	162	0.74417
118	173	2.98558
118	179	3.22336
119	17	0.712417
119	21	0.71935
119	29	0.773336
119	43	0.753139
119	66	1.92251
119	70	0.735748
119	74	2.12942
119	93	0.740422
119	95	0.743416
119	104	0.750476
119	105	0.750812
119	123	0.734328
119	129	0.757795
119	130	0.762724
119	133	0.762588
119	138	0.741438
119	141	0.767571
119	147	0.764185
119	149	2.65234
119	150	0.763217
119	151	0.758383
119	153	0.765982
119	154	0.74338
119	155	0.761939
119	157	2.40471
119	165	2.81368
119	167	2.59611
119	168	0.803717
119	173	0.716459
119	177	0.719039
120	26	1.9281
120	80	0.656898
120	86	0.782976
120	92	1.938
120	99	2.93826
120	124	0.731907
120	128	0.742851
120	131	0.773525
120	134	0.733409
120	137	2.48938
120	140	0.754283
120	142	0.723307
120	143	0.765152
120	144	0.710085
120	156	0.713508
120	157	0.73037
120	161	0.736279
120	162	1.88249
120	163	0.712368
120	164	0.7515
120	165	0.72929
120	166	0.675169
120	167	0.745502
120	169	0.671112
120	170	0.672994
120	171	0.664045
120	174	0.69864
120	175	0.670806
120	176	0.658785
120	179	0.688327
120	180	0.711923
121	14	0.719685
121	16	0.779359
121	33	0.662174
121	40	0.751586
121	48	0.743425
121	60	0.730193
121	65	0.78734
121	68	0.783994
121	87	0.750821
121	89	0.739433
121	97	0.765926
121	98	0.763547
121	100	0.759126
121	102	0.749115
121	103	2.21589
121	108	0.770924
121	109	0.763151
121	110	0.722434
121	112	0.721356
121	117	0.746789
121	118	0.746437
121	128	0.742686
121	135	0.704519
121	137	0.730563
121	140	1.1944
121	157	0.730205
121	162	0.737994
121	167	1.87579
121	170	3.94018
121	174	2.65277
121	175	3.71964
122	1	0.70588
122	65	3.81625
122	84	0.641731
122	87	4.64689
122	98	3.53686
122	105	0.681285
122	106	0.670816
122	130	0.693197
122	133	0.693061
122	144	0.650202
122	145	0.674883
122	147	0.694657
122	148	0.668307
122	150	0.69369
122	151	0.688856
122	152	0.699942
122	153	0.696455
122	154	0.673853
122	155	0.692412
122	158	0.641701
122	163	0.652485
122	165	0.669407
122	168	0.73419
122	171	0.604162
122	174	0.638757
122	175	0.610923
122	176	0.598901
122	177	0.649512
122	179	0.628444
122	180	0.65204
123	9	0.786768
123	29	0.747785
123	32	0.739079
123	38	1.64225
123	52	0.724994
123	61	0.788058
123	91	1.45813
123	93	0.714872
123	95	0.717865
123	99	0.70736
123	115	0.733771
123	119	0.734328
123	129	0.732245
123	130	0.737173
123	133	0.737037
123	137	0.714821
123	138	0.715887
123	139	0.739573
123	141	0.74202
123	146	2.58342
123	147	0.738634
123	150	0.737666
123	151	0.732832
123	153	0.740431
123	154	0.717829
123	155	0.736388
123	162	0.722251
123	164	2.27997
123	168	0.778166
123	173	0.690908
123	174	3.3678
123	175	4.43467
123	177	0.693488
124	9	2.11641
124	56	2.85601
124	58	0.762578
124	60	2.73733
124	80	0.648214
124	91	0.808387
124	96	3.01544
124	105	2.0748
124	111	0.718696
124	114	0.772237
124	120	0.731907
124	125	0.712637
124	132	0.747079
124	136	0.704234
124	146	0.749372
124	149	0.727343
124	152	0.751141
124	158	0.692901
124	159	0.745007
124	161	0.727595
124	163	0.703684
124	165	0.720607
124	166	0.666486
124	167	0.736818
124	169	0.662428
124	170	0.664311
124	171	0.655362
124	173	0.698131
124	175	0.662123
124	176	0.650101
124	179	0.679644
124	180	0.70324
125	8	0.740034
125	34	0.772541
125	80	0.637628
125	107	0.701159
125	111	0.70811
125	114	0.761651
125	124	0.712637
125	129	2.3605
125	130	1.89871
125	131	0.754255
125	133	2.3316
125	134	0.714139
125	140	0.735013
125	141	2.38337
125	143	0.745882
125	145	0.715496
125	146	0.738786
125	148	0.708921
125	151	1.52932
125	152	0.740555
125	156	0.694238
125	157	0.7111
125	158	0.682314
125	160	0.684858
125	165	0.71002
125	166	0.655899
125	167	0.726232
125	169	0.651842
125	175	0.651536
125	176	0.639515
125	177	0.690125
125	178	0.658719
125	179	0.669057
125	180	0.692653
126	4	0.863786
126	15	0.797099
126	40	2.5127
126	78	0.753112
126	87	1.8473
126	91	0.856213
126	92	1.31081
126	93	2.44206
126	99	2.31107
126	103	0.73582
126	109	1.66052
126	140	0.793425
126	146	0.797198
126	149	0.775169
126	156	0.75265
126	158	0.740727
126	160	0.74327
126	161	0.775421
126	163	0.751511
126	164	0.790642
126	165	0.768433
126	166	0.714312
126	167	0.784644
126	168	0.900507
126	169	0.710254
126	170	0.712137
126	171	0.703188
126	172	0.738311
126	174	0.737782
126	175	0.709949
126	176	0.697927
126	178	0.717131
126	179	0.72747
126	180	0.751066
127	3	0.722761
127	5	0.723702
127	6	0.719886
127	10	0.805032
127	11	0.724349
127	13	0.733485
127	19	0.717264
127	23	0.713417
127	27	0.790721
127	30	0.762624
127	33	4.97156
127	39	0.703176
127	41	1.01879
127	50	0.756242
127	53	0.760392
127	56	0.808372
127	59	0.746744
127	62	0.742892
127	64	0.793661
127	72	0.779978
127	73	0.77364
127	77	0.778444
127	83	0.774384
127	96	0.793395
127	116	0.782046
127	135	2.19667
127	159	0.767491
127	165	1.8132
127	168	0.807873
127	173	2.08298
127	177	2.29074
127	178	0.691789
127	179	2.32077
127	180	0.725723
128	32	1.35659
128	53	2.44097
128	64	1.65878
128	68	0.786419
128	76	0.745203
128	87	0.753246
128	89	0.741857
128	97	0.76835
128	98	0.765972
128	99	2.75339
128	100	0.76155
128	109	0.765576
128	110	0.724859
128	112	0.72378
128	117	0.749213
128	120	0.742851
128	121	0.742686
128	130	1.7816
128	135	0.706943
128	149	0.738286
128	154	2.38361
128	156	0.715767
128	158	0.703844
128	161	0.738539
128	162	0.740418
128	164	0.75376
128	165	0.73155
128	166	0.677429
128	167	0.747761
128	169	0.673371
128	170	0.675254
128	175	0.673066
128	176	0.661044
128	179	0.690587
129	43	0.751056
129	63	1.21865
129	72	0.773739
129	81	1.69366
129	93	0.738339
129	94	0.740742
129	95	0.741332
129	99	0.730828
129	104	0.748393
129	105	0.748729
129	106	0.73826
129	115	0.757239
129	119	0.757795
129	123	0.732245
129	125	2.3605
129	130	0.76064
129	133	0.760505
129	138	0.739354
129	139	0.76304
129	141	0.765487
129	142	0.730867
129	147	0.762101
129	149	2.5234
129	150	0.761134
129	151	0.756299
129	153	0.763898
129	154	0.741297
129	155	0.759856
129	156	2.78648
129	162	0.745719
129	165	2.68474
129	168	0.801634
129	173	0.714375
129	174	3.24415
129	177	0.716955
130	22	2.04693
130	51	0.75077
130	69	0.737756
130	94	0.74567
130	95	0.746261
130	103	0.709166
130	104	0.753321
130	106	0.743189
130	115	0.762167
130	119	0.762724
130	122	0.693197
130	123	0.737173
130	125	1.89871
130	128	1.7816
130	129	0.76064
130	133	0.765433
130	137	0.743217
130	138	0.744283
130	139	0.767969
130	141	0.770415
130	142	0.735795
130	145	2.06378
130	147	0.76703
130	150	0.766062
130	151	0.761228
130	153	0.768827
130	154	0.746225
130	155	0.764784
130	156	2.32469
130	162	0.750647
130	163	2.44333
130	168	0.806562
130	173	0.719304
130	175	3.84923
130	177	0.721884
131	34	0.824745
131	36	2.95461
131	56	1.62326
131	61	1.44385
131	80	0.689832
131	84	0.734549
131	87	1.80519
131	94	1.86884
131	100	2.25987
131	120	0.773525
131	125	0.754255
131	134	0.766343
131	140	0.787217
131	143	0.798086
131	144	0.743019
131	147	1.43292
131	148	0.761125
131	149	0.76896
131	152	0.792759
131	157	0.763304
131	158	0.734519
131	160	0.737062
131	161	0.769213
131	164	0.784434
131	165	0.762224
131	166	0.708103
131	167	0.778436
131	170	0.705929
131	172	0.732103
131	173	0.739749
131	174	0.731574
131	175	0.70374
131	176	0.691719
131	179	0.721261
131	180	0.744857
132	40	2.78049
132	74	0.767846
132	81	0.790236
132	85	0.803688
132	111	0.742552
132	115	1.82596
132	117	2.07557
132	124	0.747079
132	133	2.03995
132	134	0.748581
132	135	0.719855
132	139	1.85257
132	142	0.738478
132	144	0.725257
132	145	0.749938
132	149	0.751198
132	158	0.716757
132	161	0.751451
132	164	0.766672
132	165	0.744462
132	166	0.690341
132	167	0.760674
132	168	1.1683
132	169	0.686284
132	170	0.688166
132	171	0.679217
132	172	0.714341
132	173	0.721987
132	174	0.713812
132	175	0.685978
132	176	0.673957
132	177	0.724567
132	178	0.693161
132	179	0.703499
