1	15	0.834406
1	24	0.791177
1	27	0.796219
1	38	0.862885
1	45	0.759418
1	58	0.802559
1	64	0.802624
1	113	1.71015
1	118	0.725201
1	123	1.91294
1	156	0.80449
1	167	2.90036
2	40	0.791834
2	43	0.81273
2	49	0.886814
2	51	0.768145
2	53	0.767693
2	55	0.850965
2	60	0.827311
2	62	0.827239
2	141	0.699704
2	146	1.77156
2	167	2.19796
2	179	2.67407
3	13	0.75211
3	22	0.828978
3	26	0.828978
3	28	0.809409
3	39	0.79415
3	44	0.787948
3	54	0.762853
3	56	0.762985
3	72	0.883051
3	120	2.82876
3	146	1.41178
3	177	2.5081
4	7	1.09375
4	32	0.970655
4	33	1.04824
4	42	1.03095
4	47	1.01709
4	107	0.986004
4	129	1.00761
4	136	1.33814
4	149	1.05805
4	160	1.47947
4	168	2.48566
4	178	1.67948
5	6	0.844025
5	23	0.916845
5	29	0.950979
5	30	0.914244
5	35	0.930285
5	63	0.932862
5	70	0.900781
5	83	1.97478
5	136	1.38986
5	167	0.837714
5	173	1.87031
5	180	2.23696
6	5	0.844025
6	18	0.865791
6	30	0.7996
6	34	0.807291
6	35	0.815641
6	46	0.755989
6	63	0.818218
6	70	0.786138
6	123	1.64703
6	135	2.23784
6	157	2.70178
6	167	0.72307
7	4	1.09375
7	10	0.941164
7	21	0.911213
7	32	0.798465
7	33	0.876048
7	42	0.85876
7	47	0.844896
7	106	1.0232
7	149	0.885864
7	153	1.08113
7	165	2.07385
7	174	3.16222
8	31	0.813352
8	57	0.858885
8	66	0.892136
8	76	0.946642
8	77	0.946743
8	126	0.910937
8	146	1.29535
8	155	0.913006
8	156	0.915966
8	163	1.7543
8	165	2.51335
8	167	1.72175
9	36	0.90241
9	41	0.895542
9	59	0.84661
9	61	0.93077
9	65	0.926333
9	67	0.899824
9	102	1.18726
9	104	1.5598
9	129	2.28135
9	152	0.911833
9	155	0.93025
9	167	2.06122
10	7	0.941164
10	11	0.97538
10	21	0.930821
10	32	0.818073
10	33	0.895656
10	42	0.878367
10	47	0.864503
10	136	2.20673
10	149	0.905472
10	153	1.45494
10	162	1.56222
10	179	2.13217
11	10	0.97538
11	21	0.94543
11	32	0.832682
11	33	0.910265
11	42	0.892976
11	47	0.879112
11	107	0.84803
11	148	0.77497
11	149	0.920081
11	163	1.52272
11	171	2.82452
11	177	2.16009
12	13	0.75211
12	22	0.828978
12	26	0.828978
12	28	0.809409
12	39	0.79415
12	44	0.787948
12	54	0.762853
12	56	0.762985
12	72	0.883051
12	123	1.85116
12	148	2.12339
12	153	2.63746
13	3	0.75211
13	12	0.75211
13	22	0.835916
13	26	0.835916
13	39	0.801088
13	44	0.794886
13	54	0.769791
13	56	0.769923
13	72	0.889989
13	74	1.94261
13	129	2.50031
13	133	2.26502
14	20	0.887599
14	24	0.888843
14	27	0.893885
14	38	0.960551
14	45	0.857084
14	58	0.900225
14	64	0.90029
14	100	1.13684
14	153	1.46822
14	154	3.0564
14	156	0.902156
14	163	1.70189
15	1	0.834406
15	27	0.908013
15	38	0.974679
15	45	0.871212
15	58	0.914353
15	64	0.914418
15	118	0.836995
15	127	1.34961
15	131	1.39182
15	141	2.02577
15	156	0.916284
15	161	2.45455
16	70	0.387455
16	76	0.671816
16	101	0.473835
16	105	0.779155
16	168	0.892728
16	170	0.923768
16	174	0.878512
16	175	0.887852
16	176	0.88344
16	177	0.919265
16	178	0.912491
16	180	0.894138
17	37	0.857393
17	68	0.866803
17	71	0.865564
17	73	0.840095
17	78	0.838995
17	79	0.888093
17	103	1.98161
17	116	1.60044
17	136	0.771979
17	137	2.64836
17	173	0.737294
18	6	0.865791
18	23	0.938612
18	30	0.936011
18	34	0.943702
18	46	0.892399
18	70	0.922548
18	103	1.88837
18	129	0.848814
18	134	1.97589
18	135	1.78151
18	151	1.57455
18	167	0.85948
19	25	0.81307
19	31	0.710337
19	52	0.845835
19	57	0.75587
19	66	0.789121
19	76	0.843626
19	77	0.843728
19	98	1.91701
19	129	2.47534
19	145	2.20248
19	155	0.809991
19	156	0.812951
20	14	0.887599
20	24	0.858498
20	27	0.863539
20	38	0.930206
20	45	0.826738
20	58	0.86988
20	64	0.869945
20	104	1.83282
20	107	1.89911
20	118	0.792521
20	119	1.84806
20	121	1.83999
20	156	0.871811
21	7	0.911213
21	10	0.930821
21	11	0.94543
21	32	0.788122
21	33	0.865705
21	42	0.848417
21	47	0.834553
21	107	0.803471
21	133	1.22622
21	149	0.875522
21	158	2.04929
21	160	1.93337
21	171	2.57573
22	3	0.828978
22	12	0.828978
22	13	0.835916
22	28	0.893215
22	39	0.877956
22	44	0.871755
22	54	0.846659
22	56	0.846791
22	72	0.966857
22	98	1.48266
22	99	1.92395
22	150	2.33715
22	167	1.82086
23	5	0.916845
23	18	0.938612
23	29	0.909156
23	34	0.880112
23	46	0.828809
23	63	0.891039
23	70	0.858958
23	97	1.25341
23	123	1.26846
23	129	0.785224
23	147	2.14919
23	167	0.795891
23	170	2.918
24	1	0.791177
24	14	0.888843
24	20	0.858498
24	27	0.864784
24	38	0.93145
24	45	0.827983
24	58	0.871124
24	64	0.871189
24	123	0.813966
24	131	1.50801
24	156	0.873055
24	167	1.80139
24	168	3.49957
25	19	0.81307
25	31	0.783872
25	52	0.91937
25	57	0.829405
25	66	0.862656
25	76	0.917162
25	77	0.917264
25	121	1.19879
25	137	2.07004
25	150	2.20933
25	155	0.883526
25	156	0.886487
25	179	2.16915
26	3	0.828978
26	12	0.828978
26	13	0.835916
26	28	0.893215
26	39	0.877956
26	44	0.871755
26	54	0.846659
26	56	0.846791
26	72	0.966857
26	98	1.47871
26	100	1.28442
26	167	1.81691
26	169	3.01751
27	1	0.796219
27	14	0.893885
27	15	0.908013
27	20	0.863539
27	24	0.864784
27	45	0.833024
27	58	0.876166
27	64	0.876231
27	95	2.03465
27	112	1.50457
27	124	1.74232
27	156	0.878097
27	159	2.13818
28	3	0.809409
28	12	0.809409
28	22	0.893215
28	26	0.893215
28	39	0.858387
28	54	0.82709
28	56	0.827222
28	72	0.947288
28	96	0.928519
28	117	1.23654
28	127	1.55546
28	134	1.68881
28	169	3.09164
29	5	0.950979
29	23	0.909156
29	30	0.906554
29	35	0.922595
29	46	0.862943
29	63	0.925172
29	70	0.893092
29	116	1.12273
29	119	1.30748
29	148	1.07845
29	167	0.830024
29	174	3.67362
30	5	0.914244
30	6	0.7996
30	18	0.936011
30	29	0.906554
30	34	0.877511
30	46	0.826208
30	63	0.888437
30	70	0.856357
30	87	1.45702
30	122	1.20474
30	167	0.793289
30	168	3.08005
30	177	2.05178
31	8	0.813352
31	19	0.710337
31	25	0.783872
31	52	0.816638
31	57	0.726673
31	66	0.759923
31	76	0.814429
31	77	0.814531
31	96	1.61647
31	123	1.51862
31	155	0.780793
31	156	0.783754
31	176	3.85909
32	4	0.970655
32	7	0.798465
32	10	0.818073
32	11	0.832682
32	21	0.788122
32	33	0.752957
32	47	0.721805
32	83	0.659781
32	107	0.690723
32	134	1.32325
32	149	0.762773
32	173	2.5566
32	175	3.21036
33	4	1.04824
33	7	0.876048
33	10	0.895656
33	11	0.910265
33	21	0.865705
33	32	0.752957
33	42	0.813252
33	47	0.799388
33	113	1.20979
33	145	2.34728
33	147	2.2933
33	149	0.840356
33	151	1.79643
34	6	0.807291
34	18	0.943702
34	23	0.880112
34	30	0.877511
34	35	0.893551
34	46	0.833899
34	63	0.896128
34	69	1.55177
34	70	0.864048
34	159	1.53764
34	162	1.90114
34	167	0.80098
34	177	2.6649
35	5	0.930285
35	6	0.815641
35	29	0.922595
35	34	0.893551
35	46	0.842248
35	63	0.904478
35	70	0.872397
35	104	1.48409
35	129	0.798663
35	148	1.27031
35	163	2.01806
35	167	0.80933
35	178	2.87751
36	9	0.90241
36	41	0.817899
36	50	0.892224
36	59	0.768967
36	61	0.853127
36	65	0.848689
36	67	0.82218
36	126	0.850537
36	151	0.647929
36	152	0.834189
36	154	2.63856
36	155	0.852607
36	175	2.93637
36	177	1.92142
37	17	0.857393
37	68	0.871598
37	71	0.870359
37	73	0.84489
37	78	0.843789
37	79	0.892888
37	88	1.32966
37	100	0.872713
37	126	0.869248
37	133	1.78764
37	136	0.776773
37	158	2.6107
37	160	2.49478
37	173	0.742089
38	1	0.862885
38	14	0.960551
38	15	0.974679
38	20	0.930206
38	24	0.93145
38	45	0.899691
38	58	0.942832
38	64	0.942897
38	133	1.38747
38	145	1.34991
38	156	0.944763
38	163	1.43518
38	165	2.19422
38	173	2.43374
39	3	0.79415
39	12	0.79415
39	13	0.801088
39	22	0.877956
39	26	0.877956
39	28	0.858387
39	44	0.836926
39	54	0.811831
39	56	0.811963
39	72	0.932029
39	117	0.949507
39	139	1.90923
39	158	2.41191
39	169	2.8046
40	2	0.791834
40	43	0.864782
40	49	0.938866
40	51	0.820197
40	53	0.819745
40	55	0.903017
40	60	0.879363
40	62	0.879291
40	107	0.774979
40	131	1.35927
40	137	2.02965
40	141	0.751756
40	146	1.22624
40	174	3.53262
41	9	0.895542
41	36	0.817899
41	50	0.885356
41	59	0.762099
41	61	0.846259
41	65	0.841822
41	67	0.815313
41	96	0.897212
41	98	1.88791
41	113	1.03589
41	135	1.82949
41	152	0.827322
41	155	0.845739
41	173	3.25721
42	4	1.03095
42	7	0.85876
42	10	0.878367
42	11	0.892976
42	21	0.848417
42	33	0.813252
42	47	0.782099
42	83	0.720075
42	103	2.09376
42	107	0.751018
42	123	1.3961
42	141	2.7241
42	149	0.823068
42	151	1.77995
43	2	0.81273
43	40	0.864782
43	49	0.959762
43	51	0.841093
43	53	0.840641
43	55	0.923914
43	60	0.900259
43	62	0.900187
43	127	1.15099
43	141	0.772652
43	145	1.43386
43	166	1.84158
43	168	3.18476
44	3	0.787948
44	12	0.787948
44	13	0.794886
44	22	0.871755
44	26	0.871755
44	39	0.836926
44	54	0.805629
44	56	0.805762
44	72	0.925827
44	96	0.907059
44	119	2.14112
44	124	1.77409
44	148	1.91209
44	155	2.11751
45	1	0.759418
45	14	0.857084
45	15	0.871212
45	20	0.826738
45	24	0.827983
45	27	0.833024
45	38	0.899691
45	58	0.839365
45	64	0.83943
45	69	1.52414
45	155	1.45757
45	156	0.841296
45	177	2.63727
45	179	2.44347
46	6	0.755989
46	18	0.892399
46	23	0.828809
46	29	0.862943
46	30	0.826208
46	34	0.833899
46	35	0.842248
46	63	0.844826
46	70	0.812745
46	127	1.79111
46	129	0.739011
46	141	2.46727
46	148	1.41149
46	164	2.75241
46	167	0.749678
47	4	1.01709
47	7	0.844896
47	10	0.864503
47	11	0.879112
47	21	0.834553
47	32	0.721805
47	33	0.799388
47	42	0.782099
47	74	0.781409
47	83	0.706211
47	107	0.737154
47	149	0.809204
47	175	2.80384
47	176	2.47203
47	180	2.51673
48	109	0.80918
48	122	1.45846
48	128	0.809275
48	130	0.833312
48	132	0.858863
48	136	2.18625
48	138	0.800409
48	140	0.828144
48	142	0.840073
48	143	0.830409
48	144	0.85276
48	149	0.819814
48	161	2.40494
48	173	0.705723
48	178	2.52758
49	2	0.886814
49	40	0.938866
49	43	0.959762
49	51	0.915177
49	53	0.914725
49	55	0.997997
49	60	0.974343
49	62	0.974271
49	135	0.873353
49	141	0.846735
49	151	0.666392
49	169	2.47056
49	175	2.95483
49	179	1.74607
50	36	0.892224
50	41	0.885356
50	59	0.836425
50	61	0.920584
50	65	0.916147
50	67	0.889638
50	100	0.92146
50	118	1.23795
50	123	0.791726
50	126	0.917995
50	141	1.44033
50	152	0.901647
50	155	0.920065
50	168	2.79793
50	175	2.78462
51	2	0.768145
51	40	0.820197
51	43	0.841093
51	49	0.915177
51	53	0.796056
51	55	0.879328
51	60	0.855674
51	62	0.855602
51	74	1.78115
51	95	0.788439
51	99	2.2218
51	107	0.75129
51	122	1.94158
51	141	0.728067
51	179	2.59482
52	19	0.845835
52	25	0.91937
52	31	0.816638
52	57	0.862171
52	66	0.895421
52	76	0.949927
52	77	0.950029
52	97	0.616896
52	126	0.914222
52	155	0.916292
52	156	0.919252
52	162	1.52552
52	164	2.24509
52	165	2.41096
52	177	2.28929
53	2	0.767693
53	40	0.819745
53	43	0.840641
53	49	0.914725
53	51	0.796056
53	55	0.878876
53	60	0.855222
53	62	0.85515
53	95	0.787987
53	107	0.750838
53	135	1.65125
53	141	0.727615
53	153	1.84674
53	162	1.95401
53	173	3.07896
54	3	0.762853
54	12	0.762853
54	13	0.769791
54	22	0.846659
54	26	0.846659
54	28	0.82709
54	39	0.811831
54	44	0.805629
54	56	0.780666
54	72	0.900732
54	96	0.881963
54	99	2.43392
54	113	1.14061
54	148	1.61563
54	178	3.22282
55	2	0.850965
55	40	0.903017
55	43	0.923914
55	49	0.997997
55	51	0.879328
55	53	0.878876
55	60	0.938494
55	62	0.938422
55	95	0.87126
55	122	1.27685
55	131	1.1606
55	141	0.810887
55	150	1.97027
55	173	2.48508
55	178	2.34597
56	3	0.762985
56	12	0.762985
56	13	0.769923
56	22	0.846791
56	26	0.846791
56	28	0.827222
56	39	0.811963
56	44	0.805762
56	54	0.780666
56	72	0.900864
56	96	0.882095
56	111	1.61699
56	112	1.41625
56	134	2.30497
56	166	2.8622
57	8	0.858885
57	19	0.75587
57	25	0.829405
57	31	0.726673
57	52	0.862171
57	66	0.805456
57	76	0.859962
57	77	0.860064
57	95	0.776288
57	106	1.41739
57	153	1.47532
57	155	0.826327
57	156	0.829287
57	164	2.30216
57	175	3.36131
58	1	0.802559
58	14	0.900225
58	15	0.914353
58	20	0.86988
58	24	0.871124
58	27	0.876166
58	38	0.942832
58	45	0.839365
58	64	0.882571
58	88	1.2366
58	103	1.41997
58	118	0.805148
58	141	2.05031
58	156	0.884437
58	166	2.06473
58	173	2.74084
59	9	0.84661
59	36	0.768967
59	41	0.762099
59	50	0.836425
59	61	0.797327
59	65	0.79289
59	67	0.766381
59	96	0.84828
59	100	0.798203
59	117	1.89654
59	126	0.794738
59	151	1.94746
59	152	0.77839
59	155	0.796807
59	162	2.45719
59	163	2.58359
60	2	0.827311
60	40	0.879363
60	43	0.900259
60	49	0.974343
60	51	0.855674
60	53	0.855222
60	55	0.938494
60	62	0.914768
60	95	0.847605
60	100	1.29053
60	107	0.810456
60	141	0.787233
60	150	2.33932
60	155	1.31324
60	167	1.82303
60	178	2.71502
61	9	0.93077
61	36	0.853127
61	41	0.846259
61	50	0.920584
61	59	0.797327
61	65	0.87705
61	67	0.850541
61	88	1.16344
61	100	0.882362
61	119	1.1504
61	121	1.14233
61	126	0.878898
61	152	0.86255
61	155	0.880967
61	171	2.97093
61	176	2.98963
62	2	0.827239
62	40	0.879291
62	43	0.900187
62	49	0.974271
62	51	0.855602
62	53	0.85515
62	55	0.938422
62	60	0.914768
62	87	1.27074
62	95	0.847534
62	107	0.810384
62	141	0.787161
62	147	1.08889
62	172	2.51039
62	173	2.2267
62	180	2.59335
63	5	0.932862
63	6	0.818218
63	23	0.891039
63	29	0.925172
63	30	0.888437
63	34	0.896128
63	35	0.904478
63	46	0.844826
63	70	0.874975
63	74	0.686346
63	129	0.80124
63	154	2.41097
63	167	0.811907
63	170	1.68602
63	174	2.90388
63	178	1.91591
64	1	0.802624
64	14	0.90029
64	15	0.914418
64	20	0.869945
64	24	0.871189
64	27	0.876231
64	38	0.942897
64	45	0.83943
64	58	0.882571
64	106	1.67649
64	118	0.805213
64	122	1.75841
64	137	2.31254
64	156	0.884502
64	157	2.00287
64	162	1.8417
65	9	0.926333
65	36	0.848689
65	41	0.841822
65	50	0.916147
65	59	0.79289
65	61	0.87705
65	67	0.846103
65	96	0.928002
65	126	0.87446
65	131	1.23832
65	139	1.83692
65	152	0.858112
65	155	0.87653
65	164	2.15742
65	165	2.32329
65	179	2.00781
66	8	0.892136
66	19	0.789121
66	25	0.862656
66	31	0.759923
66	52	0.895421
66	57	0.805456
66	76	0.893213
66	77	0.893315
66	95	0.809539
66	98	2.03371
66	116	1.70099
66	117	1.71741
66	126	0.857508
66	155	0.859577
66	156	0.862538
66	159	1.91457
66	167	2.37191
67	9	0.899824
67	36	0.82218
67	41	0.815313
67	50	0.889638
67	59	0.766381
67	61	0.850541
67	65	0.846103
67	96	0.901494
67	100	0.851416
67	106	1.50504
67	122	1.58697
67	126	0.847952
67	136	2.31476
67	152	0.831603
67	155	0.850021
67	164	2.38982
67	179	2.24021
68	17	0.866803
68	37	0.871598
68	71	0.879769
68	73	0.8543
68	78	0.8532
68	79	0.902298
68	83	3.11118
68	85	1.02992
68	88	1.50248
68	118	0.804399
68	123	0.88897
68	125	0.891022
68	126	0.878658
68	136	0.786184
68	155	1.46582
68	173	0.751499
68	178	2.8676
69	34	1.55177
69	45	1.52414
69	92	1.13728
69	126	1.36907
69	135	0.89791
69	141	0.789529
69	160	0.81726
69	166	0.812707
69	169	0.767185
69	171	0.759303
69	172	0.761318
69	174	0.737974
69	176	0.742903
69	177	0.778727
69	178	0.771954
69	179	0.792097
69	180	0.7536
70	5	0.900781
70	6	0.786138
70	16	0.387455
70	18	0.922548
70	23	0.858958
70	29	0.893092
70	30	0.856357
70	34	0.864048
70	35	0.872397
70	46	0.812745
70	63	0.874975
70	129	0.76916
70	162	1.50464
70	165	2.39008
70	167	0.779827
70	179	2.07459
70	180	2.99624
71	17	0.865564
71	37	0.870359
71	68	0.879769
71	73	0.853061
71	78	0.851961
71	79	0.90106
71	85	1.0025
71	87	2.02334
71	118	0.80316
71	123	0.887731
71	125	0.889783
71	126	0.87742
71	136	0.784945
71	147	1.84149
71	158	2.75609
71	166	2.30318
71	173	0.75026
72	3	0.883051
72	12	0.883051
72	13	0.889989
72	22	0.966857
72	26	0.966857
72	28	0.947288
72	39	0.932029
72	44	0.925827
72	54	0.900732
72	56	0.900864
72	87	1.19638
72	96	1.00216
72	120	2.1118
72	133	1.10607
72	158	1.92913
72	172	2.43602
72	178	2.01322
73	17	0.840095
73	37	0.84489
73	68	0.8543
73	71	0.853061
73	78	0.826492
73	79	0.87559
73	87	2.05252
73	100	0.855415
73	118	0.777691
73	123	0.862262
73	125	0.864314
73	126	0.85195
73	136	0.759476
73	146	1.55096
73	155	1.46759
73	160	2.66936
73	170	2.63948
73	173	0.724791
74	13	1.94261
74	47	0.781409
74	51	1.78115
74	63	0.686346
74	139	0.901862
74	142	1.41122
74	158	0.856816
74	161	0.844575
74	168	0.808098
74	169	0.823092
74	170	0.839137
74	174	0.793882
74	175	0.803222
74	176	0.79881
74	177	0.834634
74	178	0.827861
74	179	0.848004
74	180	0.809507
75	80	0.846936
75	81	0.909891
75	84	0.891309
75	86	0.908116
75	89	0.889924
75	91	0.935526
75	93	0.935118
75	96	0.877001
75	136	0.797665
75	139	2.07179
75	141	0.781798
75	149	0.877071
75	152	0.873791
75	159	1.30922
75	170	2.42868
75	173	2.79767
76	8	0.946642
76	16	0.671816
76	19	0.843626
76	25	0.917162
76	31	0.814429
76	52	0.949927
76	57	0.859962
76	66	0.893213
76	77	0.94782
76	95	0.864045
76	97	0.880373
76	111	0.992629
76	126	0.912014
76	129	2.10298
76	155	0.914083
76	156	0.917043
76	166	2.23785
76	171	3.2172
77	8	0.946743
77	19	0.843728
77	25	0.917264
77	31	0.814531
77	52	0.950029
77	57	0.860064
77	66	0.893315
77	76	0.94782
77	95	0.864147
77	120	2.09672
77	126	0.912115
77	137	1.48315
77	148	0.868431
77	155	0.914185
77	156	0.917145
77	164	1.73187
77	172	2.42094
77	180	2.5039
78	17	0.838995
78	37	0.843789
78	68	0.8532
78	71	0.851961
78	73	0.826492
78	79	0.87449
78	100	0.854315
78	104	1.69249
78	118	0.77659
78	119	1.70773
78	123	0.861162
78	125	0.863214
78	126	0.85085
78	136	0.758375
78	155	1.68412
78	161	2.96326
78	162	2.10006
78	173	0.723691
79	17	0.888093
79	37	0.892888
79	68	0.902298
79	71	0.90106
79	73	0.87559
79	78	0.87449
79	100	0.903413
79	116	1.29191
79	118	0.825689
79	123	0.91026
79	125	0.912312
79	126	0.899949
79	134	1.76059
79	136	0.807474
79	151	1.35926
79	159	1.50549
79	167	1.96283
79	173	0.772789
79	176	3.31589
80	75	0.846936
80	81	0.852857
80	84	0.834276
80	86	0.851082
80	89	0.83289
80	91	0.878492
80	93	0.878085
80	95	1.26521
80	98	0.767798
80	112	0.735125
80	125	0.845469
80	129	0.742664
80	136	0.740631
80	141	0.724764
80	149	0.820038
80	152	0.816757
80	168	3.52426
80	170	2.48819
80	177	2.496
81	75	0.909891
81	80	0.852857
81	84	0.89723
81	86	0.914037
81	89	0.895844
81	91	0.941447
81	93	0.941039
81	125	0.908424
81	129	0.805619
81	133	1.80296
81	134	1.61588
81	136	0.803585
81	141	0.787718
81	146	1.39171
81	149	0.882992
81	152	0.879712
81	153	1.617
81	157	1.88545
81	169	3.01872
82	88	1.1157
82	94	0.860466
82	101	0.814568
82	105	0.80092
82	108	0.79457
82	114	0.832412
82	128	0.791925
82	130	0.815962
82	132	0.841513
82	138	0.783058
82	140	0.810794
82	142	0.822723
82	143	0.813059
82	144	0.835409
82	156	0.820562
82	170	2.25095
82	172	2.90363
82	178	2.48083
82	179	2.06494
83	5	1.97478
83	32	0.659781
83	42	0.720075
83	47	0.706211
83	68	3.11118
83	93	2.25735
83	111	0.811052
83	138	0.727774
83	140	0.755509
83	142	0.767438
83	143	0.757774
83	144	0.780125
83	146	0.767187
83	149	0.74718
83	161	0.651045
83	171	0.62168
83	176	0.60528
83	178	0.634331
83	179	0.654474
83	180	0.615978
84	75	0.891309
84	80	0.834276
84	81	0.89723
84	86	0.895455
84	89	0.877263
84	91	0.922865
84	93	0.922458
84	98	0.812171
84	104	1.56332
84	116	1.39382
84	121	1.57049
84	125	0.889843
84	129	0.787037
84	133	2.04958
84	136	0.785004
84	141	0.769137
84	146	1.63833
84	149	0.864411
84	152	0.861131
84	171	3.39909
85	68	1.02992
85	71	1.0025
85	89	1.62401
85	94	0.545178
85	103	0.948313
85	130	1.08689
85	139	0.910239
85	149	0.383914
85	159	0.968775
85	161	0.852952
85	164	0.861239
85	165	0.850171
85	171	0.823587
85	174	0.802259
85	175	0.811599
85	176	0.807187
85	177	0.843011
85	178	0.836238
85	179	0.856381
85	180	0.817885
86	75	0.908116
86	80	0.851082
86	81	0.914037
86	84	0.895455
86	89	0.894069
86	91	0.939672
86	93	0.939264
86	96	0.610771
86	112	0.814876
86	119	1.01416
86	125	0.906649
86	129	0.803844
86	136	0.801811
86	141	0.785944
86	149	0.881217
86	152	0.877937
86	174	3.38031
86	176	2.85339
86	180	2.89809
87	30	1.45702
87	62	1.27074
87	71	2.02334
87	72	1.19638
87	73	2.05252
87	127	0.90972
87	146	0.906723
87	147	0.881711
87	163	0.854908
87	168	0.754104
87	169	0.769098
87	170	0.785143
87	172	0.763231
87	173	0.772624
87	174	0.739888
87	176	0.744816
87	177	0.78064
87	178	0.773867
87	179	0.79401
87	180	0.755513
88	37	1.32966
88	58	1.2366
88	61	1.16344
88	68	1.50248
88	82	1.1157
88	90	0.989544
88	137	0.914501
88	150	0.885101
88	159	0.977464
88	165	0.85886
88	170	0.856204
88	171	0.832277
88	172	0.834292
88	174	0.810948
88	175	0.820288
88	176	0.815877
88	177	0.851701
88	178	0.844927
88	179	0.865071
88	180	0.826574
89	75	0.889924
89	80	0.83289
89	81	0.895844
89	84	0.877263
89	85	1.62401
89	86	0.894069
89	91	0.921479
89	93	0.921072
89	97	1.56723
89	98	0.810785
89	107	2.13457
89	113	1.37949
89	121	2.07545
89	125	0.888457
89	129	0.785651
89	136	0.783618
89	141	0.767751
89	149	0.863025
89	152	0.859745
89	155	2.05992
90	88	0.989544
90	92	0.905982
90	101	0.869498
90	108	0.8495
90	109	0.846759
90	110	0.851169
90	130	0.870891
90	132	0.896442
90	138	0.837988
90	140	0.865723
90	142	0.877652
90	143	0.867988
90	144	0.890339
90	147	1.35598
90	149	0.857394
90	154	2.84974
90	159	1.00533
90	160	2.15467
90	173	0.743303
90	176	2.81573
91	75	0.935526
91	80	0.878492
91	81	0.941447
91	84	0.922865
91	86	0.939672
91	89	0.921479
91	93	0.966674
91	98	0.856387
91	104	1.06748
91	118	1.70709
91	125	0.934059
91	129	0.831254
91	135	1.17229
91	136	0.829221
91	139	1.87412
91	141	0.813354
91	149	0.908627
91	152	0.905347
91	161	2.33825
91	170	2.23101
91	177	2.23881
92	69	1.13728
92	90	0.905982
92	101	0.910865
92	105	0.897216
92	108	0.890867
92	114	0.928708
92	115	0.911243
92	130	0.912258
92	132	0.937809
92	137	1.95749
92	138	0.879355
92	140	0.90709
92	142	0.919019
92	143	0.909355
92	144	0.931706
92	151	0.976924
92	159	1.12315
92	161	2.34985
92	164	2.20622
92	165	2.37209
92	173	0.78467
93	75	0.935118
93	80	0.878085
93	81	0.941039
93	83	2.25735
93	84	0.922458
93	86	0.939264
93	89	0.921072
93	91	0.966674
93	98	0.85598
93	125	0.933652
93	129	0.830846
93	136	0.828813
93	137	1.49877
93	141	0.812946
93	147	1.01507
93	149	0.90822
93	152	0.90494
93	160	1.81376
93	167	1.12177
93	169	2.32237
93	173	2.15288
94	82	0.860466
94	85	0.545178
94	101	0.920278
94	109	0.897539
94	110	0.901949
94	115	0.920656
94	128	0.897635
94	130	0.921671
94	134	1.28863
94	138	0.888768
94	140	0.916504
94	142	0.928433
94	143	0.918768
94	144	0.941119
94	149	0.908174
94	153	1.28974
94	163	1.52342
94	166	1.84587
94	172	2.80566
94	173	0.794083
94	176	2.84392
95	27	2.03465
95	51	0.788439
95	53	0.787987
95	55	0.87126
95	57	0.776288
95	60	0.847605
95	62	0.847534
95	66	0.809539
95	76	0.864045
95	77	0.864147
95	80	1.26521
95	114	1.28334
95	137	0.771996
95	138	1.23846
95	149	0.768732
95	155	0.830409
95	160	0.747729
95	176	0.673372
95	177	0.709196
95	179	0.722566
95	180	0.684069
96	28	0.928519
96	31	1.61647
96	41	0.897212
96	44	0.907059
96	54	0.881963
96	56	0.882095
96	59	0.84828
96	65	0.928002
96	67	0.901494
96	72	1.00216
96	75	0.877001
96	86	0.610771
96	125	0.595397
96	128	0.891382
96	140	1.13067
96	155	0.93192
96	156	0.63505
96	160	0.84924
96	170	0.81521
96	173	0.802691
96	179	0.824077
96	180	0.78558
97	23	1.25341
97	52	0.616896
97	76	0.880373
97	89	1.56723
97	115	1.17561
97	125	0.48249
97	140	1.01776
97	145	0.949346
97	153	0.965435
97	157	0.914245
97	162	0.939899
97	163	0.932394
97	164	0.876354
97	165	0.865285
97	169	0.846584
97	172	0.840717
97	174	0.817373
97	176	0.822302
97	177	0.858126
97	178	0.851353
97	179	0.871496
97	180	0.832999
98	19	1.91701
98	22	1.48266
98	26	1.47871
98	41	1.88791
98	66	2.03371
98	80	0.767798
98	84	0.812171
98	89	0.810785
98	91	0.856387
98	93	0.85598
98	121	0.836607
98	130	0.81143
98	139	0.759085
98	140	0.806262
98	142	0.818191
98	143	0.808527
98	144	0.830878
98	170	0.69636
98	175	0.660445
98	178	0.685084
98	179	0.705227
98	180	0.666731
99	22	1.92395
99	51	2.2218
99	54	2.43392
99	133	0.810664
99	137	0.764568
99	147	0.802838
99	148	0.878059
99	150	0.735168
99	151	0.862968
99	156	1.62771
99	161	0.711708
99	165	0.708927
99	166	0.735747
99	168	0.675231
99	169	0.690226
99	170	0.706271
99	172	0.684358
99	174	0.661015
99	175	0.670355
99	177	0.701768
99	179	0.715138
99	180	0.676641
100	14	1.13684
100	26	1.28442
100	37	0.872713
100	50	0.92146
100	59	0.798203
100	60	1.29053
100	61	0.882362
100	67	0.851416
100	73	0.855415
100	78	0.854315
100	79	0.903413
100	109	1.08884
100	128	1.24845
100	138	1.26684
100	155	0.881843
100	168	0.734094
100	173	0.752614
100	175	0.729217
100	176	0.724805
100	177	0.76063
100	178	0.753856
100	179	0.774
100	180	0.735503
101	16	0.473835
101	82	0.814568
101	90	0.869498
101	92	0.910865
101	94	0.920278
101	105	0.860732
101	109	0.851642
101	114	0.892224
101	130	0.875774
101	132	0.901325
101	136	2.23552
101	138	0.842871
101	139	1.99009
101	140	0.870606
101	142	0.882535
101	143	0.872871
101	144	0.895222
101	148	0.969666
101	155	1.17508
101	167	0.79557
101	173	0.748185
101	176	3.03792
101	180	3.08262
102	9	1.18726
102	114	0.970251
102	126	0.938323
102	130	1.15861
102	134	0.887964
102	137	0.847345
102	140	1.14627
102	142	0.874824
102	147	0.885616
102	153	0.891854
102	159	0.910308
102	161	0.794486
102	163	0.858813
102	165	0.791704
102	168	0.758009
102	170	0.789048
102	171	0.765121
102	172	0.767136
102	175	0.753132
102	176	0.748721
102	177	0.784545
102	179	0.797915
102	180	0.759418
103	17	1.98161
103	18	1.88837
103	42	2.09376
103	58	1.41997
103	85	0.948313
103	125	1.1952
103	135	0.862505
103	145	0.834543
103	147	0.844394
103	154	0.76126
103	157	0.799442
103	165	0.750482
103	168	0.716787
103	170	0.747826
103	171	0.723899
103	172	0.725914
103	174	0.70257
103	175	0.71191
103	176	0.707499
103	177	0.743323
103	178	0.736549
103	179	0.756693
103	180	0.718196
104	9	1.5598
104	20	1.83282
104	35	1.48409
104	78	1.69249
104	84	1.56332
104	91	1.06748
104	107	0.833406
104	158	0.821562
104	159	0.925144
104	161	0.809321
104	162	0.881154
104	163	0.873648
104	165	0.80654
104	168	0.772844
104	169	0.787839
104	171	0.779956
104	172	0.781971
104	174	0.758628
104	176	0.763556
104	177	0.79938
104	178	0.792607
104	179	0.81275
104	180	0.774254
105	16	0.779155
105	82	0.80092
105	92	0.897216
105	101	0.860732
105	108	0.840734
105	109	0.837993
105	110	0.842404
105	114	0.878576
105	128	0.838089
105	130	0.862125
105	132	0.887677
105	133	1.97503
105	135	1.59357
105	138	0.829222
105	139	2.29541
105	140	0.856958
105	142	0.868887
105	143	0.859222
105	144	0.881573
105	147	1.88349
105	152	0.845348
105	157	2.05751
105	165	2.78178
105	173	0.734537
106	7	1.0232
106	57	1.41739
106	64	1.67649
106	67	1.50504
106	114	1.58516
106	122	0.915427
106	143	1.18982
106	146	0.910755
106	154	0.802609
106	158	0.806854
106	160	0.823205
106	163	0.85894
106	164	0.8029
106	169	0.77313
106	170	0.789175
106	171	0.765248
106	172	0.767263
106	174	0.74392
106	175	0.75326
106	176	0.748848
106	177	0.784672
106	178	0.777899
106	179	0.798042
106	180	0.759546
107	4	0.986004
107	11	0.84803
107	20	1.89911
107	21	0.803471
107	32	0.690723
107	40	0.774979
107	42	0.751018
107	47	0.737154
107	51	0.75129
107	53	0.750838
107	60	0.810456
107	62	0.810384
107	89	2.13457
107	104	0.833406
107	138	1.3642
107	139	0.739274
107	142	1.31366
107	154	0.689984
107	156	1.08949
107	159	0.79781
107	171	0.652622
107	175	0.640634
107	179	0.685417
107	180	0.64692
108	82	0.79457
108	90	0.8495
108	92	0.890867
108	105	0.840734
108	109	0.831644
108	111	0.890298
108	114	0.872226
108	115	0.854761
108	128	0.831739
108	130	0.855776
108	132	0.881327
108	138	0.822873
108	140	0.850608
108	142	0.862537
108	143	0.852873
108	144	0.875224
108	156	0.860376
108	163	1.36152
108	166	1.68397
108	167	0.775572
108	171	2.66332
108	174	3.20894
108	179	1.80508
108	180	2.72673
109	48	0.80918
109	90	0.846759
109	94	0.897539
109	100	1.08884
109	101	0.851642
109	105	0.837993
109	108	0.831644
109	114	0.869485
109	115	0.85202
109	128	0.828998
109	130	0.853035
109	132	0.878586
109	135	1.22473
109	140	0.847867
109	142	0.859796
109	143	0.850132
109	144	0.872483
109	152	0.836257
109	154	3.0084
109	155	1.11156
109	163	1.65389
109	167	0.772831
109	170	2.28345
109	176	2.97439
110	90	0.851169
110	94	0.901949
110	105	0.842404
110	114	0.873895
110	115	0.85643
110	123	0.867328
110	128	0.833409
110	130	0.857445
110	132	0.882996
110	138	0.824542
110	140	0.852277
110	143	0.854542
110	144	0.876893
110	145	1.85303
110	147	1.79906
110	149	0.843948
110	151	1.30218
110	153	1.70463
110	156	0.862046
110	159	1.44841
110	167	0.777241
110	170	2.56787
110	173	0.729857
110	180	3.30351
111	56	1.61699
111	76	0.992629
111	83	0.811052
111	108	0.890298
111	112	1.00855
111	127	0.937049
111	130	1.14236
111	131	0.957428
111	133	0.916866
111	140	1.13002
111	142	0.85857
111	143	0.558662
111	153	0.915279
111	163	0.882237
111	166	0.841949
111	168	0.781433
111	171	0.788545
111	172	0.79056
111	175	0.776556
111	176	0.772145
111	177	0.807969
111	178	0.801196
111	179	0.821339
111	180	0.782842
112	27	1.50457
112	56	1.41625
112	80	0.735125
112	86	0.814876
112	111	1.00855
112	115	1.08713
112	122	0.969354
112	128	0.689994
112	130	0.941623
112	145	0.92982
112	148	1.01489
112	151	0.9998
112	156	0.433662
112	162	0.920373
112	163	0.912867
112	164	0.856827
112	168	0.812063
112	172	0.82119
112	174	0.797847
112	175	0.807187
112	176	0.802775
112	177	0.838599
112	178	0.831826
112	179	0.851969
112	180	0.813473
113	1	1.71015
113	33	1.20979
113	41	1.03589
113	54	1.14061
113	89	1.37949
113	132	0.584063
113	133	0.983551
113	140	0.830023
113	143	0.258668
113	150	0.908054
113	158	0.896836
113	162	0.956428
113	165	0.881814
113	166	0.908634
113	168	0.848118
113	169	0.863112
113	171	0.85523
113	172	0.857245
113	173	0.866639
113	174	0.833902
113	176	0.83883
113	177	0.874654
113	178	0.867881
113	179	0.888024
113	180	0.849528
114	82	0.832412
114	92	0.928708
114	95	1.28334
114	101	0.892224
114	102	0.970251
114	105	0.878576
114	106	1.58516
114	108	0.872226
114	109	0.869485
114	110	0.873895
114	115	0.892602
114	121	1.34997
114	124	0.991014
114	128	0.869581
114	130	0.893617
114	132	0.919169
114	134	1.64198
114	138	0.860714
114	140	0.88845
114	142	0.900379
114	143	0.890714
114	144	0.913065
114	161	2.61356
114	167	0.813413
114	170	2.50633
115	92	0.911243
115	94	0.920656
115	97	1.17561
115	108	0.854761
115	109	0.85202
115	110	0.85643
115	112	1.08713
115	114	0.892602
115	117	1.52358
115	128	0.852115
115	130	0.876152
115	132	0.901703
115	136	2.72874
115	138	0.843249
115	140	0.870984
115	142	0.882913
115	143	0.873249
115	144	0.8956
115	146	1.75167
115	149	0.862655
115	151	1.57451
115	156	0.880752
115	159	1.72073
115	166	2.53308
115	167	0.795948
115	173	0.748563
116	17	1.60044
116	29	1.12273
116	66	1.70099
116	79	1.29191
116	84	1.39382
116	132	1.10335
116	141	0.802265
116	144	0.943857
116	146	0.917546
116	148	0.967755
116	150	0.824863
116	153	0.898773
116	154	0.8094
116	157	0.847583
116	159	0.917227
116	161	0.801404
116	164	0.809691
116	165	0.798623
116	172	0.774054
116	174	0.750711
116	175	0.760051
116	176	0.755639
116	177	0.791463
116	178	0.78469
116	179	0.804833
116	180	0.766337
117	28	1.23654
117	39	0.949507
117	59	1.89654
117	66	1.71741
117	115	1.52358
117	120	0.841287
117	121	0.946
117	126	1.15779
117	129	0.829953
117	149	0.675101
117	158	0.823432
117	161	0.811192
117	162	0.883024
117	163	0.875519
117	164	0.819479
117	165	0.80841
117	166	0.835231
117	169	0.789709
117	170	0.805754
117	171	0.781827
117	175	0.769838
117	176	0.765427
117	177	0.801251
117	178	0.794478
117	179	0.814621
117	180	0.776124
118	1	0.725201
118	15	0.836995
118	20	0.792521
118	50	1.23795
118	58	0.805148
118	64	0.805213
118	68	0.804399
118	71	0.80316
118	73	0.777691
118	78	0.77659
118	79	0.825689
118	91	1.70709
118	132	1.91247
118	134	0.786325
118	138	1.93753
118	141	0.693707
118	144	1.75297
118	156	0.807079
118	172	0.665496
118	173	0.67489
118	174	0.642153
118	175	0.651493
118	177	0.682905
118	178	0.676132
118	179	0.696275
118	180	0.657779
119	20	1.84806
119	29	1.30748
119	44	2.14112
119	61	1.1504
119	78	1.70773
119	86	1.01416
119	133	0.897058
119	135	0.907344
119	139	0.855389
119	151	0.949362
119	154	0.806098
119	156	1.03844
119	160	0.826694
119	161	0.798102
119	164	0.806389
119	165	0.79532
119	166	0.822141
119	170	0.792664
119	171	0.768737
119	172	0.770752
119	174	0.747409
119	175	0.756749
119	176	0.752337
119	177	0.788161
119	178	0.781388
119	179	0.801531
119	180	0.763034
120	3	2.82876
120	72	2.1118
120	77	2.09672
120	117	0.841287
120	141	0.68886
120	146	0.804141
120	149	2.32017
120	151	0.839258
120	154	0.695995
120	157	0.734177
120	159	0.803821
120	160	0.71659
120	162	0.759831
120	163	0.752325
120	164	0.696286
120	169	0.666516
120	170	0.682561
120	173	0.670042
120	174	0.637305
120	175	0.646645
120	176	0.642233
120	177	0.678058
120	178	0.671284
120	179	0.691428
120	180	0.652931
121	20	1.83999
121	25	1.19879
121	61	1.14233
121	84	1.57049
121	89	2.07545
121	98	0.836607
121	114	1.34997
121	117	0.946
121	137	0.845571
121	151	0.943972
121	156	1.03037
121	157	0.83889
121	161	0.792712
121	162	0.864544
121	163	0.857039
121	166	0.816751
121	169	0.771229
121	170	0.787274
121	171	0.763347
121	172	0.765362
121	174	0.742018
121	175	0.751358
121	176	0.746947
121	177	0.782771
121	178	0.775998
121	179	0.796141
121	180	0.757644
122	30	1.20474
122	48	1.45846
122	51	1.94158
122	55	1.27685
122	64	1.75841
122	67	1.58697
122	106	0.915427
122	112	0.969354
122	150	0.802177
122	152	1.32244
122	153	0.876086
122	157	0.824896
122	159	0.89454
122	161	0.778717
122	163	0.843044
122	164	0.787005
122	165	0.775936
122	166	0.802756
122	168	0.74224
122	169	0.757235
122	172	0.751367
122	174	0.728024
122	175	0.737364
122	176	0.732952
122	177	0.768777
122	178	0.762003
122	179	0.782146
122	180	0.74365
123	1	1.91294
123	6	1.64703
123	12	1.85116
123	23	1.26846
123	24	0.813966
123	31	1.51862
123	42	1.3961
123	50	0.791726
123	68	0.88897
123	71	0.887731
123	73	0.862262
123	78	0.861162
123	79	0.91026
123	110	0.867328
123	128	0.863013
123	132	0.912601
123	138	0.854146
123	142	0.893811
123	143	0.884146
123	144	0.906497
123	159	0.89324
123	164	0.785705
123	173	0.759461
123	175	0.736064
123	176	0.731652
123	178	0.760703
123	179	0.780847
123	180	0.74235
124	27	1.74232
124	44	1.77409
124	114	0.991014
124	132	0.921074
124	138	0.946132
124	142	0.895587
124	144	0.761577
124	145	0.88656
124	146	0.921423
124	147	0.896411
124	148	0.971632
124	149	0.476402
124	150	0.82874
124	159	0.921103
124	162	0.877113
124	163	0.869608
124	164	0.813568
124	166	0.82932
124	168	0.768804
124	169	0.783798
124	170	0.799843
124	171	0.775916
124	174	0.754587
124	175	0.763927
124	176	0.759516
124	177	0.79534
124	178	0.788567
124	179	0.80871
124	180	0.770213
125	68	0.891022
125	71	0.889783
125	73	0.864314
125	78	0.863214
125	79	0.912312
125	80	0.845469
125	81	0.908424
125	84	0.889843
125	86	0.906649
125	89	0.888457
125	91	0.934059
125	93	0.933652
125	96	0.595397
125	97	0.48249
125	103	1.1952
125	128	0.865065
125	138	0.856198
125	140	0.883934
125	142	0.895863
125	143	0.886199
125	144	0.908549
125	157	1.55229
125	162	1.39112
125	166	1.83996
125	173	0.761513
125	176	2.83802
125	177	2.15488
125	180	2.88272
126	8	0.910937
126	36	0.850537
126	37	0.869248
126	50	0.917995
126	52	0.914222
126	59	0.794738
126	61	0.878898
126	65	0.87446
126	66	0.857508
126	67	0.847952
126	68	0.878658
126	69	1.36907
126	71	0.87742
126	73	0.85195
126	76	0.912014
126	77	0.912115
126	78	0.85085
126	79	0.899949
126	102	0.938323
126	117	1.15779
126	127	1.4767
126	129	2.03242
126	131	1.51891
126	152	0.85996
126	153	1.61116
126	156	0.881338
126	158	2.62019
126	161	2.58164
126	173	0.749149
127	15	1.34961
127	28	1.55546
127	43	1.15099
127	46	1.79111
127	87	0.90972
127	111	0.937049
127	126	1.4767
127	130	1.69699
127	135	0.886285
127	142	1.4132
127	147	0.868173
127	157	0.823221
127	160	0.805635
127	161	0.777043
127	164	0.78533
127	165	0.774261
127	166	0.801082
127	168	0.740566
127	169	0.75556
127	170	0.771605
127	171	0.747678
127	172	0.749693
127	174	0.726349
127	175	0.735689
127	176	0.731278
127	177	0.767102
127	178	0.760329
127	179	0.780472
127	180	0.741975
128	48	0.809275
128	82	0.791925
128	94	0.897635
128	96	0.891382
128	100	1.24845
128	105	0.838089
128	108	0.831739
128	109	0.828998
128	110	0.833409
128	112	0.689994
128	114	0.869581
128	115	0.852115
128	123	0.863013
128	125	0.865065
128	130	0.853131
128	131	1.48757
128	132	0.878682
128	138	0.820227
128	140	0.847963
128	142	0.859892
128	143	0.850228
128	144	0.872579
128	145	1.72822
128	149	0.839633
128	150	2.29724
128	152	0.836353
128	156	0.857731
128	160	2.47294
128	167	0.772927
128	171	3.1153
128	179	2.25706
129	4	1.00761
129	9	2.28135
129	13	2.50031
129	18	0.848814
129	19	2.47534
129	23	0.785224
129	35	0.798663
129	46	0.739011
129	63	0.80124
129	70	0.76916
129	76	2.10298
129	80	0.742664
129	81	0.805619
129	84	0.787037
129	86	0.803844
129	89	0.785651
129	91	0.831254
129	93	0.830846
129	117	0.829953
129	126	2.03242
129	136	0.693393
129	145	0.757944
129	154	0.68466
129	167	0.706092
129	169	0.655182
129	172	0.649315
129	175	0.635311
129	177	0.666724
129	178	0.65995
129	179	0.680094
129	180	0.641597
130	48	0.833312
130	82	0.815962
130	85	1.08689
130	90	0.870891
130	92	0.912258
130	94	0.921671
130	98	0.81143
130	101	0.875774
130	102	1.15861
130	105	0.862125
130	108	0.855776
130	109	0.853035
130	110	0.857445
130	111	1.14236
130	112	0.941623
130	114	0.893617
130	115	0.876152
130	127	1.69699
130	128	0.853131
130	132	0.902718
130	135	1.63597
130	138	0.844264
130	140	0.871999
130	142	0.883928
130	143	0.874264
130	144	0.896615
130	152	0.86039
130	157	2.0999
130	159	1.57523
130	166	2.38758
130	167	0.796963
130	173	0.749579
130	179	2.50869
131	15	1.39182
131	24	1.50801
131	40	1.35927
131	55	1.1606
131	65	1.23832
131	111	0.957428
131	126	1.51891
131	128	1.48757
131	134	0.8909
131	135	0.906663
131	137	0.85028
131	146	0.913563
131	148	0.963772
131	149	1.03622
131	152	1.20619
131	157	0.8436
131	158	0.809662
131	160	0.826013
131	162	0.869253
131	163	0.861748
131	165	0.794639
131	166	0.82146
131	168	0.760944
131	170	0.791983
131	171	0.768056
131	172	0.770071
131	174	0.746728
131	175	0.756068
131	176	0.751656
131	177	0.78748
131	178	0.780707
131	179	0.80085
131	180	0.762354
132	48	0.858863
132	82	0.841513
132	90	0.896442
132	92	0.937809
132	101	0.901325
132	105	0.887677
132	108	0.881327
132	109	0.878586
132	110	0.882996
132	113	0.584063
132	114	0.919169
132	115	0.901703
132	116	1.10335
132	118	1.91247
132	123	0.912601
132	124	0.921074
132	128	0.878682
132	130	0.902718
132	138	0.869815
132	140	0.897551
132	142	0.909479
132	143	0.899815
132	144	0.922166
132	145	1.72155
132	146	1.34787
132	152	0.885941
132	155	1.26449
132	156	0.907319
132	157	1.8416
132	159	1.31693
132	167	0.822514
132	173	0.77513
132	175	3.45914
132	177	2.44419
133	13	2.26502
133	21	1.22622
133	37	1.78764
133	38	1.38747
133	72	1.10607
133	81	1.80296
133	84	2.04958
133	99	0.810664
133	105	1.97503
133	111	0.916866
133	113	0.983551
133	119	0.897058
133	134	0.850338
133	151	0.908119
133	154	0.764855
133	157	0.803038
133	159	0.872682
133	160	0.785451
133	161	0.756859
133	164	0.765147
133	165	0.754078
133	168	0.720382
133	169	0.735377
133	170	0.751421
133	171	0.727494
133	172	0.729509
133	173	0.738903
133	174	0.706166
133	175	0.715506
133	176	0.711094
133	177	0.746918
133	178	0.740145
133	179	0.760288
133	180	0.721792
134	18	1.97589
134	28	1.68881
134	32	1.32325
134	56	2.30497
134	79	1.76059
134	81	1.61588
134	94	1.28863
134	102	0.887964
134	114	1.64198
134	118	0.786325
134	131	0.8909
134	133	0.850338
134	146	0.867524
134	147	0.842512
134	151	0.902642
134	153	0.848751
134	154	0.759378
134	155	0.862654
134	158	0.763623
134	160	0.779974
134	163	0.815709
134	164	0.759669
134	165	0.7486
134	166	0.775421
134	168	0.714905
134	169	0.729899
134	171	0.722017
134	174	0.700689
134	175	0.710029
134	176	0.705617
134	177	0.741441
134	178	0.734668
134	179	0.754811
134	180	0.716314
135	6	2.23784
135	18	1.78151
135	41	1.82949
135	49	0.873353
135	53	1.65125
135	69	0.89791
135	91	1.17229
135	103	0.862505
135	105	1.59357
135	109	1.22473
135	119	0.907344
135	127	0.886285
135	130	1.63597
135	131	0.906663
135	148	0.933496
135	150	0.790604
135	151	0.918405
135	153	0.864514
135	158	0.779386
135	159	0.882968
135	160	0.795737
135	163	0.831472
135	164	0.775432
135	166	0.791184
135	168	0.730668
135	169	0.745662
135	170	0.761707
135	172	0.739795
135	174	0.716452
135	175	0.725792
135	176	0.72138
135	177	0.757204
135	178	0.750431
135	179	0.770574
135	180	0.732077
136	4	1.33814
136	5	1.38986
136	10	2.20673
136	17	0.771979
136	37	0.776773
136	48	2.18625
136	67	2.31476
136	68	0.786184
136	71	0.784945
136	73	0.759476
136	75	0.797665
136	78	0.758375
136	79	0.807474
136	80	0.740631
136	81	0.803585
136	84	0.785004
136	86	0.801811
136	89	0.783618
136	91	0.829221
136	93	0.828813
136	101	2.23552
136	115	2.72874
136	129	0.693393
136	145	0.755911
136	146	0.790773
136	147	0.765761
136	151	0.825891
136	164	0.682919
136	166	0.69867
136	170	0.669193
136	173	0.656675
136	174	0.623938
136	175	0.633278
136	177	0.66469
136	179	0.67806
136	180	0.639564
137	17	2.64836
137	25	2.07004
137	40	2.02965
137	64	2.31254
137	77	1.48315
137	88	0.914501
137	92	1.95749
137	93	1.49877
137	95	0.771996
137	99	0.764568
137	102	0.847345
137	121	0.845571
137	131	0.85028
137	139	0.768049
137	145	0.792042
137	153	0.808131
137	154	0.718758
137	157	0.756941
137	158	0.723003
137	159	0.826585
137	160	0.739354
137	161	0.710762
137	162	0.782595
137	163	0.775089
