1	17	1.52283
1	95	0.798906
1	115	1.58965
1	119	0.796188
1	139	0.773295
1	153	0.77428
1	159	1.68074
1	165	0.789265
1	168	0.785784
1	177	0.792893
1	178	0.868622
1	180	0.820765
2	57	0.885896
2	81	1.13561
2	107	1.27252
2	108	0.878606
2	119	1.15891
2	151	0.903003
2	153	1.23516
2	160	0.909698
2	166	0.900703
2	170	0.913612
2	175	0.898642
2	176	0.90984
3	33	1.64012
3	103	1.5657
3	130	0.769225
3	153	0.779157
3	162	0.781015
3	163	1.58477
3	168	0.790662
3	174	0.791211
3	177	0.79777
3	178	0.873499
3	179	0.791818
3	180	0.825643
4	61	0.729372
4	78	0.779372
4	79	0.779372
4	84	1.65818
4	94	0.771042
4	96	0.879372
4	97	0.783988
4	101	0.811042
4	154	1.61783
4	169	0.817178
4	173	1.5252
4	178	0.84926
5	58	1.59867
5	72	0.760262
5	95	0.807546
5	124	0.811175
5	146	0.80162
5	164	1.56962
5	165	0.797905
5	172	1.62712
5	174	0.794973
5	177	0.801532
5	179	0.795581
5	180	0.829405
6	74	1.15673
6	95	1.29878
6	153	1.34313
6	164	0.905717
6	166	0.891239
6	169	1.01003
6	170	0.904147
6	171	0.898823
6	172	0.899565
6	173	0.910958
6	175	0.889177
6	176	0.900376
7	44	1.28216
7	45	0.94
7	73	1.33087
7	86	0.866973
7	135	0.902618
7	143	0.90163
7	150	0.905334
7	162	0.887482
7	172	1.11138
7	173	1.07092
7	174	0.897678
7	179	0.898285
8	18	1.18255
8	57	0.878969
8	134	1.35872
8	139	1.27492
8	143	0.90129
8	158	0.913554
8	160	0.902771
8	170	0.906685
8	172	0.902103
8	175	0.891715
8	176	0.902913
8	178	0.986
9	90	1.6324
9	94	0.781248
9	101	0.821248
9	147	1.58158
9	148	0.760349
9	155	1.57774
9	169	0.827383
9	174	0.777177
9	177	0.783736
9	178	0.859465
9	179	0.777784
9	180	0.811609
10	136	0.901909
10	144	1.16942
10	151	1.23843
10	159	1.219
10	162	0.884131
10	165	0.897258
10	166	1.1667
10	168	0.893777
10	171	0.898349
10	177	0.900885
10	179	0.894934
10	180	0.928758
11	80	1.53203
11	156	0.810621
11	159	0.78611
11	162	1.65975
11	164	0.806016
11	166	0.791537
11	170	0.804446
11	172	0.799864
11	173	0.811257
11	174	1.61485
11	175	0.789476
11	176	0.800675
12	53	1.25368
12	105	0.919101
12	146	0.896685
12	165	0.89297
12	168	0.88949
12	172	1.20018
12	173	1.15972
12	174	0.890039
12	176	1.18063
12	177	0.896598
12	179	0.890646
12	180	0.92447
13	72	1.77021
13	131	0.782774
13	150	1.50469
13	160	0.802211
13	164	0.807694
13	166	0.793215
13	170	0.806124
13	172	0.801542
13	173	0.812935
13	175	0.791154
13	176	0.802353
13	179	1.53291
14	41	1.09439
14	62	0.871715
14	106	0.927413
14	121	1.32245
14	128	1.13332
14	137	0.891559
14	158	0.913059
14	163	0.890433
14	172	0.901608
14	173	0.913
14	174	1.25261
14	175	0.891219
15	98	1.1852
15	113	1.16904
15	121	1.23777
15	151	0.894199
15	162	1.21283
15	164	0.906377
15	166	0.891899
15	170	0.904808
15	172	0.900226
15	173	0.911619
15	175	0.889838
15	176	0.901036
16	45	1.23844
16	90	0.869296
16	135	1.37027
16	155	0.883951
16	158	0.874155
16	161	0.86559
16	166	0.854377
16	169	1.20575
16	172	0.862704
16	173	0.874097
16	175	0.852316
16	176	0.863514
16	179	1.39541
17	1	1.52283
17	61	0.796038
17	78	0.846038
17	79	0.846038
17	94	0.837709
17	96	0.946039
17	97	0.850655
17	101	0.877709
17	154	1.32764
17	169	0.883844
17	178	0.915926
17	179	1.20884
17	180	1.14622
18	8	1.18255
18	49	0.834385
18	84	1.40252
18	91	0.883233
18	106	0.903732
18	109	0.848824
18	113	1.27264
18	127	0.877592
18	134	0.851905
18	137	0.867878
18	140	0.859505
18	152	1.34781
18	167	0.87295
19	26	0.878656
19	56	0.86837
19	93	0.878531
19	126	0.870181
19	127	0.87103
19	134	0.845343
19	137	0.861316
19	153	1.42183
19	158	1.30448
19	163	0.86019
19	167	0.866388
19	168	1.2622
19	180	1.21577
20	68	0.851926
20	93	0.886535
20	107	0.854899
20	109	0.850266
20	113	1.29647
20	123	1.36177
20	126	0.878185
20	134	0.853347
20	143	1.2572
20	150	0.882261
20	163	0.868194
20	167	0.874392
20	177	1.29232
21	35	0.928041
21	65	0.824315
21	70	1.29145
21	89	1.3198
21	147	1.24214
21	149	1.33862
21	152	0.847301
21	162	0.851386
21	168	0.861032
21	174	0.861582
21	177	0.868141
21	179	0.862189
21	180	0.896013
22	73	0.735841
22	92	0.797826
22	111	0.748153
22	120	0.815344
22	125	0.782423
22	132	0.762421
22	144	0.781736
22	145	0.781422
22	165	1.70166
22	166	1.76082
22	167	0.780096
22	171	1.7394
22	180	0.81474
23	29	1.33716
23	56	1.31469
23	113	0.876182
23	130	0.843505
23	142	0.873733
23	144	1.28179
23	157	0.869579
23	161	1.26293
23	165	0.868422
23	168	0.864941
23	174	0.86549
23	177	0.872049
23	179	0.866098
24	61	0.796038
24	78	0.846038
24	79	0.846038
24	94	0.837709
24	96	0.946039
24	97	0.850655
24	101	0.877709
24	110	1.23979
24	162	1.33242
24	169	0.883844
24	171	1.30643
24	172	1.326
24	178	0.915926
25	36	0.76731
25	82	1.5978
25	105	0.803316
25	117	0.819036
25	119	0.784107
25	130	0.752267
25	136	0.781835
25	153	0.7622
25	155	1.7482
25	170	1.8481
25	174	0.774253
25	177	0.780812
25	179	0.77486
26	19	0.878656
26	53	0.864264
26	105	1.24566
26	106	0.897194
26	109	0.842286
26	126	0.870205
26	130	1.43411
26	134	0.845367
26	137	0.861339
26	150	0.87428
26	167	0.866412
26	172	1.39543
26	178	1.12966
27	63	1.25931
27	88	1.33048
27	108	0.8396
27	161	0.87291
27	165	1.29931
27	166	0.861697
27	170	0.874605
27	171	0.869281
27	172	0.870023
27	173	0.881416
27	174	1.31814
27	175	0.859635
27	176	0.870834
28	88	0.784537
28	91	1.69011
28	114	0.771471
28	136	0.783572
28	146	0.782636
28	150	0.783646
28	156	1.71812
28	157	0.780079
28	165	0.778921
28	174	0.77599
28	176	1.78514
28	177	0.782549
28	179	0.776597
29	23	1.33716
29	38	0.80449
29	65	1.47248
29	88	1.41303
29	104	0.824423
29	115	0.83749
29	122	0.871965
29	125	0.842222
29	132	0.82222
29	144	0.841536
29	145	0.841221
29	164	1.38168
29	167	0.839896
29	180	0.874539
30	119	1.17291
30	139	1.19548
30	145	1.21812
30	147	0.946237
30	149	0.93331
30	161	0.932175
30	164	0.93544
30	165	1.11502
30	170	0.93387
30	172	0.929288
30	173	0.940681
30	175	0.9189
30	176	0.930099
30	178	0.906565
31	34	0.817012
31	42	1.33442
31	88	0.844792
31	94	1.37975
31	103	1.47721
31	117	0.881027
31	146	0.842891
31	148	0.819416
31	157	0.840334
31	165	0.839176
31	168	0.835695
31	173	1.39913
31	177	0.842804
31	179	0.836852
32	41	0.828579
32	61	0.770641
32	78	0.820641
32	79	0.820641
32	84	1.49685
32	94	0.812311
32	96	0.920641
32	97	0.825257
32	101	0.852311
32	128	1.24657
32	154	1.45651
32	169	0.858446
32	172	1.40434
32	178	0.890529
33	3	1.64012
33	80	1.36996
33	82	0.873731
33	155	0.85656
33	159	0.821559
33	161	0.8382
33	166	0.826987
33	169	1.23498
33	170	0.839895
33	172	0.835313
33	173	0.846706
33	175	0.824925
33	176	0.836124
33	180	1.36202
34	31	0.817012
34	102	1.45535
34	105	0.864398
34	130	0.81335
34	131	1.44385
34	135	0.840275
34	137	1.37351
34	142	0.843578
34	157	0.839425
34	162	0.82514
34	166	1.3205
34	169	0.885542
34	174	0.835335
34	179	0.835943
35	21	0.928041
35	67	0.982756
35	108	1.19401
35	110	0.937094
35	111	1.23558
35	123	0.896337
35	130	0.899042
35	153	0.908974
35	164	1.00091
35	165	0.923959
35	168	0.920478
35	172	1.0584
35	175	1.10857
35	178	1.00332
36	25	0.76731
36	48	1.54314
36	135	0.852564
36	139	0.834586
36	148	0.830796
36	153	0.835571
36	158	1.33176
36	160	1.36482
36	168	0.847075
36	174	0.847624
36	176	1.35274
36	177	0.854184
36	179	0.848232
36	180	0.882056
37	51	1.42905
37	58	1.52967
37	119	0.81026
37	120	0.835441
37	122	0.832263
37	144	0.801834
37	145	0.801519
37	146	0.807052
37	152	0.786125
37	156	1.47155
37	166	1.55996
37	177	0.806964
37	178	0.882693
37	179	0.801012
37	180	0.834837
38	29	0.80449
38	55	1.55039
38	70	0.837161
38	81	0.820534
38	111	0.786795
38	115	0.816333
38	117	1.37841
38	125	0.821065
38	132	0.801063
38	144	0.820379
38	145	0.820064
38	152	1.56638
38	167	0.818738
38	176	1.50904
38	180	0.853382
39	64	1.27748
39	134	1.3109
39	135	1.11219
39	155	0.917809
39	158	0.908013
39	159	0.882808
39	161	0.899449
39	164	0.902714
39	165	1.14664
39	170	0.901144
39	172	0.896562
39	173	0.907955
39	175	0.886174
39	176	0.897373
39	177	1.16243
40	53	0.903501
40	91	0.915932
40	109	0.881523
40	121	1.28451
40	126	0.909442
40	127	0.910291
40	134	0.884604
40	137	0.900577
40	138	1.23877
40	148	0.889032
40	163	0.899451
40	167	0.905649
40	169	0.99686
40	171	1.23357
40	172	1.25314
41	14	1.09439
41	32	0.828579
41	47	1.37142
41	61	0.837307
41	78	0.887307
41	79	0.887307
41	94	0.878978
41	96	0.987308
41	97	0.891924
41	101	0.918978
41	116	1.24092
41	169	0.925113
41	171	1.16296
41	177	1.14101
41	178	0.957195
42	31	1.33442
42	85	1.11892
42	100	1.22332
42	110	1.18785
42	155	0.918357
42	158	0.908562
42	159	0.883356
42	160	0.897779
42	161	0.899997
42	170	0.901692
42	172	0.897111
42	173	0.908503
42	175	0.886722
42	176	0.897921
42	180	1.14482
43	47	0.790709
43	82	1.33606
43	84	0.79054
43	114	0.824004
43	116	0.819083
43	122	1.44927
43	142	0.836765
43	152	0.814242
43	154	0.814144
43	156	1.53577
43	162	0.818326
43	168	0.827973
43	175	1.67251
43	177	0.835081
43	179	0.82913
44	7	1.28216
44	69	0.788105
44	107	1.6642
44	130	1.5887
44	155	0.837556
44	158	0.827761
44	160	0.816978
44	161	0.819196
44	164	0.822461
44	168	1.4672
44	170	0.820891
44	172	0.81631
44	173	0.827702
44	175	0.805921
44	176	0.81712
45	7	0.94
45	16	1.23844
45	59	1.22571
45	72	0.862178
45	74	0.908229
45	80	0.901705
45	104	1.15728
45	129	1.23582
45	146	0.903536
45	162	0.886694
45	165	0.899821
45	174	0.89689
45	176	1.13609
45	177	0.903449
45	179	0.897497
46	63	0.85595
46	92	0.828481
46	111	0.778808
46	115	0.808345
46	120	0.845998
46	125	0.813078
46	132	0.793076
46	138	0.806403
46	144	0.812391
46	145	0.812077
46	164	1.47738
46	166	1.53672
46	176	1.51533
46	179	1.46825
46	180	0.845395
47	41	1.37142
47	43	0.790709
47	68	1.65279
47	85	0.836073
47	89	1.51373
47	91	1.45355
47	118	0.811619
47	152	0.802475
47	157	0.820844
47	162	0.806559
47	165	0.819687
47	171	0.820777
47	174	0.816755
47	177	0.823314
47	180	0.851187
48	36	1.54314
48	85	1.39494
48	90	0.823656
48	126	1.53117
48	129	0.803884
48	138	1.53571
48	141	0.833117
48	147	0.834012
48	159	0.803309
48	164	0.823215
48	166	0.808737
48	172	0.817064
48	173	0.828456
48	175	0.806675
48	176	0.817874
49	18	0.834385
49	91	0.825862
49	93	0.827721
49	106	0.84636
49	107	0.796085
49	119	1.66493
49	126	0.819372
49	127	0.820221
49	134	0.794533
49	137	0.810506
49	147	1.5323
49	163	0.80938
49	167	0.815579
49	169	1.40806
49	178	1.39858
50	57	1.38079
50	82	0.972328
50	120	0.923422
50	125	0.890501
50	127	1.25998
50	132	0.8705
50	143	0.892339
50	145	0.8895
50	155	1.12273
50	160	1.25114
50	169	0.938593
50	174	0.888387
50	177	0.894946
50	179	0.888994
50	180	0.922818
51	37	1.42905
51	65	1.28347
51	86	1.34323
51	94	0.85779
51	97	0.870737
51	101	0.897791
51	108	0.828061
51	126	1.23125
51	158	0.869935
51	169	0.903926
51	172	0.858484
51	173	0.869877
51	175	0.848096
51	176	0.859295
51	178	0.936008
51	180	1.12092
52	56	0.858617
52	62	0.831719
52	82	1.11909
52	94	0.860918
52	97	0.873864
52	101	0.900918
52	110	1.31916
52	127	0.861277
52	137	0.851563
52	150	0.864503
52	156	1.3188
52	163	0.850437
52	169	0.907053
52	173	1.36491
52	178	0.939135
52	180	1.27613
53	12	1.25368
53	26	0.864264
53	40	0.903501
53	62	0.82708
53	68	0.82953
53	91	0.862279
53	100	1.38199
53	107	0.832503
53	118	1.39102
53	126	0.855789
53	127	0.856638
53	134	0.830951
53	137	0.846924
53	140	0.838551
53	167	0.851996
53	176	1.41319
53	179	1.36611
54	74	0.853018
54	85	0.860996
54	88	0.850226
54	101	1.3166
54	106	1.31574
54	124	0.85788
54	146	0.848325
54	155	1.31956
54	161	1.44115
54	162	0.831483
54	164	1.39795
54	165	0.84461
54	168	0.841129
54	171	0.845701
54	177	0.848237
54	179	0.842286
54	180	0.87611
55	38	1.55039
55	80	0.848989
55	82	1.11476
55	95	0.856747
55	119	0.854029
55	132	1.46265
55	146	0.850821
55	153	0.832121
55	155	1.26515
55	157	0.848264
55	165	0.847106
55	168	0.843625
55	172	1.40103
55	174	0.844174
55	177	0.850734
55	179	0.844782
55	180	0.878606
56	19	0.86837
56	23	1.31469
56	52	0.858617
56	68	0.83366
56	93	0.868269
56	107	0.836632
56	109	0.832
56	126	0.859919
56	127	0.860768
56	134	0.835081
56	137	0.851054
56	146	1.35589
56	148	0.839509
56	156	1.33014
56	166	1.41855
56	167	0.856126
56	173	1.37624
57	2	0.885896
57	8	0.878969
57	50	1.38079
57	105	1.35165
57	118	1.4597
57	141	0.857017
57	158	0.852415
57	160	0.841632
57	166	0.832637
57	169	1.24513
57	170	0.845546
57	171	0.840221
57	172	0.840964
57	173	0.852356
57	175	0.830575
57	176	0.841774
57	180	1.37217
58	5	1.59867
58	37	1.52967
58	117	1.20061
58	131	0.830472
58	141	0.865293
58	150	1.25595
58	151	0.843213
58	156	0.859997
58	161	0.852126
58	164	0.855391
58	166	0.840913
58	170	0.853822
58	172	0.84924
58	173	0.860633
58	175	0.838852
58	176	0.85005
58	180	1.22154
59	45	1.22571
59	69	0.826043
59	124	1.33321
59	129	0.841069
59	139	1.47245
59	151	0.848221
59	158	0.865699
59	159	0.840494
59	160	0.854917
59	166	0.845921
59	168	1.36649
59	170	0.85883
59	172	0.854248
59	173	0.865641
59	174	1.41082
59	175	0.84386
59	176	0.855059
60	73	1.60334
60	102	0.830547
60	119	1.38443
60	124	1.26776
60	128	1.22608
60	141	0.861008
60	147	0.861902
60	155	0.866201
60	156	0.855711
60	160	0.845623
60	161	0.847841
60	165	1.32654
60	170	0.849536
60	172	0.844954
60	173	0.856347
60	175	0.834566
60	176	0.845765
61	4	0.729372
61	17	0.796038
61	24	0.796038
61	32	0.770641
61	41	0.837307
61	78	0.829369
61	79	0.829369
61	94	0.821039
61	96	0.929369
61	97	0.833985
61	101	0.861039
61	143	1.41514
61	146	1.43097
61	168	1.40897
61	169	0.867175
61	170	1.4558
61	172	1.49178
61	178	0.899257
62	14	0.871715
62	52	0.831719
62	53	0.82708
62	106	0.86001
62	109	0.805103
62	123	1.51674
62	126	0.833021
62	127	0.833871
62	134	0.808183
62	137	0.824156
62	140	0.815783
62	142	1.38871
62	143	1.41218
62	150	0.837097
62	160	1.48135
62	163	0.82303
62	167	0.829228
62	168	1.406
63	27	1.25931
63	46	0.85595
63	70	0.917766
63	73	0.855088
63	81	0.901139
63	97	1.1923
63	111	0.8674
63	117	1.13174
63	120	0.934591
63	122	0.931413
63	125	0.90167
63	144	0.900984
63	145	0.900669
63	161	1.26762
63	167	0.899344
63	175	1.33208
63	178	1.01615
63	180	0.933987
64	39	1.27748
64	80	0.828924
64	104	1.45441
64	110	0.840176
64	123	0.799419
64	125	1.41744
64	130	0.802124
64	139	0.811072
64	140	1.54188
64	142	0.832352
64	162	0.813914
64	168	0.82356
64	171	0.828132
64	175	1.50294
64	177	0.830669
64	178	0.906398
64	179	0.824717
64	180	0.858541
65	21	0.824315
65	29	1.47248
65	51	1.28347
65	75	1.64629
65	80	0.822116
65	119	0.827156
65	127	1.41392
65	128	0.865175
65	143	0.821254
65	152	0.803021
65	153	0.805248
65	170	1.37655
65	171	0.821323
65	174	0.817301
65	177	0.82386
65	178	0.89959
65	179	0.817908
65	180	0.851733
66	76	0.852698
66	81	0.828328
66	92	0.844262
66	98	0.815941
66	111	0.794589
66	113	1.46151
66	115	0.824127
66	122	0.858602
66	125	0.828859
66	132	0.808857
66	136	1.44278
66	143	1.42224
66	144	0.828173
66	145	0.827858
66	150	1.40403
66	167	0.826533
66	171	1.4793
66	180	0.861176
67	35	0.982756
67	116	0.906857
67	117	0.961079
67	132	0.89841
67	140	1.21478
67	144	0.917725
67	145	0.91741
67	158	1.08515
67	159	1.17982
67	160	1.1182
67	167	0.916085
67	168	0.915747
67	173	1.08521
67	174	0.916296
67	176	1.10613
67	179	0.916904
67	180	0.950728
68	20	0.851926
68	47	1.65279
68	53	0.82953
68	56	0.83366
68	89	0.843439
68	91	0.841961
68	126	0.835471
68	127	0.83632
68	134	0.810633
68	137	0.826606
68	140	0.818233
68	143	1.38726
68	148	0.815062
68	163	0.82548
68	165	1.40659
68	167	0.831678
68	173	1.42344
68	180	1.33466
69	44	0.788105
69	59	0.826043
69	83	0.815657
69	103	0.821278
69	139	1.47334
69	147	0.852841
69	149	0.839914
69	153	1.52702
69	156	0.846649
69	160	0.836561
69	166	0.827566
69	167	1.4159
69	172	0.835893
69	173	0.847285
69	175	0.825504
69	176	0.836703
69	177	1.40867
69	179	1.38357
70	21	1.29145
70	38	0.837161
70	63	0.917766
70	98	0.861976
70	104	0.857094
70	110	1.21028
70	111	0.840623
70	115	0.870161
70	120	0.907814
70	122	0.904636
70	125	0.874893
70	133	1.45531
70	144	0.874207
70	145	0.873893
70	159	1.35064
70	167	0.872567
70	170	1.26051
70	178	1.03072
70	180	0.90721
71	98	1.56107
71	100	1.53153
71	102	0.803937
71	124	1.46618
71	133	0.789584
71	140	0.799922
71	156	0.8291
71	159	0.804589
71	160	0.819012
71	161	0.82123
71	164	0.824495
71	166	0.810017
71	167	1.54798
71	168	1.49946
71	170	0.822925
71	172	0.818343
71	173	0.829736
71	175	0.807955
71	176	0.819154
72	5	0.760262
72	13	1.77021
72	45	0.862178
72	95	0.832429
72	100	0.809908
72	120	1.43388
72	130	0.797871
72	141	1.43343
72	147	1.41787
72	152	0.805576
72	153	0.807803
72	154	0.805478
72	161	1.53562
72	162	0.809661
72	165	0.822788
72	168	0.819307
72	174	0.819856
72	177	0.826415
72	179	0.820464
73	7	1.33087
73	22	0.735841
73	60	1.60334
73	63	0.855088
73	76	0.836055
73	81	0.811685
73	86	1.69179
73	92	0.827619
73	98	0.799298
73	111	0.777945
73	120	0.845136
73	122	0.841958
73	130	1.6374
73	132	0.792214
73	144	0.811529
73	145	0.811215
73	167	0.809889
73	169	1.34244
73	180	0.844532
74	6	1.15673
74	45	0.908229
74	54	0.853018
74	136	0.87349
74	138	0.861348
74	142	0.87415
74	144	1.27422
74	145	1.31545
74	146	0.872554
74	151	1.34324
74	156	1.18309
74	165	0.868839
74	168	0.865358
74	171	0.86993
74	174	0.865907
74	175	1.31982
74	177	0.872466
74	178	0.948196
74	179	0.866515
75	65	1.64629
75	99	0.808566
75	103	0.804181
75	124	1.49689
75	131	0.800028
75	149	0.822817
75	151	0.812768
75	154	0.799652
75	160	0.819464
75	161	0.821682
75	166	0.810469
75	170	0.823377
75	172	0.818795
75	173	0.830188
75	175	0.808407
75	176	0.819606
75	177	1.57146
75	178	1.34722
75	179	1.54636
76	66	0.852698
76	73	0.836055
76	98	0.869719
76	104	0.864837
76	108	1.46491
76	111	0.848367
76	115	0.877904
76	117	1.17913
76	119	1.32989
76	120	0.915558
76	122	0.91238
76	125	0.882637
76	132	0.862635
76	143	1.25266
76	144	0.88195
76	161	1.31501
76	167	0.88031
76	178	1.06354
76	180	0.914954
77	90	0.81958
77	112	0.817883
77	121	1.54047
77	138	1.49473
77	144	1.51367
77	148	1.54311
77	151	0.80696
77	156	0.823744
77	158	0.824439
77	159	0.799233
77	161	0.815874
77	162	1.51553
77	163	0.801813
77	164	0.819139
77	170	0.817569
77	172	0.812987
77	173	0.82438
77	175	0.802599
77	176	0.813798
78	4	0.779372
78	17	0.846038
78	24	0.846038
78	32	0.820641
78	41	0.887307
78	61	0.829369
78	79	0.879369
78	94	0.871039
78	96	0.979369
78	97	0.883986
78	101	0.911039
78	105	1.12877
78	130	1.31722
78	133	1.43735
78	137	1.3334
78	169	0.917175
78	174	1.24005
78	178	0.949257
78	180	1.14929
79	4	0.779372
79	17	0.846038
79	24	0.846038
79	32	0.820641
79	41	0.887307
79	61	0.829369
79	78	0.879369
79	94	0.871039
79	96	0.979369
79	97	0.883986
79	101	0.911039
79	108	1.36424
79	133	1.38745
79	142	1.12852
79	154	1.2808
79	160	1.22116
79	161	1.21433
79	169	0.917175
79	178	0.949257
80	11	1.53203
80	33	1.36996
80	45	0.901705
80	55	0.848989
80	64	0.828924
80	65	0.822116
80	92	1.20663
80	116	0.849944
80	119	0.869237
80	136	0.866965
80	138	0.854823
80	144	1.26249
80	152	0.845103
80	157	0.863472
80	163	1.31461
80	171	0.863405
80	174	0.859383
80	175	1.3081
80	177	0.865942
80	179	0.85999
81	2	1.13561
81	38	0.820534
81	63	0.901139
81	66	0.828328
81	73	0.811685
81	92	0.87367
81	98	0.845349
81	104	0.840467
81	113	1.31914
81	120	0.891187
81	122	0.888009
81	132	0.838265
81	144	0.85758
81	145	0.857266
81	152	1.39431
81	154	1.40868
81	159	1.41065
81	167	0.85594
81	171	1.33693
81	180	0.890583
82	25	1.5978
82	33	0.873731
82	43	1.33606
82	50	0.972328
82	52	1.11909
82	55	1.11476
82	86	1.18602
82	112	0.907411
82	129	0.889336
82	133	0.873756
82	138	1.07858
82	147	0.919463
82	149	0.906537
82	151	0.896488
82	158	0.913966
82	164	0.908667
82	166	0.894188
82	170	0.907097
82	173	0.913908
82	175	0.892127
82	176	0.903326
83	69	0.815657
83	99	0.833632
83	105	1.32702
83	112	0.848758
83	131	0.825094
83	133	0.815102
83	155	0.865108
83	156	0.854619
83	157	1.45482
83	159	0.830107
83	160	0.84453
83	164	0.850013
83	166	0.835535
83	170	0.848444
83	173	0.855255
83	174	1.4383
83	175	0.833474
83	176	0.844672
83	177	1.43526
83	179	1.41016
83	180	1.34754
84	4	1.65818
84	18	1.40252
84	32	1.49685
84	43	0.79054
84	92	1.42045
84	97	1.38213
84	100	0.806638
84	156	0.832108
84	157	0.820675
84	158	0.832802
84	163	0.810176
84	166	0.813024
84	167	1.43745
84	172	0.821351
84	173	0.832744
84	174	0.816586
84	175	0.810963
84	176	0.822161
84	177	0.823145
84	178	0.898874
84	179	0.817193
84	180	0.851018
85	42	1.11892
85	47	0.836073
85	48	1.39494
85	54	0.860996
85	103	1.2617
85	105	0.902948
85	110	0.889952
85	114	0.869367
85	116	0.864446
85	123	0.849195
85	124	0.890087
85	126	1.20517
85	134	1.33103
85	151	1.29766
85	153	0.861832
85	158	1.18356
85	162	0.86369
85	165	0.876817
85	169	0.924092
85	174	0.873885
85	177	0.880445
85	178	0.956174
86	7	0.866973
86	51	1.34323
86	73	1.69179
86	82	1.18602
86	100	0.813915
86	108	1.60791
86	110	0.83993
86	113	0.834555
86	123	0.799172
86	130	0.801877
86	139	0.810825
86	143	0.827815
86	148	0.807035
86	149	1.43674
86	152	0.809583
86	157	0.827952
86	163	1.52898
86	168	0.823314
86	174	0.823863
86	177	0.830422
86	179	0.82447
86	180	0.858295
87	90	0.828961
87	98	1.55451
87	105	1.42595
87	108	0.791945
87	129	0.809189
87	135	1.48395
87	147	0.839317
87	149	0.82639
87	155	0.843615
87	156	0.833125
87	158	0.833819
87	161	0.825255
87	164	0.82852
87	168	1.4929
87	169	1.31943
87	170	0.82695
87	171	0.821626
87	172	0.822368
87	173	0.833761
87	175	0.81198
87	176	0.823179
87	177	1.53419
88	27	1.33048
88	28	0.784537
88	29	1.41303
88	31	0.844792
88	54	0.850226
88	89	1.2987
88	96	1.01455
88	113	0.873807
88	118	0.857979
88	124	0.879317
88	130	0.84113
88	135	0.868055
88	137	1.40795
88	152	0.848835
88	162	0.852919
88	163	1.40977
88	165	0.866047
88	167	1.3188
88	168	0.862566
88	174	0.863115
88	178	0.945404
88	179	0.863723
88	180	0.897547
89	21	1.3198
89	47	1.51373
89	68	0.843439
89	88	1.2987
89	103	0.856267
89	107	0.846411
89	116	1.38322
89	127	0.870547
89	134	0.844859
89	140	0.852459
89	147	0.88783
89	148	0.849288
89	149	0.874903
89	157	1.30287
89	160	0.87155
89	161	0.873768
89	162	1.33126
89	163	0.859706
89	167	0.865905
89	172	0.870881
89	175	0.860493
89	176	0.871692
89	178	1.05907
90	9	1.6324
90	16	0.869296
90	48	0.823656
90	77	0.81958
90	87	0.828961
90	105	1.14824
90	116	1.35639
90	118	1.2563
90	139	1.32116
90	147	0.887638
90	159	0.856936
90	160	0.871358
90	161	0.873576
90	164	0.876841
90	165	1.2407
90	166	0.862363
90	170	0.875272
90	171	0.869947
90	172	0.87069
90	173	0.882083
90	174	1.25953
90	175	0.860302
90	176	0.8715
91	18	0.883233
91	28	1.69011
91	40	0.915932
91	47	1.45355
91	49	0.825862
91	53	0.862279
91	68	0.841961
91	93	0.87657
91	106	0.895209
91	107	0.844934
91	109	0.840302
91	116	1.32304
91	126	0.86822
91	134	0.843382
91	137	0.859355
91	148	0.847811
91	150	0.872296
91	154	1.31683
91	163	0.858229
91	167	0.864427
91	168	1.18185
91	171	1.24509
91	178	0.998892
92	22	0.797826
92	46	0.828481
92	66	0.844262
92	73	0.827619
92	80	1.20663
92	81	0.87367
92	84	1.42045
92	98	0.861283
92	104	0.856401
92	115	0.869468
92	125	0.874201
92	128	0.91996
92	132	0.854199
92	137	1.3828
92	138	0.867526
92	142	1.22783
92	144	0.873514
92	145	0.8732
92	148	1.36193
92	162	1.33436
92	164	1.27044
92	167	0.871874
92	180	0.906518
93	19	0.878531
93	20	0.886535
93	49	0.827721
93	56	0.868269
93	91	0.87657
93	106	0.897069
93	107	0.846793
93	109	0.842161
93	126	0.87008
93	127	0.870929
93	134	0.845241
93	137	0.861214
93	140	0.852842
93	145	1.42106
93	148	0.84967
93	159	1.42941
93	163	0.860089
93	167	0.866287
93	171	1.35569
93	174	1.33678
93	178	1.1095
93	179	1.30864
93	180	1.24602
94	4	0.771042
94	9	0.781248
94	17	0.837709
94	24	0.837709
94	31	1.37975
94	32	0.812311
94	41	0.878978
94	51	0.85779
94	52	0.860918
94	61	0.821039
94	78	0.871039
94	79	0.871039
94	96	0.971039
94	97	0.875656
94	101	0.90271
94	114	1.29382
94	152	1.35719
94	160	1.31192
94	165	1.26208
94	169	0.908845
94	171	1.29982
94	176	1.29985
94	178	0.940927
95	1	0.798906
95	5	0.807546
95	6	1.29878
95	55	0.856747
95	72	0.832429
95	96	1.07316
95	128	0.915014
95	130	0.845155
95	135	0.872081
95	152	0.85286
95	153	0.855087
95	156	1.32513
95	158	1.37118
95	161	1.39741
95	164	1.35421
95	165	0.870072
95	168	0.866592
95	169	0.917347
95	173	1.37124
95	174	0.867141
95	177	0.8737
95	179	0.867748
95	180	0.901572
96	4	0.879372
96	17	0.946039
96	24	0.946039
96	32	0.920641
96	41	0.987308
96	61	0.929369
96	78	0.979369
96	79	0.979369
96	88	1.01455
96	94	0.971039
96	95	1.07316
96	97	0.983986
96	101	1.01104
96	102	1.17738
96	130	1.07937
96	162	1.04711
96	164	0.983194
96	169	1.01717
96	170	1.0047
96	171	1.02111
96	178	1.04926
97	4	0.783988
97	17	0.850655
97	24	0.850655
97	32	0.825257
97	41	0.891924
97	51	0.870737
97	52	0.873864
97	61	0.833985
97	63	1.1923
97	78	0.883986
97	79	0.883986
97	84	1.38213
97	94	0.875656
97	96	0.983986
97	101	0.915656
97	122	1.11655
97	134	1.39656
97	143	1.21298
97	169	0.921791
97	170	1.25363
97	177	1.24809
97	178	0.953873
98	15	1.1852
98	66	0.815941
98	70	0.861976
98	71	1.56107
98	73	0.799298
98	76	0.869719
98	81	0.845349
98	87	1.55451
98	92	0.861283
98	104	0.82808
98	113	1.32065
98	115	0.841147
98	120	0.8788
98	122	0.875622
98	125	0.84588
98	132	0.825878
98	138	0.839205
98	144	0.845193
98	145	0.844879
98	148	1.39202
98	167	0.843553
98	168	1.27521
98	174	1.31954
98	180	0.878197
99	75	0.808566
99	83	0.833632
99	102	0.839461
99	121	1.41824
99	130	1.42556
99	131	0.8351
99	133	0.825108
99	139	1.41003
99	143	0.853055
99	151	0.847841
99	155	0.875115
99	156	0.864625
99	157	1.36491
99	159	0.840113
99	160	0.854536
99	164	0.860019
99	165	1.32957
99	166	0.845541
99	172	0.853868
99	173	0.865261
99	175	0.84348
99	176	0.854678
99	177	1.34536
99	179	1.32025
100	42	1.22332
100	53	1.38199
100	71	1.53153
100	72	0.809908
100	84	0.806638
100	86	0.813915
100	116	0.835181
100	140	1.41759
100	142	0.852862
100	148	0.827791
100	153	0.832566
100	157	0.848709
100	160	1.32102
100	162	0.834424
100	163	1.38517
100	165	0.847551
100	166	1.33033
100	169	0.894826
100	171	0.848642
100	174	0.84462
100	177	0.851179
100	178	0.926908
100	179	0.845227
100	180	0.879051
101	4	0.811042
101	9	0.821248
101	17	0.877709
101	24	0.877709
101	32	0.852311
101	41	0.918978
101	51	0.897791
101	52	0.900918
101	54	1.3166
101	61	0.861039
101	78	0.911039
101	79	0.911039
101	94	0.90271
101	96	1.01104
101	97	0.915656
101	116	1.29877
101	135	1.14862
101	143	1.16375
101	155	1.10451
101	162	1.24681
101	169	0.948845
101	171	1.22081
101	178	0.980927
101	180	1.11114
102	34	1.45535
102	60	0.830547
102	71	0.803937
102	96	1.17738
102	99	0.839461
102	122	1.34286
102	147	0.866639
102	155	0.870937
102	156	0.860447
102	159	0.835936
102	161	0.852577
102	163	0.838516
102	164	0.855842
102	165	1.45861
102	166	0.841364
102	170	0.854272
102	171	0.848948
102	172	0.84969
102	173	0.861083
102	175	0.839302
102	176	0.850501
102	177	1.4744
102	178	1.25016
102	179	1.4493
103	3	1.5657
103	31	1.47721
103	69	0.821278
103	75	0.804181
103	85	1.2617
103	89	0.856267
103	129	0.836304
103	139	1.44
103	143	0.848671
103	147	0.866431
103	149	0.853505
103	156	0.86024
103	160	0.850151
103	161	0.852369
103	164	0.855634
103	166	0.841156
103	168	1.33403
103	170	0.854065
103	172	0.849483
103	173	0.860876
103	174	1.37837
103	175	0.839095
103	176	0.850294
103	178	1.15108
104	29	0.824423
104	45	1.15728
104	64	1.45441
104	70	0.857094
104	76	0.864837
104	81	0.840467
104	92	0.856401
104	98	0.82808
104	111	0.806728
104	115	0.836266
104	120	0.873919
104	121	1.41224
104	122	0.870741
104	125	0.840998
104	128	0.886757
104	131	1.50607
104	132	0.820996
104	143	1.30424
104	144	0.840312
104	145	0.839997
104	166	1.38272
104	167	0.838671
104	172	1.38087
104	180	0.873315
105	12	0.919101
105	25	0.803316
105	26	1.24566
105	34	0.864398
105	57	1.35165
105	78	1.12877
105	83	1.32702
105	85	0.902948
105	87	1.42595
105	90	1.14824
105	106	1.08976
105	110	0.899697
105	116	0.874191
105	135	0.88857
105	152	0.86935
105	153	0.871577
105	162	0.873435
105	165	0.886562
105	168	0.883081
105	171	0.887653
105	174	0.88363
105	175	1.27963
105	177	0.890189
105	179	0.884238
105	180	0.918062
106	14	0.927413
106	18	0.903732
106	26	0.897194
106	49	0.84636
106	54	1.31574
106	62	0.86001
106	91	0.895209
106	93	0.897069
106	105	1.08976
106	107	0.865432
106	108	1.37514
106	109	0.8608
106	123	1.26745
106	126	0.888719
106	127	0.889568
106	134	0.863881
106	137	0.879854
106	138	1.22516
106	148	0.868309
106	150	0.892794
106	154	1.2917
106	163	0.878728
106	167	0.884926
106	171	1.21996
106	176	1.21998
107	2	1.27252
107	20	0.854899
107	44	1.6642
107	49	0.796085
107	53	0.832503
107	56	0.836632
107	89	0.846411
107	91	0.844934
107	93	0.846793
107	106	0.865432
107	109	0.810525
107	126	0.838443
107	127	0.839293
107	134	0.813605
107	137	0.829578
107	140	0.821205
107	146	1.4326
107	148	0.818034
107	150	0.842519
107	154	1.54559
107	163	0.828452
107	164	1.43592
107	167	0.834651
107	178	1.22765
107	179	1.42679
108	2	0.878606
108	27	0.8396
108	35	1.19401
108	51	0.828061
108	76	1.46491
108	79	1.36424
108	86	1.60791
108	87	0.791945
108	106	1.37514
108	123	1.54277
108	131	0.814906
108	146	1.45403
108	147	0.850622
108	149	0.837696
108	158	0.845125
108	159	0.81992
108	160	0.834343
108	161	0.836561
108	163	0.822499
108	166	0.825347
108	170	0.838256
108	172	0.833674
108	173	0.845067
108	175	0.823286
108	176	0.834485
109	18	0.848824
109	20	0.850266
109	26	0.842286
109	40	0.881523
109	56	0.832
109	62	0.805103
109	91	0.840302
109	93	0.842161
109	106	0.8608
109	107	0.810525
109	121	1.46671
109	126	0.833811
109	127	0.834661
109	134	0.808973
109	137	0.824946
109	140	0.816573
109	148	0.813402
109	154	1.48752
109	162	1.44177
109	163	0.82382
109	167	0.830018
109	171	1.41578
109	172	1.43535
109	177	1.39383
109	179	1.36873
110	24	1.23979
110	35	0.937094
110	42	1.18785
110	52	1.31916
110	64	0.840176
110	70	1.21028
110	85	0.889952
110	86	0.83993
110	105	0.899697
110	117	0.915417
110	119	0.880489
110	120	1.17698
110	152	0.856354
110	153	0.858581
110	157	0.874724
110	162	0.860439
110	163	1.3497
110	164	1.23553
110	168	0.870085
110	174	0.870635
110	176	1.27347
110	177	0.877194
110	178	0.952923
110	179	0.871242
110	180	0.905066
111	22	0.748153
111	35	1.23558
111	38	0.786795
111	46	0.778808
111	63	0.8674
111	66	0.794589
111	70	0.840623
111	73	0.777945
111	76	0.848367
111	104	0.806728
111	115	0.819795
111	120	0.857448
111	122	0.85427
111	128	0.870286
111	130	1.5951
111	132	0.804526
111	138	0.817853
111	141	1.43994
111	144	0.823841
111	145	0.823526
111	147	1.42437
111	159	1.61056
111	160	1.54894
111	167	0.822201
111	176	1.53687
111	180	0.856844
112	77	0.817883
112	82	0.907411
112	83	0.848758
112	129	0.855814
112	141	0.885047
112	146	1.32911
112	150	1.29509
112	151	0.862966
112	152	1.42773
112	154	0.84985
112	156	0.87975
112	158	0.880444
112	159	0.855239
112	160	0.869662
112	164	0.875145
112	166	0.860667
112	168	1.30711
112	170	0.873575
112	172	0.868993
112	173	0.880386
112	175	0.858605
112	176	0.869804
112	177	1.3484
112	178	1.12416
112	179	1.3233
112	180	1.26068
113	15	1.16904
113	18	1.27264
113	20	1.29647
113	23	0.876182
113	66	1.46151
113	81	1.31914
113	86	0.834555
113	88	0.873807
113	98	1.32065
113	123	0.840569
113	130	0.843274
113	136	0.872842
113	139	0.852222
113	142	0.873502
113	146	0.871906
113	152	0.850979
113	156	1.25529
113	157	0.869349
113	158	1.30134
113	162	0.855064
113	165	0.868191
113	168	0.864711
113	169	0.915466
113	177	0.871819
113	179	0.865867
113	180	0.899691
114	28	0.771471
114	43	0.824004
114	85	0.869367
114	94	1.29382
114	117	0.894832
114	118	0.844913
114	121	0.834909
114	124	0.866251
114	125	1.31833
114	130	0.828064
114	136	0.857632
114	138	0.84549
114	139	0.837012
114	140	1.44276
114	142	0.858292
114	153	0.837996
114	162	0.839854
114	163	1.41034
114	167	1.31936
114	169	0.900256
114	170	1.31767
114	172	1.35365
114	174	0.85005
114	176	1.33411
114	177	0.856609
114	178	0.932338
114	179	0.850657
115	1	1.58965
115	29	0.83749
115	38	0.816333
115	46	0.808345
115	66	0.824127
115	70	0.870161
115	76	0.877904
115	92	0.869468
115	98	0.841147
115	104	0.836266
115	111	0.819795
115	120	0.886986
115	122	0.883808
115	125	0.854065
115	128	0.899824
115	132	0.834063
115	136	1.28619
115	138	0.847391
115	144	0.853379
115	145	0.853064
115	153	1.41911
115	161	1.32799
115	168	1.25947
115	171	1.32271
115	174	1.3038
115	177	1.30076
115	180	0.886382
116	41	1.24092
116	43	0.819083
116	67	0.906857
116	80	0.849944
116	85	0.864446
116	89	1.38322
116	90	1.35639
116	91	1.32304
116	100	0.835181
116	101	1.29877
116	105	0.874191
116	118	0.839992
116	119	0.854983
116	139	0.832091
116	152	0.830848
116	153	0.833075
116	156	1.35105
116	157	0.849218
116	165	0.84806
116	166	1.43946
116	168	0.84458
116	169	0.895335
116	170	1.40163
116	174	0.845129
116	177	0.851688
116	179	0.845736
116	180	0.87956
117	25	0.819036
117	31	0.881027
117	38	1.37841
117	58	1.20061
117	63	1.13174
117	67	0.961079
117	76	1.17913
117	110	0.915417
117	114	0.894832
117	124	0.915552
117	125	1.19373
117	130	0.877365
117	135	0.90429
117	147	1.09701
117	148	0.882522
117	149	1.19349
117	152	0.88507
117	153	0.887297
117	162	0.889155
117	168	0.898801
117	169	0.949557
117	172	1.22906
117	173	1.18859
117	174	0.89935
117	177	0.905909
117	179	0.899958
117	180	0.933782
118	47	0.811619
118	53	1.39102
118	57	1.4597
118	88	0.857979
118	90	1.2563
118	114	0.844913
118	116	0.839992
118	122	1.16445
118	138	0.844872
118	139	0.836393
118	142	0.857674
118	145	1.38331
118	150	0.857088
118	151	1.4111
118	152	0.835151
118	154	0.835053
118	157	0.85352
118	165	0.852363
118	166	1.33936
118	168	0.848882
118	171	0.853454
118	174	0.849431
118	175	1.38769
118	177	0.85599
118	178	0.93172
118	179	0.850039
118	180	0.883863
119	1	0.796188
119	2	1.15891
119	25	0.784107
119	30	1.17291
119	37	0.81026
119	49	1.66493
119	55	0.854029
119	60	1.38443
119	65	0.827156
119	76	1.32989
119	80	0.869237
119	110	0.880489
119	116	0.854983
119	121	0.849281
119	127	1.38119
119	139	0.851384
119	141	1.26333
119	146	0.871069
119	152	0.850142
119	157	0.868511
119	162	0.854227
119	163	1.43649
119	168	0.863873
119	169	0.914629
119	174	0.864422
119	177	0.870981
119	179	0.86503
120	22	0.815344
120	37	0.835441
120	46	0.845998
120	50	0.923422
120	63	0.934591
120	70	0.907814
120	72	1.43388
120	73	0.845136
120	76	0.915558
120	81	0.891187
120	98	0.8788
120	104	0.873919
120	110	1.17698
120	111	0.857448
120	115	0.886986
120	122	0.921461
120	124	1.1471
120	132	0.871717
120	136	1.20711
120	144	0.891032
120	145	0.890717
120	153	1.34002
120	167	0.889392
120	171	1.24362
120	176	1.24365
120	177	1.22168
120	179	1.19657
120	180	0.924035
121	14	1.32245
121	15	1.23777
121	40	1.28451
121	77	1.54047
121	99	1.41824
121	104	1.41224
121	109	1.46671
121	114	0.834909
121	119	0.849281
121	123	0.814736
121	130	0.817441
121	134	1.51754
121	135	0.844367
121	139	0.826389
121	146	0.846074
121	148	0.822599
121	150	0.847084
121	152	0.825147
121	153	0.827374
121	157	0.843516
121	162	0.829231
121	165	0.842358
121	168	0.838878
121	171	0.843449
121	174	0.839427
121	177	0.845986
121	178	0.921715
121	179	0.840034
122	29	0.871965
122	37	0.832263
122	43	1.44927
122	63	0.931413
122	66	0.858602
122	70	0.904636
122	73	0.841958
122	76	0.91238
122	81	0.888009
122	97	1.11655
122	98	0.875622
122	102	1.34286
122	104	0.870741
122	111	0.85427
122	115	0.883808
122	118	1.16445
122	120	0.921461
122	125	0.88854
122	138	0.881866
122	140	1.29527
122	144	0.887854
122	145	0.887539
122	146	1.14535
122	154	1.25834
122	163	1.26284
122	167	0.886214
122	177	1.16464
122	180	0.920857
123	20	1.36177
123	35	0.896337
123	62	1.51674
123	64	0.799419
123	85	0.849195
123	86	0.799172
123	106	1.26745
123	108	1.54277
123	113	0.840569
123	121	0.814736
123	124	0.846079
123	128	0.877751
123	139	0.816839
123	143	0.83383
123	146	0.836524
123	152	0.815597
123	157	0.833966
123	158	1.36663
123	160	1.39969
123	165	0.832809
123	167	1.37286
123	171	0.8339
123	173	1.3667
123	174	0.829877
123	177	0.836436
123	178	0.912166
123	179	0.830485
123	180	0.864309
124	5	0.811175
124	54	0.85788
124	59	1.33321
124	60	1.26776
124	71	1.46618
124	75	1.49689
124	85	0.890087
124	88	0.879317
124	114	0.866251
124	117	0.915552
124	120	1.1471
124	123	0.846079
124	136	0.878352
124	139	0.857731
124	143	0.874722
124	146	0.877416
124	153	0.858716
124	154	0.856391
124	155	1.12725
124	157	0.874859
124	162	0.860574
124	166	1.26498
124	168	0.87022
124	170	1.22715
124	172	1.26313
124	174	0.870769
124	177	0.877329
124	179	0.871377
124	180	0.905201
125	22	0.782423
125	29	0.842222
125	38	0.821065
125	46	0.813078
125	50	0.890501
125	63	0.90167
125	64	1.41744
125	66	0.828859
125	70	0.874893
125	76	0.882637
125	92	0.874201
125	98	0.84588
125	104	0.840998
125	114	1.31833
125	115	0.854065
125	117	1.19373
125	122	0.88854
125	128	0.904556
125	132	0.838796
125	138	0.852123
125	144	0.858111
125	145	0.857796
125	153	1.42073
125	154	1.39607
125	157	1.32193
125	158	1.30338
125	167	0.856471
125	170	1.30792
125	171	1.32433
125	180	0.891114
126	19	0.870181
126	20	0.878185
126	26	0.870205
126	40	0.909442
126	48	1.53117
126	49	0.819372
126	51	1.23125
126	53	0.855789
126	56	0.859919
126	62	0.833021
126	68	0.835471
126	85	1.20517
126	91	0.86822
126	93	0.87008
126	106	0.888719
126	107	0.838443
126	109	0.833811
126	127	0.862579
126	134	0.836892
126	136	1.30423
126	137	0.852865
126	141	1.24384
126	148	0.84132
126	150	0.865806
126	154	1.41249
126	163	0.851739
126	167	0.857937
126	171	1.34075
126	173	1.31986
126	175	1.41049
127	18	0.877592
127	19	0.87103
127	40	0.910291
127	49	0.820221
127	50	1.25998
127	52	0.861277
127	53	0.856638
127	56	0.860768
127	62	0.833871
127	65	1.41392
127	68	0.83632
127	89	0.870547
127	93	0.870929
127	106	0.889568
127	107	0.839293
127	109	0.834661
127	119	1.38119
127	126	0.862579
127	134	0.837741
127	137	0.853714
127	140	0.845341
127	143	1.30397
127	148	0.84217
127	150	0.866655
127	162	1.38703
127	167	0.858786
127	171	1.36104
127	177	1.33909
127	179	1.31398
127	180	1.25137
128	14	1.13332
128	32	1.24657
128	60	1.22608
128	65	0.865175
128	92	0.91996
128	95	0.915014
128	104	0.886757
128	111	0.870286
128	115	0.899824
128	123	0.877751
128	125	0.904556
128	131	1.34665
128	132	0.884555
128	135	0.907382
128	141	1.10498
128	144	0.90387
128	145	0.903555
128	147	1.08942
128	150	0.910098
128	156	1.13489
128	159	1.2756
128	161	1.20716
128	162	0.892246
128	165	0.905373
128	167	0.90223
128	172	1.22146
128	174	0.902442
128	177	0.909001
128	179	0.903049
128	180	0.936873
129	45	1.23582
129	48	0.803884
129	59	0.841069
129	82	0.889336
129	87	0.809189
129	103	0.836304
129	112	0.855814
129	133	0.822159
129	134	1.56637
129	139	1.48257
129	144	1.46399
129	151	0.844891
129	154	0.831775
129	156	0.861675
129	157	1.43745
129	158	0.862369
129	159	0.837164
129	161	0.853805
129	163	0.839743
129	164	0.85707
129	165	1.40211
129	166	0.842591
129	167	1.42513
129	169	1.20314
129	170	0.8555
129	171	0.850176
129	172	0.850918
129	173	0.862311
129	175	0.84053
129	176	0.851729
129	178	1.19366
130	3	0.769225
130	23	0.843505
130	25	0.752267
130	26	1.43411
130	34	0.81335
130	35	0.899042
130	44	1.5887
130	64	0.802124
130	72	0.797871
130	73	1.6374
130	78	1.31722
130	86	0.801877
130	88	0.84113
130	95	0.845155
130	96	1.07937
130	99	1.42556
130	111	1.5951
130	113	0.843274
130	114	0.828064
130	117	0.877365
130	121	0.817441
130	141	1.30144
130	142	0.840825
130	162	0.822386
130	165	0.835514
130	169	0.882788
130	172	1.41791
130	174	0.832582
130	177	0.839141
130	178	0.914871
130	179	0.83319
130	180	0.867014
131	13	0.782774
131	34	1.44385
131	58	0.830472
131	75	0.800028
131	83	0.825094
131	99	0.8351
131	104	1.50607
131	108	0.814906
131	128	1.34665
131	133	0.81657
131	135	1.41266
131	140	0.826908
131	142	1.40432
131	143	0.844517
131	148	1.53842
131	151	0.839302
131	154	0.826186
131	155	0.866576
131	156	0.856087
131	159	0.831575
131	161	0.848216
131	163	0.834155
131	164	0.851481
131	165	1.44711
131	166	0.837003
131	169	1.24814
131	170	0.849912
131	172	0.84533
131	173	0.856723
131	174	1.46594
131	175	0.834942
131	176	0.84614
132	22	0.762421
132	29	0.82222
132	38	0.801063
132	46	0.793076
132	50	0.8705
132	55	1.46265
132	66	0.808857
132	67	0.89841
132	73	0.792214
132	76	0.862635
132	81	0.838265
132	92	0.854199
132	98	0.825878
132	104	0.820996
132	111	0.804526
132	115	0.834063
132	120	0.871717
132	125	0.838796
132	128	0.884555
132	138	0.832121
132	144	0.838109
132	145	0.837795
132	158	1.40032
132	162	1.44726
132	167	0.836469
132	168	1.35803
132	172	1.44084
132	173	1.40038
132	174	1.40236
132	175	1.49101
132	177	1.39932
132	180	0.871113
133	70	1.45531
133	71	0.789584
133	78	1.43735
133	79	1.38745
133	82	0.873756
133	83	0.815102
133	99	0.825108
133	129	0.822159
133	131	0.81657
133	138	1.52368
133	139	1.5612
133	141	0.851391
133	142	1.43794
133	147	0.852286
133	149	0.83936
133	151	0.829311
133	155	0.856585
133	158	0.846789
133	159	0.821584
133	160	0.836006
133	161	0.838225
133	164	0.84149
133	166	0.827011
133	168	1.45524
133	169	1.28177
133	170	0.83992
133	171	0.834596
133	172	0.835338
