1	4	0.784053
1	9	0.79726
1	14	1.02016
1	19	0.762783
1	27	0.762755
1	35	0.859409
1	36	0.874319
1	37	0.860596
1	38	0.861208
1	51	0.835027
1	165	2.24962
1	175	2.04071
2	122	0.837309
2	129	2.19742
2	137	0.839788
2	146	0.853305
2	147	0.851257
2	148	0.846893
2	150	0.836954
2	155	0.826435
2	157	2.04961
2	164	0.822144
2	168	0.865009
2	174	0.80251
3	62	0.826714
3	63	0.837804
3	65	0.829772
3	84	0.802418
3	85	0.878908
3	91	0.867665
3	102	0.846046
3	109	0.88242
3	118	0.838797
3	120	0.815338
3	143	1.31444
3	169	2.9733
4	1	0.784053
4	9	0.795445
4	14	1.01834
4	19	0.760968
4	27	0.76094
4	35	0.857594
4	36	0.872503
4	37	0.858781
4	38	0.859392
4	42	1.85911
4	51	0.833212
4	144	2.33537
5	31	0.876756
5	40	0.857078
5	61	0.755989
5	68	0.89593
5	71	0.813446
5	73	0.813102
5	86	0.876343
5	87	0.87121
5	118	0.834512
5	136	0.837664
5	165	2.24962
5	175	2.04071
6	37	1.40916
6	53	1.59022
6	131	0.82929
6	134	0.900766
6	169	0.808342
6	172	0.865983
6	173	0.844143
6	174	0.836291
6	176	0.872181
6	177	0.847707
6	179	0.794033
6	180	0.789398
7	17	0.878704
7	24	0.970396
7	30	0.977399
7	41	0.867546
7	58	0.930638
7	66	0.930721
7	78	0.994551
7	120	1.44331
7	156	0.95248
7	161	0.93931
7	164	1.33253
7	171	1.90832
8	89	0.812554
8	113	1.14581
8	122	0.843504
8	137	0.845983
8	146	0.859499
8	147	0.857452
8	148	0.853087
8	150	0.843149
8	153	0.841127
8	155	0.83263
8	174	0.808704
8	179	3.12657
9	1	0.79726
9	4	0.795445
9	18	0.902226
9	19	0.774176
9	27	0.774148
9	35	0.870802
9	36	0.885711
9	37	0.871989
9	38	0.8726
9	51	0.84642
9	178	1.70775
9	180	2.63342
10	114	0.921816
10	122	0.944265
10	124	1.82599
10	125	0.939729
10	137	0.946744
10	149	1.24418
10	150	0.94391
10	153	0.941889
10	155	0.933391
10	156	1.47512
10	162	0.920557
10	174	0.909466
11	59	0.840452
11	64	0.862184
11	69	0.828685
11	70	0.828301
11	74	0.825266
11	76	0.828948
11	77	0.827118
11	80	0.828486
11	95	1.54811
11	101	0.855238
11	131	2.52688
11	168	0.870388
12	95	0.907083
12	111	0.84798
12	121	1.32696
12	137	1.65743
12	139	0.813435
12	143	0.887848
12	175	0.875131
12	176	0.85878
12	177	0.834306
12	178	0.828861
12	179	0.780632
12	180	0.775998
13	15	0.975902
13	16	0.944424
13	20	0.854757
13	22	0.973913
13	23	0.950189
13	26	0.854227
13	46	1.02799
13	57	0.924282
13	117	1.90215
13	140	0.914369
13	158	1.44851
13	162	1.50995
14	1	1.02016
14	4	1.01834
14	19	0.997074
14	27	0.997047
14	35	1.0937
14	37	1.09489
14	38	1.0955
14	51	1.06932
14	90	2.55302
14	162	0.94771
14	169	1.30608
14	173	0.596125
15	13	0.975902
15	16	0.943883
15	20	0.854217
15	22	0.973372
15	23	0.949648
15	26	0.853687
15	46	1.02745
15	57	0.923742
15	119	1.46662
15	140	0.913828
15	151	1.30025
15	171	1.91955
16	13	0.944424
16	15	0.943883
16	18	0.954102
16	20	0.822739
16	22	0.941894
16	23	0.91817
16	26	0.822209
16	46	0.995968
16	57	0.892264
16	97	1.44359
16	119	1.882
16	140	0.88235
16	160	1.49536
17	7	0.878704
17	24	0.847289
17	28	0.857433
17	30	0.854292
17	41	0.744439
17	49	0.830706
17	58	0.807531
17	66	0.807614
17	78	0.871445
17	156	0.829374
17	161	0.816203
17	166	1.96205
17	176	2.55332
18	9	0.902226
18	16	0.954102
18	19	0.867749
18	20	0.864436
18	26	0.863906
18	27	0.867721
18	36	0.979285
18	51	0.939993
18	57	0.933961
18	140	0.924047
18	157	1.46524
18	164	1.96326
18	175	1.45822
19	1	0.762783
19	4	0.760968
19	9	0.774176
19	14	0.997074
19	18	0.867749
19	27	0.739671
19	35	0.836325
19	36	0.851234
19	37	0.837512
19	38	0.838123
19	51	0.811943
19	133	2.76772
19	161	1.70422
20	13	0.854757
20	15	0.854217
20	16	0.822739
20	18	0.864436
20	22	0.852228
20	23	0.828504
20	26	0.732542
20	46	0.906301
20	57	0.802597
20	62	0.796774
20	81	2.07992
20	140	0.792684
20	166	2.30819
21	33	0.941911
21	54	0.92287
21	59	0.903821
21	64	0.925554
21	74	0.888635
21	76	0.892317
21	77	0.890487
21	93	0.883932
21	101	0.918607
21	123	1.74874
21	138	1.62861
21	159	1.57271
21	168	0.933757
22	13	0.973913
22	15	0.973372
22	16	0.941894
22	20	0.852228
22	23	0.947659
22	26	0.851697
22	46	1.02546
22	57	0.921753
22	133	1.74302
22	140	0.911839
22	154	1.63998
22	176	1.17428
23	13	0.950189
23	15	0.949648
23	16	0.91817
23	20	0.828504
23	22	0.947659
23	26	0.827973
23	46	1.00173
23	57	0.898028
23	62	0.892205
23	115	1.39616
23	123	1.87063
23	140	0.888115
23	167	1.71825
24	7	0.970396
24	17	0.847289
24	28	0.949126
24	41	0.836131
24	49	0.922399
24	58	0.899223
24	66	0.899306
24	78	0.963137
24	127	1.75485
24	142	2.49285
24	149	0.78241
24	156	0.921066
24	161	0.907895
25	84	1.18731
25	114	0.702894
25	134	0.971689
25	139	0.897758
25	155	1.00673
25	158	0.882407
25	159	0.931227
25	172	0.936906
25	173	0.915066
25	177	0.918629
25	178	0.913184
25	179	0.864956
25	180	0.860321
26	13	0.854227
26	15	0.853687
26	16	0.822209
26	18	0.863906
26	20	0.732542
26	22	0.851697
26	23	0.827973
26	46	0.905771
26	57	0.802067
26	62	0.796244
26	81	2.0181
26	140	0.792153
26	161	2.34287
27	1	0.762755
27	4	0.76094
27	9	0.774148
27	14	0.997047
27	18	0.867721
27	19	0.739671
27	35	0.836297
27	36	0.851206
27	37	0.837484
27	38	0.838095
27	51	0.811915
27	165	1.87857
27	178	2.75413
28	17	0.857433
28	24	0.949126
28	41	0.846275
28	49	0.932543
28	58	0.909367
28	66	0.90945
28	78	0.973281
28	106	2.78845
28	121	0.874502
28	142	1.58787
28	156	0.93121
28	161	0.918039
28	174	0.926229
29	75	0.722494
29	78	3.46508
29	104	0.815592
29	138	0.761949
29	143	0.810304
29	152	0.740441
29	157	0.802248
29	163	0.766102
29	170	0.740292
29	176	0.781236
29	177	0.756762
29	179	0.703088
29	180	0.698454
30	7	0.977399
30	17	0.854292
30	41	0.843134
30	49	0.929401
30	58	0.906226
30	66	0.906309
30	78	0.970139
30	117	2.56365
30	120	1.50379
30	121	0.871361
30	156	0.928068
30	157	0.894989
30	161	0.914898
31	5	0.876756
31	40	0.949452
31	61	0.848363
31	68	0.988305
31	71	0.905821
31	73	0.905476
31	87	0.963584
31	98	1.73714
31	106	0.8332
31	118	0.926886
31	136	0.930038
31	143	0.958092
31	174	2.16217
32	45	0.776903
32	55	0.853892
32	60	0.83079
32	82	0.875905
32	83	0.803579
32	103	0.840891
32	105	0.871721
32	107	0.876478
32	142	0.768638
32	151	2.53091
32	160	0.839174
32	165	0.808372
32	175	2.06938
33	21	0.941911
33	52	0.923641
33	59	0.907436
33	69	0.895669
33	70	0.895285
33	74	0.892251
33	77	0.894103
33	80	0.89547
33	101	0.922222
33	111	1.47075
33	135	2.09363
33	156	1.34922
33	168	0.937373
34	47	0.922822
34	65	0.911351
34	84	0.883997
34	85	0.960486
34	91	0.949243
34	96	0.86496
34	102	0.927625
34	109	0.963998
34	121	0.872922
34	135	0.857723
34	162	1.53242
34	174	1.43601
34	179	2.20006
35	1	0.859409
35	4	0.857594
35	9	0.870802
35	14	1.0937
35	19	0.836325
35	27	0.836297
35	36	0.94786
35	37	0.934138
35	38	0.934749
35	51	0.908569
35	170	1.74799
35	171	1.67442
35	178	1.67806
36	1	0.874319
36	4	0.872503
36	9	0.885711
36	18	0.979285
36	19	0.851234
36	27	0.851206
36	35	0.94786
36	37	0.949047
36	38	0.949658
36	51	0.923478
36	128	1.12364
36	169	2.24168
36	174	1.7869
37	1	0.860596
37	4	0.858781
37	6	1.40916
37	9	0.871989
37	14	1.09489
37	19	0.837512
37	27	0.837484
37	35	0.934138
37	36	0.949047
37	38	0.935936
37	51	0.909756
37	98	1.67542
37	164	1.41842
38	1	0.861208
38	4	0.859392
38	9	0.8726
38	14	1.0955
38	19	0.838123
38	27	0.838095
38	35	0.934749
38	36	0.949658
38	37	0.935936
38	51	0.910367
38	90	2.84698
38	93	1.18449
38	152	1.29524
39	61	0.858893
39	68	0.998835
39	69	0.886285
39	71	0.916351
39	73	0.916006
39	87	0.974114
39	108	1.05074
39	112	0.965482
39	176	0.933096
39	177	0.908622
39	178	0.903177
39	179	0.854948
39	180	0.850314
40	5	0.857078
40	31	0.949452
40	61	0.828685
40	68	0.968626
40	71	0.886142
40	73	0.885798
40	84	0.870829
40	87	0.943906
40	93	1.86779
40	106	0.813521
40	118	0.907207
40	136	0.91036
40	169	2.28333
40	177	1.31175
41	7	0.867546
41	17	0.744439
41	24	0.836131
41	28	0.846275
41	30	0.843134
41	49	0.819548
41	58	0.796373
41	66	0.796456
41	78	0.860287
41	104	2.17929
41	121	0.761508
41	156	0.818216
41	161	0.805045
41	172	2.60767
42	4	1.85911
42	51	0.911764
42	81	0.900098
42	113	0.94578
42	147	0.801366
42	151	0.88581
42	154	0.882051
42	157	0.924848
42	170	0.862892
42	173	0.875799
42	175	0.920187
42	176	0.903836
42	178	0.873917
42	180	0.821054
43	123	0.760575
43	130	3.94145
43	141	0.794812
43	167	0.754649
43	169	0.71917
43	170	0.742065
43	171	0.757881
43	172	0.776811
43	173	0.754971
43	175	0.79936
43	177	0.758535
43	178	0.75309
43	179	0.704861
43	180	0.700226
44	116	1.7376
44	129	0.845576
44	133	0.799597
44	137	1.9412
44	144	0.837287
44	166	0.871079
44	170	0.799189
44	171	0.815005
44	172	0.833935
44	176	0.840133
44	177	0.815659
44	178	0.810214
44	179	0.761985
44	180	0.75735
45	32	0.776903
45	48	0.839726
45	53	0.842868
45	60	0.826864
45	82	0.871979
45	83	0.799654
45	92	0.780581
45	103	0.836965
45	105	0.867795
45	142	0.764712
45	149	2.60779
45	160	0.835248
45	161	2.16464
45	165	0.804446
46	13	1.02799
46	15	1.02745
46	16	0.995968
46	20	0.906301
46	22	1.02546
46	23	1.00173
46	26	0.905771
46	57	0.975826
46	62	0.970003
46	99	1.71681
46	140	0.965912
46	141	1.28605
46	176	0.868375
46	178	1.76297
47	34	0.922822
47	63	0.886095
47	65	0.878063
47	85	0.927199
47	91	0.915956
47	94	0.911476
47	102	0.894337
47	106	3.51155
47	109	0.930711
47	118	0.887088
47	121	0.839634
47	135	0.824436
47	144	0.790558
47	177	1.13253
48	45	0.839726
48	53	0.909616
48	60	0.893612
48	82	0.938727
48	83	0.866402
48	92	0.847329
48	103	0.903713
48	105	0.934543
48	107	0.9393
48	123	1.73782
48	159	1.56179
48	160	0.901996
48	165	0.871195
48	171	2.00507
49	17	0.830706
49	24	0.922399
49	28	0.932543
49	30	0.929401
49	41	0.819548
49	58	0.88264
49	66	0.882723
49	78	0.946554
49	121	0.847775
49	128	1.44035
49	156	0.904483
49	161	0.891312
49	173	1.84844
49	174	2.10361
50	108	1.90316
50	125	1.59418
50	127	0.820037
50	129	0.855039
50	138	0.830308
50	144	0.84675
50	158	0.7889
50	163	0.834461
50	169	0.785757
50	176	0.849596
50	177	0.825122
50	178	0.819677
50	179	0.771448
50	180	0.766813
51	1	0.835027
51	4	0.833212
51	9	0.84642
51	14	1.06932
51	18	0.939993
51	19	0.811943
51	27	0.811915
51	35	0.908569
51	36	0.923478
51	37	0.909756
51	38	0.910367
51	42	0.911764
51	124	1.77979
51	135	2.17333
52	33	0.923641
52	54	0.904601
52	59	0.885552
52	64	0.907284
52	69	0.873785
52	70	0.873401
52	74	0.870366
52	76	0.874048
52	80	0.873586
52	101	0.900338
52	166	0.720737
52	167	1.78333
52	168	0.915488
52	169	2.76398
53	6	1.59022
53	45	0.842868
53	48	0.909616
53	55	0.919857
53	82	0.94187
53	92	0.850471
53	103	0.906855
53	105	0.937685
53	113	1.0648
53	136	0.901852
53	142	0.834603
53	160	0.905138
53	165	0.874337
53	174	2.2815
54	21	0.92287
54	52	0.904601
54	59	0.888396
54	69	0.876629
54	70	0.876245
54	74	0.87321
54	76	0.876892
54	77	0.875062
54	80	0.87643
54	101	0.903182
54	133	1.71044
54	158	2.17387
54	168	0.918332
54	172	1.34058
55	32	0.853892
55	53	0.919857
55	60	0.903853
55	83	0.876643
55	92	0.85757
55	103	0.913954
55	105	0.944784
55	136	0.90895
55	142	0.841701
55	143	1.82251
55	160	0.912237
55	165	0.881435
55	166	1.43812
55	175	1.83951
56	122	1.41131
56	145	1.16204
56	152	0.881068
56	154	0.900078
56	162	0.897065
56	165	0.90182
56	167	0.893504
56	168	0.661333
56	170	0.880919
56	172	0.915665
56	176	0.921863
56	177	0.897389
56	179	0.843715
56	180	0.839081
57	13	0.924282
57	15	0.923742
57	16	0.892264
57	18	0.933961
57	20	0.802597
57	22	0.921753
57	23	0.898028
57	26	0.802067
57	46	0.975826
57	62	0.866299
57	140	0.862208
57	143	1.48102
57	157	1.50505
57	177	2.1683
58	7	0.930638
58	17	0.807531
58	24	0.899223
58	28	0.909367
58	30	0.906226
58	41	0.796373
58	49	0.88264
58	66	0.859548
58	78	0.923378
58	111	1.81833
58	121	0.8246
58	128	1.85141
58	141	1.93515
58	156	0.881307
58	161	0.868137
59	11	0.840452
59	21	0.903821
59	33	0.907436
59	52	0.885552
59	54	0.888396
59	69	0.85758
59	70	0.857196
59	76	0.857843
59	77	0.856013
59	79	1.06708
59	80	0.857381
59	101	0.884133
59	134	1.12208
59	168	0.899283
59	180	3.14612
60	32	0.83079
60	45	0.826864
60	48	0.893612
60	55	0.903853
60	72	2.17277
60	83	0.85354
60	86	0.924527
60	92	0.834467
60	103	0.890851
60	105	0.921681
60	113	0.668834
60	136	0.885848
60	160	0.889134
60	165	0.858333
60	179	2.64959
61	5	0.755989
61	31	0.848363
61	39	0.858893
61	40	0.828685
61	68	0.867537
61	71	0.785054
61	73	0.784709
61	84	0.76974
61	86	0.84795
61	87	0.842817
61	106	0.712433
61	118	0.806119
61	136	0.809271
61	164	2.3289
61	171	2.90469
62	3	0.826714
62	20	0.796774
62	23	0.892205
62	26	0.796244
62	46	0.970003
62	57	0.866299
62	85	0.912669
62	91	0.901427
62	94	0.896947
62	102	0.879808
62	109	0.916182
62	128	1.70785
62	140	0.856385
62	163	2.0628
62	167	1.84524
63	3	0.837804
63	47	0.886095
63	85	0.923759
63	91	0.912517
63	94	0.908037
63	96	0.828233
63	102	0.890898
63	109	0.927272
63	111	1.98197
63	118	0.883648
63	120	0.860189
63	121	0.836195
63	135	0.820997
63	149	1.62951
63	156	1.86045
64	11	0.862184
64	21	0.925554
64	52	0.907284
64	69	0.879312
64	70	0.878928
64	74	0.875894
64	76	0.879575
64	77	0.877746
64	80	0.879113
64	101	0.905865
64	167	1.81014
64	168	0.921016
64	173	2.08083
64	176	1.33881
65	3	0.829772
65	34	0.911351
65	47	0.878063
65	85	0.915728
65	91	0.904485
65	94	0.900005
65	102	0.882866
65	109	0.91924
65	118	0.875617
65	120	0.852157
65	121	0.828163
65	135	0.812965
65	157	1.10391
65	160	1.33815
65	179	3.04801
66	7	0.930721
66	17	0.807614
66	24	0.899306
66	28	0.90945
66	30	0.906309
66	41	0.796456
66	49	0.882723
66	58	0.859548
66	78	0.923461
66	121	0.824682
66	156	0.88139
66	159	1.78233
66	161	0.868219
66	170	2.29918
66	172	1.53353
67	95	1.44243
67	114	0.849244
67	119	0.860429
67	122	0.871693
67	130	0.856982
67	134	1.6386
67	140	0.86093
67	145	0.860161
67	146	0.887688
67	147	0.885641
67	148	0.881276
67	150	0.871338
67	155	0.860819
67	169	0.808944
67	173	2.5844
67	174	0.836893
68	5	0.89593
68	31	0.988305
68	39	0.998835
68	40	0.968626
68	61	0.867537
68	71	0.924995
68	73	0.92465
68	84	0.909681
68	87	0.982758
68	106	0.852374
68	111	1.32896
68	118	0.94606
68	136	0.949212
68	138	1.53168
68	141	1.44578
68	178	1.9227
69	11	0.828685
69	33	0.895669
69	39	0.886285
69	52	0.873785
69	54	0.876629
69	59	0.85758
69	64	0.879312
69	70	0.845428
69	74	0.842394
69	75	2.4098
69	77	0.844246
69	80	0.845613
69	93	0.83769
69	101	0.872366
69	135	2.21679
69	168	0.887516
70	11	0.828301
70	33	0.895285
70	52	0.873401
70	54	0.876245
70	59	0.857196
70	64	0.878928
70	69	0.845428
70	74	0.84201
70	76	0.845692
70	80	0.84523
70	93	0.837307
70	101	0.871982
70	162	2.66969
70	164	1.89126
70	168	0.887132
70	175	1.38622
71	5	0.813446
71	31	0.905821
71	39	0.916351
71	40	0.886142
71	61	0.785054
71	68	0.924995
71	73	0.842166
71	84	0.827197
71	86	0.905407
71	87	0.900274
71	106	0.76989
71	118	0.863576
71	129	1.64463
71	136	0.866728
71	166	1.08841
71	169	3.13164
72	60	2.17277
72	90	0.765101
72	124	0.807995
72	128	0.84594
72	152	0.792051
72	163	0.817711
72	167	0.804487
72	168	2.28056
72	171	0.807718
72	172	0.826648
72	173	0.804808
72	174	0.796956
72	177	0.808372
72	178	0.802927
72	179	0.754698
72	180	0.750064
73	5	0.813102
73	31	0.905476
73	39	0.916006
73	40	0.885798
73	61	0.784709
73	68	0.92465
73	71	0.842166
73	84	0.826853
73	86	0.905063
73	87	0.89993
73	106	0.769545
73	118	0.863232
73	136	0.866384
73	166	1.58751
73	175	1.9889
73	176	2.17878
74	11	0.825266
74	21	0.888635
74	33	0.892251
74	52	0.870366
74	54	0.87321
74	64	0.875894
74	69	0.842394
74	70	0.84201
74	75	2.3902
74	76	0.842657
74	77	0.840827
74	80	0.842195
74	101	0.868947
74	165	1.29249
74	168	0.884097
74	174	2.27065
75	29	0.722494
75	69	2.4098
75	74	2.3902
75	137	0.818647
75	138	0.797971
75	143	0.846327
75	145	0.804636
75	146	0.832164
75	148	0.825752
75	155	0.805294
75	162	0.79246
75	166	0.848205
75	175	0.833609
75	178	0.787339
75	179	0.739111
75	180	0.734476
76	11	0.828948
76	21	0.892317
76	52	0.874048
76	54	0.876892
76	59	0.857843
76	64	0.879575
76	70	0.845692
76	74	0.842657
76	77	0.844509
76	80	0.845877
76	93	0.837954
76	101	0.872629
76	129	1.82754
76	134	1.6588
76	168	0.887779
76	177	2.34298
77	11	0.827118
77	21	0.890487
77	33	0.894103
77	54	0.875062
77	59	0.856013
77	64	0.877746
77	69	0.844246
77	74	0.840827
77	76	0.844509
77	80	0.844047
77	93	0.836124
77	101	0.870799
77	151	1.38317
77	168	0.885949
77	177	1.59191
77	180	2.93177
78	7	0.994551
78	17	0.871445
78	24	0.963137
78	28	0.973281
78	29	3.46508
78	30	0.970139
78	41	0.860287
78	49	0.946554
78	58	0.923378
78	66	0.923461
78	121	0.888513
78	143	0.57812
78	156	0.945221
78	161	0.93205
78	171	1.05681
78	178	1.06045
79	59	1.06708
79	80	1.75816
79	122	1.48733
79	135	0.826853
79	144	0.882339
79	163	0.870051
79	165	0.865142
79	166	0.916132
79	171	0.860057
79	172	0.878987
79	173	0.857148
79	176	0.885185
79	177	0.860711
79	178	0.855266
79	179	0.807037
79	180	0.802403
80	11	0.828486
80	33	0.89547
80	52	0.873586
80	54	0.87643
80	59	0.857381
80	64	0.879113
80	69	0.845613
80	70	0.84523
80	74	0.842195
80	76	0.845877
80	77	0.844047
80	79	1.75816
80	101	0.872167
80	113	1.79742
80	143	1.81005
80	168	0.887317
81	20	2.07992
81	26	2.0181
81	42	0.900098
81	105	0.70595
81	117	0.818675
81	128	0.885357
81	129	0.877706
81	131	0.829372
81	149	0.886459
81	163	0.857128
81	167	0.843904
81	173	0.844225
81	174	0.836373
81	175	0.888614
81	177	0.847789
81	179	0.794115
81	180	0.78948
82	32	0.875905
82	45	0.871979
82	48	0.938727
82	53	0.94187
82	83	0.898655
82	86	0.969642
82	92	0.879582
82	100	2.67933
82	103	0.935967
82	105	0.966797
82	115	0.899216
82	136	0.930963
82	142	0.863714
82	160	0.93425
82	163	1.43887
82	165	0.903448
82	178	1.64458
83	32	0.803579
83	45	0.799654
83	48	0.866402
83	55	0.876643
83	60	0.85354
83	82	0.898655
83	86	0.897317
83	92	0.807257
83	103	0.863641
83	105	0.894471
83	115	1.39764
83	117	2.73421
83	136	0.858638
83	139	2.11035
83	142	0.791389
83	160	0.861924
83	165	0.831123
84	3	0.802418
84	25	1.18731
84	34	0.883997
84	40	0.870829
84	61	0.76974
84	68	0.909681
84	71	0.827197
84	73	0.826853
84	87	0.884961
84	91	0.877131
84	94	0.872651
84	109	0.891886
84	118	0.848263
84	135	0.785611
84	136	0.851415
84	144	2.12675
84	167	2.45965
85	3	0.878908
85	34	0.960486
85	47	0.927199
85	62	0.912669
85	63	0.923759
85	65	0.915728
85	94	0.949141
85	96	0.869337
85	102	0.932002
85	109	0.968375
85	118	0.924752
85	121	0.877299
85	135	0.8621
85	154	1.88359
85	156	1.59722
85	164	1.73306
85	175	1.22802
86	5	0.876343
86	60	0.924527
86	61	0.84795
86	71	0.905407
86	73	0.905063
86	82	0.969642
86	83	0.897317
86	87	0.963171
86	92	0.878244
86	97	0.8634
86	105	0.965458
86	136	0.929625
86	152	2.01096
86	160	0.932911
86	162	1.95739
86	165	0.90211
86	174	1.86098
87	5	0.87121
87	31	0.963584
87	39	0.974114
87	40	0.943906
87	61	0.842817
87	68	0.982758
87	71	0.900274
87	73	0.89993
87	84	0.884961
87	86	0.963171
87	99	1.82346
87	106	0.827653
87	118	0.921339
87	129	0.939977
87	136	0.924491
87	170	1.93955
87	174	1.97222
88	97	0.910809
88	107	1.26558
88	117	0.808327
88	132	1.18869
88	140	1.59404
88	141	0.873718
88	157	0.882926
88	161	0.862318
88	164	0.845659
88	166	0.892861
88	171	0.836787
88	175	0.878265
88	176	0.861914
88	177	0.837441
88	178	0.831995
88	179	0.783767
88	180	0.779132
89	8	0.812554
89	107	0.892024
89	112	0.877046
89	114	0.820422
89	122	0.842871
89	125	0.838336
89	130	0.82816
89	137	0.84535
89	145	0.831339
89	147	0.856819
89	148	0.852455
89	150	0.842516
89	153	0.840495
89	155	0.831998
89	158	2.48389
89	170	2.41625
89	172	1.65059
89	174	0.808072
90	14	2.55302
90	38	2.84698
90	72	0.765101
90	104	0.842612
90	115	0.845724
90	131	0.765365
90	154	0.786471
90	159	0.79638
90	163	0.793121
90	167	0.779897
90	173	0.780219
90	174	0.772366
90	175	0.824607
90	176	0.808256
90	177	0.783782
90	178	0.778337
90	179	0.730108
90	180	0.725474
91	3	0.867665
91	34	0.949243
91	47	0.915956
91	62	0.901427
91	63	0.912517
91	65	0.904485
91	84	0.877131
91	94	0.937898
91	96	0.858094
91	102	0.920759
91	109	0.957133
91	120	0.89005
91	121	0.866056
91	135	0.850857
91	162	2.00365
91	170	1.87458
91	171	1.801
91	177	1.39044
92	45	0.780581
92	48	0.847329
92	53	0.850471
92	55	0.85757
92	60	0.834467
92	82	0.879582
92	83	0.807257
92	86	0.878244
92	103	0.844568
92	105	0.875398
92	107	0.880155
92	136	0.839565
92	142	0.772316
92	160	0.842851
92	165	0.81205
92	170	2.36706
92	174	2.39973
92	177	1.88292
93	21	0.883932
93	38	1.18449
93	40	1.86779
93	69	0.83769
93	70	0.837307
93	76	0.837954
93	77	0.836124
93	99	0.829952
93	101	0.864244
93	127	0.823227
93	146	2.01149
93	168	0.879394
93	172	0.846587
93	173	0.824747
93	175	0.869136
93	177	0.828311
93	178	0.822866
93	180	0.770003
94	47	0.911476
94	62	0.896947
94	63	0.908037
94	65	0.900005
94	84	0.872651
94	85	0.949141
94	91	0.937898
94	96	0.853615
94	100	2.72067
94	102	0.916279
94	109	0.952653
94	118	0.90903
94	120	0.88557
94	121	0.861576
94	127	1.71215
94	135	0.846378
94	152	1.93848
94	175	0.60144
95	11	1.54811
95	12	0.907083
95	67	1.44243
95	123	0.90187
95	124	0.899453
95	137	1.24792
95	146	0.575113
95	151	0.906278
95	157	0.945316
95	167	0.895945
95	170	0.88336
95	171	0.899176
95	175	0.940655
95	176	0.924304
95	177	0.89983
95	178	0.894385
95	179	0.846156
95	180	0.841522
96	34	0.86496
96	63	0.828233
96	85	0.869337
96	91	0.858094
96	94	0.853615
96	102	0.836476
96	109	0.872849
96	134	1.86225
96	135	0.766574
96	137	0.826295
96	145	0.812284
96	146	0.839811
96	148	0.833399
96	150	0.823461
96	151	2.33769
96	153	0.82144
96	155	0.812942
96	169	0.761067
96	177	2.54642
97	16	1.44359
97	86	0.8634
97	88	0.910809
97	106	0.83553
97	107	1.16736
97	133	0.88436
97	135	0.866564
97	137	1.64749
97	151	0.90687
97	152	0.884101
97	154	0.903111
97	158	0.8642
97	170	0.883952
97	175	0.941247
97	176	0.924896
97	177	0.900422
97	178	0.894977
97	179	0.846748
97	180	0.842114
98	31	1.73714
98	37	1.67542
98	106	0.756958
98	115	0.883792
98	116	2.01645
98	134	0.874909
98	144	0.843478
98	160	0.857082
98	166	0.87727
98	167	0.817965
98	171	0.821196
98	172	0.840126
98	173	0.818286
98	175	0.862675
98	176	0.846324
98	177	0.82185
98	178	0.816405
98	179	0.768176
98	180	0.763541
99	46	1.71681
99	87	1.82346
99	93	0.829952
99	115	0.890636
99	146	1.8235
99	149	0.867364
99	151	0.835142
99	154	0.831383
99	158	0.792472
99	159	0.841292
99	167	0.824809
99	170	0.812224
99	171	0.82804
99	175	0.869519
99	176	0.853168
99	177	0.828694
99	178	0.823249
99	179	0.77502
99	180	0.770386
100	82	2.67933
100	94	2.72067
100	104	0.841043
100	106	0.717321
100	134	0.835272
100	149	0.820883
100	159	0.794811
100	164	0.790431
100	165	0.786644
100	170	0.765743
100	171	0.781559
100	172	0.800489
100	175	0.823038
100	176	0.806687
100	177	0.782213
100	178	0.776768
100	179	0.728539
100	180	0.723904
101	11	0.855238
101	21	0.918607
101	33	0.922222
101	52	0.900338
101	54	0.903182
101	59	0.884133
101	64	0.905865
101	69	0.872366
101	70	0.871982
101	74	0.868947
101	76	0.872629
101	77	0.870799
101	80	0.872167
101	93	0.864244
101	141	1.49163
101	159	1.52164
101	168	0.914069
101	172	1.27283
101	179	2.8352
102	3	0.846046
102	34	0.927625
102	47	0.894337
102	62	0.879808
102	63	0.890898
102	65	0.882866
102	85	0.932002
102	91	0.920759
102	94	0.916279
102	96	0.836476
102	109	0.935514
102	118	0.891891
102	120	0.868431
102	121	0.844437
102	135	0.829239
102	142	2.24304
102	163	1.2731
102	173	1.32623
102	180	2.40447
103	32	0.840891
103	45	0.836965
103	48	0.903713
103	53	0.906855
103	55	0.913954
103	60	0.890851
103	82	0.935967
103	83	0.863641
103	92	0.844568
103	105	0.931782
103	107	0.936539
103	136	0.895949
103	142	0.8287
103	157	1.85654
103	160	0.899235
103	161	1.54463
103	165	0.868434
103	166	1.44813
103	176	2.0394
104	29	0.815592
104	41	2.17929
104	90	0.842612
104	100	0.841043
104	109	1.1128
104	111	0.899557
104	123	0.887924
104	130	1.08056
104	131	0.867466
104	146	0.745555
104	154	0.888572
104	159	0.898481
104	171	0.885229
104	172	0.904159
104	175	0.926708
104	176	0.910357
104	177	0.885883
104	178	0.880438
104	179	0.832209
104	180	0.827575
105	32	0.871721
105	45	0.867795
105	48	0.934543
105	53	0.937685
105	55	0.944784
105	60	0.921681
105	81	0.70595
105	82	0.966797
105	83	0.894471
105	86	0.965458
105	92	0.875398
105	103	0.931782
105	107	0.967369
105	129	1.49044
105	136	0.926779
105	142	0.85953
105	144	1.66391
105	160	0.930065
105	165	0.899264
105	173	2.26751
105	176	1.52549
106	28	2.78845
106	31	0.8332
106	40	0.813521
106	47	3.51155
106	61	0.712433
106	68	0.852374
106	71	0.76989
106	73	0.769545
106	87	0.827653
106	97	0.83553
106	98	0.756958
106	100	0.717321
106	136	0.794107
106	138	0.767348
106	142	0.726858
106	144	0.783789
106	167	0.758276
106	169	0.722796
106	176	0.786635
106	178	0.756716
106	180	0.703853
107	32	0.876478
107	48	0.9393
107	88	1.26558
107	89	0.892024
107	92	0.880155
107	97	1.16736
107	103	0.936539
107	105	0.967369
107	130	0.908262
107	132	0.939753
107	142	0.864287
107	148	0.932557
107	150	0.922619
107	153	0.920597
107	154	1.63344
107	155	0.9121
107	156	1.34707
107	160	0.934823
107	165	0.904021
107	168	0.950673
107	173	1.90977
108	39	1.05074
108	50	1.90316
108	112	0.902211
108	114	0.845587
108	126	0.863747
108	130	0.853325
108	132	0.884816
108	137	0.870515
108	140	0.857273
108	141	1.87518
108	145	0.856504
108	146	0.884032
108	147	0.881984
108	148	0.87762
108	150	0.867681
108	153	0.86566
108	155	0.857162
108	168	0.895736
108	169	0.805288
108	173	2.19953
108	174	0.833237
109	3	0.88242
109	34	0.963998
109	47	0.930711
109	62	0.916182
109	63	0.927272
109	65	0.91924
109	84	0.891886
109	85	0.968375
109	91	0.957133
109	94	0.952653
109	96	0.872849
109	102	0.935514
109	104	1.1128
109	118	0.928264
109	120	0.904805
109	121	0.880811
109	131	1.92114
109	135	0.865613
109	159	1.79
109	160	1.3937
109	176	1.34232
110	114	0.848737
110	115	1.74645
110	116	0.886258
110	130	0.856475
110	132	0.887965
110	137	0.873665
110	140	0.860423
110	145	0.859654
110	146	0.887181
110	147	0.885134
110	150	0.870831
110	152	2.74439
110	153	0.86881
110	155	0.860312
110	160	1.64861
110	162	0.847478
110	164	0.85602
110	168	0.898885
110	169	0.808438
110	174	0.836386
110	176	1.59722
111	12	0.84798
111	33	1.47075
111	58	1.81833
111	63	1.98197
111	68	1.32896
111	104	0.899557
111	115	0.902668
111	134	0.893786
111	149	0.879397
111	151	0.847175
111	152	0.824405
111	157	0.886212
111	158	0.804505
111	163	0.850066
111	171	0.840073
111	172	0.859003
111	173	0.837163
111	175	0.881552
111	176	0.865201
111	177	0.840727
111	178	0.835282
111	180	0.782418
112	39	0.965482
112	89	0.877046
112	108	0.902211
112	122	0.907996
112	126	0.903707
112	132	0.924775
112	137	0.910475
112	139	2.23419
112	140	0.897233
112	145	0.896464
112	146	0.923991
112	147	0.921944
112	148	0.917579
112	150	0.907641
112	153	0.905619
112	155	0.897122
112	159	1.81993
112	162	0.884288
112	168	0.935695
112	172	1.57112
112	174	0.873196
112	176	1.37225
113	8	1.14581
113	42	0.94578
113	53	1.0648
113	60	0.668834
113	80	1.79742
113	115	0.955412
113	133	0.877409
113	143	0.947012
113	144	0.915098
113	149	0.932141
113	155	1.58823
113	156	0.931519
113	170	0.877001
113	171	0.892817
113	172	0.911747
113	173	0.889907
113	175	0.934295
113	176	0.917944
113	177	0.893471
113	178	0.888025
113	179	0.839797
113	180	0.835162
114	10	0.921816
114	25	0.702894
114	67	0.849244
114	89	0.820422
114	108	0.845587
114	110	0.848737
114	116	0.866443
114	122	0.851372
114	125	0.846836
114	126	0.847083
114	145	0.839839
114	146	0.867367
114	147	0.865319
114	148	0.860955
114	150	0.851017
114	153	0.848995
114	154	1.9696
114	155	0.840498
114	159	1.95159
114	162	0.827664
114	169	0.788623
114	174	0.816572
114	180	3.32416
115	23	1.39616
115	82	0.899216
115	83	1.39764
115	90	0.845724
115	98	0.883792
115	99	0.890636
115	110	1.74645
115	111	0.902668
115	113	0.955412
115	123	0.891035
115	144	0.910623
115	146	1.1243
115	149	0.927665
115	159	0.901593
115	163	0.898334
115	172	0.907271
115	173	0.885431
115	175	0.92982
115	176	0.913469
115	177	0.888995
115	178	0.88355
115	179	0.835321
115	180	0.830686
116	44	1.7376
116	98	2.01645
116	110	0.886258
116	114	0.866443
116	119	0.877629
116	122	0.888892
116	125	0.884357
116	126	0.884604
116	132	0.905672
116	137	0.891371
116	145	0.87736
116	146	0.904888
116	147	0.90284
116	148	0.898476
116	150	0.888537
116	153	0.886516
116	155	0.878019
116	157	1.26142
116	160	1.49567
116	164	0.873727
116	168	0.916592
116	169	0.826144
116	172	1.64315
116	174	0.854093
117	13	1.90215
117	30	2.56365
117	81	0.818675
117	83	2.73421
117	88	0.808327
117	139	0.777068
117	141	0.834217
117	154	0.800628
117	156	0.835988
117	158	0.761718
117	159	0.810538
117	162	0.797615
117	163	0.807279
117	166	0.85336
117	169	0.758575
117	170	0.78147
117	171	0.797286
117	174	0.786524
117	175	0.838764
117	176	0.822414
117	177	0.79794
117	178	0.792494
117	179	0.744266
117	180	0.739631
118	3	0.838797
118	5	0.834512
118	31	0.926886
118	40	0.907207
118	47	0.887088
118	61	0.806119
118	63	0.883648
118	65	0.875617
118	68	0.94606
118	71	0.863576
118	73	0.863232
118	84	0.848263
118	85	0.924752
118	87	0.921339
118	94	0.90903
118	102	0.891891
118	109	0.928264
118	120	0.861182
118	124	1.89397
118	136	0.887793
118	138	1.86734
118	144	1.50219
118	152	2.51094
118	175	1.17389
119	15	1.46662
119	16	1.882
119	67	0.860429
119	116	0.877629
119	121	1.75543
119	125	0.858021
119	126	0.858268
119	130	0.847846
119	136	1.32359
119	139	0.818302
119	145	0.851025
119	147	0.876505
119	153	0.860181
119	155	0.851683
119	158	0.802951
119	170	0.822703
119	171	0.83852
119	173	0.83561
119	174	0.827757
119	176	0.863647
119	177	0.839173
119	178	0.833728
119	179	0.785499
119	180	0.780865
120	3	0.815338
120	7	1.44331
120	30	1.50379
120	63	0.860189
120	65	0.852157
120	91	0.89005
120	94	0.88557
120	102	0.868431
120	109	0.904805
120	118	0.861182
120	121	0.813728
120	124	0.832011
120	128	0.869956
120	129	0.862305
120	135	0.79853
120	148	1.9711
120	152	0.816066
120	153	1.59541
120	165	0.836819
120	169	0.793023
120	172	0.850664
120	178	0.826943
120	179	0.778714
120	180	0.774079
121	12	1.32696
121	28	0.874502
121	30	0.871361
121	34	0.872922
121	41	0.761508
121	47	0.839634
121	49	0.847775
121	58	0.8246
121	63	0.836195
121	65	0.828163
121	66	0.824682
121	78	0.888513
121	85	0.877299
121	91	0.866056
121	94	0.861576
121	102	0.844437
121	109	0.880811
121	119	1.75543
121	120	0.813728
121	142	2.97624
121	156	0.846442
121	161	0.833271
121	164	1.63257
122	2	0.837309
122	8	0.843504
122	10	0.944265
122	56	1.41131
122	67	0.871693
122	79	1.48733
122	89	0.842871
122	112	0.907996
122	114	0.851372
122	116	0.888892
122	130	0.859109
122	132	0.8906
122	137	0.8763
122	138	2.24968
122	145	0.862289
122	146	0.889816
122	147	0.887769
122	148	0.883404
122	150	0.873466
122	153	0.871444
122	155	0.862947
122	157	1.56325
122	168	0.90152
122	174	0.839021
122	176	1.74611
123	21	1.74874
123	23	1.87063
123	43	0.760575
123	48	1.73782
123	95	0.90187
123	104	0.887924
123	115	0.891035
123	133	0.813032
123	134	0.882153
123	138	0.83428
123	152	0.812772
123	153	1.79318
123	156	0.867142
123	158	0.792872
123	159	0.841692
123	167	0.825208
123	169	0.789729
123	170	0.812624
123	172	0.84737
123	173	0.82553
123	175	0.869919
123	176	0.853568
123	178	0.823649
123	179	0.77542
123	180	0.770785
124	10	1.82599
124	51	1.77979
124	72	0.807995
124	95	0.899453
124	118	1.89397
124	120	0.832011
124	132	1.62106
124	134	0.879736
124	141	0.862954
124	149	0.865347
124	152	0.810355
124	158	0.790455
124	161	0.851554
124	163	0.836016
124	167	0.822791
124	170	0.810207
124	171	0.826023
124	172	0.844953
124	173	0.823113
124	174	0.815261
124	175	0.867502
124	176	0.851151
124	177	0.826677
124	179	0.773003
124	180	0.768368
125	10	0.939729
125	50	1.59418
125	89	0.838336
125	114	0.846836
125	116	0.884357
125	119	0.858021
125	126	0.864996
125	127	2.06937
125	130	0.854574
125	132	0.886064
125	137	0.871764
125	139	2.01047
125	141	1.56621
125	145	0.857753
125	146	0.88528
125	147	0.883233
125	148	0.878868
125	150	0.86893
125	153	0.866909
125	155	0.858411
125	162	0.845577
125	164	0.854119
125	168	0.896984
125	169	0.806536
125	174	0.834485
125	178	2.04313
126	108	0.863747
126	112	0.903707
126	114	0.847083
126	116	0.884604
126	119	0.858268
126	125	0.864996
126	130	0.85482
126	132	0.886311
126	137	0.872011
126	145	0.858
126	146	0.885527
126	147	0.88348
126	148	0.879115
126	149	1.38137
126	150	0.869177
126	153	0.867155
126	155	0.858658
126	160	1.48437
126	162	0.845824
126	164	0.854366
126	165	1.45201
126	167	1.90431
126	168	0.897231
126	169	0.806783
126	174	0.834732
126	180	3.25324
127	24	1.75485
127	50	0.820037
127	93	0.823227
127	94	1.71215
127	125	2.06937
127	128	0.859537
127	133	0.805907
127	134	0.875028
127	143	0.875511
127	144	0.843597
127	152	0.805647
127	156	0.860017
127	158	0.785747
127	159	0.834567
127	160	0.857201
127	163	0.831308
127	168	1.91696
127	170	0.805499
127	171	0.821315
127	172	0.840245
127	173	0.818405
127	176	0.846443
127	177	0.821969
127	178	0.816524
127	179	0.768295
127	180	0.76366
128	36	1.12364
128	49	1.44035
128	58	1.85141
128	62	1.70785
128	72	0.84594
128	81	0.885357
128	120	0.869956
128	127	0.859537
128	129	0.894538
128	143	0.918163
128	151	0.871069
128	152	0.848299
128	154	0.86731
128	157	0.910107
128	158	0.828399
128	164	0.872839
128	167	0.860736
128	168	1.33007
128	170	0.848151
128	173	0.861057
128	175	0.905446
128	176	0.889095
128	177	0.864621
128	178	0.859176
128	179	0.810947
128	180	0.806313
129	2	2.19742
129	44	0.845576
129	50	0.855039
129	71	1.64463
129	76	1.82754
129	81	0.877706
129	87	0.939977
129	105	1.49044
129	120	0.862305
129	128	0.894538
129	144	0.878598
129	151	0.863419
129	152	0.840649
129	158	0.820748
129	159	0.869568
129	161	0.881848
129	163	0.86631
129	170	0.840501
129	171	0.856317
129	172	0.875247
129	173	0.853407
129	174	0.845555
129	175	0.897795
129	176	0.881444
129	178	0.851525
129	179	0.803297
129	180	0.798662
130	43	3.94145
130	67	0.856982
130	89	0.82816
130	104	1.08056
130	107	0.908262
130	108	0.853325
130	110	0.856475
130	119	0.847846
130	122	0.859109
130	125	0.854574
130	126	0.85482
130	132	0.875889
130	133	1.87881
130	137	0.861588
130	145	0.847577
130	146	0.875105
130	147	0.873057
130	148	0.868693
130	149	1.25847
130	150	0.858754
130	153	0.856733
130	155	0.848235
130	161	0.81531
130	162	0.835401
130	164	0.843944
130	168	0.886809
130	174	0.82431
131	6	0.82929
131	11	2.52688
131	81	0.829372
131	90	0.765365
131	104	0.867466
131	109	1.92114
131	134	0.861696
131	135	0.774779
131	143	0.862179
131	144	0.830264
131	146	1.55389
131	147	1.71801
131	154	0.811325
131	159	0.821235
131	160	0.843869
131	162	0.808312
131	164	0.816855
131	167	0.804751
131	170	0.792167
131	171	0.807983
131	172	0.826913
131	173	0.805073
131	175	0.849461
131	176	0.833111
131	177	0.808637
131	178	0.803191
131	179	0.754963
131	180	0.750328
132	88	1.18869
132	107	0.939753
132	108	0.884816
132	110	0.887965
132	112	0.924775
132	116	0.905672
132	122	0.8906
132	124	1.62106
132	125	0.886064
132	126	0.886311
132	130	0.875889
132	137	0.893079
132	140	0.879837
132	145	0.879068
132	146	0.906596
132	147	0.904548
132	148	0.900184
132	150	0.890245
132	153	0.888224
132	155	0.879726
132	162	0.866892
132	163	1.77975
132	168	0.918299
132	169	0.827852
132	170	2.05539
132	172	1.28974
132	174	0.855801
132	178	1.98546
133	19	2.76772
133	22	1.74302
133	44	0.799597
133	54	1.71044
133	97	0.88436
133	113	0.877409
133	123	0.813032
133	127	0.805907
133	130	1.87881
133	138	0.816178
133	139	0.79012
133	144	0.832619
133	156	0.84904
133	157	0.856477
133	158	0.774769
133	159	0.823589
133	160	0.846224
133	163	0.820331
133	166	0.866412
133	167	0.807106
133	170	0.794522
133	171	0.810338
133	172	0.829267
133	175	0.851816
133	178	0.805546
133	179	0.757318
133	180	0.752683
134	6	0.900766
134	25	0.971689
134	59	1.12208
134	67	1.6386
134	76	1.6588
134	96	1.86225
134	98	0.874909
134	100	0.835272
134	111	0.893786
134	123	0.882153
134	124	0.879736
134	127	0.875028
134	131	0.861696
134	142	0.84481
134	144	0.901741
134	147	0.935408
134	149	0.918783
134	158	0.843891
134	159	0.892711
134	163	0.889452
134	166	0.935533
134	168	0.792347
134	170	0.863643
134	172	0.898389
134	176	0.904587
134	177	0.880113
134	178	0.874668
134	179	0.826439
134	180	0.821804
135	33	2.09363
135	34	0.857723
135	47	0.824436
135	51	2.17333
135	63	0.820997
135	65	0.812965
135	69	2.21679
135	79	0.826853
135	84	0.785611
135	85	0.8621
135	91	0.850857
135	94	0.846378
135	96	0.766574
135	97	0.866564
135	102	0.829239
135	109	0.865613
135	120	0.79853
135	131	0.774779
135	136	1.8093
135	141	0.829473
135	152	0.776874
135	154	0.795884
135	173	0.789632
135	175	0.83402
135	176	0.817669
135	177	0.793195
135	178	0.78775
135	179	0.739522
135	180	0.734887
136	5	0.837664
136	31	0.930038
136	40	0.91036
136	53	0.901852
136	55	0.90895
136	60	0.885848
136	61	0.809271
136	68	0.949212
136	71	0.866728
136	73	0.866384
136	82	0.930963
136	83	0.858638
136	84	0.851415
136	86	0.929625
136	87	0.924491
136	92	0.839565
136	103	0.895949
136	105	0.926779
136	106	0.794107
136	118	0.887793
136	119	1.32359
136	135	1.8093
136	142	0.823696
136	151	1.15722
136	160	0.894232
136	162	1.97917
136	165	0.86343
136	177	1.36596
136	179	2.64681
137	2	0.839788
137	8	0.845983
137	10	0.946744
137	12	1.65743
137	44	1.9412
137	75	0.818647
137	89	0.84535
137	95	1.24792
137	96	0.826295
137	97	1.64749
137	108	0.870515
137	110	0.873665
137	112	0.910475
137	116	0.891371
137	122	0.8763
137	125	0.871764
137	126	0.872011
137	130	0.861588
137	132	0.893079
137	145	0.864768
137	146	0.892295
137	147	0.890248
137	149	1.59627
137	150	0.875945
137	153	0.873923
137	155	0.865426
137	162	0.852592
137	164	0.861134
137	169	0.813551
137	172	1.84675
137	174	0.8415
138	21	1.62861
138	29	0.761949
138	50	0.830308
138	68	1.53168
138	75	0.797971
138	106	0.767348
138	118	1.86734
138	122	2.24968
138	123	0.83428
138	133	0.816178
138	143	0.885782
138	149	0.87091
138	152	0.815918
138	153	1.67305
138	157	0.877726
138	159	0.844838
138	160	0.867472
138	161	0.857117
138	165	0.836671
138	166	0.88766
138	167	0.828355
138	171	0.831586
138	172	0.850516
138	173	0.828676
138	174	0.820824
138	175	0.873065
138	176	0.856714
138	177	0.83224
138	178	0.826795
138	179	0.778566
138	180	0.773931
139	12	0.813435
139	25	0.897758
139	83	2.11035
139	112	2.23419
139	117	0.777068
139	119	0.818302
139	125	2.01047
139	133	0.79012
139	141	0.84246
139	144	0.82781
139	147	2.00113
139	149	0.844852
139	151	0.81263
139	152	0.789861
139	154	0.808871
139	156	0.84423
139	157	0.851668
139	167	0.802297
139	169	0.766817
139	170	0.789712
139	171	0.805528
139	173	0.802619
139	174	0.794766
139	175	0.847007
139	176	0.830656
139	177	0.806182
139	178	0.800737
139	179	0.752508
139	180	0.747874
140	13	0.914369
140	15	0.913828
140	16	0.88235
140	18	0.924047
140	20	0.792684
140	22	0.911839
140	23	0.888115
140	26	0.792153
140	46	0.965912
140	57	0.862208
140	62	0.856385
140	67	0.86093
140	88	1.59404
140	108	0.857273
140	110	0.860423
140	112	0.897233
140	132	0.879837
140	145	0.851526
140	146	0.879053
140	147	0.877006
140	148	0.872641
140	150	0.862703
140	153	0.860682
140	160	1.54759
140	161	1.00144
140	168	0.890757
140	174	0.828258
140	175	1.30633
140	177	1.9766
140	179	3.25745
141	43	0.794812
141	46	1.28605
141	58	1.93515
141	68	1.44578
141	88	0.873718
141	101	1.49163
141	108	1.87518
141	117	0.834217
141	124	0.862954
141	125	1.56621
141	135	0.829473
141	139	0.84246
141	143	0.916873
141	149	0.902001
141	152	0.847009
141	157	0.908816
141	158	0.827109
141	159	0.875929
141	162	0.863007
141	166	0.918751
141	167	0.859445
141	169	0.823966
141	170	0.846861
141	171	0.862677
141	172	0.881607
141	173	0.859767
141	175	0.904156
141	176	0.887805
141	177	0.863331
141	178	0.857886
141	179	0.809657
141	180	0.805022
142	24	2.49285
142	28	1.58787
142	32	0.768638
142	45	0.764712
142	53	0.834603
142	55	0.841701
142	82	0.863714
142	83	0.791389
142	92	0.772316
142	102	2.24304
142	103	0.8287
142	105	0.85953
142	106	0.726858
142	107	0.864287
142	121	2.97624
142	134	0.84481
142	136	0.823696
142	156	0.829799
142	158	0.755528
142	160	0.826983
142	163	0.80109
142	164	0.799969
142	165	0.796181
142	170	0.775281
142	171	0.791097
142	175	0.832575
142	176	0.816224
142	177	0.79175
142	178	0.786305
142	179	0.738077
142	180	0.733442
143	3	1.31444
143	12	0.887848
143	29	0.810304
143	31	0.958092
143	55	1.82251
143	57	1.48102
143	75	0.846327
143	78	0.57812
143	80	1.81005
143	113	0.947012
143	127	0.875511
143	128	0.918163
143	131	0.862179
143	138	0.885782
143	141	0.916873
143	144	0.902223
143	149	0.919265
143	154	0.883284
143	155	1.60086
143	157	0.926081
143	158	0.844373
143	160	0.915828
143	161	0.905473
143	162	0.880271
143	166	0.936016
143	172	0.898871
143	174	0.869179
143	175	0.92142
143	176	0.905069
143	177	0.880595
143	178	0.87515
143	179	0.826921
143	180	0.822287
144	4	2.33537
144	44	0.837287
144	47	0.790558
144	50	0.84675
144	79	0.882339
144	84	2.12675
144	98	0.843478
144	105	1.66391
144	106	0.783789
144	113	0.915098
144	115	0.910623
144	118	1.50219
144	127	0.843597
144	129	0.878598
144	131	0.830264
144	133	0.832619
