1	71	0.434741
1	78	1.39062
1	99	1.37481
1	108	1.40011
1	115	1.37347
1	125	1.36574
1	135	1.33916
1	144	0.524567
1	158	1.35606
1	170	0.525284
1	179	0.513912
1	180	0.458791
2	31	0.501793
2	43	1.41858
2	88	1.29986
2	111	1.42093
2	116	1.32709
2	143	1.34913
2	145	1.36881
2	167	0.503718
2	168	0.487446
2	176	0.457293
2	178	0.507237
2	180	1.41559
3	15	1.42337
3	37	1.34859
3	61	1.38487
3	87	1.44157
3	96	1.33744
3	126	0.459452
3	133	1.2619
3	142	0.483193
3	152	1.40223
3	165	0.481677
3	170	0.522072
3	179	0.510701
4	17	1.40548
4	41	1.14381
4	43	1.43853
4	111	1.44088
4	116	1.34703
4	136	0.493631
4	141	0.519531
4	142	0.497994
4	145	1.38876
4	151	0.482588
4	176	0.463622
4	180	1.43553
5	22	1.4022
5	37	1.34285
5	57	1.38935
5	73	1.48125
5	77	0.467258
5	96	1.33169
5	101	0.45707
5	102	0.540747
5	133	1.25615
5	152	1.39649
5	153	0.497178
5	171	0.495257
6	71	0.434478
6	98	1.39656
6	105	1.36976
6	110	1.37503
6	117	1.36962
6	121	1.33643
6	125	1.38115
6	144	0.524303
6	158	1.37147
6	173	0.508859
6	174	0.494965
6	175	0.494909
7	38	0.498423
7	61	1.3571
7	69	1.44611
7	90	0.48571
7	96	1.30967
7	118	1.34397
7	127	1.35539
7	152	1.37446
7	155	0.482683
7	161	0.519765
7	162	0.470975
7	176	1.41326
8	22	0.480052
8	107	0.449371
8	118	0.486729
8	129	0.446084
8	130	1.41292
8	158	0.48016
8	170	1.37117
8	172	1.33085
8	174	1.39072
8	177	1.34361
8	178	1.38662
8	179	1.36412
9	41	1.16917
9	43	1.46389
9	81	1.38766
9	95	1.35157
9	116	1.37239
9	143	1.39444
9	171	0.481149
9	173	0.498103
9	175	0.484154
9	178	0.490956
9	179	0.502893
9	180	1.46089
10	106	1.34117
10	107	1.41542
10	108	1.40828
10	110	1.36779
10	121	1.32919
10	125	1.37391
10	158	1.36423
10	167	0.502376
10	173	0.513043
10	176	0.455952
10	177	0.523371
10	180	0.462712
11	23	0.923177
11	35	1.26646
11	53	1.06868
11	62	1.15126
11	72	0.999964
11	75	1.1089
11	89	0.976004
11	91	1.04873
11	93	1.05671
11	167	0.818416
11	172	0.843972
11	176	0.771992
12	54	0.577318
12	112	0.643154
12	126	0.604112
12	137	1.15853
12	147	1.17245
12	149	1.22199
12	150	1.22247
12	154	1.20519
12	156	1.20658
12	157	1.19149
12	162	0.621358
12	163	1.22136
13	82	0.435031
13	92	1.35643
13	100	1.36617
13	118	1.33816
13	123	1.41353
13	126	0.474073
13	127	1.34958
13	131	0.527309
13	152	1.36865
13	160	0.490151
13	176	1.40745
13	177	0.530861
14	122	0.607456
14	136	0.607549
14	137	1.16097
14	140	1.20541
14	147	1.17488
14	149	1.22443
14	154	1.20763
14	155	0.617126
14	156	1.20902
14	157	1.19393
14	159	0.613954
14	163	1.2238
15	3	1.42337
15	57	1.37032
15	73	1.46222
15	87	1.4168
15	96	1.31267
15	133	1.23713
15	152	1.37746
15	159	0.474666
15	166	0.511402
15	170	0.511504
15	171	0.478389
15	175	0.481393
16	24	1.21637
16	44	1.14957
16	95	0.611066
16	149	0.573105
16	152	0.572439
16	158	0.598573
16	168	1.2394
16	173	1.20079
16	175	1.22015
16	177	1.17007
16	178	1.21308
16	179	1.19057
17	4	1.40548
17	45	1.41856
17	81	1.34552
17	90	0.498703
17	95	1.30943
17	116	1.33026
17	142	0.490462
17	144	0.528625
17	145	1.37198
17	169	0.483565
17	176	0.45609
17	180	1.41876
18	77	0.471914
18	112	0.509449
18	124	1.30872
18	140	1.3766
18	148	0.46346
18	149	1.39562
18	154	1.37882
18	156	1.38021
18	157	1.36511
18	163	1.39498
18	175	0.502917
18	178	0.509719
19	70	1.15286
19	74	1.1642
19	114	0.635557
19	123	1.2546
19	127	1.19065
19	141	0.615735
19	142	0.594198
19	143	1.18952
19	152	1.20973
19	158	1.1899
19	171	0.599963
19	176	1.24853
20	51	1.21225
20	76	0.535773
20	108	1.43881
20	115	1.41216
20	121	1.35971
20	125	1.40443
20	135	1.37785
20	136	0.470451
20	158	1.39476
20	166	0.513593
20	178	0.490386
20	180	0.447202
21	53	1.3815
21	63	1.46399
21	72	1.31279
21	75	1.42172
21	89	1.28883
21	91	1.36155
21	93	1.36953
21	112	0.50097
21	155	0.490883
21	165	0.484154
21	172	0.523276
21	180	0.458057
22	5	1.4022
22	8	0.480052
22	26	1.33548
22	57	1.35489
22	71	0.457814
22	73	1.44679
22	87	1.40137
22	96	1.29723
22	152	1.36203
22	165	0.507961
22	176	0.475104
22	178	0.525048
23	11	0.923177
23	35	1.41745
23	53	1.21966
23	63	1.30216
23	72	1.15095
23	75	1.25989
23	89	1.12699
23	91	1.19972
23	165	0.610146
23	167	0.623713
23	168	0.607441
23	169	0.604764
24	16	1.21637
24	59	1.33571
24	104	1.2068
24	119	1.34531
24	120	1.34773
24	138	1.31893
24	148	0.500063
24	162	0.524256
24	164	0.5328
24	168	1.33388
24	171	0.536516
24	173	1.29527
24	177	0.563798
25	51	1.00695
25	126	1.23157
25	129	0.635945
25	146	0.637553
25	154	0.646447
25	163	0.634017
25	166	1.16077
25	169	1.19861
25	172	1.12749
25	175	1.19034
25	177	1.14025
25	178	1.18326
25	179	1.16076
26	22	1.33548
26	37	1.27613
26	57	1.32263
26	61	1.31241
26	87	1.36911
26	96	1.26498
26	133	1.18944
26	145	0.520501
26	151	0.50626
26	152	1.32977
26	161	0.563962
26	168	0.517446
26	179	0.549175
27	31	0.516099
27	113	1.29518
27	146	1.30212
27	147	1.26965
27	150	1.31967
27	154	1.30239
27	156	1.30378
27	157	1.28869
27	163	1.31856
27	164	0.508021
27	166	0.544751
27	170	0.544853
27	172	0.54358
28	74	1.2597
28	118	1.27474
28	123	1.35011
28	127	1.28616
28	129	1.31481
28	139	0.521428
28	143	1.28502
28	158	1.2854
28	161	0.55326
28	164	0.513013
28	170	0.549845
28	174	0.519789
28	176	1.34403
29	66	0.480792
29	92	1.28632
29	118	1.26805
29	123	1.34342
29	127	1.27947
29	129	1.30812
29	131	0.560042
29	152	1.29854
29	158	1.27871
29	162	0.524053
29	173	0.553267
29	174	0.539373
29	176	1.33734
30	136	0.512196
30	137	1.26073
30	142	0.516559
30	144	0.554722
30	146	1.30712
30	147	1.27464
30	149	1.32419
30	154	1.30739
30	156	1.30877
30	157	1.29368
30	163	1.32355
30	164	0.518607
30	166	0.555337
31	2	0.501793
31	27	0.516099
31	57	0.52385
31	156	0.508133
31	157	0.515606
31	162	1.31264
31	164	1.32068
31	171	1.30748
31	174	1.30681
31	175	1.30978
31	177	1.2597
31	178	1.30271
31	179	1.2802
32	36	0.538511
32	105	1.28715
32	107	1.34004
32	108	1.33291
32	110	1.29242
32	115	1.30627
32	121	1.25382
32	125	1.29854
32	148	0.493312
32	158	1.28886
32	169	0.517103
32	177	0.557046
32	179	0.551508
33	41	1.28748
33	95	1.46988
33	109	1.52753
33	116	1.49071
33	141	0.463575
33	143	1.51275
33	145	1.53243
33	155	0.447252
33	160	0.434375
33	169	0.435141
33	170	0.480918
33	176	0.407666
33	180	1.57921
34	64	1.34167
34	67	0.479499
34	132	0.557907
34	134	0.555152
34	137	1.25142
34	140	1.29586
34	149	1.31488
34	154	1.29808
34	156	1.29947
34	157	1.28438
34	163	1.31425
34	178	0.553887
34	180	0.510703
35	11	1.26646
35	23	1.41745
35	53	1.56295
35	62	1.64553
35	72	1.49423
35	89	1.47027
35	91	1.543
35	122	0.431963
35	167	0.44847
35	170	0.475298
35	173	0.459137
35	175	0.445187
35	180	0.408806
36	32	0.538511
36	69	0.448255
36	96	0.542881
36	124	0.534226
36	129	0.49002
36	151	1.33896
36	161	1.27358
36	165	1.32046
36	174	1.30836
36	175	1.31134
36	177	1.26126
36	178	1.30427
36	179	1.28176
37	3	1.34859
37	5	1.34285
37	26	1.27613
37	66	0.490922
37	73	1.38745
37	87	1.34202
37	96	1.23789
37	133	1.16235
37	148	0.50999
37	152	1.30268
37	168	0.536458
37	171	0.546443
37	177	0.573725
38	7	0.498423
38	119	0.500344
38	143	0.536812
38	148	1.37003
38	150	0.499501
38	156	0.51896
38	165	1.32328
38	167	1.28845
38	172	1.25131
38	174	1.31118
38	177	1.26407
38	178	1.30709
38	179	1.28458
39	97	0.47664
39	99	0.4154
39	103	0.391983
39	143	0.433072
39	149	0.40133
39	156	0.41522
39	167	1.48859
39	170	1.49178
39	171	1.512
39	172	1.45146
39	177	1.46422
39	178	1.50723
39	179	1.48473
40	52	1.37553
40	58	1.30765
40	82	0.449495
40	103	1.32878
40	104	1.18388
40	120	1.32482
40	133	0.629394
40	138	1.29601
40	145	0.511112
40	155	0.517492
40	168	1.31096
40	172	0.549886
40	173	1.27236
41	4	1.14381
41	9	1.16917
41	33	1.28748
41	81	1.08385
41	88	1.04135
41	95	1.04776
41	116	1.06858
41	131	0.72614
41	143	1.09063
41	145	1.11031
41	162	0.690151
41	175	0.705415
41	179	0.724154
41	180	1.15708
42	97	1.17942
42	126	0.551374
42	134	0.591952
42	139	0.585578
42	140	1.25212
42	146	1.25407
42	147	1.22159
42	150	1.27162
42	154	1.25434
42	156	1.25573
42	157	1.24064
42	163	1.27051
42	171	0.58088
42	180	0.547503
43	2	1.41858
43	4	1.43853
43	9	1.46389
43	88	1.33608
43	95	1.34248
43	116	1.3633
43	134	0.477192
43	139	0.470818
43	143	1.38535
43	167	0.472407
43	170	0.499235
43	171	0.46612
43	173	0.483074
43	180	1.4518
44	16	1.14957
44	103	1.2849
44	104	1.14
44	111	1.31838
44	119	1.27851
44	120	1.28094
44	138	1.25213
44	141	0.600222
44	151	0.563279
44	160	0.571022
44	168	1.26708
44	169	0.571788
44	173	1.22848
44	180	0.551073
45	17	1.41856
45	81	1.37538
45	90	0.478313
45	116	1.36011
45	119	1.41409
45	120	1.41652
45	151	0.454666
45	161	0.512367
45	168	1.40267
45	170	0.508952
45	173	1.36406
45	174	0.478896
45	176	0.435699
45	180	1.44861
46	97	0.512233
46	113	0.452872
46	129	0.428315
46	140	0.44522
46	146	0.429923
46	158	0.462392
46	159	1.40701
46	171	1.40053
46	174	1.39985
46	175	1.40283
46	177	1.35274
46	178	1.39576
46	179	1.37325
46	180	1.46802
47	63	1.50094
47	72	1.34973
47	89	1.32577
47	91	1.3985
47	112	0.474593
47	124	1.35791
47	144	0.497455
47	146	1.42773
47	147	1.39526
47	161	0.501587
47	163	1.44417
47	169	0.452395
47	175	0.468061
47	178	0.474864
48	58	1.4143
48	76	0.529246
48	103	1.43543
48	104	1.29053
48	119	1.42903
48	120	1.43146
48	122	0.463831
48	126	0.444546
48	138	1.40265
48	164	0.470335
48	168	1.41761
48	173	1.379
48	175	0.477056
48	178	0.483858
49	129	1.3977
49	131	0.49655
49	145	0.46589
49	146	1.40183
49	147	1.36936
49	149	1.4189
49	153	0.474742
49	154	1.4021
49	156	1.40349
49	157	1.3884
49	161	0.509351
49	163	1.41827
49	173	0.489774
49	176	0.432683
50	60	1.22885
50	101	0.556002
50	124	1.19262
50	137	1.21606
50	140	1.2605
50	147	1.22997
50	150	1.28
50	153	0.59611
50	156	1.26411
50	157	1.24902
50	159	0.590466
50	163	1.27889
50	176	0.554052
50	180	0.560812
51	20	1.21225
51	25	1.00695
51	83	0.652152
51	104	0.756315
51	105	1.13245
51	121	1.09911
51	123	0.661138
51	140	0.684377
51	158	1.13415
51	165	1.14415
51	166	1.10547
51	174	1.13206
51	178	1.12796
51	179	1.10546
52	40	1.37553
52	58	1.41817
52	90	0.481535
52	103	1.4393
52	104	1.2944
52	119	1.43291
52	120	1.43534
52	122	0.468839
52	141	0.494831
52	165	0.471779
52	168	1.42148
52	173	1.38287
52	177	0.506341
52	180	0.445682
53	11	1.06868
53	21	1.3815
53	23	1.21966
53	35	1.56295
53	63	1.44766
53	72	1.29645
53	75	1.40539
53	89	1.27249
53	91	1.34522
53	133	0.608532
53	134	0.508253
53	151	0.47601
53	153	0.499102
53	165	0.489901
53	168	0.487196
54	12	0.577318
54	88	0.494108
54	97	0.508891
54	128	0.459722
54	155	1.34789
54	156	0.447472
54	157	0.454945
54	162	1.33421
54	164	1.34224
54	165	1.34047
54	175	1.33135
54	177	1.28126
54	178	1.32428
54	179	1.30177
54	180	1.39654
55	92	1.32058
55	100	1.33032
55	117	0.499258
55	123	1.37767
55	127	1.31373
55	129	1.34237
55	138	1.31814
55	139	0.504133
55	143	1.31259
55	158	1.31297
55	166	0.532448
55	174	0.502494
55	176	1.3716
55	178	0.509241
55	179	0.521178
56	122	0.502665
56	128	1.28981
56	137	1.29758
56	140	1.34202
56	147	1.31149
56	149	1.36104
56	150	1.36152
56	156	1.34563
56	157	1.33054
56	163	1.36041
56	165	0.505606
56	167	0.519173
56	170	0.546001
56	176	0.472748
56	178	0.522692
57	5	1.38935
57	15	1.37032
57	22	1.35489
57	26	1.32263
57	31	0.52385
57	61	1.33182
57	87	1.38853
57	96	1.28439
57	122	0.509267
57	133	1.20885
57	136	0.50936
57	148	0.483035
57	152	1.34918
57	168	0.509503
57	174	0.522548
58	40	1.30765
58	48	1.4143
58	52	1.41817
58	65	1.28546
58	104	1.22652
58	109	0.491363
58	112	1.31426
58	119	1.36503
58	133	0.612794
58	145	0.494512
58	159	0.49772
58	168	1.3536
58	173	1.31499
58	176	0.461305
58	178	0.511249
59	24	1.33571
59	65	1.2906
59	103	1.37656
59	104	1.23167
59	119	1.37017
59	120	1.3726
59	138	1.34379
59	148	0.486592
59	165	0.515765
59	168	1.35875
59	169	0.510383
59	171	0.523045
59	173	1.32014
59	176	0.482908
59	177	0.550327
60	50	1.22885
60	117	0.497938
60	130	0.481636
60	133	0.609465
60	135	1.29969
60	140	1.34819
60	146	1.35014
60	150	1.36769
60	154	1.35041
60	155	0.497563
60	156	1.3518
60	157	1.3367
60	163	1.36657
60	164	0.494397
60	168	0.488129
61	3	1.38487
61	7	1.3571
61	26	1.31241
61	57	1.33182
61	73	1.42372
61	87	1.3783
61	96	1.27416
61	131	0.530861
61	132	0.520959
61	133	1.19863
61	141	0.522904
61	148	0.470679
61	152	1.33896
61	155	0.506581
61	178	0.516939
62	11	1.15126
62	35	1.64553
62	75	1.48797
62	89	1.35508
62	91	1.4278
62	101	0.42027
62	119	1.45505
62	138	1.42867
62	153	0.460379
62	155	0.457906
62	166	0.491471
62	168	1.44363
62	170	0.491573
62	172	0.4903
62	173	1.40502
62	178	0.468264
63	21	1.46399
63	23	1.30216
63	47	1.50094
63	53	1.44766
63	72	1.37894
63	75	1.48788
63	89	1.35498
63	91	1.42771
63	93	1.43569
63	112	0.46233
63	114	0.488388
63	159	0.449071
63	173	0.469748
63	174	0.455854
63	177	0.480076
63	179	0.474537
64	34	1.34167
64	140	1.42565
64	145	0.467479
64	146	1.4276
64	149	1.44467
64	150	1.44515
64	151	0.453239
64	154	1.42787
64	156	1.42926
64	157	1.41417
64	160	0.460982
64	162	0.46215
64	163	1.44403
64	164	0.470694
64	171	0.47441
64	173	0.491364
65	58	1.28546
65	59	1.2906
65	76	0.589767
65	103	1.30659
65	104	1.16169
65	111	1.34006
65	119	1.3002
65	120	1.30263
65	138	1.27382
65	162	0.522313
65	164	0.530856
65	168	1.28877
65	169	0.521911
65	172	0.566415
65	173	1.25016
65	175	0.537577
66	29	0.480792
66	37	0.490922
66	73	0.426121
66	86	0.411052
66	107	0.429039
66	127	0.470104
66	149	0.43436
66	161	1.40872
66	167	1.42077
66	171	1.44418
66	172	1.38363
66	174	1.4435
66	175	1.44648
66	177	1.3964
66	178	1.43941
66	179	1.4169
67	34	0.479499
67	74	0.485931
67	98	0.43157
67	106	0.46161
67	123	0.410357
67	134	1.40781
67	138	0.438646
67	141	1.41541
67	142	1.44502
67	152	0.424633
67	165	1.45128
67	168	1.46141
67	172	1.37931
67	177	1.39208
67	178	1.43509
67	179	1.41258
68	74	1.24319
68	79	1.30691
68	92	1.2765
68	100	1.28624
68	118	1.25823
68	127	1.26965
68	138	1.27407
68	141	0.547208
68	142	0.525672
68	151	0.510265
68	152	1.28872
68	158	1.26889
68	161	0.567967
68	166	0.56445
68	176	1.32752
68	179	0.55318
69	7	1.44611
69	36	0.448255
69	99	1.42688
69	100	1.42548
69	106	1.38507
69	115	1.42554
69	118	1.39747
69	125	1.41781
69	127	1.40889
69	131	0.463238
69	133	0.55086
69	141	0.455281
69	166	0.472522
69	170	0.472624
69	176	1.46676
69	180	0.406131
70	19	1.15286
70	74	1.25392
70	79	1.31764
70	118	1.26896
70	123	1.34432
70	127	1.28037
70	130	0.523642
70	132	0.553946
70	134	0.551191
70	138	1.28479
70	143	1.27924
70	158	1.27962
70	159	0.536396
70	164	0.536402
70	176	1.33825
70	177	0.5674
71	1	0.434741
71	6	0.434478
71	22	0.457814
71	127	0.468198
71	140	0.44075
71	143	0.464196
71	151	1.46062
71	157	0.453817
71	165	1.44212
71	166	1.40344
71	167	1.40729
71	169	1.44127
71	175	1.433
71	177	1.38291
71	178	1.42593
71	179	1.40342
72	11	0.999964
72	21	1.31279
72	23	1.15095
72	35	1.49423
72	47	1.34973
72	53	1.29645
72	63	1.37894
72	75	1.33667
72	89	1.20378
72	91	1.2765
72	144	0.580228
72	151	0.526659
72	173	0.564783
72	176	0.507692
72	177	0.575111
72	180	0.514452
73	5	1.48125
73	15	1.46222
73	22	1.44679
73	37	1.38745
73	61	1.42372
73	66	0.426121
73	87	1.48042
73	96	1.37629
73	133	1.30075
73	152	1.44108
73	159	0.47792
73	166	0.514656
73	169	0.468981
73	176	0.441505
73	178	0.491449
73	180	0.448265
74	19	1.1642
74	28	1.2597
74	67	0.485931
74	68	1.24319
74	70	1.25392
74	118	1.2803
74	123	1.35566
74	127	1.29171
74	145	0.543581
74	152	1.31079
74	158	1.29096
74	162	0.538253
74	172	0.582355
74	174	0.553572
74	175	0.553516
74	176	1.34959
75	11	1.1089
75	21	1.42172
75	23	1.25989
75	53	1.40539
75	62	1.48797
75	63	1.48788
75	72	1.33667
75	89	1.31271
75	91	1.38544
75	93	1.39342
75	134	0.505228
75	139	0.498854
75	153	0.496077
75	165	0.486876
75	173	0.511109
75	177	0.521437
75	180	0.460778
76	20	0.535773
76	48	0.529246
76	65	0.589767
76	128	0.571216
76	139	1.24832
76	147	0.568952
76	153	1.24845
76	158	0.570543
76	167	1.21989
76	170	1.22307
76	171	1.2433
76	172	1.18275
76	173	1.22624
76	174	1.24262
76	178	1.23853
76	179	1.21602
76	180	1.31079
77	5	0.467258
77	18	0.471914
77	95	0.499843
77	116	0.486371
77	128	0.488023
77	129	0.453274
77	153	1.3736
77	155	1.38729
77	156	0.475772
77	165	1.37987
77	166	1.34119
77	167	1.34504
77	169	1.37902
77	171	1.36845
77	177	1.32067
77	178	1.36368
77	179	1.34117
78	1	1.39062
78	98	1.37631
78	99	1.36997
78	105	1.34951
78	106	1.32815
78	107	1.4024
78	110	1.35478
78	121	1.31617
78	125	1.3609
78	145	0.484718
78	158	1.35122
78	165	0.484369
78	167	0.497936
78	168	0.481664
78	172	0.523491
78	175	0.494653
78	179	0.513392
79	68	1.30691
79	70	1.31764
79	118	1.34402
79	123	1.41938
79	127	1.35543
79	138	1.35985
79	143	1.3543
79	151	0.476124
79	152	1.37451
79	158	1.35468
79	165	0.490015
79	168	0.48731
79	174	0.500354
79	175	0.500299
79	176	1.41331
79	178	0.507101
79	179	0.519038
80	97	1.38619
80	102	0.511128
80	104	1.32035
80	120	1.46128
80	126	0.436132
80	128	1.40668
80	136	0.45551
80	141	0.48141
80	147	1.42836
80	150	1.47839
80	156	1.4625
80	164	0.461922
80	168	1.44743
80	171	0.465638
80	173	1.40882
80	174	0.468698
81	9	1.38766
81	17	1.34552
81	41	1.08385
81	45	1.37538
81	88	1.25985
81	95	1.26625
81	111	1.38092
81	116	1.28708
81	143	1.30912
81	145	1.3288
81	148	0.487703
81	165	0.516877
81	166	0.55717
81	172	0.555999
81	175	0.527161
81	176	0.484019
81	177	0.551438
81	180	1.37557
82	13	0.435031
82	40	0.449495
82	136	1.45236
82	137	0.467388
82	143	0.453075
82	147	0.445209
82	154	0.423227
82	158	0.446801
82	160	1.48963
82	163	0.410797
82	165	1.45578
82	166	1.4171
82	172	1.38381
82	174	1.44368
82	176	1.50441
82	177	1.39657
82	178	1.43959
82	179	1.41708
83	51	0.652152
83	88	1.28867
83	116	1.3159
83	143	1.33794
83	146	1.37186
83	149	1.38893
83	154	1.37213
83	156	1.37352
83	157	1.35843
83	161	0.502483
83	163	1.3883
83	168	0.455968
83	175	0.468957
83	176	0.425815
83	178	0.475759
83	179	0.487696
83	180	1.4044
84	93	1.30065
84	113	1.31496
84	128	1.26774
84	133	0.616659
84	137	1.27552
84	140	1.31996
84	146	1.32191
84	147	1.28943
84	148	0.468855
84	150	1.33946
84	156	1.32356
84	157	1.30847
84	163	1.33834
84	169	0.492646
84	171	0.505308
84	172	0.53715
84	177	0.532589
84	179	0.527051
85	101	0.491758
85	113	1.30724
85	117	0.52977
85	128	1.26002
85	140	1.31223
85	145	0.523015
85	146	1.31418
85	147	1.28171
85	149	1.33125
85	150	1.33173
85	154	1.31445
85	156	1.31584
85	157	1.30075
85	160	0.516518
85	161	0.566476
85	163	1.33062
85	170	0.563061
85	176	0.489808
86	66	0.411052
86	124	1.38326
86	128	1.39893
86	137	1.4067
86	139	0.471271
86	146	1.45309
86	149	1.47016
86	150	1.47064
86	154	1.45336
86	156	1.45475
86	157	1.43965
86	160	0.453145
86	161	0.503103
86	163	1.46952
86	165	0.459293
86	166	0.499586
86	168	0.456588
86	176	0.426435
87	3	1.44157
87	15	1.4168
87	22	1.40137
87	26	1.36911
87	37	1.34202
87	57	1.38853
87	61	1.3783
87	73	1.48042
87	96	1.33087
87	132	0.501299
87	133	1.25533
87	136	0.477345
87	152	1.39566
87	155	0.486921
87	159	0.48375
87	166	0.520486
87	168	0.477487
87	174	0.490532
87	180	0.454095
88	2	1.29986
88	41	1.04135
88	43	1.33608
88	54	0.494108
88	81	1.25985
88	83	1.28867
88	95	1.22376
88	109	1.2814
88	111	1.33843
88	116	1.24458
88	143	1.26663
88	144	0.582806
88	145	1.28631
88	159	0.546685
88	161	0.586938
88	169	0.537746
88	173	0.567361
88	175	0.553412
88	180	1.33308
89	11	0.976004
89	21	1.28883
89	23	1.12699
89	35	1.47027
89	47	1.32577
89	53	1.27249
89	62	1.35508
89	63	1.35498
89	72	1.20378
89	75	1.31271
89	91	1.25254
89	93	1.26052
89	130	0.553687
89	164	0.566447
89	165	0.562884
89	169	0.557502
89	175	0.573168
89	176	0.530026
89	180	0.536787
90	7	0.48571
90	17	0.498703
90	45	0.478313
90	52	0.481535
90	119	0.487631
90	143	0.524099
90	147	0.516233
90	151	1.37453
90	160	1.38987
90	161	1.30915
90	163	0.481821
90	166	1.31734
90	169	1.35518
90	170	1.32438
90	171	1.34461
90	172	1.28406
90	175	1.34691
90	177	1.29682
90	178	1.33983
90	179	1.31733
91	11	1.04873
91	21	1.36155
91	23	1.19972
91	35	1.543
91	47	1.3985
91	53	1.34522
91	62	1.4278
91	63	1.42771
91	72	1.2765
91	75	1.38544
91	89	1.25254
91	93	1.33325
91	112	0.499727
91	114	0.525785
91	161	0.526721
91	166	0.523204
91	167	0.496478
91	171	0.490191
91	177	0.517472
91	179	0.511934
92	13	1.35643
92	29	1.28632
92	55	1.32058
92	68	1.2765
92	100	1.34161
92	101	0.482184
92	109	0.510291
92	123	1.38897
92	127	1.32502
92	138	1.32944
92	143	1.32389
92	152	1.34409
92	153	0.522293
92	155	0.51982
92	158	1.32426
92	164	0.516655
92	174	0.523431
92	176	1.38289
92	178	0.530178
92	180	0.486994
93	11	1.05671
93	21	1.36953
93	63	1.43569
93	75	1.39342
93	84	1.30065
93	89	1.26052
93	91	1.33325
93	117	0.521547
93	141	0.537496
93	148	0.485271
93	149	1.37955
93	150	1.38003
93	153	0.523645
93	154	1.36275
93	157	1.34905
93	162	0.509464
93	163	1.37892
93	165	0.514444
93	168	0.511739
93	180	0.488346
94	124	1.34395
94	128	1.35961
94	137	1.36739
94	140	1.41183
94	146	1.41378
94	147	1.3813
94	149	1.43084
94	150	1.43133
94	154	1.41405
94	156	1.41543
94	157	1.40034
94	163	1.43021
94	167	0.48422
94	168	0.467947
94	171	0.477932
94	172	0.509775
94	173	0.494886
94	175	0.480937
94	176	0.437795
94	177	0.505214
94	180	0.444555
95	9	1.35157
95	16	0.611066
95	17	1.30943
95	33	1.46988
95	41	1.04776
95	43	1.34248
95	77	0.499843
95	81	1.26625
95	88	1.22376
95	109	1.28781
95	111	1.34483
95	116	1.25098
95	126	0.498336
95	143	1.27303
95	145	1.29271
95	167	0.534129
95	169	0.51518
95	171	0.527842
95	173	0.544796
95	178	0.537649
95	180	1.33948
96	3	1.33744
96	5	1.33169
96	7	1.30967
96	15	1.31267
96	22	1.29723
96	26	1.26498
96	36	0.542881
96	37	1.23789
96	57	1.28439
96	61	1.27416
96	73	1.37629
96	87	1.33087
96	131	0.557863
96	133	1.15119
96	134	0.545206
96	145	0.527203
96	148	0.497681
96	152	1.29152
96	169	0.521472
96	173	0.551088
96	175	0.537138
97	39	0.47664
97	42	1.17942
97	46	0.512233
97	54	0.508891
97	80	1.38619
97	124	1.23926
97	128	1.25493
97	134	0.576263
97	137	1.2627
97	140	1.30714
97	146	1.30909
97	147	1.27661
97	148	0.528738
97	149	1.32616
97	150	1.32664
97	156	1.31075
97	157	1.29565
97	159	0.561468
97	163	1.32552
97	174	0.56825
97	176	0.525054
98	6	1.39656
98	67	0.43157
98	78	1.37631
98	99	1.3605
98	105	1.34004
98	106	1.31868
98	107	1.39293
98	108	1.3858
98	110	1.34531
98	112	0.505687
98	115	1.35916
98	121	1.3067
98	125	1.35143
98	134	0.507223
98	135	1.32484
98	158	1.34175
98	167	0.502438
98	168	0.486166
98	169	0.483489
98	170	0.529267
98	172	0.527994
98	179	0.517895
99	1	1.37481
99	39	0.4154
99	69	1.42688
99	78	1.36997
99	98	1.3605
99	101	0.465764
99	102	0.549441
99	105	1.3337
99	106	1.31234
99	107	1.38659
99	108	1.37946
99	110	1.33897
99	115	1.35282
99	121	1.30036
99	125	1.34509
99	135	1.3185
99	155	0.5034
99	159	0.500228
99	160	0.490524
99	167	0.510238
99	177	0.531233
99	179	0.525695
100	13	1.36617
100	55	1.33032
100	68	1.28624
100	69	1.42548
100	92	1.34161
100	109	0.489855
100	117	0.499759
100	123	1.39871
100	127	1.33476
100	129	1.36341
100	134	0.511007
100	138	1.33918
100	143	1.33363
100	151	0.478764
100	152	1.35384
100	158	1.33401
100	160	0.486507
100	174	0.502995
100	175	0.502939
100	176	1.39264
100	178	0.509742
100	179	0.521678
101	5	0.45707
101	50	0.556002
101	62	0.42027
101	85	0.491758
101	92	0.482184
101	99	0.465764
101	104	0.531928
101	127	0.487438
101	141	1.33504
101	144	1.31895
101	151	1.38942
101	157	0.473056
101	162	1.36466
101	164	1.37269
101	165	1.37092
101	166	1.33223
101	167	1.33609
101	175	1.3618
101	176	1.41954
101	177	1.31171
101	178	1.35472
101	179	1.33222
102	5	0.540747
102	80	0.511128
102	99	0.549441
102	111	0.500745
102	124	0.570969
102	128	0.561512
102	134	1.22679
102	138	0.548717
102	147	0.559247
102	159	1.26532
102	160	1.30411
102	165	1.27026
102	167	1.23543
102	170	1.23861
102	172	1.19829
102	174	1.25816
102	175	1.26114
102	176	1.31889
102	177	1.21105
102	178	1.25407
102	179	1.23156
102	180	1.32633
103	39	0.391983
103	40	1.32878
103	44	1.2849
103	48	1.43543
103	52	1.4393
103	59	1.37656
103	65	1.30659
103	104	1.24765
103	112	1.33539
103	114	0.516128
103	119	1.38616
103	120	1.38859
103	138	1.35978
103	142	0.47477
103	152	0.620435
103	168	1.37473
103	170	0.513649
103	172	0.512377
103	173	1.33612
103	178	0.490341
103	179	0.502278
103	180	0.447157
104	24	1.2068
104	40	1.18388
104	44	1.14
104	48	1.29053
104	51	0.756315
104	52	1.2944
104	58	1.22652
104	59	1.23167
104	65	1.16169
104	80	1.32035
104	101	0.531928
104	103	1.24765
104	112	1.19049
104	119	1.24126
104	120	1.24369
104	139	0.574814
104	151	0.548944
104	153	0.572036
104	168	1.22983
104	169	0.557453
104	173	1.19123
104	176	0.529978
104	177	0.597397
105	6	1.36976
105	32	1.28715
105	51	1.13245
105	78	1.34951
105	98	1.34004
105	99	1.3337
105	106	1.29189
105	107	1.36613
105	108	1.359
105	110	1.31851
105	115	1.33236
105	121	1.27991
105	125	1.32463
105	136	0.505538
105	141	0.531438
105	144	0.548064
105	158	1.31495
105	159	0.511943
105	160	0.502238
105	162	0.503406
105	171	0.515665
105	172	0.547508
105	179	0.537409
106	10	1.34117
106	67	0.46161
106	69	1.38507
106	78	1.32815
106	98	1.31868
106	99	1.31234
106	105	1.29189
106	107	1.34477
106	108	1.33764
106	110	1.29715
106	115	1.311
106	121	1.25855
106	122	0.515971
106	125	1.30327
106	126	0.496686
106	130	0.509714
106	135	1.27669
106	139	0.53089
106	158	1.29359
106	172	0.558034
106	174	0.529251
106	177	0.553473
106	178	0.535998
107	8	0.449371
107	10	1.41542
107	32	1.34004
107	66	0.429039
107	78	1.4024
107	98	1.39293
107	99	1.38659
107	105	1.36613
107	106	1.34477
107	110	1.3714
107	115	1.38525
107	117	1.36598
107	121	1.33279
107	125	1.37752
107	133	0.595911
107	135	1.35093
107	141	0.500332
107	155	0.484009
107	158	1.36784
107	161	0.52109
107	162	0.4723
107	165	0.47728
107	167	0.490847
107	169	0.471898
108	1	1.40011
108	10	1.40828
108	20	1.43881
108	32	1.33291
108	98	1.3858
108	99	1.37946
108	105	1.359
108	106	1.33764
108	110	1.36427
108	115	1.37812
108	117	1.35885
108	121	1.32566
108	125	1.37039
108	130	0.471551
108	139	0.492727
108	158	1.36071
108	159	0.484305
108	164	0.484312
108	165	0.480748
108	170	0.521144
108	171	0.488028
108	174	0.491088
108	175	0.491033
108	179	0.509772
109	33	1.52753
109	58	0.491363
109	88	1.2814
109	92	0.510291
109	95	1.28781
109	100	0.489855
109	116	1.30863
109	120	0.474595
109	123	0.464858
109	127	0.515545
109	137	0.525856
109	143	1.33067
109	145	1.35036
109	147	0.503677
109	150	0.474232
109	163	0.469265
109	166	1.30237
109	167	1.30622
109	169	1.34021
109	171	1.32964
109	174	1.32896
109	177	1.28185
109	178	1.32486
109	179	1.30236
109	180	1.39713
110	6	1.37503
110	10	1.36779
110	32	1.29242
110	78	1.35478
110	98	1.34531
110	99	1.33897
110	105	1.31851
110	106	1.29715
110	107	1.3714
110	108	1.36427
110	115	1.33763
110	117	1.31836
110	121	1.28517
110	125	1.3299
110	133	0.608186
110	134	0.507907
110	135	1.30331
110	164	0.493119
110	166	0.529849
110	169	0.484173
110	172	0.528677
110	176	0.456698
110	177	0.524117
110	179	0.518578
110	180	0.463458
111	2	1.42093
111	4	1.44088
111	44	1.31838
111	65	1.34006
111	81	1.38092
111	88	1.33843
111	95	1.34483
111	102	0.500745
111	112	1.36887
111	116	1.36565
111	119	1.41963
111	120	1.42206
111	133	0.566606
111	139	0.459953
111	142	0.44949
111	145	1.40738
111	153	0.457176
111	161	0.491785
111	165	0.447975
111	166	0.488268
111	168	1.40821
111	170	0.48837
111	172	0.487097
111	173	1.3696
111	179	0.476998
111	180	1.45415
112	12	0.643154
112	18	0.509449
112	21	0.50097
112	47	0.474593
112	58	1.31426
112	63	0.46233
112	91	0.499727
112	98	0.505687
112	103	1.33539
112	104	1.19049
112	111	1.36887
112	116	0.523906
112	119	1.329
112	120	1.33143
112	157	0.52078
112	158	0.524885
112	160	1.3413
112	164	1.30922
112	167	1.27262
112	168	1.31757
112	169	1.3066
112	171	1.29603
112	173	1.27897
112	177	1.24824
112	178	1.29126
112	179	1.26875
113	27	1.29518
113	46	0.452872
113	84	1.31496
113	85	1.30724
113	124	1.30697
113	128	1.32263
113	130	0.489352
113	135	1.32635
113	137	1.33041
113	140	1.37485
113	146	1.3768
113	147	1.34432
113	149	1.39386
113	150	1.39435
113	153	0.50775
113	154	1.37707
113	156	1.37845
113	157	1.36336
113	160	0.492401
113	163	1.39323
113	165	0.498549
113	166	0.538843
113	168	0.495844
113	171	0.505829
113	174	0.508889
113	175	0.508833
113	178	0.515636
114	19	0.635557
114	63	0.488388
114	91	0.525785
114	103	0.516128
114	123	0.510533
114	134	1.24562
114	141	1.25321
114	144	1.23712
114	147	0.549351
114	150	0.519906
114	152	0.524808
114	157	0.546838
114	159	1.28415
114	162	1.28283
114	163	0.514939
114	164	1.29086
114	166	1.25041
114	169	1.28824
114	170	1.25744
114	172	1.21712
114	174	1.27699
114	175	1.27997
114	176	1.33771
114	177	1.22988
114	178	1.2729
114	179	1.25039
114	180	1.34516
115	1	1.37347
115	20	1.41216
115	32	1.30627
115	69	1.42554
115	98	1.35916
115	99	1.35282
115	105	1.33236
115	106	1.311
115	107	1.38525
115	108	1.37812
115	110	1.33763
115	117	1.33221
115	121	1.29902
115	122	0.495143
115	125	1.34375
115	131	0.529093
115	135	1.31716
115	136	0.495236
115	153	0.507285
115	158	1.33407
115	159	0.501641
115	165	0.498084
115	167	0.511651
115	169	0.492702
115	174	0.508423
115	178	0.51517
115	180	0.471987
116	2	1.32709
116	4	1.34703
116	9	1.37239
116	17	1.33026
116	33	1.49071
116	41	1.06858
116	43	1.3633
116	45	1.36011
116	77	0.486371
116	81	1.28708
116	83	1.3159
116	88	1.24458
116	95	1.25098
116	109	1.30863
116	111	1.36565
116	112	0.523906
116	143	1.29385
116	144	0.546769
116	145	1.31353
116	160	0.500942
116	161	0.550901
116	164	0.510654
116	166	0.547384
116	167	0.520657
116	174	0.51743
116	176	0.474233
116	178	0.524177
116	180	1.36031
117	6	1.36962
117	55	0.499258
117	60	0.497938
117	85	0.52977
117	93	0.521547
117	100	0.499759
117	107	1.36598
117	108	1.35885
117	110	1.31836
117	115	1.33221
117	119	0.484979
117	120	0.484499
117	121	1.27976
117	125	1.32448
117	132	1.29578
117	140	0.498001
117	143	0.521447
117	146	0.482705
117	155	1.33223
117	157	0.511068
117	158	1.3148
117	165	1.32481
117	166	1.28613
117	169	1.32396
117	174	1.31271
117	177	1.2656
117	178	1.30862
117	179	1.28611
118	7	1.34397
118	8	0.486729
118	13	1.33816
118	28	1.27474
118	29	1.26805
118	68	1.25823
118	69	1.39747
118	70	1.26896
118	74	1.2803
118	79	1.34402
118	123	1.3707
118	127	1.30675
118	129	1.3354
118	138	1.31117
118	142	0.516153
118	143	1.30562
118	152	1.32583
118	155	0.521367
118	158	1.306
118	159	0.518195
118	162	0.509658
118	164	0.518201
118	170	0.555033
118	171	0.521918
118	172	0.55376
118	175	0.524922
118	176	1.36463
118	180	0.48854
119	24	1.34531
119	38	0.500344
119	44	1.27851
119	45	1.41409
119	48	1.42903
119	52	1.43291
119	58	1.36503
119	59	1.37017
119	62	1.45505
119	65	1.3002
119	90	0.487631
119	103	1.38616
119	104	1.24126
119	111	1.41963
119	112	1.329
119	117	0.484979
119	120	1.38219
119	131	0.508885
119	138	1.35339
119	144	0.517554
119	148	0.448702
119	162	0.472896
119	168	1.36834
119	170	0.518271
119	172	0.516998
119	173	1.32973
119	175	0.48816
119	179	0.506899
119	180	0.451778
120	24	1.34773
120	40	1.32482
120	44	1.28094
120	45	1.41652
120	48	1.43146
120	52	1.43534
120	59	1.3726
120	65	1.30263
120	80	1.46128
120	103	1.38859
120	104	1.24369
120	109	0.474595
120	111	1.42206
120	112	1.33143
120	117	0.484499
120	119	1.38219
120	131	0.508404
120	132	0.498501
120	138	1.35581
120	144	0.517073
120	153	0.486596
120	155	0.484124
120	160	0.471247
120	162	0.472415
120	166	0.517688
120	168	1.37077
120	173	1.33216
120	174	0.487734
120	177	0.511956
121	6	1.33643
121	10	1.32919
121	20	1.35971
121	32	1.25382
121	51	1.09911
121	78	1.31617
121	98	1.3067
121	99	1.30036
121	105	1.27991
121	106	1.25855
121	107	1.33279
121	108	1.32566
121	110	1.28517
121	115	1.29902
121	117	1.27976
121	125	1.29129
121	135	1.26471
121	141	0.538726
121	158	1.28161
121	162	0.510695
121	166	0.555968
121	170	0.556069
121	171	0.522954
121	172	0.554797
121	173	0.539908
121	174	0.526014
121	175	0.525958
121	177	0.550236
121	179	0.544698
122	14	0.607456
122	35	0.431963
122	48	0.463831
122	52	0.468839
122	56	0.502665
122	57	0.509267
122	106	0.515971
122	115	0.495143
122	124	0.515258
122	132	1.32171
122	140	0.487956
122	141	1.31487
122	148	1.3975
122	150	0.474091
122	151	1.36925
122	153	1.34447
122	154	0.481554
122	159	1.34581
122	161	1.30387
122	162	1.34448
122	164	1.35252
122	169	1.3499
122	170	1.3191
122	171	1.33933
122	172	1.27878
122	174	1.33865
122	175	1.34163
122	177	1.29154
122	178	1.33455
122	179	1.31205
123	13	1.41353
123	19	1.2546
123	28	1.35011
123	29	1.34342
123	51	0.661138
123	55	1.37767
123	67	0.410357
123	70	1.34432
123	74	1.35566
123	79	1.41938
123	92	1.38897
123	100	1.39871
123	109	0.464858
123	114	0.510533
123	118	1.3707
123	127	1.38212
123	129	1.41076
123	138	1.38653
123	141	0.490711
123	143	1.38098
123	145	0.468008
123	148	0.438485
123	151	0.453767
123	152	1.40119
123	155	0.474387
123	158	1.38136
123	160	0.461511
123	166	0.507952
123	168	0.464953
123	176	1.43999
123	179	0.496682
124	18	1.30872
124	36	0.534226
124	47	1.35791
124	50	1.19262
124	86	1.38326
124	94	1.34395
124	97	1.23926
124	102	0.570969
124	113	1.30697
124	122	0.515258
124	128	1.25975
124	129	1.30977
124	137	1.26752
124	140	1.31196
124	142	0.519714
124	146	1.31391
124	147	1.28143
124	149	1.33098
124	150	1.33146
124	154	1.31418
124	156	1.31557
124	157	1.30048
124	159	0.521756
124	163	1.33035
124	169	0.512817
124	170	0.558594
124	174	0.528539
124	175	0.528483
124	176	0.485342
124	178	0.535286
124	180	0.492102
125	1	1.36574
125	6	1.38115
125	10	1.37391
125	20	1.40443
125	32	1.29854
125	69	1.41781
125	78	1.3609
125	98	1.35143
125	99	1.34509
125	105	1.32463
125	106	1.30327
125	107	1.37752
125	108	1.37039
125	110	1.3299
125	115	1.34375
125	117	1.32448
125	121	1.29129
125	130	0.478965
125	133	0.606793
125	134	0.506514
125	135	1.30943
125	142	0.489677
125	144	0.52784
125	151	0.474271
125	158	1.32634
125	162	0.483182
125	167	0.501729
125	169	0.48278
125	171	0.495442
125	177	0.522724
125	179	0.517185
125	180	0.462065
126	3	0.459452
126	12	0.604112
126	13	0.474073
126	25	1.23157
126	42	0.551374
126	48	0.444546
126	80	0.436132
126	95	0.498336
126	106	0.496686
126	131	1.31805
126	134	1.32531
126	135	0.490445
126	140	0.468671
126	141	1.3329
126	148	1.41553
126	152	0.459708
126	153	1.36251
126	156	0.474265
126	158	0.485843
126	159	1.36384
126	165	1.36878
126	166	1.3301
126	167	1.33395
126	168	1.37891
126	169	1.36793
126	171	1.35736
126	172	1.29681
126	174	1.35668
126	175	1.35966
126	176	1.41741
126	178	1.35259
126	179	1.33008
127	7	1.35539
127	13	1.34958
127	19	1.19065
127	28	1.28616
127	29	1.27947
127	55	1.31373
127	66	0.470104
127	68	1.26965
127	69	1.40889
127	70	1.28037
127	71	0.468198
127	74	1.29171
127	79	1.35543
127	92	1.32502
127	100	1.33476
127	101	0.487438
127	109	0.515545
127	118	1.30675
127	123	1.38212
127	138	1.32259
127	139	0.530323
127	142	0.51986
127	143	1.31703
127	148	0.489172
127	152	1.33724
127	153	0.527546
127	158	1.31741
127	160	0.512197
127	166	0.558639
127	173	0.542579
127	174	0.528685
127	176	1.37604
127	177	0.552907
128	54	0.459722
128	56	1.28981
128	76	0.571216
128	77	0.488023
128	80	1.40668
128	84	1.26774
128	85	1.26002
128	86	1.39893
128	94	1.35961
128	97	1.25493
128	102	0.561512
128	113	1.32263
128	124	1.25975
128	129	1.32544
128	132	0.529848
128	136	0.505894
128	137	1.28319
128	140	1.32763
128	146	1.32958
128	147	1.2971
128	149	1.34665
128	150	1.34713
128	154	1.32985
128	155	0.515471
128	156	1.33123
128	157	1.31614
128	163	1.34601
128	165	0.508742
128	167	0.522309
128	168	0.506037
128	173	0.532975
128	176	0.475884
128	178	0.525828
129	8	0.446084
129	25	0.635945
129	28	1.31481
129	29	1.30812
129	36	0.49002
129	46	0.428315
129	49	1.3977
129	55	1.34237
129	77	0.453274
129	100	1.36341
129	118	1.3354
129	123	1.41076
129	124	1.30977
129	128	1.32544
129	133	0.592624
129	137	1.33321
129	143	1.34568
129	145	0.474342
129	146	1.3796
129	147	1.34713
129	149	1.39667
129	150	1.39715
129	151	0.460102
129	154	1.37987
129	157	1.36617
129	158	1.34606
129	159	0.47755
129	160	0.467845
129	163	1.39604
129	171	0.481273
129	175	0.484277
129	176	1.40469
129	177	0.508554
129	179	0.503016
130	8	1.41292
130	60	0.481636
130	70	0.523642
130	89	0.553687
130	106	0.509714
130	108	0.471551
130	113	0.489352
130	125	0.478965
130	131	1.29603
130	134	1.30329
130	136	1.34334
130	138	0.48675
130	143	0.505146
130	154	0.475297
130	155	1.35418
130	156	0.487294
130	157	0.494767
130	158	0.498872
130	159	1.34183
130	160	1.38061
130	161	1.29989
130	162	1.3405
130	163	0.462868
130	165	1.34676
130	166	1.30808
130	169	1.34592
130	170	1.31512
130	171	1.33535
130	172	1.2748
130	174	1.33467
130	175	1.33765
130	177	1.28756
130	178	1.33057
130	179	1.30807
130	180	1.40284
131	13	0.527309
131	29	0.560042
131	41	0.72614
131	49	0.49655
131	61	0.530861
131	69	0.463238
131	96	0.557863
131	115	0.529093
131	119	0.508885
131	120	0.508404
131	126	1.31805
131	130	1.29603
131	133	1.15543
131	139	1.27953
131	141	1.25005
131	146	0.50661
131	154	0.515504
131	155	1.29335
131	157	0.534973
131	160	1.31978
131	161	1.23905
131	162	1.27967
131	165	1.28593
131	166	1.24725
131	167	1.2511
131	169	1.28508
131	170	1.25428
131	171	1.27451
131	174	1.27383
131	175	1.27681
131	176	1.33456
131	177	1.22672
131	178	1.26974
131	179	1.24723
131	180	1.342
132	34	0.557907
132	61	0.520959
132	70	0.553946
132	87	0.501299
132	117	1.29578
132	120	0.498501
132	122	1.32171
132	128	0.529848
132	138	0.517054
132	140	0.512004
132	144	1.25567
132	145	1.31693
132	146	0.496708
132	147	0.527584
132	148	1.35438
132	149	0.503708
132	150	0.498139
132	151	1.32613
132	152	0.503041
132	153	1.30136
132	155	1.31505
132	159	1.30269
132	162	1.30137
132	165	1.30763
132	167	1.2728
132	168	1.31776
132	170	1.27598
132	171	1.29621
132	172	1.23566
132	174	1.29553
132	175	1.29851
132	177	1.24843
132	178	1.29144
132	179	1.26893
133	3	1.2619
133	5	1.25615
133	15	1.23713
133	26	1.18944
133	37	1.16235
133	40	0.629394
133	53	0.608532
133	57	1.20885
133	58	0.612794
133	60	0.609465
133	61	1.19863
133	69	0.55086
133	73	1.30075
133	84	0.616659
133	87	1.25533
133	96	1.15119
133	107	0.595911
133	110	0.608186
133	111	0.566606
133	125	0.606793
133	129	0.592624
133	131	1.15543
133	152	1.21599
133	159	1.20122
133	161	1.15928
133	163	0.590696
133	164	1.20794
133	167	1.17133
133	170	1.17451
133	171	1.19474
133	172	1.13419
133	175	1.19704
133	177	1.14695
133	178	1.18997
133	179	1.16746
133	180	1.26223
134	34	0.555152
134	42	0.591952
134	43	0.477192
134	53	0.508253
134	67	1.40781
134	70	0.551191
134	75	0.505228
134	96	0.545206
134	97	0.576263
134	98	0.507223
134	100	0.511007
134	102	1.22679
134	110	0.507907
134	114	1.24562
134	125	0.506514
134	126	1.32531
134	130	1.30329
134	135	0.531023
134	136	1.28977
134	148	1.33994
134	154	0.502847
134	155	1.30061
134	159	1.28825
134	160	1.32704
134	166	1.25451
134	167	1.25836
134	168	1.30332
134	169	1.29234
134	170	1.26154
134	171	1.28177
134	172	1.22122
134	174	1.2811
134	175	1.28407
134	176	1.34182
134	177	1.23399
134	178	1.277
134	179	1.25449
135	1	1.33916
135	20	1.37785
135	60	1.29969
135	98	1.32484
135	99	1.3185
135	106	1.27669
135	107	1.35093
135	110	1.30331
135	113	1.32635
135	115	1.31716
135	121	1.26471
135	125	1.30943
135	126	0.490445
135	134	0.531023
135	137	1.2869
135	140	1.33134
135	144	0.552349
135	145	0.51302
135	146	1.33329
135	147	1.30082
135	148	0.483498
135	149	1.35036
135	150	1.35084
135	151	0.49878
135	154	1.33356
135	156	1.33495
135	157	1.31986
135	158	1.29975
135	161	0.556481
135	163	1.34973
135	167	0.526238
135	168	0.509966
135	169	0.507289
135	173	0.536905
135	176	0.479814
135	177	0.547233
135	178	0.529758
135	180	0.486574
136	4	0.493631
136	14	0.607549
136	20	0.470451
136	30	0.512196
136	57	0.50936
136	80	0.45551
136	82	1.45236
136	87	0.477345
136	105	0.505538
136	115	0.495236
136	128	0.505894
136	130	1.34334
136	134	1.28977
136	137	0.525808
136	138	0.493099
136	139	1.32684
136	141	1.29736
136	142	1.32698
136	143	0.511495
136	148	1.37999
136	150	0.474184
136	158	0.505221
136	161	1.28636
136	162	1.32698
136	164	1.33502
136	166	1.29456
136	167	1.29841
136	169	1.33239
136	170	1.30159
136	171	1.32182
136	172	1.26127
136	173	1.30476
136	174	1.32114
136	175	1.32412
136	177	1.27403
136	178	1.31705
136	179	1.29454
136	180	1.38931
137	12	1.15853
137	14	1.16097
137	30	1.26073
137	34	1.25142
137	50	1.21606
137	56	1.29758
137	82	0.467388
137	84	1.27552
137	86	1.4067
137	94	1.36739
137	97	1.2627
137	109	0.525856
137	113	1.33041
137	124	1.26752
137	128	1.28319
137	129	1.33321
137	135	1.2869
137	136	0.525808
137	140	1.3354
137	141	0.551708
137	142	0.530171
137	146	1.33735
137	147	1.30487
137	149	1.35442
137	150	1.3549
137	154	1.33762
137	156	1.33901
137	157	1.32391
137	160	0.522508
137	163	1.35378
137	165	0.528656
137	166	0.56895
137	168	0.525951
137	171	0.535936
137	173	0.55289
137	176	0.495799
137	178	0.545743
137	179	0.557679
137	180	0.502559
138	24	1.31893
138	40	1.29601
138	44	1.25213
138	48	1.40265
138	55	1.31814
138	59	1.34379
138	62	1.42867
138	65	1.27382
138	67	0.438646
