1	54	1.3975
1	56	0.930234
1	103	1.17509
1	111	0.907209
1	140	0.891289
1	146	0.896311
1	150	0.886353
1	153	0.908991
1	164	0.882307
1	165	0.897307
1	166	1.18888
1	180	1.04542
2	13	1.20764
2	86	1.19199
2	122	1.24735
2	126	1.14556
2	158	0.920976
2	170	0.901476
2	171	0.898548
2	172	0.894427
2	174	0.895793
2	176	0.893485
2	178	0.89497
2	179	0.900325
3	8	1.00258
3	109	0.870018
3	112	0.902089
3	116	0.923442
3	119	0.894734
3	122	0.885051
3	126	0.898485
3	128	0.911167
3	135	0.915013
3	169	1.25568
3	173	1.26051
3	176	1.28862
4	16	1.20123
4	74	1.30946
4	132	0.893307
4	138	0.91912
4	143	0.888584
4	145	0.897975
4	148	0.921292
4	154	0.914001
4	155	1.12988
4	159	0.889688
4	162	0.876034
4	171	1.16693
5	85	1.27409
5	86	1.15727
5	114	1.17317
5	134	1.18799
5	158	0.920869
5	171	0.898442
5	173	0.901764
5	174	0.895687
5	176	0.893379
5	177	0.894778
5	178	0.894863
5	179	0.900218
6	104	1.26347
6	144	1.09997
6	150	1.19148
6	162	1.23898
6	166	0.904321
6	170	0.903315
6	173	0.90371
6	174	0.897632
6	176	0.895325
6	177	0.896724
6	178	0.896809
6	179	0.902164
7	67	1.23672
7	68	1.24678
7	81	0.86222
7	93	0.908374
7	112	1.16482
7	145	0.911478
7	157	0.908262
7	162	0.889537
7	165	1.1456
7	169	0.910449
7	177	0.90212
7	179	0.90756
8	3	1.00258
8	29	1.22685
8	33	1.24759
8	38	1.31706
8	151	0.916946
8	164	0.885205
8	165	0.900205
8	167	0.898043
8	172	0.887368
8	173	0.894812
8	179	0.893265
8	180	0.924156
9	71	0.779016
9	82	0.798589
9	84	0.800652
9	85	0.798999
9	88	0.79814
9	101	1.6424
9	105	0.787381
9	107	0.824881
9	147	1.56228
9	155	1.60074
9	168	0.807221
9	175	0.80512
10	71	0.779016
10	82	0.798589
10	84	0.800652
10	85	0.798999
10	88	0.79814
10	105	0.787381
10	107	0.824881
10	127	1.60496
10	156	1.57146
10	168	0.807221
10	175	0.80512
10	177	1.62879
11	39	0.872267
11	66	1.29378
11	105	0.892924
11	107	0.930424
11	128	0.918724
11	143	0.895482
11	147	1.11949
11	159	0.896586
11	162	0.882932
11	167	1.18087
11	172	1.21317
11	175	0.910662
12	21	0.831128
12	38	0.896369
12	45	0.896369
12	52	0.964461
12	69	0.906422
12	81	0.862415
12	86	0.934267
12	93	0.908569
12	95	1.33472
12	133	1.20813
12	171	1.16783
12	175	1.09648
13	2	1.20764
13	80	0.822744
13	87	0.874699
13	90	1.33737
13	132	0.863097
13	148	0.891082
13	154	0.883791
13	156	1.30153
13	157	0.864549
13	159	0.859478
13	162	0.845824
13	177	1.35886
13	180	0.894737
14	108	0.884029
14	111	0.873654
14	118	1.25766
14	127	1.29306
14	142	0.858324
14	146	0.862757
14	150	0.852799
14	151	0.880495
14	153	0.875437
14	164	0.848753
14	165	0.863753
14	178	1.35445
14	179	1.30197
15	106	0.886317
15	118	0.86676
15	122	0.848453
15	126	0.861887
15	128	0.874569
15	135	0.878414
15	136	0.850628
15	161	0.866466
15	170	1.32717
15	173	1.33604
15	175	0.866507
15	179	1.30836
15	180	1.23533
16	4	1.20123
16	94	1.24014
16	114	1.39734
16	137	0.860232
16	153	1.3561
16	160	0.876035
16	166	0.871517
16	171	0.867583
16	174	0.864828
16	176	0.86252
16	177	0.86392
16	178	0.864005
16	179	0.86936
17	23	1.10665
17	47	1.31706
17	48	1.32855
17	81	0.821853
17	86	0.893705
17	93	0.868007
17	138	0.892257
17	145	0.871111
17	146	1.44064
17	159	0.862824
17	172	0.861296
17	177	0.861754
17	179	0.867193
18	24	0.876251
18	31	1.04774
18	83	0.869177
18	90	1.37311
18	96	0.829066
18	102	0.862829
18	104	0.860416
18	151	0.88895
18	153	0.883893
18	160	1.37373
18	163	1.41309
18	164	0.857209
18	165	0.872209
19	23	1.02825
19	79	1.32258
19	83	1.40406
19	137	0.860616
19	159	1.43865
19	169	0.872632
19	171	0.867967
19	172	0.863846
19	173	0.87129
19	174	0.865212
19	177	0.864304
19	178	0.864389
19	179	0.869744
20	110	1.23883
20	132	1.35907
20	146	1.31128
20	148	1.28471
20	163	0.873259
20	170	0.870164
20	172	0.863116
20	173	0.87056
20	174	0.864482
20	176	0.862174
20	177	0.863573
20	178	0.863659
20	179	0.869013
21	12	0.831128
21	38	0.758529
21	44	0.795575
21	45	0.758529
21	52	0.826621
21	69	0.768581
21	81	0.724575
21	86	0.796426
21	93	0.770728
21	100	0.769309
21	135	1.6097
21	175	1.74354
21	178	1.84853
22	83	0.867818
22	90	1.31135
22	114	0.857888
22	140	0.864832
22	142	0.865421
22	146	0.869854
22	150	0.859896
22	151	0.887592
22	164	0.85585
22	165	0.87085
22	177	1.33284
22	179	1.31792
22	180	1.2449
23	17	1.10665
23	19	1.02825
23	36	1.13628
23	82	0.970966
23	84	0.973029
23	85	0.971376
23	88	0.970517
23	105	0.959758
23	107	0.997258
23	158	0.923612
23	168	0.979598
23	175	0.977497
23	178	1.01057
24	18	0.876251
24	110	0.888424
24	114	0.851502
24	142	0.859034
24	149	1.32931
24	150	0.853509
24	151	0.881205
24	153	0.876148
24	156	1.27257
24	164	0.849464
24	165	0.864464
24	173	1.34267
24	175	1.26248
25	48	0.905385
25	71	0.840718
25	82	0.860291
25	84	0.862354
25	88	0.859841
25	105	0.849083
25	107	0.886583
25	152	1.33528
25	161	1.30203
25	168	0.868923
25	175	0.866821
25	177	1.32869
25	180	1.24075
26	92	0.864007
26	106	0.890988
26	109	0.83809
26	112	0.870162
26	119	0.862807
26	122	0.853124
26	126	0.866558
26	135	0.883086
26	167	1.30166
26	170	1.31575
26	174	1.29268
26	175	0.871178
26	179	1.29694
27	28	0.769704
27	50	0.716796
27	55	0.815071
27	59	0.776796
27	62	0.882471
27	67	0.751716
27	68	0.751716
27	118	1.72748
27	130	1.68737
27	131	0.776302
27	167	0.766659
27	171	1.79064
27	180	0.792771
28	27	0.769704
28	42	0.943982
28	50	0.80928
28	59	0.86928
28	62	0.974955
28	67	0.8442
28	68	0.8442
28	118	1.25632
28	152	1.32214
28	160	1.29468
28	163	1.33403
28	167	0.859143
28	180	0.885256
29	8	1.22685
29	132	0.832788
29	141	0.844079
29	143	0.828066
29	145	0.837456
29	148	0.860773
29	154	0.853483
29	157	0.83424
29	158	1.42262
29	159	0.829169
29	162	0.815516
29	167	1.46182
29	172	1.49412
29	180	0.864429
30	39	0.897724
30	112	0.935104
30	116	0.956456
30	119	0.927748
30	121	1.18397
30	126	0.9315
30	128	0.944182
30	135	0.948027
30	152	0.92314
30	169	1.12871
30	174	1.10159
30	175	0.93612
30	176	1.16165
30	180	1.03283
31	18	1.04774
31	80	1.2668
31	85	1.11316
31	88	1.02236
31	109	1.14219
31	169	0.939045
31	171	0.934379
31	172	0.930259
31	173	0.937702
31	174	0.931625
31	176	0.929317
31	177	0.930716
31	178	0.930801
31	179	0.936156
32	132	0.927429
32	134	0.919837
32	144	0.954255
32	145	0.932097
32	148	0.955413
32	154	0.948123
32	155	1.10349
32	157	0.928881
32	159	0.92381
32	162	0.910156
32	163	1.15509
32	164	1.11908
32	172	1.15871
32	175	1.06919
33	8	1.24759
33	134	0.826072
33	141	0.844954
33	143	0.828941
33	144	0.860489
33	145	0.838331
33	147	1.42117
33	154	0.854358
33	157	0.835116
33	159	0.830044
33	162	0.816391
33	163	1.51124
33	175	1.42533
33	180	0.865304
34	115	0.825654
34	141	0.845407
34	143	0.829393
34	144	0.860942
34	145	0.838784
34	148	0.862101
34	152	1.42476
34	154	0.854811
34	157	0.835568
34	158	1.36877
34	159	0.830497
34	161	1.39151
34	162	0.816843
34	171	1.4221
35	38	1.31721
35	128	1.05346
35	138	1.03158
35	144	1.04884
35	150	1.14036
35	166	0.938245
35	169	0.938977
35	171	0.934312
35	172	0.930191
35	174	0.931557
35	176	0.929249
35	177	0.930648
35	178	0.930733
35	179	0.936088
36	23	1.13628
36	120	0.847887
36	126	1.46005
36	128	1.46175
36	134	1.5372
36	149	0.84219
36	169	0.843872
36	170	0.842134
36	172	0.835086
36	173	0.84253
36	176	0.834144
36	177	0.835544
36	178	0.835629
36	179	0.840984
37	104	0.829734
37	114	0.828565
37	131	0.849008
37	142	0.836097
37	146	0.840531
37	150	0.830572
37	151	0.858268
37	155	0.859171
37	156	1.3503
37	164	0.826527
37	165	0.841527
37	169	1.41556
37	170	1.41152
37	172	1.42972
38	8	1.31706
38	12	0.896369
38	21	0.758529
38	35	1.31721
38	44	0.860816
38	45	0.82377
38	52	0.891862
38	69	0.833822
38	81	0.789816
38	86	0.861668
38	93	0.83597
38	121	0.847378
38	175	1.49481
38	180	1.47429
39	11	0.872267
39	30	0.897724
39	98	1.38281
39	116	0.847898
39	118	0.827815
39	119	0.819191
39	122	0.809508
39	126	0.822942
39	128	0.835624
39	134	1.37066
39	135	0.83947
39	137	1.45313
39	174	1.39692
39	175	0.827562
40	90	1.38525
40	112	0.840829
40	144	0.858213
40	148	0.859372
40	153	0.850761
40	159	0.827768
40	162	0.814114
40	164	0.824076
40	165	0.839076
40	168	0.843946
40	170	1.41063
40	173	1.4195
40	175	0.841844
40	179	1.39182
41	42	0.903318
41	50	0.768616
41	55	0.866891
41	59	0.828616
41	62	0.934291
41	67	0.803536
41	68	0.803536
41	123	1.37432
41	129	1.43411
41	131	0.828123
41	139	1.41541
41	147	1.38334
41	167	0.818479
41	180	0.844592
42	28	0.943982
42	41	0.903318
42	50	0.891074
42	59	0.951074
42	67	0.925994
42	68	0.925994
42	73	1.21842
42	101	1.09923
42	118	1.03146
42	131	0.95058
42	167	0.940937
42	176	1.13157
42	178	1.12825
42	180	0.967049
43	106	0.858724
43	109	0.805826
43	116	0.85925
43	119	0.830543
43	122	0.82086
43	126	0.834294
43	128	0.846976
43	135	0.850822
43	155	0.853791
43	160	1.38432
43	163	1.42367
43	169	1.41312
43	174	1.38601
43	175	0.838914
44	21	0.795575
44	38	0.860816
44	45	0.860816
44	52	0.928908
44	69	0.870869
44	81	0.826862
44	86	0.898714
44	93	0.873016
44	120	1.33138
44	121	0.884424
44	147	1.25041
44	161	1.29533
44	169	1.32993
45	12	0.896369
45	21	0.758529
45	38	0.82377
45	44	0.860816
45	52	0.891862
45	69	0.833822
45	81	0.789816
45	86	0.861668
45	93	0.83597
45	121	0.847378
45	133	1.48674
45	154	1.31977
45	177	1.44252
45	180	1.35457
46	115	0.80271
46	117	1.43071
46	132	0.811171
46	134	0.80358
46	138	0.836985
46	141	0.822462
46	144	0.837997
46	148	0.839156
46	154	0.831866
46	157	0.812623
46	159	0.807552
46	162	0.793898
46	167	1.52378
46	171	1.5379
46	174	1.5148
47	17	1.31706
47	96	0.861337
47	108	0.924756
47	114	0.891519
47	140	0.898462
47	142	0.899051
47	149	1.18283
47	150	0.893526
47	151	0.921222
47	153	0.916165
47	164	0.889481
47	165	0.904481
47	171	1.18734
47	176	1.2243
47	180	1.09547
48	17	1.32855
48	25	0.905385
48	58	1.19461
48	71	0.878418
48	82	0.897991
48	84	0.900054
48	85	0.898401
48	88	0.897541
48	105	0.886783
48	107	0.924283
48	129	1.1741
48	168	0.906623
48	169	1.20284
48	175	0.904521
48	180	1.10697
49	51	1.63921
49	61	1.42278
49	151	1.4186
49	157	1.5123
49	163	0.824313
49	166	0.822224
49	170	0.821218
49	171	0.818291
49	172	0.81417
49	173	0.821613
49	174	0.815536
49	176	0.813228
49	177	0.814627
49	178	0.814712
49	179	0.820067
50	27	0.716796
50	28	0.80928
50	41	0.768616
50	42	0.891074
50	55	0.854647
50	59	0.816372
50	62	0.922047
50	67	0.791292
50	68	0.791292
50	99	1.46729
50	130	1.46813
50	167	0.806235
50	170	1.57136
50	175	1.50004
50	180	0.832348
51	49	1.63921
51	102	0.807185
51	110	0.840526
51	111	0.826467
51	113	1.47529
51	124	1.44453
51	140	0.810547
51	146	0.81557
51	150	0.805611
51	151	0.833307
51	153	0.82825
51	164	0.801566
51	165	0.816566
51	167	0.814404
51	174	1.44627
52	12	0.964461
52	21	0.826621
52	38	0.891862
52	44	0.928908
52	45	0.891862
52	69	0.901914
52	81	0.857908
52	86	0.92976
52	93	0.904062
52	100	0.902642
52	117	1.13505
52	155	1.2052
52	170	1.24221
52	178	1.27588
52	180	1.15038
53	92	0.813734
53	109	0.787817
53	112	0.819889
53	116	0.841241
53	119	0.812534
53	122	0.802851
53	123	1.44898
53	126	0.816285
53	128	0.828967
53	135	0.832812
53	147	1.45799
53	161	0.820864
53	168	0.823007
53	176	1.57045
53	177	1.52957
54	1	1.3975
54	84	0.8223
54	105	0.80903
54	107	0.84653
54	116	1.46564
54	126	1.56092
54	134	0.808719
54	146	1.57114
54	154	0.837005
54	162	0.799038
54	175	0.826768
54	176	0.810222
54	177	0.811621
54	178	0.811706
54	179	0.817061
55	27	0.815071
55	41	0.866891
55	50	0.854647
55	59	0.914647
55	62	1.02032
55	67	0.889567
55	68	0.889567
55	117	1.14974
55	131	0.914154
55	147	1.18142
55	161	1.22634
55	167	0.90451
55	173	1.26577
55	175	1.18558
55	180	0.930623
56	1	0.930234
56	70	0.937156
56	131	0.90083
56	140	0.88733
56	142	0.887919
56	146	0.892352
56	150	0.882394
56	151	0.91009
56	158	1.14698
56	164	0.878348
56	165	0.893348
56	166	1.2519
56	169	1.20432
56	173	1.20915
56	177	1.19638
57	69	0.864926
57	81	0.820919
57	86	0.892771
57	91	1.32104
57	93	0.867073
57	108	0.893475
57	119	0.867596
57	128	0.884029
57	135	0.887874
57	151	0.889941
57	160	1.27416
57	164	0.858199
57	165	0.873199
57	171	1.29896
57	173	1.3078
57	180	1.20709
58	48	1.19461
58	77	1.28769
58	106	0.898755
58	112	0.877929
58	119	0.870573
58	138	1.27631
58	142	0.870747
58	150	0.865222
58	154	1.29633
58	157	1.33824
58	160	0.875913
58	164	0.861177
58	165	0.876177
58	170	0.870388
58	178	0.863882
58	179	0.869237
59	27	0.776796
59	28	0.86928
59	41	0.828616
59	42	0.951074
59	50	0.816372
59	55	0.914647
59	62	0.982047
59	67	0.851292
59	68	0.851292
59	89	1.23211
59	101	1.29441
59	129	1.26506
59	167	0.866235
59	169	1.2938
59	178	1.32343
59	180	0.892348
60	102	0.865659
60	104	0.863247
60	111	0.884941
60	113	1.28877
60	137	1.31596
60	142	0.86961
60	146	0.874044
60	150	0.864085
60	151	0.891781
60	152	0.864828
60	153	0.886724
60	160	1.25806
60	164	0.86004
60	165	0.87504
60	166	1.33444
60	175	1.2115
61	49	1.42278
61	98	1.21573
61	104	0.861314
61	114	0.860144
61	131	0.880588
61	140	0.867088
61	146	0.872111
61	150	0.862152
61	151	0.889848
61	153	0.884791
61	155	0.890751
61	163	1.2675
61	164	0.858106
61	165	0.873106
61	172	1.27111
61	174	1.22983
62	27	0.882471
62	28	0.974955
62	41	0.934291
62	50	0.922047
62	55	1.02032
62	59	0.982047
62	67	0.956967
62	68	0.956967
62	98	1.05644
62	129	1.06892
62	155	1.05661
62	156	1.0324
62	167	0.97191
62	170	1.09362
62	173	1.10249
62	180	0.998023
63	94	1.25093
63	102	1.43283
63	133	0.84498
63	134	1.42295
63	138	1.32563
63	166	0.854622
63	168	1.35948
63	169	0.855354
63	170	0.853616
63	171	0.850689
63	172	0.846568
63	173	0.854011
63	174	0.847934
63	176	0.845626
63	177	0.847025
63	178	0.84711
63	179	0.852465
64	68	1.36829
64	71	1.47558
64	111	1.26327
64	114	1.30519
64	149	0.850702
64	158	0.870146
64	160	0.856171
64	162	1.37896
64	169	0.852384
64	170	0.850646
64	172	0.843598
64	173	0.851042
64	174	0.844964
64	176	0.842656
64	177	0.844055
64	178	0.844141
64	179	0.849495
65	83	0.844896
65	102	0.838547
65	104	0.836135
65	108	0.868203
65	110	0.871888
65	142	0.842498
65	146	0.846932
65	149	1.36952
65	151	0.864669
65	153	0.859612
65	163	1.38859
65	164	0.832927
65	165	0.847927
65	167	0.845766
65	170	1.37399
65	171	1.37403
65	175	1.30268
66	11	1.29378
66	70	1.26186
66	110	1.33726
66	123	0.859921
66	134	1.47664
66	163	0.855229
66	165	1.42374
66	166	0.853141
66	170	0.852134
66	171	0.849207
66	172	0.845086
66	173	0.85253
66	174	0.846452
66	176	0.844144
66	177	0.845544
66	178	0.845629
66	179	0.850983
67	7	1.23672
67	27	0.751716
67	28	0.8442
67	41	0.803536
67	42	0.925994
67	50	0.791292
67	55	0.889567
67	59	0.851292
67	62	0.956967
67	68	0.826212
67	113	1.42199
67	131	0.850799
67	152	1.41874
67	165	1.31382
67	167	0.841155
67	177	1.41215
67	180	0.867268
68	7	1.24678
68	27	0.751716
68	28	0.8442
68	41	0.803536
68	42	0.925994
68	50	0.791292
68	55	0.889567
68	59	0.851292
68	62	0.956967
68	64	1.36829
68	67	0.826212
68	131	0.850799
68	156	1.36488
68	167	0.841155
68	174	1.40303
68	177	1.42221
68	180	0.867268
69	12	0.906422
69	21	0.768581
69	38	0.833822
69	44	0.870869
69	45	0.833822
69	52	0.901914
69	57	0.864926
69	81	0.799868
69	86	0.87172
69	93	0.846022
69	98	1.32714
69	100	0.844603
69	121	0.85743
69	133	1.40465
69	152	1.36701
69	171	1.36435
69	179	1.3455
70	56	0.937156
70	66	1.26186
70	72	0.871957
70	74	1.30561
70	83	0.901197
70	96	0.861086
70	110	0.92819
70	114	0.891267
70	139	1.11964
70	140	0.898211
70	146	0.903233
70	150	0.893275
70	151	0.920971
70	164	0.889229
70	165	0.904229
70	166	1.21467
70	171	1.16307
70	179	1.14423
71	9	0.779016
71	10	0.779016
71	25	0.840718
71	48	0.878418
71	64	1.47558
71	82	0.833324
71	84	0.835386
71	85	0.833734
71	88	0.832874
71	97	1.43318
71	105	0.822115
71	107	0.859615
71	110	1.34468
71	129	1.50869
71	136	0.823975
71	168	0.841956
71	175	0.839854
71	180	1.44156
72	70	0.871957
72	83	0.825118
72	102	0.81877
72	111	0.838051
72	118	1.41469
72	140	0.822131
72	142	0.82272
72	146	0.827154
72	149	1.47334
72	150	0.817196
72	151	0.844891
72	153	0.839834
72	160	1.45305
72	161	0.830877
72	164	0.81315
72	165	0.82815
72	169	1.48186
72	180	1.38598
73	42	1.21842
73	88	1.49695
73	139	0.845602
73	142	1.47582
73	145	1.47295
73	147	0.838174
73	156	0.838559
73	158	0.848673
73	164	1.52957
73	166	0.830179
73	170	0.829173
73	172	0.822125
73	173	0.829568
73	174	0.823491
73	176	0.821183
73	177	0.822582
73	178	0.822667
73	179	0.828022
74	4	1.30946
74	70	1.30561
74	76	1.68283
74	114	1.50557
74	130	0.843579
74	139	0.846771
74	151	1.39129
74	163	0.833437
74	169	0.832079
74	171	0.827414
74	172	0.823294
74	173	0.830737
74	174	0.82466
74	175	0.838898
74	176	0.822352
74	177	0.823751
74	178	0.823836
74	179	0.829191
75	77	0.84533
75	87	0.834788
75	103	1.47699
75	132	0.823187
75	134	0.815595
75	138	0.849
75	141	0.834477
75	143	0.818464
75	144	0.850012
75	145	0.827854
75	148	0.851171
75	156	1.37793
75	157	0.824639
75	159	0.819568
75	162	0.805914
75	172	1.45736
75	176	1.47614
75	179	1.42034
76	74	1.68283
76	87	0.821858
76	115	0.801794
76	123	1.45578
76	127	1.51254
76	132	0.810256
76	134	0.802664
76	136	0.804835
76	138	0.836069
76	141	0.821547
76	143	0.805533
76	145	0.814924
76	148	0.838241
76	154	0.830951
76	157	0.811708
76	158	1.48698
76	159	0.806637
76	162	0.792983
76	175	1.46895
77	58	1.28769
77	75	0.84533
77	78	0.887767
77	94	0.914185
77	130	1.18864
77	134	0.859595
77	138	0.892999
77	141	0.878477
77	143	0.862464
77	144	0.894012
77	148	0.895171
77	149	1.2874
77	154	0.887881
77	155	1.25487
77	157	0.868638
77	159	0.863567
77	161	1.26132
77	162	0.849913
77	176	1.32886
78	77	0.887767
78	121	1.31521
78	132	0.865623
78	138	0.891436
78	141	0.876914
78	143	0.860901
78	144	0.892449
78	145	0.870291
78	148	0.893608
78	154	0.886318
78	157	0.867075
78	159	0.862004
78	161	1.22535
78	162	0.84835
78	166	1.30753
78	167	1.24182
78	170	1.25591
78	173	1.26478
78	180	0.897264
79	19	1.32258
79	120	1.27673
79	132	0.867911
79	134	0.860319
79	138	0.893724
79	141	0.879201
79	142	1.19607
79	143	0.863188
79	144	0.894736
79	145	0.872578
79	148	0.895895
79	154	0.888605
79	157	0.869363
79	159	0.864291
79	160	1.24647
79	161	1.24068
79	162	0.850638
79	166	1.32286
79	180	0.899551
80	13	0.822744
80	31	1.2668
80	98	1.58038
80	115	0.796228
80	132	0.80469
80	138	0.830503
80	141	0.81598
80	143	0.799967
80	144	0.831515
80	145	0.809357
80	148	0.832674
80	154	0.825384
80	157	0.806142
80	159	0.80107
80	161	1.587
80	162	0.787417
80	173	1.62644
80	175	1.54625
80	180	0.83633
81	7	0.86222
81	12	0.862415
81	17	0.821853
81	21	0.724575
81	38	0.789816
81	44	0.826862
81	45	0.789816
81	52	0.857908
81	57	0.820919
81	69	0.799868
81	86	0.827713
81	89	1.50346
81	93	0.802016
81	100	0.800596
81	101	1.56576
81	121	0.813424
81	146	1.44484
81	161	1.53055
81	170	1.5611
82	9	0.798589
82	10	0.798589
82	23	0.970966
82	25	0.860291
82	48	0.897991
82	71	0.833324
82	85	0.853307
82	88	0.852447
82	100	0.849113
82	105	0.841689
82	107	0.879189
82	136	0.843548
82	158	1.2866
82	163	1.35448
82	168	0.861529
82	172	1.35809
82	174	1.31682
82	175	0.859427
82	178	1.37356
82	179	1.32108
83	18	0.869177
83	19	1.40406
83	22	0.867818
83	65	0.844896
83	70	0.901197
83	72	0.825118
83	97	1.2525
83	111	0.867291
83	114	0.844428
83	125	1.34917
83	133	1.39305
83	140	0.851371
83	142	0.851961
83	146	0.856394
83	150	0.846436
83	151	0.874132
83	164	0.84239
83	165	0.85739
83	177	1.34882
83	180	1.26088
84	9	0.800652
84	10	0.800652
84	23	0.973029
84	25	0.862354
84	48	0.900054
84	54	0.8223
84	71	0.835386
84	85	0.855369
84	88	0.85451
84	91	1.36436
84	105	0.843751
84	107	0.881251
84	136	0.845611
84	155	1.30524
84	167	1.32816
84	168	0.863591
84	173	1.35112
84	175	0.86149
84	177	1.33835
84	179	1.32343
85	5	1.27409
85	9	0.798999
85	10	0.798999
85	23	0.971376
85	31	1.11316
85	48	0.898401
85	71	0.833734
85	82	0.853307
85	84	0.855369
85	88	0.852857
85	97	1.3637
85	100	0.849524
85	105	0.842099
85	107	0.879599
85	136	0.843959
85	147	1.38844
85	155	1.42691
85	168	0.861939
85	174	1.44084
85	175	0.859837
86	2	1.19199
86	5	1.15727
86	12	0.934267
86	17	0.893705
86	21	0.796426
86	38	0.861668
86	44	0.898714
86	45	0.861668
86	52	0.92976
86	57	0.892771
86	69	0.87172
86	81	0.827713
86	93	0.873867
86	100	0.872448
86	121	0.885275
86	129	1.3224
86	167	1.33301
86	171	1.34713
86	180	1.25527
87	13	0.874699
87	75	0.834788
87	76	0.821858
87	115	0.848183
87	120	1.36172
87	126	1.22975
87	131	1.29266
87	132	0.856644
87	133	1.39657
87	134	0.849053
87	138	0.882458
87	141	0.867935
87	143	0.851922
87	148	0.884629
87	154	0.877339
87	157	0.858096
87	159	0.853025
87	162	0.839371
87	174	1.33316
87	176	1.39322
88	9	0.79814
88	10	0.79814
88	23	0.970517
88	25	0.859841
88	31	1.02236
88	48	0.897541
88	71	0.832874
88	73	1.49695
88	82	0.852447
88	84	0.85451
88	85	0.852857
88	103	1.41096
88	105	0.841239
88	107	0.878739
88	131	1.30955
88	136	0.843099
88	152	1.37581
88	168	0.861079
88	172	1.39132
88	175	0.858977
89	59	1.23211
89	81	1.50346
89	100	1.35706
89	106	0.880819
89	114	1.30535
89	116	0.881345
89	126	0.856389
89	135	0.872916
89	140	1.32797
89	141	0.861842
89	144	0.877377
89	157	0.852004
89	159	0.846932
89	162	0.833279
89	165	1.26728
89	171	0.849525
89	176	0.844462
89	177	0.845862
89	178	0.845947
89	179	0.851301
90	13	1.33737
90	18	1.37311
90	22	1.31135
90	40	1.38525
90	137	0.846491
90	139	0.873199
90	144	1.27237
90	156	0.866156
90	157	1.31705
90	158	0.87627
90	160	0.862295
90	166	0.857777
90	170	0.85677
90	171	0.853843
90	172	0.849722
90	173	0.857165
90	174	0.851088
90	176	0.84878
90	177	0.850179
90	178	0.850265
91	57	1.32104
91	84	1.36436
91	107	1.27276
91	111	1.3432
91	115	1.42067
91	124	0.869489
91	127	0.857274
91	137	0.848879
91	151	1.27084
91	156	0.868544
91	169	0.860895
91	170	0.859158
91	171	0.85623
91	172	0.852109
91	173	0.859553
91	174	0.853475
91	176	0.851168
91	177	0.852567
91	178	0.852652
91	179	0.858007
92	26	0.864007
92	53	0.813734
92	106	0.878597
92	109	0.825699
92	112	0.857771
92	116	0.879123
92	118	0.85904
92	119	0.850416
92	121	1.37554
92	122	0.840733
92	124	1.29143
92	128	0.866849
92	135	0.870694
92	155	0.873663
92	160	1.29148
92	166	1.36786
92	168	0.860888
92	172	1.33444
92	175	0.858787
92	178	1.3499
93	7	0.908374
93	12	0.908569
93	17	0.868007
93	21	0.770728
93	38	0.83597
93	44	0.873016
93	45	0.83597
93	52	0.904062
93	57	0.867073
93	69	0.846022
93	81	0.802016
93	86	0.873867
93	100	0.84675
93	117	1.25322
93	121	0.859578
93	139	1.31698
93	161	1.32982
93	163	1.37497
93	178	1.39405
93	179	1.34157
94	16	1.24014
94	63	1.25093
94	77	0.914185
94	97	1.10559
94	115	0.88358
94	132	0.892042
94	134	0.88445
94	138	0.917855
94	143	0.887319
94	144	0.918867
94	145	0.896709
94	148	0.920026
94	157	0.893494
94	159	0.888422
94	161	1.17524
94	162	0.874769
94	167	1.19171
94	168	0.904601
94	171	1.20583
94	178	1.23947
94	180	0.923682
95	12	1.33472
95	115	1.56549
95	135	1.38892
95	144	1.46469
95	147	0.833263
95	149	0.824318
95	150	1.5562
95	156	0.833648
95	158	0.843762
95	160	0.829787
95	163	0.827357
95	166	0.825268
95	168	1.48127
95	169	0.826
95	171	0.821335
95	172	0.817214
95	173	0.824657
95	174	0.81858
95	176	0.816272
95	177	0.817671
95	178	0.817756
95	179	0.823111
96	18	0.829066
96	47	0.861337
96	70	0.861086
96	104	0.805485
96	108	0.837554
96	111	0.82718
96	118	1.44825
96	130	1.40814
96	140	0.81126
96	142	0.811849
96	146	0.816282
96	150	0.806324
96	151	0.83402
96	153	0.828962
96	155	0.834923
96	158	1.45808
96	164	0.802278
96	165	0.817278
96	167	0.815116
96	169	1.51542
96	174	1.4883
96	179	1.49256
97	71	1.43318
97	83	1.2525
97	85	1.3637
97	94	1.10559
97	108	1.17708
97	123	0.886757
97	145	1.2489
97	149	0.879026
97	158	0.89847
97	160	0.884495
97	163	0.882065
97	166	0.879977
97	168	1.21413
97	169	0.880708
97	171	0.876043
97	172	0.871922
97	173	0.879366
97	175	0.887527
97	176	0.87098
97	177	0.87238
97	178	0.872465
97	179	0.877819
98	39	1.38281
98	61	1.21573
98	62	1.05644
98	69	1.32714
98	80	1.58038
98	117	0.893776
98	125	0.869485
98	139	0.876682
98	149	0.860308
98	153	1.28459
98	156	0.869639
98	159	1.35012
98	163	0.863348
98	169	0.86199
98	170	0.860252
98	171	0.857325
98	172	0.853204
98	173	0.860648
98	174	0.85457
98	176	0.852262
98	177	0.853662
98	178	0.853747
98	179	0.859102
99	50	1.46729
99	104	1.35719
99	109	1.38888
99	119	1.25172
99	131	0.873839
99	146	1.20682
99	149	0.860624
99	153	1.2177
99	158	0.880069
99	163	0.863664
99	164	1.30166
99	166	0.861575
99	169	0.862306
99	170	0.860568
99	171	0.857641
99	172	0.85352
99	173	0.860964
99	174	0.854886
99	176	0.852578
99	177	0.853978
99	178	0.854063
99	179	0.859418
99	180	0.890308
100	21	0.769309
100	52	0.902642
100	69	0.844603
100	81	0.800596
100	82	0.849113
100	85	0.849524
100	86	0.872448
100	89	1.35706
100	93	0.84675
100	104	0.841083
100	105	0.837905
100	107	0.875405
100	118	1.35158
100	120	1.4202
100	139	1.3713
100	147	1.33923
100	150	0.841922
100	153	0.86456
100	164	0.837876
100	165	0.852876
100	168	0.857746
100	175	0.855644
100	178	1.44837
100	180	1.32287
101	9	1.6424
101	42	1.09923
101	59	1.29441
101	81	1.56576
101	105	1.40625
101	106	1.27997
101	128	1.30702
101	134	0.836762
101	138	0.870167
101	140	0.846025
101	141	0.855645
101	146	0.851048
101	153	0.863728
101	154	0.865049
101	159	0.840735
101	162	0.827081
101	164	0.837044
101	165	0.852044
101	170	0.846255
101	171	0.843328
101	174	0.840573
101	177	0.839664
101	178	0.839749
101	179	0.845104
102	18	0.862829
102	51	0.807185
102	60	0.865659
102	63	1.43283
102	65	0.838547
102	72	0.81877
102	104	0.839248
102	110	0.875002
102	114	0.838079
102	117	1.28054
102	121	0.856323
102	125	1.38416
102	136	1.36912
102	140	0.845023
102	142	0.845612
102	146	0.850045
102	150	0.840087
102	151	0.867783
102	153	0.862725
102	164	0.836041
102	165	0.851041
102	170	1.3877
102	177	1.38381
102	179	1.36889
103	1	1.17509
103	75	1.47699
103	88	1.41096
103	125	0.857317
103	133	0.839448
103	136	1.44641
103	137	0.837805
103	145	1.38695
103	147	0.857086
103	153	1.3596
103	154	1.33835
103	156	0.85747
103	160	0.853609
103	163	0.851179
103	166	0.849091
103	169	0.849822
103	171	0.845157
103	172	0.841036
103	173	0.84848
103	174	0.842402
103	176	0.840094
103	177	0.841493
103	178	0.841579
103	179	0.846933
104	6	1.26347
104	18	0.860416
104	37	0.829734
104	60	0.863247
104	61	0.861314
104	65	0.836135
104	96	0.805485
104	99	1.35719
104	100	0.841083
104	102	0.839248
104	108	0.868904
104	110	0.872589
104	138	1.3146
104	140	0.84261
104	145	1.38322
104	146	0.847633
104	149	1.45678
104	150	0.837674
104	153	0.860313
104	161	0.851356
104	164	0.833629
104	165	0.848629
104	177	1.45737
104	180	1.36943
105	9	0.787381
105	10	0.787381
105	11	0.892924
105	23	0.959758
105	25	0.849083
105	48	0.886783
105	54	0.80903
105	71	0.822115
105	82	0.841689
105	84	0.843751
105	85	0.842099
105	88	0.841239
105	100	0.837905
105	101	1.40625
105	107	0.867981
105	130	1.29837
105	131	1.33803
105	136	0.83234
105	156	1.34038
105	168	0.850321
105	173	1.41048
105	174	1.37853
105	175	0.848219
105	176	1.43859
106	15	0.886317
106	26	0.890988
106	43	0.858724
106	58	0.898755
106	89	0.880819
106	92	0.878597
106	101	1.27997
106	109	0.85268
106	116	0.906104
106	119	0.877397
106	122	0.867714
106	126	0.881148
106	128	0.89383
106	135	0.897675
106	136	0.869889
106	137	1.30846
106	148	1.13249
106	161	0.885727
106	168	0.887869
106	169	1.27936
106	171	1.27535
106	172	1.29352
106	175	0.885768
106	179	1.2565
106	180	1.18348
107	9	0.824881
107	10	0.824881
107	11	0.930424
107	23	0.997258
107	25	0.886583
107	48	0.924283
107	54	0.84653
107	71	0.859615
107	82	0.879189
107	84	0.881251
107	85	0.879599
107	88	0.878739
107	91	1.27276
107	100	0.875405
107	105	0.867981
107	125	1.2471
107	127	1.22292
107	136	0.86984
107	137	1.28378
107	152	1.25334
107	158	1.19735
107	168	0.887821
107	170	1.25064
107	175	0.885719
107	178	1.28431
108	14	0.884029
108	47	0.924756
108	57	0.893475
108	65	0.868203
108	96	0.837554
108	97	1.17708
108	104	0.868904
108	110	0.904658
108	111	0.890599
108	113	1.28324
108	124	1.25249
108	140	0.874679
108	142	0.875268
108	146	0.879701
108	151	0.897439
108	153	0.892382
108	160	1.25253
108	161	0.883424
108	164	0.865697
108	165	0.880697
108	167	0.878535
108	169	1.28134
108	173	1.28617
108	175	1.20598
108	177	1.2734
109	3	0.870018
109	26	0.83809
109	31	1.14219
109	43	0.805826
109	53	0.787817
109	92	0.825699
109	99	1.38888
109	106	0.85268
109	112	0.831854
109	116	0.853206
109	118	0.833123
109	119	0.824498
109	122	0.814815
109	126	0.82825
109	128	0.840932
109	135	0.844777
109	137	1.52609
109	155	0.847746
109	156	1.43173
109	161	0.832829
109	167	1.47886
109	168	0.834971
109	172	1.51115
109	175	0.83287
109	176	1.52994
110	20	1.23883
110	24	0.888424
110	51	0.840526
110	65	0.871888
110	66	1.33726
110	70	0.92819
110	71	1.34468
110	102	0.875002
110	104	0.872589
110	108	0.904658
110	114	0.87142
110	120	1.24393
110	129	1.21374
110	130	1.13521
110	140	0.878364
110	142	0.878953
110	146	0.883386
110	150	0.873428
110	151	0.901124
110	153	0.896066
110	164	0.869382
110	165	0.884382
110	167	0.88222
110	171	1.23847
110	172	1.25665
111	1	0.907209
111	14	0.873654
111	51	0.826467
111	60	0.884941
111	64	1.26327
111	72	0.838051
111	83	0.867291
111	91	1.3432
111	96	0.82718
111	108	0.890599
111	117	1.21392
111	137	1.35423
111	140	0.864305
111	142	0.864894
111	150	0.859369
111	151	0.887065
111	152	0.860112
111	153	0.882007
111	161	0.87305
111	164	0.855323
111	165	0.870323
111	167	0.868161
111	173	1.32996
111	174	1.29801
111	175	1.24977
111	176	1.35807
112	3	0.902089
112	7	1.16482
112	26	0.870162
112	30	0.935104
112	40	0.840829
112	53	0.819889
112	58	0.877929
112	92	0.857771
112	109	0.831854
112	116	0.885278
112	119	0.85657
112	122	0.846887
112	126	0.860321
112	128	0.873003
112	129	0.868581
112	131	1.28058
112	135	0.876849
112	154	1.21751
112	160	1.31938
112	161	0.864901
112	166	1.39577
112	167	1.33005
112	168	0.867043
112	169	1.34819
112	173	1.35302
112	175	0.864941
113	51	1.47529
113	60	1.28877
113	67	1.42199
113	108	1.28324
113	125	0.860785
113	130	0.864789
113	137	0.841273
113	143	1.40055
113	147	0.860554
113	151	1.25467
113	156	0.860938
113	157	1.34838
113	160	0.857077
113	161	0.860068
113	163	0.854647
113	168	1.32029
113	169	0.85329
113	170	0.851552
113	171	0.848625
113	172	0.844504
113	173	0.851948
113	174	0.84587
113	175	0.860109
113	176	0.843562
113	177	0.844962
113	178	0.845047
113	179	0.850401
114	5	1.17317
114	16	1.39734
114	22	0.857888
114	24	0.851502
114	37	0.828565
114	47	0.891519
114	61	0.860144
114	64	1.30519
114	70	0.891267
114	74	1.50557
114	83	0.844428
114	89	1.30535
114	102	0.838079
114	110	0.87142
114	125	1.35946
114	137	1.39614
114	140	0.841441
114	142	0.84203
114	146	0.846464
114	150	0.836505
114	151	0.864201
114	153	0.859144
114	161	0.850187
114	164	0.832459
114	165	0.847459
114	167	0.845298
114	171	1.36304
115	34	0.825654
115	46	0.80271
115	76	0.801794
115	80	0.796228
115	87	0.848183
115	91	1.42067
115	94	0.88358
115	95	1.56549
115	120	1.40405
115	132	0.836581
115	134	0.828989
115	138	0.862394
115	141	0.847871
115	143	0.831858
115	144	0.863406
115	145	0.841249
115	148	0.864565
115	154	0.857275
115	157	0.838033
115	158	1.34527
115	159	0.832962
115	160	1.3738
115	162	0.819308
115	168	0.84914
115	171	1.39859
115	174	1.37549
115	175	1.32724
115	180	0.868221
116	3	0.923442
116	30	0.956456
116	39	0.847898
116	43	0.85925
116	53	0.841241
116	54	1.46564
116	89	0.881345
116	92	0.879123
116	106	0.906104
116	109	0.853206
116	112	0.885278
116	121	1.26469
116	122	0.868239
116	126	0.881674
116	128	0.894356
116	129	0.889933
116	135	0.898201
116	152	0.873314
116	158	1.1521
116	161	0.886253
116	163	1.21998
116	166	1.25701
116	168	0.888395
116	170	1.20539
116	171	1.20542
116	175	0.886294
116	176	1.24238
116	177	1.20149
117	46	1.43071
117	52	1.13505
117	55	1.14974
117	93	1.25322
117	98	0.893776
117	102	1.28054
117	111	1.21392
117	120	0.888121
117	125	0.8916
117	137	0.872089
117	142	1.24482
117	147	0.891369
117	156	0.891754
117	159	1.28014
117	160	0.887893
117	166	0.883374
117	168	1.20718
117	169	0.884105
117	170	0.882368
117	171	0.87944
117	172	0.87532
117	173	0.882763
117	174	0.876685
117	176	0.874378
117	177	0.875777
117	178	0.875862
117	179	0.881217
117	180	0.912108
118	14	1.25766
118	15	0.86676
118	27	1.72748
118	28	1.25632
118	39	0.827815
118	42	1.03146
118	72	1.41469
118	92	0.85904
118	96	1.44825
118	100	1.35158
118	109	0.833123
118	122	0.848157
118	126	0.861591
118	133	0.849018
118	134	0.848162
118	135	0.878118
118	144	0.882579
118	145	0.860421
118	146	1.24776
118	148	0.883738
118	157	0.857205
118	162	0.83848
118	165	1.2618
118	173	0.858049
118	174	0.851972
118	176	0.849664
118	177	0.851063
118	178	0.851148
118	179	0.856503
118	180	0.887394
119	3	0.894734
119	26	0.862807
119	30	0.927748
119	39	0.819191
119	43	0.830543
119	53	0.812534
119	57	0.867596
119	58	0.870573
119	92	0.850416
119	99	1.25172
119	106	0.877397
119	109	0.824498
119	112	0.85657
119	121	1.41508
119	122	0.839532
119	123	1.2713
119	125	1.35225
119	126	0.852966
119	128	0.865648
119	129	0.861225
119	131	1.29222
119	135	0.869494
119	136	0.841708
119	139	1.31238
119	161	0.857546
119	168	0.859688
119	170	1.35578
119	172	1.37399
119	175	0.857586
119	178	1.38945
120	36	0.847887
120	44	1.33138
120	79	1.27673
120	87	1.36172
120	100	1.4202
120	110	1.24393
120	115	1.40405
120	117	0.888121
120	130	0.867834
120	133	0.845961
120	134	1.38331
120	147	0.863599
120	149	0.854653
120	151	1.25422
120	156	0.863983
120	160	0.860122
120	163	0.857692
120	166	0.855604
120	168	1.31984
120	169	0.856335
120	170	0.854597
120	171	0.85167
120	172	0.847549
120	173	0.854992
120	174	0.848915
120	176	0.846607
120	177	0.848006
120	178	0.848092
120	179	0.853446
120	180	0.884337
121	30	1.18397
121	38	0.847378
121	44	0.884424
121	45	0.847378
121	69	0.85743
121	78	1.31521
121	81	0.813424
121	86	0.885275
121	92	1.37554
121	93	0.859578
121	102	0.856323
121	116	1.26469
121	119	1.41508
121	128	1.36167
121	138	1.33979
121	140	0.859685
121	141	1.39427
121	146	0.864708
121	148	1.34362
121	152	0.855492
121	164	0.850704
121	165	0.865704
121	167	0.863542
121	171	0.856988
121	173	0.86031
121	174	0.854233
121	176	0.851925
121	177	0.853324
121	178	0.85341
121	179	0.858764
122	2	1.24735
122	3	0.885051
122	15	0.848453
122	26	0.853124
122	39	0.809508
122	43	0.82086
122	53	0.802851
122	92	0.840733
122	106	0.867714
122	109	0.814815
122	112	0.846887
122	116	0.868239
122	118	0.848157
122	119	0.839532
122	124	1.37766
122	126	0.843283
122	128	0.855965
122	129	0.851542
122	135	0.859811
122	137	1.43561
122	139	1.35906
122	152	0.834924
122	155	0.86278
122	161	0.847863
122	166	1.45409
122	168	0.850005
122	169	1.40651
122	171	1.4025
122	172	1.42067
122	175	0.847903
122	180	1.31063
123	41	1.37432
123	53	1.44898
123	66	0.859921
123	76	1.45578
123	97	0.886757
123	119	1.2713
123	124	0.866963
123	132	1.27419
123	136	1.32408
123	145	1.26462
123	146	1.2264
123	147	0.865633
123	149	0.856687
123	156	0.866017
123	158	0.876132
123	160	0.862156
123	163	0.859727
123	164	1.32124
123	166	0.857638
123	167	0.860258
123	168	1.22985
123	169	0.858369
123	170	0.856631
123	171	0.853704
123	172	0.849583
123	173	0.857027
123	174	0.850949
123	175	0.865188
123	176	0.848641
123	177	0.850041
123	178	0.850126
123	179	0.85548
123	180	0.886371
124	51	1.44453
124	91	0.869489
124	92	1.29143
124	108	1.25249
124	122	1.37766
124	123	0.866963
124	125	0.868409
124	127	0.857293
124	130	0.872413
124	133	0.85054
124	137	0.848897
124	139	0.875605
124	140	1.36081
124	144	1.27295
124	145	1.3243
124	148	1.25952
124	156	0.868562
124	157	1.31762
124	158	0.878676
124	160	0.864701
124	163	0.862271
124	166	0.860182
124	168	1.28954
124	169	0.860914
124	170	0.859176
124	171	0.856249
124	172	0.852128
124	173	0.859571
124	174	0.853494
124	176	0.851186
124	177	0.852585
124	178	0.85267
124	179	0.858025
125	83	1.34917
125	98	0.869485
125	102	1.38416
125	103	0.857317
125	107	1.2471
125	113	0.860785
125	114	1.35946
125	117	0.8916
125	119	1.35225
125	124	0.868409
125	126	1.29713
125	130	0.871313
125	133	0.849441
125	138	1.27695
125	142	1.34845
125	147	0.867078
125	148	1.28079
125	149	0.858133
125	154	1.29698
125	158	0.877577
125	160	0.863602
125	163	0.861172
125	166	0.859083
125	169	0.859814
125	170	0.858077
125	171	0.855149
125	172	0.851029
125	173	0.858472
125	174	0.852394
125	176	0.850087
125	177	0.851486
125	178	0.851571
125	179	0.856926
126	2	1.14556
126	3	0.898485
126	15	0.861887
126	26	0.866558
126	30	0.9315
126	36	1.46005
126	39	0.822942
126	43	0.834294
126	53	0.816285
126	54	1.56092
126	87	1.22975
126	89	0.856389
126	106	0.881148
126	109	0.82825
126	112	0.860321
126	116	0.881674
126	118	0.861591
126	119	0.852966
126	122	0.843283
126	125	1.29713
126	128	0.869399
126	129	0.864977
126	135	0.873245
126	136	0.845459
126	149	1.29619
126	152	0.848358
126	155	0.876214
126	158	1.24738
126	166	1.3523
126	168	0.863439
126	175	0.861337
126	176	1.33766
126	179	1.28186
127	10	1.60496
127	14	1.29306
127	76	1.51254
127	91	0.857274
127	107	1.22292
127	124	0.857293
127	130	0.860197
127	133	0.838324
127	135	1.19427
127	136	1.38085
127	137	0.836682
127	139	0.86339
127	140	1.3579
127	145	1.32139
127	147	0.855962
127	149	0.847017
127	153	1.29404
127	156	0.856347
127	158	0.866461
127	160	0.852486
127	162	1.40905
127	163	0.850056
127	166	0.847967
127	169	0.848698
127	170	0.846961
127	171	0.844033
127	172	0.839912
127	173	0.847356
127	174	0.841278
127	176	0.838971
127	177	0.84037
127	178	0.840455
127	179	0.84581
127	180	0.8767
128	3	0.911167
128	11	0.918724
128	15	0.874569
128	30	0.944182
128	35	1.05346
128	36	1.46175
128	39	0.835624
128	43	0.846976
128	53	0.828967
128	57	0.884029
128	92	0.866849
128	101	1.30702
128	106	0.89383
128	109	0.840932
128	112	0.873003
128	116	0.894356
128	119	0.865648
128	121	1.36167
128	122	0.855965
128	126	0.869399
128	129	0.877659
128	133	1.34271
128	135	0.885927
128	136	0.858141
128	151	1.12395
128	152	0.86104
128	155	0.888896
128	158	1.24908
128	161	0.873979
128	168	0.876121
128	174	1.2793
128	175	0.874019
128	178	1.33604
128	179	1.28356
128	180	1.21054
129	41	1.43411
129	48	1.1741
129	59	1.26506
129	62	1.06892
129	71	1.50869
129	86	1.3224
129	110	1.21374
129	112	0.868581
129	116	0.889933
129	119	0.861225
129	122	0.851542
129	126	0.864977
129	128	0.877659
129	135	0.881504
129	136	0.853718
129	139	0.877469
129	140	1.36092
129	141	0.87043
129	143	0.854416
129	144	0.885965
129	145	0.863807
129	150	1.36457
129	154	0.879834
129	157	0.860591
129	159	0.85552
129	162	0.841866
129	163	0.864135
129	164	1.38104
129	165	1.30023
129	171	0.858113
129	173	0.861435
129	174	0.855358
129	176	0.85305
129	177	0.854449
129	178	0.854534
129	179	0.859889
130	27	1.68737
130	50	1.46813
130	74	0.843579
130	77	1.18864
130	96	1.40814
130	105	1.29837
130	110	1.13521
130	113	0.864789
130	120	0.867834
130	124	0.872413
130	125	0.871313
130	127	0.860197
130	133	0.853445
130	136	1.30534
130	139	0.87851
130	143	1.29137
130	145	1.24588
130	149	0.862137
130	151	1.14549
130	153	1.21853
130	156	0.871467
130	158	0.881581
130	160	0.867606
130	163	0.865176
130	166	0.863087
130	169	0.863818
130	170	0.862081
130	171	0.859153
130	172	0.855033
130	173	0.862476
130	174	0.856398
130	176	0.854091
130	177	0.85549
130	178	0.855575
130	179	0.86093
130	180	0.891821
131	27	0.776302
131	37	0.849008
131	41	0.828123
131	42	0.95058
131	55	0.914154
131	56	0.90083
131	61	0.880588
131	67	0.850799
131	68	0.850799
131	87	1.29266
131	88	1.30955
131	99	0.873839
131	105	1.33803
131	112	1.28058
131	119	1.29222
131	133	0.853478
131	134	1.31425
131	136	1.34501
131	137	0.851836
131	142	0.862474
131	143	1.33103
131	144	1.23419
131	150	0.856949
131	157	1.27886
131	161	0.87063
131	162	1.37321
131	164	0.852903
131	165	0.867903
131	167	0.865741
131	170	0.862114
131	172	0.855066
131	173	0.86251
131	174	0.856432
131	176	0.854124
131	179	0.860964
131	180	0.891854
132	4	0.893307
132	13	0.863097
132	20	1.35907
132	29	0.832788
132	32	0.927429
132	46	0.811171
132	75	0.823187
132	76	0.810256
132	78	0.865623
132	79	0.867911
132	80	0.80469
132	87	0.856644
132	94	0.892042
132	115	0.836581
132	123	1.27419
132	133	1.39902
132	134	0.837451
132	138	0.870856
132	141	0.856333
132	143	0.84032
132	144	0.871868
132	145	0.84971
132	148	0.873027
132	154	0.865737
132	155	1.32167
132	157	0.846495
132	158	1.30539
132	159	0.841423
132	160	1.33392
132	162	0.82777
132	163	1.37328
132	167	1.34459
132	168	0.857602
132	172	1.37689
132	174	1.33561
132	178	1.39235
132	180	0.876683
133	12	1.20813
133	45	1.48674
133	63	0.84498
133	69	1.40465
133	83	1.39305
133	87	1.39657
133	103	0.839448
133	118	0.849018
133	120	0.845961
133	124	0.85054
133	125	0.849441
133	127	0.838324
133	128	1.34271
133	130	0.853445
133	131	0.853478
133	132	1.39902
133	139	0.856637
133	141	1.3753
133	142	1.39232
133	147	0.849209
133	149	0.840264
133	150	1.42961
133	158	0.859708
133	163	0.843303
133	165	1.36526
133	166	0.841214
133	169	0.841946
133	170	0.840208
133	171	0.837281
133	172	0.83316
133	173	0.840603
133	174	0.834526
133	175	0.848765
133	176	0.832218
133	177	0.833617
