1	20	1.01166
1	87	1.0244
1	112	1.01735
1	118	1.02481
1	123	1.04486
1	130	0.901573
1	136	1.05529
1	159	1.01202
1	162	0.894798
1	168	0.962982
1	176	1.02455
1	177	1.0394
2	22	1.12258
2	58	0.872482
2	113	0.979951
2	114	0.978428
2	140	1.04686
2	141	0.995841
2	160	0.971475
2	162	1.02466
2	168	0.977948
2	175	1.01809
2	178	0.999113
2	179	1.00837
3	146	1.04513
3	147	0.942658
3	154	1.02851
3	156	0.953007
3	166	1.01436
3	167	1.02478
3	170	1.02703
3	173	1.02495
3	174	0.973828
3	177	0.960015
3	179	0.966685
3	180	1.03434
4	69	0.872847
4	93	1.04176
4	95	1.08609
4	118	0.990697
4	121	1.12092
4	131	1.00415
4	144	1.0156
4	148	1.01953
4	151	1.01114
4	153	0.885585
4	165	1.01972
4	167	0.935908
5	36	1.05443
5	92	1.04946
5	106	0.941815
5	114	1.00407
5	127	1.03294
5	133	1.01541
5	143	0.95094
5	147	1.04123
5	155	0.960043
5	163	1.03493
5	165	0.917018
5	176	1.01716
6	30	0.940147
6	66	0.971083
6	129	0.958017
6	138	1.04148
6	140	1.06334
6	148	1.02309
6	151	1.0147
6	152	0.96372
6	159	1.0011
6	171	0.981271
6	174	1.02394
6	177	1.02847
7	13	1.00499
7	71	1.02279
7	106	0.954714
7	115	0.988829
7	117	1.04606
7	132	0.955727
7	134	1.06554
7	158	0.933238
7	167	0.959442
7	168	1.00527
7	175	1.04542
7	178	1.02644
8	71	0.887175
8	89	1.18719
8	91	0.936296
8	105	1.14648
8	111	1.23734
8	115	0.853211
8	139	1.23319
8	149	0.906902
8	153	0.903707
8	156	0.895549
8	162	0.916368
8	179	0.900071
9	82	0.954357
9	91	1.05214
9	99	0.919895
9	107	0.979464
9	109	0.996686
9	123	1.025
9	130	1.05346
9	137	1.0504
9	153	1.01955
9	154	0.976893
9	178	1.00666
9	180	0.976116
10	62	0.943453
10	84	1.09013
10	92	1.00169
10	104	0.992851
10	114	0.956297
10	124	0.987008
10	125	0.974022
10	133	0.967633
10	150	1.00916
10	154	1.02441
10	166	1.0536
10	168	1.03817
10	176	0.969393
11	59	1.09381
11	102	1.01603
11	108	1.04367
11	139	0.962483
11	149	0.977534
11	150	0.974695
11	164	1.04219
11	167	1.05897
11	168	0.940286
11	171	0.977172
11	175	0.980431
11	178	0.961451
11	179	0.970704
12	33	1.03961
12	73	1.08148
12	108	0.973502
12	114	0.946033
12	123	1.02639
12	125	0.963758
12	127	0.974902
12	133	0.957369
12	147	0.983191
12	152	1.02619
12	171	1.04374
12	175	1.02745
12	176	0.959129
13	7	1.00499
13	74	1.03523
13	77	0.947826
13	113	0.946889
13	120	1.01604
13	122	1.05585
13	126	0.981872
13	144	0.975604
13	159	0.95754
13	162	1.03214
13	168	1.10033
13	176	0.970066
13	177	0.984918
14	26	1.01898
14	36	1.15852
14	70	0.998074
14	92	0.989075
14	94	0.94135
14	125	0.961408
14	133	0.955019
14	147	0.980841
14	165	1.02111
14	171	0.999345
14	174	1.02371
14	176	0.956779
14	177	1.00989
15	38	0.949518
15	58	1.01928
15	72	0.977162
15	109	0.965947
15	115	0.93831
15	153	0.988807
15	156	0.980648
15	170	1.07246
15	173	1.07741
15	174	0.984261
15	176	1.07551
15	178	0.975918
15	179	0.98517
16	24	0.819217
16	98	1.11098
16	104	0.874236
16	113	1.09268
16	142	0.853824
16	154	1.1295
16	159	1.10333
16	163	0.883675
16	164	0.885861
16	168	1.09666
16	170	0.88178
16	175	1.1368
16	179	1.12708
17	49	1.13692
17	75	1.05609
17	123	0.830467
17	124	1.12702
17	129	0.824561
17	133	1.10764
17	143	0.903498
17	147	1.13347
17	155	0.912601
17	163	1.12717
17	176	1.1094
17	179	0.865034
17	180	0.877517
18	53	1.18335
18	60	0.926277
18	85	0.878911
18	108	1.11478
18	115	1.06477
18	132	0.838427
18	141	0.891469
18	155	0.855641
18	170	0.821284
18	175	1.12135
18	176	1.1004
18	178	1.10237
18	179	1.11163
19	28	1.0297
19	40	0.970365
19	49	0.975404
19	53	1.03084
19	62	0.92195
19	66	1.01303
19	94	0.932462
19	104	0.971348
19	146	1.01173
19	163	0.965654
19	167	1.07451
19	169	1.06384
19	179	1.04044
20	1	1.01166
20	34	1.01968
20	68	0.9019
20	105	1.0426
20	117	1.01508
20	126	0.965073
20	136	0.984009
20	138	0.981122
20	139	0.994256
20	143	1.09514
20	168	1.0837
20	174	0.963582
20	176	0.953268
21	30	0.992637
21	128	1.06101
21	135	1.04709
21	146	0.992839
21	160	0.966317
21	161	0.979131
21	165	1.05552
21	166	0.962076
21	170	0.974741
21	172	0.970058
21	173	0.972666
21	179	1.05098
21	180	0.982047
22	2	1.12258
22	34	0.788834
22	47	0.855214
22	87	0.914269
22	130	1.14037
22	131	0.898792
22	141	0.909221
22	152	1.12636
22	165	1.10126
22	173	0.843991
22	175	1.11255
22	178	1.09357
22	179	1.10282
23	99	1.01266
23	134	1.01801
23	136	1.04126
23	142	1.00329
23	151	1.06906
23	164	0.984924
23	166	0.958694
23	167	0.969107
23	169	0.969055
23	172	0.966676
23	173	0.969285
23	177	1.04973
23	180	0.978665
24	16	0.819217
24	76	1.0231
24	85	1.02371
24	135	0.940435
24	144	0.96274
24	154	1.05328
24	162	0.903172
24	164	1.06536
24	169	1.0495
24	170	1.0518
24	172	1.04712
24	173	1.04973
24	174	0.951473
24	180	1.05911
25	56	1.01962
25	62	1.1832
25	88	0.898333
25	98	1.08577
25	119	1.16822
25	124	1.05798
25	136	0.948351
25	144	0.923148
25	148	0.927074
25	154	0.931254
25	159	0.905084
25	165	0.927267
25	170	1.11917
25	176	0.91761
26	14	1.01898
26	28	1.11018
26	67	0.890248
26	104	1.05182
26	108	1.04274
26	127	1.04414
26	147	1.05243
26	151	0.933058
26	160	0.979429
26	163	1.04613
26	167	0.954468
26	176	1.02836
26	177	0.913732
26	179	0.920401
27	75	1.03709
27	79	1.08383
27	103	0.913089
27	105	0.790764
27	137	1.07411
27	148	0.936582
27	149	1.04645
27	153	1.04326
27	156	1.0351
27	157	1.04543
27	161	0.969435
27	170	0.953102
27	178	1.03037
27	179	1.03962
28	19	1.0297
28	26	1.11018
28	78	1.00206
28	94	1.03254
28	102	0.87482
28	114	1.03488
28	119	0.981978
28	125	1.0526
28	127	1.06375
28	147	1.07203
28	150	0.917735
28	154	0.932978
28	166	0.962168
28	168	0.946745
29	64	0.944344
29	101	1.09599
29	110	0.876212
29	112	1.03873
29	113	1.02275
29	144	1.05147
29	148	1.05539
29	149	0.92541
29	159	1.0334
29	163	0.9528
29	169	0.961097
29	174	1.05624
29	176	1.04593
29	179	0.937696
30	6	0.940147
30	21	0.992637
30	42	0.945187
30	56	0.851229
30	135	1.04644
30	147	0.911313
30	156	1.04737
30	157	1.0577
30	162	1.06819
30	168	1.02148
30	170	0.94855
30	175	1.06162
30	178	1.04264
30	179	1.05189
31	82	1.09555
31	85	1.17566
31	130	0.962171
31	134	0.954476
31	142	1.09008
31	149	0.931456
31	156	0.920103
31	157	0.930431
31	164	1.12212
31	172	1.12243
31	175	0.934352
31	177	0.928253
31	178	0.915373
31	179	0.924625
32	49	0.94475
32	79	1.05165
32	81	0.952765
32	104	0.940694
32	107	0.938366
32	108	0.931609
32	114	0.90414
32	123	1.11223
32	124	0.934851
32	143	1.18526
32	153	1.13054
32	163	0.934999
32	171	1.12958
32	176	0.917236
33	12	1.03961
33	62	1.02071
33	94	1.03122
33	100	1.01066
33	103	0.894218
33	104	1.0701
33	111	0.862747
33	125	1.05127
33	127	1.06242
33	133	1.04489
33	143	0.959484
33	147	1.07071
33	167	0.955087
33	179	0.92102
34	20	1.01968
34	22	0.788834
34	106	1.04623
34	129	1.08408
34	155	1.04197
34	162	0.915532
34	165	0.961232
34	166	1.03374
34	169	1.0441
34	170	1.0464
34	171	1.05193
34	174	0.963834
34	177	0.950021
34	180	1.05371
35	94	0.958482
35	95	1.10559
35	117	1.05116
35	122	0.896649
35	152	1.06433
35	154	0.927359
35	155	0.961666
35	156	1.03627
35	162	1.05709
35	168	1.01037
35	173	0.932263
35	178	1.03154
35	179	1.04079
35	180	0.926582
36	5	1.05443
36	14	1.15852
36	56	1.05152
36	112	1.17204
36	141	0.921071
36	153	0.938631
36	157	0.9408
36	158	0.949076
36	159	1.1536
36	161	0.940326
36	167	0.933683
36	168	0.904577
36	178	0.925742
36	180	0.943241
37	88	1.02436
37	106	0.960962
37	113	1.02046
37	119	0.993883
37	139	0.869205
37	140	1.09335
37	144	1.04917
37	148	1.0531
37	151	1.04471
37	164	0.948914
37	165	1.05329
37	170	0.944833
37	175	0.898112
37	177	1.05849
38	15	0.949518
38	68	0.994817
38	80	1.01531
38	84	0.962943
38	126	1.05799
38	131	1.04027
38	138	1.07404
38	140	1.0959
38	145	0.909883
38	151	1.04726
38	158	0.891818
38	159	1.03366
38	165	1.05584
38	179	0.883955
39	82	0.984235
39	91	1.03282
39	115	0.949732
39	127	0.992404
39	133	1.00871
39	142	0.978766
39	152	1.02013
39	157	1.0024
39	162	1.01289
39	163	1.00862
39	167	1.02758
39	174	0.995683
39	177	1.00022
39	178	0.987339
39	179	0.996592
40	19	0.970365
40	52	1.08883
40	64	1.03066
40	78	0.94272
40	94	0.973205
40	102	0.949208
40	131	1.06707
40	133	0.986875
40	143	1.03257
40	147	1.0127
40	150	0.992123
40	163	1.0064
40	171	0.976888
40	176	0.988634
40	179	0.994107
41	63	0.961814
41	74	0.949481
41	100	1.07578
41	104	0.991812
41	109	0.979711
41	159	1.00411
41	161	1.00427
41	164	1.01344
41	170	0.999876
41	173	0.997802
41	175	1.00866
41	176	1.00241
41	178	0.989682
41	179	0.998935
41	180	1.00718
42	30	0.945187
42	54	0.935695
42	70	1.04013
42	78	0.95292
42	94	0.983405
42	96	1.04238
42	108	1.01321
42	114	0.985739
42	119	1.06579
42	125	1.00346
42	133	0.997075
42	147	1.0229
42	169	1.02693
42	176	0.998834
42	177	0.996861
43	131	1.0647
43	143	0.995662
43	155	0.997062
43	160	0.993067
43	167	0.999238
43	170	1.00149
43	171	1.00702
43	172	0.996807
43	173	0.999416
43	175	0.958226
43	176	1.00801
43	177	0.985068
43	178	0.986579
43	179	0.991738
43	180	1.0088
44	62	1.06053
44	69	1.02433
44	134	1.02538
44	139	0.920871
44	145	0.992955
44	158	0.991152
44	161	1.01283
44	162	1.01183
44	163	0.998394
44	167	1.01736
44	168	0.965111
44	175	1.00526
44	177	0.999157
44	178	0.986276
44	179	0.995528
45	105	0.898503
45	121	0.926065
45	132	1.02088
45	137	1.01328
45	146	1.02507
45	147	1.0236
45	155	1.00254
45	162	1.00647
45	166	0.994303
45	169	1.00466
45	170	1.00697
45	173	1.00489
45	175	1.01412
45	177	1.04096
45	180	1.01427
46	72	1.0281
46	80	0.967957
46	93	0.997375
46	121	0.934165
46	137	0.978898
46	148	1.00994
46	152	0.978478
46	160	1.00664
46	161	1.01946
46	169	1.01276
46	170	1.01507
46	172	1.01038
46	173	1.01299
46	177	1.00658
46	180	1.02237
47	22	0.855214
47	94	1.06745
47	109	1.05599
47	137	0.98872
47	139	1.03282
47	146	1.01053
47	152	0.9883
47	158	1.00558
47	159	1.04103
47	160	0.984011
47	164	1.006
47	166	0.97977
47	167	0.990183
47	169	0.99013
47	180	0.999741
48	91	0.988068
48	95	0.938781
48	118	0.978582
48	123	1.01852
48	129	1.03503
48	140	0.987532
48	155	0.992923
48	161	1.00174
48	162	1.01193
48	167	0.995099
48	170	0.997351
48	171	1.00288
48	172	0.992668
48	174	1.06023
48	180	1.00466
49	17	1.13692
49	19	0.975404
49	32	0.94475
49	75	0.940359
49	94	0.978244
49	108	1.00805
49	116	1.08373
49	119	1.04639
49	120	0.926871
49	127	1.00945
49	133	0.991914
49	156	0.970456
49	163	1.01144
49	166	1.02658
49	171	0.966915
50	99	1.03764
50	104	1.02509
50	129	0.978953
50	139	0.957009
50	140	1.03345
50	144	0.989273
50	146	0.990714
50	148	0.993199
50	151	0.984814
50	159	0.971209
50	165	0.993392
50	172	1.03704
50	174	0.994049
50	177	0.998586
50	178	1.01427
51	54	0.968149
51	99	1.04439
51	110	0.974501
51	112	0.983291
51	123	1.0108
51	131	0.984578
51	147	1.01196
51	154	1.00414
51	159	0.977966
51	162	0.994827
51	165	1.00015
51	171	1.01877
51	176	0.990492
51	177	1.00534
51	178	1.03083
52	40	1.08883
52	75	1.01304
52	92	1.09865
52	94	1.05093
52	114	1.05326
52	125	1.07099
52	132	0.954202
52	133	1.0646
52	134	0.885454
52	147	1.09042
52	152	0.88908
52	171	0.90663
52	176	1.06636
52	177	0.91718
52	178	0.918691
52	180	0.936332
53	18	1.18335
53	19	1.03084
53	64	1.09113
53	70	1.0904
53	78	1.00319
53	84	0.989902
53	94	1.03368
53	125	1.05373
53	128	0.920944
53	142	0.896168
53	152	0.876144
53	153	0.894658
53	154	0.924174
53	163	1.06687
53	176	1.0491
53	179	0.910914
54	42	0.935695
54	51	0.968149
54	56	0.841737
54	97	1.05391
54	137	0.891497
54	142	1.0937
54	153	0.909591
54	164	1.07533
54	167	1.05951
54	169	1.05946
54	170	1.06176
54	171	1.06729
54	173	1.05969
54	174	0.932991
54	178	0.920689
54	180	1.06907
55	58	0.859701
55	96	0.938517
55	126	0.930794
55	137	1.09056
55	140	1.09456
55	145	1.0535
55	153	1.05971
55	161	0.929209
55	162	1.07237
55	172	0.917275
55	173	0.91783
55	175	1.0658
55	177	1.0597
55	178	1.04682
55	179	1.05607
55	180	0.912149
56	25	1.01962
56	30	0.851229
56	36	1.05152
56	54	0.841737
56	113	1.04499
56	126	1.07997
56	128	0.919601
56	130	0.875189
56	144	1.07371
56	148	1.07763
56	151	1.06925
56	167	0.943639
56	170	0.922782
56	174	1.07848
56	176	1.06817
56	177	1.08302
57	103	0.986362
57	123	1.03684
57	129	0.988882
57	139	0.991588
57	141	0.936335
57	159	1.08937
57	161	0.95559
57	166	0.938535
57	170	0.951199
57	172	0.946517
57	173	0.949125
57	174	1.07855
57	175	1.0379
57	176	1.08768
57	178	1.06625
57	180	0.958506
58	2	0.872482
58	15	1.01928
58	55	0.859701
58	61	0.85963
58	91	0.888699
58	139	1.10632
58	141	1.05106
58	155	1.0615
58	165	0.958259
58	166	1.05326
58	167	1.06368
58	170	1.06593
58	172	1.06125
58	173	1.06385
58	178	0.94856
58	180	1.07323
59	11	1.09381
59	78	1.15195
59	84	0.937319
59	86	1.01122
59	102	1.01769
59	134	1.0242
59	155	0.948959
59	156	1.04891
59	158	0.966527
59	161	0.957777
59	164	0.966951
59	166	0.940722
59	171	0.958913
59	172	0.948704
59	179	1.06259
59	180	0.960693
60	18	0.926277
60	124	1.06391
60	141	0.947699
60	153	1.09563
60	160	0.95414
60	164	0.976128
60	166	0.949898
60	167	0.960311
60	169	0.960259
60	170	0.962563
60	172	0.95788
60	173	0.960489
60	175	1.07837
60	176	1.12815
60	178	1.10673
60	180	0.969869
61	58	0.85963
61	115	1.02418
61	135	1.06559
61	144	0.918005
61	150	1.07503
61	151	0.912252
61	152	1.09458
61	154	0.912854
61	157	1.07684
61	160	0.958623
61	162	1.08734
61	164	0.916886
61	168	1.04062
61	176	0.915862
61	178	1.06179
61	179	1.07104
62	10	0.943453
62	19	0.92195
62	25	1.1832
62	33	1.02071
62	44	1.06053
62	64	0.982243
62	95	0.956618
62	139	0.992773
62	160	0.943961
62	168	1.09795
62	172	0.947701
62	173	0.95031
62	175	1.03741
62	176	0.940219
62	177	1.06425
62	180	0.95969
63	41	0.961814
63	74	1.06597
63	93	1.0325
63	94	1.01373
63	100	0.978466
63	105	1.09014
63	124	0.921373
63	126	1.01261
63	131	0.994894
63	138	1.02866
63	142	0.954604
63	148	1.01027
63	149	0.957064
63	150	0.967367
63	151	1.00189
63	159	0.988281
63	160	1.02838
64	29	0.944344
64	40	1.03066
64	53	1.09113
64	62	0.982243
64	69	0.971336
64	83	0.978375
64	92	1.04048
64	94	0.992754
64	95	0.886025
64	108	1.02256
64	114	0.995087
64	133	1.00642
64	163	1.02595
64	168	1.02736
64	171	0.983112
64	172	1.01794
64	176	1.00818
65	90	0.959264
65	103	1.05304
65	110	0.932422
65	126	1.02503
65	140	0.92835
65	143	1.01205
65	155	1.01345
65	157	1.00238
65	160	1.00945
65	164	1.03144
65	166	1.00521
65	167	1.01562
65	169	1.01557
65	170	1.01787
65	175	0.960394
65	178	0.988747
65	180	1.02518
66	6	0.971083
66	19	1.01303
66	87	0.989592
66	110	0.904792
66	145	0.992203
66	146	1.0384
66	155	1.01588
66	158	1.03345
66	160	1.01188
66	167	1.01805
66	169	1.018
66	171	1.02583
66	173	1.01823
66	174	0.973419
66	176	0.982543
66	177	0.959606
66	180	1.02761
67	26	0.890248
67	96	1.00238
67	109	1.00213
67	122	0.946079
67	151	0.976188
67	152	1.04489
67	153	1.02499
67	156	1.01683
67	157	1.02716
67	160	1.02256
67	161	0.993074
67	168	0.990933
67	175	1.03108
67	177	1.02498
67	178	1.0121
67	179	1.02135
67	180	0.976013
68	20	0.9019
68	38	0.994817
68	77	0.892551
68	115	1.1851
68	126	0.926597
68	136	0.945533
68	138	0.942646
68	143	1.16444
68	148	0.924255
68	151	0.915871
68	159	0.902266
68	162	1.08482
68	165	0.924449
68	171	1.10875
68	172	1.14358
68	174	0.925106
68	178	1.12081
69	4	0.872847
69	44	1.02433
69	64	0.971336
69	72	1.0094
69	117	1.02778
69	120	1.05215
69	126	0.995816
69	150	1.0214
69	154	0.977947
69	156	1.01289
69	161	0.994231
69	162	1.03371
69	167	0.998755
69	168	0.986993
69	169	0.988089
69	178	1.00816
69	179	1.01741
70	14	0.998074
70	42	1.04013
70	53	1.0904
70	75	0.954141
70	99	0.92313
70	104	1.03091
70	124	1.02507
70	125	1.01208
70	133	1.0057
70	147	1.03152
70	149	0.954582
70	158	0.974731
70	160	1.0259
70	167	1.00094
70	171	0.949649
70	174	0.974012
70	176	1.00745
71	7	1.02279
71	8	0.887175
71	89	0.914124
71	113	1.09005
71	130	1.01326
71	134	1.00556
71	137	1.0102
71	149	0.982542
71	156	0.971189
71	157	0.981517
71	159	1.04051
71	170	1.03575
71	172	1.04015
71	173	1.04071
71	175	0.985438
71	176	1.03881
71	178	0.966458
71	179	0.975711
72	15	0.977162
72	46	1.0281
72	69	1.0094
72	77	1.10311
72	111	0.950262
72	145	0.978024
72	158	1.0164
72	162	0.996895
72	165	0.979031
72	166	1.05098
72	168	0.95018
72	169	1.03194
72	174	0.979688
72	175	0.990325
72	177	0.984226
72	178	0.971345
72	179	0.980598
72	180	1.02102
73	12	1.08148
73	89	1.0377
73	109	1.04712
73	115	1.07332
73	121	0.899063
73	139	1.02035
73	149	1.00191
73	161	0.984356
73	164	0.99353
73	166	0.967301
73	167	0.977714
73	169	0.977661
73	170	0.979966
73	172	0.975283
73	175	0.980685
73	177	1.00753
73	178	1.00904
73	180	0.987272
74	13	1.03523
74	41	0.949481
74	63	1.06597
74	89	0.848598
74	113	1.00815
74	126	1.04313
74	128	0.967046
74	131	1.02541
74	144	1.03686
74	145	0.982945
74	148	1.04079
74	151	1.0324
74	156	0.943339
74	157	0.965487
74	159	1.0188
74	160	1.01605
74	171	0.939798
74	174	1.04164
74	177	1.04617
75	17	1.05609
75	27	1.03709
75	49	0.940359
75	52	1.01304
75	70	0.954141
75	76	1.16965
75	81	0.948375
75	95	0.97658
75	104	0.936303
75	108	0.927219
75	127	0.928619
75	133	0.911086
75	147	0.936907
75	163	0.930609
75	164	1.10818
75	168	1.11791
75	173	1.10905
75	176	0.912845
75	178	1.08573
76	24	1.0231
76	75	1.16965
76	83	0.94477
76	90	0.973449
76	103	1.04565
76	104	1.07812
76	128	0.945901
76	130	0.975959
76	140	0.976906
76	144	1.09086
76	153	0.942049
76	165	0.936847
76	167	1.10652
76	171	0.944881
76	175	0.94814
76	177	0.942041
76	178	0.92916
76	179	0.938413
76	180	1.08493
77	13	0.947826
77	68	0.892551
77	72	1.10311
77	99	0.99782
77	129	1.04779
77	131	0.938005
77	136	0.97466
77	144	0.949457
77	148	0.953383
77	159	0.931393
77	161	1.1178
77	165	0.953576
77	169	1.11166
77	170	1.10147
77	171	1.07104
77	174	0.954233
77	175	1.05475
77	176	0.943919
77	177	0.95877
78	28	1.00206
78	40	0.94272
78	42	0.95292
78	53	1.00319
78	59	1.15195
78	81	0.955774
78	83	1.06108
78	92	0.952541
78	104	0.943703
78	125	0.924874
78	127	0.936018
78	133	0.918485
78	137	1.04869
78	147	0.944307
78	156	1.06936
78	173	1.1012
78	176	0.920245
78	178	1.07788
78	180	1.09552
79	27	1.08383
79	32	1.05165
79	86	0.848596
79	111	0.840261
79	113	0.966039
79	121	1.11761
79	128	1.04031
79	132	0.928887
79	135	1.02736
79	149	1.03965
79	153	1.03645
79	161	0.928078
79	167	0.932601
79	168	1.0024
79	174	1.03191
79	175	1.04254
79	177	1.03645
79	178	1.02356
79	179	1.03282
80	38	1.01531
80	46	0.967957
80	110	1.06355
80	118	0.924609
80	120	0.977177
80	124	1.07706
80	146	0.961476
80	149	1.11275
80	156	1.11136
80	160	0.934955
80	163	0.948977
80	164	0.956943
80	165	1.12958
80	167	0.941126
80	169	0.941074
80	170	0.943378
80	171	0.948905
80	175	1.09153
80	180	0.950684
81	32	0.952765
81	75	0.948375
81	78	0.955774
81	101	0.977336
81	104	1.02515
81	107	1.02282
81	108	1.01606
81	117	0.974817
81	125	1.00632
81	127	1.01746
81	133	0.999929
81	140	0.950859
81	143	1.05488
81	146	0.987702
81	147	1.02575
81	157	1.02489
81	163	1.01945
81	169	1.03982
81	171	0.999196
81	176	1.00169
82	9	0.954357
82	31	1.09555
82	39	0.984235
82	88	1.02752
82	111	1.04641
82	135	0.980511
82	136	0.969263
82	141	0.98057
82	146	1.01353
82	150	0.998484
82	155	0.991006
82	164	1.009
82	166	0.982769
82	169	0.99313
82	170	0.995434
82	172	0.990752
82	173	0.99336
82	176	1.00067
82	179	0.984406
82	180	1.00274
83	64	0.978375
83	76	0.94477
83	78	1.06108
83	108	0.990496
83	128	1.00245
83	130	1.03251
83	137	1.02945
83	145	0.99239
83	152	1.0185
83	153	0.9986
83	155	1.01929
83	157	1.00077
83	163	0.986831
83	164	0.989018
83	173	0.98989
83	174	0.994054
83	175	1.00469
83	178	0.985711
83	179	0.994963
83	180	0.984209
84	10	1.09013
84	38	0.962943
84	53	0.989902
84	59	0.937319
84	87	0.943709
84	92	1.03018
84	147	1.04864
84	151	1.08533
84	157	0.979287
84	159	1.09063
84	162	0.989778
84	164	0.987986
84	166	0.961757
84	168	0.943063
84	169	0.972117
84	172	0.969739
84	174	0.972571
84	175	0.983208
84	176	1.08894
84	179	0.97348
84	180	0.981728
85	18	0.878911
85	24	1.02371
85	31	1.17566
85	117	1.02292
85	119	0.94094
85	132	0.976305
85	135	1.06063
85	142	0.994328
85	149	1.05223
85	151	1.07718
85	158	0.975538
85	160	0.953974
85	164	0.975962
85	166	0.949732
85	167	0.960145
85	169	0.960093
85	170	0.962397
85	172	0.957714
85	174	1.07166
85	178	1.05936
85	180	0.969703
86	59	1.01122
86	79	0.848596
86	94	0.988126
86	122	1.07206
86	126	0.974872
86	131	1.01671
86	140	0.878188
86	146	1.06642
86	152	0.908974
86	153	0.927487
86	154	1.0498
86	158	1.06146
86	164	1.06189
86	166	1.03566
86	167	1.04607
86	169	1.04602
86	170	1.04832
86	172	1.04364
86	175	0.910232
86	177	0.937074
86	180	1.05563
87	1	1.0244
87	22	0.914269
87	66	0.989592
87	84	0.943709
87	89	1.01751
87	129	0.997459
87	140	1.01657
87	151	1.09478
87	155	0.955348
87	158	0.972917
87	161	0.964166
87	164	0.97334
87	165	1.08667
87	166	0.947111
87	170	0.959776
87	172	0.955093
87	173	0.957702
87	176	1.09839
87	177	1.07546
87	179	1.08213
87	180	0.967082
88	25	0.898333
88	37	1.02436
88	82	1.02752
88	91	0.994331
88	93	0.978578
88	99	1.00078
88	133	1.05199
88	136	0.977623
88	146	1.00809
88	152	0.981646
88	153	0.961742
88	155	1.08437
88	159	0.934356
88	161	1.06634
88	162	0.974403
88	164	1.05409
88	172	1.05441
88	173	1.05496
88	175	0.967833
88	178	0.948853
88	179	0.958106
89	8	1.18719
89	71	0.914124
89	73	1.0377
89	74	0.848598
89	87	1.01751
89	106	1.04806
89	114	0.951245
89	120	1.08203
89	131	0.958229
89	132	1.06213
89	145	0.911192
89	152	0.850494
89	158	1.06137
89	163	1.05383
89	165	0.889805
89	167	1.04597
89	169	1.04592
89	172	1.04354
89	173	1.04615
89	179	0.885264
89	180	1.05553
90	65	0.959264
90	76	0.973449
90	104	0.964707
90	116	0.982816
90	119	1.00313
90	128	1.03113
90	162	1.03994
90	163	0.974146
90	165	1.02208
90	166	1.00149
90	167	0.993108
90	168	0.993226
90	169	0.982442
90	171	1.03011
90	172	0.97665
90	173	0.977205
90	174	1.02273
90	175	1.03337
90	177	1.02727
90	178	1.01439
90	179	1.02364
90	180	0.971524
91	8	0.936296
91	9	1.05214
91	39	1.03282
91	48	0.988068
91	58	0.888699
91	88	0.994331
91	98	1.00873
91	109	1.00561
91	118	1.01752
91	121	1.14774
91	151	0.941321
91	152	1.04837
91	153	1.02847
91	156	1.02031
91	158	0.936526
91	160	0.987691
91	164	0.945954
91	168	0.994415
91	175	1.03456
91	176	0.944931
91	178	1.01558
91	179	1.02483
92	5	1.04946
92	10	1.00169
92	14	0.989075
92	52	1.09865
92	64	1.04048
92	78	0.952541
92	84	1.03018
92	104	1.02191
92	114	0.98536
92	125	1.00309
92	127	1.01423
92	143	0.989659
92	147	1.02252
92	163	1.01622
92	166	0.993644
92	168	0.978222
92	169	0.974596
92	172	0.968804
92	173	0.969359
92	174	0.958339
92	176	0.998456
92	177	0.944526
93	4	1.04176
93	46	0.997375
93	63	1.0325
93	88	0.978578
93	102	0.932911
93	105	1.08718
93	110	0.916326
93	119	1.04007
93	130	0.943427
93	138	1.02571
93	141	1.0612
93	148	1.00732
93	150	0.975826
93	151	0.998934
93	154	1.0115
93	156	0.964131
93	157	0.98628
93	159	0.985329
93	165	1.00751
93	174	1.00817
93	176	0.997855
93	177	1.01271
94	14	0.94135
94	19	0.932462
94	28	1.03254
94	33	1.03122
94	35	0.958482
94	40	0.973205
94	42	0.983405
94	47	1.06745
94	49	0.978244
94	52	1.05093
94	53	1.03368
94	63	1.01373
94	64	0.992754
94	86	0.988126
94	114	0.937635
94	127	0.966504
94	129	0.997591
94	147	0.974792
94	163	0.968493
94	167	1.07213
94	171	1.02085
94	173	1.05623
94	178	1.03291
95	4	1.08609
95	35	1.10559
95	48	0.938781
95	62	0.956618
95	64	0.886025
95	75	0.97658
95	105	1.13152
95	127	0.878268
95	141	0.962771
95	145	1.05084
95	151	1.04327
95	159	1.02966
95	162	1.06971
95	163	0.894481
95	165	1.05185
95	167	0.913444
95	168	1.02299
95	169	0.902778
95	174	1.0525
95	176	1.04219
95	177	1.05704
95	179	1.05341
95	180	0.891859
96	42	1.04238
96	55	0.938517
96	67	1.00238
96	98	1.01235
96	99	1.02791
96	114	1.09851
96	123	0.994321
96	125	1.02092
96	131	0.968098
96	138	1.00187
96	151	0.97509
96	155	0.981748
96	159	0.961485
96	160	0.977752
96	161	0.990566
96	162	0.991376
96	166	0.973511
96	168	1.05956
96	172	0.981493
96	173	0.984101
96	177	0.988863
96	179	1.03253
96	180	0.993482
97	54	1.05391
97	100	1.10618
97	107	0.991605
97	110	0.955063
97	121	0.901737
97	127	1.01544
97	142	1.01457
97	148	1.01324
97	149	1.00426
97	157	1.02502
97	160	0.974215
97	161	0.987029
97	164	0.996203
97	165	1.02109
97	167	0.980387
97	168	1.04357
97	169	0.980335
97	170	0.982639
97	171	0.988166
97	172	0.977956
97	173	0.980565
97	178	1.01139
97	180	0.989945
98	16	1.11098
98	25	1.08577
98	91	1.00873
98	96	1.01235
98	100	1.06314
98	102	1.01783
98	115	0.925646
98	135	0.967053
98	141	1.0569
98	145	0.969932
98	152	0.996046
98	155	1.02107
98	157	0.978312
98	158	0.981364
98	159	0.991463
98	162	0.988803
98	168	0.942088
98	172	0.99111
98	175	0.982233
98	176	0.989769
98	177	0.976134
98	178	0.963253
98	179	0.972506
99	9	0.919895
99	23	1.01266
99	50	1.03764
99	51	1.04439
99	70	0.92313
99	77	0.99782
99	88	1.00078
99	96	1.02791
99	100	0.99772
99	101	1.07012
99	118	1.0388
99	126	1.03187
99	136	1.0508
99	143	0.988408
99	144	1.0256
99	148	1.02952
99	149	0.937658
99	153	0.933688
99	161	0.979488
99	162	0.908786
99	172	0.967553
99	174	1.03038
99	176	1.02006
99	177	1.03491
100	33	1.01066
100	41	1.07578
100	63	0.978466
100	97	1.10618
100	98	1.06314
100	99	0.99772
100	101	0.993876
100	112	0.936617
100	117	1.04172
100	120	1.02606
100	126	0.955624
100	136	0.974559
100	138	0.971673
100	144	0.949357
100	148	0.953282
100	150	1.08134
100	151	0.944897
100	159	0.931292
100	165	0.953475
100	168	1.11035
100	170	1.09653
100	174	0.954132
100	176	0.943818
100	177	0.95867
101	29	1.09599
101	81	0.977336
101	99	1.07012
101	100	0.993876
101	112	1.00902
101	128	0.964633
101	131	1.0103
101	134	0.916208
101	138	1.04407
101	144	1.02176
101	148	1.02568
101	150	0.95262
101	151	1.0173
101	154	1.02986
101	155	1.00217
101	159	1.00369
101	167	0.98867
101	171	0.937384
101	174	1.02653
101	176	1.01622
101	177	1.03107
101	178	0.949445
101	179	0.954603
101	180	0.967086
102	11	1.01603
102	28	0.87482
102	40	0.949208
102	59	1.01769
102	93	0.932911
102	98	1.01783
102	116	0.993104
102	117	1.0443
102	124	1.04032
102	135	1.02848
102	145	1.03136
102	149	1.04076
102	155	0.996351
102	162	1.05023
102	163	0.963888
102	164	0.966075
102	165	1.03236
102	168	1.00351
102	169	0.972185
102	170	0.961994
102	172	0.966393
102	175	1.04366
102	178	1.02468
102	179	1.03393
103	27	0.913089
103	33	0.894218
103	57	0.986362
103	65	1.05304
103	76	1.04565
103	131	1.03985
103	135	0.962986
103	141	1.01079
103	142	1.05758
103	146	1.04375
103	152	0.932111
103	155	1.02122
103	156	0.953202
103	158	1.03879
103	161	1.03004
103	162	0.925723
103	163	1.03125
103	165	0.971422
103	167	1.0234
103	169	1.02335
103	172	1.02097
103	173	1.02358
103	177	0.960211
103	180	1.03296
104	10	0.992851
104	16	0.874236
104	19	0.971348
104	26	1.05182
104	32	0.940694
104	33	1.0701
104	41	0.991812
104	50	1.02509
104	70	1.03091
104	75	0.936303
104	76	1.07812
104	78	0.943703
104	81	1.02515
104	90	0.964707
104	92	1.02191
104	125	0.994246
104	127	1.00539
104	147	1.01368
104	150	0.997365
104	157	1.00782
104	160	1.05838
104	161	1.02889
104	163	1.00738
104	171	0.982129
104	176	0.989617
105	8	1.14648
105	20	1.0426
105	27	0.790764
105	45	0.898503
105	63	1.09014
105	93	1.08718
105	95	1.13152
105	116	0.944156
105	121	1.06363
105	126	1.06729
105	137	0.810204
105	138	1.08334
105	143	0.883019
105	148	1.06495
105	151	1.05657
105	154	1.06913
105	157	0.853025
105	159	1.04296
105	161	0.874098
105	164	0.861846
105	165	1.06515
105	166	0.887004
105	174	1.0658
105	176	1.05549
105	177	1.07034
106	5	0.941815
106	7	0.954714
106	34	1.04623
106	37	0.960962
106	89	1.04806
106	118	0.971551
106	129	1.028
106	132	1.00423
106	133	1.03822
106	134	0.984626
106	141	0.975457
106	143	0.984493
106	146	1.00842
106	154	0.9918
106	158	1.00346
106	159	1.04098
106	166	0.977656
106	167	0.988069
106	169	0.988016
106	172	0.985638
106	175	0.98951
106	176	1.03929
106	177	1.01635
106	179	1.02302
106	180	0.997627
107	9	0.979464
107	32	0.938366
107	81	1.02282
107	97	0.991605
107	117	0.967916
107	127	1.00306
107	131	1.08248
107	133	0.98553
107	146	1.01755
107	147	1.01135
107	148	1.0062
107	152	0.974743
107	155	0.995026
107	158	1.0126
107	161	1.00384
107	162	0.968355
107	163	1.00505
107	164	1.01302
107	165	1.01405
107	170	0.999454
107	174	1.01666
107	175	0.976002
107	176	0.987289
107	179	1.00951
107	180	1.00676
108	11	1.04367
108	12	0.973502
108	18	1.11478
108	26	1.04274
108	32	0.931609
108	42	1.01321
108	49	1.00805
108	64	1.02256
108	75	0.927219
108	81	1.01606
108	83	0.990496
108	120	0.955189
108	122	0.995001
108	125	0.985162
108	127	0.996306
108	133	0.978773
108	137	0.978102
108	147	1.00459
108	162	0.971294
108	163	0.998296
108	165	1.01699
108	173	1.03062
108	176	0.980533
108	177	1.00578
108	180	1.02493
109	9	0.996686
109	15	0.965947
109	41	0.979711
109	47	1.05599
109	67	1.00213
109	73	1.04712
109	91	1.00561
109	115	0.922523
109	123	0.97847
109	134	0.999233
109	138	1.02187
109	139	0.964185
109	141	1.11
109	144	1.04501
109	154	1.03986
109	156	0.964861
109	157	0.975189
109	158	1.03447
109	162	0.985681
109	163	1.04171
109	168	0.938966
109	170	1.03981
109	171	0.975851
109	175	0.97911
109	178	0.960131
109	179	0.969383
110	29	0.876212
110	51	0.974501
110	65	0.932422
110	66	0.904792
110	80	1.06355
110	93	0.916326
110	97	0.955063
110	120	1.06892
110	128	1.04167
110	135	1.02872
110	145	1.0316
110	149	1.04101
110	150	1.03817
110	152	1.05772
110	153	1.03781
110	154	0.945459
110	156	1.02966
110	158	0.940062
110	162	1.05047
110	165	1.03261
110	173	0.950363
110	174	1.03327
110	175	1.0439
110	178	1.02492
110	179	1.03418
110	180	0.944682
111	8	1.23734
111	33	0.862747
111	72	0.950262
111	79	0.840261
111	82	1.04641
111	121	0.960564
111	130	0.901027
111	137	0.901059
111	139	1.08186
111	145	0.961337
111	146	1.05956
111	154	1.04295
111	157	0.94388
111	160	1.03304
111	161	1.04586
111	164	1.05503
111	166	1.0288
111	167	1.03921
111	169	1.03916
111	170	1.04147
111	172	1.03678
111	173	1.03939
111	174	0.942553
111	177	0.92874
111	179	0.935409
111	180	1.04877
112	1	1.01735
112	29	1.03873
112	36	1.17204
112	51	0.983291
112	100	0.936617
112	101	1.00902
112	113	0.935781
112	120	0.972823
112	131	0.953045
112	136	0.989699
112	138	0.986812
112	144	0.964496
112	148	0.968422
112	150	1.0281
112	151	0.960037
112	154	0.972603
112	159	0.946432
112	161	1.05963
112	162	0.988928
112	166	1.07254
112	170	1.0433
112	171	1.01287
112	176	0.958958
112	177	0.97381
112	178	1.02493
112	180	1.04257
113	2	0.979951
113	13	0.946889
113	16	1.09268
113	29	1.02275
113	37	1.02046
113	56	1.04499
113	71	1.09005
113	74	1.00815
113	79	0.966039
113	112	0.935781
113	124	1.01321
113	125	1.04958
113	126	0.954788
113	131	0.937069
113	144	0.948521
113	148	0.952446
113	150	1.0592
113	151	0.944062
113	156	1.04751
113	159	0.930456
113	171	1.04397
113	172	1.0788
113	173	1.07935
113	174	0.953297
113	176	0.942982
113	177	0.957834
114	2	0.978428
114	5	1.00407
114	10	0.956297
114	12	0.946033
114	28	1.03488
114	32	0.90414
114	42	0.985739
114	52	1.05326
114	64	0.995087
114	89	0.951245
114	92	0.98536
114	94	0.937635
114	96	1.09851
114	120	1.0024
114	124	0.970679
114	127	0.968837
114	133	0.951304
114	147	0.977126
114	148	1.05635
114	163	0.970827
114	167	1.09373
114	171	1.04244
114	176	0.953064
114	177	1.05299
114	179	1.05966
114	180	1.07215
115	7	0.988829
115	8	0.853211
115	15	0.93831
115	18	1.06477
115	39	0.949732
115	61	1.02418
115	68	1.1851
115	73	1.07332
115	98	0.925646
115	109	0.922523
115	128	0.949235
115	132	1.08316
115	137	0.976236
115	145	0.939173
115	146	1.02409
115	154	1.06607
115	157	0.947553
115	161	1.08235
115	162	0.958044
115	165	0.94018
115	166	1.09525
115	170	1.06602
115	172	1.07041
115	177	0.945375
115	178	0.932494
115	179	0.941747
115	180	1.06529
116	49	1.08373
116	90	0.982816
116	102	0.993104
116	105	0.944156
116	117	0.958149
116	119	0.927263
116	129	1.05281
116	135	0.942326
116	137	0.982268
116	143	0.942892
116	145	0.945206
116	146	1.06457
116	148	1.08997
116	154	1.10654
116	158	1.10115
116	162	0.964077
116	165	0.946213
116	166	1.13573
116	168	0.917362
116	169	1.11668
116	171	0.954247
116	172	1.11089
116	174	0.94687
116	175	0.957506
116	177	0.951407
116	178	0.938527
116	179	0.947779
117	7	1.04606
117	20	1.01508
117	35	1.05116
117	69	1.02778
117	81	0.974817
117	85	1.02292
117	100	1.04172
117	102	1.0443
117	107	0.967916
117	116	0.958149
117	126	0.983213
117	129	0.911611
117	134	1.02883
117	145	0.996403
117	146	0.923372
117	152	1.02252
117	153	1.00261
117	157	1.00478
117	160	1.01111
117	161	0.981629
117	162	1.01527
117	165	0.99741
117	171	1.00544
117	173	0.970249
117	175	1.0087
117	178	0.989724
117	179	0.998976
118	1	1.02481
118	4	0.990697
118	48	0.978582
118	80	0.924609
118	91	1.01752
118	99	1.0388
118	106	0.971551
118	121	0.890817
118	123	1.04797
118	127	1.08143
118	132	0.985628
118	136	1.0674
118	143	0.965892
118	146	0.989818
118	152	1.04777
118	155	0.967292
118	158	0.98486
118	160	0.963296
118	161	0.97611
118	164	0.985284
118	166	0.959055
118	167	0.969468
118	168	1.10956
118	169	0.969415
118	172	0.967037
118	173	0.969645
118	174	1.08968
118	179	1.08254
118	180	0.979026
119	25	1.16822
119	28	0.981978
119	37	0.993883
119	42	1.06579
119	49	1.04639
119	85	0.94094
119	90	1.00313
119	93	1.04007
119	116	0.927263
119	128	0.975579
119	136	1.0408
119	141	0.954167
119	143	0.963203
119	144	1.07435
119	146	0.987129
119	147	1.03192
119	150	0.972081
119	151	1.0686
119	159	1.0739
119	163	0.97463
119	168	0.937673
119	169	0.966727
119	171	0.974558
119	173	0.966957
119	174	0.967181
119	175	0.977817
119	178	0.958838
119	179	0.96809
119	180	0.976338
120	13	1.01604
120	49	0.926871
120	69	1.05215
120	80	0.977177
120	89	1.08203
120	100	1.02606
120	108	0.955189
120	110	1.06892
120	112	0.972823
120	114	1.0024
120	121	0.943386
120	131	1.00938
120	138	0.931682
120	147	0.912393
120	148	0.933109
120	151	0.949077
120	156	1.01882
120	158	1.03743
120	160	1.01586
120	162	1.03964
120	166	1.01162
120	168	0.99293
120	170	1.02429
120	171	1.02981
120	175	1.03307
120	176	0.952687
120	178	1.01409
120	179	1.02335
120	180	1.03159
121	4	1.12092
121	45	0.926065
121	46	0.934165
121	73	0.899063
121	79	1.11761
121	91	1.14774
121	97	0.901737
121	105	1.06363
121	111	0.960564
121	118	0.890817
121	120	0.943386
121	124	1.16478
121	141	0.894723
121	142	0.941518
121	153	1.1965
121	156	1.19908
121	158	0.922727
121	160	0.901163
121	161	0.913977
121	162	1.1716
121	164	0.923151
121	166	0.896922
121	167	0.907335
121	169	0.907282
121	170	0.909587
121	173	0.907512
121	177	1.20609
121	179	1.21276
121	180	0.916893
122	13	1.05585
122	35	0.896649
122	67	0.946079
122	86	1.07206
122	108	0.995001
122	132	1.02813
122	135	0.972337
122	137	0.941882
122	139	1.05461
122	140	0.910677
122	142	1.04616
122	146	1.03232
122	155	1.0098
122	157	0.984702
122	160	1.0058
122	161	1.01861
122	162	0.935074
122	163	1.01982
122	164	1.02779
122	166	1.00156
122	167	1.01197
122	168	1.00326
122	169	1.01192
122	170	1.01422
122	172	1.00954
122	173	1.01215
122	174	0.983375
122	179	0.976232
122	180	1.02153
123	1	1.04486
123	9	1.025
123	12	1.02639
123	17	0.830467
123	32	1.11223
123	48	1.01852
123	51	1.0108
123	57	1.03684
123	96	0.994321
123	109	0.97847
123	118	1.04797
123	128	1.00518
123	131	0.980556
123	133	0.974312
123	136	1.01721
123	141	1.04251
123	144	0.992008
123	151	0.987548
123	152	1.02123
123	156	0.993171
123	159	0.973943
123	163	0.97422
123	164	0.976407
123	165	0.996127
123	168	0.967276
123	169	0.982517
123	172	0.976724
123	174	0.996784
123	175	1.00742
123	177	1.00132
124	10	0.987008
124	17	1.12702
124	25	1.05798
124	32	0.934851
124	60	1.06391
124	63	0.921373
124	70	1.02507
124	80	1.07706
124	102	1.04032
124	113	1.01321
124	114	0.970679
124	121	1.16478
124	125	0.988404
124	135	0.989545
124	139	0.883287
124	144	0.964115
124	147	1.00784
124	153	0.998634
124	156	0.990476
124	163	1.00154
124	164	0.962996
124	168	0.96458
124	169	0.969106
124	170	0.958915
124	172	0.963314
124	174	0.994088
124	175	1.00472
124	176	0.983774
124	177	0.998626
124	178	0.985745
125	10	0.974022
125	12	0.963758
125	14	0.961408
125	28	1.0526
125	33	1.05127
125	42	1.00346
125	52	1.07099
125	53	1.05373
125	70	1.01208
125	78	0.924874
125	81	1.00632
125	92	1.00309
125	96	1.02092
125	104	0.994246
125	108	0.985162
125	113	1.04958
125	124	0.988404
125	127	0.986562
125	132	1.01242
125	147	0.994851
125	165	0.986614
125	166	1.02452
125	169	1.00547
125	172	0.999681
125	173	1.00024
125	174	0.989216
125	175	0.948561
125	176	0.970789
125	177	0.975403
125	180	0.994555
126	13	0.981872
126	20	0.965073
126	38	1.05799
126	55	0.930794
126	56	1.07997
126	63	1.01261
126	65	1.02503
126	68	0.926597
126	69	0.995816
126	74	1.04313
126	86	0.974872
126	99	1.03187
126	100	0.955624
126	105	1.06729
126	113	0.954788
126	117	0.983213
126	140	1.02768
126	149	1.01252
126	150	1.02283
126	151	0.979044
126	153	1.00855
126	159	0.965439
126	165	0.987622
126	171	1.00759
126	174	0.988279
126	175	0.991299
126	176	0.977965
126	177	0.992816
126	178	1.01965
126	180	1.03729
127	5	1.03294
127	12	0.974902
127	26	1.04414
127	28	1.06375
127	33	1.06242
127	39	0.992404
127	49	1.00945
127	75	0.928619
127	78	0.936018
127	81	1.01746
127	92	1.01423
127	94	0.966504
127	95	0.878268
127	97	1.01544
127	104	1.00539
127	107	1.00306
127	108	0.996306
127	114	0.968837
127	118	1.08143
127	125	0.986562
127	139	0.930156
127	141	1.07597
127	147	1.00599
127	150	0.990591
127	154	1.00583
127	156	0.978896
127	160	1.0516
127	164	1.00987
127	165	0.997116
127	176	0.981932
128	21	1.06101
128	53	0.920944
128	56	0.919601
128	74	0.967046
128	76	0.945901
128	79	1.04031
128	83	1.00245
128	90	1.03113
128	101	0.964633
128	110	1.04167
128	115	0.949235
128	119	0.975579
128	123	1.00518
128	130	1.03364
128	134	1.02595
128	144	1.02212
128	145	0.993522
128	146	0.974999
128	153	0.999732
128	160	1.06274
128	163	1.01882
128	167	1.03778
128	168	0.965678
128	169	1.02711
128	171	1.00256
128	175	1.00582
128	176	1.01998
128	177	0.999723
128	178	0.986843
128	179	0.996095
129	6	0.958017
129	17	0.824561
129	34	1.08408
129	48	1.03503
129	50	0.978953
129	57	0.988882
129	77	1.04779
129	87	0.997459
129	94	0.997591
129	106	1.028
129	116	1.05281
129	117	0.911611
129	132	1.04208
129	134	0.914814
129	136	0.938066
129	139	1.06856
129	142	1.0601
129	150	1.03122
129	153	0.936952
129	158	1.04131
129	161	1.03256
129	163	1.03377
129	166	1.01551
129	167	1.02592
129	170	1.02817
129	172	1.02349
129	173	1.0261
129	174	0.960352
129	175	0.919698
129	179	0.953209
129	180	1.03548
130	1	0.901573
130	9	1.05346
130	22	1.14037
130	31	0.962171
130	56	0.875189
130	71	1.01326
130	76	0.975959
130	83	1.03251
130	93	0.943427
130	111	0.901027
130	128	1.03364
130	134	1.056
130	135	1.0207
130	137	1.06064
130	139	0.896882
130	144	0.97771
130	150	1.03014
130	152	1.04969
130	153	1.02979
130	156	1.02163
130	157	1.03196
130	159	0.977262
130	160	1.01833
130	161	0.988844
130	162	1.04245
130	163	0.974404
130	167	0.993367
130	173	0.977464
130	178	1.0169
130	179	1.02615
130	180	0.971783
131	4	1.00415
131	22	0.898792
131	38	1.04027
131	40	1.06707
131	43	1.0647
131	51	0.984578
131	63	0.994894
131	74	1.02541
131	77	0.938005
131	86	1.01671
131	89	0.958229
131	96	0.968098
131	101	1.0103
131	103	1.03985
131	107	1.08248
131	112	0.953045
131	113	0.937069
131	120	1.00938
131	123	0.980556
131	136	0.990987
131	138	0.9881
131	144	0.965784
131	151	0.961325
131	153	1.05039
131	159	0.94772
131	163	1.08175
131	171	1.04943
131	173	1.08481
131	174	0.97056
131	176	0.960246
131	177	0.975097
132	7	0.955727
132	18	0.838427
132	45	1.02088
132	52	0.954202
132	79	0.928887
132	85	0.976305
132	89	1.06213
132	106	1.00423
132	115	1.08316
132	118	0.985628
132	122	1.02813
132	125	1.01242
132	129	1.04208
132	136	1.00889
132	138	1.0193
132	140	0.958479
132	144	1.04244
132	150	1.00745
132	152	0.989265
132	155	0.999969
132	158	1.01754
132	160	0.995973
132	161	1.00879
132	162	0.982877
132	164	1.01796
132	169	1.00209
132	170	1.0044
132	171	1.00992
132	172	0.999714
132	173	1.00232
132	177	1.01737
132	180	1.0117
133	5	1.01541
133	10	0.967633
133	12	0.957369
133	14	0.955019
133	17	1.10764
133	33	1.04489
133	39	1.00871
133	40	0.986875
133	42	0.997075
133	49	0.991914
133	52	1.0646
133	64	1.00642
133	70	1.0057
133	75	0.911086
133	78	0.918485
133	81	0.999929
133	88	1.05199
133	106	1.03822
133	107	0.98553
133	108	0.978773
133	114	0.951304
133	123	0.974312
133	146	0.980166
133	147	0.988462
133	154	1.02214
133	166	1.05133
133	170	1.02209
133	171	0.99166
133	172	1.02649
133	174	1.01602
133	176	0.9644
133	178	1.00372
133	180	1.02136
134	7	1.06554
134	23	1.01801
134	31	0.954476
134	44	1.02538
134	52	0.885454
134	59	1.0242
134	71	1.00556
134	101	0.916208
134	106	0.984626
134	109	0.999233
134	117	1.02883
134	128	1.02595
134	129	0.914814
134	130	1.056
134	135	1.013
134	143	1.01357
134	149	1.02529
134	152	1.042
134	156	1.01393
134	157	1.02426
134	160	1.01432
134	162	1.03475
134	163	0.970392
134	166	0.997736
134	167	0.989354
134	168	0.98804
134	169	0.978688
134	170	0.968497
134	171	1.02493
134	172	0.972896
134	175	1.02818
134	178	1.0092
134	179	1.01846
134	180	0.96777
135	21	1.04709
135	24	0.940435
