1	84	1.08034
1	117	1.06025
1	123	1.02719
1	134	1.05438
1	145	1.02733
1	152	1.07266
1	154	1.05132
1	157	1.04945
1	170	0.747562
1	173	1.27794
1	178	1.11305
1	180	1.13818
2	98	1.14728
2	139	1.0076
2	154	0.963075
2	165	1.04126
2	170	1.01949
2	173	0.887987
2	174	0.901896
2	175	0.893023
2	177	0.924083
2	178	0.921935
2	179	0.943369
2	180	0.914547
3	19	1.06239
3	54	1.00309
3	76	1.02962
3	79	1.10199
3	87	1.05829
3	101	1.01778
3	112	1.07269
3	115	1.05207
3	126	0.915262
3	168	1.01386
3	169	0.965977
3	178	1.36154
4	102	1.06099
4	129	1.04607
4	135	1.04386
4	140	1.02656
4	143	1.15877
4	151	0.873484
4	154	1.04331
4	155	1.15472
4	156	1.09997
4	157	1.04144
4	163	1.07178
4	168	1.03624
5	10	1.10857
5	17	0.976051
5	18	1.10509
5	33	1.01771
5	36	1.01928
5	39	1.0222
5	85	1.06226
5	118	0.891376
5	120	1.10721
5	121	1.1704
5	159	0.900262
5	176	1.29851
6	84	1.60155
6	145	1.67081
6	161	0.876801
6	165	0.94799
6	172	0.853411
6	174	0.808623
6	175	0.799749
6	176	0.82914
6	177	0.830809
6	178	0.828661
6	179	0.850095
6	180	0.821273
7	32	1.00847
7	44	1.01491
7	46	1.00714
7	47	1.01435
7	57	1.09211
7	58	1.08584
7	62	1.12184
7	116	1.03962
7	166	1.08871
7	168	0.995738
7	170	0.977933
7	179	1.20624
8	23	1.07639
8	24	0.969014
8	26	1.06702
8	64	1.08134
8	74	1.05237
8	75	1.05222
8	77	1.0521
8	118	1.08722
8	128	1.13759
8	169	0.951953
8	170	0.982029
8	179	1.21034
9	38	0.90812
9	49	0.860229
9	59	0.86765
9	65	0.835703
9	71	0.793434
9	72	0.793731
9	81	0.85789
9	86	0.830007
9	116	0.811842
9	156	0.861544
9	167	1.66218
9	173	2.2786
10	5	1.10857
10	16	1.10406
10	17	0.977359
10	20	1.06086
10	33	1.01902
10	36	1.02059
10	39	1.0235
10	45	1.19967
10	120	1.10851
10	168	0.908758
10	169	0.860876
10	177	1.22435
11	29	0.933339
11	32	0.893653
11	44	0.900093
11	46	0.892325
11	47	0.899531
11	56	1.19879
11	57	0.977289
11	58	0.971024
11	62	1.00702
11	116	0.924802
11	164	1.37531
11	168	1.52425
12	55	0.989183
12	76	1.02126
12	79	1.09363
12	80	0.993235
12	91	1.05177
12	108	1.04659
12	112	1.06433
12	115	1.04371
12	120	0.755974
12	138	1.06791
12	161	1.1417
12	177	1.2749
13	19	1.06958
13	54	1.01028
13	67	0.980719
13	79	1.10918
13	80	1.00878
13	87	1.06548
13	107	0.93996
13	108	1.06214
13	112	1.07988
13	158	1.11855
13	159	1.08491
13	168	1.13883
14	30	0.971576
14	54	0.903303
14	63	0.885474
14	67	0.873739
14	76	0.929826
14	79	1.0022
14	82	1.28014
14	91	0.960341
14	101	0.917989
14	108	0.955161
14	149	1.16616
14	162	1.64886
15	24	0.848896
15	26	0.946901
15	37	0.937091
15	64	0.961223
15	74	0.932248
15	75	0.932098
15	77	0.93198
15	103	1.31186
15	118	0.967103
15	130	0.963603
15	151	1.18204
15	172	1.55682
16	10	1.10406
16	17	0.971538
16	18	1.10057
16	20	1.05504
16	33	1.01319
16	36	1.01477
16	62	0.905743
16	85	1.05775
16	120	1.10269
16	124	0.925687
16	126	1.02882
16	172	1.32861
17	5	0.976051
17	10	0.977359
17	16	0.971538
17	18	0.973874
17	20	0.928334
17	28	0.942857
17	33	0.886493
17	36	0.888069
17	39	0.890983
17	89	1.31401
17	161	1.37389
17	172	1.39269
18	5	1.10509
18	16	1.10057
18	17	0.973874
18	20	1.05737
18	33	1.01553
18	36	1.01711
18	39	1.02002
18	62	0.7639
18	89	1.10809
18	110	0.883138
18	119	1.4847
18	120	1.10503
19	3	1.06239
19	13	1.06958
19	63	0.953322
19	67	0.941586
19	80	0.96965
19	101	0.985837
19	108	1.02301
19	112	1.04074
19	138	1.04433
19	150	0.932681
19	165	1.01784
19	170	1.04001
19	175	1.59004
20	10	1.06086
20	16	1.05504
20	17	0.928334
20	18	1.05737
20	33	0.96999
20	36	0.971566
20	39	0.97448
20	85	1.01454
20	120	1.05949
20	151	0.997936
20	159	1.1176
20	163	1.19623
20	171	1.24767
21	65	1.01985
21	70	0.996294
21	86	1.01415
21	126	1.03233
21	127	0.970074
21	132	1.0036
21	138	1.0284
21	156	1.04569
21	163	1.10049
21	166	0.959313
21	167	0.971939
21	168	1.07579
21	176	1.42011
22	30	1.03254
22	63	0.946439
22	76	0.990791
22	79	1.06317
22	80	0.962767
22	87	1.01946
22	91	1.02131
22	108	1.01613
22	112	1.03386
22	168	0.866464
22	172	1.06765
22	175	1.39869
22	180	1.23928
23	8	1.07639
23	24	0.9129
23	35	1.10522
23	37	1.0011
23	64	1.02523
23	74	0.996252
23	75	0.996102
23	77	0.995984
23	107	0.977714
23	130	1.02761
23	151	1.003
23	163	1.20129
23	179	1.38709
24	8	0.969014
24	15	0.848896
24	23	0.9129
24	35	0.99784
24	37	0.893719
24	64	0.91785
24	74	0.888876
24	75	0.888726
24	77	0.888608
24	130	0.920231
24	131	1.19983
24	173	1.70287
24	177	1.5059
25	79	0.844298
25	81	0.774213
25	84	0.750875
25	127	0.944321
25	160	1.02573
25	163	1.08802
25	173	0.97962
25	174	0.993529
25	175	0.984655
25	176	1.01405
25	178	1.01357
25	179	1.035
25	180	1.00618
26	8	1.06702
26	15	0.946901
26	35	1.09585
26	37	0.991725
26	74	0.986881
26	75	0.986731
26	77	0.986613
26	118	1.02174
26	130	1.01824
26	136	1.13551
26	159	1.0416
26	164	0.946584
26	176	1.43985
27	41	1.10726
27	43	1.11658
27	83	1.15275
27	85	1.15715
27	90	0.815557
27	93	1.1894
27	121	1.16303
27	127	1.1193
27	132	1.15282
27	166	1.10854
27	167	0.84297
27	169	0.898935
27	171	1.02296
28	17	0.942857
28	33	0.984513
28	39	0.989003
28	120	1.07401
28	128	1.22819
28	135	1.01071
28	137	0.98267
28	144	1.03428
28	147	1.03221
28	148	0.99779
28	157	1.0083
28	158	1.07016
28	179	1.30095
29	11	0.933339
29	32	0.970761
29	44	0.977201
29	46	0.969432
29	47	0.976638
29	50	1.1741
29	57	1.0544
29	58	1.04813
29	116	1.00191
29	121	1.33559
29	164	0.970431
29	169	1.07149
29	171	1.19552
30	14	0.971576
30	22	1.03254
30	53	0.838851
30	55	1.25135
30	67	0.95056
30	80	0.978624
30	87	1.03532
30	91	1.03716
30	101	0.99481
30	105	1.29411
30	108	1.03198
30	112	1.04972
30	124	1.01974
31	43	0.977447
31	60	1.02751
31	69	1.02405
31	88	1.00325
31	92	1.05226
31	93	1.05027
31	119	1.48628
31	127	0.980163
31	132	1.01369
31	150	0.862017
31	162	1.27806
31	166	0.969402
31	170	0.96935
32	7	1.00847
32	11	0.893653
32	29	0.970761
32	44	0.937516
32	46	0.929747
32	47	0.936953
32	50	1.13442
32	57	1.01471
32	58	1.00845
32	116	0.962224
32	131	1.30284
32	149	1.10152
32	150	1.16817
32	168	1.29331
33	5	1.01771
33	10	1.01902
33	16	1.01319
33	17	0.886493
33	18	1.01553
33	20	0.96999
33	28	0.984513
33	36	0.929725
33	39	0.932639
33	120	1.01765
33	164	0.838156
33	175	1.51933
33	176	1.33142
33	179	1.19761
34	40	1.06443
34	41	1.05518
34	52	0.755791
34	69	1.11111
34	83	1.10067
34	104	1.09953
34	110	0.935821
34	126	1.12948
34	127	1.06722
34	132	1.10075
34	160	1.32678
34	165	0.998285
34	166	1.05646
34	169	0.990379
35	23	1.10522
35	24	0.99784
35	26	1.09585
35	64	1.11017
35	74	1.08119
35	75	1.08104
35	77	1.08092
35	113	1.22293
35	118	1.11605
35	130	1.11255
35	136	0.815172
35	166	0.868158
35	172	0.976376
35	176	1.11951
36	5	1.01928
36	10	1.02059
36	16	1.01477
36	17	0.888069
36	18	1.01711
36	20	0.971566
36	33	0.929725
36	39	0.934215
36	85	0.974279
36	120	1.01922
36	131	1.07715
36	150	0.942492
36	176	1.41195
36	180	1.44044
37	15	0.937091
37	23	1.0011
37	24	0.893719
37	26	0.991725
37	64	1.00605
37	74	0.977071
37	75	0.976921
37	77	0.976803
37	118	1.01193
37	121	1.16461
37	130	1.00843
37	164	0.799456
37	174	1.43751
37	175	1.48063
38	9	0.90812
38	49	1.13804
38	61	0.909132
38	71	1.07124
38	72	1.07154
38	81	1.1357
38	86	1.10781
38	116	1.08965
38	138	1.12207
38	146	1.02884
38	149	0.933842
38	156	1.13935
38	167	1.02178
38	170	1.10782
39	5	1.0222
39	10	1.0235
39	17	0.890983
39	18	1.02002
39	20	0.97448
39	28	0.989003
39	33	0.932639
39	36	0.934215
39	82	0.873175
39	85	0.977193
39	120	1.02214
39	142	1.23797
39	174	1.44009
39	178	1.29867
40	34	1.06443
40	60	0.986109
40	68	0.982703
40	69	0.982649
40	78	1.01923
40	88	0.961847
40	93	1.00886
40	127	0.93876
40	132	0.972286
40	163	0.997218
40	166	0.927999
40	169	0.924629
40	173	1.48508
40	174	1.46162
41	27	1.10726
41	34	1.05518
41	43	0.926792
41	60	0.976857
41	83	0.962957
41	93	0.99961
41	104	0.961812
41	122	1.08908
41	127	0.929508
41	132	0.963033
41	165	0.99307
41	166	0.918747
41	176	1.37737
41	180	1.40586
42	82	1.09023
42	100	1.03578
42	111	1.01126
42	134	0.97293
42	140	0.953115
42	141	0.981665
42	144	0.993983
42	145	0.945877
42	148	0.957495
42	150	1.0429
42	154	0.96987
42	156	1.02653
42	157	0.968001
42	174	1.65715
43	27	1.11658
43	31	0.977447
43	41	0.926792
43	68	0.982776
43	69	0.982722
43	78	1.0193
43	83	0.972282
43	110	1.04432
43	127	0.938833
43	132	0.972358
43	155	1.25441
43	166	0.928072
43	167	1.04291
43	180	1.51957
44	7	1.01491
44	11	0.900093
44	29	0.977201
44	32	0.937516
44	46	0.936187
44	47	0.943393
44	57	1.02115
44	58	1.01489
44	62	1.05089
44	116	0.968664
44	159	1.13477
44	167	1.08485
44	169	1.14081
44	177	1.50429
45	10	1.19967
45	77	1.44284
45	81	1.30306
45	103	0.970796
45	124	0.998964
45	164	0.99318
45	172	0.884447
45	173	0.825749
45	174	0.839658
45	176	0.860175
45	177	0.861845
45	178	0.859697
45	179	0.881131
45	180	0.852309
46	7	1.00714
46	11	0.892325
46	29	0.969432
46	32	0.929747
46	44	0.936187
46	47	0.935625
46	50	1.13309
46	57	1.01338
46	58	1.00712
46	116	0.960895
46	155	1.29047
46	168	1.18282
46	169	1.13494
46	171	1.25897
47	7	1.01435
47	11	0.899531
47	29	0.976638
47	32	0.936953
47	44	0.943393
47	46	0.935625
47	57	1.02059
47	58	1.01432
47	62	1.05032
47	110	1.1299
47	116	0.968102
47	151	1.05876
47	164	1.0834
47	178	1.58003
48	69	0.990405
48	71	0.924637
48	105	1.00734
48	140	1.10061
48	151	1.06537
48	156	0.831191
48	164	1.0453
48	167	1.01651
48	171	0.964622
48	173	0.877867
48	175	0.882903
48	176	0.912294
48	177	0.913963
48	179	0.933249
48	180	0.904427
49	9	0.860229
49	38	1.13804
49	59	1.09757
49	70	1.04207
49	71	1.02335
49	72	1.02365
49	81	1.08781
49	86	1.05992
49	126	0.862011
49	138	1.07418
49	143	1.07231
49	156	1.09146
49	170	0.942802
49	177	1.2762
49	179	1.17111
50	29	1.1741
50	32	1.13442
50	46	1.13309
50	51	1.20647
50	56	0.502274
50	58	1.21179
50	94	0.743538
50	145	1.13461
50	147	1.18065
50	151	0.654148
50	153	1.16344
50	155	0.935387
50	157	1.15674
50	173	1.3403
50	174	1.31684
51	50	1.20647
51	89	0.977232
51	106	1.0458
51	123	1.00318
51	133	1.04382
51	134	1.03038
51	144	1.05143
51	147	1.04936
51	148	1.01494
51	153	1.03215
51	154	1.02732
51	162	1.14563
51	171	0.930868
51	179	1.06523
51	180	1.22753
52	34	0.755791
52	96	0.801889
52	106	0.861453
52	152	0.820247
52	156	0.631077
52	161	1.08248
52	163	1.10879
52	170	1.1319
52	172	1.05909
52	173	1.00039
52	175	1.00543
52	177	1.03649
52	178	1.03434
52	179	1.05577
52	180	1.02695
53	30	0.838851
53	91	0.825207
53	140	0.800344
53	141	0.705785
53	153	0.659469
53	160	1.05658
53	162	1.06196
53	167	1.14912
53	173	1.01048
53	174	1.02439
53	176	1.0449
53	177	1.04657
53	178	1.04442
53	179	1.06586
53	180	1.03704
54	3	1.00309
54	13	1.01028
54	14	0.903303
54	63	0.894023
54	67	0.882287
54	87	0.967044
54	91	0.968889
54	94	1.05411
54	101	0.926538
54	108	0.963709
54	112	0.981443
54	138	0.985029
54	158	1.11802
54	172	1.3395
54	175	1.67053
55	12	0.989183
55	30	1.25135
55	81	1.04203
55	156	0.943423
55	162	0.949503
55	167	1.03666
55	170	1.02953
55	171	0.984773
55	172	0.956716
55	174	0.911928
55	176	0.932445
55	177	0.934114
55	178	0.931966
55	179	0.9534
55	180	0.924578
56	11	1.19879
56	50	0.502274
56	106	0.818464
56	117	0.843795
56	147	0.64597
56	170	1.14198
56	171	1.09723
56	172	1.06917
56	173	1.01047
56	174	1.02438
56	175	1.01551
56	177	1.04657
56	178	1.04442
56	179	1.06585
56	180	1.03703
57	7	1.09211
57	11	0.977289
57	29	1.0544
57	32	1.01471
57	44	1.02115
57	46	1.01338
57	47	1.02059
57	58	1.09208
57	62	1.12808
57	103	0.976847
57	105	1.09325
57	114	0.832697
57	116	1.04586
57	120	0.817278
57	174	1.50972
58	7	1.08584
58	11	0.971024
58	29	1.04813
58	32	1.00845
58	44	1.01489
58	46	1.00712
58	47	1.01432
58	50	1.21179
58	57	1.09208
58	66	1.11901
58	110	0.933148
58	116	1.03959
58	166	1.12856
58	170	1.01778
58	171	1.11173
59	9	0.86765
59	49	1.09757
59	65	1.07304
59	70	1.04949
59	71	1.03077
59	72	1.03107
59	81	1.09523
59	86	1.06735
59	130	0.98901
59	138	1.0816
59	146	0.998148
59	156	1.09888
59	166	1.18791
59	168	1.09494
59	169	1.04706
60	31	1.02751
60	40	0.986109
60	41	0.976857
60	69	1.03279
60	83	1.02235
60	85	1.02675
60	93	1.059
60	126	1.05116
60	127	0.988898
60	132	1.02242
60	149	1.03164
60	164	1.07448
60	165	1.18345
60	166	0.978137
60	167	1.11958
60	168	1.22343
61	38	0.909132
61	81	0.795654
61	112	0.79594
61	133	0.845613
61	153	0.825591
61	170	1.11111
61	171	1.06636
61	172	1.0383
61	173	0.979601
61	174	0.993511
61	175	0.984637
61	176	1.01403
61	177	1.0157
61	178	1.01355
61	179	1.03498
61	180	1.00616
62	7	1.12184
62	11	1.00702
62	16	0.905743
62	18	0.7639
62	44	1.05089
62	47	1.05032
62	57	1.12808
62	104	0.798493
62	129	0.964758
62	152	0.881038
62	172	1.0037
62	173	0.945001
62	177	0.981097
62	178	0.978949
62	179	1.00038
62	180	0.971561
63	14	0.885474
63	19	0.953322
63	22	0.946439
63	54	0.894023
63	67	0.864458
63	76	0.920545
63	79	0.992921
63	80	0.892522
63	91	0.951061
63	108	0.945881
63	112	0.963614
63	136	1.31326
63	138	0.9672
63	162	1.56419
63	166	1.36625
63	169	1.2254
64	8	1.08134
64	15	0.961223
64	23	1.02523
64	24	0.91785
64	35	1.11017
64	37	1.00605
64	74	1.0012
64	75	1.00105
64	77	1.00093
64	118	1.03606
64	119	1.24896
64	128	0.887592
64	130	1.03256
64	162	1.04075
64	173	1.26241
64	174	1.23895
65	9	0.835703
65	21	1.01985
65	59	1.07304
65	70	1.01754
65	71	0.998824
65	72	0.999121
65	81	1.06328
65	86	1.0354
65	100	1.06683
65	116	1.01723
65	124	0.997356
65	128	1.33684
65	137	1.09132
65	138	1.04965
65	156	1.06693
65	167	1.09524
66	58	1.11901
66	85	1.03482
66	141	1.17183
66	156	0.996974
66	163	0.987701
66	167	1.01794
66	170	1.01081
66	171	0.96606
66	172	0.938003
66	173	0.879305
66	174	0.893215
66	175	0.884341
66	176	0.913732
66	177	0.915401
66	179	0.934687
66	180	0.905865
67	13	0.980719
67	14	0.873739
67	19	0.941586
67	30	0.95056
67	54	0.882287
67	63	0.864458
67	79	0.981185
67	91	0.939325
67	108	0.934145
67	112	0.951879
67	115	0.931263
67	138	0.955465
67	149	1.19127
67	166	1.47603
67	169	1.33518
67	171	1.4592
68	40	0.982703
68	43	0.982776
68	83	1.01894
68	87	1.02584
68	88	1.00858
68	92	1.05759
68	93	1.05559
68	126	1.04775
68	127	0.985492
68	132	1.01902
68	150	0.922824
68	162	1.33887
68	165	1.00799
68	166	0.974731
68	171	1.12411
68	179	1.25847
69	31	1.02405
69	34	1.11111
69	40	0.982649
69	43	0.982722
69	48	0.990405
69	60	1.03279
69	78	1.0659
69	83	1.01889
69	88	1.00852
69	124	0.871027
69	127	0.985438
69	132	1.01896
69	166	0.974677
69	168	1.07276
69	170	1.05496
69	180	1.44557
70	21	0.996294
70	49	1.04207
70	59	1.04949
70	65	1.01754
70	71	0.975272
70	72	0.975569
70	81	1.03973
70	86	1.01185
70	116	0.993681
70	119	1.37407
70	138	1.0261
70	156	1.04338
70	165	0.834968
70	169	0.827062
70	175	1.40717
70	178	1.22263
71	9	0.793434
71	38	1.07124
71	48	0.924637
71	49	1.02335
71	59	1.03077
71	65	0.998824
71	70	0.975272
71	72	0.956852
71	81	1.02101
71	86	0.993128
71	116	0.974963
71	119	1.50612
71	138	1.00738
71	146	0.910203
71	156	1.02467
71	171	1.08314
71	176	1.35131
72	9	0.793731
72	38	1.07154
72	49	1.02365
72	59	1.03107
72	65	0.999121
72	70	0.975569
72	71	0.956852
72	81	1.02131
72	86	0.993425
72	116	0.97526
72	121	1.29168
72	122	1.1315
72	138	1.00768
72	156	1.02496
72	161	1.25786
72	166	1.16845
72	168	1.07547
73	106	1.00173
73	115	0.998429
73	123	0.959119
73	125	0.996563
73	126	0.97341
73	144	1.00737
73	147	1.0053
73	148	0.970879
73	151	0.898421
73	152	1.00459
73	153	0.988087
73	154	0.983254
73	155	1.17966
73	157	0.981385
73	169	1.00059
73	176	1.41633
73	180	1.44482
74	8	1.05237
74	15	0.932248
74	23	0.996252
74	24	0.888876
74	26	0.986881
74	35	1.08119
74	37	0.977071
74	64	1.0012
74	75	0.972078
74	77	0.97196
74	118	1.00708
74	130	1.00358
74	166	1.03552
74	167	0.838699
74	173	1.45512
74	175	1.47477
74	179	1.15305
75	8	1.05222
75	15	0.932098
75	23	0.996102
75	24	0.888726
75	26	0.986731
75	35	1.08104
75	37	0.976921
75	64	1.00105
75	74	0.972078
75	77	0.97181
75	94	1.04821
75	105	1.20504
75	118	1.00693
75	121	1.34862
75	130	1.00343
75	151	0.958819
75	172	1.33359
76	3	1.02962
76	12	1.02126
76	14	0.929826
76	22	0.990791
76	63	0.920545
76	79	1.03727
76	87	0.993567
76	91	0.995412
76	101	0.95306
76	103	1.01044
76	105	1.12684
76	108	0.990232
76	109	1.0253
76	112	1.00797
76	138	1.01155
76	166	1.14717
76	173	1.56677
77	8	1.0521
77	15	0.93198
77	23	0.995984
77	24	0.888608
77	26	0.986613
77	35	1.08092
77	37	0.976803
77	45	1.44284
77	64	1.00093
77	74	0.97196
77	75	0.97181
77	118	1.00681
77	130	1.00332
77	143	1.26363
77	149	0.960138
77	151	0.97834
77	169	1.10404
78	40	1.01923
78	43	1.0193
78	69	1.0659
78	83	1.05546
78	87	1.06236
78	88	1.0451
78	92	1.09411
78	98	1.03182
78	105	0.873389
78	119	1.29987
78	126	1.08427
78	127	1.02201
78	132	1.05554
78	155	0.908404
78	161	0.983139
78	166	1.01125
78	178	1.14844
78	180	1.17356
79	3	1.10199
79	12	1.09363
79	13	1.10918
79	14	1.0022
79	22	1.06317
79	25	0.844298
79	63	0.992921
79	67	0.981185
79	76	1.03727
79	80	1.00925
79	108	1.06261
79	112	1.08034
79	115	1.05973
79	118	1.01943
79	137	0.974464
79	164	0.933293
79	171	1.15838
79	179	1.29274
80	12	0.993235
80	13	1.00878
80	19	0.96965
80	22	0.962767
80	30	0.978624
80	63	0.892522
80	79	1.00925
80	91	0.967389
80	101	0.925037
80	103	1.04677
80	108	0.962209
80	112	0.979942
80	115	0.959326
80	128	1.22829
80	137	0.982762
80	138	0.983528
80	162	1.38144
80	174	1.57964
81	9	0.85789
81	25	0.774213
81	38	1.1357
81	45	1.30306
81	49	1.08781
81	55	1.04203
81	59	1.09523
81	61	0.795654
81	65	1.06328
81	70	1.03973
81	71	1.02101
81	72	1.02131
81	86	1.05758
81	114	0.824238
81	116	1.03942
81	138	1.07184
81	156	1.08912
81	169	0.964271
82	14	1.28014
82	39	0.873175
82	42	1.09023
82	123	1.14427
82	145	0.980271
82	161	0.972825
82	162	0.942222
82	164	1.05817
82	165	1.04401
82	170	1.02224
82	171	0.977492
82	173	0.890737
82	174	0.904647
82	175	0.895773
82	176	0.925164
82	177	0.926833
82	178	0.924685
82	179	0.946119
82	180	0.917297
83	27	1.15275
83	34	1.10067
83	41	0.962957
83	43	0.972282
83	60	1.02235
83	68	1.01894
83	69	1.01889
83	78	1.05546
83	88	0.998085
83	93	1.0451
83	127	0.974997
83	130	1.02448
83	132	1.00852
83	137	1.02264
83	146	1.03362
83	159	1.07649
83	161	1.3128
83	166	0.964237
83	171	1.20656
84	1	1.08034
84	6	1.60155
84	25	0.750875
84	96	0.994203
84	126	0.890219
84	133	1.02497
84	139	1.02848
84	141	1.02026
84	144	1.03258
84	145	0.984474
84	148	0.996092
84	152	1.0298
84	153	1.0133
84	154	1.00847
84	156	1.06513
84	158	0.968532
84	161	1.1712
84	168	1.00139
84	170	0.97101
85	5	1.06226
85	16	1.05775
85	20	1.01454
85	27	1.15715
85	36	0.974279
85	39	0.977193
85	60	1.02675
85	66	1.03482
85	88	1.00249
85	98	0.989212
85	118	0.888584
85	120	1.0622
85	127	0.979403
85	132	1.01293
85	159	0.89747
85	166	0.968643
85	170	0.93359
85	174	1.4405
85	180	1.32421
86	9	0.830007
86	21	1.01415
86	38	1.10781
86	49	1.05992
86	59	1.06735
86	65	1.0354
86	70	1.01185
86	71	0.993128
86	72	0.993425
86	81	1.05758
86	90	0.95276
86	114	0.896107
86	116	1.01154
86	138	1.04395
86	156	1.06124
86	165	1.04405
86	169	1.03614
86	179	1.29453
86	180	1.45683
87	3	1.05829
87	13	1.06548
87	22	1.01946
87	30	1.03532
87	54	0.967044
87	68	1.02584
87	76	0.993567
87	78	1.06236
87	93	1.05199
87	112	1.03664
87	127	0.981893
87	132	1.01542
87	137	1.03663
87	164	0.995464
87	166	0.971132
87	167	1.04056
87	168	1.14441
87	170	1.1266
87	172	1.3456
88	31	1.00325
88	40	0.961847
88	68	1.00858
88	69	1.00852
88	78	1.0451
88	83	0.998085
88	85	1.00249
88	92	1.03673
88	93	1.03474
88	98	0.974444
88	104	0.996939
88	122	1.12751
88	127	0.964636
88	132	0.998161
88	136	1.11147
88	160	1.36
88	164	0.922537
88	166	0.953875
88	168	1.07148
88	177	1.38707
89	17	1.31401
89	18	1.10809
89	51	0.977232
89	121	0.970433
89	128	0.991097
89	154	1.14412
89	157	1.11948
89	163	0.980557
89	165	1.02544
89	168	0.988718
89	171	0.958916
89	172	0.930859
89	173	0.872161
89	174	0.886071
89	175	0.877197
89	176	0.906588
89	177	0.908257
89	178	0.906109
89	179	0.927543
89	180	0.898721
90	27	0.815557
90	86	0.95276
90	124	1.11253
90	133	0.930851
90	138	0.803897
90	147	0.840168
90	148	0.963078
90	160	0.985418
90	161	1.0214
90	167	1.07795
90	170	1.07082
90	171	1.02607
90	172	0.99801
90	173	0.939312
90	174	0.953222
90	175	0.944348
90	176	0.973739
90	177	0.975408
90	179	0.994694
90	180	0.965872
91	12	1.05177
91	14	0.960341
91	22	1.02131
91	30	1.03716
91	53	0.825207
91	54	0.968889
91	63	0.951061
91	67	0.939325
91	76	0.995412
91	80	0.967389
91	94	1.12363
91	101	0.983576
91	108	1.02075
91	112	1.03848
91	115	1.01787
91	138	1.04207
91	167	1.10398
91	168	1.20783
91	169	1.15995
91	179	1.41833
92	31	1.05226
92	68	1.05759
92	78	1.09411
92	88	1.03673
92	100	1.06971
92	116	0.899738
92	127	1.01365
92	132	1.04717
92	140	0.95686
92	144	0.82465
92	147	0.745325
92	154	0.795508
92	157	0.770862
92	166	1.00289
92	174	0.922876
92	175	0.914002
92	176	0.943393
92	177	0.945063
92	178	0.942915
92	179	0.964349
93	27	1.1894
93	31	1.05027
93	40	1.00886
93	41	0.99961
93	60	1.059
93	68	1.05559
93	83	1.0451
93	87	1.05199
93	88	1.03474
93	104	1.04395
93	121	1.22607
93	126	1.07391
93	127	1.01165
93	132	1.04518
93	146	0.913071
93	158	0.989579
93	163	1.03457
93	166	1.00089
93	168	1.00986
93	169	0.96198
93	177	1.32545
94	50	0.743538
94	54	1.05411
94	75	1.04821
94	91	1.12363
94	108	1.0007
94	139	0.981942
94	146	1.08066
94	161	0.999482
94	162	0.968879
94	163	1.02579
94	164	1.08483
94	169	1.05836
94	172	0.976092
94	173	0.917394
94	174	0.931304
94	175	0.92243
94	176	0.95182
94	177	0.95349
94	178	0.951342
94	179	0.972776
94	180	0.943954
95	96	0.958427
95	102	0.99037
95	106	0.991172
95	125	0.986001
95	129	0.975452
95	135	0.973237
95	139	0.992702
95	144	0.996805
95	145	0.948698
95	147	0.994738
95	151	0.997559
95	152	0.994025
95	153	0.977525
95	157	0.970823
95	163	1.19585
95	164	1.0222
95	168	0.965615
95	169	0.990026
95	170	1.15334
95	171	1.24729
95	173	1.68371
96	52	0.801889
96	84	0.994203
96	95	0.958427
96	104	0.97854
96	111	1.00658
96	139	0.985198
96	141	0.976983
96	142	1.37135
96	145	0.941195
96	147	0.987235
96	148	0.952813
96	149	0.892571
96	152	0.986522
96	153	0.970021
96	154	0.965189
96	155	1.19201
96	156	1.02185
96	157	0.963319
96	169	0.982522
96	172	1.28555
96	174	1.57346
97	98	0.961922
97	99	1.01199
97	111	1.01245
97	117	0.979997
97	120	1.00189
97	133	0.987569
97	134	0.974126
97	135	0.97161
97	140	0.954311
97	141	0.982861
97	144	0.995179
97	147	0.993112
97	148	0.95869
97	150	1.08008
97	152	0.992399
97	154	0.971066
97	160	1.49374
97	164	1.05628
97	167	1.10137
97	168	0.963989
97	176	1.54954
98	2	1.14728
98	78	1.03182
98	85	0.989212
98	88	0.974444
98	97	0.961922
98	104	0.983661
98	110	1.10338
98	120	1.00249
98	123	0.946174
98	126	1.01362
98	127	0.951357
98	132	0.984883
98	136	1.24581
98	140	0.953555
98	141	0.982105
98	152	0.991643
98	164	1.05688
98	166	0.940596
98	168	0.963233
98	169	0.987643
98	178	1.55351
99	97	1.01199
99	114	0.802516
99	123	0.996243
99	125	1.03369
99	135	1.02092
99	136	1.03042
99	140	1.00362
99	144	1.04449
99	145	0.996384
99	147	1.04242
99	148	1.008
99	152	1.04171
99	153	1.02521
99	154	1.02038
99	156	1.07704
99	157	1.01851
99	166	1.0834
99	169	1.03771
99	170	0.972626
99	177	1.30602
99	178	1.33812
99	179	1.20094
100	42	1.03578
100	65	1.06683
100	92	1.06971
100	129	1.05417
100	139	0.933876
100	152	0.970455
100	154	0.889351
100	155	1.00904
100	158	1.05034
100	162	0.944411
100	163	1.00132
100	165	1.0462
100	170	1.02443
100	172	0.951624
100	173	0.892926
100	174	0.906835
100	175	0.897961
100	176	0.927352
100	177	0.929022
100	178	0.926874
100	179	0.948308
100	180	0.919486
101	3	1.01778
101	14	0.917989
101	19	0.985837
101	30	0.99481
101	54	0.926538
101	76	0.95306
101	80	0.925037
101	91	0.983576
101	113	1.59188
101	117	0.96927
101	129	0.963099
101	130	1.03821
101	135	0.960884
101	140	0.943584
101	142	1.43113
101	144	0.984452
101	146	1.04735
101	150	1.019
101	153	0.965172
101	154	0.960339
101	157	0.958469
101	160	1.43266
102	4	1.06099
102	95	0.99037
102	107	0.833166
102	117	1.00606
102	125	1.01044
102	131	1.04156
102	133	1.01363
102	134	1.00019
102	135	0.997676
102	139	1.01714
102	140	0.980376
102	145	0.973138
102	148	0.984756
102	149	0.84025
102	153	1.00196
102	154	0.997131
102	156	1.05379
102	157	0.995262
102	161	1.21443
102	169	1.01446
102	174	1.52114
102	176	1.37636
102	179	1.24254
103	15	1.31186
103	45	0.970796
103	57	0.976847
103	76	1.01044
103	80	1.04677
103	123	1.17831
103	151	1.06473
103	152	1.05895
103	159	1.03317
103	162	0.92872
103	163	0.98563
103	165	1.03051
103	170	1.00874
103	171	0.963989
103	172	0.935932
103	173	0.877234
103	174	0.891144
103	175	0.88227
103	176	0.911661
103	177	0.91333
103	178	0.911182
103	179	0.932616
103	180	0.903794
104	34	1.09953
104	41	0.961812
104	62	0.798493
104	88	0.996939
104	93	1.04395
104	96	0.97854
104	98	0.983661
104	111	1.03419
104	127	0.973852
104	132	1.00738
104	134	0.995865
104	142	1.30716
104	143	1.13187
104	148	0.98043
104	152	1.01414
104	153	0.997638
104	156	1.04947
104	157	0.990936
104	165	0.980195
104	166	0.963092
104	167	0.916323
104	175	1.5524
104	179	1.23067
105	30	1.29411
105	48	1.00734
105	57	1.09325
105	75	1.20504
105	76	1.12684
105	78	0.873389
105	134	1.13813
105	151	1.04916
105	155	0.977773
105	158	1.01907
105	159	1.01759
105	164	1.02909
105	165	1.01493
105	167	1.0003
105	172	0.920354
105	173	0.861656
105	174	0.875566
105	175	0.866692
105	176	0.896083
105	177	0.897752
105	178	0.895604
105	179	0.917038
105	180	0.888216
106	51	1.0458
106	52	0.861453
106	56	0.818464
106	73	1.00173
106	95	0.991172
106	115	1.01311
106	124	0.942188
106	134	1.00099
106	135	0.998479
106	139	1.01794
106	140	0.981179
106	141	1.00973
106	145	0.97394
106	146	1.04713
106	147	1.01998
106	148	0.985559
106	152	1.01927
106	153	1.00277
106	155	1.25158
106	157	0.996065
106	160	1.43244
106	161	1.32631
106	169	1.01527
107	13	0.93996
107	23	0.977714
107	102	0.833166
107	133	0.86324
107	135	0.848544
107	148	0.895467
107	151	1.11918
107	153	0.843218
107	158	1.08909
107	162	0.983164
107	163	1.04007
107	164	1.09911
107	167	1.07032
107	170	1.06319
107	171	1.01843
107	173	0.931679
107	174	0.945588
107	175	0.936714
107	176	0.966105
107	177	0.967775
107	178	0.965627
107	179	0.987061
107	180	0.958239
108	12	1.04659
108	13	1.06214
108	14	0.955161
108	19	1.02301
108	22	1.01613
108	30	1.03198
108	54	0.963709
108	63	0.945881
108	67	0.934145
108	76	0.990232
108	79	1.06261
108	80	0.962209
108	91	1.02075
108	94	1.0007
108	112	1.0333
108	115	1.01269
108	138	1.03689
108	155	1.19255
108	159	1.03097
108	162	1.3758
108	164	0.935949
108	167	0.981047
108	177	1.40049
109	76	1.0253
109	111	0.95018
109	123	1.19317
109	135	1.01852
109	138	0.906258
109	146	1.04652
109	157	0.968067
109	160	0.929354
109	161	0.965336
109	162	0.934733
109	164	1.05068
109	167	1.02189
109	170	1.01476
109	171	0.970002
109	172	0.941946
109	173	0.883248
109	174	0.897157
109	175	0.888283
109	176	0.917674
109	177	0.919344
109	178	0.917196
109	179	0.93863
109	180	0.909808
110	18	0.883138
110	34	0.935821
110	43	1.04432
110	47	1.1299
110	58	0.933148
110	98	1.10338
110	148	0.9919
110	160	0.964218
110	161	1.0002
110	162	0.969597
110	163	1.02651
110	164	1.08554
110	165	1.07139
110	167	1.05675
110	169	1.05908
110	170	1.04962
110	173	0.918112
110	174	0.932022
110	175	0.923148
110	176	0.952538
110	177	0.954208
110	178	0.95206
110	179	0.973494
110	180	0.944672
111	42	1.01126
111	96	1.00658
111	97	1.01245
111	104	1.03419
111	109	0.95018
111	118	0.916269
111	128	1.11683
111	135	1.02139
111	139	1.04085
111	144	1.04496
111	145	0.996849
111	147	1.04289
111	148	1.00847
111	152	1.04218
111	153	1.02568
111	154	1.02084
111	156	1.0775
111	157	1.01897
111	158	0.958797
111	159	0.925154
111	168	1.01377
111	169	1.03818
111	172	1.18027
111	176	1.3234
111	177	1.29467
112	3	1.07269
112	12	1.06433
112	13	1.07988
112	19	1.04074
112	22	1.03386
112	30	1.04972
112	54	0.981443
112	61	0.79594
112	63	0.963614
112	67	0.951879
112	76	1.00797
112	79	1.08034
112	80	0.979942
112	87	1.03664
112	91	1.03848
112	108	1.0333
112	115	1.03042
112	138	1.05462
112	143	1.12414
112	163	1.03715
112	165	0.972462
112	169	0.964556
112	171	1.08858
112	176	1.35676
112	177	1.32803
113	35	1.22293
113	101	1.59188
113	122	0.921976
113	138	1.3829
113	142	0.875755
113	143	0.906305
113	155	0.919042
113	156	1.36129
113	157	1.44471
113	159	0.958858
113	161	0.885014
113	162	0.854411
113	165	0.956202
113	167	0.941565
113	170	0.934433
113	171	0.88968
113	172	0.861624
113	173	0.802926
113	174	0.816835
113	175	0.807961
113	176	0.837352
113	177	0.839022
113	178	0.836874
113	179	0.858308
113	180	0.829486
114	57	0.832697
114	81	0.824238
114	86	0.896107
114	99	0.802516
114	128	1.07801
114	129	0.998521
114	139	0.878223
114	141	0.900491
114	156	0.725632
114	159	1.11501
114	160	1.00519
114	162	1.01056
114	164	1.12651
114	166	1.053
114	167	1.09772
114	170	1.09059
114	171	1.04583
114	172	1.01778
114	173	0.959079
114	174	0.972989
114	175	0.964115
114	176	0.993506
114	178	0.993027
114	179	1.01446
114	180	0.985639
115	3	1.05207
115	12	1.04371
115	67	0.931263
115	73	0.998429
115	79	1.05973
115	80	0.959326
115	91	1.01787
115	106	1.01311
115	108	1.01269
115	112	1.03042
115	128	1.14204
115	129	0.997388
115	135	0.995173
115	138	1.034
115	140	0.977873
115	141	1.00642
115	142	1.29128
115	152	1.01596
115	154	0.994628
115	155	1.11194
115	156	1.05129
115	158	0.984007
115	164	0.855345
115	166	1.09726
115	176	1.34861
115	177	1.31988
116	7	1.03962
116	9	0.811842
116	11	0.924802
116	29	1.00191
116	32	0.962224
116	38	1.08965
116	44	0.968664
116	46	0.960895
116	47	0.968102
116	57	1.04586
116	58	1.03959
116	65	1.01723
116	70	0.993681
116	71	0.974963
116	72	0.97526
116	81	1.03942
116	86	1.01154
116	92	0.899738
116	120	0.922509
116	130	1.01991
116	138	1.02579
116	146	1.02905
116	156	1.04307
116	161	1.30823
116	165	1.08587
116	176	1.47016
116	180	1.49865
117	1	1.06025
117	56	0.843795
117	97	0.979997
117	101	0.96927
117	102	1.00606
117	120	0.96592
117	121	0.963024
117	125	1.00169
117	129	0.991144
117	133	1.00489
117	134	0.991445
117	139	1.00839
117	140	0.97163
117	145	0.964391
117	146	1.07246
117	147	1.01043
117	148	0.976009
117	150	1.04412
117	152	1.00972
117	154	0.988385
117	157	0.986515
117	164	1.02031
117	168	0.981308
117	169	1.00572
117	171	1.2454
117	178	1.51694
117	180	1.54207
118	5	0.891376
118	8	1.08722
118	15	0.967103
118	26	1.02174
118	35	1.11605
118	37	1.01193
118	64	1.03606
118	74	1.00708
118	75	1.00693
118	77	1.00681
118	79	1.01943
118	85	0.888584
118	111	0.916269
118	123	1.15926
118	130	1.03844
118	144	0.987943
118	152	1.03991
118	156	0.850736
118	170	1.01857
118	171	0.973817
118	172	0.94576
118	173	0.887062
118	175	0.892098
118	176	0.921489
118	177	0.923158
118	178	0.92101
118	179	0.942444
118	180	0.913622
119	18	1.4847
119	31	1.48628
119	64	1.24896
119	70	1.37407
119	71	1.50612
119	78	1.29987
119	123	0.901939
119	129	0.928834
119	134	0.929135
119	140	0.909319
119	147	0.948121
119	152	0.947408
119	153	0.930907
119	154	0.926075
119	155	0.918558
119	157	0.924205
119	160	0.848547
119	164	0.969872
119	168	0.918998
119	170	0.933949
119	171	0.889196
119	173	0.802441
119	175	0.807477
119	176	0.836868
119	177	0.838537
119	178	0.836389
119	179	0.857823
119	180	0.829001
120	5	1.10721
120	10	1.10851
120	12	0.755974
120	16	1.10269
120	18	1.10503
120	20	1.05949
120	28	1.07401
120	33	1.01765
120	36	1.01922
120	39	1.02214
120	57	0.817278
120	85	1.0622
120	97	1.00189
120	98	1.00249
120	116	0.922509
120	117	0.96592
120	123	1.01874
120	133	0.858778
120	134	0.862162
120	162	0.971152
120	170	1.05117
120	171	1.00642
120	174	0.933577
120	175	0.924703
120	176	0.954094
120	177	0.955763
120	178	0.953615
120	179	0.975049
120	180	0.946227
121	5	1.1704
121	27	1.16303
121	29	1.33559
121	37	1.16461
121	72	1.29168
121	75	1.34862
121	89	0.970433
121	93	1.22607
121	117	0.963024
121	139	0.974103
121	140	0.937338
121	141	0.965888
121	144	0.978206
121	147	0.976139
121	152	0.975426
121	153	0.958926
121	154	0.954093
121	157	0.952223
121	159	0.986392
121	164	0.997891
121	172	0.889157
121	173	0.830459
121	174	0.844369
121	175	0.835495
121	176	0.864886
121	177	0.866555
121	178	0.864407
121	179	0.885841
121	180	0.857019
122	41	1.08908
122	72	1.1315
122	88	1.12751
122	113	0.921976
122	124	1.02445
122	125	1.12264
122	129	1.24247
122	138	0.991189
122	147	1.02746
122	149	1.03192
122	158	1.00865
122	160	0.897343
122	161	0.933326
122	163	0.959633
122	164	1.01867
122	165	1.00451
122	167	0.989876
122	170	0.982745
122	171	0.937992
122	172	0.909935
122	173	0.851237
122	174	0.865147
122	175	0.856273
122	176	0.885664
122	177	0.887333
122	178	0.885185
122	179	0.906619
122	180	0.877797
123	1	1.02719
123	51	1.00318
123	73	0.959119
123	82	1.14427
123	98	0.946174
123	99	0.996243
123	103	1.17831
123	109	1.19317
123	118	1.15926
123	119	0.901939
123	120	1.01874
123	125	0.968627
123	129	0.958078
123	133	0.971821
123	134	0.958378
123	137	1.1143
123	139	0.975328
123	141	0.967113
123	144	0.979431
123	145	0.931324
123	147	0.977365
123	148	0.942943
123	152	0.976652
123	153	0.960151
123	154	0.955318
123	157	0.953449
123	165	1.1821
123	169	0.972652
123	170	1.20427
124	16	0.925687
124	30	1.01974
124	45	0.998964
124	65	0.997356
124	69	0.871027
124	90	1.11253
124	106	0.942188
124	122	1.02445
124	133	0.860377
124	140	0.98123
124	141	0.886671
124	144	0.84902
124	150	1.07735
124	158	1.06281
124	159	1.06133
124	160	0.951508
124	163	1.0138
124	164	1.07283
124	165	1.05868
124	166	0.999322
124	167	1.04404
124	170	1.03691
124	172	0.9641
124	174	0.919311
124	175	0.910438
124	176	0.939828
124	177	0.941498
124	178	0.93935
124	179	0.960784
124	180	0.931962
125	73	0.996563
125	95	0.986001
125	99	1.03369
125	102	1.01044
125	117	1.00169
125	122	1.12264
125	123	0.968627
125	126	0.968008
125	129	0.995523
125	133	1.00927
125	135	0.993308
125	137	0.958831
125	139	1.01277
125	140	0.976008
125	141	1.00456
125	144	1.01688
125	145	0.968769
125	146	0.969814
125	147	1.01481
125	148	0.980387
125	149	0.874817
125	152	1.0141
125	153	0.997596
125	154	0.992763
125	157	0.990893
125	160	1.35512
125	169	1.0101
125	170	1.0488
125	175	1.59883
125	178	1.41429
126	3	0.915262
126	16	1.02882
126	21	1.03233
126	34	1.12948
126	49	0.862011
126	60	1.05116
126	68	1.04775
126	73	0.97341
126	78	1.08427
126	84	0.890219
126	93	1.07391
126	98	1.01362
126	125	0.968008
126	127	1.00381
126	132	1.03733
126	142	0.971956
126	145	0.959483
126	152	1.00412
126	157	0.89837
126	162	0.950612
126	165	1.0524
126	166	0.993047
126	170	1.03063
126	171	0.985881
126	174	0.913036
126	175	0.904162
126	177	0.935223
126	178	0.933075
126	179	0.954509
126	180	0.925687
127	21	0.970074
127	25	0.944321
127	27	1.1193
127	31	0.980163
127	34	1.06722
127	40	0.93876
127	41	0.929508
127	43	0.938833
127	60	0.988898
127	68	0.985492
127	69	0.985438
127	78	1.02201
127	83	0.974997
127	85	0.979403
127	87	0.981893
127	88	0.964636
127	92	1.01365
127	93	1.01165
127	98	0.951357
127	104	0.973852
127	126	1.00381
127	132	0.975074
127	146	1.08547
127	158	1.16198
127	159	1.12834
127	163	1.20697
127	166	0.930788
127	167	1.07841
127	169	1.13438
127	172	1.38345
127	177	1.49785
128	8	1.13759
128	28	1.22819
128	64	0.887592
128	65	1.33684
128	80	1.22829
128	89	0.991097
128	111	1.11683
128	114	1.07801
128	115	1.14204
128	132	1.03959
128	143	0.954502
128	149	1.03181
128	158	1.00853
128	159	1.00705
128	160	0.897228
128	163	0.959518
128	164	1.01855
128	165	1.0044
128	166	0.945043
128	167	0.989762
128	170	0.98263
128	171	0.937877
128	172	0.909821
128	173	0.851123
128	174	0.865032
128	175	0.856158
128	176	0.885549
128	177	0.887219
128	178	0.885071
128	179	0.906505
128	180	0.877683
129	4	1.04607
129	62	0.964758
129	95	0.975452
129	100	1.05417
129	101	0.963099
129	114	0.998521
129	115	0.997388
129	117	0.991144
129	119	0.928834
129	122	1.24247
129	123	0.958078
129	125	0.995523
129	133	0.998716
129	134	0.985274
129	137	1.07866
129	139	1.00222
129	140	0.965458
129	141	0.994008
129	143	1.29814
129	144	1.00633
129	145	0.95822
129	147	1.00426
129	148	0.969838
129	150	1.0613
129	152	1.00355
129	153	0.987046
129	154	0.982214
129	157	0.980344
129	168	0.975137
129	170	1.16863
129	171	1.26258
130	15	0.963603
130	23	1.02761
130	24	0.920231
130	26	1.01824
130	35	1.11255
130	37	1.00843
130	59	0.98901
130	64	1.03256
130	74	1.00358
130	75	1.00343
130	77	1.00332
130	83	1.02448
130	101	1.03821
130	116	1.01991
130	118	1.03844
130	141	0.982477
130	144	0.944825
130	147	0.8655
130	148	0.98841
130	157	0.891037
130	158	1.04097
130	161	0.965651
130	165	1.03684
130	171	0.970318
130	172	0.942261
130	173	0.883563
130	174	0.897473
130	175	0.888599
130	176	0.917989
130	178	0.917511
130	179	0.938945
130	180	0.910123
131	24	1.19983
131	32	1.30284
131	36	1.07715
131	102	1.04156
131	132	0.911361
131	136	0.972831
131	138	0.944682
131	139	1.07566
131	144	1.06028
131	146	1.02052
131	150	1.0292
131	151	1.04474
131	158	1.01466
131	159	1.01318
131	160	0.903351
131	161	0.939333
131	162	0.90873
131	163	0.965641
131	165	1.01052
131	167	0.995884
131	170	0.988753
131	171	0.944
131	172	0.915943
131	173	0.857245
131	174	0.871155
131	175	0.862281
131	176	0.891672
131	177	0.893341
131	178	0.891193
131	179	0.912627
131	180	0.883805
132	21	1.0036
132	27	1.15282
132	31	1.01369
132	34	1.10075
132	40	0.972286
132	41	0.963033
132	43	0.972358
132	60	1.02242
132	68	1.01902
132	69	1.01896
132	78	1.05554
132	83	1.00852
132	85	1.01293
132	87	1.01542
132	88	0.998161
132	92	1.04717
132	93	1.04518
132	98	0.984883
132	104	1.00738
132	126	1.03733
132	127	0.975074
132	128	1.03959
132	131	0.911361
132	158	0.881553
132	160	1.19036
132	161	1.08422
132	162	1.19274
132	165	0.86186
132	166	0.964314
132	175	1.43406
132	178	1.24952
132	179	1.11234
133	51	1.04382
133	61	0.845613
133	84	1.02497
133	90	0.930851
133	97	0.987569
133	102	1.01363
133	107	0.86324
133	117	1.00489
133	120	0.858778
133	123	0.971821
133	124	0.860377
133	125	1.00927
133	129	0.998716
133	134	0.999017
133	135	0.996501
133	139	1.01597
133	140	0.979201
133	141	1.00775
133	144	1.02007
133	145	0.971963
133	147	1.018
133	148	0.983581
133	152	1.01729
133	153	1.00079
133	154	0.995957
133	157	0.994087
133	165	1.02214
133	167	0.958264
133	168	0.98888
133	169	1.01329
133	174	1.55122
133	176	1.40643
133	180	1.43492
134	1	1.05438
134	42	0.97293
134	51	1.03038
134	97	0.974126
134	102	1.00019
134	104	0.995865
134	105	1.13813
134	106	1.00099
134	117	0.991445
134	119	0.929135
134	120	0.862162
134	123	0.958378
134	129	0.985274
134	133	0.999017
134	135	0.983059
134	137	0.957722
134	139	1.00252
134	141	0.994309
134	144	1.00663
134	145	0.95852
134	147	1.00456
134	148	0.970138
134	149	0.873708
134	152	1.00385
134	153	0.987347
134	154	0.982514
134	157	0.980644
134	158	1.04521
134	161	1.24788
134	169	0.999847
134	171	1.14164
134	172	1.26669
134	173	1.57807
134	178	1.41318
135	4	1.04386
135	28	1.01071
135	95	0.973237
135	97	0.97161
135	99	1.02092
135	101	0.960884
135	102	0.997676
135	106	0.998479
135	107	0.848544
135	109	1.01852
135	111	1.02139
135	115	0.995173
135	125	0.993308
135	133	0.996501
135	134	0.983059
135	139	1.00001
135	140	0.963243
135	141	0.991793
135	142	1.3344
135	143	1.15912
135	144	1.00411
135	145	0.956005
135	148	0.967623
135	150	0.922278
135	152	1.00133
135	153	0.984831
135	154	0.979999
135	155	1.15507
135	157	0.978129
135	161	1.22981
135	162	1.33832
135	166	1.14039
135	168	0.972922
135	178	1.3951
136	26	1.13551
136	35	0.815172
136	63	1.31326
136	88	1.11147
136	98	1.24581
136	99	1.03042
136	131	0.972831
136	143	0.951152
136	146	1.01104
136	149	1.02846
136	150	1.01972
136	151	1.03527
136	154	1.0616
136	155	0.963889
136	156	0.953533
136	157	1.03695
136	158	1.00518
136	159	1.0037
136	161	0.929861
136	163	0.956168
136	164	1.0152
136	165	1.00105
136	167	0.986412
136	169	0.988739
136	170	0.97928
136	171	0.934527
136	172	0.906471
136	173	0.847773
136	175	0.852808
136	176	0.882199
136	177	0.883869
136	178	0.88172
136	179	0.903155
136	180	0.874333
137	28	0.98267
137	65	1.09132
137	79	0.974464
137	80	0.982762
137	83	1.02264
137	87	1.03663
137	123	1.1143
137	125	0.958831
137	129	1.07866
137	134	0.957722
137	142	0.97854
137	149	1.0864
137	150	1.07766
137	151	1.09321
137	155	1.02183
137	159	1.06164
137	160	0.951817
137	161	0.987799
137	162	0.957196
137	163	1.01411
137	164	1.07314
137	165	1.05899
137	166	0.999631
137	167	1.04435
137	171	0.992466
137	172	0.964409
137	173	0.905711
137	174	0.919621
137	175	0.910747
137	176	0.940137
137	177	0.941807
137	178	0.939659
137	179	0.961093
137	180	0.932271
138	12	1.06791
138	19	1.04433
138	21	1.0284
138	38	1.12207
138	49	1.07418
138	54	0.985029
138	59	1.0816
138	63	0.9672
138	65	1.04965
138	67	0.955465
138	70	1.0261
138	71	1.00738
138	72	1.00768
138	76	1.01155
138	80	0.983528
138	81	1.07184
138	86	1.04395
138	90	0.803897
138	91	1.04207
138	108	1.03689
138	109	0.906258
138	112	1.05462
138	113	1.3829
138	115	1.034
138	116	1.02579
138	122	0.991189
138	131	0.944682
138	149	0.74337
138	156	1.07549
138	166	1.02813
138	167	0.83131
138	172	1.13635
138	178	1.28284
138	179	1.14566
