1	8	1.0124
1	28	0.910733
1	115	1.12771
1	136	1.03474
1	140	1.06411
1	157	1.04836
1	160	1.08242
1	166	0.742324
1	174	1.07373
1	176	0.743983
1	177	1.07546
1	178	1.08107
2	5	1.23127
2	25	1.2021
2	77	1.22028
2	91	0.59863
2	118	1.15816
2	120	0.705818
2	129	1.18962
2	143	1.21561
2	155	1.19381
2	165	1.18915
2	167	0.59901
2	179	0.505523
3	7	1.24322
3	40	1.1616
3	48	1.24841
3	65	1.17423
3	66	0.642011
3	69	1.17924
3	87	1.18975
3	104	1.20141
3	115	0.597863
3	175	1.20214
3	179	0.535391
3	180	0.634091
4	8	1.01279
4	9	0.880515
4	77	0.745803
4	94	1.05326
4	101	1.11279
4	131	1.07833
4	156	0.765583
4	169	1.04226
4	170	1.06912
4	174	1.07413
4	177	1.07585
4	178	1.08147
5	2	1.23127
5	55	1.1994
5	59	0.727836
5	70	1.28371
5	71	1.26687
5	118	1.12471
5	129	1.15617
5	130	0.57083
5	143	1.18217
5	165	1.1557
5	169	0.568295
5	178	0.542755
6	17	0.70323
6	72	1.01921
6	114	1.02183
6	123	1.08997
6	126	1.09499
6	133	1.0831
6	135	1.059
6	137	1.05604
6	146	1.07462
6	169	0.850029
6	179	1.10125
6	180	0.853475
7	3	1.24322
7	48	1.24617
7	62	0.636976
7	65	1.17199
7	69	1.177
7	87	1.18751
7	104	1.19917
7	108	1.17502
7	175	1.19991
7	178	0.604283
7	179	0.53457
7	180	0.633269
8	1	1.0124
8	4	1.01279
8	83	0.85794
8	99	0.789286
8	142	1.10967
8	148	1.0833
8	160	1.08244
8	164	0.748184
8	170	1.06875
8	172	1.0814
8	174	1.07375
8	177	1.07548
9	4	0.880515
9	58	1.10193
9	100	1.1381
9	124	1.03604
9	138	1.01504
9	150	1.05969
9	156	1.08296
9	159	1.04726
9	166	1.04424
9	171	1.07474
9	177	0.767918
9	178	0.755833
10	79	1.22231
10	84	1.12555
10	86	1.22231
10	98	1.16585
10	106	0.598163
10	153	0.602093
10	168	1.1951
10	169	0.602575
10	173	1.19851
10	176	1.21821
10	179	1.25216
10	180	0.606021
11	25	1.21399
11	26	0.580254
11	49	1.15101
11	77	1.23216
11	96	1.18412
11	105	1.21967
11	113	0.615851
11	118	1.17004
11	125	0.597648
11	129	1.2015
11	143	1.2275
11	180	0.604987
12	74	1.04923
12	78	1.03644
12	88	1.08697
12	96	0.794452
12	121	1.03085
12	125	0.838988
12	130	1.08613
12	142	1.11192
12	169	1.04413
12	170	1.071
12	171	0.759771
12	178	1.08334
13	93	0.821786
13	94	0.769512
13	144	1.04483
13	147	1.04321
13	151	1.05807
13	154	1.07469
13	158	1.07795
13	161	1.09201
13	163	1.06987
13	164	1.06987
13	178	0.817006
13	180	1.06951
14	76	1.04174
14	100	0.771745
14	128	1.07675
14	129	0.815428
14	131	1.07523
14	140	1.0614
14	169	1.03916
14	171	0.806689
14	174	1.07103
14	177	1.07275
14	178	1.07837
14	180	1.08357
15	49	0.746677
15	52	0.55952
15	63	1.18804
15	116	0.534876
15	139	1.20453
15	148	1.20268
15	161	0.549524
15	169	1.16127
15	177	1.19486
15	178	1.20048
15	179	1.24247
15	180	1.20568
16	90	1.17009
16	123	1.21439
16	126	1.21941
16	133	1.20753
16	135	1.18342
16	137	1.18046
16	142	0.583182
16	146	1.19904
16	155	0.612126
16	156	0.573067
16	179	1.22567
16	180	0.636092
17	6	0.70323
17	72	0.627959
17	79	0.51786
17	128	1.19472
17	137	0.545204
17	139	1.2004
17	140	1.17938
17	148	1.19855
17	177	1.19073
17	178	1.19634
17	179	1.23833
17	180	1.20155
18	68	0.593302
18	110	0.592221
18	131	1.21153
18	140	1.1977
18	145	0.616055
18	157	1.18195
18	162	0.590769
18	169	1.17546
18	170	1.20232
18	174	1.20732
18	177	1.20905
18	178	1.21467
19	40	0.5354
19	107	1.35019
19	135	0.445568
19	140	1.36645
19	144	0.503086
19	148	1.38562
19	151	0.469604
19	153	1.38218
19	169	1.34421
19	175	1.38794
19	176	0.43806
19	178	1.38342
20	45	0.521023
20	67	1.18887
20	79	1.2232
20	84	1.12644
20	86	1.2232
20	98	1.16674
20	111	0.661924
20	152	0.607978
20	172	0.617794
20	173	1.1994
20	176	1.2191
20	179	1.25305
21	39	1.063
21	114	0.854089
21	120	1.02882
21	131	1.07007
21	139	1.07726
21	146	0.752479
21	153	1.07197
21	160	1.07456
21	164	0.787523
21	172	1.07352
21	177	1.06759
21	178	1.07321
22	68	1.07272
22	95	1.05294
22	107	0.82646
22	127	1.08756
22	139	0.81571
22	141	1.05891
22	145	1.03944
22	152	1.09124
22	162	1.06969
22	166	1.0485
22	171	1.07899
22	179	0.765553
23	24	0.612163
23	76	1.12983
23	127	0.626553
23	132	0.741608
23	140	1.14949
23	157	1.13374
23	160	1.1678
23	166	0.612798
23	170	1.15411
23	172	1.16676
23	175	1.17098
23	177	1.16084
23	178	1.16645
24	23	0.612163
24	102	0.639593
24	106	0.677546
24	132	1.09879
24	140	0.673654
24	144	1.13788
24	151	1.15113
24	154	1.16774
24	158	1.171
24	161	1.18506
24	163	1.16292
24	164	1.16292
24	180	1.16256
25	2	1.2021
25	11	1.21399
25	49	1.07651
25	54	0.592138
25	71	1.23771
25	75	0.566054
25	78	0.737308
25	96	1.10962
25	105	1.14517
25	118	1.09554
25	143	1.153
25	152	1.16636
25	180	0.711533
26	11	0.580254
26	59	1.06845
26	73	0.714061
26	88	1.17138
26	91	1.16438
26	100	0.586678
26	131	1.16461
26	139	1.1718
26	145	0.714894
26	160	1.1691
26	174	1.16041
26	177	1.16213
26	178	1.16775
27	45	0.56022
27	114	1.11131
27	122	1.13731
27	123	1.17945
27	126	1.18447
27	133	1.17259
27	135	1.14848
27	137	1.14552
27	138	0.702083
27	146	1.1641
27	167	0.686335
27	173	0.655506
27	176	1.15677
28	1	0.910733
28	73	1.01331
28	118	0.839411
28	132	0.986196
28	144	1.02529
28	151	1.03854
28	154	1.05515
28	158	1.05841
28	161	1.07247
28	163	1.05033
28	164	1.05033
28	169	0.851002
28	180	1.04997
29	119	0.711767
29	124	1.13613
29	138	1.11513
29	149	1.1739
29	150	1.15977
29	156	1.18304
29	157	0.674388
29	159	1.14735
29	162	1.16552
29	166	1.14433
29	171	1.17482
29	172	0.615099
29	176	0.604441
30	43	0.700246
30	109	1.14396
30	117	1.18376
30	141	1.14873
30	149	1.1679
30	159	1.14134
30	162	1.15951
30	166	1.13832
30	171	1.16882
30	173	1.14767
30	175	0.649091
30	176	0.620111
30	178	0.636339
31	40	0.709551
31	85	1.16833
31	93	1.14902
31	107	1.14037
31	122	0.59771
31	136	1.12727
31	154	0.64605
31	162	0.638856
31	169	1.13439
31	173	1.16194
31	174	1.16626
31	178	1.1736
31	180	1.17881
32	69	0.609274
32	90	0.635624
32	107	1.13545
32	112	0.665376
32	113	0.678858
32	121	1.11619
32	142	1.19726
32	157	1.13597
32	160	1.17003
32	170	1.15634
32	173	1.15702
32	177	1.16307
32	178	1.16868
33	45	1.25153
33	51	0.722111
33	88	1.15882
33	102	0.643655
33	117	0.597332
33	140	1.13822
33	156	0.626441
33	157	1.12247
33	169	1.11598
33	174	1.14784
33	177	1.14957
33	178	1.15519
33	180	1.16039
34	69	1.10212
34	88	1.12413
34	98	1.07617
34	103	0.681019
34	104	1.12429
34	117	0.663198
34	158	0.709659
34	160	1.12185
34	162	0.736762
34	175	1.12503
34	176	1.12854
34	177	1.11488
34	178	1.1205
34	179	1.16249
35	80	1.13014
35	94	0.678766
35	107	0.717454
35	114	1.07086
35	122	1.09685
35	123	1.139
35	126	1.14402
35	133	1.13213
35	134	0.676357
35	135	1.10802
35	137	1.10506
35	146	1.12364
35	177	0.738345
35	179	1.15027
36	73	0.754974
36	103	0.674779
36	111	1.11241
36	140	1.11702
36	143	0.65951
36	157	1.10127
36	160	1.13534
36	165	1.11589
36	169	1.09478
36	172	1.13429
36	174	1.12665
36	176	0.703878
36	177	1.12837
36	178	1.13399
37	66	1.11387
37	104	1.12412
37	117	0.627241
37	122	1.1089
37	133	1.14418
37	137	1.11711
37	144	0.739187
37	147	0.724051
37	162	0.700806
37	167	1.11894
37	174	1.11299
37	175	1.12486
37	177	1.11471
37	178	1.12033
38	74	0.628564
38	85	0.592208
38	115	0.522096
38	117	1.26543
38	129	1.22337
38	137	1.23778
38	139	0.509781
38	143	1.24937
38	145	1.21093
38	146	1.25636
38	155	1.22756
38	160	0.560321
38	179	1.28299
38	180	1.24621
39	21	1.063
39	57	0.643738
39	59	1.04026
39	93	1.11497
39	102	0.720948
39	142	1.16814
39	152	1.16129
39	157	1.10685
39	159	0.748191
39	170	1.12722
39	171	0.680203
39	177	1.13395
39	178	1.13956
39	180	1.14477
40	3	1.1616
40	19	0.5354
40	31	0.709551
40	48	1.16455
40	65	1.09037
40	69	1.09538
40	87	1.10589
40	102	1.11745
40	104	1.11755
40	130	1.11655
40	157	0.80977
40	167	1.11237
40	173	0.748996
40	175	1.11829
41	70	1.2177
41	71	1.20087
41	77	1.12082
41	96	1.07278
41	105	1.10833
41	108	1.08743
41	118	1.0587
41	129	1.09016
41	134	1.12704
41	143	1.11616
41	148	0.681964
41	169	0.717932
41	172	0.686822
41	180	0.721378
42	71	0.607251
42	81	1.07478
42	92	1.13163
42	111	0.753391
42	125	1.09732
42	127	1.14986
42	138	1.08159
42	140	0.732068
42	150	1.12624
42	156	1.1495
42	165	0.713193
42	166	1.11079
42	171	1.14129
42	180	1.13701
43	30	0.700246
43	70	1.2089
43	71	1.19207
43	82	0.689487
43	86	0.683647
43	107	1.06576
43	143	1.10736
43	153	1.09775
43	161	1.1267
43	163	1.10455
43	164	1.10455
43	166	0.720959
43	177	1.09337
43	178	1.09899
44	110	1.08289
44	122	1.09705
44	123	1.13919
44	126	1.14422
44	128	0.687359
44	133	1.13233
44	135	1.10822
44	137	1.10526
44	146	1.12384
44	166	0.680104
44	176	1.11652
44	177	0.710077
44	179	1.15047
44	180	0.726977
45	20	0.521023
45	27	0.56022
45	33	1.25153
45	97	1.29779
45	109	0.598454
45	131	1.24298
45	136	1.19978
45	159	0.583017
45	161	0.532385
45	165	1.22802
45	169	1.20691
45	174	1.23878
45	178	1.24612
45	179	1.28811
46	53	0.653623
46	101	0.563191
46	112	1.17864
46	115	0.571798
46	120	0.709621
46	127	1.22496
46	138	1.1567
46	149	1.21547
46	150	1.20134
46	156	1.22461
46	159	1.18891
46	162	1.20709
46	166	1.18589
46	171	1.21639
46	179	0.509325
47	89	0.595577
47	100	0.487763
47	110	1.1697
47	114	1.15787
47	120	0.710858
47	122	1.18386
47	126	1.23103
47	131	0.599078
47	133	1.21914
47	135	1.19504
47	137	1.19208
47	146	1.21066
47	176	1.20333
47	179	1.23729
47	180	0.609263
48	3	1.24841
48	7	1.24617
48	40	1.16455
48	52	0.577683
48	65	1.17718
48	69	1.18218
48	87	1.19269
48	101	0.592054
48	104	1.20435
48	108	1.18021
48	121	0.691222
48	167	1.19917
48	175	1.20509
48	178	0.607901
48	179	0.538188
49	11	1.15101
49	15	0.746677
49	25	1.07651
49	55	1.10725
49	70	1.19156
49	75	0.715386
49	77	1.09468
49	94	0.784385
49	96	1.04664
49	105	1.08219
49	118	1.03256
49	129	1.06402
49	143	1.09002
49	165	1.06355
49	179	0.762165
50	52	0.572203
50	91	1.20796
50	96	1.17633
50	114	0.624275
50	118	1.16225
50	143	1.2197
50	144	0.651218
50	156	1.22904
50	159	1.19334
50	164	0.55771
50	166	1.19032
50	174	1.20399
50	176	0.586192
50	177	1.20572
50	178	1.21134
51	33	0.722111
51	78	0.791332
51	106	0.7577
51	116	1.12883
51	132	1.03228
51	144	1.07137
51	147	1.06975
51	151	1.08462
51	154	1.10123
51	158	1.10449
51	161	1.11856
51	163	1.09641
51	164	1.09641
51	178	0.736571
51	180	1.09605
52	15	0.55952
52	48	0.577683
52	50	0.572203
52	107	0.635916
52	113	1.18272
52	116	1.23232
52	144	1.17485
52	147	1.17324
52	154	1.20471
52	158	1.20797
52	161	1.22204
52	163	1.19989
52	164	1.19989
52	170	0.659622
52	176	1.20237
53	46	0.653623
53	113	1.07826
53	116	1.12786
53	121	0.832844
53	132	1.0313
53	136	0.840624
53	147	1.06878
53	151	1.08364
53	154	1.10026
53	158	1.10352
53	161	1.11758
53	163	1.09544
53	164	1.09544
53	176	1.09791
53	179	0.67981
54	25	0.592138
54	57	1.2222
54	61	1.2222
54	67	1.18332
54	79	1.21765
54	84	1.12089
54	86	1.21765
54	98	1.16119
54	124	0.628265
54	128	0.573899
54	173	1.19385
54	175	0.597282
54	176	1.21355
54	179	1.2475
54	180	0.613517
55	5	1.1994
55	49	1.10725
55	71	1.26845
55	77	1.1884
55	96	1.14036
55	118	1.12628
55	119	1.10919
55	124	0.675779
55	129	1.15774
55	137	0.623569
55	143	1.18374
55	148	0.621618
55	155	1.16193
55	165	1.15727
55	168	0.65833
55	173	0.624991
56	64	1.24445
56	102	1.15997
56	117	1.1807
56	127	1.17433
56	142	0.611729
56	145	1.12621
56	156	1.17398
56	159	1.13828
56	162	1.15646
56	166	1.13526
56	167	0.659426
56	169	0.661193
56	171	1.16576
56	173	1.14461
56	174	0.656244
56	176	0.619424
57	39	0.643738
57	54	1.2222
57	61	1.18316
57	67	1.14427
57	79	1.17861
57	84	1.08185
57	86	1.17861
57	98	1.12214
57	120	0.711487
57	136	0.672006
57	137	0.572429
57	153	0.605963
57	168	1.15139
57	173	1.1548
57	176	1.1745
57	179	1.20846
58	9	1.10193
58	78	0.672958
58	95	1.16988
58	108	0.64857
58	124	1.15724
58	125	1.15197
58	138	1.13624
58	140	0.635433
58	141	1.17585
58	145	1.15639
58	150	1.18089
58	152	1.20819
58	162	1.18664
58	165	0.616559
58	170	0.633097
58	173	1.17479
59	5	0.727836
59	26	1.06845
59	39	1.04026
59	69	0.830286
59	100	1.12332
59	133	1.07432
59	135	1.05021
59	146	1.06583
59	149	1.05903
59	156	1.06817
59	160	1.05182
59	161	0.819808
59	164	0.81531
59	178	1.05047
59	179	1.09246
59	180	1.05567
60	63	0.641148
60	64	1.25959
60	76	0.689688
60	97	0.558763
60	124	1.14219
60	125	1.13692
60	136	0.701476
60	138	1.1212
60	145	1.14134
60	150	1.16584
60	159	1.15342
60	162	1.17159
60	166	1.1504
60	171	1.18089
60	177	0.622461
60	180	1.17661
61	54	1.2222
61	57	1.18316
61	67	1.14427
61	79	1.17861
61	84	1.08185
61	86	1.17861
61	91	0.66239
61	98	1.12214
61	115	0.631756
61	161	0.598784
61	167	0.662771
61	168	1.15139
61	173	1.1548
61	175	0.651749
61	176	1.1745
61	179	1.20846
62	7	0.636976
62	90	0.704249
62	109	1.12217
62	110	0.719501
62	113	1.12593
62	122	0.676903
62	133	0.654299
62	149	1.14611
62	150	1.13198
62	151	1.13131
62	159	1.11955
62	163	1.14311
62	164	1.14311
62	170	1.1252
62	175	1.14207
62	177	1.13193
62	178	1.13754
63	15	1.18804
63	60	0.641148
63	84	0.763432
63	115	1.18398
63	123	0.619429
63	127	0.70158
63	131	1.1342
63	136	1.091
63	148	1.13954
63	155	1.1239
63	157	1.10462
63	161	0.665499
63	169	1.09813
63	173	1.12567
63	175	1.14187
63	177	1.13172
63	178	1.13734
64	56	1.24445
64	60	1.25959
64	82	1.25821
64	101	0.548904
64	111	0.603311
64	112	1.20968
64	121	0.648072
64	125	1.20346
64	142	0.540828
64	149	1.24651
64	156	1.25565
64	159	1.21996
64	162	1.23813
64	166	1.21693
64	171	1.24743
64	175	0.577503
64	179	0.495038
65	3	1.17423
65	7	1.17199
65	40	1.09037
65	48	1.17718
65	69	1.10801
65	87	1.11852
65	102	1.13008
65	104	1.13018
65	106	1.11435
65	130	1.12918
65	142	0.674944
65	155	0.703888
65	167	1.125
65	173	0.691813
65	175	1.13092
65	177	0.710953
65	179	0.629154
66	3	0.642011
66	37	1.11387
66	97	1.19498
66	116	0.656984
66	120	1.09892
66	136	1.09697
66	139	1.14736
66	150	0.710991
66	153	1.14207
66	160	1.14466
66	163	0.714817
66	164	0.667135
66	168	1.12824
66	169	1.1041
66	175	1.14784
66	177	1.13769
66	178	1.14331
67	20	1.18887
67	54	1.18332
67	57	1.14427
67	61	1.14427
67	79	1.13972
67	84	1.04296
67	86	1.13972
67	98	1.08325
67	142	0.643335
67	147	0.70092
67	168	1.11251
67	169	0.692799
67	170	0.682159
67	173	1.11592
67	174	0.687851
67	176	1.13562
67	179	1.16957
68	18	0.593302
68	22	1.07272
68	76	0.767202
68	89	1.15279
68	109	1.13761
68	112	1.12471
68	134	0.637986
68	138	1.10277
68	141	1.14237
68	145	1.12291
68	149	1.16154
68	159	1.13499
68	162	1.15316
68	166	1.13196
68	170	0.702789
68	171	1.16246
68	174	0.708481
69	3	1.17924
69	7	1.177
69	32	0.609274
69	34	1.10212
69	40	1.09538
69	48	1.18218
69	59	0.830286
69	65	1.10801
69	74	1.09728
69	87	1.12352
69	104	1.13518
69	130	1.13418
69	142	0.621282
69	167	1.13
69	168	0.67149
69	175	1.13592
69	180	0.674192
70	5	1.28371
70	41	1.2177
70	43	1.2089
70	49	1.19156
70	96	1.22467
70	102	1.26337
70	105	1.26022
70	107	0.547358
70	119	1.1935
70	127	0.552032
70	129	1.24205
70	143	1.26805
70	153	0.581222
70	155	1.24624
70	160	0.587149
70	178	0.556164
70	180	0.585151
71	5	1.26687
71	25	1.23771
71	41	1.20087
71	42	0.607251
71	43	1.19207
71	55	1.26845
71	75	0.450866
71	77	1.25588
71	105	1.24338
71	118	1.19376
71	129	1.22522
71	131	0.586161
71	143	1.25122
71	152	1.26458
71	154	0.584969
71	162	0.577775
71	180	0.596346
72	6	1.01921
72	17	0.627959
72	90	1.09613
72	110	1.08412
72	114	1.07229
72	122	1.09829
72	123	1.14043
72	126	1.14545
72	128	0.738587
72	133	1.13357
72	135	1.10946
72	137	1.1065
72	142	0.725295
72	146	1.12508
72	153	0.774277
72	173	0.742164
72	176	1.11776
72	179	1.15171
73	26	0.714061
73	28	1.01331
73	36	0.754974
73	99	1.09053
73	128	0.699177
73	132	1.05974
73	147	1.09722
73	149	0.699533
73	151	1.11208
73	153	0.734866
73	154	1.12869
73	158	1.13195
73	161	1.14602
73	163	1.12387
73	164	1.12387
73	175	1.12284
73	176	1.12635
73	180	1.12352
74	12	1.04923
74	38	0.628564
74	69	1.09728
74	87	1.10779
74	92	0.771688
74	96	0.751279
74	104	1.11945
74	122	0.743437
74	130	1.11845
74	136	1.06932
74	146	0.694413
74	158	1.1293
74	163	1.12122
74	164	1.12122
74	175	1.12019
74	177	1.11004
74	178	1.11566
74	180	1.12086
75	25	0.566054
75	49	0.715386
75	71	0.450866
75	76	1.20913
75	77	0.504628
75	84	1.16114
75	92	0.555967
75	98	1.20143
75	111	1.22418
75	113	0.598297
75	123	1.27647
75	135	1.2455
75	146	1.26112
75	170	1.23342
75	172	1.24606
75	176	1.25379
75	179	1.28775
76	14	1.04174
76	23	1.12983
76	60	0.689688
76	68	0.767202
76	75	1.20913
76	107	1.07991
76	116	0.699391
76	120	1.06875
76	121	1.06065
76	123	0.667969
76	128	1.11153
76	142	1.14172
76	151	0.769568
76	153	1.11191
76	174	1.1058
76	177	1.10753
76	178	1.11314
76	180	1.11835
77	2	1.22028
77	4	0.745803
77	11	1.23216
77	41	1.12082
77	49	1.09468
77	55	1.1884
77	71	1.25588
77	75	0.504628
77	96	1.12779
77	105	1.16334
77	118	1.11372
77	129	1.14517
77	134	1.18205
77	143	1.17117
77	152	1.18454
77	167	0.644895
77	174	0.641714
77	178	0.621121
77	180	0.650108
78	12	1.03644
78	25	0.737308
78	51	0.791332
78	58	0.672958
78	81	0.823946
78	115	1.14951
78	120	1.05848
78	121	1.05038
78	131	1.09973
78	136	1.05653
78	138	0.769222
78	153	1.10163
78	157	1.07015
78	168	1.0878
78	170	1.09053
78	172	1.10318
78	174	1.09553
78	177	1.09725
78	178	1.10287
79	10	1.22231
79	17	0.51786
79	20	1.2232
79	54	1.21765
79	57	1.17861
79	61	1.17861
79	67	1.13972
79	84	1.0773
79	86	1.17406
79	98	1.11759
79	150	0.638264
79	157	0.692838
79	165	0.637481
79	168	1.14684
79	173	1.15025
79	176	1.16995
79	177	0.651205
79	179	1.20391
79	180	0.668105
80	35	1.13014
80	90	1.15804
80	110	1.14603
80	114	1.1342
80	121	0.691919
80	122	1.1602
80	123	1.20234
80	128	0.597967
80	130	0.636674
80	133	1.19548
80	135	1.17137
80	137	1.16841
80	146	1.18699
80	155	0.613619
80	165	1.15353
80	168	0.634883
80	176	1.17966
80	179	1.21362
80	180	0.637585
81	42	1.07478
81	78	0.823946
81	95	1.07618
81	101	0.753338
81	127	1.1108
81	134	0.719283
81	138	1.04254
81	139	0.749629
81	141	1.08215
81	145	1.06269
81	149	1.10132
81	150	1.08719
81	156	1.11045
81	162	1.09293
81	168	1.07768
81	171	1.10224
81	172	0.763616
81	173	1.08109
81	180	1.09796
82	43	0.689487
82	64	1.25821
82	89	1.16985
82	93	0.63036
82	109	1.15466
82	112	1.14177
82	124	1.14082
82	130	0.653655
82	134	0.575677
82	145	1.13996
82	150	1.16446
82	152	1.19176
82	155	0.6306
82	156	1.18773
82	159	1.15204
82	162	1.17021
82	163	0.628551
82	166	1.14902
82	171	1.17951
83	8	0.85794
83	102	0.723159
83	103	1.08922
83	113	1.07432
83	116	1.12392
83	132	1.02737
83	133	0.68665
83	144	1.06646
83	147	1.06484
83	151	1.07971
83	154	1.09632
83	157	0.793703
83	158	1.09958
83	161	1.11364
83	163	1.0915
83	164	1.0915
83	165	0.738346
83	175	1.09047
83	180	1.09114
84	10	1.12555
84	20	1.12644
84	54	1.12089
84	57	1.08185
84	61	1.08185
84	63	0.763432
84	67	1.04296
84	75	1.16114
84	79	1.0773
84	86	1.0773
84	93	0.737439
84	98	1.02083
84	107	0.723853
84	119	0.823758
84	168	1.05008
84	173	1.05349
84	176	1.07319
84	179	1.10714
84	180	0.761646
85	31	1.16833
85	38	0.592208
85	97	1.19617
85	105	0.699442
85	121	1.09201
85	123	0.651527
85	126	0.670201
85	128	1.14288
85	131	1.14136
85	148	1.14671
85	153	1.14326
85	157	1.11179
85	161	0.697598
85	167	1.14311
85	171	0.680241
85	172	1.14481
85	174	1.13716
85	175	1.14903
85	177	1.13889
85	178	1.1445
86	10	1.22231
86	20	1.2232
86	43	0.683647
86	54	1.21765
86	57	1.17861
86	61	1.17861
86	67	1.13972
86	79	1.17406
86	84	1.0773
86	89	0.635041
86	98	1.11759
86	101	0.603893
86	165	0.618102
86	168	1.14684
86	170	0.634641
86	173	1.15025
86	176	1.16995
86	177	0.631826
86	179	1.20391
87	3	1.18975
87	7	1.18751
87	40	1.10589
87	48	1.19269
87	65	1.11852
87	69	1.12352
87	74	1.10779
87	102	1.14559
87	104	1.14569
87	106	1.12987
87	108	1.12155
87	130	1.1447
87	160	0.698128
87	167	1.14051
87	174	0.687736
87	175	1.14643
87	176	0.650915
87	177	0.679229
87	179	0.59743
87	180	0.69613
88	12	1.08697
88	26	1.17138
88	33	1.15882
88	34	1.12413
88	89	0.698185
88	103	0.637558
88	107	1.12017
88	108	0.713258
88	123	0.596601
88	142	1.18198
88	156	0.648847
88	159	0.693303
88	169	1.11419
88	170	1.14106
88	172	1.15371
88	173	1.14174
88	174	1.14606
88	177	1.14779
88	178	1.1534
88	180	1.15861
89	47	0.595577
89	68	1.15279
89	82	1.16985
89	86	0.635041
89	88	0.698185
89	92	1.14941
89	112	1.12132
89	124	1.12037
89	125	1.1151
89	128	0.679608
89	140	0.707476
89	145	1.11952
89	150	1.14402
89	152	1.17132
89	156	1.16729
89	159	1.13159
89	162	1.14977
89	166	1.12857
89	171	1.15907
89	178	0.69024
90	16	1.17009
90	32	0.635624
90	62	0.704249
90	72	1.09613
90	80	1.15804
90	110	1.11059
90	114	1.09876
90	122	1.12475
90	123	1.16689
90	126	1.17192
90	133	1.16003
90	134	0.621652
90	135	1.13592
90	137	1.13296
90	141	0.674179
90	146	1.15154
90	168	0.69784
90	176	1.14422
90	178	0.671555
90	179	1.17817
91	2	0.59863
91	26	1.16438
91	50	1.20796
91	61	0.66239
91	111	1.12482
91	113	0.738183
91	115	1.19304
91	120	1.102
91	145	0.734035
91	146	0.618578
91	148	1.1486
91	157	1.11368
91	168	1.13133
91	169	1.10719
91	170	1.13405
91	171	0.640763
91	172	1.1467
91	174	1.13906
91	177	1.14078
91	178	1.1464
92	42	1.13163
92	74	0.771688
92	75	0.555967
92	89	1.14941
92	95	1.13302
92	107	0.663654
92	109	1.13422
92	117	1.17402
92	127	1.16765
92	138	1.09939
92	139	0.652904
92	145	1.11953
92	156	1.1673
92	159	1.1316
92	162	1.14978
92	166	1.12858
92	171	1.15908
92	174	0.693053
92	178	0.67246
92	180	1.1548
93	13	0.821786
93	31	1.14902
93	39	1.11497
93	82	0.63036
93	84	0.737439
93	105	0.641351
93	111	1.1036
93	131	1.12204
93	136	1.07885
93	139	1.12924
93	140	1.10822
93	144	0.728517
93	148	1.12739
93	153	1.12395
93	157	1.09247
93	164	0.635008
93	170	1.11284
93	172	1.12549
93	177	1.11957
93	178	1.12518
93	179	1.16717
94	4	1.05326
94	13	0.769512
94	35	0.678766
94	49	0.784385
94	95	0.672223
94	107	1.08834
94	108	0.657818
94	115	1.16821
94	139	1.12562
94	140	1.1046
94	142	1.15014
94	153	1.12033
94	160	1.12292
94	163	0.630417
94	167	1.12018
94	170	1.10922
94	172	1.12187
94	174	1.11423
94	177	1.11595
94	178	1.12157
94	179	1.16356
95	22	1.05294
95	58	1.16988
95	81	1.07618
95	92	1.13302
95	94	0.672223
95	109	1.11783
95	115	0.712476
95	124	1.10399
95	141	1.1226
95	145	1.10314
95	150	1.12764
95	155	0.724738
95	156	1.1509
95	159	1.11521
95	162	1.13338
95	166	1.11219
95	171	1.14269
95	177	0.731803
95	178	0.719717
95	179	0.650004
95	180	1.13841
96	11	1.18412
96	12	0.794452
96	25	1.10962
96	41	1.07278
96	49	1.04664
96	50	1.17633
96	55	1.14036
96	70	1.22467
96	74	0.751279
96	77	1.12779
96	102	1.11845
96	105	1.1153
96	118	1.06568
96	129	1.09713
96	136	0.743152
96	143	1.12313
96	155	1.10132
96	165	1.09666
96	174	0.672644
96	175	0.664803
96	179	0.582338
97	45	1.29779
97	60	0.558763
97	66	1.19498
97	85	1.19617
97	107	1.16821
97	111	1.17986
97	112	0.649695
97	117	0.560179
97	119	1.13526
97	139	1.2055
97	142	1.23001
97	149	0.613052
97	153	1.2002
97	162	0.633744
97	169	1.16223
97	170	1.1891
97	171	0.565758
97	176	0.607099
97	177	1.19582
97	178	1.20144
97	179	1.24343
98	10	1.16585
98	20	1.16674
98	34	1.07617
98	54	1.16119
98	57	1.12214
98	61	1.12214
98	67	1.08325
98	75	1.20143
98	79	1.11759
98	84	1.02083
98	86	1.11759
98	145	0.724916
98	152	0.673828
98	155	0.694234
98	168	1.09038
98	169	0.714755
98	172	0.683644
98	173	1.09378
98	176	1.11348
98	179	1.14744
98	180	0.718201
99	8	0.789286
99	73	1.09053
99	113	1.11038
99	116	1.15998
99	132	1.06342
99	144	1.10251
99	145	0.707033
99	147	1.10089
99	148	0.660903
99	151	1.11576
99	154	1.13237
99	158	1.13563
99	160	0.702315
99	161	1.1497
99	163	1.12755
99	164	1.12755
99	173	0.664276
99	175	1.12652
99	176	1.13003
99	177	0.683417
99	180	1.1272
100	9	1.1381
100	14	0.771745
100	26	0.586678
100	47	0.487763
100	59	1.12332
100	117	1.24705
100	124	1.19341
100	125	1.18814
100	127	1.24067
100	131	0.601228
100	138	1.17241
100	141	1.21202
100	145	1.19255
100	148	0.571998
100	149	1.23118
100	159	1.20463
100	162	1.2228
100	166	1.20161
100	167	0.6062
100	171	1.23211
100	178	0.582426
101	4	1.11279
101	46	0.563191
101	48	0.592054
101	64	0.548904
101	81	0.753338
101	86	0.603893
101	107	1.14786
101	110	1.1555
101	112	0.68546
101	135	1.18083
101	137	1.17787
101	146	1.19645
101	147	1.16
101	149	0.648817
101	151	1.17486
101	161	1.2088
101	163	1.18666
101	164	1.18666
101	172	1.1814
101	174	1.17375
101	177	1.17548
101	178	1.18109
102	24	0.639593
102	33	0.643655
102	39	0.720948
102	40	1.11745
102	56	1.15997
102	65	1.13008
102	70	1.26337
102	83	0.723159
102	87	1.14559
102	96	1.11845
102	104	1.15725
102	105	1.154
102	129	1.13583
102	138	1.10325
102	139	0.638559
102	141	1.14286
102	143	1.16183
102	159	1.13547
102	162	1.15365
102	171	1.16295
102	172	0.652545
102	175	1.15799
102	179	0.588401
103	34	0.681019
103	36	0.674779
103	83	1.08922
103	88	0.637558
103	106	0.650741
103	111	0.668173
103	113	1.14144
103	116	1.19104
103	132	1.09448
103	134	1.1723
103	140	0.646849
103	144	1.13358
103	147	1.13196
103	151	1.14682
103	154	1.16344
103	158	1.1667
103	161	1.18076
103	163	1.15862
103	164	1.15862
103	167	1.15166
103	174	0.650205
103	176	1.16109
103	180	1.15826
104	3	1.20141
104	7	1.19917
104	34	1.12429
104	37	1.12412
104	40	1.11755
104	48	1.20435
104	65	1.13018
104	69	1.13518
104	74	1.11945
104	87	1.14569
104	102	1.15725
104	106	1.14153
104	108	1.13321
104	130	1.15636
104	153	0.671074
104	154	0.663625
104	167	1.15217
104	168	0.6723
104	170	0.660916
104	173	0.638961
104	175	1.15809
104	177	0.658102
104	178	0.646016
105	11	1.21967
105	25	1.14517
105	41	1.10833
105	49	1.08219
105	70	1.26022
105	71	1.24338
105	77	1.16334
105	85	0.699442
105	93	0.641351
105	96	1.1153
105	102	1.154
105	108	1.12995
105	109	0.662427
105	118	1.10122
105	119	1.08413
105	129	1.13268
105	134	1.16955
105	143	1.15868
105	150	0.635717
105	160	0.667555
105	165	1.13221
105	173	0.629517
105	180	0.665558
106	10	0.598163
106	24	0.677546
106	51	0.7577
106	65	1.11435
106	87	1.12987
106	103	0.650741
106	104	1.14153
106	120	1.09334
106	121	1.08524
106	129	0.647237
106	132	0.806991
106	141	1.12713
106	149	1.1463
106	156	1.15544
106	161	0.655855
106	166	1.11672
106	167	1.13634
106	170	1.12539
106	171	1.14722
106	173	1.12607
106	175	1.14226
106	177	1.13212
106	178	1.13773
106	180	1.14294
107	19	1.35019
107	22	0.82646
107	31	1.14037
107	32	1.13545
107	35	0.717454
107	43	1.06576
107	52	0.635916
107	70	0.547358
107	76	1.07991
107	84	0.723853
107	88	1.12017
107	92	0.663654
107	94	1.08834
107	97	1.16821
107	101	1.14786
107	148	1.11875
107	154	0.683743
107	160	1.11789
107	165	1.09844
107	167	1.11515
107	172	1.11685
107	174	1.1092
107	177	1.11093
107	178	1.11654
108	7	1.17502
108	41	1.08743
108	48	1.18021
108	58	0.64857
108	87	1.12155
108	88	0.713258
108	94	0.657818
108	104	1.13321
108	105	1.12995
108	118	1.08033
108	129	1.11179
108	132	1.07084
108	139	0.685756
108	143	1.13778
108	154	1.1398
108	158	1.14306
108	161	1.15712
108	163	1.13498
108	164	1.13498
108	167	1.12802
108	172	0.699743
108	173	0.698258
108	175	1.13394
108	178	0.705312
109	30	1.14396
109	45	0.598454
109	62	1.12217
109	68	1.13761
109	82	1.15466
109	92	1.13422
109	95	1.11783
109	105	0.662427
109	112	1.10614
109	119	0.791894
109	125	1.09992
109	134	0.650893
109	141	1.1238
109	145	1.10433
109	149	1.14296
109	150	1.12883
109	156	1.1521
109	162	1.13458
109	165	0.699157
109	166	1.11339
109	171	1.14388
109	172	0.695226
109	177	0.712881
109	180	1.13961
110	18	0.592221
110	44	1.08289
110	47	1.1697
110	62	0.719501
110	72	1.08412
110	80	1.14603
110	90	1.11059
110	101	1.1555
110	114	1.08675
110	122	1.11274
110	123	1.15489
110	126	1.15991
110	133	1.14802
110	135	1.12392
110	137	1.12096
110	146	1.13954
110	163	0.689779
110	165	1.10607
110	167	0.710581
110	173	0.679753
110	176	1.13221
110	177	0.698893
110	179	1.16617
110	180	0.715794
111	20	0.661924
111	36	1.11241
111	42	0.753391
111	64	0.603311
111	75	1.22418
111	91	1.12482
111	93	1.1036
111	97	1.17986
111	103	0.668173
111	130	1.13099
111	139	1.13225
111	140	1.11122
111	141	0.716123
111	148	1.1304
111	155	1.11475
111	157	1.09548
111	158	0.696813
111	166	0.695612
111	167	1.1268
111	168	1.11312
111	172	1.1285
111	174	1.12085
111	177	1.12258
111	178	1.12819
112	32	0.665376
112	46	1.17864
112	64	1.20968
112	68	1.12471
112	82	1.14177
112	89	1.12132
112	97	0.649695
112	101	0.68546
112	109	1.10614
112	117	1.14593
112	124	1.09229
112	134	0.651405
112	140	0.718544
112	141	1.1109
112	149	1.13007
112	150	1.11594
112	156	1.13921
112	159	1.10351
112	162	1.12169
112	166	1.10049
112	167	0.725081
112	171	1.13099
112	177	0.713393
112	180	1.12671
113	11	0.615851
113	32	0.678858
113	52	1.18272
113	53	1.07826
113	62	1.12593
113	75	0.598297
113	83	1.07432
113	91	0.738183
113	99	1.11038
113	103	1.14144
113	132	1.07959
113	144	1.11868
113	147	1.11706
113	148	0.704362
113	151	1.13193
113	154	1.14854
113	158	1.1518
113	161	1.16586
113	163	1.14372
113	164	1.14372
113	168	0.741074
113	170	0.72969
113	175	1.14269
113	180	1.14336
114	6	1.02183
114	21	0.854089
114	27	1.11131
114	35	1.07086
114	47	1.15787
114	50	0.624275
114	72	1.07229
114	80	1.1342
114	90	1.09876
114	110	1.08675
114	122	1.10091
114	123	1.14306
114	126	1.14808
114	133	1.13619
114	135	1.11209
114	137	1.10913
114	146	1.12771
114	151	0.71211
114	152	0.681408
114	155	0.701815
114	157	0.750513
114	165	1.09424
114	166	0.678907
114	176	1.12038
114	179	1.15434
115	1	1.12771
115	3	0.597863
115	38	0.522096
115	46	0.571798
115	61	0.631756
115	63	1.18398
115	78	1.14951
115	91	1.19304
115	94	1.16821
115	95	0.712476
115	120	1.15202
115	121	1.14392
115	128	1.19479
115	131	1.19327
115	136	1.15007
115	142	1.22499
115	143	0.607102
115	147	0.70136
115	160	1.19776
115	168	1.18134
115	169	1.1572
115	172	1.19672
115	174	1.18907
115	176	0.65147
115	178	1.19641
116	15	0.534876
116	51	1.12883
116	52	1.23232
116	53	1.12786
116	66	0.656984
116	76	0.699391
116	83	1.12392
116	99	1.15998
116	103	1.19104
116	132	1.12919
116	144	1.16828
116	147	1.16666
116	149	0.609802
116	151	1.18153
116	152	0.604691
116	154	1.19814
116	158	1.2014
116	161	1.21546
116	163	1.19332
116	164	1.19332
116	168	0.646362
116	170	0.634978
116	176	1.19579
116	178	0.620078
116	180	1.19296
117	30	1.18376
117	33	0.597332
117	34	0.663198
117	37	0.627241
117	38	1.26543
117	56	1.1807
117	92	1.17402
117	97	0.560179
117	100	1.24705
117	112	1.14593
117	119	0.70289
117	124	1.14498
117	138	1.12399
117	139	0.592235
117	140	0.629028
117	141	1.16359
117	150	1.16863
117	152	1.19593
117	159	1.15621
117	162	1.17438
117	166	1.15318
117	168	1.15913
117	169	0.637332
117	171	1.18368
117	180	1.1794
118	2	1.15816
118	5	1.12471
118	11	1.17004
118	25	1.09554
118	28	0.839411
118	41	1.0587
118	49	1.03256
118	50	1.16225
118	55	1.12628
118	71	1.19376
118	77	1.11372
118	96	1.06568
118	105	1.10122
118	108	1.08033
118	129	1.08306
118	134	1.11993
118	143	1.10905
118	152	1.12242
118	158	0.672202
118	160	0.719873
118	165	1.08258
118	173	0.681834
118	175	0.70164
118	176	0.67266
118	180	0.717875
119	29	0.711767
119	55	1.10919
119	70	1.1935
119	84	0.823758
119	97	1.13526
119	105	1.08413
119	109	0.791894
119	117	0.70289
119	126	0.698428
119	129	1.06596
119	137	0.757562
119	143	1.09196
119	148	1.0858
119	151	1.07736
119	154	1.09397
119	158	1.09723
119	161	1.1113
119	163	1.08916
119	164	1.08916
119	165	1.06549
119	171	0.708468
119	172	1.0839
119	174	1.07625
119	177	1.07798
119	178	1.08359
119	180	1.0888
120	2	0.705818
120	21	1.02882
120	46	0.709621
120	47	0.710858
120	57	0.711487
120	66	1.09892
120	76	1.06875
120	78	1.05848
120	91	1.102
120	106	1.09334
120	115	1.15202
120	122	0.774791
120	128	1.10376
120	136	1.05904
120	140	1.08841
120	142	1.13395
120	148	1.10758
120	151	0.820837
120	153	1.10414
120	157	1.07266
120	160	1.10673
120	164	0.76081
120	172	1.10568
120	177	1.09976
120	178	1.10538
120	180	1.11058
121	12	1.03085
121	32	1.11619
121	48	0.691222
121	53	0.832844
121	64	0.648072
121	76	1.06065
121	78	1.05038
121	80	0.691919
121	85	1.09201
121	106	1.08524
121	115	1.14392
121	128	1.09566
121	134	1.11652
121	138	0.797782
121	142	1.12585
121	147	0.791921
121	153	1.09604
121	157	1.06456
121	160	1.09863
121	167	1.09589
121	172	1.09759
121	175	1.10181
121	176	0.742032
121	177	1.09166
121	178	1.09728
121	179	1.13927
122	27	1.13731
122	31	0.59771
122	35	1.09685
122	37	1.1089
122	44	1.09705
122	47	1.18386
122	62	0.676903
122	72	1.09829
122	74	0.743437
122	80	1.1602
122	90	1.12475
122	110	1.11274
122	114	1.10091
122	120	0.774791
122	123	1.16905
122	126	1.17407
122	133	1.16219
122	135	1.13808
122	137	1.13512
122	146	1.1537
122	157	0.697928
122	164	0.599499
122	165	1.12024
122	175	0.656961
122	176	1.14637
122	177	0.656295
122	179	1.18033
123	6	1.08997
123	16	1.21439
123	27	1.17945
123	35	1.139
123	44	1.13919
123	63	0.619429
123	72	1.14043
123	75	1.27647
123	76	0.667969
123	80	1.20234
123	85	0.651527
123	88	0.596601
123	90	1.16689
123	110	1.15489
123	114	1.14306
123	122	1.16905
123	126	1.21622
123	133	1.20433
123	135	1.18022
123	136	0.679756
123	137	1.17726
123	146	1.19584
123	155	0.593676
123	159	0.599074
123	173	0.581601
123	176	1.18852
123	179	1.22247
123	180	0.617642
124	9	1.03604
124	29	1.13613
124	54	0.628265
124	55	0.675779
124	58	1.15724
124	60	1.14219
124	82	1.14082
124	89	1.12037
124	95	1.10399
124	100	1.19341
124	112	1.09229
124	117	1.14498
124	125	1.08607
124	135	0.709953
124	141	1.10995
124	143	0.658078
124	145	1.09049
124	149	1.12912
124	156	1.13826
124	159	1.10256
124	162	1.12074
124	166	1.09954
124	169	0.744214
124	171	1.13004
124	174	0.739266
124	177	0.730759
124	178	0.718674
124	180	1.12576
125	11	0.597648
125	12	0.838988
125	42	1.09732
125	58	1.15197
125	60	1.13692
125	64	1.20346
125	89	1.1151
125	100	1.18814
125	109	1.09992
125	124	1.08607
125	127	1.13334
125	131	0.715389
125	135	0.687866
125	138	1.06508
125	139	0.677031
125	148	0.686159
125	149	1.12385
125	150	1.10972
125	156	1.13299
125	159	1.09729
125	162	1.11547
125	166	1.09427
125	168	1.10021
125	171	1.12477
125	173	1.10362
125	175	0.709338
125	178	0.696587
125	180	1.12049
126	6	1.09499
126	16	1.21941
126	27	1.18447
126	35	1.14402
126	44	1.14422
126	47	1.23103
126	72	1.14545
126	85	0.670201
126	90	1.17192
126	110	1.15991
126	114	1.14808
126	119	0.698428
126	122	1.17407
126	123	1.21622
126	133	1.20935
126	135	1.18525
126	137	1.18229
126	139	0.587773
126	146	1.20087
126	152	0.591943
126	153	0.632387
126	156	0.573291
126	165	1.16741
126	173	0.600275
126	175	0.620081
126	176	1.19354
126	179	1.2275
126	180	0.636316
127	22	1.08756
127	23	0.626553
127	42	1.14986
127	46	1.22496
127	56	1.17433
127	63	0.70158
127	70	0.552032
127	81	1.1108
127	92	1.16765
127	100	1.24067
127	125	1.13334
127	130	0.698883
127	134	0.620905
127	138	1.11761
127	141	1.15722
127	145	1.13776
127	149	1.17639
127	150	1.16226
127	156	1.18553
127	161	0.630594
127	162	1.16801
127	166	1.14681
127	167	0.694581
127	168	1.15275
127	171	1.17731
127	173	1.15616
127	175	0.683559
127	179	0.601094
127	180	1.17303
128	14	1.07675
128	17	1.19472
128	44	0.687359
128	54	0.573899
128	72	0.738587
128	73	0.699177
128	76	1.11153
128	80	0.597967
128	85	1.14288
128	89	0.679608
128	115	1.19479
128	120	1.10376
128	121	1.09566
128	138	0.70383
128	139	1.15221
128	142	1.17673
128	148	1.15036
128	153	1.14691
128	160	1.1495
128	163	0.667279
128	165	1.13005
128	167	1.14676
128	169	1.10894
128	170	1.13581
128	172	1.14846
128	176	0.64808
128	177	1.14254
128	178	1.14815
128	179	1.19014
128	180	1.15336
129	2	1.18962
129	5	1.15617
129	11	1.2015
129	14	0.815428
129	38	1.22337
129	41	1.09016
129	49	1.06402
129	55	1.15774
129	70	1.24205
129	71	1.22522
129	77	1.14517
129	96	1.09713
129	102	1.13583
129	105	1.13268
129	106	0.647237
129	108	1.11179
129	118	1.08306
129	119	1.06596
129	130	0.654185
129	134	1.15139
129	136	0.71721
129	143	1.14051
129	152	1.15388
129	155	1.1187
129	157	0.679828
129	161	0.585896
129	165	1.11404
129	174	0.646701
129	175	0.638861
129	178	0.626109
130	5	0.57083
130	12	1.08613
130	40	1.11655
130	65	1.12918
130	69	1.13418
130	74	1.11845
130	80	0.636674
130	82	0.653655
130	87	1.1447
130	104	1.15636
130	111	1.13099
130	127	0.698883
130	129	0.654185
130	138	0.742537
130	141	0.705639
130	144	1.13308
130	147	1.13147
130	154	1.16295
130	158	1.16621
130	161	1.18027
130	163	1.15813
130	164	1.15813
130	166	0.685128
130	167	1.15117
130	170	1.14022
130	171	0.645446
130	174	1.14522
130	175	1.15709
130	177	1.14695
130	178	1.15256
131	4	1.07833
131	14	1.07523
131	18	1.21153
131	21	1.07007
131	26	1.16461
131	45	1.24298
131	47	0.599078
131	63	1.1342
131	71	0.586161
131	78	1.09973
131	85	1.14136
131	93	1.12204
131	100	0.601228
131	115	1.19327
131	125	0.715389
131	137	0.685265
131	140	1.12966
131	141	0.696365
131	147	0.727403
131	153	1.14539
131	158	0.677055
131	160	1.14798
131	162	0.704158
131	170	1.13429
131	172	1.14694
131	173	1.13497
131	175	1.15116
131	177	1.14102
131	178	1.14663
131	179	1.18862
132	23	0.741608
132	24	1.09879
132	28	0.986196
132	51	1.03228
132	53	1.0313
132	73	1.05974
132	83	1.02737
132	99	1.06342
132	103	1.09448
132	106	0.806991
132	108	1.07084
132	113	1.07959
132	116	1.12919
132	144	1.07172
132	147	1.0701
132	151	1.08497
132	154	1.10158
132	158	1.10484
132	161	1.11891
132	163	1.09676
132	164	1.09676
132	165	0.784225
132	166	0.767976
132	167	1.08981
132	168	0.812147
132	170	0.800763
132	173	0.778808
132	175	1.09573
132	176	1.09924
132	179	0.716149
132	180	1.0964
133	6	1.0831
133	16	1.20753
133	27	1.17259
133	35	1.13213
133	37	1.14418
133	44	1.13233
133	47	1.21914
133	59	1.07432
133	62	0.654299
133	72	1.13357
133	80	1.19548
133	83	0.68665
133	90	1.16003
133	110	1.14802
133	114	1.13619
133	122	1.16219
133	123	1.20433
133	126	1.20935
133	135	1.17336
133	137	1.1704
133	146	1.18898
133	152	0.606219
133	157	0.675324
133	162	0.632022
133	165	1.15552
133	170	0.636505
133	173	0.614551
133	175	0.634357
133	176	1.18166
133	178	0.621605
133	179	1.21561
133	180	0.650592
134	35	0.676357
134	41	1.12704
134	68	0.637986
134	77	1.18205
134	81	0.719283
134	82	0.575677
134	90	0.621652
134	103	1.1723
134	105	1.16955
134	109	0.650893
134	112	0.651405
134	118	1.11993
134	121	1.11652
134	127	0.620905
134	129	1.15139
134	140	1.15205
134	143	1.17738
134	144	1.14954
134	147	1.14792
134	152	1.19075
134	158	1.18266
134	161	1.19672
134	162	0.635453
134	163	1.17458
134	164	1.17458
134	166	0.60715
134	169	1.12981
134	172	1.16932
134	174	1.16167
134	178	1.16902
134	179	1.21101
134	180	1.17422
135	6	1.059
135	16	1.18342
135	19	0.445568
135	27	1.14848
135	35	1.10802
135	44	1.10822
135	47	1.19504
135	59	1.05021
135	72	1.10946
135	75	1.2455
135	80	1.17137
135	90	1.13592
135	101	1.18083
135	110	1.12392
135	114	1.11209
135	122	1.13808
135	123	1.18022
135	124	0.709953
135	125	0.687866
135	126	1.18525
135	133	1.17336
135	137	1.14629
135	145	0.701921
135	146	1.16487
135	165	1.13141
135	172	0.660649
135	174	0.686811
135	175	0.678971
135	176	1.15755
135	177	0.678305
135	178	0.666219
135	179	1.1915
135	180	0.695206
136	1	1.03474
136	31	1.12727
136	45	1.19978
136	53	0.840624
136	57	0.672006
136	60	0.701476
136	63	1.091
136	66	1.09697
136	74	1.06932
136	78	1.05653
136	93	1.07885
136	96	0.743152
136	115	1.15007
136	120	1.05904
136	123	0.679756
136	129	0.71721
136	138	0.805562
136	139	1.10749
136	140	1.08647
136	142	1.13201
136	146	0.686286
136	152	1.12517
136	157	1.07072
136	160	1.10478
136	166	0.748153
136	169	1.06422
136	170	1.09109
136	172	1.10374
136	174	1.09609
136	175	1.10796
136	177	1.09782
136	178	1.10343
136	179	1.14543
137	6	1.05604
137	16	1.18046
137	17	0.545204
137	27	1.14552
137	35	1.10506
137	37	1.11711
137	38	1.23778
137	44	1.10526
137	47	1.19208
137	55	0.623569
137	57	0.572429
137	72	1.1065
137	80	1.16841
137	90	1.13296
137	101	1.17787
137	110	1.12096
137	114	1.10913
137	119	0.757562
137	122	1.13512
137	123	1.17726
137	126	1.18229
137	131	0.685265
137	133	1.1704
137	135	1.14629
137	146	1.16191
137	158	0.649777
137	160	0.697448
137	165	1.12845
137	168	0.692748
137	174	0.687056
137	176	1.15459
137	179	1.18854
137	180	0.69545
138	9	1.01504
138	27	0.702083
138	29	1.11513
138	42	1.08159
138	46	1.1567
138	58	1.13624
138	60	1.1212
138	68	1.10277
138	78	0.769222
138	81	1.04254
138	92	1.09939
138	100	1.17241
138	102	1.10325
138	117	1.12399
138	121	0.797782
138	125	1.06508
138	127	1.11761
138	128	0.70383
138	130	0.742537
138	136	0.805562
138	145	1.0695
138	149	1.10813
138	150	1.094
138	156	1.11726
138	159	1.08157
138	162	1.09974
138	165	0.712823
138	166	1.07855
138	168	1.08449
138	171	1.10905
138	175	0.727213
138	179	0.644748
138	180	1.10477
139	15	1.20453
139	17	1.2004
139	21	1.07726
139	22	0.81571
139	26	1.1718
139	38	0.509781
139	66	1.14736
139	81	0.749629
139	92	0.652904
139	93	1.12924
139	94	1.12562
139	97	1.2055
139	102	0.638559
139	108	0.685756
139	111	1.13225
139	117	0.592235
139	125	0.677031
139	126	0.587773
139	128	1.15221
139	136	1.10749
139	140	1.13686
139	147	0.689045
139	148	1.15603
139	153	1.15259
139	157	1.12111
139	160	1.15518
139	165	1.13573
139	167	1.15244
139	168	1.13876
139	170	1.14148
139	172	1.15413
139	177	1.14821
139	178	1.15383
140	1	1.06411
140	14	1.0614
140	17	1.17938
140	18	1.1977
140	19	1.36645
140	23	1.14949
140	24	0.673654
