1	6	0.757126
1	16	0.904636
1	17	0.904286
1	22	0.90424
1	26	0.832993
1	31	0.81856
1	33	0.817829
1	100	0.866911
1	114	0.875223
1	121	2.36573
1	154	0.762274
1	162	2.91145
2	10	0.860131
2	13	0.825363
2	14	0.838322
2	24	0.857275
2	27	0.857207
2	29	0.944941
2	32	0.915731
2	36	0.894059
2	100	1.82738
2	145	0.734395
2	154	3.04909
3	13	0.826403
3	36	0.895099
3	76	0.877332
3	131	0.885464
3	133	0.87565
3	141	0.907423
3	145	0.735434
3	146	0.871286
3	156	3.04529
3	159	2.27798
3	164	0.79021
3	166	0.737654
4	30	0.803537
4	51	0.8395
4	61	0.82852
4	63	0.895886
4	66	0.822596
4	77	0.857199
4	81	0.913611
4	128	2.42462
4	153	0.83871
4	159	2.77269
4	170	0.881101
4	179	0.746856
5	37	1.00466
5	64	1.00398
5	67	0.929228
5	72	0.999728
5	75	0.981575
5	76	0.967347
5	143	1.38477
5	157	2.9281
5	158	0.838786
5	164	0.880224
5	166	0.827668
5	171	1.94121
6	1	0.757126
6	16	0.903096
6	17	0.902746
6	22	0.9027
6	26	0.831453
6	31	0.81702
6	33	0.816289
6	48	2.71184
6	98	2.2197
6	100	0.865371
6	114	0.873683
6	154	0.760734
7	34	0.793486
7	42	0.850712
7	70	0.877086
7	74	0.809942
7	85	0.847099
7	86	0.841738
7	101	0.874694
7	109	0.852584
7	136	0.788386
7	164	3.16887
7	170	0.8857
7	171	2.27916
8	57	0.830443
8	88	0.862673
8	99	0.837154
8	120	0.835264
8	124	0.867611
8	126	0.85757
8	133	0.858613
8	137	2.31647
8	141	0.890387
8	146	0.854249
8	160	2.79145
8	179	0.750276
9	25	1.00418
9	39	0.894831
9	44	0.975841
9	45	0.975745
9	49	1.02564
9	50	0.961966
9	55	0.952746
9	137	1.05272
9	154	0.917784
9	159	1.14582
9	176	3.60928
10	2	0.860131
10	13	0.824294
10	14	0.837252
10	24	0.856206
10	27	0.856137
10	29	0.943872
10	32	0.914661
10	36	0.89299
10	100	1.45574
10	145	0.733325
10	150	3.46407
11	28	0.975435
11	39	0.86312
11	44	0.94413
11	45	0.944034
11	49	0.993926
11	50	0.930255
11	55	0.921035
11	135	0.95066
11	148	1.79186
11	154	0.886073
11	166	8.32037
11	168	2.64566
12	32	0.750868
12	106	1.77889
12	144	0.902357
12	167	0.880689
12	168	0.82448
12	172	0.81353
12	174	0.831037
12	175	0.817582
12	176	0.830523
12	177	0.823616
12	178	0.823168
12	180	0.838967
13	2	0.825363
13	3	0.826403
13	10	0.824294
13	14	0.802485
13	24	0.821438
13	27	0.821369
13	29	0.909104
13	32	0.879894
13	36	0.858222
13	80	0.849412
13	145	0.698557
13	154	2.93653
13	161	2.71853
14	2	0.838322
14	10	0.837252
14	13	0.802485
14	24	0.834397
14	27	0.834328
14	29	0.922063
14	32	0.892852
14	36	0.87118
14	80	0.862371
14	145	0.711516
14	159	2.55211
14	161	2.74377
15	31	0.822104
15	33	0.821374
15	39	0.742866
15	43	0.763206
15	55	0.800781
15	95	0.738624
15	154	0.765818
15	170	2.72071
15	172	0.725687
15	177	0.735773
15	178	0.735325
15	180	0.751124
16	1	0.904636
16	6	0.903096
16	17	1.05026
16	22	1.05021
16	26	0.978963
16	31	0.96453
16	33	0.963799
16	112	1.72546
16	127	2.26908
16	154	0.908244
16	174	2.43302
17	1	0.904286
17	6	0.902746
17	16	1.05026
17	22	1.04986
17	26	0.978613
17	31	0.96418
17	33	0.963449
17	93	1.05865
17	113	2.34267
17	154	0.907894
17	160	2.24374
18	34	0.763425
18	46	0.873158
18	71	0.835791
18	74	0.779882
18	85	0.817038
18	86	0.811678
18	90	0.864856
18	96	0.855134
18	101	0.844633
18	109	0.822523
18	118	2.27702
18	165	3.49237
18	170	0.85564
19	73	0.557826
19	115	1.64746
19	149	0.822867
19	150	0.845179
19	159	0.880342
19	161	0.86328
19	165	0.813326
19	174	0.813047
19	175	0.799592
19	176	0.812533
19	177	0.805626
19	178	0.805178
19	180	0.820977
20	37	1.00466
20	64	1.00398
20	67	0.929228
20	72	0.999728
20	75	0.981575
20	76	0.967347
20	140	1.93902
20	157	2.67596
20	158	0.838786
20	164	0.880224
20	166	0.827668
20	171	1.68907
21	42	0.890472
21	46	0.942979
21	70	0.916846
21	85	0.886859
21	86	0.881498
21	90	0.934676
21	96	0.924954
21	101	0.914454
21	109	0.892344
21	127	1.98563
21	154	1.21612
21	170	0.92546
21	179	3.87229
22	1	0.90424
22	6	0.9027
22	16	1.05021
22	17	1.04986
22	26	0.978567
22	31	0.964134
22	33	0.963403
22	152	0.992774
22	154	0.907848
22	177	2.97336
22	180	2.27531
23	40	0.827019
23	52	0.890136
23	58	0.875302
23	65	0.853642
23	73	0.845355
23	79	0.832186
23	83	0.832111
23	84	0.832064
23	136	0.763811
23	153	0.818735
23	156	1.86084
23	157	0.749615
23	177	3.92647
24	2	0.857275
24	10	0.856206
24	13	0.821438
24	14	0.834397
24	27	0.853281
24	29	0.941016
24	32	0.911805
24	36	0.890134
24	145	0.730469
24	168	2.963
24	176	2.2348
25	9	1.00418
25	28	0.941637
25	39	0.829323
25	44	0.910332
25	45	0.910237
25	49	0.960128
25	50	0.896458
25	55	0.887238
25	68	1.36937
25	128	1.18373
25	135	0.916862
25	154	0.852275
25	176	3.99526
26	1	0.832993
26	6	0.831453
26	16	0.978963
26	17	0.978613
26	22	0.978567
26	31	0.892887
26	33	0.892156
26	100	0.941238
26	113	2.39135
26	114	0.94955
26	136	3.24085
26	154	0.836601
26	166	7.87963
27	2	0.857207
27	10	0.856137
27	13	0.821369
27	14	0.834328
27	24	0.853281
27	29	0.940947
27	32	0.911737
27	36	0.890065
27	113	1.8812
27	145	0.730401
27	164	3.26851
28	11	0.975435
28	25	0.941637
28	39	0.832291
28	44	0.913301
28	45	0.913206
28	49	0.963097
28	50	0.899426
28	55	0.890207
28	128	1.66143
28	135	0.919831
28	154	0.855244
28	155	2.09808
28	167	2.72958
29	2	0.944941
29	10	0.943872
29	13	0.909104
29	14	0.922063
29	24	0.941016
29	27	0.940947
29	32	0.999471
29	36	0.9778
29	117	2.49731
29	145	0.818135
29	151	1.82147
29	159	1.79076
30	4	0.803537
30	51	0.82067
30	61	0.80969
30	62	0.876415
30	63	0.877056
30	66	0.803766
30	77	0.838369
30	81	0.894781
30	130	2.92334
30	153	0.81988
30	156	2.76424
30	170	0.862271
30	179	0.728027
31	1	0.81856
31	6	0.81702
31	15	0.822104
31	16	0.96453
31	17	0.96418
31	22	0.964134
31	26	0.892887
31	33	0.877723
31	93	1.55683
31	100	0.926804
31	114	0.935116
31	122	2.12915
31	154	0.822168
31	179	4.40451
32	2	0.915731
32	10	0.914661
32	12	0.750868
32	13	0.879894
32	14	0.892852
32	24	0.911805
32	27	0.911737
32	29	0.999471
32	36	0.948589
32	59	5.1
32	80	0.939779
32	145	0.788925
32	155	1.70728
33	1	0.817829
33	6	0.816289
33	15	0.821374
33	16	0.963799
33	17	0.963449
33	22	0.963403
33	26	0.892156
33	31	0.877723
33	100	0.926074
33	114	0.934386
33	140	1.96852
33	142	1.49688
33	154	0.821437
33	175	4.23186
34	7	0.793486
34	18	0.763425
34	70	0.839005
34	71	0.827771
34	74	0.771861
34	85	0.809018
34	86	0.803657
34	90	0.856835
34	96	0.847113
34	101	0.836613
34	109	0.814503
34	143	2.27438
34	165	3.77936
34	170	0.847619
35	40	0.890655
35	52	0.953773
35	58	0.938939
35	65	0.917279
35	73	0.908991
35	79	0.895822
35	83	0.895747
35	84	0.8957
35	136	0.827447
35	151	0.892971
35	153	0.882371
35	157	0.813251
35	162	1.54764
35	175	4.35398
36	2	0.894059
36	3	0.895099
36	10	0.89299
36	13	0.858222
36	14	0.87118
36	24	0.890134
36	27	0.890065
36	29	0.9778
36	32	0.948589
36	80	0.918108
36	89	1.86363
36	119	3.22225
36	145	0.767253
36	151	1.59232
37	5	1.00466
37	20	1.00466
37	64	0.965339
37	67	0.890582
37	72	0.961083
37	75	0.942929
37	76	0.928702
37	93	1.01295
37	112	3.43208
37	121	1.95582
37	158	0.800141
37	164	0.841579
37	166	0.789023
38	69	0.874612
38	98	1.9026
38	103	2.00391
38	108	0.906275
38	115	0.891344
38	120	0.873227
38	129	0.887734
38	131	0.906391
38	133	0.896577
38	141	0.92835
38	144	2.81303
38	146	0.892213
38	166	0.758581
38	170	0.922484
38	179	0.78824
39	9	0.894831
39	11	0.86312
39	15	0.742866
39	25	0.829323
39	28	0.832291
39	44	0.800987
39	45	0.800891
39	49	0.850782
39	50	0.787112
39	55	0.777892
39	60	0.779084
39	135	0.807517
39	154	0.742929
39	174	3.3362
39	180	3.14761
40	23	0.827019
40	35	0.890655
40	43	4.2
40	52	0.934738
40	58	0.919905
40	65	0.898244
40	73	0.889957
40	79	0.876788
40	83	0.876713
40	84	0.876666
40	123	1.37585
40	134	0.864602
40	153	0.863337
40	157	0.794217
40	167	1.66898
41	42	0.876549
41	65	0.904054
41	79	0.882598
41	83	0.882523
41	84	0.882476
41	91	0.869857
41	109	0.878421
41	131	0.895444
41	134	0.870412
41	146	0.881266
41	150	2.13963
41	152	1.79569
41	170	0.911538
41	176	3.40681
41	179	0.777294
42	7	0.850712
42	21	0.890472
42	41	0.876549
42	70	0.896231
42	74	0.829088
42	86	0.860884
42	90	0.914062
42	96	0.90434
42	101	0.893839
42	109	0.871729
42	136	0.807531
42	156	2.40523
42	160	2.01981
42	170	0.904846
42	171	2.61635
43	15	0.763206
43	40	4.2
43	143	0.807718
43	156	0.778656
43	159	0.80794
43	161	0.790878
43	169	0.70576
43	172	0.723138
43	173	0.721734
43	175	0.72719
43	176	0.740132
43	177	0.733225
43	178	0.732777
43	180	0.748576
44	9	0.975841
44	11	0.94413
44	25	0.910332
44	28	0.913301
44	39	0.800987
44	45	0.881901
44	49	0.931792
44	50	0.868122
44	55	0.858902
44	104	1.27409
44	135	0.888526
44	154	0.823939
44	163	2.67297
44	172	4.20872
45	9	0.975745
45	11	0.944034
45	25	0.910237
45	28	0.913206
45	39	0.800891
45	44	0.881901
45	49	0.931696
45	50	0.868026
45	55	0.858806
45	122	2.70005
45	128	1.36214
45	135	0.888431
45	154	0.823843
45	178	3.79808
46	18	0.873158
46	21	0.942979
46	70	0.948738
46	71	0.937504
46	85	0.918751
46	86	0.91339
46	90	0.966569
46	96	0.956846
46	101	0.946346
46	105	1.10319
46	109	0.924236
46	111	1.51027
46	134	0.916227
46	170	0.957352
46	172	4.4879
46	180	2.42075
47	69	0.929381
47	88	0.955405
47	99	0.929886
47	106	0.964418
47	110	1.73751
47	115	0.946113
47	126	0.950302
47	127	2.5101
47	129	0.942502
47	133	0.951345
47	141	0.983119
47	146	0.946981
47	147	1.15258
47	153	0.934862
47	166	0.813349
47	172	4.55259
48	6	2.71184
48	75	1.34499
48	123	0.846845
48	127	0.833167
48	138	0.845463
48	142	0.88824
48	143	0.845407
48	166	0.724032
48	168	0.771777
48	171	0.808156
48	172	0.760827
48	175	0.764879
48	176	0.777821
48	177	0.770914
48	178	0.770466
48	180	0.786265
49	9	1.02564
49	11	0.993926
49	25	0.960128
49	28	0.963097
49	39	0.850782
49	44	0.931792
49	45	0.931696
49	50	0.917917
49	55	0.908698
49	60	0.90989
49	100	1.40092
49	125	1.06317
49	135	0.938322
49	154	0.873735
49	164	2.34115
49	179	4.51922
50	9	0.961966
50	11	0.930255
50	25	0.896458
50	28	0.899426
50	39	0.787112
50	44	0.868122
50	45	0.868026
50	49	0.917917
50	55	0.845027
50	60	0.846219
50	113	1.48478
50	130	1.93035
50	135	0.874652
50	154	0.810064
50	177	3.83689
51	4	0.8395
51	30	0.82067
51	61	0.845652
51	62	0.912378
51	63	0.913018
51	66	0.839728
51	77	0.874332
51	81	0.930743
51	122	2.7017
51	134	0.857108
51	135	0.875844
51	144	1.14905
51	153	0.855843
51	170	0.898233
51	178	3.79973
51	179	0.763989
52	23	0.890136
52	35	0.953773
52	40	0.934738
52	58	0.983022
52	65	0.961362
52	73	0.953074
52	79	0.939905
52	83	0.93983
52	84	0.939783
52	92	2.14683
52	134	0.927719
52	137	1.5239
52	139	2.18237
52	153	0.926454
52	157	0.857334
52	167	2.33708
53	66	0.758724
53	77	0.793328
53	86	3.54361
53	115	0.786089
53	126	0.790278
53	129	0.782479
53	130	0.761377
53	141	0.823095
53	165	0.707908
53	170	0.817229
53	173	0.688717
53	175	0.694173
53	176	0.707115
53	178	0.69976
53	179	0.682985
53	180	0.715559
54	96	0.375513
54	122	0.903524
54	128	0.936209
54	129	1.44965
54	134	0.834962
54	160	0.902323
54	163	0.848262
54	167	0.89269
54	169	0.808153
54	171	0.87286
54	173	0.824127
54	174	0.843039
54	175	0.829583
54	177	0.835618
54	178	0.83517
54	180	0.850969
55	9	0.952746
55	11	0.921035
55	15	0.800781
55	25	0.887238
55	28	0.890207
55	39	0.777892
55	44	0.858902
55	45	0.858806
55	49	0.908698
55	50	0.845027
55	60	0.837
55	135	0.865432
55	151	1.56704
55	154	0.800845
55	176	3.1857
55	178	3.59109
56	62	0.915592
56	106	1.00109
56	133	0.613786
56	148	0.909944
56	150	0.858999
56	159	0.894162
56	160	0.886151
56	164	0.82512
56	165	0.827146
56	167	0.876519
56	171	0.856688
56	172	0.80936
56	174	0.826867
56	175	0.813412
56	176	0.826353
56	177	0.819446
56	180	0.834797
57	8	0.830443
57	88	0.863909
57	91	0.844076
57	98	1.92484
57	99	0.83839
57	114	0.911729
57	115	0.854617
57	124	0.868848
57	126	0.858806
57	129	0.851007
57	131	0.869663
57	133	0.85985
57	137	2.52397
57	141	0.891623
57	146	0.855485
57	148	2.89128
57	179	0.751512
58	23	0.875302
58	35	0.938939
58	40	0.919905
58	52	0.983022
58	65	0.946528
58	73	0.93824
58	79	0.925071
58	83	0.924996
58	84	0.924949
58	127	2.5352
58	134	0.912886
58	136	0.856696
58	139	0.941022
58	153	0.91162
58	157	0.8425
58	177	3.20859
58	180	2.51055
59	32	5.1
59	92	0.785377
59	103	0.808662
59	111	0.78258
59	147	0.821442
59	152	0.777252
59	155	0.803542
59	162	0.750308
59	163	0.714232
59	171	0.73883
59	172	0.691502
59	173	0.690097
59	175	0.695554
59	176	0.708495
59	177	0.701588
59	178	0.70114
59	180	0.716939
60	39	0.779084
60	49	0.90989
60	50	0.846219
60	55	0.837
60	73	0.873243
60	79	0.860074
60	83	0.859998
60	84	0.859951
60	91	0.847333
60	104	1.6432
60	115	0.857873
60	129	0.854263
60	131	0.87292
60	138	2.94763
60	146	0.858742
60	154	0.802037
60	167	3.142
61	4	0.82852
61	30	0.80969
61	51	0.845652
61	62	0.901398
61	63	0.902038
61	66	0.828748
61	77	0.863352
61	81	0.919763
61	113	0.822616
61	134	0.846128
61	135	0.864864
61	143	1.38252
61	149	2.93681
61	153	0.844863
61	163	3.62683
61	170	0.887253
61	179	0.753009
62	30	0.876415
62	51	0.912378
62	56	0.915592
62	61	0.901398
62	63	0.968764
62	66	0.895474
62	77	0.930077
62	81	0.986489
62	102	1.0464
62	107	0.947825
62	113	0.889342
62	130	2.39011
62	134	0.912853
62	153	0.911588
62	157	3.42903
62	170	0.953979
62	179	0.819735
63	4	0.895886
63	30	0.877056
63	51	0.913018
63	61	0.902038
63	62	0.968764
63	66	0.896114
63	77	0.930718
63	81	0.987129
63	105	1.30225
63	125	1.83934
63	134	0.913494
63	135	0.93223
63	138	1.77489
63	153	0.912229
63	170	0.954619
63	177	4.08211
63	179	0.820375
64	5	1.00398
64	20	1.00398
64	37	0.965339
64	67	0.889903
64	72	0.960403
64	75	0.94225
64	76	0.928022
64	100	0.992998
64	158	0.799461
64	162	2.49042
64	164	0.840899
64	166	0.788344
64	171	2.78347
65	23	0.853642
65	35	0.917279
65	40	0.898244
65	41	0.904054
65	52	0.961362
65	58	0.946528
65	73	0.91658
65	79	0.903411
65	83	0.903336
65	84	0.903289
65	94	0.894631
65	100	1.22296
65	111	2.41269
65	134	0.891225
65	145	11.7
65	153	0.88996
65	157	0.82084
65	171	3.01344
66	4	0.822596
66	30	0.803766
66	51	0.839728
66	53	0.758724
66	61	0.828748
66	62	0.895474
66	63	0.896114
66	77	0.857428
66	81	0.913839
66	97	3.07392
66	113	0.816692
66	117	1.21273
66	134	0.840204
66	135	0.85894
66	153	0.838938
66	170	0.881329
66	173	4.20659
66	179	0.747085
67	5	0.929228
67	20	0.929228
67	37	0.890582
67	64	0.889903
67	72	0.885647
67	75	0.867493
67	76	0.853265
67	80	0.862222
67	94	0.839771
67	104	1.12021
67	107	0.871336
67	114	0.903463
67	158	0.724705
67	164	0.766143
67	166	0.713587
67	167	2.61901
67	180	4.03381
68	25	1.36937
68	90	0.793475
68	111	0.951483
68	135	0.227091
68	142	0.987818
68	151	0.988443
68	162	0.919211
68	167	0.927564
68	168	0.871355
68	169	0.843027
68	170	0.304036
68	172	0.860405
68	173	0.859
68	174	0.877912
68	175	0.864457
68	177	0.870491
68	178	0.870043
68	180	0.885842
69	38	0.874612
69	47	0.929381
69	99	0.844596
69	120	0.842706
69	124	0.875053
69	126	0.865012
69	129	0.857212
69	133	0.866055
69	141	0.897829
69	145	0.72584
69	146	0.861691
69	152	2.5817
69	153	0.849572
69	157	0.780452
69	161	1.92101
69	164	0.780615
69	165	3.65631
69	179	0.757718
70	7	0.877086
70	21	0.916846
70	34	0.839005
70	42	0.896231
70	46	0.948738
70	71	0.911371
70	74	0.855461
70	85	0.892618
70	86	0.887257
70	87	2.25173
70	90	0.940436
70	101	0.920213
70	109	0.898103
70	134	0.890094
70	144	2.06779
70	151	1.88031
70	154	2.25926
70	170	0.931219
71	18	0.835791
71	34	0.827771
71	46	0.937504
71	70	0.911371
71	74	0.844227
71	78	1.15772
71	85	0.881384
71	86	0.876023
71	90	0.929202
71	96	0.919479
71	101	0.908979
71	107	0.913832
71	109	0.886869
71	134	0.87886
71	136	0.822671
71	144	1.93931
71	155	0.930997
71	158	7.09103
71	170	0.919985
72	5	0.999728
72	20	0.999728
72	37	0.961083
72	64	0.960403
72	67	0.885647
72	75	0.937994
72	76	0.923766
72	94	0.910271
72	102	1.5138
72	107	0.941837
72	114	0.973963
72	117	2.63766
72	123	2.35806
72	158	0.795205
72	161	2.12276
72	164	0.836643
72	166	0.784087
73	19	0.557826
73	23	0.845355
73	35	0.908991
73	40	0.889957
73	52	0.953074
73	58	0.93824
73	60	0.873243
73	65	0.91658
73	79	0.895124
73	83	0.895049
73	84	0.895002
73	94	0.886344
73	116	1.69983
73	134	0.882938
73	136	0.826749
73	149	2.85043
73	153	0.881673
73	157	0.812553
73	163	3.54045
74	7	0.809942
74	18	0.779882
74	34	0.771861
74	42	0.829088
74	70	0.855461
74	71	0.844227
74	80	0.848808
74	85	0.825474
74	86	0.820114
74	90	0.873292
74	96	0.86357
74	97	3.82608
74	101	0.853069
74	107	0.857922
74	109	0.830959
74	110	1.67151
74	136	0.766761
74	164	3.12647
74	170	0.864076
75	5	0.981575
75	20	0.981575
75	37	0.942929
75	48	1.34499
75	64	0.94225
75	67	0.867493
75	72	0.937994
75	76	0.905612
75	80	0.914569
75	92	2.07492
75	94	0.892118
75	98	0.852856
75	107	0.923683
75	114	0.95581
75	157	3.51041
75	158	0.777052
75	164	0.81849
75	166	0.765934
76	3	0.877332
76	5	0.967347
76	20	0.967347
76	37	0.928702
76	64	0.928022
76	67	0.853265
76	72	0.923766
76	75	0.905612
76	80	0.900341
76	82	2.66695
76	94	0.87789
76	107	0.909455
76	114	0.941582
76	136	3.03313
76	142	1.72123
76	147	1.54991
76	158	0.762824
76	164	0.804262
76	166	0.751706
77	4	0.857199
77	30	0.838369
77	51	0.874332
77	53	0.793328
77	61	0.863352
77	62	0.930077
77	63	0.930718
77	66	0.857428
77	81	0.948443
77	103	0.93594
77	107	0.909779
77	113	0.851296
77	134	0.874807
77	135	0.893544
77	148	1.80107
77	153	0.873542
77	164	3.395
77	165	3.45382
77	170	0.915933
77	179	0.781689
78	71	1.15772
78	83	0.342477
78	110	0.883308
78	120	1.93931
78	128	0.896153
78	155	0.897515
78	159	0.870278
78	160	0.862267
78	165	0.803262
78	167	0.852634
78	168	0.796426
78	169	0.768098
78	172	0.785475
78	173	0.784071
78	174	0.802983
78	175	0.789527
78	176	0.802469
78	178	0.795114
78	179	0.778339
78	180	0.810913
79	23	0.832186
79	35	0.895822
79	40	0.876788
79	41	0.882598
79	52	0.939905
79	58	0.925071
79	60	0.860074
79	65	0.903411
79	73	0.895124
79	83	0.88188
79	84	0.881833
79	93	1.17685
79	94	0.873175
79	134	0.869769
79	136	0.81358
79	153	0.868504
79	157	0.799384
79	160	2.36194
79	162	2.66543
79	171	2.95848
80	13	0.849412
80	14	0.862371
80	32	0.939779
80	36	0.918108
80	67	0.862222
80	74	0.848808
80	75	0.914569
80	76	0.900341
80	85	0.885964
80	90	0.933782
80	96	0.92406
80	101	0.913559
80	102	2.01524
80	109	0.891449
80	137	2.33945
80	144	2.65073
80	145	0.758443
80	147	2.27964
80	164	0.813219
80	166	0.760663
81	4	0.913611
81	30	0.894781
81	51	0.930743
81	61	0.919763
81	62	0.986489
81	63	0.987129
81	66	0.913839
81	77	0.948443
81	89	1.31071
81	107	0.96619
81	113	0.907707
81	118	0.938182
81	134	0.931219
81	135	0.949955
81	140	1.45495
81	153	0.929954
81	168	3.41823
81	170	0.972344
81	175	3.71829
81	179	0.8381
82	76	2.66695
82	105	0.845537
82	106	2.51335
82	111	0.821623
82	112	0.789069
82	137	0.826259
82	138	0.815181
82	145	0.69153
82	151	0.858584
82	152	0.816296
82	155	0.842585
82	169	0.713167
82	171	0.777874
82	173	0.729141
82	174	0.748053
82	175	0.734597
82	176	0.747539
82	177	0.740632
82	178	0.740184
82	180	0.755983
83	23	0.832111
83	35	0.895747
83	40	0.876713
83	41	0.882523
83	52	0.93983
83	58	0.924996
83	60	0.859998
83	65	0.903336
83	73	0.895049
83	78	0.342477
83	79	0.88188
83	84	0.881757
83	87	1.58987
83	94	0.8731
83	134	0.869694
83	136	0.813504
83	153	0.868429
83	157	0.799309
83	158	6.10897
83	172	2.72189
84	23	0.832064
84	35	0.8957
84	40	0.876666
84	41	0.882476
84	52	0.939783
84	58	0.924949
84	60	0.859951
84	65	0.903289
84	73	0.895002
84	79	0.881833
84	83	0.881757
84	94	0.873053
84	134	0.869647
84	136	0.813457
84	153	0.868382
84	157	0.799262
84	160	1.10546
84	167	1.44365
84	177	3.55651
84	178	3.59243
85	7	0.847099
85	18	0.817038
85	21	0.886859
85	34	0.809018
85	46	0.918751
85	70	0.892618
85	71	0.881384
85	74	0.825474
85	80	0.885964
85	86	0.85727
85	90	0.910449
85	95	6.3
85	96	0.900726
85	101	0.890226
85	107	0.895079
85	109	0.868116
85	116	1.02882
85	119	1.57135
85	170	0.901232
85	173	2.46308
86	7	0.841738
86	18	0.811678
86	21	0.881498
86	34	0.803657
86	42	0.860884
86	46	0.91339
86	53	3.54361
86	70	0.887257
86	71	0.876023
86	74	0.820114
86	85	0.85727
86	90	0.905088
86	96	0.895366
86	101	0.884865
86	102	1.016
86	107	0.889718
86	109	0.862755
86	122	1.1691
86	132	3.65714
86	136	0.798557
86	170	0.895872
87	70	2.25173
87	83	1.58987
87	118	0.853456
87	140	0.823521
87	142	0.892938
87	146	1.62151
87	151	0.893564
87	154	0.805657
87	155	0.877565
87	156	0.821043
87	160	0.842317
87	161	0.833265
87	168	0.776475
87	171	0.812854
87	172	0.765525
87	174	0.783033
87	175	0.769577
87	176	0.782519
87	177	0.775612
87	178	0.775164
87	180	0.790963
88	8	0.862673
88	47	0.955405
88	57	0.863909
88	91	0.876306
88	106	0.905152
88	108	0.901777
88	110	2.46348
88	120	0.86873
88	126	0.891036
88	129	0.883236
88	131	0.901893
88	133	0.892079
88	141	0.923853
88	146	0.887715
88	147	1.89741
88	150	3.2466
88	158	0.765201
88	161	2.24197
88	164	0.806639
88	166	0.754083
88	179	0.783742
89	36	1.86363
89	81	1.31071
89	140	0.891273
89	141	0.485159
89	143	0.917857
89	145	0.794263
89	147	0.963218
89	149	0.860605
89	154	0.873409
89	167	0.900437
89	168	0.844228
89	170	0.768489
89	171	0.880606
89	172	0.833278
89	173	0.831873
89	174	0.850785
89	175	0.83733
89	176	0.850271
89	177	0.843364
89	178	0.842916
89	180	0.858715
90	18	0.864856
90	21	0.934676
90	34	0.856835
90	42	0.914062
90	46	0.966569
90	68	0.793475
90	70	0.940436
90	71	0.929202
90	74	0.873292
90	80	0.933782
90	85	0.910449
90	86	0.905088
90	96	0.948544
90	101	0.938044
90	109	0.915934
90	118	1.66752
90	134	0.907925
90	148	1.23011
90	154	1.36556
90	170	0.94905
90	179	5.00211
91	41	0.869857
91	57	0.844076
91	60	0.847333
91	88	0.876306
91	92	2.37824
91	99	0.850787
91	106	0.88532
91	108	0.881945
91	111	2.22609
91	120	0.848897
91	123	2.27536
91	124	0.881245
91	126	0.871203
91	129	0.863404
91	131	0.88206
91	133	0.872247
91	140	3.07679
91	141	0.90402
91	145	0.732031
91	146	0.867882
91	170	0.898154
91	179	0.763909
92	52	2.14683
92	59	0.785377
92	75	2.07492
92	91	2.37824
92	95	0.792431
92	137	0.875208
92	139	0.860947
92	144	0.868322
92	145	0.740479
92	155	0.891535
92	156	0.835012
92	163	0.802225
92	165	0.797281
92	169	0.762117
92	171	0.826823
92	173	0.77809
92	174	0.797002
92	175	0.783547
92	176	0.796488
92	177	0.789581
92	178	0.789133
92	180	0.804932
93	17	1.05865
93	31	1.55683
93	37	1.01295
93	79	1.17685
93	99	0.922666
93	121	0.957542
93	139	0.957727
93	140	0.934271
93	150	0.925914
93	161	0.944015
93	163	0.899005
93	168	0.887225
93	169	0.858897
93	171	0.923603
93	172	0.876275
93	173	0.874871
93	174	0.893783
93	175	0.880327
93	176	0.893268
93	177	0.886362
93	178	0.885913
93	180	0.901713
94	65	0.894631
94	67	0.839771
94	72	0.910271
94	73	0.886344
94	75	0.892118
94	76	0.87789
94	79	0.873175
94	83	0.8731
94	84	0.873053
94	106	0.889281
94	125	2.78563
94	126	0.875164
94	129	0.867365
94	131	0.886021
94	146	0.871843
94	147	2.04257
94	155	2.28406
94	157	0.790604
94	164	0.790767
94	166	0.738211
94	171	3.1739
94	179	0.76787
95	15	0.738624
95	85	6.3
95	92	0.792431
95	130	0.769812
95	136	0.728349
95	149	0.725883
95	159	0.783358
95	161	0.766295
95	162	0.757362
95	165	0.716342
95	167	0.765714
95	168	0.709506
95	171	0.745884
95	172	0.698555
95	173	0.697151
95	174	0.716063
95	175	0.702608
95	176	0.715549
95	177	0.708642
95	178	0.708194
95	180	0.723993
96	18	0.855134
96	21	0.924954
96	34	0.847113
96	42	0.90434
96	46	0.956846
96	54	0.375513
96	71	0.919479
96	74	0.86357
96	80	0.92406
96	85	0.900726
96	86	0.895366
96	90	0.948544
96	101	0.928321
96	107	0.933174
96	109	0.906211
96	125	1.24583
96	134	0.898203
96	136	0.842013
96	137	1.34349
96	170	0.939328
96	178	3.52453
96	179	4.70188
97	66	3.07392
97	74	3.82608
97	98	0.83188
97	125	0.836801
97	127	0.788444
97	138	0.80074
97	144	0.804932
97	147	0.846045
97	149	0.743432
97	151	0.844143
97	158	0.690427
97	159	0.800907
97	160	0.792896
97	164	0.731865
97	166	0.679309
97	167	0.783263
97	169	0.698727
97	171	0.763433
97	172	0.716104
97	176	0.733098
97	177	0.726191
97	178	0.725743
97	180	0.741542
98	6	2.2197
98	38	1.9026
98	57	1.92484
98	75	0.852856
98	97	0.83188
98	105	0.916386
98	110	0.899226
98	128	0.912072
98	142	0.928807
98	143	0.885974
98	155	0.913434
98	162	0.8602
98	165	0.819181
98	168	0.812344
98	169	0.784016
98	171	0.848723
98	172	0.801394
98	173	0.79999
98	175	0.805446
98	176	0.818388
98	177	0.811481
98	178	0.811033
98	180	0.826832
99	8	0.837154
99	47	0.929886
99	57	0.83839
99	69	0.844596
99	91	0.850787
99	93	0.922666
99	102	1.30856
99	106	0.879634
99	108	0.876258
99	115	0.861328
99	120	0.843211
99	126	0.865517
99	129	0.857718
99	131	0.876374
99	133	0.86656
99	135	0.870079
99	141	0.898334
99	143	2.14786
99	146	0.862196
99	164	0.78112
99	166	0.728564
99	173	5.42628
99	179	0.758223
100	1	0.866911
100	2	1.82738
100	6	0.865371
100	10	1.45574
100	26	0.941238
100	31	0.926804
100	33	0.926074
100	49	1.40092
100	64	0.992998
100	65	1.22296
100	124	0.940586
100	126	0.930544
100	133	0.931587
100	141	0.963361
100	146	0.927223
100	154	0.870519
100	170	0.957494
100	172	0.830387
100	173	0.828983
100	174	0.847894
100	177	0.840473
100	178	0.840025
100	180	0.855824
101	7	0.874694
101	18	0.844633
101	21	0.914454
101	34	0.836613
101	42	0.893839
101	46	0.946346
101	70	0.920213
101	71	0.908979
101	74	0.853069
101	80	0.913559
101	85	0.890226
101	86	0.884865
101	90	0.938044
101	96	0.928321
101	109	0.895711
101	111	1.65095
101	134	0.887702
101	136	0.831513
101	139	1.83864
101	148	1.54748
101	152	2.12562
101	170	0.928827
101	178	4.14214
102	62	1.0464
102	72	1.5138
102	80	2.01524
102	86	1.016
102	99	1.30856
102	138	0.938383
102	139	0.9352
102	140	0.911743
102	143	0.938327
102	144	0.942575
102	148	0.954332
102	152	0.939498
102	161	0.921488
102	168	0.864698
102	169	0.83637
102	173	0.852343
102	174	0.871255
102	175	0.8578
102	176	0.870741
102	177	0.863834
102	178	0.863386
102	179	0.846611
102	180	0.879185
103	38	2.00391
103	59	0.808662
103	77	0.93594
103	108	1.64011
103	116	0.891961
103	117	0.882
103	126	0.535949
103	137	0.898493
103	151	0.930818
103	156	0.858297
103	159	0.887581
103	161	0.870519
103	162	0.861585
103	163	0.82551
103	167	0.869938
103	169	0.785401
103	171	0.850108
103	173	0.801375
103	175	0.806831
103	176	0.819773
103	178	0.812418
103	179	0.795643
103	180	0.828217
104	44	1.27409
104	60	1.6432
104	67	1.12021
104	120	0.488883
104	124	0.831513
104	128	0.957292
104	138	0.93125
104	156	0.902133
104	160	0.923406
104	161	0.914354
104	162	0.905421
104	163	0.869345
104	165	0.864401
104	167	0.913774
104	171	0.893943
104	172	0.846615
104	173	0.84521
104	174	0.864122
104	175	0.850667
104	176	0.863608
104	177	0.856701
104	178	0.856253
104	179	0.839478
104	180	0.872052
105	46	1.10319
105	63	1.30225
105	82	0.845537
105	98	0.916386
105	114	1.18095
105	129	1.78288
105	137	0.896324
105	142	0.928023
105	149	0.827938
105	161	0.86835
105	162	0.859416
105	163	0.823341
105	165	0.818397
105	167	0.867769
105	169	0.783232
105	171	0.847939
105	172	0.80061
105	173	0.799206
105	174	0.818118
105	175	0.804662
105	176	0.817604
105	177	0.810697
105	178	0.810249
105	180	0.826048
106	12	1.77889
106	47	0.964418
106	56	1.00109
106	82	2.51335
106	88	0.905152
106	91	0.88532
106	94	0.889281
106	99	0.879634
106	108	0.910791
106	114	0.952972
106	115	0.89586
106	120	0.877744
106	124	0.910091
106	129	0.89225
106	131	0.910907
106	133	0.901093
106	141	0.932867
106	142	1.56763
106	146	0.896729
106	153	0.884609
106	158	0.774215
106	160	1.93109
106	166	0.763097
106	179	0.792756
107	62	0.947825
107	67	0.871336
107	71	0.913832
107	72	0.941837
107	74	0.857922
107	75	0.923683
107	76	0.909455
107	77	0.909779
107	81	0.96619
107	85	0.895079
107	86	0.889718
107	96	0.933174
107	109	0.900564
107	152	1.34353
107	153	0.89129
107	157	2.4565
107	164	0.822333
107	165	2.41814
107	166	0.769777
107	170	0.93368
107	174	2.81466
107	179	0.799436
107	180	2.62607
108	38	0.906275
108	88	0.901777
108	91	0.881945
108	99	0.876258
108	103	1.64011
108	106	0.910791
108	115	0.892485
108	120	0.874369
108	124	0.906716
108	126	0.896674
108	129	0.888875
108	131	0.907532
108	133	0.897718
108	141	0.929491
108	146	0.893354
108	151	2.26175
108	153	0.881234
108	155	2.31962
108	157	0.812114
108	158	0.770839
108	159	2.23103
108	161	2.42269
108	166	0.759722
108	170	0.923625
108	179	0.789381
109	7	0.852584
109	18	0.822523
109	21	0.892344
109	34	0.814503
109	41	0.878421
109	42	0.871729
109	46	0.924236
109	70	0.898103
109	71	0.886869
109	74	0.830959
109	80	0.891449
109	85	0.868116
109	86	0.862755
109	90	0.915934
109	96	0.906211
109	101	0.895711
109	107	0.900564
109	110	1.62751
109	116	2.04002
109	134	0.865592
109	136	0.809403
109	155	1.30293
109	170	0.906717
109	174	3.53782
109	176	3.67781
110	47	1.73751
110	74	1.67151
110	78	0.883308
110	88	2.46348
110	98	0.899226
110	109	1.62751
110	119	0.849755
110	127	0.85579
110	130	0.854707
110	137	0.879164
110	148	0.884035
110	152	0.869201
110	156	0.838969
110	157	0.799048
110	160	0.860242
110	163	0.806181
110	167	0.85061
110	169	0.766073
110	171	0.830779
110	172	0.783451
110	173	0.782047
110	175	0.787503
110	177	0.793537
110	178	0.793089
110	180	0.808888
111	46	1.51027
111	59	0.78258
111	65	2.41269
111	68	0.951483
111	82	0.821623
111	91	2.22609
111	101	1.65095
111	128	0.887374
111	140	0.834692
111	143	0.861276
111	151	0.904735
111	152	0.862447
111	155	0.888737
111	160	0.853488
111	163	0.799427
111	165	0.794483
111	167	0.843855
111	168	0.787647
111	172	0.776696
111	173	0.775292
111	174	0.794204
111	175	0.780749
111	176	0.79369
111	177	0.786783
111	178	0.786335
111	180	0.802134
112	16	1.72546
112	37	3.43208
112	82	0.789069
112	119	0.810447
112	123	0.83016
112	127	0.816482
112	135	2.00544
112	138	0.828778
112	140	0.802138
112	145	0.705127
112	149	0.77147
112	150	0.793782
112	155	0.856182
112	156	0.79966
112	159	0.828945
112	160	0.820934
112	162	0.802948
112	163	0.766873
112	165	0.761929
112	167	0.811301
112	169	0.726764
112	174	0.76165
112	175	0.748194
112	176	0.761136
112	177	0.754229
112	178	0.753781
112	180	0.76958
113	17	2.34267
113	26	2.39135
113	27	1.8812
113	50	1.48478
113	61	0.822616
113	62	0.889342
113	66	0.816692
113	77	0.851296
113	81	0.907707
113	120	0.825941
113	124	0.858288
113	128	0.858767
113	129	0.840447
113	131	0.859104
113	135	0.852808
113	141	0.881064
113	146	0.844926
113	160	0.824881
113	170	0.875197
113	171	0.795418
113	172	0.748089
113	173	0.746685
113	174	0.765597
113	177	0.758176
113	178	0.757728
113	179	0.740953
113	180	0.773527
114	1	0.875223
114	6	0.873683
114	26	0.94955
114	31	0.935116
114	33	0.934386
114	57	0.911729
114	67	0.903463
114	72	0.973963
114	75	0.95581
114	76	0.941582
114	105	1.18095
114	106	0.952972
114	124	0.948898
114	133	0.939899
114	138	1.65358
114	141	0.971673
114	146	0.935535
114	147	0.97497
114	149	3.10415
114	154	0.878831
114	155	1.21646
114	158	0.813021
114	164	0.854459
114	166	0.801903
114	168	4.31954
114	179	0.831562
115	19	1.64746
115	38	0.891344
115	47	0.946113
115	53	0.786089
115	57	0.854617
115	60	0.857873
115	99	0.861328
115	106	0.89586
115	108	0.892485
115	120	0.859438
115	123	2.39074
115	124	0.891785
115	126	0.881744
115	129	0.873944
115	131	0.892601
115	133	0.882787
115	139	2.52915
115	141	0.914561
115	145	0.742572
115	146	0.878423
115	153	0.866304
115	154	2.37344
115	157	0.797184
115	162	2.64916
115	166	0.744791
115	170	0.908694
115	179	0.77445
116	73	1.69983
116	85	1.02882
116	103	0.891961
116	109	2.04002
116	117	0.854021
116	122	0.852793
116	124	2.4359
116	128	0.885478
116	130	0.846056
116	132	0.780232
116	137	0.870514
116	139	0.856252
116	148	0.875385
116	150	0.82444
116	161	0.84254
116	162	0.833606
116	163	0.797531
116	165	0.792587
116	168	0.78575
116	169	0.757422
116	171	0.822129
116	173	0.773396
116	174	0.792308
116	176	0.791794
116	177	0.784887
116	178	0.784439
116	180	0.800238
117	29	2.49731
117	66	1.21273
117	72	2.63766
117	103	0.882
117	116	0.854021
117	119	0.831144
117	122	0.842833
117	132	0.770272
117	142	0.892253
117	144	0.853667
117	147	0.89478
117	149	0.792167
117	152	0.85059
117	155	0.87688
117	157	0.780437
117	161	0.83258
117	163	0.78757
117	167	0.831999
117	168	0.77579
117	170	1.17302
117	171	0.812168
117	172	0.76484
117	173	0.763435
117	175	0.768892
117	176	0.781833
117	177	0.774926
117	178	0.774478
117	180	0.790277
118	18	2.27702
118	81	0.938182
118	87	0.853456
118	90	1.66752
118	124	2.32184
118	125	0.894245
118	128	0.884226
118	132	0.778981
118	136	0.803342
118	140	0.831545
118	148	0.874133
118	149	0.800876
118	151	0.901587
118	152	0.859299
118	159	0.858351
118	162	0.832355
118	167	0.840708
118	168	0.784499
118	169	0.756171
118	171	0.820877
118	172	0.773549
118	174	0.791056
118	175	0.777601
118	176	0.790542
118	177	0.783635
118	178	0.783187
118	180	0.798986
119	36	3.22225
119	85	1.57135
119	110	0.849755
119	112	0.810447
119	117	0.831144
119	132	0.757355
119	142	0.879336
119	149	0.77925
119	150	0.801562
119	156	0.807441
119	159	0.836725
119	160	0.828714
119	165	0.769709
119	167	0.819082
119	168	0.762873
119	169	0.734545
119	170	2.12711
119	171	0.799251
119	172	0.751923
119	173	0.750519
119	174	0.769431
119	175	0.755975
119	176	0.768916
119	177	0.76201
119	178	0.761561
119	180	0.777361
120	8	0.835264
120	38	0.873227
120	69	0.842706
120	78	1.93931
120	88	0.86873
120	91	0.848897
120	99	0.843211
120	104	0.488883
120	106	0.877744
120	108	0.874369
120	113	0.825941
120	115	0.859438
120	124	0.873669
120	126	0.863627
120	129	0.855828
120	131	0.874484
120	133	0.864671
120	135	0.868189
120	141	0.896444
120	146	0.860306
120	150	2.46389
120	153	0.848187
120	157	0.779067
120	160	1.64949
120	164	0.77923
120	166	0.726675
120	170	0.890578
120	173	4.96801
120	179	0.756333
121	1	2.36573
121	37	1.95582
121	93	0.957542
121	123	0.852904
121	126	1.26654
121	132	0.772318
121	139	0.848338
121	147	0.896826
121	148	0.86747
121	149	0.794213
121	150	0.816525
121	152	0.852636
121	153	0.941593
121	156	0.822404
121	159	0.851688
121	162	0.825692
121	165	0.784672
121	167	0.834045
121	168	0.777836
121	169	0.749508
121	171	0.814214
121	173	0.765481
121	174	0.784393
121	175	0.770938
121	176	0.783879
121	177	0.776972
121	178	0.776524
121	180	0.792323
122	31	2.12915
122	45	2.70005
122	51	2.7017
122	54	0.903524
122	86	1.1691
122	116	0.852793
122	117	0.842833
122	139	0.845064
122	144	0.85244
122	147	0.893552
122	149	0.790939
122	150	0.813251
122	155	0.875652
122	157	0.779209
122	159	0.848414
122	161	0.831352
122	162	0.822418
122	163	0.786342
122	165	0.781398
122	169	0.746234
122	171	0.81094
122	172	0.763612
122	173	0.762207
122	174	0.781119
122	175	0.767664
122	176	0.780605
122	177	0.773698
122	178	0.77325
122	180	0.789049
123	40	1.37585
123	48	0.846845
123	72	2.35806
123	91	2.27536
123	112	0.83016
123	115	2.39074
123	121	0.852904
123	140	0.829632
123	143	0.856216
123	148	0.872221
123	149	0.798964
123	151	0.899675
123	156	0.827154
123	159	0.856439
123	161	0.839376
123	163	0.794367
123	165	0.789423
123	167	0.838795
123	169	0.754259
123	171	0.818965
123	172	0.771636
123	173	0.770232
123	174	0.789144
123	175	0.775689
123	176	0.78863
123	177	0.781723
123	178	0.781275
123	180	0.797074
124	8	0.867611
124	57	0.868848
124	69	0.875053
124	91	0.881245
124	100	0.940586
124	104	0.831513
124	106	0.910091
124	108	0.906716
124	113	0.858288
124	114	0.948898
124	115	0.891785
124	116	2.4359
124	118	2.32184
124	120	0.873669
124	126	0.895974
124	129	0.888175
124	131	0.906832
124	133	0.897018
124	141	0.928792
124	143	2.03222
124	146	0.892654
124	152	2.46258
124	153	0.880535
124	157	0.811415
124	158	0.77014
124	159	1.61023
124	164	0.811578
124	166	0.759022
124	170	0.922925
124	179	0.788681
125	49	1.06317
125	63	1.83934
125	94	2.78563
125	96	1.24583
125	97	0.836801
125	118	0.894245
125	132	0.811747
125	138	0.890951
125	141	0.773297
125	143	0.890895
125	145	0.7673
125	152	0.892065
125	155	0.918355
125	156	0.861833
125	159	0.891117
125	161	0.874055
125	162	0.865121
125	165	0.824102
125	167	0.873474
125	169	0.788937
125	171	0.853644
125	172	0.806315
125	173	0.804911
125	174	0.823823
125	175	0.810367
125	176	0.823309
125	177	0.816402
125	178	0.815954
125	180	0.831753
126	8	0.85757
126	47	0.950302
126	53	0.790278
126	57	0.858806
126	69	0.865012
126	88	0.891036
126	91	0.871203
126	94	0.875164
126	99	0.865517
126	100	0.930544
126	103	0.535949
126	108	0.896674
126	115	0.881744
126	120	0.863627
126	121	1.26654
126	124	0.895974
126	129	0.878133
126	131	0.89679
126	133	0.886976
126	138	1.65258
126	141	0.91875
126	145	0.746761
126	146	0.882612
126	151	1.15759
126	153	0.870493
126	157	0.801373
126	158	0.760098
126	166	0.74898
126	170	0.912883
126	172	5.32891
126	176	3.59034
126	179	0.778639
127	16	2.26908
127	21	1.98563
127	47	2.5101
127	48	0.833167
127	58	2.5352
127	97	0.788444
127	110	0.85579
127	112	0.816482
127	140	0.815954
127	143	0.842538
127	144	0.846786
127	147	0.887899
127	148	0.858543
127	151	0.885997
127	156	0.813476
127	158	0.73228
127	159	0.84276
127	161	0.825698
127	165	0.775745
127	166	0.721163
127	167	0.825117
127	169	0.74058
127	171	0.805287
127	172	0.757958
127	173	0.756554
127	174	0.775466
127	175	0.76201
127	176	0.774952
127	177	0.768045
127	178	0.767597
127	180	0.783396
128	4	2.42462
128	25	1.18373
128	28	1.66143
128	45	1.36214
128	54	0.936209
128	78	0.896153
128	98	0.912072
128	104	0.957292
128	111	0.887374
128	113	0.858767
128	116	0.885478
128	118	0.884226
128	129	1.38173
128	132	0.801728
128	135	0.0414506
128	137	0.89201
128	139	0.877748
128	150	0.845936
128	152	0.882046
128	155	0.908336
128	156	0.851814
128	160	0.873087
128	163	0.819027
128	165	0.814083
128	168	0.807246
128	171	0.843625
128	172	0.796296
128	173	0.794892
128	175	0.800348
128	176	0.81329
128	177	0.806383
128	178	0.805935
128	180	0.821734
129	38	0.887734
129	47	0.942502
129	53	0.782479
129	54	1.44965
129	57	0.851007
129	60	0.854263
129	69	0.857212
129	88	0.883236
129	91	0.863404
129	94	0.867365
129	99	0.857718
129	105	1.78288
129	106	0.89225
129	108	0.888875
129	113	0.840447
129	115	0.873944
129	120	0.855828
129	124	0.888175
129	126	0.878133
129	128	1.38173
129	130	2.6562
129	131	0.888991
129	133	0.879177
129	141	0.910951
129	146	0.874813
129	147	1.5769
129	157	0.793574
129	158	0.752299
129	164	0.793737
129	166	0.741181
129	170	0.905084
129	179	0.77084
129	180	3.86469
130	30	2.92334
130	50	1.93035
130	53	0.761377
130	62	2.39011
130	95	0.769812
130	110	0.854707
130	116	0.846056
130	129	2.6562
130	132	0.762307
130	138	0.841511
130	139	0.838327
130	144	0.845703
130	148	0.857459
130	150	0.806514
130	156	0.812393
130	158	0.731197
130	159	0.841677
130	160	0.833666
130	161	0.824615
130	163	0.779605
130	165	0.774661
130	167	0.824034
130	168	0.767825
130	171	0.804203
130	172	0.756875
130	173	0.755471
130	174	0.774382
130	175	0.760927
130	176	0.773868
130	177	0.766961
130	178	0.766513
130	179	0.749738
130	180	0.782312
131	3	0.885464
131	38	0.906391
131	41	0.895444
131	57	0.869663
131	60	0.87292
131	88	0.901893
131	91	0.88206
131	94	0.886021
131	99	0.876374
131	106	0.910907
131	108	0.907532
131	113	0.859104
131	115	0.892601
131	120	0.874484
131	124	0.906832
131	126	0.89679
131	129	0.888991
131	133	0.897834
131	135	0.901352
131	138	1.96974
131	141	0.929607
131	145	0.757618
131	146	0.89347
131	148	1.71824
131	153	0.88135
131	155	1.53261
131	156	2.21134
131	157	0.81223
131	161	1.63569
131	163	4.11032
131	164	0.812393
131	166	0.759838
131	170	0.923741
131	174	3.76751
131	179	0.789497
132	86	3.65714
132	116	0.780232
132	117	0.770272
132	118	0.778981
132	119	0.757355
132	121	0.772318
132	125	0.811747
132	128	0.801728
132	130	0.762307
132	147	0.820991
132	148	0.791635
132	149	0.718378
132	150	0.74069
132	151	0.819089
132	156	0.746568
132	159	0.775853
132	160	0.767842
132	161	0.75879
132	162	0.749857
132	163	0.713781
132	164	0.706811
132	168	0.702001
132	170	4.76357
132	172	0.69105
132	173	0.689646
132	174	0.708558
132	175	0.695103
132	176	0.708044
132	177	0.701137
132	178	0.700689
132	180	0.716488
133	3	0.87565
133	8	0.858613
133	38	0.896577
133	47	0.951345
133	56	0.613786
133	57	0.85985
133	69	0.866055
133	88	0.892079
133	91	0.872247
133	99	0.86656
133	100	0.931587
133	106	0.901093
133	108	0.897718
133	114	0.939899
133	115	0.882787
133	120	0.864671
133	124	0.897018
133	126	0.886976
133	129	0.879177
133	131	0.897834
133	135	0.891538
133	141	0.919794
133	142	1.18032
133	144	1.38009
133	145	0.747804
133	146	0.883656
133	157	0.802416
133	158	0.761142
133	164	0.80258
133	166	0.750024
133	167	1.88199
133	168	4.35357
133	170	0.913927
133	174	3.48538
133	179	0.779683
133	180	3.29679
134	40	0.864602
134	41	0.870412
134	46	0.916227
134	51	0.857108
134	52	0.927719
134	54	0.834962
134	58	0.912886
134	61	0.846128
134	62	0.912853
134	63	0.913494
134	65	0.891225
134	66	0.840204
134	70	0.890094
134	71	0.87886
134	73	0.882938
134	77	0.874807
134	79	0.869769
134	81	0.931219
134	83	0.869694
134	84	0.869647
134	90	0.907925
134	96	0.898203
134	101	0.887702
134	109	0.865592
134	136	0.801394
134	142	1.14432
134	153	0.856318
134	157	0.787198
134	160	1.49701
134	167	0.955704
134	169	5.72078
134	170	0.898709
