1	3	1.11685
1	11	1.11342
1	56	1.06543
1	57	1.06971
1	66	1.03549
1	71	1.0356
1	123	0.927892
1	124	1.06773
1	129	1.27439
1	136	0.916847
1	149	0.764372
1	162	1.87775
2	19	1.05612
2	25	1.05008
2	36	1.04646
2	37	1.04646
2	46	1.01469
2	49	1.09664
2	64	1.05734
2	106	1.03669
2	114	0.497309
2	165	1.24199
2	178	1.71103
2	180	1.38373
3	1	1.11685
3	24	1.08052
3	30	1.0723
3	32	1.07684
3	56	1.07334
3	66	1.0434
3	71	1.04351
3	83	1.08026
3	101	1.10837
3	110	1.10495
3	136	0.924758
3	172	1.43545
4	9	0.89849
4	44	0.935236
4	50	0.914092
4	62	0.890763
4	67	0.953794
4	68	0.95332
4	70	0.952927
4	140	0.986103
4	146	0.970765
4	155	1.51597
4	168	1.53234
4	176	1.468
5	20	0.91702
5	29	0.916583
5	34	0.908558
5	53	0.958214
5	73	0.952156
5	80	0.952422
5	86	0.925413
5	92	0.906861
5	150	0.971773
5	166	1.67352
5	167	1.03792
5	174	1.81507
6	15	1.05112
6	52	1.04793
6	77	1.06754
6	78	1.06738
6	84	1.04854
6	99	1.15421
6	102	1.08234
6	110	0.861006
6	153	1.16087
6	160	1.03139
6	163	1.59211
6	176	1.00971
7	72	1.05544
7	93	1.01558
7	96	1.09144
7	97	1.01464
7	100	1.05916
7	103	1.04191
7	105	1.04185
7	149	0.835096
7	153	0.893541
7	166	1.47547
7	167	1.1045
7	170	1.60524
8	77	0.957783
8	78	0.957624
8	79	1.0511
8	84	0.938788
8	102	0.972588
8	143	0.985635
8	160	0.921642
8	163	1.61313
8	164	1.10634
8	175	1.49883
8	176	0.899953
9	4	0.89849
9	43	0.940141
9	50	0.911441
9	62	0.888112
9	67	0.951143
9	68	0.950669
9	70	0.950276
9	140	0.983451
9	146	0.968114
9	154	1.28964
9	175	1.53881
9	176	1.66533
10	36	1.04776
10	37	1.04776
10	46	1.016
10	64	1.05865
10	91	1.11208
10	122	1.03068
10	126	1.0401
10	148	1.0372
10	152	0.945828
10	168	1.28512
10	169	0.920927
10	177	1.66341
11	1	1.11342
11	30	1.06887
11	56	1.06991
11	57	1.07419
11	66	1.03998
11	71	1.04008
11	74	1.16185
11	89	1.10048
11	124	1.07222
11	136	0.921332
11	153	1.23139
11	172	1.26203
12	14	1.11926
12	33	0.960111
12	48	1.04031
12	88	1.05613
12	109	1.08427
12	115	1.05566
12	121	1.0968
12	127	0.743243
12	143	1.06228
12	167	0.881125
12	172	1.03869
12	178	2.09586
13	15	0.926832
13	55	0.938699
13	77	0.943246
13	78	0.943087
13	84	0.924251
13	92	0.961714
13	143	0.971099
13	155	1.71657
13	160	0.907105
13	163	1.65637
13	164	1.14958
13	176	0.885417
14	12	1.11926
14	27	1.06522
14	33	0.956633
14	60	1.06767
14	88	1.05266
14	106	1.04421
14	120	0.888977
14	125	1.45629
14	143	1.05881
14	146	1.10052
14	159	1.34446
14	172	1.03521
15	6	1.05112
15	13	0.926832
15	55	0.925163
15	77	0.92971
15	78	0.929551
15	84	0.910715
15	143	0.957563
15	160	0.893569
15	161	1.85125
15	174	1.53432
15	175	1.12778
15	176	0.871881
16	20	1.0293
16	29	1.02886
16	53	1.07049
16	73	1.06443
16	80	1.0647
16	86	1.03769
16	87	0.990817
16	102	1.01548
16	133	1.06981
16	150	1.08405
16	169	1.10396
16	174	1.68382
17	94	1.37825
17	131	1.61313
17	157	0.93265
17	158	0.972078
17	161	0.794348
17	163	0.854204
17	165	0.823387
17	173	0.814539
17	174	0.804891
17	178	0.779517
17	179	0.808154
17	180	0.801515
18	27	1.02449
18	33	0.915899
18	35	1.03999
18	58	1.04444
18	60	1.02694
18	88	1.01192
18	109	1.04006
18	114	0.676386
18	143	1.01807
18	162	1.78399
18	168	1.23686
18	170	1.44075
18	172	0.994478
19	2	1.05612
19	25	1.00546
19	28	1.01143
19	36	1.00184
19	37	1.00184
19	46	0.970073
19	49	1.05202
19	64	1.01272
19	106	0.992069
19	135	1.21163
19	167	0.987665
19	169	1.18495
19	171	1.72404
20	5	0.91702
20	16	1.0293
20	29	1.00294
20	73	1.03851
20	80	1.03878
20	86	1.01177
20	101	1.07063
20	102	0.989556
20	110	1.06721
20	115	0.995978
20	120	1.2224
20	150	1.05813
20	175	1.68401
21	25	1.05523
21	46	1.27463
21	61	0.744471
21	119	1.00537
21	155	0.922563
21	158	1.03656
21	162	0.873075
21	163	0.91869
21	170	0.871799
21	174	0.869377
21	177	0.857615
21	179	0.87264
21	180	0.866
22	65	1.02561
22	90	1.00197
22	93	0.978558
22	96	1.05443
22	97	0.977622
22	100	1.02214
22	103	1.00489
22	105	1.00484
22	133	0.98402
22	158	0.880013
22	167	1.06749
22	171	1.55726
22	180	1.70832
23	32	1.06211
23	56	0.878642
23	77	1.218
23	151	0.946145
23	157	0.993788
23	166	0.908293
23	169	0.971642
23	171	0.871606
23	175	0.913402
23	176	0.913945
23	178	0.840656
23	179	0.869293
23	180	0.862654
24	3	1.08052
24	30	1.02806
24	32	1.03261
24	56	1.0291
24	57	1.03338
24	66	0.999169
24	71	0.99927
24	74	0.855793
24	124	1.03141
24	136	0.880523
24	157	1.10319
24	166	1.50726
24	179	1.64466
25	2	1.05008
25	19	1.00546
25	21	1.05523
25	28	1.00539
25	36	0.995796
25	37	0.995796
25	38	1.01872
25	46	0.964033
25	49	1.04598
25	64	1.00668
25	151	1.56867
25	154	1.16397
25	164	1.02065
26	43	1.01579
26	44	1.00824
26	50	0.987092
26	62	0.963763
26	67	1.02679
26	68	1.02632
26	70	1.02593
26	128	0.664422
26	140	1.0591
26	146	1.04377
26	160	1.20601
26	162	1.8151
26	171	1.44286
27	14	1.06522
27	18	1.02449
27	48	0.986271
27	58	1.03461
27	88	1.0021
27	106	0.993647
27	115	1.00162
27	143	1.00824
27	157	0.756343
27	160	1.02432
27	161	1.61889
27	172	0.98465
27	178	1.73954
28	19	1.01143
28	25	1.00539
28	36	1.00176
28	37	1.00176
28	38	1.02469
28	46	0.969999
28	49	1.05194
28	64	1.01265
28	106	0.991995
28	121	1.22557
28	154	1.13134
28	156	1.18071
28	168	1.57138
29	5	0.916583
29	16	1.02886
29	20	1.00294
29	31	0.760362
29	73	1.03808
29	80	1.03834
29	86	1.01133
29	92	0.992781
29	98	0.825463
29	115	0.995541
29	150	1.05769
29	168	1.64742
29	173	1.85034
30	3	1.0723
30	11	1.06887
30	24	1.02806
30	56	1.02088
30	57	1.02516
30	66	0.990944
30	71	0.991046
30	110	0.770572
30	124	1.02318
30	132	1.39972
30	136	0.872298
30	172	1.10107
30	173	1.78116
31	29	0.760362
31	95	1.00764
31	117	0.739164
31	144	0.498302
31	156	1.08132
31	164	1.12517
31	169	1.06434
31	170	0.961154
31	171	0.964307
31	173	0.968379
31	175	1.0061
31	179	0.961994
31	180	0.955355
32	3	1.07684
32	23	1.06211
32	24	1.03261
32	38	1.03347
32	56	1.02542
32	57	1.0297
32	66	0.995486
32	71	0.995588
32	120	1.07428
32	124	1.02772
32	136	0.87684
32	137	1.26339
32	169	1.36256
33	12	0.960111
33	14	0.956633
33	18	0.915899
33	35	0.92157
33	48	0.877684
33	58	0.926026
33	88	0.893508
33	106	0.88506
33	143	0.899657
33	149	1.39101
33	154	1.51722
33	163	1.8807
33	172	0.876063
34	5	0.908558
34	42	1.06727
34	53	1.03611
34	73	1.03005
34	80	1.03032
34	86	1.00331
34	92	0.984756
34	115	0.987515
34	119	0.978941
34	136	1.97454
34	146	0.959237
34	150	1.04967
34	159	1.20318
35	18	1.03999
35	33	0.92157
35	48	1.00177
35	58	1.05011
35	60	1.03261
35	88	1.01759
35	115	1.01712
35	121	0.962733
35	143	1.02374
35	159	1.11155
35	166	1.38266
35	172	1.00015
35	177	1.68682
36	2	1.04646
36	10	1.04776
36	19	1.00184
36	25	0.995796
36	28	1.00176
36	46	0.960407
36	49	1.04235
36	64	1.00306
36	106	0.982402
36	137	1.23112
36	139	1.24158
36	152	1.35519
36	172	1.21732
37	2	1.04646
37	10	1.04776
37	19	1.00184
37	25	0.995796
37	28	1.00176
37	46	0.960407
37	49	1.04235
37	64	1.00306
37	106	0.982402
37	159	1.12751
37	167	0.763015
37	173	1.52741
37	177	1.70278
38	25	1.01872
38	28	1.02469
38	32	1.03347
38	49	1.06528
38	57	1.03425
38	64	1.02598
38	66	1.00004
38	71	1.00014
38	83	1.01024
38	136	0.881389
38	146	1.40167
38	167	1.28111
38	172	1.36543
39	50	0.919001
39	73	0.615451
39	107	0.673949
39	148	0.526593
39	149	1.15485
39	159	1.05651
39	165	0.991057
39	168	1.01586
39	176	1.02048
39	177	0.960799
39	178	0.947187
39	179	0.975824
39	180	0.969184
40	75	0.825575
40	107	0.981386
40	108	1.04474
40	123	1.10303
40	130	1.03464
40	131	0.996955
40	138	0.995518
40	141	0.994694
40	145	1.03349
40	147	1.01562
40	148	0.99951
40	153	0.997952
40	178	2.15901
41	72	0.729881
41	78	0.99147
41	96	0.592474
41	137	1.02996
41	145	0.666067
41	149	1.11321
41	159	1.01487
41	169	1.03654
41	173	0.940575
41	175	0.978299
41	177	0.919166
41	178	0.905553
41	179	0.93419
41	180	0.92755
42	34	1.06727
42	73	1.11087
42	80	1.11113
42	86	1.08413
42	94	1.09889
42	131	1.05702
42	134	1.07782
42	136	1.59744
42	138	1.05558
42	150	1.13048
42	152	0.683769
42	164	0.439713
42	178	1.67632
42	180	1.34901
43	9	0.940141
43	26	1.01579
43	44	0.976888
43	50	0.955744
43	62	0.932415
43	67	0.995446
43	68	0.994972
43	70	0.994579
43	128	1.24653
43	140	1.02775
43	146	1.01242
43	149	1.28383
43	156	1.45941
43	172	1.37292
44	4	0.935236
44	26	1.00824
44	43	0.976888
44	62	0.924858
44	67	0.987889
44	68	0.987415
44	70	0.987023
44	87	0.978367
44	113	1.11125
44	140	1.0202
44	146	1.00486
44	158	1.35829
44	164	1.27729
44	175	1.66978
45	74	0.880628
45	85	1.29016
45	107	1.07434
45	117	1.10542
45	126	1.09536
45	130	1.1276
45	134	1.11071
45	138	1.08847
45	144	1.14277
45	146	1.01705
45	148	1.09247
45	156	1.0673
45	161	0.963711
45	176	1.39363
46	2	1.01469
46	10	1.016
46	19	0.970073
46	21	1.27463
46	25	0.964033
46	28	0.969999
46	36	0.960407
46	37	0.960407
46	49	1.01059
46	64	0.971294
46	106	0.95064
46	139	1.3705
46	142	1.16917
46	149	1.25716
47	101	0.748259
47	112	0.984549
47	117	0.974189
47	130	0.996372
47	134	0.979484
47	138	0.957248
47	141	0.956423
47	144	1.01154
47	145	0.995216
47	147	0.97735
47	148	0.961239
47	155	1.53614
47	170	1.75639
47	175	1.36164
48	12	1.04031
48	27	0.986271
48	33	0.877684
48	35	1.00177
48	58	1.00622
48	60	0.988722
48	63	0.569201
48	88	0.973707
48	106	0.965259
48	109	1.00184
48	153	1.00777
48	161	2.04818
48	165	1.69978
48	172	0.956262
49	2	1.09664
49	19	1.05202
49	25	1.04598
49	28	1.05194
49	36	1.04235
49	37	1.04235
49	38	1.06528
49	46	1.01059
49	64	1.05324
49	106	1.03258
49	120	0.755505
49	125	1.32282
49	155	1.39161
49	159	1.21099
49	160	1.34601
50	4	0.914092
50	9	0.911441
50	26	0.987092
50	39	0.919001
50	43	0.955744
50	62	0.903714
50	67	0.966745
50	68	0.966271
50	70	0.965878
50	75	1.08296
50	87	0.957223
50	127	1.06378
50	140	0.999054
50	146	0.983716
50	161	2.29575
51	69	0.948496
51	76	1.27438
51	94	0.985841
51	98	1.09746
51	111	0.999564
51	117	0.959473
51	127	1.22006
51	134	0.964769
51	141	0.941708
51	145	0.980501
51	147	0.962634
51	148	0.946524
51	150	1.01744
51	161	0.817769
51	171	2.09431
52	6	1.04793
52	55	0.921971
52	61	1.09904
52	77	0.926518
52	78	0.926359
52	79	1.01983
52	84	0.907523
52	92	0.944986
52	110	0.81828
52	143	0.954371
52	156	1.23528
52	160	0.890377
52	171	1.80084
52	174	1.84161
52	176	0.868689
53	5	0.958214
53	16	1.07049
53	34	1.03611
53	73	1.07971
53	80	1.07997
53	86	1.05296
53	89	0.824058
53	92	1.03441
53	102	1.03075
53	115	1.03717
53	133	1.06443
53	150	1.09932
53	154	1.02274
53	175	1.27191
53	177	1.84106
54	57	0.687197
54	58	0.887913
54	72	0.946185
54	73	0.800408
54	110	1.17051
54	136	0.920569
54	162	0.929207
54	166	0.967771
54	170	0.927931
54	171	0.931084
54	175	0.97288
54	177	0.913747
54	178	0.900134
54	179	0.928771
54	180	0.922132
55	13	0.938699
55	15	0.925163
55	52	0.921971
55	61	1.11409
55	77	0.941578
55	78	0.941419
55	79	1.03489
55	84	0.922583
55	85	1.6046
55	143	0.96943
55	160	0.905436
55	163	1.69585
55	164	1.18906
55	167	1.21093
55	176	0.883748
56	1	1.06543
56	3	1.07334
56	11	1.06991
56	23	0.878642
56	24	1.0291
56	30	1.02088
56	32	1.02542
56	57	1.02619
56	66	0.991981
56	71	0.992082
56	118	0.791055
56	124	1.02422
56	135	1.20576
56	136	0.873334
56	157	1.21334
56	177	1.92157
57	1	1.06971
57	11	1.07419
57	24	1.03338
57	30	1.02516
57	32	1.0297
57	38	1.03425
57	54	0.687197
57	56	1.02619
57	66	0.996262
57	71	0.996363
57	124	1.0285
57	132	1.16787
57	136	0.877615
57	161	1.87899
57	169	0.982186
57	176	1.28204
58	18	1.04444
58	27	1.03461
58	33	0.926026
58	35	1.05011
58	48	1.00622
58	54	0.887913
58	60	1.03706
58	88	1.02205
58	98	0.72514
58	106	1.0136
58	115	1.02157
58	143	1.0282
58	168	1.5471
58	172	1.0046
58	175	1.35623
58	176	1.48276
59	72	1.00781
59	82	1.14098
59	90	0.991361
59	93	0.967951
59	96	1.04382
59	97	0.967015
59	100	1.01153
59	103	0.994283
59	105	0.994229
59	127	1.06693
59	132	1.1678
59	149	0.780068
59	163	1.26975
59	165	1.53052
59	167	1.05688
59	179	1.55784
60	14	1.06767
60	18	1.02694
60	35	1.03261
60	48	0.988722
60	58	1.03706
60	88	1.00455
60	99	1.08432
60	106	0.996098
60	109	1.03268
60	115	1.00407
60	137	1.13541
60	143	1.0107
60	165	1.78298
60	167	1.0373
60	169	1.23458
60	172	0.987101
61	21	0.744471
61	52	1.09904
61	55	1.11409
61	77	1.11864
61	78	1.11848
61	79	1.21195
61	84	1.09965
61	85	1.12543
61	102	1.13345
61	132	1.11473
61	135	0.955722
61	139	0.840341
61	143	1.14649
61	160	1.0825
61	173	1.49616
61	176	1.06081
62	4	0.890763
62	9	0.888112
62	26	0.963763
62	43	0.932415
62	44	0.924858
62	50	0.903714
62	67	0.943416
62	68	0.942942
62	70	0.942549
62	87	0.933894
62	101	1.14429
62	121	1.60273
62	137	1.48516
62	140	0.975725
62	146	0.960387
62	159	1.75154
63	48	0.569201
63	65	0.866225
63	95	0.948327
63	105	0.611218
63	134	0.687206
63	165	1.02158
63	169	1.10869
63	170	1.0055
63	171	1.00866
63	173	1.01273
63	174	1.00308
63	175	1.05045
63	177	0.991318
63	178	0.977705
63	179	1.00634
63	180	0.999703
64	2	1.05734
64	10	1.05865
64	19	1.01272
64	25	1.00668
64	28	1.01265
64	36	1.00306
64	37	1.00306
64	38	1.02598
64	46	0.971294
64	49	1.05324
64	98	1.06753
64	106	0.99329
64	113	1.1401
64	137	1.42612
64	142	1.23525
64	158	1.38713
65	22	1.02561
65	63	0.866225
65	72	0.979165
65	74	1.0225
65	82	1.11233
65	90	0.962714
65	93	0.939305
65	96	1.01517
65	97	0.938369
65	100	0.982888
65	103	0.965636
65	105	0.965582
65	110	1.00493
65	128	1.20905
65	142	1.15836
65	167	1.02823
65	170	2.01649
66	1	1.03549
66	3	1.0434
66	11	1.03998
66	24	0.999169
66	30	0.990944
66	32	0.995486
66	38	1.00004
66	56	0.991981
66	57	0.996262
66	71	0.96215
66	124	0.994287
66	136	0.843403
66	153	0.910755
66	156	1.02789
66	160	1.35659
66	171	1.59345
66	180	1.74451
67	4	0.953794
67	9	0.951143
67	26	1.02679
67	43	0.995446
67	44	0.987889
67	50	0.966745
67	62	0.943416
67	68	1.00597
67	70	1.00558
67	87	0.996925
67	89	0.95106
67	116	1.33768
67	123	1.18705
67	140	1.03876
67	146	1.02342
67	161	2.12238
67	167	1.0283
68	4	0.95332
68	9	0.950669
68	26	1.02632
68	43	0.994972
68	44	0.987415
68	50	0.966271
68	62	0.942942
68	67	1.00597
68	70	1.00511
68	74	1.16092
68	87	0.996451
68	116	1.48617
68	139	1.28537
68	140	1.03828
68	146	1.02294
68	152	1.39897
68	153	1.23046
69	51	0.948496
69	91	1.0479
69	101	0.927758
69	104	0.972835
69	108	1.01826
69	117	0.98598
69	126	0.975922
69	130	1.00816
69	131	0.970476
69	133	1.33365
69	138	0.969039
69	144	1.02333
69	145	1.00701
69	147	0.989141
69	158	1.22965
69	167	1.17052
69	179	1.94352
70	4	0.952927
70	9	0.950276
70	26	1.02593
70	43	0.994579
70	44	0.987023
70	50	0.965878
70	62	0.942549
70	67	1.00558
70	68	1.00511
70	87	0.996058
70	113	0.650942
70	140	1.03789
70	146	1.02255
70	156	1.00966
70	171	1.57523
70	173	1.60325
70	177	1.77862
71	1	1.0356
71	3	1.04351
71	11	1.04008
71	24	0.99927
71	30	0.991046
71	32	0.995588
71	38	1.00014
71	56	0.992082
71	57	0.996363
71	66	0.96215
71	89	0.872705
71	124	0.994389
71	136	0.843504
71	160	1.44946
71	162	2.05855
71	167	0.949941
71	175	1.32056
72	7	1.05544
72	41	0.729881
72	54	0.946185
72	59	1.00781
72	65	0.979165
72	74	1.0153
72	82	1.10514
72	90	0.955521
72	93	0.932111
72	96	1.00798
72	97	0.931175
72	103	0.958443
72	105	0.958389
72	133	1.20702
72	155	1.589
72	167	1.02104
72	176	1.54103
73	5	0.952156
73	16	1.06443
73	20	1.03851
73	29	1.03808
73	34	1.03005
73	39	0.615451
73	42	1.11087
73	53	1.07971
73	54	0.800408
73	80	1.07392
73	86	1.04691
73	102	1.02469
73	115	1.03111
73	127	0.76023
73	150	1.09327
73	152	1.1203
73	166	1.53371
73	180	1.78554
74	11	1.16185
74	24	0.855793
74	45	0.880628
74	65	1.0225
74	68	1.16092
74	72	1.0153
74	100	1.01903
74	103	1.00177
74	105	1.00172
74	134	1.05623
74	153	1.07945
74	162	0.900334
74	167	1.06437
74	175	0.944007
74	177	0.884874
74	178	0.871261
74	179	0.899898
74	180	0.893259
75	40	0.825575
75	50	1.08296
75	105	0.87741
75	119	1.06026
75	134	0.953399
75	150	0.780475
75	154	1.01004
75	155	0.977447
75	157	1.05202
75	165	0.942757
75	166	0.966524
75	169	1.02987
75	174	0.924261
75	175	0.971633
75	177	0.9125
75	178	0.898887
75	179	0.927524
75	180	0.920885
76	51	1.27438
76	82	0.792871
76	91	0.654871
76	100	0.470165
76	114	1.12011
76	125	1.00128
76	134	0.988541
76	142	1.07738
76	163	0.952946
76	164	1.07007
76	171	0.909209
76	172	1.01364
76	173	0.913281
76	174	0.903633
76	175	0.951005
76	177	0.891872
76	178	0.878259
76	180	0.900257
77	6	1.06754
77	8	0.957783
77	13	0.943246
77	15	0.92971
77	23	1.218
77	52	0.926518
77	55	0.941578
77	61	1.11864
77	79	1.03944
77	84	0.92713
77	102	0.96093
77	120	1.23017
77	142	1.2284
77	143	0.973977
77	154	1.4426
77	160	0.909983
77	172	1.40547
77	176	0.888295
78	6	1.06738
78	8	0.957624
78	13	0.943087
78	15	0.929551
78	41	0.99147
78	52	0.926359
78	55	0.941419
78	61	1.11848
78	79	1.03928
78	84	0.926971
78	92	0.964433
78	114	1.30649
78	143	0.973818
78	149	1.30071
78	152	1.52766
78	156	1.47629
78	160	0.909824
78	176	0.888136
79	8	1.0511
79	52	1.01983
79	55	1.03489
79	61	1.21195
79	77	1.03944
79	78	1.03928
79	84	1.02044
79	92	1.05791
79	102	1.05424
79	114	0.921689
79	121	1.13636
79	143	1.06729
79	157	1.15221
79	160	1.0033
79	161	2.01476
79	164	0.898808
79	169	1.11796
79	176	0.981608
80	5	0.952422
80	16	1.0647
80	20	1.03878
80	29	1.03834
80	34	1.03032
80	42	1.11113
80	53	1.07997
80	73	1.07392
80	86	1.04717
80	92	1.02862
80	115	1.03138
80	118	0.800708
80	125	1.46777
80	146	1.11201
80	149	0.986684
80	150	1.09353
80	171	1.72783
80	172	1.07577
81	104	0.938189
81	107	0.920261
81	111	0.991426
81	112	0.961695
81	126	0.941276
81	129	1.65639
81	134	0.95663
81	139	1.25972
81	140	0.988388
81	141	0.933569
81	144	0.988686
81	145	0.972362
81	147	0.954495
81	148	0.938385
81	150	1.0093
81	154	1.27258
81	157	1.38267
81	161	0.80963
81	176	1.64828
82	59	1.14098
82	65	1.11233
82	72	1.10514
82	76	0.792871
82	90	1.08869
82	93	1.06528
82	96	1.14115
82	97	1.06434
82	100	1.10886
82	103	1.09161
82	105	1.09156
82	113	0.68852
82	127	1.16426
82	135	1.10039
82	142	0.783674
82	151	1.40257
82	157	1.10797
82	165	1.62212
82	167	1.15421
83	3	1.08026
83	38	1.01024
83	98	1.18571
83	124	0.624763
83	128	1.06945
83	131	0.725438
83	140	0.468639
83	144	0.553008
83	153	1.12309
83	157	1.06803
83	163	0.989583
83	164	1.10671
83	168	0.983564
83	169	1.04588
83	174	0.940269
83	175	0.987641
83	177	0.928508
83	178	0.914895
83	180	0.936893
84	6	1.04854
84	8	0.938788
84	13	0.924251
84	15	0.910715
84	52	0.907523
84	55	0.922583
84	61	1.09965
84	77	0.92713
84	78	0.926971
84	79	1.02044
84	92	0.945597
84	119	1.51333
84	127	1.2352
84	135	1.59704
84	143	0.954982
84	154	1.49452
84	160	0.890988
84	164	1.35121
84	176	0.8693
85	45	1.29016
85	55	1.6046
85	61	1.12543
85	99	0.980928
85	116	0.924811
85	133	0.964265
85	139	0.970134
85	145	1.37375
85	149	1.00164
85	156	0.941942
85	165	0.837852
85	169	0.924969
85	171	0.824933
85	174	0.819357
85	176	0.867272
85	177	0.807595
85	178	0.793982
85	179	0.82262
85	180	0.81598
86	5	0.925413
86	16	1.03769
86	20	1.01177
86	29	1.01133
86	34	1.00331
86	42	1.08413
86	53	1.05296
86	73	1.04691
86	80	1.04717
86	92	1.00161
86	102	0.997949
86	115	1.00437
86	119	0.92444
86	150	1.06652
86	153	0.837859
86	160	1.2837
86	166	1.41978
86	171	1.52056
86	173	1.54858
87	16	0.990817
87	44	0.978367
87	50	0.957223
87	62	0.933894
87	67	0.996925
87	68	0.996451
87	70	0.996058
87	90	0.919333
87	115	0.963851
87	124	0.97978
87	130	0.862376
87	140	1.02923
87	146	1.0139
87	170	0.863442
87	175	0.908391
87	176	0.908934
87	177	0.849258
87	178	0.835645
87	179	0.864282
87	180	0.857643
88	12	1.05613
88	14	1.05266
88	18	1.01192
88	27	1.0021
88	33	0.893508
88	35	1.01759
88	48	0.973707
88	58	1.02205
88	60	1.00455
88	98	0.791003
88	106	0.981083
88	109	1.01766
88	115	0.989055
88	120	0.960492
88	139	1.16006
88	143	0.99568
88	158	1.11061
88	172	0.972086
88	179	1.82448
88	180	1.93891
89	11	1.10048
89	53	0.824058
89	67	0.95106
89	71	0.872705
89	97	0.92388
89	108	0.700104
89	142	1.13358
89	154	1.0456
89	158	1.12702
89	163	1.00914
89	168	1.00312
89	170	0.962251
89	171	0.965404
89	173	0.969476
89	174	0.959828
89	175	1.0072
89	177	0.948067
89	178	0.934454
89	179	0.963091
89	180	0.956452
90	22	1.00197
90	59	0.991361
90	65	0.962714
90	72	0.955521
90	82	1.08869
90	87	0.919333
90	93	0.91566
90	95	0.943702
90	96	0.991527
90	97	0.914724
90	98	1.08229
90	100	0.959243
90	103	0.941992
90	105	0.941938
90	127	1.01464
90	157	1.06673
90	160	1.3347
90	167	1.00459
90	175	1.2058
90	179	1.60819
90	180	1.72262
91	10	1.11208
91	69	1.0479
91	76	0.654871
91	99	0.785447
91	104	1.04574
91	107	1.02781
91	108	1.09116
91	109	1.0833
91	130	1.08106
91	131	1.04338
91	134	1.06418
91	138	1.04194
91	141	1.04111
91	147	1.06204
91	148	1.04593
91	155	1.28354
91	156	0.90924
91	161	0.917176
91	168	1.29991
91	176	1.23557
91	178	1.95316
92	5	0.906861
92	13	0.961714
92	29	0.992781
92	34	0.984756
92	52	0.944986
92	53	1.03441
92	78	0.964433
92	79	1.05791
92	80	1.02862
92	84	0.945597
92	86	1.00161
92	98	0.960962
92	102	0.979397
92	113	1.03353
92	150	1.04797
92	156	1.39225
92	157	1.45298
92	158	1.28057
92	160	0.928451
92	170	1.98682
92	176	0.906763
93	7	1.01558
93	22	0.978558
93	59	0.967951
93	65	0.939305
93	72	0.932111
93	82	1.06528
93	90	0.91566
93	95	0.920292
93	96	0.968118
93	97	0.891314
93	98	1.05889
93	100	0.935833
93	103	0.918582
93	105	0.918528
93	127	0.991227
93	142	0.882947
93	155	1.52082
93	156	1.14651
93	158	1.03483
93	161	2.06979
93	167	0.981178
93	174	1.75285
94	17	1.37825
94	42	1.09889
94	51	0.985841
94	104	1.01018
94	122	1.00385
94	124	1.03811
94	126	1.01327
94	130	1.04551
94	131	1.00782
94	134	1.02862
94	138	1.00638
94	139	0.870011
94	141	1.00556
94	144	1.06068
94	145	1.04435
94	146	0.881985
94	147	1.02649
94	148	1.01038
94	151	1.28758
94	158	0.820559
94	170	1.52681
94	180	1.64886
95	31	1.00764
95	63	0.948327
95	90	0.943702
95	93	0.920292
95	96	0.99616
95	97	0.919356
95	100	0.963875
95	103	0.946624
95	105	0.94657
95	109	0.997065
95	113	1.14531
95	122	0.953168
95	131	0.957142
95	138	0.955705
95	141	0.95488
95	145	0.993674
95	147	0.975807
95	148	0.959697
95	152	1.55541
95	164	1.31135
95	167	1.00922
95	176	1.83036
96	7	1.09144
96	22	1.05443
96	41	0.592474
96	59	1.04382
96	65	1.01517
96	72	1.00798
96	82	1.14115
96	90	0.991527
96	93	0.968118
96	95	0.99616
96	97	0.967182
96	100	1.0117
96	103	0.994449
96	105	0.994395
96	127	1.06709
96	149	0.901714
96	151	1.43263
96	164	0.884612
96	166	1.54208
96	167	1.05704
96	173	1.67088
96	176	1.40362
97	7	1.01464
97	22	0.977622
97	59	0.967015
97	65	0.938369
97	72	0.931175
97	82	1.06434
97	89	0.92388
97	90	0.914724
97	93	0.891314
97	95	0.919356
97	96	0.967182
97	98	1.05795
97	100	0.934898
97	103	0.917646
97	105	0.917592
97	114	1.00213
97	127	0.990291
97	133	1.16425
97	153	1.05479
97	167	0.980242
97	170	1.76649
97	178	2.21585
98	29	0.825463
98	51	1.09746
98	58	0.72514
98	64	1.06753
98	83	1.18571
98	88	0.791003
98	90	1.08229
98	92	0.960962
98	93	1.05889
98	97	1.05795
98	100	1.10247
98	103	1.08522
98	105	1.08516
98	108	0.516864
98	167	1.14781
98	174	0.980078
98	175	1.02745
98	177	0.968316
98	178	0.954704
98	179	0.983341
98	180	0.976701
99	6	1.15421
99	60	1.08432
99	85	0.980928
99	91	0.785447
99	109	1.07996
99	116	1.00166
99	131	1.04333
99	148	0.856272
99	151	0.976321
99	154	0.981982
99	160	0.96581
99	162	0.899905
99	164	1.06265
99	165	0.914702
99	169	1.00182
99	171	0.901783
99	172	1.00621
99	174	0.896206
99	175	0.943578
99	177	0.884445
99	178	0.870832
99	179	0.899469
99	180	0.89283
100	7	1.05916
100	22	1.02214
100	59	1.01153
100	65	0.982888
100	74	1.01903
100	76	0.470165
100	82	1.10886
100	90	0.959243
100	93	0.935833
100	95	0.963875
100	96	1.0117
100	97	0.934898
100	98	1.10247
100	103	0.962165
100	105	0.962111
100	125	1.03004
100	127	1.03481
100	151	1.07987
100	162	1.66233
100	167	1.02476
100	178	1.76846
100	179	1.32673
100	180	1.44115
101	3	1.10837
101	20	1.07063
101	47	0.748259
101	62	1.14429
101	69	0.927758
101	111	0.546334
101	112	0.753279
101	114	1.16685
101	128	1.07955
101	159	1.03432
101	161	0.939835
101	164	1.11682
101	165	0.968874
101	167	1.11811
101	170	0.952801
101	171	0.955955
101	173	0.960026
101	174	0.950379
101	175	0.99775
101	176	0.998294
101	177	0.938617
101	179	0.953641
101	180	0.947002
102	6	1.08234
102	8	0.972588
102	16	1.01548
102	20	0.989556
102	53	1.03075
102	61	1.13345
102	73	1.02469
102	77	0.96093
102	79	1.05424
102	86	0.997949
102	92	0.979397
102	115	0.982157
102	116	1.1067
102	135	1.02128
102	143	0.988782
102	150	1.04431
102	151	1.32346
102	153	0.850992
102	160	0.924788
102	165	1.543
102	175	1.16793
102	176	0.9031
102	178	2.01205
103	7	1.04191
103	22	1.00489
103	59	0.994283
103	65	0.965636
103	72	0.958443
103	74	1.00177
103	82	1.09161
103	90	0.941992
103	93	0.918582
103	95	0.946624
103	96	0.994449
103	97	0.917646
103	98	1.08522
103	100	0.962165
103	105	0.94486
103	113	0.949733
103	118	0.946898
103	119	1.2779
103	127	1.01756
103	128	1.09557
103	163	1.62256
103	165	1.88333
103	167	1.00751
103	175	1.50826
104	69	0.972835
104	81	0.938189
104	91	1.04574
104	94	1.01018
104	109	1.00823
104	111	1.0239
104	112	0.994173
104	126	0.973754
104	130	1.006
104	134	0.989108
104	138	0.966872
104	141	0.966047
104	142	0.945753
104	144	1.02116
104	145	1.00484
104	147	0.986973
104	150	1.04178
104	158	1.09764
104	159	1.403
104	161	0.842108
104	164	1.01664
104	169	1.23579
104	170	1.80388
104	174	1.81566
105	7	1.04185
105	22	1.00484
105	59	0.994229
105	63	0.611218
105	65	0.965582
105	72	0.958389
105	74	1.00172
105	75	0.87741
105	82	1.09156
105	90	0.941938
105	93	0.918528
105	95	0.94657
105	96	0.994395
105	97	0.917592
105	98	1.08516
105	100	0.962111
105	103	0.94486
105	114	0.997121
105	127	1.0175
105	151	1.52225
105	167	1.00746
105	169	1.19339
105	170	1.76149
105	174	1.77326
106	2	1.03669
106	14	1.04421
106	19	0.992069
106	27	0.993647
106	28	0.991995
106	33	0.88506
106	36	0.982402
106	37	0.982402
106	46	0.95064
106	48	0.965259
106	49	1.03258
106	58	1.0136
106	60	0.996098
106	64	0.99329
106	88	0.981083
106	118	0.815035
106	119	1.14604
106	135	1.22974
106	143	0.987233
106	153	1.05946
106	160	1.5053
106	172	0.963639
106	173	1.77018
106	174	1.78293
107	39	0.673949
107	40	0.981386
107	45	1.07434
107	81	0.920261
107	91	1.02781
107	108	0.998168
107	112	0.976245
107	122	0.946407
107	126	0.955826
107	131	0.950381
107	134	0.97118
107	138	0.948944
107	140	1.00294
107	141	0.948119
107	144	1.00324
107	145	0.986912
107	148	0.952935
107	150	1.02385
107	157	1.18815
107	161	0.82418
107	162	2.06522
107	163	1.44153
107	164	0.93474
107	169	1.15389
107	177	1.89638
108	40	1.04474
108	69	1.01826
108	89	0.700104
108	91	1.09116
108	98	0.516864
108	107	0.998168
108	111	1.06933
108	112	1.0396
108	124	1.04403
108	126	1.01918
108	129	1.28259
108	130	1.05142
108	131	1.01374
108	134	1.03454
108	141	1.01148
108	144	1.06659
108	145	1.05027
108	147	1.0324
108	148	1.01629
108	158	0.836469
108	161	0.887537
108	162	1.88595
108	168	1.33882
108	175	1.14796
108	180	1.66477
109	12	1.08427
109	18	1.04006
109	48	1.00184
109	60	1.03268
109	88	1.01766
109	91	1.0833
109	95	0.997065
109	99	1.07996
109	104	1.00823
109	112	1.03174
109	114	1.03395
109	115	1.01719
109	117	1.02138
109	118	0.842198
109	130	1.04356
109	133	1.19608
109	143	1.02381
109	144	1.05873
109	147	1.02454
109	148	1.00843
109	152	1.25513
109	154	1.15438
109	169	1.23023
109	172	1.00022
109	173	1.79734
110	3	1.10495
110	6	0.861006
110	20	1.06721
110	30	0.770572
110	52	0.81828
110	54	1.17051
110	65	1.00493
110	111	0.542909
110	118	1.21189
110	147	0.716988
110	151	1.05975
110	155	1.03282
110	156	1.10222
110	162	0.983333
110	165	0.99813
110	169	1.08525
110	170	0.982057
110	171	0.98521
110	173	0.989282
110	174	0.979634
110	175	1.02701
110	177	0.967873
110	178	0.95426
110	179	0.982897
110	180	0.976258
111	51	0.999564
111	81	0.991426
111	101	0.546334
111	104	1.0239
111	108	1.06933
111	110	0.542909
111	112	1.04741
111	116	1.09847
111	117	1.03705
111	122	1.01757
111	126	1.02699
111	130	1.05923
111	135	1.01636
111	136	1.92495
111	141	1.01928
111	144	1.0744
111	145	1.05808
111	147	1.04021
111	148	1.0241
111	150	1.09501
111	156	0.959905
111	161	0.895344
111	169	0.986379
111	177	1.72886
111	179	1.5621
112	47	0.984549
112	81	0.961695
112	101	0.753279
112	104	0.994173
112	107	0.976245
112	108	1.0396
112	109	1.03174
112	111	1.04741
112	117	1.00732
112	122	0.98784
112	126	0.997259
112	127	0.858158
112	131	0.991814
112	134	1.01261
112	138	0.990377
112	140	1.04437
112	141	0.989552
112	144	1.04467
112	145	1.02835
112	146	1.11659
112	150	1.06528
112	154	1.11748
112	168	1.55752
112	169	1.19332
112	175	1.36666
112	177	1.93581
113	44	1.11125
113	64	1.1401
113	70	0.650942
113	82	0.68852
113	92	1.03353
113	95	1.14531
113	103	0.949733
113	121	1.09385
113	147	0.775264
113	149	1.14041
113	154	1.0439
113	157	1.08588
113	159	1.04207
113	162	0.961821
113	164	1.12456
113	165	0.976618
113	169	1.06373
113	170	0.960545
113	171	0.963698
113	173	0.96777
113	174	0.958122
113	175	1.00549
113	177	0.946361
113	178	0.932748
113	179	0.961385
113	180	0.954746
114	2	0.497309
114	18	0.676386
114	76	1.12011
114	78	1.30649
114	79	0.921689
114	97	1.00213
114	101	1.16685
114	105	0.997121
114	109	1.03395
114	117	1.06575
114	118	1.18336
114	152	1.0645
114	154	1.03688
114	162	0.954807
114	163	1.00042
114	165	0.969604
114	166	0.993371
114	168	0.994403
114	169	1.05672
114	170	0.953531
114	171	0.956684
114	173	0.960756
114	177	0.939347
114	178	0.925734
114	179	0.954371
114	180	0.947732
115	12	1.05566
115	20	0.995978
115	27	1.00162
115	29	0.995541
115	34	0.987515
115	35	1.01712
115	53	1.03717
115	58	1.02157
115	60	1.00407
115	73	1.03111
115	80	1.03138
115	86	1.00437
115	87	0.963851
115	88	0.989055
115	102	0.982157
115	109	1.01719
115	119	1.01996
115	121	1.09539
115	132	1.26267
115	143	0.995204
115	150	1.05073
115	164	0.857836
115	168	1.44119
115	172	0.97161
115	173	1.6441
115	179	1.65271
116	67	1.33768
116	68	1.48617
116	85	0.924811
116	99	1.00166
116	102	1.1067
116	111	1.09847
116	122	1.40508
116	140	1.04889
116	142	1.01384
116	152	0.953479
116	153	1.02291
116	157	0.967848
116	158	1.00728
116	159	0.924035
116	162	0.843788
116	163	0.889403
116	165	0.858586
116	166	0.882353
116	170	0.842512
116	171	0.845666
116	173	0.849738
116	174	0.84009
116	175	0.887462
116	177	0.828329
116	178	0.814716
116	179	0.843353
116	180	0.836713
117	31	0.739164
117	45	1.10542
117	47	0.974189
117	51	0.959473
117	69	0.98598
117	109	1.02138
117	111	1.03705
117	112	1.00732
117	114	1.06575
117	121	1.28042
117	122	0.97748
117	124	1.01174
117	126	0.986899
117	131	0.981454
117	135	0.976267
117	138	0.980017
117	141	0.979192
117	142	0.971987
117	144	1.03431
117	145	1.01799
117	147	1.00012
117	148	0.984008
117	155	1.60986
117	156	1.23555
117	161	0.855253
117	172	1.14906
117	179	1.83775
118	56	0.791055
118	80	0.800708
118	103	0.946898
118	106	0.815035
118	109	0.842198
118	110	1.21189
118	114	1.18336
118	124	0.704892
118	133	1.1118
118	134	0.881354
118	137	1.06592
118	139	1.11767
118	145	0.789331
118	148	0.61851
118	153	1.14971
118	165	0.985385
118	166	1.00915
118	168	1.01018
118	170	0.969312
118	171	0.972465
118	173	0.976537
118	174	0.966889
118	175	1.01426
118	176	1.0148
118	177	0.955128
118	178	0.941515
118	179	0.970152
118	180	0.963513
119	21	1.00537
119	34	0.978941
119	75	1.06026
119	84	1.51333
119	86	0.92444
119	103	1.2779
119	106	1.14604
119	115	1.01996
119	122	1.23596
119	125	0.968274
119	142	1.04438
119	151	0.950746
119	152	0.984021
119	158	1.03782
119	159	0.954577
119	161	0.860088
119	166	0.912894
119	168	0.913926
119	169	0.976244
119	170	0.873054
119	171	0.876208
119	173	0.880279
119	175	0.918003
119	176	0.918547
119	177	0.85887
119	178	0.845257
119	179	0.873894
119	180	0.867255
120	14	0.888977
120	20	1.2224
120	32	1.07428
120	49	0.755505
120	77	1.23017
120	88	0.960492
120	126	0.68897
120	134	0.98111
120	136	0.938481
120	151	1.02354
120	154	1.0292
120	155	0.996607
120	157	1.07118
120	159	1.02737
120	160	1.01302
120	161	0.932877
120	166	0.985684
120	168	0.986715
120	169	1.04903
120	170	0.945843
120	171	0.948997
120	173	0.953069
120	174	0.943421
120	175	0.990793
120	177	0.931659
120	178	0.918047
120	179	0.946684
120	180	0.940044
121	12	1.0968
121	28	1.22557
121	35	0.962733
121	62	1.60273
121	79	1.13636
121	113	1.09385
121	115	1.09539
121	117	1.28042
121	125	0.968006
121	129	0.943761
121	151	0.950479
121	154	0.956139
121	156	0.99295
121	158	1.03755
121	163	0.919677
121	164	1.03681
121	165	0.88886
121	166	0.912627
121	168	0.913658
121	169	0.975976
121	170	0.872786
121	171	0.87594
121	173	0.880012
121	176	0.918279
121	177	0.858603
121	178	0.84499
121	179	0.873627
121	180	0.866988
122	10	1.03068
122	94	1.00385
122	95	0.953168
122	107	0.946407
122	111	1.01757
122	112	0.98784
122	116	1.40508
122	117	0.97748
122	119	1.23596
122	124	0.992264
122	126	0.967421
122	130	0.999663
122	131	0.961976
122	134	0.982775
122	135	0.956789
122	141	0.959714
122	144	1.01483
122	145	0.998507
122	147	0.98064
122	148	0.96453
122	150	1.03544
122	152	1.31789
122	160	1.59522
122	161	0.835775
122	164	1.07383
122	167	1.0957
122	169	1.29299
122	172	1.18002
123	1	0.927892
123	40	1.10303
123	67	1.18705
123	124	1.05439
123	126	0.938711
123	143	0.901242
123	149	1.0594
123	150	1.05793
123	152	0.990506
123	154	0.962892
123	155	0.930302
123	157	1.00487
123	163	0.92643
123	164	1.04356
123	166	0.919379
123	168	0.920411
123	169	0.982729
123	170	0.879539
123	171	0.882693
123	172	0.98712
123	173	0.886764
123	174	0.877117
123	175	0.924488
123	176	0.925032
123	177	0.865355
123	178	0.851742
123	179	0.880379
123	180	0.87374
124	1	1.06773
124	11	1.07222
124	24	1.03141
124	30	1.02318
124	32	1.02772
124	56	1.02422
124	57	1.0285
124	66	0.994287
124	71	0.994389
124	83	0.624763
124	87	0.97978
124	94	1.03811
124	108	1.04403
124	117	1.01174
124	118	0.704892
124	122	0.992264
124	123	1.05439
124	134	1.01704
124	136	0.875641
124	138	0.994801
124	141	0.993976
124	145	1.03277
124	147	1.0149
124	148	0.998792
124	164	0.873766
124	170	1.66101
124	175	1.26625
124	176	1.39277
124	179	1.66864
125	14	1.45629
125	49	1.32282
125	76	1.00128
125	80	1.46777
125	100	1.03004
125	119	0.968274
125	121	0.968006
125	132	0.941517
125	137	0.931312
125	141	1.2677
125	142	1.00603
125	143	1.21881
125	155	0.885464
125	156	0.954864
125	159	0.916223
125	162	0.835976
125	165	0.850774
125	166	0.874541
125	169	0.93789
125	170	0.8347
125	171	0.837854
125	173	0.841926
125	174	0.832278
125	175	0.87965
125	177	0.820517
125	178	0.806904
125	179	0.835541
125	180	0.828901
126	10	1.0401
126	45	1.09536
126	69	0.975922
126	81	0.941276
126	94	1.01327
126	104	0.973754
126	107	0.955826
126	108	1.01918
126	111	1.02699
126	112	0.997259
126	117	0.986899
126	120	0.68897
126	122	0.967421
126	123	0.938711
126	130	1.00908
126	131	0.971395
126	134	0.992195
126	138	0.969958
126	144	1.02425
126	145	1.00793
126	147	0.99006
126	148	0.97395
126	149	0.775191
126	150	1.04486
126	159	1.14445
126	163	1.26487
126	165	1.52565
126	171	1.51633
126	174	1.55711
126	177	1.71972
127	12	0.743243
127	50	1.06378
127	51	1.22006
127	59	1.06693
127	73	0.76023
127	82	1.16426
127	84	1.2352
127	90	1.01464
127	93	0.991227
127	96	1.06709
127	97	0.990291
127	100	1.03481
127	103	1.01756
127	105	1.0175
127	112	0.858158
127	143	0.604608
127	145	0.842194
127	150	0.761294
127	157	1.04018
127	159	0.996365
127	162	0.916118
127	163	0.961733
127	164	1.07886
127	167	1.08015
127	168	0.955714
127	174	0.91242
127	175	0.959791
127	178	0.887045
127	179	0.915682
127	180	0.909043
128	26	0.664422
128	43	1.24653
128	65	1.20905
128	83	1.06945
128	101	1.07955
128	103	1.09557
128	134	1.03003
128	137	0.962846
128	139	1.01459
128	142	1.03756
128	144	0.781812
128	146	1.01669
128	147	0.921105
128	150	0.857107
128	151	0.943927
128	153	1.04663
128	158	1.031
128	159	0.947757
128	164	1.03025
128	165	0.882308
128	168	0.907106
128	169	0.969424
128	171	0.869388
128	172	0.973815
128	174	0.863812
128	175	0.911184
128	177	0.852051
128	178	0.838438
128	179	0.867075
128	180	0.860436
129	1	1.27439
129	81	1.65639
129	108	1.28259
129	121	0.943761
129	130	1.28348
129	136	0.803093
129	139	0.95881
129	140	1.24476
129	141	1.29662
129	152	0.921422
129	153	0.990849
129	155	0.861219
129	158	0.97522
129	159	0.891978
129	164	0.974475
129	165	0.826529
129	167	0.975767
129	168	0.851327
129	169	0.913645
129	170	0.810455
129	171	0.813609
129	172	0.918036
129	173	0.817681
129	174	0.808033
129	175	0.855405
129	176	0.855948
129	177	0.796271
129	178	0.782659
129	179	0.811296
129	180	0.804656
130	40	1.03464
130	45	1.1276
130	47	0.996372
130	69	1.00816
130	87	0.862376
130	91	1.08106
130	94	1.04551
130	104	1.006
130	108	1.05142
130	109	1.04356
130	111	1.05923
130	122	0.999663
130	126	1.00908
130	129	1.28348
130	131	1.00364
130	134	1.02444
130	136	1.91409
130	138	1.0022
130	140	1.05619
130	141	1.00138
130	144	1.05649
130	145	1.04017
130	147	1.0223
130	148	1.00619
130	158	0.83736
130	159	1.14272
130	163	1.26315
130	164	0.756361
130	166	1.41383
130	167	0.778231
130	171	1.51461
131	17	1.61313
131	40	0.996955
131	42	1.05702
131	69	0.970476
131	83	0.725438
131	91	1.04338
131	94	1.00782
131	95	0.957142
131	99	1.04333
131	107	0.950381
131	108	1.01374
131	112	0.991814
131	117	0.981454
131	122	0.961976
131	126	0.971395
131	130	1.00364
131	134	0.986749
131	138	0.964513
131	140	1.01851
131	141	0.963688
131	145	1.00248
131	147	0.984615
131	148	0.968505
131	150	1.03942
131	152	1.2185
131	158	1.05544
131	161	0.839749
131	166	1.63191
131	167	0.996311
131	171	1.73269
131	172	1.08063
132	30	1.39972
132	57	1.16787
132	59	1.1678
132	61	1.11473
132	115	1.26267
132	125	0.941517
132	137	0.942908
132	139	0.994652
132	144	1.20685
132	145	1.36304
132	149	1.02616
132	151	0.923989
132	152	0.957263
132	157	0.971633
132	162	0.847573
132	163	0.893188
132	164	1.01032
132	165	0.86237
132	166	0.886137
132	168	0.887169
132	169	0.949487
132	170	0.846297
132	171	0.849451
132	172	0.953878
132	173	0.853522
132	174	0.843874
132	176	0.89179
132	177	0.832113
132	178	0.8185
132	179	0.847137
132	180	0.840498
133	16	1.06981
133	22	0.98402
133	53	1.06443
133	69	1.33365
133	72	1.20702
133	85	0.964265
133	97	1.16425
133	109	1.19608
133	118	1.1118
133	148	0.972389
133	149	1.06183
133	151	0.959658
133	152	0.992933
133	155	0.93273
133	158	1.04673
133	159	0.963489
133	160	0.949147
133	161	0.869
133	162	0.883242
133	166	0.921807
133	167	1.04728
133	168	0.922838
133	169	0.985156
133	171	0.88512
133	173	0.889192
133	174	0.879544
133	175	0.926916
133	177	0.867782
133	178	0.85417
133	179	0.882807
133	180	0.876167
134	42	1.07782
134	45	1.11071
134	47	0.979484
134	51	0.964769
134	63	0.687206
134	74	1.05623
134	75	0.953399
134	76	0.988541
134	81	0.95663
134	91	1.06418
134	94	1.02862
134	104	0.989108
134	107	0.97118
134	108	1.03454
134	112	1.01261
134	118	0.881354
134	120	0.98111
134	122	0.982775
134	124	1.01704
134	126	0.992195
134	128	1.03003
134	130	1.02444
134	131	0.986749
134	135	0.981563
134	138	0.985312
134	144	1.03961
134	145	1.02328
134	147	1.00541
134	148	0.989304
134	149	1.06733
134	154	1.19354
134	161	0.860549
134	180	1.95953
135	19	1.21163
135	56	1.20576
135	61	0.955722
135	82	1.10039
135	84	1.59704
135	102	1.02128
135	106	1.22974
135	111	1.01636
135	117	0.976267
135	122	0.956789
135	134	0.981563
135	138	0.959326
135	143	0.96645
135	144	1.01362
135	145	0.997295
135	147	0.979428
135	148	0.963318
135	150	1.03423
135	154	0.930881
135	156	0.967692
135	157	0.972864
135	161	0.834562
135	163	0.894419
135	166	0.887369
135	169	0.950718
135	172	0.955109
135	173	0.854754
135	175	0.892478
135	177	0.833344
135	178	0.819732
135	179	0.848369
135	180	0.841729
136	1	0.916847
136	3	0.924758
136	11	0.921332
136	24	0.880523
136	30	0.872298
136	32	0.87684
136	34	1.97454
136	38	0.881389
136	42	1.59744
136	54	0.920569
136	56	0.873334
136	57	0.877615
136	66	0.843403
136	71	0.843504
136	111	1.92495
136	120	0.938481
136	124	0.875641
136	129	0.803093
136	130	1.91409
136	140	1.87537
136	155	0.782882
136	161	0.719152
136	163	0.779009
136	164	0.896138
136	165	0.748192
136	166	0.771959
136	175	0.777068
136	176	0.777611
136	177	0.717934
136	178	0.704322
136	179	0.732959
136	180	0.726319
137	32	1.26339
137	36	1.23112
137	41	1.02996
137	60	1.13541
137	62	1.48516
137	64	1.42612
137	118	1.06592
137	125	0.931312
137	128	0.962846
137	132	0.942908
137	139	0.984446
137	143	0.840605
137	148	0.907369
137	149	1.01596
137	150	0.99729
137	152	0.947058
137	153	1.01649
137	154	0.919445
137	156	0.956255
137	158	1.00086
137	162	0.837368
137	163	0.882982
137	164	1.00011
137	166	0.875932
137	170	0.836092
137	171	0.839245
137	173	0.843317
137	174	0.833669
137	175	0.881041
137	176	0.881584
137	177	0.821908
137	178	0.808295
137	179	0.836932
137	180	0.830293
138	40	0.995518
138	42	1.05558
138	45	1.08847
138	47	0.957248
138	69	0.969039
138	91	1.04194
138	94	1.00638
138	95	0.955705
138	104	0.966872
138	107	0.948944
138	112	0.990377
138	117	0.980017
138	124	0.994801
138	126	0.969958
138	130	1.0022
138	131	0.964513
138	134	0.985312
138	135	0.959326
138	139	0.947892
138	140	1.01707
138	141	0.962251
138	144	1.01737
