1	7	1.20788
1	52	1.14994
1	67	1.34563
1	70	1.18321
1	72	1.06267
1	81	1.27764
1	108	0.716181
1	123	0.776255
1	142	1.17303
1	158	0.712834
1	168	0.746937
1	175	0.832207
2	21	1.18245
2	26	1.16525
2	58	1.15648
2	88	1.18023
2	97	1.2969
2	109	1.21882
2	135	0.816449
2	151	1.19986
2	160	0.696161
2	166	0.739707
2	167	0.801566
2	176	0.731178
3	60	1.27124
3	85	1.18667
3	90	1.14651
3	93	1.20485
3	126	0.801036
3	138	0.725178
3	142	1.19946
3	147	0.747736
3	150	0.826706
3	151	1.18522
3	159	1.20604
3	168	0.683347
4	40	1.18833
4	48	1.45464
4	55	1.30014
4	57	1.26014
4	71	1.1811
4	105	0.756013
4	132	0.612294
4	145	1.31565
4	171	0.740777
4	176	0.678026
4	177	0.697946
5	43	1.42434
5	44	1.19283
5	66	1.06533
5	76	1.13533
5	79	1.13533
5	82	1.20533
5	102	0.812227
5	117	0.725754
5	133	0.739469
5	136	0.730878
5	158	1.2415
5	172	0.777654
6	60	1.26649
6	73	1.16391
6	89	1.24599
6	90	1.14176
6	93	1.20009
6	143	0.756665
6	151	1.18047
6	159	1.20128
6	160	0.732738
6	161	0.729438
6	163	0.728669
6	178	0.837479
7	1	1.20788
7	34	0.701474
7	70	1.2175
7	72	1.09696
7	81	1.31192
7	109	1.21205
7	130	1.14638
7	142	1.20732
7	148	0.736721
7	162	0.737269
7	167	0.830449
7	177	0.779981
8	68	0.882341
8	112	1.0982
8	115	1.02758
8	118	1.06543
8	119	1.06489
8	121	1.04276
8	128	1.02018
8	129	1.01518
8	137	1.06578
8	147	1.00961
8	158	0.911121
8	168	0.945224
9	34	1.33001
9	40	1.12419
9	41	1.14534
9	55	1.236
9	57	1.19599
9	71	1.11696
9	114	0.757452
9	132	0.674496
9	145	1.25151
9	171	0.802978
9	176	0.740227
9	178	0.809951
10	69	1.21413
10	84	1.23569
10	86	1.18562
10	125	1.17894
10	131	0.688651
10	136	1.18806
10	140	0.778641
10	143	0.723663
10	153	1.17011
10	160	1.22745
10	164	0.757008
10	174	0.835919
11	42	1.10409
11	58	0.974755
11	63	1.12967
11	64	1.01256
11	88	0.998504
11	97	1.11517
11	105	0.948324
11	138	0.885464
11	145	1.04711
11	151	1.01813
11	170	0.879517
11	180	1.03427
12	39	0.645966
12	42	0.616646
12	46	0.71195
12	62	0.757449
12	131	1.28338
12	142	0.681858
12	169	1.20385
12	175	1.20193
12	176	1.23688
12	178	1.18553
12	179	1.1595
12	180	1.12894
13	17	1.1458
13	34	0.64048
13	52	1.17214
13	67	1.36783
13	72	1.08487
13	81	1.29984
13	130	1.13429
13	135	0.784338
13	142	1.19523
13	150	0.815721
13	167	0.769454
13	169	0.776393
14	30	1.10321
14	36	1.27467
14	47	1.19963
14	61	1.2973
14	74	1.17528
14	75	1.17528
14	117	0.692296
14	134	1.17463
14	165	0.732987
14	169	0.786759
14	173	0.761522
14	174	0.810598
15	56	1.19506
15	87	1.18591
15	92	1.13176
15	94	1.2212
15	99	1.19312
15	105	0.806713
15	127	0.868486
15	152	1.23936
15	155	0.676541
15	161	1.23358
15	168	0.702021
15	176	0.728726
16	31	1.28418
16	40	1.09941
16	41	1.12056
16	48	1.36572
16	55	1.21122
16	71	1.09218
16	145	1.22673
16	155	0.661592
16	157	0.850785
16	162	0.690986
16	177	0.733698
16	179	0.847797
17	13	1.1458
17	52	1.09994
17	67	1.29563
17	70	1.13321
17	72	1.01267
17	81	1.22764
17	130	1.06209
17	138	0.788808
17	140	0.817569
17	141	0.806636
17	142	1.12303
17	163	0.734595
17	180	0.937618
18	111	1.19674
18	112	1.17095
18	118	1.13817
18	121	1.1155
18	124	1.10528
18	127	0.91318
18	128	1.09292
18	133	0.769998
18	137	1.13853
18	154	0.742261
18	159	1.14192
18	173	0.82551
18	175	0.831985
19	37	1.22604
19	38	1.047
19	47	1.13182
19	49	1.14388
19	61	1.22949
19	74	1.10747
19	75	1.10747
19	134	1.10682
19	158	0.763296
19	166	0.832633
19	168	0.797399
19	170	0.833283
19	172	0.858867
20	36	0.00174682
20	56	1.30423
20	87	1.29508
20	95	1.28637
20	96	1.28637
20	99	1.30229
20	108	0.756602
20	125	0.836439
20	134	1.2829
20	135	0.899334
20	144	0.838194
20	161	1.34275
20	168	0.787358
21	2	1.18245
21	28	1.03816
21	64	1.12103
21	88	1.10697
21	97	1.22364
21	109	1.14556
21	145	1.15558
21	151	1.1266
21	165	0.781184
21	168	0.730924
21	169	0.834956
21	175	0.816193
21	180	0.921566
22	73	1.11264
22	85	1.13065
22	89	1.19472
22	90	1.09049
22	93	1.14883
22	142	1.14344
22	151	1.1292
22	159	1.15002
22	163	0.749193
22	167	0.858668
22	172	0.823043
22	175	0.846844
22	177	0.8082
23	78	1.11223
23	98	1.16471
23	100	1.12506
23	101	1.12506
23	103	1.17506
23	146	1.10737
23	152	1.17161
23	153	1.11891
23	157	0.892325
23	164	0.777572
23	169	0.832644
23	173	0.807407
23	177	0.775237
24	53	1.12622
24	78	1.10954
24	98	1.16202
24	100	1.12236
24	101	1.12236
24	103	1.17236
24	149	0.797148
24	152	1.16892
24	153	1.11621
24	161	0.776672
24	165	0.838544
24	166	0.823518
24	172	0.849752
25	65	1.16323
25	80	1.11287
25	84	1.18438
25	86	1.13431
25	130	1.0735
25	136	1.13675
25	141	0.816604
25	143	0.77256
25	153	1.1188
25	157	0.920658
25	160	1.17615
25	166	0.792179
25	176	0.78365
26	2	1.16525
26	58	1.06602
26	63	1.22094
26	64	1.10382
26	88	1.08977
26	97	1.20643
26	110	0.890755
26	140	0.816543
26	145	1.13838
26	149	0.754814
26	151	1.10939
26	166	0.781185
26	167	0.843043
27	35	1.26524
27	98	1.24285
27	100	1.2032
27	101	1.2032
27	103	1.2532
27	126	0.754671
27	146	1.18551
27	152	1.24975
27	153	1.19705
27	172	0.698449
27	174	0.764852
27	175	0.722251
27	177	0.683606
27	179	0.797706
28	21	1.03816
28	42	1.14153
28	63	1.16711
28	64	1.05
28	88	1.03594
28	97	1.15261
28	109	1.07453
28	114	0.90731
28	145	1.08455
28	147	0.927769
28	151	1.05557
28	154	0.858926
28	155	0.8379
28	163	0.850999
29	65	1.1118
29	69	1.1114
29	80	1.06145
29	84	1.13296
29	86	1.08289
29	120	0.905893
29	130	1.02208
29	133	0.88746
29	136	1.08533
29	153	1.06738
29	154	0.859723
29	155	0.838697
29	160	1.12472
29	176	0.890882
30	14	1.10321
30	36	1.14395
30	37	1.16313
30	38	0.984097
30	47	1.06892
30	49	1.08098
30	61	1.16659
30	74	1.04456
30	75	1.04456
30	120	0.839662
30	126	0.915635
30	141	0.857606
30	173	0.876741
30	178	0.894375
31	16	1.28418
31	40	1.13209
31	41	1.15324
31	48	1.3984
31	55	1.2439
31	57	1.2039
31	71	1.12486
31	126	0.798624
31	132	0.641909
31	145	1.25942
31	154	0.676481
31	166	0.71617
31	167	0.778028
31	174	0.808806
32	98	1.25224
32	100	1.21258
32	101	1.21258
32	103	1.26258
32	105	0.772564
32	120	1.19954
32	138	0.709703
32	146	1.1949
32	147	0.732261
32	152	1.25914
32	153	1.20643
32	164	0.716831
32	165	0.718131
32	169	0.771904
33	56	1.08902
33	87	1.07987
33	92	1.02571
33	94	1.11516
33	95	1.07116
33	96	1.07116
33	99	1.08707
33	117	0.833337
33	135	0.935744
33	152	1.13332
33	156	0.845282
33	161	1.12754
33	176	0.850474
33	178	0.920197
34	7	0.701474
34	9	1.33001
34	13	0.64048
34	39	0.672414
34	57	1.22495
34	61	0.637601
34	71	1.14592
34	99	0.741195
34	107	0.657504
34	145	1.28047
34	174	1.17978
34	176	1.24743
34	177	1.25195
34	180	1.13949
35	27	1.26524
35	50	1.21152
35	53	1.21939
35	68	0.659391
35	100	1.21554
35	101	1.21554
35	103	1.26554
35	117	0.731842
35	133	0.745557
35	146	1.19785
35	147	0.786663
35	149	0.731138
35	153	1.20939
35	177	0.768899
36	14	1.27467
36	20	0.00174682
36	30	1.14395
36	38	1.15555
36	47	1.24037
36	61	1.33804
36	74	1.21602
36	75	1.21602
36	134	1.21537
36	148	0.789279
36	171	0.875369
36	177	0.832538
36	179	0.946638
36	180	0.976555
37	19	1.22604
37	30	1.16313
37	38	1.17473
37	47	1.25955
37	49	1.27161
37	74	1.2352
37	75	1.2352
37	132	0.684463
37	134	1.23455
37	149	0.732353
37	162	0.727403
37	168	0.723489
37	172	0.784958
37	177	0.770115
38	19	1.047
38	30	0.984097
38	36	1.15555
38	37	1.17473
38	49	1.09258
38	61	1.17819
38	74	1.05617
38	75	1.05617
38	123	0.892606
38	134	1.05552
38	139	0.844807
38	154	0.858834
38	155	0.837808
38	175	0.948558
39	12	0.645966
39	34	0.672414
39	51	1.22124
39	85	1.21514
39	89	1.27921
39	90	1.17498
39	93	1.23331
39	114	0.748226
39	142	1.22793
39	151	1.21369
39	159	1.2345
39	164	0.753256
39	166	0.739531
39	175	0.789566
40	4	1.18833
40	9	1.12419
40	16	1.09941
40	31	1.13209
40	41	0.968472
40	48	1.21364
40	55	1.05914
40	71	0.940095
40	136	0.802908
40	139	0.769735
40	145	1.07465
40	178	0.884645
40	179	0.948941
40	180	0.978858
41	9	1.14534
41	16	1.12056
41	31	1.15324
41	40	0.968472
41	48	1.23479
41	55	1.08029
41	57	1.04028
41	71	0.961245
41	122	0.811608
41	145	1.0958
41	149	0.796151
41	157	0.951
41	172	0.848755
41	180	0.977929
42	11	1.10409
42	12	0.616646
42	28	1.14153
42	58	1.18659
42	63	1.34151
42	88	1.21034
42	97	1.32701
42	105	0.779667
42	125	0.724056
42	144	0.725811
42	145	1.25895
42	151	1.22997
42	176	0.701681
42	179	0.835701
43	5	1.42434
43	46	1.40135
43	66	1.30363
43	76	1.37363
43	79	1.37363
43	82	1.44363
43	110	0.742641
43	131	0.578438
43	140	0.668428
43	148	0.601201
43	156	0.619349
43	158	1.4798
43	162	0.601749
43	164	0.646795
44	5	1.19283
44	45	1.19325
44	46	1.16984
44	66	1.07213
44	76	1.14213
44	79	1.14213
44	82	1.21213
44	126	1.12726
44	132	0.711534
44	147	0.81495
44	148	0.753926
44	158	1.2483
44	162	0.754474
44	171	0.840016
44	178	0.846989
45	44	1.19325
45	46	1.16346
45	66	1.06575
45	76	1.13575
45	79	1.13575
45	82	1.20575
45	107	1.23751
45	126	1.12087
45	138	0.767372
45	158	1.24192
45	161	0.713929
45	162	0.729454
45	171	0.814997
45	175	0.81081
45	179	0.886266
46	12	0.71195
46	43	1.40135
46	44	1.16984
46	45	1.16346
46	66	1.04234
46	76	1.11234
46	79	1.11234
46	82	1.18234
46	122	0.7946
46	126	1.09747
46	154	0.765826
46	158	1.21851
46	161	0.758668
46	175	0.855549
46	176	0.796985
47	14	1.19963
47	19	1.13182
47	30	1.06892
47	36	1.24037
47	37	1.25955
47	49	1.1774
47	74	1.14099
47	75	1.14099
47	104	0.94518
47	131	0.916743
47	134	1.14033
47	144	0.986976
47	153	0.00191552
47	154	0.931686
47	155	0.91066
48	4	1.45464
48	16	1.36572
48	31	1.3984
48	40	1.21364
48	41	1.23479
48	57	1.28544
48	71	1.20641
48	102	0.728699
48	123	0.661975
48	145	1.34096
48	155	0.607177
48	160	0.624345
48	172	0.694125
48	173	0.711452
48	178	0.729086
49	19	1.14388
49	30	1.08098
49	37	1.27161
49	38	1.09258
49	47	1.1774
49	61	1.27507
49	74	1.15305
49	75	1.15305
49	134	1.15239
49	144	0.786155
49	147	0.799709
49	148	0.738685
49	168	0.735319
49	172	0.796787
49	174	0.863191
50	35	1.21152
50	78	1.13665
50	98	1.18913
50	100	1.14948
50	101	1.14948
50	103	1.19948
50	110	0.840179
50	114	0.739304
50	120	1.13644
50	122	0.719694
50	126	0.813063
50	127	0.861838
50	144	0.746209
50	146	1.13179
50	152	1.19603
51	39	1.22124
51	73	1.13499
51	85	1.153
51	89	1.21707
51	90	1.11284
51	93	1.17117
51	117	0.722809
51	139	0.694759
51	142	1.16578
51	151	1.15155
51	159	1.17236
51	173	0.792035
51	175	0.79851
51	178	0.809669
51	180	0.903882
52	1	1.14994
52	13	1.17214
52	17	1.09994
52	67	1.32197
52	70	1.15955
52	72	1.03901
52	81	1.25398
52	108	0.705051
52	109	1.1541
52	135	0.847783
52	142	1.14937
52	168	0.735807
52	170	0.771691
52	172	0.797275
52	174	0.863678
53	24	1.12622
53	35	1.21939
53	78	1.14452
53	98	1.197
53	100	1.15734
53	101	1.15734
53	102	0.818247
53	103	1.20734
53	125	0.771286
53	143	0.73782
53	146	1.13966
53	153	1.15119
53	167	0.819298
53	175	0.807475
53	177	0.76883
54	59	1.11057
54	77	1.27142
54	92	1.09527
54	94	1.18471
54	95	1.14072
54	96	1.14072
54	99	1.15663
54	140	0.807882
54	149	0.746153
54	152	1.20287
54	158	0.703186
54	161	1.19709
54	170	0.773174
54	171	0.826745
54	174	0.865161
55	4	1.30014
55	9	1.236
55	16	1.21122
55	31	1.2439
55	40	1.05914
55	41	1.08029
55	57	1.13094
55	71	1.05191
55	145	1.18646
55	147	0.756553
55	150	0.835523
55	169	0.796195
55	170	0.728047
55	172	0.753631
55	179	0.852888
56	15	1.19506
56	20	1.30423
56	33	1.08902
56	92	1.09469
56	94	1.18414
56	95	1.14014
56	96	1.14014
56	99	1.15605
56	120	0.746957
56	150	0.848601
56	157	0.868954
56	161	1.19652
56	162	0.709154
56	166	0.740476
56	169	0.809273
57	4	1.26014
57	9	1.19599
57	31	1.2039
57	34	1.22495
57	41	1.04028
57	48	1.28544
57	55	1.13094
57	71	1.0119
57	138	0.744599
57	145	1.14645
57	165	0.753027
57	168	0.702767
57	172	0.764235
57	179	0.863492
57	180	0.893409
58	2	1.15648
58	11	0.974755
58	26	1.06602
58	42	1.18659
58	63	1.21217
58	64	1.09506
58	68	0.737795
58	88	1.081
58	97	1.19767
58	127	0.967142
58	139	0.782196
58	145	1.12961
58	149	0.809541
58	151	1.10063
58	167	0.89777
58	176	0.827383
59	54	1.11057
59	77	1.22284
59	92	1.04669
59	94	1.13613
59	95	1.09213
59	96	1.09213
59	99	1.10805
59	108	0.768626
59	134	1.08866
59	152	1.15429
59	161	1.14851
59	162	0.803296
59	163	0.787002
59	168	0.799383
59	169	0.903415
59	179	0.960108
60	3	1.27124
60	6	1.26649
60	73	1.21346
60	85	1.23147
60	89	1.29554
60	90	1.19131
60	93	1.24964
60	120	0.724434
60	136	0.697411
60	138	0.724551
60	151	1.23002
60	159	1.25083
60	160	0.674407
60	165	0.732979
60	169	0.786751
60	170	0.718603
61	14	1.2973
61	19	1.22949
61	30	1.16659
61	34	0.637601
61	36	1.33804
61	38	1.17819
61	49	1.27507
61	74	1.23866
61	75	1.23866
61	133	0.692767
61	134	1.238
61	136	0.684175
61	148	0.672849
61	171	0.758939
61	177	0.716108
61	180	0.860125
62	12	0.757449
62	106	1.14029
62	113	1.16188
62	115	1.09765
62	118	1.13551
62	119	1.13496
62	121	1.11283
62	128	1.09025
62	129	1.08526
62	135	0.927755
62	137	1.13586
62	146	1.1055
62	147	0.880169
62	149	0.824643
62	155	0.790299
62	161	0.804168
63	11	1.12967
63	26	1.22094
63	28	1.16711
63	42	1.34151
63	58	1.21217
63	88	1.23592
63	97	1.35259
63	110	0.80938
63	145	1.28453
63	151	1.25555
63	162	0.668488
63	163	0.652193
63	165	0.714834
63	166	0.699809
63	171	0.754031
63	178	0.761003
64	11	1.01256
64	21	1.12103
64	26	1.10382
64	28	1.05
64	58	1.09506
64	88	1.11881
64	97	1.23548
64	109	1.1574
64	126	0.851591
64	145	1.16742
64	149	0.742766
64	150	0.877262
64	151	1.13843
64	154	0.729448
64	179	0.894627
64	180	0.924544
65	25	1.16323
65	29	1.1118
65	69	1.22963
65	80	1.17968
65	84	1.25119
65	86	1.20112
65	105	0.790544
65	125	1.19445
65	127	0.852317
65	130	1.14031
65	153	1.18562
65	158	0.651749
65	160	1.24296
65	170	0.721737
65	176	0.712558
65	178	0.782281
65	179	0.846577
66	5	1.06533
66	43	1.30363
66	44	1.07213
66	45	1.06575
66	46	1.04234
66	76	1.01463
66	79	1.01463
66	82	1.08463
66	107	1.11639
66	126	0.999753
66	136	0.865533
66	139	0.83236
66	158	1.1208
66	162	0.854754
66	164	0.899801
66	171	0.940297
66	173	0.929636
67	1	1.34563
67	13	1.36783
67	17	1.29563
67	52	1.32197
67	70	1.35525
67	72	1.23471
67	109	1.3498
67	110	0.747324
67	130	1.28413
67	140	0.673112
67	142	1.34507
67	143	0.618133
67	156	0.624033
67	161	0.590907
67	164	0.651478
67	178	0.698947
67	180	0.793161
68	8	0.882341
68	35	0.659391
68	58	0.737795
68	97	0.655072
68	106	0.688521
68	118	0.685674
68	149	1.2491
68	154	1.23027
68	159	0.642489
68	168	1.24283
68	174	1.14843
68	175	1.18113
68	176	1.21608
68	177	1.22059
68	178	1.16473
68	179	1.1387
68	180	1.10814
69	10	1.21413
69	29	1.1114
69	65	1.22963
69	80	1.17928
69	86	1.20071
69	120	0.766012
69	125	1.19404
69	130	1.13991
69	136	1.20315
69	149	0.733161
69	153	1.18521
69	158	0.690194
69	160	1.24255
69	161	0.712685
69	166	0.759531
69	171	0.813753
69	179	0.885022
70	1	1.18321
70	7	1.2175
70	17	1.13321
70	52	1.15955
70	67	1.35525
70	72	1.07229
70	81	1.28725
70	108	0.674742
70	109	1.18738
70	123	0.734816
70	125	0.754579
70	130	1.12171
70	142	1.18265
70	167	0.802591
70	170	0.741383
70	173	0.784293
70	179	0.866223
71	4	1.1811
71	9	1.11696
71	16	1.09218
71	31	1.12486
71	34	1.14592
71	40	0.940095
71	41	0.961245
71	48	1.20641
71	55	1.05191
71	57	1.0119
71	145	1.06742
71	150	0.933928
71	154	0.786114
71	157	0.954281
71	163	0.778187
71	178	0.886997
71	180	0.98121
72	1	1.06267
72	7	1.09696
72	13	1.08487
72	17	1.01267
72	52	1.03901
72	67	1.23471
72	70	1.07229
72	81	1.16671
72	109	1.06684
72	130	1.00117
72	132	0.823758
72	142	1.06211
72	160	0.854472
72	165	0.913044
72	170	0.898668
72	173	0.941579
72	176	0.889489
73	6	1.16391
73	22	1.11264
73	51	1.13499
73	60	1.21346
73	85	1.12889
73	89	1.19296
73	90	1.08873
73	93	1.14706
73	102	0.855973
73	120	0.801646
73	136	0.774623
73	142	1.14167
73	147	0.82432
73	151	1.12744
73	159	1.14825
73	163	0.747549
73	165	0.81019
73	175	0.8452
74	14	1.17528
74	19	1.10747
74	30	1.04456
74	36	1.21602
74	37	1.2352
74	38	1.05617
74	47	1.14099
74	49	1.15305
74	61	1.23866
74	75	1.11663
74	134	1.11598
74	150	0.893313
74	156	0.771467
74	165	0.800212
74	166	0.785187
74	170	0.785837
74	176	0.776658
74	178	0.846381
75	14	1.17528
75	19	1.10747
75	30	1.04456
75	36	1.21602
75	37	1.2352
75	38	1.05617
75	47	1.14099
75	49	1.15305
75	61	1.23866
75	74	1.11663
75	131	0.764856
75	134	1.11598
75	136	0.798945
75	148	0.787618
75	155	0.758773
75	170	0.820137
75	172	0.845721
75	178	0.880681
76	5	1.13533
76	43	1.37363
76	44	1.14213
76	45	1.13575
76	46	1.11234
76	66	1.01463
76	79	1.08463
76	82	1.15463
76	107	1.18639
76	126	1.06975
76	141	0.808617
76	144	0.799792
76	157	0.91267
76	158	1.1908
76	166	0.784192
76	168	0.748957
76	173	0.827752
76	176	0.775662
77	54	1.27142
77	59	1.22284
77	87	1.26169
77	92	1.20754
77	94	1.29698
77	95	1.25299
77	96	1.25299
77	99	1.2689
77	114	0.705708
77	134	1.24951
77	139	0.643296
77	141	0.721437
77	147	0.726167
77	152	1.31514
77	160	0.653466
77	167	0.75887
77	170	0.697662
77	174	0.789649
78	23	1.11223
78	24	1.10954
78	50	1.13665
78	53	1.14452
78	98	1.18032
78	100	1.14067
78	101	1.14067
78	103	1.19067
78	116	0.00972609
78	123	0.885922
78	131	0.837207
78	146	1.12299
78	152	1.18722
78	153	1.13452
78	173	0.935399
78	174	0.984475
78	178	0.953033
78	180	1.04725
79	5	1.13533
79	43	1.37363
79	44	1.14213
79	45	1.13575
79	46	1.11234
79	66	1.01463
79	76	1.08463
79	82	1.15463
79	107	1.18639
79	126	1.06975
79	133	0.783946
79	138	0.802495
79	155	0.735183
79	158	1.1908
79	165	0.810923
79	167	0.857756
79	172	0.822131
79	175	0.845933
80	25	1.11287
80	29	1.06145
80	65	1.17968
80	69	1.17928
80	84	1.20084
80	86	1.15077
80	120	0.735181
80	125	1.14409
80	126	0.811155
80	130	1.08996
80	135	0.805442
80	136	1.1532
80	153	1.13526
80	157	0.857178
80	160	1.1926
80	165	0.743725
80	174	0.821337
80	180	0.884107
81	1	1.27764
81	7	1.31192
81	13	1.29984
81	17	1.22764
81	52	1.25398
81	70	1.28725
81	72	1.16671
81	109	1.2818
81	130	1.21614
81	133	0.69638
81	139	0.654616
81	142	1.27708
81	149	0.681961
81	158	0.638994
81	166	0.708332
81	173	0.751892
81	176	0.699802
81	180	0.863739
82	5	1.20533
82	43	1.44363
82	44	1.21213
82	45	1.20575
82	46	1.18234
82	66	1.08463
82	76	1.15463
82	79	1.15463
82	107	1.25639
82	123	0.739363
82	126	1.13975
82	136	0.724737
82	158	1.2608
82	162	0.713958
82	168	0.710045
82	170	0.745929
82	171	0.799501
82	177	0.75667
82	178	0.806473
83	111	1.17096
83	112	1.14517
83	113	1.13876
83	115	1.07454
83	116	1.13079
83	118	1.11239
83	121	1.08972
83	124	1.0795
83	128	1.06714
83	129	1.06214
83	137	1.11275
83	140	0.869981
83	156	0.820902
83	157	0.963101
83	159	1.11614
83	161	0.787777
83	163	0.787007
83	167	0.896481
83	170	0.835273
84	10	1.23569
84	25	1.18438
84	29	1.13296
84	65	1.25119
84	80	1.20084
84	86	1.22228
84	125	1.2156
84	130	1.16147
84	132	0.67816
84	136	1.22471
84	148	0.720551
84	153	1.20677
84	160	1.26411
84	161	0.705575
84	165	0.767446
84	175	0.802456
84	176	0.743891
84	177	0.763811
84	178	0.813615
85	3	1.18667
85	22	1.13065
85	39	1.21514
85	51	1.153
85	60	1.23147
85	73	1.12889
85	89	1.21097
85	90	1.10674
85	93	1.16507
85	114	0.78046
85	131	0.717132
85	142	1.15968
85	151	1.14545
85	159	1.16626
85	160	0.728218
85	168	0.736529
85	171	0.825985
85	173	0.815324
85	176	0.763235
85	180	0.927171
86	10	1.18562
86	25	1.13431
86	29	1.08289
86	65	1.20112
86	69	1.20071
86	80	1.15077
86	84	1.22228
86	117	0.731706
86	125	1.16553
86	130	1.1114
86	136	1.17464
86	144	0.772973
86	147	0.786527
86	148	0.725503
86	153	1.1567
86	160	1.21404
86	173	0.800932
86	174	0.850009
86	175	0.807407
86	178	0.818566
87	15	1.18591
87	20	1.29508
87	33	1.07987
87	77	1.26169
87	92	1.08554
87	94	1.17499
87	95	1.13099
87	96	1.13099
87	99	1.1469
87	102	0.849955
87	134	1.12751
87	138	0.795745
87	152	1.19315
87	154	0.749459
87	156	0.775427
87	158	0.71981
87	160	0.745601
87	161	1.18737
87	169	0.857945
87	177	0.800538
88	2	1.18023
88	11	0.998504
88	21	1.10697
88	26	1.08977
88	28	1.03594
88	42	1.21034
88	58	1.081
88	63	1.23592
88	64	1.11881
88	97	1.22142
88	109	1.14334
88	117	0.814284
88	120	0.846431
88	131	0.785319
88	139	0.786234
88	143	0.82033
88	145	1.15336
88	151	1.12438
88	156	0.82623
88	172	0.866184
88	177	0.851341
89	6	1.24599
89	22	1.19472
89	39	1.27921
89	51	1.21707
89	60	1.29554
89	73	1.19296
89	85	1.21097
89	90	1.17081
89	93	1.22914
89	123	0.700223
89	142	1.22375
89	148	0.67427
89	151	1.20952
89	155	0.645425
89	159	1.23033
89	163	0.658523
89	167	0.767998
89	169	0.774937
89	177	0.71753
89	179	0.83163
89	180	0.861547
90	3	1.14651
90	6	1.14176
90	22	1.09049
90	39	1.17498
90	51	1.11284
90	60	1.19131
90	73	1.08873
90	85	1.10674
90	89	1.17081
90	93	1.12491
90	122	0.815776
90	132	0.752429
90	136	0.806147
90	140	0.862048
90	142	1.11952
90	151	1.10529
90	155	0.765975
90	159	1.1261
90	165	0.841715
90	171	0.880911
90	173	0.87025
91	104	0.678946
91	106	1.19311
91	111	1.24689
91	112	1.2211
91	113	1.2147
91	115	1.15047
91	116	1.20672
91	118	1.18832
91	119	1.18778
91	121	1.16565
91	124	1.15544
91	125	0.718987
91	127	0.836371
91	128	1.14307
91	129	1.13807
91	137	1.18868
91	144	0.720741
91	150	0.813266
91	157	0.833619
91	172	0.731374
91	178	0.766335
91	179	0.830631
92	15	1.13176
92	33	1.02571
92	54	1.09527
92	56	1.09469
92	59	1.04669
92	77	1.20754
92	87	1.08554
92	94	1.12083
92	95	1.07683
92	96	1.07683
92	99	1.09275
92	100	0.0152897
92	126	1.02257
92	134	1.07336
92	152	1.13899
92	154	0.900429
92	161	1.13321
92	165	0.955143
92	173	0.983678
92	174	1.03275
92	176	0.931589
92	178	1.00131
93	3	1.20485
93	6	1.20009
93	22	1.14883
93	39	1.23331
93	51	1.17117
93	60	1.24964
93	73	1.14706
93	85	1.16507
93	89	1.22914
93	90	1.12491
93	110	0.857055
93	125	0.76133
93	133	0.735533
93	142	1.17786
93	151	1.16362
93	156	0.733763
93	159	1.18444
93	164	0.761209
93	166	0.747484
93	171	0.801706
93	175	0.797519
93	176	0.738955
94	15	1.2212
94	33	1.11516
94	54	1.18471
94	56	1.18414
94	59	1.13613
94	77	1.29698
94	87	1.17499
94	92	1.12083
94	95	1.16628
94	96	1.16628
94	99	1.18219
94	102	0.839316
94	104	0.752314
94	131	0.723877
94	148	0.74664
94	152	1.22844
94	158	0.709172
94	161	1.22266
94	162	0.747188
94	164	0.792234
94	167	0.840367
94	170	0.779159
95	20	1.28637
95	33	1.07116
95	54	1.14072
95	56	1.14014
95	59	1.09213
95	77	1.25299
95	87	1.13099
95	92	1.07683
95	94	1.16628
95	96	1.12228
95	99	1.1382
95	125	0.801863
95	133	0.776065
95	134	1.11881
95	148	0.756147
95	152	1.18444
95	156	0.774296
95	161	1.17866
95	165	0.803042
95	170	0.788666
95	172	0.81425
95	174	0.880653
95	175	0.838051
96	20	1.28637
96	33	1.07116
96	54	1.14072
96	56	1.14014
96	59	1.09213
96	77	1.25299
96	87	1.13099
96	92	1.07683
96	94	1.16628
96	95	1.12228
96	99	1.1382
96	105	0.846595
96	120	0.783619
96	134	1.11881
96	144	0.792738
96	148	0.745268
96	150	0.885263
96	152	1.18444
96	161	1.17866
96	162	0.745816
96	164	0.790863
96	172	0.803371
96	178	0.838332
97	2	1.2969
97	11	1.11517
97	21	1.22364
97	26	1.20643
97	28	1.15261
97	42	1.32701
97	58	1.19767
97	63	1.35259
97	64	1.23548
97	68	0.655072
97	88	1.22142
97	109	1.26001
97	122	0.742275
97	140	0.788547
97	143	0.733569
97	144	0.768789
97	145	1.27003
97	151	1.24104
97	154	0.7135
97	158	0.683851
97	162	0.721867
97	163	0.705573
97	168	0.717954
98	23	1.16471
98	24	1.16202
98	27	1.24285
98	32	1.25224
98	50	1.18913
98	53	1.197
98	78	1.18032
98	100	1.19315
98	101	1.19315
98	103	1.24315
98	108	0.683801
98	114	0.758487
98	120	1.18011
98	138	0.756389
98	140	0.78515
98	141	0.774217
98	146	1.17546
98	149	0.723421
98	152	1.2397
98	153	1.187
98	166	0.749791
98	171	0.804013
98	173	0.793352
98	176	0.741262
99	15	1.19312
99	20	1.30229
99	33	1.08707
99	34	0.741195
99	54	1.15663
99	56	1.15605
99	59	1.10805
99	77	1.2689
99	87	1.1469
99	92	1.09275
99	94	1.18219
99	95	1.1382
99	96	1.1382
99	108	0.742321
99	132	0.734051
99	134	1.13472
99	136	0.787769
99	138	0.814909
99	141	0.832737
99	143	0.788692
99	152	1.20035
99	158	0.738974
99	161	1.19457
99	173	0.851872
99	176	0.799782
100	23	1.12506
100	24	1.12236
100	27	1.2032
100	32	1.21258
100	35	1.21554
100	50	1.14948
100	53	1.15734
100	78	1.14067
100	92	0.0152897
100	98	1.19315
100	101	1.15349
100	103	1.20349
100	104	0.858759
100	108	0.818963
100	120	1.14045
100	127	1.01618
100	138	0.891551
100	146	1.13581
100	148	0.853085
100	152	1.20005
100	153	1.14734
100	155	0.824239
100	160	0.841408
100	168	0.849719
100	176	0.876425
101	23	1.12506
101	24	1.12236
101	27	1.2032
101	32	1.21258
101	35	1.21554
101	50	1.14948
101	53	1.15734
101	78	1.14067
101	98	1.19315
101	100	1.15349
101	103	1.20349
101	117	0.718916
101	120	1.14045
101	125	0.758429
101	141	0.769008
101	146	1.13581
101	150	0.852708
101	152	1.20005
101	153	1.14734
101	170	0.745232
101	172	0.770816
101	175	0.794618
101	177	0.755973
101	178	0.805777
101	180	0.89999
102	5	0.812227
102	48	0.728699
102	53	0.818247
102	73	0.855973
102	87	0.849955
102	94	0.839316
102	138	1.12603
102	151	0.815469
102	153	0.870569
102	154	1.12977
102	155	1.15922
102	159	0.801414
102	164	1.12902
102	166	1.1366
102	169	1.08254
102	171	1.08749
102	172	1.10063
102	173	1.07446
102	174	1.04792
102	175	1.08062
102	176	1.11557
102	177	1.12009
102	178	1.06423
102	179	1.03819
102	180	1.00763
103	23	1.17506
103	24	1.17236
103	27	1.2532
103	32	1.26258
103	35	1.26554
103	50	1.19948
103	53	1.20734
103	78	1.19067
103	98	1.24315
103	100	1.20349
103	101	1.20349
103	110	0.831371
103	120	1.19045
103	122	0.710886
103	135	0.798542
103	136	0.701258
103	146	1.18581
103	150	0.829926
103	152	1.25005
103	153	1.19734
103	154	0.682112
103	161	0.674954
103	162	0.690479
103	167	0.783659
103	169	0.790598
103	176	0.713271
104	47	0.94518
104	91	0.678946
104	94	0.752314
104	100	0.858759
104	106	0.760443
104	109	0.678409
104	112	0.715576
104	134	0.747824
104	141	1.14863
104	150	1.09758
104	151	0.728467
104	152	0.711518
104	155	1.20192
104	162	1.21415
104	165	1.15829
104	166	1.17931
104	167	1.12739
104	169	1.12525
104	170	1.15582
104	171	1.1302
104	172	1.14333
104	173	1.11716
104	177	1.16279
104	178	1.10693
104	179	1.0809
104	180	1.05034
105	4	0.756013
105	11	0.948324
105	15	0.806713
105	32	0.772564
105	42	0.779667
105	65	0.790544
105	96	0.846595
105	124	0.849105
105	138	1.11385
105	143	1.15664
105	149	1.13641
105	153	0.879219
105	156	1.13371
105	157	1.02714
105	162	1.15926
105	163	1.15508
105	164	1.11684
105	167	1.07251
105	171	1.07531
105	175	1.06844
105	176	1.10339
105	177	1.10791
105	178	1.05204
105	179	1.02601
105	180	0.995452
106	62	1.14029
106	68	0.688521
106	91	1.19311
106	104	0.760443
106	107	1.23793
106	111	1.24148
106	112	1.21569
106	113	1.20929
106	115	1.14507
106	116	1.20131
106	117	0.760972
106	118	1.18292
106	119	1.18238
106	121	1.16025
106	122	0.775724
106	124	1.15003
106	128	1.13767
106	129	1.13267
106	137	1.18327
106	138	0.793235
106	139	0.732922
106	143	0.767018
106	156	0.772917
106	159	1.18666
106	160	0.743092
106	171	0.840859
106	177	0.798028
107	34	0.657504
107	45	1.23751
107	66	1.11639
107	76	1.18639
107	79	1.18639
107	82	1.25639
107	106	1.23793
107	116	1.25154
107	118	1.23314
107	120	0.731102
107	121	1.21047
107	122	0.713706
107	124	1.20025
107	126	1.17151
107	127	0.855851
107	129	1.18289
107	131	0.669989
107	137	1.2335
107	143	0.705001
107	146	1.20314
107	158	1.29256
107	160	0.681074
107	169	0.793418
107	173	0.768181
107	174	0.817257
107	175	0.774656
108	1	0.716181
108	20	0.756602
108	52	0.705051
108	59	0.768626
108	70	0.674742
108	98	0.683801
108	99	0.742321
108	100	0.818963
108	115	0.754282
108	123	1.21158
108	145	0.679453
108	147	1.17338
108	148	1.23811
108	151	0.688671
108	163	1.24627
108	165	1.1946
108	166	1.21561
108	168	1.22133
108	170	1.19213
108	172	1.17964
108	174	1.12694
108	175	1.15964
108	176	1.19458
108	177	1.1991
108	178	1.14324
108	179	1.1172
108	180	1.08664
109	2	1.21882
109	7	1.21205
109	21	1.14556
109	28	1.07453
109	52	1.1541
109	64	1.1574
109	67	1.3498
109	70	1.18738
109	72	1.06684
109	81	1.2818
109	88	1.14334
109	97	1.26001
109	104	0.678409
109	110	0.814174
109	130	1.11626
109	135	0.781345
109	140	0.739962
109	142	1.1772
109	145	1.19195
109	151	1.16296
109	156	0.690883
109	157	0.833082
109	169	0.773401
109	175	0.754639
109	177	0.715994
109	179	0.830094
109	180	0.860011
110	26	0.890755
110	43	0.742641
110	50	0.840179
110	63	0.80938
110	67	0.747324
110	93	0.857055
110	103	0.831371
110	109	0.814174
110	119	0.864992
110	130	0.927608
110	139	1.15792
110	144	1.10812
110	147	1.09281
110	156	1.14434
110	157	1.03776
110	163	1.1657
110	165	1.11403
110	167	1.08313
110	169	1.08098
110	170	1.11156
110	171	1.08593
110	173	1.0729
110	174	1.04636
110	175	1.07906
110	176	1.11401
110	178	1.06267
110	179	1.03663
110	180	1.00607
111	18	1.19674
111	83	1.17096
111	91	1.24689
111	106	1.24148
111	112	1.26948
111	113	1.26307
111	115	1.19885
111	116	1.2551
111	118	1.2367
111	119	1.23616
111	124	1.20381
111	125	0.726036
111	126	0.794644
111	128	1.19145
111	129	1.18645
111	137	1.23705
111	146	1.2067
111	148	1.25911
111	154	0.672501
111	156	0.698469
111	158	0.642852
111	162	0.680868
111	172	0.738423
111	173	0.75575
111	176	0.70366
111	177	0.72358
111	179	0.83768
111	180	0.867597
112	8	1.0982
112	18	1.17095
112	83	1.14517
112	91	1.2211
112	104	0.715576
112	106	1.21569
112	111	1.26948
112	113	1.23728
112	115	1.17306
112	116	1.2293
112	118	1.21091
112	119	1.21037
112	121	1.18824
112	124	1.17802
112	128	1.16566
112	129	1.16066
112	137	1.21126
112	140	0.77713
112	143	0.722152
112	159	1.21466
112	160	0.698225
112	163	0.694156
112	165	0.756797
112	166	0.741771
112	169	0.810569
112	172	0.768005
112	177	0.753162
112	178	0.802965
112	179	0.867262
113	62	1.16188
113	83	1.13876
113	91	1.2147
113	106	1.20929
113	111	1.26307
113	112	1.23728
113	115	1.16665
113	116	1.2229
113	119	1.20396
113	121	1.18183
113	124	1.17162
113	128	1.15925
113	129	1.15426
113	131	0.702063
113	137	1.20486
113	143	0.737075
113	146	1.1745
113	148	1.22692
113	150	0.86482
113	154	0.717006
113	158	0.687357
113	159	1.20825
113	160	0.713148
113	163	0.709079
113	169	0.825492
113	170	0.757344
113	176	0.748165
113	177	0.768085
113	180	0.912102
114	9	0.757452
114	28	0.90731
114	39	0.748226
114	50	0.739304
114	77	0.705708
114	85	0.78046
114	98	0.758487
114	121	0.801146
114	131	1.1816
114	137	0.786025
114	139	1.17901
114	141	1.12546
114	142	0.784118
114	146	0.782631
114	154	1.1493
114	161	1.18467
114	163	1.1868
114	164	1.14855
114	165	1.13512
114	167	1.10422
114	169	1.10207
114	170	1.13265
114	171	1.10702
114	172	1.12016
114	176	1.1351
114	177	1.13962
114	178	1.08376
114	179	1.05773
114	180	1.02717
115	8	1.02758
115	62	1.09765
115	83	1.07454
115	91	1.15047
115	106	1.14507
115	108	0.754282
115	111	1.19885
115	112	1.17306
115	113	1.16665
115	116	1.15868
115	119	1.13974
115	121	1.11761
115	124	1.10739
115	128	1.09503
115	129	1.09003
115	137	1.14064
115	141	0.844698
115	146	1.11028
115	148	1.1627
115	158	0.750936
115	159	1.14403
115	161	0.773427
115	162	0.788952
115	163	0.772657
115	171	0.874494
115	172	0.846507
115	174	0.91291
115	175	0.870308
115	178	0.881467
116	78	0.00972609
116	83	1.13079
116	91	1.20672
116	106	1.20131
116	107	1.25154
116	111	1.2551
116	112	1.2293
116	113	1.2229
116	115	1.15868
116	118	1.19653
116	119	1.19599
116	121	1.17386
116	124	1.16364
116	128	1.15128
116	129	1.14628
116	132	0.75105
116	137	1.19688
116	143	0.805692
116	148	1.21894
116	154	0.785623
116	159	1.20027
116	161	0.778465
116	162	0.79399
116	167	0.88717
116	170	0.825961
116	172	0.851545
116	176	0.816782
116	178	0.886505
116	179	0.950802
117	5	0.725754
117	14	0.692296
117	33	0.833337
117	35	0.731842
117	51	0.722809
117	86	0.731706
117	88	0.814284
117	101	0.718916
117	106	0.760972
117	119	0.729756
117	122	1.20851
117	135	1.149
117	144	1.18093
117	148	1.23035
117	150	1.12611
117	152	0.712047
117	155	1.23046
117	157	1.11057
117	159	0.71494
117	164	1.20027
117	166	1.20784
117	168	1.21357
117	170	1.18436
117	172	1.17187
117	174	1.11917
117	175	1.15187
117	177	1.19133
117	178	1.13547
117	179	1.10944
117	180	1.07888
118	8	1.06543
118	18	1.13817
118	62	1.13551
118	68	0.685674
118	83	1.11239
118	91	1.18832
118	106	1.18292
118	107	1.23314
118	111	1.2367
118	112	1.21091
118	116	1.19653
118	119	1.17759
118	121	1.15546
118	124	1.14525
118	128	1.13288
118	129	1.12788
118	133	0.77184
118	137	1.17849
118	141	0.808216
118	143	0.764171
118	144	0.799392
118	148	1.20055
118	159	1.18188
118	161	0.736945
118	164	0.797516
118	166	0.783791
118	167	0.84565
118	168	0.748557
118	171	0.838013
118	173	0.827351
119	8	1.06489
119	62	1.13496
119	91	1.18778
119	106	1.18238
119	110	0.864992
119	111	1.23616
119	112	1.21037
119	113	1.20396
119	115	1.13974
119	116	1.19599
119	117	0.729756
119	118	1.17759
119	121	1.15492
119	123	0.749505
119	124	1.1447
119	128	1.13234
119	129	1.12734
119	132	0.681161
119	135	0.832163
119	136	0.734879
119	137	1.17795
119	146	1.14759
119	148	1.2
119	156	0.741701
119	159	1.18134
119	165	0.770447
119	169	0.824219
119	170	0.756071
119	175	0.805457
119	179	0.880912
120	29	0.905893
120	30	0.839662
120	32	1.19954
120	50	1.13644
120	56	0.746957
120	60	0.724434
120	69	0.766012
120	73	0.801646
120	80	0.735181
120	88	0.846431
120	96	0.783619
120	98	1.18011
120	100	1.14045
120	101	1.14045
120	103	1.19045
120	107	0.731102
120	140	1.14011
120	142	0.781904
120	146	1.12277
120	152	1.18701
120	153	1.1343
120	156	1.16198
120	169	1.09862
120	171	1.10357
120	173	1.09054
120	174	1.06401
120	176	1.13166
120	179	1.05428
120	180	1.02372
121	8	1.04276
121	18	1.1155
121	62	1.11283
121	83	1.08972
121	91	1.16565
121	106	1.16025
121	107	1.21047
121	112	1.18824
121	113	1.18183
121	114	0.801146
121	115	1.11761
121	116	1.17386
121	118	1.15546
121	119	1.15492
121	124	1.12257
121	126	0.874905
121	128	1.11021
121	129	1.10521
121	131	0.737819
121	135	0.869192
121	137	1.15582
121	148	1.17788
121	156	0.77873
121	159	1.15921
121	161	0.745604
121	164	0.806175
121	166	0.79245
121	167	0.854309
121	168	0.757216
121	171	0.846672
121	175	0.842485
122	41	0.811608
122	46	0.7946
122	50	0.719694
122	90	0.815776
122	97	0.742275
122	103	0.710886
122	106	0.775724
122	107	0.713706
122	117	1.20851
122	123	1.17458
122	126	1.11708
122	130	0.807123
122	140	1.16604
122	145	0.734529
122	153	0.798848
122	156	1.18791
122	159	0.729692
122	163	1.20928
122	164	1.17104
122	167	1.1267
122	168	1.18434
122	170	1.15513
122	171	1.1295
122	172	1.14264
122	173	1.11647
122	174	1.08994
122	175	1.12264
122	177	1.1621
122	178	1.10624
122	179	1.08021
122	180	1.04965
123	1	0.776255
123	38	0.892606
123	48	0.661975
123	70	0.734816
123	78	0.885922
123	82	0.739363
123	89	0.700223
123	108	1.21158
123	119	0.749505
123	122	1.17458
123	127	1.07795
123	134	0.768102
123	137	0.771413
123	139	1.1968
123	145	0.739527
123	150	1.09219
123	152	0.731797
123	162	1.20876
123	163	1.20458
123	166	1.17392
123	168	1.17964
123	169	1.11986
123	170	1.15043
123	172	1.13795
123	173	1.11178
123	174	1.08524
123	175	1.11794
123	176	1.15289
123	177	1.15741
123	178	1.10155
123	180	1.04495
124	18	1.10528
124	83	1.0795
124	91	1.15544
124	105	0.849105
124	106	1.15003
124	107	1.20025
124	111	1.20381
124	112	1.17802
124	113	1.17162
124	115	1.10739
124	116	1.16364
124	118	1.14525
124	119	1.1447
124	121	1.12257
124	125	0.793494
124	126	0.862103
124	128	1.09999
124	129	1.095
124	133	0.767697
124	137	1.1456
124	140	0.815006
124	144	0.795248
124	146	1.11524
124	148	1.16766
124	159	1.14899
124	160	0.736102
124	161	0.732802
124	169	0.848445
124	170	0.780298
124	177	0.791038
124	180	0.935055
125	10	1.17894
125	20	0.836439
125	42	0.724056
125	53	0.771286
125	65	1.19445
125	69	1.19404
125	70	0.754579
125	80	1.14409
125	84	1.2156
125	86	1.16553
125	91	0.718987
125	93	0.76133
125	95	0.801863
125	101	0.758429
125	111	0.726036
125	124	0.793494
125	130	1.10472
125	134	0.787865
125	136	1.16797
125	137	0.791176
125	153	1.15002
125	160	1.20737
125	168	1.17413
125	173	1.10626
125	174	1.07973
125	175	1.11243
125	176	1.14738
125	177	1.15189
125	178	1.09603
125	179	1.07
125	180	1.03944
126	3	0.801036
126	27	0.754671
126	30	0.915635
126	31	0.798624
126	44	1.12726
126	45	1.12087
126	46	1.09747
126	50	0.813063
126	64	0.851591
126	66	0.999753
126	76	1.06975
126	79	1.06975
126	80	0.811155
126	82	1.13975
126	92	1.02257
126	107	1.17151
126	111	0.794644
126	121	0.874905
126	122	1.11708
126	124	0.862103
126	147	1.07419
126	158	1.17592
126	166	1.11642
126	171	1.06731
126	172	1.08044
126	174	1.02774
126	176	1.09539
126	177	1.0999
126	178	1.04404
126	179	1.01801
126	180	0.987449
127	15	0.868486
127	18	0.91318
127	50	0.861838
127	58	0.967142
127	65	0.852317
127	91	0.836371
127	100	1.01618
127	107	0.855851
127	123	1.07795
127	139	1.10487
127	143	1.11421
127	150	1.00026
127	151	0.885892
127	152	0.868944
127	156	1.09128
127	157	0.984711
127	158	1.14149
127	162	1.11683
127	165	1.06097
127	166	1.08199
127	168	1.08771
127	170	1.0585
127	171	1.03288
127	173	1.01985
127	174	0.993312
127	175	1.02601
127	176	1.06096
127	178	1.00961
127	179	0.983581
127	180	0.953021
128	8	1.02018
128	18	1.09292
128	62	1.09025
128	83	1.06714
128	91	1.14307
128	106	1.13767
128	111	1.19145
128	112	1.16566
128	113	1.15925
128	115	1.09503
128	116	1.15128
128	118	1.13288
128	119	1.13234
128	121	1.11021
128	124	1.09999
128	129	1.08263
128	132	0.750909
128	135	0.901912
128	137	1.13324
128	146	1.10288
128	148	1.1553
128	155	0.764456
128	157	0.953649
128	159	1.13663
128	160	0.781624
128	162	0.793849
128	166	0.82517
128	170	0.82582
128	174	0.917807
128	175	0.875205
128	176	0.816641
128	177	0.836561
129	8	1.01518
129	62	1.08526
129	83	1.06214
129	91	1.13807
129	106	1.13267
129	107	1.18289
129	111	1.18645
129	112	1.16066
129	113	1.15426
129	115	1.09003
129	116	1.14628
129	118	1.12788
129	119	1.12734
129	121	1.10521
129	124	1.095
129	128	1.08263
129	137	1.12824
129	139	0.748589
129	144	0.817905
129	146	1.09788
129	147	0.83146
129	148	1.1503
129	159	1.13163
129	160	0.758759
129	161	0.755459
129	169	0.871102
129	171	0.856526
129	172	0.828538
129	174	0.894941
129	176	0.793775
129	179	0.927795
129	180	0.957712
130	7	1.14638
130	13	1.13429
130	17	1.06209
130	25	1.0735
130	29	1.02208
130	65	1.14031
130	67	1.28413
130	69	1.13991
130	70	1.12171
130	72	1.00117
130	80	1.08996
130	81	1.21614
130	84	1.16147
130	86	1.1114
130	109	1.11626
130	110	0.927608
130	122	0.807123
130	125	1.10472
130	136	1.11384
130	141	0.842462
130	142	1.11153
130	149	0.791667
130	153	1.09589
130	155	0.757322
130	160	1.15323
130	161	0.771191
130	164	0.831762
130	168	0.782803
130	169	0.886835
130	173	0.861598
130	177	0.829428
130	178	0.879231
131	10	0.688651
131	12	1.28338
131	43	0.578438
131	47	0.916743
131	75	0.764856
131	78	0.837207
131	85	0.717132
131	88	0.785319
131	94	0.723877
131	107	0.669989
131	113	0.702063
131	114	1.1816
131	121	0.737819
131	138	1.19285
131	142	0.720791
131	152	0.683082
131	154	1.19659
131	156	1.21272
131	160	1.24239
131	164	1.19584
131	165	1.18241
131	166	1.20342
131	168	1.20915
131	170	1.17994
131	172	1.16745
131	173	1.14128
131	174	1.11475
131	175	1.14745
131	176	1.1824
131	177	1.18691
131	179	1.10502
131	180	1.07446
132	4	0.612294
132	9	0.674496
132	31	0.641909
132	37	0.684463
132	44	0.711534
132	72	0.823758
132	84	0.67816
132	90	0.752429
132	99	0.734051
132	116	0.75105
132	119	0.681161
132	128	0.750909
132	133	1.27262
132	150	1.1728
132	152	0.663453
132	156	1.26382
132	157	1.15725
132	159	0.666345
132	161	1.28307
132	164	1.24695
132	166	1.25453
132	167	1.20262
132	168	1.26025
132	169	1.20047
132	170	1.23104
132	172	1.21856
132	173	1.19239
132	174	1.16585
132	175	1.19855
132	176	1.2335
132	177	1.23802
132	178	1.18215
132	180	1.12556
133	5	0.739469
133	18	0.769998
133	29	0.88746
133	35	0.745557
133	61	0.692767
133	79	0.783946
133	81	0.69638
133	93	0.735533
133	95	0.776065
133	118	0.77184
133	124	0.767697
133	132	1.27262
133	135	1.1372
133	138	1.18547
133	144	1.16913
133	145	0.733492
133	147	1.15381
133	150	1.11431
133	152	0.725762
133	164	1.18847
133	165	1.17503
133	166	1.19604
133	167	1.14413
133	170	1.17256
133	171	1.14693
133	172	1.16007
133	173	1.1339
133	174	1.10737
133	176	1.17502
133	177	1.17953
133	178	1.12367
133	179	1.09764
133	180	1.06708
134	14	1.17463
134	19	1.10682
134	20	1.2829
134	36	1.21537
134	37	1.23455
134	38	1.05552
134	47	1.14033
134	49	1.15239
134	59	1.08866
134	61	1.238
134	74	1.11598
134	75	1.11598
134	77	1.24951
134	87	1.12751
134	92	1.07336
134	95	1.11881
134	96	1.11881
134	99	1.13472
134	104	0.747824
134	123	0.768102
134	125	0.787865
134	144	0.78962
134	152	1.18097
134	156	0.760298
134	157	0.902497
134	158	0.704682
134	161	1.17518
134	163	0.726403
134	164	0.787744
134	170	0.774669
134	177	0.78541
134	178	0.835213
134	179	0.899509
135	2	0.816449
135	13	0.784338
135	20	0.899334
135	33	0.935744
135	52	0.847783
135	62	0.927755
135	80	0.805442
135	103	0.798542
135	109	0.781345
135	117	1.149
135	119	0.832163
135	121	0.869192
135	128	0.901912
135	133	1.1372
135	136	1.11867
135	138	1.10854
135	141	1.08843
135	154	1.11227
135	155	1.14173
135	157	1.02183
135	164	1.11153
135	166	1.11911
135	167	1.0672
135	169	1.06505
135	170	1.09562
135	171	1.07
135	172	1.08313
135	173	1.05697
135	174	1.03043
