1	84	2.28406
1	111	0.867636
1	117	0.847448
1	127	0.815972
1	130	0.841324
1	131	0.832223
1	132	0.870304
1	134	0.830982
1	136	0.855269
1	140	0.867174
1	152	3.02282
1	177	0.757272
2	124	2.75492
2	125	0.822719
2	163	0.786096
2	168	0.782055
2	170	0.754809
2	171	0.786927
2	173	0.758831
2	174	0.752522
2	175	0.746338
2	178	0.741697
2	179	0.73243
2	180	0.741776
3	52	1.23808
3	124	0.713944
3	143	0.793367
3	168	0.87522
3	169	0.861714
3	172	0.851698
3	173	0.851996
3	174	0.845687
3	175	0.839503
3	178	0.834862
3	179	0.825595
3	180	0.834941
4	80	1.93288
4	89	0.846762
4	94	3.19175
4	95	0.848401
4	103	0.882378
4	107	0.873461
4	108	0.876279
4	109	0.816415
4	113	0.857561
4	120	0.840054
4	153	0.810067
4	176	0.759005
5	26	0.899204
5	40	0.785504
5	78	0.852952
5	83	0.802262
5	94	0.772834
5	96	0.878396
5	97	0.878135
5	133	0.864873
5	137	0.8473
5	149	0.836024
5	153	2.78184
5	154	2.55981
6	15	0.993465
6	18	0.896499
6	19	0.91818
6	36	0.949797
6	43	0.951999
6	52	0.936868
6	66	1.00074
6	137	0.967066
6	161	1.48797
6	164	0.893699
6	167	0.862494
6	178	3.83931
7	21	0.839108
7	22	0.91513
7	23	0.835868
7	28	0.834754
7	30	0.834017
7	41	0.911373
7	46	0.911162
7	147	2.28372
7	157	0.774854
7	159	0.77822
7	161	2.9438
7	164	0.813676
8	64	0.940461
8	71	0.98382
8	88	0.975818
8	102	0.918069
8	103	0.973719
8	107	0.964801
8	109	0.907755
8	113	0.948901
8	120	0.931395
8	152	2.20777
8	158	2.94649
8	176	0.850346
9	32	0.871952
9	61	0.83628
9	73	0.827716
9	74	0.887847
9	75	0.879069
9	76	0.814033
9	90	0.904699
9	92	0.904373
9	119	1.80131
9	159	0.768003
9	169	3.23843
9	177	0.76189
10	25	2.01636
10	112	0.0414307
10	165	0.825832
10	169	0.856558
10	170	0.842817
10	171	0.874936
10	172	0.846542
10	173	0.846839
10	175	0.834346
10	178	0.829706
10	179	0.820438
10	180	0.829784
11	17	1.01357
11	25	0.870918
11	26	0.98958
11	29	0.88022
11	40	0.87588
11	78	0.943328
11	82	1.63303
11	96	0.968772
11	97	0.968511
11	137	0.937676
11	156	2.09624
11	180	2.92566
12	33	0.88372
12	45	0.799676
12	62	0.844832
12	63	0.840269
12	65	0.847747
12	68	0.903298
12	77	0.882618
12	79	0.869277
12	87	2.46779
12	155	0.805303
12	168	2.79746
12	176	0.758724
13	14	0.824092
13	18	0.808927
13	19	0.830608
13	36	0.862225
13	38	0.872524
13	43	0.864427
13	52	0.849296
13	56	1.27336
13	66	0.913172
13	164	0.806127
13	167	0.774922
13	168	3.66098
14	13	0.824092
14	18	0.807205
14	19	0.828886
14	36	0.860504
14	38	0.870802
14	43	0.862706
14	52	0.847574
14	66	0.91145
14	156	2.6183
14	164	0.804405
14	167	0.773201
14	172	3.06989
15	6	0.993465
15	18	0.889006
15	36	0.942304
15	38	0.952603
15	43	0.944506
15	52	0.929375
15	66	0.993251
15	81	2.10935
15	114	1.34298
15	158	2.79254
15	164	0.886206
15	167	0.855001
16	45	0.802548
16	48	0.884138
16	51	0.855552
16	63	0.84314
16	65	0.850619
16	68	0.90617
16	79	0.872148
16	126	2.74427
16	147	2.43995
16	149	0.844238
16	155	0.808174
16	176	0.761596
17	11	1.01357
17	25	0.885648
17	29	0.894951
17	40	0.890611
17	78	0.958059
17	83	0.907369
17	96	0.983503
17	97	0.983242
17	142	2.07122
17	148	1.53151
17	149	0.941131
17	168	2.49277
18	6	0.896499
18	13	0.808927
18	14	0.807205
18	15	0.889006
18	38	0.855637
18	43	0.84754
18	52	0.832409
18	66	0.896285
18	118	2.21857
18	164	0.78924
18	167	0.758035
18	174	3.20175
19	6	0.91818
19	13	0.830608
19	14	0.828886
19	36	0.867019
19	38	0.877318
19	52	0.854089
19	66	0.917965
19	81	2.11124
19	151	3.05656
19	164	0.810921
19	167	0.779716
20	24	0.890534
20	42	0.812194
20	47	0.88919
20	53	0.845946
20	57	0.836001
20	60	0.835077
20	69	0.892596
20	70	0.891891
20	138	1.74907
20	155	0.79728
20	157	0.760764
20	177	3.79958
21	7	0.839108
21	22	0.913326
21	23	0.834064
21	28	0.83295
21	30	0.832213
21	41	0.909569
21	46	0.909358
21	141	2.1264
21	148	2.91682
21	157	0.77305
21	159	0.776416
21	164	0.811872
22	7	0.91513
22	21	0.913326
22	23	0.910086
22	28	0.908972
22	30	0.908235
22	41	0.98559
22	46	0.985379
22	137	1.19532
22	146	1.2948
22	157	0.849072
22	159	0.852438
22	164	0.887894
22	178	4.06757
23	7	0.835868
23	21	0.834064
23	22	0.910086
23	28	0.829711
23	30	0.828973
23	41	0.906329
23	46	0.906118
23	137	2.59499
23	148	2.66426
23	157	0.769811
23	159	0.773177
23	164	0.808632
24	20	0.890534
24	42	0.889997
24	47	0.966993
24	53	0.923748
24	57	0.913804
24	60	0.91288
24	69	0.970399
24	70	0.969694
24	142	2.27473
24	145	1.81425
24	155	0.875082
24	157	0.838567
24	162	2.46364
25	10	2.01636
25	11	0.870918
25	17	0.885648
25	26	0.861653
25	40	0.747953
25	78	0.815401
25	83	0.764712
25	85	0.864335
25	96	0.840846
25	97	0.840584
25	119	2.51871
25	133	0.827323
25	149	0.798473
26	5	0.899204
26	11	0.98958
26	25	0.861653
26	40	0.866615
26	78	0.934064
26	83	0.883374
26	94	0.853945
26	96	0.959508
26	97	0.959246
26	121	1.41473
26	149	0.917135
26	169	1.54037
26	176	3.54031
27	33	1.01685
27	103	1.23423
27	160	0.835597
27	161	0.899321
27	165	0.809914
27	166	0.80345
27	169	0.84064
27	172	0.830624
27	173	0.830922
27	175	0.818428
27	178	0.813788
27	179	0.804521
27	180	0.813867
28	7	0.834754
28	21	0.83295
28	22	0.908972
28	23	0.829711
28	30	0.827859
28	41	0.905215
28	46	0.905004
28	137	2.27777
28	157	0.768697
28	159	0.772063
28	162	3.07566
28	164	0.807518
29	11	0.88022
29	17	0.894951
29	40	0.757256
29	56	1.42336
29	78	0.824704
29	81	0.816804
29	83	0.774014
29	96	0.850148
29	97	0.849887
29	133	0.836625
29	137	0.819052
29	149	0.807776
29	168	3.81098
30	7	0.834017
30	21	0.832213
30	22	0.908235
30	23	0.828973
30	28	0.827859
30	41	0.904478
30	46	0.904267
30	157	0.767959
30	158	2.38041
30	159	0.771325
30	164	0.806781
30	170	3.10375
31	89	0.920224
31	94	3.10825
31	102	0.900191
31	103	0.955841
31	107	0.946924
31	108	0.949742
31	109	0.889877
31	113	0.931024
31	120	0.913517
31	129	0.863277
31	133	1.73819
31	146	1.54666
31	176	0.832468
32	9	0.871952
32	37	0.941978
32	61	0.887755
32	73	0.87919
32	74	0.939322
32	75	0.930544
32	76	0.865508
32	90	0.956174
32	92	0.955848
32	144	1.99668
32	147	1.80356
32	159	0.819478
32	163	2.91848
32	177	0.813365
33	12	0.88372
33	27	1.01685
33	45	0.854619
33	51	0.907623
33	62	0.899774
33	63	0.895211
33	65	0.90269
33	68	0.958241
33	77	0.937561
33	79	0.92422
33	153	1.98238
33	155	0.860245
33	167	2.92098
33	176	0.813667
34	71	0.938281
34	89	0.892563
34	95	0.894203
34	102	0.872529
34	103	0.92818
34	107	0.919262
34	108	0.92208
34	109	0.862216
34	113	0.903362
34	120	0.885855
34	149	1.16629
34	166	3.37739
34	176	0.804807
34	177	2.6107
35	74	0.816109
35	79	3.44868
35	90	0.832961
35	92	0.832635
35	131	0.765104
35	132	0.803185
35	134	0.763862
35	135	0.724379
35	136	0.78815
35	171	0.733676
35	174	0.699271
35	177	0.690152
35	179	0.679179
35	180	0.688525
36	6	0.949797
36	13	0.862225
36	14	0.860504
36	15	0.942304
36	19	0.867019
36	38	0.908935
36	43	0.900838
36	52	0.885707
36	66	0.949583
36	128	0.998739
36	144	1.69898
36	164	0.842538
36	167	0.811333
36	174	3.88418
37	32	0.941978
37	61	0.906306
37	73	0.897741
37	74	0.957873
37	75	0.949094
37	76	0.884058
37	90	0.974725
37	92	0.974399
37	126	1.00228
37	139	1.88232
37	159	0.838029
37	177	0.831916
37	178	3.70937
38	13	0.872524
38	14	0.870802
38	15	0.952603
38	18	0.855637
38	19	0.877318
38	36	0.908935
38	43	0.911137
38	52	0.896005
38	66	0.959881
38	146	1.18133
38	164	0.852837
38	167	0.821632
38	170	2.61699
38	178	3.15433
39	50	0.746873
39	107	3.294
39	112	0.822178
39	124	0.822141
39	140	0.826301
39	151	0.761503
39	157	0.719145
39	159	0.722511
39	164	0.757966
39	174	0.725517
39	175	0.719332
39	177	0.716398
39	178	0.714692
39	180	0.71477
40	5	0.785504
40	11	0.87588
40	17	0.890611
40	25	0.747953
40	26	0.866615
40	29	0.757256
40	78	0.820364
40	81	0.812464
40	83	0.769674
40	96	0.845808
40	97	0.845546
40	128	1.40917
40	149	0.803435
40	159	4.20924
41	7	0.911373
41	21	0.909569
41	22	0.98559
41	23	0.906329
41	28	0.905215
41	30	0.904478
41	46	0.981622
41	152	1.68884
41	153	1.7346
41	157	0.845315
41	159	0.848681
41	164	0.884137
41	174	3.05514
42	20	0.812194
42	24	0.889997
42	47	0.888653
42	53	0.845409
42	57	0.835464
42	60	0.83454
42	69	0.892059
42	70	0.891354
42	85	1.81413
42	149	3.38654
42	155	0.796743
42	157	0.760227
43	6	0.951999
43	13	0.864427
43	14	0.862706
43	15	0.944506
43	18	0.84754
43	36	0.900838
43	38	0.911137
43	52	0.887909
43	66	0.951785
43	80	2.16653
43	104	2.53352
43	146	1.86381
43	164	0.84474
43	167	0.813535
44	71	0.938281
44	88	1.06365
44	89	0.892563
44	95	0.894203
44	102	0.872529
44	103	0.92818
44	107	0.919262
44	108	0.92208
44	109	0.862216
44	113	0.903362
44	120	0.885855
44	160	3.17669
44	163	2.3985
44	176	0.804807
45	12	0.799676
45	16	0.802548
45	33	0.854619
45	48	0.852166
45	62	0.815731
45	63	0.811168
45	65	0.818646
45	68	0.874197
45	77	0.853518
45	79	0.840176
45	153	2.84175
45	155	0.776202
45	169	2.99679
45	176	0.729624
46	7	0.911162
46	21	0.909358
46	22	0.985379
46	23	0.906118
46	28	0.905004
46	30	0.904267
46	41	0.981622
46	87	1.79043
46	144	1.14353
46	157	0.845104
46	159	0.84847
46	164	0.883925
46	175	3.65588
47	20	0.88919
47	24	0.966993
47	42	0.888653
47	49	1.49385
47	53	0.922405
47	57	0.91246
47	60	0.911536
47	69	0.969055
47	70	0.96835
47	114	1.94396
47	155	0.873739
47	157	0.837223
47	169	2.85561
48	16	0.884138
48	45	0.852166
48	51	0.905171
48	63	0.892759
48	65	0.900237
48	68	0.955788
48	77	0.935109
48	79	0.921767
48	82	2.09991
48	149	0.893856
48	155	0.857793
48	168	1.42365
48	176	0.811214
48	177	3.60273
49	47	1.49385
49	69	0.262931
49	103	0.993046
49	154	0.929913
49	162	0.919306
49	168	0.892207
49	170	0.86496
49	171	0.897079
49	172	0.868685
49	173	0.868983
49	174	0.862674
49	175	0.856489
49	178	0.851849
49	179	0.842581
49	180	0.851927
50	39	0.746873
50	57	3.48611
50	94	0.745914
50	148	0.824494
50	165	0.728198
50	168	0.77243
50	170	0.745183
50	171	0.777302
50	172	0.748908
50	173	0.749205
50	174	0.742897
50	175	0.736712
50	178	0.732072
50	179	0.722804
50	180	0.73215
51	16	0.855552
51	33	0.907623
51	48	0.905171
51	62	0.868735
51	63	0.864172
51	68	0.927202
51	77	0.906522
51	79	0.893181
51	87	1.74178
51	133	0.894119
51	148	1.11019
51	149	0.86527
51	155	0.829206
51	176	0.782628
51	179	4.21123
52	3	1.23808
52	6	0.936868
52	13	0.849296
52	14	0.847574
52	15	0.929375
52	18	0.832409
52	19	0.854089
52	36	0.885707
52	38	0.896005
52	43	0.887909
52	66	0.936653
52	106	1.75586
52	164	0.829609
52	167	0.798404
52	170	3.26791
53	20	0.845946
53	24	0.923748
53	42	0.845409
53	47	0.922405
53	57	0.869216
53	60	0.868291
53	69	0.92581
53	70	0.925106
53	115	0.885715
53	123	0.897817
53	147	0.900945
53	150	2.70888
53	155	0.830494
53	157	0.793979
53	165	3.69798
54	58	0.878005
54	93	0.879848
54	100	0.871777
54	105	0.911296
54	110	0.903109
54	131	0.874173
54	132	0.912254
54	134	0.872932
54	136	0.897219
54	140	0.909125
54	162	1.49783
54	167	0.809586
54	173	2.80726
54	174	2.93909
54	177	0.799222
55	93	0.861629
55	98	0.845414
55	112	0.886784
55	117	0.87118
55	122	0.88212
55	124	0.886747
55	130	0.865056
55	131	0.855955
55	132	0.894036
55	136	0.879001
55	140	0.890906
55	142	2.61602
55	146	2.10651
55	154	2.70363
55	167	0.791367
55	177	0.781003
56	13	1.27336
56	29	1.42336
56	60	1.54586
56	143	0.817118
56	150	0.874819
56	165	0.854738
56	166	0.848274
56	168	0.898971
56	170	0.871724
56	172	0.875448
56	173	0.875746
56	174	0.869437
56	176	0.853003
56	178	0.858613
56	179	0.849345
56	180	0.858691
57	20	0.836001
57	24	0.913804
57	42	0.835464
57	47	0.91246
57	50	3.48611
57	53	0.869216
57	60	0.858347
57	69	0.915866
57	70	0.915162
57	94	0.793423
57	115	0.875771
57	123	0.887873
57	155	0.82055
57	157	0.784034
57	171	1.06207
57	172	2.25649
58	54	0.878005
58	88	1.87886
58	105	0.89416
58	110	0.885973
58	116	0.867125
58	117	0.872263
58	122	0.883202
58	127	0.840787
58	130	0.866138
58	134	0.855796
58	136	0.880083
58	140	0.891989
58	145	2.38646
58	164	2.97406
58	167	0.79245
58	177	0.782086
59	93	0.858518
59	98	0.842303
59	100	0.850448
59	105	0.889966
59	111	0.888256
59	122	0.879008
59	124	0.883635
59	130	0.861944
59	131	0.852843
59	132	0.890925
59	134	0.851602
59	140	0.887795
59	171	1.91247
59	173	2.59263
59	175	3.05162
59	177	0.777892
60	20	0.835077
60	24	0.91288
60	42	0.83454
60	47	0.911536
60	53	0.868291
60	56	1.54586
60	57	0.858347
60	69	0.914942
60	70	0.914237
60	94	0.792499
60	115	0.874847
60	123	0.886948
60	128	2.25666
60	141	2.1818
60	155	0.819625
60	157	0.78311
61	9	0.83628
61	32	0.887755
61	37	0.906306
61	73	0.843518
61	74	0.90365
61	75	0.894871
61	76	0.829835
61	90	0.920502
61	92	0.920176
61	115	0.872177
61	121	1.43723
61	135	3.41822
61	137	0.864295
61	159	0.783806
61	170	2.82412
61	177	0.777693
62	12	0.844832
62	33	0.899774
62	45	0.815731
62	51	0.868735
62	63	0.856323
62	65	0.863802
62	68	0.919353
62	77	0.898673
62	79	0.885332
62	133	0.88627
62	141	1.18607
62	149	0.857421
62	155	0.821357
62	164	1.97971
62	165	4.77533
62	176	0.774779
63	12	0.840269
63	16	0.84314
63	33	0.895211
63	45	0.811168
63	48	0.892759
63	51	0.864172
63	62	0.856323
63	65	0.859239
63	68	0.91479
63	77	0.89411
63	79	0.880769
63	99	1.10381
63	133	0.881707
63	171	2.33486
63	176	0.770216
63	177	4.1173
64	8	0.940461
64	89	0.866543
64	95	0.868183
64	102	0.84651
64	103	0.90216
64	107	0.893242
64	108	0.896061
64	109	0.836196
64	113	0.877342
64	120	0.859836
64	129	0.809595
64	141	0.893512
64	153	0.829849
64	155	2.92282
64	160	3.3686
64	176	0.778787
65	12	0.847747
65	16	0.850619
65	33	0.90269
65	45	0.818646
65	48	0.900237
65	62	0.863802
65	63	0.859239
65	77	0.901589
65	79	0.888247
65	106	2.63714
65	133	0.889186
65	148	1.88355
65	149	0.860336
65	153	2.7329
65	155	0.824273
65	176	0.777694
66	6	1.00074
66	13	0.913172
66	14	0.91145
66	15	0.993251
66	18	0.896285
66	19	0.917965
66	36	0.949583
66	38	0.959881
66	43	0.951785
66	52	0.936653
66	133	1.09892
66	153	1.72652
66	154	1.5045
66	164	0.893485
66	167	0.86228
66	179	3.97822
67	74	3.79765
67	148	0.810273
67	159	0.725669
67	161	0.803383
67	162	0.785307
67	163	0.762249
67	166	0.707512
67	168	0.758208
67	169	0.744702
67	170	0.730961
67	172	0.734686
67	173	0.734984
67	174	0.728675
67	175	0.72249
67	178	0.71785
67	179	0.708582
67	180	0.717928
68	12	0.903298
68	16	0.90617
68	33	0.958241
68	45	0.874197
68	48	0.955788
68	51	0.927202
68	62	0.919353
68	63	0.91479
68	77	0.95714
68	79	0.943798
68	141	0.761085
68	149	0.915887
68	150	3.35277
68	155	0.879824
68	161	1.33106
68	170	3.14506
68	176	0.833245
69	20	0.892596
69	24	0.970399
69	42	0.892059
69	47	0.969055
69	49	0.262931
69	53	0.92581
69	57	0.915866
69	60	0.914942
69	70	0.971756
69	81	1.47941
69	94	0.850018
69	115	0.932366
69	123	0.944467
69	150	3.09364
69	155	0.877144
69	157	0.840629
69	175	3.11734
70	20	0.891891
70	24	0.969694
70	42	0.891354
70	47	0.96835
70	53	0.925106
70	57	0.915162
70	60	0.914237
70	69	0.971756
70	86	1.13848
70	94	0.849313
70	115	0.931661
70	123	0.943763
70	149	1.56434
70	155	0.87644
70	157	0.839924
70	171	2.27352
70	178	3.7186
71	8	0.98382
71	34	0.938281
71	44	0.938281
71	81	0.913817
71	82	1.96706
71	89	0.909903
71	95	0.911542
71	102	0.889869
71	103	0.945519
71	107	0.936602
71	108	0.93942
71	109	0.879556
71	120	0.903195
71	137	1.08819
71	165	3.792
71	167	2.1175
71	176	0.822146
72	74	1.01405
72	100	1.62851
72	132	0.581122
72	151	0.877384
72	162	0.898029
72	165	0.826698
72	168	0.87093
72	169	0.857424
72	170	0.843683
72	171	0.875802
72	172	0.847408
72	173	0.847706
72	174	0.841397
72	175	0.835212
72	178	0.830572
72	179	0.821305
72	180	0.830651
73	9	0.827716
73	32	0.87919
73	37	0.897741
73	61	0.843518
73	74	0.895085
73	75	0.886307
73	76	0.821271
73	82	0.839626
73	90	0.911937
73	92	0.911611
73	121	2.78161
73	129	0.792621
73	133	2.1246
73	137	0.85573
73	159	0.775241
73	163	2.80933
73	177	0.769128
74	9	0.887847
74	32	0.939322
74	35	0.816109
74	37	0.957873
74	61	0.90365
74	67	3.79765
74	72	1.01405
74	73	0.895085
74	75	0.946438
74	76	0.881402
74	90	0.972069
74	92	0.971743
74	128	1.35245
74	129	0.852753
74	137	0.915862
74	157	2.90692
74	159	0.835373
74	177	0.82926
75	9	0.879069
75	32	0.930544
75	37	0.949094
75	61	0.894871
75	73	0.886307
75	74	0.946438
75	76	0.872624
75	90	0.96329
75	92	0.962964
75	99	1.85274
75	115	0.914965
75	119	1.29316
75	129	0.843974
75	133	1.94764
75	137	0.907083
75	159	0.826594
75	167	3.51384
75	177	0.820481
76	9	0.814033
76	32	0.865508
76	37	0.884058
76	61	0.829835
76	73	0.821271
76	74	0.881402
76	75	0.872624
76	82	0.825943
76	90	0.898254
76	92	0.897928
76	114	1.77094
76	115	0.849929
76	129	0.778938
76	137	0.842047
76	138	2.76803
76	159	0.761558
76	167	3.46615
76	177	0.755445
77	12	0.882618
77	33	0.937561
77	45	0.853518
77	48	0.935109
77	51	0.906522
77	62	0.898673
77	63	0.89411
77	65	0.901589
77	68	0.95714
77	79	0.923118
77	129	3.00435
77	133	0.924057
77	149	0.895208
77	155	0.859144
77	161	1.32603
77	164	1.54123
77	175	3.37144
77	176	0.812566
78	5	0.852952
78	11	0.943328
78	17	0.958059
78	25	0.815401
78	26	0.934064
78	29	0.824704
78	40	0.820364
78	83	0.837122
78	85	0.936745
78	96	0.913256
78	97	0.912995
78	115	0.890041
78	133	0.899733
78	137	0.882159
78	149	0.870884
78	162	1.13865
78	168	1.37128
78	176	3.41436
78	180	3.34018
79	12	0.869277
79	16	0.872148
79	33	0.92422
79	35	3.44868
79	45	0.840176
79	48	0.921767
79	51	0.893181
79	62	0.885332
79	63	0.880769
79	65	0.888247
79	68	0.943798
79	77	0.923118
79	80	1.30059
79	99	1.09451
79	133	0.910716
79	149	0.881866
79	155	0.845803
79	171	2.32556
79	176	0.799224
80	4	1.93288
80	43	2.16653
80	79	1.30059
80	147	0.91933
80	156	0.850632
80	158	0.866244
80	166	0.80889
80	168	0.859587
80	169	0.846081
80	170	0.83234
80	171	0.864458
80	172	0.836064
80	174	0.830053
80	175	0.823869
80	176	0.813619
80	178	0.819228
80	179	0.809961
80	180	0.819307
81	15	2.10935
81	19	2.11124
81	29	0.816804
81	40	0.812464
81	69	1.47941
81	71	0.913817
81	82	0.858155
81	83	0.829222
81	96	0.905356
81	97	0.905095
81	102	0.848065
81	113	0.878898
81	120	0.861391
81	166	0.775613
81	175	0.790592
81	176	0.780342
81	178	0.785952
81	179	0.776684
81	180	0.78603
82	11	1.63303
82	48	2.09991
82	71	1.96706
82	73	0.839626
82	76	0.825943
82	81	0.858155
82	90	0.916609
82	92	0.916284
82	116	0.85884
82	131	0.848752
82	134	0.847511
82	136	0.871798
82	140	0.883703
82	174	0.782919
82	175	0.776735
82	177	0.773801
82	178	0.772094
82	179	0.762827
82	180	0.772173
83	5	0.802262
83	17	0.907369
83	25	0.764712
83	26	0.883374
83	29	0.774014
83	40	0.769674
83	78	0.837122
83	81	0.829222
83	85	0.886055
83	94	0.757004
83	96	0.862566
83	97	0.862305
83	115	0.839351
83	133	0.849043
83	137	0.83147
83	145	1.11578
83	149	0.820194
83	174	3.20644
83	176	4.04089
84	1	2.28406
84	115	0.850672
84	116	0.674746
84	156	0.843299
84	160	0.833704
84	162	0.879352
84	163	0.856294
84	165	0.808022
84	166	0.801557
84	168	0.852254
84	169	0.838748
84	170	0.825007
84	171	0.857126
84	172	0.828731
84	173	0.829029
84	175	0.816536
84	178	0.811896
84	179	0.802628
84	180	0.811974
85	25	0.864335
85	42	1.81413
85	78	0.936745
85	83	0.886055
85	96	0.962189
85	97	0.961928
85	105	1.1257
85	109	0.894584
85	113	0.93573
85	120	0.918224
85	134	0.0979062
85	140	0.10909
85	170	0.855896
85	171	0.888014
85	172	0.85962
85	176	0.837175
85	178	0.842784
85	179	0.833517
85	180	0.842863
86	70	1.13848
86	96	0.798763
86	97	0.708221
86	134	0.713002
86	146	0.967485
86	151	0.895258
86	160	0.870255
86	161	0.933979
86	166	0.838108
86	168	0.888804
86	169	0.875298
86	170	0.861558
86	171	0.893676
86	172	0.865282
86	173	0.86558
86	174	0.859271
86	175	0.853087
86	178	0.848446
86	179	0.839179
86	180	0.848525
87	12	2.46779
87	46	1.79043
87	51	1.74178
87	135	0.836131
87	143	0.758704
87	158	0.847214
87	161	0.885732
87	162	0.867655
87	163	0.844597
87	168	0.840557
87	169	0.827051
87	170	0.81331
87	171	0.845429
87	172	0.817034
87	173	0.817332
87	174	0.811024
87	175	0.804839
87	178	0.800199
87	179	0.790931
87	180	0.800277
88	8	0.975818
88	44	1.06365
88	58	1.87886
88	111	1.1618
88	151	0.89835
88	154	0.929603
88	160	0.873347
88	162	0.918995
88	165	0.847664
88	168	0.891897
88	169	0.878391
88	170	0.86465
88	171	0.896768
88	172	0.868374
88	173	0.868672
88	174	0.862363
88	175	0.856179
88	178	0.851538
88	179	0.842271
88	180	0.851617
89	4	0.846762
89	31	0.920224
89	34	0.892563
89	44	0.892563
89	64	0.866543
89	71	0.909903
89	95	0.865824
89	102	0.844151
89	103	0.899801
89	107	0.890884
89	108	0.893702
89	109	0.833837
89	113	0.874984
89	120	0.857477
89	125	2.80182
89	129	0.807237
89	141	1.07516
89	153	0.82749
89	155	3.10447
89	164	2.53241
89	176	0.776428
90	9	0.904699
90	32	0.956174
90	35	0.832961
90	37	0.974725
90	61	0.920502
90	73	0.911937
90	74	0.972069
90	75	0.96329
90	76	0.898254
90	82	0.916609
90	92	0.988595
90	115	0.940596
90	128	1.34915
90	129	0.869605
90	137	0.932714
90	157	3.6704
90	159	0.852225
90	162	1.0088
90	173	2.31823
90	177	0.846112
90	180	3.21033
91	98	0.841215
91	100	0.84936
91	105	0.888879
91	110	0.880691
91	112	0.882585
91	116	0.861844
91	117	0.866981
91	122	0.877921
91	124	0.882548
91	127	0.835505
91	130	0.860857
91	131	0.851756
91	132	0.889837
91	134	0.850515
91	136	0.874802
91	140	0.886707
91	153	0.820551
91	154	1.89102
91	163	2.17018
91	169	2.26809
91	174	3.43358
92	9	0.904373
92	32	0.955848
92	35	0.832635
92	37	0.974399
92	61	0.920176
92	73	0.911611
92	74	0.971743
92	75	0.962964
92	76	0.897928
92	82	0.916284
92	90	0.988595
92	115	0.94027
92	121	2.46644
92	126	1.68357
92	129	0.869279
92	137	0.932388
92	139	2.56361
92	148	1.58769
92	159	0.851899
92	164	2.25452
92	177	0.845786
93	54	0.879848
93	55	0.861629
93	59	0.858518
93	101	0.903875
93	110	0.887816
93	112	0.889709
93	116	0.868968
93	117	0.874106
93	122	0.885045
93	127	0.84263
93	130	0.867981
93	131	0.85888
93	134	0.857639
93	136	0.881926
93	140	0.893832
93	147	1.42463
93	156	2.97685
93	167	0.794293
93	171	2.23401
93	177	0.783929
93	179	3.97717
94	4	3.19175
94	5	0.772834
94	26	0.853945
94	31	3.10825
94	50	0.745914
94	57	0.793423
94	60	0.792499
94	69	0.850018
94	70	0.849313
94	83	0.757004
94	96	0.833138
94	97	0.832876
94	133	0.819615
94	155	0.754702
94	157	0.718186
94	169	0.740585
94	172	0.730569
94	174	0.724558
94	178	0.713733
94	179	0.704465
94	180	0.713811
95	4	0.848401
95	34	0.894203
95	44	0.894203
95	64	0.868183
95	71	0.911542
95	89	0.865824
95	102	0.84579
95	103	0.901441
95	107	0.892523
95	108	0.895342
95	109	0.835477
95	113	0.876623
95	120	0.859117
95	123	0.891969
95	125	3.08748
95	129	0.808876
95	141	1.36083
95	146	2.18145
95	153	0.82913
95	164	2.81807
95	176	0.778068
96	5	0.878396
96	11	0.968772
96	17	0.983503
96	25	0.840846
96	26	0.959508
96	29	0.850148
96	40	0.845808
96	78	0.913256
96	81	0.905356
96	83	0.862566
96	85	0.962189
96	86	0.798763
96	94	0.833138
96	97	0.938439
96	115	0.915485
96	133	0.925177
96	137	0.907604
96	144	1.09204
96	149	0.896328
96	159	3.19187
96	167	2.8953
96	169	2.11175
97	5	0.878135
97	11	0.968511
97	17	0.983242
97	25	0.840584
97	26	0.959246
97	29	0.849887
97	40	0.845546
97	78	0.912995
97	81	0.905095
97	83	0.862305
97	85	0.961928
97	86	0.708221
97	94	0.832876
97	96	0.938439
97	115	0.915224
97	119	1.24493
97	133	0.924916
97	137	0.907342
97	146	1.04702
97	149	0.896066
97	175	3.51386
97	177	4.15714
98	55	0.845414
98	59	0.842303
98	91	0.841215
98	101	0.88766
98	105	0.879788
98	111	0.878078
98	112	0.873494
98	116	0.852753
98	122	0.86883
98	124	0.873457
98	127	0.826415
98	130	0.851766
98	131	0.842665
98	132	0.880746
98	133	1.19311
98	134	0.841424
98	136	0.865711
98	140	0.877617
98	150	3.44472
98	171	2.32926
98	172	3.52369
98	177	0.767714
99	63	1.10381
99	75	1.85274
99	79	1.09451
99	117	1.70264
99	126	0.93772
99	138	0.892818
99	142	0.912488
99	148	0.918379
99	156	0.857361
99	163	0.870356
99	165	0.822083
99	166	0.815618
99	169	0.852809
99	170	0.839068
99	171	0.871187
99	172	0.842793
99	173	0.84309
99	174	0.836782
99	175	0.830597
99	178	0.825957
99	179	0.816689
99	180	0.826035
100	54	0.871777
100	59	0.850448
100	72	1.62851
100	91	0.84936
100	101	0.895805
100	112	0.881639
100	116	0.860898
100	117	0.866035
100	122	0.876975
100	127	0.834559
100	130	0.859911
100	131	0.85081
100	132	0.888891
100	134	0.849569
100	136	0.873856
100	140	0.885761
100	144	1.94673
100	153	0.819605
100	162	2.69066
100	167	0.786222
100	169	2.96643
100	177	0.775859
101	93	0.903875
101	98	0.88766
101	100	0.895805
101	110	0.927136
101	111	0.933613
101	117	0.913426
101	122	0.924365
101	124	0.928992
101	127	0.88195
101	130	0.907301
101	131	0.8982
101	132	0.936281
101	134	0.896959
101	136	0.921246
101	138	1.57885
101	139	1.46495
101	140	0.933152
101	153	0.866995
101	155	1.72792
101	172	3.04135
101	176	3.49336
101	177	0.823249
102	8	0.918069
102	31	0.900191
102	34	0.872529
102	44	0.872529
102	64	0.84651
102	71	0.889869
102	81	0.848065
102	89	0.844151
102	95	0.84579
102	103	0.879767
102	107	0.87085
102	108	0.873668
102	109	0.813804
102	113	0.85495
102	118	2.18498
102	120	0.837443
102	123	0.870295
102	153	0.807456
102	155	2.23716
102	167	2.78622
102	173	3.03633
102	176	0.756394
103	4	0.882378
103	8	0.973719
103	27	1.23423
103	31	0.955841
103	34	0.92818
103	44	0.92818
103	49	0.993046
103	64	0.90216
103	71	0.945519
103	89	0.899801
103	95	0.901441
103	102	0.879767
103	107	0.9265
103	108	0.929319
103	109	0.869454
103	113	0.9106
103	120	0.893094
103	138	2.44023
103	144	1.33509
103	153	0.863107
103	173	3.38846
103	176	0.812045
104	43	2.53352
104	115	1.48577
104	124	1.17804
104	138	0.845773
104	143	0.737417
104	146	0.897951
104	149	0.855945
104	160	0.800721
104	162	0.846369
104	163	0.823311
104	166	0.768574
104	167	0.790982
104	168	0.81927
104	169	0.805764
104	170	0.792023
104	171	0.824142
104	172	0.795748
104	173	0.796046
104	174	0.789737
104	175	0.783552
104	178	0.778912
104	179	0.769645
104	180	0.778991
105	54	0.911296
105	58	0.89416
105	59	0.889966
105	85	1.1257
105	91	0.888879
105	98	0.879788
105	110	0.919264
105	114	2.14213
105	116	0.900416
105	117	0.905554
105	122	0.916494
105	124	0.92112
105	127	0.874078
105	128	1.33383
105	130	0.899429
105	131	0.890329
105	132	0.92841
105	134	0.889087
105	140	0.92528
105	152	2.85297
105	161	2.50103
105	167	0.825741
105	177	0.815377
106	52	1.75586
106	65	2.63714
106	118	0.830409
106	132	1.66824
106	145	0.904398
106	149	0.84678
106	150	0.785954
106	151	0.816559
106	158	0.816764
106	161	0.855281
106	162	0.837205
106	163	0.814147
106	166	0.759409
106	169	0.7966
106	170	0.782859
106	171	0.814978
106	172	0.786584
106	173	0.786881
106	174	0.780573
106	175	0.774388
106	178	0.769748
106	179	0.76048
106	180	0.769826
107	4	0.873461
107	8	0.964801
107	31	0.946924
107	34	0.919262
107	39	3.294
107	44	0.919262
107	64	0.893242
107	71	0.936602
107	89	0.890884
107	95	0.892523
107	102	0.87085
107	103	0.9265
107	108	0.920401
107	109	0.860537
107	113	0.901683
107	120	0.884176
107	129	0.833936
107	149	1.12218
107	151	2.2779
107	153	0.854189
107	161	0.925096
107	172	3.02578
107	176	0.803127
108	4	0.876279
108	31	0.949742
108	34	0.92208
108	44	0.92208
108	64	0.896061
108	71	0.93942
108	89	0.893702
108	95	0.895342
108	102	0.873668
108	103	0.929319
108	107	0.920401
108	109	0.863355
108	113	0.904501
108	120	0.886994
108	123	0.919847
108	129	0.836754
108	149	1.57277
108	153	0.857007
108	157	3.53846
108	158	1.69054
108	172	2.70056
108	176	0.805946
108	180	3.07839
109	4	0.816415
109	8	0.907755
109	31	0.889877
109	34	0.862216
109	44	0.862216
109	64	0.836196
109	71	0.879556
109	85	0.894584
109	89	0.833837
109	95	0.835477
109	102	0.813804
109	103	0.869454
109	107	0.860537
109	108	0.863355
109	113	0.844637
109	120	0.82713
109	123	0.859982
109	153	0.797143
109	157	3.98422
109	161	1.04564
109	171	1.95189
109	176	0.746081
109	179	3.69504
110	54	0.903109
110	58	0.885973
110	91	0.880691
110	93	0.887816
110	101	0.927136
110	105	0.919264
110	112	0.91297
110	116	0.892229
110	122	0.908306
110	124	0.912933
110	127	0.86589
110	131	0.882141
110	132	0.920222
110	134	0.8809
110	136	0.905187
110	140	0.917092
110	148	0.905989
110	151	1.85694
110	153	0.850936
110	166	3.95952
110	167	0.817554
110	173	2.09055
110	178	2.85548
111	1	0.867636
111	59	0.888256
111	88	1.1618
111	98	0.878078
111	101	0.933613
111	112	0.919447
111	116	0.898706
111	117	0.903844
111	122	0.914784
111	124	0.919411
111	127	0.872368
111	129	3.72012
111	130	0.89772
111	131	0.888619
111	132	0.9267
111	134	0.887377
111	136	0.911664
111	140	0.92357
111	145	1.66939
111	154	2.21748
111	161	2.0418
111	167	0.824031
111	177	0.813667
112	10	0.0414307
112	39	0.822178
112	55	0.886784
112	91	0.882585
112	93	0.889709
112	98	0.873494
112	100	0.881639
112	110	0.91297
112	111	0.919447
112	116	0.894122
112	122	0.9102
112	124	0.914827
112	125	1.0886
112	127	0.867784
112	130	0.893136
112	131	0.884035
112	134	0.882793
112	135	3.01211
112	136	0.90708
112	140	0.918986
112	166	4.05938
112	167	0.819447
112	177	0.809083
112	178	2.95534
113	4	0.857561
113	8	0.948901
113	31	0.931024
113	34	0.903362
113	44	0.903362
113	64	0.877342
113	81	0.878898
113	85	0.93573
113	89	0.874984
113	95	0.876623
113	102	0.85495
113	103	0.9106
113	107	0.901683
113	108	0.904501
113	109	0.844637
113	120	0.868276
113	123	0.901128
113	152	1.27581
113	153	0.838289
113	154	1.09955
113	158	2.01454
113	165	3.93468
113	176	0.787227
113	177	3.61256
114	15	1.34298
114	47	1.94396
114	76	1.77094
114	105	2.14213
114	125	0.896679
114	150	0.831864
114	156	0.847061
114	158	0.862673
114	160	0.837466
114	161	0.90119
114	163	0.860056
114	166	0.805319
114	168	0.856015
114	169	0.842509
114	170	0.828769
114	171	0.860887
114	172	0.832493
114	173	0.832791
114	174	0.826482
114	175	0.820298
114	176	0.810048
114	178	0.815657
114	179	0.80639
114	180	0.815736
115	53	0.885715
115	57	0.875771
115	60	0.874847
115	61	0.872177
115	69	0.932366
115	70	0.931661
115	75	0.914965
115	76	0.849929
115	78	0.890041
115	83	0.839351
115	84	0.850672
115	90	0.940596
115	92	0.94027
115	96	0.915485
115	97	0.915224
115	104	1.48577
115	125	1.72209
115	137	0.884389
115	149	0.873113
115	155	0.83705
115	157	0.800534
115	160	2.47053
115	175	3.2829
115	177	0.797787
116	58	0.867125
116	82	0.85884
116	84	0.674746
116	91	0.861844
116	93	0.868968
116	98	0.852753
116	100	0.860898
116	105	0.900416
116	110	0.892229
116	111	0.898706
116	112	0.894122
116	119	0.941886
116	122	0.889459
116	124	0.894086
116	127	0.847043
116	130	0.872395
116	131	0.863294
116	132	0.901375
116	134	0.862052
116	135	3.46967
116	136	0.886339
116	140	0.898245
116	167	0.798706
116	174	2.77981
116	175	3.10697
117	1	0.847448
117	55	0.87118
117	58	0.872263
117	91	0.866981
117	93	0.874106
117	99	1.70264
117	100	0.866035
117	101	0.913426
117	105	0.905554
117	111	0.903844
117	123	0.900065
117	124	0.899223
117	130	0.877532
117	131	0.868431
117	132	0.906512
117	133	1.79754
117	134	0.86719
117	136	0.891477
117	140	0.903382
117	145	1.65502
117	149	2.22451
117	153	0.837226
117	167	0.803843
117	173	3.61385
117	177	0.79348
118	18	2.21857
118	102	2.18498
118	106	0.830409
118	123	2.23492
118	139	0.830115
118	147	0.860654
118	150	0.776759
118	154	0.838616
118	156	0.791956
118	158	0.807568
118	161	0.846085
118	162	0.828009
118	163	0.804951
118	165	0.756678
118	168	0.80091
118	169	0.787404
118	171	0.805782
118	172	0.777388
118	173	0.777686
118	174	0.771377
118	175	0.765192
118	177	0.762258
118	178	0.760552
118	179	0.751284
118	180	0.76063
119	9	1.80131
119	25	2.51871
119	75	1.29316
119	97	1.24493
119	116	0.941886
119	139	0.903233
119	141	0.974802
119	152	0.896744
119	158	0.880686
119	160	0.855479
119	161	0.919203
119	162	0.901127
119	163	0.878069
119	165	0.829796
119	166	0.823332
119	168	0.874028
119	169	0.860522
119	170	0.846782
119	171	0.8789
119	172	0.850506
119	173	0.850804
119	174	0.844495
119	175	0.838311
119	178	0.83367
119	179	0.824403
119	180	0.833749
120	4	0.840054
120	8	0.931395
120	31	0.913517
120	34	0.885855
120	44	0.885855
120	64	0.859836
120	71	0.903195
120	81	0.861391
120	85	0.918224
120	89	0.857477
120	95	0.859117
120	102	0.837443
120	103	0.893094
120	107	0.884176
120	108	0.886994
120	109	0.82713
120	113	0.868276
120	123	0.883622
120	129	0.800529
120	144	1.70282
120	147	1.50969
120	153	0.820783
120	160	3.40281
120	163	2.62461
120	169	2.72252
120	176	0.769721
121	26	1.41473
121	61	1.43723
121	73	2.78161
121	92	2.46644
121	125	0.862844
121	139	0.851385
121	145	0.916473
121	146	0.900861
121	147	0.881924
121	150	0.798029
121	154	0.859886
121	156	0.813226
121	160	0.803631
121	162	0.849279
121	163	0.826221
121	166	0.771484
121	168	0.82218
121	169	0.808674
121	170	0.794934
121	171	0.827052
121	172	0.798658
121	173	0.798956
121	174	0.792647
121	175	0.786462
121	178	0.781822
121	179	0.772555
121	180	0.781901
122	55	0.88212
122	58	0.883202
122	59	0.879008
122	91	0.877921
122	93	0.885045
122	98	0.86883
122	100	0.876975
122	101	0.924365
122	105	0.916494
122	110	0.908306
122	111	0.914784
122	112	0.9102
122	116	0.889459
122	124	0.910163
122	126	1.26987
122	127	0.86312
122	130	0.888472
122	131	0.879371
122	132	0.917452
122	134	0.878129
122	136	0.902417
122	138	2.26382
122	140	0.914322
122	142	1.7137
122	145	1.25322
122	156	3.27472
122	177	0.804419
122	180	4.10414
123	53	0.897817
123	57	0.887873
123	60	0.886948
123	69	0.944467
123	70	0.943763
123	95	0.891969
123	102	0.870295
123	108	0.919847
123	109	0.859982
123	113	0.901128
123	117	0.900065
123	118	2.23492
123	120	0.883622
123	124	0.915632
123	127	0.868589
123	130	0.893941
123	131	0.88484
123	132	0.922921
123	136	0.907886
123	140	0.919791
123	142	1.58792
123	146	1.07842
123	152	1.8518
123	155	0.849151
123	157	0.812635
123	168	2.00947
123	176	0.802573
123	180	3.97837
124	2	2.75492
124	3	0.713944
124	39	0.822141
124	55	0.886747
124	59	0.883635
124	91	0.882548
124	98	0.873457
124	101	0.928992
124	104	1.17804
124	105	0.92112
124	110	0.912933
124	111	0.919411
124	112	0.914827
124	116	0.894086
124	117	0.899223
124	122	0.910163
124	123	0.915632
124	127	0.867747
124	131	0.883998
124	132	0.922079
124	134	0.882756
124	136	0.907044
124	140	0.918949
124	151	2.28257
124	167	0.81941
124	168	1.43938
124	170	2.74377
124	177	0.809046
125	2	0.822719
125	89	2.80182
125	95	3.08748
125	112	1.0886
125	114	0.896679
125	115	1.72209
125	121	0.862844
125	138	0.847774
125	142	0.867444
125	143	0.739418
125	144	0.910786
125	150	0.797119
125	151	0.827724
125	156	0.812316
125	160	0.802721
125	163	0.825311
125	165	0.777038
125	166	0.770574
125	168	0.821271
125	169	0.807765
125	170	0.794024
125	171	0.826143
125	172	0.797748
125	173	0.798046
125	174	0.791737
125	175	0.785553
125	178	0.780913
125	179	0.771645
125	180	0.780991
126	16	2.74427
126	37	1.00228
126	92	1.68357
126	99	0.93772
126	122	1.26987
126	140	1.12866
126	143	0.770158
126	144	0.941527
126	146	0.930692
126	154	0.889717
126	156	0.843057
126	158	0.858669
126	161	0.897186
126	162	0.87911
126	163	0.856052
126	165	0.807779
126	166	0.801315
126	168	0.852012
126	169	0.838505
126	170	0.824765
126	171	0.856883
126	173	0.828787
126	174	0.822478
126	175	0.816294
126	176	0.806044
126	177	0.81336
126	178	0.811653
126	179	0.802386
126	180	0.811732
127	1	0.815972
127	58	0.840787
127	91	0.835505
127	93	0.84263
127	98	0.826415
127	100	0.834559
127	101	0.88195
127	105	0.874078
127	110	0.86589
127	111	0.872368
127	112	0.867784
127	116	0.847043
127	122	0.86312
127	123	0.868589
127	124	0.867747
127	130	0.846056
127	131	0.836955
127	132	0.875036
127	134	0.835714
127	136	0.860001
127	137	2.07667
127	140	0.871906
127	147	1.9375
127	153	0.80575
127	161	2.59757
127	162	2.87455
127	167	0.772367
127	171	3.50383
127	177	0.762004
128	36	0.998739
128	40	1.40917
128	60	2.25666
128	74	1.35245
128	90	1.34915
128	105	1.33383
128	138	0.912549
128	139	0.915251
128	145	0.980338
128	148	0.93811
128	150	0.861895
128	152	0.908762
128	154	0.923752
128	158	0.892704
128	161	0.931221
128	163	0.890087
128	165	0.841814
128	166	0.835349
128	168	0.886046
128	169	0.87254
128	170	0.858799
128	171	0.890918
128	172	0.862524
128	173	0.862822
128	174	0.856513
128	175	0.850328
128	178	0.845688
128	179	0.83642
128	180	0.845766
129	31	0.863277
129	64	0.809595
129	73	0.792621
129	74	0.852753
129	75	0.843974
129	76	0.778938
129	77	3.00435
129	89	0.807237
129	90	0.869605
129	92	0.869279
129	95	0.808876
129	107	0.833936
129	108	0.836754
129	111	3.72012
129	120	0.800529
129	130	1.31079
129	155	0.766059
129	160	0.746899
129	169	0.751942
129	170	0.738201
129	172	0.741926
129	173	0.742223
129	175	0.72973
129	176	0.71948
129	177	0.726796
129	178	0.72509
129	179	0.715822
129	180	0.725168
130	1	0.841324
130	55	0.865056
130	58	0.866138
130	59	0.861944
130	91	0.860857
130	93	0.867981
130	98	0.851766
130	100	0.859911
130	101	0.907301
130	105	0.899429
130	111	0.89772
130	112	0.893136
130	116	0.872395
130	117	0.877532
130	122	0.888472
130	123	0.893941
130	127	0.846056
130	129	1.31079
130	131	0.862307
130	132	0.900388
130	134	0.861065
130	136	0.885353
130	140	0.897258
130	141	1.81514
130	143	11.1
130	144	1.08413
130	153	0.831102
130	167	0.797719
130	172	1.73322
130	176	2.18516
130	177	0.787355
131	1	0.832223
131	35	0.765104
131	54	0.874173
131	55	0.855955
131	59	0.852843
131	82	0.848752
131	91	0.851756
131	93	0.85888
131	98	0.842665
131	100	0.85081
131	101	0.8982
131	105	0.890329
131	110	0.882141
131	111	0.888619
131	112	0.884035
131	116	0.863294
131	117	0.868431
131	122	0.879371
131	123	0.88484
131	124	0.883998
131	127	0.836955
131	130	0.862307
131	132	0.891287
131	136	0.876252
131	139	2.00909
131	140	0.888157
131	155	2.27206
131	156	3.13389
131	158	2.57547
131	159	3.11768
131	163	1.93965
131	177	0.778254
132	1	0.870304
132	35	0.803185
132	54	0.912254
132	55	0.894036
132	59	0.890925
132	72	0.581122
132	91	0.889837
132	98	0.880746
132	100	0.888891
132	101	0.936281
132	105	0.92841
132	106	1.66824
132	110	0.920222
132	111	0.9267
132	116	0.901375
132	117	0.906512
132	122	0.917452
132	123	0.922921
132	124	0.922079
132	127	0.875036
132	130	0.900388
132	131	0.891287
132	134	0.890046
132	136	0.914333
132	140	0.926238
132	145	0.993879
132	149	1.56337
132	153	0.860082
132	171	2.27254
132	173	2.9527
132	177	0.816336
132	179	4.0157
133	5	0.864873
133	25	0.827323
133	29	0.836625
133	31	1.73819
133	51	0.894119
133	62	0.88627
133	63	0.881707
133	65	0.889186
133	66	1.09892
133	73	2.1246
133	75	1.94764
133	77	0.924057
133	78	0.899733
133	79	0.910716
133	83	0.849043
133	94	0.819615
133	96	0.925177
133	97	0.924916
133	98	1.19311
133	117	1.79754
133	137	0.894081
133	149	0.882805
133	157	0.810225
133	158	0.852788
133	166	0.795434
133	171	0.851002
133	172	0.822608
133	173	0.822906
133	175	0.810413
133	176	0.800163
133	178	0.805772
133	179	0.796505
133	180	0.805851
134	1	0.830982
134	35	0.763862
134	54	0.872932
134	58	0.855796
134	59	0.851602
134	82	0.847511
134	85	0.0979062
134	86	0.713002
134	91	0.850515
134	93	0.857639
134	98	0.841424
134	100	0.849569
134	101	0.896959
134	105	0.889087
134	110	0.8809
134	111	0.887377
134	112	0.882793
134	116	0.862052
134	117	0.86719
134	122	0.878129
134	124	0.882756
134	127	0.835714
134	130	0.861065
134	132	0.890046
134	136	0.87501
134	140	0.886916
134	151	2.82603
134	153	0.820759
134	162	1.75021
134	167	0.787377
134	176	4.02592
134	177	0.777013
134	179	4.12264
135	35	0.724379
135	61	3.41822
135	87	0.836131
135	112	3.01211
135	116	3.46967
135	139	0.805386
135	141	0.876955
135	143	0.694328
135	145	0.870474
135	146	0.854862
135	147	0.835925
135	150	0.75203
135	152	0.798897
135	156	0.767227
135	157	0.740276
135	159	0.743642
135	160	0.757632
135	162	0.80328
135	163	0.780222
135	165	0.731949
135	166	0.725485
135	168	0.776181
135	169	0.762675
135	170	0.748935
135	171	0.781053
135	172	0.752659
135	173	0.752957
135	174	0.746648
135	175	0.740463
135	177	0.737529
135	178	0.735823
135	179	0.726556
135	180	0.735902
136	1	0.855269
136	35	0.78815
136	54	0.897219
136	55	0.879001
136	58	0.880083
136	82	0.871798
136	91	0.874802
136	93	0.881926
136	98	0.865711
136	100	0.873856
136	101	0.921246
136	110	0.905187
136	111	0.911664
136	112	0.90708
136	116	0.886339
136	117	0.891477
136	122	0.902417
136	123	0.907886
136	124	0.907044
136	127	0.860001
136	130	0.885353
136	131	0.876252
136	132	0.914333
136	134	0.87501
136	140	0.911203
136	142	1.1364
136	153	0.845046
136	154	1.22401
136	155	1.83558
136	159	2.68121
136	160	2.28137
136	166	4.50371
136	167	0.811664
136	172	3.14901
137	5	0.8473
137	6	0.967066
137	11	0.937676
137	22	1.19532
137	23	2.59499
137	28	2.27777
137	29	0.819052
137	61	0.864295
137	71	1.08819
137	73	0.85573
137	74	0.915862
137	75	0.907083
137	76	0.842047
137	78	0.882159
137	83	0.83147
137	90	0.932714
137	92	0.932388
137	96	0.907604
137	97	0.907342
137	115	0.884389
137	127	2.07667
137	133	0.894081
137	152	0.851273
137	159	0.796018
137	168	0.828557
137	169	0.815051
137	172	0.805035
137	173	0.805332
137	174	0.799024
137	175	0.792839
137	177	0.789905
137	178	0.788199
137	179	0.778931
137	180	0.788277
138	20	1.74907
138	76	2.76803
138	99	0.892818
138	101	1.57885
138	103	2.44023
138	104	0.845773
138	122	2.26382
138	125	0.847774
138	128	0.912549
138	139	0.836315
