1	31	0.991326
1	73	1.18387
1	78	1.09029
1	90	0.851999
1	95	1.05681
1	97	0.897894
1	100	1.03485
1	154	1.05151
1	157	1.09327
1	164	0.933753
1	166	0.953688
1	171	0.861086
2	9	1.10341
2	54	1.00558
2	73	1.17934
2	95	1.05229
2	97	0.893372
2	100	1.03032
2	127	0.85887
2	146	0.96675
2	154	1.04699
2	157	1.08874
2	167	0.900789
2	171	0.875133
3	78	1.33615
3	95	1.30268
3	97	1.14376
3	100	1.28071
3	121	0.670291
3	154	1.29738
3	157	1.33913
3	158	0.566599
3	159	0.674733
3	161	0.723381
3	167	0.664591
4	123	0.879529
4	125	0.929242
4	167	1.05372
4	168	1.02961
4	169	1.0498
4	170	1.06251
4	172	1.0575
4	173	1.03391
4	174	0.892956
4	175	1.06487
4	176	1.05714
4	178	0.895998
5	47	0.776741
5	80	0.69019
5	116	0.715233
5	151	0.724149
5	165	1.19254
5	167	1.20154
5	168	1.17743
5	170	1.21034
5	171	1.20726
5	172	1.20532
5	175	1.21269
5	178	0.690536
6	23	1.14242
6	40	1.24872
6	69	1.27152
6	82	1.20797
6	93	1.10068
6	110	1.22525
6	115	0.846892
6	122	1.20254
6	129	0.67533
6	145	0.627472
6	155	0.754308
6	179	0.696052
7	138	0.881898
7	146	1.04719
7	150	1.04286
7	161	1.05272
7	162	1.05529
7	163	0.940856
7	166	1.03499
7	170	0.923258
7	174	1.05414
7	177	0.857145
7	178	1.06276
7	180	1.05083
8	40	0.728791
8	141	1.18852
8	155	1.22126
8	160	0.700471
8	162	1.20185
8	165	0.734961
8	166	1.18155
8	169	0.727674
8	170	0.711405
8	174	1.2007
8	178	1.20932
8	180	1.19739
9	2	1.10341
9	14	0.785163
9	54	1.19284
9	78	1.27302
9	82	0.68568
9	91	0.716363
9	95	1.23955
9	97	1.08063
9	108	0.765556
9	154	1.23425
9	157	1.276
9	177	0.64541
10	19	0.788797
10	51	0.646416
10	87	0.745384
10	133	0.746191
10	160	1.20566
10	168	1.18025
10	169	1.20044
10	170	1.21315
10	173	1.18455
10	175	1.21551
10	176	1.20778
10	179	0.669103
11	53	0.729936
11	94	0.710039
11	116	0.723833
11	125	0.732381
11	165	1.19293
11	169	1.19801
11	170	1.21073
11	172	1.20571
11	173	1.18213
11	175	1.21308
11	176	1.20536
11	178	0.699136
12	39	0.664846
12	60	1.16736
12	65	1.17251
12	99	1.23714
12	113	1.17641
12	128	1.17767
12	133	0.74296
12	146	0.750448
12	159	1.19345
12	164	0.731497
12	173	0.70966
12	179	1.27546
13	42	0.918455
13	148	1.04947
13	149	0.876617
13	158	0.855271
13	161	1.03545
13	162	1.03801
13	166	1.01772
13	167	0.953264
13	174	1.03686
13	178	1.04548
13	179	1.14407
13	180	1.03356
14	9	0.785163
14	17	0.845717
14	106	0.72264
14	114	1.15204
14	115	1.0849
14	142	1.10172
14	155	1.16763
14	160	0.750937
14	161	1.14566
14	168	0.798732
14	174	1.14708
14	178	1.1557
14	180	1.14377
15	57	0.755426
15	123	1.13114
15	124	1.13209
15	126	1.17386
15	131	1.0945
15	136	1.094
15	140	1.1032
15	143	1.1736
15	156	0.680187
15	166	0.85082
15	174	0.828592
15	176	0.785902
15	177	1.19775
16	23	1.08494
16	69	1.21405
16	82	1.1505
16	85	1.15864
16	88	1.13546
16	93	1.0432
16	110	1.16778
16	118	0.834725
16	122	1.14507
16	145	0.71336
16	165	0.821031
16	175	0.801523
16	177	0.731361
17	14	0.845717
17	18	0.698717
17	58	1.11793
17	60	1.10533
17	65	1.11048
17	66	1.13062
17	99	1.17512
17	108	0.82611
17	128	1.11565
17	159	1.13142
17	177	0.705964
17	178	0.822915
17	179	1.21343
18	17	0.698717
18	33	1.23764
18	54	1.29641
18	95	1.34312
18	97	1.1842
18	98	0.678824
18	100	1.32115
18	154	1.33782
18	157	1.37958
18	163	0.63247
18	167	0.61795
18	169	0.631141
18	173	0.643123
19	10	0.788797
19	87	1.13475
19	122	0.822771
19	137	0.719999
19	155	1.1563
19	160	0.781455
19	161	1.13433
19	162	1.13689
19	164	1.14487
19	166	1.11659
19	172	0.789136
19	178	1.14436
19	180	1.13243
20	47	0.857913
20	94	0.782612
20	150	0.764296
20	162	0.787481
20	163	1.13169
20	165	1.13394
20	168	1.11882
20	170	1.15173
20	171	1.14865
20	173	1.12313
20	175	1.15408
20	176	1.14636
20	179	0.705336
21	53	1.08047
21	130	0.748239
21	136	1.10112
21	143	1.18072
21	152	0.809794
21	161	0.807589
21	172	1.13871
21	173	1.11512
21	175	1.14608
21	176	1.13836
21	177	1.20487
21	179	0.730186
21	180	0.800176
22	116	0.666863
22	123	0.625697
22	142	0.710293
22	151	0.675778
22	165	1.29655
22	168	1.28144
22	170	1.31434
22	171	1.31126
22	172	1.30933
22	173	1.28574
22	176	1.30897
22	178	0.642166
22	179	0.575793
23	6	1.14242
23	16	1.08494
23	24	1.11236
23	50	0.803656
23	69	1.21685
23	88	1.13826
23	105	1.12649
23	114	0.762691
23	122	1.14787
23	132	0.819249
23	135	1.13173
23	170	0.744439
23	173	0.77269
24	23	1.11236
24	29	1.0729
24	40	1.21866
24	93	1.07062
24	104	1.14369
24	105	1.1511
24	107	0.819357
24	122	1.17248
24	135	1.15634
24	143	0.738559
24	147	0.786979
24	169	0.757887
24	180	0.796073
25	112	0.830597
25	124	1.12853
25	126	1.17031
25	131	1.09094
25	136	1.09044
25	140	1.09965
25	143	1.17005
25	159	1.15603
25	161	0.794959
25	162	0.799701
25	175	0.73714
25	176	0.738197
25	177	1.1942
26	30	1.01721
26	59	0.771837
26	60	1.13833
26	61	1.02936
26	99	1.20812
26	110	0.785854
26	113	1.14739
26	114	0.808804
26	128	1.14864
26	135	0.828027
26	145	0.706436
26	159	1.16442
26	179	1.24643
27	65	1.1769
27	67	1.17868
27	79	1.20394
27	113	1.18081
27	128	1.18206
27	129	0.672759
27	147	0.754377
27	159	1.19784
27	162	0.775626
27	171	0.686439
27	175	0.713065
27	179	1.27985
28	69	0.742319
28	105	0.801813
28	115	1.08342
28	127	0.751869
28	132	1.10284
28	152	1.156
28	157	1.18974
28	166	1.12645
28	172	0.787454
28	173	0.818961
28	174	1.1456
28	178	1.15422
28	180	1.14229
29	24	1.0729
29	40	1.15459
29	77	1.11642
29	81	1.02433
29	88	1.0988
29	93	1.00655
29	105	1.08703
29	110	1.13112
29	112	0.889334
29	122	1.10841
29	142	0.910793
29	168	0.828689
29	175	0.795877
29	179	0.776293
30	26	1.01721
30	66	1.07544
30	72	1.151
30	77	0.846936
30	79	1.08235
30	99	1.11994
30	111	0.836398
30	113	1.05921
30	128	1.06047
30	156	0.755208
30	159	1.07624
30	167	0.858895
30	174	0.903612
30	179	1.15826
31	1	0.991326
31	33	1.01746
31	45	0.83183
31	49	0.868593
31	54	1.07623
31	73	1.24999
31	95	1.12294
31	97	0.964022
31	100	1.10097
31	135	0.86822
31	144	0.896502
31	154	1.11764
31	157	1.15939
31	158	0.735831
32	41	1.0569
32	61	0.963906
32	67	1.0798
32	72	1.17372
32	102	0.834698
32	108	0.873625
32	113	1.08193
32	118	1.0805
32	128	1.08319
32	155	0.862314
32	159	1.09896
32	177	0.75348
32	179	1.18097
32	180	0.874048
33	18	1.23764
33	31	1.01746
33	54	1.03623
33	73	1.21
33	78	1.11642
33	97	0.924025
33	100	1.06098
33	154	1.07764
33	157	1.1194
33	163	0.836909
33	173	0.847563
33	175	0.823359
33	176	0.824417
33	178	0.870149
34	60	0.812102
34	102	0.822416
34	135	0.844786
34	165	1.08096
34	167	1.08996
34	169	1.08604
34	170	1.09876
34	171	1.09568
34	172	1.09374
34	173	1.07015
34	174	0.855106
34	175	1.10111
34	176	1.09339
34	180	0.861766
35	42	0.67314
35	55	1.2301
35	114	0.723123
35	121	0.713648
35	123	1.21713
35	126	1.25986
35	131	1.1805
35	136	1.18
35	140	1.1892
35	143	1.2596
35	171	0.682293
35	172	0.701616
35	176	0.709976
35	177	1.28375
36	76	0.828578
36	102	1.24564
36	141	1.21056
36	148	1.23535
36	154	0.693515
36	158	0.612456
36	164	1.23187
36	166	1.20359
36	168	0.744231
36	171	0.684793
36	174	1.22274
36	177	0.641257
36	178	1.23136
36	180	1.21943
37	39	0.656752
37	76	0.794521
37	124	0.720514
37	130	1.27093
37	139	1.20896
37	147	1.21891
37	150	1.21384
37	166	1.20596
37	167	0.676392
37	174	1.22511
37	175	0.677362
37	176	0.67842
37	178	1.23373
37	180	1.2218
38	42	0.809955
38	75	1.05789
38	104	0.854803
38	105	0.852789
38	123	1.08296
38	126	1.12569
38	131	1.04633
38	136	1.04583
38	140	1.05503
38	143	1.12543
38	154	0.827829
38	159	1.11141
38	163	0.859283
38	177	1.14958
39	12	0.664846
39	37	0.656752
39	54	0.765584
39	67	0.67944
39	75	0.716507
39	150	0.715095
39	163	1.21966
39	167	1.23091
39	168	1.20679
39	169	1.22699
39	171	1.23662
39	173	1.2111
39	175	1.24205
39	176	1.23433
40	6	1.24872
40	8	0.728791
40	24	1.21866
40	29	1.15459
40	72	0.679807
40	77	1.26218
40	93	1.15231
40	105	1.23279
40	110	1.27688
40	116	0.781152
40	122	1.25417
40	149	0.632049
40	158	0.610703
40	161	0.767486
41	32	1.0569
41	61	1.04633
41	66	1.18059
41	67	1.16222
41	72	1.25615
41	79	1.18749
41	101	0.861327
41	128	1.16561
41	147	0.762947
41	154	0.703731
41	159	1.18138
41	166	0.78761
41	169	0.733855
41	177	0.651473
41	179	1.2634
42	13	0.918455
42	35	0.67314
42	38	0.809955
42	134	0.734146
42	152	0.720574
42	165	1.16263
42	167	1.17163
42	168	1.14751
42	169	1.16771
42	170	1.18042
42	171	1.17734
42	172	1.17541
42	173	1.15182
42	176	1.17505
42	179	0.640966
43	79	0.696963
43	97	0.953718
43	103	1.19604
43	108	0.773485
43	123	1.15663
43	124	1.15758
43	126	1.19936
43	127	0.680612
43	131	1.12
43	136	1.1195
43	140	1.1287
43	141	0.777316
43	143	1.1991
43	156	0.618844
43	177	1.22325
44	50	0.791459
44	105	0.743346
44	131	1.12629
44	134	1.16082
44	140	1.13499
44	143	1.20539
44	162	1.16733
44	166	1.14703
44	169	0.74851
44	170	0.732241
44	172	0.728987
44	173	0.760493
44	174	1.16618
44	177	1.22954
44	180	1.16287
45	31	0.83183
45	68	0.813052
45	72	0.663506
45	162	0.755926
45	163	1.16005
45	166	0.759341
45	167	1.17129
45	168	1.14718
45	169	1.16737
45	170	1.18009
45	172	1.17507
45	173	1.15148
45	175	1.18244
45	176	1.17471
45	179	0.673781
46	48	1.04985
46	92	1.18311
46	123	1.1163
46	124	1.11725
46	131	1.07967
46	135	0.839964
46	136	1.07917
46	140	1.08837
46	143	1.15877
46	145	0.718373
46	148	0.849919
46	159	1.14475
46	167	0.805567
46	171	0.779911
46	176	0.807595
46	177	1.18292
47	5	0.776741
47	20	0.857913
47	67	0.833044
47	82	0.799431
47	99	0.772983
47	102	1.14701
47	120	1.10994
47	132	1.08135
47	141	1.11193
47	152	1.13452
47	164	1.13324
47	166	1.10497
47	174	1.12412
47	177	0.759161
47	178	1.13274
47	180	1.12081
48	46	1.04985
48	64	1.12814
48	92	1.1669
48	103	1.13951
48	114	0.829464
48	126	1.14282
48	136	1.06296
48	137	0.73882
48	140	1.07216
48	143	1.14256
48	150	0.854636
48	158	0.716297
48	159	1.12855
48	160	0.800276
48	177	1.16671
48	178	0.862049
49	31	0.868593
49	89	0.792193
49	107	0.803819
49	148	0.77351
49	160	1.12711
49	163	1.11457
49	165	1.11681
49	167	1.12581
49	168	1.1017
49	169	1.12189
49	172	1.12959
49	173	1.106
49	175	1.13696
49	176	1.12923
49	178	0.776917
49	180	0.780535
50	23	0.803656
50	44	0.791459
50	139	0.813686
50	141	0.805313
50	157	0.764959
50	163	1.11334
50	165	1.11558
50	166	0.817474
50	168	1.10047
50	169	1.12066
50	170	1.13338
50	171	1.13029
50	172	1.12836
50	173	1.10477
50	175	1.13573
50	176	1.128
51	10	0.646416
51	69	1.3176
51	77	1.25662
51	81	1.16453
51	82	1.25404
51	88	1.239
51	104	1.21983
51	105	1.22724
51	108	0.704042
51	110	1.27133
51	122	1.24861
51	147	0.695371
51	151	0.73446
51	168	0.68687
51	174	0.697805
51	179	0.634474
52	95	1.14084
52	97	0.981919
52	98	0.810405
52	100	1.11887
52	154	1.13554
52	155	0.789173
52	157	1.17729
52	161	0.80832
52	163	1.11533
52	164	0.796541
52	170	1.13537
52	171	1.13229
52	174	0.794248
52	175	1.13772
52	176	1.13
52	178	0.79729
53	11	0.729936
53	21	1.08047
53	64	1.1368
53	90	0.738204
53	103	1.14817
53	115	0.905174
53	123	1.10876
53	124	1.10971
53	136	1.07162
53	140	1.08082
53	143	1.15122
53	146	0.838909
53	147	0.81523
53	159	1.13721
53	167	0.772947
53	177	1.17537
54	2	1.00558
54	9	1.19284
54	18	1.29641
54	31	1.07623
54	33	1.03623
54	39	0.765584
54	78	1.17519
54	97	0.982798
54	100	1.11975
54	154	1.13642
54	157	1.17817
54	163	0.799744
54	170	0.782145
54	174	0.829941
54	176	0.787252
54	180	0.836601
55	35	1.2301
55	75	1.15444
55	90	0.701618
55	106	0.694051
55	124	1.18046
55	126	1.22224
55	131	1.14288
55	136	1.14238
55	140	1.15158
55	143	1.22198
55	153	0.692595
55	159	1.20796
55	160	0.722348
55	162	0.799892
55	165	0.756839
55	175	0.737331
55	177	1.24613
56	92	1.23825
56	103	1.21086
56	121	0.709899
56	124	1.17239
56	126	1.21417
56	130	0.70364
56	131	1.13481
56	133	0.762674
56	136	1.13431
56	140	1.14351
56	143	1.21391
56	159	1.19989
56	164	0.75121
56	169	0.717391
56	170	0.701121
56	177	1.23806
56	178	0.751959
57	15	0.755426
57	136	0.735974
57	140	0.739022
57	148	0.710292
57	160	1.19545
57	165	1.18515
57	166	0.732886
57	167	1.19415
57	168	1.17004
57	169	1.19023
57	171	1.19986
57	172	1.19793
57	173	1.17434
57	174	0.710657
57	175	1.2053
57	176	1.19757
57	178	0.7137
58	17	1.11793
58	60	1.18387
58	61	1.0749
58	65	1.18902
58	93	0.816844
58	99	1.25365
58	113	1.19292
58	114	0.721841
58	118	1.19149
58	128	1.19418
58	139	0.769824
58	154	0.689732
58	159	1.20995
58	175	0.707637
58	177	0.637475
58	179	1.29197
58	180	0.758043
59	26	0.771837
59	141	0.727382
59	144	0.735275
59	151	0.753968
59	162	0.736128
59	163	1.18245
59	167	1.19369
59	168	1.16958
59	169	1.18977
59	170	1.20248
59	171	1.1994
59	172	1.19747
59	173	1.17388
59	174	0.717314
59	175	1.20484
59	176	1.19711
59	179	0.653983
60	12	1.16736
60	17	1.10533
60	26	1.13833
60	34	0.812102
60	58	1.18387
60	66	1.19656
60	67	1.1782
60	72	1.27212
60	89	0.759138
60	96	0.7007
60	112	0.79053
60	128	1.18159
60	129	0.656767
60	149	0.619456
60	159	1.19736
60	166	0.763048
60	179	1.27937
61	26	1.02936
61	32	0.963906
61	41	1.04633
61	58	1.0749
61	66	1.08759
61	72	1.16315
61	81	0.893453
61	99	1.13209
61	113	1.07136
61	125	0.887735
61	128	1.07262
61	132	0.878463
61	147	0.849014
61	159	1.08839
61	174	0.851449
61	177	0.737539
61	179	1.17041
62	106	0.688778
62	129	0.691752
62	133	1.1919
62	136	0.801121
62	142	1.15134
62	146	1.18974
62	150	1.18542
62	151	1.1859
62	161	1.19528
62	163	0.745607
62	164	1.20582
62	165	0.751565
62	168	0.764869
62	174	1.1967
62	177	0.661896
62	178	1.20532
62	180	1.19339
63	91	1.13595
63	95	0.872835
63	125	1.04311
63	128	0.862711
63	129	0.842243
63	147	1.07501
63	148	1.09382
63	151	1.07041
63	153	0.837812
63	161	1.07979
63	164	1.09033
63	166	1.06206
63	172	0.875245
63	174	1.0812
63	177	0.812386
63	178	1.08983
63	180	1.0779
64	48	1.12814
64	53	1.1368
64	122	0.728095
64	123	1.19458
64	126	1.23731
64	131	1.15795
64	136	1.15745
64	138	0.656355
64	140	1.16665
64	143	1.23705
64	148	0.745145
64	152	0.761787
64	159	1.22303
64	164	0.747804
64	168	0.734575
64	173	0.725966
64	177	1.2612
65	12	1.17251
65	17	1.11048
65	27	1.1769
65	58	1.18902
65	67	1.18335
65	79	1.20861
65	113	1.18548
65	120	0.781583
65	128	1.18673
65	159	1.20251
65	169	0.72035
65	170	0.704081
65	172	0.700826
65	173	0.732332
65	175	0.708129
65	178	0.754918
65	179	1.28452
66	17	1.13062
66	30	1.07544
66	41	1.18059
66	60	1.19656
66	61	1.08759
66	79	1.22875
66	99	1.26635
66	104	0.738525
66	128	1.20687
66	137	0.653015
66	149	0.651838
66	150	0.768831
66	159	1.22265
66	160	0.714472
66	166	0.79543
66	179	1.30466
66	180	0.779861
67	27	1.17868
67	32	1.0798
67	39	0.67944
67	41	1.16222
67	47	0.833044
67	60	1.1782
67	65	1.18335
67	79	1.21039
67	99	1.24799
67	112	0.793508
67	113	1.18726
67	118	1.18583
67	129	0.659745
67	165	0.719558
67	171	0.673425
67	174	0.743798
67	179	1.2863
68	45	0.813052
68	98	1.15034
68	121	1.19265
68	134	1.13257
68	135	1.13927
68	139	1.12179
68	145	0.727852
68	149	0.738399
68	155	1.15849
68	156	0.711359
68	162	1.13909
68	164	1.14707
68	171	0.78939
68	172	0.808713
68	174	1.13794
68	175	0.816016
68	178	1.14656
68	180	1.13463
69	6	1.27152
69	16	1.21405
69	23	1.21685
69	28	0.742319
69	51	1.3176
69	76	0.76105
69	77	1.28498
69	82	1.2824
69	93	1.17511
69	110	1.29969
69	111	0.620424
69	122	1.27697
69	135	1.26083
69	147	0.685203
69	164	0.689931
69	167	0.64292
69	172	0.636588
69	179	0.624307
70	75	0.764619
70	84	0.732712
70	150	0.763207
70	151	0.804233
70	163	1.13845
70	165	1.1407
70	166	0.789807
70	167	1.1497
70	168	1.12558
70	169	1.14578
70	170	1.15849
70	171	1.15541
70	172	1.15348
70	173	1.12989
70	174	0.767578
70	175	1.16084
70	176	1.15312
70	180	0.774238
71	84	0.724057
71	107	0.788866
71	131	0.80085
71	139	0.777363
71	152	0.7752
71	160	1.15134
71	163	1.13879
71	165	1.14103
71	167	1.15003
71	168	1.12592
71	169	1.14611
71	170	1.15883
71	172	1.15381
71	173	1.13023
71	175	1.16118
71	176	1.15346
71	178	0.761965
71	180	0.765582
72	30	1.151
72	32	1.17372
72	40	0.679807
72	41	1.25615
72	45	0.663506
72	60	1.27212
72	61	1.16315
72	99	1.34191
72	113	1.28118
72	128	1.28243
72	130	0.66494
72	148	0.709852
72	158	0.567507
72	159	1.29821
72	161	0.72429
72	162	0.729031
72	172	0.659167
72	179	1.38022
73	1	1.18387
73	2	1.17934
73	31	1.24999
73	33	1.21
73	78	1.34895
73	95	1.31548
73	97	1.15656
73	100	1.29351
73	112	0.752163
73	154	1.31018
73	157	1.35193
73	164	0.704746
73	170	0.654657
73	172	0.651403
73	173	0.682909
73	176	0.659764
73	177	0.588544
73	180	0.709112
74	82	0.720074
74	130	0.748436
74	157	0.763426
74	159	0.759137
74	160	1.15002
74	161	0.807786
74	163	1.13747
74	164	0.796006
74	167	1.14872
74	168	1.12461
74	169	1.1448
74	170	1.15751
74	171	1.15443
74	172	1.1525
74	173	1.12891
74	175	1.15987
74	176	1.15214
74	180	0.800373
75	38	1.05789
75	39	0.716507
75	55	1.15444
75	70	0.764619
75	91	0.737908
75	92	1.20828
75	103	1.18089
75	123	1.14148
75	124	1.14242
75	131	1.10484
75	136	1.10434
75	140	1.11354
75	143	1.18394
75	144	0.798825
75	155	0.77579
75	162	0.799678
75	166	0.803093
75	177	1.20809
76	36	0.828578
76	37	0.794521
76	69	0.76105
76	84	0.822369
76	143	0.806382
76	157	0.826949
76	160	1.11344
76	163	1.10089
76	165	1.10314
76	167	1.11214
76	168	1.08803
76	169	1.10822
76	170	1.12093
76	171	1.11785
76	172	1.11592
76	173	1.09233
76	174	0.857235
76	175	1.12329
76	176	1.11556
77	29	1.11642
77	30	0.846936
77	40	1.26218
77	51	1.25662
77	69	1.28498
77	82	1.22143
77	88	1.20639
77	90	0.647686
77	91	0.684191
77	93	1.11414
77	104	1.18721
77	105	1.19462
77	110	1.23871
77	114	0.697604
77	122	1.216
77	144	0.745108
77	147	0.724712
77	170	0.679351
77	172	0.676097
78	1	1.09029
78	3	1.33615
78	9	1.27302
78	33	1.11642
78	54	1.17519
78	73	1.34895
78	95	1.2219
78	97	1.06298
78	100	1.19993
78	151	0.768372
78	154	1.2166
78	157	1.25836
78	162	0.750531
78	164	0.73401
78	165	0.707478
78	170	0.683921
78	172	0.680667
78	175	0.68797
78	176	0.689028
79	27	1.20394
79	30	1.08235
79	41	1.18749
79	43	0.696963
79	65	1.20861
79	66	1.22875
79	67	1.21039
79	101	0.809483
79	113	1.21252
79	118	1.21109
79	128	1.21378
79	130	0.668261
79	142	0.784707
79	144	0.731499
79	159	1.22955
79	160	0.654808
79	163	0.683341
79	175	0.669791
79	179	1.31156
80	5	0.69019
80	119	0.695777
80	125	1.18101
80	127	0.699883
80	129	0.702467
80	132	1.17634
80	142	1.17374
80	151	1.2083
80	152	1.2295
80	155	1.23966
80	160	0.727789
80	162	1.22025
80	164	1.22823
80	166	1.19995
80	167	0.741801
80	168	0.775584
80	177	0.67261
80	178	1.22772
80	180	1.21579
81	29	1.02433
81	51	1.16453
81	61	0.893453
81	88	1.1143
81	97	1.0123
81	105	1.10253
81	110	1.14663
81	126	0.760574
81	135	1.10777
81	151	1.09564
81	158	0.683118
81	161	1.10502
81	163	0.79563
81	164	1.11557
81	172	0.774778
81	174	1.10644
81	176	0.783139
81	178	1.11506
81	180	1.10313
82	6	1.20797
82	9	0.68568
82	16	1.1505
82	47	0.799431
82	51	1.25404
82	69	1.2824
82	74	0.720074
82	77	1.22143
82	85	1.22699
82	88	1.20381
82	90	0.630724
82	93	1.11156
82	105	1.19205
82	110	1.23614
82	115	0.797693
82	122	1.21342
82	153	0.621701
82	164	0.712478
82	166	0.732413
83	87	0.814411
83	116	0.829201
83	141	0.81153
83	150	0.797091
83	152	0.817739
83	160	1.11344
83	161	0.815534
83	163	1.10089
83	165	1.10314
83	167	1.11214
83	168	1.08803
83	169	1.10822
83	170	1.12093
83	171	1.11785
83	172	1.11592
83	173	1.09233
83	175	1.12329
83	176	1.11556
83	180	0.808121
84	70	0.732712
84	71	0.724057
84	76	0.822369
84	96	0.708837
84	99	0.64887
84	115	1.15072
84	120	1.19872
84	125	1.1748
84	144	1.20332
84	149	0.627593
84	151	1.2021
84	161	1.21148
84	162	1.21404
84	166	1.19375
84	168	0.738022
84	170	0.701162
84	178	1.22152
84	179	1.32011
84	180	1.20959
85	16	1.15864
85	82	1.22699
85	93	1.1197
85	103	1.24025
85	105	1.20019
85	112	0.778552
85	114	0.699298
85	122	1.22156
85	126	1.24357
85	135	1.20542
85	140	1.17291
85	143	1.24331
85	147	0.726407
85	163	0.698644
85	168	0.717906
85	170	0.681046
85	177	1.26746
85	179	0.66551
85	180	0.735501
86	102	1.19384
86	132	1.12818
86	134	1.16558
86	141	1.15876
86	144	1.16137
86	149	0.69601
86	152	1.18135
86	153	0.72889
86	160	0.758643
86	161	1.16953
86	162	1.17209
86	166	1.15179
86	169	0.785847
86	170	0.769578
86	172	0.766323
86	173	0.79783
86	174	1.17094
86	177	0.703464
86	178	1.17956
86	180	1.16763
87	10	0.745384
87	19	1.13475
87	83	0.814411
87	88	0.771213
87	117	0.754378
87	119	0.70603
87	142	1.1267
87	144	1.16249
87	148	1.18467
87	155	1.19261
87	161	1.17064
87	162	1.17321
87	164	1.18119
87	166	1.15291
87	173	0.777229
87	174	1.17206
87	175	0.753026
87	177	0.682864
87	178	1.18068
87	180	1.16875
88	16	1.13546
88	23	1.13826
88	29	1.0988
88	51	1.239
88	77	1.20639
88	81	1.1143
88	82	1.20381
88	87	0.771213
88	93	1.09652
88	104	1.1696
88	105	1.17701
88	110	1.2211
88	122	1.19838
88	134	0.788112
88	147	0.755829
88	150	0.753892
88	171	0.68789
88	176	0.715574
88	178	0.761305
88	180	0.764923
89	49	0.792193
89	60	0.759138
89	94	1.17933
89	139	1.15022
89	144	1.1568
89	146	1.15941
89	149	0.680778
89	151	1.15557
89	155	1.18692
89	160	0.743411
89	161	1.16495
89	162	1.16752
89	163	0.771944
89	164	1.17549
89	165	0.777902
89	168	0.791206
89	174	1.16637
89	177	0.688232
89	178	1.17499
89	180	1.16306
90	1	0.851999
90	53	0.738204
90	55	0.701618
90	77	0.647686
90	82	0.630724
90	103	0.676452
90	110	0.65187
90	131	0.74629
90	143	0.653509
90	152	1.23751
90	155	1.24766
90	160	1.22183
90	163	1.20928
90	164	1.23623
90	165	1.21153
90	166	1.20795
90	171	1.22624
90	172	1.22431
90	176	1.22395
90	178	1.23572
90	180	1.22379
91	9	0.716363
91	63	1.13595
91	75	0.737908
91	77	0.684191
91	109	0.758858
91	112	1.16946
91	116	1.19631
91	121	1.2825
91	141	1.21561
91	152	1.23819
91	162	1.22894
91	163	0.71067
91	166	1.20864
91	169	0.709341
91	171	0.670494
91	172	0.689817
91	174	1.22779
91	177	0.626958
91	178	1.23641
91	179	1.335
91	180	1.22448
92	46	1.18311
92	48	1.1669
92	56	1.23825
92	75	1.20828
92	94	0.730897
92	108	0.723188
92	123	1.23335
92	124	1.2343
92	131	1.19672
92	136	1.19622
92	140	1.20542
92	143	1.27582
92	147	0.714517
92	159	1.2618
92	164	0.719245
92	165	0.692712
92	167	0.672234
92	175	0.673205
92	177	1.29997
92	178	0.719994
92	179	0.653621
93	6	1.10068
93	16	1.0432
93	24	1.07062
93	29	1.00655
93	40	1.15231
93	58	0.816844
93	69	1.17511
93	77	1.11414
93	82	1.11156
93	85	1.1197
93	88	1.09652
93	105	1.08475
93	108	0.855521
93	110	1.12885
93	112	0.898994
93	118	0.838739
93	122	1.10613
93	128	0.7857
93	135	1.08999
93	138	0.760128
93	143	0.79843
93	150	0.844913
94	11	0.710039
94	20	0.782612
94	89	1.17933
94	92	0.730897
94	132	1.14325
94	134	1.18064
94	141	1.17382
94	151	1.17521
94	152	1.19641
94	153	0.709285
94	155	1.20656
94	157	1.23015
94	160	0.739038
94	161	1.18459
94	163	0.767571
94	164	1.19514
94	166	1.16686
94	171	0.727395
94	174	1.18601
94	175	0.754021
94	177	0.683859
94	180	1.1827
95	1	1.05681
95	2	1.05229
95	3	1.30268
95	9	1.23955
95	18	1.34312
95	31	1.12294
95	52	1.14084
95	63	0.872835
95	73	1.31548
95	78	1.2219
95	97	1.02951
95	100	1.16646
95	109	0.748355
95	115	0.817873
95	116	0.758103
95	122	0.712949
95	145	0.598453
95	147	0.727929
95	154	1.18313
95	157	1.22488
95	159	0.695787
95	179	0.667033
96	60	0.7007
96	84	0.708837
96	151	0.780358
96	158	1.30254
96	159	0.709127
96	160	1.17986
96	161	0.757776
96	162	0.762517
96	163	1.16731
96	164	0.745997
96	165	1.16956
96	167	1.17856
96	168	1.15445
96	169	1.17464
96	170	1.18735
96	171	1.18427
96	172	1.18234
96	173	1.15875
96	175	1.18971
96	176	1.18198
96	179	0.680372
96	180	0.750363
97	1	0.897894
97	2	0.893372
97	3	1.14376
97	9	1.08063
97	18	1.1842
97	31	0.964022
97	33	0.924025
97	43	0.953718
97	52	0.981919
97	54	0.982798
97	73	1.15656
97	78	1.06298
97	81	1.0123
97	95	1.02951
97	100	1.00754
97	132	0.997308
97	154	1.02421
97	157	1.06596
97	160	0.911563
97	171	0.89992
97	172	0.919243
97	179	0.906962
98	18	0.678824
98	52	0.810405
98	68	1.15034
98	99	0.699893
98	107	1.13745
98	126	0.734726
98	130	1.23127
98	144	1.17588
98	145	0.66807
98	148	1.19806
98	151	1.17465
98	154	0.738329
98	155	1.206
98	161	1.18403
98	162	1.1866
98	164	1.19458
98	167	0.755263
98	168	0.789045
98	171	0.729607
98	174	1.18545
98	178	1.19407
98	180	1.18214
99	12	1.23714
99	17	1.17512
99	26	1.20812
99	30	1.11994
99	47	0.772983
99	58	1.25365
99	61	1.13209
99	66	1.26635
99	67	1.24799
99	72	1.34191
99	84	0.64887
99	98	0.699893
99	113	1.25011
99	114	0.654193
99	128	1.25137
99	133	0.697493
99	142	0.754905
99	159	1.26714
99	161	0.697809
99	163	0.653539
99	172	0.632686
99	178	0.686778
99	179	1.34916
100	1	1.03485
100	2	1.03032
100	3	1.28071
100	18	1.32115
100	31	1.10097
100	33	1.06098
100	52	1.11887
100	54	1.11975
100	73	1.29351
100	78	1.19993
100	95	1.16646
100	97	1.00754
100	119	0.721639
100	142	0.88355
100	149	0.691017
100	154	1.16116
100	157	1.20292
100	165	0.788142
100	167	0.767664
100	171	0.742008
100	173	0.792837
100	177	0.698472
100	180	0.819041
101	41	0.861327
101	79	0.809483
101	120	1.09946
101	130	1.15945
101	133	1.10883
101	134	1.10827
101	135	1.11496
101	141	1.10145
101	145	0.747857
101	148	1.12624
101	150	1.10236
101	151	1.10284
101	152	1.12404
101	153	0.791285
101	156	0.731364
101	161	1.11222
101	162	1.11478
101	166	1.09449
101	171	0.809395
101	172	0.828718
101	173	0.860224
101	177	0.765859
101	179	1.22084
101	180	1.11033
102	32	0.834698
102	34	0.822416
102	36	1.24564
102	47	1.14701
102	86	1.19384
102	104	0.716456
102	105	0.714442
102	111	0.683919
102	121	1.25065
102	127	0.664497
102	130	1.24177
102	134	1.19058
102	142	1.15059
102	146	1.18899
102	148	1.20856
102	150	1.18467
102	156	0.602729
102	163	0.720935
102	164	1.20507
102	165	0.726893
102	169	0.719606
102	174	1.19595
102	178	1.20457
102	180	1.19264
103	43	1.19604
103	48	1.13951
103	53	1.14817
103	56	1.21086
103	75	1.18089
103	85	1.24025
103	90	0.676452
103	104	0.721235
103	123	1.20596
103	124	1.20691
103	131	1.16932
103	136	1.16882
103	140	1.17802
103	143	1.24842
103	151	0.792567
103	157	0.725626
103	158	0.613202
103	159	1.23441
103	162	0.774726
103	167	0.711195
103	173	0.736368
103	174	0.755912
103	177	1.27257
103	179	0.692581
104	24	1.14369
104	38	0.854803
104	51	1.21983
104	66	0.738525
104	77	1.18721
104	88	1.1696
104	102	0.716456
104	103	0.721235
104	105	1.15783
104	110	1.20192
104	122	1.17921
104	128	0.685562
104	130	0.703869
104	135	1.16306
104	139	0.767587
104	146	0.77039
104	152	0.765423
104	160	1.15646
104	165	1.14616
104	166	0.771375
104	167	1.15516
104	170	1.16395
104	171	1.16087
104	173	1.13535
104	175	1.16631
105	23	1.12649
105	24	1.1511
105	28	0.801813
105	29	1.08703
105	38	0.852789
105	40	1.23279
105	44	0.743346
105	51	1.22724
105	77	1.19462
105	81	1.10253
105	82	1.19205
105	85	1.20019
105	88	1.17701
105	93	1.08475
105	102	0.714442
105	104	1.15783
105	110	1.20933
105	112	0.796843
105	122	1.18662
105	135	1.17047
105	152	0.763409
105	156	0.598728
105	161	0.761205
105	163	0.716935
105	178	0.750174
106	14	0.72264
106	55	0.694051
106	62	0.688778
106	120	0.726503
106	139	0.715237
106	142	0.767965
106	148	0.696431
106	153	1.23291
106	156	1.31374
106	157	0.66651
106	158	1.32195
106	160	1.19927
106	162	0.71561
106	163	1.18672
106	165	1.18897
106	167	1.19797
106	168	1.17386
106	169	1.19405
106	170	1.20676
106	171	1.20368
106	172	1.20175
106	173	1.17816
106	174	0.696796
106	175	1.20912
106	176	1.20139
106	180	0.703456
107	24	0.819357
107	49	0.803819
107	71	0.788866
107	98	1.13745
107	116	1.09356
107	117	0.771373
107	121	1.17976
107	139	1.1089
107	144	1.11548
107	148	1.13766
107	152	1.13545
107	153	0.725284
107	155	1.1456
107	157	1.16919
107	161	1.12363
107	162	1.1262
107	163	0.78357
107	164	1.13418
107	166	1.1059
107	168	0.802832
107	169	0.78224
107	170	0.765971
107	172	0.762717
107	178	1.13367
107	179	1.23226
107	180	1.12174
108	9	0.765556
108	17	0.82611
108	32	0.873625
108	43	0.773485
108	51	0.704042
108	92	0.723188
108	93	0.855521
108	113	0.765994
108	122	0.772645
108	141	1.13137
108	143	0.739206
108	150	1.13229
108	152	1.15396
108	163	1.12574
108	164	1.15269
108	166	1.12441
108	167	1.13698
108	168	1.11287
108	169	1.13306
108	170	1.14578
108	171	1.1427
108	172	1.14076
108	174	1.14356
108	176	1.14041
108	178	1.15218
108	180	1.14025
109	91	0.758858
109	95	0.748355
109	124	0.801219
109	126	0.73656
109	149	1.19743
109	153	1.15304
109	155	0.79674
109	156	1.23387
109	157	0.771528
109	158	1.24208
109	160	1.1194
109	161	0.815887
109	163	1.10685
109	164	0.804108
109	165	1.1091
109	166	0.824043
109	167	1.1181
109	168	1.09399
109	169	1.11418
109	170	1.12689
109	171	1.12381
109	172	1.12188
109	173	1.09829
109	175	1.12925
109	176	1.12152
109	179	0.738484
110	6	1.22525
110	16	1.16778
110	26	0.785854
110	29	1.13112
110	40	1.27688
110	51	1.27133
110	69	1.29969
110	77	1.23871
110	81	1.14663
110	82	1.23614
110	88	1.2211
110	90	0.65187
110	93	1.12885
110	104	1.20192
110	105	1.20933
110	111	0.664116
110	115	0.818839
110	122	1.23071
110	135	1.21456
110	160	0.6726
110	164	0.733624
110	168	0.720395
110	173	0.711786
110	176	0.688641
110	177	0.617421
110	180	0.73799
111	30	0.836398
111	69	0.620424
111	102	0.683919
111	110	0.664116
111	113	0.692544
111	134	0.746459
111	141	0.726678
111	153	1.23291
111	156	1.31374
111	158	1.32195
111	160	1.19927
111	162	0.735424
111	163	1.18672
111	165	1.18897
111	167	1.19797
111	168	1.17386
111	169	1.19405
111	170	1.20676
111	171	1.20368
111	172	1.20175
111	173	1.17816
111	174	0.71661
111	175	1.20912
111	176	1.20139
111	178	0.719652
111	179	0.653279
112	25	0.830597
112	29	0.889334
112	60	0.79053
112	67	0.793508
112	73	0.752163
112	85	0.778552
112	91	1.16946
112	93	0.898994
112	105	0.796843
112	128	0.76995
112	139	1.09857
112	144	1.10515
112	146	1.10776
112	147	1.10852
112	159	0.798957
112	163	1.0969
112	164	1.12384
112	165	1.09914
112	169	1.10422
112	171	1.11385
112	172	1.11192
112	173	1.08833
112	174	1.11472
112	175	1.11929
112	176	1.11156
112	178	1.12334
112	180	1.11141
113	12	1.17641
113	26	1.14739
113	27	1.18081
113	30	1.05921
113	32	1.08193
113	58	1.19292
113	61	1.07136
113	65	1.18548
113	67	1.18726
113	72	1.28118
113	79	1.21252
113	99	1.25011
113	108	0.765994
113	111	0.692544
113	118	1.18795
113	120	0.789464
113	125	0.796044
113	128	1.19064
113	147	0.757323
113	148	0.759393
113	155	0.754683
113	158	0.617048
113	159	1.20642
113	165	0.735518
113	167	0.71504
113	175	0.716011
113	179	1.28843
114	14	1.15204
114	23	0.762691
114	26	0.808804
114	35	0.723123
114	48	0.829464
114	58	0.721841
114	77	0.697604
114	85	0.699298
114	99	0.654193
114	130	1.22383
114	133	1.17322
114	136	0.779597
114	143	0.703427
114	152	1.18842
114	159	0.719704
114	167	1.17144
114	168	1.14733
114	169	1.16752
114	171	1.17715
114	172	1.17522
114	173	1.15163
114	174	1.17801
114	175	1.18259
114	176	1.17486
114	178	1.18664
114	179	1.28523
114	180	1.17471
115	6	0.846892
115	14	1.0849
115	28	1.08342
115	53	0.905174
115	82	0.797693
115	84	1.15072
115	95	0.817873
115	110	0.818839
115	132	1.06811
115	142	1.06552
115	146	1.10392
115	148	1.12348
115	151	1.10008
115	155	1.13143
115	156	0.722928
115	160	0.812602
115	161	1.10946
115	162	1.11202
115	164	1.12
115	166	1.09172
115	170	0.823536
115	171	0.800959
115	174	1.11087
115	177	0.757423
115	178	1.11949
115	179	1.21808
115	180	1.10756
116	5	0.715233
116	11	0.723833
116	22	0.666863
116	40	0.781152
116	83	0.829201
116	91	1.19631
116	95	0.758103
116	107	1.09356
116	117	0.769168
116	130	1.18739
116	133	1.13677
116	136	0.836878
116	141	1.12938
116	144	1.13199
116	148	1.15418
116	150	1.13029
116	152	1.15197
116	154	0.749911
116	155	1.16212
116	157	1.18571
116	161	1.14015
116	163	0.781365
116	166	1.12242
116	173	0.792018
116	174	1.14156
116	178	1.15019
116	179	1.24878
116	180	1.13826
117	87	0.754378
117	107	0.771373
117	116	0.769168
117	124	0.740834
117	139	0.75987
117	142	0.812598
117	146	0.762673
117	149	1.2099
117	153	1.16551
117	156	1.24633
117	158	1.25455
117	160	1.13187
117	161	0.755501
117	162	0.760243
117	163	1.11932
117	165	1.12157
117	166	0.763657
117	167	1.13057
117	168	1.10645
117	169	1.12664
117	170	1.13936
117	171	1.13628
117	172	1.13435
117	173	1.11076
117	175	1.14171
117	176	1.13399
117	177	1.20051
117	178	0.744471
118	16	0.834725
118	32	1.0805
118	58	1.19149
118	67	1.18583
118	79	1.21109
118	93	0.838739
118	113	1.18795
118	123	0.759852
118	128	1.18921
118	139	1.16364
118	142	1.13443
118	144	1.17021
118	145	0.641367
118	150	1.16851
118	156	0.624874
118	159	1.20498
118	162	1.18094
118	167	0.728561
118	169	0.741752
118	172	0.722228
118	173	0.753734
118	174	1.17979
118	175	0.729531
118	176	0.730589
118	178	1.18841
118	179	1.287
118	180	1.17648
119	80	0.695777
119	87	0.70603
119	100	0.721639
119	120	0.722788
119	121	0.654063
119	133	0.706838
119	142	0.76425
119	149	1.28493
119	153	1.24054
119	155	0.688006
119	156	1.32137
119	158	1.32958
119	160	1.2069
119	162	0.711895
119	163	1.19435
119	165	1.1966
119	167	1.2056
119	168	1.18149
119	169	1.20168
119	170	1.21439
119	171	1.21131
119	172	1.20938
119	173	1.18579
119	174	0.693081
119	175	1.21675
119	176	1.20902
119	179	0.62975
119	180	0.699741
120	47	1.10994
120	65	0.781583
120	84	1.19872
120	101	1.09946
120	106	0.726503
120	113	0.789464
120	119	0.722788
120	127	0.726894
120	130	1.2047
120	139	1.14273
120	142	1.11352
120	144	1.1493
120	150	1.1476
120	151	1.14808
120	153	0.725047
120	155	1.17943
120	161	1.15746
120	162	1.16002
120	164	1.168
120	165	0.78929
120	166	1.13973
120	168	0.802595
120	169	0.782003
120	170	0.765734
120	173	0.793986
120	174	1.15887
120	178	1.1675
120	180	1.15557
121	3	0.670291
121	35	0.713648
121	56	0.709899
121	68	1.19265
121	91	1.2825
121	102	1.25065
121	107	1.17976
121	119	0.654063
121	125	1.18967
121	131	0.786733
121	132	1.18499
121	136	0.770122
121	137	0.624619
121	139	1.21161
121	140	0.77317
121	141	1.21557
121	148	1.24037
121	154	0.683154
121	157	1.2719
121	160	0.686075
121	161	1.22634
121	162	1.22891
121	164	1.23688
121	174	1.22776
121	175	0.701058
121	177	0.630896
121	178	1.23638
121	180	1.22445
122	6	1.20254
122	16	1.14507
122	19	0.822771
122	23	1.14787
122	24	1.17248
122	29	1.10841
122	40	1.25417
122	51	1.24861
122	64	0.728095
122	69	1.27697
122	77	1.216
122	82	1.21342
122	85	1.22156
122	88	1.19838
122	93	1.10613
122	95	0.712949
122	104	1.17921
122	105	1.18662
122	108	0.772645
122	110	1.23071
122	124	0.765813
122	135	1.19185
122	144	0.784369
122	149	0.645044
122	153	0.677925
122	158	0.623698
122	165	0.742169
122	176	0.723719
122	179	0.703077
123	4	0.879529
123	15	1.13114
123	22	0.625697
123	35	1.21713
123	38	1.08296
123	43	1.15663
123	46	1.1163
123	53	1.10876
123	64	1.19458
123	75	1.14148
123	92	1.23335
123	103	1.20596
123	118	0.759852
123	124	1.16749
123	126	1.20927
123	131	1.12991
123	136	1.12941
123	140	1.13861
123	141	0.780465
123	143	1.20901
123	147	0.767963
123	148	0.770032
123	151	0.807052
123	153	0.681914
123	157	0.74011
123	159	1.19499
123	163	0.7402
123	169	0.73887
123	177	1.23316
123	179	0.707066
124	15	1.13209
124	25	1.12853
124	37	0.720514
124	43	1.15758
124	46	1.11725
124	53	1.10971
124	55	1.18046
124	56	1.17239
124	75	1.14242
124	92	1.2343
124	103	1.20691
124	109	0.801219
124	117	0.740834
124	122	0.765813
124	123	1.16749
124	126	1.21022
124	131	1.13086
124	136	1.13036
124	140	1.13956
124	143	1.20996
124	147	0.780794
124	149	0.661864
124	155	0.778154
124	158	0.640518
124	159	1.19594
124	162	0.802042
124	166	0.805457
124	173	0.763684
124	176	0.740539
124	177	1.23411
125	4	0.929242
125	11	0.732381
125	61	0.887735
125	63	1.04311
125	80	1.18101
125	84	1.1748
125	113	0.796044
125	121	1.18967
125	133	1.13016
125	134	1.1296
125	144	1.12539
125	145	0.688199
125	146	1.12801
125	148	1.14757
125	149	0.698746
125	150	1.12369
125	151	1.12416
125	154	0.758459
125	155	1.15552
125	156	0.671706
125	160	0.76138
125	162	1.13611
125	164	1.14409
125	165	0.795871
125	166	1.11581
125	168	0.809175
125	174	1.13496
125	176	0.777421
125	178	1.14358
125	179	1.24217
125	180	1.13165
126	15	1.17386
126	25	1.17031
126	35	1.25986
126	38	1.12569
126	43	1.19936
126	48	1.14282
126	55	1.22224
126	56	1.21417
126	64	1.23731
126	81	0.760574
126	85	1.24357
126	98	0.734726
126	109	0.73656
126	123	1.20927
126	124	1.21022
126	131	1.17264
126	134	0.748418
126	135	0.708249
126	136	1.17214
126	140	1.18134
126	142	0.789738
126	143	1.25174
126	146	0.739813
126	153	0.630086
126	157	0.688283
126	159	1.23772
126	165	0.69433
126	167	0.673852
126	174	0.718569
126	175	0.674822
126	177	1.27589
127	2	0.85887
127	28	0.751869
127	43	0.680612
127	80	0.699883
127	102	0.664497
127	120	0.726894
127	132	0.724202
127	135	0.686867
127	139	0.715628
127	144	0.715149
127	145	1.26121
127	149	1.25918
127	153	1.21479
127	156	1.29561
127	157	0.666901
127	158	1.30383
127	160	1.18115
127	163	1.1686
127	164	0.699481
127	165	1.17084
127	167	1.17984
127	168	1.15573
127	169	1.17592
127	170	1.18864
127	171	1.18556
127	172	1.18362
127	173	1.16004
127	175	1.19099
127	176	1.18327
127	177	1.24978
127	180	0.703847
128	12	1.17767
128	17	1.11565
128	26	1.14864
128	27	1.18206
128	30	1.06047
128	32	1.08319
128	41	1.16561
128	58	1.19418
128	60	1.18159
128	61	1.07262
128	63	0.862711
128	65	1.18673
128	66	1.20687
128	72	1.28243
128	79	1.21378
128	93	0.7857
128	99	1.25137
128	104	0.685562
128	112	0.76995
128	113	1.19064
128	118	1.18921
128	142	0.791408
128	147	0.717805
128	150	0.715868
128	151	0.756894
128	159	1.20767
128	165	0.696
128	168	0.709304
128	169	0.688713
128	173	0.700695
128	174	0.720239
128	179	1.28968
129	6	0.67533
129	27	0.672759
129	60	0.656767
129	62	0.691752
129	63	0.842243
129	67	0.659745
129	80	0.702467
129	131	0.741698
129	132	0.726786
129	133	0.713527
129	138	1.22658
129	144	0.717732
129	145	1.27079
129	146	0.721015
129	149	1.26875
129	151	0.736426
129	153	1.22436
129	156	1.30519
129	158	1.3134
129	160	1.19072
129	163	1.17817
129	165	1.18042
129	167	1.18942
129	168	1.1653
129	169	1.1855
129	170	1.19821
129	171	1.19513
129	172	1.1932
129	173	1.16961
129	175	1.20056
129	176	1.19284
129	177	1.25936
129	179	0.63644
130	21	0.748239
130	37	1.27093
130	56	0.70364
130	72	0.66494
130	74	0.748436
130	79	0.668261
130	98	1.23127
130	101	1.15945
130	102	1.24177
130	104	0.703869
130	114	1.22383
130	116	1.18739
130	120	1.2047
130	134	1.21351
130	136	0.763862
130	141	1.20669
130	144	1.2093
130	150	1.2076
130	151	1.20807
130	152	1.22927
130	153	0.650063
130	161	1.21746
130	164	1.228
130	165	0.714306
130	166	1.19972
130	168	0.72761
130	169	0.707019
130	170	0.69075
130	173	0.719002
130	174	1.21887
130	176	0.695857
130	178	1.22749
130	180	1.21556
131	15	1.0945
131	25	1.09094
131	35	1.1805
131	38	1.04633
131	43	1.12
131	44	1.12629
131	46	1.07967
131	55	1.14288
131	56	1.13481
131	64	1.15795
131	71	0.80085
131	75	1.10484
131	90	0.74629
131	92	1.19672
131	103	1.16932
131	121	0.786733
131	123	1.12991
131	124	1.13086
131	126	1.17264
131	129	0.741698
131	136	1.09277
131	140	1.10197
131	143	1.17237
131	150	0.82138
131	154	0.764099
131	157	0.795464
131	159	1.15836
131	167	0.781033
131	168	0.814815
131	169	0.794224
131	171	0.755378
131	172	0.774701
131	174	0.825751
131	177	1.19653
132	23	0.819249
132	28	1.10284
132	47	1.08135
132	61	0.878463
132	80	1.17634
132	86	1.12818
132	94	1.14325
132	97	0.997308
132	115	1.06811
132	121	1.18499
132	127	0.724202
132	129	0.726786
132	136	0.836154
132	137	0.690651
132	139	1.11414
132	142	1.08493
132	144	1.12071
132	146	1.12333
132	148	1.1429
132	150	1.11901
132	153	0.722355
132	155	1.15084
132	157	1.17443
132	162	1.13144
132	164	1.13941
132	166	1.11114
132	169	0.779311
132	170	0.763042
132	171	0.740465
132	172	0.759788
132	176	0.768149
132	178	1.13891
132	179	1.2375
132	180	1.12698
133	10	0.746191
133	12	0.74296
133	56	0.762674
133	62	1.1919
133	99	0.697493
133	101	1.10883
133	114	1.17322
133	116	1.13677
133	119	0.706838
133	125	1.13016
133	129	0.713527
133	140	0.825945
133	142	1.12289
133	144	1.15868
133	146	1.1613
133	147	1.16205
133	148	1.18086
133	151	1.15745
133	152	1.17865
133	155	1.18881
133	160	0.738849
133	161	1.16684
133	162	1.1694
133	163	0.767383
133	164	1.17738
133	166	1.1491
133	168	0.786645
133	169	0.766053
133	170	0.749784
133	172	0.74653
133	174	1.16825
133	176	0.754891
133	178	1.17687
133	179	1.27546
133	180	1.16494
134	42	0.734146
134	44	1.16082
134	68	1.13257
134	86	1.16558
134	88	0.788112
134	94	1.18064
134	101	1.10827
134	102	1.19058
134	111	0.746459
134	125	1.1296
134	126	0.748418
134	130	1.21351
134	141	1.1555
134	144	1.15811
134	148	1.1803
134	149	0.692308
134	150	1.15641
134	153	0.725189
134	154	0.752021
134	155	1.18824
134	156	0.665268
134	157	1.21183
134	161	1.16627
134	162	1.16883
134	163	0.783475
134	164	1.17681
134	166	1.14854
134	168	0.802737
134	171	0.743299
134	172	0.762622
134	173	0.794129
134	174	1.16769
134	175	0.769925
134	178	1.17631
134	180	1.16438
135	23	1.13173
135	24	1.15634
135	26	0.828027
135	31	0.86822
135	34	0.844786
135	46	0.839964
135	68	1.13927
135	69	1.26083
135	81	1.10777
135	85	1.20542
135	93	1.08999
135	101	1.11496
135	104	1.16306
135	105	1.17047
135	110	1.21456
135	122	1.19185
135	126	0.708249
135	127	0.686867
135	138	0.684347
135	146	1.16742
135	150	1.1631
135	151	1.16358
135	158	0.630793
