1	9	1.10364
1	109	1.719
1	118	0.822527
1	132	0.759929
1	133	1.50591
1	167	0.79442
1	172	0.798337
1	174	0.759617
1	175	0.795363
1	177	0.820326
1	179	0.868283
1	180	0.7792
2	36	0.801093
2	39	0.802745
2	42	0.871199
2	47	0.77137
2	61	0.728437
2	70	0.780448
2	79	0.856893
2	89	0.825745
2	152	1.84984
2	165	1.78523
2	169	0.811994
2	176	1.68959
3	16	0.829875
3	30	0.894934
3	59	0.890664
3	62	0.925653
3	63	1.02661
3	67	0.873114
3	72	0.872861
3	74	0.92256
3	157	1.25091
3	159	1.30444
3	169	1.28157
3	171	1.66941
4	18	1.25377
4	91	0.905633
4	93	0.906241
4	99	0.895094
4	124	1.29958
4	128	0.891928
4	154	0.894316
4	158	0.905506
4	160	0.910624
4	163	0.907018
4	164	1.51921
4	170	1.33931
5	19	0.878747
5	31	0.954602
5	37	0.845274
5	94	0.899716
5	110	0.925698
5	111	0.895031
5	118	1.53043
5	136	1.14038
5	137	1.47135
5	169	0.891558
5	177	1.34474
5	178	0.935062
6	9	0.990519
6	38	0.754986
6	51	0.809012
6	54	0.72917
6	57	0.871702
6	66	0.745238
6	69	0.745584
6	76	0.773036
6	124	0.798091
6	137	1.9084
6	140	1.76478
6	179	1.64084
7	33	0.786064
7	35	0.789898
7	45	0.855312
7	48	0.764178
7	50	0.820566
7	98	0.802947
7	110	0.843528
7	124	1.49541
7	133	0.835897
7	152	1.73374
7	155	2.06484
7	171	0.741759
8	20	0.810362
8	25	0.816011
8	40	0.747858
8	60	0.785394
8	95	0.817118
8	96	0.810397
8	98	0.792068
8	106	1.47284
8	108	0.820735
8	133	0.825018
8	144	1.99244
8	177	1.82383
9	1	1.10364
9	6	0.990519
9	17	1.05552
9	26	1.05228
9	38	1.03357
9	66	1.02382
9	69	1.02417
9	76	1.05162
9	82	1.26286
9	137	1.0528
9	179	0.78524
9	180	1.30956
10	32	0.903335
10	64	0.978374
10	71	0.906366
10	77	0.915937
10	78	0.862839
10	84	0.93408
10	92	1.315
10	150	1.29154
10	164	1.44813
10	166	0.856721
10	168	1.39846
10	176	0.888676
11	40	1.25901
11	116	0.978956
11	126	0.960234
11	129	0.913741
11	159	0.928445
11	170	0.946879
11	172	0.87219
11	173	0.922076
11	174	0.833469
11	177	0.894179
11	179	0.942135
11	180	0.853053
12	15	1.48453
12	33	0.887809
12	35	0.891643
12	45	0.957057
12	48	0.865923
12	50	0.92231
12	65	0.972785
12	80	0.927605
12	98	0.904692
12	171	0.843503
12	175	1.6121
12	177	1.36084
13	60	2.32206
13	113	0.734123
13	157	0.771979
13	168	0.755527
13	172	0.693715
13	173	0.743601
13	174	0.654995
13	175	0.690741
13	177	0.715704
13	178	2.1931
13	179	0.763661
13	180	0.674578
14	75	0.816232
14	121	0.815128
14	131	0.78748
14	135	0.799173
14	142	0.79945
14	151	0.777402
14	154	0.793229
14	158	0.804419
14	161	1.45266
14	163	0.805931
14	175	1.86227
14	180	1.99438
15	12	1.48453
15	35	1.61515
15	112	0.804287
15	161	0.823887
15	164	0.805048
15	168	0.825807
15	173	0.813882
15	175	0.761021
15	177	0.785985
15	178	1.38251
15	179	0.833941
15	180	0.744859
16	3	0.829875
16	28	0.791415
16	30	0.753748
16	59	0.749478
16	62	0.784467
16	63	0.885423
16	67	0.731929
16	72	0.731675
16	74	0.781375
16	149	0.793992
16	169	1.84525
16	173	1.88016
16	177	2.00992
17	9	1.05552
17	26	0.838701
17	51	0.874017
17	54	0.794175
17	57	0.936707
17	66	0.810243
17	69	0.81059
17	76	0.838041
17	80	1.25796
17	147	1.49434
17	150	0.859083
17	153	1.40327
17	164	1.65794
18	4	1.25377
18	74	1.11808
18	78	1.39609
18	127	0.8638
18	153	0.924294
18	159	0.90353
18	168	0.909086
18	172	0.847275
18	174	0.808554
18	175	0.8443
18	177	0.869263
18	178	0.960134
18	180	0.828137
19	5	0.878747
19	31	0.911422
19	37	0.802094
19	56	0.892752
19	96	0.860267
19	110	0.882518
19	111	0.851851
19	150	1.35882
19	169	0.848378
19	170	1.33553
19	175	1.79993
19	176	1.37388
19	178	0.891882
20	8	0.810362
20	24	0.879639
20	25	0.890546
20	40	0.822392
20	60	0.859928
20	95	0.891652
20	96	0.884932
20	108	0.89527
20	133	0.899552
20	138	1.0696
20	166	1.53291
20	167	1.69628
20	175	1.59906
21	32	0.903335
21	64	0.978374
21	71	0.906366
21	77	0.915937
21	78	0.862839
21	84	0.93408
21	97	1.3627
21	149	1.27741
21	166	0.856721
21	176	0.888676
21	177	1.49383
21	179	1.35288
22	43	1.02351
22	112	1.61193
22	113	1.67919
22	117	0.815909
22	119	0.946787
22	120	0.971914
22	125	0.791016
22	126	0.832494
22	129	0.861552
22	130	0.847895
22	150	1.51576
22	176	0.841332
22	178	0.899958
23	90	0.900057
23	114	0.897976
23	131	0.855589
23	142	0.867559
23	143	1.28422
23	151	0.845511
23	158	0.872528
23	160	0.877647
23	163	0.87404
23	169	1.28514
23	171	0.805207
23	174	2.0706
23	176	1.27502
24	20	0.879639
24	25	0.885288
24	40	0.817135
24	41	0.832783
24	60	0.854671
24	95	0.886395
24	96	0.879674
24	116	0.902828
24	123	1.59774
24	133	0.894295
24	140	1.39947
24	169	1.25181
24	171	1.63965
25	8	0.816011
25	20	0.890546
25	24	0.885288
25	40	0.828041
25	41	0.84369
25	60	0.865577
25	98	0.872251
25	108	0.900919
25	116	0.913735
25	149	1.1933
25	156	1.32776
25	166	1.59484
25	180	1.79309
26	9	1.05228
26	17	0.838701
26	44	0.889355
26	54	0.790929
26	57	0.93346
26	66	0.806996
26	69	0.807343
26	76	0.834795
26	124	0.859849
26	145	1.35946
26	161	1.32405
26	164	1.44915
26	175	1.73366
27	89	1.16893
27	111	1.10422
27	135	1.23771
27	146	0.888015
27	157	0.910475
27	158	1.05398
27	161	0.892103
27	164	0.873264
27	167	0.828294
27	175	0.829236
27	177	0.8542
27	179	0.902157
27	180	0.813074
28	16	0.791415
28	30	0.856473
28	59	0.852203
28	62	0.887192
28	63	0.988148
28	67	0.834654
28	72	0.8344
28	74	0.8841
28	122	1.34991
28	149	0.896717
28	150	1.23823
28	166	1.61319
28	172	1.70502
29	62	1.20774
29	74	1.24674
29	93	1.25095
29	121	1.18422
29	155	0.796039
29	162	0.872551
29	165	0.871525
29	168	0.879716
29	172	0.817905
29	173	0.86779
29	174	0.779184
29	176	0.864893
29	177	0.839893
29	180	0.798767
30	3	0.894934
30	16	0.753748
30	28	0.856473
30	59	0.814537
30	62	0.849525
30	63	0.950481
30	67	0.796987
30	72	0.796734
30	74	0.846433
30	134	1.31889
30	145	1.5019
30	149	0.85905
30	169	1.46017
30	180	2.00821
31	5	0.954602
31	19	0.911422
31	37	0.877949
31	49	1.46811
31	94	0.932391
31	96	0.936122
31	110	0.958373
31	111	0.927706
31	122	1.30664
31	150	1.19496
31	168	1.30188
31	169	0.924232
31	170	1.17166
31	178	0.967737
32	10	0.903335
32	21	0.903335
32	64	0.935303
32	71	0.863295
32	77	0.872867
32	78	0.819769
32	84	0.89101
32	143	1.46136
32	150	1.4371
32	157	1.43162
32	166	0.81365
32	168	1.54403
32	176	0.845605
33	7	0.786064
33	12	0.887809
33	35	0.818376
33	43	1.11389
33	45	0.88379
33	48	0.792656
33	50	0.849043
33	58	1.90989
33	65	0.899518
33	110	0.872005
33	133	0.864375
33	149	1.57956
33	162	1.6383
33	171	0.770236
34	101	0.838678
34	105	0.819553
34	114	0.871169
34	139	0.829295
34	142	0.840752
34	146	1.69657
34	151	0.818704
34	154	0.834532
34	157	1.49774
34	158	0.845721
34	160	0.85084
34	163	0.847234
34	173	1.56331
34	179	1.55212
35	7	0.789898
35	12	0.891643
35	15	1.61515
35	33	0.818376
35	45	0.887624
35	48	0.79649
35	50	0.852877
35	94	0.849858
35	97	1.36033
35	110	0.875839
35	133	0.868209
35	152	1.47692
35	166	1.67658
35	171	0.774071
36	2	0.801093
36	39	0.841038
36	42	0.909492
36	47	0.809663
36	61	0.76673
36	70	0.818742
36	79	0.895186
36	85	2.20044
36	87	0.885946
36	89	0.864038
36	159	1.21198
36	167	1.70227
36	169	0.850287
36	176	1.17899
37	5	0.845274
37	19	0.802094
37	31	0.877949
37	56	0.859278
37	94	0.823063
37	96	0.826794
37	104	1.2064
37	110	0.849045
37	111	0.818378
37	144	1.67107
37	150	1.31262
37	169	0.814905
37	174	2.12325
37	178	0.858409
38	6	0.754986
38	9	1.03357
38	51	0.852061
38	54	0.77222
38	57	0.914751
38	66	0.788287
38	69	0.788634
38	76	0.816085
38	95	0.848222
38	147	1.43477
38	149	1.41519
38	150	0.837128
38	155	1.94817
38	162	1.47392
39	2	0.802745
39	36	0.841038
39	42	0.911144
39	47	0.811315
39	61	0.768382
39	70	0.820394
39	79	0.896838
39	89	0.86569
39	102	1.54924
39	124	0.863467
39	136	1.50002
39	159	1.56258
39	165	1.62522
39	169	0.85194
40	8	0.747858
40	11	1.25901
40	20	0.822392
40	24	0.817135
40	25	0.828041
40	60	0.797424
40	95	0.829148
40	96	0.822427
40	98	0.804098
40	103	1.63688
40	108	0.832765
40	116	0.845581
40	133	0.837048
40	170	1.59183
40	171	2.02814
41	24	0.832783
41	25	0.84369
41	60	0.813072
41	61	0.74263
41	67	0.783176
41	72	0.782923
41	74	0.832622
41	79	0.871086
41	89	0.839937
41	116	0.86123
41	169	0.826187
41	170	1.34484
41	171	1.78115
41	174	2.17877
41	179	1.41703
42	2	0.871199
42	36	0.909492
42	39	0.911144
42	47	0.87977
42	61	0.836836
42	70	0.888848
42	79	0.965293
42	89	0.934144
42	98	0.913953
42	138	1.0889
42	169	0.920394
42	170	1.15395
42	172	1.64403
42	173	1.23732
42	180	1.75045
43	22	1.02351
43	33	1.11389
43	61	0.910739
43	68	0.895019
43	89	1.00805
43	160	0.72956
43	162	0.986833
43	163	0.885208
43	169	0.994296
43	177	0.954175
43	178	1.0378
43	179	1.00213
43	180	0.913049
44	26	0.889355
44	51	0.924671
44	54	0.844829
44	57	0.987361
44	66	0.860897
44	69	0.861244
44	76	0.888695
44	95	0.920831
44	124	0.91375
44	150	0.909737
44	156	1.29759
44	161	1.22121
44	166	1.56468
44	169	1.21489
44	171	1.60273
45	7	0.855312
45	12	0.957057
45	33	0.88379
45	35	0.887624
45	48	0.861904
45	50	0.918291
45	94	0.915272
45	108	1.1471
45	110	0.941253
45	133	0.933623
45	137	1.40065
45	168	1.19112
45	171	0.839485
45	174	1.89483
45	177	1.27405
46	107	0.839399
46	115	0.939323
46	117	0.752005
46	119	0.882882
46	120	0.908009
46	125	0.727112
46	126	0.768589
46	129	0.797648
46	130	0.783991
46	162	1.55347
46	170	1.49802
46	171	1.93433
46	176	0.777428
46	177	1.71116
46	178	0.836053
47	2	0.77137
47	36	0.809663
47	39	0.811315
47	42	0.87977
47	61	0.737007
47	70	0.789019
47	79	0.865463
47	80	1.41966
47	89	0.834315
47	100	0.866621
47	124	0.832092
47	156	1.77093
47	162	1.6952
47	168	1.76997
47	169	0.820565
48	7	0.764178
48	12	0.865923
48	33	0.792656
48	35	0.79649
48	45	0.861904
48	50	0.827157
48	85	2.23705
48	94	0.824138
48	98	0.809539
48	110	0.850119
48	122	1.31223
48	133	0.842489
48	171	0.748351
48	177	1.39039
48	180	1.77376
49	31	1.46811
49	96	1.44986
49	118	0.792397
49	128	1.62425
49	140	0.820369
49	145	0.830962
49	147	0.815786
49	165	0.821828
49	167	0.76429
49	170	0.842896
49	173	0.818093
49	174	0.729487
49	175	0.765232
49	178	1.34213
49	179	0.838152
49	180	0.74907
50	7	0.820566
50	12	0.92231
50	33	0.849043
50	35	0.852877
50	45	0.918291
50	48	0.827157
50	65	0.93402
50	92	1.34492
50	94	0.880525
50	98	0.865926
50	133	0.898876
50	149	1.29487
50	167	1.85978
50	171	0.804738
50	173	1.38153
50	179	1.37034
51	6	0.809012
51	17	0.874017
51	38	0.852061
51	44	0.924671
51	54	0.826245
51	57	0.968777
51	66	0.842313
51	69	0.84266
51	76	0.870111
51	124	0.895166
51	137	1.63813
51	150	0.891153
51	153	1.22361
51	161	1.35318
51	166	1.69665
51	176	1.33673
52	59	0.956339
52	67	0.938789
52	72	0.938536
52	74	0.988235
52	78	0.940842
52	94	0.960491
52	141	0.947817
52	146	1.16062
52	154	0.970302
52	160	0.98661
52	163	0.983004
52	165	1.07797
52	167	1.50561
52	174	1.77791
52	176	0.966679
52	179	1.01617
53	97	1.4213
53	107	0.893945
53	115	0.993868
53	117	0.80655
53	119	0.937428
53	120	0.962555
53	123	1.7337
53	125	0.781657
53	126	0.823135
53	129	0.852193
53	130	0.838536
53	136	1.34807
53	150	1.36259
53	170	1.33929
53	176	0.831973
53	178	0.890599
54	6	0.72917
54	17	0.794175
54	26	0.790929
54	38	0.77222
54	44	0.844829
54	51	0.826245
54	57	0.888935
54	66	0.762471
54	69	0.762818
54	76	0.790269
54	95	0.822406
54	150	0.811312
54	157	1.61809
54	171	2.03659
54	176	1.63862
54	177	1.81342
55	68	0.854439
55	88	0.897986
55	91	0.877464
55	114	0.902785
55	122	1.25356
55	123	1.51298
55	128	0.863759
55	132	1.90233
55	135	0.872091
55	139	0.86091
55	151	0.85032
55	154	0.866147
55	160	0.882456
55	163	0.878849
55	164	1.29847
55	165	1.25256
56	19	0.892752
56	37	0.859278
56	79	0.950461
56	108	1.25992
56	124	0.91709
56	125	0.840125
56	126	0.881603
56	129	0.910661
56	130	0.897004
56	152	1.37232
56	159	1.24505
56	164	1.35361
56	169	0.905562
56	175	1.63812
56	178	0.949067
57	6	0.871702
57	17	0.936707
57	26	0.93346
57	38	0.914751
57	44	0.987361
57	51	0.968777
57	54	0.888935
57	66	0.905002
57	69	0.905349
57	76	0.932801
57	92	1.15162
57	102	1.16285
57	132	1.88861
57	150	0.953843
57	168	1.23507
57	176	1.1432
57	179	1.17704
58	33	1.90989
58	81	1.29418
58	85	0.718588
58	90	1.64684
58	119	1.43626
58	152	0.78831
58	153	0.83888
58	161	0.821752
58	167	0.757944
58	168	0.823672
58	170	0.83655
58	172	0.761861
58	174	0.72314
58	175	0.758886
58	177	0.78385
58	179	0.831806
58	180	0.742724
59	3	0.890664
59	16	0.749478
59	28	0.852203
59	30	0.814537
59	52	0.956339
59	62	0.845255
59	63	0.946211
59	67	0.792717
59	72	0.792464
59	74	0.842163
59	87	0.871386
59	134	1.31372
59	149	0.85478
59	162	1.46197
59	165	1.54051
59	172	1.89661
59	176	1.44487
60	8	0.785394
60	13	2.32206
60	20	0.859928
60	24	0.854671
60	25	0.865577
60	40	0.797424
60	41	0.813072
60	95	0.866684
60	96	0.859963
60	98	0.841634
60	108	0.870301
60	112	1.29411
60	116	0.883117
60	133	0.874584
60	137	1.51439
60	138	1.10959
60	176	1.21299
61	2	0.728437
61	36	0.76673
61	39	0.768382
61	41	0.74263
61	42	0.836836
61	43	0.910739
61	47	0.737007
61	70	0.746086
61	79	0.82253
61	87	0.81329
61	89	0.791382
61	98	0.771191
61	152	1.95008
61	157	1.7693
61	159	1.82282
61	164	1.93138
61	169	0.777631
62	3	0.925653
62	16	0.784467
62	28	0.887192
62	29	1.20774
62	30	0.849525
62	59	0.845255
62	63	0.9812
62	67	0.827706
62	72	0.827452
62	74	0.877152
62	87	0.906374
62	113	1.35135
62	123	1.55903
62	149	0.889769
62	157	1.18244
62	180	1.76113
63	3	1.02661
63	16	0.885423
63	28	0.988148
63	30	0.950481
63	59	0.946211
63	62	0.9812
63	67	0.928662
63	72	0.928408
63	73	1.01148
63	74	0.978108
63	92	1.02816
63	137	1.32114
63	148	1.205
63	149	0.990725
63	166	1.37966
63	175	1.4458
64	10	0.978374
64	21	0.978374
64	32	0.935303
64	71	0.938335
64	77	0.947906
64	78	0.894808
64	84	0.966049
64	134	1.15585
64	140	1.44479
64	149	1.24537
64	157	1.26647
64	159	1.31999
64	166	0.88869
64	176	0.920645
65	12	0.972785
65	33	0.899518
65	50	0.93402
65	78	0.881884
65	84	0.953125
65	90	1.04228
65	139	1.06967
65	141	1.10348
65	151	1.1455
65	161	0.920624
65	163	1.07664
65	165	0.914353
65	166	0.875766
65	171	0.855213
65	175	0.857758
65	176	0.907721
65	178	0.768166
65	180	0.841595
66	6	0.745238
66	9	1.02382
66	17	0.810243
66	26	0.806996
66	38	0.788287
66	44	0.860897
66	51	0.842313
66	54	0.762471
66	57	0.905002
66	69	0.778885
66	76	0.806337
66	95	0.838473
66	108	1.45143
66	146	1.58187
66	150	0.827379
66	155	1.89493
66	169	1.4137
66	171	1.80154
67	3	0.873114
67	16	0.731929
67	28	0.834654
67	30	0.796987
67	41	0.783176
67	52	0.938789
67	59	0.792717
67	62	0.827706
67	63	0.928662
67	72	0.774914
67	74	0.824614
67	87	0.853836
67	108	1.53883
67	149	0.837231
67	156	1.5838
67	157	1.47044
67	168	1.58284
67	175	1.91703
68	43	0.895019
68	55	0.854439
68	88	0.858323
68	99	0.827262
68	105	0.811506
68	121	0.848383
68	141	0.803999
68	142	0.832705
68	151	0.810657
68	154	0.826484
68	155	1.89367
68	158	0.837674
68	160	0.842792
68	163	0.839186
68	165	1.49795
68	166	0.790906
68	173	1.44734
68	174	2.1979
69	6	0.745584
69	9	1.02417
69	17	0.81059
69	26	0.807343
69	38	0.788634
69	44	0.861244
69	51	0.84266
69	54	0.762818
69	57	0.905349
69	66	0.778885
69	76	0.806683
69	108	1.34427
69	124	0.831738
69	132	2.04183
69	150	0.827726
69	170	1.25807
69	171	1.69438
69	172	1.74815
70	2	0.780448
70	36	0.818742
70	39	0.820394
70	42	0.888848
70	47	0.789019
70	61	0.746086
70	79	0.874542
70	87	0.865301
70	89	0.843393
70	98	0.823202
70	100	0.875699
70	122	1.59889
70	124	0.841171
70	144	1.84566
70	165	1.59789
70	169	0.829643
70	173	1.54728
70	176	1.50225
71	10	0.906366
71	21	0.906366
71	32	0.863295
71	64	0.938335
71	77	0.875898
71	78	0.8228
71	84	0.894041
71	104	1.27498
71	108	0.885985
71	111	0.867231
71	124	1.31818
71	136	1.36669
71	165	1.4919
71	166	0.816681
71	171	1.79422
71	176	0.848637
72	3	0.872861
72	16	0.731675
72	28	0.8344
72	30	0.796734
72	41	0.782923
72	52	0.938536
72	59	0.792464
72	62	0.827452
72	63	0.928408
72	67	0.774914
72	74	0.82436
72	87	0.853583
72	118	1.71981
72	143	1.36853
72	149	0.836977
72	165	1.45496
72	173	1.40435
72	174	2.15491
73	63	1.01148
73	117	1.48377
73	133	1.1454
73	135	1.51412
73	140	0.851576
73	141	1.41108
73	148	0.846459
73	155	0.777548
73	159	0.855669
73	161	0.859305
73	167	0.795497
73	168	0.861225
73	170	0.874103
73	172	0.799414
73	175	0.796439
73	177	0.821403
73	179	0.869359
73	180	0.780277
74	3	0.92256
74	16	0.781375
74	18	1.11808
74	28	0.8841
74	29	1.24674
74	30	0.846433
74	41	0.832622
74	52	0.988235
74	59	0.842163
74	62	0.877152
74	63	0.978108
74	67	0.824614
74	72	0.82436
74	87	0.903282
74	149	0.886677
74	165	1.33761
74	168	1.33384
74	174	2.03755
74	176	1.24197
75	14	0.816232
75	105	0.846217
75	106	1.29294
75	121	0.883095
75	127	1.67584
75	135	0.867139
75	137	0.840017
75	139	0.855959
75	141	0.838711
75	142	0.867417
75	145	1.52098
75	147	1.44708
75	151	0.845369
75	153	1.356
75	154	0.861196
75	158	0.872386
75	160	0.877504
75	163	0.873898
75	166	0.825618
75	177	1.64392
76	6	0.773036
76	9	1.05162
76	17	0.838041
76	26	0.834795
76	38	0.816085
76	44	0.888695
76	51	0.870111
76	54	0.790269
76	57	0.932801
76	66	0.806337
76	69	0.806683
76	95	0.866271
76	124	0.85919
76	150	0.855177
76	155	1.82888
76	157	1.31698
76	162	1.35463
76	164	1.47907
76	169	1.34764
76	171	1.73548
77	10	0.915937
77	21	0.915937
77	32	0.872867
77	64	0.947906
77	71	0.875898
77	78	0.832371
77	84	0.903612
77	85	0.767946
77	94	1.26172
77	100	0.919385
77	108	0.895556
77	111	0.876802
77	112	1.36468
77	137	1.58496
77	150	1.26851
77	159	1.31655
77	166	0.826253
77	167	1.80684
77	176	0.858208
78	10	0.862839
78	18	1.39609
78	21	0.862839
78	32	0.819769
78	52	0.940842
78	64	0.894808
78	65	0.881884
78	71	0.8228
78	77	0.832371
78	84	0.850514
78	85	0.714848
78	100	0.866287
78	102	1.53964
78	108	0.842458
78	111	0.823704
78	127	1.7267
78	149	1.47836
78	150	1.50493
78	161	1.53643
78	166	0.773155
78	176	0.80511
79	2	0.856893
79	36	0.895186
79	39	0.896838
79	41	0.871086
79	42	0.965293
79	47	0.865463
79	56	0.950461
79	61	0.82253
79	70	0.874542
79	89	0.919838
79	98	0.899647
79	100	0.952144
79	124	0.917615
79	144	1.51861
79	148	1.36046
79	149	1.13357
79	162	1.19231
79	165	1.27084
79	166	1.53512
79	169	0.906088
79	172	1.62694
80	12	0.927605
80	17	1.25796
80	47	1.41966
80	109	1.10832
80	145	0.929851
80	146	0.922901
80	147	0.914676
80	152	0.893545
80	156	0.921855
80	158	1.08022
80	163	1.13407
80	164	0.908149
80	165	0.920717
80	167	0.863179
80	170	0.941785
80	174	0.828376
80	175	0.864122
80	177	0.889085
80	178	0.82559
80	179	0.937042
80	180	0.847959
81	58	1.29418
81	107	0.94849
81	115	1.04841
81	117	0.861096
81	118	1.36597
81	119	0.991973
81	120	1.0171
81	125	0.836203
81	126	0.87768
81	129	0.906739
81	130	0.893082
81	148	1.19074
81	156	1.09832
81	166	1.3654
81	171	1.40345
81	176	0.886519
81	178	0.945144
82	9	1.26286
82	120	1.45361
82	129	1.79637
82	140	0.794626
82	145	0.805219
82	146	0.798268
82	152	0.768913
82	154	1.79947
82	155	0.720598
82	157	0.820728
82	159	0.798719
82	160	1.74832
82	162	0.79711
82	167	0.738547
82	170	0.817153
82	173	0.79235
82	174	0.703743
82	175	0.739489
82	176	0.789452
82	177	0.764453
82	179	0.812409
82	180	0.723327
83	88	0.906988
83	99	0.875927
83	111	0.89012
83	121	0.897048
83	128	0.872761
83	131	0.8694
83	134	1.14367
83	139	0.869912
83	141	0.852664
83	146	1.45311
83	149	0.9057
83	151	0.859322
83	154	0.875149
83	155	1.76617
83	158	0.886339
83	160	0.891458
83	163	0.887851
83	166	0.839571
83	168	1.36669
83	175	1.70087
83	176	1.27482
83	179	1.30866
84	10	0.93408
84	21	0.93408
84	32	0.89101
84	64	0.966049
84	65	0.953125
84	71	0.894041
84	77	0.903612
84	78	0.850514
84	85	0.786089
84	100	0.937528
84	108	0.913699
84	111	0.894945
84	138	1.04774
84	140	1.30892
84	166	0.844396
84	167	1.67442
84	169	1.16126
84	171	1.5491
84	173	1.19617
84	176	0.876351
84	180	1.7093
85	36	2.20044
85	48	2.23705
85	58	0.718588
85	77	0.767946
85	78	0.714848
85	84	0.786089
85	115	1.84536
85	118	0.717886
85	133	2.17511
85	135	0.750252
85	139	0.739071
85	148	0.740741
85	158	0.755498
85	160	0.760616
85	163	0.75701
85	164	0.734749
85	166	0.70873
85	167	0.689779
85	174	0.654976
85	176	0.740685
85	179	0.763642
85	180	0.674559
86	88	0.905284
86	90	0.912164
86	101	0.877592
86	105	0.858467
86	109	0.888926
86	121	0.895345
86	135	0.879389
86	139	0.868209
86	141	0.85096
86	142	0.879667
86	151	0.857618
86	152	1.39987
86	154	0.873446
86	158	0.884636
86	160	0.889754
86	161	1.25606
86	162	1.25672
86	163	0.886148
86	165	1.33526
86	167	1.7629
86	170	1.20127
86	180	1.79778
87	36	0.885946
87	59	0.871386
87	61	0.81329
87	62	0.906374
87	67	0.853836
87	70	0.865301
87	72	0.853583
87	74	0.903282
87	89	0.910598
87	125	0.83141
87	129	0.901946
87	130	0.888289
87	145	1.3034
87	146	1.42984
87	150	1.23649
87	156	1.34437
87	166	1.61146
87	169	0.896847
87	173	1.29657
87	176	0.881726
87	178	0.940351
87	180	1.8097
88	55	0.897986
88	68	0.858323
88	83	0.906988
88	86	0.905284
88	103	1.33095
88	109	0.885512
88	121	0.891931
88	127	1.53097
88	141	0.847547
88	142	0.876253
88	145	1.37611
88	151	0.854204
88	154	0.870032
88	158	0.881222
88	160	0.88634
88	162	1.34136
88	163	0.882734
88	170	1.28591
88	171	0.813901
88	172	1.77599
88	176	1.32425
88	178	0.925034
89	2	0.825745
89	27	1.16893
89	36	0.864038
89	39	0.86569
89	41	0.839937
89	42	0.934144
89	43	1.00805
89	47	0.834315
89	61	0.791382
89	70	0.843393
89	79	0.919838
89	87	0.910598
89	98	0.868499
89	100	0.920996
89	124	0.886467
89	138	1.35021
89	147	1.43155
89	150	1.43855
89	153	1.34048
89	164	1.59515
89	169	0.874939
89	176	1.4536
90	23	0.900057
90	58	1.64684
90	65	1.04228
90	86	0.912164
90	93	0.888837
90	102	1.37779
90	104	1.23687
90	109	0.892392
90	121	0.898811
90	135	0.882855
90	137	0.855733
90	142	0.883133
90	151	0.861084
90	154	0.876912
90	156	1.45097
90	158	0.888102
90	160	0.89322
90	163	0.889614
90	166	0.841333
90	171	0.820781
90	176	1.35814
90	177	1.53294
91	4	0.905633
91	55	0.877464
91	93	0.861434
91	101	0.853656
91	109	0.864989
91	114	0.886147
91	128	0.847121
91	131	0.84376
91	135	0.855453
91	138	1.218
91	139	0.844272
91	146	1.49969
91	151	0.833682
91	154	0.849509
91	155	1.81275
91	158	0.860699
91	160	0.865818
91	162	1.3385
91	163	0.862211
91	167	1.84468
91	173	1.36643
91	178	0.904512
91	179	1.35524
92	10	1.315
92	50	1.34492
92	57	1.15162
92	63	1.02816
92	95	1.38257
92	102	0.883008
92	111	1.39731
92	118	0.8505
92	122	0.876453
92	148	0.873355
92	156	0.881068
92	161	0.886201
92	162	0.880956
92	168	0.888121
92	170	0.900999
92	172	0.82631
92	173	0.876196
92	174	0.787589
92	175	0.823335
92	177	0.848299
92	178	1.09244
92	179	0.896255
92	180	0.807173
93	4	0.906241
93	29	1.25095
93	90	0.888837
93	91	0.861434
93	99	0.850895
93	104	1.12492
93	105	0.835139
93	114	0.886756
93	118	1.60667
93	121	0.872017
93	139	0.844881
93	141	0.827633
93	142	0.856339
93	144	1.58959
93	149	0.880668
93	151	0.83429
93	154	0.850118
93	158	0.861308
93	160	0.866426
93	163	0.86282
93	164	1.38773
93	174	2.04177
93	179	1.28003
94	5	0.899716
94	31	0.932391
94	35	0.849858
94	37	0.823063
94	45	0.915272
94	48	0.824138
94	50	0.880525
94	52	0.960491
94	77	1.26172
94	101	1.34614
94	119	1.12573
94	120	0.92031
94	128	1.34431
94	130	1.33602
94	168	0.869049
94	169	0.869347
94	170	0.881927
94	171	0.801718
94	173	0.857124
94	175	0.804263
94	178	0.912851
94	179	0.877183
94	180	0.7881
95	8	0.817118
95	20	0.891652
95	24	0.886395
95	38	0.848222
95	40	0.829148
95	44	0.920831
95	54	0.822406
95	60	0.866684
95	66	0.838473
95	76	0.866271
95	92	1.38257
95	116	0.914841
95	117	0.839254
95	125	0.814361
95	126	0.855839
95	130	0.87124
95	138	1.27076
95	159	1.40715
95	161	1.3906
95	167	1.89744
95	168	1.46603
95	178	0.923302
95	179	1.408
96	8	0.810397
96	19	0.860267
96	20	0.884932
96	24	0.879674
96	31	0.936122
96	37	0.826794
96	40	0.822427
96	49	1.44986
96	60	0.859963
96	104	1.07049
96	117	0.832534
96	125	0.807641
96	126	0.849118
96	129	0.878176
96	130	0.86452
96	133	0.899588
96	140	1.34954
96	166	1.55167
96	169	0.873078
96	171	1.58972
96	172	1.6435
96	175	1.61781
96	178	0.916582
97	21	1.3627
97	35	1.36033
97	53	1.4213
97	104	0.927897
97	115	0.86758
97	130	1.40152
97	132	0.774162
97	142	1.37271
97	144	0.831229
97	148	0.859616
97	152	0.83902
97	155	0.790705
97	156	0.867329
97	157	0.890835
97	161	0.872462
97	165	0.866192
97	167	0.808654
97	168	0.874382
97	172	0.812571
97	173	0.862457
97	177	0.83456
97	178	1.12769
97	179	0.882516
97	180	0.793434
98	7	0.802947
98	8	0.792068
98	12	0.904692
98	25	0.872251
98	40	0.804098
98	42	0.913953
98	48	0.809539
98	50	0.865926
98	60	0.841634
98	61	0.771191
98	70	0.823202
98	79	0.899647
98	89	0.868499
98	116	0.889791
98	133	0.881258
98	137	1.70818
98	149	1.36515
98	161	1.42323
98	164	1.54833
98	166	1.7667
98	169	0.854748
98	171	0.78712
98	176	1.40678
98	177	1.58158
99	4	0.895094
99	68	0.827262
99	83	0.875927
99	93	0.850895
99	103	1.4481
99	105	0.823992
99	106	1.26521
99	109	0.854451
99	114	0.875608
99	123	1.79746
99	124	1.36332
99	135	0.844914
99	139	0.833734
99	141	0.816486
99	142	0.845192
99	150	0.857984
99	151	0.823143
99	152	1.60165
99	153	1.32827
99	158	0.850161
99	160	0.855279
99	163	0.851673
99	166	0.803392
99	175	1.86746
100	47	0.866621
100	70	0.875699
100	77	0.919385
100	78	0.866287
100	79	0.952144
100	84	0.937528
100	89	0.920996
100	103	1.17087
100	105	0.880769
100	113	1.31255
100	141	0.873262
100	146	1.34246
100	152	1.32442
100	154	0.895747
100	156	1.257
100	158	0.906937
100	160	0.912056
100	163	0.908449
100	166	0.860169
100	168	1.25604
100	169	0.907245
100	175	1.59023
100	176	0.892124
100	180	1.72233
101	34	0.838678
101	86	0.877592
101	91	0.853656
101	94	1.34614
101	109	0.857819
101	114	0.878977
101	116	0.88888
101	121	0.864238
101	128	0.839951
101	131	0.83659
101	141	0.819854
101	151	0.826512
101	152	1.52823
101	153	1.25486
101	154	0.842339
101	158	0.853529
101	160	0.858647
101	163	0.855041
101	166	0.806761
101	171	0.786208
101	175	1.79404
101	176	1.36798
101	179	1.40182
101	180	1.92614
102	39	1.54924
102	57	1.16285
102	78	1.53964
102	90	1.37779
102	92	0.883008
102	116	1.36977
102	127	0.810194
102	146	0.849472
102	155	0.771803
102	156	0.848427
102	157	0.871932
102	159	0.849923
102	161	0.85356
102	162	0.848314
102	163	1.41216
102	167	0.789751
102	168	0.855479
102	170	0.868357
102	172	0.793668
102	173	0.843554
102	175	0.790693
102	177	0.815657
102	178	1.10368
102	179	0.863614
102	180	0.774531
103	40	1.63688
103	88	1.33095
103	99	1.4481
103	100	1.17087
103	117	1.49873
103	134	0.892889
103	142	1.33575
103	145	0.857741
103	146	0.85079
103	155	0.77312
103	157	0.87325
103	159	0.851241
103	161	0.854877
103	164	0.836038
103	165	0.848607
103	168	0.856797
103	172	0.794986
103	173	0.844872
103	174	0.756265
103	175	0.792011
103	176	0.841974
103	177	0.816975
103	178	1.09073
103	179	0.864931
103	180	0.775849
104	37	1.2064
104	71	1.27498
104	90	1.23687
104	93	1.12492
104	96	1.07049
104	97	0.927897
104	110	1.1018
104	112	0.892587
104	118	0.876486
104	144	0.870954
104	154	1.16673
104	155	0.83043
104	156	0.907054
104	159	0.908551
104	163	1.27123
104	164	0.893348
104	165	0.905917
104	170	0.926985
104	172	0.852296
104	173	0.902182
104	174	0.813576
104	175	0.849321
104	177	0.874285
104	179	0.922242
104	180	0.833159
105	34	0.819553
105	68	0.811506
105	75	0.846217
105	86	0.858467
105	93	0.835139
105	99	0.823992
105	100	0.880769
105	112	1.65284
105	128	0.820827
105	131	0.817465
105	134	1.44057
105	135	0.829158
105	139	0.817978
105	141	0.800729
105	142	0.829435
105	146	1.75002
105	148	1.75698
105	151	0.807387
105	153	1.4586
105	158	0.834404
105	160	0.839523
105	163	0.835917
105	170	1.53338
105	176	1.57173
105	178	0.878217
106	8	1.47284
106	75	1.29294
106	99	1.26521
106	114	1.07849
106	119	0.971373
106	135	1.34619
106	141	1.24315
106	145	0.888962
106	146	0.882011
106	150	0.895832
106	153	0.903226
106	156	0.880965
106	159	0.882462
106	161	0.886098
106	162	0.880853
106	167	0.82229
106	168	0.888018
106	170	0.900896
106	172	0.826207
106	173	0.876093
106	174	0.787486
106	175	0.823232
106	177	0.848196
106	178	0.907836
106	179	0.896152
106	180	0.807069
107	46	0.839399
107	53	0.893945
107	81	0.94849
107	115	1.05481
107	117	0.867495
107	119	0.998373
107	120	1.0235
107	125	0.842602
107	126	0.884079
107	129	0.913138
107	130	0.899481
107	144	1.39837
107	150	1.03991
107	156	1.14779
107	165	1.1506
107	168	1.14683
107	172	1.5067
107	174	1.85054
107	176	0.892918
107	178	0.951543
108	8	0.820735
108	20	0.89527
108	25	0.900919
108	40	0.832765
108	45	1.1471
108	56	1.25992
108	60	0.870301
108	66	1.45143
108	67	1.53883
108	69	1.34427
108	71	0.885985
108	77	0.895556
108	78	0.842458
108	84	0.913699
108	115	0.871772
108	120	0.990001
108	121	1.22731
108	133	0.909926
108	166	0.83634
108	168	0.883118
108	172	0.821306
108	173	0.871192
108	176	0.868295
108	177	0.843295
108	179	0.891252
108	180	0.802169
109	1	1.719
109	80	1.10832
109	86	0.888926
109	88	0.885512
109	90	0.892392
109	91	0.864989
109	99	0.854451
109	101	0.857819
109	131	0.847924
109	134	1.2356
109	135	0.859616
109	136	1.33719
109	137	0.832494
109	141	0.831188
109	142	0.859894
109	149	0.884223
109	150	0.872686
109	151	0.837846
109	154	0.853673
109	156	1.45958
109	159	1.39974
109	160	0.869981
109	163	0.866375
109	170	1.32841
109	172	1.81849
109	178	0.908675
110	5	0.925698
110	7	0.843528
110	19	0.882518
110	31	0.958373
110	33	0.872005
110	35	0.875839
110	37	0.849045
110	45	0.941253
110	48	0.850119
110	104	1.1018
110	117	0.854785
110	118	1.58356
110	125	0.829892
110	126	0.871369
110	129	0.900427
110	130	0.886771
110	148	1.40833
110	152	1.38333
110	159	1.25607
110	165	1.31871
110	169	0.895329
110	171	0.8277
110	177	1.39787
110	178	0.938833
110	180	1.78124
111	5	0.895031
111	19	0.851851
111	27	1.10422
111	31	0.927706
111	37	0.818378
111	71	0.867231
111	77	0.876802
111	78	0.823704
111	83	0.89012
111	84	0.894945
111	92	1.39731
111	114	0.889802
111	131	0.847415
111	134	1.25774
111	141	0.830679
111	145	1.44075
111	158	0.864354
111	161	1.40534
111	163	0.865866
111	165	1.48453
111	166	0.817586
111	167	1.91217
111	169	0.864662
111	176	0.849541
111	178	0.908166
111	179	1.42273
112	15	0.804287
112	22	1.61193
112	60	1.29411
112	77	1.36468
112	104	0.892587
112	105	1.65284
112	121	1.26057
112	136	0.85367
112	144	0.795919
112	145	0.840016
112	147	0.82484
112	148	0.824305
112	151	1.54248
112	153	0.85428
112	159	0.833516
112	164	0.818313
112	167	0.773343
112	168	0.839072
112	170	0.85195
112	172	0.777261
112	173	0.827146
112	175	0.774286
112	177	0.799249
112	178	1.16515
112	179	0.847206
112	180	0.758123
113	13	0.734123
113	22	1.67919
113	62	1.35135
113	100	1.31255
113	114	1.40306
113	118	0.801567
113	122	0.827521
113	125	1.66859
113	133	1.30204
113	144	0.796036
113	146	0.833182
113	150	0.847002
113	152	0.803826
113	156	0.832136
113	160	1.38524
113	161	0.837269
113	164	0.81843
113	165	0.830998
113	167	0.77346
113	168	0.839189
113	170	0.852066
113	172	0.777378
113	173	0.827263
113	174	0.738657
113	177	0.799366
113	179	0.847323
113	180	0.75824
114	23	0.897976
114	34	0.871169
114	55	0.902785
114	91	0.886147
114	93	0.886756
114	99	0.875608
114	101	0.878977
114	106	1.07849
114	111	0.889802
114	113	1.40306
114	118	1.61516
114	121	0.89673
114	128	0.872443
114	135	0.880774
114	139	0.869594
114	140	1.41246
114	141	0.852346
114	142	0.881052
114	151	0.859003
114	154	0.874831
114	160	0.891139
114	163	0.887533
114	167	1.77796
114	168	1.34655
114	169	1.2648
114	176	1.25468
114	178	0.929833
114	179	1.28852
115	46	0.939323
115	53	0.993868
115	81	1.04841
115	85	1.84536
115	97	0.86758
115	107	1.05481
115	108	0.871772
115	117	0.967418
115	119	1.0983
115	120	1.12342
115	125	0.942525
115	126	0.984003
115	129	1.01306
115	130	0.999404
115	140	0.981703
115	145	0.875777
115	146	1.00221
115	149	0.782289
115	167	1.3472
115	172	1.27566
115	176	0.992842
115	178	1.05147
116	11	0.978956
116	24	0.902828
116	25	0.913735
116	40	0.845581
116	41	0.86123
116	60	0.883117
116	95	0.914841
116	98	0.889791
116	101	0.88888
116	102	1.36977
116	117	0.855688
116	122	1.44675
116	124	1.27204
116	125	0.830795
116	126	0.872272
116	129	0.90133
116	130	0.887673
116	154	0.884734
116	157	1.32958
116	158	0.895924
116	160	0.901042
116	162	1.36722
116	163	0.897436
116	165	1.44576
116	171	0.828603
116	173	1.39515
116	175	1.77618
116	178	0.939736
117	22	0.815909
117	46	0.752005
117	53	0.80655
117	73	1.48377
117	81	0.861096
117	95	0.839254
117	96	0.832534
117	103	1.49873
117	107	0.867495
117	110	0.854785
117	115	0.967418
117	116	0.855688
117	119	0.910978
117	120	0.936105
117	125	0.755208
117	126	0.796685
117	127	1.69874
117	129	0.825743
117	130	0.812086
117	133	0.847154
117	137	0.787968
117	149	1.4504
117	153	1.37891
117	169	1.50215
117	176	0.805524
117	177	1.66683
117	178	0.864149
117	179	1.52587
118	1	0.822527
118	5	1.53043
118	49	0.792397
118	72	1.71981
118	81	1.36597
118	85	0.717886
118	92	0.8505
118	93	1.60667
118	104	0.876486
118	110	1.58356
118	113	0.801567
118	114	1.61516
118	143	0.840514
118	145	0.823915
118	148	0.808204
118	159	0.817415
118	160	1.59734
118	162	0.815806
118	167	0.757242
118	168	0.822971
118	170	0.835849
118	172	0.76116
118	173	0.811045
118	174	0.722439
118	175	0.758185
118	177	0.783148
118	179	0.831105
118	180	0.742022
119	22	0.946787
119	46	0.882882
119	53	0.937428
119	58	1.43626
119	81	0.991973
119	94	1.12573
119	106	0.971373
119	107	0.998373
119	115	1.0983
119	117	0.910978
119	120	1.06698
119	125	0.886085
119	126	0.927563
119	129	0.956621
119	130	0.942964
119	136	1.118
119	137	0.918845
119	146	1.32586
119	149	1.10593
119	157	1.12703
119	168	1.23944
119	176	0.936401
119	178	0.995027
119	179	1.18141
120	22	0.971914
120	46	0.908009
120	53	0.962555
120	81	1.0171
120	82	1.45361
120	94	0.92031
120	107	1.0235
120	108	0.990001
120	115	1.12342
120	117	0.936105
120	119	1.06698
120	125	0.911212
120	126	0.95269
120	129	0.981748
120	130	0.968091
120	144	1.28555
120	157	0.921611
120	166	1.30206
120	169	0.952271
120	171	1.34011
120	176	0.961528
120	177	1.11694
120	178	1.02015
121	14	0.815128
121	29	1.18422
121	68	0.848383
121	75	0.883095
121	83	0.897048
121	86	0.895345
121	88	0.891931
121	90	0.898811
121	93	0.872017
121	101	0.864238
121	108	1.22731
121	112	1.26057
121	114	0.89673
121	128	0.857704
121	131	0.854343
121	135	0.866036
121	139	0.854855
121	142	0.866313
121	143	1.18866
121	144	1.52286
121	146	1.35775
121	151	0.844265
121	154	0.860092
121	158	0.871282
121	160	0.8764
121	163	0.872794
121	164	1.321
121	172	1.63119
121	174	1.97503
122	28	1.34991
122	31	1.30664
122	48	1.31223
122	55	1.25356
122	70	1.59889
122	92	0.876453
122	113	0.827521
122	116	1.44675
122	131	1.59377
122	134	0.885017
122	138	0.888202
122	145	0.849868
122	146	0.842917
122	154	1.38464
122	156	0.841871
122	157	0.865377
122	164	0.828165
122	165	0.840734
122	167	0.783196
122	168	0.848924
122	171	0.781594
122	172	0.787113
122	173	0.836999
122	174	0.748392
122	175	0.784138
122	176	0.834101
122	177	0.809102
122	179	0.857058
122	180	0.767976
123	24	1.59774
123	53	1.7337
123	55	1.51298
123	62	1.55903
123	99	1.79746
123	129	1.64096
123	132	0.711043
123	140	0.801614
123	143	0.828806
123	146	0.805256
123	147	0.797031
123	151	1.81742
123	152	0.775901
123	153	0.826471
123	155	0.727586
123	161	0.809343
123	162	0.804098
123	164	0.790504
123	165	0.803072
123	167	0.745535
123	168	0.811263
123	170	0.824141
123	172	0.749452
123	173	0.799338
123	174	0.710731
123	175	0.746477
123	176	0.79644
123	177	0.77144
123	179	0.819397
123	180	0.730314
124	4	1.29958
124	6	0.798091
124	7	1.49541
124	26	0.859849
124	39	0.863467
124	44	0.91375
124	47	0.832092
124	51	0.895166
124	56	0.91709
124	69	0.831738
124	70	0.841171
124	71	1.31818
124	76	0.85919
124	79	0.917615
124	89	0.886467
124	99	1.36332
124	116	1.27204
124	129	1.20682
124	133	1.07558
124	150	0.880232
124	157	0.888871
124	162	0.865253
124	163	1.31442
124	169	0.872716
124	173	0.860493
124	174	0.771887
124	175	0.807632
124	177	0.832596
124	178	1.00595
124	180	0.79147
125	22	0.791016
125	46	0.727112
125	53	0.781657
125	56	0.840125
125	81	0.836203
125	87	0.83141
125	95	0.814361
125	96	0.807641
125	107	0.842602
125	110	0.829892
125	113	1.66859
125	115	0.942525
125	116	0.830795
125	117	0.755208
125	119	0.886085
125	120	0.911212
125	126	0.771792
125	129	0.80085
125	130	0.787193
125	133	0.822261
125	137	0.763075
125	140	1.678
125	145	1.57207
125	149	1.47858
125	153	1.40709
125	169	1.53034
125	173	1.56524
125	174	2.3158
125	176	0.780631
125	178	0.839256
126	11	0.960234
126	22	0.832494
126	46	0.768589
126	53	0.823135
126	56	0.881603
126	81	0.87768
126	95	0.855839
126	96	0.849118
126	107	0.884079
126	110	0.871369
126	115	0.984003
126	116	0.872272
126	117	0.796685
126	119	0.927563
126	120	0.95269
126	125	0.771792
126	129	0.842328
126	130	0.828671
126	133	0.863739
126	136	1.30183
126	137	0.804552
126	148	1.51665
126	155	1.82275
126	156	1.42423
126	166	1.69131
126	170	1.29305
126	176	0.822108
126	177	1.50619
126	178	0.880733
126	180	1.88956
127	18	0.8638
127	75	1.67584
127	78	1.7267
127	88	1.53097
127	102	0.810194
127	117	1.69874
127	128	1.57286
127	136	0.829905
127	139	1.59225
127	143	0.83285
127	144	0.772154
127	145	0.816251
127	147	0.801075
127	155	0.73163
127	162	0.808142
127	164	0.794548
127	165	0.807116
127	166	0.768529
127	169	0.815605
127	170	0.828185
127	171	0.747976
127	172	0.753496
127	173	0.803381
127	174	0.714775
127	175	0.750521
127	177	0.775484
127	178	1.29074
127	179	0.823441
127	180	0.734358
128	4	0.891928
128	49	1.62425
128	55	0.863759
128	83	0.872761
128	91	0.847121
128	94	1.34431
128	101	0.839951
128	105	0.820827
128	114	0.872443
128	121	0.857704
128	127	1.57286
128	131	0.830056
128	135	0.841749
128	139	0.830568
128	141	0.81332
128	142	0.842026
128	148	1.55141
128	149	0.866355
128	151	0.819978
128	154	0.835805
128	156	1.45898
128	158	0.846995
128	160	0.852113
128	161	1.3826
128	163	0.848507
128	166	0.800227
128	170	1.3278
128	171	0.779674
128	172	1.81789
128	176	1.36615
128	178	0.890807
129	11	0.913741
129	22	0.861552
129	46	0.797648
129	53	0.852193
129	56	0.910661
129	81	0.906739
129	82	1.79637
129	87	0.901946
129	96	0.878176
129	107	0.913138
129	110	0.900427
129	115	1.01306
129	116	0.90133
129	117	0.825743
129	119	0.956621
129	120	0.981748
129	123	1.64096
129	124	1.20682
129	125	0.80085
129	126	0.842328
129	130	0.857729
129	133	0.892797
129	137	0.83361
129	143	1.29411
129	156	1.37773
129	157	1.26437
129	168	1.37678
129	170	1.24656
129	176	0.851166
129	178	0.909792
129	179	1.31875
130	22	0.847895
130	46	0.783991
130	53	0.838536
130	56	0.897004
130	81	0.893082
130	87	0.888289
130	94	1.33602
130	95	0.87124
130	96	0.86452
130	97	1.40152
130	107	0.899481
130	110	0.886771
130	115	0.999404
130	116	0.887673
130	117	0.812086
130	119	0.942964
130	120	0.968091
130	125	0.787193
130	126	0.828671
130	129	0.857729
130	133	0.87914
130	136	1.32829
130	137	0.819954
130	143	1.36706
130	148	1.54311
130	153	1.24473
130	157	1.33732
130	166	1.71777
130	169	1.36798
130	176	0.83751
130	177	1.53265
130	178	0.896135
131	14	0.78748
131	23	0.855589
131	83	0.8694
131	91	0.84376
131	101	0.83659
131	105	0.817465
131	109	0.847924
131	111	0.847415
131	121	0.854343
131	122	1.59377
131	128	0.830056
131	135	0.838387
131	137	0.811265
131	139	0.827207
131	141	0.809959
131	142	0.838665
131	147	1.47508
131	151	0.816617
131	153	1.38401
131	154	0.832444
131	155	1.98849
131	158	0.843634
131	159	1.53012
131	160	0.848752
131	161	1.51358
131	162	1.51424
131	163	0.845146
131	166	0.796866
131	170	1.45878
131	171	0.776313
131	177	1.67193
131	178	0.887446
132	1	0.759929
132	55	1.90233
132	57	1.88861
132	69	2.04183
132	97	0.774162
132	123	0.711043
132	138	0.799651
132	141	2.16476
132	144	0.71722
132	147	0.74614
132	148	0.745606
132	153	0.77558
132	156	0.75332
132	157	0.776825
132	158	2.08407
132	159	0.754817
132	161	0.758453
132	164	0.739614
132	165	0.752182
132	168	0.760372
132	169	0.760671
132	170	0.77325
132	172	0.698561
132	173	0.748447
132	174	0.659841
132	175	0.695587
132	176	0.74555
132	177	0.72055
132	178	1.82944
132	179	0.768507
132	180	0.679424
133	1	1.50591
133	7	0.835897
133	8	0.825018
133	20	0.899552
133	24	0.894295
133	33	0.864375
133	35	0.868209
133	40	0.837048
133	45	0.933623
133	48	0.842489
133	50	0.898876
133	60	0.874584
133	73	1.1454
133	85	2.17511
133	96	0.899588
133	98	0.881258
133	108	0.909926
133	113	1.30204
133	117	0.847154
133	124	1.07558
133	125	0.822261
133	126	0.863739
133	129	0.892797
133	130	0.87914
133	143	1.16287
133	145	1.20552
133	159	1.18665
133	161	1.17011
133	171	0.82007
133	176	0.872578
133	178	0.931203
133	180	1.71182
134	30	1.31889
134	59	1.31372
134	64	1.15585
134	83	1.14367
134	103	0.892889
134	105	1.44057
134	109	1.2356
134	111	1.25774
134	122	0.885017
134	135	1.39123
134	138	0.935963
134	147	0.882453
134	152	0.861322
134	153	0.911892
134	155	0.813008
134	156	0.889632
134	159	0.891129
134	160	1.1057
134	162	0.88952
134	164	0.875926
134	165	0.888494
134	167	0.830956
134	168	0.896685
134	170	0.909562
134	172	0.834874
134	173	0.884759
134	174	0.796153
134	175	0.831899
134	177	0.856862
134	178	0.952876
