1	18	1.04866
1	19	0.933981
1	66	1.0847
1	101	1.03315
1	128	0.994332
1	129	1.03515
1	130	1.01152
1	132	1.23062
1	146	1.18705
1	147	1.03028
1	152	1.03764
1	160	1.12276
2	31	1.09673
2	96	0.90261
2	123	1.04039
2	161	0.985595
2	169	0.980528
2	172	0.93498
2	173	0.942981
2	175	0.91433
2	176	0.976506
2	177	0.903573
2	179	0.909057
2	180	0.896788
3	63	0.82398
3	85	0.72474
3	141	0.749099
3	156	0.586961
3	167	1.12832
3	174	1.0427
3	175	1.03581
3	176	1.09799
3	177	1.02506
3	178	1.07284
3	179	1.03054
3	180	1.01827
4	35	1.05842
4	51	1.00082
4	52	0.997247
4	54	1.06822
4	58	1.06448
4	65	1.03826
4	68	1.03836
4	75	0.971131
4	107	0.954469
4	160	1.15489
4	176	1.01513
4	180	1.43048
5	51	0.792503
5	52	0.923002
5	70	0.490197
5	111	0.701094
5	113	1.06775
5	130	1.0879
5	147	1.10666
5	152	1.11402
5	176	1.06012
5	177	0.987185
5	178	1.03497
5	180	0.980399
6	70	1.73191
6	124	0.872743
6	158	0.86476
6	159	0.835702
6	160	1.523
6	166	0.891659
6	169	0.864005
6	172	0.818457
6	176	0.859983
6	178	0.834831
6	179	0.792535
6	180	0.780265
7	8	1.0838
7	106	1.16495
7	160	0.856012
7	163	0.989351
7	170	0.937159
7	171	0.988763
7	174	0.91696
7	176	0.972252
7	177	0.899318
7	178	0.9471
7	179	0.904803
7	180	0.892533
8	7	1.0838
8	59	0.923708
8	119	1.04242
8	132	1.06232
8	140	0.977999
8	141	1.05386
8	143	1.07274
8	144	1.02729
8	148	1.15014
8	151	1.01774
8	153	1.03605
8	156	1.05121
9	72	0.99022
9	77	0.880707
9	78	0.93476
9	81	0.934904
9	98	0.902048
9	103	0.944987
9	106	0.917766
9	120	1.18028
9	138	1.2376
9	143	0.959306
9	144	0.913861
9	174	1.73548
10	17	1.05306
10	50	1.05768
10	72	1.10282
10	75	0.967828
10	76	1.06646
10	77	0.993308
10	78	1.04736
10	81	1.04751
10	84	0.957595
10	139	1.03081
10	173	1.18533
10	174	1.22286
11	115	1.14504
11	147	1.07577
11	159	0.956771
11	160	0.85068
11	168	0.93938
11	170	0.945959
11	172	0.939526
11	176	0.981052
11	177	0.908119
11	178	0.9559
11	179	0.913604
11	180	0.901334
12	87	0.919206
12	112	0.909075
12	114	0.967075
12	115	0.953805
12	116	0.954253
12	125	0.916272
12	148	1.21138
12	151	0.904297
12	153	0.922609
12	154	1.26086
12	156	0.937773
12	180	1.69709
13	79	0.934276
13	87	0.9283
13	92	1.33793
13	98	0.911138
13	99	0.9026
13	119	0.938081
13	121	1.28366
13	123	0.936991
13	141	0.949512
13	143	0.968396
13	151	0.913391
13	164	1.52802
14	103	0.590121
14	116	0.749191
14	127	0.750464
14	139	0.763175
14	169	1.10282
14	171	1.11531
14	174	1.04351
14	175	1.03663
14	177	1.02587
14	178	1.07365
14	179	1.03135
14	180	1.01908
15	63	1.04824
15	97	1.08827
15	106	1.04999
15	117	1.01069
15	123	1.06012
15	126	0.82248
15	144	1.04608
15	151	1.03652
15	153	1.05483
15	157	0.932181
15	163	1.1124
15	179	1.48831
16	70	0.74074
16	97	0.752232
16	114	0.66217
16	143	0.717388
16	162	1.16078
16	172	1.05103
16	173	1.05903
16	174	1.03726
16	175	1.03038
16	178	1.0674
16	179	1.02511
16	180	1.01284
17	10	1.05306
17	26	0.907328
17	38	1.08096
17	50	1.02785
17	61	0.715083
17	76	1.03662
17	77	0.963474
17	78	1.01753
17	81	1.01767
17	101	1.11121
17	139	1.00097
17	159	1.47914
17	171	1.28161
18	1	1.04866
18	79	1.00614
18	98	0.983005
18	135	1.29181
18	138	0.860005
18	139	0.99916
18	143	1.04026
18	144	0.994817
18	146	0.959215
18	147	1.00123
18	152	1.00858
18	153	1.00357
18	180	1.5622
19	1	0.933981
19	66	0.845634
19	129	0.791375
19	153	0.789377
19	162	1.11349
19	165	1.04553
19	171	1.06177
19	172	1.00373
19	175	0.983083
19	177	0.972327
19	178	1.02011
19	179	0.977811
19	180	0.965542
20	22	0.841501
20	69	0.89472
20	99	0.890984
20	105	0.908971
20	111	0.897194
20	112	0.906553
20	114	0.964553
20	116	0.951731
20	118	0.922837
20	125	0.913751
20	134	1.23918
20	159	1.69223
20	161	1.52271
21	29	1.24385
21	41	1.07061
21	70	0.981117
21	87	1.00618
21	124	1.05288
21	143	1.04628
21	144	1.00083
21	150	0.992939
21	151	0.991274
21	153	1.00959
21	156	1.02475
21	173	1.11991
21	179	1.26734
22	20	0.841501
22	34	0.895676
22	69	0.88358
22	110	0.947324
22	111	0.886054
22	112	0.895412
22	114	0.953412
22	115	0.940142
22	116	0.940591
22	125	0.90261
22	171	1.24138
22	175	1.61202
22	179	1.61799
23	47	1.01901
23	49	1.03263
23	56	0.996934
23	71	1.05476
23	88	0.978543
23	90	0.982031
23	93	1.0326
23	128	0.906002
23	140	1.04385
23	150	0.986305
23	156	1.01812
23	166	1.1897
23	168	1.52503
24	48	0.923013
24	50	1.63366
24	64	0.942684
24	102	0.804226
24	103	1.89752
24	133	0.824006
24	152	0.879629
24	171	0.84224
24	173	0.792203
24	174	0.770436
24	175	0.763552
24	176	0.825728
24	180	0.74601
25	38	0.964872
25	42	0.964682
25	50	0.911759
25	72	0.956896
25	76	0.920533
25	77	0.847382
25	78	0.901436
25	81	0.90158
25	107	1.40681
25	135	0.83578
25	139	0.884879
25	165	1.47382
25	170	1.61687
26	17	0.907328
26	38	0.965061
26	42	0.964872
26	72	0.957086
26	76	0.920722
26	77	0.847572
26	78	0.901626
26	81	0.901769
26	135	0.835969
26	139	0.885069
26	166	1.33648
26	174	1.64417
26	178	1.49329
27	32	0.993349
27	45	1.0773
27	52	0.939689
27	54	1.01066
27	58	1.00692
27	65	0.980704
27	68	0.980803
27	127	1.03566
27	140	0.85289
27	160	1.09733
27	161	1.06773
27	168	1.33407
27	175	1.41036
28	53	1.14272
28	87	1.21368
28	137	1.00034
28	155	0.96075
28	158	0.93176
28	162	0.995213
28	168	0.885312
28	169	0.931006
28	172	0.885457
28	176	0.926984
28	178	0.901832
28	179	0.859535
28	180	0.847266
29	21	1.24385
29	50	1.11674
29	102	0.899601
29	149	1.01394
29	150	1.44139
29	164	0.949577
29	168	0.87943
29	174	0.865811
29	175	0.858926
29	176	0.921103
29	177	0.848169
29	178	0.895951
29	179	0.853654
29	180	0.841384
30	82	0.79047
30	98	0.969595
30	118	0.86709
30	129	1.03391
30	147	1.02905
30	151	0.835081
30	152	1.0364
30	160	1.12152
30	166	1.01418
30	172	0.940975
30	174	0.92721
30	177	0.909569
30	179	0.915053
30	180	0.902784
31	2	1.09673
31	48	1.00653
31	66	1.01021
31	91	1.01625
31	109	1.20983
31	122	0.973276
31	129	0.960652
31	136	0.9391
31	137	0.970212
31	147	0.955788
31	152	0.963146
31	160	1.04827
31	166	0.94092
31	174	1.46273
32	27	0.993349
32	35	0.967355
32	45	1.04379
32	51	0.909746
32	54	0.977152
32	58	0.973409
32	65	0.947192
32	68	0.947291
32	89	1.21476
32	104	1.19392
32	126	1.08893
32	127	1.00215
32	160	1.06382
32	176	1.43382
33	85	1.031
33	89	1.00707
33	108	0.971473
33	113	0.938789
33	127	1.00851
33	129	0.982563
33	130	0.95894
33	137	0.992123
33	147	0.977699
33	152	0.985057
33	155	1.22321
33	164	1.10405
33	166	0.962831
33	180	1.64147
34	22	0.895676
34	43	1.03693
34	105	0.963146
34	110	1.01264
34	111	0.951369
34	112	0.960728
34	115	1.00546
34	116	1.00591
34	118	0.977012
34	125	0.967925
34	128	0.864258
34	133	1.39781
34	169	1.13538
34	175	1.55958
35	4	1.05842
35	32	0.967355
35	51	0.917264
35	52	0.913695
35	54	0.98467
35	58	0.980927
35	65	0.95471
35	68	0.954808
35	127	1.00967
35	160	1.07134
35	166	1.05309
35	170	1.29916
35	175	1.46472
35	176	1.14975
36	47	1.10107
36	56	1.07899
36	57	1.07678
36	71	1.13682
36	88	1.0606
36	90	1.06409
36	93	1.11466
36	95	0.948645
36	121	0.884471
36	149	0.976464
36	150	1.06836
36	156	1.10018
36	157	1.01572
36	176	1.25091
37	40	1.04329
37	64	0.642346
37	139	0.730907
37	141	0.700308
37	160	0.467418
37	162	1.14947
37	164	1.10972
37	165	1.08151
37	170	1.04615
37	173	1.04772
37	174	1.02595
37	177	1.00831
37	178	1.05609
37	179	1.01379
37	180	1.00152
38	17	1.08096
38	25	0.964872
38	26	0.965061
38	72	1.13072
38	76	1.09436
38	77	1.02121
38	78	1.07526
38	81	1.07541
38	92	0.823798
38	107	1.07531
38	135	1.00961
38	139	1.0587
38	163	1.081
38	166	1.03931
38	179	1.45691
39	72	1.2943
39	108	1.36898
39	135	0.887209
39	156	1.26587
39	157	0.997979
39	162	0.96006
39	167	0.922164
39	170	0.856738
39	173	0.858306
39	174	0.836539
39	176	0.891831
39	177	0.818898
39	178	0.866679
39	179	0.824382
39	180	0.812113
40	37	1.04329
40	49	0.985366
40	55	0.951615
40	56	0.949675
40	57	0.947463
40	80	0.976374
40	88	0.931284
40	90	0.934772
40	93	0.985342
40	136	0.936662
40	145	1.23248
40	150	0.939046
40	156	0.970857
40	162	1.32047
40	169	1.45935
41	21	1.07061
41	82	1.05211
41	96	1.08061
41	106	1.04371
41	107	1.02759
41	117	1.00441
41	122	0.847462
41	123	1.05384
41	141	1.06636
41	150	1.03191
41	153	1.04855
41	155	1.12298
41	163	1.07092
41	167	0.959515
41	179	1.44683
42	25	0.964682
42	26	0.964872
42	50	1.08539
42	72	1.13053
42	76	1.09417
42	77	1.02102
42	78	1.07507
42	81	1.07522
42	135	1.00942
42	138	0.800074
42	139	1.05852
42	162	0.838797
42	165	1.09327
42	172	1.29381
42	177	1.45018
43	34	1.03693
43	44	0.998404
43	69	1.02483
43	105	1.03908
43	110	1.08858
43	111	1.02731
43	114	1.09466
43	116	1.08184
43	118	1.05295
43	125	1.04386
43	149	0.80962
43	162	0.835937
43	171	1.02839
43	172	1.29095
43	180	1.49941
44	43	0.998404
44	46	0.89706
44	74	0.998921
44	75	1.30027
44	105	0.924621
44	110	0.974115
44	112	0.922203
44	114	0.980203
44	115	0.966933
44	116	0.967381
44	118	0.938487
44	125	0.9294
44	138	1.05742
44	167	1.17789
44	177	1.70753
45	27	1.0773
45	32	1.04379
45	51	0.9937
45	52	0.990132
45	58	1.05736
45	65	1.03115
45	68	1.03124
45	86	1.0479
45	127	1.0861
45	132	0.878003
45	133	1.17526
45	160	1.14777
45	165	1.02842
45	170	1.17147
45	172	1.22895
46	44	0.89706
46	67	0.999532
46	74	1.01204
46	83	0.950156
46	99	0.919751
46	107	1.03582
46	110	0.987233
46	111	0.925962
46	112	0.935321
46	115	0.980051
46	118	0.951605
46	125	0.942518
46	172	1.30336
46	177	1.45974
46	180	1.51183
47	23	1.01901
47	36	1.10107
47	49	1.03326
47	55	0.999511
47	56	0.997571
47	71	1.05539
47	88	0.97918
47	93	1.03324
47	136	0.984557
47	150	0.986941
47	156	1.01875
47	158	1.09903
47	161	1.00592
47	164	0.911505
47	177	1.39684
47	179	1.35452
48	24	0.923013
48	31	1.00653
48	53	1.02068
48	91	1.09405
48	104	0.931496
48	108	1.02736
48	113	0.994676
48	130	1.01483
48	135	1.31634
48	137	1.04801
48	147	1.03359
48	152	1.04094
48	154	1.15051
48	155	1.16848
48	166	1.01872
48	176	1.17139
49	23	1.03263
49	40	0.985366
49	47	1.03326
49	55	1.01313
49	57	1.00898
49	59	0.751636
49	71	1.06901
49	88	0.992796
49	90	0.996284
49	93	1.04685
49	135	1.19339
49	150	1.00056
49	156	1.03237
49	168	1.28711
49	177	1.41169
49	178	1.10858
50	10	1.05768
50	17	1.02785
50	24	1.63366
50	25	0.911759
50	29	1.11674
50	42	1.08539
50	72	1.07761
50	76	1.04125
50	77	0.968095
50	78	1.02215
50	81	1.02229
50	135	0.956492
50	139	1.00559
50	166	0.722627
50	171	0.76362
50	175	1.13426
51	4	1.00082
51	5	0.792503
51	32	0.909746
51	35	0.917264
51	45	0.9937
51	52	0.856086
51	54	0.927061
51	58	0.923318
51	65	0.897101
51	68	0.8972
51	86	0.913859
51	127	0.952059
51	160	1.01373
51	165	1.51028
51	169	1.3947
51	173	1.67744
52	4	0.997247
52	5	0.923002
52	27	0.939689
52	35	0.913695
52	45	0.990132
52	51	0.856086
52	54	0.923492
52	58	0.919749
52	65	0.893532
52	68	0.893631
52	86	0.91029
52	127	0.948491
52	134	1.32324
52	160	1.01016
52	169	1.5252
52	171	1.57877
53	28	1.14272
53	48	1.02068
53	64	1.04035
53	85	1.02324
53	101	0.972812
53	108	0.963713
53	109	1.24596
53	129	0.974803
53	130	0.951181
53	131	1.16521
53	137	0.984364
53	147	0.96994
53	148	1.21747
53	152	0.977297
53	157	1.05264
53	160	1.06242
53	166	0.955072
54	4	1.06822
54	27	1.01066
54	32	0.977152
54	35	0.98467
54	51	0.927061
54	52	0.923492
54	58	0.990724
54	65	0.964507
54	68	0.964606
54	86	0.981265
54	122	0.965324
54	127	1.01947
54	146	1.05611
54	154	1.22287
54	159	1.38561
54	160	1.08113
54	170	1.39316
55	40	0.951615
55	47	0.999511
55	49	1.01313
55	56	0.977437
55	57	0.975225
55	71	1.03526
55	88	0.959046
55	89	1.0236
55	90	0.962534
55	92	0.96565
55	93	1.0131
55	104	1.03793
55	150	0.966807
55	154	1.25694
55	156	0.998619
55	174	1.48885
55	176	1.27782
56	23	0.996934
56	36	1.07899
56	40	0.949675
56	47	0.997571
56	55	0.977437
56	71	1.03332
56	88	0.957105
56	90	0.960593
56	93	1.01116
56	131	1.27355
56	136	0.962483
56	140	1.15367
56	150	0.964867
56	156	0.996679
56	157	1.16098
56	162	1.14805
56	166	1.29951
57	36	1.07678
57	40	0.947463
57	49	1.00898
57	55	0.975225
57	71	1.03111
57	80	0.999984
57	88	0.954894
57	90	0.958382
57	93	1.00895
57	136	0.960271
57	150	0.962655
57	156	0.994467
57	164	0.919284
57	172	1.24824
57	178	1.10151
57	179	1.3623
57	180	1.45671
58	4	1.06448
58	27	1.00692
58	32	0.973409
58	35	0.980927
58	45	1.05736
58	51	0.923318
58	52	0.919749
58	54	0.990724
58	65	0.960764
58	68	0.960863
58	84	1.26485
58	86	0.977522
58	101	1.09301
58	133	1.47228
58	138	1.03223
58	160	1.07739
58	167	1.15271
59	8	0.923708
59	49	0.751636
59	85	0.904451
59	111	1.11573
59	152	0.854067
59	164	1.05092
59	165	1.02271
59	169	1.02647
59	170	0.987351
59	171	1.03896
59	173	0.988919
59	174	0.967152
59	176	1.02244
59	177	0.949511
59	178	0.997292
59	179	0.954995
59	180	0.942725
60	80	1.0027
60	87	0.978617
60	91	1.04014
60	103	1.00439
60	109	1.05801
60	130	0.960918
60	132	1.0083
60	136	0.962989
60	137	0.994101
60	141	0.999829
60	147	0.979677
60	151	0.963709
60	152	0.987035
60	165	1.10622
60	168	1.33855
60	171	1.04421
60	180	1.51523
61	17	0.715083
61	63	0.678294
61	71	0.568999
61	83	0.64472
61	90	0.822812
61	98	0.805151
61	161	1.12549
61	163	1.1335
61	167	1.14673
61	168	1.07473
61	170	1.08131
61	172	1.07487
61	175	1.05422
61	176	1.1164
61	177	1.04347
61	179	1.04895
61	180	1.03668
62	86	0.992097
62	103	0.762011
62	110	0.838718
62	127	0.922354
62	149	1.11489
62	160	0.671576
62	163	1.03915
62	171	1.03856
62	172	0.980523
62	173	0.988524
62	174	0.966757
62	175	0.959873
62	176	1.02205
62	177	0.949116
62	178	0.996897
62	179	0.9546
62	180	0.942331
63	3	0.82398
63	15	1.04824
63	61	0.678294
63	80	1.00161
63	86	0.971199
63	96	1.01299
63	102	1.64819
63	106	0.976086
63	117	0.936786
63	119	0.987311
63	141	0.998742
63	143	1.01763
63	144	0.972181
63	151	0.962622
63	153	0.980934
63	169	1.19125
63	176	1.30049
64	24	0.942684
64	37	0.642346
64	53	1.04035
64	85	1.10655
64	113	1.01435
64	129	1.05812
64	130	1.0345
64	134	0.856449
64	136	1.03657
64	137	1.06768
64	147	1.05326
64	152	1.06061
64	160	1.14574
64	166	1.03839
64	171	1.11198
64	173	1.34115
64	176	1.16764
64	178	1.2278
65	4	1.03826
65	27	0.980704
65	32	0.947192
65	35	0.95471
65	45	1.03115
65	51	0.897101
65	52	0.893532
65	54	0.964507
65	58	0.960764
65	68	0.934646
65	86	0.951305
65	94	1.37793
65	127	0.989505
65	133	1.4321
65	142	1.09124
65	160	1.05117
65	163	1.22394
65	171	1.22324
66	1	1.0847
66	19	0.845634
66	31	1.01021
66	91	1.09773
66	108	1.03104
66	121	0.919906
66	122	1.00791
66	127	1.06807
66	129	1.04213
66	133	0.988997
66	139	1.0352
66	146	1.0987
66	147	1.03726
66	152	1.04462
66	160	1.12974
66	161	1.25868
66	166	1.02239
66	169	1.1771
67	46	0.999532
67	74	1.10139
67	83	1.03951
67	89	0.867418
67	105	1.02709
67	110	1.07659
67	111	1.01532
67	112	1.02468
67	114	1.08267
67	115	1.06941
67	116	1.06985
67	118	1.04096
67	125	1.03187
67	148	1.01611
67	155	1.08356
67	163	1.0315
67	172	1.29336
67	173	1.25998
68	4	1.03836
68	27	0.980803
68	32	0.947291
68	35	0.954808
68	45	1.03124
68	51	0.8972
68	52	0.893631
68	54	0.964606
68	58	0.960863
68	65	0.934646
68	86	0.951403
68	127	0.989604
68	128	1.0518
68	145	1.09604
68	160	1.05127
68	162	1.18403
68	163	1.37718
68	174	1.64318
69	20	0.89472
69	22	0.88358
69	43	1.02483
69	83	0.963467
69	100	0.999594
69	105	0.951049
69	110	1.00054
69	111	0.939273
69	114	1.00663
69	115	0.993362
69	116	0.99381
69	118	0.964916
69	125	0.955829
69	158	1.15145
69	163	1.03103
69	173	1.25951
69	177	1.44926
69	180	1.50135
70	5	0.490197
70	6	1.73191
70	16	0.74074
70	21	0.981117
70	80	0.979744
70	82	0.962623
70	94	1.30065
70	97	0.992495
70	119	0.965441
70	123	0.964351
70	141	0.976872
70	143	0.995756
70	144	0.95031
70	150	0.942416
70	151	0.940751
70	153	0.959063
70	156	0.974227
70	179	1.52257
71	23	1.05476
71	36	1.13682
71	47	1.05539
71	49	1.06901
71	55	1.03526
71	56	1.03332
71	57	1.03111
71	61	0.568999
71	88	1.01493
71	90	1.01841
71	93	1.06898
71	122	0.912765
71	142	1.00353
71	146	1.00356
71	150	1.02269
71	156	1.0545
71	170	1.3406
71	179	1.51213
72	9	0.99022
72	10	1.10282
72	25	0.956896
72	26	0.957086
72	38	1.13072
72	39	1.2943
72	42	1.13053
72	50	1.07761
72	75	1.04789
72	76	1.08638
72	77	1.01323
72	78	1.06729
72	81	1.06743
72	95	0.789629
72	135	1.00163
72	162	0.843765
72	170	1.24129
72	176	1.09189
73	87	0.96238
73	98	0.945218
73	103	0.988157
73	117	0.921636
73	119	0.972161
73	122	1.17783
73	126	1.11137
73	132	0.992059
73	140	1.21376
73	141	0.983592
73	143	1.00248
73	144	0.957031
73	150	0.949136
73	151	0.947471
73	153	0.965783
73	156	0.980948
73	161	1.4286
73	163	1.40129
74	44	0.998921
74	46	1.01204
74	67	1.10139
74	83	1.05202
74	89	1.0221
74	95	0.938893
74	99	1.02161
74	105	1.0396
74	110	1.08909
74	111	1.02782
74	112	1.03718
74	114	1.09518
74	118	1.05347
74	120	0.896981
74	125	1.04438
74	126	0.896264
74	148	1.17079
74	175	1.55612
75	4	0.971131
75	10	0.967828
75	44	1.30027
75	72	1.04789
75	101	1.02292
75	115	1.24307
75	164	1.00198
75	167	1.00384
75	169	0.977524
75	170	0.938409
75	171	0.990013
75	172	0.931975
75	173	0.939977
75	175	0.911325
75	176	0.973502
75	177	0.900569
75	178	0.94835
75	179	0.906053
75	180	0.893784
76	10	1.06646
76	17	1.03662
76	25	0.920533
76	26	0.920722
76	38	1.09436
76	42	1.09417
76	50	1.04125
76	72	1.08638
76	77	0.976869
76	78	1.03092
76	81	1.03107
76	135	0.965266
76	139	1.01437
76	140	0.860292
76	163	1.04783
76	166	1.00614
76	173	1.2763
76	178	1.16295
76	180	1.51815
77	9	0.880707
77	10	0.993308
77	17	0.963474
77	25	0.847382
77	26	0.847572
77	38	1.02121
77	42	1.02102
77	50	0.968095
77	72	1.01323
77	76	0.976869
77	78	0.957773
77	81	0.957916
77	101	1.05818
77	107	1.22358
77	135	0.892116
77	139	0.941215
77	161	1.25658
77	172	1.49113
77	177	1.64751
78	9	0.93476
78	10	1.04736
78	17	1.01753
78	25	0.901436
78	26	0.901626
78	38	1.07526
78	42	1.07507
78	50	1.02215
78	72	1.06729
78	76	1.03092
78	77	0.957773
78	81	1.01197
78	133	1.39605
78	135	0.94617
78	139	0.995269
78	145	0.906749
78	146	1.05522
78	161	1.2152
78	167	1.07648
78	168	1.48153
79	13	0.934276
79	18	1.00614
79	80	1.01079
79	119	0.996482
79	129	0.992624
79	136	0.971073
79	137	1.00219
79	140	1.04311
79	141	1.00791
79	142	1.09795
79	143	1.0268
79	147	0.987761
79	148	1.21525
79	151	0.971793
79	152	0.995119
79	153	0.990105
79	160	1.08024
79	169	1.17637
79	171	1.22994
79	178	1.34576
80	40	0.976374
80	57	0.999984
80	60	1.0027
80	63	1.00161
80	70	0.979744
80	79	1.01079
80	88	0.983804
80	90	0.987292
80	92	0.794699
80	94	1.20589
80	133	1.26006
80	136	0.989182
80	143	1.04491
80	150	0.991566
80	151	0.989901
80	153	1.00821
80	156	1.02338
80	159	1.24873
80	176	1.10687
80	180	1.52222
81	9	0.934904
81	10	1.04751
81	17	1.01767
81	25	0.90158
81	26	0.901769
81	38	1.07541
81	42	1.07522
81	50	1.02229
81	72	1.06743
81	76	1.03107
81	77	0.957916
81	78	1.01197
81	89	0.967823
81	109	1.14501
81	132	1.04281
81	135	0.946313
81	139	0.995413
81	163	1.13191
81	173	1.36038
81	175	1.50185
82	30	0.79047
82	41	1.05211
82	70	0.962623
82	94	1.34724
82	96	1.02314
82	97	1.02452
82	98	0.970527
82	107	0.970132
82	117	0.946945
82	123	0.99638
82	132	1.01737
82	141	1.0089
82	143	1.02778
82	144	0.982339
82	150	0.974445
82	153	0.991092
82	155	1.24531
82	162	1.00009
82	163	1.19325
82	170	1.39762
83	46	0.950156
83	61	0.64472
83	67	1.03951
83	69	0.963467
83	74	1.05202
83	99	0.95973
83	105	0.977717
83	110	1.02721
83	111	0.965941
83	112	0.9753
83	114	1.0333
83	115	1.02003
83	116	1.02048
83	118	0.991584
83	125	0.982497
83	142	1.07925
83	163	1.21194
83	165	1.27326
83	169	1.15768
83	179	1.58785
84	10	0.957595
84	58	1.26485
84	115	1.23284
84	116	1.18799
84	136	1.09664
84	142	1.01119
84	154	0.964898
84	163	0.950376
84	164	0.96175
84	167	0.963609
84	168	0.891604
84	169	0.937298
84	170	0.898183
84	171	0.949787
84	172	0.891749
84	174	0.877984
84	175	0.871099
84	176	0.933276
84	178	0.908124
84	179	0.865827
84	180	0.853558
85	3	0.72474
85	33	1.031
85	53	1.02324
85	59	0.904451
85	64	1.10655
85	92	1.08442
85	113	0.997232
85	127	1.06695
85	129	1.04101
85	130	1.01738
85	137	1.05057
85	139	1.03408
85	145	0.865138
85	147	1.03614
85	152	1.0435
85	159	1.34311
85	160	1.12862
85	165	1.20759
85	166	1.02127
85	167	1.03487
85	171	1.14558
86	45	1.0479
86	51	0.913859
86	52	0.91029
86	54	0.981265
86	58	0.977522
86	62	0.992097
86	63	0.971199
86	65	0.951305
86	68	0.951403
86	96	1.00985
86	121	0.946801
86	126	0.968346
86	133	1.46643
86	141	0.995606
86	143	1.01449
86	144	0.969045
86	150	0.96115
86	151	0.959485
86	160	1.06793
86	166	1.21657
86	179	1.63417
87	12	0.919206
87	13	0.9283
87	21	1.00618
87	28	1.21368
87	60	0.978617
87	73	0.96238
87	95	1.05653
87	98	0.963564
87	103	1.0065
87	106	0.979282
87	119	0.990506
87	122	1.08037
87	123	0.989417
87	132	1.01041
87	144	0.975376
87	149	1.08435
87	151	0.965817
87	153	0.984129
87	156	0.999293
87	164	1.23672
87	173	1.5323
88	23	0.978543
88	36	1.0606
88	40	0.931284
88	47	0.97918
88	49	0.992796
88	55	0.959046
88	56	0.957105
88	57	0.954894
88	71	1.01493
88	80	0.983804
88	89	1.00327
88	90	0.942203
88	93	0.992773
88	94	1.36829
88	132	1.1252
88	136	0.944092
88	156	0.978288
88	157	1.03408
88	162	1.02114
88	172	1.47615
88	173	1.44277
89	32	1.21476
89	33	1.00707
89	55	1.0236
89	67	0.867418
89	74	1.0221
89	81	0.967823
89	88	1.00327
89	90	1.00675
89	93	1.05732
89	136	1.00864
89	139	1.03715
89	150	1.01103
89	156	1.04284
89	169	0.98281
89	171	0.995299
89	173	0.945263
89	175	0.916611
89	176	0.978788
89	177	0.905855
89	178	0.953636
89	180	0.899069
90	23	0.982031
90	36	1.06409
90	40	0.934772
90	49	0.996284
90	55	0.962534
90	56	0.960593
90	57	0.958382
90	61	0.822812
90	71	1.01841
90	80	0.987292
90	88	0.942203
90	89	1.00675
90	93	0.996261
90	136	0.94758
90	145	1.1089
90	149	1.17056
90	150	0.949964
90	156	0.981776
90	166	1.34834
90	167	1.27863
90	178	1.50516
91	31	1.01625
91	48	1.09405
91	60	1.04014
91	66	1.09773
91	94	1.00936
91	108	1.03708
91	113	1.0044
91	130	1.02455
91	132	0.842909
91	137	1.05774
91	139	1.04124
91	147	1.04331
91	152	1.05067
91	160	1.13579
91	161	0.959313
91	165	0.993322
91	166	1.02844
91	168	1.22565
91	175	1.30194
91	176	0.986975
91	177	1.35024
92	13	1.33793
92	38	0.823798
92	55	0.96565
92	80	0.794699
92	85	1.08442
92	108	1.0249
92	113	0.992214
92	117	1.06757
92	130	1.01236
92	133	0.982859
92	147	1.03112
92	152	1.03848
92	153	0.917915
92	161	0.99367
92	169	0.988602
92	172	0.943054
92	174	0.929289
92	176	0.98458
92	177	0.911647
92	179	0.917132
92	180	0.904862
93	23	1.0326
93	36	1.11466
93	40	0.985342
93	47	1.03324
93	49	1.04685
93	55	1.0131
93	56	1.01116
93	57	1.00895
93	71	1.06898
93	88	0.992773
93	89	1.05732
93	90	0.996261
93	136	0.99815
93	142	1.09604
93	145	0.947595
93	150	1.00053
93	156	1.03235
93	162	1.03558
93	163	1.22874
93	164	1.16163
93	167	1.11733
93	178	1.34386
94	65	1.37793
94	70	1.30065
94	80	1.20589
94	82	1.34724
94	88	1.36829
94	91	1.00936
94	113	0.909982
94	130	0.930133
94	135	0.897726
94	137	0.963316
94	147	0.948892
94	152	0.95625
94	160	1.04137
94	165	0.902619
94	166	0.934024
94	168	0.860676
94	172	0.860822
94	174	0.847057
94	177	0.829415
94	178	0.877197
94	179	0.8349
94	180	0.82263
95	36	0.948645
95	72	0.789629
95	74	0.938893
95	87	1.05653
95	103	0.780889
95	152	0.848602
95	158	1.05824
95	160	0.690454
95	163	1.07056
95	164	1.08194
95	167	1.0838
95	168	1.01179
95	169	1.05749
95	170	1.01837
95	172	1.01194
95	173	1.01994
95	174	0.998172
95	175	0.991288
95	176	1.05346
95	177	0.980531
95	178	1.02831
95	180	0.973746
96	2	0.90261
96	41	1.08061
96	63	1.01299
96	82	1.02314
96	86	1.00985
96	99	0.990481
96	100	1.05701
96	103	1.04196
96	104	0.81769
96	117	0.975437
96	119	1.02596
96	135	1.20254
96	141	1.03739
96	143	1.05628
96	144	1.01083
96	151	1.00127
96	153	1.01958
96	155	1.05467
96	156	1.03475
96	174	1.26861
96	178	1.11774
96	179	1.37852
97	15	1.08827
97	16	0.752232
97	70	0.992495
97	82	1.02452
97	99	0.991861
97	103	1.04334
97	106	1.01612
97	117	0.976817
97	120	0.86895
97	132	1.04724
97	141	1.03877
97	143	1.05766
97	144	1.01221
97	150	1.00432
97	151	1.00265
97	153	1.02096
97	156	1.03613
97	158	1.27857
97	164	1.09105
97	167	1.04675
97	174	1.42415
97	178	1.27328
98	9	0.902048
98	13	0.911138
98	18	0.983005
98	30	0.969595
98	61	0.805151
98	73	0.945218
98	82	0.970527
98	87	0.963564
98	103	0.98934
98	106	0.96212
98	117	0.92282
98	123	0.972255
98	141	0.984775
98	143	1.00366
98	144	0.958214
98	149	1.1529
98	151	0.948655
98	153	0.966967
98	156	0.982131
98	159	1.5692
98	167	1.26097
98	170	1.57675
99	13	0.9026
99	20	0.890984
99	46	0.919751
99	74	1.02161
99	83	0.95973
99	96	0.990481
99	97	0.991861
99	100	0.995857
99	115	0.989625
99	116	0.990073
99	118	0.961179
99	123	0.963717
99	124	1.42826
99	142	1.13412
99	144	0.949676
99	150	0.941781
99	151	0.940117
99	153	0.958429
99	162	1.07366
99	166	1.22512
99	167	1.15541
99	180	1.73713
100	69	0.999594
100	96	1.05701
100	99	0.995857
100	105	1.01384
100	111	1.00207
100	112	1.01143
100	115	1.05616
100	118	1.02771
100	119	1.03134
100	123	1.03025
100	125	1.01862
100	143	1.06165
100	144	1.01621
100	151	1.00665
100	153	1.02496
100	157	1.0024
100	161	1.20993
100	162	0.989463
100	164	1.11551
100	167	1.07121
100	176	1.23759
100	178	1.29774
101	1	1.03315
101	17	1.11121
101	53	0.972812
101	58	1.09301
101	75	1.02292
101	77	1.05818
101	113	0.946807
101	129	0.990581
101	137	1.00014
101	141	0.999537
101	144	1.00615
101	147	0.985717
101	151	1.06676
101	152	0.993075
101	163	0.956273
101	165	0.939444
101	166	0.970849
101	170	0.904081
101	173	0.905649
101	177	0.866241
101	178	0.914022
101	179	0.871725
101	180	0.859455
102	24	0.804226
102	29	0.899601
102	63	1.64819
102	143	1.52598
102	144	1.57992
102	153	1.57778
102	159	0.843975
102	161	0.877345
102	162	0.936486
102	163	0.885356
102	165	0.868526
102	167	0.898589
102	169	0.872278
102	171	0.884767
102	172	0.826729
102	173	0.834731
102	174	0.812964
102	175	0.80608
102	176	0.868256
102	177	0.795323
102	178	0.843104
102	179	0.800807
102	180	0.788538
103	9	0.944987
103	14	0.590121
103	24	1.89752
103	60	1.00439
103	62	0.762011
103	73	0.988157
103	87	1.0065
103	95	0.780889
103	96	1.04196
103	97	1.04334
103	98	0.98934
103	107	0.988945
103	117	0.965758
103	119	1.01628
103	131	0.960527
103	141	1.02771
103	143	1.0466
103	144	1.00115
103	150	0.993258
103	151	0.991594
103	153	1.00991
103	171	1.02748
103	177	1.44641
104	32	1.19392
104	48	0.931496
104	55	1.03793
104	96	0.81769
104	136	0.91098
104	144	0.992326
104	145	1.11314
104	157	1.10175
104	159	0.971319
104	160	0.752822
104	161	1.00469
104	162	1.06383
104	164	1.02407
104	167	1.02593
104	171	1.01211
104	172	0.954074
104	173	0.962076
104	174	0.940309
104	175	0.933424
104	176	0.995601
104	177	0.922668
104	178	0.970449
104	179	0.928152
104	180	0.915883
105	20	0.908971
105	34	0.963146
105	43	1.03908
105	44	0.924621
105	67	1.02709
105	69	0.951049
105	74	1.0396
105	83	0.977717
105	100	1.01384
105	110	1.01479
105	111	0.953523
105	112	0.962882
105	114	1.02088
105	115	1.00761
105	116	1.00806
105	118	0.979166
105	125	0.970079
105	132	1.08339
105	134	0.916259
105	157	0.992265
105	170	1.37686
105	173	1.40096
105	175	1.54242
105	176	1.22745
106	7	1.16495
106	9	0.917766
106	15	1.04999
106	41	1.04371
106	63	0.976086
106	87	0.979282
106	97	1.01612
106	98	0.96212
106	117	0.938538
106	119	0.989062
106	123	0.987973
106	128	0.921293
106	141	1.00049
106	143	1.01938
106	144	0.973932
106	149	1.02721
106	150	0.966038
106	151	0.964373
106	153	0.982685
106	156	0.997849
106	158	1.3671
106	161	1.27399
106	167	1.13528
106	170	1.45105
107	4	0.954469
107	25	1.40681
107	38	1.07531
107	41	1.02759
107	46	1.03582
107	77	1.22358
107	82	0.970132
107	103	0.988945
107	112	1.31984
107	117	0.922425
107	119	0.972949
107	143	1.00326
107	151	0.94826
107	153	0.966572
107	155	0.951451
107	161	0.926774
107	162	0.985914
107	169	0.921707
107	173	0.88416
107	175	0.855508
107	176	0.917685
107	178	0.892533
107	179	0.850236
107	180	0.837966
108	33	0.971473
108	39	1.36898
108	48	1.02736
108	53	0.963713
108	66	1.03104
108	91	1.03708
108	92	1.0249
108	113	0.937709
108	129	0.981482
108	130	0.957859
108	133	0.928353
108	136	0.959931
108	137	0.991043
108	139	0.974552
108	142	0.978915
108	147	0.976618
108	152	0.983976
108	154	1.1457
108	158	1.23203
108	160	1.0691
108	162	0.918453
108	166	0.961751
108	175	1.48155
108	178	1.22673
109	31	1.20983
109	53	1.24596
109	60	1.05801
109	81	1.14501
109	130	1.23376
109	142	1.02507
109	149	1.04
109	154	0.978777
109	160	0.950843
109	161	0.956244
109	163	0.964255
109	165	0.947425
109	167	0.977488
109	168	0.905483
109	169	0.951177
109	170	0.912062
109	172	0.905628
109	173	0.91363
109	174	0.891863
109	175	0.884978
109	176	0.947155
109	177	0.874222
109	179	0.879706
109	180	0.867437
110	22	0.947324
110	34	1.01264
110	43	1.08858
110	44	0.974115
110	46	0.987233
110	62	0.838718
110	67	1.07659
110	69	1.00054
110	74	1.08909
110	83	1.02721
110	105	1.01479
110	111	1.00302
110	112	1.01238
110	114	1.07038
110	115	1.05711
110	116	1.05755
110	118	1.02866
110	125	1.01957
110	126	0.814967
110	140	0.917353
110	155	1.15695
110	164	1.03778
110	171	1.10419
110	175	1.47482
110	179	1.4808
111	5	0.701094
111	20	0.897194
111	22	0.886054
111	34	0.951369
111	43	1.02731
111	46	0.925962
111	59	1.11573
111	67	1.01532
111	69	0.939273
111	74	1.02782
111	83	0.965941
111	100	1.00207
111	105	0.953523
111	110	1.00302
111	112	0.951106
111	114	1.00911
111	115	0.995836
111	116	0.996284
111	118	0.96739
111	125	0.958303
111	135	1.55748
111	138	1.12568
111	158	1.47798
111	162	1.1644
111	169	1.30329
112	12	0.909075
112	20	0.906553
112	22	0.895412
112	34	0.960728
112	44	0.922203
112	46	0.935321
112	67	1.02468
112	74	1.03718
112	83	0.9753
112	100	1.01143
112	105	0.962882
112	107	1.31984
112	110	1.01238
112	111	0.951106
112	114	1.01846
112	115	1.00519
112	116	1.00564
112	118	0.976749
112	125	0.967662
112	128	1.00014
112	134	1.0693
112	145	1.04439
112	166	1.28384
112	167	1.21413
112	179	1.70144
113	5	1.06775
113	33	0.938789
113	48	0.994676
113	64	1.01435
113	85	0.997232
113	91	1.0044
113	92	0.992214
113	94	0.909982
113	101	0.946807
113	108	0.937709
113	127	0.974745
113	129	0.948799
113	137	0.95836
113	139	0.941869
113	147	0.943935
113	152	0.951293
113	158	1.23142
113	160	1.03641
113	162	0.917851
113	166	0.929067
113	168	1.40465
113	173	1.33948
113	176	1.16598
113	178	1.22613
113	180	1.58132
114	12	0.967075
114	16	0.66217
114	20	0.964553
114	22	0.953412
114	43	1.09466
114	44	0.980203
114	67	1.08267
114	69	1.00663
114	74	1.09518
114	83	1.0333
114	105	1.02088
114	110	1.07038
114	111	1.00911
114	112	1.01846
114	115	1.06319
114	116	1.06364
114	118	1.03475
114	125	1.02566
114	157	0.887873
114	159	1.26492
114	166	1.0264
114	169	1.01382
114	174	1.33409
114	176	1.12306
114	177	1.48632
115	11	1.14504
115	12	0.953805
115	22	0.940142
115	34	1.00546
115	44	0.966933
115	46	0.980051
115	67	1.06941
115	69	0.993362
115	75	1.24307
115	83	1.02003
115	84	1.23284
115	99	0.989625
115	100	1.05616
115	105	1.00761
115	110	1.05711
115	111	0.995836
115	112	1.00519
115	114	1.06319
115	116	1.05037
115	118	1.02148
115	121	0.920636
115	125	1.01239
115	138	1.00022
115	145	0.950963
115	162	1.03895
115	166	1.19041
116	12	0.954253
116	14	0.749191
116	20	0.951731
116	22	0.940591
116	34	1.00591
116	43	1.08184
116	44	0.967381
116	67	1.06985
116	69	0.99381
116	83	1.02048
116	84	1.18799
116	99	0.990073
116	105	1.00806
116	110	1.05755
116	111	0.996284
116	112	1.00564
116	114	1.06364
116	115	1.05037
116	118	1.02193
116	125	1.01284
116	126	0.897331
116	145	0.906112
116	155	1.23931
116	162	0.994096
116	173	1.41573
116	175	1.55719
117	15	1.01069
117	41	1.00441
117	63	0.936786
117	73	0.921636
117	82	0.946945
117	92	1.06757
117	96	0.975437
117	97	0.976817
117	98	0.92282
117	103	0.965758
117	106	0.938538
117	107	0.922425
117	119	0.949763
117	123	0.948673
117	132	0.969661
117	138	1.09289
117	141	0.961193
117	143	0.980078
117	146	1.1921
117	151	0.925073
117	153	0.943385
117	156	0.958549
117	161	1.35207
117	165	1.38608
117	166	1.28308
117	172	1.58662
118	20	0.922837
118	30	0.86709
118	34	0.977012
118	43	1.05295
118	44	0.938487
118	46	0.951605
118	67	1.04096
118	69	0.964916
118	74	1.05347
118	83	0.991584
118	99	0.961179
118	100	1.02771
118	105	0.979166
118	110	1.02866
118	111	0.96739
118	112	0.976749
118	114	1.03475
118	115	1.02148
118	116	1.02193
118	120	0.980666
118	125	0.983946
118	131	1.20221
118	148	1.25447
118	149	1.0504
118	164	1.20276
118	168	1.56351
118	171	1.26917
119	8	1.04242
119	13	0.938081
119	63	0.987311
119	70	0.965441
119	73	0.972161
119	79	0.996482
119	87	0.990506
119	96	1.02596
119	100	1.03134
119	103	1.01628
119	106	0.989062
119	107	0.972949
119	117	0.949763
119	123	0.999198
119	124	1.18576
119	141	1.01172
119	143	1.0306
119	144	0.985157
119	146	0.891651
119	151	0.975598
119	153	0.99391
119	154	1.05841
119	170	1.22869
119	173	1.25279
119	178	1.13944
119	179	1.40023
119	180	1.49464
120	9	1.18028
120	74	0.896981
120	97	0.86895
120	118	0.980666
120	129	0.887909
120	142	1.0846
120	143	0.834106
120	149	1.09953
120	150	0.799764
120	153	0.885911
120	159	0.982405
120	161	1.01578
120	163	1.02379
120	164	1.03516
120	165	1.00696
120	167	1.03702
120	168	0.965014
120	169	1.01071
120	170	0.971593
120	171	1.0232
120	172	0.96516
120	173	0.973161
120	175	0.94451
120	177	0.933753
120	178	0.981534
120	179	0.939238
120	180	0.926968
121	13	1.28366
121	36	0.884471
121	66	0.919906
121	86	0.946801
121	115	0.920636
121	130	0.909199
121	131	1.05884
121	143	0.811844
121	144	0.865784
121	157	1.11203
121	158	1.01066
121	162	1.07411
121	163	1.02298
121	164	1.03435
121	165	1.00615
121	168	0.964207
121	169	1.0099
121	170	0.970786
121	171	1.02239
121	173	0.972354
121	174	0.950587
121	175	0.943703
121	176	1.00588
121	177	0.932946
121	178	0.980727
121	179	0.938431
121	180	0.926161
122	31	0.973276
122	41	0.847462
122	54	0.965324
122	66	1.00791
122	71	0.912765
122	73	1.17783
122	87	1.08037
122	124	1.0131
122	129	0.953655
122	154	1.03196
122	157	1.10649
122	161	1.00943
122	162	1.06857
122	163	1.01744
122	164	1.02881
122	165	1.00061
122	167	1.03067
122	168	0.958665
122	170	0.965245
122	171	1.01685
122	172	0.958811
122	174	0.945046
122	175	0.938161
122	176	1.00034
122	178	0.975186
122	179	0.932889
122	180	0.92062
123	2	1.04039
123	13	0.936991
123	15	1.06012
123	41	1.05384
123	70	0.964351
123	82	0.99638
123	87	0.989417
123	98	0.972255
123	99	0.963717
123	100	1.03025
123	106	0.987973
123	117	0.948673
123	119	0.999198
123	131	1.07273
123	134	0.884164
123	141	1.01063
123	143	1.02951
123	144	0.984067
123	150	0.976173
123	151	0.974508
123	153	0.99282
123	156	1.00798
123	164	1.07328
123	166	1.0987
123	171	1.13969
123	179	1.5163
123	180	1.61071
124	6	0.872743
124	21	1.05288
124	99	1.42826
124	119	1.18576
124	122	1.0131
124	129	1.33856
124	131	0.955476
124	138	1.01293
124	139	1.36268
124	140	1.00978
124	156	1.16994
124	159	0.878236
124	162	0.970747
124	163	0.919617
124	164	0.930991
124	165	0.902788
124	168	0.860845
124	171	0.919029
124	172	0.860991
124	173	0.868993
124	174	0.847226
124	175	0.840341
124	176	0.902517
124	177	0.829584
124	178	0.877366
124	179	0.835069
124	180	0.822799
125	12	0.916272
125	20	0.913751
125	22	0.90261
125	34	0.967925
125	43	1.04386
125	44	0.9294
125	46	0.942518
125	67	1.03187
125	69	0.955829
125	74	1.04438
125	83	0.982497
125	100	1.01862
125	105	0.970079
125	110	1.01957
125	111	0.958303
125	112	0.967662
125	114	1.02566
125	115	1.01239
125	116	1.01284
125	118	0.983946
125	131	1.11612
125	132	1.09468
125	145	0.902638
125	146	1.05111
125	155	1.23583
125	168	1.47742
125	174	1.44978
125	177	1.60201
126	15	0.82248
126	32	1.08893
126	73	1.11137
126	74	0.896264
126	86	0.968346
126	110	0.814967
126	116	0.897331
126	136	0.805984
126	139	0.911315
126	155	1.06934
126	158	1.04035
126	159	1.01129
126	161	1.04466
126	162	1.10381
126	164	1.06405
126	165	1.03585
126	168	0.993903
126	169	1.0396
126	170	1.00048
126	171	1.05209
126	172	0.994049
126	173	1.00205
126	174	0.980284
126	175	0.973399
126	176	1.03558
126	177	0.962643
126	178	1.01042
126	179	0.968127
126	180	0.955858
127	14	0.750464
127	27	1.03566
127	32	1.00215
127	33	1.00851
127	35	1.00967
127	45	1.0861
127	51	0.952059
127	52	0.948491
127	54	1.01947
127	62	0.922354
127	65	0.989505
127	66	1.06807
127	68	0.989604
127	85	1.06695
127	113	0.974745
127	129	1.01852
127	130	0.994895
127	132	1.09943
127	133	0.965389
127	137	1.02808
127	145	0.907385
127	152	1.02101
127	160	1.10613
127	161	1.21583
127	162	0.995369
127	166	0.998787
127	172	1.45038
127	173	1.417
127	178	1.30365
128	1	0.994332
128	23	0.906002
128	34	0.864258
128	68	1.0518
128	106	0.921293
128	112	1.00014
128	137	0.765093
128	146	1.1071
128	147	0.837446
128	149	1.11803
128	152	0.770507
128	159	1.00091
128	161	1.03428
128	162	1.09342
128	163	1.04229
128	164	1.05366
128	165	1.02546
128	167	1.05552
128	168	0.983517
128	169	1.02921
128	172	0.983663
128	173	0.991665
128	174	0.969898
128	175	0.963013
128	176	1.02519
128	177	0.952256
128	178	1.00004
128	179	0.957741
128	180	0.945471
129	1	1.03515
129	19	0.791375
129	30	1.03391
129	31	0.960652
129	33	0.982563
129	53	0.974803
129	64	1.05812
129	66	1.04213
129	79	0.992624
129	85	1.04101
129	101	0.990581
129	108	0.981482
129	113	0.948799
129	120	0.887909
129	122	0.953655
129	124	1.33856
129	127	1.01852
129	130	0.968949
129	133	0.939443
129	134	0.920887
129	136	0.971021
129	137	1.00213
129	147	0.987708
129	148	1.16172
129	152	0.995066
129	154	1.2112
129	160	1.08019
129	166	0.972841
129	172	1.43897
129	176	1.23208
130	1	1.01152
130	5	1.0879
130	33	0.95894
130	48	1.01483
130	53	0.951181
130	60	0.960918
130	64	1.0345
130	85	1.01738
130	91	1.02455
130	92	1.01236
130	94	0.930133
130	108	0.957859
130	109	1.23376
130	121	0.909199
130	127	0.994895
130	129	0.968949
130	131	1.15301
130	133	0.91582
130	136	0.947398
130	137	0.97851
130	139	0.962019
130	147	0.964086
130	149	1.00119
130	152	0.971443
130	157	1.04045
130	160	1.05656
130	164	1.15356
130	166	0.949218
130	167	1.10926
130	168	1.51431
130	174	1.48667
131	53	1.16521
131	56	1.27355
131	103	0.960527
131	118	1.20221
131	121	1.05884
131	123	1.07273
131	124	0.955476
131	125	1.11612
131	130	1.15301
131	148	0.986982
131	149	1.03556
131	151	1.17021
131	154	0.974339
131	155	0.976483
131	157	1.04886
131	158	0.947493
131	161	0.951806
131	163	0.959817
131	165	0.942987
131	167	0.97305
131	168	0.901044
131	170	0.907624
131	171	0.959228
131	172	0.90119
131	173	0.909192
131	174	0.887425
131	175	0.88054
131	176	0.942717
131	177	0.869784
131	179	0.875268
131	180	0.862999
132	1	1.23062
132	8	1.06232
132	45	0.878003
132	60	1.0083
132	73	0.992059
132	81	1.04281
132	82	1.01737
132	87	1.01041
132	88	1.1252
132	91	0.842909
132	97	1.04724
132	105	1.08339
132	117	0.969661
132	125	1.09468
132	127	1.09943
132	141	1.03162
132	144	1.00506
132	146	1.04683
132	151	0.995496
132	152	1.0068
132	153	1.01381
132	164	0.993395
132	168	0.923249
132	171	0.981433
132	172	0.923395
132	173	0.931396
132	175	0.902745
132	176	0.964921
132	177	0.891988
132	178	0.939769
132	179	0.897473
132	180	0.885203
133	24	0.824006
133	34	1.39781
133	45	1.17526
133	58	1.47228
133	65	1.4321
133	66	0.988997
133	78	1.39605
133	80	1.26006
133	86	1.46643
133	92	0.982859
133	108	0.928353
133	127	0.965389
133	129	0.939443
133	130	0.91582
133	137	0.949004
133	147	0.934579
133	152	0.941937
133	159	0.863755
133	161	0.897125
133	163	0.905136
133	164	0.91651
133	165	0.888306
133	166	0.919712
133	167	0.918369
133	170	0.852943
133	172	0.84651
133	173	0.854511
133	176	0.888036
133	177	0.815103
133	178	0.862884
133	179	0.820587
133	180	0.808318
134	20	1.23918
134	52	1.32324
134	64	0.856449
134	105	0.916259
134	112	1.0693
134	123	0.884164
134	129	0.920887
134	140	1.10408
134	143	0.867084
134	148	1.04108
134	152	0.839668
134	154	1.02844
134	158	1.00159
134	159	0.972534
134	161	1.0059
134	162	1.06505
134	163	1.01392
134	165	0.997086
134	167	1.02715
134	168	0.955143
134	170	0.961723
134	171	1.01333
134	172	0.955289
134	173	0.963291
134	174	0.941524
134	175	0.934639
134	176	0.996816
134	177	0.923883
134	178	0.971664
134	179	0.929367
134	180	0.917098
135	18	1.29181
135	25	0.83578
135	26	0.835969
135	38	1.00961
135	39	0.887209
135	42	1.00942
135	48	1.31634
135	49	1.19339
135	50	0.956492
135	72	1.00163
135	76	0.965266
135	77	0.892116
135	78	0.94617
135	81	0.946313
135	94	0.897726
135	96	1.20254
135	111	1.55748
135	139	0.929613
135	147	1.36276
135	148	0.929401
135	152	1.29582
135	154	0.916758
135	161	0.894225
135	171	0.901647
135	173	0.851611
135	174	0.829844
135	175	0.822959
135	176	0.885136
135	177	0.812203
135	178	0.859984
135	179	0.817687
135	180	0.805417
136	31	0.9391
136	40	0.936662
136	47	0.984557
136	56	0.962483
136	57	0.960271
136	60	0.962989
136	64	1.03657
136	79	0.971073
136	80	0.989182
136	84	1.09664
136	88	0.944092
136	89	1.00864
136	90	0.94758
136	93	0.99815
136	104	0.91098
136	108	0.959931
136	126	0.805984
136	129	0.971021
136	130	0.947398
136	137	0.980582
136	147	0.966157
136	150	0.951854
136	152	0.973515
136	156	0.983665
136	158	1.21632
136	160	1.05864
136	164	1.0288
136	166	0.95129
136	172	1.35776
