1	56	0.911941
1	68	0.889858
1	104	0.867063
1	111	0.892319
1	113	0.92218
1	114	0.880901
1	118	0.911643
1	119	0.929224
1	143	1.18013
1	161	1.60232
1	164	2.04437
1	172	2.89582
2	36	0.901927
2	61	0.939241
2	81	0.93468
2	98	0.911381
2	108	0.867801
2	109	0.921125
2	116	0.921125
2	123	1.42919
2	143	1.3915
2	150	2.76665
2	154	0.793474
2	171	2.09678
3	70	0.889182
3	74	0.88895
3	75	0.888888
3	125	0.9289
3	130	0.879325
3	131	0.922565
3	133	1.16747
3	141	0.94167
3	160	1.75589
3	167	0.848171
3	170	2.10432
3	172	2.77466
4	79	0.897325
4	82	0.946307
4	89	0.923522
4	92	0.905254
4	95	0.883511
4	133	1.43186
4	140	0.899303
4	152	1.5059
4	155	0.839507
4	163	0.910271
4	166	1.93711
4	174	2.87237
5	20	0.921218
5	39	0.912423
5	51	0.881293
5	73	0.886953
5	93	0.898918
5	94	0.899145
5	123	0.922381
5	124	0.884383
5	135	1.24056
5	145	1.86152
5	155	2.21814
5	170	2.43673
6	36	0.799167
6	44	0.754387
6	81	0.83192
6	98	0.808621
6	99	0.855445
6	107	0.818773
6	109	0.818366
6	116	0.818366
6	154	0.690714
6	159	1.98004
6	160	2.34799
6	170	2.69642
7	31	0.665986
7	72	0.900001
7	111	1.16661
7	124	0.979074
7	161	0.839144
7	171	0.820687
7	172	0.777091
7	174	0.779392
7	175	0.753648
7	177	0.786718
7	179	0.769291
7	180	0.766842
8	16	0.912418
8	23	0.922582
8	27	0.889182
8	34	0.888701
8	64	0.920044
8	104	0.878302
8	117	0.891439
8	127	1.66049
8	134	0.916471
8	140	1.48752
8	145	1.88066
8	177	2.61135
9	17	0.853516
9	85	1.95579
9	96	1.36973
9	162	0.758941
9	164	0.735137
9	172	0.70008
9	174	0.702381
9	175	0.676637
9	177	0.709708
9	178	0.668321
9	179	0.69228
9	180	0.689832
10	82	0.939707
10	86	0.94208
10	89	0.916922
10	92	0.898654
10	95	0.876911
10	133	1.3951
10	135	1.13578
10	140	0.892703
10	155	0.832907
10	163	0.903671
10	168	2.15197
10	179	3.04084
11	16	0.913634
11	23	0.923798
11	27	0.890398
11	34	0.889917
11	55	0.86985
11	64	0.92126
11	117	0.892655
11	132	1.90071
11	134	0.917687
11	138	1.95976
11	148	1.5973
11	176	2.24015
12	17	1.46385
12	59	0.941304
12	65	1.474
12	100	0.89303
12	102	0.95317
12	115	0.904592
12	120	0.904652
12	121	0.904676
12	129	0.871358
12	140	1.95267
12	168	0.82485
12	171	2.58096
13	64	0.733403
13	78	0.905774
13	103	1.11841
13	125	0.823871
13	170	0.825141
13	172	0.785577
13	175	0.762134
13	176	0.814473
13	177	0.795205
13	178	0.753818
13	179	0.777778
13	180	0.775329
14	54	0.852762
14	65	1.46933
14	70	0.858967
14	74	0.858735
14	75	0.858673
14	125	0.898685
14	130	0.84911
14	131	0.89235
14	136	1.72956
14	138	2.48334
14	141	0.911455
14	161	2.29319
14	167	0.817956
15	52	0.864606
15	66	0.832866
15	79	0.872502
15	82	0.921484
15	89	0.898699
15	95	0.858689
15	140	0.874481
15	155	0.814685
15	163	0.885449
15	169	1.24285
15	172	2.69654
15	173	1.99033
15	177	2.18168
16	8	0.912418
16	11	0.913634
16	38	1.00171
16	55	0.816623
16	64	0.868033
16	104	0.82629
16	110	0.756243
16	117	0.839428
16	130	1.61115
16	134	0.86446
16	155	1.98753
16	160	1.85769
16	174	2.70977
17	9	0.853516
17	12	1.46385
17	63	1.28538
17	134	1.07451
17	161	0.828709
17	172	0.766656
17	173	0.787781
17	175	0.743212
17	176	0.795551
17	177	0.776283
17	178	0.734896
17	179	0.758856
17	180	0.756407
18	36	0.875808
18	57	0.822508
18	58	0.883343
18	90	0.880393
18	98	0.885262
18	107	0.895414
18	109	0.895007
18	116	0.895007
18	143	1.64921
18	154	0.767355
18	159	1.97818
18	161	2.0714
18	171	2.35449
19	29	0.95108
19	46	0.899274
19	90	0.86121
19	96	0.894175
19	98	0.86608
19	108	0.8225
19	109	0.875824
19	110	2.424
19	116	0.875824
19	130	1.7787
19	154	0.748173
19	159	1.65729
19	176	2.22106
20	5	0.921218
20	47	0.895533
20	69	0.935756
20	73	0.816417
20	88	0.85118
20	93	0.828381
20	94	0.828609
20	128	1.81331
20	131	0.861972
20	134	0.859597
20	157	2.69985
20	163	1.52463
20	166	2.07503
21	22	0.921651
21	31	0.882488
21	43	1.56702
21	59	0.898372
21	97	0.828166
21	101	0.914782
21	105	1.24347
21	115	0.86166
21	120	0.861721
21	121	0.861745
21	122	1.3451
21	168	0.781919
21	175	3.86612
22	21	0.921651
22	71	0.875096
22	97	0.852839
22	106	0.881079
22	115	0.886334
22	120	0.886395
22	121	0.886418
22	126	0.868398
22	147	2.18271
22	150	0.796658
22	168	0.806592
22	175	2.84169
22	179	2.25095
23	8	0.922582
23	11	0.923798
23	55	0.826788
23	64	0.878198
23	87	0.895307
23	95	0.829439
23	134	0.874624
23	135	1.66913
23	136	1.67852
23	155	0.785435
23	159	2.14892
23	163	0.856198
23	171	2.52524
24	26	0.842152
24	35	0.933478
24	103	0.8391
24	105	1.38255
24	111	0.852213
24	113	0.882074
24	118	0.871537
24	119	0.889118
24	141	0.886606
24	149	0.802958
24	154	2.85884
24	156	1.81795
24	169	1.92221
25	103	0.847112
25	111	0.860225
25	112	0.913575
25	113	0.890086
25	114	0.848806
25	118	0.879549
25	119	0.89713
25	124	0.827387
25	140	1.04353
25	149	0.81097
25	155	1.79329
25	165	1.59766
25	178	3.63989
26	24	0.842152
26	49	0.802661
26	78	1.43578
26	103	0.819512
26	111	0.832626
26	112	0.885976
26	113	0.862486
26	114	0.821207
26	119	0.86953
26	129	2.29611
26	130	2.19764
26	141	0.867018
26	149	0.78337
26	153	2.47886
27	8	0.889182
27	11	0.890398
27	34	0.813454
27	38	0.978473
27	55	0.793388
27	64	0.844798
27	104	0.803055
27	110	0.733007
27	117	0.816193
27	134	0.841224
27	135	1.80155
27	140	2.02937
27	160	2.64929
27	163	2.01572
28	59	0.875679
28	97	0.805472
28	100	0.827405
28	101	0.892088
28	102	0.887545
28	106	0.833712
28	115	0.838967
28	120	0.839027
28	121	0.839051
28	137	1.43173
28	146	1.48945
28	168	0.759225
28	171	2.23895
28	180	3.32113
29	19	0.95108
29	44	0.891386
29	81	0.968919
29	98	0.94562
29	99	0.992444
29	107	0.955771
29	108	0.90204
29	116	0.955365
29	139	1.15865
29	154	0.827713
29	167	1.79792
29	169	1.34076
29	173	2.08824
29	179	2.83301
30	37	0.682798
30	46	0.934313
30	51	1.09427
30	73	0.472604
30	96	0.929214
30	107	0.91127
30	116	0.910863
30	124	0.623535
30	154	0.783212
30	171	0.821015
30	174	0.77972
30	175	0.753975
30	176	0.806314
30	180	0.76717
31	7	0.665986
31	21	0.882488
31	50	0.845202
31	60	0.862365
31	67	0.88166
31	100	0.835609
31	102	0.895748
31	106	0.841916
31	120	0.847231
31	121	0.847255
31	150	0.757494
31	168	0.767429
31	171	2.09636
31	178	4.06444
32	37	0.920664
32	73	0.910406
32	88	0.94517
32	93	0.922371
32	94	0.922598
32	123	0.945834
32	124	0.907836
32	131	0.955961
32	134	0.953586
32	151	1.21535
32	168	1.7738
32	170	1.95378
32	171	1.61372
32	180	2.6959
33	71	0.941326
33	97	0.91907
33	100	0.941002
33	101	1.00569
33	106	0.947309
33	120	0.952625
33	121	0.952648
33	130	1.66842
33	150	0.862888
33	157	2.45661
33	162	1.59801
33	163	1.28138
33	168	0.872822
33	173	2.22751
34	8	0.888701
34	11	0.889917
34	27	0.813454
34	38	0.977991
34	55	0.792906
34	64	0.844316
34	104	0.802573
34	110	0.732526
34	117	0.815711
34	134	0.840743
34	137	1.53709
34	153	2.37063
34	169	1.90102
34	173	2.6485
35	24	0.933478
35	80	0.765826
35	104	0.898695
35	111	0.923951
35	112	0.977302
35	113	0.953812
35	114	0.912533
35	118	0.943275
35	119	0.960856
35	149	0.874696
35	170	1.65806
35	172	2.32839
35	174	2.16171
35	180	2.40017
36	2	0.901927
36	6	0.799167
36	18	0.875808
36	44	0.796931
36	46	0.88436
36	61	0.879026
36	107	0.861317
36	108	0.807586
36	109	0.86091
36	138	2.17622
36	154	0.733259
36	156	1.72161
36	164	2.42812
36	166	2.17762
37	30	0.682798
37	32	0.920664
37	39	0.817881
37	69	0.91175
37	73	0.792411
37	80	1.43628
37	88	0.827174
37	93	0.804375
37	94	0.804603
37	123	0.827838
37	131	0.837966
37	134	0.835591
37	154	2.96205
37	168	2.62879
38	16	1.00171
38	27	0.978473
38	34	0.977991
38	55	0.957924
38	64	1.00933
38	104	0.967592
38	110	0.897544
38	123	1.21762
38	134	1.00576
38	151	1.48684
38	165	1.81105
38	167	1.89908
38	177	2.38075
39	5	0.912423
39	37	0.817881
39	47	0.886739
39	51	0.801963
39	80	1.19309
39	88	0.842386
39	93	0.819587
39	94	0.819815
39	124	0.805052
39	131	0.853178
39	133	1.62873
39	134	0.850803
39	168	2.3856
39	180	3.3077
40	58	1.26823
40	61	1.30218
40	112	1.03686
40	142	0.822602
40	161	0.812468
40	168	0.777235
40	173	0.77154
40	174	0.752716
40	175	0.726972
40	176	0.77931
40	177	0.760043
40	178	0.718655
40	179	0.742615
40	180	0.740166
41	71	0.941206
41	97	0.918949
41	100	0.940882
41	102	1.00102
41	115	0.952443
41	120	0.952504
41	121	0.952528
41	135	1.33192
41	140	1.55973
41	150	0.862767
41	152	1.66527
41	155	2.3095
41	164	2.34698
41	168	0.872701
42	57	0.7849
42	61	0.875515
42	96	0.87575
42	98	0.847655
42	99	0.894479
42	107	0.857806
42	108	0.804075
42	109	0.857399
42	116	0.857399
42	154	0.729748
42	163	0.931836
42	172	2.58418
42	174	2.41749
42	180	2.65596
43	21	1.56702
43	79	1.1149
43	117	1.42
43	127	0.845881
43	164	0.7862
43	171	0.79474
43	172	0.751144
43	174	0.753445
43	175	0.7277
43	176	0.780039
43	177	0.760771
43	178	0.719384
43	179	0.743344
43	180	0.740895
44	6	0.754387
44	29	0.891386
44	36	0.796931
44	61	0.834246
44	62	1.64073
44	81	0.829685
44	90	0.801516
44	96	0.83448
44	99	0.85321
44	107	0.816537
44	108	0.762806
44	116	0.81613
44	146	2.10528
44	153	2.8811
44	163	2.21284
45	48	0.894488
45	54	0.891864
45	70	0.898069
45	74	0.897837
45	75	0.897775
45	83	0.847078
45	117	0.904046
45	130	0.888212
45	131	0.931452
45	137	1.41737
45	141	0.950557
45	154	2.71792
45	157	2.75788
45	167	0.857059
45	169	1.7813
46	19	0.899274
46	30	0.934313
46	36	0.88436
46	58	0.891895
46	62	1.21237
46	90	0.888945
46	98	0.893815
46	99	0.940639
46	108	0.850235
46	109	0.903559
46	116	0.903559
46	126	2.09282
46	129	2.26999
46	139	1.80102
46	145	2.19127
47	20	0.895533
47	39	0.886739
47	69	0.980608
47	73	0.861269
47	88	0.896032
47	93	0.873233
47	94	0.873461
47	123	0.896696
47	131	0.906823
47	134	0.904449
47	144	1.28774
47	167	1.70684
47	171	1.69297
47	177	2.18851
47	179	2.74192
48	45	0.894488
48	54	0.79671
48	70	0.802915
48	74	0.802683
48	75	0.802621
48	117	0.808892
48	125	0.842633
48	130	0.793058
48	131	0.836298
48	141	0.855403
48	151	2.01737
48	164	2.57469
48	166	2.3242
48	167	0.761905
48	169	1.97244
49	26	0.802661
49	56	0.832344
49	76	0.794454
49	103	0.799609
49	111	0.812722
49	112	0.866073
49	114	0.801303
49	118	0.832046
49	119	0.849627
49	138	2.19336
49	141	0.847115
49	142	2.26499
49	145	2.05115
49	149	0.763467
49	155	2.40778
50	31	0.845202
50	71	0.813137
50	100	0.812812
50	101	0.877495
50	102	0.872952
50	106	0.819119
50	115	0.824374
50	120	0.824435
50	121	0.824458
50	127	1.55217
50	150	0.734698
50	159	1.63117
50	168	0.744632
50	171	2.00749
50	175	3.64718
51	5	0.881293
51	30	1.09427
51	39	0.801963
51	69	0.895832
51	73	0.776493
51	88	0.811256
51	93	0.788457
51	94	0.788685
51	123	0.81192
51	124	0.773923
51	131	0.822048
51	134	0.819673
51	137	2.07296
51	148	2.42478
51	162	2.55487
52	15	0.864606
52	66	0.758236
52	77	0.887099
52	82	0.846854
52	87	0.849927
52	89	0.824069
52	92	0.805801
52	105	1.50764
52	125	0.837954
52	139	1.86519
52	140	0.799851
52	149	2.14292
52	155	0.740055
52	163	0.810819
52	174	3.33432
53	76	0.793733
53	83	0.958417
53	103	0.798888
53	111	0.812001
53	112	0.865352
53	113	0.841862
53	114	0.800582
53	118	0.831325
53	119	0.848906
53	124	0.779164
53	141	0.846394
53	149	0.762746
53	161	2.05283
53	168	2.49601
53	172	3.34633
54	14	0.852762
54	45	0.891864
54	48	0.79671
54	70	0.80029
54	72	1.72021
54	74	0.800059
54	75	0.799996
54	117	0.806267
54	123	2.38163
54	125	0.840009
54	130	0.790434
54	136	2.20251
54	140	2.42094
54	141	0.852779
54	167	0.75928
55	11	0.86985
55	16	0.816623
55	23	0.826788
55	27	0.793388
55	34	0.792906
55	38	0.957924
55	64	0.82425
55	104	0.782507
55	110	0.712459
55	117	0.795644
55	122	1.3533
55	134	0.820676
55	154	2.72796
55	160	2.22626
55	170	2.57469
56	1	0.911941
56	49	0.832344
56	68	0.859848
56	85	0.889276
56	103	0.849196
56	112	0.91566
56	113	0.89217
56	114	0.85089
56	118	0.881633
56	119	0.899214
56	123	1.71636
56	149	0.813054
56	151	1.98559
56	159	2.00764
56	163	1.74202
56	168	2.54404
57	18	0.822508
57	42	0.7849
57	61	0.825726
57	81	0.821164
57	96	0.82596
57	98	0.797866
57	99	0.84469
57	107	0.808017
57	108	0.754286
57	109	0.80761
57	116	0.80761
57	130	1.53736
57	154	0.679959
57	165	1.7181
57	174	2.63598
57	175	3.43195
58	18	0.883343
58	40	1.26823
58	46	0.891895
58	81	0.882
58	84	1.42632
58	90	0.853831
58	96	0.886796
58	98	0.858701
58	99	0.905525
58	107	0.868852
58	108	0.815121
58	109	0.868445
58	110	2.57835
58	116	0.868445
58	158	2.17026
58	169	1.74466
59	12	0.941304
59	21	0.898372
59	28	0.875679
59	63	0.910332
59	97	0.829561
59	101	0.916176
59	106	0.8578
59	115	0.863055
59	120	0.863116
59	121	0.863139
59	133	1.5332
59	144	1.72476
59	154	2.62332
59	168	0.783313
59	169	1.68669
59	173	2.43418
60	31	0.862365
60	87	1.18302
60	111	1.36299
60	131	0.850146
60	152	0.884214
60	164	0.813761
60	169	0.864289
60	170	0.818267
60	173	0.799829
60	174	0.781005
60	175	0.755261
60	176	0.807599
60	177	0.788332
60	178	0.746944
60	179	0.770904
60	180	0.768455
61	2	0.939241
61	36	0.879026
61	40	1.30218
61	42	0.875515
61	44	0.834246
61	57	0.825726
61	83	0.844389
61	90	0.883611
61	99	0.935305
61	107	0.898632
61	108	0.844901
61	116	0.898225
61	154	0.770573
61	158	2.20421
61	165	2.14774
61	177	2.71744
62	44	1.64073
62	46	1.21237
62	116	0.785958
62	121	1.32001
62	135	0.927422
62	158	0.827843
62	170	0.817235
62	171	0.821268
62	173	0.798796
62	174	0.779972
62	175	0.754228
62	176	0.806567
62	177	0.787299
62	178	0.745912
62	179	0.769872
62	180	0.767423
63	17	1.28538
63	59	0.910332
63	67	0.90811
63	100	0.862058
63	101	0.926741
63	102	0.922197
63	106	0.868365
63	115	0.87362
63	120	0.87368
63	121	0.873704
63	127	1.94717
63	136	1.55577
63	150	0.783944
63	161	2.11939
63	166	2.31095
63	168	0.793878
64	8	0.920044
64	11	0.92126
64	13	0.733403
64	16	0.868033
64	23	0.878198
64	27	0.844798
64	34	0.844316
64	38	1.00933
64	55	0.82425
64	110	0.763869
64	117	0.847055
64	129	1.99163
64	134	0.872086
64	150	2.81793
64	156	1.60051
64	167	2.16193
65	12	1.474
65	14	1.46933
65	74	1.54212
65	113	0.868497
65	130	0.847646
65	158	0.811037
65	160	0.820824
65	162	0.819725
65	165	0.812939
65	173	0.78199
65	174	0.763166
65	175	0.737421
65	176	0.78976
65	177	0.770492
65	178	0.729105
65	179	0.753065
65	180	0.750616
66	15	0.832866
66	52	0.758236
66	77	0.85536
66	79	0.766133
66	82	0.815115
66	86	0.817487
66	89	0.79233
66	92	0.774062
66	95	0.752319
66	125	0.806215
66	133	2.27259
66	135	2.01328
66	136	2.02266
66	140	0.768111
66	155	0.708315
66	163	0.779079
66	177	3.36492
67	31	0.88166
67	63	0.90811
67	97	0.827338
67	100	0.849271
67	102	0.909411
67	106	0.855578
67	115	0.860833
67	120	0.860894
67	121	0.860917
67	129	0.827599
67	143	1.60509
67	148	1.85497
67	150	0.771157
67	159	1.93406
67	163	1.66844
67	168	0.781091
67	180	3.39256
68	1	0.889858
68	56	0.859848
68	76	0.821958
68	85	0.867193
68	111	0.840226
68	113	0.870087
68	114	0.828807
68	118	0.85955
68	119	0.877131
68	124	0.807388
68	136	1.45654
68	137	1.49604
68	139	1.67785
68	141	0.874618
68	147	3.28397
68	149	0.790971
68	176	2.49071
69	20	0.935756
69	37	0.91175
69	47	0.980608
69	51	0.895832
69	73	0.901492
69	88	0.936255
69	93	0.913457
69	94	0.913684
69	122	1.12938
69	124	0.898922
69	126	1.67711
69	131	0.947047
69	134	0.944672
69	146	1.26121
69	160	2.00235
69	171	2.01071
69	172	3.02111
70	3	0.889182
70	14	0.858967
70	45	0.898069
70	48	0.802915
70	54	0.80029
70	74	0.806264
70	75	0.806201
70	117	0.812472
70	125	0.846214
70	130	0.796639
70	131	0.839879
70	141	0.858984
70	143	1.8425
70	149	2.2001
70	155	2.66926
70	162	2.22246
70	163	1.90584
70	167	0.765485
71	22	0.875096
71	33	0.941326
71	41	0.941206
71	50	0.813137
71	97	0.781611
71	100	0.803544
71	101	0.868227
71	106	0.809851
71	115	0.815105
71	120	0.815166
71	121	0.81519
71	128	2.1601
71	129	0.781871
71	140	1.88507
71	162	2.18804
71	165	2.4392
71	168	0.735364
71	169	2.07006
72	7	0.900001
72	54	1.72021
72	77	0.857469
72	97	1.32161
72	103	1.20405
72	144	0.842787
72	156	0.847654
72	164	0.771187
72	165	0.788205
72	170	0.775694
72	172	0.73613
72	173	0.757256
72	175	0.712687
72	176	0.765026
72	177	0.745758
72	178	0.704371
72	179	0.728331
72	180	0.725882
73	5	0.886953
73	20	0.816417
73	30	0.472604
73	32	0.910406
73	37	0.792411
73	47	0.861269
73	51	0.776493
73	69	0.901492
73	88	0.816916
73	93	0.794117
73	94	0.794345
73	124	0.779583
73	131	0.827708
73	134	0.825333
73	156	1.71097
73	164	2.41747
73	165	2.18436
73	180	3.3407
74	3	0.88895
74	14	0.858735
74	45	0.897837
74	48	0.802683
74	54	0.800059
74	65	1.54212
74	70	0.806264
74	75	0.80597
74	117	0.812241
74	125	0.845982
74	130	0.796407
74	131	0.839647
74	139	2.02366
74	141	0.858752
74	149	2.30139
74	163	2.00713
74	167	0.765254
74	169	2.20577
75	3	0.888888
75	14	0.858673
75	45	0.897775
75	48	0.802621
75	54	0.799996
75	70	0.806201
75	74	0.80597
75	117	0.812178
75	125	0.84592
75	130	0.796345
75	131	0.839585
75	141	0.85869
75	147	2.56142
75	150	2.25058
75	160	1.57235
75	167	0.765191
75	170	1.92078
75	180	2.66289
76	49	0.794454
76	53	0.793733
76	68	0.821958
76	85	0.851386
76	103	0.811306
76	111	0.824419
76	112	0.87777
76	113	0.85428
76	114	0.813001
76	118	0.843743
76	119	0.861324
76	141	0.858812
76	143	1.27919
76	145	1.74933
76	149	0.775164
76	150	2.65434
76	168	2.14456
76	179	3.03343
77	52	0.887099
77	66	0.85536
77	72	0.857469
77	79	0.894996
77	86	0.946351
77	87	0.94705
77	89	0.921193
77	92	0.902925
77	95	0.881182
77	125	0.935078
77	126	1.85289
77	139	1.56108
77	140	0.896974
77	146	1.43699
77	155	0.837178
77	157	2.71978
77	163	0.907942
77	176	2.37394
78	13	0.905774
78	26	1.43578
78	112	0.939822
78	121	1.5173
78	134	1.17486
78	156	0.84494
78	161	0.795469
78	169	0.819002
78	170	0.772979
78	171	0.777013
78	172	0.733416
78	173	0.754541
78	174	0.735717
78	176	0.762311
78	177	0.743044
78	178	0.701657
78	179	0.725616
78	180	0.723168
79	4	0.897325
79	15	0.872502
79	43	1.1149
79	66	0.766133
79	77	0.894996
79	86	0.857124
79	87	0.857823
79	89	0.831966
79	92	0.813698
79	95	0.791955
79	125	0.845851
79	140	0.807747
79	145	1.53916
79	154	2.26764
79	155	0.747952
79	160	1.76594
79	163	0.818715
79	175	3.414
80	35	0.765826
80	37	1.43628
80	39	1.19309
80	92	1.38665
80	109	1.41864
80	126	0.890111
80	153	0.839296
80	159	0.870366
80	165	0.843065
80	166	0.848415
80	172	0.79099
80	173	0.812116
80	174	0.793291
80	175	0.767547
80	176	0.819886
80	177	0.800618
80	178	0.759231
80	179	0.783191
80	180	0.780742
81	2	0.93468
81	6	0.83192
81	29	0.968919
81	44	0.829685
81	57	0.821164
81	58	0.882
81	90	0.879049
81	96	0.912014
81	99	0.930743
81	108	0.840339
81	109	0.893663
81	116	0.893663
81	133	1.47415
81	140	1.44265
81	154	0.766012
81	157	2.60422
81	158	2.05325
81	166	1.9794
81	170	2.411
82	4	0.946307
82	10	0.939707
82	15	0.921484
82	52	0.846854
82	66	0.815115
82	86	0.906105
82	87	0.906805
82	92	0.86268
82	95	0.840937
82	123	1.22479
82	125	0.894833
82	140	0.856729
82	149	1.54471
82	155	0.796933
82	156	1.34484
82	163	0.867697
82	167	1.90626
82	175	3.53208
82	177	2.38793
83	45	0.847078
83	53	0.958417
83	61	0.844389
83	103	1.15556
83	108	0.881588
83	133	0.987449
83	134	0.814109
83	164	0.886835
83	169	0.937364
83	170	0.891342
83	171	0.895375
83	172	0.851779
83	173	0.872904
83	175	0.828335
83	176	0.880674
83	177	0.861406
83	178	0.820019
83	179	0.843979
83	180	0.84153
84	58	1.42632
84	85	1.28707
84	101	1.38729
84	126	0.820131
84	130	0.807792
84	141	1.3727
84	145	0.808891
84	158	0.771182
84	159	0.800386
84	160	0.780969
84	169	0.806596
84	171	0.764607
84	173	0.742135
84	175	0.697567
84	176	0.749906
84	177	0.730638
84	178	0.689251
84	179	0.713211
84	180	0.710762
85	9	1.95579
85	56	0.889276
85	68	0.867193
85	76	0.851386
85	84	1.28707
85	103	0.856541
85	111	0.869654
85	112	0.923005
85	113	0.899515
85	114	0.858235
85	118	0.888978
85	119	0.906559
85	124	0.836817
85	138	1.95576
85	139	1.42329
85	141	0.904047
85	149	0.820399
85	151	1.65033
85	164	2.20766
86	10	0.94208
86	66	0.817487
86	77	0.946351
86	79	0.857124
86	82	0.906105
86	87	0.909178
86	89	0.88332
86	92	0.865053
86	95	0.84331
86	125	0.897205
86	140	0.859102
86	142	1.93163
86	149	1.60526
86	155	0.799306
86	160	1.94458
86	163	0.87007
86	164	2.1119
86	170	2.29301
86	176	2.14039
87	23	0.895307
87	52	0.849927
87	60	1.18302
87	77	0.94705
87	79	0.857823
87	82	0.906805
87	86	0.909178
87	89	0.88402
87	92	0.865752
87	95	0.84401
87	123	1.74942
87	125	0.897905
87	132	2.26503
87	133	1.82023
87	137	1.60979
87	140	0.859802
87	155	0.800006
87	163	0.870769
87	176	2.60447
88	20	0.85118
88	32	0.94517
88	37	0.827174
88	39	0.842386
88	47	0.896032
88	51	0.811256
88	69	0.936255
88	73	0.816916
88	93	0.82888
88	94	0.829108
88	123	0.852344
88	124	0.814346
88	131	0.862471
88	133	1.27667
88	134	0.860096
88	156	1.3259
88	166	1.78191
88	174	2.71717
88	177	2.36899
88	180	2.95563
89	4	0.923522
89	10	0.916922
89	15	0.898699
89	52	0.824069
89	66	0.79233
89	77	0.921193
89	79	0.831966
89	86	0.88332
89	87	0.88402
89	92	0.839895
89	95	0.818152
89	129	2.21715
89	140	0.833944
89	143	1.6683
89	149	2.02591
89	151	1.97522
89	155	0.774148
89	162	2.04827
89	163	0.844912
89	167	2.38745
90	18	0.880393
90	19	0.86121
90	44	0.801516
90	46	0.888945
90	58	0.853831
90	61	0.883611
90	81	0.879049
90	96	0.883845
90	99	0.902575
90	107	0.865902
90	108	0.812171
90	109	0.865495
90	116	0.865495
90	126	2.16763
90	135	1.64512
90	142	2.47992
90	144	2.096
90	146	1.75173
90	154	0.737843
90	162	2.17591
91	100	0.726781
91	112	0.341419
91	114	0.465623
91	117	0.464244
91	120	0.287821
91	131	0.468982
91	141	0.519172
91	160	0.940526
91	164	0.915623
91	165	0.932641
91	169	0.966152
91	171	0.924163
91	172	0.880567
91	173	0.901692
91	174	0.882868
91	175	0.857123
91	176	0.909462
91	177	0.890194
91	178	0.848807
91	179	0.872767
91	180	0.870318
92	4	0.905254
92	10	0.898654
92	52	0.805801
92	66	0.774062
92	77	0.902925
92	79	0.813698
92	80	1.38665
92	82	0.86268
92	86	0.865053
92	87	0.865752
92	89	0.839895
92	95	0.799884
92	125	0.85378
92	128	2.06583
92	140	0.815676
92	146	1.66958
92	155	0.755881
92	159	2.04277
92	162	2.09376
92	163	0.826644
92	173	2.72327
93	5	0.898918
93	20	0.828381
93	32	0.922371
93	37	0.804375
93	39	0.819587
93	47	0.873233
93	51	0.788457
93	69	0.913457
93	73	0.794117
93	88	0.82888
93	94	0.806309
93	110	2.18939
93	123	0.829545
93	124	0.791547
93	130	1.54409
93	131	0.839672
93	134	0.837297
93	163	1.15705
93	170	2.13906
93	176	1.98644
93	178	3.76707
94	5	0.899145
94	20	0.828609
94	32	0.922598
94	37	0.804603
94	39	0.819815
94	47	0.873461
94	51	0.788685
94	69	0.913684
94	73	0.794345
94	88	0.829108
94	93	0.806309
94	123	0.829772
94	124	0.791774
94	131	0.839899
94	134	0.837525
94	146	1.75366
94	152	1.98041
94	162	2.17784
94	163	1.86122
94	165	2.429
94	167	2.51703
95	4	0.883511
95	10	0.876911
95	15	0.858689
95	23	0.829439
95	66	0.752319
95	77	0.881182
95	79	0.791955
95	82	0.840937
95	86	0.84331
95	87	0.84401
95	89	0.818152
95	92	0.799884
95	125	0.832037
95	128	1.85204
95	135	1.34919
95	139	1.57989
95	140	0.793934
95	151	1.80692
95	155	0.734138
95	163	0.804902
95	164	2.36425
95	178	4.17337
96	9	1.36973
96	19	0.894175
96	30	0.929214
96	42	0.87575
96	44	0.83448
96	57	0.82596
96	58	0.886796
96	81	0.912014
96	90	0.883845
96	98	0.888715
96	99	0.935539
96	107	0.898866
96	108	0.845135
96	109	0.898459
96	116	0.898459
96	142	1.44133
96	154	0.770808
96	157	1.99593
96	172	2.47305
96	173	1.76683
96	176	1.6501
96	179	2.5116
97	21	0.828166
97	22	0.852839
97	28	0.805472
97	33	0.91907
97	41	0.918949
97	59	0.829561
97	67	0.827338
97	71	0.781611
97	72	1.32161
97	101	0.84597
97	102	0.841426
97	106	0.787594
97	115	0.792848
97	120	0.792909
97	121	0.792933
97	129	0.759614
97	143	1.94534
97	145	2.41548
97	150	0.703173
97	156	2.10307
97	161	2.36753
97	167	2.6645
97	168	0.713107
98	2	0.911381
98	6	0.808621
98	18	0.885262
98	19	0.86608
98	29	0.94562
98	42	0.847655
98	46	0.893815
98	57	0.797866
98	58	0.858701
98	96	0.888715
98	99	0.907444
98	107	0.870771
98	108	0.81704
98	109	0.870364
98	116	0.870365
98	129	1.45858
98	132	1.46303
98	144	1.20978
98	148	1.15961
98	154	0.742713
98	157	2.1483
98	175	3.2547
98	178	3.58309
99	6	0.855445
99	29	0.992444
99	42	0.894479
99	44	0.85321
99	46	0.940639
99	57	0.84469
99	58	0.905525
99	61	0.935305
99	81	0.930743
99	90	0.902575
99	96	0.935539
99	98	0.907444
99	107	0.917595
99	108	0.863864
99	109	0.917189
99	122	0.804184
99	128	1.33226
99	137	0.878292
99	150	2.35538
99	154	0.789537
99	158	1.66783
99	159	1.3092
99	175	3.3252
99	178	3.65359
100	12	0.89303
100	28	0.827405
100	31	0.835609
100	33	0.941002
100	41	0.940882
100	50	0.812812
100	63	0.862058
100	67	0.849271
100	71	0.803544
100	91	0.726781
100	101	0.867903
100	102	0.863359
100	106	0.809526
100	115	0.814781
100	120	0.814842
100	121	0.814866
100	129	0.781547
100	144	1.93671
100	149	1.99426
100	150	0.725105
100	153	2.36826
100	156	1.79439
100	158	2.32426
100	168	0.735039
100	174	3.18566
101	21	0.914782
101	28	0.892088
101	33	1.00569
101	50	0.877495
101	59	0.916176
101	63	0.926741
101	71	0.868227
101	84	1.38729
101	97	0.84597
101	100	0.867903
101	102	0.928042
101	106	0.874209
101	115	0.879464
101	120	0.879525
101	121	0.879549
101	127	1.6936
101	128	1.79566
101	129	0.84623
101	140	1.52063
101	142	2.12761
101	150	0.789788
101	154	2.64225
101	165	2.07476
101	168	0.799722
101	169	1.70563
102	12	0.95317
102	28	0.887545
102	31	0.895748
102	41	1.00102
102	50	0.872952
102	63	0.922197
102	67	0.909411
102	97	0.841426
102	100	0.863359
102	101	0.928042
102	106	0.869666
102	115	0.87492
102	120	0.874981
102	121	0.875005
102	129	0.841687
102	137	1.04017
102	145	1.61225
102	147	2.8281
102	150	0.785245
102	153	1.87371
102	163	1.20545
102	166	1.75586
102	168	0.795179
102	175	3.48708
102	176	2.03485
103	13	1.11841
103	24	0.8391
103	25	0.847112
103	26	0.819512
103	49	0.799609
103	53	0.798888
103	56	0.849196
103	72	1.20405
103	76	0.811306
103	83	1.15556
103	85	0.856541
103	104	0.804317
103	111	0.829574
103	112	0.882924
103	113	0.859435
103	114	0.818155
103	118	0.848898
103	119	0.866478
103	124	0.796736
103	141	0.863966
103	148	2.07766
103	149	0.780318
103	153	2.55939
103	158	2.51538
103	162	2.20775
104	1	0.867063
104	8	0.878302
104	16	0.82629
104	27	0.803055
104	34	0.802573
104	35	0.898695
104	38	0.967592
104	55	0.782507
104	103	0.804317
104	110	0.722127
104	112	0.870781
104	113	0.847291
104	114	0.806012
104	117	0.805312
104	118	0.836754
104	119	0.854335
104	123	1.46365
104	134	0.830344
104	138	2.03831
104	149	0.768175
104	150	2.80112
104	153	2.15757
104	158	2.11356
104	167	2.14512
104	176	2.3187
105	21	1.24347
105	24	1.38255
105	52	1.50764
105	112	0.973619
105	115	1.36223
105	124	1.42649
105	126	0.847054
105	136	0.874869
105	138	0.820886
105	143	0.88286
105	158	0.798105
105	161	0.809986
105	162	0.806794
105	165	0.800008
105	166	0.805357
105	169	0.833519
105	172	0.747933
105	173	0.769058
105	174	0.750234
105	175	0.72449
105	176	0.776829
105	177	0.757561
105	178	0.716174
105	179	0.740134
105	180	0.737685
106	22	0.881079
106	28	0.833712
106	31	0.841916
106	33	0.947309
106	50	0.819119
106	59	0.8578
106	63	0.868365
106	67	0.855578
106	71	0.809851
106	97	0.787594
106	100	0.809526
106	101	0.874209
106	102	0.869666
106	115	0.821088
106	120	0.821149
106	121	0.821173
106	126	2.0606
106	149	2.04652
106	150	0.731412
106	152	1.87145
106	161	2.11111
106	166	2.30267
106	168	0.741346
106	169	1.95091
106	173	2.69839
107	6	0.818773
107	18	0.895414
107	29	0.955771
107	30	0.91127
107	36	0.861317
107	42	0.857806
107	44	0.816537
107	57	0.808017
107	58	0.868852
107	61	0.898632
107	90	0.865902
107	96	0.898866
107	98	0.870771
107	99	0.917595
107	108	0.827191
107	109	0.880516
107	116	0.880516
107	142	2.0653
107	149	1.73893
107	152	1.56386
107	154	0.752864
107	155	2.20809
107	161	1.80352
107	166	1.99508
107	168	2.24669
107	177	2.58215
108	2	0.867801
108	19	0.8225
108	29	0.90204
108	36	0.807586
108	42	0.804075
108	44	0.762806
108	46	0.850235
108	57	0.754286
108	58	0.815121
108	61	0.844901
108	81	0.840339
108	83	0.881588
108	90	0.812171
108	96	0.845135
108	98	0.81704
108	99	0.863864
108	107	0.827191
108	109	0.826784
108	116	0.826785
108	136	1.41238
108	154	0.699133
108	158	2.24141
108	161	1.976
108	166	2.16756
108	172	3.2695
108	177	2.75464
109	2	0.921125
109	6	0.818366
109	18	0.895007
109	19	0.875824
109	36	0.86091
109	42	0.857399
109	46	0.903559
109	57	0.80761
109	58	0.868445
109	80	1.41864
109	81	0.893663
109	90	0.865495
109	96	0.898459
109	98	0.870364
109	99	0.917189
109	107	0.880516
109	108	0.826784
109	116	0.880109
109	122	1.56974
109	127	1.99575
109	142	2.42976
109	151	2.0527
109	152	1.92832
109	154	0.752457
109	156	1.90352
109	159	2.07475
110	16	0.756243
110	19	2.424
110	27	0.733007
110	34	0.732526
110	38	0.897544
110	55	0.712459
110	58	2.57835
110	64	0.763869
110	93	2.18939
110	104	0.722127
110	114	2.47118
110	117	0.735264
110	128	0.743127
110	134	0.760296
110	136	0.759585
110	145	0.72053
110	146	0.763116
110	152	0.738159
110	171	0.676246
110	174	0.634951
110	175	0.609206
110	176	0.661545
110	177	0.642277
110	178	0.60089
110	179	0.62485
110	180	0.622401
111	1	0.892319
111	7	1.16661
111	24	0.852213
111	25	0.860225
111	26	0.832626
111	35	0.923951
111	49	0.812722
111	53	0.812001
111	60	1.36299
111	68	0.840226
111	76	0.824419
111	85	0.869654
111	103	0.829574
111	112	0.896037
111	113	0.872548
111	114	0.831268
111	118	0.862011
111	119	0.879592
111	124	0.809849
111	130	2.34208
111	136	1.75026
111	141	0.87708
111	144	2.19175
111	146	1.84748
111	149	0.793432
111	151	2.19861
111	159	2.22067
112	25	0.913575
112	26	0.885976
112	35	0.977302
112	40	1.03686
112	49	0.866073
112	53	0.865352
112	56	0.91566
112	76	0.87777
112	78	0.939822
112	85	0.923005
112	91	0.341419
112	103	0.882924
112	104	0.870781
112	105	0.973619
112	111	0.896037
112	113	0.925898
112	114	0.884619
112	118	0.915361
112	119	0.932942
112	124	0.8632
112	141	0.93043
112	148	1.50118
112	149	0.846782
112	170	2.29665
112	174	2.8003
112	176	2.14403
112	177	2.45212
113	1	0.92218
113	24	0.882074
113	25	0.890086
113	26	0.862486
113	35	0.953812
113	53	0.841862
113	56	0.89217
113	65	0.868497
113	68	0.870087
113	76	0.85428
113	85	0.899515
113	103	0.859435
113	104	0.847291
113	111	0.872548
113	112	0.925898
113	114	0.861129
113	118	0.891872
113	119	0.909453
113	124	0.83971
113	130	1.72055
113	141	0.90694
113	144	1.57022
113	161	1.69235
113	168	2.13553
113	169	1.53215
113	170	2.31551
113	176	2.1629
113	179	3.0244
114	1	0.880901
114	25	0.848806
114	26	0.821207
114	35	0.912533
114	49	0.801303
114	53	0.800582
114	56	0.85089
114	68	0.828807
114	76	0.813001
114	85	0.858235
114	91	0.465623
114	103	0.818155
114	104	0.806012
114	110	2.47118
114	111	0.831268
114	112	0.884619
114	113	0.861129
114	118	0.850592
114	119	0.868173
114	124	0.798431
114	132	1.9288
114	139	1.45538
114	141	0.865661
114	142	2.05947
114	144	1.67555
114	149	0.782013
114	173	2.38497
114	179	3.12974
115	12	0.904592
115	21	0.86166
115	22	0.886334
115	28	0.838967
115	41	0.952443
115	50	0.824374
115	59	0.863055
115	63	0.87362
115	67	0.860833
115	71	0.815105
115	97	0.792848
115	100	0.814781
115	101	0.879464
115	102	0.87492
115	105	1.36223
115	106	0.821088
115	120	0.826403
115	121	0.826427
115	129	0.793109
115	146	1.59569
115	150	0.736667
115	152	1.82244
115	158	2.3275
115	162	2.01987
115	168	0.746601
115	169	1.9019
115	173	2.64938
115	176	2.53264
116	2	0.921125
116	6	0.818366
116	18	0.895007
116	19	0.875824
116	29	0.955365
116	30	0.910863
116	42	0.857399
116	44	0.81613
116	46	0.903559
116	57	0.80761
116	58	0.868445
116	61	0.898225
116	62	0.785958
116	81	0.893663
116	90	0.865495
116	96	0.898459
116	98	0.870365
116	107	0.880516
116	108	0.826785
116	109	0.880109
116	129	1.84358
116	137	1.19279
116	152	1.47726
116	154	0.752457
116	158	1.98233
116	167	2.01388
116	171	2.00001
116	172	3.01041
116	180	3.08219
117	8	0.891439
117	11	0.892655
117	16	0.839428
117	27	0.816193
117	34	0.815711
117	43	1.42
117	45	0.904046
117	48	0.808892
117	54	0.806267
117	55	0.795644
117	64	0.847055
117	70	0.812472
117	74	0.812241
117	75	0.812178
117	91	0.464244
117	104	0.805312
117	110	0.735264
117	125	0.852191
117	129	1.92297
117	130	0.802616
117	131	0.845856
117	132	1.92742
117	134	0.843481
117	139	1.454
117	141	0.864961
117	144	1.67418
117	147	3.06011
117	167	0.771462
117	178	4.04748
118	1	0.911643
118	24	0.871537
118	25	0.879549
118	35	0.943275
118	49	0.832046
118	53	0.831325
118	56	0.881633
118	68	0.85955
118	76	0.843743
118	85	0.888978
118	103	0.848898
118	104	0.836754
118	111	0.862011
118	112	0.915361
118	113	0.891872
118	114	0.850592
118	119	0.898916
118	124	0.829173
118	137	1.27896
118	138	1.99324
118	140	1.45789
118	141	0.896404
118	143	1.3809
118	149	0.812756
118	163	1.44424
118	164	2.24514
118	174	2.9299
118	176	2.27363
118	179	3.13514
119	1	0.929224
119	24	0.889118
119	25	0.89713
119	26	0.86953
119	35	0.960856
119	49	0.849627
119	53	0.848906
119	56	0.899214
119	68	0.877131
119	76	0.861324
119	85	0.906559
119	103	0.866478
119	104	0.854335
119	111	0.879592
119	112	0.932942
119	113	0.909453
119	114	0.868173
119	118	0.898916
119	123	1.61734
119	124	0.846754
119	132	2.13295
119	141	0.913984
119	146	1.53544
119	148	1.82953
119	149	0.830336
119	152	1.76219
119	155	2.40641
119	160	2.27657
119	161	2.00184
119	165	2.21078
119	169	1.84164
120	12	0.904652
120	21	0.861721
120	22	0.886395
120	28	0.839027
120	31	0.847231
120	33	0.952625
120	41	0.952504
120	50	0.824435
120	59	0.863116
120	63	0.87368
120	67	0.860894
120	71	0.815166
120	91	0.287821
120	97	0.792909
120	100	0.814842
120	101	0.879525
120	102	0.874981
120	106	0.821149
120	115	0.826403
120	121	0.826488
120	129	0.79317
120	146	1.15348
120	147	2.88369
120	148	1.44758
120	150	0.736728
120	156	1.35543
120	164	2.06194
120	168	0.746662
120	173	2.20717
120	178	3.87106
120	180	2.98516
121	12	0.904676
121	21	0.861745
121	22	0.886418
121	28	0.839051
121	31	0.847255
121	33	0.952648
121	41	0.952528
121	50	0.824458
121	59	0.863139
121	62	1.32001
121	63	0.873704
121	67	0.860917
121	71	0.81519
121	78	1.5173
121	97	0.792933
121	100	0.814866
121	101	0.879549
121	102	0.875005
121	106	0.821173
121	115	0.826427
121	120	0.826488
121	128	2.18081
121	129	0.793193
121	132	2.38207
121	135	1.67796
121	143	1.82878
121	148	2.07866
121	150	0.736751
121	152	2.01131
121	165	2.4599
121	168	0.746686
122	21	1.3451
122	55	1.3533
122	69	1.12938
122	99	0.804184
122	109	1.56974
122	124	1.52812
122	133	0.900328
122	134	1.31029
122	139	0.896677
122	141	1.253
122	144	0.871314
122	151	0.86141
122	153	0.812963
122	156	0.876181
122	157	0.799312
122	158	0.81483
122	159	0.844033
122	161	0.82671
122	164	0.799714
122	165	0.816732
122	170	0.804221
122	171	0.808254
122	172	0.764658
122	173	0.785783
122	174	0.766959
122	175	0.741214
122	176	0.793553
122	177	0.774285
122	178	0.732898
122	179	0.756858
122	180	0.754409
123	2	1.42919
123	5	0.922381
123	32	0.945834
123	37	0.827838
123	38	1.21762
123	47	0.896696
123	51	0.81192
123	54	2.38163
123	56	1.71636
123	82	1.22479
123	87	1.74942
123	88	0.852344
123	93	0.829545
123	94	0.829772
123	104	1.46365
123	119	1.61734
123	124	0.81501
123	131	0.863135
123	132	0.816144
123	134	0.86076
123	164	0.768171
123	166	0.790538
123	171	0.77671
123	172	0.733114
123	173	0.754239
123	174	0.735415
123	175	0.70967
123	176	0.762009
123	177	0.742741
123	178	0.701354
123	179	0.725314
123	180	0.722865
124	5	0.884383
124	7	0.979074
124	25	0.827387
124	30	0.623535
124	32	0.907836
124	39	0.805052
124	51	0.773923
124	53	0.779164
124	68	0.807388
124	69	0.898922
124	73	0.779583
124	85	0.836817
124	88	0.814346
124	93	0.791547
124	94	0.791774
124	103	0.796736
124	105	1.42649
124	111	0.809849
124	112	0.8632
124	113	0.83971
124	114	0.798431
124	118	0.829173
124	119	0.846754
124	122	1.52812
124	123	0.81501
124	127	1.95413
124	131	0.825137
124	134	0.822763
124	141	0.844242
124	151	2.01108
124	160	2.40109
124	171	2.40945
124	179	3.4584
125	3	0.9289
125	13	0.823871
125	14	0.898685
125	48	0.842633
125	52	0.837954
125	54	0.840009
125	66	0.806215
125	70	0.846214
125	74	0.845982
125	75	0.84592
125	77	0.935078
125	79	0.845851
125	82	0.894833
125	86	0.897205
125	87	0.897905
125	92	0.85378
125	95	0.832037
125	117	0.852191
125	130	0.836357
125	131	0.879597
125	136	1.39181
125	141	0.898702
125	144	1.8333
125	155	0.788033
125	156	1.69098
125	162	1.91321
125	163	0.858797
125	164	2.39749
125	167	0.805204
125	168	2.39861
125	171	2.23853
125	173	2.54272
125	176	2.42598
126	22	0.868398
126	46	2.09282
126	69	1.67711
126	77	1.85289
126	80	0.890111
126	84	0.820131
126	90	2.16763
126	105	0.847054
126	106	2.0606
126	131	1.75054
126	147	0.742662
126	151	0.809093
126	152	0.81785
126	156	0.823864
126	157	0.746995
126	161	0.774394
126	162	0.771201
126	164	0.747397
126	165	0.764415
126	166	0.769765
126	167	0.767968
126	168	0.73916
126	169	0.797926
126	170	0.751904
126	172	0.712341
126	173	0.733466
126	174	0.714642
126	175	0.688897
126	176	0.741236
126	177	0.721968
126	178	0.680581
126	179	0.704541
126	180	0.702092
127	8	1.66049
127	43	0.845881
127	50	1.55217
127	63	1.94717
127	101	1.6936
127	109	1.99575
127	124	1.95413
127	133	0.843628
127	137	0.875429
127	139	0.839977
127	141	1.67901
127	143	0.842884
127	151	0.80471
127	157	0.742612
127	158	0.75813
127	159	0.787333
127	160	0.767916
127	162	0.766818
127	164	0.743014
127	165	0.760032
127	166	0.765382
127	169	0.793543
127	170	0.747521
127	171	0.751554
127	172	0.707958
127	173	0.729083
127	174	0.710259
127	175	0.684514
127	176	0.736853
127	177	0.717585
127	178	0.676198
127	179	0.700158
127	180	0.697709
128	20	1.81331
128	71	2.1601
128	92	2.06583
128	95	1.85204
128	99	1.33226
128	101	1.79566
128	110	0.743127
128	121	2.18081
128	138	0.79665
128	142	0.795885
128	144	0.830354
128	147	0.754019
128	151	0.82045
128	152	0.829207
128	157	0.758352
128	158	0.773869
128	160	0.783656
128	161	0.78575
128	162	0.782558
128	164	0.758754
128	165	0.775772
128	166	0.781121
128	170	0.76326
128	171	0.767294
128	172	0.723697
128	173	0.744822
128	174	0.725998
128	175	0.700254
128	176	0.752593
128	177	0.733325
128	178	0.691938
128	179	0.715898
128	180	0.713449
129	12	0.871358
129	26	2.29611
129	46	2.26999
129	64	1.99163
129	67	0.827599
129	71	0.781871
129	89	2.21715
129	97	0.759614
129	98	1.45858
129	100	0.781547
129	101	0.84623
129	102	0.841687
129	115	0.793109
129	116	1.84358
129	117	1.92297
129	120	0.79317
129	121	0.793193
129	136	0.813482
129	142	0.758735
129	147	0.716869
129	150	0.703433
129	151	0.7833
129	153	0.734853
129	158	0.736719
129	160	0.746506
129	168	0.713367
129	171	0.730144
129	173	0.707672
129	174	0.688848
129	175	0.663104
129	176	0.715442
129	177	0.696175
129	178	0.654788
129	179	0.678748
129	180	0.676299
130	3	0.879325
130	14	0.84911
130	16	1.61115
130	19	1.7787
130	26	2.19764
130	33	1.66842
130	45	0.888212
130	48	0.793058
130	54	0.790434
130	57	1.53736
130	65	0.847646
130	70	0.796639
130	74	0.796407
130	75	0.796345
130	84	0.807792
130	93	1.54409
130	111	2.34208
130	113	1.72055
130	117	0.802616
130	125	0.836357
130	131	0.830022
130	141	0.849127
130	164	0.735058
130	166	0.757425
130	167	0.755629
130	170	0.739564
130	171	0.743598
130	172	0.700001
130	173	0.721126
130	174	0.702302
130	175	0.676558
130	176	0.728896
130	177	0.709629
130	178	0.668241
130	179	0.692201
130	180	0.689753
131	3	0.922565
131	14	0.89235
131	20	0.861972
131	32	0.955961
131	37	0.837966
131	39	0.853178
131	45	0.931452
131	47	0.906823
131	48	0.836298
131	51	0.822048
131	60	0.850146
131	69	0.947047
131	70	0.839879
131	73	0.827708
131	74	0.839647
131	75	0.839585
131	88	0.862471
131	91	0.468982
131	93	0.839672
131	94	0.839899
131	117	0.845856
131	123	0.863135
131	124	0.825137
131	125	0.879597
131	126	1.75054
131	130	0.830022
131	141	0.892367
131	148	1.62874
131	150	2.75401
131	153	2.11046
131	157	2.61743
131	163	1.4422
131	165	2.00998
131	166	1.99261
131	167	0.798869
131	177	2.57968
132	11	1.90071
132	87	2.26503
132	98	1.46303
132	114	1.9288
132	117	1.92742
132	119	2.13295
132	121	2.38207
132	123	0.816144
132	137	0.863721
132	140	0.794503
132	144	0.802906
132	147	0.726571
132	148	0.801158
132	151	0.793003
132	152	0.80176
132	153	0.744556
132	154	0.702043
132	159	0.775625
132	160	0.756209
132	161	0.758303
132	162	0.75511
132	165	0.748324
132	166	0.753674
132	167	0.751877
132	169	0.781835
132	170	0.735813
132	171	0.739846
132	172	0.69625
132	173	0.717375
132	174	0.698551
132	176	0.725145
132	177	0.705877
132	178	0.66449
132	179	0.68845
132	180	0.686001
133	3	1.16747
133	4	1.43186
133	10	1.3951
133	39	1.62873
133	59	1.5332
133	66	2.27259
133	81	1.47415
133	83	0.987449
133	87	1.82023
133	88	1.27667
133	122	0.900328
133	127	0.843628
133	135	0.898641
133	143	0.883817
133	145	0.83677
133	148	0.853798
133	157	0.783544
133	158	0.799062
133	159	0.828266
133	160	0.808849
133	162	0.80775
133	164	0.783947
133	166	0.806314
133	168	0.77571
133	169	0.834475
133	170	0.788453
133	171	0.792487
133	173	0.770015
133	174	0.751191
133	175	0.725447
133	176	0.777785
133	177	0.758518
133	178	0.71713
133	179	0.74109
133	180	0.738641
134	8	0.916471
134	11	0.917687
134	16	0.86446
134	17	1.07451
134	20	0.859597
