1	115	1.19804
1	129	1.20371
1	131	1.17605
1	137	0.745158
1	138	1.23212
1	149	1.17081
1	150	1.198
1	155	1.22127
1	160	0.749419
1	163	0.743727
1	170	0.618036
1	175	0.750322
2	46	0.768355
2	105	0.757188
2	106	0.777356
2	114	0.578531
2	126	0.712518
2	169	1.2116
2	171	1.20256
2	173	1.19129
2	176	1.18665
2	178	1.21155
2	179	1.1886
2	180	1.20775
3	5	1.03693
3	29	0.722062
3	44	1.17516
3	47	1.16897
3	53	0.662254
3	68	1.29184
3	69	1.16062
3	78	1.23062
3	141	0.748751
3	163	0.731249
3	170	1.33585
3	173	0.742971
4	101	1.06729
4	103	1.03261
4	125	1.03136
4	136	1.03355
4	138	1.08054
4	143	1.03715
4	146	1.0478
4	155	1.06969
4	170	0.840781
4	177	0.834229
4	178	0.956269
4	179	0.973965
5	3	1.03693
5	28	1.05727
5	29	0.84681
5	44	1.00036
5	68	1.11705
5	69	0.985831
5	75	0.976717
5	78	1.05583
5	102	0.985673
5	156	0.877024
5	168	0.9028
5	170	1.16106
6	23	1.10672
6	28	1.21094
6	47	1.14786
6	68	1.27073
6	69	1.13951
6	78	1.20951
6	107	0.812727
6	142	0.685652
6	162	0.690838
6	170	1.31473
6	172	0.710577
6	180	0.704303
7	26	1.33299
7	41	1.16194
7	63	1.1814
7	71	1.26855
7	92	1.1623
7	116	1.10245
7	154	1.19037
7	159	0.769083
7	165	0.728761
7	166	0.739353
7	170	0.618591
7	175	0.750878
8	41	1.19748
8	71	1.3041
8	77	1.12846
8	83	1.11676
8	92	1.19784
8	107	1.22944
8	121	0.669168
8	150	0.823499
8	154	1.22591
8	167	0.697332
8	174	0.723462
8	178	0.690751
9	86	1.18293
9	106	1.13971
9	108	1.15851
9	113	1.12615
9	114	1.34066
9	118	1.24527
9	120	0.699822
9	140	1.20677
9	160	0.723682
9	165	0.702468
9	168	0.764793
9	169	0.715969
10	53	0.642262
10	60	0.837766
10	67	0.721853
10	71	1.3126
10	77	1.13696
10	83	1.12526
10	92	1.20634
10	107	1.23794
10	116	1.14649
10	154	1.23441
10	161	0.694754
10	180	0.710932
11	36	0.678496
11	74	0.775038
11	126	0.710929
11	150	0.716257
11	151	1.23494
11	155	0.712802
11	167	1.19454
11	171	1.19668
11	175	1.20846
11	176	1.18077
11	179	1.18273
11	180	1.20188
12	40	1.10337
12	52	1.18782
12	58	1.12599
12	59	1.12984
12	72	1.20762
12	74	1.07981
12	79	1.14981
12	93	0.885903
12	141	0.799866
12	153	1.11575
12	164	0.762539
12	170	0.656673
12	171	0.799131
13	80	0.830538
13	105	0.777837
13	126	0.733166
13	127	0.816818
13	155	0.735039
13	156	1.1138
13	162	1.14255
13	164	1.15453
13	173	1.12641
13	175	1.14945
13	178	1.14667
13	179	1.12372
13	180	1.14287
14	96	1.27297
14	109	1.30385
14	125	1.31275
14	128	1.26008
14	136	1.31495
14	151	0.638605
14	153	1.31244
14	159	0.699308
14	164	0.654683
14	165	1.32297
14	171	0.691275
14	177	0.542265
14	179	0.682
15	76	1.07543
15	111	1.14366
15	124	0.783175
15	130	1.15881
15	132	1.14282
15	133	1.1316
15	142	1.17859
15	148	1.14946
15	156	0.795478
15	168	1.11963
15	172	0.7804
15	176	0.783247
15	178	0.764248
16	37	1.02622
16	45	1.12771
16	54	1.06662
16	70	1.10037
16	105	0.906523
16	137	1.14311
16	140	1.19291
16	145	1.12066
16	166	0.739706
16	171	0.761402
16	177	1.32239
16	179	0.752128
16	180	0.74431
17	36	1.20737
17	96	1.09135
17	97	1.14496
17	117	0.802192
17	121	1.16895
17	125	1.13113
17	128	1.07846
17	136	1.13333
17	157	1.14446
17	164	0.758668
17	167	0.774871
17	175	0.785088
17	179	0.785985
18	68	0.797249
18	90	1.15159
18	96	1.10503
18	109	1.1359
18	128	1.09214
18	136	1.147
18	141	0.779963
18	153	1.14449
18	154	1.16881
18	162	0.748672
18	165	1.15503
18	168	0.809264
18	175	0.769057
19	38	0.77575
19	88	1.12477
19	104	0.796576
19	138	1.1746
19	139	1.11001
19	143	1.13121
19	146	1.14186
19	149	1.1133
19	150	1.14049
19	155	1.16376
19	178	0.76903
19	179	0.786726
19	180	0.778908
20	26	1.24691
20	35	1.16117
20	63	1.09532
20	71	1.18247
20	82	1.12581
20	92	1.07622
20	107	1.10781
20	124	0.752475
20	143	0.903287
20	151	0.707848
20	154	1.10429
20	168	0.790554
20	172	0.749701
21	26	1.28087
21	41	1.10982
21	49	1.12497
21	71	1.21643
21	77	1.0408
21	82	1.15977
21	83	1.0291
21	120	0.769515
21	154	1.13824
21	165	0.772161
21	167	0.784061
21	172	0.793632
21	180	0.787358
22	43	1.11113
22	75	1.09272
22	86	1.15573
22	106	1.11252
22	108	1.13131
22	113	1.09895
22	118	1.21807
22	121	0.781317
22	140	1.17957
22	162	0.799313
22	170	0.687411
22	174	0.83561
22	178	0.802899
23	6	1.10672
23	28	1.14818
23	47	1.08509
23	68	1.20796
23	69	1.07674
23	73	0.712058
23	78	1.14674
23	102	1.07659
23	156	0.8393
23	158	0.842483
23	170	1.25197
23	176	0.827069
23	177	0.68603
24	31	1.17208
24	40	1.10562
24	58	1.12823
24	59	1.13209
24	72	1.20987
24	74	1.08206
24	79	1.15206
24	117	0.824733
24	153	1.118
24	164	0.781208
24	174	0.823542
24	177	0.668791
24	179	0.808526
25	57	1.36673
25	75	1.26674
25	81	1.2049
25	86	1.32975
25	99	0.675681
25	108	1.30532
25	113	1.27297
25	140	1.35359
25	141	0.690832
25	151	0.637427
25	171	0.690097
25	177	0.541087
25	180	0.673005
26	7	1.33299
26	20	1.24691
26	21	1.28087
26	77	1.25774
26	82	1.37672
26	83	1.24604
26	107	1.35872
26	136	0.754529
26	137	0.618199
26	141	0.634269
26	166	0.611838
26	168	0.66357
26	175	0.623363
27	62	0.756718
27	68	0.722296
27	86	0.757689
27	145	0.838313
27	151	1.17177
27	154	0.819119
27	163	1.13027
27	171	1.13351
27	174	1.12034
27	175	1.14529
27	176	1.1176
27	178	1.14251
27	180	1.1387
28	5	1.05727
28	6	1.21094
28	23	1.14818
28	44	1.19549
28	69	1.18096
28	78	1.25096
28	99	0.721707
28	117	0.743056
28	147	0.723342
28	163	0.719357
28	164	0.699532
28	170	1.35619
29	3	0.722062
29	5	0.84681
29	84	0.809219
29	109	0.766678
29	131	0.750801
29	169	1.15259
29	171	1.14355
29	172	1.13522
29	173	1.13228
29	174	1.13038
29	176	1.12764
29	179	1.12959
29	180	1.14874
30	84	1.08604
30	111	1.14587
30	132	1.14503
30	133	1.13382
30	135	1.17543
30	136	0.91246
30	144	1.14029
30	148	1.15168
30	168	1.12185
30	170	0.649008
30	173	0.786421
30	179	0.782191
30	180	0.774374
31	24	1.17208
31	40	1.20562
31	58	1.22823
31	59	1.23209
31	72	1.30987
31	74	1.18206
31	79	1.25206
31	117	0.76283
31	151	0.703228
31	153	1.218
31	156	0.760158
31	170	0.61344
31	174	0.761639
31	177	0.606888
32	40	0.854287
32	43	1.1921
32	75	1.17369
32	81	1.11185
32	86	1.2367
32	87	0.701498
32	108	1.21227
32	113	1.17992
32	114	1.39443
32	118	1.29903
32	164	0.646524
32	169	0.664328
32	175	0.672944
32	180	0.666024
33	59	0.682944
33	72	0.596107
33	78	0.716347
33	108	0.706461
33	116	0.786438
33	154	0.703604
33	159	1.21382
33	163	1.22685
33	169	1.23913
33	171	1.23009
33	172	1.22176
33	174	1.21692
33	179	1.21613
33	180	1.23528
34	73	0.760353
34	112	1.07904
34	120	0.848401
34	126	1.07445
34	129	1.09407
34	138	1.12247
34	143	1.07909
34	146	1.08973
34	147	0.870553
34	149	1.06117
34	150	1.08836
34	155	1.11163
34	166	0.86164
34	180	0.866244
35	20	1.16117
35	41	1.24102
35	63	1.26048
35	77	1.172
35	92	1.24138
35	107	1.27297
35	116	1.18153
35	154	1.26945
35	160	0.72583
35	166	0.715209
35	169	0.718117
35	170	0.594447
35	175	0.726734
35	179	0.727631
36	11	0.678496
36	17	1.20737
36	52	0.723454
36	61	0.677511
36	80	1.17807
36	87	0.716956
36	90	1.24758
36	97	1.25462
36	125	1.24079
36	128	1.18812
36	136	1.24298
36	153	1.24047
36	168	0.72861
36	169	0.679786
37	16	1.02622
37	54	0.975306
37	56	0.871201
37	70	1.00906
37	114	1.23549
37	118	1.1401
37	123	0.809395
37	137	1.0518
37	140	1.1016
37	145	1.02935
37	162	0.817224
37	168	0.877817
37	177	1.23108
37	180	0.830689
38	19	0.77575
38	40	0.781478
38	44	0.724138
38	65	0.727342
38	84	0.814923
38	118	0.669547
38	137	1.16475
38	166	1.16064
38	169	1.17799
38	174	1.15578
38	175	1.18073
38	176	1.15304
38	178	1.17795
38	179	1.15499
38	180	1.17414
39	50	0.888554
39	94	0.757408
39	105	1.1454
39	115	1.17644
39	119	1.12547
39	126	1.16248
39	131	1.15444
39	134	0.720468
39	138	1.21051
39	147	0.701055
39	149	1.14921
39	150	1.17639
39	155	1.19966
39	158	0.721281
39	174	0.719579
40	12	1.10337
40	24	1.10562
40	31	1.20562
40	32	0.854287
40	38	0.781478
40	52	1.22361
40	59	1.16563
40	72	1.24341
40	74	1.1156
40	79	1.1856
40	153	1.15154
40	164	0.765136
40	170	0.65927
40	177	0.652718
40	179	0.792454
41	7	1.16194
41	8	1.19748
41	21	1.10982
41	35	1.24102
41	63	1.17517
41	77	1.08669
41	92	1.15607
41	107	1.18767
41	154	1.18414
41	161	0.738285
41	164	0.734963
41	166	0.749859
41	167	0.751166
41	171	0.771555
41	179	0.76228
42	95	1.11985
42	119	1.12446
42	129	1.18109
42	136	0.883094
42	138	1.2095
42	142	0.726357
42	143	1.16611
42	146	1.17676
42	149	1.1482
42	150	1.17538
42	155	1.19865
42	158	0.769543
42	170	0.619641
42	171	0.7621
42	180	0.745008
43	22	1.11113
43	32	1.1921
43	55	1.21504
43	57	1.21299
43	75	1.11301
43	81	1.05117
43	91	0.874393
43	108	1.15159
43	113	1.11923
43	114	1.33374
43	142	0.713299
43	163	0.732275
43	164	0.71245
43	176	0.741071
43	180	0.73195
44	3	1.17516
44	5	1.00036
44	28	1.19549
44	38	0.724138
44	47	1.13241
44	68	1.25528
44	69	1.12406
44	78	1.19406
44	102	1.1239
44	138	0.848558
44	165	0.712099
44	170	1.29929
44	174	0.750129
44	175	0.734216
44	179	0.735114
45	16	1.12771
45	54	1.0768
45	70	1.11055
45	102	1.12355
45	118	1.24159
45	133	0.876199
45	137	1.15329
45	140	1.20309
45	145	1.13084
45	147	0.737734
45	152	0.763154
45	168	0.780552
45	170	0.608058
45	172	0.739698
45	177	1.33257
46	2	0.768355
46	112	1.164
46	119	1.12239
46	131	1.15137
46	137	0.77151
46	138	1.20744
46	142	0.751103
46	143	1.16405
46	146	1.17469
46	149	1.14614
46	150	1.17332
46	155	1.19659
46	156	0.791105
46	171	0.786846
46	177	0.637836
47	3	1.16897
47	6	1.14786
47	23	1.08509
47	44	1.13241
47	68	1.24909
47	69	1.11788
47	78	1.18788
47	102	1.11772
47	142	0.734189
47	147	0.757149
47	160	0.758857
47	170	1.2931
47	176	0.761961
47	178	0.742961
47	180	0.75284
48	89	1.16518
48	93	1.22687
48	110	1.1698
48	127	1.1287
48	133	1.15105
48	135	1.19266
48	144	1.15752
48	145	1.13934
48	148	1.1689
48	159	0.797568
48	165	0.757246
48	169	0.770747
48	175	0.779363
48	177	0.640525
48	178	0.762564
49	21	1.12497
49	67	0.755056
49	71	1.27748
49	77	1.10185
49	82	1.22082
49	83	1.09015
49	92	1.17123
49	107	1.20282
49	116	1.11138
49	141	0.761962
49	154	1.1993
49	169	0.742439
49	171	0.761227
49	176	0.753256
49	178	0.734257
50	39	0.888554
50	62	0.857715
50	63	0.866392
50	98	1.06814
50	119	0.976819
50	126	0.905724
50	132	1.04186
50	135	1.07226
50	144	1.03712
50	148	1.04851
50	158	1.04918
50	163	1.04235
50	174	1.03242
50	175	1.05737
50	180	1.05078
51	89	0.811706
51	92	0.77414
51	115	0.789174
51	139	0.817623
51	148	0.791603
51	149	0.807687
51	152	1.11356
51	158	1.13031
51	160	1.1092
51	171	1.12672
51	173	1.11545
51	174	1.11355
51	176	1.11081
51	178	1.13572
51	179	1.11276
51	180	1.13191
52	12	1.18782
52	36	0.723454
52	40	1.22361
52	56	0.678857
52	58	1.24623
52	59	1.25008
52	65	1.2583
52	72	1.32786
52	74	1.20005
52	79	1.27005
52	106	0.820726
52	153	1.23599
52	158	0.66288
52	165	0.623148
52	167	0.635048
52	174	0.661178
53	3	0.662254
53	10	0.642262
53	76	0.752903
53	97	0.65437
53	108	0.662496
53	126	1.2383
53	128	0.730336
53	130	0.68778
53	149	1.22502
53	150	1.25221
53	155	1.27548
53	171	1.24342
53	172	1.23509
53	178	1.25241
53	179	1.22946
53	180	1.24861
54	16	1.06662
54	37	0.975306
54	45	1.0768
54	70	1.04946
54	114	1.27589
54	118	1.1805
54	121	0.771659
54	124	0.812168
54	137	1.0922
54	140	1.142
54	145	1.06975
54	152	0.832849
54	161	0.786941
54	169	0.801423
54	177	1.27148
54	180	0.803119
55	43	1.21504
55	75	1.19664
55	81	1.1348
55	86	1.25965
55	106	1.21643
55	108	1.23522
55	113	1.20287
55	114	1.41738
55	118	1.32198
55	147	0.678705
55	158	0.698931
55	168	0.721523
55	169	0.6727
55	171	0.691488
55	175	0.681316
55	178	0.664517
56	37	0.871201
56	52	0.678857
56	75	0.757931
56	81	0.876394
56	83	0.85464
56	120	1.12002
56	155	0.756301
56	156	1.08131
56	169	1.11423
56	171	1.10519
56	173	1.09392
56	176	1.08928
56	177	1.28026
56	178	1.11418
56	179	1.09123
56	180	1.11038
57	25	1.36673
57	43	1.21299
57	75	1.19459
57	81	1.13275
57	86	1.25759
57	108	1.23317
57	113	1.20081
57	117	0.723939
57	118	1.31993
57	140	1.28144
57	165	0.684718
57	169	0.698218
57	173	0.711962
57	174	0.722747
57	177	0.567997
57	180	0.699914
58	12	1.12599
58	24	1.12823
58	31	1.22823
58	52	1.24623
58	59	1.18825
58	65	1.19646
58	72	1.26602
58	74	1.13821
58	79	1.20821
58	117	0.742277
58	123	0.696959
58	134	0.741975
58	153	1.17416
58	156	0.739605
58	171	0.735345
58	176	0.727374
58	179	0.72607
59	12	1.12984
59	24	1.13209
59	31	1.23209
59	33	0.682944
59	40	1.16563
59	52	1.25008
59	58	1.18825
59	72	1.26988
59	74	1.14207
59	79	1.21207
59	90	0.828021
59	152	0.73738
59	153	1.17801
59	158	0.732185
59	173	0.719697
59	178	0.697771
59	180	0.70765
60	10	0.837766
60	97	0.849874
60	110	0.865102
60	129	0.839429
60	139	0.890117
60	140	0.81057
60	141	1.06883
60	161	1.10462
60	162	1.0846
60	163	1.07649
60	164	1.09658
60	172	1.0714
60	174	1.06656
60	175	1.09151
60	178	1.08872
60	179	1.06577
60	180	1.08492
61	36	0.677511
61	88	0.71898
61	103	0.775125
61	118	0.668734
61	123	1.18998
61	127	0.793596
61	141	1.18478
61	148	0.733292
61	154	0.724337
61	160	1.17816
61	166	1.18737
61	173	1.18441
61	174	1.18251
61	175	1.20746
61	176	1.17977
61	178	1.20468
61	180	1.20087
62	27	0.756718
62	50	0.857715
62	64	0.761256
62	85	1.13779
62	97	1.20446
62	101	1.22657
62	122	0.747236
62	125	1.19063
62	128	1.13796
62	136	1.19283
62	137	0.667664
62	141	0.683734
62	151	0.630329
62	153	1.19032
62	154	1.21464
62	157	1.20396
62	165	1.20085
63	7	1.1814
63	20	1.09532
63	35	1.26048
63	41	1.17517
63	50	0.866392
63	71	1.28179
63	75	0.79563
63	82	1.22513
63	83	1.09445
63	92	1.17553
63	107	1.20713
63	154	1.2036
63	158	0.69912
63	159	0.69971
63	173	0.686632
63	176	0.683705
63	180	0.674584
64	62	0.761256
64	112	1.18683
64	117	0.715746
64	127	1.15006
64	130	1.19962
64	134	0.715444
64	143	1.18687
64	144	1.17888
64	146	1.19752
64	148	1.19027
64	150	1.19615
64	153	0.812881
64	155	1.21941
64	157	1.1944
64	172	0.697996
64	173	0.703768
64	175	0.698642
65	38	0.727342
65	52	1.2583
65	58	1.19646
65	74	1.15029
65	79	1.22029
65	97	1.20037
65	103	1.1878
65	109	1.17764
65	128	1.13388
65	136	1.18874
65	153	1.18623
65	159	0.755626
65	164	0.711001
65	167	0.727204
65	169	0.728804
65	175	0.737421
65	178	0.720622
66	71	0.682997
66	95	0.792795
66	128	0.819229
66	130	0.776674
66	131	0.779886
66	133	0.759371
66	146	0.779203
66	166	1.12348
66	169	1.14082
66	171	1.13178
66	172	1.12345
66	174	1.11861
66	175	1.14356
66	176	1.11587
66	177	1.30685
66	178	1.14078
66	179	1.11782
66	180	1.13697
67	10	0.721853
67	49	0.755056
67	70	0.758968
67	76	0.832494
67	81	0.846803
67	133	0.750068
67	152	1.13377
67	153	0.728453
67	158	1.15053
67	162	1.15181
67	167	1.14479
67	171	1.14694
67	172	1.13861
67	174	1.13377
67	175	1.15872
67	178	1.15594
67	179	1.13298
67	180	1.15213
68	3	1.29184
68	5	1.11705
68	6	1.27073
68	18	0.797249
68	23	1.20796
68	27	0.722296
68	44	1.25528
68	47	1.24909
68	69	1.24075
68	78	1.31075
68	94	0.692148
68	102	1.24059
68	135	0.753965
68	156	0.652838
68	158	0.656021
68	170	1.41597
68	177	0.499568
68	180	0.631486
69	3	1.16062
69	5	0.985831
69	6	1.13951
69	23	1.07674
69	28	1.18096
69	44	1.12406
69	47	1.11788
69	68	1.24075
69	78	1.17953
69	102	1.10937
69	120	0.758872
69	151	0.741136
69	162	0.76325
69	163	0.77704
69	165	0.761518
69	168	0.823842
69	170	1.28475
69	175	0.783635
70	16	1.10037
70	37	1.00906
70	45	1.11055
70	54	1.04946
70	67	0.758968
70	77	0.965893
70	100	0.724341
70	102	1.09621
70	114	1.30964
70	118	1.21425
70	123	0.726753
70	137	1.12596
70	140	1.17576
70	145	1.1035
70	161	0.731869
70	166	0.743443
70	172	0.754322
70	177	1.30523
71	7	1.26855
71	8	1.3041
71	10	1.3126
71	20	1.18247
71	21	1.21643
71	49	1.27748
71	63	1.28179
71	66	0.682997
71	82	1.31228
71	83	1.18161
71	87	0.698248
71	92	1.26268
71	120	0.644931
71	122	0.744103
71	147	0.667084
71	151	0.627196
71	167	0.659478
71	174	0.685608
72	12	1.20762
72	24	1.20987
72	31	1.30987
72	33	0.596107
72	40	1.24341
72	52	1.32786
72	58	1.26602
72	59	1.26988
72	74	1.21985
72	79	1.28985
72	80	0.835727
72	139	0.787722
72	153	1.25579
72	158	0.645347
72	159	0.645937
72	174	0.643645
72	179	0.628629
72	180	0.620812
73	23	0.712058
73	34	0.760353
73	78	0.635162
73	89	0.651476
73	93	0.594347
73	117	1.22703
73	127	0.691677
73	128	0.693116
73	146	0.65309
73	159	1.25081
73	169	1.27612
73	172	1.25875
73	173	1.25581
73	175	1.27886
73	176	1.25117
73	178	1.27607
73	179	1.25312
73	180	1.27227
74	11	0.775038
74	12	1.07981
74	24	1.08206
74	31	1.18206
74	40	1.1156
74	52	1.20005
74	58	1.13821
74	59	1.14207
74	65	1.15029
74	72	1.21985
74	79	1.16204
74	100	0.754318
74	121	0.746564
74	153	1.12798
74	165	0.762827
74	171	0.795116
74	172	0.784298
74	173	0.790071
75	5	0.976717
75	22	1.09272
75	25	1.26674
75	32	1.17369
75	43	1.11301
75	55	1.19664
75	56	0.757931
75	57	1.19459
75	63	0.79563
75	81	1.03276
75	106	1.11439
75	108	1.13318
75	113	1.10083
75	120	0.699575
75	140	1.18145
75	172	0.723693
75	176	0.72654
75	179	0.725236
76	15	1.07543
76	53	0.752903
76	67	0.832494
76	87	0.857047
76	89	1.10518
76	93	1.16686
76	110	1.10979
76	121	0.790113
76	130	1.11825
76	132	1.10226
76	133	1.09104
76	135	1.13266
76	144	1.09751
76	148	1.1089
76	157	1.11304
76	162	0.808109
76	168	1.07907
76	174	0.844407
76	180	0.821574
77	8	1.12846
77	10	1.13696
77	21	1.0408
77	26	1.25774
77	35	1.172
77	41	1.08669
77	49	1.10185
77	70	0.965893
77	82	1.13664
77	83	1.00597
77	92	1.08705
77	107	1.11864
77	116	1.0272
77	123	0.792924
77	147	0.818528
77	167	0.810921
77	176	0.82334
77	177	0.682301
77	180	0.814219
78	3	1.23062
78	5	1.05583
78	6	1.20951
78	23	1.14674
78	28	1.25096
78	33	0.716347
78	44	1.19406
78	47	1.18788
78	68	1.31075
78	69	1.17953
78	73	0.635162
78	87	0.776526
78	102	1.17937
78	117	0.765076
78	165	0.725855
78	170	1.35475
78	177	0.609134
78	178	0.731174
78	179	0.74887
79	12	1.14981
79	24	1.15206
79	31	1.25206
79	40	1.1856
79	52	1.27005
79	58	1.20821
79	59	1.21207
79	65	1.22029
79	72	1.28985
79	74	1.16204
79	121	0.699012
79	124	0.739521
79	147	0.734781
79	153	1.19798
79	164	0.710972
79	170	0.605106
79	171	0.747564
79	174	0.753305
79	178	0.720594
80	13	0.830538
80	36	1.17807
80	72	0.835727
80	85	1.049
80	90	1.10862
80	100	0.787582
80	101	1.13777
80	103	1.10309
80	121	1.13966
80	123	0.789994
80	125	1.10184
80	128	1.04917
80	136	1.10403
80	153	1.10152
80	157	1.11516
80	158	0.835823
80	165	1.11206
80	166	0.806684
80	176	0.820409
81	25	1.2049
81	32	1.11185
81	43	1.05117
81	55	1.1348
81	56	0.876394
81	57	1.13275
81	67	0.846803
81	75	1.03276
81	86	1.09577
81	106	1.05255
81	108	1.07134
81	113	1.03899
81	114	1.2535
81	123	0.814588
81	140	1.11961
81	151	0.800304
81	161	0.819704
81	176	0.845003
81	177	0.703964
82	20	1.12581
82	21	1.15977
82	26	1.37672
82	49	1.22082
82	63	1.22513
82	71	1.31228
82	77	1.13664
82	83	1.12494
82	94	0.724843
82	107	1.23762
82	112	0.830517
82	116	1.14618
82	124	0.67323
82	154	1.23409
82	157	0.80205
82	173	0.676228
82	175	0.671101
82	176	0.673302
82	178	0.654303
83	8	1.11676
83	10	1.12526
83	21	1.0291
83	26	1.24604
83	49	1.09015
83	56	0.85464
83	63	1.09445
83	71	1.18161
83	77	1.00597
83	82	1.12494
83	92	1.07535
83	107	1.10695
83	123	0.792834
83	129	0.93035
83	154	1.10342
83	160	0.820145
83	163	0.814453
83	170	0.688762
83	178	0.804249
84	29	0.809219
84	30	1.08604
84	38	0.814923
84	89	1.11357
84	110	1.11818
84	111	1.11148
84	127	1.07708
84	130	1.12664
84	132	1.11065
84	133	1.09943
84	135	1.14105
84	139	1.09269
84	144	1.1059
84	148	1.11729
84	159	0.843207
84	165	0.802885
84	166	0.813477
84	167	0.814784
84	178	0.808203
85	62	1.13779
85	80	1.049
85	96	1.07193
85	103	1.11297
85	121	1.14954
85	125	1.11172
85	128	1.05904
85	136	1.11391
85	137	0.852946
85	153	1.1114
85	154	1.13572
85	157	1.12504
85	162	0.837725
85	165	1.12194
85	170	0.725823
85	173	0.863237
85	177	0.719272
85	179	0.859007
85	180	0.85119
86	9	1.18293
86	22	1.15573
86	25	1.32975
86	27	0.757689
86	32	1.2367
86	55	1.25965
86	57	1.25759
86	81	1.09577
86	106	1.1774
86	108	1.19619
86	113	1.16384
86	136	0.804966
86	138	0.788141
86	140	1.24446
86	141	0.684706
86	151	0.631301
86	168	0.714007
86	178	0.657001
86	180	0.666879
87	32	0.701498
87	36	0.716956
87	71	0.698248
87	76	0.857047
87	78	0.776526
87	107	0.740271
87	150	0.754717
87	155	0.751263
87	158	1.16996
87	161	1.19127
87	163	1.16313
87	165	1.17032
87	167	1.16422
87	172	1.15804
87	173	1.15511
87	175	1.17815
87	176	1.15046
87	178	1.17537
87	179	1.15241
87	180	1.17156
88	19	1.12477
88	61	0.71898
88	92	0.846378
88	105	1.14798
88	126	1.16506
88	127	1.13289
88	129	1.18468
88	138	1.21309
88	139	1.14849
88	143	1.1697
88	146	1.18035
88	149	1.15179
88	150	1.17897
88	155	1.20224
88	160	0.728968
88	168	0.770079
88	172	0.729225
88	173	0.734998
88	174	0.745784
88	176	0.732072
89	48	1.16518
89	51	0.811706
89	73	0.651476
89	76	1.10518
89	84	1.11357
89	98	1.19884
89	100	0.73366
89	111	1.1734
89	120	0.739523
89	130	1.18856
89	132	1.17256
89	135	1.20297
89	144	1.16782
89	147	0.761676
89	148	1.17921
89	157	1.18334
89	168	1.14938
89	171	0.774459
89	173	0.769414
89	176	0.766488
90	18	1.15159
90	36	1.24758
90	59	0.828021
90	80	1.10862
90	96	1.13156
90	97	1.18517
90	103	1.17259
90	109	1.16244
90	125	1.17134
90	128	1.11867
90	131	0.880035
90	136	1.17354
90	142	0.698094
90	154	1.19534
90	159	0.74187
90	162	0.70328
90	165	1.18156
90	175	0.723665
90	178	0.706866
90	179	0.724562
91	43	0.874393
91	93	1.22084
91	98	1.18251
91	110	1.16377
91	121	0.707355
91	122	0.820145
91	130	1.17223
91	132	1.15624
91	133	1.14502
91	134	0.762538
91	135	1.18664
91	142	1.192
91	144	1.15149
91	145	1.13331
91	148	1.16288
91	158	0.763351
91	168	1.13305
91	175	0.745736
91	177	0.606898
91	178	0.728938
92	7	1.1623
92	8	1.19784
92	10	1.20634
92	20	1.07622
92	35	1.24138
92	41	1.15607
92	49	1.17123
92	51	0.77414
92	63	1.17553
92	71	1.26268
92	77	1.08705
92	83	1.07535
92	88	0.846378
92	104	0.737469
92	107	1.18802
92	124	0.728849
92	142	0.70115
92	152	0.74953
92	161	0.703622
92	168	0.766928
93	12	0.885903
93	48	1.22687
93	73	0.594347
93	76	1.16686
93	91	1.22084
93	117	0.724261
93	127	1.20069
93	132	1.23425
93	133	1.22304
93	135	1.26465
93	142	1.27002
93	144	1.2295
93	145	1.21133
93	148	1.24089
93	152	0.729967
93	168	1.21106
93	172	0.706511
93	176	0.709358
93	177	0.568319
93	178	0.690359
93	180	0.700237
94	39	0.757408
94	68	0.692148
94	82	0.724843
94	95	0.833234
94	116	0.871806
94	144	0.815808
94	145	0.808165
94	154	0.788971
94	160	1.11665
94	164	1.15102
94	167	1.13202
94	168	1.10725
94	169	1.14321
94	171	1.13417
94	172	1.12584
94	173	1.1229
94	175	1.14595
94	176	1.11826
94	178	1.14316
94	179	1.12021
94	180	1.13936
95	42	1.11985
95	66	0.792795
95	94	0.833234
95	105	1.10816
95	115	1.1392
95	119	1.08823
95	126	1.12524
95	129	1.14487
95	131	1.11721
95	134	0.796294
95	138	1.17327
95	143	1.12988
95	146	1.14053
95	149	1.11197
95	150	1.13916
95	155	1.16243
95	159	0.797698
95	161	0.756394
95	165	0.757375
95	172	0.778846
95	174	0.795405
96	14	1.27297
96	17	1.09135
96	18	1.10503
96	85	1.07193
96	90	1.13156
96	97	1.1386
96	101	1.16071
96	103	1.12603
96	109	1.11587
96	128	1.0721
96	134	0.824623
96	136	1.12697
96	154	1.14878
96	157	1.1381
96	163	0.801226
96	164	0.781401
96	166	0.796297
96	170	0.675535
96	173	0.812948
96	176	0.810022
96	179	0.808719
97	17	1.14496
97	36	1.25462
97	53	0.65437
97	60	0.849874
97	62	1.20446
97	65	1.20037
97	90	1.18517
97	96	1.1386
97	101	1.21432
97	103	1.17964
97	109	1.16948
97	124	0.732089
97	128	1.12571
97	154	1.20239
97	156	0.744392
97	157	1.19171
97	159	0.748166
97	161	0.706862
97	165	1.1886
97	166	0.718436
97	176	0.732162
97	180	0.723041
98	50	1.06814
98	89	1.19884
98	91	1.18251
98	110	1.20345
98	130	1.21191
98	133	1.1847
98	135	1.22632
98	139	1.17796
98	144	1.19117
98	145	1.17299
98	148	1.20256
98	150	0.841198
98	157	1.2067
98	158	0.742863
98	160	0.724344
98	162	0.704863
98	163	0.718653
98	165	0.703131
98	168	1.17273
98	171	0.73542
98	173	0.730375
98	178	0.708449
99	25	0.675681
99	28	0.721707
99	101	0.712832
99	102	0.752395
99	111	0.735303
99	119	0.787686
99	122	1.14334
99	125	0.74625
99	141	1.17897
99	148	0.739939
99	153	0.720208
99	160	1.17235
99	164	1.20672
99	167	1.18772
99	169	1.19891
99	171	1.18986
99	174	1.1767
99	175	1.20165
99	176	1.17396
99	178	1.19886
99	179	1.17591
99	180	1.19506
100	70	0.724341
100	74	0.754318
100	80	0.787582
100	89	0.73366
100	108	0.70746
100	130	0.732744
100	145	0.723796
100	146	0.735274
100	147	1.15807
100	153	0.693826
100	163	1.17081
100	167	1.1719
100	169	1.18309
100	171	1.17405
100	172	1.16572
100	174	1.16088
100	175	1.18583
100	176	1.15814
100	177	1.34912
100	178	1.18305
100	179	1.16009
100	180	1.17924
101	4	1.06729
101	62	1.22657
101	80	1.13777
101	96	1.16071
101	97	1.21432
101	99	0.712832
101	103	1.20174
101	109	1.19159
101	125	1.20049
101	128	1.14782
101	129	0.826379
101	135	0.832636
101	136	1.20268
101	137	0.711913
101	154	1.22449
101	157	1.21381
101	160	0.716173
101	162	0.696692
101	164	0.690657
101	165	1.21071
101	178	0.700278
101	179	0.717974
102	5	0.985673
102	23	1.07659
102	44	1.1239
102	45	1.12355
102	47	1.11772
102	68	1.24059
102	69	1.10937
102	70	1.09621
102	78	1.17937
102	99	0.752395
102	111	0.885974
102	137	1.13895
102	140	1.18875
102	145	1.1165
102	151	0.714142
102	163	0.750045
102	164	0.73022
102	168	0.796848
102	170	1.2846
102	172	0.755994
102	174	0.772553
102	177	1.31823
102	180	0.74972
103	4	1.03261
103	61	0.775125
103	65	1.1878
103	80	1.10309
103	85	1.11297
103	90	1.17259
103	96	1.12603
103	97	1.17964
103	101	1.20174
103	109	1.15691
103	121	1.20363
103	125	1.16581
103	128	1.11314
103	136	1.168
103	151	0.743518
103	152	0.808826
103	156	0.800448
103	165	1.17603
103	166	0.774492
103	169	0.7774
103	170	0.65373
103	173	0.791143
103	175	0.786016
104	19	0.796576
104	92	0.737469
104	105	0.776255
104	109	0.793208
104	128	0.816675
104	140	0.701405
104	147	1.13012
104	149	0.771016
104	152	1.13294
104	154	0.745977
104	157	0.75191
104	159	1.12984
104	160	1.12859
104	163	1.14287
104	170	1.28755
104	171	1.1461
104	172	1.13778
104	173	1.13484
104	174	1.13294
104	175	1.15789
104	178	1.1551
104	179	1.13215
104	180	1.1513
105	2	0.757188
105	13	0.777837
105	16	0.906523
105	39	1.1454
105	88	1.14798
105	95	1.10816
105	104	0.776255
105	112	1.15438
105	115	1.16374
105	119	1.11277
105	126	1.14978
105	129	1.1694
105	131	1.14174
105	143	1.15442
105	146	1.16507
105	149	1.13651
105	150	1.16369
105	155	1.18696
105	159	0.783712
105	167	0.75529
105	169	0.75689
105	177	0.626669
105	179	0.766404
106	2	0.777356
106	9	1.13971
106	22	1.11252
106	52	0.820726
106	55	1.21643
106	75	1.11439
106	81	1.05255
106	86	1.1774
106	113	1.12062
106	129	1.17014
106	131	1.14249
106	138	1.19855
106	146	1.16581
106	149	1.13725
106	150	1.16444
106	155	1.1877
106	162	0.765289
106	165	0.763557
106	166	0.77415
106	173	0.790801
106	174	0.801587
106	177	0.646836
106	178	0.768876
107	6	0.812727
107	8	1.22944
107	10	1.23794
107	20	1.10781
107	26	1.35872
107	35	1.27297
107	41	1.18767
107	49	1.20282
107	63	1.20713
107	77	1.11864
107	82	1.23762
107	83	1.10695
107	87	0.740271
107	92	1.18802
107	116	1.12818
107	121	0.673337
107	154	1.21609
107	157	0.842666
107	163	0.705122
107	168	0.751925
107	169	0.703101
107	172	0.711072
107	177	0.57288
107	178	0.694919
108	9	1.15851
108	22	1.13131
108	25	1.30532
108	32	1.21227
108	33	0.706461
108	43	1.15159
108	53	0.662496
108	55	1.23522
108	57	1.23317
108	75	1.13318
108	81	1.07134
108	86	1.19619
108	100	0.70746
108	113	1.13941
108	114	1.35392
108	118	1.25853
108	140	1.22003
108	142	0.712516
108	152	0.760896
108	161	0.714988
108	167	0.727869
108	169	0.72947
108	171	0.748258
108	179	0.738984
109	14	1.30385
109	18	1.1359
109	29	0.766678
109	65	1.17764
109	90	1.16244
109	96	1.11587
109	97	1.16948
109	101	1.19159
109	103	1.15691
109	104	0.793208
109	123	0.754245
109	124	0.784588
109	125	1.15565
109	128	1.10298
109	136	1.15785
109	153	1.15534
109	154	1.17966
109	157	1.16898
109	160	0.781556
109	165	1.16587
109	167	0.772242
109	170	0.650173
109	172	0.781814
109	175	0.78246
109	177	0.643622
110	48	1.1698
110	60	0.865102
110	76	1.10979
110	84	1.11818
110	91	1.16377
110	98	1.20345
110	111	1.17802
110	121	0.706808
110	122	0.819597
110	127	1.14362
110	130	1.19317
110	132	1.17718
110	133	1.16596
110	135	1.20758
110	139	1.15922
110	144	1.17243
110	148	1.18382
110	152	0.767998
110	168	1.15399
110	170	0.612902
110	172	0.744542
110	173	0.750315
110	174	0.761101
110	175	0.745189
110	180	0.738268
111	15	1.14366
111	30	1.14587
111	84	1.11148
111	89	1.1734
111	99	0.735303
111	102	0.885974
111	110	1.17802
111	122	0.813956
111	130	1.18648
111	132	1.17048
111	133	1.15927
111	135	1.20088
111	139	1.15253
111	142	1.20625
111	144	1.16574
111	145	1.14756
111	148	1.17713
111	156	0.753979
111	157	1.18126
111	159	0.757753
111	165	0.717431
111	171	0.74972
111	174	0.755461
111	177	0.60071
111	179	0.740445
112	34	1.07904
112	46	1.164
112	64	1.18683
112	82	0.830517
112	105	1.15438
112	115	1.18541
112	119	1.13444
112	126	1.17146
112	129	1.19108
112	131	1.16342
112	139	1.15489
112	142	0.744059
112	143	1.1761
112	146	1.18674
112	147	0.767019
112	149	1.15819
112	150	1.18537
112	155	1.20864
112	160	0.768726
112	168	0.809837
112	170	0.637343
112	171	0.779801
112	172	0.768984
112	173	0.774757
112	177	0.630792
113	9	1.12615
113	22	1.09895
113	25	1.27297
113	32	1.17992
113	43	1.11923
113	55	1.20287
113	57	1.20081
113	75	1.10083
113	81	1.03899
113	86	1.16384
113	106	1.12062
113	108	1.13941
113	114	1.32157
113	118	1.22617
113	137	0.760523
113	140	1.18768
113	142	0.740116
113	152	0.788496
113	156	0.780118
113	163	0.759092
113	165	0.74357
113	172	0.765041
113	174	0.7816
113	176	0.767888
113	177	0.626849
114	2	0.578531
114	9	1.34066
114	32	1.39443
114	37	1.23549
114	43	1.33374
114	54	1.27589
114	55	1.41738
114	70	1.30964
114	81	1.2535
114	108	1.35392
114	113	1.32157
114	122	0.661258
114	138	0.70119
114	140	1.40219
114	145	1.32994
114	149	0.736903
114	152	0.609659
114	155	0.699344
114	161	0.563751
114	166	0.575325
114	168	0.627057
114	171	0.597021
114	175	0.586849
114	177	1.53166
114	178	0.570051
115	1	1.19804
115	39	1.17644
115	51	0.789174
115	95	1.1392
115	105	1.16374
115	112	1.18541
115	119	1.1438
115	121	0.703374
115	123	0.71354
115	126	1.18082
115	127	1.14864
115	129	1.20044
115	131	1.17278
115	138	1.22885
115	143	1.18546
115	146	1.1961
115	149	1.16755
115	150	1.19473
115	152	0.764564
115	155	1.218
115	161	0.718656
115	163	0.735159
115	164	0.715334
115	169	0.733138
115	171	0.751926
115	173	0.746882
115	175	0.741755
116	7	1.10245
116	10	1.14649
116	33	0.786438
116	35	1.18153
116	49	1.11138
116	77	1.0272
116	82	1.14618
116	94	0.871806
116	107	1.12818
116	119	1.06478
116	129	1.12142
116	131	1.09376
116	137	0.8129
116	139	1.08523
116	141	0.82897
116	143	1.10644
116	146	1.11708
116	147	0.815453
116	149	1.08853
116	150	1.11571
116	151	0.775565
116	154	1.12465
116	155	1.13898
116	164	0.791643
116	167	0.807846
116	178	0.801265
116	179	0.818961
117	17	0.802192
117	24	0.824733
117	28	0.743056
117	31	0.76283
117	57	0.723939
117	58	0.742277
117	64	0.715746
117	73	1.22703
117	78	0.765076
117	93	0.724261
117	123	1.13136
117	128	0.82303
117	132	0.770214
117	152	1.12389
117	158	1.14064
117	161	1.16195
117	164	1.15391
117	167	1.13491
117	169	1.1461
117	171	1.13705
117	173	1.12579
117	174	1.12389
117	175	1.14883
117	176	1.12114
117	177	1.31212
117	178	1.14605
117	179	1.1231
117	180	1.14225
118	9	1.24527
118	22	1.21807
118	32	1.29903
118	37	1.1401
118	38	0.669547
118	45	1.24159
118	54	1.1805
118	55	1.32198
118	57	1.31993
118	61	0.668734
118	70	1.21425
118	108	1.25853
118	113	1.22617
118	120	0.654862
118	137	1.25699
118	140	1.30679
118	142	0.654055
118	145	1.23454
118	159	0.697831
118	171	0.689797
118	172	0.678979
118	173	0.684752
118	175	0.679626
118	176	0.681826
118	177	1.43627
118	179	0.680523
118	180	0.672705
119	39	1.12547
119	42	1.12446
119	46	1.12239
119	50	0.976819
119	95	1.08823
119	99	0.787686
119	105	1.11277
119	112	1.13444
119	115	1.1438
119	116	1.06478
119	126	1.12985
119	127	1.09767
119	129	1.14947
119	131	1.12181
119	138	1.17788
119	143	1.13449
119	146	1.14513
119	148	0.925901
119	149	1.11657
119	150	1.14376
119	155	1.16703
119	164	0.765511
119	166	0.780407
119	169	0.783315
119	170	0.659644
119	174	0.807844
119	176	0.794132
119	177	0.653093
119	178	0.775132
120	9	0.699822
120	21	0.769515
120	34	0.848401
120	56	1.12002
120	69	0.758872
120	71	0.644931
120	75	0.699575
120	89	0.739523
120	118	0.654862
120	126	0.696073
120	130	0.738608
120	132	0.728347
120	136	0.716617
120	141	1.18104
120	147	1.17595
120	160	1.17442
120	161	1.21683
120	164	1.20879
120	167	1.18979
120	169	1.20098
120	170	1.33337
120	172	1.18361
120	173	1.18067
120	174	1.17877
120	175	1.20371
120	176	1.17602
120	178	1.20093
120	179	1.17798
120	180	1.19713
121	8	0.669168
121	17	1.16895
121	22	0.781317
121	54	0.771659
121	74	0.746564
121	76	0.790113
121	79	0.699012
121	80	1.13966
121	85	1.14954
121	91	0.707355
121	103	1.20363
121	107	0.673337
121	110	0.706808
121	115	0.703374
121	122	1.16212
121	125	1.20238
121	136	1.20457
121	143	0.724773
121	144	0.723685
121	153	1.20206
121	157	1.2157
121	162	1.21353
121	172	1.20032
121	173	1.19739
121	174	1.19548
121	175	1.22043
121	176	1.19274
121	178	1.21765
121	180	1.21384
122	62	0.747236
122	71	0.744103
122	91	0.820145
122	99	1.14334
122	110	0.819597
122	111	0.813956
122	114	0.661258
122	121	1.16212
122	133	0.820477
122	144	0.836475
122	149	0.834676
122	152	1.11741
122	153	0.798862
122	155	0.797118
122	156	1.1067
122	159	1.1143
122	163	1.12733
122	166	1.12227
122	167	1.12842
122	169	1.13962
122	171	1.13057
122	172	1.12224
122	173	1.11931
122	174	1.11741
122	175	1.14235
122	176	1.11466
122	178	1.13957
122	179	1.11662
122	180	1.13577
123	37	0.809395
123	58	0.696959
123	61	1.18998
123	70	0.726753
123	77	0.792924
123	80	0.789994
123	81	0.814588
123	83	0.792834
123	109	0.754245
123	115	0.71354
123	117	1.13136
123	138	0.696341
123	153	0.696238
123	156	1.14753
123	157	0.712948
123	159	1.15513
123	160	1.15389
123	161	1.1963
123	162	1.17628
123	166	1.1631
123	169	1.18045
123	171	1.1714
123	172	1.16308
123	173	1.16014
123	174	1.15824
123	175	1.18318
123	176	1.15549
123	178	1.1804
123	179	1.15745
123	180	1.1766
124	15	0.783175
124	20	0.752475
124	54	0.812168
124	79	0.739521
124	82	0.67323
124	92	0.728849
124	97	0.732089
124	109	0.784588
124	129	0.721644
124	131	0.768712
124	132	0.755239
124	152	1.13897
124	156	1.12826
124	157	0.743291
124	160	1.13462
124	161	1.17703
124	162	1.15701
124	164	1.16899
124	166	1.14383
124	167	1.14999
124	169	1.16118
124	170	1.29358
124	172	1.14381
124	173	1.14087
124	174	1.13897
124	175	1.16392
124	176	1.13623
124	177	1.32721
124	179	1.13818
124	180	1.15733
125	4	1.03136
125	14	1.31275
125	17	1.13113
125	36	1.24079
125	62	1.19063
125	80	1.10184
125	85	1.11172
125	90	1.17134
125	99	0.74625
125	101	1.20049
125	103	1.16581
125	109	1.15565
125	121	1.20238
125	128	1.11189
125	133	0.886349
125	136	1.16675
125	153	1.16424
125	154	1.18856
125	156	0.764926
125	157	1.17788
125	159	0.7687
125	160	0.749591
125	161	0.727396
125	165	1.17478
125	171	0.760667
125	172	0.749849
125	175	0.750495
125	176	0.752696
125	177	0.611657
125	180	0.743575
126	2	0.712518
126	11	0.710929
126	13	0.733166
126	34	1.07445
126	39	1.16248
126	50	0.905724
126	53	1.2383
126	88	1.16506
126	95	1.12524
126	105	1.14978
126	112	1.17146
126	115	1.18082
126	119	1.12985
126	120	0.696073
126	128	0.916549
126	129	1.18649
126	131	1.15883
126	138	1.21489
126	139	1.1503
126	141	0.731742
126	143	1.1715
126	146	1.18215
126	149	1.15359
126	150	1.18078
126	151	0.678338
126	155	1.20404
126	163	0.714241
126	168	0.761044
126	172	0.72019
126	173	0.725963
127	13	0.816818
127	48	1.1287
127	61	0.793596
127	64	1.15006
127	73	0.691677
127	84	1.07708
127	88	1.13289
127	93	1.20069
127	110	1.14362
127	115	1.14864
127	119	1.09767
127	130	1.15207
127	131	1.12665
127	132	1.13608
127	135	1.16648
127	138	1.18272
127	143	1.13933
127	144	1.13133
127	146	1.14998
127	148	1.14272
127	149	1.12142
127	151	0.761989
127	155	1.17187
127	160	0.803584
127	163	0.797893
127	164	0.778067
127	165	0.782371
127	170	0.672201
127	173	0.809615
127	176	0.806689
127	180	0.797568
128	14	1.26008
128	17	1.07846
128	18	1.09214
128	36	1.18812
128	53	0.730336
128	62	1.13796
128	65	1.13388
128	66	0.819229
128	73	0.693116
128	80	1.04917
128	85	1.05904
128	90	1.11867
128	96	1.0721
128	97	1.12571
128	101	1.14782
128	103	1.11314
128	104	0.816675
128	109	1.10298
128	117	0.82303
128	125	1.11189
128	126	0.916549
128	136	1.11408
128	137	0.800763
128	153	1.11157
128	154	1.13589
128	157	1.12521
128	160	0.805023
128	163	0.799331
128	165	1.12211
128	167	0.795709
128	169	0.79731
128	173	0.811053
129	1	1.20371
129	34	1.09407
129	42	1.18109
129	60	0.839429
129	83	0.93035
129	88	1.18468
129	95	1.14487
129	101	0.826379
129	105	1.1694
129	106	1.17014
129	112	1.19108
129	115	1.20044
129	116	1.12142
129	119	1.14947
129	124	0.721644
129	126	1.18649
129	131	1.17845
129	137	0.714352
129	138	1.23451
129	143	1.19113
129	146	1.20177
129	149	1.17321
129	150	1.2004
129	155	1.22367
129	159	0.737721
129	165	0.697398
129	167	0.709298
129	169	0.710899
129	175	0.719516
129	176	0.721716
129	177	0.580678
129	178	0.702717
130	15	1.15881
130	53	0.68778
130	64	1.19962
130	66	0.776674
130	76	1.11825
130	84	1.12664
130	89	1.18856
130	91	1.17223
130	98	1.21191
130	100	0.732744
130	110	1.19317
130	111	1.18648
130	120	0.738608
130	127	1.15207
130	132	1.18564
130	133	1.17442
130	135	1.21604
130	142	1.2214
130	144	1.18089
130	145	1.16271
130	148	1.19228
130	151	0.720873
130	157	1.19642
130	158	0.780986
130	161	0.740273
130	166	0.751847
130	168	1.16245
130	171	0.773543
130	175	0.763371
130	177	0.624533
130	179	0.764268
130	180	0.756451
131	1	1.17605
131	29	0.750801
131	39	1.15444
131	46	1.15137
131	66	0.779886
131	90	0.880035
131	95	1.11721
131	105	1.14174
131	106	1.14249
131	112	1.16342
131	115	1.17278
131	116	1.09376
131	119	1.12181
131	124	0.768712
131	126	1.15883
131	127	1.12665
131	129	1.17845
131	138	1.20685
131	139	1.14226
131	142	0.741013
131	143	1.16347
131	146	1.17411
131	149	1.14555
131	150	1.17274
131	152	0.789393
131	155	1.19601
131	161	0.743485
131	163	0.759989
131	167	0.756366
131	170	0.634297
131	173	0.771711
131	176	0.768784
131	179	0.767481
132	15	1.14282
132	30	1.14503
132	50	1.04186
132	76	1.10226
132	84	1.11065
132	89	1.17256
132	91	1.15624
132	93	1.23425
132	110	1.17718
132	111	1.17048
132	117	0.770214
132	120	0.728347
132	124	0.755239
132	127	1.13608
132	130	1.18564
132	133	1.15843
132	135	1.20005
132	139	1.15169
132	144	1.1649
132	145	1.14672
132	148	1.17629
132	149	0.903164
132	156	0.767542
132	157	1.18042
132	159	0.771316
132	160	0.752207
132	163	0.746515
132	165	0.730993
132	166	0.741586
132	168	1.14646
132	169	0.744494
132	175	0.75311
132	180	0.74619
133	15	1.1316
133	30	1.13382
133	45	0.876199
133	48	1.15105
133	66	0.759371
133	67	0.750068
133	76	1.09104
133	84	1.09943
133	91	1.14502
133	93	1.22304
133	98	1.1847
133	110	1.16596
133	111	1.15927
133	122	0.820477
133	125	0.886349
133	130	1.17442
133	132	1.15843
133	135	1.18883
133	139	1.14047
133	142	1.1942
133	144	1.15368
133	145	1.1355
133	148	1.16507
133	157	1.16921
133	161	0.722969
133	168	1.13524
133	169	0.737452
133	170	0.613781
133	172	0.745422
133	173	0.751195
133	174	0.761981
133	175	0.746068
133	180	0.739148
134	39	0.720468
134	58	0.741975
134	64	0.715444
134	91	0.762538
134	95	0.796294
134	96	0.824623
134	139	0.787005
134	140	0.707458
134	143	0.779956
134	144	0.778868
134	149	0.777069
134	151	1.1832
134	152	1.13178
134	153	0.741255
134	157	0.757964
134	158	1.14853
134	159	1.12867
134	161	1.16984
134	162	1.14982
134	163	1.1417
134	164	1.1618
134	166	1.13664
134	167	1.1428
134	169	1.15399
134	171	1.14494
134	173	1.13368
134	174	1.13178
134	175	1.15672
134	176	1.12903
134	177	1.32001
134	178	1.15394
134	179	1.13099
134	180	1.15014
135	30	1.17543
135	48	1.19266
135	50	1.07226
135	68	0.753965
135	76	1.13266
135	84	1.14105
135	89	1.20297
135	91	1.18664
135	93	1.26465
135	98	1.22632
135	101	0.832636
135	110	1.20758
135	111	1.20088
135	127	1.16648
135	130	1.21604
135	132	1.20005
135	133	1.18883
135	142	1.23581
135	144	1.1953
135	148	1.20669
135	157	1.21083
135	161	0.702675
135	162	0.705388
135	163	0.719178
135	164	0.699353
135	166	0.714249
135	168	1.17686
135	169	0.717157
135	172	0.725127
135	173	0.7309
135	174	0.741686
135	176	0.727974
135	179	0.72667
135	180	0.718853
136	4	1.03355
136	14	1.31495
136	17	1.13333
136	18	1.147
136	26	0.754529
136	30	0.91246
136	36	1.24298
136	42	0.883094
136	62	1.19283
136	65	1.18874
136	80	1.10403
136	85	1.11391
136	86	0.804966
136	90	1.17354
136	96	1.12697
136	101	1.20268
136	103	1.168
136	109	1.15785
136	120	0.716617
136	121	1.20457
136	125	1.16675
136	128	1.11408
136	152	0.76419
136	153	1.16643
136	154	1.19075
136	156	0.755812
136	157	1.18007
136	165	1.17697
136	170	0.609094
136	172	0.740734
136	174	0.757293
136	176	0.743581
136	177	0.602542
136	178	0.724582
136	179	0.742278
137	1	0.745158
137	16	1.14311
137	26	0.618199
137	37	1.0518
137	38	1.16475
