1	5	1.15349
1	7	1.30722
1	16	1.14728
1	31	1.24643
1	35	1.1139
1	81	0.678386
1	145	1.15935
1	159	1.24398
1	162	1.26719
1	165	0.628843
1	166	0.821493
1	180	0.731109
2	21	1.25383
2	45	1.15209
2	64	1.12596
2	76	0.762425
2	78	1.17125
2	84	1.23912
2	89	1.20093
2	90	1.3071
2	94	1.20103
2	166	0.749854
2	171	0.737706
2	174	0.639308
3	20	1.27792
3	33	1.22227
3	49	1.18028
3	63	1.27167
3	65	1.14865
3	77	1.18417
3	96	0.787548
3	140	0.778168
3	148	1.24606
3	154	0.732718
3	162	0.578381
3	167	1.11216
4	27	0.504187
4	38	0.376447
4	55	0.591204
4	77	1.23254
4	93	0.561809
4	108	1.20281
4	146	1.2969
4	155	1.27035
4	167	1.16052
4	177	1.09725
4	178	1.14977
4	180	1.2072
5	1	1.15349
5	7	1.1492
5	16	0.989266
5	31	1.08842
5	35	0.955881
5	54	1.07477
5	101	0.887608
5	127	0.78774
5	145	1.00134
5	159	1.08596
5	162	1.10918
5	170	1.06028
6	18	1.15452
6	39	1.09325
6	55	1.0183
6	59	1.11667
6	80	1.02377
6	85	1.12377
6	93	0.993506
6	95	0.914715
6	96	1.02781
6	100	0.903001
6	109	0.920368
6	132	1.09325
7	1	1.30722
7	5	1.1492
7	16	1.143
7	31	1.24215
7	35	1.10961
7	76	0.784188
7	106	0.625596
7	145	1.15507
7	159	1.23969
7	162	1.26291
7	174	0.661071
7	176	0.815275
8	15	1.23972
8	32	1.25846
8	40	1.19046
8	86	1.24478
8	116	1.17912
8	122	1.20816
8	123	1.21368
8	145	0.761143
8	164	0.713467
8	167	1.08975
8	174	0.683124
8	180	0.703285
9	13	1.12213
9	24	1.26339
9	27	1.22062
9	43	1.1966
9	81	0.683974
9	87	1.27858
9	97	1.21773
9	101	0.708976
9	134	1.18316
9	165	0.634432
9	166	0.827082
9	172	1.14838
10	13	1.09794
10	24	1.2392
10	27	1.19643
10	30	1.22145
10	44	1.31661
10	87	1.25439
10	97	1.19354
10	158	0.581149
10	170	0.683466
10	171	0.61675
10	172	1.12418
10	177	0.995341
11	15	1.23849
11	57	1.13512
11	86	1.24355
11	95	0.671383
11	98	1.18045
11	116	1.17789
11	122	1.20693
11	123	1.21245
11	152	0.665028
11	162	1.22697
11	165	0.642675
11	176	0.878983
12	62	1.1585
12	102	1.22052
12	106	0.686651
12	114	1.2177
12	130	1.20534
12	141	1.20608
12	142	1.18246
12	146	1.24538
12	154	1.16306
12	160	0.835645
12	163	0.713667
12	165	0.640021
13	9	1.12213
13	10	1.09794
13	27	1.02009
13	30	1.04511
13	44	1.14027
13	53	1.13989
13	87	1.07805
13	97	1.0172
13	150	0.892711
13	172	0.947846
13	174	0.881601
13	175	0.979692
14	62	1.03263
14	91	1.02536
14	102	1.09465
14	114	1.09183
14	117	0.790741
14	125	1.0484
14	128	0.878028
14	130	1.07947
14	146	1.11951
14	154	1.03719
14	155	1.09296
14	178	1.09645
15	8	1.23972
15	11	1.23849
15	40	1.19668
15	52	1.15657
15	98	1.18789
15	122	1.21437
15	129	0.547751
15	136	0.858218
15	141	1.19303
15	156	0.703803
15	159	1.2112
15	174	0.760064
16	1	1.14728
16	5	0.989266
16	7	1.143
16	31	1.08221
16	35	0.949673
16	115	1.11429
16	145	0.995132
16	157	0.77498
16	159	1.07975
16	162	1.10297
16	172	1.00932
16	175	0.967567
17	56	1.1334
17	66	1.08616
17	70	1.08857
17	72	1.10763
17	99	1.06935
17	110	1.01782
17	112	1.01895
17	120	1.05594
17	121	1.03502
17	162	0.850424
17	165	0.898034
17	180	1.0003
18	6	1.15452
18	55	1.18063
18	59	1.279
18	80	1.18609
18	85	1.2861
18	93	1.15583
18	96	1.19013
18	127	0.593806
18	134	1.18025
18	139	0.832566
18	152	0.641482
18	175	0.799325
19	34	0.703189
19	61	0.393619
19	85	1.28917
19	87	0.333004
19	91	0.53711
19	93	1.15891
19	138	1.24995
19	159	1.24973
19	162	1.27294
19	177	1.07122
19	178	1.12374
19	180	1.18118
20	3	1.27792
20	33	1.22186
20	49	1.17987
20	63	1.27126
20	65	1.14824
20	77	1.18376
20	148	1.24565
20	149	0.558945
20	163	0.643005
20	167	1.11175
20	170	0.816577
20	173	0.854923
21	2	1.25383
21	28	1.22157
21	48	1.1773
21	64	1.14527
21	68	1.22783
21	78	1.19056
21	89	1.22024
21	94	1.22034
21	139	0.777585
21	153	0.615452
21	163	0.637793
21	178	0.853121
22	37	1.18602
22	42	1.18858
22	47	1.15994
22	51	1.30825
22	71	1.10368
22	73	1.20356
22	79	1.29267
22	105	0.635976
22	109	0.699054
22	135	0.719363
22	155	1.2058
22	158	0.809593
23	28	0.435936
23	36	0.457757
23	55	0.650437
23	120	0.436425
23	156	1.29619
23	163	1.28508
23	175	1.19817
23	176	1.183
23	177	1.11897
23	178	1.17148
23	179	1.12211
23	180	1.22892
24	9	1.26339
24	10	1.2392
24	30	1.18637
24	53	1.28115
24	81	0.646749
24	87	1.21931
24	96	1.13377
24	97	1.15846
24	101	0.671751
24	167	0.841955
24	172	1.08911
24	180	0.699472
25	72	1.10997
25	74	1.09998
25	82	1.02722
25	99	1.0717
25	103	0.709844
25	112	1.0213
25	120	1.05828
25	121	1.03736
25	138	1.08073
25	151	0.710596
25	157	1.08844
25	179	1.31024
26	52	0.641907
26	73	0.441756
26	78	0.582273
26	109	1.23854
26	138	0.503791
26	171	1.18932
26	173	1.14425
26	174	1.21841
26	176	1.14141
26	177	1.07738
26	178	1.12989
26	179	1.08052
26	180	1.18733
27	4	0.504187
27	9	1.22062
27	10	1.19643
27	13	1.02009
27	30	1.1436
27	44	1.23876
27	53	1.23838
27	87	1.17654
27	97	1.11569
27	103	0.748158
27	151	0.74891
27	154	0.929317
27	172	1.04634
28	21	1.22157
28	23	0.435936
28	45	1.11983
28	48	1.12572
28	68	1.17625
28	78	1.13899
28	84	1.20686
28	89	1.16867
28	94	1.16877
28	152	0.717458
28	154	1.11204
28	169	0.817646
28	178	0.984078
29	46	0.866251
29	50	1.12135
29	56	1.22823
29	82	1.1197
29	99	1.16418
29	106	0.65059
29	107	1.18345
29	110	1.11265
29	120	1.15076
29	121	1.12984
29	128	0.674515
29	157	1.18092
29	173	0.889525
30	10	1.22145
30	13	1.04511
30	24	1.18637
30	27	1.1436
30	53	1.2634
30	87	1.20156
30	97	1.14071
30	124	0.732417
30	134	1.10614
30	158	0.851596
30	162	0.659085
30	169	0.829235
30	172	1.07135
31	1	1.24643
31	5	1.08842
31	7	1.24215
31	16	1.08221
31	35	1.04882
31	95	0.576444
31	115	1.21344
31	145	1.09428
31	159	1.17891
31	161	0.646042
31	162	1.20212
31	172	0.769688
31	179	1.0737
32	8	1.25846
32	40	1.21541
32	46	0.881449
32	92	1.22501
32	97	1.1981
32	116	1.20407
32	119	1.18631
32	124	0.644882
32	142	1.18815
32	144	0.730547
32	149	0.608745
32	172	1.12875
33	3	1.22227
33	20	1.22186
33	49	1.12422
33	63	1.21562
33	65	1.09259
33	77	1.12811
33	132	1.18026
33	144	0.79484
33	147	0.664393
33	148	1.19
33	165	0.683453
33	167	1.0561
33	176	0.919761
34	19	0.703189
34	38	1.26403
34	60	1.25499
34	61	1.13292
34	67	1.21172
34	69	1.21091
34	118	0.90564
34	153	0.588005
34	155	1.21582
34	156	0.562545
34	157	1.22916
34	172	1.12005
35	1	1.1139
35	5	0.955881
35	7	1.10961
35	16	0.949673
35	31	1.04882
35	54	1.03517
35	115	1.08091
35	145	0.961747
35	151	0.859813
35	152	0.955845
35	159	1.04637
35	162	1.06959
35	166	1.12614
36	23	0.457757
36	88	1.21456
36	92	1.14909
36	113	1.14214
36	125	1.10404
36	126	1.26201
36	130	1.13511
36	137	1.09711
36	148	1.17268
36	155	1.1486
36	157	0.704536
36	170	0.964144
36	180	0.819192
37	22	1.18602
37	41	1.13997
37	42	1.12864
37	51	1.24832
37	71	1.04374
37	73	1.14362
37	79	1.23273
37	132	1.16019
37	155	1.14586
37	160	0.748012
37	167	0.797137
37	170	0.799606
37	175	0.732584
38	4	0.376447
38	34	1.26403
38	60	1.25302
38	61	1.13095
38	67	1.20975
38	69	1.20894
38	105	0.666132
38	155	1.21385
38	157	1.22719
38	172	1.11808
38	174	0.776953
38	176	0.931157
39	6	1.09325
39	55	1.11935
39	59	1.21772
39	80	1.12482
39	85	1.22482
39	93	1.09455
39	128	1.16576
39	132	1.1943
39	138	1.18559
39	143	0.566704
39	171	0.743389
39	174	0.644991
39	177	1.12198
40	8	1.19046
40	15	1.19668
40	32	1.21541
40	52	1.10731
40	86	1.20173
40	116	1.13608
40	122	1.16511
40	123	1.17063
40	158	0.77594
40	167	1.0467
40	169	0.75358
40	175	0.811235
40	180	0.733305
41	37	1.13997
41	47	1.1139
41	51	1.26221
41	71	1.05763
41	73	1.15752
41	79	1.24663
41	83	1.11569
41	96	0.78804
41	104	0.777979
41	132	1.17409
41	155	1.15975
41	168	0.651086
41	172	0.848435
42	22	1.18858
42	37	1.12864
42	51	1.25088
42	71	1.0463
42	73	1.14619
42	79	1.2353
42	83	1.10435
42	96	0.876424
42	106	0.761496
42	117	0.698133
42	132	1.16275
42	155	1.14842
42	168	0.739469
43	9	1.1966
43	79	1.20496
43	97	1.09167
43	103	0.719156
43	114	1.11695
43	129	0.663378
43	132	1.13242
43	134	1.0571
43	142	1.08171
43	146	1.14463
43	159	1.12349
43	172	1.02231
43	175	0.973783
43	180	0.895853
44	10	1.31661
44	13	1.14027
44	27	1.23876
44	53	1.35856
44	87	1.29672
44	96	1.21118
44	97	1.23587
44	134	1.2013
44	158	0.652821
44	166	0.700569
44	169	0.63046
44	172	1.16651
44	173	0.793483
44	180	0.610185
45	2	1.15209
45	28	1.11983
45	64	1.04354
45	68	1.1261
45	78	1.08883
45	84	1.1567
45	89	1.11851
45	90	1.22469
45	94	1.11861
45	127	0.708961
45	145	0.894408
45	149	0.72387
45	154	1.06188
45	166	0.926934
46	29	0.866251
46	32	0.881449
46	80	0.927219
46	145	1.02675
46	160	1.02975
46	165	1.10674
46	171	1.04482
46	174	1.07391
46	175	1.01207
46	176	0.996909
46	177	0.932871
46	178	0.985387
46	179	0.936017
46	180	1.04282
47	22	1.15994
47	41	1.1139
47	51	1.22224
47	71	1.01766
47	73	1.11755
47	76	0.848891
47	79	1.20666
47	83	1.07572
47	111	1.10889
47	134	1.05879
47	154	0.750398
47	155	1.11978
47	164	0.756118
47	173	0.929234
48	21	1.1773
48	28	1.12572
48	64	1.04943
48	68	1.13198
48	78	1.09472
48	84	1.16259
48	89	1.1244
48	94	1.1245
48	148	1.14762
48	154	1.06777
48	167	0.892715
48	168	0.672569
48	175	0.828162
48	176	0.884275
49	3	1.18028
49	20	1.17987
49	33	1.12422
49	63	1.17362
49	65	1.0506
49	77	1.08612
49	81	1.12488
49	129	0.644482
49	132	1.13827
49	148	1.14801
49	157	0.7623
49	167	1.01411
49	168	0.799293
49	173	1.06025
50	29	1.12135
50	56	1.18005
50	66	1.1328
50	72	1.15427
50	99	1.11599
50	107	1.13526
50	109	0.694534
50	110	1.06447
50	120	1.10258
50	121	1.08166
50	141	1.10665
50	156	0.686017
50	165	0.660173
50	177	1.21927
51	22	1.30825
51	37	1.24832
51	41	1.26221
51	42	1.25088
51	47	1.22224
51	71	1.16598
51	73	1.26586
51	111	1.2572
51	134	1.20711
51	151	0.506124
51	158	0.724704
51	161	0.678108
51	166	0.772452
51	169	0.702344
52	15	1.15657
52	26	0.641907
52	40	1.10731
52	54	1.11063
52	57	1.0532
52	86	1.16162
52	116	1.09597
52	122	1.125
52	123	1.13053
52	145	0.969375
52	147	0.790192
52	151	0.735573
52	159	1.12183
52	162	1.14504
53	13	1.13989
53	24	1.28115
53	27	1.23838
53	30	1.2634
53	44	1.35856
53	87	1.29634
53	97	1.23549
53	131	0.656232
53	134	1.20092
53	145	0.771494
53	154	0.718098
53	156	0.637214
53	157	0.598979
53	172	1.16614
54	5	1.07477
54	35	1.03517
54	52	1.11063
54	63	0.656752
54	98	1.14195
54	102	0.74301
54	122	1.16843
54	126	0.554849
54	146	0.566163
54	159	1.16525
54	162	1.18847
54	176	1.05079
54	177	0.986749
54	179	0.989895
54	180	1.0967
55	4	0.591204
55	6	1.0183
55	18	1.18063
55	23	0.650437
55	39	1.11935
55	59	1.14278
55	80	1.04987
55	85	1.14988
55	93	1.01961
55	96	1.05391
55	128	1.09082
55	132	1.11936
55	134	1.04404
55	145	1.06973
55	165	0.909606
56	17	1.1334
56	29	1.22823
56	50	1.18005
56	66	1.23968
56	99	1.22287
56	107	1.24214
56	110	1.17134
56	112	1.17247
56	118	0.941202
56	120	1.20946
56	121	1.18854
56	154	0.678992
56	162	0.524654
56	168	0.596866
56	178	0.861237
57	11	1.13512
57	52	1.0532
57	98	1.08452
57	116	1.08197
57	122	1.111
57	123	1.11652
57	124	0.787352
57	128	1.08821
57	141	1.08966
57	159	1.10782
57	162	1.13104
57	164	0.874078
57	167	0.99259
57	175	0.941826
57	180	0.863896
58	75	1.13058
58	101	0.802336
58	102	1.1043
58	108	1.03508
58	113	1.09615
58	114	1.10148
58	125	1.05805
58	126	1.21602
58	130	1.08912
58	137	1.05112
58	141	1.08986
58	142	1.06624
58	162	0.680182
58	167	0.97254
58	178	1.01676
59	6	1.11667
59	18	1.279
59	39	1.21772
59	55	1.14278
59	80	1.14824
59	85	1.24825
59	90	1.31042
59	93	1.11798
59	111	0.617546
59	132	1.21773
59	138	1.20902
59	158	0.697269
59	172	0.77432
59	173	0.837932
59	180	0.654634
60	34	1.25499
60	38	1.25302
60	61	1.1219
60	67	1.20071
60	69	1.1999
60	115	1.24475
60	124	0.707319
60	138	1.21043
60	151	0.607918
60	152	0.703949
60	155	1.20481
60	157	1.21815
60	163	0.755242
60	169	0.804137
60	172	1.10903
61	19	0.393619
61	34	1.13292
61	38	1.13095
61	60	1.1219
61	67	1.07863
61	69	1.07783
61	103	0.664256
61	111	1.07184
61	115	1.12268
61	138	1.08836
61	155	1.08273
61	157	1.09607
61	167	0.983435
61	172	0.986961
61	177	1.29778
62	12	1.1585
62	14	1.03263
62	75	1.13327
62	91	1.0377
62	102	1.10698
62	108	1.03776
62	126	1.21871
62	137	1.05381
62	142	1.06893
62	146	1.13185
62	154	1.04953
62	163	0.676875
62	175	0.783425
62	178	0.892202
62	179	1.12919
63	3	1.27167
63	20	1.27126
63	33	1.21562
63	49	1.17362
63	54	0.656752
63	65	1.14199
63	77	1.17751
63	101	1.18297
63	132	1.22966
63	148	1.2394
63	149	0.598964
63	157	0.596987
63	164	0.721826
63	167	1.1055
63	173	0.894942
64	2	1.12596
64	21	1.14527
64	45	1.04354
64	48	1.04943
64	68	1.09996
64	76	1.0045
64	78	1.06269
64	84	1.13056
64	89	1.09237
64	94	1.09247
64	148	1.11559
64	154	1.03575
64	162	0.751665
64	164	0.911723
64	168	0.823877
65	3	1.14865
65	20	1.14824
65	33	1.09259
65	49	1.0506
65	63	1.14199
65	77	1.05449
65	81	1.09325
65	101	1.05994
65	117	0.746539
65	132	1.10664
65	148	1.11638
65	152	0.785625
65	167	0.982477
65	171	0.943774
65	176	0.99958
66	17	1.08616
66	50	1.1328
66	56	1.23968
66	70	1.19485
66	74	1.20391
66	81	0.72367
66	107	1.1949
66	110	1.1241
66	112	1.12523
66	120	1.16221
66	121	1.14129
66	128	0.744681
66	133	0.749359
66	157	1.19237
66	158	0.819029
66	174	0.756232
67	34	1.21172
67	38	1.20975
67	60	1.20071
67	61	1.07863
67	69	1.15663
67	111	1.15065
67	115	1.20148
67	128	0.785465
67	138	1.16716
67	155	1.16154
67	157	1.17488
67	161	0.813217
67	162	0.667302
67	168	0.739514
67	172	1.06576
67	174	0.797016
68	21	1.22783
68	28	1.17625
68	45	1.1261
68	48	1.13198
68	64	1.09996
68	78	1.14525
68	84	1.21312
68	89	1.17493
68	94	1.17503
68	128	0.746646
68	140	0.82827
68	148	1.19815
68	154	1.1183
68	162	0.628483
68	163	0.749738
68	175	0.856288
69	34	1.21091
69	38	1.20894
69	60	1.1999
69	61	1.07783
69	67	1.15663
69	111	1.14984
69	115	1.20068
69	128	0.576365
69	138	1.16636
69	140	0.657989
69	155	1.16073
69	157	1.17407
69	172	1.06496
69	176	0.742119
69	178	0.794785
69	179	1.03177
70	17	1.08857
70	66	1.19485
70	74	1.20632
70	82	1.13356
70	105	0.595043
70	107	1.19731
70	110	1.12651
70	112	1.12764
70	120	1.16463
70	138	1.18708
70	141	1.16869
70	144	0.735148
70	157	1.19479
70	169	0.746301
70	171	0.804262
70	178	0.912733
71	22	1.10368
71	37	1.04374
71	41	1.05763
71	42	1.0463
71	47	1.01766
71	51	1.16598
71	73	1.06129
71	79	1.15039
71	83	1.01945
71	111	1.05263
71	134	1.00253
71	147	0.79908
71	155	1.06352
71	157	0.805749
71	160	1.01376
71	176	1.05445
72	17	1.10763
72	25	1.10997
72	50	1.15427
72	82	1.15262
72	99	1.1971
72	107	1.21637
72	110	1.14557
72	112	1.1467
72	120	1.18368
72	121	1.16276
72	127	0.675403
72	129	0.570518
72	138	1.20613
72	164	0.813174
72	174	0.78283
72	176	0.937034
73	22	1.20356
73	26	0.441756
73	37	1.14362
73	41	1.15752
73	42	1.14619
73	47	1.11755
73	51	1.26586
73	71	1.06129
73	79	1.25028
73	104	0.760596
73	124	0.634823
73	132	1.17774
73	133	0.684332
73	134	1.10241
73	155	1.1634
73	179	1.13506
74	25	1.09998
74	66	1.20391
74	70	1.20632
74	82	1.14262
74	83	1.14644
74	99	1.1871
74	107	1.20637
74	109	0.665304
74	110	1.13557
74	112	1.1367
74	121	1.15277
74	141	1.17775
74	152	0.653296
74	154	0.737671
74	171	0.811445
74	173	0.916506
75	58	1.13058
75	62	1.13327
75	102	1.19529
75	113	1.18714
75	117	0.692474
75	119	1.15539
75	130	1.18011
75	135	0.763878
75	137	1.14211
75	141	1.18085
75	142	1.15723
75	145	1.11439
75	146	1.22015
75	162	0.661597
75	168	0.73381
75	176	0.945515
76	2	0.762425
76	7	0.784188
76	47	0.848891
76	64	1.0045
76	153	1.11865
76	158	1.08201
76	163	1.11747
76	169	1.07953
76	171	1.0633
76	173	1.01823
76	174	1.09239
76	175	1.03056
76	176	1.01539
76	177	0.951357
76	178	1.00387
76	179	0.954503
76	180	1.06131
77	3	1.18417
77	4	1.23254
77	20	1.18376
77	33	1.12811
77	49	1.08612
77	63	1.17751
77	65	1.05449
77	81	1.12877
77	101	1.09546
77	132	1.14216
77	145	0.727987
77	147	0.548804
77	148	1.1519
77	160	0.763487
77	167	1.018
77	170	0.815081
77	177	1.12696
78	2	1.17125
78	21	1.19056
78	26	0.582273
78	28	1.13899
78	45	1.08883
78	48	1.09472
78	64	1.06269
78	68	1.14525
78	84	1.17586
78	89	1.13766
78	94	1.13777
78	129	0.619409
78	148	1.16089
78	153	0.800921
78	154	1.08104
78	158	0.894518
78	172	0.971569
79	22	1.29267
79	37	1.23273
79	41	1.24663
79	42	1.2353
79	43	1.20496
79	47	1.20666
79	71	1.15039
79	73	1.25028
79	96	0.728879
79	106	0.613951
79	111	1.24162
79	132	1.26685
79	140	0.7195
79	155	1.25251
79	162	0.519712
79	171	0.747824
79	172	0.789274
80	6	1.02377
80	18	1.18609
80	39	1.12482
80	46	0.927219
80	55	1.04987
80	59	1.14824
80	85	1.15534
80	90	1.21751
80	93	1.02508
80	96	1.05938
80	128	1.09628
80	132	1.12482
80	134	1.0495
80	138	1.11611
80	162	0.61732
80	169	0.78747
80	175	0.845125
80	176	0.901238
81	1	0.678386
81	9	0.683974
81	24	0.646749
81	49	1.12488
81	65	1.09325
81	66	0.72367
81	77	1.12877
81	82	0.750647
81	86	1.21179
81	98	1.14869
81	122	1.17517
81	123	1.18069
81	145	1.08737
81	167	1.05676
81	176	1.05753
81	178	1.046
81	179	0.996635
81	180	1.10344
82	25	1.02722
82	29	1.1197
82	70	1.13356
82	72	1.15262
82	74	1.14262
82	81	0.750647
82	99	1.11434
82	107	1.13361
82	110	1.06282
82	112	1.06394
82	120	1.10093
82	121	1.08001
82	133	0.776336
82	135	0.755775
82	141	1.10499
82	157	1.13109
82	161	0.79941
82	173	0.986668
83	41	1.11569
83	42	1.10435
83	47	1.07572
83	71	1.01945
83	74	1.14644
83	86	1.16678
83	98	1.10367
83	99	1.11816
83	100	0.718924
83	110	1.06664
83	120	1.10475
83	121	1.08383
83	123	1.13568
83	162	1.15019
83	165	0.701929
83	168	0.726532
83	179	1.22789
83	180	0.804195
84	2	1.23912
84	28	1.20686
84	45	1.1567
84	48	1.16259
84	64	1.13056
84	68	1.21312
84	78	1.17586
84	89	1.20554
84	90	1.31171
84	94	1.20564
84	136	0.746658
84	139	0.779836
84	143	0.570216
84	148	1.22876
84	154	1.14891
84	161	0.664705
84	167	0.811148
84	171	0.746901
85	6	1.12377
85	18	1.2861
85	19	1.28917
85	39	1.22482
85	55	1.14988
85	59	1.24825
85	80	1.15534
85	93	1.12508
85	128	1.19628
85	129	0.559704
85	132	1.22482
85	133	0.765144
85	134	1.1495
85	138	1.21612
85	150	0.783128
85	151	0.616234
85	174	0.772017
85	180	0.792178
86	8	1.24478
86	11	1.24355
86	40	1.20173
86	52	1.16162
86	81	1.21179
86	83	1.16678
86	97	0.396281
86	98	1.19295
86	111	0.60244
86	116	1.19039
86	122	1.21943
86	123	1.22495
86	157	0.524872
86	162	1.23947
86	164	0.649711
86	167	1.10102
86	173	0.822827
86	177	1.09636
87	9	1.27858
87	10	1.25439
87	13	1.07805
87	19	0.333004
87	24	1.21931
87	27	1.17654
87	30	1.20156
87	44	1.29672
87	53	1.29634
87	96	1.14896
87	97	1.17365
87	117	0.661338
87	131	0.722933
87	134	1.13908
87	150	0.771287
87	161	0.776377
87	170	0.92529
87	172	1.10429
88	36	1.21456
88	91	1.164
88	92	1.23209
88	108	1.16406
88	113	1.22514
88	114	1.23046
88	125	1.18703
88	131	0.641584
88	137	1.1801
88	141	1.21884
88	142	1.19522
88	145	1.15238
88	146	1.25814
88	149	0.586309
88	167	0.841472
88	169	0.719264
88	170	0.843941
88	174	0.678827
89	2	1.20093
89	21	1.22024
89	28	1.16867
89	45	1.11851
89	48	1.1244
89	64	1.09237
89	68	1.17493
89	78	1.13766
89	84	1.20554
89	90	1.27352
89	94	1.16744
89	143	0.638727
89	144	0.746298
89	148	1.19057
89	154	1.11072
89	157	0.62252
89	167	0.879659
89	169	0.757451
89	172	0.856862
90	2	1.3071
90	45	1.22469
90	59	1.31042
90	80	1.21751
90	84	1.31171
90	89	1.27352
90	93	1.18725
90	94	1.27362
90	116	1.25222
90	122	1.28125
90	123	1.28677
90	124	0.6273
90	133	0.676809
90	145	0.761701
90	147	0.582518
90	153	0.652881
90	159	1.27807
90	161	0.699883
90	165	0.601577
91	14	1.02536
91	19	0.53711
91	62	1.0377
91	88	1.164
91	92	1.09853
91	103	0.807747
91	108	1.0305
91	114	1.0969
91	119	1.05983
91	125	1.05348
91	126	1.21144
91	129	0.751969
91	130	1.08454
91	137	1.04655
91	142	1.06166
91	146	1.12459
91	148	1.12211
91	173	1.16774
91	180	0.984443
92	32	1.22501
92	36	1.14909
92	88	1.23209
92	91	1.09853
92	102	1.16781
92	114	1.16499
92	119	1.12792
92	126	1.27953
92	130	1.15263
92	133	0.664139
92	137	1.11464
92	142	1.12976
92	146	1.19268
92	152	0.61126
92	159	1.17154
92	165	0.588907
92	172	0.810859
92	174	0.671011
92	177	1.148
93	4	0.561809
93	6	0.993506
93	18	1.15583
93	19	1.15891
93	39	1.09455
93	55	1.01961
93	59	1.11798
93	80	1.02508
93	85	1.12508
93	90	1.18725
93	96	1.02911
93	128	1.06602
93	132	1.09456
93	134	1.01924
93	136	1.06047
93	138	1.08585
93	143	0.884028
93	147	0.861151
93	156	0.906054
94	2	1.20103
94	21	1.22034
94	28	1.16877
94	45	1.11861
94	48	1.1245
94	64	1.09247
94	68	1.17503
94	78	1.13777
94	84	1.20564
94	89	1.16744
94	90	1.27362
94	111	0.710116
94	148	1.19067
94	153	0.696243
94	154	1.11082
94	157	0.632548
94	166	0.837588
94	170	0.892157
94	174	0.727043
95	6	0.914715
95	11	0.671383
95	31	0.576444
95	106	1.16598
95	108	0.767206
95	147	1.16437
95	158	1.11167
95	159	0.630108
95	163	1.14713
95	164	1.13157
95	169	1.10919
95	173	1.04789
95	174	1.12205
95	175	1.06022
95	176	1.04506
95	177	0.981018
95	178	1.03353
95	179	0.984164
95	180	1.09097
96	3	0.787548
96	6	1.02781
96	18	1.19013
96	24	1.13377
96	41	0.78804
96	42	0.876424
96	44	1.21118
96	55	1.05391
96	79	0.728879
96	80	1.05938
96	87	1.14896
96	93	1.02911
96	97	1.08811
96	119	0.69907
96	172	1.01875
96	173	1.0083
96	174	1.08246
96	177	0.941427
96	179	0.944573
96	180	1.05138
97	9	1.21773
97	10	1.19354
97	13	1.0172
97	24	1.15846
97	27	1.11569
97	30	1.14071
97	32	1.1981
97	43	1.09167
97	44	1.23587
97	53	1.23549
97	86	0.396281
97	87	1.17365
97	96	1.08811
97	134	1.07823
97	165	0.714634
97	170	0.961852
97	172	1.04344
97	174	0.796739
97	175	0.89483
97	180	0.8169
98	11	1.18045
98	15	1.18789
98	54	1.14195
98	57	1.08452
98	81	1.14869
98	83	1.10367
98	86	1.19295
98	116	1.12729
98	122	1.15633
98	123	1.16185
98	141	1.13498
98	144	0.843189
98	149	0.721387
98	150	0.825016
98	157	0.719411
98	159	1.15315
98	162	1.17636
98	167	1.03791
98	168	0.756403
98	180	0.834067
99	17	1.06935
99	25	1.0717
99	29	1.16418
99	50	1.11599
99	56	1.22287
99	72	1.1971
99	74	1.1871
99	82	1.11434
99	83	1.11816
99	107	1.17809
99	112	1.10842
99	120	1.14541
99	121	1.12449
99	138	1.16786
99	149	0.632394
99	160	0.838431
99	171	0.82331
99	174	0.724912
99	175	0.823004
99	176	0.879116
100	6	0.903001
100	83	0.718924
100	113	0.5656
100	124	1.18762
100	141	0.604581
100	155	0.646284
100	158	1.11269
100	160	1.07892
100	163	1.14815
100	169	1.11022
100	170	1.06263
100	171	1.09399
100	173	1.04891
100	174	1.12308
100	175	1.06124
100	176	1.04608
100	178	1.03456
100	179	0.985187
100	180	1.09199
101	5	0.887608
101	9	0.708976
101	24	0.671751
101	58	0.802336
101	63	1.18297
101	65	1.05994
101	77	1.09546
101	107	1.14914
101	110	1.07834
101	112	1.07947
101	118	1.0435
101	121	1.09553
101	137	0.808631
101	157	1.14661
101	167	1.02345
101	176	1.02422
101	177	0.960177
101	178	1.01269
101	179	0.963323
101	180	1.07013
102	12	1.22052
102	14	1.09465
102	54	0.74301
102	58	1.1043
102	62	1.10698
102	75	1.19529
102	92	1.16781
102	108	1.09978
102	113	1.16086
102	117	0.678903
102	119	1.12911
102	135	0.750307
102	137	1.11583
102	142	1.13095
102	144	0.807023
102	146	1.19387
102	147	0.676576
102	154	1.11155
102	155	1.16732
102	176	0.931944
103	25	0.709844
103	27	0.748158
103	43	0.719156
103	61	0.664256
103	91	0.807747
103	126	0.433045
103	147	1.20245
103	150	1.14738
103	152	1.18996
103	165	1.19296
103	166	1.11654
103	169	1.14726
103	171	1.13104
103	173	1.08596
103	174	1.16012
103	175	1.09829
103	176	1.08313
103	177	1.01909
103	178	1.0716
103	179	1.02223
103	180	1.12904
104	41	0.777979
104	73	0.760596
104	107	0.765013
104	120	0.84709
104	128	1.09897
104	148	0.700015
104	156	1.1173
104	161	1.08108
104	164	1.09063
104	165	1.11395
104	168	1.10132
104	169	1.06825
104	170	1.02066
104	171	1.05203
104	174	1.08111
104	175	1.01928
104	176	1.00412
104	177	0.940077
104	178	0.992593
104	179	0.943223
104	180	1.05003
105	22	0.635976
105	38	0.666132
105	70	0.595043
105	133	1.16984
105	134	0.711136
105	142	0.659344
105	151	1.2075
105	159	0.572684
105	161	1.14929
105	162	1.21001
105	164	1.15884
105	168	1.16953
105	169	1.13646
105	173	1.07516
105	174	1.14932
105	175	1.08749
105	176	1.07233
105	177	1.00829
105	178	1.0608
105	179	1.01143
105	180	1.11824
106	7	0.625596
106	12	0.686651
106	29	0.65059
106	42	0.761496
106	79	0.613951
106	95	1.16598
106	127	1.18203
106	130	0.744049
106	143	1.19767
106	149	1.21707
106	158	1.13505
106	168	1.16565
106	169	1.13258
106	170	1.08499
106	171	1.11635
106	174	1.14544
106	176	1.06844
106	177	1.0044
106	178	1.05692
106	179	1.00755
106	180	1.11435
107	29	1.18345
107	50	1.13526
107	56	1.24214
107	66	1.1949
107	70	1.19731
107	72	1.21637
107	74	1.20637
107	82	1.13361
107	99	1.17809
107	101	1.14914
107	104	0.765013
107	109	0.647879
107	110	1.12656
107	112	1.12769
107	120	1.16468
107	121	1.14375
107	138	1.18712
107	143	0.617335
107	152	0.635871
107	170	0.860736
107	176	0.849826
107	180	0.715783
108	4	1.20281
108	58	1.03508
108	62	1.03776
108	88	1.16406
108	91	1.0305
108	95	0.767206
108	102	1.09978
108	109	0.77286
108	113	1.09164
108	114	1.09696
108	115	1.13804
108	125	1.05354
108	126	1.2115
108	130	1.0846
108	137	1.04661
108	142	1.06173
108	146	1.12465
108	148	1.12218
108	149	0.728084
108	156	0.764342
108	162	0.690889
108	179	1.26446
109	6	0.920368
109	22	0.699054
109	26	1.23854
109	50	0.694534
109	74	0.665304
109	107	0.647879
109	108	0.77286
109	135	1.15402
109	152	1.15147
109	153	1.14789
109	156	1.15783
109	164	1.13116
109	165	1.15447
109	166	1.07805
109	170	1.06119
109	174	1.12164
109	175	1.0598
109	176	1.04464
109	177	0.980601
109	178	1.03312
109	179	0.983747
109	180	1.09055
110	17	1.01782
110	29	1.11265
110	50	1.06447
110	56	1.17134
110	66	1.1241
110	70	1.12651
110	72	1.14557
110	74	1.13557
110	82	1.06282
110	83	1.06664
110	101	1.07834
110	107	1.12656
110	112	1.0569
110	120	1.09388
110	121	1.07296
110	128	0.7943
110	154	0.830474
110	157	1.12404
110	158	0.868648
110	160	0.91937
110	174	0.805851
110	175	0.903942
111	47	1.10889
111	51	1.2572
111	59	0.617546
111	61	1.07184
111	67	1.15065
111	69	1.14984
111	71	1.05263
111	79	1.24162
111	86	0.60244
111	94	0.710116
111	123	0.642398
111	134	1.09376
111	137	0.799264
111	157	1.16809
111	159	0.666578
111	171	1.0936
111	172	1.05897
111	176	1.04569
111	177	0.981648
111	178	1.03416
111	179	0.984795
111	180	1.0916
112	17	1.01895
112	25	1.0213
112	56	1.17247
112	66	1.12523
112	70	1.12764
112	72	1.1467
112	74	1.1367
112	82	1.06394
112	99	1.10842
112	101	1.07947
112	107	1.12769
112	110	1.0569
112	120	1.09501
112	121	1.07409
112	141	1.09908
112	153	0.727855
112	154	0.783279
112	157	1.12517
112	161	0.774857
112	167	0.9213
112	168	0.701153
112	179	1.20251
113	36	1.14214
113	58	1.09615
113	75	1.18714
113	88	1.22514
113	100	0.5656
113	102	1.16086
113	108	1.09164
113	117	0.531872
113	118	0.917544
113	125	1.11462
113	126	1.27258
113	137	1.10769
113	139	0.762042
113	141	1.14642
113	142	1.1228
113	145	1.07996
113	146	1.18573
113	154	1.1034
113	155	1.15918
113	159	1.16458
113	164	0.661053
113	172	0.770557
113	177	1.1077
114	12	1.2177
114	14	1.09183
114	43	1.11695
114	58	1.10148
114	88	1.23046
114	91	1.0969
114	92	1.16499
114	108	1.09696
114	119	1.12629
114	125	1.11994
114	126	1.27791
114	130	1.15101
114	135	0.58795
114	136	0.713537
114	137	1.11301
114	142	1.12813
114	146	1.19105
114	159	1.16991
114	172	0.755231
114	173	0.818842
114	177	1.09237
114	178	0.822252
114	180	0.635544
115	16	1.11429
115	31	1.21344
115	35	1.08091
115	60	1.24475
115	61	1.12268
115	67	1.20148
115	69	1.20068
115	108	1.13804
115	119	1.16737
115	125	1.16102
115	136	0.743526
115	137	1.15409
115	146	1.23213
115	147	0.544208
115	156	0.589112
115	159	1.21099
115	162	1.23421
115	164	0.675715
115	171	0.74377
115	172	1.10981
115	178	0.852241
115	179	1.08923
116	8	1.17912
116	11	1.17789
116	32	1.20407
116	40	1.13608
116	52	1.09597
116	57	1.08197
116	86	1.19039
116	90	1.25222
116	98	1.12729
116	122	1.15377
116	123	1.15929
116	128	1.13098
116	135	0.738711
116	141	1.13243
116	145	0.844164
116	150	0.777255
116	157	0.67165
116	159	1.15059
116	162	1.17381
116	163	0.757686
116	167	1.03536
116	168	0.708643
116	176	0.920348
117	14	0.790741
117	42	0.698133
117	65	0.746539
117	75	0.692474
117	87	0.661338
117	102	0.678903
117	113	0.531872
117	149	1.22639
117	151	1.21293
117	158	1.14437
117	163	1.17983
117	164	1.16427
117	165	1.18759
117	168	1.17496
117	169	1.14189
117	171	1.12566
117	173	1.08059
117	174	1.15475
117	175	1.09292
117	176	1.07775
117	177	1.01372
117	178	1.06623
117	179	1.01686
117	180	1.12367
118	34	0.90564
118	56	0.941202
118	101	1.0435
118	113	0.917544
118	119	0.906451
118	139	1.02361
118	144	1.04712
118	146	0.887727
118	152	1.07363
118	156	1.07998
118	163	1.06887
118	165	1.07663
118	166	1.00021
118	169	1.03093
118	170	0.983345
118	171	1.01471
118	173	0.969632
118	174	1.04379
118	175	0.981962
118	176	0.966797
118	177	0.902759
118	178	0.955275
118	179	0.905905
118	180	1.01271
119	32	1.18631
119	75	1.15539
119	91	1.05983
119	92	1.12792
119	96	0.69907
119	102	1.12911
119	114	1.12629
119	115	1.16737
119	118	0.906451
119	125	1.08286
119	126	1.24083
119	130	1.11393
119	137	1.07593
119	140	0.68969
119	142	1.09105
119	145	1.04821
119	146	1.15397
119	148	1.1515
119	153	0.588816
119	155	1.12743
119	158	0.682414
119	159	1.13283
119	166	0.730162
119	177	1.09661
120	17	1.05594
120	23	0.436425
120	25	1.05828
120	29	1.15076
120	50	1.10258
120	56	1.20946
120	66	1.16221
120	70	1.16463
120	72	1.18368
120	82	1.10093
120	83	1.10475
120	99	1.14541
120	104	0.84709
120	107	1.16468
120	110	1.09388
120	112	1.09501
120	121	1.11107
120	138	1.15444
120	141	1.13606
120	143	0.699411
120	144	0.806982
120	150	0.788809
120	160	0.891217
120	172	0.917546
121	17	1.03502
121	25	1.03736
121	29	1.12984
121	50	1.08166
121	56	1.18854
121	66	1.14129
121	72	1.16276
121	74	1.15277
121	82	1.08001
121	83	1.08383
121	99	1.12449
121	101	1.09553
121	107	1.14375
121	110	1.07296
121	112	1.07409
121	120	1.11107
121	131	0.799324
121	138	1.13352
121	153	0.805767
121	154	0.861191
121	157	1.14123
121	162	0.706853
121	165	0.754463
121	178	1.04344
121	180	0.856728
122	8	1.20816
122	11	1.20693
122	15	1.21437
122	40	1.16511
122	52	1.125
122	54	1.16843
122	57	1.111
122	81	1.17517
122	86	1.21943
122	90	1.28125
122	98	1.15633
122	116	1.15377
122	123	1.18833
122	128	1.16002
122	129	0.464163
122	147	0.575312
122	159	1.17963
122	162	1.20285
122	167	1.0644
122	168	0.618974
122	170	0.84159
122	171	0.774874
122	172	0.816323
122	177	1.15347
122	180	0.696637
123	8	1.21368
123	11	1.21245
123	40	1.17063
123	52	1.13053
123	57	1.11652
123	81	1.18069
123	83	1.13568
123	86	1.22495
123	90	1.28677
123	98	1.16185
123	111	0.642398
123	116	1.15929
123	122	1.18833
123	128	1.16554
123	131	0.622082
123	136	0.75748
123	141	1.16699
123	156	0.603065
123	159	1.18515
123	160	0.772844
123	161	0.675527
123	162	1.20837
123	167	1.06992
123	174	0.659325
123	179	1.10318
124	30	0.732417
124	32	0.644882
124	57	0.787352
124	60	0.707319
124	73	0.634823
124	90	0.6273
124	100	1.18762
124	127	1.20264
124	146	0.544511
124	150	1.15331
124	160	1.1219
124	161	1.16602
124	163	1.19113
124	168	1.18626
124	169	1.15319
124	170	1.1056
124	173	1.09189
124	174	1.16605
124	175	1.10422
124	176	1.08905
124	177	1.02502
124	178	1.07753
124	179	1.02816
124	180	1.13497
125	14	1.0484
125	36	1.10404
125	58	1.05805
125	88	1.18703
125	91	1.05348
125	108	1.05354
125	113	1.11462
125	114	1.11994
125	115	1.16102
125	119	1.08286
125	126	1.23448
125	130	1.10758
125	137	1.06958
125	145	1.04186
125	146	1.14763
125	147	0.757766
125	148	1.14515
125	149	0.766411
125	153	0.82813
125	155	1.12108
125	156	0.80267
125	159	1.12648
125	161	0.875131
125	163	0.850472
125	171	0.957328
126	36	1.26201
126	54	0.554849
126	58	1.21602
126	62	1.21871
126	91	1.21144
126	92	1.27953
126	103	0.433045
126	108	1.2115
126	113	1.27258
126	114	1.27791
126	119	1.24083
126	125	1.23448
126	130	1.26555
126	137	1.22755
126	140	0.659653
126	142	1.24267
126	146	1.30559
126	150	0.60069
126	154	1.22327
126	159	1.28445
126	164	0.619923
126	169	0.630016
126	173	0.793039
126	176	0.743783
126	178	0.796448
127	5	0.78774
127	18	0.593806
127	45	0.708961
127	72	0.675403
127	106	1.18203
127	124	1.20264
127	130	0.672097
127	137	0.708764
127	140	1.15438
127	146	0.493466
127	153	1.16436
127	156	1.17429
127	165	1.17093
127	166	1.09451
127	168	1.15831
127	170	1.07765
127	171	1.10901
127	173	1.06394
127	174	1.1381
127	175	1.07627
127	176	1.0611
127	177	0.997065
127	178	1.04958
127	179	1.00021
127	180	1.10702
128	14	0.878028
128	29	0.674515
128	39	1.16576
128	55	1.09082
128	57	1.08821
128	66	0.744681
128	67	0.785465
128	68	0.746646
128	69	0.576365
128	80	1.09628
128	85	1.19628
128	93	1.06602
128	104	1.09897
128	110	0.7943
128	116	1.13098
128	122	1.16002
128	123	1.16554
128	134	1.09044
128	160	1.07521
128	162	1.18005
128	167	1.0416
128	170	1.05892
128	177	0.978331
128	178	1.03085
128	179	0.981477
128	180	1.08828
129	15	0.547751
129	43	0.663378
129	49	0.644482
129	72	0.570518
129	78	0.619409
129	85	0.559704
129	91	0.751969
129	122	0.464163
129	133	1.25983
129	136	1.20728
129	141	0.457378
129	153	1.26557
129	158	1.22893
129	161	1.23928
129	165	1.27214
129	166	1.19572
129	169	1.22645
129	170	1.17886
129	171	1.21022
129	173	1.16515
129	174	1.23931
129	175	1.17748
129	176	1.16231
129	177	1.09828
129	178	1.15079
129	179	1.10142
129	180	1.20823
130	12	1.20534
130	14	1.07947
130	36	1.13511
130	58	1.08912
130	75	1.18011
130	91	1.08454
130	92	1.15263
130	106	0.744049
130	108	1.0846
130	114	1.15101
130	119	1.11393
130	125	1.10758
130	126	1.26555
130	127	0.672097
130	141	1.13939
130	142	1.11577
130	145	1.07293
130	146	1.17869
130	151	0.623741
130	152	0.719773
130	154	1.09637
130	155	1.15214
130	158	0.842321
130	159	1.15755
130	169	0.819961
130	175	0.877615
130	180	0.799685
131	53	0.656232
131	87	0.722933
131	88	0.641584
131	121	0.799324
131	123	0.622082
131	139	1.12794
131	141	0.632448
131	143	1.20036
131	146	0.56365
131	148	0.593381
131	151	1.2063
131	152	1.17796
131	153	1.17438
131	158	1.13774
131	161	1.14809
131	163	1.1732
131	164	1.15764
131	166	1.10454
131	169	1.13526
131	170	1.08767
131	171	1.11904
131	173	1.07396
131	175	1.08629
131	176	1.07113
131	177	1.00709
131	178	1.0596
131	179	1.01023
131	180	1.11704
132	6	1.09325
132	33	1.18026
132	37	1.16019
132	39	1.1943
132	41	1.17409
132	42	1.16275
132	43	1.13242
132	49	1.13827
132	55	1.11936
132	59	1.21773
132	63	1.22966
132	65	1.10664
132	73	1.17774
132	77	1.14216
132	79	1.26685
132	80	1.12482
132	85	1.22482
132	93	1.09456
132	133	0.699817
132	135	0.679257
132	139	0.838023
132	144	0.735973
132	149	0.614171
132	150	0.717801
132	155	1.17997
132	160	0.820209
132	162	0.576976
132	167	1.07014
132	177	1.18368
133	66	0.749359
133	73	0.684332
133	82	0.776336
133	85	0.765144
133	90	0.676809
133	92	0.664139
133	105	1.16984
133	129	1.25983
133	132	0.699817
133	141	0.662818
133	150	1.10928
133	151	1.18021
133	153	1.14829
133	157	1.16743
133	160	1.07788
133	161	1.122
133	164	1.13155
133	165	1.15487
133	166	1.07845
133	168	1.14224
133	170	1.06158
133	173	1.04787
133	174	1.12203
133	175	1.0602
133	176	1.04503
133	177	0.980996
133	178	1.03351
133	179	0.984142
133	180	1.09095
134	9	1.18316
134	18	1.18025
134	30	1.10614
134	43	1.0571
134	44	1.2013
134	47	1.05879
134	51	1.20711
134	53	1.20092
134	55	1.04404
134	71	1.00253
134	73	1.10241
134	80	1.0495
134	85	1.1495
134	87	1.13908
134	93	1.01924
134	97	1.07823
134	105	0.711136
134	111	1.09376
134	128	1.09044
134	136	0.920111
134	138	1.11027
134	143	0.743669
134	151	0.666174
134	155	1.10465
134	165	0.739852
134	166	0.932502
134	167	0.984601
134	171	0.920354
134	172	1.00888
135	22	0.719363
135	75	0.763878
135	82	0.755775
135	102	0.750307
135	109	1.15402
135	114	0.58795
135	116	0.738711
135	132	0.679257
135	144	1.13722
135	149	1.20552
135	153	1.16014
135	155	0.68396
135	158	1.12351
135	160	1.08974
135	161	1.13386
135	165	1.16672
135	166	1.0903
135	168	1.1541
135	169	1.12103
135	170	1.07344
135	171	1.1048
135	173	1.05973
135	174	1.13389
135	175	1.07206
135	176	1.05689
135	177	0.992854
135	178	1.04537
135	179	0.996001
135	180	1.10281
136	15	0.858218
136	84	0.746658
136	93	1.06047
136	114	0.713537
136	115	0.743526
136	123	0.75748
136	129	1.20728
136	134	0.920111
136	144	1.07281
136	149	1.14112
136	152	1.09932
136	153	1.09574
136	156	1.10567
136	158	1.0591
136	161	1.06945
136	163	1.09456
136	164	1.079
136	165	1.10232
136	169	1.05662
136	170	1.00903
136	171	1.04039
136	173	0.995319
136	174	1.06948
136	175	1.00765
136	176	0.992484
136	177	0.928446
136	178	0.980962
136	179	0.931592
136	180	1.0384
137	36	1.09711
137	58	1.05112
137	62	1.05381
137	75	1.14211
137	88	1.1801
137	91	1.04655
137	92	1.11464
137	101	0.808631
137	102	1.11583
137	108	1.04661
137	111	0.799264
137	113	1.10769
137	114	1.11301
137	115	1.15409
137	119	1.07593
137	125	1.06958
137	126	1.22755
137	127	0.708764
137	142	1.07777
137	145	1.03493
137	146	1.14069
137	148	1.13822
137	154	1.05837
137	156	0.759931
137	159	1.11955
137	162	0.686477
137	168	0.758689
137	169	0.856628
137	178	1.02306
138	19	1.24995
138	25	1.08073
138	26	0.503791
138	39	1.18559
138	59	1.20902
138	60	1.21043
138	61	1.08836
138	67	1.16716
138	69	1.16636
138	70	1.18708
138	72	1.20613
138	80	1.11611
138	85	1.21612
138	93	1.08585
138	99	1.16786
138	107	1.18712
138	120	1.15444
138	121	1.13352
138	134	1.11027
138	149	0.66072
138	153	0.722439
138	154	0.777862
138	156	0.696978
138	157	1.1846
138	161	0.76944
138	166	0.863784
138	169	0.793676
138	172	1.07549
138	178	0.960108
139	18	0.832566
139	21	0.777585
139	84	0.779836
139	113	0.762042
139	118	1.02361
139	131	1.12794
139	132	0.838023
139	141	0.801024
139	144	1.08466
139	148	0.761957
139	149	1.15296
139	151	1.13951
139	158	1.07095
139	160	1.03718
139	163	1.10641
139	165	1.11416
139	166	1.03774
139	168	1.10154
139	169	1.06847
139	170	1.02088
139	171	1.05224
139	173	1.00717
139	174	1.08133
139	175	1.0195
139	176	1.00433
139	177	0.940295
139	178	0.99281
139	179	0.943441
139	180	1.05025
140	3	0.778168
140	68	0.82827
140	69	0.657989
140	79	0.7195
140	119	0.68969
140	126	0.659653
140	127	1.15438
140	146	0.670967
140	147	1.16011
140	156	1.15398
140	158	1.10741
140	159	0.753578
140	161	1.11776
140	163	1.14287
140	164	1.12731
140	165	1.15063
140	166	1.07421
140	168	1.138
140	169	1.10493
140	170	1.05734
140	171	1.08871
140	172	1.05408
140	173	1.04363
140	174	1.11779
140	175	1.05596
140	176	1.0408
140	177	0.976757
140	178	1.02927
140	179	0.979904
140	180	1.08671
141	12	1.20608
141	15	1.19303
141	50	1.10665
141	57	1.08966
141	58	1.08986
141	70	1.16869
141	74	1.17775
141	75	1.18085
141	82	1.10499
141	88	1.21884
141	98	1.13498
141	100	0.604581
141	112	1.09908
141	113	1.14642
141	116	1.13243
141	120	1.13606
141	123	1.16699
141	129	0.457378
141	130	1.13939
141	131	0.632448
141	133	0.662818
141	139	0.801024
141	142	1.11651
141	157	1.16622
141	159	1.15829
141	163	0.661233
141	167	1.04306
141	174	0.669691
141	178	0.87656
141	179	1.11355
142	12	1.18246
142	32	1.18815
142	43	1.08171
142	58	1.06624
142	62	1.06893
142	75	1.15723
142	88	1.19522
142	91	1.06166
142	92	1.12976
142	102	1.13095
142	105	0.659344
142	108	1.06173
142	113	1.1228
142	114	1.12813
142	119	1.09105
142	126	1.24267
142	130	1.11577
142	137	1.07777
142	141	1.11651
142	146	1.15581
142	148	1.15334
142	152	0.710414
142	155	1.12926
142	156	0.713905
142	157	0.675671
142	159	1.13467
142	163	0.761707
142	164	0.800509
142	170	0.935279
142	172	0.910013
142	178	0.977034
143	39	0.566704
143	84	0.570216
143	89	0.638727
143	93	0.884028
143	106	1.19767
143	107	0.617335
143	120	0.699411
143	131	1.20036
143	134	0.743669
143	147	1.19607
143	150	1.141
143	151	1.21193
143	155	0.633106
143	159	0.605218
143	160	1.1096
143	163	1.17883
143	165	1.18658
143	166	1.11016
143	168	1.17396
143	169	1.14089
143	170	1.0933
143	171	1.12466
143	172	1.09004
143	173	1.07959
143	174	1.15375
143	175	1.09192
143	176	1.07675
143	177	1.01271
143	178	1.06523
143	179	1.01586
143	180	1.12267
144	32	0.730547
144	33	0.79484
144	70	0.735148
144	89	0.746298
144	98	0.843189
144	102	0.807023
144	118	1.04712
144	120	0.806982
144	132	0.735973
144	135	1.13722
144	136	1.07281
144	139	1.08466
144	147	1.14716
144	156	1.14103
144	158	1.09445
144	161	1.10481
144	163	1.12991
144	164	1.11436
144	165	1.13767
144	168	1.12505
144	169	1.09198
144	170	1.04439
144	171	1.07575
144	173	1.03067
144	174	1.10484
144	175	1.043
144	176	1.02784
144	177	0.963801
144	178	1.01632
144	179	0.966948
144	180	1.07375
145	1	1.15935
145	5	1.00134
145	7	1.15507
145	8	0.761143
145	16	0.995132
145	31	1.09428
145	35	0.961747
145	45	0.894408
145	46	1.02675
145	52	0.969375
145	53	0.771494
145	55	1.06973
145	75	1.11439
145	77	0.727987
145	81	1.08737
145	88	1.15238
145	90	0.761701
145	113	1.07996
145	116	0.844164
145	119	1.04821
145	125	1.04186
145	130	1.07293
145	137	1.03493
145	146	1.11297
145	159	1.09183
145	162	1.11504
145	168	1.07457
145	173	0.980196
145	175	0.992526
145	176	0.97736
145	177	0.913322
145	178	0.965838
145	179	0.916469
145	180	1.02328
146	4	1.2969
146	12	1.24538
146	14	1.11951
146	43	1.14463
146	54	0.566163
146	62	1.13185
146	75	1.22015
146	88	1.25814
146	91	1.12459
146	92	1.19268
146	102	1.19387
146	108	1.12465
146	113	1.18573
146	114	1.19105
