1	4	1.24369
1	18	1.19359
1	25	1.19212
1	46	1.11603
1	55	1.19626
1	57	1.19653
1	134	0.826705
1	141	1.22059
1	152	1.27118
1	153	0.80815
1	171	0.822977
1	172	0.721547
2	17	1.10123
2	45	1.18753
2	53	1.27606
2	56	1.22854
2	66	1.19173
2	122	1.21362
2	134	0.720919
2	137	1.24673
2	143	1.16759
2	145	0.656035
2	177	0.954198
2	178	0.861528
3	24	1.2027
3	27	1.20693
3	35	1.16388
3	37	1.15449
3	59	1.21695
3	70	1.25625
3	71	1.25688
3	94	0.898597
3	129	1.15192
3	144	0.781903
3	160	0.812032
3	174	0.673214
4	1	1.24369
4	9	1.22814
4	15	1.22864
4	46	1.10142
4	55	1.18165
4	57	1.18193
4	96	0.607448
4	133	0.491095
4	141	1.20599
4	152	1.25657
4	156	0.760525
4	169	1.3112
5	13	1.11735
5	19	1.12564
5	61	1.04357
5	74	1.00875
5	78	1.07516
5	129	1.00424
5	137	1.06354
5	149	0.731721
5	150	1.1106
5	159	0.990062
5	174	1.08668
5	179	1.25672
6	47	1.1382
6	60	0.984911
6	69	1.03155
6	81	1.06414
6	82	1.06398
6	89	1.12615
6	91	1.03677
6	93	1.03716
6	95	1.09458
6	149	0.902259
6	171	1.22421
6	174	0.86219
7	56	1.22776
7	66	1.19094
7	111	0.679578
7	125	1.20555
7	126	1.20559
7	137	1.24594
7	140	0.696025
7	143	1.16681
7	167	1.17862
7	168	1.15831
7	170	0.959207
7	172	0.837615
8	22	1.08391
8	27	1.07612
8	35	1.03306
8	39	1.04372
8	49	1.00957
8	59	1.08614
8	70	1.12543
8	71	1.12606
8	97	0.732047
8	129	1.02111
8	160	0.826679
8	180	1.42062
9	4	1.22814
9	25	1.17656
9	36	1.2776
9	46	1.10047
9	55	1.1807
9	57	1.18097
9	135	0.75901
9	141	1.20504
9	152	1.25562
9	155	0.600313
9	163	0.70883
9	173	1.11407
10	41	1.16764
10	42	1.32248
10	54	1.21529
10	62	1.18186
10	66	1.16893
10	83	0.653529
10	92	1.1779
10	114	0.686535
10	137	1.22393
10	141	0.777146
10	143	1.1448
10	168	0.99981
11	29	1.19708
11	50	1.23654
11	63	1.16618
11	64	1.17999
11	80	1.21314
11	87	0.58575
11	90	1.2485
11	138	0.615806
11	155	0.650595
11	157	1.18185
11	166	1.18956
11	180	1.31821
12	47	1.25979
12	69	1.15313
12	81	1.18572
12	82	1.18556
12	89	1.24773
12	91	1.15835
12	93	1.15875
12	95	1.21617
12	128	0.630168
12	145	0.695957
12	175	0.909624
12	179	0.960163
13	5	1.11735
13	28	1.0933
13	74	1.17751
13	78	1.24392
13	111	1.20458
13	137	1.2323
13	146	0.901397
13	147	0.738469
13	150	1.27936
13	158	0.725013
13	167	0.81099
13	174	1.25544
14	17	1.10123
14	45	1.18753
14	53	1.27606
14	56	1.22854
14	66	1.19173
14	85	0.469027
14	122	1.21362
14	137	1.24673
14	143	1.16759
14	167	0.598392
14	176	0.945424
14	180	1.1678
15	4	1.22864
15	18	1.17855
15	36	1.27811
15	46	1.10098
15	55	1.18121
15	57	1.18148
15	87	0.533338
15	141	1.20555
15	152	1.25613
15	153	0.880236
15	157	0.701334
15	176	1.04343
16	63	1.12215
16	64	1.13596
16	75	1.17462
16	77	1.17464
16	80	1.16911
16	90	1.20448
16	139	1.12896
16	157	1.13782
16	166	1.14553
16	168	0.618953
16	171	0.72786
16	173	0.944735
16	180	1.0986
17	2	1.10123
17	14	1.10123
17	44	1.19974
17	45	0.973796
17	53	1.06233
17	56	1.01481
17	66	0.977988
17	98	0.738167
17	122	0.999886
17	137	1.03299
17	143	0.953857
17	170	1.15659
17	178	1.28077
18	1	1.19359
18	15	1.17855
18	25	1.12742
18	36	1.22845
18	46	1.05133
18	55	1.13156
18	57	1.13183
18	94	0.824624
18	124	0.753206
18	141	1.15589
18	152	1.20648
18	165	0.942211
18	168	0.852355
19	5	1.12564
19	28	1.10159
19	61	1.22063
19	74	1.1858
19	78	1.25221
19	129	1.18129
19	134	0.986409
19	142	0.670548
19	150	1.28765
19	162	0.646886
19	168	0.873774
19	174	1.26373
20	21	1.18808
20	33	1.18424
20	41	1.12657
20	43	1.13133
20	48	1.09851
20	51	1.23067
20	54	1.17422
20	62	1.14079
20	124	1.14238
20	149	0.59596
20	154	0.656814
20	176	1.06627
20	178	1.06225
21	20	1.18808
21	33	1.18509
21	41	1.12742
21	43	1.13219
21	48	1.09936
21	51	1.23152
21	54	1.17507
21	62	1.14164
21	68	0.69692
21	88	0.922909
21	92	1.13768
21	130	0.80317
21	147	0.901072
22	8	1.08391
22	24	1.17348
22	35	1.13465
22	37	1.12527
22	49	1.11117
22	59	1.18773
22	70	1.22703
22	71	1.22766
22	128	0.826061
22	129	1.1227
22	133	0.728199
22	143	0.714831
22	176	1.10137
23	29	1.03923
23	38	1.01282
23	64	1.02214
23	75	1.06079
23	77	1.06081
23	80	1.05529
23	90	1.09065
23	97	1.03179
23	139	1.01514
23	157	1.02399
23	160	1.12642
23	162	1.01383
23	166	1.03171
24	3	1.2027
24	22	1.17348
24	35	1.12263
24	37	1.11325
24	39	1.13329
24	49	1.09914
24	70	1.215
24	71	1.21563
24	101	0.58516
24	129	1.11068
24	167	0.628414
24	175	0.979593
24	180	1.19782
25	1	1.19212
25	9	1.17656
25	18	1.12742
25	36	1.22698
25	46	1.04985
25	55	1.13008
25	57	1.13035
25	132	0.849562
25	141	1.15442
25	147	0.807817
25	148	0.733441
25	152	1.205
25	172	0.977576
26	47	1.21485
26	58	1.1658
26	69	1.10819
26	81	1.14078
26	82	1.14062
26	85	0.783454
26	89	1.20279
26	91	1.11341
26	93	1.11381
26	95	1.17123
26	101	0.869566
26	142	0.799355
26	163	0.923125
27	3	1.20693
27	8	1.07612
27	37	1.11749
27	39	1.13753
27	49	1.10338
27	59	1.17995
27	70	1.21924
27	71	1.21987
27	87	0.730305
27	127	0.749643
27	129	1.11491
27	143	0.853855
27	151	1.01282
28	13	1.0933
28	19	1.10159
28	61	1.01952
28	74	0.984699
28	78	1.05111
28	108	0.97917
28	129	0.98019
28	137	1.03948
28	149	0.866149
28	150	1.08655
28	167	0.989432
28	174	1.06263
28	175	1.34061
29	11	1.19708
29	23	1.03923
29	75	1.17624
29	77	1.17626
29	80	1.17074
29	90	1.2061
29	128	0.657326
29	139	1.13059
29	157	1.13944
29	166	1.14716
29	171	0.784272
29	175	0.936782
29	177	1.02128
30	76	1.19359
30	79	1.19155
30	100	1.14251
30	106	1.11251
30	107	1.17791
30	108	1.12466
30	109	1.17677
30	115	1.13928
30	117	1.13951
30	133	0.67579
30	171	0.900598
30	174	0.538577
30	180	1.27133
31	71	0.396675
31	118	1.14311
31	120	1.15716
31	121	1.18263
31	123	1.22253
31	125	1.16225
31	126	1.16228
31	148	0.854858
31	164	1.11879
31	166	0.93537
31	167	1.13531
31	168	1.115
31	174	0.838402
32	99	1.17315
32	100	1.14517
32	106	1.11517
32	107	1.18057
32	108	1.12732
32	109	1.17943
32	112	1.16049
32	115	1.14194
32	117	1.14217
32	146	0.859276
32	159	0.903928
32	163	0.779175
32	164	0.820571
33	20	1.18424
33	21	1.18509
33	41	1.12358
33	48	1.09551
33	51	1.22767
33	62	1.1378
33	83	0.612577
33	92	1.13384
33	114	0.645583
33	119	1.18003
33	124	1.13939
33	153	1.05294
33	159	1.00415
34	61	1.15035
34	74	1.11552
34	78	1.18193
34	108	1.10999
34	111	1.14259
34	129	1.11101
34	137	1.17031
34	140	0.689225
34	146	0.823984
34	150	1.21737
34	167	0.733577
34	174	1.19345
34	179	1.1353
35	3	1.16388
35	8	1.03306
35	22	1.13465
35	24	1.12263
35	39	1.09447
35	49	1.06032
35	59	1.13689
35	70	1.17618
35	71	1.17681
35	129	1.07185
35	138	0.802974
35	140	0.891623
35	158	0.849998
35	172	1.03321
36	9	1.2776
36	15	1.27811
36	18	1.22845
36	25	1.22698
36	46	1.15089
36	55	1.23112
36	57	1.23139
36	132	0.689962
36	141	1.25545
36	149	0.597454
36	152	1.30604
36	157	0.725677
36	158	0.63476
36	173	1.13628
37	3	1.15449
37	22	1.12527
37	24	1.11325
37	27	1.11749
37	39	1.08509
37	49	1.05094
37	59	1.12751
37	70	1.1668
37	71	1.16743
37	127	0.753272
37	129	1.06247
37	135	0.957476
37	151	1.01645
37	166	0.830606
38	23	1.01282
38	50	1.16773
38	63	1.09737
38	64	1.11118
38	75	1.14984
38	77	1.14986
38	90	1.17969
38	127	0.797453
38	139	1.10418
38	154	0.878743
38	157	1.11303
38	165	1.12079
38	166	1.12075
38	174	0.777819
39	8	1.04372
39	24	1.13329
39	27	1.13753
39	35	1.09447
39	37	1.08509
39	49	1.07098
39	59	1.14755
39	70	1.18685
39	71	1.18747
39	127	0.657706
39	129	1.08252
39	130	0.631002
39	142	0.68796
39	169	1.59539
40	58	1.24835
40	68	1.28785
40	81	1.22334
40	82	1.22318
40	89	1.28535
40	91	1.19596
40	93	1.19636
40	95	1.25378
40	119	1.24703
40	154	0.563468
40	157	0.630837
40	171	0.824566
40	172	0.723135
40	173	1.04144
41	10	1.16764
41	20	1.12657
41	21	1.12742
41	33	1.12358
41	42	1.22075
41	48	1.03785
41	54	1.11356
41	62	1.08013
41	111	0.886732
41	119	1.12237
41	122	0.881456
41	124	1.08173
41	132	0.916756
41	147	0.87501
42	10	1.32248
42	41	1.22075
42	43	1.22551
42	48	1.19268
42	54	1.26839
42	62	1.23497
42	83	0.575929
42	92	1.231
42	104	0.746144
42	119	1.2772
42	122	0.766373
42	124	1.23656
42	135	0.892934
42	158	0.746472
43	20	1.13133
43	21	1.13219
43	42	1.22551
43	48	1.04261
43	51	1.17477
43	54	1.11832
43	62	1.0849
43	92	1.08093
43	119	1.12713
43	124	1.08649
43	147	0.675069
43	158	0.661613
43	175	1.09877
43	179	1.14931
44	17	1.19974
44	45	1.28605
44	53	1.37458
44	56	1.32706
44	66	1.29024
44	111	0.620178
44	122	1.31214
44	135	0.741462
44	137	1.34524
44	143	1.26611
44	146	0.771383
44	157	0.685916
44	164	0.732678
45	2	1.18753
45	14	1.18753
45	17	0.973796
45	44	1.28605
45	53	1.14863
45	56	1.10111
45	66	1.06429
45	122	1.08619
45	130	0.730672
45	137	1.1193
45	143	1.04016
45	149	0.777812
45	158	0.815118
45	176	1.24813
46	1	1.11603
46	4	1.10142
46	9	1.10047
46	15	1.10098
46	18	1.05133
46	25	1.04985
46	36	1.15089
46	55	1.05399
46	57	1.05426
46	124	0.645938
46	141	1.07833
46	152	1.12891
46	171	0.853995
46	173	1.07087
46	180	1.22473
47	6	1.1382
47	12	1.25979
47	26	1.21485
47	60	1.12628
47	69	1.17291
47	82	1.20534
47	89	1.26751
47	91	1.17813
47	93	1.17853
47	95	1.23595
47	153	0.881221
47	157	0.70232
47	161	1.09906
47	164	0.749082
47	174	0.534028
48	20	1.09851
48	21	1.09936
48	33	1.09551
48	41	1.03785
48	42	1.19268
48	43	1.04261
48	51	1.14194
48	54	1.08549
48	62	1.05207
48	119	1.0943
48	124	1.05366
48	155	0.530381
48	161	1.03027
48	165	0.808209
48	169	1.42256
49	8	1.00957
49	22	1.11117
49	24	1.09914
49	27	1.10338
49	35	1.06032
49	37	1.05094
49	39	1.07098
49	59	1.1134
49	70	1.1527
49	71	1.15332
49	111	0.898539
49	129	1.04837
49	135	1.01982
49	158	0.873361
49	163	0.969644
50	11	1.23654
50	38	1.16773
50	63	1.16324
50	68	0.613381
50	75	1.2157
50	77	1.21572
50	80	1.21019
50	83	0.633534
50	90	1.24556
50	136	0.765106
50	139	1.17004
50	143	0.850547
50	157	1.1789
50	159	1.02511
50	166	1.18662
51	20	1.23067
51	21	1.23152
51	33	1.22767
51	43	1.17477
51	48	1.14194
51	54	1.21765
51	62	1.18423
51	92	1.18027
51	94	0.831916
51	96	0.8601
51	104	0.683582
51	119	1.22646
51	124	1.18582
51	166	0.703502
51	168	0.859648
52	67	1.19829
52	86	1.25882
52	100	1.17922
52	103	1.26095
52	106	1.14922
52	107	1.21462
52	112	1.19454
52	115	1.17599
52	117	1.17622
52	139	1.18569
52	144	0.757459
52	145	0.949634
52	149	0.68884
52	162	0.674995
52	172	0.909361
53	2	1.27606
53	14	1.27606
53	17	1.06233
53	44	1.37458
53	45	1.14863
53	56	1.18964
53	66	1.15283
53	122	1.17472
53	133	0.740473
53	137	1.20783
53	138	0.633612
53	143	1.12869
53	159	0.90167
53	164	0.818314
53	168	0.856374
54	10	1.21529
54	20	1.17422
54	21	1.17507
54	41	1.11356
54	42	1.26839
54	43	1.11832
54	48	1.08549
54	51	1.21765
54	62	1.12778
54	101	0.736653
54	119	1.17001
54	124	1.12937
54	144	0.725243
54	162	0.64278
54	172	0.877145
54	173	1.19545
55	1	1.19626
55	4	1.18165
55	9	1.1807
55	15	1.18121
55	18	1.13156
55	25	1.13008
55	36	1.23112
55	46	1.05399
55	57	1.13449
55	141	1.15856
55	147	0.699392
55	152	1.20914
55	153	0.955754
55	164	0.823615
55	166	0.705529
55	171	0.970581
56	2	1.22854
56	7	1.22776
56	14	1.22854
56	17	1.01481
56	44	1.32706
56	45	1.10111
56	53	1.18964
56	66	1.1053
56	104	0.627034
56	122	1.1272
56	137	1.16031
56	143	1.08117
56	144	0.658675
56	168	0.8031
56	170	0.932169
56	177	1.14901
57	1	1.19653
57	4	1.18193
57	9	1.18097
57	15	1.18148
57	18	1.13183
57	25	1.13035
57	36	1.23139
57	46	1.05426
57	55	1.13449
57	128	0.738172
57	141	1.15883
57	152	1.20941
57	155	0.568237
57	168	0.75621
57	170	0.885279
57	180	1.23585
58	26	1.1658
58	40	1.24835
58	60	1.07723
58	69	1.12386
58	81	1.15645
58	82	1.15629
58	89	1.21846
58	91	1.12908
58	93	1.12948
58	95	1.1869
58	119	1.18014
58	141	0.708506
58	148	0.694513
58	153	1.02525
58	160	0.816875
58	164	0.893111
59	3	1.21695
59	8	1.08614
59	22	1.18773
59	27	1.17995
59	35	1.13689
59	37	1.12751
59	39	1.14755
59	49	1.1134
59	70	1.22926
59	71	1.22989
59	85	0.717861
59	129	1.12493
59	136	0.722279
59	157	0.852167
59	160	0.822692
59	171	1.0459
60	6	0.984911
60	47	1.12628
60	58	1.07723
60	68	1.11672
60	69	1.01962
60	81	1.05221
60	82	1.05205
60	89	1.11422
60	91	1.02484
60	93	1.02524
60	95	1.08266
60	119	1.0759
60	143	0.97492
60	154	0.951997
60	159	1.14948
60	162	0.877299
61	5	1.04357
61	19	1.22063
61	28	1.01952
61	34	1.15035
61	68	0.688719
61	74	1.10374
61	78	1.17015
61	87	0.802336
61	98	0.765798
61	108	1.09821
61	111	1.13081
61	129	1.09923
61	137	1.15853
61	150	1.20559
61	154	0.902963
61	171	1.16406
61	174	1.18167
62	10	1.18186
62	20	1.14079
62	21	1.14164
62	33	1.1378
62	41	1.08013
62	42	1.23497
62	43	1.0849
62	48	1.05207
62	51	1.18423
62	54	1.12778
62	119	1.13659
62	124	1.09595
62	141	0.625713
62	163	0.768922
62	171	0.957285
62	172	0.855855
62	179	1.16033
63	11	1.16618
63	16	1.12215
63	38	1.09737
63	50	1.16324
63	64	1.10669
63	75	1.14534
63	77	1.14536
63	80	1.13984
63	90	1.1752
63	139	1.09969
63	142	0.685455
63	157	1.10854
63	162	0.661792
63	166	1.11626
63	167	0.79892
63	169	1.59289
63	174	0.635567
64	11	1.17999
64	16	1.13596
64	23	1.02214
64	38	1.11118
64	63	1.10669
64	75	1.15915
64	77	1.15917
64	80	1.15364
64	90	1.18901
64	127	0.743924
64	139	1.1135
64	145	1.02515
64	153	1.07148
64	157	1.12235
64	158	0.801666
64	166	1.13007
64	174	0.72429
65	101	0.814697
65	105	1.12507
65	113	1.22164
65	116	1.1492
65	118	1.11458
65	120	1.12863
65	121	1.1541
65	123	1.194
65	125	1.13372
65	126	1.13376
65	158	0.771974
65	164	1.09026
65	166	0.791567
65	167	1.10679
65	168	1.08647
65	174	0.694599
65	177	1.29363
66	2	1.19173
66	7	1.19094
66	10	1.16893
66	14	1.19173
66	17	0.977988
66	44	1.29024
66	45	1.06429
66	53	1.15283
66	56	1.1053
66	122	1.09038
66	124	0.727707
66	135	0.797581
66	137	1.12349
66	143	1.04436
66	155	0.638884
66	166	0.670711
66	169	1.53106
67	52	1.19829
67	68	0.598053
67	73	1.10431
67	79	1.16166
67	84	1.11926
67	103	1.19436
67	106	1.08263
67	107	1.14803
67	108	1.09478
67	109	1.14689
67	112	1.12795
67	115	1.1094
67	117	1.10963
67	143	0.835219
67	149	0.751443
67	157	0.879666
67	179	1.27644
68	21	0.69692
68	40	1.28785
68	50	0.613381
68	60	1.11672
68	61	0.688719
68	67	0.598053
68	81	1.19595
68	84	0.614069
68	91	1.16858
68	93	1.16898
68	95	1.2264
68	153	1.10699
68	175	1.07263
68	176	1.06707
68	178	1.06229
68	179	1.05287
68	180	1.03654
69	6	1.03155
69	12	1.15313
69	26	1.10819
69	47	1.17291
69	58	1.12386
69	60	1.01962
69	81	1.09885
69	82	1.09868
69	89	1.16086
69	91	1.07147
69	93	1.07187
69	95	1.12929
69	119	1.12254
69	142	0.722455
69	155	0.737708
69	174	0.672567
69	177	1.27159
69	178	1.17892
70	3	1.25625
70	8	1.12543
70	22	1.22703
70	24	1.215
70	27	1.21924
70	35	1.17618
70	37	1.1668
70	39	1.18685
70	49	1.1527
70	59	1.22926
70	71	1.26918
70	97	0.438839
70	101	0.856588
70	111	0.497207
70	129	1.16423
70	146	0.648413
70	169	1.35197
70	179	0.959724
71	3	1.25688
71	8	1.12606
71	22	1.22766
71	24	1.21563
71	27	1.21987
71	31	0.396675
71	35	1.17681
71	37	1.16743
71	39	1.18747
71	49	1.15332
71	59	1.22989
71	70	1.26918
71	129	1.16485
71	130	0.736261
71	138	0.773683
71	141	0.77378
71	164	0.958385
71	167	0.906683
72	105	1.19604
72	110	1.24226
72	116	1.22017
72	118	1.18555
72	120	1.19961
72	121	1.22508
72	123	1.26497
72	125	1.20469
72	126	1.20473
72	133	0.571255
72	142	0.48393
72	161	0.999074
72	164	1.16124
72	165	0.777012
72	167	1.17776
72	168	1.15745
72	173	1.01294
72	175	0.948573
73	67	1.10431
73	84	1.09187
73	86	1.16484
73	88	0.702861
73	99	1.11322
73	100	1.08524
73	103	1.16697
73	106	1.05524
73	107	1.12064
73	109	1.1195
73	112	1.10056
73	115	1.08201
73	117	1.08224
73	136	0.628596
73	139	1.09171
73	161	1.15522
73	170	0.972375
73	175	1.10472
74	5	1.00875
74	13	1.17751
74	19	1.1858
74	28	0.984699
74	34	1.11552
74	61	1.10374
74	78	1.13533
74	85	0.756877
74	104	0.799938
74	108	1.06339
74	111	1.09598
74	129	1.06441
74	137	1.1237
74	140	0.84189
74	150	1.17077
74	161	1.28792
74	167	0.886242
74	174	1.14685
75	16	1.17462
75	23	1.06079
75	29	1.17624
75	38	1.14984
75	50	1.2157
75	63	1.14534
75	64	1.15915
75	77	1.19783
75	80	1.1923
75	90	1.22767
75	114	0.482595
75	133	0.67997
75	138	0.573109
75	139	1.15215
75	140	0.661757
75	157	1.16101
75	166	1.16872
75	169	1.50008
75	176	1.05314
76	30	1.19359
76	79	1.19367
76	84	1.15126
76	86	1.22423
76	99	1.17261
76	100	1.14463
76	103	1.22636
76	106	1.11463
76	109	1.17889
76	112	1.15995
76	115	1.1414
76	117	1.14163
76	131	0.674192
76	139	1.1511
76	163	0.746832
76	166	0.670143
76	167	0.736527
76	172	0.833765
76	180	1.30593
77	16	1.17464
77	23	1.06081
77	29	1.17626
77	38	1.14986
77	50	1.21572
77	63	1.14536
77	64	1.15917
77	75	1.19783
77	80	1.19232
77	90	1.22769
77	96	0.687858
77	128	0.669368
77	139	1.15217
77	146	0.688051
77	157	1.16103
77	166	1.16874
77	170	0.816475
77	178	0.94065
77	180	1.16705
78	5	1.07516
78	13	1.24392
78	19	1.25221
78	28	1.05111
78	34	1.18193
78	61	1.17015
78	74	1.13533
78	87	0.701751
78	108	1.1298
78	111	1.16239
78	129	1.13082
78	137	1.19011
78	140	0.820456
78	141	0.731904
78	150	1.23718
78	162	0.727681
78	164	0.916509
78	165	1.04442
78	174	1.21326
79	30	1.19155
79	67	1.16166
79	76	1.19367
79	84	1.14922
79	86	1.22219
79	98	0.593702
79	99	1.17057
79	100	1.14259
79	103	1.22432
79	106	1.11259
79	109	1.17685
79	112	1.15791
79	115	1.13936
79	117	1.13959
79	128	0.865019
79	135	0.853781
79	146	0.883703
79	153	0.977137
79	160	0.768761
80	11	1.21314
80	16	1.16911
80	23	1.05529
80	29	1.17074
80	50	1.21019
80	63	1.13984
80	64	1.15364
80	75	1.1923
80	77	1.19232
80	85	0.707838
80	90	1.22216
80	139	1.14665
80	144	0.78254
80	149	0.713921
80	156	1.08049
80	157	1.1555
80	159	0.972262
80	162	0.700077
80	166	1.16322
81	6	1.06414
81	12	1.18572
81	26	1.14078
81	40	1.22334
81	58	1.15645
81	60	1.05221
81	68	1.19595
81	69	1.09885
81	82	1.13128
81	88	0.82448
81	89	1.19345
81	91	1.10407
81	93	1.10447
81	95	1.16189
81	119	1.15513
81	143	0.835657
81	148	0.728267
81	151	0.994619
81	155	0.776952
81	168	0.964925
82	6	1.06398
82	12	1.18556
82	26	1.14062
82	40	1.22318
82	47	1.20534
82	58	1.15629
82	60	1.05205
82	69	1.09868
82	81	1.13128
82	89	1.19329
82	91	1.10391
82	93	1.1043
82	95	1.16172
82	119	1.15497
82	131	0.754195
82	146	0.906936
82	147	0.744008
82	158	0.730552
82	161	1.21821
82	167	0.816529
83	10	0.653529
83	33	0.612577
83	42	0.575929
83	50	0.633534
83	113	0.54452
83	115	0.604348
83	146	1.19149
83	151	1.16138
83	153	1.13845
83	154	1.23525
83	158	1.22359
83	163	1.17953
83	165	1.13141
83	170	1.13499
83	171	1.1362
83	173	1.10045
83	176	1.09854
83	178	1.09376
83	179	1.08434
83	180	1.068
84	67	1.11926
84	68	0.614069
84	73	1.09187
84	76	1.15126
84	79	1.14922
84	99	1.12816
84	100	1.10018
84	103	1.18191
84	104	0.804438
84	106	1.07018
84	107	1.13559
84	108	1.08234
84	109	1.13444
84	112	1.1155
84	115	1.09695
84	117	1.09718
84	124	0.881354
84	139	1.10665
84	158	0.804765
84	166	0.824358
84	178	1.23375
85	14	0.469027
85	26	0.783454
85	59	0.717861
85	74	0.756877
85	80	0.707838
85	140	1.23413
85	152	0.570796
85	159	1.14229
85	161	1.09935
85	163	1.18152
85	165	1.13339
85	169	1.04898
85	170	1.13697
85	171	1.13818
85	173	1.10243
85	175	1.10607
85	176	1.10052
85	177	1.08916
85	178	1.09574
85	179	1.08632
85	180	1.06998
86	52	1.25882
86	73	1.16484
86	76	1.22423
86	79	1.22219
86	94	0.758384
86	99	1.20113
86	100	1.17315
86	103	1.25488
86	104	0.610049
86	106	1.14315
86	107	1.20856
86	109	1.20741
86	112	1.18847
86	115	1.16992
86	117	1.17015
86	131	0.634019
86	139	1.17963
86	148	0.549457
86	154	0.633924
86	179	1.09807
86	180	1.26576
87	11	0.58575
87	15	0.533338
87	27	0.730305
87	61	0.802336
87	78	0.701751
87	99	1.1761
87	100	1.14812
87	107	1.18353
87	109	1.18238
87	110	0.652926
87	112	1.16344
87	115	1.14489
87	117	1.14512
87	157	1.16345
87	172	1.10129
87	174	1.21373
87	176	1.03819
87	177	1.02683
87	178	1.0334
87	179	1.02398
87	180	1.00765
88	21	0.922909
88	73	0.702861
88	81	0.82448
88	90	0.632333
88	122	1.13971
88	123	0.734343
88	159	1.06217
88	160	1.10948
88	163	1.1014
88	165	1.05327
88	168	1.08517
88	169	0.968861
88	171	1.05807
88	172	1.08351
88	173	1.02231
88	175	1.02596
88	176	1.02041
88	177	1.00905
88	178	1.01562
88	179	1.0062
88	180	0.989868
89	6	1.12615
89	12	1.24773
89	26	1.20279
89	40	1.28535
89	47	1.26751
89	58	1.21846
89	60	1.11422
89	69	1.16086
89	81	1.19345
89	82	1.19329
89	91	1.16608
89	93	1.16647
89	95	1.22389
89	98	0.559297
89	119	1.21714
89	142	0.645426
89	163	0.769196
89	164	0.810593
89	170	0.977721
89	174	0.595538
89	177	1.19457
90	11	1.2485
90	16	1.20448
90	23	1.09065
90	29	1.2061
90	38	1.17969
90	50	1.24556
90	63	1.1752
90	64	1.18901
90	75	1.22767
90	77	1.22769
90	80	1.22216
90	88	0.632333
90	97	0.56385
90	122	0.616942
90	133	0.656878
90	139	1.18201
90	157	1.19086
90	166	1.19858
90	172	0.780255
90	175	1.0342
90	179	1.08474
91	6	1.03677
91	12	1.15835
91	26	1.11341
91	40	1.19596
91	47	1.17813
91	58	1.12908
91	60	1.02484
91	68	1.16858
91	69	1.07147
91	81	1.10407
91	82	1.10391
91	89	1.16608
91	93	1.07709
91	95	1.13451
91	119	1.12776
91	122	0.7038
91	145	0.907387
91	157	0.774815
91	165	0.949492
91	168	0.859636
91	179	1.17159
92	10	1.1779
92	21	1.13768
92	33	1.13384
92	42	1.231
92	43	1.08093
92	51	1.18027
92	118	1.07293
92	119	1.13262
92	121	1.11245
92	122	0.800447
92	123	1.15235
92	124	1.09198
92	125	1.09207
92	126	1.09211
92	144	0.811858
92	159	1.00158
92	160	0.841987
92	166	0.800138
92	167	1.06514
92	168	1.04482
92	170	1.08535
93	6	1.03716
93	12	1.15875
93	26	1.11381
93	40	1.19636
93	47	1.17853
93	58	1.12948
93	60	1.02524
93	68	1.16898
93	69	1.07187
93	81	1.10447
93	82	1.1043
93	89	1.16647
93	91	1.07709
93	95	1.13491
93	101	0.737337
93	119	1.12816
93	159	0.915649
93	160	0.756056
93	168	0.870352
93	172	0.877829
93	173	1.19613
94	3	0.898597
94	18	0.824624
94	51	0.831916
94	86	0.758384
94	96	1.08533
94	128	1.12391
94	139	0.885442
94	154	1.1294
94	155	1.16081
94	156	1.02818
94	161	0.991523
94	163	1.07369
94	168	1.05746
94	169	0.941149
94	170	1.02914
94	172	1.05579
94	173	0.9946
94	175	0.998246
94	177	0.981333
94	178	0.987911
94	179	0.978491
94	180	0.962156
95	6	1.09458
95	12	1.21617
95	26	1.17123
95	40	1.25378
95	47	1.23595
95	58	1.1869
95	60	1.08266
95	68	1.2264
95	69	1.12929
95	81	1.16189
95	82	1.16172
95	89	1.22389
95	91	1.13451
95	93	1.13491
95	104	0.728814
95	119	1.18558
95	142	0.701654
95	147	0.742598
95	151	0.934574
95	163	0.825424
95	174	0.651766
95	176	1.16215
96	4	0.607448
96	51	0.8601
96	77	0.687858
96	94	1.08533
96	105	0.921316
96	115	0.951081
96	142	1.13989
96	148	1.15412
96	154	1.10303
96	155	1.13444
96	159	1.00809
96	161	0.965152
96	162	1.12841
96	167	1.05141
96	170	1.00277
96	171	1.00398
96	172	1.02942
96	176	0.966324
96	177	0.954962
96	178	0.96154
96	179	0.95212
96	180	0.935785
97	8	0.732047
97	23	1.03179
97	70	0.438839
97	90	0.56385
97	110	0.696816
97	126	0.74691
97	136	1.19409
97	140	1.15503
97	146	1.11437
97	151	1.08426
97	158	1.14648
97	160	1.1105
97	162	1.18351
97	169	0.969879
97	170	1.05787
97	172	1.08452
97	173	1.02333
97	174	1.19697
97	175	1.02698
97	176	1.02142
97	178	1.01664
97	179	1.00722
97	180	0.990886
98	17	0.738167
98	61	0.765798
98	79	0.593702
98	89	0.559297
98	106	0.73957
98	110	0.616389
98	114	1.25017
98	142	1.21496
98	146	1.13434
98	154	1.1781
98	155	1.20951
98	156	1.07688
98	164	1.10995
98	169	0.989844
98	170	1.07784
98	171	1.07905
98	172	1.10449
98	175	1.04694
98	176	1.04139
98	178	1.03661
98	179	1.02719
98	180	1.01085
99	32	1.17315
99	73	1.11322
99	76	1.17261
99	79	1.17057
99	84	1.12816
99	86	1.20113
99	87	1.1761
99	100	1.12153
99	103	1.20326
99	106	1.09153
99	107	1.15694
99	109	1.15579
99	112	1.13685
99	114	0.656199
99	115	1.1183
99	117	1.11853
99	131	0.817379
99	136	0.754765
99	139	1.128
99	148	0.732817
99	160	0.855179
99	167	0.879714
99	176	1.22675
100	30	1.14251
100	32	1.14517
100	52	1.17922
100	73	1.08524
100	76	1.14463
100	79	1.14259
100	84	1.10018
100	86	1.17315
100	87	1.14812
100	99	1.12153
100	103	1.17528
100	106	1.06355
100	107	1.12896
100	109	1.12781
100	112	1.10887
100	115	1.09032
100	117	1.09055
100	136	0.794212
100	142	0.805696
100	148	0.772264
100	155	0.820949
100	163	0.929466
100	168	1.00892
100	172	1.0164
101	24	0.58516
101	26	0.869566
101	54	0.736653
101	65	0.814697
101	70	0.856588
101	93	0.737337
101	130	1.2192
101	131	1.16225
101	132	1.1601
101	135	1.12498
101	140	1.15916
101	144	1.17461
101	151	1.08839
101	170	1.062
101	171	1.06321
101	172	1.08865
101	173	1.02746
101	175	1.0311
101	176	1.02555
101	177	1.01419
101	178	1.02077
101	179	1.01135
101	180	0.995013
102	105	1.18636
102	110	1.23259
102	113	1.28294
102	116	1.21049
102	118	1.17588
102	120	1.18993
102	121	1.2154
102	123	1.2553
102	125	1.19502
102	126	1.19505
102	127	0.557567
102	132	0.670511
102	133	0.675147
102	140	0.656934
102	149	1.22785
102	152	1.28819
102	153	1.12291
102	157	0.706226
102	164	1.15156
102	167	1.16808
102	168	1.14777
102	170	0.920116
102	177	1.13696
102	178	1.04429
103	52	1.26095
103	67	1.19436
103	73	1.16697
103	76	1.22636
103	79	1.22432
103	84	1.18191
103	86	1.25488
103	99	1.20326
103	100	1.17528
103	106	1.14528
103	107	1.21069
103	109	1.20954
103	112	1.1906
103	115	1.17205
103	117	1.17228
103	130	0.586468
103	139	1.18175
103	141	0.623987
103	144	0.702227
103	148	0.609994
103	149	0.633608
103	167	0.756891
103	175	1.10807
103	180	1.3263
104	42	0.746144
104	51	0.683582
104	56	0.627034
104	74	0.799938
104	84	0.804438
104	86	0.610049
104	95	0.728814
104	130	1.24785
104	147	1.17525
104	151	1.11703
104	155	1.22231
104	161	1.05302
104	162	1.21629
104	165	1.08706
104	167	1.13928
104	169	1.00265
104	171	1.09186
104	172	1.11729
104	174	1.22974
104	175	1.05975
104	176	1.0542
104	177	1.04283
104	178	1.04941
104	179	1.03999
104	180	1.02366
105	65	1.12507
105	72	1.19604
105	96	0.921316
105	102	1.18636
105	110	1.12663
105	113	1.17698
105	116	1.10454
105	118	1.06992
105	120	1.08397
105	121	1.10944
105	123	1.14934
105	124	0.821714
105	125	1.08906
105	126	1.0891
105	136	0.706154
105	150	1.17651
105	152	1.18223
105	153	1.01696
105	154	0.768673
105	156	1.07439
105	162	0.693975
105	164	1.04561
105	167	1.06213
105	168	1.04181
105	178	1.17411
106	30	1.11251
106	32	1.11517
106	52	1.14922
106	67	1.08263
106	73	1.05524
106	76	1.11463
106	79	1.11259
106	84	1.07018
106	86	1.14315
106	98	0.73957
106	99	1.09153
106	100	1.06355
106	103	1.14528
106	107	1.09896
106	108	1.04571
106	109	1.09781
106	112	1.07887
106	115	1.06032
106	117	1.06055
106	131	0.87683
106	133	0.913025
106	139	1.07002
106	147	0.866643
106	155	0.840953
106	156	1.18246
106	163	0.94947
107	30	1.17791
107	32	1.18057
107	52	1.21462
107	67	1.14803
107	73	1.12064
107	84	1.13559
107	86	1.20856
107	87	1.18353
107	99	1.15694
107	100	1.12896
107	103	1.21069
107	106	1.09896
107	108	1.11111
107	109	1.16322
107	112	1.14428
107	115	1.12573
107	117	1.12596
107	127	0.69183
107	130	0.665127
107	139	1.13543
107	155	0.737338
107	157	0.840489
107	160	0.811015
107	164	0.887251
107	168	0.925311
107	178	1.17855
108	28	0.97917
108	30	1.12466
108	32	1.12732
108	34	1.10999
108	61	1.09821
108	67	1.09478
108	74	1.06339
108	78	1.1298
108	84	1.08234
108	106	1.04571
108	107	1.11111
108	112	1.09102
108	115	1.07248
108	117	1.0727
108	129	1.05888
108	130	0.687716
108	134	1.06053
108	137	1.11817
108	139	1.08218
108	140	0.813786
108	144	0.803475
108	150	1.16524
108	163	0.868444
108	165	1.03776
108	174	1.14132
108	177	1.29381
109	30	1.17677
109	32	1.17943
109	67	1.14689
109	73	1.1195
109	76	1.17889
109	79	1.17685
109	84	1.13444
109	86	1.20741
109	87	1.18238
109	99	1.15579
109	100	1.12781
109	103	1.20954
109	106	1.09781
109	107	1.16322
109	112	1.14313
109	115	1.12458
109	117	1.12481
109	122	0.634815
109	132	0.670115
109	139	1.13428
109	155	0.602679
109	156	0.944181
109	162	0.563764
109	169	1.49486
109	172	0.798129
109	176	1.04792
110	72	1.24226
110	87	0.652926
110	97	0.696816
110	98	0.616389
110	102	1.23259
110	105	1.12663
110	113	1.22321
110	116	1.15076
110	118	1.11615
110	120	1.1302
110	121	1.15567
110	123	1.19556
110	125	1.13528
110	126	1.13532
110	132	0.785208
110	144	0.761319
110	149	1.16811
110	150	1.22274
110	152	1.22846
110	153	1.06318
110	154	0.753554
110	162	0.678856
110	164	1.09183
110	167	1.10835
110	168	1.08804
110	173	1.23153
111	7	0.679578
111	13	1.20458
111	34	1.14259
111	41	0.886732
111	44	0.620178
111	49	0.898539
111	61	1.13081
111	70	0.497207
111	74	1.09598
111	78	1.16239
111	115	0.800068
111	129	1.09147
111	133	1.17648
111	137	1.15077
111	140	1.13197
111	150	1.19783
111	152	0.639362
111	169	0.94682
111	170	1.03481
111	173	1.00027
111	174	1.17391
111	175	1.00392
111	176	0.998366
111	177	0.987005
111	178	0.993582
111	179	0.984162
111	180	0.967827
112	32	1.16049
112	52	1.19454
112	67	1.12795
112	73	1.10056
112	76	1.15995
112	79	1.15791
112	84	1.1155
112	86	1.18847
112	87	1.16344
112	99	1.13685
112	100	1.10887
112	103	1.1906
112	106	1.07887
112	107	1.14428
112	108	1.09102
112	109	1.14313
112	114	0.622479
112	115	1.10564
112	117	1.10587
112	122	0.779918
112	128	0.917716
112	130	0.675571
112	131	0.783659
112	139	1.11534
112	162	0.708866
112	176	1.19302
112	179	1.24771
113	65	1.22164
113	83	0.54452
113	102	1.28294
113	105	1.17698
113	110	1.22321
113	116	1.20111
113	118	1.1665
113	120	1.18055
113	121	1.20602
113	123	1.24591
113	125	1.18563
113	126	1.18567
113	138	0.668039
113	142	0.687575
113	147	0.728518
113	148	0.654143
113	149	1.21846
113	150	1.27309
113	152	1.27881
113	153	1.11353
113	154	0.73861
113	159	0.936098
113	164	1.14218
113	165	0.980657
113	167	1.1587
113	168	1.13839
113	171	0.999708
114	10	0.686535
114	33	0.645583
114	75	0.482595
114	98	1.25017
114	99	0.656199
114	112	0.622479
114	123	0.561513
114	129	0.693934
114	142	1.25603
114	152	0.476647
114	156	1.11795
114	160	1.17154
114	162	1.24455
114	163	1.16346
114	165	1.11533
114	166	1.21544
114	167	1.16755
114	169	1.03092
114	170	1.11891
114	171	1.12012
114	172	1.14556
114	173	1.08437
114	176	1.08246
114	177	1.0711
114	178	1.07768
114	179	1.06826
114	180	1.05192
115	30	1.13928
115	32	1.14194
115	52	1.17599
115	67	1.1094
115	73	1.08201
115	76	1.1414
115	79	1.13936
115	83	0.604348
115	84	1.09695
115	86	1.16992
115	87	1.14489
115	96	0.951081
115	99	1.1183
115	100	1.09032
115	103	1.17205
115	106	1.06032
115	107	1.12573
115	108	1.07248
115	109	1.12458
115	111	0.800068
115	112	1.10564
115	117	1.08732
115	130	0.690445
115	132	0.830092
115	139	1.0968
115	141	0.727964
115	145	0.998379
115	168	0.950629
116	65	1.1492
116	72	1.22017
116	102	1.21049
116	105	1.10454
116	110	1.15076
116	113	1.20111
116	118	1.09405
116	120	1.1081
116	121	1.13357
116	123	1.17347
116	125	1.11319
116	126	1.11322
116	141	0.600346
116	149	1.14602
116	150	1.20064
116	151	0.852704
116	152	1.20636
116	153	1.04109
116	158	0.647272
116	164	1.06973
116	165	0.912866
116	166	0.666865
116	167	1.08626
116	168	1.06594
116	170	0.952079
116	173	1.14879
116	177	1.16892
117	30	1.13951
117	32	1.14217
117	52	1.17622
117	67	1.10963
117	73	1.08224
117	76	1.14163
117	79	1.13959
117	84	1.09718
117	86	1.17015
117	87	1.14512
117	99	1.11853
117	100	1.09055
117	103	1.17228
117	106	1.06055
117	107	1.12596
117	108	1.0727
117	109	1.12481
117	112	1.10587
117	115	1.08732
117	122	0.816249
117	131	0.81999
117	138	0.749324
117	139	1.09702
117	154	0.819895
117	161	1.284
117	165	1.06194
117	167	0.882324
117	174	0.718972
118	31	1.14311
118	65	1.11458
118	72	1.18555
118	92	1.07293
118	102	1.17588
118	105	1.06992
118	110	1.11615
118	113	1.1665
118	116	1.09405
118	120	1.07349
118	121	1.09896
118	123	1.13885
118	125	1.07857
118	126	1.07861
118	138	0.693492
118	140	0.782141
118	141	0.69359
118	148	0.679597
118	149	1.1114
118	150	1.16603
118	152	1.17175
118	153	1.00647
118	156	1.06978
118	164	1.03512
118	167	1.05164
118	168	1.03133
118	171	1.02516
118	175	1.17767
118	179	1.22821
119	33	1.18003
119	40	1.24703
119	41	1.12237
119	42	1.2772
119	43	1.12713
119	48	1.0943
119	51	1.22646
119	54	1.17001
119	58	1.18014
119	60	1.0759
119	62	1.13659
119	69	1.12254
119	81	1.15513
119	82	1.15497
119	89	1.21714
119	91	1.12776
119	92	1.13262
119	93	1.12816
119	95	1.18558
119	124	1.13818
119	130	0.593567
119	149	0.640707
119	151	0.883445
119	153	0.947831
119	162	0.626863
119	167	0.76399
119	172	0.861228
119	176	1.11102
119	178	1.10699
120	31	1.15716
120	65	1.12863
120	72	1.19961
120	102	1.18993
120	105	1.08397
120	110	1.1302
120	113	1.18055
120	116	1.1081
120	118	1.07349
120	121	1.11301
120	123	1.15291
120	125	1.09262
120	126	1.09266
120	140	0.746163
120	145	0.928026
120	148	0.643618
120	149	1.12545
120	150	1.18008
120	152	1.1858
120	153	1.02052
120	156	1.03381
120	157	0.795454
120	162	0.653388
120	164	1.04917
120	167	1.06569
120	168	1.04538
120	175	1.14169
120	177	1.22619
121	31	1.18263
121	65	1.1541
121	72	1.22508
121	92	1.11245
121	102	1.2154
121	105	1.10944
121	110	1.15567
121	113	1.20602
121	116	1.13357
121	118	1.09896
121	120	1.11301
121	123	1.17838
121	124	0.715171
121	125	1.1181
121	126	1.11813
121	134	0.926955
121	138	0.591558
121	149	1.15092
121	150	1.20555
121	152	1.21127
121	153	1.04599
121	154	0.66213
121	161	1.12624
121	164	1.07464
121	167	1.09116
121	168	1.07085
121	170	0.943389
121	174	0.561206
121	176	1.07159
121	177	1.16023
122	2	1.21362
122	14	1.21362
122	17	0.999886
122	41	0.881456
122	42	0.766373
122	44	1.31214
122	45	1.08619
122	53	1.17472
122	56	1.1272
122	66	1.09038
122	88	1.13971
122	90	0.616942
122	91	0.7038
122	92	0.800447
122	109	0.634815
122	112	0.779918
122	117	0.816249
122	130	1.18663
122	137	1.14539
122	143	1.06625
122	148	1.18078
122	158	1.11804
122	170	1.02943
122	173	0.994889
122	175	0.998534
122	176	0.992984
122	177	0.981622
122	178	0.988199
122	179	0.978779
122	180	0.962444
123	31	1.22253
123	65	1.194
123	72	1.26497
123	88	0.734343
123	92	1.15235
123	102	1.2553
123	105	1.14934
123	110	1.19556
123	113	1.24591
123	114	0.561513
123	116	1.17347
123	118	1.13885
123	120	1.15291
123	121	1.17838
123	125	1.15799
123	126	1.15803
123	131	0.722693
123	136	0.660079
123	138	0.652026
123	145	0.922539
123	149	1.19082
123	150	1.24545
123	152	1.25116
123	153	1.08589
123	156	1.02832
123	164	1.11454
123	165	0.964644
123	167	1.13106
123	168	1.11075
123	172	0.882265
123	174	0.621675
124	18	0.753206
124	20	1.14238
124	33	1.13939
124	41	1.08173
124	42	1.23656
124	43	1.08649
124	46	0.645938
124	48	1.05366
124	51	1.18582
124	54	1.12937
124	62	1.09595
124	66	0.727707
124	84	0.881354
124	92	1.09198
124	105	0.821714
124	119	1.13818
124	121	0.715171
124	132	1.12016
124	135	1.08504
124	146	1.07856
124	150	0.573367
124	152	0.690773
124	155	1.15373
124	160	1.07469
124	172	1.04871
124	173	0.987516
124	175	0.991162
124	177	0.97425
124	178	0.980827
124	179	0.971407
124	180	0.955072
125	7	1.20555
125	31	1.16225
125	65	1.13372
125	72	1.20469
125	92	1.09207
125	102	1.19502
125	105	1.08906
125	110	1.13528
125	113	1.18563
125	116	1.11319
125	118	1.07857
125	120	1.09262
125	121	1.1181
125	123	1.15799
125	126	1.09775
125	127	0.726248
125	132	0.839192
125	136	0.745019
125	141	0.737064
125	143	0.83046
125	144	0.815303
125	146	0.960374
125	149	1.13054
125	150	1.18516
125	151	0.989422
125	152	1.19088
125	153	1.02561
125	164	1.05426
125	167	1.07078
125	168	1.05047
125	179	1.27169
126	7	1.20559
126	31	1.16228
126	65	1.13376
126	72	1.20473
126	92	1.09211
126	97	0.74691
126	102	1.19505
126	105	1.0891
126	110	1.13532
126	113	1.18567
126	116	1.11322
126	118	1.07861
126	120	1.09266
126	121	1.11813
126	123	1.15803
126	125	1.09775
126	127	0.722358
126	143	0.82657
126	146	0.956483
126	149	1.13058
126	150	1.1852
126	152	1.19092
126	153	1.02565
126	155	0.767865
126	162	0.72895
126	164	1.05429
126	167	1.07082
126	168	1.0505
126	170	1.08491
126	174	0.702724
126	178	1.20908
127	27	0.749643
127	37	0.753272
127	38	0.797453
127	39	0.657706
127	64	0.743924
127	102	0.557567
127	107	0.69183
127	125	0.726248
127	126	0.722358
127	132	1.18884
127	133	1.23241
127	136	1.22696
127	142	1.22786
127	146	1.14724
127	147	1.17535
127	151	1.11713
127	154	1.191
127	158	1.17935
127	159	1.09606
127	161	1.05312
127	165	1.08716
127	167	1.13938
127	169	1.00275
127	171	1.09195
127	172	1.11739
127	173	1.0562
127	175	1.05985
127	176	1.05429
127	177	1.04293
127	178	1.04951
127	179	1.04009
127	180	1.02376
128	12	0.630168
128	22	0.826061
128	29	0.657326
128	57	0.738172
128	77	0.669368
128	79	0.865019
128	94	1.12391
128	112	0.917716
128	132	1.13945
128	135	1.10433
128	136	1.17757
128	139	0.895134
128	147	1.12596
128	148	1.1927
128	153	1.04481
128	155	1.17302
128	156	1.04039
128	158	1.12996
128	159	1.04667
128	163	1.08589
128	164	1.07346
128	165	1.03777
128	169	0.953356
128	170	1.04135
128	171	1.04256
128	172	1.068
128	173	1.00681
128	175	1.01045
128	177	0.993541
128	178	1.00012
128	179	0.990698
128	180	0.974363
129	3	1.15192
129	5	1.00424
129	8	1.02111
129	19	1.18129
129	22	1.1227
129	24	1.11068
129	27	1.11491
129	28	0.98019
129	34	1.11101
129	35	1.07185
129	37	1.06247
129	39	1.08252
129	49	1.04837
129	59	1.12493
129	61	1.09923
129	70	1.16423
129	71	1.16485
129	74	1.06441
129	78	1.13082
129	108	1.05888
129	111	1.09147
129	114	0.693934
129	135	0.977933
129	137	1.11919
129	143	0.877941
129	150	1.16626
129	160	0.892913
129	163	0.927753
129	164	0.96915
129	166	0.851064
129	167	0.917448
129	172	1.01469
129	174	1.14234
130	21	0.80317
130	39	0.631002
130	45	0.730672
130	71	0.736261
130	101	1.2192
130	103	0.586468
130	104	1.24785
130	107	0.665127
130	108	0.687716
130	112	0.675571
130	115	0.690445
130	119	0.593567
130	122	1.18663
130	147	1.18839
130	148	1.25513
130	154	1.20404
130	156	1.10282
130	158	1.19239
130	160	1.15641
130	161	1.06616
130	163	1.14833
130	165	1.1002
130	166	1.20031
130	169	1.01579
130	170	1.10378
130	171	1.105
130	173	1.06924
130	174	1.24288
130	175	1.07289
130	176	1.06734
130	177	1.05597
130	178	1.06255
130	179	1.05313
130	180	1.0368
131	76	0.674192
131	82	0.754195
131	86	0.634019
131	99	0.817379
131	101	1.16225
131	106	0.87683
131	112	0.783659
131	117	0.81999
131	123	0.722693
131	134	1.08731
131	136	1.18305
131	138	1.21274
131	144	1.15944
131	146	1.10334
131	148	1.19818
131	150	0.520421
131	154	1.14709
131	156	1.04587
131	158	1.13544
131	159	1.05215
131	162	1.17248
131	163	1.09138
131	168	1.07515
131	170	1.04683
131	171	1.04805
131	172	1.07348
131	173	1.01229
131	174	1.18593
131	175	1.01594
131	176	1.01039
131	177	0.999024
131	178	1.0056
131	179	0.996182
131	180	0.979847
132	25	0.849562
132	36	0.689962
132	41	0.916756
132	101	1.1601
132	102	0.670511
132	109	0.670115
132	110	0.785208
132	115	0.830092
132	124	1.12016
132	125	0.839192
132	127	1.18884
132	128	1.13945
132	135	1.10766
132	143	1.0815
132	145	1.08396
132	148	1.19603
132	150	0.55198
132	153	1.04814
132	155	1.17635
132	158	1.13328
132	159	1.04999
132	160	1.0973
132	161	1.00706
132	162	1.17032
132	163	1.08922
132	169	0.956683
132	170	1.04468
132	171	1.04589
132	172	1.07133
132	175	1.01378
132	176	1.00823
132	177	0.996868
132	178	1.00344
132	179	0.994025
132	180	0.97769
133	4	0.491095
133	22	0.728199
133	30	0.67579
133	53	0.740473
133	72	0.571255
133	75	0.67997
133	90	0.656878
133	102	0.675147
133	106	0.913025
133	111	1.17648
133	127	1.23241
133	135	1.15123
133	142	1.22536
133	145	1.12753
133	146	1.14475
133	149	1.19664
133	152	0.674022
133	155	1.21992
133	158	1.17685
133	160	1.14087
133	161	1.05063
133	163	1.13279
133	165	1.08467
133	167	1.13688
133	169	1.00025
133	170	1.08825
133	171	1.08946
133	172	1.1149
133	174	1.22735
133	175	1.05735
133	176	1.0518
133	177	1.04044
133	178	1.04701
133	179	1.03759
133	180	1.02126
134	1	0.826705
134	2	0.720919
134	19	0.986409
134	108	1.06053
134	121	0.926955
134	131	1.08731
134	136	1.12327
134	140	1.08421
134	145	1.02634
134	149	1.09545
134	150	0.785151
134	152	0.902557
134	153	0.990519
134	155	1.11872
134	158	1.07566
134	159	0.992371
134	162	1.1127
134	163	1.0316
134	165	0.983475
134	166	1.08359
134	167	1.03569
134	168	1.01537
134	169	0.899061
134	170	0.987056
134	171	0.988267
134	172	1.01371
134	173	0.952513
134	175	0.956158
134	176	0.950608
134	177	0.939246
134	178	0.945823
134	179	0.936403
134	180	0.920068
135	9	0.75901
135	37	0.957476
135	42	0.892934
135	44	0.741462
135	49	1.01982
135	66	0.797581
135	79	0.853781
135	101	1.12498
135	124	1.08504
135	128	1.10433
135	129	0.977933
135	132	1.10766
135	133	1.15123
135	140	1.10672
135	141	1.12772
135	144	1.12217
135	145	1.04884
135	146	1.06606
135	151	1.03595
135	156	1.0086
135	159	1.01488
135	160	1.06219
135	161	0.97194
135	162	1.1352
135	165	1.00598
135	169	0.921566
135	170	1.00956
135	171	1.01077
135	173	0.975018
135	175	0.978663
135	176	0.973113
135	177	0.961751
135	178	0.968328
135	179	0.958908
135	180	0.942573
136	50	0.765106
136	59	0.722279
136	73	0.628596
136	97	1.19409
136	99	0.754765
136	100	0.794212
136	105	0.706154
136	123	0.660079
136	125	0.745019
136	127	1.22696
136	128	1.17757
136	131	1.18305
136	134	1.12327
136	145	1.12208
136	147	1.16741
136	149	1.19119
136	150	0.457807
136	151	1.10919
136	152	0.575213
136	155	1.21447
136	156	1.08184
136	158	1.1714
136	159	1.08812
136	161	1.04518
136	163	1.12734
136	169	0.994805
136	170	1.0828
136	171	1.08401
136	172	1.10945
136	173	1.04826
136	175	1.0519
