1	32	1.16308
1	50	1.21798
1	67	1.20023
1	77	1.16609
1	80	1.2137
1	117	0.701883
1	122	1.24032
1	132	0.731037
1	147	0.763132
1	159	1.1986
1	171	0.689549
1	180	0.720323
2	34	1.25467
2	59	1.13998
2	97	1.21405
2	120	1.2256
2	132	0.741721
2	149	0.725938
2	152	1.18417
2	154	1.19382
2	157	0.707064
2	167	1.18771
2	171	0.700233
2	172	0.733342
3	119	1.07939
3	122	0.895904
3	128	1.01331
3	144	1.04376
3	161	1.04479
3	165	1.05646
3	168	1.04401
3	169	1.06518
3	170	1.05311
3	171	0.888464
3	173	0.907261
3	177	0.914932
4	34	0.686846
4	79	1.22325
4	104	0.725135
4	108	1.19722
4	118	1.22699
4	125	1.17916
4	131	1.17202
4	140	1.19161
4	141	1.20976
4	167	0.730418
4	170	0.722694
4	176	0.741392
5	22	1.16965
5	28	1.17279
5	86	1.17321
5	87	0.678697
5	98	1.20794
5	106	1.21375
5	137	0.713531
5	140	1.21324
5	147	0.768939
5	167	0.717138
5	175	1.24941
5	176	0.728113
6	91	0.668873
6	103	1.20598
6	112	1.17825
6	130	0.715972
6	143	1.21231
6	151	0.747032
6	165	1.20263
6	168	1.19018
6	169	1.21135
6	170	1.19929
6	178	0.731556
6	180	0.741539
7	17	1.22512
7	99	1.18894
7	110	1.18224
7	113	1.18271
7	137	1.18107
7	140	0.727057
7	154	0.714969
7	162	0.724712
7	167	1.1969
7	175	1.24303
7	176	0.727439
7	179	0.711159
8	42	0.867283
8	128	1.01772
8	143	1.07054
8	147	1.02617
8	161	1.04919
8	165	1.06086
8	167	0.91743
8	168	1.04841
8	169	1.06958
8	170	1.05752
8	171	0.895648
8	180	0.926422
9	43	0.711432
9	120	0.701352
9	129	0.716597
9	163	1.21432
9	168	0.74387
9	169	0.719498
9	172	1.20543
9	174	1.20749
9	177	1.19232
9	178	1.18835
9	179	1.20041
9	180	1.19167
10	26	1.17758
10	52	1.27377
10	58	1.15964
10	77	1.15789
10	85	0.664724
10	130	1.22293
10	137	0.728954
10	142	0.763008
10	155	0.74175
10	158	0.710764
10	159	1.1904
10	176	1.21779
11	65	0.684032
11	138	1.2228
11	144	1.18874
11	161	1.18977
11	162	0.739779
11	163	0.710847
11	165	1.20144
11	168	1.18899
11	169	1.21016
11	170	1.1981
11	172	0.742859
11	173	0.728547
12	16	0.967737
12	32	1.01644
12	50	1.07134
12	77	1.01944
12	90	0.898142
12	122	1.09367
12	141	0.876277
12	146	1.0851
12	152	1.06694
12	160	0.914662
12	176	1.07934
12	180	0.911415
13	65	0.875418
13	73	0.944176
13	84	1.01732
13	105	0.867725
13	147	1.03088
13	153	1.04271
13	161	1.0539
13	165	1.06557
13	168	1.05312
13	169	1.07429
13	170	1.06222
13	179	0.917612
14	22	1.17584
14	28	1.17897
14	38	0.679468
14	53	1.17614
14	86	1.1794
14	98	1.21413
14	106	1.21994
14	139	0.705177
14	171	0.724284
14	175	1.25559
14	178	0.745075
14	180	0.755058
15	64	1.21756
15	66	1.17205
15	87	0.694899
15	114	1.18459
15	125	1.19681
15	129	1.21192
15	131	1.18967
15	138	0.710556
15	141	1.2274
15	157	0.718389
15	176	0.744315
15	177	0.738026
16	12	0.967737
16	78	1.11068
16	97	1.07047
16	120	1.08202
16	137	0.913444
16	146	1.05876
16	152	1.04059
16	157	0.9021
16	158	0.895254
16	159	1.02561
16	163	0.896366
16	167	1.04413
17	7	1.22512
17	61	1.22126
17	62	1.19467
17	95	1.21645
17	104	0.713746
17	110	1.16041
17	113	1.16088
17	136	0.723152
17	175	1.22121
17	176	0.730003
17	177	0.723714
17	178	0.718038
18	29	1.24034
18	81	0.707111
18	108	1.19533
18	118	1.2251
18	121	1.18395
18	123	0.717315
18	125	1.17727
18	131	1.17014
18	136	0.713318
18	141	1.20787
18	159	0.744346
18	176	0.720169
19	58	1.08508
19	63	0.760296
19	97	1.1607
19	111	1.11622
19	130	1.14837
19	137	0.780845
19	140	1.14432
19	146	1.14899
19	159	1.11584
19	160	0.79669
19	166	0.773572
19	175	1.18049
19	180	0.793443
20	22	1.10499
20	53	1.10529
20	63	1.19074
20	86	1.10855
20	89	0.852279
20	98	1.14328
20	106	1.14909
20	135	1.1133
20	150	0.751769
20	154	0.762397
20	160	0.776131
20	175	1.18475
20	178	0.762902
21	27	1.10509
21	58	1.07038
21	69	1.23376
21	80	1.11625
21	83	1.19146
21	134	0.798661
21	149	0.781487
21	152	1.11613
21	159	1.10114
21	160	0.789803
21	171	0.755782
21	175	1.16579
21	177	0.78225
22	5	1.16965
22	14	1.17584
22	20	1.10499
22	63	1.16536
22	86	1.08317
22	98	1.1179
22	106	1.12371
22	150	0.770668
22	164	0.789186
22	174	0.773975
22	175	1.15937
22	176	0.793766
22	179	0.777485
23	90	0.635607
23	123	0.648009
23	141	0.613741
23	147	0.691689
23	162	1.29696
23	168	0.663845
23	169	0.639472
23	172	1.30832
23	174	1.31038
23	177	1.29522
23	178	1.29124
23	179	1.3033
23	180	1.29457
24	64	1.3035
24	79	1.32684
24	114	1.27054
24	118	1.33058
24	121	1.28943
24	141	1.31335
24	146	0.643332
24	155	0.657826
24	160	1.26576
24	173	0.645652
24	176	0.659612
24	179	0.643331
24	180	0.657629
25	46	1.12731
25	72	1.16654
25	96	1.16549
25	105	0.734295
25	121	1.12346
25	131	1.10965
25	140	1.12923
25	141	1.14738
25	158	1.13095
25	165	0.797435
25	167	0.789488
25	176	0.800463
25	179	0.784182
26	10	1.17758
26	48	0.768559
26	115	1.10805
26	130	1.12953
26	139	0.759348
26	146	1.13015
26	148	1.18052
26	158	0.77844
26	159	1.097
26	167	1.11552
26	172	0.811564
26	174	0.791421
26	175	1.16165
27	21	1.10509
27	37	1.19434
27	67	1.1154
27	102	0.822398
27	115	1.12482
27	130	1.1463
27	146	1.14692
27	149	0.782477
27	152	1.12875
27	154	1.1384
27	170	0.770831
27	171	0.756773
27	174	0.769739
28	5	1.17279
28	14	1.17897
28	53	1.08305
28	63	1.16849
28	86	1.08631
28	98	1.12104
28	106	1.12685
28	148	0.745706
28	156	0.777594
28	158	0.771718
28	160	0.805754
28	175	1.1625
28	176	0.80449
29	18	1.24034
29	46	1.21549
29	118	1.25279
29	121	1.21164
29	125	1.20496
29	129	1.22008
29	141	1.23556
29	156	0.688209
29	157	0.689179
29	158	1.21913
29	174	0.695315
29	176	0.715105
29	177	0.708816
29	180	0.713122
30	72	1.25255
30	96	1.2515
30	118	1.25062
30	120	1.24317
30	125	1.20279
30	129	1.21791
30	131	1.19566
30	143	0.692223
30	159	0.73068
30	160	1.1858
30	173	0.692543
30	174	0.686713
30	176	0.706503
30	178	0.694538
31	62	1.24467
31	74	1.16734
31	94	1.26917
31	99	1.2171
31	109	0.707906
31	110	1.2104
31	113	1.21088
31	116	0.712078
31	126	0.694932
31	137	1.20924
31	154	0.70119
31	158	0.680888
31	175	1.2712
31	176	0.71366
32	1	1.16308
32	12	1.01644
32	33	1.03874
32	111	1.07469
32	137	0.851964
32	139	0.814682
32	140	1.10279
32	152	1.08929
32	159	1.07431
32	163	0.834886
32	173	0.852585
32	175	1.13896
32	176	1.1017
32	178	0.85458
33	32	1.03874
33	58	1.0435
33	67	1.07589
33	68	1.07022
33	69	1.20687
33	85	0.787826
33	115	1.08531
33	122	1.11598
33	134	0.876759
33	149	0.859585
33	152	1.08924
33	158	0.833865
33	159	1.07426
33	170	0.847938
34	2	1.25467
34	4	0.686846
34	47	0.717766
34	54	0.647174
34	63	0.684832
34	113	0.730057
34	131	0.724294
34	153	1.21137
34	170	1.23088
34	175	1.25996
34	176	1.22269
34	177	1.20433
34	179	1.21242
34	180	1.20368
35	67	0.719488
35	88	0.641967
35	102	0.741339
35	120	0.678934
35	147	0.749296
35	151	1.22166
35	164	1.2316
35	166	1.23768
35	173	1.23523
35	175	0.660061
35	177	1.21759
35	178	1.21361
35	179	1.22568
35	180	1.21694
36	84	0.736233
36	140	0.708729
36	146	0.692831
36	148	0.650327
36	163	1.23853
36	164	1.23054
36	165	0.706083
36	169	0.69772
36	172	1.22964
36	174	1.2317
36	177	1.21653
36	178	1.21256
36	179	1.22462
36	180	1.21588
37	27	1.19434
37	59	1.16119
37	71	1.30636
37	97	1.23526
37	116	0.706187
37	140	1.21888
37	142	0.727242
37	146	1.22354
37	152	1.20538
37	155	0.705983
37	158	0.674998
37	172	0.708121
37	174	0.687979
37	175	1.25505
38	14	0.679468
38	78	0.65166
38	111	0.714264
38	133	0.715291
38	151	1.22026
38	157	1.2365
38	159	0.721112
38	161	0.709831
38	171	1.23865
38	172	1.2293
38	174	1.23136
38	177	1.21619
38	178	1.21221
38	180	1.21554
39	81	0.83781
39	100	1.06178
39	107	1.10763
39	128	1.05743
39	155	0.849082
39	161	1.0889
39	162	0.84814
39	165	1.10057
39	168	1.08812
39	169	1.1093
39	170	1.09723
39	176	1.08904
39	178	0.838902
39	179	0.834587
40	62	1.10307
40	74	1.02574
40	94	1.12757
40	95	1.12484
40	110	1.0688
40	113	1.06927
40	134	0.857496
40	137	1.06764
40	144	0.836138
40	154	0.834904
40	160	0.848638
40	167	1.08347
40	174	0.827583
40	175	1.1296
41	70	0.60243
41	114	0.725344
41	131	0.720197
41	133	0.73422
41	141	0.678743
41	155	1.22975
41	162	1.21897
41	163	1.23922
41	168	0.728847
41	171	1.23969
41	177	1.21723
41	178	1.21325
41	179	1.22531
41	180	1.21658
42	8	0.867283
42	71	0.629207
42	74	0.781586
42	115	0.734267
42	147	0.754213
42	162	1.16024
42	168	0.726369
42	171	1.18095
42	172	1.1716
42	173	1.17613
42	174	1.17366
42	177	1.15849
42	178	1.15451
42	179	1.16658
42	180	1.15784
43	9	0.711432
43	77	1.1189
43	80	1.16651
43	89	0.832464
43	92	1.2187
43	111	1.15179
43	115	1.16246
43	130	1.18394
43	140	1.1799
43	152	1.16639
43	153	0.761498
43	158	0.72228
43	159	1.15141
43	171	0.722295
43	172	0.755404
44	89	0.829314
44	109	0.746149
44	123	1.15893
44	133	1.15788
44	150	1.18013
44	153	1.15125
44	161	1.16244
44	163	0.720243
44	165	1.17411
44	168	1.16166
44	169	1.18283
44	170	1.17077
44	171	0.719146
44	177	0.745614
44	180	0.74992
45	67	0.778364
45	69	0.697525
45	84	0.794468
45	112	0.767222
45	138	0.733587
45	164	1.1714
45	166	1.17748
45	172	1.1705
45	173	1.17503
45	174	1.17256
45	175	0.718937
45	177	1.15739
45	178	1.15341
45	179	1.16548
45	180	1.15674
46	25	1.12731
46	29	1.21549
46	85	0.688785
46	118	1.20025
46	121	1.1591
46	127	0.730253
46	129	1.16753
46	131	1.14529
46	137	0.753015
46	141	1.18302
46	142	0.787069
46	158	1.16659
46	160	1.13543
46	161	0.780492
46	176	0.767596
47	34	0.717766
47	74	1.0976
47	94	1.19943
47	95	1.1967
47	99	1.14736
47	110	1.14066
47	113	1.14113
47	126	0.753584
47	148	1.22032
47	154	0.759842
47	167	1.15533
47	169	0.760921
47	174	0.752522
47	175	1.20146
47	178	0.760347
48	26	0.768559
48	113	0.74195
48	128	0.780763
48	135	0.752545
48	145	1.16931
48	150	0.708757
48	151	1.16285
48	153	0.738301
48	166	1.17887
48	173	1.17642
48	174	1.17395
48	177	1.15878
48	178	1.1548
48	179	1.16687
48	180	1.15813
49	62	0.719004
49	75	0.808981
49	96	0.710048
49	114	0.762524
49	145	1.16893
49	149	1.16795
49	152	0.756072
49	166	1.17849
49	170	0.734345
49	172	1.17151
49	173	1.17604
49	177	1.1584
49	178	1.15442
49	179	1.16649
49	180	1.15775
50	1	1.21798
50	12	1.07134
50	52	1.21257
50	83	1.21952
50	104	1.1811
50	114	0.771265
50	130	1.16174
50	146	1.16236
50	152	1.14419
50	158	0.729014
50	159	1.12921
50	162	0.759058
50	174	0.741995
50	179	0.745505
50	180	0.759803
51	64	0.689044
51	69	0.636858
51	111	0.724008
51	119	0.668906
51	138	0.672919
51	142	1.23658
51	156	1.27084
51	162	1.23772
51	165	0.703651
51	169	0.695288
51	171	1.25843
51	172	1.24908
51	177	1.23597
51	178	1.23199
51	179	1.24406
51	180	1.23532
52	10	1.27377
52	50	1.21257
52	69	1.3258
52	88	1.28197
52	111	1.19357
52	130	1.22572
52	132	0.695731
52	134	0.697122
52	152	1.20817
52	157	0.661074
52	164	0.68242
52	168	0.699982
52	172	0.687352
52	175	1.25784
52	176	1.22058
52	180	0.685017
53	14	1.17614
53	20	1.10529
53	28	1.08305
53	55	0.843063
53	63	1.16566
53	86	1.08347
53	98	1.1182
53	101	1.0963
53	104	0.788862
53	106	1.12401
53	135	1.08822
53	154	0.792649
53	155	0.803333
53	167	0.794144
53	175	1.15967
53	179	0.788838
54	34	0.647174
54	62	1.25561
54	74	1.17828
54	95	1.27738
54	99	1.22804
54	110	1.22135
54	132	0.710451
54	137	1.22018
54	148	1.30101
54	158	0.668948
54	160	0.702984
54	162	0.698992
54	166	0.679865
54	167	1.23601
54	175	1.28214
54	176	0.70172
55	53	0.843063
55	78	0.767177
55	93	0.85104
55	141	0.775331
55	148	0.753668
55	163	1.13072
55	164	1.12273
55	166	1.12881
55	169	0.801062
55	171	1.13119
55	172	1.12183
55	173	1.12636
55	177	1.10872
55	178	1.10475
55	179	1.11681
55	180	1.10807
56	69	0.613281
56	102	0.715971
56	128	0.73201
56	130	0.655553
56	133	0.701458
56	139	1.27868
56	153	0.689548
56	162	1.23461
56	165	0.680075
56	171	1.25533
56	172	1.24597
56	173	1.2505
56	177	1.23286
56	178	1.22889
56	179	1.24095
56	180	1.23221
57	92	0.763624
57	130	0.783346
57	135	0.831585
57	146	0.794616
57	153	0.817341
57	162	1.11219
57	163	1.13244
57	169	0.799505
57	171	1.1329
57	172	1.12355
57	173	1.12808
57	174	1.12561
57	177	1.11044
57	178	1.10646
57	179	1.11853
57	180	1.10979
58	10	1.15964
58	19	1.08508
58	21	1.07038
58	33	1.0435
58	78	1.16414
58	88	1.16784
58	92	1.14635
58	105	0.757208
58	148	1.16258
58	152	1.09405
58	158	0.790604
58	160	0.82464
58	163	0.791716
58	168	0.836358
58	176	1.10645
58	179	0.807095
59	2	1.13998
59	37	1.16119
59	61	1.14532
59	67	1.08225
59	97	1.12548
59	105	0.760311
59	115	1.09167
59	146	1.11377
59	148	1.16413
59	149	0.819427
59	152	1.0956
59	158	0.793707
59	159	1.08062
59	160	0.827743
59	163	0.794819
59	178	0.814513
60	76	0.651532
60	123	0.682966
60	129	0.671528
60	133	0.704175
60	135	0.706509
60	143	0.671539
60	149	1.24487
60	155	1.24785
60	161	0.698715
60	164	1.24933
60	166	1.25541
60	171	1.25778
60	177	1.23532
60	178	1.23135
60	179	1.24341
60	180	1.23467
61	17	1.22126
61	59	1.14532
61	79	0.69095
61	90	0.728146
61	98	0.749784
61	107	0.723911
61	113	1.17885
61	115	1.18557
61	159	1.17453
61	165	0.740374
61	169	0.732011
61	170	0.724703
61	173	1.20119
61	175	1.23918
61	178	1.17957
61	179	1.19164
61	180	1.1829
62	17	1.19467
62	31	1.24467
62	40	1.10307
62	49	0.719004
62	54	1.25561
62	95	1.20783
62	99	1.15849
62	103	0.713805
62	104	0.72421
62	113	1.15226
62	117	0.720045
62	120	1.20436
62	132	0.749199
62	167	1.16646
62	172	0.74082
62	175	1.21259
62	176	0.740468
63	19	0.760296
63	20	1.19074
63	22	1.16536
63	28	1.16849
63	34	0.684832
63	53	1.16566
63	86	1.16892
63	98	1.20365
63	106	1.20946
63	134	0.7495
63	135	1.17367
63	140	1.20895
63	154	0.726907
63	156	0.712481
63	164	0.734798
63	175	1.24511
63	176	0.739378
64	15	1.21756
64	24	1.3035
64	51	0.689044
64	66	1.13788
64	96	1.21135
64	104	0.740616
64	121	1.16932
64	125	1.16264
64	129	1.17776
64	131	1.15551
64	141	1.19324
64	150	0.733775
64	154	1.17124
64	156	0.729977
64	163	0.725213
64	167	0.745899
64	173	0.742913
65	11	0.684032
65	13	0.875418
65	66	1.15611
65	68	1.16079
65	96	1.22957
65	104	0.699776
65	108	1.19892
65	118	1.2287
65	125	1.18086
65	129	1.19598
65	131	1.17373
65	141	1.21146
65	149	0.708981
65	160	1.16387
65	169	0.704643
65	172	0.716385
65	176	0.716033
66	15	1.17205
66	64	1.13788
66	65	1.15611
66	72	1.16689
66	79	1.16122
66	96	1.16584
66	114	1.10492
66	117	0.765601
66	121	1.12381
66	129	1.13225
66	139	0.734159
66	141	1.14773
66	158	1.1313
66	164	0.781443
66	172	0.786375
66	176	0.786023
66	178	0.774057
66	180	0.78404
67	1	1.20023
67	27	1.1154
67	33	1.07589
67	35	0.719488
67	45	0.778364
67	59	1.08225
67	70	1.29131
67	77	1.07895
67	78	1.19653
67	80	1.12656
67	148	1.19497
67	151	0.789037
67	152	1.12644
67	159	1.11146
67	160	0.78679
67	172	0.785878
67	177	0.779237
67	179	0.769245
68	33	1.07022
68	65	1.16079
68	69	1.2384
68	83	1.1961
68	114	1.10961
68	121	1.1285
68	122	1.14751
68	125	1.12182
68	151	0.788018
68	156	0.757611
68	163	0.752847
68	164	0.779928
68	168	1.13226
68	169	1.15343
68	170	1.14136
68	177	0.778218
68	178	0.772542
68	180	0.782524
69	21	1.23376
69	33	1.20687
69	45	0.697525
69	51	0.636858
69	52	1.3258
69	56	0.613281
69	68	1.2384
69	111	1.24282
69	132	0.713418
69	146	1.27559
69	149	0.697635
69	152	1.25742
69	158	0.671915
69	159	1.24244
69	163	0.673027
69	172	0.705039
69	175	1.30709
69	176	1.26982
70	41	0.60243
70	67	1.29131
70	106	1.31867
70	127	0.62373
70	136	0.654223
70	139	0.60921
70	145	0.659336
70	146	1.32282
70	152	1.30466
70	155	0.659288
70	165	1.32859
70	169	1.33732
70	170	1.32525
70	175	1.35432
70	176	1.31706
70	179	0.644793
70	180	0.659091
71	37	1.30636
71	42	0.629207
71	98	1.24898
71	106	1.25479
71	108	0.673187
71	128	1.22157
71	130	1.25832
71	142	0.709801
71	146	1.25894
71	151	0.693839
71	159	1.22579
71	163	0.658668
71	164	0.685749
71	169	1.27344
71	170	1.26137
71	175	1.29044
71	177	0.684039
71	179	0.674048
72	25	1.16654
72	30	1.25255
72	66	1.16689
72	79	1.23574
72	89	0.787442
72	96	1.24035
72	104	0.693773
72	108	1.20971
72	110	0.725238
72	118	1.23948
72	125	1.19165
72	129	1.20676
72	131	1.18451
72	146	0.693751
72	158	1.20582
72	167	0.699056
72	174	0.69024
72	176	0.71003
72	180	0.708047
73	13	0.944176
73	75	0.840729
73	95	0.740134
73	102	0.81766
73	103	0.758129
73	155	1.11102
73	157	1.11881
73	159	0.808969
73	162	1.10024
73	164	1.1125
73	165	0.781764
73	166	1.11859
73	172	1.1116
73	173	1.11613
73	174	1.11366
73	177	1.0985
73	178	1.09452
73	179	1.10658
73	180	1.09785
74	31	1.16734
74	40	1.02574
74	42	0.781586
74	47	1.0976
74	54	1.17828
74	94	1.13324
74	95	1.1305
74	99	1.08117
74	110	1.07447
74	113	1.07494
74	119	0.804934
74	122	1.11233
74	132	0.851439
74	139	0.790844
74	158	0.809936
74	167	1.08913
74	175	1.13526
74	176	0.842707
74	179	0.826427
75	49	0.808981
75	73	0.840729
75	102	1.08465
75	127	0.793103
75	128	1.07793
75	143	1.13075
75	144	1.10837
75	147	1.08638
75	150	1.12709
75	153	1.09821
75	157	0.804519
75	161	1.1094
75	164	0.825866
75	165	1.12107
75	168	1.10862
75	169	1.12979
75	170	1.11773
75	173	0.816485
75	178	0.81848
76	60	0.651532
76	91	0.665571
76	116	0.738638
76	122	0.714902
76	123	1.20889
76	128	1.18093
76	137	1.18784
76	147	1.18938
76	150	1.2301
76	153	1.20121
76	161	1.21241
76	162	0.737492
76	165	1.22407
76	167	0.729246
76	168	1.21163
76	169	1.2328
76	170	1.22073
76	172	0.740572
76	177	0.733931
77	1	1.16609
77	10	1.15789
77	12	1.01944
77	43	1.1189
77	67	1.07895
77	97	1.12218
77	105	0.766963
77	116	0.831549
77	130	1.10984
77	136	0.82628
77	146	1.11046
77	151	0.836642
77	152	1.0923
77	159	1.07731
77	171	0.800374
77	172	0.833483
77	175	1.14196
77	176	1.1047
77	179	0.81685
78	16	1.11068
78	38	0.65166
78	55	0.767177
78	58	1.16414
78	67	1.19653
78	83	1.28521
78	111	1.19528
78	115	1.20595
78	130	1.22743
78	146	1.22805
78	148	1.27841
78	155	0.727447
78	159	1.1949
78	166	0.707378
78	167	1.21342
78	171	0.696476
78	173	0.715272
78	178	0.717267
78	180	0.72725
79	4	1.22325
79	24	1.32684
79	61	0.69095
79	66	1.16122
79	72	1.23574
79	108	1.20404
79	114	1.17377
79	116	0.720475
79	117	0.701634
79	121	1.19266
79	125	1.18598
79	127	0.684714
79	129	1.20109
79	131	1.17885
79	141	1.21658
79	145	0.72032
79	159	0.746233
79	172	0.722409
79	176	0.722056
80	1	1.2137
80	21	1.11625
80	43	1.16651
80	67	1.12656
80	83	1.21524
80	92	1.19222
80	101	0.766165
80	111	1.12531
80	120	1.18134
80	127	0.719436
80	148	1.20844
80	152	1.13991
80	159	1.12493
80	160	0.758043
80	161	0.769675
80	168	0.769761
80	170	0.738081
80	173	0.742819
80	175	1.18958
80	179	0.740498
81	18	0.707111
81	39	0.83781
81	88	0.694947
81	103	0.734788
81	130	0.733901
81	145	1.16566
81	163	1.17712
81	164	1.16914
81	165	0.758422
81	166	1.17522
81	168	0.774432
81	169	0.750059
81	171	1.17759
81	172	1.16824
81	173	1.17277
81	174	1.1703
81	177	1.15513
81	178	1.15115
81	179	1.16322
81	180	1.15448
82	103	0.771669
82	117	1.15601
82	123	0.795478
82	125	0.78341
82	131	0.802663
82	135	0.819021
82	149	1.12739
82	155	1.13036
82	163	1.13984
82	164	1.13185
82	169	0.786941
82	170	0.779633
82	171	1.1403
82	172	1.13095
82	173	1.13548
82	174	1.13301
82	175	0.749922
82	177	1.11784
82	178	1.11386
82	179	1.12593
82	180	1.11719
83	21	1.19146
83	50	1.21952
83	68	1.1961
83	78	1.28521
83	80	1.21524
83	90	0.691592
83	92	1.26743
83	111	1.20052
83	115	1.21119
83	142	0.72632
83	146	1.23329
83	152	1.21512
83	159	1.20014
83	160	0.708112
83	162	0.70412
83	166	0.684993
83	169	0.695457
83	172	0.7072
83	175	1.26479
83	177	0.700558
83	179	0.690567
84	13	1.01732
84	36	0.736233
84	45	0.794468
84	112	1.11504
84	117	0.781208
84	133	1.12319
84	138	1.16079
84	142	0.821103
84	143	1.1491
84	144	1.12672
84	148	1.18402
84	150	1.14544
84	155	0.799844
84	161	1.12775
84	162	0.798902
84	165	1.13942
84	167	0.790656
84	168	1.12697
84	169	1.14815
84	170	1.13608
84	173	0.78767
85	10	0.664724
85	33	0.787826
85	46	0.688785
85	98	0.70208
85	105	1.2457
85	115	0.716577
85	138	0.661938
85	145	1.22034
85	156	1.24468
85	157	1.23012
85	161	0.708593
85	163	1.2318
85	169	0.684306
85	170	0.676999
85	171	1.23227
85	173	1.22744
85	174	1.22497
85	177	1.20981
85	178	1.20583
85	179	1.21789
85	180	1.20916
86	5	1.17321
86	14	1.1794
86	20	1.10855
86	22	1.08317
86	28	1.08631
86	53	1.08347
86	63	1.16892
86	88	1.18706
86	98	1.12146
86	106	1.12727
86	122	0.779766
86	135	1.09148
86	140	1.12676
86	155	0.803298
86	156	0.778187
86	158	0.772312
86	166	0.783229
86	175	1.16293
86	176	0.805084
86	177	0.798794
86	178	0.793118
87	5	0.678697
87	15	0.694899
87	94	0.681189
87	95	0.680434
87	98	0.731475
87	99	0.712002
87	111	1.1978
87	125	0.71017
87	129	0.7108
87	141	0.68797
87	146	1.23057
87	148	1.28093
87	152	1.2124
87	161	1.22467
87	168	1.22389
87	169	1.24506
87	170	1.23299
87	171	1.2289
87	178	1.20246
87	179	1.21453
87	180	1.20579
88	35	0.641967
88	52	1.28197
88	58	1.16784
88	81	0.694947
88	86	1.18706
88	89	0.785416
88	98	1.22179
88	106	1.22759
88	115	1.20965
88	135	1.1918
88	150	1.24354
88	156	0.681108
88	162	0.705277
88	164	0.703425
88	168	1.22507
88	169	1.24625
88	170	1.23418
88	175	1.26325
88	177	0.701715
88	179	0.691724
88	180	0.706022
89	20	0.852279
89	43	0.832464
89	44	0.829314
89	72	0.787442
89	88	0.785416
89	123	0.849066
89	130	0.82437
89	146	0.83564
89	151	1.0927
89	155	1.10116
89	156	1.1235
89	162	1.09038
89	164	1.10264
89	166	1.10872
89	171	1.11109
89	172	1.10174
89	173	1.10627
89	174	1.1038
89	177	1.08863
89	178	1.08466
89	179	1.09672
89	180	1.08798
90	12	0.898142
90	23	0.635607
90	61	0.728146
90	83	0.691592
90	91	0.684603
90	100	1.1478
90	107	1.19364
90	138	1.20795
90	144	1.17388
90	146	0.742972
90	148	1.23118
90	150	1.19261
90	153	1.16372
90	161	1.17492
90	165	1.18658
90	168	1.17413
90	169	1.19531
90	170	1.18324
90	171	0.726495
90	173	0.745292
90	176	1.17505
90	177	0.752963
91	6	0.668873
91	76	0.665571
91	90	0.684603
91	108	0.682718
91	110	0.715067
91	123	0.697005
91	128	0.748767
91	140	0.699476
91	149	1.23724
91	150	0.676761
91	151	1.23176
91	155	1.24021
91	163	1.24968
91	166	1.24778
91	171	1.25015
91	172	1.2408
91	173	1.24532
91	174	1.24285
91	175	0.65145
91	177	1.22769
91	178	1.22371
91	179	1.23578
91	180	1.22704
92	43	1.2187
92	57	0.763624
92	58	1.14635
92	80	1.19222
92	83	1.26743
92	97	1.22198
92	115	1.18816
92	116	0.725654
92	130	1.20964
92	135	1.17032
92	137	0.712655
92	140	1.2056
92	146	1.21026
92	152	1.1921
92	155	0.725451
92	156	0.70034
92	159	1.17711
92	160	0.728501
92	163	0.695576
92	167	1.19563
92	172	0.727589
92	176	1.2045
92	177	0.720947
92	178	0.715271
93	55	0.85104
93	102	1.09053
93	109	0.807342
93	112	1.10257
93	119	1.14989
93	124	1.11596
93	133	1.11072
93	138	1.14832
93	139	0.761232
93	140	0.812713
93	143	1.13663
93	147	1.09226
93	150	1.13298
93	153	1.10409
93	154	0.800626
93	156	0.7862
93	157	0.78717
93	161	1.11529
93	165	1.12695
93	166	0.791241
93	168	1.11451
93	169	1.13568
93	170	1.12361
93	172	0.813448
94	31	1.26917
94	40	1.12757
94	47	1.19943
94	74	1.13324
94	87	0.681189
94	95	1.23233
94	99	1.183
94	110	1.1763
94	113	1.17677
94	120	1.22886
94	122	1.21417
94	132	0.739336
94	136	0.723754
94	137	1.17514
94	145	0.728868
94	148	1.25596
94	154	0.718134
94	160	0.731869
94	165	0.727577
94	167	1.19096
94	173	0.716644
94	175	1.2371
94	176	0.730605
94	179	0.714324
95	17	1.21645
95	40	1.12484
95	47	1.1967
95	54	1.27738
95	62	1.20783
95	73	0.740134
95	74	1.1305
95	87	0.680434
95	94	1.23233
95	99	1.18026
95	110	1.17356
95	113	1.17404
95	120	1.22613
95	127	0.692507
95	137	1.1724
95	140	0.729468
95	142	0.749323
95	148	1.25322
95	160	0.731115
95	170	0.711152
95	172	0.730203
95	175	1.23436
95	176	0.72985
95	179	0.71357
96	25	1.16549
96	30	1.2515
96	49	0.710048
96	64	1.21135
96	65	1.22957
96	66	1.16584
96	72	1.24035
96	101	1.17585
96	108	1.20865
96	114	1.17838
96	127	0.694169
96	131	1.18346
96	132	1.19172
96	140	1.20305
96	141	1.22119
96	146	0.715232
96	159	0.755689
96	160	1.1736
96	164	0.726932
96	173	0.717551
96	177	0.725223
96	178	0.719546
96	179	0.715231
96	180	0.729529
97	2	1.21405
97	16	1.07047
97	19	1.1607
97	37	1.23526
97	59	1.12548
97	77	1.12218
97	92	1.22198
97	101	0.776884
97	105	0.70133
97	111	1.15507
97	115	1.16574
97	122	1.19641
97	130	1.18722
97	135	1.14789
97	137	0.752916
97	145	0.765761
97	152	1.16967
97	157	0.741571
97	159	1.15469
97	165	0.76447
97	167	1.17321
97	171	0.734741
97	172	0.76785
97	173	0.753537
97	178	0.755532
98	5	1.20794
98	14	1.21413
98	20	1.14328
98	22	1.1179
98	28	1.12104
98	53	1.1182
98	61	0.749784
98	63	1.20365
98	71	1.24898
98	85	0.70208
98	86	1.12146
98	87	0.731475
98	88	1.22179
98	101	1.13429
98	106	1.162
98	122	0.755573
98	135	1.12621
98	137	0.766309
98	138	0.747131
98	140	1.16149
98	158	0.748119
98	166	0.759036
98	175	1.19766
98	176	0.780891
98	178	0.768925
99	7	1.18894
99	31	1.2171
99	47	1.14736
99	54	1.22804
99	62	1.15849
99	74	1.08117
99	87	0.712002
99	94	1.183
99	95	1.18026
99	101	0.770804
99	110	1.12423
99	113	1.1247
99	120	1.17679
99	122	1.1621
99	132	0.770149
99	139	0.709554
99	145	0.759681
99	148	1.20389
99	149	0.754366
99	160	0.762682
99	167	1.13889
99	175	1.18503
99	176	0.761418
99	177	0.755129
99	180	0.759435
100	39	1.06178
100	90	1.1478
100	107	1.15593
100	109	0.792617
100	120	0.768835
100	123	1.13369
100	126	0.779643
100	127	0.761028
100	133	1.13264
100	138	1.17024
100	143	1.15855
100	144	1.13618
100	145	0.796634
100	147	1.11419
100	153	1.12602
100	154	0.785901
100	161	1.13721
100	165	1.14888
100	166	0.776517
100	167	0.787396
100	168	1.13643
100	169	1.1576
100	170	1.14553
100	174	0.778581
100	176	1.13734
100	178	0.786406
101	53	1.0963
101	80	0.766165
101	96	1.17585
101	97	0.776884
101	98	1.13429
101	99	0.770804
101	106	1.1401
101	112	0.78377
101	118	1.17497
101	121	1.13382
101	123	0.781041
101	129	1.14226
101	131	1.12001
101	140	1.13959
101	152	0.786922
101	153	0.79034
101	157	1.14045
101	161	0.79679
101	169	0.772503
101	170	0.765196
101	171	1.1426
101	175	1.17576
101	177	1.12013
101	178	1.11616
101	179	1.12822
101	180	1.11948
102	27	0.822398
102	35	0.741339
102	56	0.715971
102	73	0.81766
102	75	1.08465
102	93	1.09053
102	107	1.15829
102	112	1.12686
102	119	1.17417
102	128	1.10809
102	133	1.13501
102	138	1.1726
102	141	0.770255
102	144	1.13854
102	147	1.11655
102	150	1.15726
102	157	0.78145
102	161	1.13957
102	163	0.775717
102	165	1.15124
102	166	0.785522
102	168	1.13879
102	169	1.15996
102	170	1.1479
102	177	0.801087
102	178	0.795411
103	6	1.20598
103	62	0.713805
103	73	0.758129
103	81	0.734788
103	82	0.771669
103	107	1.19807
103	122	0.722528
103	128	1.14787
103	133	1.17478
103	135	1.14529
103	138	1.21238
103	144	1.17831
103	146	0.731566
103	147	1.15632
103	149	0.740793
103	150	1.19704
103	151	0.751356
103	153	1.16815
103	161	1.17934
103	165	1.19101
103	168	1.17856
103	169	1.19974
103	170	1.18767
103	172	0.748198
103	173	0.733885
103	175	0.699436
103	176	1.17948
104	4	0.725135
104	17	0.713746
104	50	1.1811
104	53	0.788862
104	62	0.72421
104	64	0.740616
104	65	0.699776
104	72	0.693773
104	110	0.773459
104	112	1.17625
104	113	0.768345
104	129	0.743959
104	130	1.19424
104	141	0.721129
104	142	1.17135
104	146	1.19486
104	152	1.1767
104	153	1.17777
104	159	1.16171
104	164	1.18475
104	168	1.18819
104	169	1.20936
104	170	1.19729
104	177	1.17074
104	178	1.16676
104	179	1.17883
104	180	1.17009
105	13	0.867725
105	25	0.734295
105	58	0.757208
105	59	0.760311
105	77	0.766963
105	85	1.2457
105	97	0.70133
105	126	1.18721
105	129	0.694049
105	133	0.726696
105	139	1.20957
105	141	0.671219
105	142	1.16437
105	153	0.714786
105	157	1.18408
105	162	1.16551
105	164	1.17777
105	166	1.18385
105	169	0.69695
105	171	1.18622
105	172	1.17687
105	173	1.1814
105	174	1.17893
105	177	1.16376
105	178	1.15978
105	179	1.17185
105	180	1.16311
106	5	1.21375
106	14	1.21994
106	20	1.14909
106	22	1.12371
106	28	1.12685
106	53	1.12401
106	63	1.20946
106	70	1.31867
106	71	1.25479
106	86	1.12727
106	88	1.22759
106	98	1.162
106	101	1.1401
106	116	0.748285
106	124	0.736337
106	135	1.13202
106	136	0.743017
106	140	1.1673
106	148	0.691083
106	149	0.742815
106	157	0.723941
106	162	0.747139
106	169	0.738477
106	172	0.75022
106	175	1.20347
106	176	0.749867
106	178	0.737902
107	39	1.10763
107	61	0.723911
107	90	1.19364
107	100	1.15593
107	102	1.15829
107	103	1.19807
107	122	0.729699
107	133	1.17849
107	136	0.748166
107	138	1.21608
107	139	0.703153
107	143	1.2044
107	147	1.16003
107	149	0.747965
107	150	1.20074
107	153	1.17186
107	161	1.18305
107	162	0.752289
107	165	1.19472
107	167	0.744042
107	168	1.18227
107	169	1.20344
107	170	1.19138
107	171	0.72226
107	172	0.755369
107	173	0.741057
107	177	0.748728
108	4	1.19722
108	18	1.19533
108	65	1.19892
108	71	0.673187
108	72	1.20971
108	79	1.20404
108	91	0.682718
108	96	1.20865
108	109	0.751613
108	114	1.14774
108	118	1.20778
108	121	1.16663
108	125	1.15995
108	126	0.738639
108	129	1.17506
108	131	1.15281
108	137	0.742786
108	141	1.19055
108	151	0.760878
108	153	0.763813
108	154	1.16855
108	158	1.17412
108	160	1.14296
108	167	0.746393
108	173	0.743407
108	176	0.757367
108	177	0.751078
109	31	0.707906
109	44	0.746149
109	93	0.807342
109	100	0.792617
109	108	0.751613
109	112	0.76863
109	123	0.7659
109	133	0.787109
109	134	1.13291
109	136	1.1683
109	140	0.768371
109	149	1.14996
109	151	1.14448
109	153	0.775199
109	156	1.17528
109	157	1.16073
109	163	1.16241
109	164	1.15442
109	166	1.1605
109	172	1.15352
109	173	1.15805
109	174	1.15558
109	175	0.720344
109	176	1.15877
109	177	1.14041
109	178	1.13643
109	179	1.1485
109	180	1.13976
110	7	1.18224
110	17	1.16041
110	31	1.2104
110	40	1.0688
110	47	1.14066
110	54	1.22135
110	72	0.725238
110	74	1.07447
110	91	0.715067
110	94	1.1763
110	95	1.17356
110	99	1.12423
110	104	0.773459
110	113	1.118
110	120	1.17009
110	122	1.1554
110	137	1.11637
110	144	0.77848
110	148	1.19719
110	155	0.78793
110	158	0.756944
110	160	0.79098
110	163	0.758056
110	167	1.1322
110	171	0.756959
110	175	1.17833
110	176	0.789716
110	178	0.77775
111	19	1.11622
111	32	1.07469
111	38	0.714264
111	43	1.15179
111	51	0.724008
111	52	1.19357
111	69	1.24282
111	78	1.19528
111	80	1.12531
111	83	1.20052
111	87	1.1978
111	97	1.15507
111	122	1.15192
111	126	0.773109
111	130	1.14273
111	138	0.758078
111	140	1.13869
111	141	0.754715
111	146	1.14335
111	152	1.12519
111	154	1.13484
111	157	0.765911
111	159	1.11021
111	164	0.787258
111	165	0.788809
111	166	0.769982
111	172	0.792189
111	173	0.777877
112	6	1.17825
112	45	0.767222
112	84	1.11504
112	93	1.10257
112	101	0.78377
112	102	1.12686
112	104	1.17625
112	109	0.76863
112	117	0.753962
112	119	1.18622
112	121	0.765656
112	122	0.749066
112	124	1.15229
112	129	0.760093
112	133	1.14705
112	138	1.18465
112	150	1.16931
112	153	1.14042
112	154	0.761914
112	160	1.12341
112	161	1.15162
112	162	0.771656
112	165	1.16328
112	166	0.75253
112	168	1.15083
112	169	1.17201
112	170	1.15994
112	180	0.772401
113	7	1.18271
113	17	1.16088
113	31	1.21088
113	34	0.730057
113	40	1.06927
113	47	1.14113
113	48	0.74195
113	61	1.17885
113	62	1.15226
113	74	1.07494
113	94	1.17677
113	95	1.17404
113	99	1.1247
113	104	0.768345
113	110	1.118
113	120	1.17057
113	122	1.15587
113	132	0.793334
113	145	0.782866
113	148	1.19766
113	154	0.772132
113	158	0.751831
113	163	0.752943
113	167	1.13267
113	173	0.770642
113	174	0.764812
113	175	1.1788
113	176	0.784602
114	15	1.18459
114	24	1.27054
114	41	0.725344
114	49	0.762524
114	50	0.771265
114	66	1.10492
114	68	1.10961
114	79	1.17377
114	96	1.17838
114	108	1.14774
114	118	1.17751
114	120	1.17006
114	122	0.75867
114	125	1.12968
114	129	1.14479
114	131	1.12254
114	132	1.1308
114	137	0.769407
114	138	0.750229
114	141	1.16027
114	154	1.13827
114	158	1.14384
114	160	1.11269
114	166	0.762133
114	167	0.773013
114	176	0.783988
114	178	0.772022
114	180	0.782005
115	26	1.10805
115	27	1.12482
115	33	1.08531
115	42	0.734267
115	43	1.16246
115	59	1.09167
115	61	1.18557
115	78	1.20595
115	83	1.21119
115	85	0.716577
115	88	1.20965
115	92	1.18816
115	97	1.16574
115	119	0.757615
115	130	1.1534
115	132	0.804119
115	137	0.780807
115	139	0.743524
115	146	1.15402
115	154	1.1455
115	157	0.769462
115	158	0.762616
115	159	1.12087
115	167	1.13939
115	170	0.776689
115	174	0.775597
115	176	1.14826
115	177	0.789099
116	31	0.712078
116	37	0.706187
116	76	0.738638
116	77	0.831549
116	79	0.720475
116	92	0.725654
116	106	0.748285
116	124	0.759396
116	139	1.19816
116	144	0.76169
116	145	1.16288
116	150	0.749828
116	151	1.15641
116	155	1.16487
116	156	1.18721
116	157	1.17266
116	162	1.15409
116	163	1.17434
116	164	1.16635
116	166	1.17244
116	168	0.785908
116	170	0.754228
116	171	1.17481
116	172	1.16545
116	173	1.16998
116	174	1.16751
116	177	1.15235
116	178	1.14837
116	179	1.16043
116	180	1.15169
117	1	0.701883
117	62	0.720045
117	66	0.765601
117	79	0.701634
117	82	1.15601
117	84	0.781208
117	112	0.753962
117	119	0.716313
117	127	1.22323
117	134	1.15854
117	139	1.21186
117	140	0.753703
117	142	1.16666
117	144	0.74285
117	145	1.17658
117	150	0.730988
117	151	1.17012
117	156	1.20092
117	161	0.766981
117	162	1.16779
117	163	1.18804
117	164	1.18005
117	165	0.751058
117	171	1.18851
117	172	1.17915
117	173	1.18368
117	174	1.18121
117	175	0.705676
117	177	1.16605
117	178	1.16207
117	179	1.17413
117	180	1.1654
118	4	1.22699
118	18	1.2251
118	24	1.33058
118	29	1.25279
118	30	1.25062
118	46	1.20025
118	65	1.2287
118	72	1.23948
118	101	1.17497
118	108	1.20778
118	114	1.17751
118	121	1.1964
118	122	0.688444
118	125	1.18972
118	128	0.762669
118	129	1.20484
118	131	1.18259
118	132	1.19085
118	140	1.20217
118	141	1.22032
118	147	0.754587
118	149	0.706709
118	150	0.690663
118	154	1.19832
118	161	0.726657
118	167	0.702787
118	171	0.681005
118	172	0.714114
118	173	0.699801
118	174	0.693971
118	175	0.665352
118	176	0.713761
118	177	0.707472
119	3	1.07939
119	51	0.668906
119	74	0.804934
119	93	1.14989
119	102	1.17417
119	112	1.18622
119	115	0.757615
119	117	0.716313
119	123	1.19542
119	124	1.1996
119	125	0.721813
119	127	0.699392
119	128	1.16745
119	132	1.18884
119	133	1.19437
119	134	0.746857
119	138	1.23196
119	143	1.22028
119	144	1.1979
119	147	1.17591
119	150	1.21662
119	152	0.739763
119	153	1.18774
119	154	0.724265
119	155	0.734949
119	161	1.19893
119	165	1.2106
119	166	0.71488
119	168	1.19815
119	169	1.21932
119	170	1.20726
119	172	0.737087
119	173	0.722775
119	179	0.720454
120	2	1.2256
120	9	0.701352
120	16	1.08202
120	30	1.24317
120	35	0.678934
120	62	1.20436
120	80	1.18134
120	94	1.22886
120	95	1.22613
120	99	1.17679
120	100	0.768835
120	110	1.17009
120	113	1.17057
120	114	1.17006
120	121	1.18895
120	129	1.19739
120	131	1.17514
120	134	0.755094
120	135	1.15944
120	139	0.693109
120	141	1.21287
120	147	0.785798
120	151	0.748483
120	156	0.718076
120	158	1.19644
120	159	1.16624
120	163	0.713312
120	165	0.741944
120	166	0.723118
120	173	0.731012
120	174	0.725182
120	175	1.23089
120	176	1.19363
120	179	0.728692
121	18	1.18395
121	24	1.28943
121	25	1.12346
121	29	1.21164
121	46	1.1591
121	64	1.16932
121	66	1.12381
121	68	1.1285
121	79	1.19266
121	101	1.13382
121	108	1.16663
121	112	0.765656
121	118	1.1964
121	120	1.18895
121	125	1.14857
121	129	1.16368
121	131	1.14144
121	132	1.14969
121	137	0.751198
121	138	0.73202
121	139	0.713916
121	140	1.16102
121	141	1.17917
121	145	0.764043
121	146	0.7495
121	154	1.15717
121	160	1.13158
121	165	0.762752
121	166	0.743925
121	173	0.751819
121	174	0.745989
121	176	0.76578
121	178	0.753814
121	179	0.749499
121	180	0.763797
122	1	1.24032
122	3	0.895904
122	12	1.09367
122	33	1.11598
122	68	1.14751
122	74	1.11233
122	76	0.714902
122	86	0.779766
122	94	1.21417
122	97	1.19641
122	98	0.755573
122	99	1.1621
122	103	0.722528
122	107	0.729699
122	110	1.1554
122	111	1.15192
122	112	0.749066
122	113	1.15587
122	114	0.75867
122	118	0.688444
122	124	0.73566
122	134	1.15306
122	138	0.715431
122	139	1.20638
122	146	1.18469
122	153	0.755636
122	167	1.17006
122	168	0.762172
122	170	0.730492
122	173	1.17821
122	175	1.21619
122	177	1.16057
122	178	1.15659
122	179	1.16866
122	180	1.15992
123	18	0.717315
123	23	0.648009
123	44	1.15893
123	60	0.682966
123	76	1.20889
123	82	0.795478
123	89	0.849066
123	91	0.697005
123	100	1.13369
123	101	0.781041
123	109	0.7659
123	119	1.19542
123	124	1.16149
123	128	1.12934
123	130	0.744105
123	133	1.15625
123	138	1.19385
123	143	1.18216
123	144	1.15978
123	147	1.13779
123	148	1.21707
123	150	1.1785
123	153	1.14962
123	154	0.759184
123	160	1.1326
123	161	1.16081
123	162	0.768927
123	164	0.767075
123	165	1.17248
123	167	0.76068
123	168	1.16003
123	169	1.1812
123	170	1.16914
123	176	1.16095
123	180	0.769672
124	93	1.11596
124	106	0.736337
124	112	1.15229
124	116	0.759396
124	119	1.1996
124	122	0.73566
124	123	1.16149
124	128	1.13352
124	133	1.16043
124	135	1.13095
124	138	1.19803
124	142	0.78045
124	143	1.18635
124	144	1.16397
124	147	1.14198
124	148	1.22126
124	150	1.18269
124	151	0.764488
124	152	0.764006
124	153	1.15381
124	155	0.759192
124	158	1.16795
124	161	1.165
124	162	0.75825
124	165	1.17667
124	167	0.750003
124	168	1.16422
124	169	1.18539
124	170	1.17332
124	173	0.747017
124	174	0.741187
124	175	0.712568
124	176	1.16513
124	179	0.744697
124	180	0.758995
125	4	1.17916
125	15	1.19681
125	18	1.17727
125	29	1.20496
125	30	1.20279
125	64	1.16264
125	65	1.18086
125	68	1.12182
125	72	1.19165
125	79	1.18598
125	82	0.78341
125	87	0.71017
125	108	1.15995
125	114	1.12968
125	118	1.18972
125	119	0.721813
125	121	1.14857
125	129	1.157
125	131	1.13476
125	132	1.14301
125	136	0.752736
125	140	1.15434
125	141	1.17249
125	142	0.779059
125	147	0.800412
125	154	1.15049
125	155	0.7578
125	156	0.73269
125	157	0.73366
125	158	1.15606
125	164	0.755007
125	166	0.737732
125	167	0.748612
125	176	0.759586
125	179	0.743306
126	31	0.694932
126	47	0.753584
126	100	0.779643
126	105	1.18721
126	108	0.738639
126	111	0.773109
126	131	0.760112
126	136	1.17921
126	139	1.19714
126	142	1.15193
126	143	0.7415
126	145	1.16186
126	150	0.732682
126	151	1.15539
126	155	1.16385
126	156	1.18619
126	157	1.17164
126	159	0.779957
126	161	0.768675
126	162	1.15307
126	163	1.17332
126	164	1.16533
126	165	0.752752
126	166	1.17142
126	168	0.768762
126	170	0.737081
126	171	1.17379
126	172	1.16443
126	173	1.16896
126	174	1.16649
126	175	0.70737
126	177	1.15133
126	178	1.14735
126	179	1.15941
126	180	1.15067
127	46	0.730253
127	70	0.62373
127	75	0.793103
127	79	0.684714
127	80	0.719436
127	95	0.692507
127	96	0.694169
127	100	0.761028
127	117	1.22323
127	119	0.699392
127	134	1.17755
127	139	1.23086
127	141	0.700044
127	145	1.19558
127	147	0.777991
127	148	0.678381
127	149	1.1946
127	154	1.20066
127	155	1.19758
127	156	1.21992
127	157	1.20537
127	159	0.761342
127	162	1.1868
127	163	1.20705
127	166	1.20514
127	168	0.750147
127	169	0.725774
127	171	1.20751
127	172	1.19816
127	173	1.20269
127	174	1.20022
127	176	1.20341
127	177	1.18505
127	178	1.18107
127	179	1.19314
127	180	1.1844
128	3	1.01331
128	8	1.01772
128	39	1.05743
128	48	0.780763
128	56	0.73201
128	71	1.22157
128	75	1.07793
128	76	1.18093
128	91	0.748767
128	102	1.10809
128	103	1.14787
128	118	0.762669
128	119	1.16745
128	123	1.12934
128	124	1.13352
128	133	1.12829
128	136	0.816565
128	138	1.16588
128	144	1.13182
128	145	0.821679
128	147	1.10983
128	150	1.15054
128	153	1.12166
128	156	0.796519
128	161	1.13285
128	162	0.820688
128	165	1.14452
128	166	0.801561
128	167	0.812441
128	168	1.13207
128	169	1.15324
128	170	1.14118
128	171	0.790659
128	174	0.803625
128	176	1.13299
128	177	0.817127
128	178	0.81145
129	9	0.716597
129	15	1.21192
129	29	1.22008
129	30	1.21791
129	46	1.16753
129	60	0.671528
129	64	1.17776
129	65	1.19598
129	66	1.13225
129	72	1.20676
129	79	1.20109
129	87	0.7108
129	101	1.14226
129	104	0.743959
129	105	0.694049
129	108	1.17506
129	112	0.760093
129	114	1.14479
129	118	1.20484
129	120	1.19739
129	121	1.16368
129	125	1.157
129	131	1.14987
129	140	1.16946
129	141	1.1876
129	147	0.801042
129	151	0.763727
129	154	1.1656
129	157	0.73429
129	158	1.17117
129	160	1.14001
129	167	0.749242
129	173	0.746256
129	176	0.760216
129	177	0.753927
129	178	0.748251
129	180	0.758234
130	6	0.715972
130	10	1.22293
130	19	1.14837
130	26	1.12953
130	27	1.1463
130	43	1.18394
130	50	1.16174
130	52	1.22572
130	56	0.655553
130	57	0.783346
130	71	1.25832
130	77	1.10984
130	78	1.22743
130	81	0.733901
130	89	0.82437
130	92	1.20964
130	97	1.18722
130	104	1.19424
130	111	1.14273
130	115	1.1534
130	123	0.744105
130	134	0.757081
130	137	0.732377
130	146	1.1755
130	148	1.22587
130	151	0.750469
130	152	1.15734
130	154	1.16698
130	158	0.714187
130	159	1.14235
130	160	0.748223
130	164	0.742379
130	167	1.16087
130	173	0.732998
130	176	1.16974
130	178	0.734993
130	180	0.744976
131	4	1.17202
131	15	1.18967
131	18	1.17014
131	25	1.10965
131	30	1.19566
131	34	0.724294
131	41	0.720197
131	46	1.14529
131	64	1.15551
131	65	1.17373
131	72	1.18451
131	79	1.17885
131	82	0.802663
131	96	1.18346
131	101	1.12001
131	108	1.15281
131	114	1.12254
131	118	1.18259
131	120	1.17514
131	121	1.14144
131	125	1.13476
131	126	0.760112
131	129	1.14987
131	132	1.13588
131	141	1.16535
131	148	0.720056
131	154	1.14335
131	157	0.752914
131	160	1.11777
131	163	0.74718
131	164	0.774261
131	168	0.791822
131	170	0.760141
131	173	0.76488
