1	84	0.821366
1	85	0.818847
1	106	1.6449
1	113	0.808194
1	133	0.79378
1	136	0.805282
1	143	0.791312
1	154	0.780824
1	155	1.76124
1	167	2.02965
1	171	0.810827
1	173	0.767691
2	29	0.939089
2	39	0.912426
2	47	0.874506
2	65	0.939133
2	83	0.897421
2	142	1.03032
2	152	0.853318
2	160	0.864973
2	165	1.31314
2	171	0.93839
2	175	1.4229
2	180	1.92404
3	69	0.795144
3	87	0.821758
3	105	0.795569
3	109	0.835475
3	113	0.812906
3	119	0.788092
3	122	0.814004
3	133	0.798492
3	165	0.776309
3	171	1.22262
3	178	2.27146
3	180	1.99446
4	31	0.876824
4	36	0.845727
4	49	0.949025
4	54	0.910496
4	79	1.20273
4	80	0.97663
4	85	0.913334
4	103	1.39359
4	111	1.1698
4	145	1.82118
4	171	0.905313
4	173	0.862177
5	62	0.918359
5	70	0.893583
5	71	0.893817
5	82	0.871508
5	86	0.854356
5	92	0.900462
5	97	0.931357
5	156	1.24596
5	163	1.33955
5	164	0.948023
5	167	1.50216
5	170	1.60211
6	8	1.50683
6	52	0.867846
6	75	0.88722
6	87	0.933415
6	108	0.885982
6	113	0.924564
6	117	1.28116
6	122	0.925662
6	129	0.916028
6	133	0.91015
6	150	1.29888
6	161	1.56236
7	50	1.00572
7	87	0.928196
7	126	0.979833
7	127	1.06275
7	163	0.982462
7	168	0.912117
7	170	0.906934
7	174	0.879606
7	175	0.907742
7	176	0.886038
7	178	0.841524
7	179	0.905241
8	6	1.50683
8	82	1.32722
8	116	1.47147
8	126	0.831125
8	135	0.830892
8	143	0.818001
8	165	0.798287
8	167	0.790491
8	171	0.837516
8	173	0.79438
8	176	0.739032
8	179	0.758235
9	46	0.893151
9	47	0.877751
9	65	0.942378
9	83	0.900667
9	151	0.928237
9	152	0.856563
9	157	0.912498
9	160	0.868219
9	171	0.941636
9	173	1.08411
9	177	2.11746
9	180	1.59856
10	90	1.67986
10	101	0.94188
10	104	0.924014
10	114	0.923705
10	124	0.924034
10	125	0.922086
10	134	1.35461
10	156	1.32462
10	158	1.28136
10	165	0.913908
10	177	0.80969
10	180	0.839736
11	18	0.751606
11	20	0.748778
11	23	0.815444
11	42	0.79137
11	45	0.857775
11	57	0.826221
11	60	0.821925
11	111	1.26239
11	161	1.87213
11	164	0.847654
11	173	0.778257
11	180	2.28272
12	101	0.933846
12	104	0.91598
12	107	0.977531
12	114	0.915671
12	124	0.915999
12	125	0.914052
12	152	1.62313
12	161	1.28156
12	166	1.48919
12	168	1.30615
12	177	0.801656
12	180	0.831702
13	45	0.847595
13	66	1.07425
13	137	1.11594
13	164	0.889357
13	167	0.948627
13	169	0.906133
13	172	0.894362
13	174	0.890735
13	175	0.918871
13	176	0.897168
13	178	0.852654
13	179	0.916371
14	101	0.832456
14	104	0.81459
14	107	0.876141
14	114	0.814281
14	124	0.814609
14	125	0.812662
14	151	1.73792
14	158	1.57954
14	165	0.804484
14	174	2.16495
14	177	0.700266
14	180	0.730312
15	115	1.27392
15	127	0.91519
15	131	0.920386
15	136	0.917537
15	137	0.913858
15	138	0.904717
15	140	0.896866
15	143	0.903567
15	166	1.63687
15	168	1.45383
15	173	1.32537
15	180	0.809681
16	50	1.43627
16	99	1.37566
16	117	0.857917
16	148	1.39714
16	150	0.87168
16	166	0.792447
16	169	0.791947
16	170	0.803877
16	174	0.77655
16	176	0.782982
16	178	0.738468
16	179	0.802185
17	29	0.829371
17	39	0.802708
17	43	1.55568
17	44	0.814612
17	46	0.780188
17	65	0.829415
17	83	0.787703
17	111	1.5977
17	157	0.799535
17	160	0.755255
17	168	2.23204
17	171	0.828672
18	11	0.751606
18	20	0.747626
18	23	0.814292
18	30	1.49852
18	42	0.790218
18	45	0.856623
18	57	0.825069
18	60	0.820773
18	164	0.846502
18	171	1.72822
18	173	0.777105
18	176	2.2018
19	33	0.775104
19	34	0.654339
19	66	0.798566
19	97	0.797473
19	143	2.09601
19	149	2.2542
19	164	0.814139
19	176	0.689394
19	177	0.64443
19	178	0.64488
19	179	0.708597
19	180	0.674477
20	11	0.748778
20	18	0.747626
20	42	0.787389
20	45	0.853794
20	57	0.82224
20	60	0.817944
20	134	0.805332
20	155	1.22032
20	164	0.843673
20	173	0.774276
20	176	1.71971
20	177	2.53688
21	28	0.947887
21	46	1.39177
21	65	1.09473
21	78	0.793657
21	84	1.10906
21	125	0.920605
21	149	0.917075
21	152	0.866585
21	176	0.853172
21	177	0.808209
21	178	0.808658
21	179	0.872376
21	180	0.838256
22	75	1.17095
22	89	1.15386
22	118	1.02511
22	121	1.03565
22	155	0.911559
22	156	0.948637
22	161	0.876655
22	166	0.845956
22	167	0.88795
22	175	0.858195
22	176	0.836491
22	178	0.791977
22	179	0.855694
23	11	0.815444
23	18	0.814292
23	42	0.854056
23	45	0.920461
23	57	0.888907
23	60	0.884611
23	134	0.871999
23	150	1.32754
23	151	1.33128
23	160	1.72388
23	164	0.91034
23	173	0.840943
23	176	1.70334
24	70	1.01149
24	74	1.09227
24	88	1.15379
24	154	1.09251
24	168	0.890971
24	169	0.873857
24	170	0.885788
24	172	0.862086
24	174	0.85846
24	175	0.886596
24	176	0.864892
24	178	0.820378
24	179	0.884095
25	89	0.915318
25	112	0.846846
25	121	0.911976
25	140	0.882764
25	146	0.890709
25	149	0.874399
25	152	0.823908
25	154	0.878978
25	165	1.34106
25	169	1.70366
25	170	1.52268
25	177	0.765533
25	179	1.54053
26	92	1.45984
26	138	1.49983
26	139	1.15445
26	156	0.897022
26	167	0.836335
26	169	0.793841
26	172	0.78207
26	174	0.778444
26	175	0.80658
26	176	0.784876
26	178	0.740362
26	179	0.804079
27	38	0.855894
27	81	0.856544
27	88	0.871992
27	118	0.874563
27	136	0.884207
27	137	0.880528
27	148	0.884327
27	149	0.85517
27	154	0.859749
27	168	1.52733
27	174	1.67002
27	175	1.41218
27	179	1.50188
28	21	0.947887
28	41	1.34097
28	56	0.803235
28	81	0.85305
28	89	0.892595
28	112	0.824124
28	123	0.86819
28	128	0.87691
28	131	0.883562
28	145	1.66946
28	146	0.867986
28	167	1.50917
28	173	1.52395
29	2	0.939089
29	17	0.829371
29	44	0.876667
29	46	0.842242
29	47	0.826842
29	50	0.93181
29	144	1.05544
29	157	0.861589
29	160	0.81731
29	166	1.76697
29	169	1.72162
29	171	0.890727
29	179	1.55849
30	18	1.49852
30	60	0.738647
30	73	1.41455
30	77	0.874112
30	116	0.898458
30	118	0.902932
30	133	0.901075
30	148	0.912697
30	154	0.888119
30	164	0.900522
30	175	0.84134
30	178	0.775123
30	179	0.83884
31	4	0.876824
31	36	0.801952
31	49	0.90525
31	54	0.866721
31	80	0.932856
31	85	0.869559
31	132	1.63453
31	144	0.887432
31	152	1.77042
31	163	1.14759
31	171	0.861538
31	173	0.818402
31	174	1.59614
32	53	0.827429
32	112	0.835189
32	123	0.879255
32	126	0.890932
32	134	1.38143
32	137	0.888099
32	138	0.878958
32	143	0.877808
32	146	0.879052
32	149	0.862742
32	156	1.35145
32	170	1.7076
32	175	1.63575
33	19	0.775104
33	85	1.38807
33	143	1.52511
33	148	1.67867
33	168	0.804848
33	169	0.787735
33	170	0.799665
33	172	0.775964
33	174	0.772337
33	175	0.800473
33	176	0.77877
33	178	0.734255
33	179	0.797973
34	19	0.654339
34	49	2.29724
34	60	2.837
34	90	0.740642
34	129	0.745319
34	133	0.739442
34	138	0.738123
34	152	0.671416
34	154	0.726486
34	157	0.727351
34	168	0.684082
34	175	0.679707
34	178	0.61349
34	179	0.677207
35	53	1.12908
35	57	0.910052
35	84	0.844469
35	99	0.77815
35	127	0.895796
35	153	0.964543
35	166	0.939678
35	170	0.951108
35	172	0.927407
35	174	0.92378
35	175	0.951916
35	176	0.930213
35	178	0.885699
35	179	0.949416
36	4	0.845727
36	31	0.801952
36	49	0.874153
36	54	0.835624
36	80	0.901759
36	85	0.838462
36	117	1.57746
36	121	0.833437
36	142	1.37553
36	144	0.856335
36	156	1.48381
36	160	1.99153
36	171	0.830441
36	173	0.787305
37	62	0.856365
37	70	0.831589
37	71	0.831824
37	73	0.813577
37	78	0.888615
37	82	0.809515
37	86	0.792362
37	92	0.838468
37	97	0.869363
37	147	1.07666
37	164	0.88603
37	165	1.39676
37	174	1.76436
37	178	2.28466
38	27	0.855894
38	61	0.828244
38	89	0.862507
38	136	0.850624
38	138	0.837804
38	143	0.836655
38	146	0.837898
38	148	0.850745
38	149	0.821588
38	160	0.782752
38	171	1.37227
38	173	1.62966
38	175	1.64297
38	176	1.84584
39	2	0.912426
39	17	0.802708
39	46	0.815579
39	50	0.905147
39	65	0.864806
39	83	0.823095
39	147	1.22348
39	150	1.48042
39	152	0.778991
39	157	0.834927
39	160	0.790647
39	169	1.90619
39	171	0.864064
39	174	1.91119
40	41	1.27868
40	123	0.929664
40	131	0.945036
40	135	0.941108
40	136	0.942187
40	138	0.929367
40	143	0.928217
40	148	0.942308
40	149	0.913151
40	154	0.917729
40	155	1.17846
40	161	1.56553
40	163	1.28427
40	165	1.36521
41	28	1.34097
41	40	1.27868
41	121	1.46254
41	139	1.09419
41	167	0.884657
41	168	0.859276
41	169	0.842163
41	170	0.854093
41	172	0.830392
41	174	0.826765
41	175	0.854901
41	176	0.833198
41	178	0.788684
41	179	0.852401
42	11	0.79137
42	18	0.790218
42	20	0.787389
42	23	0.854056
42	45	0.896387
42	57	0.864833
42	60	0.860536
42	134	0.847925
42	160	1.74962
42	163	1.3355
42	164	0.886266
42	168	1.64136
42	169	1.77904
42	173	0.816869
43	17	1.55568
43	47	1.13041
43	60	0.914625
43	123	1.09895
43	124	0.884989
43	154	1.15228
43	164	0.940354
43	173	0.870957
43	174	0.809176
43	176	0.815608
43	177	0.770645
43	178	0.771094
43	179	0.834812
43	180	0.800692
44	17	0.814612
44	29	0.876667
44	46	0.827484
44	47	0.812083
44	50	0.917052
44	83	0.834999
44	98	1.49764
44	103	1.27788
44	144	1.15994
44	152	0.790896
44	157	0.846831
44	160	0.802551
44	171	0.875968
44	177	2.59333
45	11	0.857775
45	13	0.847595
45	18	0.856623
45	20	0.853794
45	23	0.920461
45	42	0.896387
45	57	0.931238
45	60	0.926942
45	134	0.91433
45	152	1.79128
45	164	0.952671
45	167	1.33106
45	171	1.08846
45	173	0.883274
45	180	1.8603
46	9	0.893151
46	17	0.780188
46	21	1.39177
46	29	0.842242
46	39	0.815579
46	44	0.827484
46	65	0.842286
46	83	0.800574
46	142	1.59568
46	152	0.756471
46	157	0.812406
46	159	1.67765
46	160	0.768126
46	171	0.841543
46	175	1.98827
47	2	0.874506
47	9	0.877751
47	29	0.826842
47	43	1.13041
47	44	0.812083
47	50	0.867227
47	65	0.826886
47	83	0.785174
47	132	1.98785
47	152	0.741071
47	157	0.797006
47	159	1.38101
47	160	0.752726
47	171	0.826143
47	180	2.19276
48	115	0.752568
48	129	2.72687
48	132	0.69599
48	139	2.80738
48	161	0.71043
48	162	0.747652
48	167	0.721724
48	168	0.696344
48	169	0.679231
48	172	0.66746
48	174	0.663833
48	175	0.691969
48	176	0.670265
48	178	0.625751
48	179	0.689469
49	4	0.949025
49	31	0.90525
49	34	2.29724
49	36	0.874153
49	54	0.938922
49	80	1.00506
49	85	0.94176
49	98	0.623634
49	144	0.959633
49	152	1.13141
49	153	0.783123
49	171	0.933739
49	173	0.890603
49	177	1.71932
50	7	1.00572
50	16	1.43627
50	29	0.93181
50	39	0.905147
50	44	0.917052
50	47	0.867227
50	65	0.931854
50	83	0.890142
50	142	1.30726
50	151	1.53066
50	152	0.846039
50	157	0.901974
50	158	1.37228
50	160	0.857694
50	171	0.931111
51	88	0.897604
51	128	0.906016
51	131	0.912668
51	135	0.908739
51	137	0.90614
51	138	0.896998
51	140	0.889148
51	148	0.909939
51	149	0.880782
51	154	0.885361
51	157	1.14631
51	165	1.2228
51	167	1.30446
51	175	1.33256
51	178	2.1107
52	6	0.867846
52	87	0.836895
52	94	0.801716
52	105	0.810706
52	108	0.789462
52	109	0.850612
52	113	0.828044
52	119	0.803229
52	122	0.829142
52	129	0.819508
52	133	0.81363
52	147	1.14329
52	160	1.79657
52	163	1.38245
52	177	2.5932
53	32	0.827429
53	35	1.12908
53	68	0.842206
53	120	0.859006
53	127	0.812241
53	128	0.810786
53	136	0.814588
53	137	0.810909
53	140	0.793917
53	146	0.801862
53	148	0.814709
53	149	0.785552
53	158	1.66261
53	165	1.88041
53	175	1.99017
54	4	0.910496
54	31	0.866721
54	36	0.835624
54	49	0.938922
54	80	0.966528
54	85	0.903231
54	90	1.37741
54	106	0.893631
54	121	0.898207
54	144	0.921104
54	145	1.43867
54	160	1.52989
54	171	0.89521
54	173	0.852074
54	180	1.80761
55	56	0.855584
55	96	0.906587
55	100	1.15799
55	106	1.10626
55	112	0.876472
55	127	0.930714
55	132	0.865846
55	140	0.91239
55	141	1.36079
55	143	0.919091
55	146	0.920335
55	149	0.904025
55	154	0.908604
55	161	1.60965
55	166	1.81729
56	28	0.803235
56	55	0.855584
56	91	1.45353
56	96	0.774986
56	120	0.845878
56	123	0.788937
56	135	0.800381
56	136	0.80146
56	137	0.797781
56	143	0.78749
56	146	0.788734
56	149	0.772424
56	150	1.82404
56	154	0.777003
56	165	1.88721
56	168	2.11212
57	11	0.826221
57	18	0.825069
57	20	0.82224
57	23	0.888907
57	35	0.910052
57	42	0.864833
57	45	0.931238
57	60	0.895388
57	61	0.866931
57	134	0.882776
57	147	1.34127
57	157	1.58489
57	162	1.59372
57	164	0.921117
57	173	0.85172
57	179	1.86084
58	101	1.25859
58	123	1.43095
58	124	1.41882
58	138	1.40664
58	153	0.824446
58	160	0.815183
58	166	0.799581
58	167	0.841575
58	169	0.799081
58	170	0.811011
58	172	0.78731
58	174	0.783683
58	175	0.811819
58	176	0.790116
58	178	0.745602
58	179	0.809319
59	83	1.62875
59	97	1.11025
59	105	1.21278
59	130	1.53217
59	158	0.875689
59	159	0.879358
59	161	0.81932
59	166	0.788621
59	168	0.805235
59	169	0.788121
59	172	0.77635
59	174	0.772724
59	175	0.80086
59	176	0.779156
59	178	0.734642
59	179	0.798359
60	11	0.821925
60	18	0.820773
60	20	0.817944
60	23	0.884611
60	30	0.738647
60	34	2.837
60	42	0.860536
60	43	0.914625
60	45	0.926942
60	57	0.895388
60	134	0.87848
60	163	1.04834
60	164	0.91682
60	167	1.21095
60	173	0.847423
60	175	1.23905
61	38	0.828244
61	57	0.866931
61	69	1.46359
61	96	0.830083
61	107	1.42383
61	122	1.42582
61	129	1.19305
61	152	0.77703
61	154	0.8321
61	164	0.888363
61	173	0.818966
61	175	0.785322
61	176	0.763618
61	177	0.718655
61	178	0.719104
61	179	0.782821
62	5	0.918359
62	37	0.856365
62	71	0.858679
62	73	0.840432
62	78	0.915471
62	82	0.83637
62	86	0.819217
62	92	0.865323
62	97	0.896219
62	117	1.43038
62	139	0.886965
62	155	1.32451
62	164	0.912885
62	168	1.73618
62	171	1.35033
62	175	1.62103
63	81	0.803945
63	112	0.775019
63	120	0.876026
63	135	0.830529
63	136	0.831608
63	140	0.810937
63	143	0.817638
63	147	1.65655
63	148	0.831729
63	149	0.802572
63	154	0.80715
63	155	1.7899
63	158	1.75885
63	173	2.0731
63	177	0.693705
63	180	0.723752
64	88	0.876944
64	118	0.879515
64	121	0.8977
64	128	0.885356
64	130	0.889687
64	136	0.889159
64	137	0.88548
64	143	0.875189
64	146	0.876433
64	148	0.88928
64	158	1.16621
64	162	1.31636
64	163	1.30307
64	167	1.46568
64	177	0.751256
64	178	2.27192
65	2	0.939133
65	9	0.942378
65	17	0.829415
65	21	1.09473
65	39	0.864806
65	46	0.842286
65	47	0.826886
65	50	0.931854
65	83	0.849801
65	103	1.39583
65	152	0.805698
65	157	0.861633
65	158	1.36367
65	162	1.51381
65	171	0.89077
65	172	1.90658
66	13	1.07425
66	19	0.798566
66	70	0.872536
66	71	0.87277
66	73	0.854523
66	78	0.929562
66	82	0.850461
66	86	0.833308
66	92	0.879415
66	95	1.07878
66	97	0.91031
66	99	0.888162
66	142	1.19323
66	164	0.926976
66	169	1.83865
66	180	2.08696
67	85	0.947684
67	124	0.910559
67	125	0.908612
67	135	0.933039
67	146	0.921392
67	147	1.18196
67	154	0.909661
67	156	1.32752
67	159	1.30121
67	170	1.68368
67	171	0.939663
67	173	0.896527
67	175	1.61182
67	177	0.796216
67	180	0.826262
68	53	0.842206
68	70	1.23291
68	71	0.948025
68	73	1.51537
68	82	0.892618
68	114	0.882668
68	122	1.04318
68	124	0.882997
68	125	0.881049
68	131	0.909405
68	146	0.893829
68	154	0.882098
68	166	0.823081
68	174	0.807184
68	175	0.83532
68	178	0.769102
68	180	0.7987
69	3	0.795144
69	61	1.46359
69	105	0.849662
69	108	0.828418
69	109	0.889568
69	113	0.866999
69	115	1.41575
69	116	0.849968
69	119	0.842185
69	122	0.868097
69	129	0.858463
69	144	0.895526
69	157	0.840495
69	165	0.830402
69	170	1.55237
69	176	1.6834
69	179	1.57022
70	5	0.893583
70	24	1.01149
70	37	0.831589
70	66	0.872536
70	68	1.23291
70	71	0.833903
70	73	0.815656
70	78	0.890695
70	82	0.811594
70	86	0.794441
70	92	0.840547
70	97	0.871443
70	139	0.862189
70	144	1.21913
70	164	0.888109
70	174	1.89032
70	180	2.13362
71	5	0.893817
71	37	0.831824
71	62	0.858679
71	66	0.87277
71	68	0.948025
71	70	0.833903
71	73	0.81589
71	78	0.890929
71	82	0.811828
71	86	0.794676
71	92	0.840782
71	97	0.871677
71	145	1.4798
71	164	0.888343
71	168	1.46275
71	177	2.36764
71	179	1.43731
72	74	0.866895
72	91	1.20974
72	93	0.92108
72	101	0.867491
72	103	1.45778
72	104	0.849626
72	107	0.911177
72	114	0.849317
72	124	0.849645
72	125	0.847698
72	132	2.04941
72	155	1.45667
72	164	0.90501
72	165	0.839519
72	167	1.72508
72	177	0.735302
72	180	0.765348
73	30	1.41455
73	37	0.813577
73	62	0.840432
73	66	0.854523
73	68	1.51537
73	70	0.815656
73	71	0.81589
73	78	0.872682
73	82	0.793581
73	86	0.776429
73	92	0.822535
73	97	0.85343
73	99	0.831282
73	102	1.5208
73	139	0.844176
73	144	1.5016
73	164	0.870097
73	175	1.91495
74	24	1.09227
74	72	0.866895
74	93	0.920504
74	101	0.866916
74	104	0.849051
74	107	0.910602
74	114	0.848741
74	124	0.84907
74	125	0.847122
74	144	1.29991
74	153	1.7971
74	164	0.904435
74	165	0.838944
74	170	1.78512
74	173	1.69995
74	177	0.734726
74	180	0.764773
75	6	0.88722
75	22	1.17095
75	77	0.806041
75	84	0.86059
75	94	0.82109
75	102	1.39999
75	105	0.83008
75	108	0.808836
75	115	1.72937
75	116	0.830387
75	122	0.848516
75	129	0.838882
75	132	0.77729
75	133	0.833004
75	144	0.875944
75	165	0.810821
75	175	1.79413
75	176	1.99701
76	84	1.26487
76	121	1.21815
76	123	1.21948
76	135	1.24036
76	140	1.21732
76	156	0.921334
76	161	0.849353
76	163	0.905612
76	166	0.818653
76	168	0.835267
76	169	0.818154
76	170	0.830084
76	172	0.806383
76	174	0.802756
76	175	0.830892
76	176	0.809189
76	178	0.764674
76	179	0.828392
77	30	0.874112
77	75	0.806041
77	84	0.856557
77	94	0.817057
77	105	0.826048
77	109	0.865954
77	116	0.826354
77	119	0.818571
77	122	0.844483
77	129	0.834849
77	133	0.828971
77	157	0.816881
77	161	1.39005
77	165	0.806788
77	169	1.55233
77	173	1.28619
77	177	2.31954
77	180	1.80063
78	21	0.793657
78	37	0.888615
78	62	0.915471
78	66	0.929562
78	70	0.890695
78	71	0.890929
78	73	0.872682
78	79	0.903904
78	82	0.86862
78	86	0.851467
78	92	0.897574
78	97	0.928469
78	139	0.919215
78	152	1.82228
78	164	0.945135
78	168	1.50531
78	171	1.11946
78	178	2.16829
79	4	1.20273
79	78	0.903904
79	116	0.950192
79	136	1.17989
79	148	1.17446
79	151	0.961948
79	155	0.952335
79	161	0.917431
79	162	0.954653
79	164	0.914667
79	169	0.886232
79	170	0.898162
79	172	0.874461
79	174	0.870834
79	175	0.89897
79	176	0.877267
79	178	0.832753
79	179	0.89647
80	4	0.97663
80	31	0.932856
80	36	0.901759
80	49	1.00506
80	54	0.966528
80	85	0.969365
80	102	0.880793
80	121	0.964341
80	144	0.987239
80	145	1.40714
80	153	1.35878
80	163	1.08423
80	169	1.52778
80	171	0.961345
80	173	0.918209
80	176	1.47782
81	27	0.856544
81	28	0.85305
81	63	0.803945
81	126	0.850428
81	130	0.851803
81	131	0.854124
81	135	0.850196
81	136	0.851275
81	140	0.830604
81	141	1.44171
81	148	0.851395
81	152	0.771748
81	154	0.826817
81	165	1.49027
81	171	1.32933
81	178	2.37816
81	179	1.68973
81	180	0.743419
82	5	0.871508
82	8	1.32722
82	37	0.809515
82	62	0.83637
82	66	0.850461
82	68	0.892618
82	70	0.811594
82	71	0.811828
82	73	0.793581
82	78	0.86862
82	86	0.772366
82	92	0.818473
82	97	0.849368
82	132	1.58842
82	139	0.840114
82	164	0.866034
82	177	2.31224
82	180	1.79333
83	2	0.897421
83	9	0.900667
83	17	0.787703
83	39	0.823095
83	44	0.834999
83	46	0.800574
83	47	0.785174
83	50	0.890142
83	59	1.62875
83	65	0.849801
83	144	1.36835
83	151	1.61252
83	152	0.763986
83	153	1.86554
83	157	0.819921
83	160	0.775642
83	162	1.60428
83	171	0.849059
84	1	0.821366
84	21	1.10906
84	35	0.844469
84	75	0.86059
84	76	1.26487
84	77	0.856557
84	94	0.871606
84	105	0.880597
84	109	0.920503
84	113	0.897934
84	116	0.880903
84	119	0.87312
84	122	0.899032
84	129	0.889398
84	133	0.88352
84	134	0.888487
84	156	1.42125
84	160	1.92897
84	173	1.69225
85	1	0.818847
85	4	0.913334
85	31	0.869559
85	33	1.38807
85	36	0.838462
85	49	0.94176
85	54	0.903231
85	67	0.947684
85	80	0.969365
85	90	1.44106
85	100	1.00901
85	121	0.901044
85	144	0.923942
85	160	1.59353
85	161	1.46067
85	167	1.34202
85	171	0.898048
85	173	0.854912
86	5	0.854356
86	37	0.792362
86	62	0.819217
86	66	0.833308
86	70	0.794441
86	71	0.794676
86	73	0.776429
86	78	0.851467
86	82	0.772366
86	92	0.80132
86	97	0.832215
86	99	0.810067
86	139	0.822962
86	141	1.73141
86	155	1.59321
86	157	1.70348
86	164	0.848882
86	165	1.77996
86	175	1.88973
87	3	0.821758
87	6	0.933415
87	7	0.928196
87	52	0.836895
87	94	0.867285
87	100	1.26122
87	108	0.855032
87	109	0.916182
87	113	0.893613
87	116	0.876583
87	119	0.868799
87	129	0.885077
87	133	0.8792
87	144	0.92214
87	151	1.45314
87	153	1.70616
87	157	0.867109
87	175	1.62233
87	179	1.71203
88	24	1.15379
88	27	0.871992
88	51	0.897604
88	64	0.876944
88	96	0.840249
88	111	1.25559
88	120	0.911141
88	123	0.8542
88	127	0.864376
88	128	0.86292
88	131	0.869573
88	138	0.853903
88	139	0.872609
88	146	0.853997
88	154	0.842266
88	155	1.47827
88	157	1.58853
88	163	1.58407
88	172	1.99013
88	177	0.728821
89	22	1.15386
89	25	0.915318
89	28	0.892595
89	38	0.862507
89	106	1.36421
89	130	0.891348
89	138	0.878
89	140	0.870149
89	143	0.87685
89	148	0.890941
89	149	0.861784
89	150	1.60412
89	152	0.811293
89	154	0.866363
89	157	1.5908
89	160	0.822948
89	171	1.50635
89	177	0.752918
89	179	1.86676
89	180	0.782964
90	10	1.67986
90	34	0.740642
90	54	1.37741
90	85	1.44106
90	137	1.69844
90	139	1.36142
90	147	0.918431
90	162	0.853084
90	163	0.872121
90	166	0.785162
90	167	0.827156
90	168	0.801776
90	169	0.784662
90	170	0.796593
90	172	0.772891
90	174	0.769265
90	175	0.797401
90	176	0.775697
90	178	0.731183
90	179	0.7949
91	56	1.45353
91	72	1.20974
91	124	1.10459
91	135	1.13761
91	146	1.0918
91	149	1.1219
91	155	0.903792
91	156	0.94087
91	161	0.868888
91	163	0.925147
91	167	0.880183
91	168	0.854803
91	169	0.837689
91	170	0.849619
91	172	0.825918
91	174	0.822291
91	175	0.850427
91	176	0.828724
91	178	0.78421
91	179	0.847927
92	5	0.900462
92	26	1.45984
92	37	0.838468
92	62	0.865323
92	66	0.879415
92	70	0.840547
92	71	0.840782
92	73	0.822535
92	78	0.897574
92	82	0.818473
92	86	0.80132
92	97	0.878321
92	99	0.856173
92	139	0.869068
92	141	1.43756
92	151	1.42669
92	155	1.29936
92	163	1.40517
92	164	0.894988
92	180	2.09701
93	72	0.92108
93	74	0.920504
93	101	0.921101
93	104	0.903235
93	107	0.964786
93	114	0.902926
93	124	0.903254
93	125	0.901307
93	132	1.65647
93	156	1.07594
93	164	0.958619
93	165	0.893129
93	167	1.33215
93	170	1.4321
93	174	1.61808
93	177	0.788911
93	179	1.44995
93	180	0.818957
94	52	0.801716
94	75	0.82109
94	77	0.817057
94	84	0.871606
94	87	0.867285
94	102	1.34057
94	105	0.841096
94	108	0.819852
94	109	0.881002
94	110	1.27251
94	116	0.841403
94	119	0.833619
94	122	0.859532
94	129	0.849898
94	133	0.84402
94	134	0.848987
94	152	2.16684
94	159	1.4241
94	165	0.821837
94	168	1.84987
94	173	1.7214
95	66	1.07878
95	107	0.933721
95	116	0.92941
95	135	1.17402
95	137	1.12046
95	138	1.12882
95	145	0.893428
95	148	1.15368
95	151	0.934438
95	153	0.884087
95	159	0.949958
95	161	0.889921
95	163	0.94618
95	167	0.901215
95	168	0.875835
95	169	0.858721
95	172	0.84695
95	174	0.843324
95	175	0.87146
95	176	0.849756
95	178	0.805242
95	179	0.868959
96	55	0.906587
96	56	0.774986
96	61	0.830083
96	88	0.840249
96	118	0.842819
96	127	0.850117
96	128	0.848661
96	134	1.50891
96	136	0.852463
96	140	0.831792
96	143	0.838494
96	146	0.839737
96	148	0.852584
96	154	0.828006
96	155	1.46671
96	160	0.784592
96	165	1.65346
96	172	1.97858
96	173	1.74991
96	175	1.76323
96	177	0.714561
96	180	0.744607
97	5	0.931357
97	19	0.797473
97	37	0.869363
97	59	1.11025
97	62	0.896219
97	66	0.91031
97	70	0.871443
97	71	0.871677
97	73	0.85343
97	78	0.928469
97	82	0.849368
97	86	0.832215
97	92	0.878321
97	99	0.887069
97	110	0.801
97	115	1.19844
97	139	0.899963
97	160	1.48662
97	164	0.925883
97	173	1.2499
97	177	2.28325
97	178	2.04134
98	44	1.49764
98	49	0.623634
98	108	1.41392
98	125	1.32742
98	127	1.68123
98	133	1.31502
98	145	0.836805
98	150	0.881832
98	158	0.889666
98	159	0.893335
98	163	0.889557
98	166	0.802598
98	167	0.844592
98	168	0.819212
98	169	0.802098
98	170	0.814029
98	172	0.790327
98	174	0.786701
98	175	0.814837
98	176	0.793133
98	178	0.748619
98	179	0.812336
99	16	1.37566
99	35	0.77815
99	66	0.888162
99	73	0.831282
99	86	0.810067
99	92	0.856173
99	97	0.887069
99	116	0.85781
99	119	0.850027
99	122	0.875939
99	123	0.859406
99	127	0.869582
99	129	0.866305
99	133	0.860428
99	136	0.871929
99	143	0.857959
99	145	1.77143
99	146	0.859203
99	158	1.31167
99	164	0.903735
99	167	1.61114
99	170	1.71109
99	179	1.72894
100	55	1.15799
100	85	1.00901
100	87	1.26122
100	125	1.04196
100	136	1.30503
100	137	1.26639
100	148	1.29961
100	151	0.910762
100	153	0.860411
100	158	0.922613
100	159	0.926283
100	162	0.903467
100	163	0.922504
100	166	0.835546
100	167	0.87754
100	168	0.85216
100	169	0.835046
100	170	0.846976
100	172	0.823275
100	174	0.819648
100	175	0.847784
100	178	0.781567
100	179	0.845284
101	10	0.94188
101	12	0.933846
101	14	0.832456
101	58	1.25859
101	72	0.867491
101	74	0.866916
101	93	0.921101
101	103	1.19241
101	104	0.849647
101	107	0.911198
101	114	0.849337
101	124	0.849666
101	125	0.847718
101	132	1.78403
101	139	0.879111
101	152	1.91993
101	156	1.2035
101	164	0.905031
101	165	0.83954
101	169	1.74064
101	173	1.4745
101	177	0.735322
101	180	0.765369
102	73	1.5208
102	75	1.39999
102	80	0.880793
102	94	1.34057
102	109	1.09255
102	112	0.887799
102	114	0.9205
102	116	1.0423
102	124	0.920829
102	125	0.918881
102	129	0.815828
102	135	0.943309
102	143	0.930418
102	148	0.944508
102	170	0.872344
102	172	0.848642
102	175	0.873152
102	176	0.851448
102	177	0.806485
102	178	0.806934
102	179	0.870651
102	180	0.836532
103	4	1.39359
103	44	1.27788
103	65	1.39583
103	72	1.45778
103	101	1.19241
103	105	1.07033
103	146	1.33983
103	150	0.904428
103	153	0.85006
103	155	0.890798
103	156	0.927875
103	161	0.855894
103	163	0.912153
103	166	0.825194
103	167	0.867188
103	168	0.841808
103	169	0.824694
103	170	0.836625
103	172	0.812923
103	174	0.809297
103	175	0.837433
103	176	0.815729
103	178	0.771215
103	179	0.834933
104	10	0.924014
104	12	0.91598
104	14	0.81459
104	72	0.849626
104	74	0.849051
104	93	0.903235
104	101	0.849647
104	107	0.893333
104	114	0.831472
104	121	0.863901
104	124	0.831801
104	125	0.829853
104	139	0.861245
104	158	1.33922
104	159	1.35617
104	162	1.48936
104	164	0.887165
104	165	0.821675
104	167	1.63868
104	174	1.92462
104	175	1.66678
104	177	0.717457
104	179	1.75649
104	180	0.747503
105	3	0.795569
105	52	0.810706
105	59	1.21278
105	69	0.849662
105	75	0.83008
105	77	0.826048
105	84	0.880597
105	94	0.841096
105	103	1.07033
105	108	0.828843
105	109	0.889993
105	113	0.867425
105	116	0.850394
105	119	0.84261
105	122	0.868523
105	129	0.858889
105	133	0.853011
105	144	0.895951
105	150	1.19281
105	165	0.830828
105	166	1.66392
105	172	1.58109
105	178	2.14387
105	180	1.86688
106	1	1.6449
106	54	0.893631
106	55	1.10626
106	89	1.36421
106	112	1.36863
106	135	1.26821
106	145	0.857378
106	150	0.902404
106	153	0.848037
106	154	1.30065
106	158	0.910239
106	159	0.913908
106	161	0.85387
106	163	0.910129
106	166	0.823171
106	167	0.865165
106	168	0.839785
106	169	0.822671
106	172	0.8109
106	174	0.807274
106	175	0.83541
106	176	0.813706
106	178	0.769192
106	179	0.832909
107	12	0.977531
107	14	0.876141
107	61	1.42383
107	72	0.911177
107	74	0.910602
107	93	0.964786
107	95	0.933721
107	101	0.911198
107	104	0.893333
107	111	0.921568
107	114	0.893023
107	121	0.925452
107	124	0.893352
107	125	0.891404
107	139	0.922797
107	145	1.57295
107	158	1.11319
107	164	0.948717
107	165	0.883226
107	170	1.51261
107	171	1.17006
107	177	0.779008
107	178	2.21889
107	180	0.809055
108	6	0.885982
108	52	0.789462
108	69	0.828418
108	75	0.808836
108	87	0.855032
108	94	0.819852
108	98	1.41392
108	105	0.828843
108	109	0.868749
108	113	0.846181
108	116	0.82915
108	119	0.821366
108	122	0.847279
108	129	0.837644
108	132	0.776053
108	134	0.836733
108	144	0.874707
108	150	1.31664
108	152	1.92169
108	157	0.819676
108	158	1.162
108	162	1.31215
108	165	0.809584
108	174	1.74741
108	177	2.50961
109	3	0.835475
109	52	0.850612
109	69	0.889568
109	77	0.865954
109	84	0.920503
109	87	0.916182
109	94	0.881002
109	102	1.09255
109	105	0.889993
109	108	0.868749
109	113	0.90733
109	116	0.8903
109	119	0.882516
109	122	0.908429
109	129	0.898794
109	132	0.837203
109	133	0.892917
109	158	1.15913
109	159	1.17608
109	163	1.29598
109	165	0.870734
109	167	1.4586
109	172	1.70205
109	176	1.68957
109	180	1.98783
110	94	1.27251
110	97	0.801
110	113	0.900699
110	131	1.08659
110	135	1.21885
110	146	1.17303
110	153	0.881392
110	154	1.25129
110	155	0.922129
110	156	0.959207
110	158	0.943594
110	159	0.947263
110	161	0.887225
110	162	0.924447
110	164	0.938713
110	166	0.856526
110	167	0.89852
110	169	0.856026
110	170	0.867957
110	172	0.844255
110	174	0.840629
110	175	0.868765
110	176	0.847061
110	178	0.802547
110	179	0.866264
111	4	1.1698
111	11	1.26239
111	17	1.5977
111	88	1.25559
111	107	0.921568
111	123	1.14098
111	148	1.14153
111	155	0.919313
111	156	0.95639
111	158	0.940777
111	159	0.944447
111	162	0.921631
111	163	0.940668
111	164	0.881732
111	166	0.85371
111	167	0.895704
111	168	0.870323
111	169	0.85321
111	170	0.86514
111	172	0.841439
111	174	0.837812
111	175	0.865948
111	176	0.844245
111	178	0.799731
111	179	0.863448
112	25	0.846846
112	28	0.824124
112	32	0.835189
112	55	0.876472
112	63	0.775019
112	102	0.887799
112	106	1.36863
112	120	0.866767
112	121	0.830889
112	126	0.821502
112	128	0.818546
112	130	0.822877
112	131	0.825198
112	132	0.755133
112	137	0.81867
112	144	1.36813
112	146	0.809622
112	148	0.822469
112	149	0.793312
112	154	0.797891
112	160	0.754476
112	166	2.07966
112	167	1.75338
112	171	1.51078
112	175	1.78148
112	179	1.87118
113	1	0.808194
113	3	0.812906
113	6	0.924564
113	52	0.828044
113	69	0.866999
113	84	0.897934
113	87	0.893613
113	105	0.867425
113	108	0.846181
113	109	0.90733
113	110	0.900699
113	116	0.867731
113	119	0.859947
113	122	0.88586
113	129	0.876226
113	133	0.870348
113	134	0.875315
113	152	1.79503
113	157	0.858257
113	162	1.18549
113	163	1.1722
113	165	0.848165
113	169	1.61574
113	174	1.62075
113	175	1.36291
113	177	2.38295
114	10	0.923705
114	12	0.915671
114	14	0.814281
114	68	0.882668
114	72	0.849317
114	74	0.848741
114	93	0.902926
114	101	0.849337
114	102	0.9205
114	104	0.831472
114	107	0.893023
114	121	0.863591
114	124	0.831491
114	125	0.829543
114	139	0.860936
114	141	1.48793
114	144	1.2329
114	150	1.47332
114	159	1.33563
114	160	1.86966
114	163	1.45554
114	164	0.886856
114	165	0.821365
114	172	1.8616
114	176	1.84913
114	177	0.717147
114	180	0.747194
115	15	1.27392
115	48	0.752568
115	69	1.41575
115	75	1.72937
115	97	1.19844
115	120	1.34336
115	138	1.57109
115	145	0.819033
115	149	1.60058
115	150	0.86406
115	153	0.809692
115	155	0.85043
115	156	0.887507
115	158	0.871894
115	159	0.875563
115	162	0.852748
115	166	0.784826
115	167	0.82682
115	168	0.80144
115	169	0.784326
115	170	0.796257
115	172	0.772555
115	174	0.768929
115	175	0.797065
115	176	0.775361
115	178	0.730847
115	179	0.794565
116	8	1.47147
116	30	0.898458
116	69	0.849968
116	75	0.830387
116	77	0.826354
116	79	0.950192
116	84	0.880903
116	87	0.876583
116	94	0.841403
116	95	0.92941
116	99	0.85781
116	102	1.0423
116	105	0.850394
116	108	0.82915
116	109	0.8903
116	113	0.867731
116	119	0.842917
116	122	0.868829
116	129	0.859195
116	132	0.797604
116	133	0.853317
116	157	0.841227
116	162	1.25903
116	165	0.831134
116	169	1.68928
116	177	2.45649
116	180	1.93758
117	6	1.28116
117	16	0.857917
117	36	1.57746
117	62	1.43038
117	121	1.46819
117	122	1.2521
117	148	1.47007
117	149	1.47469
117	150	0.856692
117	151	0.852675
117	155	0.843062
117	158	0.864526
117	159	0.868195
117	161	0.808158
117	162	0.84538
117	163	0.864417
117	166	0.777458
117	167	0.819452
117	168	0.794072
117	169	0.776959
117	170	0.788889
117	172	0.765188
117	174	0.761561
117	175	0.789697
117	176	0.767993
117	178	0.723479
117	179	0.787197
118	22	1.02511
118	27	0.874563
118	30	0.902932
118	64	0.879515
118	96	0.842819
118	120	0.913712
118	121	0.877835
118	123	0.85677
118	130	0.869822
118	131	0.872143
118	136	0.869293
118	137	0.865615
118	138	0.856473
118	140	0.848622
118	142	1.25572
118	148	0.869414
118	149	0.840257
118	154	0.844836
118	160	0.801422
118	162	1.47088
118	163	1.45759
118	165	1.53854
118	172	1.86365
118	174	1.90614
118	176	1.85118
118	177	0.731391
118	180	0.761437
119	3	0.788092
119	52	0.803229
119	69	0.842185
119	77	0.818571
119	84	0.87312
119	87	0.868799
119	94	0.833619
119	99	0.850027
119	105	0.84261
119	108	0.821366
119	109	0.882516
119	113	0.859947
119	116	0.842917
119	122	0.861046
119	129	0.851411
119	132	0.78982
119	133	0.845534
119	134	0.8505
119	156	1.07374
119	157	0.833443
119	160	1.58146
119	165	0.823351
119	170	1.4299
119	174	1.61589
119	175	1.35805
119	177	2.37809
119	178	2.13618
119	179	1.44775
120	53	0.859006
120	56	0.845878
120	63	0.876026
120	88	0.911141
120	112	0.866767
120	115	1.34336
120	118	0.913712
120	123	0.910833
120	126	0.922509
120	128	0.919553
120	134	1.15381
120	136	0.923356
120	137	0.919677
120	140	0.902685
120	144	0.994772
120	146	0.910629
120	149	0.894319
120	151	1.23893
120	152	0.843828
120	154	0.898898
120	159	1.09751
120	160	0.855484
120	166	1.70631
120	169	1.66096
120	176	1.611
120	177	0.785453
120	178	2.18626
120	180	0.8155
121	22	1.03565
121	25	0.911976
121	36	0.833437
121	41	1.46254
121	54	0.898207
121	64	0.8977
121	76	1.21815
121	80	0.964341
121	85	0.901044
121	104	0.863901
121	107	0.925452
121	112	0.830889
121	114	0.863591
121	117	1.46819
121	118	0.877835
121	124	0.86392
121	125	0.861972
121	130	0.888007
121	138	0.874659
121	147	1.22897
121	149	0.858442
121	153	1.74268
121	157	1.47259
121	158	1.33127
121	170	1.73069
121	171	0.893024
121	173	0.849888
121	177	0.749576
121	180	0.779623
122	3	0.814004
122	6	0.925662
122	52	0.829142
122	61	1.42582
122	68	1.04318
122	69	0.868097
122	75	0.848516
122	77	0.844483
122	84	0.899032
122	94	0.859532
122	99	0.875939
122	105	0.868523
122	108	0.847279
122	109	0.908429
122	113	0.88586
122	116	0.868829
122	117	1.2521
122	119	0.861046
122	133	0.871446
122	134	0.876413
122	141	1.28444
122	144	0.914387
122	157	0.859356
122	165	0.849263
122	166	1.74094
122	168	1.5579
122	171	1.17205
122	179	1.53246
122	180	1.94389
123	28	0.86819
123	32	0.879255
123	40	0.929664
123	43	1.09895
123	56	0.788937
123	58	1.43095
123	76	1.21948
123	88	0.8542
123	99	0.859406
123	111	1.14098
123	118	0.85677
123	120	0.910833
123	127	0.864068
123	128	0.862612
123	130	0.866943
123	135	0.865336
123	137	0.862736
123	138	0.853594
123	140	0.845744
123	143	0.852445
123	146	0.853688
123	148	0.866535
123	149	0.837378
123	154	0.841957
123	161	1.75072
123	165	1.55041
123	171	1.38947
123	172	1.87552
123	173	1.64686
123	180	0.758558
124	10	0.924034
124	12	0.915999
124	14	0.814609
124	43	0.884989
124	58	1.41882
124	67	0.910559
124	68	0.882997
124	72	0.849645
124	74	0.84907
124	91	1.10459
124	93	0.903254
124	101	0.849666
124	102	0.920829
124	104	0.831801
124	107	0.893352
124	114	0.831491
124	121	0.86392
124	125	0.829872
124	139	0.861264
124	144	1.23468
124	150	1.4751
124	151	1.47885
124	155	1.35152
124	160	1.87145
124	161	1.73859
124	164	0.887185
124	165	0.821694
124	176	1.85091
124	177	0.717476
124	180	0.747522
125	10	0.922086
125	12	0.914052
125	14	0.812662
125	21	0.920605
125	67	0.908612
125	68	0.881049
125	72	0.847698
125	74	0.847122
125	93	0.901307
125	98	1.32742
125	100	1.04196
125	101	0.847718
125	102	0.918881
125	104	0.829853
125	107	0.891404
125	114	0.829543
125	121	0.861972
125	124	0.829872
125	132	1.6993
125	134	1.14876
125	139	0.859317
125	141	1.24475
125	152	1.83519
125	153	1.48691
125	164	0.885237
125	165	0.819746
125	172	1.61842
125	177	0.715528
125	178	2.18121
125	180	0.745575
126	7	0.979833
126	8	0.831125
126	32	0.890932
126	81	0.850428
126	112	0.821502
126	120	0.922509
126	127	0.875744
126	128	0.874288
126	130	0.878619
126	131	0.88094
126	136	0.878091
126	137	0.874412
126	138	0.865271
126	139	0.883977
126	140	0.85742
126	143	0.864121
126	145	1.80616
126	146	0.865365
126	147	1.24409
126	148	0.878212
126	154	0.853633
126	156	1.38966
126	157	1.48771
126	160	0.810219
126	163	1.48325
126	165	1.5642
126	172	1.88931
126	174	1.9318
126	177	0.740188
126	180	0.770235
127	7	1.06275
127	15	0.91519
127	35	0.895796
127	53	0.812241
127	55	0.930714
127	88	0.864376
127	96	0.850117
127	98	1.68123
127	99	0.869582
127	123	0.864068
127	126	0.875744
127	130	0.877119
127	131	0.87944
127	135	0.875512
127	136	0.876591
127	138	0.863771
127	139	0.882477
127	142	1.3643
127	146	0.863864
127	148	0.876711
127	149	0.847554
127	152	0.797063
127	154	0.852133
127	159	1.44627
127	162	1.57946
127	170	1.82874
127	171	1.48618
127	172	1.97223
127	177	0.738688
127	180	0.768735
128	28	0.87691
128	51	0.906016
128	53	0.810786
128	64	0.885356
128	88	0.86292
128	96	0.848661
128	112	0.818546
128	120	0.919553
128	123	0.862612
128	126	0.874288
128	134	1.34411
128	135	0.874056
128	136	0.875135
128	137	0.871456
128	138	0.862315
128	140	0.854464
128	141	1.44011
128	142	1.20584
128	143	0.861165
128	146	0.862409
128	149	0.846099
128	154	0.850677
128	159	1.28781
128	160	0.807263
128	162	1.42101
128	166	1.89661
128	168	1.71358
128	169	1.85126
128	174	1.85627
128	177	0.737232
129	6	0.916028
129	34	0.745319
129	48	2.72687
129	52	0.819508
129	61	1.19305
129	69	0.858463
129	75	0.838882
129	77	0.834849
129	84	0.889398
129	87	0.885077
129	94	0.849898
129	99	0.866305
129	102	0.815828
129	105	0.858889
129	108	0.837644
129	109	0.898794
129	113	0.876226
129	116	0.859195
129	119	0.851411
129	132	0.806099
129	133	0.861812
129	134	0.866779
129	144	0.904752
129	156	0.925671
129	157	0.849721
129	160	1.43339
129	161	1.30053
129	176	1.41285
129	177	2.23002
129	179	1.29968
130	59	1.53217
130	64	0.889687
130	81	0.851803
130	89	0.891348
130	112	0.822877
130	118	0.869822
130	121	0.888007
130	123	0.866943
130	126	0.878619
130	127	0.877119
130	131	0.882315
130	132	0.812251
130	135	0.878387
130	137	0.875787
130	138	0.866646
130	140	0.858795
130	143	0.865496
130	147	1.25525
130	148	0.879586
130	149	0.850429
130	151	1.51593
130	154	0.855008
130	156	1.40082
130	158	1.35755
130	165	1.57536
130	168	1.80027
130	169	1.93795
130	171	1.41442
130	177	0.741563
130	180	0.77161
131	15	0.920386
131	28	0.883562
131	40	0.945036
131	51	0.912668
131	68	0.909405
131	81	0.854124
131	88	0.869573
131	110	1.08659
131	112	0.825198
131	118	0.872143
131	126	0.88094
131	127	0.87944
131	130	0.882315
131	132	0.814572
131	135	0.880708
131	137	0.878108
131	138	0.868967
131	140	0.861116
131	142	1.15621
131	145	1.68099
131	146	0.869061
131	148	0.881908
131	149	0.852751
131	153	1.63264
131	154	0.857329
131	157	1.36255
131	166	1.84699
131	171	1.2781
131	173	1.53549
131	175	1.5488
131	179	1.6385
131	180	0.773931
132	31	1.63453
132	47	1.98785
132	48	0.69599
132	55	0.865846
132	72	2.04941
132	75	0.77729
132	82	1.58842
132	93	1.65647
132	101	1.78403
132	108	0.776053
132	109	0.837203
132	112	0.755133
132	116	0.797604
132	119	0.78982
132	125	1.6993
132	129	0.806099
132	130	0.812251
132	131	0.814572
132	133	0.800221
132	138	0.798902
132	140	0.791051
132	154	0.787265
132	162	0.796169
132	165	0.778038
132	167	0.770242
132	168	0.744862
132	170	0.739678
132	175	0.740486
132	176	0.718783
132	178	0.674269
132	179	0.737986
133	1	0.79378
133	3	0.798492
133	6	0.91015
133	30	0.901075
133	34	0.739442
133	52	0.81363
133	75	0.833004
133	77	0.828971
133	84	0.88352
133	87	0.8792
133	94	0.84402
133	98	1.31502
133	99	0.860428
133	105	0.853011
133	109	0.892917
133	113	0.870348
133	116	0.853317
133	119	0.845534
133	122	0.871446
133	129	0.861812
133	132	0.800221
133	134	0.860901
133	144	0.898875
133	151	1.22149
133	152	1.8228
133	157	0.843844
133	165	0.833751
133	168	1.50583
133	169	1.64351
133	171	1.11997
133	173	1.37736
133	176	1.59355
133	178	2.16881
133	180	1.89181
134	10	1.35461
134	20	0.805332
134	23	0.871999
134	32	1.38143
134	42	0.847925
134	45	0.91433
134	57	0.882776
134	60	0.87848
134	84	0.888487
134	94	0.848987
134	96	1.50891
134	108	0.836733
134	113	0.875315
134	119	0.8505
134	120	1.15381
134	122	0.876413
134	125	1.14876
134	128	1.34411
134	129	0.866779
134	133	0.860901
134	136	1.41183
134	137	1.37318
134	139	1.03616
134	140	1.4037
134	161	0.819628
134	162	0.85685
134	164	0.904209
134	168	0.805542
134	170	0.800359
134	173	0.834812
134	174	0.773031
134	175	0.801167
134	176	0.779463
134	178	0.734949
134	179	0.798666
135	8	0.830892
135	40	0.941108
135	51	0.908739
135	56	0.800381
135	63	0.830529
135	67	0.933039
135	76	1.24036
135	81	0.850196
135	91	1.13761
135	95	1.17402
135	102	0.943309
135	106	1.26821
135	110	1.21885
135	123	0.865336
135	127	0.875512
135	128	0.874056
135	130	0.878387
135	131	0.880708
135	136	0.877858
135	137	0.87418
135	139	0.883744
135	140	0.857188
135	142	1.28847
135	143	0.863889
135	144	1.2677
135	146	0.865132
135	148	0.877979
135	149	0.848822
135	152	0.798331
135	154	0.853401
135	156	1.39675
135	157	1.4948
135	160	0.809987
135	177	0.739956
135	178	2.45919
135	179	1.77076
136	1	0.805282
136	15	0.917537
136	27	0.884207
136	38	0.850624
136	40	0.942187
136	53	0.814588
136	56	0.80146
136	63	0.831608
136	64	0.889159
136	79	1.17989
136	81	0.851275
136	96	0.852463
136	99	0.871929
136	100	1.30503
136	118	0.869293
136	120	0.923356
136	126	0.878091
136	127	0.876591
136	128	0.875135
136	134	1.41183
136	135	0.877858
136	137	0.875259
136	138	0.866117
136	140	0.858266
136	143	0.864968
136	144	1.25279
136	148	0.879058
136	153	1.74998
136	154	0.85448
136	159	1.35553
136	162	1.48872
136	163	1.47543
136	171	1.39544
136	173	1.65283
136	174	1.92398
