1	55	0.887317
1	95	1.19893
1	99	1.09351
1	136	0.921699
1	138	0.939146
1	145	1.30153
1	163	0.943129
1	167	0.951791
1	172	0.9411
1	174	0.941976
1	177	0.938924
1	178	0.934918
2	73	1.25812
2	99	1.10653
2	131	0.937943
2	149	1.23013
2	153	0.917796
2	161	0.93803
2	165	0.916525
2	168	0.9407
2	169	0.934777
2	172	0.935589
2	176	0.945227
2	177	0.933414
3	119	0.969746
3	128	1.18123
3	137	1.16843
3	153	1.24384
3	154	0.904711
3	157	0.927833
3	163	0.936112
3	166	0.936518
3	170	0.931187
3	172	0.934083
3	177	0.931908
3	178	0.927902
4	147	0.941648
4	150	1.19771
4	162	1.22337
4	166	0.935874
4	168	0.938551
4	170	0.930543
4	171	0.927106
4	172	0.933439
4	174	0.934316
4	175	1.17293
4	177	0.931264
4	178	0.927258
5	85	0.987657
5	121	0.918396
5	128	1.07368
5	142	0.862854
5	143	1.06278
5	144	1.0447
5	152	1.06796
5	158	1.03753
5	168	0.911286
5	174	0.912525
5	175	1.06002
5	176	1.06566
6	47	0.989104
6	111	1.0612
6	147	0.864752
6	153	1.03856
6	156	1.04644
6	159	1.04422
6	161	1.05879
6	162	1.05796
6	165	1.03729
6	169	1.05554
6	171	0.930622
6	175	0.820919
7	123	0.933422
7	126	0.915232
7	127	1.2218
7	130	0.932958
7	140	0.931161
7	146	0.955115
7	147	1.16452
7	149	0.936039
7	151	0.932767
7	165	1.21582
7	175	0.934687
7	180	0.928621
8	18	0.798502
8	53	1.08457
8	97	1.01278
8	128	0.815513
8	145	1.0575
8	150	1.06176
8	156	1.04908
8	161	1.06144
8	165	1.03993
8	169	1.05818
8	172	0.907717
8	179	1.05932
9	20	1.3562
9	38	0.985539
9	114	0.927292
9	117	1.2612
9	128	0.9522
9	139	0.926801
9	143	0.941297
9	152	0.946483
9	158	0.916048
9	164	0.909609
9	173	0.941725
9	175	0.938544
10	86	0.833156
10	125	0.952217
10	141	1.06518
10	157	1.04416
10	163	1.05244
10	165	0.950158
10	171	1.04407
10	172	1.05041
10	174	1.05128
10	175	0.855028
10	177	1.04823
10	178	1.04423
11	16	1.08679
11	79	0.77354
11	88	1.04194
11	100	1.06749
11	124	1.03953
11	127	0.923065
11	139	1.04138
11	143	1.05588
11	147	0.865783
11	158	1.03063
11	160	1.05411
11	164	1.02419
12	15	1.16194
12	40	0.918741
12	68	1.27179
12	99	1.16282
12	148	0.941347
12	154	0.909942
12	163	0.941343
12	166	0.941749
12	170	0.936418
12	174	0.94019
12	177	0.937139
12	178	0.933132
13	136	0.915304
13	138	0.932751
13	161	1.2101
13	163	0.936734
13	166	0.93714
13	167	0.945396
13	168	0.939816
13	170	0.931808
13	173	1.20492
13	175	1.18023
13	177	0.932529
13	178	0.928523
14	17	0.882868
14	23	1.15108
14	51	0.989841
14	57	1.00487
14	96	0.912832
14	106	0.917549
14	108	0.95942
14	112	0.887293
14	125	0.928647
14	161	1.20881
14	164	0.916681
14	179	1.24264
15	12	1.16194
15	64	0.759748
15	115	1.03346
15	145	1.04915
15	150	1.05341
15	160	0.834534
15	161	1.05309
15	162	1.05226
15	166	0.851007
15	169	1.04983
15	173	1.05783
15	179	1.05097
16	11	1.08679
16	68	0.871537
16	101	0.900282
16	124	1.03699
16	137	1.04955
16	143	1.05334
16	144	1.03526
16	158	1.02809
16	161	0.92296
16	167	0.910663
16	173	1.05376
16	176	1.05622
17	14	0.882868
17	37	1.03085
17	38	1.04327
17	96	0.921388
17	106	0.926105
17	107	0.922523
17	112	0.895849
17	113	0.957982
17	125	0.937203
17	149	1.23068
17	164	0.925237
17	170	1.32848
18	8	0.798502
18	55	1.00429
18	125	0.966328
18	143	0.882527
18	145	0.946638
18	168	1.06318
18	171	1.05174
18	172	1.05807
18	174	1.05895
18	177	1.05589
18	178	1.05189
18	180	1.056
19	27	1.19807
19	150	0.94004
19	153	0.919483
19	159	0.925141
19	161	0.939717
19	162	0.938888
19	165	0.918212
19	167	1.21137
19	169	0.936464
19	173	0.944457
19	175	1.19379
19	179	0.937599
20	9	1.3562
20	66	0.943
20	75	0.932456
20	80	0.989951
20	106	0.919389
20	107	0.915806
20	108	0.96126
20	112	0.889132
20	125	0.930486
20	164	0.91852
20	177	1.123
20	180	1.12467
21	57	0.864026
21	88	0.956436
21	114	1.03462
21	116	0.995667
21	126	1.00022
21	131	1.02174
21	141	1.03416
21	147	1.02759
21	154	0.990014
21	172	1.01939
21	174	1.02026
21	177	1.01721
21	178	1.0132
22	31	0.942347
22	48	0.955523
22	122	1.02871
22	154	0.986427
22	157	1.00955
22	163	1.01783
22	164	0.963951
22	168	1.02091
22	171	1.00947
22	172	1.0158
22	174	1.01668
22	178	1.00962
22	180	1.01373
23	14	1.15108
23	24	0.937959
23	125	0.934963
23	128	1.02799
23	129	0.871308
23	138	1.00838
23	144	0.999016
23	160	1.01532
23	168	1.01545
23	171	1.004
23	173	1.01752
23	177	1.00816
23	178	1.00415
24	23	0.937959
24	75	1.02571
24	119	0.943846
24	129	1.01874
24	140	1.01081
24	142	1.02259
24	149	1.01569
24	151	1.01242
24	165	0.991277
24	169	1.00953
24	176	0.995635
24	179	1.01066
24	180	1.00827
25	48	0.973844
25	63	0.93018
25	85	0.959185
25	91	0.976146
25	98	0.97322
25	105	1.02623
25	116	1.01072
25	135	1.0232
25	143	1.03431
25	144	1.01623
25	152	1.03949
25	158	1.00906
25	175	1.03155
26	27	0.935124
26	70	0.9232
26	118	1.00391
26	123	1.01066
26	138	1.04565
26	143	1.01467
26	146	1.03235
26	149	1.01327
26	151	1.01
26	152	1.01986
26	158	0.989425
26	168	1.00537
26	180	1.00585
27	19	1.19807
27	26	0.935124
27	37	0.789785
27	123	0.972839
27	132	1.03461
27	141	1.02107
27	163	1.00833
27	167	1.01699
27	168	1.01141
27	170	1.0034
27	171	0.999963
27	177	1.00412
27	178	1.00011
28	119	0.931903
28	120	0.996974
28	121	1.03551
28	129	1.02497
28	135	0.993986
28	142	1.02883
28	150	1.01934
28	159	1.00444
28	162	1.01819
28	165	0.997512
28	169	1.01576
28	175	0.953878
28	176	0.983691
29	71	1.03066
29	111	1.01527
29	116	0.952128
29	133	0.994895
29	134	0.98514
29	150	1.01318
29	153	0.992625
29	159	0.998284
29	162	1.01203
29	169	1.00961
29	171	0.972956
29	173	1.0176
29	179	1.01074
30	78	1.02908
30	80	0.960836
30	119	1.00966
30	134	0.944727
30	143	1.01316
30	164	1.12322
30	165	1.0949
30	167	0.98469
30	168	0.97911
30	170	0.971102
30	171	0.967665
30	177	0.971823
30	178	0.967817
30	179	0.974322
31	22	0.942347
31	90	1.184
31	95	0.977506
31	121	1.04911
31	123	0.980366
31	126	0.962175
31	130	0.979902
31	140	0.978105
31	146	1.00206
31	149	0.982982
31	151	0.979711
31	175	0.981631
31	179	1.03118
31	180	0.975565
32	95	0.97568
32	102	0.996794
32	126	0.96035
32	130	0.978076
32	140	0.97628
32	144	1.01278
32	146	1.00023
32	149	0.981157
32	151	0.977886
32	160	1.07841
32	175	0.979806
32	178	1.07158
32	179	1.04181
32	180	0.973739
33	68	0.999083
33	145	0.980419
33	147	1.03013
33	150	0.984674
33	155	1.07905
33	156	0.971996
33	159	0.969776
33	161	0.984351
33	162	0.983522
33	165	0.962846
33	167	1.00387
33	169	0.981098
33	171	1.096
33	179	0.982234
34	74	1.07369
34	103	0.998869
34	129	0.987559
34	145	0.977671
34	156	0.969248
34	161	0.981603
34	162	0.980774
34	165	0.960098
34	169	0.97835
34	171	1.08325
34	173	0.986343
34	174	1.0493
34	176	1.00336
34	179	0.979485
35	41	0.933682
35	58	1.03575
35	91	0.847254
35	104	1.11186
35	124	0.773092
35	129	1.10124
35	150	1.0956
35	160	0.830228
35	161	1.09528
35	162	1.09445
35	165	1.07377
35	169	1.09203
35	173	1.10002
35	178	0.823394
36	44	1.04644
36	81	0.875452
36	83	0.871953
36	87	0.951705
36	102	1.11042
36	126	1.07398
36	130	1.09171
36	140	1.08991
36	146	1.11386
36	149	1.09479
36	151	1.09152
36	166	0.757929
36	172	0.753877
36	180	1.08737
37	17	1.03085
37	27	0.789785
37	43	1.16605
37	51	1.13782
37	66	1.08914
37	100	0.786318
37	106	1.06553
37	107	1.06194
37	108	1.1074
37	125	1.07662
37	164	1.06466
37	166	0.90228
37	174	0.861268
37	180	0.868209
38	9	0.985539
38	17	1.04327
38	145	0.748804
38	146	1.11104
38	151	1.08869
38	162	0.721751
38	166	1.08905
38	170	1.08372
38	173	0.696002
38	174	1.08749
38	175	1.09061
38	177	1.08444
38	178	1.08043
38	180	1.08454
39	99	1.00055
39	123	0.977806
39	124	1.00318
39	126	0.959615
39	130	0.977342
39	135	1.12439
39	140	0.975545
39	146	0.999499
39	149	0.980423
39	151	0.977151
39	175	0.979071
39	178	1.05348
39	179	1.02371
39	180	0.973005
40	12	0.918741
40	69	0.988137
40	92	1.05437
40	115	1.06378
40	131	0.990702
40	138	0.986394
40	153	1.08128
40	166	0.990783
40	170	0.985452
40	171	0.982015
40	172	0.988348
40	174	0.989225
40	177	0.986173
40	178	0.982167
41	35	0.933682
41	75	0.980979
41	96	0.963195
41	100	1.0702
41	107	0.96433
41	125	0.979009
41	140	1.1095
41	143	1.08278
41	157	0.985729
41	164	0.967044
41	170	0.989083
41	172	0.991979
41	174	0.992856
41	178	0.985798
42	49	0.966016
42	89	0.930278
42	115	1.02811
42	124	0.979241
42	137	0.991798
42	139	0.981092
42	143	0.995589
42	152	1.00077
42	163	1.08181
42	164	0.963901
42	168	1.03701
42	175	0.992836
42	176	0.998474
42	178	1.05595
43	37	1.16605
43	54	1.12709
43	63	0.824187
43	74	0.852971
43	80	1.13187
43	96	1.05659
43	106	1.06131
43	112	1.03105
43	113	1.09319
43	125	1.07241
43	155	0.845584
43	160	0.853126
43	164	1.06044
43	180	0.835528
44	36	1.04644
44	90	1.18617
44	102	0.986911
44	123	0.968657
44	130	0.968193
44	132	0.972669
44	140	0.966396
44	146	0.99035
44	149	0.971274
44	151	0.968002
44	175	0.969922
44	176	0.999472
44	177	1.05069
44	180	0.963856
45	87	0.933502
45	127	0.968688
45	137	1.01732
45	150	1.03438
45	163	0.990786
45	165	1.10473
45	166	0.991192
45	170	0.985861
45	171	0.982424
45	172	0.988757
45	173	1.03429
45	174	0.989634
45	177	0.986582
45	178	0.982575
46	66	1.10757
46	96	1.07924
46	106	1.08396
46	107	1.08037
46	108	1.12583
46	112	1.0537
46	116	1.09119
46	125	1.09505
46	138	0.870587
46	155	0.848537
46	163	0.875101
46	164	1.08309
46	174	0.83154
46	176	0.785595
47	6	0.989104
47	113	1.0291
47	126	1.12725
47	136	0.964603
47	146	1.04835
47	154	0.954632
47	167	0.994696
47	168	0.989116
47	170	0.981108
47	171	0.977671
47	174	0.984881
47	176	0.993642
47	177	0.981829
47	178	0.977823
48	22	0.955523
48	25	0.973844
48	60	0.916922
48	79	1.02676
48	86	0.990956
48	88	1.20065
48	102	0.993537
48	123	0.975283
48	146	0.996976
48	149	0.9779
48	151	0.974629
48	175	0.976549
48	178	1.07412
48	180	0.970482
49	42	0.966016
49	94	1.05144
49	100	1.00447
49	118	0.982088
49	124	0.976505
49	134	1.07689
49	139	0.978357
49	144	0.97478
49	158	0.967604
49	162	1.00545
49	164	0.961165
49	166	1.07178
49	173	0.993281
49	176	0.995739
50	79	0.999352
50	88	1.24467
50	99	0.97061
50	123	0.94787
50	126	0.92968
50	130	0.947407
50	140	0.94561
50	146	0.969563
50	147	1.06851
50	149	0.950487
50	151	0.947216
50	157	1.09643
50	168	1.0992
50	175	0.949136
50	180	0.943069
51	14	0.989841
51	37	1.13782
51	66	1.05669
51	80	1.10364
51	96	1.02836
51	107	1.0295
51	108	1.07495
51	112	1.00282
51	125	1.04418
51	132	0.813524
51	154	0.965308
51	158	0.895183
51	163	0.929833
51	164	1.03221
51	178	0.903977
52	56	1.09117
52	64	1.06997
52	98	0.995908
52	122	0.970368
52	126	0.875587
52	134	0.904044
52	137	1.0532
52	139	1.0425
52	143	1.05699
52	144	1.03892
52	152	1.06218
52	158	1.03174
52	168	0.856676
52	172	0.894873
52	173	1.05742
53	8	1.08457
53	64	0.971965
53	72	1.00154
53	96	1.22644
53	138	0.950281
53	148	0.954268
53	163	0.954264
53	166	0.95467
53	167	0.962926
53	169	1.18185
53	172	0.952235
53	174	0.953111
53	177	0.95006
53	178	0.946053
53	180	0.950168
54	43	1.12709
54	75	1.03964
54	80	1.09713
54	89	0.997884
54	106	1.02657
54	107	1.02299
54	108	1.06844
54	112	0.996315
54	113	1.05845
54	120	0.885451
54	125	1.03767
54	133	0.894069
54	164	1.0257
54	166	0.879196
54	180	0.845125
55	1	0.887317
55	18	1.00429
55	142	1.10667
55	144	1.11525
55	148	0.957172
55	155	0.956464
55	158	1.16525
55	163	0.957168
55	166	0.957574
55	168	0.96025
55	169	1.10722
55	176	0.964777
55	177	0.952963
55	178	0.948957
55	180	0.953072
56	52	1.09117
56	98	0.995514
56	100	1.06821
56	110	1.03213
56	139	1.0421
56	141	0.858259
56	144	1.03853
56	149	0.810116
56	152	1.06179
56	155	0.909798
56	158	1.03135
56	160	1.05483
56	173	1.05703
56	176	1.05948
56	177	0.898074
57	14	1.00487
57	21	0.864026
57	66	1.07172
57	75	1.06117
57	106	1.04811
57	107	1.04452
57	108	1.08998
57	112	1.01785
57	116	1.05534
57	125	1.0592
57	138	0.937678
57	162	0.873318
57	164	1.04724
57	168	0.897393
57	171	0.932576
58	35	1.03575
58	122	0.924341
58	129	0.96023
58	134	1.17797
58	141	1.0973
58	142	0.964084
58	145	0.950342
58	153	0.93404
58	159	0.939699
58	161	0.954275
58	162	0.953445
58	165	0.93277
58	169	0.951022
58	170	1.14696
58	176	1.0859
59	64	1.15137
59	67	0.956703
59	79	0.998917
59	82	1.0429
59	102	0.965689
59	126	0.929246
59	130	0.946972
59	140	0.945175
59	146	0.969129
59	149	0.950053
59	151	0.946781
59	169	1.1525
59	175	0.948701
59	176	1.15568
59	180	0.942635
60	48	0.916922
60	61	1.1953
60	67	0.965295
60	86	0.971701
60	95	0.953168
60	99	0.978768
60	105	1.07006
60	119	1.0597
60	126	0.937838
60	140	0.953768
60	149	0.958645
60	151	0.955374
60	175	0.957294
60	178	1.17514
60	180	0.951227
61	60	1.1953
61	120	0.941899
61	122	0.934008
61	133	1.11091
61	138	1.09407
61	145	0.96001
61	150	0.964265
61	156	0.951587
61	159	0.949367
61	161	0.963942
61	162	0.963113
61	164	1.10272
61	165	0.942437
61	169	0.960689
61	173	0.968682
62	92	0.933349
62	109	1.1192
62	120	0.920776
62	122	0.912885
62	124	1.20436
62	142	0.952628
62	150	0.943142
62	153	0.922585
62	159	0.928244
62	161	0.942819
62	162	0.94199
62	165	0.921314
62	169	0.939566
62	174	1.23696
62	177	1.24223
62	179	0.940701
63	25	0.93018
63	43	0.824187
63	90	1.15351
63	108	0.927431
63	141	1.02782
63	142	0.963082
63	146	1.03748
63	149	1.0184
63	151	1.01513
63	157	1.0068
63	167	1.02374
63	172	1.01305
63	175	1.01705
63	176	1.02269
63	178	1.00687
63	180	1.01098
64	15	0.759748
64	52	1.06997
64	53	0.971965
64	59	1.15137
64	98	0.974319
64	123	0.994074
64	130	0.912931
64	139	1.02091
64	144	1.01733
64	152	1.04059
64	154	0.99928
64	156	0.976091
64	166	1.03109
64	170	1.02576
64	171	1.02232
64	177	1.02648
65	74	1.23096
65	137	0.931775
65	140	0.929287
65	143	0.935566
65	146	0.953241
65	149	0.934165
65	151	0.930893
65	152	0.940752
65	158	0.910317
65	167	1.1484
65	168	1.20534
65	173	0.935994
65	175	0.932813
65	176	0.938452
65	178	1.22428
65	180	0.926747
66	20	0.943
66	37	1.08914
66	46	1.10757
66	51	1.05669
66	57	1.07172
66	92	0.96837
66	103	0.90051
66	107	0.980816
66	108	1.02627
66	112	0.954142
66	116	0.991636
66	125	0.995495
66	128	0.932673
66	156	0.997103
66	164	0.98353
66	180	0.994859
67	59	0.956703
67	60	0.965295
67	79	1.07514
67	86	1.03933
67	110	1.07683
67	126	1.00547
67	130	1.02319
67	140	1.0214
67	146	1.04535
67	149	1.02627
67	151	1.023
67	160	0.962037
67	176	0.891554
67	178	0.955204
67	179	0.925434
67	180	1.01886
68	12	1.27179
68	16	0.871537
68	33	0.999083
68	84	1.04502
68	97	0.979877
68	104	1.04511
68	107	0.927549
68	109	0.802085
68	129	1.03449
68	135	1.0035
68	139	0.92215
68	145	1.0246
68	153	1.0083
68	162	1.0277
68	165	1.00703
68	169	1.02528
69	40	0.988137
69	92	1.01766
69	120	1.00508
69	133	0.987257
69	142	1.03694
69	145	1.02319
69	153	1.00689
69	155	0.948369
69	156	1.01477
69	159	1.01255
69	161	1.02713
69	162	1.0263
69	165	1.00562
69	169	1.02387
69	170	0.946484
69	180	0.938313
70	26	0.9232
70	77	0.989102
70	106	0.961903
70	114	0.985815
70	158	0.942658
70	160	1.02507
70	161	1.02252
70	164	0.981438
70	167	1.03077
70	169	1.01927
70	171	1.01374
70	172	1.02008
70	173	1.02726
70	177	1.0179
70	178	1.0139
70	179	1.0204
71	29	1.03066
71	97	0.982945
71	101	0.895411
71	121	0.969847
71	122	1.00167
71	129	1.03756
71	153	1.01137
71	156	1.01925
71	159	1.01703
71	161	1.0316
71	165	1.0101
71	169	1.02835
71	172	1.00093
71	174	0.963976
71	178	0.981681
71	179	1.02948
72	53	1.00154
72	92	1.0779
72	103	1.10464
72	114	0.839789
72	129	1.09333
72	153	1.06714
72	156	1.07502
72	159	1.0728
72	161	1.08737
72	162	1.08655
72	163	0.831281
72	164	0.835411
72	165	1.06587
72	169	1.08412
72	170	0.802831
72	177	0.792993
72	179	1.08526
73	2	1.25812
73	79	1.03727
73	91	1.00403
73	95	0.982926
73	99	1.00853
73	123	0.985786
73	126	0.967596
73	130	0.985322
73	140	0.983526
73	141	0.927924
73	146	1.00748
73	149	0.988403
73	151	0.985132
73	166	1.00348
73	173	0.911404
73	175	0.987052
73	180	0.980985
74	34	1.07369
74	43	0.852971
74	65	1.23096
74	131	0.996297
74	146	0.980306
74	147	1.00215
74	149	0.958853
74	154	0.964571
74	155	0.995269
74	157	0.987693
74	166	0.996378
74	167	1.00463
74	170	0.991047
74	171	0.98761
74	174	0.99482
74	177	0.991768
74	178	0.987762
75	20	0.932456
75	24	1.02571
75	41	0.980979
75	54	1.03964
75	57	1.06117
75	77	1.0569
75	80	1.04442
75	96	0.969136
75	106	0.973853
75	108	1.01572
75	112	0.943597
75	116	0.981091
75	125	0.984951
75	135	1.08991
75	164	0.972985
75	167	0.943105
75	179	0.989225
76	93	1.00797
76	103	0.943412
76	110	0.946189
76	125	1.05225
76	155	0.997627
76	157	0.990051
76	158	1.03973
76	165	1.05019
76	167	1.00699
76	168	1.00141
76	170	0.993406
76	171	0.989969
76	172	0.996302
76	174	0.997178
76	177	0.994127
76	178	0.99012
76	179	0.996625
77	70	0.989102
77	75	1.0569
77	90	0.922468
77	97	0.93173
77	111	0.982798
77	126	1.09044
77	150	0.980709
77	156	0.968031
77	159	0.965811
77	161	0.980386
77	162	0.979557
77	163	1.11633
77	165	0.958881
77	166	1.11378
77	169	0.977133
77	173	0.985126
77	176	1.02682
77	179	0.978268
78	30	1.02908
78	83	1.02284
78	99	0.746903
78	105	0.865813
78	110	1.01389
78	116	0.966301
78	124	0.920586
78	134	1.03473
78	136	1.0446
78	155	1.06533
78	156	0.962368
78	162	0.927871
78	166	1.06644
78	167	1.0747
78	171	1.05767
78	172	1.064
78	174	1.06488
78	177	1.06183
79	11	0.77354
79	48	1.02676
79	50	0.999352
79	59	0.998917
79	67	1.07514
79	73	1.03727
79	126	1.04768
79	130	1.06541
79	136	0.974928
79	146	1.08756
79	149	1.06849
79	151	1.06522
79	160	0.917525
79	166	0.933998
79	172	0.929945
79	175	1.06714
79	179	0.880922
79	180	1.06107
80	20	0.989951
80	30	0.960836
80	43	1.13187
80	51	1.10364
80	54	1.09713
80	75	1.04442
80	96	1.02663
80	106	1.03135
80	107	1.02777
80	108	1.07322
80	112	1.00109
80	125	1.04245
80	128	0.847219
80	148	0.895006
80	164	1.03048
80	172	0.939423
80	173	0.851402
80	180	0.909405
81	36	0.875452
81	84	0.988772
81	104	0.988867
81	122	0.942354
81	142	0.982097
81	143	1.11332
81	145	0.968355
81	150	0.97261
81	156	0.959932
81	159	0.957712
81	161	0.972287
81	165	0.950783
81	167	1.1175
81	169	0.969034
81	173	0.977027
81	175	1.09993
81	178	1.19339
81	179	0.97017
82	59	1.0429
82	85	0.988343
82	105	1.05539
82	109	1.07915
82	121	0.864308
82	124	1.04712
82	135	0.947054
82	137	1.05967
82	144	1.04539
82	152	1.06865
82	158	1.03821
82	160	1.0617
82	161	0.81255
82	164	1.03177
82	165	0.877808
82	173	1.06389
82	174	0.858437
82	175	1.06071
83	36	0.871953
83	78	1.02284
83	109	1.05443
83	126	1.18986
83	135	0.945166
83	136	0.948356
83	144	1.1311
83	155	0.969082
83	162	1.14688
83	166	0.970192
83	167	0.978448
83	168	0.972868
83	171	0.961423
83	172	0.967757
83	174	0.968633
83	177	0.965581
83	178	0.961575
83	179	0.96808
84	68	1.04502
84	81	0.988772
84	104	1.04687
84	118	0.969734
84	119	0.861353
84	120	1.00824
84	127	0.984444
84	142	1.0401
84	150	1.03061
84	153	1.01005
84	156	1.01793
84	158	0.967998
84	159	1.01571
84	161	1.03029
84	162	1.02946
84	165	1.00878
84	168	0.957849
84	177	0.96436
84	179	1.02817
85	5	0.987657
85	25	0.959185
85	82	0.988343
85	101	1.08878
85	118	0.93654
85	124	0.930958
85	128	0.958209
85	134	1.20347
85	143	0.947306
85	144	0.929233
85	152	0.952492
85	158	0.922056
85	160	0.945542
85	167	1.09916
85	173	0.947734
85	174	1.15734
85	175	0.944553
85	176	0.950192
85	177	1.16262
86	10	0.833156
86	48	0.990956
86	60	0.971701
86	67	1.03933
86	94	0.940204
86	95	1.0272
86	99	1.0528
86	123	1.03006
86	126	1.01187
86	130	1.0296
86	133	0.975407
86	136	1.00146
86	140	1.0278
86	149	1.03268
86	151	1.02941
86	154	0.998559
86	163	0.963084
86	175	1.03133
86	180	1.02526
87	36	0.951705
87	45	0.933502
87	104	1.15744
87	105	1.16457
87	134	0.924394
87	140	1.2163
87	157	0.947415
87	160	0.958654
87	163	0.955695
87	167	0.964357
87	168	0.958777
87	170	0.95077
87	171	0.947332
87	173	1.20088
87	174	0.954542
87	177	0.951491
87	178	0.947484
87	179	0.953989
87	180	0.951599
88	11	1.04194
88	21	0.956436
88	48	1.20065
88	50	1.24467
88	113	1.08091
88	119	0.981635
88	124	1.12879
88	157	0.939721
88	163	0.948001
88	166	0.948406
88	167	0.956663
88	168	0.951083
88	171	0.939638
88	172	0.945971
88	174	0.946848
88	176	0.95561
88	178	0.93979
88	179	0.946294
88	180	0.943905
89	42	0.930278
89	54	0.997884
89	100	0.968728
89	109	0.972805
89	118	0.94635
89	137	0.953325
89	139	0.942619
89	144	0.939043
89	148	1.1694
89	152	0.962302
89	158	0.931866
89	160	0.955351
89	164	0.925427
89	170	1.19196
89	173	0.957543
89	175	0.954362
89	176	0.960001
89	179	1.16479
89	180	1.18379
90	31	1.184
90	44	1.18617
90	63	1.15351
90	77	0.922468
90	104	0.972464
90	120	0.933841
90	129	0.96184
90	137	1.08987
90	142	0.965694
90	145	0.951952
90	150	0.956207
90	153	0.93565
90	159	0.941309
90	161	0.955884
90	162	0.955055
90	165	0.934379
90	169	0.952631
90	173	0.960624
90	175	1.08215
91	25	0.976146
91	35	0.847254
91	73	1.00403
91	98	1.17738
91	131	1.00906
91	134	0.977432
91	136	0.987304
91	154	0.977333
91	157	1.00045
91	163	1.00873
91	166	1.00914
91	170	1.00381
91	171	1.00037
91	172	1.0067
91	173	1.00766
91	174	1.00758
91	175	0.982961
91	177	1.00453
91	178	1.00052
91	179	1.00703
92	40	1.05437
92	62	0.933349
92	66	0.96837
92	69	1.01766
92	72	1.0779
92	103	1.0216
92	122	0.974399
92	131	1.00265
92	145	1.0004
92	147	0.965681
92	150	1.00466
92	153	0.984099
92	156	0.991978
92	160	1.02214
92	161	1.00433
92	162	1.0035
92	165	0.982828
92	168	0.996368
92	169	1.00108
92	179	1.00222
93	76	1.00797
93	105	1.00064
93	114	0.994712
93	118	0.997952
93	124	0.99237
93	128	1.01962
93	139	0.994221
93	143	1.00872
93	144	0.990645
93	152	1.0139
93	156	1.00348
93	158	0.983468
93	162	0.968986
93	163	1.03786
93	164	0.97703
93	173	1.00915
93	175	1.00596
93	176	1.0116
93	179	0.982234
93	180	1.00124
94	49	1.05144
94	86	0.940204
94	103	1.02006
94	106	1.06599
94	142	1.01261
94	143	0.975464
94	144	0.996742
94	148	1.00239
94	153	0.982564
94	155	1.00168
94	156	0.990443
94	162	1.00197
94	165	0.981294
94	166	1.00279
94	167	1.01105
94	169	0.999546
94	174	1.00123
94	175	0.962076
94	177	0.998183
94	178	0.994176
95	1	1.19893
95	31	0.977506
95	32	0.97568
95	60	0.953168
95	73	0.982926
95	86	1.0272
95	98	1.03495
95	115	0.991611
95	123	1.01153
95	126	0.993339
95	131	0.921338
95	140	1.00927
95	146	1.03322
95	149	1.01415
95	151	1.01088
95	154	0.995326
95	172	0.953249
95	175	1.0128
95	179	0.904226
95	180	1.00673
96	14	0.912832
96	17	0.921388
96	41	0.963195
96	43	1.05659
96	46	1.07924
96	51	1.02836
96	53	1.22644
96	75	0.969136
96	80	1.02663
96	103	0.925212
96	106	0.956069
96	107	0.952487
96	108	0.99794
96	112	0.925813
96	113	0.987947
96	125	0.967167
96	131	1.01767
96	135	1.10124
96	160	1.03716
96	164	0.955201
96	179	1.00056
97	8	1.01278
97	68	0.979877
97	71	0.982945
97	77	0.93173
97	103	0.982412
97	119	1.0253
97	122	0.935212
97	130	1.06906
97	133	1.17891
97	134	1.16916
97	135	0.940115
97	145	0.961214
97	150	0.965469
97	151	1.08585
97	156	0.952791
97	159	0.950571
97	161	0.965146
97	162	0.964317
97	165	0.943641
97	169	0.961893
97	173	0.969886
97	176	1.07709
98	25	0.97322
98	52	0.995908
98	56	0.995514
98	64	0.974319
98	91	1.17738
98	95	1.03495
98	103	1.04841
98	105	0.953268
98	114	0.947335
98	118	0.950575
98	128	0.972244
98	137	0.95755
98	139	0.946844
98	143	0.961341
98	144	0.943268
98	152	0.966527
98	158	0.936091
98	167	1.07763
98	173	0.961769
98	176	0.964226
98	179	1.12375
98	180	1.14276
99	1	1.09351
99	2	1.10653
99	12	1.16282
99	39	1.00055
99	50	0.97061
99	60	0.978768
99	73	1.00853
99	78	0.746903
99	86	1.0528
99	102	1.05538
99	118	0.821521
99	123	1.03713
99	126	1.01894
99	130	1.03667
99	140	1.03487
99	146	1.05882
99	149	1.03975
99	151	1.03647
99	170	0.825985
99	171	0.844818
99	175	1.03839
99	180	1.03233
100	11	1.06749
100	37	0.786318
100	41	1.0702
100	49	1.00447
100	56	1.06821
100	89	0.968728
100	114	1.02003
100	115	0.932065
100	118	1.02327
100	124	1.01769
100	128	1.04494
100	134	0.988332
100	137	1.03025
100	139	1.01954
100	144	1.01597
100	151	0.905022
100	152	1.03923
100	153	0.949565
100	158	1.00879
100	165	0.961574
100	173	1.03447
100	176	1.03692
101	16	0.900282
101	71	0.895411
101	85	1.08878
101	117	1.01528
101	118	0.959237
101	121	1.03635
101	137	0.88055
101	148	1.02834
101	155	1.02763
101	160	1.0313
101	163	1.02834
101	165	0.967961
101	168	1.03142
101	169	0.89947
101	170	1.02341
101	171	1.01998
101	172	1.02631
101	174	1.02719
101	176	1.03595
101	177	1.02413
101	178	1.02013
101	180	1.02424
102	32	0.996794
102	36	1.11042
102	44	0.986911
102	48	0.993537
102	59	0.965689
102	99	1.05538
102	115	1.01272
102	123	1.03264
102	127	0.939224
102	130	1.03218
102	136	0.995809
102	140	1.03038
102	146	1.05434
102	147	0.881943
102	149	1.03526
102	151	1.03199
102	154	0.992903
102	160	0.938406
102	164	0.961558
102	175	1.03391
102	179	0.901803
102	180	1.02784
103	34	0.998869
103	66	0.90051
103	72	1.10464
103	76	0.943412
103	92	1.0216
103	94	1.02006
103	96	0.925212
103	97	0.982412
103	98	1.04841
103	111	1.03348
103	114	0.981814
103	129	1.03702
103	132	0.856997
103	142	1.04088
103	145	1.02714
103	156	1.01871
103	159	1.01649
103	161	1.03107
103	162	1.03024
103	165	1.00956
103	169	1.02782
103	178	0.947451
104	35	1.11186
104	68	1.04511
104	81	0.988867
104	84	1.04687
104	87	1.15744
104	90	0.972464
104	117	0.928225
104	121	0.928524
104	123	0.94982
104	132	0.849904
104	142	1.04019
104	145	1.02645
104	152	0.870557
104	153	1.01015
104	156	1.01803
104	159	1.01581
104	161	1.03038
104	162	1.02955
104	165	1.00888
104	169	1.02713
104	174	0.922652
104	179	1.02826
105	25	1.02623
105	60	1.07006
105	78	0.865813
105	82	1.05539
105	87	1.16457
105	93	1.00064
105	98	0.953268
105	114	1.00035
105	116	0.990771
105	124	0.998005
105	135	1.0184
105	139	0.999857
105	143	1.01435
105	144	0.99628
105	152	1.01954
105	157	0.925778
105	158	0.989104
105	160	1.01259
105	168	0.928545
105	173	1.01478
105	175	1.0116
105	176	1.01724
105	177	0.935056
106	14	0.917549
106	17	0.926105
106	20	0.919389
106	37	1.06553
106	43	1.06131
106	46	1.08396
106	54	1.02657
106	57	1.04811
106	70	0.961903
106	75	0.973853
106	80	1.03135
106	94	1.06599
106	96	0.956069
106	107	0.957204
106	108	1.00266
106	112	0.93053
106	116	0.968024
106	125	0.971884
106	164	0.959918
106	172	1.08227
106	173	0.994248
106	176	0.999366
106	177	1.05058
106	180	1.05225
107	17	0.922523
107	20	0.915806
107	37	1.06194
107	41	0.96433
107	46	1.08037
107	51	1.0295
107	54	1.02299
107	57	1.04452
107	66	0.980816
107	68	0.927549
107	80	1.02777
107	96	0.952487
107	106	0.957204
107	108	0.999075
107	110	1.16419
107	111	0.976491
107	112	0.926948
107	113	0.989081
107	119	0.927124
107	125	0.968301
107	136	1.1068
107	138	1.0639
107	164	0.956336
107	178	1.04256
108	14	0.95942
108	20	0.96126
108	37	1.1074
108	46	1.12583
108	51	1.07495
108	54	1.06844
108	57	1.08998
108	63	0.927431
108	66	1.02627
108	75	1.01572
108	80	1.07322
108	96	0.99794
108	106	1.00266
108	107	0.999075
108	112	0.972401
108	116	1.0099
108	121	0.937704
108	123	0.959001
108	125	1.01375
108	164	1.00179
108	170	0.946944
108	171	0.965778
108	172	0.968791
108	176	0.885888
108	179	0.919768
109	62	1.1192
109	68	0.802085
109	82	1.07915
109	83	1.05443
109	89	0.972805
109	114	1.02411
109	118	1.02735
109	124	1.02177
109	128	1.04902
109	133	1.00227
109	137	1.03432
109	139	1.02362
109	143	1.03812
109	144	1.02004
109	152	1.0433
109	158	1.01287
109	159	0.917325
109	160	1.03635
109	162	0.874081
109	170	0.914505
109	171	0.933339
109	173	1.03854
109	175	1.03536
109	176	1.041
109	179	0.88733
110	56	1.03213
110	67	1.07683
110	76	0.946189
110	78	1.01389
110	107	1.16419
110	118	1.16713
110	130	1.10251
110	134	0.929536
110	135	0.936218
110	136	0.939407
110	138	0.956854
110	141	0.97358
110	149	1.0738
110	155	0.960133
110	157	0.952557
110	163	0.960837
110	165	1.17586
110	166	0.961243
110	167	0.969499
110	168	0.963919
110	170	0.955912
110	171	0.952475
110	172	0.958808
110	174	0.959684
110	177	0.956633
110	178	0.952626
111	6	1.0612
111	29	1.01527
111	77	0.982798
111	103	1.03348
111	107	0.976491
111	120	0.994172
111	122	0.986281
111	127	0.994145
111	129	1.02217
111	131	0.973836
111	141	0.934245
111	145	1.01228
111	150	1.01654
111	153	0.99598
111	156	1.00386
111	159	1.00164
111	161	1.01621
111	162	1.01539
111	165	0.99471
111	169	1.01296
111	170	0.983899
111	171	1.00273
111	173	1.02095
111	177	0.97406
111	179	1.0141
111	180	0.975728
112	14	0.887293
112	17	0.895849
112	20	0.889132
112	43	1.03105
112	46	1.0537
112	51	1.00282
112	54	0.996315
112	57	1.01785
112	66	0.954142
112	75	0.943597
112	80	1.00109
112	96	0.925813
112	106	0.93053
112	107	0.926948
112	108	0.972401
112	113	0.962407
112	116	0.937768
112	125	0.941627
112	142	1.04822
112	147	1.06596
112	154	1.17692
112	163	1.14145
112	164	0.929662
112	166	1.1389
112	172	1.13484
112	180	1.10483
113	17	0.957982
113	43	1.09319
113	47	1.0291
113	54	1.05845
113	88	1.08091
113	96	0.987947
113	107	0.989081
113	112	0.962407
113	116	0.999901
113	125	1.00376
113	135	1.02529
113	137	1.01969
113	139	1.00899
113	143	1.02348
113	144	1.00541
113	145	0.938413
113	152	1.02867
113	157	0.932667
113	158	0.998234
113	164	0.991795
113	168	0.935434
113	173	1.02391
113	175	1.02073
113	176	1.02637
113	177	0.941945
113	179	0.924608
114	9	0.927292
114	21	1.03462
114	70	0.985815
114	72	0.839789
114	93	0.994712
114	98	0.947335
114	100	1.02003
114	103	0.981814
114	105	1.00035
114	109	1.02411
114	118	0.997655
114	124	0.992073
114	128	1.01932
114	133	0.972574
114	136	1.15116
114	137	1.00463
114	139	0.993924
114	142	1.01955
114	152	1.01361
114	158	0.983171
114	160	1.00666
114	164	0.976733
114	168	1.06798
114	169	1.0201
114	173	1.00885
114	175	1.00567
114	176	1.01131
115	15	1.03346
115	40	1.06378
115	42	1.02811
115	95	0.991611
115	100	0.932065
115	102	1.01272
115	117	1.01259
115	123	0.994471
115	130	0.994007
115	131	1.01206
115	140	0.99221
115	142	1.00399
115	146	1.01616
115	149	0.997088
115	150	0.9945
115	153	0.973943
115	156	0.981822
115	159	0.979602
115	162	0.993348
115	165	0.972672
115	169	0.990924
115	172	1.04397
115	174	1.00702
115	175	0.995736
115	177	1.01229
115	179	0.99206
115	180	0.98967
116	21	0.995667
116	25	1.01072
116	29	0.952128
116	46	1.09119
116	57	1.05534
116	66	0.991636
116	75	0.981091
116	78	0.966301
116	105	0.990771
116	106	0.968024
116	108	1.0099
116	112	0.937768
116	113	0.999901
116	125	0.979121
116	133	0.962997
116	137	0.995053
116	139	0.984348
116	143	0.998844
116	144	0.980771
116	151	0.99309
116	154	1.10931
116	162	1.00496
116	164	0.967156
116	171	1.06422
116	173	0.999272
116	175	0.996091
116	179	1.01821
117	9	1.2612
117	101	1.01528
117	104	0.928225
117	115	1.01259
117	134	0.968618
117	136	0.97849
117	138	0.995937
117	146	0.961495
117	147	1.0061
117	148	0.999924
117	154	0.968519
117	155	0.999216
117	156	1.03191
117	161	0.97684
117	163	0.99992
117	166	1.00033
117	168	1.003
117	170	0.994994
117	171	0.991557
117	172	0.997891
117	173	0.971664
117	174	0.998767
117	175	0.946968
117	177	0.995715
117	178	0.991709
117	179	0.998214
117	180	0.995824
118	26	1.00391
118	49	0.982088
118	84	0.969734
118	85	0.93654
118	89	0.94635
118	93	0.997952
118	98	0.950575
118	99	0.821521
118	100	1.02327
118	101	0.959237
118	109	1.02735
118	110	1.16713
118	114	0.997655
118	124	0.995313
118	128	1.02256
118	137	1.00787
118	139	0.997164
118	143	1.01166
118	154	1.10684
118	158	0.986411
118	160	1.0099
118	164	0.979973
118	175	1.00891
118	176	1.01455
118	177	1.03307
118	179	1.01574
118	180	1.03474
119	3	0.969746
119	24	0.943846
119	28	0.931903
119	30	1.00966
119	60	1.0597
119	84	0.861353
119	88	0.981635
119	97	1.0253
119	107	0.927124
119	134	1.01531
119	135	1.02199
119	143	0.85705
119	146	0.858189
119	147	1.05279
119	154	1.01521
119	155	1.04591
119	156	0.928606
119	157	1.03833
119	163	1.04661
119	166	1.04702
119	167	1.05528
119	168	1.0497
119	170	1.04169
119	171	1.03825
119	172	1.04458
119	174	1.04546
119	177	1.04241
119	178	1.0384
120	28	0.996974
120	54	0.885451
120	61	0.941899
120	62	0.920776
120	69	1.00508
120	84	1.00824
120	90	0.933841
120	111	0.994172
120	122	0.961826
120	127	1.08978
120	142	1.00157
120	145	0.987827
120	150	0.992082
120	153	0.971525
120	155	1.08142
120	156	0.979404
120	157	1.06041
120	158	1.07333
120	159	0.977184
120	161	0.99176
120	162	0.99093
120	165	0.970255
120	166	1.10543
120	169	0.988507
120	171	1.09836
120	173	0.996499
120	176	1.01848
120	179	0.989642
121	5	0.918396
121	28	1.03551
121	31	1.04911
121	71	0.969847
121	82	0.864308
121	101	1.03635
121	104	0.928524
121	108	0.937704
121	127	0.998898
121	134	0.989695
121	135	0.996377
121	138	1.01701
121	146	0.961794
121	148	1.021
121	153	1.03039
121	154	0.989595
121	155	1.02029
121	157	1.01272
121	166	1.0214
121	167	1.02966
121	168	1.02408
121	170	1.01607
121	171	1.01263
121	174	1.01984
121	176	1.02861
121	177	1.01679
121	178	1.01279
121	179	1.01929
121	180	1.0169
122	22	1.02871
122	52	0.970368
122	58	0.924341
122	61	0.934008
122	62	0.912885
122	71	1.00167
122	81	0.942354
122	92	0.974399
122	97	0.935212
122	111	0.986281
122	120	0.961826
122	129	0.989824
122	132	1.05686
122	133	1.18549
122	135	0.958838
122	142	0.993678
122	149	1.04692
122	153	0.963634
122	156	0.971513
122	157	1.1256
122	159	0.969293
122	161	0.983869
122	162	0.983039
122	165	0.962364
122	169	0.980616
122	172	1.16657
122	173	0.988608
122	174	1.12961
122	179	0.981751
123	7	0.933422
123	26	1.01066
123	27	0.972839
123	31	0.980366
123	39	0.977806
123	44	0.968657
123	48	0.975283
123	50	0.94787
123	64	0.994074
123	73	0.985786
123	86	1.03006
123	95	1.01153
123	99	1.03713
123	102	1.03264
123	104	0.94982
123	108	0.959001
123	115	0.994471
123	126	0.996199
123	130	1.01393
123	140	1.01213
123	146	1.03608
123	148	1.03686
123	149	1.01701
123	151	1.01373
123	168	1.04308
123	170	1.05943
123	173	0.99326
123	175	1.01565
123	176	0.998377
123	180	1.00959
124	11	1.03953
124	16	1.03699
124	35	0.773092
124	39	1.00318
124	42	0.979241
124	49	0.976505
124	62	1.20436
124	78	0.920586
124	82	1.04712
124	85	0.930958
124	88	1.12879
124	93	0.99237
124	100	1.01769
124	105	0.998005
124	109	1.02177
124	114	0.992073
124	118	0.995313
124	128	1.01698
124	137	1.00229
124	139	0.991582
124	143	1.00608
124	144	0.988006
124	151	0.947375
124	154	1.06359
124	158	0.980829
124	164	0.97439
124	175	1.00333
124	176	1.00896
124	179	0.972492
124	180	0.991497
125	10	0.952217
125	14	0.928647
125	17	0.937203
125	18	0.966328
125	20	0.930486
125	23	0.934963
125	37	1.07662
125	41	0.979009
125	43	1.07241
125	46	1.09505
125	51	1.04418
125	54	1.03767
125	57	1.0592
125	66	0.995495
125	75	0.984951
125	76	1.05225
125	80	1.04245
125	96	0.967167
125	106	0.971884
125	107	0.968301
125	108	1.01375
125	112	0.941627
125	113	1.00376
125	116	0.979121
125	129	0.996359
125	160	1.06312
125	164	0.971016
125	169	0.989464
125	176	0.992639
125	178	1.05629
126	7	0.915232
126	21	1.00022
126	31	0.962175
126	32	0.96035
126	36	1.07398
126	39	0.959615
126	47	1.12725
126	50	0.92968
126	52	0.875587
126	59	0.929246
126	60	0.937838
126	67	1.00547
126	73	0.967596
126	77	1.09044
126	79	1.04768
126	83	1.18986
126	86	1.01187
126	95	0.993339
126	99	1.01894
126	123	0.996199
126	130	0.995735
126	132	0.962078
126	140	0.993939
126	141	1.00028
126	146	1.01789
126	149	0.998816
126	151	0.995545
126	175	0.997465
126	177	1.0401
126	179	1.02276
126	180	0.991398
127	7	1.2218
127	11	0.923065
127	45	0.968688
127	84	0.984444
127	102	0.939224
127	111	0.994145
127	120	1.08978
127	121	0.998898
127	129	1.00029
127	131	0.991206
127	133	0.959759
127	136	0.969452
127	138	0.986899
127	141	1.00362
127	147	0.997061
127	148	0.990886
127	154	0.959481
127	156	1.0517
127	160	0.993841
127	163	0.990882
127	164	1.0902
127	166	0.991288
127	168	0.993964
127	170	0.985956
127	171	0.982519
127	172	0.988853
127	174	0.989729
127	176	0.998491
127	177	0.986677
127	178	0.982671
127	179	0.989176
128	3	1.18123
128	5	1.07368
128	8	0.815513
128	9	0.9522
128	23	1.02799
128	66	0.932673
128	80	0.847219
128	85	0.958209
128	93	1.01962
128	98	0.972244
128	100	1.04494
128	109	1.04902
128	114	1.01932
128	118	1.02256
128	124	1.01698
128	131	0.966956
128	133	0.997483
128	137	1.02954
128	138	1.00096
128	139	1.01883
128	143	1.03333
128	144	1.01526
128	150	0.910934
128	152	1.03852
128	155	0.978905
128	158	1.00808
128	163	1.00547
128	164	1.00164
128	173	1.03376
128	175	1.03058
128	176	1.03621
128	180	0.968848
129	23	0.871308
129	24	1.01874
129	28	1.02497
129	34	0.987559
129	35	1.10124
129	58	0.96023
129	68	1.03449
129	71	1.03756
129	72	1.09333
129	90	0.96184
129	103	1.03702
129	111	1.02217
129	122	0.989824
129	125	0.996359
129	127	1.00029
129	140	0.939287
129	142	1.02957
129	145	1.01583
129	150	1.02008
129	152	0.922834
129	153	0.999524
129	156	1.0074
129	157	0.970923
129	159	1.00518
129	161	1.01976
129	162	1.01893
129	165	0.998253
129	169	1.01651
129	171	1.00887
129	174	0.974929
129	176	0.928984
129	178	0.992634
130	7	0.932958
130	31	0.979902
130	32	0.978076
130	36	1.09171
130	39	0.977342
130	44	0.968193
130	50	0.947407
130	59	0.946972
130	64	0.912931
130	67	1.02319
130	73	0.985322
130	79	1.06541
130	86	1.0296
130	97	1.06906
130	99	1.03667
130	102	1.03218
130	110	1.10251
130	115	0.994007
130	123	1.01393
130	126	0.995735
130	136	1.04512
130	140	1.01166
130	141	0.928637
130	145	0.96492
130	146	1.03562
130	148	0.955721
130	149	1.01654
130	151	1.01327
130	172	1.00014
130	175	1.01519
130	178	0.980884
130	179	0.951115
130	180	1.00912
131	2	0.937943
131	21	1.02174
131	40	0.990702
131	74	0.996297
131	91	1.00906
131	92	1.00265
131	95	0.921338
131	96	1.01767
131	111	0.973836
131	115	1.01206
131	127	0.991206
131	128	0.966956
131	132	1.03959
131	134	0.982003
131	136	0.991874
131	137	0.954163
131	147	1.01948
131	148	1.01331
131	154	0.981903
131	155	1.0126
131	156	1.03139
131	157	1.00502
131	159	1.04013
131	166	1.01371
131	167	1.02197
131	168	1.01639
131	170	1.00838
131	172	1.01127
131	173	0.97114
131	174	1.01215
131	177	1.0091
131	178	1.00509
131	180	1.00921
132	27	1.03461
132	44	0.972669
132	51	0.813524
132	103	0.856997
132	104	0.849904
132	122	1.05686
132	126	0.962078
132	131	1.03959
132	133	1.00814
132	134	1.00797
132	141	1.05201
132	145	0.946146
132	146	0.883174
132	147	1.04545
132	148	1.03927
132	154	1.00787
132	155	1.03856
132	157	1.03099
132	159	0.962336
132	163	1.03927
132	164	0.992097
132	166	1.03967
132	167	1.04793
132	168	1.04235
132	169	0.895286
132	170	1.03434
132	171	1.0309
132	172	1.03724
132	174	1.03811
132	176	1.04688
132	177	1.03506
132	178	1.03106
132	179	1.03756
132	180	1.03517
133	29	0.994895
133	54	0.894069
133	61	1.11091
133	69	0.987257
133	86	0.975407
133	97	1.17891
133	109	1.00227
133	114	0.972574
133	116	0.962997
133	122	1.18549
133	127	0.959759
133	128	0.997483
133	132	1.00814
133	137	0.982789
133	139	0.972083
133	145	1.07478
133	146	1.01181
133	148	0.981861
133	152	0.991766
133	153	1.0804
133	155	0.981153
133	158	0.96133
133	160	0.984815
133	164	0.954892
133	166	0.982262
133	167	0.990519
133	170	0.976931
133	171	0.973494
133	172	0.979827
133	174	0.980704
133	175	0.983827
133	176	0.989465
133	177	0.977652
133	178	0.973646
133	180	0.97776
134	29	0.98514
134	30	0.944727
134	49	1.07689
134	52	0.904044
134	58	1.17797
134	78	1.03473
134	85	1.20347
134	87	0.924394
134	91	0.977432
134	97	1.16916
134	100	0.988332
134	110	0.929536
134	117	0.968618
134	119	1.01531
134	121	0.989695
134	131	0.982003
134	132	1.00797
134	141	0.994421
134	144	1.02219
134	147	0.987858
134	148	0.981682
134	149	0.980598
134	155	0.980975
134	157	0.973398
134	163	0.981678
134	167	0.99034
134	168	0.98476
134	170	0.976753
134	171	0.973316
134	172	0.979649
134	174	0.980526
134	175	0.987525
134	176	0.989287
134	177	0.977474
134	178	0.973468
135	25	1.0232
135	28	0.993986
135	39	1.12439
135	68	1.0035
135	75	1.08991
135	82	0.947054
135	83	0.945166
135	96	1.10124
135	97	0.940115
135	105	1.0184
135	110	0.936218
135	113	1.02529
135	119	1.02199
135	121	0.996377
135	122	0.958838
135	142	0.998581
135	143	1.0434
135	145	0.984839
135	151	1.06859
135	152	1.05368
135	153	0.968537
135	154	0.956959
135	156	0.976417
135	161	0.988772
135	162	0.987942
135	165	0.967267
135	166	0.988766
135	168	0.991442
135	169	0.985519
135	172	0.986331
135	174	0.987208
135	177	0.984156
135	178	0.980149
135	179	0.986654
135	180	0.984264
136	1	0.921699
136	13	0.915304
136	47	0.964603
136	78	1.0446
136	79	0.974928
136	83	0.948356
136	86	1.00146
136	91	0.987304
136	102	0.995809
136	107	1.1068
136	110	0.939407
136	114	1.15116
136	117	0.97849
136	127	0.969452
136	130	1.04512
136	131	0.991874
136	141	1.00429
136	147	0.997729
136	148	0.991554
136	152	1.047
136	154	0.960149
136	155	0.990846
136	157	0.98327
136	162	1.07378
136	163	0.99155
136	167	1.00021
136	168	0.994632
136	169	1.04998
136	170	0.986624
136	172	0.98952
136	173	1.04803
136	174	0.990397
136	177	0.987345
136	178	0.983339
136	180	0.987453
137	3	1.16843
137	16	1.04955
137	42	0.991798
137	45	1.01732
137	52	1.0532
137	65	0.931775
137	82	1.05967
137	89	0.953325
137	90	1.08987
137	98	0.95755
137	100	1.03025
137	101	0.88055
137	109	1.03432
137	113	1.01969
137	114	1.00463
137	116	0.995053
137	118	1.00787
137	124	1.00229
137	128	1.02954
137	131	0.954163
137	133	0.982789
137	143	1.01864
137	144	1.00056
137	152	1.02382
137	157	0.945109
