1	6	1.07086
1	38	1.02388
1	40	0.934034
1	55	1.24154
1	58	0.968118
1	143	1.10565
1	153	1.19702
1	158	1.04256
1	161	1.2934
1	175	1.00904
1	178	0.872761
1	179	0.931751
2	96	0.936689
2	100	1.01083
2	108	1.07554
2	109	1.05452
2	123	1.05413
2	125	1.0887
2	126	1.08862
2	139	1.05721
2	168	1.17437
2	172	0.985476
2	178	0.904832
2	180	1.29148
3	20	1.01527
3	58	0.83574
3	76	0.996734
3	101	1.00277
3	110	1.04657
3	141	1.04702
3	145	1.02431
3	151	1.06601
3	161	1.16102
3	167	1.11443
3	177	1.12306
3	180	1.27823
4	8	0.923135
4	19	1.14405
4	62	1.09476
4	73	0.953713
4	90	1.07331
4	98	0.999163
4	124	1.0009
4	158	0.906383
4	166	1.121
4	168	1.13403
4	172	1.13678
4	180	1.25114
5	12	1.07507
5	17	1.01811
5	29	0.974845
5	75	0.99793
5	78	1.00222
5	105	1.06408
5	121	1.08877
5	150	1.07375
5	164	0.99357
5	166	1.06857
5	168	1.08159
5	173	1.34043
6	1	1.07086
6	41	1.10141
6	84	1.07924
6	93	1.04749
6	135	1.04732
6	148	1.00089
6	157	1.24301
6	158	1.07856
6	159	1.12768
6	175	1.04505
6	178	0.908767
6	179	0.967757
7	71	1.05277
7	98	1.02908
7	104	0.998055
7	115	1.0042
7	124	1.03082
7	148	1.05988
7	150	1.07694
7	153	0.988309
7	162	1.02366
7	165	1.02817
7	171	1.15311
7	178	1.30006
8	4	0.923135
8	21	0.899932
8	27	1.25948
8	90	0.9684
8	98	0.894254
8	104	0.863226
8	115	0.869374
8	124	0.895986
8	135	1.28174
8	153	1.36297
8	161	1.45936
8	165	0.893336
9	48	1.03198
9	61	0.987191
9	79	1.01023
9	85	1.06577
9	150	1.08658
9	156	0.913406
9	165	1.0495
9	168	1.00823
9	170	1.14403
9	172	1.09717
9	175	1.05689
9	178	1.30971
10	16	1.04392
10	25	1.116
10	38	1.05566
10	93	1.04326
10	129	1.06595
10	143	1.11187
10	148	1.07557
10	158	1.07433
10	162	1.23858
10	175	1.04082
10	178	0.90454
10	179	0.96353
11	53	0.893324
11	127	1.33161
11	131	1.29732
11	132	0.902999
11	134	0.921111
11	137	0.922365
11	141	0.873908
11	142	0.879836
11	146	0.889842
11	151	0.892898
11	156	1.37812
11	175	1.38644
12	5	1.07507
12	16	0.877102
12	23	1.0144
12	59	1.03654
12	102	1.05724
12	105	1.02476
12	121	1.04945
12	155	0.954093
12	167	1.08622
12	171	1.20123
12	172	1.13564
12	180	1.25001
13	92	1.07407
13	113	0.962289
13	116	1.02514
13	120	1.06337
13	122	1.05132
13	128	1.063
13	148	0.981267
13	153	1.10893
13	163	1.253
13	167	1.15873
13	172	0.978199
13	175	1.03271
14	26	0.916343
14	50	1.09511
14	60	1.03083
14	66	1.09181
14	89	1.10637
14	91	1.01991
14	103	0.993215
14	129	0.961158
14	160	1.19361
14	161	1.19483
14	168	1.19492
14	179	0.931295
15	83	0.941975
15	99	0.984361
15	109	0.985897
15	123	0.985509
15	125	1.02008
15	126	1.02001
15	129	1.05952
15	131	1.03146
15	148	1.06914
15	158	1.00601
15	171	1.36162
15	178	0.836213
15	180	1.4104
16	10	1.04392
16	12	0.877102
16	26	1.04236
16	66	0.82828
16	124	0.954335
16	156	1.0608
16	162	1.00953
16	166	0.993793
16	171	0.953985
16	174	0.962221
16	176	0.897768
16	177	0.979695
16	180	0.924791
17	5	1.01811
17	36	0.974909
17	74	1.01381
17	88	1.012
17	96	0.989985
17	102	1.00028
17	105	0.967796
17	111	1.21252
17	121	0.992486
17	135	0.942366
17	155	0.897128
17	172	1.23041
17	173	1.4865
18	51	1.16334
18	62	1.18258
18	71	1.11067
18	73	1.04153
18	89	0.660179
18	90	1.16112
18	115	1.0621
18	124	1.08871
18	168	1.00949
18	171	1.07783
18	173	1.26833
18	174	1.03909
18	179	1.03617
19	4	1.14405
19	71	1.13886
19	96	0.850309
19	98	1.11517
19	104	1.08414
19	115	1.09029
19	124	1.1169
19	139	0.97083
19	140	0.946045
19	152	1.10769
19	165	1.11425
19	172	1.09074
19	174	1.11759
20	3	1.01527
20	69	0.952183
20	70	0.985371
20	87	0.9689
20	118	0.92046
20	134	1.00039
20	145	0.930478
20	146	0.969125
20	147	0.988517
20	152	1.18383
20	160	1.16282
20	169	1.28872
20	176	1.39931
21	8	0.899932
21	62	1.07156
21	73	0.93051
21	90	1.05011
21	98	0.97596
21	104	0.944932
21	115	0.95108
21	124	0.977693
21	129	1.06843
21	143	1.11435
21	158	1.07454
21	170	1.35179
21	179	1.32886
22	84	1.02411
22	93	0.992358
22	114	1.01767
22	127	0.977709
22	135	0.982106
22	136	1.24857
22	154	1.2874
22	155	1.14226
22	158	1.02343
22	175	0.989918
22	178	0.853636
22	179	0.912626
22	180	1.27693
23	12	1.0144
23	29	0.914177
23	59	1.01518
23	75	0.937262
23	78	0.941552
23	102	1.03589
23	121	1.0281
23	152	1.15186
23	153	1.03568
23	155	0.932742
23	172	1.1349
23	176	1.36734
23	180	1.24927
24	26	0.894522
24	34	0.894677
24	49	0.952597
24	50	1.07329
24	60	1.00901
24	68	1.07266
24	80	1.04814
24	91	0.998093
24	139	1.13867
24	140	1.11388
24	164	1.1678
24	178	1.47111
24	179	0.909475
25	10	1.116
25	38	1.07324
25	84	1.0926
25	93	1.06085
25	118	0.854947
25	154	1.2262
25	157	1.11659
25	158	1.09192
25	162	1.03749
25	167	1.05194
25	175	1.05841
25	178	0.922126
25	179	0.981116
25	180	1.21573
26	14	0.916343
26	16	1.04236
26	24	0.894522
26	32	1.0385
26	50	0.977505
26	60	0.913223
26	66	0.97421
26	68	0.976875
26	91	0.902309
26	135	1.12045
26	155	1.2806
26	174	1.32776
26	179	0.81369
26	180	1.41527
27	8	1.25948
27	28	0.963083
27	57	0.940988
27	105	0.985743
27	116	0.961771
27	121	1.01043
27	128	0.999633
27	130	0.931101
27	147	0.926105
27	155	0.915075
27	161	0.905309
27	176	0.835793
27	177	0.91772
27	180	0.862816
28	27	0.963083
28	31	1.11495
28	61	0.9824
28	63	1.04325
28	82	1.10307
28	85	1.06098
28	103	0.961348
28	138	1.06466
28	140	1.02111
28	163	1.21064
28	165	1.04471
28	167	1.11637
28	168	1.00344
28	175	1.0521
29	5	0.974845
29	23	0.914177
29	36	0.931649
29	41	1.17448
29	74	0.970548
29	78	0.862677
29	102	0.957019
29	103	1.09641
29	105	0.924535
29	119	0.913449
29	121	0.949225
29	152	1.31781
29	153	1.20163
29	176	1.53329
30	53	0.866787
30	61	0.992157
30	63	1.05301
30	79	1.0152
30	82	1.11283
30	114	1.0896
30	136	1.17485
30	154	1.21368
30	155	1.06854
30	165	1.05447
30	166	1.07307
30	168	1.0132
30	174	1.11569
30	175	1.06186
31	28	1.11495
31	48	1.02117
31	63	1.03723
31	79	0.999422
31	82	1.09705
31	85	1.05496
31	111	1.0847
31	112	0.739586
31	148	0.875711
31	165	1.03869
31	169	1.22444
31	175	1.04608
31	176	1.33504
31	180	1.21697
32	26	1.0385
32	34	1.03866
32	49	1.09658
32	53	0.867295
32	66	1.21397
32	68	1.21664
32	91	1.14207
32	135	0.908897
32	154	1.21419
32	161	1.08651
32	162	1.02548
32	164	0.998578
32	179	1.05345
33	67	1.05848
33	100	1.0312
33	109	1.07489
33	123	1.0745
33	125	1.10907
33	126	1.109
33	127	0.874242
33	136	1.19054
33	143	0.91394
33	154	1.22937
33	170	1.15139
33	172	1.00585
33	178	0.925203
33	179	1.12845
34	24	0.894677
34	32	1.03866
34	50	0.97766
34	60	0.913378
34	66	0.974364
34	68	0.97703
34	91	0.902463
34	99	0.903004
34	157	1.31891
34	163	1.34852
34	167	1.25425
34	172	1.30367
34	175	1.12822
34	179	0.813845
35	59	1.02221
35	74	1.05645
35	75	0.944285
35	78	0.948575
35	102	1.04292
35	105	1.01043
35	106	1.05831
35	119	0.999347
35	121	1.03512
35	149	1.06389
35	153	1.09853
35	155	0.939766
35	157	1.21298
35	161	1.19491
35	171	1.26334
36	17	0.974909
36	29	0.931649
36	74	1.06689
36	75	0.954733
36	78	0.959024
36	102	1.05337
36	105	1.02088
36	112	0.947223
36	121	1.04557
36	135	0.995452
36	143	1.11965
36	148	1.08335
36	167	1.26081
36	174	1.33709
36	175	1.13479
37	80	0.966235
37	92	1.04965
37	113	0.937873
37	116	1.00072
37	120	1.03896
37	122	1.0269
37	128	1.03858
37	140	1.03198
37	144	1.07086
37	165	1.00203
37	168	0.960763
37	172	0.953784
37	177	1.13587
37	178	1.3892
37	180	1.29103
38	1	1.02388
38	10	1.05566
38	25	1.07324
38	58	0.943483
38	84	1.03226
38	93	1.0005
38	135	1.09115
38	148	1.04471
38	158	1.03158
38	159	1.1715
38	171	1.33719
38	172	1.2716
38	175	0.998063
38	178	0.861781
38	179	0.920771
39	43	1.11337
39	64	1.01932
39	83	0.979619
39	96	1.0279
39	100	0.979851
39	109	1.02354
39	125	1.05772
39	126	1.05765
39	148	1.04144
39	156	1.08456
39	157	1.28356
39	158	1.04365
39	171	1.33391
39	172	0.954501
39	178	0.873857
40	1	0.934034
40	94	0.852591
40	107	0.809218
40	110	0.914551
40	113	0.975001
40	136	1.02063
40	147	0.766616
40	160	1.02244
40	169	0.995651
40	171	1.00939
40	173	0.95552
40	174	1.01763
40	176	0.953177
40	177	1.0351
40	180	0.9802
41	6	1.10141
41	29	1.17448
41	59	1.10278
41	95	1.07937
41	114	1.10484
41	133	1.04094
41	149	0.965607
41	152	0.90553
41	159	0.944784
41	169	0.864328
41	173	0.824197
41	174	0.886306
41	176	0.821854
41	177	0.903781
41	180	0.848876
42	96	1.02014
42	103	0.989486
42	108	1.09236
42	127	0.963647
42	132	1.01493
42	134	1.03304
42	135	0.974825
42	141	0.985839
42	142	0.991768
42	147	1.02117
42	151	1.00483
42	155	0.929588
42	166	1.17816
42	171	1.25952
42	178	1.40647
43	39	1.11337
43	61	1.12847
43	76	1.14198
43	88	0.980287
43	132	0.987916
43	142	1.02504
43	144	0.949534
43	150	0.905293
43	162	0.91994
43	163	0.873749
43	167	0.902071
43	171	0.864393
43	174	0.872628
43	177	0.890103
43	180	0.835198
44	72	1.05368
44	92	1.03465
44	107	1.01987
44	108	1.08111
44	113	0.922868
44	120	1.02395
44	122	1.0119
44	128	1.02358
44	150	1.17209
44	156	0.998914
44	165	0.987026
44	168	0.945758
44	173	1.43877
44	175	1.00723
44	179	1.20661
45	70	1.03194
45	77	1.02865
45	129	0.956759
45	134	1.04696
45	142	1.00569
45	145	0.97705
45	147	1.03509
45	151	1.01875
45	154	0.903737
45	155	0.94351
45	170	1.24012
45	175	1.01782
45	177	1.15247
45	179	1.21719
45	180	1.30763
46	58	0.905504
46	65	1.01317
46	83	0.980234
46	89	0.881561
46	100	0.980466
46	123	1.02377
46	125	1.05834
46	126	1.05826
46	127	1.00334
46	158	1.04427
46	170	1.28048
46	171	1.29921
46	172	0.955116
46	173	1.48971
46	178	0.874472
47	90	0.788342
47	105	0.86642
47	107	0.862964
47	124	0.904418
47	125	0.805218
47	143	1.09667
47	144	1.07184
47	151	0.831775
47	153	1.03224
47	169	0.972952
47	173	0.932821
47	174	0.99493
47	176	0.930478
47	177	1.0124
47	180	0.9575
48	9	1.03198
48	31	1.02117
48	61	0.888624
48	63	0.949473
48	79	0.911667
48	82	1.0093
48	85	0.967206
48	135	1.05352
48	144	1.12817
48	165	0.950932
48	166	1.2182
48	168	0.909664
48	172	1.23398
48	175	0.958322
48	176	1.46642
48	177	1.19318
49	24	0.952597
49	32	1.09658
49	91	0.960383
49	107	0.974514
49	119	1.19672
49	122	0.966537
49	127	1.16987
49	128	0.978218
49	133	1.0908
49	135	1.2197
49	153	1.30093
49	159	1.30005
49	165	0.941667
49	168	0.900399
49	175	0.949057
49	179	0.871765
50	14	1.09511
50	24	1.07329
50	26	0.977505
50	34	0.97766
50	60	1.09199
50	66	1.15298
50	68	1.15564
50	91	1.08108
50	129	0.958414
50	133	0.885571
50	139	1.07501
50	148	0.968032
50	152	1.21188
50	159	1.09482
50	170	1.24178
50	179	0.992458
51	18	1.16334
51	71	1.07033
51	73	1.00119
51	90	1.12079
51	98	1.04664
51	115	1.02176
51	118	0.880122
51	124	1.04837
51	143	0.935949
51	144	1.02073
51	148	1.07744
51	154	1.25138
51	164	1.03576
51	165	1.04572
51	173	1.38262
51	175	0.951089
52	107	1.00475
52	113	0.907749
52	116	0.970597
52	120	1.00883
52	122	0.996778
52	127	1.15399
52	128	1.00846
52	133	1.07493
52	154	0.884128
52	156	1.20051
52	158	1.15388
52	165	0.971908
52	168	0.93064
52	172	0.92366
52	175	1.20883
52	180	1.49865
53	11	0.893324
53	30	0.866787
53	32	0.867295
53	64	1.01512
53	70	1.03653
53	98	0.997025
53	102	0.966333
53	104	0.965998
53	109	0.953008
53	113	1.11515
53	124	0.998758
53	146	1.02029
53	153	0.970582
53	176	0.868819
53	177	0.950746
53	180	0.895842
54	69	0.941946
54	81	0.985767
54	94	0.938671
54	110	0.942503
54	130	1.00374
54	139	0.955301
54	142	0.948881
54	146	0.958887
54	147	0.97828
54	151	0.961943
54	152	1.19678
54	157	1.19505
54	170	1.22668
54	171	1.2454
54	173	1.4359
54	175	1.00437
55	1	1.24154
55	84	1.24991
55	93	1.21816
55	127	1.20351
55	139	0.806501
55	154	1.05125
55	157	0.94164
55	158	1.24923
55	161	0.923569
55	166	0.910632
55	169	1.04825
55	171	0.991992
55	172	0.926408
55	175	1.21572
55	178	1.07944
55	179	1.13843
56	64	0.978621
56	65	0.971864
56	67	0.96644
56	100	0.939157
56	109	0.982847
56	123	0.982459
56	125	1.01703
56	126	1.01696
56	148	1.02472
56	155	1.23131
56	159	1.15151
56	163	1.29646
56	169	1.37345
56	172	0.913807
56	177	1.21082
56	178	0.833163
57	27	0.940988
57	76	0.967338
57	95	1.00366
57	101	0.973371
57	110	1.01717
57	130	1.07841
57	137	1.06608
57	141	1.01762
57	143	0.953112
57	145	0.994909
57	146	1.03355
57	151	1.03661
57	156	0.959932
57	158	0.913308
57	173	1.39979
57	178	1.35623
57	179	1.16763
58	1	0.968118
58	3	0.83574
58	38	0.943483
58	46	0.905504
58	67	0.954225
58	87	0.955149
58	156	1.11426
58	159	1.07416
58	161	1.02075
58	163	1.01681
58	165	0.823292
58	167	1.04513
58	169	0.993708
58	173	0.953577
58	176	0.951234
58	177	1.03316
58	180	0.978256
59	12	1.03654
59	23	1.01518
59	35	1.02221
59	41	1.10278
59	74	1.07156
59	75	0.959395
59	78	0.963685
59	89	0.877088
59	102	1.05803
59	105	1.02554
59	121	1.05023
59	129	0.992644
59	135	1.00011
59	143	1.03856
59	158	0.998757
59	168	1.2264
59	178	1.44168
60	14	1.03083
60	24	1.00901
60	26	0.913223
60	34	0.913378
60	50	1.09199
60	66	1.0887
60	68	1.09136
60	89	1.10325
60	91	1.01679
60	152	1.16939
60	157	1.16767
60	160	1.14838
60	164	1.06166
60	171	1.21802
60	175	0.976987
60	177	1.11164
60	179	0.928176
61	9	0.987191
61	28	0.9824
61	30	0.992157
61	43	1.12847
61	48	0.888624
61	63	0.904679
61	79	0.866873
61	82	0.964504
61	85	0.922412
61	139	1.16352
61	149	1.14957
61	165	0.906138
61	168	0.86487
61	172	1.28343
61	174	1.31028
61	175	0.913529
61	176	1.51587
62	4	1.09476
62	18	1.18258
62	21	1.07156
62	71	1.08957
62	104	1.03485
62	112	0.782636
62	115	1.041
62	118	0.899234
62	124	1.06762
62	127	1.06015
62	131	0.881079
62	148	1.09668
62	163	1.1905
62	165	1.06497
62	167	1.09623
62	174	1.1725
62	177	1.10485
62	180	1.26002
63	28	1.04325
63	30	1.05301
63	31	1.03723
63	48	0.949473
63	61	0.904679
63	79	0.927722
63	82	1.02535
63	85	0.983261
63	119	1.02058
63	154	1.34885
63	157	1.23925
63	158	0.993621
63	161	1.22117
63	165	0.966988
63	167	1.17459
63	168	0.92572
63	175	0.974378
63	179	1.24794
64	39	1.01932
64	53	1.01512
64	56	0.978621
64	65	0.994823
64	83	0.961884
64	100	0.962116
64	109	1.00581
64	123	1.00542
64	125	1.03999
64	143	1.04659
64	150	1.22658
64	158	1.02592
64	160	1.23313
64	168	1.23443
64	170	1.28403
64	172	0.936766
64	175	1.06173
64	178	0.856122
65	46	1.01317
65	56	0.971864
65	64	0.994823
65	67	0.982642
65	83	0.955127
65	89	0.948057
65	123	0.998661
65	125	1.03323
65	126	1.03316
65	131	1.03555
65	148	1.07323
65	150	1.28952
65	154	1.42496
65	156	1.11635
65	158	1.01916
65	170	1.34698
65	172	0.930009
65	178	0.849365
66	14	1.09181
66	16	0.82828
66	26	0.97421
66	32	1.21397
66	34	0.974364
66	50	1.15298
66	60	1.0887
66	68	1.15235
66	91	1.07778
66	99	1.07832
66	131	0.822249
66	136	1.17283
66	154	1.21166
66	158	0.856428
66	164	0.996048
66	169	1.20866
66	171	1.1524
66	179	0.989162
67	33	1.05848
67	56	0.96644
67	58	0.954225
67	65	0.982642
67	100	0.949935
67	103	1.07789
67	109	0.993625
67	111	1.26445
67	123	0.993236
67	125	1.0278
67	126	1.02773
67	140	1.13765
67	148	1.05545
67	158	1.01374
67	159	1.18224
67	169	1.40418
67	172	0.924585
67	178	0.843941
68	24	1.07266
68	26	0.976875
68	32	1.21664
68	34	0.97703
68	50	1.15564
68	60	1.09136
68	66	1.15235
68	91	1.08045
68	99	1.08099
68	117	1.02202
68	135	0.907228
68	139	0.967775
68	156	0.903913
68	157	1.10291
68	162	1.02381
68	173	1.34377
68	174	1.11453
68	179	0.991828
69	20	0.952183
69	54	0.941946
69	87	0.999639
69	110	0.98348
69	118	0.951822
69	130	1.04472
69	145	0.961218
69	146	0.999864
69	147	1.01926
69	148	1.0074
69	151	1.00292
69	154	0.887905
69	162	1.13436
69	169	1.32008
69	172	1.19824
69	175	1.02279
69	178	1.41077
69	179	1.22216
70	20	0.985371
70	45	1.03194
70	53	1.03653
70	130	1.0779
70	132	1.04621
70	137	1.06557
70	140	0.977454
70	141	1.01712
70	145	0.994406
70	146	1.03305
70	147	1.05244
70	151	1.03611
70	159	1.02204
70	162	1.05827
70	171	1.18773
70	172	1.12215
70	175	0.946697
70	178	1.33468
70	179	1.14607
71	7	1.05277
71	18	1.11067
71	19	1.13886
71	51	1.07033
71	62	1.08957
71	73	0.948522
71	90	1.06812
71	98	0.993971
71	104	0.962943
71	106	1.01321
71	115	0.969091
71	117	1.08698
71	124	0.995704
71	136	1.23866
71	138	1.05151
71	139	1.03274
71	156	0.968879
71	163	1.19749
71	170	1.1995
72	44	1.05368
72	88	0.933208
72	96	0.911198
72	107	1.06795
72	113	0.970945
72	116	1.03379
72	120	1.07203
72	122	1.05997
72	128	1.07165
72	139	1.0557
72	155	1.13132
72	160	1.14757
72	161	1.14879
72	163	1.19647
72	165	1.0351
72	166	1.13585
72	168	0.993835
72	172	0.986856
72	179	1.17555
73	4	0.953713
73	18	1.04153
73	21	0.93051
73	51	1.00119
73	71	0.948522
73	89	0.897518
73	90	0.998978
73	98	0.924832
73	104	0.893805
73	115	0.899952
73	124	0.926565
73	136	1.33559
73	140	1.10489
73	148	0.955633
73	154	1.37442
73	165	0.923915
73	172	1.24958
73	177	1.20878
73	178	1.46211
74	17	1.01381
74	29	0.970548
74	35	1.05645
74	36	1.06689
74	59	1.07156
74	75	0.993633
74	78	0.997923
74	102	1.09226
74	105	1.05978
74	121	1.08447
74	139	1.04514
74	154	1.28988
74	155	0.989114
74	158	0.934653
74	162	1.10117
74	167	1.11562
74	168	1.1623
74	172	1.16505
74	175	0.989598
75	5	0.99793
75	23	0.937262
75	35	0.944285
75	36	0.954733
75	59	0.959395
75	74	0.993633
75	78	0.885762
75	89	0.99029
75	102	0.980104
75	105	0.94762
75	119	0.936534
75	121	0.97231
75	139	1.22245
75	149	1.20849
75	150	1.33176
75	153	1.24313
75	155	0.876952
75	160	1.3383
75	177	1.30156
76	3	0.996734
76	43	1.14198
76	57	0.967338
76	94	0.930372
76	111	1.27903
76	132	0.963745
76	134	0.981857
76	141	0.934654
76	142	0.940582
76	145	0.911942
76	146	0.950588
76	147	0.96998
76	151	0.953644
76	153	1.19771
76	155	0.878402
76	158	1.06654
76	163	1.34178
76	164	1.20616
76	167	1.24751
77	45	1.02865
77	94	1.00954
77	108	1.01941
77	130	1.07461
77	132	1.04292
77	134	1.06103
77	135	1.00281
77	137	1.06228
77	145	0.991114
77	147	1.04915
77	148	1.0373
77	150	1.11039
77	151	1.03282
77	156	0.937216
77	157	1.13622
77	159	1.02088
77	166	1.10521
77	168	1.11824
77	176	1.35342
78	5	1.00222
78	23	0.941552
78	29	0.862677
78	35	0.948575
78	36	0.959024
78	59	0.963685
78	74	0.997923
78	75	0.885762
78	102	0.984394
78	105	0.95191
78	121	0.9766
78	135	0.926481
78	148	1.04435
78	150	1.26064
78	160	1.26719
78	166	1.25546
78	167	1.22182
78	175	1.09579
78	176	1.50368
79	9	1.01023
79	30	1.0152
79	31	0.999422
79	48	0.911667
79	61	0.866873
79	63	0.927722
79	82	0.987547
79	85	0.945455
79	89	1.09328
79	96	1.20492
79	112	1.08233
79	114	0.96432
79	127	1.21506
79	135	1.26489
79	136	1.53135
79	158	1.21495
79	165	0.929182
79	168	0.887913
79	175	0.936572
80	24	1.04814
80	37	0.966235
80	114	1.02078
80	121	0.984694
80	128	0.98646
80	130	0.923383
80	146	0.921239
80	157	0.968521
80	160	0.950866
80	162	0.993368
80	163	0.947178
80	166	0.97763
80	167	0.9755
80	169	0.924079
80	170	0.940027
80	171	0.937822
80	176	0.881605
80	177	0.963532
80	180	0.908627
81	54	0.985767
81	94	1.02347
81	95	1.01379
81	96	1.06205
81	108	1.08047
81	129	0.945539
81	132	1.05684
81	137	1.07621
81	139	1.0401
81	141	1.02775
81	145	1.00504
81	146	1.04368
81	149	1.04818
81	151	1.04674
81	158	0.951653
81	160	1.17799
81	161	1.17921
81	168	1.1793
81	170	1.2289
82	28	1.10307
82	30	1.11283
82	31	1.09705
82	48	1.0093
82	61	0.964504
82	63	1.02535
82	79	0.987547
82	85	1.04309
82	118	0.946703
82	119	0.989685
82	153	1.0939
82	155	1.17282
82	158	0.962725
82	159	1.09302
82	165	1.02681
82	168	0.985544
82	169	1.31496
82	174	1.21997
82	175	1.0342
83	15	0.941975
83	39	0.979619
83	46	0.980234
83	64	0.961884
83	65	0.955127
83	100	0.92242
83	109	0.96611
83	111	1.29636
83	123	0.965722
83	125	1.00029
83	126	1.00022
83	139	1.19435
83	148	1.08737
83	149	1.1804
83	163	1.35911
83	171	1.37985
83	172	0.89707
83	175	1.13881
83	178	0.816426
84	6	1.07924
84	22	1.02411
84	25	1.0926
84	38	1.03226
84	55	1.24991
84	88	0.909621
84	93	1.01986
84	106	0.988603
84	117	1.06237
84	127	1.00521
84	144	1.02224
84	150	1.11744
84	158	1.05093
84	175	1.01742
84	176	1.36048
84	177	1.08724
84	178	0.881139
84	179	0.940128
84	180	1.24241
85	9	1.06577
85	28	1.06098
85	31	1.05496
85	48	0.967206
85	61	0.922412
85	63	0.983261
85	79	0.945455
85	82	1.04309
85	114	1.01986
85	127	0.964503
85	139	1.07488
85	143	1.0042
85	160	1.19074
85	165	0.984721
85	167	1.14537
85	168	0.943453
85	170	1.24165
85	175	0.992111
85	177	1.154
85	178	1.40732
86	95	0.991652
86	97	0.927869
86	101	0.961365
86	106	1.09005
86	114	1.03251
86	118	0.983069
86	132	1.03471
86	137	1.05407
86	138	1.12835
86	139	1.01796
86	141	1.00561
86	145	0.982903
86	146	1.02155
86	147	1.04094
86	154	0.90959
86	162	1.16561
86	170	1.27634
86	174	1.25634
86	175	1.05404
86	179	1.25341
87	20	0.9689
87	58	0.955149
87	69	0.999639
87	97	0.9229
87	101	0.956396
87	110	1.0002
87	112	0.920253
87	118	1.03685
87	131	1.0187
87	132	1.02974
87	134	1.04785
87	137	1.0491
87	141	1.00065
87	142	1.00657
87	145	0.977934
87	151	1.01964
87	153	1.18405
87	168	1.28052
87	177	1.24247
87	180	1.39764
88	17	1.012
88	43	0.980287
88	72	0.933208
88	84	0.909621
88	112	1.12662
88	114	1.01279
88	128	0.978474
88	141	0.920812
88	142	0.961579
88	146	0.913253
88	150	0.983097
88	159	1.00891
88	162	0.997744
88	167	0.979875
88	170	0.944403
88	171	0.942198
88	172	0.965022
88	173	0.888324
88	176	0.885981
88	177	0.967908
88	180	0.913003
89	14	1.10637
89	18	0.660179
89	46	0.881561
89	59	0.877088
89	60	1.10325
89	65	0.948057
89	73	0.897518
89	75	0.99029
89	79	1.09328
89	91	1.09233
89	116	0.962451
89	146	1.0978
89	147	1.11719
89	151	1.10085
89	152	1.03
89	154	0.985836
89	165	0.799349
89	173	0.948671
89	177	1.02825
89	179	1.00371
89	180	0.97335
90	4	1.07331
90	8	0.9684
90	18	1.16112
90	21	1.05011
90	47	0.788342
90	51	1.12079
90	71	1.06812
90	73	0.998978
90	104	1.0134
90	115	1.01955
90	124	1.04616
90	127	1.03869
90	149	0.962936
90	154	1.22164
90	155	1.0765
90	159	0.996697
90	162	1.03292
90	165	1.04351
90	166	1.08102
90	168	1.09405
90	173	1.35288
91	14	1.01991
91	24	0.998093
91	26	0.902309
91	32	1.14207
91	34	0.902463
91	49	0.960383
91	50	1.08108
91	60	1.01679
91	66	1.07778
91	68	1.08045
91	89	1.09233
91	99	1.00642
91	108	1.03523
91	118	0.89039
91	154	1.26164
91	155	1.1165
91	157	1.15204
91	160	1.13275
91	164	1.04603
91	172	1.1368
91	173	1.39289
91	179	0.917261
92	13	1.07407
92	37	1.04965
92	44	1.03465
92	107	1.04892
92	113	0.951912
92	116	1.01476
92	120	1.053
92	122	1.04094
92	128	1.05262
92	136	1.20928
92	144	1.01747
92	154	0.92829
92	155	1.10297
92	156	0.939503
92	159	1.02317
92	164	1.0325
92	165	1.01607
92	166	1.1075
92	168	0.974802
92	172	0.967823
92	173	1.37936
92	178	1.3358
93	6	1.04749
93	10	1.04326
93	22	0.992358
93	25	1.06085
93	38	1.0005
93	55	1.21816
93	84	1.01986
93	96	1.02082
93	114	1.01342
93	139	0.982433
93	150	1.09174
93	157	1.11757
93	158	1.01918
93	163	1.14718
93	167	1.05292
93	168	1.09959
93	169	1.22418
93	172	1.10234
93	175	0.985667
93	176	1.33478
93	178	0.849385
93	179	0.908375
94	40	0.852591
94	54	0.938671
94	76	0.930372
94	77	1.00954
94	81	1.02347
94	97	0.902909
94	101	0.936405
94	114	1.00755
94	119	1.01136
94	130	1.04144
94	132	1.00975
94	134	1.02786
94	138	1.11365
94	141	0.980654
94	145	0.957943
94	147	1.01598
94	151	0.999645
94	156	1.03103
94	163	1.25964
94	173	1.47088
94	174	1.24165
94	177	1.174
94	179	1.23872
95	41	1.07937
95	57	1.00366
95	81	1.01379
95	86	0.991652
95	97	0.893228
95	130	1.03176
95	132	1.00007
95	134	1.01818
95	137	1.01943
95	141	0.970974
95	142	0.976902
95	145	0.948262
95	146	0.986909
95	147	1.0063
95	155	0.914723
95	156	1.02197
95	159	1.10564
95	162	1.14187
95	163	1.25059
95	166	1.18997
95	170	1.2526
95	175	1.03029
95	180	1.32011
96	2	0.936689
96	17	0.989985
96	19	0.850309
96	39	1.0279
96	42	1.02014
96	72	0.911198
96	79	1.20492
96	81	1.06205
96	93	1.02082
96	100	0.989993
96	107	0.930993
96	132	1.04833
96	142	1.02517
96	151	1.03823
96	157	0.970622
96	160	0.952967
96	165	0.910983
96	170	0.942128
96	171	0.939922
96	175	1.01838
96	178	0.882103
96	179	0.941092
96	180	0.910728
97	86	0.927869
97	87	0.9229
97	94	0.902909
97	95	0.893228
97	101	0.862941
97	117	1.21397
97	130	0.967977
97	134	0.954393
97	135	0.896177
97	137	0.955648
97	141	0.90719
97	142	0.913119
97	144	1.17383
97	145	0.884479
97	146	0.923125
97	147	0.942517
97	151	0.926181
97	160	1.27558
97	168	1.27688
97	174	1.30649
97	176	1.51207
97	177	1.23884
97	180	1.394
98	4	0.999163
98	7	1.02908
98	8	0.894254
98	19	1.11517
98	21	0.97596
98	51	1.04664
98	53	0.997025
98	71	0.993971
98	73	0.924832
98	104	0.939254
98	115	0.945402
98	124	0.972014
98	135	1.03323
98	148	1.00108
98	149	1.07983
98	150	1.20309
98	154	1.33853
98	155	1.19339
98	165	0.969364
98	171	1.27927
98	172	1.21369
98	175	1.03824
98	177	1.17289
99	15	0.984361
99	34	0.903004
99	66	1.07832
99	68	1.08099
99	91	1.00642
99	107	1.02055
99	113	0.923545
99	118	0.986682
99	122	1.01257
99	123	1.00811
99	126	1.0426
99	128	1.02425
99	144	1.12729
99	153	1.13388
99	155	1.21279
99	156	1.04933
99	164	1.14233
99	169	1.35494
99	170	1.27995
99	172	0.939456
99	174	1.25995
99	178	0.858812
99	179	0.917802
100	2	1.01083
100	33	1.0312
100	39	0.979851
100	46	0.980466
100	56	0.939157
100	64	0.962116
100	67	0.949935
100	83	0.92242
100	96	0.989993
100	109	0.966342
100	119	0.957124
100	123	0.965954
100	125	1.00052
100	126	1.00045
100	127	1.00013
100	131	0.965849
100	154	1.35526
100	160	1.22637
100	162	1.16655
100	163	1.27527
100	172	0.897302
100	176	1.46286
100	178	0.816658
100	180	1.34479
101	3	1.00277
101	57	0.973371
101	86	0.961365
101	87	0.956396
101	94	0.936405
101	97	0.862941
101	110	0.940237
101	117	1.16551
101	131	0.966604
101	132	0.969778
101	134	0.98789
101	136	1.31718
101	137	0.989144
101	139	0.953035
101	142	0.946615
101	146	0.956621
101	147	0.976014
101	149	1.09731
101	151	0.959677
101	152	1.24813
101	156	1.04741
101	176	1.46361
101	177	1.19038
101	178	1.44371
102	12	1.05724
102	17	1.00028
102	23	1.03589
102	29	0.957019
102	35	1.04292
102	36	1.05337
102	53	0.966333
102	59	1.05803
102	74	1.09226
102	75	0.980104
102	78	0.984394
102	105	1.04625
102	119	1.03517
102	121	1.07094
102	133	0.87904
102	139	1.06848
102	155	0.975585
102	156	1.00462
102	161	1.18555
102	162	1.12451
102	168	1.18564
102	175	1.01294
102	179	1.21231
102	180	1.30276
103	14	0.993215
103	28	0.961348
103	29	1.09641
103	42	0.989486
103	67	1.07789
103	124	1.00843
103	126	0.946443
103	136	0.948613
103	143	1.04735
103	145	0.985026
103	146	0.927222
103	153	0.98292
103	156	1.04418
103	160	0.950418
103	164	1.01968
103	166	0.977182
103	167	0.975052
103	169	0.923631
103	170	0.939579
103	173	0.8835
103	174	0.945609
103	176	0.881157
103	177	0.963084
103	180	0.908179
104	7	0.998055
104	8	0.863226
104	19	1.08414
104	21	0.944932
104	53	0.965998
104	62	1.03485
104	71	0.962943
104	73	0.893805
104	90	1.0134
104	98	0.939254
104	108	1.17144
104	112	0.909994
104	115	0.914374
104	117	1.20734
104	124	0.940987
104	127	0.933517
104	133	0.963659
104	148	0.970055
104	152	1.28997
104	155	1.2527
104	165	0.938337
104	172	1.27301
104	178	1.48554
104	180	1.38738
105	5	1.06408
105	12	1.02476
105	17	0.967796
105	27	0.985743
105	29	0.924535
105	35	1.01043
105	36	1.02088
105	47	0.86642
105	59	1.02554
105	74	1.05978
105	75	0.94762
105	78	0.95191
105	102	1.04625
105	121	1.03846
105	135	0.988339
105	152	1.19183
105	154	1.29971
105	155	0.943101
105	158	0.944483
105	161	1.17204
105	162	1.111
105	164	1.0841
105	166	1.1591
105	169	1.29672
105	170	1.22173
106	35	1.05831
106	71	1.01321
106	84	0.988603
106	86	1.09005
106	108	0.991421
106	109	1.03563
106	111	0.946326
106	120	1.00604
106	130	0.994378
106	132	1.00343
106	145	1.05004
106	157	0.944965
106	159	0.980978
106	161	0.927564
106	162	0.969812
106	163	0.923621
106	164	0.996568
106	167	0.951944
106	170	0.916471
106	171	0.914266
106	174	0.922501
106	176	0.858049
106	177	0.939976
106	179	0.915435
106	180	0.885071
107	40	0.809218
107	44	1.01987
107	47	0.862964
107	49	0.974514
107	52	1.00475
107	72	1.06795
107	92	1.04892
107	96	0.930993
107	99	1.02055
107	113	0.937136
107	116	0.999983
107	120	1.03822
107	122	1.02616
107	128	1.03785
107	144	1.06562
107	148	0.944532
107	154	0.913514
107	165	1.00129
107	166	1.15565
107	168	0.960026
107	169	1.29326
107	172	0.953047
107	176	1.40386
107	178	1.38395
107	179	1.19535
108	2	1.07554
108	42	1.09236
108	44	1.08111
108	77	1.01941
108	81	1.08047
108	91	1.03523
108	104	1.17144
108	106	0.991421
108	117	0.985581
108	123	1.12121
108	138	0.961592
108	140	1.01446
108	147	1.02725
108	152	0.930917
108	153	0.949004
108	157	0.934158
108	160	0.916503
108	162	0.959005
108	166	0.943267
108	169	0.889716
108	171	0.903459
108	174	0.911694
108	175	0.981921
108	176	0.847242
108	180	0.874264
109	2	1.05452
109	15	0.985897
109	33	1.07489
109	39	1.02354
109	53	0.953008
109	56	0.982847
109	64	1.00581
109	67	0.993625
109	83	0.96611
109	100	0.966342
109	106	1.03563
109	123	1.00964
109	125	1.04421
109	126	1.04414
109	148	0.948175
109	153	1.07584
109	155	1.15476
109	158	1.03014
109	168	1.17231
109	170	1.22192
109	172	0.940992
109	173	1.43115
109	175	0.999615
109	178	0.860348
109	179	1.19899
110	3	1.04657
110	40	0.914551
110	54	0.942503
110	57	1.01717
110	69	0.98348
110	87	1.0002
110	101	0.940237
110	130	1.04527
110	133	0.967404
110	137	1.03294
110	141	0.984486
110	142	0.990415
110	143	1.08616
110	145	0.961775
110	146	1.00042
110	147	1.01981
110	148	1.00796
110	151	1.00348
110	156	1.09298
110	158	1.04636
110	162	1.21288
110	164	1.18598
110	166	1.26098
110	168	1.274
110	174	1.30361
111	17	1.21252
111	31	1.0847
111	67	1.26445
111	76	1.27903
111	83	1.29636
111	106	0.946326
111	142	1.1621
111	146	1.11377
111	153	0.90391
111	154	0.841656
111	156	0.965174
111	157	0.889063
111	162	0.913911
111	163	0.86772
111	164	0.940666
111	165	1.13351
111	166	0.898172
111	167	0.896042
111	170	0.860569
111	171	0.858364
111	173	0.80449
111	174	0.866599
111	176	0.802147
111	177	0.884074
111	180	0.829169
112	31	0.739586
112	36	0.947223
112	62	0.782636
112	79	1.08233
112	87	0.920253
112	88	1.12662
112	104	0.909994
112	115	0.907791
112	116	0.951499
112	118	1.19107
112	120	0.782461
112	121	0.832112
112	137	0.807939
112	150	1.05162
112	152	1.03818
112	159	1.07744
112	160	1.02377
112	161	1.02402
112	166	1.05053
112	167	1.0484
112	170	1.01293
112	171	1.01072
112	173	0.95685
112	176	0.954507
112	177	1.03643
112	180	0.98153
113	13	0.962289
113	37	0.937873
113	40	0.975001
113	44	0.922868
113	52	0.907749
113	53	1.11515
113	72	0.970945
113	92	0.951912
113	99	0.923545
113	107	0.937136
113	116	0.902977
113	120	0.941215
113	122	0.929159
113	128	0.94084
113	139	0.924881
113	149	1.20334
113	154	0.816508
113	155	1.3169
113	159	1.2371
113	160	1.33315
113	161	1.33436
113	165	0.904289
113	168	0.86302
113	172	0.856041
113	176	1.56964
113	179	1.36113
114	22	1.01767
114	30	1.0896
114	41	1.10484
114	79	0.96432
114	80	1.02078
114	85	1.01986
114	86	1.03251
114	88	1.01279
114	93	1.01342
114	94	1.00755
114	129	0.994704
114	140	1.08652
114	141	1.01183
114	142	1.01776
114	145	0.989118
114	146	1.02776
114	149	1.09735
114	156	1.04744
114	163	1.27606
114	166	1.21544
114	167	1.18179
114	168	0.962317
114	175	1.01098
114	178	0.874694
114	179	0.933683
115	7	1.0042
115	8	0.869374
115	18	1.0621
115	19	1.09029
115	21	0.95108
115	51	1.02176
115	62	1.041
115	71	0.969091
115	73	0.899952
115	90	1.01955
115	98	0.945402
115	104	0.914374
115	112	0.907791
115	124	0.947134
115	127	0.939665
115	131	1.00623
115	138	1.16967
115	148	0.976202
115	155	1.2505
115	158	1.04041
115	161	1.26797
115	165	0.944484
115	166	1.25503
115	167	1.22138
115	169	1.39265
115	177	1.23001
116	13	1.02514
116	27	0.961771
116	37	1.00072
116	52	0.970597
116	72	1.03379
116	89	0.962451
116	92	1.01476
116	107	0.999983
116	112	0.951499
116	113	0.902977
116	120	1.00406
116	122	0.992006
116	128	1.00369
116	133	1.00516
116	138	1.21337
116	139	0.987729
116	140	1.16982
116	144	1.20871
116	154	0.879356
116	159	1.21441
116	162	1.25064
116	165	0.967136
116	168	0.925868
116	172	0.918888
116	174	1.34137
116	177	1.27372
117	68	1.02202
117	71	1.08698
117	84	1.06237
117	97	1.21397
117	101	1.16551
117	104	1.20734
117	108	0.985581
117	125	1.04801
117	130	1.06815
117	146	1.066
117	152	0.935884
117	153	0.953971
117	157	0.939125
117	160	0.92147
117	161	0.921724
117	162	0.963972
117	166	0.948233
117	169	0.894683
117	170	0.910631
117	171	0.908426
117	173	0.854551
117	174	0.916661
117	176	0.852208
117	177	0.934136
117	178	0.850606
117	180	0.879231
118	20	0.92046
118	25	0.854947
118	51	0.880122
118	62	0.899234
118	69	0.951822
118	82	0.946703
118	86	0.983069
118	87	1.03685
118	91	0.89039
118	99	0.986682
118	112	1.19107
118	138	1.06479
118	150	1.04755
118	151	0.893816
118	160	1.0197
118	161	1.01995
118	162	1.0622
118	164	1.08896
118	166	1.04646
118	167	1.04433
118	170	1.00886
118	171	1.00665
118	173	0.952779
118	174	1.01489
118	177	1.03236
118	180	0.977459
119	29	0.913449
119	35	0.999347
119	49	1.19672
119	63	1.02058
119	75	0.936534
119	82	0.989685
119	94	1.01136
119	100	0.957124
119	102	1.03517
119	121	1.02737
119	123	1.00043
119	125	1.03499
119	126	1.03492
119	128	0.993459
119	132	0.939437
119	141	0.935797
119	146	0.928238
119	147	0.925386
119	155	0.932015
119	160	0.921994
119	165	0.947978
119	166	0.948758
119	170	0.911155
119	173	0.855076
119	177	0.93466
119	178	0.85113
119	180	0.879755
120	13	1.06337
120	37	1.03896
120	44	1.02395
120	52	1.00883
120	72	1.07203
120	92	1.053
120	106	1.00604
120	107	1.03822
120	112	0.782461
120	113	0.941215
120	116	1.00406
120	122	1.03024
120	128	1.04192
120	133	0.836126
120	139	1.02597
120	150	1.13488
120	154	0.917593
120	161	1.14264
120	162	1.0816
120	165	1.00537
120	168	0.964105
120	169	1.26732
120	172	0.957125
120	177	1.10468
120	178	1.35801
120	179	1.1694
120	180	1.25984
121	5	1.08877
121	12	1.04945
121	17	0.992486
121	23	1.0281
121	27	1.01043
121	29	0.949225
121	35	1.03512
121	36	1.04557
121	59	1.05023
121	74	1.08447
121	75	0.97231
121	78	0.9766
121	80	0.984694
121	102	1.07094
121	105	1.03846
121	112	0.832112
121	119	1.02737
121	135	1.01303
121	140	1.05043
121	144	1.08932
121	148	0.968237
121	155	0.967791
121	156	1.01136
121	159	1.09502
121	170	1.24198
121	171	1.26071
121	175	1.01968
121	179	1.21905
121	180	1.30949
122	13	1.05132
122	37	1.0269
122	44	1.0119
122	49	0.966537
122	52	0.996778
122	72	1.05997
122	92	1.04094
122	99	1.01257
122	107	1.02616
122	113	0.929159
122	116	0.992006
122	120	1.03024
122	128	1.02987
122	129	0.980191
122	138	1.11556
122	139	1.01391
122	140	1.07201
122	148	0.98981
122	152	1.23366
122	154	0.905537
122	155	1.19639
122	158	0.986305
122	162	1.15282
122	165	0.993317
122	166	1.20092
122	168	0.952049
122	172	0.945069
122	174	1.24355
122	177	1.1759
122	178	1.42923
123	2	1.05413
123	15	0.985509
123	33	1.0745
123	46	1.02377
123	56	0.982459
123	64	1.00542
123	65	0.998661
123	67	0.993236
123	83	0.965722
123	99	1.00811
123	100	0.965954
123	108	1.12121
123	109	1.00964
123	119	1.00043
123	125	1.04382
123	126	1.04375
123	127	0.992496
123	133	0.913435
123	140	1.07809
123	143	1.03219
123	144	1.11698
123	150	1.21219
123	158	1.02975
123	162	1.15891
123	164	1.13201
123	167	1.17336
123	172	0.940604
123	174	1.24964
123	176	1.45522
123	178	0.85996
124	4	1.0009
124	7	1.03082
124	8	0.895986
124	16	0.954335
124	18	1.08871
124	19	1.1169
124	21	0.977693
124	47	0.904418
124	51	1.04837
124	53	0.998758
124	62	1.06762
124	71	0.995704
124	73	0.926565
124	90	1.04616
124	98	0.972014
124	103	1.00843
124	104	0.940987
124	115	0.947134
124	127	0.966278
124	143	1.02229
124	148	1.00282
124	149	1.07901
124	155	1.19257
124	157	1.22811
124	158	0.982482
124	165	0.971097
124	171	1.27846
124	175	1.03743
124	178	1.42541
124	179	1.2368
125	2	1.0887
125	15	1.02008
125	33	1.10907
125	39	1.05772
125	46	1.05834
125	47	0.805218
125	56	1.01703
125	64	1.03999
125	65	1.03323
125	67	1.0278
125	83	1.00029
125	100	1.00052
125	109	1.04421
125	117	1.04801
125	119	1.03499
125	123	1.04382
125	126	1.07832
125	140	0.968983
125	149	0.979813
125	157	1.12891
125	158	1.06432
125	163	1.15852
125	167	1.06425
125	169	1.23552
125	172	0.975171
125	173	1.36976
125	174	1.14053
125	175	0.938226
125	177	1.07288
125	178	0.894527
125	179	1.1376
126	2	1.08862
126	15	1.02001
126	33	1.109
126	39	1.05765
126	46	1.05826
126	56	1.01696
126	65	1.03316
126	67	1.02773
126	83	1.00022
126	99	1.0426
126	100	1.00045
126	103	0.946443
126	109	1.04414
126	119	1.03492
126	123	1.04375
126	125	1.07832
126	135	0.970438
126	148	0.924004
126	152	1.16785
126	155	1.13059
126	158	1.06425
126	160	1.14684
126	164	1.06012
126	166	1.13512
126	172	0.975101
126	174	1.17774
126	175	0.975444
126	177	1.1101
126	178	0.894457
126	179	1.17482
126	180	1.26526
127	11	1.33161
127	22	0.977709
127	33	0.874242
127	42	0.963647
127	46	1.00334
127	49	1.16987
127	52	1.15399
127	55	1.20351
127	62	1.06015
127	79	1.21506
127	84	1.00521
127	85	0.964503
127	90	1.03869
127	100	1.00013
127	104	0.933517
127	115	0.939665
127	123	0.992496
127	124	0.966278
127	132	0.912583
127	148	0.995346
127	151	0.909944
127	161	0.905854
127	164	0.974858
127	165	0.963628
127	166	0.932364
127	171	0.892556
127	174	0.900791
127	175	0.971018
127	177	0.918266
127	178	0.834736
127	179	0.893726
127	180	0.863361
128	13	1.063
128	27	0.999633
128	37	1.03858
128	44	1.02358
128	49	0.978218
128	52	1.00846
128	72	1.07165
128	80	0.98646
128	88	0.978474
128	92	1.05262
128	99	1.02425
128	107	1.03785
128	113	0.94084
128	116	1.00369
128	119	0.993459
128	120	1.04192
128	122	1.02987
128	133	0.887542
128	139	1.02559
128	143	1.0063
128	154	0.917218
128	155	1.17659
128	159	1.09679
128	160	1.19284
128	163	1.24174
128	164	1.10612
128	165	1.005
128	168	0.96373
128	172	0.956751
128	173	1.45298
128	175	1.02144
128	177	1.1561
129	10	1.06595
129	14	0.961158
129	15	1.05952
129	21	1.06843
129	45	0.956759
129	50	0.958414
129	59	0.992644
129	81	0.945539
129	114	0.994704
129	122	0.980191
129	145	0.952968
129	146	0.895164
129	152	1.00215
129	153	1.02024
129	156	1.0815
129	157	1.00539
129	159	1.0414
129	160	0.987736
129	161	0.987989
129	162	1.03024
129	163	0.984047
129	165	0.914904
129	166	1.0145
129	167	1.01237
129	169	0.960948
129	170	0.976896
129	171	0.974691
129	173	0.920817
129	174	0.982926
129	176	0.918474
129	177	1.0004
129	178	0.916871
129	180	0.945496
130	27	0.931101
130	54	1.00374
130	57	1.07841
130	69	1.04472
130	70	1.0779
130	77	1.07461
130	80	0.923383
130	94	1.04144
130	95	1.03176
130	97	0.967977
130	106	0.994378
130	110	1.04527
130	117	1.06815
130	132	1.07481
130	135	1.03471
130	137	1.09418
130	141	1.04572
130	142	1.05165
130	145	1.02301
130	147	1.08105
130	149	0.999952
130	150	1.12322
130	151	1.06471
130	152	1.15077
130	153	1.03459
130	154	0.949698
130	155	0.989471
130	156	0.950046
130	158	0.903422
130	163	1.17866
130	168	1.13107
130	175	0.958366
130	178	1.34635
131	11	1.29732
131	15	1.03146
131	62	0.881079
131	65	1.03555
131	66	0.822249
131	87	1.0187
131	100	0.965849
131	101	0.966604
131	115	1.00623
131	134	0.921263
131	138	1.0216
131	142	0.915425
131	146	0.867099
131	147	0.864247
131	153	1.00901
131	154	0.946759
131	156	1.07028
131	157	0.994167
131	159	1.03018
131	160	0.976512
131	162	1.01901
131	163	0.972823
131	164	1.04577
131	166	1.00328
131	167	1.00115
131	168	0.993271
131	169	0.949725
131	170	0.965673
131	171	0.963468
131	173	0.909594
131	174	0.971703
131	177	0.989178
131	180	0.934273
132	11	0.902999
132	42	1.01493
132	43	0.987916
132	70	1.04621
132	76	0.963745
132	77	1.04292
132	81	1.05684
132	86	1.03471
132	87	1.02974
132	94	1.00975
132	95	1.00007
132	96	1.04833
132	101	0.969778
132	106	1.00343
132	119	0.939437
132	127	0.912583
132	130	1.07481
132	134	1.06123
132	138	1.04173
132	142	1.01996
132	146	1.02996
132	147	1.04935
132	148	1.0375
132	151	1.03302
132	152	1.15983
132	155	0.957776
132	156	0.959101
132	160	1.13882
132	163	1.18772
132	164	1.0521
132	168	1.14012
132	169	1.26471
132	172	1.14287
132	174	1.16972
133	41	1.04094
133	49	1.0908
133	50	0.885571
133	52	1.07493
133	102	0.87904
133	104	0.963659
133	110	0.967404
133	116	1.00516
133	120	0.836126
133	123	0.913435
133	128	0.887542
133	134	0.876485
133	137	0.861604
133	138	1.0473
133	142	0.870648
133	143	1.09914
133	145	0.880126
133	150	1.03007
133	153	1.03472
133	156	1.09598
133	157	1.01987
133	158	1.10115
133	160	1.00222
133	161	1.00247
133	164	1.07147
133	166	1.02898
133	167	1.02685
133	169	0.975428
133	170	0.991376
133	171	0.989171
133	173	0.935297
133	174	0.997406
133	176	0.932954
133	180	0.959976
134	11	0.921111
134	20	1.00039
134	42	1.03304
134	45	1.04696
134	76	0.981857
134	77	1.06103
134	87	1.04785
134	94	1.02786
134	95	1.01818
134	97	0.954393
134	101	0.98789
134	131	0.921263
134	132	1.06123
134	133	0.876485
134	138	1.0847
134	140	1.04114
134	141	1.03214
134	142	1.03807
134	145	1.00943
134	146	1.04807
134	147	1.06747
134	148	1.05561
134	151	1.05113
134	154	0.936114
134	157	1.20107
134	159	1.08573
134	160	1.18178
134	161	1.183
134	162	1.12196
134	163	1.23068
134	164	1.09506
134	175	1.01039
134	177	1.14504
134	179	1.20976
135	6	1.04732
135	8	1.28174
135	17	0.942366
135	22	0.982106
135	26	1.12045
135	32	0.908897
135	36	0.995452
135	38	1.09115
135	42	0.974825
135	48	1.05352
135	49	1.2197
135	59	1.00011
135	68	0.907228
135	77	1.00281
135	78	0.926481
135	79	1.26489
135	97	0.896177
135	98	1.03323
135	105	0.988339
