1	102	1.23961
1	105	1.23539
1	111	1.20277
1	118	1.21396
1	128	1.19307
1	132	1.16286
1	135	1.20275
1	139	0.768884
1	158	0.578935
1	159	0.60724
1	167	0.72395
1	174	1.14777
2	32	1.21656
2	35	1.20018
2	45	1.07649
2	58	1.24018
2	73	1.17494
2	81	1.24114
2	100	1.26161
2	120	0.603581
2	143	0.596646
2	149	1.24681
2	174	0.753716
2	179	0.745615
3	37	1.08592
3	78	1.0517
3	102	1.10125
3	111	1.06441
3	131	0.819323
3	132	1.0245
3	135	1.0644
3	153	1.09442
3	157	0.866881
3	165	1.10356
3	174	1.00942
3	178	0.915449
4	60	1.11099
4	103	1.08024
4	110	0.929971
4	113	1.06439
4	114	1.10158
4	117	0.851411
4	123	1.1086
4	131	0.81454
4	133	1.05692
4	141	1.04615
4	142	1.04625
4	174	0.99533
5	13	1.00546
5	15	1.0041
5	43	1.20314
5	46	1.05798
5	51	1.03067
5	53	1.0575
5	98	0.832323
5	149	1.09466
5	154	0.90171
5	162	0.87894
5	164	1.07766
5	178	1.09604
6	71	1.24354
6	83	1.20418
6	92	1.22186
6	121	1.16141
6	124	0.571339
6	130	1.20261
6	144	1.19471
6	146	1.1902
6	150	0.714925
6	165	1.2083
6	174	0.708648
6	179	0.700547
7	9	1.0836
7	21	1.18903
7	69	1.23533
7	80	1.19655
7	88	1.23035
7	89	1.23043
7	152	0.694908
7	153	1.20298
7	168	0.563304
7	172	1.24044
7	173	0.675523
7	174	0.761407
8	33	1.2062
8	47	1.17662
8	52	0.516703
8	61	1.23309
8	74	1.1565
8	77	1.26886
8	84	1.13494
8	86	1.19661
8	94	0.588493
8	158	0.628018
8	165	1.23079
8	175	0.909247
9	7	1.0836
9	21	1.02881
9	55	0.673795
9	69	1.07511
9	70	1.07075
9	80	1.03633
9	88	1.07013
9	89	1.07021
9	127	1.08022
9	167	0.974615
9	171	0.957632
9	172	1.08022
10	27	1.25258
10	32	1.21176
10	45	1.07169
10	50	1.43275
10	58	1.23537
10	73	1.17013
10	81	1.23634
10	138	0.411784
10	147	1.22458
10	149	1.24201
10	163	0.439783
10	168	0.407146
11	72	0.445064
11	86	0.602256
11	100	0.569458
11	127	0.520496
11	139	1.18692
11	151	1.20746
11	162	1.26866
11	173	1.20943
11	175	1.15835
11	177	1.20373
11	179	1.18558
11	180	1.17741
12	91	1.07009
12	102	1.09506
12	105	1.09085
12	118	1.06942
12	122	1.13868
12	128	1.04852
12	132	1.01831
12	135	1.0582
12	171	0.837553
12	174	1.00323
12	177	0.862374
12	179	0.926026
13	5	1.00546
13	15	1.00268
13	43	1.20172
13	46	1.05656
13	51	1.02926
13	53	1.05609
13	120	0.833812
13	145	0.840667
13	149	1.09324
13	164	1.07624
13	178	1.09462
13	180	0.941861
14	78	1.18507
14	91	1.20966
14	102	1.23463
14	105	1.23041
14	111	1.19779
14	118	1.20898
14	128	1.18809
14	132	1.15788
14	162	0.630102
14	164	0.657913
14	177	0.755903
14	178	0.655978
15	5	1.0041
15	13	1.00268
15	43	1.20036
15	46	1.0552
15	51	1.0279
15	53	1.05473
15	56	0.920029
15	137	0.813815
15	149	1.09188
15	158	0.870052
15	164	1.07488
15	178	1.09326
16	31	1.25465
16	54	0.977941
16	57	0.941879
16	98	0.838272
16	109	1.11309
16	120	1.0558
16	122	1.08989
16	153	1.03944
16	159	0.886143
16	168	0.884341
16	172	1.0769
16	178	1.05097
17	19	1.30592
17	23	1.25751
17	25	1.24484
17	42	1.08234
17	63	1.14787
17	75	1.18083
17	99	1.27017
17	120	0.640011
17	124	0.652837
17	170	1.17432
17	178	0.618468
17	179	0.782045
18	21	1.16411
18	67	1.2334
18	69	1.21042
18	70	1.20606
18	80	1.17164
18	88	1.20543
18	89	1.20552
18	139	0.701501
18	163	0.57069
18	166	0.691222
18	172	1.21553
18	179	0.728056
19	17	1.30592
19	23	1.25693
19	42	1.08176
19	63	1.14729
19	75	1.18025
19	127	1.2712
19	131	0.615976
19	154	1.21616
19	157	0.663533
19	160	0.706979
19	162	0.686225
19	170	1.17374
20	34	1.17068
20	101	1.06529
20	121	1.02706
20	130	1.06826
20	144	1.06035
20	146	1.05585
20	154	1.04723
20	157	0.812955
20	160	0.856401
20	170	1.00481
20	172	1.10227
20	173	0.947318
21	7	1.18903
21	9	1.02881
21	18	1.16411
21	44	0.706212
21	69	1.18054
21	80	1.14176
21	88	1.17556
21	89	1.17564
21	96	0.638717
21	148	0.806793
21	153	1.14819
21	162	0.728268
21	172	1.18565
22	26	1.02553
22	54	0.807964
22	63	0.867489
22	80	0.736454
22	157	1.11017
22	162	1.09081
22	163	1.11446
22	173	1.03157
22	175	0.980502
22	176	0.992406
22	177	1.02588
22	179	1.00773
22	180	0.999554
23	17	1.25751
23	19	1.25693
23	25	1.19586
23	42	1.03336
23	63	1.09888
23	75	1.13185
23	112	1.18092
23	117	0.603788
23	150	0.840998
23	154	1.16776
23	159	0.63842
23	161	0.792363
23	170	1.12534
24	41	1.24722
24	59	1.13642
24	61	1.15539
24	74	1.0788
24	77	1.19115
24	84	1.05724
24	86	1.11891
24	116	1.24813
24	162	0.668773
24	164	0.696584
24	165	1.15309
24	166	0.821393
24	169	0.710729
25	17	1.24484
25	23	1.19586
25	42	1.02069
25	63	1.08622
25	72	1.29087
25	75	1.11918
25	98	0.663476
25	127	1.21013
25	138	0.714182
25	140	0.782671
25	154	1.15509
25	155	0.715004
25	170	1.11267
26	22	1.02553
26	51	1.04255
26	63	1.00994
26	67	0.751249
26	71	0.795762
26	75	1.0429
26	101	0.862573
26	164	1.08954
26	170	1.03639
26	173	1.03668
26	178	1.10792
26	179	1.01284
26	180	1.00466
27	10	1.25258
27	32	1.16275
27	35	1.14638
27	45	1.02268
27	58	1.18637
27	73	1.12113
27	81	1.18733
27	107	0.646249
27	147	1.17558
27	149	1.19301
27	150	0.797321
27	155	0.598399
27	176	0.83327
28	29	0.622568
28	46	0.591505
28	81	0.56937
28	127	0.541129
28	145	1.16484
28	169	1.21459
28	171	1.16979
28	173	1.16434
28	175	1.11327
28	176	1.12517
28	177	1.15865
28	179	1.1405
28	180	1.13232
29	28	0.622568
29	67	1.18596
29	69	1.16297
29	70	1.15861
29	80	1.12419
29	88	1.15798
29	89	1.15807
29	116	0.595149
29	137	1.15405
29	153	1.13061
29	170	0.796
29	172	1.16808
29	173	0.802773
30	39	0.627299
30	57	1.1052
30	65	0.55163
30	104	0.55372
30	111	1.17275
30	132	1.13284
30	135	1.17274
30	142	0.607276
30	172	1.24023
30	177	1.13736
30	178	1.21429
30	179	1.11922
30	180	1.11104
31	16	1.25465
31	54	1.31585
31	57	1.27979
31	137	0.39337
31	153	1.37735
31	166	0.629278
31	167	0.594622
31	172	1.41481
31	174	0.674213
31	178	1.38888
32	2	1.21656
32	10	1.21176
32	27	1.16275
32	35	1.10556
32	58	1.14555
32	73	1.08031
32	81	1.14651
32	96	0.641225
32	109	1.21569
32	137	0.647488
32	147	1.13476
32	158	0.703725
32	166	0.883396
33	8	1.2062
33	41	1.24995
33	61	1.15813
33	65	1.15673
33	74	1.08153
33	77	1.19389
33	84	1.05998
33	86	1.12164
33	120	0.653955
33	165	1.15583
33	170	0.711433
33	174	0.80409
33	177	0.732337
34	20	1.17068
34	71	1.31238
34	82	1.19788
34	83	1.27302
34	125	1.28116
34	129	1.21104
34	130	1.27146
34	136	0.651719
34	144	1.26355
34	146	1.25904
34	160	0.562749
34	163	0.574083
34	169	0.583952
34	176	0.781777
35	2	1.20018
35	27	1.14638
35	32	1.10556
35	45	0.965486
35	73	1.06393
35	81	1.13014
35	100	1.15061
35	109	1.19931
35	138	0.659382
35	147	1.11838
35	149	1.13581
35	173	0.766963
35	176	0.895075
35	177	0.781094
36	95	1.26714
36	103	1.25553
36	104	1.23711
36	109	1.32928
36	115	0.712577
36	120	0.630955
36	123	1.28389
36	124	0.643781
36	133	1.23222
36	141	1.22144
36	142	1.22154
36	157	0.560843
36	164	0.611346
36	174	1.17062
37	3	1.08592
37	55	0.605176
37	91	1.1355
37	97	0.870533
37	102	1.16047
37	111	1.12363
37	118	1.13482
37	128	1.11393
37	132	1.08372
37	135	1.12361
37	160	0.808785
37	165	1.16278
37	168	0.787483
37	174	1.06864
38	43	0.583839
38	92	0.653283
38	125	0.532855
38	133	0.716897
38	148	1.14403
38	151	1.11123
38	160	1.17016
38	161	1.11283
38	163	1.19607
38	173	1.11319
38	175	1.06212
38	177	1.10749
38	179	1.08934
38	180	1.08117
39	30	0.627299
39	41	1.22824
39	47	1.07994
39	59	1.11745
39	61	1.13641
39	65	1.13501
39	74	1.05982
39	77	1.17218
39	84	1.03827
39	86	1.09993
39	98	0.692487
39	107	0.791865
39	151	0.885396
39	165	1.13411
40	53	0.738055
40	87	0.580104
40	109	0.582652
40	117	1.14234
40	124	1.14549
40	165	0.591364
40	168	1.19607
40	169	1.16056
40	171	1.11576
40	173	1.11031
40	174	1.08502
40	176	1.07114
40	179	1.08647
40	180	1.07829
41	24	1.24722
41	33	1.24995
41	39	1.22824
41	59	1.25788
41	65	1.27545
41	74	1.20025
41	77	1.31261
41	84	1.1787
41	86	1.24037
41	138	0.585529
41	159	0.582694
41	170	0.686338
41	177	0.707241
41	178	0.607316
42	17	1.08234
42	19	1.08176
42	23	1.03336
42	25	1.02069
42	63	0.923716
42	72	1.12837
42	75	0.956683
42	112	1.00575
42	119	0.960872
42	127	1.04763
42	138	0.929396
42	150	1.12914
42	154	0.992588
42	170	0.950171
43	5	1.20314
43	13	1.20172
43	15	1.20036
43	38	0.583839
43	46	1.25424
43	51	1.22694
43	53	1.25377
43	108	0.597591
43	149	1.29092
43	150	0.717888
43	156	0.486445
43	164	1.27392
43	178	1.2923
43	179	0.703509
44	21	0.706212
44	91	0.602169
44	97	1.1534
44	111	0.633482
44	112	0.638256
44	124	1.14258
44	163	1.19029
44	167	1.111
44	168	1.19316
44	171	1.11285
44	175	1.05633
44	176	1.06824
44	179	1.08356
44	180	1.07539
45	2	1.07649
45	10	1.07169
45	27	1.02268
45	35	0.965486
45	58	1.00548
45	73	0.94024
45	81	1.00644
45	99	1.03781
45	109	1.07562
45	117	0.959166
45	145	1.04682
45	147	0.994691
45	149	1.01212
45	155	0.997455
46	5	1.05798
46	13	1.05656
46	15	1.0552
46	28	0.591505
46	43	1.25424
46	51	1.08178
46	53	1.10861
46	100	1.16056
46	138	0.664128
46	149	1.14576
46	164	1.12876
46	175	0.914218
46	178	1.14714
46	179	0.849493
47	8	1.17662
47	39	1.07994
47	59	1.10959
47	65	1.12715
47	74	1.05196
47	77	1.16432
47	84	1.03041
47	86	1.09207
47	98	0.679941
47	116	1.22129
47	148	0.805083
47	152	0.857614
47	159	0.727812
47	165	1.12625
48	60	1.14744
48	95	1.12829
48	103	1.11669
48	106	1.11426
48	113	1.10084
48	116	1.22096
48	123	1.14505
48	133	1.09337
48	141	1.0826
48	142	1.0827
48	154	0.727883
48	164	0.732924
48	173	0.816784
48	177	0.830915
49	64	1.15298
49	96	0.585309
49	105	1.23467
49	111	1.20205
49	116	0.578907
49	118	1.21324
49	128	1.19235
49	132	1.16214
49	135	1.20203
49	137	1.25549
49	157	0.652167
49	165	1.2412
49	174	1.14705
49	178	0.700736
49	180	0.830328
50	10	1.43275
50	108	0.949381
50	110	0.92486
50	125	1.48813
50	152	0.92565
50	160	0.970985
50	161	0.913659
50	168	0.999773
50	169	0.964259
50	171	0.91946
50	175	0.862942
50	176	0.874846
50	177	0.908319
50	179	0.89017
50	180	0.881994
51	5	1.03067
51	13	1.02926
51	15	1.0279
51	26	1.04255
51	43	1.22694
51	46	1.08178
51	53	1.0813
51	100	1.13326
51	137	0.726893
51	149	1.11846
51	156	0.78257
51	164	1.10146
51	168	0.809632
51	178	1.11983
51	180	0.965649
52	8	0.516703
52	90	0.587173
52	100	0.520259
52	118	0.545892
52	120	1.27386
52	138	1.27208
52	142	0.580717
52	145	1.1983
52	167	1.20139
52	173	1.1978
52	175	1.14673
52	176	1.15863
52	177	1.1921
52	179	1.17395
52	180	1.16578
53	5	1.0575
53	13	1.05609
53	15	1.05473
53	40	0.738055
53	43	1.25377
53	46	1.10861
53	51	1.0813
53	100	1.16009
53	149	1.14529
53	155	0.769791
53	156	0.73727
53	162	0.76488
53	164	1.12829
53	178	1.14667
54	16	0.977941
54	22	0.807964
54	31	1.31585
54	57	1.00308
54	109	1.17429
54	112	1.09622
54	120	1.117
54	122	1.15109
54	134	0.68401
54	153	1.10064
54	164	0.723074
54	170	0.800161
54	172	1.1381
54	178	1.11217
55	9	0.673795
55	37	0.605176
55	79	1.22738
55	102	0.492643
55	124	1.22748
55	141	0.534139
55	146	0.488457
55	160	1.24928
55	167	1.19591
55	169	1.24256
55	173	1.19231
55	175	1.14124
55	177	1.18662
55	179	1.16847
55	180	1.16029
56	15	0.920029
56	125	0.485998
56	128	0.724783
56	143	1.13435
56	150	1.06549
56	155	1.14245
56	165	0.641116
56	166	1.09873
56	173	1.08993
56	175	1.03886
56	176	1.05076
56	177	1.08424
56	178	1.16116
56	179	1.06609
56	180	1.05791
57	16	0.941879
57	30	1.1052
57	31	1.27979
57	54	1.00308
57	109	1.13823
57	112	1.06016
57	120	1.08094
57	122	1.11503
57	137	0.715336
57	143	0.839109
57	153	1.06458
57	158	0.771573
57	172	1.10204
57	178	1.07611
57	180	0.954092
58	2	1.24018
58	10	1.23537
58	27	1.18637
58	32	1.14555
58	45	1.00548
58	62	0.818728
58	73	1.10393
58	81	1.17013
58	99	1.2015
58	100	1.19061
58	117	0.643496
58	147	1.15838
58	149	1.17581
58	159	0.678128
58	160	0.697628
58	163	0.708962
59	24	1.13642
59	39	1.11745
59	41	1.25788
59	47	1.10959
59	61	1.16605
59	65	1.16465
59	77	1.20182
59	84	1.06791
59	86	1.12957
59	116	1.25879
59	136	0.750983
59	156	0.613649
59	163	0.673347
59	165	1.16375
59	169	0.683216
59	174	0.838814
60	4	1.11099
60	48	1.14744
60	76	1.13992
60	106	1.19027
60	113	1.17685
60	114	1.21404
60	123	1.22106
60	138	0.660344
60	141	1.15861
60	142	1.15871
60	145	0.710529
60	159	1.19024
60	162	0.656254
60	167	0.774219
60	170	0.761153
60	174	1.10779
61	8	1.23309
61	24	1.15539
61	33	1.15813
61	39	1.13641
61	59	1.16605
61	65	1.18362
61	74	1.10843
61	77	1.22078
61	84	1.08687
61	86	1.14854
61	156	0.620101
61	157	0.625019
61	160	0.668465
61	165	1.18272
61	166	0.800331
61	174	0.845266
62	58	0.818728
62	66	1.18352
62	67	0.661558
62	101	0.772882
62	119	1.07025
62	138	1.13374
62	149	0.736102
62	152	1.0711
62	161	1.05911
62	167	1.06306
62	171	1.06491
62	175	1.00839
62	176	1.02029
62	177	1.05377
62	179	1.03562
62	180	1.02744
63	17	1.14787
63	19	1.14729
63	22	0.867489
63	23	1.09888
63	25	1.08622
63	26	1.00994
63	42	0.923716
63	75	1.02221
63	99	1.11154
63	112	1.07127
63	127	1.11315
63	148	0.833312
63	154	1.05811
63	161	0.909984
63	169	0.796743
63	170	1.01569
64	49	1.15298
64	78	1.04033
64	91	1.06492
64	102	1.08989
64	105	1.08568
64	108	0.85974
64	118	1.06425
64	119	0.81177
64	128	1.04335
64	132	1.01314
64	135	1.05303
64	137	1.1065
64	139	0.939103
64	153	1.08306
64	173	0.887875
64	174	0.998058
65	30	0.55163
65	33	1.15673
65	39	1.13501
65	41	1.27545
65	47	1.12715
65	59	1.16465
65	61	1.18362
65	74	1.10702
65	77	1.21938
65	84	1.08547
65	86	1.14714
65	154	0.686205
65	161	0.818633
65	162	0.663436
65	165	1.18132
65	170	0.768334
66	62	1.18352
66	83	0.572543
66	90	0.617355
66	102	0.567316
66	136	1.18107
66	141	0.608812
66	153	0.520508
66	161	1.16644
66	167	1.17039
66	169	1.21704
66	171	1.17224
66	173	1.16679
66	175	1.11572
66	176	1.12762
66	179	1.14295
66	180	1.13477
67	18	1.2334
67	26	0.751249
67	29	1.18596
67	62	0.661558
67	69	1.24983
67	70	1.24547
67	80	1.21105
67	88	1.24485
67	89	1.24494
67	127	1.25494
67	137	1.24092
67	153	1.21748
67	154	0.542474
67	166	0.672324
67	168	0.519155
67	172	1.25494
67	178	0.54558
68	76	1.09822
68	95	1.1626
68	106	1.14856
68	108	0.78623
68	113	1.13515
68	114	1.17233
68	123	1.17936
68	126	0.739497
68	133	1.12768
68	141	1.11691
68	142	1.11701
68	147	1.14382
68	149	1.16124
68	168	0.702146
68	171	0.803675
68	174	1.06609
68	178	0.728571
69	7	1.23533
69	9	1.07511
69	18	1.21042
69	21	1.18054
69	29	1.16297
69	67	1.24983
69	70	1.22249
69	80	1.18806
69	88	1.22186
69	89	1.22195
69	116	0.483234
69	153	1.19449
69	161	0.734384
69	169	0.621143
69	171	0.680167
69	172	1.23195
69	173	0.690857
69	176	0.818968
70	9	1.07075
70	18	1.20606
70	29	1.15861
70	67	1.24547
70	69	1.22249
70	79	0.700167
70	80	1.18371
70	88	1.2175
70	89	1.21759
70	120	0.62462
70	127	1.2276
70	137	1.21357
70	148	0.655725
70	153	1.19013
70	159	0.578454
70	166	0.729821
70	172	1.2276
70	180	0.732669
71	6	1.24354
71	26	0.795762
71	34	1.31238
71	82	1.13639
71	85	1.19965
71	92	1.22921
71	108	0.647752
71	121	1.16877
71	129	1.14956
71	130	1.20997
71	131	0.493968
71	140	0.636795
71	144	1.20206
71	146	1.19755
71	148	0.642742
71	161	0.719414
71	170	1.14652
71	172	1.24398
72	11	0.445064
72	25	1.29087
72	42	1.12837
72	75	1.22686
72	78	1.23762
72	79	0.657197
72	121	1.2426
72	125	1.29349
72	128	1.24064
72	132	1.21042
72	135	1.25032
72	146	1.27138
72	151	0.680522
72	152	0.665286
72	169	0.576187
72	170	1.22035
72	179	0.723684
73	2	1.17494
73	10	1.17013
73	27	1.12113
73	32	1.08031
73	35	1.06393
73	45	0.94024
73	58	1.10393
73	81	1.10489
73	99	1.13626
73	100	1.12536
73	109	1.17407
73	139	0.84174
73	147	1.09314
73	149	1.11057
73	169	0.720798
73	170	0.78374
73	173	0.790512
73	180	0.83431
74	8	1.1565
74	24	1.0788
74	33	1.08153
74	39	1.05982
74	41	1.20025
74	47	1.05196
74	61	1.10843
74	65	1.10702
74	77	1.14419
74	84	1.01028
74	86	1.07194
74	116	1.20117
74	164	0.729318
74	165	1.10613
74	167	0.819471
74	168	0.700958
74	174	0.899061
74	177	0.827308
75	17	1.18083
75	19	1.18025
75	23	1.13185
75	25	1.11918
75	26	1.0429
75	42	0.956683
75	63	1.02221
75	72	1.22686
75	99	1.1445
75	112	1.10424
75	127	1.14612
75	140	0.795733
75	143	0.763639
75	154	1.09108
75	155	0.728066
75	163	0.755243
75	170	1.04866
75	179	0.912608
76	60	1.13992
76	68	1.09822
76	103	1.10917
76	104	1.09075
76	106	1.10674
76	107	0.733995
76	113	1.09332
76	114	1.13051
76	119	0.7168
76	122	1.15971
76	123	1.13754
76	133	1.08586
76	141	1.07508
76	142	1.07518
76	159	1.10671
76	167	0.799199
76	170	0.786133
76	176	0.921016
77	8	1.26886
77	24	1.19115
77	33	1.19389
77	39	1.17218
77	41	1.31261
77	47	1.16432
77	59	1.20182
77	61	1.22078
77	65	1.21938
77	74	1.14419
77	84	1.12264
77	86	1.1843
77	138	0.589914
77	164	0.613636
77	167	0.703789
77	174	0.78338
77	178	0.611702
77	180	0.741293
78	3	1.0517
78	14	1.18507
78	64	1.04033
78	72	1.23762
78	91	1.10128
78	102	1.12624
78	105	1.12203
78	111	1.0894
78	117	0.711594
78	118	1.1006
78	119	0.780537
78	128	1.07971
78	132	1.04949
78	135	1.08939
78	156	0.717361
78	165	1.12855
78	171	0.845952
78	180	0.90044
79	55	1.22738
79	70	0.700167
79	72	0.657197
79	93	0.823514
79	95	0.695322
79	114	0.718382
79	115	1.07893
79	143	1.12222
79	151	1.07584
79	152	1.08944
79	160	1.13477
79	161	1.07745
79	170	1.07751
79	173	1.0778
79	175	1.02673
79	176	1.03863
79	177	1.07211
79	179	1.05396
79	180	1.04578
80	7	1.19655
80	9	1.03633
80	18	1.17164
80	21	1.14176
80	22	0.736454
80	29	1.12419
80	67	1.21105
80	69	1.18806
80	70	1.18371
80	88	1.18308
80	89	1.18317
80	126	0.660555
80	127	1.19317
80	137	1.17915
80	152	0.754809
80	159	0.625007
80	170	0.728651
80	172	1.19317
80	178	0.649629
81	2	1.24114
81	10	1.23634
81	27	1.18733
81	28	0.56937
81	32	1.14651
81	35	1.13014
81	45	1.00644
81	58	1.17013
81	73	1.10489
81	97	0.720406
81	99	1.20246
81	100	1.19157
81	109	1.24027
81	147	1.15934
81	148	0.716429
81	149	1.17677
81	155	0.642815
81	174	0.835459
81	178	0.663781
82	34	1.19788
82	71	1.13639
82	87	1.08681
82	90	1.06438
82	92	1.11471
82	93	1.04639
82	121	1.05427
82	125	1.10516
82	129	1.03505
82	130	1.09546
82	131	0.694974
82	144	1.08756
82	146	1.08305
82	147	1.08474
82	154	1.07444
82	157	0.742531
82	171	0.866203
82	174	0.962777
82	177	0.891024
83	6	1.20418
83	34	1.27302
83	66	0.572543
83	87	1.16195
83	90	1.13952
83	92	1.18985
83	101	1.16764
83	112	1.16274
83	116	0.584773
83	121	1.12941
83	129	1.11019
83	130	1.17061
83	134	0.669474
83	139	0.843625
83	144	1.1627
83	152	0.811782
83	157	0.658034
83	165	1.17629
83	172	1.20462
84	8	1.13494
84	24	1.05724
84	33	1.05998
84	39	1.03827
84	41	1.1787
84	47	1.03041
84	59	1.06791
84	61	1.08687
84	65	1.08547
84	74	1.01028
84	77	1.12264
84	86	1.05039
84	116	1.17961
84	154	0.737586
84	165	1.08457
84	173	0.826487
84	177	0.840618
84	179	0.90427
84	180	0.870285
85	71	1.19965
85	87	1.15007
85	90	1.12764
85	92	1.17797
85	93	1.10965
85	101	1.15575
85	121	1.11752
85	125	1.16842
85	129	1.09831
85	130	1.15872
85	137	0.617037
85	144	1.15081
85	145	0.754599
85	146	1.14631
85	147	1.14799
85	158	0.673274
85	162	0.700324
85	165	1.16441
85	177	0.826126
85	180	0.855793
86	8	1.19661
86	11	0.602256
86	24	1.11891
86	33	1.12164
86	39	1.09993
86	41	1.24037
86	47	1.09207
86	59	1.12957
86	61	1.14854
86	65	1.14714
86	74	1.07194
86	77	1.1843
86	84	1.05039
86	116	1.24128
86	124	0.751668
86	148	0.769947
86	152	0.822478
86	154	0.714192
86	159	0.692676
86	165	1.14624
87	40	0.580104
87	82	1.08681
87	83	1.16195
87	85	1.15007
87	92	1.17963
87	93	1.11131
87	121	1.11919
87	125	1.17009
87	129	1.09997
87	130	1.16039
87	144	1.15248
87	146	1.14797
87	154	1.13936
87	159	1.15438
87	166	0.75955
87	169	0.648886
87	172	1.1944
87	173	0.7186
87	174	0.804484
87	175	0.861108
88	7	1.23035
88	9	1.07013
88	18	1.20543
88	21	1.17556
88	29	1.15798
88	67	1.24485
88	69	1.22186
88	70	1.2175
88	80	1.18308
88	89	1.21696
88	94	0.523306
88	97	0.672382
88	120	0.637301
88	127	1.22697
88	136	0.699604
88	137	1.21295
88	140	0.662459
88	153	1.18951
88	161	0.745078
88	166	0.742501
88	172	1.22697
89	7	1.23043
89	9	1.07021
89	18	1.20552
89	21	1.17564
89	29	1.15807
89	67	1.24494
89	69	1.22195
89	70	1.21759
89	80	1.18317
89	88	1.21696
89	127	1.22706
89	136	0.660804
89	137	1.21303
89	153	1.18959
89	157	0.528388
89	164	0.578891
89	169	0.593037
89	172	1.22706
89	174	0.748635
89	175	0.805259
89	176	0.790862
90	52	0.587173
90	66	0.617355
90	82	1.06438
90	83	1.13952
90	85	1.12764
90	92	1.1572
90	93	1.08889
90	99	1.17036
90	101	1.13499
90	110	0.770719
90	121	1.09676
90	125	1.14766
90	129	1.07755
90	144	1.13005
90	146	1.12554
90	150	0.92937
90	151	0.87183
90	156	0.697928
90	159	1.13195
90	170	1.07451
90	172	1.17197
91	12	1.07009
91	14	1.20966
91	37	1.1355
91	44	0.602169
91	64	1.06492
91	78	1.10128
91	105	1.14662
91	111	1.11399
91	118	1.12519
91	128	1.1043
91	132	1.07408
91	135	1.11398
91	137	1.16744
91	150	0.828057
91	153	1.144
91	163	0.656312
91	165	1.15314
91	174	1.059
91	175	0.878403
91	179	0.813678
91	180	0.779692
92	6	1.22186
92	38	0.653283
92	71	1.22921
92	82	1.11471
92	83	1.18985
92	85	1.17797
92	87	1.17963
92	90	1.1572
92	93	1.13921
92	101	1.18532
92	125	1.19799
92	129	1.12787
92	130	1.18829
92	144	1.18038
92	146	1.17587
92	151	0.729792
92	154	1.16726
92	166	0.73612
92	168	0.582951
92	174	0.781054
92	178	0.609376
92	180	0.738968
93	79	0.823514
93	82	1.04639
93	85	1.10965
93	87	1.11131
93	90	1.08889
93	92	1.13921
93	101	1.117
93	112	1.1121
93	115	0.82959
93	116	0.604595
93	121	1.07877
93	129	1.05956
93	130	1.11997
93	134	0.689295
93	144	1.11206
93	146	1.10755
93	147	1.10924
93	151	0.846839
93	159	1.11396
93	164	1.10967
93	170	1.05652
93	176	0.940329
94	8	0.588493
94	88	0.523306
94	99	0.586991
94	100	0.592049
94	111	0.588962
94	113	0.578099
94	119	1.1678
94	126	1.21416
94	130	0.596239
94	143	1.20143
94	155	1.20954
94	157	1.23561
94	163	1.2399
94	166	1.16582
94	169	1.20726
94	170	1.15672
94	173	1.15701
94	175	1.10594
94	176	1.11785
94	177	1.15132
94	179	1.13317
94	180	1.12499
95	36	1.26714
95	48	1.12829
95	68	1.1626
95	79	0.695322
95	103	1.17356
95	104	1.15514
95	106	1.17113
95	113	1.15771
95	114	1.1949
95	122	1.2241
95	123	1.20192
95	133	1.15024
95	141	1.13947
95	142	1.13957
95	143	0.612841
95	147	1.16638
95	159	1.1711
95	170	0.677254
95	171	0.673337
95	177	0.698157
95	179	0.76181
95	180	0.727824
96	21	0.638717
96	32	0.641225
96	49	0.585309
96	104	0.575975
96	114	0.505865
96	130	0.573264
96	135	0.590409
96	139	1.13923
96	148	1.19258
96	160	1.21871
96	162	1.22097
96	163	1.24462
96	166	1.17054
96	167	1.16533
96	171	1.16718
96	173	1.16174
96	175	1.11067
96	176	1.12257
96	177	1.15604
96	178	1.23297
96	179	1.13789
96	180	1.12972
97	37	0.870533
97	44	1.1534
97	81	0.720406
97	88	0.672382
97	125	0.545573
97	133	0.729615
97	136	1.10301
97	140	1.12379
97	143	1.13315
97	152	1.10036
97	160	1.1457
97	162	1.14796
97	169	1.13897
97	171	1.09417
97	172	0.629434
97	173	1.08873
97	174	1.06343
97	175	1.03766
97	176	1.04956
97	177	1.08303
97	179	1.06488
97	180	1.05671
98	5	0.832323
98	16	0.838272
98	25	0.663476
98	39	0.692487
98	47	0.679941
98	117	1.1185
98	131	1.16729
98	139	1.06396
98	146	0.624695
98	150	1.06203
98	157	1.16507
98	167	1.09007
98	168	1.17223
98	169	1.13672
98	171	1.09192
98	173	1.08647
98	175	1.0354
98	176	1.04731
98	177	1.08078
98	178	1.15771
98	179	1.06263
98	180	1.05445
99	17	1.27017
99	45	1.03781
99	58	1.2015
99	63	1.11154
99	73	1.13626
99	75	1.1445
99	81	1.20246
99	90	1.17036
99	94	0.586991
99	121	1.16024
99	130	1.20144
99	137	0.570279
99	146	1.18902
99	149	1.20814
99	154	1.18041
99	156	0.625956
99	158	0.626516
99	170	1.13799
99	171	0.754547
99	172	1.23545
99	174	0.851121
99	180	0.809035
100	2	1.26161
100	11	0.569458
100	35	1.15061
100	46	1.16056
100	51	1.13326
100	52	0.520259
100	53	1.16009
100	58	1.19061
100	73	1.12536
100	81	1.19157
100	94	0.592049
100	104	1.16857
100	114	1.20833
100	133	1.16368
100	134	0.647372
100	141	1.15291
100	142	1.15301
100	157	0.635933
100	164	1.18024
100	176	0.898406
100	178	1.19862
100	180	0.814093
101	20	1.06529
101	26	0.862573
101	62	0.772882
101	83	1.16764
101	85	1.15575
101	90	1.13499
101	92	1.18532
101	93	1.117
101	116	0.535075
101	121	1.12488
101	125	1.17577
101	129	1.10566
101	130	1.16607
101	144	1.15817
101	146	1.15366
101	147	1.15535
101	155	0.635939
101	156	0.603418
101	163	0.663116
101	164	1.15578
101	165	1.17176
101	172	1.20009
101	176	0.87081
102	1	1.23961
102	3	1.10125
102	12	1.09506
102	14	1.23463
102	37	1.16047
102	55	0.492643
102	64	1.08989
102	66	0.567316
102	78	1.12624
102	105	1.17159
102	111	1.13896
102	122	1.21942
102	128	1.12926
102	132	1.09905
102	134	0.664246
102	135	1.13894
102	153	1.16897
102	163	0.707587
102	165	1.17811
102	167	0.793463
102	174	1.08397
102	175	0.929677
102	177	0.8013
103	4	1.08024
103	36	1.25553
103	48	1.11669
103	76	1.10917
103	95	1.17356
103	104	1.14353
103	106	1.15952
103	113	1.1461
103	114	1.18329
103	123	1.19032
103	126	0.680477
103	127	1.19951
103	133	1.13864
103	141	1.12786
103	142	1.12796
103	143	0.684159
103	149	1.1722
103	158	0.616623
103	170	0.748572
103	174	1.07704
103	175	0.897853
103	178	0.669551
103	180	0.799142
104	30	0.55372
104	36	1.23711
104	76	1.09075
104	95	1.15514
104	96	0.575975
104	100	1.16857
104	103	1.14353
104	106	1.1411
104	113	1.12768
104	114	1.16487
104	116	1.2478
104	123	1.17189
104	127	1.18109
104	133	1.12021
104	136	0.775249
104	140	0.738104
104	141	1.10944
104	142	1.10954
104	149	1.15378
104	171	0.766507
104	174	1.05862
104	178	0.691402
104	179	0.85498
105	1	1.23539
105	12	1.09085
105	14	1.23041
105	49	1.23467
105	64	1.08568
105	78	1.12203
105	91	1.14662
105	102	1.17159
105	111	1.13474
105	118	1.14594
105	120	1.18112
105	128	1.12505
105	132	1.09483
105	135	1.13473
105	153	1.16475
105	157	0.634099
105	159	0.658045
105	162	0.656791
105	164	0.684602
105	173	0.768461
105	174	1.07975
105	176	0.896572
105	180	0.812259
106	48	1.11426
106	60	1.19027
106	68	1.14856
106	76	1.10674
106	95	1.17113
106	103	1.15952
106	104	1.1411
106	113	1.14367
106	114	1.18086
106	115	0.816011
106	122	1.21006
106	123	1.18788
106	133	1.13621
106	136	0.796693
106	138	0.691059
106	141	1.12543
106	142	1.12553
106	158	0.659919
106	159	1.15706
106	168	0.686421
106	169	0.728926
106	174	1.07461
106	178	0.712846
107	27	0.646249
107	39	0.791865
107	76	0.733995
107	113	0.697435
107	119	1.09466
107	130	0.715575
107	131	1.1647
107	148	1.11472
107	150	1.05943
107	156	1.17955
107	157	1.16247
107	162	1.14311
107	166	1.09268
107	167	1.08747
107	169	1.13412
107	171	1.08932
107	172	0.599693
107	175	1.0328
107	176	1.04471
107	177	1.07818
107	179	1.06003
107	180	1.05186
108	43	0.597591
108	50	0.949381
108	64	0.85974
108	68	0.78623
108	71	0.647752
108	119	1.08888
108	129	0.741374
108	132	0.82334
108	148	1.10894
108	150	1.05366
108	157	1.15669
108	160	1.13507
108	161	1.07774
108	163	1.16098
108	167	1.08169
108	168	1.16386
108	171	1.08354
108	173	1.0781
108	175	1.02703
108	176	1.03893
108	177	1.0724
108	179	1.05425
108	180	1.04608
109	16	1.11309
109	32	1.21569
109	35	1.19931
109	36	1.32928
109	40	0.582652
109	45	1.07562
109	54	1.17429
109	57	1.13823
109	73	1.17407
109	81	1.24027
109	133	1.21238
109	141	1.20161
109	142	1.20171
109	143	0.649963
109	147	1.22852
109	154	0.632248
109	160	0.630231
109	166	0.762098
109	168	0.608929
109	172	1.27325
109	173	0.721148
109	174	1.15079
109	177	0.735279
109	178	1.24732
110	4	0.929971
110	50	0.92486
110	90	0.770719
110	111	0.700719
110	132	0.784986
110	135	0.725141
110	148	1.08442
110	150	1.02913
110	156	1.14925
110	158	1.13483
110	162	1.11281
110	163	1.13646
110	166	1.06238
110	167	1.05717
110	168	1.13934
110	169	1.10382
110	171	1.05902
110	172	0.592114
110	173	1.05358
110	175	1.0025
110	176	1.01441
110	177	1.04788
110	179	1.02973
110	180	1.02156
111	1	1.20277
111	3	1.06441
111	14	1.19779
111	30	1.17275
111	37	1.12363
111	44	0.633482
111	49	1.20205
111	78	1.0894
111	91	1.11399
111	94	0.588962
111	102	1.13896
111	105	1.13474
111	110	0.700719
111	118	1.11332
111	122	1.18258
111	128	1.09242
111	132	1.06221
111	135	1.1021
111	165	1.14127
111	168	0.654989
111	171	0.756518
111	174	1.04713
111	175	0.909716
111	179	0.844991
112	23	1.18092
112	42	1.00575
112	44	0.638256
112	54	1.09622
112	57	1.06016
112	63	1.07127
112	75	1.10424
112	83	1.16274
112	93	1.1121
112	125	1.17087
112	140	0.73289
112	143	0.700796
112	144	1.15327
112	145	0.714586
112	146	1.14876
112	153	1.15772
112	154	1.14014
112	159	1.15516
112	170	1.09773
112	171	0.761292
112	172	1.19518
112	173	0.771982
112	175	0.91449
112	178	1.16925
113	4	1.06439
113	48	1.10084
113	60	1.17685
113	68	1.13515
113	76	1.09332
113	94	0.578099
113	95	1.15771
113	103	1.1461
113	104	1.12768
113	106	1.14367
113	107	0.697435
113	123	1.17447
113	133	1.12279
113	141	1.11201
113	142	1.11211
113	147	1.13892
113	149	1.15635
113	159	1.14364
113	160	0.665428
113	161	0.799871
113	170	0.749572
113	174	1.06119
113	175	0.898853
113	177	0.770475
114	4	1.10158
114	60	1.21404
114	68	1.17233
114	76	1.13051
114	79	0.718382
114	95	1.1949
114	96	0.505865
114	100	1.20833
114	103	1.18329
114	104	1.16487
114	106	1.18086
114	116	1.28756
114	123	1.21165
114	133	1.15997
114	141	1.1492
114	142	1.1493
114	147	1.17611
114	151	0.741708
114	159	1.18083
114	166	0.748036
114	168	0.594867
114	174	1.09838
114	177	0.721217
114	178	0.621292
114	179	0.784869
115	36	0.712577
115	79	1.07893
115	93	0.82959
115	106	0.816011
115	123	0.70165
115	129	0.786881
115	131	1.12468
115	139	1.02135
115	145	1.04436
115	151	1.0419
115	156	1.13954
115	157	1.12245
115	162	1.10309
115	163	1.12674
115	165	0.747231
115	167	1.04746
115	168	1.12962
115	169	1.0941
115	173	1.04386
115	175	0.992788
115	176	1.00469
115	177	1.03817
115	179	1.02002
115	180	1.01184
116	24	1.24813
116	29	0.595149
116	47	1.22129
116	48	1.22096
116	49	0.578907
116	59	1.25879
116	69	0.483234
116	74	1.20117
116	83	0.584773
116	84	1.17961
116	86	1.24128
116	93	0.604595
116	101	0.535075
116	104	1.2478
116	114	1.28756
116	118	0.588304
116	130	0.566862
116	133	1.24291
116	141	1.23214
116	142	1.23224
116	143	1.25104
116	172	0.45098
116	176	1.16745
116	177	1.20092
116	179	1.18277
116	180	1.1746
117	4	0.851411
117	23	0.603788
117	40	1.14234
117	45	0.959166
117	58	0.643496
117	78	0.711594
117	98	1.1185
117	121	0.673143
117	138	1.14903
117	144	0.612987
117	150	1.05031
117	151	1.07279
117	155	1.12728
117	156	1.17043
117	158	1.15601
117	162	1.13399
117	167	1.07835
117	169	1.125
117	170	1.07446
117	171	1.0802
117	173	1.07476
117	175	1.02368
117	176	1.03559
117	177	1.06906
117	179	1.05091
117	180	1.04274
118	1	1.21396
118	12	1.06942
118	14	1.20898
118	37	1.13482
118	49	1.21324
118	52	0.545892
118	64	1.06425
118	78	1.1006
118	91	1.12519
118	105	1.14594
118	111	1.11332
118	116	0.588304
118	120	1.15969
118	122	1.19377
118	128	1.10362
118	132	1.07341
118	135	1.1133
118	137	1.16676
118	140	0.756835
118	152	0.815313
118	153	1.14333
118	161	0.839454
118	162	0.684257
118	165	1.15247
118	170	0.789155
118	174	1.05832
118	177	0.810058
119	42	0.960872
119	62	1.07025
119	64	0.81177
119	76	0.7168
119	78	0.780537
119	94	1.1678
119	107	1.09466
119	108	1.08888
119	123	0.608173
119	139	1.03101
119	143	1.09794
119	147	0.675026
119	149	0.629813
119	150	1.02907
119	155	1.10604
119	156	1.14919
119	160	1.11049
119	161	1.05316
119	163	1.1364
119	166	1.06232
119	168	1.13928
119	169	1.10376
119	173	1.05352
119	175	1.00244
119	176	1.01435
119	177	1.04782
119	180	1.0215
120	2	0.603581
120	13	0.833812
120	16	1.0558
120	17	0.640011
120	33	0.653955
120	36	0.630955
120	52	1.27386
120	54	1.117
120	57	1.08094
120	70	0.62462
120	88	0.637301
120	105	1.18112
120	118	1.15969
120	128	1.13879
120	132	1.10858
120	133	0.694534
120	135	1.14847
120	153	1.1785
120	162	1.17803
120	172	1.21596
120	174	1.0935
120	175	1.06772
120	176	1.07963
120	177	1.1131
120	178	1.19003
120	179	1.09495
120	180	1.08678
121	6	1.16141
121	20	1.02706
121	71	1.16877
121	72	1.2426
121	82	1.05427
121	83	1.12941
121	85	1.11752
121	87	1.11919
121	90	1.09676
121	93	1.07877
121	99	1.16024
121	101	1.12488
121	117	0.673143
121	125	1.13754
121	129	1.06743
121	130	1.12784
121	131	0.636272
121	137	0.623233
121	139	0.86942
121	144	1.11994
121	146	1.11543
121	155	0.711432
121	164	1.11755
121	170	1.0644
121	172	1.16186
121	173	0.818192
121	174	0.904076
121	180	0.861989
122	12	1.13868
122	16	1.08989
122	54	1.15109
122	57	1.11503
122	76	1.15971
122	95	1.2241
122	102	1.21942
122	106	1.21006
122	111	1.18258
122	118	1.19377
122	124	0.655423
122	132	1.14267
122	133	1.18918
122	135	1.18256
122	141	1.1784
122	142	1.1785
122	150	0.79901
122	153	1.21259
122	160	0.615931
122	162	0.595177
122	169	0.637134
122	171	0.696158
122	172	1.25005
122	173	0.706848
122	174	1.12758
122	176	0.834959
122	177	0.720979
122	178	1.22412
123	4	1.1086
123	36	1.28389
123	48	1.14505
123	60	1.22106
123	68	1.17936
123	76	1.13754
123	95	1.20192
123	103	1.19032
123	104	1.17189
123	106	1.18788
123	113	1.17447
123	114	1.21165
123	115	0.70165
123	119	0.608173
123	126	0.60941
123	133	1.167
123	141	1.15623
123	142	1.15633
123	147	1.18313
123	149	1.20056
123	151	0.7189
123	156	0.544997
123	159	1.18785
123	161	0.727805
123	163	0.604696
123	174	1.10541
123	176	0.812389
123	179	0.762062
124	6	0.571339
124	17	0.652837
124	36	0.643781
124	40	1.14549
124	44	1.14258
124	55	1.22748
124	86	0.751668
124	122	0.655423
124	134	1.14656
124	146	0.731558
124	147	0.699706
124	148	1.10875
124	155	1.13043
124	156	1.17358
124	157	1.1565
124	158	1.15916
124	161	1.07755
124	163	1.16079
124	165	0.678435
124	166	1.08671
124	168	1.16366
124	169	1.12815
124	171	1.08335
124	173	1.0779
124	176	1.03873
124	177	1.07221
124	179	1.05406
124	180	1.04588
125	34	1.28116
125	38	0.532855
125	50	1.48813
125	56	0.485998
125	72	1.29349
125	82	1.10516
125	85	1.16842
125	87	1.17009
125	90	1.14766
125	92	1.19799
125	97	0.545573
125	101	1.17577
125	112	1.17087
125	121	1.13754
125	129	1.11833
125	130	1.17874
125	144	1.17083
125	146	1.16633
125	154	1.15771
125	159	1.17273
125	164	1.16844
125	165	1.18443
125	171	0.564052
125	172	1.21275
125	173	0.574742
125	176	0.702853
125	177	0.588872
125	178	0.488948
126	68	0.739497
126	80	0.660555
126	94	1.21416
126	103	0.680477
126	123	0.60941
126	140	1.13495
126	145	1.10038
126	146	0.708115
126	147	0.676263
126	150	1.07544
126	151	1.09792
126	152	1.11152
126	155	1.1524
126	158	1.18114
126	160	1.15685
126	162	1.15912
126	165	0.654992
126	166	1.10868
126	167	1.10348
126	168	1.18564
126	169	1.15013
126	172	0.583735
126	173	1.09988
126	175	1.04881
126	176	1.06071
126	177	1.09419
126	179	1.07604
126	180	1.06786
127	9	1.08022
127	11	0.520496
127	19	1.2712
127	25	1.21013
127	28	0.541129
127	42	1.04763
127	63	1.11315
127	67	1.25494
127	70	1.2276
127	75	1.14612
127	80	1.19317
127	88	1.22697
127	89	1.22706
127	103	1.19951
127	104	1.18109
127	133	1.17619
127	141	1.16542
127	142	1.16552
127	145	0.663937
127	151	0.755954
127	158	0.582612
127	164	0.637473
127	167	0.727627
127	170	1.13961
127	172	1.23706
127	174	1.1146
127	175	0.863841
127	179	0.799116
128	1	1.19307
128	12	1.04852
128	14	1.18809
128	37	1.11393
128	49	1.19235
128	56	0.724783
128	64	1.04335
128	72	1.24064
128	78	1.07971
128	91	1.1043
128	102	1.12926
128	105	1.12505
128	111	1.09242
128	118	1.10362
128	120	1.13879
128	132	1.05251
128	135	1.09241
128	137	1.14587
128	153	1.12243
128	154	0.724625
128	159	0.70311
128	163	0.733944
128	165	1.13157
128	169	0.743812
128	170	0.806754
128	174	1.03743
128	176	0.941637
128	178	0.727732
129	34	1.21104
129	71	1.14956
129	82	1.03505
129	83	1.11019
129	85	1.09831
129	87	1.09997
129	90	1.07755
129	92	1.12787
129	93	1.05956
129	101	1.10566
129	108	0.741374
129	115	0.786881
129	121	1.06743
129	125	1.11833
129	130	1.10863
129	131	0.58759
129	136	0.767562
129	144	1.10072
129	146	1.09621
129	147	1.0979
129	151	0.804131
129	159	1.10262
129	164	1.09833
129	165	1.11432
129	170	1.04518
129	171	0.758819
129	172	1.14264
129	174	0.855393
129	175	0.912017
130	6	1.20261
130	20	1.06826
130	34	1.27146
130	71	1.20997
130	82	1.09546
130	83	1.17061
130	85	1.15872
130	87	1.16039
130	92	1.18829
130	93	1.11997
130	94	0.596239
130	96	0.573264
130	99	1.20144
130	101	1.16607
130	107	0.715575
130	116	0.566862
130	121	1.12784
130	125	1.17874
130	129	1.10863
130	139	0.825714
130	144	1.16113
130	146	1.15663
130	155	0.667726
130	160	0.683568
130	161	0.818012
130	164	1.15874
130	165	1.17473
130	169	0.704771
130	170	1.10559
131	3	0.819323
131	4	0.81454
131	19	0.615976
131	71	0.493968
131	82	0.694974
131	98	1.16729
131	107	1.1647
131	115	1.12468
131	121	0.636272
131	129	0.58759
131	136	1.13783
131	142	0.648833
131	143	1.16797
131	145	1.12405
131	150	1.09911
131	156	1.21923
131	158	1.20481
131	162	1.18278
131	163	1.20643
131	165	0.54794
131	167	1.12715
131	168	1.20931
131	170	1.12326
131	171	1.129
131	173	1.12355
131	175	1.07248
131	176	1.08438
131	177	1.11785
131	179	1.09971
131	180	1.09153
132	1	1.16286
132	3	1.0245
132	12	1.01831
132	14	1.15788
132	30	1.13284
132	37	1.08372
132	49	1.16214
132	64	1.01314
132	72	1.21042
132	78	1.04949
132	91	1.07408
132	102	1.09905
132	105	1.09483
132	108	0.82334
132	110	0.784986
132	111	1.06221
132	118	1.07341
132	120	1.10858
132	122	1.14267
132	128	1.05251
132	135	1.06219
132	153	1.09222
132	156	0.712195
132	159	0.741059
132	161	0.895002
132	164	0.767616
132	165	1.10136
132	169	0.781761
132	174	1.00722
132	179	0.929259
133	4	1.05692
133	36	1.23222
133	38	0.716897
133	48	1.09337
133	68	1.12768
133	76	1.08586
133	95	1.15024
133	97	0.729615
133	100	1.16368
133	103	1.13864
133	104	1.12021
133	106	1.13621
133	109	1.21238
133	113	1.12279
133	114	1.15997
133	116	1.24291
133	120	0.694534
133	122	1.18918
133	123	1.167
133	127	1.17619
133	139	0.810013
133	141	1.10455
133	142	1.10465
133	149	1.14888
133	162	0.647114
133	164	0.674925
133	168	0.646565
133	173	0.758784
133	174	1.05373
133	177	0.772915
134	54	0.68401
134	83	0.669474
134	93	0.689295
134	100	0.647372
134	102	0.664246
134	124	1.14656
134	136	1.12566
134	138	1.18566
134	139	1.08887
134	140	1.14645
134	142	0.70783
134	147	0.628208
134	150	1.08694
134	151	1.10942
134	153	0.617438
134	155	1.16391
134	156	1.20706
134	157	1.18998
134	159	1.16853
134	160	1.16835
134	165	0.606937
134	167	1.11498
134	169	1.16163
134	170	1.11109
134	171	1.11683
134	174	1.08609
134	175	1.06031
134	176	1.07221
134	177	1.10569
134	179	1.08754
134	180	1.07936
135	1	1.20275
135	3	1.0644
135	12	1.0582
135	30	1.17274
135	37	1.12361
135	49	1.20203
135	64	1.05303
135	72	1.25032
135	78	1.08939
135	91	1.11398
135	96	0.590409
135	102	1.13894
135	105	1.13473
135	110	0.725141
135	111	1.1021
135	118	1.1133
135	120	1.14847
135	122	1.18256
135	128	1.09241
135	132	1.06219
135	137	1.15555
135	140	0.752538
135	153	1.13211
135	158	0.652909
135	159	0.681214
135	165	1.14125
135	170	0.784858
135	173	0.79163
135	174	1.04711
135	176	0.919741
135	177	0.805761
136	34	0.651719
136	59	0.750983
136	66	1.18107
136	88	0.699604
136	89	0.660804
136	97	1.10301
136	104	0.775249
136	106	0.796693
136	129	0.767562
136	131	1.13783
136	134	1.12566
136	142	0.828806
136	148	1.08785
136	151	1.05505
136	152	1.06864
136	155	1.10953
136	156	1.15269
136	158	1.13826
136	162	1.11624
136	166	1.06581
136	168	1.14277
136	169	1.10725
136	171	1.06245
136	173	1.05701
136	175	1.00594
136	176	1.01784
136	177	1.05131
136	178	1.12824
136	179	1.03316
136	180	1.02499
137	15	0.813815
137	29	1.15405
137	31	0.39337
137	32	0.647488
137	49	1.25549
137	51	0.726893
137	57	0.715336
137	64	1.1065
137	67	1.24092
137	70	1.21357
137	80	1.17915
137	85	0.617037
137	88	1.21295
137	89	1.21303
137	91	1.16744
137	99	0.570279
137	118	1.16676
137	121	0.623233
137	128	1.14587
137	135	1.15555
137	138	1.20015
137	144	0.563077
137	146	0.588024
137	163	1.20875
137	171	1.13132
137	172	1.22304
137	173	1.12587
137	174	1.10057
137	175	1.0748
137	176	1.0867
137	177	1.12018
137	180	1.09385
138	10	0.411784
138	25	0.714182
138	35	0.659382
138	41	0.585529
138	42	0.929396
138	46	0.664128
138	52	1.27208
138	60	0.660344
138	62	1.13374
138	77	0.589914
138	106	0.691059
138	117	1.14903
138	134	1.18566
138	137	1.20015
138	140	1.15207
138	143	1.16143
138	152	1.12864
138	157	1.1956
138	162	1.17624
138	163	1.19989
138	165	0.622278
138	166	1.12581
138	167	1.12061
138	168	1.20277
138	169	1.16725
138	170	1.11672
138	171	1.12245
138	173	1.11701
138	175	1.06594
138	176	1.07784
138	177	1.11131
138	179	1.09316
138	180	1.08499
139	1	0.768884
139	11	1.18692
139	18	0.701501
139	64	0.939103
139	73	0.84174
139	83	0.843625
139	96	1.13923
139	98	1.06396
139	115	1.02135
139	119	1.03101
139	121	0.86942
139	130	0.825714
139	133	0.810013
139	134	1.08887
139	140	1.05529
139	150	0.995779
139	152	1.03186
139	155	1.07274
139	157	1.09882
139	158	1.10148
139	161	1.01987
139	162	1.07946
139	163	1.1031
139	168	1.10598
139	169	1.07047
139	171	1.02567
139	173	1.02022
139	174	0.994924
139	175	0.969149
139	177	1.01453
139	178	1.09146
139	179	0.996377
139	180	0.988201
140	25	0.782671
140	71	0.636795
140	75	0.795733
140	88	0.662459
140	97	1.12379
140	104	0.738104
140	112	0.73289
140	118	0.756835
140	126	1.13495
140	134	1.14645
140	135	0.752538
140	138	1.15207
140	139	1.05529
140	143	1.12222
140	145	1.0783
140	149	0.666827
140	151	1.07583
140	155	1.13032
140	157	1.15639
