1	50	0.410068
1	55	0.388115
1	86	0.594831
1	90	0.667302
1	97	0.615222
1	139	0.406382
1	169	0.688511
1	170	0.667615
1	172	0.649546
1	173	0.661883
1	176	0.697529
1	179	0.694709
2	46	0.922928
2	94	0.915759
2	99	0.917816
2	122	1.59183
2	131	1.1996
2	146	0.727453
2	160	0.946051
2	167	1.01971
2	171	1.05868
2	172	0.979821
2	177	0.714204
2	179	1.02498
3	11	0.825384
3	38	1.74012
3	42	0.743097
3	44	1.39399
3	76	0.757395
3	114	0.772825
3	115	0.821998
3	138	1.74302
3	143	0.776414
3	152	0.764198
3	172	0.800688
3	179	0.845852
4	18	0.400309
4	28	0.411952
4	105	0.665912
4	109	0.667255
4	112	0.618448
4	130	0.425435
4	143	0.647867
4	147	0.423384
4	173	0.68448
4	176	0.720125
4	179	0.717306
4	180	0.662433
5	69	1.87946
5	74	0.851613
5	111	1.5014
5	144	0.815972
5	152	0.79199
5	153	0.579187
5	160	0.79471
5	163	0.847277
5	167	1.52677
5	172	0.82848
5	173	0.840818
5	179	0.873644
6	58	0.897736
6	70	1.20487
6	87	1.16358
6	106	0.923817
6	110	0.965857
6	156	0.888423
6	161	0.911223
6	165	1.23691
6	166	0.917665
6	167	0.926603
6	174	0.889477
6	178	0.920964
7	33	0.419563
7	72	0.417672
7	146	0.40754
7	149	0.663922
7	150	0.66764
7	170	0.677978
7	171	0.647386
7	172	0.659908
7	175	0.65507
7	176	0.707891
7	179	0.705072
7	180	0.650199
8	37	0.882521
8	55	0.545693
8	58	1.53576
8	132	1.65804
8	140	0.775489
8	151	1.61453
8	157	0.832521
8	159	0.828874
8	165	0.817263
8	169	0.846089
8	170	0.825193
8	176	0.855107
9	47	1.50664
9	60	1.52549
9	75	0.798613
9	99	0.75509
9	107	0.771581
9	119	0.790297
9	130	0.570388
9	143	0.792821
9	154	1.71672
9	172	0.817096
9	173	0.829433
9	179	0.862259
10	49	1.01029
10	84	0.771853
10	111	1.0809
10	122	1.67838
10	148	0.922408
10	158	0.898743
10	159	0.934428
10	165	0.922817
10	166	1.12251
10	169	0.951643
10	170	0.930748
10	176	0.960661
11	3	0.825384
11	29	0.88131
11	85	0.936307
11	113	1.11186
11	149	0.959135
11	160	0.92135
11	161	1.32273
11	168	0.705065
11	171	1.221
11	172	0.955121
11	179	1.00028
11	180	1.22747
12	42	1.27355
12	106	0.949223
12	107	1.17284
12	119	1.23012
12	155	0.954897
12	156	0.91383
12	161	0.936629
12	166	0.943071
12	174	0.914883
12	177	0.694616
12	179	1.1082
12	180	0.950524
13	43	0.890444
13	54	1.3074
13	98	0.862521
13	119	1.13367
13	151	0.928249
13	156	0.895792
13	166	0.925033
13	169	1.01484
13	171	0.929673
13	173	1.12211
13	174	0.896845
13	180	0.932485
14	35	0.847657
14	59	0.878784
14	63	1.02189
14	86	1.35824
14	112	1.11105
14	128	1.03874
14	162	0.969696
14	166	0.968139
14	174	0.939951
14	177	0.719683
14	178	0.971438
14	180	0.975591
15	19	0.921437
15	78	1.32212
15	97	0.91134
15	129	0.928528
15	141	0.884704
15	148	0.979693
15	153	0.69637
15	159	1.15552
15	160	1.19138
15	166	0.928502
15	174	0.900313
15	178	0.931801
16	110	0.908451
16	114	0.902129
16	115	0.951302
16	117	1.10726
16	127	1.25632
16	141	1.28109
16	163	0.948789
16	164	1.20286
16	172	0.929992
16	173	0.942329
16	177	0.664374
16	179	0.975155
17	67	1.35198
17	89	1.12732
17	120	0.913601
17	144	1.1579
17	151	0.904484
17	155	0.913093
17	161	0.894826
17	162	0.902825
17	170	0.995646
17	171	0.905907
17	174	0.87308
17	175	0.913591
18	4	0.400309
18	31	0.42704
18	64	0.414308
18	110	0.637051
18	134	0.645204
18	139	0.415427
18	143	0.634316
18	157	0.683989
18	169	0.697556
18	176	0.706574
18	178	0.644728
18	179	0.703755
18	180	0.648882
19	15	0.921437
19	106	0.895189
19	107	1.28768
19	109	1.3047
19	118	1.20964
19	133	0.876086
19	138	0.853716
19	140	1.37868
19	166	0.889037
19	167	0.897975
19	171	0.893677
19	177	0.640582
19	180	0.896489
20	84	0.732728
20	105	1.25237
20	116	0.834754
20	125	0.849787
20	128	0.873157
20	131	0.81669
20	132	1.26087
20	159	0.895303
20	161	1.41132
20	164	1.37029
20	169	0.912518
20	170	0.891622
20	176	0.921536
21	111	1.27736
21	131	0.869892
21	139	0.683591
21	140	0.89512
21	141	1.48062
21	151	1.24946
21	158	0.91282
21	159	0.948505
21	165	0.936894
21	169	0.96572
21	170	0.944825
21	175	1.33236
21	177	0.661138
22	33	0.591525
22	60	0.811132
22	61	1.65002
22	113	0.832974
22	128	1.71379
22	156	0.785468
22	166	0.814709
22	167	0.823647
22	170	1.68311
22	171	0.819349
22	175	0.827033
22	177	0.566253
22	178	0.818008
23	49	0.874144
23	64	0.629668
23	81	0.901758
23	108	1.43788
23	115	0.895261
23	138	1.29252
23	142	1.16776
23	149	0.877965
23	160	0.840181
23	172	0.873951
23	173	0.886289
23	178	1.31029
23	179	0.919115
24	102	0.782801
24	109	1.29163
24	113	0.888175
24	154	0.871901
24	162	0.871468
24	164	0.868175
24	165	1.36016
24	166	0.86991
24	172	1.29308
24	175	0.882234
24	178	0.873209
24	179	1.20997
24	180	0.877363
25	53	0.849863
25	71	1.41854
25	85	0.862602
25	108	1.52908
25	118	0.894525
25	146	0.629047
25	149	0.885429
25	152	0.844925
25	153	0.632122
25	161	1.44247
25	167	1.30178
25	172	0.881416
25	173	0.893753
25	179	0.926579
26	57	0.873026
26	89	0.809234
26	134	1.44319
26	137	1.44419
26	138	1.42394
26	150	0.842848
26	151	1.28874
26	157	0.860514
26	158	0.821181
26	159	0.856866
26	165	0.845256
26	169	0.874082
26	170	0.853186
26	176	0.883099
27	106	0.781337
27	110	1.75104
27	111	0.784823
27	126	0.714483
27	127	0.739027
27	132	0.784867
27	136	0.812744
27	153	0.543053
27	156	0.745943
27	161	0.768743
27	169	1.87501
27	170	1.90549
27	175	0.787509
27	178	0.778484
28	4	0.411952
28	45	0.422775
28	63	0.643767
28	75	0.651752
28	86	0.61552
28	125	0.646469
28	151	0.656289
28	160	0.636464
28	162	0.65463
28	168	0.420179
28	170	0.688304
28	171	0.657713
28	177	0.404617
28	179	0.715398
29	11	0.88131
29	85	0.837801
29	90	1.43604
29	115	0.877925
29	119	0.829816
29	135	0.867167
29	144	0.844106
29	149	0.860628
29	170	1.3803
29	173	0.868952
29	175	1.42368
29	177	0.590997
29	178	1.49375
29	179	0.901778
30	42	0.781101
30	49	0.838886
30	66	1.64833
30	67	0.78958
30	88	0.805577
30	93	1.13168
30	99	0.776688
30	118	0.851803
30	124	1.55891
30	135	0.849245
30	144	0.826185
30	162	1.32397
30	172	0.838693
30	179	0.883857
31	18	0.42704
31	130	0.452167
31	131	0.642011
31	146	0.446506
31	163	0.717671
31	165	0.709013
31	166	0.681712
31	168	0.448818
31	173	0.711212
31	174	0.653524
31	176	0.746857
31	177	0.433257
31	179	0.744038
31	180	0.689165
32	94	0.801482
32	110	0.844004
32	115	0.886855
32	136	1.23714
32	147	0.616786
32	152	0.829054
32	160	0.831774
32	161	1.47671
32	163	0.884341
32	164	1.43568
32	165	1.43888
32	172	0.865545
32	173	0.877882
32	179	0.910708
33	7	0.419563
33	22	0.591525
33	43	0.638328
33	64	0.445796
33	114	0.662216
33	146	0.437711
33	147	0.441321
33	157	0.715477
33	168	0.440024
33	170	0.708149
33	173	0.702417
33	176	0.738062
33	179	0.735243
33	180	0.68037
34	42	1.39942
34	92	0.824078
34	136	0.886152
34	149	1.35932
34	154	0.850583
34	159	1.35527
34	161	0.842151
34	164	0.846857
34	165	1.38426
34	166	0.848592
34	171	0.853232
34	174	0.820404
34	178	0.851892
34	180	0.856045
35	14	0.847657
35	36	0.729324
35	124	0.745512
35	142	0.770873
35	146	0.540414
35	151	0.778836
35	152	1.8643
35	158	1.81855
35	166	0.77562
35	167	0.784558
35	170	1.7859
35	174	0.747432
35	175	0.787944
35	180	0.783072
36	35	0.729324
36	111	0.859443
36	134	0.853579
36	137	0.836867
36	148	1.33179
36	161	0.843363
36	162	0.851362
36	164	0.848069
36	167	0.858743
36	169	1.38951
36	170	1.41999
36	174	0.821617
36	176	1.41777
36	178	0.853104
37	8	0.882521
37	51	1.05571
37	71	1.225
37	90	1.15023
37	130	0.759114
37	131	0.948959
37	157	1.03122
37	158	0.991886
37	164	1.2079
37	165	1.01596
37	170	1.02389
37	176	1.0538
37	177	0.740204
37	178	1.20793
38	3	1.74012
38	40	0.813262
38	83	1.22322
38	102	0.745938
38	111	0.842685
38	117	0.833669
38	132	0.84273
38	155	0.844873
38	157	1.31293
38	167	0.841985
38	171	0.837687
38	175	0.845371
38	176	1.30879
38	180	0.840499
39	49	1.28312
39	56	0.627181
39	79	0.637158
39	132	0.892405
39	154	0.884713
39	156	0.853481
39	161	0.876281
39	165	1.48195
39	167	0.89166
39	172	1.41487
39	175	0.895046
39	178	0.886022
39	179	1.33176
39	180	0.890175
40	38	0.813262
40	52	1.20601
40	59	0.786962
40	127	0.840158
40	128	1.43096
40	129	0.876342
40	152	1.47868
40	153	0.644184
40	158	1.43293
40	164	0.87458
40	171	0.880956
40	175	0.88864
40	178	0.879615
40	180	0.883768
41	90	1.41483
41	116	0.825702
41	128	0.864104
41	131	0.807637
41	158	0.850565
41	159	0.88625
41	165	0.87464
41	168	0.614445
41	169	0.903466
41	170	0.88257
41	174	1.56366
41	175	1.40247
41	176	0.912483
41	180	1.41828
42	3	0.743097
42	12	1.27355
42	30	0.781101
42	34	1.39942
42	74	0.895966
42	78	0.827827
42	106	1.40464
42	118	0.885943
42	119	0.846034
42	137	1.46594
42	153	0.62354
42	172	0.872833
42	173	0.885171
42	179	0.917997
43	13	0.890444
43	33	0.638328
43	57	1.24854
43	68	0.832527
43	120	0.873845
43	123	0.799007
43	125	1.43294
43	154	0.863502
43	157	1.36484
43	158	1.39558
43	161	0.85507
43	171	0.866152
43	178	0.864811
43	180	0.868964
44	3	1.39399
44	75	1.10679
44	138	0.901116
44	140	1.08694
44	141	0.89264
44	142	0.93169
44	151	0.939653
44	155	0.948263
44	156	0.907196
44	170	0.964886
44	173	1.04168
44	175	0.948761
44	178	0.939736
44	180	0.94389
45	28	0.422775
45	50	0.443487
45	55	0.421534
45	73	0.432828
45	115	0.704275
45	135	0.693517
45	154	0.667794
45	165	0.693104
45	169	0.72193
45	173	0.695303
45	176	0.730948
45	177	0.417348
45	178	0.669102
45	180	0.673256
46	2	0.922928
46	50	0.634054
46	55	0.612101
46	81	0.901339
46	104	1.36286
46	110	0.851992
46	160	0.839762
46	162	1.50777
46	163	0.892329
46	171	1.47779
46	172	0.873532
46	173	0.88587
46	179	0.918696
46	180	1.48427
47	9	1.50664
47	102	0.823049
47	104	0.927504
47	114	1.18836
47	123	0.847653
47	128	1.083
47	138	0.874837
47	154	0.912149
47	161	0.903716
47	167	0.919096
47	171	0.914798
47	174	0.88197
47	176	1.05009
47	178	0.913457
47	179	1.01874
48	49	0.842051
48	51	1.26449
48	63	0.815391
48	78	0.796852
48	88	0.808742
48	119	0.815059
48	121	0.791468
48	122	1.88914
48	126	1.6014
48	152	0.805368
48	154	1.34743
48	160	0.808088
48	173	0.854196
48	177	0.576241
48	179	0.887022
49	10	1.01029
49	23	0.874144
49	30	0.838886
49	39	1.28312
49	48	0.842051
49	61	0.906583
49	119	0.903819
49	143	0.906343
49	156	1.34168
49	160	0.896847
49	162	1.21871
49	172	0.930617
49	173	0.942955
49	175	1.17939
49	179	0.975781
50	1	0.410068
50	45	0.443487
50	46	0.634054
50	73	0.440809
50	130	0.444239
50	132	0.683467
50	157	0.716344
50	159	0.712697
50	165	0.701086
50	172	0.690947
50	173	0.703284
50	177	0.425329
50	178	0.677084
50	179	0.73611
51	37	1.05571
51	48	1.26449
51	90	0.962879
51	93	0.900944
51	102	0.840852
51	116	1.11951
51	121	1.1656
51	127	0.891802
51	154	0.929951
51	164	0.926225
51	167	0.936898
51	168	0.695066
51	171	0.9326
51	172	1.22898
51	175	0.940284
52	40	1.20601
52	98	1.26201
52	101	1.27584
52	106	1.07859
52	121	0.901755
52	134	1.13888
52	135	0.962698
52	143	0.927871
52	144	0.939637
52	147	0.703387
52	160	0.918375
52	163	0.970942
52	168	0.70209
52	172	0.952145
52	173	0.964483
53	25	0.849863
53	61	0.874837
53	102	1.54807
53	121	0.848482
53	141	1.56334
53	147	0.650113
53	159	1.45932
53	160	0.865102
53	163	0.917669
53	168	0.648816
53	171	1.42442
53	172	0.898872
53	173	0.911209
53	177	0.633254
53	179	0.944035
54	13	1.3074
54	77	0.782127
54	83	0.866627
54	87	0.826413
54	102	1.65668
54	139	0.612659
54	157	0.88122
54	158	0.841887
54	165	0.865962
54	169	0.894788
54	170	0.873892
54	172	1.52983
54	176	0.903805
54	177	0.590205
54	180	1.5395
55	1	0.388115
55	8	0.545693
55	45	0.421534
55	46	0.612101
55	85	0.65018
55	104	0.669178
55	129	0.651858
55	135	0.679546
55	139	0.42583
55	168	0.418938
55	169	0.707959
55	170	0.687063
55	176	0.716976
55	178	0.655131
55	179	0.714157
56	39	0.627181
56	98	0.578048
56	136	0.678118
56	147	0.408962
56	149	0.661735
56	156	0.611318
56	157	0.683118
56	160	0.623951
56	163	0.676518
56	168	0.407665
56	169	0.696686
56	170	0.675791
56	176	0.705704
56	177	0.392104
56	179	0.702885
57	26	0.873026
57	43	1.24854
57	80	0.858101
57	98	1.34191
57	129	1.10255
57	130	0.721627
57	148	0.978065
57	159	0.990084
57	165	0.978474
57	167	1.11759
57	169	1.0073
57	170	0.986404
57	174	1.30841
57	176	1.01632
57	177	0.702717
58	6	0.897736
58	8	1.53576
58	59	0.786818
58	65	0.884261
58	66	0.800257
58	128	1.13062
58	133	0.863221
58	135	1.18972
58	141	0.832375
58	155	0.887998
58	159	1.18756
58	163	1.1468
58	167	0.88511
58	171	0.880812
58	175	0.888496
58	180	0.883625
59	14	0.878784
59	40	0.786962
59	58	0.786818
59	68	0.777762
59	75	1.51186
59	84	2.07287
59	95	1.3863
59	123	0.744242
59	138	0.771426
59	161	0.800305
59	164	0.805011
59	171	0.811387
59	173	1.44674
59	174	0.778559
59	175	0.819071
59	180	0.814199
60	9	1.52549
60	22	0.811132
60	77	1.26324
60	78	1.32539
60	97	0.875362
60	148	0.982965
60	154	0.894515
60	164	0.890789
60	166	0.892524
60	167	0.901462
60	171	0.897164
60	173	1.14796
60	174	0.864336
60	175	0.904848
60	178	0.895823
60	180	0.899977
61	22	1.65002
61	49	0.906583
61	53	0.874837
61	81	0.934197
61	107	0.860875
61	110	0.88485
61	118	0.9195
61	145	0.647152
61	154	1.2293
61	163	0.925187
61	167	1.19889
61	169	1.15465
61	171	1.23786
61	172	0.90639
61	177	0.640773
61	179	0.951554
62	88	1.58653
62	104	0.82095
62	115	1.40789
62	121	1.49047
62	127	0.767446
62	149	1.59601
62	151	0.80682
62	155	0.815429
62	156	0.774363
62	161	0.797162
62	162	0.805161
62	166	0.803604
62	167	0.812542
62	171	0.808244
62	174	0.775416
62	180	0.811056
63	14	1.02189
63	28	0.643767
63	48	0.815391
63	74	0.927091
63	94	0.839895
63	101	1.48394
63	119	0.877159
63	132	1.23605
63	143	0.879683
63	155	1.32906
63	160	0.870187
63	163	0.922754
63	172	0.903957
63	173	0.916295
63	174	1.43663
63	179	0.949121
64	18	0.414308
64	23	0.629668
64	33	0.445796
64	96	0.643223
64	147	0.437383
64	157	0.711539
64	158	0.672206
64	163	0.704938
64	164	0.667244
64	168	0.436085
64	169	0.725106
64	175	0.681303
64	176	0.734124
64	177	0.420524
64	179	0.731305
64	180	0.676432
65	58	0.884261
65	71	0.861185
65	76	1.35427
65	95	1.18576
65	98	0.841678
65	109	1.2175
65	120	0.916523
65	135	1.2592
65	143	1.33537
65	155	0.916015
65	156	0.874949
65	164	0.902454
65	166	0.90419
65	168	0.671296
65	178	0.907489
65	180	0.911642
66	30	1.64833
66	58	0.800257
66	97	0.803024
66	100	1.48439
66	111	0.829824
66	136	0.857745
66	151	0.823402
66	154	0.822177
66	167	0.829124
66	168	0.587292
66	169	1.59481
66	174	0.791998
66	175	0.83251
66	176	1.62307
66	178	0.823485
66	180	0.827638
67	17	1.35198
67	30	0.78958
67	76	0.838019
67	96	0.838394
67	110	0.859772
67	143	0.857037
67	145	0.622074
67	151	1.53505
67	152	0.844822
67	160	0.847542
67	167	1.58831
67	171	1.62728
67	172	0.881312
67	177	0.615695
67	179	0.926476
68	43	0.832527
68	59	0.777762
68	85	1.22381
68	88	1.2776
68	93	0.8401
68	137	0.854178
68	143	1.36135
68	151	0.870332
68	160	1.31889
68	161	0.860674
68	162	0.868673
68	164	0.865381
68	165	1.31201
68	171	0.871756
68	174	0.838928
68	175	0.87944
68	178	0.870415
69	5	1.87946
69	92	0.806081
69	122	0.740957
69	153	0.598463
69	154	0.832586
69	155	0.842421
69	157	1.58659
69	162	0.832152
69	164	0.82886
69	166	0.830595
69	168	0.597701
69	171	0.835235
69	173	1.66147
69	174	0.802407
69	176	1.58245
69	178	0.833894
69	180	0.838047
70	6	1.20487
70	76	1.48764
70	84	0.713773
70	105	1.29828
70	109	0.849712
70	112	0.800904
70	131	0.797735
70	141	1.49444
70	148	0.864329
70	150	0.862331
70	158	0.840663
70	159	0.876348
70	162	1.38549
70	165	0.864738
70	169	0.893564
70	170	0.872668
70	176	0.902581
71	25	1.41854
71	37	1.225
71	65	0.861185
71	89	1.48042
71	90	0.888014
71	93	0.826079
71	142	0.848348
71	148	1.26054
71	154	0.855086
71	161	0.846654
71	166	0.853096
71	171	0.857735
71	173	1.42553
71	174	0.824908
71	175	0.86542
71	178	0.856395
71	180	0.860548
72	7	0.417672
72	76	0.644895
72	82	0.436978
72	108	0.623457
72	130	0.441481
72	137	0.658089
72	145	0.42895
72	157	0.713586
72	158	0.674253
72	163	0.706985
72	165	0.698328
72	168	0.438132
72	172	0.688188
72	176	0.736171
72	177	0.422571
72	178	0.674325
72	179	0.733352
73	45	0.432828
73	50	0.440809
73	103	0.420914
73	127	0.626967
73	144	0.667779
73	159	0.702037
73	163	0.699084
73	168	0.430231
73	169	0.719252
73	170	0.698357
73	171	0.667765
73	173	0.692625
73	174	0.634937
73	176	0.72827
73	177	0.41467
73	179	0.725451
73	180	0.670578
74	5	0.851613
74	42	0.895966
74	63	0.927091
74	85	0.934745
74	99	0.891553
74	123	1.41808
74	132	1.05225
74	135	0.96411
74	137	1.16419
74	138	1.14395
74	152	0.917068
74	154	1.09243
74	160	0.919788
74	167	1.06201
74	172	0.953558
74	173	0.965896
74	179	0.998722
75	9	0.798613
75	28	0.651752
75	44	1.10679
75	59	1.51186
75	92	1.37173
75	114	0.884079
75	135	0.922495
75	144	0.899434
75	152	0.875452
75	157	1.36205
75	160	0.878172
75	162	1.44284
75	163	0.930739
75	172	0.911942
75	173	0.92428
75	177	0.646325
75	179	0.957106
76	3	0.757395
76	65	1.35427
76	67	0.838019
76	70	1.48764
76	72	0.644895
76	78	0.842125
76	94	0.82307
76	104	1.34086
76	107	0.841616
76	110	0.865591
76	113	1.34666
76	143	0.862857
76	149	0.891145
76	151	1.36356
76	152	0.850641
76	173	0.899469
76	179	0.932295
77	54	0.782127
77	60	1.26324
77	86	0.802015
77	101	0.799481
77	111	1.39869
77	112	0.803035
77	148	0.86646
77	154	1.45446
77	157	0.882127
77	158	0.842795
77	159	0.87848
77	165	0.866869
77	167	1.42405
77	169	0.895695
77	170	0.874799
77	175	1.45368
77	176	0.904712
78	15	1.32212
78	42	0.827827
78	48	0.796852
78	60	1.32539
78	76	0.842125
78	79	0.622692
78	85	0.866605
78	119	0.85862
78	149	0.889432
78	152	0.848928
78	157	1.47436
78	163	0.904215
78	172	0.885418
78	173	0.897756
78	176	1.47022
78	177	0.619801
78	178	1.5859
78	179	0.930582
79	39	0.637158
79	78	0.622692
79	105	0.661468
79	130	0.420991
79	144	0.65519
79	146	0.41533
79	147	0.41894
79	149	0.671712
79	153	0.418405
79	159	0.689448
79	163	0.686495
79	165	0.677838
79	169	0.706664
79	175	0.66286
79	176	0.715681
79	177	0.402081
79	178	0.653836
79	179	0.712862
80	57	0.858101
80	83	0.830995
80	84	0.679366
80	87	0.790782
80	91	0.776929
80	104	1.38559
80	109	0.815304
80	128	0.819795
80	129	1.44652
80	148	0.829921
80	157	0.845588
80	158	0.806256
80	159	0.841941
80	170	0.83826
80	171	1.50053
80	174	1.65238
80	175	1.49119
80	176	0.868174
81	23	0.901758
81	46	0.901339
81	61	0.934197
81	121	0.907842
81	123	1.44972
81	134	1.19483
81	144	0.945723
81	147	0.709473
81	152	0.921741
81	155	1.1769
81	160	0.924461
81	166	1.10989
81	168	0.708176
81	172	0.958232
81	173	0.970569
81	174	1.28447
81	179	1.0034
81	180	1.13909
82	72	0.436978
82	103	0.419841
82	120	0.674386
82	137	0.649115
82	139	0.436051
82	140	0.64758
82	153	0.429921
82	161	0.655611
82	163	0.698011
82	164	0.660317
82	165	0.689354
82	168	0.429159
82	170	0.697284
82	172	0.679215
82	173	0.691552
82	176	0.727197
82	177	0.413597
82	179	0.724378
83	38	1.22322
83	54	0.866627
83	80	0.830995
83	86	0.886514
83	120	1.14454
83	131	0.884366
83	136	1.04531
83	140	0.909594
83	150	0.948961
83	155	1.22744
83	156	1.33611
83	158	0.927294
83	159	0.962979
83	162	1.21313
83	169	0.980194
83	170	0.959298
83	176	0.989212
83	177	0.675612
84	10	0.771853
84	20	0.732728
84	59	2.07287
84	70	0.713773
84	80	0.679366
84	93	1.81156
84	100	0.765038
84	101	0.732351
84	128	0.789204
84	150	0.797332
84	158	0.775665
84	159	0.81135
84	165	0.799739
84	167	1.93489
84	168	0.539544
84	169	0.828565
84	170	0.807669
84	176	0.837582
84	180	1.98033
85	11	0.936307
85	25	0.862602
85	29	0.837801
85	55	0.65018
85	68	1.22381
85	74	0.934745
85	78	0.866605
85	97	1.33447
85	114	0.883748
85	121	0.861221
85	136	1.16151
85	155	1.34364
85	160	0.877841
85	163	0.930408
85	166	1.27663
85	172	0.911611
85	173	0.923949
85	179	0.956775
85	180	1.30583
86	1	0.594831
86	14	1.35824
86	28	0.61552
86	77	0.802015
86	83	0.886514
86	107	1.59947
86	109	0.870824
86	112	0.822016
86	129	1.56712
86	131	0.818847
86	136	1.48328
86	150	0.883442
86	157	0.901108
86	158	0.861775
86	165	0.88585
86	166	1.5984
86	170	0.89378
86	176	0.923693
86	177	0.610093
87	6	1.16358
87	54	0.826413
87	80	0.790782
87	111	1.2499
87	112	0.847321
87	116	0.862217
87	128	0.90062
87	138	1.3572
87	150	0.908748
87	153	0.651722
87	154	1.30568
87	157	0.926413
87	159	0.922766
87	164	1.37492
87	165	0.911155
87	169	0.939981
87	170	0.919085
87	176	0.948998
87	180	1.3207
88	30	0.805577
88	48	0.808742
88	62	1.58653
88	68	1.2776
88	94	0.833247
88	107	0.851794
88	109	1.3485
88	135	0.907861
88	144	0.8848
88	149	0.901323
88	151	1.26091
88	152	0.860818
88	160	0.863538
88	163	0.916106
88	167	1.31418
88	172	0.897309
88	173	0.909646
88	177	0.631691
88	179	0.942472
88	180	1.35962
89	17	1.12732
89	26	0.809234
89	71	1.48042
89	100	0.879981
89	112	0.850848
89	116	0.865744
89	120	1.36401
89	125	0.880776
89	131	0.847679
89	140	0.872908
89	142	1.32083
89	145	0.645304
89	146	0.652174
89	147	0.655784
89	148	0.914273
89	158	0.890607
89	165	0.914682
89	176	0.952525
89	179	1.31633
89	180	1.4091
90	1	0.667302
90	29	1.43604
90	37	1.15023
90	41	1.41483
90	51	0.962879
90	71	0.888014
90	97	0.913857
90	107	1.30503
90	125	1.34398
90	134	0.934794
90	142	0.926272
90	146	0.695813
90	161	0.924577
90	168	0.698125
90	171	0.935659
90	172	1.3235
90	174	0.902831
90	175	0.943343
90	177	0.682564
90	180	0.938472
91	80	0.776929
91	100	0.862601
91	113	1.28686
91	116	0.848364
91	132	1.34728
91	140	0.855528
91	145	0.627925
91	148	0.896893
91	150	0.894895
91	153	0.637869
91	157	0.91256
91	158	0.873228
91	159	0.908913
91	165	0.897302
91	166	1.37328
91	169	0.926128
91	171	1.39601
91	175	1.38667
91	176	0.935146
91	180	1.40248
92	34	0.824078
92	69	0.806081
92	75	1.37173
92	118	1.18284
92	122	0.781949
92	124	0.841479
92	125	1.29983
92	129	0.871613
92	135	1.31961
92	138	0.836266
92	142	0.86684
92	143	1.39577
92	154	0.873577
92	156	0.842346
92	161	0.865145
92	166	0.871587
92	172	1.27935
92	174	0.843399
92	178	0.874886
92	180	0.879039
93	30	1.13168
93	51	0.900944
93	68	0.8401
93	71	0.826079
93	84	1.81156
93	99	1.29594
93	108	0.821515
93	122	0.779447
93	133	0.856134
93	136	0.906644
93	144	1.2709
93	155	0.88091
93	156	0.839844
93	163	1.1555
93	166	0.869085
93	173	1.18543
93	174	0.840897
93	175	0.881409
93	178	0.872384
93	180	0.876537
94	2	0.915759
94	32	0.801482
94	63	0.839895
94	76	0.82307
94	88	0.833247
94	104	1.24707
94	115	0.887673
94	117	1.3271
94	118	0.879472
94	143	0.842088
94	152	0.829872
94	155	1.40629
94	160	0.832592
94	163	0.88516
94	172	0.866363
94	173	0.8787
94	174	1.51386
94	178	1.42273
94	179	0.911526
94	180	1.36848
95	59	1.3863
95	65	1.18576
95	106	1.28921
95	109	0.896768
95	125	0.877889
95	128	0.901258
95	139	0.658491
95	140	0.87002
95	156	1.44025
95	157	0.927052
95	158	0.88772
95	159	0.923405
95	162	1.31727
95	165	0.911794
95	168	0.651599
95	169	0.94062
95	170	0.919724
95	176	0.949637
95	177	0.636037
95	178	1.34802
96	64	0.643223
96	67	0.838394
96	99	0.825501
96	103	0.628133
96	114	0.859643
96	118	0.900616
96	132	1.41891
96	135	0.898059
96	143	0.863232
96	144	0.874998
96	149	0.89152
96	163	0.906303
96	166	1.44491
96	167	1.42867
96	168	0.637451
96	171	1.46764
96	172	0.887507
96	173	0.899844
96	175	1.4583
96	179	0.93267
96	180	1.47411
97	1	0.615222
97	15	0.91134
97	60	0.875362
97	66	0.803024
97	85	1.33447
97	90	0.913857
97	104	0.896286
97	134	0.882714
97	139	0.652937
97	141	0.835142
97	143	1.47201
97	144	1.46832
97	145	0.636863
97	162	0.880497
97	166	0.878939
97	167	0.887877
97	170	1.30606
97	172	1.35559
97	178	0.882238
97	179	1.27248
97	180	0.886392
98	13	0.862521
98	52	1.26201
98	56	0.578048
98	57	1.34191
98	65	0.841678
98	104	0.850936
98	116	1.39634
98	122	0.743952
98	123	0.771084
98	129	0.833616
98	133	0.820638
98	134	0.837364
98	137	0.820652
98	154	0.83558
98	163	1.50315
98	164	0.831854
98	165	1.5729
98	166	0.833589
98	171	0.838229
98	173	1.53308
98	175	0.845913
98	180	0.841042
99	2	0.917816
99	9	0.75509
99	30	0.776688
99	74	0.891553
99	93	1.29594
99	96	0.825501
99	102	1.58189
99	107	0.822904
99	114	0.840556
99	121	0.81803
99	126	1.70365
99	136	1.32039
99	139	0.625256
99	144	0.855911
99	149	0.872433
99	158	1.43817
99	160	0.834649
99	163	0.887216
99	173	0.880757
99	175	1.4489
99	177	0.602802
99	179	0.913583
100	66	1.48439
100	84	0.765038
100	89	0.879981
100	91	0.862601
100	108	1.31837
100	109	0.900976
100	112	0.852169
100	123	1.44714
100	134	1.19225
100	140	0.874228
100	142	1.04825
100	148	0.915593
100	150	0.913595
100	157	0.93126
100	158	0.891928
100	159	0.927613
100	161	1.23177
100	169	0.944828
100	170	0.923933
100	175	1.12071
100	176	0.953846
100	177	0.640246
101	52	1.27584
101	63	1.48394
101	77	0.799481
101	84	0.732351
101	105	1.4656
101	116	0.834378
101	125	0.849411
101	140	0.841542
101	142	1.44104
101	146	0.620808
101	147	0.624418
101	148	0.882907
101	150	0.880909
101	153	0.623883
101	157	0.898574
101	158	0.859241
101	159	0.894927
101	165	0.883316
101	170	0.891246
101	174	1.67469
101	176	0.921159
101	180	1.52931
102	24	0.782801
102	38	0.745938
102	47	0.823049
102	51	0.840852
102	53	1.54807
102	54	1.65668
102	99	1.58189
102	111	0.81863
102	126	0.748291
102	129	0.809019
102	133	0.796041
102	136	0.846551
102	141	0.765195
102	155	0.820818
102	156	0.779751
102	160	1.51809
102	161	0.80255
102	162	0.810549
102	172	1.44413
102	175	0.821316
102	178	0.812291
102	179	1.36102
102	180	0.816445
103	73	0.420914
103	82	0.419841
103	96	0.628133
103	130	0.424344
103	136	0.691449
103	146	0.418683
103	149	0.675065
103	151	0.657106
103	152	0.634561
103	153	0.421758
103	157	0.696449
103	159	0.692802
103	161	0.647448
103	163	0.689848
103	165	0.681191
103	169	0.710017
103	172	0.671052
103	174	0.625702
103	175	0.666214
103	176	0.719034
103	177	0.405434
103	179	0.716215
104	46	1.36286
104	47	0.927504
104	55	0.669178
104	62	0.82095
104	76	1.34086
104	80	1.38559
104	94	1.24707
104	97	0.896286
104	98	0.850936
104	112	1.259
104	121	1.14215
104	127	0.877289
104	141	0.86965
104	150	1.20726
104	156	0.884206
104	161	0.907006
104	164	0.911712
104	167	0.922385
104	171	0.918087
104	175	0.925771
104	177	0.664992
104	178	0.916747
104	180	0.9209
105	4	0.665912
105	20	1.25237
105	70	1.29828
105	79	0.661468
105	101	1.4656
105	107	1.24478
105	117	0.907655
105	123	0.844528
105	126	0.846331
105	129	0.907059
105	133	0.894081
105	150	1.26496
105	153	0.674901
105	156	0.877791
105	161	0.900591
105	162	0.90859
105	164	0.905297
105	171	0.911672
105	172	1.26324
105	173	1.29051
105	174	0.878845
105	175	0.919357
105	178	0.910332
106	6	0.923817
106	12	0.949223
106	19	0.895189
106	27	0.781337
106	42	1.40464
106	52	1.07859
106	95	1.28921
106	120	0.914586
106	122	0.812615
106	134	0.906027
106	153	0.670121
106	154	0.904244
106	158	1.30552
106	160	1.39635
106	161	0.895811
106	162	0.90381
106	166	0.902253
106	169	1.24238
106	172	1.32239
106	174	0.874065
106	177	0.653798
106	178	0.905552
106	180	0.909705
107	9	0.771581
107	12	1.17284
107	19	1.28768
107	61	0.860875
107	76	0.841616
107	86	1.59947
107	88	0.851794
107	90	1.30503
107	99	0.822904
107	105	1.24478
107	114	0.857046
107	121	0.83452
107	125	1.3193
107	129	1.248
107	135	0.895462
107	143	0.860635
107	149	0.888923
107	152	0.848419
107	160	0.851139
107	163	0.903706
107	172	0.88491
107	173	0.897247
107	179	0.930073
108	23	1.43788
108	25	1.52908
108	72	0.623457
108	93	0.821515
108	100	1.31837
108	129	0.848558
108	132	0.858214
108	133	0.83558
108	138	0.81321
108	142	0.843784
108	147	0.616935
108	154	0.850522
108	157	1.46119
108	161	0.84209
108	162	0.850089
108	164	0.846796
108	171	0.853171
108	173	1.53606
108	174	0.820343
108	175	0.860855
108	179	1.42569
108	180	0.855984
109	4	0.667255
109	19	1.3047
109	24	1.29163
109	65	1.2175
109	70	0.849712
109	80	0.815304
109	86	0.870824
109	88	1.3485
109	95	0.896768
109	100	0.900976
109	120	1.28041
109	145	0.6663
109	149	1.35798
109	150	0.93327
109	157	0.950935
109	158	0.911603
109	159	0.947288
109	165	0.935677
109	169	0.964503
109	170	0.943608
109	176	0.973521
109	177	0.659921
109	178	1.37976
110	6	0.965857
110	16	0.908451
110	18	0.637051
110	27	1.75104
110	32	0.844004
110	46	0.851992
110	61	0.88485
110	67	0.859772
110	76	0.865591
110	118	0.921994
110	122	1.64965
110	133	1.13872
110	135	0.919437
110	139	0.665721
110	141	1.25543
110	150	1.11503
110	152	0.872394
110	160	0.875114
110	163	0.927681
110	172	0.908884
110	173	0.921222
110	174	1.26836
110	179	0.954048
111	5	1.5014
111	10	1.0809
111	21	1.27736
111	27	0.784823
111	36	0.859443
111	38	0.842685
111	66	0.829824
111	77	1.39869
111	87	1.2499
111	102	0.81863
111	126	0.845037
111	134	0.909513
111	136	0.943298
111	160	1.3301
111	162	0.907296
111	163	1.25347
111	166	0.905739
111	167	0.914677
111	171	0.910379
111	174	0.877551
111	175	0.918063
111	177	0.657283
111	178	0.909038
112	4	0.618448
112	14	1.11105
112	70	0.800904
112	77	0.803035
112	86	0.822016
112	87	0.847321
112	89	0.850848
112	100	0.852169
112	104	1.259
112	125	0.852965
112	140	0.845096
112	149	1.41289
112	150	0.884463
112	156	1.52689
112	157	0.902128
112	158	0.862795
112	159	0.898481
112	164	1.43463
112	165	0.88687
112	169	0.915696
112	170	0.8948
112	171	1.37393
112	174	1.52579
112	176	0.924713
113	11	1.11186
113	22	0.832974
113	24	0.888175
113	76	1.34666
113	91	1.28686
113	136	0.951925
113	141	0.870569
113	148	1.0736
113	155	0.926192
113	156	0.885125
113	157	1.16372
113	158	1.19446
113	161	0.907924
113	162	0.915923
113	164	0.912631
113	166	0.914366
113	167	0.923304
113	170	1.16181
113	171	0.919006
113	174	0.886178
113	175	0.92669
113	176	1.15958
113	178	0.917665
113	180	0.921818
114	3	0.772825
114	16	0.902129
114	33	0.662216
114	47	1.18836
114	75	0.884079
114	85	0.883748
114	96	0.859643
114	99	0.840556
114	107	0.857046
114	121	0.852172
114	129	1.35297
114	135	0.913114
114	144	0.890053
114	148	1.26606
114	152	0.866071
114	160	0.868791
114	161	1.50871
114	172	0.902562
114	173	0.914899
114	174	1.55884
114	176	1.35204
114	177	0.636944
114	178	1.46771
114	179	0.947725
115	3	0.821998
115	16	0.951302
115	23	0.895261
115	29	0.877925
115	32	0.886855
115	45	0.704275
115	62	1.40789
115	94	0.887673
115	117	1.1396
115	119	0.924936
115	121	0.901345
115	127	1.28866
115	130	0.705027
115	143	0.92746
115	144	0.939227
115	159	1.20941
115	160	0.917965
115	161	1.27623
115	162	1.20449
115	165	1.2384
115	172	0.951735
115	173	0.964072
115	177	0.686117
115	179	0.996898
115	180	1.18098
116	20	0.834754
116	41	0.825702
116	51	1.11951
116	87	0.862217
116	89	0.865744
116	91	0.848364
116	98	1.39634
116	101	0.834378
116	117	1.17609
116	119	1.24662
116	125	0.86786
116	126	1.45641
116	128	0.89123
116	148	0.901356
116	150	0.899358
116	157	0.917023
116	158	0.877691
116	159	0.913376
116	164	1.27169
116	165	0.901765
116	167	1.17203
116	169	0.930591
116	170	0.909696
116	175	1.20166
116	176	0.939609
117	16	1.10726
117	38	0.833669
117	94	1.3271
117	105	0.907655
117	115	1.1396
117	116	1.17609
117	120	0.909056
117	130	0.667178
117	134	0.900497
117	137	0.883785
117	142	0.891976
117	155	0.908549
117	156	0.867482
117	157	1.23796
117	161	0.890281
117	162	0.89828
117	164	0.894988
117	165	1.35265
117	167	0.905661
117	173	1.31283
117	174	0.868535
117	175	0.909047
117	178	0.900022
117	179	1.20246
117	180	0.904176
118	19	1.20964
118	25	0.894525
118	30	0.851803
118	42	0.885943
118	61	0.9195
118	92	1.18284
118	94	0.879472
118	96	0.900616
118	110	0.921994
118	119	0.916735
118	127	1.33812
118	133	1.24619
118	137	1.28718
118	138	1.26694
118	139	0.70037
118	143	0.919259
118	145	0.684296
118	149	0.947548
118	152	0.907044
118	155	1.26825
118	160	0.909764
118	166	1.20124
118	168	0.693478
118	173	0.955872
118	179	0.988698
119	9	0.790297
119	12	1.23012
119	13	1.13367
119	29	0.829816
119	42	0.846034
119	48	0.815059
119	49	0.903819
119	63	0.877159
119	78	0.85862
119	115	0.924936
119	116	1.24662
119	118	0.916735
119	135	0.914178
119	149	0.90764
119	152	0.867136
119	153	0.654332
119	160	0.869856
119	162	1.38927
119	163	0.922423
119	164	1.41998
119	166	1.33657
119	172	0.903626
119	173	0.915964
119	178	1.42002
119	179	0.948789
119	180	1.36576
120	17	0.913601
120	43	0.873845
120	65	0.916523
120	82	0.674386
120	83	1.14454
120	89	1.36401
120	106	0.914586
120	109	1.28041
120	117	0.909056
120	124	0.878327
120	127	0.872276
120	131	1.42598
120	132	0.918117
120	135	1.32212
120	153	0.676303
120	154	0.910425
120	155	0.92026
120	163	1.27919
120	169	1.20185
120	171	0.913074
120	174	0.880246
120	175	0.920758
120	177	0.659979
120	178	0.911733
120	179	1.19875
120	180	0.915887
121	48	0.791468
121	51	1.1656
121	52	0.901755
121	53	0.848482
121	62	1.49047
121	81	0.907842
121	85	0.861221
121	99	0.81803
121	104	1.14215
121	107	0.83452
121	114	0.852172
121	115	0.901345
121	124	1.52201
121	135	0.890587
121	137	1.3203
121	143	0.85576
121	144	0.867527
121	149	0.884049
121	152	0.843545
121	163	0.898832
121	171	1.25709
121	172	0.880035
121	173	0.892373
121	175	1.24775
121	178	1.31782
121	179	0.925198
122	2	1.59183
122	10	1.67838
122	48	1.88914
122	69	0.740957
122	92	0.781949
122	93	0.779447
122	98	0.743952
122	106	0.812615
122	110	1.64965
122	123	0.743958
122	124	0.776356
122	136	0.844022
122	137	0.793526
122	139	0.580461
122	145	0.564387
122	154	0.808454
122	155	0.818289
122	164	0.804728
122	167	0.815401
122	169	1.77362
122	171	0.811103
122	174	0.778275
122	175	0.818787
122	178	0.809762
122	179	1.77052
122	180	0.813916
123	43	0.799007
123	47	0.847653
123	59	0.744242
123	74	1.41808
123	81	1.44972
123	98	0.771084
123	100	1.44714
123	105	0.844528
123	122	0.743958
123	124	0.803488
123	137	0.820658
123	138	0.798275
123	141	0.789798
123	142	0.828849
123	153	0.601464
123	154	0.835587
123	157	1.58996
123	161	0.827154
123	163	1.6349
123	166	0.833596
123	167	0.842534
123	169	1.55756
123	171	0.838236
123	174	0.805408
123	175	0.84592
123	179	1.55447
123	180	0.841048
124	30	1.55891
124	35	0.745512
124	92	0.841479
124	120	0.878327
124	121	1.52201
124	122	0.776356
124	123	0.803488
124	141	0.822196
124	147	0.634397
124	148	1.44767
124	155	0.877819
124	156	0.836752
124	161	0.859552
124	162	0.867551
124	163	1.58273
124	164	0.864258
124	167	0.874931
124	168	0.6331
124	170	1.53587
124	171	0.870633
124	172	1.5854
124	174	0.837805
124	175	0.878317
124	177	0.617538
124	178	0.869293
124	179	1.50229
124	180	0.873446
125	20	0.849787
125	28	0.646469
125	43	1.43294
125	89	0.880776
125	90	1.34398
125	92	1.29983
125	95	0.877889
125	101	0.849411
125	107	1.3193
125	112	0.852965
125	116	0.86786
125	128	0.906263
125	131	0.849796
125	133	1.36318
125	140	0.875024
125	148	0.916389
125	152	1.36663
125	157	0.932056
125	158	0.892724
125	165	0.916798
125	166	1.31823
125	167	1.30199
125	168	0.656603
125	169	0.945624
125	170	0.924728
125	176	0.954642
125	177	0.641042
126	27	0.714483
126	48	1.6014
126	99	1.70365
126	102	0.748291
126	105	0.846331
126	111	0.845037
126	116	1.45641
126	127	0.799242
126	132	0.845082
126	136	0.872959
126	142	0.830652
126	148	1.42816
126	151	0.838616
126	156	0.806158
126	162	0.836957
126	163	1.56322
126	164	0.833664
126	166	0.8354
126	167	0.844337
126	171	0.840039
126	174	0.807212
126	175	0.847723
126	176	1.51413
126	177	0.586944
126	178	0.838699
126	179	1.48278
126	180	0.842852
127	16	1.25632
127	27	0.739027
127	40	0.840158
127	51	0.891802
127	62	0.767446
127	73	0.626967
127	104	0.877289
127	115	1.28866
127	118	1.33812
127	120	0.872276
127	126	0.799242
127	131	1.57874
127	132	0.869626
127	134	0.863717
127	137	0.847005
127	138	0.824622
127	142	0.855196
127	149	1.47678
127	151	0.863159
127	154	0.861934
127	162	0.8615
127	169	1.35462
127	171	0.864583
127	174	0.831755
127	175	0.872267
127	176	1.38288
127	179	1.35152
127	180	0.867395
128	14	1.03874
128	20	0.873157
128	22	1.71379
128	40	1.43096
128	41	0.864104
128	47	1.083
128	58	1.13062
128	80	0.819795
128	84	0.789204
128	87	0.90062
128	95	0.901258
128	116	0.89123
128	125	0.906263
128	129	1.24761
128	134	1.36384
128	140	0.898394
128	146	0.677661
128	148	0.939759
128	150	0.937761
128	157	0.955426
128	158	0.916094
128	161	1.40335
128	165	0.940168
128	167	1.26266
128	168	0.679973
128	169	0.968994
128	170	0.948098
128	176	0.978011
128	177	0.664411
129	15	0.928528
129	40	0.876342
129	55	0.651858
129	57	1.10255
129	80	1.44652
129	86	1.56712
129	92	0.871613
129	98	0.833616
129	102	0.809019
129	105	0.907059
129	107	1.248
129	108	0.848558
129	114	1.35297
129	128	1.24761
129	138	0.860806
129	142	0.89138
129	154	0.898118
129	155	0.907953
129	156	0.866886
129	162	0.897685
129	164	0.894392
129	167	0.905065
129	170	1.21693
129	174	0.867939
129	175	0.908451
129	176	1.21471
129	178	0.899427
129	179	1.18335
129	180	0.90358
130	4	0.425435
130	9	0.570388
130	31	0.452167
130	37	0.759114
130	50	0.444239
130	57	0.721627
130	72	0.441481
130	79	0.420991
130	103	0.424344
130	115	0.705027
130	117	0.667178
130	135	0.69427
130	144	0.671209
130	145	0.424479
130	153	0.434424
130	155	0.678381
130	158	0.669782
130	159	0.705467
130	160	0.649947
130	161	0.660114
130	162	0.668113
130	164	0.66482
130	165	0.693857
130	169	0.722683
130	174	0.638367
130	176	0.7317
130	177	0.4181
130	179	0.728881
131	2	1.1996
131	20	0.81669
131	21	0.869892
131	31	0.642011
131	37	0.948959
131	41	0.807637
131	70	0.797735
131	83	0.884366
131	86	0.818847
131	89	0.847679
131	120	1.42598
131	125	0.849796
131	127	1.57874
131	140	0.841927
131	148	0.883292
131	150	0.881294
131	157	0.898959
131	158	0.859627
131	163	1.45873
131	165	0.883701
131	166	1.44186
131	168	0.623506
131	169	0.912527
131	170	0.891631
131	174	1.61644
131	176	0.921545
131	177	0.607945
131	178	1.52532
131	180	1.47106
132	8	1.65804
132	20	1.26087
132	27	0.784867
132	38	0.84273
132	39	0.892405
132	50	0.683467
132	63	1.23605
132	74	1.05225
132	91	1.34728
132	96	1.41891
132	108	0.858214
132	120	0.918117
132	126	0.845082
132	127	0.869626
132	134	0.909558
132	137	0.892846
132	138	0.870463
132	141	0.861986
132	144	1.38448
132	146	0.670578
132	149	1.3139
132	151	0.909
132	161	0.899342
132	164	0.904048
132	166	0.905784
132	171	0.910424
132	175	0.918108
132	177	0.657328
132	179	1.18864
132	180	0.913236
133	19	0.876086
133	58	0.863221
133	93	0.856134
133	98	0.820638
133	102	0.796041
133	105	0.894081
133	108	0.83558
133	110	1.13872
133	118	1.24619
133	125	1.36318
133	135	1.38295
133	138	0.847829
133	141	0.839352
133	142	0.878402
133	151	0.886366
133	155	0.894975
133	156	0.853908
133	160	1.41666
133	162	0.884707
133	164	0.881414
133	166	0.88315
133	167	0.892088
133	168	0.650256
133	170	1.29317
133	172	1.3427
133	173	1.36996
133	174	0.854962
133	175	0.895474
133	176	1.29094
133	180	0.890602
134	18	0.645204
134	26	1.44319
134	36	0.853579
134	52	1.13888
134	81	1.19483
134	90	0.934794
134	97	0.882714
134	98	0.837364
134	100	1.19225
134	106	0.906027
134	111	0.909513
134	117	0.900497
134	127	0.863717
134	128	1.36384
134	132	0.909558
134	136	0.937435
134	141	0.856078
134	150	1.3844
134	151	0.903092
134	154	0.901866
134	160	1.45664
134	162	0.901433
134	164	0.89814
134	168	0.666981
134	169	1.30268
134	170	1.33316
134	174	0.871687
134	177	0.65142
134	178	0.903174
134	180	0.907328
135	29	0.867167
135	30	0.849245
135	45	0.693517
135	52	0.962698
135	55	0.679546
135	58	1.18972
135	65	1.2592
135	74	0.96411
135	75	0.922495
135	88	0.907861
135	92	1.31961
135	96	0.898059
135	107	0.895462
135	110	0.919437
135	114	0.913114
135	119	0.914178
135	120	1.32212
135	121	0.890587
135	130	0.69427
135	133	1.38295
135	156	1.51369
135	160	0.907207
135	163	0.959774
135	166	1.338
135	168	0.690921
135	172	0.940977
135	173	0.953315
135	175	1.35139
135	177	0.67536
135	178	1.42146
136	27	0.812744
136	32	1.23714
136	34	0.886152
136	56	0.678118
136	66	0.857745
136	83	1.04531
136	85	1.16151
136	86	1.48328
136	93	0.906644
136	99	1.32039
136	102	0.846551
136	103	0.691449
136	111	0.943298
136	113	0.951925
136	122	0.844022
136	126	0.872959
136	134	0.937435
136	137	0.920723
136	141	0.889863
136	151	0.936876
136	152	1.2115
136	156	0.904419
136	159	1.22072
136	162	0.935218
136	166	0.93366
136	167	0.942598
136	171	0.9383
136	172	1.18263
136	173	1.20989
136	176	1.13088
136	178	0.936959
137	26	1.44419
137	36	0.836867
137	42	1.46594
137	68	0.854178
137	72	0.658089
137	74	1.16419
137	82	0.649115
137	98	0.820652
137	117	0.883785
137	118	1.28718
137	121	1.3203
137	122	0.793526
137	123	0.820658
137	127	0.847005
137	132	0.892846
137	136	0.920723
137	138	0.847842
137	151	0.88638
137	152	1.41256
137	154	0.885154
137	158	1.36681
137	162	0.884721
137	165	1.45077
137	166	0.883163
137	167	0.892101
137	171	0.887803
137	174	0.854975
137	175	0.895487
137	178	0.886462
137	179	1.30058
137	180	0.890616
138	3	1.74302
138	19	0.853716
138	23	1.29252
138	26	1.42394
138	44	0.901116
138	47	0.874837
138	59	0.771426
138	74	1.14395
138	87	1.3572
138	92	0.836266
138	108	0.81321
138	118	1.26694
138	123	0.798275
138	127	0.824622
138	129	0.860806
138	132	0.870463
138	133	0.847829
138	137	0.847842
138	140	1.43597
138	155	0.872605
138	156	0.831539
138	161	0.854338
138	162	0.862337
138	164	0.859044
138	166	0.86078
138	171	0.86542
138	172	1.36344
138	175	0.873104
138	178	0.864079
138	179	1.28034
138	180	0.868232
139	1	0.406382
139	18	0.415427
139	21	0.683591
139	54	0.612659
139	55	0.42583
