1	63	1.01124
1	66	0.932282
1	67	0.922551
1	69	0.975885
1	70	0.976068
1	71	0.976318
1	72	0.976603
1	74	0.976892
1	125	0.959396
1	132	1.43707
1	147	2.73702
1	179	0.886324
2	34	1.03845
2	53	1.10371
2	62	1.14342
2	64	1.07486
2	75	1.11012
2	98	1.40969
2	133	1.10188
2	143	1.05045
2	148	1.00149
2	155	1.64376
2	165	0.993078
2	173	2.20877
3	34	1.03532
3	38	1.12541
3	55	1.08042
3	62	1.14029
3	75	1.10699
3	91	2.16685
3	114	1.5102
3	133	1.09874
3	143	1.04731
3	148	0.998353
3	164	1.61753
3	165	0.989941
4	15	0.899997
4	17	0.994643
4	19	0.997933
4	29	0.97947
4	31	0.975461
4	99	0.951421
4	108	1.73474
4	112	0.969075
4	120	0.952968
4	124	0.994446
4	147	2.43821
4	163	0.8969
5	18	0.964299
5	36	1.01883
5	53	0.995198
5	55	0.975051
5	64	0.966346
5	75	1.00161
5	132	1.54797
5	133	0.993371
5	143	0.941935
5	148	0.89298
5	165	0.884568
5	169	2.59896
6	15	0.905156
6	17	0.999801
6	29	0.984628
6	31	0.980619
6	99	0.95658
6	105	0.944604
6	112	0.974234
6	120	0.958127
6	124	0.999604
6	131	2.71483
6	150	1.58384
6	163	0.902059
7	63	1.02246
7	67	0.933765
7	68	0.999564
7	69	0.987098
7	70	0.987282
7	71	0.987531
7	72	0.987816
7	74	0.988106
7	101	0.94399
7	128	3.07386
7	179	0.897538
8	50	1.04001
8	66	1.01551
8	67	1.00578
8	68	1.07158
8	69	1.05911
8	70	1.0593
8	71	1.05954
8	72	1.05983
8	74	1.06012
8	100	1.08855
8	104	2.89069
8	169	1.37061
8	179	0.969552
9	25	1.07208
9	26	1.07136
9	33	0.972078
9	35	1.04551
9	40	1.04667
9	41	1.04671
9	42	1.06432
9	46	1.03839
9	120	1.04851
9	122	1.60908
9	126	2.3146
9	132	1.02473
9	172	2.12614
10	45	1.08089
10	49	1.05844
10	58	0.961808
10	60	1.09471
10	65	1.10025
10	73	1.06796
10	106	1.00852
10	127	1.08174
10	135	0.929828
10	142	1.06142
10	170	0.990428
10	171	3.21873
10	175	0.980389
11	12	0.965204
11	20	1.05385
11	39	1.10932
11	47	1.00046
11	48	1.00021
11	54	1.09104
11	56	1.06711
11	89	1.05051
11	99	1.03219
11	124	1.07522
11	127	1.0475
11	145	2.7088
11	169	1.38015
12	11	0.965204
12	32	0.96486
12	47	0.895524
12	48	0.895271
12	54	0.986107
12	56	0.962174
12	99	0.927259
12	110	0.947624
12	111	2.24328
12	112	0.944914
12	124	0.970284
12	127	0.942564
12	132	1.88327
13	23	1.03113
13	24	1.102
13	37	1.07376
13	43	1.08267
13	57	1.04257
13	93	1.0917
13	111	1.35183
13	134	3.60094
13	135	1.06333
13	136	1.05481
13	153	0.963426
13	167	1.01617
13	172	0.973112
14	21	1.02822
14	23	0.926812
14	24	0.997678
14	43	0.978344
14	57	0.938245
14	93	0.987381
14	97	0.993227
14	135	1.73207
14	136	0.950486
14	153	0.859105
14	161	2.56146
14	167	0.91185
14	172	0.868791
15	4	0.899997
15	6	0.905156
15	19	0.989336
15	29	0.970873
15	31	0.966864
15	99	0.942824
15	105	0.930849
15	112	0.960479
15	120	0.944371
15	124	0.985849
15	142	1.58502
15	163	0.888303
15	177	2.67988
16	51	1.04309
16	52	1.13794
16	58	0.944933
16	60	1.07783
16	65	1.08337
16	73	1.05108
16	110	1.06992
16	127	1.06486
16	128	1.60922
16	149	3.14286
16	170	0.973553
16	173	1.25148
16	175	0.963514
17	4	0.994643
17	6	0.999801
17	19	1.08398
17	29	1.06552
17	31	1.06151
17	105	1.02549
17	112	1.05512
17	116	1.15633
17	120	1.03902
17	124	1.08049
17	159	1.38775
17	163	0.982949
17	165	3.47684
18	5	0.964299
18	36	0.992055
18	38	0.993268
18	55	0.948277
18	62	1.00814
18	64	0.939573
18	75	0.974841
18	133	0.966597
18	143	0.915162
18	148	0.866206
18	154	2.60959
18	156	2.19974
18	165	0.857794
19	4	0.997933
19	15	0.989336
19	17	1.08398
19	31	1.0648
19	96	0.83339
19	99	1.04076
19	105	1.02878
19	112	1.05841
19	120	1.04231
19	124	1.08378
19	131	1.8361
19	148	2.75096
19	163	0.986239
20	11	1.05385
20	39	1.09302
20	47	0.984165
20	48	0.983913
20	54	1.07475
20	56	1.05082
20	96	1.14661
20	110	1.03627
20	112	1.03356
20	124	1.05893
20	127	1.03121
20	142	1.13487
20	171	3.29218
21	14	1.02822
21	22	1.11953
21	24	1.09865
21	37	1.07041
21	43	1.07931
21	57	1.03921
21	89	1.61179
21	106	1.97847
21	135	1.25667
21	136	1.05146
21	153	0.960075
21	167	1.01282
21	172	0.969761
22	21	1.11953
22	24	1.08899
22	37	1.06075
22	57	1.02956
22	93	1.07869
22	97	1.08454
22	117	1.46678
22	130	1.56865
22	136	1.0418
22	146	1.95995
22	153	0.950418
22	167	1.00316
22	172	0.960104
23	13	1.03113
23	14	0.926812
23	24	0.997244
23	37	0.969004
23	43	0.97791
23	57	0.937811
23	97	0.992793
23	123	1.70299
23	136	0.950052
23	153	0.85867
23	167	0.911416
23	172	0.868356
23	179	2.70478
24	13	1.102
24	14	0.997678
24	21	1.09865
24	22	1.08899
24	23	0.997244
24	37	1.03987
24	57	1.00868
24	79	1.31483
24	136	1.02092
24	153	0.929536
24	167	0.982282
24	169	1.58194
24	172	0.939222
24	174	2.6524
25	9	1.07208
25	27	1.04627
25	30	1.04536
25	33	0.944473
25	35	1.01791
25	40	1.01906
25	41	1.0191
25	42	1.03671
25	46	1.01078
25	113	1.75659
25	120	1.02091
25	132	0.997128
25	136	1.09184
25	179	2.58147
26	9	1.07136
26	30	1.04465
26	33	0.943758
26	35	1.01719
26	40	1.01835
26	41	1.01839
26	42	1.036
26	46	1.01007
26	93	1.04528
26	120	1.02019
26	132	0.996413
26	148	2.35841
26	167	1.27517
26	172	2.45859
27	25	1.04627
27	30	1.04716
27	33	0.946268
27	35	1.0197
27	40	1.02086
27	41	1.0209
27	42	1.03851
27	46	1.01258
27	93	1.04779
27	101	0.954349
27	120	1.0227
27	132	0.998922
27	152	2.29779
27	157	2.0505
28	45	1.04077
28	51	1.01985
28	52	1.1147
28	58	0.921697
28	60	1.0546
28	65	1.06013
28	73	1.02785
28	101	1.86649
28	110	1.04668
28	127	1.04162
28	154	1.5128
28	162	4.84083
28	170	0.950317
28	175	0.940278
29	4	0.97947
29	6	0.984628
29	15	0.970873
29	17	1.06552
29	31	1.04634
29	99	1.0223
29	105	1.01032
29	112	1.03995
29	120	1.02384
29	121	1.09295
29	124	1.06532
29	136	0.854414
29	153	3.54103
29	163	0.967776
30	25	1.04536
30	26	1.04465
30	27	1.04716
30	33	0.945364
30	35	1.0188
30	40	1.01995
30	41	1.02
30	42	1.0376
30	46	1.01167
30	120	1.0218
30	132	0.998018
30	147	1.12289
30	166	3.73135
30	173	1.11629
31	4	0.975461
31	6	0.980619
31	15	0.966864
31	17	1.06151
31	19	1.0648
31	29	1.04634
31	105	1.00631
31	112	1.03594
31	114	1.7805
31	120	1.01983
31	124	1.06131
31	163	0.963767
31	173	2.06994
31	178	1.97125
32	12	0.96486
32	39	1.10897
32	47	1.00011
32	48	0.999861
32	56	1.06676
32	79	1.16934
32	99	1.03185
32	110	1.05221
32	112	1.0495
32	124	1.07487
32	127	1.04715
32	138	3.3985
32	142	0.883275
33	9	0.972078
33	25	0.944473
33	26	0.943758
33	27	0.946268
33	30	0.945364
33	35	0.917906
33	40	0.919064
33	41	0.919105
33	42	0.936713
33	93	0.945994
33	120	0.920908
33	132	0.897128
33	158	1.72638
33	172	3.11224
34	2	1.03845
34	3	1.03532
34	38	0.95891
34	53	0.934067
34	62	0.973783
34	64	0.905215
34	75	0.940483
34	97	0.964009
34	103	1.65231
34	116	2.95942
34	133	0.93224
34	143	0.880804
34	148	0.831849
34	165	0.823437
35	9	1.04551
35	25	1.01791
35	26	1.01719
35	27	1.0197
35	30	1.0188
35	33	0.917906
35	40	0.992497
35	41	0.992538
35	42	1.01015
35	46	0.984216
35	92	2.3391
35	93	1.01943
35	132	0.970561
35	163	1.52878
35	167	1.68042
36	5	1.01883
36	18	0.992055
36	38	1.0478
36	53	1.02295
36	55	1.00281
36	62	1.06267
36	64	0.994102
36	75	1.02937
36	97	1.0529
36	143	0.969691
36	144	2.25268
36	148	0.920736
36	159	1.08429
36	165	0.912324
36	175	2.17578
37	13	1.07376
37	21	1.07041
37	22	1.06075
37	23	0.969004
37	24	1.03987
37	43	1.02054
37	57	0.980437
37	96	1.15095
37	97	1.03542
37	136	0.992678
37	140	3.03062
37	143	1.8966
37	153	0.901296
37	167	0.954042
37	172	0.910982
38	3	1.12541
38	18	0.993268
38	34	0.95891
38	36	1.0478
38	53	1.02417
38	55	1.00402
38	64	0.995315
38	75	1.03058
38	118	1.39898
38	133	1.02234
38	143	0.970904
38	148	0.921948
38	150	1.20335
38	165	0.913537
38	180	3.73937
39	11	1.10932
39	20	1.09302
39	32	1.10897
39	47	1.03964
39	48	1.03938
39	54	1.13022
39	56	1.10629
39	99	1.07137
39	108	1.3741
39	112	1.08903
39	118	1.57231
39	124	1.1144
39	127	1.08668
39	141	1.19122
39	161	1.97324
40	9	1.04667
40	25	1.01906
40	26	1.01835
40	27	1.02086
40	30	1.01995
40	33	0.919064
40	35	0.992497
40	41	0.993695
40	46	0.985374
40	93	1.02059
40	113	1.29139
40	120	0.995499
40	126	3.8854
40	132	0.971718
40	141	1.39091
41	9	1.04671
41	25	1.0191
41	26	1.01839
41	27	1.0209
41	30	1.02
41	33	0.919105
41	35	0.992538
41	40	0.993695
41	46	0.985415
41	93	1.02063
41	120	0.995539
41	132	0.971759
41	143	1.29635
41	149	3.21539
41	171	1.73479
42	9	1.06432
42	25	1.03671
42	26	1.036
42	27	1.03851
42	30	1.0376
42	33	0.936713
42	35	1.01015
42	46	1.00302
42	93	1.03823
42	120	1.01315
42	132	0.989367
42	144	2.43306
42	151	1.16291
42	157	1.89631
43	13	1.08267
43	14	0.978344
43	21	1.07931
43	23	0.97791
43	37	1.02054
43	57	0.989342
43	93	1.03848
43	97	1.04432
43	136	1.00158
43	147	1.2013
43	153	0.910202
43	167	0.962948
43	172	0.919888
43	176	2.56442
43	178	2.04701
44	50	0.996052
44	63	1.05051
44	66	0.971549
44	67	0.961818
44	68	1.02762
44	69	1.01515
44	70	1.01533
44	71	1.01558
44	72	1.01587
44	74	1.01616
44	100	0.889989
44	105	0.994765
44	164	2.85486
44	168	1.91137
44	179	0.925591
45	10	1.08089
45	28	1.04077
45	49	1.00071
45	51	1.00223
45	52	1.09709
45	58	0.90408
45	65	1.04252
45	73	1.01023
45	100	1.05062
45	106	0.950787
45	121	1.41838
45	129	2.27181
45	143	2.01537
45	170	0.9327
45	175	0.922661
46	9	1.03839
46	25	1.01078
46	26	1.01007
46	27	1.01258
46	30	1.01167
46	35	0.984216
46	40	0.985374
46	41	0.985415
46	42	1.00302
46	93	1.0123
46	120	0.987218
46	132	0.963438
46	151	0.953918
46	171	2.77407
46	179	2.04441
47	11	1.00046
47	12	0.895524
47	20	0.984165
47	32	1.00011
47	39	1.03964
47	48	0.930525
47	54	1.02136
47	56	0.997427
47	99	0.962513
47	104	2.50931
47	110	0.982877
47	112	0.980167
47	124	1.00554
47	127	0.977817
47	136	1.06464
47	145	2.31788
48	11	1.00021
48	12	0.895271
48	20	0.983913
48	32	0.999861
48	39	1.03938
48	47	0.930525
48	54	1.02111
48	56	0.997175
48	99	0.96226
48	110	0.982625
48	112	0.979915
48	124	1.00528
48	127	0.977565
48	154	2.56963
48	159	1.43974
48	160	3.11372
49	10	1.05844
49	45	1.00071
49	52	1.07464
49	58	0.881637
49	60	1.01453
49	65	1.02007
49	73	0.987785
49	100	1.02818
49	106	0.928344
49	110	1.00662
49	127	1.00156
49	141	1.12349
49	157	2.27827
49	170	0.910257
49	175	0.900218
49	177	2.30257
50	8	1.04001
50	44	0.996052
50	63	1.02733
50	66	0.948368
50	67	0.938637
50	68	1.00444
50	69	0.991971
50	70	0.992154
50	71	0.992403
50	72	0.992689
50	74	0.992978
50	115	2.69282
50	125	0.975482
50	146	1.09619
50	175	1.99444
50	179	0.90241
51	16	1.04309
51	28	1.01985
51	45	1.00223
51	52	1.07616
51	58	0.883156
51	60	1.01605
51	65	1.02159
51	73	0.989304
51	101	1.23517
51	106	0.929863
51	110	1.00814
51	127	1.00308
51	151	1.59792
51	158	2.88323
51	170	0.911776
51	175	0.901737
52	16	1.13794
52	28	1.1147
52	45	1.09709
52	49	1.07464
52	51	1.07616
52	58	0.978009
52	60	1.11091
52	73	1.08416
52	96	1.06345
52	106	1.02472
52	110	1.103
52	131	2.24907
52	140	2.16335
52	144	1.86309
52	170	1.00663
52	175	0.99659
53	2	1.10371
53	5	0.995198
53	34	0.934067
53	36	1.02295
53	38	1.02417
53	55	0.979176
53	62	1.03904
53	64	0.970471
53	75	1.00574
53	133	0.997496
53	135	1.34585
53	143	0.946061
53	148	0.897105
53	159	1.91636
53	163	2.1724
53	165	0.888693
54	11	1.09104
54	12	0.986107
54	20	1.07475
54	39	1.13022
54	47	1.02136
54	48	1.02111
54	56	1.08801
54	99	1.0531
54	110	1.07346
54	112	1.07075
54	123	1.35754
54	124	1.09612
54	127	1.0684
54	137	1.68392
54	167	1.77828
54	177	2.02653
55	3	1.08042
55	5	0.975051
55	18	0.948277
55	36	1.00281
55	38	1.00402
55	53	0.979176
55	62	1.01889
55	64	0.950325
55	75	0.985593
55	97	1.00912
55	100	1.01669
55	118	1.71402
55	133	0.977349
55	143	0.925914
55	148	0.876958
55	158	3.03962
55	165	0.868546
56	11	1.06711
56	12	0.962174
56	20	1.05082
56	32	1.06676
56	39	1.10629
56	47	0.997427
56	48	0.997175
56	54	1.08801
56	99	1.02916
56	110	1.04953
56	112	1.04682
56	113	1.04664
56	124	1.07219
56	127	1.04447
56	144	2.05117
56	170	1.89576
56	174	2.06749
57	13	1.04257
57	14	0.938245
57	21	1.03921
57	22	1.02956
57	23	0.937811
57	24	1.00868
57	37	0.980437
57	43	0.989342
57	93	0.998379
57	97	1.00423
57	107	2.59265
57	136	0.961485
57	139	1.29791
57	153	0.870103
57	164	2.22647
57	167	0.922849
57	172	0.879789
58	10	0.961808
58	16	0.944933
58	28	0.921697
58	45	0.90408
58	49	0.881637
58	51	0.883156
58	52	0.978009
58	60	0.9179
58	65	0.92344
58	73	0.891151
58	100	0.931546
58	106	0.83171
58	110	0.909989
58	127	0.90493
58	141	2.26825
58	168	2.9734
58	170	0.813622
58	175	0.803583
59	61	1.00059
59	77	1.02704
59	78	1.03142
59	80	1.03016
59	81	1.03001
59	82	1.02442
59	83	1.02855
59	84	1.01741
59	85	1.0763
59	86	1.01703
59	87	1.06404
59	88	1.06406
59	90	1.06412
59	109	1.37735
59	128	1.91692
59	134	2.99906
59	156	1.81232
59	159	0.997759
60	10	1.09471
60	16	1.07783
60	28	1.0546
60	49	1.01453
60	51	1.01605
60	52	1.11091
60	58	0.9179
60	65	1.05634
60	73	1.02405
60	98	1.12327
60	100	1.06444
60	110	1.04289
60	127	1.03783
60	139	1.61196
60	170	0.94652
60	173	1.92234
60	175	0.936482
60	180	3.57414
61	59	1.00059
61	76	0.964215
61	77	0.956221
61	78	0.960606
61	80	0.959341
61	81	0.959199
61	82	0.953607
61	83	0.957734
61	84	0.946597
61	86	0.946212
61	87	0.993224
61	88	0.993243
61	90	0.993309
61	94	1.77814
61	111	1.2643
61	133	0.962721
61	159	0.926945
61	178	3.04994
62	2	1.14342
62	3	1.14029
62	18	1.00814
62	34	0.973783
62	36	1.06267
62	53	1.03904
62	55	1.01889
62	64	1.01019
62	75	1.04546
62	96	0.805597
62	97	1.06898
62	133	1.03721
62	143	0.985777
62	148	0.936821
62	152	1.78786
62	160	3.42362
62	165	0.928409
62	168	1.09094
63	1	1.01124
63	7	1.02246
63	44	1.05051
63	50	1.02733
63	66	1.00283
63	67	0.993096
63	68	1.05889
63	69	1.04643
63	70	1.04661
63	71	1.04686
63	72	1.04715
63	74	1.04744
63	108	1.06419
63	125	1.02994
63	142	1.50332
63	160	2.70522
63	179	0.956868
63	180	3.14993
64	2	1.07486
64	5	0.966346
64	18	0.939573
64	34	0.905215
64	36	0.994102
64	38	0.995315
64	53	0.970471
64	55	0.950325
64	62	1.01019
64	75	0.976888
64	97	1.00041
64	133	0.968644
64	137	1.62613
64	143	0.917209
64	148	0.868253
64	164	2.43829
64	165	0.859841
64	179	2.30153
65	10	1.10025
65	16	1.08337
65	28	1.06013
65	45	1.04252
65	49	1.02007
65	51	1.02159
65	58	0.92344
65	60	1.05634
65	73	1.02959
65	100	1.06998
65	102	1.22888
65	109	2.06204
65	110	1.04843
65	119	1.44894
65	127	1.04337
65	150	2.16758
65	170	0.95206
65	175	0.942021
66	1	0.932282
66	8	1.01551
66	44	0.971549
66	50	0.948368
66	63	1.00283
66	67	0.914135
66	68	0.979934
66	69	0.967468
66	70	0.967651
66	71	0.967901
66	72	0.968186
66	74	0.968475
66	105	0.947082
66	121	1.33199
66	125	0.95098
66	157	2.22598
66	178	2.80326
66	179	0.877907
67	1	0.922551
67	7	0.933765
67	8	1.00578
67	44	0.961818
67	50	0.938637
67	63	0.993096
67	66	0.914135
67	68	0.970203
67	69	0.957737
67	70	0.95792
67	71	0.95817
67	72	0.958455
67	74	0.958744
67	105	0.937351
67	125	0.941249
67	139	1.64295
67	168	1.62802
67	176	3.17234
67	179	0.868176
68	7	0.999564
68	8	1.07158
68	44	1.02762
68	50	1.00444
68	63	1.05889
68	66	0.979934
68	67	0.970203
68	69	1.02354
68	70	1.02372
68	71	1.02397
68	72	1.02425
68	74	1.02454
68	105	1.00315
68	122	2.00825
68	125	1.00705
68	138	2.03221
68	178	1.16482
68	179	0.933976
68	180	2.91531
69	1	0.975885
69	7	0.987098
69	8	1.05911
69	44	1.01515
69	50	0.991971
69	63	1.04643
69	66	0.967468
69	67	0.957737
69	68	1.02354
69	70	1.01125
69	71	1.0115
69	72	1.01179
69	74	1.01208
69	95	1.1783
69	105	0.990684
69	125	0.994582
69	130	1.89716
69	136	1.59434
69	150	2.51862
69	179	0.92151
70	1	0.976068
70	7	0.987282
70	8	1.0593
70	44	1.01533
70	50	0.992154
70	63	1.04661
70	66	0.967651
70	67	0.95792
70	68	1.02372
70	69	1.01125
70	71	1.01169
70	72	1.01197
70	74	1.01226
70	105	0.990867
70	109	2.16061
70	125	0.994765
70	135	1.27225
70	151	1.74101
70	159	1.84277
70	179	0.921693
71	1	0.976318
71	7	0.987531
71	8	1.05954
71	44	1.01558
71	50	0.992403
71	63	1.04686
71	66	0.967901
71	67	0.95817
71	68	1.02397
71	69	1.0115
71	70	1.01169
71	72	1.01222
71	74	1.01251
71	105	0.991117
71	106	1.36702
71	122	2.38267
71	125	0.995015
71	163	1.47178
71	166	4.25299
71	179	0.921942
72	1	0.976603
72	7	0.987816
72	8	1.05983
72	44	1.01587
72	50	0.992689
72	63	1.04715
72	66	0.968186
72	67	0.958455
72	68	1.02425
72	69	1.01179
72	70	1.01197
72	71	1.01222
72	74	1.0128
72	102	1.2519
72	105	0.991402
72	108	1.42696
72	125	0.9953
72	158	2.95077
72	159	1.76722
72	179	0.922228
73	10	1.06796
73	16	1.05108
73	28	1.02785
73	45	1.01023
73	49	0.987785
73	51	0.989304
73	52	1.08416
73	58	0.891151
73	60	1.02405
73	65	1.02959
73	100	1.03769
73	102	1.33134
73	106	0.937858
73	110	1.01614
73	127	1.01108
73	132	0.909921
73	136	1.30685
73	162	6.15917
73	170	0.919771
73	175	0.909732
74	1	0.976892
74	7	0.988106
74	8	1.06012
74	44	1.01616
74	50	0.992978
74	63	1.04744
74	66	0.968475
74	67	0.958744
74	68	1.02454
74	69	1.01208
74	70	1.01226
74	71	1.01251
74	72	1.0128
74	91	2.43315
74	105	0.991691
74	125	0.995589
74	143	1.09297
74	170	1.77131
74	176	2.48466
74	179	0.922517
75	2	1.11012
75	3	1.10699
75	5	1.00161
75	18	0.974841
75	34	0.940483
75	36	1.02937
75	38	1.03058
75	53	1.00574
75	55	0.985593
75	62	1.04546
75	64	0.976888
75	95	1.04157
75	97	1.03568
75	98	2.46704
75	132	1.02177
75	133	1.00391
75	143	0.952477
75	148	0.903521
75	152	2.83744
75	165	0.895109
76	61	0.964215
76	77	0.990662
76	78	0.995047
76	80	0.993782
76	81	0.99364
76	82	0.988048
76	83	0.992175
76	84	0.981038
76	85	1.03993
76	86	0.980653
76	87	1.02766
76	88	1.02768
76	90	1.02775
76	119	1.65281
76	122	0.920538
76	125	0.988375
76	129	2.53915
76	133	0.997162
76	142	1.50915
76	151	1.84631
76	159	0.961386
77	59	1.02704
77	61	0.956221
77	76	0.990662
77	78	0.987054
77	80	0.985788
77	81	0.985646
77	82	0.980054
77	83	0.984181
77	84	0.973044
77	85	1.03194
77	86	0.972659
77	87	1.01967
77	88	1.01969
77	90	1.01976
77	118	1.31468
77	125	0.980381
77	133	0.989168
77	155	2.19933
77	159	0.953392
77	168	1.63874
77	179	2.44546
78	59	1.03142
78	61	0.960606
78	76	0.995047
78	77	0.987054
78	80	0.990174
78	81	0.990032
78	82	0.98444
78	83	0.988567
78	84	0.97743
78	85	1.03632
78	86	0.977045
78	87	1.02406
78	88	1.02408
78	90	1.02414
78	103	1.00265
78	122	0.91693
78	125	0.984766
78	159	0.957778
78	161	2.03099
78	168	1.95412
78	170	2.78509
79	24	1.31483
79	32	1.16934
79	105	0.50899
79	135	1.01245
79	144	0.943509
79	149	0.909205
79	150	0.946458
79	151	1.00015
79	152	0.93286
79	155	0.947938
79	158	0.920468
79	162	0.885725
79	169	0.980007
79	171	0.923734
79	173	0.943417
79	174	0.93242
79	176	0.915761
79	177	0.943358
79	178	0.935842
79	180	0.902855
80	59	1.03016
80	61	0.959341
80	76	0.993782
80	77	0.985788
80	78	0.990174
80	81	0.988766
80	82	0.983174
80	83	0.987301
80	84	0.976164
80	85	1.03506
80	86	0.975779
80	87	1.02279
80	88	1.02281
80	90	1.02288
80	122	0.915664
80	133	0.992288
80	138	1.76929
80	139	1.06144
80	153	1.87871
80	159	0.956512
80	166	3.61566
81	59	1.03001
81	61	0.959199
81	76	0.99364
81	77	0.985646
81	78	0.990032
81	80	0.988766
81	82	0.983032
81	83	0.987159
81	84	0.976022
81	85	1.03491
81	86	0.975637
81	87	1.02265
81	88	1.02267
81	90	1.02273
81	103	1.18407
81	122	0.915522
81	125	0.983359
81	149	2.84174
81	159	0.95637
81	160	2.15744
81	165	2.50092
82	59	1.02442
82	61	0.953607
82	76	0.988048
82	77	0.980054
82	78	0.98444
82	80	0.983174
82	81	0.983032
82	83	0.981567
82	84	0.97043
82	85	1.02932
82	86	0.970045
82	87	1.01706
82	88	1.01708
82	90	1.01714
82	123	1.66138
82	125	0.977767
82	133	0.986554
82	141	1.1513
82	159	0.950778
82	161	1.93331
82	173	2.98205
83	59	1.02855
83	61	0.957734
83	76	0.992175
83	77	0.984181
83	78	0.988567
83	80	0.987301
83	81	0.987159
83	82	0.981567
83	84	0.974557
83	85	1.03345
83	86	0.974172
83	87	1.02118
83	88	1.0212
83	90	1.02127
83	102	1.18789
83	106	1.8545
83	122	0.914057
83	133	0.990681
83	150	2.1266
83	159	0.954905
83	177	2.35915
84	59	1.01741
84	61	0.946597
84	76	0.981038
84	77	0.973044
84	78	0.97743
84	80	0.976164
84	81	0.976022
84	82	0.97043
84	83	0.974557
84	85	1.02231
84	86	0.963035
84	87	1.01005
84	88	1.01007
84	90	1.01013
84	100	1.09105
84	103	1.16097
84	122	0.90292
84	125	0.970757
84	133	0.979544
84	145	3.37333
84	159	0.943768
84	167	2.33811
85	59	1.0763
85	76	1.03993
85	77	1.03194
85	78	1.03632
85	80	1.03506
85	81	1.03491
85	82	1.02932
85	83	1.03345
85	84	1.02231
85	86	1.02193
85	87	1.06894
85	88	1.06896
85	90	1.06902
85	116	1.68425
85	122	0.961812
85	125	1.02965
85	133	1.03844
85	137	1.45993
85	159	1.00266
85	169	1.26085
85	170	2.15958
85	174	2.33131
86	59	1.01703
86	61	0.946212
86	76	0.980653
86	77	0.972659
86	78	0.977045
86	80	0.975779
86	81	0.975637
86	82	0.970045
86	83	0.974172
86	84	0.963035
86	85	1.02193
86	87	1.00966
86	88	1.00968
86	90	1.00975
86	122	0.902535
86	125	0.970372
86	129	1.98904
86	133	0.979159
86	141	0.874822
86	152	2.2769
86	159	0.943383
86	174	2.58267
87	59	1.06404
87	61	0.993224
87	76	1.02766
87	77	1.01967
87	78	1.02406
87	80	1.02279
87	81	1.02265
87	82	1.01706
87	83	1.02118
87	84	1.01005
87	85	1.06894
87	86	1.00966
87	88	1.05669
87	90	1.05676
87	119	1.12132
87	122	0.949547
87	125	1.01738
87	133	1.02617
87	146	1.60982
87	155	2.15918
87	159	0.990395
87	169	1.53083
87	175	2.50807
88	59	1.06406
88	61	0.993243
88	76	1.02768
88	77	1.01969
88	78	1.02408
88	80	1.02281
88	81	1.02267
88	82	1.01708
88	83	1.0212
88	84	1.01007
88	85	1.06896
88	86	1.00968
88	87	1.05669
88	89	1.7377
88	90	1.05678
88	94	1.8902
88	100	1.11371
88	117	1.65315
88	122	0.949566
88	125	1.0174
88	133	1.02619
88	159	0.990414
88	163	2.20913
89	11	1.05051
89	21	1.61179
89	88	1.7377
89	115	0.905261
89	118	0.970793
89	121	1.01069
89	137	0.968241
89	138	0.891975
89	141	0.985016
89	142	0.99783
89	144	0.921182
89	146	0.95884
89	149	0.886878
89	160	0.900037
89	161	0.930547
89	166	0.8747
89	171	0.901407
89	174	0.910093
89	177	0.921031
89	178	0.913515
89	179	0.899268
89	180	0.880528
90	59	1.06412
90	61	0.993309
90	76	1.02775
90	77	1.01976
90	78	1.02414
90	80	1.02288
90	81	1.02273
90	82	1.01714
90	83	1.02127
90	84	1.01013
90	85	1.06902
90	86	1.00975
90	87	1.05676
90	88	1.05678
90	92	2.2609
90	94	1.13166
90	95	0.904241
90	122	0.949632
90	125	1.01747
90	133	1.02626
90	153	3.38027
90	159	0.99048
90	169	1.30879
91	3	2.16685
91	74	2.43315
91	98	0.906112
91	102	0.947891
91	107	0.863843
91	115	0.858744
91	129	0.877444
91	130	0.918483
91	137	0.921723
91	151	0.931306
91	154	0.864188
91	157	0.870954
91	161	0.884029
91	162	0.81688
91	169	0.911162
91	170	0.857897
91	171	0.85489
91	174	0.863576
91	175	0.847858
91	176	0.846916
91	177	0.874514
91	178	0.866998
91	180	0.834011
92	35	2.3391
92	90	2.2609
92	107	0.869917
92	114	0.909039
92	131	0.87238
92	139	0.923089
92	140	0.865333
92	144	0.880739
92	146	0.918396
92	155	0.885167
92	157	0.877028
92	160	0.859594
92	161	0.890104
92	166	0.834257
92	169	0.917236
92	171	0.860964
92	172	0.848018
92	173	0.880647
92	176	0.852991
92	177	0.880588
92	178	0.873072
92	179	0.858825
92	180	0.840085
93	13	1.0917
93	14	0.987381
93	22	1.07869
93	26	1.04528
93	27	1.04779
93	33	0.945994
93	35	1.01943
93	40	1.02059
93	41	1.02063
93	42	1.03823
93	43	1.03848
93	46	1.0123
93	57	0.998379
93	113	1.50538
93	120	1.02243
93	130	1.14345
93	132	0.998649
93	136	1.01062
93	137	1.65485
93	153	0.919239
93	167	0.971985
93	172	0.928925
93	173	2.64913
93	178	2.55044
94	61	1.77814
94	88	1.8902
94	90	1.13166
94	98	0.944594
94	109	0.928707
94	114	0.941447
94	116	0.926757
94	128	0.910585
94	135	0.982083
94	144	0.913147
94	146	0.950804
94	147	0.929556
94	154	0.90267
94	156	0.89625
94	160	0.892002
94	164	0.89854
94	168	0.932014
94	173	0.913054
94	174	0.902058
94	176	0.885398
94	177	0.912996
94	178	0.90548
94	179	0.891233
94	180	0.872493
95	69	1.1783
95	75	1.04157
95	90	0.904241
95	99	1.07187
95	123	1.00206
95	138	0.925947
95	146	0.992812
95	150	0.958103
95	151	1.0118
95	154	0.944678
95	155	0.959583
95	156	0.938258
95	157	0.951444
95	158	0.932113
95	161	0.964519
95	162	0.89737
95	164	0.940548
95	168	0.974021
95	170	0.938387
95	173	0.955062
95	174	0.944066
95	176	0.927406
95	177	0.955004
95	178	0.947488
95	180	0.914501
96	19	0.83339
96	20	1.14661
96	37	1.15095
96	52	1.06345
96	62	0.805597
96	98	1.03483
96	107	0.992557
96	117	1.0454
96	138	0.974172
96	140	0.987973
96	143	1.01189
96	150	1.00633
96	155	1.00781
96	164	0.988773
96	166	0.956897
96	167	1.01372
96	168	1.02225
96	169	1.03988
96	171	0.983604
96	173	1.00329
96	176	0.97563
96	177	1.00323
96	178	0.995712
96	179	0.981465
96	180	0.962725
97	14	0.993227
97	22	1.08454
97	23	0.992793
97	34	0.964009
97	36	1.0529
97	37	1.03542
97	43	1.04432
97	55	1.00912
97	57	1.00423
97	62	1.06898
97	64	1.00041
97	75	1.03568
97	111	0.740586
97	115	3.10718
97	121	1.05496
97	133	1.02744
97	136	1.01647
97	143	0.976003
97	148	0.927047
97	153	0.925085
97	157	1.94895
97	165	0.918635
97	167	0.977831
97	172	0.934771
97	175	2.40881
98	2	1.40969
98	60	1.12327
98	75	2.46704
98	91	0.906112
98	94	0.944594
98	96	1.03483
98	103	0.981895
98	104	0.892856
98	126	0.887456
98	131	0.898865
98	143	0.915735
98	144	0.907224
98	145	0.886933
98	149	0.87292
98	154	0.896748
98	157	0.903513
98	164	0.892618
98	169	0.943722
98	171	0.887449
98	173	0.907132
98	174	0.896135
98	176	0.879476
98	177	0.907073
98	178	0.899557
98	180	0.866571
99	4	0.951421
99	6	0.95658
99	11	1.03219
99	12	0.927259
99	15	0.942824
99	19	1.04076
99	29	1.0223
99	32	1.03185
99	39	1.07137
99	47	0.962513
99	48	0.96226
99	54	1.0531
99	56	1.02916
99	95	1.07187
99	105	0.982273
99	110	1.01461
99	112	1.0119
99	117	1.68887
99	120	0.995795
99	124	1.03727
99	127	1.00955
99	130	1.79074
99	136	1.48791
99	139	2.18574
99	163	0.939728
100	8	1.08855
100	44	0.889989
100	45	1.05062
100	49	1.02818
100	55	1.01669
100	58	0.931546
100	60	1.06444
100	65	1.06998
100	73	1.03769
100	84	1.09105
100	88	1.11371
100	106	0.978254
100	127	1.05147
100	147	0.993343
100	152	0.966284
100	156	0.960037
100	157	0.973223
100	158	0.953892
100	163	0.981648
100	164	0.962327
100	168	0.9958
100	170	0.960166
100	171	0.957159
100	175	0.950128
100	178	0.969267
100	180	0.93628
101	7	0.94399
101	27	0.954349
101	28	1.86649
101	51	1.23517
101	117	1.00303
101	134	0.931659
101	135	1.02994
101	138	0.931796
101	143	0.969515
101	146	0.998661
101	149	0.926699
101	151	1.01764
101	153	0.918597
101	155	0.965432
101	158	0.937962
101	160	0.939859
101	161	0.970369
101	162	0.903219
101	164	0.946398
101	165	0.912147
101	166	0.914522
101	174	0.949915
101	177	0.960853
101	178	0.953337
101	180	0.92035
102	65	1.22888
102	72	1.2519
102	73	1.33134
102	83	1.18789
102	91	0.947891
102	111	1.00963
102	116	0.962613
102	121	1.03851
102	122	0.932325
102	134	0.919658
102	137	0.996062
102	140	0.933598
102	150	0.951952
102	159	0.973173
102	161	0.958368
102	163	0.953718
102	164	0.934397
102	166	0.902522
102	167	0.959342
102	169	0.9855
102	173	0.948911
102	174	0.937914
102	176	0.921255
102	178	0.941336
102	180	0.908349
103	34	1.65231
103	78	1.00265
103	81	1.18407
103	84	1.16097
103	98	0.981895
103	113	1.00825
103	115	0.934527
103	141	1.01428
103	142	1.0271
103	152	0.939798
103	154	0.939971
103	156	0.933551
103	158	0.927406
103	160	0.929303
103	161	0.959812
103	164	0.935841
103	169	0.986945
103	173	0.950355
103	174	0.939359
103	175	0.923642
103	176	0.922699
103	177	0.950297
103	178	0.942781
103	179	0.928534
103	180	0.909794
104	8	2.89069
104	47	2.50931
104	98	0.892856
104	107	0.850586
104	109	0.876968
104	121	0.950916
104	128	0.858847
104	137	0.908467
104	139	0.903758
104	140	0.846002
104	144	0.861408
104	146	0.899065
104	151	0.918049
104	153	0.819001
104	154	0.850931
104	157	0.857697
104	162	0.803624
104	166	0.814926
104	168	0.880275
104	169	0.897905
104	171	0.841633
104	173	0.861316
104	174	0.850319
104	177	0.861257
104	178	0.853741
104	179	0.839494
104	180	0.820754
105	6	0.944604
105	15	0.930849
105	17	1.02549
105	19	1.02878
105	29	1.01032
105	31	1.00631
105	44	0.994765
105	66	0.947082
105	67	0.937351
105	68	1.00315
105	69	0.990684
105	70	0.990867
105	71	0.991117
105	72	0.991402
105	74	0.991691
105	79	0.50899
105	99	0.982273
105	112	0.999927
105	120	0.98382
105	124	1.0253
105	125	0.974196
105	137	0.975169
105	163	0.927752
105	171	2.38023
105	178	1.87076
105	179	0.901123
105	180	3.62125
106	10	1.00852
106	21	1.97847
106	45	0.950787
106	49	0.928344
106	51	0.929863
106	52	1.02472
106	58	0.83171
106	71	1.36702
106	73	0.937858
106	83	1.8545
106	100	0.978254
106	108	0.942531
106	127	0.951637
106	135	0.946033
106	138	0.84789
106	139	0.919447
106	152	0.866448
106	158	0.854056
106	161	0.886462
106	166	0.830615
106	170	0.86033
106	174	0.866008
106	175	0.850291
106	177	0.876946
106	178	0.86943
106	180	0.836443
107	57	2.59265
107	91	0.863843
107	92	0.869917
107	96	0.992557
107	104	0.850586
107	112	2.02529
107	142	0.941603
107	144	0.864955
107	145	0.844663
107	148	0.82451
107	152	0.854306
107	157	0.861244
107	158	0.841914
107	160	0.84381
107	161	0.87432
107	162	0.807171
107	163	0.86967
107	166	0.818473
107	169	0.901452
107	171	0.84518
107	173	0.864863
107	174	0.853866
107	175	0.838149
107	176	0.837207
107	177	0.864804
107	178	0.857288
107	179	0.843041
107	180	0.824301
108	4	1.73474
108	39	1.3741
108	63	1.06419
108	72	1.42696
108	106	0.942531
108	119	0.989916
108	131	0.932851
108	136	0.990185
108	139	0.983561
108	147	0.95762
108	149	0.906906
108	152	0.930561
108	157	0.937499
108	160	0.920066
108	161	0.950575
108	162	0.883426
108	165	0.892353
108	166	0.894729
108	168	0.960077
108	171	0.921435
108	172	0.908489
108	173	0.941118
108	174	0.930121
108	176	0.913462
108	177	0.941059
108	178	0.933543
108	179	0.919296
108	180	0.900557
109	59	1.37735
109	65	2.06204
109	70	2.16061
109	94	0.928707
109	104	0.876968
109	113	0.949141
109	137	0.938395
109	141	0.955171
109	142	0.967985
109	145	0.871045
109	149	0.857032
109	150	0.894286
109	151	0.947978
109	154	0.88086
109	155	0.895765
109	157	0.887626
109	158	0.868295
109	162	0.833552
109	163	0.896052
109	164	0.876731
109	169	0.927834
109	171	0.871562
109	173	0.891244
109	174	0.880248
109	176	0.863588
109	177	0.891186
109	178	0.88367
109	180	0.850683
110	12	0.947624
110	16	1.06992
110	20	1.03627
110	28	1.04668
110	32	1.05221
110	47	0.982877
110	48	0.982625
110	49	1.00662
110	51	1.00814
110	52	1.103
110	54	1.07346
110	56	1.04953
110	58	0.909989
110	60	1.04289
110	65	1.04843
110	73	1.01614
110	99	1.01461
110	112	1.03227
110	114	2.3093
110	117	0.991203
110	123	1.27808
110	124	1.05764
110	127	1.02992
110	146	1.48438
110	155	2.03374
110	156	2.85189
110	170	0.93861
110	175	0.928571
111	12	2.24328
111	13	1.35183
111	61	1.2643
111	97	0.740586
111	102	1.00963
111	131	0.928043
111	139	0.978752
111	145	0.91611
111	146	0.97406
111	147	0.952812
111	150	0.939351
111	152	0.925753
111	155	0.94083
111	156	0.919506
111	158	0.913361
111	161	0.945767
111	162	0.878618
111	163	0.941117
111	165	0.887545
111	166	0.88992
111	167	0.946741
111	169	0.972899
111	170	0.919635
111	174	0.925313
111	176	0.908654
111	177	0.936251
111	178	0.928735
111	180	0.895748
112	4	0.969075
112	6	0.974234
112	12	0.944914
112	15	0.960479
112	17	1.05512
112	19	1.05841
112	20	1.03356
112	29	1.03995
112	31	1.03594
112	32	1.0495
112	39	1.08903
112	47	0.980167
112	48	0.979915
112	54	1.07075
112	56	1.04682
112	99	1.0119
112	105	0.999927
112	107	2.02529
112	110	1.03227
112	120	1.01345
112	124	1.05493
112	127	1.02721
112	146	1.49456
112	163	0.957382
112	172	3.10302
112	177	1.18955
112	178	1.74253
112	179	1.52235
113	25	1.75659
113	40	1.29139
113	56	1.04664
113	93	1.50538
113	103	1.00825
113	109	0.949141
113	117	0.975606
113	135	1.00252
113	138	0.904374
113	145	0.91329
113	146	0.971239
113	148	0.893136
113	149	0.899277
113	151	0.990222
113	152	0.922932
113	156	0.916685
113	158	0.91054
113	160	0.912436
113	162	0.875797
113	168	0.952448
113	169	0.970079
113	172	0.90086
113	173	0.933489
113	174	0.922492
113	177	0.93343
113	178	0.925914
113	179	0.911667
113	180	0.892927
114	3	1.5102
114	31	1.7805
114	92	0.909039
114	94	0.941447
114	110	2.3093
114	131	0.895717
114	137	0.951135
114	138	0.874869
114	139	0.946427
114	140	0.888671
114	145	0.883785
114	149	0.869772
114	150	0.907026
114	152	0.893427
114	154	0.8936
114	155	0.908505
114	156	0.88718
114	157	0.900366
114	162	0.846292
114	166	0.857595
114	169	0.940574
114	171	0.884302
114	172	0.871356
114	173	0.903984
114	176	0.876328
114	177	0.903926
114	178	0.89641
114	180	0.863423
115	50	2.69282
115	89	0.905261
115	91	0.858744
115	97	3.10718
115	103	0.934527
115	118	0.909467
115	126	0.840087
115	129	0.862635
115	141	0.92369
115	147	0.876266
115	148	0.819411
115	149	0.825551
115	150	0.862805
115	154	0.849379
115	155	0.864284
115	158	0.836814
115	159	0.884025
115	160	0.838711
115	162	0.802071
115	165	0.810999
115	168	0.878723
115	169	0.896353
115	171	0.840081
115	173	0.859763
115	174	0.848767
115	176	0.832107
115	177	0.859705
115	178	0.852189
115	180	0.819202
116	17	1.15633
116	34	2.95942
116	85	1.68425
116	94	0.926757
116	102	0.962613
116	118	0.938998
116	121	0.978895
116	122	0.872709
116	128	0.886826
116	140	0.873981
116	142	0.966035
116	144	0.889387
116	152	0.878738
116	153	0.84698
116	157	0.885676
116	158	0.866346
116	159	0.913557
116	161	0.898752
116	164	0.874781
116	166	0.842905
116	168	0.908254
116	171	0.869612
116	173	0.889295
116	174	0.878298
116	176	0.861639
116	177	0.889236
116	178	0.88172
116	179	0.867473
116	180	0.848733
117	22	1.46678
117	88	1.65315
117	96	1.0454
117	99	1.68887
117	101	1.00303
117	110	0.991203
117	113	0.975606
117	129	0.92058
117	135	0.986737
117	142	0.994449
117	144	0.917801
117	145	0.897509
117	149	0.883496
117	150	0.92075
117	156	0.900905
117	157	0.91409
117	158	0.89476
117	160	0.896656
117	163	0.922516
117	164	0.903195
117	168	0.936668
117	169	0.954298
117	173	0.917709
117	174	0.906712
117	175	0.890995
117	176	0.890053
117	177	0.91765
117	178	0.910134
117	180	0.877147
118	38	1.39898
118	39	1.57231
118	55	1.71402
118	77	1.31468
118	89	0.970793
118	115	0.909467
118	116	0.938998
118	119	0.974093
118	126	0.905619
118	129	0.928167
118	131	0.917028
118	137	0.972446
118	140	0.909982
118	141	0.989222
118	145	0.905096
118	148	0.884943
118	151	0.982029
118	158	0.902346
118	160	0.904243
118	166	0.878906
118	169	0.961885
118	171	0.905613
118	173	0.925295
118	174	0.914299
118	175	0.898582
118	176	0.897639
118	177	0.925237
118	178	0.917721
118	179	0.903474
118	180	0.884734
119	65	1.44894
119	76	1.65281
119	87	1.12132
119	108	0.989916
119	118	0.974093
119	123	0.971391
119	124	0.680034
119	126	0.904713
119	128	0.921921
119	129	0.927261
119	137	0.971541
119	138	0.895275
119	141	0.988316
119	142	1.00113
119	144	0.924482
119	145	0.90419
119	153	0.882075
119	157	0.920771
119	161	0.933847
119	162	0.866698
119	167	0.934821
119	169	0.960979
119	170	0.907715
119	173	0.92439
119	175	0.897676
119	176	0.896733
119	177	0.924331
119	178	0.916815
119	180	0.883828
120	4	0.952968
120	6	0.958127
120	9	1.04851
120	15	0.944371
120	17	1.03902
120	19	1.04231
120	25	1.02091
120	26	1.02019
120	27	1.0227
120	29	1.02384
120	30	1.0218
120	31	1.01983
120	33	0.920908
120	40	0.995499
120	41	0.995539
120	42	1.01315
120	46	0.987218
120	93	1.02243
120	99	0.995795
120	105	0.98382
120	112	1.01345
120	121	0.901726
120	124	1.03882
120	132	0.973562
120	143	1.49871
120	151	1.06232
120	163	0.941275
120	165	4.02224
120	169	1.27833
120	176	2.8904
121	29	1.09295
121	45	1.41838
121	66	1.33199
121	89	1.01069
121	97	1.05496
121	102	1.03851
121	104	0.950916
121	116	0.978895
121	120	0.901726
121	129	0.968064
121	136	1.01426
121	138	0.936077
121	142	1.04193
121	144	0.965285
121	145	0.944993
121	149	0.93098
121	150	0.968234
121	155	0.969713
121	157	0.961574
121	161	0.974649
121	162	0.9075
121	164	0.950678
121	168	0.984152
121	171	0.94551
121	173	0.965192
121	176	0.937536
121	177	0.965134
121	178	0.957618
121	180	0.924631
122	9	1.60908
122	68	2.00825
122	71	2.38267
122	76	0.920538
122	78	0.91693
122	80	0.915664
122	81	0.915522
122	83	0.914057
122	84	0.90292
122	85	0.961812
122	86	0.902535
122	87	0.949547
122	88	0.949566
122	90	0.949632
122	102	0.932325
122	116	0.872709
122	141	0.922933
122	145	0.838807
122	151	0.915739
122	159	0.883268
122	160	0.837954
122	163	0.863813
122	164	0.844492
122	165	0.810242
122	171	0.839324
122	174	0.848009
122	175	0.832292
122	177	0.858947
122	178	0.851432
122	180	0.818445
123	23	1.70299
123	54	1.35754
123	82	1.66138
123	95	1.00206
123	110	1.27808
123	119	0.971391
123	128	0.920124
123	134	0.89334
123	137	0.969744
123	139	0.965036
123	143	0.931196
123	144	0.922686
123	146	0.960343
123	150	0.925634
123	151	0.979326
123	153	0.880278
123	156	0.905789
123	161	0.93205
123	162	0.864901
123	164	0.908079
123	166	0.876204
123	168	0.941552
123	170	0.905918
123	173	0.922593
123	175	0.895879
123	176	0.894937
123	177	0.922535
123	178	0.915019
123	179	0.900772
123	180	0.882032
124	4	0.994446
124	6	0.999604
124	11	1.07522
124	12	0.970284
124	15	0.985849
124	17	1.08049
124	19	1.08378
124	20	1.05893
124	29	1.06532
124	31	1.06131
124	32	1.07487
124	39	1.1144
124	47	1.00554
124	48	1.00528
124	54	1.09612
124	56	1.07219
124	99	1.03727
124	105	1.0253
124	110	1.05764
124	112	1.05493
124	119	0.680034
124	120	1.03882
124	127	1.05258
124	156	2.53605
124	163	0.982752
124	167	1.38297
124	169	1.08954
124	170	1.98827
124	174	2.16001
124	177	1.63123
125	1	0.959396
125	50	0.975482
125	63	1.02994
125	66	0.95098
125	67	0.941249
125	68	1.00705
125	69	0.994582
125	70	0.994765
125	71	0.995015
125	72	0.9953
125	74	0.995589
125	76	0.988375
125	77	0.980381
125	78	0.984766
125	81	0.983359
125	82	0.977767
125	84	0.970757
125	85	1.02965
125	86	0.970372
125	87	1.01738
125	88	1.0174
125	90	1.01747
125	105	0.974196
125	133	0.986881
125	148	3.49063
125	155	1.764
125	159	0.951105
125	161	1.28028
125	168	1.20341
125	174	2.20612
125	175	2.1129
125	179	0.905021
126	9	2.3146
126	40	3.8854
126	98	0.887456
126	115	0.840087
126	118	0.905619
126	119	0.904713
126	129	0.858787
126	131	0.847648
126	139	0.898358
126	140	0.840602
126	144	0.856008
126	145	0.835716
126	146	0.893665
126	147	0.872418
126	151	0.912649
126	152	0.845358
126	153	0.813601
126	158	0.832966
126	160	0.834863
126	161	0.865373
126	162	0.798223
126	164	0.841402
126	165	0.807151
126	168	0.874875
126	169	0.892505
126	172	0.823287
126	173	0.855915
126	177	0.855857
126	178	0.848341
126	179	0.834094
126	180	0.815354
127	10	1.08174
127	11	1.0475
127	12	0.942564
127	16	1.06486
127	20	1.03121
127	28	1.04162
127	32	1.04715
127	39	1.08668
127	47	0.977817
127	48	0.977565
127	49	1.00156
127	51	1.00308
127	54	1.0684
127	56	1.04447
127	58	0.90493
127	60	1.03783
127	65	1.04337
127	73	1.01108
127	99	1.00955
127	100	1.05147
127	106	0.951637
127	110	1.02992
127	112	1.02721
127	124	1.05258
127	142	0.922941
127	146	1.5551
127	159	1.36186
127	161	1.62073
127	163	1.6179
127	170	0.93355
127	175	0.923511
127	176	3.08818
127	177	2.0178
128	7	3.07386
128	16	1.60922
128	59	1.91692
128	94	0.910585
128	104	0.858847
128	116	0.886826
128	119	0.921921
128	123	0.920124
128	129	0.875995
128	130	0.917034
128	135	0.942152
128	138	0.844008
128	141	0.93705
128	143	0.881726
128	144	0.873216
128	145	0.852924
128	146	0.910873
128	150	0.876164
128	151	0.929857
128	152	0.862566
128	154	0.862739
128	158	0.850174
128	160	0.852071
128	163	0.87793
128	168	0.892082
128	169	0.909713
128	171	0.853441
128	172	0.840495
128	173	0.873123
128	175	0.846409
128	176	0.845467
128	178	0.865549
128	180	0.832562
129	45	2.27181
129	76	2.53915
129	86	1.98904
129	91	0.877444
129	115	0.862635
129	117	0.92058
129	118	0.928167
129	119	0.927261
129	121	0.968064
129	126	0.858787
129	128	0.875995
129	134	0.84921
129	141	0.94239
129	151	0.935197
129	152	0.867906
129	154	0.868079
129	156	0.861659
129	157	0.874845
129	158	0.855514
129	160	0.857411
129	162	0.820771
129	165	0.829699
129	166	0.832074
129	168	0.897423
129	169	0.915053
129	170	0.861789
129	171	0.858781
129	172	0.845835
129	173	0.878463
129	174	0.867467
129	176	0.850807
129	178	0.870889
129	179	0.856642
129	180	0.837902
130	22	1.56865
130	69	1.89716
130	91	0.918483
130	93	1.14345
130	99	1.79074
130	128	0.917034
130	131	0.911236
130	135	0.988532
130	139	0.961946
130	140	0.90419
130	150	0.922544
130	152	0.908946
130	153	0.877188
130	154	0.909119
130	155	0.924024
130	156	0.902699
130	157	0.915885
130	159	0.943765
130	161	0.92896
130	162	0.861811
130	164	0.904989
130	165	0.870739
130	166	0.873114
130	168	0.938462
130	169	0.956093
130	171	0.899821
130	173	0.919503
130	174	0.908507
130	175	0.89279
130	177	0.919445
130	178	0.911929
130	180	0.878942
131	6	2.71483
131	19	1.8361
131	52	2.24907
131	92	0.87238
131	98	0.898865
131	108	0.932851
131	111	0.928043
131	114	0.895717
131	118	0.917028
131	126	0.847648
131	130	0.911236
131	135	0.936354
131	136	0.916392
131	137	0.914476
131	139	0.909767
131	140	0.852012
131	142	0.944065
131	143	0.875928
131	147	0.883827
131	152	0.856768
131	156	0.850521
131	161	0.876782
131	162	0.809633
131	164	0.852811
131	166	0.820936
131	168	0.886284
131	171	0.847642
131	172	0.834696
131	173	0.867325
131	174	0.856328
131	176	0.839669
131	177	0.867266
131	178	0.85975
131	180	0.826763
132	1	1.43707
132	5	1.54797
132	9	1.02473
132	12	1.88327
