1	3	0.842097
1	38	0.890708
1	59	0.89005
1	68	0.897781
1	72	0.952454
1	84	0.943061
1	114	0.876188
1	136	1.21992
1	141	1.24551
1	160	0.907662
1	163	1.15516
1	175	1.18762
2	92	1.67142
2	115	0.814064
2	142	0.794615
2	143	0.793857
2	151	1.56959
2	152	0.780482
2	153	0.802632
2	155	0.818778
2	157	0.803985
2	163	1.56535
2	164	0.787656
2	167	0.803931
3	1	0.842097
3	14	0.838978
3	28	0.80229
3	38	0.755425
3	54	0.798031
3	72	0.81717
3	84	0.807778
3	149	0.765854
3	160	0.772378
3	166	1.58418
3	168	1.62789
3	180	1.58989
4	42	0.889301
4	60	1.26463
4	66	0.902367
4	76	0.866084
4	83	0.86257
4	87	0.910264
4	99	0.933496
4	149	0.896591
4	165	1.20142
4	166	1.17192
4	169	1.17005
4	180	0.939327
5	7	0.842909
5	27	0.782601
5	35	0.764793
5	45	1.59861
5	73	0.84289
5	75	0.791226
5	89	0.787661
5	110	0.783786
5	121	0.819019
5	124	1.64002
5	162	0.785114
5	163	1.56824
6	7	0.833181
6	10	0.825208
6	25	0.78163
6	33	1.37606
6	52	0.790149
6	73	0.833162
6	89	0.777934
6	110	0.774058
6	121	0.809292
6	162	0.775387
6	174	1.70186
6	175	1.72778
7	5	0.842909
7	6	0.833181
7	18	1.22434
7	23	0.917948
7	25	0.925223
7	27	0.916467
7	41	0.859696
7	50	1.20466
7	75	0.925092
7	89	0.921528
7	110	0.917652
7	150	1.52024
8	77	0.910916
8	96	0.915863
8	120	0.874676
8	122	0.917866
8	127	0.903118
8	131	1.21577
8	138	1.13509
8	147	0.875
8	154	0.88406
8	177	1.21069
8	179	1.24629
8	180	0.918501
9	35	1.29257
9	142	0.896017
9	143	0.89526
9	145	0.896358
9	152	0.881884
9	153	0.904035
9	155	0.920181
9	157	0.905387
9	158	1.15642
9	161	0.900878
9	168	1.18444
9	170	1.17321
10	6	0.825208
10	24	0.912036
10	27	0.908494
10	35	0.890687
10	52	0.92577
10	75	0.917119
10	110	0.909679
10	114	1.34008
10	156	1.16605
10	162	0.911008
10	171	1.14129
10	178	1.16048
11	99	1.66826
11	159	0.790665
11	161	1.59336
11	166	0.807616
11	168	0.793807
11	170	0.796429
11	171	0.809875
11	172	0.811335
11	176	0.813562
11	178	0.790096
11	179	0.786616
11	180	1.53437
12	64	1.27316
12	98	0.880635
12	104	0.87321
12	119	0.907206
12	123	0.943358
12	134	0.898752
12	138	1.11718
12	141	1.23529
12	144	0.890146
12	147	0.898816
12	154	0.907877
12	159	1.18255
13	16	0.907288
13	42	0.881593
13	62	0.901636
13	66	0.894659
13	73	1.12993
13	83	0.854862
13	87	0.902556
13	99	0.925788
13	159	1.24936
13	169	1.23001
13	176	1.19904
13	180	0.931619
14	3	0.838978
14	38	0.88759
14	59	0.886931
14	68	0.894662
14	72	0.949335
14	74	1.34693
14	84	0.939943
14	138	1.11775
14	149	0.898019
14	160	0.904543
14	166	1.16564
14	175	1.17797
15	70	1.33814
15	102	1.16064
15	104	0.872727
15	113	0.882422
15	131	1.17823
15	134	0.898269
15	139	0.90936
15	144	0.889663
15	147	0.898333
15	154	0.907393
15	163	1.12532
15	180	0.941834
16	13	0.907288
16	30	0.880099
16	55	0.880768
16	62	0.856053
16	83	0.809279
16	87	0.856973
16	99	0.880204
16	130	1.32428
16	134	1.4272
16	149	0.8433
16	172	1.22892
16	176	1.22382
16	180	0.886036
17	18	1.57859
17	65	0.773299
17	67	0.772391
17	70	0.768913
17	81	0.798039
17	90	0.777207
17	100	0.742461
17	102	0.803986
17	107	0.800699
17	116	1.87926
17	162	0.776765
17	165	1.74859
17	173	0.786239
18	7	1.22434
18	17	1.57859
18	76	0.825179
18	87	0.869359
18	110	1.19327
18	139	1.20005
18	155	0.884255
18	164	0.853133
18	167	0.869408
18	177	0.87238
18	178	0.865672
18	179	0.862192
18	180	0.898422
19	77	1.24462
19	97	1.29176
19	129	0.874881
19	140	1.33429
19	166	0.874546
19	170	0.863358
19	171	0.876805
19	173	1.32118
19	174	0.869988
19	175	0.866119
19	177	0.863734
19	178	0.857025
19	179	0.853545
20	67	0.859723
20	70	0.856245
20	81	0.885372
20	90	0.864539
20	107	0.888032
20	131	1.33596
20	141	0.855943
20	160	0.852476
20	162	0.864098
20	171	1.31162
20	173	0.873572
20	174	1.28959
20	176	1.27034
21	117	0.8673
21	118	1.34344
21	119	0.861504
21	123	0.897656
21	133	1.26456
21	134	0.85305
21	139	0.864141
21	141	1.30333
21	144	0.844444
21	147	0.853114
21	154	0.862175
21	179	1.29642
21	180	0.896616
22	65	0.864328
22	72	1.22017
22	81	0.889068
22	90	0.868235
22	100	0.833489
22	102	0.895014
22	107	0.891728
22	110	1.38125
22	114	0.824698
22	118	1.33778
22	156	1.26065
22	160	0.856172
22	173	0.877268
23	7	0.917948
23	24	0.861183
23	35	0.839833
23	52	0.874916
23	55	1.24611
23	75	0.866266
23	89	0.862701
23	110	0.858826
23	124	1.3226
23	132	0.858174
23	141	1.34116
23	162	0.860154
23	178	1.29858
24	10	0.912036
24	23	0.861183
24	25	0.868458
24	35	0.841895
24	75	0.868327
24	89	0.864762
24	110	0.860887
24	132	0.860236
24	139	1.40515
24	141	1.3148
24	162	0.862216
24	176	1.21174
24	178	1.27221
25	6	0.78163
25	7	0.925223
25	24	0.868458
25	52	0.882191
25	75	0.873541
25	89	0.869976
25	101	1.22146
25	110	0.866101
25	132	0.86545
25	133	1.31299
25	162	0.867429
25	163	1.26141
25	167	1.40832
26	66	1.38916
26	134	1.28457
26	146	1.29885
26	155	1.22094
26	158	0.86283
26	169	0.873446
26	170	0.863528
26	172	0.878434
26	175	0.866288
26	176	0.880661
26	177	0.863903
26	178	0.857195
26	179	0.853715
27	5	0.782601
27	7	0.916467
27	10	0.908494
27	35	0.838352
27	39	1.26235
27	44	0.86951
27	52	0.873435
27	57	1.52115
27	89	0.86122
27	92	1.23344
27	110	0.857344
27	121	0.892578
27	136	1.19212
28	3	0.80229
28	38	0.850901
28	54	0.893507
28	59	0.850243
28	68	0.857974
28	72	0.912647
28	73	1.21169
28	84	0.903254
28	129	1.29761
28	149	0.86133
28	160	0.867855
28	171	1.32209
28	179	1.37696
29	41	0.908695
29	70	0.862792
29	90	0.871086
29	100	0.83634
29	102	0.897865
29	107	0.894579
29	111	1.44385
29	114	0.82755
29	151	1.39794
29	160	0.859023
29	162	0.870645
29	168	1.45755
29	173	0.880119
30	16	0.880099
30	42	0.854404
30	60	1.32588
30	62	0.874447
30	66	0.86747
30	76	0.831187
30	83	0.827673
30	99	0.898598
30	149	0.861693
30	150	1.38858
30	165	1.26267
30	169	1.2313
30	180	0.90443
31	34	1.30463
31	46	0.921162
31	53	0.879358
31	71	0.950801
31	115	0.951327
31	116	1.23017
31	140	0.948011
31	155	0.956042
31	157	0.941248
31	161	0.936739
31	164	0.924919
31	167	0.941194
31	169	1.06813
31	174	1.05641
32	44	1.40133
32	163	0.840198
32	165	0.83368
32	167	1.45286
32	168	0.835263
32	172	0.852792
32	173	1.40742
32	174	0.844515
32	175	0.840646
32	176	0.855019
32	177	0.838261
32	178	0.831553
32	179	0.828073
32	180	1.3318
33	6	1.37606
33	54	0.949902
33	59	0.906637
33	72	0.969041
33	83	1.22708
33	99	0.98019
33	127	0.945078
33	146	1.0254
33	147	0.91696
33	154	0.92602
33	157	0.985142
33	177	0.934419
33	178	0.927711
33	179	0.924231
34	31	1.30463
34	84	1.44835
34	123	1.42178
34	158	0.8375
34	163	0.84051
34	168	0.835576
34	170	0.838198
34	172	0.853104
34	175	0.840958
34	176	0.855331
34	177	0.838573
34	178	0.831865
34	179	0.828385
34	180	1.42032
35	5	0.764793
35	9	1.29257
35	10	0.890687
35	23	0.839833
35	24	0.841895
35	27	0.838352
35	52	0.855628
35	75	0.846977
35	89	0.843413
35	110	0.839537
35	113	1.54587
35	115	1.39923
35	132	0.838886
35	165	1.36132
36	115	1.34877
36	128	1.49214
36	155	1.38826
36	159	0.830319
36	166	0.847271
36	169	0.846002
36	170	0.836083
36	171	0.84953
36	173	1.3627
36	174	0.842713
36	175	0.838844
36	176	0.853217
36	178	0.829751
36	179	0.82627
37	49	1.27159
37	91	0.844359
37	94	0.880359
37	97	0.862962
37	98	0.802931
37	120	0.820789
37	124	1.47072
37	127	0.849231
37	139	0.832139
37	144	0.812442
37	154	0.830173
37	158	1.43477
37	175	1.4314
37	180	0.864614
38	1	0.890708
38	3	0.755425
38	14	0.88759
38	28	0.850901
38	41	1.01136
38	54	0.846642
38	68	0.811109
38	72	0.865782
38	84	0.856389
38	131	1.54927
38	149	0.814465
38	160	0.82099
38	174	1.50291
38	178	1.54413
39	27	1.26235
39	100	1.46543
39	134	1.46536
39	155	1.40173
39	165	0.832657
39	169	0.846781
39	170	0.836863
39	172	0.851769
39	174	0.843493
39	175	0.839623
39	176	0.853996
39	177	0.837238
39	178	0.83053
39	179	0.82705
40	69	1.34753
40	125	0.876897
40	146	0.831601
40	148	0.820553
40	153	0.836441
40	155	0.852587
40	157	0.837793
40	161	0.833284
40	163	1.39275
40	164	0.821465
40	165	1.44239
40	167	0.83774
40	173	0.851638
40	175	1.42522
41	7	0.859696
41	29	0.908695
41	38	1.01136
41	42	1.05151
41	66	0.949962
41	99	0.81444
41	120	1.04457
41	144	1.03623
41	154	1.05396
41	161	1.05493
41	164	1.04311
41	167	1.05938
41	178	1.05565
41	179	1.05217
42	4	0.889301
42	13	0.881593
42	30	0.854404
42	41	1.05151
42	50	1.39647
42	62	0.830358
42	76	0.787098
42	83	0.783584
42	99	0.854509
42	131	0.841208
42	149	0.817604
42	159	1.57413
42	177	1.58436
42	180	0.860341
43	67	0.836169
43	78	1.33765
43	84	0.864322
43	91	1.42207
43	100	0.80624
43	117	1.4294
43	121	0.874449
43	149	0.822398
43	159	0.832953
43	161	1.40294
43	171	0.852163
43	173	0.850018
43	178	0.832384
43	179	0.828904
44	27	0.86951
44	32	1.40133
44	52	0.886786
44	76	0.823371
44	89	0.874571
44	120	0.852789
44	126	1.29015
44	132	0.870044
44	139	0.86414
44	154	0.862173
44	172	1.22747
44	178	1.28286
44	180	0.896614
45	5	1.59861
45	52	1.29222
45	98	1.45116
45	122	1.25106
45	156	0.841606
45	165	0.831738
45	171	0.84939
45	172	0.85085
45	174	0.842574
45	175	0.838704
45	176	0.853077
45	177	0.836319
45	178	0.829611
45	179	0.826131
46	31	0.921162
46	55	1.36701
46	80	0.86332
46	132	1.42624
46	135	0.829262
46	142	0.82299
46	143	0.822232
46	146	0.826167
46	152	0.808857
46	153	0.831007
46	155	0.847153
46	156	1.42505
46	161	0.82785
46	169	1.38999
47	112	1.2735
47	127	1.1334
47	148	1.24007
47	149	1.2098
47	151	0.897846
47	165	0.893225
47	167	1.13294
47	168	0.894809
47	170	0.897431
47	171	0.910878
47	172	0.912337
47	175	0.900192
47	176	0.914565
47	178	0.891098
47	179	0.887618
48	78	0.924496
48	85	0.920149
48	93	1.10995
48	103	0.926432
48	143	0.887831
48	148	0.880718
48	152	0.874456
48	153	0.896606
48	156	1.24243
48	157	0.897958
48	161	0.893449
48	165	1.23874
48	167	0.897905
48	172	1.18148
48	178	1.23686
49	37	1.27159
49	135	1.25382
49	147	1.16888
49	155	1.1394
49	156	0.902324
49	158	0.895963
49	165	0.892456
49	166	0.907849
49	167	1.15928
49	171	0.910108
49	174	0.903291
49	176	0.913795
49	177	0.897037
49	178	0.890329
49	179	0.886849
50	7	1.20466
50	42	1.39647
50	54	1.12959
50	100	0.873834
50	119	1.18235
50	122	1.08064
50	153	0.902415
50	161	0.899259
50	164	0.887439
50	167	0.903714
50	170	0.906311
50	173	0.917612
50	174	0.912941
50	178	0.899978
50	179	0.896498
51	135	0.814262
51	140	0.824123
51	145	0.80833
51	146	0.811167
51	147	1.61426
51	148	0.80012
51	153	0.816007
51	155	0.832153
51	157	0.81736
51	159	1.49535
51	161	0.812851
51	167	0.817306
51	172	1.45012
51	176	1.44503
51	180	0.84632
52	6	0.790149
52	10	0.92577
52	23	0.874916
52	25	0.882191
52	27	0.873435
52	35	0.855628
52	44	0.886786
52	45	1.29222
52	75	0.88206
52	89	0.878496
52	108	1.25686
52	110	0.87462
52	156	1.31517
52	162	0.875949
52	175	1.29431
52	176	1.24914
53	31	0.879358
53	103	0.81903
53	107	1.56161
53	125	0.82966
53	138	1.58232
53	145	0.781527
53	148	0.773316
53	152	0.767054
53	153	0.789204
53	157	0.790556
53	161	0.786047
53	164	0.774228
53	167	0.790503
53	170	1.6627
53	176	1.59737
53	180	0.819517
54	3	0.798031
54	28	0.893507
54	33	0.949902
54	38	0.846642
54	50	1.12959
54	59	0.845983
54	67	1.4282
54	68	0.853714
54	71	1.17057
54	72	0.908387
54	84	0.898995
54	114	0.832122
54	121	0.909122
54	132	1.32415
54	160	0.863595
54	179	1.35307
55	16	0.880768
55	23	1.24611
55	46	1.36701
55	83	0.828342
55	99	0.899267
55	110	1.30893
55	115	1.22254
55	140	1.24958
55	144	0.852927
55	147	0.861598
55	154	0.870658
55	170	0.878681
55	175	0.881442
55	178	0.872349
55	179	0.868869
55	180	0.905099
56	63	1.2883
56	113	1.3687
56	154	1.26377
56	160	1.31093
56	168	0.865887
56	169	0.878427
56	170	0.868509
56	171	0.881955
56	172	0.883415
56	174	0.875139
56	175	0.871269
56	176	0.885642
56	177	0.868884
56	178	0.862176
56	179	0.858696
56	180	1.16037
57	27	1.52115
57	62	1.66378
57	100	1.72423
57	107	1.48503
57	135	0.795842
57	139	0.795425
57	147	0.784399
57	154	0.793459
57	161	0.79443
57	164	0.782611
57	169	0.811401
57	171	0.814929
57	173	0.812784
57	178	0.79515
57	179	0.79167
57	180	0.8279
58	99	1.38248
58	106	1.30502
58	146	1.42769
58	151	0.847692
58	154	1.352
58	158	0.846579
58	168	0.844655
58	169	0.857195
58	170	0.847277
58	172	0.862183
58	173	1.32422
58	174	0.853907
58	175	0.850038
58	176	0.864411
58	177	0.847653
58	178	0.840944
58	179	0.837464
59	1	0.89005
59	14	0.886931
59	28	0.850243
59	33	0.906637
59	54	0.845983
59	68	0.81045
59	72	0.865123
59	84	0.855731
59	108	1.29694
59	114	0.788857
59	121	0.865858
59	149	0.813807
59	153	1.45761
59	160	0.820331
59	161	1.38676
59	162	1.34149
59	169	1.32019
60	4	1.26463
60	30	1.32588
60	68	0.839756
60	84	0.885037
60	113	0.826436
60	143	1.44904
60	144	0.833678
60	147	0.842348
60	149	0.843113
60	154	0.851408
60	157	1.41724
60	160	0.849637
60	161	1.33738
60	174	0.866062
60	177	0.859807
60	178	0.853099
60	179	0.849619
61	134	1.35365
61	142	1.33337
61	145	1.37034
61	152	1.41574
61	153	1.31866
61	156	0.855336
61	159	0.84391
61	163	0.851987
61	165	0.845468
61	168	0.847052
61	170	0.849674
61	172	0.86458
61	174	0.856304
61	175	0.852435
61	177	0.85005
61	178	0.843341
61	179	0.839861
62	13	0.901636
62	16	0.856053
62	30	0.874447
62	42	0.830358
62	57	1.66378
62	66	0.843423
62	76	0.807141
62	83	0.803626
62	87	0.85132
62	99	0.874552
62	124	0.839413
62	129	1.27408
62	133	1.32156
62	137	1.26069
62	149	0.837647
62	169	1.28825
62	180	0.880384
63	56	1.2883
63	112	0.832462
63	126	0.883797
63	134	1.48416
63	135	0.849072
63	142	0.8428
63	143	0.842043
63	146	0.845977
63	148	0.83493
63	157	0.85217
63	161	0.847661
63	164	0.835841
63	166	1.31362
63	167	0.852117
63	178	1.34125
63	179	1.37693
63	180	0.881131
64	12	1.27316
64	87	1.34647
64	143	1.46441
64	159	0.841483
64	163	0.84956
64	167	1.41484
64	168	0.844625
64	170	0.847247
64	171	0.860694
64	172	0.862153
64	174	0.853877
64	175	0.850008
64	176	0.864381
64	177	0.847623
64	178	0.840914
64	179	0.837434
64	180	1.29377
65	17	0.773299
65	22	0.864328
65	81	0.878994
65	90	0.858162
65	100	0.823416
65	102	0.884941
65	107	0.881655
65	114	0.814625
65	121	1.28697
65	141	0.849565
65	156	1.39365
65	159	1.37793
65	160	0.846099
65	162	0.857721
65	173	0.867195
65	176	1.32761
65	179	1.42376
66	4	0.902367
66	13	0.894659
66	26	1.38916
66	30	0.86747
66	41	0.949962
66	62	0.843423
66	76	0.800164
66	83	0.796649
66	87	0.844343
66	99	0.867575
66	108	1.42998
66	124	0.832436
66	132	0.846837
66	142	1.60536
66	149	0.83067
66	172	1.42735
66	180	0.873407
67	17	0.772391
67	20	0.859723
67	43	0.836169
67	54	1.4282
67	70	0.848959
67	81	0.878086
67	85	1.38674
67	90	0.857253
67	100	0.822507
67	102	0.884032
67	107	0.880746
67	141	0.848657
67	160	0.84519
67	169	1.31654
67	172	1.29066
67	173	0.866286
67	179	1.38172
68	1	0.897781
68	14	0.894662
68	28	0.857974
68	38	0.811109
68	54	0.853714
68	59	0.81045
68	60	0.839756
68	72	0.872854
68	84	0.863462
68	114	0.796588
68	121	0.873589
68	130	1.39275
68	151	1.30923
68	160	0.828062
68	162	1.34456
68	173	1.40647
68	177	1.35284
69	40	1.34753
69	76	1.43361
69	112	1.38196
69	113	1.32867
69	145	1.30184
69	150	0.825358
69	151	0.849575
69	156	0.854822
69	158	0.848462
69	163	0.851473
69	169	0.859078
69	170	0.84916
69	172	0.864066
69	176	0.866294
69	177	0.849536
69	178	0.842827
69	179	0.839347
70	15	1.33814
70	17	0.768913
70	20	0.856245
70	29	0.862792
70	67	0.848959
70	81	0.874608
70	90	0.853775
70	93	1.27338
70	100	0.81903
70	102	0.880554
70	107	0.877268
70	131	1.40544
70	156	1.40586
70	160	0.841712
70	162	0.853334
70	173	0.862808
70	175	1.38499
71	31	0.950801
71	54	1.17057
71	85	1.12911
71	88	1.21202
71	165	0.919771
71	166	0.935165
71	167	1.18756
71	168	0.921355
71	169	0.933895
71	171	0.937424
71	172	0.938883
71	173	1.14212
71	174	0.930607
71	175	0.926738
71	177	0.924353
71	178	0.917644
71	179	0.914164
72	1	0.952454
72	3	0.81717
72	14	0.949335
72	22	1.22017
72	28	0.912647
72	33	0.969041
72	38	0.865782
72	54	0.908387
72	59	0.865123
72	68	0.872854
72	121	0.928262
72	124	1.22433
72	130	1.2403
72	149	0.876211
72	160	0.882735
72	171	1.18113
72	174	1.1591
72	175	1.18501
73	5	0.84289
73	6	0.833162
73	13	1.12993
73	28	1.21169
73	75	0.925074
73	90	1.23585
73	110	0.917634
73	122	1.13886
73	127	1.20526
73	144	1.2696
73	146	0.908399
73	148	0.897352
73	164	0.898263
73	167	0.914538
73	169	0.927053
73	177	0.91751
73	178	0.910802
73	179	0.907322
74	14	1.34693
74	81	1.40964
74	91	1.44509
74	120	1.44372
74	146	1.54607
74	150	0.806257
74	159	0.824295
74	163	0.832372
74	168	0.827437
74	170	0.830059
74	171	0.843506
74	172	0.844965
74	174	0.836689
74	175	0.83282
74	176	0.847193
74	177	0.830435
74	178	0.823726
74	179	0.820246
75	5	0.791226
75	7	0.925092
75	10	0.917119
75	23	0.866266
75	24	0.868327
75	25	0.873541
75	35	0.846977
75	52	0.88206
75	73	0.925074
75	89	0.869845
75	110	0.86597
75	121	0.901203
75	162	0.867298
75	165	1.28266
75	170	1.28564
75	172	1.22541
75	176	1.22031
75	177	1.28086
75	179	1.31646
76	4	0.866084
76	18	0.825179
76	30	0.831187
76	42	0.787098
76	44	0.823371
76	62	0.807141
76	66	0.800164
76	69	1.43361
76	83	0.760367
76	87	0.80806
76	99	0.831292
76	116	1.65914
76	131	0.817991
76	132	0.810554
76	137	1.46953
76	149	0.794388
76	161	1.56366
76	163	1.47883
76	180	0.837124
77	8	0.910916
77	19	1.24462
77	94	0.918527
77	97	0.90113
77	98	0.841098
77	99	1.32435
77	113	0.843369
77	122	0.902146
77	127	0.887398
77	130	1.25236
77	134	0.859216
77	139	0.870307
77	144	0.85061
77	147	0.85928
77	150	1.34016
77	154	0.86834
77	168	1.22846
77	170	1.21723
77	173	0.887665
78	43	1.33765
78	48	0.924496
78	118	1.2897
78	128	0.851325
78	140	0.885746
78	142	0.869613
78	145	0.869953
78	148	0.861743
78	150	1.33479
78	152	0.85548
78	155	0.893777
78	156	1.21257
78	157	0.878983
78	161	0.874474
78	164	0.862654
78	167	0.878929
78	168	1.22309
78	170	1.21187
78	173	0.892827
79	82	1.22548
79	84	1.19977
79	133	0.86929
79	140	1.26048
79	146	1.35085
79	156	0.877982
79	160	1.32231
79	161	1.23073
79	166	0.883507
79	168	0.869697
79	169	0.882238
79	170	0.872319
79	171	0.885766
79	172	0.887226
79	174	0.878949
79	175	0.87508
79	176	0.889453
79	178	0.865987
79	179	0.862506
80	46	0.86332
80	111	1.29422
80	121	1.19071
80	126	0.915033
80	128	0.855748
80	146	0.877213
80	148	0.866166
80	149	0.86963
80	152	0.859903
80	153	0.882054
80	155	0.8982
80	157	0.883406
80	161	0.878897
80	164	0.867077
80	167	0.883353
80	175	1.27653
80	176	1.23135
80	178	1.29183
80	179	1.3275
81	17	0.798039
81	20	0.885372
81	22	0.889068
81	65	0.878994
81	67	0.878086
81	70	0.874608
81	74	1.40964
81	90	0.882902
81	100	0.848156
81	102	0.909681
81	107	0.906395
81	131	1.26113
81	141	0.874305
81	162	0.88246
81	169	1.22648
81	170	1.26084
81	173	0.891935
81	176	1.19551
81	178	1.25598
82	79	1.22548
82	106	0.902702
82	140	0.882731
82	143	0.865841
82	145	0.866938
82	146	0.869775
82	147	1.3758
82	148	0.858727
82	153	0.874615
82	155	0.890761
82	157	0.875968
82	161	0.871459
82	162	1.25885
82	164	0.859639
82	167	0.875914
82	168	1.28313
82	172	1.21167
82	175	1.25175
82	180	0.904928
83	4	0.86257
83	13	0.854862
83	16	0.809279
83	30	0.827673
83	33	1.22708
83	42	0.783584
83	55	0.828342
83	62	0.803626
83	66	0.796649
83	76	0.760367
83	87	0.804546
83	99	0.827778
83	124	0.792639
83	131	0.814477
83	161	1.63117
83	170	1.59896
83	174	1.55288
83	178	1.5941
83	180	0.83361
84	1	0.943061
84	3	0.807778
84	14	0.939943
84	28	0.903254
84	34	1.44835
84	38	0.856389
84	43	0.864322
84	54	0.898995
84	59	0.855731
84	60	0.885037
84	68	0.863462
84	79	1.19977
84	109	1.25934
84	114	0.841869
84	149	0.866818
84	160	0.873343
84	174	1.20012
84	179	1.27702
84	180	1.21942
85	48	0.920149
85	67	1.38674
85	71	1.12911
85	86	1.31091
85	106	0.901371
85	140	0.881399
85	145	0.865606
85	148	0.857396
85	152	0.851133
85	155	0.88943
85	157	0.874636
85	160	0.867385
85	161	0.870127
85	164	0.858307
85	166	1.24831
85	167	0.874582
85	171	1.25675
85	173	0.88848
85	178	1.27593
86	85	1.31091
86	125	1.28106
86	146	1.4274
86	156	0.858862
86	158	0.852501
86	159	0.847436
86	160	1.39886
86	165	0.848994
86	166	0.864387
86	169	0.863118
86	171	0.866646
86	172	0.868106
86	173	1.32392
86	174	0.859829
86	175	0.85596
86	176	0.870333
86	177	0.853575
86	178	0.846867
86	179	0.843387
86	180	1.2483
87	4	0.910264
87	13	0.902556
87	16	0.856973
87	18	0.869359
87	62	0.85132
87	64	1.34647
87	66	0.844343
87	76	0.80806
87	83	0.804546
87	99	0.875472
87	109	1.28401
87	114	1.44562
87	124	0.840333
87	131	0.862171
87	132	0.854734
87	148	1.4723
87	149	0.838567
87	171	1.24683
87	172	1.21064
87	180	0.881303
88	71	1.21202
88	96	0.880576
88	98	0.821531
88	117	0.853899
88	119	0.848103
88	122	0.882579
88	123	0.884254
88	127	0.867831
88	131	1.364
88	134	0.839648
88	139	0.850739
88	141	1.40143
88	144	0.831042
88	147	0.839713
88	154	0.848773
88	168	1.37493
88	173	0.868098
88	176	1.29838
88	177	1.35893
88	180	0.883214
89	5	0.787661
89	6	0.777934
89	7	0.921528
89	23	0.862701
89	24	0.864762
89	25	0.869976
89	27	0.86122
89	35	0.843413
89	44	0.874571
89	52	0.878496
89	75	0.869845
89	110	0.862405
89	124	1.35507
89	132	0.861754
89	136	1.34805
89	158	1.31912
89	162	0.863734
89	168	1.34714
89	171	1.31187
89	177	1.33113
90	17	0.777207
90	20	0.864539
90	22	0.868235
90	29	0.871086
90	65	0.858162
90	67	0.857253
90	70	0.853775
90	73	1.23585
90	81	0.882902
90	100	0.827323
90	102	0.888848
90	107	0.885562
90	133	1.36925
90	141	0.853473
90	151	1.32191
90	160	0.850006
90	162	0.861628
90	168	1.38152
90	169	1.33594
90	178	1.36544
91	37	0.844359
91	43	1.42207
91	74	1.44509
91	96	0.887474
91	104	0.821005
91	111	1.29382
91	113	0.830699
91	117	0.860797
91	119	0.855001
91	123	0.891152
91	134	0.846546
91	139	0.857637
91	144	0.83794
91	147	0.846611
91	154	0.855671
91	162	1.28324
91	171	1.27225
91	173	0.874996
91	178	1.29143
91	180	0.890112
92	2	1.67142
92	27	1.23344
92	103	1.31698
92	119	1.42847
92	133	0.836261
92	137	0.841078
92	149	1.46956
92	150	0.815488
92	151	0.839705
92	159	0.833526
92	166	0.850478
92	168	0.836668
92	170	0.83929
92	171	0.852737
92	172	0.854196
92	175	0.842051
92	176	0.856424
92	177	0.839666
92	178	0.832957
92	179	0.829477
92	180	1.27163
93	48	1.10995
93	70	1.27338
93	147	1.21708
93	155	1.18759
93	159	0.890369
93	161	1.14539
93	163	0.898445
93	164	1.2509
93	166	0.907321
93	167	1.20747
93	168	0.893511
93	169	0.906051
93	170	0.896133
93	171	0.909579
93	172	0.911039
93	174	0.902763
93	175	0.898894
93	176	0.913267
93	177	0.896508
93	178	0.8898
93	179	0.88632
94	37	0.880359
94	77	0.918527
94	96	0.923474
94	113	0.866699
94	117	0.896797
94	118	1.24143
94	122	0.925477
94	123	0.927152
94	134	0.882546
94	136	1.17573
94	139	0.893637
94	141	1.20132
94	144	0.873941
94	145	1.31832
94	147	0.882611
94	154	0.891671
94	168	1.17481
94	171	1.13955
94	173	0.910996
94	177	1.15881
94	180	0.926112
95	97	1.32679
95	118	0.832758
95	126	1.3098
95	128	1.48565
95	150	0.815307
95	152	1.5075
95	158	0.83841
95	159	0.833345
95	163	0.841421
95	166	0.850296
95	167	1.40165
95	168	0.836487
95	171	0.852555
95	172	0.854015
95	173	1.35621
95	174	0.845739
95	175	0.841869
95	176	0.856242
95	177	0.839484
95	178	0.832776
95	179	0.829296
96	8	0.915863
96	88	0.880576
96	91	0.887474
96	94	0.923474
96	97	0.906077
96	104	0.838622
96	109	1.29882
96	113	0.848316
96	117	0.878414
96	119	0.872618
96	120	0.863904
96	134	0.864163
96	139	0.875254
96	147	0.864228
96	151	1.2373
96	154	0.873288
96	162	1.27263
96	163	1.23306
96	169	1.25133
96	174	1.23961
96	177	1.2809
96	180	0.907729
97	19	1.29176
97	37	0.862962
97	77	0.90113
97	95	1.32679
97	96	0.906077
97	98	0.847032
97	108	1.20677
97	117	0.8794
97	119	0.873604
97	120	0.86489
97	122	0.90808
97	127	0.893332
97	134	0.865149
97	144	0.856543
97	147	0.865214
97	154	0.874274
97	158	1.24759
97	166	1.2319
97	170	1.26438
97	171	1.24034
97	173	0.893599
97	180	0.908715
98	12	0.880635
98	37	0.802931
98	45	1.45116
98	77	0.841098
98	88	0.821531
98	97	0.847032
98	117	0.819368
98	119	0.813572
98	120	0.804859
98	123	0.849724
98	124	1.49257
98	127	0.833301
98	134	0.805118
98	136	1.48555
98	139	0.816209
98	144	0.796512
98	147	0.805182
98	154	0.814243
98	176	1.40807
98	178	1.46855
98	179	1.50422
98	180	0.848684
99	4	0.933496
99	11	1.66826
99	13	0.925788
99	16	0.880204
99	30	0.898598
99	33	0.98019
99	41	0.81444
99	42	0.854509
99	55	0.899267
99	58	1.38248
99	62	0.874552
99	66	0.867575
99	76	0.831292
99	77	1.32435
99	83	0.827778
99	87	0.875472
99	123	1.32674
99	124	0.863565
99	131	0.885403
99	132	0.877965
99	151	1.30368
99	180	0.904535
100	17	0.742461
100	22	0.833489
100	29	0.83634
100	39	1.46543
100	43	0.80624
100	50	0.873834
100	57	1.72423
100	65	0.823416
100	67	0.822507
100	70	0.81903
100	81	0.848156
100	90	0.827323
100	102	0.854102
100	107	0.850816
100	114	0.783787
100	124	1.40223
100	153	1.48612
100	160	0.81526
100	162	0.826882
100	169	1.34871
100	173	0.836356
100	178	1.37821
101	25	1.22146
101	135	1.34121
101	136	0.879996
101	144	1.31148
101	145	1.30712
101	153	1.25544
101	155	1.2268
101	156	0.883714
101	159	0.872288
101	163	0.880365
101	165	0.873846
101	168	0.87543
101	169	0.88797
101	170	0.878052
101	171	0.891499
101	172	0.892958
101	174	0.884682
101	175	0.880813
101	177	0.878428
101	178	0.871719
101	179	0.868239
101	180	1.12561
102	15	1.16064
102	17	0.803986
102	22	0.895014
102	29	0.897865
102	65	0.884941
102	67	0.884032
102	70	0.880554
102	81	0.909681
102	90	0.888848
102	100	0.854102
102	107	0.912341
102	112	1.4625
102	114	0.845311
102	117	1.28633
102	141	0.880251
102	160	0.876785
102	162	0.888407
102	170	1.22766
102	171	1.20361
102	173	0.897881
102	179	1.25847
102	180	1.20088
103	48	0.926432
103	53	0.81903
103	92	1.31698
103	109	1.27666
103	115	0.890999
103	126	0.912546
103	135	0.877822
103	137	1.2016
103	140	0.887683
103	142	0.871549
103	143	0.870792
103	145	0.87189
103	148	0.863679
103	151	1.21514
103	155	0.895713
103	157	0.880919
103	159	1.24851
103	160	0.873668
103	161	0.87641
103	167	0.880866
103	177	1.25874
103	179	1.29434
104	12	0.87321
104	15	0.872727
104	91	0.821005
104	96	0.838622
104	117	0.811944
104	119	0.806148
104	122	0.840624
104	123	0.8423
104	127	0.825876
104	133	1.47459
104	134	0.797694
104	137	1.41372
104	139	0.808785
104	141	1.51336
104	144	0.789088
104	147	0.797758
104	154	0.806819
104	162	1.46258
104	169	1.44128
104	173	0.826143
104	179	1.50645
104	180	0.841259
105	117	1.44524
105	122	1.41492
105	130	0.824461
105	142	1.50434
105	147	1.49047
105	150	0.800438
105	157	1.49863
105	158	0.823542
105	159	0.818476
105	165	0.820035
105	168	0.821618
105	169	0.834159
105	170	0.82424
105	171	0.837687
105	172	0.839147
105	173	1.43542
105	174	0.83087
105	175	0.827001
105	176	0.841374
105	177	0.824616
105	178	0.817908
105	179	0.814428
106	58	1.30502
106	82	0.902702
106	85	0.901371
106	112	0.859472
106	115	0.88926
106	129	1.22608
106	132	1.2765
106	140	0.885944
106	146	0.872988
106	152	0.855678
106	153	0.877828
106	155	0.893974
106	157	0.87918
106	160	0.871929
106	161	0.874671
106	164	0.862852
106	167	0.879127
106	170	1.27461
106	171	1.25056
106	173	0.893025
106	176	1.20928
106	177	1.26982
107	17	0.800699
107	20	0.888032
107	22	0.891728
107	29	0.894579
107	53	1.56161
107	57	1.48503
107	65	0.881655
107	67	0.880746
107	70	0.877268
107	81	0.906395
107	90	0.885562
107	100	0.850816
107	102	0.912341
107	116	1.27155
107	141	0.876965
107	151	1.09548
107	160	0.873499
107	162	0.885121
107	173	0.894595
107	174	1.09779
107	175	1.12371
107	179	1.17468
108	52	1.25686
108	59	1.29694
108	66	1.42998
108	97	1.20677
108	142	1.30511
108	150	0.83741
108	152	1.38748
108	156	0.866874
108	159	0.855448
108	160	1.31113
108	163	0.863525
108	165	0.857006
108	168	0.85859
108	169	0.87113
108	170	0.861212
108	171	0.874659
108	172	0.876118
108	174	0.867842
108	175	0.863973
108	176	0.878346
108	177	0.861588
108	178	0.854879
108	179	0.851399
109	84	1.25934
109	87	1.28401
109	96	1.29882
109	103	1.27666
109	119	1.38815
109	133	0.858616
109	150	0.837843
109	151	0.86206
109	154	1.33472
109	158	0.860947
109	163	0.863958
109	165	0.857439
109	166	0.872833
109	167	1.35238
109	168	0.859023
109	169	0.871563
109	171	0.875092
109	174	0.868275
109	175	0.864406
109	176	0.878779
109	177	0.862021
109	178	0.855312
109	179	0.851832
110	5	0.783786
110	6	0.774058
110	7	0.917652
110	10	0.909679
110	18	1.19327
110	22	1.38125
110	23	0.858826
110	24	0.860887
110	25	0.866101
110	27	0.857344
110	35	0.839537
110	52	0.87462
110	55	1.30893
110	73	0.917634
110	75	0.86597
110	89	0.862405
110	121	0.893763
110	129	1.31773
110	131	1.36655
110	132	0.857878
110	162	0.859858
110	166	1.33377
110	172	1.30602
111	29	1.44385
111	80	1.29422
111	91	1.29382
111	112	1.47733
111	136	0.847165
111	150	0.821419
111	151	0.845636
111	158	0.844523
111	160	1.36627
111	164	1.3802
111	165	0.841015
111	166	0.856409
111	167	1.33677
111	168	0.842599
111	169	0.855139
111	170	0.845221
111	171	0.858668
111	172	0.860127
111	174	0.851851
111	175	0.847982
111	176	0.862355
111	177	0.845597
111	178	0.838888
111	179	0.835408
112	47	1.2735
112	63	0.832462
112	69	1.38196
112	102	1.4625
112	106	0.859472
112	111	1.47733
112	126	0.864364
112	128	0.805079
112	135	0.82964
112	142	0.823368
112	143	0.82261
112	145	0.823708
112	146	0.826545
112	148	0.815497
112	153	0.831385
112	155	0.847531
112	157	0.832737
112	161	0.828228
112	164	0.816409
112	167	0.832684
112	170	1.4798
112	171	1.45575
112	173	0.846582
112	177	1.47502
112	180	0.861698
113	15	0.882422
113	35	1.54587
113	56	1.3687
113	60	0.826436
113	69	1.32867
113	77	0.843369
113	91	0.830699
113	94	0.866699
113	96	0.848316
113	117	0.821639
113	120	0.807129
113	122	0.850319
113	123	0.851994
113	127	0.835571
113	134	0.807388
113	139	0.818479
113	144	0.798782
113	147	0.807453
113	151	1.37813
113	154	0.816513
113	164	1.56423
113	168	1.43774
113	173	0.835838
113	174	1.38044
113	180	0.850954
114	1	0.876188
114	10	1.34008
114	22	0.824698
114	29	0.82755
114	54	0.832122
114	59	0.788857
114	65	0.814625
114	68	0.796588
114	84	0.841869
114	87	1.44562
114	100	0.783787
114	102	0.845311
114	120	1.46967
114	139	1.54777
114	145	1.57443
114	152	1.61983
114	160	0.806469
114	165	0.812058
114	169	0.826182
114	171	0.82971
114	173	0.827565
114	176	0.833397
114	177	0.816639
114	178	0.809931
114	179	0.806451
114	180	1.39292
115	2	0.814064
115	31	0.951327
115	35	1.39923
115	36	1.34877
115	55	1.22254
115	103	0.890999
115	106	0.88926
115	126	0.894152
115	128	0.834867
115	129	1.23134
115	131	0.872353
115	132	1.28177
115	142	0.853155
115	146	0.856332
115	147	1.38377
115	148	0.845285
115	152	0.839022
115	153	0.861172
115	155	0.877319
115	157	0.862525
115	159	1.26486
115	161	0.858016
115	164	0.846196
115	167	0.862472
115	177	1.27509
115	180	0.891486
116	17	1.87926
116	31	1.23017
116	76	1.65914
116	107	1.27155
116	120	1.42261
116	130	0.818238
116	136	0.819961
116	137	0.819805
116	138	0.847619
116	140	1.43459
116	150	0.794216
116	156	0.82368
116	160	1.49642
116	163	0.82033
116	165	0.813812
116	166	0.829205
116	168	0.815396
116	169	0.827936
116	170	0.818018
116	172	0.832924
116	174	0.824648
116	175	0.820778
116	176	0.835151
116	177	0.818393
116	178	0.811685
116	179	0.808205
117	21	0.8673
117	43	1.4294
117	88	0.853899
117	91	0.860797
117	94	0.896797
117	96	0.878414
117	97	0.8794
117	98	0.819368
117	102	1.28633
117	104	0.811944
117	105	1.44524
117	113	0.821639
117	119	0.84594
117	120	0.837226
117	122	0.880416
117	123	0.882092
117	127	0.865668
117	134	0.837486
117	139	0.848577
117	144	0.82888
117	147	0.83755
117	150	1.42655
117	154	0.84661
117	159	1.28862
117	165	1.30064
117	178	1.29877
117	179	1.33444
118	21	1.34344
118	22	1.33778
118	78	1.2897
118	94	1.24143
118	95	0.832758
118	123	1.29746
118	129	0.862704
118	136	0.853125
118	142	1.44056
118	151	0.851596
118	153	1.42585
118	158	0.850483
118	159	0.845417
118	163	0.853494
118	165	0.846975
118	166	0.862369
118	167	1.41708
118	168	0.848559
118	169	0.861099
118	170	0.851181
118	171	0.864628
118	172	0.866087
118	174	0.857811
118	175	0.853942
118	177	0.851557
118	178	0.844848
118	179	0.841368
119	12	0.907206
119	21	0.861504
119	50	1.18235
119	88	0.848103
119	91	0.855001
119	92	1.42847
119	96	0.872618
119	97	0.873604
119	98	0.813572
119	104	0.806148
119	109	1.38815
119	117	0.84594
119	122	0.87462
119	123	0.876296
119	127	0.859872
119	134	0.83169
119	139	0.842781
119	141	1.41274
119	144	0.823084
119	147	0.831754
119	151	1.32663
119	154	0.840815
119	168	1.38624
119	172	1.31477
119	173	0.860139
119	177	1.37023
119	180	0.875255
120	8	0.874676
120	37	0.820789
120	41	1.04457
120	44	0.852789
120	74	1.44372
120	96	0.863904
120	97	0.86489
120	98	0.804859
120	113	0.807129
120	114	1.46967
120	116	1.42261
120	117	0.837226
120	122	0.865906
120	123	0.867582
120	127	0.851158
120	134	0.822976
120	139	0.834067
120	144	0.81437
120	147	0.82304
120	154	0.832101
120	165	1.29194
120	170	1.29493
120	171	1.27088
120	173	0.851425
120	178	1.29007
120	179	1.32575
120	180	0.866541
121	5	0.819019
121	6	0.809292
121	27	0.892578
121	43	0.874449
121	54	0.909122
121	59	0.865858
121	65	1.28697
121	68	0.873589
121	72	0.928262
121	75	0.901203
121	80	1.19071
121	110	0.893763
121	127	1.23373
121	146	1.2913
121	148	1.3404
121	149	0.876945
121	157	1.25105
121	161	1.17119
121	162	0.895091
121	165	0.889058
121	167	1.23327
121	168	0.890642
121	171	0.906711
121	173	1.18783
121	176	0.910398
121	177	0.89364
121	178	0.886931
121	179	0.883451
122	8	0.917866
122	45	1.25106
122	50	1.08064
122	73	1.13886
122	77	0.902146
122	88	0.882579
122	94	0.925477
122	97	0.90808
122	104	0.840624
122	105	1.41492
122	113	0.850319
122	117	0.880416
122	119	0.87462
122	120	0.865906
122	123	0.910772
122	124	1.29247
122	127	0.894348
122	134	0.866166
122	139	0.877257
122	144	0.85756
122	147	0.86623
122	154	0.875291
122	166	1.24082
122	170	1.27331
122	171	1.24926
122	173	0.894615
122	178	1.26845
122	180	0.909731
123	12	0.943358
123	21	0.897656
123	34	1.42178
123	88	0.884254
123	91	0.891152
123	94	0.927152
123	98	0.849724
123	99	1.32674
123	104	0.8423
123	113	0.851994
123	117	0.882092
123	118	1.29746
123	119	0.876296
123	120	0.867582
123	122	0.910772
123	127	0.896024
123	134	0.867841
123	138	1.13925
123	144	0.859235
123	147	0.867906
123	154	0.876966
123	156	1.22033
123	162	1.20657
123	165	1.21664
123	166	1.18714
123	171	1.19558
123	173	0.896291
123	180	0.911407
124	5	1.64002
124	23	1.3226
124	37	1.47072
124	62	0.839413
124	66	0.832436
124	72	1.22433
124	83	0.792639
124	87	0.840333
124	89	1.35507
124	98	1.49257
124	99	0.863565
124	100	1.40223
124	122	1.29247
124	140	0.847199
124	142	0.831066
124	143	0.830309
124	149	0.82666
124	156	0.848641
124	157	0.840436
124	160	0.833185
124	164	0.824107
124	168	0.840357
124	172	0.857885
124	175	0.845739
124	176	0.860113
124	177	0.843354
124	179	0.833166
124	180	0.869396
125	40	0.876897
125	53	0.82966
125	86	1.28106
125	126	0.923176
125	128	0.863891
125	137	1.18902
125	140	0.898313
125	142	0.882179
125	143	0.881422
125	145	0.88252
125	146	0.885356
125	148	0.874309
125	149	0.877773
125	152	0.868047
125	155	0.906343
125	157	0.891549
125	160	0.884298
125	161	0.88704
125	162	1.23789
125	164	0.875221
125	165	1.24796
125	166	1.21846
125	167	0.891496
125	168	1.26217
125	170	1.25094
125	177	1.24616
125	179	1.28176
125	180	0.92051
126	44	1.29015
126	63	0.883797
126	80	0.915033
126	95	1.3098
126	103	0.912546
126	112	0.864364
126	115	0.894152
126	125	0.923176
126	135	0.880975
126	142	0.874702
126	143	0.873945
126	145	0.875043
126	146	0.87788
126	148	0.866832
126	152	0.86057
126	153	0.88272
126	155	0.898866
126	157	0.884072
126	161	0.879563
126	162	1.23433
126	164	0.867744
126	167	0.884019
126	172	1.18715
126	174	1.20131
126	175	1.22723
126	177	1.2426
126	178	1.24253
126	179	1.2782
127	8	0.903118
127	33	0.945078
127	37	0.849231
127	47	1.1334
127	73	1.20526
127	77	0.887398
127	88	0.867831
127	97	0.893332
127	98	0.833301
127	104	0.825876
127	113	0.835571
127	117	0.865668
127	119	0.859872
127	120	0.851158
127	121	1.23373
127	122	0.894348
127	123	0.896024
127	136	1.35185
127	139	0.862509
127	144	0.842812
127	147	0.851482
127	150	1.46263
127	151	1.29132
127	154	0.860543
127	172	1.27947
127	173	0.879867
127	175	1.31955
127	177	1.33493
127	180	0.894983
128	36	1.49214
128	78	0.851325
128	80	0.855748
128	95	1.48565
128	112	0.805079
128	115	0.834867
128	125	0.863891
128	131	0.834615
128	136	1.43539
128	140	0.831551
128	141	0.821003
128	142	0.815417
128	143	0.81466
128	145	0.815758
128	146	0.818595
128	149	0.811012
128	150	1.54617
128	152	0.801285
128	153	0.823435
128	155	0.839581
128	157	0.824787
128	159	1.40823
128	161	0.820278
128	167	0.824734
128	170	1.42324
128	173	0.838632
128	175	1.40309
128	178	1.41839
128	180	0.853748
129	19	0.874881
129	28	1.29761
129	62	1.27408
129	106	1.22608
129	110	1.31773
129	115	1.23134
129	118	0.862704
129	137	0.870842
129	139	1.3245
129	142	1.31419
129	150	0.845252
129	154	1.27305
129	156	0.874717
129	158	0.868356
129	159	0.86329
129	163	0.871367
129	164	1.33414
129	165	0.864849
129	166	0.880242
129	168	0.866432
129	169	0.878973
129	170	0.869054
129	172	0.883961
129	174	0.875684
129	175	0.871815
129	176	0.886188
129	177	0.86943
129	178	0.862722
129	179	0.859242
130	16	1.32428
130	68	1.39275
130	72	1.2403
130	77	1.25236
130	105	0.824461
130	116	0.818238
130	136	0.859696
130	138	0.887353
130	149	1.45124
130	150	0.83395
130	151	0.858167
130	155	1.35449
130	157	1.39215
130	158	0.857054
130	159	0.851988
130	163	0.860064
130	165	0.853546
130	166	0.86894
130	169	0.86767
130	170	0.857752
130	171	0.871198
130	172	0.872658
130	173	1.32893
130	174	0.864382
130	175	0.860513
130	176	0.874886
130	177	0.858127
130	178	0.851419
130	179	0.847939
130	180	1.2533
131	8	1.21577
131	15	1.17823
131	20	1.33596
131	38	1.54927
131	42	0.841208
131	70	1.40544
131	76	0.817991
131	81	1.26113
131	83	0.814477
131	87	0.862171
131	88	1.364
131	99	0.885403
131	110	1.36655
131	115	0.872353
131	128	0.834615
131	132	0.864664
131	146	0.856081
131	151	0.865232
131	152	0.838771
131	153	0.860921
131	154	1.32187
131	164	0.845945
131	167	0.86222
131	168	0.862194
131	171	0.878263
131	175	0.867577
131	177	0.865192
131	178	0.858484
131	179	0.855004
131	180	0.891234
132	23	0.858174
132	24	0.860236
132	25	0.86545
132	35	0.838886
132	44	0.870044
132	46	1.42624
132	54	1.32415
132	66	0.846837
132	76	0.810554
132	87	0.854734
132	89	0.861754
132	99	0.877965
132	106	1.2765
132	110	0.857878
132	115	1.28177
132	131	0.864664
132	145	1.40158
132	150	0.833577
132	155	1.32126
132	161	1.27906
132	162	0.859207
132	164	1.38456
132	166	0.868567
132	169	0.867298
132	173	1.2957
132	174	0.864009
132	177	0.857755
132	178	0.851047
132	179	0.847567
132	180	0.883797
133	21	1.26456
133	25	1.31299
133	62	1.32156
133	79	0.86929
133	90	1.36925
133	92	0.836261
133	104	1.47459
133	109	0.858616
133	137	0.85629
133	140	1.30586
133	143	1.38777
133	151	0.854918
133	156	0.860165
133	158	0.853804
133	159	0.848739
133	165	0.850297
133	166	0.86569
133	167	1.3382
133	168	0.85188
133	169	0.864421
133	170	0.854503
133	171	0.867949
133	172	0.869409
133	174	0.861132
133	175	0.857263
133	176	0.871636
133	177	0.854878
133	178	0.84817
133	179	0.84469
133	180	1.21713
134	12	0.898752
134	15	0.898269
134	16	1.4272
134	21	0.85305
134	26	1.28457
134	39	1.46536
134	61	1.35365
134	63	1.48416
134	77	0.859216
134	88	0.839648
134	91	0.846546
134	94	0.882546
134	96	0.864163
134	97	0.865149
134	98	0.805118
134	104	0.797694
134	113	0.807388
134	117	0.837486
134	119	0.83169
134	120	0.822976
134	122	0.866166
134	123	0.867841
134	138	1.30262
134	139	0.834326
134	144	0.81463
134	147	0.8233
134	154	0.83236
134	168	1.39422
134	171	1.35896
134	173	0.851685
134	174	1.33693
135	46	0.829262
135	49	1.25382
135	51	0.814262
135	57	0.795842
135	63	0.849072
135	101	1.34121
135	103	0.877822
135	112	0.82964
135	126	0.880975
135	137	1.37186
135	140	0.856111
135	142	0.839978
135	143	0.839221
135	145	0.840319
135	146	0.843155
135	148	0.832108
135	153	0.847995
135	155	0.864142
135	157	0.849348
135	159	1.41877
135	160	0.842097
135	161	0.844839
135	162	1.42073
135	163	1.38116
135	164	0.833019
135	167	0.849295
135	172	1.37354
135	173	0.863192
135	174	1.38771
135	179	1.4646
135	180	0.878308
136	1	1.21992
136	27	1.19212
136	89	1.34805
136	94	1.17573
136	98	1.48555
136	101	0.879996
136	111	0.847165
136	116	0.819961
136	118	0.853125
136	127	1.35185
136	128	1.43539
136	130	0.859696
136	138	0.889076
136	142	1.37486
136	150	0.835673
136	151	0.859891
136	156	0.865138
136	158	0.858777
136	160	1.38088
136	163	0.861788
136	165	0.85527
136	166	0.870663
136	169	0.869394
136	170	0.859476
136	171	0.872922
136	172	0.874382
136	174	0.866106
136	175	0.862236
136	176	0.876609
136	177	0.859851
136	178	0.853143
136	179	0.849663
136	180	1.23032
137	62	1.26069
137	76	1.46953
137	92	0.841078
137	103	1.2016
137	104	1.41372
137	116	0.819805
137	125	1.18902
137	129	0.870842
137	133	0.85629
137	135	1.37186
137	138	0.88892
137	148	1.38446
137	151	0.859735
137	153	1.28609
137	156	0.864982
137	157	1.2951
137	158	0.858621
137	159	0.853556
137	163	0.861632
137	164	1.32075
137	165	0.855114
137	166	0.870507
137	168	0.856697
