1	10	1.12118
1	64	0.968659
1	98	1.11441
1	124	1.1193
1	127	0.948655
1	137	1.04703
1	144	1.09223
1	151	1.06603
1	165	0.999909
1	172	1.23806
1	175	0.921724
1	178	1.01438
2	71	1.11471
2	75	1.02439
2	85	1.02416
2	87	1.04203
2	142	0.974612
2	146	1.0764
2	151	1.00571
2	171	1.12431
2	174	1.05505
2	175	0.959745
2	177	1.12166
2	180	1.12821
3	46	1.03347
3	70	0.979693
3	77	1.05661
3	78	1.05685
3	110	1.06391
3	111	0.992322
3	143	1.09541
3	144	1.08283
3	152	1.01583
3	165	1.03644
3	170	0.946912
3	173	1.25443
4	55	0.935177
4	56	0.949182
4	80	0.857203
4	91	0.972637
4	92	0.875288
4	94	0.875511
4	96	0.842415
4	103	1.47525
4	147	1.22733
4	159	1.15019
4	166	0.893119
4	167	1.44504
5	34	0.967947
5	43	1.06624
5	52	0.990001
5	59	1.05566
5	65	1.0549
5	110	1.01817
5	133	0.82969
5	143	1.05345
5	164	1.07264
5	167	1.26844
5	168	1.23515
5	178	1.03485
6	12	0.95579
6	18	0.950547
6	40	0.848464
6	68	0.889
6	72	0.848307
6	81	0.902566
6	125	1.16162
6	136	0.905152
6	152	0.93241
6	163	1.36801
6	172	1.50368
6	178	1.27999
7	114	1.05057
7	124	1.18744
7	128	1.04634
7	130	1.0427
7	134	1.00514
7	135	1.00417
7	139	1.01264
7	140	1.03971
7	141	0.953688
7	150	1.04917
7	163	1.17052
7	164	1.06755
8	17	0.743036
8	65	0.82427
8	119	0.964268
8	123	0.865292
8	159	1.13399
8	166	0.776854
8	168	1.0214
8	173	1.02964
8	174	1.0293
8	176	1.00487
8	179	0.971733
8	180	1.00276
9	86	0.880193
9	99	0.969081
9	101	0.867391
9	112	0.883027
9	120	0.894459
9	138	0.932426
9	152	1.19379
9	159	1.19729
9	164	1.29634
9	165	0.900636
9	178	0.881188
9	179	1.61368
10	1	1.12118
10	16	0.900443
10	20	1.12045
10	64	1.00407
10	82	1.22866
10	111	0.964237
10	127	0.984066
10	133	0.84734
10	144	1.12764
10	156	1.16713
10	174	1.20625
10	175	0.957135
11	116	1.05577
11	123	0.994703
11	128	1.04888
11	130	1.04525
11	134	1.00768
11	135	1.00671
11	140	1.04226
11	148	0.922128
11	150	0.988933
11	167	1.20311
11	174	1.12327
11	180	1.19643
12	6	0.95579
12	44	0.860894
12	60	1.08324
12	68	1.0502
12	72	1.00951
12	81	1.06376
12	142	0.952201
12	144	1.10784
12	157	1.07528
12	159	0.966574
12	170	1.22425
12	172	1.30427
13	20	0.876141
13	30	0.915232
13	74	0.790903
13	139	0.853381
13	166	0.743015
13	169	1.06044
13	171	1.04394
13	172	1.0076
13	174	1.04699
13	176	1.02256
13	179	0.98942
13	180	1.02045
14	82	1.12634
14	101	1.00013
14	120	1.0272
14	121	1.08304
14	122	1.0602
14	134	1.00318
14	139	1.01068
14	148	0.902794
14	169	1.10145
14	171	1.1732
14	173	1.12403
14	178	1.01392
15	37	0.845718
15	41	0.918268
15	57	0.869748
15	61	0.93621
15	109	0.959477
15	149	1.2911
15	152	0.937749
15	166	0.919836
15	168	1.33375
15	170	1.32988
15	171	1.35647
15	177	0.8197
16	10	0.900443
16	43	0.837048
16	64	0.747922
16	70	0.768359
16	144	0.871494
16	161	1.65003
16	165	0.825104
16	167	1.74431
16	170	0.735578
16	172	1.78716
16	175	0.700988
16	178	0.805655
17	8	0.743036
17	86	1.01889
17	88	1.01225
17	99	1.10778
17	101	1.00609
17	112	1.02173
17	120	1.03316
17	169	1.04862
17	172	1.17379
17	175	1.1911
17	176	1.15311
17	178	1.01989
18	6	0.950547
18	40	1.00442
18	60	1.078
18	68	1.04496
18	72	1.00426
18	81	1.05852
18	82	1.26236
18	105	0.944445
18	141	1.01013
18	152	1.08837
18	158	1.01036
18	160	1.19055
19	42	1.04131
19	46	1.04265
19	70	0.988872
19	77	1.06579
19	78	1.06603
19	82	1.10573
19	149	1.08722
19	157	0.977025
19	162	1.07589
19	165	1.04562
19	170	0.956091
19	176	1.18533
20	10	1.12045
20	13	0.876141
20	64	0.967934
20	109	1.099
20	127	0.94793
20	129	1.03028
20	137	1.04631
20	144	1.09151
20	159	1.00304
20	165	1.10258
20	175	0.920999
20	180	1.29121
21	66	1.13265
21	79	1.03851
21	96	1.00008
21	113	1.00595
21	117	1.02559
21	118	1.16407
21	136	0.943817
21	142	1.20672
21	166	1.05079
21	174	1.10942
21	177	0.950651
21	178	1.00843
22	47	1.02944
22	63	1.02424
22	71	1.02737
22	75	0.937053
22	85	0.936822
22	146	0.989063
22	153	0.978081
22	165	1.05355
22	166	1.01077
22	172	1.2917
22	175	0.872406
22	176	1.27102
22	180	1.24218
23	58	0.952171
23	89	1.00734
23	90	0.933701
23	97	0.968641
23	113	0.953916
23	117	0.973562
23	121	1.03418
23	122	1.01134
23	150	1.01426
23	169	1.14611
23	173	1.1687
23	175	1.28859
23	177	1.21521
24	32	0.633356
24	54	0.813283
24	83	0.829544
24	94	0.749331
24	119	0.778929
24	137	0.66647
24	167	1.10692
24	168	1.12775
24	172	1.09627
24	173	1.136
24	174	1.13566
24	179	1.07809
24	180	1.10912
25	28	0.975735
25	31	0.874166
25	86	0.973679
25	99	1.06257
25	112	0.976514
25	120	0.987946
25	131	1.1103
25	154	0.9686
25	160	1.12642
25	165	0.994123
25	171	1.24509
25	178	0.974674
25	179	1.37721
26	70	1.0639
26	77	1.14081
26	78	1.14105
26	137	1.12184
26	143	0.845209
26	144	1.16703
26	159	0.76913
26	165	1.12064
26	167	1.06397
26	170	1.03112
26	173	1.00424
26	176	1.08614
26	179	1.18552
27	30	1.00228
27	33	1.00419
27	66	1.09169
27	76	0.946971
27	83	0.888485
27	84	0.963998
27	93	1.01729
27	136	1.02874
27	142	1.29164
27	153	1.00342
27	172	1.31704
27	174	1.19435
27	177	0.909684
28	25	0.975735
28	74	1.02318
28	88	0.960443
28	101	0.954278
28	112	0.969914
28	120	0.981346
28	136	1.1152
28	143	1.14188
28	147	0.984815
28	152	1.0623
28	153	1.08988
28	175	1.42081
28	178	0.968075
29	47	0.923674
29	60	0.884406
29	69	0.954423
29	72	1.05928
29	78	0.796081
29	167	0.96813
29	168	0.988966
29	171	0.993819
29	172	0.957487
29	173	0.997213
29	176	0.972445
29	179	0.939303
29	180	0.970329
30	13	0.915232
30	27	1.00228
30	73	0.96362
30	76	0.964017
30	83	0.905532
30	84	0.981045
30	93	1.03434
30	124	1.26107
30	132	1.02355
30	141	1.02732
30	163	1.24415
30	169	1.25465
30	177	0.926731
31	25	0.874166
31	86	0.865511
31	88	0.858874
31	101	0.852709
31	112	0.868345
31	120	0.879777
31	124	1.46638
31	151	0.85741
31	159	1.24744
31	161	1.44801
31	165	0.885955
31	167	1.54229
31	178	0.866506
32	24	0.633356
32	34	1.05366
32	43	1.15196
32	52	1.07572
32	59	1.14137
32	65	1.14061
32	110	0.956334
32	143	1.13917
32	147	0.988893
32	152	0.908252
32	165	1.0113
32	178	1.12057
32	179	1.32815
33	27	1.00419
33	73	0.965523
33	76	0.96592
33	79	1.01649
33	83	0.907434
33	84	0.982948
33	93	1.03624
33	150	1.08292
33	155	1.23119
33	157	1.11096
33	177	0.928634
33	178	1.11626
33	180	1.29042
34	5	0.967947
34	32	1.05366
34	43	0.931503
34	52	0.85526
34	59	0.920914
34	65	0.920157
34	129	1.11585
34	138	0.951349
34	143	0.918712
34	148	1.10248
34	157	1.19732
34	171	1.37288
34	175	1.44361
34	178	0.90011
35	63	1.17469
35	67	1.19207
35	75	1.08751
35	85	1.08728
35	87	1.10515
35	125	1.17136
35	147	0.815645
35	150	0.819176
35	162	0.946082
35	166	1.16122
35	175	1.02286
35	177	1.02013
35	179	1.1549
36	39	1.06257
36	51	1.08261
36	80	1.01607
36	91	1.13151
36	92	1.03416
36	94	1.03438
36	96	1.00129
36	136	0.871379
36	155	1.05091
36	160	0.987587
36	166	1.05199
36	172	1.15968
36	175	1.17698
36	180	1.11015
37	15	0.845718
37	41	0.958715
37	50	0.944411
37	57	0.910195
37	61	0.976658
37	109	0.999924
37	136	0.950939
37	165	1.09725
37	166	0.960283
37	170	1.25539
37	172	1.33541
37	173	1.23282
37	176	1.31472
37	177	0.860148
38	41	1.06052
38	50	1.04622
38	57	1.012
38	61	1.07846
38	103	1.15747
38	109	1.10173
38	124	1.05135
38	127	1.16329
38	131	0.981899
38	151	0.998082
38	152	1.08
38	160	0.998022
38	166	1.06209
38	177	0.961955
39	36	1.06257
39	56	1.10105
39	80	1.00907
39	91	1.1245
39	92	1.02715
39	94	1.02738
39	96	0.994281
39	124	1.04862
39	127	1.16057
39	156	1.00557
39	166	1.04499
39	170	1.08737
39	177	1.11131
39	178	0.943696
40	6	0.848464
40	18	1.00442
40	49	0.963152
40	60	0.975913
40	68	0.942872
40	72	0.90218
40	81	0.956438
40	125	1.1589
40	142	0.844875
40	144	1.00051
40	157	1.27196
40	158	1.14867
40	174	1.37826
40	178	1.27727
41	15	0.918268
41	37	0.958715
41	38	1.06052
41	50	1.01696
41	57	0.982745
41	61	1.04921
41	124	1.13164
41	152	1.05075
41	153	0.936775
41	160	1.07831
41	163	1.11473
41	166	1.03283
41	170	1.17038
41	177	0.932698
41	179	1.32909
42	19	1.04131
42	46	0.99864
42	70	0.944864
42	77	1.02178
42	78	1.02202
42	110	1.04195
42	137	1.0028
42	141	0.982561
42	144	1.048
42	147	1.07451
42	151	1.16304
42	165	1.00161
42	169	1.20989
42	170	0.912083
42	177	1.27899
43	5	1.06624
43	16	0.837048
43	32	1.15196
43	34	0.931503
43	52	0.953557
43	59	1.01921
43	65	1.01845
43	110	1.08609
43	111	1.01451
43	127	1.37239
43	129	1.06875
43	133	0.897611
43	138	1.04965
43	168	1.30307
43	178	0.998408
44	12	0.860894
44	49	0.821347
44	117	0.930508
44	119	0.951648
44	134	0.927325
44	139	0.874599
44	150	1.09369
44	163	1.01683
44	164	1.05413
44	172	0.95684
44	173	0.996566
44	174	0.996222
44	176	0.971798
44	179	0.938657
44	180	0.969682
45	64	0.972449
45	79	1.0516
45	83	0.942541
45	134	1.01943
45	137	1.05082
45	139	1.02694
45	140	1.05401
45	141	1.05674
45	153	1.09562
45	158	1.05696
45	159	1.07155
45	174	1.28656
45	175	0.925515
45	177	0.96374
45	178	1.18556
46	3	1.03347
46	19	1.04265
46	42	0.99864
46	70	0.946198
46	77	1.02311
46	78	1.02335
46	137	1.00413
46	151	1.07303
46	157	1.01606
46	162	1.11493
46	163	1.10938
46	165	1.00294
46	170	0.913417
46	174	1.12236
46	179	1.32375
47	22	1.02944
47	29	0.923674
47	63	1.06654
47	71	1.06967
47	75	0.979359
47	85	0.979128
47	87	0.997
47	103	1.29378
47	141	0.953911
47	142	0.929578
47	155	1.19766
47	165	1.06827
47	166	1.05307
47	174	1.18373
47	175	0.914711
48	56	0.82278
48	60	0.898548
48	75	1.0564
48	91	0.763174
48	98	0.889658
48	99	0.84078
48	103	1.0054
48	162	1.03246
48	164	1.06479
48	172	0.967502
48	173	1.00723
48	174	1.00688
48	176	0.98246
48	179	0.949319
48	180	0.980344
49	40	0.963152
49	44	0.821347
49	60	1.03673
49	68	1.00369
49	72	0.962995
49	81	1.01725
49	136	1.01984
49	142	0.90569
49	144	1.06133
49	151	1.09269
49	152	1.0471
49	162	1.1346
49	168	1.18858
49	170	1.18471
49	180	1.21519
50	37	0.944411
50	38	1.04622
50	41	1.01696
50	57	0.968441
50	61	1.0349
50	136	1.00918
50	143	1.06816
50	147	1.06922
50	148	1.00594
50	150	1.07275
50	152	1.03644
50	166	1.01853
50	173	1.22718
50	176	1.30909
50	177	0.918393
51	36	1.08261
51	55	1.10708
51	80	1.0291
51	91	1.14454
51	92	1.04719
51	94	1.04741
51	96	1.01432
51	110	0.951335
51	115	0.919616
51	132	1.0617
51	133	0.762851
51	166	1.06502
51	169	1.11928
51	173	1.14186
51	174	1.12176
51	175	1.26176
52	5	0.990001
52	32	1.07572
52	34	0.85526
52	43	0.953557
52	59	0.942968
52	65	0.942211
52	98	1.01018
52	126	1.06425
52	127	1.26245
52	138	0.973403
52	143	0.940766
52	170	1.18925
52	171	1.21584
52	177	1.21319
52	178	0.922164
52	180	1.21974
53	66	1.18994
53	73	1.04482
53	76	1.04522
53	79	1.09579
53	83	0.986735
53	84	1.06225
53	93	1.11554
53	124	1.07071
53	151	1.06528
53	156	1.02766
53	157	0.960484
53	165	0.95132
53	176	1.16879
53	177	1.00793
53	178	0.965787
53	180	1.13995
54	24	0.813283
54	58	0.938756
54	89	0.993925
54	90	0.920287
54	95	0.988028
54	97	0.955226
54	102	0.931564
54	113	0.940502
54	117	0.960147
54	121	1.02077
54	122	0.997923
54	148	1.10555
54	157	1.20039
54	160	1.25729
54	175	1.44668
54	178	1.20569
55	4	0.935177
55	51	1.10708
55	56	1.13252
55	80	1.04054
55	91	1.15598
55	92	1.05863
55	94	1.05885
55	96	1.02575
55	115	0.954603
55	141	0.92693
55	147	1.01888
55	154	0.949525
55	157	1.05045
55	163	1.14377
55	166	1.07646
55	180	1.22991
56	4	0.949182
56	39	1.10105
56	48	0.82278
56	55	1.13252
56	80	1.05455
56	92	1.07263
56	94	1.07286
56	96	1.03976
56	103	1.17874
56	118	1.12334
56	133	0.709784
56	137	1.07741
56	163	1.05571
56	166	1.09046
56	173	1.08879
56	176	1.1707
57	15	0.869748
57	37	0.910195
57	38	1.012
57	41	0.982745
57	50	0.968441
57	61	1.00069
57	100	1.27839
57	136	0.974969
57	152	1.00223
57	154	1.00222
57	165	1.09399
57	166	0.984313
57	169	1.20696
57	170	1.25212
57	172	1.33214
57	177	0.884177
58	23	0.952171
58	54	0.938756
58	90	0.922761
58	95	0.990502
58	97	0.9577
58	102	0.934038
58	113	0.942975
58	117	0.962621
58	121	1.02324
58	122	1.0004
58	133	0.899903
58	150	1.12448
58	159	1.04381
58	161	1.24437
58	172	1.3815
58	179	1.4602
59	5	1.05566
59	32	1.14137
59	34	0.920914
59	43	1.01921
59	52	0.942968
59	65	1.00787
59	98	1.07584
59	125	0.924108
59	138	1.03906
59	143	1.00642
59	145	1.154
59	148	0.942335
59	163	1.13049
59	169	1.14099
59	170	1.18615
59	177	1.21009
59	178	0.987818
60	12	1.08324
60	18	1.078
60	29	0.884406
60	40	0.975913
60	48	0.898548
60	49	1.03673
60	68	1.01645
60	72	0.975757
60	81	1.03001
60	136	1.0326
60	142	0.918451
60	152	1.05986
60	155	1.15839
60	161	1.13002
60	165	1.029
60	175	1.28446
60	178	1.04347
61	15	0.93621
61	37	0.976658
61	38	1.07846
61	41	1.04921
61	50	1.0349
61	57	1.00069
61	126	1.0777
61	136	1.04143
61	141	0.930211
61	152	1.06869
61	155	1.17396
61	156	1.12091
61	162	1.1526
61	165	1.04457
61	166	1.05078
61	173	1.18013
61	177	0.95064
62	82	1.13816
62	89	1.05175
62	95	1.04585
62	97	1.01305
62	102	0.989384
62	113	0.998322
62	117	1.01797
62	121	1.07859
62	122	1.05574
62	127	0.931732
62	129	0.927979
62	142	1.21304
62	143	1.02807
62	158	0.886153
62	161	1.10131
62	170	1.15842
62	175	1.25574
63	22	1.02424
63	35	1.17469
63	47	1.06654
63	71	1.06447
63	85	0.973927
63	87	0.991799
63	136	0.976317
63	142	0.924377
63	143	1.003
63	146	1.02617
63	149	1.14582
63	158	0.912329
63	166	1.04787
63	167	1.22176
63	170	1.1846
63	175	0.90951
63	176	1.24393
64	1	0.968659
64	10	1.00407
64	16	0.747922
64	20	0.967934
64	45	0.972449
64	98	0.997299
64	109	0.982616
64	125	1.10662
64	127	0.831545
64	137	0.929923
64	144	0.975121
64	147	1.18812
64	151	1.27665
64	170	1.36867
64	175	0.804614
64	178	1.225
64	180	1.39915
65	5	1.0549
65	8	0.82427
65	32	1.14061
65	34	0.920157
65	43	1.01845
65	52	0.942211
65	59	1.00787
65	98	1.07508
65	127	1.24821
65	136	0.966728
65	138	1.0383
65	143	1.00566
65	147	0.994467
65	149	1.13623
65	155	1.14626
65	176	1.23434
65	178	0.987061
66	21	1.13265
66	27	1.09169
66	53	1.18994
66	73	1.05302
66	76	1.05342
66	83	0.994935
66	84	1.07045
66	93	1.12374
66	124	1.10664
66	133	0.743802
66	142	1.20001
66	143	0.963786
66	151	1.07348
66	153	0.911779
66	155	1.11664
66	156	1.06359
66	162	1.09528
66	177	1.01613
67	35	1.19207
67	78	1.29469
67	83	1.5615
67	103	0.834192
67	132	1.33046
67	142	0.807983
67	161	0.847421
67	163	0.856284
67	164	0.893581
67	166	1.32347
67	168	0.827772
67	169	0.849133
67	172	0.796293
67	173	0.836019
67	174	0.835675
67	176	0.811251
67	179	0.77811
67	180	0.809135
68	6	0.889
68	12	1.0502
68	18	1.04496
68	40	0.942872
68	49	1.00369
68	60	1.01645
68	72	0.942716
68	81	0.996974
68	133	0.854123
68	136	0.99956
68	142	0.885411
68	149	1.21693
68	152	1.02682
68	158	0.983438
68	164	1.09708
68	168	1.25958
68	170	1.25571
68	179	1.41442
69	29	0.954423
69	106	0.99971
69	107	0.99926
69	116	1.00845
69	119	0.981842
69	123	0.947379
69	128	1.00155
69	129	1.02671
69	130	0.997921
69	134	0.960358
69	135	0.959385
69	139	0.967861
69	140	0.994932
69	149	1.21837
69	151	1.16514
69	164	1.09852
69	168	1.26103
69	173	1.23458
70	3	0.979693
70	16	0.768359
70	19	0.988872
70	26	1.0639
70	42	0.944864
70	46	0.946198
70	77	0.969336
70	78	0.969578
70	131	1.13789
70	137	0.950359
70	144	0.995557
70	150	1.06908
70	162	1.19598
70	165	0.949167
70	168	1.24996
70	170	0.859641
70	172	1.3261
70	174	1.20341
70	176	1.30542
71	2	1.11471
71	22	1.02737
71	47	1.06967
71	63	1.06447
71	75	0.977289
71	85	0.977058
71	87	0.99493
71	115	0.911857
71	127	1.22987
71	131	1.04848
71	133	1.18449
71	146	1.0293
71	151	1.06466
71	154	0.906779
71	166	1.051
71	167	1.19384
71	173	1.1341
71	174	1.114
71	175	0.912642
72	6	0.848307
72	12	1.00951
72	18	1.00426
72	29	1.05928
72	40	0.90218
72	49	0.962995
72	60	0.975757
72	68	0.942716
72	81	0.956282
72	100	1.38828
72	133	0.960425
72	136	0.958868
72	142	0.844718
72	143	1.18041
72	144	1.00036
72	148	1.11819
72	152	0.986126
72	163	1.30635
72	173	1.33944
73	30	0.96362
73	33	0.965523
73	53	1.04482
73	66	1.05302
73	76	0.908306
73	79	0.958879
73	83	0.84982
73	84	0.925333
73	93	0.978625
73	146	0.949452
73	151	0.928366
73	153	1.00875
73	162	1.19225
73	171	1.26894
73	173	1.21978
73	176	1.30169
73	177	0.871019
73	178	1.09868
73	179	1.40107
74	13	0.790903
74	28	1.02318
74	86	1.02112
74	88	1.01449
74	99	1.11001
74	101	1.00832
74	112	1.02396
74	120	1.03539
74	126	1.05048
74	138	1.07336
74	147	1.03886
74	148	0.931666
74	149	1.1367
74	159	0.917801
74	162	1.12538
74	165	1.04157
74	178	1.02212
74	179	1.33419
74	180	1.20597
75	2	1.02439
75	22	0.937053
75	35	1.08751
75	47	0.979359
75	48	1.0564
75	71	0.977289
75	85	0.886744
75	87	0.904616
75	109	1.00033
75	115	1.10017
75	125	0.970824
75	127	1.41819
75	142	0.837194
75	145	1.31285
75	153	1.11138
75	156	1.26319
75	159	1.08731
75	166	0.960688
75	175	0.822327
76	27	0.946971
76	30	0.964017
76	33	0.96592
76	53	1.04522
76	66	1.05342
76	73	0.908306
76	83	0.850218
76	84	0.925731
76	93	0.979023
76	129	1.05971
76	142	1.34477
76	145	1.25801
76	146	0.949849
76	151	0.928763
76	158	1.01788
76	164	1.13152
76	176	1.34948
76	177	0.871417
76	180	1.32064
77	3	1.05661
77	19	1.06579
77	26	1.14081
77	42	1.02178
77	46	1.02311
77	70	0.969336
77	78	1.04649
77	137	1.02727
77	141	0.949516
77	144	1.07247
77	147	1.04147
77	148	0.978194
77	150	1.045
77	154	0.972111
77	156	1.14021
77	165	1.02608
77	168	1.22589
77	170	0.936556
77	177	1.24595
78	3	1.05685
78	19	1.06603
78	26	1.14105
78	29	0.796081
78	42	1.02202
78	46	1.02335
78	67	1.29469
78	70	0.969578
78	77	1.04649
78	131	0.990615
78	137	1.02752
78	144	1.07271
78	153	0.865204
78	161	1.0417
78	165	1.02632
78	170	0.936798
78	176	1.15814
78	178	0.95514
78	179	1.25752
79	21	1.03851
79	33	1.01649
79	45	1.0516
79	53	1.09579
79	73	0.958879
79	83	0.90079
79	84	0.976304
79	93	1.0296
79	111	0.929785
79	132	1.01881
79	146	1.00042
79	147	1.03393
79	151	0.979336
79	154	0.964574
79	160	1.1224
79	169	1.16931
79	173	1.1919
79	175	1.31179
79	176	1.27381
79	177	0.92199
80	4	0.857203
80	36	1.01607
80	39	1.00907
80	51	1.0291
80	55	1.04054
80	56	1.05455
80	91	1.078
80	92	0.980654
80	94	0.980876
80	96	0.947781
80	105	0.908418
80	125	0.984556
80	132	0.995166
80	142	1.30122
80	159	0.988917
80	160	1.15452
80	162	1.19649
80	166	0.998485
80	174	1.20392
80	177	1.27054
81	6	0.902566
81	12	1.06376
81	18	1.05852
81	40	0.956438
81	49	1.01725
81	60	1.03001
81	68	0.996974
81	72	0.956282
81	133	0.835828
81	136	1.01313
81	141	0.964919
81	142	0.898977
81	144	1.05462
81	152	1.04038
81	153	1.0038
81	168	1.24129
81	175	1.33473
81	177	1.26135
81	178	1.09374
81	180	1.2679
82	10	1.22866
82	14	1.12634
82	18	1.26236
82	19	1.10573
82	62	1.13816
82	88	1.16804
82	118	0.906533
82	132	1.11432
82	155	0.912096
82	158	1.03502
82	163	0.912512
82	164	0.949809
82	167	0.863165
82	171	0.888853
82	172	0.852521
82	173	0.892247
82	175	0.849344
82	176	0.867479
82	178	0.954012
82	179	0.834338
82	180	0.865363
83	24	0.829544
83	27	0.888485
83	30	0.905532
83	33	0.907434
83	45	0.942541
83	53	0.986735
83	66	0.994935
83	67	1.5615
83	73	0.84982
83	76	0.850218
83	79	0.90079
83	84	0.867245
83	93	0.920537
83	146	0.891363
83	151	0.870277
83	155	1.33688
83	161	1.30851
83	164	1.20699
83	169	1.32046
83	175	1.46294
83	177	0.812931
84	27	0.963998
84	30	0.981045
84	33	0.982948
84	53	1.06225
84	66	1.07045
84	73	0.925333
84	76	0.925731
84	79	0.976304
84	83	0.867245
84	93	0.99605
84	132	0.985261
84	146	0.966877
84	150	1.06632
84	154	0.993435
84	156	1.16154
84	158	0.971064
84	174	1.20066
84	175	1.34065
84	177	0.888444
84	179	1.40204
84	180	1.27382
85	2	1.02416
85	22	0.936822
85	35	1.08728
85	47	0.979128
85	63	0.973927
85	71	0.977058
85	75	0.886744
85	87	0.904385
85	109	1.0001
85	133	1.09395
85	146	0.938754
85	148	1.05002
85	149	1.25505
85	150	1.11682
85	158	1.02156
85	160	1.20176
85	162	1.24373
85	166	0.960457
85	173	1.27126
85	174	1.25116
85	175	0.822096
86	9	0.880193
86	17	1.01889
86	25	0.973679
86	31	0.865511
86	74	1.02112
86	88	0.958388
86	99	1.05391
86	101	0.952223
86	112	0.967859
86	118	1.23535
86	120	0.979291
86	126	1.09838
86	141	0.950889
86	142	1.278
86	147	0.98276
86	150	1.04637
86	165	0.985468
86	170	1.22338
86	173	1.20081
86	178	0.96602
86	179	1.38209
87	2	1.04203
87	35	1.10515
87	47	0.997
87	63	0.991799
87	71	0.99493
87	75	0.904616
87	85	0.904385
87	109	1.01797
87	125	0.988465
87	142	0.854834
87	146	0.956626
87	153	1.02631
87	160	1.16785
87	162	1.20982
87	164	1.10129
87	166	0.978329
87	169	1.21476
87	172	1.33994
87	173	1.23735
87	175	0.839968
87	178	1.11625
88	17	1.01225
88	28	0.960443
88	31	0.858874
88	74	1.01449
88	82	1.16804
88	86	0.958388
88	99	1.04728
88	101	0.945586
88	112	0.961222
88	120	0.972654
88	133	0.786719
88	145	1.15616
88	147	0.976123
88	151	0.950287
88	156	1.10651
88	165	0.978832
88	171	1.21489
88	175	1.28562
88	177	1.21224
88	178	0.959383
88	179	1.34701
89	23	1.00734
89	54	0.993925
89	62	1.05175
89	90	0.977929
89	95	1.04567
89	97	1.01287
89	102	0.989206
89	111	0.909051
89	113	0.998144
89	117	1.01779
89	121	1.07841
89	122	1.05557
89	127	0.931554
89	138	1.06053
89	145	1.16159
89	158	0.92147
89	159	0.936058
89	161	1.13663
89	171	1.22033
89	173	1.17116
89	176	1.25307
89	177	1.21768
90	23	0.933701
90	54	0.920287
90	58	0.922761
90	89	0.977929
90	95	0.972032
90	97	0.939231
90	102	0.915568
90	113	0.924506
90	117	0.944152
90	121	1.00477
90	122	0.981927
90	127	0.857916
90	143	0.954255
90	146	0.947643
90	148	1.13815
90	152	1.12078
90	156	1.30017
90	158	1.1097
90	159	1.12429
90	164	1.22333
90	170	1.38197
90	177	1.40591
91	4	0.972637
91	36	1.13151
91	39	1.1245
91	48	0.763174
91	51	1.14454
91	55	1.15598
91	80	1.078
91	92	1.09609
91	94	1.09631
91	96	1.06321
91	125	0.78972
91	132	1.1106
91	137	1.10087
91	142	1.10638
91	157	0.902788
91	166	1.11392
91	169	1.0066
91	170	1.05176
91	171	1.07835
91	172	1.13178
91	178	0.90809
91	179	1.21047
92	4	0.875288
92	36	1.03416
92	39	1.02715
92	51	1.04719
92	55	1.05863
92	56	1.07263
92	80	0.980654
92	91	1.09609
92	94	0.998962
92	96	0.965867
92	126	1.0261
92	131	1.04291
92	132	1.01325
92	137	1.00352
92	155	1.12236
92	157	1.00213
92	165	0.992964
92	166	1.01657
92	167	1.18827
92	171	1.17769
92	176	1.21043
92	177	1.17504
93	27	1.01729
93	30	1.03434
93	33	1.03624
93	53	1.11554
93	66	1.12374
93	73	0.978625
93	76	0.979023
93	79	1.0296
93	83	0.920537
93	84	0.99605
93	115	0.998371
93	136	1.03491
93	141	0.970698
93	146	1.02017
93	147	1.06265
93	151	0.999083
93	154	0.993292
93	163	1.18753
93	167	1.28036
93	176	1.30252
93	177	0.941736
93	178	1.09952
94	4	0.875511
94	24	0.749331
94	36	1.03438
94	39	1.02738
94	51	1.04741
94	55	1.05885
94	56	1.07286
94	80	0.980876
94	91	1.09631
94	92	0.998962
94	96	0.966089
94	115	1.04059
94	132	1.01347
94	137	1.00374
94	145	1.25326
94	151	1.1934
94	152	1.02423
94	154	1.03551
94	165	1.12727
94	166	1.01679
94	174	1.24273
94	178	1.14174
95	54	0.988028
95	58	0.990502
95	62	1.04585
95	89	1.04567
95	90	0.972032
95	97	1.00697
95	100	1.1957
95	102	0.98331
95	113	0.992247
95	115	0.924607
95	117	1.01189
95	118	1.1814
95	121	1.07251
95	122	1.04967
95	125	0.907384
95	143	1.022
95	146	1.01538
95	164	1.01079
95	168	1.1733
95	178	1.02576
95	179	1.32814
95	180	1.19991
96	4	0.842415
96	21	1.00008
96	36	1.00129
96	39	0.994281
96	51	1.01432
96	55	1.02575
96	56	1.03976
96	80	0.947781
96	91	1.06321
96	92	0.965867
96	94	0.966089
96	125	0.963668
96	132	0.980378
96	137	0.970645
96	151	1.1337
96	162	1.17561
96	164	1.06708
96	165	1.06757
96	166	0.983697
96	170	1.22571
96	173	1.20314
96	174	1.18304
96	175	1.32303
97	23	0.968641
97	54	0.955226
97	58	0.9577
97	62	1.01305
97	89	1.01287
97	90	0.939231
97	95	1.00697
97	102	0.950508
97	113	0.959446
97	117	0.979091
97	121	1.03971
97	122	1.01687
97	138	1.02183
97	146	0.982583
97	147	1.05091
97	153	0.997846
97	161	1.17434
97	163	1.1758
97	164	1.07282
97	169	1.18629
97	170	1.23145
97	174	1.18878
97	177	1.25539
98	1	1.11441
98	48	0.889658
98	52	1.01018
98	59	1.07584
98	64	0.997299
98	65	1.07508
98	109	1.12837
98	111	0.893558
98	130	1.08185
98	135	1.04331
98	136	0.969965
98	139	1.05179
98	140	1.07886
98	141	0.905753
98	144	1.12087
98	151	1.08623
98	152	0.917063
98	163	1.12259
98	168	1.18212
98	173	1.15567
98	175	0.950364
98	177	1.20219
98	178	1.05503
99	9	0.969081
99	17	1.10778
99	25	1.06257
99	48	0.84078
99	74	1.11001
99	86	1.05391
99	88	1.04728
99	101	1.04111
99	111	0.84468
99	112	1.05675
99	120	1.06818
99	127	1.20257
99	131	1.02117
99	138	1.10615
99	151	1.04581
99	158	0.857099
99	160	1.0373
99	164	0.970736
99	165	1.07436
99	167	1.16653
99	175	1.22669
99	177	1.15331
99	178	1.05491
100	57	1.27839
100	72	1.38828
100	95	1.1957
100	106	1.27272
100	123	1.2423
100	124	0.909803
100	128	1.17636
100	129	0.953049
100	144	1.12665
100	148	0.966892
100	159	0.950606
100	161	0.85766
100	162	0.871486
100	167	0.817176
100	168	0.838012
100	169	0.859373
100	171	0.842865
100	172	0.806533
100	173	0.846259
100	174	0.845915
100	176	0.821491
100	179	0.788349
100	180	0.819375
101	9	0.867391
101	14	1.00013
101	17	1.00609
101	28	0.954278
101	31	0.852709
101	74	1.00832
101	86	0.952223
101	88	0.945586
101	99	1.04111
101	112	0.955057
101	120	0.966489
101	126	1.12998
101	147	0.969958
101	149	1.2162
101	150	1.07797
101	151	0.944122
101	154	1.00508
101	164	1.09635
101	165	0.972666
101	174	1.21231
101	176	1.31431
101	177	1.27892
101	178	0.953218
101	179	1.41369
102	54	0.931564
102	58	0.934038
102	62	0.989384
102	89	0.989206
102	90	0.915568
102	95	0.98331
102	97	0.950508
102	113	0.935783
102	117	0.955429
102	118	1.21631
102	121	1.01605
102	122	0.993205
102	126	1.07934
102	127	0.869193
102	138	0.998168
102	143	0.965532
102	146	0.95892
102	149	1.16556
102	157	1.05536
102	161	1.14723
102	170	1.20434
102	172	1.28435
102	179	1.36305
102	180	1.23483
103	4	1.47525
103	38	1.15747
103	47	1.29378
103	48	1.0054
103	56	1.17874
103	67	0.834192
103	108	1.24827
103	118	0.855944
103	122	1.23053
103	131	0.920101
103	140	1.2253
103	153	0.958724
103	155	0.861507
103	160	0.884534
103	162	0.866886
103	163	0.861923
103	168	0.833411
103	171	0.838264
103	172	0.801932
103	174	0.841314
103	177	0.83698
103	179	0.783749
103	180	0.814774
104	105	0.889026
104	106	0.980668
104	107	0.980218
104	108	0.978527
104	114	0.986745
104	116	0.989403
104	119	0.9628
104	123	0.928337
104	128	0.982512
104	130	0.978879
104	131	1.11901
104	134	0.941316
104	135	0.940343
104	139	0.948819
104	140	0.97589
104	142	1.28183
104	147	0.968804
104	167	1.26437
104	169	1.18205
104	170	0.881987
104	172	1.30722
104	174	1.18453
104	177	1.25115
104	180	1.25769
105	18	0.944445
105	80	0.908418
105	104	0.889026
105	108	0.842717
105	119	0.976828
105	121	0.857401
105	122	0.824977
105	128	0.81191
105	132	0.796403
105	135	0.854691
105	157	1.09553
105	161	1.0375
105	162	1.05133
105	163	1.04637
105	167	0.997021
105	168	1.01786
105	169	1.03922
105	173	1.0261
105	174	1.02576
105	175	0.9832
105	176	1.00134
105	178	1.08787
105	179	0.968194
105	180	0.999219
106	69	0.99971
106	100	1.27272
106	104	0.980668
106	107	1.02377
106	108	1.02208
106	114	1.0303
106	115	1.00163
106	116	1.03296
106	119	1.00635
106	123	0.971892
106	128	1.02607
106	130	1.02243
106	131	1.13825
106	134	0.984871
106	135	0.983899
106	136	1.03816
106	139	0.992374
106	140	1.01945
106	152	0.985262
106	153	1.01284
106	165	1.08831
106	170	0.925542
106	171	1.27303
106	173	1.22387
106	178	1.10277
107	69	0.99926
107	104	0.980218
107	106	1.02377
107	108	1.02163
107	114	1.02985
107	116	1.03251
107	118	1.26741
107	119	1.0059
107	123	0.971441
107	128	1.02562
107	130	1.02198
107	134	0.98442
107	135	0.983448
107	136	1.04716
107	139	0.991924
107	140	1.01899
107	141	0.982946
107	152	0.994256
107	158	0.98317
107	160	1.16337
107	161	1.19833
107	165	1.0973
107	170	0.925092
107	173	1.23286
107	180	1.28593
108	103	1.24827
108	104	0.978527
108	105	0.842717
108	106	1.02208
108	107	1.02163
108	114	1.02816
108	116	1.03082
108	119	1.00421
108	123	0.96975
108	128	1.02393
108	130	1.02029
108	134	0.982729
108	135	0.981757
108	139	0.990233
108	140	1.0173
108	147	1.01022
108	153	0.947289
108	156	1.0991
108	158	0.908628
108	168	1.18477
108	170	0.923401
108	171	1.20749
108	172	1.26091
108	175	1.27822
108	178	1.03723
109	15	0.959477
109	20	1.099
109	37	0.999924
109	38	1.10173
109	64	0.982616
109	75	1.00033
109	85	1.0001
109	87	1.01797
109	98	1.12837
109	111	0.871862
109	115	0.91173
109	137	1.06099
109	145	1.1244
109	146	1.05234
109	151	1.06454
109	155	1.1278
109	166	1.07404
109	167	1.19371
109	168	1.16043
109	169	1.11139
109	170	1.15655
109	173	1.13398
109	175	0.935682
109	177	0.973907
110	3	1.06391
110	5	1.01817
110	32	0.956334
110	42	1.04195
110	43	1.08609
110	51	0.951335
110	130	0.94399
110	131	1.02743
110	140	0.944821
110	144	0.887282
110	146	1.00143
110	150	1.04612
110	154	1.08714
110	156	0.991377
110	158	1.09176
110	160	0.991868
110	161	0.960393
110	167	0.919909
110	168	0.940745
110	169	0.962106
110	171	0.945598
110	173	0.948991
110	174	0.948647
110	176	0.924224
110	179	0.891082
110	180	0.922108
111	3	0.992322
111	10	0.964237
111	43	1.01451
111	79	0.929785
111	89	0.909051
111	98	0.893558
111	99	0.84468
111	109	0.871862
111	116	0.905511
111	132	0.849895
111	145	1.05046
111	149	1.06199
111	153	1.14898
111	156	1.0743
111	157	1.10134
111	163	1.05218
111	166	0.842905
111	167	1.00283
111	168	1.02367
111	169	1.04503
111	172	0.992189
111	173	1.03192
111	174	1.03157
111	176	1.00715
111	179	0.974006
111	180	1.00503
112	9	0.883027
112	17	1.02173
112	25	0.976514
112	28	0.969914
112	31	0.868345
112	74	1.02396
112	86	0.967859
112	88	0.961222
112	99	1.05675
112	101	0.955057
112	118	1.33776
112	120	0.982125
112	133	0.92421
112	136	1.11751
112	138	1.02009
112	141	1.0533
112	142	1.38041
112	147	0.985594
112	148	1.08198
112	151	0.959758
112	152	1.06461
112	159	1.06811
112	160	1.23372
112	165	0.988302
112	176	1.38513
112	178	0.968854
113	21	1.00595
113	23	0.953916
113	54	0.940502
113	58	0.942975
113	62	0.998322
113	89	0.998144
113	90	0.924506
113	95	0.992247
113	97	0.959446
113	102	0.935783
113	115	1.04824
113	117	0.964367
113	121	1.02498
113	122	1.00214
113	138	1.00711
113	143	0.974469
113	145	1.26091
113	146	0.967858
113	147	1.11251
113	148	1.04924
113	152	1.03187
113	154	1.04316
113	162	1.24295
113	168	1.29693
113	169	1.2479
113	180	1.32354
114	7	1.05057
114	104	0.986745
114	106	1.0303
114	107	1.02985
114	108	1.02816
114	116	1.03904
114	119	1.01243
114	123	0.977969
114	125	1.04553
114	128	1.03214
114	130	1.02851
114	134	0.990948
114	135	0.989976
114	139	0.998451
114	140	1.02552
114	143	0.985639
114	145	1.13509
114	146	0.981723
114	156	1.08544
114	164	1.00861
114	165	1.0091
114	168	1.17112
114	170	0.931619
114	174	1.12457
114	176	1.22657
114	177	1.19118
114	178	1.02357
115	51	0.919616
115	55	0.954603
115	71	0.911857
115	75	1.10017
115	93	0.998371
115	94	1.04059
115	95	0.924607
115	106	1.00163
115	109	0.91173
115	113	1.04824
115	118	1.01312
115	142	0.970802
115	144	0.855563
115	145	1.01739
115	148	1.11947
115	153	1.1159
115	156	1.04122
115	162	1.02407
115	164	1.0564
115	167	0.969756
115	170	0.990526
115	171	0.995445
115	173	0.998839
115	174	0.998495
115	176	0.974071
115	179	0.940929
115	180	0.971955
116	11	1.05577
116	69	1.00845
116	104	0.989403
116	106	1.03296
116	107	1.03251
116	108	1.03082
116	111	0.905511
116	114	1.03904
116	119	1.01509
116	123	0.980627
116	128	1.0348
116	130	1.03117
116	134	0.993606
116	135	0.992633
116	139	1.00111
116	140	1.02818
116	145	1.15805
116	151	1.09819
116	152	0.929017
116	159	0.932519
116	161	1.13309
116	163	1.13454
116	165	1.03206
116	167	1.22736
116	170	0.934277
116	175	1.28752
116	180	1.22069
117	21	1.02559
117	23	0.973562
117	44	0.930508
117	54	0.960147
117	58	0.962621
117	62	1.01797
117	89	1.01779
117	90	0.944152
117	95	1.01189
117	97	0.979091
117	102	0.955429
117	113	0.964367
117	121	1.04463
117	122	1.02179
117	125	1.03183
117	127	0.897777
117	138	1.02675
117	142	1.34849
117	143	0.994115
117	146	0.987504
117	149	1.25509
117	152	1.03269
117	153	1.06026
117	154	1.04397
117	159	1.03619
117	164	1.13524
117	168	1.29774
117	170	1.29387
118	21	1.16407
118	56	1.12334
118	82	0.906533
118	86	1.23535
118	95	1.1814
118	102	1.21631
118	103	0.855944
118	107	1.26741
118	112	1.33776
118	115	1.01312
118	129	0.964562
118	135	1.20484
118	145	0.87632
118	146	1.2265
118	149	0.887843
118	150	0.954895
118	153	0.974838
118	157	0.927197
118	163	0.878037
118	168	0.849525
118	169	0.870886
118	171	0.854378
118	172	0.818045
118	173	0.857771
118	174	0.857427
118	176	0.833004
118	179	0.799862
118	180	0.830888
119	8	0.964268
119	24	0.778929
119	44	0.951648
119	69	0.981842
119	104	0.9628
119	105	0.976828
119	106	1.00635
119	107	1.0059
119	108	1.00421
119	114	1.01243
119	116	1.01509
119	123	0.954023
119	125	1.02158
119	127	1.38821
119	128	1.0082
119	129	1.08456
119	130	1.00457
119	131	1.20681
119	134	0.967002
119	135	0.96603
119	139	0.974506
119	140	1.00158
119	147	0.99449
119	154	1.06511
119	158	1.04274
119	170	0.907674
119	174	1.27233
119	180	1.3455
120	9	0.894459
120	14	1.0272
120	17	1.03316
120	25	0.987946
120	28	0.981346
120	31	0.879777
120	74	1.03539
120	86	0.979291
120	88	0.972654
120	99	1.06818
120	101	0.966489
120	112	0.982125
120	129	1.06509
120	133	0.893946
120	136	1.08725
120	138	1.03152
120	143	1.11393
120	147	0.997026
120	151	0.97119
120	154	1.04563
120	157	1.14656
120	159	1.03785
120	161	1.23842
120	165	0.999735
120	169	1.25037
120	172	1.37555
120	178	0.980286
120	180	1.32602
121	14	1.08304
121	23	1.03418
121	54	1.02077
121	58	1.02324
121	62	1.07859
121	89	1.07841
121	90	1.00477
121	95	1.07251
121	97	1.03971
121	102	1.01605
121	105	0.857401
121	113	1.02498
121	117	1.04463
121	122	1.08241
121	124	1.15684
121	125	0.933539
121	133	0.793997
121	138	1.08737
121	143	1.05473
121	146	1.04812
121	147	1.01504
121	155	1.16684
121	157	1.04661
121	158	0.923312
121	165	1.03744
121	171	1.22217
121	173	1.17301
121	176	1.25491
122	14	1.0602
122	23	1.01134
122	54	0.997923
122	58	1.0004
122	62	1.05574
122	89	1.05557
122	90	0.981927
122	95	1.04967
122	97	1.01687
122	102	0.993205
122	103	1.23053
122	105	0.824977
122	113	1.00214
122	117	1.02179
122	121	1.08241
122	126	1.03815
122	127	0.935552
122	138	1.06453
122	143	1.03189
122	146	1.02528
122	150	0.986146
122	152	0.901974
122	158	0.890888
122	161	1.10604
122	169	1.118
122	172	1.24317
122	178	1.01949
122	179	1.32187
122	180	1.19364
123	8	0.865292
123	11	0.994703
123	69	0.947379
123	100	1.2423
123	104	0.928337
123	106	0.971892
123	107	0.971441
123	108	0.96975
123	114	0.977969
123	116	0.980627
123	119	0.954023
123	125	0.987117
123	128	0.973736
123	130	0.970103
123	133	1.11047
123	134	0.932539
123	135	0.931567
123	139	0.940043
123	140	0.967114
123	154	0.966134
123	155	1.18729
123	163	1.16038
123	165	1.05789
123	169	1.17087
123	170	0.87321
123	172	1.29605
123	174	1.17336
123	177	1.23997
123	179	1.37474
124	1	1.1193
124	7	1.18744
124	30	1.26107
124	31	1.46638
124	38	1.05135
124	39	1.04862
124	41	1.13164
124	53	1.07071
124	66	1.10664
124	100	0.909803
124	121	1.15684
124	145	0.925578
124	149	0.937101
124	153	1.0241
124	155	0.926878
124	156	0.949415
124	160	0.949905
124	161	0.918431
124	164	0.964592
124	167	0.877947
124	168	0.898783
124	169	0.920144
124	171	0.903635
124	172	0.867303
124	173	0.907029
124	174	0.906685
124	176	0.882262
124	179	0.84912
124	180	0.880145
125	6	1.16162
125	35	1.17136
125	40	1.1589
125	59	0.924108
125	64	1.10662
125	75	0.970824
125	80	0.984556
125	87	0.988465
125	91	0.78972
125	95	0.907384
125	96	0.963668
125	114	1.04553
125	117	1.03183
125	119	1.02158
125	121	0.933539
125	123	0.987117
125	133	1.17803
125	135	0.999124
125	137	0.940507
125	139	1.0076
125	140	1.03467
125	144	0.83834
125	160	0.991956
125	166	1.04454
125	173	0.94908
125	174	0.948736
125	175	0.906177
125	176	0.924312
125	179	0.89117
125	180	0.922196
126	52	1.06425
126	61	1.0777
126	74	1.05048
126	86	1.09838
126	92	1.0261
126	101	1.12998
126	102	1.07934
126	122	1.03815
126	132	1.00958
126	138	1.05908
126	142	0.906906
126	144	0.97538
126	145	0.953491
126	150	1.03207
126	156	0.977328
126	157	1.00437
126	159	1.03929
126	161	0.946344
126	162	0.96017
126	164	0.992505
126	167	0.90586
126	168	0.926696
126	169	0.948057
126	171	0.931549
126	172	0.895216
126	173	0.934942
126	174	0.934598
126	176	0.910175
126	179	0.877033
126	180	0.908058
127	1	0.948655
127	10	0.984066
127	20	0.94793
127	38	1.16329
127	39	1.16057
127	43	1.37239
127	52	1.26245
127	62	0.931732
127	64	0.831545
127	65	1.24821
127	71	1.22987
127	75	1.41819
127	89	0.931554
127	90	0.857916
127	99	1.20257
127	102	0.869193
127	117	0.897777
127	119	1.38821
127	122	0.935552
127	128	1.22329
127	137	0.909919
127	144	0.955117
127	156	0.869899
127	161	0.838915
127	169	0.840628
127	171	0.824119
127	173	0.827513
127	174	0.827169
127	175	0.78461
127	176	0.802746
127	179	0.769604
127	180	0.800629
128	7	1.04634
128	11	1.04888
128	69	1.00155
128	100	1.17636
128	104	0.982512
128	105	0.81191
128	106	1.02607
128	107	1.02562
128	108	1.02393
128	114	1.03214
128	116	1.0348
128	119	1.0082
128	123	0.973736
128	127	1.22329
128	130	1.02428
128	132	1.02784
128	134	0.986715
128	135	0.985743
128	139	0.994218
128	140	1.02129
128	143	0.968489
128	147	1.0142
128	152	0.888908
128	162	1.09999
128	164	0.991458
128	169	1.10493
128	170	0.927386
128	171	1.17668
128	172	1.23011
128	176	1.20942
128	178	1.00642
128	180	1.18058
129	20	1.03028
129	34	1.11585
129	43	1.06875
129	62	0.927979
129	69	1.02671
129	76	1.05971
129	100	0.953049
129	118	0.964562
129	119	1.08456
129	120	1.06509
129	134	1.06024
129	135	0.962428
129	138	0.953634
129	140	0.927478
129	153	1.06734
129	155	0.970124
129	159	1.05462
129	160	0.993152
129	161	0.961677
129	162	0.975503
129	163	0.970541
129	167	0.921193
129	168	0.942029
129	169	0.96339
129	170	0.941963
129	171	0.946882
129	172	0.91055
129	173	0.950276
129	174	0.949932
129	176	0.925508
129	179	0.892366
129	180	0.923392
130	7	1.0427
130	11	1.04525
130	69	0.997921
130	98	1.08185
130	104	0.978879
130	106	1.02243
130	107	1.02198
130	108	1.02029
130	110	0.94399
130	114	1.02851
130	116	1.03117
130	119	1.00457
130	123	0.970103
130	128	1.02428
130	132	1.0242
130	134	0.983082
130	135	0.982109
130	139	0.990585
130	140	1.01766
130	145	1.12495
130	157	1.00812
130	158	0.884822
130	160	1.06502
130	162	1.10699
130	163	1.10144
130	167	1.19426
130	168	1.16097
130	170	0.923753
130	173	1.13452
130	174	1.11442
130	175	1.25441
130	176	1.21642
131	25	1.1103
131	38	0.981899
131	70	1.13789
131	71	1.04848
131	78	0.990615
131	92	1.04291
131	99	1.02117
131	103	0.920101
131	104	1.11901
131	106	1.13825
131	110	1.02743
131	119	1.20681
131	139	1.12976
131	154	1.06008
131	155	0.941777
131	156	0.964314
131	158	1.0647
131	159	1.02628
131	161	0.93333
131	163	0.942194
131	164	0.979491
131	166	1.0194
131	167	0.892846
131	168	0.913682
131	169	0.935043
131	171	0.918535
131	172	0.882202
131	173	0.921928
131	174	0.921584
131	175	0.879026
131	176	0.897161
131	179	0.864019
131	180	0.895045
132	30	1.02355
132	51	1.0617
132	67	1.33046
132	79	1.01881
132	80	0.995166
132	82	1.11432
132	84	0.985261
132	91	1.1106
132	92	1.01325
132	94	1.01347
132	96	0.980378
132	105	0.796403
132	111	0.849895
132	126	1.00958
132	128	1.02784
132	130	1.0242
132	134	0.986641
132	135	0.985669
132	137	1.01803
132	139	0.994145
132	140	1.02122
132	146	1.00938
132	149	1.0958
132	150	0.957572
132	151	0.988294
132	156	1.05279
132	163	1.07893
132	165	0.976445
132	174	1.09191
132	177	0.930947
132	179	1.29329
132	180	1.16507
133	5	0.82969
133	10	0.84734
133	43	0.897611
133	51	0.762851
133	56	0.709784
133	58	0.899903
133	66	0.743802
133	68	0.854123
133	71	1.18449
133	72	0.960425
133	81	0.835828
133	85	1.09395
133	88	0.786719
133	112	0.92421
133	120	0.893946
133	121	0.793997
133	123	1.11047
133	125	1.17803
133	134	1.12345
133	135	1.12248
133	137	1.33359
133	139	1.13095
133	140	1.15803
133	142	1.0444
133	162	1.09766
133	166	1.16789
133	169	1.08555
133	171	1.06904
133	174	1.07209
133	175	1.02953
133	176	1.04767
133	179	1.01453
133	180	1.04555
134	7	1.00514
134	11	1.00768
134	14	1.00318
134	44	0.927325
134	45	1.01943
134	69	0.960358
134	104	0.941316
134	106	0.984871
134	107	0.98442
134	108	0.982729
134	114	0.990948
134	116	0.993606
134	119	0.967002
134	123	0.932539
134	128	0.986715
134	129	1.06024
134	130	0.983082
134	132	0.986641
134	133	1.12345
134	135	0.944546
134	136	1.0824
134	139	0.953022
134	140	0.980093
134	143	1.10908
134	147	0.973006
134	148	1.04687
134	152	1.0295
134	158	1.01842
134	160	1.19861
134	164	1.13205
134	165	1.13255
134	170	0.886189
134	171	1.31727
134	175	1.38801
134	178	1.14701
134	180	1.32117
135	7	1.00417
135	11	1.00671
135	69	0.959385
135	98	1.04331
135	104	0.940343
135	105	0.854691
135	106	0.983899
135	107	0.983448
135	108	0.981757
135	114	0.989976
135	116	0.992633
135	118	1.20484
135	119	0.96603
135	123	0.931567
135	125	0.999124
135	128	0.985743
135	129	0.962428
135	130	0.982109
135	132	0.985669
135	133	1.12248
135	134	0.944546
135	139	0.952049
135	140	0.97912
135	142	1.24749
135	147	0.972034
135	154	0.942973
135	162	1.14277
135	163	1.13722
135	165	1.03473
135	167	1.23004
135	168	1.19675
135	170	0.885217
135	171	1.21946
135	177	1.21681
135	178	1.0492
135	179	1.35158
