1	27	0.895373
1	37	0.866275
1	39	0.867418
1	80	0.860854
1	87	0.798311
1	99	0.866321
1	130	0.801279
1	143	0.860492
1	144	0.774967
1	151	0.806685
1	171	2.43096
1	176	3.58904
2	83	0.842102
2	93	0.821808
2	96	0.866321
2	106	0.860725
2	108	0.823476
2	112	0.855302
2	114	0.841128
2	122	0.864052
2	148	2.75932
2	154	0.7887
2	157	0.836171
2	168	2.87442
3	21	0.524931
3	80	0.904949
3	87	0.842406
3	99	0.910417
3	110	0.68119
3	145	0.855128
3	151	0.85078
3	172	0.84248
3	173	0.877478
3	175	0.803389
3	176	0.815387
4	23	0.283305
4	94	1.34927
4	123	0.853718
4	147	0.866795
4	149	0.876612
4	156	0.847247
4	165	0.845587
4	167	0.808787
4	168	0.850929
4	171	0.825265
4	172	0.834107
4	175	0.795016
5	70	0.864546
5	97	0.812773
5	104	0.868652
5	105	0.816726
5	109	0.815927
5	110	0.850338
5	113	0.849554
5	115	0.84111
5	116	0.841141
5	147	2.22353
5	155	3.69132
5	157	0.838023
6	59	0.83504
6	63	0.883705
6	66	2.39649
6	97	0.819135
6	105	0.823088
6	110	0.8567
6	113	0.855916
6	115	0.847472
6	116	0.847503
6	131	3.1783
6	157	0.844385
6	158	0.787207
7	46	2.44032
7	61	0.967399
7	85	0.944952
7	105	0.915591
7	109	0.914792
7	110	0.949203
7	113	0.948419
7	115	0.939975
7	116	0.940006
7	128	2.23967
7	148	2.09365
7	158	0.87971
8	15	2.53633
8	66	0.841838
8	134	0.774906
8	136	0.799969
8	153	0.739352
8	159	0.764589
8	161	0.760415
8	170	0.745643
8	172	0.763985
8	175	0.724894
8	176	0.736892
8	177	0.750237
9	79	0.918695
9	111	0.851588
9	112	0.538321
9	134	0.84617
9	137	0.906572
9	159	0.835854
9	170	0.816908
9	171	0.826408
9	173	0.870248
9	174	0.832735
9	176	0.808157
9	178	0.805077
10	12	0.900452
10	15	0.900452
10	17	0.787907
10	28	0.843593
10	30	0.865721
10	38	0.81028
10	40	0.810298
10	41	0.843668
10	43	0.810309
10	117	0.825178
10	151	2.58442
10	173	3.11519
11	93	0.821213
11	95	0.859214
11	96	0.865727
11	106	0.86013
11	107	0.824328
11	108	0.822881
11	112	0.854707
11	114	0.840533
11	122	0.863457
11	126	1.35833
11	154	0.788105
11	170	4.35663
12	10	0.900452
12	17	0.90058
12	28	0.956266
12	30	0.978394
12	38	0.922954
12	40	0.922971
12	41	0.956342
12	43	0.922983
12	117	0.937851
12	148	1.78785
12	158	2.21999
12	160	3.63227
13	38	1.03355
13	40	1.03356
13	43	1.03358
13	66	1.79766
13	106	1.07257
13	114	1.05297
13	117	1.04845
13	121	1.34077
13	122	1.07589
13	139	6.84409
13	145	1.84092
13	157	1.04801
14	32	1.50234
14	35	0.884529
14	89	0.863607
14	90	0.863688
14	94	0.846435
14	98	0.837468
14	100	0.885336
14	126	3.8606
14	148	0.837136
14	166	0.770949
14	168	0.823354
14	180	0.78929
15	8	2.53633
15	10	0.900452
15	17	0.90058
15	28	0.956266
15	30	0.978394
15	38	0.922954
15	40	0.922971
15	41	0.956342
15	43	0.922983
15	117	0.937851
15	148	1.41673
15	173	1.6949
16	49	0.925585
16	51	0.830647
16	53	0.899466
16	67	0.864114
16	74	0.850793
16	79	0.835788
16	82	0.83643
16	91	0.809065
16	165	0.788469
16	173	1.45344
16	176	4.45744
16	179	0.76231
17	10	0.787907
17	12	0.90058
17	15	0.90058
17	28	0.843721
17	30	0.865849
17	38	0.810409
17	40	0.810426
17	41	0.843797
17	43	0.810438
17	117	0.825306
17	137	1.99002
17	161	3.74229
18	92	0.813666
18	96	0.85308
18	106	0.847483
18	107	0.811681
18	108	0.810234
18	112	0.84206
18	114	0.827886
18	122	0.85081
18	125	0.844233
18	126	3.11951
18	154	0.775458
18	157	0.822929
18	164	2.81548
19	104	0.942213
19	105	0.890288
19	109	0.889489
19	110	0.9239
19	113	0.923116
19	115	0.914671
19	116	0.914703
19	125	0.932889
19	141	2.88955
19	143	1.58822
19	151	2.48293
19	157	0.911585
19	158	0.854406
20	42	0.925995
20	53	0.985691
20	72	0.868521
20	74	0.937018
20	75	0.932672
20	78	0.914084
20	79	0.922013
20	91	0.89529
20	120	1.9835
20	138	1.84207
20	139	5.45591
20	165	0.874694
20	179	0.848534
21	3	0.524931
21	65	0.945581
21	104	0.940958
21	105	0.889033
21	109	0.888234
21	110	0.922645
21	113	0.921861
21	115	0.913416
21	116	0.913448
21	121	1.95471
21	157	0.91033
21	158	0.853151
21	179	3.8693
22	76	0.877075
22	77	0.816386
22	89	0.851604
22	90	0.851686
22	94	0.834432
22	98	0.825466
22	100	0.873333
22	148	0.825134
22	165	3.64946
22	166	0.758947
22	168	0.811351
22	173	2.54694
22	180	0.777288
23	4	0.283305
23	47	0.934824
23	76	0.958524
23	90	0.933136
23	94	0.915882
23	98	0.906916
23	100	0.954783
23	148	0.906583
23	166	0.840396
23	168	0.892801
23	172	3.16497
23	173	2.58622
23	180	0.858738
24	32	1.44875
24	68	0.920172
24	88	2.35045
24	93	0.87154
24	96	0.916054
24	106	0.910458
24	107	0.874655
24	108	0.873209
24	112	0.905035
24	114	0.89086
24	122	0.913785
24	143	3.07558
24	154	0.838433
24	157	0.885904
25	39	0.925474
25	55	0.898732
25	57	0.896467
25	80	0.91891
25	87	0.856367
25	99	0.924378
25	119	0.906023
25	124	2.34652
25	130	0.859335
25	143	0.918548
25	144	0.833023
25	151	0.864741
25	156	2.57423
25	162	2.6462
26	34	0.950443
26	46	2.35968
26	77	0.879099
26	89	0.914317
26	90	0.914399
26	94	0.897145
26	98	0.888179
26	100	0.936046
26	111	2.67818
26	118	2.40199
26	148	0.887846
26	166	0.821659
26	168	0.874064
26	180	0.840001
27	1	0.895373
27	37	0.924952
27	57	0.897088
27	80	0.919531
27	87	0.856988
27	99	0.924998
27	119	0.906643
27	130	0.859956
27	142	1.48117
27	143	0.919169
27	144	0.833644
27	151	0.865362
27	168	2.17956
27	180	3.77736
28	10	0.843593
28	12	0.956266
28	15	0.956266
28	17	0.843721
28	30	0.921535
28	38	0.866095
28	40	0.866112
28	41	0.899483
28	43	0.866124
28	48	0.900187
28	117	0.880993
28	132	1.49769
28	166	2.73465
28	175	3.67604
29	42	0.901351
29	49	0.987165
29	51	0.892227
29	67	0.925695
29	72	0.843877
29	74	0.912374
29	79	0.897369
29	82	0.898011
29	91	0.870646
29	127	2.22081
29	144	3.19026
29	165	0.850049
29	173	2.0325
29	179	0.82389
30	10	0.865721
30	12	0.978394
30	15	0.978394
30	17	0.865849
30	28	0.921535
30	38	0.888223
30	40	0.88824
30	41	0.921611
30	43	0.888252
30	62	1.36553
30	117	0.90312
30	127	2.93864
30	147	2.88984
31	97	0.871358
31	104	0.927237
31	105	0.875311
31	109	0.874513
31	110	0.908923
31	113	0.90814
31	115	0.899695
31	116	0.899727
31	117	0.897042
31	147	2.2616
31	150	2.53704
31	157	0.896609
31	158	0.83943
31	162	2.78943
32	14	1.50234
32	24	1.44875
32	56	0.986476
32	90	0.283787
32	99	0.943462
32	123	0.895136
32	143	0.937633
32	144	0.852107
32	146	0.881406
32	151	0.883825
32	171	0.866682
32	172	0.875525
32	175	0.836434
32	178	0.845351
33	34	0.948184
33	76	0.937529
33	77	0.876841
33	89	0.912058
33	94	0.894887
33	98	0.88592
33	100	0.933788
33	148	0.885588
33	152	1.84349
33	165	1.75219
33	166	0.819401
33	167	4.12144
33	168	0.871806
33	180	0.837742
34	26	0.950443
34	33	0.948184
34	77	0.875129
34	89	0.910347
34	94	0.893175
34	98	0.884209
34	100	0.932076
34	136	1.44762
34	148	0.883877
34	166	0.81769
34	168	0.870094
34	175	4.59735
34	179	1.76605
34	180	0.836031
35	14	0.884529
35	47	0.896914
35	60	1.02694
35	76	0.920614
35	89	0.895144
35	90	0.895226
35	94	0.877972
35	98	0.869006
35	100	0.916873
35	138	3.2561
35	148	0.868673
35	166	0.802486
35	168	0.854891
35	177	3.7741
35	180	0.820828
36	42	0.178234
36	65	0.918378
36	81	0.970393
36	90	1.14457
36	136	0.907039
36	145	0.883703
36	148	0.901659
36	160	0.849042
36	161	0.867484
36	166	0.835472
36	169	0.857403
36	171	0.862212
36	172	0.871054
36	177	0.857306
36	178	0.840881
37	1	0.866275
37	27	0.924952
37	52	0.886707
37	55	0.870255
37	56	0.938914
37	57	0.86799
37	80	0.890433
37	87	0.827889
37	99	0.8959
37	102	1.84726
37	141	2.52699
37	143	0.890071
37	144	0.804546
37	151	0.836264
37	172	3.22991
38	10	0.81028
38	12	0.922954
38	13	1.03355
38	15	0.922954
38	17	0.810409
38	28	0.866095
38	30	0.888223
38	40	0.8328
38	41	0.86617
38	43	0.832811
38	48	0.866875
38	117	0.84768
38	135	3.39193
38	151	1.97052
38	168	2.33822
39	1	0.867418
39	25	0.925474
39	52	0.88785
39	55	0.871398
39	56	0.940057
39	57	0.869133
39	87	0.829032
39	99	0.897043
39	119	0.878688
39	127	2.17995
39	143	0.891214
39	144	0.805689
39	151	0.837407
39	154	2.48396
39	161	3.11999
40	10	0.810298
40	12	0.922971
40	13	1.03356
40	15	0.922971
40	17	0.810426
40	28	0.866112
40	30	0.88824
40	38	0.8328
40	41	0.866188
40	43	0.832829
40	48	0.866892
40	117	0.847697
40	148	2.81833
40	163	2.5824
40	164	2.09842
41	10	0.843668
41	12	0.956342
41	15	0.956342
41	17	0.843797
41	28	0.899483
41	30	0.921611
41	38	0.86617
41	40	0.866188
41	43	0.8662
41	48	0.900263
41	60	1.90023
41	84	3.11055
41	117	0.881068
41	169	3.6401
42	20	0.925995
42	29	0.901351
42	36	0.178234
42	51	0.876512
42	53	0.945331
42	72	0.828161
42	75	0.892312
42	78	0.873724
42	79	0.881653
42	82	0.882295
42	91	0.85493
42	132	1.75411
42	160	4.78279
42	165	0.834334
42	179	0.808174
43	10	0.810309
43	12	0.922983
43	13	1.03358
43	15	0.922983
43	17	0.810438
43	28	0.866124
43	30	0.888252
43	38	0.832811
43	40	0.832829
43	41	0.8662
43	48	0.866904
43	117	0.847709
43	137	1.45343
43	162	2.74469
43	180	3.51207
44	48	0.962918
44	74	0.270283
44	123	0.89023
44	127	0.8931
44	129	0.891402
44	157	0.0556474
44	162	0.87951
44	163	0.909127
44	164	0.927677
44	167	0.845299
44	170	0.852277
44	171	0.861776
44	174	0.868103
44	176	0.843526
44	178	0.840445
45	54	0.855555
45	58	0.922249
45	83	0.87808
45	92	0.862886
45	95	0.895787
45	107	0.860901
45	108	0.859454
45	112	0.89128
45	114	0.877106
45	122	0.900031
45	136	3.06962
45	141	2.79278
45	154	0.824678
45	157	0.872149
45	164	1.91885
46	7	2.44032
46	26	2.35968
46	120	0.788096
46	145	0.814417
46	149	0.844274
46	159	0.802372
46	160	0.779756
46	163	0.840277
46	164	0.858827
46	167	0.776449
46	170	0.783427
46	171	0.792926
46	172	0.801768
46	175	0.762678
46	177	0.78802
46	178	0.771595
47	23	0.934824
47	35	0.896914
47	73	1.25848
47	76	0.901462
47	77	0.840774
47	89	0.875992
47	90	0.876073
47	94	0.85882
47	98	0.849853
47	100	0.897721
47	103	3.91759
47	148	0.849521
47	159	3.26563
47	166	0.783334
47	168	0.835739
47	180	0.801675
48	28	0.900187
48	38	0.866875
48	40	0.866892
48	41	0.900263
48	43	0.866904
48	44	0.962918
48	77	0.852376
48	90	0.887676
48	98	0.861456
48	117	0.881772
48	118	3.4072
48	132	2.68074
48	148	0.861124
48	166	0.794937
48	168	0.847341
48	180	0.813278
49	16	0.925585
49	29	0.987165
49	53	1.03115
49	67	0.995793
49	72	0.913976
49	78	0.959539
49	79	0.967468
49	82	0.96811
49	91	0.940744
49	141	1.06605
49	147	1.32972
49	159	3.18846
49	165	0.920148
49	177	3.50859
49	179	0.893989
50	63	0.893498
50	65	0.889429
50	85	0.862242
50	97	0.828928
50	104	0.884807
50	105	0.832881
50	109	0.832082
50	110	0.866493
50	113	0.865709
50	115	0.857265
50	116	0.857296
50	125	0.875482
50	140	1.49227
50	157	0.854178
50	159	3.26753
50	170	3.57353
51	16	0.830647
51	29	0.892227
51	42	0.876512
51	53	0.936208
51	72	0.819038
51	74	0.887535
51	75	0.883189
51	78	0.864601
51	79	0.87253
51	82	0.873172
51	91	0.845807
51	158	3.05699
51	161	3.18459
51	165	0.82521
51	168	1.89316
51	179	0.799051
52	37	0.886707
52	39	0.88785
52	55	0.861108
52	56	0.929767
52	57	0.858843
52	80	0.881286
52	81	1.74472
52	87	0.818743
52	99	0.886753
52	119	0.868398
52	120	6.7165
52	123	1.17021
52	130	0.821711
52	143	0.880924
52	144	0.795399
52	151	0.827117
53	16	0.899466
53	20	0.985691
53	42	0.945331
53	49	1.03115
53	51	0.936208
53	72	0.887857
53	74	0.956354
53	75	0.952008
53	78	0.933421
53	91	0.914626
53	119	1.20504
53	142	1.64929
53	144	2.50945
53	160	3.76472
53	165	0.89403
53	179	0.867871
54	45	0.855555
54	68	0.879385
54	83	0.851048
54	92	0.835854
54	95	0.868755
54	96	0.875268
54	106	0.869671
54	107	0.833869
54	108	0.832422
54	112	0.864248
54	122	0.872998
54	131	0.820093
54	133	2.45095
54	151	2.3913
54	154	0.797646
54	157	0.845117
54	174	3.35482
55	25	0.898732
55	37	0.870255
55	39	0.871398
55	52	0.861108
55	56	0.913315
55	57	0.84239
55	80	0.864834
55	87	0.80229
55	99	0.870301
55	119	0.851946
55	130	0.805258
55	142	2.13367
55	143	0.864472
55	144	0.778947
55	146	3.59612
55	151	0.810665
55	163	2.48103
56	32	0.986476
56	37	0.938914
56	39	0.940057
56	52	0.929767
56	55	0.913315
56	80	0.933493
56	87	0.870949
56	99	0.93896
56	119	0.920605
56	128	1.87926
56	129	2.26661
56	130	0.873917
56	143	0.933131
56	144	0.847606
56	145	3.37165
56	149	2.07453
56	151	0.879324
57	25	0.896467
57	27	0.897088
57	37	0.86799
57	39	0.869133
57	52	0.858843
57	55	0.84239
57	71	0.892894
57	80	0.862568
57	86	6
57	87	0.800025
57	99	0.868036
57	129	1.35081
57	130	0.802993
57	143	0.862206
57	144	0.776681
57	149	1.15873
57	151	0.808399
58	45	0.922249
58	83	0.917741
58	92	0.902548
58	95	0.935448
58	101	0.922942
58	106	0.936365
58	107	0.900562
58	108	0.899116
58	112	0.930942
58	114	0.916767
58	122	0.939692
58	154	0.86434
58	157	0.911811
58	158	1.9395
58	165	2.04126
58	169	3.12555
58	171	2.78466
59	6	0.83504
59	70	0.878889
59	97	0.827116
59	104	0.882995
59	105	0.83107
59	109	0.830271
59	110	0.864682
59	113	0.863898
59	115	0.855453
59	116	0.855485
59	117	0.8528
59	125	0.873671
59	137	1.91167
59	149	1.63051
59	157	0.852367
59	158	0.795188
59	175	5.98295
60	35	1.02694
60	41	1.90023
60	68	0.492089
60	81	0.989575
60	121	0.942865
60	122	0.720352
60	145	0.902885
60	152	0.894897
60	154	0.893585
60	155	0.889949
60	158	0.883878
60	160	0.868224
60	161	0.886666
60	164	0.947295
60	172	0.890236
60	174	0.887721
60	175	0.851146
60	177	0.876488
61	7	0.967399
61	63	0.931542
61	66	1.20585
61	70	0.918745
61	85	0.900286
61	104	0.922851
61	105	0.870925
61	109	0.870126
61	110	0.904537
61	113	0.903753
61	115	0.895309
61	116	0.89534
61	117	0.892655
61	121	2.14257
61	140	2.6959
61	145	3.83315
61	157	0.892222
61	158	0.835044
62	30	1.36553
62	98	0.786109
62	101	1.00808
62	124	0.869254
62	132	0.898998
62	140	0.87984
62	145	0.848204
62	149	0.878061
62	154	0.838904
62	160	0.813543
62	161	0.831985
62	162	0.844447
62	170	0.817214
62	171	0.826713
62	172	0.835555
62	175	0.796465
62	177	0.821807
62	178	0.805382
63	6	0.883705
63	50	0.893498
63	61	0.931542
63	65	0.936282
63	97	0.875781
63	104	0.93166
63	105	0.879735
63	109	0.878936
63	113	0.912563
63	115	0.904118
63	116	0.90415
63	125	0.922336
63	138	2.96787
63	150	1.58245
63	157	0.901032
63	158	0.843853
63	164	1.14528
63	166	4.64167
64	116	4.31983
64	123	0.751808
64	127	0.754679
64	130	0.735091
64	131	0.757992
64	140	0.776481
64	145	0.744845
64	146	0.738078
64	159	0.7328
64	160	0.710184
64	161	0.728626
64	162	0.741088
64	164	0.789255
64	167	0.706877
64	170	0.713855
64	172	0.732196
64	173	0.767194
64	174	0.729681
65	21	0.945581
65	36	0.918378
65	50	0.889429
65	63	0.936282
65	70	0.923485
65	84	2.88945
65	97	0.871712
65	103	3.88241
65	104	0.927591
65	105	0.875665
65	109	0.874867
65	110	0.909277
65	113	0.908493
65	115	0.900049
65	116	0.90008
65	134	2.3105
65	157	0.896962
65	158	0.839784
66	6	2.39649
66	8	0.841838
66	13	1.79766
66	61	1.20585
66	103	0.82167
66	121	0.890553
66	146	0.843805
66	149	0.88043
66	160	0.815912
66	164	0.894982
66	169	0.824272
66	172	0.837924
66	173	0.872922
66	174	0.835409
66	175	0.798833
66	176	0.810831
66	177	0.824176
66	178	0.807751
67	16	0.864114
67	29	0.925695
67	49	0.995793
67	71	0.939993
67	72	0.852505
67	74	0.921002
67	75	0.916656
67	78	0.898068
67	79	0.905997
67	82	0.906639
67	91	0.879274
67	101	0.909148
67	145	2.74577
67	155	2.99282
67	163	1.81851
67	165	0.858677
67	171	3.23145
67	179	0.832518
68	24	0.920172
68	54	0.879385
68	60	0.492089
68	83	0.90191
68	93	0.881616
68	96	0.92613
68	106	0.920533
68	107	0.884731
68	108	0.883284
68	112	0.91511
68	114	0.900936
68	122	0.92386
68	123	2.8327
68	125	0.917283
68	154	0.848508
68	157	0.895979
68	162	3.53606
68	164	1.87063
69	83	1.96269
69	86	0.749277
69	102	0.818951
69	125	1.38217
69	150	0.833615
69	151	0.799316
69	153	0.766382
69	156	0.804155
69	160	0.769003
69	162	0.799907
69	167	0.765696
69	168	0.807837
69	169	0.777364
69	170	0.772674
69	174	0.7885
69	175	0.751925
69	176	0.763923
69	178	0.760842
69	180	0.773774
70	5	0.864546
70	59	0.878889
70	61	0.918745
70	65	0.923485
70	85	0.896298
70	97	0.862984
70	104	0.918863
70	105	0.866937
70	109	0.866138
70	110	0.900549
70	113	0.899765
70	115	0.891321
70	116	0.891352
70	131	1.69802
70	140	2.40626
70	147	2.32278
70	155	3.79056
70	157	0.888234
70	158	0.831056
71	57	0.892894
71	67	0.939993
71	75	0.922326
71	78	0.903738
71	80	0.915337
71	82	0.912309
71	87	0.852794
71	91	0.884944
71	99	0.920805
71	130	0.855762
71	141	1.30749
71	143	0.914975
71	144	0.82945
71	151	0.861168
71	165	0.864347
71	173	1.43165
71	177	3.75003
71	178	3.59441
71	179	0.838188
72	20	0.868521
72	29	0.843877
72	42	0.828161
72	49	0.913976
72	51	0.819038
72	53	0.887857
72	67	0.852505
72	74	0.839184
72	75	0.834838
72	78	0.81625
72	79	0.824179
72	82	0.824821
72	91	0.797456
72	101	0.82733
72	150	1.83268
72	155	3.02503
72	165	0.776859
72	176	4.42173
72	179	0.7507
73	47	1.25848
73	77	1.64735
73	87	0.590563
73	103	0.811343
73	133	0.865176
73	139	0.789923
73	147	0.860285
73	149	0.870103
73	151	0.835898
73	152	0.832258
73	156	0.840737
73	159	0.8282
73	160	0.805584
73	162	0.836488
73	164	0.884655
73	173	0.862595
73	175	0.788506
73	176	0.800504
73	178	0.797424
74	16	0.850793
74	20	0.937018
74	29	0.912374
74	44	0.270283
74	51	0.887535
74	53	0.956354
74	67	0.921002
74	72	0.839184
74	75	0.903335
74	78	0.884747
74	79	0.892676
74	82	0.893318
74	91	0.865953
74	101	0.895827
74	111	2.99076
74	146	3.20475
74	165	0.845357
74	168	2.44069
74	179	0.819197
75	20	0.932672
75	42	0.892312
75	51	0.883189
75	53	0.952008
75	67	0.916656
75	71	0.922326
75	72	0.834838
75	74	0.903335
75	78	0.880401
75	79	0.88833
75	82	0.888972
75	91	0.861607
75	101	0.891481
75	127	2.56059
75	135	3.26292
75	154	2.8646
75	164	1.3742
75	165	0.84101
75	179	0.814851
76	22	0.877075
76	23	0.958524
76	33	0.937529
76	35	0.920614
76	47	0.901462
76	77	0.864474
76	89	0.899692
76	90	0.899773
76	94	0.88252
76	98	0.873553
76	100	0.921421
76	145	1.70851
76	148	0.873221
76	153	3.73834
76	159	2.34653
76	166	0.807034
76	168	0.859439
76	177	2.66665
76	180	0.825375
77	22	0.816386
77	26	0.879099
77	33	0.876841
77	34	0.875129
77	47	0.840774
77	48	0.852376
77	73	1.64735
77	76	0.864474
77	89	0.839003
77	90	0.839085
77	94	0.821832
77	98	0.812865
77	100	0.860733
77	129	3.68332
77	142	2.56666
77	148	0.812533
77	166	0.746346
77	168	0.798751
77	180	0.764687
78	20	0.914084
78	42	0.873724
78	49	0.959539
78	51	0.864601
78	53	0.933421
78	67	0.898068
78	71	0.903738
78	72	0.81625
78	74	0.884747
78	75	0.880401
78	79	0.869742
78	82	0.870385
78	91	0.843019
78	101	0.872894
78	121	1.86312
78	156	2.78883
78	158	3.19421
78	165	0.822423
78	172	2.77221
78	179	0.796264
79	9	0.918695
79	16	0.835788
79	20	0.922013
79	29	0.897369
79	42	0.881653
79	49	0.967468
79	51	0.87253
79	67	0.905997
79	72	0.824179
79	74	0.892676
79	75	0.88833
79	78	0.869742
79	82	0.878313
79	91	0.850948
79	101	0.880822
79	131	2.05114
79	156	3.13177
79	165	0.830352
79	172	3.11515
79	179	0.804193
80	1	0.860854
80	3	0.904949
80	25	0.91891
80	27	0.919531
80	37	0.890433
80	52	0.881286
80	55	0.864834
80	56	0.933493
80	57	0.862568
80	71	0.915337
80	87	0.822468
80	99	0.890479
80	130	0.825436
80	132	1.51794
80	138	3.93397
80	142	1.27213
80	143	0.884649
80	144	0.799124
80	151	0.830842
80	159	4.13185
81	36	0.970393
81	52	1.74472
81	60	0.989575
81	92	0.904278
81	93	0.229181
81	109	0.79395
81	134	0.870331
81	139	0.821736
81	142	0.912799
81	146	0.865291
81	150	0.90201
81	161	0.85584
81	162	0.868302
81	164	0.916469
81	167	0.834091
81	172	0.85941
81	174	0.856895
81	175	0.82032
81	176	0.832318
81	178	0.829237
82	16	0.83643
82	29	0.898011
82	42	0.882295
82	49	0.96811
82	51	0.873172
82	67	0.906639
82	71	0.912309
82	72	0.824821
82	74	0.893318
82	75	0.888972
82	78	0.870385
82	79	0.878313
82	91	0.85159
82	101	0.881465
82	111	2.73106
82	129	2.59926
82	154	2.83638
82	165	0.830994
82	168	2.18099
82	179	0.804835
83	2	0.842102
83	45	0.87808
83	54	0.851048
83	58	0.917741
83	68	0.90191
83	69	1.96269
83	93	0.853278
83	96	0.897792
83	106	0.892196
83	107	0.856393
83	108	0.854947
83	112	0.886773
83	114	0.872599
83	122	0.895523
83	125	0.888946
83	131	0.842618
83	146	1.97447
83	150	1.78843
83	157	0.867642
83	170	3.67774
84	41	3.11055
84	65	2.88945
84	93	0.789872
84	95	0.827873
84	96	0.834386
84	103	0.737162
84	106	0.82879
84	107	0.792987
84	114	0.809192
84	122	0.832117
84	138	0.76563
84	147	0.786104
84	154	0.756764
84	162	0.762307
84	163	0.791925
84	169	0.739764
84	170	0.735074
84	174	0.750901
84	176	0.726323
84	180	0.736174
85	7	0.944952
85	50	0.862242
85	61	0.900286
85	70	0.896298
85	97	0.844525
85	104	0.900404
85	105	0.848478
85	109	0.84768
85	110	0.88209
85	113	0.881307
85	115	0.872862
85	116	0.872894
85	117	0.870209
85	125	0.89108
85	126	1.56156
85	133	1.78449
85	144	3.41336
85	152	3.44943
85	157	0.869776
85	158	0.812597
86	57	6
86	69	0.749277
86	94	0.758237
86	98	0.74927
86	100	0.797138
86	118	0.756436
86	123	0.737945
86	133	0.755913
86	136	0.754318
86	138	0.730548
86	148	0.748938
86	149	0.760839
86	152	0.722994
86	154	0.721683
86	164	0.775392
86	166	0.682751
86	168	0.735156
86	175	0.679243
86	178	0.688161
86	180	0.701092
87	1	0.798311
87	3	0.842406
87	25	0.856367
87	27	0.856988
87	37	0.827889
87	39	0.829032
87	52	0.818743
87	55	0.80229
87	56	0.870949
87	57	0.800025
87	71	0.852794
87	73	0.590563
87	80	0.822468
87	99	0.827935
87	119	0.80958
87	130	0.762893
87	143	0.822106
87	144	0.736581
87	151	0.768299
87	158	3.37209
87	178	4.5341
88	24	2.35045
88	95	0.485392
88	108	0.789035
88	122	0.084777
88	123	0.884502
88	135	0.875388
88	142	0.918279
88	144	0.841473
88	146	0.870771
88	147	0.897579
88	156	0.87803
88	159	0.865494
88	162	0.873782
88	166	0.829308
88	167	0.839571
88	169	0.851239
88	171	0.856048
88	173	0.899888
88	174	0.862375
88	175	0.8258
88	176	0.837798
89	14	0.863607
89	22	0.851604
89	26	0.914317
89	33	0.912058
89	34	0.910347
89	35	0.895144
89	47	0.875992
89	76	0.899692
89	77	0.839003
89	90	0.874303
89	94	0.85705
89	98	0.848083
89	100	0.895951
89	137	1.4977
89	148	0.847751
89	153	5.51169
89	164	1.12353
89	166	0.781564
89	168	0.833969
89	174	2.55436
89	180	0.799905
90	14	0.863688
90	22	0.851686
90	23	0.933136
90	26	0.914399
90	32	0.283787
90	35	0.895226
90	36	1.14457
90	47	0.876073
90	48	0.887676
90	76	0.899773
90	77	0.839085
90	89	0.874303
90	94	0.857131
90	98	0.848165
90	100	0.896032
90	123	3.30008
90	148	0.847832
90	166	0.781645
90	168	0.83405
90	174	3.76884
90	180	0.799987
91	16	0.809065
91	20	0.89529
91	29	0.870646
91	42	0.85493
91	49	0.940744
91	51	0.845807
91	53	0.914626
91	67	0.879274
91	71	0.884944
91	72	0.797456
91	74	0.865953
91	75	0.861607
91	78	0.843019
91	79	0.850948
91	82	0.85159
91	101	0.854099
91	131	2.36125
91	136	2.99918
91	137	2.22259
91	165	0.803628
91	174	3.27925
91	179	0.777469
92	18	0.813666
92	45	0.862886
92	54	0.835854
92	58	0.902548
92	81	0.904278
92	93	0.838085
92	95	0.876086
92	96	0.882599
92	101	0.863579
92	102	2.75211
92	106	0.877002
92	107	0.8412
92	108	0.839753
92	112	0.871579
92	114	0.857405
92	122	0.880329
92	125	0.873752
92	131	0.827424
92	154	0.804977
92	157	0.852448
92	164	2.55792
92	173	3.556
93	2	0.821808
93	11	0.821213
93	24	0.87154
93	68	0.881616
93	81	0.229181
93	83	0.853278
93	84	0.789872
93	92	0.838085
93	95	0.870986
93	96	0.877498
93	106	0.871902
93	107	0.836099
93	108	0.834653
93	112	0.866479
93	114	0.852305
93	122	0.875229
93	125	0.868652
93	130	3.22333
93	131	0.822324
93	154	0.799877
93	156	2.58606
93	157	0.847348
93	170	4.29494
94	4	1.34927
94	14	0.846435
94	22	0.834432
94	23	0.915882
94	26	0.897145
94	33	0.894887
94	34	0.893175
94	35	0.877972
94	47	0.85882
94	76	0.88252
94	77	0.821832
94	86	0.758237
94	89	0.85705
94	90	0.857131
94	98	0.830911
94	100	0.878779
94	133	3.18107
94	143	2.2267
94	148	0.830579
94	163	3.13808
94	166	0.764392
94	168	0.816797
94	180	0.782733
95	11	0.859214
95	45	0.895787
95	54	0.868755
95	58	0.935448
95	84	0.827873
95	88	0.485392
95	92	0.876086
95	93	0.870986
95	96	0.915499
95	101	0.89648
95	106	0.909903
95	107	0.874101
95	108	0.872654
95	112	0.90448
95	114	0.890306
95	122	0.91323
95	125	0.906653
95	128	1.59594
95	131	0.860325
95	140	1.9511
95	154	0.837878
95	157	0.885349
95	173	1.7281
95	175	6.14366
96	2	0.866321
96	11	0.865727
96	18	0.85308
96	24	0.916054
96	54	0.875268
96	68	0.92613
96	83	0.897792
96	84	0.834386
96	92	0.882599
96	93	0.877498
96	95	0.915499
96	107	0.880613
96	108	0.879167
96	112	0.910993
96	114	0.896818
96	122	0.919743
96	131	0.866838
96	132	1.92971
96	140	2.76836
96	143	1.11988
96	151	2.01459
96	154	0.844391
96	157	0.891862
96	178	4.70812
97	5	0.812773
97	6	0.819135
97	31	0.871358
97	50	0.828928
97	59	0.827116
97	63	0.875781
97	65	0.871712
97	70	0.862984
97	85	0.844525
97	104	0.86709
97	105	0.815164
97	109	0.814365
97	110	0.848776
97	113	0.847992
97	115	0.839548
97	116	0.839579
97	117	0.836894
97	125	0.857765
97	134	2.44141
97	140	1.58611
97	157	0.836461
97	158	0.779283
97	167	4.83487
97	179	2.94737
98	14	0.837468
98	22	0.825466
98	23	0.906916
98	26	0.888179
98	33	0.88592
98	34	0.884209
98	35	0.869006
98	47	0.849853
98	48	0.861456
98	62	0.786109
98	76	0.873553
98	77	0.812865
98	86	0.74927
98	89	0.848083
98	90	0.848165
98	94	0.830911
98	100	0.869812
98	135	3.06154
98	136	2.32358
98	148	0.821612
98	166	0.755425
98	168	0.80783
98	177	4.48929
98	180	0.773767
99	1	0.866321
99	3	0.910417
99	25	0.924378
99	27	0.924998
99	32	0.943462
99	37	0.8959
99	39	0.897043
99	52	0.886753
99	55	0.870301
99	56	0.93896
99	57	0.868036
99	71	0.920805
99	80	0.890479
99	87	0.827935
99	119	0.877591
99	130	0.830903
99	137	1.62565
99	143	0.890117
99	144	0.804592
99	151	0.83631
99	153	4.54997
99	164	1.20676
99	165	2.26242
99	169	3.34671
100	14	0.885336
100	22	0.873333
100	23	0.954783
100	26	0.936046
100	33	0.933788
100	34	0.932076
100	35	0.916873
100	47	0.897721
100	76	0.921421
100	77	0.860733
100	86	0.797138
100	89	0.895951
100	90	0.896032
100	94	0.878779
100	98	0.869812
100	130	2.34912
100	137	1.59893
100	148	0.86948
100	158	2.11722
100	166	0.803293
100	168	0.855698
100	176	4.12046
100	179	2.70072
100	180	0.821634
101	58	0.922942
101	62	1.00808
101	67	0.909148
101	72	0.82733
101	74	0.895827
101	75	0.891481
101	78	0.872894
101	79	0.880822
101	82	0.881465
101	91	0.854099
101	92	0.863579
101	95	0.89648
101	106	0.897397
101	107	0.861594
101	108	0.860147
101	112	0.891974
101	114	0.877799
101	122	0.900724
101	149	2.456
101	152	3.5867
101	157	0.872843
101	163	1.87877
101	165	0.833503
101	174	2.82563
101	179	0.807344
102	37	1.84726
102	69	0.818951
102	92	2.75211
102	115	1.53157
102	132	0.851449
102	133	0.825586
102	140	0.832291
102	141	0.832837
102	145	0.800655
102	147	0.820695
102	149	0.830512
102	153	0.763373
102	162	0.796898
102	163	0.826516
102	164	0.845065
102	167	0.762687
102	169	0.774355
102	170	0.769665
102	171	0.779165
102	173	0.823005
102	175	0.748916
102	177	0.774259
102	178	0.757834
102	179	0.773328
103	47	3.91759
103	65	3.88241
103	66	0.82167
103	73	0.811343
103	84	0.737162
103	121	0.796446
103	138	0.756032
103	140	0.788102
103	141	0.788648
103	142	0.797206
103	147	0.776506
103	150	0.786417
103	152	0.748478
103	153	0.719184
103	156	0.756957
103	162	0.752709
103	164	0.800876
103	167	0.718498
103	169	0.730166
103	171	0.734975
103	173	0.778816
103	174	0.741303
103	175	0.704727
103	176	0.716725
103	177	0.73007
103	178	0.713644
104	5	0.868652
104	19	0.942213
104	21	0.940958
104	31	0.927237
104	50	0.884807
104	59	0.882995
104	61	0.922851
104	63	0.93166
104	65	0.927591
104	70	0.918863
104	85	0.900404
104	97	0.86709
104	105	0.871043
104	109	0.870244
104	110	0.904655
104	113	0.903871
104	115	0.895427
104	116	0.895458
104	124	1.77499
104	125	0.913644
104	136	1.56
104	149	1.47044
104	152	2.60115
104	157	0.89234
104	158	0.835162
104	171	3.25324
104	176	4.41132
105	5	0.816726
105	6	0.823088
105	7	0.915591
105	19	0.890288
105	21	0.889033
105	31	0.875311
105	50	0.832881
105	59	0.83107
105	61	0.870925
105	63	0.879735
105	65	0.875665
105	70	0.866937
105	85	0.848478
105	97	0.815164
105	104	0.871043
105	109	0.818319
105	110	0.852729
105	113	0.851946
105	115	0.843501
105	116	0.843532
105	125	0.861719
105	146	2.38962
105	150	2.20358
105	154	2.28095
105	157	0.840414
105	158	0.783236
105	169	3.97543
105	180	3.22335
106	2	0.860725
106	11	0.86013
106	13	1.07257
106	18	0.847483
106	24	0.910458
106	54	0.869671
106	58	0.936365
106	68	0.920533
106	83	0.892196
106	84	0.82879
106	92	0.877002
106	93	0.871902
106	95	0.909903
106	101	0.897397
106	107	0.875017
106	108	0.87357
106	112	0.905397
106	114	0.891222
106	118	1.40371
106	122	0.914147
106	131	0.861242
106	150	1.70786
106	154	0.838795
106	156	1.88828
106	157	0.886266
106	162	1.96025
106	166	4.76708
106	170	3.59716
107	11	0.824328
107	18	0.811681
107	24	0.874655
107	45	0.860901
107	54	0.833869
107	58	0.900562
107	68	0.884731
107	83	0.856393
107	84	0.792987
107	92	0.8412
107	93	0.836099
107	95	0.874101
107	96	0.880613
107	101	0.861594
107	106	0.875017
107	108	0.837768
107	112	0.869594
107	114	0.85542
107	122	0.878344
107	125	0.871767
107	131	0.825439
107	142	2.62554
107	143	2.06152
107	149	3.55012
107	151	2.95623
107	154	0.802992
107	157	0.850463
107	164	2.48892
108	2	0.823476
108	11	0.822881
108	18	0.810234
108	24	0.873209
108	45	0.859454
108	54	0.832422
108	58	0.899116
108	68	0.883284
108	83	0.854947
108	88	0.789035
108	92	0.839753
108	93	0.834653
108	95	0.872654
108	96	0.879167
108	101	0.860147
108	106	0.87357
108	107	0.837768
108	112	0.868147
108	114	0.853973
108	122	0.876897
108	125	0.87032
108	131	0.823992
108	148	1.74723
108	152	3.21923
108	154	0.801545
108	157	0.849016
108	169	4.21221
108	171	3.87133
109	5	0.815927
109	7	0.914792
109	19	0.889489
109	21	0.888234
109	31	0.874513
109	50	0.832082
109	59	0.830271
109	61	0.870126
109	63	0.878936
109	65	0.874867
109	70	0.866138
109	81	0.79395
109	85	0.84768
109	97	0.814365
109	104	0.870244
109	105	0.818319
109	110	0.85193
109	113	0.851147
109	115	0.842702
109	116	0.842734
109	117	0.840049
109	125	0.86092
109	143	1.20858
109	146	3.23504
109	157	0.839616
109	158	0.782437
109	179	4.21831
109	180	4.06878
110	3	0.68119
110	5	0.850338
110	6	0.8567
110	7	0.949203
110	19	0.9239
110	21	0.922645
110	31	0.908923
110	50	0.866493
110	59	0.864682
110	61	0.904537
110	65	0.909277
110	70	0.900549
110	85	0.88209
110	97	0.848776
110	104	0.904655
110	105	0.852729
110	109	0.85193
110	113	0.885557
110	115	0.877113
110	116	0.877144
110	117	0.874459
110	119	2.29465
110	125	0.89533
110	141	2.31714
110	143	1.01582
110	157	0.874026
110	158	0.816848
110	172	3.02006
110	178	4.60407
111	9	0.851588
111	26	2.67818
111	74	2.99076
111	82	2.73106
111	120	0.762737
111	121	0.829038
111	127	0.798891
111	129	0.797192
111	137	0.847731
111	138	0.788624
111	139	0.738735
111	142	0.829798
111	144	0.752992
111	152	0.78107
111	155	0.776122
111	159	0.777013
111	160	0.754397
111	163	0.814918
111	164	0.833467
111	170	0.758067
111	172	0.776409
111	173	0.811407
111	174	0.773894
111	175	0.737319
111	176	0.749317
111	177	0.762661
111	178	0.746236
111	180	0.759168
112	2	0.855302
112	9	0.538321
112	11	0.854707
112	18	0.84206
112	24	0.905035
112	45	0.89128
112	54	0.864248
112	58	0.930942
112	68	0.91511
112	83	0.886773
112	92	0.871579
112	93	0.866479
112	95	0.90448
112	96	0.910993
112	101	0.891974
112	106	0.905397
112	107	0.869594
112	108	0.868147
112	114	0.885799
112	119	2.00937
112	122	0.908724
112	125	0.902147
112	131	0.855819
112	134	3.23432
112	154	0.833371
112	157	0.880843
112	162	2.82337
112	168	1.99295
112	180	3.59074
113	5	0.849554
113	6	0.855916
113	7	0.948419
113	19	0.923116
113	21	0.921861
113	31	0.90814
113	50	0.865709
113	59	0.863898
113	61	0.903753
113	63	0.912563
113	65	0.908493
113	70	0.899765
113	85	0.881307
113	97	0.847992
113	104	0.903871
113	105	0.851946
113	109	0.851147
113	110	0.885557
113	115	0.876329
113	116	0.876361
113	117	0.873676
113	131	1.81129
113	133	1.82543
113	149	2.35966
113	157	0.873243
113	158	0.816064
113	163	1.78243
113	174	2.72929
113	178	4.4593
114	2	0.841128
114	11	0.840533
114	13	1.05297
114	18	0.827886
114	24	0.89086
114	45	0.877106
114	58	0.916767
114	68	0.900936
114	83	0.872599
114	84	0.809192
114	92	0.857405
114	93	0.852305
114	95	0.890306
114	96	0.896818
114	101	0.877799
114	106	0.891222
114	107	0.85542
114	108	0.853973
114	112	0.885799
114	122	0.894549
114	123	2.59701
114	125	0.887972
114	131	0.841644
114	142	1.77155
114	147	2.77253
114	150	3.04797
114	154	0.819197
114	157	0.866668
114	163	2.11891
114	172	3.21177
115	5	0.84111
115	6	0.847472
115	7	0.939975
115	19	0.914671
115	21	0.913416
115	31	0.899695
115	50	0.857265
115	59	0.855453
115	61	0.895309
115	63	0.904118
115	65	0.900049
115	70	0.891321
115	85	0.872862
115	97	0.839548
115	102	1.53157
115	104	0.895427
115	105	0.843501
115	109	0.842702
115	110	0.877113
115	113	0.876329
115	116	0.867916
115	117	0.865231
115	125	0.886102
115	128	2.2033
115	132	1.71981
115	134	3.41376
115	154	2.82779
115	156	2.93084
115	157	0.864798
115	158	0.80762
116	5	0.841141
116	6	0.847503
116	7	0.940006
116	19	0.914703
116	21	0.913448
116	31	0.899727
116	50	0.857296
116	59	0.855485
116	61	0.89534
116	63	0.90415
116	64	4.31983
116	65	0.90008
116	70	0.891352
116	85	0.872894
116	97	0.839579
116	104	0.895458
116	105	0.843532
116	109	0.842734
116	110	0.877144
116	113	0.876361
116	115	0.867916
116	117	0.865263
116	119	1.60841
116	125	0.886134
116	130	2.98771
116	148	1.47689
116	157	0.86483
116	158	0.807651
116	173	1.75506
116	174	2.18781
117	10	0.825178
117	12	0.937851
117	13	1.04845
117	15	0.937851
117	17	0.825306
117	28	0.880993
117	30	0.90312
117	31	0.897042
117	38	0.84768
117	40	0.847697
117	41	0.881068
117	43	0.847709
117	48	0.881772
117	59	0.8528
117	61	0.892655
117	85	0.870209
117	97	0.836894
117	109	0.840049
117	110	0.874459
117	113	0.873676
117	115	0.865231
117	116	0.865263
117	124	2.48165
117	128	1.98183
117	154	2.60631
117	157	0.862145
117	158	0.804966
117	161	3.24234
117	163	1.59988
117	179	3.69825
118	26	2.40199
118	48	3.4072
118	86	0.756436
118	106	1.40371
118	125	0.903773
118	129	0.818957
118	132	0.861616
118	133	0.835753
118	134	0.809094
118	135	0.808671
118	136	0.834158
118	139	0.7605
118	141	0.843004
118	144	0.774757
118	147	0.830862
118	148	0.828778
118	150	0.840773
118	152	0.802835
118	156	0.811314
118	161	0.794604
118	162	0.807065
118	165	0.809654
118	167	0.772854
118	169	0.784522
118	170	0.779832
118	171	0.789332
118	172	0.798174
118	173	0.833172
118	174	0.795659
118	175	0.759083
118	176	0.771081
119	25	0.906023
119	27	0.906643
119	39	0.878688
119	52	0.868398
119	53	1.20504
119	55	0.851946
119	56	0.920605
119	87	0.80958
119	99	0.877591
119	110	2.29465
119	112	2.00937
119	116	1.60841
119	127	0.832136
119	130	0.812548
119	137	0.880975
119	139	0.77198
119	143	0.871762
119	144	0.786237
119	151	0.817955
119	153	0.78502
119	155	0.809366
119	157	1.33579
119	160	0.787641
119	161	0.806084
119	168	0.826476
119	170	0.791312
119	171	0.800812
119	173	0.844652
119	174	0.807139
119	176	0.782561
119	177	0.795906
119	178	0.779481
120	20	1.9835
120	46	0.788096
120	52	6.7165
120	111	0.762737
120	133	0.783979
120	134	0.75732
120	135	0.756897
120	141	0.79123
120	142	0.799788
120	145	0.759048
120	147	0.779088
120	153	0.721766
120	155	0.746112
120	159	0.747003
120	161	0.742829
120	162	0.755291
120	163	0.784908
120	165	0.75788
120	167	0.72108
120	170	0.728057
120	171	0.737557
120	172	0.746399
120	173	0.781397
120	174	0.743884
120	175	0.707309
120	177	0.732651
120	178	0.716226
120	179	0.73172
120	180	0.729158
121	13	1.34077
121	21	1.95471
121	60	0.942865
121	61	2.14257
121	66	0.890553
121	78	1.86312
121	103	0.796446
121	111	0.829038
121	124	0.846399
121	126	0.837531
121	129	0.833484
121	136	0.848685
121	137	0.884022
121	138	0.824915
121	139	0.775027
121	142	0.866089
121	145	0.825349
121	152	0.817361
121	155	0.812413
121	157	1.1521
121	162	0.821592
121	163	0.85121
121	164	0.869759
121	165	0.824181
121	170	0.794359
121	171	0.803858
121	173	0.847699
121	174	0.810185
121	175	0.77361
121	176	0.785608
121	177	0.798953
121	179	0.798022
122	2	0.864052
122	11	0.863457
122	13	1.07589
122	18	0.85081
122	24	0.913785
122	45	0.900031
122	54	0.872998
122	58	0.939692
122	60	0.720352
122	68	0.92386
122	83	0.895523
122	84	0.832117
122	88	0.084777
122	92	0.880329
122	93	0.875229
122	95	0.91323
122	96	0.919743
122	101	0.900724
122	106	0.914147
122	107	0.878344
122	108	0.876897
122	112	0.908724
122	114	0.894549
122	125	0.910897
122	130	2.53984
122	131	0.864569
122	154	0.842122
122	157	0.889593
122	160	3.72022
122	165	2.40971
122	167	4.77896
122	172	1.88594
123	4	0.853718
123	32	0.895136
123	44	0.89023
123	52	1.17021
123	64	0.751808
123	68	2.8327
123	86	0.737945
123	88	0.884502
123	90	3.30008
123	114	2.59701
123	127	0.802165
123	133	0.817262
123	139	0.742009
123	141	0.824514
123	142	0.833072
123	144	0.756266
123	147	0.812372
123	148	0.810287
123	150	0.822283
123	153	0.755049
123	160	0.75767
123	161	0.776113
123	163	0.818192
123	164	0.836741
123	166	0.7441
123	169	0.766031
123	171	0.770841
123	172	0.779683
123	173	0.814681
123	174	0.777168
123	176	0.75259
123	177	0.765935
123	180	0.762442
124	25	2.34652
124	62	0.869254
124	104	1.77499
124	117	2.48165
124	121	0.846399
124	126	0.818601
124	129	0.814554
124	130	0.796665
124	139	0.756096
124	140	0.838055
124	142	0.847159
124	147	0.826459
124	150	0.83637
124	152	0.798431
124	153	0.769137
124	155	0.793483
124	156	0.80691
124	157	1.8501
124	159	0.794374
124	160	0.771758
124	163	0.832279
124	167	0.768451
124	169	0.780119
124	170	0.775429
124	171	0.784928
124	173	0.828768
124	174	0.791255
124	176	0.766678
124	177	0.780022
124	178	0.763597
124	179	0.779092
124	180	0.776529
125	18	0.844233
125	19	0.932889
125	50	0.875482
125	59	0.873671
125	63	0.922336
125	68	0.917283
125	69	1.38217
125	83	0.888946
125	85	0.89108
125	92	0.873752
125	93	0.868652
125	95	0.906653
125	97	0.857765
125	104	0.913644
125	105	0.861719
125	107	0.871767
125	108	0.87032
125	109	0.86092
125	110	0.89533
125	112	0.902147
125	114	0.887972
125	115	0.886102
125	116	0.886134
125	118	0.903773
125	122	0.910897
125	131	0.857992
125	135	1.68361
125	154	0.835545
125	155	2.40027
125	157	0.883016
125	158	0.825837
125	167	4.26473
125	177	3.11135
125	180	2.22769
126	11	1.35833
126	14	3.8606
126	18	3.11951
126	85	1.56156
126	121	0.837531
126	124	0.818601
126	132	0.848344
126	135	0.795399
126	136	0.820886
126	137	0.856223
126	138	0.797117
126	140	0.829186
126	147	0.81759
126	149	0.827407
126	150	0.827501
126	151	0.793203
126	152	0.789563
126	153	0.760268
126	156	0.798042
126	158	0.778543
126	160	0.762889
126	163	0.823411
126	164	0.84196
126	166	0.749319
126	167	0.759582
126	170	0.76656
126	172	0.784902
126	173	0.8199
126	174	0.782387
126	175	0.745811
126	176	0.757809
126	178	0.754729
126	180	0.76766
127	29	2.22081
127	30	2.93864
127	39	2.17995
127	44	0.8931
127	64	0.754679
127	75	2.56059
127	111	0.798891
127	119	0.832136
127	123	0.802165
127	129	0.803337
127	133	0.820133
127	134	0.793474
127	141	0.827384
127	143	0.844662
127	147	0.815242
127	150	0.825153
127	151	0.790855
127	152	0.787215
127	156	0.795694
127	162	0.791445
127	163	0.821063
127	164	0.839612
127	165	0.794034
127	167	0.757234
127	170	0.764212
127	171	0.773712
127	173	0.817552
127	174	0.780039
127	175	0.743463
127	176	0.755461
127	177	0.768806
127	178	0.752381
127	180	0.765312
128	7	2.23967
128	56	1.87926
128	95	1.59594
128	115	2.2033
128	117	1.98183
128	133	0.852986
128	134	0.826327
128	135	0.825904
128	137	0.886728
128	141	0.860237
128	143	0.877515
128	146	0.821288
128	147	0.848095
128	148	0.846011
128	150	0.858006
128	153	0.790773
128	155	0.815119
128	159	0.81601
128	162	0.824298
128	163	0.853916
128	164	0.872465
128	169	0.801755
128	170	0.797065
128	171	0.806565
128	172	0.815407
128	173	0.850405
128	174	0.812892
128	175	0.776316
128	176	0.788314
128	177	0.801659
128	178	0.785234
128	179	0.800728
128	180	0.798165
129	44	0.891402
129	56	2.26661
129	57	1.35081
129	77	3.68332
129	82	2.59926
129	111	0.797192
129	118	0.818957
129	121	0.833484
129	124	0.814554
129	127	0.803337
129	134	0.791775
129	135	0.791353
129	136	0.816839
129	140	0.825139
129	142	0.834243
129	147	0.813543
129	150	0.823454
129	152	0.785516
129	155	0.780567
129	158	0.774497
129	160	0.758842
129	161	0.777285
129	162	0.789746
129	164	0.837913
129	167	0.755535
129	169	0.767203
129	170	0.762513
129	171	0.772013
129	172	0.780855
129	173	0.815853
129	174	0.77834
129	177	0.767107
129	178	0.750682
130	1	0.801279
130	25	0.859335
130	27	0.859956
130	52	0.821711
130	55	0.805258
130	56	0.873917
130	57	0.802993
130	64	0.735091
130	71	0.855762
130	80	0.825436
130	87	0.762893
130	93	3.22333
130	99	0.830903
130	100	2.34912
130	116	2.98771
130	119	0.812548
130	122	2.53984
130	124	0.796665
130	141	0.807797
130	143	0.825074
130	144	0.739549
130	145	0.775615
130	146	0.768847
130	151	0.771267
130	155	0.762679
130	159	0.76357
130	161	0.759396
130	167	0.737647
130	169	0.749314
130	171	0.754124
130	173	0.797964
130	174	0.760451
130	175	0.723875
130	176	0.735874
130	177	0.749218
130	178	0.732793
130	179	0.748287
131	6	3.1783
131	54	0.820093
131	64	0.757992
131	70	1.69802
