1	49	1.18743
1	68	0.722141
1	74	1.20234
1	86	1.24665
1	111	1.23822
1	124	1.14845
1	133	1.17686
1	138	0.708783
1	144	1.20005
1	151	0.753705
1	158	0.691483
1	175	0.728276
2	25	0.788544
2	68	1.19561
2	93	0.704421
2	107	0.663267
2	119	1.18632
2	122	1.16402
2	125	1.16842
2	141	1.20412
2	142	1.24505
2	152	0.703706
2	164	1.23646
2	178	0.744325
3	34	1.24753
3	41	1.2396
3	123	1.18931
3	147	1.21726
3	150	1.14505
3	159	0.715197
3	167	1.17218
3	169	0.725218
3	171	0.706055
3	174	0.716583
3	179	0.744057
3	180	1.18908
4	12	1.11695
4	19	1.0144
4	45	0.89522
4	71	1.08398
4	72	0.943389
4	77	1.07894
4	79	1.03376
4	101	0.878766
4	159	0.920005
4	167	1.03168
4	177	1.09691
4	180	0.91223
5	13	1.23571
5	64	1.3036
5	80	0.718467
5	119	1.16487
5	122	1.14257
5	125	1.14697
5	131	0.731163
5	141	1.18268
5	142	1.22361
5	165	0.725806
5	166	0.72001
5	180	0.708766
6	22	0.765107
6	57	1.1575
6	75	0.708289
6	114	0.727951
6	130	1.22264
6	133	1.17783
6	145	0.721596
6	147	1.23314
6	170	1.22062
6	177	0.669763
6	178	1.18983
6	179	1.19844
7	40	1.23795
7	80	1.159
7	92	1.18906
7	95	1.27352
7	128	1.21663
7	134	1.15591
7	135	0.689711
7	139	0.68749
7	149	1.16792
7	159	0.732939
7	172	0.756964
7	174	0.734324
8	17	1.11619
8	74	1.2219
8	84	0.764599
8	86	1.26621
8	94	0.729294
8	103	1.15603
8	113	1.22362
8	133	1.19643
8	144	1.21962
8	161	0.715407
8	164	0.680751
8	166	0.714185
9	25	0.770527
9	94	0.735481
9	98	1.1675
9	114	1.21114
9	115	1.21165
9	137	1.15235
9	145	1.2089
9	149	0.682022
9	155	0.723026
9	157	1.24126
9	163	0.693334
9	180	1.2072
10	19	1.18982
10	60	1.14338
10	71	1.2594
10	72	1.11881
10	79	1.20917
10	148	0.729424
10	165	0.729679
10	166	0.723884
10	167	1.2071
10	171	0.711271
10	177	1.27232
10	180	0.712639
11	19	0.914252
11	62	1.02404
11	144	0.897337
11	149	0.889741
11	151	1.03852
11	158	1.06565
11	167	0.894
11	168	1.05724
11	169	1.05324
11	172	1.0423
11	174	1.063
11	179	1.05601
12	4	1.11695
12	19	1.20603
12	60	1.1596
12	72	1.13502
12	77	1.27057
12	151	0.772074
12	157	0.650362
12	160	0.741158
12	164	0.691796
12	167	1.22331
12	172	0.745785
12	177	1.28854
13	5	1.23571
13	32	1.32536
13	54	0.702042
13	99	1.16101
13	119	1.14195
13	126	0.735407
13	132	1.17554
13	140	0.711972
13	141	1.15976
13	142	1.20069
13	165	0.727018
13	168	0.728656
14	87	0.816652
14	92	1.04585
14	95	1.13031
14	100	1.0058
14	102	1.0547
14	127	0.949121
14	128	1.07341
14	134	1.01269
14	136	1.05253
14	149	1.0247
14	162	0.909524
14	172	0.930438
15	55	1.20458
15	64	1.28559
15	78	0.815456
15	94	0.717257
15	110	0.656343
15	119	1.14686
15	132	1.18045
15	141	1.16467
15	142	1.2056
15	171	1.21225
15	179	0.727538
15	180	0.690903
16	58	1.1956
16	73	1.24688
16	81	1.18006
16	124	1.15908
16	126	1.20126
16	129	0.73627
16	133	1.18749
16	171	1.22964
16	172	0.737898
16	175	0.738759
16	176	0.688024
16	180	0.706098
17	8	1.11619
17	58	1.04545
17	70	0.824187
17	103	0.99694
17	107	0.888108
17	113	1.06453
17	124	1.00893
17	126	1.05111
17	133	1.03734
17	171	1.07949
17	173	0.95714
17	176	0.93391
18	36	1.26965
18	48	0.688866
18	84	0.754539
18	100	1.16134
18	128	1.22895
18	134	1.16823
18	136	1.20807
18	149	1.18024
18	151	0.750969
18	167	1.18351
18	169	0.710676
18	174	0.70204
19	4	1.0144
19	10	1.18982
19	11	0.914252
19	12	1.20603
19	60	1.05705
19	71	1.17307
19	79	1.12284
19	87	0.682971
19	146	1.15081
19	161	0.777424
19	163	0.749164
19	165	0.781997
19	177	1.18599
20	22	1.08293
20	44	1.1229
20	46	1.12005
20	51	1.1194
20	54	1.12381
20	56	1.20526
20	75	1.15035
20	110	0.757119
20	146	0.745697
20	154	0.800263
20	169	0.809475
20	177	1.1753
20	180	0.791679
21	30	1.12528
21	48	0.763302
21	93	1.13718
21	98	1.10308
21	104	1.16097
21	114	1.14672
21	137	1.08793
21	139	1.162
21	157	1.17684
21	159	0.775091
21	161	0.779783
21	169	0.785112
21	179	0.803951
22	6	0.765107
22	20	1.08293
22	44	1.12373
22	46	1.12087
22	54	1.12464
22	56	1.20609
22	75	1.15118
22	107	0.727386
22	126	1.11444
22	148	0.808047
22	154	0.799846
22	155	0.805162
22	177	1.17612
23	85	1.12045
23	112	1.13215
23	123	1.14194
23	129	0.800583
23	130	1.15939
23	132	0.746176
23	135	1.1368
23	147	1.16989
23	150	1.09768
23	166	0.781656
23	171	0.769044
23	179	0.807046
23	180	1.14171
24	63	0.695556
24	72	0.860487
24	73	1.16519
24	104	0.722632
24	111	1.16715
24	120	1.13313
24	125	0.827645
24	144	1.12898
24	149	1.11276
24	150	0.78695
24	170	1.14858
24	178	1.1178
24	179	1.1264
25	2	0.788544
25	9	0.770527
25	102	0.781887
25	123	0.789299
25	157	0.765328
25	160	1.13191
25	163	1.15861
25	172	1.12244
25	173	1.1375
25	174	1.14314
25	178	1.12755
25	179	1.13616
25	180	1.14268
26	43	0.666288
26	102	1.31311
26	108	0.68477
26	116	0.612102
26	120	1.30349
26	128	1.33183
26	134	1.27111
26	136	1.31095
26	138	0.666998
26	143	0.625462
26	149	1.28312
26	167	1.28639
26	180	0.653831
27	70	1.2053
27	109	1.15006
27	112	1.11666
27	115	0.73572
27	130	1.14389
27	135	1.1213
27	147	1.15439
27	150	1.08219
27	155	0.79346
27	171	0.778192
27	173	0.784715
27	175	0.81222
27	180	1.12621
28	118	0.75191
28	122	1.14492
28	125	1.14932
28	132	1.20081
28	137	1.16273
28	140	0.700171
28	153	1.22469
28	157	1.25164
28	162	0.709063
28	175	0.730838
28	177	1.26591
28	178	0.715359
29	31	1.10912
29	66	1.10924
29	100	1.12016
29	102	1.16905
29	120	1.15943
29	126	0.790349
29	134	1.12705
29	136	1.16689
29	149	1.13906
29	155	0.77882
29	166	0.776165
29	172	0.79672
29	180	0.76492
30	21	1.12528
30	33	1.05868
30	43	0.802806
30	70	0.662552
30	114	1.15827
30	137	1.09948
30	153	1.16144
30	157	1.18839
30	164	1.15412
30	168	0.809027
30	175	0.82301
30	178	0.807531
30	180	1.15434
31	29	1.10912
31	36	1.19098
31	48	0.76542
31	82	0.805963
31	95	1.20717
31	120	1.12194
31	128	1.15028
31	134	1.08956
31	136	1.1294
31	149	1.10157
31	168	0.788112
31	174	0.778594
31	180	0.769434
32	13	1.32536
32	76	1.32653
32	119	1.25452
32	132	1.28811
32	141	1.27233
32	142	1.31326
32	151	0.684712
32	153	0.634797
32	159	0.634398
32	171	1.3199
32	173	0.631779
32	175	0.659284
32	179	0.663258
33	30	1.05868
33	65	1.03466
33	69	1.15289
33	91	1.08038
33	104	1.09437
33	108	0.866658
33	110	0.801158
33	115	1.08063
33	121	1.09276
33	139	1.0954
33	148	0.852504
33	157	1.11024
33	171	0.834351
33	178	0.852901
34	3	1.24753
34	105	1.20086
34	112	1.22073
34	123	1.23051
34	127	0.755752
34	135	1.22537
34	143	0.6769
34	144	0.685761
34	147	1.25846
34	150	1.18626
34	152	0.681832
34	163	0.689477
34	166	0.716514
34	180	1.23028
35	45	0.652334
35	78	0.793897
35	109	1.24427
35	133	1.19329
35	136	1.22809
35	140	0.671338
35	144	1.21648
35	146	1.23357
35	147	1.2486
35	149	1.20026
35	168	0.688022
35	171	1.23544
35	172	0.701144
35	175	0.702005
36	18	1.26965
36	31	1.19098
36	92	1.24206
36	100	1.20201
36	103	0.756535
36	120	1.24129
36	134	1.20891
36	149	1.22092
36	152	0.65866
36	166	0.693342
36	167	1.22418
36	168	0.700775
36	172	0.713897
36	180	0.682097
37	85	0.877016
37	130	0.823352
37	143	1.11503
37	147	0.815851
37	161	1.07797
37	167	0.863325
37	168	1.08597
37	170	1.10692
37	172	1.07103
37	175	1.08418
37	176	1.09802
37	177	0.814539
37	178	1.07614
37	179	1.08474
38	60	0.716337
38	68	1.22201
38	99	1.23177
38	118	0.728727
38	119	1.21271
38	122	1.19041
38	125	1.19481
38	127	0.725477
38	132	1.2463
38	141	1.23052
38	142	1.27145
38	153	0.683168
38	163	0.659201
38	169	0.69279
39	82	0.711622
39	102	1.25938
39	117	1.20258
39	122	1.17689
39	126	0.700522
39	135	1.24465
39	141	1.217
39	149	1.22939
39	150	1.20553
39	153	0.683267
39	156	0.717352
39	171	1.26458
39	174	0.684253
39	179	0.711728
40	7	1.23795
40	78	0.810284
40	92	1.22268
40	94	0.712086
40	102	1.23153
40	107	0.621855
40	120	1.22191
40	128	1.25024
40	136	1.22936
40	149	1.20153
40	158	0.681599
40	166	0.696976
40	167	1.2048
40	180	0.685731
41	3	1.2396
41	109	1.24621
41	130	1.24004
41	135	1.21745
41	147	1.25054
41	150	1.17833
41	153	0.709182
41	159	0.708783
41	167	1.20546
41	169	0.718804
41	173	0.706163
41	175	0.733669
41	177	0.629376
41	180	1.22236
42	58	1.07765
42	73	1.12894
42	86	1.13933
42	87	0.785399
42	103	1.02914
42	116	0.825656
42	124	1.04114
42	133	1.06954
42	144	1.09273
42	146	1.10983
42	170	0.84776
42	171	1.1117
42	172	0.899186
42	176	0.849311
43	26	0.666288
43	30	0.802806
43	96	0.706464
43	109	0.728852
43	137	0.814396
43	141	0.775289
43	154	1.15845
43	158	1.17385
43	161	1.15744
43	162	1.16296
43	163	1.18667
43	169	1.16144
43	172	1.1505
43	174	1.1712
43	176	1.17749
44	20	1.1229
44	22	1.12373
44	51	1.16021
44	54	1.16462
44	56	1.24607
44	75	1.19116
44	117	1.12079
44	118	0.787592
44	126	1.15441
44	165	0.750899
44	170	0.714233
44	172	0.765658
44	173	0.739014
44	177	1.2161
44	178	0.75104
45	4	0.89522
45	35	0.652334
45	113	0.743547
45	134	0.746634
45	136	0.733712
45	149	0.723436
45	151	1.14933
45	159	1.17594
45	165	1.16262
45	166	1.17257
45	173	1.16817
45	175	1.16625
45	176	1.18009
45	178	1.15821
45	179	1.16682
46	20	1.12005
46	22	1.12087
46	51	1.15735
46	54	1.16176
46	56	1.24321
46	75	1.1883
46	85	1.14365
46	126	1.15156
46	131	0.762111
46	134	0.735808
46	155	0.753614
46	169	0.75751
46	177	1.21325
46	178	0.756896
46	180	0.739714
47	51	1.15201
47	56	1.23787
47	60	0.792957
47	88	0.783813
47	102	0.70455
47	119	0.761839
47	120	0.734837
47	123	1.15981
47	130	1.17725
47	139	0.71394
47	150	1.11555
47	161	1.14628
47	169	1.15027
47	177	1.20791
47	179	1.15305
48	18	0.688866
48	21	0.763302
48	31	0.76542
48	106	0.774891
48	116	1.21506
48	132	0.739301
48	133	0.764688
48	156	1.15073
48	161	1.15238
48	162	1.1579
48	170	1.18133
48	172	1.14544
48	174	1.16614
48	175	1.15859
48	176	1.17243
49	1	1.18743
49	57	1.10781
49	74	1.15361
49	96	1.2196
49	101	0.721532
49	111	1.1895
49	133	1.12814
49	143	0.726627
49	144	1.15133
49	148	0.771781
49	152	1.1923
49	168	0.773673
49	171	1.17029
49	173	0.760151
49	180	0.754996
50	65	1.12668
50	91	1.1724
50	106	1.14348
50	126	0.775534
50	130	0.687286
50	137	1.11335
50	139	1.18742
50	140	0.752099
50	143	0.721736
50	145	1.1699
50	151	0.808194
50	157	1.20226
50	164	1.16798
50	166	0.76135
50	177	1.21653
51	20	1.1194
51	44	1.16021
51	46	1.15735
51	47	1.15201
51	56	1.24256
51	75	1.18766
51	117	1.11729
51	126	1.15091
51	127	0.792923
51	163	0.726647
51	172	0.77424
51	173	0.747595
51	176	0.724366
51	177	1.2126
51	180	0.74244
52	63	0.727825
52	104	0.754902
52	111	0.753007
52	128	0.765006
52	156	1.15614
52	157	0.749451
52	161	1.1578
52	162	1.16332
52	168	1.1658
52	171	1.18612
52	173	1.16592
52	176	1.17785
52	177	0.741442
52	178	1.15597
52	180	1.1711
53	97	1.22528
53	101	0.725629
53	105	1.13952
53	112	1.15939
53	116	0.717364
53	135	1.16404
53	140	0.761087
53	147	1.19713
53	150	1.12492
53	155	0.772993
53	164	1.16873
53	167	1.15205
53	172	0.790893
53	176	0.741018
53	180	1.16895
54	13	0.702042
54	20	1.12381
54	22	1.12464
54	44	1.16462
54	46	1.16176
54	56	1.24697
54	75	1.19207
54	85	1.14742
54	117	1.1217
54	142	0.704575
54	154	0.768198
54	168	0.778292
54	172	0.791414
54	177	1.21701
54	180	0.759614
55	15	1.20458
55	76	1.20083
55	101	0.716627
55	113	1.17925
55	119	1.12883
55	125	1.11093
55	132	1.16242
55	141	1.14663
55	142	1.18756
55	159	0.757866
55	164	1.17897
55	165	0.767132
55	170	0.730466
55	179	0.786726
55	180	0.750091
56	20	1.20526
56	22	1.20609
56	44	1.24607
56	46	1.24321
56	47	1.23787
56	51	1.24256
56	54	1.24697
56	57	0.686588
56	75	1.27352
56	155	0.677983
56	156	0.706341
56	162	0.674968
56	175	0.696743
56	177	1.29846
56	179	0.700717
56	180	0.664083
57	6	1.1575
57	49	1.10781
57	56	0.686588
57	58	1.10535
57	78	0.914609
57	81	1.08982
57	86	1.16702
57	103	1.05684
57	111	1.1586
57	133	1.09724
57	144	1.12043
57	160	0.81723
57	171	1.13939
57	176	0.771982
57	179	0.826691
57	180	0.790056
58	16	1.1956
58	17	1.04545
58	42	1.07765
58	57	1.10535
58	103	1.08528
58	110	0.768586
58	113	1.15288
58	124	1.09727
58	133	1.12568
58	138	0.816314
58	144	1.14887
58	146	1.16596
58	170	0.783521
58	172	0.834947
58	176	0.785073
58	178	0.820329
59	69	1.18876
59	88	1.04948
59	93	1.10646
59	106	1.08733
59	115	1.1165
59	117	0.815672
59	145	1.11375
59	153	1.11916
59	157	1.14611
59	159	0.805374
59	165	0.814639
59	169	0.815395
59	170	0.777974
59	176	0.779525
59	177	1.16039
59	180	1.11206
60	10	1.14338
60	12	1.1596
60	19	1.05705
60	38	0.716337
60	47	0.792957
60	63	1.17308
60	71	1.12663
60	77	1.12159
60	79	1.07641
60	84	0.870553
60	146	1.10438
60	153	1.09833
60	176	0.790819
60	177	1.13956
60	178	0.826075
60	180	0.808893
61	76	0.763344
61	83	0.792181
61	86	0.747784
61	99	0.815289
61	103	0.882003
61	120	0.790788
61	127	1.09068
61	160	1.11759
61	162	1.12058
61	165	1.11764
61	170	1.14401
61	172	1.10812
61	173	1.12318
61	175	1.12127
61	176	1.13511
61	179	1.12183
62	11	1.02404
62	115	0.784962
62	124	0.85835
62	128	0.780734
62	130	0.765983
62	131	1.13673
62	135	0.793349
62	144	0.809293
62	158	1.13645
62	161	1.12004
62	162	1.12556
62	168	1.12804
62	170	1.14899
62	173	1.12816
62	174	1.13379
62	178	1.11821
63	24	0.695556
63	52	0.727825
63	60	1.17308
63	71	1.28909
63	72	1.1485
63	77	1.28405
63	79	1.23886
63	113	0.675308
63	116	0.640572
63	146	1.26684
63	152	0.658864
63	153	1.26079
63	167	1.23679
63	174	0.691462
63	175	0.714962
63	177	1.30201
64	5	1.3036
64	15	1.28559
64	76	1.28185
64	110	0.635668
64	118	0.723962
64	119	1.20984
64	120	0.65345
64	122	1.18754
64	125	1.19194
64	132	1.24343
64	141	1.22765
64	142	1.26858
64	148	0.687013
64	156	0.712487
64	169	0.688024
64	179	0.706863
65	33	1.03466
65	50	1.12668
65	91	1.13451
65	106	1.10559
65	121	1.14689
65	137	1.07546
65	139	1.14953
65	143	0.776718
65	145	1.13201
65	154	0.813671
65	157	1.16437
65	158	0.800955
65	162	0.815973
65	174	0.814247
65	176	0.787013
65	180	1.13031
66	29	1.10924
66	80	1.09277
66	90	0.787502
66	95	1.20729
66	100	1.08278
66	102	1.13168
66	128	1.1504
66	129	0.823191
66	134	1.08968
66	136	1.12952
66	149	1.10169
66	158	0.788887
66	161	0.805487
66	167	1.10495
66	169	0.810816
66	180	0.79302
67	88	1.06244
67	98	1.08531
67	114	1.12895
67	117	0.810353
67	129	0.822452
67	137	1.07016
67	139	1.14423
67	145	1.12671
67	154	0.800864
67	157	1.15907
67	161	0.804747
67	164	1.12479
67	170	0.772655
67	173	0.797436
67	177	1.17334
67	180	1.12501
68	1	0.722141
68	2	1.19561
68	38	1.22201
68	99	1.09946
68	118	0.847809
68	119	1.0804
68	122	1.05811
68	125	1.0625
68	132	1.11399
68	141	1.09821
68	142	1.13914
68	160	0.821249
68	164	1.13055
68	165	0.811116
68	166	0.805321
68	173	0.799231
69	33	1.15289
69	59	1.18876
69	104	1.26673
69	121	1.26512
69	137	1.19369
69	139	1.26776
69	140	0.671901
69	148	0.686691
69	152	1.28558
69	156	0.712165
69	157	1.2826
69	166	0.681151
69	167	0.64706
69	172	0.701706
69	177	1.29687
69	179	0.706541
70	17	0.824187
70	27	1.2053
70	30	0.662552
70	84	0.701413
70	112	1.24136
70	123	1.25115
70	130	1.26859
70	135	1.24601
70	147	1.2791
70	148	0.656538
70	150	1.20689
70	160	0.666927
70	164	1.2507
70	171	0.638385
70	178	0.656935
70	180	1.25092
71	4	1.08398
71	10	1.2594
71	19	1.17307
71	60	1.12663
71	63	1.28909
71	72	1.10205
71	83	1.20551
71	153	1.21435
71	155	0.738147
71	159	0.732021
71	160	0.75142
71	161	0.736713
71	167	1.19034
71	170	0.704621
71	171	0.722879
71	177	1.25557
71	180	0.724247
72	4	0.943389
72	10	1.11881
72	12	1.13502
72	24	0.860487
72	63	1.1485
72	71	1.10205
72	77	1.09701
72	79	1.05183
72	83	1.06492
72	142	0.792194
72	148	0.864018
72	153	1.07376
72	160	0.874406
72	167	1.04975
72	168	0.865911
72	177	1.11498
72	180	0.847233
73	16	1.24688
73	24	1.16519
73	42	1.12894
73	81	1.16954
73	86	1.24675
73	103	1.13656
73	111	1.23832
73	116	0.695823
73	124	1.14856
73	144	1.20015
73	154	0.746136
73	157	0.67393
73	161	0.750019
73	165	0.754593
73	167	0.714707
73	171	1.21912
73	172	0.769353
74	1	1.20234
74	8	1.2219
74	49	1.15361
74	81	1.13563
74	86	1.21283
74	96	1.23451
74	111	1.20441
74	144	1.16624
74	145	0.710298
74	146	1.18333
74	156	0.772356
74	163	0.714305
74	171	1.1852
74	173	0.735253
74	177	0.658465
74	178	0.747279
74	179	0.766732
75	6	0.708289
75	20	1.15035
75	22	1.15118
75	44	1.19116
75	46	1.1883
75	51	1.18766
75	54	1.19207
75	56	1.27352
75	85	1.17396
75	101	0.70098
75	117	1.14825
75	127	0.784927
75	152	0.711007
75	163	0.718652
75	171	0.733077
75	177	1.24355
75	178	0.751626
76	32	1.32653
76	55	1.20083
76	61	0.763344
76	64	1.28185
76	99	1.16217
76	101	0.689865
76	119	1.14311
76	122	1.12082
76	125	1.12521
76	132	1.1767
76	141	1.16092
76	142	1.20185
76	153	0.731503
76	155	0.737229
76	163	0.707536
76	175	0.75599
76	180	0.723329
77	4	1.07894
77	12	1.27057
77	60	1.12159
77	63	1.28405
77	72	1.09701
77	79	1.18738
77	131	0.745617
77	143	0.694851
77	144	0.703711
77	146	1.21535
77	153	1.2093
77	156	0.765478
77	158	0.719087
77	167	1.1853
77	175	0.755881
77	177	1.25053
77	180	0.72322
78	15	0.815456
78	35	0.793897
78	40	0.810284
78	57	0.914609
78	101	1.1039
78	140	1.09619
78	149	0.864998
78	150	0.898249
78	158	1.08367
78	160	1.06979
78	168	1.07526
78	171	1.09558
78	173	1.07538
78	175	1.07347
78	176	1.08731
78	178	1.06543
78	179	1.07403
79	4	1.03376
79	10	1.20917
79	19	1.12284
79	60	1.07641
79	63	1.23886
79	72	1.05183
79	77	1.18738
79	92	0.753539
79	146	1.17017
79	152	0.740702
79	153	1.16412
79	155	0.778039
79	158	0.760007
79	167	1.14012
79	169	0.781935
79	172	0.79594
79	175	0.7968
79	177	1.20535
80	5	0.718467
80	7	1.159
80	66	1.09277
80	92	1.14373
80	95	1.22819
80	102	1.15258
80	120	1.14296
80	128	1.1713
80	129	0.807423
80	134	1.11058
80	136	1.15042
80	149	1.12259
80	152	0.753815
80	158	0.773119
80	161	0.789719
80	166	0.788497
80	167	1.12586
80	180	0.777252
81	16	1.18006
81	57	1.08982
81	73	1.16954
81	74	1.13563
81	90	0.771966
81	96	1.20161
81	110	0.742923
81	111	1.17151
81	124	1.08174
81	133	1.11015
81	140	0.779478
81	144	1.13334
81	152	1.17431
81	153	0.785657
81	155	0.791383
81	163	0.761691
81	171	1.1523
81	180	0.777483
82	31	0.805963
82	39	0.711622
82	96	0.730535
82	124	0.833627
82	131	1.15055
82	134	0.800173
82	143	1.17092
82	147	0.733759
82	148	1.13548
82	149	0.776974
82	155	1.13476
82	165	1.13644
82	166	1.14639
82	168	1.14186
82	173	1.14199
82	174	1.14762
82	175	1.14007
82	176	1.15391
83	61	0.792181
83	71	1.20551
83	72	1.06492
83	99	1.1388
83	122	1.09744
83	123	1.17033
83	125	1.10184
83	132	1.15333
83	150	1.12608
83	151	0.810254
83	155	0.766065
83	160	0.779339
83	162	0.763051
83	166	0.76341
83	167	1.15321
83	176	0.734091
83	177	1.21844
83	180	1.17011
84	8	0.764599
84	18	0.754539
84	60	0.870553
84	70	0.701413
84	95	0.747122
84	110	1.1765
84	142	0.774171
84	146	0.783228
84	159	1.14651
84	162	1.13614
84	166	1.14314
84	168	1.13862
84	170	1.15957
84	173	1.13874
84	176	1.15067
84	178	1.12879
84	179	1.13739
84	180	1.14392
85	23	1.12045
85	37	0.877016
85	46	1.14365
85	54	1.14742
85	75	1.17396
85	106	1.12585
85	116	0.716666
85	121	1.16715
85	137	1.09572
85	139	1.16979
85	150	1.10654
85	165	0.775436
85	169	0.776191
85	170	0.73877
85	171	0.757028
85	174	0.767555
85	177	1.1989
85	180	1.15057
86	1	1.24665
86	8	1.26621
86	42	1.13933
86	57	1.16702
86	61	0.747784
86	73	1.24675
86	74	1.21283
86	103	1.14696
86	106	0.719123
86	111	1.24871
86	117	0.725842
86	130	0.64495
86	133	1.18736
86	144	1.21055
86	146	1.22764
86	148	0.724554
86	153	0.715943
86	166	0.719014
86	180	0.707769
87	14	0.816652
87	19	0.682971
87	42	0.785399
87	106	0.696919
87	128	0.637496
87	137	0.719953
87	138	1.22488
87	150	0.69171
87	155	1.20319
87	156	1.20064
87	166	1.21482
87	167	0.662718
87	168	1.2103
87	172	1.19536
87	173	1.21042
87	175	1.20851
87	176	1.22235
87	178	1.20047
87	179	1.20907
88	47	0.783813
88	59	1.04948
88	67	1.06244
88	98	1.06956
88	104	1.12745
88	108	0.830688
88	114	1.1132
88	115	1.11371
88	121	1.12584
88	129	0.82992
88	139	1.12848
88	145	1.11096
88	152	1.1463
88	157	1.14332
88	161	0.812216
88	169	0.817545
88	171	0.798381
88	179	0.836383
88	180	1.10926
89	101	0.711507
89	114	1.17397
89	117	0.763044
89	119	1.11967
89	123	1.17026
89	126	0.7704
89	135	1.16512
89	141	1.13747
89	142	1.1784
89	145	1.17173
89	147	1.19821
89	150	1.126
89	155	0.758871
89	157	1.20408
89	162	0.755856
89	170	0.725345
89	171	1.18505
89	172	0.776771
89	173	0.750126
89	180	1.17003
90	66	0.787502
90	81	0.771966
90	102	0.714969
90	105	0.761989
90	109	0.710877
90	113	0.755039
90	114	0.748588
90	153	1.17677
90	159	1.17226
90	160	1.15889
90	164	0.739844
90	166	1.16889
90	168	1.16436
90	169	1.16036
90	170	1.18531
90	172	1.14942
90	176	1.17641
90	178	1.15453
90	179	1.16314
90	180	1.16966
91	33	1.08038
91	50	1.1724
91	65	1.13451
91	93	1.17043
91	98	1.13633
91	100	0.751006
91	104	1.19422
91	127	0.775215
91	137	1.12117
91	139	1.19525
91	145	1.17773
91	153	1.18314
91	156	0.76699
91	157	1.21008
91	159	0.732507
91	160	0.751906
91	161	0.737199
91	166	0.735977
91	175	0.757393
91	177	1.22436
92	7	1.18906
92	14	1.04585
92	36	1.24206
92	40	1.22268
92	79	0.753539
92	80	1.14373
92	102	1.18264
92	117	1.12584
92	120	1.17302
92	128	1.20136
92	134	1.14064
92	136	1.18048
92	143	0.728581
92	149	1.15265
92	152	0.733513
92	154	0.765534
92	163	0.741157
92	166	0.768195
92	173	0.762105
92	180	0.75695
93	2	0.704421
93	21	1.13718
93	59	1.10646
93	91	1.17043
93	98	1.12653
93	107	0.680952
93	115	1.17068
93	121	1.18281
93	129	0.774999
93	139	1.18546
93	151	0.802917
93	153	1.17334
93	154	0.753412
93	157	1.20029
93	160	0.772001
93	164	1.16601
93	171	0.74346
93	175	0.777488
93	177	1.21457
93	180	1.16624
94	8	0.729294
94	9	0.735481
94	15	0.717257
94	40	0.712086
94	128	0.745837
94	132	0.76967
94	133	0.795056
94	134	0.789999
94	143	1.19223
94	153	1.17558
94	155	1.15607
94	159	1.17107
94	160	1.1577
94	163	1.1844
94	169	1.15917
94	172	1.14823
94	173	1.16329
94	174	1.16893
94	175	1.16138
94	179	1.16195
95	7	1.27352
95	14	1.13031
95	31	1.20717
95	66	1.20729
95	80	1.22819
95	84	0.747122
95	100	1.21821
95	110	0.650902
95	117	1.2103
95	120	1.25748
95	131	0.70786
95	134	1.2251
95	136	1.26494
95	138	0.698629
95	149	1.23711
95	160	0.712636
95	162	0.696348
95	167	1.24038
95	173	0.690618
95	179	0.722097
95	180	0.685462
96	43	0.706464
96	49	1.2196
96	74	1.23451
96	81	1.20161
96	82	0.730535
96	103	1.16863
96	111	1.27039
96	113	1.23622
96	124	1.18062
96	126	1.2228
96	133	1.20903
96	144	1.23222
96	152	1.27319
96	158	0.689874
96	161	0.706473
96	162	0.704892
96	165	0.711047
96	167	0.67116
96	171	1.25118
96	176	0.675932
96	178	0.711188
97	53	1.22528
97	105	1.19874
97	108	0.721411
97	109	1.25201
97	112	1.21861
97	123	1.2284
97	130	1.24584
97	135	1.22326
97	147	1.25635
97	150	1.18414
97	155	0.704372
97	156	0.732731
97	159	0.698247
97	164	1.22795
97	167	1.21127
97	168	0.70915
97	169	0.708268
97	170	0.670847
97	173	0.695628
97	176	0.672398
97	180	1.22817
98	9	1.1675
98	21	1.10308
98	67	1.08531
98	88	1.06956
98	91	1.13633
98	93	1.12653
98	114	1.13607
98	116	0.748673
98	121	1.14871
98	137	1.07728
98	138	0.803569
98	145	1.13383
98	152	1.16916
98	157	1.16619
98	163	0.77461
98	168	0.80908
98	169	0.808198
98	170	0.770777
98	171	0.789035
98	177	1.18046
98	178	0.807584
99	13	1.16101
99	38	1.23177
99	61	0.815289
99	68	1.09946
99	76	1.16217
99	83	1.1388
99	101	0.74181
99	117	0.793347
99	119	1.09016
99	122	1.06787
99	125	1.07226
99	132	1.12375
99	140	0.777268
99	141	1.10797
99	142	1.1489
99	160	0.802447
99	161	0.787741
99	164	1.14031
99	171	1.15555
99	173	0.780429
99	179	0.811908
100	14	1.0058
100	18	1.16134
100	29	1.12016
100	36	1.20201
100	66	1.08278
100	91	0.751006
100	95	1.21821
100	118	0.847558
100	120	1.13297
100	128	1.16131
100	134	1.10059
100	136	1.14043
100	146	1.14592
100	149	1.1126
100	152	0.770387
100	158	0.789692
100	163	0.778032
100	166	0.805069
100	167	1.11587
100	170	0.774199
100	180	0.793825
101	4	0.878766
101	49	0.721532
101	53	0.725629
101	55	0.716627
101	75	0.70098
101	76	0.689865
101	78	1.1039
101	89	0.711507
101	99	0.74181
101	140	1.21081
101	160	1.18441
101	161	1.18189
101	163	1.21111
101	164	0.711898
101	165	1.18447
101	168	1.18988
101	169	1.18588
101	174	1.19564
101	175	1.18809
101	178	1.18006
101	179	1.18866
101	180	1.19518
102	14	1.0547
102	25	0.781887
102	26	1.31311
102	29	1.16905
102	39	1.25938
102	40	1.23153
102	47	0.70455
102	66	1.13168
102	80	1.15258
102	90	0.714969
102	92	1.18264
102	128	1.21021
102	134	1.14949
102	136	1.18933
102	146	1.19481
102	149	1.1615
102	152	0.697049
102	160	0.74766
102	165	0.737526
102	171	0.719119
102	172	0.752286
102	175	0.753147
103	8	1.15603
103	17	0.99694
103	36	0.756535
103	42	1.02914
103	57	1.05684
103	58	1.08528
103	61	0.882003
103	73	1.13656
103	86	1.14696
103	96	1.16863
103	111	1.13853
103	116	0.800259
103	124	1.04876
103	133	1.07717
103	143	0.813619
103	144	1.10036
103	146	1.11745
103	152	1.14134
103	161	0.854455
103	163	0.826195
103	166	0.853233
103	170	0.822363
104	21	1.16097
104	24	0.722632
104	33	1.09437
104	52	0.754902
104	69	1.26673
104	88	1.12745
104	91	1.19422
104	106	1.16529
104	121	1.2066
104	137	1.13516
104	138	0.722545
104	139	1.20924
104	145	1.19172
104	152	1.22705
104	153	1.19713
104	156	0.751636
104	157	1.22407
104	159	0.717153
104	165	0.726418
104	175	0.742038
104	178	0.72656
104	179	0.746012
105	34	1.20086
105	53	1.13952
105	90	0.761989
105	97	1.19874
105	109	1.16625
105	112	1.13285
105	113	1.14247
105	123	1.14264
105	130	1.16009
105	135	1.1375
105	138	0.780673
105	143	0.739137
105	147	1.17059
105	150	1.09838
105	154	0.77609
105	162	0.778392
105	164	1.14219
105	167	1.12551
105	170	0.747881
105	171	0.766139
105	174	0.776667
105	178	0.784688
105	180	1.14241
106	48	0.774891
106	50	1.14348
106	59	1.08733
106	65	1.10559
106	85	1.12585
106	86	0.719123
106	87	0.696919
106	104	1.16529
106	114	1.15104
106	115	1.15155
106	131	0.801302
106	132	0.754669
106	139	1.16633
106	140	0.780899
106	145	1.14881
106	152	1.18414
106	156	0.821163
106	157	1.18116
106	164	1.14689
106	176	0.760831
106	177	1.19544
106	178	0.796087
106	180	1.14711
107	2	0.663267
107	17	0.888108
107	22	0.727386
107	40	0.621855
107	93	0.680952
107	114	0.69023
107	130	0.640855
107	141	0.698955
107	142	0.648635
107	147	0.633354
107	148	1.23148
107	155	1.23076
107	158	1.24627
107	162	1.23538
107	165	1.23244
107	166	1.24238
107	169	1.23385
107	170	1.25881
107	173	1.23798
107	175	1.23607
107	176	1.24991
107	178	1.22803
107	179	1.23663
108	26	0.68477
108	33	0.866658
108	88	0.830688
108	97	0.721411
108	111	0.738422
108	118	1.12794
108	128	0.750421
108	138	1.16585
108	140	1.1722
108	146	0.752507
108	149	0.771385
108	151	1.13255
108	155	1.14417
108	156	1.14161
108	164	0.776301
108	165	1.14585
108	170	1.17222
108	172	1.13633
108	174	1.15702
108	175	1.14948
108	176	1.16332
108	178	1.14144
108	179	1.15004
109	27	1.15006
109	35	1.24427
109	41	1.24621
109	43	0.728852
109	90	0.710877
109	97	1.25201
109	105	1.16625
109	113	1.19574
109	123	1.19591
109	130	1.21336
109	135	1.19077
109	147	1.22386
109	150	1.15165
109	152	0.692957
109	153	0.724568
109	164	1.19546
109	166	0.727639
109	167	1.17878
109	169	0.73419
109	171	0.715027
109	174	0.725554
109	176	0.69832
109	179	0.753029
109	180	1.19568
110	15	0.656343
110	20	0.757119
110	33	0.801158
110	58	0.768586
110	64	0.635668
110	81	0.742923
110	84	1.1765
110	95	0.650902
110	120	0.716212
110	125	0.779831
110	143	1.22818
110	146	0.687008
110	154	1.19213
110	158	1.20753
110	162	1.19664
110	168	1.19912
110	169	1.19511
110	170	1.22007
110	172	1.18418
110	174	1.20487
110	175	1.19733
110	176	1.21117
110	178	1.18929
110	179	1.19789
111	1	1.23822
111	24	1.16715
111	49	1.1895
111	52	0.753007
111	57	1.1586
111	73	1.23832
111	74	1.20441
111	81	1.17151
111	86	1.24871
111	96	1.27039
111	103	1.13853
111	108	0.738422
111	124	1.15052
111	133	1.17893
111	143	0.679114
111	144	1.20212
111	152	1.24309
111	156	0.749741
111	159	0.715258
111	162	0.718369
111	174	0.716643
111	176	0.689409
111	179	0.744118
111	180	0.707483
112	23	1.13215
112	27	1.11666
112	34	1.22073
112	53	1.15939
112	70	1.24136
112	97	1.21861
112	105	1.13285
112	121	0.704951
112	123	1.16251
112	127	0.788752
112	130	1.17996
112	135	1.15737
112	145	0.71847
112	147	1.19046
112	150	1.11825
112	151	0.796359
112	154	0.746853
112	164	1.16206
112	166	0.749514
112	167	1.14538
112	170	0.718644
112	172	0.77007
112	173	0.743425
112	175	0.77093
112	180	1.16228
113	8	1.22362
113	17	1.06453
113	45	0.743547
113	55	1.17925
113	58	1.15288
113	63	0.675308
113	90	0.755039
113	96	1.23622
113	105	1.14247
113	109	1.19574
113	117	0.77863
113	124	1.11636
113	132	1.15512
113	135	1.16699
113	142	1.18027
113	147	1.20008
113	150	1.12787
113	158	0.756424
113	159	0.768332
113	164	1.17168
113	169	0.778353
113	171	1.18692
113	173	0.765712
113	177	0.688925
113	179	0.797191
114	6	0.727951
114	9	1.21114
114	21	1.14672
114	30	1.15827
114	67	1.12895
114	88	1.1132
114	89	1.17397
114	90	0.748588
114	98	1.13607
114	106	1.15104
114	107	0.69023
114	115	1.18022
114	121	1.19235
114	137	1.12091
114	140	0.7561
114	145	1.17747
114	157	1.20982
114	159	0.761881
114	161	0.766573
114	162	0.764992
114	173	0.759261
114	174	0.763266
114	177	1.2241
114	178	0.771288
114	180	1.17577
115	9	1.21165
115	27	0.73572
115	33	1.08063
115	59	1.1165
115	62	0.784962
115	88	1.11371
115	93	1.17068
115	106	1.15155
115	114	1.18022
115	121	1.19286
115	129	0.753882
115	137	1.12143
115	139	1.1955
115	145	1.17798
115	148	0.740496
115	151	0.7818
115	157	1.21034
115	164	1.17606
115	168	0.742389
115	171	0.722343
115	174	0.732871
115	175	0.756371
115	177	1.22461
115	179	0.760345
115	180	1.17628
116	26	0.612102
116	42	0.825656
116	48	1.21506
116	53	0.717364
116	63	0.640572
116	73	0.695823
116	85	0.716666
116	98	0.748673
116	103	0.800259
116	123	0.68617
116	131	1.22461
116	149	0.698717
116	155	1.20882
116	156	1.20627
116	161	1.20792
116	162	1.21344
116	165	1.2105
116	168	1.21592
116	169	1.21192
116	172	1.20098
116	174	1.22168
116	175	1.21413
116	176	1.22797
116	177	0.654189
116	178	1.20609
116	179	1.21469
117	39	1.20258
117	44	1.12079
117	51	1.11729
117	54	1.1217
117	59	0.815672
117	67	0.810353
117	75	1.14825
117	86	0.725842
117	89	0.763044
117	92	1.12584
117	95	1.2103
117	99	0.793347
117	113	0.77863
117	124	0.815171
117	132	0.761388
117	136	1.13252
117	144	0.766115
117	145	0.765824
117	149	1.10469
117	162	1.11708
117	163	1.14079
117	166	1.12408
117	168	1.11956
117	176	1.13161
117	177	1.17319
117	178	1.10973
118	28	0.75191
118	38	0.728727
118	44	0.787592
118	64	0.723962
118	68	0.847809
118	100	0.847558
118	108	1.12794
118	128	0.773215
118	129	1.10558
118	139	0.78361
118	147	0.750964
118	148	1.13153
118	158	1.14632
118	159	1.1458
118	160	1.13244
118	163	1.15914
118	164	0.799095
118	165	1.13249
118	166	1.14243
118	170	1.15886
118	172	1.12297
118	174	1.14366
118	175	1.13612
118	176	1.14996
118	178	1.12808
118	179	1.13668
119	2	1.18632
119	5	1.16487
119	13	1.14195
119	15	1.14686
119	32	1.25452
119	38	1.21271
119	47	0.761839
119	55	1.12883
119	64	1.20984
119	68	1.0804
119	76	1.14311
119	89	1.11967
119	99	1.09016
119	122	1.04881
119	125	1.0532
119	127	0.828258
119	141	1.08891
119	142	1.12984
119	148	0.79456
119	150	0.783921
119	153	0.785949
119	159	0.78555
119	165	0.794816
119	167	0.754929
119	170	0.75815
119	176	0.759701
120	24	1.13313
120	26	1.30349
120	29	1.15943
120	31	1.12194
120	36	1.24129
120	40	1.22191
120	47	0.734837
120	61	0.790788
120	64	0.65345
120	80	1.14296
120	92	1.17302
120	95	1.25748
120	100	1.13297
120	110	0.716212
120	128	1.20059
120	130	0.687954
120	134	1.13987
120	136	1.17971
120	146	1.18519
120	149	1.15188
120	153	0.758946
120	158	0.74664
120	167	1.15514
120	169	0.768569
120	171	0.749405
120	176	0.732698
120	178	0.767955
121	33	1.09276
121	65	1.14689
121	69	1.26512
121	85	1.16715
121	88	1.12584
121	93	1.18281
121	98	1.14871
121	104	1.2066
121	112	0.704951
121	114	1.19235
121	115	1.19286
121	137	1.13356
121	139	1.20763
121	140	0.736226
121	145	1.19011
121	154	0.742816
121	157	1.22247
121	160	0.761406
121	163	0.718439
121	171	0.732864
121	173	0.739387
121	174	0.743392
121	175	0.766893
121	176	0.716158
121	177	1.23674
121	178	0.751414
121	180	1.18841
122	2	1.16402
122	5	1.14257
122	28	1.14492
122	38	1.19041
122	39	1.17689
122	64	1.18754
122	68	1.05811
122	76	1.12082
122	83	1.09744
122	99	1.06787
122	119	1.04881
122	125	1.03091
122	129	0.822219
122	132	1.0824
122	141	1.06662
122	142	1.10755
122	151	0.850137
122	158	0.787915
122	159	0.799822
122	160	0.819221
122	162	0.802933
122	164	1.09895
122	171	1.11419
122	172	0.823848
122	175	0.824708
122	176	0.773973
122	178	0.809229
123	3	1.18931
123	23	1.14194
123	25	0.789299
123	34	1.23051
123	47	1.15981
123	70	1.25115
123	83	1.17033
123	89	1.17026
123	97	1.2284
123	105	1.14264
123	109	1.19591
123	112	1.16251
123	116	0.68617
123	130	1.18974
123	135	1.16715
123	138	0.741066
123	144	0.70839
123	147	1.20024
123	150	1.12804
123	151	0.785988
123	153	0.736073
123	154	0.736483
123	168	0.746577
123	169	0.745695
123	170	0.708274
123	171	0.726531
123	180	1.17207
124	1	1.14845
124	16	1.15908
124	17	1.00893
124	42	1.04114
124	58	1.09727
124	62	0.85835
124	73	1.14856
124	81	1.08174
124	82	0.833627
124	96	1.18062
124	103	1.04876
124	111	1.15052
124	113	1.11636
124	117	0.815171
124	126	1.10294
124	133	1.08917
124	144	1.11235
124	146	1.12945
124	152	1.15333
124	153	0.805272
124	158	0.792966
124	162	0.807984
124	168	0.815776
124	170	0.777473
124	171	1.13132
124	174	0.806258
124	180	0.797098
125	2	1.16842
125	5	1.14697
125	24	0.827645
125	28	1.14932
125	38	1.19481
125	55	1.11093
125	64	1.19194
125	68	1.0625
125	76	1.12521
125	83	1.10184
125	99	1.07226
125	110	0.779831
125	119	1.0532
125	122	1.03091
125	132	1.08679
125	141	1.07101
125	142	1.11194
125	143	0.786022
125	152	0.790954
125	158	0.810259
125	163	0.798599
125	164	1.10335
125	171	1.11859
125	174	0.823551
125	175	0.847052
125	176	0.796317
125	179	0.851026
126	13	0.735407
126	16	1.20126
126	17	1.05111
126	22	1.11444
126	29	0.790349
126	39	0.700522
126	44	1.15441
126	46	1.15156
126	50	0.775534
126	51	1.15091
126	89	0.7704
126	96	1.2228
126	124	1.10294
126	135	0.757526
126	136	0.776151
126	141	0.78826
126	144	1.15453
126	150	0.799125
126	152	1.19551
126	157	0.729357
126	166	1.1577
126	167	0.770133
126	169	1.14917
126	172	1.13824
126	173	1.1533
126	177	1.20681
126	178	1.14335
126	179	1.15195
127	14	0.949121
127	34	0.755752
127	38	0.725477
127	51	0.792923
127	61	1.09068
127	75	0.784927
127	91	0.775215
127	112	0.788752
127	119	0.828258
127	130	0.755214
127	131	1.13755
127	155	1.12176
127	158	1.13728
127	159	1.13676
127	160	1.12339
127	161	1.12087
127	162	1.12639
127	165	1.12344
127	167	0.795187
127	168	1.12886
127	169	1.12486
127	170	1.14982
127	172	1.11392
127	174	1.13462
127	175	1.12707
127	176	1.14091
127	177	0.7464
127	179	1.12764
127	180	1.13416
128	7	1.21663
128	14	1.07341
128	18	1.22895
128	26	1.33183
128	31	1.15028
128	40	1.25024
128	52	0.765006
128	62	0.780734
128	66	1.1504
128	80	1.1713
128	87	0.637496
128	92	1.20136
128	94	0.745837
128	100	1.16131
128	102	1.21021
128	108	0.750421
128	118	0.773215
128	120	1.20059
128	134	1.16821
128	136	1.20805
128	146	1.21353
128	149	1.18022
128	162	0.730368
128	167	1.18348
128	170	0.699857
128	171	0.718114
128	176	0.701408
128	177	0.64785
128	179	0.756117
129	16	0.73627
129	23	0.800583
129	66	0.823191
129	67	0.822452
129	80	0.807423
129	88	0.82992
129	93	0.774999
129	115	0.753882
129	118	1.10558
129	122	0.822219
129	131	1.1376
129	146	0.75174
129	148	1.12253
129	151	1.1102
129	154	1.12192
129	159	1.13681
129	161	1.12092
129	162	1.12644
129	163	1.15014
129	166	1.13344
129	167	0.774876
129	168	1.12891
129	169	1.12491
129	170	1.14987
129	172	1.11397
129	173	1.12903
129	176	1.14096
129	178	1.11908
129	179	1.12769
130	6	1.22264
130	23	1.15939
130	27	1.14389
130	37	0.823352
130	41	1.24004
130	47	1.17725
130	50	0.687286
130	62	0.765983
130	70	1.26859
130	86	0.64495
130	97	1.24584
130	105	1.16009
130	107	0.640855
130	109	1.21336
130	112	1.17996
130	120	0.687954
130	123	1.18974
130	127	0.755214
130	135	1.1846
130	147	1.21769
130	150	1.14548
130	151	0.762821
130	154	0.713315
130	156	0.74699
130	164	1.18929
130	167	1.17262
130	172	0.736532
130	179	0.741366
130	180	1.18951
131	5	0.731163
131	46	0.762111
131	62	1.13673
131	77	0.745617
131	82	1.15055
131	95	0.70786
131	106	0.801302
131	116	1.22461
131	127	1.13755
131	129	1.1376
131	132	0.765712
131	133	0.791099
131	135	0.754495
131	139	0.752274
131	142	0.734909
131	157	0.726325
131	158	1.17834
131	161	1.16193
131	162	1.16745
131	163	1.19116
131	165	1.16451
131	168	1.16993
131	172	1.15499
131	173	1.17005
131	174	1.17568
131	175	1.16814
131	176	1.18198
131	177	0.718315
131	178	1.1601
131	179	1.1687
132	13	1.17554
132	15	1.18045
132	23	0.746176
132	28	1.20081
132	32	1.28811
132	38	1.2463
132	48	0.739301
132	55	1.16242
132	64	1.24343
132	68	1.11399
132	76	1.1767
132	83	1.15333
132	94	0.76967
132	99	1.12375
132	106	0.754669
132	113	1.15512
132	117	0.761388
132	122	1.0824
132	125	1.08679
132	131	0.765712
132	141	1.1225
132	142	1.16343
132	152	0.719878
132	154	0.751899
132	160	0.770489
132	164	1.15484
132	168	0.761993
132	170	0.72369
132	171	1.17008
132	180	0.743315
133	1	1.17686
133	6	1.17783
133	8	1.19643
133	16	1.18749
133	17	1.03734
133	35	1.19329
133	42	1.06954
133	48	0.764688
133	49	1.12814
133	57	1.09724
133	58	1.12568
133	81	1.11015
133	86	1.18736
133	94	0.795056
133	96	1.20903
133	103	1.07717
133	111	1.17893
133	124	1.08917
133	131	0.791099
133	143	0.740333
133	144	1.14076
133	146	1.15786
133	150	0.774847
133	153	0.776875
133	162	0.779587
133	166	0.779946
133	168	0.787379
133	171	1.15973
133	173	0.773857
133	174	0.777862
133	180	0.768702
134	7	1.15591
134	14	1.01269
134	18	1.16823
134	26	1.27111
134	29	1.12705
134	31	1.08956
134	36	1.20891
134	45	0.746634
134	46	0.735808
134	66	1.08968
134	80	1.11058
134	82	0.800173
134	92	1.14064
134	94	0.789999
134	95	1.2251
134	100	1.10059
134	102	1.14949
134	120	1.13987
134	128	1.16821
134	136	1.14733
134	146	1.15281
134	148	0.780429
134	149	1.1195
134	151	0.821733
134	153	0.771818
134	158	0.759511
134	167	1.12276
134	168	0.782322
134	173	0.768799
134	174	0.772804
134	178	0.780826
135	7	0.689711
135	23	1.1368
135	27	1.1213
135	34	1.22537
135	39	1.24465
135	41	1.21745
135	53	1.16404
135	62	0.793349
135	70	1.24601
135	89	1.16512
135	97	1.22326
135	105	1.1375
135	109	1.19077
135	112	1.15737
135	113	1.16699
135	123	1.16715
135	126	0.757526
135	130	1.1846
135	131	0.754495
135	147	1.1951
135	148	0.748883
135	150	1.1229
135	152	0.70866
135	155	0.745998
135	162	0.742983
135	164	1.1667
135	170	0.712472
135	171	0.73073
135	175	0.764758
135	176	0.714023
135	178	0.749279
135	180	1.16693
136	14	1.05253
136	18	1.20807
136	26	1.31095
136	29	1.16689
136	31	1.1294
136	35	1.22809
136	40	1.22936
136	45	0.733712
136	66	1.12952
136	80	1.15042
136	92	1.18048
136	95	1.26494
136	100	1.14043
136	102	1.18933
136	117	1.13252
136	120	1.17971
136	126	0.776151
136	128	1.20805
136	134	1.14733
136	140	0.752716
136	146	1.19265
136	147	0.680402
136	149	1.15934
136	152	0.727285
136	153	0.758896
136	158	0.746589
136	165	0.767762
136	170	0.731097
136	173	0.755877
136	176	0.732648
136	177	0.67909
136	178	0.767904
137	9	1.15235
137	21	1.08793
137	28	1.16273
137	30	1.09948
137	43	0.814396
137	50	1.11335
137	65	1.07546
137	67	1.07016
137	69	1.19369
137	85	1.09572
137	87	0.719953
137	91	1.12117
137	98	1.07728
137	104	1.13516
137	114	1.12091
137	115	1.12143
137	121	1.13356
137	139	1.1362
137	143	0.77357
137	145	1.11868
137	155	0.815839
137	156	0.844197
137	157	1.15103
137	161	0.814406
137	162	0.812824
137	163	0.786146
137	164	1.11676
137	165	0.818979
137	174	0.811099
137	176	0.783865
137	178	0.819121
137	180	1.11698
138	1	0.708783
138	26	0.666998
138	58	0.816314
138	87	1.22488
138	95	0.698629
138	98	0.803569
138	104	0.722545
138	105	0.780673
138	108	1.16585
138	123	0.741066
138	140	1.19675
138	145	0.760918
138	147	0.710397
138	154	1.16883
138	156	1.16617
138	157	0.717095
138	159	1.18372
138	160	1.17035
138	162	1.17335
138	165	1.1704
138	166	1.18035
138	167	0.757871
138	168	1.17582
138	169	1.17182
138	170	1.19678
138	172	1.16088
138	173	1.17595
138	174	1.18158
138	175	1.17403
138	176	1.18787
138	177	0.709085
138	179	1.1746
139	7	0.68749
139	21	1.162
139	33	1.0954
139	47	0.71394
139	50	1.18742
139	65	1.14953
139	67	1.14423
139	69	1.26776
139	85	1.16979
139	88	1.12848
139	91	1.19525
139	93	1.18546
139	104	1.20924
139	106	1.16633
139	115	1.1955
139	118	0.78361
139	121	1.20763
139	131	0.752274
139	137	1.1362
139	144	0.710368
139	145	1.19275
139	157	1.22511
139	158	0.725744
139	160	0.75705
139	161	0.742343
139	164	1.19084
139	166	0.741121
139	171	0.728509
139	174	0.739036
139	175	0.762537
139	179	0.766511
139	180	1.19106
140	13	0.711972
140	28	0.700171
140	35	0.671338
140	50	0.752099
140	53	0.761087
140	69	0.671901
140	78	1.09619
140	81	0.779478
140	99	0.777268
140	101	1.21081
140	106	0.780899
140	108	1.1722
140	114	0.7561
140	121	0.736226
140	136	0.752716
140	138	1.19675
140	148	1.17578
140	154	1.17518
140	155	1.17507
140	156	1.17252
140	163	1.2034
140	164	0.747356
140	165	1.17675
140	166	1.18669
140	169	1.17816
