1	24	1.37444
1	35	1.30314
1	37	1.37812
1	43	1.45012
1	95	0.497349
1	117	1.34509
1	118	1.34509
1	132	0.518411
1	168	0.463864
1	172	0.476424
1	173	1.404
1	179	0.448441
2	31	0.549693
2	69	1.36389
2	79	1.36389
2	93	1.45277
2	99	1.38789
2	112	1.31577
2	155	0.489224
2	167	1.3316
2	170	0.464823
2	171	0.436673
2	178	0.467281
2	179	1.3842
3	35	1.30035
3	42	1.32205
3	43	1.44733
3	44	0.484772
3	72	1.44447
3	86	0.496829
3	117	1.3423
3	118	1.3423
3	163	0.447226
3	167	0.47658
3	173	1.40121
3	180	0.502545
4	27	0.521757
4	89	0.448115
4	91	0.459247
4	158	0.476544
4	165	0.487609
4	172	1.38512
4	174	1.38006
4	175	1.37364
4	176	1.36206
4	177	1.36998
4	178	1.368
4	180	1.36118
5	109	1.29095
5	122	1.41542
5	126	1.38143
5	128	1.3267
5	148	0.502804
5	154	0.53381
5	161	1.39455
5	162	1.39954
5	172	0.464491
5	173	1.39141
5	175	0.463934
5	179	0.436508
6	101	1.38273
6	107	1.39275
6	146	1.34446
6	147	1.4073
6	154	0.558867
6	156	1.34027
6	157	1.37875
6	159	1.35375
6	169	0.428487
6	171	0.46558
6	172	0.489548
6	179	0.461565
7	56	0.360232
7	69	0.506918
7	125	0.5031
7	129	0.53853
7	132	0.483863
7	172	1.38512
7	174	1.38006
7	175	1.37364
7	176	1.36206
7	177	1.36998
7	178	1.368
7	180	1.36118
8	113	1.21086
8	143	1.23602
8	146	1.16677
8	147	1.22961
8	156	1.16257
8	157	1.20105
8	159	1.17606
8	162	1.21705
8	166	0.563144
8	174	0.610902
8	177	0.611186
8	178	0.620254
9	46	0.496194
9	88	1.31381
9	90	1.43915
9	91	1.44156
9	137	1.40662
9	138	1.25736
9	152	1.37683
9	165	1.36466
9	167	0.48315
9	169	0.432994
9	172	0.494055
9	178	0.500695
10	47	1.38079
10	63	1.29084
10	64	0.506627
10	129	1.36995
10	137	1.41168
10	142	1.39309
10	160	1.38395
10	165	1.36971
10	171	0.451695
10	177	0.473235
10	178	0.482303
10	180	0.490723
11	126	0.557954
11	133	1.37051
11	145	1.38999
11	147	1.38073
11	148	1.40976
11	149	1.33606
11	154	1.36079
11	157	1.35217
11	163	0.437861
11	170	0.482303
11	177	0.475692
11	179	0.450137
12	24	1.19722
12	27	1.22177
12	37	1.20089
12	42	1.1476
12	72	1.27002
12	78	0.585523
12	117	1.16786
12	118	1.16786
12	148	0.644654
12	163	0.566082
12	164	0.60721
12	173	1.22677
13	51	1.29596
13	55	1.30358
13	57	1.39686
13	59	0.559588
13	71	1.19993
13	119	1.26085
13	140	1.2958
13	145	1.35048
13	149	1.29654
13	167	0.510835
13	176	0.52358
13	177	0.519312
13	179	0.493757
14	91	0.506841
14	97	0.54117
14	111	1.29559
14	140	1.30292
14	142	0.528526
14	149	1.30366
14	150	0.505955
14	156	1.28129
14	159	1.29477
14	173	0.510442
14	176	1.30558
14	178	1.31152
14	180	1.3047
15	103	0.49647
15	104	0.541621
15	115	0.496082
15	117	1.26009
15	118	1.26009
15	150	1.34524
15	152	0.528944
15	154	1.31975
15	160	0.531789
15	173	1.319
15	176	1.29694
15	178	1.30287
15	180	1.29605
16	29	1.30021
16	88	0.618946
16	107	1.33679
16	110	1.25301
16	115	0.53853
16	146	1.28851
16	151	0.501438
16	156	1.28432
16	157	1.32279
16	159	1.2978
16	163	0.465392
16	164	1.31657
16	179	0.477667
17	60	1.25031
17	76	0.510586
17	77	1.43201
17	137	1.30697
17	139	0.542366
17	142	1.28838
17	153	1.27717
17	160	1.27924
17	165	1.265
17	168	1.30091
17	171	0.503741
17	174	0.524997
17	177	0.525281
18	39	0.390716
18	58	0.501799
18	62	0.395456
18	89	1.54288
18	99	0.42329
18	128	1.44532
18	152	0.439087
18	156	1.46369
18	158	0.442332
18	159	1.47717
18	176	1.48797
18	177	1.4959
18	180	1.48709
19	49	0.518913
19	80	1.27267
19	87	1.35859
19	109	1.20685
19	122	1.33133
19	126	1.29733
19	155	0.548608
19	161	1.31046
19	162	1.31545
19	170	0.524207
19	171	0.496056
19	173	1.30732
19	175	0.519468
20	23	0.530378
20	57	1.3732
20	108	0.564303
20	112	1.25825
20	134	0.443416
20	145	1.32682
20	147	1.31756
20	149	1.27289
20	156	1.25052
20	167	1.27408
20	170	0.508006
20	173	0.559113
20	179	1.32668
21	36	0.582764
21	125	0.499572
21	128	0.522821
21	136	0.499225
21	146	1.28254
21	150	0.489151
21	157	1.31682
21	158	1.29701
21	160	1.30148
21	165	1.28725
21	176	1.30263
21	177	1.31055
21	180	1.30175
22	47	0.524281
22	62	0.453043
22	67	0.569836
22	68	0.546062
22	112	1.2834
22	117	1.26312
22	118	1.26312
22	154	0.500252
22	173	1.32202
22	175	1.31154
22	178	1.3059
22	179	1.35184
22	180	1.29908
23	20	0.530378
23	66	0.502837
23	124	0.522452
23	153	0.516705
23	158	0.522394
23	170	1.29592
23	172	1.31427
23	174	1.30922
23	175	1.30279
23	176	1.29121
23	177	1.29914
23	178	1.29715
23	180	1.29033
24	1	1.37444
24	12	1.19722
24	35	1.22542
24	43	1.37239
24	72	1.36953
24	114	0.54382
24	117	1.26737
24	118	1.26736
24	134	0.472557
24	161	0.52642
24	164	0.533833
24	173	1.32627
24	177	0.530536
25	61	1.28732
25	79	0.566607
25	106	1.24726
25	107	1.3399
25	139	0.527905
25	146	1.29162
25	151	0.509036
25	156	1.28742
25	157	1.3259
25	159	1.3009
25	164	1.31968
25	176	0.515088
25	179	0.485264
26	27	0.53169
26	112	0.498393
26	113	0.504402
26	117	0.526538
26	121	0.530512
26	137	1.30392
26	148	1.34912
26	150	1.32564
26	154	1.30015
26	160	1.27619
26	177	1.28526
26	178	1.28328
26	180	1.27646
27	4	0.521757
27	12	1.22177
27	26	0.53169
27	35	1.24997
27	37	1.32496
27	42	1.27167
27	43	1.39695
27	117	1.29192
27	118	1.29192
27	134	0.480646
27	164	0.541922
27	168	0.528492
27	173	1.35083
28	132	1.32667
28	136	1.28606
28	144	1.35115
28	148	1.33094
28	150	1.30746
28	154	1.28197
28	155	1.23454
28	159	0.592767
28	169	0.455002
28	172	0.516064
28	173	1.28122
28	176	0.517904
28	178	0.522703
29	16	1.30021
29	61	1.27893
29	110	1.24773
29	114	0.498069
29	124	1.33383
29	138	0.63191
29	146	1.28323
29	147	1.34606
29	157	1.31751
29	159	1.29251
29	172	0.487213
29	177	0.484785
29	180	0.502273
30	45	0.581198
30	63	0.529472
30	68	0.535884
30	148	0.459068
30	154	0.490074
30	170	1.29592
30	172	1.31427
30	174	1.30922
30	175	1.30279
30	176	1.29121
30	177	1.29914
30	178	1.29715
30	180	1.29033
31	2	0.549693
31	34	0.558683
31	51	0.588254
31	93	0.519655
31	125	0.577131
31	170	1.2367
31	171	1.27378
31	172	1.25505
31	174	1.25
31	175	1.24357
31	176	1.23199
31	177	1.23991
31	178	1.23793
31	180	1.23111
32	85	1.18277
32	125	1.23057
32	136	1.23865
32	144	1.30375
32	148	1.28354
32	150	1.26006
32	154	1.23457
32	158	0.621253
32	168	1.23228
32	170	0.556449
32	172	0.552267
32	173	1.23382
32	177	0.549839
32	179	0.524284
33	53	1.41845
33	71	1.30828
33	111	1.39682
33	119	1.3692
33	130	0.491144
33	133	1.43935
33	139	0.472053
33	140	1.40416
33	145	1.45883
33	149	1.4049
33	161	0.450852
33	164	0.458266
33	178	0.464036
33	180	0.472457
34	31	0.558683
34	48	1.39713
34	55	1.39611
34	81	1.39511
34	105	0.511167
34	137	1.41758
34	143	0.442552
34	152	1.38779
34	153	1.38778
34	165	1.37561
34	166	0.41916
34	169	0.408569
34	174	0.466918
34	179	1.44287
35	1	1.30314
35	3	1.30035
35	24	1.22542
35	27	1.24997
35	42	1.17581
35	72	1.29822
35	116	0.560607
35	117	1.19606
35	118	1.19606
35	141	0.560969
35	143	0.55125
35	171	0.55436
35	173	1.25497
35	176	0.580169
36	21	0.582764
36	68	1.11246
36	70	1.23532
36	132	1.28192
36	136	1.24131
36	144	1.3064
36	148	1.28619
36	150	1.26271
36	154	1.23722
36	169	0.510208
36	173	1.23647
36	174	0.568557
36	175	0.570713
36	176	0.57311
37	1	1.37812
37	12	1.20089
37	27	1.32496
37	42	1.25079
37	52	0.570034
37	72	1.37321
37	117	1.27104
37	118	1.27104
37	162	0.515918
37	168	0.496449
37	173	1.32995
37	177	0.506581
37	178	0.515649
38	42	0.606375
38	85	0.543682
38	96	0.515336
38	104	1.21749
38	110	0.591273
38	119	1.20944
38	125	0.536792
38	140	1.24439
38	145	1.29907
38	153	1.24384
38	165	1.23167
38	177	1.25497
38	178	1.25299
38	180	1.24617
39	18	0.390716
39	54	0.455675
39	81	0.532362
39	112	1.37955
39	117	1.35926
39	118	1.35926
39	129	0.540876
39	140	1.39345
39	145	1.44813
39	149	1.39419
39	162	0.451131
39	168	0.431663
39	173	1.41817
39	179	1.44799
40	65	0.455723
40	118	0.505827
40	125	0.449716
40	129	0.485146
40	153	0.451789
40	170	1.39358
40	171	1.43066
40	173	0.443782
40	174	1.40688
40	175	1.40045
40	176	1.38887
40	177	1.39679
40	178	1.39481
40	180	1.38799
41	49	0.467248
41	63	1.34005
41	88	1.36809
41	104	1.40475
41	120	1.37729
41	141	0.451001
41	152	1.43111
41	153	1.4311
41	158	1.42869
41	162	0.475268
41	165	1.41893
41	170	0.472542
41	175	0.467803
41	178	0.475
42	3	1.32205
42	12	1.1476
42	27	1.27167
42	35	1.17581
42	37	1.25079
42	38	0.606375
42	72	1.31992
42	78	0.536843
42	86	0.567005
42	117	1.21775
42	118	1.21775
42	161	0.551117
42	168	0.545101
42	173	1.27666
43	1	1.45012
43	3	1.44733
43	24	1.37239
43	27	1.39695
43	72	1.4452
43	92	0.475876
43	95	0.495349
43	117	1.34304
43	118	1.34304
43	151	0.470212
43	162	0.481332
43	166	0.423954
43	168	0.461864
43	173	1.40195
44	3	0.484772
44	60	0.550308
44	73	0.487708
44	89	0.464699
44	140	0.507155
44	142	0.497515
44	147	1.35364
44	148	1.38268
44	150	1.3592
44	154	1.3337
44	157	1.32508
44	159	1.30009
44	177	1.31881
44	178	1.31683
44	180	1.31001
45	30	0.581198
45	96	0.627064
45	102	0.577254
45	110	1.14615
45	113	1.22574
45	121	1.17567
45	124	1.23226
45	146	1.18165
45	147	1.24449
45	149	0.652047
45	156	1.17746
45	157	1.21593
45	159	1.19094
45	164	1.20971
45	171	0.563328
46	9	0.496194
46	124	0.498037
46	140	0.512007
46	152	0.494734
46	165	0.509044
46	170	1.32559
46	171	1.36267
46	172	1.34394
46	173	0.484283
46	174	1.33889
46	175	1.33246
46	176	1.32088
46	177	1.3288
46	178	1.32682
46	180	1.32
47	10	1.38079
47	22	0.524281
47	81	1.31151
47	83	1.44434
47	97	1.32494
47	102	0.510159
47	129	1.29224
47	137	1.33398
47	141	0.502842
47	143	0.493123
47	152	1.30419
47	158	1.30177
47	160	1.30625
47	169	0.45914
47	177	0.517773
48	34	1.39713
48	60	1.28775
48	83	1.45478
48	120	1.26081
48	127	0.510034
48	137	1.34442
48	142	1.32583
48	153	1.31462
48	158	1.31221
48	161	0.490665
48	165	1.30245
48	175	0.496653
48	177	0.494781
48	178	0.503849
48	180	0.512269
49	19	0.518913
49	41	0.467248
49	69	0.490784
49	119	0.534998
49	128	0.510216
49	145	0.472251
49	170	1.32559
49	171	1.36267
49	172	1.34394
49	174	1.33889
49	175	1.33246
49	176	1.32088
49	177	1.3288
49	178	1.32682
49	180	1.32
50	58	1.27808
50	71	1.22974
50	74	1.36717
50	103	1.41365
50	108	0.55731
50	111	1.31828
50	133	1.36081
50	140	1.32562
50	145	1.38029
50	149	1.32635
50	151	0.492618
50	175	0.496274
50	176	0.498671
50	177	0.494402
50	179	0.468847
51	13	1.29596
51	31	0.588254
51	53	1.32084
51	57	1.4076
51	103	1.39458
51	111	1.29921
51	119	1.27159
51	123	0.475181
51	133	1.34174
51	139	0.513858
51	143	0.472123
51	145	1.36122
51	149	1.30728
51	168	0.486641
51	179	0.471218
52	37	0.570034
52	87	1.38071
52	89	1.36228
52	96	1.3198
52	122	1.35345
52	126	1.31945
52	128	1.26472
52	155	0.516461
52	161	1.33258
52	162	1.33757
52	172	0.487878
52	173	1.32944
52	174	0.485166
52	175	0.487322
52	179	0.459895
53	33	1.41845
53	51	1.32084
53	55	1.32846
53	58	1.27315
53	88	0.593442
53	119	1.28573
53	133	1.35588
53	140	1.32069
53	145	1.37536
53	149	1.32142
53	161	0.473602
53	162	0.487054
53	166	0.429676
53	170	0.484329
53	173	0.535436
54	39	0.455675
54	96	0.478073
54	109	0.569454
54	144	0.458178
54	146	0.533402
54	147	0.498914
54	170	1.32559
54	171	1.36267
54	172	1.34394
54	174	1.33889
54	175	1.33246
54	176	1.32088
54	177	1.3288
54	178	1.32682
54	180	1.32
55	13	1.30358
55	34	1.39611
55	53	1.32846
55	70	0.484101
55	85	0.502288
55	89	0.474731
55	142	1.32481
55	149	1.3149
55	156	0.531413
55	159	0.510877
55	173	0.489464
55	177	1.32475
55	178	1.32276
55	179	1.3687
55	180	1.31594
56	7	0.360232
56	69	1.34531
56	79	1.34531
56	92	0.346661
56	93	1.4342
56	99	1.36931
56	112	1.29719
56	135	0.34413
56	138	1.19107
56	161	1.33895
56	163	0.797369
56	167	1.31303
56	171	0.81366
56	172	0.34521
56	179	1.36563
57	13	1.39686
57	20	1.3732
57	51	1.4076
57	74	1.449
57	103	1.49548
57	111	1.40011
57	116	0.445112
57	140	1.40745
57	145	1.46212
57	149	1.40818
57	155	0.491416
57	162	0.469741
57	167	0.451928
57	168	0.450273
57	171	0.438865
57	172	0.462833
58	18	0.501799
58	50	1.27808
58	53	1.27315
58	74	1.30041
58	103	1.34689
58	111	1.25152
58	119	1.2239
58	131	0.558911
58	133	1.29405
58	140	1.25886
58	145	1.31353
58	149	1.25959
58	163	0.515047
58	167	0.5444
58	170	0.559488
58	179	0.527322
59	13	0.559588
59	122	0.510909
59	124	0.533746
59	136	0.525579
59	137	0.519495
59	165	0.544754
59	169	1.40669
59	170	1.25818
59	171	1.29526
59	172	1.27653
59	174	1.27148
59	175	1.26505
59	176	1.25347
59	177	1.26139
59	178	1.25941
59	180	1.25259
60	17	1.25031
60	44	0.550308
60	48	1.28775
60	90	1.34073
60	104	1.25206
60	142	1.28961
60	152	1.27842
60	153	1.27841
60	158	1.276
60	160	1.28048
60	163	0.512761
60	165	1.26624
60	167	0.542115
60	169	0.49196
60	170	0.557203
60	175	0.552464
61	25	1.28732
61	29	1.27893
61	106	1.22287
61	113	1.31132
61	116	0.523307
61	121	1.26124
61	130	0.574776
61	146	1.26722
61	147	1.33006
61	156	1.26303
61	157	1.30151
61	159	1.27651
61	163	0.500769
61	175	0.540472
61	179	0.513045
61	180	0.556089
62	18	0.395456
62	22	0.453043
62	98	0.507278
62	120	1.36816
62	130	0.482711
62	142	1.43317
62	153	1.42196
62	155	1.40056
62	158	1.41956
62	160	1.42403
62	162	0.455872
62	165	1.4098
62	168	1.44571
62	177	0.446535
62	179	1.47706
62	180	0.464024
63	10	1.29084
63	30	0.529472
63	41	1.34005
63	75	1.25805
63	76	0.518448
63	77	1.36907
63	83	1.35439
63	91	1.27897
63	142	1.22544
63	144	0.555444
63	158	1.21182
63	165	1.20206
63	174	0.532859
63	175	0.535014
63	177	0.533142
63	179	1.26932
64	10	0.506627
64	76	0.440694
64	80	1.32753
64	87	1.41345
64	89	1.39502
64	96	1.35254
64	116	0.440095
64	122	1.38619
64	126	1.3522
64	127	0.470642
64	128	1.29747
64	138	0.602514
64	139	0.472474
64	161	1.36532
64	164	1.34809
64	173	1.36218
64	180	0.472877
65	40	0.455723
65	73	1.37071
65	77	1.48372
65	88	1.26588
65	90	1.39121
65	97	1.34964
65	100	0.479253
65	115	1.38277
65	153	1.32889
65	158	1.32648
65	161	0.48754
65	162	0.500993
65	164	0.494954
65	165	1.31672
65	172	0.494085
65	176	0.495925
65	179	1.38398
66	23	0.502837
66	106	1.30454
66	110	1.31339
66	113	1.39299
66	121	1.34291
66	124	1.3995
66	127	0.489108
66	146	1.34889
66	147	1.41173
66	156	1.3447
66	157	1.38318
66	159	1.35818
66	161	0.469738
66	168	0.463722
66	173	0.531573
66	174	0.473571
66	175	0.475726
67	22	0.569836
67	88	1.1794
67	120	1.18861
67	129	1.23048
67	137	1.27221
67	142	1.25362
67	152	1.24242
67	155	1.22101
67	158	1.24001
67	160	1.24448
67	165	1.23025
67	167	0.554851
67	172	0.565756
67	177	0.563328
67	178	0.572396
67	179	1.29751
67	180	0.580816
68	22	0.546062
68	30	0.535884
68	36	1.11246
68	125	1.22857
68	132	1.27727
68	136	1.23665
68	144	1.30175
68	148	1.28154
68	150	1.25806
68	154	1.23257
68	156	0.639221
68	159	0.618686
68	167	1.20903
68	168	1.23028
68	170	0.546165
68	173	1.23182
68	179	0.513999
69	2	1.36389
69	7	0.506918
69	49	0.490784
69	56	1.34531
69	79	1.37482
69	93	1.46371
69	99	1.39883
69	112	1.32671
69	135	0.490816
69	138	1.22058
69	161	1.36846
69	163	0.451636
69	167	1.34254
69	168	0.479335
69	177	0.489467
69	178	0.498535
69	179	1.39514
70	36	1.23532
70	55	0.484101
70	127	0.489605
70	130	0.510528
70	132	1.40012
70	136	1.35951
70	139	0.491437
70	144	1.42461
70	148	1.4044
70	150	1.38092
70	154	1.35543
70	164	0.47765
70	167	1.33189
70	168	1.35314
70	172	0.476781
70	173	1.35468
70	176	0.478621
71	13	1.19993
71	33	1.30828
71	50	1.22974
71	74	1.25207
71	81	0.660715
71	103	1.29855
71	111	1.20318
71	119	1.17556
71	133	1.24571
71	134	0.512168
71	140	1.21052
71	145	1.26519
71	149	1.21125
71	169	0.511514
71	170	0.576758
71	172	0.572575
71	175	0.572019
72	3	1.44447
72	12	1.27002
72	24	1.36953
72	35	1.29822
72	37	1.37321
72	42	1.31992
72	43	1.4452
72	105	0.529095
72	117	1.34017
72	118	1.34017
72	135	0.486479
72	162	0.494466
72	167	0.476653
72	168	0.474998
72	171	0.46359
72	173	1.39908
72	177	0.48513
73	44	0.487708
73	65	1.37071
73	91	1.41184
73	115	1.40099
73	116	0.472699
73	129	1.33516
73	130	0.524167
73	135	0.489341
73	142	1.35831
73	152	1.34711
73	153	1.3471
73	158	1.34469
73	160	1.34917
73	162	0.497328
73	163	0.450161
73	165	1.33493
73	174	0.487708
74	50	1.36717
74	57	1.449
74	58	1.30041
74	71	1.25207
74	103	1.43598
74	108	0.53638
74	119	1.31299
74	133	1.38314
74	140	1.34794
74	142	0.549275
74	145	1.40262
74	149	1.34868
74	155	0.504484
74	164	0.47677
74	169	0.41484
74	171	0.451933
74	177	0.473473
75	63	1.25805
75	81	1.35642
75	90	1.41141
75	91	1.41382
75	97	1.36984
75	102	0.463083
75	105	0.514662
75	130	0.506873
75	141	0.455766
75	152	1.3491
75	153	1.34909
75	160	1.35116
75	165	1.33692
75	167	0.46222
75	170	0.477308
75	173	0.528416
75	179	1.40418
76	17	0.510586
76	63	0.518448
76	64	0.440694
76	99	0.459674
76	129	0.506384
76	153	0.473027
76	159	0.486434
76	169	1.48669
76	170	1.33818
76	171	1.37526
76	172	1.35653
76	174	1.35148
76	175	1.34505
76	176	1.33347
76	177	1.34139
76	178	1.33941
76	180	1.33259
77	17	1.43201
77	63	1.36907
77	65	1.48372
77	88	1.3971
77	120	1.40631
77	143	0.426715
77	152	1.46012
77	158	1.4577
77	160	1.46218
77	161	0.447249
77	165	1.44794
77	167	0.442888
77	168	1.48385
77	170	0.457976
77	172	0.453794
77	175	0.453237
77	178	0.460433
77	180	0.468853
78	12	0.585523
78	42	0.536843
78	97	0.492053
78	109	0.537184
78	126	0.485869
78	153	0.469332
78	165	0.486087
78	166	1.38985
78	169	1.42771
78	170	1.2792
78	171	1.31628
78	172	1.29754
78	174	1.29249
78	175	1.28607
78	176	1.27449
78	177	1.28241
78	178	1.28042
78	180	1.2736
79	2	1.36389
79	25	0.566607
79	56	1.34531
79	69	1.37482
79	93	1.46371
79	99	1.39883
79	112	1.32671
79	138	1.22058
79	155	0.508797
79	161	1.36846
79	167	1.34254
79	168	0.467653
79	169	0.419152
79	174	0.477501
79	176	0.482054
79	178	0.486853
79	179	1.39514
80	19	1.27267
80	64	1.32753
80	87	1.37245
80	89	1.35402
80	96	1.31153
80	109	1.22071
80	122	1.34519
80	126	1.31119
80	128	1.25646
80	143	0.496946
80	155	0.552607
80	164	1.30708
80	166	0.473554
80	168	0.511464
80	173	1.32118
80	174	0.521312
80	175	0.523468
80	178	0.530664
81	34	1.39511
81	39	0.532362
81	47	1.31151
81	71	0.660715
81	75	1.35642
81	88	1.2496
81	100	0.500161
81	120	1.2588
81	137	1.3424
81	138	1.19314
81	158	1.3102
81	160	1.31467
81	165	1.30044
81	166	0.464523
81	167	0.504088
81	169	0.453932
81	171	0.491025
81	179	1.3677
82	96	1.31965
82	111	1.29724
82	124	1.33775
82	126	1.31931
82	128	1.26458
82	133	1.33977
82	134	0.452967
82	140	1.30458
82	149	1.30531
82	150	0.564177
82	151	0.509162
82	155	0.541957
82	156	1.28295
82	159	1.29643
82	161	1.33243
82	174	0.510662
82	175	0.512818
82	176	0.515214
83	47	1.44434
83	48	1.45478
83	63	1.35439
83	92	0.447138
83	108	0.506166
83	137	1.47523
83	141	0.428327
83	142	1.45663
83	151	0.441474
83	152	1.44544
83	153	1.44543
83	158	1.44302
83	160	1.4475
83	165	1.43326
83	170	0.449869
83	174	0.442974
83	177	0.443258
83	178	0.452326
84	99	0.489588
84	113	0.526555
84	117	0.548691
84	133	1.31835
84	140	1.28316
84	142	0.513019
84	144	1.37781
84	145	1.33783
84	147	0.500253
84	149	1.2839
84	150	1.33412
84	153	0.502941
84	154	1.30863
84	158	0.50863
84	176	1.28582
84	177	1.29374
84	178	1.29175
84	180	1.28493
85	32	1.18277
85	38	0.543682
85	55	0.502288
85	119	0.604224
85	125	1.30154
85	132	1.35023
85	136	1.30962
85	141	0.477609
85	144	1.37472
85	148	1.35451
85	150	1.33103
85	154	1.30554
85	167	1.282
85	168	1.30325
85	170	0.49915
85	173	1.30479
85	179	0.466984
85	180	0.510028
86	3	0.496829
86	42	0.567005
86	91	0.487887
86	126	0.516031
86	154	0.505517
86	157	0.514908
86	158	0.505184
86	166	1.38985
86	169	1.42771
86	170	1.2792
86	171	1.31628
86	172	1.29754
86	174	1.29249
86	175	1.28607
86	176	1.27449
86	177	1.28241
86	178	1.28042
86	180	1.2736
87	19	1.35859
87	52	1.38071
87	64	1.41345
87	80	1.37245
87	96	1.39746
87	102	0.464043
87	109	1.30663
87	122	1.43111
87	126	1.39712
87	128	1.34238
87	134	0.413679
87	136	0.534963
87	155	0.502669
87	164	1.39301
87	170	0.478268
87	171	0.450117
87	173	1.4071
87	176	0.475926
87	180	0.489145
88	9	1.31381
88	16	0.618946
88	41	1.36809
88	53	0.593442
88	65	1.26588
88	67	1.1794
88	77	1.3971
88	81	1.2496
88	90	1.30459
88	100	0.525318
88	120	1.18846
88	143	0.513071
88	152	1.24227
88	155	1.22086
88	158	1.23986
88	165	1.23009
88	166	0.489679
88	167	0.529244
88	174	0.537437
89	4	0.448115
89	18	1.54288
89	44	0.464699
89	52	1.36228
89	55	0.474731
89	64	1.39502
89	80	1.35402
89	96	1.37903
89	109	1.2882
89	122	1.41268
89	126	1.37869
89	128	1.32396
89	133	0.538084
89	157	0.546122
89	164	1.37458
89	167	0.456506
89	169	0.40635
89	173	1.38867
89	175	0.466855
90	9	1.43915
90	60	1.34073
90	65	1.39121
90	75	1.41141
90	88	1.30459
90	91	1.43233
90	110	0.575901
90	141	0.442837
90	151	0.455984
90	153	1.3676
90	154	0.529515
90	158	1.36519
90	160	1.36967
90	163	0.419937
90	165	1.35543
90	174	0.457484
90	177	0.457768
90	178	0.466836
90	179	1.42269
91	4	0.459247
91	9	1.44156
91	14	0.506841
91	63	1.27897
91	73	1.41184
91	75	1.41382
91	86	0.487887
91	90	1.43233
91	115	1.42389
91	120	1.3162
91	129	1.35807
91	131	0.482148
91	142	1.38122
91	152	1.37002
91	160	1.37208
91	164	0.479412
91	169	0.417481
91	176	0.480383
91	180	0.493603
92	43	0.475876
92	56	0.346661
92	83	0.447138
92	104	0.506723
92	109	1.30691
92	122	1.43138
92	128	1.34266
92	129	0.524959
92	142	0.501679
92	152	0.494046
92	156	1.36103
92	157	1.39951
92	158	0.497291
92	164	1.39328
92	173	1.40737
92	175	1.39689
92	176	1.38531
92	178	1.39125
92	180	1.38443
93	2	1.45277
93	31	0.519655
93	56	1.4342
93	69	1.46371
93	79	1.46371
93	99	1.48772
93	112	1.41559
93	114	0.441458
93	116	0.412881
93	138	1.30947
93	161	1.45735
93	164	0.431472
93	165	0.510654
93	167	1.43143
93	168	0.418042
93	174	0.42789
93	179	1.48403
93	180	0.445662
94	113	0.520721
94	122	0.480017
94	137	0.488603
94	138	0.578507
94	142	0.507184
94	144	0.453683
94	148	0.472123
94	163	1.33829
94	166	1.41364
94	169	1.4515
94	170	1.30299
94	171	1.34007
94	172	1.32134
94	173	0.4891
94	174	1.31628
94	175	1.30986
94	176	1.29828
94	177	1.3062
94	178	1.30422
94	180	1.29739
95	1	0.497349
95	43	0.495349
95	98	0.506093
95	122	0.493986
95	133	0.518451
95	137	0.502571
95	144	0.467651
95	153	0.511075
95	163	1.33829
95	166	1.41364
95	169	1.4515
95	170	1.30299
95	171	1.34007
95	172	1.32134
95	174	1.31628
95	175	1.30986
95	176	1.29828
95	177	1.3062
95	178	1.30422
95	180	1.29739
96	38	0.515336
96	45	0.627064
96	52	1.3198
96	54	0.478073
96	64	1.35254
96	80	1.31153
96	82	1.31965
96	87	1.39746
96	89	1.37903
96	106	0.604062
96	109	1.24572
96	122	1.37019
96	126	1.3362
96	128	1.28147
96	134	0.406215
96	162	1.35432
96	164	1.33209
96	175	0.466065
96	176	0.468462
96	179	0.438638
97	14	0.54117
97	47	1.32494
97	65	1.34964
97	75	1.36984
97	78	0.492053
97	102	0.502829
97	129	1.31409
97	137	1.35583
97	142	1.33723
97	152	1.32604
97	153	1.32603
97	155	1.30462
97	160	1.3281
97	165	1.31386
97	167	0.501966
97	168	1.34977
97	169	0.451811
97	171	0.488904
97	174	0.51016
97	178	0.519512
98	62	0.507278
98	95	0.506093
98	99	1.38398
98	105	0.526704
98	112	1.31186
98	119	1.29081
98	128	0.569641
98	140	1.32576
98	145	1.38044
98	146	1.30833
98	149	1.3265
98	156	1.30413
98	157	1.34261
98	159	1.31761
98	167	1.32769
98	169	0.424107
98	175	0.484611
98	176	0.487008
98	179	1.3803
98	180	0.500228
99	2	1.38789
99	18	0.42329
99	56	1.36931
99	69	1.39883
99	76	0.459674
99	79	1.39883
99	84	0.489588
99	93	1.48772
99	98	1.38398
99	112	1.35071
99	138	1.24458
99	161	1.39247
99	167	1.36654
99	168	0.464237
99	173	0.532088
99	174	0.474085
99	176	0.478638
99	178	0.483437
99	179	1.41914
100	65	0.479253
100	81	0.500161
100	88	0.525318
100	109	0.543171
100	126	0.491856
100	154	0.481341
100	160	0.480609
100	163	1.33829
100	165	0.492074
100	166	1.41364
100	169	1.4515
100	170	1.30299
100	171	1.34007
100	172	1.32134
100	174	1.31628
100	175	1.30986
100	176	1.29828
100	177	1.3062
100	178	1.30422
100	180	1.29739
101	6	1.38273
101	106	1.26543
101	107	1.35807
101	110	1.27429
101	113	1.35388
101	121	1.3038
101	124	1.36039
101	127	0.511505
101	139	0.513337
101	141	0.481321
101	147	1.37262
101	156	1.30559
101	157	1.34407
101	159	1.31907
101	162	1.36007
101	171	0.474712
101	173	0.55397
101	175	0.498124
101	178	0.50532
101	179	0.470697
102	45	0.577254
102	47	0.510159
102	75	0.463083
102	87	0.464043
102	97	0.502829
102	121	0.529832
102	149	0.481562
102	150	0.467614
102	163	1.33829
102	166	1.41364
102	169	1.4515
102	170	1.30299
102	171	1.34007
102	172	1.32134
102	174	1.31628
102	175	1.30986
102	176	1.29828
102	177	1.3062
102	178	1.30422
102	180	1.29739
103	15	0.49647
103	50	1.41365
103	51	1.39458
103	57	1.49548
103	58	1.34689
103	71	1.29855
103	74	1.43598
103	111	1.38709
103	119	1.35947
103	133	1.42962
103	135	0.459042
103	140	1.39443
103	145	1.4491
103	149	1.39516
103	160	0.528708
103	162	0.467029
103	163	0.419862
103	164	0.46099
103	174	0.457409
103	176	0.461961
103	177	0.457693
104	15	0.541621
104	38	1.21749
104	41	1.40475
104	60	1.25206
104	92	0.506723
104	107	0.55452
104	129	1.26699
104	134	1.39402
104	137	1.30872
104	142	1.29013
104	152	1.27894
104	153	1.27893
104	155	1.25752
104	160	1.281
104	162	0.51218
104	165	1.26676
104	168	1.30267
104	172	0.505272
104	173	0.560562
104	177	0.502844
104	180	0.520332
105	34	0.511167
105	72	0.529095
105	75	0.514662
105	98	0.526704
105	139	1.24671
105	140	0.551404
105	148	0.506703
105	153	0.531687
105	163	1.30106
105	166	1.37641
105	169	1.41427
105	170	1.26576
105	171	1.30284
105	172	1.28411
105	173	0.52368
105	174	1.27906
105	175	1.27263
105	176	1.26105
105	177	1.26897
105	178	1.26699
105	180	1.26017
106	25	1.24726
106	61	1.22287
106	66	1.30454
106	96	0.604062
106	101	1.26543
106	113	1.27126
106	121	1.22118
106	124	1.27777
106	143	1.29642
106	146	1.22717
106	147	1.29001
106	156	1.22297
106	157	1.26145
106	159	1.23645
106	163	0.524034
106	164	1.25523
106	167	0.553388
106	168	0.551733
106	169	0.503233
106	176	0.566134
106	178	0.570934
106	179	0.53631
107	6	1.39275
107	16	1.33679
107	25	1.3399
107	101	1.35807
107	104	0.55452
107	113	1.3639
107	124	1.37041
107	143	1.38906
107	144	0.495974
107	146	1.31981
107	147	1.38265
107	156	1.31561
107	157	1.35409
107	158	0.545087
107	159	1.32909
107	164	1.34787
107	167	0.465196
107	171	0.452133
107	175	0.475545
107	176	0.477942
107	179	0.448118
107	180	0.491162
108	20	0.564303
108	50	0.55731
108	74	0.53638
108	83	0.506166
108	144	0.507206
108	146	0.58243
108	151	1.25115
108	154	0.556652
108	156	0.584572
108	163	1.26126
108	166	1.33662
108	169	1.37448
108	170	1.22596
108	171	1.26305
108	172	1.24431
108	174	1.23926
108	175	1.23283
108	176	1.22125
108	177	1.22918
108	178	1.22719
108	179	1.27313
108	180	1.22037
109	5	1.29095
109	19	1.20685
109	54	0.569454
109	78	0.537184
109	80	1.22071
109	87	1.30663
109	89	1.2882
109	92	1.30691
109	96	1.24572
109	100	0.543171
109	122	1.27937
109	126	1.24538
109	128	1.19065
109	161	1.2585
109	162	1.26349
109	164	1.24127
109	167	0.547097
109	173	1.25536
109	176	0.559842
109	177	0.555574
109	178	0.564642
109	179	0.530019
110	16	1.25301
110	29	1.24773
110	38	0.591273
110	45	1.14615
110	66	1.31339
110	90	0.575901
110	101	1.27429
110	113	1.28012
110	121	1.23004
110	124	1.28663
110	131	0.546163
110	146	1.23602
110	147	1.29886
110	152	0.608299
110	156	1.23183
110	157	1.27031
110	159	1.24531
110	161	0.536014
110	162	1.28631
110	163	0.502299
110	167	0.531653
110	179	0.514575
111	14	1.29559
111	33	1.39682
111	50	1.31828
111	51	1.29921
111	57	1.40011
111	58	1.25152
111	71	1.20318
111	82	1.29724
111	103	1.38709
111	119	1.2641
111	133	1.33425
111	134	0.462807
111	140	1.29906
111	141	0.505854
111	145	1.35373
111	149	1.2998
111	155	0.551797
111	163	0.482954
111	164	0.524083
111	167	0.512308
111	175	0.522657
111	177	0.520785
111	178	0.529853
112	2	1.31577
112	20	1.25825
112	22	1.2834
112	26	0.498393
112	39	1.37955
112	56	1.29719
112	69	1.32671
112	79	1.32671
112	93	1.41559
112	98	1.31186
112	99	1.35071
112	123	0.483736
112	135	0.506676
112	138	1.17246
112	160	0.576342
112	161	1.32035
112	164	0.508625
112	167	1.29442
112	168	0.495195
112	172	0.507756
112	176	0.509596
112	179	1.34702
112	180	0.522816
113	8	1.21086
113	26	0.504402
113	45	1.22574
113	61	1.31132
113	66	1.39299
113	84	0.526555
113	94	0.520721
113	101	1.35388
113	106	1.27126
113	107	1.3639
113	110	1.28012
113	121	1.30964
113	146	1.31562
113	147	1.37846
113	156	1.31142
113	157	1.3499
113	159	1.3249
113	168	0.501204
113	172	0.513765
113	176	0.515605
113	177	0.511336
113	179	0.485781
113	180	0.528824
114	24	0.54382
114	29	0.498069
114	93	0.441458
114	120	0.537526
114	138	0.582406
114	141	1.30901
114	149	0.50246
114	150	0.488512
114	151	1.30993
114	160	0.506296
114	163	1.32004
114	166	1.39539
114	169	1.43325
114	170	1.28474
114	171	1.32182
114	172	1.30309
114	173	0.492999
114	174	1.29804
114	175	1.29161
114	176	1.28003
114	177	1.28795
114	178	1.28597
114	180	1.27915
115	15	0.496082
115	16	0.53853
115	65	1.38277
115	73	1.40099
115	91	1.42389
115	120	1.30535
115	123	0.435713
115	129	1.34722
115	137	1.38896
115	142	1.37036
115	147	0.520341
115	151	0.45552
115	152	1.35917
115	153	1.35916
115	157	0.538443
115	158	1.35675
115	160	1.36123
115	161	0.453188
115	165	1.34699
115	168	1.3829
115	171	0.435765
115	177	0.457304
115	179	1.41425
115	180	0.474793
116	35	0.560607
116	57	0.445112
116	61	0.523307
116	64	0.440095
116	73	0.472699
116	93	0.412881
116	129	0.505786
116	142	0.482506
116	151	1.36544
116	152	0.474873
116	160	0.477719
116	163	1.37555
116	166	1.4509
116	169	1.48876
116	170	1.34025
116	171	1.37733
116	172	1.3586
116	174	1.35354
116	175	1.34712
116	176	1.33554
116	177	1.34346
116	178	1.34148
116	179	1.38742
116	180	1.33466
117	1	1.34509
117	3	1.3423
117	12	1.16786
117	15	1.26009
117	22	1.26312
117	24	1.26737
117	26	0.526538
117	27	1.29192
117	35	1.19606
117	37	1.27104
117	39	1.35926
117	42	1.21775
117	43	1.34304
117	72	1.34017
117	84	0.548691
117	118	1.23801
117	141	0.518541
117	155	0.564483
117	161	0.529356
117	168	0.52334
117	170	0.540082
117	173	1.29692
117	179	0.507917
117	180	0.55096
118	1	1.34509
118	3	1.3423
118	12	1.16786
118	15	1.26009
118	22	1.26312
118	24	1.26736
118	27	1.29192
118	35	1.19606
118	37	1.27104
118	39	1.35926
118	40	0.505827
118	42	1.21775
118	43	1.34304
118	72	1.34017
118	117	1.23801
118	127	0.557014
118	143	0.517111
118	162	0.551097
118	164	0.545058
118	168	0.531629
118	173	1.29692
118	174	0.541477
118	176	0.546029
118	179	0.516205
119	13	1.26085
119	33	1.3692
119	38	1.20944
119	49	0.534998
119	51	1.27159
119	53	1.28573
119	58	1.2239
119	71	1.17556
119	74	1.31299
119	85	0.604224
119	98	1.29081
119	103	1.35947
119	111	1.2641
119	123	0.51209
119	133	1.30663
119	135	0.53503
119	140	1.27144
119	145	1.32611
119	149	1.27217
119	166	0.485639
119	168	0.523549
119	170	0.540292
119	172	0.53611
119	176	0.53795
120	41	1.37729
120	48	1.26081
120	62	1.36816
120	67	1.18861
120	77	1.40631
120	81	1.2588
120	88	1.18846
120	91	1.3162
120	114	0.537526
120	115	1.30535
120	128	0.611144
120	139	0.541327
120	152	1.25148
120	155	1.23006
120	158	1.24906
120	160	1.25354
120	162	0.533578
120	165	1.2393
120	166	0.4762
120	170	0.530852
120	171	0.502702
120	178	0.53331
120	179	1.30656
120	180	0.54173
121	26	0.530512
121	45	1.17567
121	61	1.26124
121	66	1.34291
121	101	1.3038
121	102	0.529832
121	106	1.22118
121	110	1.23004
121	113	1.30964
121	123	0.515855
121	124	1.31615
121	144	0.559747
121	146	1.26554
121	147	1.32838
121	156	1.26135
121	157	1.29983
121	159	1.27483
121	162	1.31583
121	164	1.2936
121	168	0.527314
121	172	0.539875
121	174	0.537162
121	179	0.511891
121	180	0.554934
122	5	1.41542
122	19	1.33133
122	52	1.35345
122	59	0.510909
122	64	1.38619
122	80	1.34519
122	87	1.43111
122	89	1.41268
122	92	1.43138
122	94	0.480017
122	95	0.493986
122	96	1.37019
122	109	1.27937
122	128	1.31512
122	155	0.501644
122	161	1.38298
122	164	1.36575
122	165	0.553112
122	168	0.4605
122	169	0.412
122	173	1.37984
122	177	0.470632
122	178	0.479701
122	179	0.445077
123	51	0.475181
123	112	0.483736
123	115	0.435713
123	119	0.51209
123	121	0.515855
123	135	1.35731
123	140	0.485847
123	142	0.476208
123	152	0.468575
123	163	1.37617
123	165	0.482885
123	166	1.45153
123	169	1.48939
123	170	1.34088
123	171	1.37796
123	172	1.35922
123	173	0.458124
123	174	1.35417
123	175	1.34774
123	176	1.33616
123	177	1.34409
123	178	1.3421
123	179	1.38804
123	180	1.33528
124	23	0.522452
124	29	1.33383
124	45	1.23226
124	46	0.498037
124	59	0.533746
124	66	1.3995
124	82	1.33775
124	101	1.36039
124	106	1.27777
124	107	1.37041
124	110	1.28663
124	121	1.31615
124	135	0.494818
124	139	0.510554
124	145	0.542407
124	146	1.32213
124	147	1.38497
124	156	1.31794
124	157	1.35642
124	159	1.33142
124	162	1.37242
124	169	0.434837
124	170	0.50008
124	178	0.502538
124	179	0.467914
125	7	0.5031
125	21	0.499572
125	31	0.577131
125	32	1.23057
125	38	0.536792
125	40	0.449716
125	68	1.22857
125	85	1.30154
125	132	1.39803
125	136	1.35742
125	138	1.20784
125	143	1.37968
125	144	1.42252
125	148	1.40231
125	150	1.37883
125	153	0.551375
125	154	1.35334
125	155	1.3059
125	166	0.437608
125	167	1.3298
125	168	1.35105
125	173	1.35259
125	174	0.485366
125	179	0.460095
125	180	0.503138
126	5	1.38143
126	11	0.557954
126	19	1.29733
126	52	1.31945
126	64	1.3522
126	78	0.485869
126	80	1.31119
126	82	1.31931
126	86	0.516031
126	87	1.39712
126	89	1.37869
126	96	1.3362
126	100	0.491856
126	109	1.24538
126	128	1.28113
126	161	1.34898
126	162	1.35398
126	164	1.33175
126	166	0.456217
126	168	0.494127
126	171	0.482719
126	173	1.34585
126	174	0.503975
126	175	0.506131
126	178	0.513327
127	48	0.510034
127	64	0.470642
127	66	0.489108
127	70	0.489605
127	101	0.511505
127	118	0.557014
127	131	1.26448
127	132	0.481666
127	139	1.29282
127	141	1.33613
127	145	0.486188
127	152	0.50542
127	163	1.34717
127	166	1.42252
127	169	1.46038
127	170	1.31187
127	171	1.34895
127	172	1.33021
127	173	0.494969
127	174	1.32516
127	175	1.31874
127	176	1.30716
127	177	1.31508
127	178	1.3131
127	180	1.30627
128	5	1.3267
128	18	1.44532
128	21	0.522821
128	49	0.510216
128	52	1.26472
128	64	1.29747
128	80	1.25646
128	82	1.26458
128	87	1.34238
128	89	1.32396
128	92	1.34266
128	96	1.28147
128	98	0.569641
128	109	1.19065
128	120	0.611144
128	122	1.31512
128	126	1.28113
128	162	1.29925
128	163	0.471068
128	164	1.27702
128	167	0.500422
128	170	0.51551
128	173	1.29111
128	175	0.510771
128	176	0.513168
128	179	0.483344
129	7	0.53853
129	10	1.36995
129	39	0.540876
129	40	0.485146
129	47	1.29224
129	67	1.23048
129	73	1.33516
129	76	0.506384
129	91	1.35807
129	92	0.524959
129	97	1.31409
129	104	1.26699
129	115	1.34722
129	116	0.505786
129	138	1.17387
129	142	1.30454
129	150	0.57431
129	153	1.29334
129	155	1.27193
129	160	1.29541
129	165	1.28117
129	166	0.473037
129	168	1.31708
129	172	0.523507
129	178	0.530147
129	179	1.34843
130	33	0.491144
130	61	0.574776
130	62	0.482711
130	70	0.510528
130	73	0.524167
130	75	0.506873
130	139	1.25335
130	140	0.543615
130	141	1.29666
130	145	0.50711
130	151	1.29758
130	153	0.523898
130	154	0.52992
130	163	1.30769
130	166	1.38304
130	169	1.4209
130	170	1.27239
130	171	1.30947
130	172	1.29074
130	174	1.28569
130	175	1.27926
130	176	1.26768
130	177	1.2756
130	178	1.27362
130	179	1.31956
130	180	1.2668
131	58	0.558911
131	91	0.482148
131	110	0.546163
131	127	1.26448
131	138	0.575156
131	141	1.29801
131	146	0.525555
131	147	0.491067
131	151	1.29893
131	154	0.499778
131	156	0.527698
131	158	0.499444
131	163	1.30904
131	166	1.38439
131	168	1.28956
131	169	1.42225
131	170	1.27374
131	171	1.31082
131	172	1.29209
131	173	0.485749
131	174	1.28703
131	175	1.28061
131	176	1.26903
131	177	1.27695
131	178	1.27497
131	180	1.26815
132	1	0.518411
132	7	0.483863
132	28	1.32667
132	36	1.28192
132	68	1.27727
132	70	1.40012
132	85	1.35023
132	125	1.39803
132	127	0.481666
132	136	1.40611
132	143	1.42838
132	144	1.47121
132	148	1.451
132	150	1.42752
132	154	1.40203
132	157	0.547551
132	164	0.46971
132	166	0.41837
132	167	1.37849
132	168	1.39974
132	169	0.407779
132	172	0.468841
132	173	1.40128
132	174	0.466128
132	176	0.470681
132	178	0.47548
133	11	1.37051
133	33	1.43935
133	50	1.36081
133	51	1.34174
133	53	1.35588
133	58	1.29405
133	71	1.24571
133	74	1.38314
133	82	1.33977
133	84	1.31835
133	89	0.538084
133	95	0.518451
133	103	1.42962
133	111	1.33425
133	119	1.30663
133	140	1.34159
133	143	0.470448
133	145	1.39626
133	149	1.34232
133	151	0.493314
133	155	0.52611
133	163	0.457267
133	167	0.486621
133	168	0.484966
133	169	0.436465
133	175	0.49697
133	178	0.504166
134	20	0.443416
134	24	0.472557
134	27	0.480646
134	71	0.512168
134	82	0.452967
134	87	0.413679
134	96	0.406215
134	104	1.39402
134	111	0.462807
134	144	1.51558
134	145	0.412956
134	148	1.49537
134	149	0.431197
134	150	1.47189
134	154	1.4464
134	156	0.463686
134	158	1.41796
134	159	0.44315
134	160	1.42244
134	165	1.4082
134	168	1.44411
134	174	1.44159
134	175	1.43516
134	176	1.42359
134	177	1.43151
134	178	1.42952
134	180	1.4227
135	56	0.34413
135	69	0.490816
135	72	0.486479
135	73	0.489341
135	103	0.459042
135	112	0.506676
135	119	0.53503
135	123	1.35731
135	124	0.494818
135	139	1.31851
135	141	1.36183
135	147	0.486383
135	150	0.476577
135	151	1.36275
135	156	0.523013
135	159	0.502478
135	163	1.37286
135	166	1.44821
135	169	1.48607
135	170	1.33756
135	171	1.37464
135	172	1.35591
135	174	1.35086
135	175	1.34443
135	176	1.33285
135	177	1.34077
135	178	1.33879
135	179	1.38473
135	180	1.33197
136	21	0.499225
136	28	1.28606
136	32	1.23865
136	36	1.24131
136	59	0.525579
136	68	1.23665
136	70	1.35951
136	85	1.30962
136	87	0.534963
136	125	1.35742
136	132	1.40611
136	138	1.21592
136	141	0.470372
136	143	1.38776
136	144	1.4306
136	148	1.41039
136	149	0.552482
136	150	1.38691
136	154	1.36142
136	155	1.31398
136	160	0.556318
136	166	0.437261
136	167	1.33788
136	168	1.35913
136	170	0.491913
136	173	1.36067
136	175	0.487175
136	176	0.489571
136	179	0.459748
136	180	0.502791
137	9	1.40662
137	10	1.41168
137	17	1.30697
137	26	1.30392
137	34	1.41758
137	47	1.33398
137	48	1.34442
137	59	0.519495
137	67	1.27221
137	81	1.3424
137	83	1.47523
137	94	0.488603
137	95	0.502571
137	97	1.35583
137	104	1.30872
137	115	1.38896
137	138	1.2156
137	147	0.542255
137	149	0.546397
137	151	0.477434
137	152	1.33508
137	153	1.33507
137	158	1.33266
137	161	0.475102
137	162	0.488555
137	165	1.3229
137	169	0.420585
137	176	0.483487
137	177	0.479218
137	178	0.488286
137	179	1.39016
137	180	0.496706
138	9	1.25736
138	29	0.63191
138	56	1.19107
138	64	0.602514
138	69	1.22058
138	79	1.22058
138	81	1.19314
138	93	1.30947
138	94	0.578507
138	99	1.24458
138	112	1.17246
138	114	0.582406
138	125	1.20784
138	129	1.17387
138	131	0.575156
138	136	1.21592
138	137	1.2156
138	144	1.28101
138	148	1.26081
138	150	1.23733
138	151	0.567338
138	154	1.21184
138	155	1.1644
138	158	1.1834
138	164	0.57242
138	167	1.1883
138	168	1.20955
138	174	0.568839
138	176	0.573391
138	177	0.569122
138	179	1.2409
138	180	0.586611
139	17	0.542366
139	25	0.527905
139	33	0.472053
139	51	0.513858
139	64	0.472474
139	70	0.491437
139	101	0.513337
139	105	1.24671
139	120	0.541327
139	124	0.510554
139	127	1.29282
139	130	1.25335
139	135	1.31851
139	141	1.32635
139	142	0.514885
139	149	0.506261
139	150	0.492313
139	151	1.32727
139	163	1.33738
139	166	1.41273
139	167	1.29664
139	169	1.45059
139	170	1.30208
139	171	1.33916
139	172	1.32043
139	173	0.496801
139	174	1.31537
139	175	1.30895
139	176	1.29737
139	177	1.30529
139	178	1.30331
139	179	1.34925
139	180	1.29649
140	13	1.2958
140	14	1.30292
140	33	1.40416
140	38	1.24439
140	39	1.39345
140	44	0.507155
140	46	0.512007
140	50	1.32562
140	53	1.32069
140	57	1.40745
140	58	1.25886
140	71	1.21052
140	74	1.34794
140	82	1.30458
140	84	1.28316
140	98	1.32576
140	103	1.39443
140	105	0.551404
140	111	1.29906
140	119	1.27144
140	123	0.485847
140	130	0.543615
140	133	1.34159
140	143	0.482789
140	145	1.36107
140	149	1.30713
140	162	0.516776
140	164	0.510737
140	167	0.498962
140	168	0.497307
140	171	0.485899
140	176	0.511708
140	177	0.507439
141	35	0.560969
141	41	0.451001
141	47	0.502842
141	75	0.455766
141	83	0.428327
141	85	0.477609
141	90	0.442837
141	101	0.481321
141	111	0.505854
141	114	1.30901
141	117	0.518541
141	127	1.33613
141	130	1.29666
141	131	1.29801
141	135	1.36183
141	136	0.470372
141	139	1.32635
141	146	0.504591
141	151	1.37058
141	156	0.506734
141	163	1.38069
141	165	0.489546
141	166	1.45605
141	169	1.49391
141	170	1.34539
141	171	1.38248
141	172	1.36374
141	174	1.35869
141	175	1.35226
141	176	1.34068
141	177	1.34861
141	178	1.34662
141	179	1.39256
141	180	1.3398
142	10	1.39309
142	14	0.528526
142	17	1.28838
142	44	0.497515
142	48	1.32583
142	55	1.32481
142	60	1.28961
142	62	1.43317
142	63	1.22544
142	67	1.25362
142	73	1.35831
142	74	0.549275
142	83	1.45663
142	84	0.513019
142	91	1.38122
142	92	0.501679
142	94	0.507184
142	97	1.33723
142	104	1.29013
142	115	1.37036
142	116	0.482506
142	123	0.476208
142	129	1.30454
142	139	0.514885
142	152	1.31649
142	153	1.31648
142	160	1.31855
142	161	0.493684
142	164	0.501097
142	165	1.30431
142	168	1.34022
142	169	0.439167
142	170	0.50441
142	177	0.4978
142	179	1.37157
