1	19	1.02707
1	123	1.0457
1	138	0.482468
1	144	1.09974
1	155	1.10555
1	162	1.08696
1	168	1.05372
1	170	1.08986
1	174	1.0067
1	175	1.05195
1	178	1.05982
1	179	0.463071
2	6	0.916197
2	7	1.24606
2	15	1.00726
2	33	0.904483
2	42	1.0003
2	47	0.8967
2	50	0.990142
2	51	0.981558
2	55	0.970533
2	64	0.970173
2	93	1.43731
2	101	0.962662
3	37	1.11213
3	59	0.910741
3	60	1.08277
3	110	0.603458
3	135	0.774102
3	161	1.08387
3	163	1.06642
3	166	1.10005
3	170	1.10334
3	176	1.06738
3	178	1.0733
3	179	0.588577
4	74	0.682501
4	112	0.888358
4	137	1.00917
4	153	0.920601
4	156	1.11855
4	157	1.1185
4	158	1.1027
4	164	1.11936
4	171	1.12153
4	176	1.26422
4	177	0.971147
4	180	1.11843
5	9	0.902267
5	10	1.0245
5	12	0.899358
5	24	0.994865
5	25	1.00405
5	26	0.988245
5	30	0.991154
5	38	0.882296
5	40	0.971418
5	104	0.941867
5	163	1.34356
5	176	1.34942
6	2	0.916197
6	35	0.975651
6	50	0.969935
6	51	0.961351
6	54	3
6	64	0.949967
6	68	1.01677
6	96	0.957099
6	101	0.942456
6	105	0.94005
6	107	0.556245
6	146	0.970525
7	2	1.24606
7	104	1.01123
7	123	0.9267
7	128	0.99228
7	144	0.980742
7	162	0.96796
7	170	0.970862
7	172	0.982719
7	173	0.970053
7	175	0.932949
7	176	0.93491
7	178	0.940826
8	36	0.735917
8	120	0.793913
8	154	0.676196
8	165	0.844824
8	169	0.849971
8	170	0.832644
8	171	0.838657
8	174	0.749481
8	176	0.796692
8	178	0.802608
8	179	0.843543
8	180	0.835556
9	5	0.902267
9	10	1.0245
9	12	0.899358
9	24	0.994865
9	25	1.00405
9	26	0.988245
9	30	0.991154
9	38	0.882296
9	40	0.971418
9	104	0.941867
9	160	1.23893
9	177	2.51484
10	5	1.0245
10	9	1.0245
10	12	1.02159
10	24	1.1171
10	26	1.11048
10	30	1.11339
10	40	1.09365
10	67	1.03071
10	77	3.4
10	95	0.524111
10	104	1.0641
10	120	0.236234
11	15	0.991811
11	33	0.889039
11	35	0.980414
11	42	0.98486
11	50	0.974698
11	58	0.950002
11	96	0.961862
11	101	0.947218
11	105	0.944813
11	108	1.13556
11	146	0.975287
11	178	1.55823
12	5	0.899358
12	9	0.899358
12	10	1.02159
12	24	0.991955
12	25	1.00114
12	26	0.985335
12	30	0.988245
12	40	0.968508
12	67	0.90557
12	104	0.938958
12	123	0.648423
12	177	3.18878
13	77	0.786972
13	92	0.93896
13	146	2.2526
13	149	0.895
13	161	0.905911
13	163	0.888461
13	168	0.889239
13	174	0.842215
13	175	0.887465
13	176	0.889427
13	177	0.781007
13	178	0.895343
14	41	1.32464
14	63	1.10707
14	98	1.03257
14	134	1.0595
14	137	0.936387
14	140	0.908973
14	150	1.0408
14	158	1.02992
14	167	1.04573
14	171	1.04875
14	172	0.800127
14	179	1.05363
14	180	1.04564
15	2	1.00726
15	11	0.991811
15	35	1.06671
15	42	1.07116
15	51	1.05241
15	56	0.762044
15	58	1.0363
15	96	1.04816
15	101	1.03351
15	105	1.03111
15	113	0.357777
15	146	1.06158
15	154	4.28154
16	135	1.03917
16	138	1.02861
16	141	1.02074
16	144	0.965523
16	148	1.04102
16	151	1.034
16	159	1.04863
16	164	1.03811
16	167	1.03726
16	169	1.05159
16	171	1.04028
16	179	1.04517
16	180	1.03718
17	80	0.981537
17	132	0.938049
17	151	0.950905
17	159	0.965535
17	163	1.58183
17	164	0.955012
17	165	0.96335
17	167	0.954168
17	169	0.968497
17	170	1.3094
17	177	0.806798
17	179	0.962069
17	180	0.954082
18	50	0.956598
18	64	0.93663
18	96	0.943762
18	101	0.929119
18	105	0.926713
18	141	1.46743
18	151	0.943706
18	159	0.958336
18	167	0.946969
18	169	0.961299
18	170	1.42009
18	171	0.949984
18	180	0.946883
19	1	1.02707
19	104	0.936636
19	133	0.940197
19	141	1.71549
19	146	0.968432
19	152	0.955794
19	157	0.958198
19	160	0.815335
19	165	0.967395
19	169	0.972543
19	171	0.961228
19	179	0.966115
19	180	0.958127
20	91	1.01369
20	93	0.853231
20	117	1.03965
20	135	1.06585
20	148	0.985187
20	151	1.06069
20	153	0.866033
20	165	1.07313
20	169	1.07828
20	171	1.06696
20	176	1.19586
20	179	1.07185
20	180	1.06386
21	107	0.983297
21	119	0.990222
21	133	1.24644
21	153	0.802862
21	162	0.994878
21	168	0.961641
21	172	1.00964
21	174	0.914617
21	175	0.959867
21	176	0.961828
21	177	0.853408
21	178	0.967744
21	180	1.06471
22	36	0.734128
22	59	0.63826
22	85	0.802539
22	103	0.823543
22	159	0.84522
22	164	0.834697
22	166	0.827572
22	168	0.794715
22	173	0.830046
22	175	0.792941
22	178	0.800819
22	179	0.841754
22	180	0.833766
23	43	0.794801
23	112	0.996874
23	116	0.984593
23	145	0.973169
23	147	0.980555
23	157	1.12051
23	159	1.18835
23	161	0.953322
23	162	0.969888
23	163	0.935872
23	168	0.93665
23	172	0.984647
23	174	0.889626
24	5	0.994865
24	9	0.994865
24	10	1.1171
24	12	0.991955
24	25	1.09664
24	26	1.08084
24	30	1.08375
24	38	0.974894
24	40	1.06402
24	67	1.00108
24	106	1.76801
24	145	0.433469
24	175	0.957121
25	5	1.00405
25	9	1.00405
25	12	1.00114
25	24	1.09664
25	26	1.09002
25	30	1.09293
25	38	0.984075
25	40	1.0732
25	56	1.77684
25	67	1.01026
25	104	1.04365
25	106	1.4025
25	162	0.26834
26	5	0.988245
26	9	0.988245
26	10	1.11048
26	12	0.985335
26	24	1.08084
26	25	1.09002
26	30	1.07713
26	40	1.0574
26	67	0.994457
26	84	0.252067
26	104	1.02785
26	137	2.85587
26	139	0.304775
27	128	0.988841
27	140	0.995041
27	151	1.19485
27	155	0.983114
27	161	0.947955
27	166	0.96414
27	170	0.967423
27	172	0.97928
27	174	0.88426
27	175	0.92951
27	177	0.823051
27	178	0.937387
27	180	1.11591
28	34	1.06642
28	80	0.555337
28	99	0.949533
28	122	1.00921
28	148	1.04649
28	149	1.03866
28	159	0.666997
28	163	1.03212
28	172	1.0809
28	173	1.06823
28	174	0.985877
28	176	1.03309
28	178	1.039
29	129	0.924194
29	139	0.945719
29	141	0.885438
29	153	0.723367
29	154	0.761836
29	161	0.898817
29	165	2.45768
29	170	0.918284
29	173	0.917476
29	175	0.880372
29	176	0.882333
29	177	0.773913
29	178	0.888249
30	5	0.991154
30	9	0.991154
30	10	1.11339
30	12	0.988245
30	24	1.08375
30	25	1.09293
30	26	1.07713
30	38	0.971183
30	40	1.0603
30	56	0.461118
30	102	0.452982
30	104	1.03075
30	160	3.48621
31	127	0.959241
31	132	0.9257
31	134	0.955595
31	144	1.54704
31	149	1.53789
31	150	0.936891
31	152	0.9394
31	159	0.953187
31	165	0.951001
31	167	0.941819
31	169	0.956149
31	171	0.944835
31	177	0.794449
31	180	0.941733
32	89	0.982766
32	108	0.812988
32	109	0.99569
32	156	1.03846
32	158	1.02262
32	160	0.895551
32	161	1.17901
32	165	1.04761
32	167	1.03843
32	169	1.05276
32	171	1.04144
32	176	1.2496
32	179	1.04633
32	180	1.03834
33	2	0.904483
33	11	0.889039
33	35	0.963937
33	42	0.968383
33	47	0.864779
33	50	0.958221
33	51	0.949637
33	64	0.938252
33	96	0.945384
33	101	0.930741
33	105	0.928335
33	136	1.42486
33	146	0.95881
33	173	1.66673
34	28	1.06642
34	42	1.0388
34	50	1.02863
34	58	1.00394
34	65	0.989096
34	80	0.634352
34	88	0.981114
34	96	1.0158
34	105	0.998749
34	146	1.02922
34	148	0.993457
34	169	0.748972
34	170	1.01601
34	172	1.02786
35	6	0.975651
35	11	0.980414
35	15	1.06671
35	33	0.963937
35	55	1.02999
35	58	1.0249
35	64	1.02963
35	96	1.03676
35	101	1.02212
35	105	1.01971
35	124	0.483996
35	139	0.293847
35	146	1.05018
35	177	3.97462
36	8	0.735917
36	22	0.734128
36	86	0.965487
36	123	0.877736
36	153	0.726981
36	156	2.65323
36	166	0.918616
36	168	0.88576
36	172	0.933756
36	173	0.92109
36	174	0.838736
36	175	0.883985
36	176	0.885947
36	178	0.891863
37	3	1.11213
37	79	1.00243
37	96	0.244162
37	119	1.01986
37	120	0.988686
37	145	1.0278
37	148	1.00487
37	167	1.04667
37	169	1.09846
37	172	1.03927
37	173	1.02661
37	175	0.989504
37	176	0.991465
37	178	0.997381
38	5	0.882296
38	9	0.882296
38	24	0.974894
38	25	0.984075
38	30	0.971183
38	39	0.856981
38	40	0.951446
38	65	0.927035
38	122	1.5695
38	138	0.93482
38	151	0.94021
38	178	1.52944
38	179	0.951375
38	180	0.943387
39	38	0.856981
39	55	1.16544
39	133	0.920113
39	134	0.951905
39	150	0.933201
39	152	0.93571
39	164	0.938974
39	165	0.947311
39	167	0.938129
39	169	0.952459
39	171	0.941145
39	175	1.91627
39	179	0.946031
39	180	0.938043
40	5	0.971418
40	9	0.971418
40	10	1.09365
40	12	0.968508
40	24	1.06402
40	25	1.0732
40	26	1.0574
40	30	1.0603
40	38	0.951446
40	67	0.97763
40	104	1.01102
40	124	0.658291
40	160	1.47808
40	177	2.75399
41	14	1.32464
41	87	0.933411
41	142	0.969021
41	158	1.3292
41	160	0.834871
41	161	0.955284
41	162	0.971849
41	166	0.971469
41	168	0.938612
41	170	0.974751
41	175	0.936838
41	176	0.9388
41	177	0.830379
41	178	0.944716
42	2	1.0003
42	11	0.98486
42	15	1.07116
42	33	0.968383
42	34	1.0388
42	47	0.9606
42	58	1.02935
42	96	1.04121
42	101	1.02656
42	105	1.02416
42	126	0.816935
42	139	1.05863
42	146	1.05463
42	175	1.34031
43	23	0.794801
43	54	0.715924
43	89	0.787972
43	138	0.834982
43	142	0.834907
43	147	0.848403
43	156	0.843666
43	160	0.700757
43	173	0.839828
43	175	0.802724
43	176	0.804685
43	177	0.696265
43	179	0.851536
43	180	0.843549
44	88	0.860215
44	132	2.65345
44	145	0.895487
44	149	0.864729
44	154	0.738659
44	162	0.892206
44	168	0.858968
44	170	0.895107
44	172	0.906965
44	173	0.894299
44	174	0.811944
44	175	0.857194
44	176	0.859156
44	178	0.865072
45	64	1.80627
45	90	0.885234
45	159	0.893897
45	163	0.842615
45	166	0.876249
45	167	0.88253
45	168	0.843393
45	171	0.885545
45	172	0.891389
45	175	0.841619
45	177	0.73516
45	178	0.849496
45	179	0.890431
45	180	0.882444
46	48	1.01069
46	73	1.07335
46	141	1.12336
46	150	1.02877
46	153	0.83578
46	156	1.03373
46	158	1.01788
46	165	1.04288
46	167	1.0337
46	169	1.04803
46	172	0.955316
46	173	1.15292
46	179	1.0416
46	180	1.03361
47	2	0.8967
47	33	0.864779
47	42	0.9606
47	50	0.950438
47	51	0.941854
47	58	0.925742
47	64	0.93047
47	68	0.997269
47	95	3.47589
47	96	0.937602
47	101	0.922959
47	105	0.920553
47	108	0.298584
47	146	0.951028
48	46	1.01069
48	91	0.951364
48	94	0.985831
48	100	1.39516
48	114	1.0265
48	130	0.908464
48	150	0.99669
48	151	0.998355
48	164	1.00246
48	165	1.0108
48	167	1.00162
48	171	1.00463
48	173	1.12595
48	179	1.00952
48	180	1.00153
49	56	0.880636
49	64	2.00627
49	95	0.777501
49	119	0.880395
49	128	0.909372
49	137	0.781609
49	144	0.897834
49	162	0.885051
49	163	0.851036
49	166	0.884671
49	173	0.887145
49	174	0.80479
49	175	0.85004
49	176	0.852002
49	178	0.857918
50	2	0.990142
50	6	0.969935
50	11	0.974698
50	18	0.956598
50	33	0.958221
50	34	1.02863
50	47	0.950438
50	58	1.01918
50	68	1.09071
50	96	1.03104
50	101	1.0164
50	105	1.01399
50	106	0.829484
50	125	0.314058
50	137	2.75418
51	2	0.981558
51	6	0.961351
51	15	1.05241
51	33	0.949637
51	47	0.941854
51	55	1.01569
51	58	1.0106
51	64	1.01533
51	96	1.02246
51	101	1.00782
51	105	1.00541
51	142	1.16365
51	146	1.03589
51	155	1.02933
51	166	1.24211
52	80	1.02846
52	93	1.01536
52	109	0.958356
52	138	0.992442
52	142	1.06761
52	146	1.01131
52	151	0.997831
52	152	0.998676
52	156	1.00113
52	157	1.00108
52	158	0.985282
52	163	1.35213
52	169	1.01542
52	179	1.009
52	180	1.00101
53	90	1.01442
53	131	0.984005
53	135	1.01362
53	149	0.851034
53	158	0.995902
53	159	1.02308
53	165	1.0209
53	167	1.01171
53	169	1.02604
53	171	1.01473
53	173	0.944972
53	174	1.63598
53	177	0.864345
53	179	1.01962
53	180	1.01163
54	6	3
54	43	0.715924
54	91	0.846656
54	148	0.871363
54	158	0.881098
54	159	0.908278
54	163	0.856996
54	164	0.897755
54	168	0.857774
54	173	0.893104
54	175	0.856
54	177	0.749541
54	178	0.863877
54	179	0.904812
54	180	0.896825
55	2	0.970533
55	35	1.02999
55	39	1.16544
55	51	1.01569
55	64	1.0043
55	96	1.01144
55	119	1.00409
55	146	1.02486
55	149	0.981266
55	161	0.992176
55	166	1.00836
55	176	0.975692
55	178	0.981608
55	179	0.82334
55	180	0.720753
56	15	0.762044
56	25	1.77684
56	30	0.461118
56	49	0.880636
56	62	1.01261
56	68	1.07077
56	76	0.966779
56	161	0.99184
56	164	1.01515
56	169	1.02864
56	170	1.01131
56	173	1.0105
56	176	0.975356
56	179	1.02221
56	180	1.01422
57	118	1.0092
57	119	1.00842
57	130	1.00774
57	140	1.0436
57	148	0.993432
57	157	0.74181
57	163	0.979065
57	166	1.0127
57	168	0.979843
57	169	0.812607
57	170	1.01598
57	173	1.01517
57	175	0.978069
57	176	0.98003
57	178	0.985946
58	11	0.950002
58	15	1.0363
58	34	1.00394
58	35	1.0249
58	42	1.02935
58	47	0.925742
58	50	1.01918
58	51	1.0106
58	64	0.999215
58	101	0.991704
58	105	0.989298
58	137	0.828288
58	146	1.01977
58	154	4.91846
58	175	0.313537
59	3	0.910741
59	22	0.63826
59	124	0.746378
59	133	0.811013
59	156	0.82906
59	164	0.829873
59	166	0.822748
59	167	0.829029
59	170	0.826031
59	173	0.825222
59	175	0.788118
59	177	0.681659
59	178	0.795995
59	179	0.83693
59	180	0.828943
60	3	1.08277
60	65	1.15125
60	75	0.863792
60	79	0.973078
60	84	0.977629
60	143	0.98448
60	161	0.978594
60	163	0.961145
60	165	0.76379
60	166	0.994779
60	168	0.961923
60	170	0.998062
60	173	0.997253
60	175	0.960149
60	176	0.96211
60	178	0.968026
61	97	0.972346
61	99	0.964932
61	113	1.44816
61	131	0.957462
61	136	0.893961
61	146	0.99539
61	151	0.981909
61	156	0.985203
61	159	0.996539
61	164	0.986016
61	165	0.994354
61	169	0.999502
61	171	0.988187
61	178	1.32328
61	179	0.993073
61	180	0.985086
62	56	1.01261
62	79	0.994941
62	118	1.02621
62	140	1.04754
62	149	0.989546
62	151	0.945647
62	158	0.790525
62	161	1.00046
62	163	0.983008
62	168	0.983786
62	170	1.01992
62	174	0.936762
62	175	0.982012
62	176	0.983973
62	177	0.875553
62	178	0.989889
63	14	1.10707
63	67	1.031
63	109	1.04322
63	117	1.06166
63	125	1.06082
63	140	0.795951
63	151	1.0827
63	157	1.08595
63	165	1.09514
63	167	1.08596
63	168	1.09649
63	170	0.807811
63	171	1.08898
63	177	0.938591
63	179	1.09386
63	180	1.08587
64	2	0.970173
64	6	0.949967
64	18	0.93663
64	33	0.938252
64	35	1.02963
64	45	1.80627
64	47	0.93047
64	49	2.00627
64	51	1.01533
64	55	1.0043
64	58	0.999215
64	96	1.01107
64	101	0.996432
64	105	0.994026
64	111	0.348982
64	146	1.0245
65	34	0.989096
65	38	0.927035
65	60	1.15125
65	104	0.986606
65	132	0.992064
65	150	1.00325
65	152	1.00576
65	153	0.810267
65	156	1.00821
65	158	0.99237
65	159	1.01955
65	167	1.00818
65	169	1.02251
65	170	1.20461
65	179	1.01608
65	180	1.0081
66	97	0.652852
66	122	1.03148
66	135	0.824663
66	143	1.07773
66	145	1.09169
66	149	1.06093
66	151	0.615494
66	162	1.08841
66	164	0.524132
66	166	1.08802
66	168	1.05517
66	170	1.09131
66	173	1.0905
66	174	1.00814
66	176	1.05536
66	178	1.06127
67	10	1.03071
67	12	0.90557
67	24	1.00108
67	25	1.01026
67	26	0.994457
67	40	0.97763
67	63	1.031
67	142	1.15716
67	145	1.1156
67	157	0.969641
67	159	0.981024
67	161	1.37694
67	165	0.978838
67	171	0.972672
67	179	0.977558
67	180	0.96957
68	6	1.01677
68	47	0.997269
68	50	1.09071
68	56	1.07077
68	101	1.06323
68	105	1.06082
68	112	0.719083
68	139	1.00498
68	146	1.0913
68	150	1.07615
68	162	0.963394
68	164	1.08193
68	167	1.08108
68	168	1.10533
68	179	1.08898
68	180	1.08099
69	74	0.90049
69	127	1.01044
69	133	0.974997
69	134	1.00679
69	138	0.984361
69	148	1.27153
69	154	0.833567
69	156	0.993045
69	159	1.00438
69	165	1.0022
69	167	0.993014
69	169	1.00734
69	171	0.996029
69	178	1.46827
69	179	1.00092
69	180	0.992928
70	111	1.01809
70	144	1.00773
70	148	0.975298
70	149	0.96747
70	152	0.836772
70	155	1.01354
70	161	0.97838
70	162	0.994946
70	166	0.994565
70	170	0.997848
70	171	0.873461
70	172	1.00971
70	174	0.914685
70	175	0.959935
70	178	0.967812
70	179	1.03927
71	72	0.99534
71	132	0.986775
71	133	0.984878
71	139	1.20212
71	150	0.997965
71	151	0.999631
71	153	0.804978
71	157	1.00288
71	158	0.987081
71	162	1.16053
71	163	1.28623
71	164	1.00374
71	169	1.01722
71	171	1.00591
71	179	1.0108
71	180	1.00281
72	71	0.99534
72	73	1.05672
72	100	1.41559
72	114	1.04195
72	133	0.999052
72	138	1.00842
72	154	0.857622
72	160	0.87419
72	164	1.01791
72	167	1.01707
72	170	1.06948
72	171	1.02008
72	173	1.14637
72	177	0.869698
72	179	1.02497
72	180	1.01698
73	46	1.07335
73	72	1.05672
73	90	1.06698
73	97	1.05145
73	134	1.07805
73	140	0.693999
73	152	1.06185
73	157	1.06426
73	161	0.913552
73	164	1.06512
73	169	1.0786
73	170	0.705859
73	171	1.06729
73	174	1.47376
73	179	1.07217
73	180	1.06419
74	4	0.682501
74	69	0.90049
74	100	1.01823
74	102	1.05301
74	115	0.727323
74	120	1.02809
74	147	1.07458
74	148	1.04427
74	161	1.04735
74	163	1.0299
74	166	1.06353
74	168	1.03068
74	172	1.07867
74	173	1.06601
74	175	1.0289
74	178	1.03678
74	179	0.800729
75	60	0.863792
75	82	0.621092
75	94	1.0435
75	107	1.12424
75	131	1.03158
75	135	1.06119
75	150	1.05436
75	154	0.899843
75	156	1.05932
75	164	1.06013
75	165	1.06847
75	167	1.05929
75	168	1.20583
75	169	1.07362
75	171	1.0623
75	179	1.06719
75	180	1.0592
76	56	0.966779
76	98	0.963934
76	100	1.38925
76	118	0.951276
76	131	0.949384
76	148	1.11076
76	150	0.972166
76	152	0.974676
76	157	0.97708
76	158	0.961282
76	164	0.977939
76	165	0.986276
76	167	0.977094
76	168	1.33182
76	171	0.98011
76	179	0.984996
76	180	0.977008
77	10	3.4
77	13	0.786972
77	83	0.921904
77	138	0.874564
77	144	0.890099
77	151	0.879953
77	153	0.685301
77	161	0.860751
77	162	0.877317
77	164	0.884061
77	169	0.897546
77	172	0.892076
77	174	0.797056
77	175	0.842305
77	177	0.735847
77	179	0.891118
77	180	0.883131
78	106	0.896208
78	119	0.943785
78	139	0.978778
78	140	0.978961
78	160	0.811463
78	162	0.948441
78	164	1.46706
78	168	0.915204
78	169	1.4424
78	170	0.951343
78	173	0.950535
78	174	0.86818
78	175	0.91343
78	176	0.915392
78	177	0.806971
78	178	0.921308
79	37	1.00243
79	60	0.973078
79	62	0.994941
79	100	0.945052
79	111	1.01388
79	138	1.0663
79	160	0.853761
79	166	0.990359
79	167	0.855439
79	168	0.957502
79	170	0.993641
79	172	1.0055
79	173	0.992833
79	175	0.955728
79	176	0.95769
79	178	0.963605
79	179	1.0469
80	17	0.981537
80	28	0.555337
80	34	0.634352
80	52	1.02846
80	114	1.07687
80	118	1.02617
80	123	1.37245
80	127	1.06941
80	132	1.03587
80	138	1.04334
80	150	1.04706
80	157	1.05198
80	163	1.1223
80	165	1.06117
80	169	1.06632
80	179	1.05989
80	180	1.0519
81	85	0.896039
81	106	0.86922
81	116	0.936159
81	139	0.951789
81	141	0.891509
81	142	0.918625
81	144	0.934236
81	150	1.63843
81	152	1.65908
81	154	0.767907
81	155	0.940046
81	170	0.924355
81	172	0.936212
81	173	0.923546
81	174	0.841192
81	175	0.886442
81	176	0.888403
81	178	0.894319
82	75	0.621092
82	87	1.02212
82	108	1.10201
82	109	1.11675
82	110	0.822971
82	114	0.6089
82	129	1.06937
82	147	1.07122
82	160	0.923577
82	162	1.06055
82	163	1.02654
82	170	1.06346
82	172	1.07531
82	174	0.980294
82	175	1.02554
82	176	1.02751
82	177	0.919085
82	178	1.03342
83	77	0.921904
83	99	1.04307
83	111	1.01539
83	117	1.03901
83	118	1.03749
83	125	1.16773
83	143	1.00385
83	148	0.982341
83	154	0.903863
83	156	1.06334
83	159	1.07468
83	164	1.06415
83	165	1.07249
83	167	1.06331
83	171	1.06632
83	177	0.915939
83	179	1.07121
83	180	1.06322
84	26	0.252067
84	60	0.977629
84	85	0.969877
84	87	0.956853
84	113	0.982791
84	126	0.975044
84	136	1.01396
84	141	0.965346
84	148	0.975643
84	152	1.50346
84	163	0.961276
84	168	0.962054
84	171	1.54015
84	174	0.91503
84	175	0.960279
84	176	0.962241
84	177	0.853821
84	178	0.968157
85	22	0.802539
85	81	0.896039
85	84	0.969877
85	134	1.0243
85	136	1.00608
85	142	0.984579
85	143	0.976728
85	145	0.990689
85	155	1.006
85	161	0.970842
85	162	0.987408
85	163	0.953392
85	166	0.987027
85	168	0.95417
85	171	0.985083
85	176	0.954358
85	178	0.960274
85	179	1.15089
86	36	0.965487
86	99	0.97186
86	101	0.381429
86	126	1.03907
86	127	0.870358
86	147	1.06998
86	155	1.0779
86	162	1.05931
86	166	1.05893
86	168	1.02607
86	170	1.06221
86	173	1.0614
86	174	0.97905
86	175	1.0243
86	176	1.02626
86	177	0.917842
86	178	1.03218
86	179	0.831953
87	41	0.933411
87	82	1.02212
87	84	0.956853
87	99	1.1137
87	115	0.900389
87	124	0.897632
87	135	1.15932
87	136	0.993052
87	139	1.00472
87	140	1.0049
87	142	0.971555
87	149	0.946907
87	161	0.957817
87	168	0.941146
87	172	0.989142
87	174	0.894122
87	175	0.939372
87	178	0.947249
88	34	0.981114
88	44	0.860215
88	103	1.17735
88	113	0.968331
88	120	0.945001
88	121	0.990602
88	123	0.93957
88	135	1.13326
88	140	1.01135
88	149	0.953354
88	155	0.999423
88	162	0.980831
88	166	0.98045
88	172	0.99559
88	174	0.900569
88	175	0.945819
88	176	0.947781
88	180	0.845148
89	32	0.982766
89	43	0.787972
89	99	0.948718
89	127	0.98638
89	128	1.32147
89	133	0.950942
89	134	0.982733
89	152	0.966539
89	157	0.968943
89	158	0.953145
89	159	0.980325
89	162	1.60182
89	167	0.968958
89	169	0.983287
89	171	0.971973
89	172	1.33437
89	177	0.821588
89	179	0.976859
89	180	0.968872
90	45	0.885234
90	53	1.01442
90	73	1.06698
90	109	0.984587
90	110	1.0015
90	117	1.00302
90	132	1.01121
90	146	1.03754
90	148	1.03976
90	156	1.02736
90	157	1.02731
90	158	1.01151
90	159	1.03869
90	164	1.02817
90	166	1.03851
90	172	0.851441
90	175	1.44216
90	179	1.03523
90	180	1.02724
91	20	1.01369
91	48	0.951364
91	54	0.846656
91	97	0.961541
91	115	0.994076
91	126	1.50261
91	147	1.29536
91	152	0.971948
91	154	0.814921
91	158	0.958554
91	160	0.831489
91	164	0.975211
91	165	0.983549
91	167	0.974367
91	169	0.988697
91	171	0.977382
91	172	1.43527
91	179	0.982268
91	180	0.974281
92	13	0.93896
92	103	1.05988
92	128	1.05363
92	136	1.04797
92	138	0.849661
92	144	1.04209
92	147	1.03997
92	156	0.574283
92	161	1.01274
92	162	1.02931
92	163	0.99529
92	166	1.02892
92	168	0.996068
92	172	1.04406
92	173	1.0314
92	174	0.949044
92	175	0.994294
92	176	0.996255
92	180	0.727677
93	2	1.43731
93	20	0.853231
93	52	1.01536
93	108	1.06011
93	122	0.961735
93	125	1.00991
93	130	1.01332
93	139	1.049
93	146	0.546694
93	147	1.02933
93	148	0.999013
93	155	1.03725
93	160	0.881682
93	162	1.01866
93	166	1.01828
93	168	0.985424
93	173	1.02075
93	174	0.9384
93	176	0.985611
93	178	0.991527
94	48	0.985831
94	75	1.0435
94	97	0.996008
94	113	1.37571
94	114	1.03372
94	132	0.992715
94	133	0.990818
94	156	1.00887
94	158	0.993021
94	159	1.0202
94	161	1.19417
94	164	1.00968
94	165	1.01802
94	166	1.05284
94	167	1.00883
94	170	0.98648
94	171	1.01185
94	177	0.861464
94	179	1.01674
94	180	1.00875
95	10	0.524111
95	47	3.47589
95	49	0.777501
95	100	0.859584
95	103	0.900862
95	134	0.924946
95	141	0.875327
95	143	0.894592
95	151	0.907908
95	154	0.751725
95	155	0.923864
95	162	0.905271
95	164	0.912015
95	165	0.920353
95	166	0.90489
95	169	0.925501
95	173	0.907365
95	178	0.878137
95	179	0.919073
95	180	0.911085
96	6	0.957099
96	11	0.961862
96	15	1.04816
96	18	0.943762
96	33	0.945384
96	34	1.0158
96	35	1.03676
96	37	0.244162
96	42	1.04121
96	47	0.937602
96	50	1.03104
96	51	1.02246
96	55	1.01144
96	64	1.01107
96	101	1.00356
96	105	1.00116
96	116	0.408167
96	144	0.379917
96	146	1.03163
96	160	5.39678
97	61	0.972346
97	66	0.652852
97	73	1.05145
97	91	0.961541
97	94	0.996008
97	111	1.21853
97	135	1.0137
97	150	1.00687
97	152	1.00938
97	156	1.01183
97	158	0.995983
97	159	1.02316
97	163	1.3903
97	165	1.02098
97	166	1.18424
97	169	1.02613
97	171	1.01481
97	177	0.864426
97	179	1.0197
97	180	1.01171
98	14	1.03257
98	76	0.963934
98	110	0.985636
98	129	1.0233
98	138	1.00281
98	144	1.08459
98	150	1.00653
98	152	1.00904
98	156	1.01149
98	157	1.01145
98	159	1.02283
98	164	1.01231
98	165	1.02064
98	167	1.01146
98	170	1.09248
98	171	1.01448
98	176	1.37077
98	177	0.864091
98	179	1.01936
98	180	1.01137
99	28	0.949533
99	61	0.964932
99	83	1.04307
99	86	0.97186
99	87	1.1137
99	89	0.948718
99	117	0.980079
99	118	0.978562
99	131	0.976671
99	135	1.00628
99	150	0.999453
99	157	1.00437
99	158	0.988568
99	164	1.00523
99	166	1.31043
99	167	1.00438
99	169	1.01871
99	171	1.0074
99	177	0.857011
99	179	1.01228
99	180	1.00429
100	48	1.39516
100	72	1.41559
100	74	1.01823
100	76	1.38925
100	79	0.945052
100	95	0.859584
100	121	0.976906
100	126	0.946888
100	145	0.970416
100	153	0.775118
100	155	0.985727
100	161	0.950568
100	163	0.933119
100	166	0.966754
100	168	0.933897
100	172	0.981893
100	173	0.969228
100	174	0.886873
100	176	0.934084
100	177	0.825664
100	178	0.94
101	2	0.962662
101	6	0.942456
101	11	0.947218
101	15	1.03351
101	18	0.929119
101	33	0.930741
101	35	1.02212
101	42	1.02656
101	47	0.922959
101	50	1.0164
101	51	1.00782
101	58	0.991704
101	64	0.996432
101	68	1.06323
101	86	0.381429
101	96	1.00356
101	105	0.986515
101	129	0.584458
101	137	0.561665
101	146	1.01699
101	177	5.16778
102	30	0.452982
102	74	1.05301
102	123	0.960655
102	140	1.03244
102	141	0.971971
102	142	0.999087
102	147	1.01258
102	149	0.974439
102	163	0.9679
102	165	0.977115
102	166	1.00153
102	167	1.07265
102	168	0.968678
102	170	1.00482
102	172	1.01667
102	173	1.00401
102	174	0.921654
102	175	0.966904
102	176	0.968866
102	178	0.974782
102	179	1.26411
103	22	0.823543
103	88	1.17735
103	92	1.05988
103	95	0.900862
103	108	1.17545
103	131	0.986602
103	134	1.02809
103	135	1.01621
103	138	1.00566
103	147	1.07316
103	152	1.01189
103	156	1.01434
103	157	1.0143
103	158	0.998499
103	159	1.02568
103	160	0.871434
103	165	1.02349
103	167	1.01431
103	169	1.02864
103	179	1.02221
103	180	1.01423
104	5	0.941867
104	7	1.01123
104	9	0.941867
104	10	1.0641
104	12	0.938958
104	19	0.936636
104	25	1.04365
104	26	1.02785
104	30	1.03075
104	40	1.01102
104	65	0.986606
104	132	0.986925
104	143	1.35594
104	151	0.999781
104	155	1.1204
104	167	1.00304
104	169	1.01737
104	172	1.14611
104	177	0.855675
104	179	1.01095
104	180	1.00296
105	6	0.94005
105	11	0.944813
105	15	1.03111
105	18	0.926713
105	33	0.928335
105	34	0.998749
105	35	1.01971
105	42	1.02416
105	47	0.920553
105	50	1.01399
105	51	1.00541
105	58	0.989298
105	64	0.994026
105	68	1.06082
105	96	1.00116
105	101	0.986515
105	124	3.85771
105	146	1.01458
105	161	0.329019
105	162	0.268064
105	178	0.385675
106	24	1.76801
106	25	1.4025
106	50	0.829484
106	78	0.896208
106	81	0.86922
106	121	0.97036
106	132	0.950369
106	140	0.991108
106	148	0.94094
106	152	0.964069
106	163	0.926573
106	164	0.967332
106	167	0.966488
106	169	0.980818
106	170	0.96349
106	175	0.925577
106	176	0.927539
106	177	0.819118
106	179	0.97439
106	180	0.966402
107	6	0.556245
107	21	0.983297
107	75	1.12424
107	121	1.01101
107	130	0.995896
107	141	0.971296
107	142	0.998412
107	144	1.01402
107	145	1.00452
107	148	0.981593
107	149	0.973764
107	161	0.984675
107	165	1.02424
107	166	1.00086
107	168	0.968003
107	170	1.00414
107	172	1.016
107	173	1.00333
107	174	0.920979
107	176	0.968191
107	180	1.20866
108	11	1.13556
108	32	0.812988
108	47	0.298584
108	82	1.10201
108	93	1.06011
108	103	1.17545
108	128	1.07859
108	130	1.04893
108	143	1.04359
108	147	1.06494
108	154	0.900726
108	161	1.03771
108	162	1.05427
108	163	1.02026
108	164	0.830826
108	168	1.02103
108	170	1.05717
108	172	1.06903
108	174	0.974011
108	175	1.01926
108	176	1.02122
108	178	1.02714
109	32	0.99569
109	52	0.958356
109	63	1.04322
109	82	1.11675
109	90	0.984587
109	115	1.00159
109	130	1.27223
109	131	0.954173
109	134	0.995658
109	135	0.983783
109	147	1.1522
109	150	0.976954
109	158	0.96607
109	159	0.99325
109	164	0.982727
109	165	0.991065
109	167	0.981883
109	171	0.984898
109	172	1.29212
109	177	0.834513
109	179	0.989784
109	180	0.981797
110	3	0.603458
110	82	0.822971
110	90	1.0015
110	98	0.985636
110	117	0.974494
110	127	1.01622
110	132	0.982677
110	138	0.990143
110	150	0.993868
110	152	0.996377
110	153	0.80088
110	158	0.982983
110	159	1.01016
110	164	0.99964
110	165	1.00798
110	167	0.998796
110	171	1.00181
110	174	1.88694
110	177	0.851426
110	178	1.38339
110	179	1.0067
110	180	0.99871
111	64	0.348982
111	70	1.01809
111	79	1.01388
111	83	1.01539
111	97	1.21853
111	121	1.04574
111	123	0.994704
111	126	1.01572
111	129	1.04477
111	139	1.0663
111	143	1.02528
111	145	1.03925
111	146	0.711695
111	161	1.0194
111	162	1.03596
111	166	1.03558
111	167	1.01336
111	170	1.03887
111	173	1.03806
111	174	0.955703
111	175	1.00095
111	176	1.00291
111	178	1.00883
112	4	0.888358
112	23	0.996874
112	68	0.719083
112	129	1.04862
112	134	0.879999
112	139	1.07014
112	142	1.03698
112	144	1.05259
112	145	1.04309
112	147	1.05048
112	148	1.02016
112	159	0.863958
112	161	1.02324
112	162	1.03981
112	166	1.03943
112	167	0.815126
112	172	1.05457
112	173	1.0419
112	174	0.959547
112	175	1.0048
112	176	1.00676
112	177	0.898338
112	178	1.01267
113	15	0.357777
113	61	1.44816
113	84	0.982791
113	88	0.968331
113	94	1.37571
113	116	1.01503
113	120	0.964492
113	125	0.991566
113	129	1.00913
113	141	0.970377
113	148	0.980674
113	150	1.27025
113	154	0.846775
113	155	1.01891
113	161	0.983756
113	162	1.00032
113	163	0.966306
113	168	0.967084
113	172	1.01508
113	174	0.92006
113	176	0.967272
113	177	0.858852
113	178	0.973188
114	48	1.0265
114	72	1.04195
114	80	1.07687
114	82	0.6089
114	94	1.03372
114	117	1.0252
114	123	1.42755
114	128	0.771362
114	137	0.940162
114	138	1.04085
114	152	1.04709
114	153	0.851588
114	156	1.04954
114	157	1.04949
114	158	1.03369
114	159	1.06087
114	160	0.906626
114	164	1.05035
114	165	1.05869
114	173	0.981864
114	175	1.37498
114	179	1.05741
114	180	1.04942
115	74	0.727323
115	87	0.900389
115	91	0.994076
115	109	1.00159
115	126	0.977384
115	131	1.01662
115	143	1.11988
115	151	1.04107
115	152	1.04191
115	154	0.884884
115	156	1.04436
115	157	1.04432
115	158	1.02852
115	159	1.0557
115	160	0.901453
115	164	1.04517
115	165	1.05351
115	167	1.04433
115	169	1.05866
115	171	1.04735
115	176	1.30904
115	179	1.05223
115	180	1.04424
116	23	0.984593
116	81	0.936159
116	96	0.408167
116	113	1.01503
116	119	1.02287
116	122	0.970601
116	125	1.01877
116	131	1.10668
116	139	1.05786
116	140	1.05805
116	144	1.04031
116	149	1.00005
116	163	0.993512
116	164	1.00952
116	166	1.02715
116	167	0.933064
116	168	0.99429
116	170	1.03043
116	171	0.958718
116	173	1.02962
116	174	0.947266
116	175	0.992516
116	176	0.994477
116	177	0.886057
116	178	1.00039
117	20	1.03965
117	63	1.06166
117	83	1.03901
117	90	1.00302
117	99	0.980079
117	110	0.974494
117	114	1.0252
117	122	1.19168
117	125	1.14028
117	150	0.995391
117	151	0.997056
117	152	0.9979
117	157	1.0003
117	158	0.984506
117	159	1.01169
117	164	1.00116
117	165	1.0095
117	166	0.953636
117	169	1.01465
117	171	1.00333
117	172	0.766564
117	174	1.65517
117	177	0.852949
117	179	1.00822
117	180	1.00023
118	57	1.0092
118	62	1.02621
118	76	0.951276
118	80	1.02617
118	83	1.03749
118	99	0.978562
118	129	1.0919
118	133	0.980786
118	134	1.01258
118	138	0.99015
118	146	1.00902
118	152	0.996384
118	155	1.01467
118	156	0.998834
118	157	0.998787
118	158	0.98299
118	159	1.01017
118	162	1.30782
118	164	0.999647
118	165	1.00798
118	167	0.998802
118	169	1.01313
118	171	1.00182
118	179	1.0067
118	180	0.998716
119	21	0.990222
119	37	1.01986
119	49	0.880395
119	55	1.00409
119	57	1.00842
119	78	0.943785
119	116	1.02287
119	132	0.681998
119	141	0.978221
119	142	1.00534
119	144	1.02095
119	149	0.980689
119	155	1.02676
119	157	0.864884
119	162	1.00817
119	163	0.97415
119	166	1.00778
119	169	0.935682
119	170	1.01107
119	171	0.909543
119	172	1.02292
119	173	1.01026
119	174	0.927904
119	176	0.975116
119	178	0.981032
119	179	1.07535
120	8	0.793913
120	10	0.236234
120	37	0.988686
120	74	1.02809
120	88	0.945001
120	113	0.964492
120	122	0.920066
120	123	0.935732
120	129	0.985803
120	130	0.971648
120	134	1.64843
120	143	0.966313
120	145	0.980274
120	146	1.28189
120	149	0.949516
120	154	0.823446
120	155	0.995585
120	158	1.59625
120	166	0.976612
120	170	0.979894
120	172	0.991751
120	173	0.979086
120	174	0.896731
120	175	0.941981
120	177	0.835522
120	178	0.949859
121	88	0.990602
121	100	0.976906
121	106	0.97036
121	107	1.01101
121	111	1.04574
121	130	1.01725
121	131	0.950108
121	133	1.04709
121	141	0.992649
121	142	1.01977
121	143	1.01191
121	145	1.02588
121	147	1.03326
121	148	1.00295
121	158	0.789186
121	159	0.825324
121	160	0.885615
121	161	1.00603
121	168	0.989356
121	173	1.02469
121	174	0.942332
121	175	0.987582
121	176	0.989543
121	177	0.881123
121	178	0.995459
121	180	0.865365
122	28	1.00921
122	38	1.5695
122	66	1.03148
122	93	0.961735
122	116	0.970601
122	117	1.19168
122	120	0.920066
122	136	0.974564
122	139	0.986232
122	142	0.953067
122	144	0.968678
122	146	0.915443
122	147	0.966563
122	153	0.763879
122	155	0.974488
122	158	1.2298
122	161	0.93933
122	163	0.92188
122	168	0.922658
122	170	0.958797
122	172	0.970655
122	173	0.957989
122	174	0.875634
122	175	0.920884
122	176	0.922846
122	178	0.928762
123	1	1.0457
123	7	0.9267
123	12	0.648423
123	36	0.877736
123	80	1.37245
123	88	0.93957
123	102	0.960655
123	111	0.994704
123	114	1.42755
123	120	0.935732
123	131	1.6089
123	136	0.99023
123	140	1.00208
123	141	0.941617
123	145	0.974843
123	160	0.834583
123	162	0.971561
123	163	0.937546
123	166	0.971181
123	168	0.938324
123	170	0.974463
123	172	0.98632
123	174	0.8913
123	175	0.93655
123	176	0.938512
123	177	0.830091
124	35	0.483996
124	40	0.658291
124	59	0.746378
124	87	0.897632
124	105	3.85771
124	126	0.915824
124	131	0.91426
124	135	0.943871
124	151	0.938707
124	152	0.939552
124	153	0.744054
124	155	0.954663
124	161	0.919505
124	162	0.93607
124	164	0.942815
124	167	0.94197
124	168	0.902833
124	169	0.9563
124	171	0.944986
124	174	0.855809
124	175	0.901059
124	176	0.903021
124	178	0.908937
124	179	0.949872
124	180	0.941884
125	50	0.314058
125	63	1.06082
125	83	1.16773
125	93	1.00991
125	113	0.991566
125	116	1.01877
125	117	1.14028
125	126	0.98382
125	130	0.998722
125	136	1.02273
125	138	1.37656
125	139	1.0344
125	143	0.993387
125	144	1.01685
125	147	1.01473
125	148	0.984418
125	149	0.97659
125	154	0.85052
125	162	1.00407
125	166	1.00369
125	170	1.00697
125	172	1.01883
125	173	1.00616
125	174	0.923805
125	175	0.969055
125	176	0.971016
126	42	0.816935
126	84	0.975044
126	86	1.03907
126	91	1.50261
126	100	0.946888
126	111	1.01572
126	115	0.977384
126	124	0.915824
126	125	0.98382
126	128	1.0169
126	141	0.962631
126	142	0.989747
126	143	0.981896
126	144	1.00536
126	145	0.995857
126	147	1.00324
126	148	0.972927
126	161	0.976009
126	165	0.76379
126	166	0.992194
126	170	0.995477
126	172	1.00733
126	173	0.994668
126	174	0.912314
126	175	0.957564
126	176	0.959525
126	179	1.05079
127	31	0.959241
127	69	1.01044
127	80	1.06941
127	86	0.870358
127	89	0.98638
127	110	1.01622
127	134	1.05582
127	135	1.04394
127	137	0.932701
127	145	1.08892
127	147	0.881944
127	149	1.12552
127	151	1.03878
127	156	1.04207
127	157	1.04203
127	158	1.02623
127	159	1.05341
127	160	0.899165
127	161	1.35026
127	164	1.04289
127	165	1.05123
127	167	1.04204
127	169	1.05637
127	171	1.04506
127	172	1.02186
127	177	0.894673
127	179	1.04994
127	180	1.04196
128	7	0.99228
128	27	0.988841
128	49	0.909372
128	89	1.32147
128	92	1.05363
128	108	1.07859
128	114	0.771362
128	126	1.0169
128	139	1.06748
128	140	1.06766
128	142	1.03431
128	147	1.04781
128	148	1.01749
128	157	0.760087
128	159	0.827924
128	160	0.900163
128	161	1.02058
128	162	1.03714
128	163	1.00313
128	164	0.855546
128	165	0.683552
128	168	1.0039
128	170	1.04004
128	172	1.0519
128	174	0.956881
128	175	1.00213
128	176	1.00409
128	177	0.895672
128	178	1.01001
129	29	0.924194
129	82	1.06937
129	98	1.0233
129	101	0.584458
129	111	1.04477
129	112	1.04862
129	113	1.00913
129	118	1.0919
129	120	0.985803
129	133	1.11412
129	137	0.91819
129	139	1.05197
129	143	1.01095
129	144	1.03441
129	147	1.0323
129	149	0.994156
129	158	0.856217
129	161	1.00507
129	162	1.02163
129	163	0.987617
129	166	1.02125
129	168	0.988395
129	169	0.895314
129	170	1.02453
129	172	1.03639
129	174	0.941371
129	175	0.986621
129	176	0.988583
129	177	0.880163
129	178	0.994499
130	48	0.908464
130	57	1.00774
130	93	1.01332
130	107	0.995896
130	108	1.04893
130	109	1.27223
130	120	0.971648
130	121	1.01725
130	125	0.998722
130	136	1.02615
130	139	1.03781
130	143	0.996798
130	144	1.02026
130	145	1.01076
130	148	0.987829
130	149	0.980001
130	151	0.939924
130	155	1.02607
130	161	0.990912
130	163	0.973462
130	165	0.676568
130	168	0.97424
130	169	0.8239
130	170	1.01038
130	171	0.797762
130	172	1.02224
130	173	1.00957
130	174	0.927216
130	175	0.972466
130	178	0.980344
131	53	0.984005
131	61	0.957462
131	75	1.03158
131	76	0.949384
131	99	0.976671
131	103	0.986602
131	109	0.954173
131	115	1.01662
131	116	1.10668
131	121	0.950108
131	123	1.6089
131	124	0.91426
131	132	0.980792
131	134	1.01069
131	135	0.998812
131	136	0.921341
131	151	0.993648
131	152	0.994492
131	156	0.996943
131	157	0.996896
131	158	0.981099
131	159	1.00828
131	160	0.854033
131	164	0.997755
131	165	1.00609
131	167	0.996911
131	169	1.01124
131	170	1.08632
131	171	0.999927
131	173	1.16321
131	179	1.00481
131	180	0.996825
132	17	0.938049
132	31	0.9257
132	44	2.65345
132	65	0.992064
132	71	0.986775
132	80	1.03587
132	90	1.01121
132	94	0.992715
132	104	0.986925
132	106	0.950369
132	110	0.982677
132	119	0.681998
132	131	0.980792
132	133	0.990486
132	138	0.999849
132	140	0.698947
132	150	1.00357
132	154	0.849056
132	156	1.00853
132	157	1.00849
132	158	0.992689
132	159	1.01987
132	164	1.00935
132	165	1.01768
132	167	1.0085
132	169	1.02283
132	173	0.787702
132	175	1.18082
132	177	0.861132
132	178	0.975156
132	179	1.0164
132	180	1.00842
133	19	0.940197
133	21	1.24644
133	39	0.920113
133	59	0.811013
133	69	0.974997
133	71	0.984878
133	72	0.999052
133	89	0.950942
133	94	0.990818
133	118	0.980786
133	121	1.04709
133	129	1.11412
133	132	0.990486
133	135	1.00851
133	136	1.01833
133	140	1.17144
133	146	1.01682
133	150	1.00168
133	151	1.00334
133	156	1.00664
133	157	1.00659
133	158	0.990792
133	159	1.01797
133	160	0.863727
133	164	1.00745
133	165	1.01579
133	167	1.0066
133	169	1.02093
133	171	1.00962
133	177	0.859235
133	178	1.44765
133	179	1.01451
133	180	1.00652
134	14	1.0595
134	31	0.955595
134	39	0.951905
134	69	1.00679
134	73	1.07805
134	85	1.0243
134	89	0.982733
134	95	0.924946
134	103	1.02809
134	109	0.995658
134	112	0.879999
134	118	1.01258
134	120	1.64843
134	127	1.05582
134	131	1.01069
134	137	0.929054
134	138	1.02974
134	139	1.1659
134	144	0.969686
134	147	0.716952
134	149	0.960529
134	150	1.03347
134	153	0.840481
134	156	1.03843
134	157	1.03838
134	158	1.02258
134	159	1.04976
134	165	1.04758
134	167	1.0384
134	169	1.05273
134	171	1.04141
134	177	0.891027
134	179	1.0463
134	180	1.03831
135	3	0.774102
135	16	1.03917
135	20	1.06585
135	53	1.01362
135	66	0.824663
135	75	1.06119
135	87	1.15932
135	88	1.13326
135	97	1.0137
135	99	1.00628
135	103	1.01621
135	109	0.983783
135	124	0.943871
135	127	1.04394
135	131	0.998812
135	133	1.00851
135	145	1.23604
135	152	1.0241
135	153	0.828606
135	154	0.867076
135	155	1.14327
135	156	1.02655
135	157	1.02651
135	158	1.01071
135	159	1.03789
135	160	0.883644
135	164	1.02737
135	165	1.0357
135	167	1.02652
135	169	1.04085
135	171	1.02954
135	172	1.16898
135	177	0.879152
135	179	1.03442
135	180	1.02644
136	33	1.42486
136	61	0.893961
136	84	1.01396
136	85	1.00608
136	87	0.993052
136	92	1.04797
136	122	0.974564
136	123	0.99023
136	125	1.02273
136	130	1.02615
136	131	0.921341
136	133	1.01833
136	137	0.928048
136	141	1.00155
136	142	1.02866
136	145	1.03477
136	147	1.04216
136	149	1.00401
136	150	0.716044
136	153	0.839474
136	155	1.05008
136	158	0.760419
136	161	1.01492
136	163	0.997475
136	164	0.824178
136	166	1.03111
136	168	0.998253
136	170	1.03439
136	172	1.04625
136	173	1.03358
136	174	0.951229
136	175	0.996479
136	176	0.99844
136	177	0.89002
136	178	1.00436
137	4	1.00917
137	14	0.936387
137	26	2.85587
137	49	0.781609
137	50	2.75418
137	58	0.828288
137	101	0.561665
137	114	0.940162
137	127	0.932701
137	129	0.91819
137	134	0.929054
137	136	0.928048
137	138	0.906626
137	142	0.906551
137	143	0.8987
137	145	0.912661
137	150	0.910351
137	151	0.912016
137	152	0.91286
137	157	0.915264
137	158	0.899466
137	161	0.892813
137	162	0.909379
137	164	0.916123
137	166	0.908998
137	168	0.876142
137	170	0.912281
137	171	0.918294
137	172	0.924138
137	174	0.829118
137	175	0.874368
137	177	0.767909
137	178	0.882245
137	179	0.92318
137	180	0.915193
138	1	0.482468
138	16	1.02861
138	38	0.93482
138	43	0.834982
138	52	0.992442
138	69	0.984361
138	72	1.00842
138	77	0.874564
138	79	1.0663
138	80	1.04334
138	92	0.849661
138	98	1.00281
138	103	1.00566
138	110	0.990143
138	114	1.04085
138	118	0.99015
138	125	1.37656
138	132	0.999849
138	134	1.02974
138	137	0.906626
138	151	1.01271
138	152	1.01355
138	154	0.856522
138	155	0.977144
138	156	1.016
138	157	1.01595
138	158	1.00016
138	159	1.02734
138	164	1.01681
138	166	1.18992
138	167	1.01597
138	169	1.0303
138	171	1.01898
138	174	1.89146
138	177	0.868599
138	179	1.02387
138	180	1.01588
139	26	0.304775
139	29	0.945719
139	35	0.293847
139	42	1.05863
139	68	1.00498
139	71	1.20212
139	78	0.978778
139	81	0.951789
139	87	1.00472
139	93	1.049
139	111	1.0663
139	112	1.07014
139	116	1.05786
139	122	0.986232
139	125	1.0344
139	128	1.06748
139	129	1.05197
139	130	1.03781
139	134	1.1659
139	141	1.01321
139	147	1.05383
139	148	1.02351
139	149	1.01568
139	154	0.889611
139	155	1.06175
139	160	0.906179
139	162	1.04316
139	164	1.17748
139	166	1.04278
139	167	1.10103
139	170	1.04606
139	172	1.05792
139	173	1.04525
139	174	0.962897
139	175	1.00815
139	176	1.01011
139	177	0.901688
139	178	1.01602
140	14	0.908973
140	27	0.995041
140	57	1.0436
140	62	1.04754
140	63	0.795951
140	73	0.693999
140	78	0.978961
140	87	1.0049
140	88	1.01135
140	102	1.03244
140	106	0.991108
140	116	1.05805
140	123	1.00208
140	128	1.06766
140	132	0.698947
140	133	1.17144
140	141	1.0134
140	143	1.03266
140	144	1.05612
140	145	1.04662
140	148	1.02369
140	149	1.01586
