1	81	0.793163
1	113	0.830931
1	116	1.52366
1	152	0.693038
1	153	0.817763
1	155	1.63921
1	156	0.680419
1	157	0.826868
1	167	0.833883
1	168	0.838617
1	177	0.849191
1	180	1.71603
2	23	0.795433
2	54	1.83915
2	58	0.755185
2	64	0.832972
2	99	2.03418
2	108	0.764107
2	120	1.28483
2	137	0.77007
2	160	0.8099
2	170	0.803611
2	171	0.809335
2	176	0.802425
3	7	0.838662
3	85	0.788596
3	112	0.831885
3	115	0.807843
3	132	0.820617
3	133	1.43064
3	143	2.19403
3	162	0.68124
3	166	0.680355
3	168	0.83442
3	176	1.27563
3	177	0.844995
4	65	0.499406
4	113	0.648713
4	137	0.628911
4	147	0.515368
4	152	0.510821
4	166	0.502334
4	171	0.668176
4	172	0.667159
4	174	0.506751
4	177	0.666974
4	179	0.673918
4	180	0.662615
5	87	0.752521
5	125	2.48514
5	132	0.741583
5	139	0.746212
5	153	0.734533
5	156	0.597189
5	163	2.33623
5	165	0.77386
5	167	0.750653
5	168	0.755386
5	177	0.765961
5	178	0.600396
6	49	0.729507
6	92	0.78481
6	95	0.810327
6	115	1.62353
6	144	1.54823
6	159	0.815222
6	161	0.664075
6	164	0.814244
6	170	0.827015
6	171	0.832739
6	176	0.825829
6	179	1.53074
7	3	0.838662
7	82	0.742415
7	86	0.786704
7	93	1.48561
7	108	2.12338
7	115	0.775988
7	122	0.800972
7	129	0.763656
7	141	1.15879
7	157	0.790816
7	168	0.802565
7	177	0.81314
8	11	0.696223
8	21	0.756128
8	102	0.721219
8	108	0.698378
8	117	0.727493
8	149	2.38862
8	154	0.735342
8	158	0.5878
8	159	0.726089
8	164	0.72511
8	175	2.47196
8	176	0.736696
9	45	0.667255
9	61	0.712427
9	105	2.7869
9	119	0.707155
9	123	0.739835
9	126	1.86265
9	134	0.724071
9	139	0.718232
9	153	0.706552
9	157	0.715657
9	165	0.745879
9	177	0.73798
10	80	2.18419
10	103	0.791385
10	118	0.796116
10	133	1.45725
10	143	0.774401
10	167	1.24564
10	169	0.8086
10	172	0.817403
10	173	0.811781
10	175	0.814736
10	179	0.824162
10	180	0.81286
11	8	0.696223
11	84	0.756397
11	88	0.743798
11	114	0.61867
11	124	0.768225
11	156	0.604519
11	158	0.618686
11	159	0.756976
11	164	0.755997
11	167	2.5214
11	170	0.768769
11	175	2.36374
12	48	0.683928
12	76	0.709292
12	145	0.774724
12	156	0.621663
12	161	0.622973
12	168	2.49071
12	169	0.781817
12	174	0.630213
12	175	0.787953
12	177	2.44592
12	179	0.797379
12	180	0.786077
13	15	0.624974
13	52	0.661833
13	68	0.641134
13	107	0.665541
13	113	4.68155
13	136	0.651705
13	145	0.670615
13	173	0.68089
13	174	0.526104
13	175	0.683844
13	179	0.693271
13	180	0.681968
14	25	0.792726
14	79	0.791557
14	124	0.844498
14	135	0.823682
14	153	1.80699
14	159	0.833249
14	162	0.685808
14	164	0.83227
14	172	1.68622
14	174	0.689341
14	176	0.843856
14	179	1.61173
15	13	0.624974
15	21	2.02688
15	54	0.706016
15	71	0.736524
15	101	0.714908
15	121	2.4607
15	136	0.723497
15	162	0.594364
15	172	0.758304
15	173	0.752681
15	179	0.765063
15	180	0.75376
16	31	4.41059
16	56	0.658636
16	87	0.66914
16	112	0.66947
16	123	0.684435
16	150	0.517415
16	152	0.526427
16	157	0.660256
16	165	0.690479
16	167	0.667272
16	168	0.672005
16	177	0.68258
17	34	0.582118
17	50	0.685045
17	55	0.750654
17	58	0.713575
17	81	2.76914
17	95	0.745313
17	151	2.27294
17	156	0.59775
17	164	0.749229
17	170	0.762001
17	171	0.767724
17	176	0.760815
18	56	0.807447
18	118	1.82829
18	132	0.807013
18	151	1.5516
18	153	0.799963
18	157	0.809068
18	162	0.667636
18	163	1.50157
18	165	0.83929
18	167	0.816083
18	168	0.820817
18	177	0.831391
19	43	0.58638
19	57	0.702972
19	93	2.35968
19	138	0.700279
19	145	0.729448
19	151	0.724292
19	155	0.735663
19	157	2.45254
19	172	0.745345
19	173	0.739723
19	179	0.752104
19	180	0.740801
20	29	0.675928
20	97	0.667242
20	140	0.678693
20	143	0.644528
20	154	5.18889
20	155	0.677848
20	158	0.532741
20	172	0.68753
20	173	0.681908
20	174	0.527123
20	175	0.684863
20	179	0.694289
20	180	0.682986
21	8	0.756128
21	15	2.02688
21	33	0.738125
21	40	2.40513
21	73	0.788041
21	106	0.749366
21	117	0.818285
21	131	0.812338
21	147	0.681591
21	158	0.678592
21	170	0.828674
21	176	0.827488
21	179	0.866229
22	73	0.690877
22	79	0.678026
22	102	0.714847
22	109	0.684618
22	117	0.721122
22	128	0.711077
22	142	2.73587
22	159	0.719718
22	170	0.731511
22	171	0.737235
22	172	2.58263
22	176	0.730325
22	178	0.570467
23	2	0.795433
23	79	0.748766
23	90	0.764097
23	110	0.794167
23	131	0.785913
23	137	0.76871
23	138	2.05447
23	154	0.79971
23	168	1.68826
23	170	0.80225
23	172	1.66322
23	176	0.801064
23	178	0.641207
24	31	0.799915
24	77	1.79077
24	100	0.739349
24	149	0.800389
24	156	0.638325
24	163	0.803223
24	164	1.95116
24	168	1.54563
24	169	0.798479
24	173	0.801659
24	175	0.804614
24	179	0.814041
24	180	0.802738
25	14	0.792726
25	26	0.693611
25	58	0.709687
25	106	0.678804
25	123	2.46764
25	128	0.737679
25	154	0.755572
25	159	0.746319
25	170	0.758112
25	174	0.602411
25	176	0.756926
25	178	0.597069
25	179	2.74017
26	25	0.693611
26	38	2.47056
26	46	0.722195
26	78	0.632329
26	79	0.692443
26	108	0.706423
26	109	0.699035
26	128	0.725494
26	154	0.743387
26	169	2.55806
26	170	0.745927
26	174	0.590226
26	176	0.744741
27	68	0.766728
27	77	1.85222
27	105	0.743087
27	130	0.786926
27	143	0.769104
27	157	1.77718
27	162	0.648167
27	163	0.808048
27	169	0.803304
27	172	0.812107
27	176	1.69801
27	179	0.818865
27	180	0.807563
28	58	4.82927
28	118	0.650247
28	140	0.662697
28	141	0.663275
28	145	0.655637
28	149	0.664642
28	151	0.650481
28	162	0.507594
28	163	0.667475
28	169	0.662731
28	172	0.671534
28	179	0.678293
28	180	0.66699
29	20	0.675928
29	67	0.748481
29	98	1.39715
29	99	2.20648
29	107	0.787269
29	130	0.783059
29	143	0.765237
29	155	0.798558
29	169	0.799437
29	170	2.07185
29	175	0.805572
29	179	0.814999
29	180	0.803696
30	45	0.771129
30	106	2.78345
30	123	0.843709
30	129	0.79237
30	146	0.824048
30	150	0.676689
30	153	0.810426
30	156	0.673082
30	167	0.826546
30	170	1.46347
30	174	0.681631
30	177	0.841854
30	180	1.24513
31	16	4.41059
31	24	0.799915
31	39	0.608029
31	76	0.731146
31	136	0.777668
31	141	0.804215
31	142	0.768321
31	158	0.657686
31	159	0.229771
31	169	0.803672
31	172	0.812475
31	175	0.809808
31	180	0.807931
32	83	0.795908
32	87	1.69398
32	125	0.769139
32	131	1.93708
32	140	0.779358
32	145	0.772299
32	153	1.72264
32	163	0.784136
32	172	0.788195
32	173	0.782573
32	175	0.785528
32	179	0.794954
32	180	0.783652
33	21	0.738125
33	55	0.708532
33	120	2.57309
33	124	0.719335
33	127	0.555469
33	133	0.711178
33	137	0.686338
33	151	2.51795
33	160	0.726168
33	164	0.707107
33	170	0.719878
33	171	0.725602
33	176	0.718693
34	17	0.582118
34	81	0.57904
34	93	0.643109
34	105	0.566233
34	121	0.653044
34	147	0.483463
34	158	0.480464
34	159	0.618753
34	167	0.61976
34	168	0.624493
34	173	0.629631
34	179	0.642012
34	180	0.630709
35	86	0.719292
35	115	0.708577
35	122	0.733561
35	132	0.72135
35	140	2.48778
35	146	0.727922
35	153	0.7143
35	158	0.591124
35	161	0.578266
35	167	0.73042
35	168	0.735154
35	176	2.72064
35	177	0.745729
36	61	0.646382
36	114	0.517314
36	122	0.659768
36	132	0.647557
36	135	0.646054
36	148	0.511824
36	156	0.503163
36	162	0.50818
36	170	0.667414
36	174	0.511713
36	176	0.666228
36	178	0.50637
36	179	0.678879
36	180	0.667576
37	123	0.837015
37	130	1.99906
37	146	0.817353
37	153	0.803731
37	156	0.666387
37	157	0.812836
37	161	0.667698
37	167	0.819851
37	168	0.824585
37	169	1.67215
37	174	0.674937
37	177	0.83516
37	178	0.669594
37	179	1.92272
38	26	2.47056
38	125	0.76154
38	135	1.63757
38	141	0.772337
38	142	0.736442
38	143	0.737593
38	155	0.770914
38	163	0.776537
38	169	0.771793
38	173	0.774974
38	175	0.777929
38	176	1.46527
38	179	0.787355
38	180	0.776052
39	31	0.608029
39	88	0.774599
39	93	0.812133
39	106	0.720262
39	109	0.752677
39	135	0.778211
39	139	2.22333
39	150	0.638927
39	160	0.805859
39	164	0.786798
39	170	0.79957
39	174	0.643869
39	176	0.798384
39	179	2.71522
40	21	2.40513
40	76	0.633204
40	118	0.693246
40	141	0.706273
40	143	0.67153
40	144	0.70627
40	145	0.698636
40	149	0.70764
40	155	0.704851
40	168	3.25133
40	172	0.714533
40	175	0.711865
40	179	0.721292
40	180	0.709989
41	46	0.750235
41	84	0.761596
41	85	2.66311
41	88	0.748996
41	117	0.763578
41	135	0.752608
41	141	1.61728
41	159	0.762174
41	160	0.780257
41	163	1.57606
41	164	0.761196
41	170	0.773968
41	171	0.779691
41	176	0.772782
42	47	0.592314
42	73	0.703152
42	75	2.85365
42	99	3.31595
42	110	0.735703
42	135	0.722426
42	150	0.583143
42	154	0.741246
42	158	0.593703
42	159	0.731993
42	160	0.750075
42	161	0.580846
42	164	0.731014
42	171	0.74951
43	19	0.58638
43	47	0.504698
43	85	0.604293
43	131	0.639833
43	150	0.495527
43	152	0.504538
43	154	0.65363
43	158	0.506087
43	167	0.645383
43	172	0.660877
43	177	0.660692
43	178	0.495127
43	179	0.667635
43	180	0.656333
44	61	0.780694
44	72	1.34888
44	75	2.25094
44	81	0.75022
44	111	0.636976
44	123	0.808103
44	133	2.39546
44	146	0.788442
44	153	0.774819
44	157	0.783924
44	165	0.814147
44	166	0.641608
44	167	0.79094
44	177	0.806248
45	9	0.667255
45	30	0.771129
45	113	0.730486
45	129	0.699264
45	132	0.724369
45	134	0.734838
45	147	0.597142
45	153	0.717319
45	156	0.579975
45	160	2.87634
45	162	0.584992
45	167	0.733439
45	168	0.738172
45	179	2.71943
46	26	0.722195
46	41	0.750235
46	90	0.748543
46	95	0.770008
46	106	0.707388
46	110	0.778613
46	114	0.636597
46	133	0.777995
46	137	0.753155
46	143	2.46589
46	145	1.60541
46	155	1.59048
46	160	0.792985
46	176	0.78551
47	42	0.592314
47	43	0.504698
47	65	0.495911
47	157	0.641155
47	164	0.646185
47	168	0.652904
47	170	0.658957
47	172	0.663663
47	174	0.503256
47	175	0.660996
47	177	0.663479
47	178	0.497913
47	179	0.670422
47	180	0.65912
48	12	0.683928
48	61	2.16356
48	97	0.692862
48	118	0.691863
48	136	0.678343
48	139	2.98264
48	149	0.706258
48	151	0.692096
48	155	0.703468
48	169	0.704347
48	172	0.71315
48	173	0.707527
48	179	0.719909
48	180	0.708606
49	6	0.729507
49	72	2.68368
49	90	0.674767
49	93	0.725484
49	108	0.673416
49	124	0.712376
49	131	0.696583
49	137	0.67938
49	139	2.8929
49	160	0.719209
49	162	0.553687
49	164	0.700148
49	171	0.718644
49	176	0.711734
50	17	0.685045
50	73	0.69284
50	84	0.721101
50	93	0.746036
50	106	0.654165
50	131	0.717136
50	147	0.586389
50	150	0.57283
50	153	2.99544
50	160	0.739762
50	164	0.720701
50	165	2.64978
50	170	0.733473
50	176	0.732287
51	56	0.776902
51	74	0.611738
51	81	0.744818
51	108	2.16349
51	115	0.763695
51	120	0.794468
51	134	0.786937
51	136	1.72278
51	139	0.781098
51	157	0.778523
51	162	0.637091
51	167	0.785538
51	173	1.72882
51	177	0.800846
52	13	0.661833
52	76	0.713834
52	105	0.726143
52	124	1.72842
52	132	2.32705
52	141	0.786903
52	143	0.75216
52	146	2.00321
52	155	0.785481
52	161	0.627516
52	163	0.791104
52	169	0.786359
52	175	0.792495
52	179	0.801921
52	180	0.790619
53	69	1.68846
53	86	1.18012
53	140	0.82677
53	141	0.827348
53	142	0.791453
53	143	0.792605
53	145	0.819711
53	151	0.814554
53	164	1.54363
53	169	0.826805
53	170	1.56717
53	173	0.829985
53	175	0.83294
53	179	0.842366
53	180	0.831064
54	2	1.83915
54	15	0.706016
54	91	2.23155
54	100	0.699621
54	123	1.80857
54	130	0.742373
54	138	0.722488
54	141	0.759295
54	149	0.760662
54	163	0.763495
54	172	0.767554
54	173	0.761932
54	175	0.764887
54	179	0.774313
54	180	0.76301
55	17	0.750654
55	33	0.708532
55	73	0.758449
55	95	0.782394
55	102	0.782419
55	106	0.719774
55	135	0.777723
55	140	1.89413
55	146	2.35968
55	161	0.636142
55	164	0.78631
55	170	0.799082
55	172	2.01102
55	176	0.797896
55	178	0.638039
56	16	0.658636
56	18	0.807447
56	51	0.776902
56	104	0.739162
56	115	0.758376
56	123	0.797383
56	125	1.87612
56	156	0.626756
56	162	0.631773
56	165	0.803427
56	167	0.780219
56	168	0.784953
56	173	2.29834
56	177	0.795528
56	179	1.91847
57	19	0.702972
57	59	0.726984
57	81	2.19437
57	110	2.12547
57	142	0.733314
57	145	0.761572
57	151	0.756415
57	163	0.77341
57	165	1.68902
57	169	0.768666
57	172	0.777469
57	173	0.771846
57	175	0.774801
57	179	0.784227
57	180	0.772925
58	2	0.755185
58	17	0.713575
58	25	0.709687
58	28	4.82927
58	69	0.701485
58	97	0.662388
58	99	0.8434
58	108	0.722499
58	109	0.71511
58	121	0.7845
58	124	0.761459
58	159	0.750209
58	164	0.749231
58	170	0.762003
58	171	0.767726
59	57	0.726984
59	76	0.688028
59	103	0.743339
59	104	2.32515
59	105	0.700337
59	107	0.748386
59	116	0.741618
59	123	1.65456
59	136	0.73455
59	141	0.761097
59	165	1.77669
59	169	0.760554
59	175	0.766689
59	179	0.776116
59	180	0.764813
60	102	0.623937
60	114	0.490502
60	119	0.614297
60	146	0.627316
60	147	0.493517
60	158	0.490518
60	160	0.64689
60	169	0.636504
60	170	0.640601
60	173	0.639685
60	174	0.4849
60	176	0.639415
60	177	0.645123
60	179	0.652066
60	180	0.640763
61	9	0.712427
61	36	0.646382
61	44	0.780694
61	48	2.16356
61	78	2.92279
61	80	0.723982
61	85	0.73752
61	113	0.775658
61	115	0.756767
61	134	0.780009
61	139	0.77417
61	143	1.41079
61	157	0.771595
61	162	0.630163
61	168	0.783344
62	69	0.730817
62	72	1.60845
62	74	0.606747
62	106	0.712026
62	110	0.783251
62	121	0.813832
62	128	0.7709
62	156	0.627084
62	158	0.641252
62	159	0.779541
62	160	0.797623
62	170	0.791334
62	176	0.790148
62	177	2.3643
62	179	2.30956
63	98	0.612402
63	102	0.623323
63	103	0.618675
63	129	0.595025
63	147	0.492903
63	160	0.646276
63	170	0.639986
63	172	0.644693
63	173	0.639071
63	174	0.484285
63	176	0.6388
63	177	0.644508
63	178	0.478943
63	179	0.651452
63	180	0.640149
64	2	0.832972
64	75	1.69542
64	87	1.66108
64	92	0.797584
64	112	1.63377
64	133	0.831089
64	135	0.81843
64	142	1.72221
64	152	0.688158
64	154	0.83725
64	160	0.846079
64	161	0.676849
64	164	0.827018
64	171	0.845514
64	176	0.838604
64	178	0.678746
65	4	0.499406
65	47	0.495911
65	108	0.607878
65	124	0.646838
65	127	0.482973
65	139	0.632155
65	149	0.645197
65	150	0.486739
65	154	0.644842
65	162	0.488149
65	165	0.659803
65	167	0.636596
65	171	0.653106
65	173	0.646467
65	177	0.651904
65	180	0.647545
66	68	0.668587
66	98	3.12659
66	118	0.692678
66	125	0.694908
66	142	0.669811
66	144	0.705703
66	148	0.553669
66	149	0.707073
66	151	0.692912
66	161	0.546318
66	163	0.709906
66	172	0.713965
66	175	0.711298
66	176	3.46314
66	179	0.720724
66	180	0.709421
67	29	0.748481
67	75	0.703522
67	106	3.05364
67	116	0.732344
67	129	2.0901
67	136	0.725276
67	142	0.715929
67	144	0.75182
67	146	1.62821
67	149	0.753191
67	155	0.750401
67	166	0.595258
67	172	0.760083
67	175	0.757415
67	179	0.766842
67	180	0.755539
68	13	0.641134
68	27	0.766728
68	66	0.668587
68	82	2.51835
68	125	0.755407
68	127	0.605348
68	135	2.24487
68	138	0.729397
68	152	0.618125
68	155	0.764782
68	163	0.770405
68	171	2.03085
68	172	0.774464
68	173	0.768841
68	175	0.771796
68	179	0.781223
68	180	0.76992
69	53	1.68846
69	58	0.701485
69	62	0.730817
69	77	0.740729
69	90	0.711758
69	103	2.67138
69	108	0.710407
69	124	0.749367
69	133	0.74121
69	154	0.747371
69	155	2.49624
69	159	0.738118
69	164	0.737139
69	166	0.589793
69	170	0.749911
69	171	0.755635
69	176	0.748725
70	91	0.749189
70	96	0.709003
70	99	0.763741
70	114	0.618433
70	120	0.766676
70	123	0.774909
70	129	0.723571
70	134	0.759145
70	137	2.47674
70	147	0.621449
70	157	0.750731
70	166	0.608414
70	168	0.76248
70	172	2.12648
70	177	0.773054
70	178	0.607489
70	180	2.36225
71	15	0.736524
71	83	0.805774
71	100	0.730129
71	116	0.770323
71	117	2.06528
71	136	0.763255
71	139	1.20509
71	149	0.791169
71	155	0.78838
71	163	0.794003
71	165	1.54658
71	168	1.79651
71	172	0.798062
71	173	0.792439
71	175	0.795394
71	179	0.804821
71	180	0.793518
72	44	1.34888
72	49	2.68368
72	62	1.60845
72	116	0.783523
72	118	0.789975
72	138	0.766196
72	140	0.802424
72	142	0.767108
72	145	0.795365
72	155	0.80158
72	160	1.06869
72	169	0.802459
72	172	0.811262
72	173	0.80564
72	174	0.650854
72	179	0.818021
72	180	0.806718
73	21	0.788041
73	22	0.690877
73	42	0.703152
73	50	0.69284
73	55	0.758449
73	78	0.656196
73	92	0.727589
73	108	0.730291
73	118	2.43329
73	121	0.792292
73	148	0.614205
73	159	0.758002
73	162	0.610561
73	164	0.757023
73	169	2.04726
73	175	2.27403
73	176	0.768609
74	51	0.611738
74	62	0.606747
74	101	0.587153
74	103	0.60453
74	111	0.461092
74	117	0.615453
74	121	0.648339
74	141	0.622289
74	152	0.47421
74	161	0.462901
74	167	0.615055
74	170	0.625842
74	171	0.631566
74	177	0.630364
74	179	0.637307
74	180	0.626005
75	42	2.85365
75	44	2.25094
75	64	1.69542
75	67	0.703522
75	105	0.694261
75	130	0.7381
75	136	0.728474
75	140	0.754443
75	144	0.755018
75	151	0.742227
75	158	0.608492
75	163	0.759222
75	172	0.763281
75	173	0.757658
75	174	0.602873
75	179	0.77004
75	180	0.758737
76	12	0.709292
76	31	0.731146
76	40	0.633204
76	52	0.713834
76	59	0.688028
76	83	0.746225
76	86	2.30684
76	103	0.712495
76	116	0.710774
76	137	2.59004
76	145	0.722616
76	155	0.728831
76	167	2.29914
76	169	0.72971
76	173	0.732891
76	175	0.735845
76	179	0.745272
76	180	0.733969
77	24	1.79077
77	27	1.85222
77	69	0.740729
77	78	0.687648
77	79	0.747762
77	88	0.776275
77	98	1.81148
77	111	0.636496
77	121	0.823744
77	124	0.800703
77	128	0.780813
77	137	0.767706
77	150	0.640603
77	160	0.807536
77	170	0.801246
77	171	0.80697
77	175	1.93376
77	176	0.80006
78	26	0.632329
78	61	2.92279
78	73	0.656196
78	77	0.687648
78	84	0.684458
78	88	0.671859
78	93	0.709393
78	101	4.05229
78	117	0.686441
78	131	0.680493
78	133	0.688129
78	135	0.675471
78	148	0.54124
78	156	0.53258
78	160	0.703119
78	170	0.69683
78	171	0.702554
78	176	0.695644
79	14	0.791557
79	22	0.678026
79	23	0.748766
79	26	0.692443
79	77	0.747762
79	97	2.63597
79	117	0.746555
79	124	0.7564
79	137	0.723404
79	145	2.40212
79	148	0.601354
79	154	0.754404
79	158	0.606862
79	168	2.25327
79	170	0.756944
79	171	0.762668
79	176	0.755758
79	178	0.595901
80	10	2.18419
80	61	0.723982
80	81	0.693507
80	86	0.7231
80	91	0.72567
80	113	0.731275
80	119	0.718711
80	120	0.743157
80	123	0.751391
80	134	0.735626
80	139	0.729787
80	141	2.53525
80	153	0.718107
80	158	0.594931
80	168	0.738961
80	169	2.43473
80	177	0.749536
80	178	0.58397
81	1	0.793163
81	17	2.76914
81	34	0.57904
81	44	0.75022
81	51	0.744818
81	57	2.19437
81	80	0.693507
81	84	2.13089
81	87	0.750004
81	122	0.751277
81	134	0.749535
81	146	0.745638
81	153	0.732015
81	165	0.771343
81	167	0.748136
81	168	0.752869
81	174	0.603221
81	178	0.597879
82	7	0.742415
82	68	2.51835
82	90	2.4784
82	96	0.684697
82	104	0.692382
82	113	0.730487
82	114	0.594127
82	123	0.750603
82	127	0.579817
82	139	0.728999
82	141	2.09908
82	146	0.730942
82	153	0.717319
82	157	0.726424
82	165	0.756647
82	167	0.733439
82	168	0.738173
82	177	0.748748
83	32	0.795908
83	71	0.805774
83	76	0.746225
83	96	2.81224
83	113	0.858489
83	141	0.819294
83	142	0.7834
83	150	0.662204
83	151	0.806501
83	156	0.658597
83	161	0.659907
83	166	0.662729
83	169	0.818751
83	171	1.81302
83	174	0.667146
83	175	0.824887
83	176	1.85475
83	179	0.834313
83	180	0.82301
84	11	0.756397
84	41	0.761596
84	50	0.721101
84	78	0.684458
84	81	2.13089
84	95	0.781369
84	114	0.647958
84	119	1.9165
84	121	0.820554
84	131	0.78172
84	133	0.789356
84	154	0.795517
84	156	0.633806
84	157	2.04557
84	160	0.804346
84	161	0.635116
84	163	1.58467
84	171	0.803781
84	176	0.796871
85	3	0.788596
85	41	2.66311
85	43	0.604293
85	61	0.73752
85	88	2.50831
85	96	0.699022
85	98	0.730967
85	123	0.764928
85	132	0.738695
85	139	0.743324
85	152	0.60692
85	157	0.740749
85	161	0.595611
85	165	0.770972
85	167	0.747765
85	168	0.752498
85	169	2.2581
85	177	0.763073
85	178	0.597508
86	7	0.786704
86	35	0.719292
86	53	1.18012
86	76	2.30684
86	80	0.7231
86	91	0.769171
86	96	0.728985
86	112	0.779926
86	119	0.762211
86	138	2.22019
86	139	0.773287
86	146	0.77523
86	157	0.770712
86	165	0.800935
86	167	0.777728
86	168	0.782461
86	176	1.94491
86	177	0.793036
86	178	0.627471
87	5	0.752521
87	16	0.66914
87	32	1.69398
87	64	1.66108
87	81	0.750004
87	91	0.782167
87	92	2.11345
87	112	0.792922
87	120	0.799654
87	123	0.807887
87	139	0.786283
87	153	0.774604
87	155	2.01294
87	157	0.783708
87	165	0.813931
87	167	0.790724
87	174	0.645809
87	177	0.806032
87	178	0.640467
88	11	0.743798
88	39	0.774599
88	41	0.748996
88	77	0.776275
88	78	0.671859
88	85	2.50831
88	89	0.622908
88	93	0.79802
88	103	2.02112
88	108	0.745953
88	117	0.775068
88	121	0.807955
88	128	0.765023
88	160	0.791746
88	166	0.625339
88	171	0.791181
88	172	1.68702
88	175	1.58872
88	176	0.784271
89	88	0.622908
89	102	0.631215
89	110	0.639796
89	132	0.628022
89	138	0.607519
89	142	0.608431
89	152	0.496247
89	156	0.483629
89	159	0.636086
89	161	0.484939
89	164	0.635107
89	165	0.6603
89	167	0.637092
89	174	0.492178
89	175	0.649918
89	177	0.652401
89	178	0.486836
89	179	0.659344
89	180	0.648042
90	23	0.764097
90	46	0.748543
90	49	0.674767
90	69	0.711758
90	82	2.4784
90	92	0.730069
90	93	0.784838
90	95	0.755587
90	117	0.761886
90	127	0.607866
90	133	0.763574
90	148	0.616685
90	149	1.73501
90	154	0.769735
90	157	2.11179
90	159	0.760482
90	164	0.759503
90	171	0.777999
90	176	0.771089
90	179	1.84216
91	54	2.23155
91	70	0.749189
91	80	0.72567
91	86	0.769171
91	87	0.782167
91	96	0.731556
91	98	0.7635
91	119	0.764782
91	128	2.32929
91	129	0.746123
91	132	0.771228
91	139	0.775858
91	157	0.773283
91	161	0.628145
91	167	0.780298
91	168	0.785032
91	175	1.73953
91	177	0.795607
91	178	0.630042
91	179	1.76334
92	6	0.78481
92	64	0.797584
92	73	0.727589
92	87	2.11345
92	90	0.730069
92	106	0.688914
92	124	0.767679
92	133	0.759522
92	135	0.746863
92	137	0.734682
92	149	1.83969
92	154	0.765682
92	159	0.756429
92	160	0.774512
92	170	0.768222
92	171	0.773946
92	175	1.92304
92	176	0.767036
92	178	0.607179
92	180	2.25711
93	7	1.48561
93	19	2.35968
93	34	0.643109
93	39	0.812133
93	49	0.725484
93	50	0.746036
93	78	0.709393
93	88	0.79802
93	90	0.784838
93	102	0.806328
93	152	0.67136
93	154	0.820451
93	159	0.811198
93	161	0.660051
93	171	0.828715
93	173	2.16953
93	174	0.667291
93	176	0.821806
93	178	0.661948
93	180	2.09993
94	102	2.39147
94	107	0.748463
94	113	1.07987
94	116	0.741694
94	118	0.748146
94	123	1.61314
94	125	0.750377
94	132	2.63267
94	136	0.734627
94	138	0.724367
94	144	0.761171
94	145	0.753537
94	149	0.762541
94	163	0.765374
94	172	0.769433
94	173	0.763811
94	175	0.766766
94	178	0.603683
94	179	0.776192
94	180	0.76489
95	6	0.810327
95	17	0.745313
95	46	0.770008
95	55	0.782394
95	84	0.781369
95	90	0.755587
95	106	0.714432
95	131	0.777404
95	153	2.10691
95	160	0.80003
95	164	0.780969
95	166	0.633622
95	168	2.01118
95	170	0.79374
95	171	0.799464
95	174	0.638039
95	176	0.792554
95	177	1.96639
95	178	0.632697
95	180	2.22191
96	70	0.709003
96	82	0.684697
96	83	2.81224
96	85	0.699022
96	86	0.728985
96	91	0.731556
96	104	0.699055
96	119	0.724596
96	123	0.757276
96	153	0.723993
96	157	0.733098
96	158	0.600817
96	163	2.56957
96	165	0.76332
96	166	0.590781
96	167	0.740113
96	168	0.744846
96	177	0.755421
96	178	0.589856
96	179	2.76084
97	20	0.667242
97	48	0.692862
97	58	0.662388
97	79	2.63597
97	101	0.756158
97	125	0.780497
97	130	0.774373
97	140	0.790716
97	145	0.783657
97	146	2.51827
97	150	0.634204
97	155	0.789872
97	160	2.25203
97	162	0.635614
97	163	0.795495
97	169	0.790751
97	173	0.793931
97	178	0.633804
97	179	0.806312
97	180	0.79501
98	29	1.39715
98	63	0.612402
98	66	3.12659
98	77	1.81148
98	85	0.730967
98	91	0.7635
98	112	0.774255
98	113	0.769105
98	115	0.750214
98	119	0.756541
98	122	0.775198
98	123	0.789221
98	124	1.61518
98	129	0.737882
98	146	0.76956
98	148	0.627254
98	165	0.795265
98	168	0.776791
98	177	0.787366
98	178	0.621801
99	2	2.03418
99	29	2.20648
99	42	3.31595
99	58	0.8434
99	70	0.763741
99	104	0.753793
99	120	0.803781
99	134	0.79625
99	139	0.79041
99	147	0.658554
99	150	0.644994
99	152	0.654006
99	153	0.778731
99	158	0.655555
99	165	0.818058
99	166	0.645519
99	167	0.794851
99	168	0.799584
99	174	0.649936
99	177	0.810159
99	178	0.644594
100	24	0.739349
100	54	0.699621
100	71	0.730129
100	107	0.730938
100	118	0.730622
100	126	0.741386
100	134	2.23914
100	136	0.717102
100	141	0.743649
100	145	0.736012
100	148	0.591612
100	149	0.745016
100	151	0.730855
100	154	1.86198
100	164	2.45013
100	169	0.743106
100	171	2.0938
100	172	0.751909
100	173	0.746286
100	175	0.749241
100	179	0.758668
100	180	0.747365
101	15	0.714908
101	74	0.587153
101	78	4.05229
101	97	0.756158
101	130	0.751265
101	136	0.741639
101	137	1.85618
101	138	0.73138
101	141	0.768186
101	143	0.733443
101	145	0.760549
101	151	0.755393
101	154	1.34834
101	155	0.766764
101	163	0.772387
101	166	0.611621
101	167	1.56528
101	173	0.770824
101	175	0.773779
101	178	0.610696
101	179	0.783205
101	180	0.771902
102	8	0.721219
102	22	0.714847
102	55	0.782419
102	60	0.623937
102	63	0.623323
102	89	0.631215
102	93	0.806328
102	94	2.39147
102	110	0.785682
102	115	2.21148
102	124	0.793221
102	126	1.78886
102	147	0.646681
102	154	0.791225
102	157	2.38832
102	160	0.800054
102	164	0.780993
102	166	0.633647
102	170	0.793765
102	171	0.799489
102	176	0.792579
102	178	0.632722
103	10	0.791385
103	59	0.743339
103	63	0.618675
103	69	2.67138
103	74	0.60453
103	76	0.712495
103	88	2.02112
103	119	2.16206
103	125	0.774767
103	130	0.768643
103	145	0.777927
103	151	0.77277
103	155	0.784142
103	158	0.639035
103	163	0.789765
103	165	1.87109
103	169	0.785021
103	173	0.788201
103	174	0.633416
103	178	0.628074
103	179	0.800583
103	180	0.78928
104	56	0.739162
104	59	2.32515
104	82	0.692382
104	96	0.699055
104	99	0.753793
104	115	0.725955
104	122	0.750939
104	123	0.764961
104	129	0.713623
104	132	0.738728
104	134	0.749197
104	138	2.4767
104	146	0.7453
104	147	0.611501
104	150	0.597941
104	153	0.731678
104	155	2.2444
104	157	0.740783
104	162	0.599351
104	167	0.747798
104	168	0.752532
104	176	2.20141
104	177	0.763106
105	9	2.7869
105	27	0.743087
105	34	0.566233
105	52	0.726143
105	59	0.700337
105	75	0.694261
105	107	0.729851
105	118	0.729535
105	121	1.89447
105	126	0.740299
105	138	0.705756
105	140	0.741984
105	143	0.707819
105	144	0.74256
105	155	0.74114
105	167	2.34117
105	169	0.742019
105	172	0.750822
105	173	0.7452
105	175	0.748154
105	177	2.26206
105	179	0.757581
105	180	0.746278
106	21	0.749366
106	25	0.678804
106	30	2.78345
106	39	0.720262
106	46	0.707388
106	50	0.654165
106	55	0.719774
106	62	0.712026
106	67	3.05364
106	92	0.688914
106	95	0.714432
106	108	0.691616
106	109	0.684227
106	117	0.720731
106	137	0.697579
106	147	0.584036
106	154	0.72858
106	156	0.56687
106	162	0.571887
106	165	3.31108
106	166	0.571002
106	170	0.73112
106	176	0.729934
107	13	0.665541
107	29	0.787269
107	59	0.748386
107	94	0.748463
107	100	0.730938
107	105	0.729851
107	117	1.92549
107	126	0.788348
107	131	1.96689
107	138	0.753805
107	140	0.790034
107	142	0.754717
107	143	0.755868
107	146	1.98034
107	153	1.75245
107	163	0.794812
107	169	0.790068
107	171	1.70592
107	172	0.798871
107	173	0.793249
107	175	0.796204
107	179	0.80563
107	180	0.794327
108	2	0.764107
108	7	2.12338
108	8	0.698378
108	26	0.706423
108	49	0.673416
108	51	2.16349
108	58	0.722499
108	65	0.607878
108	69	0.710407
108	73	0.730291
108	88	0.745953
108	106	0.691616
108	124	0.770381
108	135	0.749565
108	137	0.737384
108	154	0.768384
108	159	0.759131
108	162	0.611691
108	164	0.758153
108	169	2.17685
108	171	0.776648
108	176	0.769739
108	180	2.73769
109	22	0.684618
109	26	0.699035
109	39	0.752677
109	58	0.71511
109	106	0.684227
109	110	0.755453
109	115	2.38723
109	116	2.41234
109	128	0.743102
109	133	0.754835
109	137	0.729995
109	154	0.760996
109	158	0.613453
109	159	0.751743
109	160	0.769825
109	161	0.600595
109	164	0.750764
109	166	0.603417
109	170	0.763536
109	171	0.769259
109	174	0.607835
109	176	0.76235
109	177	2.34918
109	180	2.60471
110	23	0.794167
110	42	0.735703
110	46	0.778613
110	57	2.12547
110	62	0.783251
110	89	0.639796
110	102	0.785682
110	109	0.755453
110	117	0.791956
110	128	0.781912
110	137	0.768805
110	141	1.7489
110	145	2.14733
110	156	0.638095
110	159	0.790552
110	160	0.808635
110	162	0.643112
110	163	1.70768
110	164	0.789574
110	167	2.03281
110	170	0.802345
110	171	0.808069
110	174	0.646644
110	176	0.801159
111	44	0.636976
111	74	0.461092
111	77	0.636496
111	125	0.631328
111	128	0.625245
111	140	0.641548
111	147	0.498595
111	148	0.490089
111	151	0.629332
111	157	0.627877
111	160	0.651968
111	161	0.482738
111	164	0.632907
111	165	0.658099
111	166	0.48556
111	167	0.634892
111	171	0.651402
111	172	0.650385
111	175	0.647718
111	177	0.6502
111	178	0.484635
111	179	0.657144
111	180	0.645841
112	3	0.831885
112	16	0.66947
112	64	1.63377
112	86	0.779926
112	87	0.792922
112	98	0.774255
112	115	0.76921
112	120	0.799984
112	127	0.637431
112	129	0.756878
112	136	2.12601
112	138	2.21793
112	139	0.786613
112	142	1.97993
112	146	0.788556
112	152	0.650208
112	157	0.784038
112	165	0.814261
112	167	0.791053
112	168	0.795787
112	174	0.646139
112	177	0.806362
112	178	0.640797
112	179	1.75219
113	1	0.830931
113	4	0.648713
113	13	4.68155
113	45	0.730486
113	61	0.775658
113	80	0.731275
113	82	0.730487
113	83	0.858489
113	94	1.07987
113	98	0.769105
113	119	0.770386
113	120	0.794833
113	129	0.751728
113	139	0.781463
113	143	1.91596
113	146	0.783405
113	153	0.769783
113	157	0.778888
113	158	0.646607
113	159	1.53116
113	162	0.637456
113	167	0.785903
113	168	0.790637
113	177	0.801211
113	178	0.635646
114	11	0.61867
114	36	0.517314
114	46	0.636597
114	60	0.490502
114	70	0.618433
114	82	0.594127
114	84	0.647958
114	127	0.49592
114	132	0.640473
114	135	0.63897
114	145	0.649139
114	155	0.655354
114	156	0.496079
114	162	0.501096
114	165	0.67275
114	166	0.500211
114	169	0.656233
114	171	0.666053
114	172	0.665036
114	174	0.504628
114	175	0.662368
114	177	0.664851
114	178	0.499286
114	179	0.671795
114	180	0.660492
115	3	0.807843
115	6	1.62353
115	7	0.775988
115	35	0.708577
115	51	0.763695
115	56	0.758376
115	61	0.756767
115	98	0.750214
115	102	2.21148
115	104	0.725955
115	109	2.38723
115	112	0.76921
115	119	0.751495
115	122	0.770153
115	123	0.784176
115	135	2.06843
115	146	0.764514
115	153	0.750892
115	162	0.618565
115	165	0.79022
115	167	0.767012
115	168	0.771746
115	172	1.78017
115	177	0.782321
115	178	0.616755
116	1	1.52366
116	59	0.741618
116	67	0.732344
116	71	0.770323
116	72	0.783523
116	76	0.710774
116	94	0.741694
116	109	2.41234
116	119	1.87136
116	138	0.747036
116	141	0.783843
116	142	0.747948
116	144	0.78384
116	147	0.640312
116	151	0.771049
116	152	0.635765
116	163	0.788044
116	169	0.7833
116	170	2.25939
116	171	1.87952
116	172	0.792103
116	174	0.631695
116	175	0.789435
116	179	0.798862
116	180	0.787559
117	8	0.727493
117	21	0.818285
117	22	0.721122
117	41	0.763578
117	71	2.06528
117	74	0.615453
117	78	0.686441
117	79	0.746555
117	88	0.775068
117	90	0.761886
117	106	0.720731
117	107	1.92549
117	110	0.791956
117	125	1.93885
117	131	0.783702
117	137	0.766499
117	147	0.652955
117	153	2.17646
117	154	0.797499
117	160	0.806328
117	164	0.787267
117	170	0.800039
117	171	0.805763
117	177	2.03594
117	178	0.638996
118	10	0.796116
118	18	1.82829
118	28	0.650247
118	40	0.693246
118	48	0.691863
118	66	0.692678
118	72	0.789975
118	73	2.43329
118	94	0.748146
118	100	0.730622
118	105	0.729535
118	121	1.4355
118	125	0.779498
118	126	0.788032
118	143	0.755552
118	149	0.791662
118	159	2.47241
118	168	1.84788
118	169	0.789752
118	172	0.798555
118	173	0.792932
118	174	0.638147
118	175	0.795887
118	179	0.805314
118	180	0.794011
119	9	0.707155
119	60	0.614297
119	80	0.718711
119	84	1.9165
119	86	0.762211
119	91	0.764782
119	96	0.724596
119	98	0.756541
119	103	2.16206
119	113	0.770386
119	115	0.751495
119	116	1.87136
119	120	0.782269
119	129	0.739163
119	132	0.764269
119	134	0.774738
119	139	0.768898
119	155	1.98691
119	157	0.766323
119	159	2.47753
119	165	0.796546
119	166	0.624007
119	167	0.773339
119	168	0.778072
119	174	0.628424
119	177	0.788647
120	2	1.28483
120	33	2.57309
120	51	0.794468
120	70	0.766676
120	80	0.743157
120	87	0.799654
120	99	0.803781
120	112	0.799984
120	113	0.794833
120	119	0.782269
120	127	0.644163
120	129	0.76361
120	134	0.799185
120	139	0.793345
120	145	1.77518
120	146	0.795288
120	153	0.781665
120	156	0.644322
120	157	0.79077
120	165	0.820993
120	167	0.797786
120	168	0.802519
120	172	1.60128
120	173	1.90666
120	177	0.813094
120	179	1.52679
121	15	2.4607
121	34	0.653044
121	58	0.7845
121	62	0.813832
121	73	0.792292
121	74	0.648339
121	77	0.823744
121	84	0.820554
121	88	0.807955
121	105	1.89447
121	118	1.4355
121	130	1.37638
121	131	0.816589
121	133	0.824225
121	136	1.67387
121	137	0.799385
121	148	0.677336
121	152	0.681294
121	154	0.830386
121	156	0.668676
121	159	0.821133
121	160	0.839215
121	166	0.672808
121	171	0.83865
121	176	0.83174
121	180	1.61031
122	7	0.800972
122	35	0.733561
122	36	0.659768
122	81	0.751277
122	98	0.775198
122	104	0.750939
122	115	0.770153
122	126	1.93539
122	134	0.793395
122	139	0.787556
122	146	0.789498
122	148	0.647193
122	149	2.15807
122	151	2.12398
122	153	0.775876
122	156	0.638532
122	158	0.6527
122	161	0.639843
122	162	0.643549
122	165	0.815204
122	166	0.642665
122	167	0.791996
122	168	0.79673
122	169	2.01465
122	177	0.807305
122	178	0.64174
122	180	2.57549
123	9	0.739835
123	16	0.684435
123	25	2.46764
123	30	0.843709
123	37	0.837015
123	44	0.808103
123	54	1.80857
123	56	0.797383
123	59	1.65456
123	70	0.774909
123	80	0.751391
123	82	0.750603
123	85	0.764928
123	87	0.807887
123	94	1.61314
123	96	0.757276
123	98	0.789221
123	104	0.764961
123	115	0.784176
123	150	0.656162
123	157	0.799004
123	165	0.829226
123	167	0.806019
123	173	1.72023
123	177	0.821327
123	178	0.655762
123	180	1.65063
124	11	0.768225
124	14	0.844498
124	33	0.719335
124	49	0.712376
124	52	1.72842
124	58	0.761459
124	65	0.646838
124	69	0.749367
124	77	0.800703
124	79	0.7564
124	92	0.767679
124	98	1.61518
124	102	0.793221
124	108	0.770381
124	128	0.789451
124	130	1.8376
124	131	0.793548
124	133	0.801184
124	134	2.05533
124	159	0.798091
124	164	0.797113
124	170	0.809884
124	171	0.815608
124	175	1.73746
124	176	0.808699
124	177	1.816
124	178	0.648841
125	5	2.48514
125	32	0.769139
125	38	0.76154
125	56	1.87612
125	66	0.694908
125	68	0.755407
125	94	0.750377
125	97	0.780497
125	103	0.774767
125	111	0.631328
125	117	1.93885
125	118	0.779498
125	126	0.790262
125	130	0.775604
125	139	1.07865
125	140	0.791947
125	151	0.779732
125	155	0.791103
125	163	0.796726
125	169	0.791982
125	172	0.800785
125	173	0.795163
125	175	0.798117
125	176	1.761
125	177	1.62528
125	179	0.807544
125	180	0.796241
126	9	1.86265
126	100	0.741386
126	102	1.78886
126	105	0.740299
126	107	0.788348
126	118	0.788032
126	122	1.93539
126	125	0.790262
126	127	0.640203
126	129	2.16811
126	136	0.774512
126	138	0.764252
126	143	0.766316
126	144	0.801056
126	145	0.793422
126	149	0.802427
126	152	0.652981
126	154	1.19998
126	155	0.799637
126	163	0.80526
126	169	0.800516
126	170	1.81167
126	172	0.809319
126	175	0.806651
126	178	0.643569
126	179	0.816078
126	180	0.804775
127	33	0.555469
127	65	0.482973
127	68	0.605348
127	82	0.579817
127	90	0.607866
127	112	0.637431
127	114	0.49592
127	120	0.644163
127	126	0.640203
127	132	0.626163
127	133	0.637318
127	135	0.62466
127	153	0.619112
127	161	0.483079
127	163	0.646667
127	165	0.65844
127	168	0.639966
127	169	0.641923
127	170	0.646019
127	173	0.645103
127	174	0.490318
127	176	0.644833
127	177	0.650541
127	178	0.484976
127	179	0.657485
127	180	0.646182
128	22	0.711077
128	25	0.737679
128	26	0.725494
128	62	0.7709
128	77	0.780813
128	88	0.765023
128	91	2.32929
128	109	0.743102
128	110	0.781912
128	111	0.625245
128	124	0.789451
128	131	0.773658
128	135	0.768635
128	144	2.19633
128	147	0.642911
128	154	0.787455
128	159	0.778202
128	160	0.796284
128	161	0.627054
128	162	0.630761
128	163	1.98758
128	166	0.629876
128	170	0.789995
128	171	0.795719
128	174	0.634294
128	177	2.23358
128	178	0.628951
128	180	2.48911
129	7	0.763656
129	30	0.79237
129	45	0.699264
129	63	0.595025
129	67	2.0901
129	70	0.723571
129	91	0.746123
129	98	0.737882
129	104	0.713623
129	112	0.756878
129	113	0.751728
129	119	0.739163
129	120	0.76361
129	126	2.16811
129	130	2.57428
129	134	0.756079
129	139	0.75024
129	146	0.752182
129	148	0.609877
129	150	0.604823
129	151	2.35669
129	152	0.613835
129	153	0.73856
129	158	0.615384
129	165	0.777887
129	167	0.75468
129	168	0.759414
129	177	0.769989
129	179	2.49794
130	27	0.786926
130	29	0.783059
130	37	1.99906
130	54	0.742373
130	75	0.7381
130	97	0.774373
130	101	0.751265
130	103	0.768643
130	121	1.37638
130	124	1.8376
130	125	0.775604
130	129	2.57428
130	131	2.09893
130	136	0.759854
130	145	0.778764
130	148	0.634364
130	149	0.787768
130	151	0.773607
130	155	0.784979
130	163	0.790602
130	169	0.785858
130	172	0.794661
130	173	0.789038
130	174	0.634253
130	175	0.791993
130	177	1.74397
130	178	0.628911
130	179	0.80142
130	180	0.790117
131	21	0.812338
131	23	0.785913
131	32	1.93708
131	43	0.639833
131	49	0.696583
131	50	0.717136
131	78	0.680493
131	84	0.78172
131	95	0.777404
131	107	1.96689
131	117	0.783702
131	121	0.816589
131	124	0.793548
131	128	0.773658
131	130	2.09893
131	135	0.772732
131	137	0.760551
131	141	1.87254
131	154	0.791551
131	156	0.629841
131	159	0.782298
131	160	0.800381
131	163	1.83132
131	164	0.78132
131	170	0.794091
131	171	0.799815
131	172	2.09709
131	176	0.792905
131	178	0.633048
132	3	0.820617
132	5	0.741583
132	18	0.807013
132	35	0.72135
132	36	0.647557
132	45	0.724369
132	52	2.32705
132	85	0.738695
132	89	0.628022
132	91	0.771228
132	94	2.63267
132	104	0.738728
132	114	0.640473
132	119	0.764269
132	127	0.626163
132	139	0.775345
132	146	0.777288
132	149	2.25274
132	150	0.629929
132	152	0.63894
132	153	0.763665
132	156	0.626322
132	157	0.77277
132	163	2.16862
132	165	0.802993
132	168	0.784519
132	175	2.33608
132	177	0.795094
132	178	0.629529
133	3	1.43064
133	10	1.45725
133	33	0.711178
133	44	2.39546
133	46	0.777995
133	64	0.831089
133	69	0.74121
133	78	0.688129
133	84	0.789356
133	90	0.763574
133	92	0.759522
133	109	0.754835
133	121	0.824225
133	124	0.801184
133	127	0.637318
133	135	0.780368
133	137	0.768187
133	140	1.91596
133	145	2.20674
133	154	0.799187
133	158	0.651645
133	160	0.808017
133	164	0.788956
133	166	0.641609
133	170	0.801728
133	171	0.807451
133	174	0.646027
133	176	0.800542
133	180	2.26862
134	9	0.724071
134	45	0.734838
134	51	0.786937
134	61	0.780009
134	70	0.759145
134	80	0.735626
134	81	0.749535
134	99	0.79625
134	100	2.23914
134	104	0.749197
134	119	0.774738
134	120	0.799185
134	122	0.793395
134	124	2.05533
134	129	0.756079
134	139	0.785814
134	140	1.86457
134	151	1.76572
134	153	0.774134
134	157	0.783239
134	158	0.650958
134	162	0.641808
134	165	0.813462
134	167	0.790254
134	168	0.794988
134	174	0.64534
134	175	1.88316
134	177	0.805563
134	179	1.90697
135	14	0.823682
135	36	0.646054
135	38	1.63757
135	39	0.778211
135	41	0.752608
135	42	0.722426
135	55	0.777723
135	64	0.81843
135	68	2.24487
135	78	0.675471
135	92	0.746863
135	108	0.749565
135	114	0.63897
135	115	2.06843
135	127	0.62466
135	128	0.768635
135	131	0.772732
135	133	0.780368
135	137	0.755528
135	142	2.20339
135	150	0.628426
135	154	0.786529
135	159	0.777276
135	160	0.795358
135	164	0.776297
135	170	0.789069
135	171	0.794793
135	173	2.35551
135	175	1.95184
135	176	0.787883
135	178	0.628026
136	13	0.651705
136	15	0.723497
136	31	0.777668
136	48	0.678343
136	51	1.72278
136	59	0.73455
136	67	0.725276
136	71	0.763255
136	75	0.728474
136	94	0.734627
136	100	0.717102
136	101	0.741639
136	112	2.12601
136	121	1.67387
136	126	0.774512
136	130	0.759854
136	138	0.739968
136	141	0.776775
136	142	0.740881
136	151	0.763981
136	155	0.775353
136	160	2.14362
136	161	0.617388
136	163	0.780976
136	164	2.49178
136	169	0.776232
136	170	2.51533
136	173	0.779412
136	175	0.782367
136	178	0.619285
136	179	0.791794
136	180	0.780491
137	2	0.77007
137	4	0.628911
137	23	0.76871
137	33	0.686338
137	46	0.753155
137	49	0.67938
137	70	2.47674
137	76	2.59004
137	77	0.767706
137	79	0.723404
137	92	0.734682
137	101	1.85618
137	106	0.697579
137	108	0.737384
137	109	0.729995
137	110	0.768805
137	117	0.766499
137	121	0.799385
137	131	0.760551
137	133	0.768187
137	135	0.755528
137	151	1.8964
137	152	0.625256
137	154	0.774348
137	160	0.783177
137	162	0.617654
137	164	0.764116
137	170	0.776888
137	171	0.782612
137	172	2.11214
137	176	0.775702
137	177	2.09239
138	19	0.700279
138	23	2.05447
138	54	0.722488
138	68	0.729397
138	72	0.766196
138	86	2.22019
138	89	0.607519
138	94	0.724367
138	101	0.73138
138	104	2.4767
138	105	0.705756
138	107	0.753805
138	112	2.21793
138	116	0.747036
138	126	0.764252
138	136	0.739968
138	140	0.765938
138	142	0.730621
138	143	0.731772
138	144	0.766513
138	151	0.753722
138	155	0.765093
138	161	0.607128
138	163	0.770716
138	165	1.92824
138	169	0.765972
138	171	2.22737
138	172	0.774775
138	173	0.769153
138	174	0.614368
138	175	0.772108
138	179	0.781534
138	180	0.770231
139	5	0.746212
139	9	0.718232
139	39	2.22333
139	48	2.98264
139	49	2.8929
139	51	0.781098
139	61	0.77417
139	65	0.632155
139	71	1.20509
139	80	0.729787
139	82	0.728999
139	85	0.743324
139	86	0.773287
