1	3	0.84313
1	7	0.753285
1	26	0.822392
1	32	0.89188
1	37	0.891709
1	38	0.89181
1	121	0.863311
1	128	0.878587
1	142	0.893218
1	148	2.01624
1	160	2.32855
2	15	0.917494
2	24	0.898887
2	31	0.979844
2	47	0.947085
2	48	0.94604
2	49	0.945197
2	65	5.1
2	114	0.946859
2	118	0.740661
2	143	0.952136
2	157	1.51039
2	177	0.9295
3	1	0.84313
3	4	0.91928
3	7	0.726232
3	26	0.795339
3	32	0.864826
3	37	0.864656
3	38	0.864757
3	117	2.18697
3	121	0.836258
3	128	0.851534
3	135	2.33942
3	142	0.866165
4	3	0.91928
4	7	0.829434
4	26	0.898541
4	32	0.968029
4	37	0.967859
4	38	0.967959
4	121	0.93946
4	128	0.954737
4	130	1.4693
4	135	1.48972
4	142	0.969367
4	156	2.11679
5	6	0.869225
5	10	0.872217
5	12	0.868467
5	17	0.862194
5	19	0.838555
5	36	0.814342
5	40	0.81441
5	43	0.814428
5	115	0.82232
5	123	2.26579
5	130	2.33183
5	145	0.843964
6	5	0.869225
6	10	0.976356
6	12	0.972606
6	17	0.966333
6	36	0.91848
6	40	0.918549
6	43	0.918566
6	57	1.84736
6	115	0.926459
6	133	0.774793
6	144	2.23618
6	145	0.948103
7	1	0.753285
7	3	0.726232
7	4	0.829434
7	26	0.705493
7	32	0.774981
7	37	0.774811
7	38	0.774911
7	76	0.775039
7	121	0.746412
7	128	0.761688
7	133	3.91316
7	142	0.776319
8	20	0.879764
8	30	0.896231
8	41	0.962533
8	45	0.9429
8	46	0.950292
8	50	0.928722
8	54	0.929163
8	128	0.956187
8	138	1.06456
8	146	0.94552
8	162	2.37176
8	166	1.61548
9	13	0.904657
9	21	0.898324
9	23	0.893819
9	28	0.971338
9	35	0.968227
9	39	0.881059
9	44	0.945228
9	149	1.00917
9	163	2.13999
9	167	2.3137
9	171	1.03839
9	180	0.934107
10	5	0.872217
10	6	0.976356
10	17	0.969325
10	19	0.945686
10	36	0.921472
10	40	0.92154
10	43	0.921558
10	56	1.86854
10	115	0.92945
10	145	0.951094
10	174	2.69343
10	177	0.56699
11	12	0.997423
11	17	0.99115
11	19	0.967511
11	36	0.943297
11	40	0.943366
11	43	0.943383
11	57	1.57317
11	115	0.951276
11	130	1.40132
11	145	0.97292
11	154	1.71051
12	5	0.868467
12	6	0.972606
12	11	0.997423
12	19	0.941936
12	36	0.917722
12	40	0.917791
12	43	0.917808
12	80	1.31579
12	97	0.973364
12	115	0.925701
12	116	2.59862
12	145	0.947344
13	9	0.904657
13	21	0.78463
13	23	0.780125
13	27	0.90096
13	33	0.854444
13	35	0.854533
13	39	0.767365
13	44	0.831534
13	119	1.24827
13	149	0.895478
13	173	3.3641
13	180	0.820412
14	18	0.918475
14	20	0.893607
14	25	0.924963
14	30	0.910074
14	45	0.956744
14	50	0.942566
14	54	0.943007
14	69	0.897573
14	128	0.970031
14	137	1.29681
14	146	0.959363
14	162	2.71502
15	2	0.917494
15	24	0.794073
15	31	0.87503
15	47	0.842271
15	48	0.841226
15	49	0.840383
15	83	0.825559
15	114	0.842045
15	143	0.847322
15	152	2.56143
15	165	2.16938
15	177	0.824685
16	21	0.789584
16	23	0.78508
16	27	0.905915
16	28	0.862598
16	33	0.859398
16	35	0.859487
16	39	0.772319
16	44	0.836489
16	149	0.900433
16	152	2.15313
16	171	2.68596
16	180	0.825367
17	5	0.862194
17	6	0.966333
17	10	0.969325
17	11	0.99115
17	19	0.935663
17	36	0.911449
17	40	0.911518
17	43	0.911535
17	79	0.736968
17	145	0.941072
17	163	1.90936
17	168	2.8016
18	14	0.918475
18	25	0.790367
18	29	0.979663
18	30	0.775478
18	45	0.822148
18	46	0.82954
18	50	0.80797
18	54	0.808411
18	124	2.47357
18	128	0.835435
18	133	1.82659
18	146	0.824767
19	5	0.838555
19	10	0.945686
19	11	0.967511
19	12	0.941936
19	17	0.935663
19	36	0.88781
19	40	0.887879
19	43	0.887896
19	115	0.895789
19	139	1.5829
19	145	0.917433
19	153	1.60985
19	157	2.23828
20	8	0.879764
20	14	0.893607
20	25	0.765499
20	29	0.954795
20	41	0.816913
20	45	0.79728
20	46	0.804672
20	50	0.783102
20	54	0.783543
20	123	1.86352
20	128	0.810567
20	146	0.7999
20	179	3.05868
21	9	0.898324
21	13	0.78463
21	16	0.789584
21	23	0.773792
21	28	0.851311
21	33	0.848111
21	35	0.8482
21	39	0.761032
21	44	0.825201
21	66	2.26707
21	119	2.53481
21	149	0.889145
21	180	0.814079
22	58	0.887585
22	85	0.914333
22	114	0.912661
22	120	0.904564
22	122	0.899964
22	125	0.934174
22	126	0.895701
22	127	0.935565
22	132	0.918324
22	145	1.58622
22	147	0.890959
22	155	1.65569
22	177	2.06985
23	9	0.893819
23	13	0.780125
23	16	0.78508
23	21	0.773792
23	27	0.890122
23	33	0.843606
23	35	0.843695
23	39	0.756527
23	44	0.820697
23	148	1.72673
23	149	0.884641
23	175	3.22356
23	180	0.809575
24	2	0.898887
24	15	0.794073
24	47	0.823664
24	48	0.822619
24	49	0.821776
24	76	0.844579
24	82	0.849455
24	83	0.806951
24	113	2.14409
24	114	0.823438
24	140	2.72712
24	143	0.828715
24	177	0.806078
25	14	0.924963
25	18	0.790367
25	20	0.765499
25	30	0.781966
25	41	0.848269
25	45	0.828636
25	46	0.836028
25	50	0.814458
25	54	0.814899
25	107	1.91935
25	128	0.841923
25	146	0.831256
25	172	2.88712
26	1	0.822392
26	3	0.795339
26	4	0.898541
26	7	0.705493
26	32	0.844088
26	37	0.843918
26	38	0.844018
26	76	0.844146
26	121	0.815519
26	128	0.830796
26	142	0.845426
26	158	1.96481
26	178	2.97873
27	13	0.90096
27	16	0.905915
27	23	0.890122
27	28	0.967641
27	33	0.964441
27	39	0.877362
27	44	0.941532
27	149	1.00548
27	153	1.53264
27	161	2.07167
27	164	1.48634
27	180	0.93041
28	9	0.971338
28	16	0.862598
28	21	0.851311
28	27	0.967641
28	33	0.921125
28	35	0.921214
28	39	0.834046
28	44	0.898215
28	117	1.33709
28	149	0.962159
28	158	1.91592
28	169	2.15541
28	180	0.887093
29	18	0.979663
29	20	0.954795
29	41	1.03756
29	45	1.01793
29	46	1.02532
29	50	1.00375
29	54	1.00419
29	115	1.25345
29	128	1.03122
29	133	0.40035
29	134	1.5601
29	146	1.02055
29	157	2.44205
30	8	0.896231
30	14	0.910074
30	18	0.775478
30	25	0.781966
30	41	0.83338
30	45	0.813747
30	46	0.82114
30	50	0.799569
30	54	0.80001
30	128	0.827034
30	146	0.816367
30	155	2.1184
30	169	2.76986
31	2	0.979844
31	15	0.87503
31	47	0.904621
31	48	0.903576
31	49	0.902733
31	76	0.925536
31	82	0.930412
31	114	0.904395
31	124	0.719744
31	143	0.909672
31	162	2.47138
31	177	0.887035
31	179	2.1026
32	1	0.89188
32	3	0.864826
32	4	0.968029
32	7	0.774981
32	26	0.844088
32	37	0.913405
32	38	0.913506
32	53	4.8
32	76	0.913634
32	118	0.934248
32	121	0.885007
32	128	0.900283
32	133	0.636349
32	142	0.914914
33	13	0.854444
33	16	0.859398
33	21	0.848111
33	23	0.843606
33	27	0.964441
33	28	0.921125
33	35	0.918014
33	39	0.830846
33	44	0.895015
33	83	1.57874
33	149	0.958959
33	154	1.62634
33	161	2.36872
33	180	0.883893
34	55	0.79676
34	67	0.840781
34	71	0.826024
34	72	0.82663
34	73	0.826375
34	86	0.820287
34	91	0.810427
34	101	0.844207
34	106	0.838191
34	123	0.812725
34	140	1.55993
34	142	0.832427
34	161	0.762951
34	174	3.74597
35	9	0.968227
35	13	0.854533
35	16	0.859487
35	21	0.8482
35	23	0.843695
35	28	0.921214
35	33	0.918014
35	39	0.830935
35	44	0.895104
35	69	1.49482
35	118	2.45276
35	141	1.81132
35	149	0.959048
35	180	0.883982
36	5	0.814342
36	6	0.91848
36	10	0.921472
36	11	0.943297
36	12	0.917722
36	17	0.911449
36	19	0.88781
36	40	0.863665
36	43	0.863682
36	107	1.64541
36	115	0.871575
36	117	1.83871
36	137	2.05043
36	145	0.893219
37	1	0.891709
37	3	0.864656
37	4	0.967859
37	7	0.774811
37	26	0.843918
37	32	0.913405
37	38	0.913336
37	76	0.913464
37	121	0.884837
37	128	0.900113
37	142	0.914744
37	152	1.89146
37	156	1.58472
37	178	2.39795
38	1	0.89181
38	3	0.864757
38	4	0.967959
38	7	0.774911
38	26	0.844018
38	32	0.913506
38	37	0.913336
38	76	0.913564
38	87	1.84482
38	100	2.32581
38	121	0.884937
38	128	0.900213
38	142	0.914844
38	177	1.58976
39	9	0.881059
39	13	0.767365
39	16	0.772319
39	21	0.761032
39	23	0.756527
39	27	0.877362
39	28	0.834046
39	33	0.830846
39	35	0.830935
39	44	0.807936
39	82	1.95687
39	149	0.87188
39	165	3.15148
39	180	0.796814
40	5	0.81441
40	6	0.918549
40	10	0.92154
40	11	0.943366
40	12	0.917791
40	17	0.911518
40	19	0.887879
40	36	0.863665
40	43	0.863751
40	79	2.0709
40	115	0.871644
40	123	0.58859
40	145	0.893288
40	173	3.21714
41	8	0.962533
41	20	0.816913
41	25	0.848269
41	29	1.03756
41	30	0.83338
41	45	0.88005
41	46	0.887442
41	50	0.865871
41	54	0.866313
41	128	0.893336
41	137	1.71432
41	138	1.82531
41	146	0.882669
41	158	2.08142
42	60	0.795992
42	84	0.823441
42	85	0.818434
42	89	0.827278
42	92	0.809119
42	94	0.812694
42	96	0.810597
42	103	0.844788
42	125	0.838275
42	126	0.799802
42	127	0.839666
42	132	0.822424
42	150	2.84713
42	177	2.37871
43	5	0.814428
43	6	0.918566
43	10	0.921558
43	11	0.943383
43	12	0.917808
43	17	0.911535
43	19	0.887896
43	36	0.863682
43	40	0.863751
43	102	0.809581
43	108	3.0776
43	115	0.871661
43	145	0.893305
43	167	2.48465
44	9	0.945228
44	13	0.831534
44	16	0.836489
44	21	0.825201
44	23	0.820697
44	27	0.941532
44	28	0.898215
44	33	0.895015
44	35	0.895104
44	39	0.807936
44	149	0.93605
44	157	2.28114
44	166	1.88177
44	169	1.82645
44	180	0.860984
45	8	0.9429
45	14	0.956744
45	18	0.822148
45	20	0.79728
45	25	0.828636
45	29	1.01793
45	30	0.813747
45	41	0.88005
45	46	0.867809
45	50	0.846239
45	54	0.84668
45	66	1.75699
45	113	1.38442
45	146	0.863037
45	179	2.70716
46	8	0.950292
46	18	0.82954
46	20	0.804672
46	25	0.836028
46	29	1.02532
46	30	0.82114
46	41	0.887442
46	45	0.867809
46	50	0.853631
46	54	0.854072
46	63	5.4
46	113	0.935207
46	128	0.881096
46	146	0.870429
46	154	0.859264
47	2	0.947085
47	15	0.842271
47	24	0.823664
47	31	0.904621
47	48	0.870817
47	49	0.869974
47	76	0.892777
47	82	0.897653
47	83	0.85515
47	108	4.1224
47	114	0.871636
47	117	0.635048
47	143	0.876913
47	144	1.32774
47	177	0.854276
48	2	0.94604
48	15	0.841226
48	24	0.822619
48	31	0.903576
48	47	0.870817
48	49	0.868929
48	76	0.891732
48	80	0.719613
48	82	0.896608
48	83	0.854105
48	114	0.870591
48	143	0.875868
48	163	3.41101
48	177	0.853231
48	179	1.95147
49	2	0.945197
49	15	0.840383
49	24	0.821776
49	31	0.902733
49	47	0.869974
49	48	0.868929
49	76	0.890889
49	82	0.895765
49	83	0.853262
49	114	0.869748
49	130	1.4785
49	143	0.875025
49	161	2.53007
49	164	1.94474
49	177	0.852388
50	8	0.928722
50	14	0.942566
50	18	0.80797
50	20	0.783102
50	25	0.814458
50	29	1.00375
50	30	0.799569
50	41	0.865871
50	45	0.846239
50	46	0.853631
50	54	0.832502
50	128	0.859526
50	141	1.60876
50	146	0.848858
50	151	2.56078
50	153	2.12436
51	74	0.86598
51	88	0.855338
51	90	0.857473
51	93	0.843386
51	98	0.882079
51	110	0.864731
51	111	0.867115
51	112	0.865428
51	131	0.856022
51	138	1.7259
51	143	0.862516
51	147	0.835537
51	149	0.92153
51	152	0.827873
51	153	2.04776
51	159	2.55415
52	70	0.859916
52	74	0.855818
52	77	0.853626
52	81	0.857214
52	90	0.847312
52	95	0.892667
52	104	0.863119
52	110	0.85457
52	111	0.856954
52	112	0.855267
52	123	1.86381
52	130	0.870478
52	137	2.00954
52	143	0.852355
52	149	0.911369
52	180	2.35018
53	32	4.8
53	55	0.755588
53	65	0.68223
53	68	0.802918
53	75	0.720383
53	86	0.779115
53	106	0.797019
53	142	0.791255
53	144	0.753336
53	156	0.765185
53	161	0.721779
53	164	0.757311
53	166	0.743826
53	172	0.726601
53	175	0.686792
53	179	0.721866
54	8	0.929163
54	14	0.943007
54	18	0.808411
54	20	0.783543
54	25	0.814899
54	29	1.00419
54	30	0.80001
54	41	0.866313
54	45	0.84668
54	46	0.854072
54	50	0.832502
54	128	0.859967
54	146	0.8493
54	153	1.62684
54	162	2.61219
54	176	2.10637
55	34	0.79676
55	53	0.755588
55	62	0.82057
55	68	0.892248
55	72	0.874788
55	73	0.874533
55	86	0.868445
55	101	0.892365
55	106	0.88635
55	123	0.860884
55	131	0.856948
55	140	1.55182
55	142	0.880585
55	146	0.855287
55	161	0.811109
55	171	2.64949
55	178	2.62314
56	10	1.86854
56	74	2.7038
56	109	0.770483
56	148	0.817525
56	153	0.841146
56	158	0.834072
56	162	0.784003
56	165	0.814729
56	166	0.812756
56	167	0.763822
56	168	0.744293
56	170	0.788592
56	171	0.787943
56	174	0.748041
56	176	0.79252
56	178	0.77557
56	179	0.790796
57	6	1.84736
57	11	1.57317
57	63	0.801616
57	73	1.15379
57	137	0.903435
57	138	0.899096
57	156	0.891511
57	160	0.85902
57	164	0.883636
57	171	0.845338
57	172	0.852927
57	173	0.807781
57	174	0.805437
57	175	0.813117
57	176	0.849916
57	178	0.832965
57	179	0.848192
58	22	0.887585
58	61	0.827337
58	84	0.853015
58	99	0.880593
58	103	0.874361
58	105	0.819757
58	109	3.35601
58	119	0.825118
58	120	0.838238
58	121	0.838849
58	122	0.833638
58	125	0.867848
58	126	0.829375
58	127	0.869239
58	132	0.851997
58	152	1.53271
58	171	2.06554
59	69	1.56604
59	70	0.852732
59	78	0.845462
59	81	0.85003
59	88	0.837993
59	95	0.885483
59	98	0.864734
59	104	0.855935
59	110	0.847386
59	111	0.84977
59	112	0.848083
59	143	0.845171
59	147	0.818191
59	149	0.904185
59	152	0.810528
59	172	2.52803
59	177	2.33458
60	42	0.795992
60	61	0.831643
60	84	0.85732
60	89	0.861157
60	99	0.884899
60	103	0.878667
60	105	0.824063
60	114	0.85064
60	116	2.88053
60	120	0.842544
60	122	0.837943
60	125	0.872154
60	126	0.833681
60	127	0.873545
60	132	0.856303
60	134	1.95947
60	145	1.66581
61	58	0.827337
61	60	0.831643
61	64	0.885974
61	84	0.859093
61	89	0.86293
61	92	0.844771
61	96	0.846249
61	105	0.825835
61	120	0.844316
61	122	0.839716
61	125	0.873926
61	126	0.835453
61	127	0.875317
61	132	0.858076
61	141	1.65497
61	156	2.3055
61	176	2.6501
62	55	0.82057
62	67	0.864592
62	68	0.8679
62	71	0.849834
62	72	0.85044
62	73	0.850186
62	86	0.844097
62	91	0.834238
62	101	0.868017
62	106	0.862002
62	123	0.836536
62	135	2.02114
62	136	2.14791
62	142	0.856237
62	144	0.818319
62	146	0.830939
62	161	0.786762
62	172	2.64317
63	46	5.4
63	57	0.801616
63	65	0.691263
63	100	0.748816
63	109	0.710586
63	116	0.738947
63	135	0.803405
63	140	0.783429
63	152	0.748501
63	156	0.774218
63	159	0.750364
63	162	0.724106
63	170	0.728695
63	171	0.728046
63	173	0.690489
63	175	0.695825
63	179	0.7309
63	180	0.767093
64	61	0.885974
64	84	0.911651
64	85	0.906644
64	87	1.86678
64	92	0.89733
64	96	0.898807
64	99	0.93923
64	105	0.878394
64	120	0.896875
64	121	0.897486
64	122	0.892274
64	125	0.926485
64	126	0.888012
64	132	0.910634
64	145	1.12809
64	147	0.883269
64	159	2.18167
64	170	2.21068
65	2	5.1
65	53	0.68223
65	63	0.691263
65	107	0.856388
65	137	0.793082
65	156	0.781158
65	157	0.749196
65	163	0.721363
65	164	0.773283
65	168	0.691336
65	169	0.771253
65	170	0.735634
65	171	0.734985
65	172	0.742574
65	174	0.695084
65	178	0.722612
65	179	0.737839
66	21	2.26707
66	45	1.75699
66	87	0.875344
66	109	0.816183
66	142	0.867807
66	152	0.854099
66	158	0.879772
66	160	0.847325
66	165	0.86043
66	166	0.858457
66	167	0.809523
66	170	0.834292
66	172	0.841232
66	174	0.793742
66	175	0.801422
66	176	0.838221
66	178	0.82127
66	179	0.836497
67	34	0.840781
67	62	0.864592
67	68	0.93627
67	71	0.918203
67	73	0.918555
67	91	0.902607
67	101	0.936386
67	106	0.930371
67	123	0.904905
67	130	1.31699
67	131	0.900969
67	142	0.924607
67	144	0.886688
67	146	0.899308
67	151	2.26596
67	156	1.96448
67	161	0.855131
67	165	1.87917
68	53	0.802918
68	55	0.892248
68	62	0.8679
68	67	0.93627
68	71	0.921512
68	72	0.922118
68	82	1.12987
68	86	0.915775
68	91	0.905916
68	101	0.939695
68	106	0.93368
68	107	1.43697
68	142	0.927915
68	144	0.889997
68	146	0.902617
68	155	1.79713
68	161	0.85844
68	170	2.81026
69	14	0.897573
69	35	1.49482
69	59	1.56604
69	71	1.32285
69	116	0.8872
69	139	0.929657
69	141	0.95267
69	148	0.905881
69	159	0.898617
69	160	0.889981
69	162	0.872359
69	167	0.852179
69	168	0.83265
69	170	0.876948
69	171	0.876299
69	172	0.883888
69	176	0.880876
69	178	0.863926
69	179	0.879153
70	52	0.859916
70	59	0.852732
70	74	0.892989
70	78	0.889817
70	81	0.894385
70	90	0.884483
70	95	0.929838
70	98	0.909089
70	104	0.900291
70	110	0.891741
70	111	0.894125
70	130	0.907649
70	141	1.42168
70	143	0.889526
70	147	0.862546
70	152	0.854883
70	161	2.4763
70	177	1.87372
70	180	1.84506
71	34	0.826024
71	62	0.849834
71	67	0.918203
71	68	0.921512
71	69	1.32285
71	72	0.904052
71	73	0.903797
71	86	0.897709
71	91	0.887849
71	97	1.19723
71	101	0.921629
71	106	0.915614
71	123	0.890148
71	131	0.886212
71	144	0.871931
71	146	0.884551
71	160	2.5303
71	161	0.840374
71	180	2.06273
72	34	0.82663
72	55	0.874788
72	62	0.85044
72	68	0.922118
72	71	0.904052
72	73	0.904403
72	79	2.89213
72	86	0.898315
72	91	0.888455
72	97	1.0307
72	101	0.922235
72	106	0.91622
72	107	1.15053
72	123	0.890754
72	131	0.886817
72	142	0.910455
72	144	0.872537
72	161	0.840979
72	179	2.60498
73	34	0.826375
73	55	0.874533
73	57	1.15379
73	62	0.850186
73	67	0.918555
73	71	0.903797
73	72	0.904403
73	86	0.89806
73	91	0.888201
73	101	0.92198
73	106	0.915965
73	131	0.886563
73	142	0.9102
73	144	0.872282
73	146	0.884902
73	148	1.55754
73	161	0.840725
73	178	2.44266
73	179	2.11105
74	51	0.86598
74	52	0.855818
74	56	2.7038
74	70	0.892989
74	77	0.886699
74	81	0.890288
74	88	0.878251
74	93	0.866298
74	95	0.92574
74	98	0.904991
74	104	0.896193
74	110	0.887643
74	111	0.890028
74	112	0.88834
74	130	0.903551
74	143	0.885428
74	158	1.40005
74	165	1.51544
74	169	1.63955
75	53	0.720383
75	90	2.31114
75	118	0.848487
75	120	2.50654
75	140	0.828521
75	152	0.793593
75	156	0.81931
75	159	0.795456
75	163	0.759516
75	164	0.811436
75	167	0.749018
75	169	0.809406
75	171	0.773138
75	172	0.780727
75	173	0.735581
75	174	0.733237
75	176	0.777716
75	178	0.760765
75	179	0.775992
76	7	0.775039
76	24	0.844579
76	26	0.844146
76	31	0.925536
76	32	0.913634
76	37	0.913464
76	38	0.913564
76	47	0.892777
76	48	0.891732
76	49	0.890889
76	121	0.885065
76	128	0.900342
76	129	1.92807
76	133	0.437032
76	142	0.914972
76	143	0.897828
76	161	2.38933
76	177	0.875192
76	178	2.79847
77	52	0.853626
77	74	0.886699
77	81	0.888095
77	88	0.876058
77	90	0.878193
77	93	0.864105
77	95	0.923548
77	98	0.902799
77	100	1.79737
77	104	0.894
77	110	0.885451
77	111	0.887835
77	112	0.886147
77	143	0.883235
77	149	0.94225
77	152	0.848593
77	161	1.6639
77	167	3.3747
77	180	1.03266
78	59	0.845462
78	70	0.889817
78	88	0.875079
78	90	0.877214
78	93	0.863126
78	95	0.922568
78	98	0.901819
78	104	0.893021
78	111	0.886856
78	112	0.885168
78	130	0.900379
78	131	0.875762
78	143	0.882256
78	147	0.855277
78	149	0.941271
78	163	3.24167
78	165	1.21519
78	176	1.64509
78	179	1.78212
79	17	0.736968
79	40	2.0709
79	72	2.89213
79	100	0.838879
79	144	0.852433
79	154	0.897496
79	155	0.877993
79	161	0.820876
79	164	0.856407
79	166	0.842923
79	168	0.77446
79	169	0.854377
79	170	0.818758
79	171	0.818109
79	173	0.780552
79	175	0.785888
79	176	0.822687
79	178	0.805736
79	179	0.820963
80	12	1.31579
80	48	0.719613
80	84	1.38003
80	108	0.85205
80	134	0.938302
80	143	1.37621
80	153	0.930282
80	154	0.956465
80	155	0.936962
80	163	0.863456
80	168	0.833429
80	169	0.913346
80	173	0.839521
80	174	0.837177
80	175	0.844857
80	176	0.881656
80	177	0.909539
80	178	0.864705
80	179	0.879932
81	52	0.857214
81	59	0.85003
81	70	0.894385
81	74	0.890288
81	77	0.888095
81	88	0.879647
81	98	0.906387
81	110	0.889039
81	111	0.891424
81	112	0.889736
81	129	1.84446
81	130	0.904947
81	131	0.88033
81	145	1.21952
81	147	0.859845
81	149	0.945839
81	152	0.852181
81	155	1.28898
81	175	3.32658
82	24	0.849455
82	31	0.930412
82	39	1.95687
82	47	0.897653
82	48	0.896608
82	49	0.895765
82	68	1.12987
82	83	0.880941
82	105	1.22908
82	110	0.726817
82	114	0.897427
82	117	0.935368
82	143	0.902704
82	163	0.833984
82	171	0.847606
82	172	0.855195
82	173	0.810049
82	174	0.807705
82	177	0.880067
82	179	0.85046
83	15	0.825559
83	24	0.806951
83	33	1.57874
83	47	0.85515
83	48	0.854105
83	49	0.853262
83	82	0.880941
83	104	1.72981
83	143	0.860201
83	146	1.45402
83	154	0.884489
83	159	0.82742
83	162	0.801162
83	171	0.805103
83	173	0.767545
83	176	0.80968
83	177	0.837564
83	178	0.79273
83	179	0.807956
84	42	0.823441
84	58	0.853015
84	60	0.85732
84	61	0.859093
84	64	0.911651
84	80	1.38003
84	85	0.879763
84	92	0.870448
84	99	0.912348
84	103	0.906116
84	105	0.851512
84	120	0.869993
84	122	0.865393
84	125	0.899604
84	126	0.861131
84	127	0.900995
84	132	0.883753
84	165	2.04496
84	172	2.12521
84	180	1.90311
85	22	0.914333
85	42	0.818434
85	64	0.906644
85	84	0.879763
85	87	2.28839
85	89	0.8836
85	92	0.865441
85	94	0.869015
85	96	0.866918
85	103	0.901109
85	119	0.851866
85	120	0.864986
85	122	0.860385
85	123	1.51829
85	125	0.894596
85	126	0.856123
85	127	0.895987
85	132	0.878745
85	144	2.14499
85	164	2.05058
86	34	0.820287
86	53	0.779115
86	55	0.868445
86	62	0.844097
86	68	0.915775
86	71	0.897709
86	72	0.898315
86	73	0.89806
86	91	0.882112
86	101	0.915892
86	106	0.909877
86	131	0.880475
86	136	1.36036
86	139	1.69877
86	142	0.904112
86	144	0.866194
86	146	0.878814
86	157	2.35415
86	161	0.834636
86	171	2.70023
87	38	1.84482
87	64	1.86678
87	66	0.875344
87	85	2.28839
87	129	0.873034
87	150	0.819407
87	151	0.820467
87	157	0.82768
87	158	0.859597
87	160	0.82715
87	162	0.809528
87	163	0.799846
87	169	0.849736
87	172	0.821057
87	173	0.775911
87	174	0.773567
87	175	0.781248
87	178	0.801096
87	179	0.816322
87	180	0.852515
88	51	0.855338
88	59	0.837993
88	74	0.878251
88	77	0.876058
88	78	0.875079
88	81	0.879647
88	90	0.869745
88	93	0.855657
88	100	2.47682
88	104	0.885552
88	110	0.877002
88	111	0.879387
88	112	0.877699
88	130	0.89291
88	131	0.868293
88	149	0.933802
88	152	0.840144
88	156	1.93927
88	158	1.73858
88	169	1.97807
89	42	0.827278
89	60	0.861157
89	61	0.86293
89	85	0.8836
89	92	0.874285
89	94	0.87786
89	99	0.916185
89	105	0.855349
89	120	0.87383
89	121	0.874441
89	122	0.86923
89	125	0.903441
89	126	0.864967
89	127	0.904831
89	132	0.88759
89	147	0.860225
89	150	2.22634
89	153	1.82148
89	176	2.30101
89	180	1.72926
90	51	0.857473
90	52	0.847312
90	70	0.884483
90	75	2.31114
90	77	0.878193
90	78	0.877214
90	88	0.869745
90	93	0.857792
90	104	0.887687
90	110	0.879137
90	111	0.881522
90	112	0.879834
90	131	0.870428
90	137	1.28099
90	143	0.876922
90	147	0.849943
90	149	0.935937
90	152	0.842279
90	159	2.22024
90	180	1.62163
91	34	0.810427
91	62	0.834238
91	67	0.902607
91	68	0.905916
91	71	0.887849
91	72	0.888455
91	73	0.888201
91	86	0.882112
91	101	0.906032
91	106	0.900017
91	115	1.60689
91	123	0.874551
91	131	0.870615
91	142	0.894253
91	144	0.856334
91	146	0.868955
91	154	1.9637
91	155	1.68935
91	161	0.824777
91	176	2.64659
92	42	0.809119
92	61	0.844771
92	64	0.89733
92	84	0.870448
92	85	0.865441
92	89	0.874285
92	94	0.859701
92	96	0.857604
92	99	0.898027
92	103	0.891795
92	105	0.83719
92	120	0.855671
92	122	0.851071
92	125	0.885282
92	126	0.846809
92	127	0.886673
92	132	0.869431
92	140	1.71641
92	150	2.24443
92	171	2.81408
92	180	1.74735
93	51	0.843386
93	74	0.866298
93	77	0.864105
93	78	0.863126
93	88	0.855657
93	90	0.857792
93	95	0.903146
93	98	0.882397
93	104	0.873599
93	110	0.865049
93	111	0.867434
93	112	0.865746
93	130	0.880957
93	131	0.85634
93	134	1.6446
93	143	0.862834
93	147	0.835855
93	151	2.33454
93	152	0.828191
93	170	2.43353
93	177	1.83457
94	42	0.812694
94	85	0.869015
94	89	0.87786
94	92	0.859701
94	96	0.861178
94	99	0.901601
94	103	0.895369
94	105	0.840765
94	119	0.846126
94	120	0.859246
94	121	0.859857
94	122	0.854646
94	124	1.63199
94	125	0.888856
94	126	0.850383
94	127	0.890247
94	132	0.873005
94	135	1.90615
94	136	2.03292
94	147	0.845641
94	172	2.52817
95	52	0.892667
95	59	0.885483
95	70	0.929838
95	74	0.92574
95	77	0.923548
95	78	0.922568
95	93	0.903146
95	98	0.94184
95	104	0.933042
95	109	3.54399
95	110	0.924492
95	111	0.926876
95	112	0.925189
95	130	0.9404
95	131	0.915783
95	135	0.786869
95	147	0.895298
95	152	0.887634
95	164	1.2327
95	169	1.45275
95	179	1.89557
96	42	0.810597
96	61	0.846249
96	64	0.898807
96	85	0.866918
96	92	0.857604
96	94	0.861178
96	99	0.899504
96	103	0.893272
96	105	0.838668
96	120	0.857149
96	121	0.85776
96	122	0.852549
96	125	0.886759
96	126	0.848286
96	127	0.88815
96	130	1.00205
96	132	0.870908
96	147	0.843544
96	169	1.68833
96	173	3.56456
96	179	2.13116
97	12	0.973364
97	71	1.19723
97	72	1.0307
97	100	0.908823
97	105	1.41634
97	131	1.05047
97	136	0.947657
97	137	0.94615
97	148	0.917635
97	150	0.893992
97	154	0.96744
97	159	0.910371
97	165	0.91484
97	166	0.912867
97	169	0.924321
97	170	0.888703
97	171	0.888054
97	172	0.895642
97	173	0.850496
97	175	0.855833
97	178	0.875681
97	179	0.890907
98	51	0.882079
98	59	0.864734
98	70	0.909089
98	74	0.904991
98	77	0.902799
98	78	0.901819
98	81	0.906387
98	93	0.882397
98	95	0.94184
98	104	0.912292
98	110	0.903743
98	111	0.906127
98	130	0.919651
98	131	0.895034
98	143	0.901527
98	144	1.5852
98	147	0.874548
98	148	1.60013
98	149	0.960542
98	153	1.53708
98	160	1.91244
98	162	2.52243
99	58	0.880593
99	60	0.884899
99	64	0.93923
99	84	0.912348
99	89	0.916185
99	92	0.898027
99	94	0.901601
99	96	0.899504
99	103	0.933695
99	105	0.879091
99	114	0.905668
99	116	1.72085
99	119	0.884452
99	120	0.897572
99	125	0.927182
99	127	0.928573
99	132	0.911331
99	147	0.883966
99	154	0.849955
99	160	1.42867
99	165	1.10295
99	168	4.02167
100	38	2.32581
100	63	0.748816
100	77	1.79737
100	79	0.838879
100	88	2.47682
100	97	0.908823
100	108	0.767509
100	141	0.868909
100	156	0.83871
100	157	0.806749
100	162	0.788598
100	163	0.778915
100	164	0.830836
100	165	0.819325
100	166	0.817351
100	169	0.828806
100	170	0.793187
100	172	0.800127
100	175	0.760317
100	176	0.797115
100	178	0.780165
100	179	0.795392
101	34	0.844207
101	55	0.892365
101	62	0.868017
101	67	0.936386
101	68	0.939695
101	71	0.921629
101	72	0.922235
101	73	0.92198
101	86	0.915892
101	91	0.906032
101	106	0.933797
101	123	0.908331
101	129	1.39488
101	131	0.904394
101	142	0.928032
101	144	0.890114
101	146	0.902734
101	159	1.82351
101	161	0.858556
101	176	1.79665
101	178	2.26528
101	179	1.93368
102	43	0.809581
102	112	1.65353
102	117	0.907329
102	124	0.883046
102	126	1.69717
102	133	0.927102
102	135	0.894926
102	136	0.87917
102	147	1.39425
102	154	0.898954
102	155	0.87945
102	159	0.841884
102	162	0.815627
102	163	0.805944
102	164	0.857865
102	165	0.846353
102	168	0.775917
102	171	0.819567
102	172	0.827155
102	175	0.787346
102	176	0.824144
102	178	0.807194
102	179	0.82242
103	42	0.844788
103	58	0.874361
103	60	0.878667
103	84	0.906116
103	85	0.901109
103	92	0.891795
103	94	0.895369
103	96	0.893272
103	99	0.933695
103	105	0.872859
103	120	0.89134
103	121	0.891951
103	122	0.886739
103	125	0.92095
103	126	0.882477
103	127	0.922341
103	132	0.905099
103	147	0.877734
103	152	1.76191
103	160	1.69558
103	169	1.49396
103	175	2.88011
103	176	1.79975
104	52	0.863119
104	59	0.855935
104	70	0.900291
104	74	0.896193
104	77	0.894
104	78	0.893021
104	83	1.72981
104	88	0.885552
104	90	0.887687
104	93	0.873599
104	95	0.933042
104	98	0.912292
104	110	0.894944
104	111	0.897329
104	112	0.895641
104	131	0.886236
104	137	1.54791
104	141	1.46517
104	143	0.892729
104	149	0.951744
104	152	0.858086
104	156	2.1157
104	164	1.93446
105	58	0.819757
105	60	0.824063
105	61	0.825835
105	64	0.878394
105	82	1.22908
105	84	0.851512
105	89	0.855349
105	92	0.83719
105	94	0.840765
105	96	0.838668
105	97	1.41634
105	99	0.879091
105	103	0.872859
105	114	0.844832
105	119	0.823616
105	120	0.836735
105	122	0.832135
105	125	0.866346
105	126	0.827873
105	127	0.867737
105	132	0.850495
105	139	2.3471
105	170	2.90947
106	34	0.838191
106	53	0.797019
106	55	0.88635
106	62	0.862002
106	67	0.930371
106	68	0.93368
106	71	0.915614
106	72	0.91622
106	73	0.915965
106	86	0.909877
106	91	0.900017
106	101	0.933797
106	118	1.67469
106	123	0.902315
106	131	0.898379
106	135	1.05671
106	139	1.52189
106	142	0.922017
106	144	0.884098
106	146	0.896719
106	161	0.852541
106	166	1.77791
106	173	3.59881
107	25	1.91935
107	36	1.64541
107	65	0.856388
107	68	1.43697
107	72	1.15053
107	138	0.946929
107	149	0.183988
107	157	0.907382
107	158	0.9393
107	161	0.895938
107	162	0.889231
107	163	0.879549
107	164	0.931469
107	165	0.919958
107	167	0.869051
107	168	0.849522
107	169	0.929439
107	173	0.855614
107	174	0.85327
107	175	0.86095
107	176	0.897749
107	178	0.880798
107	179	0.896025
108	43	3.0776
108	47	4.1224
108	80	0.85205
108	100	0.767509
108	118	0.822088
108	153	0.799943
108	154	0.826126
108	156	0.792912
108	157	0.760951
108	159	0.769057
108	162	0.742799
108	165	0.773526
108	167	0.722619
108	168	0.70309
108	169	0.783007
108	170	0.747389
108	171	0.74674
108	173	0.709182
108	174	0.706838
108	175	0.714519
108	176	0.751317
108	178	0.734367
108	179	0.749593
108	180	0.785786
109	56	0.770483
109	58	3.35601
109	63	0.710586
109	66	0.816183
109	95	3.54399
109	133	0.861843
109	153	0.807512
109	156	0.80048
109	158	0.800437
109	159	0.776626
109	160	0.76799
109	163	0.740686
109	165	0.781095
109	168	0.710659
109	169	0.790576
109	171	0.754308
109	172	0.761897
109	173	0.716751
109	174	0.714407
109	175	0.722087
109	176	0.758886
109	178	0.741935
109	179	0.757162
110	51	0.864731
110	52	0.85457
110	59	0.847386
110	70	0.891741
110	74	0.887643
110	77	0.885451
110	81	0.889039
110	82	0.726817
110	88	0.877002
110	90	0.879137
110	93	0.865049
110	95	0.924492
110	98	0.903743
110	104	0.894944
110	111	0.888779
110	112	0.887091
110	118	1.99764
110	143	0.884179
110	147	0.8572
110	149	0.943194
110	152	0.849537
110	165	1.92143
110	171	2.84631
110	172	2.00168
111	51	0.867115
111	52	0.856954
111	59	0.84977
111	70	0.894125
111	74	0.890028
111	77	0.887835
111	78	0.886856
111	81	0.891424
111	88	0.879387
111	90	0.881522
111	93	0.867434
111	95	0.926876
111	98	0.906127
111	104	0.897329
111	110	0.888779
111	112	0.889476
111	131	0.88007
111	134	1.27328
111	143	0.886564
111	144	1.57492
111	147	0.859585
111	150	1.93167
111	154	1.32344
111	174	3.58969
112	51	0.865428
112	52	0.855267
112	59	0.848083
112	74	0.88834
112	77	0.886147
112	78	0.885168
112	81	0.889736
112	88	0.877699
112	90	0.879834
112	93	0.865746
112	95	0.925189
112	102	1.65353
112	104	0.895641
112	110	0.887091
112	111	0.889476
112	115	1.58659
112	117	1.50218
112	130	0.903
112	143	0.884876
112	147	0.857897
112	149	0.943891
112	152	0.850233
112	154	1.9434
112	166	2.37582
113	24	2.14409
113	45	1.38442
113	46	0.935207
113	130	0.93482
113	137	0.919695
113	138	0.915357
113	142	0.495231
113	143	1.28531
113	148	0.89118
113	151	0.868597
113	153	0.914802
113	154	0.940985
113	160	0.87528
113	165	0.888385
113	167	0.837478
113	169	0.897866
113	172	0.869187
113	174	0.821697
113	175	0.829377
113	176	0.866176
113	177	0.89406
113	178	0.849225
113	179	0.864452
113	180	0.900645
114	2	0.946859
114	15	0.842045
114	22	0.912661
114	24	0.823438
114	31	0.904395
114	47	0.871636
114	48	0.870591
114	49	0.869748
114	60	0.85064
114	82	0.897427
114	99	0.905668
114	105	0.844832
114	120	0.863313
114	122	0.858713
114	126	0.854451
114	127	0.894314
114	132	0.877073
114	139	1.33072
114	143	0.876687
114	147	0.849708
114	151	1.7941
114	152	1.79936
114	159	1.86407
114	174	3.42056
114	177	0.85405
115	5	0.82232
115	6	0.926459
115	10	0.92945
115	11	0.951276
115	12	0.925701
115	19	0.895789
115	29	1.25345
115	36	0.871575
115	40	0.871644
115	43	0.871661
115	91	1.60689
115	112	1.58659
115	121	0.745254
115	127	1.23128
115	133	0.933196
115	134	0.886885
115	145	0.901198
115	151	0.83266
115	154	0.905048
115	160	0.839343
115	162	0.821721
115	164	0.863959
115	170	0.82631
115	175	0.79344
115	179	0.828515
116	12	2.59862
116	60	2.88053
116	63	0.738947
116	69	0.8872
116	99	1.72085
116	130	0.85589
116	136	0.842272
116	150	0.788607
116	152	0.803124
116	153	0.835872
116	157	0.79688
116	158	0.828798
116	159	0.804986
116	163	0.769046
116	164	0.820966
116	165	0.809455
116	171	0.782669
116	173	0.745111
116	174	0.742767
116	175	0.750448
116	176	0.787246
116	178	0.770296
116	179	0.785522
116	180	0.821716
117	3	2.18697
117	28	1.33709
117	36	1.83871
117	47	0.635048
117	82	0.935368
117	102	0.907329
117	112	1.50218
117	118	0.934878
117	140	0.914912
117	148	0.889112
117	150	0.865468
117	152	0.879985
117	157	0.873741
117	163	0.845907
117	164	0.897828
117	167	0.835409
117	169	0.895798
117	172	0.867118
117	173	0.821972
117	174	0.819628
117	175	0.827309
117	176	0.864107
117	177	0.891991
117	178	0.847157
117	179	0.862384
118	2	0.740661
118	32	0.934248
118	35	2.45276
118	75	0.848487
118	106	1.67469
118	108	0.822088
118	110	1.99764
118	117	0.934878
118	130	0.920338
118	136	0.90672
118	138	0.900875
118	145	0.922653
118	153	0.90032
118	160	0.860798
118	162	0.843176
118	163	0.833494
118	165	0.873903
118	166	0.87193
118	168	0.803467
118	169	0.883385
118	170	0.847766
118	171	0.847117
118	173	0.809559
118	176	0.851694
118	178	0.834744
118	179	0.84997
119	13	1.24827
119	21	2.53481
119	58	0.825118
119	85	0.851866
119	94	0.846126
119	99	0.884452
119	105	0.823616
119	122	0.837496
119	125	0.871707
119	126	0.833234
119	132	0.855856
119	135	0.875731
119	142	1.13555
119	143	1.92563
119	147	0.828491
119	150	0.806311
119	157	0.814584
119	163	0.78675
119	165	0.827159
119	166	0.825186
119	170	0.801022
119	172	0.807961
119	173	0.762815
119	176	0.80495
119	178	0.788
119	179	0.803226
120	22	0.904564
120	58	0.838238
120	60	0.842544
120	61	0.844316
120	64	0.896875
120	75	2.50654
120	84	0.869993
120	85	0.864986
120	89	0.87383
120	92	0.855671
120	94	0.859246
120	96	0.857149
120	99	0.897572
120	103	0.89134
120	105	0.836735
120	114	0.863313
120	122	0.850616
120	125	0.884827
120	126	0.846354
120	127	0.886218
120	132	0.868976
120	136	1.54389
120	141	1.39366
120	147	0.841611
120	155	1.43154
120	178	2.85742
121	1	0.863311
121	3	0.836258
121	4	0.93946
121	7	0.746412
121	26	0.815519
121	32	0.885007
121	37	0.884837
121	38	0.884937
121	58	0.838849
121	64	0.897486
121	76	0.885065
121	89	0.874441
121	94	0.859857
121	96	0.85776
121	103	0.891951
121	115	0.745254
121	122	0.851227
121	126	0.846965
121	127	0.886829
121	128	0.871714
121	132	0.869587
121	140	1.18227
121	142	0.886345
121	158	1.23967
121	167	3.55525
121	173	3.35539
122	22	0.899964
122	58	0.833638
122	60	0.837943
122	61	0.839716
122	64	0.892274
122	84	0.865393
122	85	0.860385
122	89	0.86923
122	92	0.851071
122	94	0.854646
122	96	0.852549
122	103	0.886739
122	105	0.832135
122	114	0.858713
122	119	0.837496
122	120	0.850616
122	121	0.851227
122	125	0.880226
122	126	0.841753
122	127	0.881617
122	132	0.864376
122	139	1.71862
122	147	0.837011
122	150	2.15043
122	157	2.374
122	160	2.12092
122	170	2.28098
123	5	2.26579
123	20	1.86352
123	34	0.812725
123	40	0.58859
123	52	1.86381
123	55	0.860884
123	62	0.836536
123	67	0.904905
123	71	0.890148
123	72	0.890754
123	85	1.51829
123	91	0.874551
123	101	0.908331
123	106	0.902315
123	134	0.885532
123	137	0.882405
123	146	0.871253
123	153	0.877512
123	154	0.903695
123	158	0.870438
123	159	0.846626
123	161	0.827075
123	170	0.824958
123	173	0.786751
123	175	0.792088
123	178	0.811936
123	179	0.827162
124	18	2.47357
124	31	0.719744
124	94	1.63199
124	102	0.883046
124	131	1.24189
124	133	0.942782
124	134	0.896471
124	135	0.910606
124	147	1.12119
124	148	0.864829
124	154	0.914634
124	156	0.881419
124	157	0.849458
124	159	0.857565
124	160	0.848929
124	162	0.831307
124	164	0.873545
124	165	0.862034
124	167	0.811127
124	169	0.871515
124	171	0.835247
124	172	0.842836
124	174	0.795346
124	175	0.803026
124	176	0.839825
124	178	0.822874
124	179	0.838101
125	22	0.934174
125	42	0.838275
125	58	0.867848
125	60	0.872154
125	61	0.873926
125	64	0.926485
125	84	0.899604
125	85	0.894596
125	89	0.903441
125	92	0.885282
125	94	0.888856
125	96	0.886759
125	99	0.927182
125	103	0.92095
125	105	0.866346
125	119	0.871707
125	120	0.884827
125	122	0.880226
125	126	0.875964
125	127	0.915828
125	132	0.898586
125	134	1.70652
125	136	1.59468
125	138	1.63818
125	141	1.44445
125	145	1.41286
125	147	0.871222
125	175	3.51993
126	22	0.895701
126	42	0.799802
126	58	0.829375
126	60	0.833681
126	61	0.835453
126	64	0.888012
126	84	0.861131
126	85	0.856123
126	89	0.864967
126	92	0.846809
126	94	0.850383
126	96	0.848286
126	102	1.69717
126	103	0.882477
126	105	0.827873
126	114	0.854451
126	119	0.833234
126	120	0.846354
126	121	0.846965
126	122	0.841753
126	125	0.875964
126	127	0.877355
126	132	0.860113
126	145	1.64322
126	147	0.832748
126	148	2.25345
126	164	2.1441
126	176	2.66993
127	22	0.935565
127	42	0.839666
127	58	0.869239
127	60	0.873545
127	61	0.875317
127	84	0.900995
127	85	0.895987
127	89	0.904831
127	92	0.886673
127	94	0.890247
127	96	0.88815
127	99	0.928573
127	103	0.922341
127	105	0.867737
127	114	0.894314
127	115	1.23128
127	120	0.886218
127	121	0.886829
127	122	0.881617
127	125	0.915828
127	126	0.877355
127	129	1.86921
127	132	0.899977
127	138	1.46959
127	145	1.24427
127	147	0.872612
127	175	3.35133
127	177	1.72789
128	1	0.878587
128	3	0.851534
128	4	0.954737
128	7	0.761688
128	8	0.956187
128	14	0.970031
128	18	0.835435
128	20	0.810567
128	25	0.841923
128	26	0.830796
128	29	1.03122
128	30	0.827034
128	32	0.900283
128	37	0.900113
128	38	0.900213
128	41	0.893336
128	46	0.881096
128	50	0.859526
128	54	0.859967
128	76	0.900342
128	121	0.871714
128	142	0.901622
128	144	1.93097
128	146	0.876323
128	148	1.9459
128	155	1.40514
128	158	1.8171
128	166	2.11191
128	170	2.41826
129	76	1.92807
129	81	1.84446
129	87	0.873034
129	101	1.39488
129	127	1.86921
129	136	0.890937
129	140	0.886716
129	148	0.860915
129	149	1.09963
129	151	0.838332
129	154	0.91072
129	155	0.891217
129	157	0.845545
129	158	0.877462
129	160	0.845015
129	162	0.827393
129	163	0.817711
129	165	0.85812
129	167	0.807213
129	170	0.831983
129	171	0.831334
129	172	0.838922
129	173	0.793776
129	174	0.791432
129	175	0.799113
129	176	0.835911
129	177	0.863795
129	178	0.818961
129	179	0.834187
130	4	1.4693
130	5	2.33183
130	11	1.40132
130	49	1.4785
130	52	0.870478
130	67	1.31699
130	70	0.907649
130	74	0.903551
130	78	0.900379
130	81	0.904947
130	88	0.89291
130	93	0.880957
130	95	0.9404
130	96	1.00205
130	98	0.919651
130	112	0.903
130	113	0.93482
130	116	0.85589
130	118	0.920338
130	147	0.873108
130	152	0.865445
130	162	0.841049
130	167	0.820869
130	168	0.80134
130	173	0.807432
130	175	0.812769
130	176	0.849567
130	177	0.877451
130	178	0.832616
130	179	0.847843
131	51	0.856022
131	55	0.856948
131	67	0.900969
131	71	0.886212
131	72	0.886817
131	73	0.886563
131	78	0.875762
131	81	0.88033
131	86	0.880475
131	88	0.868293
131	90	0.870428
131	91	0.870615
131	93	0.85634
131	95	0.915783
131	97	1.05047
131	98	0.895034
131	101	0.904394
131	104	0.886236
131	106	0.898379
131	111	0.88007
131	124	1.24189
131	144	0.854696
131	146	0.867317
131	147	0.848492
131	151	2.44461
131	152	0.840828
131	158	1.94244
131	160	2.38354
131	161	0.823139
131	164	1.96188
132	22	0.918324
132	42	0.822424
132	58	0.851997
132	60	0.856303
132	61	0.858076
132	64	0.910634
132	84	0.883753
132	85	0.878745
132	89	0.88759
132	92	0.869431
132	94	0.873005
132	96	0.870908
132	99	0.911331
132	103	0.905099
132	105	0.850495
132	114	0.877073
132	119	0.855856
132	120	0.868976
132	121	0.869587
132	122	0.864376
132	125	0.898586
132	126	0.860113
132	127	0.899977
132	147	0.855371
132	154	0.835246
132	156	1.17354
132	159	1.545
132	168	4.00696
132	175	2.59849
132	178	1.98677
133	6	0.774793
133	7	3.91316
133	18	1.82659
133	29	0.40035
133	32	0.636349
133	76	0.437032
133	102	0.927102
133	109	0.861843
133	115	0.933196
133	124	0.942782
133	138	0.933062
133	139	0.932661
133	140	0.934686
133	147	1.17248
133	148	0.908885
133	150	0.885242
133	151	0.886302
133	154	0.95869
133	160	0.892985
133	163	0.865681
133	164	0.917601
133	165	0.90609
133	166	0.904117
133	168	0.835654
133	169	0.915571
133	171	0.879304
133	173	0.841746
133	174	0.839402
133	175	0.847082
133	176	0.883881
133	178	0.86693
133	179	0.882157
134	29	1.5601
134	60	1.95947
134	80	0.938302
134	93	1.6446
134	111	1.27328
134	115	0.886885
134	123	0.885532
134	124	0.896471
134	125	1.70652
134	138	0.88675
134	139	0.886349
134	141	0.909362
134	142	0.947895
134	145	0.908528
134	151	0.83999
134	154	0.912378
134	155	0.892875
134	164	0.871289
134	166	0.857805
134	167	0.808871
134	168	0.789342
134	169	0.86926
134	170	0.833641
134	171	0.832992
134	172	0.84058
134	174	0.79309
134	175	0.800771
134	176	0.837569
134	177	0.865453
134	178	0.820619
134	179	0.835845
134	180	0.872039
135	3	2.33942
135	4	1.48972
135	62	2.02114
135	63	0.803405
135	94	1.90615
135	95	0.786869
135	102	0.894926
135	106	1.05671
135	119	0.875731
135	124	0.910606
135	138	0.900885
135	139	0.900484
135	151	0.854126
135	155	0.90701
135	157	0.861338
135	158	0.893256
135	159	0.869444
135	160	0.860808
135	162	0.843187
135	164	0.885425
135	165	0.873913
135	166	0.87194
135	167	0.823006
135	168	0.803477
135	169	0.883395
135	170	0.847776
135	173	0.809569
135	174	0.807225
135	175	0.814906
135	178	0.834754
135	179	0.84998
135	180	0.886174
136	62	2.14791
136	86	1.36036
136	94	2.03292
136	97	0.947657
136	102	0.87917
136	116	0.842272
136	118	0.90672
136	120	1.54389
136	125	1.59468
136	129	0.890937
136	139	0.884729
136	141	0.907742
136	148	0.860953
136	149	0.656502
136	152	0.851827
136	153	0.884575
136	155	0.891255
136	158	0.8775
136	160	0.845053
136	161	0.834138
136	162	0.827431
136	163	0.817749
136	168	0.787722
136	169	0.867639
136	170	0.832021
136	171	0.831372
136	172	0.83896
136	174	0.79147
136	175	0.799151
136	176	0.835949
136	178	0.818999
136	179	0.834225
136	180	0.870418
137	14	1.29681
137	36	2.05043
137	41	1.71432
137	52	2.00954
137	57	0.903435
137	65	0.793082
137	90	1.28099
137	97	0.94615
137	104	1.54791
137	113	0.919695
137	123	0.882405
137	138	0.883623
137	139	0.883222
137	141	0.906236
137	152	0.85032
137	154	0.909251
