1	3	1.03424
1	21	0.909459
1	36	0.98446
1	47	0.951123
1	61	1.00005
1	74	0.978982
1	77	0.894255
1	85	0.947455
1	110	0.94599
1	135	1.02258
1	157	0.984521
1	174	2.32872
2	17	2.15861
2	68	0.902283
2	132	0.899101
2	144	0.934747
2	164	0.846607
2	165	0.86119
2	168	0.882643
2	170	0.845433
2	172	0.869517
2	175	0.846048
2	176	0.868849
2	180	0.822207
3	1	1.03424
3	20	1.12223
3	47	1.06843
3	54	0.971863
3	61	1.11735
3	77	1.01156
3	85	1.06476
3	103	1.13069
3	152	1.34575
3	153	1.01656
3	157	1.10183
3	172	1.41783
4	44	0.990227
4	78	0.887034
4	102	0.758639
4	139	1.00522
4	164	0.93833
4	165	0.952913
4	166	0.986224
4	169	0.960317
4	170	0.937155
4	172	0.96124
4	175	0.937771
4	180	0.91393
5	19	1.01358
5	38	1.09012
5	41	0.964041
5	56	1.044
5	58	1.12192
5	65	1.11504
5	76	1.08053
5	80	1.01062
5	82	1.06364
5	90	1.04619
5	150	1.76248
5	158	1.14352
6	76	0.25138
6	88	0.651945
6	118	1.04448
6	130	0.140513
6	153	1.09186
6	158	1.0793
6	161	1.07119
6	163	1.09873
6	170	1.05326
6	176	1.07667
6	177	1.03442
6	180	1.03003
7	25	1.01416
7	43	1.05444
7	71	1.10227
7	73	1.01882
7	83	1.15243
7	84	1.08171
7	88	1.06034
7	89	1.06162
7	110	1.06622
7	135	0.834396
7	138	1.11686
7	146	1.80753
8	22	0.986745
8	29	1.13311
8	59	1.06552
8	63	1.05136
8	66	1.04099
8	79	1.08321
8	113	1.12988
8	160	1.1349
8	170	1.58443
8	176	0.789554
8	177	1.59546
8	179	0.965167
9	64	1.03079
9	102	1.08401
9	123	1.07239
9	127	1.09531
9	134	1.04919
9	136	1.05764
9	145	1.051
9	154	0.951038
9	155	1.0837
9	156	1.08678
9	158	1.54059
9	163	1.37012
10	29	0.70729
10	37	0.917709
10	71	0.901797
10	136	0.994106
10	140	1.00455
10	142	1.03526
10	159	0.947576
10	166	0.97274
10	173	0.968306
10	176	0.947088
10	177	0.904837
10	180	0.900446
11	32	1.10673
11	36	1.09763
11	47	1.06429
11	54	0.967725
11	61	1.11321
11	77	1.00742
11	85	1.06062
11	100	1.10902
11	126	0.865612
11	144	1.04444
11	157	1.09769
11	159	1.91477
12	27	0.986589
12	33	0.953629
12	34	0.963001
12	45	0.952979
12	62	0.992014
12	70	0.969563
12	83	1.01012
12	84	0.939402
12	88	0.918032
12	121	0.93966
12	132	1.5958
12	175	1.75243
13	18	1.01825
13	29	1.00611
13	30	0.99351
13	59	0.938519
13	63	0.924356
13	66	0.913982
13	79	0.956202
13	94	1.46327
13	113	1.00287
13	120	1.71461
13	160	1.00789
13	179	0.838164
14	15	1.03373
14	19	1.03381
14	46	1.07752
14	51	1.08145
14	56	1.06423
14	69	1.11983
14	76	1.10076
14	80	1.03085
14	90	1.06642
14	161	0.638721
14	169	0.734019
14	178	3.38282
15	14	1.03373
15	19	0.886603
15	38	0.963147
15	52	0.929009
15	56	0.917027
15	65	0.988068
15	69	0.972627
15	76	0.953556
15	80	0.883646
15	82	0.936666
15	90	0.919216
15	149	1.91217
15	175	1.6738
16	142	1.12148
16	145	0.618091
16	152	0.961851
16	159	0.960278
16	164	0.937549
16	165	0.952132
16	167	0.913478
16	171	0.955103
16	172	0.960458
16	173	0.981008
16	174	0.923901
16	177	0.91754
16	180	0.913148
17	2	2.15861
17	27	0.98983
17	33	0.95687
17	45	0.95622
17	57	0.919121
17	62	0.995255
17	73	0.879756
17	83	1.01336
17	84	0.942643
17	88	0.921273
17	89	0.922556
17	103	0.792541
17	110	0.927155
18	13	1.01825
18	30	1.08676
18	35	1.05979
18	59	1.03177
18	60	1.08501
18	63	1.0176
18	66	1.00723
18	79	1.04945
18	98	0.895413
18	160	1.10114
18	168	1.5421
18	176	1.61406
18	179	0.931411
19	5	1.01358
19	14	1.03381
19	15	0.886603
19	46	0.930402
19	51	0.934332
19	56	0.917112
19	69	0.972712
19	76	0.953641
19	80	0.883731
19	82	0.936751
19	90	0.919301
19	109	1.28188
19	161	2.2223
20	3	1.12223
20	21	0.997453
20	32	1.08156
20	36	1.07245
20	47	1.03912
20	54	0.942552
20	77	0.982249
20	85	1.03545
20	96	0.727765
20	100	1.08384
20	157	1.07252
20	159	1.53479
20	174	1.88664
21	1	0.909459
21	20	0.997453
21	36	0.976987
21	47	0.94365
21	54	0.847085
21	61	0.992574
21	77	0.886782
21	85	0.939982
21	103	1.00591
21	110	0.938517
21	147	1.74492
21	157	0.977048
21	172	1.83917
22	8	0.986745
22	59	0.873261
22	63	0.859098
22	69	2.22464
22	126	0.977353
22	153	0.854059
22	160	0.942636
22	161	0.833389
22	170	0.815455
22	171	0.834185
22	172	0.839539
22	179	0.772906
22	180	0.79223
23	66	0.549073
23	78	0.674217
23	148	1.02137
23	154	1.11429
23	155	0.0702159
23	158	1.03581
23	166	1.05884
23	168	1.04699
23	172	1.03386
23	173	1.05441
23	174	0.997302
23	176	1.03319
23	180	0.98655
24	38	1.0538
24	46	1.02097
24	50	0.730394
24	52	1.01966
24	58	1.08561
24	65	1.07872
24	69	1.06328
24	76	1.04421
24	80	0.974302
24	82	1.02732
24	90	1.00987
24	179	2.52346
24	180	1.15634
25	7	1.01416
25	45	0.952045
25	57	0.914946
25	70	0.968629
25	71	0.959024
25	73	0.875581
25	83	1.00918
25	84	0.938468
25	88	0.917098
25	89	0.918381
25	121	0.938726
25	162	1.32748
25	178	3.41783
26	107	1.79456
26	114	1.58837
26	124	0.956987
26	127	0.977269
26	136	0.939597
26	141	1.01581
26	143	0.945008
26	145	0.932962
26	155	0.965662
26	156	0.968738
26	157	0.977003
26	159	0.893066
26	178	0.810123
27	12	0.986589
27	17	0.98983
27	33	1.06744
27	34	1.07681
27	43	1.02594
27	70	1.08337
27	71	1.07376
27	84	1.05321
27	88	1.03184
27	89	1.03312
27	159	1.15686
27	170	1.8001
27	171	1.25903
28	64	0.932162
28	105	0.97643
28	130	0.940642
28	131	0.951393
28	140	0.96946
28	142	1.00017
28	145	0.95238
28	150	0.883489
28	155	0.98508
28	156	0.988156
28	161	1.78244
28	176	1.80536
28	178	0.829541
29	8	1.13311
29	10	0.70729
29	13	1.00611
29	35	1.04765
29	60	1.07287
29	63	1.00546
29	66	0.99509
29	79	1.03731
29	113	1.08398
29	120	0.894347
29	160	1.089
29	165	1.88471
29	179	0.919272
30	13	0.99351
30	18	1.08676
30	31	1.1995
30	60	1.06028
30	63	0.992867
30	66	0.982494
30	79	1.02471
30	113	1.07138
30	119	1.90438
30	137	1.41293
30	160	1.0764
30	162	0.849502
30	179	0.906675
31	30	1.1995
31	35	1.17254
31	59	1.14451
31	60	1.19775
31	63	1.13034
31	66	1.11997
31	79	1.16219
31	139	0.874123
31	152	1.29191
31	160	1.21388
31	162	0.881494
31	172	1.36399
31	179	1.04415
32	11	1.10673
32	20	1.08156
32	47	1.02776
32	54	0.93119
32	61	1.07668
32	74	1.05561
32	77	0.970887
32	85	1.02409
32	100	1.07248
32	119	1.89803
32	149	1.37359
32	151	0.932547
32	157	1.06115
33	12	0.953629
33	17	0.95687
33	27	1.06744
33	34	1.04385
33	70	1.05041
33	71	1.0408
33	73	0.957362
33	74	1.03775
33	83	1.09096
33	89	1.00016
33	100	1.05624
33	110	1.00476
33	135	1.20703
33	175	1.8945
34	12	0.963001
34	27	1.07681
34	33	1.04385
34	43	1.00235
34	57	1.0061
34	62	1.08223
34	73	0.966734
34	84	1.02962
34	88	1.00825
34	89	1.00953
34	121	1.02988
34	125	1.18263
34	139	1.0524
34	150	2.03476
35	18	1.05979
35	29	1.04765
35	31	1.17254
35	59	0.980066
35	60	1.03331
35	63	0.965903
35	66	0.95553
35	79	0.99775
35	106	0.901912
35	113	1.04442
35	159	1.9503
35	160	1.04944
35	166	1.4259
35	179	0.879712
36	1	0.98446
36	11	1.09763
36	20	1.07245
36	21	0.976987
36	54	0.922086
36	61	1.06757
36	74	1.04651
36	77	0.961783
36	85	1.01498
36	109	0.481311
36	110	1.01352
36	147	1.42563
36	157	1.05205
36	180	2.30171
37	10	0.917709
37	94	0.944997
37	134	2.32382
37	152	0.855942
37	158	0.856504
37	163	0.875942
37	165	0.846222
37	168	0.867674
37	169	0.853626
37	171	0.849194
37	172	0.854549
37	173	0.875099
37	178	0.771426
37	180	0.807239
38	5	1.09012
38	15	0.963147
38	24	1.0538
38	46	1.00694
38	52	1.00564
38	56	0.993656
38	65	1.0647
38	76	1.03018
38	80	0.960275
38	82	1.01329
38	90	0.995844
38	151	1.26422
38	152	1.58524
38	163	1.36037
39	104	0.959616
39	112	1.06905
39	123	1.15553
39	154	1.00547
39	160	0.746125
39	162	0.960406
39	164	0.90213
39	166	0.950024
39	167	0.87806
39	170	0.900955
39	175	0.901571
39	176	0.924372
39	179	0.858406
39	180	0.87773
40	87	1.06488
40	94	0.864389
40	116	1.06576
40	130	1.00526
40	131	1.01601
40	134	1.01519
40	140	1.03408
40	141	1.09985
40	145	1.017
40	150	0.94811
40	155	1.0497
40	156	1.05278
40	169	2.06187
40	178	0.894162
41	5	0.964041
41	139	0.976844
41	140	1.37404
41	153	0.947382
41	161	0.926712
41	163	0.954256
41	164	0.909954
41	166	0.957848
41	169	0.93194
41	173	0.953413
41	175	0.909394
41	176	0.932196
41	177	0.889945
41	180	0.885554
42	95	1.07482
42	130	1.0124
42	132	1.01401
42	134	1.02233
42	136	1.03077
42	149	0.983682
42	150	0.955247
42	154	0.94262
42	155	1.05684
42	156	1.05991
42	157	1.06818
42	171	1.83722
42	175	1.46822
42	178	0.901299
43	7	1.05444
43	27	1.02594
43	34	1.00235
43	45	0.992332
43	62	1.03137
43	70	1.00892
43	71	0.999311
43	73	0.915868
43	83	1.04947
43	84	0.978755
43	89	0.958668
43	118	2.14708
43	121	0.979013
43	163	0.701681
43	170	1.71826
44	4	0.990227
44	58	0.760426
44	124	1.26348
44	135	1.00155
44	137	0.940931
44	152	0.914975
44	158	0.915537
44	161	0.907431
44	163	0.934975
44	165	0.905256
44	173	0.934132
44	175	0.890113
44	176	0.912915
44	177	0.870664
44	180	0.866273
45	12	0.952979
45	17	0.95622
45	25	0.952045
45	43	0.992332
45	57	0.996077
45	70	1.04976
45	71	1.04015
45	73	0.956712
45	83	1.09031
45	88	0.998229
45	89	0.999512
45	106	1.2252
45	120	1.32177
45	121	1.01986
45	153	1.79592
46	14	1.07752
46	19	0.930402
46	24	1.02097
46	38	1.00694
46	51	0.978045
46	58	1.03875
46	65	1.03187
46	68	1.46533
46	69	1.01643
46	76	0.997354
46	80	0.927444
46	82	0.980464
46	90	0.963014
46	150	1.97236
46	162	0.997374
47	1	0.951123
47	3	1.06843
47	11	1.06429
47	20	1.03912
47	21	0.94365
47	32	1.02776
47	54	0.888749
47	77	0.928446
47	85	0.981646
47	92	1.08805
47	100	1.03004
47	103	1.04757
47	114	1.04914
47	152	2.1392
47	157	1.01871
48	90	0.611102
48	138	1.05016
48	142	0.69129
48	154	1.07991
48	156	0.362174
48	163	1.02088
48	167	0.952504
48	168	1.01261
48	172	0.999483
48	173	1.02003
48	174	0.962926
48	175	0.976015
48	176	0.998816
48	177	0.956565
48	180	0.952174
49	51	1.0911
49	52	1.08586
49	58	1.1518
49	82	1.09352
49	90	1.07607
49	101	0.880355
49	102	1.11513
49	105	1.10618
49	106	0.606418
49	127	1.12643
49	145	1.08213
49	156	1.1179
49	168	1.43121
49	174	2.00665
49	178	0.959286
50	24	0.730394
50	59	1.03682
50	60	1.09006
50	79	1.0545
50	89	0.68218
50	131	0.560534
50	160	1.10619
50	162	1.03846
50	167	0.956114
50	168	1.01622
50	173	1.02364
50	174	0.966536
50	179	0.936461
50	180	0.955784
51	14	1.08145
51	19	0.934332
51	46	0.978045
51	49	1.0911
51	52	0.976737
51	56	0.964755
51	65	1.0358
51	69	1.02036
51	76	1.00128
51	80	0.931374
51	82	0.984394
51	90	0.966944
51	97	1.318
51	111	1.35567
51	121	1.46847
52	15	0.929009
52	24	1.01966
52	38	1.00564
52	49	1.08586
52	51	0.976737
52	58	1.03744
52	65	1.03056
52	69	1.01512
52	76	0.996047
52	80	0.926137
52	82	0.979157
52	90	0.961707
52	137	1.65181
52	150	2.06337
52	154	0.85485
53	91	1.30406
53	116	1.03448
53	123	1.00711
53	128	1.61443
53	130	0.973988
53	133	1.00993
53	142	1.03352
53	145	0.985726
53	149	0.94527
53	150	0.916835
53	154	1.69622
53	155	1.01843
53	156	1.0215
53	157	1.02977
53	159	0.94583
53	178	0.862887
54	3	0.971863
54	11	0.967725
54	20	0.942552
54	21	0.847085
54	32	0.93119
54	36	0.922086
54	47	0.888749
54	61	0.937673
54	74	0.916608
54	77	0.83188
54	85	0.885081
54	103	0.951008
54	110	0.883615
54	151	1.00044
54	157	0.922146
54	178	4.10633
55	75	0.48267
55	99	0.885284
55	129	1.03211
55	137	1.00757
55	148	0.967734
55	152	0.981618
55	154	1.06066
55	156	0.550201
55	168	0.993351
55	170	0.956141
55	171	0.97487
55	172	0.980225
55	173	1.00078
55	175	0.956756
55	177	0.937307
55	180	0.932916
56	5	1.044
56	14	1.06423
56	15	0.917027
56	19	0.917112
56	38	0.993656
56	51	0.964755
56	58	1.02546
56	65	1.01858
56	69	1.00314
56	76	0.984065
56	80	0.914155
56	82	0.967175
56	90	0.949725
56	149	1.03917
56	167	2.10254
56	170	1.71086
57	17	0.919121
57	25	0.914946
57	34	1.0061
57	45	0.996077
57	62	1.03511
57	70	1.01266
57	71	1.00306
57	73	0.919613
57	74	1.00001
57	83	1.05322
57	84	0.9825
57	89	0.962413
57	112	0.859975
57	121	0.982758
57	146	2.13543
57	162	1.55771
58	5	1.12192
58	24	1.08561
58	44	0.760426
58	46	1.03875
58	49	1.1518
58	52	1.03744
58	56	1.02546
58	65	1.0965
58	69	1.08106
58	76	1.06199
58	80	0.992077
58	82	1.0451
58	90	1.02765
58	125	0.964507
58	132	0.977082
58	170	2.04378
59	8	1.06552
59	13	0.938519
59	18	1.03177
59	22	0.873261
59	31	1.14451
59	35	0.980066
59	50	1.03682
59	60	1.00528
59	63	0.937875
59	66	0.927502
59	79	0.969722
59	160	1.02141
59	168	1.07866
59	174	1.6541
59	177	1.95653
59	179	0.851683
60	18	1.08501
60	29	1.07287
60	30	1.06028
60	31	1.19775
60	35	1.03331
60	50	1.09006
60	59	1.00528
60	63	0.991122
60	66	0.980748
60	79	1.02297
60	113	1.06964
60	119	1.59759
60	137	1.10613
60	146	1.12043
60	160	1.07466
60	164	1.70152
60	179	0.90493
61	1	1.00005
61	3	1.11735
61	11	1.11321
61	21	0.992574
61	32	1.07668
61	36	1.06757
61	54	0.937673
61	77	0.97737
61	85	1.03057
61	98	0.581153
61	100	1.07896
61	103	1.0965
61	110	1.0291
61	157	1.06764
61	165	1.48998
61	168	1.22784
61	170	2.09468
62	12	0.992014
62	17	0.995255
62	34	1.08223
62	43	1.03137
62	57	1.03511
62	70	1.08879
62	73	0.995747
62	83	1.12935
62	84	1.05863
62	88	1.03726
62	89	1.03855
62	108	0.797788
62	110	1.04315
62	111	0.552567
62	121	1.05889
62	149	1.12761
62	179	3.22862
63	8	1.05136
63	13	0.924356
63	18	1.0176
63	22	0.859098
63	29	1.00546
63	30	0.992867
63	31	1.13034
63	35	0.965903
63	59	0.937875
63	60	0.991122
63	66	0.913339
63	79	0.955559
63	86	1.00021
63	160	1.00725
63	166	1.85439
63	173	1.80277
63	179	0.83752
64	9	1.03079
64	28	0.932162
64	99	0.995482
64	102	0.976812
64	115	0.956985
64	124	0.967835
64	127	0.988116
64	128	1.33134
64	133	0.968011
64	136	0.950444
64	142	0.991603
64	155	0.97651
64	156	0.979586
64	157	0.987851
64	159	0.903914
64	163	1.83221
64	173	1.62953
65	5	1.11504
65	15	0.988068
65	24	1.07872
65	38	1.0647
65	46	1.03187
65	51	1.0358
65	52	1.03056
65	56	1.01858
65	58	1.0965
65	69	1.07418
65	80	0.985195
65	82	1.03822
65	90	1.02077
65	98	1.12018
65	126	0.941299
65	158	1.78759
65	173	1.41444
66	8	1.04099
66	13	0.913982
66	18	1.00723
66	23	0.549073
66	29	0.99509
66	30	0.982494
66	31	1.11997
66	35	0.95553
66	59	0.927502
66	60	0.980748
66	63	0.913339
66	79	0.945186
66	113	0.991857
66	125	1.67432
66	146	2.12919
66	160	0.996877
66	179	0.827147
67	116	0.993512
67	122	0.975489
67	123	0.966142
67	126	0.925482
67	131	0.943772
67	133	0.96896
67	134	0.94295
67	140	0.961838
67	141	1.02761
67	142	0.992552
67	143	0.956804
67	148	2.09964
67	155	0.977459
67	156	0.980535
67	157	0.9888
67	159	0.904863
67	169	1.96897
67	178	0.82192
68	2	0.902283
68	46	1.46533
68	127	1.47175
68	129	0.969247
68	147	0.930133
68	159	0.917181
68	164	0.894452
68	165	0.909035
68	166	0.942345
68	167	0.870381
68	170	0.893277
68	171	0.912006
68	172	0.917361
68	176	0.916694
68	177	0.874443
68	179	0.850728
68	180	0.870052
69	14	1.11983
69	15	0.972627
69	19	0.972712
69	22	2.22464
69	24	1.06328
69	46	1.01643
69	51	1.02036
69	52	1.01512
69	56	1.00314
69	58	1.08106
69	65	1.07418
69	76	1.03966
69	80	0.969755
69	82	1.02277
69	87	0.597501
69	90	1.00532
69	125	1.16414
69	138	0.928339
70	12	0.969563
70	25	0.968629
70	27	1.08337
70	33	1.05041
70	43	1.00892
70	45	1.04976
70	57	1.01266
70	62	1.08879
70	71	1.05674
70	73	0.973296
70	74	1.05369
70	84	1.03618
70	88	1.01481
70	110	1.0207
70	132	1.25995
70	147	1.51277
70	159	1.68341
70	166	1.15901
71	7	1.10227
71	10	0.901797
71	25	0.959024
71	27	1.07376
71	33	1.0408
71	43	0.999311
71	45	1.04015
71	57	1.00306
71	70	1.05674
71	73	0.963691
71	83	1.09729
71	84	1.02658
71	88	1.00521
71	89	1.00649
71	107	1.00831
71	110	1.01109
71	162	1.48178
71	173	1.46465
72	99	1.08057
72	116	1.07766
72	126	1.06369
72	127	1.07321
72	131	1.02792
72	133	1.0531
72	134	1.02709
72	136	1.03554
72	139	1.54658
72	144	1.24251
72	145	1.0289
72	149	0.988446
72	150	0.960011
72	151	1.00897
72	155	1.0616
72	156	1.06468
72	173	1.53683
72	178	0.906063
73	7	1.01882
73	17	0.879756
73	25	0.875581
73	33	0.957362
73	34	0.966734
73	43	0.915868
73	45	0.956712
73	57	0.919613
73	62	0.995747
73	70	0.973296
73	71	0.963691
73	74	0.96064
73	83	1.01385
73	84	0.943135
73	88	0.921765
73	89	0.923048
73	111	1.12566
73	132	1.90335
73	175	2.05998
74	1	0.978982
74	32	1.05561
74	33	1.03775
74	36	1.04651
74	54	0.916608
74	57	1.00001
74	70	1.05369
74	73	0.96064
74	77	0.956305
74	83	1.09424
74	84	1.02353
74	85	1.00951
74	88	1.00216
74	110	1.00804
74	120	0.585612
74	126	0.488268
74	157	1.04657
74	173	0.961408
74	179	3.60998
75	55	0.48267
75	103	0.53882
75	123	1.02151
75	124	1.02415
75	125	1.00693
75	127	1.04443
75	130	0.988385
75	134	0.998315
75	136	1.00676
75	141	1.08298
75	142	1.04792
75	143	1.01217
75	146	0.944547
75	155	1.03282
75	156	1.0359
75	160	1.0635
75	169	1.66645
75	178	0.877284
75	180	2.37756
76	5	1.08053
76	6	0.25138
76	14	1.10076
76	15	0.953556
76	19	0.953641
76	24	1.04421
76	38	1.03018
76	46	0.997354
76	51	1.00128
76	52	0.996047
76	56	0.984065
76	58	1.06199
76	69	1.03966
76	80	0.950684
76	82	1.0037
76	90	0.986254
76	117	1.89498
76	144	1.12519
76	149	1.96708
77	1	0.894255
77	3	1.01156
77	11	1.00742
77	20	0.982249
77	21	0.886782
77	32	0.970887
77	36	0.961783
77	47	0.928446
77	54	0.83188
77	61	0.97737
77	74	0.956305
77	85	0.924778
77	100	0.97317
77	103	0.990705
77	110	0.923312
77	128	1.33461
77	149	2.18037
77	151	1.73933
77	157	0.961843
78	4	0.887034
78	23	0.674217
78	99	1.03928
78	109	1.12054
78	113	1.04597
78	115	1.00078
78	124	1.01163
78	125	0.994417
78	133	1.01181
78	134	0.985801
78	136	0.994244
78	141	1.07046
78	142	1.0354
78	143	0.999655
78	145	0.98761
78	156	1.02339
78	159	0.947714
78	160	1.05099
78	175	1.96868
79	8	1.08321
79	13	0.956202
79	18	1.04945
79	29	1.03731
79	30	1.02471
79	31	1.16219
79	35	0.99775
79	50	1.0545
79	59	0.969722
79	60	1.02297
79	63	0.955559
79	66	0.945186
79	113	1.03408
79	132	1.26383
79	147	1.51664
79	151	1.21779
79	160	1.0391
79	171	1.78946
79	179	0.869367
80	5	1.01062
80	14	1.03085
80	15	0.883646
80	19	0.883731
80	24	0.974302
80	38	0.960275
80	46	0.927444
80	51	0.931374
80	52	0.926137
80	56	0.914155
80	58	0.992077
80	65	0.985195
80	69	0.969755
80	76	0.950684
80	82	0.933794
80	90	0.916344
80	158	1.45665
80	176	1.50788
80	177	2.3138
81	84	0.871752
81	93	0.517904
81	111	1.13118
81	115	0.710269
81	147	1.0277
81	157	0.332168
81	162	1.05029
81	165	1.0066
81	166	1.03991
81	169	1.014
81	170	0.990843
81	171	1.00957
81	173	1.03548
81	174	0.97837
81	175	0.991458
81	176	1.01426
81	177	0.972009
81	179	0.948294
81	180	0.967618
82	5	1.06364
82	15	0.936666
82	19	0.936751
82	24	1.02732
82	38	1.01329
82	46	0.980464
82	49	1.09352
82	51	0.984394
82	52	0.979157
82	56	0.967175
82	58	1.0451
82	65	1.03822
82	69	1.02277
82	76	1.0037
82	80	0.933794
82	90	0.969364
82	112	0.567117
82	150	1.76703
82	159	1.35094
82	167	2.38587
83	7	1.15243
83	12	1.01012
83	17	1.01336
83	25	1.00918
83	33	1.09096
83	43	1.04947
83	45	1.09031
83	57	1.05322
83	62	1.12935
83	71	1.09729
83	73	1.01385
83	74	1.09424
83	88	1.05537
83	89	1.05665
83	100	0.616924
83	121	1.077
83	137	1.72654
83	153	1.24433
83	172	1.64561
83	173	1.14598
84	7	1.08171
84	12	0.939402
84	17	0.942643
84	25	0.938468
84	27	1.05321
84	34	1.02962
84	43	0.978755
84	57	0.9825
84	62	1.05863
84	70	1.03618
84	71	1.02658
84	73	0.943135
84	74	1.02353
84	81	0.871752
84	88	0.984652
84	89	0.985935
84	103	1.2014
84	110	0.990535
84	135	1.38041
84	162	1.77581
85	1	0.947455
85	3	1.06476
85	11	1.06062
85	20	1.03545
85	21	0.939982
85	32	1.02409
85	36	1.01498
85	47	0.981646
85	54	0.885081
85	61	1.03057
85	74	1.00951
85	77	0.924778
85	100	1.02637
85	103	1.04391
85	110	0.976513
85	125	1.2144
85	157	1.01504
85	166	1.12603
85	172	1.57403
85	174	2.00227
86	63	1.00021
86	93	0.602276
86	99	0.696154
86	135	1.08
86	138	1.0427
86	142	0.690187
86	146	0.97617
86	150	0.962855
86	154	1.07246
86	165	0.983703
86	167	0.94505
86	168	1.00516
86	169	0.991106
86	170	0.967945
86	173	1.01258
86	174	0.955472
86	175	0.968561
86	176	0.991362
86	177	0.949111
86	179	0.925396
86	180	0.94472
87	40	1.06488
87	69	0.597501
87	123	0.991739
87	129	1.04157
87	139	1.03367
87	152	0.991078
87	155	0.628828
87	161	0.983534
87	162	1.02505
87	163	1.01108
87	164	0.966776
87	165	0.981359
87	166	1.01467
87	167	0.942706
87	171	0.98433
87	172	0.989685
87	174	0.953128
87	175	0.966216
87	176	0.989018
87	177	0.946767
87	180	0.942376
88	6	0.651945
88	7	1.06034
88	12	0.918032
88	17	0.921273
88	25	0.917098
88	27	1.03184
88	34	1.00825
88	45	0.998229
88	62	1.03726
88	70	1.01481
88	71	1.00521
88	73	0.921765
88	74	1.00216
88	83	1.05537
88	84	0.984652
88	89	0.964565
88	97	1.15728
88	110	0.969165
88	121	0.98491
88	138	1.72426
88	151	1.9266
89	7	1.06162
89	17	0.922556
89	25	0.918381
89	27	1.03312
89	33	1.00016
89	34	1.00953
89	43	0.958668
89	45	0.999512
89	50	0.68218
89	57	0.962413
89	62	1.03855
89	71	1.00649
89	73	0.923048
89	83	1.05665
89	84	0.985935
89	88	0.964565
89	101	1.46936
89	110	0.970448
89	121	0.986193
89	144	1.37347
89	161	2.06925
90	5	1.04619
90	14	1.06642
90	15	0.919216
90	19	0.919301
90	24	1.00987
90	38	0.995844
90	46	0.963014
90	48	0.611102
90	49	1.07607
90	51	0.966944
90	52	0.961707
90	56	0.949725
90	58	1.02765
90	65	1.02077
90	69	1.00532
90	76	0.986254
90	80	0.916344
90	82	0.969364
90	146	2.00742
90	151	1.51909
90	166	1.46419
91	53	1.30406
91	110	0.224361
91	113	0.40037
91	115	0.988647
91	118	0.942093
91	120	1.05614
91	144	1.04018
91	153	0.989473
91	159	0.974774
91	161	0.968803
91	162	1.01032
91	164	0.952044
91	165	0.966627
91	168	0.988079
91	170	0.950869
91	171	0.969599
91	172	0.974954
91	173	0.995504
91	175	0.951485
91	176	0.974286
91	177	0.932035
91	180	0.927644
92	47	1.08805
92	131	0.922528
92	143	0.63386
92	145	0.365748
92	146	0.968953
92	151	1.0046
92	154	1.06524
92	162	1.02018
92	165	0.976486
92	166	1.0098
92	168	0.997939
92	170	0.960729
92	171	0.979458
92	172	0.984813
92	173	1.00536
92	174	0.948255
92	175	0.961344
92	176	0.984145
92	177	0.941894
92	178	0.90169
92	179	0.91818
92	180	0.937503
93	81	0.517904
93	86	0.602276
93	101	1.20641
93	118	3.05292
93	124	0.992954
93	127	1.01324
93	131	0.967943
93	133	0.993131
93	134	0.967121
93	136	0.975564
93	140	0.986009
93	141	1.05178
93	142	1.01672
93	143	0.980975
93	145	0.96893
93	149	0.928473
93	150	0.900039
93	151	0.948998
93	155	1.00163
93	156	1.00471
93	160	1.03231
93	178	0.846091
94	13	1.46327
94	37	0.944997
94	40	0.864389
94	135	1.06301
94	139	1.01902
94	141	0.348454
94	142	0.86561
94	147	0.987815
94	148	0.962552
94	154	1.05547
94	159	0.974863
94	163	0.996436
94	164	0.952134
94	165	0.966716
94	166	1.00003
94	172	0.975043
94	173	0.995593
94	175	0.951574
94	176	0.974375
94	177	0.932125
94	178	0.89192
94	180	0.927733
95	42	1.07482
95	98	0.655233
95	108	0.965925
95	116	1.06346
95	122	1.04544
95	124	1.03873
95	127	1.05902
95	133	1.03891
95	136	1.02134
95	140	1.03179
95	141	1.09756
95	143	1.02675
95	151	0.994778
95	155	1.04741
95	156	1.05049
95	157	1.05875
95	159	0.974814
95	160	1.07809
95	164	1.92412
95	165	1.36275
95	177	1.97848
95	178	0.89187
96	20	0.727765
96	105	0.67348
96	137	1.00806
96	139	1.02469
96	147	0.993483
96	149	0.979971
96	152	0.982104
96	156	0.932625
96	157	0.597613
96	162	1.01608
96	164	0.957802
96	166	1.0057
96	167	0.933731
96	169	0.979788
96	170	0.956627
96	171	0.975356
96	172	0.980711
96	173	1.00126
96	174	0.944154
96	175	0.957242
96	177	0.937793
96	180	0.933402
97	51	1.318
97	88	1.15728
97	109	1.05951
97	116	0.570096
97	119	0.95412
97	124	0.664781
97	139	1.00625
97	147	0.975039
97	153	0.976786
97	158	0.964222
97	161	0.956116
97	162	0.997633
97	163	0.98366
97	164	0.939357
97	166	0.987251
97	168	0.975392
97	169	0.961344
97	172	0.962267
97	173	0.982817
97	176	0.961599
97	177	0.919348
97	178	0.879144
97	180	0.914957
98	18	0.895413
98	61	0.581153
98	65	1.12018
98	95	0.655233
98	106	1.1282
98	126	1.15624
98	140	0.886103
98	158	1.02038
98	161	1.01227
98	162	1.05379
98	163	1.03982
98	165	1.0101
98	167	0.971444
98	168	1.03155
98	169	1.0175
98	172	1.01842
98	173	1.03897
98	174	0.981866
98	175	0.994955
98	176	1.01776
98	177	0.975506
98	178	0.935301
98	180	0.971114
99	55	0.885284
99	64	0.995482
99	72	1.08057
99	78	1.03928
99	86	0.696154
99	103	0.941434
99	115	1.02887
99	123	1.03708
99	130	1.00396
99	131	1.01471
99	133	1.0399
99	134	1.01389
99	140	1.03278
99	142	1.06349
99	143	1.02775
99	144	1.2044
99	145	1.0157
99	150	0.946809
99	155	1.0484
99	156	1.05148
99	157	1.05974
99	169	2.06906
99	178	0.892861
100	11	1.10902
100	20	1.08384
100	32	1.07248
100	33	1.05624
100	47	1.03004
100	61	1.07896
100	77	0.97317
100	83	0.616924
100	85	1.02637
100	108	1.04082
100	110	1.02491
100	127	0.457615
100	143	0.728414
100	155	0.526421
100	157	1.06344
100	163	1.00107
100	166	1.00466
100	169	0.978756
100	170	0.955595
100	172	0.979679
100	174	0.943122
100	175	0.956211
100	177	0.936761
100	180	0.93237
101	49	0.880355
101	89	1.46936
101	93	1.20641
101	118	0.928021
101	122	0.723621
101	126	1.0987
101	128	1.01934
101	144	1.02611
101	148	0.948391
101	152	0.962275
101	158	0.962837
101	161	0.954731
101	164	0.937972
101	165	0.952555
101	167	0.913902
101	168	0.974008
101	170	0.936798
101	171	0.955527
101	172	0.960882
101	173	0.981432
101	175	0.937413
101	177	0.917964
101	179	0.894249
101	180	0.913572
102	4	0.758639
102	9	1.08401
102	49	1.11513
102	64	0.976812
102	112	0.850482
102	122	1.02776
102	127	1.04134
102	130	0.985292
102	133	1.02123
102	136	1.00366
102	140	1.01411
102	142	1.04482
102	143	1.00908
102	144	1.23677
102	145	0.99703
102	149	0.956574
102	150	0.928139
102	151	0.977099
102	155	1.02973
102	156	1.03281
102	158	1.90424
102	160	1.06041
102	175	1.84029
102	178	0.874191
103	3	1.13069
103	17	0.792541
103	21	1.00591
103	47	1.04757
103	54	0.951008
103	61	1.0965
103	75	0.53882
103	77	0.990705
103	84	1.2014
103	85	1.04391
103	99	0.941434
103	110	1.04244
103	142	0.935467
103	152	0.998607
103	157	1.08097
103	158	0.999169
103	165	0.988887
103	167	0.950234
103	169	0.996291
103	171	0.991859
103	172	0.997214
103	174	0.960656
103	177	0.954295
103	180	0.949904
104	39	0.959616
104	118	0.886311
104	131	1.45365
104	135	1.00714
104	138	0.969844
104	140	1.08787
104	141	0.883103
104	148	0.906681
104	150	0.889997
104	154	0.999602
104	163	0.940565
104	164	0.896262
104	165	0.910845
104	167	0.872192
104	169	0.918249
104	171	0.913817
104	172	0.919172
104	173	0.939722
104	174	0.882614
104	176	0.918504
104	177	0.876253
104	178	0.836049
104	179	0.852538
104	180	0.871862
105	28	0.97643
105	49	1.10618
105	96	0.67348
105	117	1.37996
105	122	1.01881
105	123	1.00946
105	124	1.0121
105	127	1.03238
105	130	0.976339
105	133	1.01228
105	140	1.00516
105	141	1.07093
105	142	1.03587
105	143	1.00012
105	145	0.988078
105	146	0.932502
105	148	1.60551
105	151	0.968147
105	155	1.02078
105	156	1.02385
105	159	0.948182
105	160	1.05146
105	169	1.47483
105	171	1.58268
106	35	0.901912
106	45	1.2252
106	49	0.606418
106	98	1.1282
106	116	0.760525
106	117	1.01015
106	120	1.07556
106	129	1.04626
106	136	0.536059
106	147	1.00715
106	153	1.00889
106	158	0.996328
106	163	1.01577
106	164	0.971463
106	165	0.986046
106	166	1.01936
106	167	0.947393
106	168	1.0075
106	170	0.970289
106	173	1.01492
106	174	0.957815
106	176	0.993705
106	177	0.951455
106	178	0.91125
106	180	0.947063
107	26	1.79456
107	71	1.00831
107	125	0.992471
107	135	1.03392
107	138	0.99662
107	140	0.724024
107	147	0.95872
107	153	0.960467
107	158	0.947903
107	159	0.945768
107	160	0.552649
107	161	0.939797
107	162	0.981314
107	163	0.967341
107	165	0.937621
107	168	0.959073
107	169	0.945024
107	170	0.921863
107	171	0.940593
107	172	0.945947
107	174	0.90939
107	175	0.922479
107	176	0.94528
107	177	0.903029
107	180	0.898638
108	62	0.797788
108	95	0.965925
108	100	1.04082
108	114	1.03994
108	117	0.961515
108	118	0.912876
108	119	0.937591
108	152	0.94713
108	153	0.960256
108	154	1.02617
108	157	1.04637
108	158	0.947692
108	160	1.22674
108	161	0.939586
108	164	0.922828
108	166	0.970721
108	167	0.898757
108	169	0.944814
108	171	0.940382
108	172	0.945737
108	173	0.966287
108	174	0.90918
108	176	0.94507
108	177	0.902819
108	180	0.898428
109	19	1.28188
109	36	0.481311
109	78	1.12054
109	97	1.05951
109	113	0.469981
109	137	1.00919
109	138	1.03251
109	142	0.953804
109	148	0.969349
109	152	0.983233
109	153	0.996359
109	154	1.06227
109	161	0.975689
109	162	1.01721
109	163	1.00323
109	165	0.973513
109	166	1.00682
109	167	0.93486
109	170	0.957755
109	171	0.976485
109	172	0.981839
109	173	1.00239
109	174	0.945282
109	175	0.958371
109	176	0.981172
109	180	0.93453
110	1	0.94599
110	7	1.06622
110	17	0.927155
110	21	0.938517
110	33	1.00476
110	36	1.01352
110	54	0.883615
110	61	1.0291
110	62	1.04315
110	70	1.0207
110	71	1.01109
110	74	1.00804
110	77	0.923312
110	84	0.990535
110	85	0.976513
110	88	0.969165
110	89	0.970448
110	91	0.224361
110	100	1.02491
110	103	1.04244
110	121	0.990793
110	128	0.534726
110	154	0.616512
110	157	1.01358
110	159	1.40894
110	178	4.69303
111	51	1.35567
111	62	0.552567
111	73	1.12566
111	81	1.13118
111	137	1.0282
111	142	0.867626
111	148	0.988362
111	150	0.971678
111	152	1.00225
111	153	1.01537
111	157	0.203497
111	162	1.03622
111	163	1.02225
111	165	0.992526
111	167	0.953873
111	169	0.99993
111	170	0.976769
111	171	0.995498
111	172	1.00085
111	173	1.0214
111	174	0.964295
111	175	0.977384
111	176	1.00019
111	179	0.93422
111	180	0.953543
112	39	1.06905
112	57	0.859975
112	82	0.567117
112	102	0.850482
112	114	1.12281
112	124	0.646971
112	126	1.16642
112	128	1.08706
112	138	1.07928
112	143	0.576869
112	152	1.03
112	158	1.03056
112	160	0.328386
112	161	1.02246
112	163	1.05
112	164	1.0057
112	165	1.02028
112	168	1.04173
112	169	1.02768
112	170	1.00452
112	171	1.02325
112	174	0.992049
112	175	1.00514
112	176	1.02794
112	177	0.985688
112	180	0.981297
113	8	1.12988
113	13	1.00287
113	29	1.08398
113	30	1.07138
113	35	1.04442
113	60	1.06964
113	66	0.991857
113	78	1.04597
113	79	1.03408
113	91	0.40037
113	109	0.469981
113	115	1.03556
113	122	1.05312
113	131	1.0214
113	134	1.02058
113	140	1.03947
113	142	1.07018
113	145	1.02239
113	147	1.4143
113	151	1.00246
113	156	1.05816
113	160	1.08577
113	163	1.21161
113	164	2.18486
113	172	1.50855
113	179	0.916038
114	26	1.58837
114	47	1.04914
114	108	1.03994
114	112	1.12281
114	139	1.02277
114	145	0.326838
114	153	0.993313
114	154	1.05922
114	156	0.50111
114	158	0.980749
114	160	0.346468
114	161	0.972643
114	162	1.01416
114	163	1.00019
114	166	1.00378
114	167	0.931814
114	168	0.991919
114	169	0.977871
114	170	0.954709
114	171	0.973439
114	173	0.999344
114	174	0.942236
114	175	0.955325
114	176	0.978126
114	179	0.91216
114	180	0.931484
115	64	0.956985
115	78	1.00078
115	81	0.710269
115	91	0.988647
115	99	1.02887
115	113	1.03556
115	122	1.00793
115	124	1.00123
115	127	1.02151
115	129	1.33519
115	130	0.965464
115	131	0.976216
115	133	1.0014
115	134	0.975394
115	139	1.60696
115	142	1.025
115	143	0.989248
115	145	0.977203
115	149	0.936746
115	155	1.0099
115	156	1.01298
115	157	1.02124
115	159	0.937307
115	160	1.04058
115	161	1.99867
115	178	0.854363
116	40	1.06576
116	53	1.03448
116	67	0.993512
116	72	1.07766
116	95	1.06346
116	97	0.570096
116	106	0.760525
116	124	1.03681
116	125	1.01959
116	130	1.00104
116	131	1.01179
116	132	1.00265
116	134	1.01097
116	139	1.24265
116	140	1.02986
116	141	1.09563
116	142	1.06057
116	143	1.02483
116	145	1.01278
116	151	0.99285
116	155	1.04548
116	156	1.04856
116	157	1.05682
116	171	1.91108
116	173	1.23289
116	175	1.54209
116	178	0.889942
117	76	1.89498
117	105	1.37996
117	106	1.01015
117	108	0.961515
117	127	1.46215
117	129	0.952259
117	132	0.929957
117	146	0.884514
117	148	0.887882
117	152	0.901766
117	153	0.914892
117	158	0.902328
117	162	0.93574
117	163	0.921766
117	164	0.877464
117	166	0.925358
117	167	0.853394
117	168	0.913499
117	169	0.89945
117	170	0.876289
117	171	0.895018
117	174	0.863816
117	176	0.899706
117	177	0.857455
117	179	0.83374
117	180	0.853064
118	6	1.04448
118	43	2.14708
118	91	0.942093
118	93	3.05292
118	101	0.928021
118	104	0.886311
118	108	0.912876
118	138	0.902407
118	147	0.864507
118	148	0.839244
118	158	0.853689
118	162	0.887101
118	163	0.873127
118	164	0.828825
118	165	0.843408
118	166	0.876719
118	167	0.804755
118	168	0.86486
118	169	0.850811
118	171	0.846379
118	173	0.872285
118	174	0.815177
118	175	0.828266
118	177	0.808816
118	179	0.785101
118	180	0.804425
119	30	1.90438
119	32	1.89803
119	60	1.59759
119	97	0.95412
119	108	0.937591
119	124	0.94019
119	131	0.915178
119	136	0.922799
119	140	0.933244
119	141	0.999017
119	142	0.963958
119	155	0.948865
119	156	0.951941
119	157	0.960206
119	160	0.979545
119	164	0.853539
119	167	0.829469
119	168	0.889574
119	169	0.875525
119	170	0.852364
119	171	0.871093
119	175	0.85298
119	176	0.875781
119	177	0.83353
119	178	0.793326
119	179	0.809815
119	180	0.829139
120	13	1.71461
120	29	0.894347
120	45	1.32177
120	74	0.585612
120	91	1.05614
120	106	1.07556
120	125	1.01231
120	135	1.05375
120	145	0.613565
120	147	0.978554
120	153	0.980301
120	154	1.04621
120	158	0.967737
120	161	0.959631
120	162	1.00115
120	163	0.987175
120	164	0.942872
120	166	0.990766
120	167	0.918802
120	171	0.960427
120	172	0.965782
120	174	0.929224
120	175	0.942313
120	176	0.965114
120	177	0.922863
120	178	0.882659
120	179	0.899148
120	180	0.918472
121	12	0.93966
121	25	0.938726
121	34	1.02988
121	43	0.979013
121	45	1.01986
121	51	1.46847
121	57	0.982758
121	62	1.05889
121	83	1.077
121	88	0.98491
121	89	0.986193
121	110	0.990793
121	127	0.474352
121	133	0.655025
121	140	0.668042
121	141	0.46327
121	148	0.933076
121	153	0.960086
121	154	1.026
121	158	0.947522
121	161	0.939416
121	162	0.980933
121	168	0.958693
121	172	0.945567
121	173	0.966117
121	174	0.909009
121	175	0.922098
121	180	0.898257
122	67	0.975489
122	95	1.04544
122	101	0.723621
122	102	1.02776
122	105	1.01881
122	113	1.05312
122	115	1.00793
122	123	1.01614
122	130	0.98302
122	131	0.993772
122	133	1.01896
122	134	0.992949
122	136	1.00139
122	137	1.5026
122	140	1.01184
122	141	1.07761
122	142	1.04255
122	143	1.0068
122	145	0.994758
122	151	0.974827
122	154	0.705644
122	155	1.02746
122	156	1.03053
122	159	0.954862
122	160	1.05814
122	161	1.32352
122	167	2.53299
122	171	1.60024
122	178	0.871919
123	9	1.07239
123	39	1.15553
123	53	1.00711
123	67	0.966142
123	75	1.02151
123	87	0.991739
123	99	1.03708
123	105	1.00946
123	122	1.01614
123	126	0.945252
123	127	1.02972
123	130	0.973673
123	131	0.984425
123	133	1.00961
123	134	0.983603
123	136	0.992046
123	141	1.06826
123	142	1.0332
123	143	0.997457
123	145	0.985412
123	146	0.929835
123	149	0.944955
123	151	0.96548
123	153	1.51674
123	155	1.01811
123	156	1.02119
123	160	1.04879
123	162	1.43552
123	168	1.77082
123	178	0.862572
124	26	0.956987
124	44	1.26348
124	64	0.967835
124	75	1.02415
124	78	1.01163
124	93	0.992954
124	95	1.03873
124	97	0.664781
124	105	1.0121
124	112	0.646971
124	115	1.00123
124	116	1.03681
124	119	0.94019
124	127	1.03236
124	129	1.06557
124	130	0.976314
124	133	1.01225
124	138	1.23176
124	140	1.00513
124	141	1.0709
124	142	1.03585
124	145	0.988053
124	146	0.932477
124	155	1.02075
124	156	1.02383
124	157	1.03209
124	159	0.948156
124	160	1.05143
124	177	2.55787
124	178	0.865213
125	34	1.18263
125	58	0.964507
125	66	1.67432
125	69	1.16414
125	75	1.00693
125	78	0.994417
125	85	1.2144
125	107	0.992471
125	116	1.01959
125	120	1.01231
125	131	0.969848
125	133	0.995036
125	136	0.977469
125	143	0.98288
125	145	0.970835
125	149	0.930379
125	155	1.00353
125	156	1.00661
125	159	0.930939
125	164	0.908209
125	166	0.956103
125	168	0.944244
125	169	0.930195
125	171	0.925764
125	172	0.931118
125	173	0.951669
125	174	0.894561
125	175	0.90765
125	177	0.8882
125	178	0.847996
125	180	0.883809
126	11	0.865612
126	22	0.977353
126	65	0.941299
126	67	0.925482
126	72	1.06369
126	74	0.488268
126	98	1.15624
126	101	1.0987
126	112	1.16642
126	123	0.945252
126	141	0.502453
126	144	1.08764
126	147	1.03518
126	148	1.00992
126	150	0.993234
126	151	1.04219
126	153	1.03693
126	158	1.02436
126	161	1.01626
126	162	1.05778
126	165	1.01408
126	166	1.04739
126	167	0.975429
126	168	1.03553
126	169	1.02149
126	170	0.998324
126	174	0.985851
126	175	0.99894
126	176	1.02174
126	177	0.97949
126	180	0.975099
127	9	1.09531
127	26	0.977269
127	49	1.12643
127	64	0.988116
127	68	1.47175
127	72	1.07321
127	75	1.04443
127	93	1.01324
127	95	1.05902
127	100	0.457615
127	102	1.04134
127	105	1.03238
127	115	1.02151
127	117	1.46215
127	121	0.474352
127	123	1.02972
127	124	1.03236
127	134	1.00653
127	136	1.01497
127	140	1.02541
127	141	1.09119
127	142	1.05613
127	143	1.02038
127	146	0.952758
127	150	0.939443
127	155	1.04103
127	156	1.04411
127	159	0.968438
127	165	1.60124
127	168	1.3391
127	173	0.986675
127	178	0.885495
128	53	1.61443
128	64	1.33134
128	77	1.33461
128	101	1.01934
128	110	0.534726
128	112	1.08706
128	129	0.994937
128	132	0.972636
128	138	0.993724
128	142	1.19456
128	146	0.927192
128	147	0.955824
128	148	0.930561
128	149	0.942312
128	152	0.944445
128	153	0.957571
128	162	0.978419
128	164	0.920143
128	165	0.934726
128	166	0.968036
128	168	0.956178
128	170	0.918968
128	171	0.937697
128	172	0.943052
128	173	0.963602
128	174	0.906495
128	175	0.919583
128	176	0.942385
128	177	0.900134
128	178	0.859929
128	179	0.876419
128	180	0.895743
129	55	1.03211
129	68	0.969247
129	87	1.04157
129	106	1.04626
129	115	1.33519
129	117	0.952259
129	124	1.06557
129	128	0.994937
129	130	1.04663
129	136	0.746416
129	145	0.727352
129	148	0.92399
129	152	0.937874
129	153	0.950999
129	154	1.01691
129	161	0.930329
129	162	0.971847
129	165	0.928154
129	166	0.961465
129	167	0.889501
129	168	0.949606
129	169	0.935557
129	170	0.912396
129	171	0.931125
129	172	0.93648
129	173	0.957031
129	174	0.899923
129	175	0.913012
129	176	0.935813
129	177	0.893562
129	178	0.853358
129	180	0.889171
130	6	0.140513
130	28	0.940642
130	40	1.00526
130	42	1.0124
130	53	0.973988
130	75	0.988385
130	99	1.00396
130	102	0.985292
130	105	0.976339
130	115	0.965464
130	116	1.00104
130	122	0.98302
130	123	0.973673
130	124	0.976314
130	129	1.04663
130	131	0.951303
130	133	0.97649
130	134	0.95048
130	135	0.930366
130	136	0.958924
130	140	0.969369
130	141	1.03514
130	142	1.00008
130	143	0.964335
130	145	0.952289
130	146	0.896713
130	149	0.911833
130	156	0.988065
130	157	0.99633
130	160	1.01567
130	163	1.51132
130	177	2.53894
130	178	0.82945
130	180	2.59009
131	28	0.951393
131	40	1.01601
131	50	0.560534
131	67	0.943772
131	72	1.02792
131	92	0.922528
131	93	0.967943
131	99	1.01471
131	104	1.45365
131	113	1.0214
131	115	0.976216
131	116	1.01179
131	119	0.915178
131	122	0.993772
131	123	0.984425
131	125	0.969848
131	130	0.951303
131	133	0.987242
131	134	0.961232
131	140	0.980121
131	141	1.04589
131	142	1.01083
131	143	0.975086
131	145	0.963041
131	146	0.907465
131	150	0.89415
131	151	0.94311
131	155	0.995741
131	156	0.998817
131	159	0.923145
131	163	1.74882
131	166	1.59776
131	176	1.97053
131	178	0.840202
132	2	0.899101
132	12	1.5958
132	42	1.01401
132	58	0.977082
132	70	1.25995
132	73	1.90335
132	79	1.26383
132	116	1.00265
132	117	0.929957
132	128	0.972636
132	136	0.96053
132	140	0.970975
132	141	1.03675
132	143	0.965941
132	145	0.953895
132	146	0.898319
132	147	0.926951
132	151	0.933964
132	155	0.986595
132	156	0.989671
132	157	0.997936
132	160	1.01728
132	164	0.891269
132	165	0.905852
132	166	0.939163
132	167	0.867199
132	170	0.890095
132	171	0.908824
132	174	0.877621
132	175	0.89071
132	176	0.913511
132	177	0.87126
132	178	0.831056
132	179	0.847546
132	180	0.866869
133	53	1.00993
133	64	0.968011
133	67	0.96896
133	72	1.0531
133	78	1.01181
133	93	0.993131
133	95	1.03891
133	99	1.0399
133	102	1.02123
133	105	1.01228
133	115	1.0014
133	121	0.655025
133	122	1.01896
133	123	1.00961
133	124	1.01225
133	125	0.995036
133	130	0.97649
133	131	0.987242
133	134	0.98642
133	138	1.07153
133	141	1.07108
133	142	1.03602
133	143	1.00027
133	149	0.947773
133	150	0.919338
133	154	0.950943
133	155	1.02093
133	156	1.024
133	157	1.03227
133	159	0.948333
133	167	2.77829
133	172	1.66697
133	173	1.16735
133	176	1.59174
133	178	0.86539
134	9	1.04919
134	37	2.32382
134	40	1.01519
134	42	1.02233
134	67	0.94295
134	72	1.02709
134	75	0.998315
134	78	0.985801
134	93	0.967121
134	99	1.01389
134	113	1.02058
134	115	0.975394
134	116	1.01097
134	122	0.992949
134	123	0.983603
134	127	1.00653
134	130	0.95048
134	131	0.961232
134	133	0.98642
134	135	0.671807
134	136	0.968853
134	140	0.979298
134	141	1.04507
134	142	1.01001
134	143	0.974264
134	146	0.906643
134	148	1.75111
134	152	1.47763
134	155	0.994919
134	156	0.997995
134	157	1.00626
134	159	0.922323
134	160	1.0256
134	162	1.06721
134	163	1.25276
134	165	1.66465
134	178	0.83938
135	1	1.02258
135	7	0.834396
135	33	1.20703
135	44	1.00155
135	84	1.38041
135	86	1.08
135	94	1.06301
135	104	1.00714
135	107	1.03392
135	120	1.05375
135	130	0.930366
135	134	0.671807
135	139	1.01655
135	143	0.879198
135	144	1.0378
135	146	0.956706
135	147	0.985338
135	152	0.973959
135	153	0.987084
135	154	1.053
135	161	0.966414
135	162	1.00793
135	163	0.993958
135	165	0.964239
135	166	0.99755
135	168	0.985691
135	169	0.971642
135	170	0.948481
135	171	0.967211
135	173	0.993116
135	174	0.936008
135	175	0.949097
