1	4	0.864576
1	30	0.914897
1	31	0.915298
1	43	0.895862
1	53	0.878003
1	65	0.941515
1	126	1.31647
1	157	1.20703
1	158	0.939082
1	175	0.98072
1	176	1.16786
1	178	1.07128
2	57	0.822223
2	78	0.870617
2	134	0.949259
2	143	0.851676
2	153	1.08878
2	155	1.03004
2	156	1.04316
2	159	1.06617
2	167	1.05449
2	173	1.04519
2	177	1.00836
2	180	1.06288
3	28	0.961662
3	50	0.920984
3	52	1.67856
3	102	0.942923
3	120	0.954886
3	131	0.922695
3	144	0.908916
3	146	0.929382
3	150	0.943557
3	157	0.94138
3	169	1.08343
3	179	0.896851
4	1	0.864576
4	15	0.860526
4	30	0.914426
4	32	1.20477
4	53	0.877532
4	65	0.941044
4	127	1.20305
4	149	0.953512
4	158	0.938612
4	168	1.26097
4	175	0.980249
4	178	1.07081
5	95	1.01581
5	114	1.03995
5	132	1.03392
5	136	1.07427
5	138	1.06107
5	139	1.05629
5	145	1.05804
5	155	1.04484
5	158	0.857777
5	164	0.924563
5	170	1.06388
5	171	0.883391
6	9	0.797257
6	41	0.906087
6	102	0.849886
6	120	0.861849
6	129	0.852264
6	131	0.829657
6	144	0.815879
6	146	0.836345
6	150	0.85052
6	172	1.7365
6	177	1.92239
6	179	0.803813
7	22	0.944357
7	74	0.95476
7	85	0.935517
7	109	0.937245
7	113	0.924714
7	115	0.931364
7	119	0.90121
7	123	0.919124
7	125	0.952449
7	128	1.29953
7	166	1.20787
7	176	1.17246
8	59	0.960129
8	76	1.03798
8	77	0.896785
8	86	0.978465
8	88	0.980436
8	148	0.868189
8	158	1.12697
8	162	1.10619
8	163	1.15072
8	169	0.917482
8	178	1.06378
9	6	0.797257
9	55	0.97657
9	91	0.940877
9	102	0.966692
9	130	1.24216
9	131	0.946464
9	144	0.932685
9	146	0.953152
9	150	0.967326
9	160	1.24727
9	168	1.19522
9	179	0.92062
10	91	0.922243
10	102	0.948059
10	107	0.954888
10	129	0.950437
10	131	0.92783
10	144	0.914051
10	146	0.934518
10	150	0.948693
10	152	1.22169
10	159	1.23749
10	172	1.2264
10	179	0.901986
11	112	1.32095
11	134	0.924552
11	137	0.912324
11	139	0.933344
11	140	0.930673
11	143	0.956911
11	145	0.9351
11	154	0.928634
11	161	0.93888
11	163	1.28161
11	170	0.940933
11	178	1.08374
12	47	1.09198
12	98	0.985973
12	105	1.07135
12	108	1.04906
12	116	1.03793
12	149	0.911792
12	164	0.961404
12	168	1.04715
12	172	1.02888
12	175	1.09117
12	178	0.720488
12	179	1.12064
13	15	1.05689
13	19	0.832553
13	92	0.853195
13	108	1.05567
13	119	1.02373
13	145	0.754904
13	146	1.0457
13	150	1.05988
13	163	1.06058
13	175	1.09778
13	177	1.00092
13	180	1.05544
14	31	0.967718
14	48	0.773198
14	136	0.851024
14	138	0.895106
14	162	1.06335
14	163	1.0649
14	167	1.05138
14	173	1.04207
14	174	1.05287
14	176	1.0578
14	177	1.00524
14	180	1.05977
15	4	0.860526
15	13	1.05689
15	31	0.911248
15	43	0.891812
15	53	0.873953
15	65	0.937465
15	149	0.949933
15	158	0.935033
15	168	1.30165
15	172	1.29999
15	175	0.97667
15	178	1.06723
16	94	1.06602
16	128	1.02188
16	132	0.993397
16	133	1.01845
16	134	1.00697
16	137	0.994746
16	139	1.01577
16	145	1.01752
16	154	1.01106
16	161	1.0213
16	167	0.976526
16	170	1.02335
16	180	0.93802
17	75	1.10521
17	82	0.909023
17	96	1.04282
17	109	1.0297
17	113	1.01717
17	115	1.02382
17	123	1.01158
17	125	1.0449
17	153	0.941628
17	165	1.0114
17	169	1.01198
17	172	0.968824
17	174	1.01576
18	21	0.95988
18	59	1.01496
18	76	1.09281
18	77	0.951613
18	86	1.03329
18	88	1.03526
18	142	1.07197
18	148	0.923017
18	168	0.923617
18	169	0.972309
18	171	0.908718
18	178	1.11861
18	179	1.10912
19	13	0.832553
19	66	1.01069
19	89	0.91777
19	132	0.992303
19	137	0.993652
19	138	1.01946
19	143	1.03824
19	145	1.01643
19	151	1.12815
19	154	1.00996
19	164	1.10358
19	170	1.02226
19	172	1.00001
20	41	0.920666
20	66	0.997616
20	108	0.92369
20	151	1.01016
20	159	1.02686
20	162	1.02715
20	164	1.02283
20	165	0.938688
20	166	1.02094
20	174	1.01668
20	177	0.969044
20	179	0.981297
20	180	1.02357
21	18	0.95988
21	59	1.01514
21	76	1.09299
21	77	0.9518
21	86	1.03348
21	88	1.03545
21	148	0.923204
21	157	1.0014
21	167	1.04395
21	168	0.963066
21	169	0.972496
21	174	1.00836
21	178	1.11879
22	7	0.944357
22	69	0.984633
22	74	1.04499
22	109	1.02747
22	113	1.01494
22	115	1.02159
22	122	1.10238
22	123	1.00935
22	125	1.04268
22	155	1.00654
22	168	0.859994
22	169	1.00976
22	179	1.0455
23	51	0.8241
23	91	0.938028
23	137	0.994309
23	141	1.01423
23	144	1.03884
23	153	1.04445
23	163	1.02369
23	166	1.01592
23	169	1.00516
23	173	1.00086
23	174	1.01166
23	177	0.96403
23	180	1.01856
24	54	1.13796
24	121	1.02981
24	130	1.01032
24	134	1.00457
24	135	1.02808
24	139	1.01336
24	161	1.01889
24	169	0.954941
24	170	1.02095
24	172	0.998696
24	173	0.969271
24	174	0.95807
24	179	0.976376
25	38	0.906606
25	51	1.20564
25	111	0.934756
25	133	1.32101
25	156	0.897199
25	159	0.920204
25	163	0.922052
25	165	1.29362
25	166	0.914287
25	174	0.910026
25	176	0.914953
25	177	0.862392
25	180	0.916919
26	93	0.993672
26	111	0.976647
26	133	1.01651
26	140	1.01115
26	143	1.03739
26	145	1.01558
26	154	1.00911
26	156	1.07327
26	158	0.964125
26	161	1.01936
26	170	1.02141
26	171	0.989739
26	179	0.976838
27	85	1.01622
27	90	0.988002
27	96	1.03107
27	109	1.01795
27	113	1.00542
27	115	1.01207
27	123	0.999826
27	124	1.04264
27	125	1.03315
27	149	0.9797
27	165	0.999646
27	171	0.988141
27	172	1.00139
28	3	0.961662
28	37	1.00651
28	91	1.01224
28	107	1.04489
28	112	1.0371
28	131	1.01783
28	144	1.00405
28	146	1.02452
28	148	1.16786
28	150	1.03869
28	176	1.01369
28	178	0.799884
28	179	0.991987
29	89	0.946885
29	95	0.947746
29	114	0.971888
29	135	1.00295
29	136	1.00621
29	137	0.967206
29	140	0.985555
29	145	0.989983
29	152	1.10007
29	154	0.983516
29	159	1.11586
29	170	0.995815
29	179	0.951244
29	180	1.1488
30	1	0.914897
30	4	0.914426
30	31	0.965148
30	43	0.945712
30	53	0.927854
30	65	0.991366
30	147	1.1446
30	149	1.00383
30	153	0.95214
30	156	1.04962
30	158	0.988933
30	175	1.03057
30	178	1.12113
30	179	1.16649
31	1	0.915298
31	14	0.967718
31	15	0.911248
31	30	0.965148
31	43	0.946113
31	53	0.928254
31	65	0.991766
31	130	1.13032
31	149	1.00423
31	157	1.12172
31	158	0.989334
31	171	1.06849
31	175	1.03097
31	178	1.12153
32	4	1.20477
32	73	1.10363
32	128	0.954665
32	135	0.898736
32	152	1.00598
32	155	0.961129
32	159	0.997255
32	161	0.919296
32	166	0.991338
32	173	0.976277
32	174	0.987077
32	176	0.992004
32	177	0.939443
32	180	0.99397
33	70	0.749354
33	94	1.00747
33	114	1.08816
33	117	1.08066
33	132	1.08213
33	133	1.10719
33	134	1.09571
33	140	1.10183
33	148	1.0471
33	152	0.830729
33	166	0.871656
33	169	0.879246
33	170	1.11209
33	172	1.08984
34	35	1.07749
34	84	0.991817
34	101	0.898967
34	104	0.975228
34	134	1.06498
34	146	0.952039
34	151	0.989089
34	156	0.982783
34	162	1.00608
34	164	1.00176
34	166	0.999871
34	174	0.99561
34	177	0.947976
34	180	1.0025
35	34	1.07749
35	97	0.998803
35	127	1.01679
35	132	0.961162
35	133	0.986219
35	134	0.974739
35	137	0.962511
35	143	1.0071
35	145	0.985287
35	152	1.06835
35	161	0.989067
35	170	0.99112
35	179	0.946549
35	180	1.11709
36	43	1.09119
36	89	1.05549
36	118	0.927101
36	125	0.91
36	131	1.06279
36	140	1.01427
36	142	0.943463
36	152	1.00704
36	160	0.970394
36	166	0.992389
36	173	0.977328
36	176	0.993055
36	177	0.940494
36	180	0.995021
37	28	1.00651
37	91	0.961959
37	107	0.994603
37	120	0.999737
37	130	1.1009
37	131	0.967545
37	141	1.10519
37	144	0.953767
37	146	0.974233
37	150	0.988408
37	165	0.969994
37	171	0.985966
37	172	1.05231
37	176	1.05312
38	25	0.906606
38	42	1.13162
38	120	0.982088
38	134	1.10312
38	155	0.968571
38	156	0.981692
38	159	1.0047
38	163	1.00655
38	166	0.99878
38	173	0.983719
38	175	0.867394
38	176	0.999446
38	177	0.946885
38	180	1.00141
39	143	1.10855
39	144	1.22118
39	147	0.907799
39	152	0.978407
39	153	0.992285
39	160	0.941766
39	162	0.969972
39	165	1.09441
39	167	0.958002
39	173	0.9487
39	174	0.9595
39	175	0.970402
39	176	0.964427
39	177	0.911866
39	180	0.966393
40	103	1.02993
40	105	1.07555
40	137	1.02672
40	144	1.02282
40	146	1.04329
40	150	1.05746
40	151	0.920326
40	154	1.04303
40	156	0.938119
40	161	1.05327
40	167	0.950372
40	169	0.911645
40	170	1.05533
40	174	0.914774
40	175	1.09536
41	6	0.906087
41	20	0.920666
41	83	1.0596
41	91	1.04971
41	106	1.0938
41	118	1.14327
41	120	1.08749
41	131	1.05529
41	144	1.04152
41	146	1.06198
41	150	1.07616
41	153	0.903605
41	158	1.07242
41	172	0.9308
41	178	0.71781
42	38	1.13162
42	69	0.917858
42	74	0.978215
42	85	0.958971
42	96	0.97382
42	109	0.9607
42	113	0.948168
42	115	0.954819
42	123	0.942579
42	125	0.975903
42	130	0.948055
42	148	1.24402
42	157	1.12903
42	165	0.942399
42	172	1.08904
43	1	0.895862
43	15	0.891812
43	30	0.945712
43	31	0.946113
43	36	1.09119
43	53	0.908818
43	65	0.97233
43	110	0.874421
43	149	0.984798
43	158	0.969898
43	168	1.08473
43	173	1.14122
43	175	1.01153
43	178	1.1021
43	179	1.27023
44	50	0.783814
44	55	1.06408
44	102	1.0542
44	106	1.07248
44	120	1.06616
44	126	1.05187
44	129	1.05658
44	144	1.02019
44	146	1.04066
44	149	1.066
44	150	1.05483
44	159	0.913531
44	167	0.984982
44	172	0.902443
44	179	1.00813
45	47	0.949068
45	107	1.07859
45	112	0.955987
45	138	1.1831
45	141	0.948832
45	151	0.939744
45	153	0.97905
45	155	0.920316
45	160	0.928531
45	167	0.944767
45	170	1.17134
45	174	0.946265
45	177	0.89863
45	178	1.08605
45	180	0.953158
46	103	1.12877
46	142	0.921466
46	145	1.17879
46	150	1.07766
46	151	0.959611
46	156	0.953304
46	162	0.976603
46	164	0.972279
46	173	0.955331
46	174	0.966131
46	175	1.0056
46	176	0.971058
46	177	0.918497
46	179	0.93075
46	180	0.973024
47	12	1.09198
47	45	0.949068
47	84	1.04621
47	98	0.992014
47	103	1.03177
47	108	1.0551
47	116	1.04397
47	122	1.01913
47	130	0.823677
47	167	0.857626
47	168	1.05319
47	171	1.05686
47	172	1.03492
47	175	1.09721
47	179	0.962244
48	14	0.773198
48	69	1.01414
48	74	1.0745
48	96	1.0701
48	109	1.05698
48	113	1.04445
48	115	1.0511
48	122	1.13125
48	123	1.03886
48	125	1.07219
48	141	0.940089
48	165	1.03868
48	168	0.888865
48	169	1.03926
48	171	0.873966
49	60	1.0208
49	63	1.01516
49	72	0.978646
49	98	0.970042
49	103	1.0098
49	108	1.03313
49	116	1.022
49	122	1.11774
49	141	0.926574
49	156	0.943983
49	159	0.884785
49	168	1.03122
49	171	1.03489
49	172	1.01295
49	175	1.07524
49	179	1.06085
50	3	0.920984
50	44	0.783814
50	65	0.94421
50	88	1.09328
50	109	1.04804
50	123	1.02992
50	125	1.06324
50	139	0.89165
50	147	0.985127
50	169	1.03032
50	170	0.878727
50	176	1.04175
50	177	0.989194
50	178	1.17662
50	180	1.04372
51	23	0.8241
51	25	1.20564
51	60	1.00669
51	68	1.06509
51	84	1.01013
51	103	0.995695
51	105	1.04132
51	108	1.01903
51	116	1.0079
51	124	0.902097
51	126	0.978738
51	171	1.02079
51	172	0.998844
51	175	1.06113
51	179	1.048
51	180	0.90488
52	3	1.67856
52	77	0.819512
52	86	0.901192
52	88	0.903163
52	109	1.51969
52	129	1.54118
52	133	0.851004
52	140	0.845644
52	159	0.856893
52	161	0.853852
52	169	0.840208
52	170	0.855905
52	173	0.835915
52	177	0.799081
52	178	0.986504
52	180	0.853608
53	1	0.878003
53	4	0.877532
53	15	0.873953
53	30	0.927854
53	31	0.928254
53	43	0.908818
53	65	0.954471
53	110	0.856562
53	149	0.966939
53	158	0.952039
53	171	1.19229
53	172	1.20553
53	173	1.26367
53	174	1.25247
53	175	0.993676
53	178	1.08424
54	24	1.13796
54	80	0.858883
54	95	1.25332
54	125	1.12872
54	143	1.18979
54	153	0.962304
54	155	0.903571
54	159	0.939697
54	164	0.935667
54	167	0.928021
54	173	0.918719
54	174	0.929519
54	176	0.934446
54	177	0.881885
54	178	1.06931
54	180	0.936412
55	9	0.97657
55	44	1.06408
55	78	1.02289
55	99	1.02761
55	106	1.04748
55	126	1.1409
55	129	1.03158
55	131	1.00897
55	144	0.995191
55	146	1.01566
55	150	1.02983
55	156	1.06176
55	162	0.931829
55	166	1.0277
55	178	0.778483
55	179	0.983126
56	97	0.937875
56	121	0.939051
56	133	0.92529
56	135	0.937323
56	136	0.940583
56	137	0.901582
56	138	0.92739
56	140	0.919931
56	143	0.946169
56	158	1.20611
56	161	0.928139
56	162	1.18533
56	169	1.28878
56	170	0.930192
56	171	1.23173
56	175	0.970229
57	2	0.822223
57	81	1.01876
57	95	0.984628
57	114	1.00877
57	124	0.974755
57	134	1.01632
57	135	1.03983
57	137	1.00409
57	139	1.02511
57	140	1.02244
57	154	1.0204
57	161	1.03064
57	167	1.01604
57	170	1.0327
57	177	1.1194
57	180	0.977538
58	62	0.965054
58	64	0.987926
58	93	0.969737
58	104	1.01048
58	117	0.966046
58	134	0.981093
58	135	1.00461
58	136	1.00787
58	138	0.994673
58	143	1.01345
58	145	0.991642
58	156	1.06569
58	159	1.00649
58	161	0.995422
58	168	0.993494
58	170	0.997475
58	177	1.1813
59	8	0.960129
59	18	1.01496
59	21	1.01514
59	76	1.14807
59	77	1.00688
59	82	1.32885
59	86	1.08856
59	88	1.09053
59	112	0.841067
59	148	0.978281
59	157	0.856829
59	163	0.801727
59	168	0.818494
59	169	1.02757
59	178	1.17387
60	49	1.0208
60	51	1.00669
60	72	0.945362
60	82	1.37036
60	84	0.99095
60	98	0.936758
60	104	0.873421
60	105	1.02213
60	108	0.999845
60	126	0.959557
60	130	0.906938
60	168	0.997935
60	171	1.00161
60	172	0.979664
60	175	1.04195
60	177	1.04424
60	179	1.0455
61	102	0.960801
61	116	0.974088
61	127	0.999877
61	132	1.08383
61	135	0.945219
61	140	0.998089
61	142	0.950793
61	149	1.01795
61	159	1.00564
61	160	0.977724
61	162	1.00593
61	163	1.00748
61	166	0.999719
61	173	0.984658
61	176	1.00038
61	177	0.947824
61	180	1.00235
62	58	0.965054
62	92	1.06595
62	140	0.975802
62	144	1.04524
62	148	0.940362
62	153	1.02895
62	156	0.983334
62	159	1.00634
62	161	0.943492
62	163	1.00819
62	164	1.00231
62	167	0.994663
62	173	0.985361
62	174	0.996161
62	176	1.00109
62	177	0.948527
62	180	1.00305
63	49	1.01516
63	68	1.04027
63	72	0.939723
63	84	0.985312
63	98	0.931119
63	105	1.0165
63	108	0.994206
63	110	1.33233
63	116	0.983076
63	163	0.910154
63	168	0.992296
63	169	0.969081
63	171	0.99597
63	172	0.974025
63	175	1.03631
63	176	0.926082
63	179	1.11243
64	58	0.987926
64	95	0.9587
64	117	0.97534
64	135	1.0139
64	137	0.97816
64	140	0.996509
64	143	1.02275
64	145	1.00094
64	154	0.99447
64	159	1.07455
64	161	1.00472
64	162	1.00381
64	170	1.00677
64	176	1.06427
64	177	1.24935
64	178	0.850468
64	179	0.962198
65	1	0.941515
65	4	0.941044
65	15	0.937465
65	30	0.991366
65	31	0.991766
65	43	0.97233
65	50	0.94421
65	53	0.954471
65	70	0.97676
65	110	0.920074
65	149	1.03045
65	158	1.01555
65	168	1.06449
65	173	1.12098
65	175	1.05719
65	178	1.14775
65	180	1.10687
66	19	1.01069
66	20	0.997616
66	93	0.977014
66	132	0.974794
66	135	1.01188
66	139	0.997163
66	145	0.998919
66	148	0.939763
66	154	0.992453
66	157	1.00471
66	158	0.96889
66	161	1.0027
66	165	0.988474
66	166	1.04397
66	170	1.00475
66	176	1.00856
66	177	1.19365
67	76	0.882746
67	121	1.07699
67	124	0.970025
67	131	1.12782
67	137	1.1042
67	139	1.08342
67	147	0.92266
67	152	0.993269
67	153	1.00715
67	156	0.961535
67	159	0.984539
67	160	0.956628
67	166	0.978623
67	173	0.963562
67	174	0.974362
67	176	0.979288
67	177	0.926728
67	180	0.981255
68	51	1.06509
68	63	1.04027
68	84	1.04935
68	98	0.995153
68	103	1.03491
68	105	1.08053
68	108	1.05824
68	110	1.25575
68	116	1.04711
68	126	1.01795
68	152	0.843984
68	160	0.902389
68	168	1.05633
68	171	1.06
68	173	0.906832
68	175	1.10035
68	178	0.635699
68	179	1.03585
69	22	0.984633
69	42	0.917858
69	48	1.01414
69	74	0.995036
69	85	0.975793
69	90	0.947576
69	109	0.977521
69	113	0.96499
69	115	0.971641
69	119	0.941486
69	123	0.9594
69	125	0.992725
69	160	1.19895
69	162	1.08561
69	165	0.959221
69	166	1.18147
69	172	1.14525
69	178	0.932259
70	33	0.749354
70	65	0.97676
70	90	0.928858
70	112	1.06187
70	119	0.932216
70	150	0.810788
70	156	1.03933
70	160	1.03442
70	161	0.887764
70	162	1.06262
70	163	1.06418
70	164	1.0583
70	167	1.05065
70	173	1.04135
70	174	1.05215
70	176	1.05708
70	179	1.01677
70	180	1.05905
71	78	1.0248
71	83	1.0152
71	100	0.964745
71	106	1.04939
71	107	1.03795
71	120	1.04308
71	126	1.06349
71	128	1.04195
71	129	1.03349
71	131	1.01089
71	144	0.997109
71	146	1.01758
71	150	1.03175
71	152	0.909353
71	157	1.02957
71	158	1.02802
71	168	0.915711
71	173	0.972201
71	179	0.985044
72	49	0.978646
72	60	0.945362
72	63	0.939723
72	84	0.948801
72	98	0.894608
72	103	0.934365
72	105	0.979985
72	108	0.957696
72	116	0.946566
72	119	0.925753
72	127	1.14776
72	158	1.16516
72	162	1.14438
72	168	0.955785
72	171	0.959459
72	172	0.937514
72	175	0.999803
72	178	0.991033
72	179	1.39118
73	32	1.10363
73	78	0.949187
73	99	0.953915
73	102	0.9555
73	106	0.973777
73	107	0.962329
73	111	1.13184
73	120	0.967463
73	129	0.957878
73	131	0.935271
73	144	0.921493
73	146	0.941959
73	149	0.967299
73	150	0.956134
73	151	1.21067
73	157	0.953956
73	163	1.14307
73	173	1.21632
73	179	0.909427
74	7	0.95476
74	22	1.04499
74	42	0.978215
74	48	1.0745
74	69	0.995036
74	85	1.03615
74	90	1.00793
74	96	1.051
74	109	1.03788
74	113	1.02535
74	123	1.01976
74	125	1.05308
74	128	1.04681
74	130	1.02523
74	155	1.06713
74	163	0.90381
74	172	0.918925
74	174	0.965866
74	180	0.962958
75	17	1.10521
75	85	1.04162
75	86	0.925899
75	106	0.99185
75	107	0.980403
75	113	1.11937
75	123	1.07604
75	124	0.958546
75	133	0.967171
75	136	0.982464
75	144	0.939566
75	150	0.974208
75	161	0.970019
75	163	0.974908
75	170	0.972072
75	173	0.952082
75	176	0.967809
75	180	0.969775
76	8	1.03798
76	18	1.09281
76	21	1.09299
76	59	1.14807
76	67	0.882746
76	77	1.08473
76	86	1.16641
76	87	0.853212
76	88	1.16838
76	127	0.753344
76	130	0.858198
76	148	1.05613
76	149	0.787921
76	169	1.10542
76	171	0.796361
76	178	1.25172
77	8	0.896785
77	18	0.951613
77	21	0.9518
77	52	0.819512
77	59	1.00688
77	76	1.08473
77	80	0.9001
77	86	1.02521
77	88	1.02718
77	104	0.950355
77	148	0.914937
77	155	1.15562
77	162	0.94777
77	169	0.964229
77	174	1.05436
77	177	1.19331
77	178	1.11053
77	179	1.19457
78	2	0.870617
78	55	1.02289
78	71	1.0248
78	73	0.949187
78	83	0.997088
78	99	1.01142
78	111	0.955561
78	120	1.02497
78	129	1.01539
78	131	0.99278
78	142	1.13191
78	144	0.979001
78	146	0.999468
78	150	1.01364
78	165	0.995229
78	168	0.983552
78	171	1.0112
78	177	1.1678
78	179	0.966936
78	180	1.02593
79	117	1.04565
79	120	0.97011
79	129	0.932829
79	136	0.995638
79	139	1.04088
79	142	0.956358
79	149	1.02351
79	151	0.994502
79	152	1.01993
79	153	1.03381
79	162	1.01149
79	164	1.00717
79	167	0.999525
79	169	0.994516
79	173	0.990223
79	174	1.00102
79	175	0.855415
79	176	1.00595
79	177	0.953389
79	180	1.00792
80	54	0.858883
80	77	0.9001
80	88	0.983751
80	105	0.956712
80	108	0.934423
80	116	0.923293
80	117	1.21799
80	136	1.16798
80	150	1.09981
80	154	1.22737
80	163	0.939329
80	165	1.15177
80	167	0.925805
80	169	0.920796
80	171	0.936186
80	172	0.914241
80	174	0.927303
80	177	0.879669
80	178	1.06709
80	180	0.934196
81	57	1.01876
81	97	1.01006
81	121	1.01124
81	134	0.985999
81	136	1.01277
81	137	0.973771
81	138	0.999578
81	139	0.994791
81	141	1.07975
81	143	1.01836
81	152	1.02217
81	154	0.990081
81	161	1.00033
81	162	0.967226
81	165	0.986102
81	168	0.9984
81	170	1.00238
81	174	1.07381
81	177	1.21277
81	178	0.81388
82	17	0.909023
82	59	1.32885
82	60	1.37036
82	91	1.48679
82	115	0.893805
82	123	0.881565
82	125	0.91489
82	134	0.881282
82	145	0.891831
82	146	1.45961
82	154	0.885365
82	155	0.862526
82	165	0.881385
82	169	0.881967
82	170	0.897664
82	174	0.888474
82	176	0.8934
82	177	0.84084
82	180	0.895367
83	41	1.0596
83	71	1.0152
83	78	0.997088
83	99	1.00181
83	102	1.0034
83	106	1.02168
83	107	1.01023
83	110	1.36161
83	129	1.00578
83	131	0.983171
83	144	0.969393
83	146	0.989859
83	150	1.00403
83	153	0.927356
83	159	0.965639
83	165	0.98562
83	172	0.954551
83	173	1.01269
83	176	0.955364
83	179	0.957327
84	34	0.991817
84	47	1.04621
84	51	1.01013
84	60	0.99095
84	63	0.985312
84	68	1.04935
84	72	0.948801
84	98	0.940197
84	103	0.979953
84	105	1.02557
84	116	0.992154
84	148	1.14236
84	157	1.02736
84	160	1.04108
84	168	1.00137
84	171	1.00505
84	172	0.983102
84	175	1.04539
84	178	0.774387
84	179	1.17453
85	7	0.935517
85	27	1.01622
85	42	0.958971
85	69	0.975793
85	74	1.03615
85	75	1.04162
85	90	0.988689
85	96	1.03175
85	104	0.987041
85	109	1.01863
85	113	1.0061
85	115	1.01275
85	123	1.00051
85	125	1.03384
85	157	0.945215
85	168	0.90688
85	169	1.00092
85	175	1.01902
85	177	1.09112
85	179	1.09238
86	8	0.978465
86	18	1.03329
86	21	1.03348
86	52	0.901192
86	59	1.08856
86	75	0.925899
86	76	1.16641
86	77	1.02521
86	87	0.833116
86	88	1.10886
86	104	1.03203
86	110	1.19657
86	148	0.996617
86	157	0.829498
86	168	0.791163
86	169	1.04591
86	178	1.19221
86	179	0.976667
87	76	0.853212
87	86	0.833116
87	124	0.999045
87	131	1.09828
87	137	1.07466
87	142	0.958716
87	145	1.04161
87	152	1.02229
87	159	1.01356
87	162	1.01385
87	164	1.00953
87	165	0.992427
87	167	1.00188
87	169	0.996875
87	171	1.01226
87	173	0.992581
87	174	1.00338
87	176	1.00831
87	177	0.955747
87	180	1.01027
88	8	0.980436
88	18	1.03526
88	21	1.03545
88	50	1.09328
88	52	0.903163
88	59	1.09053
88	76	1.16838
88	77	1.02718
88	80	0.983751
88	86	1.10886
88	100	0.884075
88	104	1.03401
88	118	1.04585
88	148	0.998588
88	169	1.04788
88	171	0.820142
88	172	0.833388
88	177	1.01928
88	178	1.19418
88	179	1.02054
88	180	0.877421
89	19	0.91777
89	29	0.946885
89	36	1.05549
89	93	0.922047
89	97	0.833434
89	105	0.765919
89	132	0.934007
89	142	1.02064
89	147	1.0136
89	148	1.0095
89	153	1.09809
89	156	1.05248
89	159	1.07548
89	163	1.07733
89	170	0.839471
89	172	1.05224
89	173	1.0545
89	176	1.07023
89	177	1.01767
89	179	1.02992
89	180	1.0722
90	27	0.988002
90	69	0.947576
90	70	0.928858
90	74	1.00793
90	85	0.988689
90	96	1.00354
90	104	0.958824
90	109	0.990418
90	113	0.977886
90	115	0.984537
90	119	0.954383
90	123	0.972297
90	125	1.00562
90	130	0.977773
90	147	1.1802
90	152	1.01023
90	157	1.05492
90	165	0.972117
90	169	0.972699
90	173	1.07308
90	179	1.20209
91	9	0.940877
91	10	0.922243
91	23	0.938028
91	28	1.01224
91	37	0.961959
91	41	1.04971
91	82	1.48679
91	120	1.00547
91	129	0.995884
91	131	0.973277
91	144	0.959498
91	146	0.979965
91	150	0.99414
91	153	0.94758
91	156	1.04506
91	157	0.991962
91	165	0.975726
91	171	0.991698
91	172	0.974775
91	179	0.947433
91	180	1.01881
92	13	0.853195
92	62	1.06595
92	97	0.987454
92	114	0.955844
92	121	0.988631
92	133	0.97487
92	134	0.963389
92	135	0.986902
92	136	0.990163
92	138	0.976969
92	139	0.972182
92	140	0.969511
92	143	0.995748
92	151	1.14879
92	154	0.967472
92	159	1.10739
92	160	1.15
92	168	0.975791
92	170	0.979771
92	171	1.08305
92	175	1.01981
93	26	0.993672
93	58	0.969737
93	66	0.977014
93	89	0.922047
93	114	0.964653
93	121	0.99744
93	132	0.958622
93	133	0.98368
93	134	0.972199
93	136	0.998972
93	138	0.985779
93	140	0.97832
93	143	1.00456
93	160	1.13363
93	161	0.986528
93	162	1.02029
93	166	1.11616
93	169	1.12375
93	170	0.988581
93	179	0.944009
93	180	1.12397
94	16	1.06602
94	33	1.00747
94	112	0.976442
94	124	0.962382
94	138	1.18115
94	142	0.922054
94	146	1.11963
94	151	0.960198
94	153	0.999504
94	155	0.940771
94	156	0.953892
94	159	0.976897
94	163	0.978745
94	164	0.972866
94	165	1.12085
94	166	0.97098
94	167	0.965221
94	173	0.955919
94	175	0.996847
94	176	0.971646
94	177	0.919085
94	180	0.973612
95	5	1.01581
95	29	0.947746
95	54	1.25332
95	57	0.984628
95	64	0.9587
95	97	0.975932
95	119	0.934237
95	121	0.977109
95	132	0.938291
95	137	0.93964
95	138	0.965447
95	139	0.960661
95	143	0.984227
95	145	0.962417
95	147	1.19175
95	153	0.99929
95	161	0.966197
95	170	0.968249
95	171	1.01324
95	177	1.21238
95	179	0.923678
95	180	1.07052
96	17	1.04282
96	27	1.03107
96	42	0.97382
96	48	1.0701
96	74	1.051
96	85	1.03175
96	90	1.00354
96	109	1.03348
96	113	1.02095
96	115	1.0276
96	123	1.01536
96	125	1.04869
96	130	1.02084
96	149	0.897762
96	152	0.914744
96	164	0.947374
96	165	1.01518
96	168	0.921101
96	169	1.01576
96	171	0.906202
96	177	1.10534
96	179	1.10661
97	35	0.998803
97	56	0.937875
97	81	1.01006
97	89	0.833434
97	92	0.987454
97	95	0.975932
97	117	0.992572
97	122	1.23536
97	135	1.03113
97	138	1.0212
97	139	1.01641
97	140	1.01374
97	142	1.14133
97	143	1.03998
97	145	1.01817
97	154	1.0117
97	161	1.02195
97	170	1.024
97	172	1.00175
97	173	1.04946
97	174	1.03826
97	176	0.992132
97	178	0.778329
98	12	0.985973
98	47	0.992014
98	49	0.970042
98	60	0.936758
98	63	0.931119
98	68	0.995153
98	72	0.894608
98	84	0.940197
98	103	0.92576
98	108	0.949091
98	116	0.937961
98	119	0.917149
98	122	1.32324
98	126	0.908804
98	142	1.22921
98	148	1.23418
98	158	1.04034
98	160	1.1329
98	164	1.10712
98	168	0.947181
98	171	0.950855
98	172	0.92891
98	175	0.991199
99	55	1.02761
99	73	0.953915
99	78	1.01142
99	83	1.00181
99	106	1.03601
99	129	1.02011
99	131	0.997507
99	144	0.983729
99	146	1.0042
99	147	1.08926
99	148	1.07897
99	149	1.02954
99	150	1.01837
99	157	1.01619
99	158	1.01463
99	165	0.999956
99	166	0.960213
99	168	0.925643
99	169	0.967803
99	171	1.01593
99	177	1.10989
99	179	0.971663
99	180	0.968023
100	71	0.964745
100	88	0.884075
100	103	0.998674
100	105	0.974492
100	111	1.02641
100	112	1.0114
100	136	1.01572
100	141	1.00424
100	147	0.949975
100	156	0.98885
100	160	0.983942
100	162	1.01215
100	163	1.0137
100	166	1.00594
100	167	1.00018
100	170	1.04804
100	173	0.990877
100	174	1.00168
100	175	0.875502
100	176	1.0066
100	177	0.954042
100	178	1.14147
100	180	1.00857
101	34	0.898967
101	123	1.35824
101	126	0.868128
101	128	0.868884
101	130	0.899863
101	137	1.44965
101	141	0.903863
101	142	0.85663
101	150	1.31546
101	151	0.894775
101	152	0.920203
101	156	0.888469
101	159	0.911473
101	161	1.39244
101	162	0.911767
101	163	0.913322
101	166	0.905557
101	173	0.890496
101	174	0.901296
101	175	1.24341
101	176	0.906222
101	177	0.853661
101	180	0.908189
102	3	0.942923
102	6	0.849886
102	9	0.966692
102	10	0.948059
102	44	1.0542
102	61	0.960801
102	73	0.9555
102	83	1.0034
102	107	1.02615
102	118	1.18133
102	120	1.03128
102	129	1.0217
102	131	0.999092
102	144	0.985314
102	146	1.00578
102	148	1.12385
102	150	1.01996
102	152	0.964161
102	155	1.11707
102	165	1.00154
102	169	1.01268
102	171	1.01751
102	179	0.973248
102	180	1.0129
103	40	1.02993
103	46	1.12877
103	47	1.03177
103	49	1.0098
103	51	0.995695
103	68	1.03491
103	72	0.934365
103	84	0.979953
103	98	0.92576
103	100	0.998674
103	105	1.01114
103	108	0.988847
103	116	0.977717
103	119	0.956905
103	126	0.94856
103	148	1.10297
103	151	1.00048
103	157	0.987974
103	168	0.986937
103	171	0.990611
103	172	0.968666
103	174	0.994928
103	175	1.03095
103	177	1.13388
104	34	0.975228
104	58	1.01048
104	60	0.873421
104	77	0.950355
104	85	0.987041
104	86	1.03203
104	88	1.03401
104	90	0.958824
104	110	0.889671
104	111	1.00229
104	113	0.976238
104	121	1.01892
104	123	0.970649
104	125	1.00397
104	140	1.02123
104	144	1.09067
104	145	1.01308
104	154	1.0395
104	169	0.971051
104	171	0.986441
104	174	0.977558
104	176	0.982484
104	178	1.11735
104	180	0.98445
105	12	1.07135
105	40	1.07555
105	51	1.04132
105	60	1.02213
105	63	1.0165
105	68	1.08053
105	72	0.979985
105	80	0.956712
105	84	1.02557
105	89	0.765919
105	100	0.974492
105	103	1.01114
105	108	1.03447
105	116	1.02334
105	119	1.00253
105	141	0.976682
105	142	1.07381
105	160	0.977504
105	162	0.86416
105	168	1.03256
105	171	1.03623
105	172	1.01429
105	175	1.07658
105	176	0.924617
105	179	1.11096
106	41	1.0938
106	44	1.07248
106	55	1.04748
106	71	1.04939
106	73	0.973777
106	75	0.99185
106	83	1.02168
106	99	1.03601
106	107	1.04443
106	129	1.03998
106	131	1.01737
106	144	1.00359
106	146	1.02406
106	148	1.08585
106	150	1.03823
106	151	0.983359
106	152	0.926161
106	153	0.90367
106	163	0.915751
106	165	1.01982
106	166	0.967088
106	167	1.0134
106	171	1.03579
106	172	0.930866
106	179	0.991525
107	10	0.954888
107	28	1.04489
107	37	0.994603
107	45	1.07859
107	71	1.03795
107	73	0.962329
107	75	0.980403
107	83	1.01023
107	102	1.02615
107	106	1.04443
107	110	1.31167
107	112	0.928835
107	120	1.03811
107	126	1.05404
107	129	1.02853
107	131	1.00592
107	144	0.992143
107	146	1.01261
107	149	1.03795
107	150	1.02678
107	155	1.05281
107	167	0.987149
107	171	1.02434
107	172	0.90461
107	178	0.69162
107	179	0.980078
108	12	1.04906
108	13	1.05567
108	20	0.92369
108	47	1.0551
108	49	1.03313
108	51	1.01903
108	60	0.999845
108	63	0.994206
108	68	1.05824
108	72	0.957696
108	80	0.934423
108	98	0.949091
108	103	0.988847
108	105	1.03447
108	116	1.00105
108	148	1.08881
108	153	0.906629
108	157	0.973812
108	158	0.894964
108	168	1.01027
108	171	1.01394
108	172	0.991997
108	175	1.05429
108	177	1.11972
108	179	1.12098
108	180	0.977857
109	7	0.937245
109	17	1.0297
109	22	1.02747
109	27	1.01795
109	42	0.9607
109	48	1.05698
109	50	1.04804
109	52	1.51969
109	69	0.977521
109	74	1.03788
109	85	1.01863
109	90	0.990418
109	96	1.03348
109	113	1.00783
109	115	1.01448
109	123	1.00224
109	125	1.03557
109	126	1.03017
109	147	1.04601
109	153	0.853549
109	157	0.920731
109	160	0.934444
109	162	0.8211
109	165	1.00206
109	169	1.00264
109	172	0.880744
110	43	0.874421
110	53	0.856562
110	63	1.33233
110	65	0.920074
110	68	1.25575
110	83	1.36161
110	86	1.19657
110	104	0.889671
110	107	1.31167
110	121	0.928101
110	122	0.871091
110	124	0.905715
110	125	1.30894
110	132	0.889284
110	134	0.90286
110	143	0.935219
110	154	0.906943
110	155	0.884104
110	158	0.917642
110	161	0.917189
110	164	0.916199
110	173	0.899252
110	175	0.959279
110	177	0.862418
110	178	1.04984
110	180	0.916945
111	25	0.934756
111	26	0.976647
111	73	1.13184
111	78	0.955561
111	100	1.02641
111	104	1.00229
111	139	0.98394
111	140	0.979815
111	141	1.02524
111	147	0.970968
111	150	0.870529
111	151	1.01615
111	152	1.04158
111	155	0.996721
111	156	1.00984
111	162	1.03314
111	164	1.02882
111	166	1.02693
111	167	1.02117
111	170	0.971018
111	173	1.01187
111	174	1.02267
111	175	0.798476
111	176	1.0276
111	177	0.975035
111	180	1.02956
112	11	1.32095
112	28	1.0371
112	45	0.955987
112	59	0.841067
112	70	1.06187
112	94	0.976442
112	100	1.0114
112	107	0.928835
112	119	1.04252
112	122	0.968701
112	127	1.01208
112	128	0.97525
112	133	1.00044
112	142	0.962996
112	146	0.971824
112	147	0.95596
112	152	1.02657
112	155	0.981713
112	160	0.989927
112	163	1.01969
112	168	1.01287
112	173	0.996861
112	174	1.00766
112	175	0.84904
112	176	1.01259
112	177	0.960027
112	180	1.01455
113	7	0.924714
113	17	1.01717
113	22	1.01494
113	27	1.00542
113	42	0.948168
113	48	1.04445
113	69	0.96499
113	74	1.02535
113	75	1.11937
113	85	1.0061
113	90	0.977886
113	96	1.02095
113	104	0.976238
113	109	1.00783
113	115	1.00195
113	119	0.971796
113	123	0.989711
113	124	1.02423
113	125	1.02304
113	149	0.961296
113	151	1.03547
113	157	1.02297
113	165	0.989531
113	168	0.984634
113	169	0.990113
113	176	0.983795
113	179	1.17014
114	5	1.03995
114	29	0.971888
114	33	1.08816
114	57	1.00877
114	92	0.955844
114	93	0.964653
114	117	0.960962
114	121	1.00125
114	134	0.97601
114	135	0.999523
114	136	1.00278
114	137	0.963782
114	138	0.989589
114	142	1.19472
114	143	1.00837
114	145	0.986559
114	149	1.02303
114	156	1.115
114	158	1.00585
114	161	0.990338
114	164	1.07264
114	170	0.992391
114	171	1.03147
114	172	0.97014
114	175	1.03243
114	176	1.04553
114	178	0.831725
115	7	0.931364
115	17	1.02382
115	22	1.02159
115	27	1.01207
115	42	0.954819
115	48	1.0511
115	69	0.971641
115	82	0.893805
115	85	1.01275
115	90	0.984537
115	96	1.0276
115	109	1.01448
115	113	1.00195
115	119	0.978447
115	123	0.996361
115	125	1.02969
115	130	1.00184
115	156	1.06045
115	159	1.00125
115	164	1.01809
115	165	0.996182
115	168	0.991815
115	169	0.996764
115	173	1.04831
115	176	0.990975
115	179	1.17732
115	180	1.0342
116	12	1.03793
116	47	1.04397
116	49	1.022
116	51	1.0079
116	61	0.974088
116	63	0.983076
116	68	1.04711
116	72	0.946566
116	80	0.923293
116	84	0.992154
116	98	0.937961
116	103	0.977717
116	105	1.02334
116	108	1.00105
116	119	0.969106
116	126	0.960761
116	128	1.11004
116	130	1.03074
116	149	0.960466
116	153	0.954957
116	167	1.06469
116	168	0.999138
116	171	1.00281
116	172	0.980867
116	174	1.02909
116	175	1.04316
116	179	1.16931
117	33	1.08066
117	58	0.966046
117	64	0.97534
117	79	1.04565
117	80	1.21799
117	97	0.992572
117	114	0.960962
117	121	0.993749
117	126	0.942532
117	133	0.979988
117	134	0.968508
117	135	0.992021
117	136	0.995281
117	139	0.977301
117	140	0.974629
117	142	1.16505
117	145	0.979057
117	149	0.993362
117	154	0.972591
117	160	1.06875
117	161	0.982837
117	163	0.999933
117	168	0.980909
117	170	0.984889
117	171	1.0018
117	172	0.962638
117	173	1.07319
117	179	0.940318
118	36	0.927101
118	41	1.14327
118	88	1.04585
118	102	1.18133
118	119	1.23076
118	135	1.16575
118	141	0.939479
118	144	1.28806
118	147	0.88521
118	149	0.959402
118	151	0.930391
118	153	0.969696
118	154	1.23689
118	156	0.924085
118	157	0.946059
118	159	0.947089
118	160	0.919177
118	162	0.947383
118	164	0.943059
118	166	0.941172
118	167	0.935413
118	171	0.945795
118	173	0.926112
118	174	0.936912
118	176	0.941838
118	177	0.889277
118	179	0.90153
118	180	0.943804
119	7	0.90121
119	13	1.02373
119	69	0.941486
119	70	0.932216
119	72	0.925753
119	90	0.954383
119	95	0.934237
119	98	0.917149
119	103	0.956905
119	105	1.00253
119	112	1.04252
119	113	0.971796
119	115	0.978447
119	116	0.969106
119	118	1.23076
119	121	0.991165
119	123	0.966207
119	125	0.999532
119	132	0.952347
119	151	1.07079
119	154	0.970007
119	155	1.1665
119	156	1.08858
119	161	0.980253
119	167	1.10083
119	170	0.982306
119	172	0.960054
119	175	1.02234
119	177	1.20419
120	3	0.954886
120	6	0.861849
120	37	0.999737
120	38	0.982088
120	41	1.08749
120	44	1.06616
120	71	1.04308
120	73	0.967463
120	78	1.02497
120	79	0.97011
120	91	1.00547
120	102	1.03128
120	107	1.03811
120	126	1.08894
120	129	1.03366
120	131	1.01106
120	141	0.992386
120	144	0.997277
120	146	1.01774
120	149	1.04308
120	150	1.03192
120	157	1.02974
120	158	1.02818
120	166	0.975731
120	167	1.02205
120	168	0.941161
120	169	0.983321
120	171	1.02948
120	172	0.939509
121	24	1.02981
121	56	0.939051
121	67	1.07699
121	81	1.01124
121	92	0.988631
121	93	0.99744
121	95	0.977109
121	104	1.01892
121	110	0.928101
121	114	1.00125
121	117	0.993749
121	119	0.991165
121	126	0.98282
121	128	1.13174
121	132	0.99522
121	133	1.02028
121	134	1.0088
121	136	1.03557
121	137	0.996569
121	138	1.02238
121	139	1.01759
121	145	1.01935
121	153	0.976652
121	155	1.15205
121	158	0.964987
121	161	1.02313
121	164	1.03177
121	170	1.02518
121	178	0.790857
121	180	1.04788
122	22	1.10238
122	47	1.01913
122	48	1.13125
122	49	1.11774
122	97	1.23536
122	98	1.32324
122	110	0.871091
122	112	0.968701
122	127	0.963397
122	128	0.926566
122	140	1.25019
122	141	0.961545
122	142	0.914313
122	147	0.907277
122	148	0.903179
122	151	0.952458
122	152	0.977885
122	155	0.93303
122	159	0.969156
122	160	0.941244
122	162	0.96945
122	166	0.963239
122	167	0.95748
122	169	0.952471
122	173	0.948178
122	174	0.958978
122	175	1.06885
122	176	0.963905
122	177	0.911344
122	179	0.923597
122	180	0.965871
123	7	0.919124
123	17	1.01158
123	22	1.00935
123	27	0.999826
123	42	0.942579
123	48	1.03886
123	50	1.02992
123	69	0.9594
123	74	1.01976
123	75	1.07604
123	82	0.881565
123	85	1.00051
123	90	0.972297
123	96	1.01536
123	101	1.35824
123	104	0.970649
123	109	1.00224
123	113	0.989711
123	115	0.996361
123	119	0.966207
123	125	1.01745
123	130	0.989597
123	148	1.09463
123	152	0.934942
123	155	1.08785
123	157	0.979634
123	165	0.983941
123	169	0.984523
123	177	1.12554
123	178	0.726657
123	179	1.1268
124	27	1.04264
124	51	0.902097
124	57	0.974755
124	67	0.970025
124	75	0.958546
124	87	0.999045
124	94	0.962382
124	110	0.905715
124	113	1.02423
124	128	0.96119
124	135	0.994533
124	137	1.07231
124	139	1.05153
124	141	0.99617
124	142	0.948937
124	147	0.941901
124	152	1.01251
124	154	1.06567
124	156	0.980775
124	159	1.00378
124	162	1.00407
124	164	0.99975
124	166	0.997863
124	170	1.03861
124	171	1.00249
124	173	0.982802
124	174	0.993602
124	176	0.998529
124	177	0.945968
124	178	1.13339
124	180	1.0005
125	7	0.952449
125	17	1.0449
125	22	1.04268
125	27	1.03315
125	36	0.91
125	42	0.975903
125	48	1.07219
125	50	1.06324
125	54	1.12872
125	69	0.992725
125	74	1.05308
125	82	0.91489
125	85	1.03384
125	90	1.00562
125	96	1.04869
125	104	1.00397
125	109	1.03557
125	110	1.30894
125	113	1.02304
125	115	1.02969
125	119	0.999532
125	123	1.01745
125	130	1.02292
125	157	0.941871
125	164	0.929809
125	165	1.01727
125	169	1.01785
125	172	0.901883
125	173	0.960026
125	178	0.688893
125	179	1.08904
125	180	0.945916
126	1	1.31647
126	44	1.05187
126	51	0.978738
126	55	1.1409
126	60	0.959557
126	68	1.01795
126	71	1.06349
126	98	0.908804
126	101	0.868128
126	103	0.94856
126	107	1.05404
126	109	1.03017
126	116	0.960761
126	117	0.942532
126	120	1.08894
126	121	0.98282
126	129	1.05166
126	135	0.981092
126	136	0.984352
126	140	0.9637
126	141	0.967338
126	150	1.0463
126	157	0.973918
126	168	0.969981
126	170	0.973961
126	171	0.973654
126	172	0.951709
126	173	0.953971
126	174	0.964771
126	175	1.014
126	176	0.969698
126	177	0.917137
126	180	0.971664
127	4	1.20305
127	35	1.01679
127	61	0.999877
127	72	1.14776
127	76	0.753344
127	112	1.01208
127	122	0.963397
127	128	0.969946
127	133	0.919955
127	139	0.954016
127	142	0.957692
127	144	1.01933
127	145	0.941744
127	146	0.891336
127	152	1.02126
127	153	1.03514
127	156	0.989531
127	160	0.984623
127	162	1.01283
127	163	1.01438
127	164	1.00851
127	165	0.892559
127	166	1.00662
127	167	1.00086
127	168	1.00757
127	169	0.995851
127	171	1.01124
127	173	0.991558
127	174	1.00236
127	176	1.00728
127	177	0.954723
127	178	1.14215
127	180	1.00925
128	7	1.29953
128	16	1.02188
128	32	0.954665
128	71	1.04195
128	74	1.04681
128	101	0.868884
128	112	0.97525
128	116	1.11004
128	121	1.13174
128	122	0.926566
128	124	0.96119
128	127	0.969946
128	135	1.08117
128	139	1.13817
128	141	0.968094
128	142	0.920862
128	151	0.959006
128	153	0.998312
128	157	0.974674
128	159	0.975705
128	160	0.947793
128	162	0.975999
128	163	0.977553
128	164	0.971674
128	166	0.969788
128	172	0.952465
128	173	0.954727
128	175	0.952702
128	176	0.970454
128	177	0.917893
128	178	1.10532
128	179	0.930146
128	180	0.97242
129	6	0.852264
129	10	0.950437
129	44	1.05658
129	52	1.54118
129	55	1.03158
129	71	1.03349
129	73	0.957878
129	78	1.01539
129	79	0.932829
129	83	1.00578
129	91	0.995884
129	99	1.02011
129	102	1.0217
129	106	1.03998
129	107	1.02853
129	120	1.03366
129	126	1.05166
129	130	0.950819
129	131	1.00147
129	144	0.987692
129	146	1.00816
129	148	1.05721
129	150	1.02233
129	151	0.954722
129	157	1.02016
129	158	1.0186
129	163	0.887114
129	165	1.00392
129	169	0.946041
129	171	1.01989
129	177	1.08812
129	178	0.689238
129	179	0.975627
130	9	1.24216
130	24	1.01032
130	31	1.13032
130	37	1.1009
130	42	0.948055
130	47	0.823677
130	60	0.906938
130	74	1.02523
130	76	0.858198
130	90	0.977773
130	96	1.02084
130	101	0.899863
130	115	1.00184
130	116	1.03074
130	123	0.989597
130	125	1.02292
130	129	0.950819
130	131	1.10327
130	135	1.01283
130	137	0.977086
130	138	1.00289
130	140	0.995435
130	146	0.996189
130	152	1.01541
130	155	0.970557
130	165	0.989417
130	166	1.00077
130	167	0.995008
130	169	0.989999
130	170	1.0057
130	172	0.983444
130	176	1.00143
130	179	0.961124
130	180	1.0034
131	3	0.922695
131	6	0.829657
131	9	0.946464
131	10	0.92783
131	28	1.01783
131	36	1.06279
131	37	0.967545
131	41	1.05529
131	55	1.00897
131	67	1.12782
131	71	1.01089
131	73	0.935271
131	78	0.99278
131	83	0.983171
131	87	1.09828
131	91	0.973277
131	99	0.997507
131	102	0.999092
131	106	1.01737
131	107	1.00592
131	120	1.01106
131	129	1.00147
131	130	1.10327
131	144	0.965085
131	146	0.985552
131	150	0.999727
131	158	0.995991
131	164	1.0826
131	169	1.09849
131	171	0.997285
131	172	1.05468
131	174	1.10162
131	178	0.841688
131	179	0.95302
131	180	1.09871
132	5	1.03392
132	16	0.993397
132	19	0.992303
132	33	1.08213
132	35	0.961162
132	61	1.08383
132	66	0.974794
132	89	0.934007
132	93	0.958622
132	95	0.938291
132	110	0.889284
132	119	0.952347
132	121	0.99522
132	133	0.981459
132	134	0.969979
132	136	0.996752
132	138	0.983558
132	139	0.978771
132	140	0.9761
132	143	1.00234
132	145	0.980527
132	149	1.07021
132	153	1.0647
132	154	0.974061
132	159	1.10298
132	161	0.984307
132	162	1.03225
132	165	0.970082
132	166	1.12811
132	168	0.98238
132	169	1.1357
132	170	0.98636
132	171	1.07865
132	172	0.964109
132	176	1.0927
133	16	1.01845
133	25	1.32101
133	26	1.01651
133	33	1.10719
133	35	0.986219
133	52	0.851004
133	56	0.92529
133	75	0.967171
133	92	0.97487
133	93	0.98368
133	112	1.00044
133	117	0.979988
133	121	1.02028
133	127	0.919955
133	132	0.981459
133	134	0.995036
133	135	1.01855
133	136	1.02181
133	137	0.982808
133	139	1.00383
133	140	1.00116
133	143	1.02739
133	145	1.00558
133	154	0.999118
133	156	1.0465
133	158	0.937357
133	159	0.987306
133	161	1.00936
133	162	0.916574
133	165	0.995139
133	169	1.02003
133	170	1.01142
133	173	1.03436
133	175	1.05145
133	176	0.977031
133	177	1.16211
133	179	0.966846
134	2	0.949259
134	11	0.924552
134	16	1.00697
134	24	1.00457
134	33	1.09571
134	34	1.06498
134	35	0.974739
134	38	1.10312
134	57	1.01632
134	58	0.981093
134	81	0.985999
134	82	0.881282
134	92	0.963389
134	93	0.972199
134	110	0.90286
134	114	0.97601
134	117	0.968508
134	121	1.0088
134	132	0.969979
134	133	0.995036
134	136	1.01033
