1	74	0.822189
1	78	1.5783
1	86	0.782018
1	107	0.809707
1	119	0.777297
1	121	0.825495
1	136	0.786434
1	138	0.815612
1	139	1.54735
1	141	0.790544
1	155	0.790705
1	167	1.67788
2	86	0.889151
2	91	0.862959
2	105	1.14465
2	107	0.91684
2	119	0.88443
2	121	0.932628
2	136	0.893567
2	138	0.922746
2	141	0.897678
2	148	1.26002
2	154	1.22866
2	178	1.17573
3	54	1.58771
3	103	1.57434
3	149	0.800015
3	151	1.63224
3	161	0.804788
3	168	0.794525
3	174	0.80135
3	175	0.802721
3	176	0.795622
3	177	0.795821
3	179	0.813338
3	180	0.79182
4	11	1.50838
4	51	1.54372
4	76	1.73822
4	97	0.810236
4	159	0.790423
4	168	0.794524
4	170	0.79975
4	173	0.802184
4	177	0.79582
4	178	0.801908
4	179	0.813336
4	180	0.791819
5	94	0.875522
5	102	1.26352
5	112	0.904205
5	152	1.22486
5	157	0.90204
5	158	0.897611
5	160	0.907656
5	163	1.17499
5	166	0.924328
5	169	0.88993
5	172	0.898708
5	179	1.14494
6	20	0.913313
6	118	0.923395
6	130	0.866743
6	137	0.917126
6	144	0.882463
6	145	0.894788
6	147	0.8949
6	149	1.26541
6	162	0.907273
6	167	1.1958
6	173	1.18848
6	179	1.15831
7	47	0.863617
7	58	0.904579
7	68	0.938757
7	79	1.25942
7	80	0.90304
7	104	0.873383
7	128	1.14029
7	129	0.921038
7	133	1.17029
7	155	0.897576
7	165	0.89801
7	177	1.2344
8	47	1.36786
8	104	1.24033
8	120	1.05277
8	134	0.922946
8	147	1.13097
8	163	0.899931
8	173	0.897073
8	175	0.897609
8	177	0.890709
8	178	0.896798
8	179	0.908226
8	180	0.886708
9	79	0.804561
9	88	1.48892
9	148	0.795466
9	157	1.6666
9	158	1.63945
9	163	0.805736
9	173	0.802878
9	175	0.803414
9	176	0.796315
9	177	0.796514
9	178	0.802603
9	180	0.792513
10	73	1.15818
10	111	1.20197
10	127	0.887865
10	130	0.877702
10	131	0.913409
10	133	0.912979
10	140	0.903017
10	144	0.893422
10	145	0.905747
10	147	0.905859
10	148	1.26215
10	175	1.18776
11	4	1.50838
11	65	1.10493
11	85	0.932743
11	90	1.24427
11	123	0.894295
11	129	0.916093
11	160	0.893431
11	166	0.910103
11	167	0.893149
11	169	0.875705
11	171	0.950668
11	172	0.884483
12	74	1.51081
12	99	0.842528
12	120	0.824081
12	122	0.790128
12	151	0.813456
12	160	0.788018
12	166	0.804691
12	167	0.787737
12	169	0.770292
12	171	1.67808
12	172	0.77907
12	176	1.61542
13	86	0.792196
13	91	0.766004
13	107	0.819886
13	110	0.761793
13	136	0.796613
13	138	0.825791
13	141	0.800723
13	142	0.83611
13	155	0.800884
13	164	1.5781
13	168	1.57296
13	171	1.65502
14	24	1.20795
14	68	1.12448
14	129	0.919891
14	131	1.22631
14	140	1.23148
14	158	0.887184
14	160	0.897229
14	166	0.913901
14	168	0.893955
14	177	0.895251
14	178	0.901339
14	180	0.89125
15	49	0.838169
15	66	0.886649
15	116	0.922971
15	117	1.29406
15	121	0.927134
15	132	1.17223
15	136	0.888073
15	138	0.917251
15	141	0.892183
15	142	0.92757
15	160	1.15905
15	164	1.17433
16	98	1.1866
16	129	1.26385
16	136	1.38538
16	147	1.35577
16	153	0.866149
16	170	0.865519
16	171	0.865928
16	173	0.867953
16	175	0.868489
16	177	0.861589
16	178	0.867678
16	179	0.879106
16	180	0.857588
17	18	0.861289
17	74	0.892854
17	75	0.888469
17	90	1.5223
17	107	0.880372
17	110	0.822279
17	114	1.27887
17	115	0.85929
17	119	0.847962
17	132	1.14967
17	138	0.886277
17	141	0.861209
17	148	1.25461
18	17	0.861289
18	75	0.877293
18	105	1.26192
18	115	0.848114
18	116	0.880821
18	119	0.836786
18	121	0.884983
18	138	0.875101
18	142	0.88542
18	155	0.850194
18	171	1.35138
18	175	1.3029
18	178	1.29299
19	48	0.908447
19	60	1.37853
19	64	0.863876
19	109	0.874488
19	132	0.86662
19	136	1.26664
19	157	0.85845
19	159	1.3527
19	160	0.864065
19	164	0.862598
19	169	0.846339
19	172	0.855117
19	179	1.20671
20	6	0.913313
20	118	0.888806
20	127	0.842318
20	130	0.832155
20	131	0.867862
20	137	0.882538
20	139	1.21754
20	144	0.847875
20	145	0.8602
20	163	1.34063
20	165	0.864933
20	166	1.24763
20	171	1.39927
21	29	1.36643
21	95	1.27015
21	123	1.28421
21	149	0.866467
21	160	1.26879
21	168	0.860977
21	171	0.866612
21	173	0.868637
21	174	0.867802
21	175	0.869173
21	177	0.862272
21	179	0.879789
21	180	0.858272
22	35	1.42875
22	40	1.18204
22	52	0.828546
22	58	0.870408
22	68	0.904586
22	78	0.871489
22	80	0.86887
22	104	0.839213
22	151	0.889643
22	154	1.36856
22	155	0.863406
22	165	0.863839
22	166	1.22237
23	67	1.20051
23	85	1.27892
23	149	0.866424
23	151	1.32154
23	162	1.39064
23	167	0.863926
23	170	0.86616
23	171	0.866569
23	173	0.868594
23	176	0.862031
23	178	0.868319
23	179	0.879747
23	180	0.858229
24	14	1.20795
24	67	0.930679
24	78	0.858192
24	79	1.37072
24	83	1.33099
24	104	0.825916
24	115	0.848029
24	138	0.875016
24	141	0.849948
24	142	0.885334
24	151	0.876345
24	165	0.850542
24	170	1.29681
25	26	0.764713
25	29	0.778845
25	52	0.746617
25	78	0.78956
25	80	0.786941
25	81	1.73475
25	104	0.757284
25	129	0.804939
25	140	1.71293
25	151	0.807714
25	155	0.781477
25	165	0.78191
25	176	1.75524
26	25	0.764713
26	67	0.914082
26	78	0.841594
26	80	0.838975
26	89	1.37207
26	103	1.30029
26	104	0.809318
26	111	0.847142
26	129	0.856973
26	151	0.859748
26	155	0.833511
26	165	0.833944
26	173	1.47955
26	179	1.44938
27	33	0.831083
27	43	0.883841
27	73	1.38033
27	94	0.804778
27	99	0.891421
27	106	0.811455
27	151	0.862348
27	157	0.831296
27	167	0.83663
27	169	0.819185
27	172	0.827963
27	174	1.42344
27	175	1.40991
27	176	1.39573
28	53	1.09216
28	80	1.19889
28	99	1.08764
28	127	0.916598
28	130	0.906435
28	142	1.06082
28	147	0.934592
28	158	1.14841
28	165	0.939213
28	173	0.943966
28	175	0.944502
28	176	0.937403
28	178	0.94369
28	180	0.933601
29	21	1.36643
29	25	0.778845
29	44	0.801388
29	47	0.813683
29	68	0.888823
29	80	0.853107
29	104	0.82345
29	129	0.871105
29	151	0.87388
29	155	0.847643
29	164	1.37794
29	165	0.848076
29	168	1.3728
29	180	1.48868
30	76	0.856188
30	98	0.892624
30	130	0.804385
30	131	0.840093
30	137	0.854768
30	140	0.829701
30	144	0.820105
30	145	0.83243
30	147	0.832542
30	149	1.44406
30	165	0.837163
30	175	1.37717
30	177	1.45042
30	179	1.33696
31	71	0.81065
31	92	0.818918
31	108	0.857604
31	118	0.87216
31	120	1.36963
31	130	0.815508
31	137	0.865891
31	140	0.840823
31	144	0.831228
31	145	0.843553
31	147	0.843665
31	164	1.42928
31	166	1.35456
31	178	1.44781
32	43	0.976028
32	49	0.89146
32	59	0.876743
32	83	1.18588
32	91	0.910755
32	110	0.906543
32	116	0.976261
32	133	1.13647
32	136	0.941363
32	138	0.970541
32	141	0.945473
32	142	0.98086
32	156	1.08993
32	180	1.20963
33	27	0.831083
33	106	0.82059
33	122	0.848156
33	146	1.41071
33	150	0.839011
33	154	0.840596
33	156	0.853093
33	157	0.840431
33	158	0.836002
33	161	1.40548
33	166	0.862719
33	169	0.82832
33	171	1.42059
33	175	1.37211
34	54	0.863946
34	87	0.821023
34	90	1.62348
34	95	0.840575
34	120	0.872577
34	135	1.37616
34	150	0.82948
34	156	0.843562
34	157	0.8309
34	158	0.82647
34	161	1.31477
34	162	0.843901
34	172	0.827567
34	174	1.29492
35	22	1.42875
35	48	1.3001
35	66	1.46174
35	150	1.40325
35	153	0.841566
35	161	0.845973
35	168	0.83571
35	170	0.840936
35	173	0.84337
35	174	0.842535
35	176	0.836807
35	177	0.837005
35	178	0.843094
35	180	0.833005
36	94	1.22605
36	115	1.10382
36	119	1.14029
36	125	0.930607
36	155	1.10156
36	156	1.0209
36	170	0.933099
36	173	0.935533
36	174	0.934698
36	175	0.936069
36	176	0.92897
36	177	0.929169
36	179	0.946686
36	180	0.925168
37	104	1.47664
37	133	1.38631
37	141	1.37564
37	145	1.3526
37	152	0.839708
37	161	0.843277
37	171	0.838649
37	173	0.840674
37	174	0.839839
37	175	0.84121
37	176	0.834111
37	178	0.840398
37	179	0.851826
37	180	0.830309
38	63	0.827738
38	73	1.36254
38	109	0.843147
38	113	1.42046
38	120	0.868786
38	123	0.833588
38	125	1.40128
38	129	0.855386
38	150	0.825688
38	156	0.83977
38	160	0.832724
38	161	1.4255
38	166	0.849396
38	172	0.823776
39	64	1.40848
39	116	1.37815
39	129	1.38176
39	131	1.42191
39	153	0.840326
39	159	0.830369
39	161	0.844733
39	170	0.839696
39	171	0.840105
39	174	0.841295
39	175	0.842665
39	177	0.835765
39	179	0.853282
39	180	0.831765
40	22	1.18204
40	41	0.946719
40	92	0.871896
40	93	0.924206
40	114	1.30763
40	120	1.12088
40	127	0.87865
40	128	1.18811
40	130	0.868487
40	131	0.904194
40	137	0.91887
40	140	0.893802
40	145	0.896532
40	147	0.896644
40	167	1.20625
41	40	0.946719
41	93	0.919537
41	108	0.905913
41	118	0.920469
41	127	0.87398
41	130	0.863817
41	134	1.12724
41	140	0.889133
41	145	0.891862
41	147	0.891974
41	153	1.23292
41	165	0.896595
41	170	1.21349
41	176	1.17495
41	177	1.26238
42	43	0.943645
42	56	1.15959
42	109	0.907138
42	112	0.893265
42	143	1.16081
42	144	1.21646
42	148	1.26533
42	150	0.88968
42	154	0.891266
42	156	0.903762
42	157	0.8911
42	166	0.913388
42	169	0.878989
42	172	0.887768
42	174	1.20447
43	27	0.883841
43	32	0.976028
43	42	0.943645
43	112	0.895353
43	152	1.24087
43	156	0.90585
43	158	0.888759
43	159	1.30694
43	160	0.898804
43	164	0.897337
43	166	0.915476
43	169	0.881078
43	172	0.889856
43	175	1.20116
43	180	1.28346
44	29	0.801388
44	58	0.811023
44	67	0.884591
44	68	0.845201
44	78	0.812104
44	80	0.809484
44	104	0.779827
44	111	0.817651
44	151	0.830257
44	155	0.80402
44	165	0.804453
44	170	1.53546
44	173	1.50106
44	178	1.5012
44	179	1.47089
45	80	0.894706
45	103	0.919532
45	104	0.865049
45	120	0.926104
45	129	0.912704
45	151	0.915479
45	158	0.879997
45	160	0.890041
45	165	0.889675
45	166	0.906714
45	170	1.18284
45	171	1.20696
45	173	1.14844
45	177	1.23173
45	180	1.24078
46	49	1.59063
46	52	1.58305
46	77	1.36608
46	95	0.822688
46	127	1.4518
46	154	0.813178
46	159	0.811254
46	166	0.835301
46	169	0.800902
46	171	0.82099
46	172	0.80968
46	176	0.816452
46	178	0.822739
46	179	0.834167
46	180	0.81265
47	7	0.863617
47	8	1.36786
47	29	0.813683
47	52	0.781456
47	122	0.819224
47	132	0.81967
47	139	1.44622
47	149	1.64636
47	151	0.842552
47	155	0.816315
47	157	0.811499
47	158	0.80707
47	165	0.816748
47	168	1.54589
47	172	0.808167
48	19	0.908447
48	35	1.3001
48	85	0.935568
48	95	0.900316
48	109	0.906679
48	135	1.29165
48	138	1.04895
48	143	1.16676
48	150	0.889221
48	158	0.886212
48	164	0.894789
48	166	0.912929
48	169	0.87853
48	172	0.887308
48	175	1.19688
49	15	0.838169
49	32	0.89146
49	46	1.59063
49	75	0.823199
49	82	0.803631
49	115	0.79402
49	116	0.826727
49	119	0.782692
49	136	0.791829
49	138	0.821007
49	141	0.795939
49	142	0.831326
49	164	1.47743
49	168	1.47229
49	179	1.46566
50	64	1.49456
50	121	1.4271
50	122	1.52362
50	145	1.54508
50	146	0.811854
50	148	0.813546
50	163	0.823815
50	170	0.818523
50	171	0.818933
50	173	0.820957
50	176	0.814395
50	177	0.814593
50	178	0.820682
50	179	0.83211
50	180	0.810592
51	4	1.54372
51	65	1.14027
51	69	0.942648
51	76	0.913036
51	77	0.891823
51	90	1.27962
51	114	1.03619
51	131	0.896941
51	137	0.911616
51	140	0.886549
51	144	0.876953
51	145	0.889278
51	147	0.88939
51	162	0.901764
51	177	1.01079
52	22	0.828546
52	25	0.746617
52	46	1.58305
52	47	0.781456
52	67	0.895986
52	78	0.823499
52	80	0.820879
52	104	0.791223
52	129	0.838877
52	134	1.43642
52	151	0.841652
52	155	0.815415
52	156	1.4609
52	165	0.815849
52	170	1.52266
53	28	1.09216
53	60	1.39361
53	66	0.854722
53	82	0.867948
53	107	0.879418
53	115	0.858337
53	116	0.891044
53	117	1.35327
53	121	0.895206
53	136	0.856146
53	141	0.860256
53	142	0.895643
53	143	0.880864
53	155	0.860417
53	167	1.25927
53	171	1.31047
54	3	1.58771
54	34	0.863946
54	89	0.907982
54	94	0.847172
54	100	0.874181
54	117	0.865781
54	122	0.881414
54	158	0.86926
54	160	0.879305
54	167	0.879023
54	169	0.861579
54	170	1.20089
54	171	1.22501
54	172	0.870357
54	179	1.13632
54	180	1.25883
55	71	1.47745
55	85	1.11071
55	137	1.20054
55	141	1.28321
55	152	0.8733
55	161	0.876869
55	164	0.868413
55	172	1.31627
55	173	0.874266
55	174	0.873431
55	175	0.874802
55	176	0.867704
55	177	0.867902
55	178	0.873991
55	179	0.885419
55	180	0.863902
56	42	1.15959
56	86	1.40837
56	140	1.26463
56	148	0.867693
56	152	0.874138
56	156	1.28372
56	160	1.27739
56	161	0.877707
56	168	0.867444
56	174	0.874269
56	175	0.87564
56	176	0.868542
56	177	0.86874
56	178	0.874829
56	179	0.886257
56	180	0.86474
57	94	0.835005
57	95	0.871198
57	99	0.921648
57	120	0.903201
57	121	1.16301
57	154	0.861688
57	156	0.874185
57	160	0.867138
57	162	0.874524
57	165	1.28871
57	166	0.883811
57	168	1.27197
57	169	0.849412
57	172	0.85819
57	176	1.29137
57	180	1.38785
58	7	0.904579
58	22	0.870408
58	44	0.811023
58	67	0.937848
58	68	0.898457
58	78	0.865361
58	104	0.833084
58	126	1.37618
58	129	0.880739
58	151	0.883514
58	155	0.857277
58	164	1.2378
58	165	0.85771
58	170	1.2906
58	174	1.27976
58	179	1.22603
59	32	0.876743
59	74	0.812867
59	86	0.772696
59	91	0.746504
59	93	1.48213
59	107	0.800385
59	116	0.812011
59	121	0.816173
59	136	0.777113
59	138	0.806291
59	141	0.781223
59	142	0.81661
59	146	1.677
59	155	0.781384
59	164	1.60996
59	167	1.63568
60	19	1.37853
60	53	1.39361
60	98	1.30502
60	114	0.846971
60	138	1.33615
60	153	0.850451
60	159	0.840494
60	163	0.855113
60	166	1.38091
60	168	0.844595
60	170	0.849821
60	171	0.85023
60	173	0.852255
60	175	0.852791
60	178	0.85198
60	179	0.863408
60	180	0.84189
61	109	1.35909
61	122	1.38372
61	123	1.40144
61	137	1.34555
61	148	0.844754
61	149	0.849995
61	151	1.29834
61	161	0.854768
61	168	0.844505
61	170	0.849731
61	171	0.85014
61	173	0.852165
61	174	0.85133
61	176	0.845602
61	178	0.85189
61	179	0.863318
61	180	0.8418
62	85	0.969254
62	106	0.904485
62	112	0.926491
62	116	1.01786
62	132	0.932497
62	135	1.21804
62	150	0.922907
62	153	1.16707
62	156	0.936989
62	157	0.924327
62	158	0.919898
62	160	0.929942
62	161	1.15665
62	169	0.912216
62	172	0.920994
62	174	1.1368
62	178	1.11337
63	38	0.827738
63	85	0.8862
63	88	0.870834
63	106	0.821431
63	107	1.32987
63	118	1.27891
63	122	0.848997
63	151	0.872325
63	156	0.853934
63	157	0.841272
63	163	1.40543
63	166	0.86356
63	167	0.846606
63	168	1.38201
63	169	0.829162
63	172	0.83794
63	173	1.40555
64	19	0.863876
64	39	1.40848
64	50	1.49456
64	81	1.24271
64	94	0.819552
64	100	0.846562
64	101	0.84565
64	103	0.881176
64	156	0.858732
64	157	0.84607
64	158	0.841641
64	160	0.851685
64	161	1.31076
64	166	0.868358
64	169	0.833959
64	172	0.842738
64	177	1.35063
65	11	1.10493
65	51	1.14027
65	132	1.52465
65	150	1.50277
65	152	0.851995
65	158	1.52098
65	159	0.8412
65	168	0.845301
65	170	0.850527
65	173	0.852961
65	174	0.852126
65	175	0.853497
65	176	0.846398
65	177	0.846597
65	178	0.852686
65	179	0.864114
65	180	0.842596
66	15	0.886649
66	35	1.46174
66	53	0.854722
66	78	1.25623
66	82	0.85211
66	91	0.8097
66	97	1.34793
66	110	0.805488
66	115	0.8425
66	119	0.831171
66	121	0.879369
66	138	0.869487
66	141	0.844419
66	142	0.879806
66	155	0.844579
66	161	1.3919
66	178	1.34862
67	23	1.20051
67	24	0.930679
67	26	0.914082
67	44	0.884591
67	52	0.895986
67	58	0.937848
67	68	0.972026
67	78	0.938929
67	100	1.14034
67	104	0.906653
67	151	0.957082
67	155	0.930845
67	159	1.20582
67	163	1.08988
67	164	1.0716
67	165	0.931279
67	167	1.09732
68	7	0.938757
68	14	1.12448
68	22	0.904586
68	29	0.888823
68	44	0.845201
68	58	0.898457
68	67	0.972026
68	78	0.899539
68	80	0.896919
68	104	0.867262
68	105	1.148
68	111	0.905086
68	117	1.28026
68	126	1.29892
68	155	0.891455
68	157	1.18192
68	165	0.891888
68	176	1.1748
69	51	0.942648
69	76	0.918803
69	108	0.909096
69	120	1.12322
69	124	1.26295
69	127	0.877163
69	130	0.867
69	133	0.902278
69	135	0.900389
69	137	0.917383
69	140	0.892316
69	144	0.88272
69	145	0.895045
69	147	0.895157
69	161	1.24468
69	164	1.18287
69	174	1.22483
69	179	1.1711
70	103	1.10331
70	110	1.43989
70	113	0.870877
70	120	1.20452
70	149	0.877638
70	159	0.868047
70	161	0.882411
70	163	0.882666
70	166	1.18944
70	168	0.872148
70	169	1.32895
70	172	1.32415
70	173	0.879808
70	174	0.878973
70	175	0.880343
70	176	0.873245
70	177	0.873443
70	179	0.89096
70	180	0.869443
71	31	0.81065
71	55	1.47745
71	72	1.43333
71	92	0.784137
71	98	0.868966
71	108	0.822824
71	117	1.63647
71	118	0.837379
71	130	0.780728
71	131	0.816435
71	135	0.814116
71	137	0.831111
71	139	1.41194
71	140	0.806043
71	144	0.796448
71	145	0.808773
71	147	0.808885
71	159	1.65097
71	165	0.813506
72	71	1.43333
72	80	1.25687
72	101	1.24496
72	122	1.19459
72	134	0.902554
72	136	1.26033
72	148	0.869269
72	152	0.875715
72	153	0.874877
72	160	1.19688
72	161	0.879284
72	170	0.874247
72	174	0.875846
72	175	0.877217
72	176	0.870118
72	177	0.870317
72	178	0.876406
72	179	0.887834
72	180	0.866316
73	10	1.15818
73	27	1.38033
73	38	1.36254
73	118	1.1862
73	142	1.20107
73	148	0.873693
73	153	0.879301
73	159	0.869344
73	161	0.883708
73	165	1.30605
73	168	0.873444
73	170	0.87867
73	171	0.87908
73	174	0.88027
73	175	0.88164
73	176	0.874542
73	177	0.87474
73	178	0.880829
73	180	0.87074
74	1	0.822189
74	12	1.51081
74	17	0.892854
74	59	0.812867
74	75	0.908857
74	82	0.889289
74	89	1.11615
74	91	0.846879
74	107	0.90076
74	115	0.879679
74	119	0.86835
74	136	0.877487
74	141	0.881598
74	142	0.916985
74	143	0.902206
74	152	1.27338
74	164	1.20523
74	167	1.23096
74	172	1.26522
75	17	0.888469
75	18	0.877293
75	49	0.823199
75	74	0.908857
75	83	1.29787
75	90	1.58141
75	91	0.842494
75	93	1.08306
75	110	0.838283
75	115	0.875294
75	116	0.908001
75	136	0.873103
75	141	0.877213
75	142	0.9126
75	143	0.897821
75	149	1.30622
75	151	1.10793
75	155	0.877374
75	173	1.22929
76	4	1.73822
76	30	0.856188
76	51	0.913036
76	69	0.918803
76	77	0.867978
76	108	0.879484
76	113	1.16037
76	118	0.89404
76	126	1.24197
76	131	0.873096
76	133	0.872666
76	140	0.862704
76	144	0.853108
76	145	0.865433
76	146	1.17063
76	147	0.865545
76	162	0.877919
76	172	1.16358
76	175	1.13203
77	46	1.36608
77	51	0.891823
77	76	0.867978
77	79	1.37961
77	84	1.31994
77	92	0.819585
77	93	0.871894
77	98	0.904413
77	108	0.858271
77	131	0.851882
77	137	0.866558
77	140	0.84149
77	144	0.831895
77	145	0.84422
77	147	0.844332
77	154	1.32435
77	162	0.856705
77	165	0.848953
77	176	1.26715
77	177	1.35458
78	1	1.5783
78	22	0.871489
78	24	0.858192
78	25	0.78956
78	26	0.841594
78	44	0.812104
78	52	0.823499
78	58	0.865361
78	66	1.25623
78	67	0.938929
78	68	0.899539
78	80	0.863822
78	104	0.834165
78	135	1.34493
78	151	0.884595
78	155	0.858358
78	165	0.858792
78	169	1.28651
78	171	1.29865
78	178	1.24026
79	7	1.25942
79	9	0.804561
79	24	1.37072
79	77	1.37961
79	120	1.36265
79	126	0.849465
79	134	0.888202
79	138	1.30281
79	146	0.853225
79	151	1.31934
79	159	0.850568
79	161	0.864932
79	163	0.865187
79	173	0.862329
79	174	0.861494
79	175	0.862864
79	176	0.855766
79	177	0.855964
79	179	0.873481
79	180	0.851964
80	7	0.90304
80	22	0.86887
80	25	0.786941
80	26	0.838975
80	28	1.19889
80	29	0.853107
80	44	0.809484
80	45	0.894706
80	52	0.820879
80	68	0.896919
80	72	1.25687
80	78	0.863822
80	102	1.44709
80	111	0.86937
80	151	0.881976
80	154	1.41174
80	155	0.855739
80	163	1.35856
80	165	0.856172
80	168	1.33514
81	25	1.73475
81	64	1.24271
81	129	1.21599
81	131	1.25613
81	133	1.32694
81	152	0.858425
81	153	0.857587
81	159	0.84763
81	161	0.861994
81	163	0.862249
81	166	1.21463
81	168	0.851731
81	171	0.857366
81	174	0.858556
81	175	0.859926
81	176	0.852828
81	177	0.853026
81	178	0.859115
81	179	0.870543
81	180	0.849026
82	49	0.803631
82	53	0.867948
82	66	0.85211
82	74	0.889289
82	86	0.849118
82	91	0.822926
82	107	0.876807
82	110	0.818714
82	119	0.844397
82	121	0.892595
82	126	1.42672
82	136	0.853534
82	141	0.857645
82	142	0.893032
82	143	0.878253
82	154	1.3598
82	157	1.30972
82	174	1.3303
82	178	1.30687
82	179	1.27657
83	24	1.33099
83	32	1.18588
83	75	1.29787
83	106	0.834148
83	112	0.856154
83	123	0.860469
83	142	1.2892
83	144	1.43653
83	155	1.45426
83	158	0.84956
83	159	0.85223
83	166	0.876277
83	169	0.841879
83	172	0.850657
83	173	0.863991
83	175	0.864526
83	177	0.857626
83	178	0.863715
83	179	0.875143
83	180	0.853626
84	77	1.31994
84	123	1.36277
84	131	1.32942
84	132	1.36053
84	146	0.851372
84	151	1.25968
84	152	0.85951
84	158	1.35686
84	159	0.848715
84	168	0.852816
84	170	0.858042
84	171	0.858451
84	173	0.860476
84	174	0.859641
84	175	0.861012
84	176	0.853913
84	177	0.854112
84	178	0.8602
84	179	0.871629
84	180	0.850111
85	11	0.932743
85	23	1.27892
85	48	0.935568
85	55	1.11071
85	62	0.969254
85	63	0.8862
85	122	0.893296
85	124	1.23009
85	132	0.893741
85	150	0.884151
85	154	0.885736
85	156	0.898233
85	157	0.885571
85	158	0.881142
85	160	0.891186
85	163	1.16829
85	164	0.889719
85	169	0.87346
85	170	1.20281
85	177	1.2517
85	178	1.16854
86	1	0.782018
86	2	0.889151
86	13	0.792196
86	56	1.40837
86	59	0.772696
86	82	0.849118
86	88	1.25496
86	102	1.51808
86	107	0.860589
86	110	0.802496
86	115	0.839508
86	116	0.872214
86	121	0.876377
86	134	1.37783
86	136	0.837316
86	138	0.866494
86	141	0.841426
86	142	0.876813
86	155	0.841587
86	158	1.40549
86	167	1.43699
87	34	0.821023
87	96	1.53071
87	99	0.890891
87	102	1.41957
87	109	0.846805
87	120	0.872444
87	123	0.837246
87	150	0.829346
87	154	0.830932
87	155	1.38445
87	157	0.830766
87	158	0.826337
87	159	1.44698
87	160	0.836382
87	162	0.843768
87	164	0.834915
87	166	0.853054
87	169	0.818656
87	172	0.827434
87	176	1.32702
87	179	1.30099
88	9	1.48892
88	63	0.870834
88	86	1.25496
88	99	0.930329
88	101	0.869785
88	102	1.24608
88	105	0.903106
88	106	0.850363
88	109	0.886243
88	111	1.18192
88	112	0.872369
88	120	0.911882
88	124	1.21936
88	128	1.14686
88	150	0.868784
88	156	0.882867
88	157	0.870204
88	158	0.865775
88	159	1.2735
88	166	0.892492
88	169	0.858094
88	172	0.866872
89	26	1.37207
89	54	0.907982
89	74	1.11615
89	118	0.904058
89	123	0.881415
89	126	1.34488
89	127	0.857569
89	131	0.883114
89	132	0.883106
89	133	0.882684
89	137	0.897789
89	144	0.863126
89	147	0.875563
89	150	0.873515
89	154	0.875101
89	160	0.880551
89	169	0.862825
89	171	1.28342
89	172	0.871603
89	174	1.24846
89	176	1.22076
89	178	1.22503
90	11	1.24427
90	17	1.5223
90	34	1.62348
90	51	1.27962
90	75	1.58141
90	124	0.829378
90	138	1.54662
90	139	0.844817
90	149	0.823453
90	159	0.813862
90	163	0.828481
90	167	0.820955
90	170	0.823189
90	171	0.823598
90	173	0.825623
90	174	0.824788
90	175	0.826159
90	176	0.81906
90	177	0.819258
90	178	0.825347
90	179	0.836775
90	180	0.815258
91	2	0.862959
91	13	0.766004
91	32	0.910755
91	59	0.746504
91	66	0.8097
91	74	0.846879
91	75	0.842494
91	82	0.822926
91	96	1.61185
91	110	0.776304
91	116	0.846022
91	117	1.51362
91	119	0.801987
91	121	0.850185
91	136	0.811124
91	138	0.840302
91	141	0.815234
91	142	0.850621
91	146	1.46094
91	164	1.39389
91	167	1.41962
91	178	1.41243
92	31	0.818918
92	40	0.871896
92	71	0.784137
92	77	0.819585
92	93	0.844714
92	98	0.877233
92	102	0.822907
92	125	1.47579
92	127	0.799158
92	131	0.824702
92	135	0.822383
92	137	0.839378
92	140	0.81431
92	144	0.804715
92	145	0.81704
92	147	0.817152
92	164	1.43819
92	165	0.821773
92	167	1.46391
92	168	1.43305
92	176	1.45245
92	180	1.54893
93	40	0.924206
93	41	0.919537
93	59	1.48213
93	75	1.08306
93	77	0.871894
93	92	0.844714
93	98	0.929543
93	108	0.883401
93	118	0.897956
93	127	0.851468
93	130	0.841304
93	137	0.891687
93	140	0.86662
93	144	0.857025
93	145	0.869349
93	147	0.869461
93	149	1.26308
93	155	1.23944
93	159	1.30197
93	162	0.881835
93	164	1.16775
93	177	1.26945
94	5	0.875522
94	27	0.804778
94	36	1.22605
94	54	0.847172
94	57	0.835005
94	64	0.819552
94	99	0.87425
94	100	0.814617
94	132	0.822296
94	150	0.812705
94	157	0.814125
94	158	0.809696
94	160	0.819741
94	163	1.51005
94	164	0.818274
94	167	0.819459
94	169	0.802015
94	172	0.810793
94	173	1.51017
94	174	1.53374
94	175	1.52021
94	178	1.51031
95	21	1.27015
95	34	0.840575
95	46	0.822688
95	48	0.900316
95	57	0.871198
95	103	0.885424
95	109	0.866357
95	120	0.891996
95	132	0.858489
95	151	0.881371
95	152	1.3498
95	156	0.86298
95	157	0.850318
95	158	0.845889
95	160	0.855934
95	163	1.29994
95	166	0.872606
95	167	0.855652
95	169	0.838208
95	170	1.33446
95	176	1.29592
95	179	1.26989
95	180	1.3924
96	87	1.53071
96	91	1.61185
96	106	1.57605
96	124	0.816368
96	127	1.55656
96	128	0.830312
96	146	0.80351
96	149	0.810444
96	152	0.811648
96	153	0.81081
96	162	1.47969
96	166	1.43882
96	167	0.807946
96	170	0.81018
96	171	0.810589
96	173	0.812614
96	174	0.811779
96	175	0.813149
96	176	0.806051
96	177	0.806249
96	178	0.812338
96	179	0.823766
96	180	0.802249
97	4	0.810236
97	66	1.34793
97	123	1.31356
97	140	1.28538
97	148	0.861287
97	149	0.866529
97	151	1.21047
97	159	0.856938
97	161	0.871302
97	162	1.27957
97	163	0.871557
97	168	0.861038
97	169	1.37821
97	170	0.866264
97	171	0.866674
97	172	1.37341
97	174	0.867864
97	175	0.869234
97	176	0.862136
97	177	0.862334
97	178	0.868423
97	179	0.879851
97	180	0.858334
98	16	1.1866
98	30	0.892624
98	60	1.30502
98	71	0.868966
98	77	0.904413
98	92	0.877233
98	93	0.929543
98	99	1.07842
98	108	0.91592
98	111	1.18761
98	118	0.930475
98	127	0.883987
98	130	0.873823
98	131	0.909531
98	140	0.899139
98	143	1.14328
98	144	0.889543
98	145	0.901868
98	146	1.21201
98	147	0.90198
98	149	1.24029
98	162	0.914354
98	165	0.906601
98	180	1.2557
99	12	0.842528
99	27	0.891421
99	28	1.08764
99	57	0.921648
99	87	0.890891
99	88	0.930329
99	94	0.87425
99	98	1.07842
99	112	0.902933
99	117	0.892859
99	122	0.908493
99	125	1.26664
99	132	0.908938
99	139	1.12423
99	149	1.32437
99	150	0.899348
99	156	0.91343
99	158	0.896339
99	161	1.29085
99	166	0.923056
99	167	0.906102
99	168	1.2239
99	172	0.897436
99	179	1.21727
100	54	0.874181
100	64	0.846562
100	67	1.14034
100	94	0.814617
100	101	0.840716
100	103	0.876241
100	112	0.8433
100	122	0.84886
100	128	1.37191
100	133	0.848884
100	150	0.839715
100	152	1.43247
100	153	1.43656
100	156	0.853797
100	158	0.836706
100	160	0.846751
100	162	0.854137
100	164	0.845284
100	166	0.863423
100	168	1.35918
100	169	0.829025
100	172	0.837803
100	174	1.40629
100	177	1.46602
101	64	0.84565
101	72	1.24496
101	88	0.869785
101	100	0.840716
101	109	0.856262
101	117	0.832315
101	129	0.868501
101	132	0.848394
101	150	0.838803
101	153	1.40061
101	156	0.852886
101	157	0.840224
101	158	0.835794
101	159	1.4626
101	162	0.853225
101	164	0.844372
101	166	0.862511
101	167	0.845557
101	169	0.828113
101	170	1.38118
101	172	0.836891
101	173	1.34678
101	177	1.43007
101	178	1.34691
102	5	1.26352
102	80	1.44709
102	86	1.51808
102	87	1.41957
102	88	1.24608
102	92	0.822907
102	127	0.82966
102	130	0.819497
102	140	0.844812
102	142	1.30902
102	144	0.835217
102	145	0.847542
102	147	0.847654
102	156	1.39343
102	161	0.85963
102	162	0.860027
102	163	0.859886
102	170	0.854593
102	173	0.857027
102	174	0.856192
102	175	0.857563
102	176	0.850465
102	177	0.850663
102	180	0.846663
103	3	1.57434
103	26	1.30029
103	45	0.919532
103	64	0.881176
103	70	1.10331
103	95	0.885424
103	100	0.876241
103	106	0.855908
103	123	0.882229
103	132	0.88392
103	133	0.883498
103	135	1.25792
103	141	1.16164
103	145	1.1386
103	149	1.23005
103	150	0.874329
103	151	0.906802
103	156	0.888411
103	157	0.875749
103	158	0.87132
103	160	0.881365
103	166	0.898037
103	169	0.863639
103	172	0.872417
103	177	1.23642
104	7	0.873383
104	8	1.24033
104	22	0.839213
104	24	0.825916
104	25	0.757284
104	26	0.809318
104	29	0.82345
104	37	1.47664
104	44	0.779827
104	45	0.865049
104	52	0.791223
104	58	0.833084
104	67	0.906653
104	68	0.867262
104	78	0.834165
104	111	0.839713
104	114	1.55059
104	129	0.849544
104	143	1.42181
104	151	0.852319
104	155	0.826082
104	165	0.826515
104	173	1.44189
104	176	1.43776
104	178	1.44203
105	2	1.14465
105	18	1.26192
105	68	1.148
105	88	0.903106
105	107	1.22576
105	118	1.1748
105	130	1.39715
105	144	1.337
105	147	1.30159
105	156	0.886206
105	157	0.873544
105	160	0.87916
105	162	0.886546
105	163	0.886404
105	166	0.895832
105	169	0.861434
105	170	0.881112
105	171	0.881521
105	172	0.870212
105	174	0.882711
105	175	0.884082
105	176	0.876983
105	178	0.88327
105	179	0.894698
105	180	0.873181
106	27	0.811455
106	33	0.82059
106	62	0.904485
106	63	0.821431
106	83	0.834148
106	88	0.850363
106	96	1.57605
106	103	0.855908
106	117	0.812893
106	119	1.46852
106	120	0.86248
106	156	0.833464
106	157	0.820802
106	158	0.816373
106	160	0.826417
106	162	0.833803
106	166	0.84309
106	167	0.826136
106	169	0.808691
106	172	0.81747
106	174	1.40006
106	175	1.38653
106	176	1.37236
106	177	1.45979
106	179	1.34632
107	1	0.809707
107	2	0.91684
107	13	0.819886
107	17	0.880372
107	53	0.879418
107	59	0.800385
107	63	1.32987
107	74	0.90076
107	82	0.876807
107	86	0.860589
107	105	1.22576
107	110	0.830185
107	115	0.867197
107	116	0.899903
107	119	0.855868
107	136	0.865005
107	138	0.894184
107	141	0.869116
107	142	0.904502
107	155	0.869276
107	157	1.25968
107	159	1.37252
107	161	1.30012
107	168	1.23316
107	177	1.33999
107	180	1.34904
108	31	0.857604
108	41	0.905913
108	69	0.909096
108	71	0.822824
108	76	0.879484
108	77	0.858271
108	93	0.883401
108	98	0.91592
108	114	1.37392
108	118	0.884333
108	123	1.24696
108	126	1.3852
108	127	0.837844
108	130	0.827681
108	131	0.863389
108	134	1.21338
108	137	0.878064
108	140	0.852997
108	144	0.843401
108	145	0.855726
108	147	0.855838
108	154	1.31828
108	162	0.868212
108	173	1.26522
108	176	1.26108
108	177	1.34851
109	19	0.874488
109	38	0.843147
109	42	0.907138
109	48	0.906679
109	61	1.35909
109	87	0.846805
109	88	0.886243
109	95	0.866357
109	101	0.856262
109	122	0.864406
109	132	0.864852
109	133	0.86443
109	143	1.25168
109	150	0.855261
109	151	0.887734
109	153	1.3256
109	156	0.869344
109	157	0.856681
109	158	0.852252
109	169	0.844571
109	170	1.30617
109	172	0.853349
109	174	1.29533
109	178	1.2719
109	179	1.2416
109	180	1.36411
110	13	0.761793
110	17	0.822279
110	32	0.906543
110	66	0.805488
110	70	1.43989
110	75	0.838283
110	82	0.818714
110	86	0.802496
110	91	0.776304
110	107	0.830185
110	111	1.51396
110	115	0.809104
110	116	0.841811
110	119	0.797775
110	121	0.845973
110	136	0.806913
110	138	0.836091
110	141	0.811023
110	142	0.84641
110	143	0.831631
110	155	0.811184
110	167	1.49703
110	174	1.51327
110	175	1.49974
110	178	1.48984
110	179	1.45954
111	10	1.20197
111	26	0.847142
111	44	0.817651
111	68	0.905086
111	80	0.86937
111	88	1.18192
111	98	1.18761
111	104	0.839713
111	110	1.51396
111	122	1.32065
111	129	0.887368
111	139	0.888286
111	145	1.34211
111	149	0.866922
111	150	1.31424
111	151	0.890143
111	155	0.863906
111	156	1.32927
111	163	0.87195
111	165	0.864339
111	171	0.867067
111	174	0.868257
111	176	0.862529
111	177	0.862727
111	178	0.868816
111	180	0.858727
112	5	0.904205
112	42	0.893265
112	43	0.895353
112	62	0.926491
112	83	0.856154
112	88	0.872369
112	99	0.902933
112	100	0.8433
112	115	1.33443
112	122	0.850533
112	123	0.849288
112	129	0.871086
112	132	0.850978
112	143	1.25878
112	147	1.27902
112	148	1.3633
112	150	0.841388
112	152	1.32862
112	154	0.842973
112	156	0.85547
112	160	0.848423
112	166	0.865096
112	169	0.830697
112	173	1.27887
112	175	1.28891
112	178	1.279
113	38	1.42046
113	70	0.870877
113	76	1.16037
113	120	1.29271
113	134	0.877589
113	139	0.87091
113	145	1.35624
113	154	0.84188
113	155	1.42406
113	157	1.37374
113	158	1.34659
113	159	0.839955
113	161	0.854318
113	163	0.854573
113	164	0.845862
113	168	0.844055
113	169	1.41714
113	170	0.849281
113	171	0.849691
113	173	0.851715
113	174	0.85088
113	175	0.852251
113	176	0.845153
113	177	0.845351
113	178	0.85144
113	179	0.862868
113	180	0.841351
114	17	1.27887
114	40	1.30763
114	51	1.03619
114	60	0.846971
114	104	1.55059
114	108	1.37392
114	120	1.36303
114	144	1.47664
114	148	0.84795
114	149	0.853192
114	152	0.854396
114	153	0.853558
114	159	0.843601
114	160	1.40739
114	161	0.857965
114	163	0.85822
114	168	0.847702
114	170	0.852928
114	171	0.853337
114	173	0.855362
114	174	0.854527
114	175	0.855898
114	176	0.848799
114	177	0.848998
114	178	0.855086
114	179	0.866514
114	180	0.844997
115	17	0.85929
115	18	0.848114
115	24	0.848029
115	36	1.10382
115	49	0.79402
115	53	0.858337
115	66	0.8425
115	74	0.879679
115	75	0.875294
115	86	0.839508
115	107	0.867197
115	110	0.809104
115	112	1.33443
115	116	0.878822
115	119	0.834787
115	136	0.843924
115	138	0.873102
115	141	0.848034
115	142	0.883421
115	143	0.868643
115	151	1.26658
115	152	1.43768
115	155	0.848195
115	163	1.38782
115	165	1.38114
115	170	1.42234
115	177	1.47123
116	15	0.922971
116	18	0.880821
116	32	0.976261
116	39	1.37815
116	49	0.826727
116	53	0.891044
116	59	0.812011
116	62	1.01786
116	75	0.908001
116	86	0.872214
116	91	0.846022
116	107	0.899903
116	110	0.841811
116	115	0.878822
116	119	0.867493
116	121	0.915691
116	125	1.2562
116	136	0.87663
116	138	0.905809
116	141	0.880741
116	142	0.916128
116	149	1.31393
116	155	0.880902
116	161	1.28042
116	162	1.18475
116	163	1.23688
116	172	1.27859
116	174	1.26057
117	15	1.29406
117	53	1.35327
117	54	0.865781
117	68	1.28026
117	71	1.63647
117	91	1.51362
117	99	0.892859
117	101	0.832315
117	106	0.812893
117	125	0.837809
117	126	0.829873
117	138	1.29581
117	140	1.38726
117	147	1.43386
117	150	0.831314
117	152	0.84177
117	156	0.845397
117	160	0.83835
117	167	0.838068
117	168	0.835076
117	169	0.820624
117	170	0.840302
117	172	0.829402
117	175	0.843272
117	176	0.836173
117	178	0.842461
117	179	0.853889
117	180	0.832371
118	6	0.923395
118	20	0.888806
118	31	0.87216
118	41	0.920469
118	63	1.27891
118	71	0.837379
118	73	1.1862
118	76	0.89404
118	89	0.904058
118	93	0.897956
118	98	0.930475
118	105	1.1748
118	108	0.884333
118	126	1.32572
118	127	0.8524
118	131	0.877944
118	137	0.89262
118	140	0.867552
118	144	0.857957
118	145	0.870282
118	147	0.870394
118	152	1.25549
118	162	0.882767
118	165	0.875015
118	167	1.21306
118	171	1.26426
118	175	1.21578
118	180	1.29808
119	1	0.777297
119	2	0.88443
119	17	0.847962
119	18	0.836786
119	36	1.14029
119	49	0.782692
119	66	0.831171
119	74	0.86835
119	82	0.844397
119	91	0.801987
119	106	1.46852
119	107	0.855868
119	110	0.797775
119	115	0.834787
119	116	0.867493
119	121	0.871656
119	126	1.54439
119	136	0.832595
119	138	0.861774
119	141	0.836706
119	142	0.872093
119	143	0.857314
119	155	0.836866
119	162	1.37216
119	164	1.40601
119	167	1.43173
119	176	1.42027
119	178	1.42454
120	8	1.05277
120	12	0.824081
120	31	1.36963
120	34	0.872577
120	38	0.868786
120	40	1.12088
120	45	0.926104
120	57	0.903201
120	69	1.12322
120	70	1.20452
120	79	1.36265
120	87	0.872444
120	88	0.911882
120	95	0.891996
120	106	0.86248
120	113	1.29271
120	114	1.36303
120	122	0.890046
120	123	0.888801
120	150	0.880901
120	156	0.894983
120	157	0.882321
120	160	0.887936
120	166	0.904609
120	167	0.887655
120	169	0.87021
120	171	1.31285
120	172	0.878988
121	1	0.825495
121	2	0.932628
121	15	0.927134
121	18	0.884983
121	50	1.4271
121	53	0.895206
121	57	1.16301
121	59	0.816173
121	66	0.879369
121	82	0.892595
121	86	0.876377
121	91	0.850185
121	110	0.845973
121	116	0.915691
121	119	0.871656
121	134	1.14804
121	136	0.880793
121	138	0.909972
121	141	0.884904
121	142	0.92029
121	143	0.905512
121	149	1.27682
121	155	0.885064
121	159	1.31571
121	166	1.10676
121	171	1.25841
121	174	1.22345
121	180	1.29222
122	12	0.790128
122	33	0.848156
122	47	0.819224
122	50	1.52362
122	54	0.881414
122	61	1.38372
122	63	0.848997
122	72	1.19459
122	85	0.893296
122	99	0.908493
122	100	0.84886
122	109	0.864406
122	111	1.32065
122	112	0.850533
122	120	0.890046
122	123	0.854848
122	143	1.27632
122	150	0.846948
122	151	0.879421
122	155	1.3497
122	156	0.86103
122	157	0.848368
122	162	0.861369
122	164	0.852516
122	166	0.870656
122	168	1.27286
122	169	0.836257
122	172	0.845036
122	175	1.30644
122	177	1.3797
123	11	0.894295
123	21	1.28421
123	38	0.833588
123	61	1.40144
123	83	0.860469
123	84	1.36277
123	87	0.837246
123	89	0.881415
123	97	1.31356
123	103	0.882229
123	108	1.24696
123	112	0.849288
123	120	0.888801
123	122	0.854848
123	132	0.855294
123	133	0.854872
123	135	1.41892
123	143	1.29403
123	146	1.36276
123	150	0.845703
123	156	0.859785
123	157	0.847123
123	158	0.842694
123	160	0.852739
123	162	0.860125
123	164	0.851272
123	166	0.869411
123	169	0.835013
123	172	0.843791
123	175	1.32416
124	69	1.26295
124	85	1.23009
124	88	1.21936
124	90	0.829378
124	96	0.816368
124	126	0.851538
124	129	1.3023
124	132	1.37356
124	141	1.40259
124	146	0.855297
124	148	0.856989
124	149	0.862231
124	152	0.863435
124	158	1.36989
124	159	0.85264
124	161	0.867004
124	164	0.858548
124	165	1.38727
124	167	0.859733
124	169	1.44045
124	170	0.861967
124	171	0.862376
124	173	0.864401
124	174	0.863566
124	175	0.864937
124	176	0.857838
124	177	0.858037
124	178	0.864126
124	179	0.875554
124	180	0.854036
125	36	0.930607
125	38	1.40128
125	92	1.47579
125	99	1.26664
125	116	1.2562
125	117	0.837809
125	126	0.842856
125	129	1.25982
125	139	0.874914
125	141	1.3601
125	142	1.23981
125	145	1.33706
125	146	0.846616
125	149	0.85355
125	152	0.854753
125	153	0.853916
125	161	0.858322
125	163	0.858577
125	168	0.848059
125	170	0.853285
125	171	0.853695
125	172	1.39317
125	173	0.855719
125	174	0.854884
125	175	0.856255
125	176	0.849157
125	177	0.849355
125	178	0.855444
125	179	0.866872
125	180	0.845355
126	58	1.37618
126	68	1.29892
126	76	1.24197
126	79	0.849465
126	82	1.42672
126	89	1.34488
126	108	1.3852
126	117	0.829873
126	118	1.32572
126	119	1.54439
126	124	0.851538
126	125	0.842856
126	139	0.866977
126	146	0.838679
126	148	0.840371
126	152	0.846817
126	153	0.845979
126	157	1.45534
126	159	0.836022
126	163	0.850641
126	168	0.840123
126	170	0.845349
126	171	0.845758
126	173	0.847783
126	174	0.846948
126	175	0.848319
126	176	0.84122
126	177	0.841419
126	178	0.847508
126	179	0.858936
126	180	0.837418
127	10	0.887865
127	20	0.842318
127	28	0.916598
127	40	0.87865
127	41	0.87398
127	46	1.4518
127	69	0.877163
127	89	0.857569
127	92	0.799158
127	93	0.851468
127	96	1.55656
127	98	0.883987
127	102	0.82966
127	108	0.837844
127	118	0.8524
127	128	1.34619
127	130	0.795748
127	131	0.831456
127	133	0.831026
127	135	0.829137
127	142	1.24524
127	144	0.811468
127	145	0.823793
127	147	0.823905
127	156	1.32964
127	162	0.836279
127	164	1.33861
127	165	0.828526
127	167	1.36433
127	169	1.40339
127	175	1.36704
128	7	1.14029
128	40	1.18811
128	88	1.14686
128	96	0.830312
128	100	1.37191
128	127	1.34619
128	132	1.30106
128	137	1.24742
128	144	1.35712
128	146	0.869241
128	148	0.870933
128	149	0.876175
128	152	0.877378
128	153	0.876541
128	154	0.868509
128	157	1.32455
128	159	0.866584
128	163	0.881203
128	164	0.872491
128	167	0.873677
128	168	0.870684
128	169	1.36795
128	170	0.875911
128	171	0.87632
128	173	0.878345
128	174	0.87751
128	175	0.87888
128	176	0.871782
128	177	0.87198
128	178	0.878069
128	179	0.889497
128	180	0.86798
129	7	0.921038
129	11	0.916093
129	14	0.919891
129	16	1.26385
129	25	0.804939
129	26	0.856973
129	29	0.871105
129	38	0.855386
129	39	1.38176
129	45	0.912704
129	52	0.838877
129	58	0.880739
129	81	1.21599
129	101	0.868501
129	104	0.849544
129	111	0.887368
129	112	0.871086
129	124	1.3023
129	125	1.25982
129	143	1.22053
129	150	0.867501
129	155	0.873737
129	157	0.868921
129	158	0.864492
129	159	1.35644
129	160	0.874536
129	165	0.87417
129	169	0.85681
129	172	0.865589
129	173	1.24062
129	176	1.23648
129	180	1.33296
130	6	0.866743
130	10	0.877702
130	20	0.832155
130	28	0.906435
130	30	0.804385
130	31	0.815508
130	40	0.868487
130	41	0.863817
130	69	0.867
130	71	0.780728
130	93	0.841304
130	98	0.873823
130	102	0.819497
130	105	1.39715
130	108	0.827681
130	127	0.795748
130	131	0.821293
130	135	0.818974
130	137	0.835968
130	140	0.810901
130	145	0.81363
130	147	0.813742
130	150	1.3857
130	154	1.48115
130	160	1.3944
130	161	1.47151
130	162	0.826116
130	163	1.42797
130	165	0.818363
130	173	1.42809
130	176	1.42395
130	179	1.39792
131	10	0.913409
131	14	1.22631
131	20	0.867862
131	30	0.840093
131	39	1.42191
131	40	0.904194
131	51	0.896941
131	71	0.816435
131	76	0.873096
131	77	0.851882
131	81	1.25613
131	84	1.32942
131	89	0.883114
131	92	0.824702
131	98	0.909531
131	108	0.863389
131	118	0.877944
131	127	0.831456
131	130	0.821293
131	135	0.854681
131	137	0.871676
131	140	0.846608
131	144	0.837013
131	145	0.849338
131	147	0.84945
131	152	1.33051
131	154	1.33383
131	157	1.28375
131	162	0.861823
131	165	0.854071
131	175	1.2908
131	177	1.36406
131	180	1.37311
132	15	1.17223
132	17	1.14967
132	19	0.86662
132	47	0.81967
132	62	0.932497
132	65	1.52465
132	84	1.36053
132	85	0.893741
132	89	0.883106
132	94	0.822296
132	95	0.858489
132	99	0.908938
132	101	0.848394
132	103	0.88392
132	109	0.864852
132	112	0.850978
132	123	0.855294
132	124	1.37356
132	128	1.30106
132	133	0.856562
132	150	0.847394
132	156	0.861476
132	157	0.848814
132	158	0.844385
132	160	0.854429
132	162	0.861815
132	167	0.854147
132	169	0.836703
132	172	0.845481
132	173	1.31187
132	176	1.30774
132	177	1.39517
132	178	1.31201
133	7	1.17029
133	10	0.912979
133	32	1.13647
133	37	1.38631
133	69	0.902278
133	76	0.872666
133	81	1.32694
133	89	0.882684
133	100	0.848884
133	103	0.883498
133	109	0.86443
133	123	0.854872
133	127	0.831026
133	132	0.856562
133	137	0.871246
133	140	0.846178
133	144	0.836583
133	145	0.848908
133	147	0.84902
133	153	1.4054
133	156	0.861054
133	157	0.848392
133	158	0.843963
133	160	0.854007
