1	19	1.05219
1	49	0.948289
1	89	0.996875
1	114	1.00259
1	120	1.09363
1	122	0.9858
1	142	0.982808
1	145	1.04625
1	149	0.863789
1	151	1.06295
1	154	1.10027
1	156	1.05164
2	23	1.09711
2	88	1.18365
2	100	0.78992
2	111	1.19555
2	129	1.24586
2	136	1.2555
2	153	0.724494
2	156	1.2088
2	157	0.805471
2	162	0.756348
2	167	0.756503
2	174	1.21357
3	52	1.15214
3	66	0.860358
3	99	1.24916
3	111	1.17757
3	129	1.22787
3	136	1.23752
3	139	0.678553
3	146	1.16009
3	166	0.799041
3	171	0.677578
3	174	1.19559
3	176	0.819528
4	28	1.14375
4	85	0.651334
4	92	1.23564
4	121	1.19194
4	123	1.22021
4	132	1.25837
4	144	0.800485
4	146	0.815143
4	158	0.736178
4	172	1.14041
4	174	1.20976
4	176	0.831588
5	55	0.720296
5	68	0.638456
5	147	0.658482
5	151	0.688656
5	173	1.15719
5	174	0.666704
5	175	1.24197
5	176	1.2277
5	177	1.19144
5	178	1.23545
5	179	1.17849
5	180	1.18441
6	77	1.15804
6	83	1.17934
6	111	1.18457
6	122	0.789459
6	127	0.730892
6	129	1.23488
6	136	1.24452
6	139	0.730957
6	142	0.786467
6	156	1.19782
6	162	0.792303
6	174	1.20259
7	53	0.620249
7	118	0.679668
7	141	0.72806
7	168	0.672308
7	173	1.15719
7	174	0.689109
7	175	1.24197
7	176	1.2277
7	177	1.19144
7	178	1.23545
7	179	1.17849
7	180	1.18441
8	64	0.670026
8	98	0.652164
8	126	0.690789
8	145	0.666625
8	148	0.682582
8	173	1.15719
8	175	1.24197
8	176	1.2277
8	177	1.19144
8	178	1.23545
8	179	1.17849
8	180	1.18441
9	36	1.19097
9	37	1.22147
9	47	1.19709
9	51	1.27899
9	72	1.16352
9	144	1.15763
9	146	0.838213
9	148	1.17763
9	163	0.745829
9	164	0.674496
9	171	0.712708
9	172	0.862845
10	55	1.01326
10	56	1.00748
10	78	1.05971
10	109	1.10047
10	126	1.06597
10	127	0.884136
10	140	1.04924
10	141	1.0422
10	168	1.07313
10	169	0.884452
10	172	1.03336
10	175	0.985966
11	78	1.21583
11	81	1.19375
11	98	1.18385
11	110	1.24857
11	139	0.711327
11	141	1.19832
11	161	0.751432
11	162	0.772673
11	163	0.743473
11	166	1.1325
11	168	1.22925
11	176	0.852301
12	85	0.530159
12	102	1.40464
12	120	1.42442
12	135	0.670176
12	137	1.41609
12	145	1.37703
12	151	1.39374
12	153	0.598929
12	172	0.7186
12	174	1.38719
12	175	0.671203
12	178	0.692585
13	22	0.988534
13	24	1.18349
13	39	1.00793
13	50	0.957945
13	58	1.11923
13	86	1.07934
13	131	1.05479
13	150	0.922768
13	156	1.00181
13	159	0.88238
13	161	0.927348
13	171	1.06925
14	27	1.34494
14	41	1.16404
14	80	1.28245
14	99	1.33117
14	104	0.64472
14	117	1.35625
14	129	1.30988
14	136	1.31953
14	144	0.724365
14	150	0.650018
14	158	0.660058
14	172	0.763655
14	178	0.737641
15	45	0.812814
15	102	0.677328
15	103	0.745478
15	117	0.701376
15	136	0.726394
15	170	1.20778
15	173	1.08485
15	175	1.16963
15	176	1.15535
15	177	1.1191
15	178	1.1631
15	179	1.10614
15	180	1.11207
16	41	1.00841
16	77	1.07742
16	82	1.15543
16	97	1.22763
16	108	1.15449
16	117	1.20062
16	136	1.16389
16	153	0.753388
16	166	0.844384
16	169	0.724148
16	172	0.873059
16	174	1.12197
16	179	0.940792
17	91	1.15366
17	103	1.1232
17	121	1.09503
17	123	1.1233
17	132	1.16145
17	135	0.881714
17	142	0.836485
17	144	0.890847
17	154	1.15671
17	164	0.741787
17	169	0.781225
17	171	1.17552
17	174	1.11285
18	96	0.790993
18	97	0.6714
18	111	0.769236
18	147	0.702968
18	151	0.733141
18	170	1.20778
18	173	1.08485
18	175	1.16963
18	176	1.15535
18	177	1.1191
18	178	1.1631
18	179	1.10614
18	180	1.11207
19	1	1.05219
19	119	1.21992
19	130	1.12363
19	137	1.15618
19	145	1.11711
19	149	0.673091
19	151	1.13382
19	154	1.17114
19	157	0.84707
19	171	0.735626
19	172	0.885763
19	173	0.991529
19	174	1.12728
20	32	1.05921
20	45	1.15434
20	98	1.13244
20	116	1.14587
20	118	1.14246
20	140	1.15395
20	141	1.14691
20	144	0.826603
20	147	1.17298
20	157	0.8272
20	171	0.715756
20	178	0.839879
20	180	0.922091
21	36	1.12737
21	38	1.12152
21	47	1.13348
21	51	1.21538
21	72	1.09991
21	109	1.19116
21	144	1.09402
21	146	0.863217
21	148	1.11402
21	161	0.778792
21	167	0.800188
21	171	0.737712
21	179	0.955583
22	13	0.988534
22	33	1.18698
22	35	1.10164
22	58	1.2261
22	86	1.18621
22	100	1.12348
22	104	0.804895
22	156	1.10869
22	164	0.73548
22	165	0.800569
22	170	0.868177
22	171	1.17613
22	172	0.92383
23	2	1.09711
23	51	0.883217
23	69	1.14386
23	102	0.903497
23	115	0.975224
23	121	0.997211
23	125	1.05061
23	129	1.04732
23	136	1.05696
23	168	0.949242
23	177	0.912211
23	179	0.899254
23	180	0.905181
24	13	1.18349
24	25	0.644022
24	35	1.2966
24	39	1.30977
24	50	1.25978
24	86	1.38117
24	149	0.55462
24	156	1.30365
24	162	0.679475
24	163	0.650276
24	171	1.37109
24	177	0.824248
24	180	0.823489
25	24	0.644022
25	44	0.758965
25	59	1.10737
25	77	0.811565
25	115	0.734203
25	137	1.21899
25	141	0.763973
25	145	1.17992
25	151	1.19663
25	172	1.12073
25	178	1.13127
25	179	1.07431
25	180	1.08023
26	98	1.02525
26	113	0.988716
26	137	0.982087
26	151	1.02219
26	168	0.983437
26	169	1.10175
26	170	1.03363
26	173	0.910698
26	175	0.995474
26	176	0.981203
26	177	0.944948
26	178	0.988949
26	179	0.931991
26	180	0.937918
27	14	1.34494
27	63	0.643163
27	77	1.1543
27	83	1.17559
27	111	1.18082
27	113	0.88422
27	117	1.27749
27	129	1.23113
27	136	1.24077
27	153	0.698432
27	160	0.702346
27	171	0.667966
27	174	1.19884
27	179	0.885837
28	4	1.14375
28	30	1.15395
28	37	0.833127
28	61	0.995918
28	84	1.15676
28	105	0.851946
28	121	1.04766
28	132	1.11408
28	164	0.828546
28	167	0.929234
28	171	1.12815
28	172	0.99613
28	174	1.06548
28	178	0.990881
29	38	1.23169
29	44	1.24444
29	47	1.24366
29	49	0.730187
29	72	1.21009
29	75	0.650268
29	104	0.739423
29	115	1.22227
29	132	1.27387
29	143	0.784994
29	167	0.770697
29	170	0.802706
29	172	1.15592
29	174	1.22527
30	28	1.15395
30	61	1.1504
30	103	1.23031
30	104	0.693787
30	123	1.23041
30	132	1.26857
30	143	0.739358
30	154	1.26383
30	155	0.667087
30	166	0.784048
30	167	0.725061
30	171	1.28264
30	174	1.21997
30	177	0.869679
31	44	0.798441
31	60	0.763355
31	96	0.844301
31	141	0.803449
31	169	1.212
31	170	1.14388
31	173	1.02095
31	174	0.764498
31	175	1.10572
31	176	1.09145
31	177	1.0552
31	178	1.0992
31	179	1.04224
31	180	1.04817
32	20	1.05921
32	98	1.06493
32	110	1.12964
32	116	1.07835
32	118	1.07495
32	126	1.10317
32	140	1.08644
32	146	0.92718
32	147	1.10547
32	152	0.783598
32	165	0.828551
32	168	1.11033
32	172	0.951812
32	176	0.943625
33	22	1.18698
33	35	1.19321
33	39	1.20637
33	50	1.15639
33	58	1.31767
33	86	1.27778
33	125	0.695112
33	156	1.20025
33	163	0.648876
33	167	0.67823
33	171	1.2677
33	172	0.765892
33	173	0.871658
33	177	0.822849
34	53	1.25834
34	60	1.19413
34	101	1.19308
34	112	1.21459
34	138	0.758957
34	139	0.781762
34	144	1.11551
34	149	0.718252
34	152	0.76271
34	154	1.18044
34	166	1.08856
34	168	1.18531
34	169	0.782013
34	172	1.06723
34	174	0.886469
35	22	1.10164
35	24	1.2966
35	33	1.19321
35	39	1.12104
35	50	1.07105
35	58	1.23233
35	86	1.19244
35	113	0.898351
35	152	0.66402
35	156	1.11492
35	165	0.708973
35	169	0.683323
35	171	1.18236
35	173	0.938
35	180	0.888432
36	9	1.19097
36	21	1.12737
36	38	1.15019
36	47	1.16216
36	51	1.24406
36	54	1.23674
36	72	1.12859
36	73	1.12671
36	131	0.810368
36	133	0.789016
36	148	1.1427
36	170	0.736334
36	175	0.74459
36	177	0.848943
36	180	0.848184
37	9	1.22147
37	28	0.833127
37	47	1.19265
37	54	1.26723
37	65	0.702144
37	107	1.19175
37	108	0.659898
37	114	0.751487
37	115	0.673704
37	136	0.651044
37	141	1.19206
37	147	1.21813
37	176	1.1077
37	177	1.07144
37	179	1.05849
38	21	1.12152
38	29	1.23169
38	36	1.15019
38	47	1.15631
38	51	1.23821
38	54	1.23089
38	72	1.12274
38	122	0.759912
38	144	1.11685
38	148	1.13685
38	163	0.733555
38	171	0.700434
38	176	0.842384
38	178	0.824557
38	179	0.918305
39	13	1.00793
39	24	1.30977
39	33	1.20637
39	35	1.12104
39	50	1.08422
39	58	1.2455
39	86	1.20561
39	113	0.871057
39	139	0.655778
39	156	1.12808
39	171	1.19552
39	172	0.80494
39	176	0.796752
39	178	0.778926
39	179	0.872674
40	59	0.79549
40	69	0.605145
40	116	0.718471
40	148	0.741723
40	154	0.685886
40	168	0.669495
40	169	1.28978
40	170	1.22166
40	173	1.09872
40	175	1.1835
40	176	1.16923
40	177	1.13297
40	178	1.17698
40	179	1.12002
40	180	1.12594
41	14	1.16404
41	16	1.00841
41	75	0.860799
41	82	1.05141
41	99	1.07151
41	108	1.05046
41	111	0.999924
41	117	1.09659
41	136	1.05987
41	146	0.982438
41	160	0.953133
41	167	0.981228
41	171	0.918753
41	174	1.01794
41	175	1.02149
42	48	0.721134
42	80	0.710368
42	87	0.658967
42	97	0.684849
42	103	0.730243
42	115	1.19762
42	119	0.709483
42	126	1.2422
42	140	1.22547
42	147	1.24449
42	166	1.1526
42	172	1.13127
42	178	1.1418
42	179	1.08485
42	180	1.09077
43	62	1.20248
43	65	1.17721
43	95	1.14329
43	120	1.19552
43	127	0.719224
43	128	0.811535
43	130	1.15465
43	131	1.11323
43	145	1.14813
43	151	1.16484
43	161	0.759394
43	165	0.74519
43	168	1.20703
43	175	0.821055
43	177	0.925408
44	25	0.758965
44	29	1.24444
44	31	0.798441
44	60	1.20822
44	96	1.14582
44	100	1.16069
44	101	1.20717
44	115	1.14766
44	159	0.728209
44	160	0.766478
44	164	0.693884
44	166	1.10264
44	168	1.19939
44	172	1.08131
44	177	0.939191
45	15	0.812814
45	20	1.15434
45	81	1.16996
45	98	1.16005
45	106	1.18023
45	107	1.17421
45	125	0.850452
45	139	0.772069
45	140	1.18156
45	141	1.17452
45	147	1.20059
45	159	0.767206
45	164	0.732882
45	165	0.79797
45	166	1.1087
46	68	1.18729
46	90	1.11932
46	96	1.16861
46	101	1.22996
46	112	1.25147
46	115	1.17045
46	127	0.723187
46	142	0.778762
46	144	1.15239
46	157	0.833721
46	159	0.71839
46	162	0.784598
46	166	1.12544
46	172	1.10411
46	179	0.940148
47	9	1.19709
47	21	1.13348
47	29	1.24366
47	36	1.16216
47	37	1.19265
47	38	1.15631
47	72	1.1347
47	131	0.84206
47	144	1.12881
47	146	0.799047
47	148	1.14881
47	162	0.735862
47	165	0.700417
47	172	0.823679
47	180	0.879877
48	42	0.721134
48	51	1.246
48	72	1.13053
48	86	1.21847
48	103	1.15606
48	121	1.12789
48	134	0.834675
48	144	1.12464
48	146	0.820154
48	150	0.731148
48	156	1.14094
48	170	0.789134
48	171	1.20839
48	174	1.14571
48	176	0.836599
49	1	0.948289
49	29	0.730187
49	96	0.799923
49	140	0.719419
49	154	0.71971
49	167	1.16882
49	168	0.703319
49	169	1.2377
49	170	1.16958
49	173	1.04665
49	175	1.13142
49	176	1.11715
49	177	1.0809
49	178	1.1249
49	179	1.06794
49	180	1.07387
50	13	0.957945
50	24	1.25978
50	33	1.15639
50	35	1.07105
50	39	1.08422
50	58	1.19552
50	86	1.15562
50	100	1.09289
50	134	0.918783
50	146	0.904262
50	153	0.809224
50	156	1.0781
50	158	0.825297
50	164	0.740545
50	171	1.14554
50	175	0.881498
51	9	1.27899
51	21	1.21538
51	23	0.883217
51	36	1.24406
51	38	1.23821
51	48	1.246
51	54	1.32475
51	73	1.21472
51	143	0.692101
51	144	1.21072
51	148	1.23071
51	163	0.64845
51	165	0.642204
51	169	0.616554
51	172	0.765465
51	179	0.833199
52	3	1.15214
52	80	1.0929
52	82	1.12151
52	97	1.19371
52	105	0.780465
52	117	1.1667
52	129	1.12034
52	136	1.12998
52	146	1.05255
52	149	0.732743
52	156	1.08328
52	160	0.829658
52	171	0.795278
52	174	1.08805
52	176	0.937227
52	177	1.00237
53	7	0.620249
53	34	1.25834
53	90	1.19912
53	96	1.24842
53	101	1.30976
53	115	1.25026
53	125	0.708652
53	131	0.797813
53	135	1.24824
53	154	1.29712
53	165	0.65617
53	166	1.20524
53	167	0.69177
53	172	1.18391
53	176	0.771244
53	177	0.836388
54	36	1.23674
54	37	1.26723
54	38	1.23089
54	51	1.32475
54	72	1.20929
54	73	1.2074
54	109	1.30054
54	144	1.2034
54	146	0.759794
54	148	1.22339
54	150	0.670788
54	155	0.638791
54	169	0.635514
54	170	0.728773
54	177	0.841383
54	179	0.852159
55	5	0.720296
55	10	1.01326
55	56	1.10345
55	64	1.16894
55	106	1.14387
55	131	1.0753
55	140	1.14521
55	141	1.13817
55	144	0.862592
55	147	1.16423
55	150	0.788244
55	161	0.792825
55	166	1.07234
55	168	1.1691
55	172	0.901882
55	179	0.969616
56	10	1.00748
56	55	1.10345
56	63	0.748477
56	70	1.10659
56	106	1.13809
56	110	1.18263
56	116	1.13134
56	126	1.15616
56	131	1.06952
56	140	1.13943
56	146	0.898785
56	152	0.755203
56	168	1.16332
56	171	0.77328
56	176	0.91523
56	179	0.991151
57	63	0.72426
57	68	1.12017
57	96	1.10149
57	101	1.16284
57	112	1.18435
57	115	1.10333
57	135	1.10132
57	138	0.727233
57	144	1.08526
57	150	0.785562
57	154	1.1502
57	168	1.15506
57	172	1.03698
57	173	1.00497
57	178	0.873186
57	179	0.966934
58	13	1.11923
58	22	1.2261
58	33	1.31767
58	35	1.23233
58	39	1.2455
58	50	1.19552
58	86	1.31691
58	105	0.666896
58	125	0.761066
58	131	0.850227
58	155	0.68621
58	156	1.23938
58	160	0.716089
58	164	0.643496
58	166	0.803171
58	171	1.30682
59	25	1.10737
59	40	0.79549
59	84	1.14006
59	87	1.12879
59	91	1.08959
59	123	1.05923
59	128	0.90057
59	132	1.09738
59	148	1.04771
59	154	1.09264
59	161	0.848428
59	165	0.834225
59	171	1.11145
59	172	0.979429
59	174	1.04878
59	178	0.931471
59	179	1.02522
60	31	0.763355
60	34	1.19413
60	44	1.20822
60	90	1.13491
60	96	1.18421
60	112	1.26706
60	115	1.18605
60	139	0.697986
60	153	0.727478
60	154	1.23291
60	157	0.808455
60	163	0.730132
60	166	1.14103
60	168	1.23778
60	169	0.698237
60	172	1.1197
60	173	0.952914
61	28	0.995918
61	30	1.1504
61	69	1.19076
61	92	1.08781
61	103	1.07228
61	121	1.04411
61	123	1.07238
61	132	1.11054
61	138	0.816084
61	149	0.775379
61	162	0.900235
61	167	0.900389
61	171	1.12461
61	172	0.992582
61	174	1.06193
61	175	0.940654
61	177	1.04501
62	43	1.20248
62	85	0.706565
62	119	1.26832
62	124	1.1726
62	130	1.17203
62	137	1.20458
62	139	0.745843
62	145	1.16552
62	146	1.14018
62	150	0.781368
62	151	1.18222
62	154	1.21954
62	156	1.17091
62	159	0.740981
62	166	0.866331
62	169	0.746094
62	170	0.839353
63	27	0.643163
63	56	0.748477
63	57	0.72426
63	84	0.647749
63	94	0.703896
63	114	0.760315
63	156	0.700793
63	167	1.23882
63	169	1.3077
63	170	1.23958
63	173	1.11665
63	175	1.20142
63	176	1.18715
63	177	1.1509
63	178	1.1949
63	179	1.13794
63	180	1.14387
64	8	0.670026
64	55	1.16894
64	71	1.18113
64	77	1.13552
64	88	1.15015
64	118	1.19342
64	120	1.21729
64	136	1.222
64	138	0.719196
64	144	0.851873
64	147	1.22394
64	151	1.18661
64	162	0.803346
64	164	0.702813
64	168	1.2288
64	171	0.741026
64	172	0.891163
65	37	0.702144
65	43	1.17721
65	89	1.09087
65	102	1.16785
65	114	1.09659
65	120	1.18763
65	130	1.14676
65	137	1.17931
65	139	0.73675
65	145	1.14024
65	146	1.1149
65	151	1.15695
65	156	1.14564
65	158	0.782315
65	159	0.731887
65	166	0.857237
65	173	0.991678
65	176	0.877724
66	3	0.860358
66	86	0.853782
66	92	0.849002
66	97	0.841144
66	115	0.890114
66	131	1.05975
66	136	0.867454
66	165	1.12535
66	167	1.08992
66	169	1.1588
66	170	1.09068
66	173	0.967746
66	175	1.05252
66	176	1.03825
66	177	1.002
66	178	1.046
66	179	0.989038
66	180	0.994965
67	69	0.639413
67	101	0.694762
67	115	0.729744
67	124	0.788372
67	145	0.760034
67	156	0.748005
67	165	1.22203
67	167	1.1866
67	169	1.25548
67	170	1.18736
67	173	1.06443
67	174	0.720563
67	175	1.1492
67	176	1.13493
67	177	1.09868
67	178	1.14268
67	179	1.08572
67	180	1.09165
68	5	0.638456
68	46	1.18729
68	57	1.12017
68	90	1.09119
68	96	1.14049
68	101	1.20183
68	112	1.22334
68	113	0.886159
68	125	0.749263
68	135	1.14032
68	144	1.12426
68	166	1.09731
68	168	1.19406
68	172	1.07598
68	173	0.925808
68	176	0.811855
68	178	0.794028
68	180	0.87624
69	23	1.14386
69	40	0.605145
69	61	1.19076
69	67	0.639413
69	92	1.2862
69	100	0.712897
69	103	1.27067
69	121	1.2425
69	123	1.27077
69	132	1.30893
69	154	1.30419
69	160	0.651384
69	166	0.738466
69	171	1.323
69	173	0.872906
69	174	1.26032
69	175	0.719744
69	178	0.741126
70	56	1.10659
70	78	1.15882
70	81	1.13674
70	94	1.12554
70	104	0.764984
70	106	1.14701
70	116	1.14026
70	126	1.16508
70	140	1.14835
70	141	1.14131
70	147	1.16737
70	150	0.770282
70	159	0.729894
70	165	0.760658
70	168	1.17224
70	173	0.989685
70	175	0.836523
70	176	0.875732
71	64	1.18113
71	76	1.07776
71	79	1.17104
71	93	1.2316
71	100	0.81197
71	120	1.16978
71	124	1.12948
71	130	1.12892
71	145	1.1224
71	151	1.1391
71	152	0.698
71	156	1.12779
71	163	0.749199
71	166	0.83754
71	173	0.97198
71	174	1.13256
71	175	0.818818
71	178	0.8402
72	9	1.16352
72	21	1.09991
72	29	1.21009
72	36	1.12859
72	38	1.12274
72	47	1.1347
72	48	1.13053
72	54	1.20929
72	73	1.09926
72	75	0.700034
72	109	1.19239
72	131	0.926507
72	135	0.859702
72	148	1.11524
72	150	0.794487
72	163	0.791109
72	171	0.757988
72	176	0.899938
73	36	1.12671
73	51	1.21472
73	54	1.2074
73	72	1.09926
73	100	0.788087
73	124	1.11135
73	132	1.16304
73	143	0.768967
73	145	1.10427
73	151	1.12098
73	153	0.72266
73	154	1.1583
73	166	0.813656
73	170	0.786678
73	171	1.17711
73	173	0.948097
73	174	1.11444
73	177	0.899288
74	76	1.21385
74	89	1.20912
74	93	1.36769
74	95	1.25364
74	102	1.2861
74	114	1.21484
74	124	1.26557
74	131	1.22358
74	133	0.810263
74	137	1.29755
74	150	0.699596
74	151	1.2752
74	152	0.645019
74	157	0.77454
74	158	0.709636
74	161	0.704176
74	171	0.663097
74	175	0.765837
75	29	0.650268
75	41	0.860799
75	72	0.700034
75	76	1.19989
75	84	0.614598
75	90	0.7109
75	114	1.20088
75	115	0.649381
75	123	0.658865
75	136	0.626721
75	141	1.27249
75	145	1.24453
75	147	1.29856
75	151	1.26124
75	166	1.20667
75	177	1.15187
75	178	1.19587
75	179	1.13891
75	180	1.14484
76	71	1.07776
76	74	1.21385
76	75	1.19989
76	79	1.11518
76	119	1.16933
76	124	1.07361
76	130	1.07305
76	131	1.03162
76	135	0.859586
76	144	0.86872
76	145	1.06653
76	151	1.08324
76	154	1.12055
76	155	0.762374
76	165	0.784749
76	166	0.879335
76	172	0.90801
76	174	1.07669
76	180	0.964208
77	6	1.15804
77	16	1.07742
77	25	0.811565
77	27	1.1543
77	64	1.13552
77	83	1.0637
77	88	1.05703
77	99	1.14052
77	108	1.11947
77	111	1.06893
77	129	1.11924
77	135	0.886411
77	136	1.12888
77	139	0.785672
77	148	1.08588
77	152	0.76662
77	158	0.831237
77	166	0.90616
77	180	0.991032
78	10	1.05971
78	11	1.21583
78	70	1.15882
78	94	1.16884
78	98	1.17014
78	110	1.23485
78	113	1.10775
78	116	1.18356
78	128	0.785198
78	134	0.832002
78	140	1.19165
78	141	1.18461
78	147	1.21068
78	163	0.725098
78	166	1.11879
78	167	0.754452
78	171	0.691977
78	172	0.842114
78	176	0.833926
78	179	0.909847
79	71	1.17104
79	76	1.11518
79	85	0.709485
79	113	1.11093
79	114	1.11616
79	119	1.26262
79	124	1.1669
79	130	1.16634
79	137	1.19888
79	143	0.824561
79	145	1.15982
79	146	1.13448
79	151	1.17653
79	158	0.794328
79	161	0.788868
79	164	0.709576
79	168	1.21871
79	169	0.749014
79	170	0.842273
79	180	0.954124
80	14	1.28245
80	42	0.710368
80	52	1.0929
80	82	1.16982
80	83	1.1131
80	97	1.24201
80	108	1.16887
80	113	0.900138
80	117	1.215
80	129	1.16864
80	136	1.17828
80	142	0.740369
80	146	1.10085
80	148	1.13528
80	162	0.746204
80	166	0.805346
80	167	0.746359
80	174	1.13635
80	175	0.786624
80	180	0.890219
81	11	1.19375
81	45	1.16996
81	70	1.13674
81	94	1.14676
81	107	1.16222
81	110	1.21278
81	118	1.15808
81	126	1.1863
81	140	1.16957
81	146	0.866758
81	147	1.1886
81	149	0.678719
81	155	0.745755
81	159	0.737366
81	166	1.09671
81	168	1.19346
81	169	0.742479
81	172	0.89139
81	175	0.843994
81	178	0.865376
82	16	1.15543
82	41	1.05141
82	52	1.12151
82	80	1.16982
82	83	1.14171
82	97	1.27062
82	99	1.21853
82	111	1.14694
82	127	0.732317
82	129	1.19725
82	136	1.20689
82	143	0.80818
82	155	0.735909
82	156	1.16019
82	160	0.765788
82	167	0.793883
82	169	0.732633
82	174	1.16496
82	178	0.85553
82	179	0.949278
83	6	1.17934
83	27	1.17559
83	77	1.0637
83	80	1.1131
83	82	1.14171
83	88	1.07833
83	97	1.21391
83	99	1.16182
83	105	0.764576
83	108	1.14077
83	136	1.15017
83	142	0.835873
83	146	1.07274
83	155	0.78389
83	156	1.10348
83	159	0.7755
83	164	0.741175
83	165	0.806264
83	172	0.929525
83	173	1.03529
83	174	1.10825
84	28	1.15676
84	59	1.14006
84	63	0.647749
84	75	0.614598
84	87	1.30279
84	91	1.26359
84	92	1.24866
84	121	1.20496
84	123	1.23323
84	131	0.84107
84	132	1.27138
84	148	1.22171
84	157	0.783995
84	159	0.668664
84	164	0.634339
84	168	0.761433
84	170	0.767036
84	171	1.28545
84	172	1.15343
84	174	1.22278
84	176	0.814501
85	4	0.651334
85	12	0.530159
85	62	0.706565
85	79	0.709485
85	96	0.739653
85	111	0.717897
85	124	0.72766
85	129	0.64085
85	163	1.318
85	165	1.29309
85	167	1.25766
85	168	0.643049
85	169	1.32654
85	170	1.25842
85	173	1.13549
85	175	1.22027
85	176	1.206
85	177	1.16974
85	178	1.21374
85	179	1.15678
85	180	1.16271
86	13	1.07934
86	22	1.18621
86	24	1.38117
86	33	1.27778
86	35	1.19244
86	39	1.20561
86	48	1.21847
86	50	1.15562
86	58	1.31691
86	66	0.853782
86	100	1.21428
86	146	0.796508
86	149	0.608468
86	156	1.19949
86	161	0.712083
86	162	0.733324
86	164	0.63279
86	170	0.765487
86	171	1.26693
86	175	0.773743
86	178	0.795126
87	42	0.658967
87	59	1.12879
87	84	1.30279
87	91	1.25232
87	92	1.23739
87	103	1.22186
87	121	1.19369
87	123	1.22196
87	132	1.26011
87	133	0.779649
87	135	0.734197
87	142	0.688968
87	154	1.25537
87	157	0.743926
87	160	0.666863
87	171	1.27418
87	172	1.14216
87	173	0.888385
87	174	1.21151
87	175	0.735223
87	176	0.774432
88	2	1.18365
88	64	1.15015
88	77	1.05703
88	83	1.07833
88	97	1.20724
88	99	1.15515
88	108	1.1341
88	111	1.08356
88	117	1.18023
88	127	0.783606
88	128	0.875918
88	129	1.13386
88	136	1.1435
88	148	1.1005
88	161	0.823776
88	162	0.845017
88	164	0.744484
88	165	0.809573
88	174	1.10158
88	175	0.885437
88	178	0.906819
89	1	0.996875
89	65	1.09087
89	74	1.20912
89	93	1.171
89	95	1.05695
89	102	1.08941
89	119	1.1646
89	124	1.06888
89	137	1.10087
89	138	0.795377
89	151	1.07851
89	154	1.11582
89	156	1.06719
89	159	0.813319
89	160	0.851587
89	161	0.858286
89	165	0.844082
89	168	1.12069
89	169	0.818432
89	172	0.967344
89	174	1.07196
89	180	1.02354
90	46	1.11932
90	53	1.19912
90	60	1.13491
90	68	1.09119
90	75	0.7109
90	96	1.07252
90	101	1.13386
90	112	1.15537
90	115	1.07436
90	135	1.07234
90	144	1.05629
90	146	0.894359
90	154	1.12122
90	157	0.880298
90	158	0.815393
90	166	1.02934
90	168	1.12609
90	169	0.77008
90	172	1.00801
90	177	0.975948
90	178	0.892977
90	179	0.986724
91	17	1.15366
91	59	1.08959
91	84	1.26359
91	87	1.25232
91	100	0.740092
91	103	1.18265
91	121	1.15448
91	123	1.18275
91	132	1.22091
91	135	0.745913
91	148	1.17123
91	154	1.21617
91	158	0.690738
91	167	0.706674
91	170	0.738683
91	171	1.23498
91	172	1.10295
91	173	0.900101
91	174	1.17231
91	176	0.786148
91	179	0.862069
91	180	0.850534
92	4	1.23564
92	61	1.08781
92	66	0.849002
92	69	1.2862
92	84	1.24866
92	87	1.23739
92	103	1.16772
92	121	1.13955
92	122	0.7257
92	123	1.16782
92	127	0.667133
92	131	0.834742
92	132	1.20598
92	144	0.77707
92	148	1.1563
92	155	0.670725
92	160	0.700604
92	171	1.22005
92	172	1.08802
92	174	1.15737
92	177	0.873317
92	180	0.872558
93	71	1.2316
93	74	1.36769
93	89	1.171
93	95	1.21552
93	102	1.24798
93	104	0.723206
93	114	1.17672
93	120	1.26776
93	127	0.692914
93	137	1.25943
93	146	1.19503
93	149	0.62947
93	150	0.728504
93	151	1.23708
93	153	0.722471
93	154	1.27439
93	156	1.22576
93	158	0.738544
93	160	0.726385
93	162	0.754325
93	174	1.23053
93	176	0.833954
93	178	0.816127
94	63	0.703896
94	70	1.12554
94	78	1.16884
94	81	1.14676
94	106	1.15704
94	110	1.20158
94	113	1.07448
94	116	1.15029
94	118	1.14688
94	126	1.1751
94	131	1.08846
94	138	0.706869
94	139	0.729674
94	140	1.15837
94	141	1.15133
94	147	1.1774
94	157	0.840143
94	160	0.763079
94	168	1.18226
94	171	0.728699
94	172	0.878836
94	173	0.984601
94	180	0.935034
95	43	1.14329
95	74	1.25364
95	89	1.05695
95	93	1.21552
95	102	1.13394
95	104	0.771938
95	119	1.20913
95	120	1.15371
95	124	1.11341
95	130	1.11284
95	133	0.887903
95	137	1.14539
95	142	0.797221
95	151	1.12303
95	154	1.16035
95	159	0.736849
95	163	0.773858
95	164	0.702524
95	168	1.16522
95	171	0.740737
95	174	1.11649
95	179	0.958607
95	180	0.947071
96	18	0.790993
96	31	0.844301
96	44	1.14582
96	46	1.16861
96	49	0.799923
96	53	1.24842
96	57	1.10149
96	60	1.18421
96	68	1.14049
96	85	0.739653
96	90	1.07252
96	101	1.18316
96	112	1.20467
96	115	1.12365
96	135	1.12164
96	138	0.756127
96	152	0.75988
96	154	1.17052
96	155	0.782458
96	168	1.17538
96	171	0.777957
96	172	1.0573
96	175	0.880697
97	16	1.22763
97	18	0.6714
97	42	0.684849
97	52	1.19371
97	66	0.841144
97	80	1.24201
97	82	1.27062
97	83	1.21391
97	88	1.20724
97	108	1.26968
97	111	1.21914
97	117	1.31581
97	125	0.737722
97	129	1.26944
97	146	1.20165
97	156	1.23239
97	163	0.691486
97	164	0.620152
97	170	0.752849
97	171	0.658365
97	172	0.808501
97	174	1.23716
97	175	0.761105
98	8	0.652164
98	11	1.18385
98	20	1.13244
98	26	1.02525
98	32	1.06493
98	45	1.16005
98	78	1.17014
98	106	1.15833
98	116	1.15158
98	118	1.14818
98	126	1.1764
98	128	0.816385
98	138	0.701335
98	140	1.15967
98	141	1.15263
98	146	0.848669
98	147	1.1787
98	152	0.705087
98	160	0.757545
98	166	1.08681
98	168	1.18356
98	172	0.873301
98	178	0.847287
99	3	1.24916
99	14	1.33117
99	41	1.07151
99	77	1.14052
99	82	1.21853
99	83	1.16182
99	88	1.15515
99	108	1.21759
99	117	1.26372
99	122	0.751333
99	125	0.771213
99	129	1.21735
99	135	0.793569
99	136	1.22699
99	138	0.670026
99	144	0.802702
99	148	1.18399
99	156	1.1803
99	157	0.803299
99	160	0.726236
99	163	0.724977
99	170	0.78634
99	174	1.18507
99	176	0.833805
100	2	0.78992
100	22	1.12348
100	44	1.16069
100	50	1.09289
100	69	0.712897
100	71	0.81197
100	73	0.788087
100	86	1.21428
100	91	0.740092
100	108	0.789422
100	109	0.767659
100	112	1.21953
100	140	0.793346
100	143	1.1411
100	145	0.833518
100	156	1.13675
100	168	1.19025
100	171	1.2042
100	172	1.07217
100	176	1.07496
100	177	1.0387
100	178	1.0827
100	179	1.02574
100	180	1.03167
101	34	1.19308
101	44	1.20717
101	46	1.22996
101	53	1.30976
101	57	1.16284
101	67	0.694762
101	68	1.20183
101	90	1.13386
101	96	1.18316
101	112	1.26601
101	115	1.185
101	131	0.840872
101	139	0.673328
101	143	0.749126
101	146	0.797858
101	154	1.23186
101	161	0.713433
101	163	0.705474
101	166	1.13998
101	168	1.23673
101	170	0.766837
101	172	1.11865
101	177	0.879447
101	178	0.796476
102	12	1.40464
102	15	0.677328
102	23	0.903497
102	65	1.16785
102	74	1.2861
102	89	1.08941
102	93	1.24798
102	95	1.13394
102	109	1.22501
102	119	1.24159
102	130	1.1453
102	137	1.17785
102	145	1.13878
102	151	1.15549
102	154	1.19281
102	166	0.757071
102	168	1.19767
102	169	0.636835
102	170	0.730093
102	171	0.635609
102	176	0.777558
102	177	0.842703
102	178	0.759732
102	179	0.853479
103	15	0.745478
103	17	1.1232
103	30	1.23031
103	42	0.730243
103	48	1.15606
103	61	1.07228
103	69	1.27067
103	87	1.22186
103	91	1.18265
103	92	1.16772
103	121	1.12402
103	122	0.763235
103	123	1.15229
103	125	0.783116
103	128	0.796979
103	132	1.19045
103	134	0.843784
103	154	1.1857
103	161	0.744838
103	165	0.730634
103	166	0.825221
103	171	1.20452
103	172	1.07249
103	174	1.14184
103	177	0.910852
104	14	0.64472
104	22	0.804895
104	29	0.739423
104	30	0.693787
104	70	0.764984
104	93	0.723206
104	95	0.771938
104	130	0.810363
104	132	0.701591
104	161	1.20262
104	162	1.20263
104	163	1.2427
104	164	1.29725
104	165	1.21779
104	167	1.18236
104	168	0.712555
104	169	1.25123
104	170	1.18312
104	173	1.06018
104	175	1.14496
104	176	1.13069
104	177	1.09443
104	178	1.13843
104	179	1.08148
104	180	1.0874
105	28	0.851946
105	52	0.780465
105	58	0.666896
105	83	0.764576
105	129	0.664342
105	130	0.764349
105	132	0.655577
105	140	0.682641
105	141	0.722293
105	161	1.20262
105	162	1.20263
105	163	1.2427
105	164	1.29725
105	165	1.21779
105	167	1.18236
105	169	1.25123
105	170	1.18312
105	173	1.06018
105	174	0.683341
105	175	1.14496
105	176	1.13069
105	177	1.09443
105	178	1.13843
105	179	1.08148
105	180	1.0874
106	45	1.18023
106	55	1.14387
106	56	1.13809
106	70	1.14701
106	94	1.15704
106	98	1.15833
106	107	1.17249
106	110	1.22305
106	116	1.17176
106	118	1.16835
106	126	1.19658
106	133	0.825285
106	140	1.17985
106	141	1.1728
106	144	0.788965
106	147	1.19887
106	157	0.789562
106	160	0.712499
106	162	0.740439
106	166	1.10698
106	171	0.678118
106	173	0.934021
106	175	0.780859
106	176	0.820068
106	179	0.895989
107	37	1.19175
107	45	1.17421
107	81	1.16222
107	106	1.17249
107	110	1.21703
107	113	1.08993
107	116	1.16574
107	118	1.16234
107	126	1.19056
107	135	1.14397
107	140	1.17383
107	141	1.16679
107	147	1.19286
107	149	0.669592
107	150	0.768626
107	158	0.778666
107	159	0.728239
107	166	1.10097
107	167	0.794602
107	168	1.19772
107	169	0.733352
107	171	0.732127
107	173	0.988029
107	175	0.834867
107	180	0.938461
108	16	1.15449
108	37	0.659898
108	41	1.05046
108	77	1.11947
108	80	1.16887
108	83	1.14077
108	88	1.1341
108	97	1.26968
108	99	1.21759
108	100	0.789422
108	111	1.146
108	117	1.24266
108	129	1.1963
108	134	0.833555
108	136	1.20594
108	146	1.12851
108	147	0.790989
108	155	0.698031
108	156	1.15925
108	163	0.72665
108	170	0.788013
108	171	0.693529
108	174	1.16402
108	177	0.900623
108	180	0.899864
109	10	1.10047
109	21	1.19116
109	54	1.30054
109	72	1.19239
109	100	0.767659
109	102	1.22501
109	110	1.27561
109	114	1.15375
109	122	0.731244
109	133	0.818933
109	140	1.23241
109	141	1.22537
109	142	0.728251
109	143	0.748539
109	144	1.1865
109	145	1.1974
109	147	1.25144
109	148	1.20649
109	149	0.609232
109	152	0.653689
109	168	1.2563
109	171	0.671767
109	174	1.20757
109	175	0.774507
109	177	0.87886
109	180	0.878101
110	11	1.24857
110	32	1.12964
110	56	1.18263
110	78	1.23485
110	81	1.21278
110	94	1.20158
110	106	1.22305
110	107	1.21703
110	109	1.27561
110	126	1.24112
110	127	0.67896
110	135	1.19453
110	140	1.22438
110	141	1.21734
110	142	0.734535
110	147	1.24341
110	159	0.674162
110	162	0.740371
110	163	0.711171
110	165	0.704926
110	166	1.15152
110	169	0.679276
110	172	0.828187
110	175	0.78079
110	177	0.885144
110	179	0.895921
111	2	1.19555
111	3	1.17757
111	6	1.18457
111	18	0.769236
111	27	1.18082
111	41	0.999924
111	77	1.06893
111	82	1.14694
111	85	0.717897
111	88	1.08356
111	97	1.21914
111	108	1.146
111	117	1.19213
111	129	1.14576
111	136	1.15541
111	146	1.07797
111	150	0.7927
111	156	1.10871
111	161	0.79728
111	165	0.783076
111	166	0.877663
111	167	0.818676
111	169	0.757426
111	174	1.11348
111	176	0.89815
111	180	0.962535
112	34	1.21459
112	46	1.25147
112	57	1.18435
112	60	1.26706
112	68	1.22334
112	90	1.15537
112	96	1.20467
112	100	1.21953
112	101	1.26601
112	113	0.866946
112	115	1.2065
112	128	0.743913
112	142	0.707177
112	144	1.18844
112	150	0.687191
112	153	0.681158
112	154	1.25337
112	161	0.691771
112	166	1.16149
112	168	1.25824
112	169	0.651917
112	170	0.745176
112	172	1.14016
112	173	0.906594
112	178	0.774814
112	180	0.857027
113	26	0.988716
113	27	0.88422
113	35	0.898351
113	39	0.871057
113	68	0.886159
113	78	1.10775
113	79	1.11093
113	80	0.900138
113	94	1.07448
113	107	1.08993
113	112	0.866946
113	117	0.875911
113	129	0.895408
113	130	1.0688
113	132	0.886643
113	137	1.10135
113	141	1.09024
113	145	1.06228
113	147	1.11631
113	150	1.10054
113	151	1.07899
113	175	1.02015
113	176	1.00588
113	177	0.969622
113	178	1.01362
113	179	0.956665
113	180	0.962592
114	1	1.00259
114	37	0.751487
114	63	0.760315
114	65	1.09659
114	74	1.21484
114	75	1.20088
114	79	1.11616
114	93	1.17672
114	109	1.15375
114	119	1.17032
114	120	1.11491
114	124	1.0746
114	130	1.07404
114	135	0.886832
114	137	1.10658
114	145	1.06752
114	146	1.04218
114	151	1.08423
114	157	0.896562
114	164	0.746905
114	165	0.811994
114	166	0.90658
114	168	1.12641
114	171	0.785118
114	173	1.04102
114	174	1.07768
114	175	0.887858
115	23	0.975224
115	25	0.734203
115	29	1.22227
115	37	0.673704
115	42	1.19762
115	44	1.14766
115	46	1.17045
115	53	1.25026
115	57	1.10333
115	60	1.18605
115	66	0.890114
115	67	0.729744
115	75	0.649381
115	90	1.07436
115	96	1.12365
115	101	1.185
115	112	1.2065
115	135	1.12348
115	144	1.10742
115	154	1.17235
115	155	0.711837
115	162	0.769656
115	165	0.734211
115	166	1.08047
115	168	1.17722
115	170	0.801819
115	172	1.05914
115	173	0.963238
116	20	1.14587
116	32	1.07835
116	40	0.718471
116	56	1.13134
116	70	1.14026
116	78	1.18356
116	94	1.15029
116	98	1.15158
116	106	1.17176
116	107	1.16574
116	118	1.1616
116	126	1.18982
116	131	1.10318
116	140	1.17309
116	141	1.16605
116	144	0.841176
116	146	0.855834
116	147	1.19212
116	155	0.734831
116	158	0.776868
116	159	0.726441
116	163	0.76345
116	164	0.692116
116	166	1.10023
116	168	1.19698
116	173	0.986232
116	175	0.833069
116	177	0.937423
117	14	1.35625
117	15	0.701376
117	16	1.20062
117	27	1.27749
117	41	1.09659
117	52	1.1667
117	80	1.215
117	88	1.18023
117	97	1.31581
117	99	1.26372
117	108	1.24266
117	111	1.19213
117	113	0.875911
117	129	1.24243
117	134	0.799683
117	135	0.761371
117	136	1.25207
117	138	0.637827
117	146	1.17464
117	148	1.20907
117	149	0.597122
117	152	0.64158
117	153	0.690123
117	169	0.660882
117	170	0.754141
117	174	1.21015
117	177	0.866751
117	179	0.877527
118	7	0.679668
118	20	1.14246
118	32	1.07495
118	64	1.19342
118	81	1.15808
118	94	1.14688
118	98	1.14818
118	106	1.16835
118	107	1.16234
118	116	1.1616
118	126	1.18642
118	131	1.09978
118	135	1.13983
118	140	1.16969
118	141	1.16265
118	144	0.79956
118	146	0.814218
118	147	1.18872
118	156	0.821836
118	160	0.723093
118	163	0.721834
118	166	1.09683
118	168	1.19358
118	172	0.83885
118	174	0.794394
118	175	0.791453
118	178	0.812835
118	180	0.895048
119	19	1.21992
119	42	0.709483
119	62	1.26832
119	76	1.16933
119	79	1.26262
119	89	1.1646
119	95	1.20913
119	102	1.24159
119	114	1.17032
119	120	1.26136
119	124	1.22106
119	130	1.22049
119	134	0.823025
119	135	0.784713
119	137	1.25304
119	145	1.21398
119	149	0.620464
119	150	0.719498
119	151	1.23068
119	158	0.729538
119	162	0.745319
119	165	0.709875
119	166	0.804461
119	168	1.27287
119	169	0.684224
119	171	0.682999
119	174	1.22414
119	179	0.900869
120	1	1.09363
120	12	1.42442
120	43	1.19552
120	64	1.21729
120	65	1.18763
120	71	1.16978
120	93	1.26776
120	95	1.15371
120	114	1.11491
120	119	1.26136
120	124	1.16564
120	125	0.800628
120	127	0.72218
120	130	1.16508
120	137	1.19762
120	145	1.15856
120	146	1.13322
120	151	1.17527
120	152	0.703193
120	153	0.751737
120	162	0.783591
120	164	0.683058
120	167	0.783746
120	168	1.21745
120	169	0.722496
120	170	0.815755
120	171	0.721271
120	177	0.928364
120	178	0.845393
121	4	1.19194
121	17	1.09503
121	23	0.997211
121	28	1.04766
121	48	1.12789
121	61	1.04411
121	69	1.2425
121	84	1.20496
121	87	1.19369
121	91	1.15448
121	92	1.13955
121	103	1.12402
121	123	1.12412
121	131	0.884659
121	132	1.16228
121	134	0.856166
121	143	0.792913
121	148	1.1126
121	155	0.720642
121	159	0.712252
121	166	0.837603
121	167	0.778615
121	170	0.810624
121	171	1.17635
121	172	1.04432
121	173	0.972043
121	174	1.11367
121	177	0.923234
121	180	0.922475
122	1	0.9858
122	6	0.789459
122	38	0.759912
122	92	0.7257
122	99	0.751333
122	103	0.763235
122	109	0.731244
122	129	0.738631
122	156	0.785073
122	159	1.19771
122	160	1.18538
122	161	1.15666
122	162	1.15667
122	163	1.19674
122	164	1.25129
122	165	1.17182
122	166	1.10327
122	167	1.1364
122	168	0.740831
122	169	1.20527
122	170	1.13716
122	173	1.01422
122	174	0.757631
122	175	1.099
122	176	1.08473
122	177	1.04847
122	178	1.09247
122	179	1.03552
122	180	1.04144
123	4	1.22021
123	17	1.1233
123	30	1.23041
123	59	1.05923
123	61	1.07238
123	69	1.27077
123	75	0.658865
123	84	1.23323
123	87	1.22196
123	91	1.18275
123	92	1.16782
123	103	1.15229
123	121	1.12412
123	132	1.19055
123	143	0.793592
123	148	1.14087
123	149	0.654284
123	152	0.698742
123	153	0.747286
123	154	1.1858
123	160	0.7512
123	166	0.838282
123	170	0.811303
123	171	1.20462
123	172	1.07259
123	174	1.14194
123	176	0.858768
123	177	0.923913
123	178	0.840942
123	179	0.93469
124	62	1.1726
124	67	0.788372
124	71	1.12948
124	73	1.11135
124	74	1.26557
124	76	1.07361
124	79	1.1669
124	85	0.72766
124	89	1.06888
124	95	1.11341
124	114	1.0746
124	119	1.22106
124	120	1.16564
124	130	1.12477
124	137	1.15732
124	145	1.11825
124	149	0.703429
124	151	1.13496
124	152	0.747886
124	154	1.17228
124	156	1.12365
124	157	0.877407
124	162	0.828284
124	163	0.799085
124	165	0.792839
124	166	0.887426
124	167	0.828439
124	168	1.17715
124	172	0.9161
124	174	1.12842
124	175	0.868704
125	23	1.05061
125	33	0.695112
125	45	0.850452
125	53	0.708652
125	58	0.761066
125	68	0.749263
125	97	0.737722
125	99	0.771213
125	103	0.783116
125	120	0.800628
125	136	0.764032
125	137	0.75936
125	154	0.777101
125	158	1.18613
125	159	1.21349
125	160	1.20116
125	161	1.17244
125	162	1.17245
125	163	1.21251
125	164	1.26707
125	165	1.1876
125	167	1.15217
125	169	1.22105
125	170	1.15293
125	173	1.03
125	175	1.11478
125	176	1.10051
125	177	1.06425
125	178	1.10825
125	179	1.05129
125	180	1.05722
126	8	0.690789
126	10	1.06597
126	32	1.10317
126	42	1.2422
126	56	1.15616
126	70	1.16508
126	81	1.1863
126	94	1.1751
126	98	1.1764
126	106	1.19658
126	107	1.19056
126	110	1.24112
126	116	1.18982
126	118	1.18642
126	135	1.16805
126	140	1.19791
126	141	1.19087
126	147	1.21694
126	149	0.699254
126	150	0.798288
126	152	0.743711
126	155	0.76629
126	161	0.802868
126	163	0.79491
126	164	0.723576
126	166	1.12505
126	167	0.824264
126	168	1.2218
126	169	0.763014
126	171	0.761789
126	176	0.903738
126	178	0.885911
127	6	0.730892
127	10	0.884136
127	43	0.719224
127	46	0.723187
127	82	0.732317
127	88	0.783606
127	92	0.667133
127	93	0.692914
127	110	0.67896
127	120	0.72218
127	145	0.738535
127	147	0.690842
127	154	0.698653
127	157	1.17099
127	158	1.2183
127	159	1.24566
127	160	1.23332
127	161	1.20461
127	162	1.20462
127	163	1.24468
127	164	1.29924
127	165	1.21977
127	167	1.18434
127	169	1.25322
127	170	1.1851
127	173	1.06217
127	175	1.14694
127	176	1.13267
127	177	1.09642
127	178	1.14042
127	179	1.08346
127	180	1.08939
128	43	0.811535
128	59	0.90057
128	78	0.785198
128	88	0.875918
128	98	0.816385
128	103	0.796979
128	112	0.743913
128	134	1.0719
128	137	0.773224
128	151	0.813326
128	154	0.790965
128	155	1.18577
128	157	1.0889
128	158	1.13621
128	159	1.16357
128	160	1.15124
128	161	1.12252
128	162	1.12253
128	163	1.16259
128	164	1.21715
128	165	1.13768
128	167	1.10225
128	168	0.774574
128	169	1.17113
128	170	1.10301
128	173	0.980081
128	174	0.791375
128	175	1.06486
128	176	1.05059
128	177	1.01433
128	178	1.05833
128	179	1.00137
128	180	1.0073
129	2	1.24586
129	3	1.22787
129	6	1.23488
129	14	1.30988
129	23	1.04732
129	27	1.23113
129	52	1.12034
129	77	1.11924
129	80	1.16864
129	82	1.19725
129	85	0.64085
129	88	1.13386
129	97	1.26944
129	99	1.21735
129	105	0.664342
129	108	1.1963
129	111	1.14576
129	113	0.895408
129	117	1.24243
129	122	0.738631
129	131	0.847672
129	136	1.20571
129	148	1.16271
129	155	0.683656
129	156	1.15901
129	160	0.713534
129	164	0.640941
129	166	0.800616
129	169	0.680379
129	170	0.773638
129	174	1.16378
129	178	0.803276
129	179	0.897024
129	180	0.885489
130	19	1.12363
130	43	1.15465
130	62	1.17203
130	65	1.14676
130	71	1.12892
130	76	1.07305
130	79	1.16634
130	95	1.11284
130	102	1.1453
130	104	0.810363
130	105	0.764349
130	113	1.0688
130	114	1.07404
130	119	1.22049
130	120	1.16508
130	124	1.12477
130	131	1.08278
130	134	0.919187
130	137	1.15675
130	143	0.855934
130	145	1.11769
130	151	1.1344
130	152	0.761084
130	153	0.809627
130	156	1.12308
130	158	0.825701
130	159	0.775273
130	161	0.820241
130	168	1.17658
130	169	0.780387
130	171	0.779161
130	172	0.929298
130	174	1.12785
130	175	0.881901
131	13	1.05479
131	36	0.810368
131	43	1.11323
131	47	0.84206
131	53	0.797813
131	55	1.0753
131	56	1.06952
131	58	0.850227
131	66	1.05975
131	72	0.926507
131	74	1.22358
131	76	1.03162
131	84	0.84107
131	92	0.834742
131	94	1.08846
131	101	0.840872
131	116	1.10318
131	118	1.09978
131	121	0.884659
131	129	0.847672
131	130	1.08278
131	141	1.10423
131	145	1.07626
131	147	1.1303
131	148	0.9221
131	151	1.09297
131	168	1.13516
131	170	1.07229
131	173	0.949357
131	175	1.03413
131	176	1.01986
131	177	0.983606
131	178	1.02761
131	179	0.970649
131	180	0.976576
132	4	1.25837
132	17	1.16145
132	28	1.11408
132	29	1.27387
132	30	1.26857
132	59	1.09738
132	61	1.11054
132	69	1.30893
132	73	1.16304
132	84	1.27138
132	87	1.26011
132	91	1.22091
132	92	1.20598
132	103	1.19045
132	104	0.701591
132	105	0.655577
132	113	0.886643
132	121	1.16228
132	123	1.19055
132	133	0.817555
132	134	0.810415
132	148	1.17903
132	153	0.700855
132	154	1.22396
132	155	0.674891
132	156	0.803512
132	158	0.716928
132	161	0.711468
132	163	0.70351
132	164	0.632176
132	170	0.764873
132	171	1.24277
132	172	1.11075
132	174	1.1801
132	176	0.812338
132	180	0.876724
133	36	0.789016
133	74	0.810263
133	87	0.779649
133	95	0.887903
133	106	0.825285
133	109	0.818933
133	132	0.817555
133	140	0.84462
133	147	0.837098
133	148	0.900748
133	152	1.16768
133	153	1.14272
133	155	1.15881
133	157	1.06194
133	158	1.10925
133	159	1.13661
133	160	1.12428
133	161	1.09556
133	162	1.09557
133	163	1.13563
133	164	1.19019
133	165	1.11072
133	167	1.07529
133	168	0.82852
133	169	1.14417
133	170	1.07605
133	173	0.953121
133	174	0.84532
133	175	1.0379
133	176	1.02363
133	177	0.987371
133	178	1.03137
133	179	0.974413
133	180	0.98034
134	48	0.834675
134	50	0.918783
134	78	0.832002
134	103	0.843784
134	108	0.833555
134	117	0.799683
134	119	0.823025
134	121	0.856166
134	128	1.0719
134	130	0.919187
134	132	0.810415
134	150	1.11433
134	152	1.16373
134	153	1.13876
134	154	0.83777
134	155	1.15485
