1	53	0.760617
1	67	0.788064
1	78	0.71804
1	86	0.753699
1	87	0.742772
1	92	0.795174
1	97	0.719943
1	111	0.734523
1	122	2.6216
1	129	0.734563
1	154	0.682522
1	159	4.84751
2	11	0.739431
2	55	0.83004
2	56	0.775375
2	66	0.862383
2	69	0.859392
2	70	0.704832
2	84	3.5447
2	109	1.48373
2	123	0.738743
2	129	0.800061
2	130	0.800171
2	168	4.40696
3	24	0.772878
3	29	0.733645
3	30	0.656059
3	58	0.712408
3	88	0.698139
3	89	0.687987
3	90	0.699873
3	96	0.865816
3	120	2.58065
3	125	4.96369
3	147	0.700166
3	162	0.611187
4	50	0.0112152
4	71	1.30971
4	130	0.832197
4	167	0.814433
4	170	0.787119
4	171	0.807747
4	174	0.795388
4	175	0.829442
4	177	0.800592
4	178	0.806851
4	179	0.783322
4	180	0.782843
5	7	0.738555
5	95	0.860852
5	105	0.816912
5	107	0.8302
5	110	0.83322
5	114	2.19966
5	137	0.785587
5	140	1.20744
5	146	5.36204
5	151	0.835747
5	163	0.724512
5	168	0.777197
6	15	0.696293
6	35	0.750909
6	42	0.646892
6	64	0.683821
6	72	0.787956
6	80	0.777312
6	139	0.716446
6	141	2.17673
6	144	0.700937
6	147	0.715194
6	151	0.733863
6	177	6.47605
7	5	0.738555
7	79	0.700608
7	81	0.645039
7	85	0.676565
7	94	5.18054
7	103	0.711625
7	105	0.659583
7	110	0.675891
7	130	0.658159
7	151	0.678418
7	163	0.567183
7	168	0.619868
8	19	0.658096
8	49	0.803298
8	56	0.745958
8	66	0.832966
8	69	0.829975
8	70	0.84341
8	112	1.11782
8	113	2.81137
8	123	0.709326
8	129	0.770644
8	130	0.770754
8	169	5.50553
9	11	0.855493
9	49	0.948776
9	55	0.946102
9	66	0.978445
9	69	0.975453
9	70	0.628281
9	123	0.854804
9	129	0.450523
9	130	0.450633
9	145	4.99403
9	166	5.80123
9	169	4.78556
10	22	0.72151
10	47	0.762775
10	52	0.628335
10	61	0.731729
10	63	0.739416
10	68	0.74968
10	77	0.710812
10	83	0.716625
10	104	0.696805
10	106	0.693208
10	143	1.62394
10	149	6.15936
11	2	0.739431
11	9	0.855493
11	49	0.706896
11	55	0.704221
11	56	0.649556
11	69	0.733573
11	70	0.747007
11	115	3.24584
11	123	0.612924
11	129	0.674242
11	130	0.674352
11	178	4.69794
12	13	0.665814
12	27	0.662653
12	30	0.649757
12	43	0.84941
12	45	0.709118
12	90	0.69357
12	96	0.859514
12	99	0.70589
12	101	0.749502
12	112	2.28757
12	113	4.98329
12	162	0.604884
13	12	0.665814
13	27	0.67901
13	58	0.722463
13	74	0.68854
13	90	0.709927
13	96	0.875871
13	99	0.722247
13	101	0.765859
13	128	3.7129
13	147	0.710221
13	152	4.60101
13	162	0.621241
14	50	0.732054
14	86	0.727164
14	92	0.76864
14	97	0.693409
14	98	0.738199
14	108	0.714349
14	109	4.30964
14	111	0.707988
14	114	0.685297
14	131	2.73544
14	138	0.720225
14	154	0.655988
15	6	0.696293
15	46	0.669583
15	64	0.687998
15	73	0.755906
15	80	0.781489
15	109	0.707851
15	123	6.19224
15	139	0.720623
15	144	0.705113
15	147	0.71937
15	151	0.73804
15	165	2.11042
16	46	0.745766
16	64	0.76418
16	72	0.868316
16	80	0.857672
16	109	0.784034
16	131	1.45666
16	139	0.796806
16	144	0.781296
16	147	0.795553
16	151	0.814222
16	153	4.26277
16	154	4.22534
17	27	0.811168
17	30	0.798271
17	38	0.97763
17	65	0.802093
17	89	0.830198
17	96	0.388878
17	99	0.854404
17	101	0.898016
17	102	2.34573
17	141	2.07238
17	159	4.30078
17	162	0.753399
18	81	0.714772
18	85	0.746298
18	91	0.740411
18	95	0.773256
18	105	0.729316
18	107	0.742604
18	110	0.745624
18	128	4.34785
18	151	0.748151
18	157	3.79577
18	163	0.636916
18	168	0.689601
19	8	0.658096
19	49	0.573301
19	55	0.570627
19	56	0.916311
19	66	0.602969
19	69	0.667879
19	70	0.859316
19	123	0.479329
19	129	0.869564
19	130	0.869674
19	167	2.50998
19	179	7.85083
20	21	0.792007
20	31	0.733176
20	37	0.867978
20	61	0.84844
20	71	0.836859
20	82	0.622642
20	83	0.833336
20	88	2.17954
20	104	0.813516
20	106	0.809919
20	119	2.45712
20	135	6.2453
21	20	0.792007
21	47	0.76288
21	51	0.753196
21	68	0.662657
21	71	0.720253
21	77	0.710918
21	83	0.71673
21	104	0.696911
21	106	0.693313
21	139	0.708089
21	145	5.354
21	165	2.74016
22	10	0.72151
22	31	0.662784
22	40	0.750311
22	52	0.674654
22	61	0.778048
22	71	0.766467
22	77	0.757131
22	82	0.552251
22	83	0.762944
22	93	5.09583
22	106	0.739527
22	141	2.19105
23	32	0.706229
23	89	1.72588
23	146	0.738404
23	151	0.233349
23	160	0.72339
23	174	0.714035
23	175	0.748089
23	176	0.727868
23	177	0.719239
23	178	0.725498
23	179	0.701969
23	180	0.70149
24	3	0.772878
24	38	0.946235
24	89	0.798803
24	90	0.810689
24	96	0.583154
24	99	0.823009
24	101	0.866621
24	114	3.23477
24	119	2.90959
24	144	2.47217
24	147	0.810982
24	162	0.722003
25	71	0.899663
25	91	0.801198
25	108	1.09386
25	136	0.833098
25	171	0.806799
25	172	0.798738
25	174	0.79444
25	176	0.808273
25	177	0.799643
25	178	0.805903
25	179	0.782374
25	180	0.781894
26	36	0.766994
26	85	0.771812
26	103	0.806872
26	105	0.75483
26	107	0.768118
26	110	0.771139
26	117	2.45553
26	125	2.10328
26	130	0.753406
26	151	0.773665
26	163	0.66243
26	168	0.715116
26	179	7.93241
27	12	0.662653
27	13	0.67901
27	17	0.811168
27	29	0.740539
27	45	0.722315
27	58	0.719303
27	65	0.666775
27	90	0.706767
27	101	0.762699
27	134	1.81513
27	147	0.70706
27	162	0.618081
27	174	6.64483
28	34	0.388764
28	42	0.716987
28	46	0.7355
28	64	0.753915
28	72	0.858051
28	73	0.821823
28	119	3.48133
28	120	1.70714
28	126	3.53159
28	139	0.78654
28	144	0.771031
28	147	0.785288
28	151	0.803957
29	3	0.733645
29	27	0.740539
29	38	0.907002
29	45	0.787004
29	88	0.769722
29	89	0.75957
29	99	0.783776
29	101	0.827388
29	147	0.77175
29	159	1.79855
29	162	0.68277
29	175	3.82369
29	178	4.38956
30	3	0.656059
30	12	0.649757
30	17	0.798271
30	58	0.706407
30	65	0.653879
30	89	0.681985
30	96	0.859814
30	99	0.706191
30	101	0.749803
30	141	2.57378
30	147	0.694164
30	162	0.605185
30	165	5.41158
31	20	0.733176
31	22	0.662784
31	40	0.645266
31	48	0.706038
31	51	0.694365
31	61	0.673003
31	77	0.652086
31	82	1.109
31	104	0.638079
31	106	0.634482
31	112	3.37645
31	139	0.649257
31	150	3.82509
32	23	0.706229
32	134	0.691155
32	142	0.583982
32	152	0.607814
32	169	0.595029
32	173	0.595151
32	174	0.570385
32	175	0.604439
32	176	0.584218
32	177	0.575589
32	178	0.581848
32	179	0.558319
32	180	0.55784
33	65	3.79584
33	124	0.712324
33	134	0.747856
33	169	0.65173
33	171	0.639446
33	172	0.631384
33	174	0.627086
33	175	0.66114
33	176	0.640919
33	177	0.63229
33	178	0.638549
33	179	0.615021
33	180	0.614541
34	28	0.388764
34	42	0.977372
34	64	1.0143
34	73	0.957961
34	80	0.403866
34	109	1.03415
34	139	0.642422
34	144	1.03142
34	147	0.641169
34	151	0.659839
34	171	4.66285
34	173	3.28515
34	174	5.86978
35	6	0.750909
35	46	0.724199
35	64	0.742614
35	72	0.846749
35	73	0.810522
35	80	0.836105
35	139	0.775239
35	143	1.71271
35	144	0.759729
35	147	0.773986
35	151	0.792656
35	157	3.71417
35	173	4.619
36	26	0.766994
36	75	0.953705
36	81	0.748659
36	85	0.715773
36	103	0.497419
36	105	0.435568
36	110	0.451877
36	137	0.998212
36	138	2.24904
36	163	1.11028
36	168	1.16297
36	169	4.03734
36	170	8.93332
37	20	0.867978
37	40	0.780068
37	52	0.704411
37	68	0.738628
37	71	0.796224
37	77	0.786889
37	83	0.792701
37	104	0.772882
37	106	0.769284
37	118	1.80315
37	127	4.98839
37	139	0.78406
37	143	2.64941
38	17	0.97763
38	24	0.946235
38	29	0.907002
38	43	0.376237
38	65	0.833238
38	89	0.861344
38	96	0.322377
38	99	0.885549
38	138	2.76787
38	142	9.01969
38	147	0.873523
38	149	9.84064
38	162	0.784544
39	99	3.07418
39	146	0.658924
39	150	0.745739
39	168	0.674715
39	171	0.646914
39	173	0.659321
39	174	0.634555
39	176	0.648388
39	177	0.639758
39	178	0.646018
39	179	0.622489
39	180	0.622009
40	22	0.750311
40	31	0.645266
40	37	0.780068
40	52	0.657136
40	61	0.76053
40	63	0.768217
40	68	0.691353
40	82	0.534733
40	104	0.725607
40	106	0.722009
40	139	0.736784
40	150	2.12267
40	166	6.90108
41	60	0.202618
41	130	0.143349
41	135	0.7847
41	139	0.220953
41	168	0.806546
41	171	0.778746
41	173	0.791152
41	175	0.80044
41	176	0.780219
41	177	0.77159
41	178	0.777849
41	179	0.754321
41	180	0.753841
42	6	0.646892
42	28	0.716987
42	34	0.977372
42	46	0.620182
42	64	0.638597
42	72	0.742732
42	73	0.706505
42	80	0.732088
42	117	4.24893
42	140	3.2899
42	144	0.655713
42	147	0.66997
42	151	0.688639
43	12	0.84941
43	38	0.376237
43	65	0.853532
43	88	0.89179
43	90	0.893524
43	96	0.342672
43	99	0.905844
43	101	0.949456
43	121	2.3755
43	138	3.20301
43	143	3.45806
43	147	0.893817
43	162	0.804838
44	46	1.81539
44	106	1.43255
44	146	0.726266
44	149	0.702952
44	172	0.706195
44	173	0.726662
44	174	0.701897
44	175	0.735951
44	176	0.71573
44	177	0.7071
44	178	0.71336
44	179	0.689831
44	180	0.689351
45	12	0.709118
45	27	0.722315
45	29	0.787004
45	58	0.765768
45	65	0.71324
45	90	0.753232
45	96	0.919175
45	99	0.765552
45	101	0.809164
45	133	4.03722
45	140	2.0945
45	144	3.53619
45	147	0.753525
45	162	0.664546
46	15	0.669583
46	16	0.745766
46	28	0.7355
46	35	0.724199
46	42	0.620182
46	44	1.81539
46	73	0.725019
46	80	0.750602
46	109	0.676964
46	139	0.689736
46	144	0.674227
46	147	0.688484
46	148	5.25941
46	151	0.707153
47	10	0.762775
47	21	0.76288
47	51	0.840675
47	52	0.715919
47	68	0.750135
47	77	0.798396
47	82	0.593516
47	83	0.804209
47	104	0.784389
47	106	0.780792
47	139	0.795567
47	140	2.47671
47	154	4.22195
47	171	5.06656
48	31	0.706038
48	51	0.842664
48	52	0.717908
48	68	0.752125
48	71	0.809722
48	77	0.800386
48	82	0.595505
48	83	0.806199
48	104	0.786379
48	106	0.782782
48	137	3.65005
48	139	0.797557
48	144	2.96417
48	148	3.41384
49	8	0.803298
49	9	0.948776
49	11	0.706896
49	19	0.573301
49	56	0.742839
49	66	0.829848
49	69	0.826856
49	70	0.672297
49	117	1.76436
49	123	0.706207
49	129	0.767525
49	130	0.767635
49	133	2.74805
49	167	5.45868
50	4	0.0112152
50	14	0.732054
50	53	0.784952
50	78	0.742375
50	86	0.778034
50	97	0.744278
50	98	0.789069
50	108	0.765218
50	111	0.758858
50	114	0.736166
50	138	0.771094
50	148	2.72816
50	154	0.706857
50	171	6.2017
51	21	0.753196
51	31	0.694365
51	47	0.840675
51	48	0.842664
51	61	0.809629
51	63	0.817316
51	68	0.740451
51	82	0.583832
51	104	0.774705
51	106	0.771108
51	112	1.30339
51	120	1.72851
51	139	0.785883
51	178	6.26952
52	10	0.628335
52	22	0.674654
52	37	0.704411
52	40	0.657136
52	47	0.715919
52	48	0.717908
52	71	0.673292
52	77	0.663956
52	82	1.03002
52	83	0.669769
52	106	0.646352
52	135	6.9547
52	139	0.661127
52	159	1.86529
53	1	0.760617
53	50	0.784952
53	78	0.744404
53	87	0.769136
53	97	0.746307
53	98	0.791097
53	108	0.767247
53	111	0.760886
53	129	0.760926
53	131	0.927309
53	138	0.773123
53	146	5.57094
53	154	0.708886
53	157	3.28664
54	59	0.779744
54	62	0.78728
54	67	0.819945
54	78	0.749922
54	86	0.78558
54	87	0.774654
54	92	0.827056
54	97	0.751825
54	98	0.796615
54	108	0.772764
54	111	0.766404
54	124	2.25836
54	133	3.06396
54	158	4.41121
55	2	0.83004
55	9	0.946102
55	11	0.704221
55	19	0.570627
55	56	0.740165
55	66	0.827173
55	69	0.824182
55	70	0.669623
55	94	0.58968
55	123	0.703533
55	124	4.40933
55	129	0.764851
55	130	0.764961
55	140	3.2722
56	2	0.775375
56	8	0.745958
56	11	0.649556
56	19	0.916311
56	49	0.742839
56	55	0.740165
56	66	0.772508
56	69	0.769516
56	70	0.782951
56	88	1.89744
56	123	0.648867
56	129	0.710185
56	130	0.710295
56	157	3.19012
56	164	5.70805
57	85	0.773017
57	91	0.767131
57	95	0.799975
57	103	0.808077
57	107	0.769323
57	110	0.772344
57	113	0.725596
57	130	0.754611
57	137	0.72471
57	151	0.77487
57	162	6.21313
57	163	0.663635
57	165	1.69636
57	168	0.716321
57	175	3.11212
58	3	0.712408
58	13	0.722463
58	27	0.719303
58	30	0.706407
58	45	0.765768
58	65	0.710228
58	89	0.738334
58	90	0.75022
58	96	0.916163
58	101	0.806152
58	132	3.17227
58	147	0.750513
58	158	3.48343
58	162	0.661534
58	173	4.18065
59	54	0.779744
59	60	0.764051
59	76	0.74259
59	78	0.731649
59	86	0.767308
59	97	0.733552
59	98	0.778343
59	108	0.754492
59	111	0.748131
59	126	2.56194
59	129	0.748172
59	132	3.61138
59	138	0.760368
59	154	0.696131
59	168	4.62063
60	41	0.202618
60	59	0.764051
60	62	0.771587
60	76	0.74517
60	78	0.734229
60	86	0.769887
60	87	0.758961
60	92	0.811363
60	98	0.780922
60	108	0.757072
60	111	0.750711
60	129	0.750751
60	154	0.698711
60	159	3.73235
60	161	5.23809
61	10	0.731729
61	20	0.84844
61	22	0.778048
61	31	0.673003
61	40	0.76053
61	51	0.809629
61	63	0.795954
61	77	0.76735
61	82	0.56247
61	83	0.773163
61	104	0.753343
61	106	0.749746
61	132	2.70658
61	155	4.75944
61	175	3.80784
62	54	0.78728
62	60	0.771587
62	67	0.809208
62	76	0.750126
62	78	0.739185
62	87	0.763917
62	92	0.816319
62	97	0.741088
62	98	0.785879
62	108	0.762028
62	111	0.755667
62	127	3.35084
62	132	2.90977
62	154	0.703667
62	178	4.57689
63	10	0.739416
63	40	0.768217
63	51	0.817316
63	61	0.795954
63	68	0.726776
63	71	0.784373
63	77	0.775037
63	82	0.570157
63	83	0.78085
63	104	0.76103
63	106	0.757433
63	139	0.772208
63	150	2.35919
63	164	4.8772
63	171	4.6418
64	6	0.683821
64	15	0.687998
64	16	0.76418
64	28	0.753915
64	34	1.0143
64	35	0.742614
64	42	0.638597
64	73	0.743434
64	80	0.769017
64	118	1.93256
64	138	2.52377
64	139	0.708151
64	144	0.692641
64	147	0.706898
64	151	0.725567
64	176	5.89027
65	17	0.802093
65	27	0.666775
65	30	0.653879
65	33	3.79584
65	38	0.833238
65	43	0.853532
65	45	0.71324
65	58	0.710228
65	89	0.685806
65	90	0.697692
65	96	0.863636
65	99	0.710012
65	101	0.753624
65	150	1.85915
65	153	4.37282
65	162	0.609007
66	2	0.862383
66	8	0.832966
66	9	0.978445
66	19	0.602969
66	49	0.829848
66	55	0.827173
66	56	0.772508
66	69	0.856525
66	70	0.701965
66	93	3.30417
66	121	1.53223
66	123	0.735875
66	129	0.797194
66	130	0.797304
66	144	2.01456
66	176	4.76521
67	1	0.788064
67	54	0.819945
67	62	0.809208
67	76	0.622121
67	86	0.623184
67	87	0.676472
67	92	0.580792
67	97	0.773753
67	98	0.818544
67	108	0.794693
67	111	0.788332
67	114	0.762977
67	154	0.736332
67	160	7.43151
67	163	6.73728
67	176	3.6353
68	10	0.74968
68	21	0.662657
68	37	0.738628
68	40	0.691353
68	47	0.750135
68	48	0.752125
68	51	0.740451
68	63	0.726776
68	71	0.707509
68	83	0.791115
68	104	0.771295
68	106	0.767698
68	139	0.782473
68	161	1.83566
68	170	8.24067
68	175	2.35507
69	2	0.859392
69	8	0.829975
69	9	0.975453
69	11	0.733573
69	19	0.667879
69	49	0.826856
69	55	0.824182
69	56	0.769516
69	66	0.856525
69	70	0.698974
69	94	1.15527
69	129	0.794203
69	130	0.794312
69	162	8.76755
69	172	7.79553
69	180	9.84405
70	2	0.704832
70	8	0.84341
70	9	0.628281
70	11	0.747007
70	19	0.859316
70	49	0.672297
70	55	0.669623
70	56	0.782951
70	66	0.701965
70	69	0.698974
70	121	2.26029
70	123	0.746319
70	129	0.807637
70	130	0.807747
70	172	4.20015
70	179	7.98529
71	4	1.30971
71	20	0.836859
71	21	0.720253
71	22	0.766467
71	25	0.899663
71	37	0.796224
71	48	0.809722
71	52	0.673292
71	63	0.784373
71	68	0.707509
71	77	0.755769
71	82	0.550889
71	104	0.741763
71	106	0.738165
71	114	5.36557
71	139	0.752941
72	6	0.787956
72	16	0.868316
72	28	0.858051
72	35	0.846749
72	42	0.742732
72	80	0.873152
72	109	0.799514
72	133	1.48342
72	139	0.812286
72	143	2.07235
72	144	0.796777
72	147	0.811034
72	151	0.829703
72	176	3.73304
72	177	4.80785
73	15	0.755906
73	28	0.821823
73	34	0.957961
73	35	0.810522
73	42	0.706505
73	46	0.725019
73	64	0.743434
73	80	0.836925
73	109	0.763287
73	118	2.22328
73	120	2.09356
73	136	3.84034
73	139	0.776059
73	142	6.18031
73	144	0.760549
73	147	0.774806
73	151	0.793475
74	13	0.68854
74	77	2.96669
74	89	0.704411
74	90	0.716297
74	96	0.88224
74	99	0.728617
74	146	0.660919
74	147	0.71659
74	151	1.16891
74	162	0.627611
74	170	0.628281
74	174	0.63655
74	176	0.650383
74	177	0.641754
74	178	0.648013
74	179	0.624485
74	180	0.624005
75	36	0.953705
75	79	0.823074
75	81	0.767504
75	91	0.793144
75	95	0.825989
75	105	0.782048
75	107	0.795336
75	110	0.798357
75	113	0.751609
75	115	2.63081
75	130	0.780624
75	137	0.750723
75	154	3.95726
75	163	0.689648
75	165	2.10128
75	168	0.742334
75	171	4.80187
76	59	0.74259
76	60	0.74517
76	62	0.750126
76	67	0.622121
76	78	0.712768
76	86	0.748427
76	87	0.7375
76	92	0.789902
76	98	0.759462
76	108	0.735611
76	111	0.72925
76	129	0.729291
76	131	2.3586
76	136	4.83807
76	138	0.741487
76	146	5.46702
76	154	0.67725
77	10	0.710812
77	21	0.710918
77	22	0.757131
77	31	0.652086
77	37	0.786889
77	47	0.798396
77	48	0.800386
77	52	0.663956
77	61	0.76735
77	63	0.775037
77	71	0.755769
77	74	2.96669
77	82	0.541553
77	83	0.752247
77	104	0.732427
77	141	1.50391
77	161	5.23805
78	1	0.71804
78	50	0.742375
78	53	0.744404
78	54	0.749922
78	59	0.731649
78	60	0.734229
78	62	0.739185
78	76	0.712768
78	87	0.726559
78	98	0.74852
78	100	3.04324
78	108	0.72467
78	111	0.718309
78	114	0.695617
78	154	0.666308
78	157	4.09107
78	161	4.56937
79	7	0.700608
79	75	0.823074
79	85	0.795947
79	91	0.790061
79	95	0.822906
79	103	0.831007
79	105	0.778965
79	107	0.792253
79	110	0.795274
79	112	2.31478
79	130	0.777541
79	137	0.74764
79	151	0.7978
79	158	3.27303
79	163	0.686565
79	168	0.739251
79	169	5.05274
79	175	4.06313
80	6	0.777312
80	15	0.781489
80	16	0.857672
80	34	0.403866
80	35	0.836105
80	42	0.732088
80	46	0.750602
80	64	0.769017
80	72	0.873152
80	73	0.836925
80	100	2.39271
80	118	1.65088
80	139	0.801642
80	144	0.786133
80	147	0.800389
80	151	0.819059
80	155	5.38985
80	161	3.91884
81	7	0.645039
81	18	0.714772
81	36	0.748659
81	75	0.767504
81	85	0.740378
81	91	0.734491
81	95	0.767336
81	103	0.775438
81	105	0.723396
81	107	0.736683
81	110	0.739704
81	134	1.78608
81	137	0.692071
81	151	0.742231
81	152	4.56651
81	163	0.630996
81	168	0.683681
81	172	6.25302
82	20	0.622642
82	22	0.552251
82	31	1.109
82	40	0.534733
82	47	0.593516
82	48	0.595505
82	51	0.583832
82	52	1.03002
82	61	0.56247
82	63	0.570157
82	71	0.550889
82	77	0.541553
82	104	1.18934
82	106	1.18575
82	139	1.20052
82	168	2.13533
82	175	2.22733
82	177	3.41442
82	180	6.40485
83	10	0.716625
83	20	0.833336
83	21	0.71673
83	22	0.762944
83	37	0.792701
83	47	0.804209
83	48	0.806199
83	52	0.669769
83	61	0.773163
83	63	0.78085
83	68	0.791115
83	77	0.752247
83	104	0.73824
83	106	0.734642
83	139	0.749418
83	140	1.4325
83	148	1.54745
83	167	4.30945
83	174	6.22792
84	2	3.5447
84	88	0.722589
84	151	3.00542
84	155	0.673081
84	159	0.711427
84	160	0.653932
84	161	0.682518
84	163	0.632051
84	165	0.713841
84	166	0.658754
84	167	0.663621
84	170	0.636308
84	172	0.648874
84	173	0.669342
84	175	0.67863
84	176	0.65841
84	177	0.64978
84	178	0.656039
84	179	0.632511
84	180	0.632031
85	7	0.676565
85	18	0.746298
85	26	0.771812
85	36	0.715773
85	57	0.773017
85	79	0.795947
85	81	0.740378
85	91	0.766017
85	95	0.798862
85	103	0.806964
85	105	0.754921
85	107	0.768209
85	110	0.77123
85	134	1.69126
85	143	2.32748
85	151	0.773756
85	156	5.41324
85	163	0.662521
85	168	0.715207
85	169	5.01882
86	1	0.753699
86	14	0.727164
86	50	0.778034
86	54	0.78558
86	59	0.767308
86	60	0.769887
86	67	0.623184
86	76	0.748427
86	87	0.762217
86	92	0.814619
86	97	0.739388
86	108	0.760328
86	111	0.753968
86	126	2.56781
86	129	0.754008
86	138	0.766204
86	144	1.95307
86	154	0.701967
86	173	3.02446
86	179	9.03147
87	1	0.742772
87	53	0.769136
87	54	0.774654
87	60	0.758961
87	62	0.763917
87	67	0.676472
87	76	0.7375
87	78	0.726559
87	86	0.762217
87	92	0.803693
87	97	0.728462
87	98	0.773253
87	102	2.06604
87	108	0.749402
87	111	0.743041
87	114	0.72035
87	154	0.691041
87	160	6.22678
87	162	5.41931
87	168	2.22629
88	3	0.698139
88	20	2.17954
88	29	0.769722
88	43	0.89179
88	56	1.89744
88	84	0.722589
88	89	0.724064
88	90	0.73595
88	97	2.0239
88	99	0.74827
88	147	0.736244
88	162	0.647264
88	164	0.669602
88	166	0.670381
88	173	0.680969
88	175	0.690257
88	176	0.670036
88	177	0.661407
88	179	0.644138
88	180	0.643658
89	3	0.687987
89	17	0.830198
89	23	1.72588
89	24	0.798803
89	29	0.75957
89	30	0.681985
89	38	0.861344
89	58	0.738334
89	65	0.685806
89	74	0.704411
89	88	0.724064
89	90	0.725798
89	96	0.891742
89	99	0.738118
89	101	0.78173
89	109	2.43698
89	117	2.33118
89	147	0.726091
89	162	0.637112
89	176	5.56449
90	3	0.699873
90	12	0.69357
90	13	0.709927
90	24	0.810689
90	27	0.706767
90	43	0.893524
90	45	0.753232
90	58	0.75022
90	65	0.697692
90	74	0.716297
90	88	0.73595
90	89	0.725798
90	96	0.903628
90	101	0.793616
90	138	1.75531
90	147	0.737977
90	157	1.92223
90	162	0.648998
90	163	6.13418
90	164	4.44016
91	18	0.740411
91	25	0.801198
91	57	0.767131
91	75	0.793144
91	79	0.790061
91	81	0.734491
91	85	0.766017
91	95	0.792976
91	102	1.08599
91	103	0.801077
91	105	0.749035
91	107	0.762323
91	110	0.765344
91	130	0.747611
91	137	0.71771
91	151	0.76787
91	163	0.656635
91	168	0.709321
91	176	5.17846
91	177	6.25327
92	1	0.795174
92	14	0.76864
92	54	0.827056
92	60	0.811363
92	62	0.816319
92	67	0.580792
92	76	0.789902
92	86	0.814619
92	87	0.803693
92	97	0.780864
92	98	0.825655
92	108	0.801804
92	111	0.795443
92	119	1.95195
92	124	1.20997
92	125	2.56081
92	129	0.795483
92	138	0.80768
92	154	0.743443
92	172	6.2819
92	175	4.15291
93	22	5.09583
93	66	3.30417
93	115	0.717822
93	142	0.658988
93	149	0.646447
93	158	0.689165
93	159	0.712241
93	161	0.683332
93	164	0.65879
93	166	0.659568
93	170	0.637122
93	171	0.65775
93	172	0.649689
93	173	0.670157
93	174	0.645391
93	175	0.679445
93	176	0.659224
93	177	0.650594
93	178	0.656854
93	179	0.633325
93	180	0.632846
94	7	5.18054
94	55	0.58968
94	69	1.15527
94	103	1.02571
94	133	0.814913
94	149	0.729778
94	163	0.716197
94	164	0.742121
94	167	0.747767
94	169	0.753366
94	170	0.720454
94	171	0.741082
94	172	0.73302
94	173	0.753488
94	174	0.728722
94	175	0.762776
94	176	0.742556
94	177	0.733926
94	178	0.740185
94	179	0.716657
94	180	0.716177
95	5	0.860852
95	18	0.773256
95	57	0.799975
95	75	0.825989
95	79	0.822906
95	81	0.767336
95	85	0.798862
95	91	0.792976
95	103	0.833922
95	105	0.78188
95	107	0.795168
95	110	0.798189
95	113	0.751441
95	127	3.26076
95	151	0.800715
95	159	1.8958
95	163	0.68948
95	165	2.50519
95	167	4.49423
95	168	0.742166
95	176	4.03322
96	3	0.865816
96	12	0.859514
96	13	0.875871
96	17	0.388878
96	24	0.583154
96	30	0.859814
96	38	0.322377
96	43	0.342672
96	45	0.919175
96	58	0.916163
96	65	0.863636
96	74	0.88224
96	89	0.891742
96	90	0.903628
96	99	0.915947
96	101	0.392467
96	156	7.2384
96	162	0.814942
96	164	7.3746
96	167	6.42765
96	180	10.0319
97	1	0.719943
97	14	0.693409
97	50	0.744278
97	53	0.746307
97	54	0.751825
97	59	0.733552
97	62	0.741088
97	67	0.773753
97	86	0.739388
97	87	0.728462
97	88	2.0239
97	92	0.780864
97	98	0.750424
97	102	1.42432
97	108	0.726573
97	111	0.720212
97	114	0.697521
97	129	0.720252
97	138	0.732449
97	148	2.12557
97	154	0.668212
97	163	7.52854
98	14	0.738199
98	50	0.789069
98	53	0.791097
98	54	0.796615
98	59	0.778343
98	60	0.780922
98	62	0.785879
98	67	0.818544
98	76	0.759462
98	78	0.74852
98	87	0.773253
98	92	0.825655
98	97	0.750424
98	108	0.771363
98	111	0.765003
98	126	2.93866
98	134	2.75142
98	137	3.13686
98	138	0.777239
98	141	1.96631
98	154	0.713002
98	177	6.27645
99	12	0.70589
99	13	0.722247
99	17	0.854404
99	24	0.823009
99	29	0.783776
99	30	0.706191
99	38	0.885549
99	39	3.07418
99	43	0.905844
99	45	0.765552
99	65	0.710012
99	74	0.728617
99	88	0.74827
99	89	0.738118
99	96	0.915947
99	101	0.805936
99	133	1.86736
99	147	0.750297
99	150	1.20765
99	162	0.661318
99	168	3.9127
99	178	4.57057
100	78	3.04324
100	80	2.39271
100	142	0.683523
100	143	0.782612
100	144	0.735709
100	146	0.694295
100	151	1.91415
100	152	0.707355
100	159	0.736776
100	161	0.707867
100	167	0.688971
100	169	0.69457
100	170	0.661657
100	172	0.674224
100	173	0.694692
100	174	0.669926
100	175	0.70398
100	176	0.683759
100	177	0.67513
100	178	0.681389
100	179	0.657861
100	180	0.657381
101	12	0.749502
101	13	0.765859
101	17	0.898016
101	24	0.866621
101	27	0.762699
101	29	0.827388
101	30	0.749803
101	43	0.949456
101	45	0.809164
101	58	0.806152
101	65	0.753624
101	89	0.78173
101	90	0.793616
101	96	0.392467
101	99	0.805936
101	113	3.00534
101	116	4.23792
101	121	1.81127
101	137	2.75739
101	147	0.793909
101	162	0.70493
101	178	5.27576
102	17	2.34573
102	87	2.06604
102	91	1.08599
102	97	1.42432
102	115	0.814383
102	139	0.154373
102	150	0.853136
102	153	0.76783
102	159	0.808803
102	160	0.751307
102	161	0.779893
102	166	0.756129
102	167	0.760997
102	171	0.754312
102	172	0.74625
102	173	0.766718
102	174	0.741952
102	175	0.776006
102	176	0.755785
102	177	0.747156
102	178	0.753415
102	179	0.729887
102	180	0.729407
103	7	0.711625
103	26	0.806872
103	36	0.497419
103	57	0.808077
103	79	0.831007
103	81	0.775438
103	85	0.806964
103	91	0.801077
103	94	1.02571
103	95	0.833922
103	105	0.789981
103	107	0.803269
103	110	0.80629
103	113	0.759543
103	130	0.788558
103	137	0.758657
103	151	0.808817
103	152	2.87571
103	155	3.38483
103	160	6.34171
103	163	0.697582
103	166	4.43851
103	168	0.750267
104	10	0.696805
104	20	0.813516
104	21	0.696911
104	31	0.638079
104	37	0.772882
104	40	0.725607
104	47	0.784389
104	48	0.786379
104	51	0.774705
104	61	0.753343
104	63	0.76103
104	68	0.771295
104	71	0.741763
104	77	0.732427
104	82	1.18934
104	83	0.73824
104	106	0.714823
104	137	3.55433
104	139	0.729598
104	140	1.42676
104	150	1.55521
104	165	4.09108
104	173	5.41395
105	5	0.816912
105	7	0.659583
105	18	0.729316
105	26	0.75483
105	36	0.435568
105	75	0.782048
105	79	0.778965
105	81	0.723396
105	85	0.754921
105	91	0.749035
105	95	0.78188
105	103	0.789981
105	107	0.751227
105	110	0.754248
105	113	0.7075
105	137	0.706614
105	138	1.901
105	143	2.15605
105	151	0.756774
105	153	5.63287
105	154	5.59544
105	163	0.645539
105	168	0.698225
106	10	0.693208
106	20	0.809919
106	21	0.693313
106	22	0.739527
106	31	0.634482
106	37	0.769284
106	40	0.722009
106	44	1.43255
106	47	0.780792
106	48	0.782782
106	51	0.771108
106	52	0.646352
106	61	0.749746
106	63	0.757433
106	68	0.767698
106	71	0.738165
106	82	1.18575
106	83	0.734642
106	104	0.714823
106	120	3.09014
106	122	2.81422
106	124	4.12234
106	131	2.47586
106	139	0.726001
107	5	0.8302
107	18	0.742604
107	26	0.768118
107	57	0.769323
107	75	0.795336
107	79	0.792253
107	81	0.736683
107	85	0.768209
107	91	0.762323
107	95	0.795168
107	103	0.803269
107	105	0.751227
107	109	1.76964
107	110	0.767536
107	113	0.720788
107	128	4.33925
107	130	0.749803
107	134	2.44693
107	137	0.719902
107	151	0.770062
107	159	2.75973
107	163	0.658827
107	168	0.711513
107	177	5.97196
108	14	0.714349
108	25	1.09386
108	50	0.765218
108	53	0.767247
108	54	0.772764
108	59	0.754492
108	60	0.757072
108	62	0.762028
108	67	0.794693
108	76	0.735611
108	78	0.72467
108	86	0.760328
108	87	0.749402
108	92	0.801804
108	97	0.726573
108	98	0.771363
108	111	0.741152
108	114	0.71846
108	118	3.59013
108	122	3.1845
108	129	0.741192
108	131	2.84614
108	138	0.753388
108	150	3.48394
108	154	0.689151
109	2	1.48373
109	14	4.30964
109	15	0.707851
109	16	0.784034
109	34	1.03415
109	46	0.676964
109	72	0.799514
109	73	0.763287
109	89	2.43698
109	107	1.76964
109	139	0.728004
109	144	0.712494
109	147	0.726751
109	149	0.647767
109	151	0.745421
109	159	0.713561
109	165	0.715976
109	169	0.671355
109	173	0.671477
109	174	0.646711
109	175	0.680765
109	176	0.660544
109	177	0.651915
109	178	0.658174
109	180	0.634166
110	5	0.83322
110	7	0.675891
110	18	0.745624
110	26	0.771139
110	36	0.451877
110	57	0.772344
110	75	0.798357
110	79	0.795274
110	81	0.739704
110	85	0.77123
110	91	0.765344
110	95	0.798189
110	103	0.80629
110	105	0.754248
110	107	0.767536
110	113	0.723809
110	116	3.89235
110	122	1.38362
110	125	2.77222
110	130	0.752824
110	137	0.722923
110	151	0.773083
110	156	5.74836
110	163	0.661848
110	168	0.714534
110	173	4.27144
111	1	0.734523
111	14	0.707988
111	50	0.758858
111	53	0.760886
111	54	0.766404
111	59	0.748131
111	60	0.750711
111	62	0.755667
111	67	0.788332
111	76	0.72925
111	78	0.718309
111	86	0.753968
111	87	0.743041
111	92	0.795443
111	97	0.720212
111	98	0.765003
111	108	0.741152
111	114	0.7121
111	116	2.26973
111	121	2.29287
111	123	5.40776
111	129	0.734832
111	138	0.747028
111	154	0.682791
111	168	2.64969
111	180	6.91921
112	8	1.11782
112	12	2.28757
112	31	3.37645
112	51	1.30339
112	79	2.31478
112	131	0.842574
112	142	0.734679
112	149	0.722138
112	153	0.746959
112	155	0.749587
112	156	0.736821
112	157	0.775587
112	158	0.764857
112	164	0.734481
112	165	0.790347
112	170	0.712813
112	171	0.733441
112	172	0.72538
112	173	0.745848
112	174	0.721082
112	175	0.755136
112	176	0.734915
112	177	0.726286
112	178	0.732545
112	179	0.709016
112	180	0.708537
113	8	2.81137
113	12	4.98329
113	57	0.725596
113	75	0.751609
113	95	0.751441
113	101	3.00534
113	103	0.759543
113	105	0.7075
113	107	0.720788
113	110	0.723809
113	117	0.725434
113	130	0.706076
113	137	0.676175
113	162	0.618687
113	163	0.6151
113	165	0.69689
113	168	0.667786
113	171	0.639985
113	172	0.631924
113	173	0.652392
113	174	0.627626
113	175	0.66168
113	176	0.641459
113	177	0.63283
113	178	0.639089
113	179	0.61556
113	180	0.615081
114	5	2.19966
114	14	0.685297
114	24	3.23477
114	50	0.736166
114	67	0.762977
114	71	5.36557
114	78	0.695617
114	87	0.72035
114	97	0.697521
114	108	0.71846
114	111	0.7121
114	129	0.71214
114	138	0.724336
114	142	0.647396
114	154	0.660099
114	155	0.662304
114	164	0.647198
114	165	0.703064
114	170	0.62553
114	171	0.646159
114	174	0.633799
114	175	0.667853
114	176	0.647632
114	177	0.639003
114	178	0.645262
114	179	0.621734
114	180	0.621254
115	11	3.24584
115	75	2.63081
115	93	0.717822
115	102	0.814383
115	119	0.749506
115	135	0.668935
115	145	0.68695
115	151	3.07346
115	157	0.705126
115	160	0.659977
115	161	0.688563
115	164	0.66402
115	166	0.664799
115	167	0.669666
115	169	0.675265
115	170	0.642353
115	171	0.662981
115	172	0.654919
115	173	0.675387
115	174	0.650621
115	175	0.684676
115	176	0.664455
115	177	0.655825
115	178	0.662085
115	179	0.638556
115	180	0.638076
116	101	4.23792
116	110	3.89235
116	111	2.26973
116	123	0.674183
116	124	0.742398
116	132	0.728211
116	135	0.675474
116	145	0.693489
116	146	0.68153
116	153	0.683038
116	155	0.685665
116	158	0.700935
116	160	0.666516
116	161	0.695102
116	166	0.671338
116	170	0.648892
116	171	0.66952
116	172	0.661458
116	173	0.681926
116	174	0.65716
116	175	0.691215
116	176	0.670994
116	177	0.662364
116	178	0.668623
116	179	0.645095
116	180	0.644615
117	26	2.45553
117	42	4.24893
117	49	1.76436
117	89	2.33118
117	113	0.725434
117	132	0.747049
117	133	0.762189
117	141	0.820623
117	142	0.689596
117	145	0.712327
117	152	0.713427
117	155	0.704503
117	156	0.691737
117	157	0.730503
117	161	0.71394
117	163	0.663473
117	164	0.689397
117	167	0.695043
117	170	0.66773
117	171	0.688358
117	172	0.680297
117	174	0.675999
117	175	0.710053
117	176	0.689832
117	178	0.687462
117	179	0.663933
117	180	0.663453
118	37	1.80315
118	64	1.93256
118	73	2.22328
118	80	1.65088
118	108	3.59013
118	133	0.79271
118	135	0.724833
118	148	0.783285
118	150	0.817703
118	156	0.722258
118	158	0.750294
118	162	0.69758
118	163	0.693994
118	165	0.775784
118	166	0.720696
118	167	0.725564
118	169	0.731163
118	170	0.69825
118	171	0.718879
118	172	0.710817
118	173	0.731285
118	174	0.706519
118	175	0.740573
118	176	0.720352
118	177	0.711723
118	178	0.717982
118	179	0.694454
118	180	0.693974
119	20	2.45712
119	24	2.90959
119	28	3.48133
119	92	1.95195
119	115	0.749506
119	131	0.798567
119	137	0.725625
119	148	0.753841
119	149	0.678131
119	153	0.702953
119	155	0.70558
119	159	0.743926
119	162	0.668136
119	165	0.74634
119	166	0.691252
119	167	0.69612
119	169	0.701719
119	170	0.668807
119	171	0.689435
119	172	0.681373
119	174	0.677075
119	175	0.711129
119	176	0.690908
119	177	0.682279
119	178	0.688538
119	179	0.66501
119	180	0.66453
120	3	2.58065
120	28	1.70714
120	51	1.72851
120	73	2.09356
120	106	3.09014
120	121	0.845438
120	141	0.843301
120	153	0.724555
120	155	0.727182
120	157	0.753182
120	158	0.742452
120	159	0.765528
120	160	0.708032
120	164	0.712076
120	165	0.767942
120	166	0.712854
120	167	0.717722
120	169	0.723321
120	170	0.690408
120	172	0.702975
120	173	0.723443
120	174	0.698677
120	175	0.732731
120	176	0.71251
120	177	0.703881
120	178	0.71014
120	179	0.686612
120	180	0.686132
121	43	2.3755
121	66	1.53223
121	70	2.26029
121	101	1.81127
121	111	2.29287
121	120	0.845438
121	124	0.810189
121	127	0.786333
121	140	0.841548
121	148	0.801717
121	149	0.726007
121	151	1.03099
121	152	0.76238
121	153	0.750828
121	159	0.791801
121	161	0.762892
121	164	0.73835
121	167	0.743996
121	169	0.749595
121	170	0.716682
121	171	0.73731
121	172	0.729249
121	173	0.749717
121	174	0.724951
121	176	0.738784
121	177	0.730155
121	178	0.736414
121	179	0.712885
121	180	0.712406
122	1	2.6216
122	106	2.81422
122	108	3.1845
122	110	1.38362
122	140	0.815776
122	143	0.811865
122	146	0.723548
122	147	0.0632247
122	153	0.725056
122	155	0.727684
122	156	0.714918
122	157	0.753684
122	160	0.708534
122	161	0.73712
122	162	0.69024
122	164	0.712578
122	165	0.768444
122	166	0.713356
122	167	0.718224
122	171	0.711538
122	172	0.703477
122	173	0.723945
122	174	0.699179
122	175	0.733233
122	176	0.713012
122	177	0.704383
122	178	0.710642
122	179	0.687113
122	180	0.686634
123	2	0.738743
123	8	0.709326
123	9	0.854804
123	11	0.612924
123	15	6.19224
123	19	0.479329
123	49	0.706207
123	55	0.703533
123	56	0.648867
123	66	0.735875
123	70	0.746319
123	111	5.40776
123	116	0.674183
123	127	0.656595
123	129	0.673553
123	130	0.673663
123	149	0.596268
123	160	0.604568
123	164	0.608612
123	166	0.60939
123	169	0.619857
123	173	0.619979
123	174	0.595213
123	175	0.629267
123	176	0.609046
123	177	0.600416
123	178	0.606676
123	179	0.583147
123	180	0.582667
124	33	0.712324
124	54	2.25836
124	55	4.40933
124	92	1.20997
124	106	4.12234
124	116	0.742398
124	121	0.810189
124	125	0.74612
124	145	0.699757
124	153	0.689305
124	155	0.691933
124	158	0.707203
124	159	0.730278
124	160	0.672783
124	162	0.654489
124	164	0.676827
124	165	0.732693
124	166	0.677605
124	167	0.682473
124	169	0.688072
124	170	0.655159
124	171	0.675787
124	172	0.667726
124	173	0.688194
124	174	0.663428
124	176	0.677261
124	177	0.668632
124	178	0.674891
124	179	0.651362
124	180	0.650883
125	3	4.96369
125	26	2.10328
125	92	2.56081
125	110	2.77222
125	124	0.74612
125	135	0.679196
125	145	0.697211
125	148	0.737648
125	150	0.772066
125	152	0.698311
125	155	0.689387
125	156	0.676621
125	158	0.704657
125	159	0.727732
125	160	0.670237
125	164	0.674281
125	165	0.730147
125	166	0.675059
125	167	0.679927
125	169	0.685526
125	170	0.652613
125	171	0.673242
125	172	0.66518
125	173	0.685648
125	174	0.660882
125	175	0.694936
125	176	0.674715
125	177	0.666086
125	178	0.672345
125	179	0.648817
125	180	0.648337
126	28	3.53159
126	59	2.56194
126	86	2.56781
126	98	2.93866
126	132	0.733365
126	133	0.748506
126	141	0.806939
126	145	0.698644
126	150	0.773499
126	152	0.699744
126	153	0.688192
126	158	0.70609
126	161	0.700256
126	164	0.675714
126	165	0.73158
126	166	0.676492
126	167	0.68136
126	168	0.702475
126	170	0.654046
126	171	0.674674
126	172	0.666613
126	173	0.687081
126	174	0.662315
126	175	0.696369
126	176	0.676148
126	177	0.667519
126	178	0.673778
126	179	0.650249
126	180	0.64977
127	37	4.98839
127	62	3.35084
127	95	3.26076
127	121	0.786333
127	123	0.656595
127	136	0.678231
127	140	0.75617
127	146	0.663942
127	152	0.677001
127	153	0.66545
127	154	0.665872
127	156	0.655311
127	157	0.694077
127	159	0.706423
127	160	0.648928
127	164	0.652971
127	165	0.708837
127	169	0.664216
127	170	0.631304
127	171	0.651932
127	172	0.643871
127	173	0.664338
127	174	0.639573
127	175	0.673627
127	176	0.653406
127	177	0.644776
127	178	0.651036
127	179	0.627507
127	180	0.627027
128	13	3.7129
128	18	4.34785
128	107	4.33925
128	132	0.707367
128	134	0.757087
128	136	0.674975
128	142	0.649914
128	148	0.713083
128	149	0.637372
128	150	0.747501
128	152	0.673745
128	156	0.652055
128	157	0.690821
128	160	0.645672
128	161	0.674258
128	162	0.627378
128	164	0.649715
128	165	0.705581
128	166	0.650494
128	169	0.660961
128	170	0.628048
128	171	0.648676
128	172	0.640615
128	173	0.661082
128	174	0.636317
128	175	0.670371
128	176	0.65015
128	177	0.64152
128	178	0.64778
128	179	0.624251
128	180	0.623771
129	1	0.734563
129	2	0.800061
129	8	0.770644
129	9	0.450523
129	11	0.674242
129	19	0.869564
129	49	0.767525
129	53	0.760926
129	55	0.764851
129	56	0.710185
129	59	0.748172
129	60	0.750751
129	66	0.797194
129	69	0.794203
129	70	0.807637
129	76	0.729291
129	86	0.754008
129	92	0.795483
129	97	0.720252
129	108	0.741192
129	111	0.734832
129	114	0.71214
129	123	0.673553
129	130	0.734981
129	137	1.70138
129	138	0.747068
129	145	4.85197
129	150	1.1871
129	153	4.13154
129	154	0.682831
129	166	5.65917
129	178	4.21976
130	2	0.800171
130	4	0.832197
130	7	0.658159
130	8	0.770754
130	9	0.450633
130	11	0.674352
130	19	0.869674
130	26	0.753406
130	41	0.143349
130	49	0.767635
130	55	0.764961
130	56	0.710295
130	57	0.754611
130	66	0.797304
130	69	0.794312
130	70	0.807747
130	75	0.780624
130	79	0.777541
130	91	0.747611
130	103	0.788558
130	107	0.749803
130	110	0.752824
130	113	0.706076
130	123	0.673663
130	129	0.734981
130	144	3.05984
130	151	0.75535
130	158	4.90813
130	163	0.644115
130	168	0.696801
130	173	5.60535
130	175	5.69823
131	14	2.73544
131	16	1.45666
131	53	0.927309
131	76	2.3586
131	106	2.47586
131	108	2.84614
131	112	0.842574
131	119	0.798567
131	135	0.717996
131	136	0.738341
131	140	0.81628
131	141	0.844306
131	150	0.810867
131	153	0.72556
131	155	0.728187
131	158	0.743457
131	160	0.709038
131	161	0.737624
131	163	0.687157
131	165	0.768947
131	167	0.718727
131	169	0.724326
131	170	0.691414
131	171	0.712042
131	172	0.703981
131	173	0.724448
131	175	0.733737
131	176	0.713516
131	177	0.704886
131	178	0.711146
131	179	0.687617
131	180	0.687137
132	58	3.17227
132	59	3.61138
132	61	2.70658
132	62	2.90977
132	116	0.728211
132	117	0.747049
132	126	0.733365
132	128	0.707367
132	134	0.770011
132	136	0.687899
132	143	0.761927
132	144	0.715024
132	148	0.726007
132	155	0.677746
132	157	0.703745
132	159	0.716091
132	162	0.640302
132	165	0.718505
132	166	0.663418
132	169	0.673885
132	170	0.640972
132	171	0.6616
132	172	0.653539
132	173	0.674007
132	174	0.649241
132	175	0.683295
132	176	0.663074
132	177	0.654445
132	178	0.660704
132	179	0.637175
132	180	0.636696
133	45	4.03722
133	49	2.74805
133	54	3.06396
133	72	1.48342
133	94	0.814913
133	99	1.86736
133	117	0.762189
133	118	0.79271
133	126	0.748506
133	136	0.703039
133	141	0.809005
133	148	0.741147
133	152	0.70181
133	156	0.68012
133	157	0.718886
133	158	0.708156
133	159	0.731231
133	164	0.67778
133	165	0.733646
133	167	0.683426
133	168	0.704541
133	169	0.689025
133	170	0.656112
133	171	0.67674
133	172	0.668679
133	173	0.689147
133	174	0.664381
133	175	0.698435
133	176	0.678214
133	177	0.669585
133	178	0.675844
133	179	0.652315
133	180	0.651836
134	27	1.81513
134	32	0.691155
134	33	0.747856
134	81	1.78608
134	85	1.69126
134	98	2.75142
134	107	2.44693
134	128	0.757087
134	132	0.770011
134	142	0.712558
134	146	0.723329
134	147	1.97634
134	150	0.810145
134	152	0.736389
134	153	0.724838
134	156	0.714699
134	157	0.753465
134	158	0.742735
134	160	0.708316
134	164	0.712359
134	165	0.768225
134	166	0.713138
134	167	0.718005
134	169	0.723604
134	170	0.690692
134	171	0.71132
134	172	0.703258
134	173	0.723726
134	174	0.69896
134	175	0.733014
134	176	0.712793
134	177	0.704164
134	178	0.710423
134	179	0.686895
134	180	0.686415
135	20	6.2453
135	41	0.7847
135	52	6.9547
135	115	0.668935
135	116	0.675474
135	118	0.724833
135	125	0.679196
135	131	0.717996
135	140	0.713101
135	143	0.70919
135	145	0.632832
135	149	0.597559
135	153	0.622381
135	155	0.625009
135	156	0.612242
135	158	0.640278
135	161	0.634445
135	164	0.609903
135	165	0.665768
135	166	0.610681
135	167	0.615549
135	169	0.621148
135	170	0.588235
135	171	0.608863
135	172	0.600802
135	173	0.62127
135	174	0.596504
135	175	0.630558
135	176	0.610337
135	177	0.601707
135	178	0.607967
135	179	0.584438
135	180	0.583958
136	25	0.833098
136	73	3.84034
136	76	4.83807
136	127	0.678231
136	128	0.674975
136	131	0.738341
136	132	0.687899
136	133	0.703039
136	139	3.19804
136	143	0.729535
136	152	0.654278
136	153	0.642726
136	155	0.645354
136	157	0.671353
136	159	0.683699
136	160	0.626204
136	161	0.65479
136	162	0.60791
136	164	0.630248
136	165	0.686113
136	166	0.631026
136	167	0.635894
136	168	0.657009
136	169	0.641493
136	170	0.60858
136	171	0.629208
136	172	0.621147
136	173	0.641615
136	174	0.616849
136	175	0.650903
136	176	0.630682
136	177	0.622052
136	178	0.628312
136	179	0.604783
136	180	0.604303
137	5	0.785587
137	36	0.998212
137	48	3.65005
137	57	0.72471
137	75	0.750723
137	79	0.74764
137	81	0.692071
137	91	0.71771
137	98	3.13686
137	101	2.75739
137	103	0.758657
137	104	3.55433
137	105	0.706614
137	107	0.719902
137	110	0.722923
137	113	0.676175
137	119	0.725625
137	129	1.70138
137	140	0.743337
137	141	0.771364
137	151	0.725449
137	152	0.664169
137	153	0.652617
137	154	0.65304
137	163	0.614214
137	164	0.640139
137	167	0.645785
137	168	0.6669
137	170	0.618471
137	171	0.639099
137	172	0.631038
137	174	0.62674
137	175	0.660794
137	177	0.631944
137	178	0.638203
137	179	0.614674
137	180	0.614195
138	14	0.720225
