1	15	1.36538
1	34	1.27834
1	40	1.3747
1	73	1.50138
1	77	1.31426
1	98	1.34277
1	128	0.193881
1	142	0.18339
1	144	0.691076
1	170	1.42317
1	174	0.66155
1	175	0.673862
2	102	1.27406
2	103	0.542763
2	104	1.41255
2	110	1.33559
2	112	1.39159
2	117	1.41596
2	119	1.41596
2	168	0.460588
2	172	0.474887
2	173	1.35429
2	177	0.459193
2	179	0.469053
3	49	1.19838
3	59	1.40453
3	66	1.40453
3	69	1.35838
3	88	1.3905
3	89	1.43838
3	138	0.446808
3	151	0.476173
3	157	0.48601
3	161	0.506759
3	172	0.490545
3	173	1.4053
4	25	1.34275
4	46	1.46312
4	80	1.42821
4	90	1.35336
4	109	1.33974
4	125	1.34529
4	126	1.32754
4	150	0.167954
4	155	0.678154
4	161	0.209242
4	177	0.704279
4	178	0.644082
5	18	1.3194
5	31	1.4728
5	32	1.26328
5	65	1.35512
5	111	1.41343
5	144	1.36441
5	150	1.41156
5	160	0.51148
5	161	0.493472
5	169	0.473686
5	172	0.477257
5	175	0.450307
6	14	1.33169
6	52	1.47154
6	97	1.44847
6	100	1.32063
6	108	1.34472
6	137	0.491555
6	139	1.323
6	141	0.472056
6	154	0.477113
6	159	0.448405
6	160	0.517192
6	175	1.35994
7	21	1.14003
7	41	1.1766
7	43	1.17654
7	84	1.17939
7	87	1.17939
7	94	1.25212
7	99	1.25212
7	151	0.601822
7	156	0.621054
7	173	0.579266
7	177	0.600499
7	180	1.24382
8	49	1.19838
8	58	0.54229
8	59	1.40453
8	66	1.40453
8	69	1.35838
8	88	1.3905
8	89	1.43838
8	123	0.522998
8	159	0.44448
8	173	1.4053
8	175	0.452094
8	180	0.442489
9	18	1.11682
9	27	1.27293
9	31	1.27022
9	32	1.0607
9	36	1.2798
9	65	1.15255
9	72	1.29107
9	135	0.58508
9	151	0.590985
9	152	1.15591
9	160	0.639579
9	162	0.589402
10	35	1.44998
10	61	1.2741
10	63	1.4089
10	76	1.35282
10	85	1.37573
10	86	1.37573
10	93	1.36273
10	95	0.556028
10	147	0.450175
10	162	0.457285
10	169	0.469668
10	172	0.47324
11	26	1.29658
11	61	1.30351
11	63	1.43831
11	74	1.36909
11	76	1.38223
11	85	1.40514
11	86	1.40514
11	154	0.483365
11	161	0.505435
11	172	0.489221
11	173	0.452293
11	177	0.473526
12	41	1.3427
12	84	1.34549
12	87	1.34549
12	94	1.41822
12	99	1.41822
12	116	0.499172
12	151	0.459988
12	152	1.31995
12	161	0.490574
12	163	0.468281
12	166	0.488254
12	180	1.40992
13	15	1.35743
13	34	1.27039
13	60	0.214252
13	73	1.49343
13	77	1.3063
13	98	1.33482
13	121	1.42241
13	137	0.185718
13	140	0.657898
13	170	1.41522
13	172	0.693956
13	174	0.654693
14	6	1.33169
14	55	1.24749
14	56	1.25289
14	92	1.31109
14	97	1.39424
14	100	1.2664
14	108	1.29049
14	135	0.504212
14	137	0.533075
14	143	0.551787
14	156	0.529349
14	175	1.30572
14	180	0.487934
15	1	1.36538
15	13	1.35743
15	16	1.28672
15	29	0.31416
15	34	1.21263
15	77	1.24855
15	98	1.27706
15	116	1.29477
15	157	0.604545
15	170	1.35746
15	174	0.569817
15	175	0.58213
15	178	0.533189
16	15	1.28672
16	77	1.23559
16	88	1.27875
16	98	1.2641
16	109	0.528668
16	112	1.33085
16	117	1.35522
16	119	1.35522
16	142	0.554741
16	147	0.501509
16	157	0.520038
16	167	0.498791
16	173	1.29354
17	43	1.34444
17	60	0.526227
17	84	1.3473
17	87	1.3473
17	94	1.42002
17	99	1.42002
17	139	1.3092
17	141	0.478193
17	155	0.447288
17	171	0.481324
17	177	0.473413
17	180	1.41172
18	5	1.3194
18	9	1.11682
18	27	1.36315
18	31	1.36044
18	36	1.37002
18	65	1.24276
18	72	1.38129
18	116	0.54142
18	152	1.24612
18	154	0.510751
18	161	0.532821
18	163	0.510529
18	179	0.510772
19	60	0.537193
19	83	1.34142
19	91	1.3103
19	105	1.28026
19	114	0.552096
19	120	1.26281
19	124	1.2733
19	128	1.24399
19	133	1.33698
19	149	0.539253
19	165	0.503735
19	167	0.474291
19	178	1.35093
20	52	1.40661
20	55	1.23678
20	56	1.24218
20	92	1.30038
20	97	1.38354
20	100	1.2557
20	108	1.27979
20	156	0.537233
20	161	0.548588
20	167	0.506591
20	168	0.518074
20	175	1.29501
20	180	0.495818
21	7	1.14003
21	43	1.29407
21	45	0.306407
21	84	1.29693
21	87	1.29693
21	94	1.36965
21	99	1.36965
21	123	0.616215
21	140	0.536203
21	152	1.27138
21	172	0.572262
21	176	0.573107
21	180	1.36135
22	48	1.39017
22	57	1.22248
22	62	1.324
22	80	1.35742
22	109	1.26895
22	125	1.2745
22	126	1.25675
22	134	1.30574
22	137	0.55285
22	154	0.538408
22	164	0.538945
22	178	0.468373
22	180	0.507709
23	35	1.38251
23	61	1.20664
23	63	1.34144
23	74	1.27223
23	76	1.28536
23	85	1.30827
23	86	1.30827
23	93	1.29527
23	143	0.567305
23	145	0.533059
23	146	0.541081
23	174	0.500743
23	178	0.464115
24	49	1.31266
24	53	0.47655
24	59	1.51882
24	66	1.51882
24	69	1.47266
24	88	1.50479
24	89	1.55266
24	119	0.398414
24	149	0.47768
24	162	0.422544
24	171	0.430716
24	173	1.51959
24	174	0.399236
25	4	1.34275
25	57	1.24024
25	80	1.37518
25	90	1.30033
25	109	1.28671
25	125	1.29226
25	126	1.27452
25	142	0.547555
25	149	0.556568
25	157	1.28801
25	168	0.503088
25	176	0.518232
25	180	0.480832
26	11	1.29658
26	44	1.43962
26	61	1.12754
26	63	1.26234
26	74	1.19313
26	76	1.20627
26	85	1.22917
26	86	1.22917
26	93	1.21617
26	113	0.551726
26	159	0.536636
26	161	0.587415
26	163	0.565122
26	179	0.565366
27	9	1.27293
27	18	1.36315
27	32	1.30702
27	65	1.39887
27	72	1.5374
27	76	0.477455
27	111	1.45717
27	121	0.437646
27	144	1.40815
27	150	1.45531
27	157	0.477705
27	158	0.455158
27	171	0.474457
27	176	0.483085
28	70	0.586056
28	81	0.52913
28	84	0.562368
28	86	0.54295
28	110	0.572837
28	141	1.25464
28	142	1.22884
28	153	1.26639
28	155	1.27134
28	160	1.21808
28	171	1.23212
28	176	1.23361
28	177	1.2533
28	179	1.24167
29	15	0.31416
29	83	1.44681
29	106	1.36124
29	115	1.39697
29	120	1.3682
29	124	1.37869
29	128	1.34938
29	133	1.44237
29	138	0.629929
29	149	0.280155
29	159	0.639102
29	160	0.275197
29	178	1.45632
29	179	0.667832
30	38	0.479518
30	42	1.35776
30	51	1.45776
30	54	1.45776
30	58	1.23416
30	64	1.38913
30	75	1.38913
30	78	1.47802
30	137	0.485944
30	140	0.4413
30	147	0.454294
30	166	0.491253
30	170	0.455271
30	178	1.43626
31	5	1.4728
31	9	1.27022
31	18	1.36044
31	32	1.30431
31	72	1.53468
31	95	0.555907
31	144	1.40544
31	150	1.45259
31	152	1.39952
31	156	0.477978
31	158	0.446036
31	172	0.473119
31	177	0.457424
31	178	0.397227
32	5	1.26328
32	9	1.0607
32	27	1.30702
32	31	1.30431
32	36	1.31389
32	65	1.18664
32	72	1.32516
32	144	1.19592
32	149	0.611073
32	150	1.24307
32	155	0.530073
32	158	0.54481
32	171	0.564109
32	177	0.556198
33	42	1.35776
33	51	1.45776
33	54	1.45776
33	58	1.23416
33	64	1.38913
33	75	1.38913
33	78	1.47802
33	113	0.455905
33	154	0.469524
33	156	0.48024
33	157	0.470845
33	164	0.47006
33	168	0.46108
33	178	1.43626
34	1	1.27834
34	13	1.27039
34	15	1.21263
34	73	1.34863
34	77	1.1615
34	98	1.19002
34	111	1.26034
34	116	1.20773
34	138	0.539867
34	141	0.572691
34	157	0.579069
34	162	0.567649
34	170	1.27042
34	180	0.54705
35	10	1.44998
35	23	1.38251
35	61	1.31035
35	63	1.44515
35	76	1.38907
35	85	1.41198
35	86	1.41198
35	93	1.39898
35	106	0.472424
35	143	0.499192
35	146	0.472968
35	149	0.511074
35	153	0.453699
35	178	0.396002
36	9	1.2798
36	18	1.37002
36	32	1.31389
36	64	0.453007
36	65	1.40574
36	72	1.54426
36	137	0.491534
36	144	1.41502
36	150	1.46217
36	152	1.4091
36	157	0.478414
36	168	0.468649
36	177	0.467254
36	180	0.446394
37	39	1.38617
37	127	1.42595
37	129	1.44192
37	130	1.36289
37	131	1.36481
37	136	1.44999
37	144	1.37917
37	147	0.382913
37	148	1.38909
37	160	0.4402
37	164	0.400658
37	175	0.379027
37	178	0.804448
37	179	0.400143
38	30	0.479518
38	81	0.477436
38	88	0.507971
38	129	0.492953
38	131	0.536432
38	134	0.49968
38	138	1.3234
38	147	1.3637
38	153	1.3538
38	159	1.34271
38	165	1.30686
38	166	1.31788
38	168	1.34303
38	171	1.31953
38	179	1.32908
39	37	1.38617
39	79	1.24716
39	127	1.35082
39	128	0.540769
39	129	1.36679
39	130	1.28775
39	131	1.28968
39	136	1.37486
39	143	0.527408
39	153	0.481915
39	165	0.503772
39	170	0.478022
39	172	1.3087
39	175	0.473159
39	180	1.38808
40	1	1.3747
40	67	0.185229
40	74	0.573737
40	90	0.559451
40	92	1.33151
40	98	1.28638
40	108	1.31092
40	133	0.544449
40	148	0.564872
40	164	1.33154
40	168	1.34299
40	170	1.36678
40	173	0.564501
40	175	1.32614
40	179	1.32904
41	7	1.1766
41	12	1.3427
41	84	1.33349
41	87	1.33349
41	94	1.40622
41	99	1.40622
41	123	0.53712
41	139	1.2954
41	145	0.486219
41	152	1.30795
41	163	0.487088
41	165	0.496829
41	166	0.507061
41	172	0.493166
41	180	1.39792
42	30	1.35776
42	33	1.35776
42	51	1.37808
42	53	0.558469
42	54	1.37808
42	58	1.15448
42	64	1.30945
42	75	1.30945
42	78	1.39834
42	138	0.476681
42	158	0.493336
42	162	0.504463
42	174	0.481155
42	175	0.493468
42	178	1.35658
43	7	1.17654
43	17	1.34444
43	21	1.29407
43	84	1.33343
43	87	1.33343
43	94	1.40616
43	99	1.40616
43	116	0.546826
43	138	0.478276
43	145	0.515066
43	152	1.30789
43	155	0.480194
43	159	0.487449
43	170	0.499926
43	180	1.39786
44	26	1.43962
44	57	1.4747
44	58	1.39476
44	74	1.51214
44	93	1.53519
44	126	1.50897
44	129	0.405019
44	141	0.439206
44	148	1.53776
44	154	0.444264
44	155	0.4083
44	165	0.453782
44	171	0.442337
44	178	1.59685
44	180	0.413565
45	21	0.306407
45	59	0.275186
45	70	1.36724
45	102	1.32749
45	104	1.46599
45	110	1.38903
45	112	1.44503
45	117	1.4694
45	119	1.4694
45	144	0.260304
45	154	0.707275
45	158	0.686049
45	166	0.283935
45	170	1.45869
45	173	1.40772
45	175	0.686181
46	4	1.46312
46	48	1.52831
46	57	1.36061
46	90	1.4207
46	109	1.40708
46	125	1.41263
46	126	1.39489
46	132	1.38899
46	142	0.506297
46	145	0.469182
46	148	1.42367
46	159	0.441564
46	170	0.454042
46	176	0.476974
46	177	0.460434
46	178	0.400238
47	49	1.42695
47	59	1.63311
47	66	1.63311
47	69	1.58695
47	88	1.61907
47	89	1.66695
47	143	0.443344
47	163	0.409967
47	164	0.410726
47	170	0.393958
47	173	1.63387
47	177	0.400351
47	178	0.340154
47	179	0.410211
48	22	1.39017
48	46	1.52831
48	62	1.45998
48	90	1.41855
48	109	1.40493
48	116	1.40801
48	125	1.41048
48	126	1.39273
48	132	1.38683
48	140	0.429211
48	142	0.495438
48	144	0.455533
48	154	0.459414
48	158	0.438188
48	161	0.481484
48	162	0.449315
49	3	1.19838
49	8	1.19838
49	24	1.31266
49	47	1.42695
49	59	1.10563
49	66	1.10563
49	69	1.05948
49	88	1.0916
49	89	1.13948
49	114	1.05542
49	138	0.629375
49	144	0.663376
49	145	0.666165
49	147	0.650048
49	173	1.1064
49	178	0.597221
50	70	1.36724
50	102	1.32749
50	104	1.46599
50	110	1.38903
50	112	1.44503
50	117	1.4694
50	119	1.4694
50	123	0.51023
50	149	0.505457
50	156	0.471137
50	158	0.439195
50	169	0.462705
50	170	1.45869
50	173	1.40772
50	178	0.390386
50	180	0.429722
51	30	1.45776
51	33	1.45776
51	42	1.37808
51	54	1.47808
51	58	1.25448
51	64	1.40945
51	75	1.40945
51	78	1.49834
51	103	0.524885
51	160	0.491232
51	168	0.44271
51	169	0.453438
51	170	0.434922
51	177	0.441315
51	178	1.45658
51	180	0.420455
52	6	1.47154
52	20	1.40661
52	55	1.38734
52	56	1.39274
52	92	1.45094
52	100	1.40626
52	108	1.43035
52	139	1.40863
52	156	0.470831
52	164	0.460652
52	166	0.479866
52	170	0.443884
52	171	0.458188
52	172	0.465971
52	175	1.44557
52	180	0.429416
53	24	0.47655
53	42	0.558469
53	60	1.29736
53	82	0.51547
53	88	0.543863
53	120	0.565361
53	134	0.535572
53	154	1.27221
53	158	1.288
53	163	1.25524
53	171	1.26498
53	172	1.25782
53	176	1.26647
53	177	1.28616
53	179	1.27453
53	180	1.33721
54	30	1.45776
54	33	1.45776
54	42	1.37808
54	51	1.47808
54	58	1.25448
54	64	1.40945
54	75	1.40945
54	78	1.49834
54	122	0.471933
54	144	0.459064
54	152	0.449016
54	164	0.463481
54	170	0.446713
54	177	0.453106
54	178	1.45658
54	179	0.462966
55	14	1.24749
55	20	1.23678
55	52	1.38734
55	56	1.22291
55	88	0.51865
55	92	1.28111
55	97	1.36427
55	100	1.23643
55	108	1.26052
55	134	1.2874
55	144	0.538997
55	163	0.542655
55	175	1.27574
55	176	0.549579
55	179	0.542899
55	180	0.512179
56	14	1.25289
56	20	1.24218
56	52	1.39274
56	55	1.22291
56	92	1.28651
56	97	1.36967
56	100	1.24183
56	108	1.26592
56	139	1.2442
56	155	0.525721
56	158	0.540458
56	171	0.559757
56	174	0.528277
56	175	1.28114
56	178	0.491649
56	179	0.561706
57	22	1.22248
57	25	1.24024
57	44	1.4747
57	46	1.36061
57	62	1.29228
57	90	1.25085
57	109	1.23723
57	116	1.24031
57	121	0.501033
57	125	1.24278
57	146	0.546702
57	157	1.23853
57	159	0.511063
57	165	0.54929
57	166	0.559522
57	179	0.539793
58	8	0.54229
58	30	1.23416
58	33	1.23416
58	42	1.15448
58	44	1.39476
58	51	1.25448
58	54	1.25448
58	64	1.18585
58	75	1.18585
58	78	1.27474
58	99	0.511455
58	134	1.19408
58	153	0.580947
58	164	0.593822
58	165	0.602804
58	175	0.572191
58	178	1.23297
59	3	1.40453
59	8	1.40453
59	24	1.51882
59	45	0.275186
59	47	1.63311
59	49	1.10563
59	66	1.31179
59	69	1.26563
59	88	1.29776
59	89	1.34563
59	91	0.502519
59	121	0.496447
59	140	0.504982
59	144	0.531304
59	161	0.557255
59	169	0.537469
59	173	1.31256
60	13	0.214252
60	17	0.526227
60	19	0.537193
60	53	1.29736
60	82	0.514539
60	83	0.520324
60	112	0.522355
60	139	0.559705
60	143	1.32484
60	162	1.35925
60	168	1.37656
60	171	1.35306
60	174	1.37225
60	176	1.35455
60	177	1.37424
60	179	1.36261
60	180	1.42529
61	10	1.2741
61	11	1.30351
61	23	1.20664
61	26	1.12754
61	35	1.31035
61	63	1.26928
61	74	1.20006
61	76	1.2132
61	85	1.23611
61	86	1.23611
61	93	1.2231
61	146	0.5954
61	168	0.580026
61	175	0.567375
61	178	0.518434
61	179	0.58849
61	180	0.55777
62	22	1.324
62	48	1.45998
62	57	1.29228
62	80	1.42723
62	90	1.35238
62	95	0.569751
62	109	1.33875
62	111	1.39445
62	125	1.34431
62	126	1.32656
62	135	0.466686
62	141	0.476049
62	142	0.517131
62	157	1.34005
62	174	0.4477
62	179	0.481128
62	180	0.450408
63	10	1.4089
63	11	1.43831
63	23	1.34144
63	26	1.26234
63	35	1.44515
63	61	1.26928
63	74	1.33486
63	85	1.37091
63	86	1.37091
63	93	1.3579
63	122	0.503204
63	158	0.472988
63	160	0.534293
63	172	0.50007
63	175	0.47312
63	176	0.500916
63	178	0.424179
64	30	1.38913
64	33	1.38913
64	36	0.453007
64	42	1.30945
64	51	1.40945
64	54	1.40945
64	58	1.18585
64	75	1.34082
64	78	1.42971
64	134	1.34905
64	141	0.49504
64	147	0.482889
64	167	0.480172
64	172	0.505954
64	177	0.490259
64	178	1.38795
64	179	0.500119
65	5	1.35512
65	9	1.15255
65	18	1.24276
65	27	1.39887
65	32	1.18664
65	36	1.40574
65	72	1.41701
65	111	1.33678
65	113	0.496567
65	114	0.568065
65	138	0.472304
65	143	0.54334
65	144	1.28777
65	150	1.33492
65	152	1.28184
65	154	0.510185
65	168	0.501742
65	176	0.516887
66	3	1.40453
66	8	1.40453
66	24	1.51882
66	47	1.63311
66	49	1.10563
66	59	1.31179
66	69	1.26563
66	88	1.29776
66	89	1.34563
66	113	0.475904
66	117	0.443656
66	149	0.534559
66	160	0.529601
66	172	0.495378
66	173	1.31256
66	175	0.468428
66	180	0.458823
67	40	0.185229
67	68	1.40223
67	72	0.109309
67	79	1.36135
67	81	1.481
67	127	1.46501
67	129	1.48097
67	130	1.40194
67	131	1.40387
67	136	1.48905
67	140	0.548162
67	152	1.41231
67	157	0.579686
67	170	0.562133
67	174	0.544958
67	177	0.568526
67	178	0.50833
67	180	1.50227
68	67	1.40223
68	96	1.25396
68	103	0.576427
68	107	1.2861
68	127	1.32782
68	129	1.34379
68	130	1.26476
68	131	1.26669
68	136	1.35186
68	139	1.26257
68	143	0.53585
68	147	0.485487
68	152	1.27512
68	156	0.513411
68	157	0.504017
68	171	0.500769
68	177	0.492857
68	180	1.36509
69	3	1.35838
69	8	1.35838
69	24	1.47266
69	47	1.58695
69	49	1.05948
69	59	1.26563
69	66	1.26563
69	88	1.2516
69	89	1.29948
69	102	0.532757
69	114	1.21542
69	143	0.542944
69	145	0.508698
69	160	0.549868
69	167	0.489863
69	170	0.493558
69	173	1.2664
69	175	0.488695
70	28	0.586056
70	45	1.36724
70	50	1.36724
70	102	1.19261
70	104	1.3311
70	110	1.25415
70	112	1.31014
70	117	1.33451
70	119	1.33451
70	135	0.511926
70	138	0.488465
70	139	0.518892
70	147	0.509138
70	150	1.31186
70	159	0.497638
70	170	1.3238
70	173	1.27284
70	174	0.49294
71	82	1.48686
71	101	1.45526
71	103	0.519146
71	106	1.3968
71	115	1.43253
71	118	1.49289
71	124	1.41425
71	128	1.38494
71	133	1.47793
71	135	0.430993
71	140	0.415212
71	146	0.452345
71	153	0.433076
71	156	0.45613
71	161	0.467485
71	172	1.42753
71	173	1.43101
71	177	0.435576
72	9	1.29107
72	18	1.38129
72	27	1.5374
72	31	1.53468
72	32	1.32516
72	36	1.54426
72	65	1.41701
72	67	0.109309
72	111	1.47531
72	137	0.534095
72	150	1.47345
72	152	1.42037
72	153	0.507315
72	157	0.520974
72	167	0.499727
72	175	0.498559
72	178	0.449618
72	180	0.488954
73	1	1.50138
73	13	1.49343
73	34	1.34863
73	77	1.38454
73	95	1.35071
73	98	1.41306
73	111	1.48338
73	116	1.43077
73	121	1.50065
73	122	0.465078
73	143	0.489243
73	153	0.44375
73	155	0.420125
73	168	0.447645
73	170	1.49346
73	175	0.434994
73	176	0.46279
73	177	0.44625
74	11	1.36909
74	23	1.27223
74	26	1.19313
74	40	0.573737
74	44	1.51214
74	61	1.20006
74	63	1.33486
74	76	1.27878
74	85	1.30169
74	86	1.30169
74	93	1.28869
74	114	0.560226
74	121	1.34764
74	151	0.493831
74	157	0.503668
74	163	0.502124
74	179	0.502368
74	180	0.471648
75	30	1.38913
75	33	1.38913
75	42	1.30945
75	51	1.40945
75	54	1.40945
75	58	1.18585
75	64	1.34082
75	78	1.42971
75	122	0.504915
75	134	1.34905
75	146	0.502856
75	164	0.496462
75	168	0.487482
75	170	0.479694
75	174	0.462519
75	175	0.474831
75	178	1.38795
76	10	1.35282
76	11	1.38223
76	23	1.28536
76	26	1.20627
76	27	0.477455
76	35	1.38907
76	61	1.2132
76	74	1.27878
76	85	1.31483
76	86	1.31483
76	93	1.30183
76	111	0.500675
76	121	1.36077
76	144	0.521374
76	165	0.534773
76	171	0.523327
76	176	0.531956
76	177	0.515416
77	1	1.31426
77	13	1.3063
77	15	1.24855
77	16	1.23559
77	34	1.1615
77	73	1.38454
77	95	1.16358
77	98	1.22593
77	111	1.29625
77	116	1.24364
77	121	1.31352
77	149	0.585406
77	154	0.540369
77	156	0.551085
77	159	0.511661
77	161	0.56244
77	170	1.30633
77	171	0.538442
77	175	0.519275
78	30	1.47802
78	33	1.47802
78	42	1.39834
78	51	1.49834
78	54	1.49834
78	58	1.27474
78	64	1.42971
78	75	1.42971
78	116	0.479904
78	134	1.43794
78	153	0.436897
78	154	0.449236
78	160	0.489314
78	163	0.449013
78	165	0.458754
78	175	0.428141
78	178	1.47683
78	180	0.418537
79	39	1.24716
79	67	1.36135
79	81	1.30294
79	96	1.21308
79	107	1.24522
79	113	0.554852
79	127	1.28694
79	129	1.30291
79	130	1.22388
79	131	1.2258
79	139	1.22169
79	145	0.567379
79	155	0.532508
79	158	0.547245
79	167	0.548545
79	168	0.560028
79	172	1.24482
79	178	0.498436
79	180	1.32421
80	4	1.42821
80	22	1.35742
80	25	1.37518
80	62	1.42723
80	90	1.38579
80	109	1.37217
80	115	0.458478
80	123	0.522817
80	125	1.37772
80	126	1.35997
80	132	1.35408
80	141	0.46795
80	144	0.469127
80	148	1.38876
80	157	1.37347
80	161	0.495078
80	172	0.478864
80	179	0.473029
80	180	0.442309
81	28	0.52913
81	38	0.477436
81	67	1.481
81	79	1.30294
81	96	1.33274
81	107	1.36488
81	116	0.500089
81	122	0.47841
81	127	1.4066
81	130	1.34354
81	131	1.34546
81	136	1.43064
81	139	1.34135
81	150	1.40698
81	155	0.433457
81	159	0.440712
81	165	0.478939
81	179	0.469442
81	180	1.44387
82	53	0.51547
82	60	0.514539
82	71	1.48686
82	101	1.39343
82	106	1.33497
82	115	1.3707
82	120	1.34193
82	124	1.35242
82	128	1.3231
82	133	1.4161
82	137	0.486005
82	148	1.37095
82	154	0.471563
82	164	0.472099
82	167	0.451637
82	170	0.455332
82	175	1.3795
82	178	1.43005
82	180	0.440864
83	19	1.34142
83	29	1.44681
83	60	0.520324
83	101	1.38894
83	105	1.3549
83	106	1.33049
83	118	1.42658
83	120	1.33745
83	122	0.486337
83	133	1.41161
83	144	0.473467
83	158	0.456121
83	168	0.468904
83	169	0.479632
83	172	1.36121
83	175	1.37501
83	178	1.42556
83	179	0.477369
83	180	0.446649
84	7	1.17939
84	12	1.34549
84	17	1.3473
84	21	1.29693
84	28	0.562368
84	41	1.33349
84	43	1.33343
84	87	1.33629
84	94	1.40901
84	99	1.40901
84	114	0.560538
84	138	0.464777
84	139	1.29819
84	140	0.472456
84	151	0.494142
84	152	1.31074
84	162	0.492559
84	174	0.469251
84	177	0.49282
84	180	1.40071
85	10	1.37573
85	11	1.40514
85	23	1.30827
85	26	1.22917
85	35	1.41198
85	61	1.23611
85	63	1.37091
85	74	1.30169
85	76	1.31483
85	86	1.33774
85	93	1.32474
85	121	1.38368
85	153	0.493836
85	159	0.477466
85	163	0.505952
85	165	0.515692
85	166	0.525925
85	172	0.51203
85	174	0.472767
85	179	0.506196
86	10	1.37573
86	11	1.40514
86	23	1.30827
86	26	1.22917
86	28	0.54295
86	35	1.41198
86	61	1.23611
86	63	1.37091
86	74	1.30169
86	76	1.31483
86	85	1.33774
86	93	1.32474
86	121	1.38368
86	145	0.48215
86	146	0.490172
86	149	0.528278
86	154	0.483241
86	166	0.502992
86	172	0.489097
86	176	0.489942
87	7	1.17939
87	12	1.34549
87	17	1.3473
87	21	1.29693
87	41	1.33349
87	43	1.33343
87	84	1.33629
87	94	1.40901
87	99	1.40901
87	138	0.462531
87	139	1.29819
87	142	0.536437
87	152	1.31074
87	165	0.509931
87	166	0.520163
87	169	0.502697
87	171	0.498486
87	175	0.479318
87	179	0.500434
87	180	1.40071
88	3	1.3905
88	8	1.3905
88	16	1.27875
88	24	1.50479
88	38	0.507971
88	47	1.61907
88	49	1.0916
88	53	0.543863
88	55	0.51865
88	59	1.29776
88	66	1.29776
88	69	1.2516
88	89	1.3316
88	114	1.24755
88	170	0.483725
88	171	0.498029
88	172	0.505812
88	173	1.29852
88	175	0.478862
88	180	0.469257
89	3	1.43838
89	8	1.43838
89	24	1.55266
89	47	1.66695
89	49	1.13948
89	59	1.34563
89	66	1.34563
89	69	1.29948
89	88	1.3316
89	114	1.29542
89	147	0.466875
89	153	0.471745
89	162	0.473985
89	166	0.503835
89	170	0.467853
89	173	1.3464
89	174	0.450677
89	176	0.490785
89	179	0.484105
90	4	1.35336
90	25	1.30033
90	40	0.559451
90	46	1.4207
90	48	1.41855
90	57	1.25085
90	62	1.35238
90	80	1.38579
90	109	1.29732
90	114	0.545941
90	125	1.30287
90	126	1.28512
90	134	1.33411
90	142	0.524086
90	144	0.484181
90	156	0.498777
90	157	1.29862
90	161	0.510132
90	167	0.468136
90	178	0.418026
91	19	1.3103
91	59	0.502519
91	95	0.580162
91	105	1.32378
91	106	1.29937
91	111	0.466938
91	118	1.39546
91	120	1.30633
91	121	0.45278
91	124	1.31682
91	128	1.2875
91	133	1.3805
91	143	0.524672
91	147	0.474309
91	148	1.33535
91	154	0.491517
91	157	1.32006
91	161	0.513588
91	172	1.33009
91	178	1.39444
92	14	1.31109
92	20	1.30038
92	40	1.33151
92	52	1.45094
92	55	1.28111
92	56	1.28651
92	97	1.42787
92	100	1.30003
92	108	1.32412
92	116	0.53043
92	132	1.29611
92	134	1.35099
92	160	0.53984
92	167	0.479835
92	169	0.502045
92	170	0.48353
92	172	0.505617
92	175	1.33934
92	179	0.499783
92	180	0.469062
93	10	1.36273
93	23	1.29527
93	26	1.21617
93	35	1.39898
93	44	1.53519
93	61	1.2231
93	63	1.3579
93	74	1.28869
93	76	1.30183
93	85	1.32474
93	86	1.32474
93	121	1.37068
93	141	0.493035
93	142	0.534117
93	163	0.497871
93	165	0.507611
93	167	0.478167
93	171	0.496166
93	176	0.504794
93	179	0.498115
94	7	1.25212
94	12	1.41822
94	17	1.42002
94	21	1.36965
94	41	1.40622
94	43	1.40616
94	84	1.40901
94	87	1.40901
94	99	1.48174
94	101	0.449714
94	122	0.484658
94	135	0.461248
94	139	1.37092
94	145	0.474578
94	146	0.4826
94	147	0.45846
94	152	1.38347
94	157	0.47699
94	159	0.44696
94	171	0.473742
94	180	1.47344
95	10	0.556028
95	31	0.555907
95	62	0.569751
95	73	1.35071
95	77	1.16358
95	91	0.580162
95	98	1.19209
95	102	1.1413
95	110	1.20284
95	116	1.20981
95	117	1.28321
95	119	1.28321
95	124	0.59013
95	127	0.563763
95	134	0.58031
95	165	1.21254
95	169	1.23632
95	170	1.27249
95	171	1.22521
95	176	1.2267
96	68	1.25396
96	79	1.21308
96	81	1.33274
96	105	0.511508
96	107	1.27503
96	127	1.31675
96	129	1.33271
96	130	1.25368
96	131	1.25561
96	136	1.34079
96	140	0.512549
96	148	1.27989
96	150	1.31712
96	151	0.534236
96	159	0.514044
96	163	0.54253
96	164	0.543289
96	167	0.522826
96	170	0.526521
96	172	1.27463
96	180	1.35401
97	6	1.44847
97	14	1.39424
97	20	1.38354
97	55	1.36427
97	56	1.36967
97	92	1.42787
97	100	1.38318
97	103	0.535795
97	108	1.40727
97	132	1.37927
97	134	1.43415
97	139	1.38556
97	149	0.5071
97	158	0.440837
97	161	0.484134
97	168	0.45362
97	172	0.46792
97	174	0.428657
97	175	1.4225
97	179	0.462085
97	180	0.431365
98	1	1.34277
98	13	1.33482
98	15	1.27706
98	16	1.2641
98	34	1.19002
98	40	1.28638
98	73	1.41306
98	77	1.22593
98	95	1.19209
98	111	1.32476
98	116	1.27215
98	121	1.34203
98	158	0.525401
98	162	0.536528
98	164	0.547164
98	168	0.538184
98	170	1.33484
98	171	0.5447
98	175	0.525533
98	178	0.476592
98	180	0.515928
99	7	1.25212
99	12	1.41822
99	17	1.42002
99	21	1.36965
99	41	1.40622
99	43	1.40616
99	58	0.511455
99	84	1.40901
99	87	1.40901
99	94	1.48174
99	103	0.516084
99	116	0.473021
99	122	0.451342
99	139	1.37092
99	143	0.475507
99	152	1.38347
99	156	0.453069
99	164	0.442889
99	169	0.444637
99	179	0.442374
99	180	1.47344
100	6	1.32063
100	14	1.2664
100	20	1.2557
100	52	1.40626
100	55	1.23643
100	56	1.24183
100	92	1.30003
100	97	1.38318
100	108	1.27943
100	121	0.504066
100	132	1.25143
100	134	1.30631
100	138	0.504923
100	139	1.25772
100	157	0.544125
100	169	0.545088
100	171	0.540877
100	172	0.54866
100	175	1.29466
100	176	0.549505
100	178	0.472769
101	71	1.45526
101	82	1.39343
101	83	1.38894
101	94	0.449714
101	105	1.32779
101	106	1.30337
101	115	1.3391
101	118	1.39947
101	120	1.31033
101	124	1.32082
101	128	1.29151
101	133	1.3845
101	144	0.494348
101	146	0.505159
101	153	0.48589
101	164	0.498765
101	165	0.507747
101	173	1.33758
101	174	0.464822
101	175	1.3479
101	176	0.50493
101	179	0.49825
102	2	1.27406
102	45	1.32749
102	50	1.32749
102	69	0.532757
102	70	1.19261
102	95	1.1413
102	104	1.29135
102	110	1.2144
102	112	1.2704
102	114	1.18211
102	117	1.29477
102	119	1.29477
102	142	0.583175
102	149	0.592187
102	150	1.27211
102	159	0.518442
102	162	0.537052
102	163	0.546929
102	170	1.28405
102	171	0.545224
102	172	0.553007
102	173	1.23309
103	2	0.542763
103	51	0.524885
103	68	0.576427
103	71	0.519146
103	97	0.535795
103	99	0.516084
103	114	1.19279
103	125	0.593713
103	132	0.588645
103	142	1.24416
103	147	1.29162
103	153	1.28172
103	158	1.27047
103	160	1.23341
103	162	1.25364
103	163	1.23771
103	169	1.25855
103	170	1.29473
103	174	1.26664
103	176	1.24894
103	177	1.26863
103	179	1.257
104	2	1.41255
104	45	1.46599
104	50	1.46599
104	70	1.3311
104	102	1.29135
104	110	1.35289
104	112	1.40889
104	116	0.503196
104	117	1.43326
104	119	1.43326
104	135	0.458106
104	137	0.486969
104	150	1.4106
104	151	0.464011
104	154	0.472527
104	165	0.482045
104	170	1.42254
104	173	1.37158
104	176	0.479228
104	177	0.462688
104	178	0.402492
105	19	1.28026
105	83	1.3549
105	91	1.32378
105	96	0.511508
105	101	1.32779
105	114	0.550818
105	115	1.30506
105	116	0.523607
105	118	1.36542
105	120	1.27629
105	123	0.542748
105	124	1.28678
105	128	1.25746
105	133	1.35046
105	146	0.499869
105	151	0.484423
105	157	1.29002
105	164	0.493475
105	166	0.512689
105	171	0.491012
105	173	1.30353
105	175	1.31385
105	178	1.3644
106	29	1.36124
106	35	0.472424
106	71	1.3968
106	82	1.33497
106	83	1.33049
106	91	1.29937
106	101	1.30337
106	115	1.28065
106	118	1.34101
106	120	1.25188
106	121	0.491832
106	133	1.32605
106	134	0.498052
106	141	0.525512
106	153	0.518231
106	157	1.26561
106	163	0.530347
106	166	0.55032
106	173	1.27912
106	175	1.28944
106	177	0.520731
106	178	1.33999
106	180	0.499871
107	68	1.2861
107	79	1.24522
107	81	1.36488
107	96	1.27503
107	127	1.34889
107	129	1.36485
107	130	1.28582
107	131	1.28775
107	132	1.27734
107	136	1.37292
107	140	0.503918
107	144	1.30211
107	146	0.541052
107	152	1.29618
107	155	0.498158
107	157	0.535442
107	168	0.525678
107	170	0.51789
107	172	1.30676
107	174	0.500714
107	177	0.524283
107	178	0.464086
107	180	1.38615
108	6	1.34472
108	14	1.29049
108	20	1.27979
108	40	1.31092
108	52	1.43035
108	55	1.26052
108	56	1.26592
108	92	1.32412
108	97	1.40727
108	100	1.27943
108	121	0.486215
108	122	0.533943
108	132	1.27552
108	134	1.3304
108	139	1.28181
108	145	0.523862
108	157	0.526274
108	167	0.505028
108	169	0.527238
108	171	0.523027
108	172	0.530809
108	175	1.31875
108	178	0.454918
109	4	1.33974
109	16	0.528668
109	22	1.26895
109	25	1.28671
109	46	1.40708
109	48	1.40493
109	57	1.23723
109	62	1.33875
109	80	1.37217
109	90	1.29732
109	125	1.28925
109	126	1.2715
109	132	1.2656
109	134	1.32049
109	138	0.496253
109	146	0.541065
109	148	1.30029
109	155	0.498171
109	163	0.533912
109	165	0.543652
109	174	0.500727
109	178	0.464099
109	180	0.503435
110	2	1.33559
110	28	0.572837
110	45	1.38903
110	50	1.38903
110	70	1.25415
110	95	1.20284
110	102	1.2144
110	104	1.35289
110	112	1.33194
110	114	1.24365
110	117	1.3563
110	119	1.3563
110	150	1.33365
110	151	0.504612
110	158	0.491901
110	164	0.513664
110	166	0.532878
110	170	1.34559
110	172	0.518984
110	173	1.29463
110	174	0.479721
110	175	0.492033
110	177	0.503289
111	5	1.41343
111	27	1.45717
111	34	1.26034
111	62	1.39445
111	65	1.33678
111	72	1.47531
111	73	1.48338
111	76	0.500675
111	77	1.29625
111	91	0.466938
111	98	1.32476
111	113	0.485986
111	125	1.34494
111	126	1.3272
111	140	0.469402
111	147	0.482396
111	152	1.34014
111	156	0.51032
111	157	1.34069
111	162	0.489505
111	170	1.40516
111	176	0.506305
111	178	0.429569
111	180	0.468905
112	2	1.39159
112	16	1.33085
112	45	1.44503
112	50	1.44503
112	60	0.522355
112	70	1.31014
112	102	1.2704
112	104	1.40889
112	110	1.33194
112	114	1.29965
112	117	1.4123
112	119	1.4123
112	138	0.441498
112	144	0.475499
112	146	0.48631
112	150	1.38965
112	151	0.470863
112	156	0.490095
112	169	0.481664
112	170	1.40159
112	171	0.477452
112	173	1.35063
112	176	0.486081
112	179	0.479401
113	26	0.551726
113	33	0.455905
113	65	0.496567
113	66	0.475904
113	79	0.554852
113	111	0.485986
113	125	0.506363
113	140	1.33207
113	145	1.30404
113	148	0.479864
113	150	0.491346
113	152	0.496637
113	156	1.31677
113	161	1.32292
113	163	1.31018
113	164	1.33197
113	165	1.30725
113	168	1.34342
113	169	1.33103
113	174	1.33911
113	176	1.32141
113	177	1.3411
113	178	1.37712
113	179	1.32947
113	180	1.39215
114	19	0.552096
114	49	1.05542
114	65	0.568065
114	69	1.21542
114	74	0.560226
114	84	0.560538
114	88	1.24755
114	89	1.29542
114	90	0.545941
114	102	1.18211
114	103	1.19279
114	105	0.550818
114	110	1.24365
114	112	1.29965
114	117	1.32402
114	119	1.32402
114	124	0.559365
114	133	0.530938
114	143	1.2378
114	152	0.568135
114	168	1.28952
114	173	1.26234
114	176	1.26751
114	177	1.2872
114	179	1.27557
115	29	1.39697
115	71	1.43253
115	80	0.458478
115	82	1.3707
115	101	1.3391
115	105	1.30506
115	106	1.28065
115	118	1.37674
115	120	1.28761
115	124	1.2981
115	128	1.26878
115	137	0.524095
115	146	0.516584
115	148	1.31663
115	152	0.495725
115	155	0.47369
115	158	0.488427
115	160	0.549732
115	172	1.31137
115	173	1.31485
115	174	0.476246
115	175	1.32517
115	176	0.516354
115	178	1.37572
115	179	0.509675
116	12	0.499172
116	15	1.29477
116	18	0.54142
116	34	1.20773
116	43	0.546826
116	48	1.40801
116	57	1.24031
116	73	1.43077
116	77	1.24364
116	78	0.479904
116	81	0.500089
116	92	0.53043
116	95	1.20981
116	98	1.27215
116	99	0.473021
116	104	0.503196
116	105	0.523607
116	125	1.29234
116	126	1.27459
116	128	0.601367
116	148	1.30338
116	155	1.3445
116	159	1.32846
116	161	1.30827
116	177	1.32645
116	179	1.31482
117	2	1.41596
117	16	1.35522
117	45	1.4694
117	50	1.4694
117	66	0.443656
117	70	1.33451
117	95	1.28321
117	102	1.29477
117	104	1.43326
117	110	1.3563
117	112	1.4123
117	114	1.32402
117	119	1.43667
117	143	0.511471
117	144	0.474436
117	150	1.41402
117	155	0.442353
117	160	0.518395
117	163	0.478094
117	168	0.469873
117	170	1.42596
117	172	0.484173
117	173	1.375
117	175	0.457222
117	176	0.485018
117	180	0.447618
118	71	1.49289
118	83	1.42658
118	91	1.39546
118	101	1.39947
118	105	1.36542
118	106	1.34101
118	115	1.37674
118	120	1.34797
118	124	1.35846
118	126	0.48142
118	128	1.32914
118	133	1.42214
118	135	0.46769
118	146	0.489042
118	151	0.473595
118	154	0.482111
118	157	1.3617
118	158	0.460885
118	164	0.482647
118	167	0.462185
118	168	0.473668
118	170	0.46588
118	172	1.37173
118	173	1.37521
118	177	0.472273
118	178	1.43609
119	2	1.41596
119	16	1.35522
119	24	0.398414
119	45	1.4694
119	50	1.4694
119	70	1.33451
119	95	1.28321
119	102	1.29477
119	104	1.43326
119	110	1.3563
119	112	1.4123
119	114	1.32402
119	117	1.43667
119	123	0.539763
119	150	1.41402
119	153	0.477615
119	165	0.499472
119	167	0.470028
119	169	0.492238
119	170	1.42596
119	173	1.375
119	175	0.468859
119	176	0.496655
119	178	0.419919
119	179	0.489975
119	180	0.459255
120	19	1.26281
120	29	1.3682
120	53	0.565361
120	82	1.34193
120	83	1.33745
120	91	1.30633
120	101	1.31033
120	105	1.27629
120	106	1.25188
120	115	1.28761
120	118	1.34797
120	124	1.26933
120	128	1.24001
120	130	0.527137
120	133	1.333
120	140	0.491251
120	144	0.517573
120	145	0.520363
120	148	1.28786
120	153	0.509116
120	161	0.543524
120	164	0.52199
120	172	1.2826
120	175	1.2964
120	179	0.521475
120	180	0.490755
121	13	1.42241
121	27	0.437646
121	57	0.501033
121	59	0.496447
121	73	1.50065
121	74	1.34764
121	76	1.36077
121	77	1.31352
121	85	1.38368
121	86	1.38368
121	91	0.45278
121	93	1.37068
121	98	1.34203
121	100	0.504066
121	106	0.491832
121	108	0.486215
121	136	0.426464
121	139	0.477991
121	141	1.39767
121	150	0.466227
121	168	1.39865
121	170	1.42243
121	171	1.37515
121	173	0.454373
121	177	1.39633
121	179	1.3847
122	54	0.471933
122	63	0.503204
122	73	0.465078
122	75	0.504915
122	81	0.47841
122	83	0.486337
122	94	0.484658
122	99	0.451342
122	108	0.533943
122	129	0.493927
122	132	0.523903
122	143	1.32108
122	149	1.31226
122	154	1.35654
122	156	1.34616
122	158	1.37233
122	160	1.33526
122	161	1.3523
122	163	1.33956
122	165	1.33664
122	166	1.34765
122	167	1.37118
122	169	1.36041
122	174	1.36849
122	176	1.35079
122	177	1.37048
122	179	1.35885
123	8	0.522998
123	21	0.616215
123	41	0.53712
123	50	0.51023
123	80	0.522817
123	105	0.542748
123	119	0.539763
123	129	0.534748
123	135	1.2857
123	136	0.515011
123	145	1.24805
123	149	1.2269
123	150	0.554774
123	151	1.26414
123	154	1.27117
123	156	1.26079
123	160	1.2499
123	162	1.27012
123	166	1.26229
123	167	1.28582
123	169	1.27504
123	172	1.25678
123	174	1.28313
123	176	1.26543
123	177	1.28511
123	179	1.27348
123	180	1.33617
124	19	1.2733
124	29	1.37869
124	71	1.41425
124	82	1.35242
124	91	1.31682
124	95	0.59013
124	101	1.32082
124	105	1.28678
124	114	0.559365
124	115	1.2981
124	118	1.35846
124	120	1.26933
124	128	1.2505
124	133	1.34349
124	135	0.487065
124	140	0.471283
124	142	0.53751
124	147	0.484277
124	157	1.28306
124	162	0.491387
124	168	0.493042
124	169	0.50377
124	170	0.485254
124	172	1.29309
124	173	1.29657
124	175	1.30689
124	176	0.508187
124	178	1.35744
125	4	1.34529
125	22	1.2745
125	25	1.29226
125	46	1.41263
125	48	1.41048
125	57	1.24278
125	62	1.34431
125	80	1.37772
125	90	1.30287
125	103	0.593713
125	109	1.28925
125	111	1.34494
125	113	0.506363
125	116	1.29234
125	126	1.27705
125	129	0.480737
125	132	1.27116
125	134	1.32604
125	135	0.505561
125	148	1.30584
125	156	0.530698
125	157	1.29055
125	167	0.500056
125	169	0.522266
125	170	0.503751
125	176	0.526683
125	178	0.449947
125	180	0.489283
126	4	1.32754
126	22	1.25675
126	25	1.27452
126	44	1.50897
126	46	1.39489
126	48	1.39273
126	62	1.32656
126	80	1.35997
126	90	1.28512
126	109	1.2715
126	111	1.3272
126	116	1.27459
126	118	0.48142
126	125	1.27705
126	132	1.25341
126	134	1.30829
126	135	0.509071
126	141	0.518434
126	148	1.2881
126	153	0.511154
126	157	1.2728
126	166	0.543243
126	169	0.525776
126	175	0.502398
126	176	0.530193
126	177	0.513654
126	178	0.453457
126	179	0.523514
127	37	1.42595
127	39	1.35082
127	67	1.46501
127	68	1.32782
127	79	1.28694
127	81	1.4066
127	95	0.563763
127	96	1.31675
127	107	1.34889
127	129	1.40657
127	130	1.32754
127	131	1.32947
127	132	1.31906
127	136	1.41465
127	137	0.48956
127	141	0.470061
127	144	1.34383
127	148	1.35375
127	157	0.476439
127	160	0.515197
127	165	0.484637
127	166	0.494869
127	167	0.455192
127	172	1.34849
127	174	0.441711
127	176	0.481819
127	177	0.46528
127	179	0.47514
127	180	1.42787
128	1	0.193881
128	19	1.24399
128	29	1.34938
128	39	0.540769
128	71	1.38494
128	82	1.3231
128	91	1.2875
128	101	1.29151
128	105	1.25746
128	115	1.26878
128	116	0.601367
128	118	1.32914
128	120	1.24001
128	124	1.2505
128	133	1.31418
128	148	1.26904
128	151	0.562182
128	155	0.534735
128	157	1.25374
128	159	0.54199
128	162	0.560599
128	163	0.570476
128	165	0.580217
128	167	0.550772
128	169	0.572983
128	172	1.26377
128	173	1.26725
128	175	1.27758
128	178	1.32813
129	37	1.44192
129	38	0.492953
129	39	1.36679
129	44	0.405019
129	67	1.48097
129	68	1.34379
129	79	1.30291
129	96	1.33271
129	107	1.36485
129	122	0.493927
129	123	0.534748
129	125	0.480737
129	127	1.40657
129	130	1.34351
129	131	1.34543
129	136	1.43061
129	139	1.34132
129	142	0.520962
129	144	1.35979
129	147	0.46773
129	148	1.36971
129	150	1.40695
129	151	0.476422
129	152	1.35387
129	161	0.507009
129	168	0.476495
129	172	1.36445
129	175	0.463844
129	177	0.4751
129	178	0.414903
129	180	1.44384
130	37	1.36289
130	39	1.28775
130	67	1.40194
130	68	1.26476
130	79	1.22388
130	81	1.34354
130	96	1.25368
130	107	1.28582
130	120	0.527137
130	127	1.32754
130	129	1.34351
130	131	1.2664
130	135	0.515445
130	136	1.35158
130	139	1.26228
130	144	1.28076
130	146	0.536796
130	148	1.29068
130	150	1.32792
130	151	0.52135
130	152	1.27484
130	153	0.517527
130	157	0.531187
130	162	0.519767
130	163	0.529643
130	166	0.549616
130	172	1.28542
130	174	0.496459
130	175	0.508771
130	178	0.459831
130	180	1.36481
131	37	1.36481
131	38	0.536432
131	39	1.28968
131	67	1.40387
131	68	1.26669
131	79	1.2258
131	81	1.34546
131	96	1.25561
131	107	1.28775
131	127	1.32947
131	129	1.34543
131	130	1.2664
131	132	1.25792
131	136	1.35351
131	139	1.26421
131	143	0.561571
131	144	1.28269
131	150	1.32984
131	152	1.27677
131	153	0.516078
131	155	0.492453
131	162	0.518318
131	164	0.528953
131	167	0.508491
131	169	0.530701
131	171	0.52649
131	172	1.28735
131	175	0.507322
131	178	0.458382
131	179	0.528438
131	180	1.36673
132	46	1.38899
132	48	1.38683
132	80	1.35408
132	92	1.29611
132	97	1.37927
132	100	1.25143
132	103	0.588645
132	107	1.27734
132	108	1.27552
132	109	1.2656
132	122	0.523903
132	125	1.27116
132	126	1.25341
132	127	1.31906
132	131	1.25792
132	134	1.30239
132	136	1.3431
132	139	1.2538
132	140	0.484711
132	145	0.513822
132	149	0.55995
132	151	0.506398
132	154	0.514914
132	159	0.486205
132	163	0.514691
132	164	0.51545
132	170	0.498683
132	172	1.27694
132	175	1.29074
132	177	0.505075
132	180	1.35632
133	19	1.33698
133	29	1.44237
133	40	0.544449
133	71	1.47793
133	82	1.4161
133	83	1.41161
133	91	1.3805
133	101	1.3845
133	105	1.35046
133	106	1.32605
133	114	0.530938
133	118	1.42214
133	120	1.333
133	124	1.34349
133	128	1.31418
133	145	0.471968
133	147	0.45585
133	148	1.36203
133	155	0.437096
133	156	0.483775
133	157	1.34673
133	159	0.44435
133	160	0.513137
133	162	0.46296
133	165	0.482577
133	168	0.464616
133	173	1.36025
133	175	1.37057
133	176	0.47976
133	178	1.42112
133	180	0.44236
134	22	1.30574
134	38	0.49968
134	53	0.535572
134	55	1.2874
134	58	1.19408
134	64	1.34905
134	75	1.34905
134	78	1.43794
134	90	1.33411
134	92	1.35099
134	95	0.58031
134	97	1.43415
134	100	1.30631
134	106	0.498052
134	108	1.3304
134	109	1.32049
134	125	1.32604
134	126	1.30829
134	132	1.30239
134	140	0.461462
134	142	0.527689
134	153	0.479326
134	157	1.32179
134	162	0.481566
134	166	0.511416
134	170	0.475434
134	175	1.34562
134	176	0.498366
134	178	1.39617
134	180	0.460966
135	9	0.58508
135	14	0.504212
135	62	0.466686
135	70	0.511926
135	71	0.430993
135	94	0.461248
135	104	0.458106
135	118	0.46769
135	123	1.2857
135	124	0.487065
135	125	0.505561
135	126	0.509071
135	130	0.515445
135	138	1.34632
135	140	1.3546
135	146	1.32554
135	147	1.38662
135	149	1.30541
135	152	0.495834
135	153	1.37672
135	154	1.34968
135	156	1.3393
135	159	1.36563
135	165	1.32978
135	166	1.3408
135	167	1.36433
135	168	1.36595
135	171	1.34244
135	174	1.36164
135	176	1.34394
135	177	1.36362
135	179	1.35199
136	37	1.44999
136	39	1.37486
136	67	1.48905
136	68	1.35186
136	81	1.43064
136	96	1.34079
136	107	1.37292
136	121	0.426464
136	123	0.515011
136	127	1.41465
136	129	1.43061
136	130	1.35158
136	131	1.35351
136	132	1.3431
136	139	1.34939
136	142	0.501226
136	143	0.498356
136	144	1.36787
136	145	0.46411
136	148	1.37779
136	149	0.510238
136	150	1.41502
136	152	1.36194
136	155	0.429238
136	157	0.466523
136	158	0.443975
136	161	0.487272
136	162	0.455103
136	166	0.484952
136	169	0.467486
136	172	1.37252
136	179	0.465223
136	180	1.45191
137	6	0.491555
137	13	0.185718
137	14	0.533075
137	22	0.55285
137	30	0.485944
137	36	0.491534
137	72	0.534095
137	82	0.486005
137	104	0.486969
137	115	0.524095
137	127	0.48956
137	138	1.35907
137	143	1.32698
137	145	1.33931
137	147	1.39937
137	148	0.507924
137	149	1.31816
137	150	0.519407
137	151	1.3554
137	154	1.36243
137	159	1.37838
137	161	1.35819
137	162	1.36138
137	163	1.34546
137	164	1.36724
137	166	1.35355
137	167	1.37708
137	168	1.3787
137	169	1.3663
137	171	1.35519
137	173	0.507553
137	176	1.35669
137	177	1.37637
137	179	1.36475
138	3	0.446808
138	29	0.629929
138	34	0.539867
138	38	1.3234
138	42	0.476681
138	43	0.478276
138	49	0.629375
138	65	0.472304
138	70	0.488465
138	84	0.464777
138	87	0.462531
138	100	0.504923
138	109	0.496253
138	112	0.441498
138	135	1.34632
138	137	1.35907
138	140	1.33671
138	141	1.34707
138	147	1.36873
138	149	1.28751
138	150	0.467084
138	151	1.32476
138	155	1.36378
138	156	1.32141
138	158	1.34758
138	159	1.34774
138	160	1.31051
138	161	1.32755
138	162	1.33074
138	163	1.31481
138	165	1.31189
138	171	1.32455
138	176	1.32604
138	177	1.34573
138	179	1.3341
139	6	1.323
139	17	1.3092
