1	21	0.953582
1	39	0.669072
1	58	0.692872
1	120	1.0959
1	125	1.06219
1	171	1.07128
1	172	1.09915
1	175	1.05729
1	177	1.05082
1	178	1.09669
1	179	1.04231
1	180	1.03766
2	54	1.12715
2	66	1.12917
2	74	1.21418
2	89	1.23193
2	92	1.21354
2	99	1.26398
2	101	1.18785
2	132	1.23786
2	146	0.671098
2	155	0.647291
2	169	0.558856
2	176	0.666709
3	16	1.12056
3	86	1.19538
3	106	1.18758
3	113	1.22237
3	115	1.20052
3	117	1.24788
3	119	1.22533
3	147	0.612109
3	158	1.20621
3	160	0.677196
3	167	0.610262
3	171	0.639685
4	33	1.18989
4	66	1.12398
4	70	1.13466
4	89	1.22674
4	99	1.25879
4	101	1.18266
4	122	1.24753
4	132	1.23268
4	146	0.745109
4	147	0.60339
4	167	0.601543
4	172	0.591757
5	16	1.12323
5	69	1.25675
5	106	1.19025
5	108	1.20717
5	110	1.17584
5	113	1.22505
5	115	1.2032
5	119	1.228
5	125	0.661132
5	150	0.594468
5	170	0.655186
5	171	0.623857
6	64	1.26111
6	66	1.12418
6	70	1.13486
6	74	1.20919
6	75	0.545857
6	81	0.755515
6	89	1.22694
6	92	1.20855
6	99	1.25899
6	101	1.18286
6	141	0.559726
6	179	0.659466
7	126	1.07535
7	133	1.09595
7	142	1.0743
7	149	1.07562
7	159	1.06222
7	161	1.08416
7	164	1.06179
7	170	0.874999
7	171	1.05893
7	174	0.734893
7	176	1.01397
7	177	0.890698
8	142	1.17744
8	149	1.16185
8	165	0.964064
8	167	0.991199
8	169	0.977425
8	172	0.980448
8	174	1.02112
8	175	0.938584
8	177	0.932116
8	178	0.97798
8	179	0.923605
8	180	0.918957
9	50	1.20914
9	51	1.20998
9	95	1.19117
9	131	1.21811
9	149	1.19021
9	150	0.620131
9	152	1.20656
9	157	1.20396
9	164	1.17638
9	165	0.673245
9	174	0.540743
9	177	0.696548
10	67	0.681429
10	83	0.495028
10	152	0.508735
10	154	0.589216
10	166	1.20727
10	167	1.24294
10	172	1.23219
10	173	1.18193
10	177	1.18386
10	178	1.22973
10	179	1.17535
10	180	1.1707
11	38	1.05482
11	69	0.682731
11	110	0.818243
11	158	0.794233
11	170	1.06761
11	172	1.10812
11	173	1.05786
11	175	1.06626
11	177	1.05979
11	178	1.10565
11	179	1.05128
11	180	1.04663
12	73	0.711716
12	76	1.02517
12	131	0.749806
12	154	0.844256
12	166	1.08477
12	170	1.06918
12	172	1.1097
12	173	1.05943
12	177	1.06136
12	178	1.10723
12	179	1.05285
12	180	1.0482
13	14	1.05492
13	24	1.03937
13	77	1.05188
13	79	1.05432
13	84	1.02764
13	85	1.10878
13	90	1.09055
13	93	0.838421
13	98	1.11562
13	120	0.812846
13	137	1.05592
13	171	0.841962
14	13	1.05492
14	41	1.20259
14	57	1.12209
14	84	1.12134
14	85	1.20247
14	90	1.18424
14	98	1.20931
14	127	1.15328
14	137	1.14962
14	141	0.649457
14	147	0.639037
14	168	0.674688
14	176	0.776367
15	42	0.582542
15	131	0.576976
15	142	0.618658
15	148	0.699145
15	165	1.16881
15	166	1.16026
15	167	1.19594
15	172	1.18519
15	175	1.14333
15	177	1.13686
15	178	1.18272
15	179	1.12835
15	180	1.1237
16	3	1.12056
16	5	1.12323
16	86	1.00446
16	93	0.969987
16	106	0.996662
16	108	1.01358
16	113	1.03145
16	115	1.0096
16	117	1.05696
16	119	1.03441
16	122	0.85388
16	158	1.01529
16	174	0.864751
17	40	0.549827
17	63	1.15712
17	100	1.23373
17	106	1.12361
17	110	1.1092
17	113	1.15841
17	115	1.13655
17	117	1.18391
17	119	1.16136
17	158	1.14224
17	160	0.746124
17	172	0.669405
17	173	0.762442
18	143	0.636713
18	145	0.628007
18	149	0.600166
18	161	0.610341
18	163	1.15216
18	165	1.17459
18	167	1.20172
18	169	1.18795
18	170	1.15046
18	175	1.14911
18	177	1.14264
18	179	1.13413
18	180	1.12948
19	95	1.16809
19	107	1.12107
19	133	1.18746
19	141	0.625484
19	142	1.16581
19	152	1.18348
19	153	1.1358
19	154	1.1405
19	162	1.14769
19	164	1.1533
19	165	0.666366
19	173	0.696469
19	180	0.739134
20	65	1.2389
20	73	1.228
20	78	1.11714
20	91	0.634086
20	94	1.20566
20	97	1.20737
20	103	1.18126
20	160	1.16552
20	170	0.62599
20	174	1.26141
20	176	0.704414
20	178	0.576631
21	1	0.953582
21	28	1.02952
21	56	0.837512
21	65	1.0797
21	73	1.0688
21	78	0.957936
21	94	1.04646
21	97	1.04817
21	103	1.02206
21	139	1.04514
21	160	1.00632
21	172	0.870667
21	174	1.1022
22	86	1.01742
22	100	1.11974
22	108	1.02654
22	110	0.995218
22	113	1.04442
22	115	1.02257
22	117	1.06992
22	119	1.04737
22	123	1.02954
22	158	1.02826
22	170	0.957992
22	171	0.926663
22	174	0.817887
23	27	1.14555
23	78	1.08268
23	94	1.1712
23	97	1.17291
23	103	1.1468
23	122	0.567447
23	139	1.16989
23	143	1.15817
23	147	0.659518
23	160	1.13106
23	165	0.71082
23	174	1.22695
23	176	0.796848
24	13	1.03937
24	47	1.0416
24	48	1.14754
24	57	1.10654
24	77	1.13003
24	84	1.10579
24	90	1.16869
24	98	1.19376
24	104	0.618562
24	127	1.13773
24	137	1.13407
24	146	0.781409
24	176	0.77702
24	180	0.76376
25	71	0.855513
25	116	0.945312
25	129	0.894957
25	151	0.999051
25	163	1.01543
25	167	1.06499
25	168	1.02965
25	169	1.05122
25	170	1.01373
25	173	1.00398
25	177	1.00591
25	178	1.05178
25	179	0.997401
25	180	0.992753
26	118	0.650211
26	137	0.677817
26	154	0.702247
26	161	0.644068
26	166	1.13348
26	168	1.13381
26	169	1.15538
26	170	1.11789
26	173	1.10814
26	175	1.11654
26	177	1.11007
26	178	1.15594
26	179	1.10156
26	180	1.09691
27	23	1.14555
27	28	1.11119
27	65	1.16137
27	78	1.03961
27	94	1.12814
27	96	0.728805
27	97	1.12984
27	103	1.10373
27	122	0.645654
27	143	1.1151
27	160	1.08799
27	172	0.726092
27	173	0.81913
27	174	1.18388
28	21	1.02952
28	27	1.11119
28	55	1.1269
28	94	1.13684
28	97	1.13855
28	103	1.11244
28	135	0.728629
28	139	1.13552
28	143	1.1238
28	151	0.737133
28	160	1.0967
28	173	0.737101
28	174	1.19258
28	177	0.730301
29	83	0.628571
29	124	0.661049
29	154	0.722759
29	155	1.09093
29	164	0.665338
29	170	1.11456
29	172	1.15507
29	173	1.10481
29	174	1.19574
29	175	1.11321
29	177	1.10674
29	178	1.15261
29	179	1.09823
29	180	1.09358
30	54	0.753722
30	156	0.648055
30	157	0.595042
30	162	0.67828
30	163	1.11898
30	166	1.13287
30	168	1.1332
30	172	1.1578
30	173	1.10753
30	175	1.11593
30	177	1.10946
30	178	1.15533
30	179	1.10095
30	180	1.0963
31	53	1.12309
31	57	1.08399
31	60	1.09705
31	79	1.10991
31	84	1.08323
31	85	1.16437
31	90	1.14614
31	98	1.1712
31	127	1.11518
31	137	1.11151
31	146	0.786459
31	169	0.674216
31	170	0.703645
31	176	0.78207
32	36	0.623681
32	39	1.31466
32	63	1.25219
32	67	1.19519
32	76	0.683471
32	96	0.491979
32	106	1.21868
32	110	1.20427
32	113	1.25347
32	115	1.23162
32	117	1.27898
32	119	1.25643
32	155	0.61881
32	169	0.530375
33	4	1.18989
33	40	0.638693
33	54	1.05027
33	62	1.12361
33	66	1.05229
33	70	1.06297
33	74	1.1373
33	89	1.15506
33	92	1.13667
33	99	1.1871
33	101	1.11097
33	147	0.769903
33	167	0.768056
33	172	0.758271
34	114	1.09818
34	140	0.759852
34	145	1.13364
34	146	1.05533
34	148	1.07679
34	154	1.08359
34	157	1.12398
34	159	1.09682
34	160	0.835865
34	162	1.09078
34	164	1.0964
34	171	1.09353
34	174	0.689577
34	176	1.04857
34	177	0.845382
35	42	0.54433
35	98	0.547205
35	145	0.592701
35	152	0.552734
35	155	1.17511
35	156	0.604044
35	166	1.21433
35	168	1.21466
35	170	1.19874
35	172	1.23925
35	173	1.18899
35	175	1.19739
35	178	1.23679
35	179	1.18241
35	180	1.17776
36	32	0.623681
36	50	0.763825
36	55	1.09758
36	65	1.14076
36	81	1.036
36	124	0.743117
36	137	0.780397
36	139	1.1062
36	160	1.06738
36	174	1.16326
36	175	1.08073
36	177	1.07427
36	178	1.12013
36	179	1.06575
36	180	1.06111
37	124	0.706043
37	126	0.715247
37	138	1.10039
37	151	1.07365
37	157	0.685568
37	162	0.768807
37	168	1.10425
37	169	1.12582
37	172	1.12884
37	175	1.08698
37	176	1.05601
37	177	1.08051
37	178	1.12638
37	179	1.072
37	180	1.06735
38	11	1.05482
38	57	0.733467
38	63	0.66833
38	86	0.742212
38	103	0.704737
38	166	1.1057
38	168	1.10604
38	169	1.1276
38	170	1.09011
38	172	1.13063
38	176	1.05779
38	177	1.0823
38	178	1.12816
38	179	1.07378
38	180	1.06914
39	1	0.669072
39	32	1.31466
39	40	0.466581
39	67	1.13617
39	100	1.26978
39	108	1.17658
39	110	1.14525
39	113	1.19445
39	115	1.1726
39	117	1.21996
39	119	1.19741
39	158	1.17829
39	166	0.65266
39	168	0.633441
39	179	0.70795
40	17	0.549827
40	33	0.638693
40	39	0.466581
40	67	0.643048
40	70	0.637799
40	153	1.18653
40	156	1.19751
40	157	1.23162
40	161	1.22641
40	164	1.20404
40	169	1.22603
40	177	1.18072
40	178	1.22658
40	179	1.17221
40	180	1.16756
41	14	1.20259
41	47	1.11112
41	53	1.21516
41	57	1.17606
41	77	1.19954
41	79	1.20199
41	84	1.17531
41	85	1.25644
41	98	1.26328
41	104	0.598942
41	111	0.641601
41	112	0.626538
41	137	1.20359
41	140	0.609145
41	175	0.68073
42	15	0.582542
42	35	0.54433
42	52	1.2228
42	142	1.21184
42	144	0.617108
42	148	1.17972
42	153	1.18182
42	156	1.1928
42	159	1.19975
42	161	1.2217
42	162	1.19372
42	164	1.19933
42	166	0.648029
42	171	1.19646
42	179	0.70332
43	73	1.2364
43	94	1.21406
43	103	1.18966
43	132	0.529952
43	142	0.53452
43	148	0.615007
43	159	0.575563
43	160	1.17392
43	162	0.588342
43	170	1.18862
43	174	1.2698
43	177	1.1808
43	178	1.22667
43	179	1.17229
43	180	1.16764
44	52	0.701718
44	66	0.784412
44	80	0.725741
44	118	0.668435
44	155	1.06296
44	163	1.08829
44	165	1.11072
44	167	1.13785
44	169	1.12408
44	173	1.07683
44	175	1.08524
44	177	1.07877
44	178	1.12463
44	179	1.07026
44	180	1.06561
45	74	0.608965
45	142	0.572918
45	145	0.585172
45	148	0.653405
45	150	1.18369
45	162	0.626739
45	165	1.1783
45	166	1.16976
45	169	1.19166
45	170	1.15417
45	172	1.19468
45	173	1.14442
45	177	1.14635
45	178	1.19221
45	179	1.13784
45	180	1.13319
46	67	0.870509
46	74	0.761575
46	92	0.743698
46	117	0.695872
46	140	1.09434
46	163	1.06253
46	165	1.08496
46	168	1.07676
46	169	1.09832
46	170	1.06083
46	172	1.10135
46	173	1.05108
46	175	1.05948
46	177	1.05301
46	179	1.0445
46	180	1.03986
47	24	1.0416
47	41	1.11112
47	48	1.07162
47	53	1.06972
47	60	1.04369
47	77	1.05411
47	79	1.05655
47	84	1.02987
47	90	1.09277
47	98	1.11784
47	127	1.06181
47	137	1.05815
47	144	0.829681
47	147	0.805733
47	171	0.833309
47	175	0.866392
48	24	1.14754
48	47	1.07162
48	64	1.2189
48	74	1.16698
48	77	1.16005
48	84	1.13581
48	89	1.18474
48	90	1.19872
48	92	1.16635
48	101	1.14066
48	122	1.20552
48	151	0.679442
48	165	0.649307
48	171	0.625582
48	173	0.679411
48	176	0.735336
49	54	0.855828
49	88	0.988305
49	101	0.774415
49	117	0.696908
49	119	0.734677
49	126	1.0964
49	148	1.06324
49	149	1.09667
49	150	1.09687
49	157	1.11043
49	175	1.06599
49	176	1.03502
49	177	1.05953
49	178	1.10539
49	179	1.05102
49	180	1.04637
50	9	1.20914
50	36	0.763825
50	80	1.16944
50	111	0.662572
50	143	1.16357
50	146	1.12561
50	148	1.14706
50	149	1.1805
50	159	1.16709
50	161	1.18904
50	163	0.702291
50	164	1.16667
50	167	0.639195
50	171	1.16381
50	174	0.559842
50	176	1.11885
51	9	1.20998
51	81	1.10592
51	118	1.1984
51	121	1.15424
51	129	1.16317
51	131	1.20924
51	150	0.634043
51	153	1.15
51	155	0.753768
51	156	1.16098
51	159	1.16793
51	163	0.697104
51	167	0.634009
51	171	1.16464
51	176	1.11969
51	178	0.645402
52	42	1.2228
52	44	0.701718
52	71	1.18968
52	104	0.642162
52	107	1.12515
52	130	0.656766
52	141	0.673711
52	142	1.16989
52	145	1.19463
52	146	1.11632
52	153	1.13988
52	156	1.15086
52	161	1.17975
52	162	1.15177
52	164	1.15738
52	172	0.651658
53	31	1.12309
53	41	1.21516
53	47	1.06972
53	60	1.14773
53	77	1.15815
53	79	1.16059
53	81	0.776134
53	84	1.13391
53	85	1.21505
53	90	1.19682
53	98	1.22188
53	137	1.16219
53	165	0.621227
53	167	0.568079
53	176	0.707256
53	180	0.693995
54	2	1.12715
54	30	0.753722
54	33	1.05027
54	49	0.855828
54	62	1.05568
54	66	0.984361
54	70	0.995042
54	74	1.06937
54	89	1.08713
54	92	1.06874
54	99	1.11918
54	101	1.04305
54	122	1.10791
54	132	1.09306
54	136	0.781551
54	155	0.876452
55	28	1.1269
55	36	1.09758
55	65	1.17708
55	73	1.16619
55	78	1.05532
55	87	0.622255
55	94	1.14385
55	97	1.14555
55	103	1.11944
55	135	0.744247
55	139	1.14253
55	143	1.13081
55	160	1.1037
55	169	0.700791
55	171	0.69889
55	174	1.19959
55	176	0.808644
56	21	0.837512
56	118	0.585221
56	132	0.579921
56	143	0.605449
56	144	1.14586
56	158	0.665027
56	165	1.15001
56	168	1.1418
56	169	1.16337
56	170	1.12588
56	172	1.1664
56	173	1.11613
56	175	1.12453
56	177	1.11806
56	178	1.16393
56	179	1.10955
56	180	1.1049
57	14	1.12209
57	24	1.10654
57	31	1.08399
57	38	0.733467
57	41	1.17606
57	60	1.10863
57	77	1.11905
57	79	1.12149
57	85	1.17595
57	90	1.15772
57	98	1.18279
57	127	1.12676
57	137	1.1231
57	163	0.75643
57	169	0.724658
57	174	0.613981
57	178	0.704728
58	1	0.692872
58	95	1.14357
58	131	1.17052
58	148	1.10918
58	149	1.14262
58	153	1.11128
58	154	1.11599
58	156	1.12226
58	157	1.15637
58	159	1.12921
58	161	1.15116
58	162	1.12318
58	163	0.682839
58	164	1.12879
58	166	0.676459
58	179	0.731749
58	180	0.745659
59	118	1.16091
59	121	1.11675
59	123	0.704679
59	128	0.750763
59	129	1.12568
59	145	1.16727
59	150	0.641334
59	153	1.11252
59	154	1.11722
59	156	1.1235
59	157	1.1576
59	158	1.11354
59	159	1.13044
59	161	1.15239
59	164	1.13002
59	166	0.698016
59	180	0.767216
60	31	1.09705
60	47	1.04369
60	53	1.14773
60	57	1.10863
60	77	1.13212
60	79	1.13456
60	84	1.10788
60	85	1.18901
60	90	1.17078
60	98	1.19585
60	123	0.693643
60	127	1.13982
60	137	1.13616
60	176	0.769441
60	177	0.706716
60	178	0.641658
60	180	0.756181
61	64	1.11657
61	70	0.990319
61	74	1.06465
61	92	1.06402
61	93	1.01339
61	99	1.11445
61	101	1.03832
61	115	0.835557
61	126	0.834988
61	131	0.793044
61	157	0.805309
61	170	1.0379
61	175	1.03655
61	177	1.03008
61	178	1.07595
61	179	1.02157
61	180	1.01693
62	33	1.12361
62	54	1.05568
62	64	1.19463
62	66	1.0577
62	70	1.06838
62	72	0.961689
62	74	1.14271
62	89	1.16047
62	92	1.14208
62	99	1.19251
62	101	1.11638
62	102	0.63291
62	122	1.18125
62	123	0.679513
62	132	1.1664
62	174	0.536781
62	176	0.755311
63	17	1.15712
63	32	1.25219
63	38	0.66833
63	67	1.07371
63	86	1.10499
63	100	1.20731
63	106	1.0972
63	108	1.11411
63	110	1.08279
63	115	1.11014
63	117	1.15749
63	119	1.13494
63	138	0.681829
63	146	0.771764
63	158	1.11583
63	171	0.657621
63	176	0.767375
64	6	1.26111
64	48	1.2189
64	61	1.11657
64	62	1.19463
64	66	1.12331
64	70	1.13399
64	89	1.22608
64	92	1.20769
64	99	1.25812
64	101	1.18199
64	120	0.60163
64	122	1.24686
64	132	1.23201
64	135	0.676101
64	150	0.601356
64	166	0.658038
64	169	0.632645
64	171	0.630745
65	20	1.2389
65	21	1.0797
65	27	1.16137
65	36	1.14076
65	55	1.17708
65	73	1.20936
65	78	1.09849
65	97	1.18872
65	103	1.16262
65	138	0.655029
65	139	1.1857
65	143	1.17398
65	151	0.684681
65	160	1.14688
65	163	0.664494
65	169	0.632722
65	171	0.630821
65	174	1.24276
65	176	0.740575
66	2	1.12917
66	4	1.12398
66	6	1.12418
66	33	1.05229
66	44	0.784412
66	54	0.984361
66	62	1.0577
66	64	1.12331
66	74	1.07139
66	87	0.696926
66	89	1.08914
66	92	1.07076
66	99	1.12119
66	101	1.04506
66	122	1.10993
66	132	1.09508
66	171	0.773561
66	177	0.820589
66	179	0.856144
67	10	0.681429
67	32	1.19519
67	39	1.13617
67	40	0.643048
67	46	0.870509
67	63	1.07371
67	68	1.11942
67	86	1.04799
67	100	1.15031
67	106	1.0402
67	108	1.05711
67	110	1.02579
67	113	1.07499
67	115	1.05314
67	117	1.10049
67	119	1.07794
67	158	1.05883
67	172	0.762625
67	176	0.911587
68	67	1.11942
68	69	1.20941
68	72	0.913667
68	86	1.1507
68	100	1.25302
68	106	1.14291
68	108	1.15983
68	110	1.1285
68	113	1.1777
68	115	1.15585
68	117	1.20321
68	119	1.18065
68	123	1.16282
68	158	1.16154
68	167	0.568112
68	169	0.599436
68	171	0.597535
68	177	0.644564
68	179	0.680119
69	5	1.25675
69	11	0.682731
69	68	1.20941
69	86	1.13798
69	100	1.2403
69	106	1.13019
69	108	1.1471
69	110	1.11578
69	113	1.16498
69	115	1.14313
69	117	1.19048
69	119	1.16793
69	123	1.1501
69	147	0.598313
69	155	0.716225
69	158	1.14882
69	174	0.517113
69	176	0.735643
69	180	0.722382
70	4	1.13466
70	6	1.13486
70	33	1.06297
70	40	0.637799
70	54	0.995042
70	61	0.990319
70	62	1.06838
70	64	1.13399
70	74	1.08207
70	89	1.09982
70	92	1.08144
70	99	1.13187
70	101	1.05574
70	122	1.12061
70	132	1.10576
70	150	0.767196
70	173	0.850413
70	175	0.829668
70	177	0.843613
71	25	0.855513
71	52	1.18968
71	80	1.16897
71	107	1.13397
71	116	1.13026
71	126	1.17976
71	128	0.693674
71	129	1.16186
71	142	1.17871
71	145	1.20345
71	147	1.18986
71	148	1.1466
71	152	1.19638
71	159	1.16663
71	162	1.16059
71	167	0.584212
71	169	0.615535
71	170	0.644964
71	172	0.574426
72	62	0.961689
72	68	0.913667
72	97	0.967238
72	99	0.889763
72	105	0.992691
72	128	0.971772
72	133	1.04906
72	142	1.02741
72	145	1.05215
72	159	1.01532
72	161	1.03727
72	162	1.00928
72	165	1.02353
72	168	1.01532
72	169	1.03689
72	177	0.991578
72	178	1.03744
72	179	0.983067
72	180	0.978419
73	12	0.711716
73	20	1.228
73	21	1.0688
73	43	1.2364
73	55	1.16619
73	65	1.20936
73	78	1.0876
73	81	0.755713
73	94	1.17612
73	97	1.17783
73	103	1.15172
73	104	0.528376
73	139	1.17481
73	143	1.16309
73	155	0.667416
73	160	1.13598
73	174	1.23187
73	177	0.624109
73	180	0.673574
74	2	1.21418
74	6	1.20919
74	33	1.1373
74	45	0.608965
74	46	0.761575
74	48	1.16698
74	54	1.06937
74	61	1.06465
74	62	1.14271
74	66	1.07139
74	70	1.08207
74	89	1.17416
74	92	1.15577
74	99	1.2062
74	101	1.13007
74	112	0.671791
74	132	1.18009
74	141	0.675743
74	167	0.663477
74	173	0.746728
75	6	0.545857
75	101	0.673677
75	142	0.625826
75	151	1.12386
75	153	0.671764
75	156	0.649424
75	162	0.679648
75	163	1.14024
75	166	1.15413
75	168	1.15447
75	169	1.17603
75	170	1.13854
75	171	1.15118
75	172	1.17906
75	173	1.12879
75	175	1.13719
75	177	1.13073
75	178	1.17659
75	179	1.12222
75	180	1.11757
76	12	1.02517
76	32	0.683471
76	90	0.744018
76	141	1.08744
76	156	0.835446
76	161	0.806438
76	163	1.06059
76	164	0.807197
76	165	1.08302
76	167	1.11016
76	168	1.07482
76	169	1.09638
76	170	1.05889
76	172	1.09941
76	173	1.04914
76	175	1.05754
76	177	1.05107
76	178	1.09694
76	179	1.04256
76	180	1.03791
77	13	1.05188
77	24	1.13003
77	41	1.19954
77	47	1.05411
77	48	1.16005
77	53	1.15815
77	57	1.11905
77	60	1.13212
77	79	1.14498
77	84	1.1183
77	85	1.19943
77	90	1.1812
77	93	0.681249
77	98	1.20627
77	130	0.650688
77	136	0.680224
77	137	1.14658
77	160	0.7223
77	163	0.718461
77	173	0.738617
78	20	1.11714
78	21	0.957936
78	23	1.08268
78	27	1.03961
78	55	1.05532
78	65	1.09849
78	73	1.0876
78	82	1.12641
78	94	1.06526
78	97	1.06697
78	103	1.04086
78	135	0.84408
78	139	1.06394
78	141	0.781567
78	143	1.05222
78	155	0.889059
78	160	1.02512
78	167	0.7693
78	174	1.121
78	179	0.881307
79	13	1.05432
79	31	1.10991
79	41	1.20199
79	47	1.05655
79	53	1.16059
79	57	1.12149
79	60	1.13456
79	77	1.14498
79	84	1.12074
79	85	1.20187
79	90	1.18364
79	91	0.72782
79	98	1.20871
79	127	1.15268
79	137	1.14902
79	165	0.71212
79	166	0.715687
79	174	0.579618
79	176	0.798148
79	178	0.670364
80	44	0.725741
80	50	1.16944
80	71	1.16897
80	83	1.20296
80	114	1.13847
80	122	0.595243
80	136	1.14199
80	137	1.14503
80	146	1.09562
80	149	1.15051
80	152	1.16686
80	153	1.11917
80	159	1.1371
80	164	1.13668
80	168	0.722964
80	171	1.13381
80	174	0.606114
80	176	1.08886
80	178	0.69686
80	180	0.811383
81	6	0.755515
81	36	1.036
81	51	1.10592
81	53	0.776134
81	73	0.755713
81	90	0.767653
81	106	0.880675
81	137	1.08068
81	149	1.08615
81	157	1.0999
81	159	1.07274
81	165	1.08095
81	166	1.07241
81	167	1.10808
81	170	1.05682
81	171	1.06946
81	173	1.04707
81	176	1.0245
81	179	1.04049
81	180	1.03584
82	78	1.12641
82	83	0.53737
82	94	1.21494
82	97	1.21664
82	103	1.19053
82	131	0.537108
82	143	1.2019
82	145	0.591044
82	149	0.563203
82	150	1.21902
82	157	0.549373
82	160	1.1748
82	162	0.632611
82	164	0.574138
82	169	1.22699
82	172	1.23001
82	174	1.27068
82	177	1.18168
82	178	1.22754
82	179	1.17317
82	180	1.16852
83	10	0.495028
83	29	0.628571
83	80	1.20296
83	82	0.53737
83	105	1.17799
83	124	1.22939
83	125	0.652709
83	133	1.23435
83	135	1.17174
83	146	1.15913
83	152	1.23038
83	153	1.18269
83	155	0.705769
83	156	1.19367
83	159	1.20062
83	161	1.22256
83	162	1.19458
83	164	1.2002
83	165	0.639159
83	171	1.19733
83	173	0.669262
84	13	1.02764
84	14	1.12134
84	24	1.10579
84	31	1.08323
84	41	1.17531
84	47	1.02987
84	48	1.13581
84	53	1.13391
84	60	1.10788
84	77	1.1183
84	79	1.12074
84	85	1.17519
84	90	1.15696
84	98	1.18203
84	127	1.126
84	135	0.760728
84	136	0.710806
84	151	0.769232
84	169	0.717272
84	175	0.748455
84	178	0.697342
85	13	1.10878
85	14	1.20247
85	31	1.16437
85	41	1.25644
85	53	1.21505
85	57	1.17595
85	60	1.18901
85	77	1.19943
85	79	1.20187
85	84	1.17519
85	90	1.2381
85	91	0.631074
85	98	1.26317
85	127	1.20714
85	128	0.671689
85	135	0.637006
85	137	1.20347
85	147	0.564073
85	166	0.618942
85	170	0.622978
85	176	0.701403
86	3	1.19538
86	16	1.00446
86	22	1.01742
86	38	0.742212
86	63	1.10499
86	67	1.04799
86	68	1.1507
86	69	1.13798
86	100	1.18159
86	108	1.0884
86	110	1.05707
86	113	1.10627
86	115	1.08442
86	117	1.13178
86	119	1.10923
86	123	1.09139
86	128	0.811543
86	135	0.776859
86	150	0.702114
86	158	1.09011
86	160	0.769014
86	163	0.765175
87	55	0.622255
87	66	0.696926
87	94	0.606369
87	138	1.17968
87	141	1.19617
87	142	0.580218
87	149	0.564631
87	157	0.550801
87	159	0.621261
87	163	1.16932
87	166	1.18321
87	167	1.21889
87	168	1.18355
87	169	1.20511
87	170	1.16762
87	173	1.15787
87	175	1.16627
87	176	1.1353
87	177	1.15981
87	178	1.20567
87	179	1.1513
87	180	1.14665
88	49	0.988305
88	109	1.00551
88	115	0.854858
88	127	0.858979
88	130	1.06418
88	133	0.818218
88	140	1.05737
88	141	1.05242
88	152	0.826314
88	155	1.00024
88	156	0.877624
88	166	1.03946
88	167	1.07513
88	168	1.03979
88	172	1.06438
88	173	1.01411
88	174	1.10505
88	175	1.02252
88	177	1.01605
88	178	1.06191
88	179	1.00754
88	180	1.00289
89	2	1.23193
89	4	1.22674
89	6	1.22694
89	33	1.15506
89	48	1.18474
89	54	1.08713
89	62	1.16047
89	64	1.22608
89	66	1.08914
89	70	1.09982
89	74	1.17416
89	92	1.17352
89	99	1.22396
89	101	1.14783
89	132	1.19784
89	146	0.744921
89	147	0.603202
89	168	0.638853
89	171	0.630779
89	176	0.740532
89	177	0.677807
89	178	0.612749
90	13	1.09055
90	14	1.18424
90	24	1.16869
90	31	1.14614
90	47	1.09277
90	48	1.19872
90	53	1.19682
90	57	1.15772
90	60	1.17078
90	76	0.744018
90	77	1.1812
90	79	1.18364
90	81	0.767653
90	84	1.15696
90	85	1.2381
90	98	1.24493
90	120	0.559906
90	127	1.1889
90	165	0.612746
90	166	0.616314
90	171	0.589021
90	179	0.671604
91	20	0.634086
91	79	0.72782
91	85	0.631074
91	125	1.11845
91	139	0.692435
91	149	0.680691
91	151	1.10022
91	159	0.737321
91	163	1.1166
91	165	1.13903
91	166	1.13049
91	168	1.13083
91	169	1.15239
91	170	1.1149
91	172	1.15542
91	173	1.10515
91	175	1.11355
91	177	1.10708
91	178	1.15295
91	179	1.09857
91	180	1.09393
92	2	1.21354
92	6	1.20855
92	33	1.13667
92	46	0.743698
92	48	1.16635
92	54	1.06874
92	61	1.06402
92	62	1.14208
92	64	1.20769
92	66	1.07076
92	70	1.08144
92	74	1.15577
92	89	1.17352
92	99	1.20557
92	101	1.12944
92	109	0.73095
92	122	1.1943
92	125	0.712298
92	130	0.640922
92	132	1.17946
92	171	0.675023
92	172	0.635814
92	178	0.656993
93	13	0.838421
93	16	0.969987
93	61	1.01339
93	77	0.681249
93	108	0.72119
93	124	0.644371
93	144	1.09838
93	155	1.05477
93	161	0.647901
93	163	1.0801
93	165	1.10253
93	166	1.09398
93	167	1.12966
93	168	1.09432
93	169	1.11589
93	170	1.07839
93	172	1.11891
93	173	1.06864
93	175	1.07705
93	177	1.07058
93	178	1.11644
93	179	1.06207
93	180	1.05742
94	20	1.20566
94	21	1.04646
94	23	1.1712
94	27	1.12814
94	28	1.13684
94	43	1.21406
94	55	1.14385
94	73	1.17612
94	78	1.06526
94	82	1.21494
94	87	0.606369
94	97	1.15549
94	103	1.12938
94	112	0.661894
94	136	0.678438
94	139	1.15247
94	143	1.14075
94	151	0.736863
94	160	1.11364
94	163	0.716676
94	171	0.683003
94	174	1.20953
94	175	0.716086
95	9	1.19117
95	19	1.16809
95	58	1.14357
95	105	1.12649
95	111	0.653395
95	116	1.11275
95	126	1.16225
95	129	1.14435
95	142	1.1612
95	144	0.655812
95	152	1.17887
95	154	1.13589
95	156	1.14217
95	157	1.17628
95	161	1.17106
95	162	1.14308
95	164	1.14869
95	165	0.683166
95	168	0.667515
95	173	0.713269
95	176	1.10087
95	177	0.706469
95	179	0.742024
96	27	0.728805
96	32	0.491979
96	106	0.665547
96	117	0.590701
96	132	0.615789
96	140	1.17105
96	141	1.16609
96	156	0.643954
96	158	0.700895
96	163	1.13924
96	165	1.16167
96	166	1.15313
96	167	1.18881
96	168	1.15346
96	169	1.17503
96	170	1.13754
96	172	1.17805
96	173	1.12779
96	175	1.13619
96	177	1.12972
96	178	1.17559
96	179	1.12121
96	180	1.11656
97	20	1.20737
97	21	1.04817
97	23	1.17291
97	27	1.12984
97	28	1.13855
97	55	1.14555
97	65	1.18872
97	72	0.967238
97	73	1.17783
97	78	1.06697
97	82	1.21664
97	94	1.15549
97	102	0.63846
97	103	1.13109
97	136	0.646542
97	139	1.15417
97	143	1.14245
97	160	1.11535
97	169	0.653008
97	171	0.651107
97	172	0.611898
97	174	1.21123
97	178	0.633077
98	13	1.11562
98	14	1.20931
98	24	1.19376
98	31	1.1712
98	35	0.547205
98	41	1.26328
98	47	1.11784
98	53	1.22188
98	57	1.18279
98	60	1.19585
98	77	1.20627
98	79	1.20871
98	84	1.18203
98	85	1.26317
98	90	1.24493
98	127	1.21397
98	136	0.619046
98	137	1.21031
98	147	0.596035
98	169	0.625511
98	170	0.65494
98	171	0.623611
98	177	0.67064
98	179	0.706194
99	2	1.26398
99	4	1.25879
99	6	1.25899
99	33	1.1871
99	54	1.11918
99	61	1.11445
99	62	1.19251
99	64	1.25812
99	66	1.12119
99	70	1.13187
99	72	0.889763
99	74	1.2062
99	89	1.22396
99	92	1.20557
99	101	1.17988
99	111	0.567586
99	122	1.24474
99	132	1.22989
99	135	0.618988
99	141	0.556475
99	144	0.570003
99	146	0.687774
99	165	0.597357
99	167	0.544208
100	17	1.23373
100	22	1.11974
100	39	1.26978
100	63	1.20731
100	67	1.15031
100	68	1.25302
100	69	1.2403
100	86	1.18159
100	106	1.1738
100	108	1.19071
100	110	1.15939
100	115	1.18674
100	117	1.2341
100	119	1.21154
100	123	1.19371
100	136	0.600485
100	138	0.629258
100	146	0.719193
100	147	0.577474
100	158	1.19243
100	169	0.606951
100	170	0.636379
100	171	0.60505
100	176	0.714804
101	2	1.18785
101	4	1.18266
101	6	1.18286
101	33	1.11097
101	48	1.14066
101	49	0.774415
101	54	1.04305
101	61	1.03832
101	62	1.11638
101	64	1.18199
101	66	1.04506
101	70	1.05574
101	74	1.13007
101	75	0.673677
101	89	1.14783
101	92	1.12944
101	99	1.17988
101	122	1.16861
101	130	0.670602
101	132	1.15376
101	140	0.666201
101	171	0.704703
101	178	0.686673
101	179	0.787286
102	62	0.63291
102	97	0.63846
102	111	1.14625
102	114	0.679422
102	128	1.09629
102	142	0.644205
102	143	0.665165
102	151	1.10924
102	159	0.685248
102	162	0.698027
102	163	1.12562
102	165	1.14805
102	166	1.13951
102	167	1.17518
102	168	1.13984
102	169	1.16141
102	172	1.16443
102	173	1.11417
102	175	1.12257
102	176	1.0916
102	177	1.1161
102	178	1.16197
102	179	1.10759
102	180	1.10294
103	20	1.18126
103	21	1.02206
103	23	1.1468
103	27	1.10373
103	28	1.11244
103	38	0.704737
103	43	1.18966
103	55	1.11944
103	65	1.16262
103	73	1.15172
103	78	1.04086
103	82	1.19053
103	94	1.12938
103	97	1.13109
103	123	0.727984
103	139	1.12806
103	143	1.11634
103	160	1.08924
103	167	0.664605
103	171	0.694028
103	174	1.18512
103	177	0.741057
103	178	0.675998
103	180	0.790521
104	24	0.618562
104	41	0.598942
104	52	0.642162
104	73	0.528376
104	121	0.66622
104	126	0.60841
104	128	1.13996
104	139	0.604305
104	144	1.18756
104	155	1.14395
104	161	0.602736
104	163	1.16928
104	165	1.19171
104	166	1.18317
104	167	1.21885
104	168	1.1835
104	169	1.20507
104	170	1.16758
104	173	1.15783
104	174	1.24876
104	175	1.16623
104	177	1.15976
104	178	1.20563
104	179	1.15125
104	180	1.1466
105	72	0.992691
105	83	1.17799
105	95	1.12649
105	111	0.751475
105	112	0.736412
105	118	1.14259
105	121	1.09843
105	126	1.12526
105	137	1.12006
105	142	1.12421
105	143	1.1086
105	150	0.728133
105	152	1.14188
105	153	1.0942
105	154	1.0989
105	156	1.10518
105	157	1.13928
105	161	1.13407
105	162	1.10609
105	163	0.791194
105	164	1.1117
105	165	0.781247
105	170	0.78885
105	174	0.648745
105	176	1.06388
106	3	1.18758
106	5	1.19025
106	16	0.996662
106	17	1.12361
106	32	1.21868
106	63	1.0972
106	67	1.0402
106	68	1.14291
106	69	1.13019
106	81	0.880675
106	96	0.665547
106	100	1.1738
106	108	1.0806
106	109	0.75797
106	110	1.04928
106	113	1.09848
106	115	1.07663
106	117	1.12398
106	119	1.10143
106	123	1.0836
106	150	0.672654
106	158	1.08232
106	169	0.703943
106	171	0.702043
106	179	0.784626
107	19	1.12107
107	52	1.12515
107	71	1.13397
107	114	1.10346
107	120	0.710731
107	124	1.13087
107	126	1.11523
107	130	0.705745
107	131	1.14341
107	134	1.1145
107	138	0.764054
107	139	1.11029
107	142	1.11418
107	146	1.06061
107	148	1.08207
107	149	1.1155
107	152	1.13185
107	153	1.08417
107	157	1.12926
107	162	1.09606
107	164	1.10167
107	165	0.763571
107	175	0.772929
107	177	0.786875
107	178	0.721816
108	5	1.20717
108	16	1.01358
108	22	1.02654
108	39	1.17658
108	63	1.11411
108	67	1.05711
108	68	1.15983
108	69	1.1471
108	86	1.0884
108	93	0.72119
108	100	1.19071
108	106	1.0806
108	110	1.06619
108	113	1.11539
108	115	1.09354
108	117	1.1409
108	119	1.11835
108	123	1.10051
108	136	0.720165
108	138	0.748938
108	158	1.09923
108	160	0.762241
108	168	0.732804
108	172	0.685521
108	176	0.834484
109	88	1.00551
109	92	0.73095
109	106	0.75797
109	129	0.709006
109	133	0.676971
109	134	0.721455
109	143	0.73374
109	144	1.10453
109	150	1.11407
109	151	1.06987
109	163	1.08625
109	164	0.708128
109	165	1.10868
109	166	1.10013
109	167	1.13581
109	168	1.10047
109	169	1.12204
109	170	1.08454
109	171	1.09718
109	172	1.12506
109	173	1.07479
109	174	1.16573
109	177	1.07673
109	178	1.12259
109	179	1.06822
109	180	1.06357
110	5	1.17584
110	11	0.818243
110	17	1.1092
110	22	0.995218
110	32	1.20427
110	39	1.14525
110	63	1.08279
110	67	1.02579
110	68	1.1285
110	69	1.11578
110	86	1.05707
110	100	1.15939
110	106	1.04928
110	108	1.06619
110	113	1.08407
110	115	1.06222
110	117	1.10957
110	119	1.08702
110	123	1.06919
110	140	0.722899
110	141	0.744244
110	147	0.733825
110	155	0.851736
110	158	1.06791
110	168	0.769475
110	171	0.761401
111	41	0.641601
111	50	0.662572
111	95	0.653395
111	99	0.567586
111	102	1.14625
111	105	0.751475
111	126	0.651069
111	144	1.14522
111	150	1.15476
111	151	1.11056
111	156	0.674404
111	162	0.704628
111	163	1.12694
111	166	1.14083
111	167	1.17651
111	168	1.14117
111	169	1.16273
111	170	1.12524
111	172	1.16576
111	173	1.11549
111	174	1.20642
111	175	1.12389
111	176	1.09292
111	177	1.11742
111	178	1.16329
111	179	1.10891
111	180	1.10426
112	41	0.626538
112	74	0.671791
112	94	0.661894
112	105	0.736412
112	121	0.693815
112	127	0.640695
112	130	1.16824
112	140	1.16144
112	141	1.15648
112	151	1.11325
112	152	0.608031
112	155	1.10431
112	163	1.12963
112	164	0.631091
112	165	1.15206
112	166	1.14352
112	168	1.14386
112	169	1.16542
112	170	1.12793
112	171	1.14057
112	172	1.16845
112	173	1.11818
112	175	1.12658
112	177	1.12012
112	178	1.16598
112	179	1.1116
112	180	1.10696
113	3	1.22237
113	5	1.22505
113	16	1.03145
113	17	1.15841
113	22	1.04442
113	32	1.25347
113	39	1.19445
113	67	1.07499
113	68	1.1777
113	69	1.16498
113	86	1.10627
113	106	1.09848
113	108	1.11539
113	110	1.08407
113	115	1.11142
113	117	1.15877
113	119	1.13622
113	123	1.11839
113	125	0.728835
113	136	0.686994
113	158	1.11711
113	160	0.72907
113	166	0.718852
113	168	0.699633
113	170	0.722888
113	174	0.582783
113	176	0.801313
114	34	1.09818
114	80	1.13847
114	102	0.679422
114	107	1.10346
114	116	1.09976
114	124	1.16489
114	126	1.14925
114	133	1.16985
114	134	1.14852
114	136	1.14101
114	137	1.14405
114	145	1.17295
114	148	1.11609
114	149	1.14952
114	154	1.12289
114	156	1.12917
114	161	1.15807
114	162	1.13008
114	163	0.725742
114	164	1.1357
114	166	0.719363
114	167	0.662646
114	171	1.13283
114	172	0.652861
114	175	0.725152
114	178	0.67404
114	180	0.788563
115	3	1.20052
115	5	1.2032
115	16	1.0096
115	17	1.13655
115	22	1.02257
115	32	1.23162
115	39	1.1726
115	61	0.835557
115	63	1.11014
115	67	1.05314
115	68	1.15585
115	69	1.14313
115	86	1.08442
115	88	0.854858
115	100	1.18674
115	106	1.07663
115	108	1.09354
115	110	1.06222
115	113	1.11142
115	117	1.13692
115	119	1.11437
115	130	0.623583
115	135	0.70304
115	136	0.653118
115	138	0.681891
115	146	0.771826
115	158	1.09526
115	166	0.684977
116	25	0.945312
116	71	1.13026
116	95	1.11275
116	114	1.09976
116	118	1.12886
116	121	1.0847
116	124	1.12716
116	127	1.10999
116	128	0.783473
116	132	1.1329
116	133	1.13213
116	135	1.06951
116	136	1.10328
116	142	1.11048
116	145	1.13522
116	148	1.07836
116	149	1.1118
116	153	1.08046
116	161	1.12034
116	162	1.09236
116	164	1.09797
116	166	0.730726
116	167	0.67401
116	168	0.711507
116	169	0.705334
116	170	0.734762
116	171	1.09511
116	176	1.05015
116	177	0.750462
117	3	1.24788
117	16	1.05696
117	17	1.18391
117	22	1.06992
117	32	1.27898
117	39	1.21996
117	46	0.695872
117	49	0.696908
117	63	1.15749
117	67	1.10049
117	68	1.20321
117	69	1.19048
117	86	1.13178
117	96	0.590701
117	100	1.2341
117	106	1.12398
117	108	1.1409
117	110	1.10957
117	113	1.15877
117	115	1.13692
117	119	1.16173
117	123	1.14389
117	136	0.622631
117	146	0.741339
117	158	1.14261
117	165	0.650922
117	177	0.674225
117	178	0.609167
117	180	0.72369
118	26	0.650211
118	44	0.668435
118	51	1.1984
118	56	0.585221
118	59	1.16091
118	105	1.14259
118	116	1.12886
118	126	1.17835
118	129	1.16046
118	134	1.17763
118	136	1.17012
118	143	1.1617
118	145	1.20205
118	146	1.12374
118	148	1.1452
118	150	0.628196
118	154	1.152
118	156	1.15828
118	158	1.14832
118	159	1.16522
118	161	1.18717
118	162	1.15919
118	164	1.1648
118	167	0.628161
118	168	0.665659
118	173	0.711413
118	176	1.11698
118	177	0.704613
118	180	0.754078
119	3	1.22533
119	5	1.228
119	16	1.03441
119	17	1.16136
119	22	1.04737
119	32	1.25643
119	39	1.19741
119	49	0.734677
119	63	1.13494
119	67	1.07794
119	68	1.18065
119	69	1.16793
119	86	1.10923
119	100	1.21154
119	106	1.10143
119	108	1.11835
119	110	1.08702
119	113	1.13622
119	115	1.11437
119	117	1.16173
119	120	0.635851
119	123	1.12134
119	135	0.710322
119	146	0.779108
119	147	0.637389
119	158	1.12006
119	169	0.666866
119	170	0.696295
119	176	0.77472
119	178	0.646936
120	1	1.0959
120	13	0.812846
120	64	0.60163
120	90	0.559906
120	107	0.710731
120	119	0.635851
120	125	1.14372
120	128	1.11255
120	135	1.12721
120	137	0.656075
120	142	0.627737
120	150	1.16969
120	151	1.12549
120	155	1.11654
120	156	0.651334
120	163	1.14187
120	164	0.623085
120	165	1.1643
120	166	1.15576
120	167	1.19144
120	168	1.15609
120	169	1.17766
120	170	1.14017
120	172	1.18068
120	173	1.13042
120	175	1.13882
120	177	1.13235
120	178	1.17822
120	179	1.12384
120	180	1.11919
121	51	1.15424
121	59	1.11675
121	104	0.66622
121	105	1.09843
121	112	0.693815
121	116	1.0847
121	126	1.13419
121	129	1.1163
121	131	1.16237
121	133	1.15479
121	134	1.13346
121	142	1.13315
121	144	0.711296
121	147	1.14429
121	149	1.13446
121	152	1.15082
121	154	1.10783
121	156	1.11411
121	157	1.14822
121	158	1.10416
121	159	1.12106
121	160	0.752435
121	161	1.14301
121	162	1.11502
121	164	1.12064
121	168	0.722999
121	169	0.716825
121	171	1.11777
121	174	0.606148
121	177	0.761953
121	179	0.797508
122	4	1.24753
122	16	0.85388
122	23	0.567447
122	27	0.645654
122	48	1.20552
122	54	1.10791
122	62	1.18125
122	64	1.24686
122	66	1.10993
122	70	1.12061
122	80	0.595243
122	92	1.1943
122	99	1.24474
122	101	1.16861
122	124	0.528263
122	137	0.565543
122	145	0.549459
122	156	0.560802
122	158	0.617743
122	161	0.531793
122	165	1.19232
122	167	1.21946
122	168	1.18411
122	169	1.20568
122	170	1.16819
122	172	1.2087
122	173	1.15844
122	177	1.16037
122	178	1.20624
122	179	1.15186
122	180	1.14721
123	22	1.02954
123	59	0.704679
123	60	0.693643
123	62	0.679513
123	68	1.16282
123	69	1.1501
123	86	1.09139
123	100	1.19371
123	103	0.727984
123	106	1.0836
123	108	1.10051
123	110	1.06919
123	113	1.11839
123	117	1.14389
123	119	1.12134
123	132	0.686241
123	137	0.719146
123	157	0.661392
123	161	0.685397
123	164	0.686156
123	165	1.12734
123	166	1.1188
123	167	1.15447
123	168	1.11913
123	170	1.10321
123	172	1.14372
123	173	1.09346
123	175	1.10186
123	177	1.09539
123	178	1.14125
123	179	1.08688
123	180	1.08223
124	29	0.661049
124	36	0.743117
124	37	0.706043
124	83	1.22939
124	93	0.644371
124	107	1.13087
124	114	1.16489
124	116	1.12716
124	122	0.528263
124	126	1.17666
124	131	1.20484
124	134	1.17593
124	135	1.13464
124	138	0.672119
124	139	1.17172
124	145	1.20035
124	146	1.12204
124	148	1.1435
124	149	1.17693
124	151	0.701771
124	152	1.19328
124	153	1.1456
124	154	1.1503
124	157	1.19068
124	158	1.14662
124	161	1.18547
124	162	1.15749
124	164	1.1631
124	167	0.618488
124	172	0.608702
124	175	0.680994
124	176	1.11528
125	1	1.06219
125	5	0.661132
125	83	0.652709
125	91	1.11845
125	92	0.712298
125	113	0.728835
125	120	1.14372
125	139	0.690285
125	140	1.13996
125	148	0.774616
125	150	1.13598
125	151	1.09178
125	152	0.666416
125	155	1.08283
125	157	0.664712
125	163	1.10815
125	164	0.689476
125	165	1.13059
125	166	1.12204
125	167	1.15772
125	168	1.12238
125	169	1.14395
125	170	1.10645
125	171	1.11909
125	172	1.14697
125	173	1.0967
125	175	1.10511
125	176	1.07414
125	177	1.09864
125	178	1.1445
125	179	1.09013
125	180	1.08548
126	7	1.07535
126	37	0.715247
126	49	1.0964
126	61	0.834988
126	71	1.17976
126	95	1.16225
126	104	0.60841
126	105	1.12526
126	107	1.11523
126	111	0.651069
126	114	1.14925
126	118	1.17835
126	121	1.13419
126	124	1.17666
126	127	1.15948
126	137	1.15582
126	138	0.681323
126	139	1.15608
126	145	1.18471
126	148	1.12786
126	152	1.17764
126	153	1.12996
126	156	1.14094
126	157	1.17504
126	161	1.16983
126	162	1.14185
126	164	1.14746
126	166	0.684408
126	167	0.627692
126	170	0.688444
126	171	1.1446
126	172	0.617906
126	175	0.690198
127	14	1.15328
127	24	1.13773
127	31	1.11518
127	47	1.06181
127	57	1.12676
127	60	1.13982
127	79	1.15268
127	84	1.126
127	85	1.20714
127	88	0.858979
127	90	1.1889
127	98	1.21397
127	112	0.640695
127	116	1.10999
127	126	1.15948
127	129	1.14159
127	133	1.18009
127	134	1.15875
127	145	1.18318
127	149	1.15975
127	153	1.12842
127	157	1.17351
127	159	1.14635
127	164	1.14593
127	165	0.68553
127	169	0.663705
127	170	0.693133
127	172	0.622596
127	174	0.553028
127	176	1.09811
127	178	0.643775
127	179	0.744388
127	180	0.758298
128	59	0.750763
128	71	0.693674
128	72	0.971772
128	85	0.671689
128	86	0.811543
128	102	1.09629
128	104	1.13996
128	116	0.783473
128	120	1.11255
128	132	0.732325
128	137	0.76523
128	138	1.08734
128	139	0.733049
128	140	1.10879
128	141	1.10383
128	144	1.09526
128	161	0.731481
128	163	1.07698
128	165	1.09941
128	166	1.09087
128	167	1.12655
128	168	1.09121
128	169	1.11277
128	170	1.07528
128	171	1.08792
128	172	1.1158
128	173	1.06553
128	174	1.15646
128	175	1.07393
128	176	1.04296
128	177	1.06746
128	178	1.11333
128	179	1.05895
128	180	1.0543
129	25	0.894957
129	51	1.16317
129	59	1.12568
129	71	1.16186
129	95	1.14435
129	109	0.709006
129	118	1.16046
129	121	1.1163
129	127	1.14159
129	133	1.16373
129	135	1.10111
129	137	1.13792
129	140	0.614576
129	142	1.14208
129	145	1.16682
129	148	1.10996
129	153	1.11206
129	154	1.11677
129	156	1.12304
129	157	1.15715
129	158	1.11309
129	159	1.12999
129	160	0.690589
129	161	1.15194
129	162	1.12396
129	163	0.686751
129	164	1.12957
129	166	0.680372
129	169	0.654979
129	171	1.1267
129	173	0.706907
129	175	0.686161
129	176	1.08175
129	179	0.735662
130	52	0.656766
130	77	0.650688
130	88	1.06418
130	92	0.640922
130	101	0.670602
130	107	0.705745
130	112	1.16824
130	115	0.623583
130	135	1.13026
130	138	1.15528
130	139	0.618909
130	141	1.17177
130	143	0.643712
130	144	1.1632
130	146	1.11766
130	150	1.17274
130	151	1.12854
130	153	0.668689
130	155	1.11959
130	157	0.593335
130	165	1.16735
130	166	1.1588
130	167	1.19448
130	168	1.15914
130	169	1.18071
130	170	1.14321
130	172	1.18373
130	173	1.13346
130	175	1.14187
130	177	1.1354
130	178	1.18126
130	179	1.12689
130	180	1.12224
131	9	1.21811
131	12	0.749806
131	15	0.576976
131	51	1.20924
131	58	1.17052
131	61	0.793044
131	82	0.537108
131	107	1.14341
131	121	1.16237
131	124	1.20484
131	133	1.2098
131	134	1.18847
131	135	1.14718
131	140	0.576668
131	141	0.598014
131	143	1.17254
131	145	1.21289
131	147	1.1993
131	148	1.15604
131	149	1.18947
131	152	1.20582
131	154	1.16284
131	156	1.16912
131	157	1.20322
131	158	1.15916
131	159	1.17607
131	161	1.19801
131	162	1.17003
131	164	1.17564
131	168	0.623245
131	169	0.617071
131	175	0.648253
131	178	0.597141
131	180	0.711664
132	2	1.23786
132	4	1.23268
132	43	0.529952
132	54	1.09306
132	56	0.579921
132	62	1.1664
132	64	1.23201
132	66	1.09508
132	70	1.10576
132	74	1.18009
132	89	1.19784
132	92	1.17946
132	96	0.615789
132	99	1.22989
132	101	1.15376
132	116	1.1329
132	123	0.686241
132	128	0.732325
132	134	1.18167
132	135	1.14038
132	139	1.17746
132	142	1.18135
132	146	1.12778
132	148	1.14924
132	152	1.19902
132	154	1.15604
132	162	1.16323
132	164	1.16884
132	166	0.679578
132	170	0.683614
132	172	0.613076
132	173	0.706113
132	176	1.12102
132	178	0.634255
132	179	0.734868
133	7	1.09595
133	19	1.18746
133	72	1.04906
133	83	1.23435
133	88	0.818218
133	109	0.676971
133	114	1.16985
133	116	1.13213
133	121	1.15479
133	127	1.18009
133	129	1.16373
133	131	1.2098
133	134	1.18089
133	140	0.582542
133	143	1.16497
133	145	1.20532
133	148	1.14846
133	149	1.18189
133	152	1.19825
133	154	1.15526
133	156	1.16154
133	157	1.19565
133	158	1.15159
133	161	1.19044
133	162	1.16245
133	163	0.654716
133	164	1.16807
