1	7	1.14788
1	10	1.03675
1	17	1.12998
1	31	0.90255
1	33	1.08461
1	44	1.06649
1	48	1.07203
1	51	1.07037
1	57	1.04941
1	134	1.80453
1	146	2.2375
1	180	0.983391
2	59	1.08396
2	63	1.02335
2	75	1.06937
2	78	1.1274
2	85	1.11224
2	92	1.14067
2	141	1.03645
2	145	4.57394
2	148	1.32638
2	158	2.0386
2	171	1.01346
2	175	1.00288
3	16	0.939885
3	22	1.01579
3	58	0.891423
3	64	0.934033
3	67	1.00976
3	77	0.99942
3	79	0.988992
3	81	0.994257
3	84	0.972611
3	107	1.18394
3	153	0.872786
3	162	2.26084
4	80	0.992853
4	114	0.985021
4	118	0.978164
4	123	0.989875
4	124	0.987034
4	126	0.975601
4	127	1.00318
4	128	0.967539
4	131	1.21601
4	163	0.851695
4	171	0.877001
4	178	2.75539
5	24	1.14879
5	62	1.07624
5	89	1.07516
5	90	1.11748
5	91	1.11765
5	101	1.09638
5	120	1.60593
5	135	1.18682
5	148	0.99191
5	160	2.05005
5	163	0.978432
5	175	0.993165
6	72	1.02722
6	82	1.07246
6	99	1.07018
6	103	1.07007
6	105	1.06999
6	109	1.07122
6	110	1.07114
6	111	1.07105
6	132	1.3359
6	141	1.83514
6	149	1.08957
6	155	1.49753
7	1	1.14788
7	17	1.13015
7	33	1.08479
7	44	1.06667
7	51	1.07055
7	57	1.04959
7	113	1.07399
7	141	1.00213
7	153	1.38665
7	162	1.14093
7	173	3.05416
7	180	0.983569
8	70	0.99713
8	83	0.983283
8	96	0.973844
8	100	1.37387
8	106	0.999747
8	118	0.963029
8	124	0.971898
8	126	0.960465
8	127	0.988041
8	128	0.952404
8	142	2.23751
8	163	0.836559
9	59	0.967993
9	63	0.907387
9	68	1.05272
9	75	0.953406
9	78	1.01143
9	85	0.996273
9	92	1.0247
9	121	3.47734
9	137	1.11712
9	141	0.920481
9	171	0.897487
9	175	0.886913
10	1	1.03675
10	12	0.932103
10	33	0.97366
10	35	1.10306
10	44	0.95554
10	48	0.96108
10	51	0.959422
10	57	0.938461
10	133	1.20647
10	141	0.891004
10	177	2.92467
10	180	0.872443
11	46	0.676489
11	68	0.269149
11	121	0.926646
11	129	0.990049
11	147	0.989773
11	165	0.986776
11	172	0.988558
11	173	0.931743
11	176	0.926115
11	177	0.958881
11	178	0.957443
11	179	0.93259
12	10	0.932103
12	33	0.979958
12	35	1.10936
12	44	0.961839
12	48	0.967378
12	51	0.96572
12	57	0.944759
12	95	1.11606
12	113	0.969162
12	141	0.897302
12	167	2.70493
12	180	0.878741
13	32	0.987416
13	56	0.0126222
13	154	0.99235
13	156	0.95348
13	165	0.980611
13	167	0.965662
13	169	0.97364
13	172	0.982392
13	173	0.925577
13	176	0.91995
13	178	0.951277
13	179	0.926424
14	49	1.09312
14	51	0.139931
14	64	1.06675
14	84	1.10533
14	96	0.162717
14	109	1.09991
14	110	1.09984
14	111	1.09975
14	124	0.439633
14	166	1.04237
14	178	1.00903
14	179	0.984175
15	40	0.320178
15	86	0.928759
15	112	1.01584
15	116	0.978574
15	118	0.335941
15	150	1.06926
15	156	0.941934
15	161	0.974815
15	176	0.908404
15	177	0.941169
15	179	0.914878
15	180	0.939582
16	3	0.939885
16	22	1.02244
16	28	0.935998
16	49	0.967045
16	58	0.89807
16	77	1.00607
16	79	0.995639
16	81	1.0009
16	84	0.979258
16	135	2.26055
16	150	1.48749
16	153	0.879433
17	1	1.12998
17	7	1.13015
17	33	1.06688
17	35	1.19629
17	44	1.04876
17	48	1.0543
17	57	1.03169
17	119	0.975014
17	139	2.14642
17	141	0.984228
17	170	4.82824
17	180	0.965668
18	105	1.70308
18	143	0.879672
18	144	0.880247
18	158	0.930898
18	162	0.908504
18	168	0.877896
18	172	0.889868
18	173	0.833054
18	176	0.827426
18	177	0.860191
18	178	0.858753
18	179	0.8339
19	49	0.968258
19	58	0.899283
19	64	0.941893
19	67	1.01762
19	77	1.00728
19	81	1.00212
19	84	0.980471
19	115	1.02152
19	122	0.887657
19	130	2.49272
19	153	0.880646
19	154	1.68177
20	24	1.02192
20	36	0.991885
20	60	0.962657
20	62	0.949375
20	89	0.948297
20	90	0.990614
20	91	0.990783
20	101	0.969519
20	113	1.24891
20	143	3.13307
20	148	0.865046
20	163	0.851568
20	175	0.866301
21	46	1.05256
21	65	0.810546
21	93	1.0261
21	96	1.06483
21	118	1.05402
21	123	1.06573
21	124	1.06289
21	126	1.05146
21	127	1.07903
21	128	1.04339
21	142	1.18342
21	163	0.92755
21	168	2.78135
22	3	1.01579
22	16	1.02244
22	58	0.973974
22	64	1.01658
22	67	1.09231
22	77	1.08197
22	79	1.07154
22	81	1.07681
22	115	1.09621
22	145	5.02606
22	153	0.955337
22	154	1.68048
22	168	2.13266
23	25	1.02451
23	34	0.896948
23	41	1.08878
23	45	1.11168
23	53	1.05672
23	56	1.19859
23	66	1.16598
23	95	1.03604
23	145	0.9291
23	149	1.08581
23	165	2.72034
23	180	0.976421
24	5	1.14879
24	20	1.02192
24	37	1.0811
24	52	1.06453
24	62	1.02776
24	74	3.6
24	90	1.069
24	91	1.06917
24	95	0.805846
24	101	1.04791
24	163	0.929955
24	172	1.4451
24	175	0.944687
25	23	1.02451
25	39	0.581672
25	41	0.979525
25	45	1.00243
25	53	0.947463
25	56	1.08934
25	66	1.05672
25	122	0.870805
25	145	0.819847
25	149	0.976557
25	171	3.07262
25	180	0.867167
26	80	1.05659
26	96	1.05271
26	106	1.07862
26	108	0.881458
26	114	1.04876
26	123	1.05361
26	124	1.05077
26	126	1.03934
26	127	1.06691
26	128	1.03127
26	134	1.61031
26	140	2.40472
26	171	0.940736
27	59	1.05457
27	63	0.993968
27	71	1.13313
27	75	1.03999
27	78	1.09801
27	85	1.08285
27	92	1.11128
27	104	0.948665
27	139	1.01448
27	151	1.46653
27	171	0.984069
27	174	2.91134
27	175	0.973495
28	16	0.935998
28	29	1.00899
28	49	0.956511
28	58	0.887536
28	64	0.930146
28	67	1.00588
28	79	0.985105
28	81	0.990371
28	84	0.968724
28	104	5.4
28	122	0.87591
28	153	0.868899
28	180	1.43713
29	28	1.00899
29	58	0.97106
29	64	1.01367
29	67	1.0894
29	77	1.07906
29	79	1.06863
29	81	1.07389
29	84	1.05225
29	115	1.09329
29	134	1.69292
29	144	2.55458
29	150	1.11649
29	153	0.952423
30	36	1.20567
30	39	0.860708
30	89	1.16208
30	90	1.2044
30	91	1.20456
30	97	1.46438
30	101	1.1833
30	137	2.00468
30	148	1.07883
30	149	1.20448
30	153	2.28682
30	163	1.06535
30	175	1.08008
31	1	0.90255
31	91	0.343878
31	149	0.444527
31	154	1.072
31	161	1.06601
31	164	1.08503
31	172	1.06204
31	173	1.00523
31	174	1.01157
31	176	0.9996
31	177	1.03237
31	178	1.03093
31	179	1.00607
32	13	0.987416
32	54	0.999805
32	61	1.06628
32	72	0.975811
32	82	1.02104
32	99	1.01877
32	103	1.01866
32	105	1.01858
32	109	1.0198
32	110	1.01973
32	111	1.01964
32	125	1.09675
32	149	1.03816
32	162	1.86604
33	1	1.08461
33	7	1.08479
33	10	0.97366
33	12	0.979958
33	17	1.06688
33	35	1.15092
33	48	1.00894
33	51	1.00728
33	57	0.986316
33	76	1.06925
33	122	1.82723
33	141	0.938859
33	175	2.5321
33	180	0.920299
34	23	0.896948
34	44	0.118281
34	57	0.450585
34	109	1.03778
34	110	1.03771
34	111	1.03762
34	123	1.05519
34	124	1.05235
34	126	1.04092
34	128	1.03286
34	144	0.968392
34	150	1.07643
34	177	0.948337
34	179	0.922046
35	10	1.10306
35	12	1.10936
35	17	1.19629
35	33	1.15092
35	44	1.1328
35	48	1.13834
35	51	1.13668
35	57	1.11572
35	133	1.07816
35	135	1.03299
35	141	1.06826
35	147	2.12738
35	167	1.85742
35	180	1.0497
36	20	0.991885
36	30	1.20567
36	37	1.05107
36	62	0.997725
36	89	0.996647
36	90	1.03896
36	91	1.03913
36	95	0.886984
36	101	1.01787
36	116	2.31636
36	138	1.69488
36	149	1.03905
36	163	0.899919
36	175	0.914651
37	24	1.0811
37	36	1.05107
37	60	1.02184
37	62	1.00856
37	89	1.00748
37	90	1.0498
37	91	1.04997
37	101	1.0287
37	149	1.04988
37	150	0.826089
37	152	2.882
37	155	1.26788
37	163	0.910752
37	175	0.925484
38	40	1.0509
38	92	1.06934
38	109	1.03759
38	110	1.03752
38	111	1.03743
38	124	1.05216
38	127	1.0683
38	128	1.03266
38	136	2.31813
38	138	1.37445
38	153	0.943186
38	162	1.24378
38	171	0.942126
38	175	0.931552
39	25	0.581672
39	30	0.860708
39	78	0.713182
39	132	1.08694
39	140	1.04692
39	146	1.0236
39	162	1.04631
39	164	1.05066
39	172	1.02767
39	175	0.9814
39	176	0.965229
39	177	0.997994
39	178	0.996556
39	179	0.971703
40	15	0.320178
40	38	1.0509
40	59	0.98949
40	63	0.928884
40	68	1.07421
40	71	1.06804
40	75	0.974903
40	78	1.03293
40	85	1.01777
40	92	1.0462
40	102	1.01791
40	152	2.69182
40	167	1.67693
40	171	0.918984
40	175	0.90841
41	23	1.08878
41	25	0.979525
41	45	1.0667
41	53	1.01173
41	56	1.15361
41	66	1.121
41	88	1.01057
41	116	2.25016
41	119	0.609368
41	120	2.00434
41	122	0.935076
41	145	0.884118
41	149	1.04083
41	180	0.931439
42	54	0.979868
42	61	1.04635
42	69	1.0305
42	82	1.00111
42	97	1.84141
42	99	0.998834
42	103	0.998723
42	105	0.998644
42	109	0.999866
42	110	0.999791
42	111	0.999702
42	113	0.999254
42	133	0.970197
42	136	1.89517
42	159	1.82051
43	53	0.911221
43	60	0.912275
43	73	1.55612
43	89	0.897914
43	101	0.919136
43	112	0.907179
43	122	0.834562
43	145	0.783604
43	149	0.940314
43	174	0.811714
43	175	0.815918
43	176	0.799746
43	178	0.831074
43	179	0.80622
43	180	0.830925
44	1	1.06649
44	7	1.06667
44	10	0.95554
44	12	0.961839
44	17	1.04876
44	34	0.118281
44	35	1.1328
44	48	0.990816
44	51	0.989157
44	57	0.968196
44	113	0.992599
44	141	0.920739
44	142	1.25443
44	156	3.07662
44	180	0.902179
45	23	1.11168
45	25	1.00243
45	41	1.0667
45	53	1.03464
45	56	1.17651
45	66	1.1439
45	113	1.08802
45	122	0.957978
45	125	1.07984
45	130	3.19874
45	145	0.90702
45	149	1.06373
45	180	0.954341
46	11	0.676489
46	21	1.05256
46	94	3.13631
46	98	1.01611
46	106	1.0478
46	107	0.925501
46	114	1.01794
46	118	1.01108
46	123	1.02279
46	124	1.01995
46	126	1.00852
46	127	1.03609
46	128	1.00046
46	145	0.867031
46	171	0.909919
47	52	1.03617
47	60	1.01269
47	62	0.999404
47	87	0.966603
47	89	0.998326
47	90	1.04064
47	91	1.04081
47	101	1.01955
47	115	1.06883
47	125	1.39198
47	148	0.915076
47	149	1.04073
47	155	2.47369
47	163	0.901598
47	175	0.91633
48	1	1.07203
48	10	0.96108
48	12	0.967378
48	17	1.0543
48	33	1.00894
48	35	1.13834
48	44	0.990816
48	51	0.994697
48	57	0.973736
48	108	1.21051
48	113	0.998139
48	139	2.75461
48	141	0.926279
48	165	1.79928
48	180	0.907719
49	14	1.09312
49	16	0.967045
49	19	0.968258
49	28	0.956511
49	58	0.918583
49	64	0.961193
49	67	1.03692
49	77	1.02658
49	79	1.01615
49	81	1.02142
49	84	0.999771
49	115	1.04082
49	150	0.839291
49	160	2.47559
49	164	1.91251
50	69	1.29444
50	123	0.000567414
50	134	0.97076
50	137	0.976435
50	147	0.943888
50	151	0.926525
50	152	0.926914
50	167	0.925943
50	168	0.930701
50	172	0.942673
50	173	0.885858
50	174	0.892199
50	176	0.88023
50	178	0.911558
50	179	0.886705
51	1	1.07037
51	7	1.07055
51	10	0.959422
51	12	0.96572
51	14	0.139931
51	33	1.00728
51	35	1.13668
51	44	0.989157
51	48	0.994697
51	57	0.972078
51	113	0.99648
51	141	0.924621
51	142	1.08566
51	148	3.66742
51	180	0.90606
52	24	1.06453
52	47	1.03617
52	60	1.00527
52	89	0.990907
52	90	1.03322
52	91	1.03339
52	101	1.01213
52	115	1.06142
52	129	1.85687
52	148	0.907657
52	149	1.03331
52	153	2.30411
52	161	1.5948
52	163	0.894179
52	175	0.908911
53	23	1.05672
53	25	0.947463
53	41	1.01173
53	43	0.911221
53	45	1.03464
53	55	0.991548
53	56	1.12155
53	66	1.08893
53	88	0.978513
53	121	3.32266
53	122	0.903015
53	145	0.852057
53	149	1.00877
53	157	1.62785
53	177	1.25215
53	180	0.899377
54	32	0.999805
54	42	0.979868
54	61	1.02763
54	69	1.01178
54	72	0.937157
54	82	0.982391
54	99	0.980117
54	103	0.980006
54	105	0.979927
54	109	0.981149
54	110	0.981074
54	111	0.980985
54	131	1.29965
54	135	1.65279
54	149	0.999506
54	169	2.63089
55	53	0.991548
55	90	1.02056
55	91	1.02073
55	101	0.999464
55	118	1.00798
55	123	1.01969
55	126	1.00542
55	127	1.03299
55	128	0.997357
55	145	0.863931
55	147	1.57997
55	149	1.02064
55	151	2.81282
55	161	1.53208
55	175	0.896245
55	180	0.911252
56	13	0.0126222
56	23	1.19859
56	25	1.08934
56	41	1.15361
56	45	1.17651
56	53	1.12155
56	66	1.23081
56	112	1.23245
56	122	1.04489
56	145	0.993934
56	149	1.15064
56	155	1.20367
56	177	2.74185
56	180	1.04125
57	1	1.04941
57	7	1.04959
57	10	0.938461
57	12	0.944759
57	17	1.03169
57	33	0.986316
57	34	0.450585
57	35	1.11572
57	44	0.968196
57	48	0.973736
57	51	0.972078
57	113	0.97552
57	141	0.90366
57	150	1.03316
57	171	3.06342
57	180	0.885099
58	3	0.891423
58	16	0.89807
58	19	0.899283
58	22	0.973974
58	28	0.887536
58	29	0.97106
58	49	0.918583
58	64	0.892218
58	67	0.967947
58	79	0.947177
58	81	0.952442
58	84	0.930796
58	122	0.837982
58	131	2.20453
58	133	2.60285
58	153	0.830971
59	2	1.08396
59	9	0.967993
59	27	1.05457
59	40	0.98949
59	63	0.89062
59	68	1.03595
59	71	1.02978
59	75	0.93664
59	78	0.994664
59	85	0.979506
59	92	1.00794
59	117	1.43713
59	141	0.903715
59	157	2.9482
59	160	1.67237
59	171	0.880721
59	175	0.870147
60	20	0.962657
60	37	1.02184
60	43	0.912275
60	47	1.01269
60	52	1.00527
60	89	0.96742
60	90	1.00974
60	91	1.00991
60	101	0.988643
60	115	1.03793
60	137	1.24327
60	148	0.88417
60	149	1.00982
60	163	0.870692
60	165	1.57908
60	175	0.885424
60	176	4.38478
61	32	1.06628
61	42	1.04635
61	54	1.02763
61	69	1.07826
61	72	1.00364
61	82	1.04887
61	94	1.46369
61	99	1.0466
61	103	1.04649
61	105	1.04641
61	109	1.04763
61	110	1.04755
61	111	1.04746
61	130	1.70853
61	149	1.06599
61	163	2.48355
61	180	1.53
62	5	1.07624
62	20	0.949375
62	24	1.02776
62	36	0.997725
62	37	1.00856
62	47	0.999404
62	89	0.954137
62	90	0.996454
62	91	0.996624
62	101	0.97536
62	146	1.52726
62	148	0.870887
62	149	0.996538
62	163	0.857409
62	175	0.872141
62	177	2.45781
62	178	1.88067
63	2	1.02335
63	9	0.907387
63	27	0.993968
63	40	0.928884
63	59	0.89062
63	68	0.975345
63	71	0.969175
63	75	0.876034
63	78	0.934058
63	85	0.9189
63	92	0.947329
63	104	0.78471
63	141	0.843109
63	162	1.96515
63	171	0.820115
63	172	2.70878
63	175	0.80954
64	3	0.934033
64	14	1.06675
64	19	0.941893
64	22	1.01658
64	28	0.930146
64	29	1.01367
64	49	0.961193
64	58	0.892218
64	67	1.01056
64	77	1.00022
64	79	0.989787
64	81	0.995052
64	84	0.973406
64	117	1.44002
64	144	2.07355
64	153	0.873581
64	175	2.4593
65	21	0.810546
65	91	0.722533
65	105	0.442868
65	134	1.02461
65	156	0.967612
65	159	1.00115
65	160	0.990898
65	166	0.99875
65	167	0.979794
65	168	0.984551
65	170	0.928734
65	173	0.939708
65	174	0.946049
65	176	0.934081
65	177	0.966846
65	178	0.965408
65	179	0.940555
66	23	1.16598
66	25	1.05672
66	41	1.121
66	45	1.1439
66	53	1.08893
66	56	1.23081
66	88	1.08777
66	122	1.01228
66	145	0.961317
66	149	1.11803
66	151	2.03752
66	163	2.32702
66	164	1.05302
66	171	0.967466
66	180	1.00864
67	3	1.00976
67	19	1.01762
67	22	1.09231
67	28	1.00588
67	29	1.0894
67	49	1.03692
67	58	0.967947
67	64	1.01056
67	77	1.07594
67	79	1.06552
67	81	1.07078
67	84	1.04914
67	87	0.940812
67	122	0.956322
67	153	0.94931
67	169	2.08758
67	172	1.76588
67	178	2.29571
68	9	1.05272
68	11	0.269149
68	40	1.07421
68	59	1.03595
68	63	0.975345
68	71	1.11451
68	75	1.02136
68	78	1.07939
68	85	1.06423
68	92	1.09266
68	102	1.06437
68	104	0.930041
68	113	0.863085
68	133	1.17726
68	141	0.98844
68	163	3.74882
68	171	0.965446
68	175	0.954871
69	42	1.0305
69	50	1.29444
69	54	1.01178
69	61	1.07826
69	72	0.987791
69	82	1.03302
69	99	1.03075
69	103	1.03064
69	105	1.03056
69	107	0.853375
69	109	1.03178
69	110	1.03171
69	111	1.03162
69	113	1.03117
69	132	1.43956
69	133	1.00211
69	137	2.84966
69	149	1.05014
70	8	0.99713
70	80	1.06133
70	93	1.01873
70	96	1.05746
70	98	1.05167
70	114	1.0535
70	118	1.04664
70	123	1.05835
70	124	1.05551
70	125	0.80436
70	126	1.04408
70	127	1.07165
70	128	1.03602
70	148	0.933651
70	155	1.17475
70	168	2.32798
70	171	0.945479
70	180	2.61275
71	27	1.13313
71	40	1.06804
71	59	1.02978
71	63	0.969175
71	68	1.11451
71	75	1.01519
71	78	1.07322
71	85	1.05806
71	88	1.04284
71	92	1.08649
71	97	1.69422
71	104	0.923871
71	132	0.824421
71	141	0.98227
71	153	2.51666
71	171	0.959276
71	175	0.948702
71	180	2.42404
72	6	1.02722
72	32	0.975811
72	54	0.937157
72	61	1.00364
72	69	0.987791
72	99	0.956123
72	103	0.956012
72	105	0.955933
72	109	0.957155
72	110	0.95708
72	111	0.956991
72	115	1.00362
72	121	0.835475
72	133	0.927485
72	148	2.53233
72	149	0.975512
72	150	1.16142
72	179	3.50009
73	43	1.55612
73	83	1.06144
73	93	1.01327
73	96	1.052
73	98	1.04621
73	106	1.07791
73	114	1.04804
73	118	1.04119
73	123	1.0529
73	124	1.05006
73	126	1.03862
73	127	1.0662
73	128	1.03056
73	153	0.941083
73	163	0.914717
73	167	1.0369
73	176	2.65865
73	179	1.37348
74	24	3.6
74	86	0.814281
74	87	1.04062
74	130	0.85052
74	151	0.84022
74	159	0.860997
74	165	0.854586
74	166	0.858594
74	167	0.839638
74	168	0.844396
74	169	0.847616
74	171	0.820671
74	172	0.856368
74	174	0.805894
74	176	0.793925
74	177	0.826691
74	178	0.825253
74	179	0.8004
75	2	1.06937
75	9	0.953406
75	27	1.03999
75	40	0.974903
75	59	0.93664
75	63	0.876034
75	68	1.02136
75	71	1.01519
75	78	0.980077
75	85	0.96492
75	92	0.993348
75	102	0.965056
75	133	0.886923
75	141	0.889128
75	158	1.24448
75	171	0.866134
75	175	0.85556
75	179	4.17176
76	33	1.06925
76	101	0.570718
76	127	0.572878
76	129	0.98391
76	139	0.974446
76	152	0.96666
76	155	1.01997
76	156	0.953507
76	164	1.0054
76	165	0.980638
76	168	0.970447
76	170	0.91463
76	173	0.925604
76	174	0.931945
76	176	0.919977
76	177	0.952742
76	178	0.951304
76	179	0.926451
77	3	0.99942
77	16	1.00607
77	19	1.00728
77	22	1.08197
77	29	1.07906
77	49	1.02658
77	64	1.00022
77	67	1.07594
77	79	1.05517
77	81	1.06044
77	84	1.03879
77	115	1.07984
77	122	0.945979
77	133	1.04834
77	136	1.99029
77	153	0.938968
77	169	1.98127
77	172	1.65957
78	2	1.1274
78	9	1.01143
78	27	1.09801
78	39	0.713182
78	40	1.03293
78	59	0.994664
78	63	0.934058
78	68	1.07939
78	71	1.07322
78	75	0.980077
78	85	1.02294
78	88	1.00773
78	92	1.05137
78	119	0.971078
78	141	0.947152
78	150	1.17387
78	171	0.924158
78	172	2.60334
78	175	0.913584
79	3	0.988992
79	16	0.995639
79	22	1.07154
79	28	0.985105
79	29	1.06863
79	49	1.01615
79	58	0.947177
79	64	0.989787
79	67	1.06552
79	77	1.05517
79	81	1.05001
79	84	1.02837
79	115	1.06941
79	122	0.935551
79	138	1.21234
79	153	0.92854
79	166	1.57333
79	169	1.27895
79	173	3.72416
80	4	0.992853
80	26	1.05659
80	70	1.06133
80	83	1.04748
80	98	1.03225
80	100	1.13164
80	106	1.06395
80	114	1.03409
80	118	1.02723
80	124	1.0361
80	126	1.02467
80	127	1.05224
80	128	1.01661
80	147	2.70888
80	148	0.914239
80	153	0.927127
80	162	1.52726
80	164	1.91463
80	171	0.926068
81	3	0.994257
81	16	1.0009
81	19	1.00212
81	22	1.07681
81	28	0.990371
81	29	1.07389
81	49	1.02142
81	58	0.952442
81	64	0.995052
81	67	1.07078
81	77	1.06044
81	79	1.05001
81	84	1.03363
81	122	0.940817
81	125	0.982063
81	132	1.08744
81	141	1.58668
81	153	0.933805
81	163	3.64061
82	6	1.07246
82	32	1.02104
82	42	1.00111
82	54	0.982391
82	61	1.04887
82	69	1.03302
82	99	1.00136
82	103	1.00125
82	105	1.00117
82	109	1.00239
82	110	1.00231
82	111	1.00222
82	115	1.04885
82	133	0.972719
82	149	1.02075
82	152	2.30474
82	159	1.37789
82	166	1.73791
82	168	1.84385
83	8	0.983283
83	73	1.06144
83	80	1.04748
83	98	1.03782
83	100	0.994408
83	106	1.06951
83	108	1.13471
83	112	1.71767
83	114	1.03965
83	118	1.0328
83	121	0.905418
83	123	1.04451
83	126	1.03023
83	127	1.05781
83	128	1.02217
83	145	0.888745
83	148	0.919804
83	153	0.932692
83	157	3.60276
83	171	0.931632
84	3	0.972611
84	14	1.10533
84	16	0.979258
84	19	0.980471
84	28	0.968724
84	29	1.05225
84	49	0.999771
84	58	0.930796
84	64	0.973406
84	67	1.04914
84	77	1.03879
84	79	1.02837
84	81	1.03363
84	115	1.05303
84	122	0.919171
84	137	1.38527
84	148	2.27387
84	153	0.912159
84	172	1.37672
84	174	3.68365
85	2	1.11224
85	9	0.996273
85	27	1.08285
85	40	1.01777
85	59	0.979506
85	63	0.9189
85	68	1.06423
85	71	1.05806
85	75	0.96492
85	78	1.02294
85	88	0.992569
85	92	1.03621
85	102	1.00792
85	125	0.569298
85	141	0.931995
85	144	1.75445
85	155	1.40139
85	171	0.909001
85	173	3.91625
85	175	0.898426
86	15	0.928759
86	74	0.814281
86	117	0.878647
86	121	0.777611
86	131	0.904141
86	137	0.873285
86	149	3.35001
86	150	0.937934
86	152	0.823764
86	155	0.877078
86	160	0.833898
86	162	0.858158
86	164	0.862508
86	165	0.837741
86	172	0.839522
86	173	0.782708
86	174	0.789048
86	176	0.77708
86	177	0.809846
86	178	0.808408
86	179	0.783555
87	47	0.966603
87	67	0.940812
87	74	1.04062
87	99	0.0461821
87	114	0.553957
87	127	0.095985
87	134	1.09395
87	142	1.11948
87	143	1.05567
87	146	1.06179
87	152	1.0501
87	156	1.03695
87	158	1.10689
87	160	1.06024
87	172	1.06586
87	173	1.00905
87	174	1.01539
87	176	1.00342
87	177	1.03619
87	178	1.03475
87	179	1.00989
88	41	1.01057
88	53	0.978513
88	66	1.08777
88	71	1.04284
88	78	1.00773
88	85	0.992569
88	92	1.021
88	99	0.988218
88	100	0.65516
88	103	0.988107
88	105	0.988028
88	109	0.98925
88	110	0.989175
88	111	0.989086
88	145	0.850897
88	149	1.00761
88	150	0.965233
88	167	2.56273
88	171	0.893784
88	175	0.88321
88	178	2.92454
88	180	0.898217
89	5	1.07516
89	20	0.948297
89	30	1.16208
89	36	0.996647
89	37	1.00748
89	43	0.897914
89	47	0.998326
89	52	0.990907
89	60	0.96742
89	62	0.954137
89	90	0.995376
89	91	0.995545
89	101	0.974282
89	115	1.02357
89	131	0.821927
89	146	2.00789
89	148	0.869809
89	149	0.99546
89	163	0.856331
89	166	2.44755
89	175	0.871063
89	178	2.3613
90	5	1.11748
90	20	0.990614
90	24	1.069
90	30	1.2044
90	36	1.03896
90	37	1.0498
90	47	1.04064
90	52	1.03322
90	55	1.02056
90	60	1.00974
90	62	0.996454
90	89	0.995376
90	91	1.03786
90	101	1.0166
90	140	1.99655
90	148	0.912126
90	149	1.03778
90	158	1.20502
90	160	1.66551
90	163	0.898648
90	166	2.07476
90	175	0.91338
90	178	1.98852
91	5	1.11765
91	20	0.990783
91	24	1.06917
91	30	1.20456
91	31	0.343878
91	36	1.03913
91	37	1.04997
91	47	1.04081
91	52	1.03339
91	55	1.02073
91	60	1.00991
91	62	0.996624
91	65	0.722533
91	89	0.995545
91	90	1.03786
91	101	1.01677
91	113	1.04591
91	148	0.912295
91	149	1.03795
91	161	2.36141
91	163	0.898817
91	171	2.5721
91	175	0.913549
92	2	1.14067
92	9	1.0247
92	27	1.11128
92	38	1.06934
92	40	1.0462
92	59	1.00794
92	63	0.947329
92	68	1.09266
92	71	1.08649
92	75	0.993348
92	78	1.05137
92	85	1.03621
92	88	1.021
92	100	0.844925
92	102	1.03635
92	104	0.902025
92	141	0.960423
92	143	1.59973
92	154	1.01534
92	161	1.03107
92	171	0.937429
92	175	0.926855
92	176	4.59975
93	21	1.0261
93	70	1.01873
93	73	1.01327
93	96	0.995441
93	98	0.989649
93	102	0.982385
93	106	1.02134
93	114	0.991483
93	118	0.984626
93	121	0.857248
93	123	0.996337
93	124	0.993495
93	126	0.982062
93	127	1.00964
93	128	0.974001
93	129	1.47719
93	133	0.949259
93	143	1.78378
93	147	1.26301
93	153	0.884522
93	163	0.858156
93	171	0.883463
93	174	3.94066
94	46	3.13631
94	61	1.46369
94	100	1.01679
94	112	0.924531
94	136	0.89317
94	151	0.863393
94	155	0.917096
94	157	0.861359
94	159	0.88417
94	161	0.88351
94	162	0.898176
94	164	0.902526
94	166	0.881767
94	167	0.862811
94	168	0.867568
94	172	0.87954
94	173	0.822726
94	174	0.829066
94	176	0.817098
94	177	0.849864
94	178	0.848426
94	179	0.823572
94	180	0.848277
95	12	1.11606
95	23	1.03604
95	24	0.805846
95	36	0.886984
95	120	1.05036
95	130	1.01995
95	132	1.08507
95	136	1.03942
95	139	1.01782
95	144	1.01617
95	147	1.02701
95	149	0.105076
95	161	1.02976
95	163	0.964791
95	164	1.04878
95	167	1.00906
95	168	1.01382
95	169	1.01704
95	173	0.96898
95	175	0.979523
95	176	0.963352
95	177	0.996117
95	178	0.994679
95	179	0.969826
96	8	0.973844
96	14	0.162717
96	21	1.06483
96	26	1.05271
96	70	1.05746
96	73	1.052
96	93	0.995441
96	98	1.02838
96	106	1.06008
96	107	0.772541
96	108	1.60769
96	114	1.03021
96	118	1.02336
96	123	1.03507
96	124	1.03223
96	126	1.02079
96	127	1.04837
96	128	1.01273
96	133	0.98799
96	138	1.98013
96	148	0.910365
96	163	0.896887
96	167	2.7611
96	171	0.922194
97	30	1.46438
97	42	1.84141
97	71	1.69422
97	131	0.979464
97	132	0.974119
97	146	0.910779
97	150	1.01326
97	151	0.898698
97	158	0.955876
97	160	0.909221
97	161	0.918816
97	164	0.937832
97	165	0.913065
97	167	0.898116
97	168	0.902874
97	169	0.906094
97	170	0.847057
97	172	0.914846
97	173	0.858031
97	174	0.864372
97	176	0.852404
97	177	0.885169
97	178	0.883731
97	179	0.858878
97	180	0.883582
98	46	1.01611
98	70	1.05167
98	73	1.04621
98	80	1.03225
98	83	1.03782
98	93	0.989649
98	96	1.02838
98	106	1.05428
98	112	1.42018
98	114	1.02442
98	118	1.01757
98	123	1.02928
98	124	1.02643
98	126	1.015
98	127	1.04258
98	128	1.00694
98	133	0.982198
98	142	0.946699
98	145	0.873514
98	153	0.917461
98	158	1.56893
98	163	0.891095
98	165	2.08606
98	171	0.916402
98	175	2.81347
99	6	1.07018
99	32	1.01877
99	42	0.998834
99	54	0.980117
99	61	1.0466
99	69	1.03075
99	72	0.956123
99	82	1.00136
99	87	0.0461821
99	88	0.988218
99	102	1.00357
99	103	0.998972
99	105	0.998893
99	109	1.00011
99	110	1.00004
99	111	0.99995
99	113	0.999503
99	115	1.04658
99	121	0.878434
99	133	0.970445
99	141	1.89088
99	149	1.01847
99	150	1.16238
99	175	2.97534
99	180	2.99127
100	8	1.37387
100	80	1.13164
100	83	0.994408
100	88	0.65516
100	92	0.844925
100	94	1.01679
100	143	1.00866
100	146	1.01479
100	147	1.02008
100	151	1.00271
100	152	1.0031
100	159	1.02349
100	160	1.01324
100	162	1.0375
100	166	1.02109
100	167	1.00213
100	169	1.01011
100	170	0.951072
100	172	1.01886
100	173	0.962046
100	174	0.968387
100	176	0.956418
100	177	0.989184
100	178	0.987746
100	179	0.962893
101	5	1.09638
101	20	0.969519
101	24	1.04791
101	30	1.1833
101	36	1.01787
101	37	1.0287
101	43	0.919136
101	47	1.01955
101	52	1.01213
101	55	0.999464
101	60	0.988643
101	62	0.97536
101	76	0.570718
101	89	0.974282
101	90	1.0166
101	91	1.01677
101	112	1.6297
101	115	1.04479
101	142	1.15622
101	148	0.891031
101	149	1.01668
101	156	2.97842
101	163	0.877553
101	164	1.67587
101	175	0.892286
102	40	1.01791
102	68	1.06437
102	75	0.965056
102	85	1.00792
102	92	1.03635
102	93	0.982385
102	99	1.00357
102	103	1.00346
102	105	1.00338
102	109	1.0046
102	110	1.00453
102	111	1.00444
102	114	1.01716
102	119	1.04788
102	123	1.02201
102	124	1.01917
102	126	1.00774
102	127	1.03531
102	128	0.999675
102	129	2.66507
102	131	1.00336
102	159	2.26896
102	166	2.62898
102	171	0.909137
102	175	0.898563
103	6	1.07007
103	32	1.01866
103	42	0.998723
103	54	0.980006
103	61	1.04649
103	69	1.03064
103	72	0.956012
103	82	1.00125
103	88	0.988107
103	99	0.998972
103	102	1.00346
103	105	0.998782
103	109	1
103	110	0.999929
103	111	0.99984
103	113	0.999392
103	115	1.04647
103	121	0.878324
103	133	0.970334
103	138	1.04478
103	140	1.13589
103	149	1.01836
103	175	1.58889
103	176	4.55681
103	180	1.60482
104	27	0.948665
104	28	5.4
104	63	0.78471
104	68	0.930041
104	71	0.923871
104	92	0.902025
104	116	0.818236
104	118	0.875974
104	120	0.835074
104	123	0.887685
104	124	0.884844
104	126	0.873411
104	127	0.900986
104	128	0.865349
104	131	0.875126
104	140	0.829755
104	157	0.792327
104	161	0.814477
104	163	0.749504
104	170	0.742719
104	171	0.774811
104	173	0.753693
104	174	0.760034
104	175	0.764237
104	177	0.780831
104	178	0.779393
104	179	0.75454
105	6	1.06999
105	18	1.70308
105	32	1.01858
105	42	0.998644
105	54	0.979927
105	61	1.04641
105	65	0.442868
105	69	1.03056
105	72	0.955933
105	82	1.00117
105	88	0.988028
105	99	0.998893
105	102	1.00338
105	103	0.998782
105	108	0.965637
105	109	0.999925
105	110	0.99985
105	111	0.999761
105	113	0.999313
105	115	1.04639
105	121	0.878245
105	122	1.97765
105	133	0.970255
105	149	1.01828
105	161	2.08174
106	8	0.999747
106	26	1.07862
106	46	1.0478
106	73	1.07791
106	80	1.06395
106	83	1.06951
106	93	1.02134
106	96	1.06008
106	98	1.05428
106	114	1.05612
106	118	1.04926
106	119	0.956364
106	123	1.06097
106	124	1.05813
106	125	1.07571
106	126	1.0467
106	127	1.07427
106	128	1.03864
106	133	1.01389
106	141	1.9152
106	145	0.905209
106	146	2.18522
106	153	0.949156
106	159	2.26486
106	161	2.3989
106	163	0.92279
106	171	0.948097
107	3	1.18394
107	46	0.925501
107	69	0.853375
107	96	0.772541
107	120	1.0428
107	126	0.176546
107	127	0.213745
107	129	1.01972
107	135	1.07163
107	144	1.00861
107	146	1.01417
107	154	1.02819
107	157	1.00005
107	158	1.05926
107	160	1.01261
107	161	1.0222
107	162	1.03687
107	164	1.04122
107	165	1.01645
107	167	1.0015
107	169	1.00948
107	170	0.950445
107	172	1.01823
107	173	0.961419
107	174	0.967759
107	176	0.955791
107	177	0.988557
107	178	0.987119
107	179	0.962265
108	26	0.881458
108	48	1.21051
108	83	1.13471
108	96	1.60769
108	105	0.965637
108	121	0.911978
108	129	0.97538
108	134	1.00198
108	139	0.965916
108	142	1.02751
108	146	0.969822
108	147	0.975105
108	150	1.0723
108	151	0.957741
108	157	0.955708
108	158	1.01492
108	159	0.978519
108	160	0.968264
108	161	0.977859
108	165	0.972108
108	167	0.95716
108	168	0.961917
108	171	0.938192
108	172	0.973889
108	174	0.923415
108	176	0.911447
108	177	0.944212
108	178	0.942774
108	179	0.917921
109	6	1.07122
109	14	1.09991
109	32	1.0198
109	34	1.03778
109	38	1.03759
109	42	0.999866
109	54	0.981149
109	61	1.04763
109	69	1.03178
109	72	0.957155
109	82	1.00239
109	88	0.98925
109	99	1.00011
109	102	1.0046
109	103	1
109	105	0.999925
109	110	1.00107
109	111	1.00098
109	113	1.00053
109	115	1.04761
109	117	1.41163
109	121	0.879467
109	133	0.971478
109	135	0.783636
109	149	1.0195
109	160	1.64687
109	171	2.04083
109	175	2.43091
109	177	2.54702
110	6	1.07114
110	14	1.09984
110	32	1.01973
110	34	1.03771
110	38	1.03752
110	42	0.999791
110	54	0.981074
110	61	1.04755
110	69	1.03171
110	72	0.95708
110	82	1.00231
110	88	0.989175
110	99	1.00004
110	102	1.00453
110	103	0.999929
110	105	0.99985
110	109	1.00107
110	111	1.00091
110	113	1.00046
110	115	1.04754
110	121	0.879392
110	133	0.971403
110	142	1.33606
110	149	1.01943
110	154	1.88822
110	156	2.46015
110	158	1.26019
110	169	1.83555
110	177	2.62083
111	6	1.07105
111	14	1.09975
111	32	1.01964
111	34	1.03762
111	38	1.03743
111	42	0.999702
111	54	0.980985
111	61	1.04746
111	69	1.03162
111	72	0.956991
111	82	1.00222
111	88	0.989086
111	99	0.99995
111	102	1.00444
111	103	0.99984
111	105	0.999761
111	109	1.00098
111	110	1.00091
111	113	1.00037
111	115	1.04745
111	121	0.879303
111	133	0.971313
111	147	1.72077
111	149	1.01934
111	158	1.02911
111	160	1.48961
111	164	0.926526
111	171	1.88357
111	179	3.95639
112	15	1.01584
112	43	0.907179
112	56	1.23245
112	83	1.71767
112	94	0.924531
112	98	1.42018
112	101	1.6297
112	116	0.934328
112	129	0.928091
112	134	0.954688
112	137	0.960363
112	139	0.918627
112	140	0.945847
112	146	0.922533
112	150	1.02501
112	154	0.936558
112	155	0.964155
112	160	0.920975
112	162	0.945236
112	165	0.924819
112	166	0.928827
112	167	0.90987
112	168	0.914628
112	170	0.858811
112	173	0.869785
112	174	0.876126
112	176	0.864158
112	177	0.896923
112	178	0.895485
112	179	0.870632
113	7	1.07399
113	12	0.969162
113	20	1.24891
113	42	0.999254
113	44	0.992599
113	45	1.08802
113	48	0.998139
113	51	0.99648
113	57	0.97552
113	68	0.863085
113	69	1.03117
113	91	1.04591
113	99	0.999503
113	103	0.999392
113	105	0.999313
113	109	1.00053
113	110	1.00046
113	111	1.00037
113	118	0.599267
113	141	0.928063
113	146	0.936699
113	155	0.978321
113	167	0.924036
113	173	0.883951
113	176	0.878324
113	177	0.911089
113	178	0.909651
113	179	0.884798
113	180	0.909502
114	4	0.985021
114	26	1.04876
114	46	1.01794
114	70	1.0535
114	73	1.04804
114	80	1.03409
114	83	1.03965
114	87	0.553957
114	93	0.991483
114	96	1.03021
114	98	1.02442
114	102	1.01716
114	106	1.05612
114	118	1.0194
114	123	1.03111
114	124	1.02827
114	126	1.01684
114	127	1.04441
114	128	1.00877
114	133	0.984032
114	144	2.41742
114	145	0.875348
114	148	0.906407
114	151	3.48313
114	153	0.919295
114	155	1.38109
114	158	1.55863
114	163	0.892929
114	164	1.45604
114	171	0.918236
115	19	1.02152
115	22	1.09621
115	29	1.09329
115	47	1.06883
115	49	1.04082
115	52	1.06142
115	60	1.03793
115	72	1.00362
115	77	1.07984
115	79	1.06941
115	82	1.04885
115	84	1.05303
115	89	1.02357
115	99	1.04658
115	101	1.04479
115	103	1.04647
115	105	1.04639
115	109	1.04761
115	110	1.04754
115	111	1.04745
115	117	1.91122
115	120	1.70234
115	134	1.68309
115	135	1.28322
115	148	0.940316
115	153	0.953204
115	162	1.196
115	163	0.926838
115	164	1.58338
115	165	2.20309
115	175	0.941571
116	15	0.978574
116	36	2.31636
116	41	2.25016
116	104	0.818236
116	112	0.934328
116	117	0.928461
116	120	0.913903
116	123	0.74705
116	129	0.890828
116	140	0.908584
116	143	0.879141
116	150	0.987748
116	152	0.873578
116	154	0.899295
116	155	0.926892
116	156	0.860425
116	157	0.871156
116	158	0.930366
116	159	0.893966
116	160	0.883712
116	161	0.893306
116	165	0.887555
116	169	0.880585
116	170	0.821548
116	172	0.889337
116	173	0.832522
116	174	0.838863
116	176	0.826895
116	177	0.85966
116	178	0.858222
116	179	0.833369
117	59	1.43713
117	64	1.44002
117	86	0.878647
117	109	1.41163
117	115	1.91122
117	116	0.928461
117	119	1.065
117	137	0.954496
117	142	0.974352
117	143	0.910537
117	147	0.921949
117	150	1.01914
117	151	0.904586
117	155	0.958289
117	156	0.891822
117	157	0.902552
117	158	0.961763
117	160	0.915108
117	162	0.939369
117	166	0.92296
117	167	0.904004
117	168	0.908761
117	169	0.911981
117	170	0.852945
117	172	0.920733
117	173	0.863919
117	174	0.870259
117	176	0.858291
117	177	0.891057
117	178	0.889619
117	179	0.864765
118	4	0.978164
118	8	0.963029
118	15	0.335941
118	21	1.05402
118	46	1.01108
118	55	1.00798
118	70	1.04664
118	73	1.04119
118	80	1.02723
118	83	1.0328
118	93	0.984626
118	96	1.02336
118	98	1.01757
118	104	0.875974
118	106	1.04926
118	113	0.599267
118	114	1.0194
118	119	0.787363
118	120	1.28738
118	121	0.885164
118	123	1.02425
118	124	1.02141
118	126	1.00998
118	127	1.03755
118	128	1.00192
118	143	2.48342
118	145	0.868491
118	148	0.89955
118	153	0.912438
118	163	0.886072
118	171	0.911379
118	179	4.19828
119	17	0.975014
119	41	0.609368
119	78	0.971078
119	102	1.04788
119	106	0.956364
119	117	1.065
119	118	0.787363
119	125	1.1415
119	128	0.855586
119	131	1.0905
119	140	1.04513
119	147	1.02709
119	151	1.00973
119	154	1.03584
119	155	1.06343
119	158	1.06691
119	159	1.03051
119	160	1.02025
119	162	1.04451
119	164	1.04886
119	167	1.00915
119	168	1.01391
119	169	1.01713
119	170	0.958089
119	171	0.990181
119	172	1.02588
119	173	0.969063
119	174	0.975404
119	176	0.963436
119	177	0.996201
119	178	0.994763
119	179	0.96991
120	5	1.60593
120	41	2.00434
120	95	1.05036
120	104	0.835074
120	107	1.0428
120	115	1.70234
120	116	0.913903
120	118	1.28738
120	129	0.907666
120	131	0.970794
120	132	0.965449
120	136	0.919804
120	137	0.939938
120	139	0.898203
120	142	0.959794
120	144	0.896554
120	151	0.890028
120	158	0.947205
120	159	0.910805
120	161	0.910145
120	162	0.924811
120	164	0.929161
120	165	0.904394
120	166	0.908402
120	168	0.894203
120	169	0.897423
120	170	0.838386
120	173	0.849361
120	174	0.855701
120	176	0.843733
120	177	0.876498
120	178	0.87506
120	179	0.850207
121	9	3.47734
121	11	0.926646
121	53	3.32266
121	72	0.835475
121	83	0.905418
121	86	0.777611
121	93	0.857248
121	99	0.878434
121	103	0.878324
121	105	0.878245
121	108	0.911978
121	109	0.879467
121	110	0.879392
121	111	0.879303
121	118	0.885164
121	123	0.896875
121	124	0.894034
121	126	0.882601
121	127	0.910176
121	128	0.874539
121	133	0.849797
121	135	0.873093
121	136	0.833327
121	137	0.85346
121	140	0.838945
121	145	0.741113
121	149	0.897824
121	166	0.821925
121	169	0.810946
121	173	0.762883
121	176	0.757256
121	177	0.790021
121	178	0.788583
121	179	0.76373
122	19	0.887657
122	25	0.870805
122	28	0.87591
122	33	1.82723
122	41	0.935076
122	43	0.834562
122	45	0.957978
122	53	0.903015
122	56	1.04489
122	58	0.837982
122	66	1.01228
122	67	0.956322
122	77	0.945979
122	79	0.935551
122	81	0.940817
122	84	0.919171
122	105	1.97765
122	127	2.32028
122	136	0.867612
122	145	0.775398
122	147	0.855198
122	149	0.932108
122	152	0.838224
122	153	0.819345
122	163	0.792979
122	164	0.876968
122	169	0.845231
122	172	0.853983
122	174	0.803509
122	176	0.79154
122	177	0.824306
122	178	0.822868
122	179	0.798015
122	180	0.822719
123	4	0.989875
123	21	1.06573
123	26	1.05361
123	34	1.05519
123	46	1.02279
123	50	0.000567414
123	55	1.01969
123	70	1.05835
123	73	1.0529
123	83	1.04451
123	93	0.996337
123	96	1.03507
123	98	1.02928
123	102	1.02201
123	104	0.887685
123	106	1.06097
123	114	1.03111
123	116	0.74705
123	118	1.02425
123	121	0.896875
123	124	1.03312
123	126	1.02169
123	127	1.04926
123	128	1.01363
123	133	0.988886
123	138	1.09343
123	145	0.880202
123	148	0.911261
123	152	1.92144
123	153	0.924148
123	156	1.68481
123	157	2.22118
123	163	0.897783
123	171	0.923089
123	173	3.50543
124	4	0.987034
124	8	0.971898
124	14	0.439633
124	21	1.06289
124	26	1.05077
124	34	1.05235
124	38	1.05216
124	46	1.01995
124	70	1.05551
124	73	1.05006
124	80	1.0361
124	93	0.993495
124	96	1.03223
124	98	1.02643
124	102	1.01917
124	104	0.884844
124	106	1.05813
124	114	1.02827
124	118	1.02141
124	121	0.894034
124	123	1.03312
124	126	1.01885
124	127	1.04642
124	128	1.01079
124	131	1.25451
124	132	1.67122
124	133	0.986044
124	145	0.87736
124	148	0.908419
124	150	0.834582
124	154	2.63842
124	163	0.894941
124	169	2.58575
124	171	0.920248
124	178	2.79388
125	32	1.09675
125	45	1.07984
125	47	1.39198
125	70	0.80436
125	81	0.982063
125	85	0.569298
125	106	1.07571
125	119	1.1415
125	129	0.998726
125	131	1.06185
125	135	1.05063
125	141	0.984532
125	142	1.05085
125	144	0.987613
125	150	1.09565
125	154	1.00719
125	155	1.03479
125	156	0.968323
125	158	1.03826
125	159	1.00186
125	160	0.99161
125	164	1.02022
125	166	0.999461
125	167	0.980505
125	168	0.985263
125	169	0.988483
125	170	0.929446
125	172	0.997235
125	173	0.94042
125	174	0.946761
125	176	0.934792
125	177	0.967558
125	178	0.96612
125	179	0.941267
125	180	0.965971
126	4	0.975601
126	8	0.960465
126	21	1.05146
126	26	1.03934
126	34	1.04092
126	46	1.00852
126	55	1.00542
126	70	1.04408
126	73	1.03862
126	80	1.02467
126	83	1.03023
126	93	0.982062
126	96	1.02079
126	98	1.015
126	102	1.00774
126	104	0.873411
126	106	1.0467
126	107	0.176546
126	114	1.01684
126	118	1.00998
126	121	0.882601
126	123	1.02169
126	124	1.01885
126	127	1.03499
126	128	0.999353
126	129	1.80087
126	133	0.974611
126	145	0.865927
126	148	0.896986
126	153	0.909874
126	158	0.895036
126	163	0.883508
126	165	1.41216
126	168	1.87073
126	171	0.908815
126	174	4.26435
126	177	2.25568
127	4	1.00318
127	8	0.988041
127	21	1.07903
127	26	1.06691
127	38	1.0683
127	46	1.03609
127	55	1.03299
127	70	1.07165
127	73	1.0662
127	76	0.572878
127	80	1.05224
127	83	1.05781
127	87	0.095985
127	93	1.00964
127	96	1.04837
127	98	1.04258
127	102	1.03531
127	104	0.900986
127	106	1.07427
127	107	0.213745
127	114	1.04441
127	118	1.03755
127	121	0.910176
127	122	2.32028
127	123	1.04926
127	124	1.04642
127	126	1.03499
127	128	1.02693
127	132	1.44145
127	133	1.00219
127	145	0.893503
127	148	0.924562
127	153	0.93745
127	159	2.29034
127	163	0.911084
127	164	1.67803
127	171	0.936391
127	172	2.03428
128	4	0.967539
128	8	0.952404
128	21	1.04339
128	26	1.03127
128	34	1.03286
128	38	1.03266
128	46	1.00046
128	55	0.997357
128	70	1.03602
128	73	1.03056
128	80	1.01661
128	83	1.02217
128	93	0.974001
128	96	1.01273
128	98	1.00694
128	102	0.999675
128	104	0.865349
128	106	1.03864
128	114	1.00877
128	118	1.00192
128	119	0.855586
128	121	0.874539
128	123	1.01363
128	124	1.01079
128	126	0.999353
128	127	1.02693
128	133	0.96655
128	140	1.25927
128	145	0.857866
128	148	0.888925
128	153	0.901813
128	154	1.09577
128	159	0.977457
128	163	0.875447
128	166	1.33748
128	168	1.44342
128	170	7.37176
128	171	0.900754
129	11	0.990049
129	52	1.85687
129	76	0.98391
129	93	1.47719
129	102	2.66507
129	107	1.01972
129	108	0.97538
129	112	0.928091
129	116	0.890828
129	120	0.907666
129	125	0.998726
129	126	1.80087
129	131	0.947719
129	135	0.936495
129	136	0.896729
129	139	0.875128
129	142	0.936719
129	144	0.873478
129	145	0.804516
129	146	0.879033
129	152	0.867341
129	153	0.848462
129	157	0.864919
129	159	0.88773
129	160	0.877475
129	161	0.88707
129	162	0.901736
129	164	0.906086
129	165	0.881319
129	169	0.874348
129	170	0.815311
129	172	0.8831
129	173	0.826285
129	174	0.832626
129	175	0.836829
129	176	0.820658
129	177	0.853423
129	178	0.851985
129	179	0.827132
130	19	2.49272
130	45	3.19874
130	61	1.70853
130	74	0.85052
130	95	1.01995
130	131	0.94038
130	135	0.929157
130	136	0.88939
130	138	0.929496
130	139	0.867789
130	141	0.863058
130	143	0.865565
130	145	0.797177
130	146	0.871694
130	150	0.974173
130	151	0.859614
130	152	0.860002
130	153	0.841124
130	155	0.913317
130	156	0.84685
130	157	0.85758
130	162	0.894397
130	164	0.898747
130	165	0.87398
130	166	0.877988
130	167	0.859032
130	168	0.863789
130	169	0.867009
130	170	0.807972
130	172	0.875761
130	173	0.818947
130	174	0.825287
130	175	0.82949
130	176	0.813319
130	177	0.846084
130	178	0.844646
130	179	0.819793
131	4	1.21601
131	54	1.29965
131	58	2.20453
131	86	0.904141
131	89	0.821927
131	97	0.979464
131	102	1.00336
131	104	0.875126
131	119	1.0905
131	120	0.970794
131	124	1.25451
131	125	1.06185
131	129	0.947719
131	130	0.94038
131	132	1.0055
131	135	0.999623
131	138	0.999962
131	139	0.938255
131	142	0.999846
131	146	0.94216
131	151	0.93008
131	152	0.930469
131	156	0.917316
131	159	0.950857
131	160	0.940602
131	161	0.950197
131	162	0.964863
131	165	0.944446
131	167	0.929498
131	168	0.934255
131	170	0.878439
131	171	0.910531
131	172	0.946227
131	173	0.889413
131	176	0.883785
131	177	0.916551
131	178	0.915113
131	179	0.89026
131	180	0.914964
132	6	1.3359
132	39	1.08694
132	69	1.43956
132	71	0.824421
132	81	1.08744
132	95	1.08507
132	97	0.974119
132	120	0.965449
132	124	1.67122
132	127	1.44145
132	131	1.0055
132	135	0.994278
132	140	0.96013
132	143	0.930686
132	144	0.931261
132	150	1.03929
