1	75	1.00138
1	125	1.06373
1	129	1.09751
1	133	1.06659
1	152	1.04908
1	155	1.06224
1	160	1.05148
1	164	0.907513
1	172	0.773801
1	173	1.00237
1	179	1.1041
1	180	1.34196
2	17	0.892029
2	37	0.991446
2	50	0.868659
2	94	0.929629
2	107	0.927532
2	108	0.936782
2	110	0.930083
2	118	1.23622
2	136	1.4308
2	149	0.968492
2	162	0.955214
2	168	1.32316
3	4	1.08832
3	12	1.09656
3	18	0.970534
3	30	1.01938
3	45	0.921864
3	59	1.10073
3	64	1.06658
3	115	1.02274
3	121	1.09876
3	128	0.913412
3	143	1.05027
3	166	1.14375
4	3	1.08832
4	5	1.10023
4	12	1.0736
4	51	1.00916
4	59	1.07777
4	64	1.04362
4	115	0.999782
4	143	1.02731
4	166	0.920749
4	169	0.841632
4	171	1.05415
4	180	1.30805
5	4	1.10023
5	18	0.982447
5	21	1.23767
5	23	1.06897
5	30	1.03129
5	51	1.04403
5	64	1.07849
5	115	1.03465
5	139	0.898095
5	143	1.06218
5	151	0.946197
5	174	1.0698
6	11	1.09616
6	59	1.08284
6	64	1.04869
6	109	1.02578
6	111	1.02772
6	135	1.0237
6	143	1.03238
6	144	1.03553
6	148	1.04822
6	162	0.943736
6	169	1.02372
6	173	1.1258
7	32	1.02711
7	47	0.983011
7	49	1.0738
7	80	1.03364
7	87	1.0915
7	88	1.07078
7	114	1.03104
7	131	1.08633
7	139	0.861248
7	149	0.876872
7	167	0.985245
7	178	1.40305
8	50	1.02964
8	91	0.767962
8	107	1.08851
8	110	1.09106
8	114	0.800585
8	150	0.792864
8	152	0.704735
8	162	1.11619
8	172	1.12272
8	178	0.984532
8	179	1.00371
8	180	0.973915
9	21	1.01295
9	33	1.03321
9	39	0.987983
9	41	1.10028
9	91	1.0634
9	114	1.02909
9	124	1.07098
9	128	0.927037
9	131	1.08438
9	139	0.965081
9	169	1.07825
9	174	1.13679
10	57	0.840705
10	94	0.811766
10	102	0.730427
10	135	0.689691
10	163	1.12753
10	170	1.09672
10	171	1.04851
10	175	1.05766
10	176	1.01724
10	177	1.04213
10	178	1.01391
10	180	1.0033
11	6	1.09616
11	18	0.973304
11	23	1.05983
11	30	1.02215
11	59	1.1035
11	64	1.06935
11	115	1.02551
11	126	1.14792
11	134	0.747674
11	143	1.05304
11	156	0.866183
11	178	1.33655
12	3	1.09656
12	4	1.0736
12	23	1.04234
12	30	1.00466
12	59	1.08601
12	64	1.05185
12	103	1.01776
12	115	1.00802
12	143	1.03554
12	158	1.02701
12	162	0.944183
12	173	1.12625
13	37	1.09997
13	53	0.840436
13	68	1.05029
13	76	1.02694
13	94	1.03815
13	107	1.03606
13	108	1.04531
13	110	1.03861
13	149	1.07702
13	156	0.931886
13	159	0.913874
13	178	1.40226
14	32	1.02336
14	73	1.04084
14	112	1.05065
14	114	1.02729
14	122	1.04683
14	124	1.06918
14	131	1.08259
14	136	0.9808
14	157	0.827705
14	164	1.043
14	174	0.976324
14	178	1.34642
15	29	1.02123
15	49	1.07358
15	65	0.996247
15	73	1.04436
15	91	1.06512
15	122	1.05035
15	124	1.0727
15	131	1.08611
15	142	0.797025
15	147	1.00383
15	169	0.94614
15	178	1.37477
16	35	0.920581
16	55	0.92258
16	68	0.937804
16	76	0.914448
16	82	0.993808
16	86	1.21608
16	94	0.925667
16	108	0.932819
16	110	0.92612
16	162	0.951251
16	163	1.25152
16	177	1.52106
17	2	0.892029
17	36	1.09218
17	50	0.883022
17	68	0.95613
17	76	0.932774
17	94	0.943992
17	107	0.941894
17	108	0.951144
17	110	0.944446
17	139	1.33469
17	162	0.969577
17	173	1.54994
18	3	0.970534
18	5	0.982447
18	11	0.973304
18	23	0.916315
18	30	0.878634
18	59	0.959988
18	64	0.925833
18	89	1.32103
18	115	0.881997
18	143	0.909523
18	151	1.35014
18	157	1.32513
19	22	0.960297
19	69	1.07461
19	118	1.07618
19	128	1.02116
19	129	1.03621
19	133	1.00529
19	140	0.981834
19	146	0.987866
19	150	0.998001
19	152	0.987785
19	153	1.12874
19	155	1.00095
19	170	1.21317
20	101	0.917583
20	110	0.844695
20	116	0.698029
20	120	0.954222
20	145	1.07843
20	168	1.07961
20	170	1.05128
20	171	1.00307
20	175	1.01222
20	176	0.971804
20	178	0.968473
20	179	0.987653
20	180	0.957856
21	5	1.23767
21	9	1.01295
21	27	0.97239
21	28	0.863789
21	68	1.21149
21	122	0.958797
21	124	0.981152
21	127	1.17337
21	174	0.921268
21	177	0.874499
21	178	0.84628
21	179	0.865461
21	180	0.835663
22	19	0.960297
22	49	0.862207
22	56	0.897664
22	144	0.803495
22	153	1.07386
22	158	1.05723
22	167	1.0534
22	168	1.07263
22	176	0.964823
22	177	0.98971
22	178	0.961491
22	179	0.980672
22	180	0.950874
23	5	1.06897
23	11	1.05983
23	12	1.04234
23	18	0.916315
23	30	0.96516
23	51	0.977901
23	59	1.04651
23	64	1.01236
23	100	0.965683
23	143	0.996049
23	147	1.11593
23	158	1.06108
23	171	1.27075
24	33	0.992691
24	65	0.954006
24	80	0.991169
24	87	1.04903
24	88	1.02831
24	97	0.995889
24	112	1.01192
24	114	0.988571
24	124	1.03046
24	131	1.04386
24	163	1.07431
24	167	1.12344
24	173	1.21469
25	70	0.898124
25	107	0.914215
25	124	0.748562
25	128	1.0886
25	143	0.810833
25	159	1.0602
25	165	0.984381
25	168	1.05772
25	172	1.08477
25	177	0.974801
25	178	0.946582
25	179	0.965763
25	180	0.935965
26	28	0.921075
26	32	0.992617
26	33	1.00067
26	41	1.06774
26	45	1.01538
26	89	1.06396
26	91	1.03086
26	103	1.15174
26	112	1.0199
26	114	0.99655
26	124	1.03844
26	164	1.01225
26	167	1.16897
27	21	0.97239
27	41	1.05972
27	65	0.953967
27	73	1.00208
27	80	0.99113
27	87	1.049
27	112	1.01189
27	131	1.04382
27	164	1.00424
27	169	0.999728
27	172	0.897985
27	175	1.14668
27	176	1.37414
28	21	0.863789
28	26	0.921075
28	80	0.882528
28	87	0.940394
28	88	0.919674
28	91	0.914243
28	112	0.903284
28	114	0.879931
28	124	0.921819
28	126	1.46705
28	131	0.935223
28	171	1.43957
28	175	1.374
29	15	1.02123
29	73	0.95937
29	80	0.948421
29	86	1.14711
29	87	1.00629
29	88	0.985567
29	91	0.980135
29	112	0.969176
29	114	0.945824
29	131	1.00112
29	164	0.961527
29	169	1.22085
29	170	1.22628
29	172	1.11911
30	3	1.01938
30	5	1.03129
30	11	1.02215
30	12	1.00466
30	18	0.878634
30	23	0.96516
30	59	1.00883
30	61	0.978569
30	64	0.974678
30	106	1.29997
30	115	0.930841
30	119	1.20183
30	128	1.151
30	143	0.958367
31	105	0.683699
31	107	0.830718
31	131	0.632809
31	144	0.673939
31	146	0.716351
31	159	1.15075
31	166	1.12416
31	168	1.14827
31	174	1.11212
31	175	1.08088
31	176	1.04046
31	177	1.06535
31	179	1.05631
31	180	1.02651
32	7	1.02711
32	14	1.02336
32	26	0.992617
32	47	0.903442
32	65	0.916907
32	88	0.991217
32	99	0.946638
32	112	0.974826
32	124	0.993361
32	131	1.00677
32	136	1.25013
32	162	1.10713
32	164	0.967176
32	171	1.39964
33	9	1.03321
33	24	0.992691
33	26	1.00067
33	47	0.911495
33	65	0.92496
33	112	0.982879
33	114	0.959526
33	124	1.00141
33	131	1.01482
33	153	1.08322
33	158	1.16506
33	162	1.08223
33	164	0.975229
33	179	1.39077
34	83	0.926821
34	98	1.32796
34	143	1.27486
34	148	1.19864
34	151	0.960226
34	166	0.928723
34	171	0.876296
34	172	0.979882
34	175	0.885442
34	176	0.845028
34	177	0.869915
34	178	0.841696
34	179	0.860877
34	180	0.831079
35	16	0.920581
35	44	1.00216
35	55	0.973421
35	76	0.965289
35	82	1.04465
35	94	0.976508
35	107	0.97441
35	108	0.98366
35	110	0.976962
35	128	0.934531
35	158	1.08859
35	162	1.00209
35	166	1.16486
35	178	1.51438
36	17	1.09218
36	41	0.688054
36	69	0.629067
36	120	0.850139
36	158	1.10389
36	160	0.749477
36	166	1.09518
36	167	1.10006
36	171	1.04275
36	174	1.08314
36	176	1.01148
36	177	1.03637
36	178	1.00815
36	179	1.02733
36	180	0.997533
37	2	0.991446
37	13	1.09997
37	53	0.867136
37	55	1.04032
37	76	1.03219
37	94	1.04341
37	107	1.04131
37	108	1.05056
37	110	1.04386
37	149	1.08227
37	162	1.06899
37	164	1.03229
37	168	0.955695
37	172	0.898582
37	176	1.37473
38	84	1.02584
38	94	1.06083
38	95	0.971747
38	112	0.966477
38	114	0.974593
38	138	0.976777
38	146	0.989226
38	150	0.999361
38	152	0.989145
38	155	1.00231
38	170	0.963312
38	171	0.915103
38	178	0.880504
38	179	0.899684
38	180	0.869887
39	9	0.987983
39	41	0.985493
39	49	0.957065
39	75	1.34847
39	88	0.954045
39	91	0.948614
39	112	0.937655
39	114	0.914302
39	118	1.188
39	122	0.933834
39	124	0.95619
39	131	0.969594
39	153	1.24057
39	164	0.930005
39	172	1.21783
40	58	0.965989
40	60	0.910504
40	96	1.0625
40	140	1.00803
40	141	1.03677
40	145	1.02058
40	163	1.02424
40	169	1.01216
40	170	0.993432
40	171	0.945223
40	176	0.913955
40	177	0.938842
40	178	0.910623
40	179	0.929804
40	180	0.900006
41	9	1.10028
41	26	1.06774
41	27	1.05972
41	36	0.688054
41	39	0.985493
41	45	0.900972
41	65	0.992032
41	88	1.06634
41	114	1.0266
41	124	1.06849
41	131	1.08189
41	161	0.942244
41	164	1.0423
41	175	1.19068
41	177	1.27498
42	45	0.981513
42	56	1.01213
42	71	1.16628
42	113	1.01651
42	120	1.03511
42	133	1.03384
42	140	1.01038
42	146	1.01641
42	150	1.02654
42	151	1.05921
42	152	1.01633
42	155	1.02949
42	159	1.06453
42	160	1.01873
42	170	1.12971
42	173	0.969622
43	63	1.02661
43	93	1.05726
43	102	1.01837
43	105	1.02083
43	121	0.92582
43	135	0.997461
43	136	0.954697
43	137	1.02874
43	138	1.00688
43	141	0.995616
43	144	1.00929
43	148	1.02198
43	154	1.11483
43	160	1.00727
43	179	1.12024
43	180	1.3581
44	35	1.00216
44	55	1.00416
44	68	1.01938
44	76	0.996026
44	82	1.07538
44	94	1.00724
44	107	1.00515
44	108	1.0144
44	110	1.0077
44	128	0.950809
44	142	0.952911
44	147	1.15972
44	149	1.04611
44	162	1.03283
44	170	1.10745
44	175	1.24897
45	3	0.921864
45	26	1.01538
45	41	0.900972
45	42	0.981513
45	100	1.07421
45	129	0.851495
45	154	1.01416
45	157	1.08412
45	159	1.0718
45	172	1.09637
45	174	1.03317
45	176	0.961518
45	177	0.986405
45	178	0.958187
45	179	0.977367
45	180	0.94757
46	130	0.807645
46	133	0.818729
46	141	0.920214
46	142	1.1029
46	144	0.805895
46	148	0.783077
46	157	1.07575
46	161	1.0895
46	163	1.06344
46	166	1.03685
46	174	1.02481
46	175	0.993567
46	176	0.953153
46	178	0.949821
46	179	0.969002
46	180	0.939204
47	7	0.983011
47	32	0.903442
47	33	0.911495
47	49	0.950139
47	65	0.87281
47	81	1.01796
47	87	0.967839
47	88	0.94712
47	91	0.941688
47	112	0.930729
47	114	0.907376
47	124	0.949264
47	164	0.923079
47	166	1.26085
47	179	1.41029
47	180	1.64815
48	77	0.914872
48	96	0.919386
48	127	0.946348
48	130	0.925867
48	132	0.938286
48	137	0.951475
48	138	0.929614
48	141	0.91835
48	142	1.14132
48	143	0.928869
48	144	0.932025
48	148	0.94471
48	157	1.20035
48	160	0.93
48	165	1.46702
48	179	1.51899
49	7	1.0738
49	15	1.07358
49	22	0.862207
49	39	0.957065
49	47	0.950139
49	65	0.963604
49	73	1.01172
49	88	1.03791
49	91	1.03248
49	112	1.02152
49	131	1.05346
49	139	0.99648
49	164	1.01387
49	170	1.11508
49	172	1.00791
49	179	1.33821
50	2	0.868659
50	8	1.02964
50	17	0.883022
50	68	0.932761
50	76	0.909404
50	82	0.988764
50	94	0.920623
50	103	1.25688
50	107	0.918525
50	108	0.927775
50	110	0.921077
50	149	0.959485
50	161	1.16179
50	162	0.946207
50	175	1.41023
50	179	1.49184
51	4	1.00916
51	5	1.04403
51	23	0.977901
51	59	1.02157
51	64	0.987419
51	85	1.00151
51	95	1.09058
51	140	0.96389
51	143	0.971109
51	146	0.969922
51	149	0.985659
51	150	0.980057
51	152	0.969841
51	153	1.00421
51	155	0.983005
51	164	1.11518
51	180	1.54962
52	72	0.989503
52	90	0.96767
52	99	0.923679
52	105	1.00112
52	109	0.979827
52	130	0.983419
52	132	0.995838
52	135	0.977746
52	137	1.00903
52	138	0.987166
52	141	0.975902
52	144	0.989577
52	147	1.22186
52	148	1.00226
52	149	1.06662
52	160	0.987552
52	176	1.53857
53	13	0.840436
53	37	0.867136
53	96	1.05779
53	114	0.983594
53	125	0.997911
53	156	1.0365
53	158	1.02886
53	159	1.04673
53	163	1.04673
53	165	0.970912
53	167	1.02502
53	169	1.03465
53	176	0.936444
53	177	0.961331
53	178	0.933112
53	179	0.952293
53	180	0.922496
54	66	1.00999
54	84	1.01527
54	92	0.989215
54	99	0.908898
54	100	1.05683
54	113	0.978762
54	123	0.980799
54	129	1.027
54	133	0.996084
54	134	0.989134
54	140	0.972625
54	146	0.978656
54	150	0.988791
54	152	0.978576
54	155	0.99174
54	177	1.38063
54	179	1.37794
55	16	0.92258
55	35	0.973421
55	37	1.04032
55	44	1.00416
55	68	0.990644
55	76	0.967288
55	82	1.04665
55	99	0.916804
55	107	0.976408
55	108	0.985658
55	110	0.97896
55	139	1.04412
55	149	1.01737
55	153	1.07829
55	162	1.00409
55	169	1.15729
55	176	1.5317
56	22	0.897664
56	42	1.01213
56	57	0.961458
56	89	1.05092
56	97	1.02838
56	120	1.00131
56	125	0.997172
56	129	1.03095
56	140	0.976574
56	146	0.982605
56	147	0.970791
56	150	0.99274
56	152	0.982525
56	153	1.06611
56	155	0.995689
56	160	0.984923
56	178	1.57374
57	10	0.840705
57	56	0.961458
57	66	0.997065
57	98	0.946913
57	113	0.965841
57	125	0.980302
57	129	1.01408
57	133	0.983163
57	140	0.959704
57	145	1.23665
57	146	0.965735
57	150	0.97587
57	152	0.965654
57	154	1.4551
57	155	0.978819
57	162	1.15197
57	170	1.23739
57	173	0.918949
58	40	0.965989
58	78	0.817064
58	96	1.03335
58	109	1.03624
58	117	1.06784
58	119	0.99409
58	127	1.06031
58	132	1.05225
58	135	1.03416
58	137	1.06544
58	138	1.04358
58	141	1.03232
58	143	1.04284
58	144	1.04599
58	148	1.05868
58	168	1.04985
58	172	0.992735
58	173	1.19656
59	3	1.10073
59	4	1.07777
59	6	1.08284
59	11	1.1035
59	12	1.08601
59	18	0.959988
59	23	1.04651
59	30	1.00883
59	51	1.02157
59	64	1.05603
59	71	0.954961
59	115	1.0122
59	143	1.03972
59	149	0.81541
59	158	0.9158
59	166	0.992076
59	177	1.1442
59	178	1.34159
60	40	0.910504
60	88	1.64535
60	121	0.905641
60	122	1.69607
60	155	1.64688
60	161	0.909
60	166	0.856347
60	168	0.880456
60	169	0.870855
60	170	0.852128
60	171	0.803919
60	172	0.907506
60	175	0.813066
60	176	0.772651
60	177	0.797538
60	178	0.76932
60	179	0.7885
60	180	0.758703
61	30	0.978569
61	74	0.816205
61	116	0.625982
61	118	1.1033
61	120	0.882175
61	129	0.670614
61	140	0.812872
61	142	1.14188
61	153	1.10117
61	154	1.04478
61	156	1.09219
61	165	1.0266
61	170	1.07161
61	171	1.0234
61	177	1.01702
61	178	0.988802
61	179	1.00798
61	180	0.978185
62	63	1.0329
62	67	1.03528
62	70	1.00946
62	79	0.879286
62	99	0.785523
62	109	1.00584
62	117	1.03743
62	130	1.00943
62	132	1.02185
62	137	1.03504
62	138	1.01318
62	139	1.04234
62	141	1.00191
62	144	1.01559
62	148	1.02827
62	154	1.24915
62	163	0.987708
62	167	1.03683
62	180	1.49242
63	43	1.02661
63	62	1.0329
63	79	0.925887
63	94	1.0059
63	107	1.0038
63	108	1.01305
63	110	1.00635
63	118	0.941043
63	132	1.01915
63	135	1.00105
63	139	1.03964
63	144	1.01288
63	148	1.02557
63	149	1.04476
63	157	0.982525
63	162	1.03148
63	167	1.08343
63	171	1.28512
63	175	1.21956
64	3	1.06658
64	4	1.04362
64	5	1.07849
64	6	1.04869
64	11	1.06935
64	12	1.05185
64	18	0.925833
64	23	1.01236
64	30	0.974678
64	51	0.987419
64	59	1.05603
64	115	0.97804
64	126	1.20776
64	134	0.807516
64	143	1.00557
64	145	0.972455
64	164	0.999732
64	166	1.04688
64	180	1.43418
65	15	0.996247
65	24	0.954006
65	27	0.953967
65	32	0.916907
65	33	0.92496
65	41	0.992032
65	47	0.87281
65	49	0.963604
65	73	0.934387
65	80	0.923438
65	81	1.12884
65	87	0.981304
65	88	0.960584
65	131	0.976133
65	147	1.3503
65	151	1.22754
65	164	0.936544
65	167	1.30344
65	174	1.35115
66	54	1.00999
66	57	0.997065
66	84	1.05483
66	92	1.02877
66	104	0.846253
66	123	1.02036
66	125	1.03278
66	128	1.05151
66	133	1.03564
66	142	0.883816
66	146	1.01821
66	150	1.02835
66	152	1.01813
66	154	1.25607
66	155	1.0313
66	163	0.994631
66	167	1.04376
66	173	0.971426
66	178	1.46156
67	62	1.03528
67	70	1.00913
67	77	0.99811
67	93	1.06323
67	102	1.02434
67	117	1.03711
67	130	1.00911
67	132	1.02152
67	137	1.03471
67	138	1.01285
67	141	1.00159
67	144	1.01526
67	148	1.02795
67	151	0.834824
67	154	1.12303
67	163	0.861594
67	166	0.979011
67	178	1.32852
67	180	1.36631
68	13	1.05029
68	16	0.937804
68	17	0.95613
68	21	1.21149
68	44	1.01938
68	50	0.932761
68	55	0.990644
68	82	1.06187
68	94	0.993731
68	97	1.00713
68	107	0.991633
68	108	1.00088
68	110	0.994184
68	149	1.03259
68	162	1.01932
68	165	1.16167
68	169	0.985085
68	170	0.990513
68	173	1.08716
68	179	1.21364
69	19	1.07461
69	36	0.629067
69	85	1.10522
69	86	0.911005
69	92	1.08419
69	113	1.07374
69	120	1.09233
69	125	1.0882
69	136	1.0549
69	140	1.0676
69	142	0.835634
69	150	1.08377
69	152	1.07355
69	155	1.08671
69	160	1.07595
69	165	1.16133
69	167	0.995574
69	173	1.02684
69	174	1.04328
69	179	1.2133
70	25	0.898124
70	62	1.00946
70	67	1.00913
70	74	0.987456
70	93	1.0374
70	104	1.00495
70	127	1.00376
70	130	0.983278
70	135	0.977605
70	137	1.00889
70	138	0.987025
70	139	1.01619
70	141	0.975761
70	144	0.989436
70	148	1.00212
70	158	1.19447
70	160	0.987411
70	166	1.27075
70	169	1.19163
70	172	1.08988
71	42	1.16628
71	59	0.954961
71	103	0.981141
71	141	1.20726
71	150	1.15107
71	154	0.930915
71	157	1.00087
71	159	0.988554
71	160	1.14716
71	166	0.961965
71	168	0.986074
71	170	0.957747
71	171	0.909537
71	174	0.949925
71	175	0.918684
71	176	0.878269
71	177	0.903156
71	178	0.874938
71	179	0.894118
71	180	0.864321
72	52	0.989503
72	96	0.982854
72	97	1.06879
72	104	0.998833
72	105	1.00703
72	121	1.21964
72	127	1.00982
72	130	0.989336
72	132	1.00175
72	135	0.983663
72	137	1.01494
72	138	0.993083
72	139	1.02225
72	141	0.981818
72	142	1.0364
72	144	0.995494
72	148	1.00818
72	157	1.09543
72	160	0.993469
72	165	1.3621
73	14	1.04084
73	15	1.04436
73	27	1.00208
73	29	0.95937
73	49	1.01172
73	65	0.934387
73	80	0.97155
73	87	1.02942
73	91	1.00326
73	112	0.992305
73	114	0.968953
73	124	1.01084
73	131	1.02424
73	139	0.939158
73	151	0.98726
73	164	0.984656
73	165	1.22892
73	169	1.05233
73	173	1.15441
73	176	1.42674
74	61	0.816205
74	70	0.987456
74	77	0.976435
74	78	0.862437
74	93	1.04156
74	102	1.00267
74	117	1.01544
74	130	0.98743
74	132	0.999849
74	137	1.01304
74	138	0.991177
74	141	0.979912
74	143	0.990432
74	144	0.993588
74	148	1.00627
74	160	0.991562
74	164	1.17182
74	165	1.31644
74	169	1.13985
74	171	1.35237
75	1	1.00138
75	39	1.34847
75	101	0.922506
75	117	1.10003
75	126	0.882105
75	129	0.987451
75	133	0.956533
75	138	1.14787
75	142	0.98346
75	143	1.13324
75	146	0.939106
75	148	1.05702
75	152	0.939025
75	155	0.952189
75	156	0.933775
75	159	0.944
75	170	0.913192
75	177	0.858602
75	178	0.830383
75	179	0.849564
75	180	0.819766
76	13	1.02694
76	16	0.914448
76	17	0.932774
76	35	0.965289
76	37	1.03219
76	44	0.996026
76	50	0.909404
76	55	0.967288
76	82	1.03852
76	94	0.970375
76	97	0.983777
76	107	0.968277
76	108	0.977527
76	149	1.00924
76	154	1.32762
76	156	1.06274
76	158	1.10732
76	161	1.00299
76	162	0.995959
76	175	1.25143
76	179	1.33304
77	48	0.914872
77	67	0.99811
77	74	0.976435
77	102	0.987495
77	109	0.968664
77	117	1.00026
77	118	0.959899
77	127	0.992738
77	130	0.972257
77	132	0.984676
77	135	0.966584
77	136	1.15448
77	137	0.997864
77	138	0.976004
77	141	0.964739
77	144	0.978415
77	148	0.9911
77	159	1.03171
77	174	1.15
77	176	1.46587
77	179	1.32002
78	58	0.817064
78	74	0.862437
78	84	0.843618
78	88	0.683567
78	93	0.755882
78	125	0.853687
78	143	0.826924
78	153	1.09757
78	161	1.12488
78	163	1.09882
78	165	1.023
78	167	1.07711
78	169	1.08674
78	170	1.06801
78	173	1.04714
78	174	1.06019
78	175	1.02895
78	177	1.01342
78	178	0.985201
78	179	1.00438
78	180	0.974584
79	62	0.879286
79	63	0.925887
79	80	1.06906
79	140	0.989796
79	141	1.01854
79	142	1.06974
79	145	1.02662
79	150	0.962341
79	156	1.02006
79	165	0.954463
79	167	1.00857
79	168	1.0278
79	169	1.0182
79	170	0.999473
79	174	0.991651
79	175	0.96041
79	176	0.919995
79	177	0.944882
79	178	0.916664
79	179	0.935844
79	180	0.906047
80	7	1.03364
80	24	0.991169
80	27	0.99113
80	28	0.882528
80	29	0.948421
80	65	0.923438
80	73	0.97155
80	79	1.06906
80	83	1.301
80	87	1.01847
80	88	0.997747
80	91	0.992315
80	104	1.0291
80	112	0.981357
80	114	0.958004
80	119	1.11539
80	124	0.999892
80	131	1.0133
80	164	0.973707
80	166	1.2949
80	172	1.11404
81	47	1.01796
81	65	1.12884
81	101	1.00541
81	118	1.03565
81	129	0.830483
81	137	0.842152
81	154	0.977132
81	156	1.02455
81	157	1.04709
81	160	0.941382
81	165	0.958954
81	168	1.03229
81	171	0.955754
81	172	1.05934
81	174	0.996142
81	175	0.964901
81	176	0.924486
81	177	0.949373
81	178	0.921155
81	179	0.940335
81	180	0.910538
82	16	0.993808
82	35	1.04465
82	44	1.07538
82	50	0.988764
82	55	1.04665
82	68	1.06187
82	76	1.03852
82	94	1.04973
82	97	1.06314
82	107	1.04764
82	108	1.05689
82	110	1.05019
82	128	0.855448
82	147	1.06436
82	149	1.0886
82	154	1.22981
82	161	0.905172
82	162	1.07532
82	163	0.968364
82	170	1.01209
82	175	1.15361
83	34	0.926821
83	80	1.301
83	86	0.968246
83	124	1.12728
83	129	1.07948
83	132	1.12169
83	144	1.13616
83	151	0.973094
83	153	0.966934
83	154	0.910541
83	166	0.941591
83	169	0.9561
83	170	0.937372
83	171	0.889163
83	172	0.99275
83	174	0.929551
83	176	0.857895
83	177	0.882782
83	178	0.854564
83	179	0.873744
83	180	0.843947
84	38	1.02584
84	54	1.01527
84	66	1.05483
84	78	0.843618
84	120	1.0422
84	122	1.02729
84	123	1.02564
84	133	1.04093
84	136	1.00477
84	140	1.01747
84	146	1.0235
84	149	1.02348
84	150	1.03363
84	152	1.02342
84	155	1.03658
84	156	1.07929
84	159	1.06128
84	160	1.02582
84	164	1.153
84	167	1.13186
84	168	1.0764
84	173	0.976714
85	51	1.00151
85	69	1.10522
85	100	0.975268
85	101	1.00187
85	118	0.936254
85	120	1.03718
85	123	1.02062
85	125	1.03304
85	129	1.06682
85	133	1.0359
85	140	1.01244
85	146	1.01847
85	150	1.02861
85	152	1.01839
85	155	1.03156
85	160	1.02079
85	162	0.987833
85	168	1.02319
85	170	1.07325
85	171	1.28034
85	173	0.971687
85	175	1.21477
86	16	1.21608
86	29	1.14711
86	69	0.911005
86	83	0.968246
86	89	0.984816
86	114	1.04304
86	122	0.937954
86	131	0.936066
86	151	1.00165
86	156	0.986513
86	158	0.978864
86	159	0.996737
86	161	1.0228
86	166	0.970148
86	167	0.975032
86	169	0.984657
86	172	1.02131
86	173	0.945057
86	176	0.886453
86	178	0.883121
86	179	0.902302
86	180	0.872504
87	7	1.0915
87	24	1.04903
87	27	1.049
87	28	0.940394
87	29	1.00629
87	47	0.967839
87	65	0.981304
87	73	1.02942
87	80	1.01847
87	90	0.859961
87	97	0.939731
87	112	1.03922
87	114	1.01587
87	122	1.0354
87	124	1.05776
87	131	1.07116
87	136	1.11947
87	162	0.976467
87	164	1.03157
87	167	1.06728
87	174	1.11499
87	176	1.43086
88	7	1.07078
88	24	1.02831
88	28	0.919674
88	29	0.985567
88	32	0.991217
88	39	0.954045
88	41	1.06634
88	47	0.94712
88	49	1.03791
88	60	1.64535
88	65	0.960584
88	78	0.683567
88	80	0.997747
88	91	1.02946
88	114	0.99515
88	121	0.995114
88	124	1.03704
88	131	1.05044
88	147	1.01867
88	154	1.18412
88	163	0.922681
88	164	1.01085
88	175	1.10793
89	18	1.32103
89	26	1.06396
89	56	1.05092
89	86	0.984816
89	92	1.04648
89	105	0.995736
89	108	1.01041
89	126	0.922855
89	130	0.97804
89	132	0.990459
89	135	0.972367
89	138	0.981787
89	141	0.970522
89	144	0.984198
89	146	0.999167
89	148	0.996883
89	171	0.905733
89	172	1.00932
89	176	0.874465
89	177	0.899352
89	178	0.871133
89	179	0.890314
89	180	0.860516
90	52	0.96767
90	87	0.859961
90	91	0.887667
90	112	0.912174
90	127	0.750478
90	141	0.968766
90	143	0.907844
90	149	1.08153
90	158	1.03234
90	161	1.07627
90	163	1.05021
90	164	1.04528
90	165	0.974392
90	166	1.02362
90	167	1.0285
90	170	1.0194
90	171	0.971192
90	174	1.01158
90	175	0.980339
90	177	0.964811
90	178	0.936593
90	179	0.955773
90	180	0.925976
91	8	0.767962
91	9	1.0634
91	15	1.06512
91	26	1.03086
91	28	0.914243
91	29	0.980135
91	39	0.948614
91	47	0.941688
91	49	1.03248
91	73	1.00326
91	80	0.992315
91	88	1.02946
91	90	0.887667
91	112	1.01307
91	114	0.989718
91	121	1.11829
91	122	1.00925
91	124	1.03161
91	131	1.04501
91	172	0.982417
91	173	1.18624
91	174	1.1427
91	176	1.45857
92	54	0.989215
92	66	1.02877
92	69	1.08419
92	89	1.04648
92	98	0.978618
92	104	0.953992
92	113	0.997547
92	120	1.01614
92	122	1.00124
92	123	0.999584
92	129	1.04579
92	140	0.991409
92	146	0.997441
92	150	1.00758
92	151	1.0756
92	152	0.99736
92	155	1.01052
92	159	1.08092
92	160	0.999758
92	162	1.06068
92	168	1.09604
92	173	0.950655
92	179	1.36922
93	43	1.05726
93	67	1.06323
93	70	1.0374
93	74	1.04156
93	78	0.755882
93	102	1.05262
93	117	1.06538
93	127	1.05786
93	130	1.03738
93	132	1.0498
93	135	1.03171
93	137	1.06299
93	138	1.04113
93	141	1.02986
93	144	1.04354
93	148	1.05622
93	153	0.954296
93	157	0.943212
93	160	1.04151
93	164	1.06526
93	167	1.04412
93	168	0.988666
93	174	1.09183
93	177	1.26454
94	2	0.929629
94	10	0.811766
94	13	1.03815
94	16	0.925667
94	17	0.943992
94	35	0.976508
94	37	1.04341
94	38	1.06083
94	44	1.00724
94	50	0.920623
94	63	1.0059
94	68	0.993731
94	76	0.970375
94	82	1.04973
94	100	1.11047
94	107	0.979495
94	108	0.988745
94	110	0.982047
94	149	1.02046
94	156	1.16128
94	157	1.11294
94	158	1.20586
94	162	1.00718
94	165	1.37961
95	38	0.971747
95	51	1.09058
95	96	1.19835
95	126	0.912404
95	129	1.00163
95	130	1.06006
95	135	1.08832
95	140	1.14389
95	142	1.01376
95	145	0.970643
95	159	0.974298
95	161	1.00036
95	163	0.974297
95	165	0.898481
95	166	0.947709
95	167	0.952592
95	168	0.971818
95	169	0.962218
95	171	0.895281
95	176	0.864013
95	177	0.8889
95	178	0.860682
95	179	0.879862
95	180	0.850065
96	40	1.0625
96	48	0.919386
96	53	1.05779
96	58	1.03335
96	72	0.982854
96	95	1.19835
96	99	0.9505
96	102	0.992008
96	109	0.973177
96	117	1.00478
96	119	1.0906
96	127	0.997251
96	130	0.97677
96	132	0.989189
96	135	0.971097
96	137	1.00238
96	138	0.980517
96	139	1.00968
96	141	0.969253
96	143	0.979772
96	144	0.982928
96	148	0.995613
96	156	1.14924
96	163	1.15268
97	24	0.995889
97	56	1.02838
97	68	1.00713
97	72	1.06879
97	76	0.983777
97	82	1.06314
97	87	0.939731
97	107	0.992898
97	108	1.00215
97	110	0.995449
97	115	1.02803
97	122	0.894974
97	149	1.03386
97	155	0.845788
97	157	1.01485
97	158	0.984661
97	159	1.00253
97	161	1.0286
97	162	1.02058
97	172	1.0271
97	175	0.932664
97	176	0.89225
97	177	0.917137
97	180	0.878301
98	34	1.32796
98	57	0.946913
98	92	0.978618
98	101	0.951461
98	113	0.968166
98	116	1.06444
98	120	0.986762
98	123	0.970203
98	125	0.982626
98	133	0.985488
98	136	0.949332
98	139	1.04427
98	140	0.962028
98	146	0.96806
98	147	0.956246
98	149	1.05989
98	150	0.978195
98	152	0.967979
98	155	0.981143
98	157	1.06735
98	160	0.970377
98	162	1.07745
98	165	1.33402
98	173	0.921274
98	179	1.38599
99	32	0.946638
99	52	0.923679
99	54	0.908898
99	55	0.916804
99	62	0.785523
99	96	0.9505
99	103	1.06196
99	120	0.965337
99	150	0.868579
99	157	1.08169
99	159	1.06938
99	161	1.09544
99	163	1.06937
99	165	0.993559
99	167	1.04767
99	169	1.0573
99	170	1.03857
99	171	0.990359
99	172	1.09395
99	174	1.03075
99	175	0.999506
99	177	0.983978
99	178	0.95576
99	179	0.97494
99	180	0.945143
100	23	0.965683
100	45	1.07421
100	54	1.05683
100	85	0.975268
100	94	1.11047
100	134	1.04371
100	138	1.02642
100	144	0.958389
100	153	0.997831
100	154	0.941438
100	156	0.988853
100	160	1.01261
100	163	0.999076
100	164	0.994148
100	166	0.972488
100	167	0.977371
100	168	0.996597
100	169	0.986997
100	172	1.02365
100	173	0.947397
100	174	0.960449
100	177	0.91368
100	178	0.885461
100	179	0.904641
100	180	0.874844
101	20	0.917583
101	75	0.922506
101	81	1.00541
101	85	1.00187
101	98	0.951461
101	113	0.970389
101	115	0.943944
101	120	0.988985
101	125	0.98485
101	128	1.00358
101	129	1.01863
101	133	0.987711
101	136	0.951556
101	140	0.964252
101	146	0.970284
101	147	0.95847
101	150	0.980418
101	152	0.970203
101	155	0.983367
101	156	1.12744
101	158	1.17202
101	164	1.20115
101	167	1.18001
101	173	0.923497
101	176	1.54359
102	10	0.730427
102	43	1.01837
102	67	1.02434
102	74	1.00267
102	77	0.987495
102	93	1.05262
102	96	0.992008
102	104	0.935005
102	105	1.01619
102	109	0.994897
102	117	1.0265
102	130	0.99849
102	132	1.01091
102	135	0.992817
102	138	1.00224
102	139	1.0314
102	141	0.990972
102	142	0.972568
102	144	1.00465
102	145	1.12637
102	147	1.17937
102	148	1.01733
102	160	1.00262
102	173	1.22376
102	174	1.18022
102	177	1.35293
103	12	1.01776
103	26	1.15174
103	50	1.25688
103	71	0.981141
103	99	1.06196
103	104	1.05286
103	116	0.94322
103	126	0.927364
103	127	0.940563
103	137	0.99952
103	153	0.988012
103	155	0.956104
103	156	0.979034
103	158	0.971385
103	163	0.989257
103	166	0.962669
103	168	0.986778
103	169	0.977178
103	170	0.958451
103	172	1.01383
103	175	0.919388
103	176	0.878974
103	177	0.903861
103	178	0.875642
103	179	0.894823
103	180	0.865025
104	66	0.846253
104	70	1.00495
104	72	0.998833
104	80	1.0291
104	92	0.953992
104	102	0.935005
104	103	1.05286
104	131	0.823132
104	140	0.949841
104	151	1.06519
104	154	1.00263
104	156	1.05005
104	158	1.0424
104	165	0.984457
104	167	1.03857
104	168	1.05779
104	169	1.04819
104	171	0.981257
104	172	1.08484
104	174	1.02164
104	175	0.990403
104	176	0.949989
104	177	0.974876
104	178	0.946657
104	179	0.965838
104	180	0.93604
105	31	0.683699
105	43	1.02083
105	52	1.00112
105	72	1.00703
105	89	0.995736
105	102	1.01619
105	106	1.05846
105	109	0.997355
105	117	1.02895
105	127	1.02143
105	130	1.00095
105	132	1.01337
105	135	0.995274
105	137	1.02656
105	138	1.00469
105	141	0.99343
105	143	1.00395
105	144	1.00711
105	145	1.06539
105	148	1.01979
105	158	1.06354
105	160	1.00508
105	169	1.0607
105	171	1.27322
105	175	1.20765
105	177	1.29194
106	30	1.29997
106	105	1.05846
106	111	0.976707
106	116	0.947386
106	118	0.989125
106	128	1.01665
106	144	1.0487
106	146	1.09111
106	152	1.01869
106	153	0.987003
106	154	0.930609
106	155	0.96027
106	158	0.970375
106	159	0.988249
106	161	1.01431
106	165	0.912432
106	166	0.96166
106	168	0.985769
106	170	0.957441
106	171	0.909232
106	174	0.94962
106	175	0.918379
106	176	0.877964
106	177	0.902851
106	178	0.874633
106	179	0.893813
106	180	0.864016
107	2	0.927532
107	8	1.08851
107	13	1.03606
107	17	0.941894
107	25	0.914215
107	31	0.830718
107	35	0.97441
107	37	1.04131
107	44	1.00515
107	50	0.918525
107	55	0.976408
107	63	1.0038
107	68	0.991633
107	76	0.968277
107	82	1.04764
107	94	0.979495
107	97	0.992898
107	108	0.986647
107	110	0.979949
107	121	1.24185
107	142	1.0586
107	149	1.01836
107	153	1.12872
107	162	1.00508
107	168	1.16309
107	170	1.21315
107	173	1.3098
108	2	0.936782
108	13	1.04531
108	16	0.932819
108	17	0.951144
108	35	0.98366
108	37	1.05056
108	44	1.0144
108	50	0.927775
108	55	0.985658
108	63	1.01305
108	68	1.00088
108	76	0.977527
108	82	1.05689
108	89	1.01041
108	94	0.988745
108	97	1.00215
108	107	0.986647
108	110	0.989199
108	147	1.16229
108	149	1.02761
108	151	1.03953
108	157	1.01451
108	162	1.01433
108	166	1.18371
108	169	1.1046
108	174	1.16313
108	177	1.33584
109	6	1.02578
109	52	0.979827
109	58	1.03624
109	62	1.00584
109	77	0.968664
109	96	0.973177
109	102	0.994897
109	105	0.997355
109	126	1.27605
109	127	1.00014
109	130	0.979659
109	135	0.973986
109	136	1.09907
109	137	1.00527
109	138	0.983406
109	139	1.01257
109	141	0.972142
109	143	0.982661
109	144	0.985817
109	145	1.04075
109	148	0.998502
109	149	0.938509
109	156	0.994317
109	160	0.983792
109	170	1.04149
109	177	1.2673
109	178	1.46469
110	2	0.930083
110	8	1.09106
110	13	1.03861
110	16	0.92612
110	17	0.944446
110	20	0.844695
110	35	0.976962
110	37	1.04386
110	44	1.0077
110	50	0.921077
110	55	0.97896
110	63	1.00635
110	68	0.994184
110	82	1.05019
110	94	0.982047
110	97	0.995449
110	107	0.979949
110	108	0.989199
110	119	0.995906
110	128	0.945078
110	149	1.02091
110	159	1.03654
110	162	1.00763
110	171	1.30881
110	173	1.19837
110	174	1.15483
110	176	1.4707
111	6	1.02772
111	106	0.976707
111	122	1.01569
111	130	1.05669
111	136	0.961507
111	137	1.00992
111	150	1.11306
111	151	0.990043
111	154	0.927489
111	155	0.966507
111	157	0.997443
111	159	0.985129
111	160	1.10915
111	161	1.01119
111	166	0.95854
111	167	0.963423
111	168	0.982649
111	170	0.954321
111	171	0.906112
111	172	1.0097
111	174	0.9465
111	175	0.915258
111	176	0.874844
111	177	0.899731
111	178	0.871512
111	179	0.890693
111	180	0.860895
112	14	1.05065
112	24	1.01192
112	26	1.0199
112	27	1.01189
112	28	0.903284
112	29	0.969176
112	32	0.974826
112	33	0.982879
112	38	0.966477
112	39	0.937655
112	47	0.930729
112	49	1.02152
112	73	0.992305
112	80	0.981357
112	87	1.03922
112	90	0.912174
112	91	1.01307
112	122	0.998292
112	124	1.02065
112	131	1.03405
112	159	1.04892
112	161	1.00718
112	164	0.994462
112	172	1.00692
112	175	1.25562
112	177	1.33991
112	179	1.33722
113	42	1.01651
113	54	0.978762
113	57	0.965841
113	69	1.07374
113	92	0.997547
113	98	0.968166
113	101	0.970389
113	120	1.00569
113	123	0.989131
113	125	1.00155
113	129	1.03533
113	133	1.00442
113	140	0.980957
113	146	0.986988
113	150	0.997123
113	151	1.05801
113	152	0.986907
113	153	1.04407
113	155	1.00007
113	160	0.989306
113	162	1.04309
113	163	1.08478
113	164	1.15504
113	165	1.29966
113	169	1.12308
113	171	1.33559
113	173	0.940202
114	7	1.03104
114	8	0.800585
114	9	1.02909
114	14	1.02729
114	24	0.988571
114	26	0.99655
114	28	0.879931
114	29	0.945824
114	33	0.959526
114	38	0.974593
114	39	0.914302
114	41	1.0266
114	47	0.907376
114	53	0.983594
114	73	0.968953
114	80	0.958004
114	86	1.04304
114	87	1.01587
114	88	0.99515
114	91	0.989718
114	122	0.974939
114	124	0.997295
114	131	1.0107
114	162	1.0368
114	164	0.97111
114	171	1.3293
114	174	1.17532
114	180	1.5832
115	3	1.02274
115	4	0.999782
115	5	1.03465
115	11	1.02551
115	12	1.00802
115	18	0.881997
115	30	0.930841
115	59	1.0122
115	64	0.97804
115	97	1.02803
115	101	0.943944
115	116	1.05692
115	120	0.979245
115	123	0.962686
115	129	1.00889
115	134	0.984509
115	140	0.954512
115	143	0.96173
115	150	0.970678
115	152	0.960463
115	155	0.973627
115	159	1.08501
115	161	1.04327
115	163	1.10646
115	168	1.10013
115	173	0.913757
115	177	1.376
115	178	1.57339
116	20	0.698029
116	61	0.625982
116	98	1.06444
116	103	0.94322
116	106	0.947386
116	115	1.05692
116	117	1.10945
116	121	0.983762
116	123	1.0854
116	125	1.09782
116	127	1.10192
116	135	1.07577
116	137	1.10705
116	138	1.08519
116	140	1.07723
116	141	1.07392
116	144	1.0876
116	145	0.954319
116	146	1.08326
116	148	1.10029
116	150	1.09339
116	152	1.08318
116	155	1.09634
116	157	0.859544
116	160	1.08558
116	164	0.981596
116	174	1.00816
116	177	1.18087
117	58	1.06784
117	62	1.03743
117	67	1.03711
117	74	1.01544
117	75	1.10003
117	77	1.00026
117	93	1.06538
117	96	1.00478
117	102	1.0265
117	105	1.02895
117	116	1.10945
117	127	1.03174
117	130	1.01126
117	132	1.02368
117	135	1.00558
117	137	1.03687
117	138	1.015
117	141	1.00374
117	142	0.922009
117	144	1.01742
117	145	1.07581
117	148	1.0301
117	151	1.00605
117	153	0.992123
117	156	1.02938
117	163	1.03282
117	167	1.08195
117	173	1.1732
118	2	1.23622
118	19	1.07618
118	39	1.188
118	61	1.1033
118	63	0.941043
118	77	0.959899
118	81	1.03565
118	85	0.936254
118	106	0.989125
118	119	0.994336
118	142	1.03701
118	146	0.961787
118	153	0.996301
118	155	0.830946
118	157	1.00986
118	159	0.997548
118	161	1.02361
118	167	0.975842
118	168	0.995068
118	169	0.985467
118	170	0.96674
118	172	1.02212
118	174	0.958919
118	175	0.927677
118	177	0.91215
118	178	0.883931
118	179	0.903112
118	180	0.873314
119	30	1.20183
119	58	0.99409
119	80	1.11539
119	96	1.0906
119	110	0.995906
119	118	0.994336
119	121	1.01616
119	132	0.936085
119	133	0.963386
119	139	1.01966
119	150	1.00867
119	151	0.998374
119	156	0.983235
119	157	1.00577
119	159	0.99346
119	161	1.01952
119	165	0.917643
119	166	0.966871
119	167	0.971754
119	168	0.99098
119	169	0.981379
119	170	0.962652
119	172	1.01803
119	174	0.954831
119	175	0.923589
119	177	0.908062
119	178	0.879843
119	179	0.899024
119	180	0.869226
120	20	0.954222
120	36	0.850139
120	42	1.03511
120	56	1.00131
120	61	0.882175
120	69	1.09233
120	84	1.0422
120	85	1.03718
120	92	1.01614
120	98	0.986762
120	99	0.965337
120	101	0.988985
120	113	1.00569
120	115	0.979245
120	122	1.00938
120	123	1.00773
120	129	1.05393
120	133	1.02301
120	134	1.04557
120	140	0.999553
120	146	1.00558
120	150	1.01572
120	152	1.0055
120	155	1.01867
120	156	1.16408
120	159	1.14607
120	161	1.10433
120	170	1.21125
120	173	0.958798
121	3	1.09876
121	43	0.92582
121	60	0.905641
121	72	1.21964
121	88	0.995114
121	91	1.11829
121	107	1.24185
121	116	0.983762
121	119	1.01616
121	126	0.957482
121	127	0.981105
121	154	0.961736
121	156	1.00915
121	157	1.03169
121	165	0.943559
121	167	0.99767
121	168	1.0169
121	169	1.0073
121	170	0.988568
121	171	0.940359
121	172	1.04395
121	173	0.967696
121	174	0.980747
121	175	0.949506
121	176	0.909091
121	177	0.933978
121	178	0.90576
121	179	0.92494
121	180	0.895143
122	14	1.04683
122	15	1.05035
122	21	0.958797
122	39	0.933834
122	60	1.69607
122	84	1.02729
122	86	0.937954
122	87	1.0354
122	91	1.00925
122	92	1.00124
122	97	0.894974
122	111	1.01569
122	112	0.998292
122	114	0.974939
122	120	1.00938
122	124	1.01683
122	125	1.00524
122	133	1.0081
122	140	0.984645
122	146	0.990677
122	150	1.00081
122	152	0.990596
122	155	1.00376
122	157	0.921614
122	161	0.910206
122	164	0.990642
122	165	1.18828
122	167	1.02252
122	173	0.943891
122	174	1.07023
123	54	0.980799
123	66	1.02036
123	84	1.02564
123	85	1.02062
123	92	0.999584
123	98	0.970203
123	113	0.989131
123	115	0.962686
123	116	1.0854
123	120	1.00773
123	125	1.00359
123	129	1.03737
123	133	1.00645
123	139	0.93116
123	140	0.982994
123	146	0.989026
123	147	0.977212
123	149	0.946784
123	150	0.99916
123	152	0.988945
123	155	1.00211
123	160	0.991343
123	162	0.964345
123	164	1.0763
123	165	1.22092
123	167	1.05516
123	173	0.942239
123	174	1.10287
123	176	1.41874
123	178	1.47296
124	9	1.07098
124	14	1.06918
124	15	1.0727
124	21	0.981152
124	24	1.03046
124	25	0.748562
124	26	1.03844
124	28	0.921819
124	32	0.993361
124	33	1.00141
124	39	0.95619
124	41	1.06849
124	47	0.949264
124	73	1.01084
124	80	0.999892
124	83	1.12728
124	87	1.05776
124	88	1.03704
124	91	1.03161
124	112	1.02065
124	114	0.997295
124	122	1.01683
124	131	1.05259
124	136	1.10508
124	158	1.04491
124	159	0.982316
124	164	1.013
124	166	1.12118
124	167	1.05289
124	168	0.997437
124	175	1.18901
124	177	1.27331
125	1	1.06373
125	53	0.997911
125	56	0.997172
125	57	0.980302
125	66	1.03278
125	69	1.0882
125	78	0.853687
125	85	1.03304
125	98	0.982626
125	101	0.98485
125	113	1.00155
125	116	1.09782
125	122	1.00524
125	123	1.00359
125	128	1.03475
125	129	1.0498
125	133	1.01888
125	134	0.970852
125	136	0.982721
125	140	0.995417
125	146	1.00145
125	147	0.989635
125	149	1.03355
125	150	1.01158
125	152	1.00137
125	155	1.01453
125	157	1.04102
125	158	1.13394
125	159	1.07135
125	169	1.1311
125	172	1.02936
125	177	1.36234
126	11	1.14792
126	28	1.46705
126	64	1.20776
126	75	0.882105
126	89	0.922855
126	95	0.912404
126	103	0.927364
126	109	1.27605
126	121	0.957482
126	127	1.18697
126	132	1.27647
126	143	1.34434
126	151	0.939691
126	154	0.877137
126	157	0.947091
126	159	0.934777
126	161	0.96084
126	163	0.934775
126	166	0.908188
126	167	0.913071
126	168	0.932297
126	169	0.922696
126	170	0.903969
126	171	0.85576
126	172	0.959346
126	173	0.883096
126	174	0.896148
126	176	0.824492
126	177	0.849379
126	178	0.82116
126	180	0.810544
127	21	1.17337
127	48	0.946348
127	58	1.06031
127	70	1.00376
127	72	1.00982
127	77	0.992738
127	90	0.750478
127	93	1.05786
127	96	0.997251
127	103	0.940563
127	105	1.02143
127	109	1.00014
127	116	1.10192
127	117	1.03174
127	121	0.981105
127	126	1.18697
127	130	1.00373
127	132	1.01615
127	135	0.998059
127	137	1.02934
127	138	1.00748
127	139	1.03664
127	141	0.996215
127	143	1.00673
127	144	1.00989
127	147	1.00466
127	148	1.02258
127	160	1.00787
127	162	0.866984
127	172	0.845228
127	176	1.32138
127	177	1.17821
128	3	0.913412
128	9	0.927037
128	19	1.02116
128	25	1.0886
128	30	1.151
128	35	0.934531
128	44	0.950809
128	66	1.05151
128	82	0.855448
128	101	1.00358
128	106	1.01665
128	110	0.945078
128	125	1.03475
128	136	1.00145
128	141	1.01404
128	143	0.953121
128	146	1.02018
128	147	1.00837
128	148	0.876906
128	150	1.03032
128	152	1.0201
128	155	1.03326
128	161	1.05114
128	163	1.02507
128	169	1.013
128	170	0.994268
128	172	1.04965
128	173	0.973395
128	175	0.955205
128	177	0.939678
128	178	0.911459
128	179	0.93064
128	180	0.900842
129	1	1.09751
129	19	1.03621
129	45	0.851495
129	54	1.027
129	56	1.03095
129	57	1.01408
129	61	0.670614
129	75	0.987451
129	81	0.830483
129	83	1.07948
129	85	1.06682
129	92	1.04579
129	95	1.00163
129	101	1.01863
129	113	1.03533
129	115	1.00889
129	120	1.05393
129	123	1.03737
129	125	1.0498
129	136	1.0165
129	140	1.0292
129	145	0.998951
129	146	1.03523
129	147	1.02341
129	150	1.04536
129	152	1.03515
129	155	1.04831
129	160	1.03755
129	163	0.95596
129	166	1.07338
129	170	0.999688
129	173	0.988442
129	174	1.0528
129	180	1.46067
130	46	0.807645
130	48	0.925867
130	52	0.983419
130	62	1.00943
130	67	1.00911
130	70	0.983278
130	72	0.989336
130	74	0.98743
130	77	0.972257
130	89	0.97804
130	93	1.03738
130	95	1.06006
130	96	0.97677
130	102	0.99849
130	105	1.00095
130	109	0.979659
130	111	1.05669
130	117	1.01126
130	127	1.00373
130	132	0.995671
130	135	0.977579
130	137	1.00886
130	138	0.986999
130	141	0.975734
130	143	0.986254
130	144	0.98941
130	147	1.11038
130	148	1.00209
130	166	1.13181
130	168	1.00806
130	171	1.26521
130	172	0.950948
130	175	1.19964
130	180	1.51911
131	7	1.08633
131	9	1.08438
131	14	1.08259
131	15	1.08611
131	24	1.04386
131	27	1.04382
131	28	0.935223
131	29	1.00112
131	31	0.632809
131	32	1.00677
131	33	1.01482
131	39	0.969594
131	41	1.08189
131	49	1.05346
131	65	0.976133
131	73	1.02424
131	80	1.0133
131	86	0.936066
131	87	1.07116
131	88	1.05044
131	91	1.04501
131	104	0.823132
131	112	1.03405
131	114	1.0107
131	124	1.05259
131	145	1.0145
131	163	0.97151
131	164	1.0264
131	166	1.08893
131	168	0.96518
131	169	1.00981
131	173	1.11189
131	177	1.24105
131	178	1.43844
132	48	0.938286
132	52	0.995838
132	58	1.05225
132	62	1.02185
