1	26	0.906643
1	125	1.01308
1	127	0.921613
1	147	0.929548
1	158	0.895034
1	172	1.06367
1	174	1.00751
1	175	1.0358
1	176	1.01384
1	178	1.00996
1	179	1.04617
1	180	1.02552
2	43	0.875217
2	97	1.13198
2	98	1.1316
2	112	1.01199
2	114	1.19644
2	143	0.839318
2	164	0.908022
2	170	0.875658
2	171	0.843618
2	176	1.13999
2	178	1.15649
3	27	0.773414
3	74	1.00376
3	76	1.1103
3	79	0.97377
3	102	1.04382
3	105	1.00942
3	120	1.01182
3	122	1.04933
3	130	1.04504
3	163	1.02861
3	166	1.01018
3	175	1.0672
4	48	0.870534
4	80	0.848129
4	83	0.949915
4	153	0.924802
4	154	0.895968
4	155	1.26101
4	159	1.20194
4	160	1.17868
4	162	0.859691
4	173	1.02165
4	175	1.26235
4	177	0.83016
5	20	1.18479
5	43	1.10304
5	110	1.21869
5	117	1.18345
5	124	0.882859
5	167	0.923941
5	168	0.928478
5	174	0.880323
5	176	0.886656
5	178	0.882769
5	179	0.918988
5	180	0.898336
6	30	0.876652
6	104	1.01215
6	127	1.03516
6	136	1.00301
6	138	1.01645
6	139	1.06294
6	141	1.01636
6	145	1.02353
6	149	1.04852
6	159	0.939644
6	161	0.968993
6	177	1.13174
7	53	0.974585
7	58	0.93651
7	78	1.05967
7	81	1.06351
7	94	1.07548
7	106	1.08381
7	148	0.958357
7	163	0.955086
7	165	1.00958
7	168	0.972836
7	178	1.04127
7	180	1.00315
8	30	1.15894
8	84	0.926107
8	129	0.875605
8	135	0.882559
8	144	0.929945
8	147	0.909635
8	150	0.901405
8	151	0.88765
8	160	1.19867
8	165	0.890102
8	175	1.28234
8	179	1.26119
9	43	0.960932
9	97	1.21769
9	98	1.21732
9	131	0.986494
9	143	0.925032
9	163	1.00619
9	164	0.993736
9	168	1.02394
9	170	0.961372
9	171	0.929333
9	173	0.870872
9	175	1.04478
10	84	0.926342
10	86	1.23358
10	126	0.908724
10	132	0.908372
10	135	0.882794
10	147	0.90987
10	150	0.90164
10	151	0.887885
10	163	1.20182
10	171	0.877854
10	179	1.21927
10	180	1.24988
11	56	0.957858
11	59	1.0582
11	67	1.0582
11	70	1.05827
11	82	0.985344
11	88	1.03995
11	119	0.956055
11	154	1.04146
11	164	0.88509
11	167	0.970149
11	176	1.01088
11	177	1.11147
12	66	0.967387
12	68	0.967225
12	69	0.954337
12	75	1.08554
12	89	1.31292
12	119	0.879077
12	163	1.01275
12	165	0.907944
12	166	1.02061
12	170	1.01538
12	173	1.13276
12	179	0.881661
13	54	0.857995
13	61	0.924503
13	87	1.05774
13	90	0.900069
13	91	0.991109
13	100	0.954682
13	124	1.17921
13	163	0.916053
13	166	1.08096
13	167	1.12835
13	179	1.11684
14	83	1.02715
14	142	1.1172
14	143	1.08605
14	147	1.06261
14	169	0.967938
14	174	0.923453
14	175	0.951744
14	176	0.929787
14	178	0.925899
14	179	0.962119
14	180	0.941467
15	19	0.862976
15	34	0.9586
15	36	0.898107
15	37	0.893788
15	42	0.888583
15	99	1.37908
15	143	0.864
15	153	0.92087
15	157	1.17914
15	158	0.923766
15	165	1.20517
15	166	1.14301
16	58	0.941186
16	64	1.00805
16	71	1.0079
16	78	1.06435
16	94	1.08016
16	104	1.01219
16	106	1.08849
16	121	1.02342
16	146	0.995498
16	160	0.916416
16	165	1.01426
16	171	0.984079
17	19	0.999067
17	36	1.0342
17	37	1.02988
17	42	1.02467
17	101	1.00285
17	143	1.00009
17	146	0.989103
17	153	1.05696
17	158	1.05986
17	160	0.910021
17	176	1.02479
17	180	1.00316
18	38	0.997343
18	64	0.933243
18	71	0.933098
18	78	0.989543
18	81	0.993384
18	94	1.00535
18	106	1.01369
18	109	1.04617
18	124	1.06605
18	159	0.964415
18	165	0.939451
18	174	1.09611
18	177	1.15651
19	15	0.862976
19	17	0.999067
19	34	1.0365
19	36	0.97601
19	37	0.971691
19	42	0.966486
19	153	0.998773
19	158	1.00167
19	161	1.09038
19	169	1.08799
19	171	1.10543
19	173	0.947528
19	179	1.10029
20	5	1.18479
20	56	0.893607
20	57	1.05132
20	59	0.993955
20	67	0.993949
20	70	0.994021
20	82	0.921094
20	88	0.975704
20	154	0.977207
20	171	0.990379
20	172	0.976212
20	177	1.13808
20	180	1.01585
21	24	0.93218
21	45	1.0884
21	66	1.06702
21	68	1.06685
21	134	0.93743
21	159	0.824509
21	163	1.11238
21	165	0.890056
21	166	1.12024
21	170	1.11501
21	173	1.23239
21	176	0.916012
21	179	0.863773
22	66	1.08412
22	76	0.895435
22	128	1.0579
22	145	1.02271
22	148	1.00564
22	153	1.01031
22	160	1.00635
22	174	0.949656
22	175	0.977947
22	176	0.955989
22	178	0.952102
22	179	0.988321
22	180	0.967669
23	56	0.905392
23	82	0.932879
23	88	0.98749
23	90	0.978683
23	100	1.0333
23	134	1.10095
23	163	0.994668
23	170	0.997296
23	171	0.965256
23	173	0.874531
23	176	1.07954
23	177	1.18013
23	178	1.09603
24	21	0.93218
24	45	1.07454
24	57	0.97594
24	83	1.02127
24	110	1.08755
24	113	1.0216
24	120	0.961672
24	122	0.999189
24	128	0.963717
24	151	0.967681
24	178	0.94702
24	179	0.983239
24	180	0.962587
25	112	0.867563
25	119	0.94074
25	126	1.05807
25	128	1.03327
25	135	1.03214
25	144	1.07952
25	147	1.05922
25	148	0.929143
25	150	1.05099
25	166	1.06447
25	171	1.0272
25	174	1.03575
25	178	1.01206
25	180	0.973932
26	1	0.906643
26	90	1.04071
26	100	1.09532
26	136	1.01738
26	145	1.0379
26	149	1.06289
26	161	0.9555
26	163	1.05669
26	166	0.929534
26	168	0.965712
26	170	1.05932
26	171	1.02728
26	172	0.956382
26	176	1.01765
27	3	0.773414
27	34	0.726227
27	37	0.783347
27	53	0.842779
27	71	0.80772
27	126	0.763353
27	127	1.21452
27	128	0.752795
27	145	1.20289
27	149	1.22788
27	171	1.19227
27	176	1.18553
27	178	1.18164
27	180	1.19721
28	48	0.950832
28	55	0.935979
28	80	0.928427
28	83	1.03021
28	115	1.08001
28	137	1.03225
28	140	0.985715
28	153	1.0051
28	162	0.93999
28	166	1.05313
28	173	1.10195
28	174	1.18144
28	177	0.910458
29	39	0.884893
29	47	0.959613
29	54	0.852146
29	61	0.918654
29	87	1.05189
29	90	0.89422
29	91	0.98526
29	100	0.948834
29	112	1.10852
29	130	1.18326
29	140	1.08099
29	160	1.12176
29	163	0.910205
29	176	1.23652
30	6	0.876652
30	8	1.15894
30	71	0.978109
30	81	0.901076
30	98	0.651218
30	120	0.93335
30	155	1.05043
30	169	1.07512
30	174	1.03064
30	175	1.05893
30	176	1.03697
30	178	1.03308
30	179	1.0693
30	180	1.04865
31	33	0.957308
31	45	0.896258
31	52	1.03524
31	66	0.874873
31	68	0.874711
31	75	0.993024
31	157	1.1666
31	163	0.920237
31	166	0.928097
31	167	1.17785
31	169	1.15404
31	170	0.922865
31	173	1.04024
31	180	1.19695
32	41	1.06674
32	73	1.08238
32	79	1.0043
32	102	1.07435
32	103	0.99638
32	105	1.03994
32	113	1.10227
32	120	1.04234
32	122	1.07986
32	165	0.981592
32	171	0.960445
32	172	0.946277
32	173	0.802543
32	180	0.985917
33	31	0.957308
33	66	1.00206
33	68	1.00189
33	75	1.12021
33	148	0.946579
33	157	0.961017
33	161	0.950846
33	163	1.04742
33	166	1.05528
33	170	1.05005
33	171	0.965897
33	172	0.951729
33	173	1.16743
33	175	0.981905
34	15	0.9586
34	19	1.0365
34	27	0.726227
34	37	1.06731
34	42	1.06211
34	69	1.04694
34	104	1.03211
34	143	1.03753
34	153	1.0944
34	157	0.999128
34	158	1.09729
34	165	1.02516
34	170	0.952342
34	179	0.998872
35	48	0.975681
35	55	0.960828
35	80	0.953276
35	83	1.05506
35	93	0.981862
35	152	1.04586
35	153	1.02995
35	154	1.00111
35	156	1.01617
35	161	0.993372
35	162	0.964838
35	173	1.1268
35	174	1.09572
35	175	1.02443
35	177	0.935307
36	15	0.898107
36	17	1.0342
36	19	0.97601
36	37	1.00682
36	38	1.05171
36	69	0.986447
36	86	0.999752
36	124	1.04782
36	143	0.977034
36	152	1.02802
36	153	1.0339
36	158	1.0368
36	162	1.07763
36	167	0.996956
36	175	1.00659
37	15	0.893788
37	17	1.02988
37	19	0.971691
37	27	0.783347
37	34	1.06731
37	36	1.00682
37	42	0.997298
37	44	1.01634
37	143	0.972715
37	153	1.02959
37	158	1.03248
37	162	1.14818
37	169	1.04369
37	179	1.05599
37	180	1.0866
38	18	0.997343
38	36	1.05171
38	42	1.04218
38	101	0.910623
38	106	1.10862
38	120	1.02592
38	122	1.06344
38	133	1.16809
38	158	1.07737
38	161	0.870411
38	162	0.97251
38	165	1.03438
38	175	0.90147
38	176	0.932565
39	29	0.884893
39	47	1.03445
39	54	0.926981
39	61	0.993489
39	87	1.12673
39	90	0.969055
39	91	1.06009
39	100	1.02367
39	156	1.00601
39	157	0.993384
39	163	0.985039
39	166	0.957248
39	177	1.14596
39	178	1.06186
39	179	0.993128
40	56	0.968607
40	57	1.12632
40	59	1.06895
40	67	1.06895
40	70	1.06902
40	82	0.996094
40	88	1.0507
40	92	0.891939
40	109	0.938153
40	115	0.886666
40	133	1.18343
40	154	1.05221
40	178	0.964396
40	179	0.895661
41	32	1.06674
41	73	1.10314
41	79	0.945924
41	103	0.938009
41	105	0.98157
41	113	1.0439
41	120	0.983971
41	122	1.02149
41	142	0.991074
41	153	1.03252
41	168	0.976359
41	172	0.96703
41	174	1.06849
41	175	0.997206
41	178	1.0448
42	15	0.888583
42	17	1.02467
42	19	0.966486
42	34	1.06211
42	37	0.997298
42	38	1.04218
42	119	1.02827
42	143	0.96751
42	153	1.02438
42	158	1.02728
42	161	1.02094
42	164	0.957304
42	165	1.05714
42	171	1.03599
42	180	1.06146
43	2	0.875217
43	5	1.10304
43	9	0.960932
43	97	1.27149
43	98	1.27111
43	143	0.978826
43	161	0.893574
43	164	1.04753
43	166	0.867609
43	167	0.914999
43	170	1.01517
43	171	0.983127
43	174	0.99592
43	176	0.955728
44	37	1.01634
44	61	0.998967
44	123	0.95418
44	136	0.976439
44	140	1.05118
44	142	1.00325
44	149	0.916155
44	156	1.01345
44	167	1.01543
44	174	0.971815
44	175	1.00011
44	176	0.978148
44	178	0.974261
44	179	1.01048
44	180	0.989828
45	21	1.0884
45	24	1.07454
45	31	0.896258
45	66	0.941007
45	68	0.940845
45	75	1.05916
45	156	1.01902
45	159	0.966871
45	163	0.986371
45	166	0.994232
45	167	1.01764
45	169	0.99383
45	170	0.988999
45	173	1.10638
45	176	1.05837
46	60	1.03536
46	132	1.01114
46	135	0.985565
46	144	1.03295
46	146	1.00233
46	147	1.01264
46	150	1.00441
46	151	0.990655
46	162	1.07796
46	165	0.993107
46	167	0.99729
46	175	1.00692
46	177	0.938553
46	178	1.05452
46	180	1.01639
47	29	0.959613
47	39	1.03445
47	52	0.823738
47	54	1.0017
47	61	1.06821
47	87	1.20145
47	90	1.04377
47	91	1.13481
47	100	1.09839
47	130	0.953818
47	156	0.967725
47	157	0.955097
47	163	1.05976
47	164	0.881293
47	168	0.955139
47	174	1.04727
48	4	0.870534
48	28	0.950832
48	35	0.975681
48	55	0.933279
48	80	0.925727
48	83	1.02751
48	130	1.08844
48	137	1.0327
48	154	0.973565
48	162	0.937289
48	164	1.01591
48	173	1.09925
48	176	1.1417
48	177	0.907758
48	178	1.1582
48	180	1.12007
49	51	0.828636
49	62	0.865
49	111	0.959759
49	128	0.903453
49	129	0.94823
49	131	1.08356
49	144	0.851299
49	147	0.866332
49	152	1.05283
49	156	1.08255
49	168	1.08907
49	174	1.04091
49	175	1.0692
49	176	1.04725
49	179	1.07958
49	180	1.05893
50	63	1.05483
50	93	0.875786
50	96	1.04593
50	99	1.0974
50	101	0.927507
50	126	1.09327
50	128	1.06847
50	134	0.970867
50	135	1.06734
50	147	1.09442
50	150	1.08619
50	151	1.07243
50	159	0.857946
50	172	0.888178
50	177	1.02033
50	178	0.965946
51	49	0.828636
51	80	1.01892
51	121	0.995101
51	129	1.04101
51	150	1.06681
51	151	1.05306
51	159	0.911358
51	160	0.888095
51	164	1.10743
51	169	0.938317
51	170	1.07506
51	171	1.04302
51	173	1.19244
51	174	1.04305
51	177	1.00095
51	179	0.950623
52	31	1.03524
52	47	0.823738
52	61	0.907519
52	96	0.935457
52	100	0.818943
52	132	0.866347
52	143	0.880655
52	148	1.09057
52	167	1.07821
52	169	1.07907
52	172	1.09075
52	174	1.03459
52	175	1.06288
52	176	1.04092
52	179	1.07325
52	180	1.0526
53	7	0.974585
53	27	0.842779
53	58	0.868428
53	64	0.935291
53	71	0.935146
53	78	0.991591
53	81	0.995431
53	94	1.0074
53	106	1.01573
53	112	1.03966
53	137	1.05867
53	142	0.940141
53	165	0.941498
53	175	1.13657
53	177	1.26826
53	178	1.18416
54	13	0.857995
54	29	0.852146
54	39	0.926981
54	47	1.0017
54	61	0.960742
54	87	1.09398
54	90	0.936308
54	91	1.02735
54	100	0.990921
54	140	1.0093
54	159	1.07333
54	162	1.20478
54	163	0.952292
54	164	1.03904
54	168	1.11289
54	171	1.11773
55	28	0.935979
55	35	0.960828
55	48	0.933279
55	80	0.910874
55	83	1.01266
55	140	1.02596
55	153	0.987547
55	154	0.958713
55	155	1.14906
55	162	0.922436
55	163	1.11181
55	164	1.05571
55	170	1.08273
55	171	1.1344
55	173	1.0844
55	177	0.892905
56	11	0.957858
56	20	0.893607
56	23	0.905392
56	40	0.968607
56	57	0.98951
56	59	0.932147
56	67	0.932142
56	70	0.932214
56	82	0.859286
56	88	0.913897
56	114	1.27868
56	131	1.13285
56	152	1.21257
56	154	0.9154
56	165	1.19628
56	170	1.12347
56	173	1.01723
57	20	1.05132
57	24	0.97594
57	40	1.12632
57	56	0.98951
57	59	1.08986
57	67	1.08985
57	70	1.08992
57	82	1.017
57	88	1.07161
57	154	1.07311
57	156	0.920416
57	157	0.907789
57	168	0.90783
57	174	0.999963
57	179	0.907533
57	180	0.938141
58	7	0.93651
58	16	0.941186
58	53	0.868428
58	64	0.897216
58	71	0.897071
58	78	0.953516
58	81	0.957356
58	94	0.969326
58	106	0.977658
58	142	0.902066
58	146	1.16494
58	156	1.16127
58	157	1.14864
58	165	0.903423
58	166	1.1125
58	171	1.15352
58	178	1.21712
59	11	1.0582
59	20	0.993955
59	40	1.06895
59	56	0.932147
59	57	1.08986
59	67	1.03249
59	70	1.03256
59	82	0.959634
59	88	1.01424
59	104	1.0048
59	154	1.01575
59	155	0.991356
59	157	0.971813
59	165	0.997841
59	168	0.971855
59	170	0.925028
59	177	1.12439
60	46	1.03536
60	112	0.860126
60	121	0.980365
60	126	1.03713
60	128	1.01233
60	129	1.00425
60	133	1.22365
60	134	1.00954
60	135	1.0112
60	144	1.05859
60	147	1.03828
60	150	1.03005
60	151	1.01629
60	162	1.02807
60	169	0.923582
60	175	0.957031
60	177	0.964188
61	13	0.924503
61	29	0.918654
61	39	0.993489
61	44	0.998967
61	47	1.06821
61	52	0.907519
61	54	0.960742
61	87	1.16049
61	90	1.00282
61	91	1.09386
61	100	1.05743
61	155	1.05842
61	156	1.05151
61	157	1.03888
61	163	1.0188
61	170	0.992093
61	173	0.885856
62	49	0.865
62	86	1.00129
62	96	0.987549
62	123	1.05894
62	128	1.01008
62	129	1.002
62	132	1.03453
62	147	1.03603
62	150	1.0278
62	151	1.01404
62	152	1.02956
62	157	1.02952
62	167	0.998496
62	169	0.974681
62	171	1.00401
62	174	1.07942
62	175	1.00813
63	50	1.05483
63	114	1.16437
63	116	0.989701
63	123	0.998891
63	124	1.11806
63	129	0.941949
63	132	0.974481
63	135	0.948903
63	144	0.996289
63	147	0.975979
63	148	1.0415
63	150	0.967749
63	151	0.953994
63	160	0.993159
63	164	1.00837
63	173	0.90292
63	175	1.07683
63	180	1.08629
64	16	1.00805
64	18	0.933243
64	53	0.935291
64	58	0.897216
64	71	0.963933
64	78	1.02038
64	81	1.02422
64	94	1.03619
64	106	1.04452
64	142	0.968928
64	159	0.994338
64	160	0.971075
64	165	0.970286
64	170	0.987073
64	175	1.05475
64	176	1.08584
64	177	1.18643
64	178	1.10234
65	72	1.26337
65	99	0.99136
65	109	0.833657
65	110	1.19512
65	125	1.1729
65	131	0.754021
65	136	1.17016
65	138	1.18359
65	139	1.23008
65	141	1.1835
65	145	1.19068
65	149	1.21567
65	155	0.810964
65	163	0.773712
65	166	0.755285
65	174	0.883596
65	176	0.843404
65	179	0.791165
66	12	0.967387
66	21	1.06702
66	22	1.08412
66	31	0.874873
66	33	1.00206
66	45	0.941007
66	68	0.91946
66	75	1.03777
66	140	0.948364
66	148	1.03748
66	157	1.05191
66	162	1.14384
66	163	0.964986
66	166	0.972847
66	168	1.05196
66	169	1.03935
66	170	0.967615
66	173	1.08499
67	11	1.0582
67	20	0.993949
67	40	1.06895
67	56	0.932142
67	57	1.08985
67	59	1.03249
67	70	1.03256
67	82	0.959628
67	88	1.01424
67	131	0.941799
67	154	1.01574
67	167	0.990453
67	170	0.932414
67	175	1.00009
67	177	1.13178
67	179	0.978944
67	180	1.00955
68	12	0.967225
68	21	1.06685
68	31	0.874711
68	33	1.00189
68	45	0.940845
68	66	0.91946
68	69	1.08116
68	75	1.03761
68	157	1.00874
68	160	0.945959
68	163	0.964824
68	166	0.972685
68	168	1.00878
68	170	0.967452
68	173	1.08483
68	174	1.10092
68	177	1.16132
68	178	1.07722
69	12	0.954337
69	34	1.04694
69	36	0.986447
69	68	1.08116
69	82	0.924263
69	88	0.978873
69	98	0.826149
69	113	0.981819
69	126	1.10867
69	136	1.08877
69	149	1.02849
69	153	1.00921
69	154	0.980376
69	158	1.01211
69	175	0.971855
69	178	0.94601
69	179	0.98223
69	180	0.961577
70	11	1.05827
70	20	0.994021
70	40	1.06902
70	56	0.932214
70	57	1.08992
70	59	1.03256
70	67	1.03256
70	82	0.9597
70	88	1.01431
70	114	1.13603
70	131	0.990204
70	154	1.01581
70	159	0.988084
70	164	0.9538
70	169	1.01504
70	173	0.874582
70	179	1.02735
71	16	1.0079
71	18	0.933098
71	27	0.80772
71	30	0.978109
71	53	0.935146
71	58	0.897071
71	64	0.963933
71	78	1.02023
71	81	1.02407
71	94	1.03604
71	106	1.04438
71	137	1.02361
71	142	0.968783
71	152	1.12294
71	156	1.09325
71	162	1.17255
71	165	0.970141
71	176	1.1326
72	65	1.26337
72	77	1.14039
72	104	0.902412
72	109	0.911661
72	118	1.07268
72	125	1.02768
72	133	1.15693
72	136	1.02494
72	138	1.03838
72	139	1.08487
72	141	1.03829
72	145	1.04546
72	149	1.07045
72	159	0.829905
72	164	0.79562
72	175	0.890313
72	177	1.022
72	180	0.899777
73	32	1.08238
73	41	1.10314
73	129	1.19729
73	144	1.10036
73	154	1.13157
73	155	0.917292
73	158	1.08088
73	159	0.959952
73	160	0.954195
73	166	0.947846
73	168	0.945655
73	174	0.897499
73	175	0.92579
73	176	0.903832
73	178	0.899945
73	179	0.936164
73	180	0.915512
74	3	1.00376
74	76	1.05
74	102	0.98352
74	103	0.905552
74	105	0.949113
74	113	1.01144
74	120	0.951514
74	122	0.989031
74	140	0.969181
74	142	0.958617
74	153	1.00006
74	155	1.09228
74	158	1.00296
74	162	1.16466
74	165	1.09876
74	166	1.0366
74	173	0.91971
74	180	1.10308
75	12	1.08554
75	31	0.993024
75	33	1.12021
75	45	1.05916
75	66	1.03777
75	68	1.03761
75	89	1.26298
75	101	0.862016
75	109	0.874211
75	115	0.822724
75	163	1.08314
75	166	1.091
75	167	0.843229
75	170	1.08577
75	171	0.836854
75	173	1.20315
75	174	0.924149
75	177	0.984551
76	3	1.1103
76	22	0.895435
76	74	1.05
76	89	1.29423
76	102	1.09006
76	103	1.0121
76	105	1.05566
76	113	1.11799
76	120	1.05806
76	122	1.09557
76	146	0.87953
76	153	1.1066
76	157	0.863232
76	158	1.1095
76	162	0.95516
76	172	0.853944
76	173	0.71021
76	178	0.931711
77	72	1.14039
77	101	0.952467
77	111	1.05532
77	117	1.09565
77	127	1.07933
77	130	0.921147
77	136	1.04718
77	137	0.865413
77	138	1.06061
77	139	1.1071
77	141	1.06052
77	145	1.0677
77	148	0.907988
77	149	1.09269
77	172	0.913138
77	176	0.974409
77	179	0.92217
77	180	0.952778
78	7	1.05967
78	16	1.06435
78	18	0.989543
78	53	0.991591
78	58	0.953516
78	64	1.02038
78	71	1.02023
78	81	1.08052
78	92	0.975777
78	94	1.09249
78	106	1.10082
78	146	0.996053
78	163	0.962046
78	165	1.02659
78	166	0.943619
78	171	0.984635
78	172	0.970467
78	175	1.00064
78	179	0.979499
79	3	0.97377
79	32	1.0043
79	41	0.945924
79	102	0.953532
79	103	0.875564
79	105	0.919125
79	113	0.981455
79	120	0.921526
79	122	0.959043
79	137	1.07718
79	142	0.928629
79	153	0.970074
79	158	0.97297
79	160	1.07141
79	164	1.06039
79	165	1.16022
79	172	1.1249
79	175	1.15508
79	179	1.13394
80	4	0.848129
80	28	0.928427
80	35	0.953276
80	48	0.925727
80	51	1.01892
80	55	0.910874
80	83	1.00511
80	109	1.15012
80	131	1.07048
80	153	0.979995
80	154	0.951161
80	155	1.12743
80	160	1.0451
80	162	0.914884
80	165	1.13391
80	167	1.11914
80	173	1.07684
80	177	0.885353
80	180	1.13823
81	7	1.06351
81	18	0.993384
81	30	0.901076
81	53	0.995431
81	58	0.957356
81	64	1.02422
81	71	1.02407
81	78	1.08052
81	94	1.09633
81	101	1.03363
81	106	1.10466
81	137	0.946575
81	142	1.02907
81	165	1.03043
81	166	0.967452
81	168	1.00363
81	171	1.00847
81	173	0.850566
81	178	1.07207
82	11	0.985344
82	20	0.921094
82	23	0.932879
82	40	0.996094
82	56	0.859286
82	57	1.017
82	59	0.959634
82	67	0.959628
82	69	0.924263
82	70	0.9597
82	88	0.941384
82	121	1.12144
82	131	1.03982
82	146	1.09352
82	154	0.942886
82	157	1.07722
82	177	1.22979
82	178	1.1457
82	179	1.07696
83	4	0.949915
83	14	1.02715
83	24	1.02127
83	28	1.03021
83	35	1.05506
83	48	1.02751
83	55	1.01266
83	80	1.00511
83	153	1.08178
83	154	1.05295
83	159	0.913594
83	162	1.01667
83	163	0.935406
83	171	0.957994
83	172	0.943826
83	173	1.17863
83	176	1.0051
83	177	0.987139
83	179	0.952859
84	8	0.926107
84	10	0.926342
84	93	1.04023
84	96	0.983551
84	116	1.04575
84	126	1.03089
84	128	1.00608
84	130	1.06063
84	140	0.958361
84	142	1.01114
84	144	1.05234
84	147	1.03203
84	150	1.0238
84	151	1.01005
84	156	1.07454
84	159	1.02239
84	172	1.05262
84	173	0.90889
84	177	0.957944
84	180	1.09226
85	107	1.00325
85	111	0.982075
85	117	1.0224
85	118	1.02167
85	125	0.976672
85	127	1.00608
85	136	0.97393
85	138	0.987365
85	139	1.03386
85	141	0.987274
85	145	0.994452
85	148	1.04256
85	149	1.01944
85	155	1.07654
85	164	0.983193
85	165	1.08302
85	166	1.02086
85	169	1.04444
85	173	0.903975
85	179	1.05674
86	10	1.23358
86	36	0.999752
86	62	1.00129
86	97	0.782039
86	108	0.967961
86	113	0.923449
86	122	0.9939
86	156	1.01035
86	158	0.968111
86	161	1.02023
86	167	1.01233
86	168	1.01687
86	169	1.0132
86	172	1.02488
86	174	0.968716
86	175	0.997007
86	176	0.97505
86	178	0.971162
86	179	1.00738
86	180	0.98673
87	13	1.05774
87	29	1.05189
87	39	1.12673
87	47	1.20145
87	54	1.09398
87	61	1.16049
87	89	1.25105
87	90	1.13605
87	91	1.22709
87	100	1.19067
87	112	0.744033
87	156	0.832678
87	163	1.15204
87	164	0.746245
87	165	0.846077
87	166	0.783914
87	172	0.810762
87	177	0.972626
87	180	0.850402
88	11	1.03995
88	20	0.975704
88	23	0.98749
88	40	1.0507
88	56	0.913897
88	57	1.07161
88	59	1.01424
88	67	1.01424
88	69	0.978873
88	70	1.01431
88	82	0.941384
88	89	1.40899
88	104	1.01097
88	154	0.997497
88	161	0.967817
88	168	0.978029
88	169	0.965427
88	173	0.824965
88	178	1.04647
88	180	1.00834
89	12	1.31292
89	75	1.26298
89	76	1.29423
89	87	1.25105
89	88	1.40899
89	99	0.794838
89	143	1.44302
89	155	0.855151
89	156	0.876993
89	162	0.835893
89	167	0.878976
89	168	0.883513
89	169	0.879842
89	172	0.891522
89	174	0.835358
89	175	0.863649
89	176	0.841691
89	178	0.837804
89	179	0.874023
89	180	0.853371
90	13	0.900069
90	23	0.978683
90	26	1.04071
90	29	0.89422
90	39	0.969055
90	47	1.04377
90	54	0.936308
90	61	1.00282
90	87	1.13605
90	91	1.06942
90	100	1.033
90	140	0.936077
90	156	1.05226
90	157	1.03963
90	163	0.994366
90	165	1.06566
90	167	1.05088
90	170	0.992843
90	171	1.04451
90	172	1.03034
91	13	0.991109
91	29	0.98526
91	39	1.06009
91	47	1.13481
91	54	1.02735
91	61	1.09386
91	87	1.22709
91	90	1.06942
91	100	1.12404
91	133	1.16216
91	155	0.89419
91	156	0.887275
91	163	1.08541
91	165	0.900675
91	173	0.721625
91	177	1.02722
91	178	0.943127
91	179	0.874392
92	40	0.891939
92	78	0.975777
92	125	1.06813
92	132	0.993728
92	139	0.958534
92	140	1.04577
92	143	1.00804
92	144	0.969564
92	146	0.996303
92	153	0.974127
92	156	1.00804
92	160	1.0231
92	161	1.01792
92	172	1.02257
92	174	0.966406
92	175	0.994697
92	176	0.972739
92	178	0.968852
92	179	1.00507
92	180	0.984419
93	35	0.981862
93	50	0.875786
93	84	1.04023
93	114	0.943908
93	117	0.962473
93	129	1.04879
93	150	0.9575
93	151	1.01971
93	152	0.988482
93	154	0.983071
93	159	1.03902
93	168	1.02472
93	169	1.02105
93	172	1.03273
93	174	0.976566
93	175	1.00486
93	176	0.982899
93	178	0.979012
93	179	1.01523
93	180	0.994579
94	7	1.07548
94	16	1.08016
94	18	1.00535
94	53	1.0074
94	58	0.969326
94	64	1.03619
94	71	1.03604
94	78	1.09249
94	81	1.09633
94	106	1.11663
94	142	1.04104
94	157	0.949518
94	161	0.939347
94	164	0.875713
94	165	1.0424
94	169	0.936957
94	170	0.902733
94	176	1.0015
94	177	1.10209
94	179	0.949262
94	180	0.97987
95	98	0.797439
95	105	1.09365
95	107	1.07161
95	108	0.997621
95	120	1.07957
95	123	1.0378
95	128	1.06941
95	131	0.982429
95	133	0.872534
95	152	0.951694
95	154	1.04846
95	156	0.981413
95	169	0.984262
95	172	0.995942
95	173	1.10227
95	174	0.939777
95	175	0.968068
95	176	0.946111
95	178	0.942223
95	179	0.978443
95	180	0.95779
96	50	1.04593
96	52	0.935457
96	62	0.987549
96	84	0.983551
96	99	1.26675
96	108	0.998832
96	116	0.980801
96	123	0.989991
96	124	1.12893
96	128	0.941131
96	129	0.933049
96	132	0.965581
96	144	0.987389
96	150	0.958849
96	151	0.945094
96	160	1.00403
96	161	1.05665
96	162	1.15874
96	173	0.913793
96	176	1.1188
96	177	0.892991
97	2	1.13198
97	9	1.21769
97	43	1.27149
97	86	0.782039
97	98	1.52787
97	130	0.76671
97	143	1.23559
97	157	0.767989
97	162	0.859917
97	163	0.750281
97	164	1.30429
97	167	0.779243
97	169	0.755428
97	170	1.27193
97	171	1.23989
97	172	0.758701
97	175	0.788878
98	2	1.1316
98	9	1.21732
98	30	0.651218
98	43	1.27111
98	69	0.826149
98	95	0.797439
98	97	1.52787
98	121	0.797951
98	143	1.23521
98	164	1.30391
98	165	0.779757
98	170	1.27155
98	171	1.23951
98	173	0.600707
98	175	0.774618
98	177	0.906305
98	178	0.822209
99	15	1.37908
99	50	1.0974
99	65	0.99136
99	89	0.794838
99	96	1.26675
99	107	1.22784
99	114	0.852199
99	146	0.914753
99	152	0.896773
99	154	1.20469
99	156	0.926492
99	158	1.154
99	159	0.94731
99	161	0.936366
99	168	0.933012
99	174	0.884857
99	175	0.913148
99	176	0.89119
99	178	0.887303
99	179	0.923522
99	180	0.90287
100	13	0.954682
100	23	1.0333
100	26	1.09532
100	29	0.948834
100	39	1.02367
100	47	1.09839
100	52	0.818943
100	54	0.990921
100	61	1.05743
100	87	1.19067
100	90	1.033
100	91	1.12404
100	115	0.941051
100	137	0.893289
100	162	1.04223
100	163	1.04898
100	167	0.961556
100	169	0.937741
100	172	0.941014
100	175	0.97119
100	177	1.10288
101	17	1.00285
101	38	0.910623
101	50	0.927507
101	75	0.862016
101	77	0.952467
101	81	1.03363
101	133	0.918768
101	143	1.04205
101	144	1.00358
101	146	1.01591
101	149	0.986107
101	161	1.03752
101	167	1.02963
101	171	0.999088
101	172	1.04218
101	173	1.14851
101	174	0.986012
101	175	1.0143
101	176	0.992345
101	178	0.988458
101	179	1.02468
101	180	1.00402
102	3	1.04382
102	32	1.07435
102	74	0.98352
102	76	1.09006
102	79	0.953532
102	103	0.945616
102	105	0.989177
102	112	0.928464
102	113	1.05151
102	120	0.991578
102	121	1.00987
102	122	1.0291
102	142	0.998681
102	152	1.0468
102	158	1.04302
102	163	0.986773
102	166	0.968345
102	168	1.00452
102	169	0.99192
102	171	1.00936
102	174	1.09666
102	179	1.00423
103	32	0.99638
103	41	0.938009
103	74	0.905552
103	76	1.0121
103	79	0.875564
103	102	0.945616
103	105	0.91121
103	113	0.973539
103	120	0.913611
103	121	0.931898
103	122	0.951128
103	134	1.20389
103	142	0.920714
103	153	0.962158
103	158	0.965055
103	159	1.09097
103	160	1.0677
103	166	1.09435
103	170	1.0837
103	171	1.13537
103	175	1.15138
103	176	1.18247
104	6	1.01215
104	16	1.01219
104	34	1.03211
104	59	1.0048
104	72	0.902412
104	88	1.01097
104	139	0.995499
104	142	1.07615
104	146	0.984803
104	148	1.01089
104	151	1.07438
104	155	0.974699
104	164	1.03239
104	167	0.998525
104	169	0.999391
104	171	0.967982
104	172	1.01107
104	174	0.954906
104	175	0.983197
104	176	0.96124
104	178	0.957352
104	179	0.993572
104	180	0.97292
105	3	1.00942
105	32	1.03994
105	41	0.98157
105	74	0.949113
105	76	1.05566
105	79	0.919125
105	95	1.09365
105	102	0.989177
105	103	0.91121
105	113	1.0171
105	115	1.04069
105	120	0.957172
105	122	0.994689
105	134	1.12334
105	142	0.964274
105	148	1.0355
105	153	1.00572
105	157	1.04994
105	158	1.00862
105	162	1.14187
105	164	0.976136
105	171	1.05482
105	173	0.896919
106	7	1.08381
106	16	1.08849
106	18	1.01369
106	38	1.10862
106	53	1.01573
106	58	0.977658
106	64	1.04452
106	71	1.04438
106	78	1.10082
106	81	1.10466
106	94	1.11663
106	115	0.937716
106	119	0.944127
106	142	1.04937
106	152	0.989286
106	157	0.946967
106	165	1.05073
106	167	0.958221
106	168	0.947009
106	170	0.900182
106	171	0.951847
106	173	0.793945
106	177	1.09954
107	85	1.00325
107	95	1.07161
107	99	1.22784
107	110	0.986012
107	117	1.00952
107	118	1.00879
107	125	0.963791
107	127	0.993197
107	136	0.961049
107	138	0.974484
107	139	1.02097
107	140	0.924352
107	141	0.974393
107	143	0.966648
107	145	0.981571
107	149	1.00656
107	162	0.958408
107	163	1.01019
107	167	1.03916
107	172	1.01862
107	173	0.874881
107	174	1.12008
107	178	1.09638
108	86	0.967961
108	95	0.997621
108	96	0.998832
108	121	0.998133
108	126	1.04617
108	128	1.02136
108	129	1.01328
108	130	0.952632
108	132	1.04582
108	135	1.02024
108	144	1.06762
108	147	1.04731
108	150	1.03908
108	151	1.02533
108	156	0.966539
108	157	1.04081
108	163	0.936203
108	166	1.05257
108	168	0.953953
108	171	1.0153
108	174	1.04609
108	176	1.00589
108	177	0.973225
108	180	0.984263
109	18	1.04617
109	40	0.938153
109	65	0.833657
109	72	0.911661
109	75	0.874211
109	80	1.15012
109	112	1.03853
109	127	1.02288
109	134	0.956949
109	144	1.01578
109	150	1.02142
109	151	1.08363
109	159	1.02808
109	160	1.02233
109	161	1.01714
109	167	1.00925
109	169	1.01012
109	170	1.01075
109	172	1.0218
109	174	0.965631
109	175	0.993922
109	176	0.971964
109	178	0.968077
109	179	1.0043
109	180	0.983644
110	5	1.21869
110	24	1.08755
110	65	1.19512
110	107	0.986012
110	111	0.964835
110	117	1.00516
110	118	1.00443
110	125	0.959432
110	127	0.988838
110	138	0.970125
110	139	1.01662
110	140	0.915846
110	141	0.970034
110	145	0.977212
110	149	1.0022
110	154	0.990326
110	158	1.02206
110	162	0.95405
110	163	1.00169
110	164	0.945592
110	170	0.972612
110	173	0.866375
110	174	1.11157
110	175	1.04029
110	180	1.04975
111	49	0.959759
111	77	1.05532
111	85	0.982075
111	110	0.964835
111	117	0.988339
111	118	0.987614
111	125	0.942614
111	127	0.97202
111	131	1.0446
111	136	0.939872
111	138	0.953307
111	139	0.999797
111	141	0.953216
111	143	0.945472
111	145	0.960394
111	149	0.98538
111	154	0.973508
111	158	1.00524
111	161	1.07183
111	163	1.06429
111	164	1.0082
111	165	1.10803
111	167	1.09326
111	172	1.07271
111	176	1.13399
111	179	1.08175
112	2	1.01199
112	25	0.867563
112	29	1.10852
112	53	1.03966
112	60	0.860126
112	87	0.744033
112	102	0.928464
112	109	1.03853
112	123	0.918074
112	130	1.03617
112	138	0.964571
112	139	0.886494
112	151	0.965374
112	155	1.01807
112	156	1.03992
112	164	1.07576
112	166	1.04863
112	168	1.04644
112	172	1.05444
112	173	1.16077
112	174	0.99828
112	175	1.02657
112	176	1.00461
112	178	1.00073
112	179	1.03695
112	180	1.01629
113	24	1.0216
113	32	1.10227
113	41	1.0439
113	69	0.981819
113	74	1.01144
113	76	1.11799
113	79	0.981455
113	86	0.923449
113	102	1.05151
113	103	0.973539
113	105	1.0171
113	120	1.0195
113	121	1.03779
113	122	1.05702
113	133	1.19691
113	142	1.0266
113	152	0.951718
113	153	1.06805
113	157	0.909399
113	158	1.07095
113	162	1.00133
113	164	0.835594
113	167	0.920653
113	171	0.914279
113	177	1.06197
113	180	0.939751
114	2	1.19644
114	56	1.27868
114	63	1.16437
114	70	1.13603
114	93	0.943908
114	99	0.852199
114	127	1.08907
114	132	1.10614
114	138	1.14902
114	146	0.922615
114	150	1.08761
114	155	0.912512
114	156	0.934354
114	158	1.06249
114	159	0.955172
114	160	0.949414
114	161	0.944228
114	167	0.936337
114	168	0.940874
114	174	0.892719
114	175	0.92101
114	176	0.899052
114	177	0.863722
114	178	0.895165
114	179	0.931384
114	180	0.910732
115	28	1.08001
115	40	0.886666
115	75	0.822724
115	100	0.941051
115	105	1.04069
115	106	0.937716
115	120	1.02661
115	130	1.01943
115	134	0.972857
115	141	1.00864
115	145	0.981256
115	148	1.03752
115	149	0.946816
115	154	0.9955
115	155	1.00133
115	157	1.02013
115	159	1.04399
115	161	1.03305
115	167	1.02516
115	168	1.0297
115	172	1.0377
115	174	0.981539
115	175	1.00983
115	176	0.987873
115	178	0.983985
115	179	1.0202
115	180	0.999553
116	63	0.989701
116	84	1.04575
116	96	0.980801
116	119	1.02238
116	129	0.995251
116	131	0.987821
116	132	1.02778
116	135	1.00221
116	142	1.00839
116	144	1.04959
116	147	1.02928
116	148	1.01078
116	150	1.02105
116	151	1.0073
116	152	1.06754
116	157	1.02278
116	159	0.985701
116	160	0.962437
116	164	1.06167
116	165	1.00975
116	168	1.02526
116	171	0.997266
116	173	0.872199
116	176	1.0772
116	177	0.955194
116	179	1.02497
116	180	1.05557
117	5	1.18345
117	77	1.09565
117	85	1.0224
117	93	0.962473
117	107	1.00952
117	110	1.00516
117	111	0.988339
117	118	1.02794
117	124	1.04627
117	125	0.982936
117	127	1.01234
117	136	0.980195
117	138	0.99363
117	139	1.04012
117	141	0.993538
117	145	1.00072
117	149	1.0257
117	154	1.01383
117	157	1.01561
117	160	0.92137
117	161	0.973983
117	163	0.966445
117	164	0.910349
117	169	0.971592
117	171	0.989033
117	172	0.974866
117	177	1.13673
118	72	1.07268
118	85	1.02167
118	107	1.00879
118	110	1.00443
118	111	0.987614
118	117	1.02794
118	125	0.982211
118	127	1.01162
118	131	0.971293
118	136	0.979469
118	138	0.992904
118	139	1.03939
118	141	0.992813
118	145	0.999991
118	146	1.02499
118	149	1.02498
118	157	1.01488
118	158	1.04484
118	160	0.94591
118	163	0.990985
118	165	1.03472
118	166	0.972557
118	167	1.01995
118	168	1.00873
118	171	1.01357
118	175	1.02958
118	178	1.07717
119	11	0.956055
119	12	0.879077
119	25	0.94074
119	42	1.02827
119	106	0.944127
119	116	1.02238
119	136	1.01351
119	137	1.02991
119	149	0.953226
119	152	0.989572
119	153	0.975264
119	154	1.00191
119	156	1.01929
119	158	0.951221
119	159	1.04011
119	160	1.03435
119	161	1.02917
119	167	1.02127
119	168	1.02581
119	169	1.02214
119	172	1.03382
119	174	0.977656
119	175	1.00595
119	176	0.983989
119	178	0.980101
119	179	1.01632
119	180	0.995669
120	3	1.01182
120	24	0.961672
120	30	0.93335
120	32	1.04234
120	38	1.02592
120	41	0.983971
120	74	0.951514
120	76	1.05806
120	79	0.921526
120	95	1.07957
120	102	0.991578
120	103	0.913611
120	105	0.957172
120	113	1.0195
120	115	1.02661
120	121	0.97786
120	122	0.99709
120	142	0.966676
120	146	1.05216
120	148	1.02142
120	153	1.00812
120	157	1.03586
120	158	1.01102
120	164	0.962056
120	167	1.04712
120	169	1.0233
120	171	1.04074
120	177	1.18844
121	16	1.02342
121	51	0.995101
121	60	0.980365
121	82	1.12144
121	98	0.797951
121	102	1.00987
121	103	0.931898
121	108	0.998133
121	113	1.03779
121	120	0.97786
121	122	1.01538
121	123	1.03831
121	132	1.04193
121	138	0.977372
121	141	0.977281
121	144	1.01776
121	145	0.984459
121	147	1.0328
121	149	1.00945
121	150	1.0234
121	153	1.02641
121	157	0.999348
121	174	0.960762
121	175	0.989053
121	176	0.967095
121	178	0.963208
121	179	0.999427
121	180	0.978775
122	3	1.04933
122	24	0.999189
122	32	1.07986
122	38	1.06344
122	41	1.02149
122	74	0.989031
122	76	1.09557
122	79	0.959043
122	86	0.9939
122	102	1.0291
122	103	0.951128
122	105	0.994689
122	113	1.05702
122	120	0.99709
122	121	1.01538
122	140	0.876299
122	142	1.00419
122	146	0.996148
122	148	0.965412
122	153	1.04564
122	156	0.992477
122	158	1.04853
122	163	0.962141
122	170	0.933065
122	171	0.984729
122	172	0.970562
122	174	1.07202
122	177	1.13243
122	180	1.0102
123	44	0.95418
123	62	1.05894
123	63	0.998891
123	95	1.0378
123	96	0.989991
123	112	0.918074
123	121	1.03831
123	126	1.03733
123	128	1.01252
123	129	1.00444
123	132	1.03697
123	142	1.01758
123	144	1.05878
123	146	1.01039
123	147	1.03847
123	150	1.03024
123	151	1.01649
123	160	0.931308
123	162	1.08602
123	163	0.976383
123	164	1.07086
123	165	1.01894
123	166	1.04373
123	167	1.00535
123	170	0.947306
123	171	1.00646
123	173	0.841069
123	177	0.964384
123	178	1.06257
124	5	0.882859
124	13	1.17921
124	18	1.06605
124	36	1.04782
124	63	1.11806
124	96	1.12893
124	117	1.04627
124	131	0.970565
124	133	0.860669
124	134	0.919231
124	135	1.11472
124	139	1.02463
124	144	1.03566
124	148	0.983898
124	150	1.0413
124	154	1.06687
124	155	0.947706
124	159	0.990366
124	160	0.984609
124	167	0.971531
124	168	0.976069
124	169	0.972397
124	172	0.984078
124	174	0.927913
124	175	0.956204
124	176	0.934246
124	177	0.898917
124	178	0.930359
124	179	0.966578
124	180	0.945926
125	1	1.01308
125	65	1.1729
125	72	1.02768
125	85	0.976672
125	92	1.06813
125	107	0.963791
125	110	0.959432
125	111	0.942614
125	117	0.982936
125	118	0.982211
125	127	0.966617
125	136	0.934469
125	138	0.947904
125	139	0.994395
125	141	0.947813
125	145	0.954991
125	149	0.979977
125	154	0.968105
125	155	1.09165
125	156	1.08473
125	157	0.96988
125	158	0.999836
125	162	0.931829
125	164	0.998298
125	166	1.03597
125	170	1.02532
125	171	1.07698
125	172	1.06282
125	173	0.919081
125	174	1.16428
125	176	1.12409
126	10	0.908724
126	25	1.05807
126	27	0.763353
126	50	1.09327
126	60	1.03713
126	69	1.10867
126	84	1.03089
126	108	1.04617
126	123	1.03733
126	128	0.988466
126	129	0.980384
126	132	1.01292
126	135	0.987339
126	144	1.03472
126	147	1.01441
126	148	1.02182
126	150	1.00618
126	151	0.992429
126	155	1.0558
126	157	1.00791
126	159	0.996734
126	161	1.02608
126	163	1.01855
126	164	1.0468
126	168	1.0363
126	170	0.989469
126	171	0.982399
126	172	1.02697
126	173	0.883232
126	175	1.05714
126	177	0.940327
126	178	1.10473
127	1	0.921613
127	6	1.03516
127	27	1.21452
127	77	1.07933
127	85	1.00608
127	107	0.993197
127	109	1.02288
127	110	0.988838
127	111	0.97202
127	114	1.08907
127	117	1.01234
127	118	1.01162
127	125	0.966617
127	130	0.979361
127	134	1.05404
127	136	0.963875
127	138	0.97731
127	139	1.0238
127	141	0.977219
127	145	0.984397
127	146	0.996938
127	149	1.00938
127	154	0.997511
127	158	1.02924
127	159	0.94112
127	162	0.961235
127	163	0.962931
127	165	1.00667
127	174	1.07281
127	175	1.00153
127	176	1.03262
127	179	0.980384
128	22	1.0579
128	24	0.963717
128	25	1.03327
128	27	0.752795
128	49	0.903453
128	50	1.06847
128	60	1.01233
128	62	1.01008
128	84	1.00608
128	95	1.06941
128	96	0.941131
128	108	1.02136
128	123	1.01252
128	126	0.988466
128	129	0.955581
128	132	0.988114
128	133	1.31321
128	134	1.0991
128	135	0.962536
128	137	0.968683
128	140	0.922144
128	144	1.00992
128	147	0.989612
128	150	0.981382
128	151	0.967626
128	152	1.06801
128	157	0.983106
128	166	0.994867
128	169	1.01313
128	174	1.11787
128	177	0.915523
128	178	1.09418
128	180	1.05605
129	8	0.875605
129	49	0.94823
129	51	1.04101
129	60	1.00425
129	62	1.002
129	63	0.941949
129	73	1.19729
129	93	1.04879
129	96	0.933049
129	108	1.01328
129	116	0.995251
129	123	1.00444
129	126	0.980384
129	128	0.955581
129	132	0.980032
129	134	1.14387
129	135	0.954454
129	137	1.01346
129	144	1.00184
129	146	1.08677
129	147	0.98153
129	150	0.9733
129	151	0.959544
129	159	1.03095
129	165	0.961996
129	166	0.986785
129	168	1.07051
129	169	1.05791
129	171	0.949514
129	172	1.06118
129	173	0.917451
129	174	1.16265
129	176	1.12246
129	177	0.907442
130	3	1.04504
130	29	1.18326
130	47	0.953818
130	48	1.08844
130	77	0.921147
130	84	1.06063
130	97	0.76671
130	108	0.952632
130	112	1.03617
130	115	1.01943
130	127	0.979361
130	137	1.01553
130	139	0.961232
130	143	1.01073
130	146	0.993167
130	147	0.987296
130	148	1.01926
130	152	0.975187
130	154	1.00347
130	158	0.952782
130	159	1.02572
130	160	1.01997
130	161	1.01478
130	165	0.988829
130	167	1.00689
130	168	1.01143
130	169	1.00775
130	171	0.976346
130	172	1.01943
130	174	0.96327
130	175	0.991561
130	176	0.969604
130	178	0.965716
130	179	1.00194
130	180	0.981283
131	9	0.986494
131	49	1.08356
131	56	1.13285
131	65	0.754021
131	67	0.941799
131	70	0.990204
131	80	1.07048
131	82	1.03982
131	95	0.982429
131	111	1.0446
131	116	0.987821
131	118	0.971293
131	124	0.970565
131	133	0.900785
131	134	0.959347
131	135	1.0152
131	138	1.00319
131	145	0.953107
131	146	0.997925
131	148	1.02401
131	151	1.00399
131	156	1.00966
131	159	1.03048
131	166	1.01838
131	168	1.01618
131	169	1.01251
131	172	1.02419
131	173	1.13052
131	174	0.968029
131	175	0.996319
131	176	0.974362
131	177	0.939032
131	178	0.970474
131	179	1.00669
131	180	0.986042
132	10	0.908372
132	46	1.01114
132	52	0.866347
132	62	1.03453
132	63	0.974481
132	92	0.993728
132	96	0.965581
132	108	1.04582
132	114	1.10614
132	116	1.02778
132	121	1.04193
132	123	1.03697
132	126	1.01292
132	128	0.988114
132	129	0.980032
132	134	1.07111
132	135	0.986987
132	144	1.03437
132	147	1.01406
132	148	0.983269
132	150	1.00583
132	151	0.992077
132	152	1.04003
132	164	1.04645
132	165	0.994529
132	166	1.01932
132	167	1.00896
132	168	0.997748
132	170	0.950921
132	171	0.982046
132	174	1.08988
132	176	1.04969
132	177	0.939974
132	178	1.06619
132	179	0.997451
133	38	1.16809
133	40	1.18343
133	60	1.22365
133	72	1.15693
133	91	1.16216
133	95	0.872534
133	101	0.918768
133	113	1.19691
133	124	0.860669
133	128	1.31321
133	131	0.900785
133	134	0.849451
133	136	1.30386
133	147	1.27609
133	148	0.914118
133	149	1.24358
133	150	1.26669
133	152	0.870049
133	155	0.877926
133	156	0.899768
133	159	0.920586
133	160	0.914828
133	161	0.909642
133	167	0.901751
133	168	0.906288
133	169	0.902617
133	172	0.914297
133	174	0.858133
133	175	0.886424
133	176	0.864466
133	177	0.829136
133	178	0.860579
133	179	0.896798
133	180	0.876146
134	21	0.93743
134	23	1.10095
134	50	0.970867
134	60	1.00954
134	103	1.20389
134	105	1.12334
134	109	0.956949
134	115	0.972857
134	124	0.919231
134	127	1.05404
134	128	1.0991
134	129	1.14387
134	131	0.959347
134	132	1.07111
134	133	0.849451
134	136	1.08975
134	137	0.968949
134	140	0.996059
134	145	1.06391
134	152	0.928611
134	153	1.05151
134	159	0.979148
134	160	0.97339
134	161	0.968204
134	167	0.960313
134	168	0.96485
134	169	0.961179
134	172	0.972859
134	173	1.07919
134	174	0.916694
134	175	0.944985
134	176	0.923028
134	178	0.91914
134	179	0.95536
134	180	0.934708
135	8	0.882559
135	10	0.882794
135	25	1.03214
135	46	0.985565
135	50	1.06734
135	60	1.0112
135	63	0.948903
135	108	1.02024
135	116	1.00221
135	124	1.11472
135	126	0.987339
135	128	0.962536
135	129	0.954454
135	131	1.0152
135	132	0.986987
135	137	0.995589
135	142	0.967594
135	144	1.00879
135	147	0.988484
135	150	0.980255
135	151	0.966499
135	155	1.07214
135	157	0.981979
135	159	1.01308
135	161	1.04243
135	162	1.14453
135	164	1.02087
135	165	0.968951
135	166	0.99374
135	168	1.05264
135	169	1.04004
135	170	1.00582
135	173	0.899579
135	174	1.14478
135	178	1.12108
135	179	1.05235
136	6	1.00301
136	26	1.01738
136	44	0.976439
136	65	1.17016
136	69	1.08877
136	72	1.02494
136	77	1.04718
136	85	0.97393
136	107	0.961049
136	111	0.939872
136	117	0.980195
136	118	0.979469
136	119	1.01351
136	125	0.934469
136	127	0.963875
136	133	1.30386
136	134	1.08975
136	138	0.945162
