1	84	0.444636
1	114	0.483811
1	142	0.482629
1	163	0.496611
1	164	1.37216
1	165	0.484518
1	167	1.41382
1	169	1.3592
1	172	1.37544
1	177	1.35171
1	178	1.36618
1	179	1.36215
2	110	1.50878
2	114	1.36686
2	125	1.35064
2	133	1.34569
2	134	0.486259
2	137	0.455377
2	144	1.34497
2	148	0.475211
2	152	1.33664
2	169	0.499986
2	170	0.481622
2	175	1.34688
3	45	0.486013
3	121	1.38641
3	131	1.3541
3	136	0.482835
3	156	0.474748
3	160	0.476979
3	161	1.36295
3	162	0.489844
3	163	1.34538
3	170	1.37266
3	171	1.3889
3	176	1.38977
4	28	1.42265
4	72	1.34434
4	83	1.41805
4	103	0.445695
4	110	0.431654
4	121	0.504351
4	131	0.504792
4	142	0.507093
4	162	1.38458
4	177	1.3353
4	178	1.34977
4	179	1.34574
5	28	0.568967
5	29	1.2568
5	49	1.19627
5	51	0.622873
5	61	0.635436
5	68	0.569618
5	82	1.14096
5	169	1.1831
5	171	1.22311
5	176	1.22398
5	178	1.19008
5	179	1.18605
6	24	0.429174
6	54	0.520446
6	128	0.503939
6	148	1.38465
6	155	0.488439
6	168	1.3963
6	169	1.36232
6	174	1.36796
6	177	1.35483
6	178	1.3693
6	179	1.36527
6	180	0.449404
7	18	0.463774
7	61	1.12159
7	68	1.21049
7	74	1.15868
7	79	1.15869
7	101	1.22227
7	103	1.28893
7	127	0.665167
7	141	0.623802
7	143	1.15372
7	163	0.651994
7	180	1.28543
8	11	1.38555
8	29	1.40804
8	43	1.36809
8	49	1.3475
8	65	1.38036
8	137	1.38476
8	143	1.3254
8	154	0.485999
8	169	0.489682
8	175	0.477477
8	176	0.466073
8	177	0.486764
9	26	0.496674
9	51	1.35581
9	76	0.491386
9	86	1.41573
9	90	1.37317
9	93	0.457758
9	104	0.474425
9	125	1.3695
9	133	1.36454
9	144	1.36382
9	153	1.3576
9	173	0.476174
10	35	0.553537
10	101	0.455914
10	117	0.42468
10	164	1.37136
10	167	1.41302
10	170	0.470735
10	172	1.37464
10	173	0.487488
10	174	1.36404
10	177	1.35092
10	178	1.36538
10	179	1.36136
11	8	1.38555
11	24	1.50645
11	49	1.34375
11	65	1.37661
11	73	0.503313
11	82	1.28844
11	104	1.31817
11	137	1.38101
11	148	0.474519
11	150	0.498542
11	158	0.439783
11	179	0.49306
12	25	1.30814
12	28	1.40956
12	70	1.38472
12	83	1.40496
12	122	0.479367
12	134	0.490531
12	138	1.38
12	147	1.37095
12	154	1.34173
12	165	0.497491
12	178	0.485144
12	180	0.445211
13	27	0.511557
13	88	0.439677
13	90	1.37996
13	114	1.39251
13	127	1.36436
13	130	1.35642
13	133	1.37134
13	144	1.37062
13	146	0.512289
13	153	1.36439
13	162	0.46874
13	168	0.475188
14	55	0.505452
14	68	0.589515
14	141	1.20254
14	151	1.19424
14	160	1.22518
14	167	1.23626
14	169	1.18164
14	170	0.650154
14	171	0.650802
14	174	1.18728
14	178	1.18862
14	179	1.1846
15	17	0.606813
15	30	1.22247
15	62	1.11367
15	69	1.20916
15	84	1.22534
15	92	1.29833
15	104	0.61722
15	138	1.19841
15	141	0.597714
15	156	0.581395
15	166	1.16635
15	175	1.16616
16	48	1.29424
16	53	1.36832
16	62	1.2385
16	65	0.507937
16	81	0.509682
16	84	1.35017
16	94	0.523481
16	139	1.28243
16	149	0.527917
16	158	1.28382
16	166	1.29118
16	170	0.529756
16	175	1.291
17	15	0.606813
17	43	1.32009
17	65	1.33236
17	74	0.522193
17	82	1.2442
17	103	0.451684
17	133	0.513408
17	152	0.506266
17	173	1.3151
17	176	1.32722
17	177	1.27885
17	178	1.29332
17	179	1.28929
18	7	0.463774
18	97	0.380873
18	146	0.37207
18	148	1.74681
18	151	1.73707
18	155	0.332599
18	166	0.354642
18	171	0.334895
18	172	1.74072
18	173	0.351
18	177	1.71699
18	178	1.73146
18	179	1.72743
19	71	1.23884
19	81	1.33773
19	107	1.31527
19	111	1.32262
19	130	0.520651
19	140	1.26184
19	142	1.26316
19	146	0.545559
19	147	0.501214
19	153	0.52211
19	162	1.2897
19	164	0.5166
19	180	1.37067
20	75	1.46072
20	130	0.438021
20	131	1.47805
20	139	0.431038
20	143	1.4639
20	150	0.442717
20	163	1.46934
20	164	0.43397
20	168	0.425829
20	171	1.51285
20	173	1.5016
20	176	1.51372
20	177	0.440551
21	34	1.37699
21	41	1.2332
21	70	0.496768
21	91	1.30028
21	104	0.530957
21	113	1.30807
21	116	1.27138
21	135	1.30866
21	140	1.29846
21	153	0.530328
21	166	1.30277
21	178	0.515202
21	179	0.528083
22	23	1.25185
22	60	0.554152
22	63	1.33186
22	64	1.33186
22	72	1.26716
22	87	1.35885
22	147	0.517936
22	151	0.504861
22	152	1.27342
22	154	1.27763
22	160	0.505868
22	162	1.30739
22	170	0.524458
23	22	1.25185
23	63	1.33187
23	64	1.33186
23	72	1.26717
23	87	1.35886
23	101	0.507498
23	120	0.514718
23	152	1.27343
23	154	1.27764
23	162	1.3074
23	168	0.523042
23	176	0.517074
23	177	0.537765
24	6	0.429174
24	11	1.50645
24	29	1.52894
24	49	1.4684
24	65	1.50126
24	104	1.44282
24	113	0.447543
24	121	0.44483
24	137	1.50566
24	143	1.4463
24	158	0.396716
24	162	0.432138
24	179	0.449993
25	12	1.30814
25	28	1.33768
25	54	1.23077
25	70	1.31283
25	83	1.33307
25	89	0.524506
25	138	1.30811
25	147	1.29906
25	153	0.534323
25	154	1.26984
25	156	0.499127
25	162	0.514222
25	169	0.538312
26	9	0.496674
26	102	0.521519
26	131	0.543437
26	150	1.28296
26	160	1.3325
26	168	1.32294
26	169	1.28896
26	171	0.536678
26	172	1.3052
26	174	1.2946
26	177	1.28148
26	179	1.29192
26	180	0.495347
27	13	0.511557
27	137	0.509622
27	148	1.30708
27	149	1.30613
27	165	0.547464
27	167	1.33936
27	172	1.30099
27	174	1.29038
27	176	0.530622
27	177	1.27726
27	178	1.29173
27	179	1.2877
27	180	0.495185
28	4	1.42265
28	5	0.568967
28	12	1.40956
28	25	1.33768
28	70	1.41426
28	83	1.4345
28	123	0.440898
28	127	0.47435
28	138	1.40954
28	145	0.429399
28	147	1.40049
28	152	0.440379
28	154	1.37126
28	179	0.449617
29	5	1.2568
29	8	1.40804
29	24	1.52894
29	43	1.38683
29	65	1.39909
29	76	0.494199
29	82	1.31093
29	98	0.500266
29	117	1.50567
29	126	0.445425
29	137	1.4035
29	139	0.468166
29	164	0.471098
29	180	0.421551
30	15	1.22247
30	32	1.44573
30	44	0.46217
30	53	1.44911
30	84	1.43096
30	92	1.50395
30	122	0.463358
30	130	0.482801
30	138	1.40403
30	166	1.37197
30	167	0.457335
30	168	0.470609
30	171	0.470534
30	175	1.37178
31	85	1.42831
31	91	1.38507
31	116	1.35616
31	135	1.39344
31	140	1.38324
31	141	0.4627
31	142	1.38457
31	152	1.37713
31	157	0.474285
31	158	0.426055
31	173	0.483955
31	175	0.473361
31	177	0.482648
31	180	1.49208
32	30	1.44573
32	37	1.43506
32	53	1.46675
32	59	1.31105
32	62	1.33693
32	69	1.43242
32	109	0.503402
32	113	0.468442
32	143	0.473229
32	158	1.38224
32	170	0.458762
32	175	1.38942
32	179	0.470892
32	180	0.418079
33	34	0.447196
33	72	0.495545
33	81	0.455126
33	120	0.467598
33	151	1.39808
33	160	1.42902
33	161	0.491425
33	162	1.42727
33	169	1.38548
33	172	1.40172
33	177	1.378
33	178	1.39246
33	179	1.38844
33	180	0.434517
34	21	1.37699
34	33	0.447196
34	46	1.3766
34	91	1.38759
34	112	0.451593
34	113	1.39537
34	135	1.39596
34	136	0.458039
34	140	1.38576
34	142	1.38709
34	153	0.485148
34	169	0.489137
34	172	0.473008
34	180	1.4946
35	10	0.553537
35	103	0.529889
35	129	1.23226
35	140	0.581662
35	146	1.22718
35	151	0.561981
35	155	1.2867
35	161	1.22847
35	162	0.575853
35	165	1.23454
35	170	1.23818
35	171	1.25441
35	173	1.24317
35	176	1.25528
36	38	0.525261
36	44	1.27579
36	57	1.17513
36	90	1.25008
36	100	1.27685
36	114	1.26262
36	133	1.24145
36	144	1.24074
36	151	0.556667
36	153	1.23451
36	160	0.557674
36	169	0.594628
36	175	1.24264
36	178	0.575513
37	32	1.43506
37	52	0.389758
37	53	1.43844
37	69	1.40411
37	92	1.49328
37	108	0.515117
37	139	1.35254
37	156	0.455962
37	158	1.35393
37	162	0.471057
37	166	1.3613
37	169	0.495146
37	175	1.36111
37	178	0.476032
38	36	0.525261
38	48	0.466031
38	121	0.454739
38	123	0.451184
38	134	0.45241
38	151	1.39357
38	160	1.42451
38	167	1.43559
38	168	1.41495
38	174	1.38661
38	176	0.442528
38	177	1.37349
38	178	1.38795
38	179	1.38393
39	46	1.3736
39	85	1.42784
39	98	1.35543
39	107	1.4362
39	116	1.35569
39	121	0.465944
39	140	1.38276
39	152	1.37665
39	163	0.482667
39	167	0.446427
39	168	0.4597
39	169	0.477341
39	179	0.471107
39	180	1.4916
40	85	0.445752
40	105	0.488206
40	152	0.469742
40	164	1.39732
40	165	0.478447
40	166	0.487246
40	167	1.43898
40	168	1.41834
40	172	1.4006
40	174	1.39
40	177	1.37687
40	178	1.39134
40	179	1.38731
40	180	0.426167
41	21	1.2332
41	93	1.25275
41	97	0.609164
41	98	1.21464
41	107	1.29541
41	113	1.25159
41	116	1.2149
41	135	1.25218
41	140	1.24197
41	142	1.2433
41	151	0.542941
41	158	0.521391
41	175	0.568697
41	178	0.561788
42	83	0.435219
42	86	0.456543
42	117	0.425519
42	142	0.481282
42	146	0.509397
42	150	1.38498
42	164	1.40394
42	165	0.483171
42	168	1.42496
42	169	1.39098
42	172	1.40722
42	174	1.39662
42	178	1.39796
42	179	1.39394
43	8	1.36809
43	17	1.32009
43	29	1.38683
43	49	1.32629
43	65	1.35915
43	66	0.492964
43	82	1.27099
43	92	0.4625
43	104	1.30071
43	124	0.523971
43	126	0.507391
43	131	0.531607
43	137	1.36355
43	143	1.30419
43	180	0.483518
44	30	0.46217
44	36	1.27579
44	51	1.3387
44	57	1.28111
44	129	0.514337
44	139	1.34005
44	144	1.34671
44	147	1.37182
44	152	1.33838
44	156	1.35846
44	165	0.502658
44	166	0.511457
44	174	0.504444
44	175	1.34862
44	179	0.503191
45	3	0.486013
45	96	1.34718
45	113	0.4989
45	128	0.503073
45	140	0.489304
45	166	0.509616
45	167	1.37219
45	168	1.35155
45	169	1.31757
45	172	1.33381
45	173	0.505974
45	174	1.32321
45	177	1.31009
45	178	1.32455
45	179	1.32053
46	34	1.3766
46	39	1.3736
46	96	0.502261
46	98	1.27073
46	111	1.35885
46	113	1.30768
46	131	0.503009
46	135	1.30827
46	139	0.501533
46	140	1.29807
46	142	1.29939
46	163	0.519291
46	167	0.48305
46	168	0.496324
46	180	1.40691
47	60	0.525664
47	123	1.35418
47	128	1.31621
47	145	0.487882
47	146	1.31151
47	149	0.494132
47	152	0.498862
47	155	1.37103
47	165	1.31887
47	168	0.496693
47	170	1.32251
47	171	1.33874
47	173	1.3275
47	176	1.33962
47	179	0.5081
48	16	1.29424
48	38	0.466031
48	62	1.26622
48	84	1.37789
48	92	1.45088
48	137	0.490789
48	138	1.35096
48	139	1.31014
48	147	0.510512
48	155	0.515386
48	158	1.31153
48	166	1.3189
48	167	0.504483
48	175	1.31871
48	176	0.511789
49	5	1.19627
49	8	1.3475
49	11	1.34375
49	24	1.4684
49	43	1.32629
49	65	1.33856
49	82	1.25039
49	117	1.44513
49	127	0.535425
49	135	0.501711
49	143	1.2836
49	159	0.488418
49	166	0.518958
49	178	0.497811
49	180	0.457879
50	63	0.49179
50	78	0.51298
50	82	1.28019
50	84	0.486532
50	90	0.511422
50	92	0.453118
50	116	0.532525
50	137	1.37276
50	143	1.31339
50	166	1.34057
50	168	1.35631
50	170	1.3461
50	173	1.35109
50	177	1.31484
50	179	1.32528
51	5	0.622873
51	9	1.35581
51	44	1.3387
51	63	0.468365
51	66	0.460156
51	110	1.46746
51	114	1.32553
51	126	0.474583
51	127	1.29738
51	130	1.28944
51	133	1.30436
51	148	0.484981
51	155	0.489745
51	156	1.3154
51	175	1.30555
52	37	0.389758
52	86	1.33617
52	89	0.41631
52	100	1.32038
52	110	1.44807
52	114	1.30615
52	117	1.42072
52	125	1.28993
52	133	1.28498
52	144	1.28426
52	147	1.30937
52	158	0.912145
52	163	0.435442
52	174	0.425135
52	177	0.427198
53	16	1.36832
53	30	1.44911
53	32	1.46675
53	37	1.43844
53	59	1.31443
53	84	1.45197
53	92	1.52496
53	119	0.491899
53	127	0.479736
53	132	0.459566
53	136	0.430139
53	148	0.436462
53	164	0.451737
53	166	1.39298
53	175	1.3928
53	179	0.455003
54	6	0.520446
54	25	1.23077
54	70	1.30735
54	83	1.32759
54	86	1.32038
54	96	0.535795
54	133	1.26919
54	144	1.26848
54	153	1.26225
54	163	1.24882
54	164	0.538
54	165	1.27247
54	176	1.29321
54	177	0.544582
54	178	0.528385
54	179	0.541266
55	14	0.505452
55	61	1.34485
55	68	1.43375
55	74	1.38194
55	77	0.387767
55	79	1.38195
55	101	1.44553
55	103	1.51219
55	127	0.390937
55	143	1.37698
55	156	1.41381
55	157	0.361157
55	158	0.822211
55	166	0.37447
55	172	0.356309
55	180	1.50868
56	58	0.552432
56	113	0.537119
56	122	0.520912
56	154	0.54212
56	155	1.31243
56	157	1.27995
56	161	1.2542
56	163	1.23663
56	165	1.26027
56	167	0.514888
56	170	1.26391
56	171	1.28014
56	173	1.2689
56	174	0.540823
56	176	1.28101
56	180	1.36291
57	36	1.17513
57	44	1.28111
57	66	0.508412
57	90	1.2554
57	100	1.28217
57	110	1.40987
57	114	1.26794
57	117	1.38251
57	125	1.25173
57	138	0.520816
57	144	1.24606
57	157	0.546731
57	165	0.551245
57	175	1.24796
57	176	0.534402
57	178	0.538897
58	56	0.552432
58	63	1.2921
58	64	1.29209
58	77	0.557461
58	87	1.31908
58	101	1.28546
58	103	1.35212
58	112	0.504589
58	134	0.528406
58	155	0.522121
58	171	0.524417
58	174	1.23148
58	177	1.21836
58	178	1.23282
58	179	1.22879
58	180	1.34861
59	32	1.31105
59	53	1.31443
59	69	1.28009
59	101	1.27867
59	103	1.34533
59	119	1.18407
59	145	0.529632
59	150	0.555331
59	152	0.540612
59	159	0.527576
59	160	0.51913
59	168	0.538443
59	173	1.24781
59	175	1.2371
59	176	1.25993
59	180	1.34182
60	22	0.554152
60	47	0.525664
60	79	0.542362
60	99	0.553539
60	149	1.28674
60	164	1.27831
60	167	1.31997
60	168	1.29933
60	169	1.26535
60	170	0.528471
60	172	1.28159
60	174	1.27099
60	177	1.25787
60	178	1.27233
60	179	1.26831
60	180	0.487788
61	5	0.635436
61	7	1.12159
61	55	1.34485
61	68	1.28613
61	74	1.23432
61	79	1.23433
61	101	1.29792
61	103	1.36458
61	106	0.516261
61	137	1.28873
61	144	0.509313
61	153	0.51833
61	154	0.518636
61	156	1.2662
61	178	0.503205
61	180	1.36107
62	15	1.11367
62	16	1.2385
62	32	1.33693
62	48	1.26622
62	69	1.30597
62	84	1.32215
62	92	1.39514
62	138	1.29523
62	143	0.548869
62	145	0.526313
62	153	0.548776
62	162	0.528676
62	166	1.26316
62	167	0.521851
62	175	1.26298
62	176	0.529156
63	22	1.33186
63	23	1.33187
63	50	0.49179
63	51	0.468365
63	58	1.2921
63	64	1.41188
63	72	1.34718
63	87	1.43887
63	127	0.512612
63	130	1.34757
63	150	0.49336
63	152	1.35344
63	154	1.35766
63	162	1.38742
63	172	0.477984
63	174	0.489132
63	178	0.474998
64	22	1.33186
64	23	1.33186
64	58	1.29209
64	63	1.41188
64	72	1.34718
64	87	1.43886
64	109	0.533644
64	127	0.525866
64	130	1.34756
64	149	0.487165
64	152	1.35344
64	154	1.35765
64	158	0.447856
64	160	0.470413
64	162	1.38741
64	172	0.491238
64	180	0.448321
65	8	1.38036
65	11	1.37661
65	16	0.507937
65	17	1.33236
65	24	1.50126
65	29	1.39909
65	43	1.35915
65	49	1.33856
65	73	0.49934
65	82	1.28325
65	104	1.31298
65	124	0.476729
65	140	0.477041
65	143	1.31646
65	150	0.494569
65	151	0.45736
65	173	0.493711
66	43	0.492964
66	51	0.460156
66	57	0.508412
66	67	0.475623
66	136	1.40798
66	150	1.33735
66	159	1.37288
66	161	0.483766
66	166	0.487936
66	167	1.39797
66	169	1.34335
66	172	1.35959
66	173	0.484293
66	174	1.34899
66	177	1.33586
66	178	1.35033
66	179	1.3463
67	66	0.475623
67	110	0.441129
67	115	1.41029
67	119	1.30234
67	126	0.49005
67	131	1.34252
67	138	0.488027
67	145	0.498771
67	157	1.37713
67	161	1.35138
67	162	0.501134
67	163	1.33381
67	170	1.36109
67	171	1.37732
67	173	1.36608
67	175	0.513018
67	176	1.3782
68	5	0.569618
68	7	1.21049
68	14	0.589515
68	55	1.43375
68	61	1.28613
68	74	1.32322
68	79	1.32323
68	101	1.38682
68	103	1.45348
68	137	1.37763
68	146	0.475961
68	156	1.3551
68	162	0.432412
68	165	0.449734
68	172	0.440372
68	175	0.444296
68	180	1.44997
69	15	1.20916
69	32	1.43242
69	37	1.40411
69	59	1.28009
69	62	1.30597
69	84	1.41764
69	92	1.49063
69	93	0.488842
69	107	0.472881
69	115	0.463295
69	139	1.34989
69	158	1.35129
69	159	0.48036
69	164	0.499369
69	171	0.491153
69	174	0.503888
69	175	1.35847
70	12	1.38472
70	21	0.496768
70	25	1.31283
70	28	1.41426
70	54	1.30735
70	73	1.34191
70	83	1.40965
70	96	0.486251
70	104	1.32198
70	124	0.479363
70	126	0.462783
70	129	0.502868
70	138	1.38469
70	147	1.37564
70	153	0.493967
70	154	1.34642
70	175	0.485751
71	19	1.23884
71	81	1.36013
71	93	1.29501
71	94	0.52428
71	107	1.33767
71	115	0.503345
71	135	1.29444
71	137	1.32073
71	138	0.511723
71	140	1.28424
71	142	1.28556
71	152	1.27812
71	158	0.489407
71	160	0.511965
71	162	1.3121
71	164	0.539419
71	176	0.525309
71	180	1.39308
72	4	1.34434
72	22	1.26716
72	23	1.26717
72	33	0.495545
72	63	1.34718
72	64	1.34718
72	87	1.37417
72	99	1.26524
72	128	0.532975
72	130	1.28287
72	135	0.522272
72	139	0.525054
72	152	1.28874
72	154	1.29295
72	162	1.32271
72	164	0.527987
72	178	0.518372
72	180	0.47844
73	11	0.503313
73	65	0.49934
73	70	1.34191
73	78	0.519321
73	83	1.36215
73	90	0.517763
73	132	1.30475
73	133	0.531193
73	137	0.494913
73	144	0.526517
73	154	1.29891
73	163	1.28338
73	172	1.30312
73	173	1.31565
73	176	1.32776
73	177	1.2794
73	178	1.29386
73	179	1.28984
74	7	1.15868
74	17	0.522193
74	55	1.38194
74	61	1.23432
74	68	1.32322
74	79	1.27142
74	99	0.542664
74	101	1.33501
74	103	1.40167
74	117	0.471541
74	137	1.32582
74	143	1.26645
74	156	1.30329
74	158	0.476449
74	164	0.52646
74	166	0.537992
74	172	0.519831
74	180	1.39816
75	20	1.46072
75	94	0.513727
75	113	0.529681
75	126	0.503192
75	129	1.2851
75	139	0.525933
75	146	1.28002
75	155	1.33954
75	159	0.509857
75	161	1.28131
75	163	1.26374
75	165	1.28739
75	167	0.50745
75	170	1.29102
75	171	1.30725
75	173	1.29601
75	176	1.30813
75	178	0.519251
76	9	0.491386
76	29	0.494199
76	88	0.495954
76	123	1.33694
76	129	1.29935
76	131	1.2867
76	132	1.29936
76	139	0.536674
76	144	0.5361
76	156	0.509921
76	157	1.32131
76	161	1.29555
76	165	1.30163
76	170	1.30526
76	171	1.3215
76	173	1.31025
76	176	1.32237
76	179	0.542872
77	55	0.387767
77	58	0.557461
77	119	1.25456
77	120	1.33599
77	125	0.534458
77	129	1.3074
77	131	1.29475
77	134	1.32018
77	139	0.538401
77	151	0.512871
77	163	1.28604
77	165	1.30968
77	170	1.31331
77	171	1.32955
77	173	1.3183
77	176	1.33042
77	178	0.531718
77	179	0.544599
78	50	0.51298
78	73	0.519321
78	81	1.3562
78	85	1.32538
78	98	1.25297
78	105	0.518294
78	111	1.34109
78	113	1.28992
78	127	0.533801
78	135	1.29051
78	136	0.484204
78	140	1.28031
78	142	1.28163
78	150	0.51455
78	162	1.30817
78	163	0.520628
78	166	1.28461
78	180	1.38915
79	7	1.15869
79	55	1.38195
79	60	0.542362
79	61	1.23433
79	68	1.32323
79	74	1.27142
79	101	1.33502
79	103	1.40168
79	124	0.512438
79	136	0.499933
79	137	1.32583
79	143	1.26646
79	156	1.3033
79	159	0.502523
79	171	0.513315
79	178	0.511917
79	179	0.524797
79	180	1.39817
80	89	0.525459
80	123	1.33213
80	130	0.533816
80	132	1.29456
80	134	1.30733
80	138	0.502069
80	146	1.28946
80	155	1.34899
80	156	0.50008
80	160	0.502311
80	161	1.29075
80	164	0.529765
80	165	1.29683
80	168	0.521624
80	170	1.30046
80	171	1.3167
80	173	1.30545
80	176	1.31757
81	16	0.509682
81	19	1.33773
81	33	0.455126
81	71	1.36013
81	78	1.3562
81	93	1.39389
81	94	0.472428
81	96	0.485362
81	103	0.427013
81	107	1.43656
81	116	1.35604
81	133	0.488737
81	135	1.39332
81	140	1.38312
81	141	0.474201
81	142	1.38445
81	162	1.41098
81	166	1.38743
81	177	0.494149
82	5	1.14096
82	11	1.28844
82	17	1.2442
82	29	1.31093
82	43	1.27099
82	49	1.25039
82	50	1.28019
82	65	1.28325
82	104	1.22482
82	117	1.38983
82	137	1.28766
82	143	1.22829
82	150	0.561684
82	158	0.502925
82	162	0.538347
82	174	0.557456
82	175	0.550232
82	176	0.538827
82	177	0.559519
83	4	1.41805
83	12	1.40496
83	25	1.33307
83	28	1.4345
83	42	0.435219
83	54	1.32759
83	70	1.40965
83	73	1.36215
83	104	1.34222
83	119	0.511447
83	129	0.485697
83	133	0.472455
83	138	1.40493
83	139	0.468353
83	147	1.39588
83	154	1.36666
83	164	0.471285
83	169	0.480785
83	177	0.477867
84	1	0.444636
84	15	1.22534
84	16	1.35017
84	30	1.43096
84	48	1.37789
84	50	0.486532
84	53	1.45197
84	62	1.32215
84	69	1.41764
84	92	1.50681
84	96	0.47715
84	131	0.477898
84	133	0.480525
84	141	0.465989
84	143	0.484959
84	158	1.36747
84	166	1.37483
84	174	0.483874
84	175	1.37465
85	31	1.42831
85	39	1.42784
85	40	0.445752
85	78	1.32538
85	97	0.524305
85	111	1.41308
85	113	1.36192
85	116	1.32522
85	123	0.481089
85	135	1.3625
85	137	1.3888
85	140	1.3523
85	142	1.35363
85	144	0.483036
85	158	0.436531
85	160	0.459088
85	170	0.477679
85	179	0.489808
85	180	1.46114
86	9	1.41573
86	42	0.456543
86	52	1.33617
86	54	1.32038
86	100	1.39968
86	110	1.52738
86	118	0.471093
86	125	1.36924
86	128	0.497598
86	130	1.34936
86	133	1.36428
86	135	0.486895
86	144	1.36357
86	147	1.38867
86	154	0.498426
86	162	0.47802
86	167	0.471194
86	175	1.36547
86	180	0.443063
87	22	1.35885
87	23	1.35886
87	58	1.31908
87	63	1.43887
87	64	1.43886
87	72	1.37417
87	99	1.35692
87	109	0.507371
87	130	1.37455
87	138	0.443899
87	146	0.500554
87	147	0.456209
87	152	1.38043
87	153	0.477105
87	154	1.38464
87	162	1.4144
87	175	0.46889
87	177	0.478177
87	179	0.474861
88	13	0.439677
88	76	0.495954
88	97	0.510615
88	120	0.456387
88	136	1.42594
88	145	1.38665
88	146	0.501812
88	149	1.38269
88	155	0.462341
88	160	1.40484
88	164	1.37427
88	168	1.39529
88	171	0.464637
88	172	1.37755
88	174	1.36694
88	176	0.458743
88	177	1.35382
88	178	1.36829
88	179	1.36426
89	25	0.524506
89	52	0.41631
89	80	0.525459
89	96	1.34657
89	99	0.528403
89	102	0.488824
89	149	1.33835
89	151	1.32956
89	159	1.3465
89	160	1.3605
89	166	0.523731
89	168	1.35095
89	169	1.31697
89	173	0.520088
89	174	1.3226
89	175	1.33502
89	177	1.30948
89	178	1.32395
89	179	1.31992
89	180	0.462652
90	9	1.37317
90	13	1.37996
90	36	1.25008
90	50	0.511422
90	57	1.2554
90	73	0.517763
90	110	1.48482
90	114	1.34289
90	125	1.32667
90	128	0.509233
90	130	1.3068
90	133	1.32172
90	136	0.482647
90	144	1.321
90	153	1.31478
90	159	0.485237
90	160	0.476791
90	169	0.513745
90	175	1.32291
90	177	0.510827
91	21	1.30028
91	31	1.38507
91	34	1.38759
91	93	1.31983
91	94	0.489454
91	98	1.28172
91	113	1.31867
91	124	0.4955
91	135	1.31926
91	140	1.30905
91	142	1.31038
91	153	0.510104
91	162	1.33691
91	166	1.31336
91	171	0.496377
91	172	0.497964
91	175	0.501888
91	177	0.511175
91	179	0.507859
91	180	1.41789
92	15	1.29833
92	30	1.50395
92	37	1.49328
92	43	0.4625
92	48	1.45088
92	50	0.453118
92	53	1.52496
92	62	1.39514
92	69	1.49063
92	84	1.50681
92	127	0.473939
92	141	0.432574
92	153	0.451451
92	155	0.435429
92	158	1.44046
92	159	0.426932
92	162	0.431351
92	166	1.44782
92	171	0.437725
92	175	1.44764
93	9	0.457758
93	41	1.25275
93	69	0.488842
93	71	1.29501
93	81	1.39389
93	91	1.31983
93	98	1.29067
93	105	0.51847
93	111	1.37878
93	130	0.510029
93	135	1.3282
93	137	1.3545
93	140	1.318
93	142	1.31933
93	153	0.511489
93	161	0.513339
93	166	1.32231
93	174	0.510497
93	176	0.491868
93	180	1.42684
94	16	0.523481
94	71	0.52428
94	75	0.513727
94	81	0.472428
94	91	0.489454
94	124	1.34717
94	145	1.34107
94	151	1.32832
94	159	1.34526
94	163	0.516191
94	165	0.504098
94	167	1.37034
94	168	1.34971
94	169	1.31573
94	172	1.33197
94	174	1.32136
94	177	1.30824
94	178	1.32271
94	179	1.31868
94	180	0.451819
95	111	0.477652
95	113	0.512615
95	117	0.456881
95	120	0.495334
95	134	0.507572
95	143	0.517403
95	147	1.35322
95	148	1.3343
95	159	1.3415
95	160	1.3555
95	164	1.32493
95	165	0.514532
95	167	1.36658
95	168	1.34595
95	169	1.31197
95	171	0.503584
95	172	1.32821
95	177	1.30448
95	178	1.31895
95	179	1.31492
96	45	1.34718
96	46	0.502261
96	54	0.535795
96	70	0.486251
96	81	0.485362
96	84	0.47715
96	89	1.34657
96	110	0.439706
96	122	1.35639
96	146	0.543259
96	148	1.33131
96	151	1.32157
96	160	1.35251
96	166	0.525832
96	167	1.36359
96	168	1.34295
96	169	1.30897
96	177	1.30149
96	178	1.31595
96	179	1.31193
97	18	0.380873
97	41	0.609164
97	85	0.524305
97	88	0.510615
97	120	1.29952
97	123	1.30852
97	128	1.27055
97	131	1.25828
97	134	1.28372
97	138	0.52657
97	145	0.537314
97	155	1.32537
97	157	1.29289
97	161	1.26713
97	163	1.24957
97	171	1.29308
97	173	1.28183
97	176	1.29395
97	177	0.560848
97	179	0.557532
97	180	1.37584
98	29	0.500266
98	39	1.35543
98	41	1.21464
98	46	1.27073
98	78	1.25297
98	91	1.28172
98	93	1.29067
98	107	1.33333
98	116	1.25281
98	120	0.529206
98	122	0.530281
98	135	1.29009
98	136	0.524074
98	140	1.27989
98	142	1.28122
98	153	0.551183
98	158	0.495661
98	159	0.526664
98	162	1.30775
98	174	0.550192
98	180	1.38873
99	60	0.553539
99	72	1.26524
99	74	0.542664
99	87	1.35692
99	89	0.528403
99	107	1.33104
99	113	1.28722
99	116	1.25053
99	123	1.31912
99	138	0.505012
99	139	0.529776
99	140	1.27761
99	142	1.27894
99	147	0.517322
99	154	1.27571
99	156	0.503023
99	162	1.30547
99	163	1.26017
99	170	1.28745
99	175	0.530003
99	176	1.30456
100	36	1.27685
100	52	1.32038
100	57	1.28217
100	86	1.39968
100	110	1.51159
100	114	1.36966
100	115	0.467904
100	125	1.35345
100	128	0.508966
100	133	1.34849
100	144	1.34778
100	152	1.33945
100	153	1.34155
100	156	1.35953
100	158	0.453966
100	160	0.476523
100	168	0.495837
100	170	0.495114
100	171	0.495762
100	173	0.511867
100	175	1.34968
100	176	0.489868
101	7	1.22227
101	10	0.455914
101	23	0.507498
101	55	1.44553
101	58	1.28546
101	59	1.27867
101	61	1.29792
101	68	1.38682
101	74	1.33501
101	79	1.33502
101	103	1.46526
101	116	0.501662
101	125	0.485945
101	127	0.520818
101	137	1.38941
101	141	0.479453
101	143	1.33005
101	156	1.36688
101	167	0.471404
101	170	0.483955
101	179	0.496085
101	180	1.46175
102	26	0.521519
102	89	0.488824
102	104	1.31913
102	121	1.36905
102	132	1.3494
102	134	1.36218
102	146	1.34431
102	149	0.482427
102	152	0.487157
102	157	1.37135
102	161	1.3456
102	163	1.32803
102	164	0.493129
102	165	1.35167
102	167	0.471714
102	168	0.484988
102	170	1.3553
102	171	1.37154
102	173	1.3603
102	174	0.497649
102	176	1.37241
102	178	0.483515
103	4	0.445695
103	7	1.28893
103	17	0.451684
103	35	0.529889
103	55	1.51219
103	58	1.35212
103	59	1.34533
103	61	1.36458
103	68	1.45348
103	74	1.40167
103	79	1.40168
103	81	0.427013
103	101	1.46526
103	129	0.470363
103	137	1.45607
103	143	1.39671
103	146	0.48491
103	156	1.43354
103	160	0.428497
103	161	0.463312
103	175	0.453246
103	178	0.446336
103	180	1.52841
104	9	0.474425
104	11	1.31817
104	15	0.61722
104	21	0.530957
104	24	1.44282
104	43	1.30071
104	65	1.31298
104	70	1.32198
104	82	1.22482
104	83	1.34222
104	102	1.31913
104	110	0.44805
104	136	0.501046
104	145	0.505692
104	147	1.30821
104	154	1.27899
104	155	1.33925
104	160	0.49519
104	162	0.508055
104	165	1.28709
104	173	1.29572
104	174	0.527164
104	176	1.30784
105	40	0.488206
105	78	0.518294
105	93	0.51847
105	108	1.2631
105	112	1.35574
105	116	0.537839
105	119	1.25641
105	134	1.32203
105	137	0.493887
105	138	0.5013
105	145	0.512044
105	146	1.30416
105	154	0.534813
105	155	1.36368
105	156	0.499311
105	157	1.3312
105	161	1.30545
105	163	1.28788
105	165	1.31152
105	170	1.31516
105	171	1.33139
105	173	1.32015
105	176	1.33227
106	61	0.516261
106	112	1.34755
106	118	0.49843
106	123	1.33864
106	131	1.2884
106	133	0.521116
106	134	1.31384
106	146	1.29597
106	151	0.491484
106	154	0.525762
106	155	1.35549
106	156	0.490261
106	157	1.32301
106	158	1.29407
106	161	1.29726
106	163	1.27969
106	169	0.529446
106	170	1.30697
106	171	1.3232
106	172	0.513317
106	173	1.31196
106	176	1.32407
106	177	0.526528
107	19	1.31527
107	39	1.4362
107	41	1.29541
107	69	0.472881
107	71	1.33767
107	81	1.43656
107	98	1.33333
107	99	1.33104
107	111	1.42145
107	113	1.37028
107	114	0.492043
107	115	0.453943
107	116	1.33359
107	136	0.468418
107	137	1.39716
107	140	1.36066
107	142	1.36199
107	153	0.495528
107	154	0.495833
107	164	0.490017
107	167	0.468602
107	172	0.483387
107	175	0.487312
107	180	1.4695
108	37	0.515117
108	105	1.2631
108	109	1.22488
108	120	1.29753
108	128	1.26856
108	130	0.550027
108	131	1.25629
108	134	1.28173
108	141	0.532609
108	150	0.554723
108	157	1.2909
108	159	0.526967
108	160	0.518521
108	161	1.26514
108	165	1.27122
108	166	1.26932
108	167	0.52456
108	170	1.27485
108	171	1.29109
108	173	1.27984
108	175	0.54327
108	176	1.29196
108	179	0.549241
108	180	1.37385
109	32	0.503402
109	64	0.533644
109	87	0.507371
109	108	1.22488
109	115	1.32614
109	118	0.530764
109	121	1.29069
109	127	1.26305
109	128	1.27064
109	132	1.27103
109	146	1.26594
109	155	1.32546
109	157	1.29299
109	159	0.533272
109	163	1.24966
109	165	1.27331
109	168	0.544139
109	170	1.27694
109	171	1.29317
109	173	1.28193
109	174	0.5568
109	176	1.29405
109	177	0.558862
109	178	0.542666
110	2	1.50878
110	4	0.431654
110	51	1.46746
110	52	1.44807
110	57	1.40987
110	67	0.441129
110	86	1.52738
110	90	1.48482
110	96	0.439706
110	100	1.51159
110	104	0.44805
110	125	1.48115
110	126	0.416237
110	130	1.46127
110	132	0.449739
110	133	1.47619
110	139	1.46881
110	150	0.450657
110	152	1.46714
110	156	1.48722
110	167	0.420495
110	168	0.433769
110	178	0.432296
110	179	0.445176
111	19	1.32262
111	46	1.35885
111	78	1.34109
111	85	1.41308
111	93	1.37878
111	95	0.477652
111	107	1.42145
111	113	1.37763
111	116	1.34093
111	117	0.427438
111	129	0.496769
111	130	0.486409
111	135	1.37821
111	140	1.36801
111	142	1.36934
111	146	0.511317
111	147	0.466971
111	152	1.3619
111	157	0.480576
111	162	1.39587
111	166	1.37232
111	174	0.486877
111	175	0.479652
111	177	0.488939
112	34	0.451593
112	58	0.504589
112	105	1.35574
112	106	1.34755
112	115	1.4167
112	118	0.466944
112	129	1.36158
112	131	1.34893
112	147	0.473074
112	154	0.494276
112	155	1.41602
112	157	1.38354
112	161	1.35778
112	162	0.47387
112	163	1.34022
112	165	1.36386
112	168	0.480319
112	169	0.49796
112	170	1.36749
112	171	1.38373
112	173	1.37248
112	174	0.49298
112	176	1.3846
112	178	0.478846
113	21	1.30807
113	24	0.447543
113	32	0.468442
113	34	1.39537
113	41	1.25159
113	45	0.4989
113	46	1.30768
113	56	0.537119
113	75	0.529681
113	78	1.28992
113	85	1.36192
113	91	1.31867
113	95	0.512615
113	99	1.28722
113	107	1.37028
113	111	1.37763
113	116	1.28977
113	137	1.35334
113	142	1.31817
113	148	0.502045
113	156	0.487635
113	162	1.3447
113	168	0.509179
113	175	0.514615
113	180	1.42568
114	1	0.483811
114	2	1.36686
114	13	1.39251
114	36	1.26262
114	51	1.32553
114	52	1.30615
114	57	1.26794
114	90	1.34289
114	100	1.36966
114	107	0.492043
114	125	1.33922
114	130	1.31934
114	133	1.33426
114	138	0.490834
114	141	0.505164
114	144	1.33355
114	145	0.501579
114	147	1.35865
114	154	0.524347
114	156	1.34529
114	172	0.511901
114	174	0.52305
114	175	1.33545
114	178	0.508916
114	180	0.468984
115	67	1.41029
115	69	0.463295
115	71	0.503345
115	100	0.467904
115	107	0.453943
115	109	1.32614
115	112	1.4167
115	119	1.31736
115	120	1.39879
115	121	1.38986
115	131	1.35755
115	138	0.452735
115	150	0.489178
115	154	0.486247
115	155	1.42464
115	157	1.39216
115	163	1.34884
115	167	0.459016
115	170	1.37611
115	171	1.39235
115	172	0.473802
115	173	1.3811
115	174	0.48495
115	175	0.477726
115	176	1.39322
115	180	1.47511
116	21	1.27138
116	31	1.35616
116	39	1.35569
116	41	1.2149
116	50	0.532525
116	81	1.35604
116	85	1.32522
116	98	1.25281
116	99	1.25053
116	101	0.501662
116	105	0.537839
116	107	1.33359
116	111	1.34093
116	113	1.28977
116	124	0.516254
116	135	1.29035
116	137	1.31665
116	140	1.28015
116	142	1.28148
116	145	0.508395
116	148	0.510072
116	149	0.514645
116	153	0.530858
116	166	1.28446
116	177	0.531929
116	179	0.528613
117	10	0.42468
117	29	1.50567
117	42	0.425519
117	49	1.44513
117	52	1.42072
117	57	1.38251
117	74	0.471541
117	82	1.38983
117	95	0.456881
117	111	0.427438
117	122	0.446194
117	133	1.44883
117	136	0.439987
117	139	1.44145
117	143	1.42303
117	144	1.44812
117	152	1.43979
117	154	0.467402
117	161	1.44603
117	163	1.42846
117	165	1.45211
117	168	0.453444
117	170	1.45574
117	174	0.466105
117	176	1.47285
117	177	0.468167
117	179	0.464851
118	86	0.471093
118	106	0.49843
118	109	0.530764
118	112	0.466944
118	120	0.478522
118	124	1.36388
118	128	0.499976
118	133	0.496158
118	141	1.35333
118	145	1.35778
118	148	1.35477
118	150	1.32643
118	160	1.37597
118	163	0.509814
118	164	1.3454
118	166	0.50652
118	167	1.38705
118	168	1.36642
118	169	1.33244
118	170	0.486124
118	172	1.34868
118	174	1.33807
118	175	1.35049
118	177	1.32495
118	178	1.33942
118	179	1.33539
118	180	0.445441
119	53	0.491899
119	59	1.18407
119	67	1.30234
119	77	1.25456
119	83	0.511447
119	105	1.25641
119	115	1.31736
119	128	1.26186
119	129	1.26224
119	132	1.26225
119	146	1.25716
119	147	0.54128
119	148	0.541391
119	149	0.545964
119	150	0.565414
119	161	1.25845
119	162	0.542077
119	163	1.24088
119	165	1.26453
119	170	1.26816
119	171	1.28439
119	173	1.27315
119	174	0.561186
119	175	0.553961
119	176	1.28527
119	179	0.559932
119	180	1.36716
120	23	0.514718
120	33	0.467598
120	77	1.33599
120	88	0.456387
120	95	0.495334
120	97	1.29952
120	98	0.529206
120	108	1.29753
120	115	1.39879
120	118	0.478522
120	121	1.36334
120	123	1.38126
120	128	1.34329
120	134	1.35646
120	149	0.489336
120	152	0.494067
120	153	1.33574
120	157	1.36564
120	161	1.33988
120	165	1.34596
120	168	0.491898
120	170	1.34959
120	171	1.36582
120	172	0.493409
120	173	1.35458
120	175	0.497334
120	176	1.3667
121	3	1.38641
121	4	0.504351
121	24	0.44483
121	38	0.454739
121	39	0.465944
121	102	1.36905
121	109	1.29069
121	115	1.38986
121	120	1.36334
121	128	1.33436
121	130	0.518658
121	136	0.493008
121	143	1.30795
121	146	1.32966
121	148	0.499332
121	149	0.503904
121	153	1.3268
121	157	1.3567
121	159	0.495598
121	163	1.31338
121	165	1.33702
121	170	1.34065
121	171	1.35689
121	175	0.511902
121	176	1.35776
121	177	0.521188
121	180	1.43965
122	12	0.479367
122	30	0.463358
122	56	0.520912
122	96	1.35639
122	98	0.530281
122	117	0.446194
122	128	0.506101
122	132	0.508942
122	136	1.39142
122	140	0.492332
122	141	1.34768
122	145	1.35212
122	149	1.34817
122	151	1.33938
122	152	0.495141
122	156	1.35468
122	157	0.499332
122	160	1.37032
122	164	1.33975
122	167	1.3814
122	168	1.36077
122	172	1.34302
122	174	1.33242
122	177	1.3193
122	178	1.33376
122	179	1.32974
122	180	0.451566
123	28	0.440898
123	38	0.451184
123	47	1.35418
123	76	1.33694
123	80	1.33213
123	85	0.481089
123	97	1.30852
123	99	1.31912
123	106	1.33864
123	120	1.38126
123	128	1.35228
123	146	1.34759
123	152	0.50508
123	159	0.492043
123	161	1.34887
123	162	0.496462
123	165	1.35495
123	166	1.35305
123	167	0.489637
123	168	0.50291
123	169	0.520551
123	170	1.35858
123	171	1.37482
123	173	1.36357
123	174	0.515571
123	176	1.37569
123	177	0.517633
124	43	0.523971
124	65	0.476729
124	70	0.479363
124	79	0.512438
124	91	0.4955
124	94	1.34717
124	116	0.516254
124	118	1.36388
124	125	0.500537
124	135	0.501697
124	136	1.37544
124	141	1.3317
124	143	0.513015
124	145	1.33615
124	150	1.30481
124	151	1.32341
124	159	1.34034
124	160	1.35435
124	164	1.32377
124	167	1.36543
124	168	1.34479
124	169	1.31081
124	171	0.499196
124	172	1.32705
124	173	0.515301
124	174	1.31645
124	177	1.30333
124	178	1.31779
124	179	1.31377
124	180	0.457865
125	2	1.35064
125	9	1.3695
125	52	1.28993
125	57	1.25173
125	77	0.534458
125	86	1.36924
125	90	1.32667
125	100	1.35345
125	101	0.485945
125	110	1.48115
125	114	1.33922
125	124	0.500537
125	127	1.31107
125	131	0.508173
125	133	1.31805
125	139	1.31067
125	144	1.31733
125	147	1.34244
125	152	1.309
125	153	1.3111
125	154	0.515446
125	156	1.32908
125	157	0.507849
125	158	0.459618
125	161	0.516991
125	166	0.521162
125	167	0.488215
125	175	1.31924
125	178	0.500015
125	180	0.460083
126	29	0.445425
126	43	0.507391
126	51	0.474583
126	67	0.49005
126	70	0.462783
126	75	0.503192
126	110	0.416237
126	129	0.505244
126	136	1.42331
126	141	1.37957
126	145	1.38401
126	148	1.38101
126	149	1.38006
126	150	1.35267
126	151	1.37127
126	155	0.48032
126	157	0.48905
126	159	1.38821
126	160	1.40221
126	164	1.37164
126	167	1.41329
126	169	1.35867
126	172	1.37491
126	173	0.49872
126	174	1.36431
126	175	1.37673
126	176	0.476722
126	177	1.35119
126	178	1.36565
126	179	1.36163
126	180	0.441285
127	7	0.665167
127	13	1.36436
127	28	0.47435
127	49	0.535425
127	51	1.29738
127	53	0.479736
127	55	0.390937
127	63	0.512612
127	64	0.525866
127	78	0.533801
127	92	0.473939
127	101	0.520818
127	109	1.26305
127	125	1.31107
127	132	1.30712
127	133	1.30611
127	135	0.538789
127	142	0.545347
127	144	1.3054
127	149	1.31063
127	159	1.31878
127	163	1.28574
127	164	1.30221
127	165	1.30939
127	171	1.32925
127	173	1.31801
127	174	1.29489
127	175	1.3073
127	177	1.28176
127	178	1.29623
127	179	1.2922
128	6	0.503939
128	45	0.503073
128	47	1.31621
128	72	0.532975
128	86	0.497598
128	90	0.509233
128	97	1.27055
128	100	0.508966
128	108	1.26856
128	109	1.27064
128	118	0.499976
128	119	1.26186
128	120	1.34329
128	121	1.33436
128	122	0.506101
128	123	1.35228
128	129	1.3147
128	134	1.32749
128	146	1.30962
128	151	0.493031
128	155	1.36914
128	160	0.494038
128	161	1.3109
128	163	1.29334
128	165	1.31698
128	170	1.32061
128	171	1.33685
128	172	0.514863
128	173	1.3256
128	174	0.526012
128	175	0.518788
128	176	1.33772
128	180	1.41961
129	35	1.23226
129	44	0.514337
129	70	0.502868
129	75	1.2851
129	76	1.29935
129	77	1.3074
129	83	0.485697
129	103	0.470363
129	111	0.496769
129	112	1.36158
129	119	1.26224
129	126	0.505244
129	128	1.3147
129	132	1.31509
129	134	1.32787
129	146	1.31
129	151	0.502455
129	152	0.524945
129	153	1.30714
129	155	1.36952
129	157	1.33704
129	159	0.511908
129	161	1.31128
129	165	1.31736
129	167	0.509502
129	170	1.32099
129	171	1.33723
129	172	0.524287
129	173	1.32598
129	175	0.528212
129	176	1.3381
129	179	0.534183
129	180	1.41999
130	13	1.35642
130	19	0.520651
130	20	0.438021
130	30	0.482801
130	51	1.28944
130	63	1.34757
130	64	1.34756
130	72	1.28287
130	80	0.533816
130	86	1.34936
130	87	1.37455
130	90	1.3068
130	93	0.510029
130	108	0.550027
130	110	1.46127
130	111	0.486409
130	114	1.31934
130	121	0.518658
130	132	0.528385
130	144	1.29746
130	145	1.30665
130	152	1.28913
130	159	1.31084
130	162	1.3231
130	164	1.29427
130	170	0.511692
130	171	0.51234
130	172	1.29755
130	173	0.528445
130	177	1.27382
130	178	1.28829
130	179	1.28426
130	180	0.471009
131	3	1.3541
131	4	0.504792
131	20	1.47805
131	26	0.543437
131	43	0.531607
131	46	0.503009
131	67	1.34252
131	76	1.2867
131	77	1.29475
131	84	0.477898
131	97	1.25828
131	106	1.2884
131	108	1.25629
131	112	1.34893
131	115	1.35755
131	125	0.508173
131	137	0.479938
131	140	0.506267
131	146	1.29735
131	155	1.35687
131	157	1.32439
131	161	1.29863
131	162	0.500458
131	163	1.28107
131	164	0.515048
131	165	1.30471
131	170	1.30834
131	171	1.32458
131	172	0.508418
131	173	1.31334
131	176	1.32545
131	177	0.52163
131	178	0.505433
132	53	0.459566
132	73	1.30475
132	76	1.29936
132	80	1.29456
132	102	1.3494
132	109	1.27103
132	110	0.449739
132	119	1.26225
132	122	0.508942
132	127	1.30712
132	129	1.31509
132	130	0.528385
132	135	0.518619
132	146	1.31001
132	149	0.513631
132	154	0.53015
132	155	1.36953
132	157	1.33705
132	159	0.505325
132	161	1.31129
132	163	1.29373
132	165	1.31737
132	166	1.31547
132	168	0.516192
132	170	1.321
132	171	1.33724
132	172	0.517704
132	173	1.326
132	175	0.521628
132	176	1.33811
132	178	0.514719
132	179	0.527599
132	180	1.42
133	2	1.34569
133	9	1.36454
133	13	1.37134
133	17	0.513408
133	36	1.24145
133	51	1.30436
133	52	1.28498
133	54	1.26919
133	73	0.531193
133	81	0.488737
133	83	0.472455
133	84	0.480525
133	86	1.36428
133	90	1.32172
133	100	1.34849
133	106	0.521116
133	110	1.47619
133	114	1.33426
133	117	1.44883
133	118	0.496158
133	125	1.31805
133	127	1.30611
133	136	0.496076
133	139	1.30571
133	144	1.31238
133	147	1.33748
133	148	0.5024
133	151	0.489213
133	153	1.30615
133	156	1.32412
133	158	0.467663
133	164	0.517675
133	173	0.525564
133	175	1.31428
133	176	0.503565
134	2	0.486259
134	12	0.490531
134	38	0.45241
134	58	0.528406
134	77	1.32018
134	80	1.30733
134	95	0.507572
134	97	1.28372
134	102	1.36218
134	105	1.32203
134	106	1.31384
134	108	1.28173
134	120	1.35646
134	128	1.32749
134	129	1.32787
134	139	0.509345
134	141	0.498911
134	142	0.513121
134	153	1.31993
134	155	1.38231
134	156	0.482592
134	161	1.32407
134	163	1.30651
134	165	1.33015
134	166	1.32825
134	167	0.490862
134	169	0.521777
134	170	1.33378
134	171	1.35002
134	173	1.33877
134	175	0.509572
134	176	1.35089
134	177	0.518859
134	178	0.502663
134	180	1.43278
135	21	1.30866
135	31	1.39344
135	34	1.39596
135	41	1.25218
135	46	1.30827
135	49	0.501711
135	71	1.29444
135	72	0.522272
135	78	1.29051
135	81	1.39332
135	85	1.3625
135	86	0.486895
135	91	1.31926
135	93	1.3282
135	98	1.29009
135	111	1.37821
135	116	1.29035
135	124	0.501697
135	127	0.538789
135	132	0.518619
135	137	1.35393
135	140	1.31743
135	142	1.31876
135	147	0.495404
135	151	0.482328
135	152	1.31132
135	153	0.516301
135	158	0.460778
135	160	0.483335
135	162	1.34529
135	166	1.32174
135	167	0.489375
135	178	0.501175
135	179	0.514056
135	180	1.42627
136	3	0.482835
136	34	0.458039
136	53	0.430139
136	66	1.40798
136	78	0.484204
136	79	0.499933
136	88	1.42594
136	90	0.482647
136	98	0.524074
136	104	0.501046
136	107	0.468418
136	117	0.439987
136	121	0.493008
136	122	1.39142
136	124	1.37544
136	126	1.42331
136	133	0.496076
136	141	1.36489
136	145	1.36934
136	148	1.36633
136	150	1.338
136	158	1.35487
136	159	1.37353
136	160	1.38753
136	163	0.509732
136	164	1.35696
136	167	1.39861
136	168	1.37798
136	169	1.344
136	172	1.36024
136	174	1.34963
136	176	0.480796
136	177	1.33651
136	178	1.35098
136	179	1.34695
136	180	0.445359
137	2	0.455377
137	8	1.38476
137	11	1.38101
137	24	1.50566
137	27	0.509622
137	29	1.4035
137	43	1.36355
137	48	0.490789
137	50	1.37276
137	61	1.28873
137	68	1.37763
137	71	1.32073
137	73	0.494913
137	74	1.32582
137	79	1.32583
137	82	1.28766
137	85	1.3888
137	93	1.3545
137	101	1.38941
137	103	1.45607
137	105	0.493887
137	107	1.39716
137	113	1.35334
137	116	1.31665
137	131	0.479938
137	135	1.35393
137	145	0.464443
137	147	0.466009
137	153	0.486906
137	160	0.453941
137	168	0.473254
137	169	0.490895
137	170	0.472531
137	173	0.489284
137	177	0.487977
137	180	1.45256
