1	104	1.2518
1	119	1.21028
1	125	0.67669
1	126	1.24726
1	129	1.21614
1	130	1.18122
1	141	1.19449
1	143	1.18492
1	149	0.677702
1	163	0.780138
1	171	0.687719
1	179	1.11318
2	29	1.06861
2	67	1.08316
2	77	1.02402
2	82	1.02785
2	93	1.06002
2	100	1.1267
2	105	1.09241
2	132	1.10206
2	135	1.04713
2	147	0.887513
2	152	0.850866
2	160	0.985432
3	15	1.02113
3	25	1.11002
3	80	1.04505
3	87	1.11148
3	89	1.02336
3	101	1.05712
3	107	1.11429
3	132	0.845906
3	158	1.01516
3	160	1.06026
3	161	1.06837
3	171	0.865714
4	65	1.22566
4	83	1.18521
4	84	0.64922
4	112	1.2025
4	114	1.20336
4	120	1.19387
4	136	1.19147
4	138	1.19116
4	142	1.20926
4	151	0.636047
4	162	0.704947
4	173	0.854445
5	69	1.19984
5	75	1.21166
5	106	1.26954
5	109	1.23874
5	122	1.22117
5	124	1.20188
5	147	0.609784
5	148	1.07835
5	150	0.661401
5	160	1.19766
5	171	0.658127
5	179	0.895121
6	10	0.629141
6	49	0.57646
6	79	0.414327
6	120	0.364432
6	167	1.22897
6	172	1.16226
6	174	1.24306
6	175	1.22194
6	176	1.19814
6	177	1.1218
6	178	1.24185
6	180	1.18214
7	20	1.20924
7	59	1.26347
7	65	1.2077
7	73	1.23669
7	121	1.16881
7	136	1.17351
7	138	1.17321
7	140	0.333307
7	142	1.1913
7	148	0.891811
7	166	0.483002
7	177	1.13296
8	60	1.26591
8	80	1.16503
8	87	1.23146
8	89	1.14334
8	101	1.1771
8	107	1.23427
8	117	0.855415
8	132	0.609142
8	137	0.677588
8	160	1.18024
8	161	1.18834
8	169	0.674011
9	139	0.688206
9	146	0.707338
9	155	0.686956
9	158	1.0891
9	165	1.16761
9	166	1.12489
9	167	1.06676
9	173	1.04784
9	176	1.03594
9	177	0.959601
9	178	1.07964
9	180	1.01994
10	6	0.629141
10	108	1.05202
10	114	1.06581
10	120	1.05631
10	121	1.04922
10	134	1.07717
10	136	1.05391
10	138	1.05361
10	142	1.0717
10	151	1.02156
10	164	1.10375
10	170	0.959237
11	58	1.15298
11	86	1.19138
11	113	1.24027
11	122	1.24397
11	124	1.22468
11	127	0.711314
11	148	1.10115
11	153	0.598982
11	155	1.22669
11	156	0.844288
11	161	0.684784
11	168	1.24417
12	58	1.13311
12	75	1.21458
12	86	1.1715
12	109	1.24165
12	122	1.22409
12	124	1.2048
12	135	1.21504
12	154	0.680924
12	164	0.586435
12	168	1.22429
12	170	0.548182
12	172	1.01834
13	20	1.22095
13	78	0.759766
13	83	1.17895
13	120	1.18762
13	121	1.18052
13	134	1.20847
13	138	1.18491
13	142	1.203
13	154	0.65283
13	164	1.23505
13	170	0.520089
13	180	0.887431
14	16	0.690973
14	39	1.20605
14	48	1.22198
14	61	1.28556
14	97	1.22346
14	99	0.620969
14	117	0.79562
14	118	1.17069
14	127	0.701864
14	159	1.12791
14	164	1.23457
14	179	1.1237
15	3	1.02113
15	35	1.0684
15	43	0.753885
15	80	1.04843
15	87	1.11485
15	89	1.02674
15	101	1.0605
15	107	1.11766
15	160	1.06363
15	161	1.07174
15	171	0.834711
15	173	1.13289
16	14	0.690973
16	116	0.769202
16	153	1.16842
16	155	0.732514
16	162	1.08785
16	165	1.15718
16	166	1.11446
16	172	0.989625
16	175	1.0493
16	177	0.949167
16	178	1.06921
16	180	1.0095
17	21	1.19636
17	27	1.06029
17	46	1.13697
17	47	0.99339
17	55	1.09702
17	68	1.05861
17	131	0.912222
17	135	1.03162
17	144	1.05137
17	152	0.842534
17	164	0.98324
17	169	1.02951
18	79	1.1853
18	99	0.645914
18	112	1.20335
18	114	1.20421
18	120	1.19472
18	121	1.18762
18	134	1.21557
18	136	1.19232
18	142	1.2101
18	160	0.643676
18	169	0.639161
18	173	0.892282
19	26	1.04464
19	72	1.06108
19	77	1.00044
19	82	1.00427
19	93	1.03644
19	100	1.10312
19	105	1.06883
19	127	1.04891
19	132	1.07848
19	135	1.02354
19	140	0.864903
19	151	0.994606
19	166	1.0146
20	7	1.20924
20	13	1.22095
20	32	1.16817
20	76	1.15336
20	96	0.608323
20	112	1.12999
20	120	1.12136
20	133	0.651122
20	136	1.11895
20	139	1.13906
20	142	1.13674
20	176	0.904822
20	179	0.863839
21	17	1.19636
21	46	1.40177
21	47	1.25819
21	53	0.459193
21	55	1.36183
21	63	1.2977
21	127	0.70502
21	139	1.2923
21	144	1.31617
21	151	0.652095
21	162	0.720995
21	169	1.29431
21	170	0.589773
22	35	1.15339
22	49	1.13569
22	80	1.13342
22	87	1.19985
22	89	1.11173
22	101	1.14549
22	107	1.20266
22	127	0.792332
22	144	0.674918
22	153	0.68
22	160	1.14862
22	161	1.15673
22	175	0.885423
23	28	1.20126
23	42	1.15949
23	45	1.18492
23	61	1.25417
23	97	1.19207
23	118	1.13929
23	148	1.0438
23	155	1.16934
23	166	0.70227
23	171	0.603875
23	173	0.902057
23	174	0.823244
23	179	1.0923
24	26	1.15581
24	72	1.17226
24	77	1.11161
24	82	1.11544
24	93	1.14761
24	100	1.21429
24	105	1.18
24	132	1.18965
24	135	1.13472
24	161	0.702938
24	163	0.689178
24	174	0.816127
24	179	0.833752
25	3	1.11002
25	35	1.15729
25	78	0.880214
25	80	1.13731
25	87	1.20374
25	89	1.11563
25	101	1.14939
25	107	1.20655
25	140	0.571774
25	160	1.15252
25	161	1.16063
25	162	0.771759
25	178	0.802145
26	19	1.04464
26	24	1.15581
26	50	0.683231
26	57	0.633521
26	67	1.18881
26	82	1.1335
26	93	1.16567
26	100	1.23235
26	105	1.19806
26	132	1.20771
26	148	1.06636
26	159	1.07173
26	169	0.604216
27	17	1.06029
27	46	1.2657
27	47	1.12212
27	63	1.16163
27	68	1.18734
27	117	1.11502
27	139	1.15623
27	144	1.1801
27	148	0.888744
27	159	0.699552
27	169	1.15824
27	173	0.679723
27	180	0.766345
28	23	1.20126
28	36	1.14812
28	39	1.15245
28	44	0.674129
28	52	1.23852
28	117	0.914178
28	118	1.11709
28	150	0.690986
28	161	1.14902
28	164	1.18097
28	168	1.16462
28	169	0.732774
28	179	1.0701
29	2	1.06861
29	31	0.61365
29	72	1.1907
29	77	1.13006
29	82	1.13389
29	93	1.16606
29	100	1.23274
29	105	1.19845
29	132	1.20809
29	148	1.1646
29	152	0.572403
29	159	1.07211
29	165	0.672308
30	57	0.757471
30	95	1.1706
30	99	0.73492
30	108	1.13393
30	112	1.14686
30	114	1.14772
30	121	1.13113
30	134	1.15908
30	138	1.13552
30	144	0.698401
30	154	0.833309
30	164	1.18566
30	168	1.16931
31	29	0.61365
31	46	0.45937
31	74	1.28788
31	141	0.633234
31	155	0.566951
31	163	1.21693
31	172	1.09382
31	174	1.17462
31	175	1.1535
31	176	1.1297
31	177	1.05337
31	178	1.17341
31	180	1.1137
32	20	1.16817
32	34	0.836233
32	65	1.16662
32	74	0.562524
32	95	1.16721
32	112	1.14347
32	114	1.14432
32	134	1.15568
32	136	1.13243
32	142	1.15022
32	159	0.848788
32	167	0.786469
32	168	1.16592
33	40	0.800915
33	41	1.23623
33	94	1.12378
33	119	1.1147
33	123	1.1028
33	126	1.15168
33	128	0.773574
33	129	1.12056
33	130	1.08564
33	141	1.0989
33	143	1.08934
33	146	1.09511
33	171	0.701863
33	175	0.927663
34	32	0.836233
34	67	0.831388
34	139	0.917401
34	154	1.06214
34	165	1.11366
34	166	1.07095
34	167	1.01282
34	170	1.12642
34	172	0.94611
34	173	0.993894
34	175	1.00579
34	176	0.981988
34	177	0.905652
34	180	0.965987
35	15	1.0684
35	22	1.15339
35	25	1.15729
35	80	1.09232
35	87	1.15875
35	89	1.07063
35	101	1.10439
35	107	1.16156
35	125	0.756115
35	152	0.682153
35	160	1.10753
35	161	1.11563
35	170	0.784607
35	179	1.00414
36	28	1.14812
36	48	1.13745
36	49	1.09704
36	52	1.20759
36	97	1.13894
36	118	1.08616
36	150	0.779449
36	151	0.855959
36	159	1.04339
36	164	1.15004
36	165	0.791089
36	168	1.13369
36	170	0.793637
36	179	1.03917
37	91	1.07983
37	110	1.08544
37	116	1.11924
37	119	1.13987
37	126	1.17685
37	129	1.14574
37	130	1.11082
37	132	0.80625
37	140	0.774758
37	141	1.12408
37	143	1.11452
37	146	1.12029
37	152	0.741067
37	163	0.918477
38	104	1.18027
38	110	1.08431
38	126	1.17573
38	129	1.14461
38	130	1.10969
38	141	1.12296
38	143	1.11339
38	146	1.11917
38	151	1.09798
38	157	1.08414
38	162	0.68585
38	174	0.756535
38	178	0.716236
38	179	1.04165
39	14	1.20605
39	28	1.15245
39	42	1.11068
39	52	1.21192
39	54	0.726009
39	97	1.14327
39	111	0.838964
39	118	1.09049
39	148	0.994998
39	161	1.12241
39	166	0.840208
39	168	1.13802
39	169	0.786875
39	179	1.0435
40	33	0.800915
40	118	0.806975
40	122	0.783694
40	133	1.11729
40	137	1.09617
40	150	1.12192
40	162	1.04039
40	170	1.12247
40	174	1.02296
40	175	1.00184
40	177	0.901703
40	178	1.02175
40	180	0.962038
41	33	1.23623
41	53	0.492423
41	110	1.22244
41	116	1.25624
41	123	1.26498
41	129	1.28274
41	132	0.585733
41	141	1.26108
41	146	1.25729
41	151	1.23611
41	159	0.923552
41	161	0.71172
41	170	0.623003
41	179	1.17978
42	23	1.15949
42	39	1.11068
42	45	1.12095
42	48	1.12662
42	61	1.1902
42	70	1.05334
42	97	1.1281
42	99	0.688293
42	118	1.07532
42	147	0.588135
42	156	0.902162
42	164	1.1392
42	168	1.12285
42	179	1.02833
43	15	0.753885
43	98	1.18433
43	101	0.570192
43	129	0.528453
43	138	0.61182
43	150	1.20673
43	158	1.11601
43	170	1.20728
43	171	1.17733
43	173	1.07476
43	175	1.08665
43	177	0.986514
43	178	1.10656
43	180	1.04685
44	28	0.674129
44	72	0.605888
44	77	0.754262
44	106	0.438718
44	111	1.16183
44	131	1.22579
44	162	1.13935
44	165	1.20867
44	173	1.08891
44	174	1.12192
44	176	1.077
44	177	1.00066
44	178	1.12071
44	180	1.061
45	23	1.18492
45	42	1.12095
45	48	1.15205
45	61	1.21563
45	97	1.15354
45	115	0.718911
45	118	1.10076
45	125	0.676105
45	148	1.00527
45	159	1.05799
45	168	1.14829
45	176	0.96511
45	178	0.866203
45	179	1.05377
46	17	1.13697
46	21	1.40177
46	27	1.2657
46	31	0.45937
46	47	1.19881
46	63	1.23831
46	68	1.26402
46	135	1.23704
46	139	1.23291
46	162	0.651798
46	164	0.55883
46	169	1.23492
46	178	0.682184
46	180	0.887919
47	17	0.99339
47	21	1.25819
47	27	1.12212
47	46	1.19881
47	55	1.15886
47	63	1.09473
47	68	1.12044
47	88	0.6922
47	135	1.09346
47	139	1.08933
47	169	1.09134
47	170	0.649491
47	175	0.857829
47	180	1.01683
48	14	1.22198
48	36	1.13745
48	42	1.12662
48	45	1.15205
48	54	0.722901
48	97	1.1592
48	118	1.10642
48	125	0.727677
48	148	1.01093
48	159	1.06365
48	168	1.15395
48	169	0.783767
48	175	0.964506
48	179	1.05943
49	6	0.57646
49	22	1.13569
49	36	1.09704
49	89	1.05293
49	101	1.08669
49	107	1.14386
49	118	1.06601
49	134	1.10331
49	136	1.08006
49	142	1.09784
49	152	0.804103
49	153	0.909471
49	161	1.09793
49	162	1.03778
49	179	1.01902
50	26	0.683231
50	73	0.692134
50	100	0.599721
50	155	0.734771
50	162	1.11347
50	163	1.13835
50	166	1.14008
50	171	1.1656
50	172	1.01524
50	173	1.06303
50	174	1.09604
50	175	1.07492
50	176	1.05112
50	178	1.09483
50	180	1.03512
51	58	1.27028
51	69	1.33993
51	70	0.865502
51	81	1.32998
51	90	1.29683
51	92	1.3846
51	98	0.540223
51	109	1.37883
51	122	1.36126
51	124	1.34197
51	139	1.34808
51	140	0.397342
51	164	0.504358
51	174	0.668011
51	175	0.674443
52	28	1.23852
52	36	1.20759
52	39	1.21192
52	118	1.17656
52	144	0.721525
52	147	0.657886
52	150	0.709503
52	153	0.726607
52	155	1.20661
52	159	1.13378
52	161	1.20848
52	164	1.24044
52	168	1.22409
52	170	0.723692
52	179	1.12957
53	21	0.459193
53	41	0.492423
53	56	0.561275
53	86	0.638531
53	101	0.537901
53	154	1.25199
53	158	1.225
53	171	1.28632
53	173	1.18375
53	174	1.21676
53	175	1.19565
53	176	1.17184
53	177	1.09551
53	178	1.21555
53	180	1.15584
54	39	0.726009
54	48	0.722901
54	75	0.603519
54	86	0.735843
54	103	1.20511
54	114	1.11044
54	134	1.1218
54	138	1.09824
54	143	1.10925
54	146	1.11502
54	162	1.08031
54	174	1.06287
54	178	1.06166
54	179	1.03751
54	180	1.00196
55	17	1.09702
55	21	1.36183
55	47	1.15886
55	63	1.19836
55	68	1.22408
55	96	0.540448
55	117	1.15175
55	135	1.19709
55	139	1.19296
55	144	1.21684
55	145	0.634853
55	154	0.709175
55	160	0.608547
55	169	1.19497
55	172	1.04659
56	53	0.561275
56	57	0.748758
56	115	0.70617
56	116	1.19749
56	123	1.20623
56	126	1.25511
56	129	1.22399
56	130	1.18907
56	141	1.20233
56	143	1.19277
56	146	1.19854
56	164	0.730108
56	169	1.20418
56	171	0.674393
56	179	1.12103
57	26	0.633521
57	30	0.757471
57	56	0.748758
57	70	1.07858
57	136	0.756367
57	140	1.24013
57	153	1.18256
57	156	1.06426
57	167	1.07047
57	170	1.18408
57	175	1.06344
57	176	1.03964
57	177	0.963306
57	178	1.08335
57	180	1.02364
58	11	1.15298
58	12	1.13311
58	51	1.27028
58	75	1.04929
58	81	1.02751
58	106	1.10717
58	109	1.07636
58	113	1.05509
58	122	1.05879
58	124	1.03951
58	160	1.03528
58	165	0.768314
58	166	0.851794
58	171	0.7534
58	173	1.05158
59	7	1.26347
59	62	1.23336
59	65	1.20737
59	79	1.16616
59	115	0.695761
59	121	1.16848
59	136	1.17318
59	138	1.17287
59	142	1.19096
59	147	0.615641
59	151	0.743768
59	152	0.578993
59	164	1.22301
59	168	1.20666
59	179	0.900978
60	8	1.26591
60	89	1.15154
60	101	1.1853
60	107	1.24247
60	121	1.17397
60	129	1.22059
60	136	1.17867
60	137	0.544831
60	138	1.17836
60	143	1.18937
60	146	1.19514
60	154	0.646396
60	167	0.751884
60	174	0.715561
60	180	0.880997
61	14	1.28556
61	23	1.25417
61	42	1.1902
61	45	1.21563
61	88	0.688378
61	118	1.17
61	155	1.20005
61	159	1.12723
61	161	1.20193
61	163	0.720627
61	168	1.21753
61	169	0.673268
61	171	0.628207
61	178	0.807277
61	179	1.12301
62	59	1.23336
62	76	1.17781
62	84	0.692016
62	95	1.17818
62	108	1.14151
62	112	1.15444
62	114	1.1553
62	121	1.13871
62	134	1.16666
62	136	1.14341
62	138	1.1431
62	142	1.16119
62	161	0.705238
62	169	0.644119
62	170	0.616521
62	172	1.08668
63	21	1.2977
63	27	1.16163
63	46	1.23831
63	47	1.09473
63	55	1.19836
63	68	1.15995
63	111	0.719181
63	117	1.08762
63	135	1.13296
63	139	1.12883
63	144	1.15271
63	149	0.612014
63	151	0.701815
63	158	0.771473
63	169	1.13084
63	173	0.920213
64	92	0.63946
64	114	0.727234
64	126	0.701888
64	131	1.17509
64	142	0.683226
64	145	1.13145
64	149	1.17471
64	156	1.05091
64	163	1.11353
64	172	0.990418
64	174	1.07121
64	175	1.0501
64	176	1.0263
64	177	0.949959
64	178	1.07
64	180	1.01029
65	4	1.22566
65	7	1.2077
65	32	1.16662
65	59	1.20737
65	73	1.18059
65	95	1.15219
65	114	1.1293
65	127	0.684191
65	134	1.14066
65	136	1.11741
65	139	1.13752
65	142	1.1352
65	145	0.627364
65	156	0.817165
65	176	0.829458
65	179	0.788476
66	102	1.08954
66	103	1.25468
66	104	1.2257
66	116	1.16355
66	123	1.17229
66	129	1.19005
66	137	0.768295
66	140	0.668356
66	141	1.16839
66	143	1.15883
66	146	1.1646
66	151	1.14342
66	160	0.769232
66	163	0.812076
66	171	0.719657
66	179	1.08709
67	2	1.08316
67	26	1.18881
67	34	0.831388
67	72	1.20526
67	77	1.14462
67	82	1.14845
67	93	1.18061
67	99	0.577746
67	100	1.2473
67	105	1.21301
67	135	1.16772
67	151	1.13878
67	159	1.08667
67	160	0.575508
67	161	0.632112
67	172	1.01355
68	17	1.05861
68	27	1.18734
68	46	1.26402
68	47	1.12044
68	55	1.22408
68	63	1.15995
68	117	1.11334
68	131	0.673605
68	135	1.15867
68	139	1.15455
68	140	0.637608
68	144	1.17842
68	160	0.738484
68	163	0.781327
68	169	1.15656
68	179	0.925902
69	5	1.19984
69	51	1.33993
69	92	1.1518
69	96	1.16825
69	106	1.17683
69	109	1.14602
69	113	1.12475
69	122	1.12845
69	124	1.10916
69	133	0.686772
69	153	0.682872
69	160	1.10494
69	162	0.811179
69	168	1.12866
69	169	0.707556
69	178	0.841565
70	42	1.05334
70	51	0.865502
70	57	1.07858
70	158	1.01415
70	163	1.04822
70	166	1.04994
70	168	0.973649
70	171	1.07546
70	172	0.925109
70	173	0.972892
70	174	1.0059
70	175	0.984788
70	177	0.88465
70	178	1.00469
70	180	0.944985
71	91	1.13454
71	94	1.20366
71	102	1.09994
71	115	0.602414
71	123	1.18268
71	126	1.23156
71	130	1.16552
71	131	0.555334
71	141	1.17879
71	143	1.16922
71	146	1.175
71	159	0.888649
71	169	1.18064
71	178	0.749707
71	179	1.09748
71	180	0.955442
72	19	1.06108
72	24	1.17226
72	29	1.1907
72	44	0.605888
72	67	1.20526
72	77	1.14612
72	82	1.14995
72	93	1.18212
72	100	1.2488
72	105	1.21451
72	125	0.608443
72	151	1.14029
72	159	1.08817
72	166	0.717867
72	176	0.897449
72	178	0.798542
73	7	1.23669
73	50	0.692134
73	65	1.18059
73	79	1.13939
73	83	1.14014
73	85	0.609581
73	111	0.665208
73	112	1.15744
73	120	1.1488
73	121	1.1417
73	134	1.16965
73	138	1.1461
73	139	1.16651
73	142	1.16419
73	165	0.582972
73	172	1.05568
74	31	1.28788
74	32	0.562524
74	95	0.608639
74	100	0.507392
74	119	0.62077
74	134	0.661892
74	137	1.19835
74	157	1.03905
74	158	1.13338
74	165	1.2119
74	166	1.16918
74	171	1.1947
74	172	1.04434
74	174	1.12514
74	177	1.00389
74	178	1.12393
74	180	1.06422
75	5	1.21166
75	12	1.21458
75	54	0.603519
75	58	1.04929
75	106	1.18864
75	109	1.15784
75	113	1.13657
75	122	1.14027
75	124	1.12098
75	135	1.13122
75	145	0.695206
75	148	0.997455
75	154	0.769528
75	155	1.123
75	158	0.768765
75	160	1.11676
75	180	1.00413
76	20	1.15336
76	62	1.17781
76	79	1.11061
76	85	0.618252
76	108	1.11573
76	112	1.12866
76	120	1.12003
76	121	1.11293
76	133	0.601005
76	134	1.14088
76	136	1.11763
76	138	1.11732
76	139	1.13773
76	157	1.1237
76	167	0.83242
76	168	1.15111
76	178	0.755798
77	2	1.02402
77	19	1.00044
77	24	1.11161
77	29	1.13006
77	44	0.754262
77	67	1.14462
77	72	1.14612
77	82	1.08931
77	93	1.12147
77	96	0.749323
77	100	1.18816
77	105	1.15387
77	125	0.756817
77	132	1.16351
77	147	0.719502
77	151	1.07964
77	159	1.02753
77	176	1.04582
78	13	0.759766
78	25	0.880214
78	114	0.881321
78	117	1.03588
78	147	1.1443
78	148	0.947451
78	155	0.867835
78	156	1.00102
78	165	1.10807
78	166	1.06536
78	170	1.12083
78	171	1.09088
78	174	1.02132
78	175	1.0002
78	176	0.9764
78	177	0.900064
78	178	1.02011
78	180	0.960399
79	6	0.414327
79	18	1.1853
79	59	1.16616
79	73	1.13939
79	76	1.11061
79	83	1.06994
79	98	0.818541
79	108	1.07431
79	120	1.07861
79	121	1.07151
79	134	1.09946
79	136	1.07621
79	138	1.0759
79	148	1.23416
79	151	0.806745
79	164	1.12604
79	165	0.741875
79	168	1.10969
80	3	1.04505
80	8	1.16503
80	15	1.04843
80	22	1.13342
80	25	1.13731
80	35	1.09232
80	87	1.13878
80	89	1.05066
80	96	1.15086
80	101	1.08442
80	107	1.14159
80	145	0.811925
80	149	0.726025
80	153	0.75642
80	160	1.08755
80	161	1.09566
80	166	0.834437
80	176	1.01402
81	51	1.32998
81	58	1.02751
81	86	1.06591
81	90	1.05407
81	106	1.16687
81	109	1.13606
81	113	1.11479
81	122	1.11849
81	124	1.09921
81	139	1.10532
81	147	0.710222
81	148	0.97568
81	150	0.761839
81	160	1.09499
81	161	0.864746
81	168	1.1187
81	169	0.803627
81	175	0.984366
82	2	1.02785
82	19	1.00427
82	24	1.11544
82	26	1.1335
82	29	1.13389
82	67	1.14845
82	72	1.14995
82	77	1.08931
82	88	0.832135
82	93	1.1253
82	100	1.19199
82	105	1.1577
82	149	0.761947
82	151	1.08347
82	159	1.03136
82	162	0.920648
82	165	0.786878
82	169	0.817025
83	4	1.18521
83	13	1.17895
83	73	1.14014
83	79	1.06994
83	95	1.11173
83	108	1.07506
83	112	1.08799
83	120	1.07936
83	134	1.10021
83	136	1.07696
83	138	1.07665
83	140	0.611136
83	142	1.09474
83	151	0.74222
83	152	0.577446
83	158	0.811878
83	168	1.11044
83	177	1.41079
84	4	0.64922
84	62	0.692016
84	106	0.545259
84	112	0.598317
84	128	1.1491
84	141	0.769935
84	152	1.20946
84	157	1.01892
84	165	1.19178
84	166	1.14906
84	167	1.09093
84	170	1.20453
84	174	1.10502
84	175	1.0839
84	176	1.0601
84	177	0.983765
84	178	1.10381
84	180	1.0441
85	73	0.609581
85	76	0.618252
85	118	0.749446
85	123	0.702666
85	152	1.21911
85	157	1.02857
85	165	1.20142
85	167	1.10057
85	168	0.598313
85	170	1.21418
85	171	1.18422
85	172	1.03387
85	173	1.08165
85	175	1.09354
85	176	1.06974
85	177	0.993408
85	178	1.11345
85	180	1.05374
86	11	1.19138
86	12	1.1715
86	53	0.638531
86	54	0.735843
86	81	1.06591
86	90	1.03277
86	92	1.12054
86	96	1.13699
86	106	1.14557
86	113	1.09349
86	122	1.09719
86	124	1.0779
86	135	1.08815
86	155	1.07992
86	168	1.0974
86	169	0.796709
86	171	0.751648
86	179	0.988642
87	3	1.11148
87	8	1.23146
87	15	1.11485
87	22	1.19985
87	25	1.20374
87	35	1.15875
87	80	1.13878
87	89	1.11709
87	96	1.21729
87	98	0.658139
87	101	1.15085
87	107	1.20802
87	132	0.54675
87	158	0.716
87	159	0.88457
87	160	1.15398
87	161	1.16209
87	173	0.864741
87	174	0.785927
88	47	0.6922
88	61	0.688378
88	82	0.832135
88	99	1.21508
88	116	0.707555
88	139	0.672116
88	145	1.1408
88	148	1.00669
88	152	1.185
88	156	1.06026
88	166	1.1246
88	170	1.18007
88	173	1.04755
88	174	1.08056
88	175	1.05944
88	176	1.03564
88	177	0.959304
88	178	1.07935
88	180	1.01964
89	3	1.02336
89	8	1.14334
89	15	1.02674
89	22	1.11173
89	25	1.11563
89	35	1.07063
89	49	1.05293
89	60	1.15154
89	80	1.05066
89	87	1.11709
89	101	1.06273
89	107	1.1199
89	132	0.728392
89	144	0.763495
89	154	0.898404
89	158	0.897641
89	159	1.06621
89	160	1.06587
89	161	1.07397
90	51	1.29683
90	81	1.05407
90	86	1.03277
90	92	1.1087
90	106	1.13373
90	109	1.10292
90	113	1.08165
90	122	1.08535
90	124	1.06606
90	139	1.07218
90	148	0.942537
90	152	0.7135
90	155	1.06808
90	158	0.947933
90	160	1.06184
90	162	0.947175
90	163	0.89091
90	164	0.854206
90	168	1.08556
91	37	1.07983
91	71	1.13454
91	102	1.00065
91	103	1.1658
91	104	1.13682
91	110	1.04086
91	116	1.07466
91	119	1.0953
91	123	1.0834
91	126	1.13228
91	130	1.06624
91	140	0.686786
91	141	1.07951
91	143	1.06994
91	146	1.07572
91	162	0.88677
91	164	0.793802
91	165	0.753
91	172	1.22571
92	51	1.3846
92	64	0.63946
92	69	1.1518
92	86	1.12054
92	90	1.1087
92	96	1.21291
92	109	1.19069
92	113	1.16942
92	122	1.17312
92	124	1.15383
92	132	0.5166
92	135	1.16408
92	139	1.15995
92	144	0.551703
92	148	1.03031
92	149	0.52639
92	155	1.15585
92	173	0.83459
92	177	1.28476
93	2	1.06002
93	19	1.03644
93	24	1.14761
93	26	1.16567
93	29	1.16606
93	67	1.18061
93	72	1.18212
93	77	1.12147
93	82	1.1253
93	100	1.22415
93	105	1.18986
93	132	1.19951
93	144	0.701902
93	151	1.11564
93	152	0.601615
93	154	0.83681
93	159	1.06353
93	160	0.736182
93	170	0.704069
93	180	1.07141
94	33	1.12378
94	71	1.20366
94	96	0.626732
94	102	1.06978
94	104	1.20595
94	110	1.10999
94	123	1.15253
94	126	1.20141
94	129	1.17029
94	130	1.13537
94	137	0.693893
94	143	1.13907
94	146	1.14484
94	151	1.12366
94	153	0.665631
94	169	1.15048
94	174	0.864623
94	175	0.871055
94	176	0.923231
94	179	1.06733
95	30	1.1706
95	32	1.16721
95	62	1.17818
95	65	1.15219
95	74	0.608639
95	83	1.11173
95	108	1.1161
95	112	1.12903
95	120	1.1204
95	131	0.561589
95	134	1.14125
95	136	1.118
95	138	1.11769
95	142	1.13578
95	148	1.0841
95	160	0.626468
95	164	1.16783
95	168	1.15148
95	176	0.854869
95	179	0.813886
96	20	0.608323
96	55	0.540448
96	69	1.16825
96	77	0.749323
96	80	1.15086
96	86	1.13699
96	87	1.21729
96	92	1.21291
96	94	0.626732
96	101	1.16293
96	107	1.22009
96	109	1.20714
96	124	1.17028
96	126	0.580312
96	138	0.674124
96	176	1.0757
96	177	0.999368
96	178	1.11941
96	179	1.09526
96	180	1.0597
97	14	1.22346
97	23	1.19207
97	36	1.13894
97	39	1.14327
97	42	1.1281
97	45	1.15354
97	48	1.1592
97	99	0.732158
97	118	1.10791
97	144	0.695639
97	147	0.632
97	155	1.13796
97	159	1.06513
97	161	1.13983
97	163	0.772762
97	164	1.17179
97	168	1.15544
97	176	0.95832
97	178	0.859413
97	179	1.06092
98	43	1.18433
98	51	0.540223
98	79	0.818541
98	87	0.658139
98	102	0.87895
98	139	0.703525
98	154	1.12367
98	157	1.00235
98	158	1.09668
98	162	1.10587
98	163	1.13075
98	165	1.1752
98	167	1.07435
98	173	1.05543
98	174	1.08844
98	175	1.06732
98	177	0.967188
98	178	1.08723
98	180	1.02752
99	14	0.620969
99	18	0.645914
99	30	0.73492
99	42	0.688293
99	67	0.577746
99	88	1.21508
99	97	0.732158
99	137	1.21961
99	148	1.07254
99	162	1.16383
99	166	1.19044
99	170	1.24592
99	171	1.21596
99	172	1.06561
99	174	1.1464
99	175	1.12529
99	176	1.10148
99	177	1.02515
99	179	1.12104
99	180	1.08548
100	2	1.1267
100	19	1.10312
100	24	1.21429
100	26	1.23235
100	29	1.23274
100	50	0.599721
100	67	1.2473
100	72	1.2488
100	74	0.507392
100	77	1.18816
100	82	1.19199
100	93	1.22415
100	105	1.25655
100	117	0.702111
100	135	1.21126
100	148	0.982849
100	151	1.18232
100	159	1.13021
100	170	0.493108
100	174	0.695014
100	176	0.753622
101	3	1.05712
101	8	1.1771
101	15	1.0605
101	22	1.14549
101	25	1.14939
101	35	1.10439
101	43	0.570192
101	49	1.08669
101	53	0.537901
101	60	1.1853
101	80	1.08442
101	87	1.15085
101	89	1.06273
101	96	1.16293
101	107	1.15366
101	156	0.916702
101	158	0.800461
101	160	1.09963
101	161	1.10773
101	176	0.928995
101	179	0.888013
102	66	1.08954
102	71	1.09994
102	91	1.00065
102	94	1.06978
102	98	0.87895
102	103	1.1312
102	104	1.10222
102	110	1.00626
102	117	1.00353
102	119	1.0607
102	123	1.0488
102	128	0.85908
102	130	1.03164
102	143	1.03534
102	144	1.06862
102	146	1.04112
102	156	1.05305
102	167	1.04306
102	169	1.04675
102	171	0.78737
102	179	0.963602
103	54	1.20511
103	66	1.25468
103	91	1.1658
103	102	1.1312
103	110	1.17141
103	117	1.16868
103	123	1.21395
103	129	1.23171
103	133	0.622243
103	137	0.646605
103	141	1.21005
103	143	1.20049
103	144	1.23376
103	146	1.20626
103	151	1.18508
103	155	1.20579
103	161	0.704146
103	163	0.690386
103	167	0.853659
103	171	0.597967
103	175	0.823767
104	1	1.2518
104	38	1.18027
104	66	1.2257
104	91	1.13682
104	94	1.20595
104	102	1.10222
104	110	1.14243
104	116	1.17623
104	119	1.19686
104	123	1.18496
104	141	1.18107
104	143	1.17151
104	146	1.17728
104	155	1.17681
104	162	0.681749
104	163	0.625484
104	164	0.58878
104	166	0.631459
104	170	0.550527
104	176	0.811041
104	177	1.28142
104	179	1.09977
105	2	1.09241
105	19	1.06883
105	24	1.18
105	26	1.19806
105	29	1.19845
105	67	1.21301
105	72	1.21451
105	77	1.15387
105	82	1.1577
105	93	1.18986
105	100	1.25655
105	115	0.647801
105	117	0.84249
105	128	0.687735
105	132	1.2319
105	135	1.17697
105	145	0.691906
105	151	1.14803
105	153	0.636401
105	154	0.766228
105	159	1.09592
105	167	0.871716
106	5	1.26954
106	44	0.438718
106	58	1.10717
106	69	1.17683
106	75	1.18864
106	81	1.16687
106	84	0.545259
106	86	1.14557
106	90	1.13373
106	109	1.21572
106	113	1.19445
106	122	1.19815
106	124	1.17886
106	148	1.05534
106	155	1.18088
106	158	0.601744
106	159	0.770313
106	160	1.17464
106	167	0.707994
106	168	1.19836
106	177	1.20066
106	179	0.689296
107	3	1.11429
107	8	1.23427
107	15	1.11766
107	22	1.20266
107	25	1.20655
107	35	1.16156
107	49	1.14386
107	60	1.24247
107	80	1.14159
107	87	1.20802
107	89	1.1199
107	96	1.22009
107	101	1.15366
107	127	0.624824
107	131	0.476811
107	150	0.495388
107	157	1.03909
107	160	1.15679
107	161	1.1649
107	165	0.507029
107	173	0.790297
107	177	1.24047
108	10	1.05202
108	30	1.13393
108	62	1.14151
108	76	1.11573
108	79	1.07431
108	83	1.07506
108	95	1.1161
108	112	1.09236
108	114	1.09321
108	120	1.08372
108	125	0.76748
108	131	0.763206
108	134	1.10457
108	136	1.08132
108	138	1.08102
108	139	1.10143
108	142	1.09911
108	145	0.854391
108	150	0.781783
108	160	0.828085
108	164	1.13116
108	176	1.05649
109	5	1.23874
109	12	1.24165
109	51	1.37883
109	58	1.07636
109	69	1.14602
109	75	1.15784
109	81	1.13606
109	90	1.10292
109	92	1.19069
109	96	1.20714
109	106	1.21572
109	113	1.16364
109	122	1.16734
109	124	1.14805
109	131	0.560796
109	133	0.600376
109	148	1.02453
109	151	0.655883
109	159	0.89411
109	164	0.631814
109	172	1.06372
109	178	0.755169
110	37	1.08544
110	38	1.08431
110	41	1.22244
110	91	1.04086
110	94	1.10999
110	102	1.00626
110	103	1.17141
110	104	1.14243
110	116	1.08027
110	119	1.10091
110	126	1.13789
110	129	1.10677
110	130	1.07185
110	132	0.723511
110	133	0.767596
110	137	0.791958
110	141	1.08511
110	143	1.07555
110	146	1.08132
110	149	0.733302
110	160	0.792895
110	172	1.23094
111	39	0.838964
111	44	1.16183
111	63	0.719181
111	73	0.665208
111	127	1.11129
111	133	1.14612
111	136	0.779152
111	141	0.774128
111	145	1.11203
111	154	1.08702
111	155	0.707845
111	156	1.03149
111	162	1.06922
111	165	1.13855
111	167	1.0377
111	170	1.15131
111	171	1.12135
111	172	0.970997
111	174	1.05179
111	175	1.03068
111	176	1.00687
111	177	0.930538
111	178	1.05058
111	180	0.990873
112	4	1.2025
112	18	1.20335
112	20	1.12999
112	30	1.14686
112	32	1.14347
112	62	1.15444
112	73	1.15744
112	76	1.12866
112	83	1.08799
112	84	0.598317
112	95	1.12903
112	108	1.09236
112	114	1.10615
112	121	1.08956
112	134	1.11751
112	136	1.09425
112	138	1.09395
112	142	1.11204
112	153	0.525737
112	156	0.771043
112	157	1.05233
112	165	0.520274
112	177	1.25371
112	179	0.742354
113	11	1.24027
113	58	1.05509
113	69	1.12475
113	75	1.13657
113	81	1.11479
113	86	1.09349
113	90	1.08165
113	92	1.16942
113	106	1.19445
113	109	1.16364
113	122	1.14608
113	124	1.12679
113	132	0.572882
113	139	1.1329
113	145	0.668572
113	148	1.00326
113	155	1.1288
113	158	0.742132
113	159	0.910702
113	160	1.12257
113	161	0.69887
113	164	0.648406
113	168	1.14628
113	177	1.34104
114	4	1.20336
114	10	1.06581
114	18	1.20421
114	30	1.14772
114	32	1.14432
114	54	1.11044
114	62	1.1553
114	64	0.727234
114	65	1.1293
114	78	0.881321
114	108	1.09321
114	112	1.10615
114	115	0.655959
114	120	1.09751
114	121	1.09041
114	132	1.17428
114	134	1.11836
114	138	1.09481
114	142	1.1129
114	144	0.639477
114	166	0.722576
114	168	1.1286
114	175	0.849982
114	179	0.861175
115	45	0.718911
115	56	0.70617
115	59	0.695761
115	71	0.602414
115	105	0.647801
115	114	0.655959
115	145	1.18701
115	146	0.662854
115	150	1.22574
115	152	1.23122
115	156	1.10648
115	157	1.04068
115	160	1.17221
115	165	1.21353
115	166	1.17082
115	167	1.11269
115	171	1.19633
115	172	1.04598
115	173	1.09376
115	175	1.10566
115	176	1.08186
115	177	1.00552
115	178	1.12557
115	180	1.06586
116	16	0.769202
116	37	1.11924
116	41	1.25624
116	56	1.19749
116	66	1.16355
116	88	0.707555
116	91	1.07466
116	104	1.17623
116	110	1.08027
116	117	1.07754
116	119	1.13471
116	126	1.17169
116	129	1.14057
116	130	1.10565
116	141	1.11892
116	143	1.10935
116	145	0.723266
116	146	1.11513
116	147	0.59904
116	150	0.650657
116	155	1.11465
116	159	0.965395
116	176	0.92536
116	179	1.03761
117	8	0.855415
117	14	0.79562
117	27	1.11502
117	28	0.914178
117	55	1.15175
117	63	1.08762
117	68	1.11334
117	78	1.03588
117	100	0.702111
117	102	1.00353
117	103	1.16868
117	105	0.84249
117	116	1.07754
117	124	0.781099
117	141	1.08238
117	144	1.10609
117	146	1.07859
117	157	0.94035
117	167	1.01235
117	169	1.08423
117	172	0.945649
117	174	1.02644
117	176	0.981527
117	179	1.00108
117	180	0.965526
118	14	1.17069
118	23	1.13929
118	28	1.11709
118	36	1.08616
118	39	1.09049
118	40	0.806975
118	42	1.07532
118	45	1.10076
118	48	1.10642
118	49	1.06601
118	52	1.17656
118	61	1.17
118	85	0.749446
118	97	1.10791
118	145	0.783805
118	148	0.959638
118	149	0.697905
118	151	0.787706
118	155	1.08518
118	156	0.973606
118	159	1.01236
118	161	1.08705
118	164	1.11901
118	168	1.10266
118	175	0.933723
118	179	1.00814
119	1	1.21028
119	33	1.1147
119	37	1.13987
119	74	0.62077
119	91	1.0953
119	102	1.0607
119	104	1.19686
119	110	1.10091
119	116	1.13471
119	123	1.14344
119	125	0.577995
119	126	1.19232
119	128	0.660734
119	129	1.16121
119	130	1.12629
119	133	0.6133
119	141	1.13955
119	143	1.12999
119	144	1.16326
119	146	1.13576
119	155	1.13529
119	163	0.681443
119	166	0.687418
119	169	1.1414
119	177	1.33738
119	179	1.05825
119	180	0.973828
120	4	1.19387
120	6	0.364432
120	10	1.05631
120	13	1.18762
120	18	1.19472
120	20	1.12136
120	73	1.1488
120	76	1.12003
120	79	1.07861
120	83	1.07936
120	95	1.1204
120	108	1.08372
120	114	1.09751
120	121	1.08092
120	132	1.16478
120	134	1.10887
120	136	1.08562
120	138	1.08532
120	142	1.10341
120	160	0.726642
120	164	1.13546
120	165	0.69198
120	168	1.1191
120	169	0.722127
120	173	0.975248
120	174	0.896434
120	179	0.914059
120	180	1.06187
121	7	1.16881
121	10	1.04922
121	13	1.18052
121	18	1.18762
121	30	1.13113
121	59	1.16848
121	60	1.17397
121	62	1.13871
121	73	1.1417
121	76	1.11293
121	79	1.07151
121	112	1.08956
121	114	1.09041
121	120	1.08092
121	125	0.652677
121	128	0.735417
121	134	1.10177
121	136	1.07852
121	138	1.07822
121	142	1.09631
121	147	0.615363
121	149	0.653689
121	156	0.92939
121	164	1.12836
121	167	0.919398
121	168	1.11201
121	179	0.9007
121	180	1.04851
122	5	1.22117
122	11	1.24397
122	12	1.22409
122	40	0.783694
122	51	1.36126
122	58	1.05879
122	69	1.12845
122	75	1.14027
122	81	1.11849
122	86	1.09719
122	90	1.08535
122	92	1.17312
122	106	1.19815
122	109	1.16734
122	113	1.14608
122	124	1.13049
122	132	0.664834
122	133	0.708919
122	135	1.14073
122	139	1.1366
122	150	0.687916
122	153	0.705019
122	155	1.1325
122	160	1.12627
122	161	0.790822
122	165	0.699556
122	168	1.14998
122	170	0.702105
122	175	0.910443
123	33	1.1028
123	41	1.26498
123	56	1.20623
123	66	1.17229
123	71	1.18268
123	85	0.702666
123	91	1.0834
123	94	1.15253
123	102	1.0488
123	103	1.21395
123	104	1.18496
123	119	1.14344
123	126	1.18042
123	130	1.11439
123	140	0.609842
123	141	1.12765
123	143	1.11809
123	144	1.15136
123	146	1.12386
123	149	0.651125
123	151	1.10268
123	155	1.12339
123	160	0.710719
123	161	0.767323
123	165	0.676057
123	166	0.759537
123	169	1.1295
123	172	1.14876
123	178	0.840213
123	179	1.04635
124	5	1.20188
124	11	1.22468
124	12	1.2048
124	51	1.34197
124	58	1.03951
124	69	1.10916
124	75	1.12098
124	81	1.09921
124	86	1.0779
124	90	1.06606
124	92	1.15383
124	96	1.17028
124	106	1.17886
124	109	1.14805
124	113	1.12679
124	117	0.781099
124	122	1.13049
124	135	1.12144
124	137	0.603272
124	139	1.11731
124	144	0.569929
124	151	0.634417
124	153	0.57501
124	155	1.11321
124	160	1.10698
124	168	1.13069
124	170	0.572096
124	172	1.04225
124	175	0.780434
124	177	1.30299
125	1	0.67669
125	35	0.756115
125	45	0.676105
125	48	0.727677
125	72	0.608443
125	77	0.756817
125	108	0.76748
125	119	0.577995
125	121	0.652677
125	128	1.15011
125	147	1.22901
125	150	1.20499
125	152	1.21047
125	153	1.20403
125	154	1.14126
125	157	1.01993
125	158	1.11427
125	163	1.14834
125	165	1.19278
125	166	1.15007
125	167	1.09194
125	169	1.16381
125	170	1.20554
125	171	1.17559
125	172	1.02523
125	173	1.07302
125	175	1.08491
125	176	1.06111
125	177	0.984773
125	178	1.10482
125	180	1.04511
126	1	1.24726
126	33	1.15168
126	37	1.17685
126	38	1.17573
126	56	1.25511
126	64	0.701888
126	71	1.23156
126	91	1.13228
126	94	1.20141
126	96	0.580312
126	110	1.13789
126	116	1.17169
126	119	1.19232
126	123	1.18042
126	127	0.731544
126	129	1.19819
126	130	1.16327
126	141	1.17653
126	143	1.16697
126	144	1.20024
126	146	1.17274
126	152	0.513844
126	154	0.749039
126	155	1.17227
126	157	1.14581
126	164	0.65455
126	165	0.613749
126	169	1.17838
126	171	0.598835
126	178	0.777905
126	179	1.09523
127	11	0.711314
127	14	0.701864
127	19	1.04891
127	21	0.70502
127	22	0.792332
127	65	0.684191
127	107	0.624824
127	111	1.11129
127	126	0.731544
127	128	1.11546
127	137	1.14459
127	149	1.17488
127	152	1.17582
127	153	1.16938
127	156	1.05108
127	157	0.985282
127	162	1.08881
127	163	1.11369
127	165	1.15813
127	166	1.11542
127	167	1.05729
127	170	1.17089
127	171	1.14094
127	173	1.03837
127	174	1.07138
127	175	1.05026
127	176	1.02646
127	177	0.950123
127	178	1.07017
127	180	1.01046
128	33	0.773574
128	84	1.1491
128	102	0.85908
128	105	0.687735
128	119	0.660734
128	121	0.735417
128	125	1.15011
128	127	1.11546
128	133	1.15029
128	134	0.701856
128	141	0.748688
128	146	0.702788
128	149	1.15947
128	150	1.15493
128	152	1.16041
128	154	1.09119
128	157	0.96987
128	158	1.06421
128	162	1.0734
128	163	1.09828
128	166	1.10001
128	167	1.04188
128	170	1.15548
128	171	1.12552
128	172	0.975169
128	173	1.02295
128	175	1.03485
128	176	1.01105
128	177	0.934711
128	178	1.05475
128	180	0.995046
129	1	1.21614
129	33	1.12056
129	37	1.14574
129	38	1.14461
129	41	1.28274
129	43	0.528453
129	56	1.22399
129	60	1.22059
129	66	1.19005
129	94	1.17029
129	103	1.23171
129	110	1.10677
129	116	1.14057
129	119	1.16121
129	126	1.19819
129	130	1.13215
129	137	0.657918
129	141	1.14541
129	143	1.13585
129	146	1.14162
129	150	0.612554
129	151	1.12044
129	155	1.14115
129	158	0.758722
129	164	0.664995
129	166	0.707675
129	169	1.14726
129	174	0.828648
129	175	0.83508
129	178	0.78835
129	179	1.06411
129	180	0.994085
130	1	1.18122
130	33	1.08564
130	37	1.11082
130	38	1.10969
130	56	1.18907
130	71	1.16552
130	91	1.06624
130	94	1.13537
130	102	1.03164
130	110	1.07185
130	116	1.10565
130	119	1.12629
130	123	1.11439
130	126	1.16327
130	129	1.13215
130	131	0.650165
130	141	1.11049
130	143	1.10093
130	144	1.1342
130	146	1.1067
130	147	0.617125
130	151	1.08552
130	153	0.685846
130	155	1.10623
130	161	0.771648
130	162	0.814153
130	164	0.721184
130	169	1.11234
130	174	0.884837
130	177	1.41382
130	178	0.844539
130	179	1.02919
131	17	0.912222
131	44	1.22579
131	64	1.17509
131	68	0.673605
131	71	0.555334
131	95	0.561589
131	107	0.476811
131	108	0.763206
131	109	0.560796
131	130	0.650165
131	134	0.614842
131	137	1.18897
131	143	0.60335
131	145	1.17599
131	147	1.23874
131	149	1.21926
131	150	1.21472
131	152	1.2202
131	153	1.21376
131	154	1.15098
131	157	1.02966
131	158	1.124
131	160	1.16119
131	162	1.13319
131	170	1.21527
131	171	1.18531
131	173	1.08274
131	174	1.11575
131	175	1.09464
131	176	1.07084
131	177	0.994501
131	178	1.11454
131	180	1.05484
132	2	1.10206
132	3	0.845906
132	8	0.609142
132	19	1.07848
132	24	1.18965
132	26	1.20771
132	29	1.20809
132	37	0.80625
132	41	0.585733
132	77	1.16351
132	87	0.54675
132	89	0.728392
132	92	0.5166
132	93	1.19951
132	105	1.2319
132	110	0.723511
132	113	0.572882
132	114	1.17428
132	120	1.16478
132	122	0.664834
132	136	1.16238
132	138	1.16208
132	139	1.18249
132	142	1.18017
132	158	1.13496
132	163	1.16903
132	168	1.19587
132	173	1.0937
132	175	1.1056
132	176	1.0818
132	177	1.00546
132	178	1.1255
132	180	1.0658
133	20	0.651122
133	40	1.11729
133	69	0.686772
133	76	0.601005
133	103	0.622243
133	109	0.600376
133	110	0.767596
133	111	1.14612
133	119	0.6133
133	122	0.708919
133	128	1.15029
133	136	0.706278
133	144	1.18586
133	145	1.16645
133	149	1.20971
133	150	1.20517
133	152	1.21066
133	153	1.20421
133	154	1.14144
133	155	0.634972
133	156	1.08591
133	161	1.15976
133	163	1.14852
133	165	1.19297
133	167	1.09212
133	170	1.20573
133	171	1.17577
133	172	1.02542
133	173	1.0732
133	175	1.08509
133	176	1.06129
133	177	0.984957
133	178	1.105
133	180	1.04529
134	10	1.07717
134	13	1.20847
134	18	1.21557
134	30	1.15908
134	32	1.15568
134	49	1.10331
134	54	1.1218
134	62	1.16666
134	65	1.14066
134	73	1.16965
134	74	0.661892
134	76	1.14088
134	79	1.09946
134	83	1.10021
134	95	1.14125
134	108	1.10457
134	112	1.11751
134	114	1.11836
134	120	1.10887
134	121	1.10177
134	128	0.701856
134	131	0.614842
134	136	1.10647
134	138	1.10617
134	142	1.12426
134	152	0.545155
134	156	0.895829
134	159	0.948157
134	164	1.15631
134	168	1.13996
134	169	0.675207
134	170	0.647608
134	174	0.849514
134	180	1.01495
135	2	1.04713
135	12	1.21504
135	17	1.03162
135	19	1.02354
135	24	1.13472
135	46	1.23704
135	47	1.09346
135	55	1.19709
135	63	1.13296
135	67	1.16772
135	68	1.15867
135	75	1.13122
135	86	1.08815
135	92	1.16408
135	100	1.21126
135	105	1.17697
135	122	1.14073
135	124	1.12144
135	144	1.15143
135	151	1.10275
135	155	1.12346
135	159	1.05063
135	161	0.722694
135	162	0.765198
135	164	0.67223
135	165	0.631428
135	167	0.872206
135	168	1.14094
135	169	1.12957
135	171	0.616514
135	173	0.914696
135	174	0.835883
135	179	0.853508
135	180	1.00132
136	4	1.19147
136	7	1.17351
136	10	1.05391
136	18	1.19232
136	20	1.11895
136	32	1.13243
136	49	1.08006
136	57	0.756367
136	59	1.17318
136	60	1.17867
136	62	1.14341
136	65	1.11741
136	76	1.11763
136	79	1.07621
136	83	1.07696
136	95	1.118
136	108	1.08132
136	111	0.779152
136	112	1.09425
136	120	1.08562
136	121	1.07852
136	132	1.16238
136	133	0.706278
136	134	1.10647
136	138	1.08292
136	142	1.10101
136	151	0.761785
136	152	0.597011
136	160	0.731577
136	164	1.13306
136	167	0.937694
136	168	1.1167
136	170	0.699464
136	178	0.861071
136	179	0.918995
137	8	0.677588
137	40	1.09617
137	60	0.544831
137	66	0.768295
137	74	1.19835
137	94	0.693893
137	99	1.21961
137	103	0.646605
137	110	0.791958
137	124	0.603272
137	127	1.14459
137	129	0.657918
137	131	1.18897
137	138	0.741285
137	139	0.660584
137	140	1.24067
137	145	1.14533
137	147	1.20808
137	149	1.18859
137	154	1.12032
137	156	1.06479
137	162	1.10252
137	163	1.12741
137	165	1.17185
137	166	1.12913
137	167	1.071
137	170	1.18461
137	171	1.15465
137	172	1.0043
137	173	1.05208
137	174	1.08509
137	175	1.06398
137	176	1.04018
137	177	0.96384
137	180	1.02417
138	4	1.19116
138	7	1.17321
138	10	1.05361
138	13	1.18491
138	30	1.13552
138	43	0.61182
138	54	1.09824
138	59	1.17287
138	60	1.17836
138	62	1.1431
138	73	1.1461
138	76	1.11732
138	79	1.0759
138	83	1.07665
138	95	1.11769
138	96	0.674124
138	108	1.08102
138	112	1.09395
138	114	1.09481
138	120	1.08532
138	121	1.07822
138	132	1.16208
138	134	1.10617
138	136	1.08292
138	137	0.741285
138	139	1.10302
138	142	1.1007
138	144	0.707942
138	145	0.768529
138	149	0.682629
138	154	0.842851
138	164	1.13275
138	169	0.737708
138	174	0.912015
138	180	1.07745
139	9	0.688206
139	20	1.13906
139	21	1.2923
139	27	1.15623
139	34	0.917401
139	46	1.23291
139	47	1.08933
139	51	1.34808
139	55	1.19296
139	63	1.12883
139	65	1.13752
139	68	1.15455
139	73	1.16651
139	76	1.13773
139	81	1.10532
139	88	0.672116
139	90	1.07218
139	92	1.15995
139	98	0.703525
139	108	1.10143
139	113	1.1329
139	122	1.1366
139	124	1.11731
139	132	1.18249
139	137	0.660584
139	138	1.10302
139	140	0.560645
139	142	1.12111
139	149	0.601928
139	155	1.11933
139	161	0.718125
139	167	0.867637
139	168	1.13681
139	169	1.12544
139	171	0.611945
139	175	0.837745
140	7	0.333307
140	19	0.864903
140	25	0.571774
140	37	0.774758
140	51	0.397342
140	57	1.24013
140	66	0.668356
140	68	0.637608
140	83	0.611136
140	91	0.686786
140	123	0.609842
140	137	1.24067
140	139	0.560645
140	143	0.567353
140	144	1.24711
140	149	1.27096
140	151	1.19842
140	153	1.26546
140	154	1.20269
140	156	1.14716
140	157	1.08136
140	158	1.1757
140	162	1.18489
140	163	1.20977
140	165	1.25421
140	166	1.2115
140	167	1.15337
140	170	1.26697
140	171	1.23701
140	172	1.08666
140	173	1.13444
140	174	1.16746
140	175	1.14634
140	176	1.12254
140	177	1.0462
