1	75	0.430702
1	110	0.486245
1	113	0.485326
1	138	1.40272
1	151	1.37496
1	152	1.36823
1	154	1.35577
1	159	1.35802
1	160	1.40418
1	163	1.33612
1	172	0.507768
1	177	0.498127
2	97	1.36509
2	112	1.45226
2	117	1.32167
2	124	1.33978
2	131	1.35946
2	141	0.465487
2	145	0.497743
2	167	1.38474
2	168	1.37701
2	169	0.484249
2	171	0.487194
2	174	0.473022
3	6	0.571676
3	22	1.34771
3	28	0.607736
3	55	1.19523
3	65	0.619217
3	94	1.17
3	103	1.21384
3	118	1.13961
3	123	1.19883
3	136	1.16673
3	148	1.16805
3	152	0.601797
4	60	1.29324
4	70	1.09661
4	101	0.616948
4	104	1.22826
4	135	1.21553
4	142	1.20007
4	156	0.600629
4	158	1.20922
4	159	0.607981
4	162	1.15576
4	175	1.20131
4	179	0.577867
5	37	1.42819
5	77	0.489899
5	123	0.475993
5	137	1.39907
5	143	1.35025
5	151	0.480301
5	157	1.35218
5	159	0.47942
5	168	0.467613
5	178	1.3378
5	179	1.371
5	180	1.3615
6	3	0.571676
6	65	0.465973
6	140	1.36339
6	151	1.38346
6	152	1.37673
6	159	1.36653
6	163	1.34462
6	166	1.38657
6	172	0.459544
6	175	0.452243
6	176	1.37869
6	178	0.456005
7	18	1.35138
7	57	1.3445
7	78	1.37553
7	84	0.460221
7	98	1.30946
7	111	1.40141
7	127	1.38542
7	128	1.4323
7	150	0.48063
7	171	0.503932
7	175	0.494645
7	180	0.468359
8	34	0.186051
8	54	1.35348
8	62	1.44669
8	74	0.323855
8	90	1.35654
8	93	0.311255
8	104	1.39273
8	142	1.36454
8	162	1.32023
8	175	1.36579
8	176	0.787667
8	180	0.799822
9	82	1.41779
9	109	0.482404
9	135	1.38399
9	142	1.36853
9	147	0.481335
9	156	0.491056
9	157	1.35798
9	158	1.37769
9	161	0.483758
9	162	1.32423
9	170	0.469305
9	175	1.36978
10	19	1.38064
10	38	1.12035
10	45	1.23171
10	69	1.09098
10	81	0.636897
10	107	1.17997
10	111	1.19382
10	127	1.17783
10	128	1.2247
10	148	0.585609
10	150	0.579598
10	172	0.600915
11	69	0.534367
11	71	0.410067
11	117	0.499427
11	125	0.477654
11	142	0.470327
11	152	1.38249
11	163	1.35038
11	166	1.39233
11	171	1.34708
11	172	1.36089
11	179	1.38816
11	180	1.37866
12	30	0.618937
12	35	0.558197
12	140	0.611042
12	146	1.18139
12	166	0.60686
12	171	1.18113
12	172	1.19494
12	173	1.20938
12	177	1.20922
12	178	1.18901
12	179	1.22221
12	180	1.21271
13	17	0.418565
13	18	1.35222
13	26	1.38138
13	57	1.34534
13	69	1.29941
13	111	1.40225
13	127	1.38626
13	128	1.43314
13	150	0.474054
13	163	0.522534
13	169	0.49441
13	172	0.495371
14	130	1.26276
14	139	1.32034
14	140	1.29806
14	149	0.51988
14	151	1.31814
14	154	1.29895
14	158	0.539583
14	159	1.3012
14	163	1.2793
14	164	0.536413
14	166	1.32125
14	175	0.517519
14	180	0.491233
15	28	0.531194
15	110	0.514725
15	144	1.33587
15	151	1.29998
15	152	1.29325
15	159	1.28305
15	160	1.3292
15	163	1.26114
15	166	1.30309
15	169	0.535287
15	170	1.29441
15	174	0.524061
15	180	0.50266
16	37	0.490294
16	67	0.523707
16	115	0.55373
16	118	1.25691
16	122	1.31323
16	136	1.28403
16	144	1.33529
16	154	1.28021
16	158	1.29921
16	160	1.32862
16	166	1.30251
16	172	0.536663
16	180	0.503076
17	13	0.418565
17	136	0.448824
17	151	0.431661
17	160	0.41103
17	162	0.460239
17	165	1.49457
17	167	0.422897
17	169	1.49291
17	171	1.46363
17	172	1.47745
17	178	1.47151
17	179	1.50472
17	180	1.49521
18	7	1.35138
18	13	1.35222
18	57	1.23948
18	98	1.20444
18	100	1.39315
18	107	1.28254
18	111	1.29639
18	127	1.2804
18	129	0.528517
18	137	0.523335
18	175	0.540101
18	176	0.50166
18	180	0.513815
19	10	1.38064
19	29	1.44828
19	69	1.4304
19	76	0.469731
19	111	1.53324
19	113	1.52605
19	127	1.51725
19	128	1.56413
19	137	0.411491
19	150	0.414242
19	164	0.447151
19	165	0.429754
19	169	0.434598
20	48	1.27187
20	79	0.476184
20	99	0.543245
20	105	1.32488
20	114	1.27472
20	139	1.3066
20	151	1.3044
20	159	1.28746
20	166	1.30751
20	167	1.32256
20	169	0.547934
20	179	0.525707
20	180	0.515307
21	46	0.421333
21	70	0.504417
21	96	0.406722
21	142	0.426659
21	148	1.48492
21	158	0.422866
21	166	0.408981
21	174	1.48489
21	176	1.49421
21	177	1.48493
21	178	1.46472
21	179	1.49792
21	180	1.48842
22	3	1.34771
22	47	1.4765
22	94	1.50736
22	103	1.5512
22	109	0.435396
22	118	1.47697
22	123	1.53619
22	136	1.50409
22	141	0.42475
22	165	0.438667
22	174	0.432285
22	175	0.43717
22	178	0.440933
23	83	1.34457
23	88	1.33312
23	117	1.26207
23	124	1.28018
23	125	1.28418
23	143	0.530461
23	153	0.542266
23	162	1.25333
23	167	1.32515
23	168	1.31741
23	170	0.503473
23	173	0.512827
23	175	0.518346
24	30	1.2447
24	33	1.32889
24	41	1.27947
24	43	1.26828
24	53	1.43472
24	105	1.29881
24	114	1.24865
24	143	0.416928
24	145	0.42465
24	157	0.406287
24	165	0.40631
24	167	1.29648
24	176	0.953451
25	46	1.30386
25	62	0.506261
25	66	1.2473
25	100	0.510641
25	124	1.28661
25	125	1.29061
25	133	1.35647
25	162	1.25976
25	167	1.33157
25	168	1.32383
25	172	0.554741
25	176	0.508998
25	180	0.521153
26	13	1.38138
26	29	1.24059
26	38	1.25208
26	69	1.22271
26	107	1.3117
26	111	1.32555
26	127	1.30956
26	128	1.35643
26	161	0.530985
26	170	0.516532
26	173	0.525886
26	177	0.529065
26	180	0.505119
27	44	1.30543
27	84	0.500349
27	89	1.23172
27	113	0.519632
27	118	1.27491
27	122	1.33123
27	123	1.33413
27	136	1.30203
27	148	1.30334
27	158	1.31722
27	170	0.519899
27	174	0.529888
27	178	0.538535
28	3	0.607736
28	15	0.531194
28	100	0.451504
28	142	0.514159
28	156	1.27952
28	161	1.31963
28	168	0.490726
28	169	1.30074
28	172	1.28528
28	173	1.29972
28	174	1.29952
28	179	1.31255
28	180	1.30305
29	19	1.44828
29	26	1.24059
29	45	1.29936
29	100	1.35822
29	111	1.26146
29	113	1.25427
29	127	1.24547
29	128	1.29235
29	143	0.527326
29	147	0.512369
29	163	0.549678
29	170	0.500339
29	175	0.515212
30	12	0.618937
30	24	1.2447
30	37	0.467243
30	41	1.32138
30	43	1.31019
30	87	1.22552
30	102	1.32855
30	105	1.34072
30	114	1.29056
30	159	0.52054
30	167	1.33839
30	175	0.50631
30	179	0.490426
31	52	0.550854
31	99	0.571742
31	130	1.20271
31	140	1.23802
31	151	1.2581
31	154	1.23891
31	156	0.576966
31	159	1.24116
31	160	1.28731
31	163	1.21926
31	166	1.26121
31	174	0.565204
31	176	1.25333
31	180	0.543803
32	66	1.19498
32	108	0.564131
32	109	0.564017
32	117	1.21617
32	124	1.23428
32	125	1.23828
32	131	1.25396
32	133	1.30415
32	144	0.549825
32	162	1.20743
32	167	1.27925
32	168	1.27151
32	170	0.550918
32	172	0.573093
33	24	1.32889
33	35	1.45215
33	48	1.3719
33	68	1.40653
33	74	0.508074
33	85	1.43042
33	102	1.41275
33	114	1.37476
33	157	0.461797
33	161	0.459903
33	164	0.479218
33	167	1.42259
33	170	0.44545
33	174	0.455439
34	8	0.186051
34	66	0.478952
34	92	0.420172
34	102	0.39964
34	117	0.450958
34	131	0.417326
34	132	0.436663
34	145	1.58864
34	161	1.62251
34	170	1.61092
34	171	1.57435
34	178	1.58223
34	179	1.61543
34	180	1.60593
35	12	0.558197
35	33	1.45215
35	71	1.47913
35	80	1.33273
35	85	1.42757
35	87	1.30687
35	102	1.4099
35	114	1.37191
35	126	0.404519
35	161	0.445149
35	162	0.489259
35	167	1.41974
35	171	0.454856
35	172	0.452871
36	52	1.40035
36	54	0.482482
36	85	0.454588
36	103	0.451722
36	124	0.485929
36	133	0.449865
36	149	1.40788
36	167	0.468032
36	171	1.37581
36	173	1.40407
36	177	1.40391
36	178	1.38369
36	179	1.41689
36	180	1.40739
37	5	1.42819
37	16	0.490294
37	30	0.467243
37	67	1.42783
37	95	0.492874
37	138	0.434502
37	139	0.455566
37	146	1.3681
37	166	0.455166
37	174	1.39589
37	177	1.39593
37	178	1.37572
37	179	1.40892
37	180	1.39942
38	10	1.12035
38	26	1.25208
38	45	1.31085
38	69	1.17011
38	78	1.24708
38	111	1.27296
38	113	1.26577
38	127	1.25697
38	128	1.30384
38	141	0.559816
38	148	0.564233
38	157	0.573711
38	176	0.533796
38	178	0.575999
39	53	0.421934
39	67	0.468938
39	86	1.46461
39	89	1.33278
39	98	1.32279
39	103	1.4502
39	118	1.37597
39	122	1.43229
39	136	1.40309
39	145	0.494428
39	155	0.47273
39	158	1.41828
39	174	0.469707
39	178	0.478355
40	91	1.24232
40	110	0.547734
40	131	1.23096
40	133	1.28115
40	135	1.2442
40	142	1.22874
40	156	0.568833
40	158	1.2379
40	165	0.563452
40	167	1.25625
40	168	1.24851
40	169	0.568297
40	175	1.22999
40	177	0.559616
41	24	1.27947
41	30	1.32138
41	43	1.34496
41	60	0.46454
41	77	0.528003
41	112	0.480437
41	133	0.491473
41	156	1.32092
41	159	0.517524
41	166	0.511473
41	167	1.37317
41	177	1.34096
41	178	1.32074
41	179	1.35395
41	180	1.34444
42	63	0.535383
42	92	1.3301
42	115	0.517595
42	134	1.3429
42	152	1.33343
42	154	1.32097
42	159	1.32323
42	160	1.36938
42	163	1.30132
42	166	1.34327
42	172	0.500528
42	173	0.487707
42	176	1.33539
42	177	0.490887
42	179	0.477341
43	24	1.26828
43	30	1.31019
43	41	1.34496
43	60	0.475457
43	78	1.31422
43	84	0.479787
43	85	1.36981
43	102	1.35213
43	105	1.3643
43	114	1.31414
43	148	0.506207
43	155	0.512348
43	166	0.522389
43	167	1.36198
43	173	0.508691
44	27	1.30543
44	55	1.35501
44	94	1.32978
44	113	0.487437
44	118	1.29939
44	122	1.35572
44	123	1.35862
44	136	1.32651
44	148	1.32783
44	156	0.509456
44	157	0.504051
44	158	1.3417
44	161	0.502157
44	177	0.500238
44	178	0.50634
45	10	1.23171
45	29	1.29936
45	38	1.31085
45	51	0.513476
45	57	1.3274
45	75	0.445391
45	98	1.29237
45	107	1.37046
45	111	1.38432
45	127	1.36833
45	128	1.4152
45	131	0.53648
45	155	0.513293
45	176	0.476714
45	178	0.518918
46	21	0.421333
46	25	1.30386
46	59	0.535721
46	97	1.34282
46	117	1.29939
46	119	0.535273
46	125	1.32151
46	131	1.33719
46	133	1.38737
46	156	0.513464
46	162	1.29066
46	167	1.36247
46	168	1.35474
46	170	0.491712
46	178	0.510348
47	22	1.4765
47	86	1.35705
47	99	0.504568
47	103	1.34263
47	118	1.2684
47	121	0.498253
47	122	1.32473
47	123	1.32762
47	136	1.29552
47	148	1.29684
47	156	0.509792
47	158	1.31071
47	171	0.512201
47	173	0.497395
47	179	0.48703
48	20	1.27187
48	33	1.3719
48	53	1.47773
48	68	1.32343
48	80	1.25248
48	102	1.32964
48	105	1.34181
48	114	1.29165
48	129	0.505607
48	138	0.504706
48	144	0.501224
48	167	1.33949
48	173	0.511672
48	176	0.47875
48	179	0.501306
49	62	1.39698
49	104	1.34303
49	106	1.3599
49	116	1.37377
49	129	0.490935
49	135	1.3303
49	146	0.519933
49	156	0.509397
49	158	1.32399
49	162	1.27053
49	164	1.28541
49	165	0.504016
49	170	0.487646
49	173	0.497
49	175	1.31608
50	63	0.53718
50	120	1.33147
50	144	1.36962
50	151	1.33373
50	152	1.327
50	154	1.31454
50	157	0.496497
50	160	1.36295
50	163	1.29489
50	164	0.513918
50	166	1.33684
50	174	0.490139
50	176	1.32896
50	177	0.492684
50	179	0.479139
51	45	0.513476
51	67	0.478721
51	97	1.3288
51	101	0.507571
51	112	1.41597
51	117	1.28538
51	125	1.30749
51	129	0.472791
51	131	1.32317
51	133	1.37336
51	154	0.510248
51	162	1.27664
51	163	0.51884
51	167	1.34846
51	168	1.34072
52	31	0.550854
52	36	1.40035
52	96	0.47274
52	98	0.538564
52	104	0.459143
52	140	0.479181
52	141	1.35158
52	142	0.492677
52	155	1.31726
52	169	1.32338
52	173	1.32236
52	177	1.3222
52	178	1.30199
52	179	1.33519
52	180	1.32569
53	24	1.43472
53	39	0.421934
53	48	1.47773
53	71	1.58781
53	80	1.44141
53	93	0.468547
53	102	1.51858
53	105	1.53074
53	114	1.48059
53	150	0.419381
53	167	1.52842
53	169	0.439738
53	175	0.433396
53	176	0.394955
53	177	0.431057
54	8	1.35348
54	36	0.482482
54	76	1.29041
54	90	1.31611
54	95	1.28602
54	104	1.3523
54	106	1.36917
54	116	1.38304
54	142	1.32411
54	147	0.504007
54	153	0.530771
54	155	0.504988
54	175	1.32536
54	177	0.504511
54	180	0.480565
55	3	1.19523
55	44	1.35501
55	58	0.526776
55	86	1.41313
55	89	1.28129
55	98	1.27131
55	103	1.39871
55	115	0.522924
55	122	1.38081
55	136	1.3516
55	148	1.35292
55	149	0.500916
55	165	0.500052
55	175	0.498555
55	176	0.460114
56	87	0.55493
56	108	1.3267
56	126	0.45482
56	132	1.29864
56	140	1.32105
56	144	1.37701
56	159	1.32419
56	160	1.37034
56	161	0.495451
56	163	1.30229
56	166	1.34423
56	169	0.502212
56	170	1.33555
56	171	0.505158
56	177	0.493532
57	7	1.3445
57	13	1.34534
57	18	1.23948
57	45	1.3274
57	69	1.18666
57	98	1.19756
57	107	1.27565
57	111	1.28951
57	127	1.27352
57	128	1.32039
57	143	0.550337
57	146	0.555636
57	173	0.532704
57	177	0.535883
57	179	0.522338
57	180	0.511937
58	55	0.526776
58	114	0.520357
58	132	1.25384
58	135	0.530979
58	151	1.29632
58	158	0.53634
58	159	1.27939
58	162	0.557965
58	163	1.25749
58	166	1.29944
58	167	0.520622
58	172	1.26799
58	174	1.28223
58	177	1.28228
58	179	1.29526
58	180	1.28576
59	46	0.535721
59	107	0.529381
59	126	1.34746
59	133	0.503368
59	141	1.29409
59	150	1.30498
59	162	0.558879
59	163	0.549655
59	165	1.26756
59	168	0.517612
59	171	1.23662
59	174	1.26467
59	176	1.27399
59	177	1.26472
59	179	1.2777
59	180	1.2682
60	4	1.29324
60	41	0.46454
60	43	0.475457
60	90	1.42035
60	91	1.44193
60	104	1.45654
60	107	0.461493
60	116	1.48728
60	123	0.458103
60	135	1.44381
60	142	1.42835
60	146	0.464714
60	164	1.39892
60	171	0.456587
60	175	1.42959
60	180	0.421015
61	72	0.420358
61	116	0.441314
61	125	0.482726
61	127	0.480439
61	143	1.41814
61	145	1.4121
61	147	1.42892
61	151	0.464653
61	152	0.445851
61	153	1.38547
61	167	0.455889
61	173	1.42606
61	174	1.42586
61	176	1.43518
61	179	1.43889
61	180	1.42939
62	8	1.44669
62	25	0.506261
62	49	1.39698
62	104	1.44551
62	106	1.46238
62	135	1.43278
62	142	1.41732
62	153	0.468796
62	157	1.40677
62	159	0.459106
62	162	1.37301
62	167	0.451223
62	170	0.430003
62	173	0.439357
62	175	1.41856
62	178	0.448639
63	42	0.535383
63	50	0.53718
63	94	1.27568
63	104	0.520534
63	122	1.30161
63	123	1.30451
63	136	1.27241
63	152	0.52452
63	154	0.554083
63	158	1.28759
63	160	0.522691
63	169	1.27491
63	171	1.24564
63	177	1.27373
63	179	1.28672
63	180	1.27722
64	72	0.415972
64	94	0.472623
64	125	0.478339
64	139	0.453735
64	150	1.46274
64	154	0.471028
64	155	1.41753
64	157	1.41663
64	159	0.459386
64	160	0.439636
64	171	1.39438
64	173	1.42263
64	174	1.42243
64	178	1.40225
64	179	1.43546
64	180	1.42596
65	3	0.619217
65	6	0.465973
65	110	1.29036
65	114	0.505866
65	117	0.554741
65	118	0.541673
65	150	1.31424
65	155	1.26903
65	165	1.27682
65	166	0.507963
65	173	1.27413
65	176	1.28325
65	177	1.27397
65	178	1.25376
65	179	1.28696
65	180	1.27746
66	25	1.2473
66	32	1.19498
66	34	0.478952
66	79	0.503596
66	109	0.56723
66	112	1.37343
66	117	1.24284
66	124	1.26095
66	125	1.26495
66	131	1.28063
66	133	1.33082
66	137	0.552239
66	167	1.30592
66	168	1.29818
66	173	0.563485
66	180	0.542719
67	16	0.523707
67	37	1.42783
67	39	0.468938
67	51	0.478721
67	72	0.451216
67	73	0.509659
67	105	0.474173
67	147	1.36067
67	155	1.35271
67	166	0.488579
67	169	1.35883
67	171	1.32956
67	172	1.34337
67	173	1.35781
67	178	1.33744
67	179	1.37064
67	180	1.36114
68	33	1.40653
68	48	1.32343
68	71	1.4335
68	78	1.32636
68	80	1.28711
68	85	1.38195
68	102	1.36427
68	105	1.37644
68	114	1.32628
68	115	0.523005
68	148	0.490632
68	150	0.484621
68	167	1.37412
68	170	0.483762
68	176	0.460195
68	177	0.496296
68	180	0.47235
69	10	1.09098
69	11	0.534367
69	13	1.29941
69	19	1.4304
69	26	1.22271
69	38	1.17011
69	57	1.18666
69	78	1.2177
69	111	1.24358
69	113	1.23639
69	127	1.22759
69	128	1.27447
69	138	0.563466
69	153	0.599871
69	155	0.574088
69	172	0.583252
69	180	0.549665
70	4	1.09661
70	21	0.504417
70	82	1.28098
70	91	1.2453
70	100	1.33411
70	106	1.27678
70	116	1.29065
70	126	0.548619
70	142	1.23172
70	157	1.22117
70	162	1.18741
70	164	1.20229
70	170	0.574796
70	171	0.598956
70	175	1.23297
70	177	0.58733
70	178	0.593432
71	11	0.410067
71	35	1.47913
71	53	1.58781
71	68	1.4335
71	80	1.36255
71	85	1.4574
71	87	1.33669
71	101	0.474848
71	102	1.43972
71	105	1.45189
71	114	1.40173
71	145	0.471487
71	157	0.453125
71	161	0.451231
71	166	0.45983
71	167	1.44957
71	175	0.451651
71	179	0.435767
72	61	0.420358
72	64	0.415972
72	67	0.451216
72	115	0.481239
72	124	0.481114
72	144	1.47827
72	150	0.442855
72	151	1.44238
72	152	1.43565
72	154	1.42319
72	157	0.458344
72	159	1.42545
72	160	1.4716
72	163	1.40354
72	166	1.44549
72	170	1.43681
72	176	1.43761
72	177	0.454531
73	67	0.509659
73	92	1.29614
73	114	0.521395
73	134	1.30894
73	138	1.33396
73	144	1.34209
73	146	0.532726
73	149	0.517675
73	152	1.29947
73	159	1.28926
73	160	1.33542
73	163	1.26736
73	166	1.30931
73	168	1.31663
73	173	0.509794
73	175	0.515313
73	176	1.30143
73	179	0.499429
74	8	0.323855
74	33	0.508074
74	104	0.526129
74	125	0.566989
74	141	1.3394
74	142	0.559662
74	145	1.29621
74	147	1.31303
74	152	0.530114
74	156	1.28998
74	161	1.33009
74	162	0.577495
74	165	1.31286
74	171	1.28193
74	173	1.31018
74	178	1.2898
74	179	1.32301
74	180	1.31351
75	1	0.430702
75	45	0.445391
75	81	0.459574
75	118	0.458179
75	130	0.464762
75	141	1.47139
75	151	0.431401
75	154	0.442163
75	155	1.43708
75	157	1.43617
75	162	0.45998
75	171	1.41392
75	173	1.44218
75	174	1.44197
75	175	1.44797
75	177	1.44202
75	178	1.4218
75	180	1.4455
76	19	0.469731
76	54	1.29041
76	82	1.35074
76	106	1.34654
76	116	1.36041
76	126	0.486478
76	135	1.31694
76	142	1.30148
76	153	0.551448
76	154	0.553401
76	157	1.29093
76	158	1.31063
76	162	1.25717
76	164	1.27205
76	170	0.512655
76	175	1.30272
76	178	0.531291
76	180	0.501243
77	5	0.489899
77	41	0.528003
77	92	1.31313
77	130	1.26781
77	132	1.28071
77	139	1.32539
77	143	0.522877
77	145	0.530599
77	146	0.528176
77	148	0.502759
77	151	1.32319
77	152	1.31646
77	154	1.304
77	159	1.30625
77	160	1.35241
77	163	1.28435
77	166	1.3263
77	173	0.505244
78	7	1.37553
78	38	1.24708
78	43	1.31422
78	68	1.32636
78	69	1.2177
78	80	1.25541
78	93	0.552971
78	103	0.507856
78	105	1.34475
78	111	1.32054
78	127	1.30456
78	128	1.35143
78	148	0.509816
78	150	0.503805
78	155	0.515957
78	167	1.34242
78	170	0.502946
78	177	0.51548
79	20	0.476184
79	66	0.503596
79	119	1.41983
79	128	0.42516
79	134	0.437952
79	135	0.437349
79	146	1.42288
79	148	1.4507
79	153	1.41028
79	163	0.455111
79	165	1.45356
79	166	0.428825
79	167	0.426992
79	174	1.45067
79	175	1.45667
79	177	1.45071
79	178	1.4305
79	180	1.4542
80	35	1.33273
80	48	1.25248
80	53	1.44141
80	68	1.28711
80	71	1.36255
80	78	1.25541
80	85	1.311
80	102	1.29332
80	105	1.30549
80	114	1.25533
80	148	0.508119
80	153	0.540042
80	167	1.30317
80	170	0.501249
80	174	0.511237
80	175	0.516122
80	177	0.513783
80	178	0.519885
81	10	0.636897
81	75	0.459574
81	103	1.29803
81	118	1.2238
81	119	0.558026
81	122	1.28012
81	123	1.28302
81	136	1.25092
81	144	1.30218
81	158	1.26611
81	163	1.22746
81	164	0.548233
81	166	1.2694
81	168	1.27672
81	170	1.26072
81	171	0.538625
81	172	0.53664
81	175	0.529338
81	176	1.26152
82	9	1.41779
82	70	1.28098
82	76	1.35074
82	99	0.484012
82	106	1.4295
82	116	1.44337
82	129	0.470775
82	135	1.3999
82	141	0.469938
82	142	1.38444
82	145	0.502195
82	155	0.480496
82	157	1.37389
82	158	1.39359
82	161	0.481938
82	162	1.34013
82	170	0.467485
82	175	1.38568
82	180	0.456073
83	23	1.34457
83	88	1.41758
83	97	1.38995
83	98	0.552293
83	117	1.34653
83	124	1.36464
83	125	1.36864
83	126	0.439499
83	129	0.468966
83	131	1.38432
83	133	1.43451
83	146	0.497963
83	152	0.476859
83	162	1.33779
83	167	1.40961
83	168	1.40187
83	173	0.475031
83	176	0.442109
83	180	0.454264
84	7	0.460221
84	27	0.500349
84	43	0.479787
84	85	0.444533
84	91	0.476261
84	109	1.38882
84	125	0.484814
84	134	0.468937
84	143	1.37468
84	154	0.477503
84	157	1.3766
84	165	1.38528
84	169	1.38362
84	173	1.3826
84	174	1.3824
84	177	1.38244
84	178	1.36222
84	179	1.39543
84	180	1.38592
85	33	1.43042
85	35	1.42757
85	36	0.454588
85	43	1.36981
85	68	1.38195
85	71	1.4574
85	80	1.311
85	84	0.444533
85	87	1.28514
85	102	1.38817
85	105	1.40034
85	114	1.35018
85	145	0.498793
85	148	0.470953
85	157	0.480431
85	159	0.493187
85	167	1.39802
85	169	0.485299
85	175	0.478957
86	39	1.46461
86	47	1.35705
86	55	1.41313
86	89	1.31432
86	94	1.3879
86	98	1.30434
86	101	0.491724
86	118	1.35751
86	122	1.41384
86	123	1.41673
86	136	1.38463
86	148	1.38594
86	153	0.492448
86	163	0.502993
86	171	0.477814
86	173	0.463009
86	177	0.466188
86	178	0.47229
86	180	0.442242
87	30	1.22552
87	35	1.30687
87	56	0.55493
87	71	1.33669
87	85	1.28514
87	95	1.21172
87	101	0.56831
87	102	1.26746
87	106	1.29487
87	113	0.529973
87	135	1.26527
87	142	1.24981
87	147	0.54227
87	158	1.25896
87	164	1.22038
87	167	1.27731
87	171	0.5544
87	174	0.540229
87	180	0.518828
88	23	1.33312
88	83	1.41758
88	101	0.49891
88	107	1.36242
88	112	1.46567
88	121	0.471052
88	124	1.35319
88	125	1.35719
88	131	1.37287
88	133	1.42305
88	139	0.484293
88	140	0.488074
88	143	0.487828
88	148	0.46771
88	162	1.32634
88	167	1.39815
88	168	1.39042
88	174	0.470829
88	176	0.437273
89	27	1.23172
89	39	1.33278
89	55	1.28129
89	86	1.31432
89	98	1.17251
89	103	1.29991
89	118	1.22568
89	122	1.282
89	123	1.2849
89	136	1.2528
89	148	1.25411
89	157	0.549138
89	158	1.26799
89	160	0.542144
89	161	0.547244
89	170	0.532791
89	171	0.556951
89	175	0.547664
89	179	0.53178
90	8	1.35654
90	54	1.31611
90	60	1.42035
90	95	1.28909
90	116	1.38611
90	118	0.547328
90	135	1.34264
90	141	0.493018
90	142	1.32718
90	145	0.525275
90	155	0.503576
90	157	1.31663
90	158	1.33633
90	161	0.505019
90	162	1.28287
90	164	1.29775
90	175	1.32842
90	176	0.466998
90	179	0.489554
90	180	0.479153
91	40	1.24232
91	60	1.44193
91	70	1.2453
91	84	0.476261
91	95	1.31067
91	104	1.37695
91	110	0.496463
91	120	0.510858
91	135	1.36421
91	142	1.34875
91	155	0.508822
91	157	1.3382
91	158	1.35791
91	162	1.30444
91	164	1.31932
91	167	0.517032
91	172	0.517986
91	173	0.505166
91	175	1.35
91	176	0.472244
92	34	0.420172
92	42	1.3301
92	73	1.29614
92	77	1.31313
92	114	0.516306
92	140	1.32372
92	144	1.37968
92	149	0.512586
92	151	1.3438
92	152	1.33707
92	154	1.32461
92	159	1.32686
92	160	1.37301
92	163	1.30496
92	164	0.529119
92	166	1.34691
92	171	0.519511
92	174	0.50534
92	175	0.510225
92	179	0.49434
93	8	0.311255
93	53	0.468547
93	78	0.552971
93	94	0.548672
93	123	0.532008
93	124	0.545448
93	128	0.525719
93	133	0.509385
93	138	1.36642
93	140	1.31859
93	145	1.31081
93	152	1.33194
93	159	1.32173
93	160	1.36788
93	166	1.34178
93	169	1.3258
93	173	1.32478
93	174	1.32457
93	179	1.3376
93	180	1.3281
94	3	1.17
94	22	1.50736
94	44	1.32978
94	63	1.27568
94	64	0.472623
94	86	1.3879
94	93	0.548672
94	98	1.24609
94	103	1.37349
94	122	1.35558
94	123	1.35848
94	136	1.32638
94	148	1.32769
94	150	0.499506
94	158	1.34157
94	160	0.508001
94	176	0.47508
94	178	0.517284
94	179	0.497637
94	180	0.487236
95	37	0.492874
95	54	1.28602
95	87	1.21172
95	90	1.28909
95	91	1.31067
95	101	0.555138
95	104	1.32528
95	116	1.35602
95	135	1.31255
95	142	1.29709
95	157	1.28654
95	158	1.30624
95	159	0.546172
95	162	1.25278
95	164	1.26766
95	169	0.538283
95	173	0.526423
95	174	0.527057
95	175	1.29834
95	179	0.516057
95	180	0.505656
96	21	0.406722
96	52	0.47274
96	109	0.4902
96	118	0.533864
96	120	1.35173
96	121	0.487313
96	134	1.35673
96	138	1.38175
96	139	1.35619
96	142	0.517832
96	151	1.35399
96	152	1.34726
96	154	1.3348
96	160	1.38321
96	163	1.31516
96	164	0.510869
96	166	1.3571
96	168	1.36442
96	170	1.34842
96	176	1.34922
96	177	0.489635
96	178	0.495737
97	2	1.36509
97	46	1.34282
97	51	1.3288
97	83	1.38995
97	110	0.477433
97	112	1.43804
97	117	1.30745
97	124	1.32557
97	125	1.32957
97	131	1.34524
97	133	1.39543
97	137	0.474889
97	143	0.503769
97	147	0.488811
97	151	0.506765
97	156	0.498532
97	162	1.29872
97	167	1.37053
97	168	1.36279
97	172	0.498956
97	173	0.486136
97	179	0.47577
98	7	1.30946
98	18	1.20444
98	39	1.32279
98	45	1.29237
98	52	0.538564
98	55	1.27131
98	57	1.19756
98	83	0.552293
98	86	1.30434
98	89	1.17251
98	94	1.24609
98	111	1.25447
98	127	1.23848
98	128	1.28536
98	136	1.24282
98	151	0.572909
98	152	0.554107
98	155	0.555936
98	158	1.258
98	170	0.542925
98	171	0.567085
98	176	0.519357
99	20	0.543245
99	31	0.571742
99	47	0.504568
99	82	0.484012
99	112	0.46485
99	132	0.528369
99	134	0.505014
99	139	0.496287
99	146	1.29237
99	147	1.32322
99	149	1.32418
99	156	1.30017
99	165	1.32305
99	167	0.494054
99	169	1.32138
99	171	1.29211
99	172	1.30592
99	173	1.32036
99	174	1.32016
99	177	1.32021
99	178	1.29999
99	179	1.33319
99	180	1.32369
100	18	1.39315
100	25	0.510641
100	28	0.451504
100	29	1.35822
100	70	1.33411
100	107	1.42933
100	111	1.44318
100	113	1.43599
100	115	0.473625
100	119	0.477944
100	127	1.42719
100	128	1.47407
100	142	1.43756
100	143	0.46137
100	148	0.441252
100	150	0.435241
100	157	1.42701
100	161	0.448836
100	162	1.39325
100	164	1.40813
100	169	0.455598
100	172	0.456558
100	175	1.43881
101	4	0.616948
101	51	0.507571
101	71	0.474848
101	86	0.491724
101	87	0.56831
101	88	0.49891
101	95	0.555138
101	115	1.25697
101	140	1.27524
101	145	1.26746
101	153	1.24083
101	154	1.27612
101	158	0.531315
101	160	1.32453
101	162	0.55294
101	163	1.25647
101	166	1.29842
101	168	1.30574
101	170	1.28974
101	172	1.26698
101	174	1.28122
101	177	1.28126
101	179	1.29425
101	180	1.28475
102	30	1.32855
102	33	1.41275
102	34	0.39964
102	35	1.4099
102	43	1.35213
102	48	1.32964
102	53	1.51858
102	68	1.36427
102	71	1.43972
102	80	1.29332
102	85	1.38817
102	87	1.26746
102	105	1.38266
102	114	1.3325
102	138	0.477208
102	146	0.507106
102	149	0.492055
102	153	0.513613
102	167	1.38034
102	169	0.496035
102	171	0.49898
102	174	0.484808
102	175	0.489693
102	176	0.451252
103	3	1.21384
103	22	1.5512
103	36	0.451722
103	39	1.4502
103	47	1.34263
103	55	1.39871
103	78	0.507856
103	81	1.29803
103	89	1.29991
103	94	1.37349
103	112	0.453233
103	118	1.3431
103	122	1.39942
103	123	1.40232
103	127	0.506987
103	129	0.464507
103	136	1.37022
103	147	0.473247
103	148	1.37153
103	158	1.38541
103	162	0.51978
103	169	0.482432
103	173	0.470572
103	177	0.473751
104	4	1.22826
104	8	1.39273
104	49	1.34303
104	52	0.459143
104	54	1.3523
104	60	1.45654
104	62	1.44551
104	63	0.520534
104	74	0.526129
104	91	1.37695
104	95	1.32528
104	106	1.40843
104	116	1.4223
104	135	1.37883
104	137	0.461612
104	142	1.36337
104	149	0.480739
104	155	0.476515
104	158	1.37252
104	161	0.477958
104	164	1.33394
104	170	0.463504
104	178	0.48214
104	179	0.462493
105	20	1.32488
105	24	1.29881
105	30	1.34072
105	43	1.3643
105	48	1.34181
105	53	1.53074
105	67	0.474173
105	68	1.37644
105	71	1.45189
105	78	1.34475
105	80	1.30549
105	85	1.40034
105	102	1.38266
105	114	1.34467
105	119	0.508515
105	124	0.504071
105	147	0.476984
105	152	0.476136
105	165	0.481324
105	167	1.39251
105	172	0.487129
105	174	0.474943
105	176	0.441386
105	178	0.48359
106	49	1.3599
106	54	1.36917
106	62	1.46238
106	70	1.27678
106	76	1.34654
106	82	1.4295
106	87	1.29487
106	104	1.40843
106	115	0.508897
106	119	0.513216
106	126	0.443478
106	135	1.3957
106	137	0.467762
106	142	1.38024
106	155	0.482666
106	156	0.491406
106	157	1.36969
106	158	1.38939
106	162	1.33593
106	168	0.486952
106	172	0.49183
106	175	1.38148
106	179	0.468644
106	180	0.458243
107	10	1.17997
107	18	1.28254
107	26	1.3117
107	45	1.37046
107	57	1.27565
107	59	0.529381
107	60	0.461493
107	88	1.36242
107	100	1.42933
107	110	0.486025
107	112	1.42197
107	124	1.30949
107	125	1.31349
107	127	1.31658
107	128	1.36345
107	131	1.32916
107	133	1.37935
107	146	0.51766
107	152	0.496556
107	153	0.524167
107	154	0.526119
107	157	0.50172
107	165	0.501743
107	167	1.35445
107	176	0.461806
108	32	0.564131
108	56	1.3267
108	120	1.33717
108	127	0.51529
108	130	1.28405
108	132	1.29695
108	138	1.36719
108	139	1.34163
108	144	1.37532
108	146	0.501807
108	152	1.3327
108	154	1.32025
108	159	1.3225
108	160	1.36865
108	161	0.483973
108	162	0.528083
108	163	1.3006
108	166	1.34255
108	168	1.34986
108	169	0.490735
108	170	1.33386
108	171	0.49368
108	175	0.484393
108	178	0.488156
108	180	0.458108
109	9	0.482404
109	22	0.435396
109	32	0.564017
109	66	0.56723
109	84	1.38882
109	96	0.4902
109	121	1.35402
109	123	0.495083
109	139	0.492859
109	141	1.36152
109	143	1.32438
109	151	0.499391
109	152	0.480589
109	156	1.3121
109	164	1.30742
109	168	0.486703
109	170	1.34062
109	171	1.30405
109	172	1.31786
109	173	1.3323
109	174	1.3321
109	177	1.33214
109	178	1.31193
109	179	1.34513
109	180	1.33563
110	1	0.486245
110	15	0.514725
110	40	0.547734
110	65	1.29036
110	91	0.496463
110	97	0.477433
110	107	0.486025
110	119	1.31126
110	130	0.520305
110	135	0.488536
110	146	1.31432
110	150	1.38242
110	154	0.497706
110	156	1.32211
110	165	1.34499
110	167	0.47818
110	169	1.34333
110	171	1.31406
110	172	1.32787
110	173	1.34231
110	174	1.34211
110	177	1.34215
110	178	1.32193
110	179	1.35514
110	180	1.34564
111	7	1.40141
111	10	1.19382
111	13	1.40225
111	18	1.29639
111	19	1.53324
111	26	1.32555
111	29	1.26146
111	38	1.27296
111	45	1.38432
111	57	1.28951
111	69	1.24358
111	78	1.32054
111	98	1.25447
111	100	1.44318
111	128	1.37731
111	145	0.523335
111	147	0.500656
111	150	0.489484
111	155	0.501637
111	164	0.522394
111	170	0.488626
111	175	0.503499
111	177	0.50116
111	178	0.507262
111	180	0.477214
112	2	1.45226
112	41	0.480437
112	51	1.41597
112	66	1.37343
112	88	1.46567
112	97	1.43804
112	99	0.46485
112	103	0.453233
112	107	1.42197
112	116	0.454969
112	117	1.39462
112	124	1.41274
112	125	1.41674
112	131	1.43241
112	133	1.4826
112	162	1.38589
112	167	1.4577
112	168	1.44996
112	170	0.448324
112	173	0.457678
112	174	0.458312
112	175	0.463197
112	176	0.424756
112	178	0.466959
112	180	0.436911
113	1	0.485326
113	19	1.52605
113	27	0.519632
113	29	1.25427
113	38	1.26577
113	44	0.487437
113	69	1.23639
113	87	0.529973
113	100	1.43599
113	116	0.462685
113	127	1.32325
113	128	1.37012
113	130	0.519386
113	132	0.511575
113	153	1.28847
113	155	1.32396
113	158	0.492978
113	163	0.505379
113	167	0.47726
113	172	1.31462
113	173	1.32906
113	174	1.32886
113	177	1.3289
113	179	1.34189
113	180	1.33239
114	20	1.27472
114	24	1.24865
114	30	1.29056
114	33	1.37476
114	35	1.37191
114	43	1.31414
114	48	1.29165
114	53	1.48059
114	58	0.520357
114	65	0.505866
114	68	1.32628
114	71	1.40173
114	73	0.521395
114	80	1.25533
114	85	1.35018
114	92	0.516306
114	102	1.3325
114	105	1.34467
114	161	0.491716
114	165	0.493633
114	167	1.34235
114	171	0.501423
114	175	0.492136
114	177	0.489796
114	179	0.476251
115	16	0.55373
115	42	0.517595
115	55	0.522924
115	68	0.523005
115	72	0.481239
115	100	0.473625
115	101	1.25697
115	106	0.508897
115	123	0.521226
115	124	0.534666
115	129	1.34868
115	130	0.558895
115	137	1.34253
115	153	1.26104
115	155	1.29653
115	161	1.32154
115	165	1.30431
115	169	1.30265
115	171	1.27337
115	172	1.28719
115	173	1.30163
115	174	1.30143
115	177	1.30147
115	178	1.28125
115	179	1.31446
115	180	1.30496
116	49	1.37377
116	54	1.38304
116	60	1.48728
116	61	0.441314
116	70	1.29065
116	76	1.36041
116	82	1.44337
116	90	1.38611
116	95	1.35602
116	104	1.4223
116	112	0.454969
116	113	0.462685
116	117	0.532782
116	121	0.473164
116	135	1.40957
116	138	0.465341
116	139	0.486405
116	142	1.39411
116	143	0.48994
116	149	0.480187
116	157	1.38356
116	161	0.477406
116	162	1.3498
116	164	1.36468
116	175	1.39535
116	176	0.439385
117	2	1.32167
117	11	0.499427
117	23	1.26207
117	32	1.21617
117	34	0.450958
117	46	1.29939
117	51	1.28538
117	65	0.554741
117	66	1.24284
117	83	1.34653
117	97	1.30745
117	112	1.39462
117	116	0.532782
117	124	1.28214
117	125	1.28614
117	131	1.30182
117	133	1.35201
117	157	0.542485
117	162	1.25529
117	167	1.32711
117	168	1.31937
117	170	0.526137
117	174	0.536126
117	176	0.50257
117	177	0.538671
117	179	0.525126
118	3	1.13961
118	16	1.25691
118	22	1.47697
118	27	1.27491
118	39	1.37597
118	44	1.29939
118	47	1.2684
118	65	0.541673
118	75	0.458179
118	81	1.2238
118	86	1.35751
118	89	1.22568
118	90	0.547328
118	96	0.533864
118	103	1.3431
118	121	0.523282
118	122	1.32519
118	123	1.32809
118	136	1.29599
118	148	1.2973
118	153	0.551863
118	158	1.31118
118	168	0.530367
118	175	0.527943
118	176	0.489502
118	180	0.501658
119	46	0.535273
119	79	1.41983
119	81	0.558026
119	100	0.477944
119	105	0.508515
119	106	0.513216
119	110	1.31126
119	139	0.523321
119	140	0.527103
119	144	0.498775
119	145	1.28107
119	146	1.26704
119	149	1.29885
119	151	0.529853
119	155	1.28993
119	156	1.27483
119	161	1.31494
119	167	0.521089
119	169	1.29605
119	172	1.28059
119	173	1.29503
119	174	1.29483
119	177	1.29487
119	178	1.27466
119	179	1.30786
119	180	1.29836
120	50	1.33147
120	91	0.510858
120	96	1.35173
120	108	1.33717
120	121	0.481566
120	129	0.474644
120	133	0.474407
120	134	1.35433
120	138	1.37935
120	139	1.35379
120	144	1.38748
120	149	0.488589
120	151	1.3516
120	152	1.34487
120	154	1.33241
120	159	1.33466
120	160	1.38081
120	162	0.529917
120	163	1.31276
120	164	0.505122
120	165	0.487724
120	166	1.35471
120	169	0.492569
120	170	1.34603
120	172	0.493529
120	176	1.34683
120	179	0.470343
121	47	0.498253
121	88	0.471052
121	96	0.487313
121	109	1.35402
121	116	0.473164
121	118	0.523282
121	120	0.481566
121	128	0.485907
121	131	0.502717
121	141	1.37701
121	146	1.31981
121	147	1.35065
121	149	1.35161
121	150	1.38791
121	152	0.477702
121	155	1.3427
121	158	0.503458
121	165	1.35048
121	166	0.489572
121	169	1.34882
121	171	1.31954
121	172	1.33335
121	173	1.3478
121	176	1.35692
121	177	1.34764
121	179	1.36062
121	180	1.35112
122	16	1.31323
122	27	1.33123
122	39	1.43229
122	44	1.35572
122	47	1.32473
122	55	1.38081
122	63	1.30161
122	81	1.28012
122	86	1.41384
122	89	1.282
122	94	1.35558
122	103	1.39942
122	118	1.32519
122	123	1.38442
122	126	0.458628
122	136	1.35231
122	137	0.482912
122	140	0.512039
122	147	0.496835
122	149	0.50204
122	156	0.506556
122	158	1.3675
122	160	0.494158
122	169	0.50602
122	174	0.494793
122	179	0.483794
122	180	0.473393
123	3	1.19883
123	5	0.475993
123	22	1.53619
123	27	1.33413
123	44	1.35862
123	47	1.32762
123	60	0.458103
123	63	1.30451
123	81	1.28302
123	86	1.41673
123	89	1.2849
123	93	0.532008
123	94	1.35848
123	103	1.40232
123	109	0.495083
123	115	0.521226
123	118	1.32809
123	122	1.38442
123	136	1.35521
123	145	0.516693
123	148	1.35652
123	158	1.3704
123	166	0.505036
123	170	0.481984
123	173	0.491338
123	176	0.458416
123	180	0.470571
124	2	1.33978
124	23	1.28018
124	25	1.28661
124	32	1.23428
124	36	0.485929
124	66	1.26095
124	72	0.481114
124	83	1.36464
124	88	1.35319
124	93	0.545448
124	97	1.32557
124	105	0.504071
124	107	1.30949
124	112	1.41274
124	115	0.534666
124	117	1.28214
124	125	1.30426
124	131	1.31993
124	133	1.37012
124	146	0.527711
124	159	0.524528
124	162	1.27341
124	164	0.529192
124	167	1.34522
124	168	1.33748
124	170	0.495424
124	179	0.494413
124	180	0.484012
125	11	0.477654
125	23	1.28418
125	25	1.29061
125	32	1.23828
125	46	1.32151
125	51	1.30749
125	61	0.482726
125	64	0.478339
125	66	1.26495
125	74	0.566989
125	83	1.36864
125	84	0.484814
125	88	1.35719
125	97	1.32957
125	107	1.31349
125	112	1.41674
125	117	1.28614
125	124	1.30426
125	131	1.32393
125	133	1.37412
125	143	0.531352
125	157	0.520712
125	162	1.27741
125	164	0.538132
125	165	0.520735
125	168	1.34148
125	172	0.52654
125	176	0.480797
126	35	0.404519
126	56	0.45482
126	59	1.34746
126	70	0.548619
126	76	0.486478
126	83	0.439499
126	106	0.443478
126	122	0.458628
126	132	0.485665
126	136	0.477277
126	142	0.470861
126	148	1.40849
126	149	1.41248
126	153	1.36807
126	154	0.470876
126	157	1.40266
126	165	1.41135
126	167	0.45135
126	169	1.40968
126	171	1.38041
126	172	1.39422
126	173	1.40866
126	174	1.40846
126	176	1.41778
126	177	1.4085
126	178	1.38829
126	179	1.42149
126	180	1.41199
127	7	1.38542
127	10	1.17783
127	13	1.38626
127	18	1.2804
127	19	1.51725
127	26	1.30956
127	29	1.24547
127	38	1.25697
127	45	1.36833
127	57	1.27352
127	61	0.480439
127	69	1.22759
127	78	1.30456
127	98	1.23848
127	100	1.42719
127	103	0.506987
127	107	1.31658
127	108	0.51529
127	113	1.32325
127	128	1.36132
127	136	0.549224
127	138	0.504466
127	165	0.518448
127	169	0.523292
127	172	0.524252
127	176	0.47851
127	177	0.514611
127	180	0.490665
128	7	1.4323
128	10	1.2247
128	13	1.43314
128	19	1.56413
128	26	1.35643
128	29	1.29235
128	38	1.30384
128	45	1.4152
128	57	1.32039
128	69	1.27447
128	78	1.35143
128	79	0.42516
128	93	0.525719
128	98	1.28536
128	100	1.47407
128	107	1.36345
128	111	1.37731
128	113	1.37012
128	121	0.485907
128	127	1.36132
128	141	0.478148
128	148	0.482565
128	153	0.514488
128	157	0.492042
128	166	0.498747
128	168	0.492992
128	174	0.485684
128	176	0.452128
128	179	0.474684
129	18	0.528517
129	48	0.505607
129	49	0.490935
129	51	0.472791
129	82	0.470775
129	83	0.468966
129	103	0.464507
129	115	1.34868
129	120	0.474644
129	134	0.491777
129	144	0.458504
129	146	1.34514
129	149	1.37694
129	152	0.470779
129	153	1.33254
129	155	1.36803
129	156	1.35293
129	158	0.496535
129	165	1.37581
129	169	1.37415
129	171	1.34487
129	172	1.35869
129	174	1.37293
129	175	1.37892
129	176	1.38225
129	177	1.37297
129	178	1.35275
129	179	1.38596
129	180	1.37645
130	14	1.26276
130	31	1.20271
130	75	0.464762
130	77	1.26781
130	108	1.28405
130	110	0.520305
130	113	0.519386
130	115	0.558895
130	134	1.30121
130	138	1.32623
130	139	1.30067
130	140	1.2784
130	144	1.33436
130	146	0.55194
130	150	0.520511
130	151	1.29848
130	152	1.29175
130	154	1.27929
130	159	1.28154
130	160	1.32769
130	163	1.25964
130	164	0.553421
130	166	1.30159
130	168	1.3089
130	169	0.540868
130	170	1.29291
130	174	0.529642
130	177	0.532187
130	179	0.518642
131	2	1.35946
131	32	1.25396
131	34	0.417326
131	40	1.23096
131	45	0.53648
131	46	1.33719
131	51	1.32317
131	66	1.28063
131	83	1.38432
131	88	1.37287
131	97	1.34524
131	107	1.32916
131	112	1.43241
131	117	1.30182
131	121	0.502717
131	124	1.31993
131	125	1.32393
131	133	1.3898
131	139	0.515958
131	141	0.494958
131	147	0.504536
131	148	0.499375
131	149	0.50974
131	150	0.493364
131	157	0.508853
131	162	1.29308
131	167	1.3649
131	168	1.35716
131	171	0.516665
131	178	0.511141
132	34	0.436663
132	56	1.29864
132	58	1.25384
132	77	1.28071
132	99	0.528369
132	108	1.29695
132	113	0.511575
132	126	0.485665
132	134	1.31411
132	137	0.50995
132	138	1.33913
132	139	1.31357
132	140	1.2913
132	144	1.34726
132	145	0.546551
132	146	0.544129
132	149	0.529077
132	151	1.31138
132	152	1.30465
132	154	1.29219
132	159	1.29444
132	160	1.34059
132	161	0.526295
132	163	1.27254
132	164	0.54561
132	166	1.31449
132	168	1.3218
132	170	1.3058
132	174	0.521831
132	175	0.526715
132	176	1.3066
133	25	1.35647
133	32	1.30415
133	36	0.449865
133	40	1.28115
133	41	0.491473
133	46	1.38737
133	51	1.37336
133	59	0.503368
133	66	1.33082
133	83	1.43451
133	88	1.42305
133	93	0.509385
133	97	1.39543
133	107	1.37935
133	112	1.4826
133	117	1.35201
133	120	0.474407
133	124	1.37012
133	125	1.37412
133	131	1.3898
133	144	0.458267
133	145	0.49407
133	149	0.476595
133	154	0.500106
133	162	1.34327
133	167	1.41508
133	168	1.40735
133	170	0.45936
133	172	0.481535
133	176	0.435793
133	177	0.471894
134	42	1.3429
134	73	1.30894
134	79	0.437952
134	84	0.468937
134	96	1.35673
134	99	0.505014
134	120	1.35433
134	129	0.491777
134	130	1.30121
134	132	1.31411
134	138	1.38435
134	139	1.35879
134	140	1.33652
134	141	0.49094
134	144	1.39248
134	147	0.500518
134	150	0.489346
134	151	1.35659
134	152	1.34986
134	154	1.33741
134	157	0.504835
134	159	1.33966
134	160	1.38581
134	163	1.31776
134	164	0.522255
134	166	1.35971
134	169	0.509702
134	170	1.35102
134	173	0.497842
134	176	1.35182
134	178	0.507123
134	179	0.487476
135	4	1.21553
135	9	1.38399
135	40	1.2442
135	49	1.3303
135	58	0.530979
135	60	1.44381
135	62	1.43278
135	76	1.31694
135	79	0.437349
135	82	1.3999
135	87	1.26527
135	90	1.34264
135	91	1.36421
135	95	1.31255
135	104	1.37883
135	106	1.3957
135	110	0.488536
135	116	1.40957
135	137	0.485992
135	142	1.35063
135	150	0.488743
135	155	0.500895
135	157	1.34009
135	161	0.502337
135	164	1.3212
135	165	0.504254
135	170	0.487884
135	173	0.497239
135	174	0.497873
135	175	1.35188
135	178	0.50652
135	179	0.486873
136	3	1.16673
136	16	1.28403
136	17	0.448824
136	22	1.50409
136	27	1.30203
136	39	1.40309
136	44	1.32651
136	47	1.29552
136	55	1.3516
136	63	1.27241
136	81	1.25092
136	86	1.38463
136	89	1.2528
136	94	1.32638
136	98	1.24282
136	103	1.37022
136	118	1.29599
136	122	1.35231
136	123	1.35521
136	126	0.477277
136	127	0.549224
136	141	0.505907
136	147	0.515485
136	148	1.32442
136	156	0.525206
136	158	1.3383
136	164	0.537222
136	166	0.526507
136	173	0.512809
136	174	0.513443
136	175	0.518328
136	176	0.479887
136	179	0.502443
137	5	1.39907
137	18	0.523335
137	19	0.411491
137	66	0.552239
137	97	0.474889
137	104	0.461612
137	106	0.467762
137	115	1.34253
137	122	0.482912
137	132	0.50995
137	135	0.485992
137	142	0.495145
137	145	1.35301
137	146	1.33899
137	147	1.36983
137	151	0.484399
137	153	1.32638
137	156	1.34678
137	160	0.463768
137	161	1.38688
137	163	0.503754
137	164	1.34209
137	165	1.36966
137	167	0.475635
137	169	1.368
137	170	1.37529
137	171	1.33872
137	172	1.35253
137	173	1.36698
137	174	1.36677
137	175	1.37277
137	177	1.36682
137	178	1.3466
137	180	1.3703
138	1	1.40272
138	37	0.434502
138	48	0.504706
138	69	0.563466
138	73	1.33396
138	93	1.36642
138	96	1.38175
138	102	0.477208
138	108	1.36719
138	116	0.465341
138	120	1.37935
138	127	0.504466
138	130	1.32623
138	132	1.33913
138	134	1.38435
138	139	1.38381
138	140	1.36154
138	144	1.4175
138	151	1.38161
138	152	1.37488
138	153	0.497489
138	154	1.36243
138	156	0.480447
138	159	1.36468
138	161	0.473149
138	163	1.34278
138	166	1.38473
138	168	1.39204
138	169	0.479911
138	170	1.37604
