1	4	0.725742
1	15	0.822672
1	34	0.878775
1	41	0.786923
1	50	0.81065
1	53	0.814529
1	66	0.786538
1	138	0.740516
1	141	1.75159
1	150	0.832721
1	165	1.78948
1	174	1.79724
2	38	0.732104
2	65	1.04318
2	75	1.15482
2	109	1.15612
2	155	0.948081
2	158	0.935993
2	160	0.919238
2	170	0.827939
2	173	0.962947
2	174	0.875892
2	179	0.876533
2	180	0.842356
3	15	0.852176
3	36	0.789346
3	41	0.816428
3	50	0.840154
3	53	0.844034
3	66	0.816043
3	138	0.77002
3	139	1.83919
3	147	1.5745
3	150	0.862226
3	163	1.51822
4	1	0.725742
4	15	0.82172
4	34	0.877824
4	41	0.785972
4	50	0.809698
4	53	0.813578
4	66	0.785587
4	138	0.739564
4	147	1.62681
4	150	0.83177
4	172	1.77729
4	179	1.93337
5	25	0.831465
5	42	0.760585
5	45	0.86194
5	54	0.82123
5	55	0.79652
5	61	0.796905
5	70	0.851727
5	126	1.67992
5	147	1.29791
5	173	0.859158
5	177	1.9736
6	8	0.744996
6	58	0.798486
6	94	0.792163
6	95	0.798279
6	99	0.836698
6	101	0.841324
6	104	0.822181
6	109	0.788977
6	156	1.5996
6	164	1.59279
6	168	2.15571
6	178	0.786447
7	16	0.987853
7	20	0.876083
7	25	0.886671
7	30	1.2958
7	45	0.917147
7	55	0.851727
7	61	0.852112
7	70	0.906933
7	91	1.10672
7	148	1.36512
7	173	0.914364
7	174	1.6953
8	6	0.744996
8	26	0.810972
8	59	0.792125
8	95	0.793288
8	99	0.831706
8	101	0.836333
8	104	0.81719
8	105	0.792002
8	167	2.02122
8	172	1.58517
8	178	0.781456
8	179	1.74125
9	34	0.976109
9	36	0.857175
9	41	0.884257
9	50	0.907984
9	53	0.911863
9	66	0.883872
9	126	1.32758
9	138	0.83785
9	150	0.930055
9	169	1.34747
9	170	1.76709
9	172	1.09604
10	16	0.995148
10	42	0.823086
10	45	0.924441
10	54	0.883731
10	55	0.859021
10	61	0.859406
10	70	0.914228
10	98	1.0634
10	152	1.64082
10	159	1.53851
10	173	0.921658
10	178	1.31102
11	35	0.863921
11	37	0.900665
11	44	1.75907
11	71	0.860545
11	78	0.891892
11	80	0.891618
11	89	0.93745
11	144	1.11759
11	161	1.05663
11	163	0.938122
11	166	0.938264
11	180	1.54813
12	80	1.37025
12	113	1.53691
12	134	1.33018
12	147	0.883418
12	154	0.817377
12	162	0.806055
12	172	0.821408
12	174	0.792115
12	176	0.772886
12	177	0.751425
12	179	0.792756
12	180	0.758579
13	23	0.741761
13	29	0.793875
13	40	0.724602
13	56	0.820374
13	67	0.797584
13	73	0.8478
13	74	0.848044
13	75	0.848263
13	106	1.62245
13	138	2.1202
13	141	0.78182
13	157	1.58721
14	72	0.8823
14	81	1.19889
14	82	0.905525
14	85	0.901984
14	92	0.890365
14	100	0.869922
14	103	0.910141
14	107	0.930583
14	136	0.909283
14	140	1.26072
14	153	1.56686
14	179	1.49928
15	1	0.822672
15	3	0.852176
15	4	0.82172
15	36	0.85582
15	41	0.882902
15	50	0.906628
15	66	0.882517
15	138	0.836494
15	144	1.61785
15	150	0.9287
15	157	1.40945
15	158	1.49552
15	164	1.3855
16	7	0.987853
16	10	0.995148
16	42	0.912845
16	54	0.97349
16	55	0.94878
16	61	0.949165
16	70	1.00399
16	118	1.01105
16	147	1.01366
16	163	0.95738
16	165	1.43688
16	171	1.68393
16	173	1.01142
17	30	1.33256
17	49	0.88477
17	58	0.856077
17	65	0.850027
17	94	0.849754
17	95	0.85587
17	99	0.894288
17	101	0.898915
17	104	0.879772
17	164	1.2433
17	172	1.45156
17	176	1.87026
17	178	0.844038
18	42	1.24007
18	101	1.08732
18	116	1.08814
18	129	1.05083
18	146	0.918942
18	161	0.92786
18	168	0.86034
18	170	0.829951
18	175	0.835439
18	176	0.858674
18	177	0.837213
18	179	0.878544
18	180	0.844367
19	69	0.913627
19	110	0.843668
19	112	0.84438
19	114	0.838634
19	116	0.869617
19	125	1.59163
19	127	0.858774
19	129	0.856421
19	135	0.870332
19	150	0.911731
19	152	1.57873
19	172	1.14791
19	180	1.60252
20	7	0.876083
20	25	0.871955
20	42	0.801075
20	45	0.90243
20	54	0.86172
20	55	0.83701
20	61	0.837395
20	70	0.892217
20	148	1.27134
20	159	1.64953
20	160	1.27333
20	173	0.899647
20	176	1.73971
21	22	0.883115
21	23	0.797193
21	29	0.849307
21	56	0.875806
21	67	0.853016
21	73	0.903232
21	74	0.903476
21	75	0.903695
21	118	1.20179
21	141	0.837252
21	152	1.7857
21	157	1.17055
21	176	1.77357
22	21	0.883115
22	27	0.854871
22	40	0.779346
22	67	0.852328
22	73	0.902544
22	74	0.902788
22	75	0.903007
22	132	0.889381
22	141	0.836564
22	158	1.22577
22	164	1.11576
22	171	1.84382
22	176	1.74272
23	13	0.741761
23	21	0.797193
23	40	0.693424
23	56	0.789196
23	67	0.766406
23	68	1.63673
23	73	0.816622
23	74	0.816866
23	75	0.817085
23	132	0.803459
23	141	0.750642
23	145	1.99687
23	146	2.04963
24	48	0.895349
24	88	0.855088
24	97	0.853811
24	119	0.884958
24	130	0.848084
24	131	0.888175
24	134	0.875565
24	137	0.875623
24	161	1.27176
24	162	1.52816
24	165	0.82961
24	168	1.6633
24	179	1.46473
25	5	0.831465
25	7	0.886671
25	20	0.871955
25	42	0.811663
25	54	0.872309
25	55	0.847599
25	61	0.847984
25	70	0.902805
25	81	1.38415
25	142	1.62412
25	145	1.42569
25	146	1.47845
25	173	0.910236
26	8	0.810972
26	58	0.864461
26	65	0.858412
26	94	0.858139
26	95	0.864255
26	99	0.902673
26	101	0.9073
26	104	0.888157
26	167	1.42664
26	170	1.66164
26	176	1.40928
26	178	0.852423
26	180	1.4452
27	22	0.854871
27	29	0.821064
27	40	0.75179
27	56	0.847562
27	67	0.824772
27	73	0.874988
27	74	0.875232
27	75	0.875451
27	132	0.861825
27	140	1.5585
27	141	0.809008
27	156	1.43953
27	163	1.43422
27	169	1.89241
28	79	0.841807
28	87	0.884442
28	90	0.825006
28	119	0.850941
28	128	0.869065
28	130	0.814066
28	131	0.854157
28	134	0.841547
28	137	0.841606
28	155	1.40576
28	163	1.29491
28	165	0.795593
28	177	2.02689
28	178	1.60269
29	13	0.793875
29	21	0.849307
29	27	0.821064
29	43	1.25358
29	56	0.84131
29	67	0.818521
29	68	1.26774
29	73	0.868736
29	74	0.868981
29	75	0.869199
29	132	0.855573
29	141	0.802756
29	173	1.5003
29	180	2.18527
30	7	1.2958
30	17	1.33256
30	60	0.862865
30	82	0.871575
30	92	0.856416
30	105	1.39444
30	107	0.896633
30	109	0.85767
30	129	1.21564
30	168	0.808033
30	174	0.825595
30	176	0.806367
30	179	0.826236
30	180	0.79206
31	33	0.928111
31	112	0.920298
31	114	0.914552
31	116	0.945535
31	117	0.945525
31	124	0.911523
31	129	0.932339
31	133	0.960239
31	135	0.94625
31	156	0.865079
31	165	1.33927
31	168	1.42119
31	170	1.73758
31	178	1.16755
32	37	0.843094
32	47	0.794172
32	51	0.773124
32	64	0.916966
32	71	0.802974
32	78	0.83432
32	80	0.834047
32	89	0.879879
32	153	1.55795
32	156	1.13284
32	163	0.880551
32	166	0.880693
32	177	1.8595
32	180	1.7889
33	31	0.928111
33	52	0.847182
33	59	0.83196
33	84	0.837497
33	96	1.31342
33	110	0.81115
33	116	0.837099
33	123	0.853758
33	124	0.803086
33	127	0.826256
33	135	0.837813
33	146	1.362
33	174	1.69252
33	177	1.93723
34	1	0.878775
34	4	0.877824
34	9	0.976109
34	36	0.911923
34	50	0.962732
34	53	0.966611
34	66	0.93862
34	98	0.897876
34	126	1.27601
34	138	0.892597
34	150	0.984803
34	165	1.31722
34	167	1.48053
34	171	1.56427
35	11	0.863921
35	51	0.762002
35	64	0.905845
35	71	0.791852
35	78	0.823199
35	80	0.822925
35	89	0.868758
35	115	0.841532
35	156	1.11188
35	163	0.86943
35	166	0.869571
35	169	1.56475
35	171	1.83312
35	177	1.83854
36	3	0.789346
36	9	0.857175
36	15	0.85582
36	34	0.911923
36	41	0.820071
36	50	0.843798
36	53	0.847677
36	66	0.819686
36	138	0.773663
36	150	0.865869
36	160	1.45298
36	166	1.32328
36	178	1.60168
36	180	1.95528
37	11	0.900665
37	32	0.843094
37	51	0.798746
37	71	0.828596
37	78	0.859943
37	80	0.859669
37	89	0.905502
37	126	1.57344
37	161	1.30502
37	163	0.906174
37	165	1.61465
37	166	0.906315
37	178	1.44293
38	2	0.732104
38	60	0.93104
38	77	0.942141
38	85	0.93621
38	100	0.904148
38	103	0.944367
38	107	0.964808
38	114	0.90814
38	127	0.92828
38	136	0.943508
38	149	1.00604
38	174	1.37677
38	175	1.69468
38	176	1.51495
39	93	0.82071
39	110	0.810537
39	113	0.861611
39	120	0.843825
39	123	0.853146
39	127	0.825643
39	129	0.82329
39	133	0.85119
39	135	0.837201
39	142	1.61338
39	143	1.64267
39	150	0.8786
39	162	1.73724
39	166	1.34035
40	13	0.724602
40	22	0.779346
40	23	0.693424
40	27	0.75179
40	56	0.772037
40	67	0.749247
40	73	0.799463
40	74	0.799707
40	75	0.799926
40	108	2.18977
40	132	0.7863
40	141	0.733483
40	163	1.95938
40	164	1.95787
41	1	0.786923
41	3	0.816428
41	4	0.785972
41	9	0.884257
41	15	0.882902
41	36	0.820071
41	53	0.874759
41	66	0.846768
41	98	1.57718
41	138	0.800745
41	150	0.892951
41	157	1.53946
41	160	1.6761
41	166	1.5464
42	5	0.760585
42	10	0.823086
42	16	0.912845
42	18	1.24007
42	20	0.801075
42	25	0.811663
42	45	0.842139
42	54	0.801429
42	55	0.776719
42	61	0.777104
42	70	0.831925
42	151	1.73987
42	165	1.79662
42	169	1.7753
42	173	0.839356
43	29	1.25358
43	58	1.18207
43	73	0.921645
43	114	1.10492
43	131	0.896482
43	148	0.959324
43	159	0.900191
43	168	0.88969
43	169	0.896071
43	171	0.872479
43	172	0.936546
43	176	0.888024
43	177	0.866562
43	179	0.907893
43	180	0.873717
44	11	1.75907
44	63	1.9335
44	78	1.96564
44	139	0.767819
44	145	0.806101
44	147	0.830623
44	162	0.75326
44	164	0.808025
44	169	0.728138
44	171	0.704547
44	174	0.73932
44	176	0.720091
44	177	0.69863
44	179	0.739961
44	180	0.705784
45	5	0.86194
45	7	0.917147
45	10	0.924441
45	20	0.90243
45	42	0.842139
45	54	0.902784
45	55	0.878074
45	61	0.878459
45	70	0.933281
45	96	1.38604
45	145	1.38186
45	158	1.38638
45	161	1.44775
45	164	1.27637
45	173	0.940711
46	84	0.812456
46	111	0.840763
46	112	0.78682
46	123	0.828717
46	124	0.778045
46	125	2.08098
46	129	0.798861
46	133	0.826761
46	135	0.812772
46	136	0.816442
46	149	0.842886
46	150	0.854171
46	157	1.45295
46	166	1.45989
46	178	1.73829
47	32	0.794172
47	51	0.749825
47	64	0.893667
47	71	0.779674
47	78	0.811021
47	80	0.810747
47	86	0.783023
47	89	0.85658
47	115	0.829354
47	125	2.0982
47	156	1.45303
47	158	1.55623
47	161	1.61759
47	163	0.857252
47	166	0.857394
48	24	0.895349
48	88	0.857596
48	96	1.25859
48	97	0.85632
48	119	0.887467
48	121	0.869641
48	125	1.80091
48	128	0.90559
48	130	0.850592
48	131	0.890683
48	134	0.878073
48	137	0.878131
48	146	1.30718
48	165	0.832119
48	167	1.79324
48	173	1.12683
49	17	0.88477
49	65	0.869629
49	86	0.849772
49	94	0.869355
49	99	0.91389
49	130	0.853849
49	131	0.89394
49	134	0.88133
49	137	0.881388
49	139	1.60092
49	146	1.43669
49	162	1.70622
49	164	1.27844
49	165	0.835376
49	173	1.25635
49	178	0.863639
50	1	0.81065
50	3	0.840154
50	4	0.809698
50	9	0.907984
50	15	0.906628
50	34	0.962732
50	36	0.843798
50	53	0.898486
50	66	0.870495
50	68	1.01955
50	122	1.45484
50	138	0.824472
50	150	0.916678
50	154	1.57093
50	169	1.73389
50	172	1.48247
51	32	0.773124
51	35	0.762002
51	37	0.798746
51	47	0.749825
51	64	0.872619
51	71	0.758626
51	78	0.789973
51	80	0.789699
51	89	0.835531
51	115	0.808306
51	156	1.56908
51	161	1.73364
51	163	0.836203
51	166	0.836345
51	171	2.29032
51	173	1.54016
52	33	0.847182
52	69	0.908615
52	84	0.865004
52	116	0.864606
52	117	0.864595
52	120	0.871944
52	123	0.881265
52	129	0.851409
52	133	0.879309
52	135	0.86532
52	148	1.23627
52	150	0.906719
52	152	1.71676
52	159	1.61445
52	166	1.10856
52	168	1.6406
53	1	0.814529
53	3	0.844034
53	4	0.813578
53	9	0.911863
53	34	0.966611
53	36	0.847677
53	41	0.874759
53	50	0.898486
53	66	0.874374
53	102	1.5504
53	138	0.828352
53	150	0.920557
53	152	1.62436
53	165	1.46628
53	166	1.01616
53	167	1.62959
54	5	0.82123
54	10	0.883731
54	16	0.97349
54	20	0.86172
54	25	0.872309
54	42	0.801429
54	45	0.902784
54	55	0.837364
54	61	0.837749
54	70	0.892571
54	140	1.34108
54	166	1.24619
54	168	1.77822
54	172	1.42357
54	173	0.900001
54	178	1.52459
55	5	0.79652
55	7	0.851727
55	10	0.859021
55	16	0.94878
55	20	0.83701
55	25	0.847599
55	42	0.776719
55	45	0.878074
55	54	0.837364
55	61	0.813039
55	70	0.867861
55	153	1.45826
55	173	0.875291
55	174	1.51511
55	176	1.65329
55	177	1.75982
55	178	1.33562
56	13	0.820374
56	21	0.875806
56	23	0.789196
56	27	0.847562
56	29	0.84131
56	40	0.772037
56	67	0.845019
56	73	0.895235
56	74	0.895479
56	75	0.895698
56	132	0.882072
56	140	1.36055
56	141	0.829255
56	145	1.34026
56	152	1.87386
56	173	1.21268
56	180	1.89765
57	60	0.848779
57	63	0.856978
57	72	0.834264
57	77	0.85988
57	82	0.857489
57	85	0.853949
57	92	0.84233
57	100	0.821886
57	103	0.862105
57	107	0.882547
57	122	1.41662
57	127	0.846019
57	136	0.861247
57	153	1.66791
57	162	1.66375
57	163	1.23749
57	165	1.71699
58	6	0.798486
58	17	0.856077
58	26	0.864461
58	43	1.18207
58	59	0.845614
58	86	0.821079
58	94	0.840662
58	95	0.846777
58	96	1.56055
58	99	0.885196
58	101	0.889823
58	104	0.870679
58	105	0.845492
58	106	1.51007
58	144	1.68322
58	158	1.56089
58	178	0.834946
59	8	0.792125
59	33	0.83196
59	58	0.845614
59	95	0.845408
59	99	0.883826
59	104	0.86931
59	111	0.878089
59	113	0.874509
59	123	0.866043
59	124	0.815371
59	133	0.864087
59	147	1.31285
59	148	1.41365
59	151	1.67932
59	154	1.55178
59	165	1.73607
59	178	0.833576
60	30	0.862865
60	38	0.93104
60	57	0.848779
60	63	0.846556
60	72	0.823842
60	77	0.849457
60	82	0.847066
60	85	0.843526
60	92	0.831907
60	100	0.811464
60	103	0.851683
60	107	0.872125
60	140	1.35487
60	149	1.34713
60	157	1.25303
60	165	1.7101
60	175	2.03577
61	5	0.796905
61	7	0.852112
61	10	0.859406
61	16	0.949165
61	20	0.837395
61	25	0.847984
61	42	0.777104
61	45	0.878459
61	54	0.837749
61	55	0.813039
61	70	0.868246
61	98	1.13954
61	142	1.38179
61	159	1.61465
61	167	1.72219
61	173	0.875676
61	175	1.88455
62	79	0.854375
62	90	0.837573
62	105	0.84697
62	119	0.863509
62	121	0.845683
62	128	0.881632
62	130	0.826634
62	131	0.866725
62	132	0.873138
62	134	0.854115
62	137	0.854173
62	151	1.57744
62	153	1.5851
62	162	1.58095
62	165	0.808161
62	169	1.61287
62	172	1.36144
63	44	1.9335
63	57	0.856978
63	60	0.846556
63	72	0.83204
63	77	0.857656
63	82	0.855265
63	85	0.851725
63	91	0.959869
63	92	0.840106
63	100	0.819663
63	103	0.859882
63	107	0.880324
63	127	0.843796
63	136	0.859023
63	139	1.38216
63	175	1.86636
63	178	1.36897
64	32	0.916966
64	35	0.905845
64	47	0.893667
64	51	0.872619
64	71	0.902468
64	78	0.933815
64	80	0.933541
64	83	1.86823
64	86	0.905817
64	89	0.979374
64	106	1.06767
64	148	1.16707
64	149	1.12652
64	161	1.17986
64	162	1.43625
64	163	0.980046
64	166	0.980187
65	2	1.04318
65	17	0.850027
65	26	0.858412
65	49	0.869629
65	86	0.815029
65	94	0.834612
65	95	0.840728
65	99	0.879147
65	101	0.883773
65	104	0.86463
65	105	0.839443
65	109	0.831426
65	154	1.4958
65	160	1.35965
65	168	1.762
65	178	0.828896
65	180	1.86195
66	1	0.786538
66	3	0.816043
66	4	0.785587
66	9	0.883872
66	15	0.882517
66	34	0.93862
66	36	0.819686
66	41	0.846768
66	50	0.870495
66	53	0.874374
66	138	0.800361
66	142	1.34187
66	150	0.892566
66	154	1.33467
66	167	1.68227
66	168	1.60087
66	171	1.76601
67	13	0.797584
67	21	0.853016
67	22	0.852328
67	23	0.766406
67	27	0.824772
67	29	0.818521
67	40	0.749247
67	56	0.845019
67	73	0.872445
67	74	0.872689
67	75	0.872908
67	132	0.859282
67	139	1.64337
67	141	0.806465
67	153	1.75282
67	161	1.49227
67	172	1.52916
67	179	1.68524
68	23	1.63673
68	29	1.26774
68	50	1.01955
68	77	0.994485
68	115	0.794892
68	123	0.968419
68	155	0.981858
68	159	0.902607
68	167	0.889515
68	169	0.898487
68	170	0.861717
68	171	0.874896
68	172	0.938962
68	174	0.909669
68	175	0.867205
68	177	0.868979
68	179	0.91031
68	180	0.876133
69	19	0.913627
69	52	0.908615
69	110	0.872583
69	111	0.927238
69	113	0.923658
69	116	0.898532
69	117	0.898522
69	120	0.905871
69	123	0.915192
69	124	0.86452
69	126	1.34861
69	129	0.885336
69	135	0.899247
69	141	1.35192
69	163	0.910312
69	168	1.47173
69	177	1.64229
69	180	1.57169
70	5	0.851727
70	7	0.906933
70	10	0.914228
70	16	1.00399
70	20	0.892217
70	25	0.902805
70	42	0.831925
70	45	0.933281
70	54	0.892571
70	55	0.867861
70	61	0.868246
70	145	1.12361
70	153	1.45005
70	157	1.04207
70	162	1.4459
70	169	1.47781
70	173	0.930498
70	177	1.7516
71	11	0.860545
71	32	0.802974
71	35	0.791852
71	37	0.828596
71	47	0.779674
71	51	0.758626
71	64	0.902468
71	78	0.819823
71	80	0.819549
71	89	0.865381
71	115	0.838155
71	145	1.18822
71	159	1.61951
71	163	0.866053
71	166	0.866195
71	169	1.54242
71	170	1.96205
71	171	1.81079
72	14	0.8823
72	57	0.834264
72	60	0.823842
72	63	0.83204
72	77	0.834942
72	82	0.832551
72	85	0.829011
72	92	0.817392
72	98	1.45494
72	100	0.796949
72	103	0.837168
72	107	0.857609
72	109	0.818647
72	114	0.800941
72	140	1.51905
72	146	1.55152
72	149	1.51131
72	180	2.05615
73	13	0.8478
73	21	0.903232
73	22	0.902544
73	23	0.816622
73	27	0.874988
73	29	0.868736
73	40	0.799463
73	43	0.921645
73	56	0.895235
73	67	0.872445
73	74	0.922905
73	75	0.923124
73	132	0.909498
73	141	0.856681
73	149	1.30849
73	160	1.35104
73	162	1.61823
73	168	1.75338
73	179	1.5548
74	13	0.848044
74	21	0.903476
74	22	0.902788
74	23	0.816866
74	27	0.875232
74	29	0.868981
74	40	0.799707
74	56	0.895479
74	67	0.872689
74	73	0.922905
74	75	0.923368
74	118	1.24175
74	132	0.909742
74	140	1.31235
74	141	0.856925
74	151	1.61084
74	159	1.72335
74	162	1.61435
74	163	1.18808
75	2	1.15482
75	13	0.848263
75	21	0.903695
75	22	0.903007
75	23	0.817085
75	27	0.875451
75	29	0.869199
75	40	0.799926
75	56	0.895698
75	67	0.872908
75	73	0.923124
75	74	0.923368
75	132	0.909961
75	141	0.857144
75	143	1.64391
75	156	1.31753
75	158	1.42072
75	173	1.28861
75	179	1.67505
76	79	0.882994
76	87	0.925629
76	88	0.862258
76	90	0.866193
76	97	0.860981
76	119	0.892128
76	121	0.874302
76	128	0.910252
76	130	0.855253
76	131	0.895345
76	134	0.882734
76	137	0.882793
76	151	1.61811
76	152	1.83294
76	154	1.49057
76	157	1.21779
76	158	1.30386
76	165	0.83678
76	166	1.22474
77	38	0.942141
77	57	0.85988
77	60	0.849457
77	63	0.857656
77	68	0.994485
77	72	0.834942
77	82	0.858167
77	85	0.854627
77	91	1.14933
77	92	0.843007
77	100	0.822564
77	103	0.862783
77	107	0.883225
77	109	0.844262
77	114	0.826557
77	125	1.90112
77	127	0.846697
77	155	1.36149
77	165	1.73015
77	174	1.73791
78	11	0.891892
78	32	0.83432
78	35	0.823199
78	37	0.859943
78	44	1.96564
78	47	0.811021
78	51	0.789973
78	64	0.933815
78	71	0.819823
78	80	0.850895
78	86	0.823171
78	89	0.896728
78	115	0.869502
78	139	1.4143
78	142	1.39574
78	149	1.20986
78	159	1.6286
78	163	0.8974
78	166	0.897542
78	172	1.30009
79	28	0.841807
79	62	0.854375
79	76	0.882994
79	83	1.92078
79	87	0.901443
79	88	0.838071
79	90	0.842007
79	122	0.867355
79	128	0.886066
79	130	0.831067
79	131	0.871159
79	134	0.858548
79	137	0.858607
79	138	1.61797
79	140	0.863522
79	149	1.17907
79	165	0.812594
79	174	1.5498
79	178	1.37032
79	179	1.42538
80	11	0.891618
80	12	1.37025
80	32	0.834047
80	35	0.822925
80	37	0.859669
80	47	0.810747
80	51	0.789699
80	64	0.933541
80	71	0.819549
80	78	0.850895
80	86	0.822897
80	89	0.896454
80	115	0.869228
80	144	1.26365
80	158	1.14131
80	162	1.45908
80	163	0.897126
80	166	0.897268
80	170	1.91062
80	177	1.76478
81	14	1.19889
81	25	1.38415
81	99	1.15041
81	111	1.07833
81	128	1.20396
81	136	1.25026
81	151	0.862831
81	162	0.877768
81	167	0.843673
81	168	0.846264
81	169	0.852645
81	170	0.815875
81	171	0.829054
81	172	0.893121
81	173	0.950883
81	174	0.863827
81	175	0.821364
81	177	0.823137
81	179	0.864468
81	180	0.830291
82	14	0.905525
82	30	0.871575
82	57	0.857489
82	60	0.847066
82	63	0.855265
82	72	0.832551
82	77	0.858167
82	85	0.852236
82	100	0.820173
82	103	0.860392
82	107	0.880834
82	109	0.841871
82	118	1.22798
82	122	1.35344
82	127	0.844306
82	136	0.859534
82	138	1.72973
82	166	1.20369
82	174	1.66157
82	177	1.90628
83	64	1.86823
83	79	1.92078
83	94	0.765804
83	95	0.77192
83	99	0.810338
83	101	0.814965
83	104	0.795822
83	109	0.762618
83	117	1.91577
83	132	1.93963
83	143	0.7467
83	152	0.722651
83	162	0.744484
83	172	0.759836
83	174	0.730543
83	175	0.688079
83	177	0.689853
83	178	0.760088
83	179	0.731184
83	180	0.697007
84	33	0.837497
84	46	0.812456
84	52	0.865004
84	98	1.2913
84	111	0.883627
84	112	0.829684
84	114	0.823938
84	116	0.854921
84	120	0.86226
84	123	0.871581
84	129	0.841725
84	133	0.869625
84	135	0.855636
84	141	1.67275
84	145	1.33513
84	146	1.38789
84	149	0.88575
84	150	0.897035
84	171	1.95769
84	172	1.4379
85	14	0.901984
85	38	0.93621
85	57	0.853949
85	60	0.843526
85	63	0.851725
85	72	0.829011
85	77	0.854627
85	82	0.852236
85	92	0.837076
85	100	0.816633
85	103	0.856852
85	107	0.877294
85	114	0.820626
85	136	0.855994
85	139	1.60914
85	156	1.29348
85	166	1.31755
85	173	1.26456
85	177	2.02014
85	178	1.59595
86	47	0.783023
86	49	0.849772
86	58	0.821079
86	64	0.905817
86	65	0.815029
86	78	0.823171
86	80	0.822897
86	89	0.86873
86	94	0.814756
86	95	0.820872
86	101	0.863917
86	104	0.844774
86	106	1.24323
86	118	1.23922
86	141	1.62716
86	154	1.48077
86	163	0.869402
86	166	0.869544
86	167	1.82836
86	170	2.06336
86	178	0.80904
87	28	0.884442
87	76	0.925629
87	79	0.901443
87	97	0.87943
87	121	0.892752
87	122	0.90999
87	128	0.928701
87	130	0.873703
87	131	0.913794
87	132	0.920207
87	134	0.901184
87	137	0.901242
87	140	0.906158
87	147	1.04449
87	162	1.41448
87	163	0.988215
87	165	0.855229
87	174	1.47548
87	175	1.79339
87	178	1.29599
87	180	1.64959
88	24	0.855088
88	48	0.857596
88	76	0.862258
88	79	0.838071
88	97	0.816058
88	108	1.55028
88	119	0.847205
88	121	0.82938
88	128	0.865329
88	130	0.810331
88	131	0.850422
88	132	0.856835
88	134	0.837812
88	137	0.83787
88	140	0.842786
88	148	1.47697
88	149	1.43642
88	156	1.3252
88	160	1.47896
88	165	0.791858
88	170	2.1977
89	11	0.93745
89	32	0.879879
89	35	0.868758
89	37	0.905502
89	47	0.85658
89	51	0.835531
89	64	0.979374
89	71	0.865381
89	78	0.896728
89	80	0.896454
89	86	0.86873
89	115	0.915061
89	138	1.59308
89	139	1.35862
89	146	1.1944
89	156	1.04296
89	163	0.942959
89	164	1.03614
89	165	1.51715
89	166	0.9431
89	170	1.91546
90	28	0.825006
90	62	0.837573
90	76	0.866193
90	79	0.842007
90	97	0.819994
90	115	0.85652
90	119	0.851141
90	121	0.833315
90	122	0.850554
90	128	0.869264
90	130	0.814266
90	131	0.854357
90	134	0.841747
90	137	0.841805
90	151	1.67168
90	156	1.25423
90	157	1.27136
90	165	0.795793
90	167	1.89173
90	176	1.87437
90	178	1.5567
91	7	1.10672
91	63	0.959869
91	77	1.14933
91	103	1.18546
91	109	1.2122
91	115	0.949736
91	123	1.12326
91	147	0.97428
91	148	0.935049
91	156	0.969142
91	157	0.968145
91	159	0.875916
91	164	0.951682
91	167	0.862823
91	169	0.871795
91	170	0.835025
91	172	0.91227
91	175	0.840513
91	176	0.863748
91	179	0.883618
91	180	0.849441
92	14	0.890365
92	30	0.856416
92	57	0.84233
92	60	0.831907
92	63	0.840106
92	72	0.817392
92	77	0.843007
92	85	0.837076
92	100	0.805014
92	103	0.845233
92	107	0.865675
92	109	0.826712
92	114	0.809007
92	127	0.829147
92	136	0.844374
92	144	1.47372
92	160	1.40196
92	161	1.41275
92	169	1.70106
92	172	1.44964
92	175	2.04806
93	39	0.82071
93	110	0.812798
93	111	0.867452
93	112	0.813509
93	113	0.863872
93	114	0.807764
93	117	0.838736
93	120	0.846086
93	123	0.855407
93	124	0.804734
93	129	0.82555
93	133	0.853451
93	135	0.839462
93	138	1.62632
93	142	1.37331
93	149	0.869575
93	150	0.88086
93	151	1.49365
93	170	1.94871
93	176	1.69635
93	178	1.37868
94	6	0.792163
94	17	0.849754
94	26	0.858139
94	49	0.869355
94	58	0.840662
94	65	0.834612
94	83	0.765804
94	86	0.814756
94	95	0.840455
94	99	0.878873
94	101	0.8835
94	104	0.864357
94	105	0.839169
94	109	0.831153
94	143	1.65897
94	147	1.38355
94	161	1.49714
94	166	1.35665
94	172	1.53403
94	177	2.05924
94	178	0.828623
95	6	0.798279
95	8	0.793288
95	17	0.85587
95	26	0.864255
95	58	0.846777
95	59	0.845408
95	65	0.840728
95	83	0.77192
95	86	0.820872
95	94	0.840455
95	99	0.884989
95	101	0.889616
95	104	0.870473
95	109	0.837269
95	146	1.4174
95	159	1.79593
95	160	1.41973
95	162	1.68693
95	173	1.23706
95	178	0.834739
95	180	1.92203
96	33	1.31342
96	45	1.38604
96	48	1.25859
96	58	1.56055
96	107	1.07878
96	124	1.4284
96	138	0.832324
96	144	0.896915
96	151	0.836067
96	152	0.829172
96	161	0.887021
96	168	0.819501
96	169	0.825882
96	171	0.802291
96	172	0.866357
96	173	0.92412
96	174	0.837064
96	175	0.7946
96	177	0.796374
96	179	0.837705
96	180	0.803528
97	24	0.853811
97	48	0.85632
97	76	0.860981
97	87	0.87943
97	88	0.816058
97	90	0.819994
97	115	0.851308
97	119	0.845929
97	121	0.828103
97	128	0.864052
97	130	0.809054
97	131	0.849145
97	134	0.836535
97	137	0.836593
97	148	1.4294
97	149	1.38885
97	159	1.80758
97	161	1.44219
97	165	0.790581
97	172	1.47907
97	180	1.93369
98	10	1.0634
98	34	0.897876
98	41	1.57718
98	61	1.13954
98	72	1.45494
98	84	1.2913
98	129	1.18804
98	151	0.883343
98	152	0.876448
98	160	0.927686
98	162	0.89828
98	167	0.864185
98	169	0.873158
98	170	0.836387
98	171	0.849566
98	172	0.913633
98	173	0.971395
98	175	0.841876
98	176	0.865111
98	177	0.843649
98	179	0.88498
98	180	0.850804
99	6	0.836698
99	8	0.831706
99	17	0.894288
99	26	0.902673
99	49	0.91389
99	58	0.885196
99	59	0.883826
99	65	0.879147
99	81	1.15041
99	83	0.810338
99	94	0.878873
99	95	0.884989
99	101	0.928034
99	104	0.908891
99	105	0.883704
99	122	1.2671
99	138	1.6434
99	154	1.38319
99	165	1.56747
99	166	1.11735
99	178	0.873158
99	180	1.74934
100	14	0.869922
100	38	0.904148
100	57	0.821886
100	60	0.811464
100	63	0.819663
100	72	0.796949
100	77	0.822564
100	82	0.820173
100	85	0.816633
100	92	0.805014
100	103	0.82479
100	107	0.845232
100	109	0.806269
100	114	0.788564
100	127	0.808704
100	136	0.823931
100	149	1.64534
100	154	1.82402
100	158	1.63731
100	161	1.69868
100	163	1.52881
100	164	1.5273
101	6	0.841324
101	8	0.836333
101	17	0.898915
101	18	1.08732
101	26	0.9073
101	58	0.889823
101	65	0.883773
101	83	0.814965
101	86	0.863917
101	94	0.8835
101	95	0.889616
101	99	0.928034
101	104	0.913518
101	105	0.88833
101	109	0.880314
101	151	1.58713
101	155	1.27522
101	163	1.16437
101	173	1.14077
101	174	1.65163
101	175	1.96954
101	178	0.877784
102	53	1.5504
102	114	1.93885
102	116	1.72881
102	132	1.645
102	142	0.80543
102	146	0.790949
102	150	1.65077
102	160	0.793256
102	161	0.799867
102	162	0.763851
102	163	0.839817
102	164	0.818615
102	166	0.839958
102	167	0.729756
102	168	0.732347
102	169	0.738728
102	170	0.701958
102	172	0.779203
102	174	0.74991
102	175	0.707446
102	177	0.70922
102	179	0.750551
102	180	0.716374
103	14	0.910141
103	38	0.944367
103	57	0.862105
103	60	0.851683
103	63	0.859882
103	72	0.837168
103	77	0.862783
103	82	0.860392
103	85	0.856852
103	91	1.18546
103	92	0.845233
103	100	0.82479
103	107	0.885451
103	109	0.846488
103	114	0.828783
103	127	0.848923
103	136	0.86415
103	147	1.34306
103	160	1.44586
103	165	1.76628
103	172	1.49354
103	173	1.26318
103	174	1.77405
104	6	0.822181
104	8	0.81719
104	17	0.879772
104	26	0.888157
104	58	0.870679
104	59	0.86931
104	65	0.86463
104	83	0.795822
104	86	0.844774
104	94	0.864357
104	95	0.870473
104	99	0.908891
104	101	0.913518
104	105	0.869187
104	109	0.861171
104	142	1.55196
104	156	1.25486
104	158	1.35805
104	159	1.78482
104	164	1.24804
104	173	1.22595
104	175	2.05472
104	178	0.858641
105	8	0.792002
105	30	1.39444
105	58	0.845492
105	62	0.84697
105	65	0.839443
105	94	0.839169
105	99	0.883704
105	101	0.88833
105	104	0.869187
105	109	0.835983
105	121	0.842712
105	128	0.878661
105	130	0.823663
105	131	0.863754
105	134	0.851144
105	137	0.851202
105	143	1.63838
105	147	1.36296
105	164	1.30517
105	165	0.80519
105	166	1.33606
105	178	0.833453
105	179	1.66952
105	180	1.96806
106	13	1.62245
106	58	1.51007
106	64	1.06767
106	86	1.24323
106	121	1.23269
106	135	1.23838
106	143	0.856173
106	150	1.14484
106	156	0.926181
106	157	0.925184
106	161	0.889973
106	164	0.908721
106	167	0.819862
106	168	0.822453
106	169	0.828834
106	170	0.792064
106	171	0.805243
106	172	0.86931
106	175	0.797553
106	176	0.820788
106	177	0.799326
106	178	0.869561
106	179	0.840657
106	180	0.80648
107	14	0.930583
107	30	0.896633
107	38	0.964808
107	57	0.882547
107	60	0.872125
107	63	0.880324
107	72	0.857609
107	77	0.883225
107	82	0.880834
107	85	0.877294
107	92	0.865675
107	96	1.07878
107	100	0.845232
107	103	0.885451
107	109	0.86693
107	114	0.849224
107	127	0.869365
107	136	0.884592
107	138	1.52605
107	141	1.41223
107	158	1.07913
107	159	1.50589
107	161	1.1405
107	170	1.84843
107	171	1.69717
108	40	2.18977
108	88	1.55028
108	109	1.54391
108	120	1.30708
108	131	1.39719
108	132	1.31178
108	152	0.780632
108	157	0.873691
108	158	0.848625
108	159	0.781462
108	161	0.83848
108	162	0.802464
108	167	0.768369
108	168	0.770961
108	169	0.777342
108	170	0.740571
108	171	0.75375
108	172	0.817817
108	174	0.788524
108	175	0.74606
108	176	0.769295
108	177	0.747833
108	178	0.818069
108	179	0.789165
108	180	0.754988
109	2	1.15612
109	6	0.788977
109	30	0.85767
109	65	0.831426
109	72	0.818647
109	77	0.844262
109	82	0.841871
109	83	0.762618
109	91	1.2122
109	92	0.826712
109	94	0.831153
109	95	0.837269
109	100	0.806269
109	101	0.880314
109	103	0.846488
109	104	0.861171
109	105	0.835983
109	107	0.86693
109	108	1.54391
109	127	0.830402
109	146	1.47026
109	169	1.7717
109	172	1.52027
109	177	2.04549
109	178	0.825437
110	19	0.843668
110	33	0.81115
110	39	0.810537
110	69	0.872583
110	93	0.812798
110	112	0.803336
110	113	0.853699
110	117	0.828563
110	120	0.835912
110	123	0.845233
110	124	0.794561
110	127	0.817731
110	129	0.815377
110	133	0.843277
110	135	0.829288
110	136	0.832958
110	148	1.52562
110	149	0.859402
110	150	0.870687
110	153	1.79895
110	155	1.47938
110	160	1.52761
110	167	2.01135
110	172	1.57529
110	173	1.34493
111	46	0.840763
111	59	0.878089
111	69	0.927238
111	81	1.07833
111	84	0.883627
111	93	0.867452
111	112	0.857991
111	113	0.908353
111	114	0.852245
111	116	0.883228
111	117	0.883218
111	120	0.890567
111	123	0.899888
111	124	0.849216
111	126	1.45418
111	129	0.870032
111	133	0.897932
111	135	0.883943
111	147	1.07217
111	149	0.914057
111	152	1.65347
111	155	1.12674
111	165	1.49539
111	168	1.57731
111	175	1.82106
112	19	0.84438
112	31	0.920298
112	46	0.78682
112	84	0.829684
112	93	0.813509
112	110	0.803336
112	111	0.857991
112	114	0.798302
112	116	0.829285
112	120	0.836624
112	122	1.34908
112	123	0.845945
112	124	0.795272
112	127	0.818442
112	129	0.816089
112	133	0.843989
112	135	0.83
112	136	0.833669
112	150	0.871398
112	159	1.70522
112	166	1.19933
112	167	1.81276
112	176	1.7954
112	177	1.90192
112	179	1.53278
113	12	1.53691
113	39	0.861611
113	59	0.874509
113	69	0.923658
113	93	0.863872
113	110	0.853699
113	111	0.908353
113	116	0.879648
113	117	0.879637
113	120	0.886987
113	123	0.896308
113	124	0.845635
113	126	1.63776
113	127	0.868805
113	129	0.866451
113	133	0.894352
113	135	0.880363
113	136	0.884032
113	145	1.30345
113	149	0.910476
113	158	1.30797
113	161	1.36934
113	163	1.19947
113	164	1.19796
113	174	1.68673
114	19	0.838634
114	31	0.914552
114	38	0.90814
114	43	1.10492
114	72	0.800941
114	77	0.826557
114	84	0.823938
114	85	0.820626
114	92	0.809007
114	93	0.807764
114	100	0.788564
114	102	1.93885
114	103	0.828783
114	107	0.849224
114	111	0.852245
114	112	0.798302
114	117	0.823529
114	122	1.55437
114	129	0.810343
114	136	0.827924
114	140	1.49951
114	148	1.53232
114	150	0.865653
114	154	1.67045
114	172	1.58199
115	35	0.841532
115	47	0.829354
115	51	0.808306
115	68	0.794892
115	71	0.838155
115	78	0.869502
115	80	0.869228
115	89	0.915061
115	90	0.85652
115	91	0.949736
115	97	0.851308
115	121	0.86463
115	128	0.900579
115	130	0.845581
115	131	0.885672
115	134	0.873062
115	137	0.87312
115	142	1.35347
115	163	0.915733
115	165	0.827108
115	166	0.915875
115	167	1.69387
115	171	1.7776
115	175	1.85623
115	176	1.67651
115	179	1.41389
116	18	1.08814
116	19	0.869617
116	31	0.945535
116	33	0.837099
116	52	0.864606
116	69	0.898532
116	84	0.854921
116	102	1.72881
116	111	0.883228
116	112	0.829285
116	113	0.879648
116	117	0.854512
116	120	0.861861
116	123	0.871182
116	124	0.82051
116	129	0.841326
116	133	0.869226
116	135	0.855237
116	136	0.858907
116	149	0.885351
116	155	1.27604
116	157	1.18763
116	164	1.16368
116	169	1.62337
116	171	1.89174
116	179	1.52803
117	31	0.945525
117	52	0.864595
117	69	0.898522
117	83	1.91577
117	93	0.838736
117	110	0.828563
117	111	0.883218
117	113	0.879637
117	114	0.823529
117	116	0.854512
117	120	0.861851
117	123	0.871172
117	124	0.8205
117	129	0.841316
117	133	0.869216
117	135	0.855227
117	136	0.858897
117	141	1.49914
117	144	1.28837
117	149	0.885341
117	150	0.896625
117	155	1.16838
117	157	1.07997
117	169	1.51572
117	171	1.78408
117	179	1.42037
118	16	1.01105
118	21	1.20179
118	74	1.24175
118	82	1.22798
118	86	1.23922
118	121	1.22868
118	127	1.40564
118	133	1.3099
118	151	0.863751
118	154	0.89001
118	158	0.924849
118	159	0.857686
118	160	0.908094
118	161	0.914704
118	162	0.878688
118	164	0.933453
118	168	0.847185
118	169	0.853566
118	170	0.816795
118	171	0.829974
118	174	0.864747
118	175	0.822284
118	176	0.845519
118	177	0.824057
118	179	0.865388
118	180	0.831212
119	24	0.884958
119	28	0.850941
119	48	0.887467
119	62	0.863509
119	76	0.892128
119	88	0.847205
119	90	0.851141
119	97	0.845929
119	121	0.85925
119	122	0.876489
119	128	0.8952
119	130	0.840201
119	131	0.880293
119	132	0.886705
119	134	0.867682
119	137	0.867741
119	140	0.872656
119	141	1.7967
119	149	1.47162
119	155	1.46593
119	156	1.36039
119	163	1.35509
119	164	1.35358
119	165	0.821728
119	166	1.38447
119	178	1.66286
120	39	0.843825
120	52	0.871944
120	69	0.905871
120	84	0.86226
120	93	0.846086
120	108	1.30708
120	110	0.835912
120	111	0.890567
120	112	0.836624
120	113	0.886987
120	116	0.861861
120	117	0.861851
120	122	1.25582
120	124	0.827849
120	125	1.72716
120	129	0.848665
120	133	0.876565
120	135	0.862576
120	136	0.866246
120	144	1.30752
120	148	1.23377
120	149	0.89269
120	150	0.903975
120	152	1.71426
120	153	1.5071
120	159	1.61195
121	48	0.869641
121	62	0.845683
121	76	0.874302
121	87	0.892752
121	88	0.82938
121	90	0.833315
121	97	0.828103
121	105	0.842712
121	106	1.23269
121	115	0.86463
121	118	1.22868
121	119	0.85925
121	122	0.858663
121	128	0.877374
121	130	0.822376
121	131	0.862467
121	132	0.86888
121	134	0.849857
121	137	0.849915
121	140	0.85483
121	144	1.40585
121	156	1.18032
121	165	0.803902
121	174	1.66227
121	176	1.80046
121	179	1.53784
121	180	1.83638
122	50	1.45484
122	57	1.41662
122	79	0.867355
122	82	1.35344
122	87	0.90999
122	90	0.850554
122	99	1.2671
122	112	1.34908
122	114	1.55437
122	119	0.876489
122	120	1.25582
122	121	0.858663
122	128	0.894613
122	130	0.839614
122	134	0.867095
122	136	1.36695
122	137	0.867154
122	157	0.905027
122	160	0.863206
122	165	0.821141
122	167	0.799705
122	169	0.808678
122	170	0.771907
122	171	0.785086
122	176	0.800631
122	177	0.779169
122	179	0.8205
122	180	0.786324
123	33	0.853758
123	39	0.853146
123	46	0.828717
123	52	0.881265
123	59	0.866043
123	68	0.968419
123	69	0.915192
123	84	0.871581
123	91	1.12326
123	93	0.855407
123	110	0.845233
123	111	0.899888
123	112	0.845945
123	113	0.896308
123	116	0.871182
123	117	0.871172
123	124	0.83717
123	129	0.857986
123	133	0.885886
123	135	0.871897
123	136	0.875567
123	140	1.34885
123	141	1.66619
123	143	1.55628
123	149	0.902011
123	153	1.655
123	157	1.24702
123	170	2.10239
123	173	1.20098
124	31	0.911523
124	33	0.803086
124	46	0.778045
124	59	0.815371
124	69	0.86452
124	93	0.804734
124	96	1.4284
124	110	0.794561
124	111	0.849216
124	112	0.795272
124	113	0.845635
124	116	0.82051
124	117	0.8205
124	120	0.827849
124	123	0.83717
124	127	0.809667
124	129	0.807314
124	133	0.835214
124	135	0.821225
124	136	0.824894
124	140	1.44451
124	143	1.65193
124	149	0.851339
124	150	0.862623
124	151	1.74299
124	154	1.61545
124	164	1.31873
124	168	1.88165
124	169	1.77842
125	19	1.59163
125	46	2.08098
125	47	2.0982
125	48	1.80091
125	77	1.90112
125	120	1.72716
125	141	0.764494
125	142	0.806572
125	153	0.766295
125	156	0.837217
125	158	0.811153
125	159	0.743991
125	161	0.801009
125	162	0.764993
125	164	0.819757
125	167	0.730898
125	168	0.733489
125	170	0.7031
125	171	0.716279
125	172	0.780345
125	173	0.838108
125	174	0.751052
125	175	0.708588
125	176	0.731823
125	177	0.710362
125	178	0.780597
125	179	0.751693
125	180	0.717516
126	5	1.67992
126	9	1.32758
126	34	1.27601
126	37	1.57344
126	69	1.34861
126	111	1.45418
126	113	1.63776
126	139	0.837335
126	144	0.868687
126	146	0.849874
126	148	0.860908
126	149	0.885017
126	150	1.52545
126	153	0.824079
126	159	0.801774
126	160	0.852182
126	161	0.858792
126	164	0.877541
126	165	0.810117
126	167	0.788682
126	168	0.791273
126	169	0.797654
126	170	0.760884
126	171	0.774063
126	172	0.838129
126	175	0.766372
126	176	0.789607
126	177	0.768146
126	179	0.809477
126	180	0.7753
127	19	0.858774
127	33	0.826256
127	38	0.92828
127	39	0.825643
127	57	0.846019
127	63	0.843796
127	77	0.846697
127	82	0.844306
127	92	0.829147
127	100	0.808704
127	103	0.848923
127	107	0.869365
127	109	0.830402
127	110	0.817731
127	112	0.818442
127	113	0.868805
127	118	1.40564
127	124	0.809667
127	129	0.830483
127	133	0.858383
127	135	0.844394
127	136	0.848064
127	144	1.58281
127	150	0.885793
127	157	1.37441
127	163	1.35197
127	164	1.35046
127	168	1.91338
127	169	1.81015
127	173	1.32837
127	179	1.7148
128	28	0.869065
128	48	0.90559
128	62	0.881632
128	76	0.910252
128	79	0.886066
128	81	1.20396
128	87	0.928701
128	88	0.865329
128	90	0.869264
128	97	0.864052
128	105	0.878661
128	115	0.900579
128	119	0.8952
128	121	0.877374
128	122	0.894613
128	130	0.858325
128	131	0.898416
128	132	0.904829
128	134	0.885806
128	137	0.885864
128	140	0.89078
128	144	1.37236
128	152	1.7791
128	155	1.25237
128	157	1.16396
128	160	1.30059
128	161	1.31139
128	165	0.839852
128	170	2.01933
128	173	1.11792
128	179	1.50436
129	18	1.05083
129	19	0.856421
129	30	1.21564
129	31	0.932339
129	39	0.82329
129	46	0.798861
129	52	0.851409
129	69	0.885336
129	84	0.841725
129	93	0.82555
129	98	1.18804
129	110	0.815377
129	111	0.870032
129	112	0.816089
129	113	0.866451
129	114	0.810343
129	116	0.841326
129	117	0.841316
129	120	0.848665
129	123	0.857986
129	124	0.807314
129	127	0.830483
129	133	0.85603
129	135	0.842041
129	149	0.872155
129	160	1.28695
129	167	1.77069
129	168	1.68929
129	174	1.61514
129	175	1.93305
129	176	1.75333
130	24	0.848084
130	28	0.814066
130	48	0.850592
130	49	0.853849
130	62	0.826634
130	76	0.855253
130	79	0.831067
130	87	0.873703
130	88	0.810331
130	90	0.814266
130	97	0.809054
130	105	0.823663
130	115	0.845581
130	119	0.840201
130	121	0.822376
130	122	0.839614
130	128	0.858325
130	131	0.843418
130	132	0.849831
130	134	0.830808
130	137	0.830866
130	139	1.66453
130	140	0.835782
130	143	1.67526
130	149	1.46009
130	155	1.45441
130	163	1.34356
130	164	1.34205
130	165	0.784853
130	169	1.80174
130	176	1.96901
130	179	1.70639
131	24	0.888175
131	28	0.854157
131	43	0.896482
131	48	0.890683
131	49	0.89394
131	62	0.866725
131	76	0.895345
131	79	0.871159
131	87	0.913794
131	88	0.850422
131	90	0.854357
131	97	0.849145
131	105	0.863754
131	108	1.39719
131	115	0.885672
131	119	0.880293
131	121	0.862467
131	128	0.898416
131	130	0.843418
131	132	0.889922
131	134	0.870899
131	137	0.870957
131	139	1.48777
131	140	0.875873
131	142	1.46921
131	155	1.27765
131	160	1.32587
131	165	0.824945
131	172	1.37356
131	174	1.65406
131	179	1.52963
131	180	1.82817
132	22	0.889381
132	23	0.803459
132	27	0.861825
132	29	0.855573
132	40	0.7863
132	56	0.882072
132	62	0.873138
132	67	0.859282
132	73	0.909498
132	74	0.909742
132	75	0.909961
132	83	1.93963
132	87	0.920207
132	88	0.856835
132	102	1.645
132	108	1.31178
132	119	0.886705
132	121	0.86888
132	128	0.904829
132	130	0.849831
132	131	0.889922
132	134	0.877312
132	137	0.87737
132	140	0.882286
132	141	0.843518
132	143	1.41308
132	147	1.13767
132	163	1.08139
132	168	1.6428
132	173	1.05778
132	178	1.38917
132	179	1.44422
133	31	0.960239
133	39	0.85119
133	46	0.826761
133	52	0.879309
133	59	0.864087
133	84	0.869625
133	93	0.853451
133	110	0.843277
133	111	0.897932
133	112	0.843989
133	113	0.894352
133	116	0.869226
133	117	0.869216
133	118	1.3099
133	120	0.876565
133	123	0.885886
133	124	0.835214
133	127	0.858383
133	129	0.85603
133	135	0.869941
133	136	0.873611
133	144	1.48707
133	145	1.36021
133	149	0.900055
133	150	0.91134
133	151	1.67898
133	155	1.36708
133	158	1.36473
133	162	1.6825
133	164	1.25472
133	166	1.28561
133	179	1.61906
134	12	1.33018
134	24	0.875565
134	28	0.841547
134	48	0.878073
134	49	0.88133
134	62	0.854115
134	76	0.882734
134	79	0.858548
134	87	0.901184
134	88	0.837812
134	90	0.841747
134	97	0.836535
134	105	0.851144
134	115	0.873062
134	119	0.867682
134	121	0.849857
134	122	0.867095
134	128	0.885806
134	130	0.830808
134	131	0.870899
134	132	0.877312
134	137	0.858347
134	140	0.863263
134	142	1.29515
134	149	1.10927
134	162	1.41901
134	165	0.812335
134	167	1.63555
134	169	1.45092
134	171	1.71929
134	174	1.48
134	175	1.79791
134	176	1.61819
135	19	0.870332
135	31	0.94625
135	33	0.837813
135	39	0.837201
135	46	0.812772
135	52	0.86532
135	69	0.899247
135	84	0.855636
135	93	0.839462
135	106	1.23838
135	110	0.829288
135	111	0.883943
135	112	0.83
135	113	0.880363
135	116	0.855237
135	117	0.855227
135	120	0.862576
135	123	0.871897
135	124	0.821225
135	127	0.844394
135	129	0.842041
135	133	0.869941
135	141	1.62231
135	145	1.28469
135	148	1.33778
135	149	0.886066
135	150	0.897351
135	155	1.29155
135	157	1.20314
135	160	1.33978
135	162	1.60697
135	175	1.98588
135	177	1.91268
136	14	0.909283
136	38	0.943508
136	46	0.816442
136	57	0.861247
