1	29	0.737994
1	66	1.07552
1	92	0.981807
1	103	0.983473
1	104	1.00244
1	131	0.979557
1	142	0.989703
1	151	0.999855
1	176	0.867618
1	177	0.877892
1	179	0.840201
1	180	0.865455
2	29	1.06402
2	32	1.06666
2	46	0.998528
2	50	1.07114
2	53	1.06993
2	108	0.710677
2	136	1.04092
2	138	1.07815
2	147	1.03785
2	170	1.24069
2	171	1.4416
2	173	1.37739
3	34	0.892125
3	39	1.01899
3	40	0.872824
3	51	0.942605
3	52	0.942543
3	55	0.917905
3	67	1.44326
3	134	0.842341
3	136	1.51381
3	148	1.49174
3	153	0.938242
3	166	1.03634
4	8	1.00411
4	14	1.04748
4	15	0.860898
4	36	0.896423
4	41	0.89596
4	45	0.865643
4	124	0.969517
4	156	1.23913
4	158	0.85332
4	165	1.37446
4	166	1.03216
4	179	1.87641
5	105	1.03307
5	108	0.790508
5	131	1.02389
5	135	1.05116
5	142	1.03404
5	143	1.02169
5	151	1.04419
5	152	1.04518
5	163	1.10347
5	166	1.14062
5	169	1.42455
5	173	1.45722
6	115	1.06526
6	132	1.06503
6	135	1.07631
6	142	1.05919
6	143	1.04684
6	151	1.06934
6	152	1.07033
6	153	0.919581
6	168	1.04291
6	176	0.937101
6	178	1.3612
6	180	1.48416
7	75	0.841712
7	112	1.08712
7	115	1.06457
7	132	1.06434
7	138	0.846783
7	142	1.05849
7	143	1.04615
7	151	1.06865
7	152	1.06964
7	171	1.54177
7	174	0.935718
7	180	1.5644
8	4	1.00411
8	15	1.01763
8	30	1.07856
8	36	1.05316
8	41	1.05269
8	45	1.02238
8	102	0.853852
8	134	1.29561
8	158	1.01005
8	163	1.10549
8	166	1.1889
8	174	1.50647
9	74	0.937075
9	87	0.963869
9	96	0.944249
9	101	0.962113
9	113	0.923119
9	116	0.963773
9	122	0.968476
9	124	1.40779
9	130	1.54858
9	147	0.924332
9	148	1.50962
9	175	0.83327
10	39	0.568288
10	62	0.633481
10	76	0.671901
10	88	0.650172
10	167	1.07821
10	169	1.06261
10	171	1.05186
10	173	1.05216
10	177	1.05616
10	178	1.05409
10	179	1.01847
10	180	1.04373
11	53	0.704163
11	65	1.05979
11	152	0.909119
11	154	0.953838
11	168	0.996975
11	171	0.928926
11	173	0.929229
11	174	0.922269
11	177	0.933234
11	178	0.931157
11	179	0.895544
11	180	0.920798
12	62	0.990111
12	66	0.907082
12	103	0.9776
12	106	1.01801
12	111	0.944798
12	133	0.959305
12	136	1.23406
12	160	0.939184
12	170	1.74186
12	172	1.49387
12	174	0.836289
12	175	0.84691
13	55	0.946189
13	92	0.732254
13	118	0.9919
13	123	1.01121
13	131	0.947898
13	143	0.945699
13	145	0.914068
13	152	0.969191
13	153	0.966526
13	164	0.806032
13	166	1.06463
13	180	0.833796
14	4	1.04748
14	30	1.12193
14	36	1.09653
14	41	1.09606
14	42	0.716769
14	45	1.06575
14	153	1.19584
14	158	1.05342
14	161	1.23485
14	163	1.31982
14	166	1.23227
15	4	0.860898
15	8	1.01763
15	30	0.935345
15	36	0.909944
15	41	0.909481
15	45	0.879164
15	64	1.68504
15	77	1.2542
15	124	0.983038
15	158	0.866841
15	166	1.04568
15	170	1.45694
16	18	1.06786
16	29	1.06377
16	46	0.998271
16	50	1.07088
16	53	1.06967
16	78	0.771245
16	126	1.43048
16	127	1.17369
16	136	1.04066
16	138	1.07789
16	147	1.03759
16	158	1.4138
17	32	0.697017
17	103	0.812487
17	128	1.14972
17	135	0.493096
17	148	1.16461
17	155	0.487919
17	162	1.02542
17	167	1.04064
17	169	1.02504
17	178	1.01652
17	179	0.980912
17	180	1.00617
18	16	1.06786
18	29	1.01804
18	32	1.02068
18	46	0.952546
18	50	1.02516
18	53	1.02394
18	125	0.867958
18	136	0.994936
18	138	1.03217
18	147	0.991865
18	159	1.37256
18	160	1.22168
18	178	1.60808
19	65	0.992379
19	71	1.02319
19	79	1.00259
19	84	1.04858
19	86	1.04804
19	90	1.04766
19	92	1.03048
19	104	1.05111
19	162	1.40024
19	167	1.11258
19	169	1.23309
19	175	1.36079
19	176	0.916288
20	21	0.669992
20	27	0.654942
20	70	0.57582
20	113	0.827768
20	164	0.964157
20	165	1.03291
20	168	1.0681
20	172	1.08393
20	173	1.00035
20	177	1.00436
20	178	1.00228
20	179	0.966668
20	180	0.991922
21	20	0.669992
21	34	1.01899
21	40	0.999689
21	51	1.06947
21	52	1.06941
21	55	1.04477
21	108	1.00696
21	134	0.969206
21	153	1.06511
21	160	1.25117
21	166	1.16321
21	170	1.53698
22	68	0.675776
22	117	0.670236
22	142	0.661775
22	152	0.721662
22	161	1.07333
22	163	1.05925
22	169	0.999292
22	171	0.988541
22	172	1.07242
22	177	0.99285
22	178	0.990772
22	179	0.95516
22	180	0.980413
23	24	1.04211
23	101	1.03951
23	113	1.00052
23	114	0.996993
23	116	1.04117
23	118	0.987129
23	120	1.02682
23	126	1.11013
23	128	0.698291
23	141	1.04178
23	164	1.94004
23	170	0.917886
23	180	1.38897
24	23	1.04211
24	68	1.03716
24	87	1.04151
24	95	1.01212
24	101	1.03976
24	113	1.00076
24	114	0.997239
24	126	1.39694
24	136	0.944441
24	138	1.04228
24	157	1.07783
24	175	0.910916
24	180	1.67578
25	74	1.02351
25	97	1.02314
25	100	1.04521
25	107	0.868803
25	113	1.00955
25	114	1.00602
25	118	0.99616
25	125	0.840764
25	140	1.02744
25	141	1.05081
25	165	1.43443
25	175	0.919701
25	179	1.93638
26	34	0.969902
26	39	1.09677
26	40	0.950602
26	51	1.02038
26	52	1.02032
26	55	0.995683
26	107	0.810123
26	134	0.920119
26	139	1.03777
26	153	1.01602
26	166	1.11412
26	174	1.60555
26	180	1.64516
27	20	0.654942
27	45	0.971565
27	46	0.971089
27	92	1.02361
27	104	1.04424
27	108	0.991913
27	134	1.495
27	136	1.01348
27	138	1.05071
27	158	0.959242
27	166	1.13809
27	176	0.909418
27	177	1.64298
28	66	0.978795
28	69	1.03818
28	82	1.06687
28	91	1.02885
28	109	1.02704
28	110	1.02994
28	123	1.03072
28	130	0.901183
28	133	1.03102
28	167	1.37561
28	168	1.17438
28	174	0.908002
28	176	1.62841
29	1	0.737994
29	2	1.06402
29	16	1.06377
29	18	1.01804
29	32	1.01659
29	46	0.948453
29	50	1.02107
29	53	1.01985
29	136	0.990843
29	145	1.29625
29	147	0.987772
29	161	1.10522
29	176	1.64356
30	8	1.07856
30	14	1.12193
30	15	0.935345
30	36	0.97087
30	41	0.970406
30	45	0.94009
30	124	1.04396
30	153	0.918279
30	158	0.927767
30	166	1.10661
30	167	1.24284
30	174	1.44324
30	176	1.49564
31	59	1.06597
31	69	1.02832
31	73	0.997975
31	82	1.057
31	83	1.03387
31	103	1.03945
31	111	1.00664
31	125	1.09564
31	130	1.24427
31	133	1.02115
31	139	1.35132
31	146	1.37481
31	174	0.898134
32	2	1.06666
32	17	0.697017
32	18	1.02068
32	29	1.01659
32	46	0.951091
32	50	1.02371
32	53	1.02249
32	77	1.33451
32	136	0.993481
32	138	1.03071
32	144	1.52646
32	147	0.99041
32	157	1.16284
33	77	1.08475
33	112	1.05013
33	117	1.03238
33	119	1.01216
33	131	1.01136
33	142	1.0215
33	143	1.00916
33	146	0.927121
33	151	1.03166
33	152	1.03265
33	175	1.51923
33	176	0.89942
33	180	1.51103
34	3	0.892125
34	21	1.01899
34	26	0.969902
34	39	1.05538
34	40	0.909214
34	51	0.978995
34	52	0.978932
34	55	0.954295
34	128	0.978397
34	138	0.951461
34	153	0.974632
34	166	1.07273
34	169	1.54957
34	179	1.90161
35	72	1.01447
35	76	1.09226
35	77	1.17952
35	102	0.913569
35	119	1.06791
35	131	1.06711
35	136	1.05923
35	142	1.07725
35	143	1.06491
35	147	0.951639
35	151	1.0874
35	152	1.0884
35	166	1.18383
35	173	1.51896
36	4	0.896423
36	8	1.05316
36	14	1.09653
36	15	0.909944
36	30	0.97087
36	41	0.945006
36	45	0.914689
36	80	0.957886
36	108	1.21383
36	124	1.01856
36	141	1.21508
36	158	0.902367
36	166	1.08121
36	175	1.97558
37	78	0.718544
37	117	1.10441
37	129	1.10452
37	132	1.09938
37	135	1.11066
37	141	1.11249
37	143	1.08119
37	149	1.2162
37	151	1.10369
37	152	1.10468
37	160	1.14726
37	165	1.3872
37	172	1.18508
37	176	0.971453
38	115	0.692149
38	129	0.749437
38	133	0.811289
38	137	1.09012
38	140	0.776115
38	165	0.992725
38	167	0.986216
38	168	1.02791
38	171	0.959865
38	173	0.960169
38	177	0.964174
38	178	0.962096
38	179	0.926483
38	180	0.951737
39	3	1.01899
39	10	0.568288
39	26	1.09677
39	34	1.05538
39	40	1.03608
39	51	1.10586
39	52	1.1058
39	55	1.08116
39	89	0.859853
39	138	0.99372
39	153	1.1015
39	160	1.20199
39	166	1.1996
39	176	1.72412
40	3	0.872824
40	21	0.999689
40	26	0.950602
40	34	0.909214
40	39	1.03608
40	51	0.959694
40	52	0.959632
40	55	0.934994
40	134	0.859431
40	141	1.07604
40	153	0.955331
40	157	1.23039
40	166	1.05343
40	170	1.6048
40	173	1.7415
41	4	0.89596
41	8	1.05269
41	14	1.09606
41	15	0.909481
41	30	0.970406
41	36	0.945006
41	45	0.914226
41	124	1.0181
41	141	1.00558
41	156	1.35313
41	158	0.901903
41	161	1.23231
41	166	1.08075
41	176	1.77066
42	14	0.716769
42	97	0.847351
42	106	0.5461
42	115	0.617928
42	152	0.599318
42	164	1.01571
42	165	1.08446
42	167	1.07796
42	169	1.06236
42	171	1.0516
42	173	1.05191
42	177	1.05591
42	178	1.05384
42	179	1.01822
42	180	1.04348
43	81	1.08747
43	96	1.05974
43	99	1.03645
43	113	1.03861
43	116	1.07926
43	118	1.02522
43	120	1.06491
43	122	1.08396
43	136	0.772403
43	141	1.07986
43	163	1.06315
43	165	1.23433
43	169	1.38423
43	175	0.948757
43	176	1.51652
44	49	1.43125
44	58	0.964191
44	65	0.934299
44	71	0.965109
44	79	0.944511
44	84	0.990495
44	86	0.989963
44	90	0.989583
44	92	0.972396
44	104	0.993033
44	141	1.16917
44	149	1.48106
44	160	0.96041
44	168	1.48022
44	176	0.858208
45	4	0.865643
45	8	1.02238
45	14	1.06575
45	15	0.879164
45	27	0.971565
45	30	0.94009
45	36	0.914689
45	41	0.914226
45	107	1.26699
45	124	0.987784
45	125	1.23895
45	157	1.50407
45	158	0.871587
45	163	1.66143
45	166	1.05043
46	2	0.998528
46	16	0.998271
46	18	0.952546
46	27	0.971089
46	29	0.948453
46	32	0.951091
46	50	0.955572
46	53	0.954355
46	61	0.893672
46	137	1.22833
46	138	0.962582
46	147	0.922277
46	157	1.27834
46	159	1.51782
46	170	1.65275
47	48	1.41117
47	59	1.1202
47	66	1.02316
47	73	1.05221
47	83	1.0881
47	93	1.06206
47	106	1.13408
47	123	1.07508
47	133	1.07538
47	141	0.937681
47	157	1.09203
47	159	1.33151
47	172	1.21845
47	174	0.952366
47	175	0.962987
48	47	1.41117
48	131	1.25864
48	132	1.21765
48	144	0.903813
48	163	0.924238
48	167	0.879885
48	168	0.921582
48	169	0.864284
48	171	0.853534
48	172	0.937411
48	173	0.853837
48	177	0.857842
48	178	0.855764
48	179	0.820152
48	180	0.845406
49	44	1.43125
49	67	0.993898
49	103	1.38605
49	152	1.15275
49	161	0.928643
49	164	0.807967
49	165	0.876719
49	167	0.87021
49	168	0.911908
49	172	0.927736
49	173	0.844162
49	177	0.848168
49	178	0.84609
49	179	0.810477
49	180	0.835731
50	2	1.07114
50	16	1.07088
50	18	1.02516
50	29	1.02107
50	32	1.02371
50	46	0.955572
50	53	1.02697
50	61	0.966286
50	75	0.976476
50	130	0.98472
50	136	0.997961
50	138	1.0352
50	147	0.994891
50	168	1.25791
50	169	1.57966
50	170	1.47562
51	3	0.942605
51	21	1.06947
51	26	1.02038
51	34	0.978995
51	39	1.10586
51	40	0.959694
51	52	1.02941
51	55	1.00478
51	134	0.929211
51	137	0.985646
51	148	0.880194
51	153	1.02511
51	158	1.33808
51	166	1.12321
51	173	1.54677
51	177	1.53112
52	3	0.942543
52	21	1.06941
52	26	1.02032
52	34	0.978932
52	39	1.1058
52	40	0.959632
52	51	1.02941
52	55	1.00471
52	134	0.929149
52	153	1.02505
52	156	1.09662
52	158	1.20585
52	160	0.992013
52	166	1.12315
52	171	1.47873
52	175	1.50956
53	2	1.06993
53	11	0.704163
53	16	1.06967
53	18	1.02394
53	29	1.01985
53	32	1.02249
53	46	0.954355
53	50	1.02697
53	61	0.965069
53	136	0.996745
53	138	1.03398
53	147	0.993674
53	153	0.87343
53	177	1.33552
53	179	1.67054
53	180	1.43801
54	68	0.914598
54	86	0.948379
54	100	1.03936
54	129	1.03638
54	157	1.00376
54	159	0.956393
54	162	0.909267
54	164	0.862248
54	165	0.931
54	169	0.908891
54	171	0.89814
54	172	0.982018
54	173	0.898443
54	177	0.902449
54	178	0.900371
54	179	0.864758
54	180	0.890012
55	3	0.917905
55	13	0.946189
55	21	1.04477
55	26	0.995683
55	34	0.954295
55	39	1.08116
55	40	0.934994
55	51	1.00478
55	52	1.00471
55	134	0.904512
55	144	1.19671
55	146	0.847137
55	153	1.00041
55	158	1.13553
55	164	1.98211
55	166	1.09851
55	175	1.43924
56	115	0.998666
56	117	1.00346
56	119	0.983249
56	129	1.00357
56	132	0.998436
56	135	1.00972
56	142	0.992589
56	143	0.980245
56	145	1.1857
56	150	1.0107
56	151	1.00274
56	152	1.00374
56	153	0.955655
56	155	1.03393
56	164	2.0713
56	169	1.40072
56	170	0.887649
57	59	1.05849
57	73	0.990495
57	82	1.04952
57	83	1.02639
57	110	1.01259
57	111	0.999164
57	123	1.01337
57	133	1.01367
57	136	0.973719
57	146	1.12115
57	153	1.02191
57	158	0.941171
57	163	1.26447
57	169	1.58555
57	173	1.61822
57	174	0.890655
57	175	0.901276
58	44	0.964191
58	61	1.41813
58	65	0.941689
58	71	0.972499
58	79	0.951901
58	84	0.997885
58	86	0.997353
58	90	0.996973
58	92	0.979786
58	104	1.00042
58	124	1.03136
58	140	0.983263
58	141	1.13431
58	144	1.65227
58	155	1.02903
58	158	1.59109
58	160	0.9678
58	176	0.865598
59	31	1.06597
59	47	1.1202
59	57	1.05849
59	62	1.07989
59	82	1.08493
59	91	1.04691
59	103	1.06738
59	109	1.04511
59	110	1.048
59	121	0.660508
59	123	1.04878
59	126	1.25857
59	133	1.04908
59	163	1.09681
59	167	1.29739
59	170	1.31386
59	174	0.926068
59	176	1.55018
60	75	1.02216
60	110	0.980149
60	119	1.2775
60	139	0.981029
60	148	1.00049
60	155	1.07711
60	156	0.926921
60	162	0.861299
60	166	0.863384
60	167	0.876524
60	168	0.918221
60	170	0.861352
60	171	0.850173
60	172	0.93405
60	177	0.854481
60	178	0.852403
60	179	0.816791
60	180	0.842045
61	46	0.893672
61	50	0.966286
61	53	0.965069
61	58	1.41813
61	110	0.953244
61	133	0.954324
61	147	0.932991
61	151	1.0548
61	152	1.17449
61	154	0.862877
61	155	0.99543
61	166	0.869491
61	172	0.921843
61	175	0.841929
61	177	0.842274
61	178	0.840196
61	179	0.804584
61	180	0.829837
62	10	0.633481
62	12	0.990111
62	59	1.07989
62	69	1.04223
62	83	1.04779
62	91	1.0329
62	93	1.02174
62	109	1.03109
62	110	1.03399
62	111	1.02056
62	120	1.03883
62	121	0.899636
62	123	1.03477
62	128	1.08585
62	133	1.03507
62	150	1.267
62	167	1.53652
62	171	1.7539
62	175	0.922674
63	68	1.05473
63	95	1.02968
63	97	1.03192
63	99	1.01618
63	100	1.054
63	101	1.05733
63	114	1.01481
63	116	1.05899
63	118	1.00494
63	122	1.06369
63	124	0.773081
63	138	1.05985
63	159	1.26985
63	160	1.11897
63	163	1.18773
63	170	0.935698
63	174	1.58871
63	175	0.928483
63	177	1.52584
64	15	1.68504
64	83	1.66954
64	93	1.7778
64	136	0.899375
64	147	0.896304
64	156	0.878027
64	161	0.886063
64	163	0.871983
64	164	0.765386
64	165	0.834138
64	169	0.812029
64	171	0.801279
64	172	0.885156
64	173	0.801582
64	176	0.795314
64	177	0.805587
64	178	0.803509
64	179	0.767897
64	180	0.793151
65	11	1.05979
65	19	0.992379
65	44	0.934299
65	58	0.941689
65	71	0.942608
65	79	0.92201
65	84	0.967994
65	86	0.967461
65	90	0.967082
65	92	0.949895
65	104	0.970532
65	125	0.99771
65	137	1.14568
65	153	1.22906
65	155	0.999135
65	160	0.937909
65	176	0.835707
65	177	1.69115
65	180	1.79363
66	1	1.07552
66	12	0.907082
66	28	0.978795
66	47	1.02316
66	69	0.959206
66	83	0.964762
66	91	0.949867
66	93	0.938713
66	106	1.01074
66	108	1.21475
66	109	0.948065
66	110	0.95096
66	111	0.937533
66	133	0.952039
66	136	1.23697
66	155	0.993145
66	161	1.44274
66	173	1.88147
66	174	0.829024
67	3	1.44326
67	49	0.993898
67	117	0.789648
67	132	0.694571
67	149	1.00978
67	152	0.841074
67	153	1.04619
67	155	0.749805
67	164	0.885691
67	165	0.954443
67	168	0.989633
67	169	0.932335
67	171	0.921584
67	172	1.00546
67	173	0.921887
67	177	0.925892
67	178	0.923815
67	179	0.888202
67	180	0.913456
68	22	0.675776
68	24	1.03716
68	54	0.914598
68	63	1.05473
68	74	1.00952
68	96	1.0167
68	97	1.00916
68	99	0.993413
68	114	0.99204
68	116	1.03622
68	118	0.982176
68	122	1.04092
68	134	1.34661
68	140	1.01345
68	147	0.996779
68	149	1.15667
68	170	0.912933
68	173	1.51024
68	174	1.55746
68	175	0.905718
69	28	1.03818
69	31	1.02832
69	62	1.04223
69	66	0.959206
69	73	0.988253
69	82	1.04728
69	106	1.07013
69	109	1.00745
69	110	1.01035
69	123	1.01113
69	126	1.35376
69	133	1.01143
69	137	0.984644
69	139	1.02521
69	150	1.12307
69	153	1.01967
69	164	2.18367
69	172	1.16107
69	174	0.888413
69	175	0.899034
70	20	0.57582
70	76	1.02857
70	105	1.01259
70	115	1.01963
70	117	1.02443
70	119	1.00422
70	129	1.02454
70	132	1.0194
70	135	1.03068
70	139	1.05895
70	142	1.01356
70	143	1.00121
70	146	1.08244
70	151	1.02371
70	152	1.0247
70	174	0.89078
70	175	1.67454
70	176	0.891472
70	177	1.56386
70	178	1.54339
71	19	1.02319
71	44	0.965109
71	58	0.972499
71	65	0.942608
71	79	0.95282
71	84	0.998804
71	86	0.998272
71	90	0.997892
71	92	0.980705
71	102	1.03168
71	104	1.00134
71	125	1.02852
71	140	0.984182
71	141	0.971607
71	155	1.02995
71	157	1.12596
71	160	0.968719
71	162	1.77156
71	170	1.50036
71	173	1.63707
71	176	0.866517
72	35	1.01447
72	74	1.19309
72	94	1.0042
72	120	0.911688
72	139	1.00566
72	148	1.02511
72	151	0.93194
72	152	1.05163
72	157	0.980419
72	163	0.945504
72	164	0.838907
72	167	0.901151
72	168	0.942848
72	169	0.885551
72	171	0.8748
72	172	0.958677
72	173	0.875103
72	177	0.879108
72	178	0.87703
72	179	0.841418
72	180	0.866672
73	31	0.997975
73	47	1.05221
73	57	0.990495
73	69	0.988253
73	91	0.978915
73	93	0.967761
73	103	0.999382
73	106	1.03979
73	110	0.980007
73	111	0.966581
73	121	0.863204
73	123	0.980787
73	133	0.981087
73	137	1.09214
73	155	1.02219
73	158	0.908588
73	165	1.47069
73	167	1.50008
73	169	1.62059
73	170	1.51656
73	175	0.868692
74	9	0.937075
74	25	1.02351
74	68	1.00952
74	72	1.19309
74	95	0.984479
74	97	0.986717
74	99	0.970974
74	100	1.00879
74	113	0.973127
74	114	0.969601
74	116	1.01378
74	118	0.959737
74	122	1.01848
74	139	1.17703
74	140	0.991014
74	146	1.20051
74	147	0.974339
74	148	1.03101
74	159	1.42595
74	174	1.74481
74	175	0.883278
75	7	0.841712
75	50	0.976476
75	60	1.02216
75	91	0.99551
75	117	0.868848
75	137	1.07378
75	151	0.800582
75	154	0.968443
75	157	1.04915
75	159	1.00178
75	161	1.02832
75	165	0.976391
75	166	0.615276
75	168	1.01158
75	169	0.954282
75	171	0.943531
75	173	0.943835
75	177	0.94784
75	178	0.945762
75	179	0.91015
75	180	0.935403
76	10	0.671901
76	35	1.09226
76	70	1.02857
76	105	1.01783
76	117	1.02967
76	119	1.00946
76	129	1.02978
76	131	1.00865
76	132	1.02464
76	135	1.03592
76	137	1.16699
76	142	1.0188
76	143	1.00645
76	145	1.48042
76	147	1.16079
76	151	1.02895
76	152	1.02994
76	157	1.217
76	160	1.3056
76	166	1.12538
76	170	0.913855
76	172	1.34342
77	15	1.2542
77	32	1.33451
77	33	1.08475
77	35	1.17952
77	79	1.50625
77	134	0.907389
77	145	0.950832
77	159	0.93694
77	161	0.963471
77	163	0.949391
77	164	0.842795
77	165	0.911547
77	167	0.905038
77	168	0.946736
77	169	0.889438
77	171	0.878687
77	172	0.962565
77	173	0.878991
77	177	0.882996
77	178	0.880918
77	179	0.845306
77	180	0.870559
78	16	0.771245
78	37	0.718544
78	118	0.923556
78	133	0.842643
78	135	0.618802
78	139	1.12814
78	142	0.645007
78	154	1.02219
78	155	0.613624
78	159	1.05553
78	161	1.08206
78	164	0.961388
78	165	1.03014
78	167	1.02363
78	168	1.06533
78	169	1.00803
78	171	0.99728
78	172	1.08116
78	177	1.00159
78	178	0.999511
78	179	0.963899
78	180	0.989152
79	19	1.00259
79	44	0.944511
79	58	0.951901
79	65	0.92201
79	71	0.95282
79	77	1.50625
79	84	0.978206
79	86	0.977673
79	90	0.977294
79	92	0.960107
79	98	1.3946
79	104	0.980744
79	120	0.972
79	125	1.00792
79	136	1.20119
79	138	1.21491
79	140	0.963583
79	147	1.27837
79	155	1.00935
79	160	0.948121
79	161	1.40696
79	176	0.845919
80	36	0.957886
80	81	0.778639
80	95	0.753748
80	106	0.580248
80	114	0.792861
80	127	1.09758
80	143	0.635625
80	146	1.09712
80	148	1.13357
80	159	1.04151
80	161	1.06804
80	163	1.05396
80	164	0.947368
80	166	0.328468
80	167	1.00961
80	169	0.994011
80	170	0.99444
80	172	1.06714
80	177	0.987569
80	178	0.985491
80	179	0.949879
80	180	0.975132
81	43	1.08747
81	80	0.778639
81	87	1.04879
81	95	1.01939
81	96	1.02917
81	97	1.02163
81	100	1.0437
81	101	1.04703
81	113	1.00804
81	114	1.00451
81	116	1.04869
81	118	0.994647
81	120	1.03434
81	122	1.05339
81	124	0.932894
81	125	0.925057
81	128	1.09745
81	136	1.05679
81	138	1.04955
81	170	0.925403
81	174	1.74852
81	176	1.80092
82	28	1.06687
82	31	1.057
82	57	1.04952
82	59	1.08493
82	69	1.04728
82	83	1.05283
82	103	1.05841
82	109	1.03614
82	111	1.0256
82	123	1.03981
82	125	0.817657
82	130	0.96629
82	133	1.04011
82	139	1.07334
82	141	0.928435
82	158	0.967611
82	160	1.01999
82	162	1.72838
82	170	1.45719
82	174	0.917095
82	175	0.927716
82	180	1.68073
83	31	1.03387
83	47	1.0881
83	57	1.02639
83	62	1.04779
83	64	1.66954
83	66	0.964762
83	82	1.05283
83	89	0.813503
83	91	1.01481
83	106	1.07569
83	109	1.01301
83	111	1.00248
83	123	1.01669
83	133	1.01698
83	138	0.94737
83	139	1.05759
83	145	1.33045
83	150	1.15546
83	158	0.944486
83	160	0.996864
83	174	0.89397
83	175	0.90459
83	176	1.67777
84	19	1.04858
84	44	0.990495
84	58	0.997885
84	65	0.967994
84	71	0.998804
84	79	0.978206
84	86	1.02366
84	90	1.02328
84	92	1.00609
84	94	1.11656
84	102	1.16126
84	104	1.02673
84	108	1.09993
84	120	1.01798
84	125	1.05391
84	140	1.00957
84	141	1.10118
84	146	1.26957
84	150	1.34395
84	155	1.05533
84	160	0.994105
84	174	1.81387
84	176	0.891903
85	105	1.02123
85	112	1.05082
85	119	1.01286
85	129	1.03318
85	131	1.01205
85	132	1.02804
85	135	1.03932
85	140	1.01778
85	142	1.0222
85	143	1.00985
85	145	1.08967
85	151	1.03235
85	152	1.03334
85	153	0.859627
85	155	1.06354
85	164	1.97527
85	170	0.917255
85	171	1.40157
85	172	0.952671
85	174	0.899419
85	175	1.4324
85	176	0.900111
85	177	1.32172
86	19	1.04804
86	44	0.989963
86	54	0.948379
86	58	0.997353
86	65	0.967461
86	71	0.998272
86	79	0.977673
86	84	1.02366
86	90	1.02275
86	92	1.00556
86	104	1.0262
86	120	1.01745
86	125	1.05337
86	134	1.38039
86	140	1.00903
86	146	1.04695
86	155	1.0548
86	160	0.993573
86	161	1.10529
86	163	1.19027
86	167	1.39084
86	171	1.60822
86	176	0.89137
87	9	0.963869
87	24	1.04151
87	81	1.04879
87	89	0.900311
87	95	1.01127
87	96	1.02105
87	99	0.997767
87	100	1.03558
87	101	1.03891
87	114	0.996394
87	116	1.04057
87	118	0.98653
87	121	0.874899
87	122	1.04528
87	141	1.04118
87	147	1.00113
87	158	1.45628
87	160	1.24244
87	161	1.22623
87	167	1.51178
87	170	0.917287
87	174	1.71218
87	175	0.910071
88	10	0.650172
88	94	1.0563
88	112	1.03643
88	117	1.01868
88	119	0.998469
88	124	1.05175
88	125	1.04773
88	129	1.01879
88	132	1.01366
88	134	0.920392
88	135	1.02494
88	137	1.14527
88	138	1.0756
88	142	1.00781
88	143	0.995465
88	146	1.20931
88	151	1.01796
88	152	1.01896
88	166	1.11439
88	170	0.90287
88	173	1.70639
88	175	1.80142
88	176	0.885725
89	39	0.859853
89	83	0.813503
89	87	0.900311
89	95	0.91176
89	97	1.03951
89	135	0.705387
89	150	1.07307
89	154	0.998478
89	156	1.05031
89	161	1.05835
89	162	0.984692
89	163	1.04427
89	165	1.00643
89	166	0.48648
89	168	1.04161
89	169	0.984316
89	171	0.973566
89	172	1.05744
89	173	0.973869
89	177	0.977874
89	178	0.975796
89	179	0.940184
89	180	0.965438
90	19	1.04766
90	44	0.989583
90	58	0.996973
90	65	0.967082
90	71	0.997892
90	79	0.977294
90	84	1.02328
90	86	1.02275
90	92	1.00518
90	104	1.02582
90	120	1.01707
90	125	1.05299
90	126	1.35878
90	140	1.00866
90	153	1.07304
90	155	1.05442
90	157	1.03967
90	158	1.3421
90	160	0.993193
90	170	1.41407
90	172	1.16608
90	174	1.598
90	176	0.890991
91	28	1.02885
91	59	1.04691
91	62	1.0329
91	66	0.949867
91	73	0.978915
91	75	0.99551
91	83	1.01481
91	93	0.988763
91	103	1.02038
91	106	1.06079
91	109	0.998115
91	110	1.00101
91	123	1.00179
91	124	0.862958
91	133	1.00209
91	141	0.9659
91	148	0.964791
91	158	0.929591
91	160	0.981969
91	162	1.76585
91	171	1.69556
91	174	0.879074
91	175	0.889695
91	180	1.7182
92	1	0.981807
92	13	0.732254
92	19	1.03048
92	27	1.02361
92	44	0.972396
92	58	0.979786
92	65	0.949895
92	71	0.980705
92	79	0.960107
92	84	1.00609
92	86	1.00556
92	90	1.00518
92	104	1.00863
92	120	0.999885
92	134	1.35151
92	140	0.991469
92	148	0.848572
92	155	1.03723
92	160	0.976006
92	170	1.37844
92	174	1.56237
92	176	0.873804
92	177	1.4995
92	180	1.60198
93	47	1.06206
93	62	1.02174
93	64	1.7778
93	66	0.938713
93	73	0.967761
93	91	0.988763
93	103	1.00923
93	106	1.04964
93	109	0.986961
93	110	0.989856
93	111	0.976429
93	120	0.994694
93	123	0.990636
93	124	0.918003
93	133	0.990936
93	138	1.05563
93	141	1.02094
93	153	0.999179
93	155	1.03204
93	158	0.918437
93	167	1.53323
93	168	1.33199
93	172	1.30171
93	175	0.878541
94	72	1.0042
94	84	1.11656
94	88	1.0563
94	115	0.924646
94	119	1.01516
94	140	1.00861
94	152	0.906037
94	157	1.00657
94	159	0.959201
94	161	0.985732
94	162	0.912074
94	163	0.971652
94	164	0.865055
94	165	0.933807
94	167	0.927299
94	168	0.968996
94	169	0.911698
94	171	0.900948
94	172	0.984825
94	173	0.901251
94	177	0.905256
94	178	0.903178
94	179	0.867566
94	180	0.89282
95	24	1.01212
95	63	1.02968
95	74	0.984479
95	80	0.753748
95	81	1.01939
95	87	1.01127
95	89	0.91176
95	96	0.991653
95	100	1.00619
95	101	1.00952
95	107	0.928205
95	113	0.970523
95	114	0.966997
95	116	1.01118
95	118	0.957133
95	122	1.01588
95	125	0.900167
95	138	1.01204
95	141	1.01178
95	170	0.887889
95	175	0.880674
95	176	1.77603
95	177	1.66076
95	180	1.76324
96	9	0.944249
96	43	1.05974
96	68	1.0167
96	81	1.02917
96	87	1.02105
96	95	0.991653
96	97	0.993891
96	99	0.978148
96	100	1.01596
96	113	0.9803
96	114	0.976775
96	116	1.02095
96	118	0.966911
96	122	1.02566
96	130	0.988968
96	144	1.46908
96	147	0.981513
96	149	1.263
96	150	1.19388
96	153	1.13884
96	154	1.64237
96	170	0.897667
96	175	0.890452
96	178	1.58046
97	25	1.02314
97	42	0.847351
97	63	1.03192
97	68	1.00916
97	74	0.986717
97	81	1.02163
97	89	1.03951
97	96	0.993891
97	99	0.970607
97	100	1.00842
97	101	1.01175
97	116	1.01341
97	118	0.95937
97	120	0.999064
97	122	1.01812
97	127	1.35538
97	137	1.24304
97	140	0.990648
97	147	0.973973
97	149	1.45058
97	153	1.32642
97	170	0.890127
97	172	1.41946
97	175	0.882912
98	79	1.3946
98	100	1.18391
98	105	1.13313
98	137	0.989983
98	140	1.20761
98	145	0.931876
98	156	0.93648
98	157	0.965351
98	161	0.944516
98	162	0.870858
98	163	0.930436
98	164	0.823839
98	165	0.892591
98	166	0.800037
98	167	0.886083
98	169	0.870483
98	171	0.859732
98	172	0.943609
98	173	0.860035
98	177	0.86404
98	178	0.861963
98	179	0.82635
98	180	0.851604
99	43	1.03645
99	63	1.01618
99	68	0.993413
99	74	0.970974
99	87	0.997767
99	96	0.978148
99	97	0.970607
99	100	0.992682
99	101	0.996011
99	113	0.957017
99	114	0.953491
99	116	0.997671
99	118	0.943627
99	122	1.00237
99	124	0.938044
99	128	1.1026
99	140	0.974905
99	147	0.95823
99	148	1.03988
99	159	1.43481
99	168	1.35203
99	170	0.874384
99	175	0.867169
99	178	1.67033
99	179	2.02582
100	25	1.04521
100	54	1.03936
100	63	1.054
100	74	1.00879
100	81	1.0437
100	87	1.03558
100	95	1.00619
100	96	1.01596
100	97	1.00842
100	98	1.18391
100	99	0.992682
100	114	0.991309
100	116	1.03549
100	118	0.981445
100	122	1.04019
100	127	1.18622
100	128	1.03116
100	130	1.0074
100	138	1.03635
100	139	1.11445
100	140	1.01272
100	141	1.03609
100	156	1.3171
100	170	0.912201
100	174	1.68223
100	175	0.904986
101	9	0.962113
101	23	1.03951
101	24	1.03976
101	63	1.05733
101	81	1.04703
101	87	1.03891
101	95	1.00952
101	97	1.01175
101	99	0.996011
101	113	0.998164
101	114	0.994638
101	116	1.03882
101	118	0.984774
101	122	1.04352
101	126	1.11545
101	127	0.858669
101	138	1.03968
101	141	1.03942
101	153	0.829712
101	154	1.33324
101	162	1.44194
101	164	1.94536
101	170	0.915531
101	173	1.30745
101	175	0.908315
101	176	1.40707
102	8	0.853852
102	35	0.913569
102	71	1.03168
102	84	1.16126
102	126	1.0033
102	129	1.02663
102	131	0.845225
102	133	1.08849
102	134	0.94664
102	144	0.968218
102	145	0.990083
102	146	1.0318
102	156	0.994686
102	157	1.02356
102	159	0.976192
102	162	0.929065
102	163	0.988643
102	165	0.950798
102	167	0.94429
102	168	0.985987
102	171	0.917939
102	173	0.918242
102	177	0.922247
102	178	0.920169
102	179	0.884557
102	180	0.909811
103	1	0.983473
103	12	0.9776
103	17	0.812487
103	31	1.03945
103	49	1.38605
103	59	1.06738
103	73	0.999382
103	82	1.05841
103	91	1.02038
103	93	1.00923
103	106	1.08126
103	107	1.04122
103	109	1.01858
103	111	1.00805
103	120	1.02632
103	121	0.999366
103	123	1.02226
103	133	1.02256
103	141	1.12396
103	147	1.2221
103	155	1.06366
103	158	0.950058
103	160	1.00244
103	170	1.65272
103	174	0.899542
103	175	0.910163
104	1	1.00244
104	19	1.05111
104	27	1.04424
104	44	0.993033
104	58	1.00042
104	65	0.970532
104	71	1.00134
104	79	0.980744
104	84	1.02673
104	86	1.0262
104	90	1.02582
104	92	1.00863
104	120	1.02052
104	125	1.05644
104	130	0.909364
104	138	0.906192
104	140	1.01211
104	155	1.05787
104	156	1.21906
104	157	1.02586
104	158	1.32829
104	160	0.996643
104	173	1.53697
104	174	1.5842
104	175	1.63201
104	176	0.894441
105	5	1.03307
105	70	1.01259
105	76	1.01783
105	85	1.02123
105	98	1.13313
105	112	1.03144
105	115	1.00889
105	117	1.01369
105	129	1.0138
105	131	0.992669
105	132	1.00866
105	135	1.01994
105	139	1.06366
105	142	1.00282
105	143	0.990471
105	150	1.16153
105	151	1.01297
105	152	1.01396
105	154	1.61001
105	155	1.04416
105	157	1.07311
105	165	1.40164
105	170	0.897875
105	172	1.19952
105	174	0.880039
105	176	0.880731
105	178	1.5481
106	12	1.01801
106	42	0.5461
106	47	1.13408
106	66	1.01074
106	69	1.07013
106	73	1.03979
106	80	0.580248
106	83	1.07569
106	91	1.06079
106	93	1.04964
106	103	1.08126
106	109	1.05899
106	110	1.06189
106	111	1.04846
106	123	1.06266
106	133	1.06296
106	153	1.07121
106	157	0.991794
106	158	0.990466
106	160	1.04284
106	161	1.06418
106	165	1.32033
106	172	1.11821
106	174	0.939949
106	176	1.60253
106	177	1.48726
106	178	1.46679
107	25	0.868803
107	26	0.810123
107	45	1.26699
107	95	0.928205
107	103	1.04122
107	116	0.856965
107	120	0.667979
107	127	1.06699
107	142	0.748037
107	144	1.00295
107	146	1.06653
107	148	1.10299
107	150	1.05217
107	159	1.01093
107	162	0.963799
107	163	1.02338
107	164	0.91678
107	165	0.985532
107	167	0.979024
107	168	1.02072
107	171	0.952673
107	172	1.03655
107	173	0.952976
107	177	0.956981
107	178	0.954903
107	179	0.919291
107	180	0.944545
108	2	0.710677
108	5	0.790508
108	21	1.00696
108	27	0.991913
108	36	1.21383
108	66	1.21475
108	84	1.09993
108	144	1.01033
108	149	1.04825
108	150	1.05955
108	151	0.769717
108	156	1.0368
108	161	1.04483
108	162	0.971177
108	163	1.03075
108	165	0.99291
108	167	0.986401
108	168	1.0281
108	169	0.970801
108	171	0.96005
108	172	1.04393
108	173	0.960354
108	176	0.954086
108	177	0.964359
108	178	0.962281
108	179	0.926669
108	180	0.951922
109	28	1.02704
109	59	1.04511
109	62	1.03109
109	66	0.948065
109	69	1.00745
109	82	1.03614
109	83	1.01301
109	91	0.998115
109	93	0.986961
109	103	1.01858
109	106	1.05899
109	111	0.985781
109	123	0.999988
109	133	1.00029
109	138	0.693549
109	144	1.17683
109	155	1.04139
109	158	0.927789
109	160	0.980167
109	162	1.45881
109	171	1.38853
109	174	0.877272
109	175	0.887893
109	176	1.42395
109	178	1.28821
109	179	1.6437
109	180	1.41116
110	28	1.02994
110	57	1.01259
110	59	1.048
110	60	0.980149
110	61	0.953244
110	62	1.03399
110	66	0.95096
110	69	1.01035
110	73	0.980007
110	91	1.00101
110	93	0.989856
110	106	1.06189
110	111	0.988676
110	123	1.00288
110	126	1.17589
110	133	1.00318
110	153	1.01143
110	154	1.39368
110	155	1.04429
110	160	0.983062
110	163	1.01414
110	164	2.0058
110	167	1.21471
110	172	0.983196
110	174	0.880167
110	175	0.890788
110	176	1.46751
111	12	0.944798
111	31	1.00664
111	57	0.999164
111	62	1.02056
111	66	0.937533
111	73	0.966581
111	82	1.0256
111	83	1.00248
111	93	0.976429
111	103	1.00805
111	106	1.04846
111	109	0.985781
111	110	0.988676
111	120	0.993514
111	123	0.989456
111	127	1.06679
111	133	0.989755
111	141	0.850115
111	154	1.54137
111	155	1.03086
111	158	0.917257
111	165	1.333
111	169	1.48291
111	173	1.51558
111	174	0.86674
111	175	0.877361
111	177	1.49993
111	178	1.47946
112	7	1.08712
112	33	1.05013
112	85	1.05082
112	88	1.03643
112	105	1.03144
112	115	1.03848
112	119	1.02307
112	129	1.04339
112	131	1.02226
112	132	1.03825
112	135	1.04953
112	136	1.01438
112	139	0.850374
112	142	1.03241
112	143	1.02006
112	144	1.22344
112	151	1.04256
112	152	1.04355
112	153	0.893191
112	159	1.0993
112	162	1.50542
112	166	1.13899
112	168	1.01652
112	174	0.90963
112	175	1.46596
112	176	0.910322
112	177	1.35529
112	179	1.6903
113	9	0.923119
113	20	0.827768
113	23	1.00052
113	24	1.00076
113	25	1.00955
113	43	1.03861
113	74	0.973127
113	81	1.00804
113	95	0.970523
113	96	0.9803
113	99	0.957017
113	101	0.998164
113	114	0.955644
113	116	0.999824
113	118	0.94578
113	120	0.985474
113	121	1.0414
113	122	1.00453
113	124	1.06305
113	134	1.66783
113	136	1.18695
113	140	0.977058
113	141	1.00043
113	146	1.33438
113	147	0.960383
113	156	1.51355
113	170	0.876537
113	178	1.79534
114	23	0.996993
114	24	0.997239
114	25	1.00602
114	63	1.01481
114	68	0.99204
114	74	0.969601
114	80	0.792861
114	81	1.00451
114	87	0.996394
114	95	0.966997
114	96	0.976775
114	99	0.953491
114	100	0.991309
114	101	0.994638
114	113	0.955644
114	116	0.996298
114	118	0.942254
114	122	1.001
114	124	0.947116
114	134	1.55189
114	138	0.997162
114	146	1.21845
114	147	0.956857
114	150	1.29283
114	161	1.27679
114	167	1.56234
114	175	0.865796
114	176	1.81514
115	6	1.06526
115	7	1.06457
115	38	0.692149
115	42	0.617928
115	56	0.998666
115	70	1.01963
115	94	0.924646
115	105	1.00889
115	112	1.03848
115	117	1.02074
115	119	1.00052
115	129	1.02084
115	131	0.999714
115	132	1.01571
115	135	1.02699
115	139	1.05418
115	142	1.00986
115	143	0.997516
115	150	1.15204
115	151	1.02001
115	152	1.02101
115	155	1.05121
115	162	1.70922
115	166	1.11644
115	168	1.22032
115	169	1.54206
115	170	0.90492
115	173	1.57474
115	176	0.887776
116	9	0.963773
116	23	1.04117
116	43	1.07926
116	63	1.05899
116	68	1.03622
116	74	1.01378
116	81	1.04869
116	87	1.04057
116	95	1.01118
116	96	1.02095
116	97	1.01341
116	99	0.997671
116	100	1.03549
116	101	1.03882
116	107	0.856965
116	113	0.999824
116	114	0.996298
116	122	1.04518
116	140	1.01771
116	148	0.938596
116	153	1.12743
116	160	1.18265
116	161	1.16644
116	163	1.25141
116	170	0.917191
116	171	1.66937
116	172	1.22047
116	174	1.65239
116	175	0.909975
117	22	0.670236
117	33	1.03238
117	37	1.10441
117	56	1.00346
117	67	0.789648
117	70	1.02443
117	75	0.868848
117	76	1.02967
117	88	1.01868
117	105	1.01369
117	115	1.02074
117	125	1.05458
117	129	1.02564
117	131	1.00451
117	132	1.02051
117	135	1.03179
117	141	1.03361
117	142	1.01466
117	143	1.00231
117	148	0.838128
117	151	1.02481
117	152	1.02581
117	165	1.32212
117	171	1.5689
117	172	1.12
117	174	0.891883
117	176	0.892575
117	177	1.48905
117	179	1.82407
118	13	0.9919
118	23	0.987129
118	25	0.99616
118	43	1.02522
118	63	1.00494
118	68	0.982176
118	74	0.959737
118	78	0.923556
118	81	0.994647
118	87	0.98653
118	95	0.957133
118	96	0.966911
118	97	0.95937
118	99	0.943627
118	100	0.981445
118	101	0.984774
118	113	0.94578
118	114	0.942254
118	122	0.991138
118	125	0.998548
118	134	1.61116
118	136	1.13029
118	140	0.963668
118	141	0.987039
118	163	1.42103
118	167	1.62161
118	170	0.863147
118	175	0.855932
118	177	1.75914
119	33	1.01216
119	35	1.06791
119	56	0.983249
119	60	1.2775
119	70	1.00422
119	76	1.00946
119	85	1.01286
119	88	0.998469
119	94	1.01516
119	112	1.02307
119	115	1.00052
119	121	0.875189
119	129	1.00543
119	131	0.984298
119	132	1.00029
119	135	1.01157
119	141	1.0134
119	142	0.994444
119	143	0.982099
119	146	1.16818
119	151	1.0046
119	152	1.00559
119	159	1.39361
119	160	1.24273
119	165	1.48267
119	166	1.10103
119	168	1.31083
119	170	0.889504
119	172	1.28055
119	176	0.872359
120	23	1.02682
120	43	1.06491
120	62	1.03883
120	72	0.911688
120	79	0.972
120	81	1.03434
120	84	1.01798
120	86	1.01745
120	90	1.01707
120	92	0.999885
120	93	0.994694
120	97	0.999064
120	103	1.02632
120	104	1.02052
120	107	0.667979
120	111	0.993514
120	113	0.985474
120	122	1.03083
120	133	1.00802
120	154	1.44197
120	155	1.04913
120	156	1.09827
120	161	0.977451
120	169	1.38351
120	170	0.902841
120	175	0.895626
120	176	0.885697
120	178	1.38006
120	179	1.73555
120	180	1.50302
121	59	0.660508
121	62	0.899636
121	73	0.863204
121	87	0.874899
121	103	0.999366
121	113	1.0414
121	119	0.875189
121	122	0.76663
121	128	1.12763
121	139	1.12306
121	145	1.06435
121	150	1.0917
121	152	0.766067
121	154	1.01711
121	155	0.674798
121	157	1.09782
121	161	1.07699
121	163	1.06291
121	164	0.95631
121	165	1.02506
121	167	1.01855
121	168	1.06025
121	169	1.00295
121	171	0.992202
121	172	1.07608
121	173	0.992506
121	176	0.986238
121	177	0.996511
121	178	0.994433
121	179	0.958821
121	180	0.984074
122	9	0.968476
122	43	1.08396
122	63	1.06369
122	68	1.04092
122	74	1.01848
122	81	1.05339
122	87	1.04528
122	95	1.01588
122	96	1.02566
122	97	1.01812
122	99	1.00237
122	100	1.04019
122	101	1.04352
122	113	1.00453
122	114	1.001
122	116	1.04518
122	118	0.991138
122	120	1.03083
122	121	0.76663
122	127	1.10791
122	138	1.04604
122	139	1.03613
122	147	1.00574
122	153	1.07895
122	159	1.28505
122	160	1.13417
122	168	1.20228
122	170	0.921894
122	171	1.62089
122	172	1.17199
122	175	0.914679
122	179	1.87606
123	13	1.01121
123	28	1.03072
123	47	1.07508
123	57	1.01337
123	59	1.04878
123	62	1.03477
123	69	1.01113
123	73	0.980787
123	82	1.03981
123	83	1.01669
123	91	1.00179
123	93	0.990636
123	103	1.02226
123	106	1.06266
123	109	0.999988
123	110	1.00288
123	111	0.989456
123	124	1.0257
123	125	1.01786
123	127	1.34532
123	133	1.00396
123	138	1.16332
123	144	1.64661
123	147	1.22678
123	148	1.12753
123	153	1.01221
123	155	1.04507
123	156	1.47619
123	158	0.931463
123	160	0.983841
123	168	1.43969
123	174	0.880947
123	175	0.891568
124	4	0.969517
124	9	1.40779
124	15	0.983038
124	30	1.04396
124	36	1.01856
124	41	1.0181
124	45	0.987784
124	58	1.03136
124	63	0.773081
124	81	0.932894
124	88	1.05175
124	91	0.862958
124	93	0.918003
124	99	0.938044
124	113	1.06305
124	114	0.947116
124	123	1.0257
124	132	1.05357
124	135	1.06485
124	142	1.04772
124	143	1.03538
124	151	1.05787
124	152	1.05887
124	158	0.975461
124	159	0.989854
124	162	0.942728
124	163	1.00231
124	166	1.1543
124	169	0.942352
124	173	0.931905
124	178	0.933832
124	179	0.89822
124	180	0.923473
125	18	0.867958
125	25	0.840764
125	31	1.09564
125	45	1.23895
125	65	0.99771
125	71	1.02852
125	79	1.00792
125	81	0.925057
125	82	0.817657
125	84	1.05391
125	86	1.05337
125	88	1.04773
125	90	1.05299
125	95	0.900167
125	104	1.05644
125	117	1.05458
125	118	0.998548
125	123	1.01786
125	131	1.03356
125	133	0.917635
125	143	1.03136
125	151	1.05385
125	152	1.05485
125	164	0.891691
125	165	0.960443
125	166	1.15029
125	171	0.927583
125	172	1.01146
125	173	0.927887
125	176	0.921619
125	177	0.931892
125	178	0.929814
125	180	0.919455
126	16	1.43048
126	23	1.11013
126	24	1.39694
126	59	1.25857
126	69	1.35376
126	90	1.35878
126	101	1.11545
126	102	1.0033
126	110	1.17589
126	127	0.971221
126	128	0.99233
126	130	1.00465
126	134	0.885604
126	139	0.987759
126	144	0.907183
126	145	0.929047
126	146	0.97076
126	148	1.00722
126	149	0.945098
126	157	0.962522
126	161	0.941687
126	162	0.868029
126	164	0.821011
126	165	0.889763
126	167	0.883254
126	168	0.924952
126	169	0.867654
126	171	0.856903
126	172	0.94078
126	173	0.857206
126	177	0.861212
126	178	0.859134
126	179	0.823521
126	180	0.848775
127	16	1.17369
127	80	1.09758
127	97	1.35538
127	100	1.18622
127	101	0.858669
127	107	1.06699
127	111	1.06679
127	122	1.10791
127	123	1.34532
127	126	0.971221
127	137	1.01611
127	144	0.936142
127	146	0.99972
127	150	0.985364
127	154	0.910775
127	155	1.01607
127	156	0.962611
127	157	0.991482
127	158	0.929722
127	159	0.944116
127	161	0.970647
127	162	0.896989
127	163	0.956567
127	164	0.84997
127	166	0.802344
127	167	0.912214
127	168	0.953911
127	169	0.896614
127	171	0.885863
127	172	0.96974
127	173	0.886166
127	177	0.890171
127	178	0.888094
127	179	0.852481
127	180	0.877735
128	17	1.14972
128	23	0.698291
128	34	0.978397
128	62	1.08585
128	81	1.09745
128	99	1.1026
128	100	1.03116
128	121	1.12763
128	126	0.99233
128	132	0.805778
128	139	1.03783
128	140	1.05486
128	142	0.892395
128	145	0.979116
128	148	1.05729
128	149	0.995167
128	154	0.931884
128	155	0.861012
128	156	0.98372
128	157	1.01259
128	160	1.00321
128	161	0.991756
128	162	0.918098
128	163	0.977676
128	164	0.871079
128	165	0.939831
128	167	0.933323
128	168	0.97502
128	169	0.917722
128	171	0.906972
128	172	0.990849
128	173	0.907275
128	177	0.91128
128	178	0.909202
128	179	0.87359
128	180	0.898844
129	37	1.10452
129	38	0.749437
129	54	1.03638
129	56	1.00357
129	70	1.02454
129	76	1.02978
129	85	1.03318
129	88	1.01879
129	102	1.02663
129	105	1.0138
129	112	1.04339
129	115	1.02084
129	117	1.02564
129	119	1.00543
129	131	1.00462
129	132	1.02061
129	134	0.927348
129	135	1.03189
129	136	0.996743
129	138	1.00124
129	141	1.03372
129	142	1.01477
129	143	1.00242
129	145	1.38433
129	148	0.965452
129	151	1.02492
129	152	1.02591
129	155	1.05611
129	156	1.31412
129	161	1.19329
129	168	1.27761
129	169	1.59935
129	170	0.909826
129	174	0.89199
129	176	0.892682
129	178	1.5959
130	9	1.54858
130	28	0.901183
130	31	1.24427
130	50	0.98472
130	82	0.96629
130	96	0.988968
130	100	1.0074
130	104	0.909364
130	126	1.00465
130	139	1.05015
130	140	1.03109
130	144	0.969576
130	146	1.03315
130	148	1.06961
130	149	1.00749
130	150	1.0188
130	154	0.944208
130	156	0.996044
130	157	1.02491
130	159	0.977549
130	161	1.00408
130	163	0.99
130	164	0.883404
130	165	0.952156
130	166	0.623519
130	167	0.945647
130	168	0.987345
130	169	0.930047
130	171	0.919296
130	172	1.00317
130	173	0.919599
130	175	0.92326
130	177	0.923605
130	178	0.921527
130	179	0.885914
130	180	0.911168
131	1	0.979557
131	5	1.02389
131	13	0.947898
131	33	1.01136
131	35	1.06711
131	48	1.25864
131	76	1.00865
131	85	1.01205
