1	4	0.821084
1	15	0.926178
1	26	0.799827
1	34	0.795365
1	36	0.869401
1	39	0.887434
1	40	0.859047
1	44	0.859027
1	102	0.779419
1	147	2.38623
1	157	2.79631
1	171	0.822008
2	4	0.945845
2	26	0.924588
2	28	1.0131
2	34	0.920126
2	36	0.994161
2	40	0.983807
2	44	0.983788
2	107	1.09263
2	134	2.12807
2	164	2.56162
2	171	0.946769
3	47	0.931144
3	59	0.931179
3	64	0.89172
3	70	0.890798
3	71	0.962501
3	75	0.984946
3	77	0.939834
3	78	0.939115
3	133	1.36542
3	163	5.78195
3	165	1.69478
3	168	0.974059
4	1	0.821084
4	2	0.945845
4	26	0.782195
4	28	0.870709
4	34	0.777733
4	36	0.851768
4	39	0.869802
4	40	0.841414
4	44	0.841394
4	116	2.59025
4	117	2.49271
4	171	0.804376
5	10	0.940555
5	16	0.8274
5	22	0.909331
5	23	0.806671
5	30	0.800181
5	38	0.805796
5	45	0.863276
5	61	2.16575
5	145	2.93507
5	160	0.887944
5	165	0.802396
5	179	0.781236
6	7	0.815324
6	19	0.782211
6	21	0.904207
6	27	0.871145
6	32	0.850679
6	46	0.831735
6	51	0.821287
6	52	0.896394
6	87	1.74768
6	134	0.78774
6	168	0.884488
6	173	3.68298
7	6	0.815324
7	8	0.904141
7	19	0.794312
7	32	0.86278
7	46	0.843836
7	51	0.833388
7	94	0.782819
7	107	0.883259
7	134	0.799841
7	168	0.896589
7	174	2.17817
7	180	3.1513
8	7	0.904141
8	19	0.871028
8	27	0.959962
8	32	0.939496
8	46	0.920552
8	51	0.910104
8	52	0.985211
8	90	0.90961
8	107	0.959975
8	113	0.983066
8	125	4.16464
8	168	0.973305
9	29	0.971136
9	33	1.00013
9	35	0.970825
9	43	0.939558
9	48	0.936239
9	50	0.921968
9	54	0.92066
9	149	1.83812
9	152	1.42398
9	157	0.889884
9	158	2.66396
9	171	0.902371
10	5	0.940555
10	16	0.939617
10	23	0.918887
10	30	0.912398
10	38	0.918013
10	45	0.975493
10	109	3.45104
10	157	1.03948
10	160	1.00016
10	165	0.914613
10	177	1.91271
10	179	0.893453
11	50	0.346855
11	93	0.582796
11	111	1.01072
11	146	0.993665
11	150	0.288008
11	161	0.934449
11	166	0.926635
11	172	0.897865
11	174	0.908822
11	176	0.935163
11	178	0.895655
11	180	0.888761
12	33	2.61851
12	124	0.830812
12	147	0.766712
12	153	0.777648
12	164	0.774115
12	169	0.751506
12	170	0.750741
12	173	0.754263
12	175	0.750859
12	178	0.738622
12	179	0.756546
12	180	0.731728
13	80	0.844883
13	120	0.843118
13	128	0.834339
13	131	0.831223
13	143	0.872235
13	150	0.848729
13	151	0.837678
13	155	0.842658
13	159	0.84895
13	164	2.15445
13	165	0.794065
13	178	3.15602
14	58	2.55573
14	139	0.840019
14	144	0.740391
14	158	0.77122
14	161	0.774744
14	162	0.798694
14	166	0.76693
14	169	0.748833
14	172	0.73816
14	176	0.775458
14	180	0.729056
15	1	0.926178
15	26	0.887289
15	28	0.975803
15	34	0.882827
15	36	0.956862
15	39	0.974895
15	40	0.946508
15	44	0.946488
15	140	1.09093
15	153	2.7009
15	166	2.5812
15	171	0.90947
16	5	0.8274
16	10	0.939617
16	22	0.908393
16	23	0.805733
16	30	0.799243
16	38	0.804859
16	45	0.862339
16	109	4.04896
16	119	1.58159
16	160	0.887006
16	165	0.801459
16	179	0.780298
17	25	0.813101
17	42	0.858544
17	53	0.840335
17	55	0.837927
17	56	0.839391
17	60	0.822533
17	65	0.87607
17	66	0.875862
17	130	1.86093
17	160	0.880716
17	163	0.720913
17	166	3.59051
17	179	0.774007
18	42	0.939074
18	53	0.920865
18	55	0.918457
18	56	0.919921
18	60	0.903063
18	65	0.9566
18	66	0.956392
18	160	0.961245
18	162	1.91391
18	163	0.801442
18	166	2.47411
18	171	1.99034
18	179	0.854537
19	6	0.782211
19	7	0.794312
19	8	0.871028
19	21	0.883195
19	27	0.850133
19	32	0.829666
19	46	0.810723
19	51	0.800274
19	52	0.875382
19	134	0.766728
19	168	0.863476
19	171	2.3392
19	179	3.31432
20	41	0.930672
20	47	0.905082
20	59	0.905117
20	64	0.865657
20	70	0.864736
20	71	0.936438
20	75	0.958884
20	77	0.913772
20	78	0.913052
20	96	1.44705
20	114	0.851595
20	168	0.947997
20	170	3.9914
21	6	0.904207
21	19	0.883195
21	27	0.972129
21	32	0.951663
21	46	0.932719
21	51	0.922271
21	52	0.997378
21	94	0.871701
21	165	2.39778
21	166	1.95324
21	168	0.985472
21	176	1.82534
22	5	0.909331
22	16	0.908393
22	23	0.887663
22	30	0.881173
22	38	0.886789
22	45	0.944269
22	117	0.818481
22	118	0.978889
22	153	2.30689
22	160	0.968937
22	165	0.883389
22	175	3.12353
22	179	0.862228
23	5	0.806671
23	10	0.918887
23	16	0.805733
23	22	0.887663
23	30	0.778513
23	38	0.784129
23	45	0.841609
23	99	2.39428
23	118	0.876229
23	127	2.73008
23	160	0.866277
23	165	0.780729
23	179	0.759568
24	45	0.821715
24	116	0.932485
24	124	0.882949
24	125	0.784634
24	131	1.42833
24	135	0.829893
24	147	0.818849
24	153	0.829785
24	156	0.829926
24	169	0.803643
24	172	0.792969
24	173	0.8064
24	180	0.783865
25	17	0.813101
25	42	0.857764
25	53	0.839555
25	55	0.837147
25	56	0.838611
25	60	0.821752
25	65	0.87529
25	66	0.875082
25	134	2.19994
25	160	0.879935
25	163	0.720132
25	177	3.3408
25	179	0.773227
26	1	0.799827
26	2	0.924588
26	4	0.782195
26	15	0.887289
26	28	0.849452
26	34	0.756476
26	36	0.830511
26	39	0.848545
26	40	0.820157
26	44	0.820137
26	158	2.55053
26	171	0.783119
26	179	3.09408
27	6	0.871145
27	8	0.959962
27	19	0.850133
27	21	0.972129
27	32	0.9186
27	46	0.899657
27	51	0.889208
27	52	0.964316
27	94	0.838639
27	122	1.1293
27	139	1.20393
27	144	4.10939
27	168	0.95241
28	2	1.0131
28	4	0.870709
28	15	0.975803
28	26	0.849452
28	34	0.844991
28	36	0.919026
28	39	0.937059
28	40	0.908672
28	44	0.908652
28	88	0.771171
28	162	2.03579
28	169	3.47784
28	171	0.871634
29	9	0.971136
29	33	0.971823
29	35	0.942518
29	43	0.911251
29	48	0.907933
29	50	0.893661
29	54	0.892353
29	116	1.00759
29	122	1.44937
29	127	0.926025
29	157	0.861577
29	171	0.874065
29	178	3.86246
30	5	0.800181
30	10	0.912398
30	16	0.799243
30	22	0.881173
30	23	0.778513
30	38	0.777639
30	45	0.835119
30	74	3.03932
30	84	0.762419
30	118	0.869739
30	129	2.54704
30	160	0.859787
30	165	0.774239
30	179	0.753079
31	79	0.81464
31	86	0.819814
31	101	0.841242
31	103	0.83388
31	105	0.823341
31	111	2.12181
31	120	0.816419
31	126	0.826224
31	134	0.765267
31	141	0.823801
31	151	0.810979
31	154	0.828807
31	159	0.822251
31	161	3.58316
32	6	0.850679
32	7	0.86278
32	8	0.939496
32	19	0.829666
32	21	0.951663
32	27	0.9186
32	46	0.87919
32	51	0.868742
32	52	0.943849
32	113	2.19617
32	114	1.97083
32	134	0.835195
32	152	2.25737
32	168	0.931944
33	9	1.00013
33	12	2.61851
33	29	0.971823
33	35	0.971512
33	43	0.940245
33	48	0.936926
33	50	0.922655
33	54	0.921347
33	156	0.898367
33	157	0.890571
33	171	0.903058
33	175	1.75715
34	1	0.795365
34	2	0.920126
34	4	0.777733
34	15	0.882827
34	26	0.756476
34	28	0.844991
34	36	0.826049
34	39	0.844083
34	40	0.815695
34	44	0.815676
34	102	0.736067
34	140	2.03663
34	147	3.49542
34	171	0.778657
35	9	0.970825
35	29	0.942518
35	33	0.971512
35	43	0.91094
35	48	0.907622
35	50	0.89335
35	54	0.892042
35	127	0.925714
35	134	2.63765
35	138	1.99712
35	146	1.56372
35	157	0.861266
35	171	0.873754
36	1	0.869401
36	2	0.994161
36	4	0.851768
36	15	0.956862
36	26	0.830511
36	28	0.919026
36	34	0.826049
36	39	0.918118
36	40	0.889731
36	44	0.889711
36	104	1.95809
36	116	1.97464
36	139	2.49104
36	171	0.852693
37	49	1.0781
37	110	0.388697
37	112	0.461496
37	135	0.910809
37	136	0.860233
37	158	0.906946
37	161	0.910469
37	164	0.907168
37	172	0.873885
37	175	0.883912
37	176	0.911183
37	177	0.882682
37	178	0.871675
37	180	0.864781
38	5	0.805796
38	10	0.918013
38	16	0.804859
38	22	0.886789
38	23	0.784129
38	30	0.777639
38	45	0.840735
38	118	0.875355
38	124	1.57991
38	160	0.865402
38	165	0.779855
38	172	3.87018
38	179	0.758694
39	1	0.887434
39	4	0.869802
39	15	0.974895
39	26	0.848545
39	28	0.937059
39	34	0.844083
39	36	0.918118
39	40	0.907764
39	44	0.907744
39	92	1.55016
39	102	0.828136
39	163	5.17933
39	170	1.07686
39	171	0.870726
40	1	0.859047
40	2	0.983807
40	4	0.841414
40	15	0.946508
40	26	0.820157
40	28	0.908672
40	34	0.815695
40	36	0.889731
40	39	0.907764
40	44	0.879357
40	102	0.799749
40	127	0.939285
40	157	2.65113
40	167	3.24139
40	171	0.842338
41	20	0.930672
41	47	0.905514
41	59	0.905549
41	64	0.86609
41	70	0.865168
41	71	0.936871
41	75	0.959316
41	77	0.914204
41	78	0.913485
41	92	2.49696
41	113	0.963282
41	168	0.948429
41	169	3.19853
42	17	0.858544
42	18	0.939074
42	25	0.857764
42	53	0.884999
42	55	0.882591
42	56	0.884055
42	60	0.867196
42	65	0.920733
42	66	0.920526
42	89	1.47358
42	91	6
42	160	0.925379
42	163	0.765576
42	165	1.11309
42	179	0.818671
43	9	0.939558
43	29	0.911251
43	33	0.940245
43	35	0.91094
43	48	0.876355
43	50	0.862084
43	54	0.860775
43	92	0.859124
43	94	0.808943
43	127	0.894448
43	157	0.829999
43	165	1.69907
43	171	0.842487
43	172	2.33458
43	180	3.03839
44	1	0.859027
44	2	0.983788
44	4	0.841394
44	15	0.946488
44	26	0.820137
44	28	0.908652
44	34	0.815676
44	36	0.889711
44	39	0.907744
44	40	0.879357
44	102	0.799729
44	107	0.84537
44	171	0.842319
44	174	3.13209
44	177	3.02167
45	5	0.863276
45	10	0.975493
45	16	0.862339
45	22	0.944269
45	23	0.841609
45	24	0.821715
45	30	0.835119
45	38	0.840735
45	84	0.825514
45	102	3.62415
45	118	0.932834
45	160	0.922882
45	165	0.837334
45	176	1.86539
45	179	0.816174
46	6	0.831735
46	7	0.843836
46	8	0.920552
46	19	0.810723
46	21	0.932719
46	27	0.899657
46	32	0.87919
46	51	0.849798
46	52	0.924905
46	94	0.799229
46	102	3.27585
46	107	0.899669
46	161	1.19233
46	168	0.913
46	178	2.63958
47	3	0.931144
47	20	0.905082
47	41	0.905514
47	59	0.879959
47	64	0.840499
47	70	0.839578
47	71	0.91128
47	75	0.933726
47	77	0.888614
47	78	0.887894
47	96	2.76274
47	130	2.01642
47	133	1.49074
47	168	0.922839
48	9	0.936239
48	29	0.907933
48	33	0.936926
48	35	0.907622
48	43	0.876355
48	50	0.858765
48	54	0.857457
48	81	0.877649
48	94	0.805624
48	116	0.945396
48	127	0.891129
48	144	3.49651
48	157	0.826681
48	171	0.839168
48	173	2.82822
49	37	1.0781
49	93	0.857249
49	100	0.888296
49	104	1.20057
49	108	3.72936
49	112	0.887165
49	126	0.876357
49	137	0.846254
49	143	0.89567
49	150	0.872163
49	151	0.861112
49	154	0.87894
49	155	0.866092
49	159	0.872384
49	160	0.903047
50	9	0.921968
50	11	0.346855
50	29	0.893661
50	33	0.922655
50	35	0.89335
50	43	0.862084
50	48	0.858765
50	54	0.843185
50	81	0.863378
50	92	0.841534
50	94	0.791353
50	127	0.876858
50	134	2.63435
50	157	0.812409
50	165	3.51944
50	171	0.824897
51	6	0.821287
51	7	0.833388
51	8	0.910104
51	19	0.800274
51	21	0.922271
51	27	0.889208
51	32	0.868742
51	46	0.849798
51	52	0.914457
51	94	0.788781
51	107	0.889221
51	130	2.54687
51	133	2.02118
51	134	0.805803
51	140	2.23467
51	168	0.902552
52	6	0.896394
52	8	0.985211
52	19	0.875382
52	21	0.997378
52	27	0.964316
52	32	0.943849
52	46	0.924905
52	51	0.914457
52	94	0.863888
52	107	0.964329
52	134	0.880911
52	142	1.46213
52	153	2.04429
52	157	1.7517
52	168	0.977659
52	175	2.86093
53	17	0.840335
53	18	0.920865
53	25	0.839555
53	42	0.884999
53	55	0.864382
53	56	0.865846
53	60	0.848987
53	65	0.902524
53	66	0.902317
53	114	2.0507
53	115	2.87186
53	127	0.888006
53	146	2.11496
53	160	0.90717
53	163	0.747367
53	179	0.800462
54	9	0.92066
54	29	0.892353
54	33	0.921347
54	35	0.892042
54	43	0.860775
54	48	0.857457
54	50	0.843185
54	72	2.22809
54	81	0.862069
54	88	2.20822
54	92	0.840226
54	94	0.790044
54	95	2.50304
54	127	0.875549
54	157	0.811101
54	171	0.823589
55	17	0.837927
55	18	0.918457
55	25	0.837147
55	42	0.882591
55	53	0.864382
55	56	0.863438
55	60	0.846579
55	65	0.900116
55	66	0.899909
55	118	0.914714
55	157	2.25339
55	160	0.904762
55	163	0.744959
55	167	2.84365
55	176	2.29838
55	179	0.798054
56	17	0.839391
56	18	0.919921
56	25	0.838611
56	42	0.884055
56	53	0.865846
56	55	0.863438
56	60	0.848043
56	65	0.90158
56	66	0.901373
56	99	1.09095
56	127	0.887062
56	138	2.23044
56	160	0.906226
56	163	0.746423
56	165	3.75605
56	179	0.799518
57	66	0.666461
57	89	0.938971
57	103	0.673719
57	115	0.880272
57	124	0.902012
57	138	0.894892
57	146	0.907832
57	151	1.18238
57	152	0.898732
57	167	0.827138
57	169	0.822705
57	171	0.863329
57	173	0.825463
57	174	0.822989
57	178	0.809822
57	180	0.802928
58	14	2.55573
58	76	0.86055
58	93	0.837226
58	101	0.871352
58	106	0.834084
58	112	0.867142
58	123	1.62478
58	137	0.826231
58	143	0.875646
58	150	0.85214
58	151	0.841089
58	154	0.858917
58	155	0.846069
58	159	0.852361
58	160	0.883023
58	165	0.797476
58	166	2.53577
59	3	0.931179
59	20	0.905117
59	41	0.905549
59	47	0.879959
59	64	0.840534
59	70	0.839613
59	71	0.911315
59	75	0.933761
59	77	0.888649
59	78	0.887929
59	127	1.4259
59	146	1.79618
59	168	0.922874
59	176	3.18274
60	17	0.822533
60	18	0.903063
60	25	0.821752
60	42	0.867196
60	53	0.848987
60	55	0.846579
60	56	0.848043
60	65	0.884722
60	66	0.884514
60	118	0.899319
60	121	2.32668
60	127	0.870203
60	135	2.55746
60	157	2.61883
60	160	0.889367
60	163	0.729564
60	179	0.782659
61	5	2.16575
61	123	0.858398
61	130	0.888229
61	136	0.75201
61	147	0.791541
61	148	0.818777
61	151	2.21048
61	156	0.802618
61	167	0.780768
61	170	0.77557
61	172	0.765662
61	174	0.776618
61	175	0.775688
61	176	0.802959
61	177	0.774458
61	178	0.763451
61	180	0.756557
62	93	0.829517
62	97	0.885259
62	98	0.881614
62	103	0.856281
62	105	0.845742
62	112	0.859433
62	119	2.09905
62	143	0.867937
62	150	0.844431
62	151	0.83338
62	154	0.851208
62	155	0.83836
62	159	0.844652
62	161	1.87508
62	165	0.789767
62	168	0.884416
62	170	3.88883
63	64	1.45328
63	78	0.953533
63	83	0.836714
63	113	0.93662
63	125	0.812419
63	140	0.956689
63	153	0.85757
63	166	0.849524
63	167	0.83586
63	172	0.820754
63	173	0.834185
63	174	0.831711
63	175	0.83078
63	176	0.858051
63	177	0.82955
63	178	0.818544
63	180	0.81165
64	3	0.89172
64	20	0.865657
64	41	0.86609
64	47	0.840499
64	59	0.840534
64	63	1.45328
64	70	0.800153
64	71	0.871856
64	75	0.894301
64	77	0.849189
64	78	0.84847
64	81	0.841669
64	91	0.723301
64	107	0.870084
64	109	0.736508
64	121	3.44721
64	140	1.87048
64	168	0.883414
65	17	0.87607
65	18	0.9566
65	25	0.87529
65	42	0.920733
65	53	0.902524
65	55	0.900116
65	56	0.90158
65	60	0.884722
65	66	0.938051
65	115	1.41769
65	118	0.952857
65	127	0.92374
65	160	0.942904
65	163	0.783102
65	165	2.6198
65	169	3.05712
65	171	1.69149
65	179	0.836196
66	17	0.875862
66	18	0.956392
66	25	0.875082
66	42	0.920526
66	53	0.902317
66	55	0.899909
66	56	0.901373
66	57	0.666461
66	60	0.884514
66	65	0.938051
66	118	0.952649
66	127	0.923533
66	136	4.50597
66	139	0.967962
66	149	1.43381
66	160	0.942697
66	163	0.782894
66	179	0.835989
67	76	0.915674
67	83	0.898091
67	86	0.905049
67	104	1.47843
67	105	0.908575
67	106	0.889208
67	112	0.922267
67	120	0.901653
67	126	0.911458
67	128	0.892874
67	139	2.01138
67	142	2.8928
67	150	0.907264
67	152	2.06308
67	154	0.914041
67	155	0.901193
67	159	0.907485
67	165	0.8526
68	89	0.926324
68	96	0.871467
68	101	1.27374
68	113	0.915251
68	135	0.836309
68	137	1.21654
68	146	0.895185
68	150	0.541177
68	161	0.835969
68	164	0.832668
68	167	0.814492
68	170	0.809294
68	173	0.812817
68	174	0.810342
68	175	0.809412
68	176	0.836683
68	178	0.797175
68	180	0.790281
69	105	0.436361
69	116	0.948032
69	124	0.898497
69	136	0.794865
69	141	1.22275
69	149	0.879229
69	156	0.845473
69	158	0.841577
69	159	1.26188
69	164	0.8418
69	170	0.818426
69	172	0.808517
69	174	0.819474
69	175	0.818543
69	176	0.845814
69	177	0.817313
69	178	0.806307
69	180	0.799413
70	3	0.890798
70	20	0.864736
70	41	0.865168
70	47	0.839578
70	59	0.839613
70	64	0.800153
70	71	0.870934
70	73	1.08348
70	75	0.89338
70	77	0.848268
70	78	0.847549
70	81	0.840747
70	84	4.40518
70	91	0.722379
70	107	0.869162
70	109	0.735587
70	148	2.60905
70	168	0.882493
71	3	0.962501
71	20	0.936438
71	41	0.936871
71	47	0.91128
71	59	0.911315
71	64	0.871856
71	70	0.870934
71	75	0.965082
71	77	0.91997
71	78	0.919251
71	84	1.29482
71	107	0.940865
71	109	0.807289
71	163	5.83872
71	164	1.35074
71	168	0.954195
71	173	1.06845
72	54	2.22809
72	91	0.762228
72	95	0.909869
72	98	1.16601
72	104	0.923716
72	117	0.917187
72	120	0.824063
72	145	0.834611
72	148	0.843933
72	158	0.823877
72	162	0.851351
72	166	0.819587
72	167	0.805924
72	169	0.801491
72	172	0.790817
72	176	0.828115
72	177	0.799613
72	178	0.788607
72	180	0.781713
73	70	1.08348
73	74	0.911694
73	79	0.888304
73	106	0.32512
73	129	0.931361
73	136	0.855406
73	137	0.873324
73	144	0.871289
73	146	0.964858
73	163	0.831677
73	164	0.902341
73	172	0.869058
73	173	0.882489
73	174	0.880015
73	175	0.879085
73	176	0.906356
73	177	0.877854
73	178	0.866848
73	180	0.859954
74	30	3.03932
74	73	0.911694
74	126	1.86209
74	129	0.807645
74	138	0.828202
74	144	0.747573
74	147	0.771222
74	149	0.816054
74	152	0.832042
74	166	0.774112
74	167	0.760449
74	169	0.756016
74	172	0.745343
74	173	0.758774
74	174	0.756299
74	176	0.78264
74	177	0.754139
74	178	0.743132
74	180	0.736238
75	3	0.984946
75	20	0.958884
75	41	0.959316
75	47	0.933726
75	59	0.933761
75	64	0.894301
75	70	0.89338
75	71	0.965082
75	77	0.942416
75	78	0.941696
75	92	2.25288
75	109	0.829735
75	140	0.740661
75	168	0.976641
75	173	2.96587
75	179	2.56394
76	58	0.86055
76	67	0.915674
76	93	0.879278
76	110	0.912986
76	117	0.768191
76	120	0.888582
76	128	0.879803
76	137	0.868284
76	141	0.895964
76	142	1.47006
76	144	3.4941
76	151	0.883142
76	154	0.90097
76	155	0.888122
76	159	0.894413
76	160	0.925076
76	163	0.765273
76	168	0.934178
76	170	3.49361
77	3	0.939834
77	20	0.913772
77	41	0.914204
77	47	0.888614
77	59	0.888649
77	64	0.849189
77	70	0.848268
77	71	0.91997
77	75	0.942416
77	78	0.896585
77	81	0.889783
77	91	0.771416
77	107	0.918198
77	109	0.784623
77	130	0.93248
77	157	2.48916
77	167	3.07942
77	168	0.931529
77	176	2.53416
78	3	0.939115
78	20	0.913052
78	41	0.913485
78	47	0.887894
78	59	0.887929
78	63	0.953533
78	64	0.84847
78	70	0.847549
78	71	0.919251
78	75	0.941696
78	77	0.896585
78	81	0.889064
78	91	0.770696
78	107	0.917479
78	109	0.783903
78	117	1.45469
78	140	1.37073
78	168	0.930809
78	177	4.11284
79	31	0.81464
79	73	0.888304
79	86	0.876178
79	100	0.894526
79	101	0.897605
79	103	0.890244
79	119	2.86166
79	122	1.67184
79	126	0.882587
79	131	0.860887
79	141	0.880164
79	143	0.9019
79	150	0.878393
79	151	0.867342
79	154	0.88517
79	155	0.872322
79	156	3.16791
79	159	0.878614
79	160	0.909277
79	165	0.823729
80	13	0.844883
80	85	0.878829
80	93	0.867023
80	95	0.877174
80	97	0.922765
80	102	0.799106
80	103	0.893788
80	106	0.863881
80	110	0.90073
80	123	1.49619
80	125	4.23536
80	131	0.864431
80	137	0.856028
80	141	0.883708
80	143	0.905444
80	150	0.881937
80	155	0.875866
80	156	2.48473
80	159	0.882158
80	160	0.912821
81	48	0.877649
81	50	0.863378
81	54	0.862069
81	64	0.841669
81	70	0.840747
81	77	0.889783
81	78	0.889064
81	122	1.18511
81	141	0.885794
81	143	0.907529
81	150	0.884022
81	151	0.872972
81	155	0.877951
81	157	0.831293
81	158	2.55141
81	159	0.884243
81	164	2.59664
81	168	0.924008
81	171	0.843781
81	179	3.09497
82	97	1.5969
82	99	0.937807
82	109	0.777933
82	147	0.819195
82	148	0.846431
82	149	0.864027
82	150	1.22831
82	153	0.830131
82	157	0.832125
82	160	0.699761
82	161	0.829899
82	164	0.826598
82	170	0.803224
82	172	0.793316
82	174	0.804272
82	175	0.803342
82	176	0.830613
82	177	0.802112
82	178	0.791105
82	180	0.784211
83	63	0.836714
83	67	0.898091
83	86	0.874394
83	93	0.861695
83	98	0.913793
83	100	0.892742
83	105	0.87792
83	106	0.858553
83	120	0.870999
83	126	0.880804
83	131	0.859103
83	137	0.850701
83	141	0.878381
83	143	0.900116
83	146	1.78122
83	149	2.41765
83	150	0.876609
83	151	0.865559
83	155	0.870538
83	164	3.28871
84	30	0.762419
84	45	0.825514
84	70	4.40518
84	71	1.29482
84	98	0.856482
84	115	0.796
84	121	0.770314
84	128	0.804909
84	131	0.801792
84	141	0.82107
84	143	0.842805
84	160	0.850182
84	165	0.764634
84	170	0.737669
84	174	0.738717
84	177	0.736556
84	178	0.72555
84	179	0.743474
84	180	0.718656
85	80	0.878829
85	98	0.919858
85	102	0.799844
85	103	0.894525
85	105	0.883985
85	120	0.877064
85	126	0.886869
85	128	0.868285
85	130	0.967885
85	143	0.906181
85	150	0.882674
85	151	0.871624
85	152	1.40528
85	154	0.889452
85	155	0.876604
85	159	0.882896
85	163	0.753755
85	168	0.92266
85	173	3.59075
85	177	3.39779
86	31	0.819814
86	67	0.905049
86	79	0.876178
86	83	0.874394
86	93	0.868653
86	98	0.920751
86	105	0.884878
86	111	1.26103
86	120	0.877957
86	128	0.869178
86	131	0.866061
86	132	2.72438
86	141	0.885339
86	151	0.872517
86	154	0.890345
86	155	0.877496
86	159	0.883788
86	165	0.828903
86	171	2.08529
86	172	3.64912
87	6	1.74768
87	114	0.912662
87	119	0.856858
87	120	1.58699
87	124	0.884909
87	132	0.819055
87	134	0.829704
87	145	0.838723
87	158	0.827989
87	161	0.831513
87	163	0.757548
87	168	1.07179
87	169	0.805602
87	172	0.794929
87	173	0.80836
87	174	0.805886
87	176	0.832227
87	177	0.803725
87	178	0.792719
87	180	0.785825
88	28	0.771171
88	54	2.20822
88	132	0.86763
88	142	0.897607
88	149	0.914216
88	151	1.00296
88	152	0.930204
88	153	0.88032
88	155	0.425184
88	156	0.880461
88	161	0.880088
88	165	0.880378
88	166	0.872274
88	167	0.85861
88	169	0.854177
88	173	0.856935
88	174	0.854461
88	175	0.853531
88	178	0.841294
88	180	0.8344
89	42	1.47358
89	57	0.938971
89	68	0.926324
89	105	0.656708
89	139	0.931504
89	145	0.873439
89	146	0.925445
89	156	0.866602
89	158	0.862705
89	160	0.551019
89	161	0.866229
89	162	0.890179
89	166	0.858415
89	168	0.793371
89	170	0.839554
89	175	0.839672
89	176	0.866942
89	177	0.838441
89	178	0.827435
89	180	0.820541
90	8	0.90961
90	98	1.0558
90	101	1.21743
90	135	0.891991
90	144	0.857298
90	154	0.74399
90	156	0.892024
90	158	0.888128
90	162	0.915601
90	166	0.883837
90	169	0.865741
90	170	0.864976
90	172	0.855068
90	173	0.868499
90	174	0.866024
90	175	0.865094
90	176	0.892365
90	177	0.863864
90	178	0.852857
90	180	0.845963
91	42	6
91	64	0.723301
91	70	0.722379
91	72	0.762228
91	77	0.771416
91	78	0.770696
91	96	0.746198
91	129	0.736419
91	150	0.765655
91	151	0.754604
91	154	0.772432
91	155	0.759584
91	159	0.765876
91	161	0.7107
91	164	0.707399
91	168	0.80564
91	170	0.684025
91	172	0.674117
91	177	0.682913
91	180	0.665012
92	39	1.55016
92	41	2.49696
92	43	0.859124
92	50	0.841534
92	54	0.840226
92	75	2.25288
92	109	0.755258
92	121	0.813194
92	137	0.83627
92	141	0.86395
92	151	0.851128
92	154	0.868956
92	157	0.80945
92	159	0.862399
92	169	0.781314
92	171	0.821937
92	172	0.77064
92	174	0.781597
92	175	0.780667
92	178	0.76843
92	180	0.761536
93	11	0.582796
93	49	0.857249
93	58	0.837226
93	62	0.829517
93	76	0.879278
93	80	0.867023
93	83	0.861695
93	86	0.868653
93	101	0.890081
93	105	0.87218
93	106	0.852812
93	110	0.889662
93	114	1.73211
93	131	0.853362
93	137	0.84496
93	143	0.894375
93	147	2.72785
93	153	3.43053
93	154	0.877646
93	155	0.864798
93	159	0.87109
94	7	0.782819
94	21	0.871701
94	27	0.838639
94	43	0.808943
94	46	0.799229
94	48	0.805624
94	50	0.791353
94	51	0.788781
94	52	0.863888
94	54	0.790044
94	100	0.82813
94	143	0.835504
94	150	0.811997
94	154	0.818774
94	157	0.759268
94	159	0.812218
94	162	2.06648
94	165	0.757333
94	168	0.851983
94	171	0.771756
94	174	3.43741
94	178	3.62126
95	54	2.50304
95	72	0.909869
95	80	0.877174
95	108	0.841392
95	122	0.941265
95	124	0.911738
95	126	0.832506
95	136	0.808106
95	142	0.875861
95	155	0.719998
95	156	0.858715
95	162	0.882292
95	164	0.855041
95	165	0.858632
95	172	0.821758
95	173	0.835189
95	174	0.832715
95	175	0.831785
95	176	0.859056
95	177	0.830555
95	178	0.819548
95	180	0.812654
96	20	1.44705
96	47	2.76274
96	68	0.871467
96	91	0.746198
96	138	0.857648
96	145	0.818582
96	148	0.827904
96	152	0.861488
96	154	1.67587
96	158	0.807848
96	161	0.811372
96	162	0.835322
96	164	0.808071
96	165	0.811662
96	166	0.803558
96	167	0.789894
96	169	0.785461
96	170	0.784697
96	172	0.774788
96	176	0.812085
96	177	0.783584
96	180	0.765684
97	62	0.885259
97	80	0.922765
97	82	1.5969
97	98	0.963794
97	99	1.16137
97	109	0.81969
97	110	0.945404
97	112	0.941613
97	128	0.912221
97	131	0.909104
97	137	0.900702
97	143	0.950117
97	151	0.91556
97	152	1.47641
97	154	0.933388
97	155	0.92054
97	157	0.873882
97	159	0.926831
97	163	0.797691
97	165	0.871946
97	171	2.28483
97	178	3.76318
98	62	0.881614
98	72	1.16601
98	83	0.913793
98	84	0.856482
98	85	0.919858
98	86	0.920751
98	90	1.0558
98	97	0.963794
98	102	0.840135
98	106	0.90491
98	109	0.816045
98	128	0.908576
98	131	0.90546
98	135	2.73668
98	142	2.50848
98	143	0.946473
98	146	1.45648
98	150	0.922966
98	151	0.911915
98	154	0.929743
98	155	0.916895
98	159	0.923187
99	23	2.39428
99	56	1.09095
99	82	0.937807
99	97	1.16137
99	116	0.986713
99	117	0.973568
99	128	0.404255
99	130	0.969765
99	131	0.379354
99	135	0.884121
99	142	0.9013
99	145	0.890992
99	156	0.884154
99	161	0.883781
99	162	0.907731
99	164	0.88048
99	166	0.875967
99	169	0.857871
99	170	0.857106
99	172	0.847198
99	173	0.860629
99	178	0.844987
99	180	0.838093
100	49	0.888296
100	79	0.894526
100	83	0.892742
100	94	0.82813
100	103	0.913766
100	105	0.903226
100	106	0.883859
100	110	0.920709
100	112	0.916918
100	116	1.14471
100	120	0.896305
100	126	0.90611
100	130	1.27541
100	137	0.876007
100	149	2.12696
100	151	0.890865
100	154	0.908693
100	155	0.895845
100	159	0.902137
100	162	2.4448
100	165	0.847251
100	168	0.941901
100	174	3.81574
101	31	0.841242
101	58	0.871352
101	68	1.27374
101	79	0.897605
101	90	1.21743
101	93	0.890081
101	106	0.886939
101	107	1.65659
101	112	0.919997
101	126	0.909189
101	128	0.890605
101	131	0.887489
101	137	0.879086
101	141	0.906766
101	148	2.4561
101	150	0.904995
101	151	0.893944
101	154	0.911772
101	155	0.898924
101	157	0.852266
101	159	0.905216
101	161	2.67991
101	168	0.94498
102	1	0.779419
102	34	0.736067
102	39	0.828136
102	40	0.799749
102	44	0.799729
102	45	3.62415
102	46	3.27585
102	80	0.799106
102	85	0.799844
102	98	0.840135
102	108	0.731047
102	126	0.807146
102	147	0.737293
102	154	0.809729
102	159	0.803173
102	164	0.744696
102	166	0.740183
102	171	0.76271
102	172	0.711414
102	174	0.72237
102	177	0.72021
102	178	0.709203
102	180	0.702309
103	31	0.83388
103	57	0.673719
103	62	0.856281
103	79	0.890244
103	80	0.893788
103	85	0.894525
103	100	0.913766
103	110	0.916427
103	126	0.901828
103	128	0.883244
103	131	0.880127
103	134	0.840871
103	141	0.899405
103	148	1.64263
103	150	0.897633
103	151	0.886583
103	154	0.904411
103	155	0.891563
103	159	0.897854
103	163	0.768714
103	168	0.937619
103	169	3.20097
103	171	1.83534
103	174	3.12985
104	36	1.95809
104	49	1.20057
104	67	1.47843
104	72	0.923716
104	119	0.897534
104	122	0.955112
104	123	0.928342
104	142	0.889708
104	143	0.288845
104	148	0.888721
104	156	0.872562
104	158	0.868665
104	159	0.925834
104	162	0.896139
104	166	0.864375
104	170	0.845514
104	171	0.886902
104	172	0.835605
104	173	0.849036
104	174	0.846562
104	175	0.845632
104	176	0.872903
104	177	0.844401
104	178	0.833395
104	180	0.826501
105	31	0.823341
105	62	0.845742
105	67	0.908575
105	69	0.436361
105	83	0.87792
105	85	0.883985
105	86	0.884878
105	89	0.656708
105	93	0.87218
105	100	0.903226
105	118	0.927929
105	128	0.872704
105	137	0.861185
105	141	0.888865
105	143	0.9106
105	150	0.887093
105	151	0.876043
105	154	0.893871
105	155	0.881023
105	157	0.834365
105	159	0.887314
105	163	0.758174
105	170	3.53823
105	176	1.84924
105	180	3.76102
106	58	0.834084
106	67	0.889208
106	73	0.32512
106	80	0.863881
106	83	0.858553
106	93	0.852812
106	98	0.90491
106	100	0.883859
106	101	0.886939
106	110	0.88652
106	112	0.882729
106	118	0.908562
106	137	0.841818
106	141	0.869498
106	143	0.891233
106	145	2.67921
106	150	0.867726
106	151	0.856676
106	154	0.874504
106	155	0.861656
106	158	2.47496
106	159	0.867947
106	161	2.0745
106	168	0.907712
106	173	3.42045
107	2	1.09263
107	7	0.883259
107	8	0.959975
107	44	0.84537
107	46	0.899669
107	51	0.889221
107	52	0.964329
107	64	0.870084
107	70	0.869162
107	71	0.940865
107	77	0.918198
107	78	0.917479
107	101	1.65659
107	120	1.15303
107	134	0.855675
107	155	0.774019
107	162	0.881433
107	164	0.854182
107	168	0.952423
107	169	0.831573
107	175	0.830926
107	177	0.829696
107	178	0.818689
107	180	0.811795
108	49	3.72936
108	95	0.841392
108	102	0.731047
108	125	0.714004
108	130	0.844907
108	133	0.872336
108	136	0.708687
108	139	0.824199
108	145	0.766134
108	146	0.818139
108	155	2.90194
108	156	0.759296
108	158	0.7554
108	164	0.755622
108	166	0.751109
108	167	0.737446
108	169	0.733013
108	170	0.732248
108	173	0.735771
108	174	0.733296
108	175	0.732366
108	176	0.759637
108	177	0.731136
108	178	0.720129
108	180	0.713235
109	10	3.45104
109	16	4.04896
109	64	0.736508
109	70	0.735587
109	71	0.807289
109	75	0.829735
109	77	0.784623
109	78	0.783903
109	82	0.777933
109	92	0.755258
109	97	0.81969
109	98	0.816045
109	115	0.755564
109	119	0.749252
109	129	0.749626
109	155	0.772791
109	159	0.779083
109	160	0.809746
109	162	0.747858
109	168	0.818848
109	169	0.697997
109	174	0.698281
109	175	0.69735
109	177	0.69612
109	180	0.67822
110	37	0.388697
110	76	0.912986
110	80	0.90073
110	93	0.889662
110	97	0.945404
110	100	0.920709
110	103	0.916427
110	106	0.88652
110	112	0.919578
110	120	0.898965
110	126	0.90877
110	131	0.88707
110	135	2.15374
110	137	0.878667
110	141	0.906347
110	145	2.54004
110	149	1.50997
110	151	0.893525
110	154	0.911353
110	155	0.898505
110	157	0.851847
110	159	0.904797
110	160	0.93546
110	163	0.775657
110	168	0.944561
110	169	3.26987
110	176	2.2601
111	11	1.01072
111	31	2.12181
111	86	1.26103
111	112	0.546795
111	114	0.933288
111	118	0.579627
111	122	0.935062
111	123	0.908293
111	125	0.807221
111	133	0.965553
111	142	0.869659
111	144	0.817787
111	147	0.841436
111	149	0.886268
111	152	0.902256
111	156	0.852513
111	158	0.848616
111	159	0.888659
111	167	0.830662
111	169	0.826229
111	173	0.828987
111	174	0.826513
111	176	0.852854
111	177	0.824352
111	178	0.813346
111	180	0.806452
112	37	0.461496
112	49	0.887165
112	58	0.867142
112	62	0.859433
112	67	0.922267
112	97	0.941613
112	100	0.916918
112	101	0.919997
112	106	0.882729
112	110	0.919578
112	111	0.546795
112	120	0.895175
112	126	0.904979
112	128	0.886395
112	134	0.844022
112	137	0.874876
112	138	1.37974
112	143	0.924292
112	150	0.900785
112	151	0.889735
112	154	0.907562
112	155	0.894714
112	159	0.901006
112	162	1.90061
112	167	2.87817
112	168	0.940771
112	180	4.24468
113	8	0.983066
113	32	2.19617
113	41	0.963282
113	63	0.93662
113	68	0.915251
113	118	1.14025
113	121	0.861125
113	132	0.842697
113	139	0.920431
113	149	0.889284
113	152	0.905272
113	153	0.855388
113	154	1.30575
113	161	0.855156
113	162	0.879106
113	164	0.851855
113	166	0.847341
113	167	0.833678
113	169	0.829245
113	170	0.828481
113	172	0.818572
113	173	0.832003
113	174	0.829529
113	175	0.828598
113	176	0.855869
113	179	0.834285
113	180	0.809468
114	20	0.851595
114	32	1.97083
114	53	2.0507
114	87	0.912662
114	93	1.73211
114	111	0.933288
114	117	0.946809
114	121	0.862992
114	125	0.812104
114	132	0.844564
114	135	0.857362
114	142	0.874541
114	145	0.864233
114	148	0.873554
114	154	1.08041
114	158	0.853499
114	161	0.857022
114	163	0.783058
114	166	0.849208
114	167	0.835545
114	170	0.830347
114	172	0.820439
114	173	0.83387
114	175	0.830465
114	177	0.829235
114	178	0.818228
114	179	0.836152
114	180	0.811334
115	53	2.87186
115	57	0.880272
115	65	1.41769
115	84	0.796
115	109	0.755564
115	121	0.8135
115	123	0.863683
115	125	0.762611
115	129	0.833249
115	132	0.795072
115	133	0.920943
115	140	0.906881
115	143	1.40811
115	146	0.866746
115	152	0.857646
115	158	0.804006
115	164	0.804229
115	166	0.799716
115	167	0.786052
115	168	1.35624
115	169	0.781619
115	170	0.780855
115	172	0.770946
115	173	0.784377
115	174	0.781903
115	175	0.780973
115	176	0.808243
115	177	0.779742
115	180	0.761842
116	4	2.59025
116	24	0.932485
116	29	1.00759
116	36	1.97464
116	48	0.945396
116	69	0.948032
116	99	0.986713
116	100	1.14471
116	117	0.968592
116	122	0.961728
116	132	0.866347
116	138	0.925082
116	144	0.844452
116	148	0.895338
116	161	0.878805
116	163	0.804841
116	164	0.875505
116	166	0.870991
116	167	0.857328
116	168	0.253527
116	169	0.852895
116	170	0.852131
116	172	0.842222
116	175	0.852248
116	176	0.879519
116	177	0.851018
116	178	0.840012
116	179	0.857935
116	180	0.833118
117	4	2.49271
117	22	0.818481
117	72	0.917187
117	76	0.768191
117	78	1.45469
117	99	0.973568
117	114	0.946809
117	116	0.968592
117	119	0.891005
117	122	0.948583
117	125	0.820741
117	132	0.853202
117	139	0.930936
117	141	0.805719
117	149	0.899788
117	151	0.869946
117	152	0.915776
117	156	0.866033
117	161	0.86566
117	162	0.88961
117	166	0.857846
117	167	0.844183
117	170	0.838985
117	173	0.842508
117	174	0.840033
117	175	0.839103
117	176	0.866374
117	177	0.837873
117	180	0.819972
118	22	0.978889
118	23	0.876229
118	30	0.869739
118	38	0.875355
118	45	0.932834
118	55	0.914714
118	60	0.899319
118	65	0.952857
118	66	0.952649
118	105	0.927929
118	106	0.908562
118	111	0.579627
118	113	1.14025
118	120	0.921008
118	145	2.64568
118	148	1.81716
118	150	0.926618
118	151	0.915568
118	155	0.920548
118	159	0.926839
118	160	0.957502
118	162	1.93344
118	163	0.797699
118	165	0.871954
118	167	2.911
118	179	0.850794
119	16	1.58159
119	62	2.09905
119	79	2.86166
119	87	0.856858
119	104	0.897534
119	109	0.749252
119	117	0.891005
119	121	0.807188
119	127	0.867892
119	138	0.847495
119	142	0.818737
119	147	0.790514
119	149	0.835347
119	152	0.851334
119	156	0.801591
119	158	0.797695
119	160	1.64276
119	162	0.825168
119	164	0.797917
119	167	0.779741
119	169	0.775308
119	170	0.774543
119	172	0.764635
119	173	0.778066
119	174	0.775592
119	175	0.774661
119	176	0.801932
119	177	0.773431
119	178	0.762424
119	180	0.75553
120	13	0.843118
120	31	0.816419
120	67	0.901653
120	72	0.824063
120	76	0.888582
120	83	0.870999
120	85	0.877064
120	86	0.877957
120	87	1.58699
120	100	0.896305
120	107	1.15303
120	110	0.898965
120	112	0.895175
120	118	0.921008
120	128	0.865782
120	131	0.862666
120	137	0.854263
120	141	0.881943
120	142	2.16654
120	143	0.903679
120	151	0.869121
120	154	0.886949
120	155	0.874101
120	156	2.70656
120	157	0.827443
120	159	0.880393
120	160	0.911056
120	163	0.751253
120	167	3.04637
120	168	0.920158
121	60	2.32668
121	64	3.44721
121	84	0.770314
121	92	0.813194
121	113	0.861125
121	114	0.862992
121	115	0.8135
121	119	0.807188
121	128	2.15976
121	136	0.731608
121	146	0.84106
121	148	0.798376
121	153	0.782076
121	157	0.784069
121	158	0.77832
121	161	0.781843
121	162	0.805794
121	163	0.707879
121	166	0.774029
121	169	0.755933
121	170	0.755169
121	172	0.74526
121	173	0.758691
121	174	0.756217
121	175	0.755286
121	176	0.782557
121	177	0.754056
121	178	0.74305
121	180	0.736156
122	27	1.1293
122	29	1.44937
122	79	1.67184
122	81	1.18511
122	95	0.941265
122	104	0.955112
122	111	0.935062
122	116	0.961728
122	117	0.948583
122	125	0.813877
122	130	0.94478
122	139	0.924072
122	140	0.958148
122	143	0.747171
122	144	0.824443
122	147	0.848092
122	154	1.24063
122	161	0.858796
122	164	0.855495
122	166	0.850982
122	167	0.837319
122	171	0.87351
122	172	0.822213
122	173	0.835644
122	174	0.833169
122	175	0.832239
122	176	0.85951
122	177	0.831009
122	178	0.820002
122	180	0.813108
123	58	1.62478
123	61	0.858398
123	80	1.49619
123	104	0.928342
123	111	0.908293
123	115	0.863683
123	127	0.898701
123	129	0.857746
123	135	0.832367
123	142	0.849546
123	143	1.25469
123	147	0.821323
123	152	0.882143
123	156	0.8324
123	160	0.960473
123	161	0.832027
123	164	0.828726
123	165	0.832317
123	166	0.824213
123	167	0.810549
123	168	1.20283
123	170	0.805352
123	171	0.84674
123	172	0.795443
123	173	0.808874
123	174	0.8064
123	175	0.80547
123	176	0.832741
123	177	0.804239
123	180	0.786339
124	12	0.830812
124	24	0.882949
124	38	1.57991
124	57	0.902012
124	69	0.898497
124	87	0.884909
124	95	0.911738
124	125	0.784351
124	129	0.854989
124	131	1.3897
124	132	0.816812
124	138	0.875546
124	140	0.928621
124	145	0.83648
124	148	0.845802
124	153	0.829502
124	154	1.44893
124	160	0.661251
124	162	0.85322
124	164	0.825969
124	167	0.807793
124	168	0.903603
124	169	0.80336
124	172	0.792686
124	173	0.806117
124	174	0.803643
124	176	0.829984
124	177	0.801482
124	178	0.790476
124	180	0.783582
125	8	4.16464
125	24	0.784634
125	63	0.812419
125	80	4.23536
125	108	0.714004
125	111	0.807221
125	114	0.812104
125	115	0.762611
125	117	0.820741
125	122	0.813877
125	124	0.784351
125	129	0.756674
125	130	0.816939
125	139	0.79623
125	152	0.781071
125	156	0.731328
125	161	0.730955
125	162	0.754905
125	166	0.723141
125	170	0.70428
125	171	0.745668
125	172	0.694371
125	173	0.707802
125	174	0.705328
125	175	0.704398
125	176	0.731669
125	178	0.692161
125	180	0.685267
126	31	0.826224
126	49	0.876357
126	67	0.911458
126	74	1.86209
126	79	0.882587
126	83	0.880804
126	85	0.886869
126	95	0.832506
126	100	0.90611
126	101	0.909189
126	102	0.807146
126	103	0.901828
126	110	0.90877
126	112	0.904979
126	127	1.11934
126	128	0.875587
126	131	0.872471
126	134	0.833214
126	137	0.864068
126	141	0.891748
126	150	0.889977
126	151	0.878926
126	154	0.896754
126	155	0.883906
126	156	2.44006
126	159	0.890198
126	163	0.761058
126	165	0.835313
126	166	2.3625
126	180	4.14638
127	23	2.73008
127	29	0.926025
127	35	0.925714
127	40	0.939285
127	43	0.894448
127	48	0.891129
127	50	0.876858
127	53	0.888006
127	54	0.875549
127	56	0.887062
127	59	1.4259
127	60	0.870203
127	65	0.92374
127	66	0.923533
127	119	0.867892
127	123	0.898701
127	126	1.11934
127	131	0.71516
127	151	0.943022
127	152	0.892664
127	157	0.844773
127	160	0.928386
127	163	0.768583
127	166	0.834734
127	171	0.857261
127	175	0.815991
127	176	0.843261
127	177	0.81476
127	178	0.803754
127	179	0.821678
127	180	0.79686
128	13	0.834339
128	67	0.892874
128	76	0.879803
128	84	0.804909
128	85	0.868285
128	86	0.869178
128	97	0.912221
128	98	0.908576
128	99	0.404255
128	101	0.890605
128	103	0.883244
128	105	0.872704
128	112	0.886395
128	120	0.865782
128	121	2.15976
128	126	0.875587
128	131	0.853887
128	138	1.54374
128	139	1.28092
128	141	0.873164
128	143	0.894899
128	150	0.871393
128	151	0.860342
128	154	0.87817
128	155	0.865322
128	156	2.70237
128	157	0.818664
128	159	0.871614
128	160	0.902277
128	163	0.742474
128	180	4.40868
129	30	2.54704
129	73	0.931361
129	74	0.807645
129	91	0.736419
129	109	0.749626
129	115	0.833249
129	123	0.857746
129	124	0.854989
129	125	0.756674
129	131	1.6072
129	132	0.789134
129	133	0.915005
129	136	0.751357
129	141	1.77084
129	144	0.767239
129	146	0.860808
129	148	0.818125
129	149	0.835721
129	153	0.801825
129	156	0.801965
129	162	0.825543
129	167	0.780115
129	168	1.12111
129	169	0.775682
129	170	0.774918
129	175	0.775035
129	176	0.802306
129	177	0.773805
129	178	0.762799
129	179	0.780722
129	180	0.755905
130	17	1.86093
130	47	2.01642
130	51	2.54687
130	61	0.888229
130	77	0.93248
130	85	0.967885
130	99	0.969765
130	100	1.27541
130	108	0.844907
130	122	0.94478
130	125	0.816939
130	136	0.811622
130	142	0.879376
130	147	0.851153
130	148	0.87839
130	152	0.911973
130	153	0.86209
130	158	0.858334
130	161	0.861857
130	162	0.885807
130	164	0.858556
130	167	0.84038
130	169	0.835947
130	170	0.835182
130	171	0.876571
130	172	0.825274
130	173	0.838705
130	174	0.836231
130	176	0.862571
130	177	0.83407
130	178	0.823063
130	180	0.816169
131	13	0.831223
131	24	1.42833
131	79	0.860887
131	80	0.864431
131	83	0.859103
131	84	0.801792
131	86	0.866061
131	93	0.853362
131	97	0.909104
131	98	0.90546
131	99	0.379354
131	101	0.887489
131	103	0.880127
131	110	0.88707
131	120	0.862666
131	124	1.3897
131	126	0.872471
131	127	0.71516
131	128	0.853887
131	129	1.6072
131	134	0.811514
131	136	4.79403
131	137	0.842368
131	141	0.870048
131	143	0.891783
131	150	0.868276
131	151	0.857226
131	154	0.875054
131	155	0.862206
131	157	0.815548
131	159	0.868497
131	165	0.813612
132	86	2.72438
132	87	0.819055
132	88	0.86763
132	113	0.842697
132	114	0.844564
132	115	0.795072
132	116	0.866347
132	117	0.853202
132	124	0.816812
132	129	0.789134
132	136	0.71318
132	142	0.780934
132	150	2.55532
132	153	0.763648
132	156	0.763788
132	158	0.759892
132	160	2.02678
132	161	0.763415
132	162	0.787366
132	166	0.755601
132	167	0.741938
132	169	0.737505
132	170	0.736741
132	173	0.740263
132	174	0.737789
132	175	0.736858
132	176	0.764129
132	177	0.735628
132	178	0.724622
132	180	0.717728
133	3	1.36542
133	47	1.49074
133	51	2.02118
133	108	0.872336
133	111	0.965553
133	115	0.920943
133	129	0.915005
133	136	0.839051
133	139	0.954562
133	141	0.508275
133	146	0.948503
133	147	0.878582
133	151	0.572502
133	152	0.939403
133	153	0.889519
133	154	0.403869
133	156	0.889659
133	159	0.547403
133	161	0.889287
133	162	0.913237
133	164	0.885986
133	167	0.867809
133	169	0.863376
133	170	0.862612
133	172	0.852703
133	173	0.866134
133	174	0.86366
133	175	0.862729
133	176	0.89
133	177	0.861499
133	178	0.850493
133	179	0.868416
133	180	0.843599
134	2	2.12807
134	6	0.78774
134	7	0.799841
134	19	0.766728
134	25	2.19994
134	31	0.765267
134	32	0.835195
134	35	2.63765
134	50	2.63435
134	51	0.805803
134	52	0.880911
134	87	0.829704
134	103	0.840871
134	107	0.855675
134	112	0.844022
134	126	0.833214
134	131	0.811514
134	143	0.852526
134	144	0.739712
134	149	0.808193
134	154	0.835797
134	159	0.829241
134	161	0.774065
134	165	0.774356
