1	14	0.758036
1	24	0.819623
1	52	1.68967
1	71	0.807629
1	77	0.7922
1	89	0.772073
1	92	0.815043
1	99	0.796959
1	112	0.823678
1	150	1.53259
1	165	0.81476
1	168	1.59293
2	32	1.65278
2	95	1.09719
2	105	0.955289
2	154	1.07655
2	157	0.891942
2	168	0.905462
2	171	0.898047
2	173	0.912014
2	174	0.889503
2	176	0.905539
2	178	0.905674
2	179	0.891819
3	62	1.20967
3	121	1.13503
3	143	1.1765
3	165	1.25861
3	166	0.888699
3	167	0.888347
3	171	0.903382
3	174	0.894837
3	175	0.905162
3	177	0.911411
3	178	0.911008
3	179	0.897154
4	77	0.780739
4	99	0.785498
4	112	0.812217
4	118	0.825898
4	125	0.805506
4	152	0.795216
4	158	0.799253
4	159	0.792376
4	160	1.5516
4	165	0.803299
4	170	1.6077
4	175	1.65584
5	19	1.10308
5	71	1.36324
5	94	1.18029
5	119	1.13285
5	160	0.885122
5	168	0.907207
5	169	0.900112
5	173	0.913758
5	174	0.891247
5	175	0.901571
5	178	0.907418
5	179	0.893564
6	31	1.39307
6	136	0.812729
6	137	0.788329
6	139	0.797941
6	146	0.79892
6	147	0.789725
6	150	1.60969
6	151	0.777147
6	152	0.811338
6	155	1.81228
6	158	0.815375
6	159	0.808497
7	136	0.914532
7	137	0.890132
7	143	0.896656
7	146	0.900724
7	147	0.891528
7	148	1.31482
7	150	1.12812
7	151	0.87895
7	158	0.917178
7	159	0.910301
7	168	1.18846
7	176	1.18889
8	86	0.913987
8	90	0.887875
8	98	0.879769
8	105	0.920885
8	116	1.28589
8	118	0.930479
8	123	0.903693
8	140	1.47435
8	153	1.12256
8	155	0.855432
8	165	0.90788
8	180	0.937508
9	13	1.67614
9	22	0.76749
9	23	0.76749
9	32	0.808621
9	58	0.849644
9	72	0.821282
9	76	0.782105
9	83	0.766963
9	100	1.72889
9	155	0.768169
9	178	1.41029
9	180	0.868237
10	27	0.71971
10	54	0.81783
10	65	0.884731
10	74	0.769952
10	102	0.775846
10	110	1.57279
10	157	1.6441
10	163	0.767794
10	164	0.799542
10	165	0.808488
10	171	1.5983
10	180	0.856107
11	101	1.60848
11	139	1.59766
11	145	1.57853
11	157	0.793411
11	167	0.784481
11	169	0.799837
11	171	0.799516
11	173	0.813483
11	175	0.801296
11	177	0.807545
11	178	0.807143
11	179	0.793288
12	132	0.90689
12	137	0.885898
12	139	0.89551
12	144	1.38982
12	146	0.89649
12	147	0.887294
12	152	0.908907
12	158	0.912944
12	159	0.906067
12	162	1.17903
12	168	1.09222
12	179	1.15919
13	9	1.67614
13	88	1.47289
13	159	1.64071
13	162	0.813893
13	169	0.799756
13	170	0.792044
13	172	0.794601
13	174	0.790891
13	175	0.801215
13	176	0.806928
13	177	0.807465
13	179	0.793208
14	1	0.758036
14	53	0.774694
14	57	0.828324
14	71	0.80989
14	77	0.794461
14	89	0.774333
14	92	0.817304
14	112	0.825938
14	144	1.7913
14	165	0.817021
14	169	1.52987
14	176	1.49413
15	54	0.916924
15	59	0.910779
15	74	0.869047
15	102	0.87494
15	126	1.09586
15	138	1.08722
15	140	1.47107
15	163	0.866888
15	164	0.898637
15	165	0.907582
15	179	1.16622
15	180	0.955202
16	24	0.912864
16	57	0.919305
16	68	1.21034
16	71	0.90087
16	77	0.885441
16	91	1.29846
16	92	0.908284
16	99	0.8902
16	112	0.916919
16	126	1.14816
16	131	0.866115
16	171	1.16343
17	61	0.889243
17	87	0.981636
17	94	0.888704
17	97	0.866974
17	111	0.895287
17	113	0.894569
17	121	0.891793
17	124	0.891793
17	155	1.31786
17	163	1.32431
17	178	1.16733
17	180	1.01058
18	44	1.49499
18	145	1.76165
18	147	1.92794
18	156	0.756518
18	160	0.766246
18	162	0.795373
18	166	0.766233
18	168	0.78833
18	173	0.794882
18	174	0.772371
18	175	0.782695
18	176	0.788408
18	177	0.788945
19	5	1.10308
19	35	1.28393
19	51	0.914272
19	82	0.893787
19	100	1.47693
19	108	0.884859
19	127	0.853895
19	142	0.865852
19	144	0.797189
19	145	0.880294
19	148	0.83152
19	154	0.878332
19	156	1.35149
20	136	0.881227
20	137	0.856827
20	139	0.866439
20	143	0.863351
20	144	1.58166
20	146	0.867419
20	147	0.858223
20	150	1.22372
20	151	0.845645
20	158	0.883873
20	159	0.876996
20	171	1.29594
20	180	1.11904
21	44	1.06822
21	82	1.32448
21	124	1.28559
21	147	1.50117
21	162	0.880881
21	167	0.851389
21	170	0.859032
21	174	0.857879
21	175	0.868204
21	176	0.873916
21	177	0.874453
21	178	0.87405
21	179	0.860196
22	9	0.76749
22	23	0.76749
22	32	0.808621
22	58	0.849644
22	72	0.821282
22	76	0.782105
22	83	0.766963
22	141	1.46892
22	155	0.768169
22	170	1.70922
22	173	1.63722
22	180	0.868237
23	9	0.76749
23	22	0.76749
23	32	0.808621
23	58	0.849644
23	72	0.821282
23	76	0.782105
23	83	0.766963
23	144	1.7839
23	155	0.768169
23	178	1.47803
23	179	1.55327
23	180	0.868237
24	1	0.819623
24	16	0.912864
24	53	0.836281
24	55	0.889479
24	89	0.835921
24	92	0.878891
24	99	0.860807
24	112	0.887526
24	138	1.22287
24	156	1.41979
24	165	0.878608
24	170	1.28152
24	177	1.29627
25	114	1.22762
25	125	1.2571
25	154	1.3605
25	165	1.33459
25	167	0.85367
25	169	0.869025
25	170	0.861313
25	172	0.86387
25	173	0.882671
25	174	0.86016
25	175	0.870484
25	178	0.876331
25	179	0.862477
26	31	0.975071
26	120	0.846493
26	137	0.859494
26	140	1.62385
26	143	0.866019
26	146	0.870086
26	147	0.86089
26	151	0.848312
26	152	0.882503
26	158	0.88654
26	159	0.879663
26	172	1.36913
26	176	1.25245
27	10	0.71971
27	45	0.632188
27	54	0.794309
27	59	0.788164
27	65	0.86121
27	74	0.746432
27	102	0.752325
27	155	2.36302
27	160	2.21129
27	163	0.744273
27	164	0.776022
27	165	0.784967
27	180	0.832587
28	39	0.816076
28	69	1.37044
28	78	0.818065
28	115	0.845514
28	117	0.83326
28	130	0.835843
28	131	0.816323
28	133	0.857564
28	142	0.850144
28	145	0.864586
28	149	1.54445
28	154	0.862624
28	161	1.32597
28	175	1.37962
29	53	0.807786
29	55	0.860984
29	57	0.861417
29	71	0.842982
29	77	0.827553
29	89	0.807426
29	92	0.850396
29	99	0.832312
29	112	0.859031
29	162	1.4157
29	163	1.47761
29	165	0.850113
29	173	1.30351
29	175	1.42365
30	43	0.953454
30	56	0.823878
30	87	0.90901
30	93	1.32084
30	94	0.816077
30	96	0.820299
30	97	0.794348
30	111	0.822661
30	113	0.821942
30	121	0.819166
30	122	1.37825
30	124	0.819166
30	148	1.47652
30	175	1.44492
31	6	1.39307
31	26	0.975071
31	71	1.1498
31	90	0.926035
31	112	1.04664
31	123	0.941853
31	125	0.948247
31	132	1.02003
31	133	0.945394
31	140	0.874074
31	145	0.952416
31	172	0.934454
31	174	0.930745
31	176	0.946781
32	2	1.65278
32	9	0.808621
32	22	0.808621
32	23	0.808621
32	58	0.890774
32	72	0.862413
32	76	0.823236
32	83	0.808093
32	122	0.870954
32	153	1.98864
32	155	0.8093
32	165	0.000656724
32	168	1.96861
32	180	0.909368
33	107	0.943351
33	115	0.924828
33	117	0.912574
33	119	0.963025
33	122	1.08572
33	130	0.915157
33	138	0.925767
33	142	0.929458
33	145	0.943901
33	153	1.07767
33	154	0.941939
33	167	1.20293
33	174	1.13445
33	179	1.12461
34	93	1.3736
34	132	0.850176
34	137	0.829184
34	139	0.838796
34	143	0.835709
34	146	0.839776
34	147	0.83058
34	148	1.52928
34	151	0.818002
34	152	0.852193
34	158	0.85623
34	159	0.849353
34	174	1.47973
34	180	1.2379
35	19	1.28393
35	66	1.35755
35	96	1.43346
35	154	1.50971
35	160	0.826076
35	161	0.835233
35	169	0.841066
35	170	0.833353
35	172	0.83591
35	173	0.854711
35	175	0.842525
35	176	0.848237
35	178	0.848371
35	179	0.834517
36	76	0.910321
36	83	0.895178
36	108	1.06049
36	121	1.08957
36	125	1.13566
36	133	1.07588
36	151	0.906559
36	152	0.94075
36	159	0.93791
36	165	1.21315
36	166	0.9274
36	176	0.949575
36	179	0.935855
36	180	0.996453
37	120	0.817483
37	127	1.46395
37	128	1.41261
37	132	0.851477
37	139	0.840096
37	143	0.837009
37	146	0.841076
37	147	0.83188
37	151	0.819302
37	152	0.853493
37	155	1.52545
37	158	0.85753
37	159	0.850653
37	180	1.21817
38	129	0.847241
38	132	0.84817
38	139	0.83679
38	143	0.833702
38	146	0.83777
38	147	0.828574
38	149	1.5829
38	150	1.26298
38	151	0.815996
38	152	0.850187
38	158	0.854224
38	159	0.847347
38	161	1.36442
38	162	1.41012
39	28	0.816076
39	40	0.874396
39	64	1.82666
39	107	0.837438
39	117	0.80666
39	130	0.809244
39	133	0.830965
39	138	0.819853
39	142	0.823544
39	144	0.754882
39	154	0.836025
39	161	1.4683
39	163	0.790917
39	169	1.46335
39	180	1.26217
40	39	0.874396
40	79	0.857605
40	103	0.88463
40	107	0.922356
40	115	0.903834
40	117	0.891579
40	119	0.942031
40	130	0.894163
40	142	0.908463
40	154	0.920944
40	167	1.2691
40	169	1.15997
40	170	1.17042
40	172	1.24091
40	177	1.18517
41	82	1.15979
41	104	1.27103
41	123	1.16632
41	150	0.908161
41	158	1.22446
41	164	1.15272
41	168	0.905058
41	169	0.897963
41	172	0.892808
41	174	0.889098
41	175	0.899422
41	176	0.905135
41	177	0.905672
41	178	0.905269
41	179	0.891415
42	76	0.917479
42	83	0.902337
42	102	0.923349
42	108	0.966933
42	115	0.943296
42	116	1.23214
42	131	0.914105
42	148	0.913593
42	163	0.915298
42	169	1.08494
42	175	1.14353
42	176	1.0492
42	179	1.11575
42	180	1.00361
43	30	0.953454
43	47	0.860549
43	64	1.26511
43	79	0.947452
43	81	1.04293
43	121	1.00472
43	124	1.00472
43	133	1.00573
43	145	1.01275
43	154	1.01079
43	162	0.952447
43	165	1.00638
43	172	0.982746
43	177	0.927011
43	180	1.054
44	18	1.49499
44	21	1.06822
44	45	0.855212
44	86	0.920068
44	90	0.893956
44	98	0.88585
44	105	0.926966
44	118	0.936559
44	123	0.909773
44	125	0.916168
44	127	0.893937
44	149	1.27665
44	155	0.861512
44	170	1.06368
44	175	1.11182
45	27	0.632188
45	44	0.855212
45	62	0.82715
45	86	0.821104
45	90	0.794992
45	98	0.786886
45	105	0.828002
45	118	0.837595
45	123	0.810809
45	125	0.817204
45	157	1.81249
45	164	0.806051
45	165	0.814996
45	166	1.82377
45	178	1.74653
46	85	1.4055
46	107	1.49372
46	115	1.56387
46	119	1.51651
46	156	0.792192
46	160	0.80192
46	166	0.801907
46	168	0.824005
46	172	0.811755
46	173	0.830556
46	174	0.808045
46	176	0.824082
46	178	0.824216
46	179	0.810362
46	180	0.87096
47	43	0.860549
47	57	1.25753
47	102	1.34821
47	105	1.26603
47	152	1.24725
47	160	0.889118
47	161	0.898276
47	166	0.889105
47	169	0.904109
47	170	0.896396
47	171	0.903788
47	172	0.898953
47	176	0.91128
47	178	0.911414
47	179	0.89756
48	56	0.83302
48	61	0.825758
48	94	0.825219
48	96	0.829441
48	97	0.80349
48	104	0.805571
48	111	0.831803
48	113	0.831084
48	121	0.828308
48	124	0.828308
48	140	0.757998
48	160	1.50089
48	169	1.54653
48	172	1.62747
48	180	1.34535
49	127	1.19882
49	136	0.913243
49	137	0.888844
49	139	0.898455
49	143	0.895368
49	146	0.899435
49	147	0.890239
49	148	1.24443
49	151	0.877662
49	152	0.911852
49	158	0.915889
49	159	0.909012
49	162	1.20487
49	170	1.16468
49	175	1.21282
50	95	1.54267
50	131	1.52716
50	143	1.414
50	149	0.773587
50	162	0.833577
50	165	1.49612
50	169	0.81944
50	170	0.811728
50	172	0.814285
50	173	0.833086
50	175	0.820899
50	176	0.826612
50	177	0.827149
50	178	0.826746
50	179	0.812892
51	19	0.914272
51	78	0.873954
51	80	1.37096
51	106	1.1313
51	107	0.919926
51	117	0.889149
51	133	0.913453
51	145	0.920475
51	148	0.8717
51	154	0.918513
51	163	0.873405
51	164	0.905153
51	172	1.22366
51	175	1.20132
51	178	1.09828
52	1	1.68967
52	131	1.49425
52	136	1.33291
52	137	1.4678
52	162	0.82962
52	167	0.800128
52	168	0.822578
52	169	0.815483
52	171	0.815163
52	172	0.810328
52	173	0.829129
52	176	0.822655
52	177	0.823192
52	178	0.822789
52	179	0.808935
53	14	0.774694
53	24	0.836281
53	29	0.807786
53	55	0.842289
53	71	0.824287
53	77	0.808858
53	89	0.788731
53	92	0.831701
53	99	0.813617
53	112	0.840336
53	126	1.4134
53	149	1.67638
53	153	1.43683
53	165	0.831418
53	174	1.49361
54	10	0.81783
54	15	0.916924
54	27	0.794309
54	59	0.886284
54	65	0.95933
54	74	0.844551
54	102	0.850445
54	109	1.75632
54	135	1.61074
54	138	1.6197
54	141	1.43805
54	142	0.000841432
54	163	0.842393
54	164	0.874141
54	165	0.883087
54	180	0.930706
55	24	0.889479
55	29	0.860984
55	53	0.842289
55	57	0.895919
55	71	0.877484
55	77	0.862056
55	89	0.841928
55	92	0.884898
55	99	0.866815
55	110	1.22583
55	112	0.893533
55	138	1.22742
55	163	1.38816
55	165	0.884615
55	166	1.30842
55	169	1.27562
56	30	0.823878
56	48	0.83302
56	61	0.872595
56	87	0.964989
56	94	0.872057
56	96	0.876278
56	97	0.850327
56	111	0.87864
56	113	0.877922
56	116	1.35787
56	121	0.875146
56	124	0.875146
56	156	1.3594
56	170	1.22113
56	174	1.25132
56	177	1.23588
57	14	0.828324
57	16	0.919305
57	29	0.861417
57	47	1.25753
57	55	0.895919
57	63	1.20993
57	71	0.877918
57	89	0.842361
57	92	0.885332
57	99	0.867248
57	112	0.893966
57	131	0.843162
57	165	0.885049
57	169	1.29879
57	171	1.27451
57	172	1.37973
58	9	0.849644
58	22	0.849644
58	23	0.849644
58	32	0.890774
58	72	0.903436
58	76	0.864259
58	83	0.849116
58	104	0.878379
58	109	0.86439
58	126	1.20028
58	155	0.850323
58	156	1.38856
58	163	1.35238
58	168	1.20367
58	174	1.28049
58	180	0.950391
59	15	0.910779
59	27	0.788164
59	54	0.886284
59	65	0.953185
59	74	0.838407
59	102	0.8443
59	114	0.873132
59	127	1.32563
59	163	0.836248
59	164	0.867997
59	165	0.876942
59	167	1.39016
59	168	1.24487
59	173	1.21948
59	176	1.24529
59	180	0.924562
60	111	1.25897
60	112	1.2733
60	118	1.17454
60	151	1.32557
60	154	1.34209
60	156	0.848954
60	168	0.880767
60	170	0.86596
60	171	0.873351
60	172	0.868517
60	173	0.887318
60	174	0.864807
60	176	0.880844
60	177	0.881381
60	178	0.880978
60	179	0.867124
61	17	0.889243
61	48	0.825758
61	56	0.872595
61	87	0.957727
61	94	0.864794
61	96	0.869016
61	97	0.843065
61	106	1.31681
61	111	0.871378
61	113	0.870659
61	121	0.867883
61	124	0.867883
61	138	1.28004
61	172	1.40917
61	176	1.29249
61	180	1.12705
62	3	1.20967
62	45	0.82715
62	69	1.40311
62	86	0.892006
62	90	0.865894
62	98	0.857788
62	105	0.898904
62	114	0.882089
62	123	0.881712
62	125	0.888106
62	135	1.29654
62	148	0.8435
62	161	1.35864
62	164	0.876953
62	165	0.885899
62	180	1.15252
63	57	1.20993
63	86	1.21564
63	120	1.35024
63	146	1.28055
63	151	1.32317
63	156	0.854117
63	160	0.863846
63	167	0.86348
63	170	0.871123
63	171	0.878515
63	172	0.87368
63	174	0.869971
63	175	0.880295
63	177	0.886544
63	178	0.886142
63	179	0.872287
64	39	1.82666
64	43	1.26511
64	129	1.61481
64	145	1.68319
64	153	0.796654
64	157	0.792298
64	168	0.805818
64	169	0.798723
64	172	0.793568
64	173	0.812369
64	174	0.789858
64	175	0.800182
64	176	0.805895
64	177	0.806432
64	178	0.806029
64	179	0.792175
65	10	0.884731
65	27	0.86121
65	54	0.95933
65	59	0.953185
65	74	0.911452
65	101	0.914815
65	102	0.917346
65	106	1.09105
65	157	1.12399
65	161	1.10741
65	163	0.909294
65	164	0.941042
65	165	0.949988
65	166	1.13527
65	167	1.21161
65	175	1.16107
65	180	0.997607
66	35	1.35755
66	67	1.28741
66	120	0.826247
66	129	0.859311
66	132	0.86024
66	136	0.863647
66	137	0.839248
66	139	0.84886
66	143	0.845772
66	147	0.840643
66	149	1.4998
66	151	0.828066
66	152	0.862256
66	158	0.866294
66	159	0.859416
66	163	1.38893
66	170	1.28684
67	66	1.28741
67	113	1.38983
67	131	1.4447
67	132	1.34418
67	157	0.844374
67	164	1.31345
67	166	0.835796
67	167	0.835444
67	168	0.857894
67	169	0.850799
67	171	0.850479
67	173	0.864445
67	174	0.841934
67	176	0.857971
67	177	0.858508
67	178	0.858105
67	179	0.844251
68	16	1.21034
68	97	1.39716
68	114	1.3183
68	130	1.41182
68	159	1.44194
68	161	0.845945
68	166	0.836774
68	167	0.836422
68	168	0.858872
68	169	0.851777
68	171	0.851456
68	172	0.846622
68	173	0.865423
68	174	0.842912
68	177	0.859486
68	178	0.859083
68	179	0.845229
69	28	1.37044
69	62	1.40311
69	129	1.30092
69	136	1.32175
69	139	1.38843
69	149	0.810938
69	160	0.841801
69	161	0.850959
69	166	0.841788
69	167	0.841436
69	170	0.849079
69	171	0.856471
69	173	0.870437
69	175	0.858251
69	177	0.8645
69	178	0.864097
69	179	0.850243
70	91	1.28654
70	110	1.126
70	129	0.935295
70	132	0.936224
70	136	0.939631
70	137	0.915232
70	139	0.924844
70	141	0.945946
70	143	0.921756
70	146	0.925823
70	147	0.916627
70	151	0.90405
70	152	0.93824
70	158	0.942278
70	168	1.13963
70	177	1.201
70	178	1.13135
71	1	0.807629
71	5	1.36324
71	14	0.80989
71	16	0.90087
71	29	0.842982
71	31	1.1498
71	53	0.824287
71	55	0.877484
71	57	0.877918
71	77	0.844054
71	89	0.823927
71	99	0.848813
71	112	0.875532
71	141	1.23308
71	163	1.57547
71	165	0.866614
71	179	1.49374
72	9	0.821282
72	22	0.821282
72	23	0.821282
72	32	0.862413
72	58	0.903436
72	76	0.835897
72	83	0.820755
72	104	0.850017
72	109	0.836029
72	122	0.883616
72	126	1.35044
72	138	1.3418
72	155	0.821962
72	160	1.34435
72	166	1.4228
72	171	1.36572
72	180	0.922029
73	91	1.25623
73	120	0.875364
73	129	0.908428
73	132	0.909357
73	136	0.912765
73	139	0.897977
73	143	0.894889
73	146	0.898957
73	147	0.889761
73	151	0.877183
73	152	0.911374
73	153	1.12936
73	158	0.915411
73	159	0.908534
73	163	1.25804
73	167	1.25462
73	170	1.15594
73	179	1.1763
74	10	0.769952
74	15	0.869047
74	27	0.746432
74	54	0.844551
74	59	0.838407
74	65	0.911452
74	84	0.847374
74	91	1.54008
74	102	0.802567
74	114	0.831399
74	126	1.38978
74	163	0.794516
74	164	0.826264
74	165	0.835209
74	166	1.46214
74	170	1.43979
74	176	1.3936
74	180	0.882829
75	120	0.807028
75	129	0.840092
75	132	0.841021
75	136	0.844429
75	137	0.820029
75	139	0.829641
75	143	0.826554
75	146	0.830621
75	147	0.821425
75	151	0.808847
75	152	0.843038
75	153	1.41791
75	155	1.54013
75	158	0.847075
75	159	0.840198
75	168	1.39788
75	171	1.40976
75	177	1.45925
76	9	0.782105
76	22	0.782105
76	23	0.782105
76	32	0.823236
76	36	0.910321
76	42	0.917479
76	58	0.864259
76	72	0.835897
76	83	0.781578
76	104	0.81084
76	122	0.844439
76	138	1.73179
76	155	0.782785
76	159	3.10484e-05
76	163	1.89253
76	170	1.79044
76	179	1.8108
76	180	0.882852
77	1	0.7922
77	4	0.780739
77	14	0.794461
77	16	0.885441
77	29	0.827553
77	53	0.808858
77	55	0.862056
77	71	0.844054
77	89	0.808498
77	92	0.851468
77	99	0.833384
77	112	0.860103
77	148	1.56138
77	165	0.851185
77	171	1.4469
77	174	1.51183
77	176	1.43545
77	180	1.27
78	28	0.818065
78	51	0.873954
78	81	1.59656
78	82	0.853468
78	88	0.860673
78	108	0.844541
78	115	0.820904
78	119	0.859101
78	128	1.44869
78	130	0.811233
78	134	1.50669
78	140	0.761633
78	142	0.825533
78	145	0.839976
78	154	0.838014
78	163	0.792906
78	168	1.41928
78	180	1.25426
79	40	0.857605
79	43	0.947452
79	82	0.834689
79	88	0.841894
79	103	0.782921
79	108	0.825761
79	115	0.802124
79	119	0.840321
79	133	0.814174
79	142	0.806754
79	145	0.821196
79	154	0.819234
79	157	1.44366
79	161	1.42708
79	164	0.805875
79	167	1.53127
79	173	1.36059
79	174	1.46279
80	51	1.37096
80	85	1.34977
80	87	1.2714
80	154	1.65679
80	160	0.81646
80	162	0.845587
80	164	1.53067
80	166	0.816447
80	167	0.816095
80	168	0.838545
80	169	0.83145
80	172	0.826295
80	173	0.845096
80	174	0.822585
80	176	0.838622
80	177	0.839159
80	178	0.838756
80	179	0.824902
81	43	1.04293
81	78	1.59656
81	132	1.47428
81	147	1.62731
81	161	0.824998
81	162	0.844967
81	164	1.44355
81	166	0.815827
81	167	0.815475
81	168	0.837925
81	170	0.823118
81	173	0.844476
81	174	0.821965
81	175	0.83229
81	176	0.838002
81	177	0.838539
81	178	0.838136
81	179	0.824282
82	19	0.893787
82	21	1.32448
82	41	1.15979
82	78	0.853468
82	79	0.834689
82	88	0.920687
82	107	0.89944
82	117	0.868663
82	126	0.902306
82	127	0.87359
82	128	1.30274
82	142	0.885547
82	144	0.816885
82	145	0.89999
82	154	0.898028
82	163	0.85292
82	172	1.39043
82	177	1.3347
82	180	1.10831
83	9	0.766963
83	22	0.766963
83	23	0.766963
83	32	0.808093
83	36	0.895178
83	42	0.902337
83	58	0.849116
83	72	0.820755
83	76	0.781578
83	104	0.795698
83	109	0.781709
83	122	0.829296
83	134	1.51927
83	140	1.80367
83	150	1.37152
83	155	0.767642
83	176	1.43228
83	179	1.49883
83	180	0.86771
84	74	0.847374
84	102	0.853267
84	108	0.896851
84	128	1.246
84	138	0.874152
84	142	0.877843
84	143	0.861342
84	145	0.892286
84	151	0.843636
84	157	1.27427
84	158	0.881863
84	159	0.874986
84	160	1.20711
84	164	0.876964
84	165	0.885909
84	166	1.28555
84	172	1.33369
84	179	1.28356
84	180	0.933529
85	46	1.4055
85	80	1.34977
85	91	1.23227
85	120	0.853182
85	129	0.886246
85	132	0.887175
85	136	0.890583
85	137	0.866183
85	139	0.875795
85	143	0.872708
85	146	0.876775
85	147	0.867579
85	149	1.34495
85	151	0.855001
85	152	0.889192
85	158	0.893229
85	159	0.886352
85	168	1.08537
85	172	1.20247
86	8	0.913987
86	44	0.920068
86	45	0.821104
86	62	0.892006
86	63	1.21564
86	90	0.859848
86	98	0.851741
86	105	0.892858
86	118	0.902451
86	122	1.29643
86	123	0.875665
86	125	0.88206
86	148	0.837454
86	164	0.870907
86	165	0.879852
86	174	1.34515
86	177	1.32971
86	179	1.33531
86	180	1.10332
87	17	0.981636
87	30	0.90901
87	56	0.964989
87	61	0.957727
87	80	1.2714
87	94	0.957188
87	96	0.96141
87	97	0.935458
87	111	0.963771
87	113	0.963053
87	121	0.960277
87	124	0.960277
87	144	0.885204
87	150	0.946663
87	157	1.06468
87	162	1.0938
87	174	1.08381
87	175	1.10176
87	177	1.06837
88	13	1.47289
88	78	0.860673
88	79	0.841894
88	82	0.920687
88	101	0.865646
88	103	0.868919
88	117	0.875868
88	130	0.878452
88	133	0.900173
88	135	1.19433
88	142	0.892752
88	144	0.82409
88	145	0.907195
88	148	0.85842
88	154	0.905233
88	156	1.4002
88	174	1.29213
88	176	1.21574
88	180	1.0503
89	1	0.772073
89	14	0.774333
89	24	0.835921
89	29	0.807426
89	53	0.788731
89	55	0.841928
89	57	0.842361
89	71	0.823927
89	77	0.808498
89	92	0.831341
89	99	0.813257
89	112	0.839975
89	126	1.43407
89	131	0.789171
89	144	1.73506
89	165	0.831058
89	168	1.43747
89	174	1.51428
89	179	1.50444
90	8	0.887875
90	31	0.926035
90	44	0.893956
90	45	0.794992
90	62	0.865894
90	86	0.859848
90	95	0.854053
90	98	0.82563
90	118	0.876339
90	123	0.849553
90	125	0.855948
90	134	1.30843
90	144	1.51861
90	148	0.811342
90	162	1.30782
90	164	0.844795
90	165	0.85374
90	166	1.28997
90	170	1.26763
90	172	1.33812
91	16	1.29846
91	70	1.28654
91	73	1.25623
91	74	1.54008
91	85	1.23227
91	124	1.38134
91	161	0.851193
91	162	0.871163
91	167	0.84167
91	169	0.857026
91	170	0.849313
91	171	0.856705
91	172	0.85187
91	173	0.870672
91	174	0.848161
91	175	0.858485
91	176	0.864197
91	177	0.864734
91	178	0.864332
91	179	0.850478
92	1	0.815043
92	14	0.817304
92	16	0.908284
92	24	0.878891
92	29	0.850396
92	53	0.831701
92	55	0.884898
92	57	0.885332
92	77	0.851468
92	89	0.831341
92	99	0.856227
92	109	1.42073
92	112	0.882946
92	122	1.32423
92	131	0.832141
92	163	1.44485
92	165	0.874028
92	172	1.41325
92	176	1.29657
92	180	1.13112
93	30	1.32084
93	34	1.3736
93	131	1.3682
93	145	1.25441
93	158	1.30868
93	159	1.35382
93	166	0.843181
93	167	0.842828
93	168	0.865278
93	169	0.858184
93	170	0.850471
93	171	0.857863
93	172	0.853028
93	173	0.87183
93	174	0.849319
93	175	0.859643
93	176	0.865355
93	177	0.865892
93	178	0.86549
93	179	0.851636
94	5	1.18029
94	17	0.888704
94	30	0.816077
94	48	0.825219
94	56	0.872057
94	61	0.864794
94	87	0.957188
94	96	0.868477
94	97	0.842526
94	100	1.55414
94	111	0.870839
94	113	0.870121
94	121	0.867345
94	124	0.867345
94	140	0.797034
94	144	0.792272
94	155	1.38607
94	162	1.33062
94	175	1.33857
94	178	1.23554
95	2	1.09719
95	50	1.54267
95	90	0.854053
95	123	0.869871
95	130	0.851691
95	133	0.873412
95	141	1.21934
95	142	0.865991
95	145	0.880434
95	146	0.853558
95	151	0.831784
95	152	0.865975
95	153	1.43306
95	155	0.82161
95	158	0.870012
95	159	0.863135
95	163	0.833364
95	164	0.865112
95	179	1.48
95	180	1.248
96	30	0.820299
96	35	1.43346
96	48	0.829441
96	56	0.876278
96	61	0.869016
96	87	0.96141
96	94	0.868477
96	97	0.846748
96	101	0.838049
96	111	0.875061
96	113	0.874342
96	121	0.871566
96	124	0.871566
96	140	0.801256
96	144	0.796493
96	161	1.35724
96	170	1.36276
96	171	1.32802
96	174	1.39295
96	180	1.15112
97	17	0.866974
97	30	0.794348
97	48	0.80349
97	56	0.850327
97	61	0.843065
97	68	1.39716
97	87	0.935458
97	94	0.842526
97	96	0.846748
97	101	0.812098
97	110	0.845694
97	111	0.849109
97	113	0.848391
97	121	0.845615
97	124	0.845615
97	135	1.31737
97	144	0.770542
97	148	1.46472
97	155	1.48062
97	171	1.35025
97	174	1.41518
98	8	0.879769
98	44	0.88585
98	45	0.786886
98	62	0.857788
98	86	0.851741
98	90	0.82563
98	104	0.821242
98	105	0.858639
98	114	0.841824
98	118	0.868233
98	123	0.841447
98	125	0.847841
98	148	0.803236
98	155	0.793186
98	157	1.42285
98	164	0.836689
98	167	1.51046
98	168	1.36517
98	173	1.33977
98	176	1.36559
98	177	1.42653
99	1	0.796959
99	4	0.785498
99	16	0.8902
99	24	0.860807
99	29	0.832312
99	53	0.813617
99	55	0.866815
99	57	0.867248
99	71	0.848813
99	77	0.833384
99	89	0.813257
99	92	0.856227
99	109	1.52832
99	112	0.864862
99	122	1.43182
99	131	0.814057
99	150	1.3434
99	165	0.855944
99	166	1.4727
99	171	1.41562
99	180	1.23871
100	9	1.72889
100	19	1.47693
100	94	1.55414
100	136	1.54651
100	142	1.68331
100	149	0.75933
100	153	0.803115
100	160	0.790193
100	162	0.81932
100	166	0.79018
100	167	0.789828
100	170	0.797471
100	171	0.804863
100	172	0.800028
100	173	0.818829
100	174	0.796318
100	175	0.806643
100	176	0.812355
100	177	0.812892
100	179	0.798635
101	11	1.60848
101	65	0.914815
101	88	0.865646
101	96	0.838049
101	97	0.812098
101	102	0.80593
101	108	0.849514
101	111	0.840411
101	121	0.836917
101	124	0.836917
101	130	0.816205
101	138	0.826815
101	153	1.33371
101	154	0.842987
101	163	0.797878
101	164	0.829627
101	167	1.45897
101	169	1.34984
101	170	1.36029
101	176	1.3141
101	180	0.886192
102	10	0.775846
102	15	0.87494
102	27	0.752325
102	42	0.923349
102	47	1.34821
102	54	0.850445
102	59	0.8443
102	65	0.917346
102	74	0.802567
102	84	0.853267
102	101	0.80593
102	114	0.837293
102	138	1.34128
102	163	0.800409
102	164	0.832157
102	165	0.841103
102	167	1.4986
102	169	1.38947
102	170	1.39992
102	175	1.44806
102	180	0.888722
103	40	0.88463
103	79	0.782921
103	88	0.868919
103	107	0.847672
103	115	0.82915
103	117	0.816895
103	119	0.867347
103	126	0.850538
103	130	0.819479
103	133	0.8412
103	135	1.39276
103	138	0.830088
103	142	0.833779
103	145	0.848222
103	154	0.84626
103	164	0.8329
103	166	1.48272
103	171	1.42564
103	177	1.47512
103	178	1.40548
103	180	1.24873
104	41	1.27103
104	48	0.805571
104	58	0.878379
104	72	0.850017
104	76	0.81084
104	83	0.795698
104	98	0.821242
104	113	0.850473
104	118	0.871951
104	121	0.847697
104	123	0.845165
104	124	0.847697
104	125	0.85156
104	140	0.777386
104	163	1.53328
104	165	0.849352
104	170	1.43118
104	173	1.35918
104	176	1.38499
104	177	1.44594
104	180	0.896972
105	2	0.955289
105	8	0.920885
105	44	0.926966
105	45	0.828002
105	47	1.26603
105	62	0.898904
105	86	0.892858
105	98	0.858639
105	106	1.29586
105	114	0.88294
105	118	0.909349
105	123	0.882563
105	125	0.888958
105	127	0.866727
105	148	0.844352
105	155	0.834302
105	164	0.877805
105	165	0.88675
105	168	1.27113
105	171	1.28301
105	172	1.38823
105	175	1.36588
106	51	1.1313
106	61	1.31681
106	65	1.09105
106	105	1.29586
106	136	1.26092
106	142	1.39772
106	153	0.880907
106	160	0.867986
106	161	0.877143
106	164	1.291
106	166	0.867973
106	167	0.86762
106	168	0.89007
106	170	0.875263
106	171	0.882655
106	172	0.87782
106	173	0.896622
106	174	0.874111
106	175	0.884435
106	177	0.890684
106	178	0.890282
106	179	0.876428
107	33	0.943351
107	39	0.837438
107	40	0.922356
107	46	1.49372
107	51	0.919926
107	82	0.89944
107	103	0.847672
107	108	0.890513
107	126	0.888265
107	130	0.857205
107	133	0.878926
107	142	0.871505
107	144	0.802843
107	145	0.885948
107	149	1.43316
107	154	0.883986
107	155	1.31583
107	157	1.23126
107	164	0.870626
107	168	1.17358
107	176	1.174
107	180	1.00856
108	19	0.884859
108	36	1.06049
108	42	0.966933
108	78	0.844541
108	79	0.825761
108	84	0.896851
108	101	0.849514
108	107	0.890513
108	115	0.87199
108	116	1.39718
108	119	0.910187
108	133	0.88404
108	142	0.87662
108	145	0.891063
108	148	0.842288
108	153	1.23384
108	154	0.8891
108	164	0.875741
108	166	1.28277
108	167	1.35911
108	173	1.18842
108	175	1.30857
109	54	1.75632
109	58	0.86439
109	72	0.836029
109	83	0.781709
109	92	1.42073
109	99	1.52832
109	119	1.32096
109	121	1.36748
109	129	0.824336
109	139	0.813884
109	146	0.814864
109	147	0.805668
109	155	0.782916
109	157	0.822509
109	159	0.824441
109	164	1.39085
109	168	0.836029
109	170	0.821222
109	175	0.830393
109	178	0.83624
109	179	0.822386
109	180	0.882984
110	10	1.57279
110	55	1.22583
110	70	1.126
110	97	0.845694
110	111	0.874007
110	113	0.873289
110	117	0.847218
110	121	0.870513
110	124	0.870513
110	133	0.871523
110	137	1.35744
110	139	1.28923
110	140	0.800203
110	142	0.864102
110	145	0.878545
110	152	1.23872
110	159	1.36951
110	166	0.850735
110	172	0.860583
110	173	0.879385
110	175	0.867198
110	177	0.873447
110	178	0.873045
111	17	0.895287
111	30	0.822661
111	48	0.831803
111	56	0.87864
111	60	1.25897
111	61	0.871378
111	87	0.963771
111	94	0.870839
111	96	0.875061
111	97	0.849109
111	101	0.840411
111	110	0.874007
111	113	0.876704
111	121	0.873928
111	124	0.873928
111	140	0.803618
111	141	1.11558
111	144	0.798855
111	169	1.34543
111	172	1.42637
111	175	1.40402
111	176	1.30969
111	177	1.37063
112	1	0.823678
112	4	0.812217
112	14	0.825938
112	16	0.916919
112	24	0.887526
112	29	0.859031
112	31	1.04664
112	53	0.840336
112	55	0.893533
112	57	0.893966
112	60	1.2733
112	71	0.875532
112	77	0.860103
112	89	0.839975
112	92	0.882946
112	99	0.864862
112	131	0.840776
112	138	1.31157
112	148	1.44996
112	165	0.882663
112	167	1.4689
112	169	1.35976
112	178	1.31532
113	17	0.894569
113	30	0.821942
113	48	0.831084
113	56	0.877922
113	61	0.870659
113	67	1.38983
113	87	0.963053
113	94	0.870121
113	96	0.874342
113	97	0.848391
113	104	0.850473
113	110	0.873289
113	111	0.876704
113	121	0.873209
113	124	0.873209
113	140	0.802899
113	141	1.14897
113	144	0.798136
113	153	1.36268
113	163	1.49136
113	168	1.34265
113	173	1.31726
113	180	1.17763
114	25	1.22762
114	59	0.873132
114	62	0.882089
114	68	1.3183
114	74	0.831399
114	98	0.841824
114	102	0.837293
114	105	0.88294
114	118	0.892534
114	125	0.872142
114	143	0.845367
114	147	0.840239
114	151	0.827661
114	158	0.865889
114	159	0.859012
114	161	1.30061
114	162	1.34631
114	164	0.860989
114	165	0.869935
114	167	1.4048
114	172	1.3766
114	178	1.25123
114	180	0.917554
115	28	0.845514
115	33	0.924828
115	40	0.903834
115	42	0.943296
115	46	1.56387
115	78	0.820904
115	79	0.802124
115	103	0.82915
115	108	0.87199
115	117	0.836099
115	119	0.88655
115	127	0.841026
115	133	0.860403
115	138	0.849291
115	145	0.867425
115	154	0.865463
115	156	1.42861
115	161	1.28483
115	164	0.852103
115	168	1.24373
115	171	1.25561
115	173	1.21834
115	178	1.23545
116	8	1.28589
116	42	1.23214
116	56	1.35787
116	108	1.39718
116	121	1.42625
116	149	0.807353
116	152	1.43571
116	156	0.828487
116	157	0.84678
116	161	0.847373
116	164	1.44963
116	166	0.838203
116	167	0.83785
116	169	0.853206
116	170	0.845493
116	171	0.852885
116	172	0.84805
116	173	0.866852
116	174	0.844341
116	175	0.854665
116	176	0.860377
116	177	0.860914
116	178	0.860512
116	179	0.846658
117	28	0.83326
117	33	0.912574
117	39	0.80666
117	40	0.891579
117	51	0.889149
117	82	0.868663
117	88	0.875868
117	103	0.816895
117	110	0.847218
117	115	0.836099
117	133	0.848149
117	140	0.776828
117	141	1.20915
117	142	0.840728
117	145	0.855171
117	154	0.853209
117	160	1.39336
117	163	0.808101
117	164	0.839849
117	171	1.41472
117	174	1.47965
117	175	1.4976
117	176	1.40326
117	180	1.23782
118	4	0.825898
118	8	0.930479
118	44	0.936559
118	45	0.837595
118	60	1.17454
118	86	0.902451
118	90	0.876339
118	98	0.868233
118	104	0.871951
118	105	0.909349
118	114	0.892534
118	122	1.25292
118	123	0.892157
118	125	0.898551
118	127	0.876321
118	148	0.853945
118	150	1.1645
118	153	1.24487
118	155	0.843896
118	161	1.26594
118	164	0.887398
118	165	0.896344
118	167	1.37014
118	169	1.261
118	174	1.30165
119	5	1.13285
119	33	0.963025
119	40	0.942031
119	46	1.51651
119	78	0.859101
119	79	0.840321
119	103	0.867347
119	108	0.910187
119	109	1.32096
119	115	0.88655
119	122	1.22446
119	130	0.876879
119	133	0.8986
119	140	0.82728
119	142	0.891179
119	144	0.822517
119	145	0.905622
119	148	0.856847
119	154	0.90366
119	163	0.858552
119	164	0.8903
119	171	1.20826
119	173	1.17098
119	178	1.1881
119	179	1.26335
120	26	0.846493
120	37	0.817483
120	63	1.35024
120	66	0.826247
120	73	0.875364
120	75	0.807028
120	85	0.853182
120	122	0.838858
120	129	0.818623
120	132	0.819552
120	136	0.82296
120	137	0.79856
120	139	0.808172
120	143	0.805085
120	146	0.809152
120	147	0.799956
120	148	1.5293
120	149	1.66252
120	151	0.787378
120	152	0.821569
120	153	1.42297
120	158	0.825606
120	159	0.818729
120	163	1.55165
120	170	1.44955
120	177	1.46431
121	3	1.13503
121	17	0.891793
121	30	0.819166
121	36	1.08957
121	43	1.00472
121	48	0.828308
121	56	0.875146
121	61	0.867883
121	87	0.960277
121	94	0.867345
121	96	0.871566
121	97	0.845615
121	101	0.836917
121	104	0.847697
121	109	1.36748
121	110	0.870513
121	111	0.873928
121	113	0.873209
121	116	1.42625
121	124	0.870433
121	140	0.800123
121	144	0.79536
121	155	1.38515
121	156	1.42777
121	169	1.27905
121	179	1.30986
122	30	1.37825
122	32	0.870954
122	33	1.08572
122	72	0.883616
122	76	0.844439
122	83	0.829296
122	86	1.29643
122	92	1.32423
122	99	1.43182
122	118	1.25292
122	119	1.22446
122	120	0.838858
122	142	1.40107
122	143	0.858384
122	147	0.853255
122	151	0.840678
122	155	0.830503
122	158	0.878905
122	159	0.872028
122	170	0.868809
122	175	0.87798
122	176	0.883693
122	177	0.88423
122	178	0.883827
122	179	0.869973
122	180	0.930571
123	8	0.903693
123	31	0.941853
123	41	1.16632
123	44	0.909773
123	45	0.810809
123	62	0.881712
123	86	0.875665
123	90	0.849553
123	95	0.869871
123	98	0.841447
123	104	0.845165
123	105	0.882563
123	118	0.892157
123	125	0.871765
123	127	0.849535
123	135	1.25887
123	144	1.57746
123	148	0.827159
123	155	0.81711
123	164	0.860612
123	165	0.869558
123	167	1.42516
123	171	1.29175
123	173	1.25448
123	179	1.34684
123	180	1.11484
124	17	0.891793
124	21	1.28559
124	30	0.819166
124	43	1.00472
124	48	0.828308
124	56	0.875146
124	61	0.867883
124	87	0.960277
124	91	1.38134
124	94	0.867345
124	96	0.871566
124	97	0.845615
124	101	0.836917
124	104	0.847697
124	110	0.870513
124	111	0.873928
124	113	0.873209
124	121	0.870433
124	128	1.26385
124	140	0.800123
124	144	0.79536
124	157	1.29212
124	160	1.22495
124	163	1.38314
124	166	1.30339
124	177	1.2958
125	4	0.805506
125	25	1.2571
125	31	0.948247
125	36	1.13566
125	44	0.916168
125	45	0.817204
125	62	0.888106
125	86	0.88206
125	90	0.855948
125	98	0.847841
125	104	0.85156
125	105	0.888958
125	114	0.872142
125	118	0.898551
125	123	0.871765
125	127	0.855929
125	138	1.27695
125	148	0.833554
125	155	0.823504
125	156	1.47386
125	164	0.867007
125	165	0.875952
125	173	1.26359
125	175	1.38374
125	176	1.28941
125	177	1.35035
126	15	1.09586
126	16	1.14816
126	53	1.4134
126	58	1.20028
126	72	1.35044
126	74	1.38978
126	82	0.902306
126	89	1.43407
126	103	0.850538
126	107	0.888265
126	137	0.851346
126	142	0.874371
126	143	0.85787
126	149	0.830155
126	151	0.840164
126	152	0.874355
126	154	0.886852
126	158	0.878392
126	159	0.871515
126	160	0.861018
126	161	0.870175
126	163	0.841744
126	165	1.36308
126	170	0.868295
126	176	0.883179
126	179	0.86946
127	19	0.853895
127	37	1.46395
127	44	0.893937
127	49	1.19882
127	59	1.32563
127	82	0.87359
127	105	0.866727
127	115	0.841026
127	118	0.876321
127	123	0.849535
127	125	0.855929
127	129	1.29611
127	130	0.831355
127	132	1.37775
127	142	0.845655
127	143	1.36512
127	146	1.414
127	152	1.3331
127	154	0.858136
127	164	0.844776
127	167	0.831936
127	169	0.847292
127	171	0.846971
127	174	0.838427
127	175	0.848751
127	177	0.855
127	179	0.840743
128	37	1.41261
128	78	1.44869
128	82	1.30274
128	84	1.246
128	124	1.26385
128	132	1.3264
128	146	1.36266
128	149	0.811368
128	150	0.867419
128	153	0.855152
128	154	1.4218
128	156	0.832502
128	157	0.850795
128	160	0.842231
128	161	0.851389
128	162	0.871358
128	166	0.842218
128	167	0.841865
128	168	0.864315
128	169	0.857221
128	171	0.8569
128	172	0.852065
128	175	0.85868
128	176	0.864392
128	177	0.864929
128	178	0.864527
128	179	0.850673
129	38	0.847241
129	64	1.61481
129	66	0.859311
129	69	1.30092
129	70	0.935295
129	73	0.908428
129	75	0.840092
129	85	0.886246
129	109	0.824336
129	120	0.818623
129	127	1.29611
129	132	0.852617
129	135	1.19436
129	136	0.856024
129	137	0.831625
129	139	0.841236
129	140	1.58717
129	143	0.838149
129	146	0.842216
129	147	0.83302
129	148	1.34171
129	151	0.820443
129	152	0.854633
129	158	0.85867
129	159	0.851793
129	160	1.20587
129	166	1.28431
130	28	0.835843
130	33	0.915157
130	39	0.809244
130	40	0.894163
130	68	1.41182
130	78	0.811233
130	88	0.878452
130	95	0.851691
130	101	0.816205
130	103	0.819479
130	107	0.857205
130	119	0.876879
130	127	0.831355
130	131	0.809491
130	142	0.843312
130	144	0.774649
130	145	0.857754
130	148	0.808979
130	150	1.29269
130	154	0.855792
130	156	1.53791
130	163	0.810684
130	164	0.842433
130	166	1.42199
130	172	1.47013
130	173	1.32764
130	176	1.35345
130	179	1.42
131	16	0.866115
131	28	0.816323
131	42	0.914105
131	50	1.52716
131	52	1.49425
131	57	0.843162
131	67	1.4447
131	89	0.789171
131	92	0.832141
131	93	1.3682
131	99	0.814057
131	112	0.840776
131	130	0.809491
131	136	0.825166
131	139	0.810378
131	142	0.823792
131	145	0.838235
131	146	0.811358
131	147	0.802162
131	152	0.823775
131	154	0.836272
131	157	1.4552
131	158	0.827812
131	159	0.820935
131	162	1.48432
131	164	0.822913
131	165	0.831858
131	173	1.37213
131	174	1.47433
132	12	0.90689
132	31	1.02003
132	34	0.850176
132	37	0.851477
132	38	0.84817
132	66	0.86024
132	67	1.34418
132	70	0.936224
132	73	0.909357
132	75	0.841021
132	81	1.47428
132	85	0.887175
132	120	0.819552
132	127	1.37775
132	128	1.3264
132	129	0.852617
132	136	0.856953
132	137	0.832554
132	139	0.842165
132	143	0.839078
132	146	0.843145
132	147	0.833949
132	151	0.821372
132	152	0.855562
132	158	0.859599
132	159	0.852722
132	160	1.28751
132	162	1.3838
132	167	1.44229
132	179	1.36396
133	28	0.857564
133	31	0.945394
133	36	1.07588
133	39	0.830965
133	43	1.00573
133	51	0.913453
133	79	0.814174
133	88	0.900173
133	95	0.873412
133	103	0.8412
133	107	0.878926
133	108	0.88404
133	110	0.871523
133	115	0.860403
133	117	0.848149
133	119	0.8986
133	134	1.31662
133	138	0.861341
133	142	0.865033
133	144	0.79637
133	145	0.879475
133	154	0.877513
133	155	1.37146
133	156	1.41409
133	160	1.21972
133	162	1.31601
133	163	0.832405
133	164	0.864154
133	175	1.32396
133	177	1.29057
133	178	1.22093
133	179	1.29618
134	78	1.50669
134	83	1.51927
134	90	1.30843
134	133	1.31662
134	141	0.880588
134	142	1.4604
134	146	1.42066
134	149	0.790944
134	150	0.846995
134	151	1.46328
134	153	0.834729
134	156	0.812079
134	157	0.830372
134	158	1.42542
134	160	0.821807
134	161	0.830965
134	162	0.850934
134	164	1.35368
134	166	0.821794
134	167	0.821442
134	168	0.843892
134	169	0.836797
134	170	0.829085
134	171	0.836477
134	172	0.831642
134	173	0.850443
134	174	0.827932
134	175	0.838257
134	176	0.843969
134	177	0.844506
134	178	0.844103
134	179	0.830249
135	54	1.61074
135	62	1.29654
135	88	1.19433
135	97	1.31737
135	103	1.39276
135	123	1.25887
135	129	1.19436
135	141	0.906675
135	149	0.817031
135	150	0.873082
135	152	1.23135
135	153	0.860815
135	154	1.37139
135	156	0.838166
135	157	0.856459
135	158	1.31701
135	160	0.847894
135	161	0.857052
135	162	0.877021
135	166	0.847881
135	167	0.847529
135	168	0.869979
135	169	0.862884
135	170	0.855172
135	171	0.862564
135	172	0.857729
135	173	0.87653
135	174	0.854019
135	175	0.864343
135	176	0.870056
135	177	0.870593
135	178	0.87019
135	179	0.856336
136	6	0.812729
136	7	0.914532
136	20	0.881227
136	49	0.913243
136	52	1.33291
136	66	0.863647
136	69	1.32175
136	70	0.939631
136	73	0.912765
136	75	0.844429
136	85	0.890583
136	100	1.54651
136	106	1.26092
136	120	0.82296
136	129	0.856024
136	131	0.825166
136	132	0.856953
136	137	0.835961
136	138	0.855295
136	139	0.845573
136	143	0.842485
136	146	0.846553
136	147	0.837357
136	148	1.36254
136	151	0.824779
136	152	0.85897
136	157	1.29386
136	158	0.863007
136	159	0.85613
136	162	1.32298
136	171	1.24806
136	174	1.31299
136	178	1.2279
137	6	0.788329
137	7	0.890132
137	12	0.885898
137	20	0.856827
137	26	0.859494
137	34	0.829184
137	49	0.888844
137	52	1.4678
137	66	0.839248
137	70	0.915232
137	75	0.820029
137	85	0.866183
137	110	1.35744
137	120	0.79856
137	126	0.851346
137	129	0.831625
137	132	0.832554
137	136	0.835961
137	138	0.830896
137	139	0.821173
137	140	1.74288
137	141	1.17738
137	143	0.818086
137	146	0.822153
137	147	0.812957
137	151	0.80038
137	152	0.83457
137	156	1.55595
137	158	0.838607
137	159	0.83173
137	169	1.40723
137	170	1.41768
137	173	1.34568
137	178	1.36279
137	180	1.20604
138	15	1.08722
138	24	1.22287
138	33	0.925767
138	39	0.819853
138	54	1.6197
138	55	1.22742
138	61	1.28004
138	72	1.3418
138	76	1.73179
138	84	0.874152
138	101	0.826815
138	102	1.34128
138	103	0.830088
138	112	1.31157
138	115	0.849291
138	125	1.27695
138	133	0.861341
138	136	0.855295
138	137	0.830896
138	139	0.840507
138	142	0.853921
138	143	0.83742
138	146	0.841487
138	152	0.853904
138	154	0.866401
138	158	0.857941
138	159	0.851064
138	161	0.849725
138	162	0.869694
138	165	1.35444
138	170	0.847845
138	171	0.855236
138	173	0.869203
138	175	0.857016
138	177	0.863266
138	178	0.862863
138	179	0.849009
139	6	0.797941
139	11	1.59766
139	12	0.89551
139	20	0.866439
139	34	0.838796
139	37	0.840096
139	38	0.83679
139	49	0.898455
139	66	0.84886
139	69	1.38843
139	70	0.924844
139	73	0.897977
139	75	0.829641
139	85	0.875795
139	109	0.813884
139	110	1.28923
139	120	0.808172
