1	5	1.08559
1	22	1.18185
1	51	1.29206
1	56	1.23247
1	65	1.188
1	111	0.800016
1	115	1.26519
1	118	0.745448
1	160	0.720407
1	161	0.866083
1	163	1.18903
1	178	0.86425
2	17	1.07485
2	24	1.05892
2	47	1.03649
2	59	1.00053
2	64	1.10707
2	83	1.02482
2	143	0.885543
2	157	1.05477
2	160	1.0682
2	170	0.984433
2	176	0.88645
2	179	1.15952
3	25	1.25695
3	72	1.17467
3	75	1.17209
3	76	1.164
3	78	1.23436
3	89	1.19806
3	92	0.75017
3	139	1.20777
3	154	0.778774
3	159	0.820779
3	160	0.827484
3	168	0.819218
4	29	1.26376
4	114	1.24541
4	117	0.810184
4	120	1.19737
4	123	0.854961
4	125	1.13425
4	132	1.23557
4	146	0.750424
4	159	0.790394
4	168	0.788833
4	172	1.19292
4	177	1.11268
5	1	1.08559
5	12	1.0988
5	22	1.01889
5	51	1.12911
5	56	1.06951
5	65	1.02505
5	92	0.884977
5	112	0.862238
5	136	1.00433
5	163	1.02607
5	165	1.21758
5	168	0.954025
6	97	1.01382
6	98	1.12835
6	114	1.09903
6	120	1.05098
6	125	0.987867
6	132	1.08919
6	145	0.92572
6	153	0.884023
6	162	0.905968
6	172	1.04654
6	177	0.966301
6	179	1.20356
7	127	1.18672
7	129	1.18229
7	134	1.26208
7	135	1.17952
7	137	0.730697
7	140	1.21157
7	142	1.17238
7	153	0.723629
7	171	0.89881
7	172	1.19849
7	175	0.801621
7	177	0.8425
8	35	1.32361
8	58	1.14554
8	68	1.19755
8	77	1.27137
8	94	1.17992
8	133	0.724779
8	150	0.887763
8	151	0.73848
8	161	0.883659
8	163	1.21854
8	165	1.07458
8	176	0.75764
9	24	0.693656
9	36	0.570896
9	100	0.705802
9	107	1.23323
9	113	1.28688
9	139	0.630499
9	140	1.24918
9	142	1.20999
9	157	0.632633
9	168	1.2185
9	179	1.07386
9	180	1.13316
10	47	1.17799
10	59	1.14202
10	64	1.24857
10	69	0.82513
10	83	1.16632
10	131	0.636981
10	141	0.945673
10	144	1.2507
10	157	1.19626
10	160	1.20969
10	167	0.823196
10	176	0.749341
11	104	1.18899
11	129	1.18372
11	130	0.661569
11	134	1.2635
11	135	1.18095
11	140	1.213
11	142	1.17381
11	163	0.809754
11	172	1.19992
11	173	0.824642
11	176	0.814207
11	177	0.886617
12	5	1.0988
12	22	1.19506
12	51	1.30528
12	56	1.24568
12	65	1.20122
12	81	0.771693
12	117	1.18463
12	124	0.726143
12	143	0.775987
12	163	1.20224
12	164	0.675731
12	179	1.04997
13	28	1.09418
13	48	1.12019
13	73	1.12231
13	74	1.2753
13	82	1.19261
13	146	0.785741
13	149	1.16447
13	156	0.853869
13	157	1.14616
13	165	0.999907
13	168	0.824151
13	176	0.852073
13	178	0.97626
14	20	0.935135
14	54	1.08687
14	62	1.17193
14	87	1.14068
14	96	1.20447
14	102	1.16527
14	106	0.787908
14	107	1.12074
14	113	1.17439
14	146	0.829218
14	155	0.816885
14	167	1.04491
14	173	0.905986
15	57	1.34908
15	68	1.29065
15	77	1.36447
15	81	0.725708
15	92	0.633938
15	94	1.27302
15	131	0.618549
15	139	1.33944
15	161	0.856929
15	163	1.31164
15	165	1.16768
15	173	0.741345
15	177	0.80332
16	90	1.14601
16	91	1.1528
16	92	0.750986
16	99	1.17237
16	119	1.15441
16	121	1.18269
16	122	1.1542
16	133	0.815096
16	162	0.823441
16	165	1.08358
16	167	1.06942
16	168	0.820034
16	173	1.09948
17	2	1.07485
17	18	1.15021
17	24	1.15833
17	47	1.1359
17	59	1.09993
17	64	1.20648
17	83	1.12423
17	123	0.900911
17	160	1.16761
17	164	0.761542
17	166	0.791079
17	176	0.862706
17	180	0.978696
18	17	1.15021
18	59	1.07589
18	64	1.18244
18	83	1.10018
18	117	1.11023
18	123	0.89363
18	130	0.702787
18	144	1.18457
18	157	1.13013
18	160	1.14356
18	166	0.783798
18	167	0.92928
18	171	0.984146
19	33	1.46811
19	73	1.37749
19	81	0.668085
19	82	1.44779
19	112	0.553577
19	141	0.869618
19	144	1.45578
19	151	0.654127
19	157	1.40133
19	160	0.65363
19	165	1.25508
19	173	0.683722
20	14	0.935135
20	38	0.716349
20	66	0.88808
20	132	0.831772
20	151	1.10668
20	158	1.12829
20	168	1.08241
20	175	1.05062
20	176	1.08373
20	178	1.00421
20	179	0.937765
20	180	0.997066
21	26	1.22309
21	31	1.36695
21	44	0.650681
21	53	1.23963
21	55	1.45959
21	60	1.31666
21	61	1.31619
21	131	0.641565
21	150	1.21446
21	158	0.710932
21	162	0.72941
21	171	0.882647
21	176	0.753926
22	1	1.18185
22	5	1.01889
22	12	1.19506
22	51	1.22537
22	56	1.16578
22	65	1.12131
22	85	1.12313
22	133	0.78486
22	136	1.10059
22	158	0.774727
22	163	1.12234
22	168	0.789798
22	174	0.822801
23	54	0.963556
23	62	1.04861
23	70	0.991477
23	81	1.07287
23	87	1.01736
23	96	1.08116
23	102	1.04195
23	107	0.997426
23	113	1.05107
23	156	1.07987
23	164	0.976912
23	167	0.921596
23	173	1.08851
24	2	1.05892
24	9	0.693656
24	17	1.15833
24	59	1.08401
24	64	1.19055
24	83	1.1083
24	118	0.896953
24	144	1.19269
24	157	1.13825
24	160	1.15168
24	166	0.819942
24	169	0.91388
24	176	0.891569
25	3	1.25695
25	45	1.23284
25	67	1.01689
25	72	1.20121
25	76	1.19053
25	78	1.26089
25	89	1.22459
25	139	1.2343
25	146	0.712543
25	153	0.732414
25	154	0.710508
25	157	1.20879
25	164	0.677711
25	175	0.810406
26	21	1.22309
26	31	1.12463
26	37	1.12887
26	50	1.16716
26	53	0.997315
26	60	1.07435
26	61	1.07388
26	128	1.07156
26	133	0.90263
26	150	0.972142
26	155	0.856825
26	160	0.915834
26	166	0.863864
26	180	1.05148
27	37	1.16249
27	50	1.20078
27	55	1.2509
27	65	1.08774
27	134	1.16799
27	135	1.08544
27	142	1.0783
27	163	1.08877
27	167	0.818031
27	171	0.872896
27	175	0.775707
27	177	0.816586
27	179	1.01725
28	13	1.09418
28	33	1.14889
28	48	1.05615
28	73	1.05826
28	74	1.21125
28	82	1.12857
28	101	0.798124
28	149	1.10043
28	151	0.915135
28	157	1.08211
28	165	0.935861
28	166	0.862668
28	175	0.965827
28	180	1.05029
29	4	1.26376
29	63	1.26496
29	97	1.19892
29	120	1.23608
29	125	1.17296
29	132	1.27429
29	133	0.677237
29	137	0.670706
29	148	0.817225
29	163	0.705646
29	172	1.23163
29	177	1.15139
29	178	0.834285
29	179	0.98317
30	80	1.28792
30	93	1.24439
30	100	1.16708
30	103	1.26229
30	108	1.26225
30	116	0.741877
30	148	0.806163
30	162	0.674521
30	165	0.934665
30	172	1.23512
30	173	1.18649
30	176	0.699037
30	177	1.15488
30	178	0.823223
31	21	1.36695
31	26	1.12463
31	37	1.27273
31	53	1.14117
31	55	1.36113
31	60	1.21821
31	61	1.21773
31	81	0.804178
31	146	0.743047
31	147	0.723656
31	150	1.116
31	160	0.789723
31	168	0.781457
31	169	0.831691
32	44	0.616543
32	105	1.21263
32	127	1.21523
32	129	1.2108
32	134	1.29059
32	135	1.20804
32	140	1.24008
32	142	1.20089
32	163	0.715335
32	165	0.955416
32	170	0.81777
32	172	1.227
32	176	0.719788
32	178	0.843974
33	19	1.46811
33	28	1.14889
33	48	1.1749
33	73	1.17702
33	74	1.33001
33	82	1.24732
33	118	0.83487
33	155	0.750819
33	157	1.20087
33	158	0.786491
33	160	0.809828
33	164	0.728321
33	165	1.05462
33	166	0.757858
34	86	1.28102
34	90	1.23134
34	91	1.23813
34	92	0.729639
34	119	1.23974
34	121	1.26802
34	122	1.23953
34	147	0.740886
34	154	0.758243
34	159	0.800248
34	167	1.15475
34	168	0.798687
34	169	0.848921
34	173	1.18482
35	8	1.32361
35	52	1.3262
35	58	1.16158
35	68	1.2136
35	94	1.19597
35	139	1.26238
35	154	0.679199
35	162	0.72305
35	163	1.23459
35	165	1.09062
35	169	0.769877
35	171	0.876287
35	173	0.758001
35	178	0.871753
36	9	0.570896
36	40	1.23772
36	49	0.894539
36	72	1.20977
36	75	1.20719
36	76	1.1991
36	78	1.26946
36	89	1.23315
36	139	1.24286
36	145	0.764045
36	152	0.820746
36	155	0.690144
36	157	1.21735
36	167	0.842665
37	26	1.12887
37	27	1.16249
37	31	1.27273
37	50	1.31525
37	53	1.14541
37	55	1.36537
37	60	1.22244
37	61	1.22197
37	69	0.790544
37	156	0.716551
37	160	0.695098
37	162	0.690239
37	165	0.950383
37	170	0.812738
38	20	0.716349
38	52	1.31246
38	57	1.25827
38	68	1.19985
38	77	1.27367
38	94	1.18222
38	116	0.719605
38	138	1.28553
38	150	0.806888
38	163	1.22084
38	165	1.07687
38	166	0.605138
38	171	0.805486
38	179	0.949837
39	54	1.18089
39	70	1.20881
39	87	1.23469
39	96	1.29849
39	102	1.25928
39	107	1.21476
39	113	1.2684
39	148	0.909926
39	154	0.734433
39	159	0.776437
39	162	0.778283
39	164	0.701635
39	167	1.13893
39	168	0.774876
40	36	1.23772
40	45	1.17851
40	72	1.14688
40	75	1.14429
40	76	1.1362
40	78	1.20656
40	89	1.17026
40	118	1.13221
40	137	0.709584
40	141	0.945308
40	147	0.663254
40	157	1.15446
40	169	0.771288
40	171	0.877698
40	179	1.02205
41	97	0.856513
41	100	0.921597
41	103	0.757255
41	133	1.10085
41	138	0.781401
41	155	1.13314
41	169	1.06696
41	171	1.00313
41	172	0.775596
41	174	1.07758
41	175	1.05875
41	176	1.09186
41	178	1.01234
41	179	0.945897
41	180	1.0052
42	46	1.14911
42	80	1.23297
42	93	1.18945
42	100	1.11214
42	103	1.20735
42	108	1.2073
42	118	0.842873
42	131	0.725129
42	145	0.832725
42	146	0.771157
42	172	1.18017
42	173	1.13154
42	176	0.837489
42	177	1.09993
42	178	0.961676
43	80	1.23243
43	93	1.18891
43	100	1.1116
43	103	1.20681
43	108	1.20676
43	124	0.81023
43	130	0.708343
43	133	0.828121
43	136	1.14225
43	143	0.860074
43	172	1.17963
43	173	1.13101
43	174	0.866061
43	175	0.892513
43	177	1.09939
44	21	0.650681
44	32	0.616543
44	94	0.744627
44	100	0.80047
44	135	0.715633
44	152	1.16785
44	153	1.23856
44	160	1.22355
44	169	1.18229
44	172	0.654469
44	174	1.1929
44	175	1.17407
44	178	1.12767
44	179	1.06122
44	180	1.12052
45	25	1.23284
45	40	1.17851
45	69	1.10199
45	72	1.15056
45	75	1.14797
45	76	1.13988
45	78	1.21024
45	89	1.17394
45	111	0.811635
45	152	0.803619
45	156	0.753479
45	157	1.15814
45	165	0.987311
45	170	0.849665
45	173	0.762118
46	42	1.14911
46	80	1.18253
46	93	1.13901
46	100	1.0617
46	103	1.15691
46	108	1.15686
46	136	1.09235
46	143	0.836995
46	145	0.833137
46	148	0.945028
46	156	0.839698
46	161	0.963921
46	169	0.860213
46	172	1.12973
46	173	1.0811
46	177	1.04949
47	2	1.03649
47	10	1.17799
47	17	1.1359
47	59	1.06158
47	64	1.16813
47	83	1.08587
47	117	1.09592
47	144	1.17026
47	151	0.832262
47	157	1.11582
47	158	0.808428
47	160	1.12925
47	169	0.873733
47	171	0.980143
47	173	0.861857
47	177	0.923832
48	13	1.12019
48	28	1.05615
48	33	1.1749
48	73	1.08428
48	74	1.23727
48	82	1.15458
48	111	0.924016
48	115	0.722974
48	143	0.863156
48	144	1.16257
48	149	1.12644
48	157	1.10813
48	165	0.961876
48	169	0.886374
48	175	0.895594
48	180	0.980053
49	36	0.894539
49	60	0.892044
49	80	0.872482
49	95	1.04503
49	108	0.867809
49	111	1.03319
49	119	1.07011
49	122	1.0699
49	125	0.961978
49	140	1.0769
49	142	1.0377
49	173	1.01518
49	174	1.03325
49	178	0.968015
49	179	0.90157
49	180	0.960871
50	26	1.16716
50	27	1.20078
50	37	1.31525
50	53	1.18369
50	55	1.40366
50	60	1.26073
50	61	1.26025
50	128	1.25794
50	145	0.742813
50	150	1.15852
50	158	0.704584
50	160	0.727921
50	166	0.675951
50	167	0.821433
50	177	0.819988
50	180	0.863567
51	1	1.29206
51	5	1.12911
51	12	1.30528
51	22	1.22537
51	56	1.27599
51	65	1.23152
51	115	1.30871
51	136	1.21081
51	145	0.707426
51	151	0.69303
51	161	0.83821
51	163	1.23255
51	168	0.684268
51	169	0.734502
51	174	0.71727
51	179	0.985262
52	35	1.3262
52	38	1.31246
52	57	1.25858
52	58	1.14813
52	68	1.20015
52	77	1.27397
52	94	1.18252
52	111	0.851593
52	130	0.639002
52	138	1.28583
52	146	0.725308
52	153	0.745179
52	154	0.723274
52	163	1.22114
52	174	0.79672
52	177	0.864051
53	21	1.23963
53	26	0.997315
53	31	1.14117
53	37	1.14541
53	50	1.18369
53	55	1.23382
53	60	1.09089
53	61	1.09042
53	88	0.791015
53	128	1.0881
53	150	0.988681
53	161	0.985733
53	163	0.855261
53	167	0.933568
53	168	0.831791
53	169	0.882025
54	14	1.08687
54	23	0.963556
54	39	1.18089
54	70	1.11525
54	87	1.14113
54	96	1.20493
54	102	1.16572
54	107	1.1212
54	113	1.17484
54	145	0.82559
54	160	0.810698
54	167	1.04537
54	173	0.84079
54	177	0.902765
54	178	0.954542
54	180	0.946345
55	21	1.45959
55	27	1.2509
55	31	1.36113
55	37	1.36537
55	50	1.40366
55	53	1.23382
55	60	1.31085
55	61	1.31038
55	146	0.632419
55	148	0.805878
55	150	1.20864
55	152	0.750688
55	158	0.655758
55	160	0.679095
55	162	0.674235
55	169	0.721063
55	180	0.814741
56	1	1.23247
56	5	1.06951
56	12	1.24568
56	22	1.16578
56	51	1.27599
56	65	1.17193
56	115	1.24912
56	117	1.15535
56	123	0.783442
56	136	1.15121
56	150	0.87536
56	160	0.72558
56	163	1.17296
56	165	0.980865
56	166	0.67361
56	169	0.767548
56	170	0.843219
57	15	1.34908
57	38	1.25827
57	52	1.25858
57	58	1.09395
57	68	1.14597
57	77	1.21979
57	94	1.12834
57	138	1.23165
57	139	1.19475
57	151	0.783549
57	155	0.724043
57	162	0.778193
57	165	1.02299
57	167	0.876564
57	168	0.774786
57	175	0.83424
57	177	0.875119
58	8	1.14554
58	35	1.16158
58	52	1.14813
58	57	1.09395
58	68	1.03553
58	77	1.10935
58	85	1.14421
58	94	1.0179
58	138	1.12121
58	139	1.08431
58	148	0.945925
58	151	0.819639
58	163	1.05652
58	165	0.912552
58	169	0.86111
58	170	0.936782
58	175	0.87033
59	2	1.00053
59	10	1.14202
59	17	1.09993
59	18	1.07589
59	24	1.08401
59	47	1.06158
59	69	1.06827
59	83	1.04991
59	84	0.82278
59	117	1.05996
59	144	1.1343
59	147	0.906761
59	154	0.924118
59	155	0.913818
59	157	1.07985
59	160	1.09329
59	166	0.920858
60	21	1.31666
60	26	1.07435
60	31	1.21821
60	37	1.22244
60	49	0.892044
60	50	1.26073
60	53	1.09089
60	55	1.31085
60	61	1.16745
60	128	1.16513
60	137	0.726922
60	148	0.873441
60	150	1.06571
60	161	0.892334
60	162	0.741799
60	163	0.761862
60	166	0.694688
61	21	1.31619
61	26	1.07388
61	31	1.21773
61	37	1.22197
61	50	1.26025
61	53	1.09042
61	55	1.31038
61	60	1.16745
61	88	0.729806
61	118	0.803889
61	128	1.16466
61	147	0.712782
61	150	1.06524
61	153	0.752044
61	170	0.896488
61	175	0.830036
61	178	0.922692
62	14	1.17193
62	23	1.04861
62	70	1.2003
62	87	1.22618
62	96	1.28998
62	101	0.689901
62	102	1.25078
62	107	1.20625
62	113	1.25989
62	150	1.11047
62	153	0.779611
62	160	0.806415
62	166	0.754445
62	167	1.13042
62	170	0.924055
62	174	0.831152
62	175	0.857603
63	29	1.26496
63	66	1.18363
63	79	1.1349
63	97	1.16141
63	112	0.705665
63	114	1.24661
63	125	1.13545
63	132	1.23677
63	144	1.23521
63	147	0.739652
63	166	0.753748
63	169	0.847686
63	171	0.954096
63	172	1.19412
63	174	0.830454
63	176	0.825375
63	177	1.11388
64	2	1.10707
64	10	1.24857
64	17	1.20648
64	18	1.18244
64	24	1.19055
64	47	1.16813
64	83	1.15645
64	131	0.689351
64	143	0.800804
64	144	1.24084
64	157	1.1864
64	159	0.77535
64	160	1.19983
64	168	0.773789
64	170	0.899694
64	175	0.833243
64	177	0.874121
65	1	1.188
65	5	1.02505
65	12	1.20122
65	22	1.12131
65	27	1.08774
65	51	1.23152
65	56	1.17193
65	115	1.20465
65	117	1.11088
65	136	1.10675
65	148	0.87573
65	154	0.700237
65	163	1.12849
65	167	0.842459
65	173	0.779039
65	177	0.841014
65	179	1.04168
65	180	0.884593
66	20	0.88808
66	63	1.18363
66	71	1.1312
66	79	1.09108
66	97	1.11759
66	98	1.23212
66	101	0.712325
66	114	1.20279
66	117	0.841924
66	120	1.15475
66	125	1.09163
66	132	1.19296
66	163	0.844043
66	172	1.15031
66	173	0.858932
66	175	0.880028
66	176	0.848496
66	177	1.07007
67	25	1.01689
67	75	0.998729
67	96	1.03325
67	107	1.01107
67	111	0.99263
67	122	1.02771
67	150	0.924612
67	153	1.03835
67	156	0.995567
67	159	1.03663
67	161	0.932713
67	169	0.982079
67	171	0.91825
67	174	0.992694
67	175	0.973864
67	176	1.00698
67	179	0.861014
67	180	0.920314
68	8	1.19755
68	15	1.29065
68	35	1.2136
68	38	1.19985
68	52	1.20015
68	57	1.14597
68	58	1.03553
68	77	1.16136
68	94	1.06991
68	112	0.714879
68	117	0.828017
68	154	0.766223
68	161	0.960609
68	163	1.10853
68	165	0.964565
68	167	0.908445
68	170	0.932572
68	173	0.845025
69	10	0.82513
69	37	0.790544
69	45	1.10199
69	59	1.06827
69	72	1.07036
69	80	0.822542
69	89	1.09375
69	102	1.13296
69	107	1.08843
69	108	0.817869
69	113	1.14208
69	144	0.850092
69	159	1.10467
69	165	0.931697
69	167	1.0126
69	178	0.995502
69	179	0.929057
69	180	0.988358
70	23	0.991477
70	39	1.20881
70	54	1.11525
70	62	1.2003
70	87	1.16905
70	96	1.23285
70	102	1.19364
70	107	1.14912
70	113	1.20276
70	117	0.834216
70	137	0.801396
70	150	1.05334
70	156	0.842584
70	158	0.797794
70	162	0.816272
70	167	1.07329
70	177	0.913198
70	180	0.956778
71	66	1.1312
71	79	1.08247
71	81	1.11982
71	98	1.22351
71	114	1.19418
71	115	1.20221
71	120	1.14614
71	125	1.08302
71	132	1.18434
71	146	0.769306
71	156	0.837434
71	164	0.734474
71	166	0.764011
71	170	0.933621
71	172	1.14169
71	177	1.06145
71	178	0.959825
71	180	0.951628
72	3	1.17467
72	25	1.20121
72	36	1.20977
72	40	1.14688
72	45	1.15056
72	69	1.07036
72	75	1.11634
72	76	1.10825
72	81	0.794371
72	89	1.14231
72	116	0.842413
72	139	1.15202
72	147	0.71385
72	152	0.85151
72	157	1.12651
72	163	0.79512
72	165	1.0352
72	178	0.92376
73	13	1.12231
73	19	1.37749
73	28	1.05826
73	33	1.17702
73	48	1.08428
73	74	1.23938
73	82	1.1567
73	130	0.709918
73	141	1.05889
73	144	1.16469
73	145	0.857791
73	149	1.12856
73	154	0.794189
73	157	1.11024
73	165	0.963994
73	166	0.790929
73	173	0.872991
73	174	0.867636
74	13	1.2753
74	28	1.21125
74	33	1.33001
74	48	1.23727
74	73	1.23938
74	82	1.30969
74	115	0.622578
74	131	0.651307
74	144	1.31768
74	148	0.870794
74	149	1.28155
74	157	1.26323
74	159	0.737306
74	165	1.11698
74	168	0.735745
74	169	0.785979
74	175	0.795199
74	177	0.836078
75	3	1.17209
75	36	1.20719
75	40	1.14429
75	45	1.14797
75	67	0.998729
75	72	1.11634
75	76	1.10567
75	78	1.17603
75	89	1.13973
75	118	1.10167
75	139	1.14944
75	157	1.12392
75	159	0.734351
75	163	0.75626
75	174	0.765792
75	176	0.760713
75	177	0.833123
75	179	1.03378
76	3	1.164
76	25	1.19053
76	36	1.1991
76	40	1.1362
76	45	1.13988
76	72	1.10825
76	75	1.10567
76	78	1.16794
76	89	1.13164
76	137	0.734787
76	139	1.14135
76	157	1.11583
76	163	0.769726
76	167	0.848034
76	171	0.9029
76	176	0.774179
76	179	1.04725
76	180	0.890169
77	8	1.27137
77	15	1.36447
77	38	1.27367
77	52	1.27397
77	57	1.21979
77	58	1.10935
77	68	1.16136
77	84	0.623372
77	94	1.14373
77	111	0.853028
77	138	1.24704
77	148	0.900202
77	151	0.773916
77	153	0.746615
77	163	1.18235
77	164	0.691912
77	165	1.03839
77	171	0.921797
77	175	0.824607
78	3	1.23436
78	25	1.26089
78	36	1.26946
78	40	1.20656
78	45	1.21024
78	75	1.17603
78	76	1.16794
78	89	1.202
78	106	0.650025
78	118	1.16394
78	139	1.21171
78	150	0.88779
78	152	0.809604
78	153	0.711206
78	157	1.1862
78	165	0.993295
78	168	0.729744
78	169	0.779978
78	174	0.762747
79	63	1.1349
79	66	1.09108
79	71	1.08247
79	97	1.06885
79	98	1.18338
79	114	1.15406
79	120	1.10601
79	123	0.93712
79	125	1.04289
79	132	1.14422
79	138	1.15062
79	153	0.852454
79	155	0.820249
79	164	0.797751
79	171	1.02764
79	172	1.10157
79	173	0.90935
79	174	0.903994
79	177	1.02133
80	30	1.28792
80	42	1.23297
80	43	1.23243
80	46	1.18253
80	49	0.872482
80	69	0.822542
80	88	0.678054
80	93	1.22287
80	100	1.14556
80	103	1.24077
80	108	1.24073
80	133	0.713892
80	150	0.876875
80	154	0.678386
80	156	0.748549
80	172	1.2136
80	173	1.16497
80	175	0.778284
80	177	1.13336
81	12	0.771693
81	15	0.725708
81	19	0.668085
81	23	1.07287
81	31	0.804178
81	71	1.11982
81	72	0.794371
81	86	0.785716
81	114	1.19141
81	126	1.16264
81	132	1.18157
81	135	1.11996
81	140	1.15201
81	142	1.11281
81	162	1.1385
81	177	1.05868
81	178	1.04312
81	179	0.976679
81	180	1.03598
82	13	1.19261
82	19	1.44779
82	28	1.12857
82	33	1.24732
82	48	1.15458
82	73	1.1567
82	74	1.30969
82	141	0.956673
82	144	1.23499
82	149	1.19886
82	150	0.890464
82	157	1.18055
82	158	0.717347
82	163	0.755889
82	165	1.0343
82	166	0.688714
82	168	0.732419
82	176	0.760341
82	177	0.832752
83	2	1.02482
83	10	1.16632
83	17	1.12423
83	18	1.10018
83	24	1.1083
83	47	1.08587
83	59	1.04991
83	64	1.15645
83	117	1.08425
83	133	0.870073
83	137	0.863541
83	144	1.15859
83	157	1.10415
83	160	1.11758
83	163	0.898481
83	164	0.80177
83	173	0.913369
83	175	0.934465
83	177	0.975344
84	59	0.82278
84	77	0.623372
84	99	0.615575
84	122	0.619989
84	140	0.60868
84	141	1.15356
84	142	0.669135
84	156	1.23753
84	157	0.660842
84	162	1.2648
84	164	1.32418
84	170	1.17692
84	172	0.58801
84	174	1.23466
84	175	1.21583
84	176	1.24894
84	178	1.16942
84	179	1.10297
84	180	1.16228
85	22	1.12313
85	58	1.14421
85	102	1.04139
85	116	0.958725
85	137	1.00049
85	140	1.0838
85	146	1.01799
85	156	0.954205
85	158	1.01018
85	159	0.995267
85	164	1.04086
85	170	0.893597
85	172	1.06313
85	174	0.951332
85	175	0.932502
85	176	0.965614
85	178	0.886096
85	179	0.819651
85	180	0.878952
86	34	1.28102
86	81	0.785716
86	90	1.20627
86	91	1.21306
86	99	1.23262
86	119	1.21466
86	121	1.24294
86	122	1.21445
86	137	0.751526
86	139	1.22053
86	143	0.790011
86	149	1.21333
86	151	0.771758
86	154	0.722551
86	161	0.916937
86	164	0.689754
86	167	1.12967
86	173	1.15974
86	175	0.822449
87	14	1.14068
87	23	1.01736
87	39	1.23469
87	54	1.14113
87	62	1.22618
87	70	1.16905
87	96	1.25873
87	102	1.21952
87	107	1.175
87	111	0.899065
87	113	1.22864
87	130	0.686474
87	150	1.07922
87	152	0.891049
87	156	0.840908
87	164	0.737948
87	166	0.767485
87	167	1.09917
87	173	0.849548
87	180	0.955102
88	53	0.791015
88	61	0.729806
88	80	0.678054
88	98	0.68862
88	102	0.667279
88	113	0.646008
88	144	0.705604
88	147	1.26006
88	151	1.20548
88	155	1.22382
88	160	1.19889
88	166	1.22528
88	168	1.18121
88	169	1.15764
88	170	1.11052
88	171	1.09381
88	172	0.689015
88	176	1.18253
88	179	1.03657
88	180	1.09587
89	3	1.19806
89	25	1.22459
89	36	1.23315
89	40	1.17026
89	45	1.17394
89	69	1.09375
89	72	1.14231
89	75	1.13973
89	76	1.13164
89	78	1.202
89	92	0.705628
89	118	1.12764
89	123	0.840804
89	157	1.14989
89	158	0.759605
89	159	0.776237
89	165	1.03823
89	168	0.774676
89	173	0.813034
89	178	0.926786
90	16	1.14601
90	34	1.23134
90	86	1.20627
90	91	1.16338
90	99	1.18295
90	101	0.684088
90	117	0.813687
90	119	1.16499
90	121	1.19327
90	122	1.16478
90	138	1.20775
90	149	1.16366
90	152	0.872196
90	156	0.822056
90	158	0.777266
90	167	1.08
90	173	1.11007
90	174	0.825339
90	177	0.89267
90	178	0.944446
91	16	1.1528
91	34	1.23813
91	86	1.21306
91	90	1.16338
91	99	1.18974
91	119	1.17178
91	121	1.20006
91	122	1.17157
91	123	0.843793
91	124	0.754836
91	136	1.1281
91	149	1.17045
91	150	0.93571
91	155	0.726922
91	161	0.931607
91	162	0.781071
91	166	0.733961
91	167	1.08679
91	173	1.11686
91	180	0.921577
92	3	0.75017
92	5	0.884977
92	15	0.633938
92	16	0.750986
92	34	0.729639
92	89	0.705628
92	99	0.688308
92	100	1.14487
92	114	0.692833
92	134	1.27649
92	135	1.19394
92	140	1.22599
92	142	1.18679
92	171	1.1079
92	172	1.2129
92	173	1.16428
92	174	1.18234
92	177	1.13266
92	179	1.05066
92	180	1.10996
93	30	1.24439
93	42	1.18945
93	43	1.18891
93	46	1.13901
93	80	1.22287
93	100	1.10204
93	103	1.19724
93	108	1.1972
93	115	0.684548
93	123	0.863842
93	124	0.774885
93	136	1.13269
93	159	0.799276
93	167	0.899492
93	170	0.92362
93	172	1.17007
93	173	1.12144
93	175	0.857169
93	176	0.825637
93	177	1.08983
94	8	1.17992
94	15	1.27302
94	35	1.19597
94	38	1.18222
94	44	0.744627
94	52	1.18252
94	57	1.12834
94	58	1.0179
94	68	1.06991
94	77	1.14373
94	138	1.15559
94	139	1.1187
94	145	0.843107
94	147	0.762149
94	152	0.899808
94	160	0.828215
94	163	1.0909
94	165	0.946936
94	170	0.945855
94	174	0.852951
94	178	0.972059
95	49	1.04503
95	104	1.1311
95	105	1.12765
95	106	0.788837
95	109	1.13199
95	110	1.13177
95	115	0.75539
95	126	1.16573
95	127	1.13025
95	129	1.12582
95	134	1.20561
95	135	1.12306
95	140	1.1551
95	142	1.11591
95	145	0.891715
95	146	0.830147
95	156	0.898276
95	172	1.14202
95	174	0.901559
95	176	0.89648
95	177	0.96889
96	14	1.20447
96	23	1.08116
96	39	1.29849
96	54	1.20493
96	62	1.28998
96	67	1.03325
96	70	1.23285
96	87	1.25873
96	101	0.659063
96	102	1.28332
96	107	1.2388
96	113	1.29244
96	150	1.14302
96	151	0.776075
96	153	0.748774
96	155	0.716569
96	160	0.775578
96	164	0.694071
96	166	0.723608
96	167	1.16297
96	176	0.795235
97	6	1.01382
97	29	1.19892
97	41	0.856513
97	63	1.16141
97	66	1.11759
97	79	1.06885
97	98	1.20989
97	114	1.18057
97	120	1.13252
97	125	1.0694
97	132	1.17073
97	138	1.17713
97	156	0.840428
97	159	0.81227
97	163	0.834179
97	172	1.12808
97	173	0.849067
97	175	0.870163
97	176	0.838632
97	177	1.04784
97	180	0.954622
98	6	1.12835
98	66	1.23212
98	71	1.22351
98	79	1.18338
98	88	0.68862
98	97	1.20989
98	112	0.637609
98	114	1.2951
98	120	1.24705
98	125	1.18393
98	132	1.28526
98	141	0.95365
98	144	1.2837
98	151	0.738159
98	153	0.710858
98	160	0.737662
98	167	0.831174
98	172	1.24261
98	173	0.767754
98	177	1.16237
98	180	0.873308
99	16	1.17237
99	84	0.615575
99	86	1.23262
99	90	1.18295
99	91	1.18974
99	92	0.688308
99	119	1.19134
99	121	1.21962
99	122	1.19113
99	136	1.14767
99	138	1.2341
99	139	1.19721
99	141	0.981611
99	149	1.19001
99	154	0.716913
99	164	0.684115
99	166	0.713653
99	167	1.10635
99	173	1.13642
99	174	0.790359
99	178	0.909466
99	179	1.05835
100	9	0.705802
100	30	1.16708
100	41	0.921597
100	42	1.11214
100	43	1.1116
100	44	0.80047
100	46	1.0617
100	80	1.14556
100	92	1.14487
100	93	1.10204
100	103	1.11994
100	108	1.11989
100	117	0.897143
100	128	1.09354
100	136	1.05538
100	152	0.955652
100	162	0.879199
100	169	0.926027
100	172	1.09276
100	173	1.04413
100	174	0.908795
100	177	1.01252
101	28	0.798124
101	62	0.689901
101	66	0.712325
101	90	0.684088
101	96	0.659063
101	131	1.30747
101	135	0.682706
101	136	0.736327
101	151	1.24045
101	156	1.20609
101	157	0.694375
101	168	1.21618
101	169	1.19261
101	170	1.14549
101	171	1.12878
101	172	0.621543
101	174	1.20322
101	175	1.18439
101	176	1.2175
101	178	1.13799
101	179	1.07154
101	180	1.13084
102	14	1.16527
102	23	1.04195
102	39	1.25928
102	54	1.16572
102	62	1.25078
102	69	1.13296
102	70	1.19364
102	85	1.04139
102	87	1.21952
102	88	0.667279
102	96	1.28332
102	107	1.19959
102	113	1.25323
102	117	0.729405
102	147	0.650254
102	150	1.10381
102	154	0.667611
102	156	0.737774
102	165	0.971605
102	167	1.12376
102	170	0.83396
102	180	0.851967
103	30	1.26229
103	41	0.757255
103	42	1.20735
103	43	1.20681
103	46	1.15691
103	80	1.24077
103	93	1.19724
103	100	1.11994
103	108	1.2151
103	128	1.18875
103	136	1.15059
103	145	0.734609
103	148	0.8465
103	153	0.692913
103	160	0.719717
103	169	0.761685
103	172	1.18797
103	173	1.13934
103	177	1.10773
103	178	0.86356
103	179	1.01245
103	180	0.855364
104	11	1.18899
104	95	1.1311
104	105	1.1355
104	109	1.13985
104	110	1.13963
104	115	0.693264
104	126	1.17359
104	127	1.1381
104	129	1.13368
104	134	1.21346
104	135	1.13091
104	140	1.16296
104	142	1.12376
104	152	0.88629
104	160	1.14996
104	164	0.733189
104	167	0.908208
104	168	0.80643
104	171	0.963074
104	172	1.14988
104	173	0.844789
104	175	0.865885
104	177	0.906763
105	32	1.21263
105	95	1.12765
105	104	1.1355
105	109	1.1364
105	110	1.13618
105	126	1.17014
105	127	1.13465
105	129	1.13022
105	134	1.21001
105	135	1.12746
105	137	0.796559
105	140	1.15951
105	142	1.12031
105	149	1.15139
105	153	0.789491
105	154	0.767585
105	160	1.1465
105	161	0.961971
105	163	0.831499
105	167	0.909807
105	168	0.808029
105	174	0.841031
105	177	0.908362
106	14	0.787908
106	78	0.650025
106	95	0.788837
106	108	0.634438
106	110	0.689807
106	135	0.711235
106	136	0.764856
106	144	0.66666
106	149	0.724975
106	156	1.16932
106	159	1.21038
106	162	1.19659
106	166	1.22348
106	168	1.17941
106	169	1.15583
106	171	1.092
106	174	1.16645
106	175	1.14762
106	176	1.18073
106	177	1.11677
106	178	1.10121
106	179	1.03477
106	180	1.09407
107	9	1.23323
107	14	1.12074
107	23	0.997426
107	39	1.21476
107	54	1.1212
107	62	1.20625
107	67	1.01107
107	69	1.08843
107	70	1.14912
107	87	1.175
107	96	1.2388
107	102	1.19959
107	113	1.20871
107	118	0.778439
107	124	0.722303
107	133	0.740194
107	150	1.05929
107	158	0.730061
107	165	1.00868
107	167	1.07924
107	170	0.871038
107	174	0.778135
107	180	0.889045
108	30	1.26225
108	42	1.2073
108	43	1.20676
108	46	1.15686
108	49	0.867809
108	69	0.817869
108	80	1.24073
108	93	1.1972
108	100	1.11989
108	103	1.2151
108	106	0.634438
108	128	1.1887
108	136	1.15054
108	137	0.702688
108	150	0.872203
108	152	0.794017
108	172	1.18793
108	173	1.1393
108	175	0.773612
108	176	0.74208
108	177	1.10769
108	178	0.866267
109	95	1.13199
109	104	1.13985
109	105	1.1364
109	110	1.14053
109	116	0.879064
109	126	1.17448
109	127	1.139
109	129	1.13457
109	134	1.21436
109	135	1.13181
109	140	1.16385
109	142	1.12466
109	149	1.15573
109	158	0.79323
109	160	1.15085
109	164	0.73506
109	166	0.764597
109	167	0.910079
109	170	0.934207
109	172	1.15077
109	173	0.846659
109	174	0.841303
109	177	0.908634
110	95	1.13177
110	104	1.13963
110	105	1.13618
110	106	0.689807
110	109	1.14053
110	111	0.857402
110	126	1.17427
110	127	1.13878
110	129	1.13435
110	134	1.21414
110	135	1.13159
110	137	0.758057
110	140	1.16364
110	142	1.12444
110	149	1.15552
110	160	1.15063
110	162	0.772933
110	163	0.792996
110	167	0.871304
110	169	0.819761
110	172	1.15055
110	179	1.07052
110	180	0.913439
111	1	0.800016
111	45	0.811635
111	48	0.924016
111	49	1.03319
111	52	0.851593
111	67	0.99263
111	77	0.853028
111	87	0.899065
111	110	0.857402
111	138	0.823472
111	155	1.15517
111	156	1.10248
111	158	1.15845
111	161	1.03963
111	166	1.15664
111	169	1.08899
111	171	1.02516
111	174	1.09961
111	175	1.08078
111	176	1.11389
111	178	1.03437
111	179	0.967927
111	180	1.02723
112	5	0.862238
112	19	0.553577
112	63	0.705665
112	68	0.714879
112	98	0.637609
112	133	1.23979
112	134	0.629463
112	135	0.699168
112	138	0.643809
112	146	1.28317
112	149	0.712908
112	161	1.15653
112	164	1.30604
112	166	1.27354
112	167	1.16838
112	168	1.22948
112	170	1.15878
112	171	1.14207
112	172	0.638004
112	174	1.21652
112	176	1.2308
112	178	1.15128
112	179	1.08484
112	180	1.14414
113	9	1.28688
113	14	1.17439
113	23	1.05107
113	39	1.2684
113	54	1.17484
113	62	1.25989
113	69	1.14208
113	70	1.20276
113	87	1.22864
113	88	0.646008
113	96	1.29244
113	102	1.25323
113	107	1.20871
113	116	0.757547
113	141	0.911039
113	150	1.11293
113	159	0.688345
113	163	0.710254
113	165	0.950335
113	167	1.13288
113	173	0.725143
113	174	0.719787
113	179	0.987779
113	180	0.830697
114	4	1.24541
114	6	1.09903
114	63	1.24661
114	66	1.20279
114	71	1.19418
114	79	1.15406
114	81	1.19141
114	92	0.692833
114	97	1.18057
114	98	1.2951
114	116	0.832644
114	120	1.21773
114	125	1.15461
114	132	1.25594
114	146	0.723472
114	151	0.770644
114	152	0.841741
114	160	0.770147
114	164	0.68864
114	170	0.887787
114	172	1.21328
114	174	0.794884
114	177	1.13304
114	180	0.905794
115	1	1.26519
115	48	0.722974
115	51	1.30871
115	56	1.24912
115	65	1.20465
115	71	1.20221
115	74	0.622578
115	93	0.684548
115	95	0.75539
115	104	0.693264
115	120	1.22576
115	122	0.648604
115	125	1.16264
115	129	0.684796
115	132	1.26397
115	134	0.608084
115	149	0.691528
115	157	0.689457
115	163	1.20568
115	168	1.20372
115	169	1.18014
115	178	1.12552
115	179	1.05907
115	180	1.11838
116	30	0.741877
116	38	0.719605
116	72	0.842413
116	85	0.958725
116	109	0.879064
116	113	0.757547
116	114	0.832644
116	126	0.809626
116	143	1.0991
116	152	1.08202
116	153	1.15272
116	154	1.19173
116	156	1.10994
116	157	0.873386
116	164	1.19659
116	166	1.16409
116	168	1.12003
116	170	1.04933
116	172	0.800554
116	174	1.10706
116	175	1.08824
116	176	1.12135
116	178	1.04183
116	179	0.975385
116	180	1.03469
117	4	0.810184
117	12	1.18463
117	18	1.11023
117	47	1.09592
117	56	1.15535
117	59	1.05996
117	65	1.11088
117	66	0.841924
117	68	0.828017
117	70	0.834216
117	83	1.08425
117	90	0.813687
117	100	0.897143
117	102	0.729405
117	119	0.824669
117	126	0.760214
117	136	1.09016
117	159	1.14092
117	160	1.12763
117	163	1.11191
117	171	1.02254
117	175	1.07816
117	176	1.11127
117	179	0.965305
117	180	1.02461
118	1	0.745448
118	24	0.896953
118	33	0.83487
118	40	1.13221
118	42	0.842873
118	61	0.803889
118	75	1.10167
118	78	1.16394
118	89	1.12764
118	107	0.778439
118	120	0.782639
118	127	1.11342
118	132	0.797572
118	134	1.18878
118	135	1.10623
118	140	1.13828
118	142	1.09908
118	144	0.779687
118	152	1.06958
118	157	1.11184
118	171	1.02018
118	176	1.10891
118	178	1.02939
118	179	0.962947
118	180	1.02225
119	16	1.15441
119	34	1.23974
119	49	1.07011
119	86	1.21466
119	90	1.16499
119	91	1.17178
119	99	1.19134
119	117	0.824669
119	121	1.20166
119	122	1.17317
119	124	0.78049
119	131	0.718881
119	136	1.12971
119	138	1.21614
119	139	1.17925
119	147	0.745518
119	149	1.17205
119	156	0.833038
119	160	0.811585
119	164	0.730078
119	167	1.08839
119	173	1.11846
119	175	0.862773
119	178	0.955428
119	180	0.947231
120	4	1.19737
120	6	1.05098
120	29	1.23608
120	66	1.15475
120	71	1.14614
120	79	1.10601
120	97	1.13252
120	98	1.24705
120	114	1.21773
120	115	1.22576
120	118	0.782639
120	125	1.10657
120	132	1.20789
120	133	0.744394
120	141	0.973586
120	144	1.20633
120	147	0.691532
120	148	0.884381
120	155	0.698589
120	162	0.752739
120	167	0.85111
120	172	1.16524
120	173	0.78769
120	177	1.085
120	179	1.05033
121	16	1.18269
121	34	1.26802
121	86	1.24294
121	90	1.19327
121	91	1.20006
121	99	1.21962
121	119	1.20166
121	122	1.20145
121	136	1.15799
121	138	1.24442
121	139	1.20753
121	141	0.941908
121	149	1.20033
121	150	0.8757
121	159	0.719215
121	163	0.741124
121	166	0.67395
121	167	1.11667
121	173	1.14674
121	174	0.750656
121	176	0.745577
121	177	0.817987
121	178	0.869763
121	180	0.861567
122	16	1.1542
122	34	1.23953
122	49	1.0699
122	67	1.02771
122	84	0.619989
122	86	1.21445
122	90	1.16478
122	91	1.17157
122	99	1.19113
122	115	0.648604
122	119	1.17317
122	121	1.20145
122	124	0.738941
122	136	1.1295
122	138	1.21593
122	139	1.17904
122	149	1.17184
122	159	0.763331
122	160	0.770036
122	162	0.765177
122	165	1.02532
122	167	1.08818
122	173	1.11825
122	176	0.789693
122	180	0.905683
123	4	0.854961
123	17	0.900911
123	18	0.89363
123	56	0.783442
123	79	0.93712
123	89	0.840804
123	91	0.843793
123	93	0.863842
123	130	1.22032
123	138	0.801724
123	148	1.04597
123	152	1.05543
123	159	1.12442
123	161	1.0205
123	162	1.11063
123	164	1.17001
123	166	1.13751
123	169	1.06987
123	170	1.02275
123	171	1.00604
123	173	1.06242
123	175	1.06165
123	176	1.09476
123	178	1.01525
123	179	0.948802
123	180	1.0081
124	12	0.726143
124	43	0.81023
124	91	0.754836
124	93	0.774885
124	107	0.722303
124	119	0.78049
124	122	0.738941
124	127	0.773943
124	134	0.698421
124	147	1.23876
124	150	1.07886
124	153	1.1926
124	155	1.20251
124	157	0.779794
124	158	1.20579
124	159	1.19088
124	161	1.08696
124	166	1.20397
124	170	1.08921
124	171	1.0725
124	174	1.14695
124	175	1.12812
124	176	1.16123
124	178	1.08171
124	179	1.01527
124	180	1.07457
125	4	1.13425
125	6	0.987867
125	29	1.17296
125	49	0.961978
125	63	1.13545
125	66	1.09163
125	71	1.08302
125	79	1.04289
125	97	1.0694
125	98	1.18393
125	114	1.15461
125	115	1.16264
125	120	1.10657
125	132	1.14477
125	138	1.15117
125	144	1.14321
125	155	0.757583
125	158	0.793255
125	160	0.816592
125	161	0.962268
125	164	0.735085
125	172	1.10212
125	173	0.846685
125	175	0.867781
125	177	1.02188
125	178	0.960436
125	179	1.10932
126	81	1.16264
126	95	1.16573
126	104	1.17359
126	105	1.17014
126	109	1.17448
126	110	1.17427
126	116	0.809626
126	117	0.760214
126	127	1.17274
126	128	1.18529
126	129	1.16831
126	134	1.2481
126	135	1.16555
126	140	1.1976
126	142	1.1584
126	145	0.762022
126	147	0.681063
126	149	1.18947
126	154	0.69842
126	160	1.18459
126	168	0.738864
126	171	0.895507
126	172	1.18451
126	174	0.771866
126	176	0.766786
126	178	0.890973
126	179	1.03986
127	7	1.18672
127	32	1.21523
127	95	1.13025
127	104	1.1381
127	105	1.13465
127	109	1.139
127	110	1.13878
127	118	1.11342
127	124	0.773943
127	126	1.17274
127	128	1.1498
127	129	1.13282
127	130	0.672056
127	134	1.21261
127	135	1.13006
127	140	1.16211
127	142	1.12291
127	156	0.826491
127	160	1.14911
127	164	0.72353
127	168	0.796772
127	171	0.953415
127	172	1.14902
127	173	0.83513
127	174	0.829774
127	175	0.856226
127	176	0.824694
127	179	1.09777
128	26	1.07156
128	50	1.25794
128	53	1.0881
128	60	1.16513
128	61	1.16466
128	100	1.09354
128	103	1.18875
128	108	1.1887
128	126	1.18529
128	127	1.1498
128	134	1.22516
128	135	1.14261
128	140	1.17466
128	141	0.962045
128	142	1.13546
128	146	0.699381
128	148	0.87284
128	151	0.746554
128	156	0.76751
128	159	0.739352
128	165	1.00134
128	169	0.788025
128	171	0.894435
128	172	1.16157
128	173	1.11294
128	174	0.770793
128	177	1.08133
128	179	1.03879
129	7	1.18229
129	11	1.18372
129	32	1.2108
129	95	1.12582
129	104	1.13368
129	105	1.13022
129	109	1.13457
129	110	1.13435
129	115	0.684796
129	126	1.16831
129	127	1.13282
129	131	0.713525
129	134	1.20818
129	135	1.12563
129	140	1.15768
129	142	1.11849
129	149	1.14956
129	155	0.74722
129	160	1.14468
129	161	0.951905
129	162	0.801369
129	163	0.821433
129	164	0.724721
129	167	0.899741
129	171	0.954606
129	172	1.1446
129	178	0.950072
129	180	0.941875
130	11	0.661569
130	18	0.702787
130	43	0.708343
130	52	0.639002
130	73	0.709918
130	87	0.686474
130	123	1.22032
130	127	0.672056
130	132	0.639549
130	144	0.621665
130	149	0.679979
130	152	1.21446
130	153	1.28516
130	155	1.29507
130	157	0.677908
130	159	1.28344
130	161	1.17953
130	162	1.26965
130	166	1.29654
130	168	1.25247
130	169	1.22889
130	170	1.18177
130	171	1.16506
130	172	0.605076
130	176	1.25379
130	178	1.17427
130	179	1.10783
130	180	1.16713
131	10	0.636981
131	15	0.618549
131	21	0.641565
131	42	0.725129
131	64	0.689351
131	74	0.651307
131	101	1.30747
131	119	0.718881
131	129	0.713525
131	132	0.679827
131	141	1.12282
131	142	0.726478
131	144	0.661942
131	149	0.720257
131	151	1.24115
131	155	1.25949
131	156	1.20679
131	157	0.718186
131	158	1.26277
131	162	1.23406
131	164	1.29345
131	166	1.26095
131	168	1.21688
131	169	1.1933
131	171	1.12948
131	174	1.20392
131	175	1.18509
131	176	1.2182
131	178	1.13868
131	179	1.07224
131	180	1.13154
132	4	1.23557
132	6	1.08919
132	20	0.831772
132	29	1.27429
132	63	1.23677
132	66	1.19296
132	71	1.18434
132	79	1.14422
132	81	1.18157
132	97	1.17073
132	98	1.28526
132	114	1.25594
132	115	1.26397
132	118	0.797572
132	120	1.20789
132	125	1.14477
132	130	0.639549
132	131	0.679827
132	138	1.2525
132	143	0.79128
132	144	1.24454
132	146	0.725855
132	147	0.706464
132	150	0.92231
132	155	0.713522
132	161	0.918207
132	163	0.787735
132	164	0.691023
132	172	1.20345
132	174	0.797267
132	177	1.12321
133	8	0.724779
133	16	0.815096
133	22	0.78486
133	26	0.90263
133	29	0.677237
133	41	1.10085
133	43	0.828121
133	80	0.713892
133	83	0.870073
133	107	0.740194
133	112	1.23979
133	120	0.744394
133	136	0.839637
133	141	1.04185
133	145	1.12534
133	147	1.21476
133	148	1.08843
133	149	0.799757
133	151	1.16018
133	153	1.16861
133	155	1.17851
133	164	1.21248
133	166	1.17998
133	168	1.13591
133	169	1.11233
133	170	1.06521
133	171	1.0485
133	174	1.12295
133	175	1.10412
133	178	1.05771
133	179	0.991268
133	180	1.05057
134	7	1.26208
134	11	1.2635
134	27	1.16799
134	32	1.29059
134	92	1.27649
134	95	1.20561
134	104	1.21346
134	105	1.21001
134	109	1.21436
134	110	1.21414
134	112	0.629463
134	115	0.608084
134	118	1.18878
134	124	0.698421
134	126	1.2481
134	127	1.21261
134	128	1.22516
134	129	1.20818
134	135	1.20542
134	140	1.23747
134	142	1.19827
134	143	0.748266
134	146	0.682841
134	155	0.670507
134	156	0.750969
134	158	0.706179
134	160	1.22447
134	161	0.875192
134	163	0.74472
134	165	0.984801
134	167	0.823028
134	169	0.771485
134	171	0.877894
134	172	1.22438
134	178	0.87336
135	7	1.17952
135	11	1.18095
135	27	1.08544
135	32	1.20804
135	44	0.715633
135	81	1.11996
135	92	1.19394
135	95	1.12306
135	101	0.682706
135	104	1.13091
135	105	1.12746
135	106	0.711235
135	109	1.13181
135	110	1.13159
135	112	0.699168
135	118	1.10623
135	126	1.16555
135	127	1.13006
135	128	1.14261
135	129	1.12563
135	134	1.20542
135	140	1.15492
135	142	1.11572
135	149	1.1468
135	150	0.949001
135	151	0.799718
135	153	0.772417
135	160	1.14191
135	161	0.944897
135	163	0.814425
135	167	0.892733
135	169	0.841189
135	171	0.947599
135	172	1.14183
135	177	0.891288
135	180	0.934868
136	5	1.00433
136	22	1.10059
136	43	1.14225
136	46	1.09235
136	51	1.21081
136	56	1.15121
136	65	1.10675
136	91	1.1281
136	93	1.13269
136	99	1.14767
136	100	1.05538
136	101	0.736327
136	103	1.15059
136	106	0.764856
136	108	1.15054
136	117	1.09016
136	119	1.12971
136	121	1.15799
136	122	1.1295
136	133	0.839637
136	143	0.871591
136	154	0.804132
136	158	0.829504
136	162	0.847982
136	163	1.10777
136	164	0.771334
136	165	1.10813
136	167	1.04472
136	168	0.844576
136	169	0.89481
136	170	0.970481
136	171	1.00122
136	172	1.12341
136	173	1.07478
136	177	1.04317
137	7	0.730697
137	29	0.670706
137	40	0.709584
137	60	0.726922
137	70	0.801396
137	76	0.734787
137	83	0.863541
137	85	1.00049
137	86	0.751526
137	105	0.796559
137	108	0.702688
137	110	0.758057
137	142	0.799447
137	145	1.15122
137	147	1.24064
137	148	1.11432
137	149	0.793225
137	151	1.18606
137	153	1.19449
137	154	1.23349
137	158	1.20768
137	159	1.19276
137	161	1.08885
137	162	1.17898
137	164	1.23836
137	166	1.20586
137	168	1.16179
137	170	1.09109
137	171	1.07439
137	172	0.718322
137	174	1.14883
137	175	1.13
137	176	1.16311
137	178	1.08359
137	179	1.01715
137	180	1.07645
138	38	1.28553
138	41	0.781401
138	52	1.28583
138	57	1.23165
138	58	1.12121
138	77	1.24704
138	79	1.15062
138	90	1.20775
138	94	1.15559
138	97	1.17713
138	99	1.2341
138	111	0.823472
138	112	0.643809
138	119	1.21614
138	121	1.24442
138	122	1.21593
138	123	0.801724
138	125	1.15117
138	132	1.2525
138	144	1.25094
138	147	0.677796
138	150	0.893642
138	153	0.717058
138	158	0.720525
138	159	0.737157
138	161	0.889538
138	162	0.739003
138	163	1.19421
138	165	1.05025
138	166	0.691892
138	170	0.861502
138	172	1.20985
138	173	1.16122
138	175	0.79505
