1	37	1.32571
1	39	1.31705
1	42	1.34069
1	44	0.351125
1	60	1.40485
1	81	0.401447
1	89	1.13764
1	102	1.40445
1	114	1.39346
1	132	0.676708
1	157	0.656733
1	175	1.4129
2	61	1.16797
2	76	1.18973
2	83	1.28677
2	89	0.993265
2	91	1.1374
2	95	1.16399
2	97	0.39422
2	120	0.495764
2	135	1.28257
2	161	1.0265
2	162	1.1662
2	175	1.34837
3	5	0.61763
3	84	1.26064
3	95	1.10737
3	110	1.29731
3	115	1.25028
3	121	0.746648
3	132	1.08625
3	135	1.22594
3	140	0.814588
3	148	0.862646
3	157	1.07984
3	175	1.29174
4	70	0.460209
4	81	1.40347
4	90	1.21468
4	97	1.36942
4	121	1.33321
4	162	1.15937
4	168	1.07086
4	169	1.00953
4	171	0.419754
4	177	0.445578
4	178	0.433488
4	180	1.04006
5	3	0.61763
5	11	1.42682
5	39	0.349203
5	52	0.300351
5	83	0.306266
5	130	1.47682
5	170	1.21689
5	174	1.16039
5	175	0.179915
5	176	1.44212
5	178	1.43743
5	179	1.43934
6	30	1.51771
6	85	1.44439
6	95	1.30525
6	96	0.36759
6	119	1.43943
6	120	0.502124
6	126	1.08374
6	157	0.614755
6	162	1.30745
6	163	0.647713
6	165	1.09724
6	175	1.48962
7	84	0.341667
7	122	0.416981
7	136	1.37248
7	151	1.54005
7	164	1.44247
7	167	1.2974
7	169	1.30317
7	172	1.3113
7	175	0.211015
7	177	0.319941
7	178	0.307851
7	180	1.3337
8	17	0.422558
8	71	0.84514
8	107	1.08205
8	130	1.22181
8	137	1.08248
8	161	0.890149
8	167	0.879038
8	172	0.892936
8	175	0.633272
8	176	1.18712
8	178	1.18242
8	179	1.18434
9	48	0.312189
9	51	1.71826
9	52	0.304876
9	62	0.384482
9	111	0.344944
9	126	1.18474
9	144	1.27426
9	149	1.41158
9	155	0.242422
9	156	1.46538
9	169	1.23475
9	170	1.31183
10	51	0.448241
10	111	1.31288
10	134	0.588406
10	140	0.636577
10	143	0.588906
10	144	0.937246
10	145	1.38661
10	159	1.37354
10	160	1.33274
10	176	1.39872
10	177	1.4024
10	178	1.39402
11	5	1.42682
11	33	0.452811
11	73	1.33575
11	114	1.41308
11	119	0.338927
11	130	1.43754
11	131	1.42582
11	175	1.43253
11	176	0.276962
11	177	0.269919
11	178	0.257829
11	180	1.13105
12	24	0.415677
12	31	0.417105
12	47	1.47548
12	59	1.28679
12	68	1.37913
12	73	1.35822
12	78	1.33108
12	126	0.894763
12	130	1.46001
12	132	0.445752
12	148	1.30876
12	165	1.05752
13	101	0.566807
13	142	1.1697
13	145	1.20786
13	152	0.611507
13	160	1.154
13	166	0.966297
13	171	1.19371
13	176	1.21997
13	177	1.22366
13	178	1.21528
13	179	1.21719
13	180	0.899558
14	18	0.432817
14	26	0.346067
14	55	0.365943
14	100	1.34347
14	109	1.50328
14	129	1.5378
14	133	1.3379
14	144	1.23933
14	156	1.43046
14	172	1.20796
14	176	0.239502
14	179	0.214227
15	86	0.332848
15	98	0.417521
15	120	1.46422
15	146	1.62755
15	157	1.36487
15	160	0.302587
15	163	1.33355
15	172	1.2529
15	173	1.29188
15	174	1.26535
15	176	0.282008
15	178	0.262876
16	21	1.19479
16	26	0.480316
16	46	1.41414
16	93	0.250441
16	121	1.49625
16	129	1.51055
16	167	1.16681
16	168	1.2339
16	171	0.340886
16	172	1.18071
16	177	0.36671
16	178	0.35462
16	180	1.2031
17	8	0.422558
17	22	1.42056
17	27	0.622759
17	44	0.349322
17	52	1.428
17	61	1.22531
17	76	1.24707
17	91	0.883203
17	152	1.2556
17	157	1.1938
17	162	1.22354
17	165	0.985945
17	175	1.40571
18	14	0.432817
18	45	1.26396
18	50	0.879853
18	96	0.627035
18	108	1.22778
18	124	1.33288
18	128	0.709318
18	129	0.594427
18	171	1.29475
18	176	1.32102
18	177	1.3247
18	178	1.31632
18	179	1.31824
19	108	1.2316
19	121	0.497845
19	151	0.606513
19	154	1.30063
19	155	1.29967
19	156	0.567923
19	159	1.29966
19	168	0.851552
19	171	1.29857
19	177	1.32852
19	178	1.32014
19	179	1.32205
19	180	0.87978
20	103	1.2659
20	121	0.527075
20	136	0.766745
20	142	1.26794
20	145	1.3061
20	149	0.756063
20	152	0.620957
20	158	0.731209
20	171	1.29194
20	176	1.31821
20	177	1.32189
20	178	1.31351
20	179	1.31543
21	16	1.19479
21	46	1.07729
21	49	1.22408
21	50	0.930939
21	74	0.722762
21	140	1.05931
21	146	1.21851
21	147	0.677393
21	158	0.981933
21	164	0.975026
21	173	0.882843
21	174	0.856313
21	178	0.716246
22	17	1.42056
22	40	1.39291
22	61	1.31197
22	76	1.33373
22	84	1.46127
22	90	0.412916
22	110	1.49794
22	132	1.28688
22	137	0.449858
22	138	0.671114
22	149	0.583518
22	153	0.689871
22	167	0.958545
22	175	1.49237
23	36	1.34056
23	53	1.02179
23	66	0.481919
23	68	1.31707
23	73	1.29616
23	78	1.26902
23	82	1.05613
23	93	1.43341
23	125	0.66283
23	130	1.39795
23	132	0.79816
23	133	0.767549
23	161	1.06629
23	180	0.904135
24	12	0.415677
24	26	0.406654
24	72	0.321529
24	75	1.38601
24	102	1.51108
24	119	1.46934
24	120	1.40698
24	145	0.293368
24	150	1.37642
24	162	1.33736
24	171	0.267223
24	172	1.19566
24	175	1.51953
24	177	0.293047
25	50	0.98903
25	68	0.527883
25	97	1.25371
25	105	0.576689
25	112	0.541591
25	113	1.32131
25	131	1.21911
25	143	1.18542
25	146	1.2766
25	156	1.12445
25	163	0.982601
25	168	0.955149
25	169	0.893821
25	177	0.508396
26	14	0.346067
26	16	0.480316
26	24	0.406654
26	29	1.40554
26	128	0.622568
26	141	1.41232
26	155	1.38112
26	158	0.735599
26	162	0.691811
26	171	1.38002
26	176	1.40628
26	177	1.40997
26	178	1.40159
26	179	1.4035
27	17	0.622759
27	34	1.36569
27	52	0.443629
27	54	1.10048
27	61	0.336442
27	74	0.426545
27	93	0.31585
27	114	1.25323
27	116	1.24998
27	131	1.26596
27	171	1.21672
27	175	1.27267
27	178	1.23829
27	179	1.24021
28	109	0.525185
28	134	0.534511
28	139	0.807451
28	148	0.630741
28	150	0.643092
28	151	0.62341
28	155	1.39334
28	159	1.39334
28	160	1.35253
28	171	1.39224
28	176	1.41851
28	177	1.42219
28	178	1.41381
28	179	1.41573
29	26	1.40554
29	65	0.367078
29	113	0.395115
29	144	0.801507
29	147	1.38761
29	148	0.548897
29	153	0.76824
29	160	1.35143
29	166	0.881571
29	171	1.39114
29	176	1.41741
29	177	1.42109
29	178	1.41271
29	179	1.41463
30	6	1.51771
30	53	0.876498
30	54	0.301045
30	59	1.3374
30	64	1.57496
30	75	1.37208
30	119	1.45542
30	126	0.846139
30	132	0.397128
30	161	0.795256
30	162	1.32344
30	165	1.11323
30	166	0.569841
30	175	1.50561
31	12	0.417105
31	36	0.383828
31	50	1.14732
31	73	0.411583
31	85	0.542859
31	114	1.36467
31	126	1.00211
31	130	0.389201
31	153	1.14657
31	166	1.09839
31	175	1.38412
31	177	1.35812
31	178	1.34974
31	179	1.35165
32	44	0.46538
32	66	0.474723
32	113	0.477221
32	116	0.492252
32	146	0.541224
32	154	1.61334
32	155	1.61238
32	156	0.585082
32	157	1.45533
32	171	1.61128
32	173	0.891354
32	177	1.64123
32	178	1.63285
32	179	1.63477
33	11	0.452811
33	35	0.535971
33	118	0.716674
33	148	0.716748
33	151	0.709417
33	154	1.32827
33	155	1.32731
33	156	0.670828
33	159	1.3273
33	160	1.2865
33	171	1.32621
33	176	1.35248
33	177	1.35616
33	178	1.34778
33	179	1.34969
34	27	1.36569
34	115	0.410856
34	124	0.396536
34	143	1.53013
34	153	1.33298
34	155	0.297684
34	158	1.38473
34	164	1.37782
34	165	1.17815
34	170	1.31561
34	172	1.24666
34	175	0.239702
34	176	0.35567
34	178	0.336538
34	180	1.26905
35	33	0.535971
35	102	0.355297
35	103	0.371103
35	128	1.43486
35	134	1.49402
35	139	1.33919
35	158	1.35114
35	163	1.29372
35	164	1.34424
35	168	1.26627
35	173	1.25205
35	174	1.22552
35	175	0.244154
35	177	0.353079
35	179	0.334846
36	23	1.34056
36	31	0.383828
36	47	1.44562
36	68	1.34926
36	78	1.30121
36	93	1.46561
36	130	1.43015
36	132	0.613796
36	137	1.29082
36	148	1.2789
36	157	0.593821
36	161	1.09848
36	164	0.554509
36	169	0.883014
36	172	0.783919
37	1	1.32571
37	39	1.29447
37	42	1.31811
37	60	1.38227
37	102	1.38187
37	114	1.37088
37	120	0.414237
37	127	1.36152
37	138	1.17359
37	157	0.526869
37	161	0.944971
37	163	0.559826
37	167	0.874899
37	175	1.39032
37	180	0.652818
38	122	1.29559
38	136	0.655318
38	145	1.34336
38	146	0.441868
38	147	1.32566
38	160	1.28949
38	162	0.575993
38	164	0.63232
38	171	1.3292
38	172	0.86173
38	176	1.35547
38	177	1.35915
38	178	1.35077
38	179	1.35268
38	180	0.797582
39	1	1.31705
39	5	0.349203
39	37	1.29447
39	42	1.30946
39	60	1.37361
39	102	1.37321
39	106	0.452424
39	114	1.36222
39	127	1.35286
39	140	0.54616
39	148	1.23543
39	163	0.767163
39	168	0.831928
39	173	0.854571
39	175	1.38167
40	22	1.39291
40	52	1.40036
40	69	0.335108
40	77	1.235
40	83	1.31647
40	94	1.39868
40	110	1.38363
40	115	1.3366
40	129	0.361096
40	138	0.701469
40	151	0.493552
40	152	1.22796
40	157	1.16616
40	174	0.8433
40	175	1.37806
41	44	1.34451
41	79	0.575843
41	106	1.34981
41	118	1.24951
41	133	1.14476
41	134	1.29577
41	150	1.19557
41	158	1.15289
41	159	0.399114
41	164	1.14599
41	170	1.08377
41	175	0.336716
41	176	0.452684
41	178	0.433552
41	180	1.03722
42	1	1.34069
42	37	1.31811
42	39	1.30946
42	60	1.39725
42	89	1.08626
42	102	1.39685
42	114	1.38586
42	121	0.349373
42	128	0.440475
42	138	1.18858
42	148	1.25906
42	161	1.02346
42	162	0.509719
42	164	0.566045
42	175	1.40531
43	48	1.25103
43	80	0.454454
43	121	0.472309
43	124	1.36403
43	146	0.498529
43	154	1.32797
43	159	1.327
43	164	0.688981
43	171	1.32591
43	172	0.918391
43	174	0.930725
43	176	1.35218
43	177	1.35586
43	178	1.34748
43	179	1.34939
44	1	0.351125
44	17	0.349322
44	32	0.46538
44	41	1.34451
44	99	1.53131
44	100	1.29497
44	108	0.538506
44	125	1.30579
44	128	1.38125
44	136	1.22064
44	141	0.419473
44	142	0.395567
44	146	1.53411
44	170	1.22841
44	172	1.15946
45	18	1.26396
45	50	0.783454
45	101	0.571
45	116	0.499065
45	137	0.617145
45	147	1.33128
45	152	0.615699
45	159	1.33591
45	160	1.29511
45	168	0.875524
45	171	1.33482
45	176	1.36109
45	177	1.36477
45	178	1.35639
45	179	1.3583
46	16	1.41414
46	21	1.07729
46	56	1.36122
46	89	1.03198
46	100	1.19872
46	135	0.49653
46	156	1.28571
46	161	1.06043
46	167	1.04932
46	170	1.13216
46	171	0.487625
46	173	1.10219
46	175	0.404523
46	177	0.513449
46	179	0.495216
46	180	1.08561
47	12	1.47548
47	36	1.44562
47	68	1.42212
47	73	1.40121
47	78	1.37407
47	81	0.173884
47	89	0.910072
47	93	1.53846
47	126	0.898155
47	127	1.46919
47	130	1.503
47	133	0.418534
47	138	0.48977
47	149	0.402173
47	161	1.17134
47	165	1.06091
48	9	0.312189
48	43	1.25103
48	92	1.21723
48	95	0.520427
48	111	1.23116
48	134	0.45645
48	142	1.26673
48	145	1.30489
48	159	1.29183
48	167	1.0407
48	168	0.790388
48	171	1.29074
48	172	0.882764
48	177	1.32068
48	178	1.31231
48	179	1.31422
49	21	1.22408
49	77	1.11605
49	90	1.40701
49	110	0.178469
49	126	1.15186
49	128	1.43179
49	130	0.341168
49	141	0.467055
49	152	1.38376
49	154	0.425893
49	164	1.34116
49	166	1.24814
49	168	1.26319
49	176	0.422859
49	179	0.397584
49	180	1.23239
50	18	0.879853
50	21	0.930939
50	25	0.98903
50	31	1.14732
50	45	0.783454
50	87	1.13252
50	95	1.05635
50	99	1.2887
50	114	0.553755
50	134	1.1978
50	151	1.1456
50	162	1.05856
50	170	0.985808
50	174	0.929307
50	179	0.661263
50	180	0.939249
51	9	1.71826
51	10	0.448241
51	55	0.430945
51	81	1.69096
51	100	1.44066
51	135	0.280544
51	142	0.324795
51	153	1.39148
51	163	1.3858
51	165	1.23664
51	167	1.29126
51	174	1.3176
51	175	0.188536
51	178	0.285372
51	179	0.279229
51	180	1.32755
52	5	0.300351
52	9	0.304876
52	17	1.428
52	27	0.443629
52	40	1.40036
52	76	1.34118
52	83	1.43822
52	110	1.50538
52	115	1.45835
52	128	0.520471
52	132	1.29433
52	135	1.43402
52	138	0.745953
52	168	0.783075
52	170	0.749242
52	175	1.49981
53	23	1.02179
53	30	0.876498
53	57	1.05161
53	87	0.998158
53	93	1.14683
53	110	0.935841
53	125	0.928819
53	130	1.11137
53	147	1.04688
53	151	1.01124
53	165	0.713984
53	166	0.820637
53	175	1.06426
53	178	1.07198
53	179	1.0739
53	180	0.804886
54	27	1.10048
54	30	0.301045
54	57	1.25058
54	77	0.887507
54	101	1.22768
54	103	0.615758
54	113	1.40081
54	128	1.20325
54	143	1.26492
54	146	1.35611
54	158	1.11953
54	167	0.96756
54	171	0.571911
54	173	1.02044
54	175	0.488809
54	179	0.579502
55	14	0.365943
55	51	0.430945
55	100	0.644753
55	103	1.33207
55	122	1.32449
55	129	0.527553
55	137	0.646669
55	142	1.3341
55	146	0.577561
55	155	1.3592
55	159	1.35919
55	171	1.3581
55	174	1.00976
55	176	1.38437
55	177	1.38805
55	178	1.37967
55	179	1.38159
56	46	1.36122
56	94	0.440221
56	104	0.4849
56	113	1.54714
56	123	1.29613
56	125	1.27411
56	126	1.06965
56	139	1.2539
56	142	0.430381
56	167	1.11389
56	168	1.18098
56	170	1.19674
56	171	0.377224
56	173	1.16677
56	174	1.14024
56	175	0.294122
56	176	0.410091
57	53	1.05161
57	54	1.25058
57	115	0.480348
57	116	1.40007
57	120	1.31021
57	121	1.41444
57	134	1.37984
57	135	0.401201
57	154	0.428196
57	162	1.2406
57	164	1.23006
57	169	1.09077
57	174	1.11135
57	175	0.309194
57	177	0.41812
57	179	0.399887
57	180	1.12129
58	60	0.458292
58	114	0.206819
58	123	1.42003
58	131	1.56885
58	133	1.38163
58	135	0.315641
58	145	0.33288
58	150	1.43244
58	162	1.39339
58	163	1.33234
58	169	1.24356
58	171	0.306735
58	173	1.29067
58	174	1.26414
58	176	0.339602
58	179	0.314326
58	180	1.27408
59	12	1.28679
59	30	1.3374
59	60	0.498215
59	70	0.387113
59	71	1.1288
59	78	1.18538
59	81	1.37124
59	85	1.26408
59	94	0.409655
59	122	0.469522
59	130	1.31432
59	148	1.16307
59	158	1.12351
59	159	0.325955
59	164	1.1166
59	171	0.346658
59	175	1.30931
60	1	1.40485
60	37	1.38227
60	39	1.37361
60	42	1.39725
60	58	0.458292
60	59	0.498215
60	88	0.593381
60	102	1.46101
60	114	1.45001
60	125	0.68422
60	126	1.08745
60	129	0.519803
60	132	0.819551
60	138	1.25273
60	148	1.32322
60	152	0.637473
60	175	1.46946
61	2	1.16797
61	17	1.22531
61	22	1.31197
61	27	0.336442
61	76	1.13849
61	77	1.17229
61	84	1.26603
61	94	1.31773
61	110	1.30269
61	115	1.25566
61	123	0.495444
61	135	1.23132
61	148	0.43818
61	157	1.08522
61	161	0.996269
61	166	0.770855
61	175	1.29712
62	9	0.384482
62	64	1.53932
62	71	1.28945
62	74	1.47002
62	85	1.42474
62	95	1.28559
62	119	1.41978
62	125	0.649604
62	131	0.503734
62	132	0.784935
62	133	0.754324
62	137	1.33564
62	146	0.535195
62	157	0.76496
62	162	1.2878
62	165	1.07759
62	175	1.46996
63	109	1.46098
63	127	0.450363
63	130	0.330755
63	141	0.456642
63	144	1.19703
63	154	0.41548
63	158	1.30373
63	164	1.29682
63	167	1.15176
63	168	1.21885
63	170	1.23461
63	172	1.16566
63	173	1.20464
63	174	1.17811
63	178	0.393314
63	179	0.387171
63	180	1.18805
64	30	1.57496
64	62	1.53932
64	71	1.36636
64	74	1.54692
64	75	1.41335
64	89	1.06603
64	97	0.370957
64	119	1.49668
64	128	0.42025
64	132	0.605108
64	146	0.355368
64	152	1.39677
64	156	0.399226
64	161	1.00324
64	162	1.3647
64	165	1.15449
64	168	0.682855
64	175	1.54687
65	29	0.367078
65	94	0.38921
65	98	0.494593
65	112	0.385232
65	119	0.421045
65	133	1.35365
65	143	1.50717
65	144	1.25508
65	156	1.44621
65	158	1.36178
65	169	1.21557
65	170	1.29266
65	172	1.22371
65	173	1.26269
65	174	1.23616
65	175	0.243111
65	179	0.333804
65	180	1.2461
66	23	0.481919
66	32	0.474723
66	68	0.397064
66	106	1.52208
66	128	1.40888
66	136	1.24827
66	137	1.37664
66	142	0.40491
66	150	1.36784
66	151	1.41584
66	154	0.387653
66	166	1.22524
66	168	1.24029
66	172	1.18709
66	174	1.19954
66	175	0.268651
66	177	0.377577
66	180	1.20948
67	69	1.3995
67	80	1.36338
67	83	0.467154
67	107	1.23238
67	134	1.32421
67	137	1.23281
67	144	1.07464
67	145	0.45005
67	151	1.27201
67	155	0.398786
67	158	1.18134
67	163	1.12391
67	168	1.09646
67	169	1.03513
67	177	0.449729
67	178	0.437639
67	179	0.431496
67	180	1.06566
68	12	1.37913
68	23	1.31707
68	25	0.527883
68	36	1.34926
68	47	1.42212
68	66	0.397064
68	73	1.30486
68	78	1.27772
68	81	0.438044
68	91	1.05302
68	93	1.44211
68	107	0.525301
68	109	0.447787
68	127	1.37284
68	130	1.40665
68	138	0.753929
68	161	1.07499
68	165	1.32507
69	40	0.335108
69	67	1.3995
69	70	0.382714
69	94	0.405255
69	99	1.55786
69	100	1.32152
69	103	0.386106
69	115	0.430311
69	143	1.46948
69	158	1.32408
69	163	1.26666
69	164	1.31718
69	167	1.17212
69	169	1.17788
69	171	0.342258
69	172	1.18601
69	178	0.355992
69	180	1.20841
70	4	0.460209
70	59	0.387113
70	69	0.382714
70	108	1.26631
70	124	1.3714
70	147	1.32974
70	152	0.526372
70	155	1.33437
70	159	1.33437
70	165	0.996849
70	168	0.786196
70	171	1.33328
70	173	0.80884
70	174	0.890906
70	176	1.35954
70	177	1.36322
70	178	1.35485
70	179	1.35676
71	8	0.84514
71	59	1.1288
71	62	1.28945
71	64	1.36636
71	74	1.29706
71	75	1.16349
71	95	1.11264
71	100	0.614211
71	117	1.20053
71	119	1.24682
71	126	1.24577
71	131	0.515559
71	135	1.23121
71	137	1.16268
71	143	0.541068
71	150	0.649149
71	165	0.904628
71	175	1.29701
72	24	0.321529
72	98	1.29709
72	129	0.422553
72	142	1.28147
72	145	1.31963
72	147	1.30194
72	150	0.57469
72	159	1.30657
72	160	1.26576
72	162	0.606687
72	167	1.05036
72	170	0.766214
72	171	1.30547
72	173	0.822691
72	176	1.33174
72	177	1.33542
72	178	1.32704
72	179	1.32896
73	11	1.33575
73	12	1.35822
73	23	1.29616
73	31	0.411583
73	47	1.40121
73	68	1.30486
73	78	1.25681
73	93	1.4212
73	118	0.481516
73	125	0.506221
73	127	1.35193
73	130	1.38574
73	138	0.682176
73	139	0.6583
73	148	1.23449
73	161	1.05408
73	164	0.582264
73	165	1.25332
74	21	0.722762
74	27	0.426545
74	62	1.47002
74	64	1.54692
74	71	1.29706
74	75	1.34405
74	85	1.43234
74	113	0.374501
74	117	1.3811
74	119	1.42739
74	120	0.555637
74	135	1.41178
74	146	0.438504
74	152	1.32747
74	157	0.668269
74	165	1.08519
74	173	0.788634
74	175	1.47757
74	180	0.794218
75	24	1.38601
75	30	1.37208
75	64	1.41335
75	71	1.16349
75	74	1.34405
75	85	1.29877
75	101	0.477101
75	119	1.29381
75	133	0.673267
75	134	0.447687
75	135	1.2782
75	138	0.744503
75	152	1.19389
75	157	0.683903
75	161	1.10201
75	162	1.16183
75	165	0.951619
75	175	1.344
75	180	0.809853
76	2	1.18973
76	17	1.24707
76	22	1.33373
76	52	1.34118
76	61	1.13849
76	83	1.25729
76	84	1.28779
76	91	0.924169
76	94	1.3395
76	110	1.32445
76	135	1.25309
76	138	0.455768
76	144	0.507792
76	152	1.16878
76	165	1.02691
76	167	0.743199
76	169	0.684361
76	174	0.5976
76	175	1.31888
77	40	1.235
77	49	1.11605
77	54	0.887507
77	61	1.17229
77	102	1.05124
77	110	1.03062
77	114	1.04025
77	134	1.01677
77	136	0.797007
77	150	0.916582
77	154	1.00581
77	156	0.958328
77	169	0.727696
77	172	0.735829
77	175	1.0597
77	176	1.03001
77	177	1.0337
77	179	1.02723
78	12	1.33108
78	23	1.26902
78	36	1.30121
78	47	1.37407
78	59	1.18538
78	68	1.27772
78	73	1.25681
78	88	0.60786
78	93	1.39406
78	128	0.649173
78	130	1.3586
78	134	0.577839
78	137	1.21927
78	143	0.578339
78	148	1.20735
78	150	0.68642
78	157	0.814055
78	161	1.02694
78	174	1.01649
79	41	0.575843
79	80	0.530205
79	101	0.597242
79	104	1.24843
79	111	1.23837
79	122	1.26433
79	134	0.567827
79	136	0.78773
79	154	1.3
79	155	1.29904
79	159	1.29903
79	162	0.708405
79	165	0.961516
79	171	1.29794
79	172	0.994142
79	176	1.32421
79	177	1.32789
79	178	1.31951
79	179	1.32143
80	43	0.454454
80	67	1.36338
80	79	0.530205
80	96	1.47152
80	105	0.468297
80	114	0.274264
80	122	0.497044
80	125	1.29622
80	139	1.27601
80	140	1.36534
80	145	0.400325
80	151	1.37864
80	153	1.23621
80	166	1.18803
80	169	1.14176
80	171	0.37418
80	172	1.14989
80	174	1.16234
80	180	1.17228
81	1	0.401447
81	4	1.40347
81	47	0.173884
81	51	1.69096
81	59	1.37124
81	68	0.438044
81	86	0.476439
81	107	1.4047
81	120	1.4269
81	134	1.49653
81	151	1.44433
81	154	0.428633
81	155	0.367614
81	167	1.20169
81	168	1.26878
81	173	1.25457
81	175	0.309631
81	179	0.400324
81	180	1.23798
82	23	1.05613
82	87	1.0325
82	89	0.785609
82	96	1.13847
82	110	0.653946
82	114	0.765553
82	115	0.953521
82	127	1.1119
82	130	1.14572
82	137	1.00639
82	144	0.848213
82	152	0.990604
82	163	0.897488
82	165	0.748332
82	175	0.782367
82	176	1.11103
82	177	1.11471
82	178	1.10633
82	179	1.10824
83	2	1.28677
83	5	0.306266
83	40	1.31647
83	52	1.43822
83	67	0.467154
83	76	1.25729
83	94	1.43654
83	96	0.444103
83	110	1.42149
83	115	1.37447
83	116	0.412532
83	135	1.35013
83	138	0.751868
83	152	1.26582
83	157	1.20402
83	161	1.10937
83	162	1.23376
83	163	0.724226
83	170	0.755157
83	175	1.41593
84	3	1.26064
84	7	0.341667
84	22	1.46127
84	61	1.26603
84	76	1.28779
84	94	1.46704
84	95	1.26205
84	106	0.413787
84	115	1.40496
84	117	1.34995
84	128	0.530686
84	140	0.507523
84	151	0.548252
84	152	1.29632
84	157	1.23452
84	158	0.643718
84	162	1.26426
84	165	1.32731
84	173	0.815934
84	175	1.44642
85	6	1.44439
85	31	0.542859
85	59	1.26408
85	62	1.42474
85	74	1.43234
85	75	1.29877
85	117	1.33582
85	119	1.3821
85	129	0.473079
85	131	0.491627
85	135	1.36649
85	137	1.29797
85	143	0.517136
85	152	1.28218
85	153	0.832209
85	157	0.752852
85	158	0.701002
85	165	1.03991
85	170	0.816741
85	175	1.43229
86	15	0.332848
86	81	0.476439
86	103	1.33692
86	105	1.3241
86	120	0.619093
86	122	1.32934
86	142	1.33895
86	152	0.569623
86	154	1.36501
86	156	0.545818
86	159	1.36404
86	162	0.636086
86	163	0.764683
86	165	1.02653
86	169	1.02092
86	171	1.36295
86	176	1.38922
86	177	1.3929
86	178	1.38452
86	179	1.38644
87	50	1.13252
87	53	0.998158
87	82	1.0325
87	122	0.653659
87	135	0.5397
87	146	1.42009
87	148	1.22307
87	153	1.13177
87	158	1.18351
87	159	0.510092
87	163	1.12609
87	164	1.17661
87	165	0.976936
87	166	1.08359
87	168	1.09864
87	170	1.1144
87	171	0.530795
87	172	1.04544
87	174	1.0579
87	175	0.447693
87	177	0.556619
88	60	0.593381
88	78	0.60786
88	93	0.351379
88	103	0.485671
88	117	1.28935
88	118	1.29664
88	128	1.28374
88	134	1.34289
88	137	1.2515
88	139	1.18807
88	140	1.2774
88	149	1.23065
88	153	1.14827
88	154	0.477724
88	159	0.421121
88	164	1.19311
88	166	1.10009
88	169	1.05382
88	172	1.06195
88	178	0.455558
88	180	1.08434
89	1	1.13764
89	2	0.993265
89	42	1.08626
89	46	1.03198
89	47	0.910072
89	64	1.06603
89	82	0.785609
89	110	1.12799
89	113	1.2179
89	126	0.740409
89	137	0.988096
89	149	0.967249
89	153	0.884871
89	162	0.94025
89	172	0.798549
89	173	0.83753
89	175	1.12242
89	176	1.09273
89	177	1.09642
89	178	1.08804
89	179	1.08995
90	4	1.21468
90	22	0.412916
90	49	1.40701
90	99	1.39864
90	104	0.558096
90	128	1.24859
90	131	1.34395
90	134	1.30774
90	142	0.503577
90	150	1.20755
90	155	0.425301
90	156	1.24929
90	159	0.429717
90	163	1.10744
90	166	1.06494
90	168	1.07999
90	170	1.09575
90	171	0.45042
90	172	1.0268
90	179	0.458011
90	180	1.04919
91	2	1.1374
91	17	0.883203
91	68	1.05302
91	76	0.924169
91	100	0.940538
91	128	1.02682
91	130	1.1339
91	139	0.931146
91	140	1.02048
91	148	0.982657
91	153	0.891351
91	156	1.02753
91	161	0.802242
91	165	0.73652
91	167	0.791131
91	171	1.07295
91	175	1.09392
91	176	1.09921
91	177	1.1029
91	178	1.09452
91	179	1.09643
92	48	1.21723
92	95	0.57281
92	98	1.28373
92	108	1.22514
92	123	0.662327
92	124	1.33023
92	128	0.580168
92	133	0.734414
92	134	0.508833
92	145	1.30627
92	147	1.28857
92	154	1.29417
92	158	0.693199
92	159	1.2932
92	171	1.29211
92	173	0.865415
92	176	1.31838
92	177	1.32206
92	178	1.31368
92	179	1.31559
92	180	0.871
93	16	0.250441
93	23	1.43341
93	27	0.31585
93	36	1.46561
93	47	1.53846
93	53	1.14683
93	68	1.44211
93	73	1.4212
93	78	1.39406
93	88	0.351379
93	127	1.48918
93	130	1.52299
93	133	0.546938
93	137	1.38367
93	139	0.594298
93	148	1.37175
93	157	0.557574
93	161	1.19133
93	165	1.18932
93	166	0.750262
93	170	0.621463
94	40	1.39868
94	56	0.440221
94	59	0.409655
94	61	1.31773
94	65	0.38921
94	69	0.405255
94	76	1.3395
94	83	1.43654
94	84	1.46704
94	110	1.5037
94	115	1.45667
94	129	0.431243
94	135	1.43233
94	137	0.550359
94	143	0.4753
94	151	0.563698
94	152	1.34803
94	157	1.28623
94	162	1.31596
94	165	1.34276
94	175	1.49813
95	2	1.16399
95	3	1.10737
95	6	1.30525
95	48	0.520427
95	50	1.05635
95	62	1.28559
95	71	1.11264
95	84	1.26205
95	92	0.57281
95	97	1.32103
95	103	0.519627
95	115	1.25169
95	142	0.528936
95	144	1.00065
95	149	1.13798
95	152	1.14304
95	155	0.45066
95	160	0.529225
95	162	1.11098
95	163	1.04993
95	171	0.475779
95	175	1.29315
96	6	0.36759
96	18	0.627035
96	80	1.47152
96	82	1.13847
96	83	0.444103
96	104	0.50853
96	107	1.34053
96	131	1.46857
96	133	1.28135
96	144	1.18278
96	150	1.33216
96	155	0.375735
96	156	1.37391
96	166	1.18955
96	169	1.14328
96	172	1.15141
96	173	1.19039
96	174	1.16386
96	176	0.43372
96	177	0.426678
96	178	0.414588
96	180	1.1738
97	2	0.39422
97	4	1.36942
97	25	1.25371
97	64	0.370957
97	95	1.32103
97	120	1.39285
97	127	0.504627
97	147	0.408724
97	155	0.408724
97	156	1.40403
97	163	1.26218
97	164	1.3127
97	165	1.11302
97	167	1.16764
97	168	1.23473
97	169	1.1734
97	172	1.18153
97	173	1.22051
97	174	1.19398
97	177	0.459667
97	178	0.447577
97	179	0.441434
98	15	0.417521
98	65	0.494593
98	72	1.29709
98	92	1.28373
98	106	0.534617
98	107	0.64837
98	112	1.37116
98	120	0.703767
98	131	0.555173
98	139	0.853123
98	145	1.37139
98	147	1.3537
98	150	0.688764
98	154	1.3593
98	155	1.35833
98	156	0.630492
98	159	1.35833
98	160	1.31753
98	176	1.3835
98	177	1.38719
98	178	1.37881
98	179	1.38072
99	44	1.53131
99	50	1.2887
99	69	1.55786
99	90	1.39864
99	108	0.454136
99	112	0.31706
99	115	0.346093
99	119	0.352872
99	127	0.328824
99	133	1.33157
99	140	1.41708
99	141	0.335103
99	149	1.37033
99	156	1.42413
99	159	0.237337
99	160	0.311486
99	163	1.28227
99	164	1.33279
99	172	1.20163
99	173	1.24061
99	178	0.271774
99	180	1.22402
100	14	1.34347
100	44	1.29497
100	46	1.19872
100	51	1.44066
100	55	0.644753
100	69	1.32152
100	71	0.614211
100	91	0.940538
100	105	0.579563
100	106	1.30028
100	110	0.273923
100	124	0.559178
100	131	1.28245
100	133	1.09523
100	143	1.24875
100	150	1.14604
100	155	0.460326
100	159	0.464743
100	168	1.01848
100	173	1.00427
100	174	0.977741
100	180	0.987683
101	13	0.566807
101	45	0.571
101	54	1.22768
101	75	0.477101
101	79	0.597242
101	119	0.536049
101	129	1.40584
101	131	1.39316
101	139	1.20212
101	142	0.494374
101	143	1.35947
101	151	1.30475
101	153	1.16232
101	163	1.15665
101	166	1.11415
101	169	1.06787
101	170	1.14495
101	172	1.076
101	174	1.08845
101	176	0.474084
101	180	1.09839
102	1	1.40445
102	24	1.51108
102	35	0.355297
102	37	1.38187
102	39	1.37321
102	42	1.39685
102	60	1.46101
102	77	1.05124
102	114	1.44962
102	126	1.08705
102	127	1.44026
102	132	0.696036
102	138	1.25234
102	139	0.712784
102	144	0.788684
102	148	1.32282
102	151	0.528743
102	156	0.490154
102	157	0.676061
102	162	0.580422
102	172	0.866158
102	175	1.46906
103	20	1.2659
103	35	0.371103
103	54	0.615758
103	55	1.33207
103	69	0.386106
103	86	1.33692
103	88	0.485671
103	95	0.519627
103	139	0.72859
103	141	1.37188
103	142	1.31557
103	147	1.33604
103	152	0.529764
103	159	1.34067
103	160	1.29987
103	165	1.00315
103	168	0.789589
103	171	1.33958
103	176	1.36585
103	177	1.36953
103	178	1.36115
103	179	1.36306
103	180	0.817816
104	56	0.4849
104	79	1.24843
104	90	0.558096
104	96	0.50853
104	106	0.473913
104	108	1.24913
104	112	1.33002
104	124	1.35422
104	129	0.475922
104	135	1.30625
104	141	1.3484
104	142	1.2921
104	147	1.31257
104	152	0.593592
104	156	0.569788
104	160	1.27639
104	168	0.853417
104	169	1.04489
104	171	1.3161
104	176	1.34237
104	177	1.34605
104	178	1.33767
104	179	1.33959
105	25	0.576689
105	80	0.468297
105	86	1.3241
105	100	0.579563
105	108	1.2598
105	109	0.496593
105	112	1.34069
105	138	1.16599
105	142	1.30276
105	143	0.50642
105	154	1.32882
105	155	1.32786
105	156	0.556229
105	159	1.32786
105	160	1.28705
105	162	0.646497
105	164	0.702824
105	169	1.03133
105	171	1.32677
105	176	1.35303
105	177	1.35671
105	178	1.34834
105	179	1.35025
106	39	0.452424
106	41	1.34981
106	66	1.52208
106	84	0.413787
106	98	0.534617
106	100	1.30028
106	104	0.473913
106	112	0.425256
106	129	1.49461
106	136	1.22595
106	143	1.44824
106	146	1.53942
106	147	0.341118
106	153	1.25109
106	159	0.345534
106	160	0.419683
106	163	1.24542
106	164	1.29593
106	166	1.20292
106	167	1.15087
106	168	1.21797
106	169	1.15664
106	177	0.392061
107	8	1.08205
107	67	1.23238
107	68	0.525301
107	81	1.4047
107	96	1.34053
107	98	0.64837
107	111	0.557393
107	127	0.550774
107	133	1.14884
107	140	1.23435
107	146	1.39355
107	160	0.533436
107	161	1.01611
107	163	1.09954
107	164	1.15006
107	166	1.05704
107	167	1.005
107	168	1.07209
107	170	1.08785
107	172	1.0189
107	173	1.05788
107	178	0.493724
107	179	0.487581
108	18	1.22778
108	19	1.2316
108	44	0.538506
108	70	1.26631
108	92	1.22514
108	99	0.454136
108	104	1.24913
108	105	1.2598
108	113	0.550347
108	116	0.565379
108	121	0.58813
108	142	1.27464
108	145	1.31281
108	150	0.71648
108	154	1.30071
108	158	0.792265
108	160	1.25894
108	162	0.748476
108	171	1.29865
108	176	1.32492
108	177	1.3286
108	178	1.32022
108	179	1.32213
108	180	0.970065
109	14	1.50328
109	28	0.525185
109	63	1.46098
109	68	0.447787
109	105	0.496593
109	110	0.190953
109	111	0.479878
109	125	1.27143
109	131	1.44226
109	134	1.40604
109	136	1.18628
109	140	1.34055
109	144	1.15647
109	145	0.428621
109	151	1.35385
109	162	1.2668
109	164	1.25626
109	168	1.1783
109	169	1.11697
109	171	0.402476
109	172	1.1251
109	174	1.13755
109	176	0.435342
109	177	0.4283
110	3	1.29731
110	22	1.49794
110	40	1.38363
110	49	0.178469
110	52	1.50538
110	53	0.935841
110	61	1.30269
110	76	1.32445
110	77	1.03062
110	82	0.653946
110	83	1.42149
110	89	1.12799
110	94	1.5037
110	100	0.273923
110	109	0.190953
110	115	1.44163
110	132	1.2776
110	149	0.409499
110	152	1.33298
110	158	0.384645
110	161	0.854598
110	162	1.30092
110	168	0.534218
110	175	1.48309
111	9	0.344944
111	10	1.31288
111	48	1.23116
111	79	1.23837
111	107	0.557393
111	109	0.479878
111	112	1.31997
111	117	0.442001
111	122	1.27243
111	126	0.979987
111	139	0.762145
111	141	1.33835
111	146	0.495657
111	147	1.30251
111	155	1.30714
111	160	1.26633
111	163	0.758379
111	167	1.07345
111	171	1.30605
111	176	1.33231
111	177	1.33599
111	178	1.32762
111	179	1.32953
111	180	0.851371
112	25	0.541591
112	65	0.385232
112	98	1.37116
112	99	0.31706
112	104	1.33002
112	105	1.34069
112	106	0.425256
112	111	1.31997
112	121	0.451053
112	122	1.34593
112	136	0.690724
112	143	0.471322
112	145	1.39369
112	149	0.680041
112	155	1.38063
112	159	1.38063
112	160	1.33983
112	168	0.80476
112	169	0.996231
112	171	1.37954
112	176	1.4058
112	177	1.40949
112	178	1.40111
112	179	1.40302
113	25	1.32131
113	29	0.395115
113	32	0.477221
113	54	1.40081
113	56	1.54714
113	74	0.374501
113	89	1.2179
113	108	0.550347
113	124	0.427983
113	127	0.425035
113	145	0.380396
113	149	1.41783
113	150	1.42989
113	162	1.39084
113	164	1.3803
113	166	1.28728
113	167	1.23524
113	168	1.30233
113	171	0.354251
113	172	1.24913
113	173	1.28812
113	174	1.26159
113	175	0.271149
113	177	0.380075
113	180	1.27153
114	1	1.39346
114	11	1.41308
114	27	1.25323
114	31	1.36467
114	37	1.37088
114	39	1.36222
114	42	1.38586
114	50	0.553755
114	58	0.206819
114	60	1.45001
114	77	1.04025
114	80	0.274264
114	82	0.765553
114	102	1.44962
114	118	0.408042
114	126	1.07606
114	127	1.42926
114	138	1.24134
114	148	1.31183
114	157	0.548103
114	166	0.740791
114	167	0.896133
114	169	0.837296
114	172	0.7382
114	175	1.45807
115	3	1.25028
115	34	0.410856
115	40	1.3366
115	52	1.45835
115	57	0.480348
115	61	1.25566
115	69	0.430311
115	82	0.953521
115	83	1.37447
115	84	1.40496
115	94	1.45667
115	95	1.25169
115	99	0.346093
115	110	1.44163
115	117	1.33959
115	121	0.480086
115	132	1.23057
115	140	0.548026
115	146	0.506307
115	149	0.709074
115	152	1.28595
115	157	1.22415
115	162	1.25389
115	174	0.938503
115	175	1.43606
116	27	1.24998
116	32	0.492252
116	45	0.499065
116	57	1.40007
116	83	0.412532
116	108	0.565379
116	117	1.35835
116	121	1.4465
116	125	1.27728
116	129	1.46079
116	135	0.378188
116	141	0.446345
116	144	1.16232
116	150	1.3117
116	151	1.3597
116	154	0.405183
116	156	1.35345
116	160	0.422728
116	163	1.2116
116	167	1.11705
116	169	1.12282
116	170	1.1999
116	173	1.16993
116	179	0.376874
117	71	1.20053
117	74	1.3811
117	84	1.34995
117	85	1.33582
117	88	1.28935
117	111	0.442001
117	115	1.33959
117	116	1.35835
117	119	1.33086
117	122	0.487462
117	132	1.17556
117	141	0.441661
117	145	0.390744
117	152	1.23094
117	153	1.1435
117	160	0.418044
117	162	1.19888
117	168	1.11037
117	173	1.09616
117	175	1.38105
117	176	0.397465
117	177	0.390423
117	178	0.378333
117	179	0.37219
117	180	1.07957
118	33	0.716674
118	41	1.24951
118	73	0.481516
118	88	1.29664
118	114	0.408042
118	120	1.27578
118	125	1.21079
118	133	1.19441
118	139	1.19058
118	140	1.27992
118	144	1.09584
118	149	1.23317
118	150	1.24522
118	153	1.15079
118	154	0.543859
118	155	0.482839
118	163	1.14511
118	166	1.10261
118	167	1.05057
118	168	1.11766
118	171	0.507959
118	174	1.07692
118	176	0.540825
118	179	0.51555
118	180	1.08686
119	6	1.43943
119	11	0.338927
119	24	1.46934
119	30	1.45542
119	62	1.41978
119	64	1.49668
119	65	0.421045
119	71	1.24682
119	74	1.42739
119	75	1.29381
119	85	1.3821
119	99	0.352872
119	101	0.536049
119	117	1.33086
119	123	0.660128
119	129	0.463078
119	132	0.762826
119	135	1.36153
119	137	1.29301
119	138	0.803451
119	150	0.615216
119	152	1.27723
119	157	0.742851
119	162	1.24516
119	165	1.03495
119	168	0.840573
119	175	1.42733
120	2	0.495764
120	6	0.502124
120	15	1.46422
120	24	1.40698
120	37	0.414237
120	57	1.31021
120	74	0.555637
120	81	1.4269
120	86	0.619093
120	97	1.39285
120	98	0.703767
120	118	1.27578
120	126	0.982955
120	136	1.10227
120	143	1.32456
120	144	1.07247
120	151	1.26984
120	155	0.510268
120	158	1.17917
120	161	1.03831
120	168	1.09429
120	169	1.03296
120	170	1.11005
120	174	1.05355
120	176	0.568254
120	178	0.549121
120	180	1.06349
121	3	0.746648
121	4	1.33321
121	16	1.49625
121	19	0.497845
121	20	0.527075
121	42	0.349373
121	43	0.472309
121	57	1.41444
121	108	0.58813
121	112	0.451053
121	115	0.480086
121	116	1.4465
121	128	1.36711
121	129	1.47516
121	131	1.46248
121	144	1.1767
121	147	0.366915
121	150	1.32608
121	156	1.36782
121	165	1.07682
121	166	1.18347
121	167	1.13143
121	170	1.21428
121	172	1.14532
121	173	1.18431
121	179	0.399625
122	7	0.416981
122	38	1.29559
122	55	1.32449
122	59	0.469522
122	79	1.26433
122	80	0.497044
122	86	1.32934
122	87	0.653659
122	111	1.27243
122	112	1.34593
122	117	0.487462
122	134	0.534666
122	137	0.610226
122	141	1.36431
122	142	1.308
122	143	0.535167
122	148	0.630896
122	154	1.33406
122	157	1.17605
122	159	1.3331
122	160	1.29229
122	170	0.834771
122	171	1.33201
122	173	0.891248
122	176	1.35827
122	177	1.36195
122	178	1.35358
122	179	1.35549
123	56	1.29613
123	58	1.42003
123	61	0.495444
123	92	0.662327
123	119	0.660128
123	124	0.639029
123	133	1.12806
123	136	1.0593
123	139	1.12424
123	140	1.21357
123	143	1.28158
123	146	1.37277
123	152	1.17188
123	153	1.08444
123	161	0.995333
123	163	1.07877
123	164	1.12928
123	165	0.929611
123	166	1.03626
123	167	0.984222
123	170	1.06707
123	172	0.99812
123	174	1.01057
123	176	0.598163
123	177	0.591121
123	178	0.579031
123	179	0.572888
123	180	1.02051
124	18	1.33288
124	34	0.396536
124	43	1.36403
124	70	1.3714
124	92	1.33023
124	100	0.559178
124	104	1.35422
124	113	0.427983
124	123	0.639029
124	129	0.441978
124	131	0.460526
124	137	0.561094
124	141	1.43604
124	142	1.37973
124	147	1.4002
124	150	0.594116
124	152	0.559649
124	154	1.4058
124	155	1.40484
124	159	1.40483
124	160	1.36403
124	161	1.13303
124	162	0.626112
124	164	0.682439
124	170	0.78564
124	171	1.40374
124	172	0.911849
124	176	1.43001
124	177	1.43369
124	178	1.42531
124	179	1.42722
125	23	0.66283
125	44	1.30579
125	53	0.928819
125	56	1.27411
125	60	0.68422
125	62	0.649604
125	73	0.506221
125	80	1.29622
125	109	1.27143
125	116	1.27728
125	118	1.21079
125	131	1.29326
125	135	0.541569
125	136	1.03728
125	145	0.558809
125	146	1.35076
125	149	1.14481
125	150	1.15686
125	152	1.14987
125	158	1.11418
125	160	0.586109
125	161	0.973319
125	162	1.11781
125	163	1.05675
125	166	1.01425
125	169	0.967973
125	170	1.04506
125	173	1.01509
125	175	0.449562
125	177	0.558488
126	6	1.08374
126	9	1.18474
126	12	0.894763
126	30	0.846139
126	31	1.00211
126	47	0.898155
126	49	1.15186
126	56	1.06965
126	60	1.08745
126	71	1.24577
126	89	0.740409
126	102	1.08705
126	111	0.979987
126	114	1.07606
126	120	0.982955
126	127	1.0667
126	130	1.06818
126	141	1.07186
126	147	1.03602
126	148	0.949268
126	150	0.952393
126	153	0.857962
126	161	0.768854
126	168	0.824835
126	171	1.03956
126	174	0.784091
126	175	1.09551
126	176	1.06583
126	177	1.06951
126	179	1.06304
126	180	0.794033
127	37	1.36152
127	39	1.35286
127	47	1.46919
127	63	0.450363
127	68	1.37284
127	73	1.35193
127	82	1.1119
127	93	1.48918
127	97	0.504627
127	99	0.328824
127	102	1.44026
127	107	0.550774
127	113	0.425035
127	114	1.42926
127	126	1.0667
127	130	1.45372
127	131	0.457577
127	133	0.708167
127	146	0.489039
127	147	1.38922
127	149	0.691806
127	151	0.571486
127	152	0.556701
127	166	0.911491
127	171	1.39276
127	175	1.44871
127	176	1.41903
127	177	1.42271
127	178	1.41433
127	179	1.41625
127	180	0.844753
128	18	0.709318
128	26	0.622568
128	35	1.43486
128	42	0.440475
128	44	1.38125
128	49	1.43179
128	52	0.520471
128	54	1.20325
128	64	0.42025
128	66	1.40888
128	78	0.649173
128	84	0.530686
128	88	1.28374
128	90	1.24859
128	91	1.02682
128	92	0.580168
128	121	1.36711
128	139	1.17769
128	140	1.26702
128	144	1.08294
128	156	1.27407
128	158	1.18964
128	163	1.13222
128	166	1.08971
128	167	1.03767
128	169	1.04344
128	170	1.12052
128	177	0.508961
128	178	0.496871
129	14	1.5378
129	16	1.51055
129	18	0.594427
129	40	0.361096
129	55	0.527553
129	60	0.519803
129	72	0.422553
129	85	0.473079
129	94	0.431243
129	101	1.40584
129	104	0.475922
129	106	1.49461
129	116	1.46079
129	119	0.463078
129	121	1.47516
129	124	0.441978
129	131	1.47677
129	148	1.33725
129	149	1.32832
129	150	1.34037
129	151	1.38836
129	154	0.404146
129	156	1.38212
129	158	1.29769
129	160	0.421692
129	164	1.29078
129	166	1.19776
129	167	1.14572
129	169	1.15148
129	173	1.1986
129	178	0.38198
129	180	1.18201
130	5	1.47682
130	8	1.22181
130	11	1.43754
130	12	1.46001
130	23	1.39795
130	31	0.389201
130	36	1.43015
130	47	1.503
130	49	0.341168
130	53	1.11137
130	59	1.31432
130	63	0.330755
130	68	1.40665
130	73	1.38574
130	78	1.3586
130	82	1.14572
130	91	1.1339
130	93	1.52299
130	126	1.06818
130	127	1.45372
130	137	1.3482
130	146	0.36943
130	148	1.33628
130	151	0.451877
130	157	0.599194
130	158	0.547344
130	161	1.15587
130	162	0.503555
130	164	0.559882
130	165	1.23094
130	170	0.663083
130	174	0.801626
131	11	1.42582
131	25	1.21911
131	27	1.26596
131	58	1.56885
131	62	0.503734
131	71	0.515559
131	85	0.491627
131	90	1.34395
131	96	1.46857
131	98	0.555173
131	100	1.28245
131	101	1.39316
131	109	1.44226
131	121	1.46248
131	124	0.460526
131	125	1.29326
131	127	0.457577
131	129	1.47677
131	136	1.20811
131	145	0.412939
131	147	0.361675
131	167	1.13304
131	168	1.20013
131	169	1.1388
131	170	1.21589
131	171	0.386793
131	172	1.14694
131	173	1.18592
131	174	1.15939
131	175	0.303692
131	176	0.41966
131	177	0.412618
131	179	0.394385
131	180	1.16933
132	1	0.676708
132	3	1.08625
132	12	0.445752
132	22	1.28688
132	23	0.79816
132	30	0.397128
132	36	0.613796
132	52	1.29433
132	60	0.819551
132	62	0.784935
132	64	0.605108
132	102	0.696036
132	110	1.2776
132	115	1.23057
132	117	1.17556
132	119	0.762826
132	134	1.22911
132	145	1.23024
132	147	1.21255
132	151	1.17691
132	158	1.08623
132	161	0.945377
132	164	1.07933
132	167	0.934266
132	168	1.00136
132	173	0.987145
132	174	0.960614
132	175	1.27203
132	176	1.24235
132	177	1.24603
132	178	1.23765
132	179	1.23957
132	180	0.970556
133	14	1.3379
133	23	0.767549
133	41	1.14476
133	47	0.418534
133	58	1.38163
133	62	0.754324
133	65	1.35365
133	75	0.673267
133	92	0.734414
133	93	0.546938
133	96	1.28135
133	99	1.33157
133	100	1.09523
133	107	1.14884
133	118	1.19441
133	123	1.12806
133	127	0.708167
133	134	1.24067
133	139	1.08584
133	145	0.663528
133	147	0.612264
133	149	1.12842
133	151	1.18847
133	165	0.891213
133	166	0.997866
133	167	0.945825
133	168	1.01292
133	172	0.959722
133	173	0.998703
133	174	0.972173
133	180	0.982115
134	10	0.588406
134	28	0.534511
134	35	1.49402
134	41	1.29577
134	48	0.45645
134	50	1.1978
134	57	1.37984
134	67	1.32421
134	75	0.447687
134	77	1.01677
134	78	0.577839
134	79	0.567827
134	81	1.49653
134	88	1.34289
134	90	1.30774
134	92	0.508833
134	109	1.40604
134	122	0.534666
134	132	1.22911
134	133	1.24067
134	149	1.27942
134	154	0.447703
134	156	1.33322
134	164	1.24189
134	166	1.14887
134	169	1.10259
134	170	1.17967
134	171	0.411802
134	172	1.11072
134	173	1.1497
134	174	1.12317
134	176	0.444669
134	177	0.437626
135	2	1.28257
135	3	1.22594
135	46	0.49653
135	51	0.280544
135	52	1.43402
135	57	0.401201
135	58	0.315641
135	61	1.23132
135	71	1.23121
135	74	1.41178
135	75	1.2782
135	76	1.25309
135	83	1.35013
135	85	1.36649
135	87	0.5397
135	94	1.43233
135	104	1.30625
135	116	0.378188
135	119	1.36153
135	125	0.541569
135	148	0.516938
135	150	0.529289
135	158	0.605074
135	160	1.31606
135	162	1.22955
135	166	0.849612
135	167	1.00495
135	169	0.946117
135	170	0.720813
135	171	1.35577
135	175	1.41172
135	176	1.38204
135	177	1.38572
135	178	1.37734
135	179	1.37925
136	7	1.37248
136	20	0.766745
136	38	0.655318
136	44	1.22064
136	66	1.24827
136	77	0.797007
136	79	0.78773
136	106	1.22595
136	109	1.18628
136	112	0.690724
136	120	1.10227
136	123	1.0593
136	125	1.03728
136	131	1.20811
136	139	1.01708
136	140	1.10641
136	141	0.708767
136	142	0.684862
136	143	1.17442
136	150	1.07171
136	151	1.1197
136	152	1.06472
136	155	0.606586
136	158	1.02903
136	162	1.03266
136	164	1.02212
136	166	0.929102
136	168	0.944153
136	173	0.929939
136	174	0.903409
136	177	0.657529
137	8	1.08248
137	22	0.449858
