1	14	0.933893
1	79	0.690942
1	126	1.11023
1	129	1.09569
1	137	1.05519
1	145	1.02572
1	148	1.06554
1	152	1.07874
1	155	1.05095
1	160	0.785617
1	175	1.06338
1	176	1.0548
2	6	1.25918
2	10	0.555726
2	22	1.09222
2	61	0.617986
2	122	1.23969
2	134	0.615623
2	157	1.19744
2	168	0.60218
2	175	1.20055
2	176	1.19197
2	179	1.2059
2	180	1.21298
3	38	0.646419
3	58	0.597261
3	62	1.14924
3	84	0.644218
3	99	1.16662
3	102	0.529457
3	145	1.17752
3	147	1.21941
3	149	1.2464
3	158	1.21911
3	175	1.21518
3	176	1.20661
4	107	1.07476
4	121	0.732032
4	134	0.817287
4	150	1.07966
4	153	1.07364
4	157	1.05473
4	170	0.844698
4	174	1.05073
4	177	1.06759
4	178	1.06548
4	179	1.0632
4	180	1.07027
5	49	0.538652
5	62	1.12706
5	63	1.208
5	72	0.631031
5	93	0.622929
5	103	1.24313
5	108	1.21188
5	130	1.20971
5	160	0.608134
5	167	1.22273
5	175	1.193
5	176	1.18443
6	2	1.25918
6	26	1.19108
6	45	1.25454
6	71	0.582996
6	99	1.14009
6	116	0.706894
6	126	1.2355
6	145	1.15099
6	165	0.567822
6	175	1.18865
6	176	1.18008
6	177	0.553417
7	94	1.16592
7	157	0.600032
7	161	1.20474
7	163	1.21442
7	164	1.20443
7	166	1.2205
7	168	1.21111
7	169	0.601559
7	170	1.18253
7	172	1.19642
7	174	0.616318
7	178	0.590934
8	39	0.622234
8	126	0.563818
8	146	0.587849
8	147	0.618371
8	157	1.1915
8	169	1.19508
8	173	1.21251
8	174	1.1875
8	177	1.20436
8	178	1.20225
8	179	1.19996
8	180	1.20704
9	25	1.06234
9	27	1.06525
9	40	1.03175
9	48	1.11175
9	72	1.03604
9	80	1.11066
9	87	1.08301
9	107	0.818876
9	112	0.783047
9	123	1.0238
9	140	0.805601
9	144	1.07522
10	2	0.555726
10	54	1.2662
10	64	1.20629
10	78	0.629769
10	89	1.14966
10	158	0.604438
10	159	1.18506
10	163	1.2158
10	169	0.615572
10	170	1.18391
10	171	1.19562
10	172	1.1978
11	132	0.615553
11	138	1.2266
11	146	1.19122
11	162	1.19378
11	163	1.21077
11	164	1.20078
11	168	1.20746
11	170	1.17888
11	171	1.19058
11	175	0.578126
11	178	0.602942
11	180	0.608591
12	15	0.717268
12	82	0.52196
12	124	1.2403
12	125	1.17239
12	146	1.19739
12	158	0.570407
12	159	1.1862
12	166	1.22303
12	170	1.18505
12	171	1.19676
12	172	1.19894
12	174	0.5963
13	62	0.998932
13	74	0.798668
13	76	1.07166
13	108	1.08375
13	129	1.09718
13	131	1.06069
13	144	1.09807
13	158	1.0688
13	162	0.786657
13	175	1.06488
13	176	1.0563
13	179	0.817064
14	1	0.933893
14	54	0.676329
14	65	1.08917
14	113	1.10116
14	141	1.06013
14	154	1.06141
14	165	1.06879
14	168	0.783311
14	174	1.04314
14	178	1.0579
14	179	1.05561
14	180	1.06268
15	12	0.717268
15	24	1.08172
15	128	1.07889
15	142	1.07371
15	145	0.873608
15	148	0.806764
15	157	1.05219
15	165	1.07383
15	174	1.04818
15	178	1.06294
15	179	1.06065
15	180	1.06773
16	91	1.20861
16	135	0.633072
16	144	0.548418
16	151	1.17719
16	159	1.19063
16	164	1.21139
16	168	1.21807
16	170	1.18949
16	171	1.20119
16	172	1.20338
16	177	0.607027
16	180	0.615814
17	56	0.59723
17	97	0.693322
17	99	1.10832
17	125	1.12906
17	129	1.18919
17	137	1.14869
17	139	0.659242
17	152	1.17224
17	158	1.16081
17	167	1.1866
17	172	0.650222
17	175	1.15688
17	176	1.1483
18	35	0.682558
18	44	1.25024
18	94	0.652615
18	111	1.11504
18	115	1.14863
18	117	0.626514
18	129	1.16618
18	148	1.13603
18	149	1.1651
18	155	1.12145
18	167	1.1636
18	175	1.13388
18	179	0.641616
19	27	1.15957
19	40	1.12607
19	48	1.20607
19	60	1.15394
19	70	1.1205
19	72	1.13036
19	78	1.12052
19	80	1.20498
19	87	1.17733
19	113	0.600254
19	174	0.692245
19	176	0.656265
19	179	0.657611
20	107	1.04684
20	120	1.03971
20	132	1.04244
20	153	1.04572
20	171	0.859771
20	172	0.867386
20	173	1.04783
20	174	1.02281
20	175	0.8686
20	177	1.03967
20	178	1.03757
20	179	1.03528
20	180	1.04235
21	57	0.551765
21	131	0.674416
21	146	1.14569
21	153	0.682406
21	156	1.18529
21	159	1.13449
21	161	1.15556
21	163	1.16523
21	166	1.17132
21	168	1.16193
21	170	1.13334
21	172	1.14723
21	178	0.691426
22	2	1.09222
22	103	1.07181
22	113	0.844564
22	138	1.05425
22	141	0.879545
22	147	1.02592
22	149	1.05291
22	154	0.884053
22	162	1.02144
22	168	1.03512
22	170	1.00653
22	171	1.01824
22	175	1.02169
23	76	0.667975
23	148	0.621017
23	156	1.18188
23	158	0.664953
23	161	1.15215
23	162	1.14484
23	166	1.16791
23	174	1.13797
23	175	0.640646
23	177	1.15483
23	178	1.15273
23	179	1.15044
23	180	1.15751
24	15	1.08172
24	41	0.697096
24	47	0.593404
24	144	0.632296
24	160	1.17698
24	169	1.15691
24	173	1.17435
24	174	1.14933
24	175	0.669227
24	177	1.16619
24	178	1.16408
24	179	1.1618
24	180	1.16887
25	9	1.06234
25	27	1.17355
25	40	1.14005
25	48	1.22005
25	65	0.638881
25	70	1.13449
25	78	1.13451
25	80	1.21896
25	123	1.1321
25	144	1.18353
25	155	0.64332
25	173	0.660413
25	176	0.659969
26	6	1.19108
26	102	0.61556
26	118	1.15232
26	121	1.19402
26	127	0.708637
26	156	1.16924
26	167	1.16217
26	168	1.14587
26	169	0.653336
26	171	1.12899
26	175	1.13244
26	176	1.12387
26	179	0.633461
27	9	1.06525
27	19	1.15957
27	25	1.17355
27	60	1.17084
27	62	0.750932
27	70	1.1374
27	72	1.14725
27	78	1.13742
27	80	1.22187
27	126	0.596339
27	128	0.633759
27	144	1.18644
27	171	0.615788
28	72	0.680328
28	130	0.638072
28	144	0.612049
28	153	1.16017
28	160	1.16491
28	165	1.16291
28	170	0.661194
28	173	1.16228
28	174	1.13726
28	177	1.15412
28	178	1.15202
28	179	1.14973
28	180	1.1568
29	63	1.16133
29	74	0.623303
29	96	0.666593
29	110	1.14386
29	115	1.16109
29	126	1.19318
29	131	1.14214
29	137	1.13814
29	167	1.17606
29	174	0.676334
29	175	1.14633
29	176	1.13776
29	179	0.641699
30	38	1.21831
30	67	0.571035
30	107	1.25732
30	108	0.567178
30	111	0.613651
30	121	0.469158
30	133	1.24268
30	154	1.25156
30	172	0.568398
30	174	1.23329
30	177	1.25015
30	178	1.24805
30	179	1.24576
30	180	1.25283
31	44	0.6016
31	111	0.751757
31	118	1.13409
31	146	1.11141
31	151	1.08676
31	154	0.705415
31	156	1.15101
31	161	1.12128
31	164	1.12096
31	165	0.743801
31	166	1.13704
31	168	1.12765
31	170	1.09906
31	171	1.11077
32	63	0.678504
32	66	0.677684
32	97	1.09001
32	119	1.13546
32	141	1.12167
32	146	0.709012
32	150	1.13361
32	160	1.13233
32	174	1.10468
32	176	0.727478
32	177	1.12154
32	178	1.11943
32	179	1.11714
32	180	1.12422
33	43	0.584395
33	66	0.692638
33	100	0.840207
33	120	1.12071
33	140	1.12519
33	156	0.679041
33	160	1.13146
33	169	1.11139
33	173	1.12882
33	174	1.1038
33	177	1.12067
33	178	1.11856
33	179	1.11627
33	180	1.12335
34	38	1.0879
34	113	1.16091
34	136	1.10088
34	147	0.725364
34	153	1.1258
34	159	0.710681
34	161	0.688663
34	163	0.668647
34	165	1.12853
34	169	1.11047
34	173	1.1279
34	177	1.11975
34	179	1.11535
34	180	1.12243
35	18	0.682558
35	127	1.0781
35	142	1.13315
35	146	0.707487
35	157	1.11163
35	160	1.13528
35	167	0.680904
35	169	1.11521
35	170	0.723946
35	173	1.13264
35	177	1.12449
35	178	1.12238
35	179	1.12009
35	180	1.12717
36	41	1.09753
36	42	1.1024
36	74	0.701733
36	103	1.16103
36	138	0.641234
36	147	1.11513
36	148	1.11306
36	149	1.14212
36	158	1.11483
36	167	1.14063
36	175	1.1109
36	176	1.10233
36	177	0.72624
36	180	0.735027
37	80	0.626832
37	95	1.17225
37	124	1.14915
37	131	0.71364
37	139	1.12232
37	151	1.0816
37	155	0.703405
37	159	1.09505
37	163	1.12579
37	166	1.13188
37	168	1.12249
37	170	1.0939
37	171	1.10561
37	174	0.756034
38	3	0.646419
38	30	1.21831
38	34	1.0879
38	57	0.655007
38	116	1.06328
38	118	0.74224
38	148	0.750224
38	160	1.12846
38	165	1.12645
38	173	1.12582
38	174	1.1008
38	178	1.11556
38	179	1.11327
38	180	1.12035
39	8	0.622234
39	92	1.11246
39	101	0.781299
39	110	1.10979
39	112	1.15614
39	137	1.10406
39	149	1.14347
39	155	1.09983
39	158	1.11618
39	167	1.14198
39	170	0.697578
39	175	1.11225
39	176	1.10368
39	179	0.70093
40	9	1.03175
40	19	1.12607
40	25	1.14005
40	60	1.13734
40	70	1.1039
40	72	1.11375
40	78	1.10392
40	80	1.18837
40	123	1.10151
40	144	1.15294
40	146	0.689631
40	159	0.705469
40	171	0.685048
40	177	0.715554
41	24	0.697096
41	36	1.09753
41	45	1.18254
41	76	1.12343
41	100	1.07621
41	108	1.13552
41	142	0.683055
41	147	1.12088
41	148	1.1188
41	158	1.12057
41	169	0.718535
41	175	1.11665
41	176	1.10807
41	178	0.707909
42	36	1.1024
42	69	1.1127
42	122	0.677221
42	137	1.11332
42	140	0.70136
42	142	0.717986
42	145	1.08385
42	147	1.12574
42	148	1.12367
42	149	1.15274
42	167	1.15124
42	171	0.709197
42	175	1.12152
42	176	1.11294
43	33	0.584395
43	94	1.20088
43	95	1.29584
43	100	0.623402
43	121	1.29422
43	124	1.27274
43	125	1.20483
43	147	0.537683
43	151	1.20519
43	164	1.23939
43	166	1.25547
43	172	1.23138
43	175	0.511407
43	180	0.541872
44	18	1.25024
44	31	0.6016
44	88	1.28138
44	115	1.26114
44	122	0.508304
44	131	1.2422
44	137	1.23819
44	142	0.549069
44	145	1.20872
44	155	1.23396
44	159	0.5607
44	165	0.585191
44	175	1.24639
44	176	1.23781
45	6	1.25454
45	41	1.18254
45	53	0.634871
45	110	1.19344
45	111	1.17708
45	113	0.516301
45	116	0.733248
45	140	0.541428
45	147	1.20014
45	148	1.19806
45	152	1.21127
45	158	1.19983
45	175	1.19591
45	176	1.18733
45	180	0.588557
46	66	0.601275
46	69	1.18426
46	90	1.21259
46	109	0.621531
46	121	0.536396
46	141	1.20295
46	152	1.20844
46	158	1.197
46	166	0.603645
46	171	0.628021
46	173	1.21098
46	175	1.19308
46	176	1.1845
46	178	1.20072
46	180	1.20551
47	24	0.593404
47	70	0.611744
47	107	0.57601
47	126	1.23287
47	129	1.21832
47	131	1.18183
47	136	0.632814
47	139	0.587207
47	144	1.21921
47	147	1.19025
47	148	1.18817
47	149	1.21724
47	152	1.20138
47	155	1.17359
47	176	1.17744
48	9	1.11175
48	19	1.20607
48	25	1.22005
48	60	1.21734
48	70	1.1839
48	72	1.19375
48	78	1.18392
48	80	1.26837
48	85	0.672839
48	123	1.18151
48	130	0.57819
48	144	1.23294
48	161	0.578674
48	164	0.562037
48	170	0.601313
49	5	0.538652
49	117	1.22019
49	128	0.603335
49	146	1.19384
49	151	1.1692
49	156	1.23345
49	160	0.602644
49	162	1.19641
49	163	1.21339
49	164	1.2034
49	170	1.1815
49	171	1.19321
49	172	1.19539
49	174	0.644393
49	178	0.619009
50	86	0.694071
50	120	1.08641
50	121	0.688725
50	122	1.11577
50	137	0.824541
50	153	1.09242
50	155	0.786749
50	160	1.09716
50	165	1.09516
50	169	1.07709
50	173	1.09453
50	177	1.08637
50	178	1.08426
50	179	1.08198
50	180	1.08905
51	57	1.14337
51	67	1.10123
51	86	1.13492
51	126	1.11666
51	129	1.10212
51	131	1.06562
51	136	0.76689
51	143	0.757681
51	145	1.03215
51	151	0.736487
51	158	1.07374
51	167	1.09954
51	175	1.06981
51	176	1.06124
51	180	0.743941
52	85	1.17392
52	92	1.20044
52	125	0.639169
52	126	0.558024
52	135	1.19847
52	151	0.609311
52	157	1.19713
52	169	1.2007
52	170	0.598515
52	172	0.585088
52	174	1.19312
52	177	1.20998
52	178	1.20788
52	179	1.20559
52	180	1.21266
53	45	0.634871
53	62	0.858318
53	69	0.776064
53	71	1.08042
53	85	1.05348
53	115	0.727842
53	121	1.14138
53	146	1.07699
53	163	1.09653
53	166	1.10262
53	168	1.09323
53	169	1.08026
53	173	1.0977
53	179	1.08515
53	180	1.09223
54	10	1.2662
54	14	0.676329
54	73	1.18676
54	116	0.694757
54	137	1.18896
54	139	1.21042
54	148	1.19931
54	155	1.18472
54	169	0.555043
54	170	1.182
54	172	1.19589
54	173	0.534265
54	175	1.19715
54	176	1.18858
54	180	0.550066
55	67	1.22738
55	100	1.15552
55	106	0.573678
55	114	0.647494
55	124	0.539598
55	129	1.22827
55	130	1.21267
55	133	0.624252
55	147	1.20019
55	148	1.19812
55	152	1.21132
55	155	1.18354
55	175	1.19596
55	176	1.18739
55	177	0.611843
56	17	0.59723
56	131	0.608825
56	136	1.18158
56	145	0.648236
56	150	1.21251
56	153	1.20649
56	154	1.20185
56	163	0.570578
56	167	0.570191
56	169	1.19116
56	173	1.2086
56	177	1.20044
56	178	1.19833
56	179	1.19605
56	180	1.20312
57	21	0.551765
57	38	0.655007
57	51	1.14337
57	73	0.620725
57	83	0.663573
57	118	0.512766
57	131	1.19939
57	135	1.20182
57	147	1.20781
57	148	1.20574
57	152	1.21894
57	155	1.19115
57	167	1.2333
57	175	1.20358
57	176	1.19501
58	3	0.597261
58	81	0.573514
58	86	0.625587
58	106	0.704207
58	113	1.20185
58	128	1.17454
58	135	1.14918
58	160	1.17149
58	166	0.68749
58	169	1.15142
58	173	1.16885
58	174	1.14383
58	177	1.1607
58	178	1.15859
58	179	1.1563
58	180	1.16338
59	86	0.561936
59	115	0.652881
59	131	0.664848
59	142	1.17502
59	143	1.1565
59	153	1.17241
59	157	1.1535
59	162	0.642201
59	169	1.15708
59	170	0.669256
59	173	1.17451
59	174	1.1495
59	177	1.16636
59	178	1.16425
59	179	1.16196
59	180	1.16904
60	19	1.15394
60	27	1.17084
60	40	1.13734
60	48	1.21734
60	70	1.13177
60	72	1.14163
60	73	0.667242
60	78	1.13179
60	80	1.21625
60	87	1.1886
60	123	1.12938
60	127	0.677637
60	143	0.6311
60	144	1.18081
60	158	0.611203
60	165	0.622979
61	2	0.617986
61	91	1.15691
61	98	1.18636
61	121	1.21452
61	129	0.627842
61	133	0.676477
61	134	1.15391
61	149	0.620234
61	159	1.13893
61	161	1.16
61	162	1.15269
61	164	1.15969
61	166	1.17576
61	171	1.14949
61	172	1.15167
61	179	0.657956
62	3	1.14924
62	5	1.12706
62	13	0.998932
62	27	0.750932
62	53	0.858318
62	90	1.08358
62	100	1.02363
62	137	1.05588
62	145	1.02641
62	147	1.0683
62	152	1.07943
62	158	1.068
62	170	0.793754
62	175	1.06407
62	176	1.0555
62	179	0.797106
63	5	1.208
63	29	1.16133
63	32	0.678504
63	67	1.17643
63	73	0.700817
63	88	1.18001
63	103	1.19514
63	105	1.18425
63	117	0.620936
63	124	0.569904
63	125	1.1172
63	147	1.14924
63	148	1.14717
63	153	0.636266
63	175	1.14501
63	176	1.13644
64	10	1.20629
64	66	1.17028
64	81	1.20284
64	91	1.14122
64	95	1.20044
64	112	0.595891
64	118	1.15712
64	119	0.653318
64	129	0.620562
64	135	0.682834
64	162	1.13699
64	163	1.15398
64	164	1.14399
64	168	1.15067
64	172	1.13598
64	177	0.656789
65	14	1.08917
65	25	0.638881
65	97	1.14716
65	116	1.12429
65	122	1.20808
65	139	0.656163
65	157	1.16583
65	162	0.633515
65	165	1.18747
65	167	0.617528
65	169	1.1694
65	173	1.18684
65	174	1.16182
65	175	0.648356
65	177	1.17868
65	180	1.18137
66	32	0.677684
66	33	0.692638
66	46	0.601275
66	64	1.17028
66	106	1.17333
66	114	1.13211
66	128	0.628793
66	148	0.600022
66	151	1.13561
66	156	1.19985
66	159	1.14905
66	162	1.16281
66	164	1.16981
66	166	1.18588
66	171	1.15961
66	172	1.16179
67	30	0.571035
67	51	1.10123
67	55	1.22738
67	63	1.17643
67	82	1.23022
67	92	1.16164
67	96	0.697108
67	100	1.121
67	102	0.654314
67	122	0.615845
67	130	1.17815
67	137	1.15324
67	145	1.12378
67	158	1.16536
67	175	1.16144
67	179	0.672214
68	75	1.12633
68	77	0.702546
68	114	1.10091
68	124	1.17196
68	138	1.16442
68	149	0.633113
68	151	1.1044
68	159	1.11785
68	164	1.13861
68	166	1.15468
68	168	1.14529
68	170	1.1167
68	171	1.12841
68	172	1.13059
68	174	0.705469
68	178	0.680085
68	180	0.685733
69	42	1.1127
69	46	1.18426
69	53	0.776064
69	79	0.613062
69	88	1.1562
69	107	0.695896
69	108	1.14008
69	110	1.11874
69	131	1.11701
69	149	1.15242
69	155	1.10878
69	156	0.650115
69	158	1.12513
69	166	0.666082
69	167	1.15093
69	175	1.12121
69	176	1.11263
70	19	1.1205
70	25	1.13449
70	27	1.1374
70	40	1.1039
70	47	0.611744
70	48	1.1839
70	60	1.13177
70	72	1.10819
70	78	1.09835
70	80	1.18281
70	87	1.15516
70	123	1.09595
70	130	0.676659
70	144	1.14737
70	150	0.673886
70	174	0.737768
70	179	0.703133
71	6	0.582996
71	53	1.08042
71	85	1.10432
71	119	1.1543
71	133	1.13291
71	142	1.14905
71	147	0.732757
71	162	0.69164
71	164	0.67942
71	165	1.14917
71	173	1.14854
71	174	1.12352
71	175	0.706482
71	177	1.14039
71	178	1.13828
71	179	1.13599
71	180	1.14307
72	5	0.631031
72	9	1.03604
72	19	1.13036
72	27	1.14725
72	28	0.680328
72	40	1.11375
72	48	1.19375
72	60	1.14163
72	70	1.10819
72	78	1.10821
72	80	1.19266
72	87	1.16501
72	123	1.1058
72	144	1.15723
72	162	0.671731
72	177	0.70825
72	178	0.711388
73	54	1.18676
73	57	0.620725
73	60	0.667242
73	63	0.700817
73	105	0.68518
73	129	0.721022
73	134	1.1206
73	142	1.13804
73	156	1.15642
73	162	1.11938
73	164	1.12638
73	171	1.11618
73	173	1.13753
73	174	1.11251
73	177	1.12937
73	179	1.12498
73	180	1.13206
74	13	0.798668
74	29	0.623303
74	36	0.701733
74	156	1.16152
74	161	1.13179
74	163	1.14146
74	164	1.13148
74	166	1.14755
74	167	0.621566
74	169	1.1252
74	170	1.10957
74	174	1.11761
74	175	0.652395
74	177	1.13448
74	178	1.13237
74	179	1.13008
74	180	1.13716
75	68	1.12633
75	90	0.681707
75	91	1.12847
75	92	0.679224
75	118	1.14437
75	134	1.12546
75	138	1.15706
75	156	1.16129
75	157	0.687843
75	158	0.678236
75	162	1.12424
75	163	1.14123
75	168	1.13792
75	170	1.10934
75	171	1.12104
75	172	1.12323
75	180	0.684393
76	13	1.07166
76	23	0.667975
76	41	1.12343
76	92	1.137
76	105	1.17603
76	123	1.11857
76	126	1.18365
76	131	1.13261
76	140	0.665888
76	145	1.09914
76	152	1.15216
76	158	1.14073
76	165	0.718637
76	168	0.653913
76	175	1.1368
76	176	1.12823
76	179	0.698119
77	68	0.702546
77	87	0.640256
77	124	0.651935
77	132	1.13667
77	143	1.12404
77	150	1.14596
77	151	0.725512
77	154	1.13531
77	165	1.14268
77	168	0.673862
77	169	1.12462
77	173	1.14205
77	174	1.11704
77	177	1.1339
77	178	1.13179
77	179	1.1295
77	180	1.13658
78	10	0.629769
78	19	1.12052
78	25	1.13451
78	27	1.13742
78	40	1.10392
78	48	1.18392
78	60	1.13179
78	70	1.09835
78	72	1.10821
78	80	1.18283
78	87	1.15518
78	89	0.786531
78	123	1.09596
78	138	0.641534
78	144	1.14739
78	156	0.655691
78	164	0.677801
79	1	0.690942
79	69	0.613062
79	103	0.538754
79	129	0.554452
79	134	1.19661
79	137	0.604363
79	146	1.19283
79	158	0.593308
79	162	1.19539
79	168	1.20907
79	171	1.19219
79	172	1.19438
79	173	1.21354
79	174	1.18852
79	177	1.20539
79	178	1.20328
79	179	1.20099
79	180	1.20807
80	9	1.11066
80	19	1.20498
80	25	1.21896
80	27	1.22187
80	37	0.626832
80	40	1.18837
80	48	1.26837
80	60	1.21625
80	70	1.18281
80	72	1.19266
80	78	1.18283
80	99	0.653472
80	123	1.18042
80	144	1.23185
80	153	0.592018
80	162	0.561381
80	172	0.575009
80	179	0.591788
81	58	0.573514
81	64	1.20284
81	83	0.631238
81	94	1.16385
81	98	1.22903
81	100	0.620039
81	116	0.683199
81	118	1.21549
81	161	1.20268
81	162	1.19537
81	163	1.21235
81	164	1.20236
81	165	0.544128
81	168	1.20905
81	170	1.18046
81	171	1.19217
81	172	1.19435
81	174	0.558245
82	12	0.52196
82	67	1.23022
82	104	0.569705
82	118	0.603471
82	141	1.20868
82	145	1.16114
82	155	1.18638
82	158	1.20273
82	170	0.643298
82	171	0.622256
82	172	0.629871
82	174	1.19169
82	175	1.1988
82	176	1.19023
82	177	1.20855
82	178	1.20644
82	179	1.20415
82	180	1.21123
83	57	0.663573
83	81	0.631238
83	98	0.7219
83	112	1.14008
83	122	1.13534
83	127	1.05956
83	135	1.09443
83	153	1.11199
83	155	0.775989
83	157	1.09308
83	158	0.802725
83	160	1.11673
83	165	1.11472
83	173	1.11409
83	177	1.10594
83	178	1.10383
83	179	1.10154
83	180	1.10862
84	3	0.644218
84	90	1.11381
84	91	0.727597
84	113	1.14521
84	118	0.740038
84	120	1.10409
84	142	1.11271
84	143	1.09419
84	154	1.10546
84	163	0.737209
84	164	0.740589
84	165	1.11283
84	173	1.1122
84	174	1.08719
84	177	1.10405
84	178	1.10194
84	179	1.09965
84	180	1.10673
85	48	0.672839
85	52	1.17392
85	53	1.05348
85	71	1.10432
85	116	1.05906
85	124	0.688398
85	130	0.728057
85	154	1.11486
85	159	0.750558
85	165	1.12224
85	169	1.10417
85	173	1.12161
85	174	1.09659
85	176	0.753185
85	177	1.11345
85	178	1.11134
85	179	1.10906
85	180	1.11613
86	50	0.694071
86	51	1.13492
86	58	0.625587
86	59	0.561936
86	130	1.21184
86	149	1.22635
86	154	0.557815
86	161	1.20219
86	162	1.19488
86	163	1.21187
86	164	1.20188
86	166	1.21795
86	167	1.22486
86	171	1.19168
86	175	1.19513
86	176	1.18656
86	177	0.581796
86	178	0.584933
87	9	1.08301
87	19	1.17733
87	60	1.1886
87	70	1.15516
87	72	1.16501
87	77	0.640256
87	78	1.15518
87	110	0.628578
87	111	0.637018
87	121	1.23258
87	133	0.627066
87	134	1.17197
87	144	1.2042
87	159	1.15699
87	168	1.18443
87	169	0.62842
87	170	1.15585
87	172	1.16974
87	174	0.643179
88	44	1.28138
88	63	1.18001
88	69	1.1562
88	99	1.11645
88	100	1.12457
88	107	0.62258
88	110	1.16255
88	131	1.16082
88	143	0.670174
88	152	1.18037
88	155	1.15259
88	158	1.16894
88	161	0.615545
88	166	0.592766
88	167	1.19474
88	175	1.16501
88	176	1.15644
88	177	0.647648
88	180	0.656434
89	10	1.14966
89	78	0.786531
89	94	1.04885
89	109	1.0923
89	124	1.12071
89	134	1.08158
89	145	0.784109
89	150	0.723211
89	151	1.05316
89	159	1.06661
89	162	1.08036
89	164	1.08736
89	166	1.10343
89	168	1.09404
89	170	1.06546
89	171	1.07716
89	172	1.07935
89	177	0.75857
89	179	0.752458
90	46	1.21259
90	62	1.08358
90	75	0.681707
90	84	1.11381
90	98	0.626485
90	109	0.667684
90	111	1.13069
90	116	1.10488
90	135	1.14776
90	147	1.15375
90	151	0.706013
90	158	1.15345
90	164	0.655941
90	166	0.649798
90	169	1.14999
90	174	1.14241
90	175	1.14953
90	176	1.14095
90	179	1.15488
90	180	1.16195
91	16	1.20861
91	61	1.15691
91	64	1.14122
91	75	1.12847
91	84	0.727597
91	94	1.10223
91	104	1.16611
91	114	1.10305
91	127	0.705912
91	128	0.624313
91	134	1.13496
91	135	0.662894
91	138	1.16656
91	146	1.13118
91	164	1.14074
91	165	0.651254
91	166	1.15681
91	171	1.13055
91	172	1.13273
91	178	0.639987
92	39	1.11246
92	52	1.20044
92	67	1.16164
92	75	0.679224
92	76	1.137
92	98	0.624002
92	109	0.665201
92	132	1.14274
92	139	0.688327
92	144	1.16342
92	155	1.11779
92	157	1.12711
92	167	1.15995
92	168	0.65188
92	172	0.679307
92	176	1.12165
92	177	1.13997
92	178	1.13786
92	179	1.13557
92	180	1.14265
93	5	0.622929
93	107	1.15753
93	108	0.676036
93	123	0.723426
93	133	1.14288
93	144	0.641538
93	151	1.11316
93	159	1.12661
93	161	1.14768
93	162	1.14037
93	166	1.16343
93	167	0.647641
93	170	1.12546
93	172	1.13935
93	173	1.15851
93	174	1.1335
93	175	0.67847
93	177	1.15036
93	178	1.14825
93	180	1.15304
94	7	1.16592
94	18	0.652615
94	43	1.20088
94	81	1.16385
94	89	1.04885
94	91	1.10223
94	95	1.16145
94	119	0.699997
94	124	1.13836
94	138	1.13082
94	139	1.11153
94	159	1.08425
94	161	1.10532
94	168	1.11169
94	169	0.717231
94	170	1.0831
94	171	1.09481
94	172	1.09699
94	174	0.73199
94	179	0.697355
94	180	0.712254
95	37	1.17225
95	43	1.29584
95	64	1.20044
95	94	1.16145
95	104	1.22533
95	119	0.587378
95	123	0.614127
95	135	0.616894
95	136	0.622584
95	151	1.16576
95	161	1.20028
95	162	1.19297
95	163	1.20995
95	164	1.19996
95	166	1.21604
95	170	1.17806
95	171	1.18977
95	172	1.19195
95	176	0.583391
95	179	0.584737
95	180	0.599635
96	29	0.666593
96	67	0.697108
96	113	1.16064
96	131	0.703489
96	139	1.123
96	147	0.72196
96	153	1.12553
96	156	1.14652
96	159	1.09572
96	160	1.13027
96	166	1.13255
96	170	1.09457
96	171	1.10628
96	172	1.10847
96	174	1.10261
96	175	0.695684
96	176	0.709904
96	177	1.11948
96	178	1.11737
96	179	1.11508
96	180	1.12216
97	17	0.693322
97	32	1.09001
97	65	1.14716
97	99	0.774361
97	113	1.15915
97	117	1.13177
97	123	0.742067
97	136	1.09912
97	140	1.12251
97	154	1.1194
97	156	0.647939
97	165	1.12677
97	167	0.666283
97	168	0.668471
97	169	1.10871
97	173	1.12614
97	174	1.10112
97	177	1.11799
97	178	1.11588
97	179	1.11359
97	180	1.12067
98	61	1.18636
98	81	1.22903
98	83	0.7219
98	90	0.626485
98	92	0.624002
98	106	1.17371
98	109	1.17512
98	119	0.616914
98	138	1.196
98	150	0.585025
98	151	1.13598
98	153	0.614502
98	159	1.14943
98	161	1.1705
98	163	1.18017
98	164	1.17019
98	166	1.18626
98	168	1.17687
98	170	1.14828
98	171	1.15999
98	172	1.16217
98	177	0.620385
99	3	1.16662
99	6	1.14009
99	17	1.10832
99	80	0.653472
99	88	1.11645
99	97	0.774361
99	103	1.13159
99	110	1.07899
99	115	1.09621
99	129	1.11376
99	137	1.07326
99	147	1.08569
99	148	1.08361
99	150	0.718793
99	151	0.755484
99	152	1.09681
99	155	1.06903
99	158	1.08538
99	165	0.768558
99	172	0.731261
99	175	1.08146
99	176	1.07288
100	33	0.840207
100	41	1.07621
100	43	0.623402
100	55	1.15552
100	62	1.02363
100	67	1.121
100	81	0.620039
100	88	1.12457
100	110	1.08711
100	112	1.13346
100	129	1.12188
100	137	1.08139
100	144	1.12277
100	147	1.09381
100	148	1.09173
100	154	0.764916
100	155	1.07715
100	162	0.752377
100	167	1.1193
100	169	0.80266
100	175	1.08958
100	176	1.081
101	39	0.781299
101	121	0.650706
101	136	1.08211
101	142	1.10964
101	143	1.09112
101	144	0.714228
101	145	0.798376
101	150	1.11304
101	152	0.727893
101	153	1.10703
101	154	1.10239
101	157	1.08812
101	160	1.11177
101	165	1.10976
101	167	0.720331
101	169	1.0917
101	173	1.10913
101	174	1.08412
101	177	1.10098
101	178	1.09887
101	179	1.09658
101	180	1.10366
102	3	0.529457
102	26	0.61556
102	67	0.654314
102	119	1.18584
102	122	1.20132
102	127	1.12553
102	139	0.660696
102	143	1.16206
102	149	0.630733
102	150	1.18398
102	153	1.17797
102	154	1.17333
102	159	0.664483
102	160	1.18271
102	162	0.638048
102	165	1.1807
102	169	1.16264
102	173	1.18007
102	177	1.17192
102	178	1.16981
102	179	1.16752
102	180	1.1746
103	5	1.24313
103	22	1.07181
103	36	1.16103
103	63	1.19514
103	79	0.538754
103	99	1.13159
103	105	1.21938
103	111	1.16132
103	120	0.653733
103	131	1.17596
103	132	0.662405
103	137	1.17195
103	141	0.618167
103	145	1.14249
103	149	1.21137
103	152	1.19551
103	155	1.16772
103	157	0.658892
103	170	0.637192
103	175	1.18015
103	176	1.17157
103	179	0.640544
104	82	0.569705
104	91	1.16611
104	95	1.22533
104	106	1.1724
104	114	1.13119
104	116	0.769
104	118	1.18201
104	124	1.20223
104	134	1.1631
104	146	1.15932
104	156	1.19893
104	161	1.1692
104	162	1.16189
104	166	1.18496
104	168	1.17557
104	170	1.14698
104	172	1.16087
104	173	0.608509
104	174	0.644046
104	175	0.593846
104	177	0.615523
104	179	0.609411
105	63	1.18425
105	73	0.68518
105	76	1.17603
105	103	1.21938
105	111	1.15042
105	115	1.18401
105	123	1.15102
105	131	1.16506
105	132	0.642261
105	135	1.16749
105	140	0.588169
105	141	0.598023
105	145	1.13159
105	149	1.20047
105	152	1.18461
105	155	1.15682
105	165	0.640918
105	167	1.19898
105	169	0.640275
105	173	0.619498
105	175	1.16925
105	176	1.16068
106	55	0.573678
106	58	0.704207
106	66	1.17333
106	98	1.17371
106	104	1.1724
106	119	0.656945
106	124	1.18038
106	134	1.14125
106	135	0.686461
106	137	0.674101
106	139	1.15356
106	146	1.13748
106	151	1.11283
106	156	1.17708
106	159	1.12628
106	162	1.14004
106	163	1.15702
106	168	1.15372
106	170	1.12513
106	171	1.13684
106	172	1.13902
106	173	0.653401
106	177	0.660416
107	4	1.07476
107	9	0.818876
107	20	1.04684
107	30	1.25732
107	47	0.57601
107	69	0.695896
107	88	0.62258
107	93	1.15753
107	109	0.636515
107	120	1.15672
107	136	1.13781
107	150	1.16874
107	154	1.15809
107	160	1.16747
107	167	0.621006
107	168	0.623194
107	169	1.1474
107	173	1.16483
107	174	1.13982
107	177	1.15668
107	178	1.15457
107	179	1.15228
107	180	1.15936
108	5	1.21188
108	13	1.08375
108	30	0.567178
108	41	1.13552
108	69	1.14008
108	93	0.676036
108	111	1.13006
108	117	0.653255
108	144	1.18209
108	145	1.11123
108	147	1.15312
108	148	1.15105
108	149	1.18011
108	152	1.16425
108	153	0.668586
108	155	1.13646
108	158	1.15282
108	167	1.17862
108	169	0.688232
108	175	1.14889
108	176	1.14032
108	177	0.674469
108	180	0.683255
109	46	0.621531
109	89	1.0923
109	90	0.667684
109	92	0.665201
109	98	1.17512
109	107	0.636515
109	117	1.16524
109	130	1.15841
109	138	1.17427
109	139	1.15498
109	156	1.1785
109	159	1.1277
109	161	1.14877
109	162	1.14146
109	163	1.15844
109	166	1.16453
109	168	1.15514
109	170	1.12655
109	171	1.13826
109	172	1.14044
109	173	0.654569
109	174	0.690106
109	180	0.67037
110	29	1.14386
110	39	1.10979
110	45	1.19344
110	69	1.11874
110	87	0.628578
110	88	1.16255
110	99	1.07899
110	100	1.08711
110	115	1.14231
110	118	0.663211
110	124	0.640257
110	137	1.11936
110	144	1.16075
110	145	1.08989
110	151	0.713834
110	152	1.14291
110	155	1.11512
110	157	0.724738
110	158	1.13148
110	167	1.15727
110	169	0.726265
110	173	0.705487
110	175	1.12755
110	176	1.11898
111	18	1.11504
111	30	0.613651
111	31	0.751757
111	45	1.17708
111	87	0.637018
111	90	1.13069
111	103	1.16132
111	105	1.15042
111	108	1.13006
111	120	0.728019
111	126	1.15804
111	131	1.107
111	137	1.103
111	138	0.635935
111	147	1.11542
111	148	1.11334
111	149	1.14241
111	152	1.12655
111	158	1.11511
111	167	1.14091
111	173	0.713927
111	175	1.11119
111	176	1.10261
111	178	0.724079
112	9	0.783047
112	39	1.15614
112	64	0.595891
112	83	1.14008
112	100	1.13346
112	129	1.20621
112	145	1.13624
112	149	1.20512
112	150	1.19572
112	156	0.566833
112	159	0.627598
112	160	1.19444
112	163	0.585563
112	165	1.19243
112	167	1.20363
112	168	0.587365
112	170	0.628219
112	172	0.614792
112	174	1.16679
112	175	1.1739
112	176	1.16533
112	177	1.18365
112	178	1.18154
112	179	1.17926
112	180	1.18633
113	14	1.10116
113	19	0.600254
113	22	0.844564
113	34	1.16091
113	45	0.516301
113	58	1.20185
113	84	1.14521
113	96	1.16064
113	97	1.15915
113	125	0.666301
113	127	1.14429
113	128	1.20452
113	130	0.602525
113	153	1.19672
113	154	1.19208
113	156	0.564262
113	160	1.20146
113	163	0.582992
113	165	1.19946
113	172	0.61222
113	174	1.17381
113	177	1.19067
113	178	1.18856
113	179	1.18628
113	180	1.19335
114	55	0.647494
114	66	1.13211
114	68	1.10091
114	91	1.10305
114	104	1.13119
114	117	1.12261
114	121	1.16065
114	138	1.13164
114	140	1.11335
114	141	0.705742
114	146	1.09626
114	151	1.07162
114	152	0.689287
114	153	0.728348
114	156	1.13587
114	161	1.10614
114	162	1.09883
114	164	1.10582
114	165	0.748637
114	168	1.11251
114	170	1.08392
114	171	1.09563
114	172	1.09781
114	173	0.727217
114	174	0.762754
115	18	1.14863
115	29	1.16109
115	44	1.26114
115	53	0.727842
115	59	0.652881
115	99	1.09621
115	105	1.18401
115	110	1.14231
115	121	0.55061
115	123	1.12655
115	125	1.11696
115	126	1.19162
115	129	1.17708
115	136	0.704477
115	145	1.10711
115	147	1.14901
115	148	1.14693
115	149	1.176
115	152	1.16013
115	154	0.64876
115	166	0.617859
115	167	1.1745
115	168	0.622423
115	175	1.14478
115	176	1.1362
115	178	0.675879
116	6	0.706894
116	38	1.06328
116	45	0.733248
116	54	0.694757
116	65	1.12429
116	81	0.683199
116	85	1.05906
116	90	1.10488
116	104	0.769
116	117	1.10891
116	119	1.10904
116	133	1.08765
116	138	0.76705
116	143	1.08527
116	150	1.10719
116	154	1.09653
116	159	0.841972
116	160	1.10591
116	165	1.10391
116	169	1.08584
116	173	1.10328
116	174	1.07826
116	177	1.09512
116	178	1.09302
116	179	1.09073
116	180	1.0978
117	18	0.626514
117	49	1.22019
117	63	0.620936
117	97	1.13177
117	108	0.653255
117	109	1.16524
117	114	1.12261
117	116	1.10891
117	126	0.627412
117	142	1.17196
117	145	0.702905
117	148	0.63606
117	150	1.17536
117	159	1.13955
117	163	1.17029
117	168	1.16698
117	169	1.15402
117	170	1.1384
117	171	1.1501
117	172	1.15229
117	174	1.14644
117	175	0.655689
117	176	0.669909
117	178	1.16119
117	179	1.1589
117	180	1.16598
118	26	1.15232
118	31	1.13409
118	38	0.74224
118	57	0.512766
118	64	1.15712
118	75	1.14437
118	81	1.21549
118	82	0.603471
118	84	0.740038
118	104	1.18201
118	110	0.663211
118	128	0.636754
118	139	1.16317
118	143	0.671816
118	146	1.14709
118	151	1.12244
118	159	1.13589
118	160	0.636062
118	161	1.15696
118	163	1.16663
118	164	1.15665
118	166	1.17272
118	168	1.16333
118	170	1.13474
118	171	1.14645
118	172	1.14863
119	32	1.13546
119	64	0.653318
119	71	1.1543
119	94	0.699997
119	95	0.587378
119	98	0.616914
119	102	1.18584
119	106	0.656945
119	116	1.10904
119	120	1.16347
119	126	0.645155
119	127	1.11705
119	128	1.17728
119	136	1.14457
119	150	1.1755
119	154	1.16484
119	157	1.15058
119	164	0.64637
119	169	1.15415
119	173	1.17159
119	174	1.14657
119	176	0.687652
119	177	1.16343
119	178	1.16133
119	179	1.15904
119	180	1.16611
120	20	1.03971
120	33	1.12071
120	50	1.08641
120	84	1.10409
120	103	0.653733
120	107	1.15672
120	111	0.728019
120	119	1.16347
120	127	1.10317
120	128	1.1634
120	129	0.669431
120	133	1.14208
120	141	1.14968
120	150	1.16162
120	154	1.15096
120	157	1.1367
120	160	1.16034
120	162	0.669138
120	163	0.653538
120	165	1.15834
120	166	0.650775
120	172	0.682766
120	173	1.15771
120	175	0.68398
120	178	1.14745
120	179	1.14516
120	180	1.15223
121	4	0.732032
121	26	1.19402
121	30	0.469158
121	43	1.29422
121	46	0.536396
121	50	0.688725
121	53	1.14138
121	61	1.21452
121	87	1.23258
121	101	0.650706
121	114	1.16065
121	115	0.55061
121	123	0.599728
121	133	0.588858
121	134	1.19257
121	139	1.20487
121	151	1.16415
121	156	1.22839
121	161	1.19866
121	162	1.19135
121	163	1.20834
121	166	1.21442
121	168	1.20503
121	170	1.17644
121	171	1.18815
121	172	1.19034
121	180	0.585236
122	2	1.23969
122	42	0.677221
122	44	0.508304
122	50	1.11577
122	65	1.20808
122	67	0.615845
122	83	1.13534
122	102	1.20132
122	125	0.667289
122	128	1.19276
122	130	0.603513
122	139	0.622228
122	141	1.17904
122	143	1.16906
122	145	0.661637
122	153	1.18496
122	157	1.16606
122	160	1.1897
122	161	0.603996
122	165	1.1877
122	169	1.16963
122	173	1.18707
122	174	1.16205
122	176	0.628641
122	177	1.17891
122	178	1.17681
122	179	1.17452
122	180	1.18159
123	9	1.0238
123	25	1.1321
123	40	1.10151
123	48	1.18151
123	60	1.12938
123	70	1.09595
123	72	1.1058
123	76	1.11857
123	78	1.09596
123	80	1.18042
123	93	0.723426
123	95	0.614127
123	97	0.742067
123	105	1.15102
123	115	1.12655
123	121	0.599728
123	126	1.15864
123	127	0.790922
123	131	1.1076
123	140	0.683515
123	144	1.14498
123	145	1.07413
123	158	1.11572
123	167	1.14151
123	175	1.11179
123	176	1.10321
123	178	0.724996
123	180	0.730645
124	12	1.2403
124	37	1.14915
124	43	1.27274
124	55	0.539598
124	63	0.569904
124	68	1.17196
124	77	0.651935
124	85	0.688398
124	89	1.12071
124	94	1.13836
124	104	1.20223
124	106	1.18038
124	110	0.640257
124	136	0.658071
124	138	1.20268
124	141	0.597847
124	151	1.14266
124	159	1.15611
124	161	1.17718
124	162	1.16987
124	163	1.18685
124	164	1.17687
124	165	0.640741
124	166	1.19294
124	168	1.18355
124	171	1.16667
124	172	1.16885
124	176	0.618878
125	12	1.17239
125	17	1.12906
125	43	1.20483
125	52	0.639169
125	63	1.1172
125	113	0.666301
125	115	1.11696
125	122	0.667289
125	139	1.11547
125	144	1.1354
125	146	1.09939
125	148	1.10436
125	149	1.13342
125	150	0.694411
125	152	1.11756
125	155	1.08978
125	156	1.139
125	157	0.742007
125	162	1.10196
125	163	1.11894
125	164	1.10895
125	171	1.09876
125	172	1.10094
125	175	1.1022
125	176	1.09363
125	177	0.72977
125	178	0.732908
125	180	0.738557
126	1	1.11023
126	6	1.2355
126	8	0.563818
126	27	0.596339
126	29	1.19318
126	47	1.23287
126	51	1.11666
126	52	0.558024
126	76	1.18365
126	111	1.15804
126	115	1.19162
126	117	0.627412
126	119	0.645155
126	123	1.15864
126	131	1.17268
126	132	0.664374
126	137	1.16867
126	147	1.1811
126	149	1.20809
126	152	1.19222
126	155	1.16444
126	158	1.18079
126	165	0.663031
126	167	1.20659
126	169	0.662389
126	172	0.625734
126	175	1.17687
126	176	1.16829
127	26	0.708637
127	35	1.0781
127	60	0.677637
127	83	1.05956
127	91	0.705912
127	102	1.12553
127	113	1.14429
127	119	1.11705
127	120	1.10317
127	123	0.790922
127	128	1.11698
127	132	1.1059
127	141	1.10326
127	142	1.11179
127	143	1.09328
127	144	0.709035
127	150	1.1152
127	160	1.11392
127	165	1.11192
127	168	0.717326
127	169	1.09385
127	171	0.737138
127	173	1.11129
127	174	1.08627
127	175	0.745966
127	177	1.10313
127	178	1.10102
127	179	1.09874
127	180	1.10581
128	15	1.07889
128	27	0.633759
128	49	0.603335
128	58	1.17454
128	66	0.628793
128	91	0.624313
128	113	1.20452
128	118	0.636754
128	119	1.17728
128	120	1.1634
128	122	1.19276
128	127	1.11698
128	132	1.16613
128	133	1.15588
128	142	1.17202
128	143	1.1535
128	151	0.687377
128	153	1.16941
128	157	1.1505
128	160	1.17415
128	161	0.653942
128	162	0.649525
128	169	1.15408
128	170	0.676581
128	174	1.14649
128	177	1.16336
128	178	1.16125
128	179	1.15896
128	180	1.16604
129	1	1.09569
129	13	1.09718
129	17	1.18919
129	18	1.16618
129	47	1.21832
129	51	1.10212
129	55	1.22827
129	61	0.627842
129	64	0.620562
129	73	0.721022
129	79	0.554452
129	99	1.11376
129	100	1.12188
129	112	1.20621
129	115	1.17708
129	120	0.669431
129	135	1.16056
129	144	1.19552
129	145	1.12466
129	149	1.19355
129	150	0.626994
129	151	0.663686
129	152	1.17768
129	155	1.1499
129	158	1.16625
129	173	0.65534
129	175	1.16233
129	176	1.15375
129	178	0.665492
130	5	1.20971
130	28	0.638072
130	48	0.57819
130	55	1.21267
130	67	1.17815
130	70	0.676659
130	85	0.728057
130	86	1.21184
130	109	1.15841
130	113	0.602525
130	122	0.603513
130	131	1.14254
130	135	1.14496
130	139	1.16
130	150	0.630635
130	151	1.11927
130	152	1.16209
130	155	1.1343
130	156	1.18352
130	159	1.13272
130	161	1.15379
130	162	1.14648
130	167	1.17645
130	168	1.16016
130	169	0.679757
130	170	1.13157
130	171	1.14328
130	176	1.13815
130	178	0.669132
131	13	1.06069
131	21	0.674416
131	29	1.14214
131	37	0.71364
131	44	1.2422
131	47	1.18183
131	51	1.06562
131	56	0.608825
131	57	1.19939
131	59	0.664848
131	69	1.11701
131	76	1.13261
131	88	1.16082
131	96	0.703489
131	103	1.17596
131	105	1.16506
131	111	1.107
131	123	1.1076
131	126	1.17268
131	130	1.14254
131	140	0.646365
131	141	0.656219
131	147	1.13006
131	149	1.15705
131	152	1.14119
131	161	0.652605
131	167	1.15555
131	175	1.12583
131	176	1.11725
131	177	0.684708
132	11	0.615553
132	20	1.04244
132	77	1.13667
132	92	1.14274
132	103	0.662405
132	105	0.642261
132	126	0.664374
132	127	1.1059
132	128	1.16613
132	136	1.13342
132	140	1.15681
132	141	1.15241
132	143	1.14243
132	146	0.688406
132	150	1.16435
132	153	1.15833
132	154	1.15369
132	157	1.13943
132	161	0.682226
132	165	1.16107
132	166	0.659447
132	169	1.143
132	171	0.683823
132	173	1.16044
132	174	1.13542
132	175	0.692651
132	177	1.15228
132	178	1.15017
132	179	1.14789
132	180	1.15496
133	30	1.24268
133	55	0.624252
133	61	0.676477
133	71	1.13291
133	87	0.627066
133	93	1.14288
133	116	1.08765
133	120	1.14208
133	121	0.588858
133	128	1.15588
133	135	1.13053
133	136	1.12317
133	141	1.14217
133	150	1.1541
133	151	0.712321
133	153	1.14809
133	154	1.14345
133	157	1.12918
133	158	0.713619
133	160	1.15283
133	163	0.65887
133	169	1.13276
133	173	1.15019
133	174	1.12518
133	175	0.689311
133	176	0.703531
133	177	1.14204
133	178	1.13993
133	179	1.13764
133	180	1.14472
134	2	0.615623
134	4	0.817287
134	61	1.15391
134	73	1.1206
134	75	1.12546
134	79	1.19661
134	87	1.17197
134	89	1.08158
134	91	1.13496
134	104	1.1631
134	106	1.14125
134	121	1.19257
134	136	0.69344
134	139	1.14426
134	141	0.633216
134	143	0.684231
134	146	1.12818
134	152	0.61676
134	154	0.637724
134	156	1.16778
134	160	0.648478
134	161	1.13805
134	162	1.13074
134	164	1.13774
134	166	1.15381
134	168	1.14442
134	170	1.11583
134	171	1.12754
134	172	1.12972
134	178	0.664843
135	16	0.633072
135	52	1.19847
135	57	1.20182
135	58	1.14918
135	64	0.682834
135	83	1.09443
135	90	1.14776
135	91	0.662894
135	95	0.616894
135	105	1.16749
135	106	0.686461
135	129	1.16056
135	130	1.14496
135	133	1.13053
135	136	1.11914
135	147	1.13248
135	153	1.14405
135	154	1.13941
135	155	1.11583
135	156	0.653776
135	161	0.692522
135	162	0.688106
135	164	0.675886
135	167	1.15798
135	175	1.12825
135	176	1.11968
135	177	1.138
135	178	1.13589
135	179	1.13361
135	180	1.14068
136	34	1.10088
136	47	0.632814
136	51	0.76689
136	56	1.18158
136	95	0.622584
136	97	1.09912
136	101	1.08211
136	107	1.13781
136	115	0.704477
136	119	1.14457
136	124	0.658071
136	132	1.13342
136	133	1.12317
136	134	0.69344
136	135	1.11914
136	141	1.13077
136	143	1.12079
136	148	0.689009
136	150	1.14271
136	154	1.13206
136	157	1.11779
136	160	1.14144
136	169	1.12137
136	170	0.720852
136	172	0.707425
136	173	1.1388
136	174	1.11378
136	177	1.13065
136	178	1.12854
136	179	1.12625
136	180	1.13333
137	1	1.05519
137	17	1.14869
137	29	1.13814
137	39	1.10406
137	42	1.11332
137	44	1.23819
137	50	0.824541
137	54	1.18896
137	62	1.05588
137	67	1.15324
137	79	0.604363
137	99	1.07326
137	100	1.08139
137	103	1.17195
137	106	0.674101
137	110	1.11936
137	111	1.103
137	126	1.16867
137	140	0.673922
137	145	1.08416
137	149	1.15305
137	150	0.676906
137	151	0.713597
137	152	1.13718
137	158	1.12575
137	163	0.660146
137	167	1.15155
137	168	0.661947
137	175	1.12183
137	176	1.11325
137	177	0.712265
138	11	1.2266
138	22	1.05425
138	36	0.641234
138	68	1.16442
138	75	1.15706
138	78	0.641534
138	91	1.16656
138	94	1.13082
138	98	1.196
138	109	1.17427
138	111	0.635935
138	114	1.13164
138	116	0.76705
138	124	1.20268
138	140	1.17686
138	143	0.6361
138	145	0.639112
138	146	1.15977
138	149	0.569739
138	151	1.13513
138	156	1.19938
138	157	0.62581
138	161	1.16965
138	162	1.16234
138	163	1.17932
138	164	1.16933
138	165	0.627979
138	168	1.17602
138	170	1.14743
138	171	1.15914
138	172	1.16132
138	180	0.62236
139	17	0.659242
139	37	1.12232
139	47	0.587207
139	54	1.21042
139	65	0.656163
139	92	0.688327
139	94	1.11153
139	96	1.123
139	102	0.660696
139	106	1.15356
139	109	1.15498
139	118	1.16317
139	121	1.20487
139	122	0.622228
139	125	1.11547
139	130	1.16
139	134	1.14426
139	140	1.15756
139	146	1.14048
139	151	1.11584
139	159	1.12928
139	161	1.15035
139	163	1.16003
139	164	1.15004
139	166	1.16611
139	167	0.632203
139	168	1.15672
139	169	0.698472
139	170	1.12814
139	171	1.13984
139	172	1.14203
139	174	0.713231
139	178	0.687847
140	9	0.805601
140	33	1.12519
140	42	0.70136
140	45	0.541428
140	76	0.665888
140	97	1.12251
140	105	0.588169
140	114	1.11335
140	123	0.683515
140	131	0.646365
140	132	1.15681
140	137	0.673922
140	138	1.17686
140	139	1.15756
140	154	1.15545
140	156	1.18109
140	157	1.14118
140	159	1.13029
140	163	1.16103
140	164	1.15104
140	165	1.16282
140	168	1.15773
140	169	1.14476
140	170	1.12914
140	171	1.14085
140	172	1.14303
140	174	1.13718
