1	54	0.687191
1	116	0.818371
1	141	0.756176
1	142	0.661786
1	146	0.695211
1	148	0.751744
1	158	0.787041
1	160	0.399459
1	161	0.693694
1	174	0.798218
1	175	0.667689
1	179	0.683422
2	105	0.634935
2	121	0.674738
2	124	1.24236
2	144	0.614421
2	147	1.24449
2	149	0.671811
2	152	1.29906
2	165	0.60186
2	169	1.2293
2	170	0.984866
2	178	1.17885
2	179	1.22109
3	25	1.2068
3	43	1.2189
3	50	1.16221
3	60	1.17827
3	61	0.70351
3	129	0.67708
3	145	1.24432
3	147	0.751868
3	150	1.16284
3	166	1.22665
3	171	0.798075
3	178	1.06859
4	97	1.01636
4	118	1.04674
4	119	0.975326
4	123	1.06293
4	136	1.09192
4	138	1.09192
4	160	2.80302
4	166	1.07212
4	170	0.645261
4	173	0.97343
4	176	1.04457
4	179	0.147557
5	6	0.584964
5	26	1.17806
5	114	0.727693
5	130	0.941803
5	135	0.754132
5	137	0.948218
5	145	1.27519
5	150	1.19371
5	153	1.28282
5	158	1.26434
5	167	1.25766
5	178	0.990073
6	5	0.584964
6	32	0.664216
6	93	0.669415
6	136	1.24122
6	138	1.24122
6	139	1.18916
6	148	1.19294
6	158	0.713118
6	165	1.23272
6	167	0.647543
6	169	1.13283
6	171	1.16992
7	22	0.816132
7	29	0.0331531
7	117	0.722542
7	126	0.859687
7	143	1.26101
7	149	0.743398
7	151	1.23401
7	169	1.19772
7	175	1.17378
7	177	1.1967
7	178	1.14727
7	179	1.18951
8	70	1.14622
8	103	1.15779
8	126	0.933482
8	130	1.09677
8	134	0.834424
8	139	0.807923
8	147	1.05151
8	148	0.744076
8	159	1.11505
8	174	0.793582
8	175	1.01238
8	178	0.985866
9	39	1.26093
9	70	1.24789
9	100	0.644801
9	110	1.33436
9	127	1.20588
9	140	0.700846
9	156	0.586318
9	158	0.661399
9	172	1.16769
9	174	0.604766
9	175	1.11405
9	180	1.0692
10	23	0.631482
10	26	1.18943
10	27	1.25805
10	34	0.545157
10	109	1.22753
10	126	1.21587
10	142	0.852641
10	145	1.28656
10	158	1.27571
10	161	0.711902
10	167	1.26903
10	170	0.935872
11	97	1.16952
11	118	1.1999
11	119	2.38911
11	123	1.21609
11	133	0.180452
11	136	1.24508
11	138	1.24508
11	170	2.05905
11	171	0.108912
11	173	1.12659
11	176	1.19773
11	179	0.144063
12	17	1.07339
12	119	1.01151
12	131	1.3404
12	149	0.665447
12	150	0.660834
12	161	1.24753
12	167	0.632893
12	168	0.619472
12	169	1.24547
12	176	0.621463
12	177	1.24445
12	179	1.23726
13	28	0.103341
13	118	1.19194
13	123	1.20813
13	134	1.45672
13	136	1.23712
13	137	1.28495
13	138	1.23712
13	166	1.21732
13	170	1.72964
13	173	1.11862
13	176	1.18976
13	180	0.0882814
14	90	0.680931
14	102	1.25619
14	104	1.23399
14	105	0.666122
14	158	0.736019
14	163	0.757435
14	169	1.13982
14	170	0.895391
14	171	1.17692
14	172	1.16952
14	176	0.659014
14	177	1.1388
14	178	1.08937
15	37	0.672712
15	80	0.668428
15	123	1.17332
15	131	1.18885
15	136	1.20231
15	138	1.20231
15	153	0.720821
15	158	0.752783
15	163	1.19033
15	167	0.687208
15	170	0.849486
15	174	1.20051
15	177	1.0929
16	78	1.14829
16	99	0.81911
16	130	0.98558
16	143	0.734355
16	149	1.11534
16	156	1.10612
16	157	1.16809
16	166	1.14403
16	168	1.13962
16	169	0.827681
16	174	1.16203
16	176	1.11647
16	179	0.930336
17	12	1.07339
17	20	0.567285
17	27	0.737364
17	40	0.86739
17	64	1.52712
17	123	1.92153
17	156	0.928776
17	160	0.585921
17	162	0.927076
17	167	0.966817
17	170	0.633662
17	174	0.984681
17	178	0.827641
18	21	1.23143
18	28	0.692308
18	31	0.765939
18	96	1.32889
18	101	0.700659
18	127	0.67026
18	141	1.30072
18	154	1.29069
18	162	1.28515
18	168	1.32036
18	171	0.762044
18	173	0.795139
18	174	1.34276
19	29	1.19591
19	97	1.09867
19	118	1.12906
19	123	1.14525
19	132	1.05978
19	134	1.70074
19	136	1.17424
19	138	1.17424
19	155	0.099696
19	170	1.97366
19	173	1.05575
19	175	0.102636
19	176	1.12688
20	17	0.567285
20	106	0.890815
20	120	0.809843
20	121	0.853406
20	134	0.53747
20	138	3.34793
20	144	0.840745
20	145	0.845622
20	169	0.739363
20	174	0.845952
20	177	0.738344
20	179	0.731155
21	18	1.23143
21	34	0.752561
21	104	0.855325
21	113	0.730362
21	117	1.14508
21	157	1.15809
21	159	0.914525
21	161	1.0475
21	162	1.09442
21	163	1.14185
21	168	1.12962
21	174	1.15202
21	179	1.051
22	7	0.816132
22	82	1.11112
22	89	0.862111
22	111	0.749247
22	134	0.9213
22	135	0.921998
22	139	1.17953
22	148	1.18331
22	161	1.12526
22	162	1.17218
22	165	1.22308
22	172	0.880546
22	176	1.18423
23	10	0.631482
23	35	1.22269
23	49	0.735381
23	53	1.19936
23	100	0.785998
23	127	1.1418
23	129	1.20804
23	146	1.07749
23	165	0.699623
23	169	1.07391
23	171	1.11101
23	176	0.72559
23	179	1.0657
24	58	0.798382
24	85	0.856325
24	105	1.11035
24	141	1.11993
24	143	0.830359
24	157	1.16804
24	162	1.10437
24	163	1.1518
24	166	1.14398
24	168	1.13957
24	169	0.923685
24	173	0.892438
24	174	1.16197
25	3	1.2068
25	27	1.31753
25	50	1.14306
25	107	1.21292
25	113	0.58243
25	145	1.22517
25	150	1.14369
25	153	1.2328
25	160	0.82674
25	164	0.845984
25	172	0.729191
25	173	1.10881
25	177	0.826917
26	5	1.17806
26	10	1.18943
26	60	1.0995
26	61	0.772677
26	83	1.09021
26	90	1.15598
26	95	0.700057
26	113	0.713599
26	150	1.08408
26	158	1.15471
26	161	0.902542
26	167	1.14802
26	180	1.20963
27	10	1.25805
27	17	0.737364
27	25	1.31753
27	75	0.961384
27	116	1.24426
27	136	1.01783
27	138	1.01783
27	154	0.963963
27	169	0.909442
27	170	0.665012
27	174	1.01603
27	176	0.970477
27	180	0.840658
28	13	0.103341
28	18	0.692308
28	57	0.866608
28	78	0.7556
28	86	1.27099
28	131	1.30637
28	133	1.31978
28	154	0.73467
28	162	0.725325
28	173	1.20133
28	175	1.18749
28	177	1.21041
28	178	1.16098
28	180	1.14265
29	7	0.0331531
29	19	1.19591
29	76	1.11241
29	118	1.24344
29	119	1.11452
29	123	1.25963
29	134	0.511536
29	136	1.28862
29	138	1.28862
29	155	0.0913771
29	160	2.94221
29	170	0.784451
29	173	1.17012
29	176	1.24126
30	57	0.823539
30	108	0.668173
30	146	1.12126
30	147	1.13287
30	155	1.21864
30	159	1.19641
30	162	0.682255
30	166	0.656055
30	167	0.669334
30	169	1.11768
30	171	1.15477
30	179	1.10947
30	180	1.04889
31	18	0.765939
31	42	0.841839
31	81	0.999755
31	87	1.07669
31	96	0.724177
31	111	1.25006
31	113	1.24915
31	142	1.02924
31	147	1.07428
31	151	1.09537
31	168	0.772613
31	175	1.03515
31	176	0.774604
31	180	0.990301
32	6	0.664216
32	34	0.667368
32	45	1.28175
32	93	1.2478
32	104	0.770132
32	107	1.31137
32	147	0.752605
32	150	1.24214
32	160	0.92519
32	167	1.30609
32	169	0.863155
32	173	1.20726
32	176	1.2784
32	177	0.889657
33	83	0.974505
33	90	1.04027
33	108	0.977438
33	132	0.708232
33	136	1.05198
33	138	1.05198
33	152	1.01335
33	156	0.969094
33	158	1.039
33	162	0.991521
33	165	0.941203
33	171	0.980683
33	176	1.00462
33	179	0.93538
34	10	0.545157
34	21	0.752561
34	32	0.667368
34	55	1.24007
34	80	0.631916
34	128	1.30742
34	150	0.678636
34	153	0.684308
34	155	1.30988
34	169	1.20892
34	175	1.18498
34	177	1.2079
34	179	1.20071
34	180	1.14013
35	23	1.22269
35	58	1.27165
35	72	1.32773
35	73	0.845707
35	120	0.823486
35	135	1.26424
35	136	0.0610171
35	142	1.1691
35	162	0.684749
35	164	1.16005
35	167	0.671828
35	171	1.23604
35	176	0.660398
35	178	1.1485
36	43	0.749285
36	82	0.828438
36	100	0.769319
36	104	1.16169
36	108	0.71918
36	117	0.732039
36	128	1.16602
36	131	1.16246
36	142	1.03768
36	159	1.14625
36	175	1.04358
36	177	1.0665
36	178	1.01707
36	180	0.998738
37	15	0.672712
37	39	0.579236
37	84	1.27642
37	93	1.26811
37	116	1.3644
37	126	1.27323
37	134	1.03577
37	147	0.721436
37	150	1.26245
37	167	1.32639
37	169	0.831986
37	170	0.993233
37	172	0.760762
37	178	1.03816
38	53	1.09473
38	59	0.991803
38	67	1.23499
38	88	0.974474
38	106	1.12073
38	134	0.767385
38	138	0.0233572
38	142	0.939435
38	143	1.03257
38	168	1.28781
38	172	0.998979
38	174	1.31018
38	178	0.918828
38	179	0.96107
39	9	1.26093
39	37	0.579236
39	42	0.649537
39	102	1.28949
39	103	1.29459
39	127	1.24101
39	128	1.27162
39	140	0.698755
39	141	0.600616
39	145	0.611675
39	158	0.659308
39	169	1.17312
39	179	1.16491
39	180	1.10433
40	17	0.86739
40	84	1.07823
40	101	0.78504
40	107	1.13348
40	109	1.0867
40	121	1.15351
40	143	0.817442
40	150	1.06425
40	153	1.15336
40	158	1.13488
40	161	0.881725
40	167	1.12819
40	177	0.937269
40	180	1.18881
41	88	1.01407
41	95	0.740432
41	103	0.767922
41	140	1.09783
41	142	1.08366
41	144	1.15293
41	148	1.11166
41	154	1.10607
41	156	1.10223
41	165	1.15144
41	170	0.807117
41	174	1.15814
41	176	1.11258
41	177	0.998462
42	31	0.841839
42	39	0.649537
42	59	0.771815
42	63	1.28087
42	70	0.679902
42	91	0.734154
42	107	1.24132
42	120	1.21779
42	126	1.18287
42	151	0.842428
42	153	1.2612
42	158	1.24272
42	167	1.23603
42	173	1.1372
43	3	1.2189
43	36	0.749285
43	45	1.1954
43	53	0.798435
43	79	0.909503
43	83	1.16193
43	120	1.20149
43	129	0.690088
43	137	0.9103
43	153	1.24491
43	155	0.853086
43	158	1.22642
43	167	1.21974
43	173	1.12091
43	177	0.901927
44	50	1.20132
44	60	1.21738
44	66	0.795962
44	92	1.03262
44	100	1.17265
44	116	1.30392
44	120	1.24766
44	137	0.956465
44	147	0.968114
44	150	1.20196
44	162	0.00202121
44	167	1.2659
44	169	1.07866
44	170	0.932747
44	177	1.10517
45	32	1.28175
45	43	1.1954
45	61	0.859254
45	62	1.10322
45	100	1.11002
45	101	0.892434
45	109	1.16178
45	128	0.909827
45	150	1.13934
45	153	1.22845
45	169	1.01816
45	173	1.10445
45	174	0.00995816
45	176	1.17559
45	180	1.29621
46	117	0.642798
46	120	0.782759
46	122	0.963492
46	124	1.21483
46	146	1.20535
46	150	0.659042
46	151	1.23806
46	158	0.696676
46	161	1.20383
46	164	1.16287
46	168	0.61768
46	175	1.17783
46	176	0.619671
46	177	1.20075
46	180	1.13298
47	56	1.23454
47	64	0.0462848
47	86	1.21073
47	104	1.24534
47	122	0.912897
47	146	1.15475
47	153	0.804335
47	155	1.25213
47	163	0.857713
47	166	0.757443
47	168	0.757301
47	169	1.15117
47	171	1.18827
47	174	0.779664
47	177	1.15015
48	54	1.01021
48	70	1.12456
48	91	1.12842
48	94	0.805395
48	101	1.18231
48	119	0.780703
48	128	1.11315
48	146	1.01823
48	152	1.08441
48	162	0.812327
48	163	0.886397
48	166	0.786127
48	172	1.04435
48	174	0.808349
48	177	1.01363
49	23	0.735381
49	60	1.17776
49	80	1.30219
49	83	1.16847
49	131	0.671759
49	145	1.24381
49	150	1.16233
49	151	0.784984
49	161	0.8158
49	167	1.22628
49	170	0.893122
49	172	0.773619
49	173	1.12745
49	176	1.19859
49	180	1.12289
50	3	1.16221
50	25	1.14306
50	44	1.20132
50	55	0.751032
50	80	1.23895
50	104	0.755503
50	109	1.12154
50	116	1.20106
50	143	0.7552
50	150	1.0991
50	158	1.16973
50	161	0.819484
50	167	1.16304
50	172	0.777302
50	180	1.12657
51	62	1.12311
51	80	1.29908
51	91	0.710943
51	110	0.710978
51	120	1.20493
51	126	1.17001
51	150	1.15923
51	153	1.24834
51	155	0.856736
51	158	1.22986
51	160	0.842275
51	167	1.22317
51	172	0.807852
51	175	0.99005
51	177	0.905577
52	62	1.13765
52	79	0.997446
52	100	1.14445
52	125	0.0112866
52	126	1.18455
52	134	0.947092
52	142	1.07507
52	145	1.25524
52	158	1.2444
52	161	0.934326
52	167	1.23771
52	171	0.899026
52	173	1.13888
52	176	1.21002
52	179	1.06602
53	23	1.19936
53	38	1.09473
53	43	0.798435
53	76	0.0820418
53	82	0.877587
53	109	0.908391
53	155	1.27658
53	166	0.756212
53	171	1.21272
53	173	1.16552
53	175	1.15168
53	176	0.758061
53	178	1.12517
53	179	1.16741
53	180	1.10684
54	1	0.687191
54	48	1.01021
54	62	0.934452
54	71	1.01434
54	76	0.977914
54	84	0.777197
54	100	0.819458
54	131	1.14067
54	135	1.11102
54	136	1.15412
54	138	1.15412
54	140	1.09202
54	150	0.798421
54	157	1.15839
54	167	0.77048
55	34	1.24007
55	50	0.751032
55	56	1.16469
55	71	0.792538
55	85	1.14858
55	96	0.68713
55	120	0.900646
55	128	1.17982
55	151	1.11761
55	164	1.04242
55	167	0.748988
55	170	0.836891
55	175	1.05738
55	180	1.01254
56	47	1.23454
56	55	1.16469
56	57	0.757581
56	77	0.569595
56	107	0.775467
56	129	1.26767
56	149	0.635931
56	151	1.16983
56	159	1.21227
56	163	0.690367
56	171	1.17063
56	176	0.591947
56	177	1.13252
56	178	1.08309
56	180	1.06475
57	28	0.866608
57	30	0.823539
57	56	0.757581
57	66	0.717984
57	112	1.13583
57	119	0.880567
57	128	0.892352
57	132	0.879162
57	139	1.17085
57	141	1.17906
57	149	1.17442
57	154	1.16904
57	155	0.978347
57	165	1.21441
57	174	1.22111
57	176	1.17555
58	24	0.798382
58	35	1.27165
58	59	1.14539
58	63	0.679235
58	95	1.26673
58	119	0.888917
58	139	0.744462
58	145	0.739121
58	146	1.12645
58	169	1.12287
58	172	1.15257
58	174	0.730121
58	175	1.09893
58	176	0.709748
58	178	1.07242
58	180	1.05408
59	38	0.991803
59	42	0.771815
59	58	1.14539
59	70	1.1826
59	102	1.18907
59	105	0.711688
59	106	1.22415
59	110	1.26907
59	121	0.751491
59	142	1.04285
59	158	0.781585
59	165	0.678613
59	168	0.702589
59	172	1.1024
59	175	1.04876
59	180	1.00391
60	3	1.17827
60	26	1.0995
60	44	1.21738
60	49	1.17776
60	93	1.12082
60	133	0.893363
60	150	1.11516
60	151	0.823588
60	158	1.18579
60	161	0.854405
60	167	1.1791
60	170	0.845946
60	171	0.819105
60	173	1.08027
60	177	0.909949
60	179	0.986102
61	3	0.70351
61	26	0.772677
61	45	0.859254
61	80	0.668795
61	87	1.26036
61	90	0.698062
61	95	1.38662
61	97	5.95229e-05
61	100	0.736552
61	133	1.35111
61	169	1.24276
61	170	0.998326
61	171	1.27985
61	172	1.27246
61	179	1.23455
61	180	1.17397
62	45	1.10322
62	51	1.12311
62	52	1.13765
62	54	0.934452
62	63	1.1724
62	73	0.0028719
62	84	1.0776
62	109	1.08607
62	145	1.14509
62	146	1.11514
62	155	0.988114
62	166	1.12743
62	167	1.12756
62	171	0.946111
62	176	1.09987
62	178	1.21662
63	42	1.28087
63	58	0.679235
63	62	1.1724
63	100	1.1792
63	120	1.25422
63	126	1.2193
63	127	0.648412
63	146	0.909225
63	152	0.707008
63	153	1.29763
63	158	1.27915
63	161	0.775497
63	167	1.27246
63	172	0.733315
63	176	1.24477
63	177	0.831041
64	17	1.52712
64	47	0.0462848
64	76	1.13469
64	97	1.23534
64	118	1.26572
64	123	1.28191
64	132	0.928171
64	136	1.3109
64	137	1.39737
64	138	1.3109
64	161	1.20458
64	170	1.84205
64	173	1.19241
64	175	0.0866394
64	176	1.26355
64	178	0.126604
65	72	0.6674
65	85	0.78017
65	104	0.754508
65	111	0.645008
65	125	1.22406
65	141	1.23361
65	143	0.754205
65	148	1.22917
65	156	1.21974
65	163	1.26547
65	165	1.26895
65	168	1.25324
65	173	0.816283
65	174	1.27565
65	176	1.23009
65	179	0.950186
66	44	0.795962
66	57	0.717984
66	81	1.12631
66	93	0.585652
66	107	0.73587
66	126	0.712622
66	135	1.25093
66	142	1.1558
66	151	1.22193
66	153	0.597393
66	155	1.2866
66	169	1.18564
66	173	1.17554
66	176	0.55235
66	177	1.18462
66	178	1.13519
66	179	1.17743
67	38	1.23499
67	85	0.712874
67	101	0.654507
67	113	0.562249
67	115	1.24698
67	144	1.27657
67	146	0.884921
67	148	1.23531
67	149	1.2351
67	155	0.757895
67	160	0.883022
67	163	1.27161
67	165	1.27508
67	166	1.26378
67	169	0.780234
67	170	0.930763
67	174	1.28178
68	87	0.747031
68	89	0.769618
68	127	0.70315
68	140	1.15559
68	144	1.21068
68	149	1.16921
68	151	0.799418
68	156	1.15999
68	157	1.22196
68	162	1.15829
68	163	1.20572
68	165	1.20919
68	168	1.19349
68	169	0.859277
68	173	0.828029
68	174	1.21589
68	179	0.961932
69	71	1.09574
69	86	0.842673
69	102	0.702682
69	140	1.17342
69	144	1.22851
69	148	1.18725
69	149	1.18703
69	154	1.18165
69	155	0.785898
69	156	1.17782
69	163	1.22354
69	168	1.21132
69	169	0.808238
69	173	0.776991
69	174	1.23372
69	175	0.919212
69	177	0.83474
70	8	1.14622
70	9	1.24789
70	42	0.679902
70	48	1.12456
70	59	1.1826
70	75	0.756182
70	86	1.21963
70	108	0.622936
70	130	1.22052
70	139	0.647381
70	147	1.17527
70	151	1.19636
70	156	0.614592
70	163	0.711088
70	165	0.5867
70	171	1.19717
70	172	1.18978
71	54	1.01434
71	55	0.792538
71	69	1.09574
71	89	0.800374
71	125	1.07378
71	139	1.07511
71	141	1.08332
71	142	1.00173
71	144	1.12016
71	149	1.07868
71	156	1.06946
71	162	1.06776
71	165	1.11867
71	168	1.10296
71	171	0.82569
71	178	1.0962
71	179	0.992687
72	35	1.32773
72	65	0.6674
72	77	0.632569
72	79	1.1335
72	124	1.19202
72	133	1.28731
72	141	0.673234
72	149	0.698905
72	153	0.699964
72	157	0.594957
72	166	0.653072
72	169	1.17895
72	171	1.21605
72	175	1.15501
72	178	1.1285
72	179	1.17075
72	180	1.11017
73	35	0.845707
73	62	0.0028719
73	94	1.12959
73	96	1.21729
73	102	0.914805
73	125	1.17958
73	127	0.864235
73	147	0.909812
73	148	1.18469
73	152	0.922831
73	154	1.1791
73	156	1.17526
73	162	1.17356
73	163	1.22099
73	168	1.20876
73	174	1.23117
73	179	1.12302
74	89	1.13318
74	92	1.04382
74	103	1.16441
74	111	1.23391
74	112	0.771414
74	116	0.685628
74	142	1.01309
74	148	0.764395
74	152	1.1127
74	157	0.733565
74	158	0.870534
74	171	1.08003
74	172	1.07264
74	175	1.019
74	176	0.793529
74	178	0.992487
74	179	1.03473
75	27	0.961384
75	70	0.756182
75	105	1.15707
75	140	1.1484
75	142	1.09026
75	147	0.868016
75	148	1.16223
75	149	1.16201
75	154	1.15663
75	158	0.018826
75	159	0.944744
75	161	1.10418
75	162	1.1511
75	165	1.202
75	168	1.1863
75	173	0.947319
75	174	1.2087
75	180	1.25661
76	29	1.11241
76	53	0.0820418
76	54	0.977914
76	64	1.13469
76	86	0.1086
76	97	1.01518
76	118	1.04556
76	122	2.04469
76	123	1.06175
76	130	0.0732676
76	136	1.09074
76	138	1.09074
76	160	4.46521
76	161	0.984417
76	166	1.07094
76	173	0.972251
76	176	1.04339
76	178	0.121538
77	56	0.569595
77	72	0.632569
77	82	1.21821
77	105	1.28524
77	119	0.996331
77	128	0.704365
77	129	0.627362
77	144	1.33166
77	146	0.917386
77	148	1.2904
77	149	1.29019
77	154	1.2848
77	156	1.28097
77	157	1.34293
77	159	0.778877
77	162	1.27927
77	169	0.8127
77	177	0.839201
78	16	1.14829
78	28	0.7556
78	86	0.924114
78	110	0.721581
78	112	1.16432
78	115	1.2148
78	132	0.90766
78	143	0.796352
78	148	1.20313
78	154	1.19754
78	156	1.1937
78	160	0.850846
78	165	1.24291
78	168	1.2272
78	171	0.825336
78	173	0.858431
78	174	1.24961
78	175	1.00065
79	43	0.909503
79	52	0.997446
79	72	1.1335
79	101	1.17237
79	112	0.847014
79	129	1.13885
79	130	1.06516
79	132	0.769358
79	142	0.974871
79	146	1.0083
79	152	1.07447
79	164	0.965818
79	166	0.86728
79	168	0.867138
79	169	1.00471
79	171	1.04181
79	174	0.889501
79	178	0.954264
79	179	0.996507
80	15	0.668428
80	34	0.631916
80	49	1.30219
80	50	1.23895
80	51	1.29908
80	61	0.668795
80	98	0.671895
80	107	1.30882
80	122	0.976532
80	132	0.979453
80	134	1.01292
80	150	1.23959
80	151	0.767844
80	153	1.3287
80	158	1.31022
80	167	1.30353
80	169	0.827702
80	175	0.938677
80	179	0.930358
81	31	0.999755
81	66	1.12631
81	89	1.08109
81	108	0.873925
81	111	1.18181
81	113	1.18091
81	115	0.86151
81	122	0.752563
81	154	0.897353
81	159	1.06957
81	162	0.888007
81	165	0.837689
81	166	0.861807
81	171	1.02794
81	172	1.02054
81	173	0.980738
81	175	0.9669
81	177	0.989821
81	180	0.922056
82	22	1.11112
82	36	0.828438
82	53	0.877587
82	77	1.21821
82	87	0.842332
82	91	0.786446
82	108	1.16012
82	117	1.13774
82	134	0.836205
82	144	1.13948
82	149	1.098
82	154	1.09262
82	156	1.08878
82	157	1.15075
82	168	1.12228
82	169	0.954578
82	171	0.890236
82	173	0.923331
82	174	1.14469
83	26	1.09021
83	33	0.974505
83	43	1.16193
83	49	1.16847
83	85	0.796755
83	90	1.17777
83	93	1.11153
83	100	1.07656
83	116	1.20783
83	121	1.19513
83	137	0.860375
83	142	0.975812
83	146	0.968802
83	150	1.10587
83	151	0.804256
83	161	0.835073
83	164	0.909684
83	167	1.16981
83	175	0.97509
84	37	1.27642
84	40	1.07823
84	54	0.777197
84	62	1.0776
84	107	1.18294
84	113	0.635213
84	114	0.796988
84	126	1.1245
84	132	0.853574
84	145	1.19519
84	153	1.20282
84	158	1.18434
84	160	0.79676
84	161	0.824156
84	167	1.17766
84	175	0.964173
84	176	1.14997
84	178	1.05937
84	180	1.13124
85	24	0.856325
85	55	1.14858
85	65	0.78017
85	67	0.712874
85	83	0.796755
85	105	0.7748
85	131	1.21236
85	155	1.21838
85	156	0.769616
85	159	1.19616
85	160	0.825254
85	169	1.11742
85	172	1.14713
85	175	1.09348
85	176	0.767691
85	177	1.11641
85	178	1.06697
85	179	1.10922
85	180	1.04864
86	28	1.27099
86	47	1.21073
86	69	0.842673
86	70	1.21963
86	76	0.1086
86	78	0.924114
86	121	0.916399
86	146	1.11331
86	148	0.840353
86	151	1.14602
86	154	0.903184
86	160	0.81756
86	164	1.07083
86	165	0.84352
86	169	1.10973
86	172	1.13943
86	178	1.05928
86	179	1.10152
86	180	1.04095
87	31	1.07669
87	61	1.26036
87	68	0.747031
87	82	0.842332
87	98	1.24327
87	114	1.07755
87	128	1.16627
87	146	1.07136
87	149	0.76679
87	150	0.762177
87	151	1.10406
87	156	0.72473
87	159	1.14651
87	161	1.06984
87	167	0.734236
87	169	1.06777
87	176	0.722806
87	178	1.01732
87	180	0.99899
88	38	0.974474
88	41	1.01407
88	98	1.23086
88	101	1.22303
88	105	0.884268
88	118	0.00263651
88	127	1.12326
88	137	0.834654
88	140	0.993612
88	147	1.07056
88	152	1.12513
88	156	0.879084
88	159	1.1341
88	165	0.851192
88	171	1.09246
88	172	1.08507
88	176	0.877159
88	177	1.05435
88	178	1.00492
88	179	1.04716
89	22	0.862111
89	68	0.769618
89	71	0.800374
89	74	1.13318
89	81	1.08109
89	90	0.767311
89	101	1.30808
89	118	0.0267966
89	124	1.15348
89	128	1.23892
89	129	1.27455
89	149	0.789377
89	153	0.790437
89	154	0.77909
89	164	1.10152
89	171	1.17751
89	172	1.17012
89	177	1.1394
89	178	1.08997
89	179	1.13221
90	14	0.680931
90	26	1.15598
90	33	1.04027
90	61	0.698062
90	83	1.17777
90	89	0.767311
90	100	1.14232
90	126	1.18242
90	129	0.671631
90	145	1.25311
90	150	1.17164
90	153	1.26075
90	158	1.24227
90	166	1.23545
90	167	1.23558
90	169	0.856969
90	170	0.902426
90	172	0.785745
90	177	0.883471
90	178	1.06314
91	42	0.734154
91	48	1.12842
91	51	0.710943
91	82	0.786446
91	99	1.13866
91	111	1.35491
91	122	0.925664
91	131	1.25888
91	141	0.685233
91	151	1.20023
91	155	1.2649
91	157	0.606955
91	158	0.743925
91	168	0.664928
91	171	1.20104
91	176	0.666919
91	177	1.16292
91	178	1.11349
91	179	1.15573
91	180	1.09516
92	44	1.03262
92	74	1.04382
92	103	1.17253
92	113	1.24112
92	115	0.786856
92	127	1.11895
92	135	1.11635
92	142	1.02121
92	147	1.06625
92	149	0.832987
92	150	0.828374
92	164	1.01216
92	165	0.763036
92	166	0.787154
92	170	0.806626
92	173	1.04095
92	175	1.02712
92	176	0.789003
92	177	1.05004
92	178	1.00061
92	180	0.982272
93	6	0.669415
93	32	1.2478
93	37	1.26811
93	60	1.12082
93	66	0.585652
93	83	1.11153
93	100	1.07608
93	104	0.775331
93	116	1.20736
93	121	1.19466
93	124	0.810095
93	126	1.11618
93	135	0.838583
93	150	1.1054
93	158	1.17603
93	167	1.16934
93	170	0.836184
93	173	1.07051
93	177	0.894856
93	178	1.07452
93	180	1.1464
94	48	0.805395
94	73	1.12959
94	96	1.1479
94	131	0.679387
94	139	1.11152
94	140	1.10147
94	142	0.964167
94	144	1.15656
94	149	1.11508
94	152	0.75494
94	154	1.1097
94	155	0.830131
94	162	1.10416
94	163	1.15159
94	165	1.15507
94	168	1.13937
94	173	0.821223
94	174	1.16177
94	176	1.11622
94	177	0.878972
94	180	1.13052
95	26	0.700057
95	41	0.740432
95	58	1.26673
95	61	1.38662
95	114	1.20382
95	121	0.650436
95	139	0.638238
95	143	1.25733
95	148	0.57439
95	152	1.2638
95	156	0.605448
95	159	1.27277
95	164	1.15514
95	168	0.601533
95	171	1.23113
95	172	1.22374
95	174	0.623897
95	175	1.1701
95	176	0.603524
95	178	1.14359
95	180	1.12525
96	18	1.32889
96	31	0.724177
96	55	0.68713
96	73	1.21729
96	94	1.1479
96	133	0.79454
96	141	1.20743
96	144	1.24427
96	154	1.19741
96	156	1.19357
96	157	1.25554
96	159	0.750802
96	162	1.19187
96	163	1.2393
96	164	0.830193
96	168	1.22707
96	171	0.720282
96	172	0.7134
96	173	0.753377
96	174	1.24947
96	179	0.887279
97	4	1.01636
97	11	1.16952
97	19	1.09867
97	61	5.95229e-05
97	64	1.23534
97	76	1.01518
97	118	1.1462
97	123	1.1624
97	132	2.96299
97	133	0.0981752
97	136	1.19139
97	137	3.43219
97	138	1.19139
97	155	0.141334
97	159	0.129851
97	161	1.08506
97	166	1.17159
97	173	1.07289
97	176	1.14403
97	177	0.114761
97	180	0.366306
98	80	0.671895
98	87	1.24327
98	88	1.23086
98	126	0.839516
98	135	1.29096
98	136	0.00563153
98	144	0.665839
98	147	1.24086
98	149	0.723228
98	154	0.71294
98	155	1.32662
98	157	0.61928
98	159	1.3044
98	167	0.690674
98	168	0.677253
98	170	0.981235
98	171	1.26276
98	175	1.20172
98	177	1.22465
98	178	1.17521
98	179	1.21746
99	16	0.81911
99	91	1.13866
99	101	1.19255
99	106	1.17634
99	113	1.21496
99	114	1.03467
99	115	0.824334
99	141	0.844794
99	144	0.813076
99	145	0.855853
99	151	1.06118
99	164	0.985992
99	167	0.837911
99	168	0.82449
99	169	1.02489
99	170	0.780459
99	171	1.06198
99	172	1.05459
99	175	1.00095
99	179	1.01668
99	180	0.956105
100	9	0.644801
100	23	0.785998
100	36	0.769319
100	44	1.17265
100	45	1.11002
100	52	1.14445
100	54	0.819458
100	61	0.736552
100	63	1.1792
100	83	1.07656
100	90	1.14232
100	93	1.07608
100	120	1.11612
100	121	1.15968
100	128	0.787125
100	145	1.1519
100	150	1.07042
100	153	1.15953
100	158	1.14105
100	172	0.824235
100	180	1.17351
101	18	0.700659
101	40	0.78504
101	45	0.892434
101	48	1.18231
101	67	0.654507
101	79	1.17237
101	88	1.22303
101	89	1.30808
101	99	1.19255
101	106	1.36928
101	136	0.041076
101	139	0.744038
101	141	0.727637
101	147	1.23302
101	151	1.25412
101	157	0.64936
101	171	1.25493
101	174	0.729696
101	175	1.19389
101	178	1.16738
101	180	1.14905
102	14	1.25619
102	39	1.28949
102	59	1.18907
102	69	0.702682
102	73	0.914805
102	116	0.621594
102	126	0.889768
102	135	1.23183
102	138	0.102828
102	146	1.17012
102	157	0.669532
102	159	1.24527
102	164	1.12764
102	167	0.740926
102	168	0.727505
102	172	1.19624
102	173	1.15644
102	174	0.749868
102	177	1.16552
102	178	1.11609
102	179	1.15833
102	180	1.09776
103	8	1.15779
103	39	1.29459
103	41	0.767922
103	74	1.16441
103	92	1.17253
103	108	0.641282
103	111	1.36262
103	114	1.18142
103	125	0.727378
103	137	0.950931
103	154	0.66471
103	159	1.25038
103	165	0.605047
103	166	0.629165
103	167	0.642444
103	168	0.629022
103	171	1.20874
103	172	1.20134
103	174	0.651386
103	177	1.17062
103	178	1.12119
103	179	1.16344
104	14	1.23399
104	21	0.855325
104	32	0.770132
104	36	1.16169
104	47	1.24534
104	50	0.755503
104	65	0.754508
104	93	0.775331
104	118	0.0234324
104	130	1.20479
104	133	1.25269
104	140	0.858482
104	143	1.20763
104	144	0.728624
104	152	1.2141
104	155	1.2453
104	164	1.10544
104	172	1.17404
104	176	0.742029
104	177	1.14332
104	179	1.13613
104	180	1.07555
105	2	0.634935
105	14	0.666122
105	24	1.11035
105	59	0.711688
105	75	1.15707
105	77	1.28524
105	85	0.7748
105	88	0.884268
105	110	0.674063
105	141	1.16968
105	148	1.16525
105	149	1.16504
105	156	1.15582
105	157	1.21779
105	159	0.808338
105	163	1.20154
105	165	1.20502
105	168	1.18932
105	173	0.810913
105	174	1.21172
105	175	0.953135
105	176	1.16617
106	20	0.890815
106	38	1.12073
106	59	1.22415
106	99	1.17634
106	101	1.36928
106	107	0.80768
106	117	0.647287
106	124	1.21468
106	144	0.610754
106	145	0.653532
106	148	0.595025
106	151	1.23791
106	154	0.657856
106	161	1.20369
106	162	0.64851
106	166	0.62231
106	167	0.635589
106	169	1.20162
106	172	1.23132
106	175	1.17768
106	177	1.2006
106	178	1.15117
107	25	1.21292
107	32	1.31137
107	40	1.13348
107	42	1.24132
107	56	0.775467
107	66	0.73587
107	80	1.30882
107	84	1.18294
107	106	0.80768
107	120	1.21466
107	121	1.25823
107	122	0.905907
107	127	0.862446
107	129	0.833235
107	147	0.908023
107	152	0.921042
107	153	1.25808
107	154	0.0120699
107	158	1.2396
107	167	1.23291
107	170	0.899754
107	178	1.22474
108	30	0.668173
108	33	0.977438
108	36	0.71918
108	70	0.622936
108	81	0.873925
108	82	1.16012
108	103	0.641282
108	110	0.677223
108	112	1.1935
108	119	0.938242
108	139	1.22853
108	141	1.23674
108	154	1.22671
108	156	1.22288
108	157	1.28485
108	160	0.880021
108	162	1.22118
108	165	1.27208
108	168	1.25638
108	169	0.84532
108	173	0.814073
108	174	1.27878
109	10	1.22753
109	40	1.0867
109	45	1.16178
109	50	1.12154
109	53	0.908391
109	62	1.08607
109	116	1.22414
109	121	1.21144
109	126	1.13297
109	127	0.829255
109	131	0.812298
109	134	0.895507
109	135	0.95561
109	145	1.20366
109	146	1.09007
109	151	0.925523
109	153	1.21129
109	158	1.19281
109	163	0.0175507
109	167	1.18613
109	172	0.914158
109	175	1.09636
109	176	1.15843
110	9	1.33436
110	51	0.710978
110	59	1.26907
110	78	0.721581
110	105	0.674063
110	108	0.677223
110	115	0.664808
110	125	0.763318
110	132	1.01119
110	136	0.0675735
110	147	1.26174
110	153	0.711997
110	159	1.32528
110	163	0.765375
110	164	1.20765
110	169	1.24655
110	171	1.28364
110	172	1.27625
110	174	0.687327
110	175	1.22261
110	177	1.24553
110	179	1.23834
110	180	1.17777
111	22	0.749247
111	31	1.25006
111	65	0.645008
111	74	1.23391
111	81	1.18181
111	91	1.35491
111	103	1.36262
111	112	0.610414
111	125	0.728893
111	126	0.792801
111	134	1.03925
111	138	0.0902843
111	140	0.748981
111	145	0.661901
111	153	0.677572
111	159	1.31988
111	161	1.24321
111	166	0.63068
111	171	1.27824
111	177	1.24012
111	178	1.19069
111	179	1.23294
111	180	1.17236
112	57	1.13583
112	74	0.771414
112	78	1.16432
112	79	0.847014
112	108	1.1935
112	111	0.610414
112	117	1.17112
112	124	0.754678
112	125	1.12648
112	139	1.12781
112	140	1.11776
112	157	1.18413
112	161	1.07354
112	163	1.16789
112	164	0.858506
112	165	1.17137
112	168	1.15566
112	171	0.748594
112	173	0.781689
112	174	1.17807
112	175	0.923911
112	176	1.13251
112	180	1.09098
113	21	0.730362
113	25	0.58243
113	26	0.713599
113	31	1.24915
113	67	0.562249
113	81	1.18091
113	84	0.635213
113	92	1.24112
113	99	1.21496
113	120	0.780154
113	135	1.30553
113	139	0.65178
113	146	1.24382
113	151	1.27653
113	165	0.591099
113	166	0.615217
113	169	1.24024
113	171	1.27733
113	172	1.26994
113	174	0.637438
113	177	1.23922
113	178	1.18979
113	180	1.17145
114	5	0.727693
114	84	0.796988
114	87	1.07755
114	95	1.20382
114	99	1.03467
114	103	1.18142
114	121	0.825753
114	122	0.821673
114	126	0.939114
114	127	1.12784
114	129	1.19408
114	142	1.03011
114	143	1.12324
114	144	0.765436
114	146	1.06353
114	152	1.12971
114	156	0.780766
114	162	0.803192
114	169	1.05995
114	176	0.778841
114	178	1.0095
114	179	1.05174
114	180	0.991166
115	67	1.24698
115	78	1.2148
115	81	0.86151
115	92	0.786856
115	99	0.824334
115	110	0.664808
115	117	1.2216
115	124	0.774647
115	125	1.17696
115	131	0.659822
115	139	1.17829
115	140	1.16824
115	141	1.1865
115	143	0.739579
115	148	1.18207
115	152	0.735375
115	156	1.17264
115	157	1.23461
115	162	1.17094
115	163	1.21837
115	165	1.22185
115	168	1.20614
115	169	0.832905
115	173	0.801658
116	1	0.818371
116	27	1.24426
116	37	1.3644
116	44	1.30392
116	50	1.20106
116	74	0.685628
116	83	1.20783
116	93	1.20736
116	102	0.621594
116	109	1.22414
116	120	1.24739
116	121	1.29095
116	122	0.938634
116	124	0.668892
116	150	1.20169
116	153	1.2908
116	161	0.698108
116	164	0.77272
116	166	1.2655
116	169	0.727151
116	171	0.662808
116	176	1.23795
116	177	0.753652
116	178	0.93332
117	7	0.722542
117	21	1.14508
117	36	0.732039
117	46	0.642798
117	82	1.13774
117	106	0.647287
117	112	1.17112
117	115	1.2216
117	119	0.915861
117	133	0.868095
117	137	0.9291
117	141	1.21436
117	144	1.25119
117	148	1.20993
117	156	1.2005
117	157	1.26246
117	161	1.15188
117	162	1.1988
117	164	0.903748
117	168	1.234
117	172	0.786955
117	173	0.826932
117	174	1.2564
117	175	0.969154
117	177	0.884681
118	4	1.04674
118	11	1.1999
118	13	1.19194
118	19	1.12906
118	29	1.24344
118	64	1.26572
118	76	1.04556
118	88	0.00263651
118	89	0.0267966
118	97	1.1462
118	104	0.0234324
118	119	2.72104
118	122	2.12821
118	123	1.19278
118	133	0.126371
118	136	1.22177
118	137	1.94629
118	138	1.22177
118	159	0.0811799
118	161	1.11544
118	166	1.20197
118	170	2.39098
118	173	1.10328
118	176	1.17441
118	180	0.174118
119	4	0.975326
119	11	2.38911
119	12	1.01151
119	29	1.11452
119	48	0.780703
119	57	0.880567
119	58	0.888917
119	77	0.996331
119	108	0.938242
119	117	0.915861
119	118	2.72104
119	122	0.577943
119	130	0.87667
119	143	0.87951
119	145	0.922478
119	150	0.841003
119	151	0.852508
119	153	0.930113
119	155	0.917179
119	160	0.524049
119	163	0.912632
119	169	0.81622
119	170	0.57179
119	178	0.765769
120	20	0.809843
120	35	0.823486
120	42	1.21779
120	43	1.20149
120	44	1.24766
120	46	0.782759
120	51	1.20493
120	55	0.900646
120	63	1.25422
120	100	1.11612
120	107	1.21466
120	113	0.780154
120	116	1.24739
120	132	0.885294
120	145	1.22691
120	151	0.938281
120	158	1.21606
120	160	0.828479
120	161	0.969098
120	164	1.04371
120	166	1.20924
120	167	1.20938
120	172	0.926916
120	173	1.11055
120	174	0.00990179
120	175	1.10911
121	2	0.674738
121	20	0.853406
121	40	1.15351
121	59	0.751491
121	83	1.19513
121	86	0.916399
121	93	1.19466
121	95	0.650436
121	100	1.15968
121	107	1.25823
121	109	1.21144
121	114	0.825753
121	116	1.29095
121	122	0.925936
121	128	0.773629
121	131	0.70888
121	145	1.27047
121	150	1.189
121	151	0.822104
121	152	0.784433
121	153	1.27811
121	155	0.859624
121	158	1.25962
121	166	1.2528
121	167	1.25294
121	172	0.810739
121	173	1.15411
122	46	0.963492
122	47	0.912897
122	76	2.04469
122	80	0.976532
122	81	0.752563
122	91	0.925664
122	107	0.905907
122	114	0.821673
122	116	0.938634
122	118	2.12821
122	119	0.577943
122	121	0.925936
122	123	1.9737
122	134	0.610001
122	137	0.591181
122	138	1.46905
122	149	0.871797
122	153	0.925786
122	156	0.862578
122	160	0.519723
122	162	0.860877
122	163	0.908306
122	165	0.911785
122	170	0.567463
122	171	0.848989
122	173	0.801791
122	174	0.918482
123	4	1.06293
123	11	1.21609
123	13	1.20813
123	15	1.17332
123	17	1.92153
123	19	1.14525
123	29	1.25963
123	64	1.28191
123	76	1.06175
123	97	1.1624
123	118	1.19278
123	122	1.9737
123	132	1.32258
123	134	1.96355
123	135	0.11
123	136	1.23796
123	138	1.23796
123	146	0.142354
123	161	1.13164
123	166	1.21816
123	168	0.000200168
123	170	2.23647
123	173	1.11947
123	176	1.19061
123	178	0.130613
123	179	0.14065
123	180	0.106721
124	2	1.24236
124	46	1.21483
124	72	1.19202
124	89	1.15348
124	93	0.810095
124	106	1.21468
124	112	0.754678
124	115	0.774647
124	116	0.668892
124	127	1.13112
124	129	1.19737
124	133	1.17158
124	134	0.86134
124	141	0.795106
124	148	0.747659
124	155	1.16419
124	157	0.716829
124	162	0.801145
124	166	0.774944
124	168	0.774802
124	171	1.10033
124	172	1.09293
124	175	1.03929
124	177	1.06221
124	178	1.01278
124	179	1.05502
124	180	0.994448
125	52	0.0112866
125	65	1.22406
125	71	1.07378
125	73	1.17958
125	103	0.727378
125	110	0.763318
125	111	0.728893
125	112	1.12648
125	115	1.17696
125	133	0.941332
125	137	0.884461
125	139	1.16151
125	140	1.15146
125	141	1.16972
125	148	1.16529
125	149	1.16508
125	154	1.15969
125	162	1.15416
125	163	1.20159
125	164	0.976985
125	165	1.20506
125	168	1.18936
125	172	0.860192
125	173	0.900169
125	174	1.21176
125	175	1.04239
125	177	0.957918
125	178	1.13759
126	7	0.859687
126	8	0.933482
126	10	1.21587
126	37	1.27323
126	42	1.18287
126	51	1.17001
126	52	1.18455
126	63	1.2193
126	66	0.712622
126	84	1.1245
126	90	1.18242
126	93	1.11618
126	98	0.839516
126	102	0.889768
126	109	1.13297
126	111	0.792801
126	114	0.939114
126	131	0.822241
126	145	1.192
126	150	1.11052
126	153	1.19963
126	158	1.18115
126	159	0.961502
126	160	0.793566
126	161	0.966282
126	163	0.00128782
126	167	1.17446
126	176	1.14677
127	9	1.20588
127	18	0.67026
127	23	1.1418
127	39	1.24101
127	63	0.648412
127	68	0.70315
127	73	0.864235
127	88	1.12326
127	92	1.11895
127	107	0.862446
127	109	0.829255
127	114	1.12784
127	124	1.13112
127	130	1.17851
127	135	1.18335
127	147	1.13325
127	151	1.15435
127	152	1.18782
127	154	0.712622
127	155	1.21902
127	164	1.07917
127	165	0.652958
127	166	0.677076
127	172	1.14776
127	174	0.699298
127	176	0.678925
127	177	1.11704
127	179	1.10985
128	34	1.30742
128	36	1.16602
128	39	1.27162
128	45	0.909827
128	48	1.11315
128	55	1.17982
128	57	0.892352
128	77	0.704365
128	87	1.16627
128	89	1.23892
128	100	0.787125
128	121	0.773629
128	136	0.0616491
128	145	0.75609
128	146	1.15225
128	147	1.16386
128	150	0.766088
128	151	1.18496
128	154	0.760414
128	156	0.728642
128	158	0.803722
128	160	0.856499
128	164	1.10977
128	172	1.17837
128	175	1.12473
128	177	1.14765
128	178	1.09822
128	179	1.14046
129	3	0.67708
129	23	1.20804
129	43	0.690088
129	56	1.26767
129	77	0.627362
129	79	1.13885
129	89	1.27455
129	90	0.671631
129	107	0.833235
129	114	1.19408
129	124	1.19737
129	130	1.24475
129	141	0.668027
129	143	1.24759
129	144	0.636309
129	152	1.25406
129	158	0.726719
129	162	0.674065
129	164	1.14541
129	165	0.623747
129	167	0.661144
129	169	1.1843
129	173	1.1742
129	175	1.16036
129	176	0.649714
129	177	1.18328
129	178	1.13385
129	179	1.1761
129	180	1.11552
130	5	0.941803
130	8	1.09677
130	16	0.98558
130	70	1.22052
130	76	0.0732676
130	79	1.06516
130	104	1.20479
130	119	0.87667
130	127	1.17851
130	129	1.24475
130	132	0.875264
130	138	0.0748173
130	139	1.02766
130	142	1.08078
130	143	1.17391
130	147	1.12581
130	149	1.03693
130	154	1.02665
130	157	0.932987
130	160	0.818449
130	164	1.07172
130	167	1.00438
130	170	0.86619
130	174	1.01332
130	175	1.08668
130	177	1.1096
130	178	1.06017
130	179	1.10241
130	180	1.04184
131	12	1.3404
131	15	1.18885
131	28	1.30637
131	36	1.16246
131	49	0.671759
131	54	1.14067
131	85	1.21236
131	91	1.25888
131	94	0.679387
131	109	0.812298
131	115	0.659822
131	121	0.70888
131	126	0.822241
131	133	1.25346
131	140	0.778421
131	143	1.2084
131	144	0.648563
131	153	0.707011
131	160	0.852935
131	162	0.68632
131	166	0.660119
131	169	1.1451
131	171	1.1822
131	172	1.17481
131	174	0.682341
131	175	1.12116
131	177	1.14409
131	178	1.09465
131	179	1.1369
131	180	1.07632
132	19	1.05978
132	33	0.708232
132	57	0.879162
132	64	0.928171
132	78	0.90766
132	79	0.769358
132	80	0.979453
132	84	0.853574
132	97	2.96299
132	110	1.01119
132	120	0.885294
132	123	1.32258
132	130	0.875264
132	134	0.612921
132	136	2.89275
132	137	0.594102
132	139	0.87115
132	152	0.884573
132	153	0.928707
132	155	0.915773
132	157	0.927467
132	159	0.893546
132	160	0.522643
132	163	0.911226
132	166	0.903406
132	167	0.90354
132	168	0.898998
132	170	0.570384
132	174	0.921403
132	178	0.764364
132	179	0.806606
133	11	0.180452
133	28	1.31978
133	60	0.893363
133	61	1.35111
133	72	1.28731
133	96	0.79454
133	97	0.0981752
133	104	1.25269
133	117	0.868095
133	118	0.126371
133	124	1.17158
133	125	0.941332
133	131	1.25346
133	135	1.22381
133	141	0.863281
133	148	0.815834
133	149	0.888952
133	151	1.19481
133	152	1.22828
133	155	1.25948
133	157	0.785004
133	158	0.921973
133	159	1.23725
133	160	0.866351
133	163	0.943388
133	164	1.11963
133	170	0.914092
133	172	1.18822
133	175	1.13458
133	177	1.1575
133	179	1.15031
133	180	1.08974
134	8	0.834424
134	13	1.45672
134	19	1.70074
134	20	0.53747
134	22	0.9213
134	29	0.511536
134	37	1.03577
134	38	0.767385
134	52	0.947092
134	80	1.01292
134	82	0.836205
134	109	0.895507
134	111	1.03925
134	122	0.610001
134	123	1.96355
134	124	0.86134
134	132	0.612921
134	136	3.53372
134	137	0.627565
134	142	0.818434
134	143	0.911568
134	156	0.898962
134	157	0.960931
134	158	0.943689
134	160	0.556107
134	161	0.850342
134	166	0.936869
134	170	0.603848
134	172	0.877979
134	174	0.954866
134	177	0.847258
135	5	0.754132
135	22	0.921998
135	35	1.26424
135	54	1.11102
135	66	1.25093
135	92	1.11635
135	93	0.838583
135	98	1.29096
135	102	1.23183
135	109	0.95561
135	113	1.30553
135	123	0.11
135	127	1.18335
135	133	1.22381
135	136	0.0669135
135	137	0.894748
135	141	0.823593
135	143	1.17875
135	144	0.791875
135	147	1.13065
135	148	0.776146
135	150	0.844651
135	159	1.19419
135	165	0.779313
135	167	0.81671
135	168	0.803289
135	169	1.11546
135	171	1.15256
135	172	1.14516
135	175	1.09152
135	178	1.06501
135	179	1.10725
135	180	1.04668
136	4	1.09192
136	6	1.24122
136	11	1.24508
136	13	1.23712
136	15	1.20231
136	19	1.17424
136	27	1.01783
136	29	1.28862
136	33	1.05198
136	35	0.0610171
136	54	1.15412
136	64	1.3109
136	76	1.09074
136	97	1.19139
136	98	0.00563153
136	101	0.041076
136	110	0.0675735
136	118	1.22177
136	123	1.23796
136	128	0.0616491
136	132	2.89275
136	134	3.53372
136	135	0.0669135
136	138	1.26695
136	159	0.132982
136	161	1.16063
136	166	1.24715
136	169	0.0913206
136	170	3.80664
136	173	1.14846
136	175	0.128997
136	176	1.2196
136	179	0.120677
136	180	0.296069
137	5	0.948218
137	13	1.28495
137	43	0.9103
137	44	0.956465
137	64	1.39737
137	83	0.860375
137	88	0.834654
137	97	3.43219
137	103	0.950931
137	117	0.9291
137	118	1.94629
137	122	0.591181
137	125	0.884461
137	132	0.594102
137	134	0.627565
137	135	0.894748
137	138	1.28713
137	142	0.799615
137	153	0.943351
137	154	0.883979
137	157	0.942111
137	158	0.924869
137	160	0.537287
137	163	0.92587
137	165	0.929349
137	168	0.913642
137	170	0.585028
137	172	0.859159
137	175	0.805518
137	177	0.828439
137	178	0.779008
137	180	0.760674
138	4	1.09192
138	6	1.24122
138	11	1.24508
138	13	1.23712
138	15	1.20231
138	19	1.17424
138	20	3.34793
138	27	1.01783
138	29	1.28862
138	33	1.05198
138	38	0.0233572
138	54	1.15412
138	64	1.3109
138	76	1.09074
138	97	1.19139
138	102	0.102828
138	111	0.0902843
138	118	1.22177
138	122	1.46905
138	123	1.23796
138	130	0.0748173
138	136	1.26695
138	137	1.28713
138	146	0.151011
138	151	0.136829
138	160	3.88957
138	161	1.16063
138	166	1.24715
138	170	1.73181
138	173	1.14846
138	176	1.2196
138	177	0.10393
138	178	0.130872
138	180	0.0876439
139	6	1.18916
139	8	0.807923
139	22	1.17953
139	57	1.17085
139	58	0.744462
139	70	0.647381
139	71	1.07511
139	94	1.11152
139	95	0.638238
139	101	0.744038
139	108	1.22853
139	112	1.12781
139	113	0.65178
139	115	1.17829
139	125	1.16151
139	130	1.02766
139	132	0.87115
139	148	1.16662
139	149	1.16641
139	151	0.809906
139	152	0.772235
139	154	1.16103
139	157	1.21916
139	159	0.835943
139	162	1.15549
139	163	1.20292
139	165	1.2064
139	166	1.1951
139	168	1.19069
139	170	0.862077
