1	36	0.944286
1	47	0.925004
1	56	1.11878
1	63	0.981756
1	81	0.914299
1	83	0.914148
1	87	1.08301
1	102	0.952496
1	129	1.6826
1	131	2.2496
1	152	0.82705
1	158	0.885074
2	14	0.786964
2	37	0.869436
2	44	0.942603
2	60	0.943717
2	61	0.891926
2	80	0.758589
2	121	0.863479
2	129	2.11289
2	130	2.49708
2	131	0.772217
2	143	0.820778
2	165	0.779796
3	4	1.09686
3	11	1.1211
3	13	0.97429
3	50	1.0217
3	74	1.0624
3	77	1.14654
3	125	1.04545
3	138	1.43746
3	139	0.986512
3	140	1.5914
3	146	1.57724
3	151	1.12928
4	3	1.09686
4	24	1.15175
4	43	1.00443
4	50	1.00373
4	74	1.04443
4	98	1.01631
4	112	1.37754
4	125	1.02747
4	126	0.944205
4	139	0.968537
4	151	1.11131
4	180	2.46448
5	18	1.2424
5	31	1.05792
5	52	1.09558
5	65	1.07759
5	75	0.95227
5	86	1.01618
5	123	1.01114
5	159	1.28713
5	160	1.77122
5	161	0.954246
5	172	0.861842
5	174	1.9852
6	26	1.00984
6	31	0.985514
6	41	1.04364
6	52	1.02318
6	75	0.879866
6	86	0.943775
6	123	0.938731
6	132	1.42865
6	144	1.46456
6	161	0.881843
6	170	2.12787
7	40	1.01597
7	47	1.05003
7	63	1.10679
7	81	1.03933
7	83	1.03918
7	87	1.20804
7	130	1.0827
7	133	1.92352
7	150	1.35168
7	152	0.952081
7	158	1.0101
7	159	1.47169
8	14	1.02488
8	34	1.06638
8	61	1.12984
8	80	0.996503
8	121	1.10139
8	122	1.05575
8	131	1.01013
8	143	1.05869
8	146	0.699728
8	165	1.01771
8	168	1.71845
8	178	2.45651
9	72	1.08449
9	99	1.02033
9	103	1.09098
9	108	0.996008
9	111	0.982701
9	114	1.06657
9	115	1.07085
9	120	1.09112
9	129	0.872389
9	145	1.42189
9	159	1.64557
9	162	1.80487
10	20	1.1294
10	51	1.01569
10	66	1.00428
10	82	1.0518
10	85	1.04771
10	91	1.00793
10	95	1.06214
10	96	1.06236
10	109	0.68335
10	160	1.45515
10	164	1.73879
10	180	2.06033
11	3	1.1211
11	13	0.980552
11	50	1.02796
11	74	1.06867
11	98	1.04055
11	118	0.990374
11	125	1.05171
11	134	0.861203
11	139	0.992774
11	151	1.13554
11	160	1.89443
11	174	2.10841
12	15	1.12301
12	29	0.953204
12	58	0.998245
12	70	1.05345
12	76	1.06522
12	78	1.07091
12	121	1.10035
12	124	1.09167
12	125	1.05253
12	154	1.1334
12	176	1.6262
12	179	2.02589
13	3	0.97429
13	11	0.980552
13	24	1.02918
13	50	0.881157
13	74	0.921861
13	98	0.893745
13	125	0.904905
13	139	0.845968
13	146	1.04957
13	151	0.988736
13	174	1.9409
13	180	2.33211
14	2	0.786964
14	8	1.02488
14	34	0.960178
14	37	1.00115
14	55	0.899366
14	80	0.890304
14	121	0.995195
14	143	0.952493
14	146	1.3525
14	162	1.70506
14	165	0.911512
14	174	2.24383
15	12	1.12301
15	22	1.11408
15	29	0.947215
15	35	1.06169
15	58	0.992257
15	70	1.04746
15	76	1.05923
15	78	1.06492
15	134	0.917506
15	160	1.534
15	174	1.74798
15	179	2.10922
16	22	1.1175
16	29	0.950637
16	35	1.06511
16	58	0.995679
16	70	1.05088
16	76	1.06265
16	78	1.06834
16	121	1.09779
16	131	1.15844
16	153	1.58293
16	154	1.53145
16	161	1.53807
17	79	1.08834
17	90	1.02673
17	93	1.0101
17	97	0.992463
17	100	1.03153
17	106	1.1036
17	113	1.0596
17	141	1.17026
17	146	1.33656
17	158	1.57704
17	171	1.79065
17	172	1.07512
18	5	1.2424
18	26	1.24175
18	41	1.27555
18	65	1.2371
18	75	1.11178
18	86	1.17569
18	109	0.715506
18	156	0.873956
18	158	1.09464
18	161	1.11375
18	169	1.35739
18	175	2.45845
19	33	0.994345
19	39	0.913062
19	46	0.901385
19	53	0.978857
19	62	0.989876
19	67	0.97925
19	73	0.946012
19	84	1.01643
19	89	1.55266
19	136	1.40717
19	166	1.99403
20	10	1.1294
20	45	1.05029
20	56	0.651906
20	66	0.997899
20	82	1.04543
20	85	1.04133
20	91	1.00155
20	95	1.05576
20	96	1.05598
20	101	1.29495
20	151	1.40182
20	169	2.29886
21	59	1.12569
21	64	1.02103
21	66	1.00213
21	82	1.04965
21	85	1.04556
21	91	1.00578
21	95	1.05999
21	96	1.06021
21	159	0.651217
21	176	1.31084
21	177	1.76287
21	178	2.21474
22	15	1.11408
22	16	1.1175
22	29	0.944275
22	58	0.989317
22	70	1.04452
22	76	1.05629
22	117	1.69135
22	121	1.09142
22	125	1.0436
22	145	1.36579
22	151	1.0024
22	161	1.76292
23	25	0.906486
23	69	0.96808
23	71	0.972748
23	93	0.87223
23	94	0.970875
23	100	0.893658
23	106	0.965727
23	113	0.921728
23	132	1.55161
23	155	2.08047
23	163	1.68613
23	172	0.93725
24	4	1.15175
24	13	1.02918
24	50	1.07659
24	74	1.11729
24	125	1.10034
24	139	1.0414
24	151	1.18417
24	156	0.861547
24	173	1.46057
24	174	1.26076
24	178	2.1262
25	23	0.906486
25	54	1.03878
25	71	1.00268
25	90	0.918796
25	100	0.923593
25	106	0.995662
25	113	0.951663
25	158	0.961474
25	164	1.68199
25	172	0.967185
25	178	2.47778
26	6	1.00984
26	18	1.24175
26	41	1.11539
26	52	1.09493
26	75	0.951616
26	86	1.01552
26	112	1.58008
26	123	1.01048
26	128	1.46208
26	136	1.59187
26	141	1.21819
26	161	0.953592
27	99	1.03683
27	108	1.0125
27	111	0.999196
27	114	1.08307
27	115	1.08735
27	116	1.03374
27	120	1.10762
27	132	1.02355
27	137	1.50763
27	138	1.00395
27	154	1.50382
27	160	1.82108
28	39	0.970419
28	62	1.04723
28	73	1.00337
28	84	1.07378
28	94	1.03805
28	97	0.921774
28	106	1.03291
28	113	0.988909
28	144	0.909869
28	166	1.48166
28	172	1.00443
28	175	2.29169
28	176	1.54029
29	12	0.953204
29	15	0.947215
29	16	0.950637
29	22	0.944275
29	35	0.891888
29	58	0.822454
29	76	0.889429
29	78	0.895119
29	121	0.924561
29	125	0.876738
29	150	1.42644
29	153	1.76477
29	173	2.44435
30	105	1.05979
30	108	0.960188
30	111	0.946882
30	114	1.03075
30	115	1.03503
30	116	0.981421
30	120	1.0553
30	123	0.992752
30	143	1.01622
30	145	1.3014
30	158	1.5723
30	172	1.09979
30	176	2.18471
31	5	1.05792
31	6	0.985514
31	41	1.09106
31	52	1.0706
31	65	1.05261
31	75	0.927292
31	86	0.991202
31	123	0.986157
31	130	0.964818
31	136	1.36793
31	152	1.6996
31	161	0.929269
31	164	2.12154
32	45	1.01591
32	51	0.97493
32	74	1.03212
32	91	0.967172
32	95	1.02138
32	96	1.0216
32	125	1.01517
32	139	0.95623
32	144	1.19237
32	151	1.099
32	156	0.9897
32	166	1.76416
32	180	2.25244
33	19	0.994345
33	39	1.01121
33	46	0.999532
33	53	1.077
33	62	1.08802
33	67	1.0774
33	73	1.04416
33	84	1.11457
33	119	1.32182
33	144	1.70697
33	148	1.13471
33	159	1.67777
34	8	1.06638
34	14	0.960178
34	44	1.11582
34	55	0.940863
34	60	1.11693
34	80	0.931802
34	121	1.03669
34	141	0.871895
34	143	0.993991
34	162	1.39076
34	165	0.95301
34	166	1.83245
34	168	2.05692
35	15	1.06169
35	16	1.06511
35	29	0.891888
35	58	0.936929
35	70	0.992133
35	78	1.00959
35	92	1.1082
35	121	1.03904
35	125	0.991214
35	126	1.26847
35	141	1.33991
35	148	1.15642
35	176	2.3591
36	1	0.944286
36	40	0.985431
36	47	1.0195
36	63	1.07625
36	81	1.00879
36	83	1.00864
36	87	1.1775
36	128	1.19814
36	132	1.30709
36	152	0.921545
36	158	0.979569
36	159	1.3138
36	179	2.37312
37	2	0.869436
37	14	1.00115
37	55	0.981837
37	60	1.1579
37	61	1.10611
37	80	0.972776
37	119	0.798765
37	131	0.986404
37	143	1.03497
37	155	1.67684
37	165	0.993984
37	171	1.41554
37	177	2.26636
38	99	0.950955
38	103	1.0216
38	104	1.02241
38	108	0.926629
38	110	1.00837
38	111	0.913322
38	114	0.997194
38	116	0.947861
38	120	1.02174
38	126	1.4093
38	143	0.982658
38	150	1.72028
38	151	1.25322
38	162	1.99959
39	19	0.913062
39	28	0.970419
39	33	1.01121
39	42	1.04391
39	46	0.918249
39	53	0.995721
39	62	1.00674
39	67	0.996114
39	73	0.962876
39	84	1.03329
39	102	0.992563
39	130	1.33154
39	151	1.13346
39	177	2.83218
40	7	1.01597
40	36	0.985431
40	47	0.966149
40	63	1.0229
40	81	0.955444
40	83	0.955293
40	87	1.12415
40	101	1.09017
40	102	0.993641
40	124	1.90921
40	141	1.42456
40	152	0.868195
40	153	2.00243
40	158	0.926219
41	6	1.04364
41	18	1.27555
41	26	1.11539
41	31	1.09106
41	52	1.12873
41	65	1.11074
41	75	0.985414
41	86	1.04932
41	134	0.59821
41	137	1.31799
41	141	0.787783
41	161	0.987391
41	173	2.04523
41	177	2.259
42	39	1.04391
42	65	1.00842
42	75	0.883096
42	86	0.947005
42	97	1.06433
42	104	1.01479
42	117	0.933538
42	123	0.941961
42	161	0.885073
42	169	0.861408
42	174	0.846399
42	176	0.842232
42	179	0.817427
42	180	0.815144
43	4	1.00443
43	54	0.738543
43	91	1.37158
43	152	0.910823
43	156	1.03296
43	164	0.891261
43	166	0.893999
43	169	0.897802
43	173	0.863598
43	174	0.882794
43	175	0.847349
43	177	0.854523
43	178	0.843983
43	180	0.851539
44	2	0.942603
44	34	1.11582
44	55	1.055
44	60	1.23107
44	61	1.17928
44	80	1.04594
44	89	1.77352
44	101	0.919954
44	129	0.84072
44	131	1.05957
44	136	1.62803
44	139	1.65661
44	143	1.10813
44	165	1.06715
45	20	1.05029
45	32	1.01591
45	51	0.936571
45	57	1.05771
45	64	0.944062
45	66	0.925162
45	85	0.968597
45	91	0.928813
45	95	0.983026
45	96	0.983245
45	126	1.04884
45	150	1.35982
45	158	1.52705
45	179	2.53915
46	19	0.901385
46	33	0.999532
46	39	0.918249
46	53	0.984044
46	62	0.995063
46	67	0.984437
46	73	0.951199
46	84	1.02161
46	92	1.0583
46	102	0.980886
46	118	1.25724
46	139	1.71992
46	157	1.41276
46	169	1.98717
47	1	0.925004
47	7	1.05003
47	36	1.0195
47	40	0.966149
47	81	0.989512
47	83	0.989361
47	98	0.97698
47	102	1.02771
47	142	1.33153
47	151	0.710219
47	152	0.902263
47	158	0.960287
47	170	1.9898
47	177	2.40895
48	69	1.13755
48	71	1.14222
48	90	1.05833
48	93	1.0417
48	97	1.02407
48	100	1.06313
48	106	1.1352
48	113	1.0912
48	140	0.935858
48	145	0.891278
48	155	1.6371
48	156	0.941488
48	172	1.10672
48	178	2.67848
49	72	1.01172
49	88	0.965565
49	99	0.947565
49	104	1.01902
49	105	1.02284
49	108	0.923239
49	114	0.993804
49	115	0.998085
49	116	0.944472
49	130	1.27449
49	140	1.48438
49	143	0.979268
49	164	2.43122
49	172	1.23819
50	3	1.0217
50	4	1.00373
50	11	1.02796
50	13	0.881157
50	24	1.07659
50	74	0.969272
50	98	0.941156
50	109	0.912773
50	125	0.952316
50	139	0.893379
50	149	1.92766
50	151	1.03615
50	152	1.91898
50	163	1.70099
51	10	1.01569
51	32	0.97493
51	45	0.936571
51	57	1.01673
51	59	1.00775
51	64	0.903082
51	82	0.931708
51	85	0.927616
51	91	0.887832
51	95	0.942045
51	96	0.942265
51	107	1.13423
51	122	1.75322
51	172	1.16517
51	177	2.70211
52	5	1.09558
52	6	1.02318
52	26	1.09493
52	31	1.0706
52	41	1.12873
52	65	1.09028
52	75	0.964957
52	86	1.02887
52	123	1.02382
52	132	1.15708
52	140	0.984691
52	161	0.966933
52	163	1.29159
52	170	1.8563
52	173	2.06168
53	19	0.978857
53	33	1.077
53	39	0.995721
53	46	0.984044
53	62	1.07253
53	67	1.06191
53	73	1.02867
53	84	1.09909
53	92	1.13577
53	102	1.05836
53	139	0.893439
53	156	0.677252
53	176	1.51035
53	178	2.41424
53	179	1.91004
54	25	1.03878
54	43	0.738543
54	79	1.08276
54	90	1.02115
54	93	1.00452
54	94	1.10317
54	97	0.986885
54	100	1.02595
54	106	1.09802
54	112	1.11165
54	113	1.05402
54	140	0.930215
54	172	1.06954
54	174	1.80739
54	180	2.19859
55	14	0.899366
55	34	0.940863
55	37	0.981837
55	44	1.055
55	60	1.05612
55	61	1.00433
55	80	0.87099
55	121	0.97588
55	131	0.884618
55	143	0.933179
55	145	1.21289
55	163	1.56437
55	165	0.892198
55	172	1.01128
55	178	3.00009
56	1	1.11878
56	20	0.651906
56	70	0.371103
56	78	0.519156
56	110	0.264072
56	165	1.13663
56	168	1.05619
56	173	1.03939
56	174	1.05859
56	175	1.02314
56	176	1.05442
56	177	1.03032
56	178	1.01978
56	179	1.02961
56	180	1.02733
57	45	1.05771
57	51	1.01673
57	59	1.12889
57	64	1.02422
57	66	1.00532
57	82	1.05285
57	85	1.04876
57	91	1.00897
57	95	1.06319
57	96	1.0634
57	147	1.38937
57	151	0.724042
57	163	1.43892
57	171	1.57194
57	173	2.209
58	12	0.998245
58	15	0.992257
58	16	0.995679
58	22	0.989317
58	29	0.822454
58	35	0.936929
58	68	1.07923
58	70	0.922699
58	76	0.934471
58	78	0.94016
58	92	1.03876
58	125	0.92178
58	138	1.71545
58	154	2.21532
58	172	1.6232
59	21	1.12569
59	51	1.00775
59	57	1.12889
59	64	1.01524
59	66	0.996339
59	82	1.04386
59	85	1.03977
59	91	0.99999
59	95	1.0542
59	96	1.05442
59	131	1.39079
59	135	1.61791
59	139	1.63969
59	156	1.4235
59	172	1.17168
60	2	0.943717
60	34	1.11693
60	37	1.1579
60	44	1.23107
60	55	1.05612
60	80	1.04706
60	129	0.813525
60	131	1.06069
60	143	1.10925
60	147	1.30809
60	156	1.05636
60	165	1.06826
60	166	1.83082
60	180	2.31911
61	2	0.891926
61	8	1.12984
61	37	1.10611
61	44	1.17928
61	55	1.00433
61	80	0.995266
61	121	1.10016
61	129	0.674632
61	131	1.00889
61	138	0.721035
61	143	1.05745
61	161	1.22752
61	165	1.01647
61	175	2.46509
61	177	2.16572
62	19	0.989876
62	28	1.04723
62	33	1.08802
62	39	1.00674
62	46	0.995063
62	53	1.07253
62	67	1.07293
62	73	1.03969
62	84	1.11011
62	102	1.06938
62	122	1.32904
62	132	1.15957
62	147	1.24454
62	165	1.08579
62	167	2.56647
63	1	0.981756
63	7	1.10679
63	36	1.07625
63	40	1.0229
63	81	1.04626
63	83	1.04611
63	87	1.21497
63	98	1.03373
63	152	0.959015
63	155	1.6998
63	156	1.00419
63	157	0.91322
63	158	1.01704
63	159	1.17766
63	175	2.58869
64	21	1.02103
64	45	0.944062
64	51	0.903082
64	57	1.02422
64	59	1.01524
64	66	0.891673
64	82	0.939199
64	85	0.935107
64	91	0.895323
64	95	0.949536
64	96	0.949756
64	124	1.42127
64	127	1.44721
64	164	2.06392
64	166	1.89717
65	5	1.07759
65	18	1.2371
65	31	1.05261
65	41	1.11074
65	42	1.00842
65	52	1.09028
65	75	0.946966
65	86	1.01088
65	123	1.00583
65	126	1.1394
65	135	1.59134
65	142	1.60463
65	153	1.78871
65	161	0.948943
65	172	1.14511
66	10	1.00428
66	20	0.997899
66	21	1.00213
66	45	0.925162
66	57	1.00532
66	59	0.996339
66	64	0.891673
66	82	0.920298
66	91	0.876423
66	95	0.930636
66	96	0.930855
66	153	0.956162
66	164	1.50559
66	175	2.14887
66	178	2.30137
67	19	0.97925
67	33	1.0774
67	39	0.996114
67	46	0.984437
67	53	1.06191
67	62	1.07293
67	73	1.02906
67	84	1.09948
67	92	1.13617
67	102	1.05875
67	142	1.07549
67	153	1.25956
67	164	1.80899
67	168	1.86671
67	169	1.35121
68	58	1.07923
68	76	0.623175
68	81	0.842779
68	89	0.972598
68	108	0.649712
68	112	1.03809
68	130	1.03813
68	155	0.957324
68	168	0.914402
68	173	0.897598
68	174	0.916794
68	176	0.912627
68	177	0.888523
68	178	0.877983
68	179	0.887821
68	180	0.885539
69	23	0.96808
69	48	1.13755
69	79	1.042
69	90	0.98039
69	93	0.963759
69	94	1.0624
69	97	0.946123
69	100	0.985187
69	106	1.05726
69	113	1.01326
69	127	0.963025
69	158	0.859218
69	167	2.21219
69	172	1.02878
69	174	1.51007
69	175	2.22302
70	12	1.05345
70	15	1.04746
70	16	1.05088
70	22	1.04452
70	35	0.992133
70	56	0.371103
70	58	0.922699
70	76	0.989675
70	78	0.995364
70	92	1.09397
70	109	1.04767
70	121	1.02481
70	124	1.83319
70	125	0.976983
70	157	1.44365
70	176	2.36772
71	23	0.972748
71	25	1.00268
71	48	1.14222
71	77	0.843527
71	90	0.985058
71	93	0.968426
71	94	1.06707
71	97	0.95079
71	100	0.989855
71	110	1.05334
71	113	1.01793
71	152	1.81328
71	165	1.38699
71	169	1.77745
71	171	1.72832
71	172	1.03345
72	9	1.08449
72	49	1.01172
72	88	1.00506
72	99	0.987056
72	104	1.05851
72	105	1.06233
72	108	0.96273
72	111	0.949423
72	114	1.0333
72	116	0.983962
72	120	1.05784
72	127	1.60218
72	133	1.90298
72	151	0.864085
72	152	1.79695
72	159	1.45116
73	19	0.946012
73	28	1.00337
73	33	1.04416
73	39	0.962876
73	46	0.951199
73	53	1.02867
73	62	1.03969
73	67	1.02906
73	84	1.06624
73	92	1.10293
73	102	1.02551
73	122	1.89511
73	128	1.61669
73	138	1.39932
73	148	1.1893
73	157	1.46791
74	3	1.0624
74	4	1.04443
74	11	1.06867
74	13	0.921861
74	24	1.11729
74	32	1.03212
74	50	0.969272
74	98	0.981859
74	124	1.35249
74	125	0.993019
74	134	0.678258
74	139	0.934082
74	151	1.07685
74	165	1.1469
74	173	2.12528
74	180	2.31667
75	5	0.95227
75	6	0.879866
75	18	1.11178
75	26	0.951616
75	31	0.927292
75	41	0.985414
75	42	0.883096
75	52	0.964957
75	65	0.946966
75	86	0.885554
75	123	0.88051
75	134	1.30371
75	138	1.51981
75	161	0.823621
75	163	1.98065
75	169	2.16281
76	12	1.06522
76	15	1.05923
76	16	1.06265
76	22	1.05629
76	29	0.889429
76	58	0.934471
76	68	0.623175
76	70	0.989675
76	78	1.00714
76	92	1.10574
76	118	1.17247
76	121	1.03658
76	125	0.988755
76	138	1.2594
76	161	1.76589
76	166	2.19343
77	3	1.14654
77	71	0.843527
77	96	0.775965
77	115	0.97349
77	134	1.10634
77	146	1.0196
77	156	1.04574
77	157	1.00361
77	169	0.910579
77	174	0.89557
77	175	0.860126
77	176	0.891403
77	177	0.8673
77	178	0.85676
77	179	0.866598
77	180	0.864316
78	12	1.07091
78	15	1.06492
78	16	1.06834
78	29	0.895119
78	35	1.00959
78	56	0.519156
78	58	0.94016
78	70	0.995364
78	76	1.00714
78	92	1.11143
78	121	1.04227
78	125	0.994445
78	134	1.30701
78	140	1.67704
78	162	2.01544
78	172	1.43086
79	17	1.08834
79	54	1.08276
79	69	1.042
79	93	0.946147
79	94	1.04479
79	97	0.928511
79	100	0.967575
79	106	1.03964
79	110	1.03106
79	113	0.995645
79	117	1.36897
79	124	1.39218
79	126	0.836088
79	132	1.26037
79	172	1.01117
79	178	2.8306
80	2	0.758589
80	8	0.996503
80	14	0.890304
80	34	0.931802
80	37	0.972776
80	44	1.04594
80	55	0.87099
80	60	1.04706
80	61	0.995266
80	131	0.875557
80	143	0.924118
80	156	0.967209
80	160	1.62477
80	165	0.883136
80	167	2.54087
80	173	2.03857
81	1	0.914299
81	7	1.03933
81	36	1.00879
81	40	0.955444
81	47	0.989512
81	63	1.04626
81	68	0.842779
81	83	0.978657
81	87	1.14752
81	98	0.966276
81	102	1.017
81	131	1.60586
81	148	1.26899
81	149	2.1665
81	152	0.891559
81	158	0.949582
81	172	1.38675
82	10	1.0518
82	20	1.04543
82	21	1.04965
82	51	0.931708
82	57	1.05285
82	59	1.04386
82	64	0.939199
82	66	0.920298
82	85	0.963733
82	91	0.923949
82	95	0.978162
82	96	0.978381
82	119	1.33002
82	136	1.70009
82	158	1.73318
82	161	1.85942
82	172	1.26068
83	1	0.914148
83	7	1.03918
83	36	1.00864
83	40	0.955293
83	47	0.989361
83	63	1.04611
83	81	0.978657
83	87	1.14737
83	98	0.966125
83	101	1.04231
83	102	1.01685
83	130	1.34726
83	145	1.51257
83	152	0.891407
83	156	1.56278
83	158	0.949431
83	176	2.39588
84	19	1.01643
84	28	1.07378
84	33	1.11457
84	39	1.03329
84	46	1.02161
84	53	1.09909
84	62	1.11011
84	67	1.09948
84	73	1.06624
84	92	1.17334
84	102	1.09593
84	127	1.46742
84	128	1.20074
84	135	1.33734
84	139	1.35912
84	156	1.14293
84	176	1.97603
85	10	1.04771
85	20	1.04133
85	21	1.04556
85	45	0.968597
85	51	0.927616
85	57	1.04876
85	59	1.03977
85	64	0.935107
85	82	0.963733
85	91	0.919858
85	95	0.97407
85	96	0.97429
85	135	1.4254
85	141	1.0449
85	146	1.2112
85	149	1.75893
85	179	2.46378
86	5	1.01618
86	6	0.943775
86	18	1.17569
86	26	1.01552
86	31	0.991202
86	41	1.04932
86	42	0.947005
86	52	1.02887
86	65	1.01088
86	75	0.885554
86	123	0.944419
86	145	1.12239
86	149	1.70053
86	157	1.08162
86	161	0.887531
86	165	1.26558
86	175	2.75709
87	1	1.08301
87	7	1.20804
87	36	1.1775
87	40	1.12415
87	63	1.21497
87	81	1.14752
87	83	1.14737
87	98	1.13499
87	102	1.18571
87	119	0.835144
87	130	0.802098
87	148	0.648034
87	152	1.06027
87	158	1.11829
87	161	1.36454
87	167	2.59128
87	172	0.765797
87	180	2.28036
88	49	0.965565
88	72	1.00506
88	99	0.9409
88	103	1.01154
88	105	1.01617
88	108	0.916574
88	111	0.903267
88	114	0.987139
88	115	0.99142
88	116	0.937806
88	118	1.08412
88	120	1.01169
88	132	0.927619
88	143	0.972603
88	144	1.53328
88	163	1.63188
88	165	1.42359
88	179	2.5634
89	19	1.55266
89	44	1.77352
89	68	0.972598
89	90	1.51063
89	107	0.967375
89	130	0.92539
89	132	0.878099
89	149	0.839043
89	156	0.954226
89	167	0.780949
89	171	0.824448
89	173	0.78486
89	175	0.768611
89	176	0.799888
89	177	0.775785
89	178	0.765245
89	179	0.775083
89	180	0.7728
90	17	1.02673
90	25	0.918796
90	48	1.05833
90	54	1.02115
90	69	0.98039
90	71	0.985058
90	89	1.51063
90	94	0.983185
90	97	0.866904
90	100	0.905968
90	106	0.978037
90	110	0.969456
90	113	0.934039
90	150	1.23099
90	154	1.51783
90	159	1.351
90	170	2.04351
90	172	0.94956
91	10	1.00793
91	20	1.00155
91	21	1.00578
91	32	0.967172
91	43	1.37158
91	45	0.928813
91	51	0.887832
91	57	1.00897
91	59	0.99999
91	64	0.895323
91	66	0.876423
91	82	0.923949
91	85	0.919858
91	95	0.934287
91	96	0.934506
91	101	1.04841
91	132	1.73564
91	170	2.43486
91	172	1.31706
92	35	1.1082
92	46	1.0583
92	53	1.13577
92	58	1.03876
92	67	1.13617
92	70	1.09397
92	73	1.10293
92	76	1.10574
92	78	1.11143
92	84	1.17334
92	121	1.14087
92	125	1.09305
92	136	1.27229
92	151	0.67109
92	160	1.74226
92	161	1.43161
92	163	1.38596
92	165	1.17767
92	170	1.95067
93	17	1.0101
93	23	0.87223
93	48	1.0417
93	54	1.00452
93	69	0.963759
93	71	0.968426
93	79	0.946147
93	94	0.966553
93	97	0.850272
93	100	0.889336
93	106	0.961405
93	110	0.952824
93	113	0.917407
93	129	1.10736
93	133	2.33236
93	146	1.68727
93	147	1.95879
93	148	1.33748
93	172	0.932929
94	23	0.970875
94	28	1.03805
94	54	1.10317
94	69	1.0624
94	71	1.06707
94	79	1.04479
94	90	0.983185
94	93	0.966553
94	97	0.948917
94	100	0.987982
94	106	1.06005
94	107	0.808617
94	113	1.01605
94	117	1.36672
94	150	1.14483
94	165	1.18435
94	170	1.95735
94	172	1.03157
94	175	2.67586
95	10	1.06214
95	20	1.05576
95	21	1.05999
95	32	1.02138
95	45	0.983026
95	51	0.942045
95	57	1.06319
95	59	1.0542
95	64	0.949536
95	66	0.930636
95	82	0.978162
95	85	0.97407
95	91	0.934287
95	96	0.988719
95	129	0.911896
95	135	1.70601
95	137	1.85572
95	156	1.5116
95	157	1.42063
95	162	1.84437
96	10	1.06236
96	20	1.05598
96	21	1.06021
96	32	1.0216
96	45	0.983245
96	51	0.942265
96	57	1.0634
96	59	1.05442
96	64	0.949756
96	66	0.930855
96	77	0.775965
96	82	0.978381
96	85	0.97429
96	91	0.934506
96	95	0.988719
96	119	1.04398
96	153	1.61824
96	157	1.13548
96	169	1.70988
96	180	2.4892
97	17	0.992463
97	28	0.921774
97	42	1.06433
97	48	1.02407
97	54	0.986885
97	69	0.946123
97	71	0.95079
97	79	0.928511
97	90	0.866904
97	93	0.850272
97	94	0.948917
97	100	0.871701
97	106	0.94377
97	110	0.935188
97	113	0.899771
97	142	1.77518
97	154	1.90777
97	157	1.4765
97	171	2.00177
97	172	0.915293
98	4	1.01631
98	11	1.04055
98	13	0.893745
98	47	0.97698
98	50	0.941156
98	63	1.03373
98	74	0.981859
98	81	0.966276
98	83	0.966125
98	87	1.13499
98	125	0.964904
98	136	1.23261
98	139	0.905967
98	142	1.25272
98	149	1.57295
98	150	1.09847
98	151	1.04874
98	152	0.879027
98	158	0.93705
98	167	2.61867
98	170	1.91099
99	9	1.02033
99	27	1.03683
99	38	0.950955
99	49	0.947565
99	72	0.987056
99	88	0.9409
99	104	0.994353
99	105	0.998174
99	108	0.898574
99	111	0.885268
99	114	0.969139
99	115	0.97342
99	116	0.919807
99	120	0.993689
99	132	0.909619
99	134	0.966994
99	143	0.954603
99	148	0.973076
99	150	1.39611
99	152	1.86192
99	176	2.17575
99	179	2.57544
100	17	1.03153
100	23	0.893658
100	25	0.923593
100	48	1.06313
100	54	1.02595
100	69	0.985187
100	71	0.989855
100	79	0.967575
100	90	0.905968
100	93	0.889336
100	94	0.987982
100	97	0.871701
100	106	0.982834
100	107	1.02037
100	110	0.974253
100	113	0.938835
100	138	1.14356
100	161	1.65004
100	162	1.63589
100	172	0.954357
100	173	2.37448
100	174	2.17467
101	20	1.29495
101	40	1.09017
101	44	0.919954
101	83	1.04231
101	91	1.04841
101	107	1.11032
101	125	0.642219
101	147	1.03481
101	149	0.981987
101	157	1.05504
101	164	0.955467
101	166	0.958204
101	167	0.923893
101	170	0.945548
101	171	0.967392
101	173	0.927804
101	175	0.911555
101	176	0.942832
101	177	0.918729
101	178	0.908189
101	179	0.918026
101	180	0.915744
102	1	0.952496
102	39	0.992563
102	40	0.993641
102	46	0.980886
102	47	1.02771
102	53	1.05836
102	62	1.06938
102	67	1.05875
102	73	1.02551
102	81	1.017
102	83	1.01685
102	84	1.09593
102	87	1.18571
102	142	1.50724
102	147	1.55126
102	152	0.929755
102	157	1.20856
102	158	0.987779
102	159	1.473
102	160	1.9571
102	169	1.78296
102	172	1.04771
103	9	1.09098
103	38	1.0216
103	88	1.01154
103	104	1.065
103	105	1.06882
103	108	0.969218
103	109	0.99675
103	110	1.05096
103	111	0.955911
103	114	1.03978
103	115	1.04406
103	116	0.99045
103	118	1.23721
103	120	1.06433
103	123	1.00178
103	127	1.80819
103	129	0.883993
103	132	0.980262
103	140	1.47807
103	143	1.02525
103	165	1.57668
103	168	2.48263
104	38	1.02241
104	42	1.01479
104	49	1.01902
104	72	1.05851
104	99	0.994353
104	103	1.065
104	105	1.06963
104	108	0.970028
104	110	1.05177
104	111	0.956721
104	114	1.04059
104	115	1.04487
104	116	0.99126
104	120	1.06514
104	123	1.00259
104	128	1.57575
104	134	1.14228
104	143	1.02606
104	145	1.46773
104	150	1.5714
104	151	1.10434
104	169	2.00137
105	30	1.05979
105	49	1.02284
105	72	1.06233
105	88	1.01617
105	99	0.998174
105	103	1.06882
105	104	1.06963
105	108	0.973849
105	111	0.960542
105	112	1.42642
105	114	1.04441
105	115	1.04869
105	116	0.995081
105	120	1.06896
105	123	1.00641
105	132	0.984893
105	141	1.06452
105	151	0.837011
105	152	1.76988
105	165	1.34359
105	166	2.02507
105	174	2.12216
106	17	1.1036
106	23	0.965727
106	25	0.995662
106	28	1.03291
106	48	1.1352
106	54	1.09802
106	69	1.05726
106	79	1.03964
106	90	0.978037
106	93	0.961405
106	94	1.06005
106	97	0.94377
106	100	0.982834
106	107	1.08849
106	113	1.0109
106	137	1.71536
106	139	1.58744
106	146	1.35146
106	151	0.957646
106	155	2.06686
106	162	1.70402
106	172	1.02643
107	51	1.13423
107	89	0.967375
107	94	0.808617
107	100	1.02037
107	101	1.11032
107	106	1.08849
107	120	0.841489
107	125	0.879936
107	129	1.09312
107	140	1.02592
107	141	1.07897
107	162	0.951856
107	167	0.888465
107	169	0.926579
107	171	0.931963
107	173	0.892375
107	174	0.911571
107	175	0.876126
107	176	0.907404
107	177	0.8833
107	178	0.87276
107	179	0.882598
107	180	0.880316
108	9	0.996008
108	27	1.0125
108	30	0.960188
108	38	0.926629
108	49	0.923239
108	68	0.649712
108	72	0.96273
108	88	0.916574
108	99	0.898574
108	103	0.969218
108	104	0.970028
108	105	0.973849
108	114	0.944814
108	115	0.949094
108	116	0.895481
108	120	0.969363
108	132	0.885293
108	134	1.06984
108	142	1.65321
108	143	0.930278
108	149	1.97344
108	168	2.44443
108	171	1.8798
109	10	0.68335
109	18	0.715506
109	50	0.912773
109	70	1.04767
109	103	0.99675
109	116	0.748466
109	120	0.637294
109	141	1.1539
109	147	1.07432
109	159	1.07867
109	162	1.02679
109	163	1.0348
109	169	1.00152
109	170	0.985056
109	171	1.0069
109	173	0.967312
109	174	0.986507
109	175	0.951063
109	176	0.98234
109	177	0.958237
109	178	0.947697
109	179	0.957535
109	180	0.955252
110	38	1.00837
110	56	0.264072
110	71	1.05334
110	79	1.03106
110	90	0.969456
110	93	0.952824
110	97	0.935188
110	100	0.974253
110	103	1.05096
110	104	1.05177
110	111	0.942688
110	113	1.00232
110	114	1.02656
110	115	1.03084
110	116	0.977227
110	118	1.1811
110	120	1.05111
110	135	1.622
110	137	1.77171
110	139	1.64378
110	144	1.63026
110	155	2.1232
110	172	1.01784
111	9	0.982701
111	27	0.999196
111	30	0.946882
111	38	0.913322
111	72	0.949423
111	88	0.903267
111	99	0.885268
111	103	0.955911
111	104	0.956721
111	105	0.960542
111	110	0.942688
111	114	0.931507
111	115	0.935788
111	116	0.882174
111	120	0.956056
111	122	2.06688
111	123	0.893505
111	132	0.871986
111	134	1.35499
111	143	0.916971
111	148	1.36107
111	157	1.63967
111	158	1.95134
111	171	2.16495
112	4	1.37754
112	26	1.58008
112	54	1.11165
112	68	1.03809
112	105	1.42642
112	113	0.795934
112	127	0.9722
112	156	1.01972
112	157	0.977583
112	163	0.917838
112	164	0.878014
112	167	0.846441
112	168	0.867155
112	169	0.884555
112	171	0.889939
112	173	0.850351
112	174	0.869546
112	175	0.834102
112	176	0.865379
112	177	0.841276
112	178	0.830736
112	179	0.840574
112	180	0.838292
113	17	1.0596
113	23	0.921728
113	25	0.951663
113	28	0.988909
113	48	1.0912
113	54	1.05402
113	69	1.01326
113	71	1.01793
113	79	0.995645
113	90	0.934039
113	93	0.917407
113	94	1.01605
113	97	0.899771
113	100	0.938835
113	106	1.0109
113	110	1.00232
113	112	0.795934
113	152	1.13939
113	155	1.31574
113	167	2.19379
113	172	0.982427
113	174	1.49167
113	177	1.90525
113	179	1.85291
114	9	1.06657
114	27	1.08307
114	30	1.03075
114	38	0.997194
114	49	0.993804
114	72	1.0333
114	88	0.987139
114	99	0.969139
114	103	1.03978
114	104	1.04059
114	105	1.04441
114	108	0.944814
114	110	1.02656
114	111	0.931507
114	115	1.01966
114	116	0.966046
114	120	1.03993
114	123	0.977377
114	128	1.06456
114	131	0.974047
114	148	0.637172
114	154	1.34705
114	164	1.94796
114	166	1.78121
114	168	2.00568
114	175	2.59124
115	9	1.07085
115	27	1.08735
115	30	1.03503
115	49	0.998085
115	77	0.97349
115	88	0.99142
115	99	0.97342
115	103	1.04406
115	104	1.04487
115	105	1.04869
115	108	0.949094
115	110	1.03084
115	111	0.935788
115	114	1.01966
115	116	0.970327
115	117	1.69933
115	118	1.17749
115	119	1.24151
115	120	1.04421
115	123	0.981657
115	131	1.39127
115	132	0.960139
115	140	1.41835
115	143	1.00512
115	148	1.0544
115	180	2.68672
116	27	1.03374
116	30	0.981421
116	38	0.947861
116	49	0.944472
116	72	0.983962
116	88	0.937806
116	99	0.919807
116	103	0.99045
116	104	0.99126
116	105	0.995081
116	108	0.895481
116	109	0.748466
116	110	0.977227
116	111	0.882174
116	114	0.966046
116	115	0.970327
116	120	0.990595
116	123	0.928044
116	132	0.906525
116	143	0.95151
116	147	1.48714
116	153	1.6272
116	165	1.3284
116	171	1.66972
116	173	2.30678
116	174	2.10696
117	22	1.69135
117	42	0.933538
117	79	1.36897
117	94	1.36672
117	115	1.69933
117	119	0.995296
117	121	1.07842
117	126	0.990481
117	142	0.921209
117	146	0.959423
117	150	0.931263
117	152	0.863419
117	161	0.874063
117	164	0.843858
117	166	0.846595
117	168	0.832999
117	170	0.833939
117	171	0.855783
117	173	0.816195
117	174	0.83539
117	175	0.799946
117	176	0.831223
117	177	0.80712
117	178	0.79658
117	179	0.806418
117	180	0.804135
118	11	0.990374
118	46	1.25724
118	76	1.17247
118	88	1.08412
118	103	1.23721
118	110	1.1811
118	115	1.17749
118	128	1.03344
118	140	1.02769
118	141	1.08074
118	153	0.968438
118	154	0.977731
118	155	0.953875
118	156	1.06352
118	159	1.00551
118	164	0.921813
118	166	0.92455
118	167	0.890239
118	170	0.911894
118	173	0.89415
118	174	0.913345
118	175	0.877901
118	176	0.909178
118	177	0.885075
118	178	0.874535
118	179	0.884373
118	180	0.88209
119	33	1.32182
119	37	0.798765
119	82	1.33002
119	87	0.835144
119	96	1.04398
119	115	1.24151
119	117	0.995296
119	136	0.987119
119	143	1.2718
119	148	1.09292
119	152	0.936186
119	153	0.96325
119	154	0.972543
119	159	1.00032
119	160	0.943723
119	163	0.956448
119	167	0.885051
119	169	0.923165
119	170	0.906706
119	171	0.928549
119	173	0.888961
119	174	0.908157
119	175	0.872712
119	176	0.90399
119	177	0.879886
119	178	0.869346
119	179	0.879184
119	180	0.876902
120	9	1.09112
120	27	1.10762
120	30	1.0553
120	38	1.02174
120	72	1.05784
120	88	1.01169
120	99	0.993689
120	103	1.06433
120	104	1.06514
120	105	1.06896
120	107	0.841489
120	108	0.969363
120	109	0.637294
120	110	1.05111
120	111	0.956056
120	114	1.03993
120	115	1.04421
120	116	0.990595
120	123	1.00193
120	128	1.18205
120	132	0.980408
120	143	1.02539
120	148	0.754662
120	168	2.12317
120	171	1.55854
120	172	0.872425
120	176	1.95734
120	177	2.40937
121	2	0.863479
121	8	1.10139
121	12	1.10035
121	14	0.995195
121	16	1.09779
121	22	1.09142
121	29	0.924561
121	34	1.03669
121	35	1.03904
121	55	0.97588
121	61	1.10016
121	70	1.02481
121	76	1.03658
121	78	1.04227
121	92	1.14087
121	117	1.07842
121	125	1.02389
121	131	0.980447
121	133	1.42836
121	143	1.02901
121	144	1.00574
121	147	1.0548
121	154	1.14337
121	158	1.02376
121	165	0.988026
121	167	2.37673
121	168	1.802
121	177	2.08819
122	8	1.05575
122	51	1.75322
122	62	1.32904
122	73	1.89511
122	111	2.06688
122	135	0.900544
122	142	0.899679
122	145	0.935378
122	147	0.901672
122	148	0.998628
122	149	0.848849
122	150	0.909733
122	151	1.0116
122	159	0.906024
122	160	0.849427
122	167	0.790755
122	168	0.811469
122	169	0.828869
122	170	0.812409
122	172	0.938709
122	173	0.794665
122	174	0.81386
122	175	0.778416
122	176	0.809693
122	178	0.77505
122	179	0.784888
122	180	0.782606
123	5	1.01114
123	6	0.938731
123	26	1.01048
123	30	0.992752
123	31	0.986157
123	42	0.941961
123	52	1.02382
123	65	1.00583
123	75	0.88051
123	86	0.944419
123	103	1.00178
123	104	1.00259
123	105	1.00641
123	111	0.893505
123	114	0.977377
123	115	0.981657
123	116	0.928044
123	120	1.00193
123	127	1.71197
123	132	0.917856
123	133	2.01277
123	137	1.73159
123	141	1.20139
123	143	0.962841
123	156	1.38748
123	161	0.882486
123	165	1.48046
123	169	1.87091
123	171	1.82178
124	12	1.09167
124	40	1.90921
124	64	1.42127
124	70	1.83319
124	74	1.35249
124	79	1.39218
124	127	0.942217
124	129	1.02111
124	137	0.905212
124	142	0.925381
124	144	0.93096
124	149	0.874551
124	150	0.935436
124	154	0.903949
124	155	0.880093
124	156	0.989733
124	162	0.879849
124	163	0.887854
124	166	0.850768
124	167	0.816457
124	169	0.854572
124	171	0.859956
124	173	0.820367
124	174	0.839563
124	175	0.804119
124	176	0.835396
124	177	0.811293
124	178	0.800753
124	179	0.81059
124	180	0.808308
125	3	1.04545
125	4	1.02747
125	11	1.05171
125	12	1.05253
125	13	0.904905
125	22	1.0436
125	24	1.10034
125	29	0.876738
125	32	1.01517
125	35	0.991214
125	50	0.952316
125	58	0.92178
125	70	0.976983
125	74	0.993019
125	76	0.988755
125	78	0.994445
125	92	1.09305
125	98	0.964904
125	101	0.642219
125	107	0.879936
125	121	1.02389
125	131	1.12998
125	139	0.917127
125	141	0.9766
125	151	1.05989
125	163	1.46396
125	170	2.02867
125	171	1.59699
125	173	2.23405
125	176	1.99579
126	4	0.944205
126	35	1.26847
126	38	1.4093
126	45	1.04884
126	65	1.1394
126	79	0.836088
126	117	0.990481
126	129	1.08489
126	130	1.02468
126	143	1.19675
126	145	1.02486
126	149	0.93833
126	154	0.967729
126	159	0.995506
126	160	0.938909
126	163	0.951633
126	166	0.914547
126	167	0.880236
126	168	0.900951
126	171	0.923735
126	173	0.884147
126	174	0.903342
126	175	0.867898
126	176	0.899175
126	177	0.875072
126	178	0.864532
126	179	0.87437
126	180	0.872087
127	64	1.44721
127	69	0.963025
127	72	1.60218
127	84	1.46742
127	103	1.80819
127	112	0.9722
127	123	1.71197
127	124	0.942217
127	133	0.876288
127	136	0.929867
127	153	0.905998
127	154	0.915291
127	160	0.886471
127	162	0.891191
127	164	0.859373
127	165	0.928951
127	167	0.827799
127	168	0.848513
127	169	0.865914
127	170	0.849454
127	171	0.871298
127	172	0.975754
127	173	0.831709
127	174	0.850905
127	175	0.815461
127	176	0.846738
127	177	0.822635
127	178	0.812094
127	179	0.821932
127	180	0.81965
128	26	1.46208
128	36	1.19814
128	73	1.61669
128	84	1.20074
128	104	1.57575
128	114	1.06456
128	118	1.03344
128	120	1.18205
128	133	0.893726
128	138	0.99044
128	146	0.992376
128	147	0.956154
128	148	1.05311
128	154	0.932729
128	157	0.976379
128	159	0.960506
128	160	0.903909
128	166	0.879548
128	167	0.845237
128	168	0.865951
128	169	0.883351
128	170	0.866891
128	171	0.888735
128	173	0.849147
128	174	0.868342
128	175	0.832898
128	176	0.864175
128	177	0.840072
128	178	0.829532
128	179	0.83937
128	180	0.837088
129	1	1.6826
129	2	2.11289
129	9	0.872389
129	44	0.84072
129	60	0.813525
129	61	0.674632
129	93	1.10736
129	95	0.911896
129	103	0.883993
129	107	1.09312
129	124	1.02111
129	126	1.08489
129	144	1.0212
129	149	0.964791
129	150	1.02568
129	154	0.994189
129	156	1.07997
129	160	0.965369
129	161	0.968476
129	164	0.938271
129	166	0.941008
129	167	0.906697
129	168	0.927411
129	170	0.928352
129	171	0.950196
129	173	0.910607
129	174	0.929803
129	175	0.894359
129	176	0.925636
129	177	0.901533
129	178	0.890993
129	179	0.90083
129	180	0.898548
130	2	2.49708
130	7	1.0827
130	31	0.964818
130	39	1.33154
130	49	1.27449
130	68	1.03813
130	83	1.34726
130	87	0.802098
130	89	0.92539
130	126	1.02468
130	136	0.948549
130	141	1.03698
130	144	0.960983
130	145	0.991104
130	153	0.924679
130	155	0.910116
130	162	0.909872
130	166	0.880791
130	167	0.84648
130	168	0.867195
130	169	0.884595
130	170	0.868135
130	171	0.889979
130	173	0.850391
130	174	0.869586
130	175	0.834142
130	176	0.865419
130	177	0.841316
130	178	0.830776
130	179	0.840614
130	180	0.838331
131	1	2.2496
131	2	0.772217
131	8	1.01013
131	16	1.15844
131	37	0.986404
131	44	1.05957
131	55	0.884618
131	59	1.39079
131	60	1.06069
131	61	1.00889
131	80	0.875557
131	81	1.60586
131	114	0.974047
131	115	1.39127
131	121	0.980447
131	125	1.12998
131	141	0.986115
131	143	0.937746
131	144	0.910115
131	156	0.968888
131	160	0.854285
131	163	0.867009
131	165	0.896764
131	166	0.829923
131	167	0.795612
131	168	0.816326
131	174	0.818718
131	175	0.783274
131	176	0.814551
131	177	0.790448
131	178	0.779908
131	179	0.789745
131	180	0.787463
132	6	1.42865
132	23	1.55161
132	27	1.02355
132	36	1.30709
132	52	1.15708
132	62	1.15957
132	79	1.26037
132	88	0.927619
132	89	0.878099
132	91	1.73564
132	99	0.909619
132	103	0.980262
132	105	0.984893
132	108	0.885293
132	111	0.871986
132	115	0.960139
132	116	0.906525
132	120	0.980408
132	123	0.917856
132	133	0.847678
132	143	0.941322
132	146	0.946328
132	148	1.00706
132	153	0.877387
132	169	0.837303
132	172	0.947143
132	175	0.78685
132	176	0.818127
132	177	0.794024
132	178	0.783484
132	179	0.793322
132	180	0.79104
133	7	1.92352
133	72	1.90298
133	93	2.33236
133	121	1.42836
133	123	2.01277
133	127	0.876288
133	128	0.893726
133	132	0.847678
133	134	0.984407
133	138	0.895732
133	141	0.941032
133	142	0.859453
133	145	0.895152
133	147	0.861446
133	150	0.869507
133	152	0.801664
133	155	0.814165
133	156	0.923805
133	157	0.881671
133	159	0.865798
133	162	0.81392
133	169	0.788643
133	170	0.772184
133	171	0.794027
133	173	0.754439
133	174	0.773635
133	175	0.73819
133	176	0.769468
133	177	0.745364
133	178	0.734824
133	179	0.744662
133	180	0.74238
134	11	0.861203
134	15	0.917506
134	41	0.59821
134	74	0.678258
134	75	1.30371
134	77	1.10634
134	78	1.30701
134	99	0.966994
134	104	1.14228
134	108	1.06984
134	111	1.35499
134	133	0.984407
134	136	1.03799
134	142	1.04484
134	148	1.14379
134	150	1.0549
134	159	1.05119
134	160	0.99459
134	163	1.00732
134	164	0.967492
134	166	0.970229
134	167	0.935918
134	168	0.956632
134	170	0.957573
134	171	0.979417
134	172	1.08387
134	173	0.939828
134	174	0.959024
134	175	0.92358
134	176	0.954857
134	177	0.930754
134	178	0.920214
134	179	0.930051
134	180	0.927769
135	59	1.61791
135	65	1.59134
135	84	1.33734
135	85	1.4254
135	95	1.70601
135	110	1.622
135	122	0.900544
135	137	0.900584
135	139	0.889905
135	140	0.949282
135	154	0.899321
135	156	0.985105
135	157	0.942972
135	158	0.920988
135	162	0.875221
135	163	0.883226
135	164	0.843403
135	166	0.84614
135	167	0.811829
135	168	0.832544
135	169	0.849944
135	170	0.833484
135	171	0.855328
135	172	0.959784
135	174	0.834935
135	175	0.799491
135	176	0.830768
135	177	0.806665
135	178	0.796125
135	179	0.805963
135	180	0.80368
136	19	1.40717
136	26	1.59187
136	31	1.36793
136	44	1.62803
136	82	1.70009
136	92	1.27229
136	98	1.23261
136	119	0.987119
136	127	0.929867
136	130	0.948549
136	134	1.03799
136	137	0.892863
136	138	0.949311
136	142	0.913032
136	145	0.948732
136	153	0.882307
136	156	0.977384
136	157	0.93525
136	158	0.913267
136	159	0.919378
136	160	0.86278
136	162	0.867499
136	164	0.835682
136	166	0.838419
136	168	0.824822
136	169	0.842222
136	170	0.825763
136	173	0.808018
136	174	0.827214
136	175	0.791769
136	176	0.823047
136	177	0.798943
136	179	0.798241
136	180	0.795959
137	27	1.50763
137	41	1.31799
137	95	1.85572
137	106	1.71536
137	110	1.77171
137	123	1.73159
137	124	0.905212
137	135	0.900584
137	136	0.892863
137	139	0.868869
137	141	0.981297
137	142	0.899718
137	148	0.998668
137	150	0.909773
137	152	0.841929
137	153	0.868993
137	155	0.85443
137	156	0.96407
137	157	0.921937
137	162	0.854186
137	166	0.825105
137	167	0.790794
137	168	0.811508
137	170	0.812449
137	171	0.834293
137	173	0.794705
137	174	0.8139
137	175	0.778456
137	176	0.809733
137	177	0.78563
137	178	0.77509
137	179	0.784927
137	180	0.782645
138	3	1.43746
138	27	1.00395
138	58	1.71545
138	61	0.721035
138	73	1.39932
138	75	1.51981
138	76	1.2594
138	100	1.14356
138	128	0.99044
138	133	0.895732
138	136	0.949311
138	140	0.984695
138	142	0.956167
138	144	0.961745
138	146	0.994382
138	148	1.05512
138	152	0.898378
138	154	0.934735
138	156	1.02052
138	158	0.956401
138	162	0.910634
138	163	0.91864
138	164	0.878816
138	166	0.881554
138	169	0.885357
138	170	0.868897
138	171	0.890741
138	173	0.851153
138	174	0.870348
138	176	0.866181
138	177	0.842078
138	178	0.831538
138	179	0.841376
138	180	0.839094
139	3	0.986512
139	4	0.968537
139	11	0.992774
139	13	0.845968
139	24	1.0414
139	32	0.95623
139	44	1.65661
139	46	1.71992
139	50	0.893379
139	53	0.893439
139	59	1.63969
139	74	0.934082
139	84	1.35912
139	98	0.905967
139	106	1.58744
139	110	1.64378
139	125	0.917127
139	135	0.889905
139	137	0.868869
139	145	0.924738
139	151	1.00096
139	152	0.83125
139	156	0.953391
139	157	0.911257
139	167	0.780115
139	168	0.800829
139	171	0.823613
139	173	0.784025
139	174	0.803221
139	175	0.767776
139	176	0.799054
139	177	0.77495
139	178	0.76441
139	179	0.774248
139	180	0.771966
140	3	1.5914
140	48	0.935858
140	49	1.48438
140	52	0.984691
140	54	0.930215
140	78	1.67704
140	103	1.47807
140	107	1.02592
140	115	1.41835
140	118	1.02769
140	135	0.949282
140	138	0.984695
140	141	1.02999
140	146	0.986631
140	155	0.903128
140	158	0.948651
140	159	0.954762
140	160	0.898165
140	161	0.901271
140	162	0.902884
140	163	0.910889
140	164	0.871066
140	165	0.940644
140	166	0.873803
140	169	0.877607
140	170	0.861147
140	171	0.882991
140	173	0.843402
140	174	0.862598
140	175	0.827154
140	176	0.858431
140	177	0.834328
140	178	0.823788
140	179	0.833625
140	180	0.831343
141	17	1.17026
141	26	1.21819
141	34	0.871895
141	35	1.33991
141	40	1.42456
141	41	0.787783
141	85	1.0449
141	105	1.06452
141	107	1.07897
141	109	1.1539
141	118	1.08074
141	123	1.20139
141	125	0.9766
141	130	1.03698
141	131	0.986115
141	133	0.941032
141	137	0.981297
141	140	1.02999
141	144	1.00704
141	150	1.01152
141	155	0.956178
141	162	0.955934
141	164	0.924116
141	165	0.993695
141	166	0.926853
