1	36	1.04617
1	67	1.05234
1	78	0.99534
1	91	0.950577
1	118	0.99511
1	123	0.926016
1	124	1.00998
1	143	1.04713
1	155	0.92459
1	176	1.01411
1	177	1.09216
1	178	0.95326
2	27	1.00936
2	97	1.04651
2	140	1.01595
2	142	1.00846
2	145	0.972631
2	146	1.03949
2	153	0.924661
2	156	1.02915
2	160	1.00701
2	173	0.957853
2	175	0.938163
2	176	1.05253
3	73	1.0524
3	117	1.0571
3	128	0.994706
3	140	0.994228
3	141	0.984088
3	156	1.00742
3	160	0.985285
3	168	0.955501
3	169	0.930927
3	171	0.967574
3	177	1.10885
3	179	0.968445
4	14	0.89706
4	43	1.02354
4	81	1.02976
4	109	0.973474
4	134	0.995974
4	144	1.06624
4	145	1.01546
4	158	1.03183
4	163	1.03719
4	172	0.970404
4	174	0.988989
4	180	0.976574
5	43	1.02851
5	65	1.02015
5	73	0.93645
5	116	0.941338
5	122	1.05688
5	131	1.00773
5	149	1.03597
5	150	1.01396
5	158	1.0368
5	175	0.970723
5	178	0.969637
5	180	0.985751
6	36	1.05362
6	78	1.00279
6	114	0.988434
6	116	0.903803
6	118	1.00256
6	124	1.01743
6	151	1.00244
6	166	0.940164
6	170	1.01363
6	174	0.960631
6	176	1.02156
6	177	1.09961
7	13	0.94968
7	40	1.04132
7	59	1.06021
7	84	1.00718
7	114	1.00819
7	115	1.0143
7	136	0.965097
7	137	1.07884
7	148	0.967668
7	168	1.04846
7	175	0.952941
7	176	0.912624
8	21	1.02139
8	56	0.892017
8	59	0.952883
8	73	0.919651
8	76	1.0073
8	161	1.01692
8	172	1.02475
8	174	1.02818
8	175	1.03568
8	178	1.03664
8	179	1.02721
8	180	1.03062
9	70	0.963249
9	71	1.03625
9	77	0.961239
9	79	1.10292
9	90	1.02776
9	99	0.987213
9	105	1.03337
9	164	0.93954
9	167	1.04925
9	170	1.01531
9	173	0.954564
9	178	0.933788
10	83	1.00539
10	87	1.04721
10	106	1.02687
10	112	1.03475
10	121	1.03587
10	130	0.989093
10	132	1.06081
10	153	0.951579
10	173	0.984772
10	175	0.965081
10	176	0.924764
10	180	0.98011
11	15	1.01754
11	59	1.05218
11	84	0.999143
11	85	1.0428
11	115	1.00627
11	118	0.960464
11	119	1.01364
11	123	0.921141
11	137	1.0708
11	138	0.971
11	168	1.04043
11	176	0.909153
12	32	0.908244
12	40	1.02626
12	59	1.04516
12	115	0.999253
12	137	1.06379
12	138	0.974266
12	142	1.00975
12	157	1.02237
12	161	0.987063
12	168	1.03341
12	171	0.964743
12	173	0.972427
13	7	0.94968
13	61	0.93094
13	76	0.909418
13	84	0.857286
13	115	0.864411
13	119	0.871788
13	137	0.928946
13	154	1.19445
13	157	0.88753
13	172	1.21634
13	173	1.22717
13	176	1.16717
14	4	0.89706
14	31	1.07067
14	98	0.947626
14	124	0.928441
14	159	1.0198
14	160	0.951736
14	165	1.0378
14	171	1.03953
14	173	1.01749
14	176	1.03938
14	179	1.0213
14	180	1.02471
15	11	1.01754
15	40	0.967316
15	59	0.986213
15	76	0.985312
15	103	1.10381
15	115	0.940305
15	119	0.947682
15	137	1.00484
15	139	1.0148
15	142	0.950796
15	147	1.07145
15	176	0.981586
15	179	1.03478
16	29	0.966707
16	39	0.985794
16	60	0.899657
16	64	0.957544
16	66	0.962729
16	108	0.999264
16	151	0.968545
16	157	0.96075
16	174	1.09087
16	175	1.06343
16	176	1.02311
16	177	1.06572
16	178	1.06234
17	19	0.804953
17	52	1.1502
17	55	0.937795
17	62	0.963763
17	101	0.971469
17	106	0.97536
17	112	0.983244
17	130	0.937584
17	132	1.0093
17	145	1.10698
17	162	1.02148
17	165	1.05994
17	166	1.07949
18	95	0.85643
18	99	1.08652
18	105	1.13268
18	121	1.12671
18	124	0.843928
18	128	0.879389
18	130	1.07992
18	134	0.914064
18	158	0.849543
18	163	0.84907
18	175	1.12923
18	179	1.12076
18	180	1.12417
19	17	0.804953
19	22	1.23762
19	113	1.30951
19	136	0.719606
19	147	0.757
19	156	1.28755
19	160	1.26541
19	167	0.696478
19	170	0.78789
19	171	0.719456
19	176	1.31093
19	177	1.38898
19	180	0.722478
20	41	1.06444
20	61	1.04188
20	146	1.06549
20	156	1.06973
20	166	0.972521
20	169	0.991803
20	172	0.968898
20	173	0.967546
20	174	0.972327
20	177	0.95233
20	178	0.980782
20	179	0.971356
20	180	0.974767
21	8	1.02139
21	70	0.905186
21	71	0.978186
21	79	1.04485
21	90	0.969693
21	99	0.929149
21	105	0.975303
21	162	1.00645
21	165	1.02991
21	167	0.991185
21	174	1.06993
21	175	1.04248
21	178	1.0414
22	19	1.23762
22	57	0.969835
22	92	0.949687
22	120	0.879532
22	126	0.928682
22	127	0.991958
22	145	1.07084
22	154	1.02334
22	156	0.932414
22	160	0.910276
22	167	1.0254
22	178	1.03529
22	179	1.04925
23	38	0.965834
23	54	1.04083
23	69	0.945375
23	88	0.980587
23	94	0.980587
23	95	0.980587
23	100	1.04271
23	121	1.04512
23	142	0.93913
23	155	1.00816
23	163	0.967067
23	173	1.0576
23	179	1.05079
24	25	0.914742
24	40	1.10959
24	56	1.17858
24	84	1.07545
24	115	1.08258
24	119	1.08995
24	121	0.85057
24	137	1.14711
24	159	0.871327
24	168	1.11674
24	170	0.923811
24	176	0.803052
24	178	0.842284
25	24	0.914742
25	55	1.13442
25	118	1.05738
25	135	1.01935
25	163	1.06944
25	165	0.990443
25	170	0.941117
25	171	0.992171
25	172	0.971482
25	173	0.97013
25	178	0.983366
25	179	0.97394
25	180	0.977351
26	31	1.17034
26	78	1.03607
26	129	1.08606
26	146	1.00704
26	165	0.991235
26	170	0.941908
26	173	0.970921
26	174	0.975702
26	175	0.983201
26	177	0.893888
26	178	0.984158
26	179	0.974732
26	180	0.978143
27	2	1.00936
27	98	0.942586
27	126	0.958826
27	136	1.03249
27	140	0.949363
27	146	0.972901
27	148	1.03506
27	155	0.990582
27	156	0.962558
27	160	0.94042
27	170	1.10078
27	174	1.04778
27	177	1.06399
28	33	0.987724
28	67	0.918264
28	93	1.11228
28	110	0.830608
28	116	0.790881
28	120	1.05171
28	146	1.11494
28	156	1.1046
28	160	1.08246
28	174	0.84771
28	176	1.12798
28	177	1.20603
28	179	0.833144
29	16	0.966707
29	30	1.04896
29	96	0.887108
29	115	0.939056
29	135	0.851258
29	163	0.90135
29	171	1.06395
29	172	1.04326
29	173	1.04191
29	174	1.04669
29	175	1.05419
29	178	1.05515
29	179	1.04572
29	180	1.04913
30	29	1.04896
30	39	0.943128
30	45	0.936498
30	60	0.856991
30	64	0.914878
30	66	0.920063
30	135	0.961429
30	151	0.925879
30	157	0.918084
30	163	1.16874
30	169	1.12104
30	176	1.10536
30	177	1.02305
30	179	1.15856
31	14	1.07067
31	26	1.17034
31	38	0.927066
31	54	1.00207
31	69	0.906607
31	88	0.941819
31	94	0.941819
31	95	0.941819
31	142	0.900362
31	148	0.910144
31	155	1.10541
31	163	0.928299
31	174	1.1626
31	176	1.09484
32	12	0.908244
32	58	0.919309
32	80	0.962237
32	88	1.04998
32	89	0.951486
32	94	1.04998
32	95	1.04998
32	104	0.911469
32	118	0.941513
32	157	1.02115
32	177	1.12611
32	178	1.03942
32	179	1.02999
32	180	1.0334
33	28	0.987724
33	83	1.18993
33	86	0.908092
33	135	1.11543
33	137	1.10245
33	150	1.1993
33	155	0.964007
33	164	0.936008
33	171	0.945508
33	173	0.923467
33	174	0.928248
33	178	0.936704
33	179	0.927277
33	180	0.930688
34	70	0.980186
34	71	1.05319
34	79	1.11985
34	90	1.04469
34	93	0.927725
34	99	1.00415
34	100	0.95477
34	105	1.0503
34	136	0.962126
34	162	1.08145
34	167	1.06619
34	174	0.977414
34	175	0.94997
34	177	0.833667
35	36	0.958219
35	41	0.908616
35	78	0.907389
35	110	1.11058
35	118	0.907159
35	124	0.922026
35	136	0.907041
35	143	0.959178
35	165	1.08766
35	168	1.10017
35	170	1.18068
35	174	1.12768
35	176	0.926163
35	177	1.00421
36	1	1.04617
36	6	1.05362
36	35	0.958219
36	62	0.94817
36	78	1.0424
36	118	1.04217
36	124	1.05704
36	139	0.910306
36	159	0.945364
36	172	0.926265
36	174	0.944851
36	176	1.06117
36	177	1.13922
36	179	0.930285
37	52	1.04102
37	88	0.997906
37	89	1.0027
37	93	0.941088
37	94	0.997906
37	95	0.997906
37	114	1.01858
37	124	0.991861
37	145	0.962652
37	158	0.979025
37	159	0.99129
37	170	1.04377
37	172	0.972191
37	176	0.995997
37	177	1.07404
38	23	0.965834
38	31	0.927066
38	54	1.07843
38	69	0.982968
38	88	1.01818
38	94	1.01818
38	95	1.01818
38	96	1.0027
38	103	1.07579
38	139	0.98678
38	148	0.986505
38	154	0.980851
38	163	1.00466
38	171	1.00589
38	176	0.953564
39	16	0.985794
39	30	0.943128
39	45	1.01873
39	60	0.939225
39	64	0.997112
39	66	1.0023
39	86	1.06376
39	107	0.985532
39	151	1.00811
39	157	1.00032
39	161	1.01858
39	169	0.959616
39	171	0.996263
39	175	0.984257
39	177	1.10528
40	7	1.04132
40	12	1.02626
40	15	0.967316
40	24	1.10959
40	84	0.948922
40	115	0.956047
40	119	0.963424
40	137	1.02058
40	141	1.03409
40	142	0.966539
40	155	0.975811
40	163	1.02862
40	169	0.980926
40	176	0.965249
40	180	1.02059
41	20	1.06444
41	35	0.908616
41	42	0.984143
41	78	0.992795
41	101	1.00928
41	108	1.02316
41	109	0.982748
41	118	0.992566
41	124	1.00743
41	148	0.981802
41	151	0.992443
41	172	0.979678
41	176	1.01157
41	177	1.08961
41	179	0.983698
42	41	0.984143
42	92	0.979069
42	101	1.02679
42	104	0.969284
42	150	1.04516
42	156	0.989429
42	164	1.00963
42	170	0.968075
42	172	0.99844
42	173	0.997088
42	174	1.00187
42	175	1.00937
42	178	1.01032
42	179	1.0009
42	180	1.00431
43	4	1.02354
43	5	1.02851
43	75	0.983922
43	89	1.01056
43	122	1.00695
43	133	1.01425
43	134	0.951019
43	148	0.99136
43	149	0.98605
43	158	0.986879
43	161	1.01096
43	163	0.99224
43	164	0.9813
43	166	0.983609
43	170	1.05707
44	62	1.0627
44	71	0.996049
44	87	1.03042
44	143	0.980368
44	144	1.00756
44	164	1.00158
44	165	1.00935
44	166	0.994015
44	169	1.0133
44	173	0.989041
44	175	1.00132
44	177	0.915636
44	178	1.00228
44	179	0.992851
44	180	0.996262
45	30	0.936498
45	39	1.01873
45	60	0.932595
45	64	0.990482
45	66	0.995667
45	108	1.0322
45	139	0.997442
45	151	1.00148
45	157	0.993688
45	168	1.00448
45	175	1.00454
45	176	0.964226
45	177	1.09865
45	179	1.01742
45	180	1.01957
46	72	0.957873
46	89	1.037
46	92	1.00289
46	129	0.979416
46	131	0.984248
46	134	0.977458
46	139	1.00505
46	144	1.04772
46	149	1.01249
46	150	0.990481
46	152	1.01604
46	155	0.982399
46	158	1.01332
46	176	0.971836
46	180	1.02718
47	48	0.986741
47	64	1.003
47	81	0.981425
47	111	0.97758
47	142	1.03599
47	160	1.0069
47	165	1.01143
47	166	0.996092
47	169	1.01537
47	172	0.992469
47	173	0.991117
47	174	0.995898
47	178	1.00435
47	179	0.994927
47	180	0.998338
48	47	0.986741
48	114	1.05131
48	122	1.02243
48	129	0.96845
48	131	0.973281
48	133	1.02972
48	144	1.03676
48	145	0.985978
48	149	1.00152
48	150	0.979514
48	158	1.00235
48	164	1.00072
48	166	1.00303
48	176	0.955741
48	179	1.00894
49	119	1.06327
49	122	0.987198
49	124	1.01895
49	146	0.997892
49	160	1.04225
49	165	1.01409
49	170	0.964762
49	171	1.01582
49	172	0.995128
49	174	0.998556
49	175	1.00605
49	177	0.884736
49	178	1.00701
49	179	0.997585
49	180	1.001
50	64	1.01439
50	90	0.98062
50	95	1.0075
50	104	0.958033
50	129	1.05295
50	154	1.00403
50	156	0.978178
50	166	0.995651
50	169	1.01493
50	173	0.990676
50	174	0.995457
50	175	1.00296
50	178	1.00391
50	179	0.994486
50	180	0.997897
51	62	0.981183
51	82	1.0051
51	87	1.01312
51	102	0.928707
51	106	0.99278
51	112	1.00066
51	121	1.00179
51	130	0.955004
51	132	1.02672
51	136	1.01327
51	141	1.02963
51	148	1.01584
51	167	1.02364
51	173	1.0208
51	178	1.00002
52	17	1.1502
52	37	1.04102
52	118	1.06369
52	127	0.985059
52	129	1.12857
52	132	1.02651
52	147	0.956488
52	161	0.950817
52	170	0.928279
52	171	0.979333
52	173	0.957292
52	174	0.962073
52	175	0.969572
52	178	0.970529
52	179	0.961103
52	180	0.964514
53	63	0.854316
53	104	1.08443
53	113	1.07526
53	120	1.00041
53	128	1.04058
53	140	1.0401
53	143	1.1097
53	146	1.06364
53	148	0.940277
53	154	0.91252
53	160	1.03116
53	168	0.925485
53	169	0.900911
53	171	0.937557
53	177	1.15473
53	179	0.938429
54	23	1.04083
54	31	1.00207
54	38	1.07843
54	63	0.850974
54	69	1.05797
54	88	1.09318
54	91	0.91844
54	94	1.09318
54	95	1.09318
54	148	1.0615
54	163	1.07966
54	167	0.911237
54	171	0.934215
54	175	0.922209
54	179	0.935087
54	180	0.937237
55	17	0.937795
55	25	1.13442
55	82	0.961589
55	87	0.969603
55	101	0.945375
55	110	1.07339
55	112	0.957151
55	121	0.958272
55	122	1.0492
55	130	0.91149
55	132	0.98321
55	162	0.995387
55	167	0.980127
55	175	1.06305
55	176	1.02273
55	178	1.06196
56	8	0.892017
56	24	1.17858
56	61	1.09156
56	76	1.07004
56	84	1.01791
56	93	1.05937
56	115	1.02503
56	119	1.03241
56	137	1.08957
56	142	1.03553
56	153	0.899604
56	166	0.920082
56	167	0.902134
56	171	0.925112
56	174	0.940549
56	180	0.928134
57	22	0.969835
57	98	0.999797
57	110	0.981473
57	111	1.0371
57	113	1.04173
57	114	1.0029
57	120	0.966887
57	156	1.01977
57	160	0.997631
57	164	0.975798
57	165	0.958559
57	166	0.978107
57	167	0.960159
57	168	0.971065
57	176	1.04315
57	177	1.1212
57	179	0.984009
58	32	0.919309
58	67	1.0618
58	82	1.023
58	87	1.03102
58	101	1.00679
58	106	1.01068
58	112	1.01856
58	118	0.974794
58	121	1.01969
58	130	0.972903
58	132	1.04462
58	162	1.0568
58	166	0.970777
58	168	1.01594
58	169	0.939161
58	171	0.975807
58	175	0.963801
59	7	1.06021
59	8	0.952883
59	11	1.05218
59	12	1.04516
59	15	0.986213
59	61	1.04147
59	76	1.01995
59	115	0.974945
59	119	0.982322
59	137	1.03948
59	138	0.995501
59	155	0.944217
59	157	0.998064
59	159	1.00193
59	161	1.0083
59	162	0.911379
59	173	0.993663
60	16	0.899657
60	30	0.856991
60	39	0.939225
60	45	0.932595
60	64	0.910975
60	66	0.91616
60	88	1.13377
60	100	1.14764
60	108	0.952695
60	114	0.900848
60	135	0.957526
60	136	1.15499
60	152	1.14672
60	157	0.914181
60	162	1.08024
60	177	1.01915
60	178	1.14175
61	13	0.93094
61	20	1.04188
61	56	1.09156
61	59	1.04147
61	76	1.04057
61	84	0.98844
61	115	0.995565
61	119	1.00294
61	137	1.0601
61	157	1.01868
61	159	0.976215
61	161	0.982584
61	164	0.952924
61	165	0.935686
61	166	0.955234
61	168	1.02972
61	180	0.963287
62	17	0.963763
62	36	0.94817
62	44	1.0627
62	51	0.981183
62	82	0.987556
62	87	0.99557
62	101	0.971343
62	103	1.08768
62	112	0.983118
62	114	1.06102
62	121	0.98424
62	130	0.937458
62	132	1.00918
62	164	1.01044
62	167	1.00609
62	168	0.980496
62	171	1.01778
62	179	1.01865
63	53	0.854316
63	54	0.850974
63	90	1.09042
63	99	1.04988
63	105	1.09603
63	106	0.938739
63	128	0.957153
63	130	0.989158
63	133	1.1126
63	134	1.04936
63	137	0.863757
63	140	0.950241
63	158	1.08522
63	170	1.05129
63	177	0.787474
63	178	1.09354
63	179	1.08412
63	180	1.08753
64	16	0.957544
64	30	0.914878
64	39	0.997112
64	45	0.990482
64	47	1.003
64	50	1.01439
64	60	0.910975
64	66	0.974047
64	107	1.01359
64	108	1.01058
64	135	1.01541
64	151	0.979863
64	157	0.972068
64	161	1.04664
64	168	1.01225
64	170	1.09276
64	171	1.02432
64	177	1.07703
65	5	1.02015
65	77	0.977207
65	100	1.03334
65	122	0.998591
65	133	1.00589
65	134	0.942656
65	144	1.01292
65	145	0.962143
65	149	0.977687
65	150	0.955679
65	157	0.968567
65	158	0.978516
65	162	0.965949
65	168	1.02848
65	170	1.10898
65	171	1.04055
65	176	0.988224
65	180	1.04357
66	16	0.962729
66	30	0.920063
66	39	1.0023
66	45	0.995667
66	60	0.91616
66	64	0.974047
66	114	0.96392
66	135	1.0206
66	151	0.985048
66	152	1.04419
66	157	0.977253
66	162	0.97771
66	168	1.04024
66	171	1.05231
66	176	0.999985
66	177	1.08222
66	178	1.03922
66	180	1.05533
67	1	1.05234
67	28	0.918264
67	58	1.0618
67	121	1.08021
67	137	1.03299
67	147	0.977388
67	149	1.09348
67	166	0.983168
67	170	0.94918
67	171	1.00023
67	172	0.979545
67	173	0.978193
67	174	0.982974
67	175	0.990472
67	177	0.956707
67	178	0.991429
67	179	0.982003
67	180	0.985414
68	74	1.1767
68	79	0.998777
68	89	1.10309
68	97	1.06864
68	115	1.14288
68	139	0.963764
68	157	1.13576
68	165	0.961764
68	169	0.965707
68	170	0.912438
68	171	0.963492
68	172	0.942803
68	173	0.941451
68	174	0.946232
68	175	0.95373
68	177	0.965816
68	178	0.954687
68	179	0.945261
68	180	0.948672
69	23	0.945375
69	31	0.906607
69	38	0.982968
69	54	1.05797
69	88	0.997721
69	94	0.997721
69	95	0.997721
69	108	1.00741
69	142	0.956264
69	148	0.966046
69	154	1.01883
69	162	0.969266
69	163	0.984201
69	167	1.02089
69	170	1.1123
69	173	1.05155
69	176	0.991542
69	179	1.04474
70	9	0.963249
70	21	0.905186
70	34	0.980186
70	71	0.949552
70	79	1.01622
70	83	0.910216
70	90	0.941059
70	99	0.900516
70	100	1.08867
70	105	0.94667
70	111	0.946784
70	123	1.05554
70	152	1.08776
70	162	0.977813
70	166	1.09085
70	167	0.962552
70	168	1.08381
70	173	1.10356
70	180	1.0989
71	9	1.03625
71	21	0.978186
71	34	1.05319
71	44	0.996049
71	70	0.949552
71	77	0.965487
71	79	1.08922
71	90	1.01406
71	99	0.973516
71	105	1.01967
71	114	0.994369
71	153	0.92562
71	162	1.05081
71	167	1.03555
71	170	1.01956
71	174	0.966566
71	178	0.938036
72	46	0.957873
72	117	0.982994
72	118	0.937696
72	123	1.05742
72	124	0.952563
72	131	0.910657
72	146	0.943658
72	149	0.938898
72	154	1.07272
72	156	0.933315
72	158	0.939727
72	160	0.911177
72	162	1.02316
72	164	1.09042
72	170	1.16619
72	176	0.956699
72	177	1.03474
72	179	1.09863
72	180	1.10078
73	3	1.0524
73	5	0.93645
73	8	0.919651
73	86	1.02024
73	92	1.0446
73	93	1.03501
73	98	1.00736
73	104	1.05846
73	125	0.948338
73	135	1.06714
73	140	1.01413
73	146	1.03767
73	152	0.944628
73	156	1.02733
73	159	0.968697
73	160	1.00519
73	169	0.9161
73	176	1.05071
73	179	0.953618
74	68	1.1767
74	92	0.96114
74	104	0.975001
74	112	1.0647
74	113	0.965826
74	117	0.993545
74	120	0.890985
74	126	0.940135
74	136	1.08175
74	140	0.930672
74	146	0.95421
74	156	0.943867
74	160	0.921729
74	163	0.95564
74	168	1.06953
74	169	1.04495
74	172	1.07845
74	173	1.08928
74	176	0.967251
75	43	0.983922
75	82	0.984549
75	90	0.985837
75	129	1.05817
75	135	0.955265
75	151	1.01236
75	158	1.00583
75	159	0.995576
75	163	1.00536
75	164	1.00581
75	168	0.999273
75	169	1.01752
75	170	0.964252
75	171	1.01531
75	172	0.994617
75	174	0.998045
75	175	1.00554
75	178	1.0065
75	179	0.997075
75	180	1.00049
76	8	1.0073
76	13	0.909418
76	15	0.985312
76	56	1.07004
76	59	1.01995
76	61	1.04057
76	84	0.966918
76	93	1.00838
76	113	1.00304
76	114	1.08363
76	115	0.974043
76	119	0.98142
76	137	1.03858
76	157	0.997162
76	162	0.965794
76	167	1.01741
76	168	1.0082
76	176	0.988069
76	177	0.912084
76	178	1.0273
77	9	0.961239
77	65	0.977207
77	71	0.965487
77	96	1.0209
77	100	1.00618
77	122	1.01394
77	129	0.959962
77	133	1.02124
77	143	1.04385
77	144	1.02827
77	145	0.97749
77	149	0.993034
77	150	0.971026
77	152	1.00527
77	158	0.993863
77	159	1.02933
77	163	0.999224
77	171	1.01338
77	172	1.01024
77	180	1.01641
78	1	0.99534
78	6	1.00279
78	26	1.03607
78	35	0.907389
78	36	1.0424
78	41	0.992795
78	93	0.978648
78	116	0.971508
78	118	0.991339
78	123	0.972563
78	124	1.00621
78	136	0.991221
78	141	1.02941
78	148	0.980576
78	151	0.991217
78	164	1.00556
78	176	1.01034
78	177	1.08839
78	178	0.999807
78	180	1.01592
79	9	1.10292
79	21	1.04485
79	34	1.11985
79	68	0.998777
79	70	1.01622
79	71	1.08922
79	90	1.08073
79	99	1.04018
79	105	1.08634
79	152	0.895558
79	154	0.878639
79	162	1.11748
79	165	0.879098
79	167	1.10222
79	171	0.903676
79	173	0.911361
79	176	0.851352
79	178	0.890584
80	32	0.962237
80	81	0.99858
80	89	1.02433
80	93	0.984485
80	123	0.978399
80	129	0.966755
80	131	0.971586
80	133	1.02803
80	134	0.964797
80	135	1.03405
80	144	1.03506
80	147	1.05628
80	149	0.999827
80	150	0.977819
80	151	0.998503
80	158	1.00066
80	174	1.03417
80	176	0.966412
80	178	1.00564
80	180	1.02176
81	4	1.02976
81	47	0.981425
81	80	0.99858
81	89	1.01677
81	96	1.02014
81	122	1.01317
81	131	0.964026
81	133	1.02047
81	135	1.02649
81	142	0.970519
81	145	0.976722
81	148	1.00547
81	150	0.970259
81	154	0.977712
81	158	0.993096
81	159	1.0187
81	161	1.02507
81	164	0.995409
81	172	0.999601
81	180	1.00577
82	51	1.0051
82	55	0.961589
82	58	1.023
82	62	0.987556
82	75	0.984549
82	101	0.995262
82	106	0.999154
82	111	1.01425
82	112	1.00704
82	121	1.00816
82	130	0.961378
82	132	1.0331
82	136	0.989416
82	142	1.04756
82	147	1.02681
82	166	0.984236
82	168	1.00442
82	174	1.0047
82	175	0.97726
82	180	0.992289
83	10	1.00539
83	33	1.18993
83	70	0.910216
83	86	1.10197
83	90	0.974723
83	99	0.934179
83	101	0.961464
83	102	0.950069
83	105	0.980333
83	129	0.935625
83	131	0.940456
83	132	0.999299
83	139	1.01537
83	140	1.06894
83	144	1.00393
83	146	1.01932
83	150	0.946689
83	162	1.01148
83	164	1.02714
83	167	0.996216
83	172	1.03133
84	7	1.00718
84	11	0.999143
84	13	0.857286
84	24	1.07545
84	40	0.948922
84	56	1.01791
84	61	0.98844
84	76	0.966918
84	115	0.921911
84	119	0.929288
84	136	1.0545
84	137	0.986446
84	148	1.05707
84	157	0.945031
84	158	1.06587
84	161	1.07667
84	165	1.02977
84	168	0.956071
84	169	1.0177
84	172	1.0512
84	179	1.05522
85	11	1.0428
85	99	1.10191
85	111	1.08022
85	127	1.00069
85	135	1.0413
85	145	1.1028
85	152	0.969628
85	156	1.06943
85	165	0.982407
85	166	0.967068
85	169	0.98635
85	170	0.93308
85	171	0.984134
85	172	0.963446
85	173	0.962093
85	174	0.966874
85	175	0.974373
85	177	0.952033
85	178	0.97533
85	179	0.965903
85	180	0.969314
86	33	0.908092
86	39	1.06376
86	73	1.02024
86	83	1.10197
86	96	1.06332
86	126	1.09699
86	137	1.01449
86	143	1.00294
86	144	1.03014
86	152	0.977499
86	154	0.983319
86	161	0.963489
86	169	0.994221
86	170	0.940951
86	172	0.971317
86	173	0.969964
86	174	0.974745
86	175	0.982244
86	178	0.983201
86	179	0.973774
86	180	0.977185
87	10	1.04721
87	44	1.03042
87	51	1.01312
87	55	0.969603
87	58	1.03102
87	62	0.99557
87	93	0.951249
87	101	1.00328
87	106	1.00717
87	112	1.01505
87	121	1.01617
87	125	0.981092
87	130	0.969392
87	132	1.04111
87	141	1.00201
87	155	0.943738
87	162	1.05329
87	165	0.960922
87	167	1.03803
87	172	0.982352
87	178	0.972408
87	179	0.986372
88	23	0.980587
88	31	0.941819
88	32	1.04998
88	37	0.997906
88	38	1.01818
88	54	1.09318
88	60	1.13377
88	69	0.997721
88	94	1.03293
88	95	1.03293
88	108	1.04262
88	110	0.976289
88	142	0.991476
88	148	1.00126
88	162	0.903354
88	163	1.01941
88	165	0.953375
88	174	0.993391
88	176	0.92563
88	178	0.964862
88	179	0.978826
88	180	0.980976
89	32	0.951486
89	37	1.0027
89	43	1.01056
89	46	1.037
89	68	1.10309
89	80	1.02433
89	81	1.01677
89	96	1.04589
89	119	1.0582
89	129	0.984949
89	134	0.98299
89	144	1.05325
89	145	1.00248
89	150	0.996013
89	155	0.966224
89	158	1.01885
89	162	0.933386
89	163	1.02421
89	167	0.985007
89	169	0.971338
89	176	0.955661
89	177	0.879676
90	9	1.02776
90	21	0.969693
90	34	1.04469
90	50	0.98062
90	63	1.09042
90	70	0.941059
90	71	1.01406
90	75	0.985837
90	79	1.08073
90	83	0.974723
90	92	0.969282
90	93	0.956304
90	99	0.965023
90	105	1.01118
90	111	1.01129
90	159	1.00651
90	161	1.01287
90	162	1.04232
90	165	0.965976
90	167	1.02706
90	176	0.938231
90	179	0.991426
91	1	0.950577
91	54	0.91844
91	108	0.947969
91	113	0.945897
91	131	1.04934
91	132	0.945058
91	140	1.01771
91	141	1.00594
91	149	0.991709
91	152	1.02102
91	157	1.02488
91	161	1.00701
91	164	1.02603
91	166	1.01846
91	170	0.984472
91	172	1.01484
91	173	1.01348
91	174	1.01827
91	175	1.02576
91	178	1.02672
91	179	1.01729
91	180	1.02071
92	22	0.949687
92	42	0.979069
92	46	1.00289
92	73	1.0446
92	74	0.96114
92	90	0.969282
92	97	1.01698
92	109	0.977675
92	110	0.976088
92	113	1.02158
92	117	1.0493
92	127	1.05916
92	138	0.987276
92	140	0.986426
92	146	1.00996
92	156	0.99962
92	159	0.993703
92	160	0.977483
92	169	0.941106
92	176	1.023
92	177	1.10105
92	180	0.980775
93	28	1.11228
93	34	0.927725
93	37	0.941088
93	56	1.05937
93	73	1.03501
93	76	1.00838
93	78	0.978648
93	80	0.984485
93	87	0.951249
93	90	0.956304
93	119	0.970753
93	129	1.02863
93	134	1.04082
93	137	1.02791
93	145	0.987236
93	146	1.00037
93	156	0.990032
93	161	0.985053
93	169	1.01578
93	173	0.991528
93	178	1.00476
93	180	0.998749
94	23	0.980587
94	31	0.941819
94	32	1.04998
94	37	0.997906
94	38	1.01818
94	54	1.09318
94	69	0.997721
94	88	1.03293
94	95	1.03293
94	108	1.04262
94	114	1.03704
94	122	0.967954
94	142	0.991476
94	143	0.930224
94	148	1.00126
94	152	0.985684
94	163	1.01941
94	167	0.970823
94	168	0.981729
94	172	0.990653
94	173	1.00149
94	176	0.941478
95	18	0.85643
95	23	0.980587
95	31	0.941819
95	32	1.04998
95	37	0.997906
95	38	1.01818
95	50	1.0075
95	54	1.09318
95	69	0.997721
95	88	1.03293
95	94	1.03293
95	107	1.0067
95	108	1.04262
95	142	0.991476
95	148	1.00126
95	162	0.942835
95	163	1.01941
95	167	0.994456
95	171	1.01743
95	172	1.01429
95	176	0.965111
95	178	1.00434
96	29	0.887108
96	38	1.0027
96	77	1.0209
96	81	1.02014
96	86	1.06332
96	89	1.04589
96	112	0.978929
96	129	0.988311
96	131	0.993142
96	134	0.986353
96	144	1.05662
96	145	1.00584
96	149	1.02138
96	150	0.999376
96	152	0.987715
96	157	1.01226
96	158	1.02221
96	163	1.02757
96	169	0.959186
96	175	0.983827
96	176	0.943509
96	180	0.998855
97	2	1.04651
97	68	1.06864
97	92	1.01698
97	117	1.04939
97	120	0.946826
97	125	0.969133
97	126	0.995977
97	127	1.05925
97	128	0.986992
97	138	0.983065
97	140	0.986513
97	146	1.01005
97	156	0.999708
97	160	0.977571
97	164	0.966202
97	166	0.968511
97	167	0.950563
97	168	0.961469
97	173	0.981226
97	175	0.961536
97	176	1.02309
97	177	1.10114
98	14	0.947626
98	27	0.942586
98	57	0.999797
98	73	1.00736
98	104	0.99351
98	109	1.02404
98	117	1.01205
98	128	0.949659
98	129	1.08798
98	135	1.00218
98	140	0.949181
98	141	1.04063
98	143	1.01877
98	146	0.972719
98	156	0.962376
98	159	1.04007
98	160	0.940238
98	165	0.999539
98	171	1.02412
98	173	1.0318
98	175	1.01211
98	176	0.98576
98	177	1.06381
99	9	0.987213
99	18	1.08652
99	21	0.929149
99	34	1.00415
99	63	1.04988
99	70	0.900516
99	71	0.973516
99	79	1.04018
99	83	0.934179
99	85	1.10191
99	90	0.965023
99	105	0.970633
99	111	0.970747
99	138	1.03012
99	141	1.03711
99	142	1.07888
99	148	1.02331
99	162	1.00178
99	164	1.01325
99	167	0.986515
99	171	1.02059
99	175	1.00859
99	177	0.892283
100	23	1.04271
100	34	0.95477
100	60	1.14764
100	65	1.03334
100	70	1.08867
100	77	1.00618
100	110	0.984103
100	140	1.02628
100	153	1.00244
100	155	1.0173
100	157	1.03345
100	159	0.979067
100	161	0.97028
100	165	0.997069
100	170	0.947742
100	171	0.998796
100	172	0.978107
100	174	0.981536
100	175	0.989034
100	177	0.863509
100	178	0.989992
100	179	0.980565
100	180	0.983976
101	17	0.971469
101	41	1.00928
101	42	1.02679
101	55	0.945375
101	58	1.00679
101	62	0.971343
101	82	0.995262
101	83	0.961464
101	87	1.00328
101	103	1.09538
101	106	0.982941
101	112	0.990824
101	116	0.984086
101	121	0.991946
101	130	0.945164
101	132	1.01688
101	147	1.06302
101	155	0.983716
101	162	1.02906
101	165	1.0009
101	166	1.02045
101	168	0.988202
101	171	1.02548
102	51	0.928707
102	83	0.950069
102	126	0.945085
102	130	0.987989
102	133	0.913264
102	135	0.875573
102	137	0.862589
102	138	1.06465
102	140	0.949073
102	143	0.851038
102	153	1.07648
102	159	1.05311
102	163	0.925666
102	164	1.06334
102	165	1.07111
102	166	1.05577
102	171	1.07284
102	172	1.05215
102	173	1.0508
102	175	1.06308
102	178	1.06403
102	179	1.05461
102	180	1.05802
103	15	1.10381
103	38	1.07579
103	62	1.08768
103	101	1.09538
103	112	1.05202
103	118	1.06791
103	145	1.09139
103	154	0.967576
103	158	1.08045
103	159	0.956534
103	161	0.947747
103	164	0.966763
103	166	0.959197
103	169	0.978479
103	170	0.925209
103	171	0.976263
103	172	0.955574
103	173	0.954222
103	174	0.959003
103	175	0.966501
103	177	0.940615
103	178	0.967458
103	179	0.958032
103	180	0.961443
104	32	0.911469
104	42	0.969284
104	50	0.958033
104	53	1.08443
104	73	1.05846
104	74	0.975001
104	98	0.99351
104	114	0.996613
104	116	0.926576
104	117	1.06316
104	124	0.973876
104	126	1.00975
104	127	1.07303
104	128	1.00077
104	140	1.00029
104	141	0.984482
104	155	0.926206
104	156	1.01348
104	160	0.991344
104	163	1.02525
104	170	1.0364
104	172	0.964819
104	175	0.955961
104	177	1.11491
105	9	1.03337
105	18	1.13268
105	21	0.975303
105	34	1.0503
105	63	1.09603
105	70	0.94667
105	71	1.01967
105	79	1.08634
105	83	0.980333
105	90	1.01118
105	99	0.970633
105	111	1.0169
105	123	0.924144
105	125	0.960072
105	131	1.03057
105	136	0.96463
105	162	1.04793
105	167	1.03267
105	172	0.961332
105	173	0.972164
105	175	0.952474
105	176	0.912156
105	179	0.965352
105	180	0.967503
106	10	1.02687
106	17	0.97536
106	51	0.99278
106	58	1.01068
106	63	0.938739
106	82	0.999154
106	87	1.00717
106	101	0.982941
106	109	1.0219
106	111	1.00192
106	112	0.994716
106	113	0.984627
106	114	1.06522
106	121	0.995838
106	123	0.981644
106	130	0.949056
106	132	1.02078
106	162	1.03295
106	164	1.01464
106	165	0.997401
106	166	1.01695
106	167	1.01769
106	168	0.992094
106	172	1.01883
106	176	0.969656
107	39	0.985532
107	64	1.01359
107	95	1.0067
107	108	0.953013
107	109	1.0009
107	129	1.05215
107	134	1.06434
107	140	1.02275
107	150	1.03311
107	158	0.999817
107	164	1.00393
107	165	1.0117
107	166	0.996362
107	169	1.01564
107	170	0.962374
107	171	1.01343
107	172	0.99274
107	173	0.991387
107	174	0.996168
107	175	1.00367
107	176	1.01328
107	177	0.859985
107	178	1.00462
107	179	0.995197
107	180	0.998609
108	16	0.999264
108	41	1.02316
108	45	1.0322
108	60	0.952695
108	64	1.01058
108	69	1.00741
108	88	1.04262
108	91	0.947969
108	94	1.04262
108	95	1.04262
108	107	0.953013
108	110	0.962079
108	118	1.02171
108	124	1.03657
108	147	1.00129
108	163	1.0291
108	165	0.939165
108	166	0.958713
108	168	0.951671
108	172	0.960595
108	173	0.971428
108	176	1.04071
108	177	1.11875
108	179	0.964616
109	4	0.973474
109	41	0.982748
109	92	0.977675
109	98	1.02404
109	106	1.0219
109	107	1.0009
109	117	0.96258
109	146	0.983794
109	147	0.994043
109	151	1.017
109	157	1.04058
109	161	0.988373
109	163	1.01
109	164	1.00739
109	168	1.00086
109	169	1.0191
109	170	0.965835
109	171	1.01689
109	172	0.9962
109	173	0.994848
109	174	0.999629
109	175	1.00713
109	178	1.00808
109	179	0.998658
109	180	1.00207
110	28	0.830608
110	35	1.11058
110	55	1.07339
110	57	0.981473
110	88	0.976289
110	92	0.976088
110	100	0.984103
110	108	0.962079
110	116	1.03484
110	120	1.08068
110	133	0.996009
110	158	1.00888
110	159	0.995
110	161	0.986213
110	165	1.013
110	169	1.01694
110	170	0.963675
110	171	1.01473
110	172	0.994041
110	173	0.992688
110	174	0.997469
110	175	1.00497
110	178	1.00592
110	179	0.996498
110	180	0.999909
111	47	0.97758
111	57	1.0371
111	70	0.946784
111	82	1.01425
111	85	1.08022
111	90	1.01129
111	99	0.970747
111	105	1.0169
111	106	1.00192
111	116	0.957512
111	128	0.986965
111	130	0.964147
111	132	1.03587
111	140	0.986486
111	141	1.01542
111	146	1.01002
111	153	0.973395
111	160	0.977544
111	161	1.02122
111	167	1.03278
111	168	1.00719
111	169	0.962257
111	173	1.00659
111	174	1.01434
111	180	1.00193
112	10	1.03475
112	17	0.983244
112	51	1.00066
112	55	0.957151
112	58	1.01856
112	62	0.983118
112	74	1.0647
112	82	1.00704
112	87	1.01505
112	96	0.978929
112	101	0.990824
112	103	1.05202
112	106	0.994716
112	121	1.00372
112	125	0.977713
112	130	0.95694
112	132	1.02866
112	167	1.02558
112	168	0.999978
112	170	1.05056
112	173	0.989805
112	174	0.997559
112	176	0.929797
112	179	0.982993
112	180	0.985144
113	19	1.30951
113	53	1.07526
113	57	1.04173
113	74	0.965826
113	76	1.00304
113	91	0.945897
113	92	1.02158
113	106	0.984627
113	116	0.920281
113	120	0.951424
113	126	1.00057
113	127	1.06385
113	128	0.99159
113	135	1.04411
113	144	0.925291
113	146	1.01465
113	154	0.936635
113	155	0.919911
113	156	1.00431
113	160	0.982169
113	162	0.887073
113	168	0.9496
113	172	0.958524
113	174	0.97711
113	176	1.02769
113	177	1.10574
114	6	0.988434
114	7	1.00819
114	37	1.01858
114	48	1.05131
114	57	1.0029
114	60	0.900848
114	62	1.06102
114	66	0.96392
114	71	0.994369
114	76	1.08363
114	94	1.03704
114	104	0.996613
114	106	1.06522
114	115	1.09102
114	151	0.969736
114	156	0.965478
114	157	0.961942
114	160	0.94334
114	165	0.987288
114	170	0.937961
114	171	0.989015
114	176	0.988862
114	177	1.06691
114	178	0.980211
114	179	0.970784
114	180	0.974195
115	7	1.0143
115	11	1.00627
115	12	0.999253
115	13	0.864411
115	15	0.940305
115	24	1.08258
115	29	0.939056
115	40	0.956047
115	56	1.02503
115	59	0.974945
115	61	0.995565
115	68	1.14288
115	76	0.974043
115	84	0.921911
115	114	1.09102
115	119	0.936413
115	137	0.993571
115	149	1.05624
115	153	1.02227
115	157	0.952155
115	167	1.0248
115	168	0.963196
115	172	1.04463
115	173	1.05546
115	176	0.995457
115	178	1.03469
116	5	0.941338
116	6	0.903803
116	28	0.790881
116	78	0.971508
116	101	0.984086
116	104	0.926576
116	110	1.03484
116	111	0.957512
116	113	0.920281
116	129	1.02149
116	140	0.992091
116	153	1.05317
116	160	0.986836
116	161	1.02101
116	162	1.07435
116	165	1.0478
116	166	1.03246
116	169	1.05174
116	171	1.04953
116	172	1.02884
116	173	1.02749
116	174	1.03227
116	175	1.03977
116	178	1.04072
116	179	1.0313
116	180	1.03471
117	3	1.0571
117	72	0.982994
117	74	0.993545
117	92	1.0493
117	97	1.04939
117	98	1.01205
117	104	1.06316
117	109	0.96258
117	120	0.979144
117	126	1.02829
117	127	1.09157
117	128	1.01931
117	143	1.08843
117	146	1.04237
117	149	0.971117
117	152	0.95454
117	154	0.937621
117	155	0.920896
117	160	1.00989
117	161	0.984978
117	162	0.888059
117	168	0.950585
117	169	0.926011
117	175	0.950652
117	177	1.13346
117	179	0.96353
118	1	0.99511
118	6	1.00256
118	11	0.960464
118	25	1.05738
118	32	0.941513
118	35	0.907159
118	36	1.04217
118	41	0.992566
118	52	1.06369
118	58	0.974794
118	72	0.937696
118	78	0.991339
118	103	1.06791
118	108	1.02171
118	124	1.00598
118	136	0.990991
118	139	0.978904
118	143	1.04313
118	148	0.980346
118	151	0.990987
118	153	0.972504
118	166	0.992982
118	172	0.994864
118	176	1.01011
118	177	1.08816
119	11	1.01364
119	13	0.871788
119	15	0.947682
119	24	1.08995
119	40	0.963424
119	49	1.06327
119	56	1.03241
119	59	0.982322
119	61	1.00294
119	76	0.98142
119	84	0.929288
119	89	1.0582
119	93	0.970753
119	115	0.936413
119	137	1.00095
119	142	0.946905
119	157	0.959532
119	159	1.06519
119	165	1.02467
119	168	0.970573
119	169	1.0126
119	172	1.0461
119	173	1.05693
119	176	0.99692
119	178	1.03615
119	179	1.05012
120	22	0.879532
120	28	1.05171
120	53	1.00041
120	57	0.966887
120	74	0.890985
120	97	0.946826
120	110	1.08068
120	113	0.951424
120	117	0.979144
120	125	1.07794
120	126	0.925734
120	127	0.989009
120	128	0.916749
120	146	0.939808
120	147	1.11989
120	156	0.929465
120	159	1.0983
120	160	0.907328
120	162	1.00775
120	163	0.941238
120	166	1.07732
120	167	1.05937
120	170	1.15078
120	175	1.07034
120	176	0.952849
120	177	1.0309
120	178	1.06926
121	10	1.03587
121	18	1.12671
121	23	1.04512
121	24	0.85057
121	51	1.00179
121	55	0.958272
121	58	1.01969
121	62	0.98424
121	67	1.08021
121	82	1.00816
121	87	1.01617
121	101	0.991946
121	106	0.995838
121	112	1.00372
121	130	0.958061
121	132	1.02978
121	148	0.996939
121	162	1.04196
121	163	1.00527
121	165	0.969641
121	167	1.0267
121	168	1.0011
121	169	0.957573
121	175	0.982213
121	176	0.941895
121	178	0.981127
121	180	0.997242
122	5	1.05688
122	43	1.00695
122	48	1.02243
122	49	0.987198
122	55	1.0492
122	65	0.998591
122	77	1.01394
122	81	1.01317
122	94	0.967954
122	126	1.00365
122	129	0.981346
122	131	0.986177
122	134	0.979387
122	143	1.06523
122	144	1.04965
122	145	0.998874
122	149	1.01442
122	150	0.99241
122	157	1.0053
122	158	1.01525
122	160	1.00238
122	167	0.950199
122	169	0.93653
122	171	0.973177
122	172	0.970029
122	174	0.988614
122	180	0.976199
123	1	0.926016
123	11	0.921141
123	70	1.05554
123	72	1.05742
123	78	0.972563
123	80	0.978399
123	105	0.924144
123	106	0.981644
123	131	1.02477
123	149	0.967148
123	153	1.02917
123	154	1.01684
123	155	1.04403
123	159	1.0058
123	160	0.987891
123	161	0.997014
123	164	1.01603
123	165	1.0238
123	166	1.00846
123	170	0.974476
123	171	1.02553
123	172	1.00484
123	173	1.00349
123	175	1.01577
123	178	1.01673
123	179	1.0073
123	180	1.01071
124	1	1.00998
124	6	1.01743
124	14	0.928441
124	18	0.843928
124	35	0.922026
124	36	1.05704
124	37	0.991861
124	41	1.00743
124	49	1.01895
124	72	0.952563
124	78	1.00621
124	104	0.973876
124	108	1.03657
124	118	1.00598
124	136	1.00586
124	143	1.05799
124	148	0.995213
124	149	1.01339
124	151	1.00585
124	153	0.979425
124	157	1.04657
124	161	1.02725
124	164	0.997593
124	167	0.981955
124	168	0.99286
124	176	1.02498
124	177	1.10303
125	73	0.948338
125	87	0.981092
125	97	0.969133
125	105	0.960072
125	112	0.977713
125	120	1.07794
125	126	1.02509
125	146	0.979463
125	149	1.00308
125	152	1.00901
125	153	1.02715
125	154	1.01483
125	155	1.04201
125	158	1.00614
125	159	1.00378
125	161	0.994996
125	164	1.01401
125	165	1.02178
125	168	1.00748
125	169	1.02573
125	172	1.00282
125	173	1.00147
125	174	1.00625
125	177	0.866307
125	178	1.01471
125	179	1.00528
125	180	1.00869
126	22	0.928682
126	27	0.958826
126	74	0.940135
126	86	1.09699
126	97	0.995977
126	102	0.945085
126	104	1.00975
126	113	1.00057
126	117	1.02829
126	120	0.925734
126	122	1.00365
126	125	1.02509
126	127	1.03816
126	128	0.9659
126	140	0.965421
126	143	1.03502
126	156	0.978616
126	159	1.04544
126	160	0.956478
126	162	0.954895
126	163	0.990389
126	169	0.992847
126	173	1.03718
126	174	1.04493
126	176	1.002
126	177	1.08005
126	179	1.03037
126	180	1.03252
127	22	0.991958
127	52	0.985059
127	85	1.00069
127	92	1.05916
127	97	1.05925
127	104	1.07303
127	113	1.06385
127	117	1.09157
127	120	0.989009
127	126	1.03816
127	128	1.02917
127	139	0.900269
127	140	1.0287
127	146	1.05223
127	147	0.956921
127	155	0.877615
127	156	1.04189
127	160	1.01975
127	163	1.05366
127	165	0.894798
127	170	0.987811
127	171	0.919377
127	173	0.927061
127	174	0.934814
127	176	1.06528
127	177	1.14332
127	178	0.906285
127	180	0.922399
128	3	0.994706
128	18	0.879389
128	53	1.04058
128	63	0.957153
128	97	0.986992
128	98	0.949659
128	104	1.00077
128	111	0.986965
128	113	0.99159
128	117	1.01931
128	120	0.916749
128	126	0.9659
128	127	1.02917
128	138	1.04992
128	139	1.02129
128	140	0.956436
128	146	0.979974
128	148	1.04311
128	153	1.01489
128	156	0.969631
128	160	0.947493
128	168	1.02832
128	170	1.10883
128	171	1.04039
128	176	0.993015
128	177	1.07106
128	178	1.0273
128	179	1.04127
129	26	1.08606
129	46	0.979416
129	48	0.96845
129	50	1.05295
129	52	1.12857
129	75	1.05817
129	77	0.959962
129	80	0.966755
129	83	0.935625
129	89	0.984949
129	93	1.02863
129	96	0.988311
129	98	1.08798
129	107	1.05215
129	116	1.02149
129	122	0.981346
129	133	0.988643
129	134	0.925411
129	135	0.994667
129	144	0.995675
129	145	0.944897
129	149	0.960441
129	150	0.938434
129	151	0.959117
129	158	0.961271
129	163	0.966631
129	169	1.02624
129	175	1.05088
129	176	1.01056
130	10	0.989093
130	17	0.937584
130	18	1.07992
130	51	0.955004
130	55	0.91149
130	58	0.972903
130	62	0.937458
130	63	0.989158
130	82	0.961378
130	87	0.969392
130	101	0.945164
130	102	0.987989
130	106	0.949056
130	111	0.964147
130	112	0.95694
130	121	0.958061
130	132	0.982999
130	136	1.07255
130	153	1.04689
130	154	1.04736
130	162	0.995176
130	165	1.04782
130	167	0.979915
130	168	0.954318
130	169	1.03575
130	170	1.14083
130	173	1.08008
130	174	1.08784
130	180	1.07542
131	5	1.00773
131	46	0.984248
131	48	0.973281
131	72	0.910657
131	80	0.971586
131	81	0.964026
131	83	0.940456
131	91	1.04934
131	96	0.993142
131	105	1.03057
131	122	0.986177
131	123	1.02477
131	133	0.993474
131	134	0.930242
131	136	0.963952
131	144	1.00051
131	145	0.949728
131	147	1.10265
131	149	0.965273
131	150	0.943265
131	154	1.04007
131	157	0.956153
131	158	0.966102
131	161	1.08743
131	165	1.04053
131	167	1.04213
131	173	1.0728
131	178	1.05202
131	180	1.06813
132	10	1.06081
132	17	1.0093
132	51	1.02672
132	52	1.02651
132	55	0.98321
132	58	1.04462
132	62	1.00918
132	82	1.0331
132	83	0.999299
132	87	1.04111
132	91	0.945058
132	101	1.01688
132	106	1.02078
132	111	1.03587
132	112	1.02866
132	121	1.02978
132	130	0.982999
132	138	0.970356
132	148	0.963553
132	153	0.935325
132	157	1.00247
132	159	0.976783
132	165	0.936254
132	167	1.05164
132	168	1.02604
132	173	0.968517
132	174	0.97627
132	178	0.947741
132	179	0.961705
133	43	1.01425
133	48	1.02972
133	63	1.1126
133	65	1.00589
133	77	1.02124
133	80	1.02803
133	81	1.02047
133	102	0.913264
133	110	0.996009
133	129	0.988643
133	131	0.993474
133	134	0.986685
133	135	1.05594
133	136	1.02039
133	143	1.07253
133	145	1.00617
133	147	1.03522
133	149	1.02172
133	150	0.999708
133	152	0.989555
133	155	0.955912
133	158	1.02254
133	162	0.923074
133	168	0.985601
133	174	1.01311
133	175	0.985667
133	176	0.945349
133	177	0.869364
133	179	0.998545
134	4	0.995974
134	18	0.914064
134	43	0.951019
134	46	0.977458
134	63	1.04936
134	65	0.942656
134	80	0.964797
134	89	0.98299
134	93	1.04082
134	96	0.986353
134	107	1.06434
134	122	0.979387
134	129	0.925411
134	131	0.930242
134	133	0.986685
134	142	0.936736
134	144	0.993717
134	145	0.942939
134	148	1.07779
134	149	0.958483
134	150	0.936475
134	158	0.959312
134	161	1.09739
134	162	1.00047
134	169	1.03842
134	170	1.1435
134	171	1.07507
134	173	1.08275
134	179	1.07594
135	25	1.01935
135	29	0.851258
135	30	0.961429
135	33	1.11543
135	60	0.957526
135	64	1.01541
135	66	1.0206
135	73	1.06714
135	75	0.955265
135	80	1.03405
135	81	1.02649
135	85	1.0413
135	98	1.00218
135	102	0.875573
135	113	1.04411
135	129	0.994667
135	133	1.05594
135	145	1.01219
135	156	1.02216
135	158	1.02857
135	160	1.00002
135	161	0.982303
135	163	1.03393
135	164	0.952643
135	168	0.94791
135	172	0.956834
135	177	1.12359
135	178	0.94689
135	180	0.963005
136	7	0.965097
136	19	0.719606
136	27	1.03249
136	34	0.962126
136	35	0.907041
136	51	1.01327
136	60	1.15499
136	74	1.08175
136	78	0.991221
136	82	0.989416
136	84	1.0545
136	105	0.96463
136	118	0.990991
136	124	1.00586
136	130	1.07255
136	131	0.963952
136	133	1.02039
136	144	1.02743
136	149	0.992193
136	156	0.988262
136	158	0.993022
136	163	0.998383
136	169	1.01236
136	171	1.01015
136	175	1.00039
136	176	1.00999
136	177	1.08804
136	178	1.00134
136	179	0.991916
