1	30	0.741097
1	52	0.824589
1	81	1.48109
1	106	0.877634
1	108	1.26753
1	122	0.842216
1	135	0.826611
1	143	0.856941
1	152	1.32225
1	177	0.752719
1	178	0.767333
1	180	0.722688
2	27	0.808179
2	59	0.840558
2	66	0.79347
2	68	0.802998
2	71	0.805809
2	85	0.759687
2	95	0.794721
2	99	1.62399
2	111	1.76233
2	128	0.817381
2	161	0.800065
2	176	2.116
3	24	0.914171
3	46	0.941633
3	74	0.869159
3	97	0.890541
3	117	0.907049
3	118	1.85195
3	122	0.92538
3	133	1.12232
3	154	0.888241
3	156	1.16588
3	160	1.63178
3	166	0.864087
4	13	1.02818
4	123	0.982522
4	130	0.982816
4	150	0.884646
4	169	0.972364
4	171	0.867099
4	172	0.900949
4	173	0.895203
4	177	0.905154
4	178	0.919768
4	179	0.898532
4	180	0.875123
5	109	1.23516
5	120	0.894452
5	121	0.882806
5	132	0.903146
5	134	0.915888
5	146	0.901617
5	148	0.921399
5	149	1.27662
5	150	0.899408
5	152	0.899304
5	166	1.52764
5	172	1.6774
6	24	0.914575
6	26	0.909126
6	74	0.869563
6	86	0.933999
6	97	0.890945
6	117	0.907453
6	122	0.925784
6	157	1.18192
6	166	0.864491
6	169	1.2604
6	177	1.65228
6	179	1.65461
7	78	0.859504
7	88	1.2766
7	116	0.902015
7	126	0.903723
7	131	0.902927
7	135	0.908085
7	136	0.897796
7	137	0.894487
7	143	0.938415
7	159	1.84201
7	166	0.862397
7	174	1.71091
8	50	0.864003
8	54	0.817318
8	55	0.828036
8	60	0.743093
8	70	0.793093
8	72	0.79997
8	127	1.74526
8	149	0.814859
8	153	0.711993
8	162	0.831838
8	165	1.82856
8	168	1.90656
9	48	0.952066
9	81	0.870365
9	90	0.922057
9	93	0.905787
9	94	0.900941
9	107	0.886432
9	151	1.16281
9	160	1.5094
9	162	0.927921
9	164	1.21244
9	176	0.865386
9	180	1.84796
10	15	1.22526
10	21	0.920498
10	54	0.927335
10	55	0.938053
10	60	0.85311
10	70	0.90311
10	72	0.909987
10	83	1.25817
10	109	1.61457
10	127	1.52539
10	153	0.822011
10	162	0.941855
11	114	1.13291
11	126	0.947493
11	138	0.920956
11	162	0.872981
11	165	0.949414
11	168	0.947295
11	169	0.954788
11	171	0.849524
11	177	0.887579
11	178	0.902192
11	179	0.880957
11	180	0.857547
12	104	0.945932
12	112	0.888033
12	131	0.895213
12	135	0.900371
12	136	0.890082
12	143	0.930701
12	161	0.895213
12	168	1.13951
12	176	0.86131
12	177	1.53455
12	178	1.3419
12	180	1.73124
13	4	1.02818
13	87	0.92233
13	126	0.900581
13	127	1.38948
13	131	0.899785
13	135	0.904943
13	136	0.894654
13	137	0.891345
13	143	0.935273
13	164	1.50699
13	168	1.55078
13	176	0.865881
14	30	0.822995
14	57	0.929069
14	63	0.900765
14	106	0.959533
14	109	1.0959
14	117	0.905784
14	122	0.924115
14	159	1.71596
14	161	0.90335
14	166	0.862822
14	176	1.35797
14	177	1.56306
15	10	1.22526
15	131	1.06005
15	135	0.917707
15	148	0.954068
15	150	0.932076
15	152	0.931972
15	162	0.914248
15	163	0.888684
15	164	0.927879
15	178	0.882425
15	179	0.861189
15	180	0.83778
16	120	0.850352
16	124	0.870259
16	125	0.868536
16	128	1.39063
16	138	0.890767
16	139	1.43175
16	141	0.890761
16	146	0.857516
16	148	0.877299
16	150	0.855307
16	152	0.855203
16	169	1.53202
16	175	1.78244
17	28	0.781353
17	70	1.47037
17	121	1.56916
17	137	1.39189
17	156	0.87116
17	157	0.831492
17	165	0.819535
17	173	0.747749
17	174	0.759965
17	177	0.7577
17	178	0.772314
17	179	0.751078
17	180	0.727669
18	47	1.00674
18	80	1.11682
18	104	1.07115
18	131	1.15002
18	151	0.927592
18	158	0.905943
18	170	0.879642
18	172	0.852169
18	175	0.860492
18	177	0.856374
18	178	0.870988
18	179	0.849752
18	180	0.826343
19	46	0.895168
19	57	0.883869
19	74	0.822694
19	97	0.844076
19	106	0.914333
19	117	0.860584
19	119	0.846813
19	122	0.878915
19	139	1.37489
19	155	1.2675
19	159	2.01994
19	161	0.858151
19	168	1.47201
20	79	0.91372
20	90	0.878409
20	93	0.862138
20	100	0.862294
20	105	1.16616
20	107	0.842783
20	109	0.86641
20	118	1.59785
20	149	0.867293
20	162	0.884272
20	171	1.87413
20	174	1.54135
20	176	0.821737
21	10	0.920498
21	54	0.871485
21	55	0.882202
21	60	0.79726
21	70	0.84726
21	72	0.854137
21	101	0.875155
21	118	1.61801
21	147	1.23786
21	149	0.869026
21	162	0.886005
21	163	1.41957
21	171	1.89429
22	59	0.908605
22	66	0.861517
22	68	0.871045
22	69	0.849087
22	71	0.873856
22	85	0.827734
22	89	0.904217
22	95	0.862768
22	102	1.80303
22	145	1.275
22	161	0.868112
22	164	1.3227
22	172	1.73661
23	50	0.93067
23	54	0.883984
23	55	0.894702
23	60	0.80976
23	70	0.85976
23	72	0.866637
23	140	1.4113
23	149	0.881525
23	153	0.77866
23	155	1.28283
23	162	0.898504
23	166	1.70769
23	170	1.73065
24	3	0.914171
24	6	0.914575
24	44	0.825073
24	63	0.857067
24	74	0.824195
24	84	1.27165
24	106	0.915834
24	117	0.862085
24	122	0.880416
24	155	1.14803
24	166	0.819123
24	174	1.76938
24	180	1.94427
25	53	0.887008
25	61	0.8866
25	62	0.886359
25	64	0.886277
25	76	0.862381
25	77	0.861884
25	78	1.19
25	80	0.861401
25	119	1.58641
25	155	1.42006
25	160	1.87775
25	163	0.822944
25	164	0.862138
26	6	0.909126
26	44	0.819624
26	46	0.89122
26	86	0.883182
26	106	0.910386
26	110	1.2974
26	117	0.856637
26	122	0.874968
26	157	1.55942
26	158	1.69709
26	161	0.854203
26	165	1.55674
26	166	0.813675
27	2	0.808179
27	39	1.11588
27	42	0.924392
27	59	0.898705
27	66	0.851617
27	71	0.863956
27	78	0.939594
27	85	0.817835
27	95	0.852869
27	155	1.34976
27	161	0.858212
27	163	1.82916
27	175	1.80784
28	17	0.781353
28	63	0.802433
28	93	0.811516
28	112	1.48691
28	117	0.807451
28	122	0.825782
28	131	1.57625
28	136	1.44624
28	162	0.83365
28	176	0.771115
28	178	0.750898
28	179	0.729662
28	180	0.706253
29	85	1.72453
29	106	1.37412
29	142	0.847523
29	143	1.40653
29	168	0.833554
29	172	0.769632
29	173	0.763887
29	174	0.776102
29	175	0.777955
29	177	0.773838
29	178	0.788451
29	179	0.767215
29	180	0.743806
30	1	0.741097
30	14	0.822995
30	57	0.79546
30	86	0.798721
30	97	0.755667
30	106	0.825924
30	117	0.772175
30	122	0.790506
30	161	0.769742
30	163	1.86689
30	166	0.729213
30	175	1.84557
30	180	2.18373
31	67	1.75751
31	76	1.40207
31	91	1.36425
31	96	0.810733
31	139	0.858326
31	165	0.81432
31	168	0.812202
31	170	0.775753
31	175	0.756603
31	177	0.752485
31	178	0.767099
31	179	0.745863
31	180	0.722454
32	33	0.855044
32	104	0.915503
32	111	1.34779
32	112	0.857604
32	131	0.864784
32	135	0.869942
32	136	0.859653
32	137	0.856345
32	140	1.43547
32	143	0.900272
32	149	1.48085
32	172	1.88163
32	176	0.830881
33	32	0.855044
33	38	1.58687
33	49	1.63116
33	115	1.52932
33	116	0.839447
33	126	0.841155
33	131	0.840359
33	135	0.845517
33	136	0.835228
33	137	0.831919
33	143	0.875847
33	161	0.840358
33	164	1.73297
33	176	0.806455
34	35	0.979736
34	62	1.43008
34	101	1.22013
34	106	1.08197
34	156	0.945979
34	165	0.894354
34	171	0.794464
34	173	0.822568
34	174	0.834784
34	175	0.836637
34	177	0.832519
34	178	0.847133
34	179	0.825897
34	180	0.802488
35	34	0.979736
35	58	0.923387
35	68	0.937454
35	69	0.915496
35	118	1.64916
35	134	0.946533
35	136	0.929391
35	137	0.926082
35	143	0.97001
35	150	0.930053
35	152	0.929949
35	161	0.934521
35	170	1.41914
35	177	1.57086
36	58	1.40021
36	125	0.839206
36	130	0.84969
36	132	0.829715
36	134	0.842457
36	138	0.861437
36	141	0.86143
36	146	0.828186
36	148	0.847968
36	150	0.825977
36	152	0.825872
36	165	1.57465
36	169	1.65581
36	170	1.89597
37	103	1.20232
37	120	0.820191
37	124	0.840098
37	129	0.860792
37	130	0.84886
37	138	0.860607
37	141	0.8606
37	146	0.827355
37	148	0.847138
37	150	0.825146
37	152	0.825042
37	166	1.77775
37	170	1.80072
37	176	1.74735
38	33	1.58687
38	44	1.39947
38	117	1.20419
38	129	1.0844
38	140	0.893827
38	168	0.875276
38	171	0.777505
38	172	0.811354
38	173	0.805609
38	174	0.817824
38	175	0.819677
38	177	0.81556
38	178	0.830173
38	179	0.808937
38	180	0.785528
39	27	1.11588
39	57	1.01054
39	76	0.897442
39	77	1.15065
39	148	0.885397
39	151	0.962211
39	165	0.952829
39	168	0.95071
39	171	0.852938
39	173	0.881042
39	175	0.895111
39	177	0.890993
39	178	0.905607
39	179	0.884371
39	180	0.860962
40	62	1.10573
40	67	1.17084
40	77	1.0686
40	141	0.792004
40	143	0.790038
40	159	0.892578
40	165	0.959972
40	170	0.921405
40	173	0.888186
40	174	0.900402
40	175	0.902255
40	177	0.898137
40	178	0.91275
40	179	0.891515
40	180	0.868106
41	48	0.86373
41	79	0.869032
41	90	0.833721
41	93	0.817451
41	94	0.812604
41	100	0.817607
41	107	0.798096
41	142	1.61726
41	147	1.78453
41	149	0.822605
41	151	1.59793
41	160	1.94452
41	162	0.839584
41	163	0.763092
41	176	0.77705
42	27	0.924392
42	66	0.909682
42	68	0.919211
42	69	0.897252
42	71	0.922021
42	85	0.8759
42	95	0.910934
42	98	0.789209
42	128	0.933593
42	154	1.16474
42	161	0.916277
42	170	1.29187
42	171	1.79817
42	173	1.50672
42	179	1.44593
43	47	0.948219
43	53	0.915742
43	61	0.915335
43	62	0.915093
43	64	0.915011
43	76	0.891115
43	77	0.890618
43	80	0.890136
43	158	1.25042
43	163	0.851678
43	164	0.890872
43	166	1.40843
43	172	1.5582
43	176	1.37802
43	177	1.58311
44	24	0.825073
44	26	0.819624
44	38	1.39947
44	63	0.812933
44	97	0.801444
44	106	0.871701
44	117	0.817952
44	119	0.80418
44	122	0.836282
44	151	1.49595
44	154	0.799143
44	161	0.815518
44	166	0.77499
44	173	2.04753
44	176	1.77931
45	87	0.917807
45	112	0.888082
45	116	0.89435
45	126	0.896058
45	128	0.912577
45	131	0.895262
45	135	0.90042
45	136	0.890131
45	137	0.886822
45	143	0.93075
45	151	1.33478
45	156	1.21547
45	158	1.49054
45	165	1.3502
45	167	1.77843
46	3	0.941633
46	19	0.895168
46	26	0.89122
46	74	0.851657
46	86	0.916093
46	106	0.943296
46	117	0.889548
46	119	0.875776
46	122	0.907878
46	144	1.49137
46	145	1.14901
46	161	0.887114
46	168	1.2405
46	173	1.69866
46	179	1.63787
47	18	1.00674
47	43	0.948219
47	53	0.914983
47	61	0.914576
47	62	0.914335
47	64	0.914253
47	76	0.890356
47	77	0.889859
47	80	0.889377
47	115	1.13076
47	154	1.49438
47	163	0.850919
47	164	0.890114
47	167	1.72843
47	176	1.56814
48	9	0.952066
48	41	0.86373
48	90	0.925644
48	93	0.909373
48	94	0.904527
48	100	0.90953
48	107	0.890019
48	118	1.69357
48	162	0.931507
48	163	0.855015
48	164	1.17645
48	169	1.22339
48	175	1.47381
48	176	0.868973
48	177	1.61527
49	33	1.63116
49	57	1.30333
49	134	1.20425
49	152	1.14392
49	159	0.807482
49	165	0.874876
49	167	0.820013
49	168	0.872758
49	172	0.808836
49	173	0.80309
49	175	0.817159
49	177	0.813041
49	178	0.827655
49	179	0.806419
49	180	0.78301
50	8	0.864003
50	23	0.93067
50	54	0.925007
50	55	0.935725
50	60	0.850782
50	70	0.900782
50	72	0.907659
50	92	1.31946
50	139	1.12248
50	149	0.922548
50	153	0.819682
50	162	0.939527
50	170	1.46291
50	173	1.67775
50	174	1.63643
51	121	0.772504
51	123	0.802194
51	125	0.802335
51	130	0.81282
51	132	0.792844
51	133	1.49799
51	134	0.805586
51	138	0.824566
51	140	1.67824
51	141	0.824559
51	146	0.791315
51	148	0.811098
51	150	0.789106
51	152	0.789002
51	165	1.67627
51	171	2.50389
52	1	0.824589
52	68	1.49853
52	124	1.33274
52	130	1.4012
52	157	0.858294
52	162	1.27146
52	167	0.791474
52	168	0.844218
52	169	0.851711
52	172	0.780297
52	173	0.774551
52	174	0.786767
52	175	0.78862
52	178	0.799115
52	179	0.77788
52	180	0.75447
53	25	0.887008
53	43	0.915742
53	47	0.914983
53	61	0.882099
53	62	0.881857
53	64	0.881776
53	76	0.857879
53	77	0.857382
53	80	0.8569
53	144	1.64006
53	156	1.17645
53	163	0.818442
53	164	0.857636
53	169	1.39234
53	170	1.6325
53	172	1.7593
54	8	0.817318
54	10	0.927335
54	21	0.871485
54	23	0.883984
54	50	0.925007
54	55	0.88904
54	60	0.804097
54	70	0.854097
54	72	0.860974
54	113	1.33827
54	149	0.875863
54	154	1.64832
54	156	1.31942
54	162	0.892842
54	169	1.5353
54	178	1.73453
55	8	0.828036
55	10	0.938053
55	21	0.882202
55	23	0.894702
55	50	0.935725
55	54	0.88904
55	58	1.03568
55	60	0.814815
55	70	0.864815
55	72	0.871692
55	153	0.783715
55	160	1.54129
55	162	0.90356
55	167	1.63835
55	176	1.47806
55	180	1.87985
56	84	1.33721
56	121	0.843082
56	129	0.89533
56	130	0.883398
56	132	0.863422
56	134	0.876164
56	138	0.895144
56	141	0.895137
56	146	0.861893
56	148	0.881676
56	150	0.859684
56	152	0.85958
56	165	1.3401
56	175	1.67168
56	176	1.60805
56	178	1.62049
57	14	0.929069
57	19	0.883869
57	30	0.79546
57	39	1.01054
57	49	1.30333
57	63	0.873231
57	86	0.904795
57	97	0.861741
57	117	0.878249
57	122	0.89658
57	154	0.85944
57	160	1.7021
57	161	0.875816
57	166	0.835287
57	169	1.45208
57	178	1.65131
58	35	0.923387
58	36	1.40021
58	55	1.03568
58	65	1.32161
58	107	1.28786
58	144	0.899114
58	158	0.917862
58	165	0.930129
58	171	0.830238
58	172	0.864088
58	173	0.858343
58	174	0.870558
58	175	0.872411
58	177	0.868293
58	178	0.882907
58	180	0.838262
59	2	0.840558
59	22	0.908605
59	27	0.898705
59	66	0.883996
59	68	0.893524
59	69	0.871566
59	71	0.896335
59	85	0.850213
59	95	0.885247
59	98	0.763522
59	128	0.907907
59	139	1.17145
59	149	1.2379
59	153	2.0036
59	160	1.52174
59	179	1.66593
60	8	0.743093
60	10	0.85311
60	21	0.79726
60	23	0.80976
60	50	0.850782
60	54	0.804097
60	55	0.814815
60	72	0.786749
60	96	1.81788
60	101	0.807767
60	149	0.801638
60	153	0.698772
60	154	1.84783
60	162	0.818617
60	164	1.68786
60	175	1.98522
61	25	0.8866
61	43	0.915335
61	47	0.914576
61	53	0.882099
61	62	0.88145
61	64	0.881368
61	76	0.857472
61	77	0.856975
61	80	0.856492
61	103	1.0529
61	118	1.88132
61	147	1.50117
61	163	0.818035
61	164	0.857229
61	165	1.32998
61	179	1.80536
62	25	0.886359
62	34	1.43008
62	40	1.10573
62	43	0.915093
62	47	0.914335
62	53	0.881857
62	61	0.88145
62	64	0.881127
62	76	0.85723
62	77	0.856733
62	78	1.1916
62	80	0.856251
62	155	1.42166
62	163	0.817793
62	164	0.856988
62	175	1.87975
63	14	0.900765
63	24	0.857067
63	28	0.802433
63	44	0.812933
63	57	0.873231
63	74	0.812055
63	97	0.833438
63	99	1.12309
63	106	0.903695
63	113	1.23127
63	117	0.849946
63	122	0.868277
63	153	2.16019
63	154	0.831137
63	161	0.847513
63	178	1.62753
63	179	1.82252
64	25	0.886277
64	43	0.915011
64	47	0.914253
64	53	0.881776
64	61	0.881368
64	62	0.881127
64	76	0.857148
64	77	0.856651
64	80	0.856169
64	102	1.74146
64	163	0.817711
64	164	0.856906
64	168	1.30492
64	169	1.30808
64	173	1.76309
64	176	1.49487
65	58	1.32161
65	88	1.55658
65	104	0.902455
65	112	0.844556
65	116	0.850825
65	131	0.851736
65	135	0.856895
65	136	0.846606
65	137	0.843297
65	143	0.887225
65	147	1.66723
65	156	1.36132
65	160	0.805238
65	162	0.880368
65	166	0.811207
65	175	1.82763
65	176	0.817833
66	2	0.79347
66	22	0.861517
66	27	0.851617
66	42	0.909682
66	59	0.883996
66	68	0.846436
66	69	0.824478
66	85	0.803125
66	89	0.879608
66	95	0.838159
66	115	1.30821
66	128	0.860819
66	145	1.46416
66	156	1.34292
66	161	0.843503
66	167	1.90588
66	179	1.95302
67	31	1.75751
67	40	1.17084
67	104	0.897407
67	112	0.839508
67	116	0.845777
67	126	0.847485
67	131	0.846689
67	135	0.851847
67	136	0.841558
67	137	0.838249
67	143	0.882177
67	151	1.59786
67	154	0.830312
67	155	1.48677
67	156	1.47855
67	162	0.87532
67	176	0.812785
68	2	0.802998
68	22	0.871045
68	35	0.937454
68	42	0.919211
68	52	1.49853
68	59	0.893524
68	66	0.846436
68	69	0.834006
68	71	0.858775
68	85	0.812654
68	95	0.847687
68	98	0.725963
68	111	1.43903
68	119	1.56459
68	158	1.6651
68	161	0.853031
68	164	1.55896
69	22	0.849087
69	35	0.915496
69	42	0.897252
69	59	0.871566
69	66	0.824478
69	68	0.834006
69	71	0.836817
69	85	0.790695
69	89	0.867178
69	95	0.825729
69	128	0.848389
69	133	1.33284
69	149	1.55846
69	151	1.49571
69	161	0.831073
69	164	1.54533
69	173	2.04729
70	8	0.793093
70	10	0.90311
70	17	1.47037
70	21	0.84726
70	23	0.85976
70	50	0.900782
70	54	0.854097
70	55	0.864815
70	72	0.836749
70	101	0.857767
70	149	0.851638
70	153	0.748772
70	162	0.868617
70	164	1.33392
70	174	1.79454
70	176	1.56765
70	178	1.58009
71	2	0.805809
71	22	0.873856
71	27	0.863956
71	42	0.922021
71	59	0.896335
71	68	0.858775
71	69	0.836817
71	85	0.815464
71	95	0.850498
71	98	0.728773
71	110	1.37114
71	128	0.873158
71	154	1.82467
71	156	1.49576
71	157	1.63317
71	161	0.855842
71	165	1.63049
72	8	0.79997
72	10	0.909987
72	21	0.854137
72	23	0.866637
72	50	0.907659
72	54	0.860974
72	55	0.871692
72	60	0.786749
72	70	0.836749
72	99	1.22322
72	109	1.45316
72	113	1.33141
72	149	0.858515
72	153	0.75565
72	162	0.875494
72	163	1.80018
72	180	2.11701
73	105	1.59382
73	114	0.826303
73	123	0.850897
73	124	0.852761
73	125	0.851039
73	130	0.861523
73	134	0.85429
73	138	0.87327
73	141	0.873263
73	142	1.47808
73	146	0.840019
73	148	0.859801
73	149	1.5215
73	150	0.83781
73	151	1.45876
73	152	0.837706
73	172	1.92229
74	3	0.869159
74	6	0.869563
74	19	0.822694
74	24	0.824195
74	46	0.851657
74	63	0.812055
74	86	0.843619
74	97	0.800566
74	106	0.870823
74	117	0.817074
74	122	0.835405
74	139	1.48109
74	154	0.798265
74	157	1.50288
74	160	1.83138
74	164	1.53441
74	166	0.774112
74	173	2.03636
75	98	2.70986
75	121	0.871428
75	123	0.901117
75	125	0.901259
75	129	0.923675
75	132	0.891768
75	133	0.904278
75	134	0.90451
75	138	0.92349
75	141	0.923483
75	145	1.06908
75	146	0.890239
75	148	0.910021
75	150	0.88803
75	152	0.887926
75	154	1.27675
75	165	1.08256
75	177	1.5556
76	25	0.862381
76	31	1.40207
76	39	0.897442
76	43	0.891115
76	47	0.890356
76	53	0.857879
76	61	0.857472
76	62	0.85723
76	64	0.857148
76	77	0.832755
76	80	0.832273
76	105	0.824461
76	163	0.793815
76	164	0.833009
76	174	1.75267
76	177	1.73087
76	179	1.7332
77	25	0.861884
77	39	1.15065
77	40	1.0686
77	43	0.890618
77	47	0.889859
77	53	0.857382
77	61	0.856975
77	62	0.856733
77	64	0.856651
77	76	0.832755
77	80	0.831776
77	105	0.823964
77	128	1.4508
77	163	0.793318
77	164	0.832512
77	170	1.83235
77	174	2.00587
78	7	0.859504
78	25	1.19
78	27	0.939594
78	62	1.1916
78	85	0.891102
78	95	0.926136
78	104	1.00804
78	116	1.21766
78	131	1.08691
78	132	0.93075
78	146	0.929221
78	150	0.927012
78	152	0.926907
78	161	0.93148
78	175	0.866864
78	178	0.87736
78	179	0.856124
78	180	0.832715
79	20	0.91372
79	41	0.869032
79	81	0.879254
79	90	0.930946
79	93	0.914676
79	94	0.90983
79	100	0.914832
79	107	0.895321
79	144	1.44979
79	149	0.919831
79	153	1.93395
79	154	1.31509
79	157	1.12359
79	162	0.93681
79	163	0.860318
79	169	1.20207
79	174	1.61575
79	176	0.874275
80	18	1.11682
80	25	0.861401
80	43	0.890136
80	47	0.889377
80	53	0.8569
80	61	0.856492
80	62	0.856251
80	64	0.856169
80	76	0.832273
80	77	0.831776
80	105	0.823481
80	119	1.45012
80	151	1.39487
80	163	0.792836
80	164	0.83203
80	178	1.69067
80	180	2.08001
81	1	1.48109
81	9	0.870365
81	79	0.879254
81	89	0.857279
81	90	0.843942
81	93	0.827672
81	94	0.822826
81	100	0.827828
81	107	0.808317
81	109	0.831944
81	115	1.20091
81	119	0.809835
81	147	1.54153
81	162	0.849806
81	163	0.773314
81	174	1.86519
81	176	0.787271
81	180	2.04008
82	98	3.0193
82	108	0.853152
82	114	0.808351
82	120	0.814903
82	123	0.832946
82	124	0.83481
82	128	1.33177
82	130	0.843572
82	132	0.823596
82	133	1.21372
82	138	0.855318
82	141	0.855311
82	146	0.822067
82	148	0.84185
82	150	0.819858
82	152	0.819754
82	157	1.39469
82	165	1.392
83	10	1.25817
83	104	1.01409
83	112	1.00362
83	132	0.964346
83	134	0.921331
83	143	0.881958
83	155	1.0057
83	168	0.952535
83	170	0.916087
83	171	0.854764
83	172	0.888613
83	173	0.882868
83	174	0.895083
83	175	0.896936
83	177	0.892819
83	178	0.907432
83	179	0.886196
83	180	0.862787
84	24	1.27165
84	56	1.33721
84	117	1.31319
84	125	1.37777
84	129	1.1934
84	145	0.910157
84	155	0.928321
84	165	0.877279
84	167	0.822416
84	170	0.838712
84	171	0.777389
84	173	0.805493
84	174	0.817709
84	175	0.819562
84	177	0.815444
84	178	0.830058
84	179	0.808822
84	180	0.785413
85	2	0.759687
85	22	0.827734
85	27	0.817835
85	29	1.72453
85	42	0.8759
85	59	0.850213
85	66	0.803125
85	68	0.812654
85	69	0.790695
85	71	0.815464
85	78	0.891102
85	89	0.845826
85	95	0.804377
85	98	0.682652
85	119	1.59031
85	133	1.37218
85	161	0.80972
85	177	2.02351
85	178	1.83086
86	6	0.933999
86	26	0.883182
86	30	0.798721
86	46	0.916093
86	57	0.904795
86	74	0.843619
86	97	0.865002
86	113	1.30756
86	117	0.88151
86	119	0.867738
86	122	0.899841
86	133	1.24514
86	149	1.47076
86	154	0.862701
86	161	0.879077
86	163	1.77633
86	166	0.838548
86	168	1.50143
86	178	1.70382
87	13	0.92233
87	45	0.917807
87	112	0.865464
87	116	0.871732
87	126	0.87344
87	133	1.11281
87	135	0.877802
87	136	0.867513
87	137	0.864205
87	139	1.27199
87	140	1.29306
87	143	0.908132
87	153	2.10414
87	154	0.856268
87	159	1.91704
87	162	0.901275
87	164	1.32531
87	166	0.832115
87	176	0.838741
88	7	1.2766
88	65	1.55658
88	148	1.30631
88	150	1.38978
88	159	0.801725
88	162	1.3582
88	165	0.869119
88	168	0.867
88	169	0.874493
88	170	0.830552
88	171	0.769228
88	172	0.803078
88	173	0.797333
88	174	0.809548
88	175	0.811401
88	177	0.807283
88	178	0.821897
88	179	0.800661
88	180	0.777252
89	22	0.904217
89	66	0.879608
89	69	0.867178
89	81	0.857279
89	85	0.845826
89	95	0.88086
89	100	0.892858
89	107	0.873347
89	111	1.30748
89	115	1.22376
89	126	0.887
89	136	0.881073
89	137	0.877764
89	140	1.39516
89	143	0.921692
89	158	1.53354
89	176	0.852301
89	178	1.67358
89	179	1.86857
90	9	0.922057
90	20	0.878409
90	41	0.833721
90	48	0.925644
90	79	0.930946
90	81	0.843942
90	94	0.874519
90	100	0.879521
90	102	1.59798
90	107	0.86001
90	149	0.884519
90	159	1.70938
90	160	1.41462
90	162	0.901499
90	163	0.825007
90	164	1.11766
90	173	1.61961
90	174	1.57829
90	176	0.838964
91	31	1.36425
91	114	0.855426
91	121	0.850332
91	123	0.880021
91	124	0.881885
91	128	1.15977
91	129	0.902579
91	132	0.870671
91	134	0.883413
91	138	0.902394
91	141	0.902387
91	146	0.869142
91	148	0.888925
91	150	0.866933
91	152	0.866829
91	155	1.0935
91	170	1.54133
91	174	1.71485
91	180	1.88974
92	50	1.31946
92	94	1.52538
92	129	1.37415
92	144	0.817946
92	148	1.42365
92	155	0.900002
92	161	1.39383
92	167	0.794097
92	168	0.846842
92	169	0.854335
92	170	0.810394
92	171	0.74907
92	172	0.78292
92	173	0.777175
92	174	0.78939
92	175	0.791243
92	177	0.787125
92	178	0.801739
92	179	0.780503
92	180	0.757094
93	9	0.905787
93	20	0.862138
93	28	0.811516
93	41	0.817451
93	48	0.909373
93	79	0.914676
93	81	0.827672
93	94	0.858248
93	100	0.86325
93	102	1.87767
93	107	0.84374
93	111	1.27741
93	149	0.868249
93	155	1.23662
93	160	1.6943
93	162	0.885228
93	163	0.808736
93	169	1.44428
93	173	1.89929
93	176	0.822693
94	9	0.900941
94	41	0.812604
94	48	0.904527
94	79	0.90983
94	81	0.822826
94	90	0.874519
94	92	1.52538
94	93	0.858248
94	100	0.858404
94	107	0.838893
94	119	0.840412
94	128	1.28728
94	149	0.863403
94	158	1.48786
94	162	0.880382
94	163	0.80389
94	166	1.64587
94	168	1.42552
94	172	1.79564
94	176	0.817847
95	2	0.794721
95	22	0.862768
95	27	0.852869
95	42	0.910934
95	59	0.885247
95	66	0.838159
95	68	0.847687
95	69	0.825729
95	71	0.850498
95	78	0.926136
95	85	0.804377
95	89	0.88086
95	128	0.86207
95	144	1.50451
95	156	1.04091
95	159	1.80157
95	161	0.844754
95	171	2.00325
95	174	1.67047
95	176	1.44358
96	31	0.810733
96	60	1.81788
96	117	1.48032
96	129	1.36053
96	141	1.39868
96	156	0.884339
96	161	1.3802
96	165	0.832714
96	167	0.777851
96	168	0.830596
96	169	0.838089
96	170	0.794147
96	171	0.732824
96	172	0.766674
96	173	0.760928
96	174	0.773144
96	175	0.774997
96	177	0.770879
96	178	0.785493
96	179	0.764257
96	180	0.740848
97	3	0.890541
97	6	0.890945
97	19	0.844076
97	30	0.755667
97	44	0.801444
97	57	0.861741
97	63	0.833438
97	74	0.800566
97	86	0.865002
97	106	0.892205
97	117	0.838456
97	122	0.856787
97	145	1.40794
97	149	1.46876
97	154	0.819647
97	156	1.2867
97	160	1.75261
97	161	0.836023
97	166	0.795494
97	171	2.24904
97	176	1.68938
98	42	0.789209
98	59	0.763522
98	68	0.725963
98	71	0.728773
98	75	2.70986
98	82	3.0193
98	85	0.682652
98	118	0.700808
98	119	0.711691
98	131	0.72303
98	135	0.728188
98	137	0.714591
98	143	0.758518
98	152	2.83881
98	171	0.616241
98	173	0.644346
98	174	0.656561
98	176	0.689127
98	177	0.654296
98	178	0.66891
98	179	0.647674
98	180	0.624265
99	2	1.62399
99	63	1.12309
99	72	1.22322
99	126	1.14813
99	135	1.07708
99	136	1.0894
99	152	0.987452
99	155	0.961587
99	159	0.843152
99	165	0.910546
99	167	0.855683
99	168	0.908427
99	169	0.91592
99	170	0.871979
99	171	0.810656
99	172	0.844505
99	173	0.83876
99	174	0.850975
99	175	0.852828
99	177	0.848711
99	178	0.863324
99	179	0.842088
99	180	0.818679
100	20	0.862294
100	41	0.817607
100	48	0.90953
100	79	0.914832
100	81	0.827828
100	89	0.892858
100	90	0.879521
100	93	0.86325
100	94	0.858404
100	107	0.843896
100	109	0.867523
100	110	1.21123
100	119	0.845414
100	139	1.45146
100	145	1.45709
100	149	0.868405
100	155	1.34407
100	162	0.885384
100	163	0.808892
100	164	1.50479
100	167	1.89881
100	176	0.82285
100	177	1.94362
101	21	0.875155
101	34	1.22013
101	60	0.807767
101	70	0.857767
101	113	1.22235
101	115	1.16878
101	116	0.866969
101	129	0.899058
101	131	0.867881
101	137	0.859441
101	143	0.903369
101	146	0.865621
101	148	0.885404
101	149	0.879533
101	150	0.863412
101	151	1.32281
101	152	0.863308
101	153	0.776668
101	162	0.896512
101	166	0.827351
101	171	2.16584
101	175	1.6698
101	179	1.81359
102	22	1.80303
102	64	1.74146
102	90	1.59798
102	93	1.87767
102	105	0.797256
102	131	1.95802
102	139	0.851577
102	151	0.816955
102	158	0.795305
102	159	0.740178
102	163	0.76661
102	167	0.752709
102	168	0.805453
102	169	0.812946
102	170	0.769005
102	171	0.707682
102	172	0.741532
102	174	0.748001
102	175	0.749854
102	177	0.745737
102	178	0.76035
102	179	0.739114
102	180	0.715705
103	37	1.20232
103	61	1.0529
103	107	1.18521
103	114	1.28052
103	116	1.29715
103	136	1.03638
103	140	0.918478
103	155	0.953087
103	157	0.914002
103	162	1.02059
103	165	0.902046
103	167	0.847182
103	168	0.899927
103	169	0.90742
103	171	0.802155
103	172	0.836005
103	173	0.83026
103	174	0.842475
103	175	0.844328
103	177	0.84021
103	178	0.854824
103	179	0.833588
103	180	0.810179
104	12	0.945932
104	18	1.07115
104	32	0.915503
104	65	0.902455
104	67	0.897407
104	78	1.00804
104	83	1.01409
104	110	1.10526
104	112	0.893638
104	116	0.899906
104	126	0.901614
104	131	0.900818
104	135	0.905976
104	136	0.895687
104	137	0.892379
104	143	0.936306
104	147	1.53579
104	157	1.36729
104	160	0.85432
104	162	0.929449
104	166	0.860289
104	172	1.81273
104	176	0.866915
104	177	1.83765
105	20	1.16616
105	73	1.59382
105	76	0.824461
105	77	0.823964
105	80	0.823481
105	102	0.797256
105	114	1.67726
105	126	0.83368
105	134	1.3915
105	135	0.838042
105	136	0.827753
105	137	0.824445
105	141	1.35409
105	143	0.868372
105	146	1.4691
105	163	0.785024
105	164	0.824218
105	166	0.792355
105	172	0.759945
105	175	0.768268
105	177	0.76415
105	178	0.778764
105	179	0.757528
105	180	0.734119
106	1	0.877634
106	14	0.959533
106	19	0.914333
106	24	0.915834
106	26	0.910386
106	29	1.37412
106	30	0.825924
106	34	1.08197
106	44	0.871701
106	46	0.943296
106	63	0.903695
106	74	0.870823
106	97	0.892205
106	117	0.908713
106	122	0.927044
106	147	1.37125
106	154	0.889904
106	160	1.53124
106	161	0.90628
106	165	1.20006
106	166	0.865751
106	168	1.27806
106	173	1.73623
106	176	1.46801
107	9	0.886432
107	20	0.842783
107	41	0.798096
107	48	0.890019
107	58	1.28786
107	79	0.895321
107	81	0.808317
107	89	0.873347
107	90	0.86001
107	93	0.84374
107	94	0.838893
107	100	0.843896
107	103	1.18521
107	109	0.848012
107	119	0.825903
107	128	1.40206
107	142	1.46621
107	149	0.848894
107	162	0.865873
107	163	0.789381
107	166	1.76065
107	167	1.89053
107	170	1.78361
107	176	0.803339
108	1	1.26753
108	82	0.853152
108	114	0.862949
108	118	1.70813
108	120	0.869501
108	121	0.857855
108	123	0.887544
108	124	0.889408
108	125	0.887685
108	129	0.910102
108	130	0.89817
108	132	0.878194
108	134	0.890936
108	138	0.909916
108	141	0.90991
108	146	0.876665
108	148	0.896448
108	149	1.20412
108	150	0.874456
108	152	0.874352
108	165	1.15679
108	166	1.45514
108	176	1.42473
108	179	1.63216
108	180	1.82652
109	5	1.23516
109	10	1.61457
109	14	1.0959
109	20	0.86641
109	72	1.45316
109	81	0.831944
109	100	0.867523
109	107	0.848012
109	126	0.861665
109	131	0.860869
109	132	1.32074
109	135	0.866027
109	136	0.855738
109	137	0.852429
109	138	1.35153
109	143	0.896357
109	152	1.21739
109	163	0.813008
109	169	0.859344
109	172	0.78793
109	175	0.796253
109	176	0.826965
109	177	0.792135
109	179	0.785513
109	180	0.762104
110	26	1.2974
110	71	1.37114
110	100	1.21123
110	104	1.10526
110	114	1.29826
110	127	0.925768
110	130	1.16808
110	139	0.942971
110	147	0.889608
110	150	1.06991
110	152	0.952165
110	156	0.95059
110	157	0.910922
110	158	0.886699
110	165	0.898966
110	167	0.844103
110	168	0.896847
110	170	0.860399
110	171	0.799076
110	172	0.832925
110	173	0.82718
110	174	0.839395
110	175	0.841248
110	177	0.837131
110	179	0.830508
110	180	0.807099
111	2	1.76233
111	32	1.34779
111	68	1.43903
111	89	1.30748
111	93	1.27741
111	122	1.11751
111	138	1.25993
111	145	0.909847
111	147	0.867611
111	151	0.886352
111	157	0.888926
111	158	0.864702
111	159	0.809575
111	167	0.822106
111	168	0.87485
111	170	0.838402
111	171	0.777079
111	172	0.810929
111	173	0.805183
111	174	0.817399
111	175	0.819252
111	177	0.815134
111	178	0.829747
111	179	0.808512
111	180	0.785102
112	12	0.888033
112	28	1.48691
112	32	0.857604
112	45	0.888082
112	65	0.844556
112	67	0.839508
112	83	1.00362
112	87	0.865464
112	104	0.893638
112	116	0.842007
112	126	0.843715
112	128	0.860234
112	131	0.842919
112	135	0.848077
112	136	0.837788
112	137	0.83448
112	143	0.878407
112	147	1.52532
112	149	1.40147
112	161	0.842918
112	162	0.87155
112	163	1.70703
112	166	0.80239
112	167	1.78237
112	170	1.67545
112	176	0.809016
112	178	1.63452
113	54	1.33827
113	63	1.23127
113	72	1.33141
113	86	1.30756
113	101	1.22235
113	124	1.24309
113	131	1.32761
113	143	1.1166
113	147	0.886069
113	151	0.90481
113	157	0.907384
113	158	0.88316
113	159	0.828033
113	165	0.895427
113	167	0.840564
113	168	0.893308
113	169	0.900801
113	170	0.85686
113	171	0.795537
113	172	0.829387
113	173	0.823641
113	174	0.835856
113	175	0.837709
113	177	0.833592
113	178	0.848205
113	179	0.826969
113	180	0.80356
114	11	1.13291
114	73	0.826303
114	82	0.808351
114	91	0.855426
114	103	1.28052
114	105	1.67726
114	108	0.862949
114	110	1.29826
114	115	1.38817
114	120	0.8247
114	121	0.813053
114	123	0.842743
114	124	0.844607
114	125	0.842884
114	129	0.865301
114	130	0.853369
114	132	0.833393
114	134	0.846135
114	138	0.865115
114	141	0.865108
114	146	0.831864
114	148	0.851646
114	150	0.829655
114	152	0.829551
114	158	1.69795
114	164	0.825457
114	168	1.63561
114	172	2.00573
115	33	1.52932
115	47	1.13076
115	66	1.30821
115	81	1.20091
115	89	1.22376
115	101	1.16878
115	114	1.38817
115	136	1.14402
115	144	0.877998
115	145	0.941891
115	147	0.899655
115	152	1.04207
115	156	0.960637
115	158	0.896746
115	159	0.841619
115	165	0.909013
115	167	0.854149
115	168	0.906894
115	169	0.914387
115	170	0.870446
115	171	0.809122
115	172	0.842972
115	173	0.837227
115	174	0.849442
115	175	0.851295
115	177	0.847177
115	178	0.861791
115	179	0.840555
115	180	0.817146
116	7	0.902015
116	33	0.839447
116	45	0.89435
116	65	0.850825
116	67	0.845777
116	78	1.21766
116	87	0.871732
116	101	0.866969
116	103	1.29715
116	104	0.899906
116	112	0.842007
116	126	0.849984
116	127	1.49093
116	128	0.866503
116	131	0.849188
116	135	0.854346
116	136	0.844057
116	137	0.840748
116	143	0.884676
116	149	1.62157
116	154	0.832811
116	156	1.43951
116	157	1.57691
116	158	1.71457
116	160	0.802689
116	161	0.849187
116	162	0.877819
116	164	1.60844
116	169	1.65539
116	176	0.815284
117	3	0.907049
117	6	0.907453
117	14	0.905784
117	19	0.860584
117	24	0.862085
117	26	0.856637
117	28	0.807451
117	30	0.772175
117	38	1.20419
117	44	0.817952
117	46	0.889548
117	57	0.878249
117	63	0.849946
117	74	0.817074
117	84	1.31319
117	86	0.88151
117	96	1.48032
117	97	0.838456
117	106	0.908713
117	119	0.841193
117	122	0.873295
117	154	0.836155
117	155	1.18957
117	158	1.45642
117	160	1.64726
117	161	0.852531
117	166	0.812002
117	167	1.74432
117	176	1.58403
117	179	1.79145
118	3	1.85195
118	20	1.59785
118	21	1.61801
118	35	1.64916
118	48	1.69357
118	61	1.88132
118	98	0.700808
118	108	1.70813
118	140	0.837411
118	142	0.832828
118	145	0.853857
118	153	0.736664
118	156	0.872603
118	157	0.832935
118	158	0.808712
118	159	0.753585
118	165	0.820979
118	167	0.766115
118	168	0.81886
118	169	0.826353
118	171	0.721088
118	172	0.754938
118	173	0.749193
118	174	0.761408
118	175	0.763261
118	176	0.793974
118	177	0.759143
118	178	0.773757
118	179	0.752521
118	180	0.729112
119	19	0.846813
119	25	1.58641
119	44	0.80418
119	46	0.875776
119	68	1.56459
119	80	1.45012
119	81	0.809835
119	85	1.59031
119	86	0.867738
119	94	0.840412
119	98	0.711691
119	100	0.845414
119	107	0.825903
119	117	0.841193
119	122	0.859523
119	135	1.34097
119	137	1.26106
119	141	1.27428
119	149	0.850412
119	150	1.36909
119	163	0.790899
119	166	0.798231
119	167	0.776998
119	168	0.829743
119	170	0.793295
119	174	0.772291
119	176	0.804857
119	177	0.770026
119	178	0.78464
119	179	0.763404
119	180	0.739995
120	5	0.894452
120	16	0.850352
120	37	0.820191
120	82	0.814903
120	108	0.869501
120	114	0.8247
120	121	0.819605
120	123	0.849294
120	124	0.851158
120	125	0.849436
120	129	0.871852
120	130	0.85992
120	132	0.839944
120	134	0.852687
120	138	0.871667
120	141	0.87166
120	146	0.838416
120	148	0.858198
120	150	0.836206
120	152	0.836102
120	156	1.17162
120	157	1.30903
120	158	1.44669
120	159	1.93229
120	160	0.794177
120	164	0.832009
120	169	1.38751
120	171	2.13396
120	174	1.80119
120	177	1.77939
120	178	1.58673
121	5	0.882806
121	17	1.56916
121	51	0.772504
121	56	0.843082
121	75	0.871428
121	91	0.850332
121	108	0.857855
121	114	0.813053
121	120	0.819605
121	123	0.837648
121	124	0.839512
121	125	0.837789
121	129	0.860206
121	130	0.848274
121	132	0.828298
121	134	0.84104
121	138	0.860021
121	140	1.40046
121	141	0.860014
121	146	0.826769
121	148	0.846552
121	149	1.44583
121	150	0.82456
121	151	1.38308
121	152	0.824456
121	153	0.737816
121	163	1.75139
121	164	0.820363
121	166	1.69685
121	174	1.89333
121	178	1.67888
121	179	1.87387
122	1	0.842216
122	3	0.92538
122	6	0.925784
122	14	0.924115
122	19	0.878915
122	24	0.880416
122	26	0.874968
122	28	0.825782
122	30	0.790506
122	44	0.836282
122	46	0.907878
122	57	0.89658
122	63	0.868277
122	74	0.835405
122	86	0.899841
122	97	0.856787
122	106	0.927044
122	111	1.11751
122	117	0.873295
122	119	0.859523
122	127	1.11993
122	144	1.53211
122	147	1.37441
122	154	0.854486
122	156	1.0685
122	159	1.82917
122	161	0.870862
122	166	0.830333
122	171	2.03085
122	173	1.73939
122	176	1.47118
122	179	1.6786
123	4	0.982522
123	51	0.802194
123	73	0.850897
123	75	0.901117
123	82	0.832946
123	91	0.880021
123	108	0.887544
123	114	0.842743
123	120	0.849294
123	121	0.837648
123	124	0.869201
123	125	0.867478
123	128	1.36689
123	129	0.889895
123	130	0.877963
123	132	0.857987
123	134	0.87073
123	138	0.88971
123	141	0.889703
123	144	1.756
123	145	1.41364
123	146	0.856459
123	148	0.876241
123	150	0.854249
123	152	0.854145
123	156	1.2924
123	158	1.56747
123	160	0.81222
123	164	0.850052
123	165	1.42713
123	166	1.72548
123	178	1.70751
123	180	2.09686
124	16	0.870259
124	37	0.840098
124	52	1.33274
124	73	0.852761
124	82	0.83481
124	91	0.881885
124	108	0.889408
124	113	1.24309
124	114	0.844607
124	120	0.851158
124	121	0.839512
124	123	0.869201
124	125	0.869342
124	127	1.27566
124	129	0.891759
124	130	0.879827
124	132	0.859851
124	134	0.872594
124	138	0.891574
124	141	0.891567
124	145	1.34547
124	146	0.858323
124	148	0.878105
124	150	0.856113
124	152	0.856009
124	153	0.769369
124	164	0.851916
124	166	1.65732
124	168	1.43696
124	169	1.44012
124	172	1.80708
124	175	1.69054
124	179	1.83433
125	16	0.868536
125	36	0.839206
125	51	0.802335
125	73	0.851039
125	75	0.901259
125	84	1.37777
125	108	0.887685
125	114	0.842884
125	120	0.849436
125	121	0.837789
125	123	0.867478
125	124	0.869342
125	129	0.890036
125	130	0.878104
125	132	0.858129
125	134	0.870871
125	138	0.889851
125	139	1.36155
125	141	0.889844
125	142	1.38457
125	146	0.8566
125	148	0.876382
125	150	0.854391
125	152	0.854287
125	155	1.25415
125	157	1.38334
125	160	0.812361
125	164	0.850193
125	166	1.67901
125	168	1.45866
125	172	1.82878
125	175	1.71224
125	179	1.85603
126	7	0.903723
126	11	0.947493
126	13	0.900581
126	33	0.841155
126	45	0.896058
126	67	0.847485
126	87	0.87344
126	89	0.887
126	99	1.14813
126	104	0.901614
126	105	0.83368
126	109	0.861665
126	112	0.843715
126	116	0.849984
126	128	0.868211
126	131	0.850895
126	135	0.856053
126	136	0.845764
126	137	0.842456
126	140	1.37415
126	142	1.3761
126	143	0.886383
126	154	0.834519
126	157	1.37487
126	160	0.804397
126	161	0.850895
126	162	0.879527
126	163	1.72509
126	164	1.4064
126	170	1.69351
126	171	2.1998
126	176	0.816992
126	179	1.84756
127	8	1.74526
127	10	1.52539
127	13	1.38948
127	110	0.925768
127	116	1.49093
127	122	1.11993
127	124	1.27566
127	135	1.21783
127	140	0.879536
127	142	0.874954
127	144	0.832089
127	147	0.853746
127	152	1.12821
127	155	0.914145
127	156	0.914728
127	157	0.875061
127	158	0.850837
127	159	0.79571
127	162	1.21437
127	165	0.863104
127	167	0.808241
127	169	0.868478
127	170	0.824537
127	171	0.763214
127	172	0.797064
127	173	0.791318
127	174	0.803534
127	175	0.805387
127	177	0.801269
127	178	0.815882
127	179	0.794647
127	180	0.771237
128	2	0.817381
128	16	1.39063
128	42	0.933593
128	45	0.912577
128	59	0.907907
128	66	0.860819
128	69	0.848389
128	71	0.873158
128	77	1.4508
128	82	1.33177
128	91	1.15977
128	94	1.28728
128	95	0.86207
128	107	1.40206
128	112	0.860234
128	116	0.866503
128	123	1.36689
128	126	0.868211
128	129	1.13606
128	131	0.867414
128	135	0.872573
128	136	0.862284
128	137	0.858975
128	141	1.1742
128	148	1.18555
128	161	0.867414
128	168	0.858397
128	169	0.86589
128	174	0.800945
128	175	0.802798
128	177	0.798681
128	178	0.813294
128	179	0.792058
128	180	0.768649
129	37	0.860792
129	38	1.0844
129	56	0.89533
129	75	0.923675
129	84	1.1934
129	91	0.902579
129	92	1.37415
129	96	1.36053
129	101	0.899058
129	108	0.910102
129	114	0.865301
129	120	0.871852
129	121	0.860206
129	123	0.889895
129	124	0.891759
129	125	0.890036
129	128	1.13606
129	130	0.900521
129	132	0.880545
129	134	0.893288
129	138	0.912268
129	139	1.17718
129	141	0.912261
129	146	0.879017
129	148	0.898799
129	150	0.876807
129	152	0.876703
129	158	1.33663
129	160	0.834778
129	164	0.87261
129	166	1.49464
129	172	1.64441
129	175	1.52787
129	177	1.66933
130	4	0.982816
130	36	0.84969
130	37	0.84886
130	51	0.81282
130	52	1.4012
130	56	0.883398
130	73	0.861523
130	82	0.843572
130	108	0.89817
130	110	1.16808
130	114	0.853369
130	120	0.85992
130	121	0.848274
130	123	0.877963
130	124	0.879827
130	125	0.878104
130	129	0.900521
130	132	0.868613
130	133	1.24913
130	134	0.881356
130	138	0.900336
130	141	0.900329
130	145	1.41393
130	146	0.867085
130	148	0.886867
130	150	0.864875
130	151	1.41201
130	152	0.864771
130	153	0.778131
130	154	1.6216
130	160	0.822846
130	163	1.78032
130	164	0.860678
130	167	1.85565
130	176	1.69537
130	178	1.70781
131	7	0.902927
131	12	0.895213
131	13	0.899785
131	15	1.06005
131	18	1.15002
131	28	1.57625
131	32	0.864784
131	33	0.840359
131	45	0.895262
131	65	0.851736
131	67	0.846689
131	78	1.08691
131	98	0.72303
131	101	0.867881
131	102	1.95802
131	104	0.900818
131	109	0.860869
131	112	0.842919
131	113	1.32761
131	116	0.849188
131	126	0.850895
131	128	0.867414
131	135	0.855257
131	136	0.844968
131	137	0.84166
131	143	0.885587
131	154	0.833723
131	157	1.44616
131	160	0.803601
131	161	0.850098
131	162	0.878731
131	164	1.47769
131	165	1.44348
131	166	0.80957
131	169	1.52464
131	176	0.816196
131	177	1.91652
132	5	0.903146
132	36	0.829715
132	51	0.792844
132	56	0.863422
132	75	0.891768
132	78	0.93075
132	82	0.823596
132	83	0.964346
132	91	0.870671
132	108	0.878194
132	109	1.32074
132	114	0.833393
132	120	0.839944
132	121	0.828298
132	123	0.857987
132	124	0.859851
132	125	0.858129
132	129	0.880545
132	130	0.868613
132	134	0.86138
132	138	0.88036
132	141	0.880353
132	142	1.31877
132	144	1.64374
132	146	0.847109
132	148	0.866891
132	150	0.8449
132	152	0.844796
132	153	0.758155
132	154	1.50904
132	160	0.80287
132	168	1.39286
132	169	1.39602
132	172	1.76298
132	173	1.85102
132	174	1.8097
132	180	1.9846
133	3	1.12232
133	51	1.49799
133	69	1.33284
133	75	0.904278
133	82	1.21372
133	85	1.37218
133	86	1.24514
133	87	1.11281
133	130	1.24913
133	135	1.12285
133	138	1.16736
133	139	0.945721
133	140	0.918148
133	142	0.913565
133	144	0.870701
133	145	0.934594
133	150	1.15097
133	151	0.911098
133	155	0.952757
133	156	0.95334
133	157	0.913672
133	158	0.889449
133	159	0.834322
133	165	0.901716
133	167	0.846852
133	168	0.899597
133	169	0.90709
133	170	0.863149
133	171	0.801825
133	172	0.835675
133	173	0.82993
133	174	0.842145
133	175	0.843998
133	176	0.874711
133	177	0.83988
133	178	0.854494
133	179	0.833258
133	180	0.809849
134	5	0.915888
134	35	0.946533
134	36	0.842457
134	49	1.20425
134	51	0.805586
134	56	0.876164
134	73	0.85429
134	75	0.90451
134	83	0.921331
134	91	0.883413
134	105	1.3915
134	108	0.890936
134	114	0.846135
134	120	0.852687
134	121	0.84104
134	123	0.87073
134	124	0.872594
134	125	0.870871
134	129	0.893288
134	130	0.881356
134	132	0.86138
134	138	0.893102
134	141	0.893096
