1	67	1.21331
1	75	1.27729
1	81	0.714583
1	84	1.10016
1	96	0.687756
1	100	0.801825
1	129	1.1702
1	130	1.21138
1	170	1.1825
1	172	0.678024
1	178	0.723903
1	179	1.24515
2	20	0.716192
2	59	0.767847
2	86	0.694137
2	135	1.19489
2	136	0.71446
2	139	1.18517
2	151	1.23806
2	165	1.20638
2	173	1.19599
2	175	1.17955
2	176	1.19997
2	180	0.700852
3	10	1.22329
3	44	1.21372
3	95	1.22035
3	97	0.666896
3	106	1.25898
3	112	1.18634
3	114	1.13979
3	122	1.15754
3	127	0.776522
3	142	0.701405
3	167	0.71717
3	168	0.743129
4	9	1.20098
4	58	0.675596
4	80	1.15396
4	95	1.24635
4	110	1.23703
4	112	1.21235
4	114	1.16579
4	122	1.18354
4	126	0.77213
4	131	0.71487
4	142	0.690185
4	178	0.756701
5	50	0.919019
5	69	1.07765
5	98	1.09028
5	109	1.06814
5	129	1.03062
5	130	1.0718
5	133	0.923052
5	155	0.870932
5	158	0.905467
5	163	0.907459
5	171	1.03692
5	179	1.10557
6	86	0.666886
6	107	0.72595
6	111	0.763431
6	150	0.711463
6	157	0.725518
6	161	1.2339
6	166	1.16943
6	168	1.2246
6	169	1.1791
6	173	1.19999
6	175	1.18355
6	178	1.20942
7	97	0.645689
7	111	1.17235
7	116	1.21132
7	124	1.17958
7	134	1.18477
7	149	1.1779
7	159	1.19494
7	166	0.758847
7	168	0.721922
7	175	0.752796
7	176	0.72811
7	179	1.27914
8	45	1.10605
8	46	1.22245
8	70	1.39745
8	86	1.34913
8	91	1.30602
8	96	0.665382
8	99	0.657878
8	121	0.633711
8	170	1.31891
8	174	0.665786
8	176	0.682925
9	4	1.20098
9	21	1.30431
9	47	1.22649
9	80	1.12197
9	83	0.786241
9	95	1.21436
9	112	1.18035
9	122	1.15155
9	144	0.7012
9	153	0.689418
9	165	0.715735
9	176	0.709381
10	3	1.22329
10	60	1.13312
10	79	0.743867
10	80	1.17028
10	95	1.26267
10	112	1.22866
10	114	1.18211
10	122	1.19986
10	135	0.716139
10	136	0.705135
10	163	0.721239
10	176	0.715753
11	66	1.09997
11	73	1.16997
11	75	0.673329
11	86	1.25862
11	87	0.760266
11	91	1.21551
11	109	0.705246
11	138	0.733229
11	164	1.23893
11	166	1.19123
11	176	1.22577
11	180	0.721252
12	22	1.2038
12	32	1.2038
12	38	1.32047
12	52	1.15621
12	66	1.05726
12	73	1.12726
12	77	1.33121
12	135	0.726743
12	170	0.726663
12	172	0.699081
12	173	0.710518
12	178	0.74496
13	54	0.834391
13	68	0.890096
13	118	1.0334
13	120	1.03284
13	132	1.03408
13	146	0.92364
13	147	1.05917
13	154	1.05509
13	156	1.04033
13	157	1.03684
13	175	0.951942
13	180	1.10825
14	28	1.14184
14	37	1.10022
14	51	0.692672
14	54	1.2807
14	65	1.14588
14	87	1.19456
14	105	0.736201
14	126	0.755737
14	146	0.718088
14	173	0.705866
14	177	1.26386
14	179	1.27293
15	66	1.09161
15	73	1.16161
15	136	1.22292
15	140	0.743785
15	149	1.18147
15	159	1.1985
15	164	0.729288
15	167	0.687884
15	168	0.713843
15	169	0.732603
15	177	1.27363
15	180	1.27025
16	50	1.07297
16	63	0.771204
16	98	1.24423
16	109	1.22209
16	129	1.18457
16	130	1.22575
16	142	0.658178
16	159	0.753647
16	165	0.712443
16	171	1.19087
16	176	0.70609
16	179	1.25952
17	23	0.72052
17	30	1.18414
17	40	1.28038
17	42	1.13005
17	63	1.16004
17	67	1.24294
17	74	0.71652
17	149	0.744311
17	150	0.717287
17	152	1.20781
17	160	1.19464
17	170	0.703957
18	68	1.19318
18	69	1.21367
18	109	1.20416
18	128	0.700239
18	129	1.16664
18	130	1.20782
18	135	0.721813
18	164	0.730683
18	168	0.715238
18	171	1.17294
18	178	0.74003
18	179	1.24159
19	41	0.714585
19	54	0.684683
19	78	0.627028
19	137	0.770855
19	144	1.23128
19	156	0.795461
19	158	1.18295
19	165	1.2097
19	166	1.16875
19	167	1.22958
19	169	1.17842
19	173	1.19932
20	2	0.716192
20	36	1.2975
20	45	1.00647
20	46	1.12286
20	70	1.29786
20	86	1.24955
20	91	1.20643
20	128	0.719313
20	158	0.743994
20	167	0.708353
20	170	1.21933
20	180	0.716275
21	9	1.30431
21	31	1.4219
21	60	1.22014
21	80	1.2573
21	90	0.674295
21	110	1.34036
21	114	1.26913
21	122	1.28687
21	151	0.626109
21	159	0.698173
21	168	0.644427
21	174	0.633476
21	180	0.62639
22	12	1.2038
22	32	1.2038
22	38	1.32047
22	52	1.15621
22	66	1.05726
22	73	1.12726
22	77	1.33121
22	160	0.733709
22	163	0.716305
22	165	0.717172
22	170	0.711125
22	178	0.729421
23	17	0.72052
23	63	0.831369
23	80	0.806731
23	126	1.1
23	152	1.13975
23	155	1.17836
23	157	0.793947
23	165	1.14783
23	166	1.10689
23	172	1.14829
23	173	1.13745
23	176	1.14143
23	180	0.742031
24	29	0.830546
24	43	1.01434
24	75	1.21012
24	78	1.36434
24	79	1.06564
24	84	1.03299
24	96	0.750029
24	97	1.18792
24	126	0.801605
24	170	1.11532
24	171	1.10933
24	172	0.740297
24	178	0.786176
25	50	0.955881
25	121	0.706609
25	137	1.14419
25	138	1.14217
25	139	0.769423
25	147	1.13235
25	153	1.14808
25	154	1.12826
25	156	1.1135
25	157	1.11002
25	169	0.768395
25	179	0.701475
25	180	1.18142
26	68	1.12973
26	69	1.15021
26	98	1.16285
26	109	1.14071
26	118	1.09083
26	129	1.10318
26	130	1.14436
26	131	0.768948
26	153	0.772211
26	155	0.761134
26	170	0.792482
26	178	0.810779
26	179	1.17813
27	68	1.29138
27	98	1.3245
27	109	1.30236
27	121	0.601035
27	126	0.684283
27	129	1.26484
27	130	1.30601
27	133	0.671329
27	135	0.650636
27	146	0.646633
27	165	0.656604
27	171	1.27113
27	179	1.33978
28	14	1.14184
28	54	1.16957
28	56	1.17799
28	64	1.17785
28	65	1.03476
28	87	1.08344
28	97	0.711392
28	128	0.772627
28	158	0.797307
28	160	0.816705
28	162	0.809939
28	177	1.15274
28	179	1.16181
29	24	0.830546
29	85	0.738692
29	155	1.1656
29	161	1.1586
29	163	1.11558
29	171	0.799726
29	172	1.13554
29	174	1.15365
29	175	1.10825
29	176	1.12867
29	177	0.768936
29	178	1.13412
29	179	0.75801
30	17	1.18414
30	35	1.12596
30	40	1.20787
30	55	1.09295
30	63	1.08753
30	100	0.856061
30	141	0.772644
30	148	1.14411
30	152	1.1353
30	160	1.12213
30	162	0.775662
30	170	0.759843
30	173	0.743698
31	21	1.4219
31	44	1.32531
31	60	1.2024
31	95	1.33194
31	104	0.613543
31	112	1.29794
31	114	1.25138
31	122	1.26913
31	160	0.675653
31	169	0.665334
31	176	0.652762
31	178	0.671366
31	180	0.628538
32	12	1.2038
32	22	1.2038
32	38	1.32047
32	52	1.15621
32	66	1.05726
32	73	1.12726
32	77	1.33121
32	140	0.741936
32	144	0.71
32	154	0.738419
32	176	0.718181
32	180	0.693957
33	40	0.614515
33	72	1.3115
33	82	0.634377
33	87	0.67946
33	137	0.657977
33	145	0.696959
33	161	1.32392
33	166	1.25945
33	167	1.32027
33	172	1.30086
33	173	1.29001
33	176	1.29399
33	179	0.610321
34	118	0.813536
34	127	0.793574
34	130	0.732564
34	138	0.754122
34	145	0.798659
34	161	1.15956
34	165	1.13603
34	168	1.15026
34	173	1.12565
34	174	1.15461
34	175	1.1092
34	176	1.12962
34	178	1.13508
35	30	1.12596
35	40	1.2222
35	42	1.07187
35	53	0.78099
35	55	1.10728
35	58	0.740348
35	63	1.10185
35	67	1.18476
35	115	0.787374
35	152	1.14963
35	160	1.13646
35	164	0.812107
35	174	0.78571
36	20	1.2975
36	45	1.03289
36	46	1.14929
36	70	1.32429
36	86	1.27598
36	91	1.23286
36	121	0.657569
36	139	0.720383
36	151	0.682277
36	152	1.24145
36	161	0.705231
36	163	0.71227
36	170	1.24576
36	175	0.731469
37	14	1.10022
37	54	1.12796
37	56	1.13638
37	64	1.13624
37	65	0.993143
37	87	1.04183
37	118	1.0329
37	163	0.851043
37	170	0.845863
37	172	0.818281
37	174	0.828417
37	177	1.11113
37	178	0.86416
37	179	1.1202
38	12	1.32047
38	22	1.32047
38	32	1.32047
38	52	1.27287
38	66	1.17393
38	73	1.24393
38	77	1.44787
38	100	0.742068
38	119	0.627026
38	121	0.596328
38	131	0.622315
38	166	0.676279
38	170	0.64585
39	50	0.861801
39	52	0.673802
39	73	0.701091
39	79	1.19912
39	84	1.16646
39	129	0.670052
39	150	0.675381
39	154	1.24584
39	157	1.2276
39	169	1.22129
39	171	1.2428
39	174	1.27115
39	175	1.22574
39	179	0.607395
40	17	1.28038
40	30	1.20787
40	33	0.614515
40	35	1.2222
40	55	1.18919
40	63	1.18377
40	67	1.26667
40	101	0.702388
40	120	0.749732
40	150	0.712867
40	152	1.23154
40	160	1.21837
40	164	0.708487
40	169	0.711801
41	19	0.714585
41	81	1.20225
41	83	1.15731
41	85	1.27161
41	93	1.17977
41	94	1.1819
41	117	1.25458
41	132	0.726818
41	160	0.709313
41	168	0.680233
41	174	0.669282
41	177	1.27798
41	178	0.705025
41	180	1.2746
42	17	1.13005
42	35	1.07187
42	55	1.03886
42	63	1.03343
42	67	1.11633
42	106	1.17022
42	121	0.816548
42	131	0.842535
42	148	1.09001
42	152	1.08121
42	155	0.834721
42	160	1.06803
42	174	0.848623
42	176	0.865762
43	24	1.01434
43	75	1.16141
43	78	1.31564
43	79	1.01694
43	84	0.984283
43	131	1.10904
43	140	0.873813
43	148	1.07111
43	151	0.825553
43	163	0.855546
43	168	0.843871
43	170	1.06661
43	171	1.06062
43	177	0.806637
44	3	1.21372
44	31	1.32531
44	47	1.26523
44	80	1.16071
44	88	0.737415
44	95	1.2531
44	103	0.702724
44	112	1.21909
44	114	1.17254
44	119	0.686242
44	122	1.19029
44	170	0.705066
44	173	0.68892
44	180	0.680534
45	8	1.10605
45	20	1.00647
45	36	1.03289
45	46	0.858256
45	61	1.05765
45	70	1.03326
45	74	0.931178
45	86	0.984943
45	91	0.941828
45	125	1.07485
45	152	0.950413
45	170	0.954725
45	172	1.03171
45	173	1.04314
46	8	1.22245
46	20	1.12286
46	36	1.14929
46	45	0.858256
46	70	1.14965
46	86	1.10134
46	91	1.05823
46	126	0.862649
46	128	0.807429
46	145	0.860905
46	152	1.06681
46	161	0.827064
46	170	1.07112
46	178	0.84722
47	9	1.22649
47	44	1.26523
47	60	1.14232
47	79	0.732966
47	82	1.25587
47	95	1.27187
47	112	1.23786
47	114	1.19131
47	121	0.655637
47	122	1.20905
47	128	0.683665
47	131	0.681624
47	175	0.729538
47	178	0.723455
48	51	0.837589
48	74	0.879492
48	102	0.854057
48	107	1.08102
48	108	0.754045
48	124	1.06406
48	134	1.06925
48	139	0.880221
48	145	1.07257
48	149	1.06238
48	150	1.11635
48	159	1.07942
48	178	1.10378
48	180	1.15117
49	81	0.742166
49	92	0.739129
49	103	0.730847
49	105	1.1474
49	119	1.22399
49	120	0.783384
49	123	1.12215
49	124	0.784984
49	139	1.16161
49	140	1.16585
49	143	0.711935
49	163	1.16332
49	172	1.18328
49	175	1.15599
49	176	1.17641
50	5	0.919019
50	16	1.07297
50	25	0.955881
50	39	0.861801
50	68	1.05795
50	69	1.07843
50	108	0.836866
50	109	1.06893
50	128	0.928256
50	129	1.03141
50	130	1.07258
50	138	1.05466
50	171	1.0377
50	172	0.922167
50	179	1.10635
51	14	0.692672
51	48	0.837589
51	65	0.798469
51	75	1.26135
51	84	1.08422
51	85	0.646687
51	134	0.751073
51	137	1.17953
51	154	1.1636
51	156	1.14884
51	159	0.767911
51	160	1.14907
51	171	1.16056
51	174	1.1889
51	176	1.16392
52	12	1.15621
52	22	1.15621
52	32	1.15621
52	38	1.27287
52	39	0.673802
52	57	0.809732
52	66	1.00967
52	73	1.07967
52	77	1.28362
52	97	1.21071
52	104	0.722225
52	110	1.17485
52	126	0.795476
52	128	0.740257
52	158	0.764937
53	35	0.78099
53	101	0.730684
53	107	1.14351
53	124	1.12655
53	132	0.767923
53	136	1.16632
53	143	1.18733
53	149	1.12487
53	150	1.17884
53	159	1.1419
53	164	0.736783
53	166	0.758262
53	170	0.727833
53	177	1.21703
53	180	1.21365
54	13	0.834391
54	14	1.2807
54	19	0.684683
54	28	1.16957
54	37	1.12796
54	56	1.31685
54	64	1.31672
54	65	1.17362
54	87	1.2223
54	96	0.638977
54	139	0.67012
54	148	0.664765
54	155	0.625479
54	166	0.687256
54	177	1.2916
54	179	1.30067
55	30	1.09295
55	35	1.10728
55	40	1.18919
55	42	1.03886
55	63	1.06884
55	67	1.15175
55	106	1.20563
55	148	1.12543
55	152	1.11662
55	153	0.787514
55	160	1.10345
55	165	0.813832
55	168	0.80129
55	171	0.794846
55	172	0.780203
55	178	0.826081
56	28	1.17799
56	37	1.13638
56	54	1.31685
56	64	1.32513
56	65	1.18203
56	87	1.23072
56	102	0.682508
56	104	0.655853
56	112	0.673706
56	118	1.22179
56	155	0.664031
56	170	0.695379
56	175	0.719758
56	177	1.30002
56	178	0.713675
56	179	1.30909
57	52	0.809732
57	59	1.07936
57	72	0.764336
57	81	1.10134
57	83	1.0564
57	85	1.17069
57	93	1.07885
57	94	1.08098
57	117	1.15366
57	130	0.763868
57	148	1.12797
57	166	0.82841
57	175	0.82236
57	177	1.17707
57	178	0.816277
57	180	1.17369
58	4	0.675596
58	35	0.740348
58	95	0.628599
58	102	0.67432
58	104	1.30253
58	115	1.2379
58	118	0.73405
58	139	1.22301
58	154	0.707121
58	161	1.26774
58	163	1.22472
58	165	1.24422
58	172	1.24468
58	175	1.21739
58	176	1.23781
58	179	0.632535
59	2	0.767847
59	57	1.07936
59	81	1.10134
59	83	1.0564
59	85	1.17069
59	93	1.07885
59	94	1.08098
59	117	1.15366
59	148	1.12797
59	154	0.812393
59	158	0.795649
59	159	0.839713
59	173	0.776317
59	177	1.17707
59	178	0.810759
59	180	1.17369
60	10	1.13312
60	21	1.22014
60	31	1.2024
60	47	1.14232
60	80	1.0378
60	81	0.824753
60	85	0.741802
60	95	1.13019
60	110	1.12086
60	112	1.09618
60	114	1.04963
60	122	1.06737
60	128	0.794281
60	166	0.846205
60	178	0.834072
60	179	0.761119
61	45	1.05765
61	64	0.689314
61	72	1.13274
61	116	0.745123
61	124	0.800151
61	140	1.10466
61	159	0.795606
61	163	1.10213
61	165	1.12163
61	167	1.14151
61	168	1.13586
61	173	1.11125
61	174	1.14021
61	175	1.0948
61	176	1.11522
61	177	0.704626
62	101	1.13458
62	113	1.15077
62	120	1.08665
62	123	0.860773
62	137	1.12482
62	144	0.791815
62	146	0.79638
62	147	1.11298
62	152	0.805383
62	153	1.12871
62	156	1.09413
62	157	1.09065
62	165	0.80635
62	178	1.11466
62	179	0.745647
62	180	1.16205
63	16	0.771204
63	17	1.16004
63	23	0.831369
63	30	1.08753
63	35	1.10185
63	40	1.18377
63	42	1.03343
63	55	1.06884
63	67	1.14632
63	106	1.2002
63	133	0.835578
63	148	1.12
63	160	1.09802
63	167	0.782351
63	172	0.787224
63	173	0.798661
64	28	1.17785
64	37	1.13624
64	54	1.31672
64	56	1.32513
64	61	0.689314
64	65	1.1819
64	74	1.22275
64	87	1.23058
64	106	0.638873
64	133	0.711729
64	140	0.714404
64	161	0.689098
64	170	0.690957
64	174	0.673511
64	177	1.29988
64	179	1.30895
65	14	1.14588
65	28	1.03476
65	37	0.993143
65	51	0.798469
65	54	1.17362
65	56	1.18203
65	64	1.1819
65	87	1.08748
65	118	1.07855
65	155	0.79646
65	167	0.795353
65	172	0.800226
65	173	0.811663
65	177	1.15678
65	179	1.16585
65	180	0.803276
66	11	1.09997
66	12	1.05726
66	15	1.09161
66	22	1.05726
66	32	1.05726
66	38	1.17393
66	52	1.00967
66	72	0.825405
66	73	0.98072
66	77	1.18467
66	97	1.11176
66	110	1.0759
66	126	0.892776
66	137	0.852049
66	169	0.871314
66	176	0.858742
66	179	0.804394
67	1	1.21331
67	17	1.24294
67	35	1.18476
67	40	1.26667
67	42	1.11633
67	55	1.15175
67	63	1.14632
67	74	0.726523
67	111	0.779257
67	148	1.2029
67	150	0.72729
67	152	1.1941
67	160	1.18092
67	161	0.712101
67	168	0.707464
67	175	0.738338
67	176	0.713652
68	13	0.890096
68	18	1.19318
68	26	1.12973
68	27	1.29138
68	50	1.05795
68	69	1.21657
68	97	0.629803
68	98	1.22921
68	118	1.1572
68	129	1.16955
68	130	1.21073
68	137	0.705531
68	157	0.739916
68	170	0.712532
68	173	0.696387
68	178	0.730828
68	179	1.2445
69	5	1.07765
69	18	1.21367
69	26	1.15021
69	50	1.07843
69	68	1.21657
69	73	0.763505
69	88	0.756813
69	98	1.2497
69	109	1.22756
69	116	0.721232
69	129	1.19003
69	130	1.23121
69	162	0.740283
69	164	0.733414
69	177	0.680735
69	179	1.26498
69	180	0.699932
70	8	1.39745
70	20	1.29786
70	36	1.32429
70	45	1.03326
70	46	1.14965
70	86	1.27634
70	88	0.728578
70	91	1.23323
70	144	0.68774
70	146	0.692305
70	152	1.24181
70	162	0.712048
70	170	1.24612
70	172	0.668647
70	179	0.641573
70	180	0.671697
71	88	0.756152
71	108	0.61092
71	120	0.773999
71	127	1.14149
71	136	1.18032
71	143	1.20133
71	145	1.14905
71	148	0.731741
71	150	1.19284
71	154	0.743734
71	159	1.1559
71	169	0.736068
71	175	0.748182
71	177	1.23103
71	178	1.18027
71	179	1.2401
71	180	1.22765
72	33	1.3115
72	57	0.764336
72	61	1.13274
72	66	0.825405
72	122	0.721856
72	125	1.1455
72	130	0.682242
72	136	0.70543
72	138	0.7038
72	151	1.21793
72	162	1.1677
72	164	1.193
72	165	1.18625
72	167	1.20612
72	175	1.15942
72	176	1.17984
72	180	0.691823
73	11	1.16997
73	12	1.12726
73	15	1.16161
73	22	1.12726
73	32	1.12726
73	38	1.24393
73	39	0.701091
73	52	1.07967
73	66	0.98072
73	69	0.763505
73	77	1.25467
73	97	1.18176
73	110	1.1459
73	133	0.809812
73	141	0.801841
73	142	0.740821
73	166	0.81947
73	174	0.771594
74	17	0.71652
74	45	0.931178
74	48	0.879492
74	64	1.22275
74	67	0.726523
74	87	1.12833
74	91	1.13115
74	127	0.78946
74	129	0.770565
74	148	0.770501
74	151	1.1795
74	153	0.742292
74	161	1.17134
74	170	1.14404
74	174	1.16639
74	175	1.12099
74	177	1.19763
74	179	1.2067
75	1	1.27729
75	11	0.673329
75	24	1.21012
75	43	1.16141
75	51	1.26135
75	78	1.51141
75	79	1.21271
75	84	1.18005
75	148	1.26688
75	153	0.657274
75	155	0.646197
75	159	0.724796
75	161	0.675686
75	163	0.682724
75	170	1.26239
75	171	1.25639
75	172	0.649963
75	178	0.695841
76	92	1.06886
76	97	0.832597
76	110	0.86488
76	111	0.999909
76	127	1.00809
76	128	1.05359
76	143	1.06793
76	145	1.01565
76	149	1.00546
76	150	1.05943
76	159	1.0225
76	163	0.920505
76	166	0.945755
76	169	0.92759
76	170	0.915325
76	177	1.09763
76	179	1.1067
76	180	1.09425
77	12	1.33121
77	22	1.33121
77	32	1.33121
77	38	1.44787
77	52	1.28362
77	66	1.18467
77	73	1.25467
77	96	0.628713
77	97	1.38571
77	110	1.34985
77	131	0.623029
77	167	0.614109
77	169	0.658828
77	175	0.670942
77	176	0.646256
77	177	0.602834
77	178	0.66486
78	19	0.627028
78	24	1.36434
78	43	1.31564
78	75	1.51141
78	79	1.36694
78	84	1.33428
78	131	1.45904
78	140	0.622619
78	148	1.42111
78	151	0.574359
78	160	0.621756
78	161	0.597313
78	164	0.608122
78	167	0.566717
78	170	1.41661
78	171	1.41062
78	178	0.617468
78	180	0.57464
79	10	0.743867
79	24	1.06564
79	39	1.19912
79	43	1.01694
79	47	0.732966
79	75	1.21271
79	78	1.36694
79	84	1.03558
79	97	1.19052
79	105	0.791997
79	123	0.838276
79	131	1.16034
79	142	0.729587
79	148	1.12241
79	158	0.780993
79	169	0.790071
79	170	1.11791
79	171	1.11192
80	4	1.15396
80	9	1.12197
80	10	1.17028
80	21	1.2573
80	23	0.806731
80	44	1.16071
80	60	1.0378
80	95	1.16735
80	97	0.707439
80	106	1.20597
80	112	1.13334
80	114	1.08679
80	122	1.10453
80	135	0.790247
80	155	0.75882
80	167	0.757713
80	173	0.774023
80	175	0.814547
81	1	0.714583
81	41	1.20225
81	49	0.742166
81	57	1.10134
81	59	1.10134
81	60	0.824753
81	83	1.07837
81	85	1.19266
81	93	1.10082
81	94	1.10295
81	117	1.17563
81	146	0.755053
81	148	1.14995
81	159	0.806227
81	175	0.783355
81	177	1.19904
81	178	0.777273
81	180	1.19566
82	33	0.634377
82	47	1.25587
82	86	1.22788
82	90	0.742772
82	91	1.18477
82	93	1.15303
82	99	0.694045
82	105	0.73359
82	112	1.20973
82	114	1.16318
82	117	1.22784
82	122	1.18092
82	135	0.719479
82	160	0.741984
82	170	1.19766
82	173	0.703254
82	177	1.25125
82	178	0.737696
82	180	1.24787
83	9	0.786241
83	41	1.15731
83	57	1.0564
83	59	1.0564
83	81	1.07837
83	85	1.14772
83	93	1.05588
83	94	1.05801
83	105	0.840742
83	108	0.713668
83	117	1.13069
83	127	0.853449
83	131	1.14294
83	138	1.11147
83	149	0.866906
83	160	0.849136
83	167	0.794097
83	177	1.1541
83	180	1.15072
84	1	1.10016
84	24	1.03299
84	39	1.16646
84	43	0.984283
84	51	1.08422
84	75	1.18005
84	78	1.33428
84	79	1.03558
84	100	0.886655
84	123	0.850906
84	131	1.12769
84	141	0.803237
84	148	1.08975
84	151	0.765624
84	160	0.81302
84	163	0.795616
84	165	0.796483
84	170	1.08526
84	171	1.07927
85	29	0.738692
85	41	1.27161
85	51	0.646687
85	57	1.17069
85	59	1.17069
85	60	0.741802
85	81	1.19266
85	83	1.14772
85	93	1.17017
85	94	1.17231
85	100	0.772244
85	117	1.24498
85	138	1.22576
85	156	0.693632
85	159	0.723277
85	162	0.691845
85	177	1.26839
85	178	0.694322
85	180	1.26501
86	2	0.694137
86	6	0.666886
86	8	1.34913
86	11	1.25862
86	20	1.24955
86	36	1.27598
86	45	0.984943
86	46	1.10134
86	70	1.27634
86	82	1.22788
86	91	1.18491
86	93	0.753939
86	104	0.679227
86	152	1.1935
86	161	0.716894
86	164	0.727703
86	169	0.731017
86	170	1.19781
86	178	0.737049
87	11	0.760266
87	14	1.19456
87	28	1.08344
87	33	0.67946
87	37	1.04183
87	54	1.2223
87	56	1.23072
87	64	1.23058
87	65	1.08748
87	74	1.12833
87	118	1.12724
87	121	1.23352
87	148	0.77242
87	152	0.769562
87	168	0.757987
87	169	0.776747
87	173	0.748337
87	177	1.20547
87	179	1.21454
87	180	0.73995
88	44	0.737415
88	69	0.756813
88	70	0.728578
88	71	0.756152
88	89	1.15606
88	97	0.69962
88	101	1.18379
88	102	1.1792
88	103	1.17751
88	121	0.732827
88	132	1.13709
88	138	1.17201
88	153	1.17792
88	154	1.1581
88	156	1.14334
88	157	1.13985
88	166	0.812778
88	176	0.782041
88	178	1.16387
88	180	1.21126
89	88	1.15606
89	101	1.18534
89	103	1.17906
89	113	1.20153
89	120	1.1374
89	131	0.730245
89	132	1.13864
89	133	0.774552
89	143	0.732526
89	144	0.745291
89	147	1.16373
89	152	0.758859
89	153	1.17947
89	154	1.15965
89	156	1.14489
89	157	1.14141
89	174	0.736333
89	175	0.778159
89	176	0.753472
89	180	1.21281
90	21	0.674295
90	82	0.742772
90	94	0.820462
90	98	0.716336
90	99	1.22241
90	116	1.16606
90	124	1.13433
90	127	1.13527
90	134	1.13951
90	136	1.1741
90	142	0.725152
90	143	1.19511
90	145	1.14283
90	149	1.13265
90	150	1.18662
90	159	1.14968
90	160	0.795956
90	161	0.771513
90	174	0.755925
90	180	1.22143
91	8	1.30602
91	11	1.21551
91	20	1.20643
91	36	1.23286
91	45	0.941828
91	46	1.05823
91	70	1.23323
91	74	1.13115
91	82	1.18477
91	86	1.18491
91	109	0.731924
91	121	0.72294
91	125	0.788018
91	142	0.724243
91	143	0.751208
91	152	1.15038
91	155	0.741114
91	164	0.781412
91	168	0.765967
91	170	1.15469
92	49	0.739129
92	76	1.06886
92	107	1.17247
92	109	0.715402
92	111	1.14827
92	119	0.737116
92	124	1.15551
92	126	0.789666
92	127	1.15646
92	134	1.1607
92	145	1.16402
92	149	1.15383
92	150	1.2078
92	159	1.17086
92	162	0.771758
92	171	0.743001
92	172	0.728358
92	175	0.780319
92	177	1.246
92	178	1.19523
93	41	1.17977
93	57	1.07885
93	59	1.07885
93	81	1.10082
93	82	1.15303
93	83	1.05588
93	85	1.17017
93	86	0.753939
93	94	1.08046
93	112	0.763513
93	117	1.15314
93	128	0.763692
93	131	1.16539
93	138	1.13392
93	139	0.798479
93	149	0.825541
93	160	0.80777
93	162	0.801005
93	165	0.791233
93	177	1.17655
93	180	1.17317
94	41	1.1819
94	57	1.08098
94	59	1.08098
94	81	1.10295
94	83	1.05801
94	85	1.17231
94	90	0.820462
94	93	1.08046
94	108	0.684206
94	117	1.15527
94	131	1.16752
94	138	1.13605
94	140	0.820537
94	148	1.12959
94	152	0.802169
94	168	0.790595
94	173	0.780945
94	176	0.796782
94	177	1.17868
94	178	0.815386
94	180	1.1753
95	3	1.22035
95	4	1.24635
95	9	1.21436
95	10	1.26267
95	31	1.33194
95	44	1.2531
95	47	1.27187
95	58	0.628599
95	60	1.13019
95	80	1.16735
95	112	1.22573
95	114	1.17917
95	120	0.741602
95	122	1.19692
95	123	0.751877
95	128	0.669913
95	160	0.713991
95	165	0.697453
95	171	0.678468
95	175	0.715786
95	178	0.709703
96	1	0.687756
96	8	0.665382
96	24	0.750029
96	54	0.638977
96	77	0.628713
96	119	1.27123
96	133	1.20041
96	135	1.21857
96	140	1.21309
96	142	1.27678
96	147	0.73777
96	148	0.740087
96	157	0.759533
96	162	1.21152
96	164	1.23681
96	166	1.18911
96	167	1.24994
96	169	1.19878
96	172	1.23052
96	175	1.20323
96	177	0.68842
97	3	0.666896
97	7	0.645689
97	24	1.18792
97	28	0.711392
97	52	1.21071
97	66	1.11176
97	68	0.629803
97	73	1.18176
97	76	0.832597
97	77	1.38571
97	79	1.19052
97	80	0.707439
97	88	0.69962
97	120	0.717466
97	154	0.687201
97	169	1.21269
97	170	1.2402
97	171	1.2342
97	172	1.24443
97	174	1.26254
97	176	1.23756
98	5	1.09028
98	16	1.24423
98	26	1.16285
98	27	1.3245
98	68	1.22921
98	69	1.2497
98	90	0.716336
98	109	1.24019
98	129	1.20267
98	130	1.24385
98	138	1.22592
98	151	0.668151
98	152	0.698043
98	155	0.661616
98	157	0.720348
98	162	0.708783
98	164	0.701914
98	166	0.723393
98	171	1.20897
98	178	0.71126
98	179	1.27762
99	8	0.657878
99	82	0.694045
99	90	1.22241
99	104	0.685119
99	106	0.67256
99	107	1.19884
99	127	1.18282
99	134	1.18706
99	136	1.22165
99	138	0.71209
99	143	1.24266
99	145	1.19038
99	150	1.23417
99	159	1.19723
99	167	0.69219
99	168	0.718149
99	170	0.724645
99	175	0.749023
99	177	1.27236
99	179	1.28143
99	180	1.26898
100	1	0.801825
100	30	0.856061
100	38	0.742068
100	84	0.886655
100	85	0.772244
100	109	0.80568
100	120	0.896413
100	133	1.07426
100	136	0.835293
100	141	1.08755
100	142	1.15063
100	151	1.13559
100	161	1.12743
100	163	1.08441
100	166	1.06296
100	169	1.07263
100	170	1.10014
100	172	1.10437
100	174	1.12249
100	175	1.07708
100	176	1.0975
100	178	1.10296
101	40	0.702388
101	53	0.730684
101	62	1.13458
101	88	1.18379
101	89	1.18534
101	105	0.767041
101	114	0.756705
101	119	0.734027
101	120	1.16513
101	132	1.16637
101	137	1.20331
101	147	1.19146
101	151	0.728038
101	153	1.2072
101	154	1.18738
101	156	1.17262
101	157	1.16913
101	164	0.761801
101	172	0.725268
101	178	1.19315
101	179	0.698195
101	180	1.24054
102	48	0.854057
102	56	0.682508
102	58	0.67432
102	88	1.1792
102	103	1.2022
102	120	1.16054
102	132	1.16177
102	137	1.19871
102	147	1.18687
102	151	0.712316
102	153	1.2026
102	154	1.18278
102	155	0.70578
102	156	1.16803
102	157	1.16454
102	158	0.740315
102	160	1.16825
102	161	0.73527
102	166	0.767558
102	170	0.737129
102	178	1.18856
102	180	1.23594
103	44	0.702724
103	49	0.730847
103	88	1.17751
103	89	1.17906
103	102	1.2022
103	115	0.731875
103	132	1.16009
103	133	0.76843
103	137	1.19703
103	144	0.739169
103	146	0.743734
103	147	1.18518
103	152	0.752737
103	153	1.20092
103	154	1.1811
103	156	1.16634
103	157	1.16286
103	160	1.16657
103	161	0.745799
103	178	1.18687
103	179	0.693002
103	180	1.23426
104	31	0.613543
104	52	0.722225
104	56	0.655853
104	58	1.30253
104	86	0.679227
104	99	0.685119
104	114	0.714328
104	129	1.21739
104	130	1.25857
104	135	1.22196
104	143	0.68922
104	145	0.742456
104	147	1.23081
104	150	0.723804
104	153	1.24655
104	156	1.21197
104	157	1.20848
104	171	1.22369
104	174	1.25203
104	175	1.20662
104	176	1.22705
104	177	0.666744
104	179	1.29234
105	14	0.736201
105	49	1.1474
105	79	0.791997
105	82	0.73359
105	83	0.840742
105	101	0.767041
105	108	1.2171
105	122	0.769691
105	140	1.12274
105	142	1.18644
105	143	0.742936
105	144	1.1613
105	149	0.804544
105	164	1.14647
105	165	1.13971
105	166	1.09877
105	167	1.15959
105	168	1.15394
105	172	1.14017
105	173	1.12933
105	174	1.15829
105	178	1.13876
105	179	0.709534
106	3	1.25898
106	42	1.17022
106	55	1.20563
106	63	1.2002
106	64	0.638873
106	80	1.20597
106	99	0.67256
106	109	1.27752
106	112	1.26435
106	114	1.2178
106	118	1.22765
106	122	1.23555
106	129	1.24
106	130	1.28118
106	144	0.689426
106	147	0.703536
106	153	0.677644
106	166	0.728344
106	173	0.68177
106	175	0.722294
106	178	0.716211
106	179	1.31495
106	180	0.673383
107	6	0.72595
107	48	1.08102
107	53	1.14351
107	92	1.17247
107	99	1.19884
107	117	0.745124
107	124	1.11076
107	134	1.11594
107	136	1.15053
107	140	0.801263
107	142	0.729597
107	145	1.11926
107	149	1.10908
107	150	1.16305
107	159	1.12611
107	160	0.8004
107	165	0.783862
107	168	0.771321
107	169	0.79008
107	173	0.761671
107	177	1.20124
107	179	1.21031
107	180	1.19786
108	48	0.754045
108	50	0.836866
108	71	0.61092
108	83	0.713668
108	94	0.684206
108	105	1.2171
108	118	0.683975
108	122	0.642617
108	124	0.68891
108	126	1.20469
108	141	1.23616
108	151	1.2842
108	158	1.22577
108	159	0.684366
108	160	1.23126
108	162	1.23398
108	164	1.25927
108	167	1.2724
108	169	1.22124
108	173	1.24213
108	175	1.22569
108	176	1.24611
108	177	0.593386
109	5	1.06814
109	11	0.705246
109	16	1.22209
109	18	1.20416
109	26	1.14071
109	27	1.30236
109	50	1.06893
109	69	1.22756
109	91	0.731924
109	92	0.715402
109	98	1.24019
109	100	0.80568
109	106	1.27752
109	125	0.725018
109	128	0.687967
109	129	1.18053
109	130	1.22171
109	138	1.20378
109	162	0.72528
109	171	1.18683
109	173	0.693316
109	174	0.692015
109	178	0.727758
109	179	1.25548
110	4	1.23703
110	21	1.34036
110	52	1.17485
110	60	1.12086
110	66	1.0759
110	73	1.1459
110	76	0.86488
110	77	1.34985
110	114	1.16985
110	122	1.18759
110	123	0.760024
110	124	0.751349
110	141	0.712355
110	147	1.20547
110	153	1.2212
110	154	1.20138
110	156	1.18662
110	157	1.18314
110	163	0.704734
110	164	0.708504
110	167	0.6671
110	173	0.683409
110	176	0.699247
110	177	0.655825
111	6	0.763431
111	7	1.17235
111	67	0.779257
111	76	0.999909
111	92	1.14827
111	115	0.799514
111	116	1.11829
111	124	1.08656
111	127	1.08751
111	128	1.133
111	143	1.14734
111	145	1.09507
111	147	0.820918
111	149	1.08488
111	150	1.13885
111	152	0.820376
111	157	0.842681
111	159	1.10191
111	167	0.782842
111	173	0.799152
111	174	0.79785
111	178	1.12628
111	179	1.18611
111	180	1.17367
112	3	1.18634
112	4	1.21235
112	9	1.18035
112	10	1.22866
112	31	1.29794
112	44	1.21909
112	47	1.23786
112	56	0.673706
112	60	1.09618
112	80	1.13334
112	82	1.20973
112	93	0.763513
112	95	1.22573
112	106	1.26435
112	114	1.14517
112	119	0.709503
112	122	1.16291
112	139	0.741619
112	144	0.719838
112	151	0.703514
112	160	0.750911
112	164	0.737277
112	172	0.700744
112	174	0.71088
113	62	1.15077
113	89	1.20153
113	119	0.698467
113	120	1.18132
113	125	0.732847
113	132	1.18255
113	137	1.21949
113	141	0.730091
113	147	1.20765
113	149	0.757645
113	153	1.22338
113	154	1.20356
113	156	1.18881
113	157	1.18532
113	160	1.18903
113	163	0.72247
113	168	0.710796
113	169	0.729555
113	171	1.20052
113	172	0.689709
113	174	0.699844
113	175	0.74167
113	178	1.20934
113	180	1.25672
114	3	1.13979
114	4	1.16579
114	10	1.18211
114	21	1.26913
114	31	1.25138
114	44	1.17254
114	47	1.19131
114	60	1.04963
114	80	1.08679
114	82	1.16318
114	95	1.17917
114	101	0.756705
114	104	0.714328
114	106	1.2178
114	110	1.16985
114	112	1.14517
114	122	1.11636
114	128	0.73236
114	135	0.753933
114	158	0.75704
114	162	0.769672
114	169	0.766118
114	170	0.753854
114	174	0.736407
114	178	0.77215
115	35	0.787374
115	58	1.2379
115	103	0.731875
115	111	0.799514
115	125	1.12808
115	136	0.723293
115	138	0.721662
115	140	1.15185
115	144	1.19041
115	149	0.774572
115	150	0.747547
115	154	0.754148
115	155	1.19935
115	157	0.761602
115	163	1.14932
115	164	1.17557
115	165	1.16882
115	166	1.12787
115	168	1.18305
115	169	1.13754
115	173	1.15844
115	174	1.1874
115	175	1.14199
115	176	1.16241
115	177	0.690488
116	7	1.21132
116	61	0.745123
116	69	0.721232
116	90	1.16606
116	111	1.11829
116	127	1.12647
116	131	0.723232
116	132	0.786856
116	134	1.13071
116	136	1.1653
116	143	1.18631
116	145	1.13403
116	149	1.12385
116	150	1.17782
116	152	0.751846
116	154	0.766697
116	158	0.749953
116	159	1.14088
116	161	0.744908
116	166	0.777196
116	168	0.740271
116	177	1.21601
116	178	1.16524
116	179	1.22508
116	180	1.21263
117	41	1.25458
117	57	1.15366
117	59	1.15366
117	81	1.17563
117	82	1.22784
117	83	1.13069
117	85	1.24498
117	93	1.15314
117	94	1.15527
117	107	0.745124
117	121	0.667786
117	131	1.2402
117	138	1.20873
117	140	0.740754
117	142	0.669088
117	147	0.722928
117	148	1.20227
117	165	0.723354
117	166	0.747737
117	175	0.741686
117	176	0.717
117	177	1.25136
117	178	0.735604
117	180	1.24798
118	13	1.0334
118	26	1.09083
118	34	0.813536
118	37	1.0329
118	56	1.22179
118	58	0.73405
118	65	1.07855
118	68	1.1572
118	87	1.12724
118	106	1.22765
118	108	0.683975
118	125	0.812415
118	129	1.13066
118	130	1.17183
118	132	1.11899
118	135	0.796938
118	139	0.810151
118	153	1.15982
118	156	1.12524
118	157	1.12175
118	161	0.795
118	167	0.764404
118	174	0.779412
118	175	0.821237
118	177	1.19654
118	179	1.20561
119	38	0.627026
119	44	0.686242
119	49	1.22399
119	92	0.737116
119	96	1.27123
119	101	0.734027
119	112	0.709503
119	113	0.698467
119	120	0.781371
119	125	1.17556
119	133	1.18665
119	141	1.19994
119	151	1.24798
119	154	0.751106
119	155	1.24683
119	166	1.17535
119	168	1.23053
119	169	1.18502
119	172	1.21676
119	173	1.20592
119	174	1.23488
119	175	1.18947
119	176	1.20989
119	177	0.687447
119	179	0.67652
119	180	0.706644
120	13	1.03284
120	40	0.749732
120	49	0.783384
120	62	1.08665
120	71	0.773999
120	89	1.1374
120	95	0.741602
120	97	0.717466
120	100	0.896413
120	101	1.16513
120	102	1.16054
120	113	1.18132
120	119	0.781371
120	132	1.11843
120	137	1.15537
120	146	0.796271
120	147	1.14352
120	153	1.15926
120	154	1.13944
120	156	1.12468
120	157	1.1212
120	162	0.816013
120	171	1.1364
120	178	1.14521
120	179	0.745539
120	180	1.1926
121	8	0.633711
121	25	0.706609
121	27	0.601035
121	36	0.657569
121	38	0.596328
121	42	0.816548
121	47	0.655637
121	87	1.23352
121	88	0.732827
121	91	0.72294
121	117	0.667786
121	127	1.21328
121	134	1.21752
121	135	1.24151
121	136	1.25211
121	140	1.23603
121	143	1.27312
121	144	1.27459
121	148	0.708416
121	159	1.22769
121	162	1.23446
121	164	1.25976
121	169	1.22172
121	177	1.30282
121	179	1.31189
122	3	1.15754
122	4	1.18354
122	9	1.15155
122	10	1.19986
122	21	1.28687
122	31	1.26913
122	44	1.19029
122	47	1.20905
122	60	1.06737
122	72	0.721856
122	80	1.10453
122	82	1.18092
122	95	1.19692
122	105	0.769691
122	106	1.23555
122	108	0.642617
122	110	1.18759
122	112	1.16291
122	114	1.11636
122	130	0.721388
122	131	0.731966
122	141	0.768301
122	144	0.747012
122	145	0.787483
122	171	0.742562
122	174	0.738054
122	180	0.730969
123	49	1.12215
123	62	0.860773
123	79	0.838276
123	84	0.850906
123	95	0.751877
123	110	0.760024
123	133	1.08481
123	138	0.797914
123	139	1.09325
123	140	1.09749
123	148	0.818407
123	153	0.790198
123	155	1.14499
123	156	0.828075
123	161	1.13799
123	162	1.09592
123	163	1.09496
123	164	1.12122
123	165	1.11446
123	167	1.13434
123	170	1.11069
123	171	0.79753
123	172	1.11492
123	173	1.10408
123	174	1.13304
123	175	1.08763
123	176	1.10806
124	7	1.17958
124	48	1.06406
124	49	0.784984
124	53	1.12655
124	61	0.800151
124	90	1.13433
124	92	1.15551
124	107	1.11076
124	108	0.68891
124	110	0.751349
124	111	1.08656
124	125	0.81735
124	127	1.09474
124	133	0.822566
124	134	1.09898
124	136	1.13357
124	143	1.15458
124	145	1.1023
124	149	1.09211
124	150	1.14608
124	151	0.776981
124	159	1.10915
124	160	0.824378
124	164	0.810744
124	166	0.832223
124	176	0.801487
124	177	1.18428
124	178	1.13351
124	179	1.19335
125	45	1.07485
125	72	1.1455
125	91	0.788018
125	109	0.725018
125	113	0.732847
125	115	1.12808
125	118	0.812415
125	119	1.17556
125	124	0.81735
125	126	1.08656
125	130	0.731443
125	134	0.795968
125	141	1.11803
125	144	1.15598
125	146	1.13139
125	156	0.783161
125	158	1.10764
125	163	1.11489
125	165	1.13439
125	166	1.09344
125	168	1.14862
125	169	1.10311
125	172	1.13485
125	174	1.15297
125	175	1.10756
125	176	1.12798
125	177	0.721826
125	178	1.13344
125	179	0.7109
126	4	0.77213
126	14	0.755737
126	23	1.1
126	24	0.801605
126	27	0.684283
126	46	0.862649
126	52	0.795476
126	66	0.892776
126	92	0.789666
126	108	1.20469
126	125	1.08656
126	142	1.17403
126	143	0.762471
126	144	1.14889
126	145	0.815707
126	153	0.763454
126	155	1.15783
126	158	1.10056
126	162	1.10876
126	163	1.10781
126	164	1.13406
126	165	1.12731
126	168	1.14153
126	169	1.09603
126	172	1.12777
126	173	1.11692
126	174	1.14588
126	175	1.10048
126	176	1.1209
127	3	0.776522
127	34	0.793574
127	71	1.14149
127	74	0.78946
127	76	1.00809
127	83	0.853449
127	90	1.13527
127	92	1.15646
127	99	1.18282
127	111	1.08751
127	116	1.12647
127	121	1.21328
127	124	1.09474
127	128	1.14119
127	134	1.09993
127	136	1.13452
127	138	0.764342
127	141	0.789697
127	143	1.15553
127	145	1.10325
127	149	1.09306
127	159	1.1101
127	160	0.79948
127	162	0.792715
127	163	0.782076
127	169	0.789161
127	170	0.776897
127	178	1.13446
127	180	1.18185
128	18	0.700239
128	20	0.719313
128	28	0.772627
128	46	0.807429
128	47	0.683665
128	50	0.928256
128	52	0.740257
128	60	0.794281
128	76	1.05359
128	93	0.763692
128	95	0.669913
128	109	0.687967
128	111	1.133
128	114	0.73236
128	127	1.14119
128	132	1.15317
128	137	1.19012
128	143	1.20102
128	149	1.13856
128	150	1.19253
128	153	1.19401
128	154	1.17418
128	156	1.15943
128	166	1.13996
128	167	1.20079
128	168	1.19514
128	172	1.18137
128	173	1.17053
128	175	1.15408
128	180	1.22734
129	1	1.1702
129	5	1.03062
129	16	1.18457
129	18	1.16664
129	26	1.10318
129	27	1.26484
129	39	0.670052
129	50	1.03141
129	68	1.16955
129	69	1.19003
129	74	0.770565
129	98	1.20267
129	104	1.21739
129	106	1.24
129	109	1.18053
129	118	1.13066
129	130	1.18418
129	131	0.734467
129	133	0.778773
129	137	0.751001
129	138	1.16626
129	162	0.77382
129	170	0.758001
129	171	1.14931
129	173	0.741856
129	174	0.740555
129	175	0.78238
129	178	0.776298
129	179	1.21796
129	180	0.733469
130	1	1.21138
130	5	1.0718
130	16	1.22575
130	18	1.20782
130	26	1.14436
130	27	1.30601
130	34	0.732564
130	50	1.07258
130	57	0.763868
130	68	1.21073
130	69	1.23121
130	72	0.682242
130	98	1.24385
130	104	1.25857
130	106	1.28118
130	109	1.22171
130	118	1.17183
130	122	0.721388
130	125	0.731443
130	129	1.18418
130	135	0.715966
130	138	1.20743
130	139	0.729179
130	143	0.694633
130	156	0.733492
130	171	1.19048
130	172	0.688304
130	174	0.69844
130	175	0.740265
130	177	0.672157
130	179	1.25913
131	4	0.71487
131	26	0.768948
131	38	0.622315
131	42	0.842535
131	43	1.10904
131	47	0.681624
131	77	0.623029
131	78	1.45904
131	79	1.16034
131	83	1.14294
131	84	1.12769
131	89	0.730245
131	93	1.16539
131	94	1.16752
131	116	0.723232
131	117	1.2402
131	122	0.731966
131	129	0.734467
131	133	1.18414
131	143	0.705211
131	154	0.746395
131	163	1.19429
131	165	1.21379
131	170	1.21002
131	171	1.20402
131	173	1.20341
131	175	1.18696
131	176	1.20738
131	177	1.26361
131	179	0.671809
131	180	1.26023
132	13	1.03408
132	41	0.726818
132	53	0.767923
132	88	1.13709
132	89	1.13864
132	101	1.16637
132	102	1.16177
132	103	1.16009
132	113	1.18255
132	116	0.786856
132	118	1.11899
132	120	1.11843
132	128	1.15317
132	137	1.15661
132	144	0.7816
132	146	0.786165
132	147	1.14476
132	151	0.765276
132	153	1.1605
132	154	1.14068
132	156	1.12592
132	157	1.12243
132	158	0.793276
132	169	0.802353
132	170	0.790089
132	171	1.13764
132	173	0.773944
132	176	0.789781
132	177	0.746359
132	178	1.14645
132	180	1.19384
133	5	0.923052
133	27	0.671329
133	63	0.835578
133	64	0.711729
133	73	0.809812
133	89	0.774552
133	96	1.20041
133	100	1.07426
133	103	0.76843
133	119	1.18665
133	123	1.08481
133	124	0.822566
133	129	0.778773
133	131	1.18414
133	141	1.12913
133	146	1.14248
133	151	1.17717
133	158	1.11874
133	161	1.16901
133	162	1.12695
133	163	1.12599
133	164	1.15224
133	166	1.10454
133	168	1.15971
133	171	0.757832
133	172	1.14595
133	173	1.1351
133	174	1.16406
133	175	1.11866
133	177	0.727042
133	179	0.716115
134	7	1.18477
134	48	1.06925
134	51	0.751073
134	90	1.13951
134	92	1.1607
134	99	1.18706
134	107	1.11594
134	116	1.13071
134	121	1.21752
134	124	1.09898
134	125	0.795968
134	127	1.09993
134	136	1.13876
134	139	0.793704
134	143	1.15977
134	145	1.10749
134	146	0.776488
134	149	1.0973
134	150	1.15127
134	151	0.755599
134	152	0.785491
134	157	0.807796
134	159	1.11434
134	160	0.802996
134	167	0.747957
134	172	0.752829
134	174	0.762965
134	176	0.780104
134	177	1.18947
134	178	1.1387
134	179	1.19854
135	2	1.19489
135	10	0.716139
135	12	0.726743
135	18	0.721813
135	27	0.650636
135	80	0.790247
135	82	0.719479
135	96	1.21857
135	104	1.22196
135	114	0.753933
135	118	0.796938
135	121	1.24151
135	130	0.715966
135	137	0.743078
135	142	1.21037
135	147	0.7557
135	151	1.19533
135	155	1.19418
135	156	0.767684
135	161	1.18717
135	162	1.14511
135	164	1.1704
135	165	1.16365
135	166	1.1227
135	167	1.18352
135	168	1.17787
135	169	1.13237
135	171	0.73714
135	172	1.16411
135	174	1.18222
135	175	1.13682
135	176	1.15724
136	2	0.71446
136	10	0.705135
136	15	1.22292
136	53	1.16632
136	71	1.18032
136	72	0.70543
136	90	1.1741
136	99	1.22165
136	100	0.835293
136	107	1.15053
136	115	0.723293
136	116	1.1653
136	121	1.25211
136	124	1.13357
136	127	1.13452
136	134	1.13876
136	139	0.752368
136	145	1.14208
136	146	0.735151
136	147	0.744696
136	149	1.13189
136	150	1.18586
136	157	0.766459
136	158	0.742262
136	159	1.14892
136	161	0.737216
136	167	0.70662
136	176	0.738768
136	177	1.22406
136	178	1.17329
136	179	1.23313
136	180	1.22068
137	19	0.770855
137	25	1.14419
137	33	0.657977
137	51	1.17953
137	62	1.12482
137	66	0.852049
137	68	0.705531
137	101	1.20331
137	102	1.19871
137	103	1.19703
137	113	1.21949
137	120	1.15537
137	128	1.19012
137	129	0.751001
137	132	1.15661
137	135	0.743078
137	147	1.1817
137	150	0.756329
137	153	1.19744
137	154	1.17762
137	156	1.16286
137	157	1.15937
137	160	1.16309
137	161	0.74114
137	164	0.751949
137	165	0.749045
137	167	0.710544
137	171	1.17458
137	173	0.726854
137	178	1.18339
137	179	0.688343
137	180	1.23078
138	11	0.733229
138	25	1.14217
138	34	0.754122
138	50	1.05466
138	72	0.7038
138	83	1.11147
138	85	1.22576
138	88	1.17201
138	93	1.13392
138	94	1.13605
138	98	1.22592
138	99	0.71209
138	109	1.20378
138	115	0.721662
138	117	1.20873
138	123	0.797914
138	127	0.764342
138	129	1.16626
138	130	1.20743
138	151	0.712632
138	152	0.742524
138	153	1.19542
138	154	1.1756
138	157	1.15735
138	163	0.742624
138	165	0.743491
138	168	0.730949
138	169	0.749709
138	177	1.23214
138	178	1.18137
138	179	1.24121
138	180	1.22876
139	2	1.18517
139	25	0.769423
139	36	0.720383
139	48	0.880221
139	49	1.16161
139	54	0.67012
139	58	1.22301
139	93	0.798479
139	112	0.741619
139	118	0.810151
139	123	1.09325
139	130	0.729179
139	134	0.793704
139	136	0.752368
139	143	0.742038
139	144	1.17551
139	155	1.18445
139	158	1.12718
139	160	1.13267
139	161	1.17745
139	162	1.13539
139	163	1.13443
139	164	1.16068
139	165	1.15393
139	167	1.1738
139	168	1.16815
139	169	1.12265
139	171	0.750353
139	173	1.14354
139	174	1.1725
139	175	1.1271
139	176	1.14752
139	180	0.73876
140	15	0.743785
140	32	0.741936
140	43	0.873813
140	49	1.16585
140	61	1.10466
140	64	0.714404
140	78	0.622619
140	94	0.820537
140	96	1.21309
140	105	1.12274
140	107	0.801263
140	115	1.15185
140	117	0.740754
140	121	1.23603
140	123	1.09749
140	145	0.805428
140	146	1.15516
140	155	1.18869
140	158	1.13142
140	159	0.820697
140	163	1.13866
