1	8	1.42457
1	53	1.37372
1	56	1.30906
1	98	1.33962
1	99	0.449593
1	100	1.46229
1	103	1.33962
1	135	0.478967
1	159	1.35111
1	166	0.505942
1	171	0.47873
1	174	0.493494
2	33	1.21575
2	54	1.35383
2	58	1.40773
2	60	0.52197
2	61	1.4239
2	74	1.35064
2	137	0.467753
2	145	1.31647
2	156	0.472405
2	163	0.484187
2	173	0.460528
2	176	1.53167
3	17	1.29522
3	46	1.33187
3	52	0.416367
3	67	1.42922
3	83	1.30548
3	107	1.43201
3	112	1.3534
3	118	0.403708
3	119	0.395742
3	170	1.45281
3	175	0.396848
3	176	0.794467
4	31	0.531197
4	73	0.449903
4	75	0.456857
4	104	0.468253
4	117	0.486268
4	124	1.37397
4	130	1.34069
4	134	1.35667
4	146	1.36697
4	177	1.39096
4	179	1.38345
4	180	1.38729
5	27	1.47669
5	38	1.48912
5	41	1.23627
5	63	1.3363
5	77	1.36794
5	99	0.655468
5	108	0.217443
5	115	0.163612
5	128	1.34099
5	145	1.35268
5	154	0.68549
5	171	0.684606
6	127	1.2046
6	133	1.19736
6	140	1.27429
6	143	1.17099
6	155	1.17102
6	161	1.17697
6	162	1.20267
6	169	1.2021
6	170	0.565616
6	178	0.617858
6	179	0.614992
6	180	0.606751
7	46	0.476888
7	64	0.52757
7	85	0.443586
7	115	1.37587
7	129	1.38985
7	158	0.472737
7	161	0.472856
7	163	1.35586
7	171	1.36985
7	177	1.37634
7	178	1.35956
7	180	1.37267
8	1	1.42457
8	86	1.30136
8	98	1.33667
8	100	1.45934
8	103	1.33667
8	120	1.39324
8	156	0.485605
8	159	1.34816
8	166	0.493345
8	167	0.570122
8	176	0.374504
8	179	0.480892
9	82	0.516173
9	92	1.34549
9	116	0.485494
9	134	1.34917
9	138	1.41081
9	146	1.35948
9	149	1.39844
9	150	0.465914
9	153	1.37285
9	157	0.468617
9	158	1.36377
9	179	0.470696
10	62	1.32926
10	90	1.37734
10	94	0.506756
10	104	1.3718
10	106	1.3718
10	107	0.418396
10	125	0.502097
10	144	1.39568
10	159	1.36031
10	160	1.39382
10	164	0.485386
10	177	0.49406
11	93	1.33234
11	111	1.32623
11	116	0.491022
11	119	0.487365
11	148	1.40252
11	149	1.39479
11	154	1.39302
11	158	1.36013
11	167	1.39097
11	171	0.461464
11	172	0.490854
11	179	0.476223
12	19	0.597549
12	104	0.602277
12	150	1.20894
12	161	0.603619
12	162	0.591356
12	173	1.21491
12	174	1.19804
12	175	1.19618
12	177	1.20248
12	178	1.18569
12	179	1.19496
12	180	1.1988
13	17	1.31495
13	45	1.3362
13	46	1.3516
13	48	1.35054
13	52	0.516851
13	67	1.44896
13	83	1.32521
13	99	0.441187
13	116	0.499882
13	154	0.471208
13	170	1.47254
13	173	0.47792
14	21	1.44809
14	30	1.37377
14	61	1.38712
14	70	1.30257
14	74	1.31386
14	112	0.482953
14	142	0.504881
14	145	1.27969
14	152	0.463845
14	169	0.485247
14	174	0.469462
14	176	1.4949
15	31	1.26922
15	55	1.3025
15	59	1.46922
15	68	1.38432
15	80	1.33824
15	84	1.41824
15	85	1.41824
15	88	0.4683
15	142	0.479375
15	162	0.539115
15	168	0.470779
15	177	0.446384
16	43	0.516493
16	66	1.25196
16	101	0.555558
16	107	0.466488
16	117	1.30487
16	127	1.30656
16	136	1.32384
16	140	1.37624
16	147	1.25356
16	150	0.534936
16	161	1.27892
16	164	0.533477
16	169	1.30406
17	3	1.29522
17	13	1.31495
17	46	1.26291
17	48	1.26184
17	67	1.36026
17	83	1.23652
17	88	0.536216
17	105	0.532864
17	112	1.28444
17	125	0.522337
17	170	1.38385
17	179	0.511868
17	180	0.503627
18	60	0.561881
18	115	0.547595
18	117	1.30186
18	122	1.36513
18	135	0.493081
18	143	1.26994
18	154	0.493728
18	155	1.26996
18	161	1.27592
18	162	1.30161
18	167	1.31453
18	169	1.30105
18	178	0.51047
19	12	0.597549
19	78	1.2679
19	90	1.29017
19	95	1.38435
19	104	1.28463
19	106	1.28463
19	128	0.524254
19	144	1.30851
19	150	0.493214
19	159	1.27314
19	160	1.30665
19	177	0.500429
19	180	0.489755
20	56	1.44149
20	98	1.47206
20	99	0.372654
20	103	1.47206
20	113	0.538793
20	132	0.416183
20	149	1.53037
20	153	1.50478
20	158	1.4957
20	159	1.48355
20	169	0.43234
20	175	0.428799
20	179	0.416551
21	14	1.44809
21	35	0.509669
21	54	1.46254
21	58	1.51644
21	70	1.44805
21	74	1.45934
21	105	0.426736
21	145	1.42517
21	156	0.410454
21	160	0.401032
21	165	0.427756
21	168	0.432568
21	176	1.64038
22	73	1.5077
22	133	1.49355
22	147	1.44779
22	155	1.4672
22	156	0.43246
22	160	0.423037
22	161	1.47315
22	162	1.49885
22	167	1.51176
22	168	0.454573
22	172	0.442377
22	174	0.427751
22	179	0.427746
23	33	1.32677
23	54	1.46485
23	58	1.51875
23	61	1.53492
23	70	1.45036
23	74	1.46166
23	79	0.467388
23	116	0.44587
23	166	0.443524
23	169	0.44686
23	170	0.381696
23	176	1.64269
23	180	0.42283
24	36	1.20938
24	55	1.24042
24	68	1.32224
24	80	1.27616
24	84	1.35616
24	85	1.35616
24	108	0.510024
24	121	1.27307
24	122	1.3664
24	152	0.410589
24	165	0.438217
24	166	0.428655
24	176	0.818941
25	43	0.401474
25	78	1.45483
25	79	0.461017
25	90	1.4771
25	95	1.57128
25	104	1.47156
25	106	1.47156
25	118	0.443807
25	123	0.427693
25	151	0.427822
25	159	1.46007
25	160	1.49358
25	165	0.446715
26	92	1.27514
26	93	1.26563
26	121	1.28154
26	124	1.29612
26	127	0.615804
26	148	1.33581
26	149	1.32808
26	152	0.491479
26	158	1.29342
26	167	1.32426
26	174	0.497096
26	177	0.499524
26	178	0.499958
27	5	1.47669
27	29	1.48024
27	41	1.26438
27	51	1.424
27	63	1.36441
27	77	1.39605
27	82	0.529335
27	99	0.439961
27	128	1.3691
27	144	1.42512
27	157	0.481779
27	160	0.479149
27	163	0.500353
27	176	0.37747
28	37	1.18835
28	43	0.539941
28	81	0.57433
28	92	1.23331
28	94	0.578294
28	102	1.26014
28	109	1.22767
28	123	0.566159
28	134	1.23699
28	146	1.2473
28	148	1.29398
28	153	1.26067
28	158	1.25159
28	171	0.548407
29	27	1.48024
29	35	0.535457
29	41	1.23982
29	45	1.36222
29	46	1.37762
29	67	1.47498
29	111	0.533775
29	114	1.41033
29	123	0.434521
29	145	1.35623
29	156	0.436242
29	170	1.49856
29	178	0.434395
29	179	0.431528
30	14	1.37377
30	33	1.25014
30	58	1.44212
30	61	1.45829
30	70	1.37373
30	74	1.38503
30	128	0.49631
30	137	0.470113
30	145	1.35085
30	163	0.486548
30	170	0.420677
30	176	1.56606
30	177	0.472485
30	180	0.461811
31	4	0.531197
31	15	1.26922
31	36	1.14564
31	55	1.17668
31	59	1.3434
31	68	1.25849
31	80	1.21242
31	84	1.29242
31	85	1.29242
31	121	1.20933
31	128	0.591926
31	137	0.565729
31	171	0.550909
31	174	0.565673
32	62	0.557283
32	65	1.49306
32	91	1.47518
32	92	1.35586
32	109	1.35021
32	119	0.456166
32	134	1.35954
32	137	0.445085
32	149	1.4088
32	153	1.38321
32	157	0.442946
32	158	1.37414
32	175	0.457272
32	177	0.447456
33	2	1.21575
33	23	1.32677
33	30	1.25014
33	58	1.24733
33	61	1.26349
33	70	1.17894
33	74	1.19023
33	119	0.573885
33	145	1.15606
33	154	0.548868
33	173	0.555579
33	176	1.37127
33	178	0.565609
33	179	0.562743
34	73	1.4027
34	87	1.38558
34	110	1.44926
34	118	0.484291
34	131	1.42575
34	136	1.41307
34	155	1.3622
34	156	0.469897
34	157	0.463105
34	161	1.36815
34	169	1.39329
34	173	0.458019
34	174	0.465188
34	177	0.467615
35	21	0.509669
35	29	0.535457
35	76	0.570228
35	101	1.20209
35	123	1.23942
35	131	0.573328
35	155	0.607096
35	165	1.22396
35	173	1.24171
35	176	1.40368
35	177	1.22928
35	178	1.2125
35	179	1.22177
35	180	1.22561
36	24	1.20938
36	31	1.14564
36	55	1.17892
36	59	1.34564
36	80	1.21466
36	84	1.29466
36	85	1.29466
36	101	0.570284
36	121	1.21157
36	122	1.3049
36	168	0.581272
36	174	0.554449
36	179	0.554444
36	180	0.546203
37	28	1.18835
37	102	1.24433
37	107	0.487247
37	122	0.61772
37	124	1.23848
37	138	1.28281
37	141	1.22834
37	149	1.27044
37	151	0.5636
37	153	1.24485
37	158	1.23578
37	165	0.582493
37	167	1.26662
37	173	0.553314
38	5	1.48912
38	41	1.27681
38	51	1.43643
38	63	1.37684
38	77	1.40848
38	81	0.495933
38	119	0.495911
38	128	1.38154
38	144	1.43755
38	145	1.39322
38	154	0.470894
38	171	0.47001
38	175	0.497017
38	176	0.378381
39	44	1.41669
39	53	1.40188
39	71	1.44367
39	86	1.33248
39	98	1.36778
39	99	0.442231
39	100	1.49045
39	103	1.36778
39	123	0.489121
39	137	0.486189
39	142	0.521551
39	159	1.37927
39	176	0.37974
39	178	0.488994
40	68	0.490138
40	94	1.30652
40	103	0.507681
40	111	0.501015
40	142	1.30606
40	151	1.33781
40	153	0.502201
40	159	0.504078
40	167	0.487998
40	171	1.34264
40	174	1.3447
40	175	1.34283
40	178	1.33235
40	179	1.34162
40	180	1.34546
41	5	1.23627
41	27	1.26438
41	29	1.23982
41	38	1.27681
41	51	1.18358
41	63	1.12399
41	77	1.15563
41	114	1.19446
41	144	1.1847
41	145	1.14036
41	157	0.596686
41	166	0.611217
41	174	0.598769
41	177	0.601197
41	179	0.598764
42	50	0.518215
42	64	1.29148
42	100	0.568839
42	102	1.33562
42	111	1.29317
42	138	1.3741
42	146	1.32277
42	149	1.36173
42	153	1.33614
42	158	1.32707
42	166	0.521307
42	167	1.35791
42	171	0.494095
42	176	0.402466
42	180	0.500613
43	16	0.516493
43	25	0.401474
43	28	0.539941
43	47	0.605548
43	75	0.468102
43	110	0.463962
43	150	1.32644
43	160	1.32165
43	166	1.28804
43	168	1.2946
43	173	1.33242
43	175	1.31369
43	176	1.49438
43	179	1.31247
43	180	1.31631
44	39	1.41669
44	53	1.33473
44	56	1.27006
44	69	0.468007
44	71	1.37652
44	86	1.26533
44	98	1.30063
44	100	1.4233
44	103	1.30063
44	115	0.510996
44	132	0.470637
44	142	0.506428
44	158	0.578311
44	159	1.31212
44	179	0.471004
45	13	1.3362
45	29	1.36222
45	46	1.28415
45	48	1.28309
45	67	1.38151
45	83	1.25777
45	107	1.38429
45	108	0.578735
45	112	1.30568
45	133	0.563752
45	170	1.40509
45	172	0.499543
45	175	0.49716
45	176	0.378524
45	178	0.487778
46	3	1.33187
46	7	0.476888
46	13	1.3516
46	17	1.26291
46	29	1.37762
46	45	1.28415
46	48	1.29849
46	83	1.27317
46	107	1.3997
46	118	0.527206
46	135	0.493575
46	157	0.50602
46	160	0.503389
46	170	1.42049
46	180	0.499857
47	43	0.605548
47	110	1.25708
47	113	1.20482
47	126	1.18805
47	127	1.20361
47	131	1.23357
47	147	1.15061
47	155	1.17002
47	160	0.624064
47	161	1.17597
47	162	1.20167
47	167	1.21458
47	173	0.62161
47	176	0.522385
47	178	0.63164
48	13	1.35054
48	17	1.26184
48	45	1.28309
48	46	1.29849
48	67	1.39585
48	83	1.27211
48	101	0.511567
48	107	1.39863
48	112	1.32002
48	165	0.517742
48	170	1.41943
48	173	0.488563
48	174	0.495732
48	178	0.498593
48	179	0.495727
49	72	1.37667
49	104	1.32514
49	106	1.32514
49	130	0.541846
49	133	1.33843
49	143	1.31206
49	159	1.31365
49	160	1.34716
49	161	1.31803
49	162	1.34373
49	170	0.45489
49	171	0.489506
49	172	0.518896
49	177	0.506698
49	180	0.496024
50	42	0.518215
50	84	0.468285
50	87	0.516846
50	97	1.33851
50	114	0.49945
50	140	0.479205
50	151	1.32254
50	159	0.511311
50	164	1.35473
50	171	1.32737
50	173	1.3463
50	174	1.32943
50	177	1.33386
50	178	1.31708
50	180	1.33019
51	27	1.424
51	38	1.43643
51	41	1.18358
51	77	1.31525
51	97	0.489144
51	114	1.35409
51	120	1.35403
51	128	1.2883
51	139	0.525171
51	144	1.34432
51	145	1.29999
51	156	0.522337
51	165	0.539639
51	176	0.411236
51	178	0.52049
52	3	0.416367
52	13	0.516851
52	54	0.484937
52	58	0.476566
52	63	0.551775
52	146	0.547521
52	147	1.29571
52	155	1.31512
52	162	1.34677
52	166	1.31658
52	167	1.35968
52	177	1.34853
52	178	1.33175
52	179	1.34101
52	180	1.34485
53	1	1.37372
53	39	1.40188
53	44	1.33473
53	71	1.36171
53	86	1.25052
53	88	0.512409
53	97	0.459581
53	98	1.28582
53	100	1.40849
53	103	1.28582
53	111	0.590308
53	159	1.29731
53	163	0.504556
53	170	0.438685
53	175	0.500309
54	2	1.35383
54	21	1.46254
54	23	1.46485
54	52	0.484937
54	58	1.38541
54	61	1.40157
54	74	1.32831
54	88	0.477518
54	139	0.460717
54	145	1.29414
54	163	0.469665
54	169	0.468959
54	176	1.50935
54	180	0.444929
55	15	1.3025
55	24	1.24042
55	31	1.17668
55	36	1.17892
55	59	1.37668
55	68	1.29177
55	80	1.2457
55	84	1.3257
55	85	1.3257
55	96	0.507097
55	107	0.482525
55	122	1.33594
55	135	0.541233
55	160	0.551047
55	166	0.568209
55	177	0.558188
56	1	1.30906
56	20	1.44149
56	44	1.27006
56	71	1.29704
56	86	1.18585
56	98	1.22115
56	100	1.34382
56	103	1.22115
56	120	1.27772
56	135	0.540647
56	156	0.559884
56	157	0.553092
56	159	1.23264
56	160	0.550461
56	176	0.448782
56	179	0.55517
57	91	1.23749
57	95	1.23551
57	104	1.13579
57	106	1.13579
57	132	0.651593
57	138	1.18349
57	141	1.12901
57	148	1.17884
57	153	1.14553
57	156	0.656674
57	158	1.13645
57	159	1.1243
57	160	1.15781
57	170	0.602585
57	179	0.651961
57	180	0.64372
58	2	1.40773
58	21	1.51644
58	23	1.51875
58	30	1.44212
58	33	1.24733
58	52	0.476566
58	54	1.38541
58	70	1.37092
58	88	0.469147
58	112	0.458294
58	145	1.34804
58	150	0.440016
58	165	0.466814
58	172	0.459429
58	173	0.437635
58	176	1.56325
59	15	1.46922
59	31	1.3434
59	36	1.34564
59	55	1.37668
59	60	0.503525
59	68	1.45849
59	80	1.41242
59	82	0.494724
59	84	1.49242
59	85	1.49242
59	121	1.40933
59	129	0.435197
59	154	0.435372
59	173	0.442083
59	174	0.449251
59	179	0.449247
60	2	0.52197
60	18	0.561881
60	59	0.503525
60	61	0.485109
60	109	0.579402
60	114	0.544367
60	115	1.2867
60	135	1.29821
60	165	1.28185
60	166	1.25523
60	172	1.27454
60	174	1.28274
60	177	1.28717
60	178	1.27039
60	179	1.27966
60	180	1.2835
61	2	1.4239
61	14	1.38712
61	23	1.53492
61	30	1.45829
61	33	1.26349
61	54	1.40157
61	60	0.485109
61	69	0.427834
61	70	1.38709
61	82	0.476309
61	145	1.36421
61	152	0.425219
61	164	0.42459
61	167	0.520062
61	169	0.44662
61	176	1.57941
62	10	1.32926
62	32	0.557283
62	72	1.30667
62	78	1.23841
62	90	1.26068
62	95	1.35486
62	99	0.465003
62	104	1.25514
62	106	1.25514
62	109	0.637383
62	144	1.27902
62	159	1.24365
62	160	1.27716
62	175	0.521147
62	177	0.511331
62	178	0.511765
63	5	1.3363
63	27	1.36441
63	38	1.37684
63	41	1.12399
63	52	0.551775
63	77	1.25566
63	105	0.541003
63	114	1.2945
63	116	0.534807
63	120	1.29444
63	128	1.22872
63	144	1.28473
63	145	1.2404
63	163	0.536503
63	178	0.522874
63	179	0.520008
64	7	0.52757
64	42	1.29148
64	91	1.36446
64	97	0.5303
64	107	0.485549
64	109	1.2395
64	134	1.24882
64	138	1.31046
64	141	1.25598
64	146	1.25913
64	153	1.2725
64	158	1.26342
64	167	1.29426
64	173	0.551616
64	177	0.561212
64	180	0.550539
65	32	1.49306
65	93	1.39015
65	111	1.38404
65	134	1.40334
65	141	1.4105
65	143	0.571663
65	146	1.41364
65	148	1.46032
65	153	1.42701
65	158	1.41794
65	163	0.460083
65	170	0.394212
65	172	0.458218
65	174	0.443592
65	179	0.443587
65	180	0.435346
66	16	1.25196
66	97	0.511205
66	110	1.33763
66	127	1.28415
66	129	0.525635
66	136	1.30143
66	140	1.35384
66	143	1.25054
66	147	1.23116
66	155	1.25057
66	156	0.544398
66	160	0.534976
66	161	1.25652
66	162	1.28221
66	166	0.552138
66	179	0.539685
67	3	1.42922
67	13	1.44896
67	17	1.36026
67	29	1.47498
67	45	1.38151
67	48	1.39585
67	76	1.42085
67	83	1.37052
67	101	0.44855
67	105	0.453706
67	134	0.537099
67	135	0.418188
67	165	0.454726
67	168	0.459538
67	170	1.51785
67	178	0.435577
68	15	1.38432
68	24	1.32224
68	31	1.25849
68	40	0.490138
68	55	1.29177
68	59	1.45849
68	80	1.32751
68	84	1.40751
68	85	1.40751
68	121	1.32442
68	122	1.41775
68	123	0.491003
68	154	0.474135
68	157	0.485931
68	171	0.473251
68	172	0.50264
68	178	0.490876
69	44	0.468007
69	61	0.427834
69	102	0.522503
69	117	0.517741
69	127	0.512355
69	131	0.466402
69	149	0.478284
69	152	1.40347
69	165	1.35784
69	166	1.33122
69	171	1.35667
69	172	1.35053
69	173	1.3756
69	177	1.36316
69	178	1.34638
69	179	1.35565
69	180	1.35949
70	14	1.30257
70	21	1.44805
70	23	1.45036
70	30	1.37373
70	33	1.17894
70	58	1.37092
70	61	1.38709
70	74	1.31383
70	89	0.56868
70	145	1.27965
70	152	0.477732
70	157	0.481266
70	170	0.433969
70	173	0.476181
70	176	1.49486
70	177	0.485777
70	179	0.483345
71	39	1.44367
71	44	1.37652
71	53	1.36171
71	56	1.29704
71	82	0.507895
71	86	1.2923
71	98	1.32761
71	100	1.45028
71	103	1.32761
71	120	1.38418
71	159	1.3391
71	167	0.551648
71	169	0.478207
71	172	0.477048
71	173	0.455254
71	175	0.474665
71	179	0.462417
72	49	1.37667
72	62	1.30667
72	78	1.33249
72	90	1.35475
72	95	1.44894
72	104	1.34921
72	106	1.34921
72	116	0.480051
72	134	0.569641
72	142	0.500676
72	144	1.37309
72	154	0.451377
72	159	1.33772
72	160	1.37124
72	165	0.487268
72	171	0.450493
72	177	0.467685
73	4	0.449903
73	22	1.5077
73	34	1.4027
73	89	1.33456
73	126	1.3301
73	140	1.41534
73	143	1.31204
73	147	1.29266
73	151	0.487496
73	161	1.31802
73	162	1.34372
73	163	0.500869
73	168	0.511201
73	169	1.34316
73	174	0.484378
73	177	0.486806
73	178	0.48724
74	2	1.35064
74	14	1.31386
74	21	1.45934
74	23	1.46166
74	30	1.38503
74	33	1.19023
74	54	1.32831
74	70	1.31383
74	81	0.491911
74	125	0.491216
74	132	0.480379
74	145	1.29095
74	154	0.466872
74	165	0.502762
74	175	0.492995
74	176	1.50615
74	177	0.483179
75	4	0.456857
75	43	0.468102
75	86	1.29934
75	87	1.36794
75	98	1.33464
75	100	1.45731
75	103	1.33464
75	105	0.512323
75	125	0.501797
75	131	1.40812
75	147	1.32516
75	159	1.34613
75	161	1.35052
75	162	1.37622
75	164	0.485086
75	174	0.491332
75	179	0.491328
76	35	0.570228
76	67	1.42085
76	83	1.2971
76	101	0.482139
76	107	1.42363
76	112	1.34502
76	116	0.481098
76	118	0.485407
76	140	1.41277
76	147	1.29009
76	155	1.3095
76	160	0.46159
76	161	1.31545
76	162	1.34115
76	170	1.44443
76	173	0.459136
76	177	0.468732
77	5	1.36794
77	27	1.39605
77	38	1.40848
77	41	1.15563
77	51	1.31525
77	63	1.25566
77	79	0.543799
77	114	1.32614
77	120	1.32608
77	128	1.26035
77	144	1.31637
77	145	1.27204
77	151	0.510604
77	152	0.50187
77	165	0.529498
77	169	0.523271
77	171	0.492723
77	174	0.507487
78	19	1.2679
78	25	1.45483
78	62	1.23841
78	72	1.33249
78	90	1.28649
78	95	1.38068
78	104	1.28096
78	106	1.28096
78	112	0.522741
78	132	0.508878
78	135	0.494723
78	139	0.516793
78	144	1.30484
78	159	1.26946
78	160	1.30298
78	163	0.525741
78	165	0.531261
78	179	0.509246
79	23	0.467388
79	25	0.461017
79	77	0.543799
79	95	0.503038
79	129	1.33306
79	139	1.29538
79	145	0.540029
79	155	0.539485
79	156	1.31941
79	161	0.540383
79	166	1.2876
79	168	1.29417
79	172	1.30692
79	175	1.31325
79	177	1.31955
79	178	1.30277
79	179	1.31203
79	180	1.31587
80	15	1.33824
80	24	1.27616
80	31	1.21242
80	36	1.21466
80	55	1.2457
80	59	1.41242
80	68	1.32751
80	84	1.36144
80	85	1.36144
80	96	0.485696
80	118	0.553463
80	121	1.27835
80	122	1.37168
80	169	0.550144
80	171	0.519596
80	175	0.546603
80	176	0.427967
80	180	0.526114
81	28	0.57433
81	38	0.495933
81	74	0.491911
81	93	0.526021
81	100	0.467788
81	121	0.525686
81	136	1.32654
81	140	1.37894
81	143	1.27565
81	159	0.513114
81	161	1.28163
81	162	1.30732
81	164	1.32995
81	166	1.27714
81	169	1.30676
81	177	1.30908
81	179	1.30157
81	180	1.30541
82	9	0.516173
82	27	0.529335
82	59	0.494724
82	61	0.476309
82	71	0.507895
82	110	0.532665
82	118	1.31737
82	120	0.540008
82	139	1.28818
82	152	1.35265
82	165	1.30702
82	168	1.28696
82	173	1.32478
82	174	1.30791
82	175	1.30605
82	178	1.29556
82	179	1.30483
82	180	1.30867
83	3	1.30548
83	13	1.32521
83	17	1.23652
83	45	1.25777
83	46	1.27317
83	48	1.27211
83	67	1.37052
83	76	1.2971
83	107	1.37331
83	112	1.2947
83	118	0.525969
83	119	0.518003
83	137	0.506922
83	151	0.509983
83	166	0.519314
83	169	0.52265
83	170	1.39411
83	174	0.506865
84	15	1.41824
84	24	1.35616
84	31	1.29242
84	36	1.29466
84	50	0.468285
84	55	1.3257
84	59	1.49242
84	68	1.40751
84	80	1.36144
84	85	1.44144
84	121	1.35835
84	122	1.45168
84	128	0.485182
84	130	0.496505
84	137	0.458986
84	165	0.48094
84	168	0.485752
84	169	0.474713
84	179	0.458924
85	7	0.443586
85	15	1.41824
85	24	1.35616
85	31	1.29242
85	36	1.29466
85	55	1.3257
85	59	1.49242
85	68	1.40751
85	80	1.36144
85	84	1.44144
85	121	1.35835
85	122	1.45168
85	123	0.477789
85	133	0.553636
85	142	0.510219
85	154	0.460921
85	168	0.501623
85	169	0.490585
85	176	0.368408
86	8	1.30136
86	39	1.33248
86	44	1.26533
86	53	1.25052
86	56	1.18585
86	71	1.2923
86	75	1.29934
86	98	1.21642
86	100	1.33909
86	103	1.21642
86	107	0.478207
86	120	1.27299
86	132	0.55107
86	159	1.22791
86	163	0.567933
86	172	0.566068
86	174	0.551442
86	179	0.551438
86	180	0.543197
87	34	1.38558
87	50	0.516846
87	75	1.36794
87	113	1.32974
87	131	1.3585
87	133	1.3213
87	136	1.34582
87	140	1.39822
87	143	1.29492
87	147	1.27554
87	152	0.501873
87	155	1.29495
87	157	0.505407
87	160	0.502776
87	161	1.3009
87	162	1.3266
87	163	0.523981
87	170	0.45811
87	171	0.492726
87	179	0.507485
88	15	0.4683
88	17	0.536216
88	53	0.512409
88	54	0.477518
88	58	0.469147
88	90	0.519846
88	94	1.29907
88	120	0.518879
88	131	0.493748
88	156	1.34155
88	163	1.3212
88	164	1.36255
88	171	1.33519
88	172	1.32905
88	174	1.33725
88	175	1.33538
88	177	1.34168
88	178	1.3249
88	179	1.33417
88	180	1.33801
89	70	0.56868
89	73	1.33456
89	98	0.589183
89	110	1.38113
89	117	1.32596
89	126	1.3121
89	130	0.519556
89	133	1.32041
89	136	1.34493
89	140	1.39734
89	152	0.476362
89	154	0.4681
89	155	1.29407
89	160	0.477266
89	161	1.30002
89	162	1.32571
89	167	1.33863
89	169	1.32515
89	170	0.4326
89	173	0.474812
90	10	1.37734
90	19	1.29017
90	25	1.4771
90	62	1.26068
90	72	1.35475
90	78	1.28649
90	88	0.519846
90	95	1.40294
90	104	1.30322
90	106	1.30322
90	128	0.521756
90	144	1.3271
90	149	0.580141
90	159	1.29173
90	160	1.32524
90	165	0.517514
90	174	0.495503
90	176	0.38911
90	179	0.495498
90	180	0.487257
91	32	1.47518
91	57	1.23749
91	64	1.36446
91	99	0.424881
91	102	1.40861
91	124	1.40276
91	134	1.38545
91	138	1.44709
91	141	1.39262
91	142	0.504201
91	148	1.44244
91	149	1.43472
91	151	0.4719
91	153	1.40913
91	158	1.40005
91	160	0.464069
91	171	0.454019
91	174	0.468782
91	175	0.481025
91	177	0.47121
91	178	0.471644
92	9	1.34549
92	26	1.27514
92	28	1.23331
92	32	1.35586
92	96	0.474523
92	109	1.25681
92	111	1.24683
92	130	0.560762
92	137	0.523243
92	138	1.32777
92	141	1.27329
92	146	1.27644
92	148	1.32312
92	149	1.3154
92	153	1.28981
92	158	1.28073
92	166	0.535635
92	168	0.550009
92	177	0.525614
92	178	0.526048
92	180	0.514941
93	11	1.33234
93	26	1.26563
93	65	1.39015
93	81	0.526021
93	109	1.2473
93	112	0.528352
93	116	0.529656
93	130	0.552437
93	134	1.25663
93	141	1.26379
93	142	0.55028
93	146	1.26693
93	148	1.31361
93	149	1.30589
93	153	1.2803
93	154	1.30412
93	158	1.27123
93	167	1.30207
93	171	0.500098
93	173	0.507693
93	174	0.514861
94	10	0.506756
94	28	0.578294
94	40	1.30652
94	88	1.29907
94	130	1.24551
94	135	1.30682
94	141	0.544796
94	144	0.510965
94	152	1.33609
94	153	0.515202
94	158	0.519075
94	159	0.517079
94	167	0.500998
94	168	1.2704
94	169	1.29346
94	172	1.28316
94	173	1.30822
94	174	1.29135
94	178	1.279
94	179	1.28827
94	180	1.29211
95	19	1.38435
95	25	1.57128
95	57	1.23551
95	62	1.35486
95	72	1.44894
95	78	1.38068
95	79	0.503038
95	90	1.40294
95	96	0.418063
95	104	1.3974
95	106	1.3974
95	139	0.474269
95	144	1.42128
95	159	1.38591
95	160	1.41943
95	166	0.479175
95	167	0.555952
95	175	0.478969
95	176	0.360333
95	177	0.469154
95	178	0.469588
96	55	0.507097
96	80	0.485696
96	92	0.474523
96	95	0.418063
96	97	1.40057
96	102	0.476842
96	109	0.476465
96	121	0.465864
96	126	0.467677
96	131	0.420741
96	137	1.41028
96	151	1.3846
96	166	1.36398
96	170	1.49744
96	171	1.38943
96	173	1.40836
96	175	1.38962
96	177	1.39592
96	178	1.37914
96	179	1.38841
96	180	1.39225
97	50	1.33851
97	51	0.489144
97	53	0.459581
97	64	0.5303
97	66	0.511205
97	96	1.40057
97	102	0.497021
97	125	1.32579
97	129	1.35656
97	145	0.475233
97	146	0.487274
97	148	0.468041
97	158	0.475467
97	168	1.31766
97	171	1.33655
97	172	1.33041
97	174	1.33861
97	175	1.33674
97	176	1.51744
97	178	1.32626
97	179	1.33553
97	180	1.33937
98	1	1.33962
98	8	1.33667
98	20	1.47206
98	39	1.36778
98	44	1.30063
98	53	1.28582
98	56	1.22115
98	71	1.32761
98	75	1.33464
98	86	1.21642
98	89	0.589183
98	99	0.459951
98	100	1.37439
98	103	1.25172
98	112	0.517343
98	120	1.30829
98	132	0.50348
98	139	0.511395
98	156	0.508561
98	159	1.26321
98	164	0.497606
98	166	0.516301
98	178	0.506714
99	1	0.449593
99	5	0.655468
99	13	0.441187
99	20	0.372654
99	27	0.439961
99	39	0.442231
99	62	0.465003
99	91	0.424881
99	98	0.459951
99	105	1.39729
99	139	1.40185
99	157	1.41932
99	162	0.447906
99	165	1.42069
99	166	1.39407
99	168	1.40063
99	171	1.41952
99	173	1.43845
99	174	1.42159
99	175	1.41972
99	177	1.42602
99	179	1.4185
99	180	1.42234
100	1	1.46229
100	8	1.45934
100	39	1.49045
100	42	0.568839
100	44	1.4233
100	53	1.40849
100	56	1.34382
100	71	1.45028
100	75	1.45731
100	81	0.467788
100	86	1.33909
100	98	1.37439
100	103	1.37439
100	120	1.43096
100	130	0.494205
100	159	1.38588
100	164	0.450383
100	169	0.472413
100	170	0.407249
100	172	0.471255
100	175	0.468872
100	176	0.350236
100	177	0.459057
101	16	0.555558
101	35	1.20209
101	36	0.570284
101	48	0.511567
101	67	0.44855
101	76	0.482139
101	127	0.531192
101	132	1.31947
101	133	0.491319
101	142	1.26813
101	149	0.497121
101	150	1.31766
101	152	1.35151
101	162	0.507642
101	163	1.29072
101	164	1.33207
101	172	1.29857
101	173	1.32364
101	175	1.3049
101	176	1.4856
101	178	1.29442
101	179	1.30369
101	180	1.30753
102	28	1.26014
102	37	1.24433
102	42	1.33562
102	69	0.522503
102	91	1.40861
102	96	0.476842
102	97	0.497021
102	105	0.546496
102	107	0.452269
102	111	1.27367
102	119	0.536643
102	124	1.31027
102	134	1.29296
102	135	0.510978
102	138	1.3546
102	141	1.30013
102	146	1.30327
102	148	1.34995
102	149	1.34223
102	153	1.31664
102	158	1.30757
102	172	0.540131
102	174	0.525505
103	1	1.33962
103	8	1.33667
103	20	1.47206
103	39	1.36778
103	40	0.507681
103	44	1.30063
103	53	1.28582
103	56	1.22115
103	71	1.32761
103	75	1.33464
103	86	1.21642
103	98	1.25172
103	100	1.37439
103	112	0.519048
103	120	1.30829
103	150	0.500771
103	151	0.508675
103	157	0.503474
103	159	1.26321
103	164	0.499311
103	168	0.53238
103	169	0.521342
103	175	0.5178
104	4	0.468253
104	10	1.3718
104	12	0.602277
104	19	1.28463
104	25	1.47156
104	49	1.32514
104	57	1.13579
104	62	1.25514
104	72	1.34921
104	78	1.28096
104	90	1.30322
104	95	1.3974
104	106	1.29768
104	144	1.32156
104	157	0.500645
104	159	1.28619
104	160	1.31971
104	164	0.496482
104	169	0.518513
104	171	0.487965
104	172	0.517355
104	174	0.502728
104	175	0.514972
105	17	0.532864
105	21	0.426736
105	63	0.541003
105	67	0.453706
105	75	0.512323
105	99	1.39729
105	102	0.546496
105	106	0.538666
105	117	0.541734
105	137	1.32403
105	149	0.502277
105	150	1.31613
105	163	1.28919
105	164	1.33054
105	165	1.30435
105	172	1.29704
105	173	1.32211
105	174	1.30524
105	175	1.30337
105	177	1.30967
105	178	1.29289
105	179	1.30216
105	180	1.306
106	10	1.3718
106	19	1.28463
106	25	1.47156
106	49	1.32514
106	57	1.13579
106	62	1.25514
106	72	1.34921
106	78	1.28096
106	90	1.30322
106	95	1.3974
106	104	1.29768
106	105	0.538666
106	125	0.52814
106	144	1.32156
106	151	0.520793
106	159	1.28619
106	160	1.31971
106	163	0.534166
106	175	0.529919
106	176	0.411283
106	178	0.520537
106	179	0.517671
106	180	0.50943
107	3	1.43201
107	10	0.418396
107	16	0.466488
107	37	0.487247
107	45	1.38429
107	46	1.3997
107	48	1.39863
107	55	0.482525
107	64	0.485549
107	76	1.42363
107	83	1.37331
107	86	0.478207
107	102	0.452269
107	127	0.442122
107	141	0.456436
107	153	0.426842
107	170	1.52064
107	172	1.40649
107	175	1.41282
107	177	1.41912
107	178	1.40233
107	179	1.4116
107	180	1.41544
108	5	0.217443
108	24	0.510024
108	45	0.578735
108	111	0.592709
108	126	0.610159
108	130	1.23825
108	131	0.563222
108	133	0.569303
108	135	1.29956
108	136	0.583805
108	137	1.30288
108	138	0.567308
108	150	1.29498
108	157	1.28183
108	163	1.26804
108	165	1.2832
108	168	1.26314
108	171	1.28203
108	172	1.27589
108	174	1.28409
108	177	1.28852
108	178	1.27174
108	179	1.28101
108	180	1.28485
109	28	1.22767
109	32	1.35021
109	60	0.579402
109	62	0.637383
109	64	1.2395
109	92	1.25681
109	93	1.2473
109	96	0.476465
109	111	1.24119
109	128	0.551382
109	134	1.26049
109	138	1.32213
109	141	1.26765
109	142	0.560547
109	146	1.2708
109	148	1.31748
109	149	1.30976
109	151	0.528246
109	154	1.30799
109	158	1.27509
109	167	1.30593
109	176	0.418736
109	177	0.527556
109	178	0.52799
110	34	1.44926
110	43	0.463962
110	47	1.25708
110	66	1.33763
110	82	0.532665
110	89	1.38113
110	113	1.39343
110	127	1.39222
110	132	0.48682
110	133	1.38498
110	143	1.35861
110	147	1.33923
110	152	0.481575
110	155	1.35864
110	156	0.491901
110	161	1.36459
110	162	1.39028
110	166	0.499641
110	167	1.4032
110	168	0.514015
110	169	1.38972
110	173	0.480024
110	176	0.3808
110	180	0.478947
111	11	1.32623
111	29	0.533775
111	40	0.501015
111	42	1.29317
111	53	0.590308
111	65	1.38404
111	92	1.24683
111	102	1.27367
111	108	0.592709
111	109	1.24119
111	121	1.25323
111	124	1.26782
111	134	1.25051
111	141	1.25768
111	142	0.53431
111	146	1.26082
111	148	1.3075
111	153	1.27419
111	154	1.29801
111	158	1.26511
111	160	0.494178
111	165	0.520902
111	168	0.525714
111	172	0.513517
112	3	1.3534
112	14	0.482953
112	17	1.28444
112	45	1.30568
112	48	1.32002
112	58	0.458294
112	76	1.34502
112	78	0.522741
112	83	1.2947
112	93	0.528352
112	98	0.517343
112	103	0.519048
112	122	0.467377
112	124	0.494508
112	148	0.510017
112	149	0.494777
112	156	1.34037
112	168	1.31512
112	170	1.44202
112	172	1.32788
112	174	1.33607
112	175	1.33421
112	177	1.34051
112	178	1.32372
112	180	1.33683
113	20	0.538793
113	47	1.20482
113	87	1.32974
113	110	1.39343
113	117	1.33827
113	122	1.40154
113	126	1.3244
113	127	1.33996
113	129	0.504833
113	136	1.35724
113	140	1.40964
113	143	1.30635
113	147	1.28696
113	150	0.5141
113	152	0.513269
113	154	0.505007
113	155	1.30637
113	161	1.31232
113	162	1.33802
113	167	1.35093
113	170	0.469507
113	173	0.511718
113	175	0.53113
113	176	0.412494
113	180	0.510641
114	29	1.41033
114	41	1.19446
114	50	0.49945
114	51	1.35409
114	60	0.544367
114	63	1.2945
114	77	1.32614
114	120	1.36491
114	124	1.3347
114	141	1.32455
114	144	1.35521
114	145	1.31087
114	146	1.3277
114	149	1.36666
114	150	0.485307
114	152	0.484476
114	153	1.34107
114	158	1.33199
114	164	0.483847
114	167	1.36283
114	168	0.516916
114	169	0.505878
114	172	0.50472
114	173	0.482925
114	175	0.502337
115	5	0.163612
115	7	1.37587
115	18	0.547595
115	44	0.510996
115	60	1.2867
115	119	1.34472
115	121	0.554514
115	124	0.521005
115	137	1.35228
115	138	0.513478
115	143	0.564707
115	153	0.540065
115	157	1.33123
115	158	0.543938
115	162	0.531795
115	165	1.3326
115	166	1.30598
115	171	1.33143
115	173	1.35036
115	174	1.33349
115	175	1.33162
115	177	1.33792
115	178	1.32114
115	179	1.33041
115	180	1.33425
116	9	0.485494
116	11	0.491022
116	13	0.499882
116	23	0.44587
116	63	0.534807
116	72	0.480051
116	76	0.481098
116	93	0.529656
116	136	0.504781
116	141	0.544466
116	156	1.33015
116	163	1.3098
116	165	1.32496
116	166	1.29834
116	168	1.3049
116	171	1.32379
116	172	1.31765
116	173	1.34272
116	174	1.32585
116	175	1.32398
116	176	1.50468
116	177	1.33028
116	178	1.3135
116	179	1.32277
116	180	1.32661
117	4	0.486268
117	16	1.30487
117	18	1.30186
117	69	0.517741
117	89	1.32596
117	105	0.541734
117	113	1.33827
117	125	0.531208
117	127	1.33706
117	131	1.36702
117	133	1.32982
117	136	1.35434
117	140	1.40674
117	143	1.30345
117	155	1.30347
117	161	1.30942
117	162	1.33512
117	164	0.514497
117	167	1.34803
117	169	1.33456
117	170	0.471363
117	171	0.50598
117	173	0.513575
117	176	0.414351
117	180	0.512498
118	3	0.403708
118	25	0.443807
118	34	0.484291
118	46	0.527206
118	76	0.485407
118	80	0.553463
118	82	1.31737
118	83	0.525969
118	120	0.513639
118	125	1.32617
118	126	0.535444
118	135	1.35446
118	142	1.30035
118	151	1.3321
118	158	0.523054
118	163	1.32294
118	165	1.3381
118	172	1.33079
118	173	1.35586
118	174	1.33899
118	175	1.33713
118	177	1.34343
118	178	1.32664
118	179	1.33591
118	180	1.33975
119	3	0.395742
119	11	0.487365
119	32	0.456166
119	33	0.573885
119	38	0.495911
119	83	0.518003
119	102	0.536643
119	115	1.34472
119	121	0.525665
119	124	0.492155
119	126	1.32982
119	131	1.37534
119	145	0.514855
119	147	1.29238
119	155	1.31179
119	157	1.3385
119	161	1.31774
119	162	1.34344
119	163	1.32471
119	168	1.31982
119	169	1.34288
119	174	1.34077
119	175	1.3389
119	179	1.33768
119	180	1.34152
120	8	1.39324
120	51	1.35403
120	56	1.27772
120	63	1.29444
120	71	1.38418
120	77	1.32608
120	82	0.540008
120	86	1.27299
120	88	0.518879
120	98	1.30829
120	100	1.43096
120	103	1.30829
120	114	1.36491
120	118	0.513639
120	128	1.29913
120	139	0.502078
120	144	1.35515
120	145	1.31081
120	150	0.489749
120	159	1.31978
120	170	0.445155
120	172	0.509161
120	175	0.506779
120	178	0.497397
120	180	0.48629
121	24	1.27307
121	26	1.28154
121	31	1.20933
121	36	1.21157
121	59	1.40933
121	68	1.32442
121	80	1.27835
121	81	0.525686
121	84	1.35835
121	85	1.35835
121	96	0.465864
121	111	1.25323
121	115	0.554514
121	119	0.525665
121	123	0.517515
121	124	1.28984
121	148	1.32952
121	149	1.3218
121	151	0.517645
121	153	1.29621
121	158	1.28713
121	166	0.526976
121	167	1.31798
121	169	0.530312
121	175	0.52677
121	177	0.516955
122	18	1.36513
122	24	1.3664
122	36	1.3049
122	37	0.61772
122	55	1.33594
122	68	1.41775
122	80	1.37168
122	84	1.45168
122	85	1.45168
122	112	0.467377
122	113	1.40154
122	125	0.46435
122	126	1.38478
122	132	0.453514
122	133	1.39309
122	136	1.41761
122	137	0.453942
122	144	0.553078
122	154	0.440006
122	155	1.36675
122	161	1.3727
122	162	1.39839
122	163	0.470377
122	170	0.404506
122	171	0.439122
122	180	0.44564
123	25	0.427693
123	28	0.566159
123	29	0.434521
123	35	1.23942
123	39	0.489121
123	68	0.491003
123	85	0.477789
123	121	0.517515
123	137	1.36289
123	138	0.476479
123	153	0.503066
123	154	1.36174
123	159	0.504943
123	161	0.507059
123	163	1.32805
123	164	1.36941
123	165	1.34321
123	168	1.32315
123	171	1.34204
123	172	1.33591
123	173	1.36097
123	174	1.3441
123	176	1.52293
123	177	1.34854
123	178	1.33175
123	179	1.34102
123	180	1.34486
124	4	1.37397
124	26	1.29612
124	37	1.23848
124	91	1.40276
124	102	1.31027
124	111	1.26782
124	112	0.494508
124	114	1.3347
124	115	0.521005
124	119	0.492155
124	121	1.28984
124	129	0.466963
124	130	0.518593
124	134	1.28712
124	138	1.34876
124	140	0.554217
124	141	1.29428
124	144	0.580209
124	146	1.29742
124	148	1.34411
124	149	1.33638
124	153	1.3108
124	154	1.33461
124	167	1.33256
124	168	0.50784
124	172	0.495644
124	175	0.493261
124	179	0.481013
125	10	0.502097
125	17	0.522337
125	74	0.491216
125	75	0.501797
125	97	1.32579
125	106	0.52814
125	117	0.531208
125	118	1.32617
125	122	0.46435
125	133	0.485949
125	141	0.540136
125	142	1.27807
125	145	0.514181
125	151	1.30982
125	152	1.36145
125	154	1.33434
125	155	0.513637
125	163	1.30066
125	169	1.31882
125	171	1.31465
125	172	1.30851
125	173	1.33358
125	174	1.31671
125	175	1.31484
125	177	1.32114
125	178	1.30436
125	179	1.31363
125	180	1.31747
126	47	1.18805
126	73	1.3301
126	89	1.3121
126	96	0.467677
126	108	0.610159
126	113	1.3244
126	118	0.535444
126	119	1.32982
126	122	1.38478
126	127	1.32319
126	131	1.35316
126	136	1.34047
126	140	1.39288
126	143	1.28958
126	147	1.2702
126	154	0.502461
126	155	1.28961
126	161	1.29556
126	162	1.32126
126	167	1.33417
126	168	0.543163
126	169	1.32069
126	170	0.46696
126	172	0.530967
126	174	0.516341
126	176	0.409948
126	178	0.519202
126	180	0.508095
127	6	1.2046
127	16	1.30656
127	26	0.615804
127	47	1.20361
127	66	1.28415
127	69	0.512355
127	101	0.531192
127	107	0.442122
127	110	1.39222
127	113	1.33996
127	117	1.33706
127	126	1.32319
127	131	1.36871
127	133	1.33151
127	136	1.35603
127	140	1.40843
127	143	1.30514
127	147	1.28575
127	150	0.510571
127	155	1.30516
127	156	0.520066
127	161	1.31111
127	162	1.33681
127	168	0.54218
127	171	0.500594
127	176	0.408965
127	178	0.518219
127	180	0.507112
128	5	1.34099
128	19	0.524254
128	27	1.3691
128	30	0.49631
128	31	0.591926
128	38	1.38154
128	51	1.2883
128	63	1.22872
128	77	1.26035
128	84	0.485182
128	90	0.521756
128	109	0.551382
128	120	1.29913
128	132	1.29417
128	138	0.499744
128	144	1.28942
128	145	1.24509
128	147	0.553134
128	151	1.27458
128	159	0.528208
128	161	0.530324
128	166	1.25396
128	167	0.512128
128	171	1.27941
128	175	1.2796
128	177	1.2859
128	178	1.26912
128	179	1.27839
128	180	1.28223
129	7	1.38985
129	59	0.435197
129	66	0.525635
129	79	1.33306
129	97	1.35656
129	113	0.504833
129	124	0.466963
129	134	0.486978
129	138	0.459436
129	139	1.32774
129	143	0.510666
129	148	0.482472
129	149	0.467232
129	150	1.35837
129	156	1.35178
129	158	0.489897
129	161	0.490016
129	167	0.471821
129	168	1.32653
129	170	1.45343
129	172	1.33928
129	173	1.36434
129	174	1.34748
129	175	1.34561
129	176	1.52631
129	177	1.35191
129	178	1.33513
129	179	1.3444
129	180	1.34824
130	4	1.34069
130	49	0.541846
130	84	0.496505
130	89	0.519556
130	92	0.560762
130	93	0.552437
130	94	1.24551
130	100	0.494205
130	108	1.23825
130	124	0.518593
130	131	0.50698
130	132	1.29639
130	137	1.30248
130	140	0.507425
130	143	0.562296
130	148	0.534102
130	156	1.28799
130	157	1.28143
130	164	1.30899
130	165	1.2828
130	166	1.25618
130	168	1.26274
130	170	1.38964
130	173	1.30056
130	175	1.28182
130	177	1.28812
130	178	1.27134
130	179	1.28061
130	180	1.28445
131	34	1.42575
131	35	0.573328
131	47	1.23357
131	69	0.466402
131	75	1.40812
131	87	1.3585
131	88	0.493748
131	96	0.420741
131	108	0.563222
131	117	1.36702
131	119	1.37534
131	126	1.35316
131	127	1.36871
131	130	0.50698
131	133	1.36147
131	136	1.38599
131	140	1.4384
131	143	1.3351
131	150	0.464617
131	155	1.33513
131	161	1.34108
131	162	1.36677
131	167	1.37969
131	169	1.36621
131	170	0.420024
131	172	0.48403
131	175	0.481647
131	177	0.471832
131	180	0.461158
132	20	0.416183
132	44	0.470637
132	57	0.651593
132	74	0.480379
132	78	0.508878
132	86	0.55107
132	98	0.50348
132	101	1.31947
132	110	0.48682
132	122	0.453514
132	128	1.29417
132	130	1.29639
132	149	0.480914
132	151	1.33534
132	154	1.35987
132	156	1.34653
132	159	0.501583
132	162	0.491435
132	163	1.32618
132	165	1.34134
132	166	1.31472
132	168	1.32128
132	169	1.34434
132	173	1.3591
132	174	1.34223
132	175	1.34036
132	177	1.34666
132	178	1.32988
132	179	1.33915
132	180	1.34299
133	6	1.19736
133	22	1.49355
133	45	0.563752
133	49	1.33843
133	85	0.553636
133	87	1.3213
133	89	1.32041
133	101	0.491319
133	108	0.569303
133	110	1.38498
133	117	1.32982
133	122	1.39309
133	125	0.485949
133	127	1.33151
133	131	1.36147
133	136	1.34879
133	143	1.2979
133	147	1.27851
133	152	0.469867
133	155	1.29792
133	161	1.30388
133	162	1.32957
133	164	0.469238
133	165	0.497495
133	167	1.34249
133	169	1.32901
133	175	0.487728
133	177	0.477912
133	179	0.47548
133	180	0.467239
134	4	1.35667
134	9	1.34917
134	28	1.23699
134	32	1.35954
134	64	1.24882
134	65	1.40334
134	67	0.537099
134	72	0.569641
134	91	1.38545
134	93	1.25663
134	102	1.29296
134	109	1.26049
134	111	1.25051
134	124	1.28712
134	129	0.486978
134	138	1.33145
134	141	1.27697
134	142	0.536451
134	146	1.28012
134	148	1.3268
134	149	1.31908
134	150	0.496246
134	152	0.495415
134	153	1.29349
134	157	0.498949
134	158	1.28441
134	162	0.596191
134	164	0.494786
134	174	0.501032
134	177	0.50346
134	180	0.492787
135	1	0.478967
135	18	0.493081
135	46	0.493575
135	55	0.541233
135	56	0.540647
135	60	1.29821
135	67	0.418188
135	78	0.494723
135	94	1.30682
135	102	0.510978
135	108	1.29956
135	118	1.35446
135	146	0.501231
135	151	1.33811
135	153	0.48555
135	156	1.3493
135	157	1.34274
135	159	0.487428
135	162	0.47728
135	163	1.32895
135	164	1.3703
135	165	1.34411
135	167	0.471347
135	168	1.32405
135	171	1.34294
135	173	1.36187
135	174	1.345
135	176	1.52383
135	177	1.34943
135	178	1.33265
135	179	1.34192
135	180	1.34576
136	16	1.32384
136	34	1.41307
136	66	1.30143
136	81	1.32654
136	87	1.34582
136	89	1.34493
136	108	0.583805
136	113	1.35724
136	116	0.504781
136	117	1.35434
136	122	1.41761
136	126	1.34047
136	127	1.35603
136	131	1.38599
136	133	1.34879
136	143	1.32242
136	147	1.30303
136	155	1.32244
136	156	0.494696
136	160	0.485273
136	161	1.32839
136	162	1.35409
136	164	0.48374
136	166	0.502435
136	168	0.516809
136	169	1.35353
136	175	0.50223
136	176	0.383594
136	177	0.492414
136	178	0.492848
136	179	0.489982
136	180	0.481741
137	2	0.467753
137	30	0.470113
137	31	0.565729
137	32	0.445085
137	39	0.486189
137	83	0.506922
137	84	0.458986
137	92	0.523243
137	96	1.41028
137	105	1.32403
137	108	1.30288
137	115	1.35228
137	122	0.453942
137	123	1.36289
137	130	1.30248
137	139	1.32859
137	140	0.469905
137	146	0.515815
137	147	0.526937
137	152	1.39306
137	154	1.36595
137	157	1.34606
137	161	0.504127
137	168	1.32737
137	171	1.34626
137	172	1.34012
137	173	1.36519
137	174	1.34832
137	175	1.34645
137	177	1.35275
137	178	1.33597
137	180	1.34908
138	9	1.41081
138	37	1.28281
138	42	1.3741
138	57	1.18349
138	64	1.31046
138	91	1.44709
138	92	1.32777
138	102	1.3546
138	108	0.567308
138	109	1.32213
138	115	0.513478
138	123	0.476479
138	124	1.34876
138	128	0.499744
138	129	0.459436
138	134	1.33145
138	139	0.481033
138	141	1.33861
138	146	1.34176
138	148	1.38844
138	149	1.38072
138	153	1.35513
138	154	1.37894
138	155	0.580014
138	158	1.34605
138	164	0.467244
138	167	1.37689
138	168	0.500313
138	169	0.489275
138	170	0.42411
138	174	0.47349
138	177	0.475918
139	51	0.525171
139	54	0.460717
139	78	0.516793
139	79	1.29538
139	82	1.28818
139	95	0.474269
139	98	0.511395
139	99	1.40185
139	120	0.502078
139	129	1.32774
139	137	1.32859
139	138	0.481033
139	141	0.537214
139	142	1.27116
139	143	0.532262
139	144	0.503383
139	147	0.534423
139	148	0.504068
139	151	1.30291
139	152	1.35453
139	156	1.3141
139	157	1.30753
139	159	0.509497
139	166	1.28228
139	168	1.28885
139	172	1.3016
139	174	1.3098
139	175	1.30793
139	176	1.48863
139	177	1.31423
139	178	1.29745
139	179	1.30672
