1	2	0.686169
1	25	0.752881
1	30	0.728924
1	44	0.712003
1	48	0.71196
1	49	0.71193
1	100	0.735119
1	124	0.712195
1	131	0.69536
1	143	0.754713
1	164	3.13784
1	177	3.95001
2	1	0.686169
2	18	0.671344
2	25	0.760922
2	30	0.736965
2	44	0.720044
2	48	0.720001
2	49	0.719971
2	124	0.720236
2	131	0.703401
2	143	0.762754
2	157	3.22848
2	165	3.85168
3	18	0.749582
3	30	0.815203
3	44	0.798282
3	48	0.798239
3	49	0.798209
3	93	3.82122
3	100	0.821398
3	120	2.39393
3	124	0.798475
3	131	0.781639
3	143	0.840992
3	171	2.01995
4	74	2.5935
4	88	0.369249
4	133	0.823289
4	158	0.730534
4	168	0.730814
4	170	0.71238
4	172	0.688296
4	173	0.682555
4	177	0.710258
4	178	0.715851
4	179	0.691856
4	180	0.711867
5	42	0.813469
5	60	0.806191
5	74	0.773684
5	78	0.825025
5	80	0.813678
5	81	0.813701
5	118	0.79553
5	124	0.811893
5	148	1.18921
5	154	3.97134
5	155	3.10392
5	176	0.748568
6	20	0.786707
6	35	0.777198
6	42	0.819156
6	74	0.779371
6	78	0.830712
6	80	0.819365
6	81	0.819388
6	124	0.81758
6	145	1.61263
6	165	2.47958
6	170	4.3668
6	176	0.754255
7	13	0.778548
7	15	0.672183
7	17	0.671539
7	24	0.686907
7	41	0.720877
7	70	0.746436
7	71	0.746395
7	86	0.710772
7	100	0.740611
7	139	0.726153
7	148	3.48638
7	171	3.54439
8	12	0.727674
8	27	0.752103
8	39	0.737667
8	45	0.723121
8	53	0.705909
8	62	0.69596
8	63	0.695912
8	65	0.757215
8	122	0.725104
8	131	2.89993
8	161	3.82634
8	164	0.683262
9	26	0.826913
9	29	0.741805
9	52	0.784282
9	55	0.786293
9	64	0.828604
9	68	3.62242
9	69	0.818955
9	72	0.80476
9	73	0.804777
9	75	0.804811
9	151	1.56147
9	160	2.94995
10	35	0.693687
10	42	0.735645
10	60	0.728368
10	74	0.695861
10	78	0.747201
10	80	0.735855
10	81	0.735877
10	118	0.717706
10	122	0.742425
10	142	3.53949
10	148	3.50833
10	176	0.670744
11	60	0.805277
11	74	0.77277
11	78	0.824111
11	80	0.812764
11	81	0.812787
11	85	2.34665
11	118	0.794616
11	122	0.819335
11	124	0.810979
11	133	1.51833
11	157	4.0264
11	176	0.747654
12	8	0.727674
12	53	0.746348
12	62	0.736399
12	63	0.73635
12	74	0.718979
12	80	0.758973
12	81	0.758995
12	111	3.57378
12	164	0.723701
12	176	0.693862
12	178	3.36129
13	7	0.778548
13	15	0.76162
13	16	0.758826
13	17	0.760976
13	23	0.843163
13	41	0.810314
13	70	0.835873
13	71	0.835832
13	85	1.15688
13	111	1.85647
13	139	0.81559
13	172	5.74444
14	28	0.754527
14	31	0.830124
14	33	0.754655
14	36	0.75462
14	46	0.809008
14	47	0.808904
14	127	0.734365
14	150	1.99342
14	151	0.803556
14	152	2.39083
14	159	4.44784
14	171	0.804803
14	174	0.747146
15	7	0.672183
15	13	0.76162
15	23	0.736798
15	24	0.669979
15	37	0.72297
15	41	0.703949
15	51	0.67619
15	70	0.729508
15	71	0.729467
15	86	0.693844
15	128	3.50453
15	130	4.16651
15	139	0.709225
16	13	0.758826
16	17	0.651816
16	23	0.734004
16	24	0.667185
16	37	0.720176
16	41	0.701155
16	70	0.726714
16	71	0.726672
16	86	0.69105
16	100	0.720888
16	109	3.2589
16	128	3.9631
16	139	0.706431
17	7	0.671539
17	13	0.760976
17	16	0.651816
17	23	0.736154
17	24	0.669335
17	37	0.722326
17	41	0.703305
17	70	0.728864
17	71	0.728822
17	100	0.723038
17	120	4.29821
17	133	2.81371
17	139	0.708581
18	2	0.671344
18	3	0.749582
18	25	0.738056
18	30	0.714099
18	44	0.697178
18	48	0.697136
18	49	0.697105
18	100	0.720294
18	106	3.9216
18	124	0.697371
18	131	0.680535
18	142	3.36379
18	143	0.739888
19	83	0.696795
19	85	0.735154
19	93	0.693628
19	123	3.70051
19	151	0.691199
19	158	0.646836
19	161	0.661521
19	169	0.61965
19	172	0.604598
19	175	0.591127
19	177	0.62656
19	179	0.608158
19	180	0.628169
20	6	0.786707
20	35	0.675007
20	60	0.709688
20	74	0.677181
20	78	0.728521
20	80	0.717175
20	81	0.717197
20	118	0.699026
20	122	0.723745
20	124	0.71539
20	153	2.8171
20	176	0.652065
20	180	4.72677
21	28	0.754728
21	33	0.754856
21	36	0.754821
21	40	0.830217
21	46	0.809209
21	47	0.809105
21	112	2.68461
21	127	0.734566
21	133	1.41701
21	151	0.803757
21	158	4.11432
21	171	0.805004
21	174	0.747347
22	27	0.733122
22	39	0.718686
22	45	0.70414
22	53	0.686928
22	61	0.807254
22	62	0.676979
22	63	0.676931
22	65	0.738234
22	86	0.690853
22	122	0.706124
22	135	2.34855
22	162	5.35455
22	164	0.664282
23	13	0.843163
23	15	0.736798
23	16	0.734004
23	17	0.736154
23	24	0.751522
23	37	0.804513
23	41	0.785492
23	70	0.811051
23	71	0.81101
23	131	1.73626
23	139	0.790768
23	162	4.18859
23	169	3.79273
24	7	0.686907
24	15	0.669979
24	16	0.667185
24	17	0.669335
24	23	0.751522
24	37	0.737694
24	41	0.718673
24	51	0.690914
24	70	0.744232
24	71	0.744191
24	127	4.5787
24	139	0.723949
24	160	3.04762
25	1	0.752881
25	2	0.760922
25	18	0.738056
25	30	0.803677
25	44	0.786756
25	48	0.786713
25	49	0.786683
25	77	1.73533
25	104	2.56359
25	124	0.786948
25	131	0.770113
25	143	0.829466
25	153	4.12221
26	9	0.826913
26	29	0.721508
26	32	0.785394
26	43	0.777765
26	50	0.772441
26	51	3.35987
26	66	0.813598
26	67	0.754084
26	72	0.784463
26	73	0.78448
26	75	0.784514
26	164	2.16507
26	180	3.52091
27	8	0.752103
27	22	0.733122
27	53	0.770776
27	61	0.891102
27	62	0.760828
27	63	0.760779
27	65	0.822082
27	86	0.774702
27	122	0.789972
27	128	1.46457
27	154	3.74885
27	164	0.74813
27	174	3.5559
28	14	0.754527
28	21	0.754728
28	31	0.731911
28	33	0.656441
28	36	0.656406
28	40	0.731802
28	46	0.710794
28	47	0.71069
28	101	3.96874
28	127	0.636151
28	151	0.705342
28	158	3.96889
28	171	0.706589
28	174	0.648932
29	9	0.741805
29	26	0.721508
29	43	0.692657
29	52	0.678877
29	54	0.682208
29	55	0.680888
29	66	0.72849
29	67	0.668975
29	69	0.713549
29	72	0.699354
29	73	0.699372
29	75	0.699406
29	176	4.31976
29	178	3.65213
30	1	0.728924
30	2	0.736965
30	3	0.815203
30	18	0.714099
30	25	0.803677
30	44	0.762799
30	48	0.762756
30	49	0.762726
30	124	0.762991
30	131	0.746156
30	140	2.09474
30	143	0.805509
30	146	4.64057
30	156	2.05679
31	14	0.830124
31	28	0.731911
31	33	0.732038
31	36	0.732003
31	40	0.807399
31	46	0.786391
31	47	0.786287
31	127	0.711748
31	151	0.78094
31	156	1.91528
31	159	2.89246
31	171	0.782187
31	172	5.57756
31	174	0.724529
32	26	0.785394
32	50	0.751219
32	54	0.746094
32	55	0.744774
32	64	0.787085
32	66	0.792376
32	67	0.732861
32	69	0.777435
32	72	0.76324
32	73	0.763258
32	75	0.763292
32	130	2.74858
32	138	2.18576
32	177	4.26704
33	14	0.754655
33	21	0.754856
33	28	0.656441
33	31	0.732038
33	36	0.656534
33	40	0.73193
33	46	0.710922
33	47	0.710818
33	127	0.636279
33	151	0.70547
33	171	0.706717
33	174	0.64906
33	178	2.7275
33	179	5.32062
34	58	0.774217
34	114	0.778181
34	118	0.767651
34	123	0.815226
34	126	0.772488
34	129	0.776022
34	136	0.765876
34	141	0.775559
34	147	0.784105
34	150	1.44827
34	160	1.39793
34	162	0.705431
34	173	6.65559
34	175	0.687997
35	6	0.777198
35	10	0.693687
35	20	0.675007
35	60	0.700178
35	74	0.667671
35	78	0.719012
35	80	0.707665
35	81	0.707688
35	118	0.689517
35	122	0.714236
35	124	0.70588
35	156	3.42381
35	161	4.25907
35	176	0.642555
36	14	0.75462
36	21	0.754821
36	28	0.656406
36	31	0.732003
36	33	0.656534
36	40	0.731894
36	46	0.710886
36	47	0.710782
36	127	0.636244
36	151	0.705435
36	153	3.9397
36	161	3.73173
36	171	0.706682
36	174	0.649025
37	15	0.72297
37	16	0.720176
37	17	0.722326
37	23	0.804513
37	24	0.737694
37	41	0.771664
37	70	0.797223
37	71	0.797182
37	86	0.761559
37	100	0.791398
37	139	0.77694
37	153	2.06339
37	163	3.01897
37	175	5.46229
38	98	1.71674
38	104	0.785683
38	143	1.74205
38	145	0.737718
38	150	0.743391
38	157	0.709333
38	159	0.685546
38	163	0.663921
38	165	0.697762
38	168	0.700028
38	173	0.65177
38	178	0.685066
38	179	0.661071
38	180	0.681082
39	8	0.737667
39	22	0.718686
39	45	0.773552
39	53	0.756341
39	61	0.876666
39	62	0.746392
39	63	0.746343
39	65	0.807646
39	97	0.731622
39	119	2.22679
39	122	0.775536
39	131	2.02349
39	164	0.733694
39	177	4.52387
40	21	0.830217
40	28	0.731802
40	31	0.807399
40	33	0.73193
40	36	0.731894
40	46	0.786282
40	47	0.786179
40	68	3.17758
40	127	0.71164
40	149	2.59128
40	151	0.780831
40	155	3.02552
40	171	0.782078
40	174	0.724421
41	7	0.720877
41	13	0.810314
41	15	0.703949
41	16	0.701155
41	17	0.703305
41	23	0.785492
41	24	0.718673
41	37	0.771664
41	70	0.778202
41	71	0.778161
41	100	0.772377
41	119	1.8374
41	139	0.757919
41	149	2.93666
41	176	4.60753
42	5	0.813469
42	6	0.819156
42	10	0.735645
42	60	0.742136
42	74	0.709629
42	78	0.76097
42	80	0.749623
42	81	0.749646
42	90	3.36054
42	107	3.64203
42	118	0.731475
42	122	0.756194
42	124	0.747838
42	134	2.11302
42	176	0.684513
43	26	0.777765
43	29	0.692657
43	52	0.735134
43	54	0.738466
43	55	0.737145
43	64	0.779456
43	66	0.784748
43	67	0.725233
43	69	0.769807
43	72	0.755612
43	73	0.755629
43	75	0.755664
43	134	1.76952
43	151	2.35704
43	177	5.02952
44	1	0.712003
44	2	0.720044
44	3	0.798282
44	18	0.697178
44	25	0.786756
44	30	0.762799
44	48	0.745835
44	49	0.745805
44	100	0.768994
44	124	0.74607
44	130	1.94418
44	131	0.729235
44	143	0.788588
44	157	2.23992
44	162	5.53062
45	8	0.723121
45	22	0.70414
45	39	0.773552
45	53	0.741795
45	61	0.86212
45	62	0.731846
45	63	0.731797
45	65	0.7931
45	86	0.74572
45	97	0.717076
45	122	0.76099
45	145	1.6195
45	164	0.719148
45	172	5.84919
45	180	2.487
46	14	0.809008
46	21	0.809209
46	28	0.710794
46	31	0.786391
46	33	0.710922
46	36	0.710886
46	40	0.786282
46	47	0.76517
46	93	2.43924
46	127	0.690632
46	150	2.0246
46	151	0.759823
46	162	5.32623
46	171	0.76107
46	174	0.703413
47	14	0.808904
47	21	0.809105
47	28	0.71069
47	31	0.786287
47	33	0.710818
47	36	0.710782
47	40	0.786179
47	46	0.76517
47	56	1.40097
47	127	0.690528
47	151	0.759719
47	160	2.74301
47	169	5.69912
47	171	0.760966
47	174	0.703309
48	1	0.71196
48	2	0.720001
48	3	0.798239
48	18	0.697136
48	25	0.786713
48	30	0.762756
48	44	0.745835
48	49	0.745762
48	100	0.768951
48	120	2.54085
48	124	0.746028
48	131	0.729192
48	143	0.788545
48	150	3.5535
48	161	3.21318
49	1	0.71193
49	2	0.719971
49	3	0.798209
49	18	0.697105
49	25	0.786683
49	30	0.762726
49	44	0.745805
49	48	0.745762
49	94	2.91076
49	100	0.768921
49	104	2.91998
49	119	3.54753
49	124	0.745997
49	131	0.729162
49	143	0.788515
50	26	0.772441
50	32	0.751219
50	52	0.72981
50	54	0.733142
50	55	0.731821
50	64	0.774132
50	66	0.779424
50	67	0.719909
50	69	0.764483
50	72	0.750288
50	73	0.750305
50	75	0.75034
50	117	2.79698
50	165	3.6062
50	168	2.90027
51	15	0.67619
51	24	0.690914
51	26	3.35987
51	70	0.750443
51	71	0.750402
51	86	0.71478
51	103	1.80491
51	106	0.703056
51	121	0.676857
51	139	0.73016
51	172	0.639148
51	173	0.633407
51	174	0.669338
51	177	0.66111
51	179	0.642708
51	180	0.662719
52	9	0.784282
52	29	0.678877
52	43	0.735134
52	50	0.72981
52	54	0.724685
52	55	0.723365
52	64	0.765676
52	66	0.770967
52	67	0.711452
52	69	0.756026
52	72	0.741831
52	73	0.741849
52	75	0.741883
52	102	3.37595
52	134	2.10898
52	168	4.06353
53	8	0.705909
53	12	0.746348
53	22	0.686928
53	27	0.770776
53	39	0.756341
53	45	0.741795
53	61	0.844908
53	62	0.714634
53	63	0.714586
53	65	0.775888
53	97	0.699864
53	122	0.743778
53	134	2.33283
53	145	4.12634
53	156	3.18359
53	164	0.701936
54	29	0.682208
54	32	0.746094
54	43	0.738466
54	50	0.733142
54	52	0.724685
54	55	0.726697
54	64	0.769008
54	66	0.774299
54	67	0.714784
54	69	0.759358
54	72	0.745163
54	73	0.745181
54	75	0.745215
54	131	2.84143
54	151	2.66934
54	160	4.05783
55	9	0.786293
55	29	0.680888
55	32	0.744774
55	43	0.737145
55	50	0.731821
55	52	0.723365
55	54	0.726697
55	64	0.767687
55	67	0.713464
55	69	0.758038
55	72	0.743843
55	73	0.74386
55	75	0.743895
55	112	3.60829
55	133	2.34069
55	151	3.39901
56	47	1.40097
56	98	0.468045
56	122	0.59022
56	127	0.787978
56	129	0.326331
56	152	0.83362
56	168	0.813086
56	169	0.785621
56	170	0.794653
56	171	0.858417
56	173	0.764828
56	174	0.800759
56	177	0.792531
56	178	0.798124
56	179	0.774129
56	180	0.79414
57	84	0.799469
57	99	0.723543
57	103	0.758497
57	105	0.75683
57	108	0.753847
57	114	0.741194
57	125	0.771486
57	126	0.735501
57	137	0.758971
57	141	0.738573
57	145	2.35299
57	147	0.747119
57	162	0.668444
57	168	2.51402
57	170	5.10717
57	175	0.65101
58	34	0.774217
58	77	2.00062
58	79	0.753111
58	98	0.765129
58	105	0.746268
58	107	0.707834
58	114	0.730632
58	115	0.75805
58	116	0.759865
58	125	0.760924
58	126	0.724939
58	137	0.748408
58	147	0.736557
58	151	3.08102
58	168	4.44804
58	175	0.640448
59	84	0.79225
59	103	0.751278
59	107	0.711178
59	114	0.733976
59	116	0.763209
59	123	0.771021
59	125	0.764267
59	127	3.16961
59	129	0.731817
59	132	0.729398
59	136	0.721671
59	137	0.751752
59	147	0.7399
59	167	3.48566
59	175	0.643792
59	180	3.4662
60	5	0.806191
60	10	0.728368
60	11	0.805277
60	20	0.709688
60	35	0.700178
60	42	0.742136
60	74	0.702352
60	78	0.753692
60	80	0.742346
60	81	0.742368
60	87	2.27139
60	102	3.95725
60	122	0.748916
60	124	0.740561
60	171	3.33
60	176	0.677236
61	22	0.807254
61	27	0.891102
61	39	0.876666
61	45	0.86212
61	53	0.844908
61	62	0.834959
61	63	0.834911
61	65	0.896214
61	86	0.848834
61	97	0.820189
61	122	0.864104
61	142	1.13624
61	153	1.4992
61	154	2.96903
61	159	4.08596
61	164	0.822262
61	177	2.86519
62	8	0.69596
62	12	0.736399
62	22	0.676979
62	27	0.760828
62	39	0.746392
62	45	0.731846
62	53	0.714634
62	61	0.834959
62	63	0.704637
62	65	0.765939
62	86	0.718559
62	97	0.689915
62	122	0.733829
62	128	1.36265
62	163	6.75691
62	164	0.691987
62	168	2.23765
63	8	0.695912
63	12	0.73635
63	22	0.676931
63	27	0.760779
63	39	0.746343
63	45	0.731797
63	53	0.714586
63	61	0.834911
63	62	0.704637
63	65	0.765891
63	83	1.84896
63	86	0.718511
63	97	0.689867
63	122	0.733781
63	140	1.72798
63	164	0.691939
63	179	6.49781
64	9	0.828604
64	32	0.787085
64	43	0.779456
64	50	0.774132
64	52	0.765676
64	54	0.769008
64	55	0.767687
64	66	0.815289
64	67	0.755775
64	69	0.800349
64	72	0.786154
64	73	0.786171
64	75	0.786205
64	82	1.94664
64	138	2.27248
64	172	4.98325
64	173	5.05104
65	8	0.757215
65	22	0.738234
65	27	0.822082
65	39	0.807646
65	45	0.7931
65	53	0.775888
65	61	0.896214
65	62	0.765939
65	63	0.765891
65	86	0.779814
65	93	2.13954
65	97	0.751169
65	122	0.795084
65	156	1.54204
65	164	0.753242
65	169	4.63068
65	180	3.50224
66	26	0.813598
66	29	0.72849
66	32	0.792376
66	43	0.784748
66	50	0.779424
66	52	0.770967
66	54	0.774299
66	64	0.815289
66	67	0.761066
66	69	0.80564
66	72	0.791445
66	73	0.791462
66	75	0.791497
66	97	2.79448
66	146	3.54944
66	152	2.53865
66	165	2.77537
67	26	0.754084
67	29	0.668975
67	32	0.732861
67	43	0.725233
67	50	0.719909
67	52	0.711452
67	54	0.714784
67	55	0.713464
67	64	0.755775
67	66	0.761066
67	69	0.746125
67	72	0.73193
67	73	0.731948
67	75	0.731982
67	157	2.52387
67	176	4.21965
67	178	3.55202
68	9	3.62242
68	40	3.17758
68	111	0.708197
68	113	0.682047
68	146	0.683965
68	148	0.763701
68	154	0.694247
68	157	0.697093
68	165	0.685522
68	167	0.675542
68	170	0.669355
68	172	0.64527
68	173	0.63953
68	177	0.667232
68	178	0.672826
68	179	0.648831
68	180	0.668842
69	9	0.818955
69	29	0.713549
69	32	0.777435
69	43	0.769807
69	50	0.764483
69	52	0.756026
69	54	0.759358
69	55	0.758038
69	64	0.800349
69	66	0.80564
69	67	0.746125
69	72	0.776504
69	73	0.776522
69	75	0.776556
69	138	1.26023
69	158	1.36681
69	170	2.59729
69	175	6.96672
70	7	0.746436
70	13	0.835873
70	15	0.729508
70	16	0.726714
70	17	0.728864
70	23	0.811051
70	24	0.744232
70	37	0.797223
70	41	0.778202
70	51	0.750443
70	71	0.80372
70	86	0.768097
70	100	0.797936
70	101	2.25488
70	130	1.77004
70	139	0.783478
70	164	2.47634
70	179	5.68705
71	7	0.746395
71	13	0.835832
71	15	0.729467
71	16	0.726672
71	17	0.728822
71	23	0.81101
71	24	0.744191
71	37	0.797182
71	41	0.778161
71	51	0.750402
71	70	0.80372
71	86	0.768056
71	100	0.797894
71	106	2.73228
71	107	3.09062
71	139	0.783437
71	142	2.17447
71	160	3.53762
72	9	0.80476
72	26	0.784463
72	29	0.699354
72	32	0.76324
72	43	0.755612
72	50	0.750288
72	52	0.741831
72	54	0.745163
72	55	0.743843
72	64	0.786154
72	66	0.791445
72	67	0.73193
72	69	0.776504
72	73	0.762327
72	75	0.762361
72	94	2.0645
72	107	3.26736
72	138	2.91706
72	168	3.69289
73	9	0.804777
73	26	0.78448
73	29	0.699372
73	32	0.763258
73	43	0.755629
73	50	0.750305
73	52	0.741849
73	54	0.745181
73	55	0.74386
73	64	0.786171
73	66	0.791462
73	67	0.731948
73	69	0.776522
73	72	0.762327
73	75	0.762378
73	135	1.81637
73	160	1.41612
73	170	2.62003
73	175	6.98946
74	4	2.5935
74	5	0.773684
74	6	0.779371
74	10	0.695861
74	11	0.77277
74	12	0.718979
74	20	0.677181
74	35	0.667671
74	42	0.709629
74	60	0.702352
74	78	0.721185
74	80	0.709839
74	81	0.709861
74	87	3.04578
74	109	3.84003
74	118	0.691691
74	122	0.716409
74	124	0.708054
74	176	0.644729
75	9	0.804811
75	26	0.784514
75	29	0.699406
75	32	0.763292
75	43	0.755664
75	50	0.75034
75	52	0.741883
75	54	0.745215
75	55	0.743895
75	64	0.786205
75	66	0.791497
75	67	0.731982
75	69	0.776556
75	72	0.762361
75	73	0.762378
75	90	2.39212
75	127	4.65169
75	149	3.20678
75	151	1.73212
76	95	0.70083
76	101	0.79868
76	105	0.0258982
76	108	1.75341
76	136	0.939372
76	142	0.833352
76	153	0.782922
76	155	0.764124
76	158	0.769314
76	159	0.755111
76	168	0.769593
76	169	0.742128
76	170	0.75116
76	172	0.727076
76	173	0.721335
76	177	0.749037
76	178	0.754631
76	179	0.730636
76	180	0.750647
77	25	1.73533
77	58	2.00062
77	89	0.725649
77	102	0.793458
77	130	0.81413
77	140	0.821142
77	144	0.772689
77	146	0.767672
77	147	1.0498
77	163	0.735387
77	169	0.744029
77	172	0.728977
77	173	0.723236
77	174	0.759168
77	176	0.748198
77	177	0.750939
77	178	0.756532
77	179	0.732537
77	180	0.752548
78	5	0.825025
78	6	0.830712
78	10	0.747201
78	11	0.824111
78	20	0.728521
78	35	0.719012
78	42	0.76097
78	60	0.753692
78	74	0.721185
78	80	0.761179
78	81	0.761202
78	94	1.51008
78	118	0.743031
78	122	0.76775
78	124	0.759394
78	161	2.02147
78	166	4.43512
78	167	4.15857
78	176	0.696069
79	58	0.753111
79	91	0.762209
79	98	0.791573
79	99	0.739424
79	108	0.769728
79	115	0.784493
79	125	0.787367
79	136	0.74477
79	137	0.774851
79	139	0.771375
79	141	0.754453
79	143	0.805426
79	147	0.763
79	148	2.20028
79	149	3.68076
79	153	0.736208
79	158	3.8451
79	171	2.2583
79	175	0.666891
80	5	0.813678
80	6	0.819365
80	10	0.735855
80	11	0.812764
80	12	0.758973
80	20	0.717175
80	35	0.707665
80	42	0.749623
80	60	0.742346
80	74	0.709839
80	78	0.761179
80	81	0.749855
80	118	0.731684
80	122	0.756403
80	124	0.748048
80	128	2.50515
80	157	3.46287
80	171	2.06531
80	176	0.684723
80	178	4.49101
81	5	0.813701
81	6	0.819388
81	10	0.735877
81	11	0.812787
81	12	0.758995
81	20	0.717197
81	35	0.707688
81	42	0.749646
81	60	0.742368
81	74	0.709861
81	78	0.761202
81	80	0.749855
81	85	2.88323
81	109	2.90107
81	110	2.75439
81	118	0.731707
81	122	0.756426
81	124	0.74807
81	140	3.41443
81	176	0.684745
82	64	1.94664
82	115	1.06805
82	118	1.33704
82	121	0.755563
82	130	0.803006
82	139	0.406123
82	144	0.761566
82	149	0.769413
82	155	0.754902
82	157	0.769677
82	165	0.758106
82	167	0.748126
82	168	0.760371
82	170	0.741938
82	172	0.717853
82	173	0.712113
82	177	0.739815
82	178	0.745409
82	179	0.721414
82	180	0.741425
83	19	0.696795
83	63	1.84896
83	89	2.22822
83	92	0.684166
83	98	1.75192
83	106	0.737275
83	138	0.782475
83	153	0.729213
83	160	0.740796
83	161	0.730289
83	162	0.677329
83	166	0.695714
83	169	0.688419
83	170	0.697451
83	173	0.667626
83	174	0.703557
83	177	0.695328
83	178	0.700922
83	179	0.676927
83	180	0.696938
84	57	0.799469
84	59	0.79225
84	89	0.79439
84	95	0.835976
84	99	0.775219
84	105	0.808506
84	112	1.35862
84	115	0.820288
84	116	0.822103
84	126	0.787177
84	129	0.790712
84	132	0.788293
84	136	0.780566
84	138	1.62452
84	141	0.790249
84	147	0.798795
84	152	1.91961
84	154	2.85969
84	162	0.72012
84	173	6.72952
84	175	0.702686
85	11	2.34665
85	13	1.15688
85	19	0.735154
85	81	2.88323
85	126	0.85168
85	135	0.777879
85	154	0.760703
85	156	0.818522
85	158	0.753964
85	159	0.739762
85	160	0.779155
85	163	0.718137
85	165	0.751978
85	169	0.726778
85	172	0.711726
85	173	0.705985
85	175	0.698255
85	177	0.733688
85	178	0.739282
85	179	0.715287
85	180	0.735298
86	7	0.710772
86	15	0.693844
86	16	0.69105
86	22	0.690853
86	27	0.774702
86	37	0.761559
86	45	0.74572
86	51	0.71478
86	61	0.848834
86	62	0.718559
86	63	0.718511
86	65	0.779814
86	70	0.768097
86	71	0.768056
86	96	4.35856
86	100	0.762272
86	133	1.68273
86	139	0.747814
86	150	3.27875
86	164	0.705862
86	178	4.31782
87	60	2.27139
87	74	3.04578
87	97	0.75011
87	111	0.766049
87	116	0.398296
87	117	0.749495
87	125	0.462305
87	133	0.838115
87	155	0.740171
87	158	0.74536
87	163	0.709533
87	165	0.743374
87	167	0.733394
87	169	0.718174
87	170	0.727207
87	171	0.79097
87	172	0.703122
87	173	0.697382
87	174	0.733313
87	178	0.730678
87	180	0.726694
88	4	0.369249
88	98	0.771152
88	99	0.719003
88	103	0.753956
88	105	0.75229
88	107	0.713856
88	115	0.764072
88	116	0.765887
88	123	0.7737
88	126	0.730961
88	129	0.734496
88	137	0.75443
88	139	0.750954
88	141	0.734033
88	143	0.785005
88	144	3.88184
88	147	0.742579
88	153	0.715788
88	155	3.73684
88	164	3.68825
88	175	0.64647
89	77	0.725649
89	83	2.22822
89	84	0.79439
89	105	0.751751
89	108	0.748768
89	115	0.763533
89	116	0.765348
89	118	0.725585
89	123	0.773161
89	125	0.766407
89	126	0.730422
89	129	0.733957
89	132	0.731538
89	137	0.753891
89	141	0.733494
89	143	0.784466
89	144	3.85995
89	147	0.74204
89	155	3.71495
89	162	0.663365
89	175	0.645931
90	42	3.36054
90	75	2.39212
90	91	0.739546
90	99	0.716761
90	124	1.03985
90	125	0.764704
90	126	0.728719
90	128	0.738316
90	129	0.732254
90	141	0.731791
90	146	0.696394
90	147	0.740337
90	155	0.694748
90	165	0.697951
90	169	0.672751
90	170	0.681784
90	175	0.644228
90	177	0.679661
90	179	0.66126
90	180	0.681271
91	79	0.762209
91	90	0.739546
91	95	0.782835
91	98	0.774227
91	114	0.739729
91	115	0.767147
91	116	0.768962
91	118	0.729199
91	123	0.776775
91	125	0.770021
91	126	0.734036
91	132	0.735152
91	136	0.727424
91	140	1.61304
91	141	0.737108
91	147	0.745654
91	148	1.24373
91	162	0.666979
91	163	5.95797
91	169	4.41628
91	175	0.649545
92	83	0.684166
92	103	6.76477
92	130	0.677122
92	140	0.684135
92	152	0.655021
92	153	0.647816
92	157	0.643793
92	159	0.620005
92	160	0.659399
92	163	0.59838
92	166	0.614317
92	168	0.634487
92	169	0.607022
92	170	0.616054
92	172	0.591969
92	174	0.62216
92	177	0.613931
92	178	0.619525
92	179	0.59553
92	180	0.615541
93	3	3.82122
93	19	0.693628
93	46	2.43924
93	65	2.13954
93	113	0.706976
93	121	0.707909
93	155	0.707249
93	156	0.776996
93	157	0.722023
93	158	0.712438
93	166	0.692547
93	167	0.700472
93	168	0.712718
93	169	0.685252
93	172	0.6702
93	173	0.664459
93	176	0.689421
93	177	0.692162
93	178	0.697756
93	179	0.673761
93	180	0.693772
94	49	2.91076
94	72	2.0645
94	78	1.51008
94	109	0.772609
94	139	0.748544
94	144	0.753005
94	149	0.760852
94	150	0.795173
94	157	0.761116
94	158	0.751531
94	160	0.776721
94	167	0.739565
94	172	0.709292
94	173	0.703552
94	174	0.739483
94	175	0.695821
94	176	0.728514
94	177	0.731254
94	178	0.736848
94	179	0.712853
94	180	0.732864
95	76	0.70083
95	84	0.835976
95	91	0.782835
95	99	0.76005
95	108	0.790354
95	110	1.51247
95	114	0.777701
95	115	0.805119
95	123	0.814747
95	125	0.807993
95	126	0.772008
95	129	0.775543
95	132	0.773124
95	136	0.765396
95	137	0.795477
95	141	0.77508
95	142	1.89666
95	147	0.783626
95	152	3.70755
95	162	0.704951
95	166	5.38348
95	175	0.687517
96	86	4.35856
96	107	0.675357
96	110	0.742666
96	111	0.684368
96	132	3.35979
96	152	0.684493
96	156	0.728238
96	159	0.649477
96	161	0.678364
96	166	0.643789
96	167	0.651713
96	168	0.663959
96	169	0.636493
96	170	0.645526
96	171	0.709289
96	172	0.621441
96	173	0.615701
96	175	0.60797
96	177	0.643403
96	178	0.648997
96	179	0.625002
96	180	0.645013
97	39	0.731622
97	45	0.717076
97	53	0.699864
97	61	0.820189
97	62	0.689915
97	63	0.689867
97	65	0.751169
97	66	2.79448
97	87	0.75011
97	99	2.56685
97	122	0.719059
97	123	0.673284
97	146	0.666852
97	154	0.677134
97	160	0.695586
97	163	0.634568
97	164	0.677217
97	168	0.670675
97	170	0.652242
97	177	0.650119
97	178	0.655713
97	180	0.651729
98	38	1.71674
98	56	0.468045
98	58	0.765129
98	79	0.791573
98	83	1.75192
98	88	0.771152
98	91	0.774227
98	99	0.751442
98	103	0.786395
98	108	0.781746
98	115	0.796511
98	123	0.806139
98	126	0.7634
98	129	0.766935
98	132	0.764516
98	137	0.786869
98	139	0.783393
98	141	0.766472
98	147	0.775018
98	152	3.16598
98	162	0.696343
98	175	0.678909
98	176	4.47528
99	57	0.723543
99	79	0.739424
99	84	0.775219
99	88	0.719003
99	90	0.716761
99	95	0.76005
99	97	2.56685
99	98	0.751442
99	114	0.716944
99	115	0.744362
99	116	0.746177
99	123	0.75399
99	125	0.747236
99	129	0.714786
99	132	0.712367
99	136	0.70464
99	137	0.734721
99	146	3.32181
99	147	0.722869
99	153	0.696078
99	154	3.2511
99	167	3.7104
99	175	0.62676
100	1	0.735119
100	3	0.821398
100	7	0.740611
100	16	0.720888
100	17	0.723038
100	18	0.720294
100	37	0.791398
100	41	0.772377
100	44	0.768994
100	48	0.768951
100	49	0.768921
100	70	0.797936
100	71	0.797894
100	86	0.762272
100	104	1.19012
100	124	0.769186
100	131	0.752351
100	135	3.17673
100	139	0.777652
100	142	1.46761
100	143	0.811704
100	170	5.40244
100	178	3.92017
101	28	3.96874
101	70	2.25488
101	76	0.79868
101	107	0.70669
101	129	1.70606
101	144	0.696487
101	146	0.691469
101	149	0.704334
101	150	0.738655
101	160	0.720203
101	161	0.709697
101	166	0.675122
101	167	0.683047
101	168	0.695292
101	172	0.652774
101	173	0.647034
101	174	0.682965
101	175	0.639303
101	176	0.671996
101	177	0.674736
101	178	0.68033
101	179	0.656335
101	180	0.676346
102	52	3.37595
102	60	3.95725
102	77	0.793458
102	113	0.682427
102	120	0.716192
102	124	1.0593
102	144	0.689363
102	146	0.684346
102	153	0.701497
102	156	0.752447
102	161	0.702574
102	163	0.652062
102	164	0.694711
102	166	0.667998
102	167	0.675923
102	168	0.688169
102	169	0.660703
102	170	0.669736
102	172	0.645651
102	176	0.664872
102	177	0.667613
102	178	0.673207
102	179	0.649212
102	180	0.669223
103	51	1.80491
103	57	0.758497
103	59	0.751278
103	88	0.753956
103	92	6.76477
103	98	0.786395
103	105	0.767534
103	108	0.76455
103	114	0.751898
103	116	0.781131
103	123	0.788944
103	125	0.782189
103	126	0.746205
103	129	0.74974
103	132	0.747321
103	136	0.739593
103	137	0.769674
103	140	1.6674
103	141	0.749276
103	143	0.800249
103	147	0.757823
103	156	1.49922
103	175	0.661714
103	177	2.02049
104	25	2.56359
104	38	0.785683
104	49	2.91998
104	100	1.19012
104	113	0.746119
104	124	0.127705
104	126	0.829541
104	138	0.818452
104	142	0.815619
104	152	0.772394
104	157	0.761166
104	160	0.776772
104	164	0.758403
104	165	0.749595
104	167	0.739615
104	168	0.75186
104	169	0.724395
104	170	0.733427
104	172	0.709343
104	173	0.703602
104	174	0.739533
104	177	0.731305
104	178	0.736898
104	179	0.712903
104	180	0.732914
105	57	0.75683
105	58	0.746268
105	76	0.0258982
105	84	0.808506
105	88	0.75229
105	89	0.751751
105	103	0.767534
105	108	0.762884
105	115	0.777649
105	123	0.787277
105	125	0.780523
105	126	0.744538
105	129	0.748073
105	132	0.745654
105	136	0.737927
105	137	0.768008
105	141	0.74761
105	142	1.22173
105	147	0.756156
105	153	0.729365
105	162	0.677481
105	166	4.70854
105	175	0.660047
105	176	4.34192
105	180	4.41254
106	18	3.9216
106	51	0.703056
106	71	2.73228
106	83	0.737275
106	142	0.751354
106	143	1.93821
106	144	0.688791
106	145	0.725286
106	150	0.730959
106	155	0.682127
106	161	0.702001
106	164	0.694138
106	165	0.68533
106	166	0.667426
106	167	0.675351
106	168	0.687596
106	169	0.66013
106	170	0.669163
106	172	0.645078
106	173	0.639338
106	177	0.66704
106	178	0.672634
106	179	0.648639
106	180	0.66865
107	42	3.64203
107	58	0.707834
107	59	0.711178
107	71	3.09062
107	72	3.26736
107	88	0.713856
107	96	0.675357
107	101	0.70669
107	123	0.748844
107	132	0.707221
107	136	0.699493
107	138	0.744194
107	141	0.709176
107	147	0.717723
107	159	0.663121
107	162	0.639048
107	165	0.675337
107	166	0.657432
107	169	0.650137
107	172	0.635085
107	175	0.621614
107	177	0.657047
107	178	0.66264
107	179	0.638645
107	180	0.658656
108	57	0.753847
108	76	1.75341
108	79	0.769728
108	89	0.748768
108	95	0.790354
108	98	0.781746
108	103	0.76455
108	105	0.762884
108	110	2.56505
108	114	0.747248
108	118	0.736718
108	125	0.77754
108	126	0.741555
108	129	0.74509
108	132	0.742671
108	134	2.33638
108	135	4.65835
108	136	0.734943
108	137	0.765024
108	139	0.761548
108	141	0.744627
108	147	0.753173
108	153	0.726382
108	171	2.97609
108	175	0.657064
109	16	3.2589
109	74	3.84003
109	81	2.90107
109	94	0.772609
109	113	0.681262
109	117	0.690859
109	121	0.682195
109	142	0.750762
109	152	0.707537
109	155	0.681535
109	159	0.672522
109	161	0.701409
109	164	0.693546
109	167	0.674758
109	168	0.687004
109	169	0.659538
109	170	0.668571
109	172	0.644486
109	173	0.638745
109	174	0.674677
109	176	0.663707
109	177	0.666448
109	178	0.672042
109	179	0.648047
109	180	0.668058
110	81	2.75439
110	95	1.51247
110	96	0.742666
110	108	2.56505
110	113	0.739171
110	121	0.740104
110	128	0.783011
110	132	0.48231
110	142	0.808671
110	143	0.996212
110	149	0.753954
110	152	0.765446
110	157	0.754218
110	158	0.744633
110	160	0.769824
110	163	0.708805
110	165	0.742647
110	167	0.732667
110	169	0.717447
110	170	0.726479
110	171	0.790242
110	173	0.696654
110	177	0.724356
110	178	0.72995
110	179	0.705955
110	180	0.725966
111	12	3.57378
111	13	1.85647
111	68	0.708197
111	87	0.766049
111	96	0.684368
111	114	3.75182
111	149	0.695657
111	152	0.707148
111	154	0.693073
111	155	0.681145
111	157	0.69592
111	159	0.672132
111	160	0.711526
111	163	0.650507
111	164	0.693157
111	167	0.674369
111	169	0.659149
111	170	0.668181
111	172	0.644097
111	173	0.638356
111	174	0.674287
111	175	0.630626
111	177	0.666059
111	178	0.671652
111	179	0.647657
111	180	0.667668
112	21	2.68461
112	55	3.60829
112	84	1.35862
112	113	0.707402
112	116	1.61399
112	117	0.716999
112	120	0.741167
112	135	0.736779
112	146	0.709321
112	148	0.789057
112	150	0.756506
112	152	0.733677
112	154	0.719603
112	155	0.707675
112	159	0.698662
112	161	0.727549
112	165	0.710878
112	168	0.713144
112	169	0.685678
112	172	0.670626
112	173	0.664885
112	175	0.657155
112	177	0.692588
112	178	0.698182
112	179	0.674187
112	180	0.694198
113	68	0.682047
113	93	0.706976
113	102	0.682427
113	104	0.746119
113	109	0.681262
113	110	0.739171
113	112	0.707402
113	115	2.94974
113	132	2.11906
113	140	0.710111
113	142	0.724222
113	143	2.63296
113	148	0.736377
113	150	0.703826
113	154	0.666923
113	161	0.674869
113	163	0.624356
113	165	0.658198
113	166	0.640293
113	169	0.632998
113	171	0.705794
113	172	0.617946
113	173	0.612205
113	177	0.639908
113	178	0.645501
113	179	0.621506
113	180	0.641517
114	34	0.778181
114	57	0.741194
114	58	0.730632
114	59	0.733976
114	91	0.739729
114	95	0.777701
114	99	0.716944
114	103	0.751898
114	108	0.747248
114	111	3.75182
114	115	0.762013
114	116	0.763829
114	119	1.43684
114	123	0.771641
114	125	0.764887
114	126	0.728903
114	132	0.730018
114	136	0.722291
114	137	0.752372
114	141	0.731974
114	147	0.74052
114	153	0.713729
114	160	2.44992
114	162	0.661846
114	167	4.29704
114	174	3.64479
114	175	0.644412
115	58	0.75805
115	79	0.784493
115	82	1.06805
115	84	0.820288
115	88	0.764072
115	89	0.763533
115	91	0.767147
115	95	0.805119
115	98	0.796511
115	99	0.744362
115	105	0.777649
115	113	2.94974
115	114	0.762013
115	121	3.78763
115	123	0.799059
115	125	0.792305
115	126	0.75632
115	132	0.757436
115	136	0.749708
115	139	0.776313
115	141	0.759392
115	145	2.87784
115	147	0.767938
115	153	0.741147
115	158	3.31083
115	162	0.689263
115	171	1.72403
115	175	0.671829
116	58	0.759865
116	59	0.763209
116	84	0.822103
116	87	0.398296
116	88	0.765887
116	89	0.765348
116	91	0.768962
116	99	0.746177
116	103	0.781131
116	112	1.61399
116	114	0.763829
116	118	0.753299
116	123	0.800874
116	125	0.79412
116	126	0.758136
116	129	0.76167
116	132	0.759251
116	136	0.751524
116	137	0.781605
116	141	0.761207
116	143	0.81218
116	145	2.61071
116	147	0.769753
116	162	0.691079
116	170	5.36488
116	171	1.4569
116	175	0.673644
116	180	4.62087
117	50	2.79698
117	87	0.749495
117	109	0.690859
117	112	0.716999
117	128	0.708159
117	130	0.712696
117	136	3.37359
117	138	0.736652
117	141	2.47113
117	144	0.671255
117	154	0.67652
117	155	0.664591
117	156	0.734339
117	161	0.684466
117	164	0.676603
117	166	0.64989
117	168	0.670061
117	169	0.642595
117	170	0.651627
117	171	0.715391
117	172	0.627543
117	173	0.621802
117	175	0.614072
117	177	0.649505
117	178	0.655098
117	179	0.631103
117	180	0.651114
118	5	0.79553
118	10	0.717706
118	11	0.794616
118	20	0.699026
118	34	0.767651
118	35	0.689517
118	42	0.731475
118	74	0.691691
118	78	0.743031
118	80	0.731684
118	81	0.731707
118	82	1.33704
118	89	0.725585
118	91	0.729199
118	108	0.736718
118	116	0.753299
118	120	2.36701
118	122	0.738255
118	129	0.721908
118	132	0.719489
118	136	0.711761
118	139	0.738365
118	147	0.729991
118	153	0.703199
118	165	4.01378
118	168	3.30785
118	175	0.633882
118	176	0.666574
118	180	5.15699
119	39	2.22679
119	41	1.8374
119	49	3.54753
119	114	1.43684
119	135	0.753495
119	139	1.38531
119	142	0.793618
119	144	0.731055
119	145	0.76755
119	148	0.805773
119	153	0.743189
119	156	0.794139
119	158	0.72958
119	161	0.744265
119	162	0.691305
119	163	0.693753
119	165	0.727594
119	166	0.70969
119	168	0.72986
119	169	0.702394
119	170	0.711427
119	172	0.687342
119	173	0.681602
119	175	0.673871
119	176	0.706564
119	177	0.709304
119	178	0.714898
119	179	0.690903
119	180	0.710914
120	3	2.39393
120	17	4.29821
120	48	2.54085
120	102	0.716192
120	112	0.741167
120	118	2.36701
120	130	0.736864
120	138	0.76082
120	145	0.731919
120	146	0.690406
120	148	0.770142
120	154	0.700688
120	155	0.68876
120	158	0.693949
120	159	0.679747
120	161	0.708634
120	166	0.674058
120	167	0.681983
120	168	0.694229
120	169	0.666763
120	170	0.675795
120	171	0.739559
120	172	0.651711
120	173	0.64597
120	176	0.670932
120	177	0.673673
120	178	0.679266
120	179	0.655271
120	180	0.675282
121	51	0.676857
121	82	0.755563
121	93	0.707909
121	109	0.682195
121	110	0.740104
121	115	3.78763
121	126	3.19748
121	129	2.183
121	130	0.704032
121	133	0.753872
121	134	0.726081
121	149	0.670439
121	157	0.670702
121	158	0.661117
121	159	0.646915
121	160	0.686308
121	161	0.675802
121	163	0.625289
121	164	0.667939
121	166	0.641226
121	167	0.649151
121	169	0.633931
121	170	0.642963
121	172	0.618879
121	173	0.613138
121	177	0.640841
121	178	0.646434
121	179	0.622439
121	180	0.64245
122	8	0.725104
122	10	0.742425
122	11	0.819335
122	20	0.723745
122	22	0.706124
122	27	0.789972
122	35	0.714236
122	39	0.775536
122	42	0.756194
122	45	0.76099
122	53	0.743778
122	56	0.59022
122	60	0.748916
122	61	0.864104
122	62	0.733829
122	63	0.733781
122	65	0.795084
122	74	0.716409
122	78	0.76775
122	80	0.756403
122	81	0.756426
122	97	0.719059
122	118	0.738255
122	148	1.4461
122	153	2.7584
122	156	1.71517
122	164	0.721132
122	171	1.50411
122	175	9.78153
122	176	0.691293
123	19	3.70051
123	34	0.815226
123	59	0.771021
123	88	0.7737
123	89	0.773161
123	91	0.776775
123	95	0.814747
123	97	0.673284
123	98	0.806139
123	99	0.75399
123	103	0.788944
123	105	0.787277
123	107	0.748844
123	114	0.771641
123	115	0.799059
123	116	0.800874
123	125	0.801933
123	126	0.765948
123	129	0.769483
123	132	0.767064
123	136	0.759337
123	137	0.789418
123	141	0.76902
123	143	0.819993
123	161	2.09465
123	162	0.698891
123	165	1.87022
123	170	2.54139
123	173	5.22737
123	175	0.681457
123	179	3.65224
124	1	0.712195
124	2	0.720236
124	3	0.798475
124	5	0.811893
124	6	0.81758
124	11	0.810979
124	18	0.697371
124	20	0.71539
124	25	0.786948
124	30	0.762991
124	35	0.70588
124	42	0.747838
124	44	0.74607
124	48	0.746028
124	49	0.745997
124	60	0.740561
124	74	0.708054
124	78	0.759394
124	80	0.748048
124	81	0.74807
124	90	1.03985
124	100	0.769186
124	102	1.0593
124	104	0.127705
124	131	0.729427
124	143	0.78878
124	159	4.2731
124	163	6.26614
124	174	2.96321
124	176	0.682938
125	57	0.771486
125	58	0.760924
125	59	0.764267
125	79	0.787367
125	87	0.462305
125	89	0.766407
125	90	0.764704
125	91	0.770021
125	95	0.807993
125	99	0.747236
125	103	0.782189
125	105	0.780523
125	108	0.77754
125	114	0.764887
125	115	0.792305
125	116	0.79412
125	123	0.801933
125	126	0.759194
125	129	0.762729
125	132	0.76031
125	136	0.752582
125	137	0.782663
125	141	0.762266
125	144	3.52262
125	147	0.770812
125	153	0.744021
125	157	2.91847
125	168	2.83575
125	171	1.52091
125	174	4.05208
125	175	0.674703
125	177	4.1412
126	34	0.772488
126	57	0.735501
126	58	0.724939
126	84	0.787177
126	85	0.85168
126	88	0.730961
126	89	0.730422
126	90	0.728719
126	91	0.734036
126	95	0.772008
126	98	0.7634
126	103	0.746205
126	104	0.829541
126	105	0.744538
126	108	0.741555
126	114	0.728903
126	115	0.75632
126	116	0.758136
126	121	3.19748
126	123	0.765948
126	125	0.759194
126	129	0.726745
126	132	0.724326
126	136	0.716598
126	137	0.746679
126	141	0.726281
126	144	3.13559
126	147	0.734827
126	153	0.708036
126	164	2.94199
126	169	5.42628
126	175	0.638719
127	14	0.734365
127	21	0.734566
127	24	4.5787
127	28	0.636151
127	31	0.711748
127	33	0.636279
127	36	0.636244
127	40	0.71164
127	46	0.690632
127	47	0.690528
127	56	0.787978
127	59	3.16961
127	75	4.65169
127	142	0.704855
127	148	0.71701
127	149	0.650139
127	151	0.68518
127	156	0.705376
127	159	0.626615
127	160	0.666008
127	165	0.638831
127	166	0.620927
127	167	0.628852
127	169	0.613631
127	170	0.622664
127	171	0.686427
127	173	0.592839
127	174	0.62877
127	177	0.620541
127	179	0.60214
127	180	0.622151
128	15	3.50453
128	16	3.9631
128	27	1.46457
128	62	1.36265
128	80	2.50515
128	90	0.738316
128	110	0.783011
128	117	0.708159
128	130	0.746939
128	133	0.796779
128	145	0.741994
128	146	0.700481
128	149	0.713346
128	150	0.747667
128	155	0.698835
128	156	0.768583
128	157	0.713609
128	158	0.704024
128	160	0.729215
128	161	0.718709
128	165	0.702038
128	166	0.684134
128	167	0.692058
128	169	0.676838
128	170	0.685871
128	171	0.749634
128	172	0.661786
128	173	0.656046
128	175	0.648315
128	178	0.689342
128	179	0.665347
128	180	0.685358
129	34	0.776022
129	56	0.326331
129	59	0.731817
129	84	0.790712
129	88	0.734496
129	89	0.733957
129	90	0.732254
129	95	0.775543
129	98	0.766935
129	99	0.714786
129	101	1.70606
129	103	0.74974
129	105	0.748073
129	108	0.74509
129	116	0.76167
129	118	0.721908
129	121	2.183
129	123	0.769483
129	125	0.762729
129	126	0.726745
129	132	0.72786
129	136	0.720133
129	137	0.750214
129	141	0.729816
129	143	0.780789
129	147	0.738362
129	153	0.711571
129	162	0.659687
129	167	3.30282
129	172	6.64556
129	175	0.642253
129	178	2.54511
130	15	4.16651
130	32	2.74858
130	44	1.94418
130	70	1.77004
130	77	0.81413
130	82	0.803006
130	92	0.677122
130	117	0.712696
130	120	0.736864
130	121	0.704032
130	128	0.746939
130	137	0.444336
130	145	0.74653
130	148	0.784753
130	149	0.717882
130	152	0.729374
130	156	0.773119
130	157	0.718146
130	158	0.708561
130	159	0.694358
130	163	0.672733
130	165	0.706575
130	167	0.696595
130	168	0.70884
130	170	0.690407
130	172	0.666323
130	173	0.660582
130	176	0.685544
130	177	0.688284
130	179	0.669883
130	180	0.689894
131	1	0.69536
131	2	0.703401
131	3	0.781639
131	8	2.89993
131	18	0.680535
131	23	1.73626
131	25	0.770113
131	30	0.746156
131	39	2.02349
131	44	0.729235
131	48	0.729192
131	49	0.729162
131	54	2.84143
131	100	0.752351
131	124	0.729427
131	136	2.28195
131	142	0.753157
131	143	0.771945
131	144	0.690593
131	145	0.727088
131	148	0.765311
131	154	0.695857
131	160	0.71431
131	161	0.703804
131	163	0.653291
131	166	0.669228
131	169	0.661933
131	170	0.670965
131	176	0.666102
131	177	0.668843
131	178	0.674436
131	180	0.670452
132	59	0.729398
132	84	0.788293
132	89	0.731538
132	91	0.735152
132	95	0.773124
132	96	3.35979
132	98	0.764516
132	99	0.712367
132	103	0.747321
132	105	0.745654
132	107	0.707221
132	108	0.742671
132	110	0.48231
132	113	2.11906
132	114	0.730018
132	115	0.757436
132	116	0.759251
132	118	0.719489
132	123	0.767064
132	125	0.76031
132	126	0.724326
132	129	0.72786
132	136	0.717714
132	137	0.747795
132	139	0.744318
132	141	0.727397
132	146	3.68818
132	147	0.735943
132	152	2.67739
132	153	0.709152
132	162	0.657268
132	166	4.35331
132	175	0.639834
133	4	0.823289
133	11	1.51833
133	17	2.81371
133	21	1.41701
133	55	2.34069
133	86	1.68273
133	87	0.838115
133	121	0.753872
133	128	0.796779
133	134	0.823365
133	143	0.296735
133	145	0.79637
133	147	1.07188
133	149	0.767723
133	153	0.772009
133	157	0.767986
133	159	0.744198
133	160	0.783592
133	161	0.773086
133	163	0.722573
133	165	0.756415
133	166	0.73851
133	167	0.746435
133	168	0.75868
133	169	0.731215
133	171	0.804011
133	172	0.716163
133	173	0.710422
133	176	0.735384
133	177	0.738125
133	178	0.743718
133	179	0.719723
133	180	0.739734
134	42	2.11302
134	43	1.76952
134	52	2.10898
134	53	2.33283
134	108	2.33638
134	121	0.726081
134	133	0.823365
134	135	0.754525
134	136	1.52234
134	140	0.780538
134	142	0.794648
134	148	0.806803
134	150	0.774253
134	152	0.751424
134	154	0.737349
