1	6	1.03859
1	8	1.0379
1	20	1.01877
1	28	1.12579
1	29	1.01838
1	32	1.12587
1	33	1.09873
1	37	1.09866
1	162	0.855941
1	171	1.2533
1	175	0.914332
1	176	1.05743
2	43	0.928264
2	66	0.690314
2	70	0.973516
2	105	1.19957
2	116	0.919492
2	137	0.962476
2	150	1.03275
2	166	0.984658
2	169	0.985637
2	178	0.962995
2	179	0.972898
2	180	0.877117
3	6	1.03859
3	8	1.0379
3	20	1.01877
3	28	1.12579
3	29	1.01838
3	32	1.12587
3	33	1.09873
3	37	1.09866
3	62	1.42755
3	150	0.730896
3	175	0.785832
3	176	1.05743
4	43	1.02866
4	84	0.73965
4	102	0.9222
4	104	1.08492
4	136	0.207815
4	152	1.08763
4	164	1.0746
4	169	1.08604
4	175	1.10954
4	178	1.0634
4	179	1.0733
4	180	0.977518
5	10	0.965724
5	36	0.997103
5	38	1.0061
5	48	0.970939
5	60	0.95818
5	74	1.02435
5	135	1.00247
5	138	1.27135
5	148	0.955112
5	171	1.62274
5	173	0.89046
5	177	0.880922
6	1	1.03859
6	3	1.03859
6	8	0.907091
6	20	0.887958
6	28	0.994976
6	29	0.887569
6	32	0.995062
6	33	0.967918
6	37	0.967846
6	166	1.0253
6	173	1.88098
6	176	0.92662
7	11	1.03271
7	13	0.913831
7	14	0.912717
7	16	0.918953
7	17	0.900254
7	18	0.900577
7	23	1.00366
7	24	1.00396
7	27	1.00435
7	55	1.03673
7	157	1.56062
7	167	1.19334
8	1	1.0379
8	3	1.0379
8	6	0.907091
8	20	0.887273
8	28	0.994291
8	29	0.886884
8	32	0.994377
8	33	0.967233
8	37	0.967161
8	153	1.44428
8	176	0.925935
8	178	1.39558
9	34	0.94364
9	122	1.15882
9	149	0.971965
9	164	0.975203
9	165	0.966174
9	166	0.985666
9	167	0.976317
9	168	0.957701
9	172	0.935596
9	178	0.964004
9	179	0.973907
9	180	0.878125
10	5	0.965724
10	36	1.02364
10	38	1.03264
10	48	0.997481
10	60	0.984722
10	74	1.05089
10	75	1.40898
10	148	0.981654
10	167	1.2005
10	173	0.917002
10	177	0.907464
11	7	1.03271
11	13	1.03007
11	14	1.02895
11	17	1.01649
11	18	1.01681
11	23	1.1199
11	24	1.12019
11	27	1.12059
11	55	1.15297
11	146	1.16975
11	152	0.674332
11	172	1.15083
12	64	0.947826
12	107	0.926567
12	120	1.06632
12	125	1.06463
12	127	1.0923
12	128	1.09242
12	140	1.06257
12	143	1.08011
12	161	1.09711
12	163	0.752326
12	170	1.09395
12	172	1.2993
13	7	0.913831
13	11	1.03007
13	14	0.910079
13	17	0.897615
13	18	0.897938
13	23	1.00102
13	24	1.00132
13	27	1.00171
13	55	1.03409
13	73	0.936542
13	156	1.54261
13	171	1.36485
14	7	0.912717
14	11	1.02895
14	13	0.910079
14	17	0.896502
14	18	0.896825
14	23	0.999907
14	24	1.00021
14	27	1.0006
14	55	1.03298
14	73	0.935428
14	129	1.4363
14	171	1.42464
15	136	2.40282
15	137	0.858473
15	139	0.917821
15	151	0.858806
15	160	0.885816
15	162	0.88341
15	163	0.902716
15	165	0.861162
15	174	0.819913
15	175	0.90514
15	178	0.858992
15	179	0.868895
15	180	0.773113
16	7	0.918953
16	17	0.902737
16	37	1.11146
16	55	1.03922
16	67	1.14028
16	105	0.956926
16	114	0.920533
16	115	0.966423
16	118	0.962842
16	167	0.952638
16	175	0.986473
16	178	0.940326
16	180	0.854447
17	7	0.900254
17	11	1.01649
17	13	0.897615
17	14	0.896502
17	16	0.902737
17	18	0.884361
17	23	0.987444
17	24	0.987743
17	27	0.988137
17	55	1.02052
17	73	0.922965
17	164	1.57712
17	167	1.44324
18	7	0.900577
18	11	1.01681
18	13	0.897938
18	14	0.896825
18	17	0.884361
18	23	0.987767
18	24	0.988066
18	27	0.988461
18	55	1.02084
18	73	0.923288
18	97	0.753858
18	101	0.885466
18	177	2.35681
19	35	0.995758
19	57	1.06753
19	58	1.06653
19	67	1.0285
19	68	1.02746
19	71	1.02762
19	72	1.10868
19	76	1.08679
19	93	1.06844
19	171	1.00258
19	173	1.6651
19	176	0.736527
19	179	0.927953
20	1	1.01877
20	3	1.01877
20	6	0.887958
20	8	0.887273
20	28	0.975158
20	29	0.867751
20	32	0.975244
20	33	0.9481
20	37	0.948028
20	84	0.963036
20	145	1.58626
20	169	1.4512
20	176	0.906802
21	31	1.05892
21	96	1.04795
21	116	1.61877
21	117	1.04911
21	119	1.0463
21	124	1.02149
21	138	0.8467
21	140	1.02167
21	141	1.05881
21	143	1.03921
21	169	0.833944
21	170	1.05304
21	176	1.01599
22	30	0.979379
22	44	1.04071
22	49	1.04098
22	52	1.03638
22	61	1.10217
22	78	1.06537
22	86	1.04943
22	88	1.04905
22	104	1.09628
22	132	1.03063
22	155	1.05868
22	158	0.89512
22	178	1.22864
23	7	1.00366
23	11	1.1199
23	13	1.00102
23	14	0.999907
23	17	0.987444
23	18	0.987767
23	24	1.09115
23	27	1.09154
23	55	1.12392
23	101	0.988548
23	150	0.925927
23	164	1.02854
23	171	1.31983
24	7	1.00396
24	11	1.12019
24	13	1.00132
24	14	1.00021
24	17	0.987743
24	18	0.988066
24	23	1.09115
24	27	1.09184
24	55	1.12422
24	101	0.988847
24	175	0.384374
24	177	1.35817
24	180	1.85643
25	64	0.843734
25	81	0.860344
25	111	0.984109
25	124	1.18288
25	150	1.02942
25	153	0.960074
25	162	0.984088
25	169	0.982312
25	174	0.920592
25	175	1.00582
25	178	0.95967
25	179	0.969573
25	180	0.873792
26	46	0.893382
26	106	0.583137
26	107	1.04947
26	110	0.611506
26	160	1.06402
26	164	1.04839
26	165	1.03937
26	169	1.05984
26	172	1.00879
26	175	1.08334
26	178	1.0372
26	179	1.0471
26	180	0.951317
27	7	1.00435
27	11	1.12059
27	13	1.00171
27	14	1.0006
27	17	0.988137
27	18	0.988461
27	23	1.09154
27	24	1.09184
27	43	0.972899
27	55	1.12462
27	101	0.989242
27	144	1.13555
27	177	1.35494
28	1	1.12579
28	3	1.12579
28	6	0.994976
28	8	0.994291
28	20	0.975158
28	29	0.974768
28	32	1.08226
28	33	1.05512
28	37	1.05505
28	70	0.867027
28	116	1.61191
28	163	0.718627
28	176	1.01382
29	1	1.01838
29	3	1.01838
29	6	0.887569
29	8	0.886884
29	20	0.867751
29	28	0.974768
29	32	0.974854
29	33	0.94771
29	37	0.947638
29	45	1.51733
29	84	0.962647
29	152	1.58576
29	176	0.906412
30	22	0.979379
30	44	0.938936
30	49	0.939209
30	52	0.934612
30	54	0.937653
30	56	0.920282
30	61	1.0004
30	78	0.963596
30	86	0.947653
30	88	0.947276
30	97	1.3288
30	155	0.956904
30	176	1.68692
31	21	1.05892
31	69	1.06038
31	92	1.0448
31	117	1.02153
31	127	1.02381
31	142	1.02158
31	143	1.01163
31	147	1.0231
31	158	1.04077
31	169	1.16614
31	170	1.02546
31	173	0.936537
31	175	1.19133
31	176	0.9884
32	1	1.12587
32	3	1.12587
32	6	0.995062
32	8	0.994377
32	20	0.975244
32	28	1.08226
32	29	0.974854
32	33	1.0552
32	37	1.05513
32	109	1.00397
32	160	1.13338
32	162	1.06205
32	176	1.01391
33	1	1.09873
33	3	1.09873
33	6	0.967918
33	8	0.967233
33	20	0.9481
33	28	1.05512
33	29	0.94771
33	32	1.0552
33	37	1.02799
33	84	1.043
33	138	0.507653
33	173	1.14481
33	176	0.986762
33	180	1.95933
34	9	0.94364
34	75	1.26351
34	83	1.02299
34	122	0.982974
34	126	1.05062
34	128	1.01732
34	132	0.999108
34	134	0.989772
34	136	1.08708
34	139	0.973396
34	143	1.00502
34	147	1.01649
34	161	1.02202
34	170	1.01885
35	19	0.995758
35	57	0.949873
35	58	0.948869
35	67	0.910839
35	68	0.909804
35	71	0.909964
35	72	0.991019
35	76	0.969132
35	93	0.950786
35	155	0.957152
35	157	0.879856
35	163	1.54744
35	171	0.884922
35	176	1.64944
36	5	0.997103
36	10	1.02364
36	38	1.06402
36	48	1.02886
36	60	1.0161
36	74	1.08227
36	113	1.05933
36	135	1.06039
36	148	1.01303
36	163	0.921053
36	165	1.26643
36	173	0.948381
36	177	0.938843
36	179	1.21449
37	1	1.09866
37	3	1.09866
37	6	0.967846
37	8	0.967161
37	16	1.11146
37	20	0.948028
37	28	1.05505
37	29	0.947638
37	32	1.05513
37	33	1.02799
37	84	1.04292
37	166	0.978883
37	168	1.12348
37	176	0.98669
38	5	1.0061
38	10	1.03264
38	36	1.06402
38	48	1.03786
38	53	0.930622
38	60	1.0251
38	62	0.965452
38	74	1.09126
38	135	1.06938
38	148	1.02203
38	159	1.49658
38	164	1.01905
38	173	0.957377
38	177	0.947839
39	65	1.02374
39	99	1.03191
39	110	1.06404
39	124	1.01629
39	128	1.04631
39	141	1.05361
39	157	0.978858
39	160	1.10224
39	161	1.05101
39	165	1.30103
39	167	1.00309
39	170	1.04784
39	173	0.958921
39	177	0.949383
40	44	1.01448
40	49	1.01476
40	52	1.01016
40	54	1.0132
40	56	0.995831
40	61	1.07595
40	78	1.03914
40	86	1.0232
40	88	1.02282
40	132	1.0044
40	135	1.04723
40	159	1.50398
40	169	0.953587
40	175	0.97877
41	72	0.620142
41	107	1.03418
41	119	0.884475
41	133	0.772515
41	146	0.99424
41	154	1.06141
41	160	1.04873
41	166	1.04357
41	172	0.993495
41	173	0.963164
41	175	1.06805
41	178	1.0219
41	179	1.03181
41	180	0.936025
42	71	0.998985
42	76	1.05815
42	90	0.905831
42	93	1.03981
42	106	1.0204
42	114	0.987887
42	115	1.03378
42	118	1.0302
42	134	1.00879
42	139	0.92555
42	140	1.00649
42	146	1.52563
42	170	1.03786
42	171	0.973943
43	2	0.928264
43	4	1.02866
43	27	0.972899
43	95	1.52332
43	145	0.9094
43	156	0.915175
43	158	0.957438
43	166	0.946146
43	167	0.936796
43	172	0.896076
43	175	0.970631
43	178	0.924484
43	179	0.934387
43	180	0.838605
44	22	1.04071
44	30	0.938936
44	40	1.01448
44	49	1.00054
44	52	0.995942
44	54	0.998983
44	56	0.981613
44	59	1.04191
44	61	1.06173
44	78	1.02493
44	86	1.00898
44	88	1.00861
44	104	1.15763
44	132	0.990184
44	157	1.3881
45	29	1.51733
45	93	0.0432104
45	103	0.83022
45	144	0.947902
45	145	0.993803
45	146	0.981223
45	160	1.03571
45	166	1.03055
45	168	1.00258
45	169	1.03153
45	174	0.969807
45	175	1.05503
45	178	1.00889
45	179	1.01879
45	180	0.923007
46	26	0.893382
46	83	1.02898
46	110	1.04104
46	121	1.00646
46	124	0.993284
46	126	1.05661
46	127	1.02319
46	135	1.12804
46	140	0.993465
46	142	1.02096
46	158	1.32308
46	170	1.02484
46	171	0.960918
46	173	0.935916
46	177	0.926378
47	115	0.846137
47	133	0.947493
47	146	0.972136
47	154	1.03931
47	159	0.974507
47	161	0.676912
47	163	1.04352
47	167	1.01211
47	168	0.993496
47	169	1.02244
47	174	0.96072
47	175	1.04595
47	178	0.999799
47	179	1.0097
47	180	0.91392
48	5	0.970939
48	10	0.997481
48	36	1.02886
48	38	1.03786
48	60	0.989938
48	74	1.0561
48	82	1.11429
48	84	1.03031
48	113	1.03317
48	135	1.03422
48	137	1.09039
48	148	0.98687
48	173	0.922217
48	174	1.44063
48	177	0.912679
49	22	1.04098
49	30	0.939209
49	40	1.01476
49	44	1.00054
49	54	0.999256
49	56	0.981885
49	78	1.0252
49	86	1.00926
49	88	1.00888
49	91	0.962033
49	97	0.935625
49	101	0.943529
49	135	1.03328
49	155	1.01851
49	157	1.60646
50	77	1.0344
50	87	1.03293
50	95	0.999665
50	98	1.0321
50	100	0.997715
50	102	0.982616
50	103	0.982266
50	105	0.999548
50	106	0.995671
50	114	0.963154
50	115	1.00904
50	118	1.00546
50	168	0.910256
50	177	1.93761
50	179	0.884201
51	100	0.876432
51	143	1.62787
51	146	0.902592
51	151	0.930069
51	154	0.969764
51	159	0.904963
51	165	0.932425
51	166	0.951917
51	169	0.952897
51	174	0.891176
51	175	0.976403
51	177	0.861978
51	178	0.930255
51	179	0.940158
51	180	0.844376
52	22	1.03638
52	30	0.934612
52	40	1.01016
52	44	0.995942
52	54	0.994658
52	56	0.977288
52	61	1.0574
52	78	1.0206
52	86	1.00466
52	88	1.00428
52	109	1.02695
52	132	0.985859
52	155	1.01391
52	163	1.00978
52	172	1.55676
53	38	0.930622
53	79	0.82941
53	123	1.06852
53	126	0.84791
53	151	1.00261
53	159	0.977502
53	162	1.02721
53	166	1.02446
53	167	1.01511
53	168	0.996491
53	172	0.974386
53	174	0.963715
53	178	1.00279
53	179	1.0127
53	180	0.916915
54	30	0.937653
54	40	1.0132
54	44	0.998983
54	49	0.999256
54	52	0.994658
54	56	0.980329
54	61	1.06044
54	64	3.2
54	78	1.02364
54	86	1.0077
54	88	1.00732
54	132	0.988901
54	155	1.01695
54	156	0.487978
54	178	0.442555
55	7	1.03673
55	11	1.15297
55	13	1.03409
55	14	1.03298
55	16	1.03922
55	17	1.02052
55	18	1.02084
55	23	1.12392
55	24	1.12422
55	27	1.12462
55	73	1.05944
55	101	1.02162
55	109	0.49671
55	139	0.445353
55	179	0.772975
55	180	2.32464
56	30	0.920282
56	40	0.995831
56	44	0.981613
56	49	0.981885
56	52	0.977288
56	54	0.980329
56	61	1.04307
56	78	1.00627
56	86	0.990329
56	88	0.989952
56	101	0.924603
56	135	1.01435
56	137	1.41573
56	155	0.99958
56	176	1.10206
56	178	1.31667
57	19	1.06753
57	35	0.949873
57	58	1.02064
57	67	0.982611
57	68	0.981576
57	71	0.981735
57	72	1.06279
57	76	1.0409
57	93	1.02256
57	148	1.04279
57	149	0.793306
57	155	1.02892
57	157	0.951628
57	171	0.956694
57	177	1.93325
58	19	1.06653
58	35	0.948869
58	57	1.02064
58	67	0.981607
58	68	0.980572
58	71	0.980732
58	72	1.06179
58	73	1.17466
58	76	1.0399
58	93	1.02155
58	149	1.27572
58	155	1.02792
58	157	0.950624
58	171	0.95569
58	176	1.17084
59	44	1.04191
59	61	0.699804
59	127	1.03243
59	152	1.00142
59	158	1.01014
59	160	1.00401
59	162	1.0016
59	163	1.02091
59	168	0.970883
59	169	0.999828
59	172	0.948778
59	174	0.938108
59	175	1.02333
59	178	0.977186
59	179	0.987089
59	180	0.891308
60	5	0.95818
60	10	0.984722
60	36	1.0161
60	38	1.0251
60	48	0.989938
60	62	0.917533
60	74	1.04335
60	84	1.01756
60	108	1.17722
60	113	1.02041
60	135	1.02146
60	144	1.82634
60	148	0.974111
60	154	0.778646
60	173	0.909458
60	177	0.89992
61	22	1.10217
61	30	1.0004
61	40	1.07595
61	44	1.06173
61	52	1.0574
61	54	1.06044
61	56	1.04307
61	59	0.699804
61	78	1.08639
61	86	1.07044
61	88	1.07007
61	135	1.09447
61	155	1.07969
61	159	1.29013
61	160	0.777867
61	171	1.10389
62	3	1.42755
62	38	0.965452
62	60	0.917533
62	67	1.60818
62	74	0.9837
62	99	0.922803
62	131	0.942958
62	136	1.00697
62	170	0.938735
62	171	0.874815
62	173	0.849812
62	174	0.869473
62	175	0.954699
62	177	0.840274
62	179	0.918454
62	180	0.822673
63	77	1.0158
63	79	1.0344
63	87	1.01433
63	95	0.981067
63	98	1.0135
63	100	0.979117
63	102	0.964018
63	103	0.963668
63	105	0.98095
63	106	0.977073
63	114	0.944556
63	115	0.990447
63	118	0.986865
63	135	1.00994
63	149	1.42878
63	154	1.30165
64	12	0.947826
64	25	0.843734
64	54	3.2
64	81	0.743953
64	105	0.859879
64	106	0.856003
64	114	0.823486
64	118	0.865795
64	126	0.905235
64	161	0.876632
64	166	0.864941
64	170	0.873463
64	172	0.814871
64	175	0.889427
64	179	0.853182
64	180	0.7574
65	39	1.02374
65	80	0.942054
65	92	1.01481
65	124	0.963922
65	126	1.02725
65	127	0.993828
65	129	1.51734
65	130	0.997637
65	132	0.975735
65	138	1.15427
65	140	0.964103
65	141	1.00124
65	161	0.998645
65	166	1.20795
65	170	0.995476
65	173	0.906553
66	2	0.690314
66	117	0.993114
66	120	0.969425
66	128	0.995516
66	133	0.981231
66	136	1.06528
66	141	1.00281
66	142	0.99317
66	143	0.983213
66	147	0.994685
66	148	0.972776
66	164	0.664501
66	170	0.997046
66	171	0.933126
66	173	0.908124
66	180	2.32828
67	16	1.14028
67	19	1.0285
67	35	0.910839
67	57	0.982611
67	58	0.981607
67	62	1.60818
67	68	0.942542
67	71	0.942701
67	72	1.02376
67	76	1.00187
67	93	0.983524
67	97	0.992528
67	109	0.849983
67	113	1.00361
67	155	0.989889
67	157	0.912594
67	171	0.917659
68	19	1.02746
68	35	0.909804
68	57	0.981576
68	58	0.980572
68	67	0.942542
68	71	0.941667
68	72	1.02272
68	76	1.00083
68	93	0.982489
68	97	0.991494
68	113	1.00257
68	138	1.23487
68	155	0.988855
68	157	0.911559
68	167	1.16109
68	171	0.916625
68	172	1.66063
69	31	1.06038
69	94	1.04809
69	96	1.04942
69	101	1.14991
69	119	1.04777
69	120	1.02689
69	126	1.08628
69	127	1.05286
69	128	1.05298
69	132	1.03477
69	133	1.03869
69	134	1.02543
69	142	1.05063
69	152	0.946169
69	155	1.02494
69	170	1.05451
69	175	1.00934
70	2	0.973516
70	28	0.867027
70	126	0.903422
70	129	0.945868
70	132	1.25768
70	151	0.969549
70	152	0.993973
70	158	1.00269
70	164	0.980935
70	167	0.982048
70	168	0.963433
70	169	0.992378
70	172	0.941328
70	175	1.01588
70	178	0.969736
70	179	0.979639
70	180	0.883857
71	19	1.02762
71	35	0.909964
71	42	0.998985
71	57	0.981735
71	58	0.980732
71	67	0.942701
71	68	0.941667
71	72	1.02288
71	76	1.00099
71	93	0.982649
71	97	0.991653
71	148	1.25282
71	155	0.989014
71	157	0.911719
71	171	0.916784
71	173	1.82701
71	178	1.11305
72	19	1.10868
72	35	0.991019
72	41	0.620142
72	57	1.06279
72	58	1.06179
72	67	1.02376
72	68	1.02272
72	71	1.02288
72	76	1.08205
72	93	1.0637
72	107	1.05673
72	113	1.08379
72	148	1.33886
72	155	1.07007
72	157	0.992774
72	164	1.06381
72	171	0.99784
73	13	0.936542
73	14	0.935428
73	17	0.922965
73	18	0.923288
73	55	1.05944
73	58	1.17466
73	77	0.819344
73	103	0.934007
73	125	0.961424
73	136	1.05897
73	142	0.986861
73	160	0.987377
73	169	0.983195
73	170	0.990737
73	175	1.0067
73	178	0.960554
73	180	0.874675
74	5	1.02435
74	10	1.05089
74	36	1.08227
74	38	1.09126
74	48	1.0561
74	60	1.04335
74	62	0.9837
74	84	1.08372
74	113	1.08657
74	129	1.361
74	135	1.08763
74	148	1.04028
74	155	1.02597
74	158	0.859808
74	173	0.975625
74	176	0.978724
74	177	0.966087
75	10	1.40898
75	34	1.26351
75	100	0.451925
75	137	0.977525
75	144	0.917059
75	150	1.0478
75	164	0.989242
75	165	0.980213
75	167	0.990356
75	169	1.00069
75	172	0.949636
75	173	0.919305
75	174	0.938965
75	175	1.02419
75	178	0.978044
75	179	0.987947
75	180	0.892165
76	19	1.08679
76	35	0.969132
76	42	1.05815
76	57	1.0409
76	58	1.0399
76	67	1.00187
76	68	1.00083
76	71	1.00099
76	72	1.08205
76	93	1.04182
76	104	0.904142
76	113	1.0619
76	155	1.04818
76	157	0.970887
76	160	0.866481
76	171	0.975952
76	173	1.75047
76	178	1.03651
77	50	1.0344
77	63	1.0158
77	73	0.819344
77	79	1.08072
77	87	1.06065
77	95	1.02739
77	98	1.05982
77	100	1.02544
77	102	1.01034
77	103	1.00999
77	105	1.02727
77	106	1.02339
77	114	0.990875
77	115	1.03676
77	118	1.03318
77	146	1.2794
77	148	1.16989
77	179	1.00695
78	22	1.06537
78	30	0.963596
78	40	1.03914
78	44	1.02493
78	49	1.0252
78	52	1.0206
78	54	1.02364
78	56	1.00627
78	61	1.08639
78	86	1.03364
78	88	1.03326
78	101	0.967916
78	135	1.05767
78	155	1.04289
78	171	0.91283
78	172	0.987191
78	173	1.47079
78	174	1.20614
79	53	0.82941
79	63	1.0344
79	77	1.08072
79	87	1.07925
79	95	1.04598
79	98	1.07841
79	100	1.04403
79	102	1.02893
79	103	1.02858
79	105	1.04587
79	106	1.04199
79	114	1.00947
79	115	1.05536
79	118	1.05178
79	146	1.30241
79	150	0.81523
79	168	1.05601
80	65	0.942054
80	83	0.970298
80	92	0.985497
80	111	0.985799
80	125	0.936848
80	128	0.964631
80	130	0.968322
80	136	1.0344
80	140	0.934788
80	141	0.971924
80	142	0.962284
80	143	0.952328
80	153	1.49947
80	161	0.96933
80	164	1.31547
80	170	0.966161
80	177	0.8677
80	178	1.45077
81	25	0.860344
81	64	0.743953
81	121	3.19636
81	137	0.85937
81	151	0.859703
81	153	0.860293
81	156	0.850581
81	160	0.886713
81	164	0.871088
81	166	0.881552
81	167	0.872202
81	169	0.882531
81	172	0.831482
81	174	0.820811
81	178	0.85989
81	179	0.869792
81	180	0.774011
82	48	1.11429
82	89	0.874056
82	91	0.992913
82	113	1.05931
82	138	0.982713
82	141	1.19142
82	146	0.917863
82	150	1.01528
82	152	0.969764
82	154	0.985035
82	156	0.936218
82	164	0.956725
82	166	0.967189
82	168	0.939224
82	172	0.917118
82	175	0.991674
82	178	0.945526
82	179	0.955429
82	180	0.859648
83	34	1.02299
83	46	1.02898
83	80	0.970298
83	92	1.04306
83	110	1.03992
83	111	1.04336
83	117	1.01979
83	119	1.01698
83	123	0.697745
83	125	0.994407
83	130	1.02588
83	133	1.0079
83	134	0.994644
83	147	1.02136
83	150	1.06714
83	170	1.02372
83	174	1.75436
83	175	1.12208
83	176	0.98666
84	4	0.73965
84	20	0.963036
84	29	0.962647
84	33	1.043
84	37	1.04292
84	48	1.03031
84	60	1.01756
84	74	1.08372
84	125	1.00944
84	142	1.03488
84	143	1.02492
84	147	1.0364
84	149	1.2345
84	162	1.10286
84	170	1.03876
84	173	0.949835
84	176	1.0017
84	177	0.940297
84	179	1.32104
85	114	0.981512
85	128	0.79721
85	133	0.936482
85	136	0.397393
85	158	1.0438
85	159	0.985557
85	162	1.03527
85	163	1.05457
85	165	1.01302
85	166	1.03251
85	167	1.02316
85	168	1.00455
85	172	0.982441
85	174	0.97177
85	175	1.057
85	176	1.00397
85	178	1.01085
85	179	1.02075
85	180	0.92497
86	22	1.04943
86	30	0.947653
86	40	1.0232
86	44	1.00898
86	49	1.00926
86	52	1.00466
86	54	1.0077
86	56	0.990329
86	61	1.07044
86	78	1.03364
86	88	1.01732
86	101	0.951973
86	109	1.02239
86	132	0.998901
86	135	1.04173
86	155	1.02695
86	157	1.41994
86	163	1.00522
86	176	1.10723
87	50	1.03293
87	63	1.01433
87	77	1.06065
87	79	1.07925
87	95	1.02591
87	98	1.05834
87	100	1.02396
87	102	1.00887
87	103	1.00852
87	105	1.0258
87	106	1.02192
87	114	0.989404
87	115	1.03529
87	118	1.03171
87	131	0.921247
87	165	1.30126
87	166	1.13078
87	169	1.06435
88	22	1.04905
88	30	0.947276
88	40	1.02282
88	44	1.00861
88	49	1.00888
88	52	1.00428
88	54	1.00732
88	56	0.989952
88	61	1.07007
88	78	1.03326
88	86	1.01732
88	101	0.951596
88	107	1.17702
88	132	0.998523
88	135	1.04135
88	155	1.02657
88	166	1.17768
88	175	1.13643
88	176	1.10479
89	82	0.874056
89	99	1.51868
89	104	0.909264
89	114	1.91656
89	131	0.922152
89	137	0.887226
89	153	0.888149
89	160	0.914569
89	163	0.931469
89	164	0.898944
89	165	0.889915
89	166	0.909407
89	167	0.900057
89	168	0.881442
89	174	0.848666
89	175	0.933893
89	178	0.887745
89	179	0.897648
89	180	0.801866
90	42	0.905831
90	125	0.96648
90	141	0.697932
90	151	1.00524
90	154	1.04493
90	158	1.03838
90	160	1.03225
90	163	1.04915
90	164	1.01662
90	166	1.02709
90	168	0.999123
90	169	1.02807
90	170	0.583
90	172	0.977018
90	174	0.966347
90	175	1.05157
90	178	1.00543
90	179	1.01533
90	180	0.919547
91	49	0.962033
91	82	0.992913
91	96	0.886427
91	119	0.917115
91	123	1.07232
91	139	1.06543
91	141	0.522136
91	146	0.978939
91	159	0.98131
91	162	1.03102
91	163	1.05033
91	167	1.01891
91	168	1.0003
91	169	1.02924
91	174	0.967523
91	175	1.05275
91	178	1.0066
91	179	1.0165
91	180	0.920723
92	31	1.0448
92	65	1.01481
92	80	0.985497
92	83	1.04306
92	116	1.56932
92	121	1.02054
92	125	1.00961
92	127	1.03727
92	133	1.0231
92	142	1.03504
92	143	1.02509
92	151	1.31435
92	155	0.825285
92	161	1.04209
92	170	1.03892
92	171	0.974998
92	173	0.949996
92	177	0.940458
92	179	0.969468
93	19	1.06844
93	35	0.950786
93	42	1.03981
93	45	0.0432104
93	57	1.02256
93	58	1.02155
93	67	0.983524
93	68	0.982489
93	71	0.982649
93	72	1.0637
93	76	1.04182
93	97	1.03248
93	112	2.22258
93	113	1.04355
93	155	1.02984
93	157	0.952541
93	171	0.957607
93	173	1.07174
93	177	1.38801
94	69	1.04809
94	99	0.997232
94	121	0.994788
94	124	0.98161
94	128	1.01163
94	133	0.997349
94	134	0.984088
94	136	1.0814
94	141	1.01893
94	142	1.00929
94	143	0.999331
94	147	1.0108
94	155	1.18795
94	160	1.18529
94	161	1.01633
94	169	1.14716
94	170	1.01316
94	173	0.924242
94	177	0.914704
94	178	1.35532
95	43	1.52332
95	50	0.999665
95	63	0.981067
95	77	1.02739
95	79	1.04598
95	87	1.02591
95	98	1.02508
95	100	0.990701
95	102	0.975602
95	103	0.975252
95	105	0.992534
95	106	0.988657
95	113	1.02814
95	114	0.956141
95	115	1.00203
95	118	0.99845
95	132	0.986377
95	148	1.0149
95	169	0.666983
95	173	1.5891
96	21	1.04795
96	69	1.04942
96	91	0.886427
96	117	1.01056
96	120	0.986871
96	121	0.996116
96	122	0.978618
96	125	0.985179
96	127	1.01284
96	128	1.01296
96	135	0.904182
96	140	0.983119
96	141	1.02026
96	143	1.00066
96	158	1.09922
96	161	1.01766
96	170	1.01449
96	172	1.66311
96	173	0.92557
96	176	0.977433
97	18	0.753858
97	30	1.3288
97	49	0.935625
97	67	0.992528
97	68	0.991494
97	71	0.991653
97	93	1.03248
97	118	0.76682
97	122	0.994657
97	124	0.998977
97	127	1.02888
97	139	1.05918
97	141	1.0363
97	166	1.02201
97	170	1.03053
97	171	0.966611
97	172	0.97194
97	174	0.961269
97	179	1.01025
97	180	0.914469
98	50	1.0321
98	63	1.0135
98	77	1.05982
98	79	1.07841
98	87	1.05834
98	95	1.02508
98	100	1.02313
98	102	1.00803
98	103	1.00768
98	105	1.02496
98	106	1.02109
98	114	0.988571
98	115	1.03446
98	118	1.03088
98	148	0.98074
98	156	1.17474
98	176	0.62637
98	177	1.8712
99	39	1.03191
99	62	0.922803
99	89	1.51868
99	94	0.997232
99	109	1.04494
99	110	1.01985
99	111	1.02329
99	120	0.976029
99	122	0.967776
99	134	0.974575
99	136	1.07189
99	140	0.972277
99	142	0.999774
99	143	0.989818
99	147	1.00129
99	150	0.760724
99	151	1.32034
99	153	1.04733
99	161	1.00682
99	170	1.00365
100	50	0.997715
100	51	0.876432
100	63	0.979117
100	75	0.451925
100	77	1.02544
100	79	1.04403
100	87	1.02396
100	95	0.990701
100	98	1.02313
100	102	0.973652
100	103	0.973302
100	105	0.990584
100	106	0.986707
100	109	1.04545
100	112	2.37742
100	114	0.954191
100	115	1.00008
100	118	0.9965
100	132	0.984427
100	151	0.834318
101	18	0.885466
101	23	0.988548
101	24	0.988847
101	27	0.989242
101	49	0.943529
101	55	1.02162
101	56	0.924603
101	69	1.14991
101	78	0.967916
101	86	0.951973
101	88	0.951596
101	117	1.37771
101	128	1.1698
101	139	0.98156
101	165	0.924901
101	168	0.916428
101	173	0.863992
101	178	0.922731
101	179	0.932634
101	180	0.836852
102	4	0.9222
102	50	0.982616
102	63	0.964018
102	77	1.01034
102	79	1.02893
102	87	1.00887
102	95	0.975602
102	98	1.00803
102	100	0.973652
102	103	0.958203
102	105	0.975484
102	106	0.971608
102	109	1.03035
102	113	1.01109
102	114	0.939091
102	115	0.984981
102	118	0.9814
102	123	0.919468
102	132	0.969327
102	157	1.62488
102	176	1.31216
103	45	0.83022
103	50	0.982266
103	63	0.963668
103	73	0.934007
103	77	1.00999
103	79	1.02858
103	87	1.00852
103	95	0.975252
103	98	1.00768
103	100	0.973302
103	102	0.958203
103	105	0.975134
103	106	0.971257
103	109	1.03
103	113	1.01074
103	114	0.938741
103	115	0.984631
103	118	0.98105
103	132	0.968977
103	144	1.95563
103	169	0.936637
104	4	1.08492
104	22	1.09628
104	44	1.15763
104	76	0.904142
104	89	0.909264
104	113	0.803975
104	131	1.01514
104	150	1.05049
104	154	1.02024
104	164	0.991933
104	166	1.0024
104	167	0.993047
104	168	0.974431
104	169	1.00338
104	171	0.946997
104	172	0.952326
104	174	0.941656
104	175	1.02688
104	178	0.980734
104	179	0.990637
104	180	0.894856
105	2	1.19957
105	16	0.956926
105	50	0.999548
105	63	0.98095
105	64	0.859879
105	77	1.02727
105	79	1.04587
105	87	1.0258
105	95	0.992534
105	98	1.02496
105	100	0.990584
105	102	0.975484
105	103	0.975134
105	106	0.988539
105	114	0.956023
105	115	1.00191
105	118	0.998332
105	132	0.986259
105	167	1.03988
105	178	1.30906
105	179	1.28587
106	26	0.583137
106	42	1.0204
106	50	0.995671
106	63	0.977073
106	64	0.856003
106	77	1.02339
106	79	1.04199
106	87	1.02192
106	95	0.988657
106	98	1.02109
106	100	0.986707
106	102	0.971608
106	103	0.971257
106	105	0.988539
106	114	0.952146
106	115	0.998036
106	118	0.994455
106	132	0.982382
106	159	1.6886
106	167	1.07718
106	171	1.50236
107	12	0.926567
107	26	1.04947
107	41	1.03418
107	72	1.05673
107	88	1.17702
107	112	0.885439
107	128	1.06983
107	131	1.0059
107	146	0.943825
107	150	1.04124
107	152	0.995726
107	158	1.00444
107	163	1.01521
107	164	0.982687
107	166	0.99315
107	169	0.99413
107	174	0.932409
107	176	0.964612
107	177	0.903211
107	178	0.971488
107	179	0.981391
107	180	0.885609
108	60	1.17722
108	123	0.996783
108	133	1.5132
108	137	0.930541
108	145	0.915977
108	153	0.931464
108	157	0.892258
108	158	0.964015
108	162	0.955478
108	163	0.974785
108	164	0.942259
108	165	0.93323
108	167	0.943373
108	168	0.924757
108	169	0.953702
108	170	1.11525
108	172	0.902652
108	174	0.891981
108	178	0.93106
108	179	0.940963
108	180	0.845181
109	32	1.00397
109	52	1.02695
109	55	0.49671
109	67	0.849983
109	86	1.02239
109	99	1.04494
109	100	1.04545
109	102	1.03035
109	103	1.03
109	114	1.01089
109	115	1.05678
109	118	1.0532
109	141	1.06663
109	143	1.04704
109	161	1.06404
109	165	1.03286
109	168	1.02438
109	170	1.06087
109	174	0.991607
109	176	1.02381
109	179	1.04059
109	180	0.944807
110	26	0.611506
110	39	1.06404
110	46	1.04104
110	83	1.03992
110	99	1.01985
110	117	1.03185
110	119	1.02904
110	122	0.999906
110	127	1.03413
110	128	1.03425
110	133	1.01997
110	136	1.10402
110	140	1.00441
110	143	1.02195
110	152	1.12859
110	158	1.04121
110	161	1.03895
110	166	1.23301
110	168	1.37761
110	170	1.03578
110	173	0.946858
110	176	0.998721
110	177	0.93732
111	25	0.984109
111	80	0.985799
111	83	1.04336
111	99	1.02329
111	120	1.0116
111	122	1.00335
111	124	1.00767
111	128	1.03769
111	133	1.02341
111	134	1.01015
111	136	1.10746
111	137	1.14169
111	141	1.04498
111	142	1.03534
111	143	1.02539
111	151	1.36433
111	155	0.875266
111	157	0.970236
111	161	1.04239
111	165	1.07139
111	170	1.03922
111	171	0.975301
111	176	1.00216
112	93	2.22258
112	100	2.37742
112	107	0.885439
112	116	0.829663
112	129	0.849299
112	131	0.907574
112	149	0.881128
112	150	0.942918
112	153	0.87357
112	154	0.912675
112	157	0.834365
112	159	0.847875
112	160	0.89999
112	163	0.916891
112	164	0.884365
112	167	0.885479
112	169	0.895808
112	172	0.844759
112	174	0.834088
112	175	0.919314
112	178	0.873167
112	179	0.88307
112	180	0.787288
113	36	1.05933
113	48	1.03317
113	60	1.02041
113	67	1.00361
113	68	1.00257
113	72	1.08379
113	74	1.08657
113	76	1.0619
113	82	1.05931
113	93	1.04355
113	95	1.02814
113	102	1.01109
113	103	1.01074
113	104	0.803975
113	114	0.991633
113	115	1.03752
113	118	1.03394
113	156	1.2701
113	164	0.801046
113	171	0.977689
113	173	0.952687
113	174	1.38565
113	177	0.943149
114	16	0.920533
114	42	0.987887
114	50	0.963154
114	63	0.944556
114	64	0.823486
114	77	0.990875
114	79	1.00947
114	85	0.981512
114	87	0.989404
114	89	1.91656
114	95	0.956141
114	98	0.988571
114	100	0.954191
114	102	0.939091
114	103	0.938741
114	105	0.956023
114	106	0.952146
114	109	1.01089
114	113	0.991633
114	115	0.96552
114	118	0.961939
114	132	0.949866
114	162	1.15514
114	167	1.12733
115	16	0.966423
115	42	1.03378
115	47	0.846137
115	50	1.00904
115	63	0.990447
115	77	1.03676
115	79	1.05536
115	87	1.03529
115	95	1.00203
115	98	1.03446
115	100	1.00008
115	102	0.984981
115	103	0.984631
115	105	1.00191
115	106	0.998036
115	109	1.05678
115	113	1.03752
115	114	0.96552
115	118	1.00783
115	132	0.995756
115	135	0.721554
115	165	1.27888
115	168	1.25299
115	172	1.48048
116	2	0.919492
116	21	1.61877
116	28	1.61191
116	92	1.56932
116	112	0.829663
116	123	0.981435
116	129	0.891844
116	145	0.900629
116	149	0.923673
116	156	0.906403
116	160	0.942536
116	163	0.959437
116	164	0.926911
116	165	0.917882
116	166	0.937374
116	167	0.928024
116	169	0.938354
116	171	0.881975
116	172	0.887304
116	174	0.876633
116	175	0.96186
116	178	0.915712
116	179	0.925615
116	180	0.829833
117	21	1.04911
117	31	1.02153
117	66	0.993114
117	83	1.01979
117	96	1.01056
117	101	1.37771
117	110	1.03185
117	119	1.00891
117	120	0.988029
117	121	0.997274
117	125	0.986337
117	126	1.04742
117	130	1.01781
117	131	1.06885
117	133	0.999835
117	135	0.891541
117	136	1.08389
117	139	1.0693
117	140	0.984277
117	161	1.01882
117	163	1.10349
117	170	1.01565
117	171	0.95173
117	176	0.978591
118	16	0.962842
118	42	1.0302
118	50	1.00546
118	63	0.986865
118	64	0.865795
118	77	1.03318
118	79	1.05178
118	87	1.03171
118	95	0.99845
118	97	0.76682
118	98	1.03088
118	100	0.9965
118	102	0.9814
118	103	0.98105
118	105	0.998332
118	106	0.994455
118	109	1.0532
118	113	1.03394
118	114	0.961939
118	115	1.00783
118	132	0.992175
118	152	1.09341
118	153	1.38825
118	171	1.49555
118	176	1.12494
119	21	1.0463
119	41	0.884475
119	69	1.04777
119	83	1.01698
119	91	0.917115
119	110	1.02904
119	117	1.00891
119	121	0.994464
119	122	0.976966
119	125	0.983527
119	126	1.04461
119	130	1.015
119	141	1.0186
119	142	1.00896
119	143	0.999007
119	147	1.01048
119	154	1.22658
119	161	1.01601
119	162	1.22207
119	166	1.32171
119	170	1.01284
119	171	0.94892
119	173	0.923918
119	176	0.975781
119	177	0.91438
120	12	1.06632
120	66	0.969425
120	69	1.02689
120	96	0.986871
120	99	0.976029
120	111	1.0116
120	117	0.988029
120	122	0.956087
120	123	0.824372
120	126	1.02373
120	127	0.990313
120	130	0.994123
120	134	0.962886
120	136	1.0602
120	140	0.960588
120	142	0.988085
120	143	0.978129
120	145	1.35858
120	147	0.9896
120	148	0.967692
120	161	0.995131
120	162	1.19031
120	168	1.43455
120	170	0.991961
120	173	0.903039
120	178	1.43168
121	46	1.00646
121	81	3.19636
121	92	1.02054
121	94	0.994788
121	96	0.996116
121	117	0.997274
121	119	0.994464
121	124	0.969653
121	126	1.03298
121	127	0.999558
121	130	1.00337
121	133	0.985391
121	134	0.97213
121	140	0.969833
121	141	1.00697
121	142	0.99733
121	143	0.987373
121	147	0.998845
121	154	0.561768
121	155	0.631256
121	161	1.00438
121	165	0.827382
121	170	1.00121
121	171	0.937286
121	177	0.902746
121	178	0.798621
122	9	1.15882
122	34	0.982974
122	96	0.978618
122	97	0.994657
122	99	0.967776
122	110	0.999906
122	111	1.00335
122	119	0.976966
122	120	0.956087
122	124	0.952154
122	125	0.954395
122	126	1.01548
122	127	0.98206
122	128	0.982178
122	130	0.98587
122	133	0.967893
122	134	0.954632
122	136	1.05194
122	139	1.18857
122	140	0.952335
122	141	0.989472
122	147	0.981347
122	158	1.20585
122	160	1.36935
122	161	0.986877
122	163	1.22276
122	170	0.983708
123	53	1.06852
123	83	0.697745
123	91	1.07232
123	102	0.919468
123	108	0.996783
123	116	0.981435
123	120	0.824372
123	125	0.7297
123	130	0.773254
123	140	0.780161
123	152	1.04918
123	156	1.01563
123	158	1.05789
123	160	1.05176
123	162	1.04936
123	163	1.06866
123	165	1.02711
123	167	1.03725
123	168	1.01864
123	169	1.04758
123	172	0.99653
123	173	0.966199
123	174	0.98586
123	175	1.07109
123	178	1.02494
123	179	1.03484
123	180	0.93906
124	21	1.02149
124	25	1.18288
124	39	1.01629
124	46	0.993284
124	65	0.963922
124	94	0.98161
124	97	0.998977
124	111	1.00767
124	121	0.969653
124	122	0.952154
124	125	0.958716
124	127	0.986381
124	130	0.99019
124	133	0.972213
124	134	0.958953
124	136	1.05626
124	140	0.956656
124	141	0.993792
124	142	0.984152
124	160	1.07137
124	161	0.991198
124	168	1.24427
124	170	0.988029
124	174	1.69071
124	175	1.05843
124	176	0.950969
124	177	0.889568
125	12	1.06463
125	73	0.961424
125	80	0.936848
125	83	0.994407
125	84	1.00944
125	90	0.96648
125	92	1.00961
125	96	0.985179
125	117	0.986337
125	119	0.983527
125	122	0.954395
125	123	0.7297
125	124	0.958716
125	130	0.992431
125	133	0.974454
125	134	0.961194
125	136	1.05851
125	140	0.958896
125	142	0.986393
125	145	1.2639
125	147	0.987908
125	157	0.921284
125	161	0.993439
125	170	0.99027
125	173	0.901347
125	174	1.78631
125	179	1.31382
126	34	1.05062
126	46	1.05661
126	53	0.84791
126	64	0.905235
126	65	1.02725
126	69	1.08628
126	70	0.903422
126	117	1.04742
126	119	1.04461
126	120	1.02373
126	121	1.03298
126	122	1.01548
126	130	1.05352
126	131	0.720381
126	132	1.03161
126	134	1.02228
126	140	1.01998
126	142	1.04748
126	143	1.03752
126	144	1.88248
126	147	1.04899
126	161	1.05452
126	163	0.755021
126	165	1.1004
126	170	1.05135
126	173	0.962432
126	177	0.952894
127	12	1.0923
127	31	1.02381
127	46	1.02319
127	59	1.03243
127	65	0.993828
127	69	1.05286
127	92	1.03727
127	96	1.01284
127	97	1.02888
127	110	1.03413
127	120	0.990313
127	121	0.999558
127	122	0.98206
127	124	0.986381
127	130	1.0201
127	133	1.00212
127	134	0.988858
127	136	1.08617
127	137	1.37959
127	140	0.986561
127	147	1.01557
127	152	1.03438
127	157	0.948949
127	161	1.0211
127	167	1.01134
127	173	0.929012
127	175	1.09755
127	177	0.919474
127	179	1.25734
128	12	1.09242
128	34	1.01732
128	39	1.04631
128	66	0.995516
128	69	1.05298
128	80	0.964631
128	85	0.79721
128	94	1.01163
128	96	1.01296
128	101	1.1698
128	107	1.06983
128	110	1.03425
128	111	1.03769
128	122	0.982178
128	130	1.02021
128	132	0.998312
128	133	1.00224
128	134	0.988977
128	141	1.02382
128	142	1.01418
128	147	1.01569
128	148	0.993783
128	157	0.949067
128	165	1.24096
128	167	0.943024
128	170	1.01805
128	176	0.980993
128	177	0.919592
128	179	1.18902
129	14	1.4363
129	65	1.51734
129	70	0.945868
129	74	1.361
129	112	0.849299
129	116	0.891844
129	131	0.969755
129	144	0.874363
129	145	0.920264
129	146	0.907685
129	147	1.27854
129	149	0.943309
129	151	0.935161
129	152	0.959585
129	153	0.935751
129	154	0.974856
129	156	0.926039
129	158	0.968302
129	159	0.910056
129	162	0.959766
129	165	0.937517
129	166	0.95701
129	169	0.957989
129	172	0.90694
129	174	0.896269
129	176	0.928472
129	178	0.935348
129	179	0.945251
129	180	0.849469
130	65	0.997637
130	80	0.968322
130	83	1.02588
130	117	1.01781
130	119	1.015
130	120	0.994123
130	121	1.00337
130	122	0.98587
130	123	0.773254
130	124	0.99019
130	125	0.992431
130	126	1.05352
130	127	1.0201
130	128	1.02021
130	133	1.00593
130	134	0.992668
130	138	1.18516
130	140	0.990371
130	141	1.02751
130	143	1.00791
130	148	0.997474
130	155	1.21319
130	157	0.952758
130	161	1.02491
130	170	1.02174
130	173	0.932821
130	175	1.19758
130	177	0.923283
130	178	1.38056
130	179	1.35737
131	62	0.942958
131	87	0.921247
131	89	0.922152
131	104	1.01514
131	107	1.0059
131	112	0.907574
131	117	1.06885
131	126	0.720381
131	129	0.969755
131	134	1.06234
131	137	0.993103
131	140	1.03621
131	145	0.978539
131	147	0.759614
131	150	1.06337
131	153	0.994026
131	154	1.03313
131	158	1.02658
131	163	1.03735
131	164	1.00482
131	165	0.995792
131	166	1.01528
131	167	1.00593
131	168	0.98732
131	169	1.01626
131	172	0.965214
131	174	0.954544
131	175	1.03977
131	178	0.993622
131	179	1.00353
131	180	0.907744
132	22	1.03063
132	34	0.999108
132	40	1.0044
132	44	0.990184
132	52	0.985859
132	54	0.988901
132	65	0.975735
132	69	1.03477
132	70	1.25768
132	86	0.998901
132	88	0.998523
132	95	0.986377
132	100	0.984427
132	102	0.969327
132	103	0.968977
132	105	0.986259
132	106	0.982382
132	114	0.949866
132	115	0.995756
132	118	0.992175
132	126	1.03161
132	128	0.998312
132	135	1.02293
132	139	1.07509
132	150	1.18799
132	154	1.18904
132	161	1.00301
132	162	1.18453
132	170	0.999842
132	175	1.24292
132	177	0.901382
133	41	0.772515
133	47	0.947493
133	66	0.981231
133	69	1.03869
133	83	1.0079
133	85	0.936482
133	92	1.0231
133	94	0.997349
133	108	1.5132
133	110	1.01997
133	111	1.02341
133	117	0.999835
133	121	0.985391
133	122	0.967893
133	124	0.972213
133	125	0.974454
133	127	1.00212
133	128	1.00224
133	130	1.00593
133	134	0.974691
133	142	0.999891
133	143	0.989934
133	147	1.00141
133	148	0.979497
133	161	1.00694
133	169	1.14332
133	170	1.00377
133	171	0.939847
133	176	0.966708
133	177	0.905307
133	179	1.32829
134	34	0.989772
134	42	1.00879
134	69	1.02543
134	83	0.994644
134	94	0.984088
134	99	0.974575
134	111	1.01015
134	120	0.962886
134	121	0.97213
134	122	0.954632
134	124	0.958953
134	125	0.961194
134	126	1.02228
134	127	0.988858
134	128	0.988977
134	130	0.992668
134	131	1.06234
134	133	0.974691
134	136	1.05874
134	140	0.959133
134	141	0.99627
134	145	1.34049
134	147	0.988145
134	148	0.966237
134	149	1.30387
134	157	0.921521
134	161	0.993676
134	164	1.2783
134	166	1.27187
134	169	1.20544
134	170	0.990507
134	171	0.926586
135	5	1.00247
135	36	1.06039
135	38	1.06938
135	40	1.04723
135	46	1.12804
135	48	1.03422
135	49	1.03328
135	56	1.01435
135	60	1.02146
135	61	1.09447
135	63	1.00994
135	74	1.08763
135	78	1.05767
135	86	1.04173
135	88	1.04135
135	96	0.904182
135	115	0.721554
135	117	0.891541
135	132	1.02293
135	143	0.735485
135	147	0.582306
135	152	1.03672
135	166	1.03415
135	168	1.00618
135	172	0.984075
135	173	0.953744
135	174	0.973404
135	175	1.05863
135	177	0.944206
135	178	1.01248
135	179	1.02239
135	180	0.926604
136	4	0.207815
136	15	2.40282
136	34	1.08708
136	62	1.00697
136	66	1.06528
136	73	1.05897
136	80	1.0344
136	85	0.397393
136	94	1.0814
136	99	1.07189
136	110	1.10402
136	111	1.10746
136	117	1.08389
136	120	1.0602
136	122	1.05194
136	124	1.05626
136	125	1.05851
136	127	1.08617
136	134	1.05874
136	141	1.09358
136	142	1.08394
136	143	1.07399
136	147	1.08546
136	151	1.13409
136	153	0.861088
136	159	1.15462
136	166	0.670666
136	170	1.08782
136	171	1.0239
136	173	0.998896
136	175	0.629414
136	176	1.05076
137	2	0.962476
137	15	0.858473
137	48	1.09039
137	56	1.41573
137	75	0.977525
137	81	0.85937
137	89	0.887226
137	108	0.930541
137	111	1.14169
137	127	1.37959
137	131	0.993103
137	139	1.01753
137	144	0.897712
137	149	0.966657
137	151	0.95851
137	152	0.982934
137	153	0.9591
137	156	0.949388
137	158	0.991651
137	159	0.933405
137	160	0.98552
137	161	1.17996
137	163	1.00242
137	167	0.971009
137	168	0.952394
137	171	0.92496
137	174	0.919618
137	175	1.00484
137	177	0.890419
137	178	0.958696
137	179	0.968599
137	180	0.872818
138	5	1.27135
138	21	0.8467
138	33	0.507653
138	65	1.15427
138	68	1.23487
138	82	0.982713
138	130	1.18516
138	144	0.935417
138	146	0.968739
138	148	1.00232
138	149	1.00436
138	150	1.06615
138	151	0.996215
138	152	1.02064
138	156	0.987093
138	157	0.9576
138	159	0.97111
138	163	1.04013
138	164	1.0076
138	165	0.998571
138	167	1.00871
138	168	0.990099
138	169	1.01904
138	172	0.967994
138	173	0.937663
138	174	0.957323
138	175	1.04255
138	176	0.989526
138	178	0.996402
138	179	1.0063
138	180	0.910523
139	15	0.917821
139	34	0.973396
139	42	0.92555
139	55	0.445353
139	91	1.06543
139	97	1.05918
139	101	0.98156
139	117	1.0693
139	122	1.18857
139	132	1.07509
139	137	1.01753
139	144	0.95706
139	150	1.0878
139	153	1.01845
139	154	1.05755
139	156	1.00874
139	160	1.04487
139	161	0.730089
139	163	1.06177
139	164	1.02924
139	165	1.02021
139	167	1.03036
139	168	1.01174
139	169	1.04069
139	171	0.984308
139	172	0.989637
139	174	0.978966
139	175	1.06419
139	176	1.01117
139	177	0.949768
139	178	1.01804
139	179	1.02795
139	180	0.932166
140	12	1.06257
140	21	1.02167
140	42	1.00649
140	46	0.993465
140	65	0.964103
140	80	0.934788
140	96	0.983119
140	99	0.972277
140	110	1.00441
140	117	0.984277
140	120	0.960588
140	121	0.969833
140	122	0.952335
140	123	0.780161
140	124	0.956656
140	125	0.958896
140	126	1.01998
140	127	0.986561
140	130	0.990371
140	131	1.03621
140	134	0.959133
140	142	0.984333
140	143	0.974376
140	147	0.985848
140	161	0.991378
140	164	1.25217
140	168	1.39034
140	170	0.988209
140	171	0.924289
140	172	1.61782
140	176	0.95115
140	177	0.889749
140	178	1.38746
141	21	1.05881
141	39	1.05361
141	65	1.00124
141	66	1.00281
141	80	0.971924
141	82	1.19142
141	90	0.697932
141	91	0.522136
141	94	1.01893
141	96	1.02026
141	97	1.0363
141	109	1.06663
141	111	1.04498
141	119	1.0186
141	121	1.00697
141	122	0.989472
141	124	0.993792
