1	11	1.04868
1	16	0.979193
1	28	1.09738
1	32	1.09249
1	71	1.06631
1	77	1.02281
1	81	1.08675
1	85	1.03784
1	140	0.853577
1	153	0.929395
1	155	0.944759
1	172	1.07636
2	3	1.25044
2	23	1.13055
2	35	1.18785
2	45	1.26257
2	46	1.27871
2	65	1.16327
2	133	1.14027
2	141	0.754748
2	158	0.766478
2	167	0.717503
2	172	0.819893
2	176	0.803207
3	2	1.25044
3	12	1.20361
3	23	1.13932
3	35	1.19662
3	45	1.27134
3	65	1.17204
3	123	1.17606
3	147	0.671021
3	159	0.739756
3	164	0.835919
3	179	0.752392
3	180	0.858363
4	41	1.24041
4	49	1.32344
4	52	1.14948
4	66	1.20402
4	70	1.16392
4	122	0.809403
4	143	0.701105
4	155	1.20476
4	163	0.70362
4	165	1.13867
4	170	0.764293
4	180	0.880644
5	22	0.449513
5	57	1.31853
5	63	1.38152
5	73	1.41016
5	84	1.36802
5	92	1.42691
5	94	1.4858
5	143	0.60089
5	165	0.74596
5	172	0.758183
5	177	0.706214
5	178	0.632891
6	12	1.18856
6	23	1.12427
6	35	1.18157
6	45	1.25629
6	55	1.36087
6	65	1.15698
6	125	0.663597
6	128	0.737367
6	130	0.793826
6	133	1.13398
6	175	0.744703
6	180	0.911327
7	83	1.21894
7	99	1.30352
7	100	1.16847
7	106	1.21594
7	107	1.2144
7	113	1.22845
7	137	0.819876
7	150	0.752555
7	169	0.729148
7	173	0.781661
7	175	0.77036
7	180	1.10178
8	36	1.0905
8	47	1.30918
8	48	1.16923
8	59	1.19323
8	143	0.690811
8	152	0.671666
8	154	1.2641
8	161	1.19872
8	162	0.74518
8	165	0.835881
8	174	0.913144
8	175	1.20247
9	26	1.10902
9	40	1.05093
9	51	1.00653
9	54	1.06998
9	74	1.04887
9	103	1.03313
9	123	1.01019
9	128	0.960134
9	154	0.90116
9	159	1.01549
9	166	1.05759
9	169	0.926259
10	86	0.782964
10	108	1.15146
10	109	1.23251
10	111	1.19777
10	112	1.23241
10	115	1.19787
10	116	1.198
10	122	0.745861
10	164	0.794657
10	172	0.794855
10	175	1.19256
10	177	0.742886
11	1	1.04868
11	32	1.25825
11	71	1.23208
11	72	1.22059
11	77	1.18857
11	81	1.25251
11	85	1.20361
11	156	0.65604
11	164	0.819756
11	174	0.884995
11	176	0.803269
11	178	0.694663
12	3	1.20361
12	6	1.18856
12	45	1.21575
12	46	1.23189
12	55	1.32034
12	65	1.11645
12	123	1.12047
12	148	0.71734
12	149	0.786965
12	153	0.743467
12	160	0.698032
12	180	0.912684
13	83	1.22575
13	100	1.17528
13	105	1.26202
13	106	1.22275
13	107	1.22121
13	113	1.23526
13	151	0.723549
13	152	0.691432
13	174	0.93291
13	175	0.723492
13	179	0.784144
13	180	1.10859
14	30	1.25167
14	58	1.22441
14	73	1.17422
14	84	1.13208
14	92	1.19097
14	94	1.24986
14	134	0.706571
14	142	0.849868
14	157	0.779582
14	167	1.16907
14	169	0.733553
14	173	0.786066
15	21	1.29278
15	49	1.23374
15	52	1.05978
15	66	1.11432
15	69	1.19043
15	70	1.07422
15	141	0.859244
15	149	0.820917
15	154	0.713702
15	155	1.11506
15	162	0.821466
15	165	1.04897
15	180	0.946636
16	1	0.979193
16	28	1.19366
16	71	1.16259
16	72	1.1511
16	77	1.11908
16	81	1.18302
16	85	1.13412
16	125	1.1727
16	149	0.837722
16	156	0.777281
16	158	0.88778
16	170	0.847091
16	173	0.808119
17	33	0.779726
17	60	0.777367
17	99	0.639363
17	161	0.74226
17	166	0.709507
17	168	1.19159
17	170	1.13765
17	172	1.08261
17	173	1.1791
17	176	1.09695
17	177	1.09777
17	178	1.15458
17	179	1.13086
18	26	1.35296
18	34	1.28412
18	40	1.29487
18	54	1.31392
18	74	1.29281
18	123	1.25412
18	133	0.695986
18	153	0.627648
18	164	0.77442
18	165	0.762396
18	166	1.30153
18	169	0.589029
18	176	0.757932
19	25	0.634071
19	27	1.09512
19	56	1.07642
19	60	1.14102
19	68	1.09898
19	79	1.16207
19	86	0.931564
19	126	1.19265
19	152	0.767017
19	154	1.20686
19	166	1.16561
19	170	0.849351
19	180	0.965701
20	26	1.1923
20	34	1.12346
20	37	1.13113
20	40	1.13421
20	51	1.08981
20	54	1.15326
20	74	1.13215
20	98	0.840776
20	120	0.843134
20	134	0.798747
20	147	0.846221
20	160	0.818912
20	166	1.14087
21	15	1.29278
21	64	1.41521
21	66	1.28416
21	69	1.36027
21	70	1.24406
21	132	0.640071
21	140	0.55621
21	141	0.713852
21	155	1.2849
21	165	1.21881
21	174	0.844038
21	176	0.762312
21	179	0.695273
22	5	0.449513
22	55	0.490422
22	57	0.751345
22	63	0.703193
22	66	0.666984
22	126	0.599258
22	146	1.35744
22	163	1.34334
22	170	1.29517
22	172	1.24013
22	177	1.25529
22	178	1.3121
22	179	1.28837
23	2	1.13055
23	3	1.13932
23	6	1.12427
23	35	1.07673
23	45	1.15145
23	46	1.16759
23	55	1.25604
23	65	1.05215
23	80	0.805832
23	139	0.871754
23	143	0.845634
23	146	0.844441
23	154	0.792238
24	28	1.16801
24	32	1.16311
24	71	1.13694
24	72	1.12545
24	77	1.09343
24	81	1.15737
24	85	1.10847
24	86	0.863433
24	122	0.826329
24	125	1.14705
24	170	0.781219
24	179	0.791598
24	180	0.89757
25	19	0.634071
25	83	0.643875
25	119	0.668426
25	120	1.34785
25	124	0.59094
25	131	0.525126
25	142	1.29728
25	160	1.38636
25	161	0.595379
25	172	1.25155
25	174	1.22637
25	177	1.26671
25	178	1.32352
26	9	1.10902
26	18	1.35296
26	20	1.1923
26	37	1.22941
26	51	1.1881
26	54	1.25154
26	74	1.23043
26	143	0.698544
26	166	1.23915
26	167	0.753446
26	168	0.697404
26	175	0.711459
26	179	0.772111
26	180	0.878083
27	19	1.09512
27	56	1.02802
27	60	1.09263
27	68	1.05058
27	79	1.11368
27	129	1.10961
27	132	1.10977
27	142	0.923024
27	145	1.11682
27	148	0.819201
27	166	1.11722
27	168	0.833866
27	178	0.867007
27	180	1.01454
28	1	1.09738
28	16	1.19366
28	24	1.16801
28	71	1.28078
28	72	1.26929
28	77	1.23727
28	81	1.30121
28	85	1.25231
28	141	0.794406
28	148	0.686454
28	150	0.69737
28	151	0.715231
28	167	0.757161
28	172	0.859552
29	36	0.973918
29	39	1.11251
29	47	1.1926
29	48	1.05264
29	59	1.07664
29	98	1.11835
29	134	0.830442
29	147	0.877916
29	148	0.869915
29	154	1.14751
29	161	1.08213
29	168	0.88458
29	175	1.08588
29	177	0.991044
30	14	1.25167
30	42	1.23117
30	53	1.25977
30	63	1.18272
30	84	1.16923
30	92	1.22812
30	94	1.28701
30	149	0.693981
30	157	0.657893
30	165	0.785231
30	167	1.20622
30	172	0.797453
30	174	0.862494
30	179	0.713728
31	61	1.07843
31	82	1.05266
31	88	1.10701
31	90	1.0156
31	93	1.16594
31	97	1.16184
31	103	0.910962
31	104	1.03481
31	110	1.135
31	125	0.78298
31	145	1.09573
31	160	0.816058
31	170	0.914359
31	180	1.03071
32	1	1.09249
32	11	1.25825
32	24	1.16311
32	72	1.26439
32	77	1.23238
32	81	1.29632
32	85	1.24741
32	132	1.23743
32	146	0.676156
32	148	0.661544
32	162	0.731718
32	164	0.834443
32	174	0.899682
32	178	0.70935
33	17	0.779726
33	89	1.03526
33	101	1.1982
33	103	0.844728
33	108	1.03502
33	109	1.11607
33	111	1.08134
33	112	1.11597
33	115	1.08144
33	116	1.08157
33	165	0.930007
33	175	1.07613
33	177	0.890261
33	180	0.964476
34	18	1.28412
34	20	1.12346
34	37	1.16057
34	40	1.16366
34	51	1.11926
34	54	1.1827
34	74	1.1616
34	120	0.797631
34	123	1.12291
34	125	0.740332
34	143	0.808523
34	151	0.821495
34	153	0.818846
34	163	0.811038
34	166	1.17031
35	2	1.18785
35	3	1.19662
35	6	1.18157
35	23	1.07673
35	46	1.22489
35	55	1.31334
35	65	1.10945
35	103	0.783393
35	123	1.11347
35	128	0.729181
35	133	1.08645
35	146	0.72241
35	164	0.880697
35	165	0.868673
35	177	0.828927
36	8	1.0905
36	29	0.973918
36	39	1.06161
36	47	1.1417
36	48	1.00174
36	59	1.02575
36	80	0.891791
36	98	1.06745
36	134	0.876314
36	154	1.09661
36	157	0.949325
36	161	1.03123
36	175	1.03499
36	177	1.03692
36	179	1.00516
37	20	1.13113
37	26	1.22941
37	34	1.16057
37	40	1.17132
37	51	1.12693
37	54	1.19037
37	74	1.16926
37	80	0.677857
37	122	0.825957
37	123	1.13058
37	128	0.723238
37	149	0.771479
37	166	1.17798
37	172	0.874951
37	174	0.939992
38	56	1.09375
38	60	1.15836
38	68	1.11631
38	78	0.761047
38	79	1.17941
38	80	0.691822
38	126	1.20999
38	132	1.17549
38	145	1.18255
38	148	0.715819
38	154	1.22419
38	166	1.18295
38	172	0.888917
38	177	0.836948
38	180	0.911163
39	29	1.11251
39	36	1.06161
39	47	1.28029
39	48	1.14034
39	59	1.16434
39	103	1.1695
39	154	1.2352
39	158	0.827741
39	159	0.784795
39	161	1.16982
39	162	0.778233
39	167	0.778766
39	171	0.739841
39	175	1.17358
39	180	0.903403
40	9	1.05093
40	18	1.29487
40	20	1.13421
40	34	1.16366
40	37	1.17132
40	51	1.13001
40	54	1.19345
40	74	1.17235
40	120	0.794096
40	140	0.739493
40	163	0.807502
40	166	1.18106
40	168	0.803848
40	171	0.820965
40	178	0.836989
41	4	1.24041
41	49	1.26151
41	52	1.08755
41	64	1.27314
41	69	1.2182
41	70	1.10199
41	133	1.10867
41	137	0.802639
41	148	0.724403
41	152	0.721063
41	155	1.14283
41	165	1.07674
41	171	0.756185
41	176	0.880814
41	180	0.919747
42	30	1.23117
42	53	1.20213
42	57	1.0621
42	58	1.20392
42	73	1.15373
42	84	1.11159
42	92	1.17048
42	94	1.22937
42	130	0.82118
42	137	0.821574
42	157	0.776875
42	167	1.14858
42	170	0.82233
42	175	0.772057
42	178	0.791143
43	51	0.650048
43	82	0.637435
43	92	0.623297
43	127	0.615615
43	129	0.630671
43	135	0.663351
43	136	0.616637
43	156	1.28364
43	158	1.20739
43	160	1.31168
43	169	1.28554
43	170	1.23191
43	176	1.19121
43	177	1.19203
43	178	1.24884
43	179	1.22511
44	83	1.25819
44	99	1.34277
44	100	1.20772
44	105	1.29445
44	106	1.25519
44	107	1.25365
44	113	1.2677
44	122	0.823169
44	134	0.659592
44	146	0.713678
44	154	0.661475
44	155	1.23691
44	163	0.717385
44	165	0.859941
44	175	0.727786
44	180	1.14103
45	2	1.26257
45	3	1.27134
45	6	1.25629
45	12	1.21575
45	23	1.15145
45	46	1.29961
45	55	1.38806
45	65	1.18417
45	128	0.735026
45	133	1.16117
45	137	0.791879
45	146	0.728255
45	151	0.742419
45	152	0.710302
45	169	0.701151
45	171	0.745425
46	2	1.27871
46	12	1.23189
46	23	1.16759
46	35	1.22489
46	45	1.29961
46	55	1.4042
46	65	1.20031
46	123	1.20433
46	130	0.720591
46	132	0.676919
46	133	1.1773
46	137	0.720984
46	159	0.719484
46	171	0.67453
46	174	0.880886
46	177	0.763877
47	8	1.30918
47	29	1.1926
47	36	1.1417
47	39	1.28029
47	48	1.22042
47	59	1.24443
47	143	0.721249
47	147	0.713445
47	149	0.775069
47	151	0.734221
47	154	1.31529
47	155	0.746936
47	161	1.24991
47	168	0.720109
47	173	0.745465
47	175	1.25367
48	8	1.16923
48	29	1.05264
48	36	1.00174
48	39	1.14034
48	47	1.22042
48	59	1.10447
48	78	0.885302
48	95	0.842889
48	103	1.10963
48	125	0.787688
48	147	0.848075
48	152	0.836734
48	154	1.17534
48	161	1.10996
48	175	1.11371
48	178	0.88788
49	4	1.32344
49	15	1.23374
49	41	1.26151
49	52	1.17058
49	64	1.35617
49	66	1.22512
49	69	1.30123
49	70	1.18502
49	80	0.671642
49	152	0.692299
49	154	0.658049
49	165	1.15977
49	167	0.766346
49	173	0.735661
49	178	0.743446
49	180	0.890983
50	54	0.717482
50	63	0.807589
50	68	0.786962
50	115	0.692736
50	116	0.726219
50	135	0.773803
50	158	1.10801
50	159	1.13704
50	164	1.10309
50	170	1.13253
50	173	1.17398
50	174	1.0523
50	176	1.09182
50	177	1.09265
50	178	1.14945
50	179	1.12573
51	9	1.00653
51	20	1.08981
51	26	1.1881
51	34	1.11926
51	37	1.12693
51	40	1.13001
51	43	0.650048
51	54	1.14905
51	74	1.12795
51	103	1.1122
51	155	0.833168
51	159	0.868413
51	165	0.952551
51	166	1.13667
51	177	0.912805
51	178	0.839483
52	4	1.14948
52	15	1.05978
52	41	1.08755
52	49	1.17058
52	64	1.18221
52	66	1.05116
52	69	1.12728
52	70	1.01106
52	133	1.01774
52	146	0.890994
52	148	0.876382
52	152	0.873042
52	155	1.0519
52	165	0.985814
52	169	0.863891
52	175	0.905103
52	177	0.997511
53	30	1.25977
53	42	1.20213
53	57	1.0907
53	58	1.23252
53	63	1.15368
53	73	1.18233
53	84	1.14019
53	92	1.19908
53	94	1.25797
53	134	0.700126
53	146	0.754212
53	159	0.816336
53	160	0.720291
53	162	0.809774
53	167	1.17718
53	169	0.727108
53	180	0.934943
54	9	1.06998
54	18	1.31392
54	20	1.15326
54	26	1.25154
54	34	1.1827
54	37	1.19037
54	40	1.19345
54	50	0.717482
54	51	1.14905
54	74	1.19139
54	95	0.751472
54	132	0.782828
54	134	0.709183
54	158	0.868339
54	166	1.20011
54	171	0.78044
54	178	0.796463
55	6	1.36087
55	12	1.32034
55	22	0.490422
55	23	1.25604
55	35	1.31334
55	45	1.38806
55	46	1.4042
55	65	1.28876
55	98	0.628549
55	123	1.29278
55	133	1.26575
55	155	0.667485
55	164	0.798893
55	170	0.704987
55	172	0.799091
55	175	0.654714
55	179	0.715366
56	19	1.07642
56	27	1.02802
56	38	1.09375
56	60	1.07393
56	68	1.03188
56	79	1.09498
56	128	0.892674
56	129	1.09091
56	132	1.09107
56	145	1.09812
56	148	0.87129
56	154	1.13977
56	156	0.880474
56	157	0.904828
56	166	1.09852
56	175	0.90001
56	179	0.960663
57	5	1.31853
57	22	0.751345
57	42	1.0621
57	53	1.0907
57	58	1.09248
57	63	1.01365
57	73	1.04229
57	84	1.00015
57	92	1.05904
57	94	1.11793
57	125	0.83453
57	141	0.994868
57	144	1.04914
57	149	0.956541
57	150	0.897832
57	167	1.03714
57	171	0.918699
58	14	1.22441
58	42	1.20392
58	53	1.23252
58	57	1.09248
58	63	1.15547
58	73	1.18411
58	84	1.14197
58	92	1.20086
58	94	1.25975
58	95	0.725497
58	141	0.830634
58	146	0.737294
58	153	0.748809
58	167	1.17896
58	170	0.801675
58	177	0.843811
58	178	0.770488
59	8	1.19323
59	29	1.07664
59	36	1.02575
59	39	1.16434
59	47	1.24443
59	48	1.10447
59	95	0.780868
59	98	1.17018
59	103	1.13363
59	122	0.902155
59	132	0.812223
59	148	0.778052
59	154	1.19934
59	161	1.13396
59	170	0.857045
59	171	0.809835
59	173	0.818074
59	175	1.13771
60	17	0.777367
60	19	1.14102
60	27	1.09263
60	38	1.15836
60	56	1.07393
60	68	1.09649
60	79	1.15958
60	86	0.92798
60	95	0.769588
60	126	1.19016
60	132	1.15567
60	133	0.861238
60	145	1.16273
60	148	0.766773
60	153	0.7929
60	154	1.20437
60	166	1.16313
60	173	0.806794
61	31	1.07843
61	82	1.12655
61	87	1.17356
61	88	1.1809
61	90	1.08949
61	93	1.23982
61	104	1.1087
61	110	1.20889
61	120	0.748402
61	144	1.14997
61	147	0.75149
61	156	0.752672
61	161	1.14588
61	167	1.13797
61	172	0.916586
61	174	0.981627
61	175	0.772209
61	179	0.832861
62	71	0.676617
62	81	0.716714
62	87	0.728159
62	114	0.733794
62	116	0.765654
62	138	0.722065
62	142	1.14971
62	151	1.2109
62	165	1.10684
62	166	0.707173
62	171	1.19242
62	173	1.20047
62	174	1.07879
62	176	1.11831
62	177	1.11914
62	178	1.17595
62	179	1.15222
62	180	1.07704
63	5	1.38152
63	22	0.703193
63	30	1.18272
63	50	0.807589
63	53	1.15368
63	57	1.01365
63	58	1.15547
63	73	1.10528
63	84	1.06314
63	92	1.12203
63	94	1.18092
63	140	0.789074
63	144	1.11212
63	154	0.801174
63	156	0.847948
63	167	1.10013
63	169	0.826272
63	173	0.878785
64	21	1.41521
64	41	1.27314
64	49	1.35617
64	52	1.18221
64	66	1.23675
64	69	1.31286
64	70	1.19665
64	125	0.632155
64	133	1.20332
64	146	0.699153
64	153	0.710668
64	154	0.64695
64	155	1.23749
64	164	0.85744
64	165	1.1714
64	167	0.755247
64	178	0.732347
64	179	0.773913
65	2	1.16327
65	3	1.17204
65	6	1.15698
65	12	1.11645
65	23	1.05215
65	35	1.10945
65	45	1.18417
65	46	1.20031
65	55	1.28876
65	123	1.08889
65	133	1.06186
65	141	0.864708
65	156	0.76594
65	160	0.737448
65	167	0.827463
65	168	0.771421
65	179	0.846129
65	180	0.9521
66	4	1.20402
66	15	1.11432
66	21	1.28416
66	22	0.666984
66	49	1.22512
66	52	1.05116
66	64	1.23675
66	69	1.18182
66	70	1.06561
66	98	0.805111
66	133	1.07228
66	147	0.810557
66	148	0.802556
66	150	0.813472
66	155	1.10644
66	158	0.922238
66	165	1.04035
66	170	0.881549
67	114	1.23454
67	119	1.21072
67	121	1.2108
67	124	1.26056
67	125	0.65789
67	127	1.20341
67	131	1.28172
67	135	1.19237
67	136	1.22749
67	138	1.26264
67	153	0.736404
67	155	0.751769
67	160	0.690968
67	165	1.12852
67	167	0.780983
67	170	0.78927
67	176	0.866688
67	177	0.831406
67	180	1.09872
68	19	1.09898
68	27	1.05058
68	38	1.11631
68	50	0.786962
68	56	1.03188
68	60	1.09649
68	79	1.11754
68	98	0.820693
68	126	1.14812
68	129	1.11347
68	132	1.11363
68	145	1.12068
68	153	0.844265
68	154	1.16233
68	156	0.827322
68	166	1.12108
68	169	0.805646
68	179	0.90751
68	180	1.01348
69	15	1.19043
69	21	1.36027
69	41	1.2182
69	49	1.30123
69	52	1.12728
69	64	1.31286
69	66	1.18182
69	70	1.14172
69	120	0.728224
69	133	1.14839
69	137	0.801547
69	142	0.827133
69	154	0.68572
69	155	1.18255
69	157	0.756848
69	159	0.800047
69	163	0.74163
69	165	1.11647
69	173	0.763332
70	4	1.16392
70	15	1.07422
70	21	1.24406
70	41	1.10199
70	49	1.18502
70	52	1.01106
70	64	1.19665
70	66	1.06561
70	69	1.14172
70	122	0.905876
70	133	1.03218
70	137	0.860009
70	141	0.889724
70	153	0.8079
70	155	1.06634
70	156	0.790956
70	165	1.00026
70	176	0.938184
70	179	0.871145
71	1	1.06631
71	11	1.23208
71	16	1.16259
71	24	1.13694
71	28	1.28078
71	62	0.676617
71	72	1.23822
71	77	1.2062
71	81	1.27014
71	85	1.22124
71	125	1.25982
71	132	1.21126
71	142	0.77218
71	144	0.959903
71	150	0.679273
71	155	0.709849
71	156	0.67754
71	167	0.739064
71	170	0.74735
72	11	1.22059
72	16	1.1511
72	24	1.12545
72	28	1.26929
72	32	1.26439
72	71	1.23822
72	77	1.19471
72	81	1.25865
72	85	1.20975
72	103	0.775386
72	123	1.15982
72	128	0.721174
72	132	1.19976
72	146	0.714402
72	163	0.718109
72	171	0.731572
72	174	0.937928
72	175	0.72851
72	179	0.789162
73	5	1.41016
73	14	1.17422
73	42	1.15373
73	53	1.18233
73	57	1.04229
73	58	1.18411
73	63	1.10528
73	84	1.09178
73	92	1.15068
73	94	1.20956
73	95	0.70621
73	98	0.70595
73	144	1.14077
73	152	0.700054
73	154	0.665804
73	161	1.00426
73	167	1.12878
73	168	0.71806
73	174	0.941533
73	176	0.859806
74	9	1.04887
74	18	1.29281
74	20	1.13215
74	26	1.23043
74	34	1.1616
74	37	1.16926
74	40	1.17235
74	51	1.12795
74	54	1.19139
74	103	1.15454
74	123	1.1316
74	139	0.809283
74	154	0.729768
74	160	0.74805
74	163	0.785678
74	165	0.928233
74	166	1.179
74	169	0.754866
74	171	0.79914
74	179	0.856731
75	80	0.746653
75	102	1.20491
75	114	1.17551
75	118	1.24059
75	119	1.1517
75	121	1.15178
75	124	1.20154
75	125	0.718264
75	127	1.14439
75	131	1.22269
75	135	1.13335
75	136	1.16847
75	138	1.20362
75	143	0.786455
75	167	0.841357
75	169	0.758158
75	173	0.810671
75	176	0.927062
75	178	0.818456
75	180	1.0397
76	114	1.18326
76	117	1.11917
76	118	1.24833
76	119	1.15944
76	121	1.15953
76	124	1.20929
76	127	1.15213
76	131	1.23044
76	135	1.14109
76	136	1.17621
76	138	1.21136
76	139	0.804906
76	149	0.832606
76	150	0.773896
76	153	0.789108
76	157	0.796518
76	160	0.743673
76	169	0.750489
76	176	0.919392
76	180	1.04744
77	1	1.02281
77	11	1.18857
77	16	1.11908
77	24	1.09343
77	28	1.23727
77	32	1.23238
77	71	1.2062
77	72	1.19471
77	81	1.22664
77	85	1.17773
77	123	1.1278
77	132	1.16775
77	134	0.696462
77	139	0.77786
77	146	0.750548
77	155	0.777427
77	165	0.89681
77	175	0.764656
77	176	0.892347
77	177	0.857064
78	38	0.761047
78	48	0.885302
78	104	0.85874
78	109	0.72814
78	124	0.772455
78	131	0.706641
78	134	1.20081
78	152	1.17234
78	162	1.12866
78	166	0.744141
78	168	1.15344
78	170	1.0995
78	171	1.1329
78	172	1.04446
78	174	1.01927
78	176	1.05879
78	177	1.05962
78	178	1.11643
78	179	1.0927
79	19	1.16207
79	27	1.11368
79	38	1.17941
79	56	1.09498
79	60	1.15958
79	68	1.11754
79	95	0.755045
79	120	0.757143
79	126	1.21121
79	129	1.17657
79	132	1.17672
79	145	1.18378
79	154	1.22542
79	155	0.793722
79	157	0.785767
79	165	0.913105
79	166	1.18418
79	167	0.822937
79	171	0.784012
79	173	0.792251
80	23	0.805832
80	36	0.891791
80	37	0.677857
80	38	0.691822
80	49	0.671642
80	75	0.746653
80	87	1.21029
80	97	1.27246
80	100	1.13729
80	104	1.14543
80	106	1.18476
80	110	1.24562
80	113	1.19727
80	118	0.672504
80	136	0.734268
80	171	1.18597
80	176	1.11187
80	177	1.11269
80	179	1.14578
80	180	1.0706
81	1	1.08675
81	11	1.25251
81	16	1.18302
81	24	1.15737
81	28	1.30121
81	32	1.29632
81	62	0.716714
81	71	1.27014
81	72	1.25865
81	77	1.22664
81	85	1.24167
81	123	1.19175
81	132	1.23169
81	134	0.668981
81	139	0.750379
81	140	0.658764
81	141	0.816406
81	150	0.71937
81	151	0.737231
81	169	0.695963
81	174	0.946592
82	31	1.05266
82	43	0.637435
82	61	1.12655
82	87	1.14778
82	88	1.15513
82	90	1.06372
82	93	1.21405
82	97	1.20996
82	104	1.08293
82	110	1.18312
82	129	1.13664
82	133	0.873528
82	140	0.729372
82	144	1.1242
82	151	0.807839
82	155	0.820555
82	161	1.12011
82	167	1.1122
82	172	0.95216
82	176	0.935474
82	177	0.900192
83	7	1.21894
83	13	1.22575
83	25	0.643875
83	44	1.25819
83	86	0.941368
83	99	1.23432
83	100	1.09926
83	105	1.186
83	106	1.14674
83	107	1.14519
83	113	1.15925
83	132	0.814332
83	140	1.21345
83	150	0.791077
83	154	0.742571
83	155	1.12846
83	156	0.789345
83	175	0.808882
83	178	0.827968
83	180	1.03257
84	5	1.36802
84	14	1.13208
84	30	1.16923
84	42	1.11159
84	53	1.14019
84	57	1.00015
84	58	1.14197
84	63	1.06314
84	73	1.09178
84	92	1.10853
84	94	1.16742
84	144	1.09863
84	152	0.786695
84	156	0.799219
84	158	0.909717
84	163	0.808355
84	167	1.08663
84	168	0.8047
84	169	0.777543
84	178	0.837841
84	180	0.985379
85	1	1.03784
85	11	1.20361
85	16	1.13412
85	24	1.10847
85	28	1.25231
85	32	1.24741
85	71	1.22124
85	72	1.20975
85	77	1.17773
85	81	1.24167
85	122	0.832463
85	123	1.14284
85	125	1.23135
85	130	0.786203
85	132	1.18279
85	147	0.716361
85	154	0.67077
85	162	0.778534
85	165	0.869235
85	167	0.779067
85	172	0.881458
85	173	0.748381
86	10	0.782964
86	19	0.931564
86	24	0.863433
86	60	0.92798
86	83	0.941368
86	95	1.11254
86	113	0.867938
86	133	1.01873
86	142	1.02967
86	144	0.883553
86	151	1.09086
86	153	1.09926
86	160	1.11875
86	164	1.00955
86	168	1.09292
86	173	1.08043
86	174	0.958757
86	176	0.998274
86	177	0.999099
86	178	1.05591
86	179	1.03218
87	61	1.17356
87	62	0.728159
87	80	1.21029
87	82	1.14778
87	88	1.20214
87	90	1.11072
87	93	1.26106
87	97	1.25697
87	104	1.12993
87	110	1.23012
87	132	0.75407
87	133	0.814365
87	144	1.1712
87	145	1.19085
87	153	0.746027
87	158	0.839581
87	161	1.16712
87	162	0.790073
87	167	1.15921
87	171	0.751682
87	175	0.74862
87	177	0.841028
88	31	1.10701
88	61	1.1809
88	82	1.15513
88	87	1.20214
88	90	1.11807
88	93	1.26841
88	97	1.26431
88	104	1.13728
88	110	1.23747
88	128	0.746523
88	129	1.19099
88	134	0.685666
88	145	1.1982
88	154	0.687549
88	155	0.766632
88	158	0.844822
88	161	1.17447
88	164	0.898039
88	167	1.16656
88	177	0.846269
88	178	0.772946
88	179	0.814512
89	33	1.03526
89	91	1.21001
89	96	1.20871
89	101	1.22815
89	108	1.06498
89	109	1.14603
89	111	1.11129
89	112	1.14593
89	115	1.11139
89	116	1.11152
89	142	0.906435
89	143	0.818417
89	145	1.12606
89	147	0.810613
89	151	0.831389
89	154	0.765022
89	166	1.12647
89	168	0.817277
89	171	0.834395
89	175	1.10608
89	177	0.923741
90	31	1.0156
90	61	1.08949
90	82	1.06372
90	87	1.11072
90	88	1.11807
90	93	1.17699
90	97	1.1729
90	104	1.04586
90	110	1.14606
90	122	0.921772
90	129	1.09958
90	140	0.747979
90	144	1.08713
90	145	1.10679
90	155	0.839161
90	161	1.08305
90	167	1.07514
90	168	0.812334
90	175	0.826389
90	176	0.954081
90	177	0.918798
90	180	0.993013
91	89	1.21001
91	96	1.35351
91	101	1.37295
91	103	0.702795
91	108	1.20978
91	109	1.29083
91	111	1.25609
91	112	1.29073
91	115	1.2562
91	116	1.25633
91	139	0.669124
91	142	0.731022
91	162	0.697373
91	166	1.27127
91	167	0.697906
91	168	0.641864
91	170	0.706192
91	172	0.800296
91	175	1.25088
91	180	0.822543
92	5	1.42691
92	14	1.19097
92	30	1.22812
92	42	1.17048
92	43	0.623297
92	53	1.19908
92	57	1.05904
92	58	1.20086
92	63	1.12203
92	73	1.15068
92	84	1.10853
92	94	1.22632
92	128	0.786309
92	142	0.868748
92	144	1.15752
92	148	0.764925
92	149	0.83455
92	152	0.761585
92	154	0.727335
92	167	1.14553
92	170	0.843918
92	171	0.796708
93	31	1.16594
93	61	1.23982
93	82	1.21405
93	87	1.26106
93	88	1.26841
93	90	1.17699
93	97	1.32324
93	98	0.66623
93	103	0.73927
93	104	1.1962
93	110	1.29639
93	129	1.24991
93	130	0.741517
93	140	0.613984
93	144	1.23747
93	161	1.23339
93	163	0.681994
93	164	0.836574
93	165	0.824549
93	167	1.22548
93	173	0.703696
93	176	0.820086
93	177	0.784803
94	5	1.4858
94	14	1.24986
94	30	1.28701
94	42	1.22937
94	53	1.25797
94	57	1.11793
94	58	1.25975
94	63	1.18092
94	73	1.20956
94	84	1.16742
94	92	1.22632
94	132	0.684311
94	141	0.758092
94	143	0.665945
94	144	1.21641
94	153	0.676267
94	158	0.769822
94	159	0.726876
94	167	1.20442
94	170	0.729133
94	172	0.823237
94	179	0.739512
94	180	0.845484
95	48	0.842889
95	54	0.751472
95	58	0.725497
95	59	0.780868
95	60	0.769588
95	73	0.70621
95	79	0.755045
95	86	1.11254
95	107	0.744601
95	120	1.19418
95	138	0.71662
95	147	1.2032
95	149	1.16496
95	155	1.16683
95	157	1.18116
95	159	1.15744
95	164	1.12349
95	171	1.18632
95	172	1.09788
95	174	1.0727
95	176	1.11222
95	178	1.16985
95	179	1.14613
96	89	1.20871
96	91	1.35351
96	101	1.37165
96	108	1.20847
96	109	1.28953
96	111	1.25479
96	112	1.28942
96	115	1.25489
96	116	1.25502
96	120	0.659025
96	125	0.601725
96	128	0.675495
96	151	0.682888
96	155	0.695603
96	156	0.663295
96	165	0.814986
96	166	1.26996
96	175	1.24958
96	176	0.810523
96	180	0.849455
97	31	1.16184
97	80	1.27246
97	82	1.20996
97	87	1.25697
97	88	1.26431
97	90	1.1729
97	93	1.32324
97	104	1.19211
97	110	1.2923
97	130	0.758049
97	139	0.722131
97	144	1.23338
97	145	1.25303
97	148	0.680206
97	158	0.799888
97	160	0.660898
97	161	1.22929
97	162	0.75038
97	163	0.698525
97	167	1.22139
97	170	0.759199
97	171	0.711988
97	180	0.87555
98	20	0.840776
98	29	1.11835
98	36	1.06745
98	55	0.628549
98	59	1.17018
98	66	0.805111
98	68	0.820693
98	73	0.70595
98	93	0.66623
98	100	0.819243
98	108	1.13831
98	111	1.18463
98	115	1.18473
98	116	1.18486
98	126	0.737385
98	138	0.71636
98	161	1.17566
98	170	1.14562
98	171	1.17902
98	175	1.17942
98	176	1.10492
98	177	1.10574
98	179	1.13883
99	7	1.30352
99	17	0.639363
99	44	1.34277
99	83	1.23432
99	100	1.18385
99	103	0.704365
99	105	1.27058
99	106	1.23132
99	107	1.22978
99	113	1.24383
99	125	1.29441
99	126	1.28034
99	141	1.17943
99	142	0.732592
99	155	1.21304
99	157	0.662307
99	164	0.801669
99	172	0.801867
99	174	0.866907
99	175	0.65749
99	176	0.785181
99	179	0.718142
99	180	1.11716
100	7	1.16847
100	13	1.17528
100	44	1.20772
100	80	1.13729
100	83	1.09926
100	98	0.819243
100	99	1.18385
100	105	1.13553
100	106	1.09627
100	107	1.09472
100	113	1.10877
100	126	1.14529
100	132	0.850859
100	140	1.16298
100	141	1.04437
100	143	0.832493
100	155	1.07799
100	160	0.797379
100	162	0.886862
100	167	0.887394
100	168	0.831353
100	175	0.845408
100	178	0.864494
100	180	0.982102
101	33	1.1982
101	89	1.22815
101	91	1.37295
101	96	1.37165
101	108	1.22792
101	109	1.30897
101	111	1.27423
101	112	1.30887
101	115	1.27433
101	116	1.27446
101	120	0.696647
101	139	0.733658
101	146	0.706346
101	149	0.761358
101	153	0.717861
101	154	0.654143
101	156	0.700917
101	160	0.672425
101	166	1.2894
101	167	0.76244
101	168	0.706399
101	175	1.26902
102	75	1.20491
102	114	1.21644
102	117	1.15235
102	118	1.28151
102	119	1.19263
102	121	1.19271
102	124	1.24247
102	127	1.18531
102	130	0.782332
102	131	1.26362
102	135	1.17427
102	136	1.20939
102	138	1.24454
102	142	0.808312
102	147	0.71249
102	150	0.715405
102	152	0.701149
102	157	0.738026
102	161	1.19264
102	162	0.774663
102	164	0.877388
102	167	0.775196
102	177	0.825618
102	180	1.08062
103	9	1.03313
103	31	0.910962
103	33	0.844728
103	35	0.783393
103	39	1.1695
103	48	1.10963
103	51	1.1122
103	59	1.13363
103	72	0.775386
103	74	1.15454
103	91	0.702795
103	93	0.73927
103	99	0.704365
103	115	0.799508
103	127	0.832839
103	141	1.08938
103	153	1.16936
103	161	1.13912
103	166	1.16326
103	175	1.14287
103	176	1.06837
103	177	1.0692
103	178	1.12601
103	179	1.10228
104	31	1.03481
104	61	1.1087
104	78	0.85874
104	80	1.14543
104	82	1.08293
104	87	1.12993
104	88	1.13728
104	90	1.04586
104	93	1.1962
104	97	1.19211
104	110	1.16526
104	129	1.11879
104	140	0.763821
104	144	1.10634
104	145	1.126
104	147	0.821512
104	152	0.810171
104	161	1.10226
104	163	0.831831
104	165	0.974386
104	167	1.09435
104	169	0.80102
104	175	0.842232
104	179	0.902884
105	13	1.26202
105	44	1.29445
105	83	1.186
105	99	1.27058
105	100	1.13553
105	106	1.183
105	107	1.18146
105	113	1.19551
105	125	1.2461
105	126	1.23203
105	140	1.24971
105	141	1.13111
105	142	0.804704
105	146	0.715493
105	147	0.708882
105	155	1.16472
105	157	0.734418
105	160	0.681572
105	162	0.771055
105	174	0.939019
105	177	0.82201
105	178	0.748687
105	179	0.790253
105	180	1.06884
106	7	1.21594
106	13	1.22275
106	44	1.25519
106	80	1.18476
106	83	1.14674
106	99	1.23132
106	100	1.09627
106	105	1.183
106	107	1.1422
106	113	1.15625
106	125	1.20683
106	133	0.846683
106	140	1.21045
106	141	1.09185
106	149	0.821842
106	155	1.12546
106	156	0.761401
106	159	0.828954
106	160	0.732909
106	169	0.739726
106	173	0.792239
106	175	0.780938
106	176	0.908629
106	178	0.800024
106	180	1.02958
107	7	1.2144
107	13	1.22121
107	44	1.25365
107	83	1.14519
107	95	0.744601
107	99	1.22978
107	100	1.09472
107	105	1.18146
107	106	1.1422
107	113	1.1547
107	125	1.20529
107	126	1.19122
107	132	0.775956
107	140	1.20891
107	141	1.0903
107	155	1.12392
107	159	0.818522
107	162	0.811959
107	163	0.760105
107	171	0.773568
107	173	0.781807
107	175	0.770506
107	176	0.898197
107	179	0.831158
107	180	1.02803
108	10	1.15146
108	33	1.03502
108	89	1.06498
108	91	1.20978
108	96	1.20847
108	98	1.13831
108	101	1.22792
108	109	1.14579
108	111	1.11106
108	112	1.14569
108	115	1.11116
108	116	1.11129
108	133	0.846128
108	139	0.793588
108	140	1.17095
108	145	1.12583
108	150	0.762578
108	156	0.760846
108	162	0.821837
108	166	1.12623
108	170	0.830656
108	171	0.783445
108	172	0.92476
108	174	0.989801
108	175	1.10585
108	178	0.799469
109	10	1.23251
109	33	1.11607
109	78	0.72814
109	89	1.14603
109	91	1.29083
109	96	1.28953
109	101	1.30897
109	108	1.14579
109	111	1.19211
109	112	1.22674
109	115	1.19221
109	116	1.19234
109	122	0.807015
109	130	0.760755
109	133	0.777377
109	139	0.724837
109	140	1.252
109	141	0.790864
109	145	1.20688
109	150	0.693828
109	152	0.679572
109	166	1.20728
109	168	0.697577
109	174	0.92105
109	175	1.1869
109	178	0.730718
110	31	1.135
110	61	1.20889
110	80	1.24562
110	82	1.18312
110	87	1.23012
110	88	1.23747
110	90	1.14606
110	93	1.29639
110	97	1.2923
110	104	1.16526
110	129	1.21898
110	130	0.799978
110	134	0.682662
110	140	0.672445
110	144	1.20653
110	145	1.22619
110	156	0.731319
110	158	0.841817
110	159	0.798872
110	161	1.20245
110	167	1.19454
110	169	0.709643
110	173	0.762156
110	175	0.750855
110	177	0.843264
110	178	0.769941
111	10	1.19777
111	33	1.08134
111	89	1.11129
111	91	1.25609
111	96	1.25479
111	98	1.18463
111	101	1.27423
111	108	1.11106
111	109	1.19211
111	112	1.19201
111	115	1.15748
111	116	1.1576
111	130	0.812343
111	137	0.812736
111	139	0.776425
111	140	1.21727
111	145	1.17214
111	149	0.804125
111	152	0.73116
111	157	0.768037
111	159	0.811236
111	160	0.715192
111	162	0.804674
111	166	1.17255
111	167	0.805207
111	175	1.15216
111	179	0.823872
112	10	1.23241
112	33	1.11597
112	89	1.14593
112	91	1.29073
112	96	1.28942
112	101	1.30887
112	108	1.14569
112	109	1.22674
112	111	1.19201
112	115	1.19211
112	116	1.19224
112	132	0.726246
112	133	0.786541
112	139	0.734
112	140	1.2519
112	145	1.20678
112	146	0.706688
112	151	0.720852
112	158	0.811758
112	160	0.672767
112	166	1.20718
112	173	0.732097
112	175	1.1868
112	176	0.848487
112	178	0.739882
112	180	0.887419
113	7	1.22845
113	13	1.23526
113	44	1.2677
113	80	1.19727
113	83	1.15925
113	86	0.867938
113	99	1.24383
113	100	1.10877
113	105	1.19551
113	106	1.15625
113	107	1.1547
113	125	1.21934
113	126	1.20527
113	132	0.740902
113	140	1.22296
113	141	1.10435
113	150	0.717647
113	155	1.13797
113	156	0.715914
113	158	0.826413
113	162	0.776905
113	165	0.867606
113	171	0.738513
113	173	0.746752
113	176	0.863143
113	178	0.754537
113	180	1.04208
114	62	0.733794
114	67	1.23454
114	75	1.17551
114	76	1.18326
114	102	1.21644
114	117	1.12295
114	118	1.25212
114	119	1.16323
114	121	1.16331
114	124	1.21307
114	126	1.21441
114	127	1.15592
114	131	1.23422
114	135	1.14488
114	136	1.18
114	138	1.21514
114	147	0.733534
114	150	0.736449
114	152	0.722193
114	154	0.687943
114	155	0.767026
114	158	0.845216
114	167	0.79624
114	168	0.740199
114	174	0.963672
114	176	0.881945
114	180	1.05123
115	10	1.19787
115	33	1.08144
115	50	0.692736
115	89	1.11139
115	91	1.2562
115	96	1.25489
115	98	1.18473
115	101	1.27433
115	103	0.799508
115	108	1.11116
115	109	1.19221
115	111	1.15748
115	112	1.19211
115	116	1.15771
115	140	1.21737
115	145	1.17225
115	151	0.752689
115	156	0.733096
115	160	0.704604
115	163	0.742232
115	165	0.884787
115	166	1.17265
115	169	0.71142
115	172	0.897009
115	173	0.763933
115	175	1.15227
115	176	0.880324
116	10	1.198
116	33	1.08157
116	50	0.726219
116	62	0.765654
116	89	1.11152
116	91	1.25633
116	96	1.25502
116	98	1.18486
116	101	1.27446
116	108	1.11129
116	109	1.19234
116	111	1.1576
116	112	1.19224
116	115	1.15771
116	137	0.835631
116	140	1.2175
116	145	1.17238
116	147	0.765395
116	154	0.719804
116	159	0.834131
116	166	1.17278
116	168	0.772059
116	169	0.744902
116	171	0.789177
116	173	0.797415
116	175	1.15239
116	178	0.8052
117	76	1.11917
117	102	1.15235
117	114	1.12295
117	118	1.18803
117	119	1.09914
117	121	1.09922
117	124	1.14898
117	126	1.15033
117	127	1.09183
117	131	1.17014
117	135	1.08079
117	136	1.11591
117	138	1.15106
117	140	0.748822
117	144	1.10324
117	150	0.809428
117	151	0.827289
117	160	0.779204
117	161	1.09916
117	164	0.971412
117	165	1.01694
117	167	0.869219
117	176	0.954924
117	177	0.919641
117	178	0.846318
117	179	0.887885
117	180	0.98714
118	75	1.24059
118	76	1.24833
118	80	0.672504
118	102	1.28151
118	114	1.25212
118	117	1.18803
118	119	1.2283
118	121	1.22838
118	127	1.22099
118	131	1.2993
118	135	1.20995
118	136	1.24507
118	138	1.28022
118	141	1.17857
118	143	0.712306
118	144	1.2324
118	150	0.707417
118	163	0.714821
118	165	1.1461
118	167	0.767208
118	171	0.728284
118	173	0.736522
118	175	0.725221
118	176	0.852913
118	177	0.81763
118	178	0.744307
118	179	0.785874
118	180	1.1163
119	25	0.668426
119	67	1.21072
119	75	1.1517
119	76	1.15944
119	102	1.19263
119	114	1.16323
119	117	1.09914
119	118	1.2283
119	124	1.18926
119	127	1.1321
119	129	1.15596
119	131	1.21041
119	132	0.838883
119	134	0.765239
119	135	1.12106
119	136	1.15618
119	138	1.19133
119	140	0.755022
119	144	1.14351
119	154	0.767122
119	155	0.846205
119	157	0.83825
119	158	0.924395
119	165	1.05721
119	169	0.792221
119	170	0.883706
119	175	0.833433
119	180	1.02741
120	20	0.843134
120	25	1.34785
120	34	0.797631
120	40	0.794096
120	61	0.748402
120	69	0.728224
120	79	0.757143
120	95	1.19418
120	96	0.659025
120	101	0.696647
120	126	0.739742
120	129	0.777212
120	151	1.1725
120	153	1.18091
120	158	1.0961
120	159	1.12513
120	160	1.20039
120	162	1.14978
120	163	1.16879
120	166	0.703827
120	169	1.17424
120	170	1.12062
120	172	1.06558
120	173	1.16207
120	176	1.07991
120	177	1.08074
120	178	1.13755
120	179	1.11382
121	67	1.2108
121	75	1.15178
121	76	1.15953
121	102	1.19271
121	114	1.16331
121	117	1.09922
121	118	1.22838
121	124	1.18934
121	125	0.706905
121	127	1.13218
121	129	1.15604
121	131	1.21049
121	135	1.12114
121	136	1.15626
121	138	1.19141
121	151	0.788068
121	154	0.721701
121	156	0.768475
121	157	0.792828
121	161	1.13951
121	164	0.93219
121	165	1.05729
121	170	0.838284
121	171	0.791073
121	172	0.932389
121	177	0.88042
121	178	0.807097
121	180	1.02749
122	4	0.809403
122	10	0.745861
122	24	0.826329
122	37	0.825957
122	44	0.823169
122	59	0.902155
122	70	0.905876
122	85	0.832463
122	90	0.921772
122	109	0.807015
122	143	1.16367
122	148	1.13507
122	152	1.14939
122	153	1.13683
122	156	1.12827
122	158	1.05203
122	162	1.1057
122	164	1.04711
122	167	1.09868
122	169	1.13017
122	170	1.07654
122	172	1.0215
122	173	1.118
122	174	0.996322
122	176	1.03584
122	177	1.03666
122	178	1.09347
122	179	1.06975
123	3	1.17606
123	9	1.01019
123	12	1.12047
123	18	1.25412
123	34	1.12291
123	35	1.11347
123	37	1.13058
123	46	1.20433
123	55	1.29278
123	65	1.08889
123	72	1.15982
123	74	1.1316
123	77	1.1278
123	81	1.19175
123	85	1.14284
123	125	1.18142
123	134	0.707931
123	153	0.773532
123	155	0.788896
123	158	0.867086
123	163	0.765724
123	165	0.908279
123	166	1.14032
123	167	0.818111
123	170	0.826397
123	171	0.779187
123	173	0.787425
123	180	0.942748
124	25	0.59094
124	67	1.26056
124	75	1.20154
124	76	1.20929
124	78	0.772455
124	102	1.24247
124	114	1.21307
124	117	1.14898
124	119	1.18926
124	121	1.18934
124	127	1.18195
124	128	0.74861
124	131	1.26025
124	135	1.1709
124	136	1.20602
124	137	0.805463
124	138	1.24117
124	142	0.83105
124	144	1.19336
124	149	0.796852
124	158	0.846909
124	159	0.803963
124	161	1.18927
124	163	0.745546
124	165	1.10705
124	168	0.741892
124	175	0.755947
124	178	0.775033
124	180	1.07726
125	6	0.663597
125	16	1.1727
125	24	1.14705
125	31	0.78298
125	34	0.740332
125	48	0.787688
125	57	0.83453
125	64	0.632155
125	67	0.65789
125	71	1.25982
125	75	0.718264
125	85	1.23135
125	96	0.601725
125	99	1.29441
125	105	1.2461
125	106	1.20683
125	107	1.20529
125	113	1.21934
125	121	0.706905
125	123	1.18142
125	129	0.719913
125	135	0.752593
125	153	1.23493
125	172	1.1196
125	173	1.2161
125	176	1.13394
125	177	1.13477
125	178	1.19157
125	180	1.09267
126	19	1.19265
126	22	0.599258
126	38	1.20999
126	60	1.19016
126	68	1.14812
126	79	1.21121
126	98	0.737385
126	99	1.28034
126	100	1.14529
126	105	1.23203
126	107	1.19122
126	113	1.20527
126	114	1.21441
126	117	1.15033
126	120	0.739742
126	133	0.829295
126	135	1.17225
126	136	1.20737
126	138	1.24252
126	148	0.734829
126	151	0.763606
126	153	0.760957
126	162	0.805003
126	166	1.21475
126	168	0.749494
126	175	0.763549
126	177	0.855958
126	179	0.824202
126	180	1.0786
127	43	0.615615
127	67	1.20341
127	75	1.14439
127	76	1.15213
127	102	1.18531
127	103	0.832839
127	114	1.15592
127	117	1.09183
127	118	1.22099
127	119	1.1321
127	121	1.13218
127	124	1.18195
127	129	1.14864
127	131	1.2031
127	135	1.11375
127	136	1.14887
127	138	1.18402
127	141	1.08237
127	143	0.773048
127	146	0.771855
127	151	0.78602
127	161	1.13212
127	164	0.930142
127	165	1.0499
127	168	0.771908
127	169	0.744751
127	172	0.93034
127	174	0.995381
127	175	0.785963
127	177	0.878372
127	180	1.0201
128	6	0.737367
128	9	0.960134
128	35	0.729181
128	37	0.723238
128	45	0.735026
128	56	0.892674
128	72	0.721174
128	88	0.746523
128	92	0.786309
128	96	0.675495
128	124	0.74861
128	129	0.793683
128	139	1.18139
128	149	1.14228
128	150	1.19654
128	151	1.18212
128	152	1.20309
128	159	1.13476
128	160	1.21001
128	163	1.17842
128	164	1.10081
128	168	1.18418
128	169	1.18387
128	171	1.16364
128	172	1.0752
128	174	1.05002
128	176	1.08954
128	177	1.09036
128	178	1.14717
128	179	1.12345
128	180	1.04827
129	27	1.10961
129	43	0.630671
129	56	1.09091
129	68	1.11347
129	79	1.17657
129	82	1.13664
129	88	1.19099
129	90	1.09958
129	93	1.24991
129	104	1.11879
129	110	1.21898
129	119	1.15596
129	120	0.777212
129	121	1.15604
129	125	0.719913
129	127	1.14864
129	128	0.793683
129	135	1.1376
129	136	1.17272
129	138	1.20787
129	140	0.722609
129	142	0.876122
129	154	1.22135
129	157	0.805836
129	159	0.849035
129	162	0.842473
129	163	0.790618
129	164	0.945198
129	166	1.18011
129	167	1.14806
129	169	0.759807
129	170	0.851292
129	180	1.04396
130	6	0.793826
130	42	0.82118
130	46	0.720591
130	85	0.786203
130	93	0.741517
130	97	0.758049
130	102	0.782332
130	109	0.760755
130	110	0.799978
130	111	0.812343
130	135	0.882822
130	136	0.836108
130	142	1.09501
130	147	1.1546
130	148	1.16285
130	149	1.11635
130	150	1.17062
130	151	1.1562
130	152	1.17716
130	153	1.1646
130	155	1.11823
130	156	1.15605
130	158	1.0798
130	162	1.13348
130	168	1.15826
130	169	1.15794
130	172	1.04928
130	174	1.0241
130	176	1.06361
130	177	1.06444
130	178	1.12125
130	179	1.09752
131	25	0.525126
131	67	1.28172
131	75	1.22269
131	76	1.23044
131	78	0.706641
131	102	1.26362
131	114	1.23422
131	117	1.17014
131	118	1.2993
131	119	1.21041
131	121	1.21049
131	124	1.26025
131	127	1.2031
131	133	0.755878
131	135	1.19206
131	136	1.22718
131	137	0.73965
131	138	1.26233
131	141	1.16068
131	143	0.677218
131	144	1.21451
131	145	0.947121
131	150	0.672329
131	153	0.68754
131	161	1.21043
131	165	1.12821
131	167	0.73212
131	172	0.834511
131	173	0.701434
131	174	0.899551
131	177	0.782542
131	179	0.750786
131	180	1.09841
132	21	0.640071
132	27	1.10977
132	32	1.23743
132	38	1.17549
132	46	0.676919
132	54	0.782828
132	56	1.09107
132	59	0.812223
132	60	1.15567
132	68	1.11363
132	71	1.21126
132	72	1.19976
132	77	1.16775
132	79	1.17672
132	81	1.23169
132	83	0.814332
132	85	1.18279
132	87	0.75407
132	94	0.684311
132	100	0.850859
132	107	0.775956
132	112	0.726246
132	113	0.740902
132	119	0.838883
132	144	0.756517
132	150	1.19238
132	163	1.17426
132	166	1.18026
132	171	1.15948
132	172	1.07105
132	174	1.04586
132	177	1.08621
132	179	1.11929
133	2	1.14027
133	6	1.13398
133	18	0.695986
133	35	1.08645
133	41	1.10867
133	45	1.16117
133	46	1.1773
133	52	1.01774
133	55	1.26575
133	60	0.861238
133	64	1.20332
133	65	1.06186
133	66	1.07228
133	69	1.14839
133	70	1.03218
133	82	0.873528
133	86	1.01873
133	87	0.814365
133	106	0.846683
133	108	0.846128
133	109	0.777377
133	112	0.786541
133	126	0.829295
133	131	0.755878
133	135	0.899444
133	137	1.07732
133	144	0.816812
133	163	1.10728
133	168	1.11305
133	176	1.0184
133	177	1.01923
133	178	1.07604
133	179	1.05231
134	14	0.706571
134	20	0.798747
134	29	0.830442
134	36	0.876314
134	44	0.659592
134	53	0.700126
134	54	0.709183
134	77	0.696462
134	78	1.20081
134	81	0.668981
134	88	0.685666
134	110	0.682662
134	119	0.765239
134	123	0.707931
134	137	1.19888
134	146	1.24294
134	147	1.23096
134	149	1.19271
134	155	1.19458
134	157	1.20891
134	158	1.15616
134	159	1.18519
134	163	1.22885
134	166	0.65944
134	168	1.23461
134	169	1.2343
134	170	1.18067
134	171	1.21407
134	172	1.12563
134	174	1.10045
134	176	1.13997
134	177	1.14079
