1	39	1.08844
1	44	1.25619
1	77	1.13464
1	92	1.25982
1	107	1.18791
1	142	0.591056
1	144	1.18837
1	148	1.24698
1	153	0.645555
1	168	1.23765
1	174	0.579548
1	176	0.58735
2	19	0.502757
2	126	0.46224
2	127	1.35047
2	135	1.37843
2	147	0.478171
2	153	0.478671
2	164	1.38754
2	166	1.38571
2	169	1.33414
2	171	1.39081
2	173	0.471048
2	180	1.37309
3	31	0.42852
3	103	1.3106
3	107	0.50526
3	117	1.39649
3	144	0.510942
3	153	0.487679
3	159	1.36909
3	163	0.461088
3	166	1.39578
3	169	1.34421
3	171	1.40088
3	180	1.38316
4	20	1.17358
4	71	0.56125
4	74	0.652553
4	79	0.609565
4	126	1.21348
4	141	1.20751
4	152	1.19258
4	155	1.22115
4	168	1.20279
4	173	1.18266
4	175	0.585147
4	178	1.20665
5	60	1.30554
5	75	1.45154
5	89	1.32872
5	104	1.44264
5	110	1.39173
5	111	1.33498
5	119	1.34371
5	139	0.50951
5	164	0.486716
5	174	0.472441
5	176	0.480243
5	177	0.457682
6	115	1.33285
6	120	1.44552
6	133	1.35884
6	142	0.489997
6	152	1.35262
6	155	1.38118
6	165	0.484051
6	168	1.36283
6	171	0.469096
6	174	0.47849
6	176	0.486291
6	178	1.36668
7	9	0.472292
7	37	0.470708
7	105	0.458325
7	129	1.38658
7	133	1.36626
7	134	0.507722
7	141	1.37497
7	152	1.36004
7	155	1.3886
7	170	0.498903
7	173	1.35012
7	178	1.3741
8	97	0.591039
8	120	1.26826
8	133	1.18158
8	141	1.19029
8	152	1.17536
8	155	1.20392
8	158	0.613709
8	163	1.22634
8	169	0.625983
8	173	1.16544
8	174	0.576805
8	178	1.18942
9	7	0.472292
9	49	0.455951
9	94	0.496853
9	130	1.35099
9	136	0.482097
9	142	1.39212
9	169	1.33059
9	170	1.35235
9	171	1.38726
9	173	0.485921
9	177	1.41725
9	180	1.36954
10	19	1.36962
10	90	0.47531
10	110	1.37585
10	111	1.3191
10	113	1.36903
10	116	1.41353
10	119	1.32783
10	123	1.42525
10	149	0.462232
10	157	0.507228
10	170	0.477108
10	178	0.47808
11	40	0.57897
11	76	0.579156
11	98	1.19879
11	144	1.1417
11	146	1.24774
11	162	0.646919
11	165	1.21799
11	168	1.19098
11	172	1.19057
11	175	1.21948
11	179	0.590995
11	180	1.19294
12	125	1.1516
12	137	1.19732
12	138	0.597787
12	140	1.17764
12	165	0.589251
12	173	1.16507
12	174	1.21674
12	175	1.2137
12	176	0.591491
12	177	1.23487
12	178	0.625746
12	179	1.24306
13	41	1.28088
13	92	1.34595
13	94	1.30985
13	106	0.550596
13	107	1.27404
13	112	1.25806
13	120	0.482473
13	144	1.2745
13	148	1.33311
13	153	0.540765
13	168	1.32378
13	172	0.492594
13	173	0.533142
14	76	0.472027
14	91	0.52764
14	135	1.30793
14	143	0.552275
14	155	0.525189
14	156	1.26869
14	165	1.32764
14	169	1.26364
14	172	1.30022
14	175	1.32913
14	176	1.30024
14	178	0.516888
14	180	1.30259
15	80	0.529221
15	97	1.25629
15	104	0.507591
15	118	1.31725
15	129	0.525871
15	131	1.28123
15	140	0.519925
15	146	0.512385
15	172	1.28643
15	174	1.31837
15	175	1.31533
15	177	1.33651
15	180	1.2888
16	66	1.24653
16	67	0.515278
16	94	0.52666
16	96	1.3714
16	109	0.511855
16	135	1.30288
16	151	0.529936
16	159	1.28347
16	165	1.32259
16	167	0.508379
16	170	1.28035
16	172	1.29517
16	180	1.29754
17	38	0.50831
17	86	0.546819
17	120	0.511462
17	145	1.2636
17	147	1.28583
17	150	1.33408
17	157	1.26973
17	161	1.2801
17	162	1.28899
17	165	0.509309
17	167	1.31312
17	179	1.36499
17	180	0.526614
18	31	0.499044
18	117	1.3132
18	120	0.499911
18	124	0.483725
18	138	1.30267
18	149	1.2969
18	154	0.55257
18	156	1.26597
18	158	1.2828
18	164	1.31432
18	165	1.32492
18	168	0.557487
18	180	1.29988
19	2	0.502757
19	10	1.36962
19	60	1.21848
19	99	0.554058
19	110	1.30467
19	111	1.24791
19	113	1.29784
19	119	1.25665
19	123	1.35407
19	160	1.3516
19	166	0.524087
19	175	0.497785
19	180	0.526022
20	4	1.17358
20	62	0.43855
20	74	0.56326
20	129	1.33262
20	141	1.32101
20	149	0.527434
20	152	1.30608
20	155	1.33465
20	156	0.560759
20	168	1.31629
20	172	0.519061
20	173	1.29616
20	178	1.32014
21	62	0.460931
21	114	1.25958
21	120	1.3705
21	122	0.517767
21	126	1.2985
21	129	1.30415
21	141	1.29253
21	152	1.2776
21	155	1.30617
21	157	0.594811
21	174	0.523606
21	177	0.508847
21	178	1.29167
22	56	0.569612
22	107	0.558288
22	130	0.503959
22	132	1.26799
22	136	1.28383
22	137	1.29355
22	160	0.487937
22	173	1.2613
22	174	1.31297
22	175	1.30993
22	176	0.482502
22	177	1.33111
22	179	1.33929
23	39	1.64328
23	41	1.7496
23	63	1.77267
23	77	1.68949
23	123	0.250724
23	124	0.194348
23	133	0.288408
23	144	1.74321
23	148	1.80182
23	151	0.275412
23	171	0.679527
23	176	0.696722
23	179	0.211855
24	25	0.539953
24	138	0.507952
24	145	1.26256
24	150	1.33304
24	151	1.28911
24	154	1.2727
24	161	1.27906
24	162	1.28795
24	164	0.508129
24	167	1.31207
24	170	0.534938
24	179	1.36395
24	180	0.51672
25	24	0.539953
25	81	0.503435
25	89	0.583004
25	136	1.2831
25	137	1.29282
25	140	1.27313
25	142	0.47067
25	173	1.26057
25	174	1.31223
25	175	1.3092
25	177	1.33037
25	178	0.50122
25	179	1.33856
26	29	0.657746
26	112	0.759781
26	125	1.07566
26	132	1.09582
26	136	1.11166
26	137	1.12138
26	140	1.10169
26	165	0.685355
26	172	0.697629
26	173	1.08913
26	174	1.1408
26	175	1.13776
26	177	1.15893
26	179	1.16712
27	80	0.542852
27	98	0.556917
27	119	0.582327
27	131	1.22363
27	134	1.19505
27	142	1.25379
27	143	0.574653
27	160	1.25887
27	163	0.536624
27	164	1.24565
27	165	1.25625
27	175	1.25774
27	177	1.27891
27	180	1.2312
28	130	0.482399
28	144	0.542411
28	147	1.3826
28	150	1.43086
28	154	1.37051
28	157	1.3665
28	161	1.37688
28	171	0.443747
28	174	0.453141
28	175	0.44777
28	176	1.40352
28	177	0.438382
28	178	1.40776
28	179	1.46176
29	26	0.657746
29	104	0.41503
29	131	0.424365
29	135	0.414008
29	144	0.480286
29	147	1.38619
29	151	1.39052
29	157	1.37009
29	161	1.38046
29	162	1.38935
29	166	0.411947
29	176	1.40711
29	178	1.41135
29	179	1.46535
30	61	0.477837
30	88	0.462601
30	96	0.421846
30	105	1.4245
30	128	0.482925
30	134	0.493911
30	149	0.470216
30	154	1.36625
30	157	1.36224
30	162	1.3815
30	167	1.40563
30	176	1.39926
30	178	1.4035
30	179	1.4575
31	3	0.42852
31	18	0.499044
31	47	0.492341
31	74	0.481946
31	132	1.37045
31	136	1.3863
31	140	1.37633
31	160	0.433147
31	169	0.469089
31	173	1.36377
31	174	1.41543
31	175	1.41239
31	177	1.43357
31	179	1.44175
32	114	1.36412
32	120	1.47504
32	126	1.40304
32	135	0.47101
32	141	1.39707
32	152	1.38214
32	155	1.41071
32	161	0.517459
32	165	0.45358
32	171	0.438625
32	173	1.37223
32	176	0.45582
32	178	1.39621
32	180	0.470885
33	129	0.45908
33	132	1.37045
33	136	1.3863
33	140	1.37633
33	148	0.467718
33	156	0.476321
33	160	0.430022
33	162	0.481745
33	168	0.482077
33	173	1.36377
33	174	1.41543
33	175	1.41239
33	177	1.43357
33	179	1.44175
34	54	0.516336
34	118	0.432898
34	137	1.39066
34	140	1.37097
34	142	0.427206
34	143	0.493142
34	156	0.475233
34	163	0.455114
34	171	1.39821
34	173	1.3584
34	174	1.41007
34	175	1.40703
34	177	1.42821
34	179	1.43639
35	59	1.26664
35	61	0.53369
35	70	0.573819
35	77	0.579758
35	118	1.26824
35	138	1.24258
35	145	0.577454
35	146	0.528669
35	166	1.2524
35	169	1.20083
35	170	1.22259
35	172	1.23741
35	174	1.26935
35	180	1.23978
36	48	0.462103
36	91	1.41976
36	103	0.490982
36	129	1.42154
36	143	1.37237
36	152	1.395
36	155	1.42357
36	158	0.472445
36	159	0.467076
36	161	1.37818
36	166	0.456472
36	173	1.38508
36	176	1.40482
36	180	0.458408
37	7	0.470708
37	125	0.504359
37	143	1.37845
37	147	1.38999
37	150	1.43825
37	151	1.39432
37	157	1.37389
37	158	0.462857
37	162	1.39315
37	167	1.41728
37	169	0.475131
37	172	0.443789
37	178	1.41515
37	180	0.448819
38	17	0.50831
38	82	1.4054
38	92	1.42275
38	99	1.38006
38	100	1.37225
38	101	1.40164
38	144	1.3513
38	146	1.45734
38	148	1.40991
38	154	0.477999
38	157	0.488831
38	176	0.425428
38	178	0.459684
38	180	0.440493
39	1	1.08844
39	23	1.64328
39	44	1.21482
39	84	1.28877
39	92	1.21845
39	101	1.19734
39	144	1.147
39	148	1.20561
39	168	1.19628
39	171	0.547698
39	175	0.551721
39	176	0.564894
39	177	0.542333
39	178	0.599149
40	11	0.57897
40	58	0.442222
40	136	0.464633
40	142	0.421581
40	143	1.3748
40	151	1.39067
40	154	1.37425
40	158	0.446977
40	161	1.38061
40	162	1.3895
40	167	1.41363
40	170	0.451158
40	178	1.4115
40	179	1.4655
41	13	1.28088
41	23	1.7496
41	54	1.24507
41	98	1.31041
41	104	0.500436
41	107	1.25286
41	112	1.23688
41	127	0.531735
41	128	0.51534
41	144	1.25332
41	146	1.35936
41	148	1.31192
41	158	0.513326
41	174	0.476422
41	175	0.471051
42	81	0.501077
42	91	0.509614
42	100	0.53444
42	108	1.27662
42	114	1.32046
42	115	1.31872
42	133	1.34471
42	137	0.501631
42	141	1.35342
42	152	1.33849
42	155	1.36706
42	166	0.477736
42	172	0.474641
42	173	1.32857
42	178	1.35256
43	54	1.28525
43	69	0.44394
43	82	1.34759
43	106	0.541678
43	133	1.33879
43	139	0.502909
43	144	1.2935
43	147	0.531347
43	148	1.3521
43	152	1.33257
43	155	1.36114
43	167	0.516875
43	168	1.34278
43	174	0.46584
43	178	1.34663
44	1	1.25619
44	39	1.21482
44	53	1.30094
44	82	1.36885
44	83	0.534641
44	92	1.3862
44	105	0.480415
44	144	1.31475
44	146	1.42079
44	148	1.37336
44	158	0.516812
44	164	0.494184
44	168	1.36403
44	172	0.497744
44	176	0.48771
45	60	0.591153
45	64	0.483345
45	114	1.30566
45	115	1.30392
45	129	1.35023
45	141	1.33862
45	142	0.474198
45	152	1.32369
45	154	0.523064
45	155	1.35226
45	163	1.37468
45	173	1.31377
45	175	0.457319
45	178	1.33775
45	179	0.471726
46	58	0.516146
46	79	0.503044
46	121	0.542009
46	150	1.37106
46	151	1.32713
46	154	1.31072
46	157	1.30671
46	161	1.31708
46	162	1.32597
46	164	0.498273
46	167	1.3501
46	175	0.478626
46	176	1.34372
46	177	0.469238
46	178	1.34797
47	31	0.492341
47	59	0.487389
47	72	1.26188
47	123	0.533397
47	139	1.35143
47	143	1.30804
47	150	1.36783
47	151	1.3239
47	160	0.49873
47	161	1.31385
47	163	1.38166
47	165	0.491055
47	167	1.34686
47	172	0.503329
47	178	1.34474
48	36	0.462103
48	56	1.38143
48	71	0.410356
48	77	1.35378
48	87	0.446391
48	92	1.47896
48	99	1.43626
48	100	1.42845
48	110	0.489669
48	112	1.39106
48	117	0.465381
48	132	0.486299
48	144	1.40751
48	148	1.46611
48	168	1.45679
48	176	0.447426
49	9	0.455951
49	68	1.40396
49	75	1.47062
49	110	1.41081
49	111	1.35405
49	113	1.40398
49	116	1.44848
49	119	1.36278
49	123	1.4602
49	127	0.496791
49	146	1.48486
49	165	0.44704
49	168	0.506768
49	171	0.432084
49	174	0.441478
49	177	0.426719
50	52	1.49835
50	54	0.506008
50	63	0.443666
50	86	1.34581
50	93	0.403056
50	96	1.49528
50	128	1.38847
50	138	1.42422
50	141	0.469212
50	147	0.470878
50	150	0.451294
50	156	1.38752
50	164	1.43587
50	170	1.40423
50	178	0.447428
50	180	1.42142
51	69	0.494076
51	78	1.27697
51	115	1.25118
51	139	0.553044
51	140	0.552323
51	141	1.28588
51	152	1.27095
51	153	1.26673
51	155	1.29952
51	163	1.32194
51	168	1.28116
51	170	0.557061
51	173	1.26104
51	175	0.510604
51	178	1.28502
51	180	0.538842
52	50	1.49835
52	55	0.492637
52	66	1.37534
52	85	1.37158
52	110	0.446823
52	144	0.486048
52	145	0.474371
52	146	0.425587
52	153	0.462785
52	158	1.40928
52	165	1.4514
52	169	1.3874
52	172	1.42398
52	174	1.45593
52	179	0.405814
52	180	1.42636
53	44	1.30094
53	76	0.516964
53	82	1.28721
53	84	1.37489
53	94	1.26847
53	98	1.29021
53	100	1.25406
53	101	1.28346
53	105	0.520275
53	112	1.21668
53	122	0.513929
53	132	0.566442
53	144	1.23312
53	148	1.29173
53	149	0.545977
53	180	0.542635
54	34	0.516336
54	41	1.24507
54	43	1.28525
54	50	0.506008
54	55	0.609559
54	82	1.29278
54	94	1.27404
54	98	1.29578
54	99	1.26744
54	100	1.25963
54	144	1.23868
54	146	1.34472
54	148	1.29729
54	160	0.526937
54	172	0.531537
54	174	0.513701
55	52	0.492637
55	54	0.609559
55	93	0.506607
55	118	0.526121
55	141	0.572763
55	145	1.24996
55	147	1.27218
55	151	1.27651
55	154	1.26009
55	157	1.25608
55	161	1.26645
55	162	1.27534
55	167	1.29947
55	176	1.2931
55	177	0.494163
55	179	1.35134
56	22	0.569612
56	48	1.38143
56	84	1.36262
56	92	1.2923
56	100	1.2418
56	107	1.22039
56	112	1.20441
56	131	0.541324
56	144	1.22085
56	146	1.32689
56	148	1.27946
56	168	1.27013
56	169	0.557153
56	176	0.515776
56	177	0.493215
56	180	0.530841
57	62	0.475015
57	64	0.558345
57	122	0.531852
57	138	0.551789
57	142	0.549198
57	143	1.25916
57	147	1.2707
57	151	1.27502
57	154	1.25861
57	157	1.25459
57	161	1.26497
57	162	1.27386
57	165	0.543252
57	167	1.29798
57	178	1.29586
57	179	1.34986
58	40	0.442222
58	46	0.516146
58	66	1.32007
58	95	1.32751
58	120	0.452927
58	156	1.33718
58	158	1.35401
58	159	1.35701
58	161	0.514653
58	162	0.510171
58	164	1.38554
58	165	1.39613
58	170	1.3539
58	173	0.503596
58	175	1.39762
58	179	0.454248
58	180	1.37109
59	35	1.26664
59	47	0.487389
59	72	0.538079
59	87	1.41783
59	116	0.457014
59	128	1.34333
59	134	1.34013
59	136	0.469519
59	143	0.492403
59	148	0.465891
59	156	1.34238
59	159	1.36221
59	160	1.40394
59	168	0.480249
59	172	1.37391
59	176	1.37393
59	180	1.37628
60	5	1.30554
60	19	1.21848
60	45	0.591153
60	68	1.21786
60	75	1.28452
60	89	1.1617
60	104	1.27562
60	111	1.16795
60	113	1.21788
60	119	1.17669
60	123	1.27411
60	128	0.580444
60	146	1.29877
60	170	0.582611
60	174	0.541526
60	177	0.526767
60	178	0.583583
61	30	0.477837
61	35	0.53369
61	63	0.485188
61	66	0.503473
61	79	0.465939
61	125	1.31566
61	132	1.33582
61	136	1.35166
61	137	1.36138
61	139	0.483961
61	140	1.34169
61	173	1.32913
61	174	1.3808
61	175	1.37776
61	176	0.454694
61	177	1.39893
61	179	1.40712
62	20	0.43855
62	21	0.460931
62	57	0.475015
62	78	0.421369
62	103	1.29542
62	105	1.39087
62	130	1.34942
62	135	1.37331
62	158	1.3509
62	162	0.415347
62	166	1.38059
62	169	1.32902
62	172	1.3656
62	173	0.408772
62	174	1.39755
62	179	0.774989
62	180	1.36798
63	23	1.77267
63	50	0.443666
63	61	0.485188
63	98	1.33349
63	99	1.30515
63	109	0.50587
63	145	1.28215
63	148	1.335
63	149	0.477567
63	151	1.3087
63	158	0.488262
63	161	1.29864
63	162	1.30753
63	167	1.33166
63	168	1.32567
63	170	0.492444
63	173	0.509742
64	45	0.483345
64	57	0.558345
64	83	1.3095
64	102	0.433962
64	128	1.33852
64	142	1.39405
64	159	1.35739
64	161	0.503158
64	166	1.38408
64	168	0.499008
64	169	1.33251
64	170	1.35428
64	171	1.38918
64	172	1.36909
64	178	0.475775
64	179	0.442753
64	180	1.37147
65	66	0.498844
65	87	0.449031
65	126	1.35287
65	133	1.33819
65	140	1.33462
65	143	0.519708
65	152	1.33197
65	155	1.36054
65	156	0.501798
65	169	0.491442
65	170	0.483349
65	174	1.37372
65	175	1.37068
65	177	1.39186
65	178	1.34604
65	179	1.40004
65	180	0.46513
66	16	1.24653
66	52	1.37534
66	58	1.32007
66	61	0.503473
66	65	0.498844
66	71	1.40111
66	101	0.527948
66	113	0.540231
66	127	1.27579
66	128	1.26546
66	156	1.26451
66	163	0.509059
66	166	1.31103
66	168	0.534934
66	172	1.29604
66	177	1.34612
66	179	0.478679
66	180	1.29841
67	16	0.515278
67	83	0.52573
67	123	0.518901
67	125	1.26393
67	132	1.28409
67	136	1.29993
67	137	1.30965
67	140	1.28997
67	154	0.531371
67	169	0.520176
67	171	1.31721
67	173	1.2774
67	174	1.32907
67	175	1.32603
67	176	0.478799
67	177	1.34721
67	178	0.513055
67	179	1.35539
68	49	1.40396
68	60	1.21786
68	75	1.36386
68	81	1.31228
68	85	0.545277
68	89	1.24104
68	96	0.476358
68	104	1.35496
68	105	0.499027
68	111	1.24729
68	113	1.29722
68	119	1.25603
68	123	1.35345
68	160	1.35098
68	166	0.51945
68	169	0.547698
68	172	0.516356
68	179	0.507555
69	43	0.44394
69	51	0.494076
69	86	1.3622
69	90	0.43045
69	126	0.440739
69	127	1.41519
69	131	1.43025
69	145	0.468756
69	155	0.441522
69	163	0.430579
69	164	1.45227
69	166	1.45043
69	167	0.442198
69	174	1.46739
69	175	1.46435
69	176	1.43546
69	177	1.48553
69	180	1.43782
70	35	0.573819
70	104	1.34215
70	110	1.29124
70	113	1.28441
70	118	0.50422
70	123	1.34063
70	130	0.516279
70	145	1.26501
70	154	1.27514
70	156	0.546555
70	157	1.27113
70	160	1.33817
70	167	1.31452
70	171	0.477627
70	172	0.504857
70	174	0.487021
70	178	1.31239
70	179	1.36639
71	4	0.56125
71	48	0.410356
71	66	1.40111
71	81	1.44109
71	91	0.436605
71	113	1.42603
71	116	1.47054
71	119	1.38484
71	123	1.48226
71	129	0.426089
71	133	0.469383
71	136	0.438355
71	163	0.42321
71	169	1.41317
71	172	1.44975
71	175	1.47866
71	178	0.425852
71	180	1.45213
72	47	1.26188
72	59	0.538079
72	94	0.6055
72	96	0.514022
72	131	0.569533
72	139	1.27705
72	143	1.23365
72	150	1.29344
72	151	1.24952
72	154	1.2331
72	157	1.22909
72	162	1.24835
72	163	1.30727
72	167	1.27248
72	171	0.52679
72	175	0.530812
72	177	0.521424
72	178	1.27035
72	179	1.32435
73	106	1.22304
73	135	0.551552
73	139	1.288
73	142	0.540068
73	145	1.23392
73	147	1.25615
73	150	1.3044
73	151	1.26047
73	154	1.24406
73	157	1.24004
73	160	0.541797
73	161	1.25042
73	167	1.28343
73	173	0.586945
73	175	0.52319
73	177	0.513802
73	178	1.28131
73	179	1.33531
73	180	0.551427
74	4	0.652553
74	20	0.56326
74	31	0.481946
74	92	0.519726
74	143	1.22931
74	145	1.21862
74	146	0.503907
74	150	1.2891
74	158	1.24704
74	162	1.24401
74	164	1.27856
74	165	1.28916
74	167	1.26813
74	168	0.540389
74	172	1.26174
74	173	0.533482
74	175	1.29065
74	179	1.32001
74	180	1.26411
75	5	1.45154
75	49	1.47062
75	60	1.28452
75	68	1.36386
75	104	1.42162
75	110	1.37071
75	111	1.31395
75	113	1.36388
75	117	0.480711
75	119	1.32269
75	123	1.42011
75	154	0.515327
75	158	0.491858
75	160	1.41764
75	165	0.460516
75	171	0.445561
75	174	0.454954
75	176	0.462756
75	178	0.497012
76	11	0.579156
76	14	0.472027
76	53	0.516964
76	84	0.437907
76	108	0.518477
76	117	0.436017
76	138	0.424358
76	139	1.40963
76	143	1.36623
76	145	1.35555
76	151	1.3821
76	154	1.36568
76	157	1.36167
76	161	1.37205
76	162	1.38093
76	165	0.415821
76	167	1.40506
76	176	1.39869
76	178	1.40293
77	1	1.13464
77	23	1.68949
77	35	0.579758
77	48	1.35378
77	94	1.22856
77	98	1.2503
77	99	1.22196
77	100	1.21415
77	101	1.24354
77	103	0.5484
77	112	1.17676
77	127	0.548273
77	137	0.537787
77	144	1.1932
77	148	1.25181
77	150	0.538884
77	167	0.543995
77	168	1.24249
77	179	0.501996
78	51	1.27697
78	62	0.421369
78	108	1.26922
78	117	0.509801
78	126	1.35199
78	129	1.35764
78	133	1.33731
78	152	1.33109
78	153	1.32687
78	155	1.35966
78	156	0.543579
78	159	0.515579
78	160	0.49728
78	163	1.38208
78	167	0.535079
78	168	1.3413
78	173	1.32118
78	175	0.478673
78	178	1.34516
78	180	0.506911
79	4	0.609565
79	46	0.503044
79	61	0.465939
79	89	1.26366
79	98	0.491818
79	111	1.26991
79	113	1.31984
79	123	1.37607
79	124	0.423638
79	125	0.510516
79	146	1.40073
79	147	0.497616
79	154	0.492483
79	156	1.31203
79	159	1.33186
79	160	1.3736
79	165	1.37098
79	169	1.30698
79	170	1.32875
79	180	1.34594
80	15	0.529221
80	27	0.542852
80	122	0.452868
80	124	1.44952
80	125	1.27761
80	132	1.29777
80	135	0.481699
80	136	1.31362
80	137	1.32333
80	140	1.30365
80	146	0.487515
80	153	0.524714
80	169	0.507885
80	171	1.33089
80	172	0.476543
80	173	1.29108
80	174	1.34275
80	175	1.33971
80	177	1.36089
80	179	1.36907
81	25	0.503435
81	42	0.501077
81	68	1.31228
81	71	1.44109
81	89	1.25612
81	104	1.37004
81	110	1.31913
81	111	1.26237
81	113	1.3123
81	119	1.27111
81	121	1.32842
81	123	1.36853
81	133	0.542924
81	146	1.39319
81	150	0.503259
81	160	1.36606
81	163	0.496751
81	164	0.471611
81	166	0.478267
81	178	0.499393
82	38	1.4054
82	43	1.34759
82	44	1.36885
82	53	1.28721
82	54	1.29278
82	97	0.488973
82	99	1.32978
82	100	1.32197
82	101	1.35137
82	105	0.475245
82	112	1.28459
82	132	0.521413
82	139	0.511807
82	144	1.30103
82	148	1.35963
82	151	0.54733
82	155	0.525097
82	168	1.35031
82	171	0.465345
82	175	0.469367
83	44	0.534641
83	64	1.3095
83	67	0.52573
83	98	0.527504
83	114	0.536655
83	118	1.31591
83	122	1.31681
83	129	0.510089
83	142	1.31004
83	148	0.518728
83	149	1.28449
83	154	0.528168
83	156	1.25356
83	158	1.27038
83	160	1.31512
83	164	1.30191
83	169	1.24851
83	170	1.27027
83	174	1.31703
83	178	0.509853
83	180	1.28746
84	39	1.28877
84	53	1.37489
84	56	1.36262
84	76	0.437907
84	85	0.487467
84	92	1.46015
84	94	1.42405
84	98	1.4458
84	100	1.40965
84	105	0.441217
84	107	1.38824
84	112	1.37226
84	128	0.479628
84	144	1.3887
84	148	1.44731
84	156	0.500244
84	159	0.472245
84	168	1.43798
84	176	0.448512
84	178	0.482767
84	180	0.463577
85	52	1.37158
85	68	0.545277
85	84	0.487467
85	86	1.21904
85	101	0.518125
85	130	1.2761
85	133	0.545409
85	135	1.29999
85	136	0.51438
85	138	1.29745
85	144	0.54909
85	149	1.29168
85	152	0.520723
85	156	1.26075
85	166	1.30727
85	167	0.510855
85	169	1.2557
85	172	1.29228
85	176	1.2923
85	177	1.34236
85	180	1.29465
86	17	0.546819
86	50	1.34581
86	69	1.3622
86	85	1.21904
86	96	1.34767
86	107	0.539722
86	123	0.504038
86	135	1.27915
86	145	0.533728
86	149	1.27084
86	161	0.525576
86	162	0.521094
86	165	1.29886
86	166	1.28643
86	167	0.50717
86	169	1.23486
86	170	1.25663
86	173	0.514519
86	174	1.30339
86	177	1.32152
86	180	1.27381
87	48	0.446391
87	59	1.41783
87	65	0.449031
87	122	1.42033
87	127	1.36835
87	131	1.3834
87	135	1.39631
87	136	0.47439
87	142	1.41356
87	148	0.470762
87	150	0.465754
87	151	0.492422
87	155	0.470189
87	163	0.459246
87	164	1.40542
87	166	1.40359
87	170	1.37379
87	172	1.3886
87	177	1.43869
87	178	0.461887
87	180	1.39098
88	30	0.462601
88	94	0.500973
88	130	1.34377
88	134	1.32617
88	138	1.36512
88	140	0.468004
88	144	0.520927
88	149	1.35935
88	152	0.492559
88	153	0.497663
88	154	0.49203
88	155	0.482015
88	158	1.34524
88	159	1.34825
88	165	1.38737
88	166	1.37494
88	169	1.32337
88	170	1.34513
88	172	1.35995
88	176	1.35997
88	178	0.473714
88	180	1.36232
89	5	1.32872
89	25	0.583004
89	60	1.1617
89	68	1.24104
89	79	1.26366
89	81	1.25612
89	97	0.55114
89	103	0.592345
89	104	1.2988
89	110	1.24789
89	111	1.19113
89	113	1.24106
89	119	1.19987
89	121	1.25718
89	122	0.531066
89	123	1.29729
89	146	1.32195
89	160	1.29482
89	166	0.557836
89	171	0.527511
89	177	0.522146
89	179	0.54594
90	10	0.47531
90	69	0.43045
90	100	0.529985
90	101	0.510654
90	110	0.502394
90	130	0.481608
90	134	0.502253
90	139	1.37155
90	143	1.32816
90	145	1.31747
90	147	1.3397
90	150	1.38795
90	151	1.34402
90	157	1.3236
90	158	0.489254
90	159	0.483885
90	161	1.33397
90	162	1.34286
90	167	1.36699
90	176	1.36062
90	178	1.36486
90	179	1.41886
91	14	0.52764
91	36	1.41976
91	42	0.509614
91	71	0.436605
91	102	0.466117
91	139	1.3706
91	143	1.32721
91	145	1.31652
91	147	1.33875
91	151	1.34307
91	153	1.34562
91	154	1.32665
91	157	1.32264
91	160	0.479109
91	162	1.34191
91	167	1.36603
91	168	0.531163
91	169	0.515051
91	177	0.451114
91	178	1.36391
91	179	1.41791
91	180	0.488739
92	1	1.25982
92	13	1.34595
92	38	1.42275
92	39	1.21845
92	44	1.3862
92	48	1.47896
92	56	1.2923
92	74	0.519726
92	84	1.46015
92	94	1.35374
92	101	1.36872
92	104	0.481705
92	107	1.31792
92	117	0.483448
92	124	0.449219
92	126	0.507266
92	135	0.480682
92	144	1.31838
92	148	1.37699
92	150	0.503614
92	173	0.516075
92	174	0.457691
93	50	0.403056
93	55	0.506607
93	109	1.34155
93	115	0.489163
93	122	0.40491
93	124	1.53774
93	125	1.36582
93	132	1.38598
93	136	1.40183
93	137	1.41155
93	140	1.39186
93	145	0.488342
93	148	0.461681
93	162	0.475708
93	166	0.43168
93	168	0.476039
93	169	0.459927
93	171	1.4191
93	173	1.3793
93	174	1.43096
93	175	1.42792
93	177	1.4491
93	179	1.45728
94	9	0.496853
94	13	1.30985
94	16	0.52666
94	53	1.26847
94	54	1.27404
94	72	0.6055
94	77	1.22856
94	84	1.42405
94	88	0.500973
94	92	1.35374
94	98	1.33938
94	99	1.31104
94	101	1.33262
94	107	1.28182
94	112	1.26584
94	130	0.511638
94	144	1.28229
94	146	1.38833
94	148	1.34089
94	159	0.513914
94	160	0.495615
94	176	0.490181
94	177	0.46762
95	58	1.32751
95	96	1.37971
95	117	1.31917
95	118	1.33431
95	124	0.456111
95	127	1.28323
95	128	1.2729
95	133	0.550171
95	141	0.528424
95	147	0.53009
95	159	1.29178
95	163	0.503998
95	165	1.3309
95	167	0.515618
95	170	1.28867
95	171	1.32357
95	172	1.30348
95	173	0.522967
95	174	1.33543
95	176	1.3035
95	178	0.50664
95	179	0.473618
95	180	1.30585
96	16	1.3714
96	30	0.421846
96	50	1.49528
96	68	0.476358
96	72	0.514022
96	86	1.34767
96	95	1.37971
96	117	1.4366
96	125	0.469308
96	130	1.40473
96	137	0.435728
96	143	0.468346
96	153	0.456908
96	159	1.40921
96	161	0.460343
96	168	0.456192
96	169	1.38433
96	170	1.40609
96	172	1.42091
96	175	1.44982
96	177	1.47099
96	178	0.432959
96	180	1.42328
97	8	0.591039
97	15	1.25629
97	82	0.488973
97	89	0.55114
97	107	0.510886
97	117	1.33024
97	119	0.512417
97	128	1.28397
97	134	1.28077
97	135	1.32226
97	136	0.481858
97	147	0.492805
97	155	0.477657
97	156	1.28301
97	164	1.33137
97	165	1.34197
97	166	1.32954
97	170	1.29973
97	171	1.33463
97	173	0.485682
97	174	1.34649
97	175	1.34345
97	180	1.31692
98	11	1.19879
98	27	0.556917
98	41	1.31041
98	53	1.29021
98	54	1.29578
98	63	1.33349
98	77	1.2503
98	79	0.491818
98	83	0.527504
98	84	1.4458
98	94	1.33938
98	100	1.32497
98	107	1.30357
98	112	1.28759
98	129	0.515065
98	140	0.509119
98	144	1.30403
98	148	1.36264
98	153	0.538778
98	156	0.532306
98	168	1.35331
98	174	0.472772
98	177	0.458012
99	19	0.554058
99	38	1.38006
99	48	1.43626
99	54	1.26744
99	63	1.30515
99	77	1.22196
99	82	1.32978
99	94	1.31104
99	100	1.29664
99	101	1.32603
99	107	1.27523
99	109	0.518477
99	112	1.25925
99	122	0.458127
99	125	0.542372
99	144	1.27569
99	146	1.38173
99	148	1.3343
99	151	0.536557
99	153	0.529972
99	162	0.528925
99	175	0.458594
99	176	0.471767
100	38	1.37225
100	42	0.53444
100	48	1.42845
100	53	1.25406
100	54	1.25963
100	56	1.2418
100	77	1.21415
100	82	1.32197
100	84	1.40965
100	90	0.529985
100	98	1.32497
100	99	1.29664
100	101	1.31822
100	107	1.26742
100	146	1.37392
100	150	0.536622
100	163	0.530114
100	164	0.504974
100	168	1.31716
100	172	0.508534
100	175	0.485327
100	176	0.4985
100	177	0.475939
101	38	1.40164
101	39	1.19734
101	53	1.28346
101	66	0.527948
101	77	1.24354
101	82	1.35137
101	85	0.518125
101	90	0.510654
101	92	1.36872
101	94	1.33262
101	99	1.32603
101	100	1.31822
101	107	1.29681
101	112	1.28083
101	125	0.549774
101	144	1.29727
101	148	1.35588
101	154	0.53174
101	166	0.492298
101	168	1.34655
101	169	0.520546
101	174	0.471367
101	179	0.480403
102	64	0.433962
102	91	0.466117
102	109	1.34155
102	123	0.461211
102	124	1.53774
102	125	1.36582
102	127	0.468621
102	131	0.446657
102	132	1.38598
102	136	1.40183
102	137	1.41155
102	140	1.39186
102	141	0.477149
102	161	0.482749
102	162	0.478267
102	170	0.454393
102	171	1.4191
102	172	0.431144
102	173	1.3793
102	174	1.43096
102	175	1.42792
102	177	1.4491
102	179	1.45728
103	3	1.3106
103	36	0.490982
103	62	1.29542
103	77	0.5484
103	89	0.592345
103	113	0.53909
103	127	1.25424
103	146	0.497312
103	147	0.53401
103	149	1.27389
103	150	0.514427
103	156	1.24296
103	157	0.539708
103	159	1.26279
103	160	1.30453
103	164	1.29132
103	165	1.30191
103	166	1.28948
103	168	0.533794
103	169	1.23791
103	170	1.25968
103	172	1.27449
103	177	1.32458
103	180	1.27687
104	5	1.44264
104	15	0.507591
104	29	0.41503
104	41	0.500436
104	60	1.27562
104	68	1.35496
104	70	1.34215
104	75	1.42162
104	81	1.37004
104	89	1.2988
104	92	0.481705
104	106	0.512915
104	113	1.35498
104	116	1.39948
104	119	1.31378
104	121	1.3711
104	123	1.4112
104	127	0.492391
104	129	0.479371
104	140	0.473425
104	146	1.43586
104	147	0.502584
104	160	1.40873
104	174	0.437078
105	7	0.458325
105	30	1.4245
105	44	0.480415
105	53	0.520275
105	62	1.39087
105	68	0.499027
105	82	0.475245
105	84	0.441217
105	113	0.484157
105	125	0.491977
105	135	1.37766
105	142	1.3949
105	145	1.32682
105	147	1.34905
105	148	0.464502
105	150	1.3973
105	154	1.33696
105	157	1.33295
105	158	1.35524
105	162	1.35221
105	168	0.478861
105	172	1.36994
105	177	1.42003
105	180	1.37232
106	13	0.550596
106	43	0.541678
106	73	1.22304
106	104	0.512915
106	120	0.496616
106	127	1.27043
106	130	1.2745
106	135	1.29839
106	137	0.533728
106	139	1.30164
106	146	0.51771
106	148	0.539833
106	152	0.549804
106	153	1.27666
106	154	1.25769
106	158	1.27597
106	159	1.27898
106	161	1.26406
106	167	1.29707
106	170	1.27586
106	173	0.547285
106	174	1.32263
106	176	1.2907
106	180	1.29305
107	1	1.18791
107	3	0.50526
107	13	1.27404
107	22	0.558288
107	41	1.25286
107	56	1.22039
107	84	1.38824
107	86	0.539722
107	92	1.31792
107	94	1.28182
107	97	0.510886
107	98	1.30357
107	99	1.27523
107	100	1.26742
107	101	1.29681
107	112	1.23003
107	139	0.53372
107	144	1.24647
107	146	1.35251
107	148	1.30508
107	154	0.557024
107	162	0.56161
107	170	0.537736
107	174	0.496651
108	42	1.27662
108	76	0.518477
108	78	1.26922
108	114	1.24518
108	120	1.35611
108	126	1.28411
108	129	1.28975
108	131	0.55463
108	133	1.26943
108	141	1.27814
108	146	0.550089
108	149	0.54749
108	152	1.26321
108	153	1.25899
108	155	1.29178
108	163	1.3142
108	168	1.27342
108	171	0.511887
108	173	1.25329
108	174	0.521281
108	176	0.529083
108	178	1.27727
108	179	0.530316
108	180	0.544148
109	16	0.511855
109	63	0.50587
109	93	1.34155
109	99	0.518477
109	102	1.34155
109	112	0.547562
109	124	1.42593
109	125	1.25402
109	132	1.27418
109	134	0.517478
109	136	1.29002
109	137	1.29974
109	140	1.28006
109	158	0.504479
109	162	0.532534
109	171	1.3073
109	173	1.26749
109	174	1.31916
109	175	1.31612
109	176	0.475376
109	177	1.3373
109	179	1.34548
109	180	0.490441
110	5	1.39173
110	10	1.37585
110	19	1.30467
110	48	0.489669
110	49	1.41081
110	52	0.446823
110	70	1.29124
110	75	1.37071
110	81	1.31913
110	89	1.24789
110	90	0.502394
110	111	1.25414
110	116	1.34857
110	119	1.26287
110	121	1.32019
110	123	1.36029
110	144	0.552378
110	146	1.38495
110	148	0.51404
110	151	0.535699
110	158	0.500012
110	160	1.35782
110	170	0.504193
110	176	0.470909
110	180	0.485974
111	5	1.33498
111	10	1.3191
111	19	1.24791
111	49	1.35405
111	60	1.16795
111	68	1.24729
111	75	1.31395
111	79	1.26991
111	81	1.26237
111	89	1.19113
111	110	1.25414
111	113	1.24731
111	116	1.29182
111	119	1.20612
111	121	1.26344
111	126	0.565699
111	146	1.3282
111	149	0.542332
111	160	1.30107
111	161	0.585564
111	163	0.555538
111	164	0.530398
111	174	0.516123
111	175	0.510752
111	177	0.501364
111	178	0.55818
111	180	0.538989
112	13	1.25806
112	26	0.759781
112	41	1.23688
112	48	1.39106
112	53	1.21668
112	56	1.20441
112	77	1.17676
112	82	1.28459
112	84	1.37226
112	94	1.26584
112	98	1.28759
112	99	1.25925
112	101	1.28083
112	107	1.23003
112	109	0.547562
112	138	0.50715
112	144	1.23049
112	146	1.33653
112	148	1.2891
112	159	0.524586
112	168	1.27977
112	173	0.551435
112	175	0.48768
112	176	0.500853
112	177	0.478292
112	178	0.535108
112	180	0.515918
113	10	1.36903
113	19	1.29784
113	49	1.40398
113	60	1.21788
113	66	0.540231
113	68	1.29722
113	70	1.28441
113	71	1.42603
113	75	1.36388
113	79	1.31984
113	81	1.3123
113	89	1.24106
113	103	0.53909
113	104	1.35498
113	105	0.484157
113	111	1.24731
113	116	1.34175
113	119	1.25605
113	121	1.31337
113	123	1.35347
113	130	0.512909
113	149	0.509859
113	164	0.497926
113	166	0.504581
113	169	0.532828
113	177	0.468891
113	178	0.525707
113	179	0.492686
114	21	1.25958
114	32	1.36412
114	42	1.32046
114	45	1.30566
114	83	0.536655
114	108	1.24518
114	115	1.28728
114	120	1.39995
114	126	1.32795
114	128	0.520841
114	129	1.33359
114	131	0.515273
114	133	1.31327
114	134	0.531827
114	138	0.496022
114	141	1.32198
114	152	1.30705
114	153	1.30283
114	154	0.542296
114	155	1.33562
114	159	0.513458
114	163	1.35804
114	171	0.47253
114	172	0.499759
114	173	1.29713
114	174	0.481923
114	178	1.32112
114	180	0.50479
115	6	1.33285
115	42	1.31872
115	45	1.30392
115	51	1.25118
115	93	0.489163
115	114	1.28728
115	118	0.508676
115	120	1.39821
115	121	1.30751
115	126	1.32621
115	128	0.530395
115	129	1.33185
115	133	1.31153
115	135	0.514469
115	136	0.546037
115	141	1.32024
115	152	1.30531
115	153	1.30108
115	155	1.33387
115	160	0.504713
115	163	1.35629
115	166	0.512408
115	171	0.482084
115	172	0.509313
115	173	1.29539
115	178	1.31937
115	179	0.500513
115	180	0.514344
116	10	1.41353
116	49	1.44848
116	59	0.457014
116	71	1.47054
116	104	1.39948
116	110	1.34857
116	111	1.29182
116	113	1.34175
116	119	1.30055
116	127	0.510432
116	130	0.484377
116	138	0.469217
116	140	0.491467
116	142	0.466626
116	145	1.32234
116	147	1.34457
116	150	1.39282
116	152	0.516021
116	154	1.33248
116	156	0.514653
116	159	0.486653
116	161	1.33884
116	162	1.34773
116	165	0.46068
116	167	1.37186
116	173	0.513503
116	176	1.36549
116	177	0.44036
116	178	1.36973
117	3	1.39649
117	18	1.3132
117	48	0.465381
117	75	0.480711
117	76	0.436017
117	78	0.509801
117	92	0.483448
117	95	1.31917
117	96	1.4366
117	97	1.33024
117	121	0.496831
117	124	0.430349
117	125	0.517227
117	134	1.3266
117	135	1.36809
117	142	1.38533
117	143	0.516264
117	149	1.35977
117	158	1.34567
117	159	1.34868
117	162	0.503779
117	165	1.38779
117	168	0.504111
117	172	1.36037
117	175	1.38928
117	176	1.36039
117	177	1.41046
117	179	0.447856
117	180	1.36275
118	15	1.31725
118	34	0.432898
118	35	1.26824
118	55	0.526121
118	70	0.50422
118	83	1.31591
118	95	1.33431
118	115	0.508676
118	122	1.40723
118	130	1.35933
118	131	1.37031
118	132	0.476937
118	135	1.38322
118	148	0.481195
118	149	1.37491
118	150	0.476186
118	151	0.502854
118	158	1.3608
118	164	1.39233
118	165	1.40293
118	167	0.481297
118	170	1.36069
118	171	1.39559
118	172	1.3755
118	173	0.488647
118	175	1.40441
118	178	0.47232
118	179	0.439298
118	180	1.37788
119	5	1.34371
119	10	1.32783
119	19	1.25665
119	27	0.582327
119	49	1.36278
119	60	1.17669
119	68	1.25603
119	71	1.38484
119	75	1.32269
119	81	1.27111
119	89	1.19987
119	97	0.512417
119	104	1.31378
119	110	1.26287
119	111	1.20612
119	113	1.25605
119	116	1.30055
119	123	1.31227
119	140	0.53453
119	146	1.33693
119	147	0.563689
119	149	0.52439
119	151	0.570774
119	158	0.535086
119	160	1.3098
119	174	0.498182
119	175	0.492811
119	177	0.483423
119	179	0.507217
120	6	1.44552
120	8	1.26826
120	13	0.482473
120	17	0.511462
120	18	0.499911
120	21	1.3705
120	32	1.47504
120	58	0.452927
120	106	0.496616
120	108	1.35611
120	114	1.39995
120	115	1.39821
120	126	1.43888
120	129	1.44452
120	133	1.4242
120	138	0.434877
120	141	1.43291
120	142	0.432286
120	152	1.41798
120	153	1.41375
120	155	1.44654
120	156	0.480312
120	158	0.457682
120	160	0.434014
120	168	1.42819
120	169	0.469956
120	173	1.40806
120	176	0.42858
120	178	1.43204
120	179	0.429813
121	46	0.542009
121	81	1.32842
121	89	1.25718
121	104	1.3711
121	110	1.32019
121	111	1.26344
121	113	1.31337
121	115	1.30751
121	117	0.496831
121	123	1.36959
121	126	1.34818
121	133	1.3335
121	139	0.508143
121	141	1.34221
121	144	0.560344
121	146	1.39425
121	152	1.32728
121	153	1.32306
121	155	1.35585
121	159	0.502609
121	160	1.36712
121	168	1.33749
121	169	0.520253
121	170	0.51216
121	174	0.471075
121	175	0.465703
121	177	0.456315
121	178	1.34135
121	179	0.48011
121	180	0.493941
122	21	0.517767
122	53	0.513929
122	57	0.531852
122	80	0.452868
122	83	1.31681
122	87	1.42033
122	89	0.531066
122	93	0.40491
122	99	0.458127
122	118	1.40723
122	125	0.485631
122	127	1.35615
122	130	1.36023
122	135	1.38412
122	142	1.40136
122	150	0.453148
122	153	0.473231
122	156	1.34488
122	157	0.478429
122	158	1.3617
122	161	0.476665
122	164	1.39323
122	165	1.40383
122	166	1.3914
122	169	1.33983
122	170	1.36159
122	172	1.37641
122	176	1.37643
122	177	1.42649
122	179	0.41626
122	180	1.37878
123	10	1.42525
123	19	1.35407
123	23	0.250724
123	47	0.533397
123	49	1.4602
123	60	1.27411
123	67	0.518901
123	68	1.35345
123	70	1.34063
123	71	1.48226
123	75	1.42011
123	79	1.37607
123	81	1.36853
123	86	0.504038
123	89	1.29729
123	102	0.461211
123	104	1.4112
123	110	1.36029
123	113	1.35347
123	119	1.31227
123	121	1.36959
123	128	0.499885
123	142	0.472475
123	146	1.43435
123	151	0.533559
123	153	0.526974
123	156	0.520501
123	160	1.40722
123	175	0.455596
123	177	0.446208
123	180	0.483833
124	18	0.483725
124	23	0.194348
124	79	0.423638
124	80	1.44952
124	92	0.449219
124	93	1.53774
124	95	0.456111
124	102	1.53774
124	109	1.42593
124	117	0.430349
124	125	1.45021
124	127	0.459905
124	128	0.443509
124	132	1.47037
124	136	1.48621
124	137	1.49593
124	140	1.47625
124	143	0.482036
124	167	0.455627
124	169	0.45377
124	170	0.445677
124	171	1.50349
124	173	1.46368
124	174	1.51535
124	175	1.51231
124	177	1.53349
124	179	1.54167
124	180	0.427458
125	12	1.1516
125	26	1.07566
125	37	0.504359
125	61	1.31566
125	67	1.26393
125	79	0.510516
125	80	1.27761
125	93	1.36582
125	96	0.469308
125	99	0.542372
125	101	0.549774
125	102	1.36582
125	105	0.491977
125	109	1.25402
125	117	0.517227
125	122	0.485631
125	124	1.45021
125	132	1.29845
125	136	1.3143
125	137	1.32402
125	138	0.505568
125	140	1.30433
125	143	0.568914
125	166	0.512401
125	167	0.542505
125	171	1.33157
125	173	1.29177
125	174	1.34343
125	175	1.34039
125	177	1.36157
125	179	1.36975
126	2	0.46224
126	4	1.21348
126	21	1.2985
126	32	1.40304
126	65	1.35287
126	69	0.440739
126	78	1.35199
126	92	0.507266
126	108	1.28411
126	111	0.565699
126	114	1.32795
126	115	1.32621
126	120	1.43888
126	121	1.34818
126	129	1.37252
126	131	0.495988
126	133	1.3522
126	135	0.485631
126	136	0.517199
126	140	0.498987
126	141	1.36091
126	142	0.474147
126	149	0.488848
126	152	1.34597
126	155	1.37454
126	156	0.522173
126	163	1.39696
126	168	1.35618
126	172	0.480475
126	173	1.33606
126	176	0.470441
126	178	1.36004
127	2	1.35047
127	41	0.531735
127	49	0.496791
127	66	1.27579
127	69	1.41519
127	77	0.548273
127	87	1.36835
127	95	1.28323
127	102	0.468621
127	103	1.25424
127	104	0.492391
127	106	1.27043
127	116	0.510432
127	122	1.35615
127	124	0.459905
127	129	0.51067
127	131	1.31923
127	138	1.3296
127	142	1.34938
127	149	1.32383
127	152	0.529279
127	156	1.2929
127	158	1.30972
127	159	1.31273
127	161	0.537817
127	164	1.34125
127	167	0.519411
127	169	1.28785
127	170	1.30961
127	176	1.32445
127	178	0.510434
127	179	0.477412
127	180	1.3268
128	30	0.482925
128	41	0.51534
128	50	1.38847
128	59	1.34333
128	60	0.580444
128	64	1.33852
128	66	1.26546
128	84	0.479628
128	95	1.2729
128	97	1.28397
128	114	0.520841
128	115	0.530395
128	123	0.499885
128	124	0.443509
128	130	1.29792
128	131	1.30891
128	135	1.32181
128	142	1.33906
128	145	0.529574
128	149	1.3135
128	150	0.497904
128	155	0.502339
128	156	1.28257
128	158	1.2994
128	160	1.34414
128	162	0.51694
128	164	1.33093
128	165	1.34152
128	171	1.33419
128	172	1.3141
128	177	1.36419
128	178	0.494038
128	180	1.31648
129	7	1.38658
129	15	0.525871
129	20	1.33262
129	21	1.30415
129	33	0.45908
129	36	1.42154
129	45	1.35023
129	71	0.426089
129	78	1.35764
129	83	0.510089
129	98	0.515065
129	104	0.479371
129	108	1.28975
129	114	1.33359
129	115	1.33185
129	120	1.44452
129	126	1.37252
129	127	0.51067
129	133	1.35784
129	139	0.492426
129	141	1.36655
129	152	1.35162
129	153	1.3474
129	155	1.38019
129	161	0.524798
129	163	1.40261
129	166	0.476288
129	168	1.36183
129	169	0.504535
129	171	0.445964
129	172	0.473193
129	173	1.3417
129	176	0.463159
129	178	1.36569
130	9	1.35099
130	22	0.503959
130	28	0.482399
130	62	1.34942
130	70	0.516279
130	85	1.2761
130	88	1.34377
130	90	0.481608
130	94	0.511638
130	96	1.40473
130	106	1.2745
130	113	0.512909
130	116	0.484377
130	118	1.35933
130	122	1.36023
130	128	1.29792
130	131	1.3233
130	138	1.33367
130	141	0.506162
130	147	0.507828
130	149	1.3279
130	150	0.488245
130	151	0.514913
130	157	0.513526
130	163	0.481737
130	164	1.34532
130	165	1.35592
130	166	1.34349
130	169	1.29192
130	170	1.31369
130	172	1.3285
130	174	1.36045
130	176	1.32852
130	178	0.484379
130	180	1.33088
131	15	1.28123
131	27	1.22363
131	29	0.424365
131	56	0.541324
131	69	1.43025
131	72	0.569533
131	87	1.3834
131	102	0.446657
131	108	0.55463
131	114	0.515273
131	118	1.37031
131	126	0.495988
131	127	1.31923
131	128	1.30891
131	130	1.3233
131	134	1.30571
131	140	0.48276
131	141	0.510253
131	142	1.36444
131	149	1.33888
131	154	0.506786
131	156	1.30795
131	158	1.32478
131	164	1.35631
131	166	1.35447
131	167	0.497447
131	169	1.3029
131	170	1.32467
131	171	1.35957
131	172	1.33948
131	173	0.504797
131	176	1.3395
131	178	0.48847
131	179	0.455448
131	180	1.34186
132	22	1.26799
132	26	1.09582
132	31	1.37045
132	33	1.37045
132	48	0.486299
132	53	0.566442
132	61	1.33582
132	67	1.28409
132	80	1.29777
132	82	0.521413
132	93	1.38598
132	102	1.38598
132	109	1.27418
132	118	0.476937
132	124	1.47037
132	125	1.29845
132	134	0.509641
132	136	1.33446
132	137	1.34418
132	140	1.32449
132	142	0.471245
132	153	0.525744
132	155	0.510096
132	157	0.530942
132	158	0.496642
132	159	0.491272
132	160	0.472974
132	166	0.480669
132	171	1.35173
132	173	1.31193
132	174	1.36359
132	175	1.36055
132	176	0.467539
132	177	1.38173
132	179	1.38991
133	6	1.35884
133	7	1.36626
133	8	1.18158
133	23	0.288408
133	42	1.34471
133	43	1.33879
133	65	1.33819
133	71	0.469383
133	78	1.33731
133	81	0.542924
133	85	0.545409
133	95	0.550171
133	108	1.26943
133	114	1.31327
133	115	1.31153
133	120	1.4242
133	121	1.3335
133	126	1.3522
133	129	1.35784
133	138	0.51275
133	141	1.34623
133	142	0.510159
133	152	1.3313
133	153	1.32708
133	155	1.35987
133	159	0.530186
133	160	0.511887
133	167	0.549686
133	168	1.34151
133	171	0.489258
133	173	1.32138
133	176	0.506453
133	177	0.483892
133	178	1.34536
133	180	0.521518
134	7	0.507722
134	27	1.19505
134	30	0.493911
134	59	1.34013
134	88	1.32617
134	90	0.502253
134	97	1.28077
134	109	0.517478
134	114	0.531827
134	117	1.3266
134	131	1.30571
134	132	0.509641
134	137	0.507793
134	138	1.31607
