1	5	0.708436
1	9	0.707748
1	13	0.707157
1	18	0.781778
1	20	0.684087
1	21	0.684095
1	30	0.744201
1	35	0.744366
1	38	0.744529
1	72	0.71001
1	159	4.83177
1	172	2.89855
2	95	0.783442
2	99	0.771025
2	100	0.772623
2	106	0.816711
2	107	0.805772
2	108	3.39844
2	110	0.806704
2	113	0.796843
2	118	0.823438
2	136	2.94664
2	146	1.85766
2	167	0.824289
3	25	0.762434
3	26	0.789854
3	43	0.807269
3	49	0.806394
3	50	0.805703
3	51	0.878265
3	55	0.859671
3	139	4.35373
3	151	0.803558
3	158	2.06877
3	162	2.52612
3	168	0.734628
4	7	0.750729
4	8	0.840667
4	12	0.758033
4	17	0.825045
4	19	0.829936
4	27	0.752363
4	28	0.813665
4	109	2.3181
4	117	1.35927
4	126	0.795684
4	134	0.815925
4	175	5.23261
5	1	0.708436
5	9	0.720685
5	13	0.720094
5	18	0.794715
5	20	0.697024
5	21	0.697032
5	30	0.757138
5	35	0.757302
5	38	0.757466
5	148	3.11314
5	152	3.61809
6	11	0.744604
6	32	0.697643
6	37	0.701061
6	44	0.760908
6	45	0.760884
6	46	0.751922
6	121	0.757661
6	145	0.761932
6	156	1.46658
6	172	0.668593
6	176	5.56085
7	4	0.750729
7	12	0.655823
7	17	0.722835
7	19	0.727726
7	27	0.650153
7	28	0.711455
7	78	0.767219
7	125	3.13536
7	126	0.693474
7	131	3.66279
7	132	0.722942
7	134	0.713715
8	4	0.840667
8	12	0.74576
8	17	0.812772
8	19	0.817663
8	27	0.74009
8	28	0.801392
8	78	0.740982
8	101	2.3479
8	132	0.812879
8	134	0.803652
8	156	2.38559
8	158	3.79477
9	1	0.707748
9	5	0.720685
9	13	0.719407
9	18	0.794028
9	20	0.696337
9	21	0.696344
9	30	0.756451
9	35	0.756615
9	38	0.756779
9	123	2.40025
9	164	4.46839
10	16	0.746294
10	22	0.767328
10	29	0.833888
10	31	0.834139
10	34	0.83453
10	36	0.820086
10	39	0.821554
10	131	1.91665
10	156	0.80719
10	162	3.19443
10	172	0.741591
10	173	4.46474
11	6	0.744604
11	32	0.719859
11	37	0.723278
11	44	0.783125
11	45	0.783101
11	46	0.774139
11	109	3.65965
11	145	0.784149
11	158	2.99865
11	172	0.69081
12	4	0.758033
12	7	0.655823
12	8	0.74576
12	17	0.730138
12	19	0.735029
12	27	0.657456
12	28	0.718759
12	126	0.700777
12	132	0.730245
12	134	0.721018
12	138	2.0951
12	178	5.63581
13	1	0.707157
13	5	0.720094
13	9	0.719407
13	18	0.793436
13	20	0.695746
13	21	0.695753
13	30	0.755859
13	35	0.756024
13	38	0.756188
13	97	2.88596
13	133	3.99815
14	23	1.1949
14	33	0.936442
14	40	0.991067
14	41	0.337756
14	42	0.98584
14	47	0.987183
14	48	0.988638
14	145	0.762004
14	168	4.52376
14	175	4.96511
14	179	4.3653
15	32	0.636479
15	46	0.690758
15	59	0.676138
15	71	0.656532
15	79	0.701329
15	101	0.698432
15	117	0.705296
15	143	0.613018
15	167	4.00528
15	170	0.637599
15	172	0.607429
15	177	0.584043
15	178	0.60884
16	10	0.746294
16	22	0.645239
16	24	0.740958
16	29	0.7118
16	31	0.71205
16	34	0.712441
16	36	0.697997
16	39	0.699466
16	78	0.755062
16	136	2.66122
16	147	7.42374
16	156	0.685101
16	172	0.619502
17	4	0.825045
17	7	0.722835
17	8	0.812772
17	12	0.730138
17	19	0.802041
17	27	0.724468
17	28	0.785771
17	126	0.767789
17	131	0.928631
17	132	0.797257
17	134	0.78803
17	171	3.78156
17	180	4.42392
18	1	0.781778
18	5	0.794715
18	9	0.794028
18	13	0.793436
18	20	0.770367
18	21	0.770374
18	30	0.830481
18	35	0.830645
18	38	0.830809
18	65	1.34533
18	172	3.67589
18	180	3.96066
19	4	0.829936
19	7	0.727726
19	8	0.817663
19	12	0.735029
19	17	0.802041
19	27	0.729359
19	28	0.790662
19	78	0.730251
19	97	2.33394
19	125	1.29543
19	126	0.77268
19	132	0.802148
19	157	5.33869
20	1	0.684087
20	5	0.697024
20	9	0.696337
20	13	0.695746
20	18	0.770367
20	21	0.672683
20	30	0.73279
20	35	0.732954
20	38	0.733118
20	70	0.690744
20	72	0.698598
20	138	2.15234
20	179	5.8984
21	1	0.684095
21	5	0.697032
21	9	0.696344
21	13	0.695753
21	18	0.770374
21	20	0.672683
21	30	0.732797
21	35	0.732962
21	38	0.733125
21	70	0.690751
21	72	0.698606
21	130	3.28656
21	169	4.51578
22	10	0.767328
22	16	0.645239
22	24	0.761991
22	29	0.732833
22	31	0.733084
22	34	0.733475
22	36	0.719031
22	39	0.720499
22	112	1.6621
22	156	0.706135
22	160	5.50006
22	172	0.640535
23	14	1.1949
23	33	0.589948
23	40	0.644573
23	41	0.747893
23	42	0.639346
23	47	0.640689
23	48	0.642144
23	111	0.885777
23	119	10.4
23	121	0.672976
23	138	2.88246
23	145	1.177
23	148	1.97413
24	16	0.740958
24	22	0.761991
24	29	0.828552
24	31	0.828803
24	34	0.829194
24	36	0.81475
24	39	0.816218
24	156	0.801853
24	163	2.94573
24	172	0.736254
24	173	2.50432
24	179	3.75237
25	3	0.762434
25	26	0.685165
25	43	0.70258
25	49	0.701705
25	50	0.701014
25	51	0.773575
25	55	0.754982
25	126	0.698087
25	127	0.732678
25	140	3.22402
25	151	0.698869
25	157	4.86185
25	168	0.629939
26	3	0.789854
26	25	0.685165
26	43	0.729999
26	49	0.729124
26	50	0.728433
26	51	0.800995
26	55	0.782402
26	86	2.06867
26	151	0.726288
26	168	0.657358
26	180	5.16094
27	4	0.752363
27	7	0.650153
27	8	0.74009
27	12	0.657456
27	17	0.724468
27	19	0.729359
27	28	0.713088
27	78	0.652678
27	123	2.985
27	126	0.695107
27	132	0.724575
27	134	0.715348
27	142	4.69176
28	4	0.813665
28	7	0.711455
28	8	0.801392
28	12	0.718759
28	17	0.785771
28	19	0.790662
28	27	0.713088
28	78	0.713981
28	85	2.81668
28	117	3.00722
28	126	0.756409
28	132	0.785877
28	134	0.77665
28	148	2.87326
29	10	0.833888
29	16	0.7118
29	22	0.732833
29	24	0.828552
29	31	0.799644
29	34	0.800035
29	36	0.785591
29	39	0.78706
29	109	4.02225
29	130	2.24197
29	136	2.66208
29	156	0.772695
29	172	0.707096
30	1	0.744201
30	5	0.757138
30	9	0.756451
30	13	0.755859
30	18	0.830481
30	20	0.73279
30	21	0.732797
30	35	0.793068
30	38	0.793232
30	70	0.750858
30	72	0.758712
30	131	1.86919
30	171	3.53054
30	178	5.34672
31	10	0.834139
31	16	0.71205
31	22	0.733084
31	24	0.828803
31	29	0.799644
31	34	0.800286
31	36	0.785842
31	39	0.78731
31	85	1.67121
31	154	5.20074
31	156	0.772946
31	164	3.06176
31	172	0.707347
32	6	0.697643
32	11	0.719859
32	15	0.636479
32	37	0.676316
32	44	0.736163
32	45	0.736139
32	46	0.727177
32	62	3.73407
32	89	0.701539
32	111	0.672346
32	121	0.732916
32	129	4.28427
32	145	0.737187
32	172	0.643848
33	14	0.936442
33	23	0.589948
33	40	0.681504
33	41	0.784825
33	42	0.676277
33	47	0.677621
33	48	0.679076
33	70	0.667845
33	72	0.6757
33	111	0.649337
33	121	0.709907
33	145	0.714178
33	156	2.7338
33	172	5.45474
34	10	0.83453
34	16	0.712441
34	22	0.733475
34	24	0.829194
34	29	0.800035
34	31	0.800286
34	36	0.786233
34	39	0.787701
34	97	1.55129
34	156	0.773337
34	169	3.0489
34	172	0.707738
34	173	4.66663
35	1	0.744366
35	5	0.757302
35	9	0.756615
35	13	0.756024
35	18	0.830645
35	20	0.732954
35	21	0.732962
35	30	0.793068
35	38	0.793396
35	70	0.751022
35	72	0.758877
35	74	2.81778
35	98	3.04488
35	108	3.55237
36	10	0.820086
36	16	0.697997
36	22	0.719031
36	24	0.81475
36	29	0.785591
36	31	0.785842
36	34	0.786233
36	39	0.773257
36	78	0.71268
36	86	2.89998
36	96	3.60947
36	151	3.01797
36	156	0.758893
36	172	0.693294
37	6	0.701061
37	11	0.723278
37	32	0.676316
37	44	0.739582
37	45	0.739558
37	46	0.730596
37	89	0.704958
37	111	0.675765
37	115	4.26165
37	121	0.736335
37	139	3.9742
37	145	0.740606
37	172	0.647267
38	1	0.744529
38	5	0.757466
38	9	0.756779
38	13	0.756188
38	18	0.830809
38	20	0.733118
38	21	0.733125
38	30	0.793232
38	35	0.793396
38	70	0.751186
38	72	0.75904
38	115	5.33835
38	155	3.07714
38	156	1.35675
39	10	0.821554
39	16	0.699466
39	22	0.720499
39	24	0.816218
39	29	0.78706
39	31	0.78731
39	34	0.787701
39	36	0.773257
39	78	0.714148
39	133	3.43637
39	151	2.3341
39	156	0.760361
39	170	3.62141
39	172	0.694762
40	14	0.991067
40	23	0.644573
40	33	0.681504
40	41	0.83945
40	42	0.730902
40	47	0.732246
40	48	0.733701
40	70	0.72247
40	72	0.730325
40	111	0.703962
40	121	0.764532
40	135	2.17403
40	144	3.86221
40	145	0.768803
40	153	3.77961
41	14	0.337756
41	23	0.747893
41	33	0.784825
41	40	0.83945
41	42	0.834222
41	47	0.835566
41	48	0.837021
41	111	0.807282
41	121	0.867852
41	135	3.00984
41	145	0.872123
41	156	2.35029
41	170	3.66903
42	14	0.98584
42	23	0.639346
42	33	0.676277
42	40	0.730902
42	41	0.834222
42	47	0.727018
42	48	0.728473
42	70	0.717243
42	72	0.725098
42	96	2.18176
42	98	2.21314
42	111	0.698734
42	121	0.759305
42	145	0.763576
42	176	5.65311
43	3	0.807269
43	25	0.70258
43	26	0.729999
43	49	0.746539
43	50	0.745848
43	51	0.81841
43	55	0.799817
43	98	0.730761
43	126	0.742921
43	127	0.777512
43	129	2.42787
43	151	0.743703
43	161	3.79629
43	166	3.33625
43	168	0.674773
44	6	0.760908
44	11	0.783125
44	32	0.736163
44	37	0.739582
44	45	0.799404
44	46	0.790442
44	89	0.764805
44	111	0.735611
44	121	0.796182
44	122	3.06812
44	142	2.1563
44	145	0.800452
44	172	0.707113
44	179	4.82984
45	6	0.760884
45	11	0.783101
45	32	0.736139
45	37	0.739558
45	44	0.799404
45	46	0.790418
45	89	0.764781
45	96	1.56647
45	111	0.735587
45	121	0.796157
45	145	0.800428
45	172	0.707089
45	174	6.66365
45	180	2.151
46	6	0.751922
46	11	0.774139
46	15	0.690758
46	32	0.727177
46	37	0.730596
46	44	0.790442
46	45	0.790418
46	89	0.755819
46	111	0.726625
46	117	2.51472
46	121	0.787196
46	141	4.40405
46	145	0.791467
46	152	2.88571
46	172	0.698127
47	14	0.987183
47	23	0.640689
47	33	0.677621
47	40	0.732246
47	41	0.835566
47	42	0.727018
47	48	0.729817
47	70	0.718587
47	72	0.726442
47	98	3.14198
47	111	0.700078
47	121	0.760649
47	125	1.47066
47	145	0.764919
47	166	4.74557
48	14	0.988638
48	23	0.642144
48	33	0.679076
48	40	0.733701
48	41	0.837021
48	42	0.728473
48	47	0.729817
48	70	0.720042
48	72	0.727897
48	111	0.701533
48	121	0.762103
48	129	3.6965
48	136	3.05698
48	138	2.9858
48	145	0.766374
49	3	0.806394
49	25	0.701705
49	26	0.729124
49	43	0.746539
49	50	0.744973
49	51	0.817535
49	55	0.798941
49	98	0.729886
49	126	0.742046
49	127	0.776637
49	141	2.31296
49	151	0.742828
49	163	4.13743
49	168	0.673898
49	173	3.69602
50	3	0.805703
50	25	0.701014
50	26	0.728433
50	43	0.745848
50	49	0.744973
50	51	0.816844
50	55	0.798251
50	74	1.76597
50	98	0.729195
50	126	0.741355
50	127	0.775946
50	151	0.742137
50	155	3.05915
50	160	5.2269
50	168	0.673207
51	3	0.878265
51	25	0.773575
51	26	0.800995
51	43	0.81841
51	49	0.817535
51	50	0.816844
51	55	0.870812
51	124	2.91098
51	126	0.813917
51	127	0.848508
51	136	2.27308
51	151	0.814699
51	152	1.79851
51	168	0.745769
51	180	4.56878
52	62	0.623209
52	122	0.62577
52	130	0.656846
52	141	0.611598
52	143	0.589389
52	147	0.565293
52	155	0.613923
52	161	0.592718
52	164	0.6111
52	165	0.560033
52	169	0.618881
52	171	0.61612
52	176	0.579603
52	177	0.560414
52	178	0.585211
52	179	0.584406
53	94	4.65437
53	114	0.581324
53	135	0.677663
53	142	0.648819
53	143	0.619467
53	148	0.708144
53	150	0.662418
53	152	0.687237
53	157	0.63399
53	158	0.650519
53	169	0.648959
53	171	0.646198
53	175	0.602293
53	176	0.609681
53	177	0.590492
53	178	0.615289
54	57	0.806619
54	67	0.805103
54	69	0.804555
54	73	0.782124
54	82	0.824764
54	91	0.843428
54	92	0.796918
54	93	0.797014
54	94	0.841976
54	120	2.33006
54	146	1.85074
54	148	1.9602
54	153	0.743963
54	167	0.831464
54	172	4.95065
54	180	0.741604
55	3	0.859671
55	25	0.754982
55	26	0.782402
55	43	0.799817
55	49	0.798941
55	50	0.798251
55	51	0.870812
55	98	0.783164
55	126	0.795324
55	127	0.829914
55	146	1.28308
55	151	0.796106
55	153	3.92718
55	156	1.66205
55	161	4.37999
55	168	0.727176
56	63	0.778033
56	80	0.767035
56	81	0.789241
56	83	0.867609
56	84	0.788202
56	87	0.817846
56	124	2.99417
56	137	2.01609
56	149	5.18906
56	154	0.677116
56	156	0.762535
56	167	0.786993
56	168	0.690603
56	180	0.697133
57	54	0.806619
57	61	0.677925
57	67	0.743707
57	69	0.743159
57	73	0.720728
57	82	0.763368
57	86	1.50029
57	91	0.782032
57	92	0.735522
57	93	0.735618
57	94	0.78058
57	153	0.682567
57	165	7.78447
57	167	0.770068
57	170	1.54116
57	180	0.680208
58	88	0.749386
58	95	0.723918
58	99	0.711501
58	100	0.713099
58	102	0.72192
58	103	0.758611
58	104	0.722506
58	106	0.757187
58	107	0.746248
58	110	0.74718
58	113	0.737319
58	118	0.763914
58	142	3.61059
58	152	2.13468
58	167	0.764765
58	172	4.62018
59	15	0.676138
59	60	0.830258
59	64	0.746753
59	71	0.732611
59	79	0.777407
59	109	0.708058
59	111	0.712006
59	124	1.58359
59	127	0.779914
59	134	0.765564
59	145	0.776847
59	151	0.746105
59	153	0.686064
59	154	0.663688
59	169	1.7548
59	174	7.75404
60	59	0.830258
60	64	0.824794
60	71	0.810651
60	79	0.855448
60	86	1.93107
60	111	0.790046
60	127	0.857954
60	134	0.843604
60	145	0.854887
60	151	0.824145
60	153	0.764105
60	154	0.741729
60	165	6.90107
60	169	2.30513
60	180	2.34472
61	57	0.677925
61	67	0.67641
61	69	0.675861
61	73	0.65343
61	82	0.696071
61	91	0.714734
61	92	0.668225
61	93	0.66832
61	94	0.713283
61	153	0.615269
61	167	0.70277
61	168	2.8861
61	174	5.86112
61	178	2.5223
61	180	1.54971
62	32	3.73407
62	52	0.623209
62	125	0.765191
62	129	0.705657
62	146	0.780604
62	148	0.748473
62	157	0.674318
62	158	0.690847
62	161	0.663125
62	167	1.47121
62	169	0.689288
62	173	0.668586
62	175	0.642622
62	177	0.630821
62	178	0.655618
62	179	0.654813
63	56	0.778033
63	65	2.79768
63	80	0.765995
63	81	0.7882
63	83	0.866568
63	84	0.787161
63	87	0.816806
63	97	2.42881
63	154	0.676075
63	156	0.761494
63	162	4.27383
63	167	0.785953
63	168	0.689562
63	180	0.696092
64	59	0.746753
64	60	0.824794
64	71	0.727147
64	79	0.771943
64	98	0.727699
64	109	0.702594
64	111	0.706542
64	127	0.774449
64	133	2.30579
64	134	0.760099
64	145	0.771383
64	151	0.740641
64	153	0.6806
64	154	0.658224
64	163	4.75034
64	171	3.53545
65	18	1.34533
65	63	2.79768
65	147	0.71573
65	157	0.754348
65	163	0.740108
65	165	0.710469
65	167	1.06228
65	169	0.769317
65	170	0.764406
65	171	0.766556
65	174	0.715349
65	175	0.722651
65	176	0.730039
65	177	0.71085
65	178	0.735647
65	179	0.734842
66	76	0.709927
66	88	0.741608
66	95	0.71614
66	99	0.703722
66	100	0.70532
66	102	0.714141
66	103	0.750832
66	104	0.714727
66	106	0.749408
66	107	0.738469
66	110	0.739402
66	113	0.729541
66	118	0.756136
66	143	4.72272
66	154	3.25782
66	159	3.70028
66	167	0.756987
67	54	0.805103
67	57	0.743707
67	61	0.67641
67	69	0.741644
67	73	0.719212
67	82	0.761853
67	91	0.780516
67	92	0.734007
67	93	0.734102
67	94	0.779065
67	135	2.88956
67	142	3.94135
67	150	3.47773
67	153	0.681051
67	167	0.768553
67	180	0.678693
68	76	0.709927
68	88	0.741608
68	95	0.71614
68	99	0.703722
68	100	0.70532
68	102	0.714141
68	103	0.750832
68	104	0.714727
68	106	0.749408
68	107	0.738469
68	110	0.739402
68	113	0.729541
68	118	0.756136
68	155	2.55303
68	162	2.69916
68	167	0.756987
68	175	5.81732
69	54	0.804555
69	57	0.743159
69	61	0.675861
69	67	0.741644
69	73	0.718664
69	82	0.761305
69	91	0.779968
69	92	0.733459
69	93	0.733554
69	94	0.778516
69	112	3.24655
69	125	2.17936
69	153	0.680503
69	167	0.768004
69	170	4.5151
69	180	0.678144
70	20	0.690744
70	21	0.690751
70	30	0.750858
70	33	0.667845
70	35	0.751022
70	38	0.751186
70	40	0.72247
70	42	0.717243
70	47	0.718587
70	48	0.720042
70	91	0.763826
70	92	0.717317
70	93	0.717412
70	131	1.484
70	167	0.751862
70	168	6.51691
70	170	3.29231
70	180	0.662002
71	15	0.656532
71	59	0.732611
71	60	0.810651
71	64	0.727147
71	78	0.683288
71	79	0.757801
71	98	0.713556
71	109	0.688451
71	111	0.692399
71	120	1.73795
71	127	0.760307
71	134	0.745957
71	140	3.02602
71	145	0.757241
71	151	0.726498
71	153	0.666458
71	154	0.644082
71	175	6.62228
72	1	0.71001
72	20	0.698598
72	21	0.698606
72	30	0.758712
72	33	0.6757
72	35	0.758877
72	38	0.75904
72	40	0.730325
72	42	0.725098
72	47	0.726442
72	48	0.727897
72	80	0.739759
72	105	6.27388
72	137	1.70162
72	164	3.40452
72	167	0.759717
72	168	0.663326
72	180	0.669857
73	54	0.782124
73	57	0.720728
73	61	0.65343
73	67	0.719212
73	69	0.718664
73	82	0.738873
73	91	0.757537
73	92	0.711027
73	93	0.711123
73	94	0.756085
73	126	0.71733
73	132	0.746798
73	152	3.37735
73	153	0.658072
73	156	3.14191
73	167	0.745573
73	169	4.66102
73	180	0.655713
74	35	2.81778
74	50	1.76597
74	80	0.75956
74	87	0.810371
74	92	0.744972
74	93	0.745068
74	94	0.79003
74	95	0.414579
74	150	0.738
74	164	0.71676
74	167	0.779518
74	168	0.683127
74	173	0.70384
74	174	0.670573
74	177	0.666074
74	179	0.690067
74	180	0.689658
75	96	0.780033
75	100	1.9501
75	118	1.38735
75	121	0.425552
75	122	0.722756
75	130	0.753832
75	137	0.76434
75	138	0.762165
75	146	0.807183
75	158	0.717426
75	159	0.675176
75	165	0.657019
75	170	0.710956
75	173	0.695165
75	174	0.661898
75	175	0.669201
75	176	0.676589
75	177	0.6574
75	178	0.682197
76	66	0.709927
76	68	0.709927
76	88	0.732474
76	95	0.707006
76	99	0.694589
76	100	0.696187
76	102	0.705008
76	103	0.741699
76	104	0.705594
76	106	0.740275
76	107	0.729336
76	110	0.730268
76	113	0.720408
76	118	0.747002
76	148	2.02502
76	167	0.747853
76	178	5.1982
76	179	5.40355
77	89	1.19622
77	92	0.937503
77	106	0.176615
77	110	0.273737
77	135	0.805002
77	149	0.747524
77	152	0.814576
77	155	0.77134
77	158	0.777857
77	160	0.739145
77	162	0.779557
77	169	0.776298
77	170	0.771387
77	174	0.72233
77	175	0.729632
77	176	0.73702
77	177	0.717831
77	178	0.742628
77	179	0.741823
78	7	0.767219
78	8	0.740982
78	16	0.755062
78	19	0.730251
78	27	0.652678
78	28	0.713981
78	36	0.71268
78	39	0.714148
78	71	0.683288
78	79	0.728084
78	114	10.4
78	123	2.90484
78	149	2.14198
78	151	0.696781
78	153	0.752915
78	154	1.28657
78	156	0.699784
78	168	3.14253
78	172	0.750359
79	15	0.701329
79	59	0.777407
79	60	0.855448
79	64	0.771943
79	71	0.757801
79	78	0.728084
79	98	0.758353
79	109	0.733248
79	111	0.737196
79	116	2.33273
79	127	0.805104
79	134	0.790754
79	140	2.16413
79	145	0.802037
79	151	0.771295
79	153	0.711254
79	154	0.688878
79	159	5.42987
79	180	3.78142
80	56	0.767035
80	63	0.765995
80	72	0.739759
80	74	0.75956
80	81	0.777202
80	83	0.855571
80	84	0.776163
80	87	0.805808
80	114	0.652344
80	121	0.773966
80	132	0.77618
80	140	2.27142
80	154	0.665078
80	156	0.750497
80	165	6.91446
80	167	0.774955
80	168	0.678565
80	171	1.71577
80	178	3.53195
80	180	0.685095
81	56	0.789241
81	63	0.7882
81	80	0.777202
81	83	0.877776
81	84	0.798369
81	87	0.828013
81	114	0.674549
81	121	0.796171
81	129	2.39136
81	132	0.798386
81	144	3.38957
81	153	3.30697
81	154	0.687283
81	156	0.772702
81	167	0.797161
81	168	0.70077
81	171	3.4052
81	180	0.7073
82	54	0.824764
82	57	0.763368
82	61	0.696071
82	67	0.761853
82	69	0.761305
82	73	0.738873
82	91	0.800177
82	92	0.753668
82	93	0.753763
82	94	0.798726
82	96	1.84231
82	126	0.759971
82	132	0.789439
82	135	1.87893
82	153	0.700712
82	161	3.93732
82	167	0.788214
82	176	5.31366
82	180	0.698354
83	56	0.867609
83	63	0.866568
83	80	0.855571
83	81	0.877776
83	84	0.876737
83	87	0.906382
83	116	1.58714
83	132	0.876754
83	154	0.765652
83	156	0.85107
83	160	3.91827
83	162	1.89665
83	167	0.875529
83	168	0.779138
83	171	2.39348
83	178	4.20966
83	180	0.785669
84	56	0.788202
84	63	0.787161
84	80	0.776163
84	81	0.798369
84	83	0.876737
84	87	0.826974
84	101	1.86629
84	114	0.67351
84	121	0.795132
84	132	0.797347
84	137	2.27381
84	153	4.16911
84	154	0.686244
84	156	0.771663
84	164	3.9767
84	167	0.796121
84	168	0.699731
84	180	0.706261
85	28	2.81668
85	31	1.67121
85	90	0.771278
85	99	2.26202
85	115	0.692668
85	123	0.758711
85	125	0.790576
85	141	0.70739
85	149	0.685899
85	152	0.752951
85	158	0.716232
85	159	0.673982
85	169	0.714673
85	171	0.711912
85	174	0.660705
85	175	0.668007
85	176	0.675395
85	177	0.656206
85	178	0.681003
85	179	0.680198
86	26	2.06867
86	36	2.89998
86	57	1.50029
86	60	1.93107
86	105	0.739004
86	112	0.796134
86	142	0.759607
86	148	0.818932
86	150	0.773206
86	158	0.761307
86	159	0.719057
86	160	0.722594
86	161	0.733584
86	163	0.730538
86	165	0.700899
86	166	0.740357
86	175	0.713082
86	176	0.72047
86	177	0.70128
86	178	0.726078
86	179	0.725273
87	56	0.817846
87	63	0.816806
87	74	0.810371
87	80	0.805808
87	81	0.828013
87	83	0.906382
87	84	0.826974
87	108	3.04919
87	114	0.703155
87	117	1.75185
87	121	0.824777
87	132	0.826991
87	146	1.50842
87	154	0.715889
87	156	0.801308
87	158	3.29657
87	166	4.14529
87	167	0.825766
87	168	0.729376
87	180	0.735906
88	58	0.749386
88	66	0.741608
88	68	0.741608
88	76	0.732474
88	95	0.738687
88	99	0.72627
88	100	0.727868
88	102	0.736689
88	103	0.77338
88	104	0.737275
88	106	0.771956
88	107	0.761017
88	110	0.761949
88	113	0.752089
88	118	0.778683
88	146	2.20746
88	167	0.779534
88	173	2.39491
88	176	3.35235
88	177	6.60324
89	32	0.701539
89	37	0.704958
89	44	0.764805
89	45	0.764781
89	46	0.755819
89	77	1.19622
89	91	0.774511
89	92	0.728002
89	93	0.728097
89	94	0.773059
89	99	0.709283
89	102	0.719702
89	104	0.720288
89	107	0.74403
89	113	0.735102
89	118	0.761696
89	120	2.89579
89	130	3.08533
89	166	5.05334
89	167	0.762547
89	172	0.67249
89	180	0.672687
90	85	0.771278
90	111	1.62011
90	127	0.128273
90	134	1.02086
90	138	0.787863
90	143	0.712073
90	145	0.0714346
90	146	0.832882
90	161	0.715402
90	162	0.744825
90	163	0.712356
90	164	0.733784
90	166	0.722175
90	169	0.741565
90	170	0.736655
90	171	0.738805
90	173	0.720864
90	174	0.687597
90	175	0.6949
90	176	0.702288
90	178	0.707896
90	179	0.707091
91	54	0.843428
91	57	0.782032
91	61	0.714734
91	67	0.780516
91	69	0.779968
91	70	0.763826
91	73	0.757537
91	82	0.800177
91	89	0.774511
91	92	0.772331
91	93	0.772427
91	94	0.817389
91	125	1.88602
91	126	0.778634
91	132	0.808102
91	148	2.63352
91	151	2.93446
91	153	0.719376
91	156	2.90303
91	158	4.31221
91	167	0.806877
91	180	0.717017
92	54	0.796918
92	57	0.735522
92	61	0.668225
92	67	0.734007
92	69	0.733459
92	70	0.717317
92	73	0.711027
92	74	0.744972
92	77	0.937503
92	82	0.753668
92	89	0.728002
92	91	0.772331
92	93	0.725917
92	94	0.77088
92	122	5.15989
92	126	0.732125
92	132	0.761593
92	151	2.56815
92	153	0.672866
92	162	4.40325
92	167	0.760368
92	180	0.670508
93	54	0.797014
93	57	0.735618
93	61	0.66832
93	67	0.734102
93	69	0.733554
93	70	0.717412
93	73	0.711123
93	74	0.745068
93	82	0.753763
93	89	0.728097
93	91	0.772427
93	92	0.725917
93	94	0.770975
93	126	0.73222
93	128	3.13489
93	132	0.761688
93	149	4.34825
93	153	0.672962
93	167	0.760463
93	169	2.32457
93	176	4.89974
93	180	0.670603
94	53	4.65437
94	54	0.841976
94	57	0.78058
94	61	0.713283
94	67	0.779065
94	69	0.778516
94	73	0.756085
94	74	0.79003
94	82	0.798726
94	89	0.773059
94	91	0.817389
94	92	0.77088
94	93	0.770975
94	105	3.32612
94	126	0.777183
94	132	0.806651
94	143	4.06063
94	153	0.717924
94	157	1.41029
94	167	0.805425
94	169	1.49052
94	180	0.715565
95	2	0.783442
95	58	0.723918
95	66	0.71614
95	68	0.71614
95	74	0.414579
95	76	0.707006
95	88	0.738687
95	99	0.700802
95	100	0.7024
95	102	0.711221
95	103	0.747912
95	104	0.711807
95	106	0.746488
95	107	0.735549
95	110	0.736481
95	113	0.726621
95	114	0.631455
95	118	0.753215
95	127	0.760415
95	152	1.65075
95	167	0.754066
95	168	4.5307
95	177	7.33253
96	36	3.60947
96	42	2.18176
96	45	1.56647
96	75	0.780033
96	82	1.84231
96	135	0.777831
96	149	0.720353
96	155	0.744169
96	159	0.708436
96	160	0.711974
96	161	0.722964
96	162	0.752386
96	163	0.719918
96	165	0.690279
96	169	0.749127
96	171	0.746366
96	172	0.714046
96	174	0.695159
96	175	0.702461
96	176	0.709849
96	177	0.69066
96	178	0.715457
96	179	0.714652
97	13	2.88596
97	19	2.33394
97	34	1.55129
97	63	2.42881
97	119	0.692061
97	136	0.775998
97	143	0.716235
97	144	0.735372
97	152	0.784005
97	155	0.740769
97	157	0.730758
97	158	0.747287
97	159	0.705036
97	161	0.719564
97	163	0.716518
97	166	0.726336
97	169	0.745727
97	173	0.725025
97	175	0.699061
97	176	0.706449
97	177	0.68726
97	178	0.712057
97	179	0.711252
98	35	3.04488
98	42	2.21314
98	43	0.730761
98	47	3.14198
98	49	0.729886
98	50	0.729195
98	55	0.783164
98	64	0.727699
98	71	0.713556
98	79	0.758353
98	133	0.703929
98	151	0.72705
98	153	0.66701
98	154	0.644634
98	168	0.65812
98	170	0.694623
98	171	0.696774
98	174	0.645566
98	175	0.652868
98	177	0.641067
98	179	0.665059
99	2	0.771025
99	58	0.711501
99	66	0.703722
99	68	0.703722
99	76	0.694589
99	85	2.26202
99	88	0.72627
99	89	0.709283
99	95	0.700802
99	100	0.689983
99	102	0.698804
99	103	0.735495
99	104	0.69939
99	106	0.734071
99	107	0.723132
99	110	0.724064
99	113	0.714203
99	116	4.14512
99	118	0.740798
99	127	0.747997
99	134	0.733647
99	135	3.24765
99	167	0.741649
99	169	4.10721
100	2	0.772623
100	58	0.713099
100	66	0.70532
100	68	0.70532
100	75	1.9501
100	76	0.696187
100	88	0.727868
100	95	0.7024
100	99	0.689983
100	102	0.700402
100	103	0.737093
100	104	0.700988
100	106	0.735669
100	107	0.72473
100	109	0.677739
100	110	0.725662
100	113	0.715801
100	117	2.16693
100	118	0.742396
100	127	0.749595
100	134	0.735245
100	141	4.05626
100	157	5.32873
100	167	0.743247
101	8	2.3479
101	15	0.698432
101	84	1.86629
101	111	1.88832
101	121	0.740235
101	128	0.74017
101	133	0.745278
101	136	0.771153
101	140	0.758796
101	141	0.7336
101	147	0.687295
101	150	0.754341
101	160	0.703729
101	165	0.682034
101	169	0.740882
101	170	0.735971
101	171	0.738122
101	173	0.720181
101	174	0.686914
101	175	0.694217
101	176	0.701605
101	177	0.682415
101	178	0.707213
101	179	0.706408
102	58	0.72192
102	66	0.714141
102	68	0.714141
102	76	0.705008
102	88	0.736689
102	89	0.719702
102	95	0.711221
102	99	0.698804
102	100	0.700402
102	103	0.745914
102	104	0.709809
102	106	0.74449
102	107	0.733551
102	109	0.68656
102	110	0.734483
102	113	0.724622
102	114	0.629456
102	118	0.751217
102	125	2.43317
102	127	0.758416
102	137	3.82
102	146	3.07121
102	155	5.17057
102	167	0.752068
103	58	0.758611
103	66	0.750832
103	68	0.750832
103	76	0.741699
103	88	0.77338
103	95	0.747912
103	99	0.735495
103	100	0.737093
103	102	0.745914
103	104	0.7465
103	106	0.781181
103	107	0.770242
103	110	0.771174
103	113	0.761314
103	114	0.666148
103	118	0.787908
103	127	0.795108
103	128	3.88871
103	134	0.780758
103	151	1.59071
103	155	3.27967
103	164	3.632
103	167	0.788759
103	171	3.92263
104	58	0.722506
104	66	0.714727
104	68	0.714727
104	76	0.705594
104	88	0.737275
104	89	0.720288
104	95	0.711807
104	99	0.69939
104	100	0.700988
104	102	0.709809
104	103	0.7465
104	106	0.745076
104	107	0.734137
104	109	0.687147
104	110	0.735069
104	113	0.725209
104	114	0.630043
104	116	2.73502
104	118	0.751803
104	131	1.96169
104	134	0.744653
104	154	5.3897
104	167	0.752654
104	175	6.16268
105	72	6.27388
105	86	0.739004
105	94	3.32612
105	108	0.674013
105	114	0.596582
105	129	0.680586
105	138	0.710515
105	151	0.691733
105	152	0.702495
105	157	0.649248
105	159	0.623526
105	160	0.627064
105	163	0.635008
105	164	0.656436
105	166	0.644826
105	169	0.664217
105	170	0.659306
105	171	0.661457
105	173	0.643516
105	174	0.610249
105	175	0.617551
105	176	0.624939
105	178	0.630548
105	179	0.629742
106	2	0.816711
106	58	0.757187
106	66	0.749408
106	68	0.749408
106	76	0.740275
106	77	0.176615
106	88	0.771956
106	95	0.746488
106	99	0.734071
106	100	0.735669
106	102	0.74449
106	103	0.781181
106	104	0.745076
106	107	0.768818
106	110	0.76975
106	113	0.759889
106	114	0.664724
106	118	0.786484
106	134	0.779333
106	148	1.50633
106	152	2.01127
106	163	5.35408
106	167	0.787335
106	178	5.95537
107	2	0.805772
107	58	0.746248
107	66	0.738469
107	68	0.738469
107	76	0.729336
107	88	0.761017
107	89	0.74403
107	95	0.735549
107	99	0.723132
107	100	0.72473
107	102	0.733551
107	103	0.770242
107	104	0.734137
107	106	0.768818
107	109	0.710888
107	110	0.758811
107	113	0.74895
107	118	0.775545
107	134	0.768394
107	146	1.77304
107	151	2.18344
107	153	4.41714
107	167	0.776396
107	170	3.47075
107	171	4.51536
108	2	3.39844
108	35	3.55237
108	87	3.04919
108	105	0.674013
108	141	0.687473
108	148	0.753941
108	150	0.708214
108	152	0.733034
108	155	0.689798
108	157	0.679786
108	159	0.654065
108	160	0.657603
108	161	0.668593
108	162	0.698015
108	163	0.665546
108	164	0.686975
108	169	0.694756
108	170	0.689845
108	171	0.691995
108	174	0.640788
108	175	0.64809
108	176	0.655478
108	178	0.661086
108	179	0.660281
108	180	0.659872
109	4	2.3181
109	11	3.65965
109	29	4.02225
109	59	0.708058
109	64	0.702594
109	71	0.688451
109	79	0.733248
109	100	0.677739
109	102	0.68656
109	104	0.687147
109	107	0.710888
109	113	0.70196
109	118	0.728555
109	124	0.720314
109	150	0.687888
109	153	0.641904
109	154	0.619528
109	157	0.65946
109	167	0.729406
109	169	0.674429
109	170	0.669518
109	176	0.635151
109	177	0.615962
109	178	0.64076
109	179	0.639954
110	2	0.806704
110	58	0.74718
110	66	0.739402
110	68	0.739402
110	76	0.730268
110	77	0.273737
110	88	0.761949
110	95	0.736481
110	99	0.724064
110	100	0.725662
110	102	0.734483
110	103	0.771174
110	104	0.735069
110	106	0.76975
110	107	0.758811
110	113	0.749883
110	114	0.654717
110	118	0.776477
110	127	0.783677
110	134	0.769327
110	141	3.62674
110	150	3.12067
110	167	0.777328
110	169	3.39207
110	173	5.00979
111	23	0.885777
111	32	0.672346
111	33	0.649337
111	37	0.675765
111	40	0.703962
111	41	0.807282
111	42	0.698734
111	44	0.735611
111	45	0.735587
111	46	0.726625
111	47	0.700078
111	48	0.701533
111	59	0.712006
111	60	0.790046
111	64	0.706542
111	71	0.692399
111	79	0.737196
111	90	1.62011
111	101	1.88832
111	145	0.736635
111	150	3.17373
111	153	0.645853
111	154	0.623477
111	172	0.643296
111	176	6.02029
112	22	1.6621
112	69	3.24655
112	86	0.796134
112	116	0.758172
112	132	1.97618
112	140	0.73926
112	146	0.812663
112	149	0.692573
112	152	0.759625
112	155	0.716389
112	158	0.722906
112	159	0.680656
112	161	0.695184
112	164	0.713565
112	165	0.662499
112	166	0.701956
112	167	0.722086
112	169	0.721346
112	171	0.718586
112	173	0.700645
112	174	0.667378
112	175	0.674681
112	177	0.66288
112	178	0.687677
112	179	0.686872
113	2	0.796843
113	58	0.737319
113	66	0.729541
113	68	0.729541
113	76	0.720408
113	88	0.752089
113	89	0.735102
113	95	0.726621
113	99	0.714203
113	100	0.715801
113	102	0.724622
113	103	0.761314
113	104	0.725209
113	106	0.759889
113	107	0.74895
113	109	0.70196
113	110	0.749883
113	118	0.766617
113	127	0.773816
113	134	0.759466
113	138	1.37886
113	143	6.41664
113	154	4.95174
113	155	2.46044
113	162	2.60657
113	167	0.767468
114	53	0.581324
114	78	10.4
114	80	0.652344
114	81	0.674549
114	84	0.67351
114	87	0.703155
114	95	0.631455
114	102	0.629456
114	103	0.666148
114	104	0.630043
114	105	0.596582
114	106	0.664724
114	110	0.654717
114	116	0.654151
114	118	0.671451
114	153	0.584801
114	154	0.562425
114	163	0.588116
114	166	0.597934
114	167	0.672302
114	168	0.575911
114	175	0.57066
114	176	0.578048
114	178	0.583656
114	179	0.582851
114	180	0.582442
115	37	4.26165
115	38	5.33835
115	85	0.692668
115	116	0.699781
115	138	0.709253
115	141	0.655672
115	146	0.754271
115	147	0.609368
115	148	0.72214
115	157	0.647986
115	158	0.664515
115	161	0.636792
115	165	0.604107
115	166	0.643564
115	169	0.662955
115	170	0.658044
115	171	0.660195
115	173	0.642254
115	174	0.608987
115	175	0.616289
115	176	0.623677
115	177	0.604488
115	178	0.629286
115	179	0.62848
116	79	2.33273
116	83	1.58714
116	99	4.14512
116	104	2.73502
116	112	0.758172
116	114	0.654151
116	115	0.699781
116	130	0.759751
116	135	0.75049
116	139	0.705125
116	141	0.714503
116	147	0.668198
116	149	0.693012
116	155	0.716828
116	157	0.706816
116	158	0.723345
116	160	0.684633
116	162	0.725045
116	169	0.721786
116	170	0.716875
116	171	0.719025
116	174	0.667818
116	175	0.67512
116	176	0.682508
116	177	0.663319
116	178	0.688116
116	179	0.687311
117	4	1.35927
117	15	0.705296
117	28	3.00722
117	46	2.51472
117	87	1.75185
117	100	2.16693
117	119	0.69408
117	131	0.841013
117	137	0.79622
117	139	0.731085
117	140	0.765659
117	141	0.740463
117	148	0.806931
117	152	0.786024
117	157	0.732777
117	159	0.707055
117	161	0.721583
117	162	0.751005
117	163	0.718537
117	165	0.688898
117	168	0.706332
117	170	0.742835
117	173	0.727045
117	176	0.708468
117	177	0.689279
117	178	0.714077
117	179	0.713271
118	2	0.823438
118	58	0.763914
118	66	0.756136
118	68	0.756136
118	75	1.38735
118	76	0.747002
118	88	0.778683
118	89	0.761696
118	95	0.753215
118	99	0.740798
118	100	0.742396
118	102	0.751217
118	103	0.787908
118	104	0.751803
118	106	0.786484
118	107	0.775545
118	109	0.728555
118	110	0.776477
118	113	0.766617
118	114	0.671451
118	123	1.74431
118	127	0.800411
118	130	2.02961
118	134	0.786061
118	146	1.36075
118	151	1.77115
118	167	0.794062
118	177	9.08489
119	23	10.4
119	97	0.692061
119	117	0.69408
119	128	0.630581
119	129	0.647663
119	137	0.679768
119	144	0.620939
119	146	0.72261
119	155	0.626336
119	157	0.616325
119	160	0.594141
119	162	0.634553
119	164	0.623513
119	165	0.572446
119	166	0.611903
119	169	0.631294
119	170	0.626383
119	171	0.628533
119	173	0.610593
119	174	0.577326
119	175	0.584628
119	176	0.592016
119	177	0.572827
119	178	0.597624
119	179	0.596819
119	180	0.596411
120	54	2.33006
120	71	1.73795
120	89	2.89579
120	121	0.878274
120	128	0.749605
120	137	0.798791
120	142	0.750177
120	143	0.720826
120	149	0.721544
120	152	0.788596
120	155	0.74536
120	159	0.709627
120	160	0.713165
120	161	0.724155
120	163	0.721108
120	164	0.742537
120	165	0.69147
120	166	0.730927
120	167	0.772251
120	169	0.750318
120	170	0.745407
120	173	0.729616
120	174	0.69635
120	175	0.703652
120	176	0.71104
120	177	0.691851
120	178	0.716648
120	179	0.715843
121	6	0.757661
121	23	0.672976
121	32	0.732916
121	33	0.709907
121	37	0.736335
121	40	0.764532
121	41	0.867852
121	42	0.759305
121	44	0.796182
121	45	0.796157
121	46	0.787196
121	47	0.760649
121	48	0.762103
121	75	0.425552
121	80	0.773966
121	81	0.796171
121	84	0.795132
121	87	0.824777
121	101	0.740235
121	120	0.878274
121	139	4.47207
121	145	0.797206
121	149	4.32071
121	167	0.793924
121	168	0.697533
121	172	0.703866
121	179	5.16281
121	180	0.704064
122	44	3.06812
122	52	0.62577
122	75	0.722756
122	92	5.15989
122	139	0.675188
122	145	1.22602
122	147	0.638262
122	148	0.751034
122	149	0.663076
122	150	0.705308
122	155	0.686892
122	158	0.693409
122	159	0.651159
122	161	0.665687
122	163	0.66264
122	164	0.684068
122	165	0.633001
122	166	0.672459
122	169	0.691849
122	170	0.686939
122	171	0.689089
122	173	0.671148
122	174	0.637881
122	175	0.645184
122	176	0.652572
122	177	0.633383
122	178	0.65818
122	179	0.657375
123	9	2.40025
123	27	2.985
123	78	2.90484
123	85	0.758711
123	118	1.74431
123	127	0.438759
123	128	0.728285
123	130	0.766964
123	133	0.733393
123	135	0.757702
123	140	0.746912
123	147	0.675411
123	148	0.788183
123	149	0.700225
123	152	0.767277
123	157	0.714029
123	158	0.730558
123	160	0.691845
123	162	0.732257
123	165	0.67015
123	166	0.709607
123	169	0.728998
123	170	0.724087
123	171	0.726238
123	173	0.708297
123	174	0.67503
123	176	0.689721
123	177	0.670531
123	178	0.695329
123	179	0.694524
124	51	2.91098
124	56	2.99417
124	59	1.58359
124	109	0.720314
124	133	0.73524
124	137	0.779319
124	138	0.777143
124	139	0.714184
124	140	0.748759
124	141	0.723562
124	143	0.701353
124	145	1.28503
124	147	0.677258
124	150	0.744304
124	152	0.769124
124	160	0.693692
124	161	0.704682
124	165	0.671997
124	166	0.711454
124	167	2.01981
124	169	0.730845
124	170	0.725934
124	171	0.728085
124	173	0.710144
124	174	0.676877
124	175	0.68418
124	176	0.691568
124	177	0.672378
124	178	0.697176
124	179	0.696371
124	180	0.695962
125	7	3.13536
125	19	1.29543
125	47	1.47066
125	62	0.765191
125	69	2.17936
125	85	0.790576
125	91	1.88602
125	102	2.43317
125	135	0.789567
125	139	0.744202
125	144	0.750509
125	150	0.774322
125	155	0.755905
125	158	0.762423
125	159	0.720173
125	160	0.72371
125	161	0.7347
125	162	0.764123
125	163	0.731654
125	164	0.753082
125	165	0.702015
125	166	0.741472
125	169	0.760863
125	170	0.755952
125	173	0.740162
125	174	0.706895
125	175	0.714198
125	176	0.721586
125	177	0.702396
125	178	0.727194
125	179	0.726389
126	4	0.795684
126	7	0.693474
126	12	0.700777
126	17	0.767789
126	19	0.77268
126	25	0.698087
126	27	0.695107
126	28	0.756409
126	43	0.742921
126	49	0.742046
126	50	0.741355
126	51	0.813917
126	55	0.795324
126	73	0.71733
126	82	0.759971
126	91	0.778634
126	92	0.732125
126	93	0.73222
126	94	0.777183
126	132	0.767896
126	134	0.758669
126	148	1.11441
126	150	2.63163
126	151	0.73921
126	158	2.79309
126	159	6.03807
126	161	4.10185
126	164	3.45663
126	167	0.766671
126	168	0.67028
126	180	0.676811
127	25	0.732678
127	43	0.777512
127	49	0.776637
127	50	0.775946
127	51	0.848508
127	55	0.829914
127	59	0.779914
127	60	0.857954
127	64	0.774449
127	71	0.760307
127	79	0.805104
127	90	0.128273
127	95	0.760415
127	99	0.747997
127	100	0.749595
127	102	0.758416
127	103	0.795108
127	110	0.783677
127	113	0.773816
127	118	0.800411
127	123	0.438759
127	137	1.89267
127	150	1.68189
127	151	0.773801
127	153	0.71376
127	154	0.691384
127	157	3.46043
127	163	4.01242
127	167	0.801262
127	168	0.704871
127	177	7.77934
128	93	3.13489
128	101	0.74017
128	103	3.88871
128	119	0.630581
128	120	0.749605
128	123	0.728285
128	134	3.65619
128	139	0.667586
128	147	0.63066
128	153	0.651723
128	154	0.629347
128	155	0.679289
128	156	0.714765
128	157	0.669278
128	158	0.685807
128	159	0.643557
128	160	0.647094
128	161	0.658084
128	164	0.676466
128	165	0.625399
128	166	0.664856
128	169	0.684247
128	172	0.649166
128	173	0.663546
128	174	0.630279
128	176	0.64497
128	177	0.62578
128	178	0.650578
128	179	0.649772
128	180	0.649364
129	32	4.28427
129	43	2.42787
129	48	3.6965
129	62	0.705657
129	81	2.39136
129	105	0.680586
129	119	0.647663
129	133	0.705724
129	136	0.7316
129	142	0.701188
129	143	0.671837
129	144	0.690974
129	147	0.647741
129	148	0.760514
129	150	0.714787
129	152	0.739607
129	153	0.668804
129	157	0.686359
129	158	0.702888
129	162	0.704588
129	163	0.672119
129	164	0.693548
129	165	0.642481
129	166	0.681938
129	169	0.701329
129	173	0.680627
129	174	0.647361
129	175	0.654663
129	176	0.662051
129	177	0.642862
129	178	0.667659
129	179	0.666854
130	21	3.28656
130	29	2.24197
130	52	0.656846
130	75	0.753832
130	89	3.08533
130	116	0.759751
130	118	2.02961
130	123	0.766964
130	137	0.771399
130	139	0.706265
130	142	0.722785
130	143	0.693433
130	152	0.761204
130	155	0.717968
130	157	0.707956
130	158	0.724485
130	159	0.682235
130	161	0.696763
130	163	0.693716
130	164	0.715144
130	165	0.664078
130	166	0.703535
130	167	0.961798
130	169	0.722925
130	170	0.718015
130	171	0.720165
130	173	0.702224
130	175	0.67626
130	176	0.683648
130	177	0.664459
130	178	0.689256
130	179	0.688451
131	7	3.66279
131	10	1.91665
131	17	0.928631
131	30	1.86919
131	70	1.484
131	104	1.96169
131	117	0.841013
131	143	0.748735
131	146	0.869543
131	149	0.749453
131	150	0.791685
131	155	0.773269
131	157	0.763257
131	158	0.779786
131	159	0.737536
131	160	0.741074
131	161	0.752064
131	162	0.781486
131	163	0.749018
131	165	0.719379
131	166	0.758836
131	167	0.182324
131	168	0.736813
131	169	0.778227
131	171	0.775466
131	173	0.757525
131	174	0.724259
131	175	0.731561
131	176	0.738949
131	177	0.71976
131	178	0.744557
131	179	0.743752
131	180	0.743343
132	7	0.722942
132	8	0.812879
132	12	0.730245
132	17	0.797257
132	19	0.802148
132	27	0.724575
132	28	0.785877
132	73	0.746798
132	80	0.77618
132	81	0.798386
132	82	0.789439
132	83	0.876754
132	84	0.797347
132	87	0.826991
132	91	0.808102
132	92	0.761593
132	93	0.761688
132	94	0.806651
132	112	1.97618
132	126	0.767896
132	133	3.05969
132	134	0.788137
132	137	2.29581
132	140	3.31441
132	144	4.27372
132	152	2.16144
132	153	0.708637
132	167	0.796139
132	168	0.699748
132	170	3.24473
132	180	0.706278
133	13	3.99815
133	39	3.43637
133	64	2.30579
133	98	0.703929
133	101	0.745278
133	123	0.733393
133	124	0.73524
133	129	0.705724
133	132	3.05969
133	136	0.719626
133	138	0.735653
133	140	0.707269
133	141	0.682072
133	144	0.679
133	146	0.780671
133	147	0.635768
133	149	0.660581
133	152	0.727634
133	155	0.684397
133	159	0.648665
133	164	0.681574
133	165	0.630507
133	166	0.669964
133	169	0.689355
133	171	0.686595
133	173	0.668654
133	174	0.635387
133	175	0.642689
133	176	0.650077
133	177	0.630888
133	178	0.655686
133	179	0.65488
134	4	0.815925
134	7	0.713715
134	8	0.803652
134	12	0.721018
134	17	0.78803
134	27	0.715348
134	28	0.77665
134	59	0.765564
134	60	0.843604
134	64	0.760099
134	71	0.745957
134	79	0.790754
134	90	1.02086
134	99	0.733647
134	100	0.735245
134	103	0.780758
134	104	0.744653
134	106	0.779333
134	107	0.768394
134	110	0.769327
134	113	0.759466
134	118	0.786061
134	126	0.758669
134	128	3.65619
134	132	0.788137
134	144	3.67449
134	151	0.759451
134	152	1.5622
134	153	0.69941
134	154	0.677034
134	158	2.73594
134	170	2.6455
134	173	4.4636
135	40	2.17403
135	41	3.00984
135	53	0.677663
135	67	2.88956
135	77	0.805002
135	82	1.87893
135	96	0.777831
135	99	3.24765
135	116	0.75049
135	123	0.757702
135	125	0.789567
135	139	0.697003
135	142	0.713524
135	146	0.80498
135	147	0.660077
135	153	0.681139
135	155	0.708706
135	159	0.672973
135	160	0.676511
135	162	0.716923
135	163	0.684455
135	164	0.705883
135	165	0.654816
135	166	0.694273
135	169	0.713664
135	171	0.710903
135	173	0.692963
135	174	0.659696
135	175	0.666998
135	176	0.674386
135	177	0.655197
135	178	0.679994
135	179	0.679189
136	2	2.94664
136	16	2.66122
136	29	2.66208
136	48	3.05698
136	51	2.27308
136	97	0.775998
136	101	0.771153
136	129	0.7316
136	133	0.719626
136	138	0.761529
136	142	0.71509
