1	102	0.923235
1	118	0.972797
1	137	0.959274
1	159	1.02792
1	163	0.981984
1	164	1.01973
1	168	1.03813
1	170	1.04272
1	172	1.038
1	176	1.0189
1	179	1.02143
1	180	0.966896
2	89	0.923844
2	101	1.02747
2	104	1.02122
2	105	0.941696
2	145	1.03422
2	148	1.02134
2	150	0.969046
2	155	1.01823
2	157	1.05369
2	165	1.02641
2	167	1.02455
2	169	0.945298
3	81	1.0068
3	92	0.947227
3	104	0.939511
3	156	0.930313
3	160	0.968459
3	161	1.04066
3	162	1.02405
3	172	1.03459
3	174	1.04053
3	176	1.01548
3	177	1.03398
3	179	1.01802
4	19	0.910882
4	66	0.999242
4	141	0.988374
4	142	0.943835
4	143	1.04839
4	152	1.019
4	155	0.954705
4	156	1.04389
4	160	1.02219
4	174	1.0334
4	177	1.02686
4	179	1.01089
5	98	1.05254
5	107	1.02734
5	109	0.999925
5	118	0.972234
5	139	1.01911
5	145	1.03406
5	149	1.02342
5	152	1.00949
5	154	0.931879
5	156	1.03438
5	157	0.910796
5	160	0.990114
6	110	0.899476
6	131	1.00599
6	162	1.02431
6	167	0.986156
6	170	1.03956
6	171	0.950213
6	172	1.03485
6	173	0.961944
6	174	1.04079
6	176	1.01574
6	177	1.03424
6	179	1.01828
7	108	0.916604
7	112	0.890721
7	124	0.891701
7	128	0.866917
7	139	0.906133
7	144	1.16999
7	149	0.910447
7	152	0.896508
7	153	1.20131
7	156	0.921403
7	177	1.20332
7	180	1.23059
8	18	0.953196
8	67	0.878385
8	70	0.99852
8	119	1.06487
8	129	0.985183
8	137	1.00019
8	142	1.06169
8	153	0.978531
8	165	1.03549
8	167	1.03363
8	169	1.00126
8	178	1.02093
9	40	0.996744
9	43	0.985085
9	48	1.02744
9	135	0.944795
9	137	1.04666
9	145	0.91897
9	150	1.01686
9	158	1.01968
9	173	1.03105
9	175	1.03435
9	176	0.947857
9	180	1.02449
10	61	0.966816
10	71	0.923879
10	83	1.03142
10	113	0.947357
10	139	0.975464
10	154	1.05698
10	162	0.981499
10	166	0.999791
10	171	1.04141
10	173	1.02468
10	175	1.02798
10	180	1.01812
11	37	1.06756
11	42	0.919679
11	97	1.01286
11	121	0.992058
11	141	1.02363
11	148	1.03768
11	151	1.02842
11	155	1.03458
11	165	1.04276
11	167	1.04089
11	169	0.910839
11	177	0.890123
12	54	0.988278
12	75	1.03035
12	102	0.92782
12	104	1.03671
12	119	1.07128
12	123	1.00366
12	129	0.991588
12	161	0.963287
12	165	1.0419
12	167	1.04003
12	169	0.964925
12	177	0.944209
13	81	1.02464
13	99	1.06432
13	113	0.933967
13	129	0.987275
13	132	1.0102
13	141	1.01846
13	148	1.03251
13	161	0.953553
13	165	1.03759
13	167	1.03572
13	169	0.955191
13	173	0.951745
14	54	0.882845
14	81	0.818342
14	91	0.767275
14	127	1.21245
14	132	1.17574
14	140	0.797879
14	142	0.752887
14	152	1.19838
14	156	1.22327
14	167	0.770427
14	179	1.19027
14	180	1.20189
15	128	1.03377
15	129	1.00295
15	131	0.958678
15	154	0.890179
15	161	1.03997
15	162	1.02336
15	170	1.03862
15	173	0.914631
15	174	1.03984
15	176	1.0148
15	177	1.0333
15	179	1.01733
16	25	0.999443
16	100	1.02257
16	123	1.01392
16	130	0.968961
16	163	1.03947
16	166	1.0211
16	168	0.920704
16	172	0.944547
16	175	1.04929
16	178	1.03813
16	179	0.940473
16	180	1.03944
17	63	0.888093
17	77	0.912088
17	95	0.8857
17	110	1.14776
17	119	0.932203
17	141	0.883697
17	154	1.18578
17	155	0.894642
17	165	0.902822
17	166	1.2584
17	167	0.900957
17	169	1.21368
18	8	0.953196
18	63	0.983053
18	111	0.997795
18	119	0.91125
18	134	0.953645
18	168	1.03349
18	170	1.03808
18	172	1.03336
18	174	1.0393
18	176	1.01426
18	177	1.03276
18	179	1.01679
19	4	0.910882
19	123	0.998812
19	130	0.97734
19	135	0.962987
19	138	1.07274
19	140	0.996742
19	150	1.0167
19	173	1.03089
19	174	0.949739
19	175	1.03419
19	178	1.02303
19	180	1.02433
20	127	0.951865
20	131	0.991002
20	159	1.02465
20	165	0.947754
20	168	1.03486
20	170	1.03944
20	173	0.946955
20	174	1.04066
20	176	1.01562
20	177	1.03412
20	178	0.965638
20	179	1.01815
21	102	0.91267
21	122	1.00287
21	127	0.95124
21	163	0.971419
21	164	1.01848
21	168	1.03689
21	170	1.04147
21	172	1.03676
21	176	1.01765
21	177	1.03615
21	178	0.965012
21	179	1.02018
22	49	0.951598
22	50	1.01146
22	106	0.958487
22	136	1.02468
22	138	1.06798
22	143	0.940534
22	158	1.01477
22	166	1.00124
22	171	1.04286
22	174	0.930791
22	175	1.02943
22	180	1.01957
23	54	1.00051
23	69	0.981815
23	121	1.00343
23	129	1.00382
23	138	0.933879
23	153	0.947449
23	155	1.04595
23	160	1.04056
23	161	0.968537
23	165	1.05413
23	167	1.05227
23	179	0.970502
24	29	0.95279
24	30	0.942313
24	49	0.982618
24	52	0.966419
24	114	0.998262
24	139	1.0949
24	140	0.987885
24	143	0.994169
24	144	1.03397
24	157	1.03903
24	160	0.96797
24	169	0.973599
24	171	1.07284
25	16	0.999443
25	42	1.04647
25	52	1.03147
25	78	0.965323
25	96	1.06385
25	116	1.03927
25	138	0.99431
25	158	0.941096
25	170	1.00791
25	171	0.969189
25	173	0.952458
25	179	1.03795
25	180	0.945902
26	72	1.10386
26	78	1.00499
26	121	0.936935
26	126	1.0463
26	140	0.993976
26	143	1.00026
26	149	1.03394
26	159	0.969249
26	167	0.985772
26	170	0.984042
26	176	0.960222
26	178	0.973074
26	180	1.01508
27	38	0.983294
27	84	0.960233
27	96	0.979421
27	100	1.12295
27	112	0.966469
27	128	0.942665
27	132	1.09554
27	139	0.981882
27	149	0.986195
27	152	0.972256
27	156	0.997151
27	165	1.03788
27	178	0.974465
28	53	1.07075
28	70	1.02454
28	128	1.09358
28	132	0.953641
28	140	0.999391
28	149	1.0033
28	166	0.961459
28	167	0.998649
28	169	0.985105
28	174	0.99068
28	176	0.965637
28	179	0.96817
28	180	0.979793
29	24	0.95279
29	30	0.944427
29	80	0.971101
29	122	0.952895
29	125	1.02224
29	140	0.989999
29	143	0.996283
29	151	1.0294
29	163	0.970434
29	166	1.07727
29	177	1.01184
29	178	1.04779
29	180	1.03911
30	24	0.942313
30	29	0.944427
30	102	1.0097
30	105	1.0432
30	114	0.989898
30	125	1.01176
30	138	1.0105
30	140	0.979522
30	143	0.985806
30	145	0.980986
30	149	1.07222
30	159	1.06649
30	169	0.965236
31	96	1.05458
31	141	1.07611
31	145	1.01699
31	146	0.958743
31	154	1.00045
31	161	0.987255
31	163	1.04999
31	170	0.985902
31	172	0.981186
31	174	0.987125
31	176	0.962081
31	177	0.980582
31	179	0.964614
32	129	1.09478
32	133	0.963275
32	134	0.962291
32	138	0.999424
32	144	0.999365
32	146	1.04816
32	148	1.03609
32	154	0.989872
32	161	1.00827
32	171	0.974302
32	174	1.01113
32	175	0.96087
32	180	0.951016
33	60	0.997734
33	100	0.930574
33	116	0.99614
33	141	0.960903
33	148	0.97495
33	153	1.02803
33	155	0.971849
33	157	1.0073
33	165	0.980028
33	166	1.09547
33	167	0.978163
33	171	1.03558
33	179	1.05108
34	36	1.05383
34	87	1.11046
34	144	1.09889
34	147	0.968942
34	159	0.924314
34	163	1.17458
34	168	0.934522
34	170	0.939107
34	172	0.934391
34	174	0.94033
34	176	0.915287
34	177	0.933787
34	178	1.16817
34	179	0.91782
35	46	1.10302
35	100	1.19888
35	132	0.908605
35	137	0.956926
35	150	0.927122
35	151	0.933679
35	158	0.92995
35	160	0.93444
35	165	1.11381
35	166	0.916423
35	170	1.08674
35	171	0.958043
35	177	1.09574
35	180	0.934757
36	34	1.05383
36	70	1.0286
36	71	0.834441
36	81	1.05263
36	122	1.03481
36	128	0.994837
36	132	0.934153
36	141	1.04645
36	155	1.05739
36	163	0.900786
36	165	1.06557
36	167	1.06371
36	174	0.880358
36	178	1.05101
37	11	1.06756
37	136	1.11779
37	143	1.14593
37	159	0.930069
37	161	0.946215
37	164	0.921875
37	168	0.940277
37	171	1.1198
37	172	0.940146
37	174	0.946085
37	176	0.921041
37	177	0.939542
37	178	1.15021
37	179	0.923574
38	27	0.983294
38	76	0.94474
38	97	1.01391
38	111	1.0369
38	123	1.03083
38	130	0.949829
38	133	1.06861
38	158	1.05154
38	168	0.901572
38	170	0.891294
38	171	1.07963
38	172	0.925415
38	173	1.0629
38	180	1.05635
39	101	1.01705
39	109	0.963889
39	134	1.05979
39	150	1.04088
39	153	1.04842
39	162	0.93666
39	167	0.944508
39	171	1.0718
39	172	0.928143
39	173	1.05507
39	175	1.05837
39	177	0.903025
39	179	0.924069
39	180	1.04851
40	9	0.996744
40	67	0.92179
40	76	0.990292
40	118	1.00927
40	120	1.00791
40	122	0.968074
40	125	1.03742
40	140	1.00518
40	142	1.04789
40	143	1.01146
40	145	1.00664
40	147	0.98961
40	151	1.04151
40	153	0.985481
40	163	0.985613
41	53	0.954416
41	71	1.04477
41	72	1.09127
41	92	1.01676
41	107	1.00573
41	108	1.00797
41	124	0.983065
41	139	0.997498
41	149	1.00181
41	152	0.987872
41	157	0.946953
41	169	0.995935
41	174	0.99715
41	175	1.00087
41	177	0.975219
42	11	0.919679
42	25	1.04647
42	101	1.06926
42	161	1.01042
42	162	0.993814
42	168	1.00448
42	170	1.00907
42	171	0.971915
42	172	1.00435
42	174	1.01029
42	176	0.985249
42	177	1.00375
42	178	1.00233
42	179	0.987782
42	180	0.993646
43	9	0.985085
43	44	1.01525
43	73	0.963984
43	112	0.996088
43	119	1.01406
43	124	0.997068
43	128	0.972284
43	139	1.0115
43	147	0.977951
43	149	1.01581
43	152	1.00188
43	154	1.0051
43	156	1.02677
43	157	0.984022
43	175	1.03794
44	43	1.01525
44	60	1.02214
44	87	0.968426
44	124	0.987437
44	126	1.04867
44	128	0.962653
44	137	1.00983
44	139	1.00187
44	149	1.00618
44	151	1.00775
44	152	0.992244
44	156	1.01714
44	157	0.961918
44	174	1.01211
44	178	0.994453
45	56	0.951088
45	58	0.951514
45	64	0.980272
45	101	1.06655
45	114	1.02476
45	118	1.01848
45	140	1.01438
45	143	1.02067
45	151	0.981223
45	153	0.994688
45	162	0.997292
45	163	0.99482
45	167	1.00514
45	169	1.0001
45	178	0.99961
46	35	1.10302
46	140	1.01303
46	162	0.996538
46	164	0.988806
46	167	0.98558
46	168	1.00721
46	170	1.01179
46	171	0.949637
46	172	1.00708
46	174	1.01302
46	175	0.969748
46	176	0.987973
46	177	1.00647
46	178	0.98005
46	179	0.990506
47	91	0.985351
47	100	1.05016
47	141	1.0155
47	159	0.996937
47	164	0.988743
47	167	0.988503
47	168	1.00714
47	170	1.01173
47	172	1.00701
47	174	1.01295
47	176	0.987909
47	177	1.00641
47	178	0.982974
47	179	0.990442
47	180	0.974292
48	9	1.02744
48	68	1.03301
48	69	1.01093
48	111	0.969396
48	113	0.978071
48	144	1.03719
48	158	0.984036
48	165	0.996647
48	168	0.979853
48	171	1.01213
48	173	0.995398
48	175	0.998697
48	178	0.987539
48	179	0.999622
48	180	0.988842
49	22	0.951598
49	24	0.982618
49	56	0.956531
49	64	0.985715
49	76	1.00494
49	80	1.00093
49	118	1.02392
49	123	1.039
49	127	1.00174
49	140	1.01983
49	143	1.02611
49	159	1.01996
49	160	0.999912
49	170	0.970553
49	176	1.0178
50	22	1.01146
50	77	0.963799
50	99	0.981264
50	100	0.905079
50	109	1.10028
50	119	0.983914
50	132	1.11514
50	134	1.08359
50	142	0.980728
50	148	0.949455
50	153	1.0374
50	155	0.946353
50	157	0.981805
50	161	1.05849
50	165	0.954533
50	167	0.952668
51	87	1.01989
51	105	1.05876
51	122	1.11545
51	159	0.957173
51	160	1.0927
51	161	0.973319
51	162	0.95671
51	164	0.948978
51	165	1.05971
51	168	0.967381
51	172	0.967249
51	173	1.05891
51	174	0.973189
51	176	0.948145
51	177	0.966646
51	179	0.950678
52	24	0.966419
52	25	1.03147
52	80	0.892687
52	107	0.907315
52	112	0.93463
52	128	0.972348
52	143	0.867611
52	151	1.07039
52	155	1.07654
52	156	0.848844
52	167	1.08286
52	173	1.07802
52	176	1.05731
52	177	1.07581
52	179	1.05984
52	180	1.07146
53	28	1.07075
53	41	0.954416
53	96	0.952581
53	98	0.988473
53	102	1.03402
53	106	0.959507
53	124	0.940609
53	127	0.95949
53	135	1.08559
53	145	0.969991
53	149	0.959355
53	151	1.06797
53	152	0.945416
53	156	0.970311
53	171	1.05595
53	176	1.08865
54	12	0.988278
54	14	0.882845
54	23	1.00051
54	71	1.06673
54	91	0.983612
54	94	0.890735
54	119	0.988177
54	129	0.908485
54	141	0.939671
54	142	0.984991
54	153	1.08871
54	165	0.958796
54	166	1.15616
54	167	0.956931
54	177	1.09072
54	180	1.11799
55	63	0.948104
55	77	0.972099
55	79	0.95985
55	102	1.03799
55	116	0.978945
55	141	0.943708
55	145	0.970636
55	150	1.09884
55	153	1.05237
55	155	0.954654
55	156	1.06728
55	165	0.962834
55	167	0.960968
55	176	1.09262
55	177	1.05438
55	178	0.94827
56	45	0.951088
56	49	0.956531
56	76	0.946912
56	113	1.06544
56	114	0.972174
56	118	0.96589
56	125	0.99404
56	140	0.961797
56	143	0.968082
56	157	1.03768
56	160	0.941882
56	163	0.942233
56	168	1.06722
56	170	1.05694
56	173	1.08321
56	180	1.09321
57	90	1.03207
57	122	0.932677
57	133	0.89175
57	145	0.868222
57	148	0.905763
57	155	0.893681
57	162	1.0632
57	164	1.05547
57	168	1.07387
57	170	1.07846
57	172	1.07374
57	173	0.876139
57	174	1.07968
57	176	1.05464
57	177	1.07314
57	179	1.05717
58	45	0.951514
58	97	1.04742
58	111	1.013
58	118	0.957849
58	131	0.985993
58	133	0.957557
58	144	0.891349
58	159	1.01669
58	161	1.03284
58	162	1.01623
58	164	1.0085
58	168	1.0269
58	170	1.03149
58	174	1.03271
58	176	1.00766
58	177	1.02617
58	179	1.0102
59	79	1.13849
59	88	1.10363
59	114	0.942803
59	115	1.11902
59	125	0.96467
59	140	0.932427
59	143	0.938711
59	148	1.16349
59	149	0.923255
59	152	0.909316
59	155	1.15141
59	156	0.934211
59	158	0.908022
59	160	0.912512
59	168	1.11787
59	175	0.922683
59	180	0.912828
60	33	0.997734
60	44	1.02214
60	95	0.974465
60	100	1.00766
60	102	1.05641
60	106	1.02286
60	140	0.973449
60	141	0.972997
60	142	0.928458
60	143	0.936189
60	156	1.03366
60	172	1.01723
60	173	1.01884
60	175	1.02213
60	176	0.998124
60	179	1.00066
60	180	1.01228
61	10	0.966816
61	82	0.97226
61	110	0.910572
61	119	0.957546
61	150	1.00023
61	159	1.01717
61	160	1.00682
61	161	1.03332
61	162	1.01671
61	164	1.00898
61	168	1.02738
61	172	1.02725
61	174	1.03319
61	176	1.00815
61	177	1.02665
61	178	0.991723
61	179	1.01068
62	105	0.889822
62	121	1.04759
62	128	1.05193
62	134	0.916879
62	137	0.892358
62	144	0.839381
62	152	1.08152
62	156	1.10642
62	158	0.936128
62	165	1.0983
62	166	0.938146
62	167	1.09643
62	172	1.08999
62	175	0.898359
62	176	1.07088
62	177	1.08938
62	179	1.07341
62	180	0.89998
63	17	0.888093
63	18	0.983053
63	55	0.948104
63	67	0.908243
63	75	0.986137
63	90	1.1836
63	116	1.0138
63	119	1.02707
63	141	0.978562
63	148	0.99261
63	152	1.06248
63	153	1.00839
63	155	0.989508
63	165	0.997688
63	167	0.995822
63	169	1.03111
63	178	0.983124
63	179	1.03144
64	45	0.980272
64	49	0.985715
64	67	0.925913
64	76	0.976097
64	80	0.972084
64	122	0.953878
64	125	1.02322
64	131	1.08939
64	140	0.990982
64	143	0.997266
64	153	0.971285
64	156	1.04098
64	157	0.999803
64	163	0.971417
64	169	0.976696
64	172	1.05319
64	173	1.04534
64	175	1.05372
65	71	1.01983
65	92	0.991813
65	96	0.970093
65	98	1.00599
65	107	0.980782
65	136	1.01264
65	139	0.972554
65	141	1.07759
65	149	0.976867
65	151	1.02668
65	152	0.962929
65	156	0.987824
65	157	0.980844
65	163	0.966475
65	164	1.0621
65	168	1.01038
65	175	1.03476
65	178	0.965138
66	4	0.999242
66	97	0.937138
66	99	1.02401
66	102	1.02371
66	111	0.960128
66	134	0.99085
66	137	1.00174
66	155	1.05098
66	160	0.979258
66	166	0.961241
66	170	1.00716
66	171	1.00286
66	172	1.04129
66	173	0.98613
66	174	1.0381
66	178	0.978271
66	179	1.03721
66	180	0.979575
67	8	0.878385
67	40	0.92179
67	63	0.908243
67	64	0.925913
67	75	0.900013
67	81	0.92406
67	89	1.09516
67	114	0.874269
67	142	0.858605
67	152	1.07339
67	153	1.0768
67	156	1.09828
67	159	1.07177
67	168	1.08198
67	173	1.08345
67	177	1.08124
67	179	1.06528
67	180	1.0769
68	48	1.03301
68	80	1.048
68	96	1.03819
68	145	1.0006
68	147	1.01762
68	159	0.972995
68	161	0.989141
68	162	0.972532
68	163	1.03361
68	164	0.9648
68	168	0.983203
68	170	0.987788
68	172	0.983071
68	174	0.989011
68	177	0.982468
68	178	1.0272
68	179	0.9665
68	180	1.01852
69	23	0.981815
69	48	1.01093
69	86	1.06004
69	111	1.0575
69	117	1.06913
69	130	0.984065
69	131	1.03049
69	146	0.966971
69	159	0.979337
69	161	0.995483
69	164	0.971142
69	170	0.99413
69	172	0.989413
69	174	0.995353
69	175	0.994826
69	176	0.970309
69	177	0.988809
69	179	0.972842
70	8	0.99852
70	28	1.02454
70	36	1.0286
70	81	0.962503
70	95	0.958322
70	99	1.00218
70	127	0.972745
70	141	0.956319
70	142	1.00164
70	148	0.970366
70	150	1.04865
70	153	1.00218
70	165	0.975444
70	166	1.06963
70	167	0.973579
70	169	1.02491
70	171	1.00973
70	175	1.02984
71	10	0.923879
71	36	0.834441
71	41	1.04477
71	54	1.06673
71	65	1.01983
71	112	1.02998
71	124	1.03096
71	128	1.00618
71	139	1.0454
71	149	1.04971
71	151	0.930399
71	152	1.03577
71	156	1.06066
71	158	0.976253
71	160	0.963886
71	163	1.03932
71	166	0.97827
71	169	0.933549
71	178	1.03798
72	26	1.10386
72	41	1.09127
72	85	1.13174
72	110	0.991435
72	111	0.916745
72	136	0.941296
72	137	0.958361
72	139	1.08047
72	144	0.984541
72	150	0.928557
72	157	0.976723
72	165	1.07094
72	166	0.917857
72	170	1.04387
72	171	0.959478
72	173	0.942747
72	175	0.946046
72	179	1.07392
72	180	0.936191
73	43	0.963984
73	78	1.07996
73	91	1.10111
73	92	0.969865
73	107	0.958835
73	108	0.961078
73	112	0.935194
73	126	1.12127
73	128	0.91139
73	139	0.950607
73	149	0.95492
73	151	1.08035
73	152	0.940982
73	156	0.965876
73	157	1.03451
73	163	0.944527
73	175	1.08843
73	176	1.10102
73	178	0.94319
74	82	1.00352
74	110	0.941828
74	135	1.00707
74	147	1.03744
74	154	0.979843
74	159	0.992812
74	162	0.99235
74	164	0.984618
74	166	1.05246
74	168	1.00302
74	170	1.00761
74	171	0.992566
74	172	1.00289
74	173	1.0043
74	174	1.00883
74	175	1.01268
74	176	0.983785
74	177	1.00229
74	178	1.02298
74	179	0.986318
75	12	1.03035
75	63	0.986137
75	67	0.900013
75	99	1.0276
75	104	0.995673
75	115	1.0046
75	116	1.01698
75	129	0.950556
75	142	1.02706
75	150	1.04663
75	155	0.992687
75	160	0.98729
75	165	1.00087
75	167	0.999001
75	168	1.00344
75	169	1.02289
75	170	0.993165
75	171	1.00771
75	174	1.0241
75	178	0.986303
76	38	0.94474
76	40	0.990292
76	49	1.00494
76	56	0.946912
76	64	0.976097
76	80	0.991311
76	114	1.02059
76	118	1.0143
76	125	1.04245
76	127	1.00344
76	137	1.00091
76	140	1.01021
76	143	1.01649
76	151	0.998828
76	157	0.952996
76	158	1.04468
76	163	0.990644
76	166	1.0467
76	169	0.995923
76	178	1.01721
77	17	0.912088
77	50	0.963799
77	55	0.972099
77	79	1.0187
77	82	0.992879
77	95	1.00456
77	99	1.04841
77	100	0.972228
77	133	1.00927
77	138	0.960809
77	141	1.00256
77	142	1.04788
77	148	1.01661
77	163	1.01875
77	164	1.02938
77	165	1.02168
77	167	1.01982
77	169	0.997105
77	175	1.00204
77	179	0.997433
78	25	0.965323
78	26	1.00499
78	73	1.07996
78	85	1.03286
78	117	0.95881
78	123	0.979797
78	133	1.01758
78	143	0.985674
78	147	0.919664
78	149	1.00014
78	150	0.997683
78	154	1.04417
78	158	1.00051
78	166	0.986984
78	171	1.0286
78	172	0.979117
78	173	1.01187
78	176	0.99224
78	178	1.00401
78	180	1.00532
79	55	0.95985
79	59	1.13849
79	77	1.0187
79	89	0.95798
79	91	1.03425
79	116	1.02555
79	121	0.958731
79	141	0.990308
79	148	1.00436
79	150	1.00318
79	155	1.00125
79	160	0.995857
79	163	1.00108
79	164	1.01171
79	165	1.00943
79	167	1.00757
79	170	0.949714
79	175	0.984369
79	177	0.958718
79	178	0.99487
80	29	0.971101
80	49	1.00093
80	52	0.892687
80	64	0.972084
80	68	1.048
80	76	0.991311
80	88	0.980601
80	114	1.01657
80	118	1.01029
80	125	1.03844
80	127	1.01575
80	133	1.02645
80	140	1.0062
80	143	1.01248
80	145	1.00766
80	153	0.9865
80	160	0.986281
80	177	0.993569
80	178	1.02952
80	179	1.01461
81	3	1.0068
81	13	1.02464
81	14	0.818342
81	36	1.05263
81	67	0.92406
81	70	0.962503
81	99	1.02621
81	109	1.08708
81	127	0.996777
81	129	0.949165
81	141	0.98035
81	142	1.02567
81	148	0.994398
81	153	1.02421
81	155	0.991296
81	165	0.999476
81	167	0.99761
81	169	1.04693
81	174	1.04815
81	175	1.05187
82	61	0.97226
82	74	1.00352
82	77	0.992879
82	95	1.02326
82	117	0.953249
82	123	0.974236
82	126	0.99224
82	138	1.04816
82	140	1.02224
82	144	1.04811
82	149	0.999444
82	150	0.992121
82	153	0.999658
82	158	0.994949
82	164	1.0063
82	166	0.981422
82	173	1.00631
82	174	0.97524
82	175	1.00961
82	180	0.999756
83	10	1.03142
83	101	0.967731
83	106	1.01831
83	111	0.979748
83	115	0.971113
83	132	0.973043
83	146	1.02765
83	152	1.02076
83	154	1.03805
83	155	1.0035
83	156	0.981592
83	158	0.994388
83	163	0.999228
83	166	0.980861
83	167	1.01017
83	170	0.959682
83	171	1.02248
83	173	1.00575
83	175	1.00905
83	180	0.999194
84	27	0.960233
84	90	1.05044
84	107	0.948614
84	119	0.879013
84	131	0.938554
84	134	0.921408
84	144	0.84391
84	146	1.03515
84	159	1.04751
84	161	1.06366
84	162	1.04705
84	163	0.919596
84	164	1.03932
84	166	0.942674
84	168	1.05772
84	170	1.0623
84	172	1.05759
84	174	1.06353
84	176	1.03848
84	177	1.05698
84	179	1.04102
85	72	1.13174
85	78	1.03286
85	87	0.993926
85	97	1.13842
85	133	1.04856
85	136	1.01921
85	144	0.982357
85	146	0.951128
85	147	1.00812
85	150	1.06015
85	159	0.963494
85	161	0.97964
85	162	0.963032
85	164	0.9553
85	168	0.973702
85	170	0.978287
85	172	0.973571
85	174	0.97951
85	176	0.954467
85	177	0.972967
85	179	0.957
86	69	1.06004
86	91	0.986358
86	118	0.971973
86	125	1.00012
86	139	1.05528
86	140	0.96788
86	142	0.987737
86	143	0.974164
86	146	1.08665
86	147	0.993345
86	148	0.956464
86	154	0.987138
86	162	1.06132
86	165	0.961542
86	166	0.929948
86	171	0.971569
86	175	0.958136
86	176	1.06592
86	177	1.02768
86	179	1.04873
86	180	0.948282
87	34	1.11046
87	44	0.968426
87	51	1.01989
87	85	0.993926
87	101	0.9802
87	103	0.938182
87	106	0.964688
87	110	1.06691
87	126	1.00415
87	132	0.985512
87	134	1.02294
87	135	0.950239
87	137	1.03383
87	165	0.93313
87	166	0.993329
87	168	0.916336
87	169	1.01698
87	171	1.03495
87	173	1.01822
87	175	1.02152
87	178	1.01036
87	180	1.01166
88	59	1.10363
88	80	0.980601
88	109	1.00142
88	118	0.957024
88	122	0.997659
88	126	0.982339
88	146	0.99781
88	147	1.0548
88	154	0.916669
88	161	1.02632
88	162	1.00971
88	163	0.96621
88	164	1.00198
88	168	1.02038
88	170	1.02497
88	172	1.02025
88	173	0.941121
88	174	1.02619
88	176	1.00115
88	177	1.01965
88	178	0.959804
88	179	1.00368
89	2	0.923844
89	67	1.09516
89	79	0.95798
89	97	0.961723
89	105	1.00612
89	126	0.996644
89	128	1.07249
89	144	1.05251
89	151	1.00308
89	154	1.04302
89	155	0.970893
89	158	0.999353
89	159	0.976482
89	162	0.969716
89	164	0.989072
89	166	0.985825
89	167	0.977563
89	171	1.02745
89	173	1.01071
89	175	1.01401
89	179	0.957125
89	180	1.00416
90	57	1.03207
90	63	1.1836
90	84	1.05044
90	104	1.13213
90	105	0.943117
90	111	0.921715
90	119	1.1118
90	123	0.915641
90	126	0.933645
90	131	0.940996
90	132	0.915009
90	133	0.953421
90	137	0.96333
90	147	1.07569
90	154	0.980018
90	158	0.936355
90	160	0.940845
90	168	1.1113
90	170	1.10102
90	171	0.964448
90	175	0.951015
90	180	0.941161
91	14	0.767275
91	47	0.985351
91	54	0.983612
91	73	1.10111
91	79	1.03425
91	86	0.986358
91	95	1.02011
91	96	1.02209
91	100	0.987779
91	104	1.03204
91	121	0.986531
91	129	0.986923
91	137	0.994798
91	141	1.01811
91	142	1.06343
91	153	0.973139
91	155	1.02905
91	165	1.03723
91	167	1.03537
91	170	0.966145
91	173	0.992419
91	180	1.00242
92	3	0.947227
92	41	1.01676
92	65	0.991813
92	73	0.969865
92	98	1.05081
92	106	1.02185
92	108	1.02785
92	112	1.00197
92	124	1.00295
92	127	1.02183
92	144	0.933313
92	145	1.03233
92	146	1.02561
92	149	1.0217
92	152	1.00776
92	156	1.03265
92	157	0.938374
92	160	1.01769
92	172	0.991757
92	175	0.992291
92	177	0.96664
92	180	0.993911
93	94	1.07609
93	104	0.964445
93	120	1.0448
93	127	0.964521
93	137	0.96199
93	144	0.909013
93	146	0.993599
93	147	1.05059
93	149	0.988475
93	152	0.994419
93	159	1.00596
93	160	0.993393
93	161	1.02211
93	162	1.0055
93	164	0.99777
93	168	1.01617
93	170	1.02076
93	171	0.94788
93	172	1.01604
93	174	1.02198
93	176	0.996937
93	177	1.01544
94	54	0.890735
94	93	1.07609
94	105	1.08768
94	114	0.961071
94	117	1.17052
94	118	0.954788
94	123	1.13002
94	136	1.0741
94	139	0.93721
94	140	0.950695
94	142	0.970551
94	143	0.956979
94	148	0.939278
94	149	0.941523
94	152	0.927584
94	153	0.930998
94	156	0.952479
94	158	1.13399
94	165	0.944356
94	167	0.942491
94	168	1.07185
94	170	1.06157
95	17	0.8857
95	60	0.974465
95	70	0.958322
95	77	1.00456
95	82	1.02326
95	91	1.02011
95	100	0.94584
95	105	1.02388
95	116	1.01141
95	119	1.02468
95	142	1.02149
95	146	1.06573
95	147	0.972432
95	148	0.990217
95	153	1.00476
95	155	0.987115
95	158	1.07019
95	160	0.981718
95	163	1.04913
95	165	0.995295
95	167	0.99343
95	173	1.02404
95	178	0.980731
96	25	1.06385
96	27	0.979421
96	31	1.05458
96	53	0.952581
96	65	0.970093
96	68	1.03819
96	91	1.02209
96	104	1.00587
96	107	1.00389
96	108	1.00613
96	112	0.98025
96	124	0.98123
96	128	0.956446
96	139	0.995662
96	149	0.999976
96	152	0.986037
96	156	1.01093
96	157	0.955498
96	163	0.989583
96	166	1.0492
96	169	1.00448
96	178	0.988246
96	180	1.01103
97	11	1.01286
97	38	1.01391
97	58	1.04742
97	66	0.937138
97	85	1.13842
97	89	0.961723
97	102	0.987592
97	133	0.95572
97	134	0.954736
97	144	0.99181
97	147	1.02522
97	150	0.935826
97	157	0.983993
97	158	0.938654
97	162	1.09319
97	166	0.925127
97	168	1.06083
97	171	0.966748
97	173	0.950016
97	174	1.08149
97	175	0.953315
97	177	1.05956
97	179	1.0806
97	180	0.943461
98	5	1.05254
98	53	0.988473
98	65	1.00599
98	92	1.05081
98	106	1.03602
98	108	1.04203
98	113	0.932238
98	128	0.992338
98	131	1.02528
98	138	0.917165
98	139	1.03155
98	140	1.00168
98	145	1.0465
98	149	1.03587
98	151	0.950311
98	152	1.02193
98	155	0.967557
98	156	1.04682
98	158	0.996165
98	162	0.96638
98	174	0.954676
98	175	0.958396
98	178	1.02414
98	180	0.960017
99	13	1.06432
99	50	0.981264
99	66	1.02401
99	70	1.00218
99	75	1.0276
99	77	1.04841
99	81	1.02621
99	100	0.989694
99	116	1.05526
99	125	0.93279
99	138	0.929079
99	140	1.01359
99	141	1.02002
99	142	1.06534
99	144	0.911332
99	147	0.910323
99	155	1.03097
99	160	1.02557
99	163	0.987018
99	165	1.03915
99	168	0.945934
99	169	0.965375
99	176	0.982899
99	178	1.02458
100	16	1.02257
100	27	1.12295
100	33	0.930574
100	35	1.19888
100	47	1.05016
100	50	0.905079
100	60	1.00766
100	77	0.972228
100	91	0.987779
100	95	0.94584
100	99	0.989694
100	104	0.957769
100	116	0.979074
100	119	0.992343
100	121	0.91226
100	148	0.957885
100	155	0.954783
100	157	0.990234
100	165	0.962963
100	167	0.961097
100	168	1.04123
100	169	1.06067
100	170	1.03095
100	180	1.06723
101	2	1.02747
101	39	1.01705
101	42	1.06926
101	45	1.06655
101	83	0.967731
101	87	0.9802
101	103	1.06283
101	117	0.907927
101	126	0.946918
101	127	0.964995
101	132	0.928282
101	136	0.959538
101	150	0.946799
101	153	0.954336
101	154	0.99329
101	159	1.08011
101	162	1.07334
101	164	1.0927
101	166	0.9361
101	171	0.977721
101	172	1.06482
101	175	0.964288
101	179	1.06075
101	180	0.954434
102	1	0.923235
102	12	0.92782
102	21	0.91267
102	30	1.0097
102	53	1.03402
102	55	1.03799
102	60	1.05641
102	66	1.02371
102	97	0.987592
102	103	0.94355
102	111	1.01058
102	123	1.00451
102	150	1.02239
102	154	1.06889
102	158	1.02522
102	163	1.03006
102	166	1.01169
102	168	0.921705
102	171	1.05332
102	172	0.945547
102	173	1.03658
102	174	0.94236
102	175	1.03988
102	180	1.03003
103	87	0.938182
103	101	1.06283
103	102	0.94355
103	112	1.05863
103	115	1.02183
103	126	1.01843
103	135	1.0062
103	146	0.979573
103	147	1.03657
103	159	0.991939
103	160	1.01099
103	161	1.00808
103	162	0.991476
103	163	1.0023
103	164	0.983744
103	168	1.00215
103	170	1.00673
103	172	1.00202
103	174	1.00795
103	175	0.985591
103	176	0.982911
103	177	1.00141
103	178	0.995892
103	179	0.985444
103	180	0.987211
104	2	1.02122
104	3	0.939511
104	12	1.03671
104	75	0.995673
104	90	1.13213
104	91	1.03204
104	93	0.964445
104	96	1.00587
104	100	0.957769
104	121	0.956522
104	129	0.956913
104	141	0.988098
104	142	1.03342
104	145	1.01503
104	148	1.00215
104	150	1.00339
104	151	0.992886
104	155	0.999044
104	158	1.02234
104	162	0.992558
104	165	1.00722
104	167	1.00536
104	172	0.984041
104	173	0.976194
104	175	0.984575
105	2	0.941696
105	30	1.0432
105	51	1.05876
105	62	0.889822
105	89	1.00612
105	90	0.943117
105	94	1.08768
105	95	1.02388
105	110	1.0431
105	126	0.980337
105	134	0.999128
105	136	0.992957
105	141	1.02241
105	142	0.977875
105	144	1.0362
105	154	1.02671
105	157	1.02838
105	158	0.983047
105	164	1.00692
105	166	0.969519
105	170	0.944929
105	171	1.01114
105	173	0.994409
105	175	0.997707
105	180	0.987853
106	22	0.958487
106	53	0.959507
106	60	1.02286
106	83	1.01831
106	87	0.964688
106	92	1.02185
106	98	1.03602
106	108	1.01306
106	112	0.987176
106	124	0.988156
106	128	0.963372
106	131	0.99631
106	132	1.06217
106	139	1.00259
106	149	1.0069
106	151	1.00401
106	152	0.992963
106	156	1.01786
106	161	1.00552
106	163	0.996509
106	165	1.00451
106	169	1.00716
106	170	0.977442
106	173	1.00372
106	178	0.995172
107	5	1.02734
107	41	1.00573
107	52	0.907315
107	65	0.980782
107	73	0.958835
107	84	0.948614
107	96	1.00389
107	108	1.01682
107	112	0.990939
107	120	0.992156
107	124	0.991919
107	128	0.967135
107	139	1.00635
107	145	1.0213
107	149	1.01066
107	151	1.02576
107	152	0.996726
107	153	1.00619
107	156	1.02162
107	157	0.97993
107	162	1.04183
107	163	1.00027
107	173	1.02547
107	176	1.04644
107	180	1.03547
108	7	0.916604
108	41	1.00797
108	73	0.961078
108	92	1.02785
108	96	1.00613
108	98	1.04203
108	106	1.01306
108	107	1.01682
108	119	0.998002
108	123	1.05567
108	124	0.994162
108	128	0.969378
108	139	1.00859
108	147	0.96189
108	149	1.01291
108	151	1.01379
108	152	0.998969
108	153	0.994216
108	156	1.02386
108	157	0.96796
108	169	1.01694
108	170	0.987222
108	171	1.00177
108	173	1.0135
108	178	1.00118
109	5	0.999925
109	39	0.963889
109	50	1.10028
109	81	1.08708
109	88	1.00142
109	122	1.07149
109	124	1.05607
109	130	0.971616
109	133	1.03056
109	135	0.98115
109	146	0.954522
109	147	1.01152
109	159	0.966888
109	161	0.983034
109	162	0.966425
109	164	0.958693
109	165	1.01575
109	167	1.03917
109	168	0.977096
109	170	0.981681
109	172	0.976964
109	174	0.982904
109	176	0.95786
109	177	0.976361
109	178	1.03364
109	179	0.960393
110	6	0.899476
110	17	1.14776
110	61	0.910572
110	72	0.991435
110	74	0.941828
110	87	1.06691
110	105	1.0431
110	111	1.02169
110	114	0.931227
110	117	0.994634
110	118	0.924794
110	133	1.0534
110	136	1.04625
110	144	1.08949
110	146	0.950588
110	150	1.03351
110	151	1.04006
110	161	0.910699
110	166	1.02281
110	167	0.933103
110	171	1.06443
110	172	0.916739
110	175	1.051
110	176	0.929861
110	178	1.03984
110	180	1.04114
111	18	0.997795
111	38	1.0369
111	48	0.969396
111	58	1.013
111	66	0.960128
111	69	1.0575
111	72	0.916745
111	83	0.979748
111	90	0.921715
111	102	1.01058
111	110	1.02169
111	124	1.08353
111	133	0.97871
111	136	0.971555
111	145	1.03449
111	147	0.990803
111	157	1.00698
111	158	0.961644
111	162	1.05877
111	166	0.948117
111	172	1.05026
111	173	0.973006
111	175	0.976305
111	176	1.06338
111	179	1.04618
111	180	0.966451
112	7	0.890721
112	27	0.966469
112	43	0.996088
112	52	0.93463
112	71	1.02998
112	73	0.935194
112	92	1.00197
112	96	0.98025
112	103	1.05863
112	106	0.987176
112	107	0.990939
112	124	0.968279
112	128	0.943495
112	135	1.07069
112	149	0.987024
112	152	0.973086
112	153	1.0335
112	156	0.99798
112	157	1.00725
112	158	1.09893
112	163	0.976632
112	169	1.05623
112	170	1.02651
112	172	1.06063
112	175	1.06116
112	178	0.975294
113	10	0.947357
113	13	0.933967
113	48	0.978071
113	56	1.06544
113	98	0.932238
113	120	1.04287
113	128	1.07272
113	129	1.0419
113	130	1.00877
113	135	1.01831
113	146	0.991678
113	147	1.04867
113	159	1.00404
113	161	1.02019
113	162	1.00358
113	164	0.995849
113	168	1.01425
113	170	1.01884
113	171	0.941851
113	172	1.01412
113	173	0.953581
113	174	1.02006
113	175	0.961963
113	176	0.995016
113	177	1.01352
113	178	0.972264
113	179	0.997549
114	24	0.998262
114	30	0.989898
114	45	1.02476
114	56	0.972174
114	59	0.942803
114	67	0.874269
114	76	1.02059
114	80	1.01657
114	94	0.961071
114	110	0.931227
114	118	1.03956
114	120	0.960385
114	125	1.06771
114	130	1.02596
114	131	1.03774
114	132	1.05215
114	136	0.979954
114	140	1.03547
114	143	1.04175
114	145	1.03693
114	151	0.993991
114	157	0.948159
114	160	1.01556
114	163	1.01591
114	169	1.02118
114	173	0.993695
114	178	1.01238
115	59	1.11902
115	75	1.0046
115	83	0.971113
115	103	1.02183
115	118	0.972419
115	127	0.961427
115	130	1.01026
115	135	1.01979
115	146	0.993162
115	147	1.05016
115	154	0.932064
115	158	1.00267
115	159	1.00553
115	161	1.02167
115	162	1.00506
115	164	0.997333
115	165	0.957316
115	168	1.01574
115	170	1.02032
115	171	0.944786
115	172	1.0156
115	174	1.02154
115	175	0.964898
115	176	0.9965
115	177	1.015
115	178	0.9752
115	179	0.999033
116	25	1.03927
116	33	0.99614
116	55	0.978945
116	63	1.0138
116	75	1.01698
116	79	1.02555
116	95	1.01141
116	99	1.05526
116	100	0.979074
116	121	0.977827
116	129	0.978218
116	136	0.962707
116	142	1.05472
116	148	1.02345
116	153	0.957168
116	154	0.951995
116	155	1.02035
116	161	0.978256
116	163	1.00154
116	164	1.01217
116	165	1.02853
116	167	1.02666
116	169	0.979894
116	172	0.984295
116	174	0.981108
116	177	0.959178
116	178	1.01397
117	69	1.06913
117	78	0.95881
117	82	0.953249
117	94	1.17052
117	101	0.907927
117	110	0.994634
117	118	1.06994
117	126	0.931874
117	133	0.95165
117	134	0.950665
117	138	0.987798
117	139	1.06437
117	141	1.10525
117	143	1.06844
117	144	0.987739
117	154	0.978246
117	158	0.934583
117	166	0.921056
117	167	1.07825
117	169	0.944703
117	171	0.962677
117	173	0.945946
117	175	0.949244
117	176	1.07501
117	177	1.03677
117	179	1.05781
117	180	0.93939
118	1	0.972797
118	5	0.972234
118	40	1.00927
118	45	1.01848
118	49	1.02392
118	56	0.96589
118	58	0.957849
118	76	1.0143
118	80	1.01029
118	86	0.971973
118	88	0.957024
118	94	0.954788
118	110	0.924794
118	114	1.03956
118	115	0.972419
118	117	1.06994
118	125	1.06143
118	140	1.02919
118	143	1.03547
118	145	1.03065
118	146	1.02896
118	153	1.00949
118	163	1.00962
118	165	0.988061
118	169	1.0149
118	173	0.987262
118	177	0.969992
119	8	1.06487
119	12	1.07128
119	17	0.932203
119	18	0.91125
119	43	1.01406
119	50	0.983914
119	54	0.988177
119	61	0.957546
119	63	1.02707
119	84	0.879013
119	90	1.1118
119	95	1.02468
119	100	0.992343
119	108	0.998002
119	121	0.991096
119	138	0.923015
119	139	0.966195
119	142	1.06799
119	145	1.0496
119	148	1.03672
119	155	1.03362
119	160	1.02822
119	164	0.991586
119	165	1.0418
119	167	1.03993
119	169	0.959311
119	170	0.929591
119	174	0.960525
119	178	1.02723
120	40	1.00791
120	93	1.0448
120	107	0.992156
120	113	1.04287
120	114	0.960385
120	121	1.01649
120	122	0.994587
120	130	1.0192
120	135	1.02873
120	138	0.905199
120	146	1.00211
120	147	1.0591
120	148	0.967673
120	156	0.933686
120	158	0.984199
120	159	1.01447
120	161	1.03062
120	162	1.01401
120	164	1.00628
120	167	0.962261
120	168	1.02468
120	170	1.02926
120	171	0.926319
120	172	1.02455
120	174	1.03049
120	176	1.00544
120	177	1.02394
120	179	1.00798
120	180	0.948051
121	11	0.992058
121	23	1.00343
121	26	0.936935
121	62	1.04759
121	79	0.958731
121	91	0.986531
121	100	0.91226
121	104	0.956522
121	116	0.977827
121	119	0.991096
121	120	1.01649
121	126	1.09102
121	129	0.911404
121	130	1.08206
121	141	0.942589
121	142	0.98791
121	145	0.969518
121	147	0.998196
121	148	0.956637
121	153	1.03052
121	158	1.09595
121	160	0.948138
121	165	0.961715
121	166	1.09797
121	167	0.959849
121	169	1.05325
121	171	1.03807
121	173	1.0498
121	175	1.05818
122	21	1.00287
122	29	0.952895
122	36	1.03481
122	40	0.968074
122	51	1.11545
122	57	0.932677
122	64	0.953878
122	88	0.997659
122	109	1.07149
122	120	0.994587
122	130	1.06016
122	133	0.980652
122	134	0.979667
122	137	0.990561
122	140	0.98799
122	142	1.00785
122	143	0.994275
122	146	1.06959
122	148	0.976574
122	155	0.973472
122	160	0.968075
122	161	1.0297
122	162	1.04426
122	165	0.981652
122	166	0.950058
122	167	0.979786
122	173	0.974948
122	175	0.978246
122	176	1.04887
122	179	1.03167
122	180	0.968392
123	12	1.00366
123	16	1.01392
123	19	0.998812
123	38	1.03083
123	49	1.039
123	78	0.979797
123	82	0.974236
123	90	0.915641
123	94	1.13002
123	102	1.00451
123	108	1.05567
123	132	0.934225
123	137	0.982546
123	138	1.00879
123	144	1.00873
123	145	1.00562
123	150	0.952743
123	154	0.999234
123	157	1.00091
123	158	0.95557
123	161	1.01534
123	162	1.0299
123	164	1.04926
123	166	0.942043
123	172	1.02138
123	173	0.966933
123	174	1.0182
123	175	0.970231
123	176	1.03451
123	177	0.996265
123	180	0.960377
124	7	0.891701
124	41	0.983065
124	43	0.997068
124	44	0.987437
124	53	0.940609
124	71	1.03096
124	92	1.00295
124	96	0.98123
124	106	0.988156
124	107	0.991919
124	108	0.994162
124	109	1.05607
124	111	1.08353
124	112	0.968279
124	128	0.944475
124	131	0.977413
124	132	1.07094
124	136	0.998738
124	139	0.983691
124	148	1.0421
124	149	0.988004
124	150	1.03967
124	151	1.01277
124	152	0.974066
124	156	0.99896
124	157	0.966943
124	158	1.05863
124	160	1.04626
124	169	1.01593
124	175	1.02086
124	178	0.976274
125	29	1.02224
125	30	1.01176
125	40	1.03742
125	56	0.99404
125	59	0.96467
125	64	1.02322
125	76	1.04245
125	80	1.03844
125	86	1.00012
125	99	0.93279
125	114	1.06771
125	118	1.06143
125	134	0.969121
125	140	1.05734
125	143	1.06362
125	145	1.0588
125	148	0.971844
125	150	0.969413
125	152	0.977029
125	153	1.03764
125	157	0.896684
125	158	0.988369
125	160	1.03742
125	163	1.03777
125	169	1.04305
125	172	0.950067
125	175	0.950601
125	176	0.96319
125	177	0.92495
125	178	0.960903
125	180	0.952221
126	26	1.0463
126	44	1.04867
126	73	1.12127
126	82	0.99224
126	87	1.00415
126	88	0.982339
126	89	0.996644
126	90	0.933645
126	101	0.946918
126	103	1.01843
126	105	0.980337
126	117	0.931874
126	121	1.09102
126	132	0.95223
126	135	1.03048
126	142	1.01925
126	144	1.02673
126	150	0.970747
126	154	1.01724
126	158	0.973575
126	161	1.01438
126	166	0.960048
126	168	0.996582
126	169	0.983694
126	171	1.00167
126	173	0.984937
126	175	0.988236
126	176	1.03355
126	177	0.995307
126	178	0.977078
126	180	0.978381
127	14	1.21245
127	20	0.951865
127	21	0.95124
127	49	1.00174
127	53	0.95949
127	70	0.972745
127	76	1.00344
127	80	1.01575
127	81	0.996777
127	92	1.02183
127	93	0.964521
127	101	0.964995
127	115	0.961427
127	135	0.994178
127	139	1.00257
127	141	0.990593
127	142	1.03591
127	149	1.00688
127	152	0.992946
127	155	1.00154
127	156	1.01784
127	158	0.991652
127	159	0.999401
127	162	0.992634
127	167	1.00785
127	171	1.01975
127	172	0.984117
127	173	1.00301
127	174	0.98093
127	175	1.00631
127	176	0.99724
127	180	0.996458
128	7	0.866917
128	15	1.03377
128	27	0.942665
128	28	1.09358
128	36	0.994837
128	43	0.972284
128	44	0.962653
128	52	0.972348
128	62	1.05193
128	71	1.00618
128	73	0.91139
128	89	1.07249
128	96	0.956446
128	98	0.992338
128	106	0.963372
128	107	0.967135
128	108	0.969378
128	112	0.943495
128	113	1.07272
128	124	0.944475
128	137	1.09288
128	139	0.958907
128	149	0.96322
128	151	1.09079
128	152	0.949282
128	156	0.974176
128	160	1.12428
128	161	1.09231
128	163	0.952828
128	168	1.0745
128	173	1.0905
128	178	0.95149
129	8	0.985183
129	12	0.991588
129	13	0.987275
129	15	1.00295
129	23	1.00382
129	32	1.09478
129	54	0.908485
129	75	0.950556
129	81	0.949165
129	91	0.986923
129	104	0.956913
129	113	1.0419
129	116	0.978218
129	121	0.911404
129	131	0.948681
129	134	1.08658
129	139	1.07001
129	141	0.942981
129	145	0.969909
129	148	0.957028
129	151	0.947768
129	155	0.953927
129	159	1.08281
129	163	1.08477
129	165	0.962107
129	166	1.10784
129	167	0.960241
129	169	1.06312
129	173	1.05968
129	177	1.04241
129	178	0.947543
129	180	1.06968
130	16	0.968961
130	19	0.97734
130	38	0.949829
130	69	0.984065
130	109	0.971616
130	113	1.00877
130	114	1.02596
130	115	1.01026
130	120	1.0192
130	121	1.08206
130	122	1.06016
130	134	1.03052
130	135	0.994631
130	136	0.98988
130	146	0.968003
130	147	1.025
130	158	1.04977
130	159	0.980369
130	161	0.996515
130	162	0.979906
130	163	1.02871
130	164	0.972174
130	167	1.02783
130	168	0.990577
130	169	0.99081
130	170	0.995162
130	171	0.991891
130	172	0.990445
130	174	0.996385
130	176	0.971341
130	177	0.989842
130	178	1.0223
130	179	0.973874
131	6	1.00599
131	15	0.958678
131	20	0.991002
131	58	0.985993
131	64	1.08939
131	69	1.03049
131	84	0.938554
131	90	0.940996
131	98	1.02528
131	106	0.99631
131	114	1.03774
131	124	0.977413
131	129	0.948681
131	135	1.03331
131	139	0.991845
131	140	1.06707
131	141	0.979866
131	142	1.02519
131	148	0.993914
131	149	0.996158
131	154	1.02459
131	155	0.990812
131	156	1.00711
131	158	0.980925
131	164	1.05113
131	166	0.967398
131	167	0.997126
131	170	0.989132
131	173	0.992287
131	175	0.995586
131	178	0.984428
131	179	1.01918
131	180	0.985732
132	13	1.0102
132	14	1.17574
132	27	1.09554
132	28	0.953641
132	35	0.908605
132	36	0.934153
132	50	1.11514
132	83	0.973043
132	87	0.985512
132	90	0.915009
132	101	0.928282
132	106	1.06217
132	114	1.05215
132	123	0.934225
132	124	1.07094
132	126	0.95223
132	133	0.972005
132	138	1.00815
132	144	1.00809
132	145	1.0219
132	150	0.952111
132	152	1.06462
132	153	0.959647
132	154	0.998602
132	158	0.954939
132	161	1.03162
132	166	0.941411
132	167	1.05403
132	171	0.983032
132	173	0.966301
132	175	0.9696
132	176	1.05079
132	179	1.03359
132	180	0.959745
133	32	0.963275
133	38	1.06861
133	57	0.89175
133	58	0.957557
133	77	1.00927
133	78	1.01758
133	80	1.02645
133	85	1.04856
133	90	0.953421
133	97	0.95572
133	109	1.03056
133	110	1.0534
133	111	0.97871
133	117	0.95165
133	122	0.980652
133	132	0.972005
133	134	1.00943
133	136	1.00326
133	138	1.04656
133	149	1.01584
133	154	1.03701
133	155	1.00451
133	158	0.99335
133	161	0.988778
133	162	1.00333
133	164	1.02269
133	166	0.979823
133	167	1.01118
133	169	1.00347
133	171	1.02144
133	172	0.994817
133	173	1.00471
133	175	1.00801
133	179	0.990744
133	180	0.998157
134	18	0.953645
134	32	0.962291
134	39	1.05979
134	50	1.08359
134	62	0.916879
134	66	0.99085
134	84	0.921408
134	87	1.02294
