1	56	1.08291
1	105	1.03308
1	128	0.981371
1	129	0.946039
1	132	0.995388
1	136	1.03966
1	138	1.00138
1	150	1.04694
1	162	0.917504
1	167	1.02065
1	173	0.96692
1	178	0.972307
2	10	0.919863
2	54	0.900983
2	67	1.14939
2	71	1.00635
2	109	1.05667
2	111	1.09953
2	149	0.991397
2	162	1.06722
2	171	0.935627
2	175	0.949011
2	179	0.962551
2	180	0.968311
3	98	0.83308
3	120	0.929812
3	121	1.07391
3	136	0.83691
3	162	0.861828
3	164	0.932351
3	168	1.14581
3	172	1.08953
3	177	1.09399
3	179	1.09674
3	180	1.10002
4	8	1.05597
4	33	0.954452
4	62	1.05038
4	73	1.05964
4	76	0.924457
4	100	0.99406
4	116	1.04642
4	119	1.0213
4	120	1.01184
4	130	0.979927
4	167	0.949994
4	178	0.959199
5	76	0.944081
5	104	1.05061
5	113	1.05711
5	128	0.988767
5	132	1.00278
5	136	1.04706
5	142	1.02562
5	151	0.950015
5	167	1.02805
5	171	0.946945
5	174	0.987061
5	178	0.978824
6	58	1.04412
6	60	0.943941
6	73	0.90261
6	100	1.01018
6	127	1.02435
6	143	0.9735
6	146	1.02009
6	152	1.02303
6	158	1.02923
6	159	1.02625
6	160	1.03292
6	165	0.974962
7	19	0.945676
7	74	0.886247
7	133	0.996084
7	139	0.983845
7	160	0.981496
7	170	1.00531
7	171	1.03984
7	173	1.03348
7	175	1.03969
7	176	1.02462
7	179	1.02688
7	180	1.03017
8	4	1.05597
8	39	1.06523
8	53	0.967951
8	86	1.07413
8	101	1.00346
8	116	1.02865
8	119	1.00353
8	145	0.960087
8	147	1.06632
8	167	0.923848
8	174	0.941291
8	175	0.914559
9	33	0.958051
9	101	1.02483
9	107	1.03605
9	112	1.00902
9	116	1.05002
9	119	1.0249
9	121	1.01713
9	163	0.942278
9	167	0.951529
9	168	1.08902
9	172	0.94711
9	177	0.956994
10	2	0.919863
10	12	0.924317
10	34	0.825478
10	67	0.979624
10	71	0.836591
10	80	1.18299
10	109	0.886909
10	111	0.929766
10	162	0.897453
10	171	1.19084
10	172	1.20909
10	178	1.22272
11	15	0.927403
11	134	0.936195
11	141	0.885007
11	146	0.881469
11	157	1.22507
11	158	0.890607
11	162	0.912341
11	163	1.18596
11	164	0.871681
11	172	1.19079
11	176	1.20355
11	178	0.895297
12	10	0.924317
12	34	0.999695
12	39	0.987085
12	43	1.05213
12	70	0.958949
12	109	1.06113
12	111	1.10398
12	138	0.981861
12	162	1.07167
12	174	0.961029
12	176	0.951931
12	178	0.952792
13	41	0.963342
13	56	0.90152
13	96	0.98994
13	113	0.944878
13	160	0.995152
13	169	1.04381
13	171	1.03573
13	172	1.01556
13	175	1.03558
13	176	1.02051
13	179	1.02277
13	180	1.02605
14	28	1.01753
14	33	0.959292
14	62	1.05522
14	73	1.06448
14	101	1.02607
14	116	1.05126
14	119	1.02614
14	129	0.946107
14	141	0.965401
14	151	0.943565
14	174	0.980612
14	177	0.968634
15	11	0.927403
15	51	1.01216
15	58	1.05303
15	64	0.939172
15	134	1.08372
15	141	1.03253
15	152	1.03194
15	153	0.958121
15	156	1.02956
15	160	1.04182
15	173	0.942228
15	174	0.955853
16	67	1.11027
16	97	1.21916
16	103	0.867424
16	107	1.21721
16	156	1.24733
16	163	0.900234
16	165	0.907392
16	173	0.9075
16	175	0.913713
16	176	0.898644
16	179	0.900905
16	180	0.904188
17	24	1.01123
17	64	0.956704
17	108	1.01916
17	134	1.06619
17	137	0.914974
17	152	1.0144
17	156	1.01203
17	158	1.0206
17	162	1.04233
17	177	0.961408
17	178	1.02529
17	179	0.960193
18	115	1.01882
18	124	1.00222
18	125	1.03622
18	126	1.03858
18	139	1.05465
18	140	1.02593
18	150	0.897383
18	164	1.02358
18	165	0.977568
18	176	0.977061
18	177	0.974181
18	178	0.977921
19	7	0.945676
19	37	1.07981
19	53	0.97492
19	62	1.03958
19	73	1.04884
19	85	0.886826
19	119	1.0105
19	120	1.00103
19	137	1.05184
19	147	1.07329
19	151	0.940506
19	161	0.952843
20	70	0.960277
20	81	1.0271
20	84	0.996917
20	89	0.98921
20	125	1.02534
20	126	1.0277
20	131	1.07054
20	140	1.01505
20	153	0.964625
20	161	0.937647
20	166	1.04507
20	167	0.944914
21	23	1.17267
21	98	1.2052
21	136	1.20903
21	150	1.20821
21	161	0.918018
21	171	0.909226
21	172	0.889053
21	173	0.902862
21	174	0.893769
21	176	0.894006
21	177	0.893516
21	180	0.89955
22	47	1.02928
22	89	0.994029
22	117	1.02226
22	126	1.03252
22	135	1.05216
22	140	1.01987
22	142	0.957134
22	148	0.978822
22	166	1.04989
22	168	0.907619
22	172	0.980223
22	175	0.975354
23	21	1.17267
23	55	1.07008
23	60	0.88515
23	94	1.0136
23	96	1.01365
23	102	1.0636
23	107	1.00168
23	121	0.982752
23	143	0.914709
23	165	0.916172
23	168	1.05465
23	180	0.91733
24	17	1.01123
24	29	0.936255
24	48	0.963397
24	69	1.04239
24	113	0.993129
24	128	0.924786
24	132	0.938804
24	136	0.983079
24	149	1.10257
24	150	0.990351
24	165	1.07833
24	167	0.964067
24	176	1.07782
25	66	1.0677
25	68	1.05134
25	132	1.02886
25	157	0.952406
25	159	1.01924
25	160	1.02622
25	161	0.994201
25	169	0.99349
25	172	0.965236
25	173	0.979046
25	176	0.970189
25	177	0.9697
25	180	0.975733
26	49	0.972197
26	53	0.920973
26	69	0.932649
26	73	0.994893
26	101	0.956477
26	116	0.981673
26	119	0.956553
26	137	0.997891
26	145	1.09306
26	147	1.01934
26	172	1.0524
26	173	1.06064
26	176	1.06517
27	70	1.0784
27	82	0.971085
27	85	0.989755
27	96	0.96635
27	107	0.954382
27	109	0.970657
27	111	1.01351
27	121	0.935456
27	127	1.04175
27	162	0.981202
27	168	1.00735
27	171	1.04037
27	175	1.05375
28	14	1.01753
28	33	0.893408
28	86	1.03085
28	101	0.960182
28	116	0.985377
28	119	0.960258
28	120	0.950792
28	122	1.08039
28	137	1.0016
28	145	1.05281
28	176	1.02491
28	177	1.02203
28	180	1.02658
29	24	0.936255
29	50	0.881711
29	57	0.808623
29	63	0.868885
29	93	1.08157
29	116	0.853027
29	166	0.843023
29	170	1.10247
29	174	1.12154
29	176	1.12178
29	177	1.12129
29	179	1.12404
29	180	1.12732
30	66	1.06542
30	82	1.0245
30	127	1.02092
30	142	1.0147
30	164	1.06714
30	169	0.995936
30	170	0.953324
30	172	0.967681
30	174	0.972397
30	175	0.987704
30	176	0.972634
30	177	0.972145
30	180	0.978178
31	46	0.947944
31	65	0.973811
31	74	0.995415
31	79	0.996941
31	93	1.09939
31	94	0.966907
31	102	1.01691
31	107	0.95499
31	121	0.936063
31	155	1.07187
31	168	1.00796
31	175	1.00914
31	176	1.02677
32	38	0.991398
32	39	1.01665
32	54	0.935
32	71	1.04037
32	82	1.09112
32	103	1.00632
32	109	1.09069
32	111	1.13355
32	122	0.981647
32	125	0.91083
32	140	0.926226
32	162	1.10123
32	168	0.840801
32	174	0.935268
33	4	0.954452
33	9	0.958051
33	14	0.959292
33	28	0.893408
33	62	0.931093
33	86	0.972611
33	101	0.90194
33	116	0.927136
33	119	0.902017
33	143	1.11826
33	155	1.16431
33	163	1.10161
33	172	1.10645
33	177	1.11633
34	10	0.825478
34	12	0.999695
34	43	0.953287
34	45	1.09061
34	54	0.806598
34	71	0.911968
34	82	0.962714
34	109	0.962286
34	111	1.00514
34	138	1.1462
34	145	1.14416
34	153	1.12764
34	162	0.972831
34	163	1.09867
35	55	0.974239
35	59	1.09172
35	65	0.924655
35	74	0.946259
35	94	0.91775
35	96	0.917801
35	102	0.96775
35	107	0.905833
35	112	1.17875
35	121	0.886907
35	137	1.08029
35	168	0.958805
35	176	1.1296
35	177	1.12672
36	47	1.09321
36	74	1.03998
36	121	1.14093
36	140	1.16189
36	146	1.15683
36	161	0.947617
36	165	0.932354
36	169	0.946906
36	173	0.932461
36	174	0.923368
36	175	0.938675
36	176	0.923605
36	179	0.925866
36	180	0.929149
37	19	1.07981
37	44	1.10333
37	54	1.37772
37	55	1.01379
37	74	1.02038
37	146	0.928384
37	152	0.931325
37	156	0.92895
37	159	0.934543
37	163	0.935668
37	174	0.933841
37	176	0.934078
37	177	0.933589
37	180	0.939622
38	32	0.991398
38	39	0.850386
38	43	0.915427
38	67	1.01714
38	71	0.874109
38	82	0.924855
38	109	0.924427
38	111	0.967284
38	114	1.07223
38	123	1.15695
38	143	1.13052
38	152	1.10949
38	162	0.934971
38	178	1.13234
39	8	1.06523
39	12	0.987085
39	32	1.01665
39	38	0.850386
39	54	0.793988
39	70	1.17093
39	71	0.899358
39	74	1.04206
39	82	0.950104
39	109	0.949676
39	111	0.992534
39	162	0.960221
39	173	1.15939
39	178	1.16478
40	41	1.00493
40	61	1.03517
40	107	0.962558
40	121	0.943631
40	136	0.982994
40	141	0.962043
40	144	1.10031
40	158	0.967644
40	160	0.971328
40	161	1.04624
40	168	1.01553
40	169	1.04051
40	178	0.972333
41	13	0.963342
41	40	1.00493
41	67	0.809978
41	74	1.07397
41	94	1.04546
41	96	1.04551
41	102	1.09546
41	107	1.03354
41	121	1.01462
41	122	1.02794
41	137	0.923151
41	166	0.926174
41	168	1.08651
41	169	0.951116
42	44	1.04056
42	70	1.03074
42	88	0.863107
42	105	1.06829
42	113	1.08492
42	128	1.01658
42	132	1.0306
42	136	1.07487
42	142	1.05343
42	155	0.996175
42	158	0.930808
42	161	0.935464
42	173	0.946549
42	175	0.933442
43	12	1.05213
43	34	0.953287
43	38	0.915427
43	54	0.859029
43	67	1.10743
43	80	0.975337
43	82	1.01515
43	109	1.01472
43	111	1.05757
43	162	1.02526
43	163	0.996605
43	171	0.983183
43	174	1.0233
43	176	1.0142
43	180	1.01587
44	37	1.10333
44	42	1.04056
44	98	0.996269
44	99	0.96214
44	104	1.00939
44	105	0.999254
44	113	1.01589
44	132	0.961565
44	136	1.00584
44	142	0.984398
44	151	0.964027
44	167	0.986829
44	178	0.992836
44	179	0.987881
44	180	0.993641
45	34	1.09061
45	131	0.922816
45	133	0.993202
45	138	0.988784
45	145	0.989092
45	156	0.979794
45	158	0.984954
45	164	1.0218
45	165	1.01111
45	170	0.983048
45	173	1.01122
45	176	1.00236
45	177	1.00187
45	179	1.00462
45	180	1.0079
46	31	0.947944
46	61	0.987459
46	65	1.00294
46	74	1.02455
46	80	0.975277
46	94	0.996037
46	96	0.996088
46	102	1.04604
46	107	0.98412
46	121	0.965194
46	168	1.03709
46	170	1.04155
46	171	0.983123
46	177	1.01126
46	179	1.01005
47	22	1.02928
47	36	1.09321
47	83	0.956859
47	91	1.04641
47	95	1.01061
47	124	0.953876
47	125	0.987872
47	126	0.990236
47	131	1.03307
47	135	1.00987
47	140	0.977581
47	166	1.0076
47	170	0.989663
47	173	0.957729
47	178	0.963116
48	24	0.963397
48	56	1.06372
48	79	0.990219
48	98	1.0109
48	105	1.01389
48	128	0.962179
48	132	0.976197
48	136	1.02047
48	140	0.997639
48	142	0.999029
48	153	1.00895
48	174	1.00668
48	177	0.994703
48	178	0.998444
48	180	0.999248
49	26	0.972197
49	51	1.04729
49	53	0.94893
49	73	1.02285
49	86	1.0551
49	101	0.984434
49	112	1.03103
49	116	1.00963
49	119	0.984511
49	120	0.975044
49	145	1.00977
49	147	1.0473
49	169	0.960531
49	172	0.969115
49	174	0.990978
50	29	0.881711
50	81	0.997342
50	89	0.959455
50	95	1.01832
50	117	0.987687
50	118	1.0332
50	125	0.995584
50	126	0.997948
50	131	1.04078
50	135	1.01759
50	140	0.985292
50	145	1.05117
50	167	1.01493
50	175	1.00564
50	177	1.0204
51	15	1.01216
51	49	1.04729
51	101	1.08465
51	108	1.06624
51	155	0.930438
51	156	1.07086
51	164	1.11287
51	169	0.981183
51	172	0.952928
51	174	0.957644
51	175	0.972951
51	176	0.957881
51	177	0.957392
51	178	0.966015
51	179	0.960142
51	180	0.963425
52	62	0.902267
52	69	0.812621
52	96	0.913319
52	97	0.89154
52	110	0.978276
52	143	1.05251
52	148	0.930973
52	155	1.04192
52	164	0.961719
52	165	1.07811
52	169	1.09266
52	170	1.05005
52	176	1.06936
52	177	1.06887
52	179	1.07162
52	180	1.0749
53	8	0.967951
53	19	0.97492
53	26	0.920973
53	49	0.94893
53	62	0.962364
53	86	1.00388
53	101	0.933211
53	116	0.958406
53	119	0.933287
53	122	1.13549
53	141	1.0739
53	147	0.996075
53	151	1.05207
53	166	1.03373
53	169	1.05867
53	171	1.049
54	2	0.900983
54	32	0.935
54	34	0.806598
54	37	1.37772
54	39	0.793988
54	43	0.859029
54	67	0.960744
54	71	0.817711
54	82	0.868457
54	109	0.868029
54	111	0.910886
54	143	1.26541
54	161	1.25075
54	162	0.878573
54	167	1.25802
54	172	1.2536
55	23	1.07008
55	35	0.974239
55	37	1.01379
55	65	1.07839
55	94	1.07149
55	96	1.07154
55	102	1.12149
55	107	1.05957
55	121	1.04065
55	128	0.923214
55	153	0.913797
55	166	0.85614
55	167	0.894086
55	168	1.11254
55	178	0.903292
55	179	0.898337
56	1	1.08291
56	13	0.90152
56	48	1.06372
56	98	1.07383
56	105	1.07682
56	128	1.02511
56	132	1.03913
56	133	0.898623
56	136	1.0834
56	150	1.09068
56	157	0.932163
56	165	0.91115
56	167	1.06439
56	170	0.93805
56	178	0.911503
56	180	0.912308
57	29	0.808623
57	88	0.862223
57	93	1.02281
57	114	0.890948
57	123	1.03375
57	127	1.06222
57	152	1.0609
57	158	1.0671
57	159	1.06412
57	160	1.07078
57	161	0.93458
57	162	1.08883
57	166	1.08053
57	167	0.941847
57	177	0.947312
57	178	1.07178
58	6	1.04412
58	15	1.05303
58	60	0.960156
58	123	0.982881
58	137	0.941356
58	139	1.02837
58	146	1.00709
58	148	1.01419
58	158	1.01623
58	159	1.01325
58	160	1.01991
58	163	0.973074
58	169	0.969321
58	173	0.986143
58	177	0.98779
58	178	1.02092
58	180	0.992335
59	35	1.09172
59	78	0.936725
59	96	0.961178
59	113	0.916116
59	133	0.980978
59	140	0.993053
59	143	1.00507
59	150	0.913319
59	154	1.03361
59	157	1.00414
59	163	1.02351
59	172	1.01697
59	174	1.02169
59	176	1.02192
59	177	1.02143
59	179	1.02418
59	180	1.02747
60	6	0.943941
60	23	0.88515
60	58	0.960156
60	62	0.957497
60	63	0.979939
60	77	1.08375
60	126	0.982938
60	153	1.02221
60	161	1.04012
60	165	1.02486
60	170	0.996799
60	172	1.01116
60	173	1.02497
60	177	1.01562
60	178	1.02424
60	179	1.01837
60	180	1.02165
61	40	1.03517
61	46	0.987459
61	63	0.983772
61	102	0.892406
61	106	0.992769
61	131	0.921795
61	132	0.980228
61	154	1.02469
61	165	1.02175
61	169	1.03631
61	171	1.02823
61	172	1.00805
61	173	1.02186
61	174	1.01277
61	177	1.01252
61	179	1.01527
61	180	1.01855
62	4	1.05038
62	14	1.05522
62	19	1.03958
62	33	0.931093
62	52	0.902267
62	53	0.962364
62	60	0.957497
62	73	1.03628
62	86	1.06854
62	101	0.997868
62	119	0.997944
62	129	0.962604
62	130	1.0096
62	147	1.06073
62	155	1.03311
62	169	0.966663
62	172	0.975247
63	29	0.868885
63	60	0.979939
63	61	0.983772
63	72	0.966887
63	85	0.928825
63	110	1.00212
63	138	1.04038
63	141	1.02327
63	148	1.02683
63	152	1.02267
63	156	1.0203
63	158	1.02887
63	159	1.02589
63	160	1.03256
63	162	1.0506
63	172	0.997689
63	173	1.00593
64	15	0.939172
64	17	0.956704
64	89	1.04384
64	95	0.967481
64	104	0.951328
64	160	0.996691
64	168	0.93793
64	169	1.03828
64	170	0.995668
64	171	1.0302
64	173	1.02384
64	174	1.01474
64	175	1.03005
64	176	1.01498
64	177	1.01449
64	179	1.01724
64	180	1.02052
65	31	0.973811
65	35	0.924655
65	46	1.00294
65	55	1.07839
65	74	1.05041
65	85	0.910136
65	94	1.0219
65	96	1.02196
65	102	1.0719
65	121	0.991061
65	150	0.912086
65	157	1.01328
65	164	1.00835
65	168	1.06296
65	175	0.97413
65	178	0.992625
65	180	0.99343
66	25	1.0677
66	30	1.06542
66	110	0.964974
66	113	1.02119
66	114	0.986506
66	123	0.958381
66	128	0.952844
66	132	0.966862
66	136	1.01114
66	141	0.986129
66	145	0.975018
66	146	0.982591
66	147	0.97074
66	159	0.988751
66	163	1.02815
66	167	0.992125
66	173	1.04122
66	180	1.04741
67	2	1.14939
67	10	0.979624
67	16	1.11027
67	38	1.01714
67	41	0.809978
67	43	1.10743
67	54	0.960744
67	71	1.06611
67	82	1.11686
67	109	1.11643
67	111	1.15929
67	112	0.917541
67	126	0.850966
67	138	0.898325
67	149	0.893147
67	162	1.12698
67	172	0.855631
67	180	0.870061
68	25	1.05134
68	75	1.01134
68	90	1.0263
68	97	0.995645
68	115	0.951716
68	117	0.961218
68	124	0.935118
68	126	0.971479
68	131	1.01431
68	139	0.987552
68	146	1.02438
68	151	1.00144
68	164	0.956481
68	166	0.988844
68	167	1.02104
68	170	1.05679
68	173	1.02486
68	179	1.02529
69	24	1.04239
69	26	0.932649
69	52	0.812621
69	79	1.06921
69	100	0.934087
69	104	1.10301
69	105	1.09288
69	113	1.10951
69	128	1.04117
69	132	1.05519
69	136	1.09946
69	145	0.926259
69	150	1.10673
69	153	0.909731
69	167	1.08045
69	176	0.898365
69	177	0.895485
69	178	0.899226
70	12	0.958949
70	20	0.960277
70	27	1.0784
70	39	1.17093
70	42	1.03074
70	98	0.986449
70	120	1.05194
70	132	0.951745
70	134	0.959514
70	136	0.996021
70	152	1.01591
70	163	0.974759
70	167	0.977009
70	172	0.968216
70	175	0.988239
70	177	0.972679
70	179	0.97543
70	180	0.978713
71	2	1.00635
71	10	0.836591
71	32	1.04037
71	34	0.911968
71	38	0.874109
71	39	0.899358
71	54	0.817711
71	67	1.06611
71	82	0.973827
71	88	1.03391
71	109	0.973399
71	111	1.01626
71	150	1.0422
71	153	1.13325
71	162	0.983943
71	165	1.12239
71	167	1.11353
71	168	1.03651
71	178	1.12274
72	63	0.966887
72	78	0.975746
72	79	0.92851
72	85	1.01769
72	104	0.962315
72	109	1.04866
72	124	1.13367
72	136	0.958763
72	139	0.9515
72	148	0.937316
72	150	0.966035
72	155	1.14442
72	156	0.930783
72	158	0.939355
72	160	0.94304
72	163	1.08173
72	167	0.939751
72	175	1.08169
72	177	1.09644
73	4	1.05964
73	6	0.90261
73	14	1.06448
73	19	1.04884
73	26	0.994893
73	49	1.02285
73	62	1.03628
73	86	1.0778
73	101	1.00713
73	116	1.03233
73	119	1.00721
73	137	1.04854
73	143	0.958083
73	157	0.980558
73	167	0.950693
73	169	0.937689
73	176	0.959038
73	178	0.959898
73	180	0.960703
74	7	0.886247
74	31	0.995415
74	35	0.946259
74	36	1.03998
74	37	1.02038
74	39	1.04206
74	41	1.07397
74	46	1.02455
74	65	1.05041
74	94	1.04351
74	96	1.04356
74	102	1.09351
74	107	1.03159
74	121	1.01267
74	145	0.936919
74	167	0.900681
74	168	1.08456
74	169	0.887677
74	175	0.891391
75	68	1.01134
75	81	1.03273
75	86	0.853653
75	89	0.994846
75	90	1.08816
75	103	1.0378
75	117	1.02308
75	125	1.03097
75	129	0.932247
75	131	1.07617
75	135	1.05298
75	140	1.02068
75	143	0.9567
75	153	0.969021
75	161	0.942043
75	164	1.01834
75	165	0.958162
75	166	1.0507
75	180	0.95932
76	4	0.924457
76	5	0.944081
76	98	0.914309
76	139	0.972741
76	140	0.997056
76	150	0.917322
76	156	0.971573
76	157	1.01806
76	161	1.05986
76	163	1.03744
76	166	0.950709
76	170	1.01653
76	172	1.03089
76	174	1.03561
76	175	1.05091
76	176	1.03584
76	177	1.03536
76	179	1.03811
76	180	1.04139
77	60	1.08375
77	83	1.10886
77	88	1.02629
77	106	0.951164
77	108	0.951116
77	110	0.925798
77	127	0.947676
77	133	0.940421
77	138	1.14419
77	146	0.943415
77	147	1.03925
77	148	0.950515
77	158	0.952553
77	159	0.949575
77	160	0.956238
77	162	0.974287
77	173	1.10973
77	175	1.09663
77	178	0.957243
78	59	0.936725
78	72	0.975746
78	79	1.02688
78	83	0.969212
78	98	1.04757
78	104	1.06069
78	105	1.05055
78	113	1.06719
78	128	0.998844
78	132	1.01286
78	134	0.896223
78	136	1.05714
78	145	1.0025
78	147	0.899601
78	150	1.06441
78	163	0.957013
78	167	1.03813
78	178	0.97547
78	179	0.970515
79	31	0.996941
79	48	0.990219
79	69	1.06921
79	72	0.92851
79	78	1.02688
79	98	1.00033
79	104	1.01345
79	105	1.00331
79	113	1.01995
79	128	0.951608
79	142	0.988459
79	144	1.0395
79	145	1.02894
79	150	1.01717
79	160	0.974442
79	167	0.990889
79	171	0.970031
79	177	0.998169
79	178	1.00191
79	179	0.996955
80	10	1.18299
80	43	0.975337
80	46	0.975277
80	108	0.961965
80	139	0.967759
80	142	0.956164
80	153	1.00568
80	155	0.97214
80	157	0.9818
80	160	0.96541
80	164	1.0086
80	165	1.00833
80	169	1.02288
80	170	0.980272
80	171	1.0148
80	173	1.00844
80	176	0.999583
80	177	0.999094
80	179	1.00184
80	180	1.00513
81	20	1.0271
81	50	0.997342
81	75	1.03273
81	95	1.01325
81	115	0.973113
81	124	0.956516
81	131	1.03571
81	133	0.984673
81	135	1.01252
81	136	0.949063
81	137	0.978611
81	139	1.00895
81	140	0.980221
81	144	1.06637
81	147	0.952915
81	151	0.999976
81	163	1.01033
81	164	0.977879
81	172	1.01516
81	174	1.03702
82	27	0.971085
82	30	1.0245
82	32	1.09112
82	34	0.962714
82	38	0.924855
82	39	0.950104
82	43	1.01515
82	54	0.868457
82	67	1.11686
82	71	0.973827
82	109	1.02415
82	111	1.067
82	135	0.957179
82	149	1.02958
82	154	0.995484
82	161	0.989214
82	162	1.03469
82	176	1.00483
82	178	1.00569
82	179	1.00073
83	47	0.956859
83	77	1.10886
83	78	0.969212
83	103	0.971956
83	126	1.00806
83	139	1.00123
83	149	0.993835
83	150	0.945807
83	152	1.00349
83	153	1.00927
83	155	0.975732
83	156	1.00006
83	157	0.985392
83	163	1.00477
83	165	1.01192
83	173	1.01203
83	175	1.01825
83	177	1.00269
83	179	1.00544
83	180	1.00872
84	20	0.996917
84	92	1.01965
84	123	0.933045
84	127	0.961517
84	130	1.09613
84	131	0.992135
84	143	1.07359
84	146	0.957256
84	148	0.964355
84	152	0.960197
84	156	0.957822
84	159	0.963415
84	160	0.970079
84	164	0.947468
84	166	0.979831
84	168	1.01428
84	171	1.04352
84	175	1.05691
84	177	1.07166
84	178	0.971083
84	180	1.07621
85	19	0.886826
85	27	0.989755
85	63	0.928825
85	65	0.910136
85	72	1.01769
85	99	0.919418
85	106	0.937822
85	135	0.901607
85	144	1.03349
85	151	1.06508
85	155	1.0239
85	165	1.06009
85	166	0.902963
85	167	1.05518
85	170	1.03203
85	174	1.05111
85	175	1.06641
85	176	1.05134
85	177	1.05086
85	179	1.05361
85	180	1.05689
86	8	1.07413
86	28	1.03085
86	33	0.972611
86	49	1.0551
86	53	1.00388
86	62	1.06854
86	73	1.0778
86	75	0.853653
86	93	0.999499
86	116	1.06458
86	119	1.03946
86	120	1.03
86	123	0.95235
86	137	1.0808
86	139	0.902621
86	144	0.965331
86	145	0.954774
86	147	1.10225
86	173	0.922353
86	176	0.92688
86	178	0.927741
87	99	0.927995
87	105	0.907394
87	111	0.890598
87	120	0.971872
87	136	0.87897
87	141	0.951718
87	144	1.02741
87	146	0.952828
87	147	1.09526
87	149	1.03593
87	156	0.932404
87	163	1.04686
87	164	0.974412
87	171	1.06049
87	172	1.04031
87	174	1.04503
87	175	1.06034
87	176	1.04527
87	177	1.04478
87	179	1.04753
87	180	1.05081
88	42	0.863107
88	57	0.862223
88	71	1.03391
88	77	1.02629
88	91	1.01636
88	105	0.892477
88	116	0.906627
88	117	0.936193
88	124	0.977261
88	135	0.895267
88	151	1.06111
88	154	1.05906
88	163	1.04897
88	169	1.07068
88	170	1.02807
88	173	1.05623
88	174	1.04714
88	175	1.06245
88	176	1.04738
88	179	1.04964
88	180	1.05292
89	20	0.98921
89	22	0.994029
89	50	0.959455
89	64	1.04384
89	75	0.994846
89	90	1.00981
89	99	0.97233
89	112	1.10057
89	115	0.935226
89	117	0.944728
89	135	0.974628
89	139	0.971062
89	140	0.942333
89	147	0.976418
89	149	1.07618
89	164	0.939991
89	165	1.05193
89	166	0.972355
89	174	1.06052
89	179	1.04733
89	180	1.05309
90	68	1.0263
90	75	1.08816
90	89	1.00981
90	91	1.01538
90	99	1.06564
90	104	0.85926
90	124	1.01194
90	131	1.09113
90	133	1.0401
90	135	1.06794
90	139	1.06437
90	140	1.03564
90	149	0.955983
90	153	0.942598
90	154	0.921889
90	164	1.0333
90	166	1.06567
90	169	0.909883
90	170	0.958639
90	175	0.913597
90	180	0.932897
91	47	1.04641
91	88	1.01636
91	90	1.01538
91	98	1.03234
91	102	1.00324
91	104	1.04306
91	139	1.09077
91	148	1.10087
91	153	0.96953
91	154	0.975118
91	157	0.945649
91	162	1.06109
91	170	0.944122
91	171	0.978653
91	172	0.95848
91	173	0.972289
91	174	0.963195
91	175	0.978502
91	176	0.963432
91	179	0.965694
91	180	0.968977
92	84	1.01965
92	102	0.852172
92	106	1.05321
92	114	0.904723
92	120	1.0289
92	125	0.948627
92	147	0.888958
92	152	1.0484
92	156	1.04603
92	157	0.985487
92	158	1.0546
92	159	1.05162
92	160	1.05828
92	161	0.948355
92	162	1.07633
92	164	1.03567
92	165	0.964474
92	166	1.06803
92	167	0.955622
92	173	0.959439
92	178	1.05929
93	29	1.08157
93	31	1.09939
93	57	1.02281
93	86	0.999499
93	109	1.05284
93	136	1.02464
93	143	0.937393
93	148	1.08934
93	153	0.96034
93	162	1.04956
93	165	0.962991
93	166	1.05721
93	169	0.977544
93	171	0.969462
93	173	0.963099
93	174	0.954005
93	175	0.969312
93	176	0.954242
93	177	0.953753
93	179	0.956503
93	180	0.959786
94	23	1.0136
94	31	0.966907
94	35	0.91775
94	41	1.04546
94	46	0.996037
94	55	1.07149
94	65	1.0219
94	74	1.04351
94	96	1.01505
94	102	1.065
94	107	1.00308
94	112	1.02447
94	121	0.984157
94	151	0.947376
94	168	1.05606
94	170	1.00273
94	174	0.984422
94	175	0.95769
94	176	0.975324
94	177	0.972444
94	178	0.976184
94	179	0.971229
95	47	1.01061
95	50	1.01832
95	64	0.967481
95	81	1.01325
95	99	1.0312
95	114	0.91582
95	117	1.0036
95	118	0.984983
95	124	0.977496
95	125	1.01149
95	126	1.01386
95	131	1.05669
95	135	1.0335
95	138	1.00499
95	139	1.02993
95	140	1.0012
95	144	1.01351
95	149	0.999815
95	164	0.998859
95	177	0.972184
95	178	0.975924
95	180	0.976729
96	13	0.98994
96	23	1.01365
96	27	0.96635
96	35	0.917801
96	41	1.04551
96	46	0.996088
96	52	0.913319
96	55	1.07154
96	59	0.961178
96	65	1.02196
96	74	1.04356
96	94	1.01505
96	102	1.06505
96	107	1.00313
96	108	0.96901
96	121	0.984208
96	148	0.984897
96	157	1.02058
96	168	1.05611
96	169	0.977714
96	172	0.986298
96	178	0.999923
97	16	1.21916
97	52	0.89154
97	68	0.995645
97	99	1.03499
97	115	0.997885
97	117	1.00739
97	124	0.981288
97	125	1.01528
97	126	1.01765
97	131	1.06048
97	133	1.00944
97	135	1.03729
97	137	0.927971
97	140	1.00499
97	147	0.902276
97	149	1.00204
97	164	1.00265
97	166	1.03501
97	171	0.946266
97	172	0.96452
97	176	0.977285
97	180	0.97895
98	3	0.83308
98	21	1.2052
98	44	0.996269
98	48	1.0109
98	56	1.07383
98	70	0.986449
98	76	0.914309
98	78	1.04757
98	79	1.00033
98	91	1.03234
98	104	1.03413
98	113	1.04063
98	122	1.00367
98	128	0.972289
98	132	0.986307
98	136	1.03058
98	142	1.00914
98	155	0.99329
98	165	0.948699
98	167	1.01157
98	169	0.926843
98	178	0.949052
99	44	0.96214
99	85	0.919418
99	87	0.927995
99	89	0.97233
99	90	1.06564
99	95	1.0312
99	97	1.03499
99	115	0.99106
99	117	1.00056
99	124	0.974462
99	125	1.00846
99	126	1.01082
99	131	1.05366
99	135	1.03046
99	140	0.998167
99	144	1.0395
99	145	1.02894
99	163	0.983451
99	166	1.02819
99	169	0.979698
99	171	0.970029
99	179	0.996952
100	4	0.99406
100	6	1.01018
100	69	0.934087
100	115	1.08017
100	116	1.03032
100	122	0.952743
100	127	1.03697
100	142	1.03075
100	154	0.996365
100	156	1.04118
100	157	0.966897
100	159	1.03301
100	161	1.00869
100	163	0.98627
100	170	0.965369
100	171	0.9999
100	173	0.993536
100	174	0.984443
100	175	0.99975
100	176	0.98468
100	177	0.98419
100	179	0.986941
100	180	0.990224
101	8	1.00346
101	9	1.02483
101	14	1.02607
101	26	0.956477
101	28	0.960182
101	33	0.90194
101	49	0.984434
101	51	1.08465
101	53	0.933211
101	62	0.997868
101	73	1.00713
101	116	0.99391
101	119	0.968791
101	137	1.01013
101	138	1.04917
101	145	1.04713
101	147	1.03158
101	154	1.0099
101	162	0.965295
101	167	1.01089
101	169	0.997889
101	174	1.02834
101	179	1.01514
102	23	1.0636
102	31	1.01691
102	35	0.96775
102	41	1.09546
102	46	1.04604
102	55	1.12149
102	61	0.892406
102	65	1.0719
102	74	1.09351
102	91	1.00324
102	92	0.852172
102	94	1.065
102	96	1.06505
102	107	1.05308
102	121	1.03416
102	138	0.949018
102	139	0.894829
102	144	0.957538
102	168	1.10606
102	169	0.897739
102	176	0.919088
102	178	0.919948
102	180	0.920753
103	16	0.867424
103	32	1.00632
103	75	1.0378
103	83	0.971956
103	109	1.06037
103	117	1.10431
103	132	1.08706
103	133	1.09901
103	138	0.949655
103	142	1.07518
103	145	0.949964
103	154	0.974916
103	162	1.05709
103	165	0.971979
103	166	1.06474
103	169	0.986532
103	170	0.94392
103	171	0.978451
103	172	0.958278
103	174	0.962993
103	175	0.978301
103	178	0.971364
103	179	0.965492
103	180	0.968775
104	5	1.05061
104	44	1.00939
104	64	0.951328
104	69	1.10301
104	72	0.962315
104	78	1.06069
104	79	1.01345
104	90	0.85926
104	91	1.04306
104	98	1.03413
104	105	1.03712
104	113	1.05376
104	128	0.985414
104	132	0.999431
104	136	1.04371
104	142	1.02226
104	155	1.00401
104	161	0.943299
104	164	0.975492
104	165	0.959418
104	167	1.02469
104	177	0.956031
104	178	0.959771
104	179	0.954816
105	1	1.03308
105	42	1.06829
105	44	0.999254
105	48	1.01389
105	56	1.07682
105	69	1.09288
105	78	1.05055
105	79	1.00331
105	87	0.907394
105	88	0.892477
105	104	1.03712
105	114	0.921202
105	128	0.975275
105	132	0.989292
105	136	1.03357
105	142	1.01213
105	152	0.958454
105	153	0.991812
105	154	0.971103
105	155	1.02554
105	161	0.964834
105	167	1.01456
105	170	1.00785
105	172	0.967681
106	61	0.992769
106	77	0.951164
106	85	0.937822
106	92	1.05321
106	107	0.963905
106	108	0.998512
106	110	0.973194
106	120	0.974248
106	134	1.04554
106	138	1.04938
106	139	1.01209
106	141	0.994349
106	142	0.997915
106	143	1.0185
106	145	0.983238
106	148	0.997911
106	159	0.996971
106	160	1.00363
106	163	1.00185
106	166	1.01339
106	169	0.998102
106	174	1.02855
106	175	1.00182
106	178	1.00464
106	179	1.01536
107	9	1.03605
107	16	1.21721
107	23	1.00168
107	27	0.954382
107	31	0.95499
107	35	0.905833
107	40	0.962558
107	41	1.03354
107	46	0.98412
107	55	1.05957
107	74	1.03159
107	94	1.00308
107	96	1.00313
107	102	1.05308
107	106	0.963905
107	121	0.97224
107	149	1.00009
107	157	0.996857
107	165	0.975844
107	167	0.966991
107	168	1.04414
107	174	0.984434
107	175	0.957702
107	176	0.975337
107	177	0.972456
108	17	1.01916
108	51	1.06624
108	77	0.951116
108	80	0.961965
108	96	0.96901
108	106	0.998512
108	127	0.995024
108	141	0.9943
108	146	0.990763
108	148	0.997863
108	152	0.993704
108	156	0.991329
108	157	1.02235
108	158	0.999901
108	162	1.02163
108	164	0.980975
108	166	1.01334
108	168	1.04779
108	169	0.979481
108	170	1.02824
108	172	0.988065
108	173	0.996302
108	176	1.00083
108	178	1.00459
108	179	0.996735
109	2	1.05667
109	10	0.886909
109	12	1.06113
109	27	0.970657
109	32	1.09069
109	34	0.962286
109	38	0.924427
109	39	0.949676
109	43	1.01472
109	54	0.868029
109	67	1.11643
109	71	0.973399
109	72	1.04866
109	82	1.02415
109	93	1.05284
109	103	1.06037
109	111	1.06657
109	112	1.02937
109	126	0.96279
109	129	0.954812
109	153	0.991585
109	162	1.03426
109	171	0.949201
109	178	0.98108
109	179	0.976125
110	52	0.978276
110	63	1.00212
110	66	0.964974
110	77	0.925798
110	106	0.973194
110	113	0.987139
110	122	1.1195
110	123	0.941235
110	132	1.04005
110	141	0.968983
110	142	0.972549
110	145	0.957872
110	147	0.989011
110	148	0.972545
110	150	1.00126
110	151	1.03607
110	152	0.968386
110	156	0.966011
110	160	0.978268
110	162	0.996317
110	166	0.988021
110	168	1.02247
110	170	1.09143
110	171	1.033
110	173	1.05949
110	174	1.07312
111	2	1.09953
111	10	0.929766
111	12	1.10398
111	27	1.01351
111	32	1.13355
111	34	1.00514
111	38	0.967284
111	39	0.992534
111	43	1.05757
111	54	0.910886
111	67	1.15929
111	71	1.01626
111	82	1.067
111	87	0.890598
111	109	1.06657
111	118	0.973569
111	130	0.985238
111	134	0.885263
111	147	0.888641
111	153	0.975015
111	162	1.07712
111	170	0.991057
111	171	0.932631
111	178	0.96451
111	179	0.959555
111	180	0.965315
112	9	1.00902
112	35	1.17875
112	49	1.03103
112	67	0.917541
112	89	1.10057
112	94	1.02447
112	109	1.02937
112	117	1.07331
112	127	0.968489
112	135	1.03238
112	136	1.00117
112	139	0.98551
112	141	0.967765
112	146	0.964227
112	148	0.971327
112	160	0.97705
112	165	0.97867
112	166	0.986803
112	171	0.985142
112	172	0.964968
112	175	0.984991
112	176	0.969921
112	177	0.969432
112	178	0.978055
112	179	0.972183
112	180	0.975466
113	5	1.05711
113	13	0.944878
113	24	0.993129
113	42	1.08492
113	44	1.01589
113	59	0.916116
113	66	1.02119
113	69	1.10951
113	78	1.06719
113	79	1.01995
113	98	1.04063
113	104	1.05376
113	110	0.987139
113	118	0.963921
113	128	0.991912
113	129	0.928594
113	132	1.00593
113	136	1.0502
113	150	1.05748
113	154	0.944659
113	167	1.03119
113	171	0.922983
113	172	0.941236
113	177	0.951121
113	178	0.954861
113	180	0.955666
114	38	1.07223
114	57	0.890948
114	66	0.986506
114	92	0.904723
114	95	0.91582
114	105	0.921202
114	127	0.942007
114	130	1.02092
114	142	0.935785
114	143	1.02442
114	149	1.03193
114	152	0.949648
114	157	1.02349
114	164	0.98822
114	168	0.88627
114	169	1.06457
114	170	1.02196
114	171	1.05649
114	172	1.03632
114	173	1.05013
114	174	1.04103
114	175	1.05634
114	176	1.04127
114	177	1.04078
114	179	1.04353
114	180	1.04681
115	18	1.01882
115	68	0.951716
115	81	0.973113
115	89	0.935226
115	97	0.997885
115	99	0.99106
115	100	1.08017
115	117	0.963458
115	124	0.937358
115	125	0.971355
115	126	0.973719
115	131	1.01655
115	133	0.965515
115	135	0.993357
115	137	0.99514
115	138	1.07438
115	140	0.961063
115	147	0.969445
115	148	1.03029
115	149	1.0692
115	153	1.05582
115	164	0.958721
115	166	0.991084
115	176	1.04445
115	178	1.04531
115	180	1.04612
116	4	1.04642
116	8	1.02865
116	9	1.05002
116	14	1.05126
116	26	0.981673
116	28	0.985377
116	29	0.853027
116	33	0.927136
116	49	1.00963
116	53	0.958406
116	73	1.03233
116	86	1.06458
116	88	0.906627
116	100	1.03032
116	101	0.99391
116	119	0.993986
116	120	0.98452
116	137	1.03532
116	145	1.02249
116	147	1.05677
116	149	1.01935
116	154	0.985253
116	155	1.03969
116	165	0.995103
116	175	0.976961
116	177	0.991715
116	179	0.990501
117	22	1.02226
117	50	0.987687
117	68	0.961218
117	75	1.02308
117	88	0.936193
117	89	0.944728
117	95	1.0036
117	97	1.00739
117	99	1.00056
117	103	1.10431
117	112	1.07331
117	115	0.963458
117	124	0.946861
117	125	0.980857
117	126	0.983221
117	131	1.02606
117	133	0.975017
117	135	1.00286
117	140	0.970565
117	142	0.988308
117	147	0.949153
117	155	1.06926
117	160	0.997554
117	161	1.00855
117	166	1.00059
117	174	1.03326
117	179	1.02007
117	180	1.02583
118	50	1.0332
118	95	0.984983
118	111	0.973569
118	113	0.963921
118	123	1.06627
118	124	1.07515
118	126	1.02337
118	127	1.01117
118	130	0.963565
118	133	1.02878
118	146	1.0358
118	153	0.99001
118	161	1.00792
118	163	0.985502
118	165	0.992661
118	166	0.994511
118	169	1.00721
118	170	0.964601
118	171	0.999132
118	172	0.978959
118	173	0.992768
118	174	0.983675
118	175	0.998982
118	176	0.983912
118	177	0.983422
118	178	0.992046
118	179	0.986173
118	180	0.989456
119	4	1.0213
119	8	1.00353
119	9	1.0249
119	14	1.02614
119	19	1.0105
119	26	0.956553
119	28	0.960258
119	33	0.902017
119	49	0.984511
119	53	0.933287
119	62	0.997944
119	73	1.00721
119	86	1.03946
119	101	0.968791
119	116	0.993986
119	120	0.959401
119	136	0.954659
119	137	1.01021
119	145	1.06141
119	154	1.02418
119	161	1.01791
119	168	0.948151
119	173	1.02899
119	174	1.04262
119	176	1.03352
119	178	1.03438
119	179	1.02943
119	180	1.03519
120	3	0.929812
120	4	1.01184
120	19	1.00103
120	28	0.950792
120	49	0.975044
120	70	1.05194
120	86	1.03
120	87	0.971872
120	92	1.0289
120	106	0.974248
120	116	0.98452
120	119	0.959401
120	123	0.942288
120	130	1.06651
120	136	0.966063
120	137	1.00074
120	142	0.973602
120	147	1.02219
120	148	0.973598
120	157	1.06644
120	158	0.975637
120	159	0.972658
120	167	1.03658
120	168	1.02352
120	171	1.01391
120	172	1.03216
120	175	1.02729
120	180	1.04659
121	3	1.07391
121	9	1.01713
121	23	0.982752
121	27	0.935456
121	31	0.936063
121	35	0.886907
121	36	1.14093
121	40	0.943631
121	41	1.01462
121	46	0.965194
121	55	1.04065
121	65	0.991061
121	74	1.01267
121	94	0.984157
121	96	0.984208
121	102	1.03416
121	107	0.97224
121	143	1.00903
121	148	0.995817
121	151	0.982035
121	154	1.00064
121	157	1.0315
121	168	1.02521
121	170	1.03739
121	171	0.978965
121	174	1.01908
121	176	1.00998
121	179	1.00589
122	28	1.08039
122	32	0.981647
122	41	1.02794
122	53	1.13549
122	98	1.00367
122	100	0.952743
122	110	1.1195
122	126	1.06893
122	142	1.05051
122	144	0.944659
122	151	0.976249
122	153	0.968611
122	154	0.974199
122	159	1.05276
122	161	0.986526
122	162	1.03242
122	163	0.964104
122	166	1.04007
122	169	0.985815
122	170	0.943203
122	171	0.977733
122	172	0.95756
122	173	0.97137
122	174	0.962276
122	175	0.977583
122	176	0.962513
122	177	0.962024
122	179	0.964774
122	180	0.968057
123	38	1.15695
123	57	1.03375
123	58	0.982881
123	66	0.958381
123	84	0.933045
123	86	0.95235
123	110	0.941235
123	118	1.06627
123	120	0.942288
123	130	1.07794
123	134	1.01358
123	141	0.962389
123	145	0.951279
123	146	0.958851
123	148	0.965951
123	152	0.961793
123	156	0.959418
123	157	1.07787
123	158	0.96799
123	159	0.965011
123	160	0.971675
123	164	0.949064
123	165	1.05686
123	166	0.981427
123	167	1.04801
123	171	1.02533
123	172	1.04359
123	177	1.05347
123	179	1.05226
124	18	1.00222
124	47	0.953876
124	68	0.935118
124	72	1.13367
124	81	0.956516
124	88	0.977261
124	90	1.01194
124	95	0.977496
124	97	0.981288
124	99	0.974462
124	115	0.937358
124	117	0.946861
124	118	1.07515
124	125	0.954757
124	126	0.957121
124	131	0.999956
124	135	0.97676
124	139	0.973194
124	140	0.944465
124	163	1.04763
124	164	0.942124
124	165	1.06574
124	166	0.974487
124	169	1.04388
124	171	1.03421
124	172	1.05246
124	175	1.0476
124	178	1.06609
124	180	1.06689
125	18	1.03622
125	20	1.02534
125	32	0.91083
125	47	0.987872
125	50	0.995584
125	75	1.03097
125	92	0.948627
125	95	1.01149
125	97	1.01528
125	99	1.00846
125	115	0.971355
125	117	0.980857
125	124	0.954757
125	126	0.991118
125	127	0.985911
125	131	1.03395
125	133	0.982914
125	135	1.01076
125	138	1.04547
125	140	0.978462
125	153	1.02691
125	154	1.0062
125	157	1.03706
125	158	0.995275
125	164	0.97612
125	166	1.00848
125	167	1.0072
125	176	1.01554
125	177	1.01266
125	178	1.0164
126	18	1.03858
126	20	1.0277
126	22	1.03252
126	47	0.990236
126	50	0.997948
126	60	0.982938
126	67	0.850966
126	68	0.971479
126	83	1.00806
126	95	1.01386
126	97	1.01765
126	99	1.01082
126	109	0.96279
126	115	0.973719
126	117	0.983221
126	118	1.02337
126	122	1.06893
126	124	0.957121
126	125	0.991118
126	131	1.03632
126	133	0.985278
126	135	1.01312
126	140	0.980826
126	144	1.0519
126	161	0.997841
126	164	0.978484
126	170	1.04086
126	175	0.995818
126	179	1.00936
126	180	1.01512
127	6	1.02435
127	27	1.04175
127	30	1.02092
127	57	1.06222
127	77	0.947676
127	84	0.961517
127	100	1.03697
127	108	0.995024
127	112	0.968489
127	114	0.942007
127	118	1.01117
127	125	0.985911
127	134	1.04205
127	139	1.00861
127	146	0.987323
127	148	0.994423
127	152	0.990264
127	154	0.991908
127	156	0.987889
127	158	0.996461
127	159	0.993483
127	160	1.00015
127	162	1.01819
127	163	0.983654
127	164	0.977535
127	168	1.04435
127	172	0.988486
127	173	0.996723
127	174	1.01035
127	177	0.99837
128	1	0.981371
128	5	0.988767
128	24	0.924786
128	42	1.01658
128	48	0.962179
128	55	0.923214
128	56	1.02511
128	66	0.952844
128	69	1.04117
128	78	0.998844
128	79	0.951608
128	98	0.972289
128	104	0.985414
128	105	0.975275
128	113	0.991912
128	130	1.07325
128	132	0.937586
128	133	1.03964
128	136	0.981862
128	137	1.00235
128	142	0.960419
128	145	1.07956
128	150	0.989133
128	154	1.04232
128	167	0.96285
128	169	1.03032
128	171	1.02065
128	176	1.05166
128	177	1.04878
128	179	1.04757
128	180	1.05333
129	1	0.946039
129	14	0.946107
129	62	0.962604
129	75	0.932247
129	109	0.954812
129	113	0.928594
129	131	0.92307
129	141	0.999362
129	149	1.01909
129	150	0.925797
129	151	1.04217
129	152	0.983484
129	153	1.03453
129	154	1.04012
129	160	0.978867
129	162	0.951533
129	165	1.03718
129	166	0.959184
129	167	1.03228
129	169	1.05174
129	170	1.00912
129	171	1.04366
129	172	1.02348
129	173	1.03729
129	174	1.0282
129	175	1.04351
129	176	1.02844
129	177	1.02795
129	178	1.03657
129	179	1.0307
129	180	1.03398
130	4	0.979927
130	62	1.0096
130	84	1.09613
130	111	0.985238
130	114	1.02092
130	118	0.963565
130	120	1.06651
130	123	1.07794
130	128	1.07325
130	133	1.04045
130	141	1.04636
130	144	0.956249
130	151	0.987839
130	154	0.985788
130	157	0.95632
130	158	1.0322
130	159	1.01887
130	161	0.998115
130	163	0.975694
130	165	0.982852
130	167	0.977943
130	168	0.967102
130	169	0.997405
130	170	0.954792
130	172	0.96915
130	173	0.98296
130	174	0.973866
130	175	0.989173
130	176	0.974103
130	177	0.973614
130	180	0.979647
131	20	1.07054
131	45	0.922816
131	47	1.03307
131	50	1.04078
131	61	0.921795
131	68	1.01431
131	75	1.07617
131	81	1.03571
131	84	0.992135
131	90	1.09113
131	95	1.05669
131	97	1.06048
131	99	1.05366
131	115	1.01655
131	117	1.02606
131	124	0.999956
131	125	1.03395
131	126	1.03632
131	129	0.92307
131	135	1.05595
131	138	0.978407
131	140	1.02366
131	151	0.920529
131	154	0.939135
131	160	0.921869
131	161	0.932865
131	164	1.02132
131	165	0.948984
131	166	1.05368
131	167	0.940132
131	170	0.975884
131	173	0.94395
131	178	0.949337
132	1	0.995388
132	5	1.00278
132	24	0.938804
132	25	1.02886
132	42	1.0306
132	44	0.961565
132	48	0.976197
132	56	1.03913
132	61	0.980228
132	66	0.966862
132	69	1.05519
132	70	0.951745
132	78	1.01286
132	98	0.986307
132	103	1.08706
132	104	0.999431
132	105	0.989292
132	110	1.04005
132	113	1.00593
132	128	0.937586
132	136	0.995879
132	138	1.03684
132	139	0.982651
132	142	0.974436
132	150	1.00315
132	154	0.997568
132	160	0.980302
132	167	0.976867
132	170	1.03432
132	174	1.01601
132	176	1.00691
132	178	1.00777
132	180	1.00858
133	7	0.996084
133	45	0.993202
133	56	0.898623
133	59	0.980978
133	77	0.940421
133	81	0.984673
133	90	1.0401
133	97	1.00944
133	103	1.09901
133	115	0.965515
133	117	0.975017
133	118	1.02878
133	125	0.982914
133	126	0.985278
133	128	1.03964
133	130	1.04045
133	134	1.03479
133	140	0.972622
133	142	0.987172
133	146	0.980068
133	152	0.983009
133	154	1.00952
133	156	0.980634
133	157	1.04038
133	158	0.989206
133	159	0.986228
133	160	0.992891
133	164	0.97028
133	165	1.01937
133	166	1.00264
133	168	1.03709
133	170	1.04627
133	173	1.01434
134	11	0.936195
134	15	1.08372
134	17	1.06619
134	70	0.959514
134	78	0.896223
134	106	1.04554
134	111	0.885263
134	123	1.01358
134	127	1.04205
134	133	1.03479
134	137	0.903182
134	141	1.04133
134	143	0.951541
134	145	1.03022
134	146	1.03779
134	149	0.977247
134	150	1.07361
134	152	1.04073
134	155	0.997594
134	156	1.03835
134	158	1.04693
134	159	1.04395
134	160	1.05061
134	164	1.028
134	168	1.09481
134	169	0.931147
134	170	0.979903
134	171	0.921477
134	173	0.947968
134	174	0.961593
134	178	1.05162
134	179	0.948401
134	180	0.954161
135	22	1.05216
135	47	1.00987
135	50	1.01759
135	75	1.05298
135	81	1.01252
135	82	0.957179
135	85	0.901607
135	88	0.895267
135	89	0.974628
135	90	1.06794
135	95	1.0335
135	97	1.03729
135	99	1.03046
135	112	1.03238
135	115	0.993357
135	117	1.00286
135	124	0.97676
135	125	1.01076
135	126	1.01312
135	131	1.05595
135	139	1.02919
135	140	1.00046
135	141	0.977123
135	144	1.02169
135	148	0.96907
135	164	0.998123
135	165	0.983743
135	166	1.03049
135	172	0.970471
135	173	0.978708
135	174	0.992333
135	175	0.965601
135	178	0.984096
135	179	0.979141
136	1	1.03966
136	3	0.83691
136	5	1.04706
136	21	1.20903
136	24	0.983079
136	40	0.982994
136	42	1.07487
