1	74	0.949574
1	142	0.94423
1	145	0.928863
1	147	0.918569
1	161	0.921347
1	162	0.93264
1	163	1.23779
1	165	0.925011
1	168	0.941611
1	175	0.938156
1	177	1.1933
1	178	1.17451
2	52	1.25147
2	103	0.942508
2	129	0.934514
2	130	0.957934
2	136	0.925014
2	143	0.901156
2	145	0.93333
2	161	0.925814
2	162	0.937107
2	174	1.20113
2	175	0.942623
2	179	1.15257
3	4	1.01497
3	19	1.01497
3	28	0.87736
3	39	0.878751
3	48	0.853046
3	50	0.960118
3	78	1.12579
3	92	0.904151
3	112	0.930513
3	154	1.26784
3	156	1.21201
3	176	0.96613
4	3	1.01497
4	19	1.20408
4	28	1.06647
4	39	1.06786
4	48	1.04216
4	50	1.14923
4	152	0.836937
4	167	0.840097
4	168	0.796479
4	172	0.834027
4	176	1.15524
5	18	1.29047
5	71	1.20647
5	149	0.92905
5	157	1.09706
5	160	0.943661
5	167	0.929609
5	172	0.929677
5	173	0.931163
5	177	0.932669
5	178	0.944739
5	179	0.929715
5	180	0.929715
6	12	0.769243
6	30	1.01785
6	58	0.925593
6	65	1.0485
6	79	1.07536
6	93	1.02634
6	109	1.10341
6	111	1.01748
6	114	1.06173
6	153	1.04933
6	163	1.01082
6	175	0.898194
7	88	1.03464
7	95	0.794092
7	108	0.91217
7	111	0.958633
7	118	1.03227
7	121	0.928322
7	122	1.07691
7	147	1.04317
7	162	1.05724
7	172	1.05189
7	179	1.05193
7	180	1.05193
8	84	1.83536
8	87	1.76121
8	88	0.812628
8	122	0.854899
8	132	0.845152
8	162	0.835227
8	166	0.822905
8	175	0.840743
8	176	0.883679
8	178	0.844938
8	179	0.829914
8	180	0.829914
9	90	0.925604
9	103	0.93898
9	125	0.958222
9	142	0.945168
9	143	0.897628
9	156	0.935776
9	162	0.933578
9	164	1.18649
9	165	0.925949
9	173	1.2343
9	175	0.939095
9	179	1.18452
10	24	1.07131
10	31	0.933494
10	40	1.02248
10	47	1.10723
10	71	1.02446
10	73	1.02352
10	104	1.05948
10	140	0.978242
10	151	1.03955
10	166	1.05196
10	176	0.795001
10	178	0.90109
11	55	1.0648
11	98	0.994535
11	103	1.05273
11	124	1.04766
11	133	0.864852
11	139	0.909308
11	142	1.05892
11	161	1.03603
11	162	1.04733
11	165	1.0397
11	175	1.05284
11	178	0.838856
12	6	0.769243
12	39	0.921972
12	42	1.02323
12	140	1.03079
12	144	0.879941
12	160	1.0653
12	169	1.05616
12	173	1.05281
12	174	1.03792
12	177	1.05431
12	179	1.05136
12	180	1.05136
13	67	0.938914
13	110	0.941764
13	132	1.06303
13	147	0.847047
13	161	0.864444
13	163	1.03081
13	172	1.04776
13	173	1.04924
13	177	1.05075
13	178	1.06282
13	179	1.04779
13	180	1.04779
14	21	0.955354
14	77	1.02212
14	143	1.04523
14	147	1.06711
14	155	1.07253
14	165	1.07355
14	166	0.907477
14	170	0.90434
14	171	1.07742
14	173	0.907113
14	175	1.08669
14	177	0.888463
15	123	1.04651
15	140	0.934019
15	143	1.02469
15	145	1.05686
15	147	1.04657
15	152	0.889607
15	154	0.892296
15	161	1.04934
15	165	1.05301
15	170	0.891529
15	171	1.05688
15	175	1.06615
16	43	0.886838
16	56	0.951843
16	65	0.931235
16	79	0.958103
16	93	0.909078
16	109	0.986153
16	111	0.900214
16	114	0.944471
16	130	1.12351
16	153	0.932065
16	166	1.24975
16	171	1.23254
17	82	1.04758
17	85	1.04799
17	88	1.02987
17	94	0.77236
17	96	1.07771
17	101	1.05755
17	105	0.977635
17	110	1.03965
17	118	1.0275
17	122	1.07214
17	160	0.908567
17	179	0.94867
18	5	1.29047
18	72	0.911314
18	85	0.936372
18	91	1.24917
18	96	0.966094
18	101	0.945926
18	110	0.928032
18	118	0.915882
18	119	0.919733
18	122	0.960525
18	130	1.06449
18	151	0.91612
19	3	1.01497
19	4	1.20408
19	28	1.06647
19	39	1.06786
19	48	1.04216
19	50	1.14923
19	58	0.815293
19	148	0.800784
19	156	0.816838
19	173	0.874672
19	176	1.15524
20	26	1.0282
20	95	1.03701
20	113	0.961891
20	116	1.00388
20	134	1.01589
20	135	1.01999
20	150	0.95318
20	156	1.01544
20	157	1.00821
20	169	0.943051
20	171	1.00949
20	173	1.03024
20	179	0.980465
21	14	0.955354
21	32	0.986423
21	89	0.941617
21	94	1.16411
21	124	0.884014
21	125	0.908323
21	129	0.881087
21	142	0.895269
21	155	0.875038
21	162	0.883679
21	167	1.38866
21	175	0.889196
21	178	1.35276
22	95	1.0346
22	116	1.00147
22	117	1.04152
22	130	1.03166
22	134	1.01348
22	137	1.00295
22	141	0.988326
22	144	0.980192
22	151	1.03503
22	157	1.0058
22	174	1.01698
22	176	0.874666
22	178	0.980755
23	40	0.962261
23	46	1.06348
23	47	1.04701
23	62	1.02218
23	64	0.991387
23	71	0.964247
23	87	1.05843
23	102	0.982285
23	104	0.999267
23	130	0.930823
23	148	0.982806
23	166	0.991746
23	168	1.01154
24	10	1.07131
24	34	0.979876
24	47	1.05946
24	64	1.00384
24	69	1.00205
24	73	0.975759
24	104	1.01172
24	151	0.991789
24	156	0.95708
24	164	0.967108
24	166	1.0042
24	168	0.969761
24	174	1.0137
25	31	1.03078
25	86	1.00076
25	108	1.00743
25	116	1.01175
25	134	1.02376
25	135	1.02785
25	141	0.998603
25	144	0.990469
25	156	1.02331
25	157	1.01607
25	169	0.948619
25	173	1.03581
25	176	0.892285
26	20	1.0282
26	68	0.994464
26	76	1.04042
26	108	1.01078
26	113	0.973106
26	121	0.986475
26	126	0.951048
26	135	1.0312
26	137	1.01658
26	144	0.993818
26	151	1.0328
26	157	1.01942
26	169	0.928765
27	57	0.995243
27	75	1.00942
27	118	1.14712
27	161	1.0408
27	167	0.978246
27	169	0.983156
27	170	0.984183
27	172	0.978314
27	173	0.9798
27	174	0.964915
27	177	0.981306
27	178	0.993376
27	179	0.978352
27	180	0.978352
28	3	0.87736
28	4	1.06647
28	19	1.06647
28	39	0.930257
28	48	0.904552
28	50	1.01162
28	59	0.987954
28	92	0.955657
28	98	1.14527
28	112	0.982019
28	171	1.01018
28	173	1.02703
28	176	1.01764
28	180	1.0251
29	86	0.964506
29	107	0.972716
29	108	0.971174
29	116	0.975495
29	117	1.01554
29	134	0.987507
29	135	0.991599
29	139	0.979294
29	141	0.96235
29	149	1.12446
29	157	0.97982
29	160	1.0218
29	176	0.968154
29	177	1.09303
30	6	1.01785
30	56	0.980886
30	61	0.983675
30	65	0.960279
30	68	1.08338
30	75	0.987864
30	79	0.987147
30	109	1.0152
30	111	0.929258
30	114	0.973515
30	158	0.964328
30	168	1.05972
30	176	0.961347
30	180	1.10294
31	10	0.933494
31	25	1.03078
31	72	1.12377
31	109	1.02152
31	114	0.979844
31	121	1.10791
31	153	0.967438
31	161	0.964603
31	168	0.984867
31	175	0.981413
31	177	0.973537
31	178	0.985607
31	179	0.970583
31	180	0.970583
32	21	0.986423
32	49	1.05037
32	80	1.12262
32	111	0.900191
32	126	0.778595
32	129	1.10965
32	136	1.10015
32	145	1.10847
32	154	0.841495
32	155	1.1036
32	161	1.10095
32	166	0.843866
32	175	1.11776
32	180	0.841572
33	53	0.972198
33	81	1.03029
33	126	0.991402
33	150	0.992709
33	152	0.983212
33	157	1.09709
33	158	1.09269
33	164	0.984639
33	167	0.974326
33	172	0.974394
33	174	0.960995
33	178	0.989457
33	179	0.974433
33	180	0.974433
34	24	0.979876
34	46	1.03227
34	47	1.01579
34	62	0.990962
34	64	0.960174
34	71	0.933034
34	73	0.932092
34	87	1.02721
34	104	0.968054
34	152	1.08514
34	166	0.960533
34	168	1.04468
34	175	1.00305
34	177	1.07118
35	104	1.04285
35	115	1.03505
35	148	0.998784
35	157	1.04924
35	163	0.954158
35	165	1.06541
35	169	0.975942
35	172	0.971099
35	173	0.972586
35	176	1.0249
35	177	0.974092
35	178	0.986162
35	179	0.971137
35	180	0.971137
36	39	0.944527
36	48	0.918823
36	50	1.02589
36	68	1.0712
36	95	1.00722
36	101	0.988527
36	110	0.970633
36	118	0.958482
36	137	0.975574
36	148	1.0188
36	157	0.978416
36	162	1.06935
36	164	1.04488
36	176	1.03191
37	51	0.938322
37	102	1.04166
37	115	0.997766
37	117	1.02167
37	121	0.953002
37	134	0.993636
37	135	0.997727
37	137	0.983106
37	141	0.968479
37	144	0.960344
37	155	1.0578
37	157	0.985949
37	161	1.03418
37	179	1.06629
38	77	0.93469
38	102	1.02073
38	129	0.991157
38	143	0.9578
38	145	0.989973
38	147	0.979679
38	155	0.985108
38	160	1.00526
38	161	0.982457
38	162	0.99375
38	165	0.986121
38	167	1.0936
38	172	1.08753
38	175	0.999266
39	3	0.878751
39	4	1.06786
39	12	0.921972
39	19	1.06786
39	28	0.930257
39	36	0.944527
39	48	0.905943
39	50	1.01301
39	58	1.07832
39	59	0.989345
39	112	0.98341
39	151	1.15454
39	169	1.05051
39	176	1.01903
40	10	1.02248
40	23	0.962261
40	46	1.02711
40	47	1.01063
40	69	0.953219
40	71	0.927873
40	73	0.926932
40	78	0.984549
40	87	1.02205
40	104	0.962893
40	150	1.02032
40	156	1.03954
40	168	1.05222
40	180	1.09545
41	110	1.14687
41	137	1.12932
41	144	1.16054
41	145	1.05577
41	152	0.960583
41	159	0.956669
41	167	0.951697
41	169	0.956608
41	170	0.957634
41	173	0.953252
41	174	0.938366
41	177	0.954758
41	178	0.966828
41	179	0.951803
41	180	0.951803
42	12	1.02323
42	70	0.993811
42	90	0.937556
42	125	0.970174
42	132	1.14089
42	142	0.95712
42	145	0.941754
42	155	0.936889
42	161	0.934237
42	162	0.94553
42	165	0.937901
42	169	1.15177
42	175	0.951047
42	176	0.993982
42	179	1.18918
43	16	0.886838
43	44	0.997549
43	61	0.969923
43	65	0.946526
43	75	0.974112
43	78	1.03242
43	79	0.973394
43	93	0.92437
43	109	1.00144
43	111	0.915505
43	114	0.959763
43	127	1.22534
43	156	1.11863
43	158	0.950576
43	168	1.13131
44	43	0.997549
44	59	1.07001
44	61	1.06534
44	75	1.06953
44	79	1.06881
44	92	1.0008
44	93	1.01979
44	109	1.09686
44	111	1.01093
44	114	1.05518
44	158	1.046
44	168	0.892818
44	171	0.921124
44	176	0.794447
44	178	0.900536
45	81	1.05835
45	91	0.957768
45	112	0.858994
45	115	1.05462
45	123	1.03372
45	129	1.04525
45	146	0.904607
45	147	1.03377
45	161	1.03655
45	162	1.04785
45	165	1.04022
45	172	0.891356
45	175	1.05336
45	176	1.0963
45	180	0.897032
46	23	1.06348
46	34	1.03227
46	40	1.02711
46	62	1.08702
46	63	1.00602
46	71	1.02909
46	73	1.02815
46	104	1.06411
46	112	1.08175
46	127	1.03044
46	165	0.86507
46	166	1.05659
46	173	0.938516
46	176	0.794992
46	178	0.901081
47	10	1.10723
47	23	1.04701
47	24	1.05946
47	34	1.01579
47	40	1.01063
47	64	1.03976
47	69	1.03797
47	87	1.1068
47	99	0.99342
47	104	1.04764
47	119	0.90434
47	139	0.898555
47	151	1.02771
47	171	0.848691
47	174	0.864325
48	3	0.853046
48	4	1.04216
48	19	1.04216
48	28	0.904552
48	36	0.918823
48	39	0.905943
48	50	0.98731
48	59	0.963641
48	92	0.931343
48	105	1.11629
48	112	0.957705
48	171	1.12026
48	174	1.13589
48	176	0.993322
48	180	1.13518
49	32	1.05037
49	64	1.15727
49	90	0.939654
49	94	0.999084
49	124	0.947962
49	125	0.972271
49	132	1.1271
49	145	0.943851
49	147	0.933557
49	152	1.22048
49	155	0.938986
49	161	0.936335
49	165	0.939998
49	171	0.943872
49	175	0.953144
50	3	0.960118
50	4	1.14923
50	19	1.14923
50	28	1.01162
50	36	1.02589
50	39	1.01301
50	48	0.98731
50	92	1.03841
50	112	1.06478
50	156	0.893524
50	160	0.861478
50	168	0.906205
50	171	0.934511
50	176	1.10039
50	178	0.913922
51	37	0.938322
51	82	0.951944
51	101	0.96191
51	104	1.12687
51	114	1.10571
51	118	0.931865
51	122	0.976508
51	135	0.963578
51	147	1.12359
51	157	0.951799
51	175	1.1361
51	177	0.954478
51	178	0.966548
51	179	0.951524
51	180	0.951524
52	2	1.25147
52	91	0.937302
52	106	1.09975
52	115	1.03189
52	162	1.11236
52	164	0.964391
52	167	0.954078
52	169	0.958989
52	172	0.954146
52	173	0.955632
52	174	0.940747
52	177	0.957138
52	178	0.969209
52	179	0.954184
52	180	0.954184
53	33	0.972198
53	97	1.01025
53	120	0.943209
53	124	1.05308
53	125	1.07739
53	129	1.05015
53	139	0.905074
53	143	1.0168
53	147	1.03867
53	148	0.798169
53	151	0.888899
53	161	1.04145
53	162	1.05275
53	175	1.05826
53	176	1.1012
54	82	1.05035
54	85	1.05077
54	88	1.03265
54	96	1.08049
54	101	1.06032
54	118	1.03028
54	122	1.07492
54	138	0.917759
54	151	1.03051
54	153	1.04679
54	166	1.04293
54	167	0.914244
54	168	0.870626
54	171	0.898932
54	172	0.908174
55	11	1.0648
55	77	0.967915
55	124	1.02731
55	143	0.991025
55	146	0.982146
55	147	1.0129
55	155	1.01833
55	161	1.01568
55	162	1.02697
55	165	1.01935
55	170	0.973728
55	171	1.02322
55	172	0.968895
55	175	1.03249
55	177	0.95785
55	179	0.926724
56	16	0.951843
56	30	0.980886
56	61	1.03493
56	75	1.03912
56	94	1.06596
56	109	1.06645
56	111	0.98051
56	112	0.966341
56	114	1.02477
56	115	1.0276
56	130	0.880437
56	153	1.01236
56	158	1.01558
56	173	1.00631
56	177	0.987658
56	178	0.968873
57	27	0.995243
57	124	1.01902
57	125	1.04333
57	127	0.980211
57	129	1.01609
57	136	1.00659
57	139	0.992132
57	155	1.01004
57	161	1.00739
57	165	1.01106
57	171	1.01493
57	174	0.957902
57	175	1.0242
57	176	1.06714
57	177	0.940465
57	178	0.92168
58	6	0.925593
58	19	0.815293
58	39	1.07832
58	74	1.04239
58	81	1.03597
58	110	1.02261
58	121	0.987474
58	122	0.954158
58	129	1.02287
58	141	1.00295
58	157	1.02042
58	165	1.01783
58	174	1.00671
58	177	1.0231
58	179	1.02015
58	180	1.02015
59	28	0.987954
59	39	0.989345
59	44	1.07001
59	48	0.963641
59	63	1.05361
59	78	0.842051
59	79	1.04585
59	93	0.996826
59	111	0.987962
59	138	0.988081
59	148	0.912213
59	155	1.01963
59	159	1.01339
59	162	1.02827
59	175	1.03379
59	176	1.07672
60	103	0.946119
60	108	1.0369
60	135	0.931882
60	157	0.937054
60	163	1.00031
60	164	1.0275
60	169	1.02209
60	170	1.02312
60	172	1.01725
60	173	1.01874
60	174	1.00385
60	175	0.939892
60	177	1.02024
60	178	1.03231
60	179	1.01729
60	180	1.01729
61	30	0.983675
61	43	0.969923
61	44	1.06534
61	56	1.03493
61	65	1.01432
61	79	1.04119
61	93	0.992163
61	109	1.06924
61	111	0.983299
61	114	1.02756
61	127	1.05456
61	156	0.947853
61	158	1.01837
61	164	0.957881
61	176	0.862162
61	177	0.987036
62	23	1.02218
62	34	0.990962
62	46	1.08702
62	69	1.01313
62	71	0.987788
62	73	0.986846
62	87	1.08197
62	104	1.02281
62	127	0.989135
62	128	0.944834
62	148	0.940046
62	151	1.00288
62	159	1.04122
62	166	1.01529
62	174	1.01272
62	176	0.87041
63	46	1.00602
63	59	1.05361
63	89	0.930318
63	125	1.00888
63	126	1.00347
63	155	1.0958
63	159	0.991369
63	164	0.99671
63	167	0.986397
63	169	0.991308
63	170	0.992334
63	172	0.986465
63	173	0.987952
63	177	0.989458
63	178	1.00153
63	179	0.986503
63	180	0.986503
64	23	0.991387
64	24	1.00384
64	34	0.960174
64	47	1.03976
64	49	1.15727
64	69	0.982345
64	71	0.956999
64	73	0.956057
64	87	1.05118
64	104	0.992019
64	112	1.00966
64	151	0.972087
64	156	0.960834
64	166	0.984498
64	171	1.00182
64	173	1.01867
64	179	0.968892
65	6	1.0485
65	16	0.931235
65	30	0.960279
65	43	0.946526
65	61	1.01432
65	75	1.01851
65	93	0.968767
65	109	1.04584
65	111	0.959902
65	114	1.00416
65	115	1.00699
65	130	0.939808
65	146	1.07132
65	148	0.991791
65	158	0.994973
65	171	1.04883
65	172	1.05807
66	89	0.914541
66	103	1.05774
66	124	1.08227
66	125	0.9931
66	133	0.993357
66	135	1.0435
66	154	0.984873
66	163	0.972872
66	164	1.00006
66	169	0.994656
66	170	0.995683
66	172	0.989814
66	173	0.9913
66	177	0.992806
66	178	1.00488
66	179	0.989852
66	180	0.989852
67	13	0.938914
67	81	1.01155
67	97	0.958545
67	123	0.986912
67	136	0.988947
67	143	0.965089
67	155	0.992398
67	158	0.9958
67	160	0.989262
67	161	0.989746
67	162	1.00104
67	164	1.03134
67	165	0.99341
67	168	1.01001
67	170	1.07637
67	172	1.07154
67	175	1.00656
68	26	0.994464
68	30	1.08338
68	36	1.0712
68	132	1.00381
68	142	0.971858
68	154	0.983595
68	157	0.975457
68	159	0.99344
68	164	0.998781
68	170	0.994405
68	172	0.988536
68	173	0.990022
68	174	0.975137
68	177	0.991528
68	178	1.0036
68	179	0.988574
68	180	0.988574
69	24	1.00205
69	40	0.953219
69	47	1.03797
69	62	1.01313
69	64	0.982345
69	73	0.954264
69	87	1.04939
69	97	1.11723
69	104	0.990225
69	112	1.00786
69	127	0.956553
69	151	0.970293
69	159	1.04578
69	166	0.982704
69	168	0.973336
69	171	1.00164
69	179	0.968713
70	42	0.993811
70	81	1.06829
70	92	0.983444
70	123	1.04365
70	125	1.08243
70	136	1.04569
70	142	1.06937
70	143	1.02183
70	147	1.04371
70	148	0.846729
70	156	1.05998
70	162	1.05778
70	164	0.872811
70	165	1.05015
70	170	0.917844
70	174	0.919404
70	175	1.0633
70	179	0.870841
71	5	1.20647
71	10	1.02446
71	23	0.964247
71	34	0.933034
71	40	0.927873
71	46	1.02909
71	62	0.987788
71	64	0.956999
71	73	0.928917
71	87	1.02404
71	104	0.964879
71	105	1.08555
71	112	0.982515
71	127	0.931206
71	151	0.944947
71	154	1.10436
71	156	1.04853
71	176	0.962837
72	18	0.911314
72	31	1.12377
72	82	0.97507
72	85	0.975481
72	88	0.957363
72	96	1.0052
72	101	0.985035
72	110	0.967141
72	118	0.95499
72	122	0.999634
72	130	1.00293
72	139	0.974398
72	151	0.955229
72	153	0.971503
72	166	0.96764
72	167	1.12727
72	169	1.04161
72	171	1.11196
73	10	1.02352
73	24	0.975759
73	34	0.932092
73	40	0.926932
73	46	1.02815
73	62	0.986846
73	64	0.956057
73	69	0.954264
73	71	0.928917
73	87	1.0231
73	94	0.907615
73	104	0.963938
73	133	1.12226
73	151	0.944006
73	154	1.1317
73	166	0.956417
73	170	1.13093
73	171	1.11685
74	1	0.949574
74	58	1.04239
74	83	0.93942
74	89	1.08437
74	106	1.00391
74	124	1.02677
74	125	1.05108
74	136	1.01434
74	138	0.956984
74	145	1.02266
74	146	0.960649
74	149	0.967783
74	152	0.950309
74	155	1.01779
74	158	1.0212
74	161	1.01514
74	165	1.01881
74	175	1.03195
74	177	0.936353
75	27	1.00942
75	30	0.987864
75	43	0.974112
75	44	1.06953
75	56	1.03912
75	65	1.01851
75	79	1.04538
75	92	1.03612
75	93	0.996352
75	109	1.07343
75	111	0.987488
75	114	1.03175
75	115	1.03458
75	130	0.84742
75	153	1.01934
75	156	0.915457
75	158	1.02256
75	168	0.928138
75	173	0.973291
76	26	1.04042
76	86	1.00511
76	95	1.04922
76	97	1.05964
76	100	1.02726
76	116	1.0161
76	117	1.05614
76	119	0.999701
76	121	0.987476
76	131	0.932112
76	134	1.02811
76	135	1.0322
76	137	1.01758
76	141	1.00295
76	150	0.883838
76	153	1.017
76	157	1.02042
76	169	0.873709
76	180	0.95897
77	14	1.02212
77	38	0.93469
77	55	0.967915
77	80	0.960814
77	95	1.10391
77	106	0.927917
77	124	0.950777
77	125	0.975085
77	127	0.911968
77	136	0.93835
77	143	0.914492
77	145	0.946665
77	160	1.12188
77	162	0.950442
77	165	0.942813
77	169	1.12457
77	175	0.955958
77	177	1.19311
77	179	1.16199
78	3	1.12579
78	40	0.984549
78	43	1.03242
78	59	0.842051
78	87	1.08072
78	101	1.03143
78	104	1.02156
78	110	1.01354
78	118	1.00138
78	122	1.04603
78	137	0.920394
78	162	0.919181
78	166	1.01403
78	172	1.02101
78	174	1.00761
78	175	0.855737
78	178	1.03607
78	179	1.02104
78	180	1.02104
79	6	1.07536
79	16	0.958103
79	30	0.987147
79	43	0.973394
79	44	1.06881
79	59	1.04585
79	61	1.04119
79	75	1.04538
79	93	0.995634
79	109	1.07271
79	111	0.98677
79	114	1.03103
79	139	1.00603
79	153	1.01862
79	163	0.998852
79	164	0.925205
79	167	0.971475
79	169	0.88582
79	179	0.923234
80	32	1.12262
80	77	0.960814
80	103	1.02527
80	124	1.02021
80	129	1.01728
80	136	1.00778
80	140	0.996792
80	142	1.03146
80	143	0.983923
80	145	1.0161
80	159	0.984362
80	160	0.867196
80	161	1.00858
80	165	1.01224
80	166	0.95744
80	172	0.94947
80	174	0.955862
80	175	1.02539
80	176	1.06833
81	33	1.03029
81	45	1.05835
81	58	1.03597
81	67	1.01155
81	70	1.06829
81	106	0.997486
81	120	1.0013
81	128	0.861044
81	136	1.00792
81	138	0.932125
81	142	1.0316
81	147	1.00594
81	159	0.957431
81	161	1.00872
81	162	1.02001
81	165	1.01238
81	170	0.927372
81	171	1.01626
81	175	1.02553
82	17	1.04758
82	51	0.951944
82	54	1.05035
82	72	0.97507
82	83	1.01912
82	85	1.00013
82	88	0.98201
82	96	1.02985
82	110	0.991788
82	118	0.979637
82	122	1.02428
82	139	0.999045
82	151	0.979876
82	153	0.99615
82	163	1.06055
82	166	0.992287
82	167	1.03317
82	168	0.989554
82	171	1.01786
82	176	0.891183
83	74	0.93942
83	82	1.01912
83	88	1.07896
83	129	0.982666
83	138	0.993528
83	145	0.975317
83	154	0.99335
83	160	1.01228
83	163	0.98135
83	164	1.00854
83	165	0.997536
83	167	0.998223
83	168	1.01261
83	170	1.00416
83	173	0.999777
83	174	0.984892
83	177	1.00128
83	178	1.01335
83	179	0.998329
83	180	0.998329
84	8	1.83536
84	100	1.00629
84	107	0.992349
84	108	0.990807
84	115	1.01127
84	116	0.995128
84	117	1.03517
84	121	0.966506
84	127	0.87324
84	134	1.00714
84	135	1.01123
84	137	0.99661
84	144	0.973848
84	154	0.822359
84	157	0.999452
84	159	0.851652
84	162	0.801031
84	168	1.01346
84	171	1.00074
84	180	0.822436
85	17	1.04799
85	18	0.936372
85	54	1.05077
85	72	0.975481
85	82	1.00013
85	88	0.982422
85	94	0.828976
85	96	1.03026
85	101	1.01009
85	110	0.992199
85	118	0.980048
85	122	1.02469
85	151	0.980287
85	153	0.996562
85	166	0.992698
85	168	1.00991
85	170	1.05229
85	172	1.04746
85	173	1.05506
85	178	1.01763
86	25	1.00076
86	29	0.964506
86	76	1.00511
86	95	1.01291
86	107	0.977008
86	108	0.975466
86	113	0.937796
86	116	0.979787
86	120	1.12079
86	121	0.951165
86	134	0.9918
86	135	0.995891
86	137	0.981269
86	144	0.958508
86	149	1.06242
86	152	1.04494
86	157	0.984112
86	158	0.98391
86	160	0.959756
86	163	1.07548
86	180	1.04771
87	8	1.76121
87	23	1.05843
87	34	1.02721
87	40	1.02205
87	47	1.1068
87	62	1.08197
87	64	1.05118
87	69	1.04939
87	71	1.02404
87	73	1.0231
87	78	1.08072
87	91	0.809016
87	104	1.05906
87	127	1.02539
87	151	1.03913
87	159	0.777495
87	166	1.05154
87	167	0.748674
87	171	0.733361
87	173	0.750209
87	177	0.731559
88	7	1.03464
88	8	0.812628
88	17	1.02987
88	54	1.03265
88	72	0.957363
88	82	0.98201
88	83	1.07896
88	85	0.982422
88	96	1.01214
88	101	0.991976
88	110	0.974082
88	118	0.961931
88	119	0.965783
88	122	1.00657
88	138	1.09653
88	139	0.981339
88	164	1.04674
88	166	0.974581
88	168	1.04939
88	172	1.08694
88	176	0.951022
89	21	0.941617
89	63	0.930318
89	66	0.914541
89	74	1.08437
89	99	0.990695
89	103	1.07284
89	106	1.04491
89	123	1.05331
89	127	1.02896
89	133	0.851375
89	143	1.03149
89	145	1.06366
89	149	0.875593
89	152	0.858119
89	155	1.0588
89	161	1.05615
89	162	1.06744
89	163	0.888656
89	165	1.05981
89	171	1.06368
89	175	1.07295
90	9	0.925604
90	42	0.937556
90	49	0.939654
90	97	0.959033
90	105	1.06458
90	106	0.979003
90	112	1.04543
90	124	1.00186
90	127	0.963054
90	142	1.01312
90	145	0.997751
90	148	1.01151
90	149	1.09818
90	150	1.00833
90	154	1.08339
90	155	0.992886
90	161	0.990235
90	162	1.00153
90	165	0.993899
90	171	0.997773
90	175	1.00704
91	18	1.24917
91	45	0.957768
91	52	0.937302
91	87	0.809016
91	122	1.07234
91	144	1.15448
91	146	0.979102
91	149	0.981328
91	158	1.05136
91	159	0.986859
91	160	0.995939
91	163	0.965014
91	167	0.981887
91	169	0.986797
91	170	0.987824
91	173	0.983441
91	174	0.968556
91	177	0.984947
91	178	0.997017
91	179	0.981993
91	180	0.981993
92	3	0.904151
92	28	0.955657
92	44	1.0008
92	48	0.931343
92	50	1.03841
92	70	0.983444
92	75	1.03612
92	113	0.944621
92	121	0.95799
92	137	0.988094
92	143	1.14823
92	144	0.965333
92	147	1.0501
92	157	0.990937
92	159	0.995528
92	165	1.07595
92	170	0.996493
92	176	1.04443
92	178	1.00569
92	179	0.990662
92	180	0.990662
93	6	1.02634
93	16	0.909078
93	43	0.92437
93	44	1.01979
93	59	0.996826
93	61	0.992163
93	65	0.968767
93	75	0.996352
93	79	0.995634
93	109	1.02368
93	111	0.937746
93	114	0.982003
93	115	0.984835
93	148	1.04658
93	153	0.969597
93	156	1.06264
93	158	0.972816
93	160	1.03059
93	168	1.07532
93	174	1.11926
93	176	0.976949
94	17	0.77236
94	21	1.16411
94	49	0.999084
94	56	1.06596
94	73	0.907615
94	85	0.828976
94	109	1.10027
94	111	1.01433
94	113	1.00329
94	114	1.05859
94	122	0.78745
94	134	1.05729
94	141	1.03213
94	153	1.04618
94	157	1.0496
94	159	1.05419
94	162	0.837144
94	170	1.05516
94	178	1.06435
94	179	1.04933
94	180	1.04933
95	7	0.794092
95	20	1.03701
95	22	1.0346
95	36	1.00722
95	76	1.04922
95	77	1.10391
95	86	1.01291
95	113	0.981912
95	117	1.06395
95	134	1.03592
95	135	1.04001
95	137	1.02538
95	140	1.01843
95	141	1.01076
95	144	1.00262
95	150	0.901653
95	157	1.02823
95	158	1.02803
95	166	0.979078
95	168	1.04224
95	176	0.83519
95	180	0.976785
96	17	1.07771
96	18	0.966094
96	54	1.08049
96	72	1.0052
96	82	1.02985
96	85	1.03026
96	88	1.01214
96	101	1.03981
96	110	1.02192
96	112	0.934773
96	118	1.00977
96	119	1.01362
96	122	1.05441
96	131	0.945953
96	146	0.980386
96	150	0.897679
96	151	1.01001
96	153	1.02628
96	166	1.02242
96	168	0.929587
96	171	0.957893
96	172	0.967135
97	53	1.01025
97	67	0.958545
97	69	1.11723
97	76	1.05964
97	90	0.959033
97	103	0.972408
97	123	0.95288
97	124	0.967342
97	126	1.1204
97	128	1.1162
97	129	0.964414
97	136	0.954915
97	143	0.931057
97	145	0.96323
97	147	0.952936
97	155	0.958365
97	160	1.09542
97	161	0.955714
97	162	0.967007
97	165	0.959378
97	169	1.09811
97	175	0.972523
98	11	0.994535
98	28	1.14527
98	135	1.11002
98	145	1.10914
98	149	0.959005
98	150	0.977947
98	152	0.96845
98	154	0.954691
98	158	1.1108
98	159	0.964536
98	160	0.973617
98	161	1.12292
98	163	0.942691
98	164	0.969877
98	167	0.959564
98	170	0.965501
98	171	0.961228
98	174	0.946233
98	177	0.962625
98	178	0.974695
98	179	0.95967
98	180	0.95967
99	47	0.99342
99	89	0.990695
99	121	1.24083
99	129	1.12613
99	131	0.967074
99	132	0.973986
99	134	1.10941
99	149	0.958083
99	150	0.977025
99	160	0.972695
99	161	1.13255
99	163	0.941769
99	164	0.968955
99	167	0.958642
99	170	0.964579
99	172	0.958711
99	173	0.960197
99	174	0.945311
99	177	0.961703
99	178	0.973773
99	179	0.958749
99	180	0.958749
100	76	1.02726
100	84	1.00629
100	107	0.999159
100	108	0.997617
100	112	0.949526
100	116	1.00194
100	117	1.04198
100	119	1.0283
100	121	0.973316
100	133	0.978055
100	134	1.01395
100	135	1.01804
100	137	1.00342
100	141	0.988792
100	143	0.988332
100	144	0.980658
100	154	0.987488
100	156	1.0135
100	157	1.00626
100	168	1.02027
100	171	1.00755
100	173	0.989494
100	174	0.988281
101	17	1.05755
101	18	0.945926
101	36	0.988527
101	51	0.96191
101	54	1.06032
101	72	0.985035
101	78	1.03143
101	85	1.01009
101	88	0.991976
101	96	1.03981
101	110	1.00175
101	118	0.989602
101	119	0.993454
101	122	1.03425
101	130	0.904641
101	138	1.03249
101	153	1.00612
101	156	0.972678
101	166	1.00225
101	168	0.985358
101	171	1.01366
101	177	1.01186
101	178	0.993076
102	23	0.982285
102	37	1.04166
102	38	1.02073
102	123	0.940247
102	126	1.01838
102	131	1.00973
102	150	1.01968
102	152	1.01019
102	153	0.965778
102	154	0.996429
102	155	0.953885
102	159	1.00627
102	162	0.988822
102	164	1.01161
102	167	1.0013
102	169	1.00621
102	170	1.00724
102	172	1.00137
102	174	0.987971
102	177	1.00436
102	178	1.01643
102	179	1.00141
102	180	1.00141
103	2	0.942508
103	9	0.93898
103	11	1.05273
103	60	0.946119
103	66	1.05774
103	80	1.02527
103	89	1.07284
103	97	0.972408
103	124	1.01524
103	129	1.01231
103	132	0.907946
103	137	0.983891
103	142	1.02649
103	143	0.978953
103	147	1.00083
103	152	1.00132
103	155	1.00626
103	161	1.00361
103	165	1.00727
103	167	1.00448
103	168	1.02387
103	175	1.02042
103	180	1.00408
104	10	1.05948
104	23	0.999267
104	24	1.01172
104	34	0.968054
104	35	1.04285
104	40	0.962893
104	46	1.06411
104	47	1.04764
104	51	1.12687
104	62	1.02281
104	64	0.992019
104	69	0.990225
104	71	0.964879
104	73	0.963938
104	78	1.02156
104	87	1.05906
104	130	0.864687
104	139	1.02357
104	151	0.979967
104	156	0.932724
104	166	0.992378
104	168	0.945405
104	171	0.97371
105	17	0.977635
105	48	1.11629
105	71	1.08555
105	90	1.06458
105	123	0.993845
105	128	0.999321
105	142	0.972538
105	148	1.00991
105	149	0.981595
105	150	1.00054
105	152	0.99104
105	159	0.987126
105	160	0.996207
105	161	0.983861
105	164	0.992467
105	167	0.982154
105	169	0.987065
105	170	0.988091
105	172	0.982222
105	173	0.983709
105	174	0.968823
105	177	0.985215
105	179	0.98226
105	180	0.98226
106	52	1.09975
106	74	1.00391
106	77	0.927917
106	81	0.997486
106	89	1.04491
106	90	0.979003
106	118	1.07505
106	123	0.972849
106	124	0.987312
106	125	1.01162
106	136	0.974885
106	143	0.951027
106	145	0.9832
106	150	0.97356
106	154	1.04862
106	160	0.960741
106	161	0.975684
106	162	0.986977
106	165	0.979348
106	168	0.995948
106	175	0.992493
106	176	1.03543
106	179	1.00084
106	180	1.04869
107	29	0.972716
107	84	0.992349
107	86	0.977008
107	100	0.999159
107	113	0.946006
107	116	0.987997
107	117	1.02804
107	121	0.959375
107	130	1.01819
107	132	0.991263
107	133	1.07789
107	134	1.00001
107	135	1.0041
107	137	0.989479
107	141	0.974852
107	144	0.966718
107	150	1.01227
107	156	0.999557
107	157	0.992322
107	158	0.99212
107	160	0.999451
107	166	1.08969
107	169	1.00214
107	179	1.03955
108	7	0.91217
108	25	1.00743
108	26	1.01078
108	29	0.971174
108	60	1.0369
108	84	0.990807
108	86	0.975466
108	100	0.997617
108	116	0.986455
108	121	0.957833
108	133	1.08535
108	134	0.998468
108	135	1.00256
108	137	0.987938
108	141	0.97331
108	144	0.965176
108	148	1.0229
108	153	0.98736
108	157	0.99078
108	168	1.00479
108	169	1.0096
108	171	0.992063
108	179	1.04702
108	180	1.09486
109	6	1.10341
109	16	0.986153
109	30	1.0152
109	31	1.02152
109	43	1.00144
109	44	1.09686
109	56	1.06645
109	61	1.06924
109	65	1.04584
109	75	1.07343
109	79	1.07271
109	93	1.02368
109	94	1.10027
109	111	1.01482
109	114	1.05908
109	133	0.912351
109	154	0.921784
109	156	0.865957
109	158	1.04989
109	167	0.922255
109	168	0.878637
109	170	0.921018
109	171	0.906943
109	178	0.886355
110	13	0.941764
110	17	1.03965
110	18	0.928032
110	36	0.970633
110	41	1.14687
110	58	1.02261
110	72	0.967141
110	78	1.01354
110	82	0.991788
110	85	0.992199
110	88	0.974082
110	96	1.02192
110	101	1.00175
110	118	0.971709
110	119	0.97556
110	122	1.01635
110	130	0.956122
110	139	0.991116
110	140	1.12171
110	151	0.971947
110	153	0.988222
110	166	0.984358
110	176	0.938468
110	180	1.08006
111	6	1.01748
111	7	0.958633
111	16	0.900214
111	30	0.929258
111	32	0.900191
111	43	0.915505
111	44	1.01093
111	56	0.98051
111	59	0.987962
111	61	0.983299
111	65	0.959902
111	75	0.987488
111	79	0.98677
111	93	0.937746
111	94	1.01433
111	109	1.01482
111	114	0.973139
111	115	0.975971
111	119	1.18206
111	139	1.17627
111	153	0.960733
111	158	0.963952
111	169	1.05607
111	174	1.14204
111	179	1.09348
112	3	0.930513
112	28	0.982019
112	39	0.98341
112	45	0.858994
112	46	1.08175
112	48	0.957705
112	50	1.06478
112	56	0.966341
112	64	1.00966
112	69	1.00786
112	71	0.982515
112	90	1.04543
112	96	0.934773
112	100	0.949526
112	121	1.07298
112	127	0.983863
112	136	0.993161
112	164	1.02723
112	165	0.973152
112	166	1.01001
112	169	1.02183
112	176	1.07079
112	177	1.01998
112	178	1.03205
112	179	1.01702
112	180	1.01702
113	20	0.961891
113	26	0.973106
113	86	0.937796
113	92	0.944621
113	94	1.00329
113	95	0.981912
113	107	0.946006
113	117	0.98883
113	121	0.920163
113	129	1.07122
113	130	0.978976
113	131	1.13075
113	134	0.960798
113	135	0.964889
113	137	0.950267
113	141	0.93564
113	144	0.927506
113	153	0.949689
113	157	0.95311
113	168	0.967119
113	171	0.954393
113	172	1.15193
113	173	1.15954
113	174	1.15833
113	176	1.01602
113	178	1.1221
114	6	1.06173
114	16	0.944471
114	30	0.973515
114	31	0.979844
114	43	0.959763
114	44	1.05518
114	51	1.10571
114	56	1.02477
114	61	1.02756
114	65	1.00416
114	75	1.03175
114	79	1.03103
114	93	0.982003
114	94	1.05859
114	109	1.05908
114	111	0.973139
114	115	1.02023
114	138	0.97137
114	146	0.975035
114	153	1.00499
114	158	1.00821
114	164	0.921584
114	166	0.969754
114	170	0.966617
114	171	0.952542
114	177	0.95074
115	35	1.03505
115	37	0.997766
115	45	1.05462
115	52	1.03189
115	56	1.0276
115	65	1.00699
115	75	1.03458
115	84	1.01127
115	93	0.984835
115	111	0.975971
115	114	1.02023
115	139	1.01072
115	141	0.993773
115	142	1.02787
115	144	0.985638
115	147	1.00221
115	152	0.978071
115	155	1.00764
115	157	1.01124
115	159	1.01005
115	164	0.93496
115	168	1.02525
115	169	0.895576
115	170	0.979993
115	175	1.0218
115	178	0.94533
116	20	1.00388
116	22	1.00147
116	25	1.01175
116	29	0.975495
116	76	1.0161
116	84	0.995128
116	86	0.979787
116	100	1.00194
116	107	0.987997
116	108	0.986455
116	120	1.10739
116	132	0.938166
116	134	1.00279
116	137	0.992258
116	138	1.03821
116	141	0.977631
116	144	0.969496
116	148	0.962345
116	156	1.00234
116	157	0.995101
116	158	0.994899
116	164	0.988428
116	168	1.00911
116	171	0.996384
116	172	1.02863
116	177	1.01758
116	180	1.0343
117	22	1.04152
117	29	1.01554
117	37	1.02167
117	76	1.05614
117	84	1.03517
117	95	1.06395
117	100	1.04198
117	107	1.02804
117	113	0.98883
117	121	1.0022
117	127	1.00939
117	129	0.8722
117	134	1.04283
117	135	1.04692
117	137	1.0323
117	138	0.962497
117	141	1.01768
117	144	1.00954
117	149	0.973296
117	157	1.03515
117	158	1.03494
117	159	0.987803
117	168	1.04916
117	170	0.957744
117	171	1.03643
117	176	0.816992
117	178	0.923081
117	179	0.91074
118	7	1.03227
118	17	1.0275
118	18	0.915882
118	27	1.14712
118	36	0.958482
118	51	0.931865
118	54	1.03028
118	72	0.95499
118	78	1.00138
118	82	0.979637
118	85	0.980048
118	88	0.961931
118	96	1.00977
118	101	0.989602
118	106	1.07505
118	110	0.971709
118	119	0.963409
118	122	1.0042
118	128	1.04189
118	130	0.985124
118	139	0.978966
118	151	0.959796
118	153	0.976071
118	166	0.972207
118	169	1.0238
118	176	0.96747
118	179	1.06122
118	180	1.10907
119	18	0.919733
119	47	0.90434
119	76	0.999701
119	88	0.965783
119	96	1.01362
119	100	1.0283
119	101	0.993454
119	110	0.97556
119	111	1.18206
119	118	0.963409
119	122	1.00805
119	134	1.02033
119	135	1.03058
119	136	0.976289
119	138	0.978267
119	141	1.09283
119	144	1.13447
119	155	0.97974
119	161	0.977088
119	162	0.988381
119	163	0.966089
119	165	0.980752
119	174	0.969631
119	175	0.993898
119	177	0.986022
119	178	0.998093
119	179	0.983068
119	180	0.983068
120	53	0.943209
120	81	1.0013
120	86	1.12079
120	116	1.10739
120	125	1.01252
120	132	0.992136
120	140	0.956327
120	142	1.0645
120	147	1.05843
120	148	1.00454
120	149	0.976233
120	150	0.995175
120	152	0.985677
120	154	0.971919
120	159	0.981764
120	160	0.990844
120	163	0.959919
120	165	1.08427
120	167	0.976792
120	169	0.981702
120	170	0.982729
120	172	0.97686
120	173	0.978346
120	174	0.963461
120	177	0.979852
120	178	0.991922
120	179	0.976898
120	180	0.976898
121	7	0.928322
121	26	0.986475
121	31	1.10791
121	37	0.953002
121	58	0.987474
121	76	0.987476
121	84	0.966506
121	86	0.951165
121	92	0.95799
121	99	1.24083
121	100	0.973316
121	107	0.959375
121	108	0.957833
121	112	1.07298
121	113	0.920163
121	117	1.0022
121	127	1.16182
121	134	0.974166
121	135	0.978258
121	138	1.11492
121	141	0.949009
121	144	0.940875
121	156	0.973714
121	157	0.966479
121	158	0.966277
121	167	1.11141
121	168	0.980488
121	171	0.967762
121	176	0.96942
122	7	1.07691
122	8	0.854899
122	17	1.07214
122	18	0.960525
122	51	0.976508
122	54	1.07492
122	58	0.954158
122	72	0.999634
122	78	1.04603
122	82	1.02428
122	85	1.02469
122	88	1.00657
122	91	1.07234
122	94	0.78745
122	96	1.05441
122	101	1.03425
122	110	1.01635
122	118	1.0042
122	119	1.00805
122	139	1.02361
122	151	1.00444
122	153	1.02071
122	156	0.955704
122	160	0.923658
122	163	1.03938
122	166	1.01685
122	171	0.99669
122	172	1.00593
122	178	0.976102
123	15	1.04651
123	45	1.03372
123	67	0.986912
123	70	1.04365
123	89	1.05331
123	97	0.95288
123	102	0.940247
123	105	0.993845
123	106	0.972849
123	124	0.995709
123	129	0.992782
123	136	0.983282
123	142	1.00696
123	143	0.959424
123	145	0.991598
123	155	0.986733
123	158	0.990135
123	159	1.04194
123	161	0.984082
123	162	0.995374
123	165	0.987745
123	170	1.01188
123	171	0.991619
123	172	1.00705
123	173	1.01466
123	174	1.01344
123	175	1.00089
123	176	1.04383
123	178	0.977221
123	180	1.01273
124	11	1.04766
124	21	0.884014
124	49	0.947962
124	53	1.05308
124	55	1.02731
124	57	1.01902
124	66	1.08227
124	74	1.02677
124	77	0.950777
124	80	1.02021
124	90	1.00186
124	97	0.967342
124	103	1.01524
124	106	0.987312
124	123	0.995709
124	125	1.03448
124	126	0.965634
124	132	0.932473
124	133	1.0191
124	142	1.02143
124	143	0.973886
124	146	1.03619
124	150	0.953479
124	161	0.998544
124	162	1.00984
124	164	0.982735
124	165	1.00221
124	166	1.0309
124	175	1.01535
124	177	1.01189
125	9	0.958222
125	21	0.908323
125	42	0.970174
125	49	0.972271
125	53	1.07739
125	57	1.04333
125	63	1.00888
125	66	0.9931
125	70	1.08243
125	74	1.05108
125	77	0.975085
125	106	1.01162
125	120	1.01252
125	124	1.03448
125	129	1.03155
125	131	0.912585
125	133	0.929934
125	143	0.998195
125	145	1.03037
125	147	1.02007
125	149	0.954153
125	151	0.958214
125	152	0.936678
125	156	1.03634
125	158	1.02891
125	161	1.02285
125	162	1.03415
125	163	0.967215
125	168	1.04312
125	171	1.03039
125	175	1.03966
125	180	0.939444
126	26	0.951048
126	32	0.778595
126	33	0.991402
126	63	1.00347
126	97	1.1204
126	102	1.01838
126	124	0.965634
126	128	1.03291
126	133	1.01935
126	142	0.928443
126	143	1.0205
126	144	1.03076
126	145	0.925994
126	146	1.01295
126	148	1.04349
126	150	1.03412
126	154	1.01087
126	158	0.927646
126	159	1.02071
126	160	1.02979
126	161	0.939766
126	163	0.998866
126	164	1.02605
126	167	1.01574
126	169	1.02065
126	170	1.02168
126	172	1.01581
126	174	1.00241
126	177	1.0188
126	178	1.03087
126	179	1.01585
126	180	1.01585
127	43	1.22534
127	46	1.03044
127	57	0.980211
127	61	1.05456
127	62	0.989135
127	69	0.956553
127	71	0.931206
127	77	0.911968
127	84	0.87324
127	87	1.02539
127	89	1.02896
127	90	0.963054
127	112	0.983863
127	117	1.00939
127	121	1.16182
127	134	1.03041
127	138	0.960914
127	141	1.1029
127	153	1.08906
127	155	0.962386
127	157	1.04582
127	162	0.971028
127	163	0.948735
127	166	0.958706
127	167	0.965609
127	170	0.971546
127	172	0.965677
127	173	0.967163
127	175	0.976544
127	176	1.01948
127	179	0.965715
127	180	0.965715
128	62	0.944834
128	81	0.861044
128	97	1.1162
128	105	0.999321
128	118	1.04189
128	126	1.03291
128	131	1.02426
128	132	1.03117
128	133	1.01944
128	134	0.912431
128	136	0.964028
128	138	1.01113
128	149	1.01527
128	152	1.02472
128	154	1.01096
128	155	0.959194
128	158	0.923453
128	160	1.02988
128	161	0.935573
128	163	0.998956
128	164	1.02614
128	167	1.01583
128	169	1.02074
128	170	1.02177
128	172	1.0159
128	173	1.01738
128	174	1.0025
128	175	0.930687
128	177	1.01889
128	178	1.03096
128	179	1.01594
128	180	1.01594
129	2	0.934514
129	21	0.881087
129	32	1.10965
129	38	0.991157
129	45	1.04525
129	53	1.05015
129	57	1.01609
129	58	1.02287
129	80	1.01728
129	83	0.982666
129	97	0.964414
129	99	1.12613
129	103	1.01231
129	113	1.07122
129	117	0.8722
129	123	0.992782
129	125	1.03155
129	131	0.969462
129	133	0.98681
129	136	0.994817
129	139	1.03127
129	142	1.0185
129	145	1.00313
129	147	0.992838
129	148	0.924361
129	155	0.998267
129	156	1.00911
129	161	0.995616
129	162	1.00691
129	164	0.950444
129	165	0.99928
129	175	1.01243
129	180	0.99632
130	2	0.957934
130	16	1.12351
130	18	1.06449
130	22	1.03166
130	23	0.930823
130	56	0.880437
130	65	0.939808
130	72	1.00293
130	75	0.84742
130	101	0.904641
130	104	0.864687
130	107	1.01819
130	110	0.956122
130	113	0.978976
130	118	0.985124
130	133	1.02852
130	134	1.03298
130	136	1.01824
130	139	1.02477
130	141	1.00782
130	142	1.04192
130	144	0.999687
130	147	1.01626
130	148	1.05266
130	155	1.02169
130	157	1.02529
130	162	1.03033
130	165	1.0227
130	167	1.02491
130	174	1.01158
130	175	1.03585
130	177	1.02797
130	178	1.04004
130	179	1.02502
130	180	1.02502
131	76	0.932112
131	96	0.945953
131	99	0.967074
131	102	1.00973
131	113	1.13075
131	125	0.912585
131	128	1.02426
131	129	0.969462
131	132	1.02244
131	133	1.01071
131	137	1.03566
131	138	1.0024
131	140	0.98663
131	146	1.00431
131	149	1.00654
131	150	1.02548
131	152	1.01598
131	154	1.00222
131	157	0.968161
131	158	0.963765
131	159	1.01207
131	160	1.02115
131	161	0.975885
131	163	0.990221
131	164	1.01741
131	165	0.984332
131	169	1.01201
131	170	1.01303
131	172	1.00716
131	173	1.00865
131	174	0.993763
131	175	0.970999
131	177	1.01015
131	178	1.02222
131	179	1.0072
131	180	1.0072
132	8	0.845152
132	13	1.06303
132	42	1.14089
132	49	1.1271
132	68	1.00381
132	99	0.973986
132	103	0.907946
132	107	0.991263
132	116	0.938166
132	120	0.992136
132	124	0.932473
132	128	1.03117
132	131	1.02244
132	137	0.966377
132	140	0.993542
132	141	0.955961
132	143	0.987337
132	150	1.03239
132	153	0.94212
132	154	1.00913
132	159	1.01898
132	160	1.02806
132	163	0.997134
132	164	1.02432
132	166	1.0071
132	167	1.01401
132	169	1.01892
132	170	1.01994
132	172	1.01408
132	173	1.01556
132	174	1.00068
132	175	0.90172
132	177	1.01707
132	178	1.02914
132	179	1.01411
132	180	1.01411
133	11	0.864852
133	66	0.993357
133	73	1.12226
133	89	0.851375
133	100	0.978055
133	107	1.07789
133	108	1.08535
133	109	0.912351
133	124	1.0191
133	125	0.929934
133	126	1.01935
133	128	1.01944
133	129	0.98681
133	130	1.02852
133	131	1.01071
133	134	0.970092
133	138	0.99758
133	140	0.98181
133	146	0.99949
133	148	1.03003
133	149	1.00172
133	159	1.00725
133	160	1.01633
133	163	0.985402
133	164	1.01259
133	167	1.00227
133	169	1.00719
133	170	1.00821
133	172	1.00234
133	173	1.00383
133	174	0.988944
133	176	1.05615
133	177	1.00534
133	178	1.01741
133	179	1.00238
133	180	1.00238
134	20	1.01589
134	22	1.01348
134	25	1.02376
134	29	0.987507
134	37	0.993636
134	76	1.02811
134	84	1.00714
134	86	0.9918
134	94	1.05729
134	95	1.03592
134	99	1.10941
134	100	1.01395
134	107	1.00001
134	108	0.998468
134	113	0.960798
134	116	1.00279
134	117	1.04283
134	119	1.02033
134	121	0.974166
134	127	1.03041
134	128	0.912431
134	130	1.03298
134	133	0.970092
134	135	1.01889
134	137	1.00427
134	141	0.989643
134	144	0.981509
134	149	0.994311
134	153	1.00369
134	156	1.01435
134	157	1.00711
134	160	0.891651
134	167	0.979996
134	170	0.978758
134	178	0.944095
134	180	0.979602
135	20	1.01999
135	25	1.02785
135	26	1.0312
135	29	0.991599
135	37	0.997727
135	51	0.963578
135	60	0.931882
135	66	1.0435
135	76	1.0322
135	84	1.01123
135	86	0.995891
135	95	1.04001
135	98	1.11002
135	100	1.01804
135	107	1.0041
135	108	1.00256
135	113	0.964889
135	117	1.04692
135	119	1.03058
135	121	0.978258
135	134	1.01889
135	137	1.00836
135	139	1.01068
135	141	0.993734
135	144	0.9856
135	153	1.00778
135	157	1.0112
135	162	0.968442
135	163	1.01762
135	168	1.02521
135	171	1.01249
135	176	0.848252
