1	19	0.975069
1	27	0.937046
1	31	1.00692
1	32	1.04947
1	59	0.919634
1	70	1.49487
1	91	0.89771
1	158	2.43583
1	160	0.909222
1	164	1.75085
1	168	0.779747
1	171	0.79981
2	63	1.52102
2	99	0.774059
2	108	0.801484
2	123	0.823167
2	128	0.808955
2	133	0.80261
2	134	0.847906
2	141	0.806072
2	143	0.820873
2	160	2.15362
2	162	2.64189
2	170	0.70567
3	25	0.819381
3	98	0.838634
3	109	0.801555
3	111	0.805215
3	112	1.54898
3	116	0.79789
3	129	0.79645
3	142	0.846094
3	150	1.95392
3	153	2.8127
3	166	0.774153
3	174	0.731603
4	23	0.853063
4	28	0.846218
4	39	0.807262
4	44	0.804866
4	69	0.818794
4	75	0.791802
4	84	0.770323
4	86	1.75947
4	87	0.816705
4	124	2.19236
4	148	2.36076
4	163	0.708504
5	7	0.734175
5	43	0.866046
5	88	0.784395
5	89	0.784267
5	90	0.858283
5	92	0.784416
5	101	0.808039
5	105	0.810086
5	165	1.08387
5	166	0.778904
5	176	2.66777
5	178	2.61352
6	12	0.750369
6	48	1.75691
6	114	1.70333
6	117	0.812801
6	121	0.799021
6	122	0.792731
6	128	0.820855
6	131	0.84026
6	141	0.817972
6	143	0.832774
6	159	2.75743
6	170	0.71757
7	5	0.734175
7	53	0.83993
7	64	0.809566
7	88	0.789803
7	89	0.789675
7	90	0.863691
7	92	0.789824
7	101	0.813447
7	119	1.77446
7	154	1.8899
7	166	0.784312
7	170	2.61473
8	43	0.965524
8	52	0.916559
8	64	0.903636
8	88	0.883873
8	89	0.883745
8	92	0.883893
8	101	0.907517
8	112	1.35486
8	150	1.75979
8	157	1.56062
8	166	0.878382
8	174	2.15454
9	61	0.755276
9	65	0.833174
9	98	0.849815
9	109	0.812736
9	111	0.816396
9	116	0.80907
9	126	1.50337
9	129	0.807631
9	148	2.27787
9	166	0.785334
9	173	2.54821
9	174	0.742783
10	16	0.859033
10	28	0.949538
10	29	0.894129
10	39	0.910583
10	69	0.922114
10	75	0.895123
10	84	0.873644
10	87	0.920026
10	130	1.53813
10	159	1.73643
10	165	1.43958
10	180	2.14896
11	46	1.55
11	95	0.90589
11	109	0.824729
11	111	0.828389
11	129	0.819624
11	159	0.73966
11	160	0.81802
11	166	0.797327
11	168	0.688546
11	170	2.45832
11	172	2.31084
11	174	0.754777
12	6	0.750369
12	38	1.52822
12	117	0.788046
12	123	0.810313
12	128	0.796101
12	131	0.815505
12	133	0.789755
12	134	0.835052
12	141	0.793217
12	143	0.808019
12	149	2.14258
12	162	2.64176
13	73	1.2732
13	97	0.966223
13	123	0.939011
13	136	0.890008
13	156	0.86829
13	172	0.812302
13	173	0.78933
13	175	0.749484
13	176	0.749174
13	178	0.751557
13	179	0.807272
13	180	0.785306
14	23	1.79185
14	86	0.829839
14	125	0.719179
14	128	2.00233
14	165	0.786649
14	169	0.712409
14	172	0.731234
14	175	0.668417
14	176	0.668107
14	177	0.706608
14	178	0.670489
14	180	0.704238
15	71	1.07401
15	82	1.03628
15	109	1.24651
15	144	0.910594
15	151	0.862332
15	173	0.791083
15	175	0.751238
15	176	0.750927
15	177	0.789429
15	178	0.75331
15	179	0.809025
15	180	0.787059
16	10	0.859033
16	23	0.842862
16	28	0.836017
16	69	0.808593
16	75	0.781601
16	84	0.760122
16	87	0.806504
16	127	0.816139
16	146	1.64149
16	147	2.3276
16	163	0.698302
16	171	2.39088
17	33	0.842165
17	47	0.915643
17	58	0.83276
17	60	0.831405
17	67	0.830261
17	105	1.49047
17	115	1.18836
17	142	0.882294
17	148	0.765748
17	159	0.752686
17	178	3.22289
18	35	0.843775
18	108	0.870627
18	113	1.01224
18	117	0.870044
18	128	0.878098
18	133	0.871753
18	134	0.917049
18	141	0.875215
18	143	0.890017
18	159	1.80453
18	163	2.34785
18	170	0.774813
18	173	2.06935
19	1	0.975069
19	46	1.34715
19	54	0.813327
19	59	0.946687
19	72	0.9297
19	77	1.76741
19	79	0.984089
19	91	0.924763
19	136	1.6278
19	168	0.806801
19	171	0.826864
19	172	2.10798
20	82	0.919638
20	94	0.820662
20	96	0.916812
20	97	0.916628
20	102	0.895565
20	104	0.895315
20	107	0.881642
20	114	1.05335
20	138	1.77452
20	154	1.69673
20	163	2.65077
20	170	0.787078
20	171	0.782872
21	34	0.857592
21	42	0.979288
21	51	0.937177
21	76	0.851422
21	100	0.839419
21	106	0.818102
21	110	0.857238
21	114	1.44168
21	115	1.69406
21	132	0.856339
21	137	2.01169
21	155	2.01806
21	174	0.82123
22	36	0.87379
22	49	0.951143
22	55	0.845743
22	76	0.863725
22	100	0.851722
22	106	0.830405
22	110	0.86954
22	135	0.894161
22	144	1.67182
22	160	1.66955
22	166	1.7146
22	174	0.833532
22	179	2.2137
23	4	0.853063
23	14	1.79185
23	16	0.842862
23	29	0.877957
23	44	0.892015
23	69	0.905943
23	75	0.878951
23	84	0.857472
23	87	0.903854
23	146	1.25866
23	159	1.66635
23	163	0.795652
23	171	2.00805
24	48	1.16352
24	66	0.824258
24	83	0.893092
24	121	0.867839
24	122	0.86155
24	128	0.889674
24	133	0.883329
24	141	0.886791
24	143	0.901593
24	153	0.787151
24	160	1.73549
24	161	2.27723
24	164	1.96402
25	3	0.819381
25	65	0.922109
25	74	0.862122
25	109	0.901671
25	111	0.905331
25	116	0.898005
25	129	0.896565
25	139	1.95763
25	146	1.56663
25	157	1.22897
25	168	0.765488
25	169	2.50698
25	174	0.831718
26	54	0.779322
26	72	0.895695
26	79	0.950085
26	91	0.890759
26	118	1.1959
26	127	0.91044
26	135	0.899656
26	148	2.00252
26	156	1.85248
26	160	0.902271
26	168	0.772796
26	171	0.792859
26	172	2.17468
27	1	0.937046
27	41	0.949939
27	54	0.775303
27	59	0.908664
27	72	0.891676
27	79	0.946066
27	91	0.88674
27	153	2.27774
27	160	0.898252
27	168	0.768777
27	171	0.78884
27	172	2.13177
27	174	1.81369
28	4	0.846218
28	10	0.949538
28	16	0.836017
28	29	0.871112
28	39	0.887566
28	44	0.88517
28	84	0.850627
28	87	0.897009
28	105	1.53875
28	150	1.49218
28	163	0.788807
28	173	2.30319
28	174	1.88693
29	10	0.894129
29	23	0.877957
29	28	0.871112
29	39	0.832156
29	69	0.843688
29	75	0.816696
29	78	0.903436
29	84	0.795217
29	87	0.8416
29	114	1.36988
29	140	2.51584
29	154	2.01327
29	157	1.67862
29	163	0.733398
30	57	0.79575
30	83	0.934162
30	103	0.935736
30	120	2.03707
30	121	0.90891
30	122	0.902621
30	131	0.950149
30	133	0.924399
30	134	0.969696
30	138	1.36112
30	141	0.927862
30	143	0.942663
30	157	0.948685
30	175	2.97603
31	1	1.00692
31	54	0.845176
31	59	0.978537
31	91	0.956613
31	127	0.976294
31	135	0.96551
31	152	1.53669
31	153	1.96309
31	155	1.17277
31	156	1.49493
31	160	0.968125
31	168	0.83865
31	170	1.96461
31	171	0.858713
32	1	1.04947
32	97	0.727638
32	110	0.987492
32	132	1.24602
32	151	0.908722
32	164	0.892592
32	167	0.813696
32	172	0.860444
32	175	0.797627
32	176	0.797317
32	177	0.835818
32	178	0.799699
32	179	0.855414
32	180	0.833449
33	17	0.842165
33	47	0.966142
33	58	0.883259
33	60	0.881904
33	67	0.88076
33	130	0.83307
33	142	0.932793
33	148	0.816248
33	155	1.43583
33	159	0.803185
33	164	1.71354
33	174	1.76211
33	177	2.31737
34	21	0.857592
34	36	0.820559
34	49	0.897913
34	51	0.896249
34	95	0.931415
34	100	0.798492
34	106	0.777175
34	110	0.81631
34	127	0.851715
34	130	2.01801
34	136	1.90277
34	157	1.47096
34	162	2.27604
34	174	0.780302
35	18	0.843775
35	103	0.837255
35	122	0.80414
35	123	0.846476
35	126	1.58529
35	128	0.832264
35	131	0.851668
35	133	0.825919
35	134	0.871215
35	137	1.88121
35	141	0.829381
35	143	0.844182
35	166	1.9818
35	174	2.21385
36	22	0.87379
36	34	0.820559
36	42	0.942256
36	55	0.796408
36	62	0.857062
36	76	0.81439
36	100	0.802387
36	110	0.820205
36	113	1.38101
36	142	0.898688
36	164	1.97329
36	166	1.78981
36	170	2.48743
36	174	0.784197
37	68	0.788134
37	93	0.965109
37	94	0.890135
37	96	0.986284
37	97	0.986101
37	102	0.965038
37	104	0.964787
37	107	0.951115
37	115	1.00423
37	152	1.69215
37	163	2.34927
37	170	0.856551
37	171	0.852344
37	180	2.21848
38	12	1.52822
38	90	0.659917
38	106	1.25048
38	137	0.949239
38	139	0.884704
38	142	0.639262
38	164	0.883333
38	173	0.828213
38	175	0.788368
38	176	0.788058
38	177	0.826559
38	178	0.79044
38	179	0.846155
38	180	0.82419
39	4	0.807262
39	10	0.910583
39	28	0.887566
39	29	0.832156
39	44	0.846215
39	69	0.860142
39	75	0.83315
39	77	1.39817
39	84	0.811671
39	87	0.858054
39	162	1.63182
39	163	0.749852
39	172	1.73874
39	175	2.85408
40	61	0.805254
40	63	1.01862
40	65	0.883152
40	71	0.85403
40	74	0.823165
40	111	0.866374
40	116	0.859048
40	129	0.857608
40	132	0.82787
40	154	1.66905
40	160	0.856005
40	171	2.42146
40	174	0.792761
40	180	2.49229
41	27	0.949939
41	66	1.36222
41	78	0.633126
41	108	1.21378
41	115	0.982448
41	144	0.922588
41	152	0.877917
41	155	0.909097
41	173	0.803077
41	175	0.763231
41	176	0.762921
41	178	0.765304
41	179	0.821019
41	180	0.799053
42	21	0.979288
42	36	0.942256
42	55	0.914209
42	76	0.932191
42	86	1.25241
42	100	0.920188
42	106	0.898871
42	110	0.938007
42	124	1.6853
42	135	0.962628
42	148	1.8537
42	154	1.44851
42	159	1.85922
42	174	0.901999
43	5	0.866046
43	8	0.965524
43	52	0.954361
43	88	0.921674
43	89	0.921546
43	90	0.995562
43	92	0.921695
43	101	0.945318
43	115	0.883574
43	138	1.35237
43	154	1.27459
43	166	0.916183
43	168	2.65005
43	173	1.95012
44	4	0.804866
44	23	0.892015
44	28	0.88517
44	39	0.846215
44	69	0.857746
44	75	0.830755
44	84	0.809276
44	87	0.855658
44	112	1.27045
44	127	0.865293
44	150	1.67538
44	156	2.066
44	163	0.747456
44	177	2.62539
45	80	1.14699
45	95	0.834619
45	127	0.880937
45	133	1.07339
45	145	0.888581
45	157	0.961798
45	167	0.781358
45	169	0.809281
45	172	0.828106
45	173	0.805135
45	175	0.765289
45	176	0.764979
45	178	0.767362
45	179	0.823076
45	180	0.801111
46	11	1.55
46	19	1.34715
46	80	1.33893
46	83	0.709707
46	136	0.908194
46	152	0.882356
46	162	0.832092
46	172	0.830488
46	173	0.807516
46	175	0.76767
46	176	0.76736
46	177	0.805861
46	178	0.769743
46	179	0.825458
46	180	0.803492
47	17	0.915643
47	33	0.966142
47	58	0.956737
47	60	0.955382
47	67	0.954239
47	130	0.906548
47	142	1.00627
47	144	1.21877
47	148	0.889726
47	152	1.53126
47	154	1.23434
47	159	0.876663
47	160	1.21651
47	175	2.92704
48	6	1.75691
48	24	1.16352
48	70	0.899234
48	104	0.924766
48	118	0.941377
48	132	1.1469
48	161	0.835914
48	172	0.811457
48	173	0.788486
48	174	0.839231
48	176	0.74833
48	177	0.786831
48	178	0.750713
48	179	0.806427
48	180	0.784462
49	22	0.951143
49	34	0.897913
49	62	0.934415
49	76	0.891743
49	100	0.87974
49	106	0.858423
49	110	0.897558
49	113	0.719755
49	132	0.896659
49	135	0.922179
49	152	1.39825
49	158	1.99702
49	161	1.62525
49	174	0.86155
49	176	2.7991
50	66	0.84718
50	70	1.35606
50	80	0.934958
50	114	0.75794
50	120	2.15507
50	121	0.890761
50	123	0.926808
50	128	0.912596
50	131	0.932001
50	133	0.906251
50	141	0.909713
50	143	0.924515
50	170	0.809311
50	171	2.15374
50	172	1.97868
51	21	0.937177
51	34	0.896249
51	55	0.872098
51	62	0.932752
51	81	1.27153
51	100	0.878077
51	106	0.85676
51	110	0.895895
51	120	2.08307
51	132	0.894996
51	142	0.974378
51	156	1.58448
51	158	2.22502
51	160	1.3115
51	174	0.859887
52	8	0.916559
52	43	0.954361
52	53	0.922837
52	64	0.892473
52	88	0.87271
52	89	0.872582
52	90	0.946598
52	92	0.872731
52	101	0.896354
52	119	1.33395
52	154	1.44939
52	161	1.9733
52	165	1.56325
52	166	0.867219
52	170	2.17422
53	7	0.83993
53	52	0.922837
53	68	0.919375
53	88	0.89015
53	89	0.890022
53	90	0.964038
53	92	0.890171
53	101	0.913794
53	125	2.42081
53	130	1.01351
53	132	0.877217
53	147	1.49023
53	166	0.884659
53	167	2.44627
53	179	1.32742
54	19	0.813327
54	26	0.779322
54	27	0.775303
54	31	0.845176
54	59	0.757891
54	72	0.740904
54	79	0.795294
54	91	0.735968
54	130	2.43928
54	135	0.744864
54	145	2.43805
54	160	0.747479
54	162	2.69731
54	168	0.618005
54	171	0.638068
55	22	0.845743
55	36	0.796408
55	42	0.914209
55	51	0.872098
55	76	0.786343
55	100	0.77434
55	106	0.753023
55	110	0.792158
55	127	0.827563
55	142	0.870641
55	144	1.61013
55	155	1.5587
55	166	1.65291
55	167	3.27086
55	174	0.75615
56	82	0.950774
56	93	0.926772
56	94	0.851799
56	96	0.947948
56	97	0.947764
56	102	0.926701
56	104	0.926451
56	107	0.912778
56	130	1.43684
56	139	1.61845
56	145	1.43561
56	160	1.2066
56	170	0.818214
56	171	0.814008
56	176	2.92219
57	30	0.79575
57	64	0.775531
57	91	0.900961
57	104	1.02699
57	134	0.836706
57	151	0.945004
57	158	0.890764
57	162	0.89833
57	167	0.849978
57	173	0.873755
57	175	0.833909
57	176	0.833599
57	177	0.8721
57	178	0.835981
57	179	0.891696
57	180	0.869731
58	17	0.83276
58	33	0.883259
58	47	0.956737
58	60	0.872499
58	67	0.871355
58	68	0.886164
58	95	0.96001
58	118	1.0502
58	120	2.20537
58	130	0.823664
58	142	0.923387
58	144	1.43606
58	148	0.806842
58	159	0.79378
58	170	2.17646
58	172	2.02898
59	1	0.919634
59	19	0.946687
59	27	0.908664
59	31	0.978537
59	54	0.757891
59	72	0.874264
59	79	0.928654
59	91	0.869328
59	113	1.14168
59	157	1.18862
59	160	0.88084
59	168	0.751365
59	170	2.2481
59	171	0.771428
59	177	2.3378
59	179	2.04958
60	17	0.831405
60	33	0.881904
60	47	0.955382
60	58	0.872499
60	67	0.87
60	68	0.884809
60	95	0.958655
60	124	1.30621
60	130	0.82231
60	138	1.1472
60	142	0.922033
60	148	0.805488
60	153	1.79274
60	159	0.792425
60	163	2.02345
60	167	2.71458
61	9	0.755276
61	40	0.805254
61	74	0.786837
61	95	0.907546
61	98	0.863464
61	111	0.830045
61	116	0.822719
61	118	1.57386
61	129	0.82128
61	135	0.817062
61	140	2.47787
61	155	1.90829
61	159	0.741316
61	168	0.690202
61	174	0.756433
61	179	2.50161
62	36	0.857062
62	49	0.934415
62	51	0.932752
62	76	0.846997
62	100	0.834994
62	106	0.813677
62	110	0.852813
62	127	0.888218
62	135	0.877434
62	138	1.20443
62	142	0.931295
62	166	1.15386
62	167	2.77181
62	169	2.07002
62	173	1.80218
62	174	0.816805
63	2	1.52102
63	40	1.01862
63	80	0.871977
63	90	0.652593
63	117	0.786818
63	140	0.915357
63	158	0.884136
63	165	0.945514
63	172	0.890099
63	173	0.867127
63	175	0.827281
63	176	0.826971
63	177	0.865472
63	178	0.829354
63	179	0.885069
63	180	0.863103
64	7	0.809566
64	8	0.903636
64	52	0.892473
64	57	0.775531
64	68	0.889012
64	88	0.859787
64	89	0.859658
64	90	0.933674
64	92	0.859807
64	101	0.88343
64	132	0.846854
64	155	1.19611
64	156	1.51827
64	166	0.854295
64	170	1.98795
64	176	2.96087
65	9	0.833174
65	25	0.922109
65	40	0.883152
65	71	0.895599
65	116	0.900617
65	129	0.899178
65	132	0.869439
65	135	0.89496
65	151	1.89431
65	152	2.06246
65	155	1.69855
65	157	1.4309
65	163	0.787907
65	165	1.87941
65	166	0.876881
65	174	0.83433
66	24	0.824258
66	41	1.36222
66	50	0.84718
66	103	0.806162
66	117	0.793117
66	121	0.779336
66	122	0.773047
66	123	0.815383
66	128	0.801171
66	134	0.840122
66	137	1.89332
66	141	0.798288
66	143	0.81309
66	164	2.1774
66	170	0.697886
66	179	2.49301
67	17	0.830261
67	33	0.88076
67	47	0.954239
67	58	0.871355
67	60	0.87
67	68	0.883665
67	95	0.957511
67	105	1.19269
67	124	1.51838
67	130	0.821166
67	142	0.920889
67	148	0.804344
67	159	0.791281
67	174	1.54086
67	178	2.92511
67	179	1.80791
68	37	0.788134
68	53	0.919375
68	58	0.886164
68	60	0.884809
68	64	0.889012
68	67	0.883665
68	84	1.05887
68	90	0.943136
68	98	0.96816
68	101	0.892893
68	109	1.16727
68	133	0.841705
68	147	0.801272
68	159	0.80609
68	172	0.793434
68	178	0.732689
68	180	0.766438
69	4	0.818794
69	10	0.922114
69	16	0.808593
69	23	0.905943
69	29	0.843688
69	39	0.860142
69	44	0.857746
69	75	0.844682
69	84	0.823203
69	87	0.869585
69	118	1.4175
69	127	0.87922
69	150	1.68346
69	159	2.22964
69	163	0.761383
69	165	1.93279
69	174	2.0782
70	1	1.49487
70	48	0.899234
70	50	1.35606
70	109	1.72911
70	118	0.90609
70	121	1.22005
70	155	0.859218
70	158	0.770208
70	161	0.800627
70	167	0.729422
70	172	0.77617
70	173	0.753199
70	176	0.713043
70	177	0.751544
70	178	0.715425
70	179	0.77114
70	180	0.749175
71	15	1.07401
71	40	0.85403
71	65	0.895599
71	74	0.835613
71	98	0.91224
71	105	1.51298
71	109	0.875161
71	111	0.878821
71	116	0.871495
71	129	0.870056
71	154	1.60188
71	159	0.790092
71	160	0.868452
71	168	0.738978
71	170	2.32672
71	173	2.27742
71	174	0.805209
72	19	0.9297
72	26	0.895695
72	27	0.891676
72	54	0.740904
72	59	0.874264
72	79	0.911666
72	81	1.37147
72	91	0.85234
72	127	0.872021
72	135	0.861237
72	144	1.41371
72	149	1.40053
72	160	0.863852
72	168	0.734378
72	171	0.754441
72	173	2.10481
72	178	3.07279
73	13	1.2732
73	82	0.910646
73	93	0.886644
73	94	0.811671
73	96	0.90782
73	97	0.907636
73	102	0.886573
73	104	0.886323
73	107	0.87265
73	119	1.40985
73	148	0.817993
73	151	1.65405
73	153	0.778848
73	169	2.46866
73	170	0.778086
73	171	0.77388
73	179	2.05161
74	25	0.862122
74	40	0.823165
74	61	0.786837
74	71	0.835613
74	95	0.925457
74	109	0.844297
74	116	0.840631
74	125	2.94615
74	129	0.839191
74	135	0.834973
74	138	1.40424
74	142	0.888835
74	147	2.01558
74	152	1.62337
74	159	0.759227
74	160	0.837588
74	168	0.708114
74	179	1.85277
75	4	0.791802
75	10	0.895123
75	16	0.781601
75	23	0.878951
75	29	0.816696
75	39	0.83315
75	44	0.830755
75	69	0.844682
75	78	0.90443
75	84	0.796211
75	87	0.842594
75	127	0.852228
75	136	1.10506
75	163	0.734392
75	168	2.38335
75	177	1.82242
75	178	2.6514
75	180	1.83112
76	21	0.851422
76	22	0.863725
76	36	0.81439
76	42	0.932191
76	49	0.891743
76	55	0.786343
76	62	0.846997
76	85	1.14819
76	100	0.792322
76	106	0.771005
76	110	0.810141
76	115	1.44507
76	127	0.845546
76	132	0.809242
76	153	2.5594
76	155	1.76908
76	169	2.77945
76	174	0.774133
77	19	1.76741
77	39	1.39817
77	79	1.51479
77	94	0.749859
77	98	0.865267
77	107	0.810838
77	112	0.912059
77	116	0.824522
77	127	1.49313
77	140	0.755721
77	157	0.864154
77	168	0.692005
77	170	0.716274
77	171	0.712068
77	174	0.758236
77	177	0.705836
77	179	0.725432
77	180	0.703467
78	29	0.903436
78	41	0.633126
78	75	0.90443
78	81	1.1798
78	84	0.882951
78	86	1.0415
78	87	0.929333
78	111	0.941167
78	121	0.907043
78	129	0.932402
78	130	0.882322
78	141	0.925995
78	143	0.940797
78	158	2.13329
78	161	1.76151
78	163	0.821131
78	168	0.801324
78	175	2.9303
79	19	0.984089
79	26	0.950085
79	27	0.946066
79	54	0.795294
79	59	0.928654
79	72	0.911666
79	77	1.51479
79	91	0.90673
79	126	0.908714
79	127	0.926411
79	135	0.915627
79	149	1.24926
79	160	0.918242
79	161	1.80192
79	166	1.30523
79	168	0.788768
79	171	0.808831
79	175	2.97071
80	45	1.14699
80	46	1.33893
80	50	0.934958
80	63	0.871977
80	99	0.854053
80	108	0.881478
80	117	0.880895
80	122	0.860825
80	123	0.903161
80	131	0.908354
80	133	0.882604
80	134	0.9279
80	141	0.886066
80	143	0.900868
80	148	1.9276
80	153	0.786426
80	160	1.50458
80	170	0.785664
80	177	2.33694
81	51	1.27153
81	72	1.37147
81	78	1.1798
81	86	0.920398
81	89	1.24431
81	98	1.51746
81	155	0.904841
81	162	0.823397
81	164	0.853941
81	167	0.775045
81	169	0.802968
81	172	0.821793
81	173	0.798821
81	175	0.758976
81	176	0.758666
81	177	0.797167
81	178	0.761048
81	179	0.816763
81	180	0.794798
82	15	1.03628
82	20	0.919638
82	56	0.950774
82	73	0.910646
82	93	0.901135
82	94	0.826161
82	96	0.922311
82	97	0.922127
82	102	0.901064
82	104	0.900814
82	107	0.887141
82	146	1.56717
82	151	1.69291
82	153	0.793339
82	162	2.03459
82	166	1.59137
82	170	0.792577
82	171	0.788371
82	173	2.23969
83	24	0.893092
83	30	0.934162
83	46	0.709707
83	99	0.835109
83	108	0.862534
83	117	0.86195
83	122	0.841881
83	123	0.884217
83	124	1.12997
83	128	0.870005
83	131	0.889409
83	133	0.863659
83	134	0.908956
83	141	0.867122
83	143	0.881923
83	168	2.26864
83	169	1.83655
83	178	2.5367
83	180	1.71642
84	4	0.770323
84	10	0.873644
84	16	0.760122
84	23	0.857472
84	28	0.850627
84	29	0.795217
84	39	0.811671
84	44	0.809276
84	68	1.05887
84	69	0.823203
84	75	0.796211
84	78	0.882951
84	87	0.821115
84	127	0.830749
84	139	2.06
84	140	2.16855
84	163	0.712913
84	164	1.87668
84	177	2.48051
85	76	1.14819
85	92	0.940464
85	98	0.887369
85	127	0.568456
85	135	0.679894
85	143	0.840918
85	145	0.943114
85	157	1.01633
85	165	0.938055
85	167	0.835891
85	169	0.863815
85	172	0.88264
85	173	0.859668
85	175	0.819822
85	176	0.819512
85	177	0.858013
85	178	0.821895
85	179	0.87761
85	180	0.855644
86	4	1.75947
86	14	0.829839
86	42	1.25241
86	78	1.0415
86	81	0.920398
86	94	1.7587
86	135	1.17169
86	145	0.847472
86	154	0.866166
86	155	0.870046
86	161	0.811455
86	162	0.788602
86	164	0.819146
86	173	0.764026
86	175	0.724181
86	176	0.723871
86	177	0.762372
86	178	0.726253
86	179	0.781968
86	180	0.760003
87	4	0.816705
87	10	0.920026
87	16	0.806504
87	23	0.903854
87	28	0.897009
87	29	0.8416
87	39	0.858054
87	44	0.855658
87	69	0.869585
87	75	0.842594
87	78	0.929333
87	84	0.821115
87	127	0.877132
87	139	1.89945
87	145	1.7166
87	151	1.63419
87	153	2.22875
87	157	1.17079
87	163	0.759295
87	169	2.4488
88	5	0.784395
88	7	0.789803
88	8	0.883873
88	43	0.921674
88	52	0.87271
88	53	0.89015
88	64	0.859787
88	89	0.839895
88	90	0.913911
88	92	0.840044
88	101	0.863667
88	105	0.865715
88	132	0.827091
88	140	1.75222
88	148	1.65485
88	152	1.54657
88	159	1.66036
88	166	0.834532
88	168	2.62511
88	172	1.82701
89	5	0.784267
89	7	0.789675
89	8	0.883745
89	43	0.921546
89	52	0.872582
89	53	0.890022
89	64	0.859658
89	81	1.24431
89	88	0.839895
89	90	0.913783
89	92	0.839916
89	101	0.863539
89	105	0.865586
89	130	1.51452
89	132	0.826962
89	164	1.51281
89	166	0.834404
89	167	2.94727
89	174	1.56138
89	179	1.82843
90	5	0.858283
90	7	0.863691
90	38	0.659917
90	43	0.995562
90	52	0.946598
90	53	0.964038
90	63	0.652593
90	64	0.933674
90	68	0.943136
90	88	0.913911
90	89	0.913783
90	92	0.913932
90	101	0.937555
90	132	0.900978
90	160	1.28519
90	166	0.90842
90	172	1.88038
90	177	2.11756
90	179	1.82934
90	180	2.12626
91	1	0.89771
91	19	0.924763
91	26	0.890759
91	27	0.88674
91	31	0.956613
91	54	0.735968
91	57	0.900961
91	59	0.869328
91	72	0.85234
91	79	0.90673
91	126	1.01924
91	127	0.867085
91	135	0.856301
91	138	1.46633
91	148	1.79374
91	158	2.28423
91	160	0.858916
91	168	0.729442
91	171	0.749505
91	176	3.0863
92	5	0.784416
92	7	0.789824
92	8	0.883893
92	43	0.921695
92	52	0.872731
92	53	0.890171
92	64	0.859807
92	85	0.940464
92	88	0.840044
92	89	0.839916
92	90	0.913932
92	101	0.863688
92	105	0.865735
92	112	1.08795
92	119	1.51292
92	132	0.827111
92	157	1.29371
92	166	0.834553
92	171	2.38077
92	176	3.32612
93	37	0.965109
93	56	0.926772
93	73	0.886644
93	82	0.901135
93	94	0.80216
93	96	0.898309
93	97	0.898125
93	102	0.877062
93	104	0.876812
93	107	0.863139
93	148	0.808482
93	151	1.54661
93	153	0.769337
93	160	1.40002
93	162	1.88828
93	166	1.44507
93	170	0.768575
93	171	0.764369
93	174	1.67712
93	175	3.11055
94	20	0.820662
94	37	0.890135
94	56	0.851799
94	73	0.811671
94	77	0.749859
94	82	0.826161
94	86	1.7587
94	93	0.80216
94	96	0.823335
94	97	0.823152
94	102	0.802089
94	104	0.801838
94	107	0.788166
94	119	1.83936
94	148	0.733508
94	150	1.81933
94	153	0.694364
94	170	0.693602
94	171	0.689395
94	174	2.21407
94	180	2.77804
95	11	0.90589
95	34	0.931415
95	45	0.834619
95	58	0.96001
95	60	0.958655
95	61	0.907546
95	67	0.957511
95	74	0.925457
95	106	0.891925
95	110	0.931061
95	145	1.42121
95	148	0.892998
95	149	1.18128
95	153	1.93335
95	159	0.879936
95	166	0.937603
95	172	1.78739
95	173	1.88557
95	174	0.895053
95	177	2.02457
96	20	0.916812
96	37	0.986284
96	56	0.947948
96	73	0.90782
96	82	0.922311
96	93	0.898309
96	94	0.823335
96	97	0.919301
96	102	0.898238
96	104	0.897988
96	107	0.884315
96	138	1.42397
96	139	1.7402
96	140	1.84876
96	148	0.829658
96	153	0.790513
96	158	2.24187
96	163	2.30022
96	165	1.46005
96	166	1.3734
96	170	0.789751
96	171	0.785545
97	13	0.966223
97	20	0.916628
97	32	0.727638
97	37	0.986101
97	56	0.947764
97	73	0.907636
97	82	0.922127
97	93	0.898125
97	94	0.823152
97	96	0.919301
97	102	0.898054
97	104	0.897804
97	107	0.884131
97	125	2.83802
97	144	1.20275
97	146	1.22133
97	147	1.90744
97	148	0.829474
97	153	0.790329
97	168	2.59378
97	170	0.789567
97	171	0.785361
98	3	0.838634
98	9	0.849815
98	61	0.863464
98	68	0.96816
98	71	0.91224
98	77	0.865267
98	81	1.51746
98	85	0.887369
98	109	0.920924
98	111	0.924584
98	115	1.18425
98	116	0.917258
98	129	0.915818
98	132	0.88608
98	147	2.26439
98	154	1.57527
98	159	0.835854
98	160	0.914215
98	166	0.893522
98	168	0.784741
98	174	0.850971
98	180	2.3985
99	2	0.774059
99	80	0.854053
99	83	0.835109
99	103	0.836682
99	108	0.82422
99	117	0.823637
99	121	0.809856
99	122	0.803567
99	123	0.845903
99	126	1.18136
99	128	0.831691
99	131	0.851096
99	133	0.825346
99	134	0.870642
99	141	0.828808
99	143	0.84361
99	147	2.23978
99	151	1.67941
99	163	2.50469
99	169	2.49402
99	170	0.728406
99	174	1.80993
100	21	0.839419
100	22	0.851722
100	34	0.798492
100	36	0.802387
100	42	0.920188
100	49	0.87974
100	51	0.878077
100	55	0.77434
100	62	0.834994
100	76	0.792322
100	106	0.759002
100	110	0.798137
100	132	0.797238
100	135	0.822758
100	137	1.28519
100	142	0.87662
100	151	1.48732
100	155	1.29156
100	168	2.73402
100	171	2.11097
100	174	0.762129
100	178	3.00208
101	5	0.808039
101	7	0.813447
101	8	0.907517
101	43	0.945318
101	52	0.896354
101	53	0.913794
101	64	0.88343
101	68	0.892893
101	88	0.863667
101	89	0.863539
101	90	0.937555
101	92	0.863688
101	105	0.889358
101	132	0.850734
101	136	1.53768
101	137	1.36714
101	140	1.94309
101	156	1.69567
101	166	0.858176
101	171	2.19293
101	174	1.69979
101	179	1.96683
102	20	0.895565
102	37	0.965038
102	56	0.926701
102	73	0.886573
102	82	0.901064
102	93	0.877062
102	94	0.802089
102	96	0.898238
102	97	0.898054
102	104	0.876741
102	105	0.884198
102	107	0.863068
102	148	0.808411
102	150	1.39006
102	153	0.769266
102	160	1.5077
102	164	1.73623
102	165	1.63939
102	170	0.768504
102	171	0.764298
102	174	1.7848
102	177	2.34006
102	180	2.34877
103	30	0.935736
103	35	0.837255
103	66	0.806162
103	99	0.836682
103	108	0.864107
103	117	0.863524
103	121	0.849744
103	122	0.843454
103	123	0.88579
103	125	2.99502
103	128	0.871578
103	131	0.890983
103	133	0.865233
103	134	0.910529
103	141	0.868695
103	143	0.883497
103	149	1.34657
103	155	1.30832
103	159	1.78603
103	160	1.35749
103	170	0.768294
103	171	2.12773
103	179	1.90164
104	20	0.895315
104	37	0.964787
104	48	0.924766
104	56	0.926451
104	57	1.02699
104	73	0.886323
104	82	0.900814
104	93	0.876812
104	94	0.801838
104	96	0.897988
104	97	0.897804
104	102	0.876741
104	105	0.883948
104	107	0.862818
104	112	0.974161
104	148	0.808161
104	153	0.769016
104	164	1.72527
104	166	1.54178
104	170	0.768254
104	171	0.764048
104	176	3.21233
104	180	2.3378
105	5	0.810086
105	17	1.49047
105	28	1.53875
105	67	1.19269
105	71	1.51298
105	88	0.865715
105	89	0.865586
105	92	0.865735
105	101	0.889358
105	102	0.884198
105	104	0.883948
105	107	0.870275
105	125	0.777845
105	134	1.23538
105	142	1.19346
105	170	0.775711
105	171	0.771505
105	173	0.766928
105	175	0.727082
105	177	0.765273
105	178	0.729155
105	179	0.784869
105	180	0.762904
106	21	0.818102
106	22	0.830405
106	34	0.777175
106	38	1.25048
106	42	0.898871
106	49	0.858423
106	51	0.85676
106	55	0.753023
106	62	0.813677
106	76	0.771005
106	95	0.891925
106	100	0.759002
106	110	0.77682
106	126	1.52428
106	127	0.812226
106	132	0.775921
106	135	0.801441
106	142	0.855303
106	149	1.86483
106	157	1.55894
106	163	2.84762
106	174	0.740812
106	177	2.70812
107	20	0.881642
107	37	0.951115
107	56	0.912778
107	73	0.87265
107	77	0.810838
107	82	0.887141
107	93	0.863139
107	94	0.788166
107	96	0.884315
107	97	0.884131
107	102	0.863068
107	104	0.862818
107	105	0.870275
107	112	1.2869
107	118	1.42588
107	130	2.03971
107	139	2.22133
107	144	1.81174
107	148	0.794488
107	153	0.755343
107	165	1.94117
107	170	0.754581
107	171	0.750375
107	173	2.50284
108	2	0.801484
108	18	0.870627
108	41	1.21378
108	80	0.881478
108	83	0.862534
108	99	0.82422
108	103	0.864107
108	114	1.17487
108	118	1.41682
108	121	0.837281
108	122	0.830992
108	123	0.873328
108	128	0.859116
108	131	0.878521
108	133	0.852771
108	134	0.898067
108	141	0.856233
108	143	0.871035
108	152	2.11517
108	153	0.756593
108	154	1.81826
108	161	2.34217
108	170	0.755831
108	173	2.49379
109	3	0.801555
109	9	0.812736
109	11	0.824729
109	15	1.24651
109	25	0.901671
109	68	1.16727
109	70	1.72911
109	71	0.875161
109	74	0.844297
109	98	0.920924
109	111	0.887505
109	116	0.880179
109	119	1.65894
109	129	0.87874
109	135	0.874521
109	146	1.7774
109	157	1.43973
109	159	0.798776
109	160	0.877136
109	163	0.767469
109	166	0.856443
109	168	0.747662
109	174	0.813892
109	180	2.59762
110	21	0.857238
110	22	0.86954
110	32	0.987492
110	34	0.81631
110	36	0.820205
110	42	0.938007
110	49	0.897558
110	51	0.895895
110	55	0.792158
110	62	0.852813
110	76	0.810141
110	95	0.931061
110	100	0.798137
110	106	0.77682
110	127	0.851361
110	132	0.815057
110	136	1.57534
110	142	0.894439
110	145	1.68934
110	152	1.77508
110	170	2.20301
110	173	2.1537
110	174	0.779948
110	177	2.2927
111	3	0.805215
111	9	0.816396
111	11	0.828389
111	25	0.905331
111	40	0.866374
111	61	0.830045
111	71	0.878821
111	78	0.941167
111	98	0.924584
111	109	0.887505
111	116	0.883839
111	126	1.33961
111	129	0.8824
111	132	0.852662
111	135	0.878182
111	137	1.63554
111	139	2.10293
111	142	0.932043
111	146	1.71193
111	149	1.68016
111	153	2.43223
111	157	1.37427
111	160	0.880796
111	163	0.771129
111	174	0.817553
111	179	2.23523
112	3	1.54898
112	8	1.35486
112	44	1.27045
112	77	0.912059
112	92	1.08795
112	104	0.974161
112	107	1.2869
112	122	1.12886
112	125	0.857935
112	131	0.716077
112	147	0.877828
112	152	0.921858
112	156	0.925978
112	162	0.871594
112	164	0.902138
112	165	0.925405
112	169	0.851165
112	171	0.851595
112	172	0.86999
112	173	0.847018
112	175	0.807172
112	176	0.806862
112	177	0.845363
112	178	0.809245
112	179	0.86496
112	180	0.842994
113	18	1.01224
113	36	1.38101
113	49	0.719755
113	59	1.14168
113	120	0.875576
113	121	0.88374
113	131	0.874903
113	132	1.35512
113	134	0.942707
113	147	0.877942
113	150	0.951417
113	151	0.918382
113	154	0.949272
113	159	0.882761
113	162	0.871709
113	164	0.902252
113	167	0.823356
113	169	0.85128
113	172	0.870105
113	173	0.847133
113	175	0.807287
113	176	0.806977
113	177	0.845478
113	178	0.80936
113	179	0.865074
113	180	0.843109
114	6	1.70333
114	20	1.05335
114	21	1.44168
114	29	1.36988
114	50	0.75794
114	108	1.17487
114	116	1.06438
114	129	0.809042
114	137	0.94608
114	150	0.929339
114	151	0.896304
114	155	0.931075
114	156	0.904015
114	157	0.981718
114	161	0.872483
114	164	0.880174
114	165	0.903442
114	169	0.829202
114	172	0.848027
114	173	0.825055
114	175	0.785209
114	176	0.784899
114	177	0.8234
114	178	0.787282
114	179	0.842997
114	180	0.821031
115	17	1.18836
115	21	1.69406
115	37	1.00423
115	41	0.982448
115	43	0.883574
115	76	1.44507
115	98	1.18425
115	116	1.31676
115	128	1.07512
115	149	0.937142
115	152	0.896661
115	154	0.923961
115	156	0.900781
115	158	0.838831
115	164	0.876941
115	165	0.900208
115	167	0.798044
115	168	0.806335
115	169	0.825968
115	172	0.844793
115	173	0.821821
115	175	0.781975
115	176	0.781665
115	177	0.820166
115	178	0.784048
115	179	0.839763
115	180	0.817797
116	3	0.79789
116	9	0.80907
116	25	0.898005
116	40	0.859048
116	61	0.822719
116	65	0.900617
116	71	0.871495
116	74	0.840631
116	77	0.824522
116	98	0.917258
116	109	0.880179
116	111	0.883839
116	114	1.06438
116	115	1.31676
116	126	1.33847
116	129	0.875074
116	132	0.845336
116	135	0.870856
116	142	0.924717
116	144	1.6922
116	149	1.67902
116	150	1.5723
116	163	0.763803
116	165	1.82163
116	166	0.852777
116	168	0.743996
116	176	3.40553
117	6	0.812801
117	12	0.788046
117	18	0.870044
117	63	0.786818
117	66	0.793117
117	80	0.880895
117	83	0.86195
117	99	0.823637
117	103	0.863524
117	121	0.836698
117	122	0.830409
117	123	0.872745
117	124	1.67404
117	128	0.858533
117	130	0.811977
117	131	0.877937
117	133	0.852188
117	134	0.897484
117	137	1.36387
117	141	0.85565
117	143	0.870451
117	144	1.42168
117	153	0.75601
117	170	0.755248
117	171	2.18966
117	172	2.0146
117	178	3.08076
117	180	2.26048
118	26	1.1959
118	48	0.941377
118	58	1.0502
118	61	1.57386
118	69	1.4175
118	70	0.90609
118	107	1.42588
118	108	1.41682
118	136	0.89602
118	141	1.22066
118	142	0.880937
118	147	0.826151
118	150	0.899626
118	151	0.866591
118	155	0.901362
118	157	0.952005
118	162	0.819918
118	164	0.850461
118	165	0.873728
118	168	0.779856
118	172	0.818313
118	173	0.795342
118	175	0.755496
118	176	0.755186
118	177	0.793687
118	178	0.757569
118	179	0.813283
118	180	0.791318
119	7	1.77446
119	52	1.33395
119	73	1.40985
119	92	1.51292
119	94	1.83936
119	109	1.65894
119	120	0.796901
119	124	0.873047
119	136	0.869135
119	142	1.16693
119	145	0.851903
119	146	0.900458
119	147	0.799267
119	151	0.839706
119	156	0.847417
119	158	0.785467
119	161	0.815886
119	165	0.846844
119	167	0.744681
119	170	0.777241
119	172	0.791429
119	173	0.768457
119	175	0.728612
119	176	0.728301
119	177	0.766803
119	178	0.730684
119	179	0.786399
119	180	0.764433
120	30	2.03707
120	50	2.15507
120	51	2.08307
120	58	2.20537
120	113	0.875576
120	119	0.796901
120	125	0.68181
120	128	2.21987
120	138	0.807086
120	140	0.719124
120	144	0.790405
120	146	0.802895
120	149	0.786215
120	152	0.745734
120	154	0.773033
120	156	0.749853
120	157	0.827557
120	162	0.69547
120	164	0.726013
120	165	0.74928
120	172	0.693865
120	173	0.670894
120	175	0.631048
120	176	0.630738
120	177	0.669239
120	178	0.633121
120	179	0.688835
120	180	0.66687
121	6	0.799021
121	24	0.867839
121	30	0.90891
121	50	0.890761
121	66	0.779336
121	70	1.22005
121	78	0.907043
121	99	0.809856
121	103	0.849744
121	108	0.837281
121	113	0.88374
121	117	0.836698
121	122	0.816628
121	123	0.858964
121	128	0.844752
121	131	0.864157
121	133	0.838407
121	134	0.883703
121	141	0.841869
121	143	0.856671
121	145	1.47649
121	153	0.74223
121	160	1.24749
121	168	2.64078
121	170	0.741468
121	171	2.01773
121	172	1.84268
121	175	2.95802
122	6	0.792731
122	24	0.86155
122	30	0.902621
122	35	0.80414
122	66	0.773047
122	80	0.860825
122	83	0.841881
122	99	0.803567
122	103	0.843454
122	108	0.830992
122	112	1.12886
122	117	0.830409
122	121	0.816628
122	123	0.852675
122	128	0.838463
122	131	0.857868
122	133	0.832118
122	134	0.877414
122	141	0.83558
122	143	0.850382
122	145	1.88044
122	153	0.73594
122	157	1.33462
122	158	2.56495
122	161	2.19317
122	165	1.78312
122	170	0.735178
122	173	2.3448
122	174	1.92853
123	2	0.823167
123	12	0.810313
123	13	0.939011
123	35	0.846476
123	50	0.926808
123	66	0.815383
123	80	0.903161
123	83	0.884217
123	99	0.845903
123	103	0.88579
123	108	0.873328
123	117	0.872745
123	121	0.858964
123	122	0.852675
123	128	0.880799
123	130	0.834243
123	131	0.900204
123	133	0.874454
123	134	0.91975
123	140	1.69368
123	141	0.877916
123	143	0.892718
123	145	1.40228
123	149	1.16236
123	162	1.66154
123	167	2.83626
123	172	1.76846
123	174	1.45038
123	178	2.83462
124	4	2.19236
124	42	1.6853
124	60	1.30621
124	67	1.51838
124	83	1.12997
124	117	1.67404
124	119	0.873047
124	134	1.56108
124	138	0.883232
124	147	0.777849
124	149	0.862361
124	153	0.756585
124	154	0.849179
124	155	0.85306
124	156	0.826
124	157	0.903703
124	158	0.764049
124	162	0.771616
124	163	0.751361
124	164	0.802159
124	165	0.825427
124	172	0.770011
124	173	0.74704
124	175	0.707194
124	176	0.706884
124	177	0.745385
124	178	0.709267
124	179	0.764981
124	180	0.743016
125	14	0.719179
125	53	2.42081
125	74	2.94615
125	97	2.83802
125	103	2.99502
125	105	0.777845
125	112	0.857935
125	120	0.68181
125	126	0.831665
125	137	0.774392
125	145	0.736813
125	148	0.702057
125	151	0.724616
125	154	0.755506
125	156	0.732327
125	161	0.700795
125	162	0.677943
125	164	0.708486
125	167	0.62959
125	168	0.637881
125	172	0.676339
125	173	0.653367
125	175	0.613521
125	176	0.613211
125	177	0.651712
125	178	0.615594
125	179	0.671309
125	180	0.649343
126	9	1.50337
126	35	1.58529
126	79	0.908714
126	91	1.01924
126	99	1.18136
126	106	1.52428
126	111	1.33961
126	116	1.33847
126	125	0.831665
126	129	1.08313
126	136	0.921427
126	138	0.956941
126	144	0.94026
126	149	0.93607
126	150	0.925033
126	151	0.891998
126	152	0.895589
126	158	0.837758
126	161	0.868177
126	162	0.845325
126	167	0.796972
126	169	0.824896
126	171	0.825326
126	172	0.84372
126	173	0.820749
126	175	0.780903
126	177	0.819094
126	178	0.782976
126	179	0.83869
126	180	0.816725
127	16	0.816139
127	26	0.91044
127	31	0.976294
127	34	0.851715
127	44	0.865293
127	45	0.880937
127	55	0.827563
127	62	0.888218
127	69	0.87922
127	72	0.872021
127	75	0.852228
127	76	0.845546
127	77	1.49313
127	79	0.926411
127	84	0.830749
127	85	0.568456
127	87	0.877132
127	91	0.867085
127	106	0.812226
127	110	0.851361
127	137	1.18298
127	160	0.878597
127	162	1.72678
127	163	0.76893
127	169	2.19972
127	170	1.98119
127	171	0.769186
127	174	0.815353
127	175	2.94905
127	177	2.07089
128	2	0.808955
128	6	0.820855
128	12	0.796101
128	14	2.00233
128	18	0.878098
128	24	0.889674
128	35	0.832264
128	50	0.912596
128	66	0.801171
128	83	0.870005
128	99	0.831691
128	103	0.871578
128	108	0.859116
128	115	1.07512
128	117	0.858533
128	120	2.21987
128	121	0.844752
128	122	0.838463
128	123	0.880799
128	131	0.885992
128	133	0.860242
128	134	0.905538
128	141	0.863704
128	143	0.878506
128	148	1.87132
128	151	1.59489
128	155	1.39912
128	156	1.72128
128	164	1.67683
128	166	1.49334
129	3	0.79645
129	9	0.807631
129	11	0.819624
129	25	0.896565
129	40	0.857608
129	61	0.82128
129	65	0.899178
129	71	0.870056
129	74	0.839191
129	78	0.932402
129	98	0.915818
129	109	0.87874
129	111	0.8824
129	114	0.809042
129	116	0.875074
129	126	1.08313
129	135	0.869416
129	136	1.5496
129	137	1.37906
129	142	0.923278
129	147	2.14156
129	148	1.85763
129	159	0.79367
129	160	0.872031
129	163	0.762364
129	166	0.851338
129	169	2.3958
129	170	2.17727
129	171	2.20484
129	174	0.808787
130	10	1.53813
130	33	0.83307
130	34	2.01801
130	47	0.906548
130	53	1.01351
130	54	2.43928
130	56	1.43684
130	58	0.823664
130	60	0.82231
130	67	0.821166
130	78	0.882322
130	89	1.51452
130	107	2.03971
130	117	0.811977
130	123	0.834243
130	131	0.839436
130	133	0.813686
130	134	0.858982
130	143	0.83195
130	146	0.839964
130	148	0.756653
130	153	0.717508
130	159	0.743591
130	173	0.707963
130	175	0.668117
130	176	0.667807
130	177	0.706308
130	178	0.67019
130	179	0.725904
130	180	0.703939
131	6	0.84026
131	12	0.815505
131	30	0.950149
131	35	0.851668
131	50	0.932001
131	80	0.908354
131	83	0.889409
131	99	0.851096
131	103	0.890983
131	108	0.878521
131	112	0.716077
131	113	0.874903
131	117	0.877937
131	121	0.864157
131	122	0.857868
131	123	0.900204
131	128	0.885992
131	130	0.839436
131	133	0.879646
131	134	0.924943
131	136	1.35365
131	141	0.883109
131	143	0.89791
131	146	1.2595
131	153	0.783469
131	156	1.51164
131	159	1.6672
131	170	0.782707
131	174	1.51575
131	175	2.94918
131	176	2.95424
131	180	2.07972
132	21	0.856339
132	32	1.24602
132	40	0.82787
132	48	1.1469
132	49	0.896659
132	51	0.894996
132	53	0.877217
132	64	0.846854
132	65	0.869439
132	76	0.809242
132	88	0.827091
132	89	0.826962
132	90	0.900978
132	92	0.827111
132	98	0.88608
132	100	0.797238
132	101	0.850734
132	106	0.775921
132	110	0.815057
132	111	0.852662
132	113	1.35512
132	116	0.845336
132	144	1.72113
132	146	1.73972
132	151	1.86546
132	156	1.99185
132	159	0.763932
132	163	0.732626
132	166	0.821599
132	174	0.779049
132	179	2.26302
132	180	2.55994
133	2	0.80261
133	12	0.789755
133	18	0.871753
133	24	0.883329
133	30	0.924399
133	35	0.825919
133	45	1.07339
133	50	0.906251
133	68	0.841705
133	80	0.882604
133	83	0.863659
133	99	0.825346
133	103	0.865233
133	108	0.852771
133	117	0.852188
133	121	0.838407
133	122	0.832118
133	123	0.874454
133	128	0.860242
133	130	0.813686
133	131	0.879646
133	134	0.899193
133	141	0.857359
133	143	0.87216
133	150	1.31334
133	153	0.757719
133	155	1.38181
133	161	1.97272
133	170	0.756957
133	171	2.20122
133	173	2.12434
133	174	1.70808
133	178	3.09233
133	179	1.97513
134	2	0.847906
134	12	0.835052
134	18	0.917049
134	30	0.969696
134	35	0.871215
134	57	0.836706
134	66	0.840122
134	80	0.9279
134	83	0.908956
134	99	0.870642
134	103	0.910529
134	105	1.23538
134	108	0.898067
134	113	0.942707
134	117	0.897484
134	121	0.883703
134	122	0.877414
134	123	0.91975
134	124	1.56108
134	128	0.905538
134	130	0.858982
134	131	0.924943
134	133	0.899193
134	138	1.40207
134	141	0.902655
134	143	0.917457
134	147	2.01341
134	153	0.803015
134	156	1.57944
134	165	1.43815
134	166	1.3515
134	170	0.802253
134	172	1.90164
134	178	2.9678
135	22	0.894161
135	26	0.899656
135	31	0.96551
135	42	0.962628
135	49	0.922179
135	54	0.744864
135	61	0.817062
135	62	0.877434
135	65	0.89496
135	72	0.861237
135	74	0.834973
135	79	0.915627
135	85	0.679894
135	86	1.17169
135	91	0.856301
135	100	0.822758
135	106	0.801441
135	109	0.874521
135	111	0.878182
135	116	0.870856
135	129	0.869416
135	136	1.46496
135	142	0.91906
135	146	1.37081
135	157	1.03314
135	165	1.48165
135	167	3.01295
135	168	0.738338
135	171	0.758401
135	174	0.804569
135	176	3.06555
135	177	2.18233
135	179	1.89411
136	13	0.890008
136	19	1.6278
136	34	1.90277
136	46	0.908194
136	75	1.10506
136	101	1.53768
136	110	1.57534
136	118	0.89602
136	119	0.869135
136	126	0.921427
136	129	1.5496
136	131	1.35365
136	135	1.46496
136	137	0.864154
136	142	1.37954
136	144	0.86264
136	145	0.826574
136	146	0.87513
136	149	0.858449
136	152	0.817968
136	157	0.899792
136	158	0.760138
136	162	0.767704
136	164	0.798248
136	165	0.821515
136	169	0.747275
136	171	0.747706
136	172	0.7661
136	173	0.743128
136	175	0.703283
136	176	0.702973
136	177	0.741474
136	178	0.705355
136	179	0.76107
136	180	0.739105
137	21	2.01169
137	35	1.88121
137	38	0.949239
137	66	1.89332
137	100	1.28519
137	101	1.36714
137	111	1.63554
137	114	0.94608
137	117	1.36387
137	125	0.774392
