1	2	0.84681
1	22	0.910082
1	73	0.887239
1	75	0.925685
1	83	0.908453
1	94	0.91026
1	108	0.896757
1	146	1.21573
1	152	0.914715
1	160	1.21507
1	168	1.18798
1	179	1.18856
2	1	0.84681
2	19	1.58165
2	33	0.777636
2	54	0.844153
2	83	0.793643
2	89	0.779491
2	94	0.795451
2	108	0.781947
2	148	0.780963
2	152	0.799905
2	170	1.72931
2	180	1.49517
3	24	1.05186
3	126	1.21031
3	132	1.35368
3	159	1.17721
3	162	0.910087
3	167	0.897752
3	168	0.901825
3	169	0.908277
3	173	0.902314
3	177	0.888961
3	178	0.897439
3	179	0.893345
4	45	1.05058
4	62	0.895269
4	81	0.915527
4	86	0.890651
4	100	0.892094
4	143	0.904874
4	147	0.897494
4	154	0.900526
4	174	1.34074
4	175	0.903565
4	179	1.33795
4	180	1.07463
5	14	1.0452
5	21	1.21279
5	89	1.37022
5	140	0.919019
5	149	0.888512
5	151	0.902704
5	153	1.16469
5	172	0.903518
5	176	0.894299
5	177	0.893029
5	178	0.901507
5	179	0.897412
6	35	1.03055
6	80	1.04586
6	124	1.01668
6	134	1.02402
6	136	1.01297
6	137	1.0297
6	142	1.04591
6	145	1.02486
6	148	1.05646
6	168	1.00589
6	169	0.970067
6	180	0.743157
7	88	1.17275
7	90	0.885518
7	97	0.913266
7	98	0.907636
7	109	1.13351
7	116	0.912683
7	124	0.891063
7	134	0.898401
7	136	0.887355
7	137	0.904078
7	144	1.17188
7	178	1.32643
8	63	1.21042
8	95	0.891952
8	111	0.866037
8	114	0.920077
8	126	0.894688
8	138	0.896771
8	153	0.908622
8	155	1.16282
8	158	1.2233
8	164	0.915473
8	165	0.906379
8	177	1.21141
9	24	0.826703
9	60	0.748479
9	72	1.43712
9	85	0.809903
9	107	0.801725
9	115	0.786816
9	118	0.807671
9	127	0.808155
9	128	0.797714
9	133	0.812833
9	162	1.76729
9	180	1.5977
10	24	1.55403
10	142	1.60053
10	151	0.803753
10	153	1.6393
10	158	0.788463
10	171	0.807311
10	173	0.807431
10	174	0.802597
10	176	0.795348
10	177	0.794078
10	178	0.802556
10	179	0.798462
11	104	1.084
11	130	0.899017
11	138	0.88533
11	144	0.89217
11	153	0.897181
11	157	0.89036
11	159	0.888557
11	165	0.894938
11	171	1.22024
11	174	1.22781
11	177	1.27575
11	180	0.952447
12	40	1.31017
12	102	1.2109
12	143	1.13743
12	161	1.13463
12	162	0.909013
12	163	0.905207
12	171	0.90112
12	172	0.898377
12	173	0.90124
12	174	0.896406
12	178	0.896365
12	179	0.892271
13	43	1.31776
13	82	0.919204
13	107	0.894341
13	115	0.879432
13	118	0.900287
13	127	0.900771
13	128	0.89033
13	133	0.905449
13	154	1.17746
13	171	1.17199
13	172	1.14095
13	175	0.910186
14	5	1.0452
14	62	0.901828
14	78	1.30796
14	79	0.911696
14	119	0.884773
14	120	0.876198
14	129	0.906524
14	143	0.911432
14	147	0.904053
14	149	1.2602
14	150	0.903496
14	171	1.18966
15	26	0.851495
15	34	0.851495
15	48	0.798018
15	57	0.889309
15	65	0.83582
15	67	0.955976
15	112	1.36382
15	131	1.22205
15	152	0.859652
15	160	0.837821
15	162	1.2711
15	178	1.35095
15	180	0.920415
16	90	0.8457
16	96	0.8758
16	99	1.2716
16	113	0.891645
16	116	0.872866
16	124	0.851245
16	134	0.858583
16	137	0.864261
16	142	0.880476
16	145	0.859425
16	172	1.29824
16	173	1.3157
16	176	1.32189
17	21	0.868268
17	81	0.884616
17	106	0.847941
17	119	0.847304
17	129	0.869055
17	132	1.33547
17	143	0.873963
17	147	0.866583
17	154	0.869615
17	156	1.24931
17	163	1.29555
17	171	1.32352
17	175	0.872654
18	20	1.32769
18	47	1.24761
18	70	0.907658
18	91	1.40913
18	97	0.86871
18	100	1.22021
18	101	0.868913
18	116	0.868127
18	134	0.853845
18	136	0.842799
18	137	0.859523
18	142	0.875737
18	145	0.854687
19	2	1.58165
19	87	1.20107
19	94	1.22073
19	130	1.19011
19	163	0.874763
19	169	0.876759
19	171	0.870676
19	172	0.867933
19	174	0.865963
19	176	0.858714
19	177	0.857443
19	178	0.865922
19	179	0.861827
20	18	1.32769
20	71	1.23248
20	127	1.33757
20	133	1.29663
20	143	0.875089
20	144	0.869121
20	147	0.86771
20	161	0.871299
20	164	0.880983
20	165	0.871888
20	171	0.859171
20	178	0.854417
20	179	0.850322
21	5	1.21279
21	17	0.868268
21	41	0.941842
21	50	0.811864
21	76	0.877081
21	119	0.848366
21	120	0.839791
21	129	0.870117
21	143	0.875025
21	147	0.867646
21	156	1.28304
21	166	1.36564
21	173	1.34366
22	1	0.910082
22	30	1.25022
22	39	0.841594
22	54	0.907425
22	69	0.832828
22	75	0.874146
22	83	0.856915
22	89	0.842762
22	94	0.858722
22	149	1.36764
22	164	0.875525
22	178	1.28799
22	179	1.30187
23	48	1.44665
23	137	1.26443
23	138	1.22373
23	147	1.25715
23	162	0.87885
23	168	0.870588
23	172	0.868213
23	173	0.871077
23	174	0.866243
23	176	0.858994
23	177	0.857724
23	178	0.866202
23	179	0.862108
24	3	1.05186
24	9	0.826703
24	10	1.55403
24	43	1.36964
24	49	0.838358
24	64	0.871353
24	84	0.879975
24	85	0.87957
24	115	0.856483
24	127	0.877822
24	133	0.8825
24	175	0.887236
24	179	1.22865
25	29	0.876281
25	82	0.881732
25	84	0.865453
25	98	1.1866
25	107	0.856869
25	118	0.862815
25	127	0.8633
25	128	0.852859
25	133	0.867978
25	171	1.33503
25	174	1.3426
25	175	0.872714
25	179	1.33981
26	15	0.851495
26	34	0.851495
26	48	0.798018
26	57	0.889309
26	65	0.83582
26	67	0.955976
26	135	1.25278
26	152	0.859652
26	154	1.35722
26	159	1.18723
26	160	0.837821
26	177	1.40726
26	180	0.920415
27	90	1.38198
27	102	1.32344
27	142	1.19824
27	147	1.28755
27	168	0.871465
27	171	0.871834
27	172	0.86909
27	173	0.871954
27	174	0.86712
27	176	0.859871
27	177	0.858601
27	178	0.867079
27	179	0.862985
28	64	1.33305
28	93	1.24992
28	136	1.33356
28	158	0.853605
28	163	0.876539
28	169	0.878535
28	173	0.872573
28	174	0.867739
28	175	1.27649
28	176	0.86049
28	177	0.859219
28	178	0.867698
28	179	0.863603
29	25	0.876281
29	60	0.812579
29	103	1.29673
29	107	0.865824
29	118	0.87177
29	125	1.24393
29	127	0.872255
29	128	0.861813
29	133	0.876933
29	141	0.880876
29	170	1.31896
29	175	0.881669
29	179	1.34813
30	22	1.25022
30	42	1.41824
30	127	0.868223
30	128	0.857782
30	133	0.872901
30	142	1.22351
30	143	0.878947
30	147	0.871567
30	150	0.87101
30	159	1.30236
30	163	0.867116
30	178	0.858274
30	179	0.85418
31	50	0.818696
31	79	0.88212
31	87	0.861077
31	100	0.869077
31	119	0.855198
31	129	0.876949
31	143	0.881857
31	147	0.874478
31	168	1.31222
31	170	1.28363
31	175	0.880549
31	178	1.29892
31	179	1.3128
32	69	1.39367
32	114	0.885979
32	123	0.829802
32	125	0.865837
32	135	1.19731
32	138	0.862672
32	144	0.869513
32	153	0.874523
32	157	0.867703
32	161	0.871692
32	165	0.87228
32	172	1.26523
32	177	1.35178
33	2	0.777636
33	54	0.889788
33	61	0.858507
33	75	0.85651
33	83	0.839278
33	89	0.825126
33	94	0.841085
33	108	0.827582
33	121	1.307
33	141	1.44127
33	148	0.826598
33	164	0.857889
33	166	1.44948
33	169	1.40947
34	15	0.851495
34	26	0.851495
34	46	1.20023
34	48	0.798018
34	57	0.889309
34	65	0.83582
34	67	0.955976
34	152	0.859652
34	154	1.34606
34	160	0.837821
34	167	1.33058
34	178	1.33149
34	180	0.920415
35	6	1.03055
35	95	0.831902
35	114	0.860027
35	130	0.850408
35	132	0.814428
35	150	1.49229
35	157	0.841752
35	159	0.839948
35	160	0.821243
35	161	0.84574
35	165	0.846329
35	175	0.848222
35	176	1.5352
35	179	1.54738
36	53	1.06439
36	71	1.08681
36	86	1.22234
36	110	1.11097
36	129	1.10957
36	158	0.920054
36	167	0.93446
36	169	0.944984
36	172	0.936157
36	173	0.939021
36	174	0.934187
36	176	0.926939
36	178	0.934146
36	179	0.930052
37	72	1.21262
37	96	1.43529
37	136	1.52543
37	165	1.41972
37	167	0.838917
37	168	0.84299
37	169	0.849441
37	170	0.839933
37	171	0.843358
37	173	0.843479
37	174	0.838645
37	177	0.830125
37	178	0.838604
37	179	0.834509
38	116	1.40502
38	124	1.45334
38	149	0.826244
38	152	1.38187
38	157	1.352
38	162	0.851887
38	163	0.848081
38	171	0.843994
38	172	0.841251
38	173	0.844115
38	174	0.839281
38	177	0.830761
38	178	0.83924
38	179	0.835145
39	22	0.841594
39	61	0.859194
39	69	0.815879
39	75	0.857197
39	82	1.32591
39	83	0.839965
39	89	0.825813
39	108	0.828269
39	131	1.41811
39	148	0.827285
39	152	0.846227
39	155	1.56303
39	164	0.858576
39	180	1.29757
40	12	1.31017
40	65	1.40143
40	101	0.844023
40	120	0.816097
40	136	0.817909
40	142	0.850847
40	143	0.851331
40	145	0.829797
40	147	0.843951
40	153	0.850373
40	161	0.847541
40	162	1.4059
40	165	0.84813
40	167	1.48484
41	21	0.941842
41	50	0.884376
41	68	1.16433
41	76	0.949593
41	87	0.926757
41	110	0.994218
41	119	0.920878
41	129	0.942629
41	131	1.04382
41	143	0.947537
41	147	0.940158
41	160	1.21312
41	166	1.19022
41	175	0.946229
42	30	1.41824
42	45	0.884542
42	109	1.26309
42	114	0.857593
42	123	0.801416
42	132	0.811994
42	138	0.834286
42	153	0.846138
42	157	0.839317
42	159	0.837513
42	161	0.843306
42	165	0.843895
42	173	1.45153
42	174	1.47269
43	13	1.31776
43	24	1.36964
43	61	1.46108
43	65	0.821978
43	137	0.835567
43	142	0.851782
43	145	0.830731
43	160	0.823978
43	165	1.44749
43	169	0.842431
43	171	0.836348
43	177	0.823115
43	179	0.827499
43	180	0.906573
44	82	0.859628
44	85	0.842944
44	107	0.834765
44	115	0.819857
44	117	1.42723
44	118	0.840711
44	126	1.31615
44	127	0.841196
44	128	0.830755
44	133	0.845874
44	166	0.83366
44	169	1.41594
44	175	0.85061
44	176	1.44017
45	4	1.05058
45	42	0.884542
45	52	1.41658
45	104	1.09492
45	105	0.891898
45	111	0.874624
45	132	0.883065
45	138	0.905357
45	144	0.912198
45	157	0.910388
45	159	0.908584
45	161	0.914377
45	165	0.914966
45	176	1.22376
45	178	1.22205
46	34	1.20023
46	57	1.12473
46	62	1.15831
46	94	0.908076
46	108	0.894573
46	111	1.28855
46	122	0.912549
46	136	0.885564
46	142	0.918503
46	145	0.897452
46	147	1.21933
46	170	0.899643
46	176	0.891106
46	178	0.898314
46	179	0.894219
47	18	1.24761
47	114	1.13015
47	122	1.16848
47	126	1.23275
47	130	1.2126
47	167	0.900524
47	168	0.904597
47	170	0.90154
47	171	0.904966
47	172	0.902222
47	173	0.905086
47	176	0.893003
47	177	0.891733
47	178	0.900211
47	179	0.896117
48	15	0.798018
48	23	1.44665
48	26	0.798018
48	34	0.798018
48	57	0.835832
48	58	1.43703
48	65	0.782343
48	67	0.902499
48	68	0.821624
48	122	0.806194
48	148	1.60396
48	152	0.806175
48	160	0.784343
48	172	1.51815
48	180	0.866938
49	24	0.838358
49	64	0.813341
49	84	0.821962
49	107	0.813379
49	115	0.798471
49	118	0.819325
49	127	0.81981
49	128	0.809368
49	133	0.824487
49	164	1.39259
49	166	0.812274
49	175	0.829224
49	176	1.61662
49	179	1.62879
49	180	1.36547
50	21	0.811864
50	31	0.818696
50	41	0.884376
50	81	0.828212
50	86	0.803336
50	100	0.804779
50	106	0.791537
50	125	1.48499
50	143	0.817559
50	147	0.810179
50	151	1.52201
50	154	0.813211
50	159	1.41991
50	175	0.81625
50	176	1.57702
51	62	0.901515
51	79	0.911383
51	86	0.896897
51	100	0.89834
51	106	0.885098
51	120	0.875886
51	129	0.906211
51	139	1.1623
51	143	0.91112
51	144	1.05173
51	147	0.90374
51	149	1.28594
51	158	1.28279
51	174	1.22296
51	175	0.909811
52	45	1.41658
52	76	1.45819
52	111	1.61433
52	156	0.837421
52	161	1.50473
52	163	0.824189
52	167	0.815661
52	168	0.819734
52	170	0.816676
52	171	0.820102
52	172	0.817359
52	174	0.815389
52	177	0.806869
52	178	0.815348
52	179	0.811253
53	36	1.06439
53	60	0.84658
53	68	1.26205
53	82	0.924689
53	84	0.908409
53	85	0.908005
53	115	0.884918
53	127	0.906257
53	128	0.895815
53	132	1.29151
53	133	0.910934
53	145	1.17722
53	156	1.20534
53	166	0.898721
53	175	0.915671
54	2	0.844153
54	22	0.907425
54	33	0.889788
54	75	0.923028
54	83	0.905796
54	89	0.891643
54	94	0.907603
54	108	0.8941
54	140	1.22698
54	152	0.912058
54	153	1.03507
54	155	1.24658
54	160	1.27096
54	164	0.924407
54	173	1.22608
55	89	1.42659
55	126	1.29424
55	144	1.26201
55	146	0.874932
55	149	0.860586
55	164	1.19424
55	165	1.21364
55	168	0.877967
55	169	0.884419
55	171	0.878336
55	172	0.875592
55	174	0.873622
55	176	0.866374
55	177	0.865103
55	178	0.873581
55	179	0.869487
56	113	1.21804
56	126	1.35093
56	130	1.33078
56	142	1.23898
56	151	0.873538
56	164	1.25093
56	167	0.872654
56	169	0.883178
56	171	0.877096
56	172	0.874352
56	173	0.877216
56	174	0.872382
56	176	0.865133
56	177	0.863863
56	178	0.872341
56	179	0.868246
57	15	0.889309
57	26	0.889309
57	34	0.889309
57	46	1.12473
57	48	0.835832
57	65	0.873634
57	67	0.99379
57	104	1.12885
57	122	0.897485
57	141	1.26527
57	152	0.897467
57	160	0.875635
57	163	1.23712
57	173	1.25151
57	180	0.95823
58	48	1.43703
58	71	1.18981
58	74	1.18752
58	100	0.881991
58	101	1.28029
58	106	0.868749
58	117	0.840422
58	120	0.859537
58	145	1.29925
58	147	0.887391
58	159	0.885189
58	165	0.89157
58	170	0.875428
58	177	0.865621
58	178	0.874099
58	179	0.870004
59	73	1.37727
59	117	0.825078
59	130	0.880305
59	132	0.844325
59	138	0.866617
59	150	1.24745
59	153	0.878469
59	157	0.871648
59	159	0.869844
59	161	0.875637
59	162	1.2088
59	165	0.876226
59	170	1.27336
59	175	0.878118
59	179	1.30253
59	180	0.933734
60	9	0.748479
60	29	0.812579
60	53	0.84658
60	82	0.81803
60	84	0.801751
60	107	0.793167
60	112	1.64648
60	115	0.778259
60	118	0.799113
60	125	1.54329
60	127	0.799598
60	128	0.789157
60	131	1.50471
60	133	0.804276
60	149	1.71326
60	175	0.809012
61	33	0.858507
61	39	0.859194
61	43	1.46108
61	75	0.891747
61	83	0.874515
61	89	0.860362
61	94	0.876322
61	108	0.862819
61	122	0.880795
61	148	0.861835
61	150	1.265
61	152	0.880777
61	164	0.893126
61	167	1.30529
61	168	1.3195
61	180	1.05677
62	4	0.895269
62	14	0.901828
62	46	1.15831
62	51	0.901515
62	76	0.873172
62	119	0.844457
62	120	0.835882
62	129	0.866208
62	143	0.871116
62	147	0.863736
62	164	0.877009
62	166	1.30705
62	168	1.30286
62	173	1.28508
62	175	0.869807
62	177	1.35417
63	8	1.21042
63	81	1.35095
63	124	1.4539
63	133	1.42064
63	151	0.851844
63	158	0.836554
63	163	0.859489
63	165	1.35624
63	168	0.855033
63	171	0.855402
63	172	0.852658
63	173	0.855522
63	174	0.850688
63	176	0.84344
63	177	0.842169
63	178	0.850647
63	179	0.846553
64	24	0.871353
64	28	1.33305
64	49	0.813341
64	82	0.871238
64	85	0.854554
64	97	1.24893
64	107	0.846375
64	115	0.831467
64	118	0.852321
64	127	0.852806
64	128	0.842364
64	133	0.857483
64	141	0.861427
64	146	1.43887
64	151	1.3445
64	160	1.43821
64	166	0.84527
65	15	0.83582
65	26	0.83582
65	34	0.83582
65	40	1.40143
65	43	0.821978
65	48	0.782343
65	57	0.873634
65	67	0.940301
65	68	0.859426
65	121	1.28622
65	122	0.843996
65	125	1.32089
65	152	0.843977
65	160	0.822146
65	167	1.4103
65	169	1.38868
65	180	0.90474
66	93	1.34582
66	124	1.42142
66	138	1.34831
66	143	1.34415
66	146	0.849021
66	153	1.33119
66	162	0.860318
66	167	0.847983
66	168	0.852056
66	169	0.858507
66	170	0.848999
66	171	0.852424
66	173	0.852545
66	174	0.847711
66	177	0.839192
66	178	0.84767
66	179	0.843575
67	15	0.955976
67	26	0.955976
67	34	0.955976
67	48	0.902499
67	57	0.99379
67	65	0.940301
67	122	0.964152
67	124	1.01472
67	141	1.12926
67	152	0.964133
67	154	1.13455
67	156	1.05487
67	160	0.942302
67	170	1.10468
67	175	0.965694
67	180	1.0249
68	41	1.16433
68	48	0.821624
68	53	1.26205
68	65	0.859426
68	81	1.27893
68	124	1.38188
68	129	1.30723
68	157	0.881935
68	159	0.880132
68	160	0.861427
68	165	0.886513
68	170	0.87037
68	177	0.860563
68	178	0.869042
68	179	0.864947
68	180	0.944021
69	22	0.832828
69	32	1.39367
69	39	0.815879
69	75	0.848431
69	105	1.46696
69	108	0.819503
69	118	1.48173
69	120	0.808683
69	129	0.839008
69	134	1.4512
69	135	0.865578
69	147	0.836537
69	154	0.839568
69	165	1.39912
69	170	0.824573
69	172	0.825255
69	173	0.828119
69	176	0.816037
70	18	0.907658
70	74	0.916471
70	78	0.846148
70	93	0.927989
70	101	0.904849
70	113	0.922843
70	116	0.904063
70	124	0.882443
70	134	0.889781
70	135	1.12787
70	137	0.895459
70	142	0.911673
70	145	0.890623
70	154	1.2323
70	162	1.13788
70	173	1.21325
70	177	1.28234
70	178	1.21773
71	20	1.23248
71	36	1.08681
71	58	1.18981
71	74	0.925128
71	78	0.854806
71	82	1.07177
71	90	0.885555
71	97	0.913304
71	98	0.907673
71	124	0.8911
71	134	0.898438
71	136	0.887392
71	137	0.904116
71	142	0.92033
71	145	0.89928
71	150	0.912877
71	160	1.33327
71	173	1.28839
72	9	1.43712
72	37	1.21262
72	92	1.27499
72	95	0.896247
72	110	0.927083
72	111	0.870333
72	123	0.868196
72	138	0.901066
72	141	1.0948
72	152	0.90742
72	153	0.912917
72	157	0.906097
72	159	0.904293
72	160	0.885588
72	161	0.910086
72	165	0.910674
72	174	1.1022
72	178	1.08552
73	1	0.887239
73	59	1.37727
73	74	1.3792
73	85	0.837814
73	89	0.819919
73	90	1.53364
73	94	0.835879
73	108	0.822375
73	115	0.814727
73	119	1.50458
73	128	0.825625
73	133	0.840744
73	161	1.39883
73	173	0.830992
73	176	0.818909
73	177	0.817639
73	178	0.826117
73	179	0.822022
74	58	1.18752
74	70	0.916471
74	71	0.925128
74	73	1.3792
74	78	0.819025
74	93	0.900866
74	95	1.11745
74	96	0.879874
74	113	0.89572
74	116	0.87694
74	124	0.85532
74	134	0.862658
74	136	0.851612
74	137	0.868336
74	142	0.88455
74	145	0.8635
74	154	1.30515
74	155	1.3066
74	166	1.30807
75	1	0.925685
75	22	0.874146
75	33	0.85651
75	39	0.857197
75	54	0.923028
75	61	0.891747
75	69	0.848431
75	89	0.858365
75	94	0.874325
75	108	0.860821
75	135	1.17608
75	148	0.859838
75	152	0.87878
75	154	1.28052
75	164	0.891128
75	166	1.28343
75	168	1.27924
75	173	1.26146
75	177	1.33056
76	21	0.877081
76	41	0.949593
76	52	1.45819
76	62	0.873172
76	79	0.883039
76	87	0.861996
76	100	0.869996
76	106	0.856754
76	119	0.856117
76	120	0.847542
76	129	0.877868
76	143	0.882776
76	146	1.30472
76	147	0.875397
76	164	0.88867
76	167	1.26276
76	169	1.24114
76	177	1.32828
76	180	1.01423
77	97	1.27608
77	130	1.28249
77	137	1.28729
77	144	1.27041
77	155	0.876168
77	156	0.895638
77	162	0.886212
77	163	0.882406
77	164	1.20264
77	167	0.873878
77	169	0.884402
77	170	0.874893
77	171	0.878319
77	174	0.873606
77	175	1.27067
77	176	0.866357
77	177	0.865086
77	178	0.873565
77	179	0.86947
78	14	1.30796
78	70	0.846148
78	71	0.854806
78	74	0.819025
78	80	0.814174
78	93	0.830544
78	96	0.809552
78	97	0.807201
78	101	0.807403
78	110	1.44444
78	116	0.806618
78	134	0.792336
78	137	0.798013
78	142	0.814228
78	145	0.793177
78	150	0.806775
78	151	1.56964
78	160	1.66334
78	173	1.61846
79	14	0.911696
79	31	0.88212
79	51	0.911383
79	76	0.883039
79	86	0.86676
79	87	0.860203
79	100	0.868203
79	106	0.854962
79	119	0.854324
79	135	1.266
79	141	1.36515
79	143	0.880984
79	147	0.873604
79	150	0.873047
79	153	1.16038
79	168	1.36916
79	170	1.34057
79	175	0.879675
79	180	1.10643
80	6	1.04586
80	78	0.814174
80	96	0.875023
80	98	0.867042
80	113	0.890868
80	116	0.872089
80	121	1.14033
80	124	0.850468
80	134	0.857807
80	136	0.846761
80	137	0.863484
80	141	0.878081
80	142	0.879699
80	145	0.858648
80	148	1.32919
80	149	1.34497
80	167	1.26441
80	176	1.26703
80	178	1.26532
81	4	0.915527
81	17	0.884616
81	50	0.828212
81	63	1.35095
81	68	1.27893
81	86	0.877151
81	87	0.870593
81	100	0.878594
81	106	0.865352
81	119	0.864715
81	120	0.85614
81	129	0.886465
81	143	0.891374
81	147	0.883994
81	164	0.897267
81	168	1.30062
81	177	1.35194
81	178	1.28733
81	180	1.03789
82	13	0.919204
82	25	0.881732
82	39	1.32591
82	44	0.859628
82	53	0.924689
82	60	0.81803
82	64	0.871238
82	71	1.07177
82	85	0.879455
82	92	1.4639
82	107	0.871276
82	118	0.877222
82	127	0.877706
82	128	0.867265
82	133	0.882384
82	135	1.18457
82	166	0.870171
82	173	1.26995
82	174	1.29111
83	1	0.908453
83	2	0.793643
83	22	0.856915
83	33	0.839278
83	39	0.839965
83	54	0.905796
83	61	0.874515
83	89	0.841134
83	94	0.857093
83	108	0.84359
83	122	0.861566
83	131	1.2333
83	148	0.842606
83	152	0.861548
83	154	1.37678
83	160	1.4026
83	162	1.28235
83	164	0.873897
83	169	1.33968
83	179	1.37609
84	24	0.879975
84	25	0.865453
84	49	0.821962
84	53	0.908409
84	60	0.801751
84	85	0.863175
84	103	1.31105
84	107	0.854996
84	115	0.840088
84	118	0.860942
84	125	1.25824
84	127	0.861427
84	128	0.850985
84	133	0.866105
84	140	1.34499
84	160	1.38896
84	166	0.853891
84	171	1.35767
84	175	0.870841
84	176	1.35027
85	9	0.809903
85	24	0.87957
85	44	0.842944
85	53	0.908005
85	64	0.854554
85	73	0.837814
85	82	0.879455
85	84	0.863175
85	107	0.854592
85	115	0.839683
85	118	0.860538
85	128	0.850581
85	133	0.8657
85	151	1.28895
85	160	1.38266
85	163	1.3234
85	166	0.853487
85	171	1.35137
85	172	1.32033
85	176	1.34397
86	4	0.890651
86	36	1.22234
86	50	0.803336
86	51	0.896897
86	79	0.86676
86	81	0.877151
86	87	0.845717
86	99	1.37981
86	105	1.29333
86	106	0.840475
86	109	1.23547
86	119	0.839838
86	120	0.831263
86	129	0.861589
86	143	0.866497
86	147	0.859118
86	150	0.85856
86	154	0.862149
86	160	1.46879
86	169	1.40587
87	19	1.20107
87	31	0.861077
87	41	0.926757
87	76	0.861996
87	79	0.860203
87	81	0.870593
87	86	0.845717
87	106	0.833918
87	119	0.833281
87	120	0.824706
87	125	1.2737
87	129	0.855031
87	143	0.85994
87	147	0.85256
87	148	1.42789
87	154	0.855592
87	168	1.37733
87	170	1.34873
87	174	1.3807
87	175	0.858631
88	7	1.17275
88	98	1.20253
88	101	1.22968
88	102	1.2328
88	116	1.18829
88	131	0.922729
88	147	1.19691
88	152	1.16513
88	155	0.900832
88	158	0.884136
88	162	0.910877
88	167	0.898542
88	168	0.902615
88	169	0.909066
88	170	0.899558
88	172	0.90024
88	174	0.89827
88	176	0.891021
88	177	0.889751
88	178	0.898229
88	179	0.894134
89	2	0.779491
89	5	1.37022
89	22	0.842762
89	33	0.825126
89	39	0.825813
89	54	0.891643
89	55	1.42659
89	61	0.860362
89	73	0.819919
89	75	0.858365
89	83	0.841134
89	94	0.842941
89	108	0.829437
89	109	1.31265
89	122	0.847414
89	148	0.828454
89	152	0.847395
89	164	0.859744
89	166	1.52306
89	168	1.51887
89	180	1.25613
90	7	0.885518
90	16	0.8457
90	27	1.38198
90	71	0.885555
90	73	1.53364
90	93	0.861293
90	97	0.83795
90	98	0.83232
90	109	1.25209
90	112	0.809453
90	113	0.856147
90	124	0.815747
90	134	0.823085
90	136	0.812039
90	137	0.828763
90	142	0.844977
90	145	0.823927
90	150	0.837524
90	162	1.36517
90	170	1.42972
90	178	1.44502
91	18	1.40913
91	111	1.44085
91	120	1.46583
91	128	1.42239
91	139	0.857106
91	140	0.85472
91	153	1.32109
91	155	0.839811
91	158	0.823115
91	161	1.33126
91	163	0.846049
91	168	0.841594
91	169	0.848045
91	171	0.841962
91	172	0.839219
91	173	0.842083
91	174	0.837249
91	176	0.83
91	177	0.828729
91	178	0.837208
91	179	0.833113
92	72	1.27499
92	82	1.4639
92	98	1.54568
92	139	0.842014
92	144	1.53045
92	146	0.823466
92	151	0.823312
92	155	0.824719
92	157	1.47841
92	161	1.49968
92	162	0.834763
92	168	0.826502
92	169	0.832953
92	170	0.823445
92	171	0.82687
92	172	0.824127
92	173	0.826991
92	174	0.822157
92	176	0.814908
92	177	0.813637
92	178	0.822116
92	179	0.818021
93	28	1.24992
93	66	1.34582
93	70	0.927989
93	74	0.900866
93	78	0.830544
93	90	0.861293
93	96	0.891393
93	98	0.883412
93	99	1.26609
93	101	0.889244
93	104	1.18754
93	112	0.860544
93	113	0.907238
93	116	0.888459
93	124	0.866838
93	134	0.874177
93	136	0.863131
93	137	0.879854
93	145	0.875018
93	148	1.37855
93	176	1.31639
93	180	1.06524
94	1	0.91026
94	2	0.795451
94	19	1.22073
94	22	0.858722
94	33	0.841085
94	46	0.908076
94	54	0.907603
94	61	0.876322
94	73	0.835879
94	75	0.874325
94	83	0.857093
94	89	0.842941
94	108	0.845397
94	122	0.863374
94	148	0.844413
94	151	1.33038
94	152	0.863355
94	155	1.39971
94	156	1.31859
94	160	1.42409
94	164	0.875704
94	167	1.38278
94	180	1.13425
95	8	0.891952
95	35	0.831902
95	72	0.896247
95	74	1.11745
95	110	0.8763
95	126	0.848201
95	130	0.863971
95	132	0.82799
95	138	0.850283
95	140	1.31883
95	144	0.857124
95	146	1.36346
95	149	1.40206
95	153	0.862135
95	159	0.85351
95	160	0.834805
95	161	0.859303
95	164	0.868986
95	165	0.859891
95	169	1.29988
95	177	1.38701
95	178	1.3224
95	180	0.9174
96	16	0.8758
96	37	1.43529
96	74	0.879874
96	78	0.809552
96	80	0.875023
96	93	0.891393
96	98	0.86242
96	101	0.868252
96	116	0.867467
96	124	0.845847
96	134	0.853185
96	136	0.842139
96	137	0.858862
96	140	1.30462
96	141	0.873459
96	142	0.875077
96	145	0.854026
96	149	1.38785
96	150	0.867624
96	152	1.13147
96	160	1.34859
96	163	1.28933
96	176	1.3099
97	7	0.913266
97	18	0.86871
97	64	1.24893
97	71	0.913304
97	77	1.27608
97	78	0.807201
97	90	0.83795
97	98	0.860069
97	101	0.865901
97	113	0.883895
97	124	0.843495
97	125	0.863566
97	134	0.850834
97	136	0.839788
97	137	0.856511
97	141	0.871108
97	142	0.872726
97	145	0.851675
97	148	1.41052
97	158	1.42316
97	173	1.34218
97	177	1.41127
97	180	1.09722
98	7	0.907636
98	25	1.1866
98	71	0.907673
98	80	0.867042
98	88	1.20253
98	90	0.83232
98	92	1.54568
98	93	0.883412
98	96	0.86242
98	97	0.860069
98	101	0.860271
98	113	0.878265
98	124	0.837865
98	131	1.22731
98	134	0.845204
98	136	0.834158
98	137	0.850881
98	142	0.867096
98	145	0.846045
98	148	1.42007
98	150	0.859643
98	156	1.2911
98	169	1.33368
99	16	1.2716
99	86	1.37981
99	93	1.26609
99	122	1.26037
99	128	1.35276
99	133	1.30843
99	145	1.35373
99	155	0.863103
99	156	0.882573
99	158	0.846407
99	162	0.873148
99	167	0.860813
99	168	0.864886
99	169	0.871338
99	170	0.861829
99	171	0.865255
99	172	0.862511
99	173	0.865375
99	174	0.860541
99	176	0.853292
99	177	0.852022
99	178	0.8605
99	179	0.856406
100	4	0.892094
100	18	1.22021
100	31	0.869077
100	50	0.804779
100	51	0.89834
100	58	0.881991
100	76	0.869996
100	79	0.868203
100	81	0.878594
100	106	0.841918
100	119	0.841281
100	120	0.832706
100	129	0.863032
100	147	0.860561
100	150	0.860003
100	154	0.863592
100	156	1.26256
100	158	1.40417
100	164	0.873834
100	166	1.34516
100	170	1.31237
100	171	1.33677
100	176	1.32937
101	18	0.868913
101	40	0.844023
101	58	1.28029
101	70	0.904849
101	78	0.807403
101	88	1.22968
101	93	0.889244
101	96	0.868252
101	97	0.865901
101	98	0.860271
101	113	0.884098
101	116	0.865318
101	124	0.843698
101	134	0.851036
101	137	0.856714
101	142	0.872928
101	145	0.851877
101	148	1.44722
101	150	0.865475
101	163	1.36449
101	171	1.39246
101	172	1.36142
101	180	1.13392
102	12	1.2109
102	27	1.32344
102	88	1.2328
102	105	0.849834
102	110	0.889311
102	111	0.832561
102	114	0.886601
102	117	0.821754
102	126	0.861212
102	130	0.876982
102	132	0.841001
102	135	1.29661
102	140	1.3829
102	144	0.870135
102	146	1.42753
102	148	0.850706
102	151	1.33317
102	157	0.868325
102	159	0.866521
102	161	0.872314
102	164	0.881997
102	165	0.872902
102	166	0.857845
103	29	1.29673
103	84	1.31105
103	117	1.44679
103	130	1.31555
103	149	0.847666
103	151	0.861858
103	152	1.28129
103	155	0.863264
103	156	0.882734
103	162	0.873309
103	164	1.2357
103	167	0.860975
103	168	0.865047
103	169	0.871499
103	170	0.86199
103	171	0.865416
103	172	0.862673
103	174	0.860702
103	175	1.30373
103	176	0.853454
103	177	0.852183
103	178	0.860661
103	179	0.856567
104	11	1.084
104	45	1.09492
104	57	1.12885
104	93	1.18754
104	115	1.33799
104	127	1.27083
104	128	1.27421
104	139	0.916827
104	149	0.883933
104	155	0.899531
104	156	0.919001
104	163	0.90577
104	167	0.897242
104	168	0.901314
104	169	0.907766
104	170	0.898257
104	171	0.901683
104	172	0.898939
104	173	0.901803
104	175	1.21411
104	176	0.889721
104	177	0.88845
104	178	0.896928
104	179	0.892834
105	45	0.891898
105	69	1.46696
105	86	1.29333
105	102	0.849834
105	111	0.810909
105	125	0.844807
105	126	0.839559
105	130	0.855329
105	132	0.819349
105	138	0.841642
105	141	1.36975
105	144	0.848483
105	146	1.40152
105	152	0.847996
105	153	0.853493
105	154	0.850103
105	155	1.37649
105	157	0.846673
105	159	0.844869
105	161	0.850662
105	165	0.85125
105	170	1.34517
105	173	1.35598
105	175	0.853143
106	17	0.847941
106	50	0.791537
106	51	0.885098
106	58	0.868749
106	76	0.856754
106	79	0.854962
106	81	0.865352
106	86	0.840475
106	87	0.833918
106	100	0.841918
106	112	1.42262
106	119	0.828039
106	120	0.819465
106	129	0.84979
106	143	0.854699
106	147	0.847319
106	155	1.42577
106	162	1.32989
106	163	1.39088
106	164	0.860592
106	175	0.85339
106	177	1.47436
106	178	1.40975
106	180	1.16031
107	9	0.801725
107	13	0.894341
107	25	0.856869
107	29	0.865824
107	44	0.834765
107	49	0.813379
107	60	0.793167
107	64	0.846375
107	82	0.871276
107	84	0.854996
107	85	0.854592
107	112	1.38687
107	118	0.852359
107	127	0.852843
107	128	0.842402
107	133	0.857521
107	139	1.33002
107	146	1.41506
107	150	1.3328
107	154	1.38858
107	166	0.845308
107	167	1.37309
107	168	1.3873
107	175	0.862258
108	1	0.896757
108	2	0.781947
108	33	0.827582
108	39	0.828269
108	46	0.894573
108	54	0.8941
108	61	0.862819
108	69	0.819503
108	73	0.822375
108	75	0.860821
108	83	0.84359
108	89	0.829437
108	94	0.845397
108	122	0.84987
108	125	1.28688
108	148	0.83091
108	152	0.849852
108	158	1.4537
108	160	1.4176
108	163	1.35834
108	164	0.8622
108	169	1.35468
108	171	1.38631
108	172	1.35527
109	7	1.13351
109	42	1.26309
109	86	1.23547
109	89	1.31265
109	90	1.25209
109	130	1.16015
109	143	1.12009
109	151	0.900112
109	158	0.884822
109	161	1.11729
109	162	0.911563
109	163	0.907757
109	167	0.899228
109	168	0.903301
109	169	0.909752
109	170	0.900244
109	171	0.90367
109	172	0.900926
109	173	0.90379
109	174	0.898956
109	176	0.891707
109	177	0.890437
109	178	0.898915
109	179	0.89482
110	36	1.11097
110	41	0.994218
110	72	0.927083
110	78	1.44444
110	95	0.8763
110	102	0.889311
110	111	0.850385
110	114	0.904425
110	117	0.839579
110	123	0.848248
110	132	0.858826
110	138	0.881118
110	144	0.887959
110	150	1.27583
110	151	1.26372
110	153	0.89297
110	157	0.886149
110	159	0.884345
110	161	0.890138
110	164	0.899821
110	165	0.890726
110	168	1.33032
110	169	1.2945
110	172	1.29509
110	175	0.892619
111	8	0.866037
111	45	0.874624
111	46	1.28855
111	52	1.61433
111	72	0.870333
111	91	1.44085
111	102	0.832561
111	105	0.810909
111	110	0.850385
111	117	0.782829
111	122	0.830741
111	123	0.791498
111	130	0.838056
111	138	0.824368
111	144	0.831209
111	150	1.37861
111	153	0.83622
111	157	0.829399
111	159	0.827596
111	161	0.833388
111	165	0.833977
111	171	1.42891
111	174	1.43648
111	175	0.835869
111	178	1.41981
112	15	1.36382
112	60	1.64648
112	90	0.809453
112	93	0.860544
112	106	1.42262
112	107	1.38687
112	118	1.38811
112	120	1.45765
112	129	1.3285
112	132	0.80961
112	136	0.81129
112	137	0.828014
112	142	0.844228
112	145	0.823178
112	146	0.82539
112	153	0.843754
112	157	0.836933
112	161	0.840922
112	165	0.841511
112	167	0.824353
112	169	0.834877
112	172	0.826051
112	176	0.816832
112	178	0.82404
112	180	0.89902
113	16	0.891645
113	56	1.21804
113	70	0.922843
113	74	0.89572
113	80	0.890868
113	90	0.856147
113	93	0.907238
113	97	0.883895
113	98	0.878265
113	101	0.884098
113	116	0.883312
113	124	0.861692
113	125	0.881762
113	134	0.86903
113	136	0.857984
113	137	0.874708
113	140	1.23676
113	142	0.890922
113	145	0.869872
113	149	1.31998
113	163	1.22147
113	166	1.25782
113	169	1.2178
113	173	1.23585
113	177	1.30494
114	8	0.920077
114	32	0.885979
114	35	0.860027
114	42	0.857593
114	47	1.13015
114	102	0.886601
114	110	0.904425
114	117	0.836869
114	123	0.845538
114	138	0.878408
114	140	1.26705
114	144	0.885249
114	153	0.89026
114	157	0.883439
114	159	0.881635
114	160	0.862931
114	161	0.887428
114	165	0.888017
114	167	1.26971
114	170	1.25533
114	172	1.24869
114	174	1.2873
114	178	1.27062
114	179	1.2845
114	180	0.945525
115	9	0.786816
115	13	0.879432
115	24	0.856483
115	44	0.819857
115	49	0.798471
115	53	0.884918
115	60	0.778259
115	64	0.831467
115	73	0.814727
115	84	0.840088
115	85	0.839683
115	104	1.33799
115	118	0.837451
115	127	0.837935
115	128	0.827494
115	133	0.842613
115	135	1.37526
115	141	0.846557
115	148	1.52899
115	151	1.41182
115	166	0.8304
115	167	1.46421
115	170	1.44983
115	172	1.44319
115	175	0.84735
116	7	0.912683
116	16	0.872866
116	18	0.868127
116	38	1.40502
116	70	0.904063
116	74	0.87694
116	78	0.806618
116	80	0.872089
116	88	1.18829
116	93	0.888459
116	96	0.867467
116	101	0.865318
116	113	0.883312
116	124	0.842912
116	134	0.850251
116	136	0.839205
116	137	0.855928
116	139	1.29797
116	141	0.870525
116	142	0.872143
116	145	0.851092
116	148	1.40583
116	170	1.32667
116	171	1.35107
116	176	1.34367
116	180	1.09252
117	44	1.42723
117	58	0.840422
117	59	0.825078
117	102	0.821754
117	103	1.44679
117	110	0.839579
117	111	0.782829
117	114	0.836869
117	123	0.780692
117	126	0.811479
117	132	0.791269
117	139	1.44032
117	144	0.820403
117	153	0.825413
117	154	0.822023
117	157	0.818593
117	158	1.56081
117	159	0.816789
117	161	0.822582
117	164	0.832265
117	165	0.82317
117	166	0.808113
117	174	1.50098
117	177	1.54892
117	178	1.48431
117	180	0.880679
118	9	0.807671
118	13	0.900287
118	25	0.862815
118	29	0.87177
118	44	0.840711
118	49	0.819325
118	60	0.799113
118	64	0.852321
118	69	1.48173
118	82	0.877222
118	84	0.860942
118	85	0.860538
118	107	0.852359
118	112	1.38811
118	115	0.837451
118	127	0.85879
118	128	0.848348
118	133	0.863467
118	135	1.28538
118	141	0.867411
118	154	1.38981
118	166	0.851254
118	168	1.38854
118	170	1.35994
118	174	1.39191
118	175	0.868204
118	180	1.1258
119	14	0.884773
119	17	0.847304
119	21	0.848366
119	31	0.855198
119	41	0.920878
119	62	0.844457
119	73	1.50458
119	76	0.856117
119	79	0.854324
119	81	0.864715
119	86	0.839838
119	87	0.833281
119	100	0.841281
119	106	0.828039
119	120	0.818827
119	123	1.40123
119	125	1.32564
119	129	0.849153
119	138	1.23759
119	143	0.854061
119	147	0.846682
119	162	1.33611
119	164	0.859955
119	166	1.43345
119	170	1.40067
119	175	0.852752
119	180	1.16652
120	14	0.876198
120	21	0.839791
120	40	0.816097
120	51	0.875886
120	58	0.859537
120	62	0.835882
120	69	0.808683
120	76	0.847542
120	81	0.85614
120	86	0.831263
120	87	0.824706
120	91	1.46583
120	100	0.832706
120	106	0.819465
120	112	1.45765
120	119	0.818827
120	129	0.840578
120	131	1.31588
120	143	0.845486
120	147	0.838107
120	150	0.837549
120	164	0.85138
120	166	1.46227
120	172	1.42285
120	175	0.844178
120	176	1.44649
120	178	1.44478
120	180	1.19534
121	33	1.307
121	65	1.28622
121	80	1.14033
121	132	1.3916
121	133	1.23203
121	136	1.27333
121	140	0.899938
121	149	0.869431
121	151	0.883623
121	153	1.17505
121	155	0.885029
121	156	0.904499
121	158	0.868333
121	163	0.891268
121	165	1.16763
121	167	0.882739
121	168	0.886812
121	169	0.893263
121	170	0.883755
121	171	0.887181
121	172	0.884437
121	173	0.887301
121	174	0.882467
121	175	1.21626
121	176	0.875218
121	177	0.873948
121	178	0.882426
121	179	0.878331
122	46	0.912549
122	47	1.16848
122	48	0.806194
122	57	0.897485
122	61	0.880795
122	65	0.843996
122	67	0.964152
122	83	0.861566
122	89	0.847414
122	94	0.863374
122	99	1.26037
122	108	0.84987
122	111	0.830741
122	132	0.839182
122	144	0.868315
122	151	1.25565
122	153	0.873326
122	155	1.32498
122	158	1.38546
122	159	0.864701
122	160	0.845996
122	161	0.870494
122	163	1.29009
122	164	0.880177
122	165	0.871082
122	171	1.31806
122	172	1.28702
122	179	1.32284
122	180	0.928591
123	32	0.829802
123	42	0.801416
123	72	0.868196
123	110	0.848248
123	111	0.791498
123	114	0.845538
123	117	0.780692
123	119	1.40123
123	126	0.820149
123	130	0.835919
123	131	1.3519
123	132	0.799939
123	138	0.822231
123	139	1.43681
123	141	1.49009
123	144	0.829072
123	154	0.830693
123	156	1.4157
123	157	0.827262
123	158	1.5573
123	159	0.825458
123	161	0.831251
123	163	1.46194
123	164	0.840934
123	165	0.83184
123	166	0.816782
123	174	1.49748
123	175	0.833732
123	180	0.889348
124	6	1.01668
124	7	0.891063
124	16	0.851245
124	38	1.45334
124	63	1.4539
124	66	1.42142
124	67	1.01472
124	68	1.38188
124	70	0.882443
124	71	0.8911
124	74	0.85532
124	80	0.850468
124	90	0.815747
124	93	0.866838
124	96	0.845847
124	97	0.843495
124	98	0.837865
124	101	0.843698
124	113	0.861692
124	116	0.842912
124	134	0.82863
124	136	0.817584
124	137	0.834308
124	139	1.34629
124	142	0.850522
124	145	0.829472
124	150	0.843069
124	154	1.40485
124	178	1.39028
124	180	1.14084
125	29	1.24393
125	32	0.865837
125	50	1.48499
125	60	1.54329
125	65	1.32089
125	84	1.25824
125	87	1.2737
125	97	0.863566
125	105	0.844807
125	108	1.28688
125	113	0.881762
125	119	1.32564
125	130	0.871955
125	134	0.8487
125	136	0.837655
125	137	0.854378
125	142	0.870593
125	145	0.849542
125	147	1.26027
125	157	0.863298
125	158	0.836311
125	159	0.861494
125	161	0.867287
125	163	0.859246
125	165	0.867875
125	168	0.85479
125	170	0.851733
125	172	0.852415
125	174	0.850445
125	179	0.84631
126	3	1.21031
126	8	0.894688
126	44	1.31615
126	47	1.23275
126	55	1.29424
126	56	1.35093
126	95	0.848201
126	102	0.861212
126	105	0.839559
126	117	0.811479
126	123	0.820149
126	130	0.866707
126	138	0.853019
126	144	0.85986
126	146	1.41428
126	148	0.840431
126	152	0.859373
126	153	0.864871
126	157	0.85805
126	159	0.856246
126	160	0.837541
126	161	0.862039
126	164	0.871722
126	165	0.862627
126	166	0.84757
126	171	1.38233
126	173	1.36874
126	175	0.86452
126	177	1.43783
126	180	0.920136
127	9	0.808155
127	13	0.900771
127	20	1.33757
127	24	0.877822
127	25	0.8633
127	29	0.872255
127	30	0.868223
127	44	0.841196
127	49	0.81981
127	53	0.906257
127	60	0.799598
127	64	0.852806
127	82	0.877706
127	84	0.861427
127	104	1.27083
127	107	0.852843
127	115	0.837935
127	118	0.85879
127	128	0.848833
127	131	1.26906
127	133	0.863952
127	140	1.39439
127	141	0.867896
127	166	0.851738
127	171	1.40707
127	172	1.37603
127	175	0.868688
127	178	1.39797
127	179	1.41185
127	180	1.14853
128	9	0.797714
128	13	0.89033
128	25	0.852859
128	29	0.861813
128	30	0.857782
128	44	0.830755
128	49	0.809368
128	53	0.895815
128	60	0.789157
128	64	0.842364
128	73	0.825625
128	82	0.867265
128	84	0.850985
128	85	0.850581
128	91	1.42239
128	99	1.35276
128	104	1.27421
128	107	0.842402
128	115	0.827494
128	118	0.848348
128	127	0.848833
128	133	0.853511
128	141	0.857454
128	159	1.24594
128	160	1.44175
128	166	0.841297
128	171	1.41045
128	172	1.37941
128	175	0.858247
128	177	1.46596
128	179	1.41523
129	14	0.906524
129	17	0.869055
129	21	0.870117
129	31	0.876949
129	36	1.10957
129	41	0.942629
129	51	0.906211
129	62	0.866208
129	68	1.30723
129	69	0.839008
129	76	0.877868
129	81	0.886465
129	86	0.861589
129	87	0.855031
129	100	0.863032
129	106	0.84979
129	112	1.3285
129	119	0.849153
129	120	0.840578
129	139	1.27164
129	143	0.875812
129	145	1.2224
129	147	0.868432
129	150	0.867875
129	154	0.871464
129	163	1.29676
129	164	0.881705
129	166	1.33311
129	172	1.29369
129	175	0.874503
129	176	1.31733
129	179	1.32951
130	11	0.899017
130	19	1.19011
130	35	0.850408
130	47	1.2126
130	56	1.33078
130	59	0.880305
130	77	1.28249
130	95	0.863971
130	102	0.876982
130	103	1.31555
130	105	0.855329
130	109	1.16015
130	111	0.838056
130	123	0.835919
130	125	0.871955
130	126	0.866707
130	138	0.868789
130	144	0.87563
130	150	1.31187
130	153	0.880641
130	154	0.87725
130	156	1.28797
130	157	0.87382
130	159	0.872016
130	160	0.853311
130	161	0.877809
130	164	0.887492
130	165	0.878397
130	173	1.34859
130	175	0.88029
130	179	1.36695
130	180	0.935906
131	15	1.22205
131	39	1.41811
131	41	1.04382
131	60	1.50471
131	83	1.2333
131	88	0.922729
131	98	1.22731
131	120	1.31588
131	123	1.3519
131	127	1.26906
131	140	0.881388
131	146	0.865227
131	151	0.865073
131	155	0.866479
131	156	0.885949
131	158	0.849783
131	162	0.876524
131	163	0.872718
131	167	0.864189
131	168	0.868262
131	169	0.874713
131	170	0.865205
131	171	0.86863
131	172	0.865887
131	173	0.868751
131	174	0.863917
131	175	1.21235
131	176	0.856668
131	177	0.855398
131	178	0.863876
131	179	0.859781
131	180	0.938856
132	3	1.35368
132	17	1.33547
132	35	0.814428
132	42	0.811994
132	45	0.883065
132	53	1.29151
132	59	0.844325
132	95	0.82799
132	102	0.841001
132	105	0.819349
132	110	0.858826
132	112	0.80961
132	117	0.791269
132	121	1.3916
132	122	0.839182
132	123	0.799939
132	138	0.832809
132	144	0.83965
132	150	1.47539
132	151	1.46329
132	152	0.839163
132	153	0.84466
132	156	1.45149
132	157	0.83784
132	159	0.836036
132	160	0.817331
132	161	0.841829
132	165	0.842417
132	166	0.82736
132	168	1.52989
132	178	1.5166
132	180	0.899926
133	9	0.812833
133	13	0.905449
133	20	1.29663
133	24	0.8825
133	25	0.867978
133	29	0.876933
133	30	0.872901
133	44	0.845874
133	49	0.824487
133	53	0.910934
133	60	0.804276
133	63	1.42064
133	64	0.857483
133	73	0.840744
133	82	0.882384
133	84	0.866105
133	85	0.8657
133	99	1.30843
133	107	0.857521
133	115	0.842613
133	118	0.863467
133	121	1.23203
133	127	0.863952
133	128	0.853511
133	141	0.872574
133	150	1.31582
133	154	1.37159
133	166	0.856416
133	171	1.36613
133	175	0.873366
133	177	1.42163
133	179	1.3709
133	180	1.10758
134	6	1.02402
134	7	0.898401
134	16	0.858583
134	18	0.853845
134	69	1.4512
134	70	0.889781
134	71	0.898438
134	74	0.862658
134	78	0.792336
134	80	0.857807
134	90	0.823085
134	93	0.874177
134	96	0.853185
134	97	0.850834
134	98	0.845204
134	101	0.851036
134	113	0.86903
134	116	0.850251
134	124	0.82863
134	125	0.8487
134	136	0.824923
134	142	0.857861
134	145	0.83681
134	150	0.850408
134	154	1.35928
134	155	1.36073
134	156	1.2796
134	162	1.26485
134	163	1.32584
134	165	1.14179
134	166	1.36219
134	172	1.32277
134	178	1.34471
135	26	1.25278
135	32	1.19731
135	69	0.865578
135	70	1.12787
135	75	1.17608
135	79	1.266
135	82	1.18457
135	102	1.29661
135	115	1.37526
135	118	1.28538
135	139	0.901608
135	146	0.88306
135	149	0.868714
135	150	0.894445
135	155	0.884313
135	156	0.903783
135	158	0.867617
135	162	0.894357
135	163	0.890551
135	164	1.18336
135	167	0.882023
135	168	0.886096
135	169	0.892547
135	170	0.883039
135	171	0.886464
135	172	0.883721
135	173	0.886585
135	174	0.881751
135	175	1.25139
135	176	0.874502
135	177	0.873231
135	178	0.88171
135	179	0.877615
135	180	0.95669
136	6	1.01297
136	7	0.887355
136	18	0.842799
136	28	1.33356
136	37	1.52543
136	40	0.817909
