1	87	0.753238
1	93	0.717751
1	119	0.72757
1	131	0.736059
1	158	1.17554
1	162	1.19834
1	171	1.20263
1	173	1.20893
1	174	1.21076
1	176	1.20104
1	179	1.20277
1	180	0.65757
2	6	1.08332
2	38	0.883964
2	53	0.887087
2	54	0.978884
2	110	1.02277
2	119	1.06912
2	125	1.05808
2	131	1.07623
2	165	1.04778
2	169	0.908486
2	172	1.0638
2	173	0.924198
3	31	1.18967
3	45	0.658701
3	85	1.1676
3	95	1.18282
3	111	1.24577
3	116	0.79202
3	130	0.685387
3	136	1.17633
3	146	1.21346
3	153	1.22436
3	176	0.729881
3	178	0.741693
4	34	0.732724
4	96	1.19752
4	100	0.773992
4	103	1.17387
4	108	1.21666
4	113	0.716295
4	114	0.717251
4	127	1.17759
4	128	1.17659
4	166	1.19792
4	175	0.668091
4	177	1.25984
5	41	1.16267
5	116	0.760025
5	117	0.769637
5	127	1.17278
5	128	1.17178
5	139	1.23782
5	163	0.706387
5	165	0.659207
5	166	1.19311
5	168	1.20682
5	177	1.25503
5	178	0.709698
6	2	1.08332
6	64	1.16601
6	71	0.754324
6	90	1.22463
6	97	1.27839
6	119	1.21719
6	125	1.20615
6	126	0.716106
6	131	1.2243
6	158	0.730207
6	163	0.724446
6	170	0.679311
7	47	0.651881
7	59	1.18601
7	67	1.11998
7	73	1.25417
7	74	1.23174
7	83	1.18645
7	100	0.780004
7	118	1.20947
7	126	0.742193
7	158	0.756293
7	169	1.21217
7	175	0.674103
8	30	1.03349
8	55	1.06167
8	59	1.01462
8	73	1.08277
8	94	1.04151
8	118	1.03807
8	135	1.0871
8	159	0.904794
8	164	0.941424
8	169	1.04077
8	172	0.901193
8	177	0.858581
9	95	0.721114
9	115	1.2192
9	121	1.18682
9	124	1.15161
9	132	1.21238
9	137	1.1803
9	144	1.22831
9	157	0.737227
9	160	0.736721
9	162	0.737522
9	172	1.22139
9	175	0.672771
10	19	1.08062
10	23	1.09182
10	39	1.01783
10	58	1.03814
10	75	0.938703
10	81	0.908535
10	135	0.869668
10	154	1.06846
10	155	0.923942
10	174	0.904362
10	175	1.06476
10	180	1.09967
11	45	0.675028
11	82	1.20291
11	90	1.22858
11	116	1.14305
11	125	1.21009
11	126	0.74637
11	131	1.22824
11	144	0.68765
11	149	1.17132
11	163	0.75471
11	168	0.740888
11	172	1.21581
12	59	0.813668
12	104	0.765138
12	144	0.788127
12	150	0.773336
12	154	0.752582
12	161	1.13961
12	162	1.13581
12	163	1.12942
12	171	1.1401
12	174	1.14822
12	176	1.13851
12	178	1.1281
12	179	1.14024
13	60	1.26976
13	93	1.32292
13	112	0.645264
13	120	1.31974
13	127	1.2715
13	128	1.2705
13	155	0.644657
13	156	0.669831
13	164	0.667888
13	166	1.29183
13	169	0.628325
13	176	0.653244
13	177	1.35375
14	68	1.07177
14	104	1.17725
14	115	1.14536
14	132	1.13853
14	137	1.10646
14	144	1.15446
14	170	1.15863
14	172	1.14754
14	174	0.783832
14	175	0.744071
14	176	0.811998
14	177	0.7438
14	178	0.82381
15	65	1.23138
15	76	1.06991
15	81	0.78532
15	82	1.13076
15	105	0.743664
15	110	1.10263
15	112	0.801334
15	125	1.13794
15	131	1.15609
15	160	0.805336
15	165	1.12764
15	170	0.77268
15	172	1.14366
16	48	0.712664
16	99	1.21111
16	115	1.2446
16	121	1.21222
16	124	1.17701
16	132	1.23778
16	137	1.2057
16	144	1.25371
16	156	0.716275
16	157	0.696216
16	168	0.694367
16	170	1.25787
16	173	0.69048
16	179	0.696306
17	73	0.803613
17	79	0.844945
17	100	1.06936
17	123	0.879816
17	154	0.80917
17	156	1.0819
17	166	0.855354
17	171	1.07905
17	173	1.08535
17	174	1.08718
17	175	1.12163
17	177	1.12928
17	178	1.06706
17	179	1.07919
18	25	0.754234
18	92	0.869798
18	109	0.88097
18	139	0.859953
18	143	1.12995
18	159	1.08358
18	163	1.07765
18	167	1.07249
18	171	1.08833
18	174	1.09646
18	176	1.08674
18	178	1.07633
18	179	1.08847
18	180	0.828252
19	10	1.08062
19	39	1.21789
19	58	1.23819
19	75	1.13876
19	81	0.693018
19	98	1.2915
19	143	0.691847
19	154	1.26851
19	162	0.713835
19	165	0.678333
19	167	0.740684
19	174	0.688846
19	175	1.26482
19	180	1.29972
20	115	0.659271
20	131	0.676033
20	138	1.18564
20	140	1.21491
20	141	1.19899
20	145	1.23068
20	150	1.2348
20	151	1.23884
20	152	1.18862
20	167	0.738888
20	174	0.68705
20	176	0.715216
20	178	0.727028
20	180	1.30753
21	36	0.844887
21	93	1.10356
21	96	1.07207
21	101	1.08063
21	103	1.04843
21	108	1.09121
21	109	0.821807
21	120	1.10038
21	127	1.05214
21	139	1.11718
21	172	0.861174
21	174	0.858594
21	175	0.818833
21	177	1.13439
22	54	1.01654
22	76	1.02771
22	82	1.08855
22	90	1.11422
22	98	1.15645
22	113	0.833793
22	125	1.09574
22	131	1.11389
22	148	0.836042
22	155	0.844931
22	158	0.867779
22	165	1.08544
22	172	1.10146
22	174	0.82535
23	10	1.09182
23	39	1.22909
23	58	1.24939
23	75	1.14996
23	100	0.733759
23	134	1.2131
23	154	1.27971
23	156	0.712373
23	157	0.692314
23	169	0.670867
23	175	1.27602
23	178	0.707597
23	179	0.692405
23	180	1.31092
24	96	1.2103
24	101	1.21887
24	109	0.655752
24	112	0.712726
24	118	0.670815
24	120	1.23862
24	127	1.19038
24	128	1.18938
24	139	1.25542
24	168	1.22441
24	173	0.711498
24	176	0.720705
24	177	1.27262
24	178	0.732517
25	18	0.754234
25	137	1.2701
25	144	1.31811
25	149	0.633228
25	150	1.30167
25	152	1.25549
25	156	0.635429
25	164	0.633486
25	166	1.28522
25	167	0.642513
25	170	1.32227
25	171	0.608785
25	177	1.34714
26	100	1.08401
26	102	0.833277
26	120	0.832088
26	140	0.858537
26	148	1.08605
26	164	1.0826
26	165	0.873978
26	167	1.07786
26	173	1.1
26	174	1.10183
26	176	1.09211
26	178	1.0817
26	179	1.09384
26	180	0.794985
27	50	1.16552
27	84	0.692129
27	123	1.1841
27	136	1.20062
27	143	0.689034
27	146	1.23775
27	153	1.24865
27	154	1.27469
27	157	1.21769
27	161	0.722715
27	168	0.708879
27	174	0.686033
27	175	1.27099
27	179	0.710818
28	138	1.27314
28	140	1.30241
28	141	1.28649
28	142	0.617484
28	145	1.31818
28	148	0.648962
28	150	1.3223
28	151	1.32634
28	152	1.27612
28	161	0.674952
28	162	0.66326
28	169	0.641518
28	176	0.666436
28	177	0.598238
28	180	1.39503
29	44	1.22219
29	51	1.15969
29	53	0.720934
29	55	1.17654
29	59	1.12948
29	73	1.19764
29	74	1.17521
29	83	1.12992
29	94	1.15637
29	116	0.82939
29	118	1.15294
29	168	0.761931
29	170	0.730618
29	175	0.699324
29	176	0.767251
30	8	1.03349
30	44	1.25078
30	51	1.18827
30	67	1.09204
30	73	1.22622
30	83	1.1585
30	94	1.18496
30	118	1.18152
30	143	0.734449
30	164	0.774258
30	169	1.18422
30	172	0.734027
30	173	0.750407
30	176	0.759614
30	179	0.756232
31	3	1.18967
31	36	0.738146
31	92	1.16436
31	95	1.12805
31	133	1.13222
31	145	0.723723
31	146	1.15869
31	153	1.16959
31	157	1.13863
31	160	0.776042
31	175	1.19193
31	176	0.780019
31	177	0.711821
31	179	0.776638
31	180	1.22684
32	54	1.0868
32	64	1.12585
32	65	1.25943
32	76	1.09796
32	82	1.15881
32	89	0.70235
32	97	1.23824
32	119	1.17704
32	130	0.746473
32	131	1.18414
32	169	0.766048
32	171	0.780911
32	172	1.17172
32	175	0.72304
32	179	0.787586
33	62	0.712727
33	138	1.18564
33	140	1.21491
33	141	1.19899
33	143	0.673038
33	145	1.23068
33	149	0.71259
33	150	1.2348
33	151	1.23884
33	152	1.18862
33	158	0.712465
33	173	0.688996
33	178	0.710014
33	180	1.30753
34	4	0.732724
34	75	0.825482
34	87	0.785232
34	107	0.676538
34	148	1.16648
34	154	0.713133
34	156	1.17697
34	158	1.14703
34	163	1.16344
34	164	1.16303
34	166	0.759317
34	171	1.17412
34	176	1.17253
34	178	1.16213
34	179	1.17426
35	57	1.19716
35	68	1.10517
35	85	0.778157
35	99	1.14526
35	104	1.21065
35	105	0.718896
35	115	1.17876
35	124	1.11116
35	132	1.17193
35	144	1.18787
35	149	0.798933
35	157	0.781074
35	170	1.19203
35	175	0.716618
35	177	0.716348
36	21	0.844887
36	31	0.738146
36	63	0.74599
36	125	0.716075
36	132	0.71865
36	143	1.205
36	156	1.16623
36	159	1.15863
36	164	1.15228
36	165	0.729978
36	173	1.16967
36	174	1.1715
36	176	1.16179
36	178	1.15138
36	179	1.16352
37	66	0.761904
37	68	0.807851
37	90	0.728134
37	111	0.681792
37	128	0.752098
37	141	0.758734
37	143	1.20692
37	148	1.15765
37	160	1.16145
37	163	1.15462
37	171	1.1653
37	173	1.1716
37	176	1.16371
37	178	1.15331
37	179	1.16544
38	2	0.883964
38	52	1.1701
38	72	1.18434
38	79	1.14084
38	80	1.14084
38	86	1.20447
38	109	0.696137
38	113	0.741367
38	157	0.757619
38	165	1.14757
38	166	1.13763
38	170	1.17468
38	174	0.732924
38	175	0.693163
38	177	1.19954
39	10	1.01783
39	19	1.21789
39	23	1.22909
39	46	0.702888
39	58	1.17541
39	75	1.07597
39	134	1.13912
39	154	1.20573
39	155	0.751236
39	161	0.768338
39	163	0.768323
39	167	0.783494
39	169	0.734904
39	175	1.20203
39	180	1.23694
40	49	0.755646
40	87	0.858334
40	106	1.12296
40	120	0.799768
40	125	0.827756
40	130	1.16121
40	142	1.1506
40	148	1.10421
40	154	0.786235
40	164	1.10076
40	173	1.11815
40	174	1.11998
40	176	1.11026
40	178	1.09986
40	179	1.112
40	180	0.762666
41	5	1.16267
41	78	0.782168
41	101	1.11814
41	103	1.08593
41	108	1.12872
41	120	1.13789
41	127	1.08965
41	128	1.08865
41	139	1.15469
41	149	0.834581
41	159	0.798209
41	160	0.816217
41	166	1.10998
41	168	1.12369
41	169	0.795276
41	170	0.783561
42	85	1.08752
42	103	1.08831
42	108	1.1311
42	120	1.14026
42	127	1.09203
42	128	1.09103
42	139	1.15706
42	156	0.827081
42	157	0.807022
42	158	0.824756
42	160	0.806516
42	166	1.11236
42	168	1.12606
42	173	0.801287
42	175	0.742566
42	177	1.17427
43	51	0.761173
43	58	1.12653
43	101	0.795824
43	124	0.847288
43	125	0.786107
43	132	0.788682
43	137	0.811701
43	150	1.11533
43	151	1.11937
43	152	1.06915
43	161	1.11009
43	175	1.15316
43	176	1.10899
43	178	1.09858
43	179	1.11072
43	180	1.18806
44	29	1.22219
44	30	1.25078
44	55	1.27896
44	67	1.16588
44	74	1.27763
44	83	1.23234
44	94	1.25879
44	118	1.25536
44	160	0.703086
44	164	0.721708
44	168	0.701743
44	169	1.25806
44	172	0.681477
44	176	0.707063
44	179	0.703682
44	180	0.589391
45	3	0.658701
45	11	0.675028
45	103	0.766726
45	114	1.25509
45	153	0.679778
45	160	1.24096
45	163	1.23413
45	165	0.700672
45	166	0.691432
45	171	1.24481
45	173	1.2511
45	174	1.25293
45	176	1.24322
45	178	1.23281
45	179	1.24495
45	180	0.621679
46	39	0.702888
46	55	0.717409
46	72	0.682664
46	86	0.65708
46	89	0.66498
46	139	0.667626
46	140	0.699477
46	158	1.22254
46	159	1.24489
46	167	1.23379
46	171	1.24964
46	173	1.25593
46	174	1.25776
46	176	1.24804
46	178	1.23764
46	179	1.24977
47	7	0.651881
47	53	0.674064
47	81	0.696388
47	109	1.2283
47	122	1.28982
47	123	1.19366
47	133	1.22084
47	136	1.21019
47	146	1.24731
47	153	1.25821
47	160	0.716404
47	165	1.23622
47	170	0.683748
47	172	0.694795
47	174	0.692215
47	180	1.31546
48	16	0.712664
48	49	1.1701
48	52	1.11786
48	72	1.1321
48	79	1.0886
48	80	1.0886
48	86	1.15224
48	148	0.806033
48	157	0.820036
48	165	1.09533
48	166	1.0854
48	170	1.12245
48	171	0.813451
48	177	1.14731
48	178	0.835319
48	179	0.820126
49	40	0.755646
49	48	1.1701
49	72	1.27184
49	79	1.22834
49	80	1.22834
49	86	1.29197
49	129	0.717867
49	143	0.660674
49	165	1.23507
49	166	1.22513
49	168	0.680519
49	170	1.26218
49	172	0.660253
49	173	0.676632
49	174	0.657673
49	177	1.28704
50	27	1.16552
50	77	1.14364
50	106	0.801377
50	122	1.15276
50	123	1.0566
50	133	1.08378
50	136	1.07313
50	146	1.11025
50	153	1.12115
50	163	0.820572
50	167	0.835743
50	169	1.11477
50	174	0.783905
50	177	0.743873
50	178	0.823883
50	180	1.1784
51	29	1.15969
51	30	1.18827
51	43	0.761173
51	59	1.1694
51	61	0.753445
51	67	1.10337
51	73	1.23756
51	74	1.21513
51	81	0.709021
51	94	1.19629
51	116	0.795153
51	118	1.19285
51	135	1.24188
51	162	0.729838
51	169	1.19556
51	170	0.696381
51	175	0.665087
52	38	1.1701
52	48	1.11786
52	72	1.2196
52	79	1.1761
52	80	1.1761
52	85	0.738113
52	86	1.23974
52	135	0.681642
52	159	0.722517
52	160	0.740525
52	163	0.753003
52	165	1.18283
52	166	1.1729
52	170	1.20995
52	172	0.718916
52	177	1.23481
52	178	0.756314
53	2	0.887087
53	29	0.720934
53	47	0.674064
53	55	0.728025
53	75	1.11243
53	89	0.675596
53	120	0.683644
53	138	1.15151
53	151	1.20471
53	152	1.15449
53	164	1.18482
53	165	0.725534
53	167	1.18007
53	174	1.20404
53	175	1.23849
53	179	1.19605
53	180	1.2734
54	2	0.978884
54	22	1.01654
54	32	1.0868
54	76	1.03368
54	82	1.09453
54	85	0.871759
54	90	1.1202
54	97	1.17395
54	110	1.06641
54	125	1.10172
54	131	1.11986
54	142	0.829195
54	158	0.89241
54	159	0.856163
54	172	1.10744
54	174	0.849982
54	175	0.81022
55	8	1.06167
55	29	1.17654
55	44	1.27896
55	46	0.717409
55	53	0.728025
55	57	0.713734
55	59	1.18625
55	67	1.12022
55	73	1.25441
55	83	1.18669
55	94	1.21314
55	118	1.20971
55	154	0.68024
55	156	0.79093
55	169	1.21241
55	173	0.765136
55	177	0.706144
56	76	0.903882
56	123	0.866046
56	130	1.12785
56	133	0.847421
56	137	0.862516
56	155	1.07634
56	156	1.08135
56	160	1.07465
56	163	1.06782
56	166	0.841585
56	171	1.0785
56	173	1.0848
56	174	1.08663
56	176	1.07691
56	178	1.06651
56	179	1.07864
56	180	0.771831
57	35	1.19716
57	55	0.713734
57	99	1.17289
57	115	1.20639
57	121	1.174
57	124	1.13879
57	132	1.19956
57	137	1.16749
57	144	1.21549
57	157	0.74645
57	163	0.758423
57	169	0.725003
57	170	1.21966
57	172	1.20857
57	174	0.721755
57	175	0.681994
57	178	0.761733
58	10	1.03814
58	19	1.23819
58	23	1.24939
58	39	1.17541
58	43	1.12653
58	75	1.09628
58	97	0.662247
58	105	0.695653
58	107	1.27046
58	143	0.736138
58	154	1.22603
58	156	0.77789
58	159	0.739318
58	172	0.735717
58	175	1.22234
58	176	0.761303
58	180	1.25724
59	7	1.18601
59	8	1.01462
59	12	0.813668
59	29	1.12948
59	51	1.1694
59	55	1.18625
59	67	1.07317
59	73	1.20735
59	83	1.13963
59	94	1.16608
59	118	1.16265
59	148	0.760039
59	149	0.791901
59	158	0.791776
59	162	0.774337
59	169	1.16535
59	173	0.768307
59	175	0.709586
60	13	1.26976
60	93	1.14943
60	96	1.11795
60	101	1.12651
60	103	1.0943
60	108	1.13709
60	120	1.14626
60	128	1.09702
60	139	1.16306
60	147	0.772956
60	149	0.808431
60	151	0.743807
60	161	0.80256
60	166	1.11835
60	169	0.769125
60	173	0.784837
60	175	0.726116
60	177	1.18027
61	51	0.753445
61	89	0.742344
61	103	0.858337
61	120	0.750391
61	130	1.18777
61	140	0.776841
61	142	1.17716
61	146	0.772741
61	154	0.736858
61	156	1.14127
61	160	1.13457
61	163	1.12774
61	171	1.13842
61	173	1.14471
61	174	1.14654
61	176	1.13683
61	178	1.12642
61	179	1.13856
62	33	0.712727
62	98	0.722273
62	106	1.15828
62	115	0.76911
62	121	0.800918
62	127	0.783281
62	136	0.790401
62	152	0.812493
62	155	1.14501
62	156	1.15002
62	159	1.14243
62	161	1.14668
62	162	1.14288
62	167	1.13133
62	174	1.1553
62	176	1.14558
62	178	1.13518
62	179	1.14731
63	36	0.74599
63	91	1.17095
63	102	1.17976
63	114	0.769097
63	129	0.819892
63	138	1.09866
63	140	1.12793
63	141	1.11202
63	145	1.14371
63	150	1.14782
63	151	1.15186
63	152	1.10164
63	156	0.804451
63	159	0.765879
63	168	1.14508
63	177	0.719665
63	179	0.784483
63	180	1.22055
64	6	1.16601
64	32	1.12585
64	90	1.15925
64	97	1.21301
64	107	0.682938
64	110	1.10546
64	119	1.15181
64	125	1.14077
64	131	1.15891
64	147	0.792549
64	148	0.796162
64	149	1.10199
64	150	0.740287
64	151	0.7634
64	163	0.822137
64	165	1.13046
64	171	0.80358
64	172	1.14649
65	15	1.23138
65	32	1.25943
65	76	1.20631
65	82	1.26716
65	90	1.29283
65	110	1.23904
65	119	1.28539
65	125	1.27435
65	129	0.717706
65	146	0.627459
65	157	0.682207
65	161	0.694194
65	163	0.694179
65	164	0.700323
65	165	1.26404
65	171	0.675622
65	172	1.28007
65	177	0.61748
66	37	0.761904
66	78	0.765985
66	102	1.18452
66	118	0.754121
66	138	1.10342
66	140	1.13269
66	141	1.11678
66	145	1.14846
66	148	0.786537
66	150	1.15258
66	151	1.15662
66	152	1.1064
66	155	0.795425
66	157	1.1371
66	166	1.13613
66	170	0.767378
66	174	0.775845
66	180	1.22531
67	7	1.11998
67	30	1.09204
67	44	1.16588
67	51	1.10337
67	55	1.12022
67	59	1.07317
67	73	1.14132
67	74	1.11889
67	78	1.09559
67	83	1.0736
67	118	1.09662
67	162	0.843654
67	166	0.798912
67	169	1.09932
67	170	0.810197
67	171	0.836774
67	172	0.821244
67	174	0.818664
67	177	0.778632
68	14	1.07177
68	35	1.10517
68	37	0.807851
68	86	0.753441
68	99	1.08091
68	100	0.887932
68	104	1.1463
68	105	0.784308
68	115	1.1144
68	121	1.08202
68	132	1.10758
68	137	1.0755
68	144	1.12351
68	154	1.14859
68	157	0.846486
68	168	0.844638
68	170	1.12767
68	172	1.11659
68	177	0.78176
69	77	1.13149
69	78	0.793997
69	85	1.05224
69	89	1.14091
69	109	1.07908
69	111	1.13041
69	112	0.824044
69	122	1.1406
69	123	1.04445
69	133	1.07162
69	142	0.783071
69	148	0.814549
69	153	1.109
69	161	0.840539
69	168	0.826703
69	169	1.10261
69	175	1.13134
69	179	0.828642
69	180	1.16625
70	71	1.15771
70	102	1.25236
70	114	0.711797
70	124	0.739163
70	138	1.17126
70	140	1.20053
70	141	1.18462
70	145	1.21631
70	150	1.22042
70	151	1.22446
70	152	1.17424
70	154	0.636461
70	155	0.721978
70	157	1.20494
70	160	0.726587
70	165	0.691885
70	167	0.754236
70	173	0.721357
70	180	1.29315
71	6	0.754324
71	70	1.15771
71	91	1.13374
71	138	1.06145
71	140	1.09072
71	141	1.07481
71	145	1.1065
71	147	0.827822
71	150	1.11061
71	151	1.11465
71	152	1.06443
71	166	1.09417
71	168	1.10787
71	169	0.823991
71	170	0.812277
71	175	0.780982
71	176	0.84891
71	178	0.860722
71	180	1.18334
72	38	1.18434
72	46	0.682664
72	48	1.1321
72	49	1.27184
72	52	1.2196
72	79	1.19035
72	80	1.19035
72	84	0.717528
72	86	1.25398
72	163	0.748099
72	164	0.754242
72	165	1.19707
72	166	1.18714
72	169	0.714679
72	170	1.22419
72	171	0.729542
72	176	0.739598
72	177	1.24905
72	180	0.621926
73	7	1.25417
73	8	1.08277
73	17	0.803613
73	29	1.19764
73	30	1.22622
73	51	1.23756
73	55	1.25441
73	59	1.20735
73	67	1.14132
73	94	1.23424
73	118	1.23081
73	130	0.666376
73	155	0.702284
73	168	0.70555
73	169	1.23351
73	171	0.700814
73	173	0.701664
73	178	0.722682
73	179	0.707489
74	7	1.23174
74	29	1.17521
74	44	1.27763
74	51	1.21513
74	67	1.11889
74	78	1.20735
74	83	1.18536
74	90	0.690141
74	94	1.21181
74	118	1.20838
74	126	0.730592
74	135	1.2574
74	164	0.745075
74	166	0.682512
74	167	0.754102
74	169	1.21108
74	171	0.720374
74	173	0.721224
74	177	0.662232
75	10	0.938703
75	19	1.13876
75	23	1.14996
75	34	0.825482
75	39	1.07597
75	53	1.11243
75	58	1.09628
75	98	1.14958
75	107	1.17103
75	116	0.890915
75	134	1.05999
75	154	1.1266
75	159	0.806791
75	166	0.780858
75	168	0.823456
75	171	0.81872
75	175	1.1229
75	177	0.760578
75	180	1.15781
76	15	1.06991
76	22	1.02771
76	32	1.09796
76	54	1.03368
76	56	0.903882
76	65	1.20631
76	90	1.13136
76	97	1.18512
76	110	1.07757
76	119	1.12392
76	125	1.11288
76	128	0.808584
76	131	1.13102
76	142	0.775957
76	160	0.820932
76	165	1.10257
76	171	0.814853
76	176	0.82491
76	177	0.756711
77	50	1.14364
77	69	1.13149
77	88	1.24835
77	109	1.19685
77	116	0.770639
77	136	1.17875
77	146	1.21587
77	153	1.22677
77	161	0.717017
77	165	1.20478
77	167	0.732173
77	168	0.703181
77	169	1.22038
77	171	0.698445
77	172	0.682915
77	173	0.699294
77	175	1.24911
77	176	0.708501
77	180	1.28401
78	41	0.782168
78	66	0.765985
78	67	1.09559
78	69	0.793997
78	74	1.20735
78	91	0.715562
78	94	1.18851
78	108	0.739033
78	109	0.707551
78	118	1.18507
78	119	0.724833
78	121	1.15363
78	124	1.11842
78	137	1.14711
78	141	0.762815
78	144	1.19512
78	170	1.19928
78	171	1.17393
78	178	1.16193
78	179	1.17406
79	17	0.844945
79	38	1.14084
79	48	1.0886
79	49	1.22834
79	52	1.1761
79	72	1.19035
79	80	1.14685
79	83	0.724011
79	86	1.21048
79	134	1.13499
79	152	0.73964
79	158	0.766465
79	165	1.15358
79	166	1.14364
79	169	0.727284
79	170	1.18069
79	172	0.726617
79	174	0.724037
79	176	0.752203
79	177	1.20555
80	38	1.14084
80	48	1.0886
80	49	1.22834
80	52	1.1761
80	72	1.19035
80	79	1.14685
80	86	1.21048
80	129	0.808756
80	134	1.13499
80	147	0.75564
80	155	0.768141
80	164	0.791372
80	165	1.15358
80	166	1.14364
80	170	1.18069
80	171	0.766671
80	172	0.751141
80	175	0.7088
80	177	1.20555
80	180	0.659055
81	10	0.908535
81	15	0.78532
81	19	0.693018
81	47	0.696388
81	51	0.709021
81	99	0.739533
81	114	1.17599
81	124	0.795136
81	126	1.16714
81	147	1.18073
81	156	1.16856
81	161	1.16521
81	162	1.16142
81	167	1.14986
81	171	1.16571
81	173	1.172
81	174	1.17383
81	178	1.15371
81	179	1.16584
81	180	0.668865
82	11	1.20291
82	15	1.13076
82	22	1.08855
82	32	1.15881
82	54	1.09453
82	65	1.26716
82	97	1.24597
82	102	0.706606
82	110	1.13842
82	119	1.18477
82	125	1.17373
82	130	0.741491
82	135	0.723126
82	136	0.751331
82	142	0.737033
82	149	1.13495
82	161	0.794501
82	163	0.794487
82	172	1.17945
82	174	0.757819
83	7	1.18645
83	29	1.12992
83	30	1.1585
83	44	1.23234
83	55	1.18669
83	59	1.13963
83	67	1.0736
83	74	1.18536
83	79	0.724011
83	84	0.760269
83	94	1.16652
83	118	1.16309
83	122	0.687378
83	135	1.21211
83	157	0.778867
83	159	0.760354
83	167	0.806011
83	168	0.777019
83	169	1.16579
83	177	0.71414
84	27	0.692129
84	72	0.717528
84	83	0.760269
84	103	0.815837
84	117	1.11611
84	123	0.765004
84	126	1.16867
84	131	0.749278
84	136	0.753807
84	143	1.20885
84	147	1.18226
84	151	0.738225
84	159	1.16249
84	161	1.16674
84	164	1.15614
84	171	1.16724
84	173	1.17353
84	174	1.17536
84	178	1.15524
84	179	1.16737
85	3	1.1676
85	35	0.778157
85	42	1.08752
85	52	0.738113
85	54	0.871759
85	69	1.05224
85	96	1.11519
85	110	0.818553
85	115	0.748196
85	121	0.780005
85	122	1.17913
85	134	0.766557
85	139	1.1603
85	152	0.791579
85	153	1.14752
85	160	1.12343
85	167	1.11144
85	174	1.13541
85	177	1.17751
85	178	1.11529
85	179	1.12742
86	38	1.20447
86	46	0.65708
86	48	1.15224
86	49	1.29197
86	52	1.23974
86	68	0.753441
86	72	1.25398
86	79	1.21048
86	80	1.21048
86	117	0.785765
86	134	1.19863
86	135	0.651154
86	157	0.710542
86	159	0.692029
86	165	1.21721
86	166	1.20727
86	169	0.689095
86	170	1.24432
86	175	0.646087
86	177	1.26919
86	178	0.725826
87	1	0.753238
87	34	0.785232
87	40	0.858334
87	112	0.780548
87	122	1.18446
87	127	1.10059
87	128	1.09959
87	135	1.19279
87	138	1.08821
87	139	1.16563
87	141	1.10157
87	146	1.14195
87	149	1.10239
87	150	1.13737
87	151	1.14141
87	152	1.09119
87	153	1.15285
87	161	0.797043
87	162	0.785351
87	172	0.762941
87	179	0.785146
88	77	1.24835
88	89	1.25777
88	111	1.24727
88	113	0.702465
88	123	1.16132
88	133	1.18849
88	136	1.17784
88	138	0.70913
88	146	1.21496
88	147	0.701102
88	153	1.22587
88	154	1.2519
88	157	1.1949
88	161	0.730705
88	170	0.685556
88	171	0.712133
88	172	0.696603
88	175	1.24821
88	177	0.653991
88	179	0.718808
88	180	1.28311
89	32	0.70235
89	46	0.66498
89	53	0.675596
89	61	0.742344
89	69	1.14091
89	88	1.25777
89	100	0.759887
89	109	1.20628
89	111	1.2576
89	122	1.2678
89	123	1.17164
89	133	1.19882
89	146	1.22529
89	147	0.700826
89	149	1.18573
89	153	1.23619
89	159	0.699929
89	166	0.673995
89	170	0.685281
89	175	1.25853
89	180	1.29344
90	6	1.22463
90	11	1.22858
90	22	1.11422
90	37	0.728134
90	54	1.1202
90	64	1.15925
90	65	1.29283
90	74	0.690141
90	76	1.13136
90	110	1.16409
90	112	0.762262
90	113	0.750518
90	116	1.13235
90	119	1.21044
90	125	1.1994
90	131	1.21754
90	139	0.684271
90	157	0.76677
90	163	0.778743
90	169	0.745323
90	172	1.20512
90	177	0.702043
91	63	1.17095
91	71	1.13374
91	78	0.715562
91	102	1.22839
91	138	1.14729
91	140	1.17656
91	141	1.16065
91	142	0.704636
91	145	1.19233
91	150	1.19645
91	151	1.20049
91	152	1.15027
91	163	0.76209
91	166	1.18
91	167	0.777261
91	168	1.19371
91	169	0.72867
91	171	0.743532
91	173	0.744382
91	175	0.685661
91	179	0.750208
91	180	1.26918
92	18	0.869798
92	31	1.16436
92	95	1.15751
92	106	0.72371
92	122	1.23066
92	123	1.1345
92	133	1.16168
92	143	0.70924
92	146	1.18815
92	149	1.14859
92	153	1.19905
92	157	1.16809
92	161	0.74292
92	165	1.17706
92	168	0.729084
92	169	1.19266
92	170	0.697771
92	172	0.708818
92	173	0.725197
92	174	0.706238
92	175	1.22139
92	180	1.2563
93	1	0.717751
93	13	1.32292
93	21	1.10356
93	60	1.14943
93	96	1.1711
93	101	1.17967
93	103	1.14746
93	108	1.19025
93	117	0.82479
93	120	1.19942
93	127	1.15118
93	128	1.15018
93	139	1.21621
93	142	0.704087
93	149	0.767427
93	158	0.767302
93	162	0.749863
93	168	1.18521
93	170	0.716406
93	172	0.727454
93	177	1.23342
93	180	0.635368
94	8	1.04151
94	29	1.15637
94	30	1.18496
94	44	1.25879
94	51	1.19629
94	55	1.21314
94	59	1.16608
94	73	1.23424
94	74	1.21181
94	78	1.18851
94	83	1.16652
94	114	0.736728
94	118	1.18954
94	142	0.706543
94	148	0.738021
94	155	0.746909
94	156	0.772083
94	169	1.19224
94	170	0.718862
94	176	0.755496
94	177	0.687297
94	179	0.752114
95	3	1.18282
95	9	0.721114
95	31	1.12805
95	92	1.15751
95	109	1.13282
95	111	1.18415
95	123	1.09819
95	126	0.791108
95	133	1.12537
95	136	1.11472
95	144	0.732388
95	146	1.15184
95	149	1.11228
95	153	1.16274
95	154	1.18878
95	164	0.805591
95	165	1.14075
95	166	0.743027
95	170	0.754313
95	172	0.76536
95	176	0.790946
95	178	0.802758
95	180	1.21999
96	4	1.19752
96	21	1.07207
96	24	1.2103
96	60	1.11795
96	85	1.11519
96	93	1.1711
96	101	1.14818
96	103	1.11597
96	108	1.15876
96	114	0.767837
96	115	0.730659
96	120	1.16793
96	127	1.11969
96	128	1.11869
96	139	1.18473
96	149	0.800991
96	157	0.783133
96	159	0.764619
96	162	0.783428
96	164	0.801249
96	172	0.761018
96	175	0.718677
96	177	1.20193
97	6	1.27839
97	32	1.23824
97	54	1.17395
97	58	0.662247
97	64	1.21301
97	76	1.18512
97	82	1.24597
97	98	1.31386
97	100	0.749448
97	110	1.21784
97	116	1.18611
97	119	1.26419
97	125	1.25315
97	129	0.743503
97	131	1.2713
97	135	0.648615
97	146	0.653255
97	164	0.726119
97	170	0.674842
97	171	0.701419
97	172	1.25887
97	175	0.643547
97	179	0.708094
98	19	1.2915
98	22	1.15645
98	62	0.722273
98	75	1.14958
98	97	1.31386
98	110	1.20631
98	112	0.699769
98	131	1.25976
98	137	0.680761
98	143	0.682584
98	145	1.23371
98	150	1.23782
98	151	1.24186
98	152	1.19164
98	153	0.648177
98	160	0.703772
98	161	0.716264
98	162	0.704572
98	165	1.23132
98	170	0.671115
98	174	0.679583
98	175	1.27564
98	180	1.31055
99	16	1.21111
99	35	1.14526
99	57	1.17289
99	68	1.08091
99	81	0.739533
99	104	1.18638
99	115	1.15449
99	117	0.835277
99	121	1.12211
99	124	1.0869
99	132	1.14766
99	137	1.11559
99	144	1.1636
99	147	0.742439
99	148	0.746052
99	149	0.777914
99	154	1.18868
99	158	0.777789
99	168	0.758206
99	170	1.16776
99	172	1.15667
99	178	0.775338
99	179	0.760146
100	4	0.773992
100	7	0.780004
100	17	1.06936
100	23	0.733759
100	26	1.08401
100	68	0.887932
100	89	0.759887
100	97	0.749448
100	107	0.717806
100	111	0.761873
100	114	1.1644
100	143	1.19573
100	162	1.14983
100	167	1.13828
100	171	1.15412
100	172	1.16839
100	173	1.16041
100	174	1.16224
100	176	1.15252
100	177	1.20434
100	178	1.14212
100	179	1.15425
100	180	0.730832
101	21	1.08063
101	24	1.21887
101	41	1.11814
101	43	0.795824
101	60	1.12651
101	93	1.17967
101	96	1.14818
101	103	1.12453
101	108	1.16732
101	112	0.759687
101	120	1.17649
101	127	1.12825
101	128	1.12725
101	139	1.19329
101	147	0.746579
101	149	0.782053
101	155	0.75908
101	162	0.76449
101	164	0.782311
101	166	1.14858
101	167	0.791338
101	168	1.16229
101	170	0.731033
102	26	0.833277
102	63	1.17976
102	66	1.18452
102	70	1.25236
102	82	0.706606
102	91	1.22839
102	138	1.1561
102	140	1.18537
102	141	1.16945
102	145	1.20114
102	149	0.745538
102	150	1.20525
102	151	1.20929
102	152	1.15907
102	154	0.637048
102	162	0.727974
102	163	0.739652
102	166	1.18881
102	168	1.20251
102	173	0.721944
102	174	0.702984
102	175	0.663223
102	176	0.731151
102	180	1.27798
103	4	1.17387
103	21	1.04843
103	41	1.08593
103	42	1.08831
103	45	0.766726
103	60	1.0943
103	61	0.858337
103	84	0.815837
103	93	1.14746
103	96	1.11597
103	101	1.12453
103	120	1.14428
103	127	1.09604
103	128	1.09505
103	130	0.793412
103	139	1.16108
103	163	0.846408
103	166	1.11638
103	168	1.13008
103	170	0.801273
103	175	0.769979
103	177	1.17829
103	179	0.834526
103	180	0.720234
104	12	0.765138
104	14	1.17725
104	35	1.21065
104	68	1.1463
104	99	1.18638
104	115	1.21988
104	116	0.791123
104	121	1.1875
104	122	0.634024
104	124	1.15229
104	126	0.729146
104	130	0.68449
104	132	1.21305
104	134	1.18745
104	137	1.18098
104	141	0.719295
104	144	1.22899
104	154	1.25407
104	155	0.720398
104	169	0.704065
104	170	1.23315
104	171	0.718928
104	172	1.22207
104	178	0.740796
105	15	0.743664
105	35	0.718896
105	58	0.695653
105	68	0.784308
105	108	0.71141
105	117	1.15659
105	134	0.707297
105	147	1.22274
105	151	0.694645
105	152	0.732319
105	158	1.18062
105	160	1.20386
105	162	1.20342
105	163	1.19703
105	164	1.19661
105	165	0.706202
105	166	0.696962
105	167	1.19187
105	171	1.20771
105	173	1.21401
105	174	1.21584
105	176	1.20612
105	178	1.19572
105	179	1.20785
106	40	1.12296
106	50	0.801377
106	62	1.15828
106	92	0.72371
106	111	0.713205
106	119	0.752165
106	120	0.719267
106	129	1.14623
106	131	0.760654
106	134	0.762252
106	143	1.21653
106	146	0.741617
106	158	1.14782
106	162	1.17062
106	163	1.16423
106	164	1.16381
106	165	0.761157
106	166	0.751918
106	167	1.15907
106	171	1.17491
106	173	1.18121
106	174	1.18304
106	176	1.17332
106	178	1.16292
106	179	1.17505
107	34	0.676538
107	58	1.27046
107	64	0.682938
107	75	1.17103
107	100	0.717806
107	112	0.671854
107	117	0.751584
107	124	1.199
107	132	1.25977
107	137	1.2277
107	140	1.23937
107	141	1.22346
107	142	0.630881
107	144	1.2757
107	150	1.25926
107	151	1.2633
107	152	1.21308
107	158	0.694095
107	159	0.657848
107	167	0.703505
107	169	0.654914
107	172	1.26878
107	173	0.670626
107	175	1.29709
107	180	1.33199
108	4	1.21666
108	21	1.09121
108	41	1.12872
108	42	1.1311
108	60	1.13709
108	78	0.739033
108	93	1.19025
108	96	1.15876
108	101	1.16732
108	105	0.71141
108	120	1.18707
108	125	0.724477
108	127	1.13883
108	128	1.13784
108	135	1.23103
108	139	1.20387
108	159	0.755074
108	160	0.773082
108	163	0.78556
108	166	1.15917
108	169	0.752141
108	172	0.751473
108	173	0.767852
108	174	0.748893
108	177	1.22108
109	18	0.88097
109	21	0.821807
109	24	0.655752
109	38	0.696137
109	47	1.2283
109	69	1.07908
109	77	1.19685
109	78	0.707551
109	89	1.20628
109	95	1.13282
109	113	0.725854
109	117	0.817328
109	122	1.20597
109	123	1.10982
109	133	1.13699
109	136	1.12634
109	146	1.16347
109	153	1.17437
109	157	1.14341
109	168	0.740257
109	169	1.16798
109	172	0.719991
109	175	1.19671
109	179	0.742196
109	180	1.23161
110	2	1.02277
110	15	1.10263
110	54	1.06641
110	64	1.10546
110	65	1.23904
110	76	1.07757
110	82	1.13842
110	85	0.818553
110	90	1.16409
110	97	1.21784
110	98	1.20631
110	119	1.15665
110	125	1.14561
110	130	0.780447
110	131	1.16375
110	135	0.762082
110	143	0.799777
110	149	1.10683
110	150	0.751593
110	153	0.76537
110	155	0.816356
110	165	1.1353
110	169	0.800023
110	172	1.15133
110	175	0.757014
110	177	0.756743
111	3	1.24577
111	37	0.681792
111	69	1.13041
111	88	1.24727
111	89	1.2576
111	95	1.18415
111	100	0.761873
111	106	0.713205
111	113	0.704176
111	114	0.705132
111	122	1.2573
111	123	1.16114
111	130	0.679405
111	133	1.18832
111	136	1.17767
111	146	1.21479
111	149	1.17523
111	153	1.22569
111	156	0.740487
111	165	1.2037
111	167	0.747571
111	170	0.687266
111	175	1.24803
111	177	0.655701
111	178	0.735711
111	180	1.28294
112	13	0.645264
112	15	0.801334
112	24	0.712726
112	69	0.824044
112	87	0.780548
112	90	0.762262
112	98	0.699769
112	101	0.759687
112	107	0.671854
112	119	0.75488
112	129	1.14918
112	142	1.21661
112	147	1.19289
112	155	1.1757
112	160	1.17401
112	161	1.17737
112	163	1.16718
112	164	1.16676
112	169	1.19171
112	171	1.17786
112	173	1.18416
112	174	1.18599
112	175	1.22044
112	176	1.17627
112	178	1.16587
112	179	1.178
112	180	0.684879
113	4	0.716295
113	22	0.833793
113	38	0.741367
113	88	0.702465
113	90	0.750518
113	109	0.725854
113	111	0.704176
113	120	0.710238
113	121	1.1683
113	124	1.13309
113	132	1.19386
113	133	0.748725
113	136	0.756153
113	137	1.16179
113	139	0.704836
113	140	1.17346
113	144	1.20979
113	145	1.18924
113	150	1.19335
113	151	1.19739
113	152	1.14717
113	171	1.1886
113	173	1.19489
113	174	1.19672
113	176	1.187
113	178	1.1766
113	179	1.18874
114	4	0.717251
114	45	1.25509
114	63	0.769097
114	70	0.711797
114	81	1.17599
114	94	0.736728
114	96	0.767837
114	100	1.1644
114	111	0.705132
114	122	0.696803
114	130	1.22344
114	132	0.741757
114	142	1.21283
114	145	0.735468
114	152	0.779201
114	153	0.732191
114	158	1.147
114	159	1.16934
114	161	1.1736
114	162	1.1698
114	164	1.16299
114	171	1.17409
114	173	1.18039
114	174	1.18222
114	176	1.1725
114	178	1.16209
114	179	1.17423
115	9	1.2192
115	14	1.14536
115	16	1.2446
115	20	0.659271
115	35	1.17876
115	57	1.20639
115	62	0.76911
115	68	1.1144
115	85	0.748196
115	96	0.730659
115	99	1.15449
115	104	1.21988
115	121	1.1556
115	124	1.12039
115	132	1.18116
115	137	1.14908
115	142	0.705633
115	144	1.19709
115	152	0.742023
115	154	1.22217
115	160	0.750608
115	161	0.763101
115	168	0.749265
115	170	1.20126
115	171	0.744529
115	172	1.19017
115	173	0.745378
116	3	0.79202
116	5	0.760025
116	11	1.14305
116	29	0.82939
116	51	0.795153
116	75	0.890915
116	77	0.770639
116	90	1.13235
116	97	1.18611
116	104	0.791123
116	119	1.12491
116	121	0.848532
116	127	0.830895
116	131	1.13202
116	139	0.786699
116	141	1.07427
116	145	1.10596
116	150	1.11007
116	151	1.11411
116	152	1.06389
116	156	1.10817
116	160	1.10147
116	167	1.08948
116	173	1.11161
116	176	1.10373
116	178	1.09332
116	179	1.10546
117	5	0.769637
117	84	1.11611
117	86	0.785765
117	93	0.82479
117	99	0.835277
117	105	1.15659
117	107	0.751584
117	109	0.817328
117	127	0.840507
117	145	0.825985
117	147	1.12771
117	150	0.808933
117	155	1.11052
117	156	1.11553
117	158	1.08559
117	160	1.10883
117	161	1.11219
117	162	1.1084
117	163	1.102
117	164	1.10159
117	166	0.834363
117	167	1.09684
117	171	1.11268
117	174	1.12081
117	176	1.11109
117	178	1.10069
117	179	1.11282
118	7	1.20947
118	8	1.03807
118	24	0.670815
118	29	1.15294
118	30	1.18152
118	44	1.25536
118	51	1.19285
118	55	1.20971
118	59	1.16265
118	66	0.754121
118	67	1.09662
118	73	1.23081
118	74	1.20838
118	78	1.18507
118	83	1.16309
118	94	1.18954
118	135	1.23513
118	137	0.733653
118	142	0.711688
118	147	0.739553
118	160	0.756664
118	164	0.775285
118	167	0.784313
118	169	1.18881
118	172	0.735055
118	175	0.692713
118	179	0.75726
119	1	0.72757
119	2	1.06912
119	6	1.21719
119	32	1.17704
119	64	1.15181
119	65	1.28539
119	76	1.12392
119	78	0.724833
119	82	1.18477
119	90	1.21044
119	97	1.26419
119	106	0.752165
119	110	1.15665
119	112	0.75488
119	116	1.12491
119	125	1.19196
119	131	1.2101
119	135	0.699999
119	149	1.15318
119	156	0.779447
119	160	0.758882
119	165	1.18165
119	168	0.757539
119	170	0.726226
119	172	1.19768
119	174	0.734693
119	177	0.694661
120	13	1.31974
120	21	1.10038
120	24	1.23862
120	26	0.832088
120	40	0.799768
120	41	1.13789
120	42	1.14026
120	53	0.683644
120	60	1.14626
120	61	0.750391
120	93	1.19942
120	96	1.16793
120	101	1.17649
120	103	1.14428
120	106	0.719267
120	108	1.18707
120	113	0.710238
120	127	1.148
120	139	1.21304
120	148	0.712486
120	157	0.72649
120	166	1.16833
120	168	1.18204
120	169	0.705043
120	177	1.23025
120	178	0.741773
120	179	0.72658
121	9	1.18682
121	16	1.21222
121	57	1.174
121	62	0.800918
121	68	1.08202
121	78	1.15363
121	85	0.780005
121	99	1.12211
121	104	1.1875
121	113	1.1683
121	115	1.1556
121	116	0.848532
121	124	1.08801
121	132	1.14878
121	134	1.12318
121	137	1.1167
121	144	1.16471
121	148	0.768919
121	154	1.18979
121	168	0.781074
121	169	0.761475
121	170	1.16887
121	172	1.15779
121	173	0.777187
121	175	0.718466
121	176	0.786394
121	177	0.718195
121	180	0.668722
122	47	1.28982
122	50	1.15276
122	69	1.1406
122	83	0.687378
122	85	1.17913
122	87	1.18446
122	89	1.2678
122	92	1.23066
122	104	0.634024
122	109	1.20597
122	111	1.2573
122	114	0.696803
122	126	0.715732
122	136	1.18786
122	146	1.22499
122	153	1.23589
122	154	1.26192
122	156	0.732158
122	158	0.729833
122	159	0.693585
122	169	1.2295
122	170	0.678937
122	172	0.689984
122	175	1.25823
122	176	0.71557
122	178	0.727382
122	179	0.712189
122	180	1.29313
123	17	0.879816
123	27	1.1841
123	47	1.19366
123	50	1.0566
123	56	0.866046
123	69	1.04445
123	84	0.765004
123	88	1.16132
123	89	1.17164
123	92	1.1345
123	95	1.09819
123	109	1.10982
123	111	1.16114
123	133	1.10236
123	136	1.09171
123	143	0.761909
123	146	1.12883
123	147	0.765986
123	153	1.13973
123	157	1.10877
123	159	0.765088
123	165	1.11774
123	169	1.13335
123	171	0.777017
123	172	0.761487
123	175	1.16207
123	176	0.787073
123	178	0.798885
123	179	0.783692
124	9	1.15161
124	16	1.17701
124	35	1.11116
124	43	0.847288
124	57	1.13879
124	70	0.739163
124	78	1.11842
124	81	0.795136
124	99	1.0869
124	104	1.15229
124	107	1.199
124	113	1.13309
124	115	1.12039
124	121	1.08801
124	132	1.11357
124	134	1.08797
124	137	1.08149
124	139	0.733159
124	142	0.770177
124	143	0.793965
124	144	1.1295
124	154	1.15458
124	156	0.835717
124	162	0.815953
124	164	0.833774
124	169	0.794211
124	170	1.13366
124	172	1.12258
124	175	0.751202
125	2	1.05808
125	6	1.20615
125	11	1.21009
125	15	1.13794
125	22	1.09574
125	36	0.716075
125	40	0.827756
125	43	0.786107
125	54	1.10172
125	64	1.14077
125	65	1.27435
125	76	1.11288
125	82	1.17373
125	90	1.1994
125	97	1.25315
125	108	0.724477
125	110	1.14561
125	119	1.19196
125	131	1.19906
125	149	1.14214
125	157	0.754477
125	165	1.17061
125	168	0.752629
125	172	1.18664
125	173	0.748742
125	174	0.729783
125	176	0.757949
125	177	0.68975
125	178	0.769761
125	179	0.754568
126	6	0.716106
126	7	0.742193
126	11	0.74637
126	74	0.730592
126	81	1.16714
126	84	1.16867
126	95	0.791108
126	104	0.729146
126	122	0.715732
126	133	0.76861
126	137	0.783705
126	140	0.756572
126	143	1.20686
126	148	1.1576
126	153	0.75112
126	155	1.16308
126	158	1.13815
126	159	1.1605
126	160	1.16139
126	161	1.16475
126	163	1.15456
126	166	0.762774
126	167	1.1494
126	171	1.16524
126	173	1.17154
126	174	1.17337
126	176	1.16365
126	177	1.21547
126	178	1.15325
126	179	1.16538
127	4	1.17759
127	5	1.17278
127	13	1.2715
127	21	1.05214
127	24	1.19038
127	41	1.08965
127	42	1.09203
127	62	0.783281
127	87	1.10059
127	93	1.15118
127	96	1.11969
127	101	1.12825
127	103	1.09604
127	108	1.13883
127	116	0.830895
127	117	0.840507
127	120	1.148
127	128	1.09877
127	135	1.19196
127	139	1.1648
127	147	0.747669
127	148	0.751282
127	149	0.783143
127	157	0.765285
127	158	0.783019
127	160	0.764779
127	161	0.777272
127	168	1.1338
127	169	0.743838
127	172	0.74317
127	177	1.18201
128	4	1.17659
128	5	1.17178
128	13	1.2705
128	24	1.18938
128	37	0.752098
128	41	1.08865
128	42	1.09103
128	60	1.09702
128	76	0.808584
128	87	1.09959
128	93	1.15018
128	96	1.11869
128	101	1.12725
128	103	1.09505
128	108	1.13784
128	127	1.09877
128	135	1.19096
128	139	1.1638
128	157	0.790734
128	162	0.791029
128	166	1.1191
128	168	1.1328
128	170	0.757572
128	171	0.784149
128	172	0.76862
128	173	0.784999
128	174	0.76604
128	175	0.726278
128	176	0.794206
128	177	1.18101
128	179	0.790825
129	49	0.717867
129	63	0.819892
129	65	0.717706
129	80	0.808756
129	97	0.743503
129	106	1.14623
129	112	1.14918
129	130	1.18448
129	131	0.803376
129	133	0.800477
129	139	0.756588
129	142	1.17387
129	145	0.786263
129	146	0.784339
129	147	1.15016
129	154	0.748456
129	155	1.13296
129	158	1.10803
129	161	1.13463
129	163	1.12445
129	164	1.12403
129	165	0.80388
129	167	1.11929
129	169	1.14898
129	172	1.1494
129	173	1.14142
129	174	1.14325
129	175	1.1777
129	176	1.13353
129	178	1.12313
129	179	1.13527
130	3	0.685387
130	32	0.746473
130	40	1.16121
130	56	1.12785
130	61	1.18777
130	73	0.666376
130	82	0.741491
130	103	0.793412
130	104	0.68449
130	110	0.780447
130	111	0.679405
130	114	1.22344
130	129	1.18448
130	131	0.726854
130	142	1.25191
130	144	0.707478
130	153	0.706464
130	155	1.211
130	159	1.20841
130	162	1.20887
130	164	1.20206
130	165	0.727357
130	167	1.19732
130	171	1.21316
130	173	1.21946
130	174	1.22129
130	175	1.25574
130	176	1.21157
130	178	1.20116
130	179	1.2133
130	180	0.648364
131	1	0.736059
131	2	1.07623
131	6	1.2243
131	11	1.22824
131	15	1.15609
131	20	0.676033
131	22	1.11389
131	32	1.18414
131	54	1.11986
131	64	1.15891
131	76	1.13102
131	84	0.749278
131	90	1.21754
131	97	1.2713
131	98	1.25976
131	106	0.760654
131	110	1.16375
131	116	1.13202
131	119	1.2101
131	125	1.19906
131	129	0.803376
131	130	0.726854
131	148	0.753873
131	149	1.16028
131	159	0.749363
131	165	1.18875
131	168	0.766028
131	172	1.20478
131	173	0.762141
131	177	0.703149
131	179	0.767967
131	180	0.653676
132	9	1.21238
132	14	1.13853
132	16	1.23778
132	35	1.17193
132	36	0.71865
132	43	0.788682
132	57	1.19956
132	68	1.10758
132	99	1.14766
132	104	1.21305
132	107	1.25977
132	113	1.19386
132	114	0.741757
132	115	1.18116
132	121	1.14878
132	124	1.11357
132	133	0.718442
132	134	1.14874
132	137	1.14226
132	144	1.19027
132	147	0.739436
132	154	1.21535
132	157	0.757052
132	161	0.769039
132	163	0.769025
132	168	0.755204
132	170	1.19443
132	172	1.18335
132	176	0.760524
132	177	0.692325
132	179	0.757143
132	180	0.642852
133	31	1.13222
133	47	1.22084
133	50	1.08378
133	56	0.847421
133	69	1.07162
133	88	1.18849
133	89	1.19882
133	92	1.16168
133	95	1.12537
133	109	1.13699
133	111	1.18832
133	113	0.748725
133	123	1.10236
133	126	0.76861
133	129	0.800477
133	132	0.718442
133	136	1.11888
133	144	0.70989
133	146	1.15601
133	153	1.16691
133	154	1.19295
133	157	1.13595
133	161	0.776964
133	165	1.14492
133	166	0.72053
133	169	1.16052
133	172	0.742862
133	173	0.759242
133	175	1.18925
133	176	0.768449
133	178	0.78026
133	179	0.765067
133	180	1.22415
134	23	1.2131
134	39	1.13912
134	75	1.05999
134	79	1.13499
134	80	1.13499
134	85	0.766557
134	86	1.19863
134	104	1.18745
134	105	0.707297
134	106	0.762252
134	121	1.12318
134	124	1.08797
134	132	1.14874
134	137	1.11666
134	143	0.747782
134	144	1.16467
