1	51	1.14387
1	80	1.06193
1	87	1.07307
1	90	1.03677
1	93	1.03798
1	102	1.02881
1	130	1.05792
1	139	1.07829
1	152	1.08843
1	171	1.3921
1	178	0.840404
1	180	1.08467
2	39	1.34473
2	55	0.939966
2	86	0.962018
2	96	1.00457
2	112	0.997382
2	121	0.926406
2	123	0.929129
2	126	0.960721
2	127	0.965168
2	133	0.956513
2	159	0.961778
2	173	1.60349
3	44	1.04711
3	90	1.04569
3	97	1.05275
3	104	1.02982
3	107	1.08876
3	118	1.08527
3	130	1.06684
3	139	1.08721
3	152	1.09735
3	155	1.081
3	164	0.829552
3	174	1.33342
4	30	0.0724871
4	57	1.11399
4	98	1.14355
4	139	0.668121
4	155	1.1101
4	160	1.11481
4	171	1.03794
4	172	0.653428
4	175	1.01787
4	176	1.02336
4	177	1.03076
4	179	1.00741
5	17	0.909324
5	21	1.01632
5	29	0.980295
5	31	0.98477
5	32	0.989231
5	34	0.959806
5	37	0.95952
5	99	0.971042
5	113	0.846804
5	131	1.59992
5	150	1.36877
5	152	0.988263
6	28	1.09654
6	80	1.07577
6	90	1.05061
6	93	1.05182
6	102	1.04265
6	104	1.03474
6	118	1.09019
6	130	1.07176
6	139	1.09213
6	143	0.905195
6	160	0.785952
6	166	1.64663
7	47	0.966651
7	59	1.02807
7	92	1.00991
7	100	0.991293
7	117	0.950125
7	119	1.27847
7	122	0.941105
7	124	1.72425
7	141	0.931609
7	144	0.955381
7	172	0.95288
7	180	0.875443
8	24	1.26847
8	32	0.228944
8	58	0.264221
8	161	1.1162
8	166	1.05478
8	168	1.06035
8	173	1.12809
8	175	1.03841
8	176	1.04391
8	177	1.0513
8	178	1.07524
8	179	1.02795
9	33	1.06746
9	40	1.04835
9	49	1.04928
9	54	1.10583
9	67	1.08941
9	134	1.05124
9	137	1.08111
9	140	0.687675
9	155	0.840002
9	157	1.05132
9	163	1.06324
9	180	1.73124
10	98	0.880599
10	143	0.837845
10	154	0.856074
10	162	0.813585
10	166	0.771287
10	171	0.774987
10	173	0.844593
10	175	0.75492
10	176	0.760416
10	177	0.767811
10	178	0.791747
10	179	0.744459
11	67	1.1006
11	74	2.29088
11	84	1.08287
11	106	1.02882
11	108	1.02925
11	128	0.471305
11	134	1.06243
11	135	1.06418
11	137	1.0923
11	163	1.07443
11	172	1.06881
11	178	0.70766
12	58	1.01968
12	61	0.902074
12	85	0.896465
12	87	0.979743
12	90	0.943442
12	93	0.944658
12	107	0.986518
12	118	0.983028
12	130	0.964593
12	139	0.984967
12	149	0.859366
12	179	2.16514
13	55	0.934195
13	131	0.991934
13	144	0.911029
13	146	0.993656
13	155	0.997967
13	169	0.944312
13	170	0.953771
13	173	0.995411
13	174	0.964678
13	177	0.918629
13	178	0.942565
13	179	0.895277
14	81	0.858007
14	107	2.11484
14	142	0.852885
14	154	0.922875
14	160	0.918665
14	162	0.880385
14	165	0.909948
14	171	0.841788
14	173	0.911394
14	177	0.834612
14	178	0.858548
14	179	0.81126
15	17	0.989324
15	21	1.09632
15	29	1.0603
15	31	1.06477
15	32	1.06923
15	34	1.03981
15	37	1.03952
15	99	1.05104
15	113	0.926804
15	152	1.06826
15	161	0.688387
15	171	1.24429
15	179	1.65413
16	82	1.15248
16	103	1.17002
16	112	1.19743
16	114	1.14449
16	121	1.12646
16	123	1.12918
16	126	1.16077
16	127	1.16522
16	133	1.15656
16	160	0.600517
16	166	1.4612
16	168	1.23099
16	174	0.540272
17	5	0.909324
17	15	0.989324
17	21	0.995618
17	29	0.959596
17	31	0.964071
17	32	0.968532
17	34	0.939107
17	37	0.93882
17	99	0.950343
17	113	0.826105
17	152	0.967564
17	158	1.6974
17	173	1.46673
18	59	0.075921
18	121	1.7482
18	143	0.977803
18	156	0.992605
18	158	0.977347
18	161	0.972665
18	171	0.914945
18	173	0.984551
18	174	0.953819
18	176	0.900375
18	177	0.907769
18	178	0.931706
18	179	0.884417
19	51	0.710046
19	104	1.22077
19	131	0.984058
19	136	1.0209
19	147	1.00366
19	158	0.98033
19	168	0.919801
19	169	0.936436
19	171	0.917928
19	176	0.903358
19	177	0.910752
19	178	0.934689
19	179	0.8874
20	52	1.05169
20	92	1.11529
20	105	1.03134
20	117	1.0555
20	129	1.00634
20	141	1.03699
20	144	1.06076
20	150	0.828778
20	166	0.984593
20	167	1.02689
20	169	1.6097
20	172	1.05826
20	180	0.980819
21	5	1.01632
21	15	1.09632
21	17	0.995618
21	29	1.06659
21	32	1.07553
21	34	1.0461
21	37	1.04581
21	99	1.05734
21	113	0.933098
21	138	1.19214
21	152	1.07456
21	164	0.940839
21	165	1.30781
22	135	1.1619
22	142	0.936293
22	148	0.894064
22	155	0.997358
22	158	0.987597
22	169	0.943703
22	171	0.925196
22	172	0.858624
22	173	0.994801
22	174	0.964069
22	177	0.91802
22	178	0.941956
22	179	0.894667
23	40	1.03817
23	91	1.03174
23	106	1.00745
23	108	1.00788
23	110	1.05173
23	115	0.621369
23	124	0.846305
23	134	1.04106
23	135	1.0428
23	137	1.07092
23	159	1.06172
23	171	2.02941
23	172	1.04743
24	8	1.26847
24	30	0.970826
24	48	1.58088
24	67	0.977862
24	84	0.960137
24	91	0.930378
24	97	0.931684
24	108	0.906519
24	110	0.950376
24	134	0.939699
24	135	0.941444
24	163	0.951698
24	172	0.946073
25	68	0.947801
25	85	0.887362
25	102	0.926386
25	117	0.953037
25	118	0.973925
25	129	1.55815
25	130	0.955491
25	139	0.975864
25	144	0.958292
25	152	0.986006
25	154	1.59331
25	172	0.955791
25	180	0.878354
26	36	0.939674
26	66	0.982265
26	86	0.94481
26	96	0.987364
26	114	0.927234
26	123	0.91192
26	126	0.943512
26	127	0.94796
26	133	0.939304
26	159	0.944569
26	163	0.935905
26	165	1.52721
26	174	1.66411
27	53	2.00606
27	55	0.917855
27	60	0.912186
27	82	0.930317
27	86	0.939908
27	96	0.982462
27	112	0.975271
27	114	0.922331
27	121	0.904296
27	123	0.907018
27	126	0.93861
27	127	0.943058
27	133	0.934402
27	150	1.38385
28	6	1.09654
28	70	0.816345
28	80	1.01427
28	85	0.942129
28	95	1.39946
28	102	0.981152
28	104	0.973239
28	107	1.03218
28	115	1.36863
28	118	1.02869
28	130	1.01026
28	139	1.03063
28	140	1.05272
28	152	1.04077
29	5	0.980295
29	15	1.0603
29	17	0.959596
29	21	1.06659
29	31	1.03504
29	32	1.0395
29	34	1.01008
29	37	1.00979
29	48	1.1123
29	111	1.27896
29	113	0.897076
29	142	1.48073
29	152	1.03854
29	153	0.882194
30	4	0.0724871
30	24	0.970826
30	54	1.05904
30	67	1.04262
30	72	1.05092
30	108	0.971273
30	110	1.01513
30	135	1.0062
30	137	1.03432
30	148	2.85273
30	159	1.02512
30	160	0.617472
30	163	1.01645
30	172	1.01083
31	5	0.98477
31	15	1.06477
31	17	0.964071
31	29	1.03504
31	32	1.04398
31	34	1.01455
31	37	1.01427
31	48	1.11678
31	99	1.02579
31	113	0.90155
31	124	1.06275
31	147	0.972424
31	152	1.04301
31	161	1.68995
32	5	0.989231
32	8	0.228944
32	15	1.06923
32	17	0.968532
32	21	1.07553
32	29	1.0395
32	31	1.04398
32	34	1.01901
32	37	1.01873
32	99	1.03025
32	113	0.906012
32	152	1.04747
32	153	1.32162
32	162	1.8041
33	9	1.06746
33	63	1.059
33	91	0.980223
33	106	0.955935
33	108	0.956363
33	110	1.00022
33	134	0.989543
33	137	1.01941
33	151	0.978501
33	157	0.989618
33	159	1.01021
33	167	0.854223
33	171	1.57251
33	172	0.995917
33	175	1.50727
34	5	0.959806
34	15	1.03981
34	17	0.939107
34	21	1.0461
34	29	1.01008
34	31	1.01455
34	32	1.01901
34	37	0.989302
34	48	1.09182
34	89	1.20224
34	99	1.00082
34	113	0.876587
34	132	1.50163
34	150	1.10162
34	152	1.01805
35	39	1.04226
35	70	0.887602
35	77	1.20073
35	79	0.967845
35	92	1.06592
35	100	1.0473
35	101	0.985076
35	105	0.981968
35	122	0.997111
35	141	0.987615
35	144	1.01139
35	156	1.71305
35	167	0.97752
35	172	1.00889
35	180	0.931449
36	26	0.939674
36	82	1.00041
36	86	1.01
36	103	1.01795
36	111	0.822213
36	112	1.04536
36	121	0.974387
36	123	0.977109
36	126	1.0087
36	127	1.01315
36	133	1.00449
36	159	1.00976
36	163	1.00109
36	171	1.67817
36	177	1.42162
37	5	0.95952
37	15	1.03952
37	17	0.93882
37	21	1.04581
37	29	1.00979
37	31	1.01427
37	32	1.01873
37	34	0.989302
37	48	1.09153
37	99	1.00054
37	113	0.8763
37	128	1.69466
37	136	0.983201
37	152	1.01776
37	154	1.20844
38	42	1.38872
38	43	0.818501
38	60	0.986292
38	86	1.01401
38	96	1.05657
38	112	1.04938
38	114	0.996437
38	121	0.978401
38	123	0.981123
38	126	1.01272
38	127	1.01716
38	133	1.00851
38	148	0.898389
38	163	1.00511
38	178	1.60628
39	2	1.34473
39	35	1.04226
39	105	0.992527
39	112	0.765146
39	139	0.51542
39	141	0.998174
39	144	1.02195
39	145	1.04615
39	155	1.02164
39	172	1.01944
39	174	0.988355
39	175	0.929415
39	176	0.934911
39	177	0.942306
39	179	0.918953
39	180	0.942008
40	9	1.04835
40	23	1.03817
40	49	0.968474
40	50	0.995109
40	88	0.972793
40	106	0.936829
40	110	0.981114
40	119	0.799594
40	134	0.970438
40	135	0.972182
40	137	1.00031
40	151	0.959395
40	154	1.1542
40	163	0.982437
40	172	0.976812
40	180	2.12105
41	54	1.02589
41	63	1.04076
41	94	1.01987
41	106	0.937696
41	108	0.938123
41	110	0.98198
41	116	1.26721
41	134	0.971304
41	135	0.973048
41	137	1.00117
41	151	0.960262
41	159	0.991967
41	163	0.983303
41	164	1.13273
41	172	0.977678
41	174	1.6366
42	38	1.38872
42	76	1.02533
42	120	0.958264
42	129	0.954223
42	144	1.5407
42	146	0.947795
42	148	0.848813
42	164	0.981019
42	168	0.881817
42	170	0.90791
42	173	0.94955
42	175	0.859878
42	176	0.865374
42	177	0.872769
42	178	0.896705
42	179	0.849416
43	38	0.818501
43	117	0.967885
43	155	1.0378
43	156	1.0433
43	157	0.854993
43	169	0.984145
43	170	0.993604
43	171	0.965638
43	173	1.03524
43	174	1.00451
43	175	0.945571
43	176	0.951067
43	177	0.958462
43	178	0.982398
43	179	0.93511
43	180	0.958164
44	3	1.04711
44	58	1.02083
44	62	0.953839
44	80	0.969759
44	87	0.980896
44	93	0.945811
44	107	0.98767
44	118	0.984181
44	128	1.19879
44	130	0.965746
44	139	0.98612
44	140	1.00821
44	152	0.996261
44	157	0.959748
44	167	1.26855
44	176	1.65777
45	74	0.908405
45	87	1.15283
45	101	1.21919
45	119	1.01957
45	132	0.925847
45	140	1.00048
45	153	0.967557
45	162	0.926951
45	169	0.906861
45	173	0.95796
45	175	0.868287
45	176	0.873783
45	177	0.881178
45	178	0.905114
45	179	0.857826
46	55	0.982565
46	68	0.982097
46	101	0.966277
46	112	1.03998
46	117	0.987333
46	119	0.778542
46	121	0.969005
46	126	1.00332
46	127	1.00777
46	133	0.999112
46	141	0.968816
46	144	0.992589
46	172	0.990088
46	174	1.46118
46	178	1.85573
46	180	0.91265
47	7	0.966651
47	71	1.05604
47	73	0.985431
47	89	1.03828
47	105	0.972928
47	117	0.997091
47	122	0.988071
47	141	0.978575
47	144	1.00235
47	150	0.788034
47	155	1.07636
47	166	0.926182
47	167	0.968479
47	172	0.999846
47	175	2.20979
47	180	0.922409
48	24	1.58088
48	29	1.1123
48	31	1.11678
48	34	1.09182
48	37	1.09153
48	95	1.1154
48	127	0.337245
48	134	0.374595
48	152	1.12027
48	171	1.02009
48	172	0.0514157
48	173	1.0897
48	175	1.00003
48	177	1.01292
48	178	1.03686
48	179	0.989567
49	9	1.04928
49	40	0.968474
49	50	0.996034
49	72	1.01783
49	84	0.991801
49	94	1.01993
49	97	0.963348
49	106	0.937755
49	108	0.938182
49	120	1.29269
49	134	0.971363
49	135	0.973107
49	137	1.00123
49	140	1.35091
49	172	0.977737
49	173	1.37698
50	40	0.995109
50	49	0.996034
50	54	1.05259
50	69	1.05399
50	94	1.04656
50	141	0.983101
50	144	1.00687
50	147	0.783726
50	151	0.986956
50	159	1.01866
50	166	0.930709
50	169	1.35108
50	172	1.00437
50	176	1.72809
50	180	0.926935
51	1	1.14387
51	19	0.710046
51	58	1.12651
51	61	1.00891
51	80	1.07544
51	85	1.0033
51	90	1.05027
51	102	1.04232
51	104	1.03441
51	118	1.08986
51	130	1.07143
51	139	1.0918
51	157	1.06543
51	161	0.99302
51	166	1.5236
51	170	0.929881
52	20	1.05169
52	68	0.971513
52	73	0.965089
52	79	0.938463
52	92	1.03654
52	100	1.01792
52	117	0.976749
52	122	0.967729
52	140	0.821822
52	141	0.958232
52	144	0.982005
52	166	0.90584
52	167	0.948137
52	170	1.55377
52	172	0.979504
52	177	1.91627
52	180	0.902066
53	27	2.00606
53	66	1.09082
53	132	0.910934
53	146	0.941291
53	150	0.990818
53	156	0.9511
53	164	0.974515
53	166	0.86974
53	169	0.891948
53	170	0.901406
53	173	0.943046
53	174	0.912314
53	175	0.853374
53	176	0.85887
53	177	0.866265
53	178	0.890201
53	179	0.842912
54	9	1.10583
54	30	1.05904
54	41	1.02589
54	50	1.05259
54	72	1.07438
54	88	1.03027
54	91	1.01859
54	95	0.853405
54	110	1.03859
54	134	1.02792
54	135	1.02966
54	137	1.05778
54	154	0.956341
54	159	1.04858
54	164	0.780502
54	172	1.03429
54	180	1.92318
55	2	0.939966
55	13	0.934195
55	27	0.917855
55	46	0.982565
55	86	0.993082
55	103	1.00104
55	112	1.02845
55	114	0.975506
55	121	0.95747
55	123	0.960192
55	126	0.991784
55	127	0.996232
55	133	0.987576
55	148	0.877458
55	159	0.992842
55	173	1.00819
55	180	2.02569
56	57	1.00587
56	102	0.788447
56	119	1.06104
56	133	1.04065
56	138	1.02159
56	145	1.02649
56	147	1.01556
56	152	0.708308
56	153	1.00903
56	160	1.0067
56	168	0.931696
56	171	0.929823
56	175	0.909757
56	176	0.915253
56	177	0.922647
56	178	0.946584
56	179	0.899295
57	4	1.11399
57	56	1.00587
57	109	0.940925
57	141	1.03491
57	146	0.990049
57	151	0.974746
57	154	1.00329
57	156	0.999858
57	159	0.659408
57	163	0.771372
57	165	0.990359
57	169	0.940706
57	173	0.991804
57	175	0.902132
57	177	0.915023
57	178	0.938959
57	179	0.89167
58	8	0.264221
58	12	1.01968
58	44	1.02083
58	51	1.12651
58	62	1.02865
58	93	1.02062
58	97	1.02647
58	102	1.01145
58	118	1.05899
58	130	1.04056
58	138	1.41082
58	139	1.06093
58	140	1.08302
58	145	1.39953
58	152	1.07107
58	157	1.03456
58	164	1.15952
59	7	1.02807
59	18	0.075921
59	74	1.30912
59	79	1.02022
59	100	1.09968
59	101	1.03745
59	105	1.03435
59	113	1.63333
59	115	1.09808
59	117	1.05851
59	122	1.04949
59	141	1.03999
59	144	1.06376
59	148	1.62685
59	167	1.0299
59	172	1.06126
59	180	0.983826
60	27	0.912186
60	38	0.986292
60	66	1.02487
60	82	0.977823
60	103	0.995367
60	112	1.02278
60	114	0.969837
60	121	0.951801
60	123	0.954523
60	126	0.986115
60	127	0.990563
60	129	1.29751
60	133	0.981907
60	148	0.871789
60	163	0.978508
60	173	1.28202
60	174	1.6607
61	12	0.902074
61	51	1.00891
61	87	0.938104
61	102	0.89385
61	107	0.944879
61	127	1.37508
61	130	0.922954
61	137	1.25029
61	139	0.943328
61	153	0.932495
61	156	0.930951
61	165	0.921452
61	173	0.922898
61	177	0.846116
61	178	0.870052
61	179	0.822764
62	44	0.953839
62	58	1.02865
62	80	0.977579
62	85	0.905438
62	87	0.988716
62	90	0.952415
62	93	0.953631
62	99	1.23029
62	102	0.944461
62	104	0.936548
62	107	0.995491
62	118	0.992001
62	139	0.99394
62	140	1.01603
62	153	1.58563
62	157	0.967568
62	164	1.38825
63	33	1.059
63	41	1.04076
63	78	0.867892
63	91	1.03346
63	94	1.09135
63	106	1.00917
63	108	1.0096
63	109	1.38426
63	110	1.05346
63	134	1.04278
63	135	1.04452
63	137	1.07265
63	151	1.03174
63	159	1.06344
63	165	0.66849
63	172	1.04915
63	175	1.68639
64	94	0.700938
64	114	0.780008
64	116	1.03681
64	125	1.00854
64	135	1.03028
64	143	0.999348
64	158	0.998892
64	162	0.975088
64	165	1.00465
64	169	0.954998
64	173	1.0061
64	174	0.975364
64	176	0.92192
64	177	0.929315
64	178	0.953251
64	179	0.905962
64	180	0.929016
65	97	0.810097
65	120	1.00037
65	129	0.996327
65	135	1.10728
65	149	0.988139
65	153	1.00125
65	154	1.00314
65	164	1.02312
65	167	0.960645
65	169	0.940556
65	170	0.950014
65	171	0.922049
65	172	0.804004
65	174	0.960922
65	176	0.907478
65	177	0.914873
65	178	0.938809
65	179	0.89152
66	26	0.982265
66	53	1.09082
66	60	1.02487
66	82	1.043
66	88	1.03404
66	103	1.06054
66	111	1.09964
66	114	1.03501
66	121	1.01698
66	123	1.0197
66	126	1.05129
66	127	1.05574
66	133	1.04708
66	146	0.888998
66	148	0.936965
66	159	1.05235
66	163	1.04368
66	178	1.40391
67	9	1.08941
67	11	1.1006
67	24	0.977862
67	30	1.04262
67	94	1.06006
67	106	0.977882
67	110	1.02217
67	134	1.01149
67	135	1.01323
67	137	1.04136
67	148	2.52042
67	151	1.00045
67	157	1.01156
67	159	1.03215
67	161	0.615252
67	172	1.01786
67	173	0.550086
67	179	1.58099
68	25	0.947801
68	46	0.982097
68	52	0.971513
68	70	1.09698
68	71	1.03428
68	73	0.96367
68	79	0.937043
68	101	0.954274
68	105	0.951166
68	117	0.97533
68	122	0.966309
68	136	1.55779
68	141	0.956813
68	144	0.980586
68	166	0.904421
68	172	0.978085
68	173	1.73238
68	180	0.900647
69	50	1.05399
69	101	1.01188
69	104	0.998377
69	107	1.05732
69	116	1.03031
69	118	1.05383
69	122	1.02392
69	129	1.03651
69	130	1.03539
69	132	1.25896
69	139	1.05577
69	141	1.01442
69	144	1.0382
69	151	1.36032
69	152	1.06591
69	157	1.0294
69	167	1.00433
69	180	0.958258
70	28	0.816345
70	35	0.887602
70	68	1.09698
70	93	0.532238
70	95	1.08677
70	120	1.06978
70	124	1.07504
70	132	1.02896
70	138	1.08323
70	165	1.05962
70	171	0.991462
70	173	1.06107
70	174	1.03034
70	176	0.976891
70	177	0.984286
70	178	1.00822
70	179	0.960934
70	180	0.983988
71	47	1.05604
71	68	1.03428
71	73	1.02785
71	79	1.00123
71	92	1.0993
71	100	1.08068
71	101	1.01846
71	105	1.01535
71	109	1.87209
71	122	1.03049
71	136	0.739938
71	138	1.04064
71	141	1.021
71	144	1.04477
71	156	1.10457
71	166	0.968605
71	172	1.04227
71	180	0.964832
72	30	1.05092
72	49	1.01783
72	54	1.07438
72	84	1.04023
72	91	1.01047
72	94	1.06836
72	106	0.986184
72	108	0.986612
72	124	1.10156
72	134	1.01979
72	135	1.02154
72	137	1.04966
72	145	1.07457
72	147	1.01123
72	157	1.01987
72	163	1.03179
72	169	1.57859
72	172	1.02617
73	47	0.985431
73	52	0.965089
73	68	0.96367
73	71	1.02785
73	100	1.01007
73	101	0.947849
73	105	0.944742
73	117	0.968905
73	120	1.32034
73	122	0.959885
73	141	0.950389
73	144	0.974161
73	146	1.66295
73	147	1.45612
73	166	0.897996
73	167	0.940293
73	172	0.97166
73	180	0.894222
74	11	2.29088
74	45	0.908405
74	59	1.30912
74	128	0.945273
74	147	0.951933
74	153	0.945403
74	154	0.947286
74	155	0.938361
74	169	0.884707
74	170	0.894165
74	171	0.866199
74	173	0.935805
74	174	0.905073
74	175	0.846133
74	176	0.851629
74	177	0.859023
74	178	0.88296
74	179	0.835671
75	110	0.978153
75	132	0.972636
75	136	1.03811
75	144	1.0759
75	146	1.00299
75	148	0.904012
75	161	0.992863
75	162	0.97374
75	163	0.67851
75	165	1.0033
75	166	0.931442
75	168	0.937015
75	170	0.963109
75	171	0.935143
75	174	0.974016
75	175	0.915076
75	178	0.951903
75	179	0.904615
76	42	1.02533
76	93	0.662262
76	108	0.959963
76	109	1.01026
76	125	1.06358
76	130	0.394445
76	144	0.47965
76	147	1.07727
76	156	1.06919
76	160	1.06841
76	164	1.09261
76	173	1.06114
76	174	1.03041
76	175	0.971466
76	176	0.976962
76	177	0.984356
76	178	1.00829
76	179	0.961004
77	35	1.20073
77	107	0.347947
77	120	1.07681
77	129	1.07277
77	131	1.06462
77	134	0.76039
77	150	1.11587
77	153	1.07769
77	162	1.03709
77	168	1.00036
77	170	1.02645
77	172	0.43721
77	175	0.978421
77	176	0.983917
77	177	0.991312
77	178	1.01525
77	179	0.96796
77	180	0.991014
78	63	0.867892
78	80	1.48474
78	87	0.869947
78	109	0.93405
78	116	1.01564
78	124	0.998904
78	132	0.952817
78	142	0.926421
78	147	1.00106
78	154	0.996411
78	161	0.973044
78	162	0.953921
78	169	0.933831
78	170	0.94329
78	174	0.954197
78	175	0.895257
78	177	0.908148
78	178	0.932084
78	179	0.884796
79	35	0.967845
79	52	0.938463
79	59	1.02022
79	68	0.937043
79	71	1.00123
79	92	1.00207
79	100	0.983447
79	105	0.918116
79	111	0.961174
79	117	0.942279
79	122	0.933259
79	141	0.923763
79	144	0.947535
79	151	1.4415
79	167	0.913667
79	172	0.945034
79	173	1.10221
79	176	2.09807
79	180	0.867596
80	1	1.06193
80	6	1.07577
80	28	1.01427
80	44	0.969759
80	51	1.07544
80	62	0.977579
80	78	1.48474
80	90	0.968334
80	93	0.969551
80	97	0.975398
80	102	0.960381
80	104	0.952468
80	107	1.01141
80	116	1.05285
80	118	1.00792
80	130	0.989486
80	139	1.00986
80	153	1.11575
80	155	1.16981
80	157	0.983487
81	14	0.858007
81	101	1.54248
81	118	1.62277
81	129	0.936646
81	149	0.928458
81	151	0.914915
81	153	0.941571
81	155	0.934529
81	160	0.939245
81	161	0.920087
81	162	0.900965
81	168	0.86424
81	170	0.890333
81	174	0.901241
81	176	0.847797
81	177	0.855192
81	178	0.879128
81	179	0.831839
81	180	0.854893
82	16	1.15248
82	27	0.930317
82	36	1.00041
82	60	0.977823
82	66	1.043
82	89	0.947849
82	96	1.0481
82	103	1.0135
82	114	0.987968
82	121	0.969932
82	123	0.972654
82	126	1.00425
82	127	1.00869
82	133	1.00004
82	146	1.26762
82	148	0.88992
82	159	1.0053
82	163	0.996639
82	164	0.884109
82	176	2.00516
83	85	0.902478
83	86	1.21652
83	92	0.795437
83	102	1.12385
83	119	1.03216
83	124	0.984524
83	143	0.963802
83	156	0.978604
83	158	0.963346
83	161	0.958664
83	162	0.939542
83	164	1.00202
83	168	0.902816
83	173	0.97055
83	174	0.939817
83	176	0.886374
83	177	0.893768
83	178	0.917705
83	179	0.870416
83	180	0.89347
84	11	1.08287
84	24	0.960137
84	49	0.991801
84	72	1.04023
84	91	0.984444
84	94	1.04233
84	95	0.812616
84	97	0.98575
84	106	0.960157
84	108	0.960584
84	110	1.00444
84	134	0.993765
84	135	0.995509
84	137	1.02363
84	151	0.982723
84	157	0.993839
84	160	1.30383
84	162	1.41957
84	172	1.00014
84	178	1.63813
85	12	0.896465
85	25	0.887362
85	28	0.942129
85	51	1.0033
85	62	0.905438
85	83	0.902478
85	90	0.896193
85	92	1.56793
85	122	1.83617
85	139	0.937719
85	146	0.915533
85	155	0.919844
85	157	0.911346
85	168	0.849555
85	171	0.847682
85	175	0.827616
85	176	0.833112
85	178	0.864443
85	179	0.817154
85	180	0.840208
86	2	0.962018
86	26	0.94481
86	27	0.939908
86	36	1.01
86	38	1.01401
86	55	0.993082
86	83	1.21652
86	89	0.814711
86	96	1.05769
86	103	1.02309
86	112	1.0505
86	114	0.997558
86	121	0.979522
86	123	0.982245
86	126	1.01384
86	127	1.01828
86	133	1.00963
86	154	0.926809
86	163	1.00623
86	176	1.87202
87	1	1.07307
87	12	0.979743
87	44	0.980896
87	45	1.15283
87	61	0.938104
87	62	0.988716
87	78	0.869947
87	90	0.979471
87	93	0.980688
87	97	0.986535
87	104	0.963605
87	107	1.02255
87	118	1.01906
87	130	1.00062
87	139	1.021
87	140	1.04308
87	152	1.03114
87	157	0.994625
87	170	1.13464
87	180	1.44625
88	40	0.972793
88	54	1.03027
88	66	1.03404
88	94	1.02425
88	110	0.986358
88	114	0.979009
88	121	0.960974
88	123	0.963696
88	126	0.995288
88	133	0.99108
88	134	0.975682
88	135	0.977426
88	151	0.964639
88	157	0.975756
88	159	0.996345
88	162	1.53565
88	163	0.987681
88	165	1.22276
88	169	1.59982
88	172	0.982056
88	173	0.980974
89	34	1.20224
89	47	1.03828
89	82	0.947849
89	86	0.814711
89	100	1.06292
89	112	0.96246
89	117	1.02175
89	122	1.01273
89	141	1.00323
89	142	0.965639
89	144	1.02701
89	156	1.0322
89	166	0.950842
89	172	1.02451
89	174	0.993416
89	175	0.934476
89	176	0.939972
89	177	0.947367
89	178	0.971303
89	179	0.924014
89	180	0.947068
90	1	1.03677
90	3	1.04569
90	6	1.05061
90	12	0.943442
90	51	1.05027
90	62	0.952415
90	80	0.968334
90	85	0.896193
90	87	0.979471
90	93	0.944386
90	102	0.935217
90	104	0.927304
90	107	0.986246
90	118	0.982756
90	119	0.690509
90	130	0.964322
90	139	0.984695
90	150	0.832394
90	152	0.994837
90	157	0.958323
90	168	2.06386
90	176	1.99033
91	23	1.03174
91	24	0.930378
91	33	0.980223
91	54	1.01859
91	63	1.03346
91	72	1.01047
91	84	0.984444
91	98	0.714521
91	106	0.930398
91	108	0.930825
91	110	0.974682
91	134	0.964006
91	135	0.96575
91	137	0.993874
91	151	0.952964
91	157	0.964081
91	159	0.984669
91	163	0.976005
91	165	0.859204
91	172	0.97038
91	177	1.68579
91	179	2.35218
92	7	1.00991
92	20	1.11529
92	35	1.06592
92	52	1.03654
92	71	1.0993
92	79	1.00207
92	83	0.795437
92	85	1.56793
92	100	1.08152
92	101	1.0193
92	105	1.01619
92	111	1.05925
92	117	1.04035
92	138	0.581192
92	141	1.02184
92	144	1.04561
92	151	0.794369
92	166	0.969446
92	167	1.01174
92	168	1.52447
92	172	1.04311
92	180	0.965672
93	1	1.03798
93	6	1.05182
93	12	0.944658
93	44	0.945811
93	58	1.02062
93	62	0.953631
93	70	0.532238
93	76	0.662262
93	80	0.969551
93	87	0.980688
93	90	0.944386
93	102	0.936433
93	104	0.92852
93	107	0.987462
93	118	0.983972
93	130	0.965538
93	139	0.985912
93	140	1.008
93	142	1.83838
93	152	0.996053
93	157	0.959539
93	178	1.94087
94	41	1.01987
94	49	1.01993
94	50	1.04656
94	63	1.09135
94	64	0.700938
94	67	1.06006
94	72	1.06836
94	84	1.04233
94	88	1.02425
94	97	1.01388
94	108	0.988712
94	110	1.03257
94	134	1.02189
94	135	1.02364
94	137	1.05176
94	146	0.991751
94	150	0.571357
94	157	1.02197
94	159	1.04256
94	172	1.02827
94	177	1.80181
94	178	1.50666
95	28	1.39946
95	48	1.1154
95	54	0.853405
95	70	1.08677
95	84	0.812616
95	130	0.847537
95	138	1.03323
95	142	0.952555
95	143	1.00432
95	154	1.02254
95	156	1.01912
95	162	0.980055
95	169	0.959965
95	170	0.969423
95	173	1.01106
95	174	0.980331
95	176	0.926887
95	177	0.934282
95	178	0.958218
95	179	0.910929
95	180	0.933984
96	2	1.00457
96	26	0.987364
96	27	0.982462
96	38	1.05657
96	82	1.0481
96	86	1.05769
96	103	1.06564
96	112	1.09305
96	114	1.04011
96	121	1.02208
96	123	1.0248
96	126	1.05639
96	127	1.06084
96	133	1.05218
96	143	1.09171
96	148	0.942064
96	158	0.764205
96	159	1.05745
96	163	1.04878
96	167	1.14018
96	177	1.60191
96	178	1.30677
97	3	1.05275
97	24	0.931684
97	49	0.963348
97	58	1.02647
97	65	0.810097
97	80	0.975398
97	84	0.98575
97	87	0.986535
97	94	1.01388
97	102	0.94228
97	104	0.934367
97	108	0.932131
97	118	0.98982
97	130	0.971385
97	139	0.991759
97	157	0.965387
97	159	0.985975
97	162	1.32025
97	163	0.977311
97	167	1.37222
97	172	0.971686
97	180	1.78308
98	4	1.14355
98	10	0.880599
98	91	0.714521
98	109	0.970486
98	131	1.01789
98	134	1.17977
98	143	1.01462
98	144	1.08213
98	151	1.00431
98	159	0.572775
98	165	1.01992
98	168	0.953632
98	170	0.979726
98	171	0.95176
98	173	1.02137
98	174	0.990633
98	175	0.931693
98	176	0.937189
98	177	0.944584
98	178	0.96852
98	179	0.921232
98	180	0.944286
99	5	0.971042
99	15	1.05104
99	17	0.950343
99	21	1.05734
99	31	1.02579
99	32	1.03025
99	34	1.00082
99	37	1.00054
99	62	1.23029
99	102	0.500338
99	103	0.630796
99	108	1.1822
99	143	0.991962
99	152	1.02928
99	168	0.930977
99	173	0.99871
99	174	0.967977
99	175	0.909037
99	176	0.914534
99	177	0.921928
99	178	0.945865
99	179	0.898576
100	7	0.991293
100	35	1.0473
100	52	1.01792
100	59	1.09968
100	71	1.08068
100	73	1.01007
100	79	0.983447
100	89	1.06292
100	92	1.08152
100	101	1.00068
100	105	0.99757
100	116	0.851948
100	117	1.02173
100	122	1.01271
100	141	1.00322
100	144	1.02699
100	153	0.914854
100	161	1.61168
100	167	0.993121
100	169	1.46151
100	172	1.02449
100	174	1.22134
100	180	0.94705
101	35	0.985076
101	45	1.21919
101	46	0.966277
101	59	1.03745
101	68	0.954274
101	69	1.01188
101	71	1.01846
101	73	0.947849
101	81	1.54248
101	92	1.0193
101	100	1.00068
101	111	0.978405
101	115	0.999081
101	117	0.95951
101	122	0.950489
101	141	0.940993
101	144	0.964765
101	166	0.888601
101	167	0.930898
101	172	0.962264
101	174	0.873792
101	177	1.56349
101	180	0.884827
102	1	1.02881
102	6	1.04265
102	25	0.926386
102	28	0.981152
102	51	1.04232
102	56	0.788447
102	58	1.01145
102	61	0.89385
102	62	0.944461
102	80	0.960381
102	83	1.12385
102	90	0.935217
102	93	0.936433
102	97	0.94228
102	99	0.500338
102	104	0.919351
102	107	0.978293
102	118	0.974803
102	130	0.956368
102	139	0.976742
102	140	0.99883
102	157	0.95037
102	179	2.51824
103	16	1.17002
103	36	1.01795
103	55	1.00104
103	60	0.995367
103	66	1.06054
103	82	1.0135
103	86	1.02309
103	96	1.06564
103	99	0.630796
103	112	1.05845
103	114	1.00551
103	120	0.82965
103	121	0.987477
103	123	0.990199
103	126	1.02179
103	127	1.02624
103	133	1.01758
103	147	0.965431
103	148	0.907464
103	149	1.34293
103	159	1.02285
103	163	1.01418
103	177	1.98232
104	3	1.02982
104	6	1.03474
104	19	1.22077
104	28	0.973239
104	51	1.03441
104	62	0.936548
104	69	0.998377
104	80	0.952468
104	87	0.963605
104	90	0.927304
104	93	0.92852
104	97	0.934367
104	102	0.919351
104	107	0.97038
104	118	0.96689
104	130	0.948455
104	139	0.968829
104	140	0.990917
104	145	0.849544
104	152	0.97897
104	157	0.942457
104	170	1.4406
104	175	1.99441
105	20	1.03134
105	35	0.981968
105	39	0.992527
105	47	0.972928
105	59	1.03435
105	68	0.951166
105	71	1.01535
105	73	0.944742
105	79	0.918116
105	92	1.01619
105	100	0.99757
105	111	0.975297
105	115	0.995973
105	122	0.947382
105	141	0.937885
105	143	1.07255
105	144	0.961658
105	160	0.953303
105	166	0.885493
105	168	1.58378
105	172	0.959157
105	179	2.24914
105	180	0.881719
106	11	1.02882
106	23	1.00745
106	33	0.955935
106	40	0.936829
106	41	0.937696
106	49	0.937755
106	63	1.00917
106	67	0.977882
106	72	0.986184
106	84	0.960157
106	91	0.930398
106	110	0.950395
106	125	1.01829
106	134	0.939719
106	135	0.941463
106	137	0.969586
106	151	0.928676
106	157	0.939793
106	158	1.21718
106	159	0.960382
106	163	0.951718
106	170	1.69239
106	172	0.946093
106	177	2.05489
107	3	1.08876
107	12	0.986518
107	14	2.11484
107	28	1.03218
107	44	0.98767
107	61	0.944879
107	62	0.995491
107	69	1.05732
107	77	0.347947
107	80	1.01141
107	87	1.02255
107	90	0.986246
107	93	0.987462
107	102	0.978293
107	104	0.97038
107	118	1.02583
107	130	1.0074
107	139	1.02777
107	140	1.04986
107	143	1.22839
107	149	1.09921
107	152	1.03791
107	157	1.0014
107	158	0.900892
108	11	1.02925
108	23	1.00788
108	24	0.906519
108	30	0.971273
108	33	0.956363
108	41	0.938123
108	49	0.938182
108	63	1.0096
108	72	0.986612
108	76	0.959963
108	84	0.960584
108	91	0.930825
108	94	0.988712
108	97	0.932131
108	99	1.1822
108	134	0.940146
108	135	0.941891
108	137	0.970014
108	151	0.929104
108	159	0.960809
108	160	1.90427
108	163	0.952145
108	164	1.34015
108	172	0.94652
109	57	0.940925
109	63	1.38426
109	71	1.87209
109	76	1.01026
109	78	0.93405
109	98	0.970486
109	142	0.875971
109	145	0.961539
109	149	0.930965
109	150	0.982252
109	153	0.944078
109	155	0.937036
109	159	1.43323
109	162	0.903472
109	168	0.866747
109	169	0.883382
109	170	0.89284
109	173	0.93448
109	174	0.903748
109	175	0.844808
109	176	0.850304
109	177	0.857699
109	178	0.881635
109	179	0.834346
109	180	0.8574
110	23	1.05173
110	24	0.950376
110	30	1.01513
110	33	1.00022
110	40	0.981114
110	41	0.98198
110	54	1.03859
110	63	1.05346
110	67	1.02217
110	75	0.978153
110	84	1.00444
110	88	0.986358
110	91	0.974682
110	94	1.03257
110	106	0.950395
110	134	0.984003
110	135	0.985748
110	137	1.01387
110	138	1.0134
110	150	0.725203
110	157	0.984078
110	160	1.3262
110	163	0.996002
110	172	0.990377
110	175	2.14696
111	29	1.27896
111	36	0.822213
111	66	1.09964
111	79	0.961174
111	92	1.05925
111	101	0.978405
111	105	0.975297
111	122	0.99044
111	126	1.30533
111	141	0.980944
111	142	0.943349
111	144	1.00472
111	166	0.928551
111	168	0.934124
111	171	0.932252
111	172	1.00222
111	173	1.00186
111	174	0.971125
111	175	0.912185
111	176	0.917681
111	177	0.925076
111	178	0.949012
111	179	0.901724
111	180	0.924778
112	2	0.997382
112	16	1.19743
112	27	0.975271
112	36	1.04536
112	38	1.04938
112	39	0.765146
112	46	1.03998
112	55	1.02845
112	60	1.02278
112	86	1.0505
112	89	0.96246
112	96	1.09305
112	103	1.05845
112	114	1.03292
112	121	1.01489
112	123	1.01761
112	125	1.05569
112	126	1.0492
112	127	1.05365
112	133	1.04499
112	136	0.849319
112	148	0.934873
112	154	1.07456
112	159	1.05026
112	163	1.04159
112	167	1.63055
113	5	0.846804
113	15	0.926804
113	17	0.826105
113	21	0.933098
113	29	0.897076
113	31	0.90155
113	32	0.906012
113	34	0.876587
113	37	0.8763
113	59	1.63333
113	120	0.883186
113	136	0.907837
113	138	0.896634
113	145	0.901531
113	152	0.905044
113	160	0.881744
113	161	0.862586
113	163	3.2683
113	164	0.905941
113	170	0.832832
113	171	0.804866
113	174	0.84374
113	176	0.790296
113	177	0.79769
113	178	0.821627
113	179	0.774338
114	16	1.14449
114	26	0.927234
114	27	0.922331
114	38	0.996437
114	55	0.975506
114	60	0.969837
114	64	0.780008
114	66	1.03501
114	82	0.987968
114	86	0.997558
114	88	0.979009
114	96	1.04011
114	103	1.00551
114	112	1.03292
114	121	0.961946
114	123	0.964668
114	126	0.99626
114	127	1.00071
114	133	0.992052
114	148	0.881934
114	151	1.1518
114	159	0.997318
114	161	1.58152
114	163	0.988653
114	173	0.812501
114	175	2.07219
115	23	0.621369
115	28	1.36863
115	59	1.09808
115	101	0.999081
115	105	0.995973
115	117	1.02014
115	122	1.01112
115	128	1.032
115	133	0.952566
115	141	1.00162
115	144	1.02539
115	152	0.620227
115	154	1.03402
115	155	1.02509
115	157	0.786423
115	166	0.949228
115	168	0.954801
115	170	0.980894
115	172	1.02289
115	174	0.991802
115	175	0.932862
115	176	0.938358
115	177	0.945752
115	178	0.969689
115	179	0.9224
115	180	0.945454
116	41	1.26721
116	64	1.03681
116	69	1.03031
116	78	1.01564
116	80	1.05285
116	100	0.851948
116	128	1.02554
116	129	1.02074
116	138	1.03823
116	142	0.95756
116	147	1.0322
116	151	0.99901
116	152	0.712635
116	153	1.02567
116	156	1.02412
116	160	1.02334
116	161	1.00418
116	165	1.01462
116	166	0.942763
116	169	0.964971
116	171	0.946463
116	174	0.985337
116	175	0.926396
116	177	0.939287
116	178	0.963224
116	179	0.915935
117	7	0.950125
117	20	1.0555
117	25	0.953037
117	43	0.967885
117	46	0.987333
117	47	0.997091
117	52	0.976749
117	59	1.05851
117	68	0.97533
117	73	0.968905
117	79	0.942279
117	89	1.02175
117	92	1.04035
117	100	1.02173
117	101	0.95951
117	115	1.02014
117	120	0.898141
117	122	0.971545
117	140	0.956362
117	141	0.962049
117	142	1.65317
117	144	0.985821
117	166	0.909656
117	167	0.951953
117	168	2.05183
117	172	0.98332
117	180	0.905883
118	3	1.08527
118	6	1.09019
118	12	0.983028
118	25	0.973925
118	28	1.02869
118	44	0.984181
118	51	1.08986
118	58	1.05899
118	62	0.992001
118	69	1.05383
118	80	1.00792
118	81	1.62277
118	87	1.01906
118	90	0.982756
118	93	0.983972
118	97	0.98982
118	102	0.974803
118	104	0.96689
118	107	1.02583
118	128	1.11228
118	130	1.00391
118	139	1.02428
118	140	1.04637
118	152	1.03442
118	156	0.76545
118	162	1.13008
118	171	1.90033
118	173	0.575406
119	7	1.27847
119	40	0.799594
119	45	1.01957
119	46	0.778542
119	56	1.06104
119	83	1.03216
119	90	0.690509
119	123	0.907108
119	125	1.04941
119	136	1.08033
119	141	0.547212
119	142	0.988459
119	143	1.04022
119	147	1.0631
119	149	1.04345
119	150	1.09474
119	153	1.05657
119	161	1.03508
119	165	1.04552
119	168	0.979234
119	169	0.995869
119	174	1.01624
119	175	0.957295
119	176	0.962791
119	177	0.970186
119	178	0.994122
119	179	0.946834
119	180	0.969888
120	42	0.958264
120	49	1.29269
120	65	1.00037
120	70	1.06978
120	73	1.32034
120	77	1.07681
120	103	0.82965
120	113	0.883186
120	117	0.898141
120	125	0.996512
120	135	0.978478
120	136	1.02744
120	143	0.987325
120	145	1.02113
120	153	1.00367
120	158	0.986869
120	160	1.00134
120	164	1.02554
120	168	0.92634
120	169	0.942975
120	170	0.952433
120	171	0.924467
120	173	0.994073
120	174	0.963341
120	175	0.904401
120	177	0.917292
120	178	0.941228
120	179	0.893939
121	2	0.926406
121	16	1.12646
121	18	1.7482
121	27	0.904296
121	36	0.974387
121	38	0.978401
121	46	0.969005
121	55	0.95747
121	60	0.951801
121	66	1.01698
121	82	0.969932
121	86	0.979522
121	88	0.960974
121	96	1.02208
121	103	0.987477
121	112	1.01489
121	114	0.961946
121	123	0.946633
121	126	0.978225
121	127	0.982672
121	131	1.21863
121	133	0.974017
121	148	0.863898
121	153	1.22175
121	158	1.38022
121	159	0.979282
121	163	0.970618
121	173	1.14955
122	7	0.941105
122	35	0.997111
122	47	0.988071
122	52	0.967729
122	59	1.04949
122	68	0.966309
122	69	1.02392
122	71	1.03049
122	73	0.959885
122	79	0.933259
122	85	1.83617
122	89	1.01273
122	100	1.01271
122	101	0.950489
122	105	0.947382
122	111	0.99044
122	115	1.01112
122	117	0.971545
122	124	0.865129
122	141	0.953029
122	144	0.976801
122	149	1.1523
122	165	0.965098
122	166	0.900636
122	167	0.942933
122	172	0.9743
122	175	1.983
122	180	0.896862
123	2	0.929129
123	16	1.12918
123	26	0.91192
123	27	0.907018
123	36	0.977109
123	38	0.981123
123	55	0.960192
123	60	0.954523
123	66	1.0197
123	82	0.972654
123	86	0.982245
123	88	0.963696
123	96	1.0248
123	103	0.990199
123	112	1.01761
123	114	0.964668
123	119	0.907108
123	121	0.946633
123	126	0.980947
123	127	0.985395
123	132	1.44901
123	133	0.976739
123	136	1.03648
123	148	0.86662
123	155	1.33732
123	159	0.982004
123	163	0.97334
123	178	1.9843
124	7	1.72425
124	23	0.846305
124	31	1.06275
124	70	1.07504
124	72	1.10156
124	78	0.998904
124	83	0.984524
124	122	0.865129
124	131	0.995857
124	143	0.992586
124	146	0.997579
124	149	0.995818
124	150	1.04711
124	158	0.99213
124	160	1.00661
124	161	0.987448
124	165	0.997888
124	168	0.9316
124	169	0.948235
124	170	0.957694
124	171	0.929728
124	173	0.999334
124	174	0.968601
124	175	0.909661
124	176	0.915157
124	177	0.922552
124	178	0.946488
124	179	0.8992
125	64	1.00854
125	76	1.06358
125	106	1.01829
125	112	1.05569
125	119	1.04941
125	120	0.996512
125	126	0.868146
125	131	0.984322
125	132	0.955686
125	135	1.09455
125	145	1.01486
125	149	0.984283
125	150	1.03557
125	156	0.995852
125	157	0.90132
125	158	0.980595
125	161	0.975913
125	165	0.986353
125	166	0.914492
125	167	0.956789
125	168	0.920065
125	169	0.9367
125	171	0.918193
125	173	0.987799
125	175	0.898126
125	176	0.903622
125	177	0.911017
125	178	0.934953
125	179	0.887665
126	2	0.960721
126	16	1.16077
126	26	0.943512
126	27	0.93861
126	36	1.0087
126	38	1.01272
126	46	1.00332
126	55	0.991784
126	60	0.986115
126	66	1.05129
126	82	1.00425
126	86	1.01384
126	88	0.995288
126	96	1.05639
126	103	1.02179
126	111	1.30533
126	112	1.0492
126	114	0.99626
126	121	0.978225
126	123	0.980947
126	125	0.868146
126	127	1.01699
126	133	1.00833
126	145	0.951189
126	146	1.09469
126	159	1.0136
126	163	1.00493
126	170	1.54225
126	174	1.21505
127	2	0.965168
127	16	1.16522
127	26	0.94796
127	27	0.943058
127	36	1.01315
127	38	1.01716
127	46	1.00777
127	48	0.337245
127	55	0.996232
127	60	0.990563
127	61	1.37508
127	66	1.05574
127	82	1.00869
127	86	1.01828
127	96	1.06084
127	103	1.02624
127	112	1.05365
127	114	1.00071
127	121	0.982672
127	123	0.985395
127	126	1.01699
127	133	1.01278
127	147	1.09681
127	148	0.90266
127	156	1.23536
127	159	1.01804
127	163	1.00938
127	165	1.28711
127	167	1.65196
128	11	0.471305
128	37	1.69466
128	44	1.19879
128	74	0.945273
128	115	1.032
128	116	1.02554
128	118	1.11228
128	129	0.9995
128	132	0.962715
128	136	1.02819
128	146	0.993072
128	149	0.991312
128	153	1.00442
128	159	1.01255
128	160	1.0021
128	162	0.963819
128	164	1.0263
128	165	0.993381
128	168	0.927094
128	169	0.943729
128	170	0.953187
128	171	0.925221
128	173	0.994827
128	175	0.905155
128	176	0.910651
128	177	0.918046
128	178	0.941982
128	179	0.894693
128	180	0.917747
129	20	1.00634
129	25	1.55815
129	42	0.954223
129	60	1.29751
129	65	0.996327
129	69	1.03651
129	77	1.07277
129	81	0.936646
129	116	1.02074
129	128	0.9995
129	138	1.01219
129	142	0.931524
129	146	0.988278
129	150	1.0378
129	154	1.00151
129	156	0.998086
129	158	0.982828
129	162	0.959024
129	163	0.603124
129	164	1.0215
129	170	0.948393
129	171	0.920427
129	174	0.9593
129	175	0.90036
129	176	0.905856
129	177	0.913251
129	178	0.937187
129	179	0.889899
129	180	0.912953
130	1	1.05792
130	3	1.06684
130	6	1.07176
130	12	0.964593
130	25	0.955491
130	28	1.01026
130	44	0.965746
130	51	1.07143
130	58	1.04056
130	61	0.922954
130	69	1.03539
130	76	0.394445
130	80	0.989486
130	87	1.00062
130	90	0.964322
130	93	0.965538
130	95	0.847537
130	97	0.971385
130	102	0.956368
130	104	0.948455
130	107	1.0074
130	118	1.00391
130	131	0.968899
130	139	1.00585
130	140	1.02793
130	143	1.45799
130	149	1.32881
130	152	1.01599
130	157	0.979475
130	166	2.19943
131	5	1.59992
131	13	0.991934
131	19	0.984058
131	77	1.06462
131	98	1.01789
131	121	1.21863
131	124	0.995857
131	125	0.984322
131	130	0.968899
131	138	1.00405
131	145	1.00894
131	146	0.980128
131	152	0.77242
131	153	0.991481
131	154	0.993365
131	156	0.989937
131	160	0.989155
131	161	0.969998
131	162	0.950875
131	163	0.656711
131	168	0.91415
131	169	0.930785
131	173	0.981883
131	174	0.951151
131	175	0.892211
131	176	0.897707
131	177	0.905102
131	178	0.929038
131	179	0.881749
132	34	1.50163
132	45	0.925847
132	53	0.910934
132	69	1.25896
132	70	1.02896
132	75	0.972636
132	78	0.952817
132	123	1.44901
132	125	0.955686
132	128	0.962715
132	134	1.32061
132	142	0.894739
132	143	0.9465
132	149	0.949732
132	153	0.962845
132	155	0.955804
132	158	0.946043
132	164	0.984716
132	166	0.879941
132	167	0.922238
132	168	0.885514
132	169	0.902149
132	171	0.883642
132	173	0.953247
132	174	0.922515
132	176	0.869071
132	177	0.876466
132	178	0.900402
132	179	0.853113
133	2	0.956513
133	16	1.15656
133	26	0.939304
133	27	0.934402
133	36	1.00449
133	38	1.00851
133	46	0.999112
133	55	0.987576
133	56	1.04065
133	60	0.981907
133	66	1.04708
133	82	1.00004
133	86	1.00963
133	88	0.99108
133	96	1.05218
133	103	1.01758
133	112	1.04499
133	114	0.992052
133	115	0.952566
133	121	0.974017
133	123	0.976739
133	126	1.00833
133	127	1.01278
133	138	1.1618
133	146	1.294
133	148	0.894004
133	154	1.08633
133	159	1.00939
133	162	1.59035
133	163	1.00072
134	9	1.05124
134	11	1.06243
134	23	1.04106
134	24	0.939699
134	33	0.989543
134	40	0.970438
134	41	0.971304
134	48	0.374595
134	49	0.971363
134	54	1.02792
134	63	1.04278
134	67	1.01149
134	72	1.01979
134	77	0.76039
134	84	0.993765
134	88	0.975682
134	91	0.964006
134	94	1.02189
134	98	1.17977
134	106	0.939719
134	108	0.940146
134	110	0.984003
134	132	1.32061
134	135	0.975071
134	137	1.00319
134	140	1.0566
134	151	0.962285
134	157	0.973402
134	163	0.985326
134	172	0.979701
134	176	2.07853
135	11	1.06418
135	22	1.1619
135	23	1.0428
135	24	0.941444
135	30	1.0062
135	40	0.972182
135	41	0.973048
135	49	0.973107
135	54	1.02966
135	63	1.04452
135	64	1.03028
135	65	1.10728
135	67	1.01323
135	72	1.02154
135	84	0.995509
135	88	0.977426
135	91	0.96575
135	94	1.02364
135	106	0.941463
135	108	0.941891
135	110	0.985748
135	120	0.978478
135	125	1.09455
135	134	0.975071
135	137	1.00494
135	147	1.11426
135	151	0.964029
135	157	0.975146
135	159	0.995735
135	163	0.98707
135	172	0.981445
136	19	1.0209
136	37	0.983201
136	68	1.55779
136	71	0.739938
136	75	1.03811
136	112	0.849319
136	113	0.907837
136	119	1.08033
136	120	1.02744
136	123	1.03648
136	128	1.02819
136	137	0.745935
136	142	0.960216
136	145	1.04578
