1	18	1.48188
1	103	0.890925
1	159	0.900732
1	161	0.904465
1	167	0.945909
1	173	0.830213
1	174	0.883258
1	175	0.863419
1	176	0.849178
1	178	0.837763
1	179	0.836341
1	180	0.846443
2	10	1.04135
2	11	1.05245
2	14	1.0465
2	25	1.13612
2	60	1.07458
2	61	1.08512
2	67	1.05825
2	68	1.07591
2	71	1.05247
2	75	0.710531
2	149	0.871287
2	180	2.5288
3	23	1.02523
3	85	0.951619
3	93	0.984075
3	97	2.75205
3	98	0.976583
3	108	1.00397
3	109	0.949197
3	141	1.23357
3	145	0.973038
3	158	0.887768
3	165	0.968457
3	169	0.853649
4	45	3
4	91	1.08606
4	107	1.05708
4	111	1.08495
4	120	1.0753
4	121	1.02898
4	122	1.06256
4	127	1.08376
4	139	1.0665
4	140	1.0589
4	141	0.792243
4	159	0.735048
5	66	1.72104
5	115	0.93134
5	117	0.912914
5	118	0.945473
5	124	0.91594
5	165	0.931216
5	166	0.845974
5	171	0.843469
5	176	0.824609
5	178	0.813194
5	179	0.811772
5	180	0.821874
6	78	2.69463
6	91	0.889597
6	102	0.888174
6	110	0.858498
6	111	0.888486
6	113	0.885301
6	114	0.83938
6	120	0.878836
6	122	0.8661
6	127	0.887301
6	139	0.870037
6	140	0.86244
7	20	1.02685
7	28	1.11849
7	29	1.02381
7	44	1.08321
7	55	1.06152
7	56	1.06165
7	58	1.06175
7	104	1.07576
7	125	1.08848
7	142	1.51878
7	144	1.08746
7	160	1.43611
8	18	1.02896
8	20	0.916367
8	29	0.913332
8	44	0.972731
8	50	0.974703
8	55	0.951038
8	56	0.951168
8	58	0.951269
8	104	0.965281
8	125	0.977993
8	128	1.75796
8	138	1.64613
9	11	0.917148
9	14	0.911205
9	32	1.02104
9	40	0.99049
9	46	1.06102
9	60	0.939279
9	67	0.922953
9	68	0.940612
9	71	0.917169
9	125	0.973332
9	155	1.75183
9	174	1.94295
10	2	1.04135
10	22	0.998707
10	25	0.972526
10	27	1.32343
10	32	0.99274
10	34	0.985035
10	40	0.962192
10	60	0.910981
10	61	0.921528
10	68	0.912315
10	71	0.888871
10	172	2.22928
11	2	1.05245
11	9	0.917148
11	22	1.00981
11	32	1.00384
11	40	0.973292
11	61	0.932628
11	67	0.905755
11	68	0.923415
11	71	0.899971
11	125	0.956134
11	134	1.51578
11	159	2.07382
12	73	2.11581
12	86	1.00505
12	95	0.934796
12	106	0.970974
12	112	0.969504
12	115	0.970385
12	117	0.95196
12	118	0.984518
12	130	1.54661
12	141	0.947785
12	143	0.960657
12	166	0.885019
13	107	0.955264
13	110	0.953147
13	120	0.973484
13	121	0.927164
13	127	0.981949
13	139	0.964685
13	140	0.957089
13	143	0.949493
13	150	0.988439
13	152	0.933207
13	168	1.44054
13	180	2.24698
14	2	1.0465
14	9	0.911205
14	22	1.00386
14	34	0.990192
14	46	1.03788
14	61	0.926684
14	67	0.899812
14	68	0.917471
14	71	0.894027
14	125	0.950191
14	136	1.38502
14	157	2.21749
15	103	0.88579
15	105	1.91492
15	130	0.953437
15	162	0.9135
15	163	0.88527
15	170	0.854488
15	172	0.885925
15	176	0.844043
15	177	0.875591
15	178	0.832628
15	179	0.831206
15	180	0.841309
16	33	1.01377
16	42	0.968738
16	86	0.995341
16	106	0.961269
16	115	0.960679
16	117	0.942254
16	118	0.974812
16	143	0.950952
16	144	1.50713
16	146	1.92086
16	165	0.960556
16	166	0.875314
17	22	0.83245
17	45	0.967027
17	81	0.437874
17	144	1.04334
17	168	0.972178
17	171	0.954164
17	172	0.977186
17	174	0.969384
17	176	0.935304
17	178	0.923889
17	179	0.922467
17	180	0.932569
18	1	1.48188
18	8	1.02896
18	20	1.00166
18	28	1.09329
18	29	0.998623
18	44	1.05802
18	50	1.05999
18	55	1.03633
18	56	1.03646
18	58	1.03656
18	97	1.84795
18	125	1.06328
18	167	0.751204
19	49	1.08595
19	100	1.02881
19	139	0.729533
19	140	0.642659
19	163	0.944975
19	172	0.945629
19	174	0.937827
19	175	0.917988
19	176	0.903747
19	177	0.935296
19	178	0.892332
19	179	0.89091
19	180	0.901013
20	7	1.02685
20	8	0.916367
20	18	1.00166
20	29	0.886032
20	44	0.945431
20	50	0.947403
20	55	0.923738
20	56	0.923867
20	58	0.923969
20	104	0.937981
20	124	1.53971
20	125	0.950693
20	135	2.37429
21	50	0.934397
21	93	1.02922
21	106	0.770799
21	108	1.04912
21	156	0.922592
21	158	0.932915
21	165	1.0136
21	169	0.898797
21	176	0.906997
21	177	0.938545
21	178	0.895582
21	179	0.894159
21	180	0.904262
22	10	0.998707
22	11	1.00981
22	14	1.00386
22	17	0.83245
22	46	1.15368
22	60	1.03194
22	61	1.04248
22	67	1.01561
22	68	1.03327
22	71	1.00983
22	125	1.06599
22	150	0.674746
22	158	2.21774
23	3	1.02523
23	50	1.06208
23	55	1.03841
23	56	1.03854
23	58	1.03864
23	99	1.06123
23	109	1.04238
23	125	1.06537
23	134	1.14153
23	162	0.902886
23	165	1.06164
23	169	0.946837
23	173	3.29216
24	83	0.937758
24	84	0.934029
24	102	0.970993
24	113	0.96812
24	120	0.961655
24	121	0.915335
24	122	0.948919
24	126	0.910639
24	127	0.97012
24	129	1.43721
24	139	0.952856
24	140	0.945259
24	174	2.36724
25	2	1.13612
25	10	0.972526
25	32	1.08752
25	46	1.1275
25	60	1.00576
25	61	1.0163
25	67	0.989431
25	68	1.00709
25	71	0.983646
25	101	1.04613
25	125	1.03981
25	157	1.35583
25	175	2.17685
26	42	1.05426
26	77	0.998944
26	86	1.08086
26	89	1.0173
26	106	1.04679
26	112	1.04532
26	115	1.0462
26	117	1.02778
26	118	1.06034
26	138	1.40404
26	160	1.72482
26	165	1.04608
26	166	0.960837
27	10	1.32343
27	28	0.687649
27	144	1.02359
27	153	0.962233
27	154	0.933721
27	167	1.01229
27	172	0.957438
27	175	0.929797
27	176	0.915556
27	177	0.947104
27	178	0.904141
27	179	0.902718
27	180	0.912821
28	7	1.11849
28	18	1.09329
28	27	0.687649
28	29	0.977668
28	44	1.03707
28	50	1.03904
28	55	1.01537
28	56	1.0155
28	58	1.01561
28	104	1.02962
28	125	1.04233
28	147	1.51051
28	172	1.5935
29	7	1.02381
29	8	0.913332
29	18	0.998623
29	20	0.886032
29	28	0.977668
29	31	1.69634
29	44	0.942396
29	50	0.944368
29	55	0.920703
29	56	0.920832
29	58	0.920934
29	125	0.947658
29	150	1.88355
30	63	1.09598
30	89	1.01937
30	106	1.04886
30	112	1.04739
30	115	1.04827
30	117	1.02985
30	118	1.0624
30	141	1.02567
30	150	0.581211
30	155	1.13598
30	165	1.04815
30	166	0.962906
30	179	2.69399
31	29	1.69634
31	34	0.373966
31	133	1.02627
31	138	1.02333
31	170	0.933559
31	171	0.941974
31	173	0.904149
31	174	0.957194
31	176	0.923114
31	177	0.954662
31	178	0.911699
31	179	0.910277
31	180	0.92038
32	9	1.02104
32	10	0.99274
32	11	1.00384
32	25	1.08752
32	34	1.10003
32	40	1.07718
32	67	1.00964
32	68	1.0273
32	71	1.00386
32	100	0.883279
32	124	1.31873
32	125	1.06002
32	171	2.27866
33	16	1.01377
33	69	1.10737
33	78	0.39713
33	82	1.05622
33	89	1.02931
33	94	1.0187
33	95	1.02262
33	112	1.05733
33	117	1.03978
33	118	1.07234
33	131	1.89939
33	144	1.62877
33	166	0.972843
34	10	0.985035
34	14	0.990192
34	31	0.373966
34	32	1.10003
34	40	1.06948
34	46	1.14001
34	60	1.01827
34	67	1.00194
34	68	1.0196
34	71	0.996156
34	125	1.05232
34	126	1.25965
34	166	2.13181
35	80	0.982172
35	83	1.02683
35	107	1.03251
35	114	1.01128
35	121	1.00441
35	122	1.03799
35	127	1.0592
35	135	0.961612
35	139	1.04193
35	140	1.03434
35	144	1.15591
35	149	1.45607
35	152	1.01045
35	159	1.88363
36	87	1.43675
36	88	0.989826
36	111	1.04396
36	114	0.994852
36	119	1.07319
36	121	0.987988
36	127	1.04277
36	131	1.7877
36	139	1.02551
36	140	1.01791
36	143	1.01032
36	145	1.0245
36	150	1.04926
36	152	0.994031
37	82	0.452815
37	94	0.281219
37	122	0.331947
37	146	1.04687
37	153	1.04109
37	160	1.06642
37	168	1.03129
37	174	1.02849
37	175	1.00866
37	176	0.994415
37	177	1.02596
37	178	0.983
37	179	0.981578
37	180	0.99168
38	39	1.04836
38	82	1.02523
38	89	0.998313
38	96	0.986619
38	106	1.0278
38	112	1.02633
38	115	1.02721
38	117	1.00879
38	118	1.04135
38	143	1.01749
38	152	1.48655
38	165	1.02709
38	166	0.941849
38	168	2.2278
39	38	1.04836
39	62	1.01186
39	63	1.07398
39	95	0.990679
39	112	1.02539
39	115	1.02627
39	117	1.00784
39	118	1.0404
39	133	0.806614
39	141	1.00367
39	165	1.02614
39	166	0.940902
39	171	1.54608
39	178	2.38771
40	9	0.99049
40	10	0.962192
40	11	0.973292
40	32	1.07718
40	34	1.06948
40	46	1.11716
40	60	0.995423
40	61	1.00597
40	67	0.979097
40	71	0.973313
40	125	1.02948
40	158	1.72945
40	174	1.41491
40	177	1.53355
41	84	0.596778
41	128	1.06409
41	140	0.0570353
41	144	1.08885
41	145	0.310155
41	147	1.0561
41	160	1.05282
41	172	1.0227
41	174	1.0149
41	176	0.980816
41	177	1.01236
41	178	0.969401
41	179	0.967979
41	180	0.978081
42	16	0.968738
42	26	1.05426
42	94	0.973669
42	95	0.97759
42	106	1.01377
42	112	1.0123
42	115	1.01318
42	117	0.994754
42	118	1.02731
42	129	1.46169
42	143	1.00345
42	150	1.16327
42	162	2.09928
42	165	1.01306
42	166	0.927814
43	122	1.06147
43	139	0.774248
43	142	0.997816
43	153	0.947017
43	161	0.955625
43	164	0.9588
43	170	0.910784
43	171	0.919198
43	173	0.881374
43	175	0.91458
43	176	0.900339
43	177	0.931887
43	178	0.888924
43	179	0.887502
43	180	0.897604
44	7	1.08321
44	8	0.972731
44	18	1.05802
44	20	0.945431
44	28	1.03707
44	29	0.942396
44	50	1.00377
44	55	0.980102
44	56	0.980231
44	58	0.980333
44	104	0.994345
44	125	1.00706
44	126	1.17007
44	135	2.16249
44	147	1.51713
45	4	3
45	17	0.967027
45	73	0.877677
45	142	0.92086
45	153	0.87006
45	162	0.892838
45	170	0.833827
45	172	0.865264
45	173	0.804417
45	175	0.837623
45	176	0.823382
45	177	0.85493
45	178	0.811967
45	179	0.810545
45	180	0.820647
46	9	1.06102
46	14	1.03788
46	22	1.15368
46	25	1.1275
46	34	1.14001
46	40	1.11716
46	60	1.06595
46	61	1.0765
46	67	1.04963
46	71	1.04384
46	104	0.913651
46	125	1.10001
46	147	1.28361
46	167	0.936525
46	176	2.32041
47	48	1.02801
47	65	0.982111
47	66	1.07197
47	73	0.964507
47	85	0.999983
47	92	1.02908
47	108	1.05233
47	109	0.99756
47	135	1.42857
47	145	1.0214
47	158	0.936131
47	165	1.01682
47	169	0.902013
47	170	2.01004
47	175	1.56813
48	47	1.02801
48	57	1.08857
48	64	0.989374
48	73	0.963748
48	85	0.999223
48	92	1.02832
48	93	1.03168
48	99	1.01565
48	109	0.996801
48	130	0.872994
48	148	1.52167
48	158	0.935372
48	165	1.01606
48	169	0.901253
48	178	2.55092
49	19	1.08595
49	92	0.474702
49	117	0.584644
49	125	0.0840647
49	129	1.08678
49	170	0.984305
49	171	0.992719
49	172	1.01574
49	173	0.954895
49	174	1.00794
49	176	0.97386
49	177	1.00541
49	178	0.962445
49	179	0.961022
49	180	0.971125
50	8	0.974703
50	18	1.05999
50	20	0.947403
50	21	0.934397
50	23	1.06208
50	28	1.03904
50	29	0.944368
50	44	1.00377
50	55	0.982074
50	56	0.982203
50	58	0.982305
50	104	0.996317
50	125	1.00903
50	146	1.93463
50	150	1.1758
51	82	0.995294
51	86	1.03194
51	89	0.968378
51	94	0.957769
51	95	0.961691
51	106	0.997869
51	112	0.996398
51	115	0.997279
51	117	0.978854
51	118	1.01141
51	123	2.2953
51	132	1.20936
51	133	1.4528
51	141	0.974679
51	165	0.997156
51	166	0.911914
52	79	1.01938
52	84	1.06645
52	88	1.0496
52	105	1.07847
52	110	1.07374
52	120	1.09408
52	121	1.04776
52	122	1.08134
52	126	1.04306
52	127	1.10255
52	139	1.08528
52	140	1.07768
52	153	1.15621
52	168	0.817444
52	173	3.4056
52	177	0.668198
53	56	0.438594
53	82	1.03729
53	86	1.07394
53	94	0.999768
53	109	0.540608
53	112	1.0384
53	118	1.05341
53	127	0.562842
53	165	1.03915
53	170	0.942992
53	175	0.946788
53	176	0.932547
53	177	0.964096
53	178	0.921133
53	179	0.91971
53	180	0.929813
54	65	1.06454
54	85	1.08241
54	92	1.11151
54	93	1.11487
54	98	1.10738
54	99	1.09884
54	108	1.13476
54	109	1.07999
54	145	1.10383
54	150	0.645751
54	153	1.47961
54	154	1.64204
54	156	1.82162
54	165	1.09925
54	169	0.984443
55	7	1.06152
55	8	0.951038
55	18	1.03633
55	20	0.923738
55	23	1.03841
55	28	1.01537
55	29	0.920703
55	44	0.980102
55	50	0.982074
55	56	0.958539
55	58	0.95864
55	104	0.972653
55	125	0.985364
55	141	1.24759
55	169	2.49631
55	177	1.46466
56	7	1.06165
56	8	0.951168
56	18	1.03646
56	20	0.923867
56	23	1.03854
56	28	1.0155
56	29	0.920832
56	44	0.980231
56	50	0.982203
56	53	0.438594
56	55	0.958539
56	58	0.958769
56	104	0.972782
56	125	0.985493
56	137	1.06662
56	176	2.87513
57	48	1.08857
57	59	1.05907
57	75	1.16719
57	92	1.08964
57	93	1.093
57	98	1.08551
57	99	1.07697
57	108	1.11289
57	109	1.05812
57	142	1.45911
57	144	1.02779
57	145	1.08196
57	158	0.996691
57	164	1.74587
57	165	1.07738
57	169	0.962572
58	7	1.06175
58	8	0.951269
58	18	1.03656
58	20	0.923969
58	23	1.03864
58	28	1.01561
58	29	0.920934
58	44	0.980333
58	50	0.982305
58	55	0.95864
58	56	0.958769
58	101	0.944041
58	104	0.972883
58	125	0.985595
58	156	2.42141
58	166	1.81494
59	57	1.05907
59	72	1.02583
59	85	0.969725
59	92	0.998817
59	93	1.00218
59	98	0.994688
59	99	0.986149
59	108	1.02207
59	109	0.967302
59	130	1.30265
59	134	1.44323
59	145	0.991144
59	158	0.905873
59	165	0.986562
59	169	0.871755
59	177	2.27553
60	2	1.07458
60	9	0.939279
60	10	0.910981
60	22	1.03194
60	25	1.00576
60	34	1.01827
60	40	0.995423
60	46	1.06595
60	61	0.954758
60	67	0.927886
60	68	0.945545
60	71	0.922102
60	125	0.978265
60	128	0.982929
60	163	1.67847
60	171	2.31437
61	2	1.08512
61	10	0.921528
61	11	0.932628
61	14	0.926684
61	22	1.04248
61	25	1.0163
61	40	1.00597
61	46	1.0765
61	60	0.954758
61	67	0.938432
61	68	0.956092
61	71	0.932648
61	123	1.98055
61	125	0.988812
61	134	1.14138
61	163	1.80694
62	39	1.01186
62	69	1.03987
62	78	0.708235
62	82	0.988724
62	89	0.961808
62	95	0.955121
62	106	0.991299
62	112	0.989829
62	115	0.99071
62	117	0.972284
62	118	1.00484
62	138	1.54033
62	143	0.980982
62	148	2.79598
62	165	0.990586
62	166	0.905344
63	30	1.09598
63	39	1.07398
63	82	1.05085
63	86	1.0875
63	94	1.01332
63	95	1.01724
63	106	1.05342
63	112	1.05195
63	115	1.05283
63	117	1.03441
63	119	0.973644
63	126	1.7709
63	141	1.03023
63	149	1.71769
63	150	1.07243
63	165	1.05271
63	166	0.967467
64	48	0.989374
64	65	0.943478
64	66	1.03333
64	72	1.01746
64	85	0.96135
64	93	0.993806
64	98	0.986313
64	99	0.977774
64	108	1.0137
64	109	0.958927
64	145	0.982769
64	153	2.12154
64	158	0.897498
64	165	0.978187
64	168	1.78277
64	169	0.86338
64	174	1.51489
65	47	0.982111
65	54	1.06454
65	64	0.943478
65	66	1.02531
65	92	0.98242
65	93	0.985783
65	98	0.978291
65	99	0.969751
65	104	0.745056
65	108	1.00568
65	109	0.950905
65	145	0.974747
65	158	0.889476
65	165	0.970165
65	169	0.855357
65	173	3.51036
65	175	1.25633
66	5	1.72104
66	47	1.07197
66	64	1.03333
66	65	1.02531
66	85	1.04318
66	92	1.07228
66	93	1.07564
66	98	1.06815
66	99	1.05961
66	108	1.09553
66	109	1.04076
66	157	0.688357
66	158	0.979331
66	165	1.06002
66	169	0.945213
66	174	0.907381
66	180	1.9817
67	2	1.05825
67	9	0.922953
67	11	0.905755
67	14	0.899812
67	22	1.01561
67	25	0.989431
67	32	1.00964
67	34	1.00194
67	40	0.979097
67	46	1.04963
67	60	0.927886
67	61	0.938432
67	68	0.929219
67	103	2.2162
67	125	0.961939
67	135	1.83465
67	161	1.38073
68	2	1.07591
68	9	0.940612
68	10	0.912315
68	11	0.923415
68	14	0.917471
68	22	1.03327
68	25	1.00709
68	32	1.0273
68	34	1.0196
68	60	0.945545
68	61	0.956092
68	67	0.929219
68	71	0.923435
68	100	1.61191
68	125	0.979599
68	150	1.19105
68	172	2.31957
69	33	1.10737
69	62	1.03987
69	86	1.08894
69	94	1.01477
69	95	1.01869
69	96	0.965117
69	112	1.0534
69	115	1.05428
69	117	1.03586
69	118	1.06842
69	141	1.03168
69	143	1.04455
69	146	1.4688
69	152	1.46505
69	165	1.05416
69	166	0.968917
69	172	1.83849
70	79	0.934444
70	88	0.487093
70	127	0.444149
70	138	1.04396
70	146	0.996203
70	162	1.0132
70	163	0.984975
70	164	1.00221
70	171	0.962607
70	172	0.985629
70	173	0.924783
70	175	0.957988
70	176	0.943747
70	177	0.975296
70	178	0.932333
70	179	0.93091
70	180	0.941013
71	2	1.05247
71	9	0.917169
71	10	0.888871
71	11	0.899971
71	14	0.894027
71	22	1.00983
71	25	0.983646
71	32	1.00386
71	34	0.996156
71	40	0.973313
71	46	1.04384
71	60	0.922102
71	61	0.932648
71	68	0.923435
71	76	1.00446
71	125	0.956155
71	149	1.32145
71	169	3.05493
72	59	1.02583
72	64	1.01746
72	73	0.991832
72	85	1.02731
72	92	1.0564
72	93	1.05976
72	96	0.840726
72	98	1.05227
72	99	1.04373
72	108	1.07966
72	109	1.02488
72	144	0.93068
72	145	1.04873
72	158	0.963456
72	165	1.04414
72	166	2.1562
72	168	2.08191
72	169	0.929337
73	12	2.11581
73	45	0.877677
73	47	0.964507
73	48	0.963748
73	72	0.991832
73	98	0.960687
73	112	0.816838
73	142	0.943431
73	157	0.9223
73	158	0.871872
73	165	0.952561
73	168	0.882828
73	169	0.837754
73	173	0.826989
73	177	0.877502
73	178	0.834539
73	179	0.833117
73	180	0.843219
74	79	0.908326
74	80	0.914463
74	83	0.959125
74	105	0.967415
74	111	0.992672
74	114	0.943566
74	116	1.47975
74	120	0.983022
74	122	0.970286
74	126	0.932006
74	127	0.991487
74	132	1.68943
74	139	0.974223
74	140	0.966627
74	143	0.959031
74	150	0.997977
74	152	0.942745
74	160	2.11518
75	2	0.710531
75	57	1.16719
75	92	1.11743
75	154	0.958099
75	156	0.95553
75	162	1.00939
75	164	0.998396
75	168	0.976808
75	170	0.950379
75	172	0.981816
75	173	0.92097
75	174	0.974014
75	175	0.954175
75	176	0.939934
75	177	0.971483
75	178	0.928519
75	179	0.927097
75	180	0.9372
76	71	1.00446
76	78	1.04801
76	110	0.620892
76	118	0.791981
76	149	1.00216
76	155	0.996348
76	161	0.980518
76	164	0.983693
76	170	0.935677
76	171	0.944091
76	172	0.967114
76	174	0.959312
76	175	0.939473
76	176	0.925232
76	177	0.95678
76	178	0.913817
76	179	0.912395
76	180	0.922497
77	26	0.998944
77	79	1.37522
77	97	0.982044
77	143	0.0980486
77	149	1.01491
77	164	0.996441
77	168	0.974854
77	170	0.948425
77	171	0.956839
77	172	0.979862
77	173	0.919015
77	174	0.97206
77	175	0.952221
77	176	0.93798
77	177	0.969528
77	178	0.926565
77	179	0.925143
77	180	0.935245
78	6	2.69463
78	33	0.39713
78	62	0.708235
78	76	1.04801
78	138	1.01465
78	147	0.989724
78	149	0.991367
78	153	0.961113
78	154	0.932601
78	162	0.983892
78	170	0.924881
78	171	0.933295
78	173	0.895471
78	174	0.948516
78	176	0.914436
78	177	0.945984
78	178	0.903021
78	179	0.901599
78	180	0.911701
79	52	1.01938
79	70	0.934444
79	74	0.908326
79	77	1.37522
79	88	0.91447
79	102	0.968289
79	105	0.943345
79	111	0.968601
79	113	0.965416
79	114	0.919496
79	120	0.958952
79	121	0.912632
79	122	0.946215
79	127	0.967417
79	139	0.950152
79	140	0.942556
79	145	0.949146
79	150	0.973906
79	167	2.10579
80	35	0.982172
80	74	0.914463
80	81	0.952829
80	84	0.937462
80	102	0.974426
80	105	0.949481
80	107	0.946868
80	110	0.944751
80	114	0.925632
80	120	0.965088
80	121	0.918768
80	122	0.952352
80	127	0.973553
80	130	1.167
80	139	0.956289
80	140	0.948693
80	150	0.980043
80	166	2.36343
80	177	2.13988
81	17	0.437874
81	80	0.952829
81	83	0.997491
81	84	0.993763
81	88	0.976907
81	91	1.03215
81	105	1.00578
81	107	1.00317
81	110	1.00105
81	111	1.03104
81	120	1.02139
81	121	0.975069
81	124	1.13648
81	127	1.02985
81	139	1.01259
81	140	1.00499
81	145	1.01158
81	151	1.35793
81	152	0.981111
81	179	2.87551
82	33	1.05622
82	37	0.452815
82	38	1.02523
82	51	0.995294
82	53	1.03729
82	62	0.988724
82	63	1.05085
82	89	0.974233
82	94	0.963625
82	95	0.967546
82	112	1.00225
82	115	1.00313
82	117	0.98471
82	118	1.01727
82	136	1.09586
82	137	1.19272
82	143	0.993407
82	165	1.00301
82	166	0.917769
82	176	3.00124
83	24	0.937758
83	35	1.02683
83	74	0.959125
83	81	0.997491
83	84	0.982124
83	88	0.965269
83	91	1.02051
83	101	1.10087
83	105	0.994143
83	113	1.01622
83	114	0.970295
83	121	0.96343
83	122	0.997014
83	127	1.01822
83	139	1.00095
83	140	0.993355
83	145	0.999945
83	148	2.02977
83	152	0.969473
83	159	1.47396
83	171	2.21739
84	24	0.934029
84	41	0.596778
84	52	1.06645
84	80	0.937462
84	81	0.993763
84	83	0.982124
84	105	0.990415
84	110	0.985684
84	113	1.01249
84	114	0.966566
84	116	1.02201
84	120	1.00602
84	122	0.993285
84	127	1.01449
84	135	0.916902
84	139	0.997222
84	140	0.989626
84	143	0.98203
84	150	1.02098
84	151	2.04144
84	177	2.31077
85	3	0.951619
85	47	0.999983
85	48	0.999223
85	54	1.08241
85	59	0.969725
85	64	0.96135
85	66	1.04318
85	72	1.02731
85	92	1.00029
85	98	0.996163
85	99	0.987623
85	108	1.02355
85	109	0.968776
85	128	1.53913
85	129	1.35275
85	132	1.32234
85	145	0.992618
85	158	0.907347
85	163	2.23467
85	165	0.988037
85	169	0.873229
86	12	1.00505
86	16	0.995341
86	26	1.08086
86	51	1.03194
86	53	1.07394
86	63	1.0875
86	69	1.08894
86	89	1.01088
86	94	1.00027
86	106	1.04037
86	112	1.0389
86	115	1.03978
86	117	1.02136
86	118	1.05392
86	119	0.563183
86	137	0.935788
86	141	1.01718
86	158	2.20496
86	159	1.73479
86	163	1.84231
86	165	1.03966
86	166	0.954417
87	36	1.43675
87	95	1.29799
87	110	0.557395
87	130	1.00453
87	131	0.978349
87	146	0.947588
87	156	0.910728
87	159	0.946686
87	163	0.93636
87	167	0.991864
87	168	0.932006
87	170	0.905577
87	171	0.913992
87	172	0.937014
87	173	0.876168
87	174	0.929212
87	175	0.909373
87	176	0.895132
87	177	0.926681
87	178	0.883717
87	179	0.882295
87	180	0.892398
88	36	0.989826
88	52	1.0496
88	70	0.487093
88	79	0.91447
88	81	0.976907
88	83	0.965269
88	107	0.970946
88	110	0.968828
88	111	0.998816
88	113	0.995631
88	114	0.94971
88	120	0.989166
88	121	0.942846
88	122	0.97643
88	127	0.997631
88	136	1.13695
88	139	0.980367
88	140	0.97277
88	146	1.71883
88	150	1.00412
88	152	0.948888
88	175	2.79044
89	26	1.0173
89	30	1.01937
89	33	1.02931
89	38	0.998313
89	51	0.968378
89	62	0.961808
89	82	0.974233
89	86	1.01088
89	94	0.936709
89	106	0.976808
89	112	0.975338
89	115	0.976219
89	117	0.957794
89	118	0.990352
89	136	1.20288
89	141	0.953619
89	143	0.966491
89	149	1.67119
89	152	1.78101
89	159	2.09875
89	165	0.976096
89	166	0.890853
90	108	1.57573
90	123	0.873033
90	126	0.909814
90	131	0.923053
90	134	0.956083
90	135	0.871711
90	151	0.89531
90	156	0.855432
90	157	0.916183
90	160	0.91184
90	162	0.909292
90	165	1.82173
90	168	0.87671
90	171	0.858696
90	172	0.881718
90	173	0.820871
90	174	0.873916
90	175	0.854077
90	176	0.839836
90	177	0.871384
90	178	0.828421
90	179	0.826999
90	180	0.837101
91	4	1.08606
91	6	0.889597
91	81	1.03215
91	83	1.02051
91	96	0.993042
91	102	1.05375
91	105	1.0288
91	107	1.02619
91	110	1.02407
91	114	1.00495
91	120	1.04441
91	121	0.998089
91	122	1.03167
91	126	0.993392
91	127	1.05287
91	139	1.03561
91	140	1.02801
91	142	1.51432
91	143	1.02042
91	145	1.0346
91	155	1.77522
91	161	1.97486
91	167	1.43634
92	47	1.02908
92	48	1.02832
92	49	0.474702
92	54	1.11151
92	57	1.08964
92	59	0.998817
92	65	0.98242
92	66	1.07228
92	72	1.0564
92	75	1.11743
92	85	1.00029
92	93	1.03275
92	98	1.02526
92	99	1.01672
92	108	1.05264
92	109	0.997869
92	126	1.33139
92	145	1.02171
92	152	1.388
92	158	0.93644
92	165	1.01713
92	168	2.12925
92	169	0.902322
93	3	0.984075
93	21	1.02922
93	48	1.03168
93	54	1.11487
93	57	1.093
93	59	1.00218
93	64	0.993806
93	65	0.985783
93	66	1.07564
93	72	1.05976
93	92	1.03275
93	98	1.02862
93	99	1.02008
93	108	1.056
93	109	1.00123
93	116	0.608408
93	137	0.823899
93	151	1.62784
93	158	0.939803
93	165	1.02049
93	166	2.12071
93	169	0.905685
93	175	2.38053
94	33	1.0187
94	37	0.281219
94	42	0.973669
94	51	0.957769
94	53	0.999768
94	63	1.01332
94	69	1.01477
94	82	0.963625
94	86	1.00027
94	89	0.936709
94	95	0.930022
94	106	0.9662
94	112	0.96473
94	115	0.965611
94	117	0.947185
94	118	0.979744
94	134	1.26209
94	141	0.943011
94	143	0.955883
94	160	1.44107
94	165	0.965487
94	166	0.880245
94	178	3.40519
95	12	0.934796
95	33	1.02262
95	39	0.990679
95	42	0.97759
95	51	0.961691
95	62	0.955121
95	63	1.01724
95	69	1.01869
95	82	0.967546
95	87	1.29799
95	94	0.930022
95	106	0.970121
95	112	0.968651
95	115	0.969532
95	117	0.951107
95	118	0.983665
95	128	1.51802
95	129	1.33163
95	141	0.946932
95	143	0.959804
95	151	2.11097
95	165	0.969409
95	166	0.884166
96	38	0.986619
96	69	0.965117
96	72	0.840726
96	91	0.993042
96	108	0.195312
96	123	1.01615
96	131	1.06617
96	134	1.0992
96	137	1.13644
96	138	1.08317
96	157	1.0593
96	159	1.03451
96	168	1.01983
96	170	0.993402
96	171	1.00182
96	173	0.963992
96	174	1.01704
96	175	0.997198
96	176	0.982957
96	177	1.01451
96	178	0.971542
96	179	0.97012
96	180	0.980223
97	3	2.75205
97	18	1.84795
97	77	0.982044
97	103	0.87747
97	146	0.888179
97	147	0.911012
97	157	0.91207
97	158	0.861642
97	160	0.907728
97	162	0.90518
97	164	0.894185
97	166	0.857089
97	167	0.932455
97	170	0.846169
97	172	0.877606
97	173	0.816759
97	174	0.869803
97	175	0.849964
97	176	0.835724
97	177	0.867272
97	178	0.824309
97	179	0.822886
97	180	0.832989
98	3	0.976583
98	54	1.10738
98	57	1.08551
98	59	0.994688
98	64	0.986313
98	65	0.978291
98	66	1.06815
98	72	1.05227
98	73	0.960687
98	85	0.996163
98	92	1.02526
98	93	1.02862
98	99	1.01259
98	108	1.04851
98	109	0.99374
98	132	1.09363
98	138	1.1986
98	145	1.01758
98	155	1.86295
98	158	0.932311
98	161	2.06259
98	165	1.013
98	167	1.52407
98	169	0.898193
99	23	1.06123
99	48	1.01565
99	54	1.09884
99	57	1.07697
99	59	0.986149
99	64	0.977774
99	65	0.969751
99	66	1.05961
99	72	1.04373
99	85	0.987623
99	92	1.01672
99	93	1.02008
99	98	1.01259
99	108	1.03997
99	109	0.9852
99	141	1.2802
99	145	1.00904
99	154	2.1477
99	158	0.923771
99	160	0.84394
99	165	1.00446
99	169	0.889653
99	170	2.42254
99	172	1.2787
100	19	1.02881
100	32	0.883279
100	68	1.61191
100	111	0.519026
100	128	0.99999
100	130	1.02611
100	142	1.01419
100	147	0.992006
100	149	0.993648
100	151	0.972191
100	156	0.932313
100	160	0.988721
100	161	0.972004
100	162	0.986173
100	165	0.607026
100	170	0.927162
100	171	0.935577
100	173	0.897752
100	174	0.950797
100	176	0.916717
100	177	0.948265
100	178	0.905302
100	179	0.90388
100	180	0.913983
101	25	1.04613
101	58	0.944041
101	83	1.10087
101	104	1.01495
101	121	1.09658
101	124	1.00866
101	137	1.07081
101	157	0.993674
101	160	0.989332
101	161	0.972614
101	163	0.958555
101	167	1.01406
101	168	0.954201
101	170	0.927773
101	171	0.936187
101	172	0.95921
101	173	0.898363
101	174	0.951407
101	175	0.931568
101	176	0.917328
101	177	0.948876
101	178	0.905913
101	179	0.90449
101	180	0.914593
102	6	0.888174
102	24	0.970993
102	79	0.968289
102	80	0.974426
102	91	1.05375
102	110	1.02265
102	111	1.05264
102	119	0.935635
102	120	1.04299
102	121	0.996666
102	122	1.03025
102	126	0.991969
102	127	1.05145
102	135	0.953866
102	136	0.761029
102	139	1.03419
102	140	1.02659
102	143	1.01899
102	145	1.03318
102	150	1.05794
102	151	1.66183
102	152	1.00271
102	157	1.5935
102	179	3.17941
103	1	0.890925
103	15	0.88579
103	67	2.2162
103	97	0.87747
103	107	2.13586
103	129	0.946329
103	135	0.86528
103	144	0.941444
103	146	0.885861
103	151	0.888879
103	156	0.849001
103	164	0.891867
103	167	0.930137
103	168	0.870279
103	170	0.843851
103	171	0.852265
103	172	0.875288
103	173	0.814441
103	174	0.867485
103	175	0.847646
103	176	0.833406
103	177	0.864954
103	178	0.821991
103	179	0.820568
103	180	0.830671
104	7	1.07576
104	8	0.965281
104	20	0.937981
104	28	1.02962
104	44	0.994345
104	46	0.913651
104	50	0.996317
104	55	0.972653
104	56	0.972782
104	58	0.972883
104	65	0.745056
104	101	1.01495
104	110	0.968193
104	125	0.999607
104	139	1.18639
104	162	0.958734
104	168	0.926151
104	170	0.899722
104	171	0.908137
104	172	0.931159
104	173	0.870313
104	177	0.920826
104	178	0.877862
104	179	0.87644
104	180	0.886543
105	15	1.91492
105	52	1.07847
105	74	0.967415
105	79	0.943345
105	80	0.949481
105	81	1.00578
105	83	0.994143
105	84	0.990415
105	91	1.0288
105	110	0.997703
105	111	1.02769
105	113	1.02451
105	114	0.978585
105	116	0.975483
105	120	1.01804
105	121	0.971721
105	122	1.0053
105	126	0.967024
105	127	1.02651
105	128	1.40196
105	139	1.00924
105	140	1.00165
105	144	1.26226
105	145	1.00824
105	160	1.61092
106	12	0.970974
106	16	0.961269
106	21	0.770799
106	26	1.04679
106	30	1.04886
106	38	1.0278
106	42	1.01377
106	51	0.997869
106	62	0.991299
106	63	1.05342
106	86	1.04037
106	89	0.976808
106	94	0.9662
106	95	0.970121
106	112	1.00483
106	115	1.00571
106	117	0.987285
106	118	1.01984
106	133	1.52365
106	141	0.98311
106	143	0.995982
106	150	1.0122
106	162	1.94821
106	164	2.07538
106	166	0.920345
107	4	1.05708
107	13	0.955264
107	35	1.03251
107	80	0.946868
107	81	1.00317
107	88	0.970946
107	91	1.02619
107	103	2.13586
107	110	0.99509
107	111	1.02508
107	113	1.02189
107	114	0.975972
107	120	1.01543
107	122	1.00269
107	127	1.02389
107	134	0.695988
107	135	0.926308
107	138	0.960931
107	139	1.00663
107	140	0.999032
107	143	0.991436
107	150	1.03038
107	152	0.97515
107	171	1.87966
107	176	2.14575
108	3	1.00397
108	21	1.04912
108	47	1.05233
108	54	1.13476
108	57	1.11289
108	59	1.02207
108	64	1.0137
108	65	1.00568
108	66	1.09553
108	72	1.07966
108	85	1.02355
108	90	1.57573
108	92	1.05264
108	93	1.056
108	96	0.195312
108	98	1.04851
108	99	1.03997
108	109	1.02113
108	145	1.04497
108	158	0.959696
108	164	1.00334
108	165	1.04039
108	167	0.63861
108	169	0.925578
108	170	2.21253
108	176	2.0225
109	3	0.949197
109	23	1.04238
109	47	0.99756
109	48	0.996801
109	53	0.540608
109	54	1.07999
109	57	1.05812
109	59	0.967302
109	64	0.958927
109	65	0.950905
109	66	1.04076
109	72	1.02488
109	85	0.968776
109	92	0.997869
109	93	1.00123
109	98	0.99374
109	99	0.9852
109	108	1.02113
109	136	1.07177
109	137	1.16863
109	145	0.990196
109	158	0.904925
109	165	0.985614
109	167	1.59326
109	169	0.870807
109	180	3.19759
110	6	0.858498
110	13	0.953147
110	52	1.07374
110	76	0.620892
110	80	0.944751
110	81	1.00105
110	84	0.985684
110	87	0.557395
110	88	0.968828
110	91	1.02407
110	102	1.02265
110	104	0.968193
110	105	0.997703
110	107	0.99509
110	111	1.02296
110	113	1.01977
110	114	0.973854
110	121	0.96699
110	122	1.00057
110	127	1.02178
110	135	0.924191
110	139	1.00451
110	140	0.996915
110	150	1.02827
110	164	1.3558
110	179	2.88796
111	4	1.08495
111	6	0.888486
111	36	1.04396
111	74	0.992672
111	79	0.968601
111	81	1.03104
111	88	0.998816
111	100	0.519026
111	102	1.05264
111	105	1.02769
111	107	1.02508
111	110	1.02296
111	113	1.04976
111	114	1.00384
111	120	1.0433
111	121	0.996977
111	122	1.03056
111	131	0.713888
111	135	0.954178
111	139	1.0345
111	140	1.0269
111	142	0.874589
111	143	1.01931
111	145	1.03349
111	150	1.05825
111	154	2.09569
111	158	1.64115
111	178	2.75604
112	12	0.969504
112	26	1.04532
112	30	1.04739
112	33	1.05733
112	38	1.02633
112	39	1.02539
112	42	1.0123
112	51	0.996398
112	53	1.0384
112	62	0.989829
112	63	1.05195
112	69	1.0534
112	73	0.816838
112	82	1.00225
112	86	1.0389
112	89	0.975338
112	94	0.96473
112	95	0.968651
112	106	1.00483
112	117	0.985814
112	118	1.01837
112	143	0.994512
112	152	0.628516
112	165	1.00412
112	166	0.918874
112	170	2.1458
112	176	1.95577
112	177	1.22052
112	180	2.17621
113	6	0.885301
113	24	0.96812
113	79	0.965416
113	83	1.01622
113	84	1.01249
113	88	0.995631
113	105	1.02451
113	107	1.02189
113	110	1.01977
113	111	1.04976
113	114	1.00066
113	120	1.04011
113	121	0.993793
113	122	1.02738
113	126	0.989096
113	127	1.04858
113	135	0.950993
113	139	1.03131
113	140	1.02372
113	143	1.01612
113	145	1.03031
113	150	1.05507
113	152	0.999835
113	160	1.02795
113	161	1.57116
113	162	1.27021
113	170	2.60656
113	172	1.46272
113	174	1.56265
114	6	0.83938
114	35	1.01128
114	36	0.994852
114	74	0.943566
114	79	0.919496
114	80	0.925632
114	83	0.970295
114	84	0.966566
114	88	0.94971
114	91	1.00495
114	105	0.978585
114	107	0.975972
114	110	0.973854
114	111	1.00384
114	113	1.00066
114	120	0.994192
114	121	0.947872
114	122	0.981456
114	127	1.00266
114	135	0.905073
114	139	0.985393
114	140	0.977796
114	141	1.62197
114	143	0.970201
114	152	0.953914
114	155	1.52928
114	156	2.66905
114	157	1.50138
114	177	1.83903
115	5	0.93134
115	12	0.970385
115	16	0.960679
115	26	1.0462
115	30	1.04827
115	38	1.02721
115	39	1.02627
115	42	1.01318
115	51	0.997279
115	62	0.99071
115	63	1.05283
115	69	1.05428
115	82	1.00313
115	86	1.03978
115	89	0.976219
115	94	0.965611
115	95	0.969532
115	106	1.00571
115	117	0.986695
115	118	1.01925
115	129	0.775425
115	137	0.750819
115	138	0.849977
115	141	0.982521
115	143	0.995393
115	152	1.23208
115	165	1.005
115	166	0.919755
115	178	3.13488
115	180	2.77978
116	74	1.47975
116	84	1.02201
116	93	0.608408
116	105	0.975483
116	125	0.300611
116	131	1.03422
116	133	1.05416
116	136	1.08162
116	139	0.569144
116	147	1.02629
116	153	0.997681
116	154	0.969168
116	156	0.966599
116	157	1.02735
116	159	1.00256
116	161	1.00629
116	163	0.99223
116	164	1.00946
116	167	1.04773
116	168	0.987877
116	169	0.942803
116	170	0.961448
116	171	0.969863
116	172	0.992885
116	174	0.985083
116	175	0.965244
116	176	0.951003
116	177	0.982551
116	178	0.939588
116	179	0.938166
116	180	0.948268
117	5	0.912914
117	12	0.95196
117	16	0.942254
117	26	1.02778
117	30	1.02985
117	33	1.03978
117	38	1.00879
117	39	1.00784
117	42	0.994754
117	49	0.584644
117	51	0.978854
117	62	0.972284
117	63	1.03441
117	69	1.03586
117	82	0.98471
117	86	1.02136
117	89	0.957794
117	94	0.947185
117	95	0.951107
117	106	0.987285
117	112	0.985814
117	115	0.986695
117	118	1.00083
117	129	1.04129
117	133	1.25432
117	141	0.964095
117	143	0.976968
117	165	0.986572
117	166	0.90133
117	174	1.97132
117	175	2.57332
117	177	2.08995
118	5	0.945473
118	12	0.984518
118	16	0.974812
118	26	1.06034
118	30	1.0624
118	33	1.07234
118	38	1.04135
118	39	1.0404
118	42	1.02731
118	51	1.01141
118	53	1.05341
118	62	1.00484
118	69	1.06842
118	76	0.791981
118	82	1.01727
118	86	1.05392
118	89	0.990352
118	94	0.979744
118	95	0.983665
118	106	1.01984
118	112	1.01837
118	115	1.01925
118	117	1.00083
118	141	0.996654
118	143	1.00953
118	152	1.21879
118	158	2.0067
118	162	1.39972
118	164	1.52689
118	165	1.01913
118	166	0.933888
118	172	1.59223
118	174	1.69216
119	36	1.07319
119	63	0.973644
119	86	0.563183
119	102	0.935635
119	120	0.395636
119	123	0.999575
119	124	1.05771
119	127	0.818258
119	133	1.06954
119	134	1.08263
119	137	1.11986
119	145	0.00861244
119	146	1.01883
119	148	1.00232
119	151	1.02185
119	152	1.0471
119	154	0.984544
119	157	1.04273
119	159	1.01793
119	160	1.03838
119	161	1.02167
119	163	1.00761
119	164	1.02484
119	167	1.06311
119	172	1.00826
119	173	0.947414
119	174	1.00046
119	175	0.98062
119	176	0.966379
119	177	0.997927
119	178	0.954964
119	179	0.953542
119	180	0.963644
120	4	1.0753
120	6	0.878836
120	13	0.973484
120	24	0.961655
120	52	1.09408
120	74	0.983022
120	79	0.958952
120	80	0.965088
120	81	1.02139
120	84	1.00602
120	88	0.989166
120	91	1.04441
120	102	1.04299
120	105	1.01804
120	107	1.01543
120	111	1.0433
120	113	1.04011
120	114	0.994192
120	119	0.395636
120	121	0.987328
120	122	1.02091
120	124	1.35073
120	126	0.982631
120	127	1.04211
120	135	0.944528
120	139	1.02485
120	140	1.01725
120	141	1.62444
120	150	1.0486
120	152	0.99337
120	157	1.50385
120	161	1.73139
120	167	1.19287
120	169	2.87317
121	4	1.02898
121	13	0.927164
121	24	0.915335
121	35	1.00441
121	36	0.987988
121	52	1.04776
121	79	0.912632
121	80	0.918768
121	81	0.975069
121	83	0.96343
121	88	0.942846
121	91	0.998089
121	101	1.09658
121	102	0.996666
121	105	0.971721
121	110	0.96699
121	111	0.996977
121	113	0.993793
121	114	0.947872
121	120	0.987328
121	122	0.974592
121	126	0.936311
121	127	0.995793
121	135	0.898208
121	137	0.670664
121	139	0.978528
121	140	0.970932
121	145	0.977523
121	150	1.00228
121	152	0.94705
121	162	1.33286
121	164	1.46003
121	169	2.77559
121	176	2.47918
122	4	1.06256
122	6	0.8661
122	24	0.948919
122	35	1.03799
122	37	0.331947
122	43	1.06147
122	52	1.08134
122	74	0.970286
122	79	0.946215
122	80	0.952352
122	83	0.997014
122	84	0.993285
122	88	0.97643
122	91	1.03167
122	102	1.03025
122	105	1.0053
122	107	1.00269
122	110	1.00057
122	111	1.03056
122	113	1.02738
122	114	0.981456
122	120	1.02091
122	121	0.974592
122	124	1.65435
122	126	0.969895
122	127	1.02938
122	131	1.41376
122	139	1.01211
122	140	1.00452
122	143	0.99692
122	146	1.55687
122	147	1.84357
122	150	1.03587
122	152	0.980634
122	174	2.02649
123	51	2.2953
123	61	1.98055
123	90	0.873033
123	96	1.01615
123	119	0.999575
123	128	0.908128
123	131	0.908072
123	132	0.940009
123	138	0.925067
123	142	0.922333
123	143	1.48412
123	146	0.877312
123	147	0.900144
123	150	0.960805
123	155	0.895972
123	157	0.901202
123	159	0.87641
123	161	0.880142
123	166	0.846221
123	167	0.921587
123	168	0.86173
123	170	0.835301
123	171	0.843715
123	172	0.866738
123	173	0.805891
123	174	0.858936
123	175	0.839097
123	176	0.824856
123	177	0.856404
123	178	0.813441
123	179	0.812019
123	180	0.822121
124	5	0.91594
124	20	1.53971
124	32	1.31873
124	81	1.13648
124	101	1.00866
124	119	1.05771
124	120	1.35073
124	122	1.65435
124	129	0.995914
124	133	0.986147
124	136	1.0136
124	137	1.03647
124	138	0.983202
124	147	0.958279
124	148	0.918931
124	153	0.929668
124	154	0.901155
124	160	0.954995
124	161	0.938277
124	162	0.952447
124	163	0.924218
124	166	0.904356
124	168	0.919864
124	169	0.87479
124	170	0.893436
124	171	0.90185
124	172	0.924872
124	173	0.864026
124	174	0.91707
124	175	0.897231
124	176	0.882991
124	177	0.914539
124	178	0.871576
124	179	0.870153
124	180	0.880256
125	7	1.08848
125	8	0.977993
125	9	0.973332
125	11	0.956134
125	14	0.950191
125	18	1.06328
125	20	0.950693
125	22	1.06599
125	23	1.06537
125	25	1.03981
125	28	1.04233
125	29	0.947658
125	32	1.06002
125	34	1.05232
125	40	1.02948
125	44	1.00706
125	46	1.10001
125	49	0.0840647
125	50	1.00903
125	55	0.985364
125	56	0.985493
125	58	0.985595
125	60	0.978265
125	61	0.988812
125	67	0.961939
125	68	0.979599
125	71	0.956155
125	104	0.999607
125	116	0.300611
125	153	2.07738
125	161	1.47926
125	166	1.81291
125	172	1.37081
125	179	2.83762
126	24	0.910639
126	34	1.25965
126	44	1.17007
126	52	1.04306
126	63	1.7709
126	74	0.932006
126	90	0.909814
126	91	0.993392
126	92	1.33139
126	102	0.991969
126	105	0.967024
126	113	0.989096
126	120	0.982631
126	121	0.936311
126	122	0.969895
126	133	0.964794
126	139	0.973832
126	140	0.966236
126	143	0.95864
126	144	0.969676
126	145	0.972826
126	153	0.908315
126	155	0.932754
126	161	0.916924
126	162	0.931093
126	165	0.88463
126	167	0.958368
126	170	0.872082
126	173	0.842672
126	175	0.875878
126	176	0.861637
126	177	0.893185
126	178	0.850222
126	179	0.8488
126	180	0.858902
127	4	1.08376
127	6	0.887301
127	13	0.981949
127	24	0.97012
127	35	1.0592
127	36	1.04277
127	52	1.10255
127	53	0.562842
127	70	0.444149
127	74	0.991487
127	79	0.967417
127	80	0.973553
127	81	1.02985
127	83	1.01822
127	84	1.01449
127	88	0.997631
127	91	1.05287
127	102	1.05145
127	105	1.02651
127	107	1.02389
127	110	1.02178
127	113	1.04858
127	114	1.00266
127	119	0.818258
127	120	1.04211
127	121	0.995793
127	122	1.02938
127	130	1.29125
127	137	1.19086
127	139	1.03331
127	140	1.02572
127	143	1.01812
127	145	1.03231
127	149	1.56231
127	150	1.05707
127	154	2.91457
127	167	1.61549
128	8	1.75796
128	41	1.06409
128	60	0.982929
128	85	1.53913
128	95	1.51802
128	100	0.99999
128	105	1.40196
128	123	0.908128
128	129	0.987855
128	131	0.958148
128	132	0.990085
128	136	1.00554
128	142	0.972409
128	144	0.98297
128	147	0.95022
128	148	0.910872
128	149	0.951862
128	156	0.890528
128	159	0.926486
128	162	0.944388
128	163	0.916159
128	164	0.933393
128	166	0.896297
128	167	0.971663
128	168	0.911806
128	170	0.885377
128	171	0.893791
128	172	0.916814
128	173	0.855967
128	174	0.909012
128	175	0.889173
128	176	0.874932
128	177	0.90648
128	178	0.863517
128	179	0.862095
128	180	0.872197
129	24	1.43721
129	42	1.46169
129	49	1.08678
129	85	1.35275
129	95	1.33163
129	103	0.946329
129	115	0.775425
129	117	1.04129
129	124	0.995914
129	128	0.987855
129	132	1.01974
129	136	1.0352
129	142	1.00206
129	148	0.940523
129	149	0.981513
129	153	0.95126
129	154	0.922747
129	155	0.975699
129	156	0.920178
129	157	0.980929
129	159	0.956136
129	162	0.974039
129	163	0.94581
129	164	0.963044
129	167	1.00131
129	168	0.941456
129	170	0.915027
129	171	0.923442
129	172	0.946464
129	173	0.885618
129	174	0.938662
129	175	0.918823
129	176	0.904582
129	177	0.936131
129	178	0.893167
129	179	0.891745
129	180	0.901848
130	12	1.54661
130	15	0.953437
130	48	0.872994
130	59	1.30265
130	80	1.167
130	87	1.00453
130	100	1.02611
130	127	1.29125
130	135	0.932928
130	140	0.798151
130	142	0.99853
130	144	1.00909
130	146	0.953509
130	147	0.976341
130	148	0.936993
130	149	0.977984
130	152	0.98177
130	153	0.94773
130	155	0.972169
130	156	0.916649
130	158	0.926971
130	159	0.952607
130	160	0.973057
130	161	0.956339
130	162	0.970509
130	163	0.94228
130	164	0.959514
130	167	0.997784
130	168	0.937927
130	171	0.919912
130	173	0.882088
130	174	0.935133
130	175	0.915294
130	176	0.901053
130	177	0.932601
130	178	0.889638
130	179	0.888216
130	180	0.898318
131	33	1.89939
131	36	1.7877
131	87	0.978349
131	90	0.923053
131	96	1.06617
131	111	0.713888
131	116	1.03422
131	122	1.41376
131	123	0.908072
131	128	0.958148
131	133	0.978032
131	134	0.991122
131	137	1.02836
131	148	0.910816
131	151	0.930349
131	153	0.921553
131	154	0.893041
131	155	0.945992
131	156	0.890471
131	157	0.951222
131	159	0.92643
131	163	0.916103
131	164	0.933337
131	165	0.801888
131	167	0.971607
131	170	0.885321
131	171	0.893735
131	172	0.916758
131	173	0.855911
131	174	0.908956
131	175	0.889117
131	176	0.874876
131	177	0.906424
131	178	0.863461
131	179	0.862039
131	180	0.872141
132	51	1.20936
132	74	1.68943
132	85	1.32234
132	98	1.09363
132	123	0.940009
132	128	0.990085
132	129	1.01974
132	134	1.02306
132	136	1.03742
132	137	1.06029
132	138	1.00702
132	145	0.375412
132	148	0.942752
132	151	0.962286
132	155	0.977929
132	156	0.922408
132	157	0.983158
132	158	0.93273
132	159	0.958366
132	160	0.978816
132	163	0.948039
132	164	0.965273
132	165	0.454174
132	167	1.00354
132	168	0.943686
132	169	0.898612
132	170	0.917257
132	171	0.925672
132	172	0.948694
132	173	0.887847
132	174	0.940892
132	175	0.921053
132	176	0.906812
