1	22	1.00799
1	81	0.917786
1	135	0.922951
1	161	0.983191
1	164	0.960699
1	171	1.03366
1	173	1.02887
1	174	1.01485
1	176	1.03638
1	178	1.02741
1	179	1.02486
1	180	1.03411
2	54	1.20479
2	96	0.867658
2	107	0.905661
2	119	0.915806
2	139	0.891856
2	142	1.18884
2	145	0.884704
2	147	0.904679
2	149	1.19807
2	159	0.915744
2	165	0.913891
2	171	1.21297
3	49	0.96087
3	64	0.892183
3	78	1.01158
3	135	0.933015
3	151	1.03139
3	161	0.993256
3	173	1.02924
3	174	1.01522
3	176	1.03676
3	178	1.02778
3	179	1.02523
3	180	1.03448
4	100	0.965863
4	118	0.96015
4	129	0.959484
4	143	1.0231
4	145	1.01185
4	155	1.02781
4	156	1.04468
4	159	1.04289
4	163	0.958937
4	164	1.02046
4	170	1.02922
4	175	0.958793
5	25	0.995706
5	40	0.918916
5	81	1.07455
5	104	1.00712
5	118	0.982209
5	121	1.04889
5	123	0.994403
5	155	1.03213
5	159	1.04721
5	166	0.988667
5	172	0.922977
5	178	0.989381
6	118	0.955215
6	122	0.992815
6	127	1.031
6	130	1.07332
6	131	0.945299
6	162	0.965844
6	167	1.03807
6	168	0.98336
6	170	1.0432
6	172	1.0763
6	177	0.956205
6	180	0.94283
7	25	1.00162
7	47	1.03038
7	60	0.990355
7	81	1.08045
7	103	0.851649
7	117	1.07196
7	121	1.0548
7	123	1.00031
7	142	0.939739
7	148	1.04209
7	177	0.962438
7	179	0.976913
8	26	0.957369
8	111	0.9248
8	115	1.00139
8	144	0.940104
8	145	0.96677
8	146	1.05022
8	161	1.02219
8	162	1.02752
8	168	1.02672
8	177	1.02425
8	178	1.02124
8	180	1.02794
9	70	0.864563
9	109	0.938703
9	124	1.05009
9	139	0.982305
9	144	0.95443
9	154	1.02461
9	173	1.03074
9	174	1.01672
9	175	1.03306
9	177	1.03228
9	179	1.02673
9	180	1.03598
10	109	1.07897
10	116	1.01491
10	117	0.978162
10	144	0.962472
10	146	1.05423
10	150	1.01132
10	157	0.952304
10	162	1.03153
10	164	1.03088
10	172	0.919064
10	175	0.97694
10	179	0.993761
11	17	1.00368
11	143	1.01693
11	147	1.02565
11	148	1.02569
11	154	0.975034
11	155	1.02164
11	156	1.03851
11	159	1.03672
11	165	1.03487
11	166	0.947299
11	171	0.943255
11	175	0.939483
12	103	0.859963
12	139	1.01438
12	143	1.01848
12	144	1.02733
12	151	0.982742
12	155	1.02319
12	156	1.04005
12	159	1.03827
12	160	1.0383
12	169	1.00107
12	174	1.00698
12	180	0.957377
13	25	1.02589
13	105	0.899338
13	114	0.9625
13	127	0.980417
13	160	0.924258
13	169	1.02571
13	171	1.03519
13	174	1.01637
13	177	1.03193
13	178	1.02893
13	179	1.02638
13	180	1.03563
14	69	1.25172
14	136	0.902413
14	137	0.896192
14	142	0.905565
14	146	0.918449
14	150	0.875545
14	151	1.19061
14	161	0.890417
14	162	0.895754
14	163	1.17641
14	165	0.915674
14	178	1.1848
15	113	0.947106
15	133	1.03141
15	136	1.02905
15	137	1.02283
15	142	1.0322
15	144	0.934769
15	146	1.04508
15	152	0.956488
15	161	1.01705
15	162	1.02239
15	168	0.978738
15	174	0.987807
16	71	1.04403
16	114	1.02826
16	118	0.993339
16	132	1.06685
16	133	0.971214
16	136	0.968852
16	140	1.02861
16	150	0.941984
16	161	0.956856
16	162	0.962193
16	164	0.961538
16	166	1.04162
16	173	1.03361
17	11	1.00368
17	64	0.983847
17	127	1.08168
17	136	1.0699
17	144	1.05484
17	158	0.981093
17	166	0.974172
17	168	0.977672
17	169	0.968986
17	171	0.978458
17	174	0.959639
17	176	0.981177
17	180	0.978899
18	83	0.922687
18	104	0.956367
18	107	0.986374
18	128	1.04916
18	134	0.973099
18	141	0.952581
18	147	0.985392
18	155	0.981379
18	156	0.998244
18	159	0.996457
18	172	1.02474
18	175	1.08261
18	179	1.09944
19	44	0.833098
19	127	0.893331
19	140	0.875762
19	143	0.888268
19	158	1.11895
19	160	0.837172
19	170	0.862659
19	171	1.11631
19	173	1.11152
19	176	1.11903
19	178	1.11005
19	179	1.10751
19	180	1.11675
20	102	1.16418
20	116	0.953497
20	119	0.985535
20	124	0.933064
20	135	1.00417
20	140	0.970239
20	146	0.992813
20	158	1.01793
20	161	0.96478
20	162	0.970118
20	172	1.01132
20	176	1.01054
20	179	1.02675
21	33	1.07912
21	50	0.999108
21	86	1.12752
21	125	0.996033
21	134	0.9633
21	139	0.96277
21	145	0.955618
21	147	0.975593
21	155	0.971581
21	156	0.988445
21	159	0.986658
21	171	1.0021
21	175	0.998324
22	1	1.00799
22	69	0.967075
22	84	1.01747
22	95	0.943367
22	99	0.928478
22	127	0.97946
22	134	1.0437
22	153	0.985932
22	167	0.986534
22	170	0.991662
22	178	1.05405
22	179	1.06234
22	180	1.03449
23	65	1.11793
23	69	0.951444
23	82	1.12898
23	89	1.01725
23	99	0.912847
23	122	0.925649
23	127	0.963829
23	153	0.970301
23	167	0.970904
23	168	1.05661
23	170	0.976031
23	172	0.969233
23	179	1.04393
24	31	1.34123
24	107	0.864327
24	119	0.874472
24	141	1.21293
24	143	0.854623
24	147	0.863345
24	155	0.859332
24	156	0.876197
24	157	1.31832
24	159	0.87441
24	165	0.872557
24	170	0.860738
24	180	1.33193
25	5	0.995706
25	7	1.00162
25	13	1.02589
25	53	0.946356
25	85	1.01558
25	98	1.04703
25	107	1.05537
25	114	0.964581
25	121	0.981125
25	123	0.926635
25	148	0.968409
25	171	1.06673
25	172	1.00508
26	8	0.957369
26	91	0.976344
26	102	1.16216
26	126	1.00167
26	130	1.00958
26	131	0.881561
26	132	0.9414
26	135	1.00541
26	140	0.97148
26	153	1.02388
26	162	1.0199
26	169	1.04057
26	172	1.01256
27	41	0.982666
27	72	0.952257
27	100	1.07328
27	139	1.07962
27	150	1.10256
27	169	0.968934
27	171	0.978407
27	175	0.97593
27	176	0.981126
27	177	0.975153
27	178	0.97215
27	179	0.969602
27	180	0.978848
28	51	0.95501
28	55	0.977359
28	58	0.960776
28	81	1.01176
28	85	1.02056
28	114	0.969559
28	118	1.04122
28	123	0.931614
28	148	0.973388
28	150	1.07622
28	153	1.05584
28	172	0.981992
28	178	1.0484
29	57	0.988173
29	112	1.04789
29	131	0.887688
29	132	0.947528
29	135	1.01154
29	140	0.977607
29	144	0.988318
29	167	0.980459
29	171	1.04346
29	172	1.01869
29	176	1.0403
29	178	1.04821
29	180	1.02866
30	38	0.974361
30	80	1.02533
30	106	0.983155
30	115	0.945837
30	136	0.986065
30	150	0.959198
30	153	0.981778
30	158	1.0751
30	161	0.974069
30	163	1.06724
30	167	0.98238
30	170	0.987508
30	176	1.06771
31	24	1.34123
31	64	1.06217
31	97	0.9421
31	100	0.96361
31	116	0.955119
31	137	0.972178
31	141	0.873355
31	142	0.98155
31	150	0.95153
31	162	0.971739
31	170	0.985085
31	178	1.01192
31	180	0.99236
32	40	0.917228
32	58	0.974479
32	121	0.999807
32	122	1.04475
32	123	0.945318
32	124	1.06035
32	131	1.15703
32	132	1.01221
32	148	0.987092
32	176	0.979049
32	178	0.970073
32	179	0.967525
32	180	0.976771
33	21	1.07912
33	34	1.08406
33	60	0.907557
33	81	0.997657
33	85	1.00646
33	101	0.990528
33	114	0.955461
33	121	0.972005
33	123	0.917515
33	141	0.955874
33	148	0.959289
33	154	1.12146
33	157	1.06127
34	33	1.08406
34	51	1.11527
34	53	1.1116
34	58	1.12104
34	75	1.03853
34	88	0.790983
34	89	0.836251
34	110	0.833227
34	114	1.12982
34	121	1.14637
34	123	1.09188
34	152	0.85336
34	178	0.854638
35	56	1.06353
35	68	0.870447
35	87	1.10454
35	99	1.00423
35	115	1.02575
35	122	1.01704
35	127	1.05522
35	149	0.917558
35	150	0.965033
35	163	0.928822
35	167	1.06229
35	168	0.958179
35	170	1.06742
35	174	0.967249
36	61	1.05575
36	97	1.15656
36	123	1.16815
36	144	1.11336
36	154	0.927867
36	156	1.09712
36	163	0.939482
36	173	0.933998
36	174	0.919975
36	176	0.941513
36	177	0.93554
36	178	0.932537
36	179	0.929989
36	180	0.939236
37	70	1.1021
37	112	0.928597
37	115	0.967209
37	124	1.00122
37	126	1.06858
37	129	0.921083
37	140	1.03839
37	143	1.04026
37	156	1.06183
37	166	0.928207
37	167	1.04125
37	170	1.04637
37	171	0.924164
37	179	0.937214
38	30	0.974361
38	78	0.946306
38	91	0.915819
38	111	0.882603
38	123	0.9527
38	143	0.91968
38	149	1.05229
38	152	1.05331
38	171	1.05137
38	173	1.04657
38	176	1.05408
38	177	1.04811
38	179	1.04256
38	180	1.05181
39	64	0.856676
39	91	1.06578
39	120	1.05088
39	124	1.02374
39	131	0.970999
39	132	1.03084
39	135	1.09485
39	140	1.06092
39	165	0.936671
39	169	0.9748
39	172	1.102
39	173	0.941941
39	176	0.942751
39	178	0.950669
40	5	0.918916
40	32	0.917228
40	48	0.989087
40	54	0.938768
40	71	1.11927
40	100	1.0293
40	142	1.04724
40	146	1.06012
40	150	1.01722
40	153	0.959149
40	161	1.03209
40	162	1.03743
40	165	1.05735
40	172	0.885302
41	27	0.982666
41	113	0.919438
41	120	1.0284
41	130	1.07653
41	132	1.00835
41	135	1.07236
41	140	1.03843
41	157	1.05511
41	166	0.929384
41	167	1.04128
41	171	0.925341
41	172	1.07951
41	173	0.92137
41	178	0.930098
42	51	0.9133
42	56	0.950091
42	105	0.860397
42	124	1.0103
42	137	0.935707
42	167	0.919482
42	171	1.05458
42	174	1.03576
42	175	1.0521
42	176	1.05729
42	177	1.05132
42	178	1.04832
42	179	1.04577
42	180	1.05502
43	68	0.894639
43	83	0.993708
43	110	0.939989
43	134	1.04412
43	143	1.04769
43	147	1.05641
43	156	1.06927
43	157	0.928235
43	159	1.06748
43	160	1.06751
43	170	1.05381
43	173	0.952671
43	176	0.953482
43	180	0.941842
44	19	0.833098
44	74	1.14132
44	101	0.86187
44	139	1.0366
44	141	0.827216
44	147	1.04942
44	156	1.06227
44	159	1.06048
44	160	1.06052
44	161	1.03337
44	162	1.03871
44	165	1.05863
44	168	0.986751
44	177	0.959596
45	55	1.10294
45	145	1.14113
45	146	1.09857
45	150	1.16528
45	160	1.08514
45	166	0.934783
45	169	0.929596
45	171	0.939068
45	173	0.934272
45	174	0.920249
45	175	0.936591
45	177	0.935814
45	179	0.930263
45	180	0.93951
46	92	0.91475
46	124	0.989433
46	133	0.918863
46	150	0.944597
46	162	0.920228
46	164	0.901359
46	166	1.05083
46	174	1.03629
46	175	1.05263
46	176	1.05783
46	177	1.05186
46	178	1.04885
46	179	1.04631
46	180	1.05555
47	7	1.03038
47	55	1.00114
47	58	0.984558
47	60	0.945439
47	81	1.03554
47	85	1.04434
47	89	1.00311
47	114	0.993342
47	121	1.00989
47	123	0.955397
47	167	1.00334
47	171	1.01674
47	172	0.955095
47	175	1.01297
47	177	1.01532
48	40	0.989087
48	82	0.842619
48	106	1.05078
48	121	1.00076
48	146	1.02066
48	150	1.08738
48	168	1.00337
48	171	1.00416
48	174	0.985337
48	175	1.00168
48	176	1.00687
48	177	1.0009
48	178	0.997899
48	179	0.99535
48	180	1.0046
49	3	0.96087
49	67	1.05066
49	110	0.975455
49	120	0.979735
49	135	1.0237
49	139	0.987534
49	140	0.989771
49	143	0.991637
49	153	1.00431
49	155	0.996345
49	159	1.01142
49	164	0.988995
49	172	1.03085
49	174	1.02691
49	176	0.988947
50	21	0.999108
50	84	0.960542
50	134	1.00408
50	143	1.0132
50	145	1.0181
50	167	0.996272
50	171	1.0046
50	173	0.999806
50	174	0.985783
50	175	1.00213
50	176	1.00732
50	177	1.00135
50	178	0.998345
50	179	0.995797
50	180	1.00504
51	28	0.95501
51	34	1.11527
51	42	0.9133
51	53	0.968449
51	55	0.994474
51	85	1.03767
51	102	1.14355
51	114	0.986674
51	118	0.990662
51	121	1.00322
51	123	0.948729
51	148	0.990503
51	152	0.996556
51	170	0.971002
51	173	0.989106
52	56	0.999359
52	74	1.16022
52	82	1.1562
52	99	0.940064
52	115	0.961577
52	122	0.952865
52	127	0.991046
52	153	0.997518
52	158	0.984147
52	167	0.99812
52	170	1.00325
52	172	0.918272
52	175	0.976148
52	177	0.978493
52	179	0.992969
53	25	0.946356
53	34	1.1116
53	51	0.968449
53	62	1.05143
53	81	1.02519
53	85	1.034
53	114	0.982999
53	121	0.999543
53	123	0.945053
53	148	0.986827
53	161	0.994354
53	163	0.97889
53	168	1.00825
53	173	0.978546
53	179	0.995567
54	2	1.20479
54	40	0.938768
54	61	0.928626
54	136	1.0013
54	149	1.00327
54	156	0.969994
54	159	0.94939
54	166	0.998063
54	171	1.00235
54	175	0.999872
54	176	1.00507
54	177	0.999094
54	178	0.996091
54	179	0.993543
54	180	1.00279
55	28	0.977359
55	45	1.10294
55	47	1.00114
55	51	0.994474
55	58	1.00024
55	60	0.96112
55	85	1.06002
55	114	1.00902
55	121	1.02557
55	123	0.971078
55	125	0.948913
55	163	0.979273
55	165	0.97366
55	174	1.0177
55	175	0.979129
56	35	1.06353
56	42	0.950091
56	52	0.999359
56	69	0.975127
56	87	1.03684
56	110	1.01321
56	112	1.0343
56	122	0.949332
56	127	0.987513
56	148	1.00264
56	153	0.993985
56	159	0.974782
56	167	0.994587
56	170	0.999714
56	177	1.02844
57	29	0.988173
57	74	1.14975
57	106	0.965439
57	126	1.0284
57	129	0.966372
57	130	1.03631
57	131	0.908291
57	132	0.96813
57	135	1.03214
57	140	0.998209
57	148	0.942228
57	161	0.981289
57	167	1.00106
57	168	0.995182
57	172	1.03929
58	28	0.960776
58	32	0.974479
58	34	1.12104
58	47	0.984558
58	55	1.00024
58	76	1.01568
58	89	0.999915
58	111	0.980001
58	114	0.99244
58	123	0.954494
58	148	0.996268
58	152	1.01702
58	154	1.04532
58	159	0.958458
58	167	1.00015
59	66	0.976254
59	77	0.94635
59	86	1.03162
59	95	1.03003
59	99	1.01514
59	115	1.03665
59	122	1.02794
59	127	1.06612
59	153	1.07259
59	167	1.07319
59	170	1.07832
59	172	0.844543
59	173	0.902219
59	178	0.910947
60	7	0.990355
60	33	0.907557
60	47	0.945439
60	55	0.96112
60	81	0.995517
60	85	1.00432
60	90	1.0175
60	99	1.16424
60	114	0.95332
60	121	0.969864
60	123	0.915375
60	133	1.06509
60	147	1.04532
60	148	0.957149
60	175	1.05447
60	176	1.05508
61	36	1.05575
61	54	0.928626
61	80	0.891264
61	94	1.05838
61	112	0.94124
61	120	1.0693
61	124	1.04216
61	126	1.10953
61	131	0.989421
61	132	1.04926
61	138	0.843046
61	140	1.07934
61	141	0.803002
61	151	0.947372
61	167	1.08219
61	172	1.12042
62	53	1.05143
62	106	1.07755
62	120	1.09185
62	121	1.02753
62	145	1.08999
62	148	1.05434
62	163	0.963774
62	166	0.958801
62	169	0.953614
62	171	0.963086
62	175	0.960609
62	176	0.965805
62	177	0.959832
62	178	0.956829
62	179	0.954281
62	180	0.963528
63	103	0.817949
63	119	1.0766
63	134	1.05318
63	139	1.05265
63	147	1.06547
63	149	0.915271
63	155	1.06146
63	159	1.07654
63	160	1.07657
63	165	1.07468
63	167	0.916766
63	169	0.959051
63	170	1.06286
63	171	0.930163
63	173	0.926192
63	179	0.943213
64	3	0.892183
64	17	0.983847
64	31	1.06217
64	39	0.856676
64	75	0.998903
64	80	0.877877
64	81	0.869851
64	92	1.07933
64	108	1.00339
64	133	1.08685
64	142	1.08764
64	150	1.05762
64	161	1.07249
64	162	1.07783
64	163	0.919793
64	164	1.07717
65	23	1.11793
65	71	1.00684
65	79	1.05835
65	94	0.939903
65	103	0.987496
65	113	1.09381
65	120	0.95083
65	124	0.92369
65	129	1.09663
65	130	0.998968
65	131	0.870947
65	132	0.930786
65	140	0.960866
65	152	1.10319
65	167	0.963718
65	172	1.00195
66	59	0.976254
66	83	1.16144
66	107	1.07136
66	144	1.06448
66	152	0.966439
66	159	1.02763
66	162	1.09093
66	168	0.963705
66	169	0.955019
66	174	0.945672
66	175	0.962015
66	176	0.96721
66	177	0.961237
66	178	0.958235
66	179	0.955686
66	180	0.964933
67	49	1.05066
67	89	1.05758
67	92	0.959285
67	106	0.961532
67	116	0.941163
67	136	0.964442
67	140	1.06224
67	142	0.967594
67	143	1.07474
67	146	0.980479
67	149	1.05632
67	150	0.937575
67	161	0.952446
67	162	0.957784
67	165	0.977704
67	169	1.1001
68	35	0.870447
68	43	0.894639
68	125	0.916666
68	142	0.926529
68	156	0.916172
68	163	1.07133
68	164	0.939998
68	168	1.06985
68	170	0.928579
68	171	1.07064
68	173	1.06584
68	174	1.05182
68	176	1.07336
68	178	1.06438
68	179	1.06183
68	180	1.07108
69	14	1.25172
69	22	0.967075
69	23	0.951444
69	56	0.975127
69	80	1.03879
69	84	1.00482
69	90	1.0436
69	99	0.915832
69	103	0.972121
69	115	0.937345
69	121	1.0303
69	122	0.928634
69	127	0.966814
69	149	1.06944
69	167	0.973888
69	170	0.979016
70	9	0.864563
70	37	1.1021
70	93	0.980836
70	111	1.07799
70	137	0.907376
70	139	1.04911
70	145	1.04196
70	156	1.07479
70	158	0.908777
70	159	1.073
70	164	1.05057
70	165	1.07115
70	166	0.908593
70	169	0.933437
70	170	1.05933
70	177	0.903124
71	16	1.04403
71	40	1.11927
71	65	1.00684
71	84	0.870656
71	117	1.01587
71	118	1.10039
71	137	1.06968
71	150	1.04903
71	161	1.0639
71	162	1.06924
71	164	1.06859
71	172	0.858137
71	175	0.916013
71	176	0.916623
71	179	0.932834
71	180	0.904984
72	27	0.952257
72	84	1.11002
72	87	1.12134
72	95	1.03592
72	99	1.02103
72	115	1.04254
72	122	1.03383
72	127	1.07201
72	167	1.07909
72	168	0.920661
72	169	0.92382
72	170	1.08421
72	171	0.894932
72	174	0.929731
72	179	0.907982
72	180	0.880131
73	105	0.92634
73	121	0.944785
73	144	0.980582
73	160	0.95126
73	161	1.01066
73	165	0.989581
73	166	1.02061
73	167	0.985424
73	169	1.01542
73	171	1.02489
73	173	1.0201
73	174	1.00607
73	175	1.02241
73	176	1.02761
73	177	1.02164
73	179	1.01609
73	180	1.02533
74	44	1.14132
74	52	1.16022
74	57	1.14975
74	82	0.980784
74	150	1.22554
74	151	0.928409
74	154	0.920128
74	159	1.13787
74	168	0.93027
74	169	0.921584
74	171	0.931056
74	175	0.928579
74	176	0.933775
74	177	0.927802
74	178	0.924799
74	179	0.922251
74	180	0.931497
75	34	1.03853
75	64	0.998903
75	90	1.16056
75	93	0.898334
75	109	0.955912
75	118	0.939619
75	133	0.917494
75	141	1.0675
75	146	0.931168
75	150	0.888264
75	152	1.20478
75	160	0.930278
75	161	0.903136
75	162	0.908473
75	165	0.928393
75	172	1.13965
75	175	1.19753
76	58	1.01568
76	78	1.00608
76	81	1.06666
76	91	0.97559
76	114	1.02447
76	121	1.04101
76	123	0.986521
76	127	0.984514
76	135	0.927513
76	137	0.978744
76	167	0.962519
76	170	0.953842
76	173	1.01274
76	175	1.01506
76	178	1.01128
76	179	1.00873
76	180	1.01797
77	59	0.94635
77	84	1.00369
77	85	0.997049
77	94	1.10177
77	100	1.05612
77	145	1.06124
77	148	1.02559
77	154	0.975657
77	163	0.987273
77	168	0.985799
77	173	0.981789
77	174	0.967766
77	175	0.984108
77	176	0.989304
77	177	0.983331
77	178	0.980328
77	179	0.97778
77	180	0.987027
78	3	1.01158
78	38	0.946306
78	76	1.00608
78	83	0.924718
78	111	1.00348
78	139	0.974599
78	143	0.978702
78	145	0.967447
78	147	0.987423
78	152	1.0463
78	155	0.98341
78	156	1.00028
78	159	0.998488
78	165	0.996635
78	168	1.06855
78	169	1.0717
78	170	0.984816
78	179	1.05587
79	65	1.05835
79	124	1.04795
79	129	0.885065
79	130	1.12323
79	131	0.995211
79	132	1.05505
79	135	1.11906
79	140	1.08513
79	151	0.89871
79	154	0.919924
79	157	1.1018
79	167	1.08798
79	169	0.917033
79	172	1.12621
79	173	0.884174
79	174	0.922944
79	175	0.884374
79	179	0.901196
80	30	1.02533
80	61	0.891264
80	64	0.877877
80	69	1.03879
80	119	0.938946
80	130	0.913
80	134	0.961523
80	155	0.946756
80	163	1.04225
80	166	1.03728
80	169	1.03209
80	171	1.04156
80	173	1.03677
80	174	1.02275
80	175	1.03909
80	177	1.03831
80	178	1.03531
80	179	1.03276
80	180	1.04201
81	1	0.917786
81	5	1.07455
81	7	1.08045
81	28	1.01176
81	33	0.997657
81	47	1.03554
81	53	1.02519
81	60	0.995517
81	64	0.869851
81	76	1.06666
81	121	1.05996
81	123	1.00547
81	148	1.04725
81	152	0.962567
81	168	0.984817
81	171	0.959088
81	174	0.993886
81	177	0.957662
81	178	0.963845
82	23	1.12898
82	48	0.842619
82	52	1.1562
82	74	0.980784
82	84	1.18236
82	86	0.92591
82	93	0.876768
82	95	1.10826
82	115	1.11488
82	117	0.90858
82	122	1.10617
82	127	1.14435
82	141	0.666676
82	153	1.15082
82	167	1.15142
82	168	0.826211
82	170	1.15655
82	176	0.797321
82	180	0.785681
83	18	0.922687
83	43	0.993708
83	66	1.16144
83	78	0.924718
83	85	1.03561
83	105	1.01136
83	107	0.947093
83	144	0.946235
83	145	0.926136
83	147	0.946111
83	148	0.946143
83	149	1.07648
83	155	0.942098
83	156	0.958963
83	164	0.934748
83	172	1.02973
83	174	1.12617
83	176	1.08821
83	177	1.08995
84	22	1.01747
84	50	0.960542
84	69	1.00482
84	71	0.870656
84	72	1.11002
84	77	1.00369
84	82	1.18236
84	87	1.06654
84	95	0.981117
84	115	0.987741
84	122	0.979029
84	127	1.01721
84	152	0.967008
84	157	0.935122
84	167	1.02428
84	170	1.02941
84	176	0.960368
84	177	0.962103
84	180	0.948728
85	25	1.01558
85	28	1.02056
85	33	1.00646
85	47	1.04434
85	51	1.03767
85	53	1.034
85	55	1.06002
85	60	1.00432
85	77	0.997049
85	83	1.03561
85	114	1.05222
85	121	1.06877
85	130	0.902775
85	141	0.823083
85	143	0.960423
85	148	1.05605
85	163	0.953261
85	178	0.961646
85	179	0.969939
86	21	1.12752
86	59	1.03162
86	82	0.92591
86	105	1.0656
86	115	1.18113
86	148	1.11086
86	152	0.954303
86	158	0.954991
86	161	1.14992
86	168	0.951569
86	169	0.942883
86	171	0.952356
86	173	0.94756
86	175	0.949879
86	176	0.955075
86	177	0.949102
86	178	0.946099
86	179	0.943551
86	180	0.952797
87	35	1.10454
87	56	1.03684
87	72	1.12134
87	84	1.06654
87	95	0.992435
87	99	0.977546
87	115	0.999059
87	122	0.990348
87	151	0.964076
87	152	0.956991
87	153	1.035
87	154	0.98529
87	164	0.942856
87	167	1.0356
87	170	1.04073
87	171	0.953512
87	172	0.891865
87	173	0.94954
87	179	0.966562
88	34	0.790983
88	96	1.03283
88	98	1.06538
88	127	0.962356
88	131	1.12785
88	133	1.04399
88	135	0.905355
88	136	1.04163
88	140	0.944787
88	148	0.926534
88	159	0.898673
88	161	1.02963
88	162	1.03497
88	173	1.03015
88	175	1.03247
88	177	1.03169
88	178	1.02869
88	179	1.02614
88	180	1.03539
89	23	1.01725
89	34	0.836251
89	47	1.00311
89	58	0.999915
89	67	1.05758
89	116	1.06197
89	150	1.03161
89	163	1.00529
89	164	0.988372
89	166	1.00032
89	168	1.00382
89	169	0.995135
89	173	0.999811
89	174	0.985788
89	175	1.00213
89	176	1.00733
89	177	1.00135
89	178	0.99835
89	179	0.995802
89	180	1.00505
90	60	1.0175
90	69	1.0436
90	75	1.16056
90	98	0.952225
90	127	0.980516
90	149	1.00544
90	155	0.951562
90	160	0.924358
90	165	0.962679
90	166	1.00024
90	169	0.99505
90	171	1.00452
90	173	0.999726
90	174	0.985703
90	175	1.00205
90	176	1.00724
90	177	1.00127
90	178	0.998265
90	179	0.995717
90	180	1.00496
91	26	0.976344
91	38	0.915819
91	39	1.06578
91	76	0.97559
91	120	0.982471
91	126	1.02269
91	130	1.03061
91	131	0.902588
91	132	0.962427
91	135	1.02644
91	140	0.992507
91	152	1.01581
91	153	1.02453
91	157	1.00918
91	165	1.00309
91	167	0.995359
91	168	1.03806
91	172	1.03359
91	175	1.00856
91	179	1.02538
92	46	0.91475
92	64	1.07933
92	67	0.959285
92	98	1.01931
92	106	0.99265
92	133	0.997922
92	137	0.98934
92	138	0.921631
92	142	0.998712
92	146	1.0116
92	150	0.968693
92	151	1.02596
92	152	1.01887
92	154	1.04717
92	160	1.01071
92	161	0.983564
92	162	0.988901
92	166	1.01944
92	174	1.05019
92	177	1.01397
93	70	0.980836
93	75	0.898334
93	82	0.876768
93	98	1.00767
93	132	1.11821
93	136	0.983921
93	139	1.09858
93	145	1.09737
93	147	1.07602
93	150	0.957053
93	155	1.06859
93	161	0.971924
93	162	0.977262
93	167	1.07555
93	168	0.976454
93	171	0.97724
93	174	0.958421
93	175	0.974763
93	178	0.970983
93	179	0.968435
93	180	0.977681
94	61	1.05838
94	65	0.939903
94	77	1.10177
94	120	0.956644
94	124	0.929505
94	125	1.02762
94	126	0.996866
94	128	1.02439
94	131	0.876762
94	132	0.936601
94	135	1.00061
94	140	0.96668
94	142	1.03749
94	144	0.977391
94	146	1.02748
94	152	1.06509
94	157	0.983354
94	163	1.05798
94	167	0.969533
94	172	1.00776
94	177	1.06018
95	22	0.943367
95	59	1.03003
95	72	1.03592
95	82	1.10826
95	84	0.981117
95	87	0.992435
95	99	0.892124
95	115	0.913637
95	122	0.904926
95	127	0.943106
95	131	1.20119
95	146	0.992969
95	147	1.01418
95	153	0.949578
95	167	0.950181
95	168	1.05283
95	170	0.955308
95	174	1.0619
95	175	1.02333
95	177	1.02568
95	178	1.03186
96	2	0.867658
96	88	1.03283
96	105	1.03705
96	125	0.992234
96	138	0.997969
96	139	0.958971
96	141	0.957925
96	143	0.963074
96	144	0.971919
96	145	0.951819
96	147	0.971795
96	155	0.967782
96	156	0.984647
96	157	1.06332
96	159	0.98286
96	165	0.981007
96	170	0.969188
96	175	1.08796
96	177	1.0903
96	179	1.10478
96	180	1.07693
97	31	0.9421
97	36	1.15656
97	98	0.988168
97	109	1.0052
97	118	0.988907
97	127	1.04622
97	136	0.96442
97	137	0.9582
97	142	0.967572
97	146	0.980457
97	150	0.937553
97	151	1.04819
97	159	0.982535
97	160	0.979567
97	161	0.952424
97	162	0.957761
97	165	0.977681
97	166	1.04166
97	171	1.03762
97	178	1.04238
97	179	1.05067
98	25	1.04703
98	88	1.06538
98	90	0.952225
98	92	1.01931
98	93	1.00767
98	97	0.988168
98	103	0.880748
98	116	1.00119
98	117	0.964438
98	137	1.01825
98	142	1.02762
98	146	1.0405
98	150	0.997599
98	157	0.964556
98	160	1.03961
98	161	1.01247
98	162	1.01781
98	167	0.979565
98	173	0.988991
98	177	0.991537
98	178	0.99772
98	179	1.00601
99	22	0.928478
99	23	0.912847
99	35	1.00423
99	52	0.940064
99	59	1.01514
99	60	1.16424
99	69	0.915832
99	72	1.02103
99	87	0.977546
99	95	0.892124
99	115	0.898748
99	122	0.890037
99	127	0.928217
99	128	1.08143
99	137	1.12148
99	138	1.02489
99	146	1.08452
99	160	1.07109
99	166	1.1227
99	167	0.935291
99	170	0.940419
99	179	1.13171
100	4	0.965863
100	27	1.07328
100	31	0.96361
100	40	1.0293
100	77	1.05612
100	106	0.983019
100	116	0.962651
100	118	1.01042
100	129	1.01287
100	133	0.988292
100	137	0.979709
100	142	0.989082
100	143	1.01949
100	146	1.00197
100	150	0.959062
100	160	1.00108
100	161	0.973934
100	162	0.979271
100	164	0.978616
100	169	1.04484
100	172	0.954308
100	174	1.05075
100	179	1.02901
101	33	0.990528
101	44	0.86187
101	104	0.938902
101	109	0.879538
101	115	0.95655
101	134	0.907915
101	139	0.92314
101	145	0.921932
101	156	0.879023
101	161	0.925342
101	163	1.06648
101	166	1.06151
101	168	1.06501
101	169	1.05632
101	171	1.06579
101	173	1.061
101	174	1.04697
101	175	1.06332
101	176	1.06851
101	177	1.06254
101	178	1.05954
101	179	1.05699
101	180	1.06623
102	20	1.16418
102	26	1.16216
102	51	1.14355
102	137	1.16596
102	140	1.15416
102	152	0.925771
102	154	0.912895
102	155	1.14277
102	158	0.926458
102	159	1.10804
102	163	0.924511
102	164	1.15247
102	168	0.923037
102	169	0.914351
102	171	0.923823
102	173	0.919027
102	174	0.905004
102	175	0.921346
102	176	0.926542
102	177	0.920569
102	178	0.917566
102	179	0.915018
102	180	0.924264
103	7	0.851649
103	12	0.859963
103	63	0.817949
103	65	0.987496
103	69	0.972121
103	98	0.880748
103	118	0.898027
103	122	0.96226
103	131	1.07453
103	151	1.06298
103	154	1.0547
103	158	1.06826
103	163	1.06631
103	165	0.891201
103	168	1.06484
103	169	1.05615
103	173	1.06083
103	174	1.0468
103	175	1.06315
103	176	1.06834
103	177	1.06237
103	178	1.05937
103	180	1.06606
104	5	1.00712
104	18	0.956367
104	101	0.938902
104	105	1.04504
104	111	0.995851
104	125	1.00023
104	143	0.97107
104	145	0.959815
104	147	0.979791
104	148	0.979823
104	149	1.02316
104	154	1.06983
104	155	0.975778
104	156	0.992643
104	158	1.04228
104	159	0.990856
104	164	0.968428
104	170	0.977184
104	172	0.976407
104	173	1.03408
104	176	1.03489
104	178	1.04281
104	179	1.0511
105	13	0.899338
105	42	0.860397
105	73	0.92634
105	83	1.01136
105	86	1.0656
105	96	1.03705
105	104	1.04504
105	119	1.0852
105	134	1.06178
105	139	1.06125
105	141	0.806369
105	143	1.06535
105	145	1.05409
105	147	1.07407
105	149	0.925282
105	155	1.07006
105	156	1.08692
105	159	1.08513
105	164	1.06271
105	172	0.878527
105	174	0.974973
105	175	0.936403
105	176	0.937014
106	30	0.983155
106	48	1.05078
106	57	0.965439
106	62	1.07755
106	67	0.961532
106	92	0.99265
106	100	0.983019
106	108	1.08861
106	117	0.937779
106	129	1.00556
106	133	1.00017
106	136	0.997808
106	137	0.991587
106	142	1.00096
106	150	0.97094
106	151	1.01921
106	158	1.01287
106	160	1.01295
106	161	0.985812
106	162	0.991149
106	164	0.990494
106	172	0.946996
106	174	1.04344
107	2	0.905661
107	18	0.986374
107	24	0.864327
107	25	1.05537
107	66	1.07136
107	83	0.947093
107	125	1.03024
107	139	0.996975
107	143	1.00108
107	145	0.989823
107	147	1.0098
107	150	1.03388
107	154	1.03307
107	155	1.00579
107	156	1.02265
107	158	1.00552
107	159	1.02086
107	160	1.0209
107	163	0.997668
107	164	0.998435
107	168	1.02703
107	176	0.998135
107	180	0.986495
108	64	1.00339
108	106	1.08861
108	121	1.03859
108	126	1.04011
108	132	1.1219
108	135	1.04422
108	151	0.961052
108	152	0.965646
108	154	0.952771
108	158	0.966334
108	162	1.10084
108	165	1.08338
108	166	0.959413
108	168	0.962912
108	170	1.07055
108	171	0.963699
108	173	0.958903
108	174	0.94488
108	175	0.961222
108	176	0.966417
108	177	0.960444
108	178	0.957442
108	179	0.954893
108	180	0.96414
109	9	0.938703
109	10	1.07897
109	75	0.955912
109	97	1.0052
109	101	0.879538
109	117	0.98147
109	128	0.941464
109	133	1.04386
109	134	1.03325
109	136	1.0415
109	137	1.03528
109	143	0.982223
109	150	1.01463
109	157	0.950282
109	160	1.05664
109	161	1.0295
109	162	1.03484
109	164	1.03418
109	165	1.05476
109	166	0.982733
109	167	0.965292
109	169	1.00758
109	176	0.975528
109	178	0.983446
110	34	0.833227
110	43	0.939989
110	49	0.975455
110	56	1.01321
110	135	0.947599
110	139	1.00564
110	147	0.983081
110	148	0.968778
110	149	1.03319
110	155	0.975646
110	158	1.0349
110	160	0.948442
110	163	1.03295
110	166	1.02798
110	168	1.03148
110	169	1.02279
110	173	1.02747
110	174	1.01345
110	175	1.02979
110	176	1.03498
110	177	1.02901
110	178	1.02601
110	179	1.02346
110	180	1.03271
111	8	0.9248
111	38	0.882603
111	58	0.980001
111	70	1.07799
111	78	1.00348
111	104	0.995851
111	119	1.036
111	121	0.925077
111	125	1.04532
111	139	1.01205
111	147	1.02488
111	148	1.02491
111	149	0.964221
111	153	0.991314
111	156	1.03773
111	159	1.03594
111	160	1.03597
111	164	1.01351
111	165	1.03409
111	166	0.983157
111	170	1.02227
111	171	0.979114
111	174	1.01391
111	180	0.964313
112	29	1.04789
112	37	0.928597
112	56	1.0343
112	61	0.94124
112	114	1.00777
112	137	1.01992
112	143	1.02062
112	147	1.00417
112	151	1.00104
112	156	0.982608
112	158	1.00632
112	163	1.00437
112	166	0.999402
112	167	1.00369
112	168	1.0029
112	169	0.994215
112	171	1.00369
112	173	0.998891
112	174	0.984868
112	175	1.00121
112	176	1.00641
112	177	1.00043
112	178	0.99743
112	179	0.994882
112	180	1.00413
113	15	0.947106
113	41	0.919438
113	65	1.09381
113	137	1.00958
113	140	0.997782
113	143	1.01029
113	145	1.01518
113	149	1.00442
113	150	1.03934
113	152	1.00545
113	158	1.00613
113	160	0.959192
113	163	1.00419
113	165	0.997513
113	166	0.999213
113	168	1.00271
113	169	0.994027
113	171	1.0035
113	173	0.998703
113	174	0.98468
113	175	1.00102
113	177	1.00024
113	178	0.997242
113	179	0.994694
113	180	1.00394
114	13	0.9625
114	16	1.02826
114	25	0.964581
114	28	0.969559
114	33	0.955461
114	34	1.12982
114	47	0.993342
114	51	0.986674
114	53	0.982999
114	55	1.00902
114	58	0.99244
114	60	0.95332
114	76	1.02447
114	85	1.05222
114	112	1.00777
114	121	1.01777
114	123	0.963278
114	126	0.950826
114	148	1.00505
114	149	0.988445
114	153	1.01554
114	158	1.00757
114	163	0.99971
114	169	1.03222
114	179	1.01639
115	8	1.00139
115	30	0.945837
115	35	1.02575
115	37	0.967209
115	52	0.961577
115	59	1.03665
115	69	0.937345
115	72	1.04254
115	82	1.11488
115	84	0.987741
115	86	1.18113
115	87	0.999059
115	95	0.913637
115	99	0.898748
115	101	0.95655
115	122	0.91155
115	127	0.94973
115	149	1.04081
115	151	1.06627
115	153	0.956202
115	163	1.05207
115	167	0.956805
115	170	0.961932
115	173	1.05173
115	175	1.05193
115	180	1.0409
116	10	1.01491
116	20	0.953497
116	31	0.955119
116	67	0.941163
116	89	1.06197
116	98	1.00119
116	100	0.962651
116	118	1.00193
116	133	0.979801
116	136	0.977439
116	137	0.971219
116	138	0.981843
116	141	0.941799
116	146	0.993475
116	150	0.950572
116	155	1.05525
116	156	1.04112
116	161	0.965443
116	162	0.97078
116	164	0.970125
116	165	0.9907
116	169	1.10449
116	171	1.0756
116	172	1.01396
116	175	1.07183
116	180	1.0608
117	7	1.07196
117	10	0.978162
117	71	1.01587
117	82	0.90858
117	98	0.964438
117	106	0.937779
117	109	0.98147
117	118	0.965177
117	128	1.08353
117	133	0.943052
117	134	0.932446
117	136	0.94069
117	137	0.934469
117	142	0.943842
117	146	0.956726
117	148	1.09353
117	159	1.06567
117	160	0.955836
117	161	0.928693
117	162	0.934031
117	164	0.933376
117	165	0.953951
117	166	1.1248
117	173	1.11678
117	175	1.11698
117	177	1.11933
117	180	1.10595
118	4	0.96015
118	5	0.982209
118	6	0.955215
118	16	0.993339
118	28	1.04122
118	51	0.990662
118	71	1.10039
118	75	0.939619
118	97	0.988907
118	100	1.01042
118	103	0.898027
118	116	1.00193
118	117	0.965177
118	136	1.02521
118	137	1.01898
118	142	1.02836
118	146	1.04124
118	148	0.983017
118	150	0.998338
118	161	1.01321
118	162	1.01855
118	164	1.01789
118	165	1.03847
118	167	0.996844
118	168	1.03597
118	171	1.01024
118	172	0.948595
119	2	0.915806
119	20	0.985535
119	24	0.874472
119	63	1.0766
119	80	0.938946
119	105	1.0852
119	111	1.036
119	134	1.00765
119	139	1.00712
119	145	0.999968
119	147	1.01994
119	148	1.01998
119	152	0.987968
119	155	1.01593
119	156	1.0328
119	159	1.03101
119	160	1.03104
119	163	0.980861
119	165	1.02916
119	170	1.01734
119	174	1.01929
119	175	0.980718
119	176	0.981328
119	177	0.983064
119	178	0.989246
119	179	0.997539
119	180	0.969688
120	39	1.05088
120	41	1.0284
120	49	0.979735
120	61	1.0693
120	62	1.09185
120	65	0.95083
120	91	0.982471
120	94	0.956644
120	124	0.940432
120	126	1.00779
120	130	1.01571
120	131	0.887689
120	132	0.947528
120	133	1.02979
120	135	1.01154
120	138	0.929174
120	140	0.977607
120	155	1.00258
120	157	0.994281
120	160	0.975374
120	161	1.03477
120	167	0.98046
120	169	1.05182
120	170	1.00086
120	172	1.01869
120	174	1.05773
120	175	1.01916
120	180	1.00814
121	5	1.04889
121	7	1.0548
121	25	0.981125
121	32	0.999807
121	33	0.972005
121	34	1.14637
121	47	1.00989
121	48	1.00076
121	51	1.00322
121	53	0.999543
121	55	1.02557
121	60	0.969864
121	62	1.02753
121	69	1.0303
121	73	0.944785
121	76	1.04101
121	81	1.05996
121	85	1.06877
121	108	1.03859
121	111	0.925077
121	114	1.01777
121	123	0.979822
121	141	0.824814
121	148	1.0216
121	153	0.97082
121	169	0.987507
121	170	0.936545
121	177	0.957194
121	178	0.963377
122	6	0.992815
122	23	0.925649
122	32	1.04475
122	35	1.01704
122	52	0.952865
122	56	0.949332
122	59	1.02794
122	69	0.928634
122	72	1.03383
122	82	1.10617
122	84	0.979029
122	87	0.990348
122	95	0.904926
122	99	0.890037
122	103	0.96226
122	115	0.91155
122	127	0.941019
122	153	0.947491
122	154	1.10625
122	160	1.02691
122	164	1.06382
122	167	0.948093
122	170	0.953221
122	172	1.01283
122	173	1.0705
122	174	1.10927
122	177	1.07305
122	178	1.07923
122	180	1.05967
123	5	0.994403
123	7	1.00031
123	25	0.926635
123	28	0.931614
123	32	0.945318
123	33	0.917515
123	34	1.09188
123	36	1.16815
123	38	0.9527
123	47	0.955397
123	51	0.948729
123	53	0.945053
123	55	0.971078
123	58	0.954494
123	60	0.915375
123	76	0.986521
123	81	1.00547
123	114	0.963278
123	121	0.979822
123	136	1.04603
123	148	0.967107
123	150	1.08179
123	155	1.02885
123	164	1.03856
123	166	1.05325
123	171	1.04921
123	174	1.08401
123	176	1.04605
123	178	1.05397
124	9	1.05009
124	20	0.933064
124	32	1.06035
124	37	1.00122
124	39	1.02374
124	42	1.0103
124	46	0.989433
124	61	1.04216
124	65	0.92369
124	79	1.04795
124	94	0.929505
124	120	0.940432
124	126	0.980654
124	128	1.05285
124	130	0.98857
124	131	0.860549
124	132	0.920388
124	135	0.984398
124	138	0.996314
124	140	0.950468
124	144	0.961178
124	157	0.967141
124	167	0.95332
124	171	1.09008
124	172	0.99155
124	173	1.0861
124	175	1.0863
124	176	1.08691
124	179	1.10313
125	21	0.996033
125	55	0.948913
125	68	0.916666
125	94	1.02762
125	96	0.992234
125	104	1.00023
125	107	1.03024
125	111	1.04532
125	138	0.884907
125	139	1.01643
125	143	1.02053
125	144	1.02938
125	145	1.00928
125	148	1.02929
125	151	0.989234
125	155	1.02524
125	156	1.04211
125	157	0.950262
125	159	1.04032
125	160	1.04035
125	161	0.990506
125	164	1.01789
125	165	1.03847
125	170	1.02665
125	173	0.974698
125	174	1.01347
125	175	0.974898
125	177	0.977243
125	180	0.963868
126	26	1.00167
126	37	1.06858
126	57	1.0284
126	61	1.10953
126	91	1.02269
126	94	0.996866
126	108	1.04011
126	114	0.950826
126	120	1.00779
126	124	0.980654
126	130	1.05593
126	131	0.92791
126	132	0.987749
126	133	0.966995
126	135	1.05176
126	140	1.01783
126	144	1.02854
126	151	0.970711
126	156	0.925664
126	157	1.0345
126	158	0.964374
126	163	0.956518
126	167	1.02068
126	168	0.985875
126	169	0.989034
126	170	0.938071
126	172	1.05891
126	179	0.973196
126	180	0.945345
127	6	1.031
127	13	0.980417
127	17	1.08168
127	19	0.893331
127	22	0.97946
127	23	0.963829
127	35	1.05522
127	52	0.991046
127	56	0.987513
127	59	1.06612
127	69	0.966814
127	72	1.07201
127	76	0.984514
127	82	1.14435
127	84	1.01721
127	88	0.962356
127	90	0.980516
127	95	0.943106
127	97	1.04622
127	99	0.928217
127	115	0.94973
127	122	0.941019
127	136	1.01807
127	142	0.997129
127	153	0.985671
127	158	1.02548
127	167	0.986273
127	170	0.991401
127	178	1.02601
127	180	1.00645
128	18	1.04916
128	94	1.02439
128	99	1.08143
128	109	0.941464
128	117	1.08353
128	124	1.05285
128	139	0.985066
128	147	0.962509
128	149	1.00444
128	151	1.00087
128	152	1.00547
128	154	0.992592
128	156	0.940949
128	158	1.00615
128	159	0.920345
128	162	0.983645
128	163	1.00421
128	165	0.966191
128	166	0.999234
128	168	1.00273
128	169	0.994047
128	171	1.00352
128	173	0.998723
128	174	0.9847
128	175	1.00104
128	176	1.00624
128	177	1.00027
128	178	0.997262
128	179	0.994714
128	180	1.00396
129	4	0.959484
129	37	0.921083
129	57	0.966372
129	65	1.09663
129	79	0.885065
129	100	1.01287
129	106	1.00556
129	131	1.18367
129	134	1.00399
129	148	0.982351
129	149	1.00444
129	151	1.00087
129	152	1.00547
129	154	0.992592
129	158	1.00615
129	159	0.95449
129	161	1.02141
129	163	1.00421
129	166	0.999234
129	168	1.00273
129	169	0.994047
129	171	1.00352
129	173	0.998723
129	174	0.9847
129	175	1.00104
129	176	1.00624
129	177	1.00027
129	178	0.997262
129	179	0.994714
129	180	1.00396
130	6	1.07332
130	26	1.00958
130	41	1.07653
130	57	1.03631
130	65	0.998968
130	79	1.12323
130	80	0.913
130	85	0.902775
130	91	1.03061
130	120	1.01571
130	124	0.98857
130	126	1.05593
130	131	0.935827
130	132	0.995666
130	135	1.05968
130	140	1.02575
130	144	1.03646
130	145	0.96697
130	154	0.990322
130	157	1.04242
130	159	0.903457
130	164	0.947888
130	167	1.0286
130	169	0.987431
130	171	0.958543
130	172	1.06683
130	174	0.993342
130	175	0.954772
130	176	0.955383
130	178	0.9633
130	179	0.971593
131	6	0.945299
131	26	0.881561
131	29	0.887688
131	32	1.15703
131	39	0.970999
131	57	0.908291
131	61	0.989421
131	65	0.870947
131	79	0.995211
131	88	1.12785
131	91	0.902588
131	94	0.876762
131	95	1.20119
131	103	1.07453
131	120	0.887689
131	124	0.860549
131	126	0.92791
131	129	1.18367
131	130	0.935827
131	132	0.867645
131	135	0.931655
131	140	0.897725
131	144	0.908435
131	157	0.914398
131	160	1.13919
131	167	0.900577
131	169	1.21564
131	170	1.16467
131	172	0.938807
131	173	1.18278
131	177	1.18532
131	180	1.17195
132	16	1.06685
132	26	0.9414
132	29	0.947528
132	32	1.01221
132	39	1.03084
132	41	1.00835
132	57	0.96813
132	61	1.04926
132	65	0.930786
132	79	1.05505
132	91	0.962427
132	93	1.11821
132	94	0.936601
132	108	1.1219
132	120	0.947528
132	124	0.920388
132	126	0.987749
132	130	0.995666
132	131	0.867645
132	135	0.991494
132	140	0.957564
132	144	0.968274
132	156	1.00745
132	157	0.974237
132	159	0.986842
132	163	1.0383
132	164	1.03127
132	165	1.03269
132	166	1.04597
132	167	0.960416
132	172	0.998646
132	176	1.03877
132	178	1.04669
132	179	1.05498
133	15	1.03141
133	16	0.971214
133	46	0.918863
133	60	1.06509
133	64	1.08685
133	75	0.917494
133	88	1.04399
133	92	0.997922
133	100	0.988292
133	106	1.00017
133	109	1.04386
133	116	0.979801
133	117	0.943052
133	120	1.02979
133	126	0.966995
133	134	0.994837
133	136	1.00308
133	137	0.99686
133	141	0.885701
133	142	1.00623
133	146	1.01912
133	150	0.976213
133	153	1.03171
133	154	1.05128
133	161	0.991084
133	162	0.996421
133	163	1.01588
133	164	0.995766
133	165	1.01634
133	172	0.957859
133	173	1.01553
133	176	1.01635
133	178	1.02426
133	179	1.03256
133	180	1.00471
134	18	0.973099
134	21	0.9633
134	22	1.0437
134	43	1.04412
134	50	1.00408
134	63	1.05318
134	80	0.961523
134	101	0.907915
134	105	1.06178
134	109	1.03325
134	117	0.932446
134	119	1.00765
134	129	1.00399
134	133	0.994837
134	136	0.992474
134	142	0.995626
134	145	0.976548
134	146	1.00851
134	147	0.996523
134	153	1.01927
134	154	1.03885
134	155	0.992511
134	156	1.00938
134	159	1.00759
134	161	0.980478
134	162	0.985816
134	164	0.98516
134	165	1.00574
134	166	1.01111
134	168	1.0328
134	169	1.03595
134	172	0.94542
134	177	1.00564
134	178	1.01182
134	180	0.992266
135	1	0.922951
135	3	0.933015
135	20	1.00417
135	26	1.00541
135	29	1.01154
135	39	1.09485
135	41	1.07236
135	49	1.0237
135	57	1.03214
135	76	0.927513
135	79	1.11906
135	88	0.905355
135	91	1.02644
135	94	1.00061
135	108	1.04422
135	110	0.947599
135	120	1.01154
135	124	0.984398
135	126	1.05176
135	130	1.05968
135	131	0.931655
135	132	0.991494
135	140	1.02157
135	144	1.03228
135	145	0.972679
135	149	0.94936
135	155	0.943895
135	157	1.03825
135	158	0.968481
135	167	1.02443
135	168	0.989982
135	171	0.964253
135	172	1.06266
135	174	0.999051
135	177	0.962827
135	179	0.977303
136	14	0.902413
136	15	1.02905
136	16	0.968852
136	17	1.0699
136	30	0.986065
136	54	1.0013
136	67	0.964442
136	88	1.04163
136	93	0.983921
136	97	0.96442
136	106	0.997808
136	109	1.0415
136	116	0.977439
136	117	0.94069
136	118	1.02521
136	123	1.04603
136	127	1.01807
136	133	1.00308
136	134	0.992474
136	137	0.994498
136	142	1.00387
136	146	1.01675
136	150	0.973851
136	152	1.01296
136	155	0.98912
136	158	1.01371
136	160	1.01586
136	161	0.988722
136	162	0.994059
136	164	0.993404
136	168	1.03521
136	170	0.987402
136	171	1.00948
136	175	1.00571
136	176	1.00632
136	177	1.00805
136	178	1.01423
136	180	0.994677
137	14	0.896192
137	15	1.02283
137	31	0.972178
137	42	0.935707
137	70	0.907376
137	71	1.06968
137	76	0.978744
137	92	0.98934
137	97	0.9582
137	98	1.01825
137	99	1.12148
137	100	0.979709
137	102	1.16596
137	106	0.991587
137	109	1.03528
137	112	1.01992
137	113	1.00958
137	116	0.971219
137	117	0.934469
137	118	1.01898
137	133	0.99686
137	136	0.994498
137	142	0.99765
137	146	1.01053
137	150	0.96763
137	153	1.02768
137	157	0.987077
137	158	1.01971
137	159	0.960398
137	160	1.00964
137	161	0.982501
137	162	0.987839
137	164	0.987184
137	165	1.00776
137	166	1.01953
137	169	1.04437
137	176	1.01232
137	180	1.00068
138	61	0.843046
138	92	0.921631
