1	21	0.770009
1	64	0.799175
1	71	2.1611
1	92	0.827037
1	94	0.814419
1	95	0.824072
1	97	0.822246
1	103	0.848517
1	131	2.16163
1	142	0.744898
1	167	0.750599
1	180	4.08299
2	14	4.8
2	52	0.803645
2	65	0.781735
2	75	3.36152
2	87	0.74927
2	112	0.794864
2	115	0.854275
2	116	0.813656
2	118	0.803113
2	119	0.830822
2	120	0.811718
2	150	1.52787
3	10	0.765965
3	42	0.723468
3	49	0.718668
3	66	0.761711
3	68	0.67553
3	76	0.739756
3	77	0.740113
3	82	0.721602
3	104	2.68446
3	122	0.685476
3	162	0.669666
3	176	5.44045
4	52	0.721377
4	65	0.699466
4	79	0.727842
4	111	0.713294
4	115	0.772006
4	116	0.731388
4	118	0.720844
4	119	0.748553
4	120	0.729449
4	137	0.677045
4	170	3.38874
4	172	4.57075
5	24	0.710054
5	36	0.761141
5	40	0.749058
5	59	0.731319
5	60	0.735255
5	62	0.786159
5	140	0.761417
5	154	0.633525
5	160	2.9567
5	164	0.648881
5	168	0.700588
5	171	4.91676
6	7	0.697646
6	15	0.764312
6	25	0.743691
6	34	0.743579
6	38	0.721719
6	41	0.743438
6	43	0.721637
6	48	0.721639
6	136	0.653118
6	139	3.05066
6	149	4.41524
6	180	0.693364
7	6	0.697646
7	25	0.764084
7	34	0.763972
7	38	0.742112
7	41	0.76383
7	43	0.74203
7	48	0.742032
7	128	2.57501
7	136	0.673511
7	143	4.11252
7	180	0.713757
8	9	0.869141
8	18	0.787422
8	20	0.756774
8	32	0.762559
8	39	0.829408
8	58	0.80331
8	67	0.783682
8	74	0.783727
8	83	0.82994
8	123	3.1324
8	124	2.17493
8	151	3.21246
9	8	0.869141
9	20	0.745244
9	31	0.841907
9	32	0.751029
9	35	0.842047
9	58	0.79178
9	67	0.772152
9	70	2.09197
9	74	0.772197
9	83	0.81841
9	129	2.22529
9	164	5.99617
10	3	0.765965
10	45	0.813786
10	49	0.819048
10	53	0.798592
10	57	0.798512
10	68	0.77591
10	76	0.840136
10	82	0.821982
10	130	5.10574
10	150	1.27727
10	152	2.28449
10	162	0.770046
11	12	0.71213
11	24	0.719961
11	30	0.700256
11	40	0.758965
11	60	0.745162
11	62	0.796066
11	121	2.72673
11	140	0.771323
11	154	0.643432
11	162	5.13641
11	164	0.658787
11	168	0.710495
12	11	0.71213
12	30	0.698007
12	40	0.756715
12	59	0.738976
12	60	0.742912
12	62	0.793816
12	140	0.769074
12	141	3.85047
12	153	3.53835
12	154	0.641182
12	164	0.656538
12	168	0.708245
13	20	0.743821
13	31	0.840484
13	35	0.840624
13	39	0.816454
13	58	0.790356
13	67	0.770729
13	74	0.770773
13	83	0.816987
13	98	1.54717
13	108	0.812368
13	155	3.43459
13	165	3.59627
14	2	4.8
14	138	0.658213
14	153	0.6994
14	158	0.679473
14	169	0.650367
14	172	0.650571
14	173	0.652561
14	174	0.639092
14	175	0.637546
14	176	0.671033
14	178	0.622555
14	179	0.637709
15	6	0.764312
15	25	0.83075
15	34	0.830639
15	38	0.808779
15	41	0.830497
15	43	0.808696
15	48	0.808699
15	132	5.64933
15	136	0.740178
15	145	1.92608
15	151	1.41795
15	180	0.780424
16	63	0.661584
16	73	0.660275
16	78	0.696096
16	100	0.660915
16	101	0.653869
16	106	0.69611
16	107	0.650749
16	113	1.23864
16	148	0.658131
16	152	2.96338
16	161	0.626357
16	165	4.4298
17	68	0.77145
17	77	0.836033
17	82	0.817522
17	112	0.795484
17	116	0.814277
17	118	0.803733
17	119	0.831442
17	120	0.812338
17	127	1.23919
17	157	4.28847
17	162	0.765586
17	176	3.81535
18	8	0.787422
18	20	0.663525
18	31	0.760189
18	32	0.66931
18	35	0.760328
18	39	0.736159
18	58	0.710061
18	67	0.690433
18	74	0.690478
18	83	0.736692
18	129	4.43573
18	131	2.75322
19	55	0.788612
19	81	0.795406
19	111	0.783892
19	112	0.783194
19	115	0.842605
19	118	0.791443
19	119	0.819152
19	120	0.800048
19	124	1.90678
19	140	0.830556
19	162	2.36581
19	179	6.54853
20	8	0.756774
20	9	0.745244
20	13	0.743821
20	18	0.663525
20	31	0.729541
20	35	0.729681
20	39	0.705511
20	67	0.659786
20	74	0.65983
20	83	0.706044
20	108	0.701425
20	123	2.47276
20	166	5.37736
21	1	0.770009
21	47	0.737821
21	71	1.68706
21	85	0.681737
21	91	0.716731
21	92	0.718176
21	93	0.714218
21	97	0.713385
21	99	0.713461
21	103	0.739656
21	134	0.654454
21	167	0.641738
21	176	6.5083
22	79	0.790479
22	87	0.729638
22	111	0.77593
22	112	0.775232
22	115	0.834643
22	116	0.794024
22	118	0.783481
22	119	0.81119
22	120	0.792086
22	121	1.85213
22	133	6.12373
22	137	0.739682
22	158	2.28402
23	63	0.723688
23	90	0.691119
23	100	0.72302
23	101	0.715974
23	102	0.71587
23	105	8.8
23	106	0.758215
23	107	0.712854
23	113	0.671119
23	137	0.680757
23	148	0.720236
23	161	0.688462
23	180	3.09384
24	5	0.710054
24	11	0.719961
24	30	0.705838
24	36	0.776629
24	59	0.746808
24	60	0.750744
24	140	0.776905
24	153	3.55125
24	154	0.649013
24	164	0.664369
24	168	0.716077
24	180	3.48567
25	6	0.743691
25	7	0.764084
25	15	0.83075
25	34	0.810017
25	38	0.788157
25	41	0.809875
25	43	0.788075
25	48	0.788077
25	127	2.16518
25	136	0.719556
25	167	4.21634
25	177	4.50834
25	180	0.759802
26	56	1.06176
26	87	0.654975
26	111	0.701266
26	112	0.700569
26	115	0.759979
26	116	0.719361
26	118	0.708817
26	119	0.736526
26	120	0.717422
26	122	0.68648
26	140	0.74793
26	176	1.99626
26	179	6.79753
27	64	3.50795
27	104	0.697787
27	144	0.664842
27	153	0.68353
27	162	0.666384
27	171	0.653053
27	172	0.634701
27	173	0.636691
27	174	0.623222
27	175	0.621677
27	176	0.655164
27	177	0.63996
27	179	0.621839
28	89	0.590095
28	138	0.595551
28	152	0.678368
28	158	0.616811
28	160	0.637519
28	169	0.587705
28	171	0.606261
28	174	0.57643
28	175	0.574884
28	176	0.608371
28	177	0.593167
28	178	0.559893
28	179	0.575047
29	38	0.796153
29	39	0.802133
29	43	0.796071
29	48	0.796073
29	67	0.756407
29	74	0.756452
29	83	0.802665
29	108	0.798047
29	132	4.0319
29	135	1.19137
29	136	0.727552
29	173	4.28821
29	180	0.767798
30	11	0.700256
30	12	0.698007
30	24	0.705838
30	40	0.744842
30	59	0.727103
30	60	0.731039
30	62	0.781943
30	140	0.7572
30	144	4.22868
30	147	3.85539
30	154	0.629308
30	164	0.644664
30	168	0.696372
31	9	0.841907
31	13	0.840484
31	18	0.760189
31	20	0.729541
31	32	0.735326
31	39	0.802174
31	58	0.776076
31	67	0.756449
31	74	0.756493
31	83	0.802707
31	134	2.45068
31	160	2.15223
31	163	4.72624
32	8	0.762559
32	9	0.751029
32	18	0.66931
32	31	0.735326
32	35	0.735465
32	39	0.711296
32	58	0.685198
32	67	0.66557
32	74	0.665615
32	83	0.711828
32	108	0.70721
32	158	3.63139
32	173	4.76399
33	138	0.595261
33	145	0.659956
33	153	0.636447
33	160	0.637228
33	171	0.605971
33	172	0.587618
33	173	0.589609
33	174	0.576139
33	175	0.574594
33	176	0.608081
33	177	0.592877
33	178	0.559602
33	179	0.574757
34	6	0.743579
34	7	0.763972
34	15	0.830639
34	25	0.810017
34	38	0.788046
34	41	0.809764
34	43	0.787963
34	48	0.787966
34	117	2.68679
34	136	0.719444
34	139	2.82648
34	141	3.59596
34	180	0.75969
35	9	0.842047
35	13	0.840624
35	18	0.760328
35	20	0.729681
35	32	0.735465
35	58	0.776216
35	67	0.756589
35	74	0.756633
35	83	0.802847
35	108	0.798228
35	125	11.6
35	157	6.5257
35	168	3.96652
36	5	0.761141
36	24	0.776629
36	40	0.815633
36	59	0.797894
36	60	0.80183
36	62	0.852734
36	140	0.827992
36	150	1.59881
36	152	1.62402
36	154	0.7001
36	163	5.87395
36	164	0.715456
36	168	0.767163
37	63	0.779057
37	78	0.81357
37	96	0.783375
37	100	0.778389
37	101	0.771342
37	102	0.771238
37	107	0.768223
37	113	0.726487
37	114	0.692329
37	121	3.48951
37	131	2.05866
37	148	0.775604
37	153	4.0456
37	161	0.743831
38	6	0.721719
38	7	0.742112
38	15	0.808779
38	25	0.788157
38	29	0.796153
38	34	0.788046
38	41	0.787904
38	43	0.766103
38	48	0.766106
38	136	0.697585
38	162	3.08687
38	168	1.98098
38	177	5.02746
38	180	0.737831
39	8	0.829408
39	13	0.816454
39	18	0.736159
39	20	0.705511
39	29	0.802133
39	31	0.802174
39	32	0.711296
39	58	0.752047
39	67	0.732419
39	74	0.732464
39	83	0.778677
39	135	2.95788
39	150	1.87484
39	160	4.55799
40	5	0.749058
40	11	0.758965
40	12	0.756715
40	30	0.744842
40	36	0.815633
40	59	0.785812
40	62	0.840652
40	75	3.43848
40	140	0.815909
40	146	2.10149
40	154	0.688017
40	164	0.703373
40	168	0.755081
40	172	4.87359
41	6	0.743438
41	7	0.76383
41	15	0.830497
41	25	0.809875
41	34	0.809764
41	38	0.787904
41	43	0.787821
41	48	0.787824
41	98	2.15857
41	124	1.70105
41	134	4.71563
41	136	0.719303
41	180	0.759549
42	3	0.723468
42	45	0.771288
42	53	0.756094
42	57	0.756014
42	66	0.819594
42	68	0.733412
42	76	0.797638
42	77	0.797996
42	82	0.779484
42	122	0.743358
42	162	0.727548
42	171	4.04467
42	173	4.89372
42	180	2.13045
43	6	0.721637
43	7	0.74203
43	15	0.808696
43	25	0.788075
43	29	0.796071
43	34	0.787963
43	38	0.766103
43	41	0.787821
43	48	0.766023
43	136	0.697502
43	151	2.50501
43	166	2.12744
43	174	6.71008
43	180	0.737748
44	73	0.536067
44	86	0.775825
44	96	2.51999
44	155	0.735954
44	169	0.688511
44	170	0.709011
44	171	0.707067
44	172	0.688714
44	174	0.677235
44	175	0.67569
44	176	0.709177
44	177	0.693973
44	178	0.660698
44	179	0.675853
45	10	0.813786
45	42	0.771288
45	53	0.746032
45	57	0.745953
45	66	0.809532
45	68	0.723351
45	76	0.787576
45	77	0.787934
45	82	0.769422
45	109	2.27284
45	122	0.733297
45	126	2.57655
45	145	4.40111
45	162	0.717486
46	80	0.602479
46	88	0.596983
46	105	0.581157
46	146	0.641071
46	152	0.680854
46	163	0.589349
46	166	0.601748
46	171	0.608747
46	172	0.590395
46	173	0.592385
46	174	0.578916
46	177	0.595653
46	178	0.562379
46	179	0.577533
47	21	0.737821
47	64	0.766986
47	85	0.758409
47	91	0.793404
47	93	0.79089
47	94	0.782231
47	103	0.816328
47	108	0.792233
47	128	1.53276
47	134	0.731127
47	142	0.71271
47	148	2.91806
47	167	0.718411
47	173	5.47835
48	6	0.721639
48	7	0.742032
48	15	0.808699
48	25	0.788077
48	29	0.796073
48	34	0.787966
48	38	0.766106
48	41	0.787824
48	43	0.766023
48	86	2.2929
48	136	0.697504
48	144	4.45494
48	145	2.96472
48	180	0.73775
49	3	0.718668
49	10	0.819048
49	53	0.751294
49	57	0.751215
49	66	0.814794
49	68	0.728613
49	76	0.792838
49	77	0.793196
49	82	0.774684
49	110	3.46135
49	122	0.738559
49	153	2.59052
49	160	3.69719
49	162	0.722748
50	82	0.503136
50	91	1.63417
50	107	0.220853
50	156	0.769413
50	157	0.757607
50	158	0.775487
50	159	0.762773
50	171	0.764937
50	172	0.746585
50	173	0.748575
50	174	0.735106
50	175	0.73356
50	177	0.751843
50	178	0.718569
50	179	0.733723
51	64	0.75857
51	85	0.749993
51	91	0.784988
51	94	0.773815
51	95	0.783468
51	97	0.781642
51	99	0.781717
51	105	0.694783
51	132	3.11877
51	134	0.722711
51	138	5.78747
51	141	0.758396
51	142	0.704294
51	167	0.709995
51	180	1.41737
52	2	0.803645
52	4	0.721377
52	87	0.696731
52	111	0.743023
52	112	0.742325
52	115	0.801735
52	116	0.761117
52	118	0.750573
52	119	0.778282
52	120	0.759178
52	137	0.706775
52	139	3.34344
52	140	0.789687
52	143	4.08182
52	150	2.22433
53	10	0.798592
53	42	0.756094
53	45	0.746032
53	49	0.751294
53	57	0.730758
53	66	0.794338
53	68	0.708156
53	76	0.772382
53	77	0.77274
53	82	0.754228
53	117	1.65405
53	122	0.718102
53	156	4.00454
53	159	4.6603
53	162	0.702292
54	61	0.756048
54	73	0.755922
54	78	0.791744
54	90	0.724661
54	100	0.756563
54	101	0.749516
54	102	0.749412
54	106	0.791758
54	107	0.746396
54	113	0.704661
54	144	4.40501
54	148	0.753778
54	151	2.40665
54	161	0.722004
54	180	2.91299
55	19	0.788612
55	79	0.754208
55	87	0.693368
55	111	0.73966
55	112	0.738962
55	115	0.798373
55	116	0.757754
55	118	0.74721
55	119	0.774919
55	120	0.755815
55	126	1.68073
55	137	0.703412
55	140	0.786324
55	142	5.32742
55	176	3.7499
56	26	1.06176
56	65	0.830085
56	79	0.97205
56	81	0.987182
56	87	0.929376
56	111	0.975668
56	112	0.842789
56	115	0.428989
56	116	0.38837
56	118	0.377826
56	119	0.405536
56	120	0.788998
56	140	0.41694
56	167	2.8797
56	178	12.6172
57	10	0.798512
57	42	0.756014
57	45	0.745953
57	49	0.751215
57	53	0.730758
57	66	0.794258
57	68	0.708077
57	76	0.772303
57	77	0.77266
57	82	0.754149
57	122	0.718023
57	151	1.48731
57	162	0.702213
57	168	2.80694
57	173	5.97501
58	8	0.80331
58	9	0.79178
58	13	0.790356
58	18	0.710061
58	31	0.776076
58	32	0.685198
58	35	0.776216
58	39	0.752047
58	67	0.706321
58	74	0.706366
58	83	0.752579
58	108	0.747961
58	141	2.2645
58	159	4.36157
58	161	3.60475
59	5	0.731319
59	12	0.738976
59	24	0.746808
59	30	0.727103
59	36	0.797894
59	40	0.785812
59	60	0.772009
59	62	0.822912
59	126	2.32291
59	135	3.71783
59	140	0.79817
59	152	3.64201
59	154	0.670278
59	164	0.685634
59	168	0.737342
60	5	0.735255
60	11	0.745162
60	12	0.742912
60	24	0.750744
60	30	0.731039
60	36	0.80183
60	59	0.772009
60	62	0.826848
60	140	0.802106
60	148	2.43507
60	154	0.674214
60	164	0.68957
60	167	4.58178
60	168	0.741278
60	171	4.14632
61	54	0.756048
61	78	0.781637
61	90	0.714554
61	96	0.751442
61	100	0.746456
61	101	0.739409
61	102	0.739305
61	106	0.781651
61	107	0.736289
61	113	0.694554
61	131	1.50044
61	137	0.704193
61	148	0.743671
61	161	0.711897
61	166	2.73468
61	178	9.43559
62	5	0.786159
62	11	0.796066
62	12	0.793816
62	30	0.781943
62	36	0.852734
62	40	0.840652
62	59	0.822912
62	60	0.826848
62	140	0.85301
62	151	1.61644
62	154	0.725118
62	157	4.31653
62	161	2.66201
62	164	0.740474
62	168	0.792181
62	176	3.84341
63	16	0.661584
63	23	0.723688
63	37	0.779057
63	78	0.782819
63	96	0.752624
63	100	0.747638
63	101	0.740592
63	102	0.740488
63	106	0.782833
63	107	0.737472
63	113	0.695737
63	127	1.3962
63	148	0.744854
63	153	2.6671
63	161	0.71308
63	175	7.91982
64	1	0.799175
64	27	3.50795
64	47	0.766986
64	51	0.75857
64	91	0.745896
64	93	0.743383
64	94	0.734724
64	95	0.744377
64	99	0.742626
64	103	0.768821
64	108	0.744726
64	141	0.719305
64	142	0.665203
64	155	1.97072
64	163	3.7403
64	167	0.670904
65	2	0.781735
65	4	0.699466
65	56	0.830085
65	79	0.73566
65	81	0.732626
65	87	0.67482
65	111	0.721112
65	115	0.779825
65	116	0.739206
65	118	0.728662
65	119	0.756372
65	120	0.737267
65	122	0.706326
65	148	2.11069
65	149	1.66243
65	175	7.50974
66	3	0.761711
66	42	0.819594
66	45	0.809532
66	49	0.814794
66	53	0.794338
66	57	0.794258
66	68	0.771656
66	76	0.835882
66	77	0.836239
66	82	0.817728
66	110	1.97205
66	122	0.781602
66	141	1.41334
66	162	0.765792
66	171	4.16795
66	177	4.89541
67	8	0.783682
67	9	0.772152
67	13	0.770729
67	18	0.690433
67	20	0.659786
67	29	0.756407
67	31	0.756449
67	32	0.66557
67	35	0.756589
67	39	0.732419
67	58	0.706321
67	74	0.686738
67	83	0.732952
67	108	0.728333
67	147	1.92359
67	167	4.37263
67	169	5.42654
68	3	0.67553
68	10	0.77591
68	17	0.77145
68	42	0.733412
68	45	0.723351
68	49	0.728613
68	53	0.708156
68	57	0.708077
68	66	0.771656
68	76	0.749701
68	77	0.750058
68	82	0.731547
68	122	0.695421
68	149	2.08177
68	158	3.95773
68	162	0.679611
68	172	5.31758
69	73	0.802178
69	90	0.770917
69	96	0.807805
69	100	0.802819
69	101	0.795772
69	102	0.795668
69	106	0.838014
69	107	0.792652
69	113	0.750917
69	114	0.716759
69	128	1.5998
69	137	0.760555
69	145	2.79251
69	148	0.800034
69	149	3.76351
69	161	0.76826
69	165	3.75346
70	9	2.09197
70	72	0.635934
70	93	0.734213
70	97	0.733381
70	99	0.733456
70	102	3.14339
70	103	0.759651
70	141	0.710135
70	142	0.656033
70	163	0.654714
70	167	0.661734
70	171	0.674112
70	175	0.642736
70	176	0.676223
70	177	0.661019
70	178	0.627744
70	179	0.642898
71	1	2.1611
71	21	1.68706
71	99	1.603
71	125	0.702552
71	153	0.774407
71	166	0.736931
71	169	0.725374
71	170	0.745875
71	171	0.74393
71	172	0.725578
71	173	0.727568
71	174	0.714099
71	175	0.712554
71	176	0.746041
71	177	0.730837
71	178	0.697562
71	179	0.712716
72	70	0.635934
72	130	0.61473
72	136	0.599856
72	144	0.620695
72	157	0.601577
72	159	0.606743
72	160	0.640165
72	163	0.589508
72	164	0.586962
72	169	0.590351
72	170	0.610851
72	171	0.608907
72	174	0.579076
72	175	0.57753
72	177	0.595813
72	178	0.562539
72	179	0.577693
73	16	0.660275
73	44	0.536067
73	54	0.755922
73	69	0.802178
73	78	0.781511
73	90	0.714428
73	96	0.751316
73	100	0.74633
73	102	0.739179
73	107	0.736163
73	113	0.694428
73	114	0.66027
73	137	0.704066
73	148	0.743545
73	161	0.711771
73	177	6.34709
73	180	2.48732
74	8	0.783727
74	9	0.772197
74	13	0.770773
74	18	0.690478
74	20	0.65983
74	29	0.756452
74	31	0.756493
74	32	0.665615
74	35	0.756633
74	39	0.732464
74	58	0.706366
74	67	0.686738
74	83	0.732996
74	108	0.728377
74	130	2.98931
74	148	2.09279
74	164	6.42388
75	2	3.36152
75	40	3.43848
75	80	0.684565
75	134	0.691171
75	149	0.713324
75	163	0.671435
75	166	0.683834
75	168	0.720596
75	169	0.672277
75	170	0.692777
75	172	0.672481
75	174	0.661002
75	175	0.659457
75	176	0.692943
75	177	0.677739
75	178	0.644465
75	179	0.659619
76	3	0.739756
76	10	0.840136
76	42	0.797638
76	45	0.787576
76	49	0.792838
76	53	0.772382
76	57	0.772303
76	66	0.835882
76	68	0.749701
76	77	0.814284
76	82	0.795772
76	121	1.49687
76	122	0.759647
76	130	4.30496
76	145	1.98917
76	158	4.83614
76	162	0.743836
77	3	0.740113
77	17	0.836033
77	42	0.797996
77	45	0.787934
77	49	0.793196
77	53	0.77274
77	57	0.77266
77	66	0.836239
77	68	0.750058
77	76	0.814284
77	82	0.79613
77	122	0.760004
77	126	2.17748
77	152	1.36637
77	161	3.58799
77	162	0.744194
77	172	6.07865
78	16	0.696096
78	37	0.81357
78	54	0.791744
78	61	0.781637
78	63	0.782819
78	73	0.781511
78	90	0.75025
78	96	0.787137
78	101	0.775104
78	102	0.775
78	106	0.817346
78	107	0.771985
78	113	0.730249
78	131	2.34318
78	161	0.747593
78	176	2.27292
78	177	3.23334
78	179	7.07418
79	4	0.727842
79	22	0.790479
79	55	0.754208
79	56	0.97205
79	65	0.73566
79	81	0.761002
79	87	0.703196
79	111	0.749488
79	112	0.74879
79	115	0.808201
79	116	0.767582
79	118	0.757039
79	119	0.784748
79	120	0.765643
79	133	6.27627
79	142	4.06467
79	160	2.08729
79	161	2.80295
80	46	0.602479
80	75	0.684565
80	87	5.96497
80	142	0.622738
80	145	0.694803
80	158	0.651368
80	165	0.650802
80	166	0.633818
80	170	0.642762
80	172	0.622465
80	173	0.624456
80	174	0.610986
80	175	0.609441
80	176	0.642928
80	177	0.627724
80	178	0.594449
80	179	0.609603
80	180	0.672012
81	19	0.795406
81	56	0.987182
81	65	0.732626
81	79	0.761002
81	111	0.746454
81	112	0.745756
81	115	0.805167
81	116	0.764548
81	118	0.754004
81	119	0.781714
81	120	0.762609
81	122	0.731667
81	128	1.95486
81	137	0.710206
81	140	0.793118
81	147	3.12094
81	156	3.82122
81	171	5.13452
82	3	0.721602
82	10	0.821982
82	17	0.817522
82	42	0.779484
82	45	0.769422
82	49	0.774684
82	50	0.503136
82	53	0.754228
82	57	0.754149
82	66	0.817728
82	68	0.731547
82	76	0.795772
82	77	0.79613
82	117	2.46406
82	122	0.741493
82	136	4.48369
82	162	0.725682
82	168	3.80883
83	8	0.82994
83	9	0.81841
83	13	0.816987
83	18	0.736692
83	20	0.706044
83	29	0.802665
83	31	0.802707
83	32	0.711828
83	35	0.802847
83	39	0.778677
83	58	0.752579
83	67	0.732952
83	74	0.732996
83	89	7.6
83	108	0.774591
83	109	1.51487
83	147	1.98213
83	155	1.66447
84	102	0.165519
84	111	1.88462
84	119	0.851847
84	130	0.729195
84	143	0.736955
84	153	0.753849
84	155	0.752259
84	156	0.727848
84	170	0.725316
84	171	0.723372
84	172	0.70502
84	174	0.693541
84	175	0.691995
84	176	0.725482
84	177	0.710278
84	178	0.677004
84	179	0.692158
84	180	0.754567
85	21	0.681737
85	47	0.758409
85	51	0.749993
85	91	0.737319
85	92	0.738764
85	93	0.734806
85	95	0.7358
85	97	0.733973
85	99	0.734049
85	103	0.760244
85	108	0.736149
85	134	0.675042
85	141	0.710728
85	142	0.656626
85	152	1.97345
85	154	7.87881
85	157	2.46931
85	167	0.662326
86	44	0.775825
86	48	2.2929
86	92	0.644933
86	115	1.37194
86	149	0.738335
86	156	0.72032
86	159	0.71368
86	160	0.747102
86	165	0.725828
86	170	0.717788
86	171	0.715844
86	172	0.697492
86	173	0.699482
86	174	0.686013
86	175	0.684467
86	176	0.717954
86	177	0.70275
86	178	0.669475
86	179	0.68463
87	2	0.74927
87	22	0.729638
87	26	0.654975
87	52	0.696731
87	55	0.693368
87	56	0.929376
87	65	0.67482
87	79	0.703196
87	80	5.96497
87	111	0.688648
87	112	0.68795
87	115	0.747361
87	116	0.706742
87	118	0.696198
87	119	0.723907
87	120	0.704803
87	122	0.673861
87	152	1.72955
87	165	2.49866
88	46	0.596983
88	133	0.624201
88	137	5.7707
88	149	0.657812
88	151	0.708278
88	152	0.707428
88	160	0.666578
88	170	0.637265
88	171	0.635321
88	172	0.616968
88	173	0.618959
88	174	0.605489
88	175	0.603944
88	176	0.637431
88	177	0.622227
88	178	0.588952
88	179	0.604107
88	180	0.666516
89	28	0.590095
89	83	7.6
89	123	0.711543
89	135	0.69354
89	152	0.703026
89	154	0.593618
89	155	0.659806
89	162	0.64425
89	165	0.640903
89	167	0.61854
89	168	0.660682
89	170	0.632863
89	173	0.614557
89	174	0.601088
89	175	0.599542
89	176	0.633029
89	177	0.617825
89	178	0.584551
89	179	0.599705
90	23	0.691119
90	54	0.724661
90	61	0.714554
90	69	0.770917
90	73	0.714428
90	78	0.75025
90	96	0.720055
90	100	0.715069
90	101	0.708022
90	102	0.707918
90	106	0.750264
90	107	0.704902
90	113	0.663167
90	137	0.672805
90	148	0.712284
90	156	1.92378
90	161	0.68051
90	175	4.96623
90	179	5.84673
91	21	0.716731
91	47	0.793404
91	50	1.63417
91	51	0.784988
91	64	0.745896
91	85	0.737319
91	92	0.773758
91	93	0.7698
91	94	0.761141
91	95	0.770794
91	97	0.768968
91	103	0.795238
91	105	0.682109
91	108	0.771143
91	117	3.5951
91	124	2.5827
91	139	3.73479
91	141	0.745722
91	142	0.69162
91	167	0.697321
92	1	0.827037
92	21	0.718176
92	85	0.738764
92	86	0.644933
92	91	0.773758
92	93	0.771245
92	94	0.762586
92	95	0.772239
92	97	0.770412
92	99	0.770488
92	103	0.796683
92	105	0.683554
92	108	0.772588
92	123	1.91668
92	134	0.711482
92	141	0.747167
92	142	0.693065
92	167	0.698766
92	169	5.93663
92	176	4.2143
93	21	0.714218
93	47	0.79089
93	64	0.743383
93	70	0.734213
93	85	0.734806
93	91	0.7698
93	92	0.771245
93	94	0.758627
93	95	0.768281
93	97	0.766454
93	99	0.76653
93	103	0.792725
93	108	0.76863
93	123	1.65001
93	139	1.84462
93	141	0.743209
93	142	0.689107
93	162	4.15558
93	167	0.694808
93	177	6.09617
94	1	0.814419
94	47	0.782231
94	51	0.773815
94	64	0.734724
94	91	0.761141
94	92	0.762586
94	93	0.758627
94	95	0.759621
94	97	0.757795
94	99	0.75787
94	103	0.784065
94	108	0.75997
94	109	2.23101
94	114	10
94	134	0.698864
94	141	0.734549
94	142	0.680447
94	150	2.55536
94	167	0.686148
94	171	1.99731
95	1	0.824072
95	51	0.783468
95	64	0.744377
95	85	0.7358
95	91	0.770794
95	92	0.772239
95	93	0.768281
95	94	0.759621
95	97	0.767448
95	99	0.767523
95	103	0.793719
95	105	0.68059
95	124	1.44597
95	127	2.43906
95	129	1.73035
95	134	0.708517
95	141	0.744203
95	142	0.6901
95	167	0.695801
95	174	8.87005
96	37	0.783375
96	44	2.51999
96	61	0.751442
96	63	0.752624
96	69	0.807805
96	73	0.751316
96	78	0.787137
96	90	0.720055
96	100	0.751956
96	101	0.74491
96	102	0.744806
96	106	0.787151
96	107	0.74179
96	109	2.34477
96	113	0.700055
96	127	3.5586
96	137	0.709693
96	148	0.749172
96	150	2.96036
96	161	0.717398
97	1	0.822246
97	21	0.713385
97	51	0.781642
97	70	0.733381
97	85	0.733973
97	91	0.768968
97	92	0.770412
97	93	0.766454
97	94	0.757795
97	95	0.767448
97	99	0.765697
97	103	0.791892
97	128	2.31333
97	131	1.58288
97	134	0.706691
97	141	0.742376
97	142	0.688274
97	146	4.94075
97	149	4.47705
97	167	0.693975
98	13	1.54717
98	41	2.15857
98	119	0.895414
98	120	0.455251
98	131	0.836481
98	149	0.767016
98	157	0.737195
98	165	0.754509
98	166	0.737526
98	169	0.725969
98	170	0.746469
98	171	0.744525
98	172	0.726173
98	173	0.728163
98	174	0.714694
98	175	0.713148
98	176	0.746635
98	177	0.731431
98	178	0.698157
98	179	0.713311
98	180	0.77572
99	21	0.713461
99	51	0.781717
99	64	0.742626
99	70	0.733456
99	71	1.603
99	85	0.734049
99	92	0.770488
99	93	0.76653
99	94	0.75787
99	95	0.767523
99	97	0.765697
99	103	0.791968
99	105	0.678839
99	108	0.767872
99	126	1.70212
99	134	0.706766
99	141	0.742452
99	142	0.688349
99	151	3.01855
99	166	5.8431
99	167	0.69405
100	16	0.660915
100	23	0.72302
100	37	0.778389
100	54	0.756563
100	61	0.746456
100	63	0.747638
100	69	0.802819
100	73	0.74633
100	90	0.715069
100	96	0.751956
100	101	0.739923
100	102	0.739819
100	106	0.782165
100	107	0.736804
100	109	1.23651
100	113	0.695068
100	114	0.66091
100	126	1.54021
100	134	4.83369
100	137	0.704707
100	161	0.712412
100	170	6.38958
101	16	0.653869
101	23	0.715974
101	37	0.771342
101	54	0.749516
101	61	0.739409
101	63	0.740592
101	69	0.795772
101	78	0.775104
101	90	0.708022
101	96	0.74491
101	100	0.739923
101	102	0.732773
101	106	0.775118
101	107	0.729757
101	113	0.688022
101	136	3.98619
101	137	0.69766
101	141	2.87574
101	148	0.737139
101	156	4.31704
101	161	0.705365
101	168	3.31133
102	23	0.71587
102	37	0.771238
102	54	0.749412
102	61	0.739305
102	63	0.740488
102	69	0.795668
102	70	3.14339
102	73	0.739179
102	78	0.775
102	84	0.165519
102	90	0.707918
102	96	0.744806
102	100	0.739819
102	101	0.732773
102	106	0.775014
102	107	0.729653
102	113	0.687918
102	114	0.653759
102	137	0.697556
102	161	0.705261
102	170	4.32203
102	171	4.42775
103	1	0.848517
103	21	0.739656
103	47	0.816328
103	64	0.768821
103	70	0.759651
103	85	0.760244
103	91	0.795238
103	92	0.796683
103	93	0.792725
103	94	0.784065
103	95	0.793719
103	97	0.791892
103	99	0.791968
103	108	0.794068
103	134	0.732961
103	142	0.714545
103	146	2.91596
103	159	3.95422
103	160	2.65171
103	167	0.720245
103	168	2.29275
103	170	4.50605
104	3	2.68446
104	27	0.697787
104	108	1.66799
104	116	1.4744
104	127	0.778181
104	138	0.681109
104	148	0.738977
104	150	0.778159
104	160	0.723077
104	161	0.707203
104	166	0.68482
104	169	0.673263
104	170	0.693763
104	171	0.691819
104	172	0.673467
104	173	0.675457
104	174	0.661988
104	175	0.660443
104	176	0.693929
104	177	0.678725
104	178	0.645451
104	179	0.660605
105	23	8.8
105	46	0.581157
105	51	0.694783
105	91	0.682109
105	92	0.683554
105	95	0.68059
105	99	0.678839
105	132	0.622249
105	133	0.608375
105	134	0.619832
105	141	0.655518
105	158	0.630045
105	165	0.629479
105	166	0.612496
105	167	0.607116
105	171	0.619495
105	172	0.601143
105	173	0.603133
105	175	0.588118
105	176	0.621605
105	177	0.606401
105	178	0.573127
106	16	0.69611
106	23	0.758215
106	54	0.791758
106	61	0.781651
106	63	0.782833
106	69	0.838014
106	78	0.817346
106	90	0.750264
106	96	0.787151
106	100	0.782165
106	101	0.775118
106	102	0.775014
106	107	0.771999
106	113	0.730263
106	114	0.696105
106	127	1.20177
106	128	2.02424
106	137	0.739902
106	146	3.55092
106	148	0.77938
106	156	3.93342
106	161	0.747607
106	172	6.32302
107	16	0.650749
107	23	0.712854
107	37	0.768223
107	50	0.220853
107	54	0.746396
107	61	0.736289
107	63	0.737472
107	69	0.792652
107	73	0.736163
107	78	0.771985
107	90	0.704902
107	96	0.74179
107	100	0.736804
107	101	0.729757
107	102	0.729653
107	106	0.771999
107	113	0.684902
107	114	0.650744
107	137	0.69454
107	143	3.05985
107	155	3.51432
107	161	0.702245
107	163	6.45952
108	13	0.812368
108	20	0.701425
108	29	0.798047
108	32	0.70721
108	35	0.798228
108	47	0.792233
108	58	0.747961
108	64	0.744726
108	67	0.728333
108	74	0.728377
108	83	0.774591
108	85	0.736149
108	91	0.771143
108	92	0.772588
108	93	0.76863
108	94	0.75997
108	99	0.767872
108	103	0.794068
108	104	1.66799
108	145	1.52642
108	160	2.69688
108	161	3.24258
108	167	0.69615
108	169	6.14631
109	45	2.27284
109	83	1.51487
109	94	2.23101
109	96	2.34477
109	100	1.23651
109	136	0.751205
109	150	0.846596
109	151	0.833213
109	155	0.789143
109	156	0.764732
109	157	0.752926
109	158	0.770806
109	159	0.758092
109	163	0.740857
109	166	0.753256
109	169	0.7417
109	172	0.741904
109	173	0.743894
109	174	0.730425
109	175	0.728879
109	176	0.762366
109	177	0.747162
109	178	0.713888
109	179	0.729042
110	49	3.46135
110	66	1.97205
110	116	2.26746
110	117	0.747763
110	121	0.757526
110	125	0.649207
110	127	0.776947
110	149	0.713076
110	156	0.695061
110	157	0.683255
110	158	0.701135
110	163	0.671187
110	165	0.700569
110	169	0.672029
110	171	0.690585
110	172	0.672233
110	173	0.674223
110	174	0.660754
110	175	0.659209
110	176	0.692695
110	177	0.677491
110	178	0.644217
110	179	0.659371
111	4	0.713294
111	19	0.783892
111	22	0.77593
111	26	0.701266
111	52	0.743023
111	55	0.73966
111	56	0.975668
111	65	0.721112
111	79	0.749488
111	81	0.746454
111	84	1.88462
111	87	0.688648
111	112	0.734242
111	115	0.793652
111	116	0.753034
111	118	0.74249
111	119	0.770199
111	120	0.751095
111	122	0.720153
111	123	2.42815
111	137	0.698691
111	140	0.781604
111	155	3.81561
111	165	3.97729
111	180	3.01454
112	2	0.794864
112	17	0.795484
112	19	0.783194
112	22	0.775232
112	26	0.700569
112	52	0.742325
112	55	0.738962
112	56	0.842789
112	79	0.74879
112	81	0.745756
112	87	0.68795
112	111	0.734242
112	115	0.792954
112	116	0.752336
112	118	0.741792
112	119	0.769501
112	120	0.750397
112	122	0.719455
112	137	0.697994
112	140	0.780906
112	146	2.09088
112	154	7.72119
112	170	1.96581
112	174	5.84005
112	180	2.17484
113	16	1.23864
113	23	0.671119
113	37	0.726487
113	54	0.704661
113	61	0.694554
113	63	0.695737
113	69	0.750917
113	73	0.694428
113	78	0.730249
113	90	0.663167
113	96	0.700055
113	100	0.695068
113	101	0.688022
113	102	0.687918
113	106	0.730263
113	107	0.684902
113	114	0.609008
113	137	1.28243
113	148	0.692284
113	150	2.02217
113	161	0.66051
113	170	2.27016
113	174	3.94282
113	176	2.15911
113	178	10.3472
114	37	0.692329
114	69	0.716759
114	73	0.66027
114	94	10
114	100	0.66091
114	102	0.653759
114	106	0.696105
114	107	0.650744
114	113	0.609008
114	117	0.668146
114	142	0.592888
114	148	0.658125
114	154	0.573667
114	158	0.621518
114	161	0.626352
114	166	0.603968
114	171	0.610967
114	172	0.592615
114	173	0.594606
114	174	0.581136
114	175	0.579591
114	176	0.613078
114	177	0.597874
114	178	0.564599
114	179	0.579754
115	2	0.854275
115	4	0.772006
115	19	0.842605
115	22	0.834643
115	26	0.759979
115	52	0.801735
115	55	0.798373
115	56	0.428989
115	65	0.779825
115	79	0.808201
115	81	0.805167
115	86	1.37194
115	87	0.747361
115	111	0.793652
115	112	0.792954
115	116	0.811747
115	118	0.801203
115	119	0.828912
115	120	0.809808
115	136	3.53012
115	137	0.757404
115	140	0.840316
115	150	1.55899
115	151	1.53562
115	158	4.89072
115	159	4.51673
116	2	0.813656
116	4	0.731388
116	17	0.814277
116	22	0.794024
116	26	0.719361
116	52	0.761117
116	55	0.757754
116	56	0.38837
116	65	0.739206
116	79	0.767582
116	81	0.764548
116	87	0.706742
116	104	1.4744
116	110	2.26746
116	111	0.753034
116	112	0.752336
116	115	0.811747
116	118	0.760584
116	119	0.788294
116	120	0.769189
116	122	0.738247
116	124	2.18857
116	137	0.716786
116	140	0.799698
116	142	5.80791
116	170	4.35764
117	34	2.68679
117	53	1.65405
117	82	2.46406
117	91	3.5951
117	110	0.747763
117	114	0.668146
117	128	0.804818
117	129	0.771523
117	143	0.717846
117	153	0.73474
117	156	0.70874
117	158	0.714814
117	160	0.735521
117	165	0.714248
117	169	0.685707
117	170	0.706208
117	171	0.704263
117	172	0.685911
117	173	0.687902
117	174	0.674432
117	175	0.672887
117	176	0.706374
117	177	0.69117
117	178	0.657895
117	179	0.67305
117	180	0.735458
118	2	0.803113
118	4	0.720844
118	17	0.803733
118	19	0.791443
118	22	0.783481
118	26	0.708817
118	52	0.750573
118	55	0.74721
118	56	0.377826
118	65	0.728662
118	79	0.757039
118	81	0.754004
118	87	0.696198
118	111	0.74249
118	112	0.741792
118	115	0.801203
118	116	0.760584
118	119	0.77775
118	120	0.758645
118	122	0.727704
118	137	0.706242
118	140	0.789154
118	152	2.41674
118	164	4.77995
118	169	3.64948
118	172	3.23641
118	175	5.84792
119	2	0.830822
119	4	0.748553
119	17	0.831442
119	19	0.819152
119	22	0.81119
119	26	0.736526
119	52	0.778282
119	55	0.774919
119	56	0.405536
119	65	0.756372
119	79	0.784748
119	81	0.781714
119	84	0.851847
119	87	0.723907
119	98	0.895414
119	111	0.770199
119	112	0.769501
119	115	0.828912
119	116	0.788294
119	118	0.77775
119	120	0.786355
119	122	0.755413
119	137	0.733951
119	140	0.816863
119	148	3.40282
119	161	3.69972
119	165	2.94451
119	167	5.54954
120	2	0.811718
120	4	0.729449
120	17	0.812338
120	19	0.800048
120	22	0.792086
120	26	0.717422
120	52	0.759178
120	55	0.755815
120	56	0.788998
120	65	0.737267
120	79	0.765643
120	81	0.762609
120	87	0.704803
120	98	0.455251
120	111	0.751095
120	112	0.750397
120	115	0.809808
120	116	0.769189
120	118	0.758645
120	119	0.786355
120	122	0.736309
120	135	2.56154
120	137	0.714847
120	140	0.797759
120	153	1.60718
120	162	2.05534
120	174	7.03701
120	175	6.95628
121	11	2.72673
121	22	1.85213
121	37	3.48951
121	76	1.49687
121	110	0.757526
121	126	0.807472
121	127	0.800389
121	130	0.71985
121	132	0.716781
121	140	0.248404
121	145	0.768012
121	147	0.752706
121	151	0.786984
121	152	0.786133
121	157	0.706697
121	158	0.724577
121	163	0.694628
121	164	0.692082
121	165	0.724011
121	166	0.707027
121	169	0.69547
121	170	0.715971
121	171	0.714026
121	173	0.697665
121	174	0.684195
121	175	0.68265
121	176	0.716137
121	178	0.667658
121	179	0.682812
122	3	0.685476
122	26	0.68648
122	42	0.743358
122	45	0.733297
122	49	0.738559
122	53	0.718102
122	57	0.718023
122	65	0.706326
122	66	0.781602
122	68	0.695421
122	76	0.759647
122	77	0.760004
122	81	0.731667
122	82	0.741493
122	87	0.673861
122	111	0.720153
122	112	0.719455
122	116	0.738247
122	118	0.727704
122	119	0.755413
122	120	0.736309
122	135	2.37138
122	137	0.683905
122	140	0.766817
122	143	3.14582
122	147	3.91795
122	155	3.60029
122	162	0.689557
122	166	5.11743
123	8	3.1324
123	20	2.47276
123	89	0.711543
123	92	1.91668
123	93	1.65001
123	111	2.42815
123	125	0.686331
123	129	0.794968
123	130	0.733532
123	132	0.730463
123	147	0.766388
123	151	0.800666
123	157	0.720379
123	159	0.725545
123	163	0.70831
123	165	0.737693
123	166	0.720709
123	169	0.709153
123	170	0.729653
123	171	0.727709
123	172	0.709357
123	173	0.711347
123	174	0.697878
123	175	0.696332
123	176	0.729819
123	177	0.714615
123	178	0.68134
123	179	0.696495
123	180	0.758904
124	8	2.17493
124	19	1.90678
124	41	1.70105
124	91	2.5827
124	95	1.44597
124	116	2.18857
124	143	0.756183
124	144	0.754388
124	146	0.774924
124	147	0.781279
124	150	0.82894
124	151	0.815557
124	153	0.773077
124	155	0.771487
124	156	0.747076
124	158	0.75315
124	160	0.773858
124	163	0.723201
124	165	0.752584
124	169	0.724044
124	171	0.7426
124	172	0.724248
124	173	0.726238
124	174	0.712769
124	175	0.711223
124	176	0.74471
124	177	0.729506
124	178	0.696232
124	179	0.711386
124	180	0.773795
125	35	11.6
125	71	0.702552
125	110	0.649207
125	123	0.686331
125	128	0.706262
125	129	0.672967
125	130	0.611531
125	138	0.594997
125	143	0.61929
125	147	0.644386
125	151	0.678664
125	152	0.677814
125	156	0.610183
125	157	0.598377
125	160	0.636965
125	165	0.615691
125	166	0.598708
125	169	0.587151
125	170	0.607651
125	171	0.605707
125	172	0.587355
125	173	0.589345
125	174	0.575876
125	175	0.574331
125	176	0.607817
125	177	0.592613
125	178	0.559339
125	179	0.574493
125	180	0.636902
126	45	2.57655
126	55	1.68073
126	59	2.32291
126	77	2.17748
126	99	1.70212
126	100	1.54021
126	121	0.807472
126	130	0.746354
126	135	0.803152
126	139	0.777514
126	145	0.794517
126	150	0.826871
126	152	0.812638
126	159	0.738367
126	160	0.771789
126	163	0.721132
126	165	0.750515
126	166	0.733532
126	169	0.721975
126	170	0.742475
126	171	0.740531
126	172	0.722179
126	173	0.724169
126	174	0.7107
126	175	0.709154
126	176	0.742641
126	177	0.727437
126	178	0.694163
126	179	0.709317
126	180	0.771726
127	17	1.23919
127	25	2.16518
127	63	1.3962
127	95	2.43906
127	96	3.5586
127	104	0.778181
127	106	1.20177
127	110	0.776947
127	121	0.800389
127	131	0.825404
127	132	0.736202
127	135	0.796069
127	141	0.76947
127	143	0.74703
127	149	0.755939
127	150	0.819788
127	151	0.806405
127	159	0.731284
127	165	0.743432
127	168	0.76321
127	170	0.735392
127	171	0.733447
127	172	0.715095
127	173	0.717086
127	174	0.703616
127	175	0.702071
127	176	0.735558
127	177	0.720354
127	178	0.687079
127	179	0.702233
128	7	2.57501
128	47	1.53276
128	69	1.5998
128	81	1.95486
128	97	2.31333
128	106	2.02424
128	117	0.804818
128	125	0.706262
128	130	0.753464
128	144	0.759428
128	148	0.794798
128	151	0.820597
128	152	0.819747
128	154	0.71034
128	156	0.752116
128	159	0.745476
128	160	0.778898
128	163	0.728242
128	165	0.757624
128	166	0.740641
128	167	0.735261
128	168	0.777403
128	171	0.74764
128	173	0.731278
128	174	0.717809
128	175	0.716263
128	176	0.74975
128	177	0.734546
128	178	0.701272
128	179	0.716426
129	9	2.22529
129	18	4.43573
129	95	1.73035
129	117	0.771523
129	123	0.794968
129	125	0.672967
129	133	0.703225
129	134	0.714682
129	136	0.705294
129	137	0.380494
129	138	0.703635
129	139	0.751328
129	140	0.412478
129	143	0.727928
129	146	0.746668
129	153	0.744821
129	158	0.724895
129	160	0.745602
129	166	0.707345
129	167	0.701966
129	168	0.744107
129	169	0.695789
129	171	0.714345
129	172	0.695992
129	173	0.697983
129	174	0.684513
129	175	0.682968
129	176	0.716455
129	177	0.701251
129	178	0.667976
129	179	0.683131
130	10	5.10574
130	72	0.61473
130	74	2.98931
130	76	4.30496
130	84	0.729195
130	121	0.71985
130	123	0.733532
130	125	0.611531
130	126	0.746354
130	128	0.753464
130	139	0.689892
130	144	0.664697
130	146	0.685232
130	148	0.700066
130	149	0.6754
130	157	0.645579
130	158	0.663459
130	163	0.63351
130	165	0.662893
130	167	0.64053
130	169	0.634353
130	170	0.654853
130	171	0.652909
130	173	0.636547
130	174	0.623077
130	175	0.621532
130	176	0.655019
130	177	0.639815
130	178	0.60654
130	179	0.621695
130	180	0.684104
131	1	2.16163
131	18	2.75322
131	37	2.05866
131	61	1.50044
131	78	2.34318
131	97	1.58288
131	98	0.836481
131	127	0.825404
131	142	0.720962
131	143	0.752625
131	144	0.75083
131	150	0.825382
131	152	0.811149
131	155	0.767929
131	159	0.736878
131	163	0.719643
131	164	0.717097
131	165	0.749026
131	166	0.732042
131	167	0.726663
131	169	0.720486
131	170	0.740986
131	171	0.739042
131	172	0.720689
131	173	0.72268
131	174	0.709211
131	175	0.707665
131	176	0.741152
131	177	0.725948
131	178	0.692673
131	179	0.707828
132	15	5.64933
132	29	4.0319
132	51	3.11877
132	105	0.622249
132	121	0.716781
132	123	0.730463
132	127	0.736202
132	133	0.63872
132	135	0.712461
132	138	0.639129
132	139	0.686822
132	145	0.703825
132	146	0.682163
132	150	0.736179
132	151	0.722796
132	153	0.680316
132	155	0.678726
132	156	0.654315
132	159	0.647676
132	163	0.630441
132	164	0.627895
132	165	0.659824
132	169	0.631283
132	170	0.651784
132	172	0.631487
132	173	0.633477
132	174	0.620008
132	175	0.618463
132	176	0.65195
132	177	0.636745
132	178	0.603471
132	179	0.618625
133	22	6.12373
133	79	6.27627
133	88	0.624201
133	105	0.608375
133	129	0.703225
133	132	0.63872
133	134	0.636303
133	135	0.698587
133	143	0.649549
133	144	0.647754
133	147	0.674645
133	149	0.658457
133	152	0.708072
133	153	0.666442
133	154	0.598665
133	155	0.664853
133	158	0.646516
133	160	0.667223
133	161	0.65135
133	168	0.665728
133	169	0.61741
133	170	0.63791
133	171	0.635966
133	172	0.617613
133	173	0.619604
133	174	0.606134
133	175	0.604589
133	176	0.638076
133	177	0.622872
133	178	0.589597
133	179	0.604752
134	21	0.654454
134	31	2.45068
134	41	4.71563
134	47	0.731127
134	51	0.722711
134	75	0.691171
134	85	0.675042
134	92	0.711482
134	94	0.698864
134	95	0.708517
134	97	0.706691
134	99	0.706766
134	100	4.83369
134	103	0.732961
134	105	0.619832
134	129	0.714682
134	133	0.636303
134	141	0.683445
134	159	0.645259
134	167	0.635044
134	169	0.628866
134	170	0.649367
134	173	0.631061
134	174	0.617591
134	175	0.616046
134	176	0.649533
134	177	0.634329
134	178	0.601054
134	179	0.616209
134	180	0.678618
135	29	1.19137
135	39	2.95788
135	59	3.71783
135	89	0.69354
135	120	2.56154
135	122	2.37138
135	126	0.803152
135	127	0.796069
135	132	0.712461
135	133	0.698587
135	144	0.721495
135	153	0.740183
135	154	0.672406
135	155	0.738593
135	156	0.714183
135	159	0.707543
135	160	0.740964
135	161	0.72509
135	163	0.690308
135	167	0.697328
135	169	0.69115
135	170	0.711651
135	171	0.709706
135	172	0.691354
135	173	0.693345
135	174	0.679875
135	175	0.67833
135	176	0.711817
135	177	0.696613
135	178	0.663338
135	179	0.678492
135	180	0.740901
136	6	0.653118
136	7	0.673511
136	15	0.740178
136	25	0.719556
136	29	0.727552
136	34	0.719444
136	38	0.697585
136	41	0.719303
136	43	0.697502
136	48	0.697504
136	72	0.599856
136	82	4.48369
136	101	3.98619
136	109	0.751205
136	115	3.53012
136	129	0.705294
136	145	0.69202
136	155	0.666921
136	160	0.669292
136	170	0.639978
136	171	0.638034
136	172	0.619682
136	173	0.621672
136	174	0.608203
136	175	0.606658
136	176	0.640144
136	177	0.62494
136	178	0.591666
136	179	0.60682
136	180	0.669229
137	4	0.677045
137	22	0.739682
137	23	0.680757
137	52	0.706775
137	55	0.703412
137	61	0.704193
137	69	0.760555
137	73	0.704066
137	81	0.710206
137	88	5.7707
137	90	0.672805
137	96	0.709693
137	100	0.704707
137	101	0.69766
137	102	0.697556
137	106	0.739902
137	107	0.69454
137	111	0.698691
137	112	0.697994
137	113	1.28243
137	115	0.757404
137	116	0.716786
137	118	0.706242
137	119	0.733951
137	120	0.714847
137	122	0.683905
137	129	0.380494
137	140	0.745355
137	144	2.11137
137	148	0.701922
137	161	0.670148
137	168	1.43265
137	169	5.24104
137	173	4.60071
138	14	0.658213
138	28	0.595551
138	33	0.595261
138	51	5.78747
138	104	0.681109
138	125	0.594997
138	129	0.703635
138	132	0.639129
138	140	5.62617
138	145	0.690361
138	146	0.668699
138	149	0.658866
138	150	0.722715
138	153	0.666852
138	156	0.640851
138	158	0.646925
138	159	0.634211
138	160	0.667633
138	162	0.649706
138	163	0.616977
138	164	0.61443
138	167	0.623996
138	169	0.617819
138	170	0.638319
138	172	0.618023
138	173	0.620013
138	174	0.606544
138	175	0.604998
