1	93	1.43229
1	101	1.3444
1	106	1.36073
1	107	1.36055
1	109	1.36034
1	156	1.39403
1	162	0.466528
1	164	0.46993
1	166	1.35922
1	170	0.480294
1	173	0.577859
1	180	0.537979
2	119	0.527601
2	129	1.40127
2	131	1.31748
2	139	1.37456
2	142	1.4219
2	145	1.38918
2	147	1.32585
2	157	1.37127
2	169	0.491962
2	176	0.444555
2	179	0.530772
2	180	0.539768
3	16	0.611205
3	114	1.35584
3	120	1.35715
3	132	1.41067
3	134	0.469629
3	136	1.42336
3	141	1.37193
3	143	1.37187
3	152	0.456028
3	158	0.486286
3	167	0.507399
3	175	1.315
4	59	1.4186
4	79	1.44405
4	80	1.44394
4	99	0.399107
4	124	0.46351
4	158	0.441604
4	166	1.47755
4	171	1.47249
4	175	0.493912
4	176	1.54595
4	178	0.534261
5	8	0.373758
5	79	0.50183
5	111	0.450178
5	142	0.46213
5	148	0.474791
5	170	1.43377
5	172	1.37481
5	173	1.33201
5	177	1.35557
5	178	1.33283
5	179	1.39149
5	180	1.37816
6	108	1.20677
6	129	1.21906
6	139	1.19236
6	142	1.23969
6	145	1.20697
6	147	1.14364
6	151	1.20384
6	157	1.18906
6	160	0.656331
6	166	0.612113
6	168	0.605177
6	169	0.632709
7	12	1.31012
7	22	1.41058
7	32	1.3672
7	56	1.39514
7	71	1.27963
7	85	0.55255
7	96	1.40117
7	127	0.468722
7	135	0.449769
7	173	0.555728
7	176	1.43742
7	179	0.506851
8	5	0.373758
8	53	1.29393
8	58	1.37417
8	62	1.36848
8	65	1.37363
8	74	1.39321
8	149	1.393
8	156	0.767781
8	168	1.40661
8	177	0.467297
8	179	0.444671
8	180	0.453667
9	36	1.34818
9	44	1.44585
9	68	1.37986
9	84	1.40312
9	88	0.443244
9	97	1.38256
9	103	0.383537
9	104	1.29576
9	152	0.883488
9	167	0.396237
9	171	1.35535
9	175	0.427432
10	113	1.33917
10	139	1.36817
10	142	1.4155
10	145	1.38278
10	148	1.35054
10	151	1.37965
10	153	0.476894
10	155	0.47836
10	157	1.36487
10	166	0.477463
10	167	0.514283
10	173	0.585746
11	29	0.52191
11	36	0.590929
11	82	0.610917
11	119	1.19124
11	145	0.570622
11	170	1.24896
11	172	1.19
11	174	1.25191
11	177	1.17076
11	178	1.14802
11	179	1.20668
11	180	1.19334
12	7	1.31012
12	17	1.23514
12	33	1.261
12	70	1.34457
12	75	1.27411
12	85	0.625943
12	96	1.31214
12	100	0.503359
12	124	0.55845
12	164	1.31839
12	168	0.513902
12	170	0.531556
12	176	1.3484
13	99	0.520089
13	117	0.577783
13	125	1.23288
13	129	1.33217
13	142	1.3528
13	145	1.32008
13	147	1.25675
13	148	1.28784
13	151	1.31695
13	157	1.30217
13	166	0.546881
13	174	0.567612
13	176	0.52007
14	34	1.29231
14	38	1.26764
14	46	1.36735
14	47	1.23894
14	67	1.35269
14	119	0.559006
14	123	1.33293
14	124	1.2608
14	149	1.2918
14	169	0.523368
14	172	0.557731
14	174	0.523503
14	180	0.571174
15	39	1.29067
15	63	1.37692
15	82	1.24181
15	90	1.24296
15	92	0.426544
15	100	0.408602
15	102	1.2706
15	111	1.34678
15	128	1.25838
15	130	1.38504
15	159	0.959432
15	174	0.446812
15	175	0.494096
16	3	0.611205
16	65	0.643073
16	127	1.2262
16	131	0.656375
16	152	1.2316
16	161	0.609148
16	165	1.16326
16	172	1.12655
16	174	1.18846
16	177	1.10731
16	178	1.08457
16	179	1.14323
16	180	1.1299
17	12	1.23514
17	32	1.29222
17	56	1.32016
17	70	1.35862
17	71	1.20466
17	96	1.32619
17	153	0.526634
17	156	0.470598
17	161	1.30217
17	165	0.567408
17	172	0.582162
17	176	1.36244
17	179	0.586608
18	32	1.27065
18	56	1.29859
18	70	1.33704
18	75	1.26658
18	95	1.27284
18	96	1.30461
18	105	0.517837
18	140	0.553973
18	144	1.30951
18	162	0.547142
18	168	0.543255
18	169	0.570787
18	176	1.34087
19	91	0.504087
19	103	0.549472
19	125	1.24454
19	129	1.34383
19	133	0.575023
19	142	1.36446
19	147	1.26842
19	148	1.2995
19	151	1.32861
19	153	0.524784
19	157	1.31383
19	172	0.580312
19	175	1.23763
20	110	1.30777
20	119	0.580889
20	125	1.26225
20	131	1.27775
20	139	1.33484
20	147	1.28612
20	151	1.34632
20	155	0.525551
20	157	1.33154
20	160	0.568873
20	166	0.524655
20	171	0.534885
20	175	1.25534
21	54	1.47557
21	68	1.5074
21	84	1.53066
21	104	1.4233
21	160	0.462993
21	161	1.49608
21	162	1.49011
21	168	0.411839
21	169	0.439371
21	171	1.48289
21	173	0.527057
21	176	0.391964
21	178	0.527137
22	7	1.41058
22	33	1.36146
22	56	1.40658
22	70	1.44503
22	71	1.29107
22	144	1.4175
22	152	0.418799
22	164	1.41884
22	172	0.488308
22	173	0.541632
22	174	0.45408
22	176	1.44885
22	177	0.515381
22	178	0.541712
23	49	1.40917
23	66	1.35398
23	93	1.4704
23	101	1.38252
23	106	1.39885
23	107	1.39866
23	109	1.39846
23	126	0.495684
23	163	0.458283
23	166	1.39734
23	168	0.465719
23	175	0.54067
23	176	0.445845
23	177	0.554687
24	39	1.41126
24	50	1.28451
24	63	1.49751
24	90	1.36355
24	102	1.39118
24	111	1.46736
24	124	0.502461
24	128	1.37897
24	134	0.4639
24	152	0.450299
24	160	0.509068
24	162	1.40976
24	167	0.501669
24	175	0.532864
25	50	1.27754
25	63	1.49053
25	69	1.44085
25	90	1.35657
25	91	1.40462
25	127	0.420862
25	128	1.37199
25	144	1.43766
25	152	0.385035
25	156	0.856624
25	168	1.41632
25	169	0.420181
25	171	0.409815
25	180	0.467987
26	36	1.38928
26	54	1.38913
26	68	1.42096
26	84	1.44422
26	97	1.42366
26	98	0.455698
26	104	1.33687
26	117	0.50321
26	155	0.473204
26	161	1.40964
26	164	0.47266
26	166	0.472307
26	171	1.39645
26	173	0.58059
27	53	1.16159
27	58	1.24183
27	60	1.24147
27	62	1.23614
27	65	1.24129
27	73	1.32064
27	74	1.26087
27	91	0.568504
27	95	0.591203
27	150	0.600698
27	160	1.22873
27	168	1.27427
27	169	0.610366
27	176	0.56296
28	112	0.591739
28	113	1.37817
28	115	1.42447
28	139	1.40716
28	145	1.42178
28	146	0.494358
28	147	1.35845
28	148	1.38953
28	151	1.41865
28	154	0.481901
28	157	1.40387
28	164	0.457256
28	166	0.456903
28	174	0.477634
29	11	0.52191
29	112	0.563886
29	114	1.37082
29	116	1.42978
29	118	1.39923
29	120	1.37213
29	132	1.42565
29	136	1.43835
29	137	0.448497
29	141	1.38691
29	143	1.38686
29	167	0.46587
29	172	0.484009
29	174	0.449781
30	42	1.23705
30	48	1.33674
30	59	1.17908
30	72	1.26909
30	79	1.20453
30	80	1.20442
30	91	0.514856
30	112	0.670958
30	150	0.547051
30	166	1.23803
30	169	0.556718
30	171	1.23296
30	173	0.644405
30	176	1.30643
31	76	1.33777
31	108	1.35822
31	131	1.28673
31	139	1.34381
31	145	1.35842
31	147	1.2951
31	148	1.32618
31	151	1.35529
31	153	0.489994
31	157	1.34051
31	160	0.534782
31	170	0.501281
31	176	0.463753
31	177	0.572595
31	178	0.598926
32	7	1.3672
32	17	1.29222
32	18	1.27065
32	71	1.24769
32	75	1.33119
32	88	0.574079
32	96	1.36922
32	155	0.49115
32	161	1.3452
32	162	0.487205
32	164	1.37547
32	166	0.490253
32	172	0.545212
32	176	1.40548
32	177	0.572284
33	12	1.261
33	22	1.36146
33	56	1.34602
33	70	1.38448
33	71	1.23052
33	75	1.31402
33	134	0.514883
33	144	1.35694
33	159	0.475405
33	163	0.501461
33	164	1.35829
33	168	0.508896
33	175	0.583847
33	176	1.3883
33	179	0.575238
34	14	1.29231
34	38	1.3194
34	41	1.11622
34	46	1.41911
34	47	1.2907
34	67	1.40444
34	105	0.448626
34	123	1.38468
34	130	1.43951
34	149	1.34355
34	160	0.525198
34	172	0.535938
34	175	0.548994
34	177	0.563011
34	179	0.540385
35	49	1.34265
35	51	0.554757
35	66	1.28746
35	93	1.40388
35	101	1.31599
35	106	1.33232
35	107	1.33214
35	109	1.33194
35	149	1.33289
35	164	0.485209
35	165	0.525061
35	166	1.33081
35	169	0.505452
35	171	0.495086
35	173	0.593138
36	9	1.34818
36	11	0.590929
36	26	1.38928
36	40	1.32028
36	54	1.31428
36	97	1.34881
36	104	1.26201
36	123	1.36986
36	124	0.535681
36	138	0.480614
36	140	0.501851
36	159	0.457641
36	162	1.32882
36	171	1.3216
36	175	0.566083
37	59	1.44111
37	72	1.53112
37	79	1.46656
37	80	1.46645
37	140	0.391772
37	144	1.5371
37	165	0.428195
37	166	1.50005
37	171	1.49499
37	173	0.496272
37	176	1.56845
37	177	0.470021
37	178	0.496352
37	179	0.447395
37	180	0.456391
38	14	1.26764
38	34	1.3194
38	46	1.39444
38	47	1.26603
38	67	1.37978
38	123	1.36002
38	124	1.28789
38	130	1.41484
38	149	1.31889
38	154	0.521142
38	159	0.455717
38	163	0.481773
38	167	0.532964
38	175	0.564159
38	178	0.604507
39	15	1.29067
39	24	1.41126
39	50	1.21947
39	90	1.2985
39	92	0.507865
39	102	1.32614
39	111	1.40232
39	123	1.38576
39	128	1.31392
39	146	0.544857
39	153	0.506833
39	156	0.450797
39	168	1.35825
39	172	0.562361
39	177	0.589433
40	36	1.32028
40	68	1.35196
40	84	1.37522
40	97	1.35466
40	104	1.26786
40	121	1.29672
40	123	1.37571
40	133	0.563009
40	134	0.512389
40	137	0.532786
40	138	0.495884
40	161	1.34064
40	171	1.32745
40	172	0.568298
40	176	0.486528
41	34	1.11622
41	44	0.68784
41	47	1.06286
41	67	1.1766
41	70	1.17822
41	76	0.736801
41	78	0.713723
41	83	1.02852
41	128	0.756945
41	164	1.15203
41	173	0.999917
41	176	1.18204
41	178	1.00074
41	179	1.0594
41	180	1.04607
42	30	1.23705
42	48	1.43663
42	59	1.27897
42	72	1.36898
42	79	1.30442
42	80	1.30431
42	137	0.518662
42	146	0.536669
42	158	0.514921
42	160	0.543433
42	166	1.33792
42	167	0.536034
42	170	0.509932
42	171	1.33285
42	176	1.40632
43	44	0.428246
43	68	0.450625
43	109	0.500474
43	120	0.503007
43	144	0.470589
43	148	0.491879
43	155	1.40258
43	172	1.32725
43	173	1.28445
43	174	1.38916
43	175	1.32738
43	177	1.30801
43	178	1.28527
43	179	1.34393
43	180	1.3306
44	9	1.44585
44	41	0.68784
44	43	0.428246
44	54	1.41195
44	68	1.44378
44	84	1.46703
44	97	1.44647
44	104	1.35968
44	121	1.38853
44	137	0.442113
44	158	0.438372
44	159	0.382238
44	162	1.42649
44	165	0.462871
44	171	1.41926
44	175	0.49068
45	61	0.481
45	78	1.29595
45	81	1.36181
45	118	1.28599
45	120	1.25889
45	121	1.25173
45	122	1.26163
45	136	1.3251
45	138	0.536054
45	141	1.27367
45	143	1.27361
45	163	0.539137
45	165	0.593714
45	174	0.574239
45	175	1.21674
45	177	0.63554
46	14	1.36735
46	34	1.41911
46	38	1.39444
46	47	1.36574
46	67	1.47949
46	98	0.439189
46	119	0.512033
46	123	1.45973
46	124	1.3876
46	127	0.477075
46	130	1.51455
46	149	1.4186
46	163	0.441427
46	164	0.456152
46	175	0.523813
46	177	0.53783
47	14	1.23894
47	34	1.2907
47	38	1.26603
47	41	1.06286
47	46	1.36574
47	55	1.22191
47	67	1.35108
47	98	0.529397
47	123	1.33132
47	130	1.38615
47	149	1.29019
47	158	0.561712
47	164	0.546359
47	168	0.53907
47	169	0.566602
47	175	0.61402
48	30	1.33674
48	42	1.43663
48	59	1.37866
48	72	1.46867
48	79	1.40411
48	80	1.404
48	95	0.470359
48	98	0.452317
48	134	0.467976
48	154	0.493924
48	163	0.454554
48	165	0.509132
48	166	1.43761
48	171	1.43254
48	176	1.506
48	180	0.537328
49	23	1.40917
49	35	1.34265
49	66	1.30737
49	93	1.42379
49	101	1.33591
49	106	1.35224
49	107	1.35205
49	109	1.35185
49	156	1.38554
49	160	0.518617
49	166	1.35073
49	170	0.485117
49	174	0.49513
49	175	0.542413
49	176	0.447589
49	177	0.556431
49	180	0.542801
50	24	1.28451
50	25	1.27754
50	39	1.21947
50	52	1.24435
50	69	1.25604
50	82	1.1706
50	111	1.27557
50	128	1.18718
50	134	0.553167
50	137	1.20599
50	144	1.25285
50	153	0.553548
50	164	0.554471
50	168	1.2315
50	173	0.6624
50	175	0.622132
50	179	0.613523
51	35	0.554757
51	114	0.569828
51	124	1.25918
51	127	1.31685
51	130	0.512896
51	144	0.53491
51	145	0.547663
51	148	0.5562
51	167	1.26595
51	169	1.25891
51	172	1.21719
51	173	1.17439
51	174	1.2791
51	177	1.19795
51	178	1.17521
51	179	1.23387
51	180	1.22054
52	50	1.24435
52	63	1.45735
52	104	1.30279
52	106	1.36895
52	107	1.36876
52	109	1.36856
52	111	1.4272
52	128	1.3388
52	135	0.484806
52	138	0.465028
52	154	0.507481
52	158	0.49819
52	161	1.37556
52	171	1.36237
52	172	0.537442
52	175	0.550498
52	179	0.541889
53	8	1.29393
53	27	1.16159
53	58	1.22516
53	60	1.2248
53	62	1.21947
53	65	1.22462
53	73	1.30397
53	74	1.2442
53	149	1.24398
53	158	0.595287
53	159	0.539153
53	160	1.21206
53	168	1.2576
53	170	0.590299
53	172	0.63454
53	176	0.55277
53	180	0.647983
54	21	1.47557
54	26	1.38913
54	36	1.31428
54	44	1.41195
54	68	1.34596
54	84	1.36922
54	88	0.578915
54	97	1.34866
54	104	1.26187
54	123	1.36972
54	133	0.544758
54	135	0.497411
54	140	0.49887
54	159	0.454661
54	164	0.495442
54	171	1.32145
54	174	0.515819
55	47	1.22191
55	67	1.33565
55	102	1.25627
55	107	0.52907
55	108	0.534565
55	109	0.534339
55	120	0.536872
55	124	1.24376
55	128	1.24406
55	131	0.555195
55	141	0.54944
55	162	1.27485
55	168	1.28838
55	173	1.15897
55	178	1.15979
55	179	1.21845
55	180	1.20512
56	7	1.39514
56	17	1.32016
56	18	1.29859
56	22	1.40658
56	33	1.34602
56	71	1.27563
56	75	1.35913
56	96	1.39716
56	105	0.469362
56	154	0.526714
56	156	0.445111
56	160	0.545934
56	161	1.37314
56	169	0.522312
56	172	0.556675
56	174	0.522447
56	176	1.43341
57	69	0.473217
57	101	0.499139
57	108	0.497481
57	129	0.472212
57	131	0.51811
57	146	1.34523
57	149	0.481036
57	155	1.36632
57	161	0.470883
57	167	1.33975
57	169	1.3327
57	172	1.29099
57	173	1.24818
57	174	1.3529
57	177	1.27175
57	178	1.24901
57	179	1.30767
57	180	1.29434
58	8	1.37417
58	27	1.24183
58	53	1.22516
58	60	1.30504
58	62	1.29971
58	65	1.30486
58	73	1.3842
58	74	1.32444
58	149	1.32422
58	153	0.511724
58	159	0.471866
58	160	1.2923
58	166	0.512294
58	168	1.33784
58	171	0.522524
58	172	0.567252
58	175	0.580308
58	178	0.620656
59	4	1.4186
59	30	1.17908
59	37	1.44111
59	42	1.27897
59	48	1.37866
59	72	1.31101
59	79	1.24645
59	80	1.24634
59	105	0.475478
59	150	0.51876
59	163	0.49346
59	166	1.27995
59	170	0.51855
59	171	1.27488
59	175	0.575846
59	176	1.34835
59	177	0.589863
59	178	0.616194
60	27	1.24147
60	53	1.2248
60	58	1.30504
60	62	1.29935
60	65	1.3045
60	73	1.38385
60	74	1.32408
60	91	0.515327
60	98	1.37615
60	105	0.504239
60	134	0.535643
60	149	1.32386
60	154	0.561591
60	156	0.479988
60	160	1.29194
60	167	0.573413
60	168	1.33748
60	177	0.618624
61	45	0.481
61	64	0.464503
61	90	0.444672
61	96	0.400427
61	101	0.424269
61	111	0.389176
61	144	0.3925
61	157	0.422935
61	159	1.53432
61	165	1.45318
61	169	1.45818
61	170	1.47543
61	173	1.37366
61	174	1.47838
61	177	1.39723
61	178	1.37449
61	179	1.43315
61	180	1.41982
62	8	1.36848
62	27	1.23614
62	53	1.21947
62	58	1.29971
62	60	1.29935
62	65	1.29917
62	73	1.37852
62	74	1.31875
62	98	1.37082
62	112	0.640507
62	134	0.504721
62	160	1.28661
62	164	0.506025
62	166	0.505672
62	168	1.33215
62	171	0.515902
62	174	0.526402
62	177	0.587703
63	15	1.37692
63	24	1.49751
63	25	1.49053
63	52	1.45735
63	69	1.46903
63	90	1.38475
63	102	1.41239
63	111	1.48857
63	128	1.40017
63	135	0.436401
63	162	1.43097
63	170	0.444796
63	171	0.444308
63	173	0.542361
63	176	0.407267
63	178	0.542441
63	179	0.493484
63	180	0.50248
64	61	0.464503
64	78	1.33588
64	87	1.24765
64	114	1.2975
64	118	1.32591
64	120	1.29881
64	122	1.30155
64	132	1.35233
64	135	0.539335
64	136	1.36503
64	137	0.55646
64	141	1.31359
64	143	1.31354
64	152	0.522462
64	153	0.536443
64	170	0.54773
64	172	0.591971
64	175	1.25666
65	8	1.37363
65	16	0.643073
65	27	1.24129
65	53	1.22462
65	58	1.30486
65	60	1.3045
65	62	1.29917
65	73	1.38366
65	74	1.3239
65	112	0.637284
65	117	0.53335
65	149	1.32368
65	156	0.445843
65	160	1.29176
65	168	1.3373
65	170	0.513166
65	171	0.512678
65	176	0.475637
66	23	1.35398
66	35	1.28746
66	49	1.30737
66	93	1.36861
66	101	1.28072
66	106	1.29705
66	107	1.29687
66	109	1.29666
66	149	1.29762
66	152	0.525498
66	156	1.33035
66	159	0.499621
66	164	0.540402
66	165	0.580254
66	166	1.29554
66	167	0.576868
66	171	0.550279
66	176	0.513238
67	14	1.35269
67	34	1.40444
67	38	1.37978
67	41	1.1766
67	46	1.47949
67	47	1.35108
67	55	1.33565
67	114	0.580969
67	123	1.44506
67	124	1.37293
67	130	1.49989
67	137	0.474197
67	149	1.40394
67	152	0.440199
67	162	0.451701
67	166	0.45475
67	172	0.509708
67	177	0.536781
67	179	0.514155
68	9	1.37986
68	21	1.5074
68	26	1.42096
68	40	1.35196
68	43	0.450625
68	44	1.44378
68	54	1.34596
68	88	0.528871
68	97	1.38049
68	104	1.29369
68	112	0.579881
68	161	1.36647
68	162	1.3605
68	165	0.48525
68	166	0.445045
68	171	1.35328
68	176	0.418234
68	177	0.527076
68	178	0.553407
69	25	1.44085
69	50	1.25604
69	57	0.473217
69	63	1.46903
69	82	1.33392
69	90	1.33507
69	102	1.36271
69	111	1.43889
69	128	1.35049
69	130	1.47716
69	137	1.3693
69	146	0.508311
69	153	0.470287
69	160	0.515075
69	162	1.38129
69	165	0.511062
69	166	0.470857
69	167	0.507676
69	179	0.530262
70	12	1.34457
70	17	1.35862
70	18	1.33704
70	22	1.44503
70	33	1.38448
70	41	1.17822
70	75	1.39759
70	88	0.5552
70	96	1.43562
70	144	1.44051
70	156	0.414768
70	161	1.4116
70	167	0.508193
70	169	0.491969
70	171	0.481604
70	174	0.492104
70	176	1.47187
70	179	0.530779
70	180	0.539775
71	7	1.27963
71	17	1.20466
71	22	1.29107
71	32	1.24769
71	33	1.23052
71	56	1.27563
71	75	1.24363
71	96	1.28166
71	119	0.586344
71	144	1.28655
71	160	0.574328
71	161	1.25764
71	162	0.527061
71	164	1.2879
71	167	0.566929
71	168	0.523173
71	175	0.598124
71	176	1.31791
71	177	0.612141
72	30	1.26909
72	37	1.53112
72	42	1.36898
72	48	1.46867
72	59	1.31101
72	77	0.479602
72	79	1.33646
72	80	1.33635
72	98	0.467868
72	127	0.505754
72	137	0.503925
72	144	1.407
72	162	0.481429
72	164	0.484831
72	166	1.36996
72	170	0.495195
72	171	1.3649
72	176	1.43836
72	178	0.59284
73	27	1.32064
73	53	1.30397
73	58	1.3842
73	60	1.38385
73	62	1.37852
73	65	1.38366
73	74	1.40324
73	98	1.45532
73	146	0.503364
73	149	1.40303
73	152	0.451358
73	160	1.3711
73	163	0.451537
73	164	0.466262
73	165	0.506114
73	168	1.41665
73	173	0.574192
73	175	0.533923
73	179	0.525315
74	8	1.39321
74	27	1.26087
74	53	1.2442
74	58	1.32444
74	60	1.32408
74	62	1.31875
74	65	1.3239
74	73	1.40324
74	83	0.577719
74	98	1.39555
74	138	0.462977
74	144	0.571733
74	146	0.517887
74	149	1.34326
74	154	0.50543
74	160	1.31134
74	166	0.480432
74	168	1.35688
74	169	0.501028
74	175	0.548446
75	12	1.27411
75	18	1.26658
75	32	1.33119
75	33	1.31402
75	56	1.35913
75	70	1.39759
75	71	1.24363
75	92	0.521264
75	95	1.33338
75	96	1.36516
75	133	0.570471
75	153	0.520232
75	156	0.464196
75	160	0.565019
75	161	1.34114
75	162	0.517753
75	164	1.3714
75	168	0.513865
75	169	0.541397
75	176	1.40141
76	31	1.33777
76	41	0.736801
76	99	0.444834
76	110	1.3232
76	115	1.36758
76	125	1.27769
76	129	1.37698
76	131	1.29319
76	139	1.35027
76	145	1.36489
76	146	0.50908
76	148	1.33265
76	151	1.36176
76	157	1.34698
76	162	0.468577
76	165	0.511831
76	170	0.482343
76	174	0.492356
76	175	1.27078
76	180	0.540027
77	72	0.479602
77	97	0.483772
77	99	1.43497
77	107	0.484749
77	117	1.34722
77	141	0.505119
77	142	0.468762
77	144	0.460133
77	146	1.35229
77	150	1.36976
77	151	0.473755
77	155	1.37338
77	161	0.463647
77	170	1.357
77	173	1.25524
77	174	1.35996
77	177	1.2788
77	178	1.25606
77	179	1.31473
77	180	1.30139
78	41	0.713723
78	45	1.29595
78	64	1.33588
78	88	0.532374
78	95	0.449981
78	114	1.31738
78	116	1.37634
78	117	0.47945
78	118	1.34579
78	120	1.31869
78	122	1.32143
78	132	1.37221
78	136	1.3849
78	140	0.45233
78	141	1.33347
78	143	1.33342
78	167	0.485367
78	173	0.55683
78	175	1.27654
78	180	0.51695
79	4	1.44405
79	5	0.50183
79	30	1.20453
79	37	1.46656
79	42	1.30442
79	48	1.40411
79	59	1.24645
79	72	1.33646
79	80	1.27179
79	95	0.514771
79	127	0.534614
79	144	1.34244
79	156	0.456733
79	162	0.510289
79	165	0.553543
79	166	1.3054
79	169	0.533934
79	171	1.30033
79	175	0.581352
79	176	1.3738
80	4	1.44394
80	30	1.20442
80	37	1.46645
80	42	1.30431
80	48	1.404
80	59	1.24634
80	72	1.33635
80	79	1.27179
80	126	0.525944
80	144	1.34233
80	156	0.446311
80	159	0.462489
80	164	0.503269
80	166	1.30529
80	171	1.30022
80	172	0.557875
80	176	1.37369
80	177	0.584948
80	179	0.562322
80	180	0.571318
81	45	1.36181
81	87	1.33338
81	89	1.33042
81	94	1.49923
81	95	0.496968
81	98	0.478926
81	99	0.468744
81	114	1.38323
81	116	1.44219
81	120	1.38455
81	122	1.38728
81	132	1.43806
81	136	1.45076
81	141	1.39932
81	143	1.39927
81	150	0.506463
81	153	0.494966
81	163	0.481163
81	168	0.488599
81	171	0.505765
81	174	0.516266
82	11	0.610917
82	15	1.24181
82	50	1.1706
82	69	1.33392
82	90	1.24964
82	91	1.29769
82	102	1.27727
82	111	1.35345
82	123	1.33689
82	124	0.555669
82	128	1.26506
82	130	1.39172
82	135	0.52038
82	137	1.28387
82	162	1.29585
82	167	0.554877
82	168	1.30938
82	169	0.538653
82	170	0.528775
82	175	0.586072
82	176	0.491247
83	41	1.02852
83	74	0.577719
83	102	0.581543
83	113	0.598431
83	115	0.56837
83	130	0.540281
83	143	0.596098
83	146	1.2371
83	149	0.575962
83	150	1.25457
83	167	1.23161
83	169	1.22457
83	170	1.24181
83	172	1.18285
83	173	1.14005
83	174	1.24477
83	176	1.32217
83	177	1.16361
83	178	1.14087
83	179	1.19954
83	180	1.1862
84	9	1.40312
84	21	1.53066
84	26	1.44422
84	40	1.37522
84	44	1.46703
84	54	1.36922
84	97	1.40375
84	104	1.31695
84	121	1.34581
84	135	0.456357
84	159	0.413606
84	160	0.498252
84	161	1.38973
84	162	1.38376
84	168	0.447098
84	170	0.464751
84	171	1.37654
84	173	0.562316
84	175	0.522048
84	178	0.562396
84	179	0.513439
85	7	0.55255
85	12	0.625943
85	86	0.594007
85	116	0.58843
85	129	0.574957
85	130	0.5481
85	134	1.26679
85	139	0.585617
85	150	1.24193
85	154	1.22593
85	158	1.24981
85	165	1.20693
85	169	1.21193
85	170	1.22918
85	172	1.17022
85	173	1.12741
85	174	1.23213
85	177	1.15098
85	178	1.12824
85	179	1.1869
85	180	1.17357
86	85	0.594007
86	108	1.38181
86	110	1.34032
86	113	1.3384
86	125	1.2948
86	129	1.39409
86	131	1.31031
86	139	1.36739
86	142	1.41472
86	145	1.38201
86	148	1.34976
86	151	1.37887
86	154	0.5139
86	157	1.36409
86	162	0.485854
86	163	0.47453
86	168	0.481966
86	169	0.509498
86	171	0.499132
86	172	0.543861
86	174	0.509633
86	175	1.2879
87	64	1.24765
87	81	1.33338
87	89	1.17634
87	94	1.34515
87	116	1.28811
87	119	0.598718
87	120	1.23046
87	122	1.2332
87	132	1.28398
87	136	1.29668
87	137	0.561931
87	141	1.24524
87	143	1.24519
87	160	1.22925
87	161	1.26722
87	162	0.539435
87	168	0.535548
87	169	0.563079
87	170	0.553201
87	175	1.18831
87	178	0.650846
87	180	0.610885
88	9	0.443244
88	32	0.574079
88	54	0.578915
88	68	0.528871
88	70	0.5552
88	78	0.532374
88	103	1.29458
88	104	0.588754
88	133	1.24671
88	136	0.543808
88	150	1.29857
88	158	1.30645
88	163	1.3465
88	167	1.27561
88	169	1.26857
88	172	1.22685
88	173	1.18405
88	174	1.28877
88	177	1.20761
88	178	1.18487
88	179	1.24354
88	180	1.2302
89	81	1.33042
89	87	1.17634
89	94	1.34219
89	100	0.556001
89	105	0.541127
89	114	1.22619
89	116	1.28515
89	118	1.2546
89	120	1.2275
89	122	1.23024
89	132	1.28102
89	135	0.575804
89	136	1.29372
89	141	1.24228
89	143	1.24223
89	155	0.574378
89	162	0.570432
89	164	1.29452
89	166	0.573481
89	172	0.62844
89	174	0.594211
89	175	1.18535
90	15	1.24296
90	24	1.36355
90	25	1.35657
90	39	1.2985
90	61	0.444672
90	63	1.38475
90	69	1.33507
90	82	1.24964
90	102	1.27843
90	111	1.3546
90	123	1.33805
90	124	0.554793
90	128	1.26621
90	133	0.566851
90	144	1.33188
90	156	0.460576
90	162	1.297
90	165	0.557387
90	168	1.31054
90	170	0.527899
90	175	0.585195
90	176	0.490371
90	178	0.625544
91	19	0.504087
91	25	1.40462
91	27	0.568504
91	30	0.514856
91	60	0.515327
91	82	1.29769
91	101	1.32807
91	106	1.3444
91	107	1.34422
91	109	1.34402
91	111	1.40265
91	115	0.449817
91	118	0.487042
91	122	0.504555
91	128	1.31426
91	157	0.474178
91	161	0.447256
91	168	1.35859
91	173	1.22917
91	177	1.25273
91	178	1.22999
91	179	1.28866
91	180	1.27532
92	15	0.426544
92	39	0.507865
92	75	0.521264
92	104	0.50539
92	106	0.487697
92	121	0.514274
92	126	1.33818
92	143	0.499274
92	149	0.479138
92	155	1.35319
92	157	0.495907
92	163	1.39751
92	164	1.38717
92	169	1.31957
92	170	1.33682
92	171	1.34371
92	172	1.27786
92	173	1.23505
92	174	1.33977
92	177	1.25862
92	178	1.23588
92	179	1.29454
92	180	1.28121
93	1	1.43229
93	23	1.4704
93	35	1.40388
93	49	1.42379
93	66	1.36861
93	101	1.39714
93	106	1.41347
93	107	1.41329
93	109	1.41308
93	117	0.48044
93	126	0.472566
93	127	0.470814
93	137	1.40214
93	146	0.486993
93	149	1.41404
93	152	0.434987
93	156	1.44677
93	158	0.465244
93	166	1.41196
93	173	0.55782
93	176	0.422727
93	178	0.5579
93	180	0.51794
94	81	1.49923
94	87	1.34515
94	89	1.34219
94	114	1.395
94	116	1.45396
94	118	1.42341
94	122	1.39905
94	132	1.44983
94	136	1.46253
94	138	0.463969
94	141	1.41109
94	143	1.41104
94	150	0.492352
94	152	0.466873
94	154	0.506421
94	156	0.424819
94	162	0.478375
94	164	1.46333
94	169	0.502019
94	171	0.491654
94	172	0.536383
94	174	0.502154
94	175	1.35416
95	18	1.27284
95	27	0.591203
95	48	0.470359
95	75	1.33338
95	78	0.449981
95	79	0.514771
95	81	0.496968
95	96	1.37141
95	101	1.32445
95	106	1.34078
95	107	1.34059
95	109	1.34039
95	125	0.534578
95	130	0.444428
95	141	0.511428
95	145	0.479195
95	164	1.37765
95	172	1.26835
95	176	1.40766
95	177	1.24911
95	178	1.22637
95	179	1.28503
95	180	1.2717
96	7	1.40117
96	12	1.31214
96	17	1.32619
96	18	1.30461
96	32	1.36922
96	56	1.39716
96	61	0.400427
96	70	1.43562
96	71	1.28166
96	75	1.36516
96	95	1.37141
96	119	0.52917
96	144	1.40809
96	150	0.483864
96	152	0.458385
96	161	1.37917
96	162	0.469887
96	164	1.40943
96	172	0.527895
96	174	0.493667
96	175	0.54095
96	176	1.43944
96	177	0.554967
96	178	0.581298
97	9	1.38256
97	26	1.42366
97	36	1.34881
97	40	1.35466
97	44	1.44647
97	54	1.34866
97	68	1.38049
97	77	0.483772
97	84	1.40375
97	104	1.29639
97	121	1.32525
97	123	1.40424
97	133	0.538318
97	152	0.474097
97	154	0.513646
97	156	0.432043
97	161	1.36917
97	162	1.3632
97	166	0.488648
97	167	0.525468
97	168	0.481712
97	171	1.35598
97	172	0.543607
97	175	0.556662
98	26	0.455698
98	46	0.439189
98	47	0.529397
98	48	0.452317
98	60	1.37615
98	62	1.37082
98	72	0.467868
98	73	1.45532
98	74	1.39555
98	81	0.478926
98	131	1.34488
98	141	0.493385
98	143	0.482202
98	144	0.448399
98	147	1.35326
98	148	1.38434
98	157	1.39867
98	161	0.451913
98	165	1.35905
98	168	1.40895
98	174	1.38425
98	177	1.3031
98	179	1.33902
98	180	1.32569
99	4	0.399107
99	13	0.520089
99	76	0.444834
99	77	1.43497
99	81	0.468744
99	110	0.493637
99	116	0.456533
99	134	1.43056
99	144	0.438217
99	147	0.504233
99	149	0.451884
99	153	1.41338
99	157	0.468653
99	163	1.45364
99	167	1.38275
99	169	1.3757
99	170	1.39295
99	172	1.33399
99	173	1.29118
99	174	1.3959
99	177	1.31475
99	178	1.29201
99	179	1.35067
99	180	1.33734
100	12	0.503359
100	15	0.408602
100	89	0.556001
100	109	0.477415
100	114	0.482448
100	119	1.30384
100	125	0.515666
100	129	0.452373
100	140	1.39732
100	142	0.456159
100	147	0.513546
100	152	1.40765
100	153	1.38198
100	158	1.38219
100	161	0.451044
100	165	1.33931
100	167	1.35135
100	169	1.34431
100	172	1.30259
100	173	1.25979
100	174	1.36451
100	177	1.28335
100	178	1.26061
100	179	1.31928
100	180	1.30594
101	1	1.3444
101	23	1.38252
101	35	1.31599
101	49	1.33591
101	57	0.499139
101	61	0.424269
101	66	1.28072
101	91	1.32807
101	93	1.39714
101	95	1.32445
101	106	1.32559
101	107	1.3254
101	109	1.3252
101	126	0.519807
101	135	0.499101
101	137	1.31425
101	146	0.534233
101	149	1.32615
101	155	0.497675
101	156	1.35889
101	158	0.512485
101	166	1.32408
101	173	0.605061
101	179	0.556184
101	180	0.56518
102	15	1.2706
102	24	1.39118
102	39	1.32614
102	55	1.25627
102	63	1.41239
102	69	1.36271
102	82	1.27727
102	83	0.581543
102	90	1.27843
102	111	1.38224
102	124	0.521868
102	128	1.29385
102	130	1.42051
102	137	1.31266
102	144	1.35952
102	154	0.509255
102	159	0.443829
102	162	1.32464
102	167	0.521077
102	168	1.33817
102	171	0.494487
102	176	0.457446
102	177	0.566288
102	178	0.592619
102	180	0.552659
103	9	0.383537
103	19	0.549472
103	88	1.29458
103	105	1.37479
103	106	0.511353
103	114	0.524046
103	120	0.521545
103	129	0.493971
103	133	1.28464
103	139	0.504631
103	142	0.497757
103	146	1.31903
103	149	0.502794
103	151	0.502749
103	154	1.32049
103	155	1.34012
103	159	1.38264
103	165	1.3015
103	167	1.31354
103	169	1.3065
103	170	1.32374
103	173	1.22198
103	177	1.24554
103	178	1.2228
103	179	1.28147
103	180	1.26813
104	9	1.29576
104	21	1.4233
104	26	1.33687
104	36	1.26201
104	40	1.26786
104	44	1.35968
104	52	1.30279
104	54	1.26187
104	68	1.29369
104	84	1.31695
104	88	0.588754
104	92	0.50539
104	97	1.29639
104	121	1.23845
104	123	1.31745
104	134	0.503977
104	137	0.524375
104	153	0.504358
104	160	0.549145
104	161	1.28237
104	162	1.27641
104	171	1.26918
104	172	0.559886
104	176	0.478117
104	177	0.586959
104	178	0.61329
105	18	0.517837
105	34	0.448626
105	56	0.469362
105	59	0.475478
105	60	0.504239
105	89	0.541127
105	103	1.37479
105	121	0.481457
105	131	0.483396
105	132	0.461517
105	136	0.427628
105	148	0.453945
105	155	1.38239
105	159	1.42491
105	163	1.42671
105	165	1.34378
105	167	1.35582
105	169	1.34878
105	170	1.36602
105	172	1.30706
105	173	1.26426
105	174	1.36897
105	176	1.44638
105	177	1.28782
105	178	1.26508
105	179	1.32374
105	180	1.31041
106	1	1.36073
106	23	1.39885
106	35	1.33232
106	49	1.35224
106	52	1.36895
106	66	1.29705
106	91	1.3444
106	92	0.487697
106	93	1.41347
106	95	1.34078
106	101	1.32559
106	103	0.511353
106	107	1.34173
106	109	1.34153
106	126	0.510263
106	137	1.33058
106	149	1.34248
106	155	0.488131
106	156	1.37522
106	163	0.472862
106	165	0.52744
106	166	1.34041
106	167	0.524054
106	173	0.595517
106	174	0.507965
106	175	0.555248
106	176	0.460424
107	1	1.36055
107	23	1.39866
107	35	1.33214
107	49	1.35205
107	52	1.36876
107	55	0.52907
107	66	1.29687
107	77	0.484749
107	91	1.34422
107	93	1.41329
107	95	1.34059
107	101	1.3254
107	106	1.34173
107	109	1.34134
107	117	0.520527
107	124	0.527236
107	137	1.3304
107	149	1.3423
107	155	0.490521
107	156	1.37503
107	159	0.449197
107	166	1.34022
107	168	0.482688
107	170	0.500342
107	171	0.499855
107	173	0.597907
107	175	0.557639
108	6	1.20677
108	31	1.35822
108	55	0.534565
108	57	0.497481
108	86	1.38181
108	110	1.34366
108	115	1.38803
108	125	1.29814
108	129	1.39743
108	131	1.31365
108	142	1.41806
108	145	1.38534
108	147	1.32202
108	148	1.3531
108	150	0.506048
108	151	1.38221
108	156	1.39683
108	157	1.36743
108	162	0.492072
108	163	0.480748
108	164	0.495473
108	170	0.505838
108	171	0.50535
108	172	0.550079
108	175	1.29124
108	176	0.468309
108	178	0.603483
109	1	1.36034
109	23	1.39846
109	35	1.33194
109	43	0.500474
109	49	1.35185
109	52	1.36856
109	55	0.534339
109	66	1.29666
109	91	1.34402
109	93	1.41308
109	95	1.34039
109	100	0.477415
109	101	1.3252
109	106	1.34153
109	107	1.34134
109	137	1.3302
109	146	0.532349
109	149	1.34209
109	155	0.495791
109	156	1.37483
109	166	1.34002
109	169	0.51549
109	170	0.505612
109	171	0.505124
109	174	0.515625
109	176	0.468083
109	180	0.563296
110	20	1.30777
110	76	1.3232
110	86	1.34032
110	99	0.493637
110	108	1.34366
110	113	1.30025
110	115	1.34655
110	125	1.25666
110	129	1.35595
110	131	1.27216
110	135	0.522751
110	138	0.502973
110	139	1.32924
110	140	0.52421
110	142	1.37658
110	145	1.34386
110	147	1.28053
110	148	1.31162
110	151	1.34073
110	154	0.545426
110	155	0.521325
110	157	1.32595
110	163	0.506056
110	168	0.513492
110	170	0.531146
110	172	0.575387
110	173	0.628711
110	175	1.24975
111	5	0.450178
111	15	1.34678
111	24	1.46736
111	39	1.40232
111	50	1.27557
111	52	1.4272
111	61	0.389176
111	63	1.48857
111	69	1.43889
111	82	1.35345
111	90	1.3546
111	91	1.40265
111	102	1.38224
111	123	1.44186
111	128	1.37002
111	134	0.460735
111	144	1.4357
111	146	0.49914
111	150	0.472613
111	160	0.505903
111	162	1.40082
111	163	0.447313
111	168	1.41435
111	172	0.516644
111	174	0.482416
111	175	0.529699
111	177	0.543716
111	178	0.570048
112	28	0.591739
112	29	0.563886
112	30	0.670958
112	62	0.640507
112	65	0.637284
112	68	0.579881
112	124	1.18414
112	127	1.2418
112	128	0.626606
112	133	1.16201
112	135	1.23422
112	136	0.594818
112	151	0.613466
112	154	1.19785
112	160	1.18322
112	163	1.26179
112	165	1.17886
112	167	1.19091
112	169	1.18386
112	170	1.20111
112	171	1.208
112	172	1.14215
112	173	1.09934
112	174	1.20406
112	177	1.1229
112	178	1.10017
112	179	1.15883
112	180	1.14549
113	10	1.33917
113	28	1.37817
113	83	0.598431
113	86	1.3384
113	110	1.30025
113	115	1.34462
113	121	1.28282
113	124	0.538756
113	125	1.25473
113	129	1.35402
113	131	1.27024
113	134	0.500194
113	137	0.520592
113	139	1.32732
113	140	0.504926
113	142	1.37465
113	145	1.34193
113	147	1.27861
113	148	1.30969
113	151	1.3388
113	157	1.32402
113	158	0.516851
113	162	0.498096
113	168	0.494208
113	169	0.52174
113	173	0.609427
113	175	1.24782
113	179	0.56055
114	3	1.35584
114	29	1.37082
114	51	0.569828
114	64	1.2975
114	67	0.580969
114	78	1.31738
114	81	1.38323
114	89	1.22619
114	94	1.395
114	100	0.482448
114	103	0.524046
114	116	1.33797
114	118	1.30742
114	120	1.28032
114	122	1.28305
114	132	1.33384
114	136	1.34653
114	141	1.2951
114	143	1.29504
114	153	0.499358
114	162	0.496878
114	164	1.34734
114	166	0.499927
114	168	0.492991
114	169	0.520523
114	171	0.510157
114	175	1.23817
114	178	0.608289
115	28	1.42447
115	76	1.36758
115	83	0.56837
115	91	0.449817
115	108	1.38803
115	110	1.34655
115	113	1.34462
115	125	1.30103
115	129	1.40032
115	131	1.31654
115	137	0.490531
115	138	0.453629
115	139	1.37362
115	142	1.42095
115	145	1.38823
115	147	1.32491
115	148	1.35599
115	151	1.3851
115	153	0.470514
115	156	1.39972
115	157	1.37032
115	166	0.471084
115	171	0.481314
115	172	0.526043
115	174	0.491814
115	175	1.29412
115	177	0.553115
115	178	0.579446
115	179	0.530489
116	29	1.42978
116	78	1.37634
116	81	1.44219
116	85	0.58843
116	87	1.28811
116	89	1.28515
116	94	1.45396
116	99	0.456533
116	114	1.33797
116	118	1.36637
116	120	1.33928
116	122	1.34201
116	126	0.506353
116	132	1.39279
116	136	1.40549
116	138	0.46587
116	141	1.35405
116	143	1.354
116	153	0.482756
116	155	0.484222
116	156	0.42672
116	160	1.33806
116	164	1.4063
116	168	0.476389
116	170	0.494043
116	175	1.29712
116	178	0.591687
116	179	0.542731
116	180	0.551727
117	13	0.577783
117	26	0.50321
117	65	0.53335
117	77	1.34722
117	78	0.47945
117	93	0.48044
117	107	0.520527
117	120	0.528329
117	132	0.524773
117	135	1.33831
117	138	1.37193
117	139	0.511415
117	146	1.30047
117	149	0.509578
117	153	1.32562
117	158	1.32582
117	161	0.499425
117	162	1.31931
117	165	1.28295
117	167	1.29499
117	169	1.28795
117	170	1.30519
117	172	1.24623
117	173	1.20343
117	174	1.30814
117	177	1.22699
117	178	1.20425
117	179	1.26291
117	180	1.24958
118	29	1.39923
118	45	1.28599
118	64	1.32591
118	78	1.34579
118	89	1.2546
118	91	0.487042
118	94	1.42341
118	114	1.30742
118	116	1.36637
118	120	1.30873
118	122	1.31146
118	132	1.36224
118	135	0.510632
118	136	1.37494
118	138	0.490854
118	141	1.3235
118	143	1.32345
118	155	0.509206
118	160	1.30751
118	161	1.34549
118	162	0.50526
118	163	0.493937
118	164	1.37575
118	168	0.501373
118	170	0.519026
118	171	0.518539
118	172	0.563268
118	173	0.616591
118	175	1.26657
118	180	0.576711
119	2	0.527601
119	11	1.19124
119	14	0.559006
119	20	0.580889
119	46	0.512033
119	71	0.586344
119	87	0.598718
119	96	0.52917
119	100	1.30384
119	122	0.582056
119	129	0.526087
119	134	1.29487
119	143	0.555046
119	146	1.25254
119	149	0.53491
119	159	1.31615
119	163	1.31795
119	164	1.30761
119	165	1.23501
119	166	1.26922
119	167	1.24706
119	169	1.24001
119	170	1.25726
119	172	1.1983
119	173	1.15549
119	174	1.26021
119	175	1.19843
119	177	1.17906
119	178	1.15632
119	179	1.21498
119	180	1.20165
120	3	1.35715
120	29	1.37213
120	43	0.503007
120	45	1.25889
120	55	0.536872
120	64	1.29881
120	78	1.31869
120	81	1.38455
120	87	1.23046
120	89	1.2275
120	103	0.521545
120	114	1.28032
120	116	1.33928
120	117	0.528329
120	118	1.30873
120	121	1.27447
120	122	1.28437
120	126	0.520455
120	132	1.33515
120	136	1.34784
120	141	1.29641
120	143	1.29635
120	155	0.498323
120	160	1.28041
120	161	1.31839
120	165	0.537632
120	170	0.508144
120	174	0.518157
120	177	0.579458
120	178	0.605789
120	179	0.556832
121	40	1.29672
121	44	1.38853
121	45	1.25173
121	84	1.34581
121	92	0.514274
121	97	1.32525
121	104	1.23845
121	105	0.481457
121	113	1.28282
121	120	1.27447
121	132	1.32799
121	133	0.563481
121	136	1.34068
121	141	1.28925
121	142	1.35914
121	143	1.28919
121	147	1.2631
121	148	1.29418
121	151	1.32329
121	152	0.49926
121	157	1.30851
121	158	0.529518
121	162	1.30526
121	165	0.554017
121	167	0.550631
121	171	1.29804
121	174	0.534542
121	176	0.487001
121	177	0.595843
121	179	0.573217
121	180	0.582213
122	45	1.26163
122	64	1.30155
122	78	1.32143
122	81	1.38728
122	87	1.2332
122	89	1.23024
122	91	0.504555
122	94	1.39905
122	114	1.28305
122	116	1.34201
122	118	1.31146
122	119	0.582056
122	120	1.28437
122	124	1.28407
122	132	1.33788
122	136	1.35058
122	141	1.29914
122	143	1.29909
122	152	0.511271
122	156	0.469217
122	160	1.28315
122	162	0.522773
122	163	0.51145
122	164	1.35139
122	166	0.525822
122	170	0.53654
122	171	0.536052
122	174	0.546553
122	175	1.24221
122	178	0.634184
122	179	0.585228
123	14	1.33293
123	34	1.38468
123	36	1.36986
123	38	1.36002
123	39	1.38576
123	40	1.37571
123	46	1.45973
123	47	1.33132
123	54	1.36972
123	67	1.44506
123	82	1.33689
123	90	1.33805
123	97	1.40424
123	104	1.31745
123	111	1.44186
123	127	0.499665
123	128	1.35347
123	133	0.528058
123	140	0.48217
123	144	1.41914
123	150	0.489316
123	152	0.463837
123	163	0.464016
123	164	0.478741
123	165	0.518593
123	169	0.498984
123	170	0.489106
123	171	1.37704
123	173	0.58667
123	174	0.499119
123	175	0.546402
124	4	0.46351
124	12	0.55845
124	14	1.2608
124	24	0.502461
124	36	0.535681
124	38	1.28789
124	46	1.3876
124	51	1.25918
124	55	1.24376
124	67	1.37293
124	82	0.555669
124	90	0.554793
124	102	0.521868
124	107	0.527236
124	112	1.18414
124	113	0.538756
124	122	1.28407
124	136	1.34755
124	141	1.29611
124	142	0.51125
124	143	1.29606
124	149	1.31204
124	151	0.516242
124	157	0.533056
124	161	1.3181
124	170	1.29801
124	174	1.30096
124	175	1.23918
124	177	1.21981
124	178	1.19707
124	179	1.25573
124	180	1.2424
125	13	1.23288
125	19	1.24454
125	20	1.26225
125	76	1.27769
125	86	1.2948
125	95	0.534578
125	100	0.515666
125	108	1.29814
125	110	1.25666
125	113	1.25473
125	115	1.30103
125	126	0.556173
125	129	1.31043
125	130	1.37305
125	131	1.22664
125	139	1.28373
125	142	1.33106
125	145	1.29834
125	148	1.2661
125	150	0.544073
125	151	1.29521
125	154	0.558142
125	156	1.30983
125	157	1.28043
125	163	0.518773
125	166	0.533145
125	168	0.526209
125	170	0.543862
125	173	0.641427
125	175	1.20423
125	179	0.59255
125	180	0.601547
126	23	0.495684
126	80	0.525944
126	92	1.33818
126	93	0.472566
126	101	0.519807
126	106	0.510263
126	116	0.506353
126	120	0.520455
126	125	0.556173
126	136	0.48301
126	145	0.500791
126	146	1.31163
126	148	0.509327
126	150	1.3291
126	152	1.36243
126	158	1.33697
126	159	1.37524
126	161	0.491551
126	163	1.37703
126	167	1.30614
126	168	1.34399
126	169	1.2991
126	170	1.31634
126	171	1.32324
126	172	1.25738
126	173	1.21458
126	174	1.3193
126	177	1.23814
126	178	1.2154
126	179	1.27406
126	180	1.26073
127	7	0.468722
127	16	1.2262
127	25	0.420862
127	46	0.477075
127	51	1.31685
127	72	0.505754
127	79	0.534614
127	93	0.470814
127	112	1.2418
127	123	0.499665
127	133	1.31657
127	136	0.481259
127	140	1.39144
127	143	0.520088
127	145	0.499039
127	146	1.35096
127	147	0.552301
127	148	0.507575
127	151	0.499907
127	152	1.40176
127	154	1.35242
127	160	1.33778
127	165	1.33343
127	168	1.38333
127	169	1.33843
127	170	1.35567
127	172	1.29671
127	173	1.25391
127	174	1.35863
127	177	1.27747
127	178	1.25473
127	179	1.3134
127	180	1.30006
128	15	1.25838
128	24	1.37897
128	25	1.37199
128	39	1.31392
128	41	0.756945
128	50	1.18718
128	52	1.3388
128	55	1.24406
128	63	1.40017
128	69	1.35049
128	82	1.26506
128	90	1.26621
128	91	1.31426
128	102	1.29385
128	111	1.37002
128	112	0.626606
128	123	1.35347
128	130	1.40829
128	137	1.30044
128	138	0.474316
128	144	1.34731
128	150	0.502698
128	159	0.451343
128	162	1.31242
128	163	0.477398
128	166	0.491771
128	168	1.32596
128	169	0.512366
128	171	0.502001
128	174	0.512501
128	175	0.559785
128	176	0.46496
128	180	0.560172
129	2	1.40127
129	6	1.21906
129	13	1.33217
129	19	1.34383
129	57	0.472212
129	76	1.37698
129	85	0.574957
129	86	1.39409
129	100	0.452373
129	103	0.493971
129	108	1.39743
129	110	1.35595
129	113	1.35402
129	115	1.40032
129	119	0.526087
129	125	1.31043
129	131	1.32593
129	133	0.519522
129	139	1.38302
129	140	0.473634
129	142	1.43035
129	145	1.39763
129	147	1.3343
129	148	1.36539
129	150	0.48078
129	151	1.3945
129	157	1.37972
129	159	0.429424
129	167	0.506672
129	168	0.462916
129	173	0.578134
129	175	1.30352
129	179	0.529258
129	180	0.538254
130	15	1.38504
130	34	1.43951
130	38	1.41484
130	46	1.51455
130	47	1.38615
130	51	0.512896
130	67	1.49989
130	69	1.47716
130	82	1.39172
130	83	0.540281
130	85	0.5481
130	95	0.444428
130	102	1.42051
130	125	1.37305
130	128	1.40829
130	137	1.4271
130	138	0.42554
130	139	1.44564
130	140	0.446777
130	147	1.39692
130	148	1.42801
130	149	1.439
130	151	1.45712
130	153	0.442426
130	154	0.467992
130	157	1.44234
130	159	0.402567
130	160	0.487213
130	164	0.443348
130	168	1.45262
130	169	0.463591
130	170	0.453712
130	179	0.5024
130	180	0.511397
131	2	1.31748
131	16	0.656375
131	20	1.27775
131	31	1.28673
131	55	0.555195
131	57	0.51811
131	76	1.29319
131	86	1.31031
131	98	1.34488
131	105	0.483396
131	108	1.31365
131	110	1.27216
131	113	1.27024
131	115	1.31654
131	125	1.22664
131	129	1.32593
131	134	0.5148
131	139	1.29923
131	142	1.34656
131	145	1.31385
131	147	1.25052
131	148	1.2816
131	151	1.31071
131	153	0.51518
131	154	0.540747
131	156	1.32533
131	157	1.29594
131	158	0.531456
131	163	0.501378
131	171	0.52598
131	175	1.21974
131	176	0.488939
131	178	0.624112
131	180	0.584151
132	3	1.41067
