1	6	0.91012
1	62	1.00385
1	72	1.0705
1	74	1.08547
1	84	0.988521
1	104	1.00344
1	140	1.01713
1	159	0.936356
1	173	1.03104
1	176	1.06995
1	177	0.964709
1	179	0.920699
2	69	0.949708
2	70	1.04448
2	73	1.0597
2	79	1.01437
2	86	0.931732
2	122	1.04265
2	126	1.06809
2	129	1.03878
2	147	0.928484
2	171	0.934064
2	173	0.941311
2	176	1.05204
3	13	0.938725
3	138	1.19015
3	143	0.854678
3	147	0.926227
3	165	0.920077
3	171	0.881134
3	172	1.19025
3	175	0.907748
3	177	0.883991
3	178	0.887449
3	179	1.20284
3	180	1.21322
4	11	0.916886
4	12	1.09518
4	39	0.993331
4	108	1.0529
4	109	0.964056
4	113	1.06575
4	117	1.05072
4	140	0.988123
4	144	1.02533
4	167	0.909757
4	172	0.89132
4	176	1.05315
5	39	0.984053
5	73	1.04199
5	80	0.982465
5	117	0.912314
5	151	1.00468
5	159	0.963597
5	162	1.0322
5	163	1.04011
5	166	0.948287
5	175	1.04168
5	177	1.01792
5	178	1.02138
6	1	0.91012
6	136	0.921915
6	148	1.00343
6	154	1.02154
6	161	0.986839
6	169	0.982495
6	170	1.02869
6	172	1.05774
6	174	1.03076
6	178	1.00256
6	179	1.02888
6	180	1.02895
7	61	0.962354
7	107	1.04732
7	131	0.980202
7	138	0.925166
7	156	0.99956
7	161	0.975426
7	165	1.06961
7	171	1.03067
7	176	0.982372
7	177	1.03353
7	178	1.03698
7	180	0.948232
8	37	0.989029
8	79	1.00716
8	85	1.00186
8	108	0.962096
8	119	1.07405
8	122	1.03544
8	126	1.06088
8	129	1.03157
8	147	0.930362
8	162	0.929638
8	168	0.935125
8	176	1.05392
9	83	0.988002
9	138	1.0217
9	145	1.01514
9	164	1.03716
9	166	0.921273
9	169	0.954158
9	172	1.05266
9	174	1.02568
9	177	0.964936
9	178	0.974226
9	179	1.0238
9	180	1.02387
10	83	0.971641
10	100	1.07884
10	110	0.969562
10	120	0.963521
10	140	0.999143
10	143	0.994309
10	155	0.971747
10	162	1.0379
10	168	1.042
10	171	1.02077
10	178	1.02708
10	180	0.914947
11	4	0.916886
11	12	0.927839
11	49	0.939102
11	53	0.944885
11	69	0.827925
11	73	0.894677
11	112	1.09429
11	113	0.898413
11	121	1.28311
11	138	1.18034
11	141	1.23412
11	155	0.849889
12	4	1.09518
12	11	0.927839
12	39	1.00428
12	69	1.00621
12	110	0.97188
12	113	1.0767
12	117	1.06167
12	148	0.969648
12	155	1.02818
12	172	0.8943
12	176	1.05613
12	179	0.906884
13	3	0.938725
13	68	1.00042
13	93	1.05095
13	146	0.934966
13	154	0.963482
13	157	0.924758
13	161	0.982255
13	170	0.98622
13	171	1.04354
13	175	1.07015
13	177	1.04639
13	178	1.04985
14	121	0.863
14	127	0.884191
14	130	0.921712
14	135	0.897986
14	143	1.25705
14	145	1.21133
14	152	0.897113
14	161	0.893079
14	166	0.919584
14	167	0.923358
14	172	1.15997
14	179	1.17256
15	41	0.986527
15	70	1.03267
15	85	0.997264
15	112	0.82693
15	119	1.06945
15	122	1.03084
15	126	1.05628
15	129	1.02697
15	140	1.00989
15	168	0.956123
15	174	0.934424
15	176	1.07492
16	30	1.0063
16	59	0.946023
16	66	0.877032
16	91	1.02839
16	151	1.02579
16	156	1.00506
16	160	1.04336
16	164	0.933076
16	171	1.03617
16	175	1.06279
16	176	0.987875
16	177	1.03903
17	47	0.908682
17	122	1.03603
17	124	1.03025
17	137	1.02866
17	145	1.02198
17	155	1.00829
17	162	0.946743
17	166	1.04216
17	171	0.953046
17	178	0.975077
17	179	1.03064
17	180	1.03071
18	36	0.997614
18	90	1.023
18	127	1.00282
18	135	1.01662
18	139	1.02718
18	149	1.06153
18	161	1.01171
18	163	0.915463
18	166	1.03821
18	167	1.04199
18	173	0.928507
18	178	0.943291
19	35	0.842174
19	53	0.904744
19	71	1.1088
19	113	0.953527
19	129	0.975466
19	139	1.02693
19	160	1.02913
19	166	1.03796
19	174	1.02831
19	177	1.0248
19	179	1.02644
19	180	1.02651
20	25	0.987858
20	95	1.00051
20	112	0.86337
20	153	0.994407
20	160	1.0311
20	162	1.04105
20	166	0.962459
20	169	1.03261
20	175	1.05052
20	177	1.02677
20	178	1.03022
20	180	0.972493
21	43	0.986067
21	45	1.07798
21	86	1.14845
21	119	0.853469
21	124	1.01461
21	144	1.00075
21	149	1.04984
21	160	0.925537
21	161	1.00002
21	166	1.02652
21	167	1.03029
21	172	0.892845
22	28	1.04172
22	62	1.02668
22	71	0.969131
22	84	1.01135
22	104	1.02627
22	128	1.07101
22	147	0.9354
22	160	0.929818
22	161	0.947287
22	162	0.934676
22	173	1.05387
22	176	1.05896
23	93	0.92589
23	94	0.942327
23	98	1.11344
23	113	1.03589
23	114	1.00358
23	117	1.02086
23	137	1.00741
23	152	0.998768
23	169	0.933759
23	174	1.01159
23	179	1.00972
23	180	1.00979
24	49	0.995641
24	72	1.03956
24	84	1.07979
24	119	1.02538
24	121	0.94025
24	126	1.04837
24	167	1.00061
24	170	0.985123
24	176	0.932521
24	177	0.983675
24	178	0.987133
24	179	0.985313
24	180	0.985384
25	20	0.987858
25	26	0.93384
25	77	1.0361
25	101	0.980284
25	103	1.01174
25	115	0.996196
25	118	0.93029
25	119	1.02866
25	147	0.994988
25	165	0.988838
25	172	1.06804
25	178	0.95621
25	179	1.08062
26	25	0.93384
26	33	1.09734
26	93	0.977303
26	124	1.04531
26	146	1.0068
26	163	0.994935
26	166	1.01686
26	169	0.978592
26	171	0.969892
26	174	1.02526
26	175	0.996506
26	177	0.972749
26	178	0.976207
27	63	0.944824
27	64	0.915542
27	89	0.903272
27	100	0.752209
27	150	1.13709
27	153	1.11885
27	156	0.870548
27	170	1.11072
27	173	1.0987
27	174	1.11278
27	177	0.829258
27	179	1.11091
27	180	1.11098
28	22	1.04172
28	35	1.12233
28	71	0.873635
28	74	1.01281
28	84	0.915856
28	104	0.930774
28	119	0.945419
28	140	0.944463
28	142	1.03122
28	151	1.0618
28	163	1.02285
28	173	0.95837
28	176	1.14663
29	57	1.04315
29	76	1.02979
29	124	0.964702
29	125	1.0309
29	144	0.950845
29	146	0.992334
29	147	1.05592
29	152	0.954143
29	161	0.950109
29	166	0.976615
29	167	0.980388
29	179	1.03023
29	180	1.04061
30	16	1.0063
30	58	0.975116
30	59	1.04535
30	108	0.982328
30	138	0.966902
30	160	1.05284
30	166	1.03308
30	168	1.06319
30	170	0.968813
30	172	0.997864
30	174	0.970879
30	179	0.969003
30	180	0.969074
31	115	0.980512
31	132	1.01103
31	133	0.994875
31	143	1.0898
31	144	0.954742
31	154	0.961648
31	156	1.09061
31	165	1.00047
31	170	0.968801
31	174	0.970866
31	177	1.04932
31	179	0.968991
31	180	0.969062
32	55	1.00993
32	123	0.990435
32	130	0.981091
32	135	0.957365
32	141	0.95474
32	149	1.00228
32	158	1.03561
32	161	0.952459
32	166	0.978964
32	167	0.982738
32	169	1.06397
32	173	1.06925
32	179	1.03074
33	26	1.09734
33	61	0.969567
33	67	0.963122
33	131	0.946591
33	133	0.992703
33	134	1.07137
33	149	1.00126
33	159	0.993034
33	171	1.07194
33	172	0.995681
33	174	0.968695
33	179	0.96682
33	180	0.966891
34	52	1.01184
34	63	1.15932
34	88	1.0316
34	146	0.99003
34	152	1.02591
34	158	1.00461
34	159	0.974242
34	162	1.02471
34	164	0.961381
34	170	0.947839
34	172	0.97689
34	179	0.948028
34	180	0.948099
35	19	0.842174
35	28	1.12233
35	71	1.04974
35	72	1.17394
35	84	1.09196
35	95	0.85483
35	104	1.10688
35	140	1.12057
35	147	0.842117
35	151	0.88085
35	173	1.13447
35	175	0.822435
35	176	0.965677
36	18	0.997614
36	40	0.917403
36	131	0.948599
36	150	0.995006
36	154	0.961485
36	157	0.990877
36	166	1.06781
36	169	1.1007
36	170	0.968638
36	172	0.997689
36	178	1.12076
36	179	0.968828
36	180	0.968899
37	8	0.989029
37	65	1.03371
37	73	0.97635
37	79	0.931023
37	88	0.909297
37	109	1.07824
37	119	0.997913
37	126	0.984746
37	129	0.955436
37	155	0.931562
37	176	1.16734
37	179	1.01809
37	180	1.02847
38	59	0.981342
38	75	1.12844
38	91	0.927039
38	96	0.985557
38	103	0.96845
38	114	1.09707
38	127	0.949173
38	132	0.978565
38	141	0.960342
38	146	1.00029
38	149	1.00788
38	167	0.98834
38	173	1.03253
39	4	0.993331
39	5	0.984053
39	12	1.00428
39	49	1.01555
39	53	1.02133
39	69	0.90437
39	99	1.05098
39	113	0.974859
39	117	0.95983
39	128	1.03223
39	155	0.926335
39	176	1.1452
39	179	0.995955
40	36	0.917403
40	57	1.09993
40	133	0.832193
40	148	0.872544
40	153	0.842075
40	155	0.876962
40	156	1.07902
40	158	1.12124
40	168	1.13136
40	169	1.11883
40	170	0.851321
40	175	1.13674
40	177	1.11298
41	15	0.986527
41	43	0.936723
41	65	1.0358
41	70	0.963234
41	79	0.93312
41	95	1.01909
41	119	1.00001
41	126	0.986843
41	129	0.957533
41	140	1.06491
41	171	1.01196
41	176	1.12994
41	179	0.980688
42	71	1.0364
42	84	1.07862
42	89	0.906531
42	107	0.823587
42	137	0.895391
42	143	0.873
42	145	1.12469
42	156	0.873807
42	166	1.14487
42	167	1.14864
42	178	0.841807
42	179	1.13335
42	180	1.13342
43	21	0.986067
43	41	0.936723
43	114	0.934257
43	119	1.01965
43	121	1.13056
43	129	0.977168
43	130	1.02932
43	133	1.00153
43	149	1.00107
43	167	1.04633
43	174	0.977522
43	178	0.977467
43	180	0.975718
44	58	1.09456
44	65	0.979971
44	88	0.998337
44	112	1.00839
44	134	0.977489
44	142	0.986619
44	151	0.953319
44	163	0.988745
44	166	1.10747
44	168	0.984937
44	169	0.972402
44	177	0.966559
44	178	0.970017
45	21	1.07798
45	52	0.871429
45	54	0.988785
45	55	0.887473
45	123	1.0809
45	135	1.04783
45	140	0.992495
45	141	1.04521
45	151	0.972698
45	152	1.04696
45	161	1.04293
45	166	1.06943
45	171	0.939545
45	177	0.952286
46	105	1.17116
46	115	1.08183
46	129	1.0965
46	133	0.950301
46	145	0.915756
46	154	0.917074
46	159	0.950631
46	160	1.12673
46	162	1.13159
46	164	0.937769
46	172	0.953278
46	174	0.926293
46	179	0.924417
46	180	0.924488
47	17	0.908682
47	72	0.908964
47	103	1.10506
47	112	0.848005
47	134	1.057
47	137	1.01727
47	144	0.978927
47	156	1.0121
47	170	0.988287
47	171	1.04321
47	174	0.955498
47	175	1.06982
47	177	1.04607
47	178	1.04952
48	104	0.950183
48	116	1.00072
48	143	0.981195
48	157	1.06966
48	160	0.916809
48	164	1.06096
48	165	0.89187
48	168	0.927154
48	170	1.04742
48	172	1.07647
48	174	1.04948
48	177	0.940712
48	179	1.04761
48	180	1.04768
49	11	0.939102
49	24	0.995641
49	39	1.01555
49	50	1.09305
49	53	1.13444
49	59	0.890759
49	69	1.01748
49	113	1.08797
49	115	0.853348
49	117	1.07294
49	134	0.908837
49	155	1.03944
49	176	1.02739
49	178	0.931443
50	49	1.09305
50	53	1.09883
50	56	0.913501
50	61	0.903201
50	69	0.981874
50	78	1.12056
50	113	1.05236
50	117	1.03733
50	140	0.962916
50	144	1.01194
50	153	0.910993
50	155	1.00384
50	175	0.884705
50	176	1.02795
51	86	1.28875
51	91	0.877318
51	118	1.09872
51	123	0.946316
51	124	0.922933
51	125	0.98913
51	145	1.0845
51	146	0.950565
51	149	0.958159
51	152	0.912374
51	161	0.90834
51	166	0.934845
51	169	1.07896
51	174	1.05448
52	34	1.01184
52	45	0.871429
52	70	1.06597
52	113	0.890934
52	121	1.01308
52	122	1.06414
52	129	1.06027
52	141	0.964089
52	156	1.02315
52	166	0.923343
52	167	0.928849
52	177	1.05711
52	179	1.05875
52	180	1.05882
53	11	0.944885
53	19	0.904744
53	39	1.02133
53	49	1.13444
53	50	1.09883
53	69	1.02326
53	89	0.997022
53	117	1.07872
53	128	0.915269
53	144	1.05333
53	155	1.04522
53	166	0.879345
53	175	0.885006
53	176	1.02825
54	45	0.988785
54	73	1.11098
54	101	1.03089
54	121	0.880746
54	123	0.948801
54	139	0.926299
54	141	0.913106
54	146	0.95305
54	161	0.910825
54	163	1.1567
54	166	0.93733
54	167	0.941104
54	173	1.16974
54	175	1.13723
55	32	1.00993
55	45	0.887473
55	70	0.902526
55	119	0.887079
55	135	0.958843
55	137	1.02602
55	143	1.0255
55	169	1.06066
55	171	1.05196
55	173	1.04425
55	174	0.947791
55	175	1.07857
55	177	1.05482
55	178	1.05827
56	50	0.913501
56	70	0.958132
56	145	0.984893
56	151	1.05907
56	157	1.0156
56	159	1.01977
56	160	1.01475
56	163	1.02012
56	170	0.993365
56	172	1.02242
56	173	0.981345
56	174	0.99543
56	177	1.03866
56	179	0.993555
56	180	0.993626
57	29	1.04315
57	40	1.09993
57	139	0.981665
57	140	0.954128
57	145	1.01153
57	158	0.98686
57	159	0.988418
57	161	1.01034
57	165	1.01469
57	168	0.996985
57	169	0.98445
57	172	0.960177
57	175	1.00236
57	177	0.978607
57	178	0.982065
58	30	0.975116
58	44	1.09456
58	111	0.99426
58	138	0.998948
58	139	0.956182
58	143	1.03177
58	148	0.975596
58	153	1.00899
58	157	1.0231
58	159	1.02726
58	168	0.97773
58	173	0.988839
58	175	0.953286
58	179	1.00105
58	180	1.00112
59	16	0.946023
59	30	1.04535
59	38	0.981342
59	49	0.890759
59	75	1.10688
59	96	1.01574
59	121	0.958169
59	125	1.06904
59	139	1.00372
59	161	0.988248
59	166	1.01475
59	167	1.01853
59	171	1.00373
59	173	1.01097
59	176	0.95044
60	67	0.901009
60	73	0.958321
60	92	1.07869
60	131	0.974806
60	139	0.987466
60	143	1.06306
60	148	0.969583
60	157	1.01708
60	159	1.02125
60	164	1.00839
60	170	0.994846
60	172	1.0239
60	177	1.02257
60	179	0.995035
60	180	0.995106
61	7	0.962354
61	33	0.969567
61	50	0.903201
61	76	1.01638
61	89	1.10237
61	110	0.98401
61	122	0.954892
61	143	1.06884
61	164	1.01104
61	168	1.0148
61	170	0.997493
61	172	1.02654
61	174	0.999559
61	179	0.997683
61	180	0.997754
62	1	1.00385
62	22	1.02668
62	68	1.10229
62	71	0.858593
62	72	0.982795
62	78	1.0499
62	81	1.08381
62	84	0.900814
62	100	0.981517
62	104	0.915732
62	109	0.957537
62	118	1.06755
62	128	0.960477
62	173	0.943328
62	176	1.16381
62	179	1.01456
63	27	0.944824
63	34	1.15932
63	96	1.14591
63	98	0.996804
63	101	1.01908
63	111	0.947249
63	137	0.924358
63	142	0.973215
63	160	0.957485
63	165	0.989241
63	168	0.971533
63	171	0.950298
63	175	0.976912
63	177	0.953155
63	178	0.956613
63	180	1.1298
64	27	0.915542
64	68	0.910909
64	84	1.09259
64	99	0.925361
64	100	1.01211
64	115	1.00033
64	129	1.08001
64	134	0.967816
64	137	0.92809
64	152	1.1163
64	160	0.961216
64	162	0.971166
64	164	1.0898
64	169	0.962729
64	174	1.09889
64	178	0.960344
65	37	1.03371
65	41	1.0358
65	44	0.979971
65	79	1.05183
65	85	1.04654
65	108	0.890109
65	110	0.897682
65	119	1.11872
65	120	1.05141
65	121	0.922769
65	122	1.08011
65	126	1.10556
65	129	1.07625
65	145	0.871459
65	163	0.858158
65	176	0.981935
66	16	0.877032
66	73	0.883226
66	80	1.03827
66	87	0.816716
66	105	0.967999
66	114	1.00652
66	131	1.04969
66	138	1.06781
66	148	1.04446
66	157	1.09196
66	159	1.09613
66	162	0.928432
66	163	0.92894
66	174	1.07179
66	179	1.06992
66	180	1.06999
67	33	0.963122
67	60	0.901009
67	105	1.02861
67	124	0.911086
67	134	1.08147
67	144	0.914469
67	145	0.921062
67	151	1.0573
67	156	1.03658
67	159	0.897946
67	160	1.07487
67	165	1.10663
67	166	0.882636
67	169	1.07639
67	171	1.06769
67	177	1.07054
68	13	1.00042
68	62	1.10229
68	64	0.910909
68	93	0.950237
68	103	1.00467
68	106	1.0341
68	120	1.10653
68	138	1.03489
68	157	1.02766
68	158	0.953935
68	161	1.08515
68	168	0.964061
68	169	0.951526
68	175	0.96944
68	177	0.945683
68	178	0.949141
69	2	0.949708
69	11	0.827925
69	12	1.00621
69	39	0.90437
69	49	1.01748
69	50	0.981874
69	53	1.02326
69	86	1.24977
69	108	0.963942
69	113	0.976789
69	117	0.96176
69	144	0.936369
69	165	1.00192
69	173	1.04527
69	176	1.156
69	179	1.00676
70	2	1.04448
70	15	1.03267
70	41	0.963234
70	52	1.06597
70	55	0.902526
70	56	0.958132
70	77	1.02923
70	85	0.973972
70	108	0.980752
70	119	1.04616
70	122	1.00755
70	126	1.03299
70	129	1.00368
70	170	0.96487
70	173	0.961845
70	176	1.07258
70	177	0.967339
71	19	1.1088
71	22	0.969131
71	28	0.873635
71	35	1.04974
71	42	1.0364
71	62	0.858593
71	72	0.925248
71	74	0.940218
71	104	0.858185
71	109	0.899991
71	128	0.90293
71	147	1.10875
71	148	1.14582
71	173	0.885782
71	176	1.23231
71	177	1.12707
71	179	1.08306
72	1	1.0705
72	24	1.03956
72	35	1.17394
72	47	0.908964
72	62	0.982795
72	71	0.925248
72	74	1.06442
72	84	0.967469
72	104	0.982387
72	106	0.908585
72	107	0.957139
72	111	0.969041
72	128	1.02713
72	140	0.996076
72	168	0.952511
72	173	1.00998
72	176	1.07131
73	2	1.0597
73	5	1.04199
73	11	0.894677
73	37	0.97635
73	54	1.11098
73	60	0.958321
73	66	0.883226
73	82	0.95055
73	113	1.04354
73	117	1.02851
73	119	1.06137
73	126	1.0482
73	148	1.00236
73	162	1.03001
73	177	1.01573
73	179	0.939601
73	180	0.949982
74	1	1.08547
74	28	1.01281
74	71	0.940218
74	72	1.06442
74	84	0.982439
74	104	0.997357
74	109	1.03916
74	128	1.0421
74	137	1.02973
74	140	1.01105
74	153	0.955146
74	172	0.910266
74	173	1.02495
74	175	0.928858
74	176	1.0721
74	178	0.97615
74	180	0.933232
75	38	1.12844
75	59	1.10688
75	77	0.943511
75	114	1.19731
75	150	0.942612
75	153	0.924373
75	159	0.942648
75	160	1.11437
75	161	1.13184
75	164	0.929786
75	168	1.12471
75	170	0.916244
75	172	0.945295
75	173	0.904225
75	174	0.918309
75	179	0.916434
75	180	0.916505
76	29	1.02979
76	61	1.01638
76	80	0.981982
76	115	0.934606
76	132	1.05567
76	136	0.932053
76	138	1.01153
76	142	0.993242
76	157	1.03568
76	165	0.954568
76	170	1.01344
76	172	1.04249
76	174	1.01551
76	175	0.965408
76	177	1.00341
76	179	1.01363
76	180	1.0137
77	25	1.0361
77	70	1.02923
77	75	0.943511
77	105	0.979845
77	106	1.03897
77	122	1.0274
77	129	1.02353
77	139	1.0225
77	151	0.979735
77	156	1.00061
77	165	0.91048
77	166	1.03353
77	167	1.03731
77	171	0.946581
77	177	0.959322
77	179	1.02201
77	180	1.02208
78	50	1.12056
78	62	1.0499
78	84	1.03458
78	104	1.04949
78	113	1.11547
78	116	0.988093
78	117	1.10044
78	126	0.859466
78	129	0.878309
78	132	0.872979
78	133	0.910844
78	138	0.875747
78	142	1.10772
78	145	0.927205
78	156	1.0537
78	172	0.875847
78	173	1.07709
78	178	1.09112
79	2	1.01437
79	8	1.00716
79	37	0.931023
79	41	0.93312
79	65	1.05183
79	85	0.943858
79	90	1.0998
79	119	1.01604
79	120	0.948726
79	122	0.977433
79	126	1.00288
79	129	0.973565
79	135	0.986589
79	170	1.00833
79	173	1.0053
79	175	0.972793
79	176	1.11603
79	178	1.02009
80	5	0.982465
80	66	1.03827
80	76	0.981982
80	88	1.04685
80	135	1.01417
80	140	0.93717
80	153	0.971226
80	155	1.06155
80	156	1.07967
80	159	0.9895
80	167	1.00022
80	171	1.02564
80	172	0.992148
80	173	0.951077
80	174	0.965162
80	177	1.03838
80	179	0.963287
80	180	0.963358
81	62	1.08381
81	104	1.08258
81	105	0.940349
81	112	0.930353
81	123	1.01852
81	138	1.01641
81	143	0.952967
81	151	0.96904
81	160	0.986609
81	162	0.996559
81	165	1.01837
81	166	1.02944
81	168	1.00066
81	169	0.988122
81	171	0.979423
81	177	0.982279
81	178	0.985737
81	179	1.02909
82	73	0.95055
82	86	1.21381
82	99	1.02581
82	124	0.975673
82	125	1.04187
82	139	0.976554
82	141	0.963362
82	146	1.00331
82	147	0.99648
82	149	1.0109
82	150	0.965039
82	151	1.03521
82	152	0.965114
82	161	0.961081
82	166	0.987586
82	167	0.991359
82	176	0.923273
82	178	1.02409
83	9	0.988002
83	10	0.971641
83	92	1.12705
83	123	0.993945
83	124	0.970562
83	125	1.03676
83	127	0.947081
83	130	0.984601
83	135	0.960875
83	136	0.99957
83	146	0.998194
83	149	1.00579
83	152	0.960003
83	161	0.955969
83	164	1.02659
83	167	0.986248
83	173	1.06543
83	179	1.02692
84	1	0.988521
84	22	1.01135
84	24	1.07979
84	28	0.915856
84	35	1.09196
84	42	1.07862
84	62	0.900814
84	64	1.09259
84	72	0.967469
84	74	0.982439
84	78	1.03458
84	87	0.875543
84	104	0.900407
84	120	1.02125
84	173	0.928003
84	176	1.11154
84	177	1.0063
84	178	1.01559
85	8	1.00186
85	15	0.997264
85	65	1.04654
85	70	0.973972
85	79	0.943858
85	93	1.01213
85	111	1.03374
85	119	1.01075
85	120	0.943432
85	122	0.972138
85	126	0.997581
85	129	0.968271
85	145	1.02554
85	155	0.944396
85	158	0.991635
85	173	1.02528
85	176	1.13601
85	179	0.986764
86	2	0.931732
86	21	1.14845
86	51	1.28875
86	69	1.24977
86	82	1.21381
86	122	0.894795
86	125	1.13219
86	126	0.920238
86	129	0.890927
86	132	0.931445
86	149	1.16345
86	163	0.909955
86	164	0.902758
86	175	0.911525
86	176	0.836614
86	178	0.891227
86	179	0.889406
86	180	0.889477
87	66	0.816716
87	84	0.875543
87	121	1.0379
87	127	1.0591
87	128	0.909362
87	130	1.09662
87	134	0.903785
87	137	0.979975
87	139	1.08346
87	146	1.11021
87	149	1.1178
87	152	1.07202
87	166	1.09449
87	167	1.09826
87	168	0.903542
87	169	0.906324
87	170	0.914632
87	176	1.03018
88	34	1.0316
88	37	0.909297
88	44	0.998337
88	80	1.04685
88	101	1.13101
88	112	1.13907
88	142	0.884894
88	147	0.876741
88	148	1.05305
88	154	1.07116
88	164	1.09186
88	168	0.881503
88	169	0.884284
88	170	1.07831
88	171	0.882321
88	177	0.895062
88	179	1.0785
88	180	1.07857
89	27	0.903272
89	42	0.906531
89	53	0.997022
89	61	1.10237
89	92	0.935924
89	99	0.951595
89	103	1.04211
89	130	1.06671
89	131	1.12022
89	143	0.953807
89	154	1.09667
89	156	0.949153
89	158	0.991372
89	165	1.01921
89	171	0.980263
89	175	1.00688
89	177	0.98312
89	178	0.986578
90	18	1.023
90	79	1.0998
90	130	1.0817
90	138	1.08017
90	142	0.963409
90	147	0.985585
90	156	0.909382
90	157	1.07293
90	161	1.13043
90	162	0.957629
90	163	0.965535
90	165	0.979435
90	169	0.949192
90	171	0.940492
90	174	1.10161
90	175	0.967106
90	176	0.892194
90	177	0.943349
90	178	0.946807
91	16	1.02839
91	38	0.927039
91	51	0.877318
91	98	1.05265
91	99	1.10985
91	100	1.02178
91	116	1.15449
91	127	0.925056
91	128	1.09109
91	130	0.962577
91	135	0.938851
91	140	1.13904
91	141	0.936226
91	149	0.983764
91	152	0.937978
91	161	0.933945
91	166	0.96045
91	167	0.964223
91	180	1.06521
92	60	1.07869
92	83	1.12705
92	89	0.935924
92	120	1.11893
92	122	1.03052
92	133	1.08238
92	136	0.994767
92	137	0.915668
92	142	0.964525
92	143	0.915152
92	151	0.931225
92	152	1.08614
92	158	0.952717
92	163	0.966651
92	168	0.962843
92	174	1.06872
92	175	0.968222
92	177	0.944465
92	178	0.947923
93	13	1.05095
93	23	0.92589
93	26	0.977303
93	68	0.950237
93	85	1.01213
93	127	1.05471
93	136	1.04652
93	137	0.967418
93	148	1.04797
93	154	1.00401
93	156	0.962248
93	157	0.965285
93	158	1.00447
93	162	1.01049
93	164	0.984876
93	168	1.01459
93	175	1.01997
93	177	0.996215
93	178	0.999672
93	180	0.995588
94	23	0.942327
94	97	0.987339
94	115	1.0298
94	123	0.991066
94	130	0.990487
94	131	1.04399
94	132	0.986191
94	142	1.00641
94	144	1.03382
94	150	0.995891
94	160	0.990684
94	162	1.00063
94	163	1.00854
94	164	1.00131
94	165	1.02244
94	169	0.992197
94	173	0.975783
94	175	1.01011
94	177	0.986354
94	178	0.989812
95	20	1.00051
95	35	0.85483
95	41	1.01909
95	105	1.06278
95	107	1.03332
95	126	0.969279
95	133	1.02564
95	138	0.997652
95	144	0.985504
95	148	0.9743
95	150	1.02593
95	154	0.99241
95	157	1.0218
95	163	1.02372
95	172	1.02861
95	174	1.00163
95	176	0.94696
95	177	1.04225
95	179	0.999753
95	180	0.999824
96	38	0.985557
96	59	1.01574
96	63	1.14591
96	101	0.88599
96	118	1.03932
96	121	0.962384
96	123	1.03044
96	127	0.983574
96	129	0.976209
96	133	1.00874
96	141	0.994744
96	149	1.04228
96	150	0.980579
96	152	0.996496
96	157	0.966411
96	161	0.992463
96	166	1.01897
96	167	1.02274
96	175	0.992339
96	176	0.954655
97	94	0.987339
97	110	1.02615
97	114	0.952893
97	116	1.06081
97	131	1.0035
97	142	1.0127
97	147	1.03488
97	155	1.02833
97	157	0.941229
97	158	1.0009
97	159	0.976807
97	162	1.00692
97	168	1.01102
97	169	0.998488
97	170	1.00269
97	171	0.989788
97	172	0.948565
97	175	1.0164
97	177	0.992645
97	178	0.996103
98	23	1.11344
98	63	0.996804
98	91	1.05265
98	108	0.894651
98	121	1.0536
98	135	1.08858
98	140	0.921447
98	141	1.08596
98	144	1.08441
98	146	1.1259
98	150	0.831476
98	152	1.08771
98	156	0.922528
98	161	1.08368
98	166	1.11018
98	167	1.11395
98	170	0.878769
98	173	0.875744
98	179	0.837228
98	180	0.84761
99	39	1.05098
99	64	0.925361
99	82	1.02581
99	89	0.951595
99	91	1.10985
99	107	0.973929
99	127	1.08437
99	147	1.00237
99	158	0.968387
99	161	1.05244
99	162	0.974415
99	163	0.982321
99	165	0.996222
99	167	1.02072
99	168	0.978513
99	169	0.965978
99	171	0.957278
99	174	1.02362
99	177	0.960135
99	178	0.963593
99	180	1.02525
100	10	1.07884
100	27	0.752209
100	62	0.981517
100	64	1.01211
100	91	1.02178
100	132	0.911351
100	134	1.05781
100	136	1.09719
100	155	0.993985
100	156	1.01292
100	158	1.05514
100	160	1.05121
100	165	1.08297
100	167	0.932656
100	168	1.06526
100	171	1.04403
100	174	0.935555
100	176	0.995728
100	177	1.04688
100	179	0.926803
100	180	0.937184
101	25	0.980284
101	54	1.03089
101	63	1.01908
101	88	1.13101
101	96	0.88599
101	102	1.01541
101	134	0.890195
101	142	0.893343
101	148	1.02199
101	150	1.07362
101	153	1.05539
101	154	1.0401
101	156	0.944801
101	160	0.879608
101	163	0.884974
101	170	1.04726
101	172	1.07631
101	174	1.04932
101	176	0.994654
101	179	1.04745
101	180	1.04752
102	101	1.01541
102	104	1.05127
102	127	1.06729
102	133	0.988785
102	140	0.936784
102	143	1.08228
102	145	0.954239
102	148	0.937448
102	151	1.06221
102	153	0.97084
102	154	0.955558
102	156	1.08309
102	157	0.98495
102	159	0.989115
102	160	1.01789
102	164	0.976253
102	165	0.992954
102	174	0.964776
102	178	1.05109
102	179	0.962901
102	180	0.962972
103	25	1.01174
103	38	0.96845
103	47	1.10506
103	68	1.00467
103	89	1.04211
103	113	0.902213
103	125	0.863602
103	132	0.918823
103	141	0.975369
103	145	0.973048
103	149	0.894865
103	156	1.01668
103	157	0.914354
103	158	1.0589
103	162	1.06493
103	168	1.06903
103	170	0.975816
103	171	1.04779
103	175	1.07441
103	177	1.05065
103	178	1.05411
104	1	1.00344
104	22	1.02627
104	28	0.930774
104	35	1.10688
104	48	0.950183
104	62	0.915732
104	71	0.858185
104	72	0.982387
104	74	0.997357
104	78	1.04949
104	81	1.08258
104	84	0.900407
104	102	1.05127
104	109	0.95713
104	140	0.929013
104	152	1.03949
104	156	1.09862
104	172	1.00074
104	173	0.942921
104	175	1.01933
104	176	1.16257
105	46	1.17116
105	66	0.967999
105	67	1.02861
105	77	0.979845
105	81	0.940349
105	95	1.06278
105	110	1.08937
105	124	1.05317
105	136	1.00003
105	147	0.991966
105	154	1.04318
105	158	0.957982
105	160	0.95406
105	162	0.96401
105	163	0.971916
105	164	1.02404
105	165	0.985816
105	169	0.955573
105	171	0.946873
105	177	0.94973
105	178	0.953188
106	68	1.0341
106	72	0.908585
106	77	1.03897
106	107	0.981446
106	114	1.04942
106	126	0.917401
106	131	0.991667
106	134	0.977061
106	145	1.00324
106	148	0.986444
106	150	1.03807
106	154	1.00455
106	157	1.03395
106	162	0.971332
106	164	1.02525
106	169	0.979599
106	170	1.01171
106	172	1.04076
106	173	0.999687
106	174	1.01377
106	177	0.990377
106	180	1.01197
107	7	1.04732
107	42	0.823587
107	72	0.957139
107	95	1.03332
107	99	0.973929
107	106	0.981446
107	115	1.0489
107	122	0.965468
107	143	0.976142
107	151	0.992215
107	152	1.02109
107	154	1.01372
107	158	1.01371
107	163	1.02764
107	165	1.04154
107	168	1.02383
107	169	1.0113
107	174	1.00367
107	175	1.02921
107	177	1.00545
107	178	1.00891
107	179	0.994922
108	4	1.0529
108	8	0.962096
108	30	0.982328
108	65	0.890109
108	69	0.963942
108	70	0.980752
108	98	0.894651
108	113	1.03443
108	117	1.0194
108	126	0.988299
108	129	1.00714
108	135	1.03707
108	136	1.05692
108	139	1.02617
108	146	1.00755
108	154	1.00092
108	159	1.03447
108	160	1.01095
108	164	1.02161
108	171	1.00377
108	178	1.01008
108	180	1.00833
109	4	0.964056
109	37	1.07824
109	62	0.957537
109	71	0.899991
109	74	1.03916
109	104	0.95713
109	122	0.99054
109	130	1.00884
109	131	0.976706
109	139	1.0289
109	141	1.06109
109	142	1.01536
109	145	0.988274
109	149	0.980584
109	151	0.982058
109	160	0.999628
109	161	1.05757
109	164	1.01029
109	166	1.02034
109	173	0.984726
109	177	0.995298
109	179	0.996935
109	180	0.997006
110	10	0.969562
110	12	0.97188
110	61	0.98401
110	65	0.897682
110	97	1.02615
110	105	1.08937
110	118	0.957164
110	132	1.0233
110	133	1.00715
110	142	1.05868
110	143	1.10933
110	145	0.972601
110	148	0.95581
110	150	1.00744
110	153	0.989202
110	158	1.02971
110	159	1.00748
110	164	0.994615
110	171	1.05611
110	172	1.01012
110	176	0.92847
110	179	0.981263
110	180	0.981334
111	58	0.99426
111	63	0.947249
111	72	0.969041
111	85	1.03374
111	121	1.09691
111	124	1.03562
111	135	1.02663
111	137	0.956958
111	142	1.00581
111	143	0.956442
111	151	0.972515
111	160	0.990085
111	162	1.00003
111	163	1.00794
111	167	1.01268
111	168	1.00413
111	169	0.991598
111	171	0.982898
111	175	1.00951
111	177	0.985755
111	178	0.989213
111	179	1.00682
111	180	1.0172
112	11	1.09429
112	15	0.82693
112	20	0.86337
112	44	1.00839
112	47	0.848005
112	81	0.930353
112	88	1.13907
112	114	0.96415
112	116	1.00861
112	132	1.09754
112	142	0.894942
112	147	0.886789
112	148	1.03004
112	150	1.08168
112	153	1.06344
112	164	1.06885
112	168	0.891552
112	170	1.05531
112	172	1.08436
112	174	1.05737
112	176	1.00271
112	179	1.0555
112	180	1.05557
113	4	1.06575
113	11	0.898413
113	12	1.0767
113	19	0.953527
113	23	1.03589
113	39	0.974859
113	49	1.08797
113	50	1.05236
113	52	0.890934
113	69	0.976789
113	73	1.04354
113	78	1.11547
113	103	0.902213
113	108	1.03443
113	117	1.03225
113	118	0.980772
113	120	0.986736
113	136	0.900433
113	140	1.012
113	144	1.00686
113	155	0.998754
113	167	0.933634
113	176	1.07703
113	177	0.971791
114	23	1.00358
114	38	1.09707
114	43	0.934257
114	66	1.00652
114	75	1.19731
114	97	0.952893
114	106	1.04942
114	112	0.96415
114	128	0.958485
114	142	0.971968
114	147	0.994144
114	156	0.917942
114	160	0.956238
114	161	1.10047
114	162	0.966188
114	165	0.987995
114	168	0.970286
114	169	0.957751
114	170	1.10443
114	171	0.949052
114	175	0.975665
114	177	0.951908
114	178	0.955366
114	180	1.07327
115	25	0.996196
115	31	0.980512
115	46	1.08183
115	49	0.853348
115	64	1.00033
115	76	0.934606
115	94	1.0298
115	107	1.0489
115	127	1.00455
115	133	0.95746
115	151	1.02186
115	153	0.967342
115	157	0.915127
115	159	0.950704
115	160	1.03943
115	162	1.04938
115	169	1.04095
115	171	1.03225
115	173	1.02453
115	174	0.943799
115	175	1.05886
115	176	0.98395
115	177	1.0351
115	178	1.03856
116	48	1.00072
116	78	0.988093
116	91	1.15449
116	97	1.06081
116	112	1.00861
116	120	0.924728
116	122	1.03005
116	133	0.97393
116	138	0.945945
116	139	1.06841
116	150	0.974224
116	157	0.970095
116	159	0.97426
116	160	1.07961
116	164	0.961398
116	167	1.06536
116	170	0.947856
116	171	1.09077
116	172	0.976907
116	174	0.949921
116	175	1.06551
116	176	0.895254
116	179	0.948046
116	180	0.948117
117	4	1.05072
117	5	0.912314
117	12	1.06167
117	23	1.02086
117	39	0.95983
117	49	1.07294
117	50	1.03733
117	53	1.07872
117	69	0.96176
117	73	1.02851
117	78	1.10044
117	108	1.0194
117	113	1.03225
117	141	0.965311
117	144	0.991829
117	148	0.98698
117	153	0.956512
117	155	0.983724
117	162	0.949182
117	165	0.919384
117	175	0.930224
117	176	1.07347
117	178	0.977516
117	180	0.934598
118	25	0.93029
118	51	1.09872
118	62	1.06755
118	96	1.03932
118	110	0.957164
118	113	0.980772
118	119	1.01484
118	122	0.976226
118	124	1.04163
118	126	1.00167
118	127	1.08234
118	129	0.972358
118	132	1.01288
118	134	0.980129
118	139	1.02174
118	146	1.00312
118	151	0.95596
118	152	1.039
118	155	0.948484
118	158	0.977452
118	167	1.01869
118	168	0.987577
118	170	0.970647
118	174	0.972712
118	179	0.970837
118	180	0.970908
119	8	1.07405
119	15	1.06945
119	21	0.853469
119	24	1.02538
119	25	1.02866
119	28	0.945419
119	37	0.997913
119	41	1.00001
119	43	1.01965
119	55	0.887079
119	65	1.11872
119	70	1.04616
119	73	1.06137
119	79	1.01604
119	85	1.01075
119	118	1.01484
119	122	1.04432
119	126	1.06977
119	129	1.04046
119	139	0.916785
119	153	0.940177
119	155	1.01658
119	167	0.913735
119	168	0.938333
119	172	0.895298
119	176	1.05713
120	10	0.963521
120	65	1.05141
120	68	1.10653
120	79	0.948726
120	84	1.02125
120	85	0.943432
120	92	1.11893
120	113	0.986736
120	116	0.924728
120	126	1.00245
120	133	0.997502
120	146	0.998859
120	152	0.960668
120	155	0.949265
120	157	0.993667
120	161	0.956634
120	162	1.04376
120	163	1.04427
120	166	0.983139
120	167	0.986913
120	168	1.04925
120	171	1.05007
120	173	0.959409
120	175	1.0248
120	179	0.971618
120	180	0.971689
121	11	1.28311
121	14	0.863
121	24	0.94025
121	43	1.13056
121	52	1.01308
121	54	0.880746
121	59	0.958169
121	65	0.922769
121	87	1.0379
121	96	0.962384
121	98	1.0536
121	111	1.09691
121	124	0.949481
121	127	0.926
121	130	0.963521
121	139	0.950362
121	141	0.937169
121	146	0.977113
121	152	0.938922
121	153	1.08222
121	161	0.934888
121	165	1.04509
121	166	0.961393
121	167	0.965167
121	171	1.08119
121	173	1.08844
121	180	1.06031
122	2	1.04265
122	8	1.03544
122	15	1.03084
122	17	1.03603
122	52	1.06414
122	61	0.954892
122	65	1.08011
122	70	1.00755
122	77	1.0274
122	79	0.977433
122	85	0.972138
122	86	0.894795
122	92	1.03052
122	107	0.965468
122	109	0.99054
122	116	1.03005
122	118	0.976226
122	119	1.04432
122	126	1.03116
122	129	1.00185
122	148	0.993152
122	155	0.977971
122	172	0.917804
122	173	0.968904
122	176	1.07964
122	179	0.930388
122	180	0.94077
123	32	0.990435
123	45	1.0809
123	51	0.946316
123	54	0.948801
123	81	1.01852
123	83	0.993945
123	94	0.991066
123	96	1.03044
123	125	1.08373
123	128	0.985535
123	130	1.03158
123	134	0.979959
123	135	1.00785
123	149	1.05276
123	152	1.00698
123	155	0.995574
123	159	0.964922
123	161	1.00294
123	162	0.97423
123	166	1.02945
123	167	1.03322
123	173	0.987781
123	174	0.958016
123	175	0.955272
123	176	0.965135
123	177	0.993275
123	178	1.00256
124	17	1.03025
124	21	1.01461
124	26	1.04531
124	29	0.964702
124	51	0.922933
124	67	0.911086
124	82	0.975673
124	83	0.970562
124	105	1.05317
124	111	1.03562
124	118	1.04163
124	121	0.949481
124	125	1.06035
124	128	1.02491
124	132	0.973188
124	135	0.984466
124	139	0.995033
124	141	0.981841
124	149	1.02938
124	152	0.983593
124	156	1.07394
124	161	0.97956
124	166	1.00606
124	167	1.00984
124	173	1.02716
124	176	0.941752
124	177	1.03265
124	179	0.98864
125	29	1.0309
125	51	0.98913
125	59	1.06904
125	82	1.04187
125	83	1.03676
125	86	1.13219
125	103	0.863602
125	123	1.08373
125	124	1.06035
125	135	1.05066
125	139	1.06123
125	140	0.973387
125	141	1.04804
125	146	1.08798
125	147	0.914858
125	150	0.883417
125	155	1.03839
125	156	0.974469
125	159	0.904826
125	161	1.04576
125	165	0.884336
125	166	1.07226
125	167	1.07604
125	172	0.876585
125	173	0.927685
125	176	1.00795
125	177	0.933179
125	178	0.942468
126	2	1.06809
126	8	1.06088
126	15	1.05628
126	24	1.04837
126	37	0.984746
126	41	0.986843
126	65	1.10556
126	70	1.03299
126	73	1.0482
126	78	0.859466
126	79	1.00288
126	85	0.997581
126	86	0.920238
126	95	0.969279
126	106	0.917401
126	108	0.988299
126	118	1.00167
126	119	1.06977
126	120	1.00245
126	122	1.03116
126	128	0.967147
126	129	1.02729
126	155	1.00341
126	162	0.955841
126	166	0.931224
126	168	0.961328
126	169	0.964109
126	173	0.969392
126	176	1.08013
127	14	0.884191
127	18	1.00282
127	38	0.949173
127	83	0.947081
127	87	1.0591
127	91	0.925056
127	93	1.05471
127	96	0.983574
127	99	1.08437
127	102	1.06729
127	115	1.00455
127	118	1.08234
127	121	0.926
127	128	1.06562
127	130	0.984711
127	135	0.960985
127	139	0.971552
127	141	0.95836
127	145	1.06812
127	146	0.998304
127	149	1.0059
127	158	1.03422
127	161	0.956079
127	165	1.02452
127	166	0.982584
127	167	0.986357
127	174	1.0381
127	176	0.918271
127	178	1.08265
128	22	1.07101
128	39	1.03223
128	53	0.915269
128	62	0.960477
128	71	0.90293
128	72	1.02713
128	74	1.0421
128	87	0.909362
128	91	1.09109
128	114	0.958485
128	123	0.985535
128	124	1.02491
128	126	0.967147
128	127	1.06562
128	130	0.984957
128	134	1.00917
128	138	0.997774
128	147	1.04047
128	149	0.956702
128	153	1.00781
128	155	1.06329
128	157	1.02192
128	163	1.02042
128	166	0.99646
128	169	1.00408
128	173	0.987666
128	176	0.947083
128	178	1.0017
128	179	0.999875
128	180	0.999946
129	2	1.03878
129	8	1.03157
129	15	1.02697
129	19	0.975466
129	37	0.955436
129	41	0.957533
129	43	0.977168
129	46	1.0965
129	52	1.06027
129	64	1.08001
129	65	1.07625
129	70	1.00368
129	77	1.02353
129	78	0.878309
129	79	0.973565
129	85	0.968271
129	86	0.890927
129	96	0.976209
129	108	1.00714
129	118	0.972358
129	119	1.04046
129	122	1.00185
129	126	1.02729
129	131	0.992071
129	144	0.9819
129	155	0.974104
129	163	0.975192
129	164	0.949389
129	173	0.988236
129	176	1.09897
130	14	0.921712
130	32	0.981091
130	43	1.02932
130	83	0.984601
130	87	1.09662
130	89	1.06671
130	90	1.0817
130	91	0.962577
130	94	0.990487
130	109	1.00884
130	121	0.963521
130	123	1.03158
130	127	0.984711
130	128	0.984957
130	135	0.998506
130	138	0.936002
130	139	1.00907
130	141	0.995881
130	146	1.03582
130	147	0.974376
130	149	1.04342
130	152	0.997633
130	158	0.953558
130	161	0.9936
130	166	1.0201
130	167	1.02388
130	173	0.987203
130	176	0.955792
130	177	0.992697
130	178	1.00199
131	7	0.980202
131	33	0.946591
131	36	0.948599
131	60	0.974806
131	66	1.04969
131	89	1.12022
131	94	1.04399
131	97	1.0035
131	106	0.991667
131	109	0.976706
131	129	0.992071
131	136	0.974846
131	137	1.10908
131	148	0.949253
131	150	1.00088
131	153	0.982646
131	154	0.967363
131	155	1.06938
131	157	0.996756
131	159	1.00092
131	160	1.0223
131	163	1.02767
131	164	0.988059
131	168	1.03264
131	170	0.974517
131	171	1.03346
131	172	1.00357
131	174	0.976582
131	176	0.921914
131	179	0.974706
131	180	0.974777
132	31	1.01103
132	38	0.978565
132	76	1.05567
132	78	0.872979
132	86	0.931445
132	94	0.986191
132	100	0.911351
132	103	0.918823
132	110	1.0233
132	112	1.09754
132	118	1.01288
132	124	0.973188
132	145	1.02831
132	148	1.01152
132	153	1.04491
132	154	1.02963
132	158	0.949261
132	159	1.06319
132	162	0.969355
132	164	1.05033
132	167	0.950243
132	168	0.974841
132	169	0.977622
132	170	1.03678
132	172	1.06584
132	173	1.02477
132	174	1.03885
132	175	0.950398
132	178	0.99769
132	179	1.03697
132	180	1.03705
133	31	0.994875
133	33	0.992703
133	40	0.832193
133	43	1.00153
133	46	0.950301
133	78	0.910844
133	92	1.08238
133	95	1.02564
133	96	1.00874
133	102	0.988785
133	110	1.00715
133	115	0.95746
133	116	0.97393
133	120	0.997502
133	136	0.954908
133	137	1.08914
133	148	0.995366
133	150	1.047
133	152	1.00842
133	154	1.01348
133	157	1.04287
133	158	0.987126
133	160	1.00236
133	164	1.03417
133	165	0.977423
133	170	1.02063
133	171	1.01352
133	172	1.04968
133	174	1.02269
133	175	0.988262
133	179	1.02082
133	180	1.02089
134	33	1.07137
134	44	0.977489
134	47	1.057
134	49	0.908837
134	64	0.967816
134	67	1.08147
134	87	0.903785
134	100	1.05781
134	101	0.890195
134	106	0.977061
134	118	0.980129
134	123	0.979959
134	128	1.00917
134	135	1.01034
134	137	0.973794
134	140	0.978111
134	142	1.02265
134	148	1.0533
134	150	0.984784
134	156	0.968624
134	160	1.00692
134	163	1.02478
134	164	0.990206
134	165	1.03868
134	168	1.02097
134	170	1.03208
134	171	0.999734
134	175	1.02635
134	177	1.00259
134	178	1.00605
134	179	0.990536
134	180	1.00092
135	14	0.897986
135	18	1.01662
135	32	0.957365
135	45	1.04783
135	55	0.958843
135	79	0.986589
135	80	1.01417
135	83	0.960875
135	91	0.938851
135	98	1.08858
135	108	1.03707
135	111	1.02663
135	123	1.00785
135	124	0.984466
135	125	1.05066
135	127	0.960985
135	130	0.998506
135	134	1.01034
135	139	0.985347
135	143	1.06414
135	146	1.0121
135	149	1.01969
135	152	0.973907
135	156	1.06495
135	161	0.969874
135	164	0.979315
135	166	0.996379
135	167	1.00015
135	170	1.02119
135	173	1.01816
135	176	0.932066
135	178	1.03295
135	180	0.990027
136	6	0.921915
136	76	0.932053
136	83	0.99957
136	92	0.994767
136	93	1.04652
136	100	1.09719
136	105	1.00003
136	108	1.05692
136	113	0.900433
136	131	0.974846
136	133	0.954908
136	137	1.01317
136	138	0.919811
136	143	1.01265
136	146	0.922782
136	147	1.0842
136	150	0.926743
136	155	0.999677
136	156	1.008
136	158	1.05022
136	162	1.05624
136	163	1.06415
136	164	0.932164
136	165	1.07805
136	168	1.06034
136	169	1.04781
136	172	0.919911
136	173	1.03139
136	174	0.941246
136	175	1.06572
136	176	0.990808
136	177	1.04196
136	180	0.942876
137	17	1.02866
137	23	1.00741
137	42	0.895391
137	47	1.01727
137	55	1.02602
137	63	0.924358
137	64	0.92809
137	74	1.02973
137	87	0.979975
137	92	0.915668
137	93	0.967418
137	111	0.956958
137	131	1.10908
137	133	1.08914
137	134	0.973794
137	136	1.01317
137	142	0.982924
137	143	0.933551
137	147	1.0051
137	151	0.949624
137	157	1.0468
137	159	1.08238
137	160	0.967194
137	161	1.1043
137	162	0.977144
137	165	0.99895
137	168	0.981242
137	169	0.968707
137	171	0.960007
137	174	1.07548
137	175	0.986621
137	178	0.966322
137	179	1.06673
137	180	1.07711
138	3	1.19015
138	7	0.925166
138	9	1.0217
138	11	1.18034
138	30	0.966902
138	58	0.998948
138	66	1.06781
138	68	1.03489
138	76	1.01153
138	78	0.875747
138	81	1.01641
138	90	1.08017
138	95	0.997652
138	116	0.945945
138	128	0.997774
138	130	0.936002
138	136	0.919811
138	141	0.988252
138	145	0.984173
138	147	0.972847
138	148	0.967382
138	150	1.01901
138	153	1.00077
138	154	0.985492
138	157	1.01488
138	159	1.01905
138	164	1.00619
138	165	0.942326
138	170	0.992645
138	172	1.0217
138	174	0.99471
138	175	0.953165
138	177	0.991168
138	179	0.992835
138	180	0.992906
139	18	1.02718
139	19	1.02693
139	54	0.926299
139	57	0.981665
139	58	0.956182
139	59	1.00372
139	60	0.987466
139	77	1.0225
139	82	0.976554
139	87	1.08346
139	108	1.02617
139	109	1.0289
139	116	1.06841
139	118	1.02174
139	119	0.916785
139	121	0.950362
139	124	0.995033
139	125	1.06123
139	127	0.971552
139	130	1.00907
139	135	0.985347
139	140	1.05296
139	141	0.982722
139	146	1.02267
139	149	1.03026
139	152	0.984474
139	153	1.00104
139	154	0.987549
139	159	0.984403
139	161	0.980441
139	166	1.00695
139	167	1.01072
139	173	1.00726
139	174	0.977497
139	176	0.942633
140	1	1.01713
140	4	0.988123
140	10	0.999143
140	15	1.00989
140	28	0.944463
140	35	1.12057
140	41	1.06491
140	45	0.992495
140	50	0.962916
140	57	0.954128
140	72	0.996076
140	74	1.01105
140	80	0.93717
140	91	1.13904
140	98	0.921447
140	102	0.936784
140	104	0.929013
140	113	1.012
140	125	0.973387
140	134	0.978111
140	139	1.05296
140	146	1.03435
140	155	1.11124
140	159	0.995033
140	161	1.08164
140	163	0.989368
140	164	0.982171
140	167	1.04991
140	168	0.98556
140	172	0.99768
140	173	0.95661
140	174	0.970695
140	175	0.990938
140	178	0.970639
140	179	0.968819
140	180	0.96889
141	11	1.23412
141	32	0.95474
141	38	0.960342
141	45	1.04521
141	52	0.964089
141	54	0.913106
141	82	0.963362
141	91	0.936226
141	96	0.994744
141	98	1.08596
