1	16	1.12221
1	107	1.02288
1	121	1.0124
1	123	1.03831
1	142	0.929176
1	158	1.04601
1	159	1.02209
1	161	0.939045
1	162	1.03288
1	167	1.02671
1	171	0.930379
1	180	0.882243
2	49	0.986686
2	109	1.02267
2	140	0.902048
2	149	1.04262
2	155	1.00595
2	156	1.03708
2	157	1.03234
2	160	1.04296
2	162	1.02333
2	164	0.932616
2	167	1.01717
2	175	0.968026
3	18	0.946143
3	88	1.02671
3	93	0.991224
3	145	1.02614
3	149	0.955889
3	156	0.950161
3	157	0.947197
3	169	1.03404
3	174	1.01485
3	176	1.03742
3	178	1.03754
3	179	1.02426
4	72	0.975652
4	103	0.905667
4	106	1.0048
4	113	1.04331
4	120	1.01534
4	139	1.00853
4	141	1.02339
4	168	1.04281
4	176	0.956648
4	178	1.04206
4	179	1.02877
4	180	0.957385
5	76	0.960936
5	111	1.04339
5	113	1.03575
5	128	1.01576
5	135	0.929413
5	138	1.01123
5	143	0.974191
5	168	1.03526
5	173	1.02401
5	174	1.01181
5	177	0.92976
5	178	1.0345
6	11	0.934565
6	41	0.964277
6	128	1.02813
6	131	1.03053
6	132	0.94719
6	148	0.97581
6	156	0.970086
6	160	0.95764
6	172	1.05233
6	174	1.02418
6	178	1.04687
6	180	1.05453
7	136	1.03346
7	141	0.955353
7	152	1.00686
7	154	0.944659
7	169	1.02723
7	172	1.03619
7	173	0.970528
7	174	0.986487
7	175	1.02187
7	177	1.03669
7	178	0.937328
7	180	1.03839
8	54	0.964137
8	81	0.896229
8	96	0.998975
8	106	1.00878
8	116	0.999734
8	128	1.02729
8	141	1.02737
8	162	0.94428
8	173	1.03554
8	174	1.02334
8	178	1.04603
8	179	1.03275
9	30	0.99658
9	68	0.924344
9	110	1.03615
9	116	0.985639
9	135	0.922897
9	139	0.977902
9	153	1.03441
9	162	1.02179
9	167	1.01562
9	173	1.02862
9	178	1.03911
9	179	1.02583
10	28	0.871441
10	63	0.886445
10	108	1.07529
10	140	0.967905
10	154	1.02451
10	155	1.009
10	156	1.04013
10	157	1.03539
10	160	1.04602
10	162	1.02638
10	167	1.02022
10	177	1.00755
11	6	0.934565
11	75	1.00226
11	80	1.01908
11	104	1.05896
11	109	1.00254
11	134	1.04262
11	158	1.03126
11	159	1.00734
11	161	0.98187
11	165	0.946078
11	166	0.943164
11	170	1.03837
12	64	0.94277
12	139	1.01564
12	141	0.969262
12	144	1.01016
12	147	0.944874
12	153	0.92598
12	165	1.01592
12	169	1.02726
12	172	1.03622
12	176	1.03065
12	177	1.03672
12	180	1.03842
13	25	0.998316
13	54	0.96093
13	83	1.05764
13	96	0.995769
13	136	0.927619
13	147	1.03576
13	161	0.999801
13	168	1.03343
13	172	0.9313
13	173	1.02218
13	178	1.03267
13	179	1.01939
14	73	1.0244
14	127	1.00258
14	154	1.02277
14	157	1.03364
14	165	0.957597
14	167	1.01848
14	171	0.984723
14	172	0.930244
14	173	1.03147
14	176	0.93585
14	178	1.04196
14	179	1.02868
15	58	1.01026
15	76	1.00355
15	116	1.01461
15	117	0.884698
15	159	0.970365
15	164	1.05273
15	166	1.03991
15	167	0.95067
15	171	1.01096
15	173	0.974905
15	176	1.03522
15	180	1.04299
16	1	1.12221
16	129	1.2271
16	131	0.895307
16	136	1.20818
16	161	0.878775
16	163	1.24996
16	168	0.912401
16	170	0.914567
16	173	0.901151
16	174	0.888951
16	178	0.911646
16	179	0.898364
17	73	0.975956
17	74	0.982756
17	92	0.918577
17	93	1.02063
17	116	0.996282
17	121	1.00794
17	134	1.05291
17	146	1.01142
17	158	1.04155
17	159	1.01763
17	170	1.04866
17	177	0.933886
18	3	0.946143
18	53	0.929857
18	90	1.07389
18	93	1.0088
18	97	1.0125
18	137	1.0322
18	158	1.02972
18	159	1.00581
18	162	0.96
18	163	0.988329
18	166	0.974667
18	170	1.03684
19	89	0.765714
19	95	0.850898
19	104	0.761555
19	153	1.21267
19	154	1.19817
19	155	1.18266
19	156	1.21379
19	162	1.20005
19	163	0.820651
19	167	1.19388
19	172	0.78255
19	173	0.826604
20	23	0.994248
20	33	1.00553
20	67	0.9115
20	86	0.935592
20	117	1.07893
20	144	0.997129
20	161	1.00327
20	168	1.0369
20	173	1.02565
20	175	0.952942
20	178	1.03614
20	179	1.02286
21	59	0.989613
21	86	1.01616
21	92	0.926344
21	103	1.06346
21	134	1.04539
21	152	0.994642
21	158	1.03403
21	159	1.01011
21	162	0.948595
21	170	1.04114
21	171	0.993302
21	176	0.944428
22	108	1.00527
22	113	0.944011
22	125	1.01198
22	133	1.05365
22	154	1.02223
22	156	1.03785
22	157	1.03311
22	162	1.02411
22	167	1.01794
22	170	0.926909
22	175	0.963865
22	179	0.962162
23	20	0.994248
23	56	1.13229
23	100	0.941455
23	140	0.999207
23	142	0.970512
23	149	1.03045
23	158	1.04027
23	163	0.975772
23	166	0.990153
23	171	0.961205
23	172	0.991042
23	175	0.976721
23	180	0.993238
24	66	1.00721
24	74	0.961381
24	96	0.962022
24	136	0.98584
24	142	0.968034
24	151	0.969485
24	163	0.973294
24	168	1.02674
24	170	1.03491
24	177	0.989065
24	178	1.05355
24	179	1.07016
24	180	0.99076
25	13	0.998316
25	40	0.90807
25	50	1.06524
25	135	0.999463
25	152	0.962065
25	155	1.04175
25	159	1.07207
25	168	1.0166
25	169	0.982434
25	175	0.977075
25	176	0.98582
25	177	0.991896
25	180	0.993592
26	110	1.00916
26	147	1.02505
26	148	0.982813
26	149	0.985832
26	151	1.05783
26	153	0.97917
26	154	0.964672
26	157	0.975549
26	160	0.986178
26	162	0.966546
26	166	1.045
26	167	0.960383
26	173	1.06461
27	80	0.972241
27	93	0.963495
27	104	1.01212
27	107	0.961287
27	127	1.08939
27	136	1.01337
27	145	1.04158
27	146	0.954293
27	158	0.984415
27	159	0.960499
27	170	0.991529
27	175	1.04622
27	176	1.02266
28	10	0.871441
28	48	1.10608
28	65	0.843663
28	75	1.09652
28	86	1.10766
28	108	1.09323
28	154	0.850455
28	158	1.12552
28	172	1.13517
28	173	0.876324
28	174	0.892283
28	177	1.13567
28	179	0.859735
29	112	0.996589
29	124	0.997108
29	141	0.968906
29	144	0.948554
29	148	1.03072
29	150	1.02354
29	159	1.0758
29	161	0.954697
29	163	1.07439
29	164	1.00496
29	174	0.964873
29	178	0.987568
29	179	0.974286
30	9	0.99658
30	105	0.974801
30	111	1.04117
30	127	0.963944
30	128	1.063
30	136	0.984759
30	142	0.966954
30	165	0.967179
30	168	1.02575
30	172	0.987483
30	175	0.973163
30	176	0.981908
30	179	1.06918
31	85	1.02195
31	100	1.10348
31	101	1.00068
31	144	0.941523
31	160	1.00013
31	164	0.997927
31	165	1.05122
31	168	0.981292
31	170	0.983458
31	172	1.02387
31	173	0.970042
31	174	0.957842
31	179	0.967256
32	37	0.914122
32	78	0.953027
32	80	1.069
32	113	0.990906
32	147	0.992738
32	157	1.03066
32	167	1.06474
32	168	0.990408
32	173	0.979158
32	174	0.966958
32	175	1.07409
32	178	0.989653
32	179	0.976372
33	20	1.00553
33	110	1.0359
33	111	1.04675
33	146	0.947116
33	157	1.03304
33	158	0.977239
33	159	0.953322
33	164	0.998821
33	169	0.977928
33	170	0.984352
33	175	0.972568
33	179	1.07476
33	180	0.989085
34	91	1.11701
34	110	1.0164
34	133	1.01333
34	138	0.941899
34	140	0.990994
34	163	0.972101
34	165	0.967067
34	172	0.987371
34	175	0.973051
34	176	0.981796
34	177	0.987872
34	179	1.05527
34	180	0.989568
35	70	0.833051
35	83	0.888054
35	98	1.01264
35	106	0.992007
35	138	1.022
35	147	0.929412
35	163	1.0522
35	165	1.04717
35	169	1.05851
35	171	1.03763
35	175	1.05315
35	176	1.06189
35	177	1.06797
35	178	0.935776
36	94	0.920247
36	100	0.900917
36	103	1.07612
36	104	1.1005
36	127	0.926965
36	143	1.16876
36	151	0.931425
36	165	0.9302
36	170	1.11371
36	172	0.950504
36	175	0.936184
36	177	0.951005
36	178	1.13235
36	180	0.952701
37	32	0.914122
37	42	1.0356
37	69	1.15545
37	91	1.19494
37	117	0.983421
37	128	0.921894
37	141	0.92197
37	170	0.943553
37	172	1.10574
37	173	0.930137
37	174	0.917937
37	176	1.11135
37	178	0.940632
37	179	0.927351
38	97	1.15064
38	110	0.929079
38	125	1.13805
38	130	1.13119
38	134	1.06419
38	150	0.954898
38	158	1.10858
38	168	0.932792
38	169	0.928533
38	170	0.934957
38	176	0.931918
38	177	0.937995
38	178	0.932037
38	179	0.918755
39	50	0.931954
39	105	0.928451
39	108	0.969843
39	123	1.04968
39	149	1.06353
39	151	0.936549
39	153	1.05687
39	155	1.02686
39	156	1.05799
39	160	1.06387
39	162	1.04424
39	163	0.937374
39	167	1.03808
39	180	0.905616
40	25	0.90807
40	88	1.10146
40	129	0.921303
40	144	1.17083
40	147	1.10554
40	157	1.08678
40	163	0.928483
40	164	0.955685
40	165	0.923449
40	172	0.943753
40	175	0.929432
40	177	0.944253
40	179	1.12851
40	180	0.945949
41	6	0.964277
41	53	1.09568
41	91	1.20525
41	117	1.06989
41	127	0.915486
41	137	1.10911
41	145	0.922166
41	150	0.95643
41	166	0.938137
41	169	0.930065
41	170	1.10826
41	171	0.909189
41	175	0.924705
41	177	0.939527
42	37	1.0356
42	63	0.777132
42	79	0.975956
42	86	1.04432
42	94	0.958586
42	98	1.02298
42	103	1.09162
42	106	0.962488
42	107	1.03905
42	121	1.02857
42	134	1.07354
42	135	0.897886
42	158	1.06218
42	159	1.03826
43	97	1.03628
43	99	0.88119
43	112	0.920937
43	130	0.960765
43	135	1.07122
43	140	0.897096
43	146	1.02338
43	147	0.938397
43	158	1.05351
43	159	1.02959
43	174	0.993919
43	176	1.05758
43	177	1.06366
43	180	1.06535
44	121	0.968505
44	129	1.03817
44	144	0.965013
44	145	1.04376
44	146	0.946713
44	148	0.889658
44	150	1.07802
44	165	1.04032
44	167	0.915051
44	169	1.05166
44	171	1.03078
44	176	1.05504
44	178	0.906086
44	180	1.06282
45	55	1.19195
45	99	1.07227
45	102	1.09967
45	107	0.921094
45	112	1.11201
45	121	0.910612
45	137	0.946694
45	146	0.9141
45	149	1.11941
45	159	0.920306
45	163	0.938602
45	169	0.944912
45	176	0.948297
45	180	0.956069
46	66	1.08218
46	109	0.902576
46	134	1.07753
46	146	1.16915
46	147	0.943422
46	154	1.13586
46	155	1.12686
46	172	0.945795
46	173	0.929842
46	174	0.917642
46	177	0.946296
46	178	0.940338
46	179	0.927056
46	180	0.947991
47	66	1.02121
47	85	1.00396
47	90	1.04676
47	98	0.963389
47	118	0.943317
47	121	0.968975
47	131	1.03479
47	137	1.00506
47	158	1.00259
47	159	0.978669
47	164	0.996173
47	169	1.018
47	170	1.0097
47	177	1.00525
47	180	1.00876
48	28	1.10608
48	50	1.00484
48	96	0.971445
48	161	1.0353
48	163	0.982717
48	166	0.997098
48	168	0.956198
48	171	0.968149
48	173	1.01621
48	175	0.983666
48	176	0.992411
48	177	0.998487
48	178	0.983011
48	179	0.999621
48	180	1.00018
49	2	0.986686
49	82	0.963013
49	86	1.02519
49	123	1.01676
49	137	1.00643
49	142	0.989478
49	160	0.989627
49	163	0.994738
49	165	0.989704
49	166	1.00912
49	171	0.980171
49	172	1.01001
49	176	1.00443
49	177	1.01051
49	180	1.0122
50	25	1.06524
50	39	0.931954
50	48	1.00484
50	113	1.01383
50	128	0.993842
50	131	0.996242
50	157	0.983963
50	161	0.97971
50	168	1.01334
50	169	1.01381
50	173	1.00209
50	174	0.989886
50	177	1.00106
50	178	1.01258
50	179	0.999299
51	101	1.02606
51	111	1.0148
51	115	0.988935
51	127	1.04501
51	135	0.975166
51	141	0.98725
51	142	1.02596
51	165	1.00004
51	168	1.00667
51	169	0.988267
51	173	0.995417
51	174	0.983217
51	178	1.00591
51	179	0.992631
51	180	0.979025
52	104	0.96064
52	116	0.99
52	117	0.935482
52	138	0.970715
52	139	0.995606
52	144	1.05142
52	146	1.03312
52	157	0.967373
52	163	1.00092
52	165	0.995883
52	174	1.04165
52	175	1.00187
52	176	1.01061
52	177	1.01669
52	180	1.01838
53	18	0.929857
53	41	1.09568
53	106	0.974224
53	108	1.01574
53	119	0.99063
53	122	1.03646
53	137	1.00976
53	147	1.01456
53	150	0.93242
53	168	1.01223
53	171	0.999652
53	173	1.00098
53	174	0.988783
53	178	1.01148
53	179	0.998196
54	8	0.964137
54	13	0.96093
54	64	0.997561
54	135	1.02008
54	141	1.02405
54	144	1.06495
54	145	0.995156
54	151	0.992937
54	152	0.982686
54	157	0.980911
54	169	1.00305
54	171	0.982178
54	175	0.997695
54	177	1.01252
54	180	1.01421
55	45	1.19195
55	72	1.05712
55	99	0.979795
55	112	0.966537
55	117	1.0003
55	140	0.990154
55	145	1.05704
55	147	0.9606
55	149	1.02694
55	152	1.08833
55	161	0.924645
55	164	0.974906
55	173	0.94702
55	174	0.93482
55	178	0.957516
55	179	0.944234
56	23	1.13229
56	73	0.942945
56	87	1.0463
56	101	0.980657
56	140	0.993148
56	147	0.963594
56	150	1.04906
56	157	1.04755
56	168	0.961265
56	170	0.96343
56	172	1.06181
56	173	0.950014
56	174	0.937814
56	178	0.96051
56	179	0.947228
56	180	1.06815
57	92	1.03793
57	104	1.02942
57	121	1.12369
57	133	0.986092
57	143	0.933201
57	153	0.969173
57	154	0.954674
57	155	0.939167
57	156	0.970296
57	157	0.965552
57	160	0.97618
57	162	0.956548
57	167	0.950385
57	175	1.07958
57	177	1.05324
57	179	1.07788
58	15	1.01026
58	73	0.957812
58	107	1.10584
58	145	1.06948
58	148	0.974319
58	153	0.970676
58	154	0.956178
58	161	0.942506
58	162	0.958052
58	167	0.951889
58	171	1.09943
58	174	0.952681
58	175	1.07412
58	177	1.04778
58	178	0.975376
58	179	0.962095
59	21	0.989613
59	66	0.981985
59	85	0.964743
59	92	1.00946
59	103	0.992799
59	108	0.931068
59	109	1.10575
59	121	0.929753
59	134	0.974724
59	138	1.10624
59	146	0.933241
59	152	1.07776
59	158	0.963363
59	159	0.939447
59	161	1.08508
59	180	1.02828
60	98	1.02216
60	127	1.00678
60	143	0.993859
60	148	1.03347
60	149	1.03649
60	150	0.921692
60	154	1.01533
60	155	0.999825
60	156	1.03095
60	157	1.02621
60	160	1.03684
60	162	1.01721
60	163	0.972546
60	164	0.928203
60	167	1.01104
60	174	0.994458
60	175	0.963613
61	71	0.998387
61	105	1.02329
61	112	0.947959
61	119	0.981889
61	129	1.01352
61	131	0.993303
61	151	1.01689
61	153	0.946524
61	154	0.979113
61	165	1.01567
61	170	0.953139
61	171	1.00613
61	172	1.03597
61	175	1.02165
61	176	1.0304
61	179	0.988392
61	180	1.03817
62	70	0.868349
62	81	1.05917
62	122	1.05151
62	129	0.975464
62	130	1.0079
62	132	1.03345
62	137	0.953281
62	149	1.02834
62	154	1.00718
62	155	0.991673
62	156	1.0228
62	157	1.01806
62	160	1.02869
62	166	0.984659
62	167	1.00289
62	173	1.00427
62	180	0.966562
63	10	0.886445
63	42	0.777132
63	69	1.10219
63	82	0.796915
63	102	0.821961
63	107	0.908162
63	124	1.14891
63	158	0.851529
63	169	1.13475
63	170	0.839485
63	171	1.11388
63	172	1.14372
63	174	0.907287
63	175	1.1294
63	176	1.13814
63	177	1.14422
63	180	1.14591
64	12	0.94277
64	54	0.997561
64	118	0.908833
64	140	1.0591
64	144	0.987444
64	147	1.02954
64	151	1.00521
64	160	0.944187
64	161	0.993588
64	166	1.03103
64	168	1.02721
64	169	0.983516
64	170	1.02938
64	171	1.02241
64	174	1.00376
64	178	1.02646
64	179	1.01318
65	28	0.843663
65	67	1.04255
65	101	1.05134
65	155	0.996491
65	160	1.0335
65	161	0.998326
65	162	1.01387
65	165	1.00429
65	167	1.00771
65	169	0.992521
65	171	1.03142
65	172	0.976936
65	174	1.0085
65	176	0.982542
65	177	0.979767
65	178	1.0312
65	179	1.01792
66	24	1.00721
66	46	1.08218
66	47	1.02121
66	59	0.981985
66	68	1.04027
66	80	1.01422
66	86	1.00854
66	90	1.07057
66	96	0.994521
66	134	1.03776
66	146	0.996277
66	156	0.918755
66	158	1.0264
66	159	1.00248
66	164	0.923811
66	169	0.945638
66	177	0.932884
67	20	0.9115
67	65	1.04255
67	73	0.99817
67	90	0.925895
67	95	1.02162
67	125	0.998068
67	132	1.03459
67	148	1.02646
67	152	1.00909
67	153	1.02282
67	154	1.00832
67	156	1.02394
67	160	1.02982
67	162	1.01019
67	167	1.00403
67	176	0.958875
67	179	0.980734
68	9	0.924344
68	66	1.04027
68	75	0.992648
68	90	1.06582
68	97	1.00443
68	115	1.00986
68	134	1.03301
68	137	1.02412
68	140	0.932665
68	146	0.991528
68	158	1.02165
68	159	0.997733
68	164	0.963233
68	169	0.985059
68	170	1.02876
68	173	1.01353
68	176	0.975081
69	37	1.15545
69	63	1.10219
69	97	1.06157
69	99	0.962537
69	122	0.946712
69	127	0.962011
69	138	0.940078
69	140	0.978443
69	142	0.965021
69	150	1.00295
69	152	0.956221
69	153	1.00085
69	155	1.02444
69	170	1.00746
69	175	0.97123
69	176	0.979975
69	177	0.986051
69	180	0.987747
70	35	0.833051
70	62	0.868349
70	109	1.05921
70	110	1.09402
70	120	1.07026
70	138	0.957975
70	142	0.926949
70	144	1.05796
70	161	1.0641
70	163	0.911775
70	166	1.10154
70	167	0.893493
70	168	1.09773
70	169	0.889258
70	171	0.928153
70	174	1.07428
70	178	1.09697
70	179	1.08369
71	61	0.998387
71	76	0.95225
71	86	1.0233
71	110	1.00009
71	129	0.967043
71	130	1.03835
71	136	0.986769
71	139	0.968912
71	148	1.00591
71	150	1.0069
71	159	1.051
71	161	1.07463
71	168	0.995528
71	169	0.980532
71	172	0.989493
71	175	0.975172
71	176	0.983917
71	180	0.991689
72	4	0.975652
72	55	1.05712
72	127	1.06249
72	132	0.996708
72	133	1.00186
72	148	0.988582
72	149	0.991601
72	153	0.984939
72	154	0.970441
72	155	0.954933
72	157	0.981318
72	160	0.991947
72	161	1.0533
72	162	0.972315
72	167	0.966152
72	171	1.04463
72	175	1.01932
72	176	0.99576
73	14	1.0244
73	17	0.975956
73	56	0.942945
73	58	0.957812
73	67	0.99817
73	108	1.08101
73	109	0.960837
73	138	1.09475
73	147	1.00168
73	161	0.965728
73	167	1.03026
73	168	0.999353
73	172	1.01044
73	173	0.988103
73	174	0.975903
73	176	1.01605
73	178	0.998598
73	179	0.985317
74	17	0.982756
74	24	0.961381
74	76	0.962651
74	106	1.08433
74	116	0.973707
74	128	1.03853
74	142	0.979365
74	151	0.980816
74	160	0.9935
74	163	0.984625
74	167	1.03706
74	170	1.00946
74	171	0.970057
74	172	0.999895
74	175	0.985574
74	177	1.0004
74	179	1.04471
74	180	1.00209
75	11	1.00226
75	28	1.09652
75	68	0.992648
75	85	0.980155
75	86	0.960912
75	97	0.961554
75	98	0.93958
75	104	1.00648
75	107	0.955648
75	113	1.04245
75	118	0.974034
75	146	0.948654
75	153	1.01873
75	159	0.954859
75	160	1.00939
75	161	1.09628
75	168	1.01717
75	180	1.03948
76	5	0.960936
76	15	1.00355
76	71	0.95225
76	74	0.962651
76	89	1.03095
76	92	0.999434
76	107	1.06044
76	108	0.947889
76	131	1.03193
76	151	0.970756
76	162	1.00932
76	169	0.980874
76	173	1.0436
76	174	1.05956
76	175	0.975514
76	176	0.984259
76	179	1.02702
76	180	0.992031
77	90	0.854613
77	107	0.942876
77	124	1.09166
77	133	0.867513
77	135	1.09454
77	142	1.06594
77	144	0.951769
77	149	0.876419
77	151	1.06739
77	165	1.06617
77	167	0.901807
77	168	0.86603
77	172	1.08647
77	173	0.926042
77	175	1.07215
77	176	1.0809
77	177	1.08697
77	180	1.08867
78	32	0.953027
78	90	0.846276
78	109	0.957464
78	132	1.09749
78	139	0.931139
78	143	1.04975
78	148	1.08936
78	149	1.09238
78	150	0.860897
78	153	1.08572
78	154	1.07122
78	157	1.0821
78	160	1.09273
78	162	1.07309
78	166	0.89809
78	167	1.06693
78	178	0.884505
78	180	0.879993
79	42	0.975956
79	101	1.01919
79	103	1.00072
79	104	1.0251
79	119	1.06706
79	136	0.988419
79	150	1.00855
79	155	0.950979
79	157	0.977364
79	160	0.987993
79	162	0.968361
79	167	0.962198
79	168	1.03014
79	169	0.982182
79	172	0.991143
79	177	0.991643
79	179	1.07356
79	180	0.993339
80	11	1.01908
80	27	0.972241
80	32	1.069
80	66	1.01422
80	93	0.974682
80	98	0.956407
80	121	0.961993
80	122	0.966415
80	146	0.965481
80	152	1.04544
80	158	0.995603
80	159	0.971686
80	165	1.01697
80	166	1.01406
80	170	1.00272
80	174	1.04963
80	176	0.995228
80	179	1.01709
81	8	0.896229
81	62	1.05917
81	103	0.881891
81	122	1.01855
81	125	1.01951
81	126	1.00058
81	127	0.999597
81	133	1.06118
81	143	1.00828
81	145	0.951792
81	147	0.931756
81	153	1.04426
81	155	1.01425
81	156	1.04538
81	157	1.04063
81	160	1.05126
81	162	1.03163
81	167	1.02547
81	180	0.933608
82	49	0.963013
82	63	0.796915
82	84	1.03218
82	126	0.988504
82	130	1.03143
82	143	1.00924
82	148	1.04886
82	149	1.05187
82	152	0.971004
82	153	1.04521
82	155	1.01521
82	156	1.04634
82	157	1.04159
82	160	1.05222
82	161	0.97833
82	162	1.03259
82	167	1.02643
82	171	0.969664
82	172	0.915184
83	13	1.05764
83	35	0.888054
83	97	0.974991
83	102	1.0553
83	104	1.06464
83	110	1.03818
83	116	0.993903
83	129	0.943921
83	141	1.02247
83	142	0.981952
83	144	1.00212
83	151	0.965953
83	168	1.04189
83	172	0.928676
83	173	1.03064
83	174	1.01844
83	178	1.04114
83	179	1.02785
83	180	0.935019
84	82	1.03218
84	107	1.14343
84	114	1.06628
84	116	0.940075
84	127	0.942724
84	137	1.0756
84	138	0.920791
84	142	0.945734
84	145	0.949404
84	150	0.983668
84	152	0.936933
84	155	1.09173
84	167	1.10236
84	169	0.957303
84	170	1.07475
84	171	0.936426
84	175	0.951943
84	177	0.966764
84	180	0.96846
85	31	1.02195
85	47	1.00396
85	59	0.964743
85	75	0.980155
85	86	0.991293
85	90	1.05333
85	93	0.988236
85	103	1.03859
85	107	0.986029
85	109	1.04744
85	126	1.03695
85	131	0.996002
85	132	0.929432
85	134	1.02052
85	146	0.979035
85	158	1.00916
85	159	0.98524
85	166	0.988066
85	169	0.979211
85	173	1.00768
86	20	0.935592
86	21	1.01616
86	28	1.10766
86	42	1.04432
86	49	1.02519
86	66	1.00854
86	71	1.0233
86	75	0.960912
86	85	0.991293
86	88	0.977775
86	98	0.950718
86	107	0.966786
86	126	1.05068
86	134	1.00127
86	147	0.981852
86	158	0.989914
86	159	0.965997
86	164	0.971119
86	170	0.997027
86	174	1.03737
87	56	1.0463
87	91	1.03923
87	97	0.986373
87	120	0.985504
87	131	0.982403
87	134	1.01496
87	136	1.01052
87	141	0.978907
87	146	0.973472
87	150	1.03065
87	158	1.00359
87	159	0.979678
87	165	0.992941
87	167	0.969847
87	170	1.01071
87	171	0.983407
87	174	1.01004
87	175	0.998924
87	179	0.977492
87	180	1.01544
88	3	1.02671
88	40	1.10146
88	86	0.977775
88	100	1.04557
88	137	1.00361
88	140	1.03797
88	141	0.986673
88	144	0.966321
88	152	1.02178
88	153	0.951554
88	161	0.972465
88	164	1.02273
88	168	1.00609
88	170	1.00826
88	172	0.965957
88	173	0.99484
88	174	0.98264
88	176	0.971563
88	179	0.992054
88	180	0.9723
89	19	0.765714
89	76	1.03095
89	94	1.03794
89	101	0.921798
89	108	1.02625
89	140	0.911898
89	142	1.04767
89	145	1.05134
89	156	0.93741
89	159	0.988222
89	163	1.05292
89	167	0.968527
89	169	1.05923
89	170	0.940919
89	171	1.03836
89	173	0.992762
89	175	1.05387
89	176	1.06262
89	177	1.0687
89	178	0.959562
89	180	1.07039
90	18	1.07389
90	47	1.04676
90	66	1.07057
90	67	0.925895
90	68	1.06582
90	77	0.854613
90	78	0.846276
90	85	1.05333
90	93	1.03103
90	97	1.03473
90	116	1.0034
90	124	0.898987
90	134	1.06331
90	146	1.02183
90	158	1.05195
90	159	1.02803
90	166	0.962609
90	170	1.05906
90	174	0.998182
90	175	0.967337
90	178	0.949024
91	34	1.11701
91	37	1.19494
91	41	1.20525
91	87	1.03923
91	92	1.04227
91	114	0.966931
91	125	0.926753
91	129	1.06999
91	130	0.937719
91	131	1.08712
91	143	0.91553
91	148	0.955145
91	149	0.958164
91	153	0.951502
91	154	0.937003
91	155	0.921496
91	156	0.952625
91	157	0.947881
91	160	0.958509
91	162	0.938877
91	164	1.0485
91	167	0.932715
92	17	0.918577
92	21	0.926344
92	57	1.03793
92	59	1.00946
92	76	0.999434
92	91	1.04227
92	100	0.98709
92	113	0.962379
92	120	0.988541
92	129	1.01423
92	137	0.946127
92	138	0.991205
92	152	1.00735
92	163	1.02141
92	165	1.01637
92	169	1.02772
92	171	1.00684
92	172	1.03668
92	175	1.02236
92	176	1.0311
92	178	0.96392
92	180	1.03887
93	3	0.991224
93	17	1.02063
93	18	1.0088
93	27	0.963495
93	80	0.974682
93	85	0.988236
93	90	1.03103
93	95	1.06366
93	97	0.969635
93	104	1.01456
93	107	0.963729
93	121	0.953247
93	134	0.998218
93	141	1.02419
93	146	0.956735
93	152	1.05113
93	153	0.980906
93	159	0.96294
93	163	1.03341
93	165	1.02266
93	166	1.01975
93	170	0.993971
93	179	1.02277
94	36	0.920247
94	42	0.958586
94	89	1.03794
94	119	1.04969
94	129	0.974371
94	134	0.988584
94	139	0.97624
94	145	0.979961
94	150	1.01422
94	152	0.967491
94	153	1.01432
94	157	1.01447
94	162	1.0385
94	163	0.981551
94	165	0.976517
94	168	1.01277
94	169	0.98786
94	170	1.02094
94	172	0.996821
94	174	1.08874
94	176	0.991245
94	177	0.997322
94	180	0.999017
95	19	0.850898
95	67	1.02162
95	93	1.06366
95	103	0.988517
95	107	1.09478
95	112	0.996258
95	114	1.01763
95	125	1.06761
95	132	0.999697
95	140	1.01988
95	143	1.08115
95	169	0.983734
95	170	0.990158
95	171	0.962857
95	172	0.992695
95	173	0.976742
95	174	0.964542
95	175	0.978374
95	176	0.987119
95	177	0.993195
95	178	0.987237
95	179	0.973956
95	180	0.994891
96	8	0.998975
96	13	0.995769
96	24	0.962022
96	48	0.971445
96	66	0.994521
96	105	0.987854
96	112	1.01704
96	117	0.983859
96	139	0.979955
96	145	0.983677
96	150	1.01794
96	151	0.981457
96	152	0.971206
96	153	1.01561
96	159	1.06953
96	161	1.09316
96	169	0.991575
96	170	1.02222
96	171	0.970699
96	172	1.00054
96	175	0.986216
96	176	0.994961
96	177	1.00104
97	18	1.0125
97	38	1.15064
97	43	1.03628
97	68	1.00443
97	69	1.06157
97	75	0.961554
97	83	0.974991
97	87	0.986373
97	90	1.03473
97	93	0.969635
97	98	0.95136
97	107	0.967428
97	113	1.02117
97	118	0.95276
97	121	0.956946
97	134	1.00192
97	146	0.960433
97	150	0.999105
97	156	1.00056
97	158	0.990556
97	159	0.966639
97	178	1.02271
97	180	1.0182
98	35	1.01264
98	42	1.02298
98	47	0.963389
98	60	1.02216
98	75	0.93958
98	80	0.956407
98	86	0.950718
98	97	0.95136
98	103	0.998017
98	108	0.936286
98	120	1.08874
98	121	0.934971
98	122	0.939393
98	134	0.979942
98	138	1.13756
98	146	0.938459
98	154	1.07145
98	158	0.968581
98	159	0.944665
98	163	1.09136
98	164	1.04702
98	169	1.06885
98	170	0.975695
98	178	1.06412
99	43	0.88119
99	45	1.07227
99	55	0.979795
99	69	0.962537
99	123	1.02752
99	126	0.986147
99	129	0.928072
99	130	1.02093
99	132	1.04648
99	133	1.05163
99	143	0.998742
99	148	1.03836
99	149	1.04138
99	153	1.03471
99	154	1.02021
99	155	1.00471
99	156	1.03584
99	160	1.04172
99	161	0.975973
99	162	1.02209
99	166	0.937267
99	167	1.01593
99	172	0.912827
99	174	0.972841
100	23	0.941455
100	31	1.10348
100	36	0.900917
100	88	1.04557
100	92	0.98709
100	102	1.01984
100	131	1.07753
100	138	0.932018
100	151	0.958412
100	152	0.948161
100	153	1.03075
100	164	0.989423
100	165	0.957187
100	166	0.976602
100	167	1.06497
100	169	0.96853
100	171	0.947654
100	173	1.08921
100	174	1.10516
100	175	0.96317
100	176	0.971915
100	177	0.977992
100	178	1.05601
100	180	0.979687
101	31	1.00068
101	51	1.02606
101	56	0.980657
101	65	1.05134
101	79	1.01919
101	89	0.921798
101	112	1.04533
101	117	1.0791
101	129	0.953878
101	139	0.996123
101	147	1.0394
101	151	0.97591
101	155	0.947825
101	158	0.942889
101	161	1.00344
101	165	0.965987
101	168	1.03707
101	170	1.03923
101	173	1.02582
101	174	1.01362
101	177	0.941465
101	178	1.03631
101	179	1.02303
101	180	0.944977
102	45	1.09967
102	63	0.821961
102	83	1.0553
102	100	1.01984
102	113	1.03158
102	114	0.923965
102	117	1.07312
102	119	1.00948
102	128	1.01159
102	131	1.01399
102	140	1.06297
102	141	1.01167
102	158	0.944486
102	159	0.979745
102	161	0.997458
102	163	0.978333
102	166	1.0349
102	168	1.03108
102	172	0.940231
102	173	1.01983
102	176	0.945837
102	178	1.03033
102	179	1.01705
102	180	0.946574
103	4	0.905667
103	21	1.06346
103	36	1.07612
103	42	1.09162
103	59	0.992799
103	79	1.00072
103	81	0.881891
103	85	1.03859
103	95	0.988517
103	98	0.998017
103	107	1.01408
103	121	1.0036
103	122	1.00802
103	134	1.04857
103	137	1.03968
103	143	0.96743
103	146	1.00709
103	158	1.03721
103	159	1.0133
103	170	1.04433
103	171	0.974648
103	175	0.949337
103	178	0.931024
103	180	0.926512
104	11	1.05896
104	19	0.761555
104	27	1.01212
104	36	1.1005
104	52	0.96064
104	57	1.02942
104	75	1.00648
104	79	1.0251
104	83	1.06464
104	93	1.01456
104	118	0.885451
104	137	1.03795
104	145	0.969076
104	150	0.931796
104	152	1.00037
104	158	1.03548
104	159	1.01156
104	161	1.0068
104	168	1.04043
104	173	1.02918
104	174	1.01698
104	177	0.94738
104	178	1.03967
104	179	1.02639
105	30	0.974801
105	39	0.928451
105	61	1.02329
105	96	0.987854
105	112	0.981753
105	113	1.00404
105	127	0.990856
105	136	1.01167
105	139	0.993814
105	142	0.993866
105	148	0.989148
105	151	0.995316
105	155	1.00391
105	162	1.00449
105	163	0.999125
105	165	0.994091
105	168	0.978764
105	169	1.00543
105	171	0.984558
105	172	1.0144
105	173	1.03878
105	174	1.05473
105	177	1.0149
105	178	1.00558
105	180	1.01659
106	4	1.0048
106	8	1.00878
106	35	0.992007
106	42	0.962488
106	53	0.974224
106	74	1.08433
106	110	0.975952
106	112	0.987931
106	113	0.980163
106	126	0.953295
106	144	0.939895
106	146	1.08411
106	153	1.01823
106	161	0.946039
106	164	0.996299
106	166	0.983478
106	168	0.979665
106	169	1.04821
106	171	1.08711
106	172	1.03263
106	173	0.968414
106	174	0.956214
106	175	1.0618
106	177	1.03546
106	178	0.978909
106	179	0.965628
107	1	1.02288
107	27	0.961287
107	42	1.03905
107	45	0.921094
107	58	1.10584
107	63	0.908162
107	75	0.955648
107	76	1.06044
107	77	0.942876
107	84	1.14343
107	85	0.986029
107	86	0.966786
107	93	0.963729
107	95	1.09478
107	97	0.967428
107	103	1.01408
107	121	0.951039
107	122	0.955461
107	124	0.98725
107	134	0.99601
107	141	1.05531
107	142	1.07971
107	146	0.954527
107	158	0.984649
107	159	0.960733
107	172	1.02643
108	10	1.07529
108	22	1.00527
108	28	1.09323
108	39	0.969843
108	53	1.01574
108	59	0.931068
108	73	1.08101
108	76	0.947889
108	89	1.02625
108	98	0.936286
108	115	1.0765
108	123	1.0395
108	125	1.06983
108	137	0.977954
108	146	0.94536
108	148	1.03054
108	149	1.03054
108	151	0.966053
108	158	0.975482
108	159	0.951566
108	163	0.969862
108	170	0.982596
108	171	0.955295
108	172	0.985132
108	175	0.970812
108	177	0.985633
109	2	1.02267
109	11	1.00254
109	46	0.902576
109	59	1.10575
109	70	1.05921
109	73	0.960837
109	78	0.957464
109	85	1.04744
109	114	1.03309
109	115	0.961424
109	127	0.960319
109	133	1.03488
109	135	0.991927
109	150	1.00126
109	159	1.08887
109	160	1.02561
109	167	1.06918
109	168	0.979157
109	172	0.983859
109	173	0.967906
109	174	0.955706
109	175	0.969538
109	176	0.978283
109	178	0.978401
109	179	0.96512
109	180	0.986055
110	9	1.03615
110	26	1.00916
110	33	1.0359
110	34	1.0164
110	38	0.929079
110	70	1.09402
110	71	1.00009
110	83	1.03818
110	106	0.975952
110	111	1.02209
110	115	0.996228
110	127	1.02648
110	140	1.04584
110	141	0.994543
110	157	0.939883
110	160	0.9304
110	164	1.0306
110	166	1.01777
110	168	1.01396
110	169	0.969729
110	173	1.00271
110	174	0.99051
110	176	0.95975
110	177	0.956975
110	178	1.01321
110	179	0.999924
110	180	0.960487
111	5	1.04339
111	30	1.04117
111	33	1.04675
111	51	1.0148
111	110	1.02209
111	112	1.03407
111	119	1.0042
111	126	0.999435
111	128	1.00631
111	130	0.991857
111	131	1.00871
111	135	0.967482
111	136	0.961316
111	141	1.00639
111	144	0.986035
111	148	0.959424
111	149	0.959429
111	156	0.9537
111	161	0.992178
111	168	1.0258
111	169	0.980583
111	170	1.02797
111	173	1.01455
111	174	1.00235
111	176	0.970604
111	179	1.01177
111	180	0.971341
112	29	0.996589
112	43	0.920937
112	45	1.11201
112	55	0.966537
112	61	0.947959
112	95	0.996258
112	96	1.01704
112	101	1.04533
112	105	0.981753
112	106	0.987931
112	111	1.03407
112	113	1.02644
112	117	1.06797
112	120	0.998467
112	122	1.04386
112	136	0.948893
112	141	1.00652
112	149	0.947006
112	154	0.970761
112	158	0.95683
112	161	0.992313
112	170	1.02811
112	173	1.01469
112	174	1.00249
112	176	0.958181
112	178	1.02518
112	179	1.0119
113	4	1.04331
113	5	1.03575
113	22	0.944011
113	32	0.990906
113	50	1.01383
113	75	1.04245
113	92	0.962379
113	97	1.02117
113	102	1.03158
113	105	1.00404
113	106	0.980163
113	112	1.02644
113	115	1.00044
113	118	0.915759
113	131	1.00108
113	137	1.01569
113	155	0.984049
113	159	1.01437
113	160	0.951113
113	168	1.01817
113	170	1.02034
113	173	1.00692
113	174	0.994721
113	177	0.977688
113	178	1.01742
113	179	1.00413
113	180	0.9812
114	84	1.06628
114	91	0.966931
114	95	1.01763
114	102	0.923965
114	109	1.03309
114	123	1.015
114	125	0.997443
114	130	1.00841
114	132	1.03396
114	133	1.03911
114	143	0.98622
114	148	1.02584
114	149	1.02885
114	152	1.0051
114	153	1.02219
114	155	0.992186
114	156	1.02332
114	157	1.01857
114	160	1.0292
114	162	1.00957
114	164	0.943036
114	166	0.973717
114	167	1.0034
114	169	0.964862
114	175	0.978445
114	177	0.952108
114	180	0.95562
115	51	0.988935
115	68	1.00986
115	108	1.0765
115	109	0.961424
115	110	0.996228
115	113	1.00044
115	118	0.946834
115	119	0.978338
115	120	0.972468
115	125	1.03965
115	128	0.980447
115	131	0.982847
115	147	1.00227
115	151	1.04321
115	158	1.01019
115	160	0.982188
115	161	0.966315
115	162	1.0157
115	164	1.01658
115	166	1.00375
115	168	0.999941
115	171	1.06041
115	172	1.00593
115	173	0.988691
115	174	0.976491
115	176	1.01154
115	178	0.999186
115	179	0.985905
116	8	0.999734
116	9	0.985639
116	15	1.01461
116	17	0.996282
116	52	0.99
116	74	0.973707
116	83	0.993903
116	84	0.940075
116	90	1.0034
116	137	1.02383
116	139	0.980309
116	141	1.05965
116	145	0.98403
116	150	1.01829
116	152	0.97156
116	154	1.04896
116	155	1.03996
116	163	0.98562
116	164	1.01282
116	165	0.980586
116	168	1.01481
116	169	0.991929
116	170	1.02298
116	171	0.971053
116	172	1.00089
116	175	0.986569
116	176	0.995314
116	180	1.00309
117	15	0.884698
117	20	1.07893
117	37	0.983421
117	41	1.06989
117	52	0.935482
117	55	1.0003
117	96	0.983859
117	101	1.0791
117	102	1.07312
117	112	1.06797
117	119	1.0381
117	124	0.880209
117	135	0.921875
117	136	0.915709
117	140	1.09159
117	144	1.01994
117	147	1.06204
117	149	0.913822
117	153	0.904988
117	158	0.923646
117	161	1.02608
117	164	1.07634
117	168	1.05971
117	173	1.04846
117	174	1.03626
117	175	0.948559
117	176	0.924997
117	178	1.05895
118	47	0.943317
118	64	0.908833
118	75	0.974034
118	97	0.95276
118	104	0.885451
118	113	0.915759
118	115	0.946834
118	137	0.899507
118	143	1.02284
118	145	1.05211
118	151	1.04989
118	154	1.04431
118	155	1.0288
118	156	1.05993
118	157	1.05519
118	160	1.06582
118	162	1.04618
118	165	1.04866
118	167	1.04002
118	169	1.06001
118	171	1.03913
118	173	0.9505
118	174	0.966458
118	175	1.05465
118	176	1.06339
118	178	0.9173
118	179	0.93391
118	180	1.07116
119	53	0.99063
119	61	0.981889
119	79	1.06706
119	94	1.04969
119	102	1.00948
119	111	1.0042
119	115	0.978338
119	117	1.0381
119	128	0.976577
119	130	1.01336
119	131	0.978976
119	139	1.04399
119	141	0.976653
119	144	0.956301
119	145	1.01103
119	147	0.9984
119	155	0.995697
119	158	0.99076
119	161	0.962444
119	163	1.02461
119	166	0.999884
119	168	0.99607
119	171	1.04098
119	173	0.98482
119	174	0.97262
119	177	0.989336
119	178	0.995315
119	179	0.982034
120	4	1.01534
120	70	1.07026
120	87	0.985504
120	92	0.988541
120	98	1.08874
120	112	0.998467
120	115	0.972468
120	124	0.961837
120	126	0.963831
120	140	1.02208
120	141	0.970783
120	144	0.950431
120	146	1.0525
120	147	0.99253
120	151	1.0383
120	161	0.956575
120	165	1.02837
120	166	0.994014
120	168	0.9902
120	170	0.992366
120	171	1.0555
120	172	1.00102
120	173	0.97895
120	174	0.96675
120	177	1.00385
120	178	0.989445
120	179	0.976164
120	180	1.00736
121	1	1.0124
121	17	1.00794
121	42	1.02857
121	44	0.968505
121	45	0.910612
121	47	0.968975
121	57	1.12369
121	59	0.929753
121	80	0.961993
121	93	0.953247
121	97	0.956946
121	98	0.934971
121	103	1.0036
121	107	0.951039
121	122	0.944979
121	134	0.985528
121	138	1.12312
121	143	1.08608
121	146	0.944045
121	150	1.02606
121	154	1.057
121	158	0.974167
121	159	0.950251
121	163	1.07692
121	164	1.03257
121	168	1.02286
121	170	0.981281
121	176	1.04442
121	180	1.04516
122	53	1.03646
122	62	1.05151
122	69	0.946712
122	80	0.966415
122	81	1.01855
122	98	0.939393
122	103	1.00802
122	107	0.955461
122	112	1.04386
122	121	0.944979
122	132	1.02264
122	146	0.948467
122	147	1.06132
122	148	1.05126
122	151	0.969161
122	152	0.958909
122	153	1.04243
122	158	0.978589
122	159	0.954673
122	163	0.972969
122	165	0.967935
122	167	1.07665
122	170	0.985703
122	171	0.958402
122	172	0.98824
122	174	1.11685
122	175	0.973919
122	176	0.982664
122	178	1.06769
123	1	1.03831
123	39	1.04968
123	49	1.01676
123	99	1.02752
123	108	1.0395
123	114	1.015
123	125	0.974822
123	130	0.985788
123	132	1.01134
123	137	0.961995
123	142	1.02221
123	143	0.963599
123	144	1.03871
123	146	1.02041
123	148	1.00321
123	149	1.00623
123	153	0.999571
123	154	0.985072
123	155	0.969565
123	156	1.00069
123	157	0.99595
123	159	1.00845
123	160	1.00658
123	162	0.986946
123	164	0.962691
123	167	0.980784
123	169	0.984518
123	176	0.974539
123	179	0.996398
123	180	0.975276
124	29	0.997108
124	63	1.14891
124	77	1.09166
124	90	0.898987
124	107	0.98725
124	117	0.880209
124	120	0.961837
124	126	1.0012
124	129	1.00982
124	131	0.958736
124	135	1.04034
124	144	0.996142
124	145	1.01541
124	147	0.930852
124	149	0.920792
124	150	1.04967
124	152	1.00294
124	161	0.989506
124	163	1.017
124	164	1.0442
124	165	1.01197
124	166	1.03138
124	167	0.946181
124	169	1.02331
124	171	1.00243
124	172	1.03227
124	173	0.970415
124	175	1.01795
124	176	1.02669
124	177	1.03277
124	179	0.953826
125	22	1.01198
125	38	1.13805
125	67	0.998068
125	81	1.01951
125	91	0.926753
125	95	1.06761
125	108	1.06983
125	114	0.997443
125	115	1.03965
125	123	0.974822
125	130	0.968231
125	133	0.998933
125	140	0.962453
125	143	0.946042
125	148	0.985657
125	149	0.988676
125	153	0.982014
125	154	0.967515
125	155	0.952008
125	156	0.983137
125	157	0.978393
125	160	0.989021
125	162	0.969389
125	164	0.993021
125	165	1.02662
125	167	0.963226
125	171	1.05374
125	172	0.999263
125	175	1.02843
125	176	1.00487
125	179	1.02673
126	81	1.00058
126	82	0.988504
126	85	1.03695
126	86	1.05068
126	99	0.986147
126	106	0.953295
126	111	0.999435
126	120	0.963831
126	124	1.0012
126	128	0.97181
126	131	0.97421
126	132	1.00467
126	138	0.950534
126	139	0.975425
126	140	1.02319
126	146	1.09034
126	152	0.966676
126	155	1.04805
126	156	1.02756
126	157	1.0246
126	159	1.07838
126	161	0.957678
126	162	1.04864
126	165	0.975702
126	171	0.966169
126	172	0.996006
126	173	0.980054
126	175	0.981686
126	177	0.996507
126	178	0.990549
126	179	0.977267
127	14	1.00258
127	27	1.08939
127	30	0.963944
127	36	0.926965
127	41	0.915486
127	51	1.04501
127	60	1.00678
127	69	0.962011
127	72	1.06249
127	81	0.999597
127	84	0.942724
127	105	0.990856
127	109	0.960319
127	110	1.02648
127	129	0.981088
127	134	0.997733
127	135	1.01161
127	151	0.984459
127	156	1.02658
127	163	0.988268
127	164	1.01547
127	165	0.983234
127	168	1.02192
127	170	1.03009
127	171	0.973701
127	172	1.00354
127	173	1.08193
127	175	0.989218
127	176	0.997963
127	177	1.00404
127	180	1.00573
128	5	1.01576
128	6	1.02813
128	8	1.02729
128	30	1.063
128	37	0.921894
128	50	0.993842
128	74	1.03853
128	102	1.01159
128	111	1.00631
128	115	0.980447
128	119	0.976577
128	126	0.97181
128	129	1.00208
128	130	1.01369
128	136	0.983152
128	138	1.07114
128	142	1.04011
128	144	0.95841
128	147	1.00051
128	149	0.981265
128	151	1.02411
128	154	1.00502
128	161	0.964554
128	166	1.00199
128	168	0.99818
128	170	1.00035
128	172	0.986834
128	173	0.986929
128	174	0.974729
128	175	1.016
128	177	0.989665
128	178	0.997425
128	179	0.984143
129	16	1.2271
129	40	0.921303
129	44	1.03817
129	61	1.01352
129	62	0.975464
129	71	0.967043
129	83	0.943921
129	91	1.06999
129	92	1.01423
129	94	0.974371
129	99	0.928072
129	101	0.953878
129	124	1.00982
129	127	0.981088
129	128	1.00208
129	130	1.00765
129	136	1.0019
129	138	0.959155
129	141	1.00967
129	142	0.984098
129	151	0.985549
129	152	0.975298
129	154	0.998974
129	161	1.04393
129	163	0.989358
129	166	1.00374
129	171	0.974791
129	172	1.00463
129	174	1.0408
129	175	0.990307
129	177	1.00513
129	178	0.991643
129	180	1.00682
130	38	1.13119
130	43	0.960765
130	62	1.0079
130	71	1.03835
130	82	1.03143
130	91	0.937719
130	99	1.02093
130	111	0.991857
130	114	1.00841
130	119	1.01336
130	123	0.985788
130	125	0.968231
130	128	1.01369
130	129	1.00765
130	132	1.00475
130	133	1.0099
130	141	1.02128
130	143	0.957008
130	148	0.996623
130	149	0.999642
130	153	0.99298
130	154	0.978481
130	155	0.962974
130	156	0.994104
130	157	0.989359
130	160	0.999987
130	162	0.980355
130	164	0.986161
130	166	1.01684
130	167	0.974193
130	172	0.992403
130	173	1.03646
130	177	0.995234
131	6	1.03053
131	16	0.895307
131	47	1.03479
131	50	0.996242
131	61	0.993303
131	76	1.03193
131	85	0.996002
131	87	0.982403
131	91	1.08712
131	100	1.07753
131	102	1.01399
131	111	1.00871
131	113	1.00108
131	115	0.982847
131	119	0.978976
131	124	0.958736
131	126	0.97421
131	140	1.03246
131	141	0.981162
131	144	0.96081
131	145	1.02245
131	147	1.00291
131	150	0.985166
131	161	0.966953
131	164	1.01721
131	166	1.00439
131	169	1.0135
131	173	0.989329
131	174	0.977129
131	175	1.02709
131	177	1.00075
131	178	0.999824
131	179	0.986543
132	6	0.94719
132	62	1.03345
132	67	1.03459
132	72	0.996708
132	78	1.09749
132	85	0.929432
132	95	0.999697
132	99	1.04648
132	114	1.03396
132	122	1.02264
132	123	1.01134
132	126	1.00467
132	130	1.00475
132	133	1.03545
132	142	0.984624
132	143	0.98256
132	148	1.02217
132	149	1.02519
132	151	0.968625
132	152	0.987168
132	153	1.01853
132	154	1.00403
132	155	0.988526
132	156	1.01966
132	157	1.01491
132	160	1.02554
132	162	1.00591
132	163	0.96945
132	164	0.925107
132	166	0.955789
132	167	0.999745
132	171	0.985828
132	174	0.991362
132	178	0.942203
133	22	1.05365
133	34	1.01333
133	57	0.986092
133	72	1.00186
133	77	0.867513
133	81	1.06118
133	99	1.05163
133	109	1.03488
133	114	1.03911
133	125	0.998933
133	130	1.0099
133	132	1.03545
133	136	0.947387
133	137	0.944131
133	139	1.00856
133	143	0.98771
133	145	0.975596
133	148	1.02733
133	149	1.03034
133	150	0.938316
133	153	1.02368
133	154	1.00918
133	155	0.993676
133	156	1.02481
133	157	1.02006
133	160	1.03069
133	162	1.01106
133	163	0.98917
133	164	0.944827
133	167	1.0049
133	171	1.00555
133	174	1.01108
133	179	0.978534
133	180	0.957412
134	11	1.04262
134	17	1.05291
134	21	1.04539
134	38	1.06419
134	42	1.07354
134	46	1.07753
134	59	0.974724
134	66	1.03776
134	68	1.03301
134	85	1.02052
134	86	1.00127
134	87	1.01496
134	90	1.06331
134	93	0.998218
134	94	0.988584
134	97	1.00192
134	98	0.979942
134	103	1.04857
134	107	0.99601
134	121	0.985528
134	127	0.997733
134	135	0.927884
134	137	1.02161
134	144	0.995181
134	146	0.989016
134	151	0.962677
134	158	1.01914
134	162	0.935173
134	163	0.963502
134	164	0.919158
134	166	0.94984
134	167	0.94522
134	175	0.954568
134	177	0.928231
135	5	0.929413
135	9	0.922897
135	25	0.999463
135	42	0.897886
135	43	1.07122
135	51	0.975166
135	54	1.02008
135	77	1.09454
135	109	0.991927
135	111	0.967482
135	117	0.921875
135	124	1.04034
135	127	1.01161
135	134	0.927884
135	139	1.01456
135	145	1.01829
135	150	1.05255
