1	40	1.47636
1	56	0.826478
1	130	0.794475
1	142	0.788961
1	147	1.62859
1	162	0.787011
1	165	0.790542
1	166	0.794126
1	173	1.69037
1	178	0.834759
1	179	0.788848
1	180	0.794802
2	120	1.13602
2	154	0.881284
2	155	1.24438
2	164	1.2509
2	166	0.907796
2	170	0.912688
2	171	0.894119
2	172	0.892063
2	173	1.16347
2	177	0.901061
2	179	0.902518
2	180	0.908472
3	54	0.833855
3	56	0.814006
3	82	1.67276
3	128	0.799689
3	152	0.801237
3	157	0.776909
3	158	0.79941
3	162	0.774539
3	163	1.5981
3	165	0.77807
3	176	1.53113
3	178	0.822286
4	28	1.10298
4	36	0.858948
4	43	0.858948
4	45	1.2301
4	59	0.893775
4	71	0.893775
4	73	1.33189
4	80	0.953775
4	112	1.13768
4	168	0.898573
4	173	0.914357
4	178	0.927849
5	7	0.813946
5	46	0.947279
5	59	0.886553
5	71	0.886553
5	80	0.946553
5	146	1.11238
5	150	1.20016
5	155	1.22876
5	168	0.891351
5	172	1.26448
5	173	0.907136
5	178	0.920627
6	44	1.39826
6	116	0.999391
6	125	1.27953
6	137	0.884946
6	140	0.923305
6	159	0.909914
6	170	0.905198
6	174	0.88706
6	177	0.89357
6	178	1.11525
6	179	0.895027
6	180	0.900981
7	5	0.813946
7	36	0.757204
7	43	0.757204
7	59	0.792032
7	71	0.792032
7	80	0.852032
7	150	1.60655
7	168	0.79683
7	173	0.812614
7	175	1.63562
7	176	1.56319
7	178	0.826106
8	18	1.42057
8	57	0.917914
8	146	0.917398
8	161	1.09757
8	162	1.15725
8	163	1.11674
8	166	0.898796
8	170	0.903689
8	171	0.885119
8	174	0.885551
8	177	0.892061
8	180	0.899472
9	23	0.818169
9	42	1.35005
9	79	0.76099
9	95	1.66952
9	97	0.770337
9	115	0.766791
9	116	0.879167
9	117	0.819633
9	125	0.786454
9	153	1.78537
9	173	0.816676
9	175	0.781783
10	54	1.09657
10	79	1.30368
10	123	1.25379
10	128	1.13981
10	151	0.910712
10	154	0.883458
10	171	0.896293
10	172	0.894237
10	174	0.896725
10	177	0.903235
10	179	0.904692
10	180	0.910646
11	18	0.843599
11	32	1.06618
11	49	1.177
11	120	0.945852
11	152	0.92363
11	155	0.89393
11	157	0.899302
11	162	0.896931
11	165	0.900462
11	166	1.31183
11	173	1.24816
11	175	0.896294
12	31	1.33037
12	120	0.926509
12	122	1.25906
12	128	0.902739
12	140	1.08975
12	152	0.904287
12	157	0.879959
12	158	0.902461
12	162	0.877589
12	165	0.88112
12	176	1.12458
12	178	0.925337
13	32	0.994814
13	60	0.918452
13	96	0.885329
13	118	0.913447
13	121	0.891144
13	154	1.37228
13	155	0.888555
13	158	0.916428
13	160	1.26751
13	162	0.891557
13	165	0.895088
13	180	1.1688
14	77	0.776789
14	86	1.72588
14	103	1.46771
14	132	0.806662
14	134	0.797084
14	147	0.823964
14	149	0.805779
14	160	0.801032
14	162	1.60357
14	164	0.793999
14	169	0.794369
14	176	0.800323
15	92	0.787464
15	106	0.826052
15	122	0.800028
15	132	0.808364
15	138	0.790574
15	143	1.58527
15	160	0.802734
15	163	0.796675
15	167	0.792039
15	169	0.796071
15	174	1.62696
15	180	1.59402
16	83	1.34072
16	90	0.882843
16	101	0.848217
16	103	1.05198
16	116	0.97465
16	131	0.88025
16	136	1.25608
16	142	0.879853
16	168	0.896375
16	169	1.15547
16	173	0.91216
16	178	0.925651
17	63	1.13054
17	118	1.10413
17	131	1.25732
17	137	0.891111
17	139	1.30155
17	159	0.916079
17	171	0.892793
17	174	0.893225
17	175	0.898718
17	177	0.899735
17	179	0.901192
17	180	0.907146
18	8	1.42057
18	11	0.843599
18	67	0.785334
18	81	1.75102
18	94	0.842961
18	121	0.783547
18	155	0.780958
18	158	0.808831
18	162	0.783959
18	165	0.78749
18	174	1.63341
18	175	0.783321
19	129	0.843821
19	138	0.86751
19	139	0.859583
19	148	1.27921
19	152	1.28253
19	153	0.855835
19	160	0.87967
19	164	0.872637
19	167	0.868975
19	169	0.873007
19	176	0.878961
19	179	1.33251
19	180	1.31143
20	93	0.852599
20	110	1.32214
20	113	1.2076
20	119	1.29381
20	138	0.863977
20	149	0.880885
20	153	0.852302
20	160	0.876137
20	163	0.870078
20	164	0.869105
20	167	0.865442
20	169	0.869475
20	172	1.3821
21	97	0.850153
21	131	1.3922
21	157	1.26308
21	158	1.2224
21	161	0.875186
21	162	1.31716
21	164	0.869337
21	167	0.865675
21	169	0.869708
21	170	0.874243
21	175	0.861598
21	179	0.864073
21	180	0.870026
22	68	0.857912
22	91	1.33083
22	128	0.88065
22	144	1.21627
22	152	0.882198
22	155	0.852498
22	156	1.37021
22	157	0.85787
22	158	0.880371
22	162	0.8555
22	165	0.859031
22	168	0.873971
22	176	1.28656
23	9	0.818169
23	37	0.85209
23	79	0.85161
23	94	1.20099
23	97	0.860957
23	104	0.902991
23	115	0.857411
23	125	0.877073
23	148	1.27558
23	167	1.4044
23	170	1.32342
23	173	0.907296
23	175	0.872403
24	47	0.865849
24	52	0.918102
24	80	1.14173
24	84	0.827066
24	101	0.839312
24	114	0.850638
24	131	0.871345
24	133	0.874316
24	142	0.870948
24	150	1.35437
24	175	1.38344
24	176	0.882424
24	177	1.3257
25	73	0.850325
25	84	0.829102
25	100	1.41482
25	101	0.841348
25	102	0.904879
25	110	0.873131
25	130	0.878498
25	131	0.873381
25	132	1.21056
25	133	0.876352
25	142	0.872984
25	154	1.35212
25	166	1.22031
26	42	0.954526
26	52	1.22861
26	62	1.2462
26	142	1.3473
26	151	0.86443
26	154	0.837176
26	165	1.3709
26	166	0.863688
26	171	0.850011
26	174	0.850443
26	177	0.856953
26	179	0.85841
26	180	0.864364
27	100	0.844091
27	124	0.87346
27	129	0.844367
27	149	0.884963
27	153	0.856381
27	157	1.32431
27	159	1.26861
27	163	0.874157
27	166	1.32562
27	167	0.869521
27	169	0.873553
27	176	0.879507
27	177	1.2856
28	4	1.10298
28	41	1.41179
28	107	0.891851
28	132	1.32005
28	140	0.884905
28	146	0.880506
28	156	1.35873
28	166	0.861904
28	170	0.866797
28	172	0.846171
28	174	0.848659
28	179	0.856626
28	180	0.86258
29	66	0.868953
29	76	1.1769
29	126	1.39812
29	129	0.843677
29	134	0.875578
29	138	0.867365
29	139	0.859439
29	156	0.870197
29	159	1.28762
29	163	0.873466
29	164	0.872493
29	167	0.868831
29	171	1.34335
30	38	1.1513
30	88	1.38093
30	97	0.83768
30	104	0.879715
30	110	1.39378
30	113	1.27924
30	115	0.834134
30	116	0.94651
30	125	0.853797
30	143	0.852305
30	161	0.862714
30	173	0.88402
30	175	0.849126
31	12	1.33037
31	48	1.30659
31	54	1.43573
31	154	0.809693
31	155	1.52435
31	164	0.836192
31	167	0.832529
31	168	0.847562
31	169	0.836562
31	173	0.863346
31	177	0.82947
31	178	0.876838
31	179	0.830927
31	180	0.836881
32	11	1.06618
32	13	0.994814
32	66	1.16568
32	131	1.2382
32	137	0.920718
32	151	0.936819
32	159	0.945686
32	166	0.936078
32	169	1.13078
32	170	0.94097
32	174	0.922833
32	177	0.929343
32	179	0.9308
32	180	0.936753
33	47	0.830805
33	63	1.42119
33	95	1.34957
33	101	0.804268
33	110	0.836051
33	127	1.46562
33	130	0.841417
33	131	0.8363
33	133	0.839272
33	142	0.835903
33	161	0.846904
33	176	0.847379
33	178	0.881701
33	179	1.36957
34	134	0.842671
34	138	0.834458
34	139	0.826531
34	140	1.37757
34	147	0.86955
34	152	1.36656
34	153	0.822783
34	156	0.837289
34	160	0.846618
34	163	0.840559
34	164	0.839585
34	169	0.839956
34	171	1.46584
34	180	1.39546
35	81	0.813275
35	100	1.52399
35	115	1.44835
35	117	1.2363
35	159	0.854233
35	162	1.38225
35	166	0.844624
35	168	0.855981
35	170	0.849516
35	171	0.830947
35	172	0.828891
35	177	0.837889
35	179	0.839346
35	180	0.8453
36	4	0.858948
36	7	0.757204
36	43	0.794985
36	46	0.890538
36	59	0.829812
36	71	0.829812
36	80	0.889812
36	95	1.3469
36	112	1.42596
36	162	1.47026
36	168	0.83461
36	170	1.36146
36	173	0.850394
36	178	0.863886
37	23	0.85209
37	55	1.19486
37	90	0.821281
37	104	0.846293
37	115	0.800712
37	116	0.913088
37	122	1.46576
37	125	0.820374
37	129	1.53409
37	145	0.85057
37	155	1.40324
37	161	0.829291
37	173	0.850597
37	175	0.815704
38	30	1.1513
38	103	0.954675
38	106	1.07341
38	119	0.934392
38	131	1.23438
38	146	0.944915
38	148	0.940894
38	153	1.15184
38	166	0.926313
38	170	0.931206
38	177	0.919579
38	178	0.983076
38	179	0.921036
38	180	0.926989
39	111	0.839402
39	135	0.84802
39	146	0.863958
39	154	0.818845
39	158	1.39457
39	161	1.42966
39	169	1.45696
39	170	0.850249
39	171	0.83168
39	172	0.829623
39	174	0.832112
39	178	1.31308
39	179	0.840079
39	180	0.846032
40	1	1.47636
40	54	1.00698
40	91	1.06791
40	108	0.958886
40	113	0.956826
40	134	0.933286
40	149	0.941981
40	153	0.913398
40	156	0.927905
40	160	0.937234
40	164	0.930201
40	167	0.926538
40	169	0.930571
40	175	1.09608
41	28	1.41179
41	63	0.86029
41	107	1.32157
41	139	0.824723
41	153	0.820975
41	156	0.835481
41	159	1.38101
41	160	0.84481
41	163	0.838751
41	164	0.837777
41	167	0.834115
41	169	0.838147
41	172	1.49099
41	173	0.864932
42	9	1.35005
42	26	0.954526
42	83	0.896638
42	96	1.13026
42	105	0.952601
42	139	1.13803
42	162	1.01875
42	171	0.928683
42	172	0.926626
42	174	0.929115
42	176	0.94867
42	177	0.935625
42	179	0.937082
42	180	0.943035
43	4	0.858948
43	7	0.757204
43	36	0.794985
43	46	0.890538
43	59	0.829812
43	71	0.829812
43	80	0.889812
43	108	1.30957
43	112	1.45641
43	127	1.49341
43	146	1.34881
43	168	0.83461
43	173	0.850394
43	178	0.863886
44	6	1.39826
44	98	1.37038
44	105	0.862895
44	122	0.838284
44	134	0.837043
44	139	0.820903
44	146	1.41642
44	147	0.863922
44	149	0.845737
44	156	0.831662
44	163	0.834931
44	167	0.830295
44	168	1.42139
44	169	0.834328
45	4	1.2301
45	68	0.832513
45	89	0.84778
45	111	1.43813
45	118	0.851991
45	143	0.832642
45	152	0.856799
45	155	0.827099
45	157	0.832471
45	158	0.854972
45	162	0.830101
45	165	0.833632
45	169	1.47732
45	171	1.45564
46	5	0.947279
46	36	0.890538
46	43	0.890538
46	59	0.925365
46	71	0.925365
46	80	0.985365
46	89	1.1345
46	112	1.10838
46	127	1.14538
46	150	1.08857
46	160	1.12696
46	168	0.930163
46	173	0.945947
46	178	0.959439
47	24	0.865849
47	33	0.830805
47	88	1.39023
47	101	0.804457
47	112	1.41853
47	114	0.815782
47	130	0.841606
47	131	0.836489
47	133	0.839461
47	142	0.836092
47	174	1.37135
47	175	1.42779
47	176	0.847568
47	178	0.88189
48	31	1.30659
48	84	0.85682
48	94	0.957754
48	101	0.869066
48	114	0.880392
48	123	1.24136
48	130	0.906216
48	131	0.901099
48	133	0.90407
48	142	0.900702
48	143	1.0751
48	161	0.911702
48	172	1.20848
48	175	1.17323
48	176	0.912178
49	11	1.177
49	111	0.8941
49	130	1.21377
49	131	1.34902
49	135	0.902718
49	141	0.881755
49	144	0.939887
49	168	0.911411
49	170	0.904947
49	172	0.884321
49	173	1.15754
49	174	0.886809
49	177	0.89332
49	178	1.09771
49	180	0.90073
50	67	0.895451
50	80	1.05511
50	121	0.893663
50	126	0.882422
50	137	1.30424
50	140	1.18955
50	152	0.920774
50	155	0.891074
50	158	0.918947
50	162	0.894076
50	165	0.897607
50	168	0.912548
50	173	1.21543
50	174	1.24038
50	175	0.893438
51	58	0.920753
51	84	0.858289
51	101	0.870535
51	114	0.88186
51	117	0.937433
51	130	0.907684
51	131	0.902567
51	133	0.905539
51	142	0.90217
51	152	1.15843
51	161	0.913171
51	168	1.16482
51	174	1.22027
51	175	1.27671
51	180	1.18733
52	24	0.918102
52	26	1.22861
52	73	0.865687
52	102	0.92024
52	130	0.893859
52	131	0.888742
52	133	0.891714
52	142	0.888345
52	161	0.899346
52	168	1.13496
52	171	1.22784
52	173	1.16545
52	175	1.24684
52	176	0.899821
52	178	0.934143
53	105	0.841491
53	116	1.34943
53	118	1.5634
53	124	0.81283
53	149	0.824334
53	153	0.795751
53	160	0.819587
53	161	0.818402
53	163	0.813527
53	164	0.812554
53	167	0.808891
53	169	0.812924
53	173	0.839708
53	177	1.54876
53	179	1.53819
54	3	0.833855
54	10	1.09657
54	31	1.43573
54	40	1.00698
54	61	0.916797
54	67	0.897984
54	121	0.896196
54	155	0.893607
54	157	0.898979
54	158	0.92148
54	162	0.896608
54	165	0.900139
54	176	1.22995
54	178	0.944356
54	179	1.23407
55	37	1.19486
55	57	0.924513
55	73	1.36758
55	121	1.18401
55	134	1.20577
55	137	0.890036
55	141	0.887096
55	148	0.919976
55	171	0.891718
55	172	0.889662
55	174	0.89215
55	177	0.89866
55	178	1.04141
55	179	0.900117
55	180	0.906071
56	1	0.826478
56	3	0.814006
56	81	1.36451
56	111	1.26682
56	121	0.876346
56	123	0.877803
56	126	0.865105
56	152	0.903457
56	157	0.879129
56	162	0.876759
56	164	1.30937
56	165	0.88029
56	170	1.22958
56	175	0.876121
56	178	0.924506
56	179	1.23503
57	8	0.917914
57	55	0.924513
57	120	1.22059
57	141	0.85234
57	154	0.844127
57	156	1.34064
57	161	1.3048
57	166	0.870639
57	167	1.33665
57	170	0.875532
57	171	0.856962
57	174	0.857394
57	177	0.863904
57	178	1.18822
57	179	0.865361
57	180	0.871315
58	51	0.920753
58	101	0.828137
58	102	0.891668
58	110	0.859921
58	114	0.839463
58	117	0.895036
58	130	0.865287
58	133	0.863142
58	140	1.22789
58	142	0.859773
58	144	1.19243
58	165	1.33281
58	166	1.31744
58	175	1.33516
58	176	0.871249
58	178	0.905571
59	4	0.893775
59	5	0.886553
59	7	0.792032
59	36	0.829812
59	43	0.829812
59	46	0.925365
59	71	0.864639
59	76	1.20737
59	80	0.924639
59	94	1.19664
59	143	1.2947
59	168	0.869437
59	170	1.31907
59	173	0.885221
59	175	1.39283
59	178	0.898713
60	13	0.918452
60	68	0.866599
60	76	1.1992
60	86	0.829807
60	89	0.881866
60	107	1.25049
60	123	0.865232
60	128	0.889337
60	135	1.33711
60	155	0.861186
60	157	0.866557
60	158	0.889059
60	162	0.864187
60	165	0.867718
60	174	1.32822
60	180	1.29528
61	54	0.916797
61	74	1.35431
61	126	0.845827
61	136	1.38321
61	138	1.25518
61	152	0.884179
61	155	0.854479
61	157	0.859851
61	158	0.882352
61	162	0.85748
61	165	0.861011
61	168	0.875952
61	170	1.20617
61	175	0.856843
61	176	1.20749
61	178	0.905228
62	26	1.2462
62	92	0.860564
62	119	1.21139
62	125	0.865733
62	137	1.27185
62	152	0.888398
62	154	1.37853
62	158	0.886572
62	160	0.875835
62	162	0.8617
62	163	0.869775
62	165	0.865231
62	169	0.869172
62	172	1.29968
62	173	0.895956
62	175	0.861063
63	17	1.13054
63	33	1.42119
63	41	0.86029
63	93	0.857502
63	116	1.11772
63	138	0.86888
63	147	0.903972
63	150	0.877401
63	153	0.857205
63	160	0.88104
63	163	0.874981
63	164	0.874007
63	166	1.35707
63	167	0.870345
63	169	0.874378
63	175	1.37479
64	79	0.840033
64	90	0.866403
64	97	0.84938
64	104	0.891415
64	115	0.845834
64	116	0.95821
64	125	0.865497
64	127	0.852268
64	136	1.41625
64	150	1.28389
64	161	0.874414
64	173	0.89572
64	175	0.860826
64	176	1.24053
64	179	1.24466
64	180	1.22358
65	66	0.846735
65	72	1.21282
65	74	1.47924
65	93	0.83377
65	100	0.821183
65	105	0.879212
65	122	0.854602
65	124	0.850552
65	139	0.837221
65	147	0.88024
65	148	1.28326
65	154	1.51896
65	156	0.847979
65	163	0.851248
65	167	0.846613
65	169	0.850645
65	180	1.31548
66	29	0.868953
66	32	1.16568
66	65	0.846735
66	82	1.49824
66	127	1.45679
66	129	0.819139
66	138	0.842827
66	145	1.27394
66	147	0.87792
66	156	0.845659
66	157	1.41001
66	160	0.854988
66	163	0.848928
66	164	0.847955
66	167	0.844292
66	169	0.848325
66	176	0.854279
67	18	0.785334
67	50	0.895451
67	54	0.897984
67	86	0.804287
67	87	1.31193
67	89	0.856346
67	118	0.860557
67	120	0.887587
67	126	0.827013
67	146	1.31022
67	157	0.841037
67	158	0.863539
67	162	0.838667
67	165	0.842198
67	172	1.46232
67	174	1.37064
67	176	1.35464
68	22	0.857912
68	45	0.832513
68	60	0.866599
68	89	0.857383
68	111	1.29413
68	114	1.44628
68	126	0.82805
68	128	0.864853
68	129	1.46102
68	152	0.866402
68	155	0.836702
68	157	0.842074
68	158	0.864575
68	162	0.839703
68	165	0.843234
68	167	1.33787
68	170	1.25689
69	86	1.47093
69	92	1.37932
69	111	0.852546
69	114	1.4292
69	136	0.841471
69	141	0.840202
69	147	1.17041
69	153	1.34112
69	154	0.831989
69	159	0.868109
69	166	0.858501
69	170	0.863393
69	171	0.844824
69	172	0.842767
69	174	0.845256
69	177	0.851766
69	180	0.859176
70	102	0.86714
70	108	1.26007
70	110	0.835393
70	113	0.887751
70	114	0.814935
70	117	0.870508
70	130	0.84076
70	131	0.835642
70	133	0.838614
70	137	1.42359
70	142	0.835246
70	150	1.3871
70	159	1.34144
70	161	0.846246
70	171	1.39717
70	176	0.846722
70	178	0.881043
71	4	0.893775
71	5	0.886553
71	7	0.792032
71	36	0.829812
71	43	0.829812
71	46	0.925365
71	59	0.864639
71	80	0.924639
71	108	1.2135
71	109	1.24573
71	150	1.34052
71	168	0.869437
71	173	0.885221
71	174	1.31316
71	176	1.29716
71	178	0.898713
72	65	1.21282
72	74	0.87582
72	107	0.930776
72	111	0.894875
72	131	1.30953
72	135	0.903493
72	146	0.919431
72	148	0.91541
72	154	0.874318
72	158	1.13972
72	164	1.20548
72	167	1.20666
72	173	1.11805
72	174	0.887585
72	176	0.90714
72	177	0.894095
72	179	0.895552
72	180	0.901505
73	4	1.33189
73	25	0.850325
73	52	0.865687
73	55	1.36758
73	84	0.774651
73	94	0.875585
73	101	0.786897
73	102	0.850427
73	108	1.42034
73	110	0.81868
73	112	1.56718
73	130	0.824047
73	131	0.818929
73	133	0.821901
73	142	0.818533
73	176	0.830009
73	177	1.5187
73	178	0.86433
74	61	1.35431
74	65	1.47924
74	72	0.87582
74	84	1.60014
74	87	0.857155
74	99	0.80038
74	117	1.35496
74	136	0.809482
74	144	0.866344
74	148	0.841092
74	158	1.40614
74	166	0.826512
74	170	0.831404
74	171	0.812835
74	172	0.810778
74	177	0.819777
74	179	0.821234
74	180	0.827187
75	105	0.925729
75	106	0.927142
75	133	1.24597
75	138	0.891664
75	139	0.883737
75	144	1.12783
75	145	1.11546
75	149	0.908571
75	153	0.879989
75	156	0.894496
75	159	1.19583
75	160	0.903824
75	163	0.897765
75	164	0.896792
75	166	1.25284
75	167	0.893129
75	169	0.897162
75	175	1.27056
76	29	1.1769
76	59	1.20737
76	60	1.1992
76	98	0.934828
76	111	0.895903
76	136	0.884828
76	148	0.916438
76	149	1.18781
76	159	0.911466
76	160	1.21534
76	166	0.901858
76	169	1.2087
76	171	0.888181
76	172	0.886124
76	174	0.888613
76	175	0.894105
76	177	0.895123
76	180	0.902533
77	14	0.776789
77	92	0.826047
77	130	1.48209
77	139	0.821231
77	148	1.38565
77	149	0.846065
77	150	0.837679
77	153	0.817483
77	156	0.831989
77	161	0.840133
77	163	0.835258
77	167	0.830623
77	169	0.834655
77	173	0.861439
77	174	1.45081
77	176	0.840609
77	177	1.44951
77	179	1.43895
78	98	1.3561
78	99	1.49695
78	122	0.835151
78	132	0.843487
78	134	0.833909
78	138	0.825696
78	139	0.81777
78	140	1.41173
78	149	0.842604
78	153	0.814021
78	156	0.828528
78	160	0.837857
78	163	0.831797
78	164	0.830824
78	167	0.827162
78	169	0.831194
78	170	1.44524
78	171	1.5
79	9	0.76099
79	10	1.30368
79	23	0.85161
79	64	0.840033
79	90	0.820801
79	97	0.803778
79	104	0.845812
79	115	0.800232
79	116	0.912608
79	125	0.819894
79	145	0.85009
79	150	1.48042
79	161	0.828811
79	172	1.54474
79	173	0.850117
79	175	0.815224
79	176	1.43706
79	179	1.44119
80	4	0.953775
80	5	0.946553
80	7	0.852032
80	24	1.14173
80	36	0.889812
80	43	0.889812
80	46	0.985365
80	50	1.05511
80	59	0.924639
80	71	0.924639
80	125	1.17284
80	154	1.26386
80	168	0.929437
80	173	0.945221
80	176	1.07733
80	177	1.09202
80	178	0.958713
81	18	1.75102
81	35	0.813275
81	56	1.36451
81	85	0.78844
81	96	1.5992
81	137	0.804813
81	140	0.843173
81	148	0.834753
81	154	0.79366
81	159	0.829781
81	161	1.42801
81	165	1.4503
81	170	0.825065
81	171	0.806495
81	172	0.804439
81	174	0.806927
81	177	0.813437
81	179	0.814894
81	180	0.820848
82	3	1.67276
82	66	1.49824
82	95	0.79778
82	108	0.837679
82	126	1.49644
82	144	0.84884
82	145	0.836121
82	148	0.823588
82	151	0.809749
82	159	0.818616
82	164	1.46671
82	166	0.809007
82	169	1.46335
82	170	0.8139
82	172	0.793274
82	174	0.795762
82	177	0.802272
82	179	0.803729
82	180	0.809683
83	16	1.34072
83	42	0.896638
83	92	1.64515
83	98	0.838771
83	107	0.835747
83	119	0.813879
83	136	0.78877
83	138	1.55466
83	140	0.828801
83	141	0.787501
83	159	0.815409
83	161	1.55477
83	166	0.8058
83	172	0.790067
83	173	1.49802
83	174	0.792555
83	177	0.799065
83	179	0.800522
83	180	0.806476
84	24	0.827066
84	25	0.829102
84	48	0.85682
84	51	0.858289
84	73	0.774651
84	74	1.60014
84	99	1.50371
84	102	0.829204
84	110	0.797457
84	111	1.48924
84	114	0.776999
84	130	0.802824
84	131	0.797706
84	133	0.800678
84	142	0.79731
84	153	1.5533
84	176	0.808786
84	178	0.843107
84	179	1.45745
85	81	0.78844
85	111	0.813835
85	130	1.55545
85	136	0.802759
85	144	0.859622
85	147	1.43745
85	148	0.834369
85	150	0.823169
85	154	0.793277
85	163	1.57515
85	164	1.58665
85	166	0.819789
85	171	0.806112
85	172	0.804056
85	174	0.806544
85	177	0.813054
85	178	1.4394
85	179	0.814511
85	180	0.820464
86	14	1.72588
86	60	0.829807
86	67	0.804287
86	69	1.47093
86	96	0.796684
86	99	1.52679
86	118	0.824802
86	121	0.802499
86	126	0.791258
86	128	0.828062
86	144	1.40611
86	152	0.82961
86	155	0.79991
86	157	0.805282
86	158	0.827784
86	162	0.802912
86	165	0.806443
86	176	1.4764
86	178	0.85066
87	67	1.31193
87	74	0.857155
87	88	0.885817
87	101	1.42892
87	102	1.21507
87	104	1.21183
87	120	1.16749
87	136	0.865135
87	146	0.900767
87	151	0.882907
87	157	1.2573
87	166	0.882165
87	170	0.887058
87	171	0.868488
87	172	0.866432
87	174	0.86892
87	177	0.87543
87	179	0.876887
87	180	0.882841
88	30	1.38093
88	47	1.39023
88	87	0.885817
88	98	0.888144
88	142	1.32797
88	146	0.873775
88	154	0.828662
88	158	1.2942
88	159	0.864782
88	162	1.38896
88	166	0.855174
88	168	0.86653
88	170	0.860066
88	171	0.841497
88	172	0.83944
88	174	0.841929
88	177	0.848439
88	178	1.2127
88	179	0.849896
88	180	0.855849
89	45	0.84778
89	46	1.1345
89	60	0.881866
89	67	0.856346
89	68	0.857383
89	121	0.854558
89	123	0.856016
89	126	0.843317
89	127	0.845776
89	141	1.47958
89	142	1.38239
89	155	0.851969
89	157	0.857341
89	158	0.879842
89	159	1.3336
89	162	0.854971
89	165	0.858502
89	175	0.854333
89	176	1.3359
89	179	1.34003
90	16	0.882843
90	37	0.821281
90	64	0.866403
90	79	0.820801
90	91	1.38359
90	94	1.21557
90	97	0.830148
90	104	0.872183
90	115	0.826602
90	116	0.938978
90	125	0.846265
90	135	1.36421
90	143	0.844773
90	145	0.87646
90	161	0.855181
90	173	0.876487
90	174	1.35532
90	175	0.841594
90	176	1.33932
90	177	1.35401
91	22	1.33083
91	40	1.06791
91	90	1.38359
91	99	0.833999
91	107	0.890077
91	115	1.46445
91	125	1.38638
91	137	0.844771
91	143	0.855557
91	151	0.860872
91	155	1.36283
91	159	0.869739
91	166	0.86013
91	170	0.865023
91	171	0.846453
91	172	0.844397
91	174	0.846885
91	176	0.866441
91	179	0.854852
91	180	0.860806
92	15	0.787464
92	62	0.860564
92	69	1.37932
92	77	0.826047
92	83	1.64515
92	113	1.31797
92	122	0.847584
92	129	0.814441
92	132	0.85592
92	134	0.846342
92	147	0.873222
92	153	0.826455
92	156	0.840961
92	160	0.85029
92	163	0.84423
92	164	0.843257
92	167	0.839595
92	168	1.34534
92	169	0.843627
92	174	1.40079
92	178	1.31601
93	20	0.852599
93	63	0.857502
93	65	0.83377
93	120	1.30875
93	134	0.838075
93	138	0.829862
93	139	0.821935
93	147	0.864954
93	153	0.818187
93	154	1.53168
93	159	1.34286
93	160	0.842022
93	162	1.45264
93	163	0.835963
93	164	0.834989
93	167	0.831327
93	169	0.835359
93	173	0.862144
93	175	1.41759
93	176	0.841313
93	179	1.34928
94	18	0.842961
94	23	1.20099
94	48	0.957754
94	59	1.19664
94	73	0.875585
94	90	1.21557
94	122	1.25733
94	131	0.89864
94	140	0.926409
94	145	0.930523
94	155	0.893292
94	156	1.2065
94	157	0.898664
94	162	0.896294
94	165	0.899825
94	167	1.2025
94	172	0.887675
94	173	1.1139
94	174	0.890163
94	179	0.898131
94	180	0.904084
95	9	1.66952
95	33	1.34957
95	36	1.3469
95	82	0.79778
95	108	0.868966
95	115	1.40431
95	135	0.842958
95	141	0.821995
95	144	0.880127
95	148	0.854875
95	149	1.28496
95	151	0.841036
95	159	0.849903
95	162	1.33822
95	171	0.826617
95	174	0.827049
95	175	0.832542
95	176	0.846605
95	177	0.833559
95	179	0.835016
95	180	0.84097
96	13	0.885329
96	42	1.13026
96	81	1.5992
96	86	0.796684
96	118	0.852953
96	123	0.832108
96	126	0.81941
96	127	0.821868
96	140	1.43076
96	145	1.38293
96	148	1.41643
96	150	0.841559
96	152	0.857762
96	155	0.828062
96	157	0.833434
96	158	0.855935
96	162	0.831064
96	165	0.834595
96	175	0.830426
96	178	0.878811
96	180	1.44865
97	9	0.770337
97	21	0.850153
97	23	0.860957
97	30	0.83768
97	64	0.84938
97	79	0.803778
97	90	0.830148
97	104	0.85516
97	113	1.30778
97	115	0.809579
97	116	0.921955
97	125	0.829242
97	135	1.39949
97	145	0.859437
97	155	1.44656
97	161	0.838158
97	169	1.44971
97	171	1.42804
97	173	0.859464
97	175	0.824571
97	176	1.3746
98	44	1.37038
98	76	0.934828
98	78	1.3561
98	83	0.838771
98	88	0.888144
98	100	1.40537
98	116	0.971509
98	124	1.28492
98	137	0.869133
98	148	0.899073
98	151	0.885234
98	154	0.85798
98	158	1.16886
98	164	1.23462
98	166	0.884492
98	170	0.889385
98	171	0.870815
98	172	0.868759
98	174	0.871247
98	177	0.877757
98	179	0.879214
98	180	0.885168
99	74	0.80038
99	78	1.49695
99	84	1.50371
99	86	1.52679
99	91	0.833999
99	100	1.54622
99	110	1.34472
99	136	0.80836
99	144	0.865223
99	146	0.843992
99	148	0.839971
99	159	0.834999
99	166	0.82539
99	167	1.37665
99	171	0.811713
99	172	0.809657
99	174	0.812145
99	175	0.817638
99	176	0.831701
99	177	0.818655
99	179	0.820112
99	180	0.826066
100	25	1.41482
100	27	0.844091
100	35	1.52399
100	65	0.821183
100	98	1.40537
100	99	1.54622
100	109	1.4444
100	117	0.852513
100	122	0.826729
100	124	0.822679
100	129	0.793587
100	132	0.835066
100	139	0.809348
100	143	1.47014
100	147	0.852367
100	153	0.8056
100	156	0.820107
100	160	0.829436
100	163	0.823376
100	164	0.822403
100	167	0.81874
100	169	0.822773
101	16	0.848217
101	24	0.839312
101	25	0.841348
101	33	0.804268
101	47	0.804457
101	48	0.869066
101	51	0.870535
101	58	0.828137
101	73	0.786897
101	87	1.42892
101	110	0.809703
101	114	0.789245
101	131	0.809952
101	133	0.812924
101	138	1.51932
101	142	0.809555
101	146	1.42721
101	168	1.43217
101	175	1.54406
101	176	0.821031
101	178	0.855353
101	180	1.45468
102	25	0.904879
102	52	0.92024
102	58	0.891668
102	70	0.86714
102	73	0.850427
102	84	0.829204
102	87	1.21507
102	108	1.17412
102	110	0.873233
102	114	0.852776
102	130	0.8786
102	131	0.873483
102	133	0.876454
102	142	0.873086
102	145	0.905365
102	151	1.30177
102	152	1.21193
102	157	1.31118
102	175	1.33021
102	176	0.884562
102	178	0.918884
102	179	1.26191
103	14	1.46771
103	16	1.05198
103	38	0.954675
103	109	0.885439
103	136	0.862853
103	137	0.864524
103	140	0.902884
103	141	0.861584
103	153	1.31821
103	154	0.853371
103	157	1.27163
103	159	0.889492
103	162	1.32571
103	166	0.879883
103	172	0.86415
103	173	1.20927
103	174	0.866638
103	176	0.886194
103	177	0.873148
103	178	1.14945
103	179	0.874605
103	180	0.880559
104	23	0.902991
104	30	0.879715
104	37	0.846293
104	64	0.891415
104	79	0.845812
104	87	1.21183
104	90	0.872183
104	97	0.85516
104	115	0.851613
104	116	0.963989
104	118	1.28387
104	125	0.871276
104	143	0.869784
104	145	0.901472
104	146	1.21011
104	161	0.880193
104	163	1.3215
104	170	1.25321
104	173	0.901499
104	175	0.866605
104	176	1.25453
104	177	1.26922
105	42	0.952601
105	44	0.862895
105	53	0.841491
105	65	0.879212
105	75	0.925729
105	122	0.884759
105	124	0.880709
105	127	1.38812
105	129	0.851616
105	139	0.867378
105	141	1.43162
105	143	1.26224
105	146	1.24352
105	147	0.910397
105	149	0.892212
105	156	0.878136
105	159	1.28564
105	160	0.887465
105	164	0.880432
105	167	0.87677
105	168	1.24849
105	169	0.880802
106	15	0.826052
106	38	1.07341
106	75	0.927142
106	119	1.28755
106	122	0.886172
106	129	0.853029
106	132	0.894508
106	134	0.884931
106	138	0.876718
106	149	0.893625
106	153	0.865043
106	155	1.34012
106	156	0.879549
106	163	0.882819
106	164	0.881845
106	167	0.878183
106	168	1.22871
106	169	0.882215
106	170	1.26684
106	175	1.3406
106	176	0.888169
106	179	1.27229
107	28	0.891851
107	41	1.32157
107	60	1.25049
107	72	0.930776
107	83	0.835747
107	91	0.890077
107	123	1.32544
107	124	1.31365
107	128	1.21146
107	136	0.864438
107	141	0.863169
107	144	0.921301
107	155	1.25683
107	166	0.881468
107	170	0.88636
107	171	0.867791
107	172	0.865735
107	174	0.868223
107	177	0.874733
107	178	1.11609
107	179	0.87619
107	180	0.882143
108	40	0.958886
108	43	1.30957
108	70	1.26007
108	71	1.2135
108	73	1.42034
108	82	0.837679
108	95	0.868966
108	102	1.17412
108	121	0.872666
108	130	1.21022
108	133	1.21078
108	153	0.863377
108	156	0.877884
108	157	0.875449
108	159	0.889802
108	162	0.873078
108	163	0.881153
108	165	0.876609
108	168	0.89155
108	170	0.885086
108	174	0.866948
108	180	0.880869
109	71	1.24573
109	100	1.4444
109	103	0.885439
109	119	0.865156
109	129	1.39798
109	134	1.29076
109	135	0.859741
109	140	0.880078
109	144	0.89691
109	146	0.875679
109	148	0.871658
109	151	0.857819
109	160	1.27693
109	163	1.26215
109	164	1.27365
109	166	0.857077
109	170	0.86197
109	171	0.8434
109	172	0.841344
109	174	0.843832
109	177	0.850343
109	179	0.851799
109	180	0.857753
110	20	1.32214
110	25	0.873131
110	30	1.39378
110	33	0.836051
110	58	0.859921
110	70	0.835393
110	73	0.81868
110	84	0.797457
110	99	1.34472
110	101	0.809703
110	102	0.873233
110	114	0.821028
110	117	0.876601
110	130	0.846852
110	133	0.844707
110	141	1.43801
110	142	0.841338
110	145	0.873617
110	154	1.48086
110	161	0.852339
110	168	1.25488
110	169	1.36944
110	176	0.852814
110	178	0.887136
111	39	0.839402
111	45	1.43813
111	49	0.8941
111	56	1.26682
111	68	1.29413
111	69	0.852546
111	72	0.894875
111	76	0.895903
111	84	1.48924
111	85	0.813835
111	121	1.35635
111	126	1.39073
111	136	0.828537
111	151	0.846309
111	154	0.819055
111	166	0.845567
111	167	1.36218
111	170	0.85046
111	171	0.83189
111	172	0.829834
111	174	0.832322
111	177	0.838832
111	179	0.840289
111	180	0.846243
112	4	1.13768
112	36	1.42596
112	43	1.45641
112	46	1.10838
112	47	1.41853
112	73	1.56718
112	115	1.48337
112	118	0.864964
112	121	0.842661
112	123	0.844119
112	137	0.83483
112	157	0.845444
112	160	0.857208
112	162	0.843074
112	164	0.850175
112	165	0.846605
112	166	0.850189
112	167	0.846513
112	169	0.850546
112	172	0.834455
112	174	0.836944
112	176	0.8565
112	179	0.844911
112	180	0.850864
113	20	1.2076
113	30	1.27924
113	40	0.956826
113	70	0.887751
113	92	1.31797
113	97	1.30778
113	119	0.90694
113	130	0.899211
113	131	0.894094
113	142	0.893697
113	147	1.10906
113	151	0.899604
113	152	0.918445
113	155	0.888745
113	158	0.916618
113	162	0.891747
113	163	1.24676
113	165	0.895278
113	172	0.883129
113	173	1.17083
113	177	0.892127
113	178	0.939494
113	179	0.893584
113	180	0.899537
114	24	0.850638
114	47	0.815782
114	48	0.880392
114	51	0.88186
114	58	0.839463
114	68	1.44628
114	69	1.4292
114	70	0.814935
114	84	0.776999
114	101	0.789245
114	102	0.852776
114	110	0.821028
114	130	0.826395
114	131	0.821278
114	133	0.824249
114	142	0.820881
114	143	1.40897
114	145	0.85316
114	150	1.47803
114	152	1.38883
114	161	0.831881
114	176	0.832357
114	178	0.866679
114	179	1.4388
114	180	1.41773
115	9	0.766791
115	23	0.857411
115	30	0.834134
115	35	1.44835
115	37	0.800712
115	64	0.845834
115	79	0.800232
115	90	0.826602
115	91	1.46445
115	95	1.40431
115	97	0.809579
115	104	0.851613
115	112	1.48337
115	116	0.918408
115	117	0.858874
115	125	0.825695
115	127	0.812467
115	143	0.824203
115	144	1.34989
115	145	0.855891
115	161	0.834612
115	173	0.855918
115	175	0.821024
115	176	1.42019
115	177	1.43488
116	6	0.999391
116	9	0.879167
116	16	0.97465
116	30	0.94651
116	37	0.913088
116	53	1.34943
116	63	1.11772
116	64	0.95821
116	79	0.912608
116	90	0.938978
116	97	0.921955
116	98	0.971509
116	104	0.963989
116	115	0.918408
116	117	0.97125
116	125	0.938071
116	127	0.924843
116	141	1.20566
116	143	0.936579
116	150	1.10533
116	166	1.11669
116	173	0.968294
116	175	0.9334
116	177	1.07667
116	179	1.0661
117	9	0.819633
117	35	1.2363
117	51	0.937433
117	58	0.895036
117	70	0.870508
117	74	1.35496
117	100	0.852513
117	110	0.876601
117	115	0.858874
117	116	0.97125
117	125	0.878537
117	133	0.879822
117	137	1.288
117	142	0.876454
117	148	1.15898
117	155	1.2801
117	156	0.87931
117	160	0.888638
117	164	0.881605
117	167	0.877943
117	168	1.16869
117	169	0.881976
117	170	1.20682
117	172	1.31582
117	175	0.873866
118	13	0.913447
118	17	1.10413
118	45	0.851991
118	53	1.5634
118	67	0.860557
118	86	0.824802
118	96	0.852953
118	104	1.28387
118	112	0.864964
118	120	0.908102
118	123	0.860226
118	126	0.847528
118	145	1.19328
118	150	0.869677
118	152	0.885879
118	155	0.85618
118	157	0.861552
118	158	0.884053
118	162	0.859181
118	165	0.862712
118	166	1.33066
118	168	0.877653
118	172	1.38363
118	175	0.858544
118	177	1.29064
118	180	1.259
119	20	1.29381
119	38	0.934392
119	62	1.21139
119	83	0.813879
119	106	1.28755
119	109	0.865156
119	113	0.90694
119	132	1.31096
119	134	1.36158
119	140	0.8826
119	141	0.841301
119	143	0.855026
119	144	0.899433
119	146	0.878202
119	148	0.874181
119	149	1.32022
119	151	0.860342
119	159	0.869209
119	160	1.34775
119	166	0.8596
119	171	0.845923
119	173	1.25704
119	174	0.846355
119	177	0.852865
119	179	0.854322
119	180	0.860276
120	2	1.13602
120	11	0.945852
120	12	0.926509
120	57	1.22059
120	67	0.887587
120	87	1.16749
120	93	1.30875
120	118	0.908102
120	121	0.885799
120	123	0.887257
120	126	0.874558
120	127	0.877017
120	128	0.911362
120	144	1.1399
120	152	0.91291
120	155	0.88321
120	157	0.888582
120	158	0.911083
120	159	1.2079
120	162	0.886212
120	165	0.889743
120	168	0.904684
120	175	0.885574
120	176	1.2102
120	177	1.22489
120	178	0.933959
120	180	1.19325
121	13	0.891144
121	18	0.783547
121	50	0.893663
121	54	0.896196
121	55	1.18401
121	56	0.876346
121	86	0.802499
121	89	0.854558
121	108	0.872666
121	111	1.35635
121	112	0.842661
121	120	0.885799
121	123	0.837924
121	126	0.825225
121	128	0.862029
121	132	1.3654
121	151	1.36442
121	152	0.863577
121	154	1.50697
121	155	0.833877
121	157	0.839249
121	158	0.861751
121	159	1.31814
121	162	0.836879
121	163	1.38741
121	165	0.84041
121	176	1.32044
122	12	1.25906
122	15	0.800028
122	37	1.46576
122	44	0.838284
122	65	0.854602
122	78	0.835151
122	92	0.847584
122	94	1.25733
122	100	0.826729
122	105	0.884759
122	106	0.886172
122	124	0.856098
122	132	0.868485
122	139	0.842767
122	145	1.29842
122	148	1.33192
122	153	0.839019
122	156	0.853526
122	157	1.43449
122	160	0.862854
122	163	0.856795
122	164	0.855821
122	167	0.852159
122	169	0.856192
122	173	0.882976
122	177	1.39578
122	180	1.36414
123	10	1.25379
123	48	1.24136
123	56	0.877803
123	60	0.865232
123	89	0.856016
123	96	0.832108
123	107	1.32544
123	112	0.844119
123	118	0.860226
123	120	0.887257
123	121	0.837924
123	126	0.826682
123	128	0.863486
123	142	1.43366
123	143	0.840878
123	148	1.33801
123	152	0.865034
123	155	0.835335
123	157	0.840707
123	158	0.863208
123	162	0.838336
123	165	0.841867
123	170	1.38585
123	171	1.44061
123	175	0.837699
123	176	1.38718
123	178	0.886084
124	27	0.87346
124	53	0.81283
124	65	0.850552
124	98	1.28492
124	100	0.822679
124	105	0.880709
124	107	1.31365
124	122	0.856098
124	129	0.822956
124	138	0.846644
124	139	0.838717
124	145	1.29272
124	147	0.881736
124	149	0.863551
124	156	0.849475
124	157	1.42879
124	158	1.3881
124	160	0.858804
124	163	0.852745
124	164	0.851771
124	167	0.848109
124	169	0.852142
124	171	1.42882
124	173	0.878926
124	176	0.858096
124	178	1.30661
124	180	1.35844
125	6	1.27953
125	9	0.786454
125	23	0.877073
125	30	0.853797
125	37	0.820374
125	62	0.865733
125	64	0.865497
125	79	0.819894
125	80	1.17284
125	90	0.846265
125	91	1.38638
125	97	0.829242
125	104	0.871276
125	115	0.825695
125	116	0.938071
125	117	0.878537
125	127	0.83213
125	143	0.843866
125	145	0.875554
125	154	1.52865
125	161	0.854275
125	172	1.4498
125	173	0.875581
125	174	1.35811
125	175	0.840687
125	177	1.35681
125	178	1.27334
126	29	1.39812
126	50	0.882422
126	56	0.865105
126	61	0.845827
126	67	0.827013
126	68	0.82805
126	82	1.49644
126	86	0.791258
126	89	0.843317
126	96	0.81941
126	111	1.39073
126	118	0.847528
126	120	0.874558
126	121	0.825225
126	123	0.826682
126	128	0.850788
126	155	0.822636
126	156	1.43846
126	157	0.828008
126	158	0.850509
126	160	1.43657
126	165	0.829169
126	168	0.84411
126	173	1.34586
126	175	0.825
126	176	1.35481
126	178	0.873385
126	180	1.33786
127	33	1.46562
127	43	1.49341
127	46	1.14538
127	64	0.852268
127	66	1.45679
127	89	0.845776
127	96	0.821868
127	105	1.38812
127	115	0.812467
127	116	0.924843
127	120	0.877017
127	125	0.83213
127	138	1.39448
127	141	0.816912
127	146	0.853813
127	155	0.825095
127	158	0.852968
127	162	0.828096
127	164	1.42526
127	165	0.831627
127	167	1.42644
127	171	0.821534
127	172	0.819478
127	173	0.862352
127	175	0.827459
127	177	0.828476
127	179	0.829933
127	180	0.835887
128	3	0.799689
128	10	1.13981
128	12	0.902739
128	22	0.88065
128	60	0.889337
128	68	0.864853
128	86	0.828062
128	107	1.21146
128	120	0.911362
128	121	0.862029
128	123	0.863486
128	126	0.850788
128	137	1.35305
128	143	0.864983
128	146	1.22877
128	152	0.889139
128	155	0.85944
128	157	0.864812
128	158	0.887313
128	160	1.35495
128	162	0.862441
128	164	1.35167
128	165	0.865972
128	168	0.880913
128	169	1.3483
128	171	1.32663
128	174	1.28919
128	175	0.861804
128	178	0.910189
129	19	0.843821
129	27	0.844367
129	29	0.843677
129	37	1.53409
129	66	0.819139
129	68	1.46102
129	92	0.814441
129	100	0.793587
129	105	0.851616
129	106	0.853029
129	109	1.39798
129	124	0.822956
129	132	0.835342
129	138	0.817551
129	143	1.42371
129	147	0.852644
129	149	0.834459
129	153	0.805876
129	156	0.820383
129	160	0.829712
129	163	0.823652
129	164	0.822679
129	167	0.819017
129	168	1.40996
129	169	0.823049
129	174	1.46541
129	176	0.829003
129	177	1.4641
129	179	1.45354
130	1	0.794475
130	25	0.878498
130	33	0.841417
130	47	0.841606
130	48	0.906216
130	49	1.21377
130	51	0.907684
130	52	0.893859
130	58	0.865287
130	70	0.84076
130	73	0.824047
130	77	1.48209
130	84	0.802824
130	85	1.55545
130	102	0.8786
130	108	1.21022
130	110	0.846852
130	113	0.899211
130	114	0.826395
130	131	0.847102
130	133	0.850073
130	142	0.846705
130	150	1.33724
130	152	1.24804
130	153	1.39387
130	158	1.3066
130	161	0.857705
130	168	1.25443
130	176	0.858181
130	178	0.892503
131	16	0.88025
131	17	1.25732
131	21	1.3922
131	24	0.871345
131	25	0.873381
131	32	1.2382
131	33	0.8363
131	38	1.23438
131	47	0.836489
131	48	0.901099
131	49	1.34902
131	51	0.902567
131	52	0.888742
131	70	0.835642
131	72	1.30953
131	73	0.818929
131	84	0.797706
131	94	0.89864
131	101	0.809952
131	102	0.873483
131	113	0.894094
131	114	0.821278
131	130	0.847102
131	133	0.844956
131	142	0.841588
131	145	0.873867
131	147	1.3584
131	151	1.47312
131	161	0.852588
131	168	1.38968
132	14	0.806662
132	15	0.808364
132	25	1.21056
132	28	1.32005
132	78	0.843487
132	92	0.85592
132	100	0.835066
132	106	0.894508
132	119	1.31096
132	121	1.3654
132	122	0.868485
132	129	0.835342
132	134	0.867243
132	136	1.46729
132	138	0.85903
132	139	0.851104
132	143	1.26588
132	147	0.894123
132	149	0.875938
132	153	0.847355
132	156	0.861862
132	160	0.871191
132	161	0.870006
132	163	0.865131
132	164	0.864158
132	167	0.860496
132	169	0.864528
132	172	1.39925
132	175	1.36401
132	177	1.30627
133	24	0.874316
133	25	0.876352
133	33	0.839272
133	47	0.839461
133	48	0.90407
133	51	0.905539
133	52	0.891714
133	58	0.863142
133	70	0.838614
133	73	0.821901
133	75	1.24597
133	84	0.800678
133	101	0.812924
133	102	0.876454
133	108	1.21078
133	110	0.844707
133	114	0.824249
133	117	0.879822
133	130	0.850073
133	131	0.844956
133	141	1.43813
133	142	0.844559
133	145	0.876839
133	150	1.33781
133	155	1.3664
133	160	1.37621
133	169	1.36956
133	170	1.29313
133	175	1.36688
133	178	0.890357
134	14	0.797084
134	29	0.875578
134	34	0.842671
134	40	0.933286
134	44	0.837043
134	55	1.20577
134	78	0.833909
134	92	0.846342
134	93	0.838075
134	106	0.884931
134	109	1.29076
134	119	1.36158
134	132	0.867243
134	135	1.36708
134	138	0.849453
134	145	1.25953
134	147	0.884545
134	153	0.837778
134	156	0.852284
134	160	0.861613
134	161	0.860429
134	163	0.855553
134	164	0.85458
134	166	1.39691
134	167	0.850918
134	169	0.85495
134	173	0.881735
134	174	1.35819
134	175	1.41463
134	177	1.35689
135	39	0.84802
135	49	0.902718
135	60	1.33711
135	72	0.903493
135	90	1.36421
135	95	0.842958
135	97	1.39949
135	109	0.859741
135	134	1.36708
135	136	0.837155
135	137	0.838826
135	140	0.877185
135	144	0.894018
135	146	0.872787
135	148	0.868765
135	149	1.32571
135	151	0.854927
135	154	0.827673
135	157	1.32489
135	161	1.31929
135	166	0.854185
135	167	1.35114
135	171	0.840508
135	172	0.838452
135	174	0.84094
135	175	0.846432
135	177	0.84745
135	178	1.20271
135	179	0.848907
135	180	0.854861
136	16	1.25608
136	61	1.38321
136	64	1.41625
136	69	0.841471
136	74	0.809482
136	76	0.884828
136	83	0.78877
136	85	0.802759
136	87	0.865135
136	99	0.80836
136	103	0.862853
136	107	0.864438
136	111	0.828537
136	132	1.46729
136	135	0.837155
136	140	0.857492
136	151	0.835234
136	160	1.50409
136	166	0.834492
136	167	1.50198
136	168	0.845849
136	169	1.49744
136	170	0.839384
136	171	0.820815
136	172	0.818758
136	173	1.41337
136	174	0.821247
136	176	0.840803
136	177	0.827757
136	178	1.35355
136	179	0.829214
136	180	0.835167
137	6	0.884946
137	17	0.891111
137	32	0.920718
137	50	1.30424
137	55	0.890036
137	62	1.27185
137	70	1.42359
137	81	0.804813
137	91	0.844771
137	98	0.869133
137	103	0.864524
137	112	0.83483
137	117	1.288
137	128	1.35305
137	135	0.838826
137	138	1.37415
137	140	0.859163
137	144	0.875995
137	148	0.850743
137	151	0.836904
137	159	0.845771
137	161	1.37426
137	164	1.40493
137	165	1.39655
137	166	0.836162
137	168	0.847519
137	169	1.40157
137	170	0.841055
137	171	0.822485
137	172	0.820429
137	174	0.822917
137	177	0.829427
137	179	0.830884
137	180	0.836838
138	15	0.790574
138	19	0.86751
138	20	0.863977
138	29	0.867365
138	34	0.834458
138	61	1.25518
138	63	0.86888
138	66	0.842827
138	75	0.891664
138	78	0.825696
138	83	1.55466
138	93	0.829862
138	101	1.51932
138	106	0.876718
138	124	0.846644
138	127	1.39448
138	129	0.817551
138	132	0.85903
138	134	0.849453
138	137	1.37415
138	147	0.876332
138	149	0.858147
138	156	0.844071
138	160	0.8534
138	163	0.847341
