1	37	0.812869
1	48	0.815264
1	56	0.794752
1	59	0.797406
1	70	0.780921
1	111	0.808435
1	120	0.784756
1	149	1.863
1	158	1.361
1	161	0.804488
1	162	0.806704
1	180	2.26813
2	29	0.740329
2	37	0.722379
2	64	0.766808
2	91	0.710503
2	95	0.712609
2	108	4.79302
2	110	0.605856
2	111	0.717944
2	115	0.710102
2	120	0.694266
2	161	0.713998
2	162	0.716214
3	134	0.742834
3	136	1.97833
3	139	2.40944
3	156	0.752663
3	172	0.71298
3	173	0.706436
3	175	0.729245
3	176	0.693961
3	177	0.733406
3	178	0.70282
3	179	0.72455
3	180	0.700866
4	9	2.27112
4	75	0.836753
4	107	1.82713
4	113	1.28382
4	142	0.808166
4	145	0.792576
4	153	0.799355
4	157	0.789606
4	163	0.793232
4	165	0.78499
4	166	0.787094
4	169	0.806532
5	20	2.66079
5	77	2.53879
5	112	0.695646
5	116	0.729733
5	136	0.740002
5	139	0.710356
5	151	0.715861
5	154	0.731495
5	157	0.716938
5	165	0.712322
5	166	0.714426
5	169	0.733864
6	15	2.53095
6	16	0.736999
6	82	0.742863
6	108	0.676426
6	137	1.77817
6	172	0.719327
6	175	0.735593
6	176	0.700309
6	177	0.739753
6	178	0.709167
6	179	0.730897
6	180	0.707213
7	17	0.688665
7	51	0.722018
7	52	0.721899
7	54	0.721323
7	73	0.757194
7	93	0.716587
7	94	0.721333
7	102	0.702921
7	125	2.47906
7	152	0.705134
7	170	2.78854
7	174	0.747776
8	41	0.673888
8	48	0.738825
8	67	0.718688
8	91	0.724554
8	95	0.72666
8	111	0.731995
8	115	0.724153
8	120	0.708317
8	161	0.728049
8	162	0.730265
8	168	2.5264
8	170	2.73621
9	4	2.27112
9	75	2.30987
9	108	0.662049
9	110	0.77184
9	135	0.762059
9	150	0.737146
9	171	0.723914
9	175	0.721215
9	176	0.685931
9	177	0.725375
9	179	0.71652
9	180	0.692835
10	13	0.698932
10	26	0.689443
10	36	0.67757
10	83	0.754814
10	97	2.18152
10	118	0.726629
10	123	0.734204
10	124	0.739807
10	127	0.730075
10	167	0.748325
10	168	3.0265
10	170	0.705995
11	96	0.687011
11	144	0.651191
11	150	0.668028
11	159	0.669903
11	162	0.675189
11	163	4.57893
11	171	0.654796
11	172	0.635831
11	173	0.629288
11	177	0.656257
11	179	0.647402
11	180	0.623717
12	108	0.602826
12	150	0.677923
12	158	0.685311
12	166	4.58525
12	168	0.667406
12	171	0.664691
12	172	0.645727
12	175	0.661992
12	177	0.666152
12	178	0.635567
12	179	0.657297
12	180	0.633612
13	10	0.698932
13	26	0.681439
13	30	0.681763
13	34	2.57623
13	74	0.766032
13	88	0.724837
13	123	0.7262
13	124	0.731803
13	126	0.724578
13	129	0.727612
13	167	0.740321
13	171	2.65134
14	17	0.691382
14	55	0.723965
14	60	0.737888
14	66	0.70444
14	73	0.759911
14	93	0.719303
14	94	0.72405
14	102	0.705638
14	112	0.69038
14	144	2.86561
14	168	2.36874
14	174	0.750492
15	6	2.53095
15	39	0.73982
15	79	0.731896
15	118	0.711743
15	123	0.719319
15	124	0.724921
15	126	0.717697
15	127	0.71519
15	161	0.718248
15	167	0.73344
15	170	0.691109
15	179	2.49089
16	6	0.736999
16	64	2.1263
16	92	0.751735
16	124	2.29499
16	148	0.69576
16	170	0.712722
16	171	0.721684
16	174	0.763617
16	175	0.718985
16	178	0.692559
16	179	0.714289
16	180	0.690605
17	7	0.688665
17	14	0.691382
17	52	0.721856
17	61	0.726188
17	73	0.757151
17	80	0.739494
17	94	0.72129
17	102	0.702878
17	104	2.0345
17	152	0.705091
17	174	0.747732
17	177	3.17481
18	55	1.47411
18	100	1.33422
18	115	1.63559
18	160	0.808088
18	168	0.787062
18	172	0.765383
18	173	0.758839
18	174	0.826281
18	175	0.781648
18	177	0.785808
18	178	0.755223
18	179	0.776953
18	180	0.753269
19	92	0.819718
19	114	1.37533
19	151	1.91723
19	154	1.34275
19	160	0.813407
19	172	0.770702
19	173	0.764159
19	175	0.786968
19	176	0.751684
19	177	0.791128
19	178	0.760542
19	179	0.782272
19	180	0.758588
20	5	2.66079
20	82	0.714421
20	117	0.770715
20	131	0.731586
20	139	2.32388
20	147	0.703047
20	150	0.723082
20	173	0.684342
20	175	0.707151
20	176	0.671867
20	177	0.711311
20	179	0.702456
20	180	0.678771
21	50	2.40801
21	121	0.69054
21	135	0.75863
21	154	2.39877
21	164	0.732808
21	168	0.7232
21	172	0.701521
21	173	0.694977
21	176	0.682502
21	177	0.721946
21	178	0.691361
21	179	0.713091
21	180	0.689406
22	38	5.6
22	109	0.756445
22	136	0.798035
22	151	0.773894
22	154	0.789528
22	157	0.774971
22	158	0.792479
22	163	0.778597
22	164	0.491057
22	165	0.770355
22	166	0.772459
22	169	0.791897
22	177	0.368668
23	74	0.751994
23	76	0.669573
23	98	0.702855
23	122	2.67025
23	123	0.712163
23	126	0.710541
23	127	0.708034
23	129	0.713574
23	131	2.99766
23	143	0.711853
23	161	0.711092
23	167	0.726284
23	170	0.683953
24	105	0.798454
24	110	1.87026
24	132	0.768368
24	145	0.776763
24	153	0.783542
24	154	0.78835
24	155	1.96109
24	157	0.773792
24	163	0.777418
24	165	0.769176
24	166	0.77128
24	168	2.11702
24	169	0.790718
25	85	0.679037
25	134	0.73116
25	136	2.30452
25	147	0.713467
25	153	2.48611
25	158	0.74089
25	171	0.72027
25	175	0.717571
25	176	0.682287
25	177	0.721731
25	178	0.691146
25	179	0.712876
25	180	0.689191
26	10	0.689443
26	13	0.681439
26	39	0.737212
26	88	0.715347
26	118	0.709135
26	123	0.716711
26	124	0.722313
26	126	0.715088
26	127	0.712582
26	135	2.33756
26	143	0.7164
26	149	3.29308
26	170	0.688501
27	31	0.748522
27	45	2.22089
27	72	0.712025
27	98	0.710048
27	114	2.60211
27	122	0.728395
27	126	0.717734
27	159	0.715215
27	161	0.718285
27	170	0.691146
27	175	0.697409
27	179	0.692714
27	180	0.669029
28	57	1.97606
28	83	1.40994
28	150	0.800938
28	155	0.792067
28	163	1.20204
28	164	0.800029
28	172	0.768742
28	173	0.762199
28	174	0.82964
28	176	0.749724
28	178	0.758582
28	179	0.780312
28	180	0.756628
29	2	0.740329
29	58	1.54552
29	91	0.782165
29	95	0.784272
29	111	0.789607
29	115	0.781764
29	120	0.765928
29	138	0.79696
29	143	0.786421
29	161	0.785661
29	162	0.787877
29	164	2.08459
29	172	2.2075
30	13	0.681763
30	35	0.659413
30	39	0.737537
30	83	0.737645
30	117	2.51483
30	123	0.717035
30	124	0.722638
30	126	0.715413
30	139	0.694319
30	143	0.716725
30	167	0.731156
30	170	0.688826
30	174	3.09121
31	27	0.748522
31	39	0.81114
31	76	0.748048
31	96	1.56608
31	98	0.78133
31	123	0.790638
31	124	0.796241
31	126	0.789016
31	127	0.786509
31	134	2.04954
31	161	0.789567
31	170	0.762429
31	171	2.21648
32	51	0.783927
32	52	0.783809
32	66	0.763633
32	73	0.819104
32	93	0.778496
32	94	0.783243
32	102	0.764831
32	108	4.40698
32	112	0.749573
32	144	0.963447
32	152	0.767044
32	167	0.567751
32	174	0.809686
33	41	0.666553
33	48	0.73149
33	56	0.710978
33	57	0.714016
33	67	0.711353
33	70	0.697147
33	91	0.717219
33	92	2.40682
33	95	0.719326
33	111	0.724661
33	115	0.716818
33	120	0.700982
33	179	3.23618
34	13	2.57623
34	119	2.42362
34	146	0.718189
34	149	0.71311
34	164	0.735038
34	171	0.722716
34	172	0.703751
34	173	0.697208
34	176	0.684733
34	177	0.724177
34	178	0.693591
34	179	0.715321
34	180	0.691637
35	30	0.659413
35	36	0.647216
35	68	0.756795
35	72	2.44613
35	74	0.743682
35	88	0.702487
35	98	0.694543
35	118	0.696275
35	123	0.70385
35	124	0.709453
35	127	0.699721
35	167	0.717971
35	170	0.675641
35	180	3.6182
36	10	0.67757
36	35	0.647216
36	39	0.72534
36	68	0.757783
36	118	0.697263
36	122	2.61053
36	123	0.704838
36	124	0.710441
36	127	0.700709
36	139	0.682121
36	161	0.703767
36	167	0.718959
36	170	0.676628
36	172	3.44638
37	1	0.812869
37	2	0.722379
37	41	0.713549
37	57	0.761012
37	64	0.82052
37	67	0.758349
37	95	0.766321
37	115	0.763814
37	120	0.747978
37	135	1.42778
37	143	0.768471
37	162	0.769926
37	179	2.04311
37	180	2.78843
38	22	5.6
38	124	0.667217
38	126	0.659992
38	127	0.657485
38	129	0.663025
38	148	0.616442
38	159	0.657473
38	161	0.660543
38	167	0.675735
38	170	0.633405
38	173	0.616858
38	177	0.643827
38	179	0.634972
38	180	0.611288
39	15	0.73982
39	26	0.737212
39	30	0.737537
39	31	0.81114
39	36	0.72534
39	85	3.07031
39	126	0.780351
39	127	0.777845
39	139	0.759257
39	158	1.24378
39	161	0.780903
39	167	0.796094
39	170	0.753764
39	173	1.97124
40	42	0.752716
40	55	2.68781
40	84	0.705626
40	86	0.741853
40	105	2.38944
40	108	0.641522
40	147	0.696584
40	155	0.707747
40	171	0.703388
40	175	0.700688
40	177	0.704849
40	178	0.674263
40	179	0.695993
40	180	0.672309
41	8	0.673888
41	33	0.666553
41	37	0.713549
41	56	0.695433
41	59	0.698087
41	64	0.757978
41	67	0.695807
41	115	0.701272
41	120	0.685437
41	143	0.70593
41	155	2.86772
41	161	0.705169
41	162	0.707385
41	177	3.20291
42	40	0.752716
42	48	1.44013
42	102	1.80335
42	120	1.72748
42	147	0.765502
42	155	0.776665
42	156	0.793023
42	171	0.772305
42	173	0.746797
42	175	0.769606
42	177	0.773766
42	178	0.743181
42	179	0.764911
42	180	0.741226
43	70	1.66827
43	84	0.769941
43	99	0.786778
43	134	0.778592
43	142	1.776
43	149	0.758097
43	150	0.780934
43	166	1.4858
43	168	0.770417
43	172	0.748738
43	177	0.769163
43	178	0.738578
43	179	0.760308
43	180	0.736624
44	78	0.813635
44	87	0.852347
44	128	0.839582
44	131	1.30889
44	140	0.844895
44	145	0.840134
44	151	0.836087
44	153	0.846913
44	159	1.42242
44	163	0.84079
44	165	0.832547
44	168	1.36921
44	169	0.854089
44	180	2.43112
45	27	2.22089
45	46	0.778722
45	62	0.7524
45	71	0.802703
45	109	0.734001
45	136	0.775591
45	141	0.758059
45	144	2.11973
45	152	0.748706
45	153	0.762276
45	154	0.767084
45	157	0.752527
45	160	1.69405
45	169	0.769453
46	45	0.778722
46	107	2.12906
46	109	0.736871
46	114	0.765422
46	128	0.757815
46	136	0.778461
46	137	0.784459
46	151	0.75432
46	154	0.769954
46	165	0.750781
46	166	0.752885
46	169	0.772323
46	171	2.14546
46	175	1.98636
47	53	0.772044
47	128	0.760631
47	133	0.757181
47	138	1.69121
47	141	0.763745
47	142	0.776773
47	145	0.761183
47	151	0.757136
47	153	0.767962
47	164	2.32274
47	165	0.753597
47	166	0.755701
47	169	0.775138
47	175	2.28358
48	1	0.815264
48	8	0.738825
48	33	0.73149
48	42	1.44013
48	56	0.760369
48	70	0.746538
48	95	0.768717
48	111	0.774052
48	115	0.766209
48	120	0.750373
48	138	0.781405
48	150	2.27252
48	158	2.31828
48	161	0.770106
49	106	0.77504
49	129	1.92517
49	133	0.741166
49	136	0.765261
49	140	0.749929
49	141	0.74773
49	142	0.760757
49	145	0.745168
49	152	0.738377
49	153	0.751947
49	155	1.77888
49	157	0.742197
49	163	0.745824
49	165	0.737581
49	176	2.96197
50	21	2.40801
50	128	0.745939
50	129	1.97109
50	132	0.738095
50	137	0.772582
50	140	0.751252
50	141	0.749053
50	153	0.75327
50	154	0.758077
50	157	0.74352
50	160	2.05192
50	163	0.747146
50	165	0.738904
50	166	0.741008
50	169	0.760446
51	7	0.722018
51	32	0.783927
51	54	0.754632
51	55	0.754558
51	66	0.735032
51	80	0.772847
51	93	0.749896
51	94	0.754642
51	102	0.73623
51	112	0.720972
51	152	0.738443
51	162	1.96315
51	174	0.781085
51	175	2.34305
51	179	2.37359
52	7	0.721899
52	17	0.721856
52	32	0.783809
52	54	0.754514
52	55	0.75444
52	66	0.734914
52	80	0.772728
52	93	0.749777
52	94	0.754524
52	102	0.736112
52	113	2.07905
52	152	0.738325
52	159	2.24681
52	167	2.29477
52	174	0.780966
53	47	0.772044
53	62	0.742906
53	133	0.742001
53	151	0.741955
53	153	0.752782
53	154	0.75759
53	157	0.743032
53	158	0.76054
53	159	2.05206
53	162	1.90499
53	163	0.746658
53	165	0.738416
53	166	0.74052
53	169	0.759958
53	178	2.73874
54	7	0.721323
54	51	0.754632
54	52	0.754514
54	55	0.753864
54	66	0.734338
54	73	0.789809
54	80	0.772152
54	84	2.23407
54	93	0.749201
54	97	1.49387
54	102	0.735536
54	112	0.720278
54	144	2.83572
54	152	0.737749
54	174	0.78039
55	14	0.723965
55	18	1.47411
55	40	2.68781
55	51	0.754558
55	52	0.75444
55	54	0.753864
55	60	0.767713
55	80	0.772078
55	93	0.749127
55	94	0.753874
55	102	0.735462
55	112	0.720204
55	152	0.737675
55	164	2.06768
55	174	0.780316
56	1	0.794752
56	33	0.710978
56	41	0.695433
56	48	0.760369
56	64	0.802403
56	91	0.746098
56	111	0.75354
56	115	0.745697
56	120	0.729861
56	138	0.760893
56	143	0.750355
56	162	0.75181
56	164	2.09458
56	178	2.50926
56	179	2.08595
57	28	1.97606
57	33	0.714016
57	37	0.761012
57	59	0.745549
57	64	0.805441
57	70	0.729064
57	95	0.751243
57	111	0.756578
57	115	0.748735
57	120	0.732899
57	129	2.35811
57	135	2.06902
57	143	0.753392
57	161	0.752632
57	162	0.754848
58	29	1.54552
58	77	0.750758
58	78	2.44193
58	103	0.767081
58	135	0.79001
58	146	0.747338
58	149	0.74226
58	150	0.765097
58	159	0.766972
58	169	1.63024
58	172	0.7329
58	175	0.749166
58	178	0.722741
58	179	0.744471
58	180	0.720786
59	1	0.797406
59	41	0.698087
59	57	0.745549
59	91	0.748753
59	95	0.750859
59	111	0.756194
59	115	0.748351
59	120	0.732515
59	138	0.763547
59	143	0.753009
59	150	1.79929
59	161	0.752248
59	162	0.754464
59	172	2.13839
59	176	2.71742
60	14	0.737888
60	55	0.767713
60	66	0.748187
60	73	0.803658
60	80	0.786001
60	93	0.76305
60	94	0.767797
60	102	0.749385
60	112	0.734127
60	152	0.751598
60	171	1.95058
60	172	1.95355
60	173	2.38767
60	174	0.794239
61	17	0.726188
61	80	0.777061
61	93	0.754109
61	102	0.740444
61	142	1.78039
61	151	2.50254
61	152	0.742657
61	166	1.49018
61	170	0.734404
61	171	0.743366
61	172	0.724401
61	173	0.717857
61	174	0.785299
61	176	0.705382
61	179	0.735971
61	180	0.712287
62	45	0.7524
62	53	0.742906
62	103	2.1667
62	114	0.7391
62	122	1.84371
62	132	0.72365
62	133	0.728043
62	137	0.758136
62	142	0.747634
62	145	0.732045
62	158	0.746582
62	163	0.732701
62	165	0.724458
62	166	0.726562
62	169	0.746
62	173	3.11368
63	66	2.0595
63	71	1.44619
63	131	0.760594
63	135	0.777003
63	146	0.734331
63	156	0.759577
63	160	0.762599
63	164	0.751181
63	165	2.18957
63	168	0.741573
63	172	0.719894
63	173	0.71335
63	176	0.700875
63	177	0.740319
63	179	0.731464
63	180	0.707779
64	2	0.766808
64	16	2.1263
64	37	0.82052
64	41	0.757978
64	56	0.802403
64	57	0.805441
64	70	0.788572
64	91	0.808644
64	115	0.808243
64	120	0.792407
64	135	1.5121
64	138	0.823439
64	161	0.812139
64	162	0.814355
64	167	1.91201
64	174	1.49028
65	101	0.761766
65	121	0.721848
65	148	0.725869
65	154	1.96547
65	155	0.756152
65	156	0.772511
65	157	1.8973
65	161	1.91857
65	172	0.732828
65	173	0.726285
65	175	0.749094
65	176	0.71381
65	177	0.753254
65	178	0.722668
65	179	0.744398
65	180	0.720714
66	14	0.70444
66	32	0.763633
66	51	0.735032
66	52	0.734914
66	54	0.734338
66	60	0.748187
66	63	2.0595
66	73	0.770209
66	80	0.752552
66	93	0.729601
66	94	0.734348
66	102	0.715936
66	122	1.77095
66	152	0.718149
66	173	3.04092
66	174	0.76079
67	8	0.718688
67	33	0.711353
67	37	0.758349
67	41	0.695807
67	70	0.726401
67	91	0.746473
67	111	0.753915
67	115	0.746072
67	120	0.730236
67	121	2.54219
67	138	0.761268
67	143	0.750729
67	148	2.50054
67	161	0.749968
67	162	0.752184
67	171	2.05858
68	35	0.756795
68	36	0.757783
68	79	0.826994
68	88	0.813053
68	118	0.806841
68	123	0.814417
68	125	1.4561
68	126	0.812795
68	127	0.810288
68	134	1.83398
68	139	0.7917
68	143	0.814107
68	161	0.813346
68	170	0.786207
68	177	1.73503
68	178	2.29566
69	87	0.742027
69	100	0.77928
69	129	1.76075
69	132	0.721419
69	137	0.755905
69	140	0.734575
69	141	0.732376
69	142	0.745403
69	145	0.729814
69	151	0.725766
69	153	0.736593
69	163	0.730469
69	166	0.724331
69	169	0.743769
69	176	2.79754
69	178	2.51029
70	1	0.780921
70	33	0.697147
70	43	1.66827
70	48	0.746538
70	57	0.729064
70	64	0.788572
70	67	0.726401
70	91	0.732268
70	95	0.734374
70	111	0.739709
70	120	0.71603
70	143	0.736524
70	161	0.735763
70	162	0.737979
70	176	2.74324
70	178	2.45599
71	45	0.802703
71	63	1.44619
71	87	0.794561
71	109	0.760852
71	116	0.792173
71	119	0.776927
71	131	1.48505
71	132	0.773953
71	145	0.782348
71	153	0.789127
71	154	0.793935
71	157	0.779377
71	163	0.783004
71	166	0.776865
71	169	0.796303
71	171	1.99052
71	176	2.57251
72	27	0.712025
72	35	2.44613
72	87	1.81684
72	94	2.06973
72	107	0.732292
72	131	0.756629
72	138	0.76437
72	149	0.725288
72	162	0.755286
72	171	0.734894
72	172	0.715929
72	175	0.732195
72	176	0.69691
72	177	0.736355
72	178	0.705769
72	179	0.727499
72	180	0.703815
73	7	0.757194
73	14	0.759911
73	17	0.757151
73	32	0.819104
73	54	0.789809
73	60	0.803658
73	66	0.770209
73	80	0.808023
73	93	0.785072
73	94	0.789819
73	102	0.771407
73	138	1.55569
73	146	2.18943
73	152	0.77362
73	159	1.91522
73	170	2.07181
73	174	0.816261
74	13	0.766032
74	23	0.751994
74	35	0.743682
74	76	0.758714
74	123	0.801304
74	124	0.806906
74	125	1.48234
74	126	0.799681
74	129	0.802715
74	139	0.778587
74	143	0.800993
74	158	1.73679
74	161	0.800233
74	167	0.815424
74	170	0.773094
74	175	1.86806
74	180	2.64392
75	4	0.836753
75	9	2.30987
75	112	0.755057
75	132	0.770924
75	133	0.775317
75	136	0.799412
75	142	0.794908
75	144	1.93399
75	149	2.0939
75	151	0.775272
75	153	0.786098
75	154	0.790906
75	157	0.776348
75	165	0.771732
75	166	0.773836
75	169	0.793274
75	174	1.11656
76	23	0.669573
76	31	0.748048
76	74	0.758714
76	79	0.731459
76	83	0.739493
76	88	0.717519
76	98	0.709575
76	118	0.711307
76	123	0.718882
76	124	0.724485
76	127	0.714754
76	129	0.720294
76	143	0.718572
76	147	2.77987
76	155	2.24017
76	167	0.733003
76	170	0.690673
76	172	2.84423
77	5	2.53879
77	58	0.750758
77	140	1.87662
77	148	0.695946
77	149	0.712264
77	156	0.742588
77	160	0.74561
77	165	2.321
77	167	0.755238
77	168	0.724584
77	170	0.712908
77	171	0.72187
77	173	0.696361
77	175	0.719171
77	177	0.723331
77	178	0.692745
77	179	0.714475
77	180	0.690791
78	44	0.813635
78	58	2.44193
78	90	2.48562
78	114	0.715698
78	116	0.718468
78	119	0.703222
78	129	2.64615
78	137	0.734735
78	140	0.713405
78	141	0.711206
78	142	0.724233
78	151	0.704596
78	154	0.72023
78	157	0.705673
78	163	0.709299
78	165	0.701057
78	166	0.703161
78	169	0.722599
79	15	0.731896
79	68	0.826994
79	76	0.731459
79	83	0.794659
79	88	0.772686
79	118	0.766474
79	123	0.774049
79	124	0.779652
79	126	0.772427
79	127	0.76992
79	129	0.77546
79	160	1.70215
79	161	0.772978
79	164	1.95617
79	167	0.78817
79	170	0.745839
79	173	2.5132
79	179	1.94755
80	17	0.739494
80	51	0.772847
80	52	0.772728
80	54	0.772152
80	55	0.772078
80	60	0.786001
80	61	0.777061
80	66	0.752552
80	73	0.808023
80	93	0.767416
80	94	0.772162
80	102	0.753751
80	138	1.82057
80	152	0.755964
80	155	1.97095
80	162	2.03304
80	174	0.798605
80	177	2.30614
81	86	0.814219
81	124	1.41798
81	128	1.92424
81	132	1.69023
81	144	0.772149
81	147	0.768951
81	155	0.780114
81	156	0.796472
81	157	1.34178
81	164	0.788076
81	171	0.775754
81	172	0.756789
81	175	0.773055
81	176	0.737771
81	177	0.777215
81	178	0.74663
81	179	0.76836
81	180	0.744675
82	6	0.742863
82	20	0.714421
82	114	2.08982
82	123	1.9446
82	128	2.57153
82	130	0.742681
82	147	0.720745
82	160	0.751288
82	168	0.730262
82	171	0.727548
82	172	0.708583
82	173	0.70204
82	175	0.724849
82	176	0.689565
82	177	0.729009
82	178	0.698423
82	179	0.720153
82	180	0.696469
83	10	0.754814
83	28	1.40994
83	30	0.737645
83	76	0.739493
83	79	0.794659
83	98	0.772774
83	118	0.774507
83	123	0.782082
83	124	0.787685
83	126	0.78046
83	127	0.777953
83	129	0.783494
83	130	1.89007
83	131	1.74132
83	143	0.781772
83	161	0.781011
83	170	0.753873
83	176	2.82878
84	40	0.705626
84	43	0.769941
84	54	2.23407
84	122	0.753501
84	134	0.736105
84	143	2.23821
84	144	0.72161
84	152	2.30267
84	164	0.737537
84	171	0.725215
84	172	0.70625
84	173	0.699707
84	175	0.722516
84	176	0.687232
84	177	0.726676
84	178	0.69609
84	179	0.71782
84	180	0.694136
85	25	0.679037
85	39	3.07031
85	138	0.711219
85	147	0.67494
85	150	0.694975
85	159	0.69685
85	166	3.51494
85	167	0.715112
85	168	0.684458
85	171	0.681744
85	172	0.662779
85	173	0.656235
85	175	0.679044
85	177	0.683204
85	178	0.652619
85	179	0.674349
85	180	0.650665
86	40	0.741853
86	81	0.814219
86	88	1.82864
86	110	0.809367
86	143	1.93729
86	147	0.754639
86	148	0.735518
86	149	0.751836
86	150	0.774673
86	154	1.56579
86	169	1.43839
86	170	0.75248
86	171	0.761442
86	174	0.803375
86	175	0.758743
86	176	0.723459
86	178	0.732317
86	179	0.754047
86	180	0.730363
87	44	0.852347
87	69	0.742027
87	71	0.794561
87	72	1.81684
87	103	1.86226
87	114	0.75441
87	128	0.746803
87	132	0.73896
87	137	0.773447
87	140	0.752116
87	142	0.762945
87	145	0.747355
87	157	0.744385
87	163	0.748011
87	165	0.739769
87	166	0.741873
87	169	0.761311
87	172	2.37512
87	179	2.24359
88	13	0.724837
88	26	0.715347
88	35	0.702487
88	68	0.813053
88	76	0.717519
88	79	0.772686
88	86	1.82864
88	118	0.752533
88	123	0.760109
88	124	0.765711
88	126	0.758486
88	127	0.75598
88	134	2.51257
88	138	1.92804
88	139	0.737392
88	143	0.759798
88	161	0.759038
88	167	0.77423
88	170	0.731899
88	177	2.41361
89	103	0.727323
89	110	0.760032
89	146	0.70758
89	148	0.686183
89	150	0.725338
89	156	0.732825
89	159	0.727214
89	160	0.735848
89	161	2.30434
89	163	1.97349
89	165	2.66849
89	168	0.714821
89	171	0.712107
89	173	0.686599
89	175	0.709408
89	176	0.674124
89	177	0.713568
89	179	0.704712
89	180	0.681028
90	78	2.48562
90	114	1.83391
90	142	1.65366
90	144	0.754192
90	147	0.750994
90	148	0.731873
90	149	0.748192
90	159	0.772905
90	163	1.42357
90	164	0.77012
90	168	0.760512
90	172	0.738833
90	173	0.732289
90	174	0.799731
90	175	0.755098
90	176	0.719814
90	177	0.759259
90	178	0.728673
90	179	0.750403
90	180	0.726719
91	2	0.710503
91	8	0.724554
91	29	0.782165
91	33	0.717219
91	56	0.746098
91	59	0.748753
91	64	0.808644
91	67	0.746473
91	70	0.732268
91	95	0.754446
91	111	0.759781
91	115	0.751938
91	120	0.736102
91	138	0.767134
91	156	1.94531
91	159	2.22215
91	161	0.755835
91	162	0.758051
91	174	1.84837
91	178	2.90882
92	16	0.751735
92	19	0.819718
92	33	2.40682
92	94	1.66712
92	111	1.50784
92	127	1.74491
92	135	0.791173
92	147	0.746225
92	148	0.727104
92	160	0.776769
92	164	0.765351
92	168	0.755743
92	170	0.744067
92	171	0.753029
92	172	0.734064
92	173	0.72752
92	176	0.715045
92	178	0.723904
92	179	0.745634
92	180	0.72195
93	7	0.716587
93	14	0.719303
93	32	0.778496
93	51	0.749896
93	52	0.749777
93	54	0.749201
93	55	0.749127
93	60	0.76305
93	61	0.754109
93	66	0.729601
93	73	0.785072
93	80	0.767416
93	94	0.749211
93	102	0.730799
93	130	1.99706
93	149	2.56541
93	152	0.733012
93	160	1.97982
93	171	2.35378
93	174	0.775654
94	7	0.721333
94	14	0.72405
94	17	0.72129
94	32	0.783243
94	51	0.754642
94	52	0.754524
94	55	0.753874
94	60	0.767797
94	66	0.734348
94	72	2.06973
94	73	0.789819
94	80	0.772162
94	92	1.66712
94	93	0.749211
94	102	0.735546
94	112	0.720288
94	152	0.737759
94	158	2.33467
94	170	2.3897
94	174	0.7804
95	2	0.712609
95	8	0.72666
95	29	0.784272
95	33	0.719326
95	37	0.766321
95	48	0.768717
95	57	0.751243
95	59	0.750859
95	70	0.734374
95	91	0.754446
95	111	0.761887
95	115	0.754045
95	120	0.738209
95	143	0.758702
95	156	1.92019
95	161	0.757941
95	162	0.760157
95	167	2.24499
95	175	2.42987
95	177	2.32307
96	11	0.687011
96	31	1.56608
96	113	0.790727
96	119	1.84831
96	120	2.2456
96	121	0.725247
96	130	0.770325
96	131	0.776928
96	148	0.729268
96	161	1.71934
96	164	0.767514
96	168	0.757906
96	171	0.755192
96	172	0.736227
96	174	0.797125
96	175	0.752493
96	177	0.756653
96	178	0.726067
96	179	0.747797
96	180	0.724113
97	10	2.18152
97	54	1.49387
97	120	1.60586
97	127	1.4127
97	133	0.787403
97	141	0.793967
97	142	0.806995
97	146	0.780795
97	157	0.788435
97	159	0.80043
97	160	0.809063
97	161	1.07961
97	163	0.792061
97	164	0.797645
97	165	0.783819
97	166	0.785923
97	169	0.80536
97	176	0.747339
97	177	0.786783
97	179	0.777928
97	180	0.754244
98	23	0.702855
98	27	0.710048
98	31	0.78133
98	35	0.694543
98	76	0.709575
98	83	0.772774
98	118	0.744589
98	123	0.752164
98	124	0.757767
98	126	0.750542
98	127	0.748036
98	129	0.753576
98	139	0.729448
98	143	0.751854
98	146	2.39617
98	156	1.84512
98	160	2.13993
98	161	0.751093
98	167	0.766285
98	170	0.723955
98	173	2.95098
99	43	0.786778
99	113	0.777588
99	118	2.11558
99	121	0.712107
99	128	2.26844
99	134	0.752942
99	145	1.80122
99	150	0.755284
99	155	0.746412
99	164	0.754375
99	166	1.31628
99	168	0.744767
99	172	0.723088
99	173	0.716544
99	174	0.783985
99	175	0.739353
99	176	0.704069
99	177	0.743513
99	178	0.712928
99	179	0.734658
99	180	0.710974
100	18	1.33422
100	69	0.77928
100	101	1.81278
100	105	0.8063
100	112	0.760346
100	114	0.791663
100	132	0.776213
100	140	0.789369
100	141	0.787171
100	142	0.800198
100	153	0.791387
100	154	0.796195
100	157	0.781638
100	158	0.799146
100	163	0.785264
100	165	0.777022
100	166	0.779126
100	169	0.798564
100	175	1.88863
100	178	2.34248
100	179	1.91917
101	65	0.761766
101	100	1.81278
101	124	2.18973
101	130	0.748083
101	133	2.23607
101	136	1.94871
101	144	0.729344
101	147	0.726146
101	149	0.723344
101	160	0.75669
101	162	0.753342
101	167	0.766318
101	168	0.735664
101	170	0.723988
101	173	0.707441
101	174	0.774883
101	175	0.73025
101	176	0.694966
101	177	0.73441
101	178	0.703825
101	179	0.725555
101	180	0.701871
102	7	0.702921
102	14	0.705638
102	17	0.702878
102	32	0.764831
102	42	1.80335
102	51	0.73623
102	52	0.736112
102	54	0.735536
102	55	0.735462
102	60	0.749385
102	61	0.740444
102	66	0.715936
102	73	0.771407
102	80	0.753751
102	93	0.730799
102	94	0.735546
102	112	0.701876
102	125	2.42705
102	138	2.2204
102	144	3.02359
102	152	0.719347
102	174	0.761989
103	58	0.767081
103	62	2.1667
103	87	1.86226
103	89	0.727323
103	104	0.795726
103	111	1.95587
103	112	2.32978
103	134	0.749082
103	144	0.734587
103	148	0.712268
103	149	0.728587
103	150	0.751424
103	168	0.740907
103	171	0.738193
103	172	0.719228
103	173	0.712684
103	175	0.735493
103	176	0.700209
103	177	0.739653
103	178	0.709068
103	179	0.730798
103	180	0.707114
104	17	2.0345
104	103	0.795726
104	122	0.808797
104	128	1.52474
104	143	1.38195
104	146	0.775983
104	148	0.754586
104	151	1.58492
104	152	1.4464
104	155	0.78487
104	156	0.801229
104	160	0.804251
104	162	0.800903
104	171	0.78051
104	172	0.761546
104	173	0.755002
104	175	0.777811
104	176	0.742527
104	177	0.781971
104	178	0.751386
104	179	0.773116
104	180	0.749431
105	24	0.798454
105	40	2.38944
105	100	0.8063
105	106	0.786705
105	114	0.763888
105	116	0.766658
105	128	0.756281
105	133	0.752832
105	136	0.776927
105	140	0.761595
105	141	0.759396
105	142	0.772423
105	148	2.33121
105	152	0.750043
105	154	0.76842
105	157	0.753863
105	163	0.757489
105	164	1.76931
105	165	0.749247
105	166	0.751351
105	169	0.770789
105	174	1.12353
105	180	2.50601
106	49	0.77504
106	105	0.786705
106	109	0.743518
106	114	0.772069
106	116	0.774839
106	119	0.759593
106	122	1.42657
106	132	0.756619
106	134	2.09251
106	136	0.785108
106	140	0.769775
106	141	0.767576
106	146	2.14173
106	151	0.760967
106	152	0.758223
106	153	0.771793
106	154	0.776601
106	157	0.762044
106	163	0.76567
106	165	0.757427
106	166	0.759532
106	173	2.69654
106	177	1.99356
107	4	1.82713
107	46	2.12906
107	72	0.732292
107	113	0.755911
107	117	0.781241
107	119	2.48232
107	135	0.75852
107	144	0.71677
107	150	0.733607
107	153	2.34887
107	155	0.724735
107	159	0.735483
107	160	0.744116
107	168	0.72309
107	171	0.720376
107	173	0.694867
107	174	0.762309
107	175	0.717676
107	176	0.682392
107	177	0.721836
107	178	0.691251
107	179	0.712981
107	180	0.689297
108	2	4.79302
108	6	0.676426
108	9	0.662049
108	12	0.602826
108	32	4.40698
108	40	0.641522
108	142	0.682784
108	147	0.654308
108	151	0.663147
108	153	0.673973
108	154	0.678781
108	158	0.681732
108	163	0.66785
108	165	0.659607
108	166	0.661712
108	169	0.681149
108	170	0.652149
108	172	0.642147
108	173	0.635603
108	177	0.662572
108	178	0.631987
108	179	0.653717
108	180	0.630033
109	22	0.756445
109	45	0.734001
109	46	0.736871
109	71	0.760852
109	106	0.743518
109	116	0.723471
109	128	0.713094
109	136	0.733739
109	137	0.739737
109	140	0.718407
109	141	0.716208
109	145	0.713646
109	146	2.27727
109	151	0.709599
109	153	0.720425
109	154	0.725233
109	163	0.714302
109	165	0.706059
109	166	0.708163
109	169	0.727601
109	170	2.15965
109	178	2.68974
109	180	3.01176
110	2	0.605856
110	9	0.77184
110	24	1.87026
110	86	0.809367
110	89	0.760032
110	118	2.08616
110	126	1.9183
110	134	0.781792
110	141	1.98422
110	144	0.767297
110	146	0.766375
110	150	0.784134
110	155	0.775262
110	156	0.79162
110	168	0.773617
110	171	0.770902
110	172	0.751937
110	173	0.745394
110	176	0.732919
110	177	0.772363
110	178	0.741778
110	179	0.763508
110	180	0.739823
111	1	0.808435
111	2	0.717944
111	8	0.731995
111	29	0.789607
111	33	0.724661
111	48	0.774052
111	56	0.75354
111	57	0.756578
111	59	0.756194
111	67	0.753915
111	70	0.739709
111	91	0.759781
111	92	1.50784
111	95	0.761887
111	103	1.95587
111	115	0.75938
111	120	0.743544
111	138	0.774576
111	143	0.764037
111	158	2.17539
111	161	0.763276
111	162	0.765492
111	175	2.30666
111	179	2.3372
112	5	0.695646
112	14	0.69038
112	32	0.749573
112	51	0.720972
112	54	0.720278
112	55	0.720204
112	60	0.734127
112	75	0.755057
112	94	0.720288
112	100	0.760346
112	102	0.701876
112	103	2.32978
112	133	0.706878
112	141	0.713442
112	145	0.71088
112	151	0.706833
112	152	0.704089
112	155	2.23858
112	163	0.711536
112	166	0.705398
112	169	0.724835
112	170	2.60432
112	174	0.74673
112	178	3.13441
113	4	1.28382
113	52	2.07905
113	96	0.790727
113	99	0.777588
113	107	0.755911
113	119	1.93902
113	124	1.86499
113	138	0.787988
113	146	0.753985
113	154	1.85695
113	159	0.773619
113	164	0.770834
113	168	0.761227
113	170	0.74955
113	171	0.758512
113	172	0.739547
113	173	0.733004
113	174	0.800445
113	175	0.755813
113	176	0.720529
113	177	0.759973
113	178	0.729388
113	179	0.751118
113	180	0.727433
114	19	1.37533
114	27	2.60211
114	46	0.765422
114	62	0.7391
114	78	0.715698
114	82	2.08982
114	87	0.75441
114	90	1.83391
114	100	0.791663
114	105	0.763888
114	106	0.772069
114	119	0.736776
114	132	0.733802
114	137	0.768288
114	140	0.746958
114	142	0.757786
114	151	0.73815
114	153	0.748976
114	157	0.739226
114	158	0.756734
114	163	0.742853
114	165	0.73461
114	166	0.736714
114	169	0.756152
114	179	2.32068
115	2	0.710102
115	8	0.724153
115	18	1.63559
115	29	0.781764
115	33	0.716818
115	37	0.763814
115	41	0.701272
115	48	0.766209
115	56	0.745697
115	57	0.748735
115	59	0.748351
115	64	0.808243
115	67	0.746072
115	91	0.751938
115	95	0.754045
115	111	0.75938
115	120	0.735701
115	125	1.80428
115	138	0.766733
115	143	0.756194
115	161	0.755433
115	162	0.757649
115	174	1.58338
115	176	2.93109
115	180	2.96586
116	5	0.729733
116	71	0.792173
116	78	0.718468
116	105	0.766658
116	106	0.774839
116	109	0.723471
116	119	0.739546
116	125	0.765019
116	137	0.771058
116	140	0.749728
116	141	0.747529
116	142	0.760557
116	145	0.744967
116	151	0.74092
116	153	0.751746
116	156	1.83784
116	157	0.741997
116	162	1.9676
116	163	0.745623
116	165	0.73738
116	166	0.739485
116	168	2.06146
116	169	0.758922
116	173	2.9437
116	175	2.34751
117	20	0.770715
117	30	2.51483
117	107	0.781241
117	121	0.753897
117	122	0.812128
117	136	0.841559
117	143	1.44605
117	146	0.779315
117	148	0.757918
117	151	1.64903
117	152	1.5105
117	156	0.80456
117	160	0.807582
117	164	0.796164
117	165	1.3918
117	167	0.81721
117	168	0.786556
117	170	0.77488
117	171	0.783842
117	172	0.764877
117	173	0.758334
117	175	0.781143
117	177	0.785303
117	178	0.754717
117	179	0.776447
117	180	0.752763
118	10	0.726629
118	15	0.711743
118	26	0.709135
118	35	0.696275
118	36	0.697263
118	68	0.806841
118	76	0.711307
118	79	0.766474
118	83	0.774507
118	88	0.752533
118	98	0.744589
118	99	2.11558
118	110	2.08616
118	123	0.753897
118	124	0.759499
118	126	0.752274
118	127	0.749768
118	129	0.755308
118	139	0.73118
118	143	0.753586
118	155	2.17699
118	159	2.38614
118	161	0.752826
118	167	0.768018
118	168	2.33293
118	170	0.725687
119	34	2.42362
119	71	0.776927
119	78	0.703222
119	96	1.84831
119	106	0.759593
119	107	2.48232
119	113	1.93902
119	114	0.736776
119	116	0.739546
119	125	0.749773
119	128	0.729169
119	132	0.721326
119	133	0.725719
119	137	0.755812
119	141	0.732283
119	142	0.74531
119	145	0.729721
119	151	0.725674
119	153	0.7365
119	154	0.741308
119	157	0.72675
119	158	0.744258
119	163	0.730377
119	165	0.722134
119	166	0.724238
119	169	0.743676
119	175	2.33962
120	1	0.784756
120	2	0.694266
120	8	0.708317
120	29	0.765928
120	33	0.700982
120	37	0.747978
120	41	0.685437
120	42	1.72748
120	48	0.750373
120	56	0.729861
120	57	0.732899
120	59	0.732515
120	64	0.792407
120	67	0.730236
120	70	0.71603
120	91	0.736102
120	95	0.738209
120	96	2.2456
120	97	1.60586
120	111	0.743544
120	115	0.735701
120	125	2.35118
120	138	0.750897
120	143	0.740358
120	148	3.33796
120	161	0.739598
120	162	0.741814
121	21	0.69054
121	65	0.721848
121	67	2.54219
121	96	0.725247
121	99	0.712107
121	117	0.753897
121	122	0.721318
121	125	0.719166
121	129	0.713691
121	130	0.708165
121	134	0.703921
121	137	2.35028
121	146	0.688505
121	149	0.683426
121	156	0.71375
121	160	0.716772
121	161	2.85336
121	164	0.705354
121	167	0.7264
121	169	2.77287
121	171	0.693032
121	172	0.674067
121	173	0.667523
121	176	0.655048
121	177	0.694492
121	178	0.663907
121	179	0.685637
121	180	0.661953
122	23	2.67025
122	27	0.728395
122	36	2.61053
122	62	1.84371
122	66	1.77095
122	84	0.753501
122	104	0.808797
122	106	1.42657
122	117	0.812128
122	121	0.721318
122	130	0.766396
122	138	0.780739
122	144	0.747658
122	146	0.746736
122	148	0.725339
122	149	0.741658
122	155	0.755623
122	156	0.771982
122	158	0.771883
122	159	0.76637
122	169	1.45638
122	170	0.742301
122	172	0.732299
122	173	0.725755
122	175	0.748564
122	176	0.71328
122	177	0.752724
122	178	0.722139
122	179	0.743869
122	180	0.720184
123	10	0.734204
123	13	0.7262
123	15	0.719319
123	23	0.712163
123	26	0.716711
123	30	0.717035
123	31	0.790638
123	35	0.70385
123	36	0.704838
123	68	0.814417
123	74	0.801304
123	76	0.718882
123	79	0.774049
123	82	1.9446
123	83	0.782082
123	88	0.760109
123	98	0.752164
123	118	0.753897
123	124	0.767075
123	126	0.75985
123	127	0.757343
123	129	0.762883
123	161	0.760401
123	162	1.76501
123	167	0.775593
123	170	0.733262
123	171	2.30402
123	177	2.03812
123	179	2.17546
123	180	2.92078
124	10	0.739807
124	13	0.731803
124	15	0.724921
124	16	2.29499
124	26	0.722313
124	30	0.722638
124	31	0.796241
124	35	0.709453
124	36	0.710441
124	38	0.667217
124	74	0.806906
124	76	0.724485
124	79	0.779652
124	81	1.41798
124	83	0.787685
124	88	0.765711
124	98	0.757767
124	101	2.18973
124	113	1.86499
124	118	0.759499
124	123	0.767075
124	126	0.765452
124	127	0.762946
124	139	0.744358
124	143	0.766764
124	147	2.36329
124	161	0.766004
124	167	0.781196
124	170	0.738865
124	179	2.29612
125	7	2.47906
125	68	1.4561
125	74	1.48234
125	102	2.42705
125	115	1.80428
125	116	0.765019
125	119	0.749773
125	120	2.35118
125	121	0.719166
125	141	0.757756
125	142	0.770784
125	144	0.745506
125	145	0.755194
125	151	0.751147
125	153	0.761973
125	156	0.76983
125	157	0.752224
125	160	0.772852
125	163	0.75585
125	164	0.761434
125	165	0.747607
125	166	0.749712
125	168	0.751826
125	169	0.769149
125	171	0.749112
125	176	0.711128
125	177	0.750572
125	178	0.719987
125	179	0.741717
125	180	0.718033
126	13	0.724578
126	15	0.717697
126	23	0.710541
126	26	0.715088
126	27	0.717734
126	30	0.715413
126	31	0.789016
126	38	0.659992
126	39	0.780351
126	68	0.812795
126	74	0.799681
126	79	0.772427
126	83	0.78046
126	88	0.758486
126	98	0.750542
126	110	1.9183
126	118	0.752274
126	123	0.75985
126	124	0.765452
126	127	0.755721
126	139	0.737133
126	143	0.75954
126	158	2.31984
126	161	0.758779
126	162	2.07121
126	164	2.49028
126	167	0.773971
126	170	0.73164
126	174	1.8445
126	179	2.48166
127	10	0.730075
127	15	0.71519
127	23	0.708034
127	26	0.712582
127	31	0.786509
127	35	0.699721
127	36	0.700709
127	38	0.657485
127	39	0.777845
127	68	0.810288
127	76	0.714754
127	79	0.76992
127	83	0.777953
127	88	0.75598
127	92	1.74491
127	97	1.4127
127	98	0.748036
127	118	0.749768
127	123	0.757343
127	124	0.762946
127	126	0.755721
127	129	0.758755
127	130	2.34612
127	139	0.734626
127	143	0.757033
127	147	2.64145
127	158	2.41247
127	161	0.756272
127	167	0.771464
127	170	0.729134
127	172	2.7058
128	44	0.839582
128	46	0.757815
128	47	0.760631
128	50	0.745939
128	81	1.92424
128	82	2.57153
128	87	0.746803
128	99	2.26844
128	104	1.52474
128	105	0.756281
128	109	0.713094
128	119	0.729169
128	132	0.726195
128	133	0.730588
128	136	0.754684
128	137	0.760681
128	140	0.739351
128	141	0.737152
128	142	0.75018
128	145	0.73459
128	151	0.730543
128	152	0.727799
128	153	0.741369
128	154	0.746177
128	157	0.731619
128	162	2.39194
128	163	0.735246
128	165	0.727003
128	166	0.729108
128	169	0.748545
128	174	2.16523
129	13	0.727612
129	23	0.713574
129	38	0.663025
129	49	1.92517
129	50	1.97109
129	57	2.35811
129	69	1.76075
129	74	0.802715
129	76	0.720294
129	78	2.64615
129	79	0.77546
129	83	0.783494
129	98	0.753576
129	118	0.755308
129	121	0.713691
129	123	0.762883
129	127	0.758755
129	130	0.758769
129	139	0.740167
129	143	0.762573
129	160	0.767376
129	164	0.755958
129	166	1.52398
129	171	0.743636
129	174	0.785569
129	175	0.740937
129	176	0.705653
129	177	0.745097
129	178	0.714511
129	179	0.736241
129	180	0.712557
130	82	0.742681
130	83	1.89007
130	93	1.99706
130	96	0.770325
130	101	0.748083
130	121	0.708165
130	122	0.766396
130	127	2.34612
130	129	0.758769
130	131	0.759846
130	142	1.91226
130	146	0.733583
130	147	0.731307
130	148	0.712186
130	150	0.751341
130	153	2.00854
130	155	0.742469
130	156	0.758828
130	158	0.75873
130	159	0.753217
130	160	0.76185
130	161	2.01303
130	164	0.750432
130	171	0.73811
130	172	0.719145
130	173	0.712602
130	175	0.735411
130	176	0.700127
130	177	0.739571
130	178	0.708985
130	179	0.730715
130	180	0.707031
131	20	0.731586
131	23	2.99766
131	44	1.30889
131	63	0.760594
131	71	1.48505
131	72	0.756629
131	83	1.74132
131	96	0.776928
131	130	0.759846
131	138	0.774189
131	141	2.17067
131	146	0.740185
131	147	0.737909
131	148	0.718788
131	149	0.735107
131	150	0.757944
131	155	0.749072
131	159	0.75982
131	162	0.765105
131	165	2.22844
131	170	0.735751
131	171	0.744713
131	172	0.725748
131	173	0.719204
131	174	0.786646
131	175	0.742013
131	176	0.706729
131	177	0.746173
131	178	0.715588
131	179	0.737318
131	180	0.713634
132	24	0.768368
132	50	0.738095
132	62	0.72365
132	69	0.721419
132	71	0.773953
132	75	0.770924
132	81	1.69023
132	87	0.73896
132	100	0.776213
132	106	0.756619
132	114	0.733802
132	119	0.721326
132	128	0.726195
132	133	0.722745
132	136	0.746841
132	137	0.752838
132	140	0.731508
132	142	0.742337
132	145	0.726747
132	150	2.36079
132	151	0.7227
132	153	0.733526
132	154	0.738334
132	157	0.723776
132	163	0.727403
132	165	0.71916
132	166	0.721265
132	168	2.25177
132	169	0.740702
132	171	2.69692
132	174	1.93121
132	178	2.99167
133	47	0.757181
133	49	0.741166
133	53	0.742001
133	62	0.728043
133	75	0.775317
133	97	0.787403
133	101	2.23607
133	105	0.752832
133	112	0.706878
133	119	0.725719
133	128	0.730588
133	132	0.722745
133	136	0.751234
133	137	0.757232
133	139	0.721589
133	140	0.735901
133	145	0.73114
133	148	2.91299
133	151	0.727093
133	152	0.724349
133	153	0.737919
133	154	0.742727
133	157	0.72817
133	158	0.745678
133	160	2.09706
133	163	0.731796
133	165	0.723554
133	166	0.725658
133	168	2.02587
133	169	0.745096
133	172	2.47399
133	177	2.20513
134	3	0.742834
134	25	0.73116
134	31	2.04954
134	43	0.778592
134	68	1.83398
134	84	0.736105
134	88	2.51257
134	99	0.752942
134	103	0.749082
134	106	2.09251
134	110	0.781792
134	121	0.703921
134	135	0.772012
134	142	2.10204
134	144	0.730261
134	146	0.72934
134	147	0.727063
134	148	0.707943
134	149	0.724261
134	150	0.747098
134	157	2.18154
134	159	0.748974
134	160	0.757607
134	170	0.724905
134	171	0.733867
134	172	0.714902
134	173	0.708358
134	175	0.731168
134	176	0.695883
134	177	0.735328
134	178	0.704742
134	179	0.726472
134	180	0.702788
135	9	0.762059
135	21	0.75863
135	26	2.33756
135	37	1.42778
135	57	2.06902
135	58	0.79001
135	63	0.777003
135	64	1.5121
135	92	0.791173
135	107	0.75852
135	134	0.772012
135	143	2.04426
135	144	0.757516
135	147	0.754318
135	149	0.751516
135	153	1.62137
135	156	0.78184
135	159	0.776229
135	160	0.784862
135	164	0.773444
135	167	0.79449
135	168	0.763836
135	169	1.54536
135	170	0.75216
135	171	0.761122
135	172	0.742157
135	173	0.735614
135	175	0.758423
135	176	0.723139
135	177	0.762583
135	178	0.731997
135	179	0.753727
135	180	0.730043
136	3	1.97833
136	5	0.740002
136	22	0.798035
136	25	2.30452
136	45	0.775591
136	46	0.778461
136	49	0.765261
136	75	0.799412
136	101	1.94871
136	105	0.776927
136	106	0.785108
136	109	0.733739
136	117	0.841559
136	128	0.754684
136	132	0.746841
136	133	0.751234
136	139	0.745684
136	140	0.759997
136	141	0.757798
136	142	0.770825
136	145	0.755236
136	147	2.12227
136	150	1.84753
136	151	0.751188
136	152	0.748445
136	153	0.762015
136	154	0.766823
136	157	0.752265
136	163	0.755891
136	165	0.747649
136	166	0.749753
136	169	0.769191
136	180	2.80042
137	6	1.77817
137	46	0.784459
137	50	0.772582
137	62	0.758136
137	69	0.755905
137	78	0.734735
137	87	0.773447
137	109	0.739737
137	114	0.768288
137	116	0.771058
137	119	0.755812
137	121	2.35028
137	128	0.760681
137	132	0.752838
137	133	0.757232
137	139	0.751682
137	140	0.765995
137	142	0.776823
137	145	0.761234
137	148	2.30863
137	149	2.0783
137	151	0.757186
137	152	0.754443
137	153	0.768013
137	154	0.77282
137	157	0.758263
137	160	1.4927
137	163	0.761889
137	165	0.753647
137	166	0.755751
137	169	0.775189
137	171	1.86667
137	180	2.48343
138	29	0.79696
138	47	1.69121
138	48	0.781405
