1	14	0.643716
1	24	0.692364
1	45	0.727212
1	47	0.719437
1	102	0.738008
1	105	0.729914
1	109	0.71756
1	117	0.759987
1	134	2.38996
1	158	0.725078
1	171	2.74047
1	175	0.745185
2	88	2.38318
2	92	2.11062
2	143	0.717536
2	144	0.713126
2	155	0.685901
2	168	0.709062
2	169	0.726614
2	173	0.729924
2	174	0.726312
2	176	0.725462
2	177	0.730675
2	178	0.737409
3	18	0.825539
3	19	0.757293
3	70	0.800904
3	90	0.81245
3	105	0.786371
3	115	0.818635
3	117	0.816445
3	152	4.05636
3	153	0.779619
3	172	0.546937
3	175	0.801642
3	180	0.780602
4	57	0.689068
4	88	0.627649
4	147	4.63501
4	155	0.619694
4	163	0.656198
4	164	0.656453
4	166	0.674822
4	169	0.660407
4	174	0.660105
4	176	0.659255
4	177	0.664468
4	180	0.634915
5	132	0.70681
5	133	0.730656
5	146	2.43732
5	150	0.70447
5	153	2.70177
5	156	0.721797
5	157	0.738901
5	159	0.714378
5	163	0.714554
5	164	0.714809
5	165	0.72364
5	166	0.733178
6	80	2.06489
6	106	2.42709
6	154	0.725927
6	155	0.684918
6	162	0.713982
6	169	0.725631
6	170	0.722567
6	171	0.709662
6	173	0.728941
6	176	0.724479
6	177	0.729692
6	178	0.736426
7	66	2.61762
7	102	1.78124
7	154	0.719693
7	167	0.728772
7	169	0.719397
7	170	0.716333
7	171	0.703428
7	172	0.720314
7	173	0.722707
7	176	0.718245
7	177	0.723458
7	178	0.730191
8	62	0.808613
8	82	1.39691
8	119	0.799082
8	123	0.799672
8	137	0.806714
8	145	0.802393
8	147	0.794751
8	148	0.790874
8	149	0.793262
8	161	0.805807
8	167	1.95148
8	178	1.96069
9	69	2.53907
9	121	2.58201
9	131	0.707368
9	133	0.730599
9	150	0.704412
9	156	0.721739
9	157	0.738844
9	159	0.714321
9	163	0.714497
9	164	0.714751
9	165	0.723582
9	166	0.733121
10	70	0.719636
10	71	0.726828
10	88	0.692069
10	90	0.731183
10	94	0.726143
10	102	0.713198
10	115	0.737367
10	117	0.735177
10	143	1.17897
10	175	0.720375
10	179	4.03406
10	180	0.699334
11	56	0.757837
11	92	0.740598
11	128	0.738243
11	130	0.723648
11	140	2.81218
11	145	0.738568
11	147	0.730926
11	148	0.727049
11	152	0.645083
11	161	0.741982
11	170	2.33976
11	179	0.656467
12	116	1.69353
12	131	0.788554
12	150	0.785598
12	156	0.802925
12	157	0.820029
12	159	0.795507
12	163	0.795682
12	164	0.795937
12	165	0.804768
12	166	0.814306
12	174	1.91269
12	177	1.70911
13	78	2.21161
13	136	0.726081
13	141	0.714932
13	150	0.704043
13	156	0.72137
13	157	0.738474
13	159	0.713952
13	163	0.714127
13	164	0.714382
13	165	0.723213
13	166	0.732751
13	170	2.91185
14	1	0.643716
14	58	0.623469
14	115	0.669396
14	128	4.6287
14	143	0.647777
14	164	0.652901
14	165	0.661732
14	166	0.67127
14	174	0.656553
14	175	0.652404
14	176	0.655704
14	178	0.66765
15	95	2.09259
15	141	0.776164
15	150	0.765275
15	156	0.782601
15	157	0.799706
15	159	0.775183
15	163	0.775359
15	164	0.775613
15	165	0.784444
15	166	0.793983
15	167	1.73861
15	168	1.88511
15	175	0.775116
16	103	0.699765
16	118	2.9337
16	134	2.63268
16	135	0.692626
16	141	0.707522
16	150	0.696632
16	156	0.713959
16	157	0.731063
16	159	0.706541
16	163	0.706716
16	164	0.706971
16	165	0.715802
16	166	0.72534
17	101	1.43729
17	131	1.77703
17	134	0.788853
17	147	1.47818
17	168	0.763853
17	170	0.778342
17	171	0.765437
17	172	0.782322
17	173	0.784715
17	174	0.781103
17	176	0.780253
17	177	0.785466
17	178	0.7922
18	3	0.825539
18	21	1.54348
18	88	0.749463
18	89	0.910341
18	90	0.788577
18	94	0.783537
18	102	0.770592
18	105	0.762498
18	115	0.794761
18	117	0.792571
18	175	0.777769
18	179	3.47402
18	180	0.756729
19	3	0.757293
19	24	0.656703
19	90	0.720331
19	94	0.715292
19	105	0.694252
19	115	0.726516
19	117	0.724325
19	125	0.717705
19	158	0.689416
19	160	3.75859
19	174	1.85275
19	175	0.709523
19	180	0.688483
20	141	2.39699
20	143	0.702272
20	149	2.46873
20	162	0.699701
20	169	0.71135
20	170	0.708286
20	171	0.695381
20	172	0.712267
20	173	0.71466
20	174	0.711048
20	176	0.710198
20	177	0.715411
20	178	0.722145
21	18	1.54348
21	71	1.40123
21	102	2.15227
21	138	0.775882
21	148	0.759553
21	161	0.774486
21	163	0.766287
21	165	0.775373
21	166	0.784911
21	168	0.752944
21	176	0.769345
21	177	0.774557
21	178	0.781291
21	179	0.688972
22	92	1.79387
22	119	1.7465
22	133	1.58398
22	146	0.749003
22	151	0.768585
22	153	0.746691
22	154	0.767483
22	168	0.749635
22	172	0.768104
22	173	0.770497
22	174	0.766885
22	176	0.766035
22	177	0.771248
22	178	0.777982
23	28	0.560673
23	103	2.70241
23	129	0.706729
23	153	0.695313
23	156	2.5638
23	162	0.70416
23	167	0.725184
23	169	0.715808
23	171	0.69984
23	172	0.716726
23	174	0.715506
23	176	0.714657
23	177	0.71987
23	178	0.726603
24	1	0.692364
24	19	0.656703
24	45	0.683079
24	57	0.734165
24	71	0.707505
24	90	0.71186
24	94	0.70682
24	102	0.693875
24	115	0.718044
24	117	0.715854
24	160	2.64141
24	175	0.701052
24	179	3.43735
24	180	0.680012
25	66	1.74369
25	96	1.74478
25	126	0.770489
25	153	0.747142
25	162	0.755989
25	166	1.60636
25	167	0.777013
25	168	0.750086
25	170	0.764574
25	171	0.751669
25	172	0.768555
25	176	0.766486
25	177	0.771699
25	178	0.778432
26	79	0.644596
26	90	2.51003
26	115	2.66605
26	138	0.708997
26	145	0.704187
26	149	0.695056
26	161	0.707601
26	164	0.699657
26	165	0.708488
26	166	0.718027
26	171	0.687643
26	173	0.706921
26	177	0.707673
26	178	0.714406
27	80	0.77772
27	85	0.783966
27	95	2.32509
27	118	1.967
27	123	0.76611
27	128	0.768506
27	137	0.773152
27	142	0.787017
27	143	1.85725
27	145	0.768831
27	148	0.757312
27	149	0.7597
27	161	0.772245
27	179	0.686731
28	23	0.560673
28	123	0.605495
28	142	0.626402
28	149	0.599085
28	159	0.603255
28	161	0.611629
28	165	0.612516
28	166	0.622055
28	171	0.591671
28	172	0.608557
28	176	0.606488
28	177	0.611701
28	178	0.618434
28	179	0.526115
29	57	1.05665
29	118	0.756588
29	153	0.73556
29	155	0.715344
29	157	1.98972
29	164	2.40685
29	167	0.765432
29	168	0.738504
29	169	0.756056
29	171	0.740088
29	172	0.756973
29	174	0.755754
29	176	0.754905
29	177	0.760117
29	178	0.766851
30	45	0.730816
30	78	1.76374
30	94	0.754557
30	115	0.765781
30	126	2.25405
30	130	0.738896
30	137	0.758137
30	143	2.47798
30	147	0.746174
30	161	0.75723
30	163	0.749031
30	164	0.749286
30	165	0.758117
30	166	0.767655
30	180	0.727749
31	43	3.11605
31	62	0.768091
31	65	1.60032
31	77	0.747421
31	87	0.756505
31	111	0.751497
31	128	0.761546
31	129	1.75336
31	130	0.746951
31	137	0.766192
31	147	0.754229
31	148	0.750352
31	149	0.75274
31	161	0.765284
31	179	0.67977
32	37	2.736
32	106	2.94022
32	158	0.672096
32	162	0.685006
32	167	0.70603
32	169	0.696655
32	170	0.693591
32	171	0.680686
32	172	0.697572
32	173	0.699965
32	174	0.696352
32	176	0.695503
32	177	0.700716
32	178	0.707449
32	180	0.671163
33	56	0.770912
33	111	0.741269
33	119	0.748333
33	128	0.751318
33	137	0.755964
33	138	0.756453
33	142	0.76983
33	144	2.19648
33	147	0.744002
33	148	0.740124
33	149	0.742512
33	161	0.755057
33	170	2.20682
33	175	2.08581
33	180	0.725576
34	144	0.693453
34	145	2.99821
34	151	0.708339
34	152	0.614032
34	156	2.6741
34	169	0.706941
34	170	0.703878
34	171	0.690973
34	172	0.707858
34	173	0.710251
34	174	0.706639
34	176	0.705789
34	177	0.711002
34	178	0.717736
34	179	0.625416
35	77	2.31223
35	85	1.96602
35	136	1.65462
35	151	0.744701
35	155	0.702591
35	162	0.731654
35	167	0.752679
35	168	0.725751
35	169	0.743303
35	170	0.74024
35	171	0.727335
35	172	0.744221
35	173	0.746613
35	176	0.742152
35	177	0.747365
35	178	0.754098
36	48	0.76569
36	92	0.742026
36	106	0.716129
36	111	0.729622
36	127	0.744504
36	130	0.725076
36	138	0.744806
36	142	0.758182
36	145	0.739996
36	147	0.732354
36	148	0.728477
36	149	0.730865
36	161	0.74341
36	167	2.43837
36	175	2.18949
36	177	2.27422
37	32	2.736
37	131	0.735917
37	132	0.735301
37	135	0.728955
37	141	0.743851
37	150	0.732961
37	156	0.750288
37	157	0.767393
37	159	0.74287
37	163	0.743045
37	164	0.7433
37	165	0.752131
37	166	0.761669
37	172	2.01955
37	176	1.9834
37	179	0.66573
38	92	0.751636
38	107	0.724244
38	108	2.55858
38	119	0.746296
38	137	0.753927
38	138	0.754416
38	142	0.767793
38	145	0.749606
38	147	0.741965
38	148	0.738087
38	149	0.740476
38	151	1.97195
38	152	0.656121
38	153	2.38733
38	161	0.75302
38	180	0.723539
39	88	0.710894
39	98	0.729131
39	102	0.732024
39	117	0.754002
39	118	2.36713
39	120	2.1787
39	147	0.736586
39	148	0.732708
39	149	0.735096
39	161	0.747641
39	163	0.739442
39	164	0.739697
39	165	0.748528
39	166	0.758067
39	175	0.7392
39	176	2.38514
40	112	0.735872
40	131	0.728399
40	135	0.721436
40	136	0.747481
40	141	0.736332
40	143	2.22079
40	150	0.725443
40	156	0.74277
40	157	0.759874
40	159	0.735352
40	163	0.735527
40	164	0.735782
40	165	0.744613
40	166	0.754151
40	168	2.48115
40	170	2.20679
41	88	2.52215
41	128	1.3512
41	129	0.735734
41	133	2.03971
41	140	0.726357
41	143	0.735736
41	155	0.704101
41	168	0.727261
41	169	0.744813
41	170	0.74175
41	172	0.745731
41	173	0.748124
41	174	0.744511
41	176	0.743662
41	177	0.748875
41	178	0.755608
42	102	0.730526
42	107	0.717367
42	115	0.754695
42	135	2.07888
42	142	0.760916
42	156	1.74473
42	158	0.717595
42	161	0.746143
42	164	2.09019
42	170	0.73909
42	174	0.741851
42	175	0.737702
42	176	0.741002
42	177	0.746215
42	178	0.752948
42	180	0.716662
43	31	3.11605
43	108	0.67276
43	120	0.696621
43	134	0.704538
43	136	3.12729
43	152	0.604181
43	153	0.676594
43	170	0.694027
43	171	0.681122
43	172	0.698007
43	173	0.7004
43	174	0.696788
43	176	0.695939
43	177	0.701151
43	178	0.707885
43	180	0.671599
44	113	0.739362
44	132	0.72755
44	135	0.721203
44	136	0.747248
44	139	2.24089
44	141	0.736099
44	150	0.725209
44	156	0.742536
44	157	0.759641
44	159	0.735118
44	163	0.735294
44	164	0.735548
44	165	0.744379
44	166	0.753918
44	168	2.39912
44	178	2.26184
45	1	0.727212
45	24	0.683079
45	30	0.730816
45	70	0.735161
45	71	0.742352
45	94	0.741668
45	98	0.72583
45	102	0.728723
45	105	0.720628
45	110	0.710294
45	115	0.752892
45	117	0.750702
45	118	1.30979
45	152	4.87338
45	173	1.21651
45	175	0.7359
45	180	0.714859
46	94	3.33131
46	110	0.657997
46	117	3.02971
46	123	0.685909
46	127	0.693138
46	146	0.66987
46	149	0.679499
46	161	0.692043
46	163	0.683845
46	164	0.6841
46	165	0.692931
46	166	0.702469
46	169	0.688054
46	174	0.687752
46	176	0.686902
46	177	0.692115
46	179	0.606529
47	1	0.719437
47	54	0.74248
47	57	0.761237
47	70	0.727385
47	88	0.699818
47	90	0.738932
47	94	0.733893
47	105	0.712853
47	110	0.702519
47	115	0.745117
47	116	0.803185
47	117	0.742926
47	125	0.736306
47	160	2.9282
47	175	0.728124
47	179	3.72414
47	180	0.707084
48	36	0.76569
48	50	0.763034
48	56	0.80889
48	62	0.795841
48	65	1.76807
48	111	0.779247
48	126	1.5703
48	127	0.794129
48	128	0.789296
48	142	0.807807
48	147	0.781979
48	148	0.778102
48	149	0.78049
48	161	0.793035
48	162	2.19607
48	174	1.94753
48	180	0.763554
49	74	0.779236
49	83	1.77808
49	92	0.793729
49	107	0.766337
49	109	0.759047
49	111	0.781325
49	123	0.788978
49	128	0.791374
49	129	2.14485
49	130	0.776779
49	142	0.809885
49	145	0.791699
49	147	0.784057
49	149	0.782568
49	161	0.795113
49	164	1.25041
49	169	1.93112
50	48	0.763034
50	109	0.704687
50	119	0.734029
50	128	0.737015
50	130	0.722419
50	137	0.74166
50	138	0.742149
50	142	0.755526
50	145	0.737339
50	147	0.729698
50	148	0.72582
50	161	0.740753
50	170	2.38859
50	172	2.56652
50	177	2.35231
50	179	0.655239
50	180	0.711272
51	96	0.729361
51	100	0.717528
51	114	0.725327
51	132	0.718257
51	133	0.742103
51	135	0.711911
51	150	0.715917
51	156	0.733244
51	157	0.750348
51	159	0.725826
51	163	0.726001
51	164	0.726256
51	165	0.735087
51	166	0.744625
51	171	2.40157
51	174	2.39563
51	180	2.50609
52	87	1.4846
52	88	0.740625
52	102	0.761755
52	107	2.10186
52	115	0.785924
52	145	1.594
52	159	0.768998
52	161	1.39225
52	163	0.769174
52	164	0.769428
52	165	0.778259
52	166	0.787798
52	167	0.782758
52	171	0.757414
52	175	0.768931
52	176	0.772231
52	177	0.777444
52	178	0.784177
53	59	1.56774
53	79	0.723604
53	81	1.51182
53	139	0.766813
53	141	1.66568
53	146	0.764436
53	150	1.80153
53	153	0.762123
53	154	0.782915
53	155	0.741907
53	162	0.77097
53	167	0.791995
53	169	0.782619
53	171	0.766651
53	173	0.785929
53	176	0.781468
53	177	0.786681
53	178	0.793414
54	47	0.74248
54	56	1.54371
54	94	0.773997
54	102	0.761052
54	107	2.05509
54	117	0.78303
54	137	1.49017
54	148	1.48119
54	159	0.768295
54	163	0.768471
54	164	0.768725
54	165	0.777556
54	166	0.787095
54	170	0.769616
54	172	0.773597
54	173	0.77599
54	176	0.771528
54	178	0.783474
55	78	0.744223
55	115	1.61863
55	129	0.714377
55	130	2.8208
55	136	2.23043
55	140	0.705
55	151	0.724854
55	168	0.705904
55	169	0.723456
55	170	0.720393
55	171	0.707488
55	172	0.724374
55	173	0.726766
55	174	0.723154
55	176	0.722305
55	177	0.727518
55	178	0.734251
55	180	0.697965
56	11	0.757837
56	33	0.770912
56	48	0.80889
56	54	1.54371
56	81	0.79771
56	116	2.05347
56	123	0.780474
56	137	0.787516
56	138	0.788005
56	145	0.783195
56	147	0.775554
56	148	0.771676
56	149	0.774065
56	160	0.717499
56	161	0.786609
56	169	2.03249
56	177	2.06905
56	179	0.701095
57	4	0.689068
57	24	0.734165
57	29	1.05665
57	47	0.761237
57	61	1.93447
57	70	0.786247
57	82	0.795614
57	88	0.758679
57	90	0.797793
57	102	0.779809
57	105	0.771714
57	115	0.803978
57	117	0.801787
57	158	0.766878
57	162	1.19584
57	175	0.786985
57	179	3.64908
57	180	0.765945
58	14	0.623469
58	90	1.52553
58	101	2.53602
58	126	0.73224
58	144	0.715901
58	151	0.730787
58	154	0.729685
58	166	2.58242
58	168	0.711837
58	170	0.726326
58	171	0.713421
58	172	0.730306
58	173	0.732699
58	174	0.729087
58	175	0.724938
58	176	0.728237
58	177	0.73345
58	178	0.740184
59	53	1.56774
59	131	0.761019
59	132	0.760403
59	133	0.784249
59	135	0.754057
59	136	0.780101
59	141	0.768953
59	150	0.758063
59	156	0.77539
59	157	0.792495
59	159	0.767972
59	163	0.768147
59	164	0.768402
59	165	0.777233
59	166	0.786771
59	177	1.88414
59	178	2.0575
59	180	2.19818
60	85	1.56004
60	129	0.766539
60	137	1.67673
60	143	0.76654
60	151	0.777016
60	153	0.755122
60	159	1.77167
60	162	0.763969
60	166	1.5377
60	167	0.784994
60	168	0.758066
60	169	0.775618
60	171	0.75965
60	173	0.778928
60	174	0.775316
60	176	0.774467
60	177	0.779679
60	178	0.786413
61	57	1.93447
61	105	2.20367
61	143	0.712477
61	144	0.708066
61	146	0.703371
61	151	0.722953
61	162	0.709906
61	165	3.06732
61	167	0.73093
61	168	0.704002
61	170	0.718491
61	171	0.705586
61	172	0.722472
61	173	0.724865
61	174	0.721252
61	176	0.720403
61	177	0.725616
61	178	0.732349
61	179	0.64003
62	8	0.808613
62	31	0.768091
62	48	0.795841
62	111	0.759773
62	119	0.766836
62	121	1.72771
62	125	1.82506
62	127	0.774655
62	137	0.774467
62	142	0.788333
62	147	0.762505
62	148	0.758628
62	149	0.761016
62	152	0.676662
62	161	0.77356
62	168	2.4009
62	172	2.30447
62	179	0.688046
62	180	0.744079
63	112	2.46807
63	124	0.715295
63	139	0.70054
63	140	0.697889
63	153	0.69585
63	154	0.716642
63	157	2.21687
63	161	2.41091
63	162	0.704697
63	167	0.725721
63	169	0.716346
63	170	0.713282
63	171	0.700377
63	172	0.717263
63	173	0.719656
63	174	0.716043
63	176	0.715194
63	177	0.720407
63	178	0.72714
64	99	0.751043
64	113	0.762263
64	131	0.751065
64	132	0.75045
64	135	0.744103
64	136	0.770148
64	139	1.93721
64	141	0.758999
64	146	1.96724
64	150	0.74811
64	153	2.23169
64	156	0.765437
64	157	0.782541
64	158	2.12852
64	159	0.758018
64	163	0.758194
64	164	0.758449
64	165	0.76728
64	166	0.776818
65	31	1.60032
65	48	1.76807
65	100	1.98932
65	129	0.756809
65	139	0.750083
65	144	0.7524
65	153	0.745393
65	154	0.766184
65	162	0.75424
65	165	1.9007
65	168	0.748336
65	169	0.765889
65	171	0.74992
65	172	0.766806
65	173	0.769199
65	174	0.765586
65	176	0.764737
65	177	0.76995
65	178	0.776683
66	7	2.61762
66	25	1.74369
66	67	1.88477
66	103	0.744994
66	114	0.751272
66	132	0.744202
66	133	0.768048
66	135	0.737855
66	136	0.7639
66	141	0.752751
66	150	0.741862
66	156	0.759188
66	157	0.776293
66	159	0.75177
66	163	0.751946
66	164	0.7522
66	165	0.761031
66	166	0.77057
66	173	2.08057
66	179	0.67463
67	66	1.88477
67	126	0.757311
67	134	0.761907
67	138	1.92372
67	143	0.745382
67	151	0.755857
67	155	0.713747
67	162	0.74281
67	164	1.96486
67	166	1.74744
67	168	0.736907
67	169	0.754459
67	170	0.751396
67	171	0.738491
67	172	0.755377
67	173	0.757769
67	174	0.754157
67	176	0.753308
67	177	0.758521
67	178	0.765254
68	100	0.743138
68	131	0.744483
68	132	0.743868
68	133	0.767714
68	136	0.763566
68	141	0.752417
68	150	0.741528
68	156	0.758854
68	157	0.775959
68	159	0.751436
68	162	2.38817
68	163	0.751612
68	164	0.751866
68	165	0.760697
68	166	0.770236
68	175	0.751369
68	177	1.93604
68	178	2.1094
68	179	0.674296
68	180	2.25008
69	9	2.53907
69	118	0.757701
69	120	0.7567
69	123	1.85239
69	129	0.74809
69	138	1.64728
69	144	0.743681
69	146	0.738985
69	154	0.757465
69	162	0.74552
69	165	1.47108
69	167	0.766544
69	169	0.757169
69	170	0.754105
69	172	0.758086
69	174	0.756867
69	176	0.756017
69	177	0.76123
69	178	0.767964
69	179	0.675644
70	3	0.800904
70	10	0.719636
70	45	0.735161
70	47	0.727385
70	57	0.786247
70	71	0.759586
70	88	0.724828
70	90	0.763942
70	98	0.743064
70	102	0.745957
70	105	0.737862
70	115	0.770126
70	117	0.767936
70	140	0.877631
70	152	4.09256
70	158	0.733026
70	172	0.583139
70	175	0.753134
70	179	3.2743
70	180	0.732093
71	10	0.726828
71	21	1.40123
71	24	0.707505
71	45	0.742352
71	70	0.759586
71	82	0.768954
71	88	0.732019
71	90	0.771133
71	94	0.766094
71	102	0.753149
71	105	0.745054
71	110	0.73472
71	115	0.777318
71	117	0.775127
71	118	0.58643
71	152	4.15002
71	158	0.740218
71	160	2.53582
71	175	0.760325
71	180	0.739285
72	92	0.759633
72	106	0.733737
72	111	0.747229
72	118	2.23641
72	119	0.754293
72	123	0.754883
72	126	1.90273
72	127	0.762111
72	128	0.757279
72	130	0.742683
72	138	0.762413
72	145	0.757603
72	147	0.749962
72	148	0.746084
72	149	0.748473
72	158	0.732469
72	161	0.761017
72	171	2.2859
72	174	2.27996
72	180	0.731536
73	94	1.91524
73	101	2.73967
73	118	0.713921
73	151	0.714787
73	152	0.62048
73	153	0.692893
73	154	0.713685
73	161	2.7804
73	167	0.722765
73	168	0.695837
73	169	0.713389
73	170	0.710326
73	171	0.697421
73	172	0.714306
73	173	0.716699
73	174	0.713087
73	175	0.708938
73	176	0.712237
73	177	0.71745
73	178	0.724184
74	49	0.779236
74	81	0.765979
74	106	0.727597
74	111	0.741089
74	119	0.748153
74	125	1.96602
74	127	0.755971
74	128	0.751139
74	130	0.736543
74	137	0.755784
74	138	0.756273
74	142	0.76965
74	143	2.28149
74	144	2.25715
74	145	0.751463
74	148	0.739944
74	149	0.742333
74	161	0.754877
74	175	2.14648
74	180	0.725396
75	87	2.75614
75	116	0.721484
75	124	0.710352
75	129	0.702323
75	136	2.3804
75	148	2.7995
75	151	0.7128
75	152	0.618493
75	153	0.690906
75	167	0.720777
75	168	0.69385
75	169	0.711402
75	170	0.708338
75	171	0.695433
75	172	0.712319
75	173	0.714712
75	174	0.7111
75	176	0.71025
75	177	0.715463
75	178	0.722197
75	179	0.629877
76	89	2.05204
76	112	0.788289
76	120	1.68196
76	132	0.7802
76	133	0.804046
76	135	0.773853
76	136	0.799898
76	141	0.788749
76	146	1.8928
76	150	0.77786
76	156	0.795187
76	157	0.812291
76	159	0.787769
76	160	0.727032
76	163	0.787944
76	164	0.788199
76	165	0.79703
76	166	0.806568
76	170	1.74663
76	175	0.787702
76	178	1.88371
77	31	0.747421
77	35	2.31223
77	80	0.758366
77	106	0.72561
77	107	0.724114
77	111	0.739103
77	119	0.746166
77	123	0.746756
77	125	1.97984
77	127	0.753985
77	129	2.4222
77	130	0.734557
77	137	0.753797
77	138	0.754286
77	142	0.767663
77	145	0.749477
77	147	0.741835
77	148	0.737958
77	161	0.75289
77	175	2.1603
77	179	0.667376
78	13	2.21161
78	30	1.76374
78	55	0.744223
78	127	1.41912
78	130	1.51384
78	140	0.765085
78	143	0.774463
78	145	1.40861
78	146	0.765357
78	151	0.784939
78	154	0.783837
78	155	0.742829
78	167	0.792917
78	168	0.765989
78	169	0.783541
78	170	0.780478
78	172	0.784458
78	173	0.786851
78	174	0.783239
78	176	0.782389
78	177	0.787602
78	178	0.794336
79	26	0.644596
79	53	0.723604
79	95	0.668247
79	128	2.27366
79	132	2.90723
79	135	3.11193
79	144	0.690271
79	146	0.685576
79	151	0.705158
79	153	0.683264
79	162	0.692111
79	167	0.713135
79	168	0.686208
79	169	0.70376
79	171	0.687791
79	172	0.704677
79	173	0.70707
79	174	0.703457
79	176	0.702608
79	177	0.707821
79	178	0.714554
79	180	0.678268
80	6	2.06489
80	27	0.77772
80	77	0.758366
80	87	0.767449
80	106	0.748949
80	107	0.747453
80	110	1.98792
80	119	0.769505
80	123	0.770095
80	127	0.777323
80	128	0.772491
80	130	0.757895
80	137	0.777136
80	142	0.791002
80	145	0.772815
80	147	0.765174
80	148	0.761296
80	149	0.763685
80	151	1.67887
80	155	2.29075
80	161	0.776229
80	176	1.82542
80	180	0.746748
81	53	1.51182
81	56	0.79771
81	74	0.765979
81	84	0.749028
81	104	0.806132
81	107	0.753079
81	110	2.16877
81	119	0.775131
81	120	1.79983
81	127	0.782949
81	128	0.778117
81	130	0.763521
81	137	0.782762
81	138	0.783251
81	145	0.778441
81	147	0.7708
81	149	0.769311
81	155	2.47161
81	158	0.753307
81	160	0.712745
81	161	0.781855
81	173	1.89497
81	179	0.696341
82	8	1.39691
82	57	0.795614
82	71	0.768954
82	84	2.11371
82	102	0.755325
82	105	0.74723
82	115	0.779494
82	127	1.69265
82	145	1.68213
82	149	1.66339
82	154	0.767248
82	156	0.769986
82	159	0.762568
82	163	0.762743
82	164	0.762998
82	165	0.771829
82	166	0.781368
82	167	0.776328
82	168	0.7494
82	170	0.763889
82	177	0.771014
82	178	0.777747
82	180	0.741461
83	49	1.77808
83	142	1.77754
83	143	0.764023
83	146	0.754917
83	148	1.81692
83	151	0.774499
83	153	0.752605
83	155	0.732388
83	157	1.48718
83	162	0.761452
83	165	1.68697
83	167	0.782476
83	168	0.755548
83	169	0.7731
83	170	0.770037
83	171	0.757132
83	172	0.774018
83	173	0.77641
83	174	0.772798
83	175	0.768649
83	176	0.771949
83	177	0.777162
83	178	0.783895
84	81	0.749028
84	82	2.11371
84	85	0.749648
84	92	0.736543
84	106	0.710647
84	107	0.709151
84	109	0.701861
84	116	2.48856
84	119	0.731203
84	127	0.739021
84	128	0.734189
84	130	0.719593
84	137	0.738834
84	138	0.739323
84	142	0.7527
84	145	0.734513
84	147	0.726872
84	148	0.722994
84	149	0.725382
84	152	0.641028
84	161	0.737927
84	175	2.4194
84	176	2.68219
85	27	0.783966
85	35	1.96602
85	60	1.56004
85	84	0.749648
85	87	0.773695
85	98	0.763965
85	106	0.755195
85	119	0.775751
85	127	0.783569
85	128	0.778737
85	130	0.764141
85	142	0.797248
85	145	0.779061
85	147	0.77142
85	148	0.767542
85	149	0.769931
85	158	0.753927
85	161	0.782475
85	171	2.10834
85	173	1.96558
85	174	2.10241
85	179	0.696961
85	180	0.752994
86	93	0.75441
86	100	0.752636
86	101	0.753464
86	113	0.765179
86	131	0.753981
86	132	0.753366
86	133	0.777212
86	135	0.747019
86	139	1.94529
86	141	0.761915
86	150	0.751026
86	156	0.768353
86	157	0.785457
86	158	2.1366
86	159	0.760935
86	162	2.24501
86	163	0.76111
86	164	0.761365
86	165	0.770196
86	166	0.779734
86	168	2.10352
86	171	2.0024
86	175	0.760868
86	179	0.683794
87	31	0.756505
87	52	1.4846
87	75	2.75614
87	80	0.767449
87	85	0.773695
87	92	0.76059
87	104	0.786251
87	106	0.734694
87	111	0.748186
87	119	0.75525
87	123	0.75584
87	127	0.763068
87	130	0.74364
87	134	1.82218
87	137	0.762881
87	138	0.76337
87	142	0.776747
87	145	0.75856
87	146	2.14561
87	147	0.750919
87	149	0.74943
87	161	0.761974
87	175	1.87843
87	180	0.732493
88	2	2.38318
88	4	0.627649
88	10	0.692069
88	18	0.749463
88	39	0.710894
88	41	2.52215
88	47	0.699818
88	52	0.740625
88	57	0.758679
88	70	0.724828
88	71	0.732019
88	90	0.736374
88	94	0.731335
88	98	0.715497
88	102	0.71839
88	105	0.710295
88	115	0.742559
88	117	0.740368
88	124	2.58529
88	125	0.733748
88	151	2.44679
88	158	0.705459
88	175	0.725566
88	180	0.704526
89	18	0.910341
89	76	2.05204
89	118	0.763666
89	121	0.770735
89	126	0.765986
89	128	1.58602
89	129	0.754055
89	143	0.754057
89	150	2.45962
89	151	0.764532
89	153	0.742638
89	155	0.722422
89	156	2.09014
89	162	0.751485
89	168	0.745582
89	169	0.763134
89	170	0.760071
89	171	0.747166
89	172	0.764052
89	173	0.766444
89	174	0.762832
89	176	0.761983
89	177	0.767196
89	178	0.773929
90	3	0.81245
90	10	0.731183
90	18	0.788577
90	19	0.720331
90	24	0.71186
90	26	2.51003
90	47	0.738932
90	57	0.797793
90	58	1.52553
90	70	0.763942
90	71	0.771133
90	88	0.736374
90	94	0.770449
90	102	0.757504
90	105	0.749409
90	108	1.43774
90	109	0.737055
90	115	0.781673
90	117	0.779482
90	158	0.744573
90	175	0.76468
90	178	0.992955
90	179	3.72497
90	180	0.74364
91	103	1.74537
91	108	0.733375
91	120	0.757236
91	127	1.94139
91	129	0.748626
91	134	0.765153
91	142	1.82546
91	146	0.739521
91	151	0.759103
91	154	0.758001
91	155	0.716993
91	160	0.692584
91	161	1.72913
91	162	0.746056
91	164	1.95222
91	167	0.76708
91	169	0.757705
91	170	0.754641
91	171	0.741736
91	172	0.758622
91	173	0.761015
91	174	0.757403
91	176	0.756553
91	177	0.761766
91	178	0.7685
92	2	2.11062
92	11	0.740598
92	22	1.79387
92	36	0.742026
92	38	0.751636
92	49	0.793729
92	72	0.759633
92	84	0.736543
92	87	0.76059
92	106	0.74209
92	127	0.770464
92	130	0.751036
92	137	0.770277
92	138	0.770766
92	145	0.765956
92	148	0.754437
92	149	0.756826
92	158	0.740822
92	160	0.70026
92	161	0.76937
92	173	2.20948
92	175	2.05799
92	176	2.32077
92	179	0.683856
92	180	0.739889
93	86	0.75441
93	96	0.751017
93	97	1.75915
93	99	0.740506
93	103	0.740706
93	113	0.751726
93	131	0.740529
93	132	0.739913
93	133	0.76376
93	135	0.733567
93	136	0.759612
93	141	0.748463
93	143	2.18154
93	150	0.737573
93	154	2.09721
93	156	0.7549
93	157	0.772005
93	159	0.747482
93	163	0.747657
93	164	0.747912
93	165	0.756743
93	166	0.766282
93	172	2.34547
93	175	0.747415
93	180	2.4453
94	10	0.726143
94	18	0.783537
94	19	0.715292
94	24	0.70682
94	30	0.754557
94	45	0.741668
94	46	3.33131
94	47	0.733893
94	54	0.773997
94	71	0.766094
94	73	1.91524
94	88	0.731335
94	90	0.770449
94	98	0.749571
94	102	0.752464
94	105	0.74437
94	109	0.732016
94	115	0.776633
94	117	0.774443
94	125	0.767822
94	160	3.11509
94	170	1.04194
94	175	0.759641
94	178	1.17902
94	180	0.738601
95	15	2.09259
95	27	2.32509
95	79	0.668247
95	114	2.31317
95	124	0.726212
95	126	0.730114
95	137	2.53363
95	151	0.72866
95	153	0.706766
95	154	0.727558
95	155	0.68655
95	162	0.715613
95	167	0.736638
95	168	0.70971
95	169	0.727262
95	170	0.724199
95	171	0.711294
95	172	0.728179
95	173	0.730572
95	174	0.72696
95	175	0.722811
95	176	0.72611
95	177	0.731323
95	178	0.738057
96	25	1.74478
96	51	0.729361
96	93	0.751017
96	99	0.750565
96	112	0.758061
96	126	1.84126
96	132	0.749972
96	133	0.773818
96	135	0.743626
96	136	0.76967
96	140	2.52361
96	141	0.758522
96	150	0.747632
96	152	0.669016
96	156	0.764959
96	157	0.782063
96	158	2.35862
96	159	0.757541
96	163	0.757716
96	164	0.757971
96	165	0.766802
96	166	0.77634
96	174	2.21849
96	175	0.757474
96	179	0.6804
97	93	1.75915
97	106	1.63745
97	107	2.20831
97	111	1.89075
97	123	1.88576
97	126	0.758927
97	140	0.737619
97	143	0.746998
97	144	0.742588
97	151	0.757474
97	153	0.73558
97	154	0.756372
97	155	0.715363
97	162	0.744427
97	167	0.765451
97	168	0.738524
97	169	0.756076
97	170	0.753012
97	171	0.740107
97	172	0.756993
97	173	0.759386
97	174	0.755774
97	176	0.754924
97	177	0.760137
97	178	0.766871
98	39	0.729131
98	45	0.72583
98	70	0.743064
98	85	0.763965
98	88	0.715497
98	94	0.749571
98	117	0.758605
98	130	0.73391
98	143	2.21159
98	147	0.741188
98	148	0.737311
98	149	0.739699
98	154	2.12726
98	156	0.751288
98	157	0.768392
98	158	0.723696
98	159	0.74387
98	161	0.752244
98	163	0.744045
98	164	0.7443
98	165	0.753131
98	166	0.762669
98	171	2.37083
98	172	2.37552
98	177	2.16131
98	180	0.722763
99	64	0.751043
99	93	0.740506
99	96	0.750565
99	100	0.738732
99	112	0.74755
99	114	0.746532
99	122	2.01228
99	131	0.740077
99	133	0.763308
99	135	0.733115
99	136	0.75916
99	141	0.748011
99	150	0.737122
99	154	2.15724
99	156	0.754448
99	157	0.771553
99	158	2.53501
99	159	0.74703
99	160	0.686294
99	163	0.747206
99	164	0.74746
99	165	0.756291
99	166	0.76583
99	169	2.15473
99	178	2.36465
99	179	0.66989
100	51	0.717528
100	65	1.98932
100	68	0.743138
100	86	0.752636
100	99	0.738732
100	114	0.745209
100	131	0.738755
100	132	0.738139
100	133	0.761986
100	135	0.731793
100	136	0.757838
100	141	0.746689
100	150	0.735799
100	153	2.41208
100	156	0.753126
100	157	0.770231
100	159	0.745708
100	163	0.745883
100	164	0.746138
100	165	0.754969
100	166	0.764507
100	167	2.12934
100	168	2.27583
100	175	0.745641
100	179	0.668568
100	180	2.27923
101	17	1.43729
101	58	2.53602
101	73	2.73967
101	86	0.753464
101	112	0.747055
101	113	0.750779
101	114	0.746037
101	124	2.00009
101	131	0.739582
101	132	0.738967
101	133	0.762813
101	135	0.73262
101	136	0.758665
101	141	0.747516
101	150	0.736626
101	156	0.753953
101	157	0.771058
101	159	0.746535
101	160	0.685799
101	163	0.746711
101	164	0.746965
101	165	0.755796
101	166	0.765335
101	174	2.03367
101	175	0.746468
101	179	0.669395
102	1	0.738008
102	7	1.78124
102	10	0.713198
102	18	0.770592
102	21	2.15227
102	24	0.693875
102	39	0.732024
102	42	0.730526
102	45	0.728723
102	52	0.761755
102	54	0.761052
102	57	0.779809
102	70	0.745957
102	71	0.753149
102	82	0.755325
102	88	0.71839
102	90	0.757504
102	94	0.752464
102	105	0.731425
102	115	0.763688
102	117	0.761498
102	153	1.62433
102	158	0.726589
102	178	1.3508
102	179	4.08281
102	180	0.725656
103	16	0.699765
103	23	2.70241
103	66	0.744994
103	91	1.74537
103	93	0.740706
103	108	2.5052
103	113	0.751474
103	114	0.746732
103	131	0.740277
103	132	0.739662
103	133	0.763508
103	135	0.733315
103	136	0.75936
103	141	0.748211
103	150	0.737322
103	152	0.658705
103	156	0.754648
103	157	0.771753
103	159	0.74723
103	163	0.747406
103	164	0.74766
103	165	0.756491
103	166	0.76603
103	169	1.8505
103	172	2.10126
103	175	0.747163
104	81	0.806132
104	87	0.786251
104	106	0.76775
104	107	0.766254
104	111	0.781243
104	119	0.788306
104	123	0.788896
104	125	1.47684
104	127	0.796125
104	128	0.791292
104	130	0.776697
104	137	0.795938
104	138	0.796427
104	140	2.25074
104	142	0.809803
104	145	0.791617
104	148	0.780098
104	149	0.782486
104	151	1.77355
104	160	0.72592
104	161	0.795031
104	162	2.19417
104	168	2.05268
104	175	1.65731
104	179	0.709516
104	180	0.76555
105	1	0.729914
105	3	0.786371
105	18	0.762498
105	19	0.694252
105	45	0.720628
105	47	0.712853
105	57	0.771714
105	61	2.20367
105	70	0.737862
105	71	0.745054
105	82	0.74723
105	88	0.710295
105	90	0.749409
105	94	0.74437
105	102	0.731425
105	109	0.710976
105	110	0.712996
105	115	0.755594
105	117	0.753403
105	125	0.746783
105	129	1.19008
105	158	0.718494
105	160	3.12234
105	167	1.17706
105	175	0.738601
105	179	3.91828
105	180	0.717561
106	6	2.42709
106	32	2.94022
106	36	0.716129
106	72	0.733737
106	74	0.727597
106	77	0.72561
106	80	0.748949
106	84	0.710647
106	85	0.755195
106	87	0.734694
106	92	0.74209
106	97	1.63745
106	104	0.76775
106	127	0.744568
106	130	0.72514
106	137	0.74438
106	138	0.744869
106	142	0.758246
106	145	0.74006
106	147	0.732418
106	148	0.728541
106	149	0.730929
106	160	0.674363
106	161	0.743473
106	168	2.32021
106	174	2.21315
106	179	0.657959
106	180	0.713992
107	38	0.724244
107	42	0.717367
107	49	0.766337
107	52	2.10186
107	54	2.05509
107	77	0.724114
107	80	0.747453
107	81	0.753079
107	84	0.709151
107	97	2.20831
107	104	0.766254
107	123	0.735843
107	127	0.743072
107	128	0.738239
107	130	0.723644
107	137	0.742885
107	138	0.743374
107	142	0.75675
107	144	2.60636
107	145	0.738564
107	147	0.730922
107	148	0.727045
107	149	0.729433
107	160	0.672868
107	161	0.741978
107	169	2.54386
107	179	0.656464
107	180	0.712497
108	38	2.55858
108	43	0.67276
108	90	1.43774
108	91	0.733375
108	103	2.5052
108	126	0.741296
108	128	1.86247
108	132	2.49603
108	134	0.745892
108	139	0.722639
108	144	0.724956
108	151	0.739843
108	153	0.717949
108	154	0.738741
108	155	0.697732
108	158	0.713886
108	162	0.726796
108	167	0.74782
108	169	0.738445
108	170	0.735381
108	171	0.722476
108	172	0.739362
108	173	0.741755
108	174	0.738142
108	175	0.733993
108	176	0.737293
108	177	0.742506
108	178	0.749239
109	1	0.71756
109	49	0.759047
109	50	0.704687
109	84	0.701861
109	90	0.737055
109	94	0.732016
109	105	0.710976
109	115	0.74324
109	117	0.741049
109	130	0.716354
109	132	0.718745
109	137	0.735595
109	142	0.749461
109	145	0.731274
109	153	2.73698
109	154	2.25604
109	156	0.733732
109	157	0.750837
109	159	0.726314
109	161	0.734688
109	163	0.726489
109	164	0.726744
109	165	0.735575
109	166	0.745114
109	169	2.25353
109	172	2.5043
109	175	0.726247
109	177	2.29009
110	45	0.710294
110	46	0.657997
110	47	0.702519
110	71	0.73472
110	80	1.98792
110	81	2.16877
110	105	0.712996
110	117	0.743069
110	148	2.34708
110	149	2.39437
110	150	0.718425
110	154	0.733014
110	156	0.735752
110	157	0.752856
110	158	0.70816
110	159	0.728334
110	161	2.21137
110	163	0.728509
110	164	0.728764
110	165	0.737595
110	166	0.747133
110	167	0.742094
110	168	0.715166
110	171	0.71675
110	174	0.732416
110	176	0.731566
110	177	0.736779
110	178	0.743513
110	180	0.707227
111	31	0.751497
111	33	0.741269
111	36	0.729622
111	48	0.779247
111	49	0.781325
111	62	0.759773
111	72	0.747229
111	74	0.741089
111	77	0.739103
111	87	0.748186
111	97	1.89075
111	104	0.781243
111	119	0.750242
111	123	0.750832
111	125	1.99766
111	128	0.753228
111	134	2.12187
111	137	0.757873
111	138	0.758362
111	142	0.771739
111	145	0.753552
111	147	0.745911
111	148	0.742033
111	149	0.744422
111	158	0.728418
111	160	0.687856
111	161	0.756966
111	170	2.29914
111	173	2.32962
111	175	2.17813
112	40	0.735872
112	63	2.46807
112	76	0.788289
112	96	0.758061
112	99	0.74755
112	101	0.747055
112	113	0.758771
112	114	0.754028
112	131	0.747573
112	132	0.746958
112	133	0.770804
112	135	0.740611
112	136	0.766656
112	141	0.755507
112	150	0.744618
112	152	0.666002
112	156	0.761945
112	157	0.779049
112	159	0.754526
112	163	0.754702
112	164	0.754957
112	165	0.763788
112	166	0.773326
112	173	1.99474
112	175	0.75446
112	176	2.10604
112	177	1.92798
112	178	2.10134
112	179	0.677386
112	180	2.24202
113	44	0.739362
113	64	0.762263
113	86	0.765179
113	93	0.751726
113	101	0.750779
113	103	0.751474
113	112	0.758771
113	114	0.757752
113	120	1.99577
113	131	0.751297
113	133	0.774528
113	135	0.744335
113	136	0.77038
113	141	0.759231
113	144	2.0501
113	150	0.748342
113	151	2.05567
113	152	0.669725
113	153	2.47105
113	156	0.765668
113	157	0.782773
113	159	0.75825
113	160	0.697514
113	163	0.758426
113	164	0.75868
113	165	0.767511
113	166	0.77705
113	174	2.22775
113	176	2.20222
113	179	0.68111
114	51	0.725327
114	66	0.751272
114	95	2.31317
114	99	0.746532
114	100	0.745209
114	101	0.746037
114	103	0.746732
114	112	0.754028
114	113	0.757752
114	116	1.77947
114	131	0.746554
114	132	0.745939
114	133	0.769785
114	135	0.739592
114	136	0.765637
114	141	0.754488
114	150	0.743599
114	155	2.43844
114	156	0.760926
114	157	0.77803
114	159	0.753508
114	162	2.24718
114	163	0.753683
114	164	0.753938
114	165	0.762769
114	166	0.772307
114	175	0.753441
114	178	1.96841
114	179	0.676367
114	180	2.10909
115	3	0.818635
115	10	0.737367
115	14	0.669396
115	18	0.794761
115	19	0.726516
115	24	0.718044
115	26	2.66605
115	30	0.765781
115	42	0.754695
115	45	0.752892
115	47	0.745117
115	52	0.785924
115	55	1.61863
115	57	0.803978
115	70	0.770126
115	71	0.777318
115	82	0.779494
115	88	0.742559
115	90	0.781673
115	94	0.776633
115	102	0.763688
115	105	0.755594
115	109	0.74324
115	117	0.785667
115	125	0.779046
115	134	0.834637
115	154	0.941571
115	158	0.750758
115	160	3.08505
115	175	0.770865
115	176	1.15368
115	179	3.88099
115	180	0.749825
116	12	1.69353
116	47	0.803185
116	56	2.05347
116	75	0.721484
116	84	2.48856
116	114	1.77947
116	120	0.772388
116	122	0.769433
116	126	0.775709
116	129	0.763778
116	134	0.780305
116	135	2.06702
116	139	0.757051
116	140	0.7544
116	143	0.763779
116	144	0.759369
116	146	0.754673
116	148	1.99094
116	153	0.752361
116	154	0.773153
116	155	0.732145
116	162	0.761208
116	167	0.782233
116	168	0.755305
116	170	0.769794
116	171	0.756889
116	172	0.773774
116	173	0.776167
116	174	0.772555
116	176	0.771705
116	177	0.776918
116	178	0.783652
116	179	0.691332
117	1	0.759987
117	3	0.816445
117	10	0.735177
117	18	0.792571
117	19	0.724325
117	24	0.715854
117	39	0.754002
117	45	0.750702
117	46	3.02971
117	47	0.742926
117	54	0.78303
117	57	0.801787
117	70	0.767936
117	71	0.775127
117	88	0.740368
117	90	0.779482
117	94	0.774443
117	98	0.758605
117	102	0.761498
117	105	0.753403
117	109	0.741049
117	110	0.743069
117	115	0.785667
117	124	0.874065
117	125	0.776856
117	140	1.21276
117	152	4.42769
117	158	0.748567
117	160	2.81349
117	162	1.15618
117	167	0.868205
117	175	0.768674
117	180	0.747634
118	16	2.9337
118	27	1.967
118	29	0.756588
118	39	2.36713
118	45	1.30979
118	69	0.757701
118	71	0.58643
118	72	2.23641
118	73	0.713921
118	89	0.763666
118	121	0.770907
118	124	0.762257
118	126	0.766158
118	134	0.770754
118	140	0.74485
118	144	0.749819
118	146	0.745123
118	153	0.742811
118	155	0.722594
118	161	2.03085
118	162	0.751658
118	167	0.772682
118	168	0.745755
118	169	0.763307
118	170	0.760243
118	171	0.747338
118	172	0.764224
118	173	0.766617
118	174	0.763005
118	175	0.758856
118	176	0.762155
118	177	0.767368
118	178	0.774102
118	180	0.737815
119	8	0.799082
119	22	1.7465
119	33	0.748333
119	38	0.746296
119	50	0.734029
119	62	0.766836
119	72	0.754293
119	74	0.748153
119	77	0.746166
119	80	0.769505
119	81	0.775131
119	84	0.731203
119	85	0.775751
119	87	0.75525
119	104	0.788306
119	111	0.750242
119	121	1.7328
119	122	1.91634
119	123	0.757895
119	127	0.765124
119	128	0.760291
119	130	0.745696
119	138	0.765426
119	140	2.60406
119	142	0.778802
119	145	0.760616
119	146	2.2778
119	147	0.752974
119	148	0.749097
119	161	0.76403
119	171	2.30488
119	175	2.01062
119	179	0.678515
119	180	0.734549
120	39	2.1787
120	43	0.696621
120	69	0.7567
120	76	1.68196
120	81	1.79983
120	91	0.757236
120	113	1.99577
120	116	0.772388
120	121	0.769906
120	122	0.758881
120	124	0.761255
120	126	0.765157
120	134	0.769753
120	136	1.55904
120	139	0.7465
120	140	0.743849
120	144	0.748817
120	147	1.84258
120	151	0.763704
120	153	0.74181
120	154	0.762602
120	155	0.721593
120	162	0.750657
120	163	2.053
120	167	0.771681
120	168	0.744754
120	169	0.762306
120	170	0.759242
120	171	0.746337
120	172	0.763223
120	173	0.765616
120	176	0.761154
120	177	0.766367
120	178	0.7731
121	9	2.58201
121	62	1.72771
121	89	0.770735
121	118	0.770907
121	119	1.7328
121	120	0.769906
121	129	0.761296
121	132	1.51534
121	134	0.777823
121	139	0.754569
121	140	0.751919
121	143	0.761298
121	144	0.756887
121	146	0.752192
121	147	1.50842
121	151	0.771773
121	154	0.770671
121	155	0.729663
121	159	1.7479
121	162	0.758726
121	163	1.71884
121	167	0.779751
121	168	0.752823
121	169	0.770375
121	170	0.767312
121	172	0.771293
121	173	0.773685
121	174	0.770073
121	176	0.769224
121	177	0.774437
121	178	0.78117
121	179	0.688851
121	180	0.744884
122	99	2.01228
122	116	0.769433
122	119	1.91634
122	120	0.758881
122	129	0.750272
122	131	1.99081
122	134	0.766798
122	138	1.87375
122	139	0.743545
122	140	0.740894
122	142	1.78812
122	143	0.750273
122	144	0.745862
122	146	0.741167
122	151	0.760749
122	153	0.738855
122	154	0.759647
122	155	0.718638
122	162	0.747702
122	163	1.90238
122	166	1.69747
122	167	0.768726
122	168	0.741799
122	169	0.759351
122	170	0.756287
122	171	0.743382
122	172	0.760268
122	173	0.762661
122	174	0.759048
122	175	0.754899
122	176	0.758199
122	177	0.763412
122	178	0.770145
122	179	0.677826
122	180	0.733859
123	8	0.799672
123	27	0.76611
123	28	0.605495
123	46	0.685909
123	49	0.788978
123	56	0.780474
123	69	1.85239
123	72	0.754883
123	77	0.746756
123	80	0.770095
123	87	0.75584
123	97	1.88576
123	104	0.788896
123	107	0.735843
123	111	0.750832
123	119	0.757895
123	127	0.765714
123	128	0.760881
123	130	0.746285
123	138	0.766015
123	142	0.779392
123	144	2.28381
123	145	0.761205
123	147	0.753564
123	148	0.749687
123	149	0.752075
123	152	0.667721
123	158	0.736071
123	160	0.695509
123	161	0.764619
123	169	2.22131
123	172	2.47208
123	173	2.32463
123	175	2.17314
123	179	0.679105
123	180	0.735138
124	63	0.715295
124	75	0.710352
124	88	2.58529
124	95	0.726212
124	101	2.00009
124	117	0.874065
124	118	0.762257
124	120	0.761255
124	126	0.764576
124	134	0.769172
124	139	0.745919
124	140	0.743268
124	141	2.15209
124	143	0.752647
124	144	0.748236
124	149	2.22383
124	151	0.763123
124	152	0.668815
124	153	0.741229
124	154	0.762021
124	155	0.721012
124	157	1.84679
124	160	0.696604
124	165	2.04658
124	167	0.7711
124	168	0.744173
124	169	0.761725
124	170	0.758661
124	171	0.745756
124	172	0.762642
124	173	0.765035
124	174	0.761422
124	176	0.760573
124	177	0.765786
124	178	0.772519
124	179	0.6802
125	19	0.717705
125	47	0.736306
125	62	1.82506
125	74	1.96602
125	77	1.97984
125	88	0.733748
125	94	0.767822
125	104	1.47684
125	105	0.746783
125	111	1.99766
125	115	0.779046
125	117	0.776856
125	130	1.9126
125	131	0.755168
125	135	0.748205
125	137	1.75031
125	145	1.80736
125	146	0.748321
125	150	0.752212
125	156	0.769539
125	157	0.786643
125	158	0.741947
125	159	0.762121
