1	59	0.952042
1	82	1.17392
1	133	0.934685
1	147	0.961517
1	158	0.949977
1	161	1.23078
1	170	0.968851
1	172	0.955833
1	174	0.973949
1	176	0.970335
1	179	0.970395
1	180	0.962415
2	4	1.04191
2	15	1.2112
2	22	1.05273
2	26	1.1308
2	34	1.03084
2	42	1.11084
2	54	1.11084
2	55	1.11084
2	96	1.1521
2	168	0.826788
2	178	0.214488
3	8	1.24114
3	25	0.889362
3	40	0.99894
3	41	1.01249
3	62	0.947049
3	72	0.947143
3	75	0.939834
3	77	0.92897
3	78	1.00921
3	90	0.970225
3	97	0.956777
3	132	1.15556
4	2	1.04191
4	15	1.04191
4	22	0.883437
4	26	0.961506
4	34	0.861545
4	42	0.941545
4	54	0.941544
4	55	0.941544
4	76	1.00811
4	89	0.976952
4	130	1.11097
4	164	1.28779
5	72	1.18814
5	109	0.949262
5	127	0.955068
5	133	0.939477
5	148	0.949327
5	167	1.21622
5	168	0.949978
5	172	0.960625
5	174	0.978741
5	176	0.975127
5	179	0.975187
5	180	0.967207
6	61	0.86645
6	63	0.879196
6	96	0.830658
6	109	0.864316
6	137	0.873491
6	148	0.864381
6	168	0.865031
6	169	2.40293
6	174	0.893795
6	176	0.890181
6	179	0.890241
6	180	0.88226
7	22	0.921544
7	34	0.899652
7	42	0.979651
7	54	0.979651
7	55	0.979651
7	145	1.43791
7	162	0.963999
7	167	0.958769
7	171	0.964847
7	173	0.968572
7	177	0.983667
7	178	0.956312
8	3	1.24114
8	50	0.880483
8	102	0.99519
8	121	0.940055
8	143	0.983733
8	146	1.16156
8	154	0.95918
8	159	0.982218
8	174	0.969461
8	176	0.965847
8	179	0.965907
8	180	0.957927
9	23	0.927867
9	45	0.983931
9	68	0.945831
9	80	1.01201
9	81	0.934894
9	87	0.995045
9	101	0.949988
9	103	0.949988
9	104	0.950222
9	105	0.950222
9	155	1.19511
9	163	1.20628
10	11	0.565579
10	14	1.00337
10	27	1.09226
10	30	1.00058
10	31	1.10211
10	36	0.997788
10	46	1.07171
10	48	1.08649
10	122	1.06721
10	128	0.993853
10	178	1.17849
10	180	0.835871
11	10	0.565579
11	60	0.93086
11	107	1.06033
11	131	1.05023
11	148	1.05651
11	155	1.06887
11	156	0.909473
11	168	1.05717
11	172	1.06781
11	176	1.08231
11	179	1.08237
11	180	1.07439
12	13	0.93609
12	30	0.913803
12	46	0.984933
12	73	0.966996
12	87	1.00945
12	104	0.96463
12	105	0.96463
12	109	1.11289
12	129	0.967755
12	159	1.08932
12	178	1.09171
13	12	0.93609
13	14	0.896192
13	27	0.98508
13	30	0.893402
13	31	0.994936
13	36	0.890611
13	46	0.964532
13	96	1.55454
13	106	1.00781
13	113	0.841801
13	122	0.960038
13	178	1.07131
14	10	1.00337
14	13	0.896192
14	27	0.965583
14	30	0.873905
14	31	0.975439
14	46	0.945035
14	48	0.959813
14	106	0.988314
14	122	0.940541
14	157	1.20868
14	162	1.19625
14	178	1.05181
15	2	1.2112
15	4	1.04191
15	22	1.05273
15	26	1.1308
15	34	1.03084
15	42	1.11084
15	54	1.11084
15	55	1.11084
15	116	0.672313
15	162	0.87435
15	179	0.651694
16	18	0.912526
16	41	1.01132
16	49	0.977869
16	64	0.953088
16	72	0.945981
16	75	0.938672
16	77	0.927808
16	78	1.00805
16	90	0.969063
16	97	0.955615
16	163	1.16806
16	179	1.23376
17	115	1.3521
17	138	0.968436
17	139	0.950695
17	156	0.962275
17	157	0.957961
17	162	0.950713
17	165	0.974363
17	166	0.965654
17	171	0.951561
17	173	0.955286
17	175	0.963055
17	178	1.04153
18	16	0.912526
18	41	1.01052
18	49	0.977067
18	62	0.945085
18	64	0.952286
18	72	0.94518
18	77	0.927006
18	78	1.00725
18	90	0.968261
18	97	0.954813
18	127	1.22624
18	163	1.17463
19	25	0.997518
19	40	1.10709
19	49	1.08719
19	58	0.719414
19	64	1.06241
19	75	1.04799
19	77	1.03713
19	78	1.11737
19	90	1.07838
19	97	1.06493
19	120	0.848022
19	162	0.835731
20	40	0.632786
20	102	1.10624
20	118	1.06931
20	134	1.03531
20	144	0.895879
20	148	1.0511
20	153	0.876706
20	155	1.06345
20	168	1.05175
20	176	1.0769
20	179	1.07696
20	180	1.06898
21	67	0.941268
21	107	1.3835
21	119	0.972709
21	138	0.959612
21	153	0.961381
21	156	0.953451
21	159	0.981191
21	165	0.965539
21	166	0.95683
21	173	0.946462
21	177	0.961556
21	178	1.00894
22	2	1.05273
22	4	0.883437
22	7	0.921544
22	15	1.05273
22	26	0.972327
22	34	0.872365
22	42	0.952365
22	54	0.952365
22	55	0.952365
22	89	0.987773
22	100	1.25917
22	163	1.14927
23	9	0.927867
23	57	0.967429
23	73	0.95278
23	80	1.0122
23	81	0.935085
23	96	1.29337
23	101	0.95018
23	103	0.95018
23	104	0.950414
23	105	0.950414
23	128	1.10577
23	141	1.00345
24	131	0.921448
24	135	0.912085
24	148	0.927731
24	155	0.940085
24	164	0.925511
24	168	0.928382
24	170	0.952046
24	171	1.26361
24	172	0.939028
24	177	1.3415
24	178	1.05448
24	179	0.953591
24	180	0.94561
25	3	0.889362
25	19	0.997518
25	40	0.97265
25	41	0.986196
25	49	0.952741
25	64	0.92796
25	75	0.913545
25	77	0.90268
25	78	0.982923
25	90	0.943935
25	97	0.930487
25	125	1.29021
25	171	1.31448
26	2	1.1308
26	4	0.961506
26	15	1.1308
26	22	0.972327
26	34	0.950434
26	39	0.748693
26	42	1.03043
26	54	1.03043
26	55	1.03043
26	76	1.09699
26	89	1.06584
26	128	1.02527
26	179	0.823479
27	10	1.09226
27	13	0.98508
27	14	0.965583
27	30	0.962794
27	31	1.06433
27	46	1.03392
27	48	1.0487
27	61	0.915738
27	100	0.844642
27	106	1.0772
27	122	1.02943
27	159	0.849272
27	178	1.1407
28	93	1.04628
28	106	0.738557
28	112	1.05103
28	149	1.06066
28	150	1.01603
28	153	1.04721
28	161	1.02752
28	166	1.04266
28	169	1.0514
28	171	1.02856
28	173	1.03229
28	174	0.801183
28	177	1.04738
29	37	1.06333
29	45	1.05325
29	68	1.01515
29	80	1.08133
29	87	1.06436
29	95	0.85912
29	101	1.01931
29	103	1.01931
29	104	1.01954
29	105	1.01954
29	120	1.04489
29	159	0.895367
29	179	0.846529
30	10	1.00058
30	12	0.913803
30	13	0.893402
30	14	0.873905
30	27	0.962794
30	31	0.972649
30	36	0.868324
30	46	0.942246
30	106	0.985524
30	122	0.937751
30	159	1.36062
30	163	1.24608
30	178	1.04902
31	10	1.10211
31	13	0.994936
31	14	0.975439
31	27	1.06433
31	30	0.972649
31	36	0.969858
31	46	1.04378
31	65	0.848841
31	106	1.08706
31	122	1.03928
31	125	0.889079
31	159	0.867989
31	178	1.15056
32	62	0.795914
32	134	0.915598
32	142	0.883693
32	146	1.04941
32	150	1.0199
32	157	1.03883
32	165	1.05523
32	166	1.04652
32	167	1.02635
32	171	1.03243
32	173	1.03615
32	175	1.04392
32	177	1.05125
33	62	0.931811
33	150	1.02172
33	158	0.811914
33	160	1.04045
33	161	1.03321
33	165	1.05705
33	166	1.04835
33	167	1.02817
33	171	1.03425
33	173	1.03798
33	175	1.04575
33	177	1.05307
33	180	0.84901
34	2	1.03084
34	4	0.861545
34	7	0.899652
34	15	1.03084
34	22	0.872365
34	26	0.950434
34	42	0.930473
34	54	0.930472
34	55	0.930472
34	76	0.997034
34	89	0.96588
34	92	1.05004
34	166	1.54783
35	94	0.930911
35	107	1.03248
35	118	1.04688
35	119	0.888488
35	135	1.01303
35	137	1.03778
35	145	1.04317
35	149	0.788565
35	155	1.04103
35	164	1.02645
35	174	1.05809
35	179	1.05453
35	180	1.04655
36	10	0.997788
36	13	0.890611
36	30	0.868324
36	31	0.969858
36	122	0.93496
36	126	1.07713
36	144	0.958403
36	156	0.933913
36	168	1.51704
36	171	0.923199
36	175	0.934693
36	177	0.942018
36	178	1.04623
37	29	1.06333
37	44	0.786356
37	80	1.07835
37	87	1.06138
37	101	1.01632
37	103	1.01632
37	104	1.01656
37	105	1.01656
37	120	1.0419
37	129	1.01968
37	132	0.85644
37	133	0.949469
37	141	1.06959
38	113	1.05647
38	121	1.02483
38	124	1.04392
38	133	1.01497
38	156	0.966091
38	160	0.794075
38	168	1.02547
38	172	1.03612
38	174	1.05423
38	176	1.05062
38	177	0.848651
38	179	1.05068
38	180	1.0427
39	26	0.748693
39	61	1.02882
39	72	1.02935
39	75	1.02204
39	77	1.01118
39	90	1.05243
39	97	1.03899
39	102	1.08189
39	119	0.913454
39	165	0.942036
39	172	1.03805
39	179	1.05261
39	180	1.04463
40	3	0.99894
40	19	1.10709
40	20	0.632786
40	25	0.97265
40	49	1.06232
40	64	1.03754
40	75	1.02312
40	77	1.01226
40	78	1.0925
40	90	1.05351
40	97	1.04006
40	128	1.08397
40	179	0.88217
41	3	1.01249
41	16	1.01132
41	18	1.01052
41	25	0.986196
41	49	1.07586
41	64	1.05108
41	77	1.0258
41	78	1.10605
41	85	1.07351
41	90	1.06706
41	97	1.05361
41	132	0.762063
41	179	0.759817
42	2	1.11084
42	4	0.941545
42	7	0.979651
42	15	1.11084
42	22	0.952365
42	26	1.03043
42	34	0.930473
42	54	1.01047
42	55	1.01047
42	76	1.07703
42	89	1.04588
42	132	0.942212
42	163	0.874267
42	180	0.98378
43	69	0.920243
43	75	1.35859
43	82	0.911367
43	103	1.43214
43	126	0.979809
43	140	0.918722
43	148	0.916213
43	166	0.934024
43	169	0.942765
43	171	0.91993
43	176	0.942013
43	177	0.938749
43	179	0.942073
43	180	0.934092
44	37	0.786356
44	50	0.94331
44	111	0.995042
44	114	1.02926
44	117	1.02564
44	134	0.98709
44	137	1.01198
44	154	1.02201
44	168	1.00352
44	173	0.994606
44	176	1.02867
44	178	1.12962
44	179	1.02873
44	180	1.02075
45	9	0.983931
45	29	1.05325
45	73	1.00884
45	80	1.06827
45	81	0.991149
45	101	1.00624
45	103	1.00624
45	104	1.00648
45	105	1.00648
45	129	1.0096
45	141	1.05951
45	159	0.837479
45	162	1.0113
45	165	0.959041
46	10	1.07171
46	12	0.984933
46	13	0.964532
46	14	0.945035
46	27	1.03392
46	30	0.942246
46	31	1.04378
46	48	1.02815
46	106	1.05665
46	122	1.00888
46	173	1.08604
46	176	0.799049
46	178	1.12015
46	180	0.913827
47	66	1.46294
47	107	0.908002
47	116	0.923375
47	118	0.9224
47	130	1.33933
47	147	0.921172
47	155	0.916545
47	159	0.946362
47	172	0.915488
47	174	0.933604
47	176	0.92999
47	178	1.03094
47	179	0.930051
47	180	0.92207
48	10	1.08649
48	14	0.959813
48	27	1.0487
48	46	1.02815
48	117	0.861815
48	145	1.02267
48	147	1.02516
48	173	0.830784
48	175	0.916841
48	176	1.03398
48	178	1.13493
48	179	1.03404
48	180	1.02606
49	16	0.977869
49	18	0.977067
49	19	1.08719
49	25	0.952741
49	40	1.06232
49	41	1.07586
49	64	1.01763
49	75	1.00321
49	77	0.992349
49	90	1.0336
49	97	1.02016
49	128	0.99114
49	175	1.09143
49	176	0.71838
50	8	0.880483
50	44	0.94331
50	64	1.32523
50	67	1.4764
50	113	0.945513
50	124	0.932971
50	126	0.977463
50	145	0.928359
50	163	0.913803
50	170	0.938182
50	172	0.925164
50	174	0.94328
50	179	0.939726
50	180	0.931746
51	109	1.00517
51	133	0.995388
51	143	1.04892
51	152	0.959908
51	153	1.02319
51	162	1.00811
51	163	1.00518
51	168	1.00589
51	169	0.824478
51	170	1.02955
51	172	1.01654
51	176	1.03104
51	179	1.0311
51	180	1.02312
52	71	0.918803
52	94	1.02151
52	108	1.00317
52	137	0.945301
52	149	1.044
52	150	0.999374
52	157	1.01831
52	161	1.01086
52	163	1.00812
52	165	1.03471
52	167	1.00583
52	168	0.928709
52	175	1.0234
52	177	1.03072
53	117	1.03176
53	133	1.00196
53	139	1.0046
53	145	0.840077
53	150	0.99293
53	153	1.02411
53	159	1.04392
53	161	1.00442
53	166	1.01956
53	169	1.0283
53	173	1.00919
53	175	1.01696
53	177	1.02428
53	180	0.950501
54	2	1.11084
54	4	0.941544
54	7	0.979651
54	15	1.11084
54	22	0.952365
54	26	1.03043
54	34	0.930472
54	42	1.01047
54	55	1.01047
54	76	1.07703
54	89	1.04588
54	114	0.886521
54	124	0.981274
54	147	0.923352
55	2	1.11084
55	4	0.941544
55	7	0.979651
55	15	1.11084
55	22	0.952365
55	26	1.03043
55	34	0.930472
55	42	1.01047
55	54	1.01047
55	76	1.07703
55	81	1.09716
55	89	1.04588
55	170	0.793864
55	179	0.903034
56	79	1.02744
56	91	0.981411
56	108	1.00975
56	129	1.01756
56	134	1.06035
56	152	1.01524
56	156	1.0292
56	157	1.02489
56	161	1.01744
56	166	1.03258
56	167	1.01241
56	173	1.02221
56	174	0.703691
56	177	1.03731
57	23	0.967429
57	68	0.985393
57	73	0.99215
57	80	1.05157
57	81	0.974455
57	87	1.03461
57	101	0.98955
57	103	0.98955
57	104	0.989784
57	105	0.989784
57	125	0.878393
57	129	0.992909
57	141	1.04282
57	156	1.098
57	162	1.03112
58	19	0.719414
58	109	0.98985
58	112	0.966731
58	131	0.983633
58	143	1.0336
58	148	0.989916
58	155	1.00227
58	161	1.25287
58	162	0.992784
58	164	0.987696
58	169	1.03372
58	170	1.01423
58	176	1.01572
58	179	1.01578
58	180	1.0078
59	1	0.952042
59	87	0.832103
59	102	1.03608
59	107	0.984747
59	115	1.01749
59	131	0.974654
59	143	1.02462
59	145	0.995429
59	156	1.08122
59	172	0.992234
59	174	1.01035
59	175	1.09377
59	176	1.00674
59	179	1.0068
59	180	0.998816
60	11	0.93086
60	106	0.984355
60	122	1.00547
60	123	1.00475
60	150	0.981173
60	151	0.98968
60	152	0.990454
60	155	1.08047
60	161	0.992659
60	165	1.01651
60	167	0.987626
60	169	1.01654
60	173	0.997429
60	175	1.0052
60	177	1.01252
61	6	0.86645
61	27	0.915738
61	39	1.02882
61	84	1.01692
61	106	1.03875
61	126	1.0391
61	135	0.959853
61	142	0.973848
61	147	0.992481
61	166	1.03225
61	171	1.05593
61	172	0.986797
61	178	1.10225
61	179	1.00136
61	180	0.993379
62	3	0.947049
62	18	0.945085
62	32	0.795914
62	33	0.931811
62	75	0.971231
62	78	1.04061
62	90	1.00162
62	97	0.988174
62	114	1.00232
62	170	1.00025
62	174	1.00535
62	175	1.27512
62	178	1.10269
62	179	1.0018
62	180	0.993817
63	6	0.879196
63	65	1.00852
63	71	0.970248
63	94	0.943935
63	115	1.0248
63	117	1.00675
63	131	0.981962
63	140	0.990754
63	145	1.00274
63	161	1.0598
63	168	0.988896
63	174	1.01766
63	178	1.115
63	179	1.01411
63	180	1.00612
64	16	0.953088
64	18	0.952286
64	19	1.06241
64	25	0.92796
64	40	1.03754
64	41	1.05108
64	49	1.01763
64	50	1.32523
64	75	0.978432
64	77	0.967568
64	78	1.04781
64	90	1.00882
64	97	0.995375
64	135	0.844038
64	163	0.831269
65	31	0.848841
65	63	1.00852
65	100	0.998146
65	109	0.993639
65	121	0.993712
65	134	0.977921
65	140	0.996213
65	142	0.992054
65	152	1.0925
65	158	0.999146
65	164	0.991484
65	167	1.0625
65	170	1.01802
65	179	1.01956
65	180	1.01158
66	47	1.46294
66	88	1.01085
66	117	0.995505
66	138	0.986082
66	140	0.83834
66	149	1.0013
66	152	0.965956
66	161	0.968162
66	165	0.992009
66	166	0.9833
66	167	0.963128
66	169	0.992042
66	173	0.972932
66	175	0.980701
66	177	0.988026
66	180	0.895225
67	21	0.941268
67	50	1.4764
67	117	1.00569
67	120	1.00069
67	123	0.990436
67	126	0.672323
67	150	0.966864
67	151	0.975371
67	153	0.99804
67	156	0.99011
67	163	0.975615
67	166	0.993489
67	167	0.973316
67	172	1.04553
67	175	0.99089
67	177	0.998215
68	9	0.945831
68	29	1.01515
68	57	0.985393
68	73	0.970744
68	99	0.989338
68	101	0.968144
68	103	0.968144
68	138	0.989301
68	141	1.02141
68	154	1.19953
68	158	1.27369
68	165	0.995228
68	173	0.97615
68	175	0.98392
68	177	0.991245
68	178	0.718758
69	43	0.920243
69	108	0.972442
69	109	1.09438
69	130	1.02195
69	151	0.977153
69	152	0.977927
69	153	0.999822
69	157	0.987577
69	161	0.980132
69	164	1.08018
69	169	1.00401
69	171	0.981177
69	172	1.01937
69	173	0.984902
69	175	0.992672
69	177	0.999997
70	76	0.883111
70	121	1.0706
70	130	1.01242
70	135	1.23718
70	141	1.02064
70	144	1.00685
70	151	0.967627
70	152	0.9684
70	157	0.978051
70	160	0.977853
70	161	0.970605
70	167	0.965572
70	169	0.994485
70	171	0.97165
70	173	0.975375
70	177	0.99047
71	52	0.918803
71	63	0.970248
71	94	1.08484
71	109	0.955367
71	115	0.99199
71	126	1.01903
71	140	0.957941
71	168	0.956083
71	170	0.979748
71	172	0.96673
71	174	0.984846
71	175	1.20268
71	176	0.981232
71	178	1.08218
71	179	0.981292
71	180	0.973312
72	3	0.947143
72	5	1.18814
72	16	0.945981
72	18	0.94518
72	39	1.02935
72	77	0.960461
72	78	1.0407
72	97	0.988268
72	145	0.938119
72	146	0.996732
72	156	0.990464
72	157	0.986149
72	168	1.06882
72	171	0.979749
72	175	0.991244
72	177	0.998569
73	12	0.966996
73	23	0.95278
73	45	1.00884
73	57	0.99215
73	68	0.970744
73	81	0.959806
73	87	1.01996
73	98	1.01861
73	100	1.0576
73	101	0.974901
73	103	0.974901
73	104	0.975135
73	105	0.975135
73	120	1.00048
73	141	1.02817
73	160	1.1309
74	82	0.968875
74	92	0.910028
74	118	1.15064
74	119	1.00741
74	130	1.01821
74	136	0.913903
74	143	1.12873
74	150	0.964906
74	153	0.996082
74	157	0.983838
74	160	0.98364
74	165	1.00024
74	169	1.00027
74	171	0.977438
74	175	0.988932
74	177	0.996257
75	3	0.939834
75	16	0.938672
75	19	1.04799
75	25	0.913545
75	39	1.02204
75	40	1.02312
75	43	1.35859
75	49	1.00321
75	62	0.971231
75	64	0.978432
75	77	0.953152
75	78	1.0334
75	90	0.994407
75	97	0.980959
75	100	0.838588
75	142	1.00877
76	4	1.00811
76	26	1.09699
76	34	0.997034
76	42	1.07703
76	54	1.07703
76	55	1.07703
76	70	0.883111
76	144	0.738268
76	150	0.8454
76	158	1.06395
76	172	1.06981
76	174	1.08793
76	175	0.741507
76	176	1.08431
76	179	1.08437
76	180	1.07639
77	3	0.92897
77	16	0.927808
77	18	0.927006
77	19	1.03713
77	25	0.90268
77	39	1.01118
77	40	1.01226
77	41	1.0258
77	49	0.992349
77	64	0.967568
77	72	0.960461
77	75	0.953152
77	90	0.983543
77	97	0.970095
77	140	1.12389
77	163	1.07126
77	166	1.20749
78	3	1.00921
78	16	1.00805
78	18	1.00725
78	19	1.11737
78	25	0.982923
78	40	1.0925
78	41	1.10605
78	62	1.04061
78	64	1.04781
78	72	1.0407
78	75	1.0334
78	90	1.06379
78	97	1.05034
78	146	0.971904
78	159	0.793419
78	162	0.967236
78	163	0.678881
79	56	1.02744
79	106	1.01941
79	124	0.975266
79	127	0.961901
79	135	0.940515
79	137	0.965271
79	148	0.956161
79	149	1.10171
79	154	0.975293
79	162	0.959029
79	163	0.956098
79	172	0.967458
79	173	1.27584
79	174	0.985574
79	176	0.98196
79	179	0.982021
79	180	0.97404
80	9	1.01201
80	23	1.0122
80	29	1.08133
80	37	1.07835
80	45	1.06827
80	57	1.05157
80	81	1.01923
80	87	1.07938
80	101	1.03432
80	103	1.03432
80	104	1.03456
80	105	1.03456
80	120	1.0599
80	132	0.794644
80	137	0.873079
80	155	0.715528
80	162	1.01505
81	9	0.934894
81	23	0.935085
81	45	0.991149
81	55	1.09716
81	57	0.974455
81	73	0.959806
81	80	1.01923
81	87	1.00226
81	101	0.957206
81	103	0.957206
81	104	0.95744
81	105	0.95744
81	120	0.982786
81	129	0.960565
81	141	1.01048
81	162	1.2632
81	179	1.04055
82	1	1.17392
82	43	0.911367
82	74	0.968875
82	86	0.946584
82	119	1.00227
82	136	0.908767
82	138	0.989177
82	141	1.02129
82	153	0.990946
82	161	0.971256
82	167	0.966222
82	171	0.972301
82	173	0.976026
82	175	0.983796
82	177	0.991121
82	179	1.08967
82	180	1.13348
83	86	0.930821
83	91	0.919463
83	117	0.982836
83	121	1.26829
83	122	0.9683
83	147	1.38254
83	152	0.953288
83	156	0.967253
83	160	0.962741
83	161	0.955493
83	162	0.95569
83	166	0.970632
83	167	0.950459
83	169	0.979373
83	173	0.960263
83	175	0.968033
83	177	0.975358
83	178	0.939589
84	61	1.01692
84	108	0.971271
84	116	1.03403
84	131	1.00857
84	140	1.01736
84	145	1.02934
84	146	0.896209
84	154	1.03398
84	155	1.0272
84	157	0.903966
84	158	1.02029
84	163	1.01479
84	165	0.839286
84	170	1.03917
84	174	1.04426
84	176	1.04065
84	179	1.04071
84	180	1.03273
85	41	1.07351
85	107	0.950942
85	112	0.923947
85	124	0.966236
85	127	0.952872
85	132	0.990881
85	133	0.937281
85	135	0.931486
85	143	0.990818
85	154	0.966264
85	160	1.27763
85	164	0.944911
85	170	0.971447
85	171	1.25431
85	172	0.958429
85	174	0.976545
85	176	0.972931
85	180	0.965011
86	82	0.946584
86	83	0.930821
86	88	0.996792
86	126	1.16535
86	136	0.891612
86	139	0.954281
86	144	0.990351
86	156	0.965861
86	157	0.961547
86	160	0.961349
86	161	0.954102
86	166	0.96924
86	169	0.977982
86	170	1.43199
86	173	0.958871
86	175	0.966641
86	177	0.973966
86	178	0.99295
87	9	0.995045
87	12	1.00945
87	29	1.06436
87	37	1.06138
87	57	1.03461
87	59	0.832103
87	73	1.01996
87	80	1.07938
87	81	1.00226
87	101	1.01736
87	103	1.01736
87	104	1.01759
87	105	1.01759
87	120	1.04294
87	129	1.02072
87	132	0.889081
87	145	0.820226
87	165	1.05724
88	66	1.01085
88	86	0.996792
88	149	1.05461
88	152	1.01926
88	153	1.04115
88	156	1.03322
88	162	1.02166
88	164	0.969426
88	166	1.0366
88	167	1.01643
88	169	1.04534
88	170	0.802054
88	171	1.02251
88	172	0.90861
88	173	1.02623
88	175	1.034
88	177	1.04133
88	179	0.911223
89	4	0.976952
89	22	0.987773
89	26	1.06584
89	34	0.96588
89	42	1.04588
89	54	1.04588
89	55	1.04588
89	98	0.88398
89	116	0.899379
89	139	1.03021
89	151	1.02705
89	158	0.885478
89	160	1.03728
89	167	1.025
89	169	1.05391
89	175	1.04257
89	177	1.0499
89	180	0.922574
90	3	0.970225
90	16	0.969063
90	18	0.968261
90	19	1.07838
90	25	0.943935
90	39	1.05243
90	40	1.05351
90	41	1.06706
90	49	1.0336
90	62	1.00162
90	64	1.00882
90	75	0.994407
90	77	0.983543
90	78	1.06379
90	97	1.01135
90	114	0.825565
90	125	1.03759
90	172	0.965046
90	179	0.967659
91	56	0.981411
91	83	0.919463
91	92	1.12154
91	96	0.906349
91	102	1.17341
91	110	0.931806
91	135	1.49588
91	149	0.975885
91	151	0.939765
91	152	0.940538
91	156	0.954503
91	160	0.949991
91	165	0.966591
91	166	0.957882
91	169	0.966623
91	171	0.943789
91	173	0.947513
91	175	0.955283
91	177	0.962608
92	34	1.05004
92	74	0.910028
92	91	1.12154
92	102	1.04295
92	111	0.979976
92	127	0.993549
92	137	0.996919
92	142	0.986158
92	143	1.03149
92	145	1.0023
92	162	0.990677
92	170	1.01212
92	172	0.999106
92	174	1.01722
92	175	0.721231
92	176	1.01361
92	178	1.11456
92	179	1.01367
92	180	1.00569
93	28	1.04628
93	99	1.01549
93	119	1.02855
93	130	1.03935
93	134	1.28443
93	144	1.03379
93	146	1.01556
93	147	0.93287
93	151	0.994558
93	152	0.995331
93	161	0.997537
93	166	1.01268
93	167	0.992503
93	171	0.998582
93	173	1.00231
93	175	1.01008
93	177	1.0174
93	178	0.489921
93	180	1.08195
94	35	0.930911
94	52	1.02151
94	63	0.943935
94	71	1.08484
94	96	0.953027
94	144	1.02567
94	146	1.00745
94	149	1.02256
94	150	0.977936
94	151	0.986443
94	153	1.00911
94	158	1.03738
94	161	0.989422
94	165	1.01327
94	167	0.984388
94	169	1.0133
94	171	0.990467
94	173	0.994192
94	175	1.00196
94	177	1.00929
95	29	0.85912
95	111	0.972905
95	128	0.984049
95	132	1.02449
95	135	0.965092
95	145	0.99523
95	150	1.26499
95	154	0.99987
95	159	1.02291
95	162	0.983606
95	163	0.980674
95	164	0.978517
95	166	0.929539
95	168	0.981388
95	171	0.953213
95	172	0.992035
95	176	1.00654
95	178	1.10749
95	179	1.0066
95	180	0.998617
96	2	1.1521
96	6	0.830658
96	13	1.55454
96	23	1.29337
96	91	0.906349
96	94	0.953027
96	98	0.959757
96	111	0.931875
96	119	0.973396
96	127	0.945448
96	136	0.87989
96	144	0.978628
96	161	0.942379
96	164	0.937487
96	165	0.966227
96	168	0.940358
96	174	0.969121
96	177	0.962244
96	179	0.965567
96	180	0.957587
97	3	0.956777
97	16	0.955615
97	18	0.954813
97	19	1.06493
97	25	0.930487
97	39	1.03899
97	40	1.04006
97	41	1.05361
97	49	1.02016
97	62	0.988174
97	64	0.995375
97	72	0.988268
97	75	0.980959
97	77	0.970095
97	78	1.05034
97	90	1.01135
97	135	0.930172
97	147	0.87784
97	162	1.20576
97	172	0.980489
98	73	1.01861
98	89	0.88398
98	96	0.959757
98	112	0.970296
98	114	1.01986
98	115	1.03004
98	133	0.98363
98	137	1.00259
98	142	0.991829
98	146	1.07896
98	148	0.99348
98	155	1.00583
98	158	0.998922
98	164	0.99126
98	168	0.994131
98	172	1.00478
98	174	1.02289
98	177	1.02373
98	179	1.01934
98	180	1.01136
99	68	0.989338
99	93	1.01549
99	107	1.05833
99	119	1.02775
99	136	0.934242
99	139	0.996911
99	150	0.985245
99	156	1.00849
99	160	1.00398
99	161	0.996732
99	163	0.993997
99	166	1.01187
99	167	0.991698
99	169	1.02061
99	170	1.12282
99	171	0.997777
99	174	1.12163
99	175	1.00927
99	177	1.0166
99	178	0.683775
100	22	1.25917
100	27	0.844642
100	65	0.998146
100	73	1.0576
100	75	0.838588
100	119	1.01156
100	126	1.04147
100	128	0.981183
100	143	1.02156
100	153	1.00023
100	154	0.997004
100	164	0.975651
100	165	1.00439
100	167	0.97551
100	169	1.00442
100	173	0.985313
100	176	1.00367
100	177	1.00041
100	179	1.00373
100	180	0.995751
101	9	0.949988
101	23	0.95018
101	29	1.01931
101	37	1.01632
101	45	1.00624
101	57	0.98955
101	68	0.968144
101	73	0.974901
101	80	1.03432
101	81	0.957206
101	87	1.01736
101	103	0.9723
101	104	0.972534
101	105	0.972534
101	113	0.732046
101	120	0.99788
101	123	1.38654
101	129	0.97566
101	141	1.02557
101	155	0.978516
101	180	1.0992
102	8	0.99519
102	20	1.10624
102	39	1.08189
102	59	1.03608
102	91	1.17341
102	92	1.04295
102	114	1.05495
102	123	0.802167
102	128	1.03188
102	151	0.840987
102	153	0.750679
102	154	1.04771
102	159	1.07074
102	164	1.02635
102	170	1.05289
102	172	1.03987
102	174	1.05799
102	176	1.05437
102	177	0.643101
102	179	1.05443
102	180	1.04645
103	9	0.949988
103	23	0.95018
103	29	1.01931
103	37	1.01632
103	43	1.43214
103	45	1.00624
103	57	0.98955
103	68	0.968144
103	73	0.974901
103	80	1.03432
103	81	0.957206
103	87	1.01736
103	101	0.9723
103	104	0.972534
103	105	0.972534
103	120	0.99788
103	129	0.97566
103	141	1.02557
103	154	0.800499
103	159	0.916775
103	167	1.05433
104	9	0.950222
104	12	0.96463
104	23	0.950414
104	29	1.01954
104	37	1.01656
104	45	1.00648
104	57	0.989784
104	73	0.975135
104	80	1.03456
104	81	0.95744
104	87	1.01759
104	101	0.972534
104	103	0.972534
104	105	0.972769
104	120	0.998115
104	129	0.975894
104	136	1.6396
104	137	0.821596
104	141	1.0258
104	142	0.95531
104	159	0.789754
105	9	0.950222
105	12	0.96463
105	23	0.950414
105	29	1.01954
105	37	1.01656
105	45	1.00648
105	57	0.989784
105	73	0.975135
105	80	1.03456
105	81	0.95744
105	87	1.01759
105	101	0.972534
105	103	0.972534
105	104	0.972769
105	120	0.998115
105	125	1.10473
105	129	0.975894
105	141	1.0258
105	174	0.924449
105	176	0.963842
105	177	1.2069
106	13	1.00781
106	14	0.988314
106	27	1.0772
106	28	0.738557
106	30	0.985524
106	31	1.08706
106	46	1.05665
106	60	0.984355
106	61	1.03875
106	79	1.01941
106	108	0.975823
106	121	1.03669
106	122	1.05216
106	130	0.554824
106	153	0.953106
106	154	1.05581
106	172	1.04798
106	174	1.0661
106	178	1.16343
106	179	1.06254
106	180	1.05456
107	11	1.06033
107	21	1.3835
107	35	1.03248
107	47	0.908002
107	59	0.984747
107	85	0.950942
107	99	1.05833
107	113	1.00889
107	117	0.919821
107	134	0.961457
107	137	0.986351
107	140	0.97975
107	142	0.97559
107	154	0.996374
107	155	0.989595
107	163	0.977178
107	170	1.00156
107	172	0.988538
107	177	0.844856
107	179	1.0031
107	180	0.99512
108	52	1.00317
108	56	1.00975
108	69	0.972442
108	84	0.971271
108	106	0.975823
108	119	1.0021
108	131	1.16976
108	144	1.00733
108	146	0.989112
108	149	1.00423
108	151	0.968105
108	157	0.978529
108	159	1.01058
108	161	0.971084
108	167	0.96605
108	169	0.994964
108	171	0.972129
108	173	0.975853
108	175	0.983623
108	176	1.07784
108	177	0.990948
109	5	0.949262
109	6	0.864316
109	12	1.11289
109	51	1.00517
109	58	0.98985
109	65	0.993639
109	69	1.09438
109	71	0.955367
109	116	0.992549
109	134	0.957581
109	145	0.987857
109	147	0.990346
109	153	1.19849
109	158	0.978806
109	164	0.971145
109	168	0.974015
109	169	0.999779
109	170	0.99768
109	174	1.00278
109	176	0.999165
109	179	0.999225
109	180	0.991244
110	91	0.931806
110	111	1.02373
110	123	0.979922
110	124	1.18303
110	138	0.985756
110	143	1.0218
110	144	1.00409
110	149	1.00098
110	152	0.965631
110	153	0.987526
110	157	0.975281
110	160	0.975084
110	161	0.967836
110	162	0.968033
110	163	0.965101
110	165	0.991683
110	169	0.991716
110	171	0.968881
110	173	0.972606
110	175	0.980376
110	176	1.1594
110	177	0.9877
111	44	0.995042
111	92	0.979976
111	95	0.972905
111	96	0.931875
111	110	1.02373
111	116	0.984782
111	118	0.983807
111	122	0.908145
111	126	1.02919
111	133	0.955748
111	134	0.949814
111	136	1.53847
111	144	0.938628
111	155	0.977952
111	158	0.971039
111	164	0.963378
111	168	0.966248
111	172	0.976895
111	174	0.995011
111	176	0.991397
111	179	0.991458
111	180	0.983477
112	28	1.05103
112	58	0.966731
112	85	0.923947
112	98	0.970296
112	114	0.976627
112	121	0.950253
112	128	0.953557
112	143	0.993932
112	145	0.964738
112	147	0.967227
112	155	0.9626
112	156	1.27544
112	158	0.955687
112	162	0.953114
112	164	0.948026
112	168	0.950896
112	171	1.08011
112	172	0.961543
112	173	1.20194
112	174	0.979659
112	176	0.976045
112	178	1.077
112	180	0.968125
113	13	0.841801
113	38	1.05647
113	50	0.945513
113	101	0.732046
113	107	1.00889
113	118	1.02329
113	122	0.79144
113	135	0.989431
113	136	1.42176
113	137	1.01419
113	144	0.821923
113	147	1.02206
113	154	1.02421
113	158	1.01052
113	164	1.00286
113	168	1.00573
113	170	1.02939
113	172	1.01637
113	174	1.03449
113	176	1.03088
113	178	1.13183
113	179	1.03094
113	180	1.02296
114	44	1.02926
114	54	0.886521
114	62	1.00232
114	90	0.825565
114	98	1.01986
114	102	1.05495
114	112	0.976627
114	122	0.972686
114	132	1.04356
114	135	0.984166
114	140	1.00232
114	144	1.00317
114	145	1.0143
114	155	1.01217
114	168	1.00046
114	170	1.02413
114	172	1.01111
114	173	0.92035
114	174	1.02923
114	176	1.02561
114	178	1.12656
114	179	1.02567
114	180	1.01769
115	17	1.3521
115	59	1.01749
115	63	1.0248
115	71	0.99199
115	98	1.03004
115	121	1.01
115	124	1.02909
115	126	1.07358
115	133	1.00014
115	139	0.888926
115	140	1.0125
115	148	1.00999
115	154	1.02912
115	158	1.01543
115	161	0.908882
115	164	1.00777
115	166	0.679303
115	168	1.01064
115	170	1.0343
115	174	1.0394
115	177	0.780866
115	179	1.03585
115	180	1.02787
116	15	0.672313
116	47	0.923375
116	84	1.03403
116	89	0.899379
116	109	0.992549
116	111	0.984782
116	126	1.05621
116	131	0.986332
116	137	1.00173
116	142	0.990964
116	143	1.0363
116	148	0.992615
116	154	1.01175
116	160	0.984554
116	164	0.990394
116	168	0.993265
116	170	1.01693
116	173	1.08306
116	174	1.02203
116	175	1.16912
116	176	1.01841
116	178	1.11936
116	179	1.01847
116	180	1.01049
117	44	1.02564
117	48	0.861815
117	53	1.03176
117	63	1.00675
117	66	0.995505
117	67	1.00569
117	83	0.982836
117	107	0.919821
117	130	1.04793
117	136	0.943627
117	139	1.0063
117	152	1.00391
117	153	1.02581
117	157	1.01356
117	160	1.01336
117	163	1.00338
117	165	1.02996
117	166	1.02126
117	167	1.00108
117	169	1.03
117	171	1.00716
117	173	1.01089
117	174	0.983118
117	177	1.02598
118	20	1.06931
118	35	1.04688
118	47	0.9224
118	74	1.15064
118	111	0.983807
118	113	1.02329
118	125	0.992866
118	126	1.05524
118	131	0.985356
118	134	0.975856
118	135	0.975994
118	142	0.989989
118	147	1.00862
118	150	1.06574
118	157	0.894848
118	158	0.997081
118	161	0.959874
118	164	0.989419
118	169	0.740724
118	174	1.02105
118	176	1.01744
118	178	1.11839
118	179	1.0175
118	180	1.00952
119	21	0.972709
119	35	0.888488
119	39	0.913454
119	74	1.00741
119	82	1.00227
119	93	1.02855
119	96	0.973396
119	99	1.02775
119	100	1.01156
119	108	1.0021
119	127	0.974144
119	136	0.947302
119	149	1.04293
119	151	1.00681
119	156	1.02155
119	160	1.01704
119	165	1.03364
119	167	1.00476
119	169	1.03367
119	172	0.985626
119	173	1.01456
119	175	1.02233
119	177	1.02966
119	180	1.03205
120	19	0.848022
120	29	1.04489
120	37	1.0419
120	67	1.00069
120	73	1.00048
120	80	1.0599
120	81	0.982786
120	87	1.04294
120	101	0.99788
120	103	0.99788
120	104	0.998115
120	105	0.998115
120	121	0.861861
120	130	1.04293
120	136	0.938628
120	138	1.01904
120	148	1.09779
120	150	0.989631
120	165	1.02496
120	167	0.996084
120	171	1.00216
120	174	0.971011
120	176	1.0104
120	177	1.02098
121	8	0.940055
121	38	1.02483
121	65	0.993712
121	70	1.0706
121	83	1.26829
121	106	1.03669
121	112	0.950253
121	115	1.01
121	120	0.861861
121	124	0.992543
121	127	0.979178
121	129	0.991083
121	132	1.01719
121	143	1.01712
121	147	0.990419
121	155	0.985792
121	159	1.01561
121	167	0.813303
121	168	0.974088
121	170	0.997753
121	172	0.984735
121	176	0.999237
121	178	1.10019
121	179	0.999298
121	180	0.991317
122	10	1.06721
122	13	0.960038
122	14	0.940541
122	27	1.02943
122	30	0.937751
122	31	1.03928
122	36	0.93496
122	46	1.00888
122	60	1.00547
122	83	0.9683
122	106	1.05216
122	111	0.908145
122	113	0.79144
122	114	0.972686
122	123	1.00367
122	133	1.21006
122	136	0.929091
122	151	0.988602
122	161	0.991581
122	169	1.01546
122	172	1.11217
122	173	0.99635
122	175	1.00412
122	177	1.01144
122	178	1.11566
123	60	1.00475
123	67	0.990436
123	101	1.38654
123	102	0.802167
123	110	0.979922
123	122	1.00367
123	129	0.990983
123	144	1.02711
123	146	1.00889
123	149	1.024
123	150	0.979374
123	151	0.987881
123	153	1.01055
123	161	0.99086
123	162	0.991057
123	163	0.988125
123	166	1.006
123	169	1.01474
123	171	0.991905
123	173	0.99563
123	174	1.06722
123	175	1.0034
123	176	1.10661
123	177	1.01072
123	178	0.629365
124	38	1.04392
124	50	0.932971
124	54	0.981274
124	79	0.975266
124	85	0.966236
124	110	1.18303
124	115	1.02909
124	121	0.992543
124	134	0.976751
124	135	0.976889
124	137	1.00165
124	138	0.902884
124	142	0.990884
124	149	0.840976
124	154	1.01167
124	158	0.997977
124	159	1.03471
124	161	1.09919
124	164	0.990315
124	168	0.993186
124	170	1.01685
124	174	1.02195
124	176	1.01833
124	179	1.0184
124	180	1.01041
125	25	1.29021
125	31	0.889079
125	57	0.878393
125	90	1.03759
125	105	1.10473
125	118	0.992866
125	126	1.03825
125	137	0.983768
125	146	0.995357
125	149	1.01047
125	152	0.975124
125	155	0.987012
125	161	0.977329
125	162	0.977526
125	163	0.974594
125	164	0.972437
125	166	0.992468
125	168	0.975308
125	170	0.998973
125	171	0.978374
125	172	0.985955
125	174	1.00407
125	175	0.989869
125	177	0.997194
125	179	1.00052
125	180	0.992537
126	36	1.07713
126	43	0.979809
126	50	0.977463
126	61	1.0391
126	67	0.672323
126	71	1.01903
126	86	1.16535
126	100	1.04147
126	111	1.02919
126	115	1.07358
126	116	1.05621
126	118	1.05524
126	125	1.03825
126	139	0.750756
126	140	1.03953
126	142	1.03538
126	145	1.05152
126	148	1.03703
126	158	1.04247
126	161	0.770712
126	168	1.03768
126	174	1.06644
126	175	0.772686
126	176	1.06283
126	179	1.06289
126	180	1.05491
127	5	0.955068
127	18	1.22624
127	79	0.961901
127	85	0.952872
127	92	0.993549
127	96	0.945448
127	119	0.974144
127	121	0.979178
127	135	0.963525
127	138	0.93613
127	140	0.981679
127	143	1.02286
127	147	0.996152
127	148	0.979171
127	155	0.991525
127	156	1.12186
127	158	0.984612
127	160	0.94984
127	164	0.976951
127	170	1.00349
127	172	0.990468
127	174	1.00858
127	176	1.00497
127	178	1.10592
127	179	1.00503
127	180	0.99705
128	10	0.993853
128	23	1.10577
128	26	1.02527
128	40	1.08397
128	49	0.99114
128	95	0.984049
128	100	0.981183
128	102	1.03188
128	112	0.953557
128	149	1.01256
128	155	0.989096
128	160	0.986661
128	161	0.979413
128	162	0.97961
128	164	0.974521
128	165	1.00326
128	167	0.97438
128	171	0.980458
128	172	0.988039
128	173	0.984183
128	174	1.00616
128	175	0.991953
128	176	1.00254
128	177	0.999278
128	179	1.0026
128	180	0.994621
129	12	0.967755
129	37	1.01968
129	45	1.0096
129	56	1.01756
129	57	0.992909
129	81	0.960565
129	87	1.02072
129	101	0.97566
129	103	0.97566
129	104	0.975894
129	105	0.975894
129	121	0.991083
129	123	0.990983
129	141	1.02893
129	148	1.22701
129	152	0.976691
129	157	0.986342
129	160	0.986144
129	167	0.973863
129	169	1.00278
129	171	0.979942
129	172	1.20798
129	173	0.983666
129	174	1.10023
129	177	0.998761
129	178	0.662378
130	4	1.11097
130	47	1.33933
130	69	1.02195
130	70	1.01242
130	74	1.01821
130	93	1.03935
130	106	0.554824
130	117	1.04793
130	120	1.04293
130	139	1.02077
130	142	0.942202
130	150	1.0091
130	151	1.01761
130	156	1.03235
130	157	1.02803
130	160	1.02783
130	162	1.02078
130	165	1.04443
130	166	1.03573
130	167	1.01555
130	168	0.791896
130	169	1.04447
130	171	1.02163
130	173	1.02536
130	175	1.03313
130	176	0.656843
130	177	1.04045
131	11	1.05023
131	24	0.921448
131	58	0.983633
131	59	0.974654
131	63	0.981962
131	84	1.00857
131	108	1.16976
131	116	0.986332
131	118	0.985356
131	134	0.951363
131	140	0.969656
131	142	0.965496
131	154	0.98628
131	155	0.979502
131	156	1.1569
131	158	0.972589
131	159	1.00932
131	164	0.964927
131	168	0.967798
131	170	0.991463
131	171	0.961575
131	172	0.978445
131	173	1.0834
131	176	0.992947
131	177	1.03946
131	179	0.993007
131	180	0.985027
132	3	1.15556
132	37	0.85644
132	41	0.762063
132	42	0.942212
132	80	0.794644
132	85	0.990881
132	87	0.889081
132	95	1.02449
132	114	1.04356
132	121	1.01719
132	146	1.03788
132	148	1.01718
132	149	1.05299
132	150	1.00837
132	152	1.01765
132	158	1.02262
132	165	1.0437
132	167	1.01482
132	170	1.0415
132	171	1.0209
132	172	1.02848
132	173	1.02462
132	175	1.03239
132	176	1.04298
132	177	1.03972
132	179	1.04304
132	180	1.03506
133	1	0.934685
133	5	0.939477
133	37	0.949469
133	38	1.01497
133	51	0.995388
133	53	1.00196
133	85	0.937281
133	98	0.98363
133	111	0.955748
133	115	1.00014
133	122	1.21006
133	139	1.22185
133	147	0.980562
133	148	0.96358
133	154	0.982713
133	158	0.969022
133	159	1.00575
133	162	0.966449
133	168	0.964231
133	169	1.02265
133	170	0.987895
133	172	0.974878
133	174	0.992994
133	176	0.98938
133	178	1.09033
133	179	0.98944
133	180	0.981459
134	20	1.03531
134	32	0.915598
134	44	0.98709
134	56	1.06035
134	65	0.977921
134	93	1.28443
134	107	0.961457
134	109	0.957581
134	111	0.949814
134	118	0.975856
134	124	0.976751
134	131	0.951363
134	140	0.960155
134	142	0.955996
134	147	0.974628
134	148	0.957647
134	149	1.13462
134	154	0.976779
134	158	0.963088
134	159	0.999817
134	160	1.21024
134	168	0.958297
134	170	0.981962
134	172	0.968944
134	174	0.98706
134	176	0.983446
134	179	0.983506
134	180	0.975526
135	24	0.912085
135	35	1.01303
135	61	0.959853
135	64	0.844038
135	70	1.23718
135	79	0.940515
135	85	0.931486
135	91	1.49588
135	95	0.965092
135	97	0.930172
135	113	0.989431
135	114	0.984166
135	118	0.975994
135	124	0.976889
135	127	0.963525
135	147	0.974766
135	155	0.970139
135	158	0.963226
135	164	0.955564
135	168	0.958435
135	170	0.9821
135	172	0.969082
135	174	0.987198
135	175	1.09557
135	176	0.983584
135	178	1.08453
135	179	0.983644
135	180	0.975664
136	74	0.913903
136	82	0.908767
136	86	0.891612
136	96	0.87989
136	99	0.934242
136	104	1.6396
136	111	1.53847
136	113	1.42176
136	117	0.943627
136	119	0.947302
136	120	0.938628
136	122	0.929091
136	138	0.934205
136	139	0.916464
136	144	0.952534
136	146	0.934313
136	149	0.949427
136	156	0.928044
136	157	0.92373
136	159	0.955784
136	160	0.923532
136	165	0.940132
136	167	0.911251
136	169	0.940165
136	171	0.91733
136	173	0.921054
136	175	0.928824
136	177	0.936149
136	178	1.19689
137	6	0.873491
137	35	1.03778
137	44	1.01198
137	52	0.945301
137	79	0.965271
137	80	0.873079
137	92	0.996919
137	98	1.00259
137	104	0.821596
137	107	0.986351
137	113	1.01419
137	116	1.00173
137	124	1.00165
137	125	0.983768
137	140	0.985049
137	142	0.98089
137	143	1.02623
137	146	1.15443
137	158	0.987982
137	159	1.02471
137	164	0.980321
137	167	1.11349
137	170	1.00686
137	172	0.993838
137	174	1.01195
137	176	1.00834
137	177	1.09919
137	178	1.10929
137	179	1.0084
137	180	1.00042
138	17	0.968436
138	21	0.959612
138	66	0.986082
138	68	0.989301
138	82	0.989177
138	110	0.985756
138	120	1.01904
138	124	0.902884
138	127	0.93613
138	136	0.934205
138	139	0.996874
138	142	1.16462
138	146	1.01472
138	148	0.966648
138	149	1.02984
138	153	1.01638
138	157	1.00414
138	159	1.03619
138	160	1.00394
138	161	0.996695
138	164	1.00843
138	165	1.02054
138	166	1.01183
138	167	0.991661
138	168	1.01431
138	169	1.02057
138	171	0.99774
138	173	1.00146
138	175	1.00923
138	177	1.01656
139	17	0.950695
139	53	1.0046
139	86	0.954281
139	89	1.03021
139	99	0.996911
139	115	0.888926
139	117	1.0063
139	126	0.750756
139	130	1.02077
139	133	1.22185
139	136	0.916464
139	138	0.996874
139	144	1.0152
139	146	0.996981
139	149	1.0121
139	152	0.976748
139	153	0.998643
139	156	0.990713
139	157	0.986398
139	159	1.01845
139	165	1.0028
139	166	0.994092
139	167	0.973919
139	168	1.19066
139	169	1.00283
139	171	0.979998
139	172	1.12396
139	173	0.983723
139	174	1.01621
139	175	0.991493
139	177	0.998818
140	43	0.918722
140	63	0.990754
140	65	0.996213
140	66	0.83834
140	71	0.957941
140	77	1.12389
140	84	1.01736
140	107	0.97975
140	114	1.00232
140	115	1.0125
140	126	1.03953
140	127	0.981679
140	131	0.969656
140	134	0.960155
140	137	0.985049
140	141	0.862116
140	144	1.13219
140	145	0.990431
140	148	0.975939
140	151	1.20333
140	152	1.04974
140	162	0.978807
140	164	0.973719
140	168	0.976589
140	170	1.00025
140	172	0.987236
140	174	1.00535
140	176	1.00174
140	178	1.10269
140	179	1.0018
140	180	0.993818
141	23	1.00345
141	37	1.06959
141	45	1.05951
141	57	1.04282
141	68	1.02141
141	70	1.02064
141	73	1.02817
141	81	1.01048
141	82	1.02129
141	101	1.02557
141	103	1.02557
141	104	1.0258
141	105	1.0258
141	129	1.02893
141	140	0.862116
141	144	1.06506
141	146	1.04684
141	148	0.891611
141	150	1.01732
141	156	1.04057
141	164	0.93339
141	166	1.04395
141	167	1.02377
141	168	0.939276
141	170	0.766018
141	171	1.02985
141	173	1.03358
141	175	1.04135
141	177	1.04867
141	179	0.875188
141	180	0.919001
142	32	0.883693
142	61	0.973848
142	65	0.992054
142	75	1.00877
142	92	0.986158
142	98	0.991829
142	104	0.95531
142	107	0.97559
142	116	0.990964
142	118	0.989989
142	124	0.990884
142	126	1.03538
142	130	0.942202
142	131	0.965496
142	134	0.955996
142	137	0.98089
142	138	1.16462
142	143	1.01547
142	147	0.988761
142	155	0.984134
142	162	0.974648
142	163	0.971716
142	167	1.2472
142	168	0.97243
142	170	0.996095
142	172	0.983077
142	174	1.00119
142	176	0.997579
142	178	1.09853
142	179	0.997639
142	180	0.989659
143	8	0.983733
143	51	1.04892
143	58	1.0336
143	59	1.02462
143	74	1.12873
143	85	0.990818
143	92	1.03149
143	100	1.02156
143	110	1.0218
143	112	0.993932
143	116	1.0363
143	121	1.01712
143	127	1.02286
143	137	1.02623
143	142	1.01547
143	147	1.0341
143	151	1.00783
143	153	0.917522
143	154	1.03625
143	158	1.02256
143	162	1.01998
143	163	1.01705
143	164	1.0149
143	165	0.808254
143	168	1.01777
143	169	0.71881
143	170	1.04143
143	172	1.02841
143	176	1.04292
143	177	0.809944
143	179	1.04298
143	180	1.035
144	20	0.895879
144	36	0.958403
144	70	1.00685
144	76	0.738268
144	86	0.990351
144	93	1.03379
144	94	1.02567
144	96	0.978628
144	108	1.00733
144	110	1.00409
144	111	0.938628
144	113	0.821923
144	114	1.00317
144	123	1.02711
144	136	0.952534
144	139	1.0152
144	140	1.13219
144	141	1.06506
144	146	1.03305
144	149	1.04816
144	150	1.00354
144	151	1.01204
144	152	1.01282
144	155	1.06839
144	156	1.02678
144	160	1.02227
144	161	1.01502
144	166	1.03016
144	167	1.00999
144	169	1.0389
144	173	1.01979
144	175	1.02756
