1	34	1.03298
1	91	1.0295
1	99	1.05908
1	105	1.08351
1	106	1.08616
1	109	0.951952
1	118	1.06523
1	119	1.06535
1	150	1.33
1	153	1.54319
1	156	1.36674
1	164	0.953751
2	6	0.874326
2	13	1.14213
2	18	0.951125
2	26	0.924236
2	55	0.866011
2	56	0.865927
2	65	0.935896
2	100	0.931296
2	108	0.932779
2	110	1.65545
2	126	1.35257
2	159	1.87404
3	11	0.862675
3	71	1.03477
3	78	1.00404
3	82	1.06522
3	95	1.00281
3	104	1.07024
3	114	1.00406
3	130	1.07546
3	149	1.10223
3	153	1.39301
3	157	1.02089
3	167	1.84087
4	67	1.04289
4	86	1.06034
4	88	1.09185
4	118	1.07201
4	119	1.07213
4	151	1.0852
4	152	1.09823
4	159	1.43805
4	164	0.960535
4	168	1.40857
4	170	0.9953
4	171	1.30042
5	15	0.964273
5	22	0.939349
5	38	0.922945
5	40	0.895702
5	52	0.983772
5	93	0.976243
5	111	0.91155
5	145	0.947718
5	158	2.20742
5	161	1.18226
5	168	1.44967
5	179	0.859849
6	2	0.874326
6	17	0.951113
6	26	0.962013
6	53	0.998494
6	55	0.903787
6	56	0.903704
6	65	0.973672
6	76	0.91871
6	100	0.969073
6	108	0.970556
6	148	1.74324
6	168	2.02171
7	45	0.968362
7	70	0.802866
7	111	0.704179
7	162	0.961396
7	167	0.961224
7	168	0.994883
7	169	0.935513
7	173	0.94148
7	176	0.937173
7	177	0.89092
7	178	0.90983
7	180	0.887316
8	14	1.12958
8	46	1.11713
8	68	1.05714
8	69	1.04512
8	124	1.34136
8	138	1.00768
8	141	0.960128
8	144	1.05329
8	148	1.04493
8	159	1.21304
8	163	1.11237
8	176	1.61793
9	27	1.1795
9	34	0.916573
9	49	0.889243
9	97	0.966555
9	99	0.942666
9	105	0.967102
9	106	0.969752
9	118	0.948815
9	119	0.948939
9	146	1.4124
9	164	0.837341
9	172	2.22781
10	39	0.936948
10	46	0.990292
10	51	1.05492
10	68	0.930305
10	125	0.944709
10	129	1.46188
10	138	0.880841
10	141	0.833292
10	144	0.92645
10	148	0.91809
10	154	1.63047
10	156	1.7048
11	3	0.862675
11	89	0.983329
11	91	1.01115
11	168	0.998709
11	171	1.01947
11	172	0.951126
11	174	0.912471
11	175	0.905231
11	176	0.941
11	177	0.894746
11	178	0.913657
11	180	0.891143
12	21	0.940392
12	83	0.956776
12	86	0.926727
12	88	0.95824
12	108	0.940131
12	114	0.956856
12	125	1.76325
12	127	0.904527
12	128	1.45471
12	151	0.951591
12	155	1.59052
12	170	0.86169
13	2	1.14213
13	17	1.21892
13	26	1.22982
13	55	1.17159
13	56	1.17151
13	65	1.24148
13	75	0.933386
13	108	1.23836
13	110	1.20885
13	154	1.03183
13	156	1.10615
13	160	1.30798
14	8	1.12958
14	39	1.06172
14	46	1.11506
14	69	1.04305
14	110	0.725603
14	138	1.00561
14	141	0.958061
14	144	1.05122
14	148	1.04286
14	164	1.29149
14	169	1.49744
14	174	1.7678
15	5	0.964273
15	61	1.0373
15	79	0.53389
15	94	1.06516
15	111	1.03692
15	116	0.861629
15	173	0.902047
15	175	0.86197
15	176	0.897739
15	177	0.851486
15	179	0.985218
15	180	0.847883
16	90	1.01552
16	97	1.07675
16	99	1.05286
16	105	1.0773
16	106	1.07995
16	114	1.14651
16	118	1.05901
16	119	1.05914
16	154	1.28467
16	155	1.22155
16	164	0.94754
16	179	1.53416
17	6	0.951113
17	13	1.21892
17	18	1.02791
17	26	1.00102
17	55	0.942797
17	56	0.942714
17	65	1.01268
17	100	1.00808
17	108	1.00957
17	153	1.21226
17	155	0.898351
17	158	2.08537
17	168	1.32762
18	2	0.951125
18	17	1.02791
18	26	1.03881
18	55	0.980585
18	56	0.980502
18	65	1.05047
18	76	0.995508
18	100	1.04587
18	108	1.04735
18	150	0.893066
18	158	1.97936
18	162	1.56093
18	179	1.10496
19	21	1.00755
19	53	1.1216
19	72	0.967938
19	83	1.02393
19	86	0.993882
19	88	1.0254
19	114	1.02401
19	151	1.01875
19	170	0.928845
19	174	1.44345
19	176	1.02473
19	177	1.82704
19	178	1.29325
20	39	1.01942
20	46	1.07277
20	51	1.13739
20	54	0.568118
20	68	1.01278
20	69	1.00076
20	138	0.963316
20	141	0.915768
20	144	1.00893
20	148	1.00057
20	150	1.13305
20	164	1.83837
20	172	1.97561
21	12	0.940392
21	19	1.00755
21	53	1.14359
21	72	0.98992
21	76	0.977423
21	86	1.01586
21	87	1.00534
21	88	1.04738
21	151	1.04073
21	156	1.12288
21	159	1.44417
21	169	1.99742
21	170	0.950827
22	5	0.939349
22	29	1.02348
22	30	1.16527
22	40	0.996147
22	42	0.997653
22	80	0.969648
22	85	0.819554
22	94	1.04024
22	111	1.01199
22	129	1.01294
22	134	1.69048
22	173	1.99857
22	179	0.960294
23	62	1.03976
23	70	1.01533
23	78	0.979265
23	89	1.06854
23	95	0.978038
23	98	1.01655
23	109	0.550804
23	125	1.00086
23	130	1.05068
23	138	0.963162
23	157	0.996113
23	158	2.01515
23	178	1.96029
24	35	0.576886
24	93	0.37356
24	99	0.804243
24	157	0.459182
24	162	1.05371
24	167	1.05354
24	169	1.02783
24	174	1.00096
24	175	0.993721
24	176	1.02949
24	177	0.983236
24	178	1.00215
24	180	0.979633
25	59	1.04549
25	64	0.948001
25	90	0.995495
25	91	1.00326
25	99	1.03284
25	106	1.05993
25	118	1.03899
25	119	1.03912
25	143	0.995953
25	164	0.927519
25	166	1.38222
25	167	1.4858
25	172	1.6673
26	2	0.924236
26	6	0.962013
26	13	1.22982
26	17	1.00102
26	18	1.03881
26	55	0.953697
26	56	0.953614
26	65	1.02358
26	100	1.01898
26	140	0.962094
26	151	0.8679
26	168	1.2576
26	177	2.49427
27	9	1.1795
27	95	1.23193
27	106	0.695078
27	134	0.9928
27	160	0.997161
27	169	0.897028
27	171	0.977153
27	173	0.902995
27	174	0.870159
27	175	0.862919
27	176	0.898688
27	178	0.871345
27	180	0.848831
28	49	1.22917
28	94	0.783935
28	133	0.698478
28	134	1.00409
28	169	0.908319
28	171	0.988444
28	172	0.920105
28	173	0.914286
28	175	0.874209
28	176	0.909978
28	177	0.863725
28	178	0.882636
28	180	0.860122
29	22	1.02348
29	52	1.0679
29	77	0.974078
29	80	0.953336
29	93	1.06037
29	94	1.02393
29	111	0.995682
29	125	0.682392
29	145	1.03185
29	164	1.3157
29	175	1.89975
29	178	1.64182
29	179	0.943981
30	22	1.16527
30	40	1.12163
30	45	1.11795
30	57	1.08582
30	85	0.552207
30	93	1.20217
30	94	1.16572
30	111	1.13747
30	148	1.00185
30	165	1.55213
30	167	1.61282
30	171	1.17217
30	179	1.08577
31	40	0.971409
31	45	0.967729
31	57	0.935598
31	77	0.965653
31	80	0.944911
31	82	1.0143
31	94	1.0155
31	111	0.987257
31	140	1.21801
31	145	1.02342
31	153	1.39815
31	160	1.42353
31	165	1.78533
31	179	0.935556
32	50	1.02406
32	92	0.940549
32	102	1.02017
32	112	1.0125
32	116	0.942892
32	121	0.97515
32	132	0.973589
32	137	0.965823
32	139	1.00592
32	155	1.09898
32	157	0.939536
32	167	1.86075
32	171	1.42009
32	179	1.41159
33	39	0.646597
33	63	0.627315
33	71	0.422766
33	116	0.852112
33	162	1.0222
33	169	0.996314
33	172	1.0081
33	173	1.00228
33	174	0.969445
33	175	0.962205
33	176	0.997974
33	177	0.95172
33	178	0.970631
33	180	0.948117
34	1	1.03298
34	9	0.916573
34	59	0.999798
34	74	0.829583
34	90	0.949802
34	99	0.98715
34	105	1.01159
34	106	1.01424
34	118	0.9933
34	119	0.993424
34	142	1.642
34	164	0.881826
34	170	1.69235
34	179	1.65025
35	24	0.576886
35	61	0.906607
35	101	0.953587
35	102	1.02887
35	112	1.02121
35	116	0.951594
35	131	0.976674
35	132	0.982292
35	133	0.978977
35	137	0.974525
35	139	1.01462
35	147	0.95655
35	176	1.81904
35	178	2.08756
36	44	0.966396
36	48	0.942775
36	70	0.993161
36	71	0.987825
36	78	0.957099
36	95	0.955872
36	98	0.994384
36	104	1.0233
36	126	0.677948
36	130	1.02852
36	135	1.15061
36	157	0.973948
36	172	1.68395
36	180	2.38255
37	47	0.93366
37	73	0.948463
37	103	1.01148
37	109	0.942911
37	115	0.902546
37	116	0.956422
37	131	0.981502
37	132	0.98712
37	133	0.983805
37	137	0.979353
37	139	1.01945
37	145	1.00653
37	152	1.33917
37	175	2.61033
38	5	0.922945
38	42	0.981249
38	45	0.976062
38	52	1.06781
38	57	0.943932
38	77	0.973986
38	80	0.953244
38	94	1.02384
38	107	1.22142
38	111	0.995591
38	117	1.36874
38	147	1.56515
38	154	1.62713
38	179	0.94389
39	10	0.936948
39	14	1.06172
39	20	1.01942
39	33	0.646597
39	68	0.989283
39	69	0.977262
39	125	1.00369
39	138	0.939819
39	141	0.89227
39	144	0.985428
39	148	0.977068
39	156	1.145
39	162	1.77614
39	176	1.87118
40	5	0.895702
40	22	0.996147
40	30	1.12163
40	31	0.971409
40	77	0.946744
40	80	0.926002
40	93	1.03304
40	111	0.968348
40	128	0.935306
40	145	1.00452
40	158	2.25814
40	160	1.4104
40	161	1.23298
40	179	0.916647
41	64	1.07935
41	96	0.955736
41	138	0.985931
41	150	1.04956
41	166	0.90419
41	167	0.902232
41	171	0.956647
41	172	0.888308
41	173	0.882489
41	174	0.849653
41	176	0.878181
41	177	0.831928
41	178	0.850839
41	180	0.828325
42	22	0.997653
42	38	0.981249
42	45	0.950326
42	52	1.04208
42	77	0.94825
42	80	0.927507
42	84	1.30776
42	93	1.03455
42	111	0.969854
42	123	1.33656
42	145	1.00602
42	163	1.39473
42	167	1.79842
42	179	0.918153
43	96	0.993766
43	97	0.97715
43	132	1.04372
43	142	1.03599
43	165	0.923593
43	169	0.891537
43	172	0.903324
43	173	0.897504
43	174	0.864668
43	175	0.857428
43	176	0.893197
43	177	0.846943
43	178	0.865854
43	180	0.84334
44	36	0.966396
44	62	0.985703
44	63	0.993187
44	89	1.01449
44	95	0.923986
44	98	0.962497
44	104	0.991412
44	124	1.66394
44	130	0.996632
44	140	1.21064
44	149	1.0234
44	154	1.14
44	157	0.942061
44	162	1.84546
45	7	0.968362
45	30	1.11795
45	31	0.967729
45	38	0.976062
45	42	0.950326
45	77	0.943064
45	80	0.922321
45	93	1.02936
45	94	0.992913
45	109	1.24915
45	111	0.964668
45	152	1.64541
45	155	1.52648
45	179	0.912967
46	8	1.11713
46	10	0.990292
46	14	1.11506
46	20	1.07277
46	68	1.04263
46	69	1.03061
46	125	1.05703
46	136	0.902699
46	138	0.993163
46	144	1.03877
46	148	1.03041
46	149	0.756305
46	162	1.56586
46	175	2.18736
46	179	1.10989
47	37	0.93366
47	61	0.888576
47	116	0.933563
47	121	0.965821
47	127	0.9343
47	131	0.958643
47	132	0.96426
47	133	0.960945
47	137	0.956494
47	139	0.996586
47	144	0.869743
47	145	0.983666
47	161	0.779495
47	177	2.28357
47	180	2.25951
48	36	0.942775
48	62	0.962083
48	70	0.937654
48	82	0.962774
48	89	0.990869
48	104	0.967791
48	120	0.947342
48	126	1.14118
48	130	0.973012
48	138	0.88549
48	140	1.33767
48	149	0.999782
48	157	0.918441
48	159	1.66265
48	176	2.06754
49	9	0.889243
49	28	1.22917
49	54	0.959634
49	58	0.98772
49	79	1.01407
49	90	0.922473
49	91	0.930241
49	97	0.98371
49	105	0.984257
49	106	0.986907
49	118	0.96597
49	119	0.966094
49	153	1.73776
49	164	0.854497
49	179	1.73647
50	32	1.02406
50	61	0.992501
50	92	1.03514
50	112	1.1071
50	113	1.0464
50	121	1.06975
50	131	1.06257
50	133	1.06487
50	137	1.06042
50	151	0.888046
50	152	0.967399
50	154	0.911601
50	157	1.03413
50	159	1.30722
50	180	2.49035
51	10	1.05492
51	20	1.13739
51	68	1.10725
51	69	1.09523
51	125	1.12166
51	138	1.05779
51	141	1.01024
51	142	0.943052
51	144	1.1034
51	148	1.09504
51	159	1.09743
51	161	0.800544
51	173	1.51885
51	174	1.92103
52	5	0.983772
52	29	1.0679
52	38	1.06781
52	42	1.04208
52	77	1.03481
52	80	1.01407
52	87	1.01315
52	93	1.12111
52	94	1.08466
52	111	1.05642
52	140	1.127
52	162	1.76182
52	163	1.35131
52	171	1.31435
52	179	1.00472
53	6	0.998494
53	19	1.1216
53	21	1.14359
53	71	0.189773
53	82	0.532658
53	88	1.16144
53	92	0.754328
53	112	0.459261
53	151	1.15479
53	160	1.08021
53	170	1.06488
53	174	0.953212
53	177	0.935487
53	178	0.954398
53	180	0.931884
54	20	0.568118
54	49	0.959634
54	88	0.54392
54	105	0.668217
54	112	0.58899
54	136	1.22116
54	166	1.05773
54	168	1.08943
54	169	1.03006
54	171	1.11018
54	174	1.00319
54	176	1.03172
54	177	0.985465
54	178	1.00438
54	180	0.981861
55	2	0.866011
55	6	0.903787
55	13	1.17159
55	17	0.942797
55	18	0.980585
55	26	0.953697
55	56	0.895388
55	65	0.965357
55	76	0.910394
55	100	0.960757
55	108	0.96224
55	144	1.30114
55	147	1.05017
55	168	1.47829
55	174	2.33137
56	2	0.865927
56	6	0.903704
56	13	1.17151
56	17	0.942714
56	18	0.980502
56	26	0.953614
56	55	0.895388
56	65	0.965273
56	74	1.04412
56	76	0.910311
56	100	0.960674
56	108	0.962156
56	149	1.51119
56	150	1.65288
56	163	1.91025
57	30	1.08582
57	31	0.935598
57	38	0.943932
57	77	0.910933
57	80	0.890191
57	82	0.959579
57	93	0.99723
57	94	0.960783
57	111	0.932537
57	129	1.16897
57	145	0.968705
57	151	1.314
57	166	1.93263
57	168	1.7037
57	179	0.880836
58	49	0.98772
58	64	0.956301
58	67	1.01817
58	81	1.36541
58	90	1.00379
58	91	1.01156
58	97	1.06503
58	99	1.04114
58	105	1.06558
58	114	1.14903
58	118	1.04729
58	119	1.04742
58	136	1.32949
58	156	1.36152
58	164	0.935819
58	171	1.54518
59	25	1.04549
59	34	0.999798
59	67	1.00292
59	90	0.988543
59	91	0.996311
59	97	1.04978
59	105	1.05033
59	106	1.05298
59	118	1.03204
59	119	1.03216
59	123	1.19651
59	144	1.14872
59	146	1.02447
59	154	0.959733
59	164	0.920567
59	180	2.53848
60	76	0.980345
60	78	0.975644
60	83	1.04884
60	88	1.0503
60	89	1.06492
60	98	1.01293
60	104	1.04184
60	108	1.03219
60	115	0.621083
60	127	0.996586
60	130	1.04706
60	135	1.34871
60	143	1.21071
60	164	1.74482
60	169	1.95077
60	170	0.953748
61	15	1.0373
61	35	0.906607
61	47	0.888576
61	50	0.992501
61	92	0.908994
61	103	0.966399
61	107	1.04615
61	113	0.920251
61	116	0.911338
61	131	0.936418
61	132	0.942035
61	133	0.93872
61	139	0.974361
61	155	1.38874
61	157	0.907982
61	178	2.52089
62	23	1.03976
62	44	0.985703
62	48	0.962083
62	63	1.04438
62	70	1.01247
62	89	1.06568
62	98	1.01369
62	130	1.04783
62	138	0.960304
62	143	0.998027
62	149	1.0746
62	157	0.993255
62	159	1.18485
62	164	1.53214
62	173	1.60627
62	176	1.58974
63	33	0.627315
63	44	0.993187
63	62	1.04438
63	66	1.09596
63	71	1.01462
63	78	0.983891
63	95	0.982664
63	98	1.02118
63	104	1.05009
63	110	1.22842
63	130	1.05531
63	138	0.967788
63	146	1.11613
63	150	1.08899
63	157	1.00074
63	175	2.37835
64	25	0.948001
64	41	1.07935
64	58	0.956301
64	67	0.905428
64	79	0.982654
64	91	0.898821
64	97	0.95229
64	99	0.928401
64	105	0.952837
64	106	0.955487
64	118	0.93455
64	119	0.934674
64	122	1.16042
64	136	1.30224
64	164	0.823077
64	174	2.47916
65	2	0.935896
65	6	0.973672
65	13	1.24148
65	17	1.01268
65	18	1.05047
65	26	1.02358
65	55	0.965357
65	56	0.965273
65	76	0.980279
65	100	1.03064
65	108	1.03212
65	109	0.873324
65	125	1.32338
65	160	1.48994
65	161	1.31252
65	166	1.80885
66	63	1.09596
66	71	1.05871
66	82	1.08917
66	89	1.11727
66	98	1.06527
66	104	1.09419
66	120	1.07374
66	126	0.64865
66	130	1.09941
66	138	1.01189
66	143	0.983303
66	149	1.12618
66	151	0.750949
66	157	1.04484
66	164	1.51741
66	173	1.59155
66	175	2.10146
67	4	1.04289
67	58	1.01817
67	59	1.00292
67	64	0.905428
67	79	1.04452
67	91	0.96069
67	99	0.99027
67	105	1.01471
67	106	1.01736
67	118	0.996419
67	119	0.996543
67	134	1.57056
67	149	0.957509
67	160	1.33776
67	164	0.884946
67	168	1.42775
67	176	1.86212
68	8	1.05714
68	10	0.930305
68	20	1.01278
68	39	0.989283
68	46	1.04263
68	51	1.10725
68	69	0.970619
68	125	0.997044
68	128	0.93069
68	138	0.933176
68	141	0.885627
68	142	1.37088
68	144	0.978785
68	147	1.06765
68	148	0.970425
68	165	1.76759
68	172	2.00978
69	8	1.04512
69	14	1.04305
69	20	1.00076
69	39	0.977262
69	46	1.03061
69	51	1.09523
69	68	0.970619
69	81	1.35565
69	117	1.01903
69	125	0.985024
69	138	0.921155
69	141	0.873606
69	143	1.48622
69	144	0.966765
69	146	1.34216
69	148	0.958404
69	166	1.8725
70	7	0.802866
70	23	1.01533
70	36	0.993161
70	48	0.937654
70	62	1.01247
70	78	0.951978
70	82	1.01316
70	95	0.950751
70	104	1.01818
70	126	1.29826
70	130	1.0234
70	138	0.935875
70	149	1.05017
70	150	1.46171
70	151	1.40056
70	157	0.968826
70	168	1.79026
71	3	1.03477
71	33	0.422766
71	36	0.987825
71	53	0.189773
71	63	1.01462
71	66	1.05871
71	78	0.946642
71	95	0.945414
71	98	0.983926
71	104	1.01284
71	120	0.992392
71	130	1.01806
71	138	0.930539
71	157	0.96349
71	171	1.10483
71	175	2.1738
71	177	2.44966
72	19	0.967938
72	21	0.98992
72	75	0.957588
72	83	1.0063
72	85	1.09853
72	86	0.976255
72	88	1.00777
72	107	0.91837
72	108	0.989659
72	109	0.983619
72	114	1.00638
72	127	0.954055
72	151	1.00112
72	152	1.37988
72	161	1.42281
72	170	0.911218
72	178	2.3931
73	37	0.948463
73	81	0.933822
73	92	0.946021
73	101	0.950357
73	102	1.02564
73	103	1.00343
73	113	0.957278
73	121	0.980623
73	127	0.949102
73	131	0.973445
73	133	0.975747
73	135	1.53266
73	139	1.01139
73	147	1.12387
73	157	0.945009
73	167	1.8845
73	171	1.44384
73	179	1.43534
74	34	0.829583
74	56	1.04412
74	86	0.542389
74	98	0.553355
74	104	0.430869
74	130	0.392325
74	155	1.20306
74	162	1.06515
74	166	1.06693
74	167	1.06497
74	171	1.11939
74	173	1.04523
74	174	1.01239
74	175	1.00515
74	176	1.04092
74	177	0.99467
74	178	1.01358
74	180	0.991066
75	13	0.933386
75	72	0.957588
75	83	1.01358
75	86	0.983532
75	88	1.01505
75	92	1.31296
75	120	0.913417
75	127	0.961332
75	138	1.06808
75	142	0.978148
75	170	0.918495
75	171	0.913816
75	172	0.845478
75	174	0.806822
75	175	0.799582
75	176	0.835351
75	178	0.808008
75	180	0.785494
76	6	0.91871
76	18	0.995508
76	21	0.977423
76	55	0.910394
76	56	0.910311
76	60	0.980345
76	65	0.980279
76	83	0.993808
76	85	1.08603
76	86	0.963758
76	108	0.977163
76	151	0.988623
76	159	0.987692
76	164	1.33498
76	169	1.54094
76	170	0.898721
76	172	1.47222
76	177	2.19489
77	29	0.974078
77	31	0.965653
77	38	0.973986
77	40	0.946744
77	42	0.94825
77	45	0.943064
77	52	1.03481
77	57	0.910933
77	93	1.02728
77	94	0.990837
77	111	0.962592
77	115	0.960236
77	129	1.17247
77	145	0.998759
77	149	1.23696
77	170	1.63265
77	178	2.41008
77	179	0.910891
78	3	1.00404
78	23	0.979265
78	36	0.957099
78	60	0.975644
78	63	0.983891
78	70	0.951978
78	71	0.946642
78	95	0.914689
78	98	0.953201
78	104	0.982115
78	130	0.987336
78	149	1.01411
78	150	1.12692
78	153	1.34011
78	154	1.08933
78	157	0.932765
78	172	1.96948
78	173	1.90638
79	15	0.53389
79	49	1.01407
79	64	0.982654
79	67	1.04452
79	90	1.03015
79	91	1.03792
79	97	1.09139
79	99	1.0675
79	105	1.09193
79	106	1.09458
79	118	1.07365
79	119	1.07377
79	141	1.64921
79	163	1.2434
79	164	0.962172
79	166	1.54352
79	170	1.24004
79	171	1.20644
80	22	0.969648
80	29	0.953336
80	31	0.944911
80	38	0.953244
80	40	0.926002
80	42	0.927507
80	45	0.922321
80	52	1.01407
80	57	0.890191
80	85	0.893917
80	93	1.00654
80	94	0.970095
80	111	0.941849
80	123	1.49267
80	141	1.95665
80	144	1.44487
80	145	0.978017
80	167	1.95454
80	179	0.890149
81	58	1.36541
81	69	1.35565
81	73	0.933822
81	88	1.14949
81	112	1.01139
81	121	0.974039
81	130	1.04172
81	132	0.972479
81	133	0.969164
81	137	0.964712
81	157	0.938425
81	158	0.822328
81	166	0.842546
81	171	0.895003
81	172	0.826664
81	173	0.820845
81	177	0.770284
81	178	0.789195
81	180	0.766681
82	3	1.06522
82	31	1.0143
82	48	0.962774
82	53	0.532658
82	57	0.959579
82	66	1.08917
82	70	1.01316
82	93	1.07593
82	94	1.03948
82	111	1.01124
82	122	1.09021
82	128	0.990787
82	130	1.04852
82	145	1.04741
82	152	1.24553
82	157	0.993946
82	160	1.46589
82	174	2.40895
82	179	0.959537
83	12	0.956776
83	19	1.02393
83	60	1.04884
83	72	1.0063
83	75	1.01358
83	76	0.993808
83	86	1.03225
83	88	1.06376
83	108	1.04565
83	114	1.06238
83	122	0.888451
83	124	1.51191
83	127	1.01005
83	129	0.819383
83	141	1.68873
83	151	1.05711
83	152	1.04377
83	170	0.967212
83	174	2.20719
84	42	1.30776
84	93	1.02319
84	121	1.2356
84	135	0.995355
84	140	1.04662
84	145	0.885514
84	161	0.975756
84	165	0.881568
84	166	0.87718
84	167	0.875222
84	168	0.908881
84	172	0.861298
84	173	0.855479
84	175	0.815402
84	176	0.851171
84	177	0.804918
84	178	0.823829
84	179	0.93865
84	180	0.801315
85	22	0.819554
85	30	0.552207
85	72	1.09853
85	76	1.08603
85	80	0.893917
85	88	1.15599
85	99	0.883919
85	100	0.638231
85	121	0.665644
85	127	1.10228
85	151	1.14934
85	170	1.05944
85	172	0.98642
85	173	0.980601
85	174	0.947765
85	175	0.940525
85	177	0.93004
85	178	0.948951
85	180	0.926437
86	4	1.06034
86	12	0.926727
86	19	0.993882
86	21	1.01586
86	72	0.976255
86	74	0.542389
86	75	0.983532
86	76	0.963758
86	83	1.03225
86	88	1.03371
86	108	1.0156
86	114	1.03233
86	122	1.01404
86	127	0.98
86	149	1.00947
86	151	1.02706
86	156	1.18789
86	167	1.81221
86	170	0.937162
86	175	2.44052
87	21	1.00534
87	52	1.01315
87	103	0.977962
87	106	0.820033
87	120	0.968648
87	154	1.07353
87	158	0.918707
87	161	1.0375
87	162	0.93714
87	165	0.943313
87	167	0.936968
87	168	0.970627
87	171	0.991383
87	173	0.917224
87	174	0.884388
87	175	0.877148
87	176	0.912917
87	177	0.866664
87	178	0.885574
87	180	0.86306
88	4	1.09185
88	12	0.95824
88	19	1.0254
88	21	1.04738
88	53	1.16144
88	54	0.54392
88	60	1.0503
88	72	1.00777
88	75	1.01505
88	81	1.14949
88	83	1.06376
88	85	1.15599
88	86	1.03371
88	108	1.04712
88	126	0.94541
88	134	1.58022
88	136	1.11356
88	151	1.05858
88	166	1.66633
88	170	0.968675
88	171	1.32925
89	11	0.983329
89	23	1.06854
89	44	1.01449
89	48	0.990869
89	60	1.06492
89	62	1.06568
89	66	1.11727
89	95	1.00397
89	98	1.04248
89	104	1.07139
89	107	0.857169
89	120	1.05094
89	130	1.07661
89	138	0.989091
89	148	1.35055
89	149	1.10338
89	152	1.31868
89	154	1.26288
89	157	1.02204
89	161	1.36161
89	163	1.55783
90	16	1.01552
90	25	0.995495
90	34	0.949802
90	49	0.922473
90	58	1.00379
90	59	0.988543
90	79	1.03015
90	91	0.946315
90	97	0.999784
90	99	0.975895
90	105	1.00033
90	106	1.00298
90	118	0.982044
90	119	0.982168
90	144	1.07279
90	146	0.948543
90	163	1.17876
90	164	0.870571
90	171	1.14179
90	177	2.48662
90	178	1.95283
91	1	1.0295
91	11	1.01115
91	25	1.00326
91	49	0.930241
91	58	1.01156
91	59	0.996311
91	64	0.898821
91	67	0.96069
91	79	1.03792
91	90	0.946315
91	97	1.00755
91	99	0.983664
91	106	1.01075
91	115	0.909874
91	118	0.989813
91	119	0.989937
91	128	1.09176
91	136	1.33299
91	164	0.878339
91	166	1.88577
91	176	2.09121
92	32	0.940549
92	50	1.03514
92	53	0.754328
92	61	0.908994
92	73	0.946021
92	75	1.31296
92	96	0.995707
92	101	0.955974
92	102	1.03126
92	112	1.02359
92	113	0.962894
92	115	1.03058
92	117	1.15301
92	121	0.986239
92	131	0.979061
92	132	0.984678
92	133	0.981364
92	139	1.017
92	157	0.950625
92	161	1.51014
92	164	2.15431
93	5	0.976243
93	24	0.37356
93	29	1.06037
93	30	1.20217
93	40	1.03304
93	42	1.03455
93	45	1.02936
93	52	1.12111
93	57	0.99723
93	77	1.02728
93	80	1.00654
93	82	1.07593
93	84	1.02319
93	111	1.04889
93	136	0.857504
93	145	1.08506
93	154	0.815209
93	171	1.0732
93	174	2.03443
93	175	2.14217
93	179	0.997188
94	15	1.06516
94	22	1.04024
94	28	0.783935
94	29	1.02393
94	30	1.16572
94	31	1.0155
94	38	1.02384
94	45	0.992913
94	52	1.08466
94	57	0.960783
94	77	0.990837
94	80	0.970095
94	82	1.03948
94	111	1.01244
94	128	0.842797
94	145	1.04861
94	151	1.01819
94	155	0.978614
94	158	2.16563
94	168	1.40788
94	173	1.85879
94	179	0.960741
95	3	1.00281
95	23	0.978038
95	27	1.23193
95	36	0.955872
95	44	0.923986
95	63	0.982664
95	70	0.950751
95	71	0.945414
95	78	0.914689
95	89	1.00397
95	98	0.951974
95	104	0.980888
95	114	1.26194
95	120	0.960439
95	123	1.63688
95	130	0.986109
95	138	0.898587
95	147	1.33812
95	149	1.01288
95	157	0.931538
95	161	1.49883
95	179	1.64959
96	41	0.955736
96	43	0.993766
96	92	0.995707
96	100	1.03291
96	101	1.00004
96	103	1.05311
96	112	1.06766
96	113	1.00696
96	116	0.998051
96	121	1.03031
96	122	1.03681
96	131	1.02313
96	132	1.02875
96	133	1.02543
96	137	1.02098
96	139	1.06107
96	145	1.04815
96	151	1.11277
96	157	0.994695
96	166	1.7314
96	171	1.39432
96	179	1.38582
97	9	0.966555
97	16	1.07675
97	43	0.97715
97	49	0.98371
97	58	1.06503
97	59	1.04978
97	64	0.95229
97	79	1.09139
97	90	0.999784
97	91	1.00755
97	99	1.03713
97	105	1.06157
97	106	1.06422
97	118	1.04328
97	119	1.04341
97	128	0.92077
97	134	1.62867
97	143	1.32851
97	149	1.01562
97	164	0.931808
97	165	1.75767
97	170	1.4113
98	23	1.01655
98	36	0.994384
98	44	0.962497
98	60	1.01293
98	62	1.01369
98	63	1.02118
98	66	1.06527
98	71	0.983926
98	74	0.553355
98	78	0.953201
98	89	1.04248
98	95	0.951974
98	104	1.0194
98	120	0.998951
98	124	1.64847
98	130	1.02462
98	148	1.2122
98	149	1.05139
98	156	1.19886
98	157	0.970049
98	160	1.40068
98	173	1.94158
98	179	1.37402
99	1	1.05908
99	9	0.942666
99	16	1.05286
99	24	0.804243
99	25	1.03284
99	34	0.98715
99	58	1.04114
99	64	0.928401
99	67	0.99027
99	79	1.0675
99	85	0.883919
99	90	0.975895
99	91	0.983664
99	97	1.03713
99	105	1.03768
99	118	1.01939
99	119	1.01952
99	140	1.31653
99	146	1.31063
99	149	1.14179
99	164	0.907919
99	165	1.88385
99	168	1.61203
100	2	0.931296
100	6	0.969073
100	17	1.00808
100	18	1.04587
100	26	1.01898
100	55	0.960757
100	56	0.960674
100	65	1.03064
100	85	0.638231
100	96	1.03291
100	113	1.0001
100	116	0.991184
100	121	1.02344
100	131	1.01626
100	132	1.02188
100	137	1.01411
100	139	1.05421
100	140	1.07084
100	141	1.70096
100	146	1.06494
100	170	1.29179
100	173	1.81725
100	176	1.80071
101	35	0.953587
101	73	0.950357
101	92	0.955974
101	96	1.00004
101	102	1.0356
101	103	1.01338
101	112	1.02793
101	113	0.96723
101	116	0.958317
101	121	0.990575
101	125	1.14888
101	131	0.983397
101	132	0.989014
101	133	0.9857
101	137	0.981248
101	139	1.02134
101	145	1.00842
101	153	1.29007
101	154	1.03929
101	157	0.954961
101	160	1.31544
101	170	1.33088
101	179	1.28877
101	180	2.61803
102	32	1.02017
102	35	1.02887
102	73	1.02564
102	92	1.03126
102	101	1.0356
102	113	1.04252
102	116	1.0336
102	121	1.06586
102	127	1.03434
102	131	1.05868
102	132	1.0643
102	133	1.06099
102	134	1.29726
102	135	1.13511
102	137	1.05653
102	139	1.09663
102	140	0.858946
102	145	1.08371
102	157	1.03025
102	161	0.887042
102	168	1.15445
102	169	1.73717
102	170	1.0799
102	180	2.36705
103	37	1.01148
103	61	0.966399
103	73	1.00343
103	87	0.977962
103	96	1.05311
103	101	1.01338
103	112	1.081
103	113	1.0203
103	116	1.01139
103	117	0.762783
103	120	1.03693
103	121	1.04364
103	127	1.01212
103	131	1.03647
103	132	1.04208
103	133	1.03877
103	137	1.03432
103	145	1.06149
103	149	0.917076
103	157	1.00803
103	163	1.31613
103	169	1.97004
103	171	1.27916
103	173	1.83822
103	179	1.27066
104	3	1.07024
104	36	1.0233
104	44	0.991412
104	48	0.967791
104	60	1.04184
104	63	1.05009
104	66	1.09419
104	70	1.01818
104	71	1.01284
104	74	0.430869
104	78	0.982115
104	89	1.07139
104	95	0.980888
104	98	1.0194
104	120	1.02787
104	124	1.52598
104	126	0.876192
104	129	0.833457
104	130	1.05353
104	141	1.7028
104	149	1.0803
104	157	0.998964
104	165	1.64
104	170	1.29364
104	178	2.07107
105	1	1.08351
105	9	0.967102
105	16	1.0773
105	34	1.01159
105	49	0.984257
105	54	0.668217
105	58	1.06558
105	59	1.05033
105	64	0.952837
105	67	1.01471
105	79	1.09193
105	90	1.00033
105	97	1.06157
105	99	1.03768
105	106	1.06477
105	118	1.04383
105	119	1.04395
105	122	1.09604
105	125	1.30516
105	149	1.09146
105	161	1.2943
105	164	0.932355
105	171	1.45355
105	176	1.99607
105	179	1.44505
106	1	1.08616
106	9	0.969752
106	16	1.07995
106	25	1.05993
106	27	0.695078
106	34	1.01424
106	49	0.986907
106	59	1.05298
106	64	0.955487
106	67	1.01736
106	79	1.09458
106	87	0.820033
106	90	1.00298
106	91	1.01075
106	97	1.06422
106	105	1.06477
106	117	0.604854
106	118	1.04648
106	119	1.0466
106	150	0.900835
106	163	1.1582
106	164	0.935005
106	167	1.56189
106	172	1.74339
106	177	2.46606
107	38	1.22142
107	61	1.04615
107	72	0.91837
107	89	0.857169
107	130	0.557792
107	132	0.780573
107	139	0.598517
107	152	1.10047
107	159	1.06025
107	161	1.09115
107	162	0.990788
107	166	0.992574
107	167	0.990616
107	168	1.02427
107	169	0.964905
107	171	1.04503
107	172	0.976692
107	173	0.970872
107	174	0.938036
107	175	0.930796
107	176	0.966565
107	177	0.920312
107	178	0.939222
107	180	0.916708
108	2	0.932779
108	6	0.970556
108	12	0.940131
108	13	1.23836
108	17	1.00957
108	18	1.04735
108	55	0.96224
108	56	0.962156
108	60	1.03219
108	65	1.03212
108	72	0.989659
108	76	0.977163
108	83	1.04565
108	86	1.0156
108	88	1.04712
108	124	1.30834
108	127	0.993404
108	149	0.680299
108	151	1.04047
108	152	0.840196
108	161	0.883133
108	163	1.07935
108	170	0.950566
108	176	1.58491
108	177	2.38721
108	180	2.36314
109	1	0.951952
109	23	0.550804
109	37	0.942911
109	45	1.24915
109	65	0.873324
109	72	0.983619
109	113	0.75555
109	137	0.67292
109	154	1.14243
109	155	1.14395
109	161	1.1064
109	162	1.00604
109	165	1.01221
109	166	1.00782
109	167	1.00586
109	169	0.980154
109	170	1.06496
109	171	1.06028
109	172	0.99194
109	173	0.986121
109	174	0.953285
109	175	0.946045
109	176	0.981813
109	177	0.93556
109	178	0.954471
109	180	0.931957
110	2	1.65545
110	13	1.20885
110	14	0.725603
110	63	1.22842
110	131	1.06071
110	136	1.05692
110	142	1.01027
110	154	1.02809
110	157	1.07786
110	158	0.873267
110	160	0.96595
110	161	0.992062
110	163	0.960571
110	164	0.915856
110	167	0.891528
110	168	0.925187
110	169	0.865817
110	171	0.945943
110	172	0.877604
110	173	0.871784
110	174	0.838948
110	175	0.831708
110	176	0.867477
110	177	0.821224
110	178	0.840135
110	180	0.81762
111	5	0.91155
111	7	0.704179
111	15	1.03692
111	22	1.01199
111	29	0.995682
111	30	1.13747
111	31	0.987257
111	38	0.995591
111	40	0.968348
111	42	0.969854
111	45	0.964668
111	52	1.05642
111	57	0.932537
111	77	0.962592
111	80	0.941849
111	82	1.01124
111	93	1.04889
111	94	1.01244
111	122	1.22591
111	145	1.02036
111	148	1.4131
111	151	1.30187
111	155	1.2623
111	161	1.42416
111	165	1.96338
111	170	1.61702
111	179	0.932495
112	32	1.0125
112	35	1.02121
112	50	1.1071
112	53	0.459261
112	54	0.58899
112	81	1.01139
112	92	1.02359
112	96	1.06766
112	101	1.02793
112	103	1.081
112	113	1.03485
112	115	0.735509
112	116	1.02594
112	117	0.857943
112	121	1.05819
112	131	1.05102
112	132	1.05663
112	133	1.05332
112	137	1.04887
112	139	1.08896
112	144	1.30532
112	145	1.07604
112	156	1.19066
112	157	1.02258
112	170	1.40792
112	173	1.93338
112	175	2.44329
113	50	1.0464
113	61	0.920251
113	73	0.957278
113	92	0.962894
113	96	1.00696
113	100	1.0001
113	101	0.96723
113	102	1.04252
113	103	1.0203
113	109	0.75555
113	112	1.03485
113	116	0.965238
113	120	0.990784
113	121	0.997496
113	131	0.990318
113	132	0.995935
113	133	0.99262
113	137	0.988169
113	139	1.02826
113	142	1.33725
113	146	1.16075
113	147	1.03403
113	151	1.07245
113	157	0.961882
113	159	1.49163
113	166	1.69108
113	175	2.42297
114	3	1.00406
114	12	0.956856
114	16	1.14651
114	19	1.02401
114	58	1.14903
114	72	1.00638
114	83	1.06238
114	86	1.03233
114	95	1.26194
114	120	0.8737
114	121	0.889457
114	123	1.00769
114	127	1.01013
114	145	0.53937
114	148	1.01033
114	151	1.05719
114	165	0.914544
114	167	0.908198
114	168	0.941857
114	169	0.882487
114	170	0.967291
114	174	0.855618
114	175	0.848378
114	176	0.884147
114	177	0.837894
114	178	0.856805
114	180	0.83429
115	37	0.902546
115	60	0.621083
115	77	0.960236
115	91	0.909874
115	92	1.03058
115	112	0.735509
115	116	0.895367
115	119	0.522802
115	130	0.582677
115	141	1.0458
115	152	1.13831
115	156	1.13687
115	158	1.0102
115	159	1.0981
115	160	1.10288
115	165	1.0348
115	166	1.03042
115	168	1.06212
115	169	1.00275
115	171	1.08287
115	172	1.01454
115	173	1.00872
115	174	0.97588
115	175	0.968639
115	176	1.00441
115	177	0.958155
115	178	0.977066
115	180	0.954552
116	15	0.861629
116	32	0.942892
116	33	0.852112
116	35	0.951594
116	37	0.956422
116	47	0.933563
116	61	0.911338
116	96	0.998051
116	100	0.991184
116	101	0.958317
116	102	1.0336
116	103	1.01139
116	112	1.02594
116	113	0.965238
116	115	0.895367
116	120	0.981871
116	123	1.51297
116	131	0.981405
116	132	0.987022
116	133	0.983707
116	135	1.623
116	137	0.979256
116	139	1.01935
116	144	1.46517
116	145	1.00643
116	151	1.25264
116	157	0.952969
116	164	2.0191
117	38	1.36874
117	69	1.01903
117	92	1.15301
117	103	0.762783
117	106	0.604854
117	112	0.857943
117	118	0.901615
117	132	0.927891
117	152	1.07817
117	155	1.1064
117	158	0.950055
117	159	1.03795
117	160	1.04274
117	161	1.06885
117	162	0.968488
117	163	1.03736
117	166	0.970274
117	168	1.00197
117	169	0.942605
117	171	1.02273
117	172	0.954392
117	173	0.948572
117	174	0.915736
117	175	0.908496
117	176	0.944265
117	177	0.898011
117	178	0.916922
117	180	0.894408
118	1	1.06523
118	4	1.07201
118	9	0.948815
118	16	1.05901
118	25	1.03899
118	34	0.9933
118	49	0.96597
118	58	1.04729
118	59	1.03204
118	64	0.93455
118	67	0.996419
118	79	1.07365
118	90	0.982044
118	91	0.989813
118	97	1.04328
118	99	1.01939
118	105	1.04383
118	106	1.04648
118	117	0.901615
118	119	1.02567
118	128	0.961062
118	135	1.50681
118	142	1.40125
118	153	1.41079
118	160	1.43616
118	163	1.45496
118	164	0.914068
118	170	1.4516
118	171	1.41799
119	1	1.06535
119	4	1.07213
119	9	0.948939
119	16	1.05914
119	25	1.03912
119	34	0.993424
119	49	0.966094
119	58	1.04742
119	59	1.03216
119	64	0.934674
119	67	0.996543
119	79	1.07377
119	90	0.982168
119	91	0.989937
119	97	1.04341
119	99	1.01952
119	105	1.04395
119	106	1.0466
119	115	0.522802
119	118	1.02567
119	154	0.903627
119	156	0.977951
119	159	1.29924
119	160	1.17978
119	164	0.914192
119	172	1.78377
119	176	1.70414
119	179	1.15311
119	180	2.48237
120	48	0.947342
120	66	1.07374
120	71	0.992392
120	75	0.913417
120	87	0.968648
120	89	1.05094
120	95	0.960439
120	98	0.998951
120	103	1.03693
120	104	1.02787
120	113	0.990784
120	114	0.8737
120	116	0.981871
120	121	1.01413
120	130	1.03309
120	131	1.00695
120	132	1.01257
120	133	1.00925
120	137	1.0048
120	139	1.04489
120	142	1.2531
120	145	1.03197
120	149	1.05986
120	150	1.04945
120	157	0.978515
120	161	1.1106
120	166	1.60693
120	171	1.26985
120	178	2.08088
121	32	0.97515
121	47	0.965821
121	50	1.06975
121	73	0.980623
121	81	0.974039
121	84	1.2356
121	85	0.665644
121	92	0.986239
121	96	1.03031
121	100	1.02344
121	101	0.990575
121	102	1.06586
121	103	1.04364
121	112	1.05819
121	113	0.997496
121	114	0.889457
121	120	1.01413
121	127	0.98932
121	131	1.01366
121	132	1.01928
121	133	1.01596
121	137	1.01151
121	139	1.05161
121	140	1.09826
121	147	0.965633
121	148	1.11529
121	155	0.96449
121	169	1.97648
121	174	2.24684
122	64	1.16042
122	82	1.09021
122	83	0.888451
122	86	1.01404
122	96	1.03681
122	105	1.09604
122	111	1.22591
122	126	1.14857
122	127	0.765525
122	147	1.1026
122	150	1.07574
122	153	1.00606
122	154	1.06497
122	156	1.03681
122	159	0.998041
122	162	0.928577
122	163	0.997448
122	166	0.930363
122	167	0.928405
122	168	0.962064
122	171	0.98282
122	173	0.908662
122	174	0.875826
122	175	0.868585
122	176	0.904354
122	177	0.858101
122	178	0.877012
122	179	0.991833
122	180	0.854498
123	42	1.33656
123	59	1.19651
123	80	1.49267
123	95	1.63688
123	114	1.00769
123	116	1.51297
123	127	1.10183
123	134	0.923496
123	143	0.998301
123	152	0.963289
123	155	0.991524
123	156	0.961843
123	159	0.923071
123	160	0.927858
123	161	0.953969
123	165	0.859781
123	166	0.855393
123	167	0.853435
123	168	0.887094
123	169	0.827725
123	171	0.90785
123	172	0.839511
123	173	0.833692
123	174	0.800856
123	175	0.793615
123	176	0.829384
123	177	0.783131
123	178	0.802042
123	180	0.779528
124	8	1.34136
124	44	1.66394
124	83	1.51191
124	98	1.64847
124	104	1.52598
124	108	1.30834
124	141	0.868427
124	142	0.969835
124	144	0.961585
124	147	1.02529
124	154	0.987649
124	158	0.832828
124	161	0.951623
124	163	0.920132
124	164	0.875417
124	165	0.857434
124	167	0.851089
124	168	0.884747
124	169	0.825378
124	170	0.910182
124	171	0.905503
124	172	0.837165
124	173	0.831345
124	174	0.798509
124	175	0.791269
124	176	0.827038
124	177	0.780784
124	178	0.799695
124	179	0.914517
124	180	0.777181
125	10	0.944709
125	12	1.76325
125	23	1.00086
125	29	0.682392
125	39	1.00369
125	46	1.05703
125	51	1.12166
125	65	1.32338
125	68	0.997044
125	69	0.985024
125	101	1.14888
125	105	1.30516
125	130	1.0731
125	138	0.94758
125	141	0.900032
125	144	0.99319
125	148	0.98483
125	158	0.864433
125	161	0.983228
125	166	0.884652
125	171	0.937108
125	172	0.86877
125	173	0.86295
125	174	0.830114
125	175	0.822874
125	176	0.858643
125	177	0.81239
125	178	0.8313
125	180	0.808786
126	2	1.35257
126	36	0.677948
126	48	1.14118
126	66	0.64865
126	70	1.29826
126	88	0.94541
126	104	0.876192
126	122	1.14857
126	127	0.739192
126	153	1.05176
126	155	1.11219
126	157	0.774978
126	158	0.955843
126	159	1.04374
126	162	0.974276
126	163	1.04315
126	165	0.98045
126	166	0.976062
126	167	0.974104
126	168	1.00776
126	169	0.948393
126	170	1.0332
126	171	1.02852
126	172	0.96018
126	173	0.954361
126	174	0.921524
126	175	0.914284
126	176	0.950053
126	177	0.9038
126	178	0.922711
126	180	0.900196
127	12	0.904527
127	47	0.9343
127	60	0.996586
127	72	0.954055
127	73	0.949102
127	75	0.961332
127	83	1.01005
127	85	1.10228
127	86	0.98
127	102	1.03434
127	103	1.01212
127	108	0.993404
127	114	1.01013
127	121	0.98932
127	122	0.765525
127	123	1.10183
127	126	0.739192
127	131	0.982142
127	132	0.987759
127	133	0.984445
127	137	0.979993
127	139	1.02009
127	151	1.00486
127	155	0.801918
127	156	0.93937
127	157	0.953706
127	158	1.98893
127	164	1.60795
127	170	0.914962
127	172	1.74519
127	174	2.08427
128	12	1.45471
128	40	0.935306
128	68	0.93069
128	82	0.990787
128	91	1.09176
128	94	0.842797
128	97	0.92077
128	118	0.961062
128	133	0.75734
128	148	1.06348
128	150	1.10867
128	152	1.0712
128	154	1.0979
128	156	1.06975
128	159	1.03098
128	161	1.06188
128	162	0.961514
128	163	1.03039
128	165	0.967688
128	166	0.9633
128	168	0.995001
128	169	0.935632
128	171	1.01576
128	172	0.947418
128	173	0.941599
128	174	0.908763
128	175	0.901522
128	176	0.937291
128	177	0.891038
128	178	0.909949
128	180	0.887435
129	10	1.46188
129	22	1.01294
129	57	1.16897
129	77	1.17247
129	83	0.819383
129	104	0.833457
129	131	0.715101
129	138	0.997936
129	143	1.08168
129	155	1.07491
129	156	1.04522
129	158	0.918557
129	159	1.00645
129	160	1.01124
129	161	1.03735
129	163	1.00586
129	165	0.943163
129	166	0.938776
129	167	0.936817
129	168	0.970476
129	169	0.911107
129	171	0.991232
129	172	0.922893
129	173	0.917074
129	174	0.884238
129	175	0.876998
129	176	0.912766
129	177	0.866513
129	178	0.885424
129	180	0.86291
130	3	1.07546
130	23	1.05068
130	36	1.02852
130	44	0.996632
130	48	0.973012
130	60	1.04706
130	62	1.04783
130	63	1.05531
130	66	1.09941
130	70	1.0234
130	71	1.01806
130	74	0.392325
130	78	0.987336
130	81	1.04172
130	82	1.04852
130	89	1.07661
130	95	0.986109
130	98	1.02462
130	104	1.05353
130	107	0.557792
130	115	0.582677
130	120	1.03309
130	125	1.0731
130	138	0.971233
130	148	1.05117
130	149	1.08553
130	151	0.939946
130	157	1.00418
130	169	1.91236
130	170	1.25509
130	180	2.54225
131	35	0.976674
131	37	0.981502
131	47	0.958643
131	50	1.06257
131	61	0.936418
131	73	0.973445
131	92	0.979061
131	96	1.02313
131	100	1.01626
131	101	0.983397
131	102	1.05868
131	103	1.03647
131	110	1.06071
131	112	1.05102
131	113	0.990318
131	116	0.981405
131	120	1.00695
131	121	1.01366
131	127	0.982142
131	129	0.715101
131	132	1.0121
131	137	1.00434
131	139	1.04443
131	142	1.12493
131	143	1.09249
131	145	1.03151
131	150	0.921279
131	157	0.978049
131	166	1.47876
131	168	1.24983
131	169	1.83255
131	172	1.76383
131	178	1.95271
132	32	0.973589
132	35	0.982292
132	37	0.98712
132	43	1.04372
132	47	0.96426
132	61	0.942035
132	81	0.972479
132	92	0.984678
132	96	1.02875
132	100	1.02188
132	101	0.989014
132	102	1.0643
132	103	1.04208
132	107	0.780573
132	112	1.05663
132	113	0.995935
132	116	0.987022
132	117	0.927891
132	120	1.01257
132	121	1.01928
132	127	0.987759
132	131	1.0121
132	133	1.0144
132	137	1.00995
132	139	1.05005
132	142	1.42753
132	143	1.39508
132	146	1.25102
132	149	1.08218
132	152	1.24208
132	157	0.983666
132	163	1.48123
132	169	2.13514
133	28	0.698478
133	35	0.978977
133	37	0.983805
133	47	0.960945
133	50	1.06487
133	61	0.93872
133	73	0.975747
133	81	0.969164
133	92	0.981364
133	96	1.02543
133	101	0.9857
133	102	1.06099
133	103	1.03877
133	112	1.05332
133	113	0.99262
133	116	0.983707
133	120	1.00925
133	121	1.01596
133	127	0.984445
133	128	0.75734
133	132	1.0144
133	135	1.30309
133	136	0.998579
133	137	1.00664
133	139	1.04673
133	145	1.03381
133	147	0.894299
133	157	0.980351
133	160	1.23244
133	165	1.59424
133	173	1.77333
133	174	2.1755
133	176	1.75679
134	22	1.69048
134	27	0.9928
134	28	1.00409
134	67	1.57056
134	88	1.58022
134	97	1.62867
134	102	1.29726
134	123	0.923496
134	146	0.978081
134	150	0.971332
134	152	0.933853
134	154	0.96056
134	157	1.40978
134	158	0.805739
134	160	0.898422
134	161	0.924533
134	162	0.824171
134	163	0.893042
134	166	0.825958
134	167	0.823999
134	168	0.857658
134	169	0.798289
134	171	0.878414
134	172	0.810075
134	173	0.804256
134	174	0.77142
134	175	0.76418
134	176	0.799949
134	177	0.753695
134	178	0.772606
134	179	0.887427
134	180	0.750092
135	36	1.15061
135	60	1.34871
135	73	1.53266
135	84	0.995355
135	102	1.13511
135	116	1.623
135	118	1.50681
135	133	1.30309
135	151	1.02307
135	152	0.983925
135	156	0.982479
135	158	0.855811
135	160	0.948494
135	161	0.974606
135	162	0.874244
135	163	0.943115
135	165	0.880417
135	166	0.87603
135	167	0.874072
135	168	0.907731
135	169	0.848361
135	170	0.933165
135	171	0.928486
135	172	0.860148
135	173	0.854328
135	174	0.821492
135	175	0.814252
135	176	0.850021
135	177	0.803768
135	178	0.822678
135	179	0.9375
135	180	0.800164
136	46	0.902699
136	54	1.22116
136	58	1.32949
136	64	1.30224
136	88	1.11356
136	91	1.33299
136	93	0.857504
136	110	1.05692
136	133	0.998579
136	137	1.05568
136	156	1.02774
136	158	0.901069
136	160	0.993752
136	161	1.01986
136	162	0.919502
136	163	0.988373
136	164	0.943658
136	166	0.921288
136	167	0.91933
136	168	0.952989
136	169	0.893619
136	171	0.973745
136	172	0.905406
136	173	0.899587
136	174	0.86675
136	175	0.85951
136	176	0.895279
136	177	0.849026
136	178	0.867937
136	179	0.982758
136	180	0.845422
137	32	0.965823
137	35	0.974525
137	37	0.979353
137	47	0.956494
137	50	1.06042
137	81	0.964712
137	96	1.02098
137	100	1.01411
137	101	0.981248
137	102	1.05653
