1	72	0.926395
1	75	0.846306
1	76	0.912913
1	88	0.863859
1	96	0.880609
1	101	0.89941
1	108	0.928432
1	113	0.916158
1	123	1.01777
1	151	1.96206
1	155	1.59634
1	167	1.98103
2	54	0.770646
2	58	0.816148
2	95	0.848784
2	97	0.827985
2	99	0.779184
2	100	0.812491
2	111	0.824717
2	128	0.81098
2	142	1.4374
2	161	1.66703
2	174	0.709047
2	180	3.01004
3	28	0.892288
3	44	0.861894
3	46	0.87661
3	66	0.878651
3	73	1.14873
3	78	0.928925
3	80	0.929162
3	106	1.14037
3	138	0.858233
3	145	1.79852
3	163	0.973268
3	168	2.43803
4	56	1.51791
4	79	1.183
4	89	0.870808
4	99	0.829562
4	100	0.86287
4	120	0.877984
4	158	0.857131
4	174	0.759425
4	175	0.745761
4	177	0.763198
4	178	0.736704
4	179	0.761766
5	19	0.92039
5	52	0.839064
5	56	0.837722
5	62	0.947902
5	70	0.952078
5	117	0.94307
5	133	2.0651
5	154	0.876517
5	156	1.32274
5	162	0.891471
5	164	0.958225
5	171	2.26182
6	28	0.815877
6	46	0.800199
6	48	0.790996
6	66	0.80224
6	78	0.852514
6	80	0.852751
6	138	0.781822
6	157	1.75268
6	158	1.61727
6	163	0.896858
6	177	2.35312
7	34	0.893155
7	67	0.872253
7	71	0.876544
7	103	0.939223
7	109	1.46211
7	111	0.925285
7	112	0.961403
7	117	1.24323
7	119	0.928513
7	133	0.810267
7	161	1.23772
7	178	2.62367
8	24	0.800643
8	26	0.804783
8	27	0.762291
8	39	0.832847
8	49	0.871028
8	53	0.795066
8	77	1.84351
8	85	0.825459
8	132	1.71641
8	135	0.778674
8	166	0.754189
8	169	2.55742
9	22	0.814252
9	44	0.763731
9	46	0.778447
9	48	0.769243
9	66	0.780487
9	78	0.830761
9	80	0.830999
9	138	0.76007
9	163	0.875105
9	165	1.43862
9	172	2.22382
9	178	2.48327
10	35	2.27666
10	112	1.74757
10	120	0.795471
10	124	0.817828
10	137	0.815572
10	143	0.814471
10	144	0.816848
10	147	0.830008
10	148	0.801334
10	149	0.808605
10	161	2.04714
10	180	0.685136
11	20	0.908711
11	34	0.882143
11	67	0.86124
11	69	0.939432
11	71	0.865532
11	77	1.96448
11	81	1.49957
11	103	0.928211
11	111	0.914273
11	119	0.917501
11	142	1.30155
11	145	1.7776
12	68	0.769453
12	72	0.830736
12	81	1.93597
12	82	0.794036
12	87	0.772807
12	88	0.768201
12	96	0.784951
12	101	0.803752
12	108	0.832774
12	113	0.8205
12	136	1.86708
12	165	2.30887
13	32	0.790886
13	96	0.792866
13	101	0.811667
13	108	0.840689
13	113	0.828415
13	142	1.21298
13	144	0.81117
13	147	0.82433
13	148	0.795656
13	176	2.5788
13	179	2.33233
13	180	0.679458
14	54	0.875959
14	89	0.925742
14	97	0.933298
14	99	0.884496
14	100	0.917804
14	111	0.93003
14	116	2.31251
14	128	0.916292
14	166	1.12289
14	167	1.51698
14	174	0.814359
14	179	1.6479
15	72	0.834571
15	75	0.754482
15	82	0.79787
15	87	0.776641
15	88	0.772035
15	96	0.788785
15	101	0.807586
15	113	0.824334
15	115	1.76116
15	119	0.817548
15	130	1.61639
15	168	2.73976
16	41	0.9605
16	64	1.3615
16	67	0.877211
16	69	0.955403
16	86	1.56181
16	112	0.966361
16	133	0.815225
16	139	1.80475
16	143	0.920635
16	149	0.914769
16	162	1.80375
16	180	0.7913
17	42	0.836422
17	45	0.917764
17	65	0.922767
17	89	0.874809
17	95	0.903163
17	97	0.882365
17	99	0.833563
17	100	0.866871
17	130	0.822894
17	151	1.80015
17	174	0.763426
17	179	1.95003
17	180	2.40332
18	76	0.969456
18	94	0.872808
18	100	0.728965
18	134	0.955303
18	144	0.889459
18	159	0.859643
18	168	0.873607
18	170	0.869976
18	175	0.841929
18	176	0.83415
18	177	0.859366
18	178	0.832872
18	179	0.857934
19	5	0.92039
19	30	0.846724
19	40	0.924552
19	50	0.82275
19	52	0.813234
19	91	0.843648
19	98	1.13914
19	116	2.56653
19	121	1.09557
19	154	0.850686
19	162	0.865641
19	164	0.932395
19	175	2.16885
20	11	0.908711
20	34	0.844644
20	69	0.901933
20	71	0.828033
20	103	0.890711
20	106	1.37694
20	111	0.876773
20	112	0.912891
20	119	0.880001
20	127	1.9893
20	133	0.761755
20	152	1.61309
20	160	1.96445
21	24	0.868314
21	31	0.849194
21	39	0.900517
21	49	0.938698
21	59	0.832667
21	74	0.861719
21	85	0.89313
21	135	0.846344
21	158	1.17393
21	165	1.39398
21	166	0.82186
21	175	2.20933
21	176	2.18887
22	9	0.814252
22	23	0.985053
22	28	0.845709
22	48	0.820827
22	66	0.832072
22	78	0.882346
22	80	0.882583
22	86	1.1834
22	138	0.811654
22	151	2.03796
22	152	1.12255
22	163	0.92669
22	180	2.64114
23	22	0.985053
23	44	0.934532
23	48	0.940044
23	66	0.951288
23	78	1.00156
23	80	1.0018
23	125	1.48795
23	136	1.13504
23	138	0.93087
23	139	1.36375
23	141	1.31772
23	163	1.04591
23	177	2.09263
24	8	0.800643
24	21	0.868314
24	25	0.873075
24	27	0.850137
24	39	0.920692
24	74	0.881894
24	85	0.913305
24	135	0.86652
24	136	1.32928
24	141	1.51196
24	154	1.62542
24	159	2.51491
24	166	0.842035
25	24	0.873075
25	26	0.877214
25	39	0.905278
25	53	0.867497
25	59	0.837428
25	74	0.86648
25	85	0.897891
25	106	1.45284
25	118	1.57835
25	130	1.62715
25	135	0.851106
25	155	2.23868
25	166	0.826621
26	8	0.804783
26	25	0.877214
26	27	0.854276
26	53	0.887051
26	59	0.856981
26	74	0.886034
26	85	0.917444
26	115	1.54403
26	134	1.83161
26	135	0.870659
26	139	1.7649
26	154	1.83232
26	166	0.846174
27	8	0.762291
27	24	0.850137
27	26	0.854276
27	35	1.42199
27	38	0.778988
27	49	0.920521
27	53	0.844559
27	59	0.81449
27	74	0.843542
27	85	0.874952
27	135	0.828167
27	166	0.803683
27	171	2.51674
27	180	2.53549
28	3	0.892288
28	6	0.815877
28	22	0.845709
28	44	0.795188
28	46	0.809904
28	66	0.811945
28	78	0.862219
28	80	0.862456
28	138	0.791527
28	139	1.33175
28	158	1.32479
28	163	0.906562
28	169	2.35075
28	176	2.33973
29	32	0.818363
29	47	0.796278
29	57	0.85558
29	64	1.16108
29	72	0.866129
29	76	0.852648
29	82	0.829428
29	96	0.820343
29	101	0.839144
29	108	0.868166
29	110	1.80075
29	113	0.855892
29	125	1.72853
29	176	2.61231
30	19	0.846724
30	33	0.825249
30	40	0.876716
30	50	0.774914
30	62	0.874236
30	63	1.15415
30	70	0.878412
30	103	0.85455
30	154	0.802851
30	161	1.23857
30	162	0.817805
30	164	0.884559
30	174	2.41203
30	180	2.58158
31	21	0.849194
31	59	0.833723
31	67	0.81326
31	71	0.817552
31	74	0.862775
31	77	1.8461
31	85	0.894185
31	103	0.880231
31	118	1.12658
31	119	0.869521
31	133	0.751274
31	134	1.60773
31	166	0.822916
31	180	2.75581
32	13	0.790886
32	29	0.818363
32	72	0.87507
32	82	0.838369
32	87	0.817141
32	88	0.812535
32	96	0.829284
32	101	0.848086
32	108	0.877108
32	113	0.864834
32	146	1.5149
32	150	1.64588
32	151	2.27839
32	155	1.91267
33	30	0.825249
33	40	0.903076
33	50	0.801275
33	52	0.791759
33	56	0.790417
33	70	0.904772
33	73	1.0841
33	81	0.827059
33	145	1.73388
33	154	0.829211
33	155	1.86158
33	162	0.844166
33	164	0.91092
33	169	2.63468
34	7	0.893155
34	11	0.882143
34	20	0.844644
34	41	0.880462
34	67	0.797173
34	69	0.875365
34	71	0.801465
34	110	1.80854
34	111	0.850206
34	119	0.853433
34	127	1.68453
34	133	0.735187
34	142	1.25427
34	172	2.6104
35	10	2.27666
35	27	1.42199
35	112	0.881315
35	130	0.896406
35	143	1.45464
35	160	0.821746
35	169	0.723934
35	171	0.717419
35	173	0.729561
35	174	0.729527
35	176	0.708084
35	177	0.7333
35	178	0.706806
35	179	0.731868
36	42	0.819735
36	54	0.808339
36	58	0.85384
36	65	0.906081
36	95	0.886476
36	97	0.865678
36	99	0.816877
36	100	0.850184
36	128	0.848672
36	160	1.59004
36	165	1.75555
36	166	1.77896
36	174	0.746739
36	177	2.27135
37	84	0.838568
37	122	0.868249
37	126	0.846353
37	137	0.854365
37	140	0.840619
37	144	0.855641
37	147	0.868801
37	148	0.840127
37	149	0.847398
37	153	2.02244
37	162	1.12034
37	173	2.09277
37	174	2.1666
37	180	0.723929
38	27	0.778988
38	44	1.30262
38	99	1.43805
38	118	0.956098
38	128	0.828926
38	152	0.959706
38	167	0.844592
38	170	0.827165
38	175	0.799117
38	176	0.791339
38	177	0.816554
38	178	0.790061
38	179	0.815123
38	180	0.789509
39	8	0.832847
39	21	0.900517
39	24	0.920692
39	25	0.905278
39	53	0.915115
39	59	0.885045
39	74	0.914098
39	85	0.945508
39	112	0.560294
39	135	0.898723
39	138	1.32103
39	159	1.945
39	166	0.874238
39	171	2.18413
39	180	2.20288
40	19	0.924552
40	30	0.876716
40	33	0.903076
40	52	0.843226
40	56	0.841884
40	62	0.952064
40	103	0.932377
40	125	1.15881
40	138	1.36755
40	153	1.93571
40	154	0.880678
40	162	0.895633
40	164	0.962387
40	173	2.00603
40	177	1.76349
41	16	0.9605
41	34	0.880462
41	67	0.859559
41	69	0.937751
41	71	0.863851
41	92	1.35181
41	103	0.92653
41	104	1.66953
41	111	0.912592
41	112	0.94871
41	119	0.91582
41	123	1.45674
41	133	0.797574
41	146	1.63753
41	156	2.04637
42	17	0.836422
42	36	0.819735
42	54	0.78559
42	58	0.831091
42	89	0.835373
42	95	0.863727
42	97	0.842928
42	99	0.794127
42	100	0.827435
42	111	0.839661
42	135	1.58496
42	136	1.47929
42	156	1.96497
42	174	0.72399
42	176	2.71598
43	45	0.87575
43	54	0.783012
43	58	0.828514
43	65	0.880754
43	89	0.832796
43	95	0.86115
43	97	0.840351
43	98	1.6818
43	99	0.79155
43	100	0.824857
43	110	0.762846
43	112	1.25529
43	156	1.94004
43	171	2.87912
43	174	0.721413
44	3	0.861894
44	9	0.763731
44	23	0.934532
44	28	0.795188
44	38	1.30262
44	46	0.77951
44	48	0.770307
44	63	1.63169
44	66	0.781551
44	78	0.831825
44	80	0.832062
44	121	1.79947
44	138	0.761133
44	163	0.876169
44	179	2.60583
45	17	0.917764
45	43	0.87575
45	89	0.916715
45	95	0.945069
45	97	0.92427
45	98	1.65926
45	99	0.875469
45	100	0.908777
45	111	0.921002
45	123	1.32786
45	128	0.907265
45	132	1.83853
45	134	1.72725
45	162	1.65953
45	174	0.805332
46	3	0.87661
46	6	0.800199
46	9	0.778447
46	28	0.809904
46	44	0.77951
46	48	0.785022
46	66	0.796267
46	78	0.846541
46	80	0.846778
46	114	1.59185
46	135	1.63334
46	138	0.775849
46	158	1.74943
46	163	0.890884
46	169	2.77539
47	29	0.796278
47	57	0.842437
47	68	0.791702
47	73	1.42935
47	75	0.772896
47	76	0.839504
47	82	0.816285
47	87	0.795056
47	96	0.8072
47	101	0.826001
47	108	0.855023
47	113	0.842749
47	138	2.29386
47	154	2.02834
47	160	2.00849
48	6	0.790996
48	9	0.769243
48	22	0.820827
48	23	0.940044
48	44	0.770307
48	46	0.785022
48	63	1.18243
48	66	0.787063
48	78	0.837337
48	80	0.837575
48	138	0.766645
48	163	0.881681
48	165	1.60815
48	172	2.39335
48	180	2.60986
49	8	0.871028
49	21	0.938698
49	27	0.920521
49	53	0.953296
49	59	0.923227
49	74	0.952279
49	85	0.983689
49	115	1.07583
49	135	0.936904
49	145	1.41491
49	146	1.14482
49	166	0.91242
49	167	1.92728
49	173	2.26812
50	19	0.82275
50	30	0.774914
50	33	0.801275
50	52	0.741424
50	56	0.740082
50	62	0.850262
50	70	0.854438
50	91	0.771838
50	103	0.830576
50	116	3.02619
50	125	1.72428
50	141	1.55405
50	154	0.778877
50	155	1.84598
50	162	0.793831
50	164	0.860585
51	106	1.25599
51	107	0.863776
51	112	1.36814
51	114	1.6314
51	124	0.882932
51	137	0.880676
51	140	0.866931
51	143	0.879575
51	144	0.881952
51	147	0.895112
51	148	0.866438
51	149	0.873709
51	162	1.79493
51	163	0.941787
51	177	2.52482
51	180	0.75024
52	5	0.839064
52	19	0.813234
52	33	0.791759
52	40	0.843226
52	50	0.741424
52	56	0.730566
52	62	0.840746
52	70	0.844922
52	91	0.762322
52	118	1.66143
52	125	2.20006
52	146	1.92399
52	154	0.769361
52	155	2.32176
52	162	0.784315
52	164	0.851069
53	8	0.795066
53	25	0.867497
53	26	0.887051
53	27	0.844559
53	39	0.915115
53	49	0.953296
53	59	0.847264
53	74	0.876316
53	85	0.907727
53	127	1.55672
53	135	0.860942
53	145	1.60252
53	153	2.38541
53	154	1.55173
53	160	1.53188
53	166	0.836457
54	2	0.770646
54	14	0.875959
54	36	0.808339
54	42	0.78559
54	43	0.783012
54	89	0.823977
54	95	0.852331
54	97	0.831532
54	99	0.782731
54	100	0.816038
54	110	0.754028
54	162	1.39265
54	167	2.02425
54	174	0.712594
54	177	2.12254
54	178	2.65139
55	68	0.854981
55	75	0.836175
55	82	0.879563
55	86	1.68992
55	105	0.874039
55	108	0.918302
55	113	0.906027
55	118	1.51843
55	119	0.899241
55	122	0.901391
55	123	1.60019
55	144	0.888782
55	149	0.880539
55	152	1.62907
55	165	2.14595
55	180	0.75707
56	4	1.51791
56	5	0.837722
56	33	0.790417
56	40	0.841884
56	50	0.740082
56	52	0.730566
56	62	0.839404
56	70	0.843579
56	91	0.76098
56	103	0.819717
56	121	2.03029
56	154	0.768018
56	157	2.2036
56	161	1.94693
56	162	0.782973
56	164	0.849727
57	29	0.85558
57	47	0.842437
57	68	0.851005
57	75	0.832199
57	76	0.898807
57	87	0.854359
57	88	0.849753
57	101	0.885304
57	108	0.914326
57	113	0.902051
57	119	0.895265
57	130	1.36709
57	136	1.50401
57	142	1.37489
57	146	1.58085
57	176	2.7407
58	2	0.816148
58	36	0.85384
58	42	0.831091
58	43	0.828514
58	65	0.917437
58	89	0.869478
58	91	0.978393
58	95	0.897832
58	97	0.877034
58	99	0.828232
58	100	0.86154
58	128	0.860028
58	173	1.94457
58	174	0.758095
58	177	1.70203
58	178	2.23088
58	180	2.18794
59	21	0.832667
59	25	0.837428
59	26	0.856981
59	27	0.81449
59	31	0.833723
59	39	0.885045
59	49	0.923227
59	53	0.847264
59	74	0.846247
59	85	0.877658
59	93	1.33966
59	121	1.61984
59	135	0.830873
59	153	2.5658
59	157	1.79315
59	160	1.71227
59	166	0.806388
60	102	0.840039
60	107	0.844259
60	109	0.839235
60	122	0.875043
60	134	1.72416
60	136	1.42873
60	137	0.861159
60	140	0.847414
60	143	0.860057
60	147	0.875595
60	148	0.846921
60	149	0.854192
60	152	1.35365
60	157	1.7859
60	164	0.913614
60	175	2.68588
60	180	0.730723
61	102	0.821009
61	109	0.820204
61	112	0.929703
61	120	0.822028
61	126	0.834117
61	134	1.42421
61	137	0.842129
61	140	0.828383
61	143	0.841027
61	144	0.843405
61	147	0.856565
61	148	0.82789
61	149	0.835161
61	159	2.31441
61	164	0.894583
61	172	2.35578
61	174	2.40275
61	180	0.711693
62	5	0.947902
62	30	0.874236
62	40	0.952064
62	50	0.850262
62	52	0.840746
62	56	0.839404
62	70	0.95376
62	81	0.876046
62	103	0.929898
62	104	1.4856
62	117	1.48277
62	152	1.30168
62	154	0.878199
62	157	1.73393
62	158	1.59851
62	162	0.893153
62	164	0.959907
62	167	2.23606
63	30	1.15415
63	44	1.63169
63	48	1.18243
63	73	0.971969
63	103	1.11241
63	120	1.22259
63	121	0.879012
63	139	0.903583
63	152	0.933055
63	161	0.882143
63	168	0.804145
63	171	0.774022
63	175	0.772466
63	176	0.764687
63	177	0.789903
63	178	0.763409
63	179	0.788471
63	180	0.762858
64	16	1.3615
64	29	1.16108
64	82	0.948878
64	99	1.5365
64	132	0.883761
64	138	0.863409
64	143	0.910094
64	152	0.957095
64	155	0.84548
64	159	0.81422
64	169	0.804577
64	172	0.805195
64	173	0.810204
64	175	0.796506
64	176	0.788728
64	177	0.813943
64	178	0.787449
64	179	0.812512
65	17	0.922767
65	36	0.906081
65	43	0.880754
65	58	0.917437
65	89	0.921719
65	95	0.950073
65	97	0.929274
65	99	0.880473
65	100	0.91378
65	110	0.851769
65	123	1.28898
65	128	0.912268
65	129	1.8132
65	146	1.46978
65	152	1.31786
65	161	1.49344
65	170	2.44398
65	174	0.810336
66	3	0.878651
66	6	0.80224
66	9	0.780487
66	22	0.832072
66	23	0.951288
66	28	0.811945
66	44	0.781551
66	46	0.796267
66	48	0.787063
66	78	0.848581
66	80	0.848819
66	127	1.56088
66	138	0.777889
66	142	1.13063
66	162	1.48746
66	163	0.892925
66	175	2.5169
66	180	2.70326
67	7	0.872253
67	11	0.86124
67	16	0.877211
67	31	0.81326
67	34	0.797173
67	41	0.859559
67	69	0.854462
67	71	0.780562
67	98	1.3433
67	103	0.843241
67	111	0.829303
67	112	0.86542
67	115	1.12372
67	119	0.832531
67	133	0.714284
67	159	2.3015
67	177	2.07347
67	178	2.60232
68	12	0.769453
68	47	0.791702
68	55	0.854981
68	57	0.851005
68	72	0.861553
68	76	0.848072
68	82	0.824852
68	87	0.803624
68	88	0.799018
68	96	0.815767
68	101	0.834569
68	108	0.863591
68	113	0.851317
68	130	1.41128
68	152	1.47312
68	156	2.03387
68	161	1.6487
68	169	2.79591
69	11	0.939432
69	16	0.955403
69	20	0.901933
69	34	0.875365
69	41	0.937751
69	67	0.854462
69	71	0.858754
69	98	0.969503
69	103	0.921433
69	111	0.907495
69	112	0.943612
69	119	0.910723
69	131	1.80008
69	133	0.792476
69	160	1.01836
69	171	2.16683
69	173	1.94221
69	174	2.01604
70	5	0.952078
70	30	0.878412
70	33	0.904772
70	50	0.854438
70	52	0.844922
70	56	0.843579
70	62	0.95376
70	81	0.880221
70	103	0.934073
70	133	1.86735
70	151	1.47964
70	154	0.882374
70	155	1.11393
70	162	0.897328
70	164	0.964082
70	168	1.62575
70	170	1.69035
70	180	2.08282
71	7	0.876544
71	11	0.865532
71	20	0.828033
71	31	0.817552
71	34	0.801465
71	41	0.863851
71	67	0.780562
71	69	0.858754
71	103	0.847532
71	106	1.05501
71	111	0.833594
71	112	0.869712
71	119	0.836822
71	133	0.718576
71	139	1.59495
71	150	1.57405
71	173	2.56637
71	176	2.60292
72	1	0.926395
72	12	0.830736
72	15	0.834571
72	29	0.866129
72	32	0.87507
72	68	0.861553
72	73	1.20339
72	75	0.842747
72	81	1.57514
72	87	0.864907
72	88	0.860301
72	92	1.29737
72	96	0.877051
72	101	0.895852
72	108	0.924874
72	113	0.9126
72	152	1.43117
72	155	1.98087
72	173	2.70639
73	3	1.14873
73	33	1.0841
73	47	1.42935
73	63	0.971969
73	72	1.20339
73	87	1.02822
73	115	0.96414
73	128	0.839059
73	151	0.876256
73	155	0.872143
73	156	0.891898
73	160	0.929052
73	166	0.909127
73	173	0.836867
73	175	0.823169
73	176	0.81539
73	177	0.840606
73	178	0.814112
73	179	0.839175
74	21	0.861719
74	24	0.881894
74	25	0.86648
74	26	0.886034
74	27	0.843542
74	31	0.862775
74	39	0.914098
74	49	0.952279
74	53	0.876316
74	59	0.846247
74	85	0.90671
74	90	0.994893
74	134	1.43597
74	135	0.859925
74	150	1.34836
74	151	1.98088
74	166	0.83544
74	175	2.39769
74	179	2.13076
75	1	0.846306
75	15	0.754482
75	47	0.772896
75	55	0.836175
75	57	0.832199
75	72	0.842747
75	82	0.806047
75	87	0.784818
75	88	0.780212
75	96	0.796962
75	101	0.815763
75	108	0.844785
75	113	0.832511
75	119	0.825725
75	132	1.8979
75	136	1.4912
75	160	1.76748
75	165	1.93299
75	176	2.72789
76	1	0.912913
76	18	0.969456
76	29	0.852648
76	47	0.839504
76	57	0.898807
76	68	0.848072
76	82	0.872654
76	87	0.851426
76	88	0.84682
76	93	1.28538
76	96	0.863569
76	101	0.882371
76	108	0.911393
76	113	0.899118
76	119	0.892332
76	131	2.43972
76	138	1.94336
76	158	1.60346
76	162	1.60941
77	8	1.84351
77	11	1.96448
77	31	1.8461
77	91	0.783984
77	95	1.4907
77	120	0.800175
77	137	0.820277
77	140	0.806531
77	143	0.819175
77	148	0.806038
77	149	0.813309
77	161	0.809126
77	173	0.713147
77	175	0.699449
77	176	0.69167
77	177	0.716886
77	178	0.690392
77	179	0.715454
77	180	0.689841
78	3	0.928925
78	6	0.852514
78	9	0.830761
78	22	0.882346
78	23	1.00156
78	28	0.862219
78	44	0.831825
78	46	0.846541
78	48	0.837337
78	66	0.848581
78	80	0.899093
78	114	1.31907
78	138	0.828164
78	139	1.48361
78	154	1.55103
78	156	1.74057
78	159	2.44053
78	163	0.943199
78	166	1.7201
79	4	1.183
79	94	0.91084
79	105	0.875828
79	110	1.93666
79	112	1.31245
79	115	1.51937
79	124	0.891552
79	125	1.86444
79	126	0.881285
79	140	0.87555
79	143	0.888194
79	144	0.890572
79	147	0.903732
79	148	0.875058
79	149	0.882329
79	155	0.817443
79	164	0.94175
79	166	1.97673
79	180	0.75886
80	3	0.929162
80	6	0.852751
80	9	0.830999
80	22	0.882583
80	23	1.0018
80	28	0.862456
80	44	0.832062
80	46	0.846778
80	48	0.837575
80	66	0.848819
80	78	0.899093
80	104	1.30918
80	109	1.52523
80	135	1.30601
80	138	0.828401
80	150	1.40816
80	163	0.943437
80	170	2.25138
80	172	2.42734
81	11	1.49957
81	12	1.93597
81	33	0.827059
81	62	0.876046
81	70	0.880221
81	72	1.57514
81	100	1.21011
81	103	0.85636
81	138	0.77999
81	150	0.839281
81	154	0.804661
81	158	0.824457
81	162	0.819615
81	163	0.883831
81	164	0.886369
81	175	0.713087
81	176	0.705308
81	177	0.730524
81	178	0.70403
81	179	0.729093
82	12	0.794036
82	15	0.79787
82	29	0.829428
82	32	0.838369
82	47	0.816285
82	55	0.879563
82	64	0.948878
82	68	0.824852
82	75	0.806047
82	76	0.872654
82	87	0.828206
82	88	0.8236
82	96	0.84035
82	101	0.859151
82	108	0.888173
82	113	0.875899
82	131	2.22143
82	139	1.39213
82	142	1.03429
82	169	2.41113
82	180	2.60693
83	84	0.834987
83	102	0.829663
83	107	0.833883
83	120	0.830682
83	122	0.864667
83	124	0.853039
83	126	0.842772
83	137	0.850783
83	140	0.837038
83	144	0.852059
83	147	0.865219
83	148	0.836545
83	149	0.843816
83	154	1.3406
83	156	1.53014
83	164	0.903238
83	167	1.90377
83	168	2.03091
83	173	2.2446
83	179	2.03469
83	180	0.720347
84	37	0.838568
84	83	0.834987
84	102	0.828405
84	105	0.836057
84	106	1.2889
84	124	0.851781
84	126	0.841513
84	137	0.849525
84	138	2.16178
84	140	0.835779
84	143	0.848423
84	144	0.850801
84	147	0.863961
84	148	0.835286
84	149	0.842557
84	156	2.0858
84	157	1.95729
84	158	1.82188
84	161	1.70062
84	163	0.910635
84	180	0.719089
85	8	0.825459
85	21	0.89313
85	24	0.913305
85	25	0.897891
85	26	0.917444
85	27	0.874952
85	31	0.894185
85	39	0.945508
85	49	0.983689
85	53	0.907727
85	59	0.877658
85	74	0.90671
85	90	0.99009
85	114	1.19992
85	130	0.998822
85	135	0.891335
85	141	1.31843
85	166	0.866851
85	167	1.99504
85	175	2.39289
85	178	2.62219
86	16	1.56181
86	22	1.1834
86	55	1.68992
86	96	1.13124
86	97	1.04668
86	129	0.855784
86	134	0.891464
86	135	0.888533
86	142	0.947739
86	147	0.829943
86	151	0.831177
86	156	0.846819
86	165	0.85473
86	168	0.809769
86	169	0.786161
86	171	0.779647
86	172	0.786779
86	175	0.77809
86	176	0.770311
86	177	0.795527
86	178	0.769033
86	179	0.794096
87	12	0.772807
87	15	0.776641
87	32	0.817141
87	47	0.795056
87	57	0.854359
87	68	0.803624
87	72	0.864907
87	73	1.02822
87	75	0.784818
87	76	0.851426
87	82	0.828206
87	88	0.802372
87	92	1.1222
87	96	0.819121
87	101	0.837923
87	108	0.866945
87	113	0.854671
87	119	0.847885
87	127	1.63221
87	170	2.38212
87	172	2.55808
87	177	2.28868
88	1	0.863859
88	12	0.768201
88	15	0.772035
88	32	0.812535
88	57	0.849753
88	68	0.799018
88	72	0.860301
88	75	0.780212
88	76	0.84682
88	82	0.8236
88	87	0.802372
88	96	0.814515
88	101	0.833317
88	104	1.33675
88	108	0.862339
88	113	0.850064
88	119	0.843278
88	139	1.45663
88	155	1.70253
88	168	2.21436
88	174	2.50188
88	179	2.21813
89	4	0.870808
89	14	0.925742
89	17	0.874809
89	42	0.835373
89	43	0.832796
89	45	0.916715
89	54	0.823977
89	58	0.869478
89	65	0.921719
89	90	1.278
89	95	0.902115
89	97	0.881316
89	99	0.832515
89	100	0.865822
89	110	0.803811
89	111	0.878048
89	121	1.60751
89	150	1.63147
89	152	1.34857
89	158	1.6454
89	168	2.41009
89	174	0.762378
89	177	2.38124
90	74	0.994893
90	85	0.99009
90	89	1.278
90	95	0.811247
90	100	0.995563
90	107	1.30589
90	121	0.928372
90	125	0.915171
90	131	0.856848
90	148	1.03168
90	156	0.890554
90	157	0.903565
90	160	0.927708
90	165	0.898465
90	167	0.867301
90	171	0.823382
90	173	0.835524
90	175	0.821825
90	176	0.814047
90	177	0.839262
90	178	0.812769
90	179	0.837831
90	180	0.812217
91	19	0.843648
91	50	0.771838
91	52	0.762322
91	56	0.76098
91	58	0.978393
91	77	0.783984
91	106	0.923192
91	108	1.67087
91	120	1.44047
91	144	1.53567
91	145	0.81746
91	148	1.4113
91	153	0.739778
91	154	0.799774
91	162	0.814729
91	164	0.881483
91	173	0.721899
91	175	0.7082
91	176	0.700422
91	177	0.725638
91	178	0.699144
91	179	0.724206
92	41	1.35181
92	72	1.29737
92	87	1.1222
92	96	0.936588
92	105	1.19045
92	106	1.01605
92	110	0.856159
92	120	0.997625
92	125	0.894407
92	141	0.938392
92	143	0.915748
92	153	0.832638
92	159	0.818775
92	165	0.877701
92	167	0.846536
92	168	0.83274
92	170	0.829109
92	172	0.80975
92	173	0.814759
92	176	0.793282
92	177	0.818498
92	178	0.792004
92	179	0.817067
92	180	0.791453
93	59	1.33966
93	76	1.28538
93	95	0.860574
93	128	1.04559
93	129	0.869599
93	132	0.87916
93	136	0.918145
93	140	1.07029
93	141	0.929236
93	143	1.02831
93	152	0.952494
93	154	0.883479
93	158	0.903275
93	164	0.719554
93	165	0.868544
93	169	0.799976
93	172	0.800594
93	173	0.805603
93	174	0.805569
93	175	0.791905
93	176	0.784126
93	177	0.809342
93	178	0.782848
93	179	0.807911
94	18	0.872808
94	79	0.91084
94	102	0.865746
94	105	0.873398
94	107	0.869965
94	117	1.39106
94	120	0.866764
94	122	0.90075
94	124	0.889122
94	126	0.878854
94	127	1.58619
94	135	1.39073
94	140	0.87312
94	143	0.885764
94	144	0.888141
94	147	0.901302
94	148	0.872627
94	149	0.879898
94	157	1.64222
94	161	1.38556
94	163	0.947976
94	164	0.93932
94	174	2.55902
94	179	2.27528
94	180	0.75643
95	2	0.848784
95	17	0.903163
95	36	0.886476
95	42	0.863727
95	43	0.86115
95	45	0.945069
95	54	0.852331
95	58	0.897832
95	65	0.950073
95	77	1.4907
95	89	0.902115
95	90	0.811247
95	93	0.860574
95	97	0.90967
95	99	0.860868
95	100	0.894176
95	109	1.28178
95	110	0.832165
95	111	0.906402
95	127	1.25803
95	128	0.892664
95	173	2.15703
95	174	0.790731
95	177	1.9145
95	178	2.44335
96	1	0.880609
96	12	0.784951
96	13	0.792866
96	15	0.788785
96	29	0.820343
96	32	0.829284
96	47	0.8072
96	68	0.815767
96	72	0.877051
96	75	0.796962
96	76	0.863569
96	82	0.84035
96	86	1.13124
96	87	0.819121
96	88	0.814515
96	92	0.936588
96	101	0.850066
96	108	0.879088
96	113	0.866814
96	117	1.25148
96	119	0.860028
96	157	1.50264
96	169	2.39319
96	174	2.41944
96	180	2.58898
97	2	0.827985
97	14	0.933298
97	17	0.882365
97	36	0.865678
97	42	0.842928
97	43	0.840351
97	45	0.92427
97	54	0.831532
97	58	0.877034
97	65	0.929274
97	86	1.04668
97	89	0.881316
97	95	0.90967
97	99	0.84007
97	100	0.873377
97	109	1.3858
97	110	0.811366
97	111	0.885603
97	125	1.41383
97	128	0.871866
97	150	1.26873
97	154	1.35705
97	159	2.24654
97	171	2.48567
97	172	2.28791
97	174	0.769933
98	19	1.13914
98	43	1.6818
98	45	1.65926
98	67	1.3433
98	69	0.969503
98	121	0.879741
98	125	0.86654
98	129	0.850888
98	131	0.808216
98	143	1.35206
98	146	0.907256
98	149	1.3543
98	151	0.826281
98	156	0.841923
98	160	0.879077
98	161	0.882871
98	167	0.818669
98	168	0.804873
98	171	0.774751
98	172	0.781883
98	173	0.786892
98	175	0.773194
98	176	0.765416
98	177	0.790631
98	178	0.764137
98	179	0.7892
99	2	0.779184
99	4	0.829562
99	14	0.884496
99	17	0.833563
99	36	0.816877
99	38	1.43805
99	42	0.794127
99	43	0.79155
99	45	0.875469
99	54	0.782731
99	58	0.828232
99	64	1.5365
99	65	0.880473
99	89	0.832515
99	95	0.860868
99	97	0.84007
99	100	0.824576
99	104	1.85988
99	109	2.07593
99	110	0.762565
99	111	0.836802
99	112	1.55196
99	128	0.823064
99	135	1.85671
99	155	2.22566
99	174	0.721131
100	2	0.812491
100	4	0.86287
100	14	0.917804
100	17	0.866871
100	18	0.728965
100	36	0.850184
100	42	0.827435
100	43	0.824857
100	45	0.908777
100	54	0.816038
100	58	0.86154
100	65	0.91378
100	81	1.21011
100	89	0.865822
100	90	0.995563
100	95	0.894176
100	97	0.873377
100	99	0.824576
100	106	0.829988
100	110	0.795873
100	111	0.870109
100	128	0.856372
100	159	2.32685
100	168	2.12766
100	174	0.754439
100	175	2.39836
100	176	2.37791
101	1	0.89941
101	12	0.803752
101	13	0.811667
101	15	0.807586
101	29	0.839144
101	32	0.848086
101	47	0.826001
101	57	0.885304
101	68	0.834569
101	72	0.895852
101	75	0.815763
101	76	0.882371
101	82	0.859151
101	87	0.837923
101	88	0.833317
101	96	0.850066
101	108	0.897889
101	113	0.885615
101	119	0.878829
101	129	1.31865
101	132	1.3051
101	153	2.0282
101	166	1.3636
101	167	1.75769
101	173	2.09853
101	174	2.17236
101	178	2.38484
102	60	0.840039
102	61	0.821009
102	83	0.829663
102	84	0.828405
102	94	0.865746
102	105	0.830733
102	120	0.8241
102	122	0.858085
102	124	0.846457
102	126	0.83619
102	129	1.8078
102	130	1.25063
102	137	0.844201
102	140	0.830456
102	143	0.8431
102	144	0.845477
102	147	0.858637
102	148	0.829963
102	149	0.837234
102	150	1.59536
102	158	1.6093
102	163	0.905312
102	164	0.896656
102	165	1.82934
102	166	1.85275
102	170	2.43858
102	179	2.37777
102	180	0.713765
103	7	0.939223
103	11	0.928211
103	20	0.890711
103	30	0.85455
103	31	0.880231
103	40	0.932377
103	41	0.92653
103	50	0.830576
103	56	0.819717
103	62	0.929898
103	63	1.11241
103	67	0.843241
103	69	0.921433
103	70	0.934073
103	71	0.847532
103	81	0.85636
103	109	1.42121
103	117	1.20233
103	133	0.781255
103	145	1.44325
103	153	2.22614
103	154	0.858512
103	156	1.582
103	158	1.31808
103	162	0.873466
103	164	0.94022
103	168	2.08277
103	174	2.37029
104	41	1.66953
104	62	1.4856
104	80	1.30918
104	88	1.33675
104	99	1.85988
104	114	0.891117
104	117	0.917674
104	118	0.897508
104	128	1.25076
104	142	0.910177
104	144	1.41054
104	150	0.866722
104	153	0.772105
104	158	0.851898
104	159	0.758242
104	160	0.846411
104	165	0.817168
104	167	0.786003
104	170	0.768576
104	171	0.742085
104	173	0.754226
104	174	0.754193
104	175	0.740528
104	176	0.732749
104	177	0.757965
104	178	0.731471
104	179	0.756534
104	180	0.73092
105	55	0.874039
105	79	0.875828
105	84	0.836057
105	92	1.19045
105	94	0.873398
105	102	0.830733
105	107	0.834953
105	109	0.829929
105	120	0.831752
105	122	0.865738
105	126	0.843842
105	128	0.846623
105	129	1.81959
105	137	0.851854
105	140	0.838108
105	142	1.27021
105	143	0.850752
105	144	0.853129
105	146	1.47617
105	147	0.86629
105	148	0.837615
105	149	0.844886
105	153	2.52915
105	155	0.78
105	161	1.49983
105	166	1.86454
105	175	2.65648
105	180	0.721418
106	3	1.14037
106	20	1.37694
106	25	1.45284
106	51	1.25599
106	71	1.05501
106	84	1.2889
106	91	0.923192
106	92	1.01605
106	100	0.829988
106	111	1.05899
106	121	0.945204
106	136	0.964897
106	140	0.855389
106	142	1.00831
106	153	0.870234
106	167	0.884132
106	168	0.870336
106	169	0.846728
106	170	0.866705
106	171	0.840214
106	172	0.847346
106	173	0.852356
106	175	0.838657
106	176	0.830879
106	177	0.856094
106	178	0.829601
106	179	0.854663
106	180	0.829049
107	51	0.863776
107	60	0.844259
107	83	0.833883
107	90	1.30589
107	94	0.869965
107	105	0.834953
107	109	0.826496
107	120	0.828319
107	122	0.862305
107	124	0.850677
107	126	0.840409
107	134	1.74697
107	136	1.45155
107	137	0.848421
107	140	0.834675
107	142	1.32242
107	143	0.847319
107	144	0.849697
107	145	1.79847
107	147	0.862857
107	148	0.834182
107	149	0.841453
107	155	0.776567
107	162	1.67925
107	163	0.909531
107	167	2.31085
107	172	2.67854
107	180	0.717985
108	1	0.928432
108	12	0.832774
108	13	0.840689
108	29	0.868166
108	32	0.877108
108	47	0.855023
108	55	0.918302
108	57	0.914326
108	68	0.863591
108	72	0.924874
108	75	0.844785
108	76	0.911393
108	82	0.888173
108	87	0.866945
108	88	0.862339
108	91	1.67087
108	96	0.879088
108	101	0.897889
108	113	0.914637
108	118	1.25118
108	119	0.907851
108	130	1.29998
108	139	1.66562
108	142	1.30778
108	152	1.36182
108	158	1.65865
108	161	1.5374
108	178	2.92335
109	7	1.46211
109	60	0.839235
109	61	0.820204
109	80	1.52523
109	95	1.28178
109	97	1.3858
109	99	2.07593
109	103	1.42121
109	105	0.829929
109	107	0.826496
109	115	0.86354
109	119	1.62759
109	126	0.835385
109	143	0.842295
109	144	0.844673
109	147	0.857833
109	148	0.829158
109	149	0.836429
109	152	0.883158
109	154	0.814143
109	167	0.768044
109	172	0.731257
109	175	0.722569
109	176	0.71479
109	177	0.740006
109	178	0.713512
109	179	0.738575
109	180	0.712961
110	29	1.80075
110	34	1.80854
110	43	0.762846
110	54	0.754028
110	65	0.851769
110	79	1.93666
110	89	0.803811
110	92	0.856159
110	95	0.832165
110	97	0.811366
110	99	0.762565
110	100	0.795873
110	115	0.819735
110	124	1.53833
110	128	0.794361
110	133	0.69308
110	148	1.60247
110	149	1.55201
110	152	0.839352
110	158	0.790134
110	168	0.710442
110	170	0.706811
110	173	0.692462
110	174	0.692428
110	175	0.678763
110	176	0.670985
110	177	0.696201
110	178	0.669707
110	179	0.694769
111	2	0.824717
111	7	0.925285
111	11	0.914273
111	14	0.93003
111	20	0.876773
111	34	0.850206
111	41	0.912592
111	42	0.839661
111	45	0.921002
111	67	0.829303
111	69	0.907495
111	71	0.833594
111	89	0.878048
111	95	0.906402
111	97	0.885603
111	99	0.836802
111	100	0.870109
111	106	1.05899
111	112	0.918453
111	114	1.43439
111	130	1.23329
111	133	0.767317
111	135	1.47588
111	136	1.37021
111	141	1.55289
111	150	1.57803
111	171	2.79497
111	174	0.766665
111	176	2.6069
112	7	0.961403
112	10	1.74757
112	16	0.966361
112	20	0.912891
112	35	0.881315
112	39	0.560294
112	41	0.94871
112	43	1.25529
112	51	1.36814
112	61	0.929703
112	67	0.86542
112	69	0.943612
112	71	0.869712
112	79	1.31245
112	99	1.55196
112	111	0.918453
112	119	0.921681
112	126	0.998855
112	133	0.803435
112	136	0.915358
112	137	0.985966
112	160	0.895001
112	170	0.817166
112	174	0.802783
112	175	0.789118
112	176	0.781339
112	177	0.806555
112	178	0.780061
112	179	0.805124
113	1	0.916158
113	12	0.8205
113	13	0.828415
113	15	0.824334
113	29	0.855892
113	32	0.864834
113	47	0.842749
113	55	0.906027
113	57	0.902051
113	68	0.851317
113	72	0.9126
113	75	0.832511
113	76	0.899118
113	82	0.875899
113	87	0.854671
113	88	0.850064
113	96	0.866814
113	101	0.885615
113	108	0.914637
113	118	1.06072
113	119	0.895577
113	123	1.14248
113	138	1.80809
113	150	1.45425
113	151	2.08677
113	157	1.6036
113	162	1.47414
113	179	2.23665
113	180	2.68994
114	46	1.59185
114	51	1.6314
114	78	1.31907
114	85	1.19992
114	104	0.891117
114	111	1.43439
114	119	1.36688
114	126	1.26211
114	129	0.851948
114	131	0.809277
114	134	0.887629
114	150	0.900449
114	151	0.827341
114	154	0.865828
114	156	0.842984
114	159	0.791969
114	164	0.880058
114	165	0.850894
114	166	0.860212
114	168	0.805933
114	171	0.775811
114	172	0.782943
114	173	0.787953
114	174	0.787919
114	175	0.774255
114	176	0.766476
114	177	0.791692
114	178	0.765198
114	179	0.79026
114	180	0.764647
115	15	1.76116
115	26	1.54403
115	49	1.07583
115	67	1.12372
115	73	0.96414
115	79	1.51937
115	109	0.86354
115	110	0.819735
115	117	0.941782
115	129	0.842331
115	131	0.799659
115	140	1.17446
115	141	0.901968
115	142	0.934286
115	147	0.852017
115	148	1.18518
115	152	0.925226
115	156	0.833366
115	159	0.782351
115	165	0.841276
115	169	0.772708
115	170	0.792685
115	171	0.766193
115	172	0.773325
115	175	0.764637
115	176	0.756858
115	177	0.782074
115	178	0.75558
115	179	0.780643
116	14	2.31251
116	19	2.56653
116	50	3.02619
116	121	0.748592
116	125	0.735392
116	126	2.85276
116	127	0.75809
116	134	0.75542
116	136	0.768285
116	139	0.773163
116	152	0.802635
116	153	0.673623
116	157	0.723785
116	158	0.753416
116	160	0.747929
116	166	0.728004
116	167	0.687521
116	168	0.673725
116	169	0.650117
116	171	0.643602
116	172	0.650734
116	174	0.65571
116	175	0.642046
116	176	0.634267
116	177	0.659483
116	178	0.632989
116	179	0.658052
116	180	0.632438
117	5	0.94307
117	7	1.24323
117	62	1.48277
117	94	1.39106
117	96	1.25148
117	103	1.20233
117	104	0.917674
117	115	0.941782
117	123	0.983458
117	125	0.894157
117	131	0.835833
117	148	1.28334
117	150	0.927005
117	153	0.832388
117	158	0.912181
117	160	0.906694
117	163	0.920946
117	164	0.921886
117	165	0.87745
117	167	0.846286
117	168	0.83249
117	169	0.808882
117	170	0.828859
117	171	0.802368
117	173	0.814509
117	175	0.800811
117	176	0.793032
117	177	0.818248
117	178	0.791754
117	179	0.816817
118	25	1.57835
118	31	1.12658
118	38	0.956098
118	52	1.66143
118	55	1.51843
118	104	0.897508
118	108	1.25118
118	113	1.06072
118	119	1.11699
118	121	0.887192
118	139	0.911763
118	144	1.11599
118	146	0.914708
118	147	0.658452
118	150	0.90684
118	154	0.872219
118	158	0.892016
118	159	0.79836
118	160	0.886528
118	161	0.890323
118	165	0.857285
118	167	0.826121
118	168	0.812324
118	171	0.782202
118	172	0.789334
118	175	0.780646
118	176	0.772867
118	177	0.798083
118	178	0.771589
118	179	0.796651
118	180	0.771038
119	7	0.928513
119	11	0.917501
119	15	0.817548
119	20	0.880001
119	31	0.869521
119	34	0.853433
119	41	0.91582
119	55	0.899241
119	57	0.895265
119	67	0.832531
119	69	0.910723
119	71	0.836822
119	75	0.825725
119	76	0.892332
119	87	0.847885
119	88	0.843278
119	96	0.860028
119	101	0.878829
119	108	0.907851
119	109	1.62759
119	112	0.921681
119	113	0.895577
119	114	1.36688
119	118	1.11699
119	121	1.48657
119	123	1.19875
119	130	1.16579
119	133	0.770545
119	141	1.48539
119	150	1.51053
119	170	2.35374
119	175	2.55985
120	4	0.877984
120	10	0.795471
120	61	0.822028
120	63	1.22259
120	77	0.800175
120	83	0.830682
120	91	1.44047
120	92	0.997625
120	94	0.866764
120	102	0.8241
120	105	0.831752
120	107	0.828319
120	122	0.859104
120	124	0.847476
120	126	0.837208
120	128	0.839989
120	133	2.43454
120	137	0.84522
120	140	0.831474
120	143	0.844118
120	144	0.846496
120	147	0.859656
120	148	0.830982
120	149	0.838253
120	154	1.50265
120	155	0.773366
120	160	1.4828
120	163	0.906331
120	164	0.897674
120	173	2.40665
120	178	2.69296
120	180	0.714784
121	19	1.09557
121	44	1.79947
121	56	2.03029
121	59	1.61984
121	63	0.879012
121	89	1.60751
121	90	0.928372
121	98	0.879741
121	106	0.945204
121	116	0.748592
121	118	0.887192
121	119	1.48657
121	122	1.22728
121	130	0.910755
121	132	0.817467
121	142	0.899861
121	147	1.02803
121	151	0.783299
121	153	0.761789
121	165	0.806852
121	167	0.775687
121	168	0.761891
121	169	0.738283
121	170	0.75826
121	171	0.731769
121	172	0.738901
121	173	0.74391
121	174	0.743877
121	176	0.722433
121	177	0.747649
121	178	0.721155
121	179	0.746218
122	37	0.868249
122	55	0.901391
122	60	0.875043
122	83	0.864667
122	94	0.90075
122	102	0.858085
122	105	0.865738
122	107	0.862305
122	120	0.859104
122	121	1.22728
122	124	0.881462
122	126	0.871194
122	131	2.10142
122	134	1.33884
122	137	0.879206
122	140	0.86546
122	143	0.878104
122	144	0.880481
122	147	0.893642
122	148	0.864967
122	149	0.872238
122	154	1.33955
122	155	0.807352
122	160	1.3197
122	162	1.27112
122	163	0.940316
122	164	0.93166
122	167	1.90271
122	175	2.30056
122	177	2.00101
122	179	2.03363
122	180	0.748769
123	1	1.01777
123	41	1.45674
123	45	1.32786
123	55	1.60019
123	65	1.28898
123	113	1.14248
123	117	0.983458
123	119	1.19875
123	126	1.09397
123	132	0.893567
123	133	0.820629
123	136	0.932552
123	143	1.02067
123	150	0.932507
123	152	0.966901
123	153	0.83789
123	156	0.875042
123	159	0.824027
123	161	0.91599
123	162	0.912841
123	164	0.71192
123	165	0.882952
123	168	0.837991
123	169	0.814384
123	170	0.83436
123	171	0.807869
123	172	0.815001
123	173	0.820011
123	174	0.819977
123	176	0.798534
123	177	0.82375
123	179	0.822318
123	180	0.796705
124	10	0.817828
124	51	0.882932
124	79	0.891552
124	83	0.853039
124	84	0.851781
124	94	0.889122
124	102	0.846457
124	107	0.850677
124	110	1.53833
124	120	0.847476
124	122	0.881462
124	126	0.859566
124	128	0.862347
124	129	1.53345
124	133	2.34123
124	135	1.21886
124	137	0.867578
124	138	1.67485
124	139	1.34191
124	140	0.853832
124	143	0.866476
124	144	0.868853
124	147	0.882013
124	148	0.853339
124	149	0.86061
124	155	0.795724
124	163	0.928688
124	164	0.920032
124	165	1.55499
124	166	1.5784
124	175	2.37034
124	177	2.07079
124	180	0.737141
125	23	1.48795
125	29	1.72853
125	40	1.15881
125	50	1.72428
125	52	2.20006
125	79	1.86444
125	90	0.915171
125	92	0.894407
125	97	1.41383
125	98	0.86654
125	116	0.735392
125	117	0.894157
125	129	0.794705
125	130	0.897555
125	131	0.752034
125	136	0.843251
125	142	0.886661
125	157	0.798751
125	158	0.828381
125	161	0.826688
125	163	1.16785
125	165	0.793651
125	166	0.802969
125	168	0.74869
125	171	0.718568
125	172	0.7257
125	173	0.73071
125	174	0.730676
125	175	0.717011
125	176	0.709233
125	177	0.734448
125	178	0.707955
125	179	0.733017
126	37	0.846353
126	61	0.834117
126	79	0.881285
126	83	0.842772
126	84	0.841513
126	94	0.878854
126	102	0.83619
126	105	0.843842
126	107	0.840409
126	109	0.835385
126	112	0.998855
126	114	1.26211
126	116	2.85276
126	120	0.837208
126	122	0.871194
126	123	1.09397
126	124	0.859566
126	129	1.61819
126	137	0.85731
126	140	0.843564
126	143	0.856208
126	144	0.858586
126	146	1.27477
126	147	0.871746
126	148	0.843071
126	149	0.850342
126	155	0.785456
126	162	1.42564
126	163	0.91842
126	164	0.909764
126	165	1.63973
126	166	1.66314
126	176	2.43462
126	180	0.726874
127	20	1.9893
127	34	1.68453
127	53	1.55672
127	66	1.56088
127	87	1.63221
127	94	1.58619
127	95	1.25803
127	116	0.75809
127	131	0.774732
127	139	0.870826
127	145	0.848969
127	146	0.873772
127	148	1.47846
127	151	0.792796
127	152	0.900298
127	157	0.821449
127	158	0.85108
127	159	0.757423
127	160	0.845592
127	161	0.849387
127	162	0.846238
127	168	0.771388
127	170	0.767757
127	171	0.741266
127	172	0.748398
127	173	0.753408
127	174	0.753374
127	175	0.739709
127	176	0.731931
127	177	0.757147
127	178	0.730653
127	179	0.755715
127	180	0.730101
128	2	0.81098
128	14	0.916292
128	36	0.848672
128	38	0.828926
128	45	0.907265
128	58	0.860028
128	65	0.912268
128	73	0.839059
128	93	1.04559
128	95	0.892664
128	97	0.871866
128	99	0.823064
128	100	0.856372
128	104	1.25076
128	105	0.846623
128	110	0.794361
128	120	0.839989
128	124	0.862347
128	132	1.54862
128	133	2.36995
128	135	1.24759
128	137	0.860091
128	140	0.846345
128	143	0.858989
128	147	0.874527
128	148	0.845852
128	149	0.853123
128	155	0.788237
128	163	0.921201
128	168	2.12836
128	169	2.38963
128	174	0.752927
128	178	2.62837
128	180	0.729655
129	65	1.8132
129	86	0.855784
129	93	0.869599
129	98	0.850888
129	101	1.31865
129	102	1.8078
129	105	1.81959
129	114	0.851948
129	115	0.842331
129	124	1.53345
129	125	0.794705
129	126	1.61819
129	130	0.881902
129	136	0.827599
129	141	0.838691
129	146	0.835421
129	149	1.54713
129	151	0.754446
129	152	0.861948
129	154	0.792933
129	158	0.812729
129	159	0.719073
129	161	0.811036
129	164	1.23613
129	165	0.777999
129	168	0.733038
129	170	0.729407
129	171	0.702916
129	174	0.715024
129	175	0.701359
129	176	0.693581
129	177	0.718796
129	178	0.692303
129	179	0.717365
130	15	1.61639
130	17	0.822894
130	25	1.62715
130	35	0.896406
130	57	1.36709
130	68	1.41128
130	85	0.998822
130	102	1.25063
130	108	1.29998
130	111	1.23329
130	119	1.16579
130	121	0.910755
130	125	0.897555
130	129	0.881902
130	139	0.935326
130	142	0.973858
130	144	1.16479
130	150	0.930403
130	151	0.857295
130	156	0.872938
130	160	0.910092
130	162	0.910737
130	165	0.880848
130	166	0.890167
130	167	0.849684
130	168	0.835888
130	170	0.832256
130	171	0.805765
130	172	0.812897
130	173	0.817907
