1	9	0.995906
1	10	0.876685
1	16	0.962024
1	17	0.944683
1	19	0.862344
1	30	0.932505
1	33	0.932694
1	134	2.31796
1	150	1.90236
1	155	0.996159
1	160	1.92518
1	167	0.912455
2	20	0.885609
2	31	0.790559
2	47	0.827793
2	77	0.864342
2	110	0.847423
2	113	0.842179
2	118	0.864242
2	120	3.35301
2	131	1.86544
2	139	0.829868
2	143	0.853281
2	150	0.807078
3	13	0.808888
3	26	0.784195
3	39	0.845588
3	40	0.841783
3	45	0.839038
3	53	0.908098
3	55	0.823885
3	57	0.882449
3	64	0.815587
3	67	0.881933
3	159	1.92665
3	174	3.45551
4	58	0.79166
4	78	0.858401
4	99	0.862049
4	106	0.812258
4	109	0.842767
4	113	0.837575
4	118	0.859638
4	138	0.829643
4	139	0.825264
4	143	0.848677
4	150	0.802475
4	176	4.45632
5	10	0.909118
5	12	1.02381
5	17	0.977116
5	19	0.894777
5	30	0.964938
5	33	0.965127
5	136	1.86166
5	155	1.02859
5	159	1.17612
5	167	0.944888
5	173	2.90195
6	58	2.24538
6	86	0.846089
6	105	0.862067
6	106	0.818315
6	113	0.843632
6	118	0.865695
6	121	0.854003
6	130	2.86707
6	138	0.8357
6	139	0.831321
6	143	0.854734
6	144	0.777882
7	8	0.867953
7	83	0.932548
7	153	0.847967
7	163	0.872297
7	166	0.855979
7	168	0.83123
7	170	0.838531
7	174	0.827421
7	177	0.842632
7	178	0.819167
7	179	0.827921
7	180	0.834748
8	7	0.867953
8	13	0.814413
8	26	0.78972
8	29	0.86279
8	39	0.851113
8	45	0.844563
8	48	0.829019
8	53	0.913623
8	55	0.82941
8	64	0.821112
8	67	0.887458
8	179	3.67049
9	1	0.995906
9	10	0.87502
9	16	0.960359
9	17	0.943018
9	19	0.860679
9	30	0.93084
9	33	0.931029
9	52	1.04847
9	128	1.42267
9	155	0.994494
9	167	0.91079
9	173	3.53883
10	1	0.876685
10	5	0.909118
10	9	0.87502
10	12	0.87049
10	16	0.841138
10	19	0.741458
10	30	0.811619
10	33	0.811807
10	54	2.3837
10	155	0.875273
10	160	2.84421
10	167	0.791568
11	21	0.876579
11	28	0.870047
11	32	0.945825
11	34	0.933177
11	41	0.932972
11	43	0.932796
11	46	0.996257
11	102	2.01308
11	129	1.82737
11	130	0.958313
11	152	0.967203
11	153	2.78465
12	5	1.02381
12	10	0.87049
12	16	0.95583
12	17	0.938489
12	19	0.85615
12	30	0.926311
12	33	0.926499
12	153	2.10182
12	155	0.989965
12	167	0.906261
12	173	1.9035
12	179	2.40461
13	3	0.808888
13	8	0.814413
13	26	0.786322
13	40	0.84391
13	45	0.841164
13	48	0.82562
13	53	0.910225
13	57	0.884576
13	64	0.817714
13	67	0.88406
13	157	3.4148
13	170	2.14991
14	18	0.947389
14	21	0.849555
14	28	0.843023
14	32	0.918801
14	34	0.906153
14	41	0.905949
14	43	0.905772
14	46	0.969233
14	70	1.77328
14	95	1.85719
14	130	0.931289
14	137	2.40156
14	152	0.940179
15	87	0.884886
15	109	1.06267
15	138	1.10078
15	142	0.85187
15	145	0.881754
15	165	0.832362
15	169	0.832523
15	173	0.804687
15	174	0.798114
15	177	0.813325
15	178	0.78986
15	179	0.798614
15	180	0.805441
16	1	0.962024
16	9	0.960359
16	10	0.841138
16	12	0.95583
16	17	0.909136
16	19	0.826798
16	30	0.896959
16	33	0.897147
16	148	1.15197
16	155	0.960613
16	167	0.876908
16	170	2.09513
16	178	3.51067
17	1	0.944683
17	5	0.977116
17	9	0.943018
17	12	0.938489
17	16	0.909136
17	19	0.809456
17	30	0.879617
17	33	0.879805
17	36	1.08271
17	155	0.943271
17	167	0.859566
17	179	3.00771
17	180	2.34638
18	14	0.947389
18	21	0.849091
18	28	0.842559
18	32	0.918337
18	34	0.905689
18	41	0.905485
18	43	0.905308
18	46	0.968769
18	125	2.76018
18	130	0.930825
18	152	0.939715
18	158	1.30203
18	174	2.52257
19	1	0.862344
19	5	0.894777
19	9	0.860679
19	10	0.741458
19	12	0.85615
19	16	0.826798
19	17	0.809456
19	30	0.797279
19	33	0.797467
19	63	1.57384
19	155	0.860932
19	167	0.777228
19	168	4.19713
20	2	0.885609
20	47	0.899114
20	70	1.21068
20	77	0.935663
20	89	0.901155
20	96	0.900726
20	99	0.937974
20	121	0.92387
20	134	2.45357
20	138	0.905567
20	139	0.901189
20	143	0.924602
20	170	3.30236
21	11	0.876579
21	14	0.849555
21	18	0.849091
21	28	0.744725
21	32	0.820503
21	34	0.807855
21	41	0.807651
21	43	0.807474
21	46	0.870935
21	130	0.832991
21	152	0.841881
21	160	2.97871
21	164	2.57453
22	37	2.13596
22	78	0.931535
22	92	1.95773
22	99	0.935183
22	109	0.915901
22	118	0.932772
22	121	0.92108
22	138	0.902777
22	139	0.898398
22	143	0.921811
22	144	0.844959
22	150	0.875608
22	155	1.68753
23	25	0.922582
23	44	0.980986
23	59	0.871403
23	74	0.925607
23	75	0.918568
23	82	0.859029
23	91	0.890564
23	93	0.890671
23	140	1.79957
23	146	0.908009
23	147	0.930564
23	159	1.89211
23	169	2.76993
24	27	0.898812
24	44	0.960312
24	59	0.85073
24	70	1.19833
24	72	0.910246
24	73	0.910325
24	74	0.904933
24	75	0.897894
24	82	0.838355
24	91	0.869891
24	93	0.869998
24	130	1.46943
24	146	0.887336
24	174	3.82154
25	23	0.922582
25	59	0.852007
25	66	2.80222
25	72	0.911523
25	73	0.911602
25	74	0.90621
25	75	0.899171
25	82	0.839632
25	91	0.871167
25	93	0.871275
25	117	2.15659
25	132	1.51273
25	146	0.888613
25	147	0.911167
26	3	0.784195
26	8	0.78972
26	13	0.786322
26	29	0.834699
26	39	0.823022
26	40	0.819217
26	48	0.800928
26	53	0.885532
26	55	0.801319
26	57	0.859883
26	63	0.835075
26	64	0.793021
26	101	6.3
26	162	2.47176
27	24	0.898812
27	44	0.958493
27	59	0.848911
27	72	0.908427
27	73	0.908506
27	74	0.903114
27	82	0.836536
27	91	0.868071
27	93	0.868179
27	146	0.885517
27	147	0.908071
27	176	2.2846
27	178	3.11938
27	180	1.6305
28	11	0.870047
28	14	0.843023
28	18	0.842559
28	21	0.744725
28	32	0.813971
28	34	0.801323
28	41	0.801119
28	43	0.800942
28	46	0.864403
28	79	0.770675
28	130	0.826459
28	141	3.10674
28	152	0.835349
28	163	2.79202
29	8	0.86279
29	26	0.834699
29	39	0.896092
29	40	0.892287
29	45	0.889541
29	48	0.873997
29	53	0.958602
29	55	0.874389
29	57	0.932953
29	64	0.866091
29	67	0.932437
29	137	2.23079
29	155	1.56698
29	164	2.69005
30	1	0.932505
30	5	0.964938
30	9	0.93084
30	10	0.811619
30	12	0.926311
30	16	0.896959
30	17	0.879617
30	19	0.797279
30	33	0.867628
30	95	1.05825
30	155	0.931094
30	156	3.12734
30	165	2.44224
30	167	0.847389
31	2	0.790559
31	78	0.839275
31	88	0.808308
31	96	0.805676
31	105	0.836884
31	106	0.793133
31	109	0.823642
31	110	0.823694
31	121	0.82882
31	128	2.52247
31	138	0.810517
31	139	0.806139
31	143	0.829551
31	162	3.24015
32	11	0.945825
32	14	0.918801
32	18	0.918337
32	21	0.820503
32	28	0.813971
32	34	0.877101
32	41	0.876897
32	43	0.876721
32	46	0.940181
32	104	1.14998
32	130	0.902237
32	152	0.911127
32	159	1.51323
32	171	4.10695
33	1	0.932694
33	5	0.965127
33	9	0.931029
33	10	0.811807
33	12	0.926499
33	16	0.897147
33	17	0.879805
33	19	0.797467
33	30	0.867628
33	155	0.931282
33	159	1.85872
33	161	3.15243
33	164	1.85192
33	167	0.847577
34	11	0.933177
34	14	0.906153
34	18	0.905689
34	21	0.807855
34	28	0.801323
34	32	0.877101
34	41	0.864249
34	43	0.864072
34	46	0.927533
34	79	0.833805
34	104	2.16075
34	130	0.889589
34	132	1.73127
34	152	0.898479
34	163	2.80207
35	47	0.866754
35	60	2.16218
35	83	0.901908
35	86	0.883597
35	89	0.868795
35	105	0.899575
35	106	0.855823
35	113	0.88114
35	118	0.903203
35	134	2.19897
35	138	0.873207
35	139	0.868829
35	143	0.892242
35	144	0.81539
35	161	2.70252
36	17	1.08271
36	65	2.66864
36	75	0.855996
36	82	0.796456
36	91	0.827992
36	93	0.828099
36	94	0.841677
36	146	0.845437
36	147	0.867991
36	161	0.801892
36	175	0.777124
36	176	0.758301
36	178	0.753817
36	179	0.762571
36	180	0.769398
37	22	2.13596
37	61	0.841039
37	105	1.74949
37	150	0.823964
37	159	0.875066
37	162	0.82011
37	163	0.822561
37	169	0.812094
37	172	0.805285
37	173	0.784258
37	176	0.773914
37	177	0.792896
37	178	0.76943
37	179	0.778185
37	180	0.785011
38	77	0.898303
38	78	0.896965
38	86	0.878597
38	89	0.863795
38	96	0.863366
38	109	0.881332
38	110	0.881384
38	121	0.88651
38	137	1.11978
38	138	0.868207
38	139	0.863829
38	141	2.17864
38	143	0.887242
38	150	0.841039
38	176	3.80556
39	3	0.845588
39	8	0.851113
39	26	0.823022
39	29	0.896092
39	40	0.88061
39	45	0.877865
39	48	0.86232
39	55	0.862712
39	57	0.921276
39	63	0.896467
39	64	0.854414
39	67	0.92076
39	102	3.06735
39	145	2.35192
39	159	1.91476
40	3	0.841783
40	13	0.84391
40	26	0.819217
40	29	0.892287
40	39	0.88061
40	45	0.87406
40	48	0.858516
40	53	0.94312
40	55	0.858907
40	57	0.917471
40	64	0.850609
40	67	0.916956
40	132	1.94908
40	155	1.61194
40	165	3.11538
41	11	0.932972
41	14	0.905949
41	18	0.905485
41	21	0.807651
41	28	0.801119
41	32	0.876897
41	34	0.864249
41	43	0.863868
41	46	0.927329
41	79	0.833601
41	129	2.65948
41	130	0.889385
41	131	1.42597
41	152	0.898275
41	172	3.10312
42	124	1.42751
42	125	0.819981
42	133	1.12798
42	140	0.879732
42	150	0.835086
42	156	0.838984
42	163	0.833683
42	168	0.792616
42	172	0.816407
42	173	0.79538
42	175	0.80386
42	177	0.804018
42	178	0.780552
42	180	0.796133
43	11	0.932796
43	14	0.905772
43	18	0.905308
43	21	0.807474
43	28	0.800942
43	32	0.876721
43	34	0.864072
43	41	0.863868
43	46	0.927152
43	79	0.833424
43	80	0.817823
43	130	0.889209
43	152	0.898099
43	174	3.21203
43	175	2.9663
44	23	0.980986
44	24	0.960312
44	27	0.958493
44	58	1.02061
44	59	0.910411
44	68	2.37507
44	71	1.077
44	72	0.969927
44	73	0.970006
44	74	0.964614
44	91	0.929571
44	93	0.929679
44	146	0.947017
44	147	0.969571
44	166	3.18199
45	3	0.839038
45	8	0.844563
45	13	0.841164
45	29	0.889541
45	39	0.877865
45	40	0.87406
45	48	0.85577
45	53	0.940374
45	55	0.856161
45	57	0.914726
45	64	0.847863
45	67	0.91421
45	112	1.57799
45	130	1.42093
45	173	3.97002
46	11	0.996257
46	14	0.969233
46	18	0.968769
46	21	0.870935
46	28	0.864403
46	32	0.940181
46	34	0.927533
46	41	0.927329
46	43	0.927152
46	63	1.27344
46	66	1.99778
46	79	0.896885
46	130	0.952669
46	150	1.8756
46	152	0.961559
46	180	3.06666
47	2	0.827793
47	20	0.899114
47	35	0.866754
47	77	0.877848
47	78	0.87651
47	80	2.42384
47	110	0.860928
47	113	0.855684
47	118	0.877747
47	121	0.866055
47	123	2.36672
47	138	0.847752
47	139	0.843373
47	143	0.866786
47	150	0.820584
47	155	2.15931
48	8	0.829019
48	13	0.82562
48	26	0.800928
48	29	0.873997
48	39	0.86232
48	40	0.858516
48	45	0.85577
48	53	0.92483
48	55	0.840617
48	57	0.899182
48	63	0.874373
48	64	0.832319
48	67	0.898666
48	144	2.19554
48	172	1.97237
48	178	3.61633
49	86	0.951601
49	115	0.832593
49	125	0.858981
49	137	0.922952
49	143	0.643125
49	145	0.911446
49	159	0.925188
49	165	0.862054
49	169	0.862216
49	170	0.838916
49	172	0.855406
49	174	0.827807
49	176	0.824036
49	177	0.843017
49	179	0.828306
49	180	0.835133
50	90	0.869347
50	97	0.918345
50	107	0.836639
50	108	0.870958
50	114	0.864555
50	115	0.853987
50	119	0.887481
50	122	0.88042
50	124	0.875815
50	126	0.870355
50	133	0.891297
50	150	2.60184
50	158	2.5356
50	164	2.22048
50	165	0.823415
50	171	0.779791
51	93	1.25051
51	139	1.56716
51	148	0.826765
51	153	0.80091
51	160	0.835359
51	163	0.825241
51	167	0.840379
51	170	0.791474
51	173	0.786938
51	174	0.780365
51	175	0.795417
51	176	0.776594
51	177	0.795575
51	178	0.77211
51	179	0.780864
51	180	0.787691
52	9	1.04847
52	114	1.27454
52	122	0.81332
52	134	0.896399
52	151	0.904622
52	157	0.859541
52	168	0.853177
52	170	0.860478
52	173	0.855941
52	174	0.849368
52	175	0.864421
52	176	0.845597
52	177	0.864579
52	178	0.841113
52	179	0.849867
52	180	0.856694
53	3	0.908098
53	8	0.913623
53	13	0.910225
53	26	0.885532
53	29	0.958602
53	40	0.94312
53	45	0.940374
53	48	0.92483
53	55	0.925221
53	57	0.983786
53	64	0.916923
53	67	0.98327
53	112	1.03104
53	150	1.49399
53	172	2.52996
53	176	3.33914
54	10	2.3837
54	122	1.5147
54	153	0.805512
54	157	0.79514
54	160	0.839961
54	164	0.843264
54	168	0.788776
54	170	0.796077
54	171	0.77559
54	172	0.812566
54	175	0.800019
54	176	0.781196
54	177	0.800177
54	178	0.776712
54	179	0.785466
54	180	0.792293
55	3	0.823885
55	8	0.82941
55	26	0.801319
55	29	0.874389
55	39	0.862712
55	40	0.858907
55	45	0.856161
55	48	0.840617
55	53	0.925221
55	57	0.899573
55	63	0.874764
55	64	0.83271
55	67	0.899057
55	80	0.957006
55	144	3.45607
55	177	3.05394
56	75	0.948002
56	82	0.888463
56	88	0.925317
56	91	0.919999
56	93	0.920106
56	110	0.940703
56	121	0.945829
56	129	1.96842
56	130	0.876831
56	138	0.927526
56	139	0.923147
56	143	0.94656
56	146	0.937444
56	147	0.959998
56	154	3.00374
56	166	2.53463
57	3	0.882449
57	13	0.884576
57	26	0.859883
57	29	0.932953
57	39	0.921276
57	40	0.917471
57	45	0.914726
57	48	0.899182
57	53	0.983786
57	55	0.899573
57	61	2.4733
57	63	0.933329
57	64	0.891275
57	67	0.957621
57	117	1.79483
57	145	2.38087
57	164	1.93692
58	4	0.79166
58	6	2.24538
58	44	1.02061
58	97	0.23381
58	153	0.918054
58	159	0.99489
58	162	0.939934
58	170	0.908618
58	172	0.925108
58	173	0.904082
58	174	0.897509
58	175	0.912561
58	176	0.893738
58	177	0.912719
58	178	0.889254
58	179	0.898008
58	180	0.904835
59	23	0.871403
59	24	0.85073
59	25	0.852007
59	27	0.848911
59	44	0.910411
59	72	0.860345
59	73	0.860424
59	74	0.855032
59	75	0.847993
59	82	0.788454
59	91	0.819989
59	93	0.820097
59	120	2.58517
59	146	0.837434
59	147	0.859989
59	154	3.36644
59	165	1.73779
60	35	2.16218
60	72	0.85616
60	73	0.856239
60	75	0.843808
60	82	0.784269
60	91	0.815804
60	93	0.815911
60	133	2.15775
60	147	0.855804
60	169	0.784293
60	173	0.756457
60	175	0.764937
60	176	0.746113
60	177	0.765094
60	178	0.741629
60	179	0.750383
60	180	0.75721
61	37	0.841039
61	57	2.4733
61	136	0.845834
61	146	1.69619
61	158	0.842015
61	160	0.825658
61	168	0.774473
61	169	0.805073
61	171	0.761287
61	173	0.777237
61	174	0.770664
61	175	0.785716
61	176	0.766893
61	177	0.785874
61	178	0.762409
61	179	0.771163
61	180	0.77799
62	98	1.93905
62	102	2.11957
62	103	0.925931
62	108	0.914684
62	111	0.916083
62	114	0.908281
62	115	0.897714
62	116	0.94153
62	119	0.931207
62	124	0.919541
62	126	0.914081
62	133	0.935023
62	147	0.938814
62	152	0.945492
62	154	2.96919
62	169	1.8448
62	171	0.823517
63	19	1.57384
63	26	0.835075
63	39	0.896467
63	46	1.27344
63	48	0.874373
63	55	0.874764
63	57	0.933329
63	64	0.866466
63	67	0.932813
63	116	1.36303
63	153	0.82846
63	174	0.807915
63	176	0.804144
63	177	0.823125
63	178	0.79966
63	179	0.808414
63	180	0.815241
64	3	0.815587
64	8	0.821112
64	13	0.817714
64	26	0.793021
64	29	0.866091
64	39	0.854414
64	40	0.850609
64	45	0.847863
64	48	0.832319
64	53	0.916923
64	55	0.83271
64	57	0.891275
64	63	0.866466
64	67	0.890759
64	123	1.27225
64	170	3.09588
64	171	4.05065
65	36	2.66864
65	80	1.50133
65	94	2.59052
65	97	0.899867
65	103	0.863727
65	107	0.818161
65	108	0.852481
65	114	0.846077
65	116	0.879326
65	119	0.869003
65	122	0.861943
65	124	0.857338
65	126	0.851877
65	133	0.87282
65	152	0.883288
65	165	0.804938
65	171	0.761313
66	25	2.80222
66	46	1.99778
66	136	0.843759
66	140	0.859514
66	141	0.826714
66	153	0.789134
66	162	0.811014
66	165	0.802836
66	167	0.828603
66	169	0.802998
66	173	0.775162
66	174	0.768589
66	176	0.764818
66	177	0.783799
66	178	0.760334
66	180	0.775915
67	3	0.881933
67	8	0.887458
67	13	0.88406
67	29	0.932437
67	39	0.92076
67	40	0.916956
67	45	0.91421
67	48	0.898666
67	53	0.98327
67	55	0.899057
67	57	0.957621
67	63	0.932813
67	64	0.890759
67	125	2.85806
67	145	1.52874
67	159	1.09158
67	179	3.31854
68	44	2.37507
68	79	2.26799
68	98	0.83433
68	134	0.809891
68	135	0.846405
68	154	0.772263
68	156	0.813036
68	160	0.817854
68	169	0.797269
68	170	0.773969
68	173	0.769433
68	174	0.76286
68	175	0.777912
68	176	0.759089
68	177	0.77807
68	178	0.754605
68	179	0.763359
68	180	0.770186
69	78	4.13772
69	134	0.77012
69	156	0.773266
69	157	0.733262
69	158	0.794441
69	163	0.767965
69	166	0.751647
69	169	0.757498
69	170	0.734199
69	171	0.713712
69	173	0.729662
69	175	0.738142
69	176	0.719318
69	177	0.7383
69	178	0.714834
69	179	0.723589
69	180	0.730416
70	14	1.77328
70	20	1.21068
70	24	1.19833
70	113	0.348023
70	136	0.951355
70	148	0.922586
70	149	0.877153
70	151	0.93144
70	162	0.91861
70	164	0.934482
70	169	0.910594
70	170	0.887295
70	174	0.876185
70	176	0.872414
70	177	0.891396
70	178	0.867931
70	179	0.876685
70	180	0.883512
71	44	1.077
71	115	1.46289
71	138	1.19039
71	154	0.826217
71	159	0.914195
71	162	0.859239
71	163	0.86169
71	164	0.875111
71	166	0.845371
71	168	0.820623
71	170	0.827924
71	172	0.844413
71	174	0.816814
71	175	0.831867
71	176	0.813043
71	178	0.808559
71	179	0.817313
71	180	0.82414
72	24	0.910246
72	25	0.911523
72	27	0.908427
72	44	0.969927
72	59	0.860345
72	60	0.85616
72	73	0.91994
72	74	0.914548
72	75	0.907509
72	82	0.84797
72	91	0.879506
72	93	0.879613
72	146	0.896951
72	147	0.919505
72	155	1.11248
72	163	2.52042
72	165	2.61592
72	167	2.24295
73	24	0.910325
73	25	0.911602
73	27	0.908506
73	44	0.970006
73	59	0.860424
73	60	0.856239
73	72	0.91994
73	74	0.914627
73	75	0.907588
73	82	0.848049
73	91	0.879584
73	93	0.879692
73	141	1.79969
73	146	0.89703
73	147	0.919584
73	155	0.829674
73	174	2.73575
73	179	3.43385
74	23	0.925607
74	24	0.904933
74	25	0.90621
74	27	0.903114
74	44	0.964614
74	59	0.855032
74	72	0.914548
74	73	0.914627
74	75	0.902196
74	82	0.842657
74	91	0.874192
74	93	0.8743
74	145	2.14622
74	146	0.891638
74	147	0.914192
74	158	2.01739
74	164	1.70227
74	172	3.1196
75	23	0.918568
75	24	0.897894
75	25	0.899171
75	36	0.855996
75	56	0.948002
75	59	0.847993
75	60	0.843808
75	72	0.907509
75	73	0.907588
75	74	0.902196
75	82	0.835618
75	91	0.867154
75	93	0.867261
75	146	0.884599
75	147	0.907153
75	151	2.52266
75	155	0.862244
75	164	1.98532
75	180	3.55774
76	90	0.881414
76	97	0.930412
76	100	0.908621
76	104	1.20703
76	111	0.884424
76	115	0.866055
76	116	0.909871
76	119	0.899548
76	122	0.892488
76	123	0.920788
76	124	0.887882
76	133	0.903364
76	137	1.10422
76	146	0.8846
76	152	0.913833
76	165	0.835483
76	171	0.791858
76	175	2.85341
76	179	3.79724
77	2	0.864342
77	20	0.935663
77	38	0.898303
77	47	0.877848
77	88	0.882091
77	92	1.41593
77	96	0.879459
77	105	0.910668
77	109	0.897425
77	110	0.897477
77	113	0.892233
77	138	0.8843
77	139	0.879922
77	143	0.903335
77	144	0.826483
77	150	0.857132
77	158	2.58393
77	162	2.60296
77	167	2.2762
78	4	0.858401
78	22	0.931535
78	31	0.839275
78	38	0.896965
78	47	0.87651
78	69	4.13772
78	83	0.911663
78	88	0.880754
78	106	0.865578
78	109	0.896087
78	118	0.912958
78	121	0.901266
78	127	1.87945
78	136	0.933232
78	138	0.882963
78	139	0.878584
78	143	0.901997
78	150	0.855794
78	175	1.53082
79	28	0.770675
79	34	0.833805
79	41	0.833601
79	43	0.833424
79	46	0.896885
79	68	2.26799
79	83	0.857381
79	96	0.82384
79	100	0.862619
79	106	0.811296
79	109	0.841805
79	130	0.858941
79	138	0.828681
79	139	0.824302
79	140	1.44928
79	143	0.847715
79	152	0.867831
79	173	3.26765
80	43	0.817823
80	47	2.42384
80	55	0.957006
80	65	1.50133
80	132	0.972846
80	151	0.914564
80	154	0.868713
80	158	0.930661
80	162	0.901735
80	164	0.917607
80	168	0.863119
80	169	0.893719
80	173	0.865883
80	174	0.85931
80	176	0.855539
80	177	0.87452
80	178	0.851055
80	179	0.859809
80	180	0.866636
81	98	1.46293
81	103	0.903052
81	107	0.857486
81	108	0.891805
81	111	0.893203
81	115	0.874834
81	116	0.91865
81	119	0.908328
81	122	0.901267
81	124	0.896662
81	126	0.891202
81	133	0.912144
81	146	0.89338
81	149	3.68426
81	151	1.0214
81	152	0.922613
81	157	3.39471
81	165	0.844262
81	171	0.800638
82	23	0.859029
82	24	0.838355
82	25	0.839632
82	27	0.836536
82	36	0.796456
82	56	0.888463
82	59	0.788454
82	60	0.784269
82	72	0.84797
82	73	0.848049
82	74	0.842657
82	75	0.835618
82	91	0.807614
82	93	0.807722
82	146	0.82506
82	147	0.847614
82	153	2.9409
82	156	2.0754
82	171	3.61046
83	7	0.932548
83	35	0.901908
83	78	0.911663
83	79	0.857381
83	88	0.880696
83	89	0.878493
83	94	1.73198
83	99	0.915311
83	105	0.909272
83	106	0.865521
83	109	0.89603
83	113	0.890837
83	121	0.901208
83	138	0.882905
83	139	0.878526
83	143	0.901939
83	144	0.825088
83	162	1.83549
83	176	3.72785
84	89	0.951055
84	90	0.760229
84	105	1.03276
84	147	0.337589
84	156	0.903886
84	162	0.896134
84	163	0.898585
84	164	0.912006
84	166	0.882267
84	169	0.888118
84	170	0.864819
84	172	0.881309
84	173	0.860282
84	174	0.853709
84	175	0.868762
84	176	0.849938
84	177	0.86892
84	178	0.845455
84	179	0.854209
84	180	0.861036
85	120	0.772193
85	121	2.62863
85	131	0.83153
85	133	1.89361
85	145	0.827064
85	148	0.789825
85	157	0.753597
85	158	0.814776
85	159	0.840805
85	161	0.783245
85	163	0.7883
85	169	0.777833
85	170	0.754534
85	172	0.771024
85	175	0.758477
85	176	0.739653
85	177	0.758635
85	178	0.73517
85	179	0.743924
85	180	0.750751
86	6	0.846089
86	35	0.883597
86	38	0.878597
86	49	0.951601
86	88	0.862385
86	89	0.860182
86	96	0.859753
86	99	0.897001
86	100	0.898533
86	109	0.877719
86	110	0.877771
86	113	0.872527
86	118	0.89459
86	121	0.882898
86	131	1.88717
86	138	0.864594
86	139	0.860216
86	140	2.06126
86	143	0.883629
86	175	3.43692
87	15	0.884886
87	106	0.998357
87	114	1.42213
87	125	0.825256
87	128	0.881826
87	140	0.885007
87	147	1.11884
87	157	0.804254
87	160	0.849076
87	163	0.838957
87	168	0.79789
87	169	0.828491
87	172	0.821681
87	174	0.794082
87	175	0.809134
87	176	0.790311
87	177	0.809292
87	178	0.785827
87	179	0.794581
87	180	0.801408
88	31	0.808308
88	56	0.925317
88	77	0.882091
88	78	0.880754
88	83	0.880696
88	86	0.862385
88	89	0.847584
88	99	0.884402
88	105	0.878363
88	106	0.834611
88	109	0.86512
88	113	0.859928
88	118	0.881991
88	132	1.03773
88	138	0.851996
88	139	0.847617
88	143	0.87103
88	150	0.824828
88	165	2.20404
88	172	3.241
88	175	3.1136
89	20	0.901155
89	35	0.868795
89	38	0.863795
89	83	0.878493
89	84	0.951055
89	86	0.860182
89	88	0.847584
89	96	0.844952
89	100	0.883731
89	105	0.87616
89	106	0.832408
89	109	0.862917
89	110	0.862969
89	113	0.857725
89	117	2.20035
89	118	0.879788
89	136	3.03477
89	138	0.849793
89	139	0.845414
89	143	0.868827
89	163	2.6273
90	50	0.869347
90	76	0.881414
90	84	0.760229
90	92	1.29873
90	103	0.880525
90	107	0.834959
90	108	0.869279
90	114	0.862875
90	115	0.852308
90	116	0.896124
90	119	0.885802
90	122	0.878741
90	124	0.874136
90	126	0.868675
90	133	0.889618
90	146	0.870854
90	147	0.893408
90	154	4.16062
90	160	2.55579
90	165	0.821736
90	171	0.778112
91	23	0.890564
91	24	0.869891
91	25	0.871167
91	27	0.868071
91	36	0.827992
91	44	0.929571
91	56	0.919999
91	59	0.819989
91	60	0.815804
91	72	0.879506
91	73	0.879584
91	74	0.874192
91	75	0.867154
91	82	0.807614
91	93	0.839257
91	135	1.61383
91	136	1.76261
91	144	2.71078
91	146	0.856595
91	147	0.87915
91	178	4.13157
92	22	1.95773
92	77	1.41593
92	90	1.29873
92	95	0.947852
92	97	0.819072
92	112	0.959616
92	132	0.944526
92	157	0.841163
92	159	0.928371
92	166	0.859547
92	169	0.865399
92	170	0.8421
92	171	0.821613
92	173	0.837563
92	174	0.83099
92	175	0.846042
92	176	0.827219
92	177	0.8462
92	178	0.822735
92	179	0.831489
92	180	0.838316
93	23	0.890671
93	24	0.869998
93	25	0.871275
93	27	0.868179
93	36	0.828099
93	44	0.929679
93	51	1.25051
93	56	0.920106
93	59	0.820097
93	60	0.815911
93	72	0.879613
93	73	0.879692
93	74	0.8743
93	75	0.867261
93	82	0.807722
93	91	0.839257
93	146	0.856702
93	147	0.879257
93	161	2.164
93	171	3.46402
93	172	2.28083
94	36	0.841677
94	65	2.59052
94	83	1.73198
94	95	0.903778
94	148	0.833316
94	152	1.02858
94	154	0.796318
94	159	0.884296
94	160	0.841909
94	161	0.826736
94	169	0.821324
94	170	0.798025
94	172	0.814515
94	173	0.793488
94	174	0.786915
94	175	0.801968
94	176	0.783144
94	177	0.802126
94	178	0.778661
94	179	0.787415
94	180	0.794242
95	14	1.85719
95	30	1.05825
95	92	0.947852
95	94	0.903778
95	121	1.12897
95	124	0.693468
95	128	0.911917
95	132	0.937709
95	137	0.919317
95	163	0.869048
95	164	0.882469
95	166	0.85273
95	168	0.827981
95	172	0.851771
95	174	0.824172
95	175	0.839225
95	176	0.820401
95	177	0.839383
95	178	0.815917
95	179	0.824671
95	180	0.831498
96	20	0.900726
96	31	0.805676
96	38	0.863366
96	77	0.879459
96	79	0.82384
96	86	0.859753
96	89	0.844952
96	99	0.88177
96	106	0.831979
96	109	0.862488
96	110	0.86254
96	113	0.857296
96	118	0.879359
96	121	0.867667
96	138	0.849364
96	139	0.844985
96	143	0.868398
96	144	0.791546
96	167	1.3748
96	169	2.25202
96	171	3.96793
96	177	2.60579
97	50	0.918345
97	58	0.23381
97	65	0.899867
97	76	0.930412
97	92	0.819072
97	100	0.943872
97	101	0.815178
97	103	0.929523
97	107	0.883957
97	108	0.918277
97	111	0.919675
97	115	0.901306
97	116	0.945122
97	119	0.9348
97	124	0.923134
97	126	0.917673
97	133	0.938616
97	162	2.00611
97	163	1.95682
97	165	0.870734
97	168	4.07444
97	171	0.82711
98	62	1.93905
98	68	0.83433
98	81	1.46293
98	106	2.58736
98	135	0.862326
98	141	0.836906
98	142	0.832536
98	144	0.794411
98	154	0.788183
98	156	0.828957
98	159	0.876161
98	168	0.782589
98	169	0.813189
98	170	0.78989
98	171	0.769403
98	172	0.80638
98	174	0.77878
98	175	0.793833
98	176	0.775009
98	177	0.793991
98	178	0.770525
98	179	0.77928
98	180	0.786107
99	4	0.862049
99	20	0.937974
99	22	0.935183
99	83	0.915311
99	86	0.897001
99	88	0.884402
99	96	0.88177
99	105	0.912978
99	106	0.869227
99	110	0.899788
99	113	0.894543
99	118	0.916606
99	120	2.76181
99	121	0.904914
99	138	0.886611
99	139	0.882232
99	143	0.905645
99	144	0.828794
99	150	0.859443
99	159	1.54086
99	160	1.93825
99	163	1.81893
99	180	3.10649
100	76	0.908621
100	79	0.862619
100	86	0.898533
100	89	0.883731
100	97	0.943872
100	110	0.90132
100	115	0.879515
100	118	0.918138
100	119	0.913009
100	122	0.905948
100	126	0.895882
100	133	0.916825
100	138	0.888143
100	139	0.883765
100	143	0.907177
100	144	0.830326
100	152	0.927293
100	156	1.71415
100	157	3.55933
100	161	1.94919
100	166	2.18858
100	171	0.805319
100	174	2.18435
101	26	6.3
101	97	0.815178
101	116	0.794637
101	119	0.784315
101	120	0.71477
101	122	0.777254
101	124	0.772649
101	126	0.767189
101	133	0.788131
101	151	0.741256
101	156	0.736178
101	165	0.720249
101	166	0.714559
101	169	0.720411
101	171	0.676625
101	172	0.713601
101	176	0.682231
101	177	0.701212
101	178	0.677747
101	179	0.686501
101	180	0.693328
102	11	2.01308
102	39	3.06735
102	62	2.11957
102	125	0.80624
102	140	0.865991
102	149	0.776033
102	151	0.83032
102	153	0.795611
102	154	0.784469
102	157	0.785239
102	161	0.814887
102	162	0.817491
102	163	0.819942
102	164	0.833363
102	168	0.778875
102	169	0.809475
102	170	0.786176
102	172	0.802666
102	173	0.781639
102	175	0.790119
102	177	0.790277
102	178	0.766811
102	179	0.775565
102	180	0.782392
103	62	0.925931
103	65	0.863727
103	81	0.903052
103	90	0.880525
103	97	0.929523
103	107	0.847817
103	108	0.882137
103	114	0.875733
103	115	0.865166
103	116	0.908982
103	119	0.89866
103	122	0.891599
103	123	0.919899
103	124	0.886994
103	126	0.881533
103	127	1.94104
103	133	0.902476
103	147	0.906266
103	165	0.834594
103	168	2.70498
103	171	0.790969
103	177	1.54087
103	178	3.36378
103	179	2.53624
104	32	1.14998
104	34	2.16075
104	76	1.20703
104	105	2.06769
104	141	0.877211
104	149	0.820053
104	153	0.839631
104	157	0.829258
104	159	0.916467
104	160	0.87408
104	162	0.861511
104	166	0.847643
104	169	0.853495
104	170	0.830195
104	171	0.809709
104	172	0.846685
104	173	0.825658
104	174	0.819086
104	175	0.834138
104	176	0.815315
104	177	0.834296
104	178	0.810831
104	179	0.819585
104	180	0.826412
105	6	0.862067
105	31	0.836884
105	35	0.899575
105	37	1.74949
105	77	0.910668
105	83	0.909272
105	84	1.03276
105	88	0.878363
105	89	0.87616
105	99	0.912978
105	104	2.06769
105	106	0.863188
105	109	0.893697
105	110	0.893749
105	113	0.888504
105	118	0.910567
105	121	0.898875
105	131	2.16432
105	132	1.6382
105	138	0.880572
105	139	0.876194
105	143	0.899606
105	144	0.822755
105	150	0.853404
106	4	0.812258
106	6	0.818315
106	31	0.793133
106	35	0.855823
106	78	0.865578
106	79	0.811296
106	83	0.865521
106	87	0.998357
106	88	0.834611
106	89	0.832408
106	96	0.831979
106	98	2.58736
106	99	0.869227
106	105	0.863188
106	109	0.849945
106	113	0.844752
106	118	0.866816
106	121	0.855123
106	125	3.38176
106	135	2.15204
106	138	0.83682
106	139	0.832442
106	143	0.855855
106	144	0.779003
107	50	0.836639
107	65	0.818161
107	81	0.857486
107	90	0.834959
107	97	0.883957
107	103	0.847817
107	111	0.837969
107	114	0.830167
107	115	0.8196
107	116	0.863416
107	119	0.853094
107	120	0.783549
107	122	0.846033
107	123	0.874333
107	126	0.835967
107	130	1.74993
107	133	0.85691
107	146	0.838146
107	147	0.8607
107	148	3.26897
107	150	2.94774
107	152	0.867378
107	167	2.57378
107	171	0.745403
108	50	0.870958
108	62	0.914684
108	65	0.852481
108	81	0.891805
108	90	0.869279
108	97	0.918277
108	103	0.882137
108	111	0.872288
108	114	0.864487
108	115	0.853919
108	116	0.897735
108	119	0.887413
108	122	0.880352
108	124	0.875747
108	126	0.870287
108	127	2.09409
108	133	0.891229
108	135	0.999094
108	147	0.89502
108	149	3.65574
108	152	0.901698
108	153	2.3865
108	165	0.823347
108	171	0.779723
108	178	3.51683
109	4	0.842767
109	15	1.06267
109	22	0.915901
109	31	0.823642
109	38	0.881332
109	77	0.897425
109	78	0.896087
109	79	0.841805
109	83	0.89603
109	86	0.877719
109	88	0.86512
109	89	0.862917
109	96	0.862488
109	105	0.893697
109	106	0.849945
109	113	0.875261
109	118	0.897325
109	121	0.885632
109	138	0.867329
109	139	0.862951
109	143	0.886364
109	148	2.41996
109	151	2.25471
109	158	2.03249
109	166	3.25726
110	2	0.847423
110	31	0.823694
110	38	0.881384
110	47	0.860928
110	56	0.940703
110	77	0.897477
110	86	0.877771
110	89	0.862969
110	96	0.86254
110	99	0.899788
110	100	0.90132
110	105	0.893749
110	113	0.875313
110	118	0.897377
110	121	0.885684
110	138	0.867381
110	139	0.863003
110	141	2.1443
110	142	2.13069
110	143	0.886416
110	144	0.809564
110	150	0.840213
110	165	1.92508
110	175	2.83464
110	177	2.7831
111	62	0.916083
111	76	0.884424
111	81	0.893203
111	97	0.919675
111	107	0.837969
111	108	0.872288
111	114	0.865885
111	115	0.855318
111	116	0.899133
111	120	0.819267
111	122	0.88175
111	123	0.910051
111	124	0.877145
111	126	0.871685
111	133	0.892627
111	135	2.45895
111	136	2.60773
111	146	0.873863
111	147	0.896418
111	148	2.61799
111	152	0.903096
111	162	2.24955
111	165	0.824746
111	167	1.92279
111	171	0.781121
112	45	1.57799
112	53	1.03104
112	92	0.959616
112	115	1.36859
112	126	0.995782
112	129	0.898005
112	142	0.889692
112	144	0.851566
112	150	0.882215
112	151	0.89119
112	152	0.138545
112	153	0.856481
112	158	0.907287
112	164	0.894233
112	166	0.864493
112	168	0.839745
112	169	0.870345
112	172	0.863535
112	173	0.842509
112	174	0.835936
112	175	0.850988
112	176	0.832165
112	177	0.851146
112	178	0.827681
112	179	0.836435
112	180	0.843262
113	2	0.842179
113	4	0.837575
113	6	0.843632
113	35	0.88114
113	47	0.855684
113	70	0.348023
113	77	0.892233
113	83	0.890837
113	86	0.872527
113	88	0.859928
113	89	0.857725
113	96	0.857296
113	99	0.894543
113	105	0.888504
113	106	0.844752
113	109	0.875261
113	110	0.875313
113	121	0.88044
113	138	0.862137
113	139	0.857758
113	142	2.02154
113	143	0.881171
113	150	0.834969
113	169	2.32018
113	176	3.66208
113	180	3.00799
114	50	0.864555
114	52	1.27454
114	62	0.908281
114	65	0.846077
114	87	1.42213
114	90	0.862875
114	103	0.875733
114	107	0.830167
114	108	0.864487
114	111	0.865885
114	115	0.847516
114	116	0.891332
114	119	0.88101
114	122	0.873949
114	123	0.902249
114	124	0.869344
114	126	0.863883
114	130	1.21581
114	133	0.884826
114	146	0.866062
114	147	0.888616
114	151	2.5696
114	152	0.895294
114	165	0.816944
114	171	0.773319
114	173	3.7649
115	49	0.832593
115	50	0.853987
115	62	0.897714
115	71	1.46289
115	76	0.866055
115	81	0.874834
115	90	0.852308
115	97	0.901306
115	100	0.879515
115	103	0.865166
115	107	0.8196
115	108	0.853919
115	111	0.855318
115	112	1.36859
115	114	0.847516
115	116	0.880765
115	119	0.870442
115	122	0.863382
115	124	0.858776
115	126	0.853316
115	133	0.874258
115	146	0.855494
115	151	2.56532
115	152	0.884727
115	165	0.806377
115	171	0.762752
115	180	3.60041
116	62	0.94153
116	63	1.36303
116	65	0.879326
116	76	0.909871
116	81	0.91865
116	90	0.896124
116	97	0.945122
116	101	0.794637
116	103	0.908982
116	107	0.863416
116	108	0.897735
116	111	0.899133
116	114	0.891332
116	115	0.880765
116	119	0.914258
116	120	0.844714
116	122	0.907198
116	124	0.902592
116	126	0.897132
116	145	2.02778
116	146	0.89931
116	152	0.928543
116	155	1.16032
116	165	0.850193
116	169	2.46844
116	170	3.22958
116	171	0.806568
116	180	3.15625
117	25	2.15659
117	57	1.79483
117	89	2.20035
117	129	0.858064
117	134	0.843026
117	145	0.879634
117	146	1.01772
117	153	0.81654
117	154	0.805398
117	156	0.846171
117	157	0.806167
117	159	0.893376
117	161	0.835815
117	164	0.854292
117	166	0.824552
117	168	0.799803
117	169	0.830404
117	170	0.807104
117	171	0.786618
117	173	0.802568
117	174	0.795995
117	175	0.811047
117	176	0.792224
117	177	0.811205
117	178	0.78774
117	179	0.796494
117	180	0.803321
118	2	0.864242
118	4	0.859638
118	6	0.865695
118	22	0.932772
118	35	0.903203
118	47	0.877747
118	78	0.912958
118	86	0.89459
118	88	0.881991
118	89	0.879788
118	96	0.879359
118	99	0.916606
118	100	0.918138
118	105	0.910567
118	106	0.866816
118	109	0.897325
118	110	0.897377
118	121	0.902503
118	123	1.16351
118	128	1.69565
118	138	0.8842
118	139	0.879822
118	142	2.66516
118	143	0.903234
118	150	0.857032
118	159	2.08598
118	165	2.45955
118	177	3.31757
119	50	0.887481
119	62	0.931207
119	65	0.869003
119	76	0.899548
119	81	0.908328
119	90	0.885802
119	97	0.9348
119	100	0.913009
119	101	0.784315
119	103	0.89866
119	107	0.853094
119	108	0.887413
119	114	0.88101
119	115	0.870442
119	116	0.914258
119	120	0.834391
119	124	0.89227
119	126	0.88681
119	133	0.907752
119	145	1.26447
119	146	0.888988
119	147	0.911543
119	157	3.73117
119	160	1.2247
119	165	0.83987
119	168	3.22302
119	171	0.796246
119	172	2.23785
119	173	2.55316
120	2	3.35301
120	59	2.58517
120	85	0.772193
120	99	2.76181
120	101	0.71477
120	107	0.783549
120	111	0.819267
120	116	0.844714
120	119	0.834391
120	122	0.827331
120	124	0.822725
120	125	0.767252
120	126	0.817265
120	130	0.839786
120	133	0.838207
120	142	0.789834
120	146	0.819443
120	147	0.841998
120	154	0.745481
120	171	0.726701
120	172	0.763678
120	173	0.742651
120	174	0.736078
120	175	0.751131
120	176	0.732307
120	177	0.751289
120	178	0.727824
120	179	0.736578
120	180	0.743405
121	6	0.854003
121	20	0.92387
121	22	0.92108
121	31	0.82882
121	38	0.88651
121	47	0.866055
121	56	0.945829
121	78	0.901266
121	83	0.901208
121	85	2.62863
121	86	0.882898
121	95	1.12897
121	96	0.867667
121	99	0.904914
121	105	0.898875
121	106	0.855123
121	109	0.885632
121	110	0.885684
121	113	0.88044
121	118	0.902503
121	123	1.21693
121	138	0.872508
121	139	0.868129
121	140	2.04687
121	143	0.891542
121	144	0.814691
121	150	0.84534
121	155	1.00953
121	174	3.66826
122	50	0.88042
122	52	0.81332
122	54	1.5147
122	65	0.861943
122	76	0.892488
122	81	0.901267
122	90	0.878741
122	100	0.905948
122	101	0.777254
122	103	0.891599
122	107	0.846033
122	108	0.880352
122	111	0.88175
122	114	0.873949
122	115	0.863382
122	116	0.907198
122	120	0.827331
122	123	0.918115
122	124	0.885209
122	126	0.879749
122	129	2.54473
122	133	0.900691
122	141	2.17063
122	146	0.881927
122	147	0.904482
122	152	0.91116
122	161	2.87155
122	165	0.83281
122	171	0.789185
122	177	2.80943
123	47	2.36672
123	64	1.27225
123	76	0.920788
123	103	0.919899
123	107	0.874333
123	111	0.910051
123	114	0.902249
123	118	1.16351
123	121	1.21693
123	122	0.918115
123	124	0.913509
123	126	0.908049
123	133	0.928991
123	139	0.264473
123	143	0.922846
123	147	0.932782
123	154	0.836265
123	156	0.877039
123	161	0.866683
123	165	0.86111
123	167	0.886877
123	169	0.861271
123	171	0.817485
123	172	0.854462
123	173	0.833435
123	174	0.826862
123	175	0.841915
123	178	0.818607
123	179	0.827362
123	180	0.834189
124	42	1.42751
124	50	0.875815
124	62	0.919541
124	65	0.857338
124	76	0.887882
124	81	0.896662
124	90	0.874136
124	95	0.693468
124	97	0.923134
124	101	0.772649
124	103	0.886994
124	108	0.875747
124	111	0.877145
124	114	0.869344
124	115	0.858776
124	116	0.902592
124	119	0.89227
124	120	0.822725
124	122	0.885209
124	123	0.913509
124	126	0.875144
124	133	0.896086
124	144	3.33761
124	147	0.899877
124	150	2.07846
124	152	0.906555
124	165	0.828204
124	167	1.7045
124	170	3.34286
124	171	0.78458
125	18	2.76018
125	42	0.819981
125	49	0.858981
125	67	2.85806
125	87	0.825256
125	102	0.80624
125	106	3.38176
125	120	0.767252
125	135	0.822029
125	140	0.829409
125	148	0.784884
125	149	0.739451
125	153	0.759029
125	157	0.748657
125	158	0.809835
125	159	0.835865
125	160	0.793478
125	161	0.778304
125	164	0.796781
125	166	0.767041
125	168	0.742293
125	170	0.749593
125	172	0.766083
125	173	0.745057
125	174	0.738484
125	175	0.753536
125	176	0.734713
125	178	0.730229
125	179	0.738983
125	180	0.74581
126	50	0.870355
126	62	0.914081
126	65	0.851877
126	81	0.891202
126	90	0.868675
126	97	0.917673
126	100	0.895882
126	101	0.767189
126	103	0.881533
126	107	0.835967
126	108	0.870287
126	111	0.871685
126	112	0.995782
126	114	0.863883
126	115	0.853316
126	116	0.897132
126	119	0.88681
126	120	0.817265
126	122	0.879749
126	123	0.908049
126	124	0.875144
126	133	0.890626
126	137	1.19591
126	142	2.24115
126	146	0.871862
126	152	0.901094
126	153	3.58613
126	165	0.822744
126	169	2.53979
126	171	0.77912
126	180	3.22759
127	78	1.87945
127	103	1.94104
127	108	2.09409
127	128	0.851827
127	129	0.826151
127	132	0.877619
127	134	0.811113
127	137	0.859227
127	145	0.847721
127	148	0.810483
127	151	0.819336
127	152	2.43649
127	154	0.773485
127	156	0.814259
127	159	0.861463
127	160	0.819076
127	164	0.822379
127	166	0.792639
127	167	0.824096
127	168	0.767891
127	169	0.798491
127	170	0.775192
127	172	0.791681
127	173	0.770655
127	174	0.764082
127	175	0.779135
127	176	0.760311
127	177	0.779292
127	178	0.755827
127	179	0.764581
127	180	0.771408
128	9	1.42267
128	31	2.52247
128	87	0.881826
128	95	0.911917
128	118	1.69565
128	127	0.851827
128	131	0.88316
128	137	0.890199
128	142	0.84881
128	143	1.45499
128	148	0.841455
128	150	0.841334
128	152	0.414412
128	154	0.804458
128	156	0.845231
128	157	0.805227
128	158	0.866406
128	159	0.892435
128	161	0.834875
128	163	0.83993
128	168	0.798863
128	169	0.829463
128	170	0.806164
128	172	0.822654
128	174	0.795054
128	175	0.810107
128	176	0.791283
128	177	0.810265
128	178	0.7868
128	179	0.795554
128	180	0.802381
129	11	1.82737
129	41	2.65948
129	56	1.96842
129	112	0.898005
129	117	0.858064
129	122	2.54473
129	127	0.826151
129	137	0.864524
129	140	0.860304
129	141	0.827505
129	142	0.823135
129	148	0.81578
129	149	0.770346
129	151	0.824634
129	157	0.779552
129	160	0.824373
129	162	0.811804
129	163	0.814255
129	164	0.827676
129	169	0.803788
129	170	0.780489
129	172	0.796979
129	173	0.775952
129	174	0.769379
129	175	0.784432
129	176	0.765608
129	177	0.78459
129	178	0.761124
129	179	0.769879
129	180	0.776705
130	6	2.86707
130	11	0.958313
130	14	0.931289
130	18	0.930825
130	21	0.832991
130	24	1.46943
130	28	0.826459
130	32	0.902237
130	34	0.889589
130	41	0.889385
130	43	0.889209
130	45	1.42093
130	46	0.952669
130	56	0.876831
130	79	0.858941
130	107	1.74993
130	114	1.21581
130	120	0.839786
130	140	0.901943
130	149	0.811985
130	152	0.923615
130	163	0.855893
130	166	0.839575
130	168	0.814826
130	170	0.822127
130	172	0.838617
130	173	0.817591
130	175	0.82607
130	176	0.807247
130	178	0.802763
130	179	0.811517
130	180	0.818344
131	2	1.86544
131	41	1.42597
131	85	0.83153
131	86	1.88717
131	105	2.16432
131	128	0.88316
131	134	0.842446
131	135	0.87896
131	136	0.870585
131	137	0.89056
131	147	1.46915
131	148	0.841816
131	149	0.796382
131	154	0.804818
131	156	0.845592
131	158	0.866766
131	160	0.850409
131	161	0.835236
131	162	0.83784
131	167	0.855429
131	168	0.799224
131	169	0.829824
131	170	0.806525
131	172	0.823015
131	173	0.801988
131	174	0.795415
131	175	0.810468
131	176	0.791644
131	177	0.810626
131	178	0.78716
131	179	0.795915
131	180	0.802741
132	25	1.51273
132	34	1.73127
132	40	1.94908
132	80	0.972846
132	88	1.03773
132	92	0.944526
132	95	0.937709
132	105	1.6382
132	127	0.877619
132	134	0.867878
132	140	0.911771
132	147	0.943033
132	148	0.867247
132	149	0.821814
132	153	0.841392
132	156	0.871023
132	157	0.831019
132	158	0.892198
132	161	0.860667
132	162	0.863271
132	163	0.865722
132	166	0.849404
132	167	0.880861
132	170	0.831956
132	173	0.827419
132	174	0.820846
132	175	0.835899
132	176	0.817075
132	177	0.836057
132	178	0.812592
132	179	0.821346
132	180	0.828173
133	42	1.12798
133	50	0.891297
133	60	2.15775
133	62	0.935023
133	65	0.87282
133	76	0.903364
133	81	0.912144
133	85	1.89361
133	90	0.889618
133	97	0.938616
133	100	0.916825
133	101	0.788131
133	103	0.902476
133	107	0.85691
133	108	0.891229
133	111	0.892627
133	114	0.884826
133	115	0.874258
133	119	0.907752
133	120	0.838207
133	122	0.900691
133	123	0.928991
133	124	0.896086
133	126	0.890626
133	140	1.31184
133	146	0.892804
133	147	0.915359
133	152	0.922037
133	163	1.68244
133	165	0.843686
133	167	1.40498
133	171	0.800062
133	179	3.63133
134	1	2.31796
134	20	2.45357
134	35	2.19897
134	52	0.896399
134	68	0.809891
134	69	0.77012
134	117	0.843026
134	127	0.811113
134	131	0.842446
134	132	0.867878
134	139	1.97711
134	141	0.812467
134	145	0.83798
134	151	0.809595
134	153	0.774886
134	157	0.764514
134	159	0.851722
134	160	0.809335
134	161	0.794161
134	163	0.799217
