1	8	1.03692
1	15	0.906978
1	17	1.03339
1	27	0.904747
1	31	0.984257
1	35	1.00799
1	41	0.984264
1	101	1.7565
1	123	0.904189
1	129	1.65095
1	154	0.922216
1	155	0.962158
2	19	0.912396
2	29	0.991187
2	45	0.974725
2	49	0.964428
2	50	0.951638
2	61	0.951193
2	70	1.01764
2	122	1.00013
2	154	0.922131
2	156	0.960108
2	177	2.30016
2	179	2.31111
3	51	0.936659
3	55	0.935071
3	89	0.965502
3	93	0.943152
3	100	0.987665
3	102	0.930721
3	104	1.02223
3	105	0.993165
3	106	0.931031
3	113	0.978244
3	173	2.60927
3	174	1.28303
4	12	1.06088
4	23	1.03495
4	37	1.00872
4	38	1.00737
4	58	0.957861
4	99	0.910378
4	123	0.912237
4	130	0.932028
4	140	0.884928
4	141	1.094
4	143	0.935706
4	169	2.5364
5	6	0.923539
5	11	0.936066
5	14	1.03779
5	22	1.00936
5	33	0.989932
5	44	0.966898
5	48	0.9664
5	56	1.03869
5	112	1.56321
5	144	2.19735
5	149	0.95333
5	161	0.825503
6	5	0.923539
6	11	0.935183
6	14	1.03691
6	22	1.00848
6	33	0.989048
6	44	0.966015
6	48	0.965516
6	56	1.0378
6	149	0.952446
6	158	1.6944
6	161	0.824619
6	166	2.12809
7	24	1.13164
7	30	1.01515
7	52	1.06905
7	53	1.07248
7	57	1.06799
7	59	1.83633
7	77	1.1161
7	121	1.07711
7	147	1.36076
7	149	1.0128
7	155	1.08104
7	166	1.0129
8	1	1.03692
8	15	1.01806
8	17	1.14447
8	27	1.01583
8	31	1.09534
8	35	1.11907
8	41	1.09535
8	147	0.938247
8	154	1.0333
8	155	1.07324
8	166	1.05602
8	167	3.35187
9	19	0.922545
9	29	1.00134
9	45	0.984873
9	49	0.974577
9	50	0.961787
9	61	0.961341
9	70	1.02779
9	123	0.914253
9	152	1.36557
9	154	0.93228
9	156	0.970256
9	164	2.38665
10	26	1.05411
10	32	1.13364
10	36	1.11855
10	40	1.13042
10	46	1.10331
10	122	1.13016
10	127	1.40468
10	128	1.37286
10	143	1.05761
10	146	1.40486
10	159	0.977867
10	161	0.956157
11	5	0.936066
11	6	0.935183
11	22	1.02101
11	33	1.00158
11	44	0.978542
11	48	0.978043
11	56	1.05033
11	99	0.913268
11	149	0.964973
11	160	2.76476
11	161	0.837146
11	174	1.32545
12	4	1.06088
12	23	1.1539
12	37	1.12767
12	38	1.12632
12	58	1.07681
12	111	0.999674
12	123	1.03119
12	126	0.955907
12	140	1.00388
12	143	1.05465
12	160	1.66822
12	177	2.61424
13	24	1.02502
13	30	0.908522
13	34	1.00723
13	52	0.962429
13	53	0.965858
13	57	0.96137
13	77	1.00948
13	82	3.8
13	132	0.933649
13	155	0.974418
13	166	0.90628
13	180	1.54505
14	5	1.03779
14	6	1.03691
14	22	1.12273
14	33	1.1033
14	44	1.08027
14	48	1.07977
14	56	1.15205
14	131	1.48638
14	141	0.951345
14	149	1.0667
14	161	0.938872
14	178	1.75218
15	1	0.906978
15	8	1.01806
15	17	1.01453
15	27	0.885892
15	31	0.965402
15	35	0.989134
15	41	0.965409
15	91	0.940217
15	123	0.885334
15	134	1.28112
15	154	0.903361
15	155	0.943304
15	162	2.43514
16	49	0.929339
16	106	0.428665
16	128	1.0373
16	134	1.05862
16	158	0.971038
16	168	0.916022
16	169	0.935621
16	171	0.918531
16	175	0.902376
16	176	0.885858
16	178	0.963981
16	179	0.90104
16	180	0.908791
17	1	1.03339
17	8	1.14447
17	15	1.01453
17	27	1.0123
17	31	1.09181
17	35	1.11554
17	41	1.09182
17	152	1.0895
17	154	1.02977
17	155	1.06971
17	161	3.39625
17	176	2.34812
18	20	1.09109
18	47	1.0573
18	63	1.12784
18	65	1.02004
18	67	1.02692
18	73	1.01386
18	86	1.07272
18	87	1.05507
18	88	1.05482
18	130	1.1407
18	158	1.73735
18	160	0.94545
18	172	1.56412
19	2	0.912396
19	9	0.922545
19	29	0.97792
19	39	1.79062
19	45	0.961457
19	49	0.951161
19	50	0.938371
19	61	0.937925
19	70	1.00437
19	141	1.86969
19	148	0.976027
19	154	0.908864
19	156	0.94684
20	18	1.09109
20	47	1.05721
20	63	1.12775
20	65	1.01995
20	67	1.02683
20	73	1.01377
20	86	1.07264
20	87	1.05498
20	88	1.05473
20	119	1.43543
20	160	0.945361
20	169	1.83715
20	172	1.18167
21	28	1.88351
21	117	0.878206
21	142	0.862353
21	162	0.916712
21	163	0.926863
21	167	0.863289
21	173	0.844939
21	174	0.874098
21	175	0.848681
21	176	0.832162
21	177	0.843673
21	179	0.847344
21	180	0.855095
22	5	1.00936
22	6	1.00848
22	11	1.02101
22	14	1.12273
22	33	1.07487
22	44	1.05184
22	48	1.05134
22	56	1.12362
22	122	0.652705
22	130	1.29967
22	149	1.03827
22	161	0.910442
22	174	2.45686
23	4	1.03495
23	12	1.1539
23	37	1.10174
23	38	1.10039
23	99	1.0034
23	111	0.97375
23	116	1.07242
23	123	1.00526
23	130	1.02505
23	140	0.977952
23	143	1.02873
23	168	1.13371
23	179	3.09904
24	7	1.13164
24	13	1.02502
24	30	0.983189
24	34	1.0819
24	52	1.0371
24	53	1.04052
24	57	1.03604
24	77	1.08414
24	139	1.04241
24	140	1.80987
24	146	0.990397
24	166	0.980947
24	178	1.58085
25	29	0.825208
25	30	1.07243
25	94	0.924227
25	135	0.983049
25	158	0.999238
25	170	0.912172
25	173	0.926835
25	174	0.955994
25	176	0.914058
25	177	0.925568
25	178	0.992181
25	179	0.92924
25	180	0.936991
26	10	1.05411
26	32	1.00202
26	36	0.986933
26	40	0.9988
26	46	0.971693
26	111	0.871008
26	122	0.99854
26	139	0.953816
26	143	0.925988
26	146	0.727692
26	150	3.62747
26	159	0.846248
26	161	0.824539
27	1	0.904747
27	8	1.01583
27	15	0.885892
27	17	1.0123
27	31	0.963171
27	35	0.986903
27	41	0.963178
27	91	0.937986
27	123	0.883103
27	146	1.7567
27	154	0.90113
27	155	0.941073
27	165	1.92916
28	21	1.88351
28	51	0.917646
28	54	1.00174
28	55	0.916058
28	59	1.36367
28	89	0.946489
28	93	0.924139
28	100	0.968652
28	102	0.911708
28	104	1.00322
28	105	0.974152
28	106	0.912017
28	113	0.95923
29	2	0.991187
29	9	1.00134
29	19	0.97792
29	25	0.825208
29	45	1.04025
29	49	1.02995
29	50	1.01716
29	61	1.01672
29	70	1.08317
29	94	4.2
29	148	1.05482
29	154	0.987655
29	156	1.02563
29	172	1.06318
30	7	1.01515
30	13	0.908522
30	24	0.983189
30	25	1.07243
30	34	0.965399
30	52	0.920598
30	53	0.924027
30	57	0.919539
30	77	0.967647
30	132	0.891819
30	139	0.925914
30	155	0.932587
30	166	0.864449
30	172	2.27954
31	1	0.984257
31	8	1.09534
31	15	0.965402
31	17	1.09181
31	27	0.963171
31	35	1.06641
31	41	1.04269
31	91	1.0175
31	115	0.752697
31	123	0.962613
31	154	0.98064
31	155	1.02058
31	168	2.55339
31	178	1.40256
32	10	1.13364
32	26	1.00202
32	36	1.06646
32	40	1.07832
32	46	1.05122
32	92	1.25338
32	110	1.07331
32	111	0.950531
32	139	1.03334
32	141	1.46634
32	143	1.00551
32	149	1.75961
32	159	0.925771
32	161	0.904062
33	5	0.989932
33	6	0.989048
33	11	1.00158
33	14	1.1033
33	22	1.07487
33	44	1.03241
33	48	1.03191
33	56	1.10419
33	99	0.967133
33	137	1.23904
33	139	1.17914
33	149	1.01884
33	161	0.891012
33	176	4.48296
34	13	1.00723
34	24	1.0819
34	30	0.965399
34	52	1.01931
34	57	1.01825
34	60	1.06434
34	77	1.06635
34	98	1.99321
34	121	1.02736
34	122	1.26025
34	132	0.990526
34	139	1.02462
34	155	1.0313
34	166	0.963157
35	1	1.00799
35	8	1.11907
35	15	0.989134
35	17	1.11554
35	27	0.986903
35	31	1.06641
35	41	1.06642
35	68	0.781341
35	111	2.09502
35	123	0.986345
35	154	1.00437
35	155	1.04431
35	178	1.52564
36	10	1.11855
36	26	0.986933
36	32	1.06646
36	39	1.00938
36	40	1.06324
36	46	1.03613
36	98	1.53796
36	110	1.05823
36	122	1.06298
36	139	1.01825
36	143	0.990427
36	159	0.910687
36	161	0.888977
36	172	1.87538
37	4	1.00872
37	12	1.12767
37	23	1.10174
37	38	1.07416
37	58	1.02465
37	99	0.977165
37	111	0.947513
37	123	0.979025
37	126	1.36546
37	130	0.998816
37	140	0.951716
37	143	1.00249
37	179	3.09855
37	180	1.65732
38	4	1.00737
38	12	1.12632
38	23	1.10039
38	37	1.07416
38	58	1.0233
38	92	1.00773
38	99	0.975816
38	111	0.946164
38	123	0.977676
38	130	0.997467
38	140	0.950366
38	143	1.00114
38	166	2.0768
38	169	2.12535
39	19	1.79062
39	36	1.00938
39	94	0.907215
39	163	0.991747
39	164	0.97664
39	169	0.946809
39	173	0.909823
39	174	0.938982
39	175	0.913565
39	176	0.897046
39	177	0.908557
39	178	0.975169
39	179	0.912229
39	180	0.919979
40	10	1.13042
40	26	0.9988
40	32	1.07832
40	36	1.06324
40	46	1.048
40	68	1.33188
40	110	1.07009
40	111	0.947314
40	115	1.42631
40	132	1.76019
40	139	1.03012
40	143	1.00229
40	159	0.922555
40	161	0.900845
41	1	0.984264
41	8	1.09535
41	15	0.965409
41	17	1.09182
41	27	0.963178
41	31	1.04269
41	35	1.06642
41	91	1.0175
41	96	1.17289
41	119	2.30457
41	123	0.96262
41	136	0.913119
41	154	0.980647
41	155	1.02059
42	64	1.01686
42	66	1.01581
42	71	1.07713
42	72	1.07197
42	74	1.07526
42	78	1.07065
42	79	0.992187
42	80	0.991961
42	81	0.991865
42	127	1.1183
42	132	1.39294
42	140	1.93795
42	155	1.03058
42	160	0.931197
43	51	0.990373
43	54	1.07447
43	55	0.988785
43	89	1.01922
43	93	0.996866
43	100	1.04138
43	102	0.984435
43	104	1.07595
43	105	1.04688
43	106	0.984745
43	113	1.03196
43	132	1.40345
43	157	1.68256
43	163	1.54546
44	5	0.966898
44	6	0.966015
44	11	0.978542
44	14	1.08027
44	22	1.05184
44	33	1.03241
44	48	1.00888
44	56	1.08116
44	68	1.02501
44	99	0.9441
44	135	2.43277
44	149	0.995805
44	151	1.15313
44	161	0.867979
44	164	1.64152
45	2	0.974725
45	9	0.984873
45	19	0.961457
45	29	1.04025
45	49	1.01349
45	50	1.0007
45	61	1.00025
45	70	1.0667
45	123	0.953165
45	145	1.96563
45	148	1.03836
45	154	0.971192
45	156	1.00917
45	158	1.60923
45	178	1.4499
46	10	1.10331
46	26	0.971693
46	32	1.05122
46	36	1.03613
46	40	1.048
46	110	1.04299
46	111	0.920207
46	122	1.04774
46	133	2.11982
46	139	1.00301
46	141	1.01862
46	143	0.975187
46	151	1.63892
46	159	0.895448
46	161	0.873738
47	18	1.0573
47	20	1.05721
47	63	1.09396
47	65	0.986158
47	67	0.993035
47	73	0.979976
47	84	0.967826
47	86	1.03884
47	87	1.02119
47	88	1.02094
47	129	0.951908
47	140	0.925672
47	160	0.91157
47	172	1.32387
47	180	3.01269
48	5	0.9664
48	6	0.965516
48	11	0.978043
48	14	1.07977
48	22	1.05134
48	33	1.03191
48	44	1.00888
48	56	1.08066
48	68	1.02451
48	98	0.668828
48	99	0.943601
48	119	1.26
48	149	0.995306
48	161	0.86748
48	173	3.06626
49	2	0.964428
49	9	0.974577
49	16	0.929339
49	19	0.951161
49	29	1.02995
49	45	1.01349
49	50	0.990403
49	61	0.989957
49	70	1.05641
49	122	1.03889
49	146	1.35141
49	148	1.02806
49	154	0.960896
49	156	0.998872
49	178	1.94186
50	2	0.951638
50	9	0.961787
50	19	0.938371
50	29	1.01716
50	45	1.0007
50	49	0.990403
50	61	0.977167
50	70	1.04362
50	83	1.04741
50	122	1.0261
50	123	0.930079
50	148	1.01527
50	154	0.948106
50	156	0.986082
50	169	0.778357
50	170	3.61901
51	3	0.936659
51	28	0.917646
51	43	0.990373
51	54	1.04801
51	55	0.962326
51	89	0.992757
51	93	0.970407
51	100	1.01492
51	102	0.957975
51	104	1.04949
51	105	1.02042
51	106	0.958285
51	113	1.0055
51	122	1.17066
51	149	1.74739
51	151	2.07443
52	7	1.06905
52	13	0.962429
52	24	1.0371
52	30	0.920598
52	34	1.01931
52	53	0.977934
52	57	0.973446
52	77	1.02155
52	92	0.839037
52	121	0.982558
52	132	0.945726
52	139	0.979821
52	152	1.13962
52	155	0.986495
52	166	0.918357
52	168	3.00365
53	7	1.07248
53	13	0.965858
53	24	1.04052
53	30	0.924027
53	52	0.977934
53	57	0.976875
53	58	0.977577
53	77	1.02498
53	108	1.5292
53	116	1.09854
53	121	0.985987
53	132	0.949154
53	139	0.98325
53	155	0.989923
53	166	0.921785
53	177	3.32301
54	28	1.00174
54	43	1.07447
54	51	1.04801
54	55	1.04642
54	89	1.07685
54	93	1.0545
54	100	1.09901
54	102	1.04207
54	104	1.13358
54	105	1.10452
54	106	1.04238
54	113	1.08959
54	114	1.13005
54	122	0.825637
54	164	2.2178
54	165	1.49193
55	3	0.935071
55	28	0.916058
55	43	0.988785
55	51	0.962326
55	54	1.04642
55	89	0.991168
55	93	0.968819
55	100	1.01333
55	102	0.956387
55	104	1.0479
55	105	1.01883
55	106	0.956697
55	113	1.00391
55	159	2.60212
55	162	0.974471
55	169	1.66027
56	5	1.03869
56	6	1.0378
56	11	1.05033
56	14	1.15205
56	22	1.12362
56	33	1.10419
56	44	1.08116
56	48	1.08066
56	68	1.0968
56	99	1.01589
56	149	1.06759
56	154	0.764632
56	161	0.939766
56	166	1.42275
56	175	3.01497
56	178	0.829743
57	7	1.06799
57	13	0.96137
57	24	1.03604
57	30	0.919539
57	34	1.01825
57	52	0.973446
57	53	0.976875
57	77	1.02049
57	121	0.9815
57	128	1.06743
57	132	0.944667
57	139	0.978762
57	154	1.62478
57	155	0.985436
57	166	0.917298
57	174	2.40975
58	4	0.957861
58	12	1.07681
58	37	1.02465
58	38	1.0233
58	53	0.977577
58	77	1.0212
58	97	0.985382
58	109	1.02432
58	118	0.997122
58	124	1.03884
58	131	1.42822
58	154	1.6289
58	155	0.986138
58	158	1.85334
58	166	0.918
59	7	1.83633
59	28	1.36367
59	117	0.911926
59	119	0.939952
59	126	1.01705
59	151	0.96804
59	165	0.96097
59	167	0.897009
59	168	0.896046
59	171	0.898555
59	174	0.907818
59	175	0.882401
59	176	0.865882
59	177	0.877393
59	179	0.881065
59	180	0.888815
60	34	1.06434
60	66	0.816642
60	110	0.32764
60	133	1.00977
60	152	1.08707
60	165	1.03743
60	168	0.972503
60	170	0.940453
60	171	0.975012
60	172	1.0069
60	173	0.955117
60	174	0.984275
60	175	0.958858
60	176	0.94234
60	179	0.957522
60	180	0.965272
61	2	0.951193
61	9	0.961341
61	19	0.937925
61	29	1.01672
61	45	1.00025
61	49	0.989957
61	50	0.977167
61	70	1.04317
61	115	1.58676
61	122	1.02565
61	123	0.929634
61	134	1.03837
61	147	2.07703
61	148	1.01482
61	154	0.94766
61	156	0.985637
62	69	0.979675
62	85	1.02098
62	90	1.00698
62	95	0.996788
62	97	0.997446
62	109	1.03638
62	118	1.00919
62	120	2.12902
62	124	1.0509
62	133	1.60561
62	144	0.935532
62	148	1.02542
62	156	0.996237
62	159	0.883962
62	166	0.930065
62	178	1.30524
63	18	1.12784
63	20	1.12775
63	47	1.09396
63	65	1.0567
63	67	1.06358
63	73	1.05052
63	86	1.10939
63	87	1.09173
63	88	1.09148
63	128	1.23915
63	132	1.04072
63	136	1.11329
63	140	0.996215
63	160	0.982112
63	161	5.40375
63	165	1.20424
64	42	1.01686
64	66	0.969997
64	71	1.03132
64	72	1.02616
64	74	1.02944
64	78	1.02484
64	79	0.946373
64	80	0.946147
64	81	0.946051
64	84	0.94164
64	134	1.12104
64	144	0.922094
64	155	0.984765
64	156	0.982799
64	160	0.885384
64	171	1.94192
64	175	3.13436
65	18	1.02004
65	20	1.01995
65	47	0.986158
65	63	1.0567
65	67	0.955775
65	73	0.942716
65	86	1.00158
65	87	0.983926
65	88	0.983678
65	91	0.970604
65	110	1.00699
65	122	1.09075
65	132	0.932922
65	138	2.05323
65	140	0.888412
65	143	2.00776
65	160	0.87431
66	42	1.01581
66	60	0.816642
66	64	0.969997
66	71	1.03027
66	72	1.02511
66	74	1.02839
66	76	1.83288
66	78	1.02379
66	79	0.945324
66	80	0.945098
66	81	0.945002
66	84	0.94059
66	99	0.923886
66	103	1.91012
66	155	0.983715
66	156	0.981749
66	160	0.884334
67	18	1.02692
67	20	1.02683
67	47	0.993035
67	63	1.06358
67	65	0.955775
67	73	0.949594
67	76	0.916015
67	86	1.00846
67	87	0.990803
67	88	0.990556
67	91	0.977482
67	129	1.30276
67	130	1.80964
67	132	0.9398
67	140	0.89529
67	160	0.881187
67	165	1.82898
68	35	0.781341
68	40	1.33188
68	44	1.02501
68	48	1.02451
68	56	1.0968
68	82	0.924024
68	100	1.05329
68	102	0.996343
68	106	0.996652
68	113	1.04387
68	156	0.386531
68	161	0.883616
68	163	0.997177
68	173	0.915254
68	179	0.917659
68	180	0.925409
69	62	0.979675
69	85	1.00273
69	90	0.988737
69	91	0.976869
69	95	0.978541
69	97	0.9792
69	109	1.01813
69	112	1.72708
69	118	0.99094
69	124	1.03266
69	141	0.950914
69	148	1.00718
69	156	0.97799
69	159	0.865715
69	163	1.8381
69	165	1.59408
69	166	0.911818
70	2	1.01764
70	9	1.02779
70	19	1.00437
70	29	1.08317
70	45	1.0667
70	49	1.05641
70	50	1.04362
70	61	1.04317
70	122	1.0921
70	123	0.996083
70	135	1.08485
70	148	1.08127
70	150	1.32713
70	154	1.01411
70	156	1.05209
70	167	1.90668
70	176	3.47294
71	42	1.07713
71	64	1.03132
71	66	1.03027
71	72	1.08643
71	74	1.08971
71	78	1.08511
71	79	1.00664
71	80	1.00642
71	81	1.00632
71	99	0.985206
71	144	0.982364
71	149	0.756694
71	155	1.04503
71	156	1.04307
71	160	0.945653
71	164	0.877991
71	175	2.75535
71	180	2.24505
72	42	1.07197
72	64	1.02616
72	66	1.02511
72	71	1.08643
72	74	1.08456
72	78	1.07995
72	79	1.00149
72	80	1.00126
72	81	1.00116
72	121	1.03594
72	136	1.21178
72	144	0.977207
72	150	1.8454
72	155	1.03988
72	156	1.03791
72	160	0.940497
72	177	2.64128
72	179	2.65223
73	18	1.01386
73	20	1.01377
73	47	0.979976
73	63	1.05052
73	65	0.942716
73	67	0.949594
73	76	0.902956
73	84	0.924384
73	86	0.995402
73	87	0.977744
73	88	0.977497
73	110	1.00081
73	127	1.70824
73	132	0.926741
73	134	1.10062
73	140	0.882231
73	160	0.868128
73	172	2.28496
74	42	1.07526
74	64	1.02944
74	66	1.02839
74	71	1.08971
74	72	1.08456
74	78	1.08324
74	79	1.00477
74	80	1.00454
74	81	1.00445
74	84	1.00004
74	121	1.03923
74	138	1.22246
74	144	0.980491
74	152	0.631061
74	154	1.27917
74	156	1.0412
74	159	2.92769
74	160	0.943781
75	83	0.988033
75	99	1.01878
75	124	0.61399
75	138	1.00655
75	156	0.315991
75	158	1.00071
75	162	1.00008
75	165	1.01062
75	168	0.945695
75	169	0.965294
75	170	0.913645
75	171	0.948204
75	173	0.928309
75	174	0.957468
75	175	0.93205
75	176	0.915532
75	179	0.930714
75	180	0.938465
76	66	1.83288
76	67	0.916015
76	73	0.902956
76	86	0.961824
76	87	0.944166
76	88	0.943919
76	93	0.923139
76	102	0.910708
76	105	0.973152
76	106	0.911017
76	108	0.879438
76	113	0.95823
76	156	0.866871
76	177	0.828352
76	178	0.894964
76	179	0.832024
76	180	0.839774
77	7	1.1161
77	13	1.00948
77	24	1.08414
77	30	0.967647
77	34	1.06635
77	52	1.02155
77	53	1.02498
77	57	1.02049
77	58	1.0212
77	121	1.02961
77	126	1.19703
77	131	1.07733
77	132	0.992774
77	137	0.830586
77	139	1.02687
77	155	1.03354
77	166	0.965405
77	180	3.01804
78	42	1.07065
78	64	1.02484
78	66	1.02379
78	71	1.08511
78	72	1.07995
78	74	1.08324
78	79	1.00017
78	80	0.999941
78	81	0.999845
78	103	0.829387
78	121	1.03462
78	126	0.870008
78	144	0.975888
78	155	1.03856
78	156	1.03659
78	160	0.939177
78	163	0.842126
78	177	4.12131
79	42	0.992187
79	64	0.946373
79	66	0.945324
79	71	1.00664
79	72	1.00149
79	74	1.00477
79	78	1.00017
79	80	0.921474
79	81	0.921378
79	84	0.916967
79	99	0.900263
79	121	0.956156
79	136	1.07155
79	137	1.71062
79	140	2.45218
79	144	0.897421
79	155	0.960092
79	156	0.958126
79	160	0.860711
80	42	0.991961
80	64	0.946147
80	66	0.945098
80	71	1.00642
80	72	1.00126
80	74	1.00454
80	78	0.999941
80	79	0.921474
80	81	0.921152
80	84	0.916741
80	99	0.900037
80	121	0.95593
80	125	2.65238
80	137	1.1114
80	144	0.897195
80	155	0.959866
80	156	0.9579
80	160	0.860485
80	175	3.06923
81	42	0.991865
81	64	0.946051
81	66	0.945002
81	71	1.00632
81	72	1.00116
81	74	1.00445
81	78	0.999845
81	79	0.921378
81	80	0.921152
81	84	0.916645
81	99	0.899941
81	107	4.6
81	121	0.955834
81	143	1.32131
81	144	0.8971
81	155	0.95977
81	156	0.957804
81	160	0.860389
81	179	1.94368
82	13	3.8
82	68	0.924024
82	101	0.899533
82	120	0.838546
82	135	0.854843
82	138	0.876871
82	145	0.86069
82	150	0.83688
82	151	0.88801
82	164	0.865446
82	168	0.816016
82	170	0.783966
82	172	0.850415
82	174	0.827788
82	176	0.785852
82	177	0.797363
82	178	0.863975
82	179	0.801034
82	180	0.808785
83	50	1.04741
83	75	0.988033
83	85	2.06832
83	92	1.01137
83	142	0.866997
83	150	0.887834
83	151	0.938964
83	157	0.933056
83	161	0.817946
83	165	0.931894
83	169	0.886569
83	171	0.869479
83	172	0.901369
83	173	0.849583
83	174	0.878742
83	175	0.853325
83	177	0.848317
83	179	0.851989
83	180	0.859739
84	47	0.967826
84	64	0.94164
84	66	0.94059
84	73	0.924384
84	74	1.00004
84	79	0.916967
84	80	0.916741
84	81	0.916645
84	86	0.983252
84	87	0.965594
84	88	0.965346
84	97	0.954603
84	101	1.69482
84	109	0.993538
84	118	0.966343
84	124	1.00806
84	139	1.91134
84	152	1.82026
84	166	0.887221
85	62	1.02098
85	69	1.00273
85	83	2.06832
85	90	1.03004
85	91	1.01817
85	95	1.01984
85	97	1.0205
85	109	1.05943
85	110	1.05456
85	118	1.03224
85	124	1.07396
85	126	1.0116
85	141	0.992214
85	145	1.67343
85	147	0.998101
85	148	1.04848
85	149	1.01313
85	159	0.907016
85	166	0.953118
86	18	1.07272
86	20	1.07264
86	47	1.03884
86	63	1.10939
86	65	1.00158
86	67	1.00846
86	73	0.995402
86	76	0.961824
86	84	0.983252
86	87	1.03661
86	88	1.03636
86	91	1.02329
86	132	0.985608
86	140	0.941098
86	143	0.735937
86	160	0.926995
86	162	0.858984
86	168	2.05404
86	173	2.94932
87	18	1.05507
87	20	1.05498
87	47	1.02119
87	63	1.09173
87	65	0.983926
87	67	0.990803
87	73	0.977744
87	76	0.944166
87	84	0.965594
87	86	1.03661
87	88	1.01871
87	91	1.00563
87	101	0.948678
87	110	1.04202
87	130	1.35
87	132	0.96795
87	140	0.92344
87	160	0.909338
87	163	1.61335
87	174	2.5072
88	18	1.05482
88	20	1.05473
88	47	1.02094
88	63	1.09148
88	65	0.983678
88	67	0.990556
88	73	0.977497
88	76	0.943919
88	84	0.965346
88	86	1.03636
88	87	1.01871
88	91	1.00538
88	96	0.812541
88	110	1.04177
88	132	0.967703
88	140	0.923193
88	149	1.19682
88	154	1.63927
88	160	0.90909
88	168	2.8552
89	3	0.965502
89	28	0.946489
89	43	1.01922
89	51	0.992757
89	54	1.07685
89	55	0.991168
89	93	0.99925
89	100	1.04376
89	102	0.986818
89	104	1.07833
89	105	1.04926
89	106	0.987128
89	112	1.10971
89	113	1.03434
89	141	0.980999
89	148	1.03726
89	162	1.35048
89	166	1.98772
89	174	2.11458
90	62	1.00698
90	69	0.988737
90	85	1.03004
90	95	1.00585
90	97	1.00651
90	109	1.04544
90	110	1.04056
90	118	1.01825
90	124	1.05996
90	125	2.34762
90	130	0.969087
90	141	0.978222
90	148	1.03449
90	149	0.999141
90	154	1.26325
90	156	1.0053
90	158	0.738574
90	159	0.893024
90	166	0.939127
90	179	3.6954
91	15	0.940217
91	27	0.937986
91	31	1.0175
91	41	1.0175
91	65	0.970604
91	67	0.977482
91	69	0.976869
91	85	1.01817
91	86	1.02329
91	87	1.00563
91	88	1.00538
91	96	0.929063
91	109	1.03358
91	118	1.00638
91	124	1.0481
91	137	1.30836
91	154	0.955455
91	155	0.995397
91	159	0.881157
91	169	2.46247
91	178	1.8209
92	32	1.25338
92	38	1.00773
92	52	0.839037
92	83	1.01137
92	102	0.472977
92	112	1.03885
92	133	1.0063
92	135	1.00786
92	153	0.948786
92	162	1.02342
92	165	1.03396
92	167	0.969995
92	169	0.988631
92	172	1.00343
92	173	0.951645
92	174	0.980804
92	176	0.938868
92	177	0.950379
92	178	1.01699
92	179	0.954051
92	180	0.961801
93	3	0.943152
93	28	0.924139
93	43	0.996866
93	51	0.970407
93	54	1.0545
93	55	0.968819
93	76	0.923139
93	89	0.99925
93	100	1.02141
93	102	0.964468
93	104	1.05598
93	105	1.02691
93	106	0.964778
93	111	2.10498
93	113	1.01199
93	121	0.983756
93	129	0.591389
93	141	0.958649
93	144	1.88475
93	148	1.01491
93	166	2.12861
94	25	0.924227
94	29	4.2
94	39	0.907215
94	101	0.888154
94	107	0.795766
94	112	0.87445
94	131	0.892377
94	137	0.905258
94	152	0.919203
94	153	0.784391
94	157	0.870723
94	167	0.8056
94	171	0.807146
94	172	0.839036
94	173	0.78725
94	175	0.790992
94	176	0.774473
94	177	0.785984
94	178	0.852597
94	179	0.789656
94	180	0.797406
95	62	0.996788
95	69	0.978541
95	85	1.01984
95	90	1.00585
95	97	0.996312
95	109	1.03525
95	110	1.03037
95	114	0.768413
95	116	2.42903
95	118	1.00805
95	124	1.04977
95	130	0.958891
95	141	0.968026
95	144	0.934398
95	148	1.02429
95	149	0.988945
95	156	0.995103
95	159	0.882828
95	163	1.37432
95	166	0.928931
95	171	2.54108
96	41	1.17289
96	88	0.812541
96	91	0.929063
96	118	0.693625
96	136	1.10411
96	145	1.01316
96	158	1.0235
96	163	1.03302
96	164	1.01792
96	167	0.969451
96	168	0.968488
96	170	0.936438
96	172	1.00289
96	173	0.951101
96	174	0.98026
96	175	0.954843
96	176	0.938324
96	177	0.949835
96	178	1.01645
96	179	0.953507
96	180	0.961257
97	58	0.985382
97	62	0.997446
97	69	0.9792
97	84	0.954603
97	85	1.0205
97	90	1.00651
97	95	0.996312
97	109	1.03591
97	110	1.03103
97	118	1.00871
97	124	1.05043
97	130	0.95955
97	138	1.60495
97	141	0.968685
97	144	0.935057
97	149	0.989604
97	156	0.995762
97	157	1.68989
97	159	0.883487
97	163	1.55278
97	164	2.03463
98	34	1.99321
98	36	1.53796
98	48	0.668828
98	130	0.961491
98	131	1.00048
98	151	0.984738
98	157	0.978829
98	162	0.96713
98	164	0.962174
98	168	0.912744
98	170	0.880694
98	171	0.915252
98	172	0.947143
98	173	0.895357
98	174	0.924516
98	175	0.899098
98	176	0.88258
98	177	0.894091
98	178	0.960703
98	179	0.897762
98	180	0.905513
99	4	0.910378
99	11	0.913268
99	23	1.0034
99	33	0.967133
99	37	0.977165
99	38	0.975816
99	44	0.9441
99	48	0.943601
99	56	1.01589
99	66	0.923886
99	71	0.985206
99	75	1.01878
99	79	0.900263
99	80	0.900037
99	81	0.899941
99	123	0.880686
99	143	0.904154
99	156	0.936689
99	161	0.802705
99	162	1.78939
99	171	2.82641
100	3	0.987665
100	28	0.968652
100	43	1.04138
100	51	1.01492
100	54	1.09901
100	55	1.01333
100	68	1.05329
100	89	1.04376
100	93	1.02141
100	102	1.00898
100	104	1.10049
100	105	1.07143
100	106	1.00929
100	113	1.0565
100	114	0.940229
100	121	1.02827
100	141	1.00316
100	148	1.05943
100	152	0.985818
100	162	0.827932
100	167	2.90048
100	170	3.49384
101	1	1.7565
101	82	0.899533
101	84	1.69482
101	87	0.948678
101	94	0.888154
101	117	0.924029
101	136	1.04377
101	151	0.980143
101	153	0.887903
101	157	0.974235
101	162	0.962535
101	164	0.957579
101	168	0.908149
101	169	0.927748
101	173	0.890762
101	174	0.919921
101	175	0.894504
101	176	0.877985
101	177	0.889496
101	178	0.956109
101	179	0.893168
101	180	0.900918
102	3	0.930721
102	28	0.911708
102	43	0.984435
102	51	0.957975
102	54	1.04207
102	55	0.956387
102	68	0.996343
102	76	0.910708
102	89	0.986818
102	92	0.472977
102	93	0.964468
102	100	1.00898
102	104	1.04355
102	105	1.01448
102	106	0.952347
102	113	0.99956
102	121	0.971324
102	141	0.946218
102	148	1.00248
102	151	1.30625
102	157	1.44989
102	159	3.07019
103	66	1.91012
103	78	0.829387
103	115	1.00874
103	117	0.915233
103	137	0.999974
103	140	0.901
103	148	1.02107
103	162	0.953739
103	163	0.963889
103	164	0.948783
103	165	0.964277
103	168	0.899353
103	169	0.918952
103	171	0.901862
103	172	0.933752
103	173	0.881966
103	174	0.911125
103	176	0.869189
103	177	0.8807
103	178	0.947312
103	179	0.884371
103	180	0.892122
104	3	1.02223
104	28	1.00322
104	43	1.07595
104	51	1.04949
104	54	1.13358
104	55	1.0479
104	89	1.07833
104	93	1.05598
104	100	1.10049
104	102	1.04355
104	105	1.10599
104	106	1.04386
104	108	2.8708
104	113	1.09107
104	127	0.968775
104	132	1.24341
104	139	0.937263
104	141	1.03773
104	146	0.968949
104	148	1.09399
105	3	0.993165
105	28	0.974152
105	43	1.04688
105	51	1.02042
105	54	1.10452
105	55	1.01883
105	76	0.973152
105	89	1.04926
105	93	1.02691
105	100	1.07143
105	102	1.01448
105	104	1.10599
105	106	1.01479
105	113	1.062
105	121	1.03377
105	141	1.00866
105	144	0.994555
105	145	1.16113
105	148	1.06493
105	149	0.72668
105	153	4.34665
105	164	0.95327
106	3	0.931031
106	16	0.428665
106	28	0.912017
106	43	0.984745
106	51	0.958285
106	54	1.04238
106	55	0.956697
106	68	0.996652
106	76	0.911017
106	89	0.987128
106	93	0.964778
106	100	1.00929
106	102	0.952347
106	104	1.04386
106	105	1.01479
106	113	0.99987
106	121	0.971634
106	138	1.31937
106	141	0.946528
106	148	1.00279
106	172	1.42728
106	180	3.11611
107	81	4.6
107	94	0.795766
107	117	0.831641
107	133	0.853032
107	139	0.896014
107	141	0.873645
107	147	0.888375
107	153	0.795515
107	157	0.881847
107	158	0.870778
107	163	0.880298
107	165	0.880685
107	167	0.816724
107	168	0.815761
107	169	0.83536
107	170	0.783711
107	172	0.85016
107	174	0.827533
107	175	0.802116
107	176	0.785597
107	177	0.797108
107	179	0.80078
107	180	0.80853
108	53	1.5292
108	76	0.879438
108	104	2.8708
108	111	0.85451
108	134	0.999659
108	145	0.901739
108	152	0.97163
108	153	0.836819
108	158	0.912081
108	159	0.82975
108	162	0.911451
108	164	0.906495
108	167	0.858028
108	168	0.857065
108	169	0.876664
108	170	0.825015
108	174	0.868837
108	175	0.843419
108	177	0.838412
108	178	0.905024
108	179	0.842083
108	180	0.849834
109	58	1.02432
109	62	1.03638
109	69	1.01813
109	84	0.993538
109	85	1.05943
109	90	1.04544
109	91	1.03358
109	95	1.03525
109	97	1.03591
109	118	1.04765
109	124	1.08936
109	130	0.998484
109	136	1.368
109	141	1.00762
109	144	0.973992
109	148	1.06388
109	149	1.02854
109	159	0.922422
109	160	1.80005
109	164	0.888146
109	166	0.968524
109	175	1.82609
109	176	4.09599
110	32	1.07331
110	36	1.05823
110	40	1.07009
110	46	1.04299
110	60	0.32764
110	65	1.00699
110	73	1.00081
110	85	1.05456
110	87	1.04202
110	88	1.04177
110	90	1.04056
110	95	1.03037
110	97	1.03103
110	117	2.11525
110	118	1.04277
110	124	1.08448
110	156	1.02982
110	159	0.917542
110	160	0.932402
110	161	0.895833
110	162	1.56361
110	163	1.43386
110	178	1.60784
111	12	0.999674
111	23	0.97375
111	26	0.871008
111	32	0.950531
111	35	2.09502
111	37	0.947513
111	38	0.946164
111	40	0.947314
111	46	0.920207
111	93	2.10498
111	108	0.85451
111	126	0.943077
111	140	0.823724
111	143	0.874502
111	159	0.794762
111	161	0.773052
111	172	0.856476
111	173	0.80469
111	178	0.870036
111	179	0.807096
111	180	0.814846
112	5	1.56321
112	69	1.72708
112	89	1.10971
112	92	1.03885
112	94	0.87445
112	134	1.03704
112	146	0.996536
112	147	0.967059
112	151	0.966439
112	158	0.949461
112	161	0.845421
112	165	0.959369
112	169	0.914044
112	170	0.862395
112	172	0.928844
112	174	0.906217
112	175	0.8808
112	176	0.864281
112	177	0.875792
112	178	0.942404
112	179	0.879464
112	180	0.887214
113	3	0.978244
113	28	0.95923
113	43	1.03196
113	51	1.0055
113	54	1.08959
113	55	1.00391
113	68	1.04387
113	76	0.95823
113	89	1.03434
113	93	1.01199
113	100	1.0565
113	102	0.99956
113	104	1.09107
113	105	1.062
113	106	0.99987
113	114	0.893985
113	121	1.01885
113	131	1.40807
113	136	0.522261
113	141	0.993741
113	142	3.29489
113	148	1.05
113	165	1.25587
114	54	1.13005
114	95	0.768413
114	100	0.940229
114	113	0.893985
114	125	0.995272
114	126	1.10198
114	142	0.981003
114	145	1.02565
114	147	1.05359
114	148	0.427905
114	152	1.09554
114	157	1.04706
114	162	1.03536
114	163	1.04551
114	168	0.980976
114	172	1.01537
114	173	0.963589
114	174	0.992748
114	175	0.96733
114	176	0.950812
114	177	0.962323
114	178	1.02894
114	179	0.965994
114	180	0.973745
115	31	0.752697
115	40	1.42631
115	61	1.58676
115	103	1.00874
115	126	1.05502
115	137	1.03464
115	146	1.03611
115	147	1.00664
115	150	0.954886
115	154	0.981006
115	155	0.155064
115	162	0.988408
115	168	0.934023
115	169	0.953621
115	171	0.936531
115	172	0.968422
115	173	0.916636
115	174	0.945795
115	175	0.920377
115	176	0.903859
115	177	0.915369
115	178	0.981982
115	180	0.926792
116	23	1.07242
116	53	1.09854
116	95	2.42903
116	125	0.907552
116	137	0.993877
116	145	0.937931
116	151	0.96525
116	152	1.00782
116	163	0.957793
116	164	0.942686
116	165	0.95818
116	167	0.894219
116	169	0.912855
116	170	0.861206
116	172	0.927655
116	173	0.875869
116	174	0.905028
116	175	0.879611
116	176	0.863092
116	177	0.874603
116	178	0.941216
116	179	0.878275
116	180	0.886025
117	21	0.878206
117	59	0.911926
117	101	0.924029
117	103	0.915233
117	107	0.831641
117	110	2.11525
117	118	2.09287
117	129	0.974474
117	146	0.942603
117	151	0.912506
117	153	0.820266
117	158	0.895528
117	159	0.813197
117	164	0.889942
117	165	0.905436
117	167	0.841475
117	168	0.840512
117	171	0.843021
117	174	0.852284
117	176	0.810348
117	177	0.821859
117	178	0.888471
117	179	0.82553
117	180	0.833281
118	58	0.997122
118	62	1.00919
118	69	0.99094
118	84	0.966343
118	85	1.03224
118	90	1.01825
118	91	1.00638
118	95	1.00805
118	96	0.693625
118	97	1.00871
118	109	1.04765
118	110	1.04277
118	117	2.09287
118	124	1.06217
118	130	0.97129
118	139	0.963325
118	141	0.980425
118	143	1.41818
118	144	0.946797
118	147	1.42586
118	148	1.03669
118	149	1.00134
118	156	1.0075
118	159	0.895227
118	166	0.94133
119	20	1.43543
119	41	2.30457
119	48	1.26
119	59	0.939952
119	126	0.989538
119	134	1.01113
119	136	1.00416
119	142	0.868565
119	143	0.920962
119	145	0.913212
119	150	0.889401
119	152	0.983103
119	162	0.922923
119	163	0.933074
119	165	0.933462
119	168	0.868538
119	170	0.836488
119	172	0.902937
119	174	0.88031
119	175	0.854892
119	176	0.838374
119	177	0.849884
119	178	0.916497
119	179	0.853556
119	180	0.861307
120	62	2.12902
120	82	0.838546
120	126	0.968162
120	132	0.893319
120	137	0.947783
120	142	0.847189
120	144	0.871417
120	148	2.03156
120	152	0.961727
120	162	0.901548
120	163	0.911699
120	167	0.848125
120	168	0.847162
120	169	0.866761
120	171	0.849671
120	172	0.881561
120	173	0.829775
120	174	0.858934
120	175	0.833517
120	176	0.816998
120	177	0.828509
120	178	0.895121
120	179	0.832181
120	180	0.839931
121	7	1.07711
121	34	1.02736
121	52	0.982558
121	53	0.985987
121	57	0.9815
121	72	1.03594
121	74	1.03923
121	77	1.02961
121	78	1.03462
121	79	0.956156
121	80	0.95593
121	81	0.955834
121	93	0.983756
121	100	1.02827
121	102	0.971324
121	105	1.03377
121	106	0.971634
121	113	1.01885
121	135	2.48238
121	155	0.994548
121	157	1.34639
121	165	0.965271
121	166	0.92641
121	174	2.10313
121	178	1.38327
122	2	1.00013
122	10	1.13016
122	22	0.652705
122	26	0.99854
122	34	1.26025
122	36	1.06298
122	46	1.04774
122	49	1.03889
122	50	1.0261
122	51	1.17066
122	54	0.825637
122	61	1.02565
122	65	1.09075
122	70	1.0921
122	123	0.978566
122	156	1.03457
122	159	0.922295
122	161	0.900585
122	164	0.99904
122	172	0.984009
122	173	0.932223
122	177	0.930956
122	178	0.997569
122	179	0.934628
122	180	0.942379
123	1	0.904189
123	4	0.912237
123	9	0.914253
123	12	1.03119
123	15	0.885334
123	23	1.00526
123	27	0.883103
123	31	0.962613
123	35	0.986345
123	37	0.979025
123	38	0.977676
123	41	0.96262
123	45	0.953165
123	50	0.930079
123	61	0.929634
123	70	0.996083
123	99	0.880686
123	122	0.978566
123	130	0.902337
123	133	1.87457
123	144	1.92334
123	148	0.967735
123	154	0.900572
123	155	0.940515
123	157	1.53732
123	171	2.56698
124	58	1.03884
124	62	1.0509
124	69	1.03266
124	75	0.61399
124	84	1.00806
124	85	1.07396
124	90	1.05996
124	91	1.0481
124	95	1.04977
124	97	1.05043
124	109	1.08936
124	110	1.08448
124	118	1.06217
124	128	0.858925
124	130	1.01301
124	141	1.02214
124	144	0.988513
124	148	1.0784
124	149	1.04306
124	152	0.768166
124	153	3.45335
124	156	1.04922
124	159	0.936943
124	166	0.983045
124	167	2.64097
124	173	1.79821
125	80	2.65238
125	90	2.34762
125	114	0.995272
125	116	0.907552
125	142	0.838955
125	146	0.941018
125	151	0.910922
125	157	0.905013
125	158	0.893944
125	163	0.903464
125	164	0.888358
125	165	0.903852
125	167	0.839891
125	168	0.838928
125	169	0.858527
125	170	0.806878
125	171	0.841437
125	172	0.873327
125	173	0.821541
125	175	0.825283
125	176	0.808764
125	177	0.820275
125	178	0.886887
125	179	0.823946
125	180	0.831697
126	12	0.955907
126	37	1.36546
126	59	1.01705
126	77	1.19703
126	78	0.870008
126	85	1.0116
126	111	0.943077
126	114	1.10198
126	115	1.05502
126	119	0.989538
126	120	0.968162
126	127	1.03825
126	146	1.04772
126	152	1.0602
126	162	1.00002
126	163	1.01017
126	168	0.945632
126	170	0.913582
126	171	0.948141
126	172	0.980031
126	173	0.928246
126	175	0.931987
126	176	0.915469
126	177	0.926979
126	178	0.993592
126	179	0.930651
126	180	0.938401
127	10	1.40468
127	42	1.1183
127	73	1.70824
127	104	0.968775
127	126	1.03825
127	136	1.05287
127	145	0.961921
127	150	0.93811
127	151	0.98924
127	153	0.897
127	158	0.972263
127	162	0.971632
127	163	0.981783
127	164	0.966676
127	169	0.936845
127	170	0.885196
127	171	0.919755
127	172	0.951645
127	173	0.89986
127	174	0.929018
127	175	0.903601
127	176	0.887083
127	177	0.898593
127	178	0.965206
127	179	0.902265
127	180	0.910015
128	10	1.37286
128	16	1.0373
128	57	1.06743
128	63	1.23915
128	124	0.858925
128	134	1.08851
128	137	1.04654
128	138	1.00677
128	146	1.04801
128	147	1.01853
128	151	1.01791
128	153	0.925669
128	155	0.182475
128	162	1.0003
128	164	0.995345
128	165	1.01084
128	169	0.965514
128	170	0.913865
128	171	0.948424
128	172	0.980314
128	173	0.928528
128	175	0.93227
128	176	0.915751
128	177	0.927262
128	178	0.993875
128	179	0.930934
128	180	0.938684
129	1	1.65095
129	47	0.951908
129	67	1.30276
129	93	0.591389
129	117	0.974474
129	131	1.04633
129	136	1.09421
129	140	0.960242
129	146	1.06069
129	147	1.03121
129	148	0.263576
129	162	1.01298
129	166	0.977382
129	167	0.959558
129	168	0.958595
129	169	0.978193
129	170	0.926545
129	171	0.961103
129	172	0.992994
129	173	0.941208
129	174	0.970367
129	175	0.944949
129	176	0.928431
129	177	0.939941
129	178	1.00655
129	179	0.943613
129	180	0.951364
130	4	0.932028
130	18	1.1407
130	22	1.29967
130	23	1.02505
130	37	0.998816
130	38	0.997467
130	67	1.80964
130	87	1.35
130	90	0.969087
130	95	0.958891
130	97	0.95955
130	98	0.961491
130	109	0.998484
130	118	0.97129
130	123	0.902337
130	124	1.01301
130	140	0.875027
130	143	0.925805
130	162	0.927766
130	164	0.92281
130	166	0.892168
130	167	0.874343
130	172	0.907779
130	173	0.855993
130	177	0.854727
130	178	0.921339
130	179	0.858398
130	180	0.866149
131	14	1.48638
131	58	1.42822
131	77	1.07733
131	94	0.892377
131	98	1.00048
131	113	1.40807
131	129	1.04633
131	137	1.01299
131	138	0.973228
131	152	1.02694
131	160	0.899917
131	162	0.966758
131	164	0.961802
131	165	0.977296
131	167	0.913336
131	168	0.912372
131	169	0.931971
131	170	0.880322
131	171	0.914881
131	173	0.894986
131	174	0.924144
131	175	0.898727
131	176	0.882209
131	177	0.893719
131	178	0.960332
131	179	0.897391
131	180	0.905141
132	13	0.933649
132	30	0.891819
132	34	0.990526
132	40	1.76019
132	42	1.39294
132	43	1.40345
132	52	0.945726
132	53	0.949154
132	57	0.944667
132	63	1.04072
132	65	0.932922
132	67	0.9398
132	73	0.926741
132	77	0.992774
132	86	0.985608
132	87	0.96795
132	88	0.967703
132	104	1.24341
132	120	0.893319
132	146	0.97288
132	160	0.858334
132	166	0.889577
132	167	0.871752
132	169	0.890388
132	171	0.873298
132	174	0.882561
132	178	0.918749
132	179	0.855808
132	180	0.863558
133	46	2.11982
133	60	1.00977
133	62	1.60561
133	92	1.0063
133	107	0.853032
133	123	1.87457
133	135	0.90073
133	136	0.997523
133	144	0.886158
133	146	0.963993
133	152	0.976468
133	153	0.841657
133	157	0.927988
133	158	0.916919
133	160	0.849447
133	164	0.911333
133	167	0.862866
133	168	0.861903
133	170	0.829853
133	171	0.864412
133	172	0.896302
133	173	0.844516
133	174	0.873675
133	176	0.831739
133	177	0.84325
133	178	0.909862
133	179	0.846921
133	180	0.854672
134	15	1.28112
134	16	1.05862
134	61	1.03837
134	64	1.12104
134	73	1.10062
134	108	0.999659
134	112	1.03704
134	119	1.01113
134	128	1.08851
134	135	1.00605
134	145	1.0119
134	147	1.03984
134	148	0.00953167
134	150	0.98809
134	151	1.03922
134	155	0.130733
134	158	1.02224
134	162	1.02161
134	165	1.03215
134	169	0.986825
134	170	0.935177
134	171	0.969735
134	172	1.00163
134	173	0.94984
134	175	0.953581
134	176	0.937063
134	177	0.948573
134	178	1.01519
134	179	0.952245
134	180	0.959996
135	25	0.983049
135	44	2.43277
135	70	1.08485
135	82	0.854843
135	92	1.00786
135	121	2.48238
135	133	0.90073
135	134	1.00605
135	142	0.863487
135	153	0.843213
135	157	0.929545
135	161	0.814435
135	162	0.917846
135	163	0.927996
135	164	0.91289
135	165	0.928384
135	167	0.864423
135	168	0.86346
135	169	0.883058
135	170	0.83141
135	171	0.865968
135	172	0.897859
135	173	0.846073
135	174	0.875232
135	175	0.849814
135	176	0.833296
135	177	0.844807
135	178	0.911419
135	179	0.848478
135	180	0.856229
136	41	0.913119
136	63	1.11329
136	72	1.21178
136	79	1.07155
136	96	1.10411
136	101	1.04377
136	109	1.368
136	113	0.522261
136	119	1.00416
136	127	1.05287
136	129	1.09421
136	133	0.997523
136	138	1.02111
136	158	1.01527
136	161	0.911227
136	163	1.02479
136	164	1.00968
136	165	1.02518
136	168	0.960252
136	169	0.979851
136	170	0.928202
136	171	0.962761
136	172	0.994651
136	173	0.942865
136	174	0.972024
136	175	0.946606
136	176	0.930088
136	177	0.941599
136	178	1.00821
136	179	0.94527
136	180	0.953021
137	33	1.23904
137	77	0.830586
137	79	1.71062
137	80	1.1114
137	91	1.30836
137	94	0.905258
137	103	0.999974
137	115	1.03464
137	116	0.993877
137	120	0.947783
137	128	1.04654
137	131	1.01299
137	150	0.946117
137	151	0.997247
137	153	0.905007
137	157	0.991338
137	158	0.980269
137	164	0.974683
137	167	0.926216
137	168	0.925253
137	169	0.944851
137	170	0.893203
137	171	0.927762
137	172	0.959652
137	174	0.937025
137	175	0.911607
137	176	0.895089
137	177	0.9066
137	178	0.973212
137	179	0.910271
137	180	0.918022
138	65	2.05323
138	74	1.22246
138	75	1.00655
138	82	0.876871
138	97	1.60495
138	106	1.31937
138	128	1.00677
138	131	0.973228
138	136	1.02111
138	150	0.906351
138	151	0.957482
138	153	0.865241
138	157	0.951573
138	158	0.940504
138	162	0.939874
138	163	0.950024
138	164	0.934918
138	165	0.950412
138	167	0.886451
138	168	0.885488
138	170	0.853438
138	171	0.887996
138	172	0.919887
138	173	0.868101
138	174	0.89726
138	175	0.871842
138	176	0.855324
138	177	0.866835
138	178	0.933447
138	179	0.870506
138	180	0.878257
139	24	1.04241
139	26	0.953816
139	30	0.925914
139	32	1.03334
139	33	1.17914
139	34	1.02462
139	36	1.01825
139	40	1.03012
139	46	1.00301
139	52	0.979821
139	53	0.98325
139	57	0.978762
139	77	1.02687
139	84	1.91134
139	104	0.937263
139	107	0.896014
139	118	0.963325
139	143	0.95731
139	155	0.99181
139	156	0.50869
139	157	0.97097
139	159	0.87757
139	161	0.85586
139	166	0.923672
139	167	0.905848
139	170	0.872835
139	173	0.887498
139	177	0.886231
139	178	0.952844
139	179	0.889903
139	180	0.897654
140	4	0.884928
140	12	1.00388
140	23	0.977952
140	24	1.80987
140	37	0.951716
140	38	0.950366
140	42	1.93795
140	47	0.925672
140	63	0.996215
140	65	0.888412
140	67	0.89529
140	73	0.882231
140	79	2.45218
140	86	0.941098
140	87	0.92344
140	88	0.923193
140	103	0.901
140	111	0.823724
140	129	0.960242
140	130	0.875027
140	143	0.878704
140	160	0.813824
140	167	0.827242
140	171	0.828788
140	173	0.808892
140	175	0.812634
140	176	0.796115
140	177	0.807626
140	178	0.874239
140	179	0.811298
140	180	0.819048
141	4	1.094
141	14	0.951345
141	19	1.86969
141	32	1.46634
141	46	1.01862
141	69	0.950914
141	85	0.992214
141	89	0.980999
141	90	0.978222
141	93	0.958649
141	95	0.968026
141	97	0.968685
141	100	1.00316
