1	5	0.967257
1	12	1.22117
1	16	0.930437
1	29	1.05122
1	51	1.09154
1	56	1.0207
1	142	1.08681
1	151	1.07188
1	154	0.877381
1	162	1.0999
1	171	0.890756
1	178	0.905122
2	67	0.871287
2	86	1.20638
2	102	1.22744
2	118	1.17981
2	121	1.15234
2	128	1.21637
2	138	1.20199
2	143	0.686381
2	164	0.769947
2	167	1.23514
2	174	0.734627
2	178	0.731839
3	43	1.17761
3	44	1.18309
3	54	1.25158
3	79	1.22499
3	116	1.17404
3	123	0.770044
3	154	1.1878
3	156	1.19774
3	167	0.678354
3	168	0.791828
3	172	0.768975
3	180	0.793307
4	35	1.22988
4	90	1.13846
4	141	1.21713
4	148	0.733862
4	151	1.17872
4	163	0.791518
4	166	1.24543
4	167	0.706
4	175	1.12597
4	178	0.741238
4	179	1.24203
4	180	0.820953
5	1	0.967257
5	29	1.05953
5	51	1.09984
5	56	1.02901
5	110	0.988159
5	116	1.06674
5	142	1.04281
5	148	0.853747
5	151	1.08019
5	162	1.1082
5	172	0.916506
5	180	0.940838
6	102	1.20583
6	113	0.668783
6	117	1.24967
6	121	1.13073
6	125	1.18348
6	128	1.19476
6	132	0.713806
6	138	1.18038
6	159	0.794449
6	161	0.830046
6	176	0.791198
6	179	1.25828
7	34	1.07555
7	65	1.17514
7	92	1.34851
7	94	1.17561
7	141	0.736214
7	157	0.73635
7	162	1.21323
7	164	0.772452
7	166	1.25192
7	168	0.812581
7	174	0.737132
7	178	1.16319
8	26	1.38159
8	69	1.39308
8	77	1.47207
8	80	1.35505
8	82	1.45435
8	135	1.39347
8	141	0.615765
8	152	0.655626
8	154	0.586153
8	158	0.628547
8	159	0.674436
8	175	0.680416
9	40	0.786006
9	107	0.666038
9	133	0.678256
9	139	0.654241
9	157	1.22139
9	159	1.17813
9	162	0.620056
9	165	1.20068
9	171	1.2334
9	172	1.16519
9	174	1.23095
9	180	1.16256
10	19	1.25383
10	42	1.36097
10	45	1.31926
10	62	1.208
10	68	1.27781
10	141	0.683795
10	158	1.30342
10	167	0.646687
10	173	0.740204
10	175	0.748446
10	178	0.681924
11	46	1.04616
11	48	1.04495
11	50	1.04915
11	55	0.955076
11	61	1.08221
11	78	1.09876
11	100	0.839061
11	147	1.08229
11	152	1.00139
11	158	1.03308
11	161	1.00911
11	164	0.951076
12	1	1.22117
12	16	1.19265
12	29	1.31344
12	51	1.35375
12	56	1.28292
12	131	0.697535
12	141	0.646918
12	161	0.741185
12	162	1.36211
12	164	0.683156
12	180	0.724763
13	16	0.811943
13	22	0.709184
13	45	0.639835
13	86	0.677884
13	159	1.18659
13	166	0.586431
13	170	1.21685
13	172	1.17365
13	174	1.23941
13	176	1.20574
13	177	1.20555
13	180	1.17102
14	19	1.14409
14	25	1.37159
14	42	1.25123
14	45	1.20951
14	62	1.09825
14	68	1.16807
14	100	0.692793
14	148	0.759325
14	158	1.19368
14	165	0.788123
14	167	0.731463
14	176	0.823991
15	22	1.15874
15	83	1.20042
15	84	1.19989
15	119	0.730756
15	123	0.783733
15	147	1.24291
15	152	1.162
15	154	1.21547
15	156	1.22541
15	163	0.777561
15	169	0.712981
15	175	0.793802
16	1	0.930437
16	12	1.19265
16	13	0.811943
16	29	1.02271
16	51	1.06302
16	93	1.02743
16	116	1.02992
16	151	1.04337
16	162	1.07138
16	168	0.97575
16	172	0.952896
16	180	0.977229
17	104	1.02444
17	107	1.03324
17	117	1.09153
17	125	1.02534
17	128	1.03662
17	131	0.973662
17	138	1.02223
17	148	0.913798
17	154	0.893433
17	167	1.05539
17	177	0.967633
17	179	1.10014
18	41	0.600544
18	58	0.559706
18	66	0.61423
18	68	0.644508
18	80	0.65298
18	94	0.595987
18	165	1.30399
18	169	1.34561
18	170	1.31171
18	172	1.26851
18	176	1.3006
18	177	1.30041
18	180	1.26588
19	10	1.25383
19	14	1.14409
19	25	1.27023
19	45	1.10815
19	57	1.19806
19	62	0.996888
19	68	1.06671
19	113	0.76005
19	148	0.8178
19	155	0.78458
19	158	1.09231
19	160	0.850257
19	173	0.883455
20	41	1.17107
20	71	1.22534
20	83	1.11451
20	84	1.11398
20	100	0.760305
20	132	0.81411
20	137	1.1491
20	152	1.07609
20	154	1.12955
20	156	1.1395
20	157	0.836218
20	158	0.848865
20	170	0.837233
21	31	0.961127
21	38	1.03822
21	43	0.984045
21	44	0.989528
21	54	1.05801
21	58	1.06655
21	79	1.03142
21	152	1.05224
21	154	0.994237
21	156	1.00418
21	160	1.03559
21	167	0.975271
21	171	0.996141
22	13	0.709184
22	15	1.15874
22	49	0.767084
22	71	1.2245
22	83	1.11367
22	84	1.11314
22	137	1.14827
22	152	1.07525
22	154	1.12872
22	156	1.13866
22	168	0.872991
22	172	0.850137
22	173	0.853033
23	40	1.06904
23	60	1.06241
23	85	0.791022
23	90	1.11275
23	99	0.85349
23	151	1.15301
23	156	1.16327
23	157	0.820241
23	166	1.21972
23	169	0.803935
23	170	0.821257
23	175	1.10027
23	179	1.21632
24	32	1.24242
24	53	1.1693
24	69	1.11456
24	77	1.19356
24	80	1.07653
24	82	1.17583
24	110	1.07367
24	135	1.11495
24	144	0.78129
24	165	0.819715
24	167	0.763055
24	173	0.856571
24	180	0.878008
25	14	1.37159
25	19	1.27023
25	57	1.42556
25	62	1.22439
25	68	1.29421
25	72	0.664077
25	97	0.684327
25	122	1.19969
25	157	0.67488
25	158	1.31982
25	163	0.723154
25	171	0.658508
25	175	0.739396
26	8	1.38159
26	32	1.19891
26	53	1.12579
26	69	1.07106
26	77	1.15005
26	80	1.03302
26	82	1.13232
26	135	1.07144
26	150	0.81534
26	152	0.840856
26	157	0.80113
26	171	0.784758
26	176	0.856415
27	35	1.19829
27	40	1.06315
27	60	1.05652
27	90	1.10686
27	115	0.813664
27	155	0.766528
27	156	1.15738
27	159	0.867665
27	163	0.857404
27	166	1.21383
27	171	0.792757
27	175	1.09438
27	179	1.21043
28	89	1.1293
28	95	1.16301
28	109	1.18792
28	111	1.1491
28	114	1.1386
28	120	0.880944
28	127	1.10554
28	133	1.12068
28	153	0.791
28	155	0.758529
28	158	0.813777
28	173	0.857404
28	178	1.11759
29	1	1.05122
29	5	1.05953
29	12	1.31344
29	16	1.02271
29	51	1.18381
29	56	1.11298
29	135	0.825522
29	151	1.16415
29	162	1.19217
29	167	0.783567
29	169	0.804505
29	171	0.804438
29	173	0.877084
30	34	1.02456
30	59	1.05963
30	65	1.12415
30	92	1.29752
30	94	1.12462
30	135	0.81403
30	162	1.16224
30	165	0.828735
30	166	1.20093
30	167	0.772075
30	169	0.793012
30	178	1.1122
30	180	0.887028
31	21	0.961127
31	43	1.14214
31	44	1.14762
31	47	1.12085
31	58	1.22464
31	79	1.18952
31	142	0.938502
31	149	0.821596
31	153	0.748694
31	154	1.15233
31	156	1.16227
31	158	0.771471
31	173	0.815098
32	24	1.24242
32	26	1.19891
32	53	1.26513
32	55	0.737909
32	69	1.2104
32	77	1.28939
32	80	1.17237
32	82	1.27167
32	131	0.748289
32	135	1.21079
32	148	0.688425
32	173	0.75408
32	176	0.753091
32	177	0.74226
33	35	0.779458
33	37	0.789667
33	88	0.83503
33	139	0.831397
33	144	1.1263
33	145	1.15066
33	162	0.797213
33	163	1.06828
33	164	1.09235
33	171	1.1133
33	173	1.05842
33	176	1.07718
33	177	1.07699
33	180	1.04246
34	7	1.07555
34	30	1.02456
34	59	1.00056
34	92	1.23844
34	94	1.06555
34	120	0.914159
34	137	1.09501
34	142	1.01402
34	157	0.834346
34	162	1.10316
34	166	1.14185
34	169	0.81804
34	171	0.817973
34	178	1.05312
35	4	1.22988
35	27	1.19829
35	33	0.779458
35	60	1.14538
35	67	0.831047
35	75	0.628494
35	90	1.19571
35	99	0.726854
35	148	0.684223
35	156	1.24623
35	166	1.30268
35	175	1.18323
35	177	0.738058
35	179	1.29929
36	88	0.825076
36	140	0.807607
36	151	0.840647
36	162	0.787259
36	164	1.09818
36	165	1.08641
36	166	0.749907
36	170	1.09412
36	171	1.11913
36	173	1.06425
36	174	1.11668
36	176	1.08301
36	177	1.08282
36	180	1.04829
37	33	0.789667
37	59	1.13033
37	65	1.19485
37	92	1.36821
37	94	1.19532
37	137	1.22479
37	141	0.703678
37	155	0.661212
37	160	0.726889
37	162	1.23294
37	166	1.27163
37	172	0.757191
37	176	0.759098
37	178	1.1829
38	21	1.03822
38	47	1.19794
38	54	1.2932
38	58	1.30174
38	79	1.26661
38	116	1.21566
38	142	0.874446
38	144	0.675761
38	153	0.684639
38	154	1.22943
38	156	1.23937
38	159	0.753304
38	171	0.678397
38	180	0.772479
39	46	1.23548
39	48	1.23427
39	61	1.27153
39	78	1.28808
39	122	1.10228
39	147	1.27161
39	152	1.19071
39	157	0.697049
39	158	1.2224
39	163	0.745323
39	164	0.733151
39	175	0.761565
39	176	0.752334
39	177	0.741502
40	9	0.786006
40	23	1.06904
40	27	1.06315
40	60	1.01024
40	90	1.06058
40	131	0.927791
40	151	1.10084
40	153	0.867179
40	156	1.1111
40	160	0.900384
40	166	1.16755
40	175	1.0481
40	178	0.875302
40	179	1.16415
41	18	0.600544
41	20	1.17107
41	71	1.32274
41	83	1.21191
41	84	1.21138
41	85	0.732368
41	137	1.2465
41	144	0.742579
41	152	1.17349
41	154	1.22695
41	156	1.2369
41	167	0.724344
41	178	0.759581
41	180	0.839297
42	10	1.36097
42	14	1.25123
42	45	1.21529
42	57	1.3052
42	62	1.10403
42	63	0.714715
42	68	1.17385
42	116	1.20746
42	152	0.757874
42	158	1.19946
42	165	0.737565
42	167	0.680905
42	172	0.771526
42	173	0.774422
43	3	1.17761
43	21	0.984045
43	31	1.14214
43	44	1.17054
43	47	1.14377
43	54	1.23903
43	58	1.24756
43	79	1.21243
43	144	0.787271
43	154	1.17525
43	155	0.763677
43	167	0.769035
43	170	0.807294
43	174	0.807061
43	178	0.804272
44	3	1.18309
44	21	0.989528
44	31	1.14762
44	43	1.17054
44	47	1.14925
44	58	1.25304
44	79	1.21792
44	148	0.771717
44	154	1.18073
44	155	0.738496
44	156	1.19067
44	157	0.781098
44	159	0.839634
44	164	0.817201
44	170	0.782114
45	10	1.31926
45	13	0.639835
45	14	1.20951
45	19	1.10815
45	42	1.21529
45	57	1.26349
45	62	1.06231
45	66	0.969403
45	68	1.13213
45	122	1.03761
45	146	0.75808
45	158	1.15774
45	164	0.763513
45	167	0.690168
45	168	0.803642
46	11	1.04616
46	39	1.23548
46	48	1.16684
46	50	1.17104
46	61	1.2041
46	78	1.22065
46	141	0.741771
46	147	1.20418
46	148	0.732524
46	152	1.12328
46	158	1.15498
46	161	0.836038
46	168	0.818137
46	175	0.806422
46	176	0.797191
47	31	1.12085
47	38	1.19794
47	43	1.14377
47	44	1.14925
47	49	0.746421
47	54	1.21774
47	79	1.19114
47	116	1.1402
47	143	0.728634
47	150	0.790307
47	154	1.15396
47	156	1.1639
47	170	0.777113
47	175	0.840613
47	180	0.853807
48	11	1.04495
48	39	1.23427
48	46	1.16684
48	50	1.16983
48	61	1.20289
48	78	1.21944
48	132	0.73754
48	147	1.20297
48	152	1.12207
48	158	1.15376
48	165	0.779065
48	169	0.743342
48	175	0.824164
48	176	0.814933
48	180	0.837358
49	22	0.767084
49	47	0.746421
49	71	0.630209
49	87	0.76728
49	104	0.740336
49	137	0.697973
49	146	1.1615
49	165	1.16739
49	169	1.20901
49	170	1.17511
49	172	1.13191
49	174	1.19767
49	176	1.164
49	177	1.16381
49	180	1.12927
50	11	1.04915
50	46	1.17104
50	48	1.16983
50	61	1.2071
50	63	1.19611
50	78	1.22365
50	129	0.869506
50	146	0.781428
50	147	1.20718
50	152	1.12627
50	158	1.15797
50	169	0.734453
50	172	0.804136
50	177	0.795212
50	178	0.748753
51	1	1.09154
51	5	1.09984
51	12	1.35375
51	16	1.06302
51	29	1.18381
51	56	1.15329
51	99	0.824832
51	110	1.11244
51	141	0.791447
51	151	1.20447
51	155	0.748981
51	158	0.804229
51	162	1.23248
51	165	0.810999
51	167	0.754339
52	79	0.81617
52	80	0.942542
52	94	0.885549
52	122	0.962835
52	149	1.05097
52	156	0.860814
52	161	1.03387
52	165	1.07447
52	172	1.03899
52	173	1.05231
52	174	1.10475
52	176	1.07107
52	177	1.07088
52	179	0.795819
52	180	1.03635
53	24	1.1693
53	26	1.12579
53	32	1.26513
53	69	1.13728
53	77	1.21627
53	80	1.09925
53	82	1.19855
53	91	1.24397
53	110	1.09638
53	129	0.854716
53	149	0.79874
53	158	0.748615
53	163	0.784243
53	165	0.755385
53	173	0.792242
54	3	1.25158
54	21	1.05801
54	38	1.2932
54	43	1.23903
54	47	1.21774
54	58	1.32153
54	79	1.2864
54	113	0.63308
54	149	0.762983
54	152	0.739936
54	153	0.690081
54	154	1.24922
54	156	1.25916
54	165	0.719627
54	176	0.755495
54	180	0.77792
55	11	0.955076
55	32	0.737909
55	79	0.727752
55	87	1.13545
55	92	0.685875
55	96	0.826311
55	118	1.11079
55	121	1.08331
55	133	1.12862
55	138	1.13296
55	165	1.11761
55	166	0.71411
55	172	1.08213
55	178	1.12554
55	179	1.21087
55	180	1.07949
56	1	1.0207
56	5	1.02901
56	12	1.28292
56	29	1.11298
56	51	1.15329
56	93	1.1177
56	99	0.852049
56	110	1.0416
56	113	0.751669
56	116	1.12019
56	148	0.809418
56	151	1.13363
56	152	0.858525
56	162	1.16165
56	177	0.863253
56	180	0.89651
57	19	1.19806
57	25	1.42556
57	42	1.3052
57	45	1.26349
57	62	1.15223
57	63	0.678451
57	68	1.22204
57	116	1.25566
57	120	0.761697
57	122	1.12753
57	131	0.732366
57	158	1.24765
57	159	0.74042
57	168	0.758115
57	169	0.665578
57	173	0.738157
58	18	0.559706
58	21	1.06655
58	31	1.22464
58	38	1.30174
58	43	1.24756
58	44	1.25304
58	54	1.32153
58	63	0.717315
58	116	1.24399
58	141	0.720613
58	149	0.783521
58	154	1.25775
58	156	1.26769
58	164	0.756851
58	172	0.774126
58	174	0.721531
59	30	1.05963
59	34	1.00056
59	37	1.13033
59	65	1.10015
59	92	1.27351
59	94	1.10062
59	115	0.819832
59	137	1.13009
59	145	0.769658
59	162	1.13824
59	166	1.17693
59	168	0.891529
59	172	0.868675
59	173	0.871571
59	174	0.816081
59	178	1.0882
60	23	1.06241
60	27	1.05652
60	35	1.14538
60	40	1.01024
60	90	1.05395
60	141	1.13263
60	142	0.947058
60	145	0.84285
60	148	0.879108
60	156	1.10447
60	157	0.88849
60	166	1.16092
60	170	0.889505
60	172	0.941867
60	174	0.889272
60	175	1.04147
60	179	1.15752
61	11	1.08221
61	39	1.27153
61	46	1.2041
61	48	1.20289
61	50	1.2071
61	78	1.2567
61	122	1.0709
61	142	0.873605
61	147	1.24024
61	152	1.15933
61	158	1.19103
61	161	0.788059
61	162	0.872006
61	167	0.656684
61	169	0.677621
61	177	0.73838
61	178	0.691921
62	10	1.208
62	14	1.09825
62	19	0.996888
62	25	1.22439
62	42	1.10403
62	45	1.06231
62	57	1.15223
62	68	1.02087
62	116	1.05449
62	122	0.926354
62	135	0.879681
62	153	0.864839
62	155	0.832368
62	158	1.04648
62	159	0.933505
62	165	0.894386
62	173	0.931243
63	42	0.714715
63	50	1.19611
63	57	0.678451
63	58	0.717315
63	71	0.656452
63	78	1.24572
63	95	0.743059
63	104	0.766579
63	117	0.678004
63	134	1.17574
63	139	1.2017
63	140	1.20173
63	153	1.20591
63	158	1.18004
63	169	1.21317
63	173	1.14939
63	180	1.13343
64	73	1.12658
64	97	0.741827
64	104	1.18793
64	106	1.1754
64	107	1.19673
64	113	0.665249
64	115	0.736914
64	117	1.25502
64	121	1.13608
64	125	1.18883
64	128	1.20011
64	138	1.18573
64	142	0.912057
64	153	0.72225
64	161	0.826512
64	177	0.776833
64	179	1.26363
65	7	1.17514
65	30	1.12415
65	37	1.19485
65	59	1.10015
65	72	0.733474
65	92	1.33803
65	94	1.16514
65	113	1.19941
65	119	0.745747
65	149	0.807049
65	160	0.767353
65	162	1.20275
65	166	1.24144
65	167	0.707034
65	168	0.820508
65	177	0.788731
65	178	1.15271
66	18	0.61423
66	45	0.969403
66	74	1.18861
66	81	1.09052
66	95	1.18258
66	98	1.10154
66	108	1.14876
66	109	1.20749
66	114	1.15817
66	127	1.12511
66	133	1.14025
66	149	0.838045
66	151	1.15918
66	152	0.814998
66	160	0.798348
66	167	0.738029
66	177	0.819726
66	178	1.13716
67	2	0.871287
67	35	0.831047
67	73	0.932634
67	115	1.0868
67	118	0.934729
67	120	0.988687
67	137	0.865092
67	161	1.01926
67	163	1.04756
67	164	1.07163
67	168	1.03146
67	169	1.10147
67	172	1.02437
67	174	1.09013
67	176	1.05646
67	177	1.05627
67	179	0.804742
67	180	1.02174
68	10	1.27781
68	14	1.16807
68	18	0.644508
68	19	1.06671
68	25	1.29421
68	42	1.17385
68	45	1.13213
68	57	1.22204
68	62	1.02087
68	116	1.1243
68	122	0.996171
68	143	0.758087
68	152	0.845276
68	158	1.1163
68	164	0.841653
68	174	0.806333
68	176	0.860835
68	180	0.88326
69	8	1.39308
69	24	1.11456
69	26	1.07106
69	32	1.2104
69	53	1.13728
69	77	1.16154
69	80	1.04451
69	82	1.14381
69	91	1.18924
69	93	1.11774
69	110	1.04165
69	153	0.792908
69	158	0.815685
69	164	0.839141
69	167	0.765795
69	173	0.859312
69	174	0.803821
69	178	0.801032
70	75	0.659955
70	81	1.21545
70	87	1.272
70	89	1.2738
70	98	1.22647
70	108	1.27369
70	111	1.2936
70	114	1.2831
70	127	1.25004
70	133	1.26518
70	141	0.724931
70	143	0.677603
70	146	0.755735
70	150	0.739275
70	151	1.28411
70	153	0.714936
70	157	0.725066
70	170	0.726082
71	20	1.22534
71	22	1.2245
71	41	1.32274
71	49	0.630209
71	63	0.656452
71	83	1.26618
71	84	1.26565
71	99	0.693134
71	120	1.17979
71	131	0.710367
71	142	0.839563
71	147	1.30866
71	149	0.722657
71	152	1.22776
71	154	1.28122
71	156	1.29116
71	164	0.695988
71	165	0.679302
72	25	0.664077
72	65	0.733474
72	103	0.822367
72	125	0.773163
72	139	0.734741
72	149	1.13012
72	151	0.753945
72	156	0.721492
72	163	1.14132
72	168	1.12523
72	170	1.16134
72	171	1.18635
72	172	1.11814
72	173	1.13147
72	174	1.1839
72	176	1.15023
72	177	1.15004
72	180	1.11551
73	64	1.12658
73	67	0.932634
73	86	1.10087
73	102	1.12193
73	104	1.09868
73	107	1.10748
73	117	1.16577
73	118	1.0743
73	121	1.04682
73	123	0.849638
73	125	1.09958
73	128	1.11086
73	138	1.09647
73	163	0.843466
73	165	0.814608
73	175	0.859707
73	176	0.850476
73	178	0.793185
73	179	1.17438
74	66	1.18861
74	87	1.20213
74	95	1.23763
74	108	1.20381
74	109	1.26255
74	111	1.22373
74	114	1.21322
74	127	1.18016
74	133	1.1953
74	146	0.774993
74	150	0.758533
74	151	1.21424
74	154	0.714577
74	155	0.701722
74	160	0.7674
74	167	0.707081
74	176	0.799609
74	177	0.788777
74	178	1.19221
75	35	0.628494
75	70	0.659955
75	96	0.721097
75	101	0.68177
75	105	0.722817
75	109	0.639836
75	134	0.719783
75	136	0.679297
75	148	1.22825
75	159	1.19318
75	163	1.20343
75	164	1.2275
75	165	1.21573
75	171	1.24845
75	172	1.18024
75	173	1.19357
75	176	1.21233
75	177	1.21214
75	180	1.17761
76	104	1.19988
76	106	1.18735
76	107	1.20868
76	117	1.26697
76	118	1.1755
76	121	1.14802
76	125	1.20078
76	128	1.21206
76	138	1.19767
76	143	0.667369
76	158	0.72748
76	161	0.808965
76	165	0.734249
76	167	1.23083
76	168	0.791064
76	170	0.715848
76	175	0.779349
76	179	1.27558
76	180	0.792542
77	8	1.47207
77	24	1.19356
77	26	1.15005
77	32	1.28939
77	53	1.21627
77	69	1.16154
77	80	1.1235
77	82	1.2228
77	93	1.19674
77	110	1.12064
77	135	1.16192
77	159	0.776596
77	169	0.701754
77	171	0.701688
77	172	0.771437
77	175	0.782576
77	176	0.773345
77	178	0.716054
77	180	0.79577
78	11	1.09876
78	39	1.28808
78	46	1.22065
78	48	1.21944
78	50	1.22365
78	61	1.2567
78	63	1.24572
78	122	1.08745
78	145	0.682879
78	147	1.25679
78	152	1.17588
78	158	1.20758
78	167	0.691276
78	168	0.80475
78	173	0.784793
78	174	0.729302
78	175	0.793035
78	178	0.726513
78	180	0.806229
79	3	1.22499
79	21	1.03142
79	31	1.18952
79	38	1.26661
79	43	1.21243
79	44	1.21792
79	47	1.19114
79	52	0.81617
79	54	1.2864
79	55	0.727752
79	116	1.20886
79	152	0.727376
79	154	1.22263
79	156	1.23257
79	168	0.763882
79	169	0.671345
79	175	0.752166
79	176	0.742935
79	177	0.732104
80	8	1.35505
80	18	0.65298
80	24	1.07653
80	26	1.03302
80	32	1.17237
80	52	0.942542
80	53	1.09925
80	69	1.04451
80	77	1.1235
80	82	1.10578
80	91	1.1512
80	93	1.07971
80	110	1.00362
80	135	1.0449
80	142	0.9937
80	146	0.844692
80	154	0.784275
80	172	0.8674
80	178	0.812017
81	66	1.09052
81	70	1.21545
81	85	0.788327
81	87	1.10404
81	89	1.10583
81	95	1.13954
81	98	1.05851
81	109	1.16446
81	110	1.02412
81	111	1.12564
81	127	1.08208
81	133	1.09721
81	151	1.11615
81	158	0.830193
81	161	0.911678
81	170	0.818562
81	172	0.870924
81	175	0.882062
81	176	0.872831
82	8	1.45435
82	24	1.17583
82	26	1.13232
82	32	1.27167
82	53	1.19855
82	69	1.14381
82	77	1.2228
82	80	1.10578
82	91	1.2505
82	93	1.17901
82	131	0.779418
82	135	1.1442
82	144	0.709928
82	170	0.729951
82	171	0.712563
82	174	0.729718
82	175	0.793451
82	176	0.78422
82	177	0.773389
83	15	1.20042
83	20	1.11451
83	22	1.11367
83	41	1.21191
83	71	1.26618
83	84	1.15482
83	120	1.06897
83	137	1.18995
83	142	0.93012
83	145	0.704803
83	147	1.19784
83	149	0.813214
83	152	1.11693
83	154	1.1704
83	156	1.18034
83	157	0.750443
83	158	0.76309
83	163	0.798717
83	170	0.751458
83	177	0.794896
84	15	1.19989
84	20	1.11398
84	22	1.11314
84	41	1.21138
84	71	1.26565
84	83	1.15482
84	115	0.752047
84	120	1.06844
84	122	0.920776
84	135	0.752225
84	137	1.18942
84	141	0.747378
84	144	0.728505
84	146	0.778182
84	147	1.19731
84	149	0.810285
84	152	1.1164
84	154	1.16987
84	156	1.17981
84	180	0.825223
85	23	0.791022
85	41	0.732368
85	81	0.788327
85	91	0.679194
85	95	0.717273
85	124	0.739799
85	136	0.715189
85	150	1.18939
85	155	1.2156
85	159	1.14341
85	160	1.15671
85	163	1.15366
85	164	1.17774
85	168	1.13757
85	171	1.19868
85	173	1.14381
85	177	1.16238
85	178	1.17389
85	179	0.63808
85	180	1.12784
86	2	1.20638
86	13	0.677884
86	73	1.10087
86	102	1.18547
86	104	1.16222
86	106	1.14969
86	107	1.17102
86	119	0.766929
86	121	1.11037
86	125	1.16312
86	128	1.1744
86	138	1.16001
86	142	0.945137
86	144	0.746452
86	146	0.796129
86	154	0.735712
86	167	1.19317
86	168	0.841691
86	178	0.763454
86	179	1.23792
87	49	0.76728
87	55	1.13545
87	70	1.272
87	74	1.20213
87	81	1.10404
87	97	0.806403
87	98	1.11506
87	108	1.16228
87	109	1.22101
87	111	1.18219
87	114	1.17168
87	127	1.13863
87	132	0.774848
87	133	1.15376
87	146	0.827625
87	154	0.767209
87	167	0.759713
87	171	0.780583
87	174	0.797739
87	178	1.15068
88	33	0.83503
88	36	0.825076
88	103	1.11615
88	112	1.20186
88	124	1.15858
88	126	1.14523
88	130	1.17838
88	134	1.15229
88	136	1.16843
88	139	1.17825
88	140	1.17827
88	150	0.763385
88	154	0.719429
88	158	0.761823
88	162	1.20606
88	169	0.73287
88	172	0.802553
88	175	1.1253
88	177	0.793629
88	179	1.24135
89	28	1.1293
89	70	1.2738
89	81	1.10583
89	93	0.784821
89	95	1.19789
89	98	1.11686
89	108	1.16407
89	109	1.2228
89	111	1.18398
89	114	1.17348
89	120	0.831377
89	127	1.14042
89	133	1.15556
89	163	0.799838
89	164	0.787666
89	169	0.735258
89	170	0.75258
89	173	0.807837
89	175	0.81608
89	178	1.15247
90	4	1.13846
90	23	1.11275
90	27	1.10686
90	35	1.19571
90	40	1.06058
90	60	1.05395
90	122	0.960147
90	135	0.791596
90	141	1.18296
90	142	0.997397
90	151	1.14455
90	156	1.15481
90	163	0.835158
90	166	1.21126
90	167	0.74964
90	174	0.787666
90	175	1.0918
90	176	0.842168
90	178	0.784877
90	179	1.20786
90	180	0.864593
91	53	1.24397
91	69	1.18924
91	80	1.1512
91	82	1.2505
91	85	0.679194
91	94	1.23077
91	118	1.2036
91	121	1.17613
91	125	1.22888
91	138	1.22577
91	146	0.739083
91	152	0.748139
91	158	0.721061
91	162	1.26839
91	164	0.744516
91	166	1.30708
91	169	0.692108
91	172	0.761791
91	175	0.77293
91	177	0.752867
91	178	1.21835
92	7	1.34851
92	30	1.29752
92	34	1.23844
92	37	1.36821
92	55	0.685875
92	59	1.27351
92	65	1.33803
92	94	1.3385
92	113	1.37277
92	115	0.650307
92	123	0.700219
92	132	0.623665
92	141	0.645637
92	154	0.616026
92	160	0.668848
92	162	1.37612
92	166	1.41481
92	170	0.646789
92	176	0.701057
92	178	1.32608
92	180	0.723483
93	16	1.02743
93	56	1.1177
93	69	1.11774
93	77	1.19674
93	80	1.07971
93	82	1.17901
93	89	0.784821
93	101	0.780139
93	109	0.738204
93	111	0.772926
93	136	0.777666
93	137	0.760907
93	151	1.16888
93	159	1.11638
93	162	1.1969
93	166	0.707265
93	173	1.11678
93	176	1.13554
93	177	1.13535
93	179	0.700557
93	180	1.10081
94	7	1.17561
94	18	0.595987
94	30	1.12462
94	34	1.06555
94	37	1.19532
94	52	0.885549
94	59	1.10062
94	65	1.16514
94	91	1.23077
94	92	1.3385
94	100	0.681117
94	113	1.19988
94	129	0.875777
94	137	1.19508
94	155	0.714428
94	162	1.20323
94	166	1.24192
94	169	0.740724
94	171	0.740657
94	172	0.810407
94	178	1.15319
94	180	0.83474
95	28	1.16301
95	63	0.743059
95	66	1.18258
95	74	1.23763
95	81	1.13954
95	85	0.717273
95	89	1.19789
95	98	1.15056
95	110	1.11618
95	111	1.21769
95	113	1.23287
95	114	1.20719
95	122	0.919756
95	123	0.800939
95	127	1.17413
95	133	1.18927
95	145	0.700852
95	158	0.759139
95	167	0.709249
95	169	0.730186
95	176	0.801777
95	178	1.18618
96	55	0.826311
96	75	0.721097
96	101	1.17702
96	103	1.09983
96	105	1.1557
96	112	1.18554
96	124	1.14225
96	126	1.1289
96	130	1.16205
96	131	0.836691
96	134	1.13596
96	135	0.790921
96	136	1.1521
96	139	1.16192
96	140	1.16195
96	157	0.786209
96	167	1.18027
96	168	0.86244
96	169	0.769903
96	170	0.787224
96	174	0.786991
96	175	1.10897
96	179	1.22503
97	25	0.684327
97	64	0.741827
97	87	0.806403
97	114	0.764956
97	117	0.690885
97	121	0.819565
97	140	0.741155
97	147	0.730912
97	149	1.11895
97	150	1.16588
97	153	1.17681
97	155	1.19209
97	159	1.1199
97	160	1.1332
97	166	0.683455
97	169	1.18407
97	170	1.15017
97	171	1.17517
97	173	1.12029
97	174	1.17273
97	176	1.13906
97	177	1.13886
97	180	1.10433
98	66	1.10154
98	70	1.22647
98	81	1.05851
98	87	1.11506
98	89	1.11686
98	95	1.15056
98	108	1.11675
98	109	1.17548
98	110	1.03514
98	111	1.13666
98	114	1.12615
98	127	1.0931
98	133	1.10823
98	143	0.7795
98	144	0.807955
98	145	0.781323
98	150	0.841172
98	151	1.12717
98	152	0.866688
98	161	0.921095
98	167	0.78972
98	172	0.88034
98	175	0.891479
98	178	1.10515
99	23	0.85349
99	35	0.726854
99	51	0.824832
99	56	0.852049
99	71	0.693134
99	108	0.796027
99	127	0.792151
99	133	0.802808
99	148	1.13417
99	154	1.15191
99	161	1.08105
99	163	1.10935
99	164	1.13342
99	165	1.12165
99	168	1.09325
99	169	1.16326
99	170	1.12936
99	172	1.08616
99	173	1.09949
99	174	1.15192
99	176	1.11825
99	177	1.11806
99	179	0.700549
99	180	1.08353
100	11	0.839061
100	14	0.692793
100	20	0.760305
100	94	0.681117
100	108	0.686865
100	116	0.681885
100	118	0.721374
100	134	0.708981
100	149	1.18225
100	160	1.1965
100	161	1.16515
100	163	1.19345
100	165	1.20575
100	166	0.598095
100	169	1.24737
100	170	1.21346
100	171	1.23847
100	172	1.17027
100	173	1.18359
100	176	1.20235
100	177	1.20216
100	178	1.21367
100	179	0.591386
100	180	1.16763
101	75	0.68177
101	93	0.780139
101	96	1.17702
101	105	1.1941
101	112	1.22394
101	124	1.18065
101	126	1.1673
101	130	1.20045
101	134	1.17436
101	136	1.1905
101	139	1.20032
101	140	1.20035
101	143	0.699418
101	146	0.77755
101	147	1.22787
101	150	0.761091
101	153	0.736751
101	162	1.22813
101	164	0.782984
101	167	1.21867
101	171	0.730509
101	178	0.744875
101	179	1.26343
101	180	0.824591
102	2	1.22744
102	6	1.20583
102	73	1.12193
102	86	1.18547
102	106	1.17075
102	107	1.19208
102	117	1.25037
102	118	1.1589
102	119	0.740384
102	125	1.18418
102	128	1.19546
102	135	0.743627
102	138	1.18107
102	141	1.23408
102	149	0.801687
102	152	0.77864
102	153	0.728785
102	155	0.696313
102	165	0.758331
102	167	1.21423
102	174	0.739698
102	177	0.783368
102	179	1.25898
102	180	0.816625
103	72	0.822367
103	88	1.11615
103	96	1.09983
103	105	1.1169
103	112	1.14674
103	113	0.766039
103	124	1.10346
103	126	1.09011
103	130	1.12326
103	134	1.09717
103	135	0.837882
103	136	1.11331
103	139	1.12313
103	140	1.12315
103	146	0.863839
103	154	0.803423
103	162	1.15094
103	166	1.18963
103	169	0.816864
103	170	0.834186
103	173	0.889443
103	175	1.07018
103	177	0.877623
103	179	1.18623
104	17	1.02444
104	49	0.740336
104	63	0.766579
104	64	1.18793
104	73	1.09868
104	76	1.19988
104	86	1.16222
104	106	1.1475
104	107	1.16883
104	117	1.22712
104	118	1.13565
104	125	1.16093
104	128	1.17221
104	138	1.15782
104	141	1.21083
104	143	0.722549
104	157	0.770012
104	159	0.828548
104	164	0.806115
104	167	1.19098
104	171	0.75364
104	174	0.770795
104	175	0.834528
104	176	0.825297
104	179	1.23573
105	75	0.722817
105	96	1.1557
105	101	1.1941
105	103	1.1169
105	112	1.20261
105	120	1.07768
105	124	1.15933
105	130	1.17913
105	134	1.15304
105	136	1.16918
105	137	1.19866
105	139	1.179
105	140	1.17903
105	141	0.787793
105	143	0.740465
105	147	1.20655
105	160	0.811004
105	164	0.824031
105	169	0.771623
105	170	0.788944
105	174	0.788711
105	175	1.12605
105	177	0.832382
105	178	0.785922
105	179	1.2421
106	64	1.1754
106	76	1.18735
106	86	1.14969
106	102	1.17075
106	104	1.1475
106	107	1.1563
106	115	0.759118
106	117	1.21459
106	118	1.12312
106	121	1.09565
106	125	1.1484
106	128	1.15968
106	129	0.873331
106	135	0.759295
106	138	1.1453
106	141	1.19831
106	146	0.785252
106	163	0.802857
106	165	0.774
106	167	1.17845
106	171	0.738211
106	175	0.819099
106	178	0.752577
106	179	1.2232
106	180	0.832293
107	9	0.666038
107	17	1.03324
107	64	1.19673
107	73	1.10748
107	76	1.20868
107	86	1.17102
107	102	1.19208
107	104	1.16883
107	106	1.1563
107	117	1.23592
107	118	1.14445
107	120	0.837154
107	121	1.11698
107	123	0.811787
107	125	1.16973
107	128	1.18101
107	138	1.16663
107	143	0.709877
107	157	0.757341
107	159	0.815876
107	160	0.780416
107	161	0.851473
107	173	0.813614
107	175	0.821856
107	179	1.24453
108	66	1.14876
108	70	1.27369
108	74	1.20381
108	87	1.16228
108	89	1.16407
108	98	1.11675
108	99	0.796027
108	100	0.686865
108	109	1.2227
108	110	1.08236
108	111	1.18387
108	114	1.17337
108	127	1.14031
108	133	1.15545
108	135	1.12364
108	151	1.17439
108	159	0.821313
108	160	0.785853
108	165	0.782194
108	167	0.725534
108	173	0.819051
108	174	0.76356
108	175	0.827293
108	177	0.807231
108	178	1.15236
109	28	1.18792
109	66	1.20749
109	74	1.26255
109	75	0.639836
109	81	1.16446
109	87	1.22101
109	89	1.2228
109	93	0.738204
109	98	1.17548
109	108	1.2227
109	111	1.24261
109	114	1.2321
109	115	0.709481
109	127	1.19905
109	129	0.823695
109	133	1.21418
109	135	1.18237
109	151	1.23312
109	158	0.717594
109	170	0.705963
109	172	0.758324
109	173	0.76122
109	175	0.769463
109	177	0.7494
109	178	1.2111
109	180	0.782657
110	5	0.988159
110	24	1.07367
110	51	1.11244
110	53	1.09638
110	56	1.0416
110	69	1.04165
110	77	1.12064
110	80	1.00362
110	81	1.02412
110	95	1.11618
110	98	1.03514
110	108	1.08236
110	111	1.10227
110	120	0.976814
110	127	1.05871
110	133	1.07385
110	143	0.849538
110	144	0.877993
110	148	0.887619
110	149	0.959773
110	151	1.09278
110	155	0.854399
110	162	1.1208
110	165	0.916418
110	169	0.880695
110	172	0.950378
111	28	1.1491
111	70	1.2936
111	74	1.22373
111	81	1.12564
111	87	1.18219
111	89	1.18398
111	93	0.772926
111	95	1.21769
111	98	1.13666
111	108	1.18387
111	109	1.24261
111	110	1.10227
111	114	1.19328
111	122	0.912932
111	127	1.16022
111	132	0.717561
111	133	1.17536
111	135	1.14355
111	145	0.694029
111	160	0.762744
111	161	0.833801
111	167	0.702425
111	168	0.8159
111	171	0.723296
111	174	0.740451
111	178	1.17227
111	180	0.817378
112	88	1.20186
112	96	1.18554
112	101	1.22394
112	103	1.14674
112	105	1.20261
112	120	1.10752
112	124	1.18917
112	126	1.17582
112	130	1.20897
112	134	1.18288
112	136	1.19902
112	139	1.20884
112	140	1.20886
112	142	1.06148
112	148	0.75936
112	150	0.782951
112	154	0.738995
112	155	0.72614
112	157	0.768742
112	163	0.817016
112	171	0.752369
112	173	0.825015
112	174	0.769525
112	175	1.15589
112	176	0.824027
112	178	0.766736
112	179	1.27194
113	6	0.668783
113	19	0.76005
113	54	0.63308
113	56	0.751669
113	64	0.665249
113	65	1.19941
113	92	1.37277
113	94	1.19988
113	95	1.23287
113	103	0.766039
113	114	1.20846
113	125	0.716835
113	127	1.17541
113	130	0.681914
113	133	1.19054
113	138	0.701608
113	146	1.17364
113	147	0.654334
113	155	1.22917
113	165	1.17953
113	166	1.27619
113	171	1.21226
113	174	1.20981
113	178	1.18746
113	179	0.600168
113	180	1.14142
114	28	1.1386
114	66	1.15817
114	70	1.2831
114	74	1.21322
114	87	1.17168
114	89	1.17348
114	95	1.20719
114	97	0.764956
114	98	1.12615
114	108	1.17337
114	109	1.2321
114	111	1.19328
114	113	1.20846
114	127	1.14972
114	133	1.16486
114	135	1.13305
114	152	0.795234
114	154	0.725762
114	155	0.712907
114	158	0.768156
114	163	0.803783
114	165	0.774925
114	168	0.83174
114	170	0.756525
114	174	0.756292
114	177	0.799962
114	178	1.16177
115	27	0.813664
115	59	0.819832
115	64	0.736914
115	67	1.0868
115	84	0.752047
115	92	0.650307
115	106	0.759118
115	109	0.709481
115	124	0.773552
115	136	0.748943
115	140	0.736242
115	143	1.21231
115	145	1.22195
115	153	1.18622
115	156	0.736829
115	160	1.14261
115	161	1.11126
115	163	1.13956
115	164	1.16363
115	165	1.15186
115	168	1.12347
115	169	1.19348
115	170	1.15958
115	172	1.11638
115	173	1.1297
115	174	1.18214
115	177	1.14828
115	180	1.11374
116	3	1.17404
116	5	1.06674
116	16	1.02992
116	38	1.21566
116	42	1.20746
116	47	1.1402
116	56	1.12019
116	57	1.25566
116	58	1.24399
116	62	1.05449
116	68	1.1243
116	79	1.20886
116	100	0.681885
116	120	0.837611
116	122	1.02979
116	141	0.757662
116	151	1.17136
116	153	0.747668
116	156	1.18162
116	158	1.14991
116	159	0.816333
116	162	1.19938
116	163	0.806072
116	164	0.7939
116	166	0.898525
116	175	0.822313
116	177	0.802251
116	178	0.755791
117	6	1.24967
117	17	1.09153
117	63	0.678004
117	64	1.25502
117	73	1.16577
117	76	1.26697
117	97	0.690885
117	102	1.25037
117	104	1.22712
117	106	1.21459
117	107	1.23592
117	118	1.20274
117	121	1.17527
117	125	1.22802
117	128	1.2393
117	129	0.800185
117	138	1.22492
117	150	0.695647
117	152	0.721163
117	157	0.681438
117	160	0.704513
117	162	0.859516
117	167	1.25807
117	168	0.757669
117	169	0.665132
117	176	0.736722
117	177	0.725891
117	179	1.30282
118	2	1.17981
118	55	1.11079
118	67	0.934729
118	73	1.0743
118	76	1.1755
118	91	1.2036
118	100	0.721374
118	102	1.1589
118	104	1.13565
118	106	1.12312
118	107	1.14445
118	117	1.20274
118	121	1.0838
118	125	1.13655
118	128	1.14783
118	135	0.801999
118	138	1.13345
118	141	1.18646
118	143	0.749824
118	154	0.76754
118	155	0.754685
118	159	0.855823
118	167	1.1666
118	170	0.798303
118	171	0.780915
118	174	0.79807
118	178	0.795281
118	179	1.21135
119	15	0.730756
119	65	0.745747
119	86	0.766929
119	102	0.740384
119	134	0.786364
119	137	0.729119
119	139	0.747013
119	140	0.733177
119	145	1.21595
119	150	1.1693
119	151	0.766217
119	153	1.18023
119	155	1.19551
119	161	1.10527
119	162	0.712828
119	163	1.13357
119	164	1.15764
119	168	1.11748
119	169	1.18749
119	170	1.15358
119	171	1.17859
119	172	1.11039
119	173	1.12371
119	174	1.17615
119	175	1.12307
119	176	1.14247
119	179	0.668769
119	180	1.10775
120	28	0.880944
120	34	0.914159
120	57	0.761697
120	67	0.988687
120	71	1.17979
120	83	1.06897
120	84	1.06844
120	89	0.831377
120	105	1.07768
120	107	0.837154
120	110	0.976814
120	112	1.10752
120	116	0.837611
120	121	0.889931
120	126	1.05088
120	127	0.838715
120	128	0.812336
120	136	1.07408
120	139	1.08391
120	140	1.08393
120	147	1.11145
120	149	1.03025
120	150	1.07718
120	156	1.09395
120	157	1.07447
120	168	1.02536
120	176	1.05036
120	177	1.05017
120	180	1.01563
121	2	1.15234
121	6	1.13073
121	55	1.08331
121	64	1.13608
121	73	1.04682
121	76	1.14802
121	86	1.11037
121	91	1.17613
121	97	0.819565
121	106	1.09565
121	107	1.11698
121	117	1.17527
121	118	1.0838
121	120	0.889931
121	125	1.10908
121	128	1.12035
121	138	1.10597
121	141	1.15898
121	145	0.764478
121	153	0.799988
121	155	0.767516
121	157	0.810118
121	160	0.833193
121	167	1.13912
121	170	0.811134
121	172	0.863495
121	178	0.808112
121	179	1.18388
121	180	0.887828
122	25	1.19969
122	39	1.10228
122	45	1.03761
122	52	0.962835
122	57	1.12753
122	61	1.0709
122	62	0.926354
122	68	0.996171
122	78	1.08745
122	84	0.920776
122	90	0.960147
122	95	0.919756
122	111	0.912932
122	116	1.02979
122	127	0.932166
122	128	0.905787
122	140	0.904971
122	152	0.990082
122	153	1.04764
122	156	0.905558
122	158	1.02178
122	168	0.984893
122	172	0.977803
122	173	0.991129
122	174	1.04356
122	176	1.00989
122	179	0.840563
122	180	0.975168
123	3	0.770044
123	15	0.783733
123	73	0.849638
123	92	0.700219
123	95	0.800939
123	107	0.811787
123	126	0.853331
123	133	0.824005
123	136	0.798855
123	142	0.991854
123	145	1.17915
123	147	0.775911
123	148	1.12158
123	151	0.819194
123	155	1.1587
123	157	1.12978
123	160	1.09981
123	161	1.06846
123	163	1.09676
123	164	1.12083
123	168	1.08067
123	170	1.11678
123	171	1.14178
123	172	1.07358
123	173	1.0869
123	174	1.13934
123	175	1.08626
123	176	1.10566
123	177	1.10547
123	180	1.07094
124	85	0.739799
124	88	1.15858
124	96	1.14225
124	101	1.18065
124	103	1.10346
124	105	1.15933
124	112	1.18917
124	115	0.773552
124	126	1.13253
124	130	1.16569
124	131	0.8195
124	134	1.1396
124	136	1.15573
124	139	1.16556
124	140	1.16558
124	141	0.768883
124	143	0.721555
124	144	0.75001
124	147	1.1931
124	150	0.783227
124	158	0.781665
124	162	1.19337
124	163	0.817292
124	166	1.23206
124	167	1.18391
124	170	0.770034
124	172	0.822395
124	175	1.1126
124	179	1.22866
124	180	0.846728
125	6	1.18348
125	17	1.02534
125	64	1.18883
125	72	0.773163
125	73	1.09958
125	76	1.20078
125	86	1.16312
125	91	1.22888
125	102	1.18418
125	104	1.16093
125	106	1.1484
125	107	1.16973
125	113	0.716835
125	117	1.22802
125	118	1.13655
125	121	1.10908
125	128	1.17311
125	132	0.761858
125	138	1.15873
125	143	0.736503
125	148	0.774584
125	154	0.754219
125	163	0.83224
125	165	0.803382
125	167	1.19188
125	168	0.860197
125	169	0.76766
125	171	0.767593
125	173	0.840239
125	179	1.23663
126	88	1.14523
126	96	1.1289
126	101	1.1673
126	103	1.09011
126	112	1.17582
126	120	1.05088
126	123	0.853331
126	124	1.13253
126	130	1.15233
126	134	1.12624
126	136	1.14238
126	139	1.15221
126	140	1.15223
126	142	1.00484
126	143	0.751421
126	147	1.17975
126	152	0.83861
126	154	0.769138
126	158	0.811532
126	160	0.82196
126	162	1.18001
126	166	1.2187
126	167	1.17055
126	169	0.782579
126	170	0.799901
126	171	0.782512
126	175	1.09925
126	176	0.854169
126	178	0.796879
126	179	1.21531
126	180	0.876595
127	28	1.10554
127	66	1.12511
127	70	1.25004
127	74	1.18016
127	81	1.08208
127	87	1.13863
127	89	1.14042
127	95	1.17413
127	98	1.0931
127	99	0.792151
127	108	1.14031
127	109	1.19905
127	110	1.05871
127	111	1.16022
127	113	1.17541
127	114	1.14972
127	120	0.838715
127	122	0.932166
127	129	0.87765
127	132	0.736794
127	133	1.1318
127	135	1.09999
127	145	0.713262
127	149	0.821674
127	151	1.15074
127	153	0.748772
127	160	0.781978
127	163	0.807176
127	165	0.778319
127	175	0.823418
127	178	1.12871
128	2	1.21637
128	6	1.19476
128	17	1.03662
128	64	1.20011
128	73	1.11086
128	76	1.21206
128	86	1.1744
128	102	1.19546
128	104	1.17221
128	106	1.15968
128	107	1.18101
128	117	1.2393
128	118	1.14783
128	120	0.812336
128	121	1.12035
128	122	0.905787
128	125	1.17311
128	138	1.17
128	141	1.22301
128	150	0.746733
128	153	0.722393
128	157	0.732523
128	158	0.74517
128	161	0.826655
128	167	1.20316
128	171	0.716151
128	174	0.733306
128	175	0.797039
128	176	0.787808
128	177	0.776977
128	178	0.730517
128	179	1.24791
129	50	0.869506
129	53	0.854716
129	94	0.875777
129	106	0.873331
129	109	0.823695
129	117	0.800185
129	127	0.87765
129	132	1.11844
129	136	0.863156
129	137	0.846397
129	138	0.887487
129	139	0.864291
129	148	1.07388
129	150	1.08478
129	155	1.11099
129	157	1.08207
129	159	1.0388
129	160	1.0521
129	161	1.02075
129	164	1.07312
129	165	1.06135
129	168	1.03296
129	169	1.10297
129	170	1.06907
129	171	1.09407
129	172	1.02587
129	173	1.03919
129	174	1.09163
129	176	1.05796
129	177	1.05777
129	178	1.06927
129	180	1.02323
130	88	1.17838
130	96	1.16205
130	101	1.20045
130	103	1.12326
130	105	1.17913
130	112	1.20897
130	113	0.681914
130	124	1.16569
130	126	1.15233
130	132	0.726937
130	134	1.1594
130	136	1.17553
130	139	1.18536
130	140	1.18538
130	142	1.038
130	144	0.730037
130	146	0.779713
130	147	1.21291
130	150	0.763254
130	158	0.761692
130	159	0.80758
130	161	0.843177
130	162	1.21317
130	166	1.25186
130	167	1.20371
130	173	0.805318
130	175	1.1324
130	176	0.804329
130	177	0.793498
130	178	0.747038
130	179	1.24846
130	180	0.826754
131	12	0.697535
131	17	0.973662
131	32	0.748289
131	40	0.927791
131	57	0.732366
131	71	0.710367
131	82	0.779418
131	96	0.836691
131	124	0.8195
131	143	1.17434
131	144	1.15962
131	145	1.18398
131	146	1.108
131	151	0.81523
131	158	1.12238
131	160	1.10464
131	161	1.07329
131	163	1.10159
131	164	1.12566
131	165	1.11389
131	166	0.72449
131	168	1.0855
131	169	1.15551
131	170	1.12161
131	171	1.14661
131	172	1.07841
131	173	1.09174
131	174	1.14417
131	176	1.1105
131	177	1.11031
131	179	0.717781
131	180	1.07577
132	6	0.713806
132	20	0.81411
132	48	0.73754
132	87	0.774848
132	92	0.623665
132	111	0.717561
132	125	0.761858
132	127	0.736794
132	129	1.11844
132	130	0.726937
132	137	0.705541
132	146	1.17612
132	147	0.699357
132	149	1.15851
132	150	1.20544
132	151	0.74264
132	153	1.21637
132	157	1.20273
132	159	1.15946
132	160	1.17276
132	162	0.689251
132	163	1.16971
132	164	1.19378
132	168	1.15362
132	169	1.22363
132	171	1.21473
132	172	1.14653
132	173	1.15985
132	174	1.21229
132	176	1.17861
132	177	1.17842
132	180	1.14389
133	9	0.678256
133	28	1.12068
133	55	1.12862
133	66	1.14025
133	70	1.26518
133	74	1.1953
133	81	1.09721
133	87	1.15376
133	89	1.15556
133	95	1.18927
133	98	1.10823
133	99	0.802808
133	108	1.15545
133	109	1.21418
133	110	1.07385
133	111	1.17536
133	113	1.19054
133	114	1.16486
133	123	0.824005
133	127	1.1318
133	135	1.11513
133	142	0.949236
133	145	0.723919
133	149	0.832331
133	151	1.16587
133	154	0.739811
133	160	0.792634
133	170	0.770574
133	171	0.753186
133	172	0.822936
133	174	0.770341
133	175	0.834075
133	178	1.14385
134	63	1.17574
134	75	0.719783
134	88	1.15229
134	96	1.13596
134	100	0.708981
134	101	1.17436
134	103	1.09717
134	105	1.15304
134	112	1.18288
134	119	0.786364
134	124	1.1396
134	126	1.12624
134	130	1.1594
134	136	1.14945
134	137	1.17893
134	139	1.15927
134	140	1.15929
134	142	1.01191
134	149	0.847666
134	153	0.774764
134	154	0.755147
134	155	0.742292
134	159	0.84343
134	162	1.18708
134	163	0.833168
134	165	0.804311
134	166	1.22577
134	167	1.17762
134	168	0.861125
134	175	1.10632
134	177	0.829347
134	178	0.782888
134	179	1.22237
135	8	1.39347
135	24	1.11495
135	26	1.07144
135	29	0.825522
135	30	0.81403
135	32	1.21079
135	62	0.879681
135	77	1.16192
135	80	1.0449
135	82	1.1442
135	84	0.752225
135	90	0.791596
135	96	0.790921
135	102	0.743627
135	103	0.837882
135	106	0.759295
135	108	1.12364
135	109	1.18237
135	111	1.14355
135	114	1.13305
135	118	0.801999
135	127	1.09999
135	133	1.11513
135	140	0.73642
135	165	1.10412
135	166	0.67872
135	168	1.07572
135	169	1.14574
135	170	1.11183
135	174	1.13439
135	176	1.10072
135	178	1.11204
135	179	0.672011
135	180	1.066
136	75	0.679297
136	85	0.715189
136	88	1.16843
136	93	0.777666
136	96	1.1521
136	101	1.1905
136	103	1.11331
136	105	1.16918
136	112	1.19902
136	115	0.748943
136	120	1.07408
136	123	0.798855
