1	23	0.797137
1	54	0.745009
1	78	1.04818
1	79	1.0127
1	80	1.12219
1	139	1.04505
1	150	0.850006
1	167	1.0813
1	170	1.05473
1	174	1.08751
1	179	1.071
1	180	1.07734
2	93	1.08316
2	107	0.803965
2	119	1.08683
2	139	0.811497
2	142	1.0649
2	144	1.05225
2	160	1.07713
2	164	0.78709
2	167	1.06489
2	169	1.05533
2	179	1.05459
2	180	1.06093
3	27	0.591352
3	88	1.15449
3	94	1.1983
3	114	1.23658
3	142	0.591788
3	146	1.19796
3	162	0.609241
3	163	1.20283
3	164	1.19871
3	175	1.20459
3	176	1.20654
3	179	0.603223
4	68	1.1786
4	81	1.15242
4	88	0.707096
4	133	1.20514
4	150	1.18975
4	152	0.547117
4	155	1.19782
4	157	1.2121
4	159	1.21205
4	172	1.25212
4	174	0.554254
4	175	0.596564
5	95	0.617769
5	121	1.23732
5	139	1.17395
5	143	1.20575
5	144	0.616554
5	156	0.588564
5	161	1.19004
5	168	0.575452
5	170	1.18363
5	174	1.21641
5	175	1.19523
5	177	1.19766
6	15	1.2475
6	44	1.29218
6	47	1.11653
6	49	1.19218
6	60	1.19794
6	78	1.17171
6	79	1.13623
6	80	1.24573
6	121	0.529977
6	141	0.628477
6	170	0.629246
6	171	0.618778
7	21	1.23123
7	36	1.18639
7	48	1.18639
7	52	1.18639
7	58	1.13084
7	74	1.19835
7	75	1.20357
7	152	0.57543
7	159	0.601272
7	171	0.652876
7	172	1.27683
7	174	0.582567
8	93	0.545931
8	109	0.621589
8	120	0.662103
8	139	1.18906
8	140	1.17976
8	146	1.2037
8	166	1.19059
8	170	1.19874
8	171	1.21309
8	173	0.567521
8	176	1.21229
8	177	1.21277
9	91	1.10824
9	108	0.736418
9	113	1.02114
9	118	1.02268
9	132	1.06801
9	150	1.0635
9	153	1.03311
9	155	1.07158
9	157	1.08586
9	165	0.83807
9	169	0.826142
9	172	1.12588
10	93	1.21594
10	107	0.633321
10	122	0.556692
10	138	1.20807
10	160	1.20991
10	161	0.599777
10	168	1.21145
10	169	1.1881
10	171	1.18545
10	176	0.6142
10	179	1.18737
10	180	1.19371
11	59	1.09186
11	69	1.05781
11	92	0.855377
11	103	1.07427
11	112	0.774963
11	144	0.768061
11	146	1.04597
11	149	1.09588
11	163	1.05084
11	174	1.07379
11	176	1.05455
11	177	1.05503
12	16	0.745634
12	52	0.851472
12	68	1.05365
12	107	1.05016
12	145	0.786526
12	149	1.10616
12	156	1.04525
12	173	1.07564
12	175	1.06288
12	176	1.06483
12	179	1.06755
12	180	1.07389
13	86	1.16048
13	97	0.629551
13	104	0.609461
13	135	0.595783
13	137	1.21052
13	138	0.563894
13	143	1.21919
13	148	1.19066
13	164	1.20278
13	170	1.19707
13	175	1.20867
13	176	1.21062
14	40	1.062
14	117	0.995931
14	132	0.76585
14	137	0.846744
14	149	0.789935
14	154	1.07594
14	160	1.09223
14	167	1.07998
14	169	1.07042
14	173	1.07777
14	179	1.06969
14	180	1.07602
15	6	1.2475
15	44	1.29218
15	47	1.11653
15	49	1.19218
15	60	1.19795
15	78	1.17171
15	79	1.13623
15	80	1.24573
15	142	0.594769
15	159	0.608145
15	161	0.61365
15	174	0.589441
16	12	0.745634
16	61	1.21228
16	66	1.21228
16	67	1.17989
16	82	1.16121
16	89	1.13432
16	159	0.530014
16	165	1.18465
16	171	0.581619
16	172	1.26077
16	175	0.55362
16	178	1.25461
17	50	1.1441
17	83	0.657095
17	116	1.20946
17	134	0.620993
17	135	1.20888
17	156	0.586247
17	165	1.18938
17	167	1.21616
17	173	1.21395
17	178	0.536621
17	179	1.20586
17	180	1.2122
18	29	0.62709
18	114	0.615341
18	147	1.2047
18	154	1.19865
18	162	1.19542
18	168	1.21648
18	169	1.19313
18	173	1.20048
18	174	0.60432
18	178	0.558299
18	179	1.1924
18	180	1.19873
19	74	1.163
19	94	0.590554
19	124	1.18845
19	137	0.607135
19	148	0.605228
19	157	1.20146
19	167	1.19215
19	172	1.24148
19	173	1.18994
19	175	0.602646
19	178	1.23533
19	180	1.18819
20	33	0.715163
20	62	1.08124
20	69	0.658189
20	72	0.552469
20	75	0.672575
20	154	1.16545
20	158	1.17963
20	162	1.16223
20	167	1.1695
20	169	1.15994
20	171	1.15728
20	179	1.1592
20	180	1.16554
21	7	1.23123
21	24	1.23123
21	36	1.12479
21	48	1.12479
21	52	1.12479
21	58	1.06924
21	74	1.13675
21	75	1.14197
21	81	0.666101
21	90	0.621612
21	128	0.658191
21	172	1.21523
21	175	0.661764
22	96	0.672416
22	97	1.1427
22	102	1.15348
22	109	1.13349
22	132	0.622391
22	154	1.15859
22	158	1.17276
22	160	1.17488
22	169	1.15307
22	175	0.698796
22	178	0.610464
22	179	1.15234
22	180	1.15867
23	1	0.797137
23	61	1.17591
23	66	1.17591
23	67	1.14351
23	82	1.12483
23	89	1.09794
23	117	1.09101
23	128	0.600973
23	165	1.14828
23	171	0.632545
23	172	1.22439
23	178	1.21824
23	179	0.579
24	21	1.23123
24	36	1.18639
24	46	0.703518
24	48	1.18639
24	52	1.18639
24	58	1.13084
24	74	1.19835
24	75	1.20357
24	102	0.55223
24	163	0.553211
24	171	0.596994
24	172	1.27683
25	32	1.1472
25	76	0.656765
25	125	1.14695
25	160	0.62591
25	161	1.14323
25	167	0.643931
25	169	0.67054
25	170	1.13682
25	174	1.1696
25	175	1.14842
25	176	1.15037
25	177	1.15085
25	178	1.20656
26	79	0.67672
26	120	1.11655
26	125	0.651203
26	130	0.603801
26	141	1.12948
26	154	1.16439
26	160	1.18069
26	162	1.16117
26	164	0.666256
26	169	1.15888
26	173	1.16623
26	179	1.15814
26	180	1.16448
27	3	0.591352
27	70	0.654303
27	76	1.1412
27	105	1.16451
27	118	1.12472
27	126	1.16413
27	132	1.17005
27	153	1.13514
27	156	1.14599
27	157	1.18789
27	165	0.681117
27	171	1.16637
27	176	0.676997
28	61	1.16238
28	66	1.16238
28	67	1.12999
28	82	1.11131
28	89	1.08442
28	145	1.19919
28	148	0.663952
28	165	1.13475
28	167	0.623275
28	171	0.689368
28	172	1.21087
28	178	1.20471
28	180	0.628298
29	18	0.62709
29	103	1.17913
29	123	0.650806
29	125	1.156
29	133	0.641304
29	137	1.15932
29	148	1.13946
29	162	0.679024
29	164	1.15158
29	166	1.13772
29	175	1.15747
29	176	1.15942
29	177	1.1599
30	68	1.14635
30	83	1.12966
30	105	1.15647
30	116	0.700484
30	133	1.1729
30	150	1.15751
30	153	1.12711
30	156	1.13795
30	160	0.612392
30	169	0.657022
30	171	1.15833
30	177	0.631185
30	178	1.21373
31	34	0.516233
31	76	1.39004
31	116	0.476847
31	118	1.37355
31	131	0.433656
31	132	1.41889
31	136	1.4019
31	137	0.44936
31	150	1.41438
31	153	1.38398
31	155	1.42245
31	156	1.39482
31	165	0.445312
31	170	0.483337
32	25	1.1472
32	62	0.830755
32	117	1.06192
32	127	1.0991
32	132	0.643887
32	139	1.10974
32	148	1.11301
32	169	0.708805
32	170	1.11941
32	172	0.614528
32	174	1.1522
32	175	1.13101
32	176	1.13296
32	177	1.13344
33	20	0.715163
33	91	1.15738
33	113	1.07028
33	118	1.07182
33	126	1.11123
33	129	0.681982
33	132	1.11715
33	136	1.10017
33	156	1.09309
33	157	1.135
33	168	0.69079
33	172	1.17502
33	178	1.16887
33	180	0.709536
34	31	0.516233
34	70	1.11672
34	81	0.793793
34	110	1.07922
34	120	1.08667
34	135	1.13129
34	141	1.0996
34	142	1.13858
34	148	0.792038
34	158	1.14869
34	173	1.13635
34	178	0.701123
34	179	1.12827
34	180	1.1346
35	39	1.10176
35	58	1.03809
35	75	1.11082
35	99	0.692552
35	139	0.734888
35	148	0.714496
35	152	0.662466
35	153	1.0913
35	155	1.12978
35	157	1.14405
35	158	1.14488
35	172	1.18408
35	179	1.12445
35	180	1.13079
36	7	1.18639
36	21	1.12479
36	24	1.18639
36	48	1.07995
36	52	1.07995
36	58	1.0244
36	74	1.09191
36	75	1.09713
36	128	0.702042
36	145	1.15871
36	151	0.702219
36	159	0.682009
36	171	0.733613
36	172	1.17039
37	81	0.756225
37	111	1.15974
37	121	1.15581
37	125	1.11224
37	138	0.696995
37	148	1.09571
37	166	1.09397
37	168	0.700069
37	170	1.10211
37	172	0.646123
37	174	1.1349
37	175	1.11371
37	176	1.11566
37	177	1.11614
38	46	0.814577
38	112	1.07367
38	129	1.13128
38	138	1.13745
38	146	0.679548
38	153	0.670934
38	162	1.11978
38	168	1.14083
38	169	1.11749
38	171	1.11483
38	173	1.12484
38	174	0.637744
38	179	1.11675
38	180	1.12309
39	35	1.10176
39	42	1.07186
39	44	0.610091
39	69	0.737275
39	149	0.717413
39	154	1.12513
39	159	1.13843
39	167	1.12918
39	168	1.14296
39	169	1.11961
39	173	1.12697
39	177	0.73241
39	179	1.11888
39	180	1.12522
40	14	1.062
40	62	1.05593
40	87	0.77119
40	129	1.14842
40	141	1.10522
40	144	1.13155
40	147	1.14619
40	152	0.66419
40	163	0.697852
40	169	1.13462
40	173	1.14197
40	174	0.671327
40	179	1.13389
40	180	1.14022
41	47	1.18474
41	67	0.612749
41	78	1.23992
41	79	1.20444
41	124	0.55652
41	126	0.571812
41	147	1.27504
41	155	0.570039
41	166	1.23833
41	170	1.24647
41	172	0.487613
41	174	1.27925
41	179	1.26274
41	180	1.26908
42	39	1.07186
42	50	1.03279
42	76	0.719434
42	87	0.802248
42	94	0.732603
42	141	1.06589
42	158	1.11498
42	162	1.09758
42	166	0.747341
42	167	1.10485
42	168	1.11864
42	169	1.09529
42	173	1.10264
42	179	1.09456
42	180	1.10089
43	51	1.15399
43	56	0.471855
43	73	0.649038
43	96	1.2178
43	105	0.622705
43	127	1.17407
43	137	1.20784
43	147	0.590679
43	159	1.23021
43	164	1.2001
43	165	1.19417
43	166	1.18624
43	169	0.659929
43	174	1.22717
43	177	1.20841
44	6	1.29218
44	15	1.29218
44	39	0.610091
44	47	1.16122
44	49	1.23687
44	60	1.24263
44	65	0.533493
44	78	1.2164
44	79	1.18092
44	80	1.29041
44	101	0.547857
44	145	1.28718
44	159	0.534845
44	171	0.58645
45	89	0.696534
45	111	1.23522
45	114	1.22118
45	123	0.585407
45	134	1.19306
45	152	1.21475
45	157	0.565906
45	161	1.18401
45	166	1.16945
45	169	0.621667
45	172	0.527389
45	174	1.21038
45	175	1.18919
45	176	1.19114
45	177	1.19162
46	24	0.703518
46	38	0.814577
46	56	0.653056
46	71	1.09596
46	86	1.04497
46	143	1.10368
46	152	1.11871
46	163	1.09139
46	164	1.08727
46	166	1.07341
46	170	1.08155
46	174	1.11433
46	175	1.09315
46	177	1.09558
46	179	0.82707
47	6	1.11653
47	15	1.11653
47	41	1.18474
47	44	1.16122
47	49	1.06122
47	60	1.06698
47	78	1.04075
47	79	1.00527
47	80	1.11476
47	112	1.02049
47	121	0.715263
47	128	0.772492
47	145	1.11152
47	151	0.77267
47	155	0.752727
48	7	1.18639
48	21	1.12479
48	24	1.18639
48	36	1.07995
48	52	1.07995
48	58	1.0244
48	74	1.09191
48	75	1.09713
48	145	1.15871
48	155	0.708866
48	171	0.760203
48	172	1.17039
48	177	0.694881
48	178	0.643872
49	6	1.19218
49	15	1.19218
49	44	1.23687
49	47	1.06122
49	60	1.14263
49	78	1.1164
49	79	1.08092
49	80	1.19041
49	145	1.18717
49	151	0.651125
49	159	0.630914
49	171	0.682519
49	176	0.650842
50	17	1.1441
50	42	1.03279
50	57	1.09707
50	72	0.674576
50	108	1.13821
50	109	1.06097
50	125	0.79627
50	152	0.763308
50	160	1.10235
50	167	1.09011
50	169	1.08055
50	173	1.0879
50	174	0.770445
50	179	1.07981
50	180	1.08615
51	43	1.15399
51	129	0.756683
51	130	1.10768
51	132	0.740905
51	139	1.05896
51	145	0.693728
51	148	1.06223
51	149	1.12351
51	163	1.07848
51	170	1.06864
51	173	0.803602
51	174	1.10142
51	175	1.08024
51	176	1.08219
51	177	1.08267
52	7	1.18639
52	12	0.851472
52	21	1.12479
52	24	1.18639
52	36	1.07995
52	48	1.07995
52	58	1.0244
52	74	1.09191
52	75	1.09712
52	145	1.15871
52	155	0.63612
52	159	0.635852
52	171	0.687456
52	172	1.17039
53	109	1.06386
53	111	0.748459
53	115	1.11864
53	142	1.09301
53	160	1.10524
53	162	1.08573
53	163	0.783094
53	168	1.10678
53	169	1.08344
53	171	1.08078
53	173	1.09079
53	177	0.761556
53	178	0.710547
53	179	1.0827
53	180	1.08904
54	1	0.745009
54	81	1.17268
54	98	1.21083
54	111	0.501997
54	113	1.16764
54	117	0.707419
54	132	1.21451
54	133	1.22539
54	150	1.21
54	153	1.1796
54	155	1.21808
54	156	1.19044
54	171	1.21083
54	173	0.538709
54	174	0.510107
55	56	0.480451
55	116	0.711987
55	118	1.12299
55	123	1.18766
55	124	1.17316
55	133	1.17921
55	136	1.15133
55	139	0.702986
55	150	1.16381
55	153	1.13341
55	155	1.17189
55	156	1.14426
55	157	1.18616
55	159	1.18612
55	163	0.664226
55	177	0.642688
56	43	0.471855
56	46	0.653056
56	55	0.480451
56	92	1.21144
56	95	1.2659
56	127	0.546441
56	131	1.29321
56	144	1.28493
56	154	1.29352
56	155	0.495195
56	165	1.27078
56	168	1.31135
56	169	1.288
56	170	0.557
56	179	1.28727
56	180	1.2936
57	50	1.09707
57	108	1.21724
57	115	1.19477
57	130	0.606651
57	139	0.693513
57	141	1.13017
57	158	1.17926
57	162	1.16186
57	163	0.654753
57	167	1.16913
57	169	1.15957
57	173	1.16692
57	176	0.66686
57	178	0.582206
57	179	1.15884
57	180	1.16517
58	7	1.13084
58	21	1.06924
58	24	1.13084
58	35	1.03809
58	36	1.0244
58	48	1.0244
58	52	1.0244
58	70	0.799392
58	74	1.03636
58	75	1.04157
58	101	1.06187
58	128	0.822191
58	145	1.10316
58	159	0.802158
58	172	1.11484
58	177	0.788441
59	11	1.09186
59	81	0.683873
59	130	1.19894
59	134	1.17536
59	140	1.14091
59	150	0.618857
59	163	1.16974
59	166	1.15175
59	169	0.668049
59	170	1.1599
59	172	0.573771
59	174	1.19268
59	175	1.1715
59	176	1.17345
59	177	1.17392
59	179	0.653989
60	6	1.19794
60	15	1.19795
60	44	1.24263
60	47	1.06698
60	49	1.14263
60	72	1.252
60	78	1.12216
60	79	1.08668
60	80	1.19618
60	112	1.10191
60	128	0.63215
60	145	1.19294
60	159	0.612117
60	165	0.636165
60	170	0.67419
60	171	0.663722
61	16	1.21228
61	23	1.17591
61	28	1.16238
61	66	1.16386
61	67	1.13147
61	82	1.11278
61	89	1.08589
61	145	1.20067
61	151	0.649811
61	159	0.629601
61	165	1.13623
61	168	0.601388
61	171	0.681205
61	172	1.21234
61	175	0.653207
61	178	1.20619
62	20	1.08124
62	32	0.830755
62	40	1.05593
62	70	1.05207
62	71	0.803439
62	73	1.06032
62	96	0.802177
62	100	1.07044
62	102	1.06475
62	122	0.76737
62	135	1.06664
62	158	1.08404
62	162	1.06664
62	169	1.06435
62	179	1.06362
62	180	1.06995
63	108	0.60947
63	114	1.19103
63	145	0.587099
63	148	1.14104
63	149	1.20231
63	157	0.643433
63	160	0.654564
63	161	1.15385
63	163	1.15728
63	164	1.15315
63	166	1.13929
63	169	0.699194
63	171	1.16179
63	174	1.18022
63	175	1.15904
63	176	1.16099
64	92	1.09251
64	95	1.14697
64	102	1.16948
64	118	0.626247
64	119	1.20058
64	141	1.13968
64	160	1.19089
64	162	1.17137
64	164	0.645419
64	169	1.16908
64	170	0.685318
64	173	1.17643
64	174	0.604541
64	176	0.643173
64	179	1.16834
64	180	1.17468
65	44	0.533493
65	85	1.22605
65	86	1.10918
65	98	0.616245
65	104	0.683809
65	149	1.20064
65	151	1.16373
65	153	0.684015
65	161	1.15218
65	163	1.1556
65	166	1.13762
65	173	0.679427
65	174	1.17854
65	175	1.15736
65	176	1.15931
65	177	1.15979
66	16	1.21228
66	23	1.17591
66	28	1.16238
66	61	1.16386
66	67	1.13147
66	82	1.11278
66	89	1.08589
66	145	1.20067
66	146	0.642239
66	151	0.639351
66	164	0.641314
66	165	1.13623
66	171	0.670744
66	172	1.21234
66	178	1.20619
66	179	0.6172
67	16	1.17989
67	23	1.14351
67	28	1.12999
67	41	0.612749
67	61	1.13147
67	66	1.13147
67	82	1.08039
67	89	1.0535
67	116	1.12392
67	145	1.16828
67	147	0.656729
67	159	0.713859
67	160	0.681349
67	165	1.10384
67	166	0.740111
67	172	1.17995
67	178	1.17379
68	4	1.1786
68	12	1.05365
68	30	1.14635
68	83	1.09708
68	96	0.677002
68	124	1.13427
68	126	1.12351
68	136	1.11245
68	155	1.133
68	156	1.10537
68	157	1.14728
68	160	0.647265
68	162	0.683853
68	165	0.703823
68	172	1.1873
68	173	0.689673
68	178	1.18114
69	11	1.05781
69	20	0.658189
69	39	0.737275
69	77	1.12901
69	104	0.676309
69	127	1.10553
69	131	0.67442
69	159	1.16166
69	164	1.13155
69	166	1.11769
69	170	1.12584
69	174	1.15862
69	175	1.13744
69	176	1.13939
69	177	1.13987
69	178	1.19558
69	180	0.652562
70	27	0.654303
70	34	1.11672
70	58	0.799392
70	62	1.05207
70	85	0.587791
70	119	1.16226
70	131	1.13597
70	138	1.15072
70	140	0.718572
70	152	0.642274
70	160	1.15257
70	167	1.14032
70	168	1.15411
70	169	1.13076
70	173	1.13811
70	179	1.13003
70	180	1.13636
71	46	1.09596
71	62	0.803439
71	77	1.12661
71	87	1.08387
71	94	1.12875
71	131	0.681761
71	137	1.1369
71	148	1.11704
71	149	1.17832
71	150	0.632297
71	156	0.65427
71	157	0.625728
71	161	1.12986
71	175	1.13504
71	176	1.13699
71	177	1.13747
71	178	1.19318
72	20	0.552469
72	50	0.674576
72	60	1.252
72	79	1.19029
72	80	1.29978
72	112	1.20551
72	115	0.526133
72	118	1.20502
72	131	0.568699
72	152	1.26948
72	153	1.21545
72	156	1.22629
72	161	1.23874
72	168	0.528096
72	170	1.23233
72	174	1.26511
72	180	0.546842
73	43	0.649038
73	62	1.06032
73	86	0.789619
73	117	1.06452
73	122	0.634529
73	127	0.723623
73	147	1.15058
73	151	1.13998
73	154	1.14453
73	160	1.16083
73	167	1.14858
73	168	1.16237
73	169	1.13902
73	173	1.14637
73	178	0.607384
73	179	1.13828
73	180	1.14462
74	7	1.19835
74	19	1.163
74	21	1.13675
74	24	1.19835
74	36	1.09191
74	48	1.09191
74	52	1.09191
74	58	1.03636
74	75	1.10908
74	101	1.12937
74	128	0.681228
74	145	1.17067
74	151	0.681406
74	159	0.661195
74	165	0.685243
74	171	0.7128
74	172	1.18234
75	7	1.20357
75	20	0.672575
75	21	1.14197
75	24	1.20357
75	35	1.11082
75	36	1.09713
75	48	1.09713
75	52	1.09712
75	58	1.04157
75	74	1.10908
75	101	1.13459
75	135	0.677017
75	145	1.17589
75	151	0.696625
75	159	0.676414
75	172	1.18756
75	173	0.686312
76	25	0.656765
76	27	1.1412
76	31	1.39004
76	42	0.719434
76	83	1.08389
76	103	0.684361
76	123	1.13559
76	128	1.09472
76	136	1.09926
76	150	1.11174
76	151	1.11618
76	153	1.08134
76	155	1.11982
76	156	1.09218
76	159	1.13404
76	165	0.693274
76	174	0.650522
77	69	1.12901
77	71	1.12661
77	99	1.13258
77	112	0.727993
77	115	0.678027
77	137	1.12566
77	148	1.1058
77	152	1.14936
77	157	0.664561
77	159	1.14803
77	166	1.10406
77	172	0.626045
77	174	1.14498
77	176	1.12575
77	177	1.12623
77	178	1.18194
77	180	0.698736
78	1	1.04818
78	6	1.17171
78	15	1.17171
78	41	1.23992
78	44	1.2164
78	47	1.04075
78	49	1.1164
78	60	1.12216
78	79	1.06045
78	80	1.16994
78	112	1.07567
78	145	1.1667
78	164	0.687309
78	165	0.689183
78	171	0.71674
78	177	0.651418
78	179	0.663195
79	1	1.0127
79	6	1.13623
79	15	1.13623
79	26	0.67672
79	41	1.20444
79	44	1.18092
79	47	1.00527
79	49	1.08092
79	60	1.08668
79	72	1.19029
79	78	1.06045
79	80	1.13446
79	112	1.04019
79	145	1.13122
79	148	0.729707
79	151	0.723729
79	165	0.727566
79	171	0.755123
80	1	1.12219
80	6	1.24573
80	15	1.24573
80	44	1.29041
80	47	1.11476
80	49	1.19041
80	60	1.19618
80	72	1.29978
80	78	1.16994
80	79	1.13446
80	96	0.538054
80	104	0.555108
80	112	1.14969
80	117	0.719435
80	120	0.645308
80	145	1.24072
80	151	0.561038
80	171	0.592432
81	4	1.15242
81	21	0.666101
81	34	0.793793
81	37	0.756225
81	54	1.17268
81	59	0.683873
81	83	1.07091
81	105	1.09772
81	107	1.08411
81	123	1.1226
81	132	1.10326
81	133	1.11415
81	135	0.699428
81	136	1.08627
81	153	1.06835
81	155	1.10683
81	157	1.1211
81	171	1.09958
82	16	1.16121
82	23	1.12483
82	28	1.11131
82	61	1.11278
82	66	1.11278
82	67	1.08039
82	89	1.03482
82	104	1.12721
82	116	1.10524
82	117	1.02788
82	128	0.730732
82	136	0.684879
82	151	0.73091
82	159	0.710699
82	165	1.08516
82	171	0.762304
82	172	1.16127
82	178	1.15511
83	17	0.657095
83	30	1.12966
83	68	1.09708
83	76	1.08389
83	81	1.07091
83	98	1.10906
83	113	1.06587
83	123	1.13208
83	126	1.10682
83	148	0.752818
83	150	1.10823
83	151	1.11268
83	156	1.08868
83	157	1.13058
83	165	0.750677
83	178	1.16445
83	179	0.724689
83	180	0.717163
84	95	0.591722
84	103	0.592751
84	116	0.633199
84	118	1.1484
84	123	1.21308
84	124	1.19857
84	132	1.19374
84	133	1.20462
84	136	1.17675
84	150	1.18923
84	155	1.19731
84	156	1.16967
84	157	1.21158
84	170	0.639689
84	172	1.2516
84	173	0.587515
84	174	0.558913
84	178	1.24545
85	65	1.22605
85	70	0.587791
85	90	0.574012
85	92	0.690762
85	94	1.19463
85	104	0.604838
85	119	0.55227
85	127	1.16901
85	140	1.17034
85	152	1.22648
85	161	1.19574
85	163	1.19916
85	170	1.18933
85	174	1.22211
85	175	1.20093
85	176	1.20288
85	177	1.20335
85	179	0.588617
86	13	1.16048
86	46	1.04497
86	65	1.10918
86	73	0.789619
86	91	0.705538
86	94	1.07776
86	128	1.06895
86	137	1.08591
86	139	1.06277
86	146	1.07741
86	147	0.73126
86	152	1.10961
86	156	0.773291
86	163	1.08229
86	164	1.07817
86	170	1.07245
86	173	0.798289
86	175	1.08405
86	176	1.086
87	40	0.77119
87	42	0.802248
87	71	1.08387
87	95	0.766145
87	103	1.10272
87	111	1.12709
87	142	0.738664
87	143	1.09158
87	160	0.71953
87	161	1.07587
87	163	1.0793
87	164	1.07517
87	166	1.06131
87	170	1.06946
87	171	1.08381
87	174	1.10224
87	175	1.08106
87	176	1.08301
87	177	1.08349
88	3	1.15449
88	4	0.707096
88	118	0.808022
88	130	1.10957
88	137	1.08398
88	138	0.773733
88	140	1.05155
88	146	1.07549
88	147	0.747889
88	152	1.10768
88	157	0.761378
88	161	1.07694
88	163	1.08037
88	164	1.07624
88	166	1.06238
88	170	1.07053
88	175	1.08213
88	176	1.08408
88	177	1.08456
89	16	1.13432
89	23	1.09794
89	28	1.08442
89	45	0.696534
89	61	1.08589
89	66	1.08589
89	67	1.0535
89	82	1.03482
89	101	0.77088
89	104	1.10032
89	116	1.07835
89	117	1.00099
89	127	0.809382
89	145	1.1227
89	156	0.742768
89	165	1.05826
89	166	0.78412
89	172	1.13438
89	178	1.12822
90	21	0.621612
90	85	0.574012
90	92	1.09774
90	93	1.20213
90	95	1.15219
90	110	1.12452
90	124	0.641085
90	129	1.1881
90	131	1.17951
90	141	1.1449
90	154	1.17982
90	160	1.19611
90	161	0.65984
90	167	1.18386
90	168	1.19765
90	170	0.716408
90	178	0.58961
90	179	1.17357
90	180	1.1799
91	9	1.10824
91	33	1.15738
91	86	0.705538
91	105	1.17977
91	107	1.16617
91	110	0.687205
91	118	1.13998
91	123	1.20466
91	124	1.19015
91	136	1.16833
91	153	1.15041
91	155	1.18888
91	156	1.16125
91	157	1.20316
91	164	0.610203
91	165	0.612076
91	166	0.614281
91	167	0.573539
91	171	1.18163
92	11	0.855377
92	56	1.21144
92	64	1.09251
92	85	0.690762
92	90	1.09774
92	105	0.745981
92	135	1.06877
92	141	1.03708
92	147	1.07805
92	154	1.072
92	157	0.727444
92	158	1.08617
92	160	1.08829
92	163	0.778907
92	168	1.08983
92	169	1.06648
92	173	1.07383
92	179	1.06575
92	180	1.07208
93	2	1.08316
93	8	0.545931
93	10	1.21594
93	90	1.20213
93	94	0.670704
93	131	1.17609
93	140	0.709647
93	141	1.14148
93	143	0.652781
93	144	1.1678
93	149	0.630475
93	154	1.17639
93	160	1.19268
93	162	1.17317
93	165	1.15366
93	169	1.17088
93	178	0.594464
93	179	1.17014
93	180	1.17648
94	3	1.1983
94	19	0.590554
94	42	0.732603
94	71	1.12875
94	85	1.19463
94	86	1.07776
94	93	0.670704
94	121	1.16803
94	122	1.1467
94	134	1.1298
94	138	0.65111
94	149	1.16921
94	166	1.10619
94	170	1.11434
94	175	1.12594
94	176	1.12789
94	177	1.12837
94	178	1.18408
94	179	0.680455
94	180	0.672929
95	5	0.617769
95	56	1.2659
95	64	1.14697
95	84	0.591722
95	87	0.766145
95	90	1.15219
95	115	1.15614
95	129	1.13473
95	135	1.12322
95	140	0.735443
95	142	1.13051
95	158	1.14063
95	162	1.12323
95	167	1.1305
95	169	1.12094
95	173	1.12829
95	177	0.671269
95	178	0.620261
95	179	1.1202
95	180	1.12654
96	22	0.672416
96	43	1.2178
96	62	0.802177
96	68	0.677002
96	80	0.538054
96	125	1.14258
96	127	1.11214
96	137	1.14591
96	139	1.12277
96	140	1.11347
96	143	1.15458
96	146	1.13741
96	154	0.642665
96	161	1.13886
96	166	1.12431
96	170	1.13245
96	174	1.16523
96	176	1.146
96	177	1.14648
96	179	0.666167
97	13	0.629551
97	22	1.1427
97	103	0.720386
97	136	0.679432
97	138	1.15264
97	142	1.14225
97	147	1.14424
97	150	0.668179
97	154	1.13819
97	157	0.66161
97	158	1.15236
97	159	1.15149
97	162	1.13496
97	167	1.14223
97	168	1.15602
97	169	1.13267
97	173	1.14002
97	178	0.640526
97	179	1.13194
97	180	1.13827
98	54	1.21083
98	65	0.616245
98	83	1.10906
98	107	1.12226
98	113	1.09454
98	114	0.609913
98	116	0.673179
98	117	0.796204
98	123	1.16075
98	150	1.1369
98	151	1.14135
98	153	1.1065
98	155	1.14498
98	156	1.11735
98	157	1.15925
98	159	1.15921
98	169	0.629717
98	170	0.67967
98	171	1.13773
98	172	1.19928
99	35	0.692552
99	77	1.13258
99	105	0.650021
99	111	1.18704
99	134	1.14487
99	135	0.675729
99	137	1.14287
99	138	0.64384
99	140	1.11043
99	146	1.13437
99	148	1.12301
99	152	1.16656
99	155	0.675394
99	163	1.13925
99	167	0.660636
99	170	1.12941
99	174	1.16219
99	175	1.14101
99	176	1.14296
99	177	1.14344
100	62	1.07044
100	102	1.14954
100	110	1.09936
100	111	0.665161
100	120	1.10681
100	123	0.667835
100	129	1.16293
100	133	0.658332
100	142	1.15871
100	143	0.685567
100	144	1.14606
100	154	1.15465
100	159	1.16796
100	162	1.15143
100	168	1.17249
100	172	0.609817
100	173	1.15649
100	175	0.715581
100	179	1.1484
100	180	1.15474
101	44	0.547857
101	58	1.06187
101	74	1.12937
101	75	1.13459
101	89	0.77088
101	122	1.16432
101	123	0.659753
101	124	0.670642
101	127	1.11165
101	133	0.65025
101	138	1.16893
101	153	0.698379
101	154	1.15448
101	162	1.15126
101	166	1.12381
101	172	1.20785
101	175	1.14356
101	176	1.14551
101	179	1.14823
101	180	1.15456
102	22	1.15348
102	24	0.55223
102	62	1.06475
102	64	1.16948
102	100	1.14954
102	106	1.11318
102	107	0.71677
102	131	1.14866
102	134	0.697368
102	139	0.724302
102	158	1.16314
102	160	1.16525
102	162	1.14574
102	169	1.14345
102	171	1.14079
102	173	1.1508
102	175	0.701328
102	178	0.612996
102	179	1.14271
102	180	1.14905
103	11	1.07427
103	29	1.17913
103	76	0.684361
103	84	0.592751
103	87	1.10272
103	97	0.720386
103	127	1.12198
103	137	1.15575
103	140	1.12331
103	142	0.67264
103	143	1.16442
103	158	0.65051
103	161	1.14871
103	163	1.15214
103	164	1.14801
103	170	1.1423
103	174	1.17508
103	176	1.15585
103	177	1.15633
103	180	0.676549
104	13	0.609461
104	65	0.683809
104	69	0.676309
104	80	0.555108
104	82	1.12721
104	85	0.604838
104	89	1.10032
104	105	1.16336
104	118	1.12357
104	132	1.1689
104	155	1.17247
104	160	1.18969
104	168	1.19123
104	172	1.22677
104	173	1.17523
104	177	0.671445
104	178	1.22062
104	179	1.16714
104	180	1.17348
105	27	1.16451
105	30	1.15647
105	43	0.622705
105	81	1.09772
105	91	1.17977
105	92	0.745981
105	99	0.650021
105	104	1.16336
105	118	1.09422
105	122	0.608196
105	123	1.15889
105	126	1.13362
105	132	1.13955
105	153	1.10464
105	155	1.14312
105	156	1.11548
105	157	1.15739
105	165	0.669824
105	170	0.707849
105	178	1.19126
106	102	1.11318
106	113	0.739232
106	115	1.14797
106	119	1.14427
106	122	0.660567
106	124	0.684896
106	131	1.11799
106	141	1.08337
106	142	1.12235
106	144	1.1097
106	147	1.12434
106	162	1.11507
106	167	1.12233
106	168	1.13612
106	169	1.11277
106	173	1.12012
106	174	0.679443
106	175	0.721753
106	176	0.718075
106	179	1.11204
106	180	1.11837
107	2	0.803965
107	10	0.633321
107	12	1.05016
107	81	1.08411
107	91	1.16617
107	98	1.12226
107	102	0.71677
107	113	1.07907
107	123	1.14529
107	124	1.13078
107	126	1.12002
107	130	0.669648
107	133	1.13683
107	150	1.12144
107	153	1.09104
107	155	1.12951
107	156	1.10188
107	157	1.14379
107	158	0.674424
107	178	1.17766
107	180	0.700463
108	9	0.736418
108	50	1.13821
108	57	1.21724
108	63	0.60947
108	120	1.15838
108	138	1.22068
108	139	0.639858
108	141	1.17131
108	144	1.19764
108	147	1.21228
108	149	0.564563
108	158	1.2204
108	160	1.22252
108	167	1.21027
108	168	1.22406
108	169	1.20071
108	172	0.511119
108	176	0.613205
108	178	0.528552
108	179	1.19998
108	180	1.20631
109	8	0.621589
109	22	1.13349
109	50	1.06097
109	53	1.06386
109	123	0.710707
109	138	1.14343
109	141	1.09406
109	144	1.12039
109	154	1.12898
109	158	1.14315
109	161	0.740352
109	162	1.12576
109	166	0.761099
109	167	1.13302
109	168	1.14681
109	169	1.12346
109	172	0.652689
109	173	1.13082
109	174	0.716143
109	179	1.12273
109	180	1.12906
110	34	1.07922
110	90	1.12452
110	91	0.687205
110	100	1.09936
110	129	1.10706
110	130	0.729776
110	135	1.09555
110	138	1.11323
110	143	0.763649
110	151	1.09423
110	159	1.11208
110	160	1.11507
110	162	1.09555
110	163	0.777879
110	165	1.07604
110	167	1.10282
110	169	1.09326
110	172	0.6879
110	173	1.10061
110	177	0.756341
110	179	1.09253
110	180	1.09886
111	37	1.15974
111	45	1.23522
111	53	0.748459
111	54	0.501997
111	87	1.12709
111	99	1.18704
111	100	0.665161
111	127	1.14635
111	135	0.64467
111	144	0.656956
111	146	1.17163
111	148	1.16026
111	154	0.618625
111	163	1.1765
111	164	1.17238
111	166	1.15852
111	170	1.16666
111	172	0.561909
111	174	1.19945
111	175	1.17826
111	176	1.18021
111	177	1.18069
112	11	0.774963
112	38	1.07367
112	47	1.02049
112	60	1.10191
112	72	1.20551
112	77	0.727993
112	78	1.07567
112	79	1.04019
112	80	1.14969
112	124	1.10509
112	133	1.11114
112	136	1.08327
112	137	0.718767
112	146	0.713771
112	157	1.1181
112	166	0.716924
112	167	1.10879
112	170	0.752744
112	171	1.09657
112	173	1.10658
112	179	1.0985
112	180	1.10483
113	9	1.02114
113	33	1.07028
113	54	1.16764
113	83	1.06587
113	98	1.09454
113	106	0.739232
113	107	1.07907
113	117	0.890573
113	123	1.11756
113	126	1.0923
113	132	1.09822
113	136	1.08123
113	150	1.09371
113	155	1.10179
113	157	1.11606
113	167	0.697477
113	168	0.683754
113	171	1.09454
113	172	1.15609
113	174	0.693262
113	177	0.698249
113	178	1.14993
114	3	1.23658
114	18	0.615341
114	45	1.22118
114	63	1.19103
114	98	0.609913
114	115	0.633022
114	119	0.62491
114	129	0.626177
114	139	1.14295
114	140	1.13364
114	142	0.649822
114	143	1.17475
114	146	1.15759
114	152	1.18978
114	161	1.15904
114	164	1.15834
114	168	0.634985
114	170	1.15263
114	174	1.18541
114	175	1.16423
114	176	1.16618
114	177	1.16666
115	53	1.11864
115	57	1.19477
115	72	0.526133
115	77	0.678027
115	95	1.15614
115	106	1.14797
115	114	0.633022
115	120	1.13591
115	122	0.603125
115	142	1.18782
115	143	0.634297
115	144	1.17517
115	147	1.18981
115	158	1.19793
115	160	1.20005
115	165	1.16102
115	167	1.18781
115	170	0.702778
115	173	1.1856
115	177	0.626989
115	179	1.17751
115	180	1.18385
116	17	1.20946
116	30	0.700484
116	31	0.476847
116	55	0.711987
116	67	1.12392
116	82	1.10524
116	84	0.633199
116	89	1.07835
116	98	0.673179
116	124	0.713213
116	150	0.689391
116	160	1.16771
116	167	1.15547
116	170	1.1289
116	171	1.14325
116	172	1.2048
116	174	1.16169
116	175	1.1405
116	176	1.14245
116	177	1.14293
116	178	1.19864
116	179	1.14517
116	180	1.15151
117	14	0.995931
117	23	1.09101
117	32	1.06192
117	54	0.707419
117	73	1.06452
117	80	0.719435
117	82	1.02788
117	89	1.00099
117	98	0.796204
117	113	0.890573
117	126	0.851529
117	134	1.06701
117	156	0.834388
117	165	1.05133
117	168	1.0919
117	171	1.06589
117	172	1.12744
117	173	1.0759
117	174	1.08433
117	176	1.0651
117	177	1.06558
117	178	1.12129
117	179	1.06782
117	180	1.07415
118	9	1.02268
118	27	1.12472
118	31	1.37355
118	33	1.07182
118	55	1.12299
118	64	0.626247
118	72	1.20502
118	84	1.1484
118	88	0.808022
118	91	1.13998
118	104	1.12357
118	105	1.09422
118	123	1.1191
118	129	0.636863
118	133	1.11064
118	146	0.696983
118	150	1.09525
118	155	1.10333
118	156	1.07569
118	159	1.11755
118	162	0.677961
118	167	0.659394
118	176	0.693811
118	178	1.15147
119	2	1.08683
119	64	1.20058
119	70	1.16226
119	85	0.55227
119	106	1.14427
119	114	0.62491
119	125	0.639715
119	127	0.684108
119	129	1.18834
119	131	1.17976
119	134	0.65224
119	147	1.18611
119	151	1.17551
119	155	0.632862
119	158	1.19423
119	159	1.19336
119	160	1.19635
119	167	1.18411
119	168	1.19789
119	169	1.17454
119	173	1.1819
119	176	0.652522
119	178	0.567868
119	179	1.17381
119	180	1.18015
120	8	0.662103
120	26	1.11655
120	34	1.08667
120	80	0.645308
120	100	1.10681
120	108	1.15838
120	115	1.13591
120	122	0.737781
120	138	1.12068
120	141	1.07131
120	142	1.11029
120	158	1.1204
120	160	1.12252
120	162	1.10301
120	167	1.11027
120	168	1.12406
120	169	1.10071
120	171	1.09806
120	172	0.693203
120	173	1.10806
120	174	0.756657
120	175	0.798967
120	178	0.710635
120	179	1.09998
120	180	1.10631
121	5	1.23732
121	6	0.529977
121	37	1.15581
121	47	0.715263
121	94	1.16803
121	124	0.620435
121	125	1.17286
121	127	1.14241
121	130	1.20177
121	134	1.17819
121	144	0.646575
121	146	1.16769
121	152	1.19988
121	155	0.633954
121	157	0.590044
121	161	1.16914
121	162	0.637763
121	163	1.17257
121	164	1.16844
121	166	1.15458
121	170	1.16273
121	174	1.19551
121	176	1.17628
121	177	1.17676
121	180	0.624219
122	10	0.556692
122	62	0.76737
122	73	0.634529
122	94	1.1467
122	101	1.16432
122	105	0.608196
122	106	0.660567
122	115	0.603125
122	120	0.737781
122	139	1.13172
122	140	1.12241
122	148	1.13499
122	149	1.19627
122	152	1.17855
122	161	1.14781
122	163	1.15124
122	164	1.14711
122	165	1.14118
122	166	1.13325
122	171	1.15574
122	174	1.17418
122	175	1.153
122	176	1.15495
122	177	1.15543
122	178	1.21114
122	179	0.63136
123	29	0.650806
123	45	0.585407
123	55	1.18766
123	76	1.13559
123	81	1.1226
123	83	1.13208
123	84	1.21308
123	91	1.20466
123	98	1.16075
123	100	0.667835
123	101	0.659753
123	105	1.15889
123	107	1.14529
123	109	0.710707
123	113	1.11756
123	118	1.1191
123	124	1.16927
123	126	1.15851
123	133	1.17532
123	136	1.14745
123	153	1.12953
123	156	1.14037
123	157	1.18228
123	160	0.61423
123	176	0.666668
123	179	0.6448
124	19	1.18845
124	41	0.55652
124	55	1.17316
124	68	1.13427
124	84	1.19857
124	90	0.641085
124	91	1.19015
124	101	0.670642
124	106	0.684896
124	107	1.13078
124	112	1.10509
124	116	0.713213
124	121	0.620435
124	123	1.16927
124	126	1.14401
124	132	1.14993
124	133	1.16082
124	150	1.14542
124	153	1.11502
124	155	1.1535
124	156	1.12587
124	157	1.16777
124	169	0.66975
124	171	1.14625
124	177	0.643914
124	178	1.20164
125	25	1.14695
125	26	0.651203
125	29	1.156
125	37	1.11224
125	50	0.79627
125	96	1.14258
125	119	0.639715
125	121	1.17286
125	129	0.640981
125	134	1.13463
125	136	0.652182
125	142	0.664626
125	143	1.14129
125	148	1.11276
125	161	1.12558
125	162	0.68208
125	163	1.12901
125	164	1.12488
125	166	1.11102
125	170	1.11917
125	171	1.13351
125	174	1.15195
125	175	1.13077
125	176	1.13272
125	177	1.13319
125	178	1.18891
125	180	0.668536
126	27	1.16413
126	33	1.11123
126	41	0.571812
126	68	1.12351
126	83	1.10682
126	105	1.13362
126	107	1.12002
126	113	1.0923
126	117	0.851529
126	123	1.15851
126	124	1.14401
126	131	0.685313
126	132	1.13917
126	133	1.15005
126	136	1.12218
126	138	0.641636
126	143	0.666513
126	147	0.615791
126	150	1.13466
126	153	1.10426
126	156	1.1151
126	157	1.15701
126	165	0.696969
126	171	1.13549
126	172	1.19704
126	178	1.19088
126	179	0.670981
127	32	1.0991
127	43	1.17407
127	56	0.546441
127	69	1.10553
127	73	0.723623
127	85	1.16901
127	89	0.809382
127	96	1.11214
127	101	1.11165
127	103	1.12198
127	111	1.14635
127	119	0.684108
127	121	1.14241
127	130	1.12776
127	134	1.10418
127	139	1.07904
127	141	0.783699
127	143	1.11085
127	149	1.14359
127	154	0.696952
127	166	1.08058
127	170	1.08872
127	172	0.640237
127	174	1.1215
127	175	1.10032
127	177	1.10275
127	178	1.15846
127	180	0.712928
128	21	0.658191
128	23	0.600973
128	36	0.702042
128	47	0.772492
128	58	0.822191
128	60	0.63215
128	74	0.681228
128	76	1.09472
128	82	0.730732
128	86	1.06895
128	129	1.13634
128	131	1.12776
128	132	1.12357
128	142	1.13212
128	144	1.11947
128	146	1.1105
128	150	1.11906
128	153	1.08866
128	155	1.12714
128	162	1.12483
128	163	1.11538
128	164	1.11125
128	174	1.13832
128	175	1.11714
128	177	1.11957
128	178	1.17528
128	179	1.12181
128	180	1.12814
129	33	0.681982
129	38	1.13128
129	40	1.14842
129	51	0.756683
129	90	1.1881
129	95	1.13473
129	100	1.16293
129	110	1.10706
129	114	0.626177
129	118	0.636863
129	119	1.18834
129	125	0.640981
129	128	1.13634
129	132	0.581062
129	135	1.15912
129	138	1.1768
129	142	1.16641
129	152	0.608019
129	158	1.17653
129	160	1.17865
129	162	1.15913
129	167	1.1664
129	168	1.18019
129	169	1.15684
129	173	1.16419
129	174	0.615156
129	175	0.657467
129	179	1.1561
129	180	1.16244
130	26	0.603801
130	51	1.10768
130	57	0.606651
130	59	1.19894
130	88	1.10957
130	107	0.669648
130	110	0.729776
130	121	1.20177
130	127	1.12776
130	134	1.16354
130	141	0.691904
130	143	1.1702
130	144	0.643489
130	146	1.15304
130	148	1.14167
130	152	1.18523
130	161	1.15449
130	164	1.15379
130	165	1.14786
130	166	1.13993
130	168	0.602387
130	171	1.16242
130	174	1.18086
130	175	1.15968
130	176	1.16163
130	177	1.16211
130	178	1.21782
130	179	0.628659
130	180	0.621133
131	31	0.433656
131	56	1.29321
131	69	0.67442
131	70	1.13597
131	71	0.681761
131	72	0.568699
131	90	1.17951
131	93	1.17609
131	102	1.14866
131	106	1.11799
131	119	1.17976
131	126	0.685313
131	128	1.12776
131	133	0.64963
131	135	1.15054
131	137	0.711367
131	141	1.11886
131	142	1.15783
131	144	1.14518
131	154	1.15377
131	158	1.16795
131	160	1.17006
131	161	0.688777
131	166	0.709524
131	168	1.17161
131	169	1.14826
131	173	1.15561
131	179	1.14752
131	180	1.15386
132	9	1.06801
132	14	0.76585
132	22	0.622391
132	27	1.17005
132	31	1.41889
132	32	0.643887
132	33	1.11715
132	51	0.740905
132	54	1.21451
132	81	1.10326
132	84	1.19374
132	104	1.1689
132	105	1.13955
132	113	1.09822
132	124	1.14993
132	126	1.13917
132	128	1.12357
132	129	0.581062
132	133	1.15598
132	146	0.641182
132	149	0.589368
132	150	1.14059
132	154	0.59264
132	155	1.14866
132	156	1.12103
132	157	1.16294
132	159	1.16289
132	162	0.62216
132	172	1.20296
133	4	1.20514
133	29	0.641304
133	30	1.1729
133	54	1.22539
133	55	1.17921
133	81	1.11415
133	84	1.20462
133	100	0.658332
133	101	0.65025
133	107	1.13683
133	112	1.11114
133	118	1.11064
133	123	1.17532
133	124	1.16082
133	126	1.15005
133	131	0.64963
133	132	1.15598
133	150	1.15147
133	153	1.12107
133	155	1.15955
133	156	1.13191
133	157	1.17382
133	158	0.601733
133	165	0.661286
133	166	0.66349
133	171	1.1523
133	173	0.647136
133	178	1.20769
133	180	0.627772
134	17	0.620993
134	45	1.19306
134	59	1.17536
134	94	1.1298
134	99	1.14487
134	102	0.697368
134	117	1.06701
134	119	0.65224
134	121	1.17819
134	125	1.13463
134	127	1.10418
134	130	1.16354
134	136	0.664708
134	146	1.12946
134	149	1.17937
134	157	0.646886
134	161	1.13091
134	162	0.694605
134	163	1.13434
134	164	1.13021
134	166	1.11635
134	167	0.676038
134	168	0.662315
134	170	1.1245
134	174	1.15728
134	175	1.1361
134	176	1.13805
134	177	1.13853
134	178	1.19424
134	180	0.681061
135	13	0.595783
135	17	1.20888
135	34	1.13129
135	62	1.06664
135	75	0.677017
135	81	0.699428
135	92	1.06877
135	95	1.12322
135	99	0.675729
135	110	1.09555
135	111	0.64467
135	129	1.15912
135	131	1.15054
135	142	1.15491
135	147	1.15689
135	149	0.64277
135	158	1.16502
135	159	1.16415
135	160	1.16714
135	161	0.676989
135	165	1.12811
135	167	1.15489
135	168	1.16868
135	169	1.14533
135	170	0.733557
135	171	1.14267
135	173	1.15268
135	177	0.657767
135	179	1.14459
135	180	1.15093
136	31	1.4019
136	33	1.10017
136	55	1.15133
136	68	1.11245
136	76	1.09926
136	81	1.08627
136	82	0.684879
136	84	1.17675
136	91	1.16833
136	97	0.679432
136	112	1.08327
136	113	1.08123
136	123	1.14745
136	125	0.652182
136	126	1.12218
136	134	0.664708
136	139	0.691642
136	150	1.1236
136	151	1.12804
136	155	1.13167
136	156	1.10404
136	157	1.14595
136	159	1.1459
136	164	0.667235
136	171	1.12442
136	172	1.18597
136	175	0.668667
136	176	0.664989
136	177	0.631344
136	178	1.17982
137	13	1.21052
137	14	0.846744
137	19	0.607135
137	29	1.15932
137	31	0.44936
137	43	1.20784
137	71	1.1369
137	77	1.12566
137	86	1.08591
137	88	1.08398
137	96	1.14591
137	99	1.14287
137	103	1.15575
137	112	0.718767
137	131	0.711367
137	139	1.11281
137	145	0.599001
137	151	1.14046
137	158	0.663471
137	159	1.15831
137	161	1.1289
137	164	1.1282
137	170	1.12249
137	173	0.708874
137	174	1.15527
137	175	1.13409
137	176	1.13604
137	177	1.13652
137	178	1.19223
137	180	0.68951
138	10	1.20807
138	13	0.563894
138	37	0.696995
138	38	1.13745
138	70	1.15072
138	88	0.773733
138	94	0.65111
138	97	1.15264
138	99	0.64384
138	101	1.16893
138	108	1.22068
138	109	1.14343
138	110	1.11323
138	120	1.12068
138	126	0.641636
138	129	1.1768
138	141	1.13361
138	142	1.17258
138	143	0.633186
138	144	1.15993
138	147	1.17457
138	154	1.16852
138	158	1.1827
138	162	1.1653
138	166	0.665847
138	167	1.17257
138	168	1.18636
138	171	1.16035
138	172	0.557437
138	178	0.574869
138	179	1.16227
138	180	1.16861
139	1	1.04505
139	2	0.811497
139	5	1.17395
139	8	1.18906
139	32	1.10974
139	35	0.734888
139	51	1.05896
139	55	0.702986
139	57	0.693513
139	86	1.06277
139	96	1.12277
139	102	0.724302
139	108	0.639858
139	114	1.14295
139	122	1.13172
139	127	1.07904
139	136	0.691642
139	137	1.11281
139	143	1.12148
139	148	1.09295
139	149	1.15423
139	160	0.684951
139	161	1.10577
139	163	1.1092
139	164	1.10507
139	170	1.09936
139	171	1.11371
139	174	1.13214
139	175	1.11096
139	176	1.11291
139	177	1.11339
139	179	0.715521
140	8	1.17976
140	59	1.14091
140	70	0.718572
140	85	1.17034
140	88	1.05155
140	93	0.709647
140	95	0.735443
140	96	1.11347
140	99	1.11043
140	103	1.12331
140	114	1.13364
140	122	1.12241
140	143	1.11218
140	146	1.09502
140	149	1.14493
140	151	1.10802
140	154	0.695896
140	158	0.685833
140	163	1.09989
140	164	1.09577
140	165	1.08984
140	166	1.08191
140	167	0.706849
140	168	0.693126
140	170	1.09005
140	171	1.1044
140	173	0.731236
140	174	1.12284
140	175	1.10165
140	176	1.1036
140	177	1.10408
140	179	0.719398
141	6	0.628477
141	26	1.12948
141	34	1.0996
141	40	1.10522
141	42	1.06589
141	57	1.13017
141	64	1.13968
141	90	1.1449
141	92	1.03708
141	93	1.14148
141	106	1.08337
141	108	1.17131
141	109	1.09406
141	120	1.07131
141	127	0.783699
141	130	0.691904
141	131	1.11886
141	138	1.13361
141	144	1.11057
141	148	0.758374
141	156	0.717085
141	165	1.09642
141	167	1.1232
141	168	1.13699
141	169	1.11364
141	170	0.794258
141	172	0.650027
141	173	1.12099
141	174	0.713481
141	178	0.66746
141	179	1.11291
141	180	1.11924
142	2	1.0649
142	3	0.591788
142	15	0.594769
142	34	1.13858
142	53	1.09301
142	87	0.738664
142	95	1.13051
142	97	1.14225
142	100	1.15871
142	103	0.67264
142	106	1.12235
142	114	0.649822
142	115	1.18782
142	120	1.11029
142	125	0.664626
142	128	1.13212
142	129	1.16641
142	131	1.15783
142	135	1.15491
142	138	1.17258
142	143	0.651097
142	147	1.16418
142	154	1.15814
142	158	1.17231
142	160	1.17443
142	168	1.17597
142	169	1.15262
142	170	0.719578
142	173	1.15997
142	176	0.677433
142	177	0.643788
142	179	1.15188
142	180	1.15822
143	5	1.20575
143	13	1.21919
143	46	1.10368
143	87	1.09158
143	93	0.652781
143	96	1.15458
143	100	0.685567
143	103	1.16442
143	110	0.763649
143	114	1.17475
143	115	0.634297
143	125	1.14129
143	126	0.666513
143	127	1.11085
143	130	1.1702
