1	14	1.10893
1	29	1.20513
1	107	1.18042
1	110	1.23429
1	120	1.17914
1	124	1.22289
1	145	0.756815
1	160	0.738024
1	172	1.2692
1	176	0.755994
1	178	0.75667
1	180	0.608253
2	45	0.662989
2	92	0.704229
2	134	0.764904
2	150	0.749266
2	160	1.20357
2	161	1.21014
2	170	0.70317
2	173	1.2221
2	174	1.18011
2	176	1.20075
2	177	1.19323
2	178	1.1901
3	5	1.18275
3	25	1.16797
3	26	1.28466
3	34	1.23517
3	42	1.20967
3	53	1.14125
3	152	0.745802
3	153	0.756995
3	159	0.778306
3	163	0.712861
3	168	1.17852
3	179	0.621792
4	28	1.19285
4	46	1.20136
4	58	1.15217
4	65	1.23484
4	76	1.14137
4	79	1.25517
4	159	0.798781
4	168	1.22225
4	169	0.770545
4	176	0.775951
4	179	0.642266
4	180	0.628209
5	3	1.18275
5	19	1.13665
5	20	1.13961
5	34	1.25594
5	42	1.23044
5	54	1.25532
5	168	1.19929
5	172	0.721921
5	175	0.749136
5	176	0.759259
5	178	0.759934
5	179	0.625574
6	33	1.05533
6	62	1.08873
6	63	1.16651
6	109	0.721256
6	112	0.715162
6	156	1.16429
6	158	0.7402
6	159	0.745578
6	170	1.20265
6	173	0.693482
6	179	1.33512
6	180	1.38737
7	56	0.949198
7	69	1.01305
7	86	0.991848
7	150	1.01241
7	151	1.034
7	156	0.882497
7	160	0.895596
7	166	0.986061
7	177	0.920255
7	178	0.914242
7	179	1.18059
7	180	1.23284
8	50	1.20112
8	58	1.15252
8	65	1.23519
8	76	1.14172
8	79	1.25551
8	112	0.744699
8	144	1.19135
8	165	0.799314
8	168	1.2226
8	172	0.714947
8	176	0.752285
8	180	0.604543
9	106	1.20381
9	125	1.19862
9	127	1.16554
9	135	1.20619
9	139	1.26241
9	140	1.19253
9	142	1.17091
9	154	0.838658
9	156	0.720804
9	163	0.709259
9	164	0.74298
9	180	0.604132
10	102	1.17334
10	125	1.2166
10	127	1.18352
10	135	1.22417
10	136	1.20296
10	140	1.21051
10	142	1.18889
10	149	0.741235
10	156	0.723731
10	158	0.772253
10	162	0.757425
10	179	0.621117
11	49	1.20402
11	82	1.23194
11	84	1.18056
11	87	0.795435
11	97	1.11773
11	161	0.750588
11	164	1.20898
11	167	0.748005
11	170	1.23631
11	172	1.22046
11	173	0.720146
11	180	0.601671
12	48	0.718562
12	88	0.654227
12	107	0.756994
12	114	0.719835
12	131	0.734476
12	146	1.18344
12	157	1.22825
12	161	1.20724
12	175	1.2057
12	176	1.19785
12	177	1.19033
12	178	1.18719
13	95	1.22087
13	107	1.1467
13	110	1.20056
13	119	1.26181
13	120	1.14542
13	124	1.18917
13	133	0.774011
13	141	0.738538
13	158	0.763769
13	169	0.740911
13	172	1.23547
13	180	0.598576
14	1	1.10893
14	74	1.08134
14	110	1.02156
14	119	1.08281
14	120	0.966412
14	124	1.01016
14	147	0.909236
14	166	0.903364
14	170	1.07232
14	172	1.05647
14	176	0.899704
14	178	0.900379
15	60	1.28335
15	64	1.1196
15	83	1.20924
15	87	0.73601
15	92	1.22245
15	93	0.662803
15	100	1.19135
15	116	1.17537
15	148	0.727262
15	154	0.776771
15	158	1.19865
15	159	0.712817
16	17	1.23368
16	83	1.1869
16	88	1.2531
16	91	1.20418
16	92	1.20011
16	100	1.16901
16	116	1.15303
16	145	0.712668
16	152	0.702173
16	165	0.758877
16	166	0.715508
16	174	0.726562
17	16	1.23368
17	64	1.11555
17	91	1.22247
17	92	1.2184
17	96	1.22672
17	116	1.17132
17	141	0.713589
17	147	0.7309
17	156	1.21185
17	162	0.723991
17	174	0.736083
17	175	0.711245
18	29	1.17642
18	74	1.26536
18	107	1.15171
18	109	0.721214
18	110	1.20557
18	120	1.15043
18	124	1.19418
18	145	0.723527
18	146	0.749367
18	157	0.709099
18	170	1.25634
18	175	0.712583
19	5	1.13665
19	20	1.07275
19	25	1.12188
19	34	1.18908
19	42	1.16358
19	53	1.09516
19	54	1.18846
19	143	0.824678
19	168	1.13243
19	169	0.811995
19	173	0.788134
19	175	0.807278
19	179	0.683716
20	5	1.13961
20	19	1.07275
20	34	1.19204
20	42	1.16654
20	53	1.09812
20	54	1.19142
20	143	0.817378
20	144	1.10414
20	161	0.811276
20	168	1.13539
20	175	0.799978
20	178	0.810776
20	179	0.676416
21	46	1.13854
21	51	1.14164
21	58	1.08934
21	65	1.17201
21	76	1.07854
21	79	1.19234
21	144	1.12817
21	155	0.760818
21	168	1.15942
21	171	0.776691
21	174	0.805725
21	175	0.780887
21	178	0.791685
22	72	1.10395
22	80	1.15934
22	85	1.11734
22	89	1.19182
22	94	1.14372
22	114	1.12123
22	117	0.828444
22	122	1.13121
22	150	1.13138
22	156	0.785518
22	171	0.80227
22	176	0.816589
22	179	0.682904
23	69	1.24688
23	86	1.22567
23	130	1.28025
23	138	0.663761
23	147	0.659504
23	150	1.24624
23	162	0.652595
23	166	1.21989
23	167	0.648564
23	169	0.644565
23	176	0.649972
23	179	1.41441
23	180	1.46666
24	32	1.05533
24	33	1.00457
24	62	1.03797
24	63	1.11575
24	133	0.818766
24	147	0.800604
24	156	1.11353
24	170	1.15189
24	172	0.753735
24	173	0.761806
24	175	0.780949
24	179	1.28436
24	180	1.33661
25	3	1.16797
25	19	1.12188
25	26	1.29066
25	34	1.24116
25	37	0.652036
25	54	1.24055
25	109	0.705802
25	129	0.719299
25	144	1.15327
25	148	0.744569
25	154	0.794078
25	168	1.18451
26	3	1.28466
26	25	1.29066
26	42	1.33236
26	53	1.26393
26	54	1.35724
26	117	0.676796
26	144	1.26995
26	159	0.68777
26	165	0.711969
26	168	1.3012
26	169	0.659534
26	178	0.665615
26	180	0.517198
27	56	1.03245
27	69	1.0963
27	86	1.0751
27	130	1.12967
27	143	0.794715
27	151	1.11725
27	159	0.810267
27	163	0.744822
27	164	0.778543
27	166	1.06931
27	176	0.787438
27	179	1.26384
27	180	1.31609
28	4	1.19285
28	33	0.839316
28	53	0.761451
28	70	0.798462
28	74	0.725448
28	76	1.08479
28	97	1.07378
28	132	0.759469
28	168	1.16567
28	172	1.17651
28	174	1.12526
28	176	1.1459
28	178	1.13525
29	1	1.20513
29	18	1.17642
29	95	1.13806
29	107	1.06389
29	119	1.17901
29	120	1.06261
29	124	1.10636
29	137	0.752861
29	138	0.796736
29	162	0.78557
29	170	1.16852
29	174	0.797661
29	176	0.782947
30	41	1.207
30	82	1.34591
30	84	1.29453
30	97	1.2317
30	129	0.664168
30	151	1.33616
30	158	0.669615
30	161	0.653339
30	170	1.35028
30	172	1.33443
30	173	0.622897
30	174	0.666878
30	175	0.642041
31	98	1.15355
31	111	1.12664
31	118	1.17846
31	123	1.14771
31	128	1.12888
31	131	1.13208
31	132	1.12892
31	134	1.10376
31	155	0.757934
31	157	0.774518
31	160	0.770155
31	165	0.835155
31	175	0.778003
32	24	1.05533
32	33	1.00457
32	62	1.03797
32	63	1.11575
32	138	0.792898
32	153	0.780627
32	156	1.11353
32	166	0.782769
32	169	0.773702
32	170	1.15189
32	177	0.785796
32	179	1.28436
32	180	1.33661
33	6	1.05533
33	24	1.00457
33	28	0.839316
33	32	1.00457
33	62	0.987206
33	63	1.06498
33	93	0.806412
33	153	0.835115
33	156	1.06277
33	158	0.851048
33	165	0.880625
33	170	1.10113
33	179	1.2336
33	180	1.28584
34	3	1.23517
34	5	1.25594
34	19	1.18908
34	20	1.19204
34	25	1.24116
34	53	1.21444
34	144	1.22046
34	154	0.781851
34	157	0.681459
34	164	0.686173
34	167	0.69366
34	168	1.25171
34	171	0.680748
34	176	0.695067
35	65	0.663426
35	68	0.7043
35	69	0.670099
35	105	0.755159
35	110	0.69373
35	136	0.694204
35	161	1.23348
35	171	1.23159
35	173	1.24544
35	174	1.20345
35	175	1.23195
35	176	1.22409
35	177	1.21657
35	178	1.21344
36	39	0.995923
36	81	1.10195
36	118	1.04739
36	122	1.042
36	145	0.999434
36	146	0.963933
36	158	0.969185
36	162	0.978895
36	171	0.985835
36	173	0.999683
36	175	0.986194
36	176	0.978339
36	177	0.970817
36	178	0.967685
37	25	0.652036
37	86	0.697568
37	100	0.718806
37	110	0.70977
37	131	0.724583
37	162	1.22366
37	169	1.23985
37	170	0.681458
37	171	1.2306
37	173	1.24445
37	174	1.20246
37	175	1.23096
37	177	1.21558
37	178	1.21245
38	78	1.2541
38	93	0.835517
38	103	1.27897
38	111	1.20655
38	118	1.25837
38	131	1.21199
38	132	1.20883
38	134	1.18367
38	150	0.0695122
38	158	1.19751
38	159	0.885531
38	160	0.844731
38	171	0.848383
38	179	0.729017
39	36	0.995923
39	77	1.25284
39	87	0.712634
39	95	1.22694
39	110	1.20664
39	119	1.26789
39	120	1.15149
39	124	1.19524
39	152	0.656937
39	166	0.670272
39	169	0.661205
39	170	1.2574
39	172	1.24155
39	180	0.51887
40	47	0.740099
40	70	1.19527
40	98	1.25183
40	103	1.29734
40	105	1.17427
40	111	1.22491
40	115	0.790797
40	128	1.22716
40	132	1.22719
40	134	1.20204
40	152	0.742685
40	155	0.722167
40	179	0.618675
40	180	0.604618
41	30	1.207
41	49	1.07286
41	82	1.10078
41	97	0.986579
41	150	1.06945
41	151	1.09104
41	155	0.845656
41	160	0.857878
41	164	1.07782
41	166	0.879509
41	170	1.10516
41	172	1.08931
41	174	0.890563
41	179	0.742164
42	3	1.20967
42	5	1.23044
42	19	1.16358
42	20	1.16654
42	26	1.33236
42	53	1.18894
42	54	1.28225
42	167	0.725635
42	168	1.22622
42	169	0.721636
42	174	0.741757
42	175	0.716919
42	177	0.73373
42	180	0.579301
43	79	0.78962
43	95	0.834694
43	106	0.834285
43	116	0.884837
43	157	1.11309
43	161	1.09208
43	162	1.08324
43	167	1.0989
43	168	0.840664
43	169	1.09943
43	173	1.10403
43	174	1.06204
43	177	1.07516
43	178	1.07203
44	106	1.23069
44	113	0.712481
44	125	1.2255
44	127	1.19242
44	135	1.23306
44	136	1.21185
44	139	1.28929
44	140	1.2194
44	142	1.19779
44	143	0.717318
44	164	0.701146
44	169	0.704634
44	172	0.672703
44	178	0.710716
45	2	0.662989
45	57	1.17101
45	66	1.24996
45	80	1.26414
45	85	1.22214
45	90	1.2335
45	99	1.19572
45	109	1.22752
45	115	0.734973
45	122	1.23601
45	129	0.708541
45	158	0.713987
45	166	0.700196
45	167	0.695128
46	4	1.20136
46	21	1.13854
46	50	1.1527
46	51	1.1564
46	65	1.18677
46	68	1.18964
46	76	1.0933
46	79	1.2071
46	109	0.77563
46	130	0.718738
46	153	0.77864
46	163	0.734506
46	168	1.17418
46	169	0.771716
46	172	0.739784
47	40	0.740099
47	51	1.16884
47	64	0.841644
47	68	1.20208
47	76	1.10574
47	80	0.7176
47	84	1.15756
47	125	0.739216
47	128	0.735977
47	135	0.709585
47	164	1.18597
47	172	1.19745
47	176	1.16685
47	177	1.15933
47	178	1.15619
48	12	0.718562
48	77	1.20253
48	95	1.17664
48	107	1.10246
48	110	1.15633
48	119	1.21758
48	120	1.10119
48	124	1.14494
48	133	0.791622
48	141	0.756149
48	153	0.765446
48	155	0.733736
48	157	0.75032
48	170	1.20709
48	172	1.19124
49	11	1.20402
49	41	1.07286
49	82	1.21177
49	84	1.1604
49	97	1.09757
49	141	0.748989
49	147	1.14812
49	161	0.757943
49	164	1.18881
49	167	0.755361
49	170	1.21615
49	171	0.742449
49	172	1.2003
49	176	0.756768
49	178	0.757443
50	8	1.20112
50	46	1.1527
50	51	1.15581
50	65	1.18618
50	68	1.18905
50	76	1.09271
50	79	1.20651
50	129	0.799268
50	144	1.14234
50	145	0.788084
50	156	0.756193
50	163	0.744648
50	168	1.17359
50	175	0.777141
50	179	0.653579
51	21	1.14164
51	46	1.1564
51	47	1.16884
51	50	1.15581
51	58	1.10721
51	65	1.18988
51	68	1.19275
51	73	0.877914
51	79	1.2102
51	126	0.691429
51	154	0.810594
51	159	0.746639
51	160	0.705839
51	168	1.17728
51	172	0.686472
52	103	1.23356
52	105	1.11049
52	111	1.16113
52	115	0.829143
52	117	0.802562
52	123	1.1822
52	128	1.16338
52	131	1.16657
52	132	1.16341
52	134	1.13825
52	143	0.797983
52	167	0.789299
52	168	1.18101
52	179	0.657021
52	180	0.642964
53	3	1.14125
53	19	1.09516
53	20	1.09812
53	26	1.26393
53	28	0.761451
53	34	1.21444
53	42	1.18894
53	54	1.21382
53	144	1.12654
53	160	0.73776
53	162	0.758354
53	167	0.754324
53	168	1.15779
53	171	0.741412
53	177	0.762419
54	5	1.25532
54	19	1.18846
54	20	1.19142
54	25	1.24055
54	26	1.35724
54	42	1.28225
54	53	1.21382
54	144	1.21985
54	156	0.683194
54	162	0.716887
54	164	0.70537
54	168	1.2511
54	176	0.714264
54	177	0.720952
54	178	0.714939
54	180	0.566523
55	71	1.20394
55	93	0.671888
55	102	1.21825
55	104	1.21789
55	127	1.22843
55	135	1.26908
55	136	1.24787
55	139	1.32531
55	140	1.25542
55	142	1.2338
55	143	0.70635
55	153	0.700591
55	156	0.668002
55	161	0.700248
55	164	0.690178
55	171	0.684754
56	7	0.949198
56	27	1.03245
56	69	1.11446
56	86	1.09325
56	115	1.05773
56	141	0.807514
56	150	1.11382
56	151	1.1354
56	161	0.816468
56	166	1.08746
56	171	0.800974
56	172	0.777956
56	173	0.786026
56	174	0.830008
56	179	1.28199
56	180	1.33424
57	45	1.17101
57	66	1.12564
57	72	1.08443
57	73	0.943534
57	85	1.09782
57	89	1.17231
57	94	1.12421
57	108	1.13162
57	114	1.10171
57	117	0.801285
57	122	1.11169
57	137	0.759344
57	147	1.07954
57	149	0.775863
57	162	0.792053
57	163	0.746814
58	4	1.15217
58	8	1.15252
58	21	1.08934
58	51	1.10721
58	65	1.13758
58	68	1.14045
58	76	1.04411
58	79	1.15791
58	109	0.831472
58	144	1.09374
58	146	0.859625
58	156	0.801894
58	158	0.850416
58	163	0.790349
58	168	1.12499
58	180	0.685223
59	67	1.13237
59	87	0.844881
59	101	1.09626
59	102	1.09111
59	104	1.09075
59	125	1.13438
59	127	1.10129
59	136	1.12073
59	139	1.19817
59	140	1.12828
59	142	1.10666
59	143	0.806136
59	149	0.785291
59	173	0.769592
59	174	0.813573
59	178	0.799534
60	15	1.28335
60	83	1.23252
60	88	1.29872
60	91	1.2498
60	92	1.24573
60	96	1.25405
60	100	1.21463
60	116	1.19864
60	153	1.22257
60	166	0.700655
60	169	0.691588
60	171	0.682675
60	172	0.659657
60	175	0.686871
60	176	0.696994
60	177	0.703682
61	85	1.237
61	90	1.24836
61	94	1.26338
61	99	1.21058
61	108	1.2708
61	114	1.24089
61	122	1.25087
61	147	1.21872
61	152	0.726332
61	161	0.737182
61	162	0.73863
61	163	0.693391
61	164	1.25941
61	176	0.736007
61	179	0.602322
61	180	0.588265
62	6	1.08873
62	24	1.03797
62	32	1.03797
62	33	0.987206
62	63	1.09838
62	130	1.13282
62	138	0.809727
62	143	0.803215
62	145	0.796758
62	156	1.09617
62	165	0.842967
62	166	0.799598
62	170	1.13452
62	173	0.766671
62	179	1.26699
62	180	1.31924
63	6	1.16651
63	24	1.11575
63	32	1.11575
63	33	1.06498
63	62	1.09838
63	130	1.2106
63	138	0.752191
63	149	0.724834
63	156	1.17394
63	157	0.724793
63	161	0.739577
63	164	0.729507
63	166	0.742062
63	170	1.2123
63	173	0.709135
63	179	1.34477
63	180	1.39702
64	15	1.1196
64	17	1.11555
64	47	0.841644
64	83	1.06877
64	88	1.13498
64	91	1.08605
64	92	1.08198
64	96	1.0903
64	100	1.05088
64	116	1.0349
64	141	0.846125
64	152	0.84423
64	153	1.05882
64	158	1.05817
64	174	0.868619
64	177	0.860592
64	178	0.85458
65	4	1.23484
65	8	1.23519
65	21	1.17201
65	35	0.663426
65	46	1.18677
65	50	1.18618
65	51	1.18988
65	58	1.13758
65	68	1.22312
65	76	1.12678
65	148	0.771999
65	155	0.704532
65	157	0.721117
65	165	0.781753
65	168	1.20766
65	176	0.734724
65	177	0.741412
66	45	1.24996
66	57	1.12564
66	80	1.21877
66	87	0.758121
66	90	1.18813
66	94	1.20315
66	99	1.15035
66	108	1.21057
66	109	1.18215
66	114	1.18066
66	122	1.19064
66	138	0.725888
66	153	0.713617
66	154	0.798883
66	166	0.715759
66	171	0.69778
66	176	0.712099
67	59	1.13237
67	81	1.11929
67	101	1.17192
67	106	1.21523
67	125	1.21004
67	127	1.17695
67	139	1.27383
67	140	1.20394
67	142	1.18232
67	151	1.21412
67	158	0.744966
67	164	0.71862
67	165	0.774543
67	172	0.690177
67	174	0.742229
67	175	0.717391
67	177	0.734202
68	35	0.7043
68	46	1.18964
68	47	1.20208
68	50	1.18905
68	51	1.19275
68	58	1.14045
68	65	1.22312
68	76	1.12965
68	79	1.24345
68	115	0.814036
68	121	0.842146
68	126	0.743217
68	137	0.745513
68	144	1.17928
68	168	1.21053
68	179	0.641914
68	180	0.627857
69	7	1.01305
69	23	1.24688
69	27	1.0963
69	35	0.670099
69	56	1.11446
69	86	1.15711
69	141	0.733617
69	147	0.750929
69	150	1.17767
69	151	1.19926
69	153	0.742915
69	166	1.15132
69	175	0.731274
69	177	0.748084
69	178	0.742072
69	179	1.34585
69	180	1.3981
70	28	0.798462
70	40	1.19527
70	78	1.17322
70	98	1.15258
70	103	1.19809
70	109	0.79125
70	112	0.785156
70	123	1.14673
70	128	1.12791
70	131	1.1311
70	134	1.10278
70	147	0.802274
70	158	1.11662
70	162	0.795365
70	166	1.11017
70	168	1.14554
70	169	0.787336
70	179	0.659057
71	55	1.20394
71	81	1.06371
71	102	1.1112
71	104	1.11084
71	106	1.15965
71	125	1.15446
71	135	1.16203
71	136	1.14082
71	137	0.773978
71	139	1.21825
71	140	1.14837
71	142	1.12675
71	159	0.826894
71	161	0.80524
71	172	0.766727
71	173	0.774798
71	176	0.804064
71	179	0.670379
72	22	1.10395
72	57	1.08443
72	85	1.13556
72	89	1.21004
72	90	1.14692
72	94	1.16194
72	108	1.16936
72	109	1.14094
72	114	1.13945
72	122	1.14943
72	145	0.77483
72	155	0.743818
72	158	0.791462
72	159	0.79684
72	164	1.15797
72	171	0.759691
72	177	0.780698
72	178	0.774685
73	51	0.877914
73	57	0.943534
73	80	0.883964
73	123	0.883298
73	132	0.907853
73	148	1.02927
73	159	1.03401
73	160	1.05382
73	162	1.05156
73	167	1.06721
73	169	1.06775
73	170	0.890821
73	173	1.07235
73	174	1.03036
73	175	1.05886
73	176	1.051
73	177	1.04348
73	178	1.04035
74	14	1.08134
74	18	1.26536
74	28	0.725448
74	77	1.2529
74	95	1.227
74	107	1.15283
74	110	1.2067
74	119	1.26795
74	120	1.15155
74	121	0.786276
74	124	1.1953
74	157	0.706121
74	161	0.720904
74	164	0.710834
74	165	0.766758
74	170	1.25746
74	172	1.24161
74	176	0.719729
74	179	0.586044
75	88	1.23654
75	91	1.18761
75	107	1.11072
75	115	0.745887
75	116	1.13646
75	119	1.22583
75	120	1.10944
75	124	1.15319
75	146	0.73411
75	149	0.693882
75	156	1.17699
75	161	0.708625
75	165	0.754478
75	169	0.702043
75	170	1.21535
75	173	0.678183
75	178	0.708125
75	179	1.34782
75	180	1.40006
76	4	1.14137
76	8	1.14172
76	21	1.07854
76	28	1.08479
76	46	1.0933
76	47	1.10574
76	50	1.09271
76	58	1.04411
76	65	1.12678
76	68	1.12965
76	79	1.14711
76	117	0.83069
76	147	0.828366
76	153	0.820352
76	156	0.787764
76	158	0.836286
76	164	0.80994
76	168	1.11419
76	175	0.808711
77	39	1.25284
77	48	1.20253
77	74	1.2529
77	95	1.21342
77	107	1.13925
77	110	1.19311
77	119	1.25437
77	120	1.13797
77	124	1.18172
77	130	0.691625
77	143	0.757286
77	149	0.736441
77	163	0.707393
77	169	0.744602
77	170	1.24388
77	171	0.73569
77	172	1.22802
77	176	0.750009
77	180	0.602267
78	38	1.2541
78	70	1.17322
78	111	1.20286
78	118	1.25468
78	123	1.22393
78	128	1.2051
78	131	1.2083
78	132	1.20514
78	144	1.19149
78	157	0.72806
78	158	1.19382
78	160	0.723697
78	166	1.18737
78	167	0.740261
78	169	0.736262
78	172	0.704331
78	174	0.756383
78	178	0.742343
78	180	0.593927
79	4	1.25517
79	8	1.25551
79	21	1.19234
79	43	0.78962
79	46	1.2071
79	50	1.20651
79	51	1.2102
79	58	1.15791
79	68	1.24345
79	76	1.14711
79	121	0.750443
79	141	0.676116
79	143	0.691173
79	144	1.19673
79	158	0.701347
79	165	0.730924
79	168	1.22798
79	174	0.69861
79	176	0.683895
80	22	1.15934
80	45	1.26414
80	47	0.7176
80	66	1.21877
80	73	0.883964
80	89	1.26543
80	94	1.21734
80	99	1.16453
80	108	1.22475
80	114	1.19484
80	122	1.20482
80	147	1.17267
80	149	0.716293
80	159	0.75269
80	164	1.21336
80	166	0.733521
80	177	0.736548
80	179	0.596175
80	180	0.582118
81	36	1.10195
81	67	1.11929
81	71	1.06371
81	101	1.08317
81	102	1.07803
81	104	1.07767
81	106	1.12648
81	125	1.12129
81	135	1.12886
81	136	1.10765
81	139	1.18508
81	140	1.1152
81	142	1.09358
81	148	0.809917
81	161	0.773817
81	162	0.775265
81	172	0.735304
81	173	0.743375
81	177	0.779329
82	11	1.23194
82	30	1.34591
82	41	1.10078
82	49	1.21177
82	97	1.12549
82	109	0.709708
82	113	0.713641
82	147	1.17604
82	148	0.748476
82	151	1.22995
82	152	0.701526
82	153	1.1891
82	161	0.712376
82	164	1.21673
82	167	0.709793
82	170	1.24407
82	172	1.22822
82	177	0.717888
82	178	0.711876
83	15	1.20924
83	16	1.1869
83	60	1.23252
83	64	1.06877
83	88	1.22462
83	92	1.17162
83	96	1.17994
83	100	1.14052
83	116	1.12454
83	126	0.73661
83	146	0.795652
83	148	0.806266
83	153	1.14846
83	156	1.16507
83	157	0.755383
83	158	1.14781
83	167	0.767583
83	174	0.783706
83	175	0.758868
83	180	0.621249
84	11	1.18056
84	30	1.29453
84	47	1.15756
84	49	1.1604
84	97	1.07411
84	143	0.778916
84	147	1.12466
84	150	1.15699
84	151	1.17857
84	152	0.761965
84	153	1.13773
84	159	0.794469
84	163	0.729024
84	164	1.16536
84	170	1.19269
84	172	1.17684
84	174	0.786354
84	177	0.778327
84	178	0.772314
84	180	0.623897
85	22	1.11734
85	45	1.22214
85	57	1.09782
85	61	1.237
85	72	1.13556
85	89	1.22343
85	90	1.16031
85	94	1.17533
85	99	1.12253
85	108	1.18275
85	122	1.16282
85	130	0.707982
85	133	0.79406
85	150	1.16299
85	152	0.756692
85	156	0.735296
85	159	0.789196
85	169	0.76096
85	171	0.752047
85	172	0.729029
86	7	0.991848
86	23	1.22567
86	27	1.0751
86	37	0.697568
86	56	1.09325
86	69	1.15711
86	112	0.745241
86	115	1.10038
86	117	0.764682
86	121	0.819374
86	130	1.19047
86	150	1.15647
86	151	1.17805
86	157	0.739219
86	160	0.734856
86	166	1.13011
86	174	0.767541
86	178	0.753502
86	179	1.32464
86	180	1.37689
87	11	0.795435
87	15	0.73601
87	39	0.712634
87	59	0.844881
87	66	0.758121
87	92	0.783798
87	107	0.848382
87	114	0.811223
87	133	1.09905
87	154	1.0689
87	157	1.1531
87	159	1.10571
87	165	1.09116
87	166	1.1071
87	167	1.13891
87	171	1.1302
87	174	1.10206
87	176	1.1227
87	177	1.11518
87	178	1.11205
87	180	1.35388
88	12	0.654227
88	16	1.2531
88	60	1.29872
88	64	1.13498
88	75	1.23654
88	83	1.22462
88	91	1.2419
88	92	1.23783
88	96	1.24615
88	100	1.20673
88	112	0.692007
88	116	1.19075
88	146	0.726253
88	153	1.21467
88	154	0.786377
88	158	1.21402
88	162	0.702216
88	167	0.698185
88	172	0.662255
88	174	0.714307
88	175	0.68947
89	22	1.19182
89	57	1.17231
89	72	1.21004
89	80	1.26543
89	85	1.22343
89	90	1.23479
89	99	1.19701
89	108	1.25723
89	114	1.22732
89	122	1.2373
89	138	0.753464
89	148	0.776949
89	150	1.23747
89	156	0.708603
89	159	0.762503
89	163	0.697058
89	164	1.24584
89	172	0.702337
89	175	0.729551
89	179	0.605989
89	180	0.591932
90	45	1.2335
90	61	1.24836
90	66	1.18813
90	72	1.14692
90	85	1.16031
90	89	1.23479
90	94	1.1867
90	99	1.13389
90	108	1.19411
90	122	1.17418
90	147	1.14203
90	149	0.73752
90	150	1.17435
90	152	0.741413
90	155	0.720894
90	156	0.720016
90	163	0.708471
90	164	1.18272
90	166	0.754747
90	173	0.72182
90	174	0.765801
90	177	0.757774
91	16	1.20418
91	17	1.22247
91	60	1.2498
91	64	1.08605
91	75	1.18761
91	88	1.2419
91	92	1.1889
91	96	1.19723
91	100	1.1578
91	116	1.14182
91	138	1.17413
91	146	0.787815
91	153	1.16574
91	155	0.730962
91	156	1.18235
91	160	0.743183
91	161	0.76233
91	164	0.75226
91	167	0.759747
91	171	0.746835
91	173	0.731888
91	180	0.613413
92	2	0.704229
92	15	1.22245
92	16	1.20011
92	17	1.2184
92	60	1.24573
92	64	1.08198
92	83	1.17162
92	87	0.783798
92	88	1.23783
92	91	1.1889
92	96	1.19315
92	100	1.15373
92	113	0.740216
92	116	1.13775
92	138	1.17006
92	152	0.728102
92	156	1.17828
92	160	0.719805
92	166	0.741436
92	169	0.73237
92	175	0.727653
92	177	0.744463
93	15	0.662803
93	33	0.806412
93	38	0.835517
93	55	0.671888
93	94	0.712544
93	98	0.752119
93	103	0.695114
93	129	1.18717
93	136	0.738317
93	154	1.13416
93	159	1.17097
93	163	1.21703
93	166	1.17236
93	169	1.20471
93	170	0.709532
93	171	1.19546
93	173	1.20931
93	174	1.16732
93	175	1.19582
93	176	1.18796
93	177	1.18044
93	178	1.17731
94	22	1.14372
94	57	1.12421
94	61	1.26338
94	66	1.20315
94	72	1.16194
94	80	1.21734
94	85	1.17533
94	90	1.1867
94	93	0.712544
94	99	1.14891
94	108	1.20913
94	114	1.17922
94	122	1.1892
94	130	0.681345
94	133	0.767422
94	157	0.726121
94	159	0.762558
94	164	1.19775
94	165	0.786757
94	172	0.702391
94	176	0.739728
94	177	0.746416
95	13	1.22087
95	29	1.13806
95	39	1.22694
95	43	0.834694
95	48	1.17664
95	74	1.227
95	77	1.21342
95	107	1.11335
95	110	1.16722
95	119	1.22847
95	120	1.11208
95	124	1.15583
95	133	0.756663
95	138	0.742759
95	141	0.72119
95	154	0.815753
95	155	0.698777
95	166	0.73263
95	167	0.727562
95	170	1.21798
95	172	1.20213
95	179	0.595284
96	17	1.22672
96	60	1.25405
96	64	1.0903
96	83	1.17994
96	88	1.24615
96	91	1.19723
96	92	1.19315
96	100	1.16206
96	116	1.14607
96	126	0.730346
96	138	1.17838
96	153	1.16999
96	156	1.1866
96	158	1.16935
96	161	0.763903
96	164	0.753833
96	167	0.76132
96	172	0.72539
96	175	0.752604
96	176	0.762727
96	178	0.763402
96	180	0.614986
97	11	1.11773
97	28	1.07378
97	30	1.2317
97	41	0.986579
97	49	1.09757
97	82	1.12549
97	84	1.07411
97	121	0.899265
97	147	1.06183
97	150	1.09416
97	151	1.11574
97	153	1.0749
97	155	0.802526
97	156	0.801648
97	163	0.790103
97	164	1.10253
97	166	0.836379
97	170	1.12986
97	172	1.11401
97	175	0.822595
97	177	0.839406
97	178	0.833393
98	31	1.15355
98	40	1.25183
98	70	1.15258
98	93	0.752119
98	103	1.25464
98	105	1.13158
98	111	1.18222
98	123	1.20329
98	128	1.18446
98	132	1.1845
98	134	1.15934
98	147	0.788836
98	149	0.765737
98	155	0.749112
98	158	1.17318
98	164	0.77041
98	166	1.16673
98	168	1.2021
98	172	0.741967
98	178	0.779979
98	179	0.645619
98	180	0.631563
99	45	1.19572
99	61	1.21058
99	66	1.15035
99	80	1.16453
99	85	1.12253
99	89	1.19701
99	90	1.13389
99	94	1.14891
99	109	1.12791
99	114	1.12642
99	122	1.1364
99	133	0.822094
99	147	1.10425
99	150	1.13657
99	153	0.795919
99	157	0.780793
99	163	0.751785
99	164	1.14494
99	167	0.792993
99	171	0.780081
99	172	0.757063
99	177	0.801088
99	180	0.646659
100	15	1.19135
100	16	1.16901
100	37	0.718806
100	60	1.21463
100	64	1.05088
100	83	1.14052
100	88	1.20673
100	91	1.1578
100	92	1.15373
100	96	1.16206
100	116	1.10665
100	138	1.13896
100	141	0.766285
100	146	0.800726
100	152	0.76439
100	153	1.13057
100	155	0.743872
100	156	1.14718
100	158	1.12993
100	165	0.821094
100	166	0.777725
100	167	0.772657
100	171	0.759746
101	59	1.09626
101	67	1.17192
101	81	1.08317
101	102	1.13066
101	104	1.1303
101	106	1.17911
101	115	1.10033
101	125	1.17392
101	127	1.14084
101	130	0.738963
101	135	1.18149
101	136	1.16028
101	138	0.811136
101	139	1.23771
101	140	1.16783
101	142	1.14621
101	145	0.798167
101	149	0.783779
101	164	0.788452
101	166	0.801007
101	172	0.760009
101	176	0.797347
101	180	0.649605
102	10	1.17334
102	55	1.21825
102	59	1.09111
102	71	1.1112
102	81	1.07803
102	101	1.13066
102	104	1.12515
102	125	1.16878
102	127	1.1357
102	135	1.17634
102	136	1.15513
102	139	1.23257
102	140	1.16268
102	142	1.14106
102	143	0.768732
102	148	0.79873
102	154	0.848239
102	156	0.730384
102	158	0.778906
102	160	0.743484
102	171	0.747136
102	175	0.751332
102	176	0.761455
103	38	1.27897
103	40	1.29734
103	52	1.23356
103	70	1.19809
103	93	0.695114
103	98	1.25464
103	105	1.17709
103	118	1.27955
103	123	1.2488
103	128	1.22997
103	129	0.734303
103	130	0.663915
103	131	1.23317
103	134	1.20485
103	144	1.21636
103	149	0.708731
103	153	0.723817
103	157	0.708691
103	163	0.679683
103	164	0.713404
103	168	1.24761
103	175	0.712176
103	179	0.588614
104	55	1.21789
104	59	1.09075
104	71	1.11084
104	81	1.07767
104	101	1.1303
104	102	1.12515
104	106	1.1736
104	126	0.747529
104	127	1.13533
104	130	0.721526
104	135	1.17598
104	136	1.15477
104	139	1.23221
104	140	1.16232
104	142	1.1407
104	151	1.17249
104	152	0.770236
104	158	0.797362
104	160	0.761939
104	165	0.826939
104	171	0.765591
104	173	0.750643
104	177	0.786598
105	35	0.755159
105	40	1.17427
105	52	1.11049
105	98	1.13158
105	103	1.17709
105	111	1.10466
105	113	0.828897
105	118	1.15648
105	123	1.12573
105	128	1.10691
105	129	0.838461
105	131	1.1101
105	132	1.10694
105	134	1.08178
105	138	1.10465
105	146	0.853118
105	147	0.835989
105	152	0.816782
105	158	1.09562
105	162	0.82908
105	166	1.08917
105	168	1.12454
105	172	0.789119
105	180	0.678715
106	9	1.20381
106	43	0.834285
106	44	1.23069
106	67	1.21523
106	71	1.15965
106	81	1.12648
106	101	1.17911
106	104	1.1736
106	125	1.21723
106	127	1.18415
106	129	0.740565
106	135	1.22479
106	136	1.20359
106	139	1.28102
106	140	1.21113
106	141	0.720781
106	142	1.18952
106	147	0.738092
106	159	0.75139
106	164	0.719666
106	171	0.714241
106	173	0.699294
106	178	0.729236
106	180	0.580819
107	1	1.18042
107	12	0.756994
107	13	1.1467
107	18	1.15171
107	29	1.06389
107	48	1.10246
107	74	1.15283
107	75	1.11072
107	77	1.13925
107	87	0.848382
107	95	1.11335
107	110	1.09305
107	119	1.1543
107	120	1.0379
107	124	1.08165
107	143	0.809637
107	157	0.788752
107	158	0.819812
107	166	0.806021
107	170	1.14381
107	172	1.12796
107	173	0.773093
107	174	0.817075
107	176	0.80236
108	57	1.13162
108	61	1.2708
108	66	1.21057
108	72	1.16936
108	80	1.22475
108	85	1.18275
108	89	1.25723
108	90	1.19411
108	94	1.20913
108	112	0.737575
108	114	1.18664
108	122	1.19662
108	126	0.71278
108	146	0.771822
108	147	1.16447
108	150	1.19679
108	152	0.735487
108	161	0.746337
108	163	0.702546
108	164	1.20516
108	173	0.715895
108	174	0.759876
108	177	0.751849
108	180	0.59742
109	6	0.721256
109	18	0.721214
109	25	0.705802
109	45	1.22752
109	46	0.77563
109	58	0.831472
109	66	1.18215
109	70	0.79125
109	72	1.14094
109	82	0.709708
109	99	1.12791
109	114	1.15822
109	127	1.1528
109	128	0.746745
109	132	0.752257
109	135	1.19344
109	136	1.17223
109	140	1.17978
109	142	1.15816
109	163	1.18668
109	170	0.735225
109	175	1.16548
109	176	1.15762
109	177	1.1501
109	178	1.14697
110	1	1.23429
110	13	1.20056
110	14	1.02156
110	18	1.20557
110	35	0.69373
110	37	0.70977
110	39	1.20664
110	48	1.15633
110	74	1.2067
110	77	1.19311
110	95	1.16722
110	107	1.09305
110	119	1.20817
110	120	1.09177
110	124	1.13552
110	154	0.851813
110	158	0.78248
110	160	0.747058
110	162	0.767652
110	165	0.812058
110	167	0.763621
110	170	1.19768
110	172	1.18183
110	178	0.765704
110	179	0.631344
111	31	1.12664
111	38	1.20655
111	40	1.22491
111	52	1.16113
111	78	1.20286
111	98	1.18222
111	105	1.10466
111	117	0.796403
111	118	1.20713
111	123	1.17637
111	128	1.15755
111	131	1.16074
111	132	1.15758
111	134	1.13243
111	138	1.15529
111	144	1.14393
111	147	0.79408
111	152	0.774874
111	162	0.787171
111	172	0.747211
111	175	0.774425
111	176	0.784548
111	178	0.785223
111	179	0.650863
111	180	0.636806
112	6	0.715162
112	8	0.744699
112	70	0.785156
112	86	0.745241
112	88	0.692007
112	108	0.737575
112	114	0.757615
112	141	1.17813
112	142	0.757074
112	144	0.824057
112	146	1.15576
112	148	1.14843
112	152	1.16306
112	154	1.11636
112	159	1.15317
112	161	1.17955
112	162	1.17072
112	163	1.19922
112	169	1.18691
112	170	0.729131
112	173	1.19151
112	174	1.14952
112	175	1.17802
112	176	1.17016
112	178	1.15951
113	44	0.712481
113	82	0.713641
113	92	0.740216
113	105	0.828897
113	118	0.720519
113	123	0.731634
113	127	0.76829
113	136	0.767942
113	137	1.1918
113	146	1.15674
113	150	0.785253
113	151	0.712417
113	154	1.11734
113	155	1.17611
113	159	1.15416
113	162	1.17171
113	165	1.1396
113	167	1.18736
113	169	1.18789
113	173	1.19249
113	174	1.15051
113	175	1.17901
113	176	1.17115
113	177	1.16363
113	178	1.1605
114	12	0.719835
114	22	1.12123
114	57	1.10171
114	61	1.24089
114	66	1.18066
114	72	1.13945
114	80	1.19484
114	87	0.811223
114	89	1.22732
114	94	1.17922
114	99	1.12642
114	108	1.18664
114	109	1.15822
114	112	0.757615
114	115	0.803638
114	122	1.16671
114	147	1.13456
114	150	1.16688
114	158	0.782652
114	160	0.74723
114	163	0.722585
114	164	1.17525
114	174	0.779915
114	178	0.765876
114	179	0.631516
115	40	0.790797
115	45	0.734973
115	52	0.829143
115	56	1.05773
115	68	0.814036
115	75	0.745887
115	86	1.10038
115	101	1.10033
115	114	0.803638
115	119	0.757643
115	122	0.751129
115	127	1.10537
115	128	0.786675
115	136	1.12481
115	139	1.20224
115	142	1.11074
115	162	1.11075
115	163	1.13926
115	166	1.09459
115	168	0.773377
115	173	1.13154
115	174	1.08955
115	177	1.10267
115	178	1.09954
115	179	1.28912
115	180	1.34137
116	15	1.17537
116	16	1.15303
116	17	1.17132
116	43	0.884837
116	60	1.19864
116	64	1.0349
116	75	1.13646
116	83	1.12454
116	88	1.19075
116	91	1.14182
116	92	1.13775
116	96	1.14607
116	100	1.10665
116	121	0.845659
116	130	0.720728
116	137	0.749026
116	138	1.12297
116	146	0.805773
116	153	1.11459
116	156	1.1312
116	158	1.11394
116	166	0.782772
116	172	0.741774
116	173	0.749845
116	175	0.768989
116	176	0.779112
117	22	0.828444
117	26	0.676796
117	52	0.802562
117	57	0.801285
117	76	0.83069
117	86	0.764682
117	111	0.796403
117	121	1.09471
117	126	1.18195
117	129	1.13799
117	149	1.14894
117	150	0.794668
117	154	1.08498
117	155	1.14375
117	159	1.12179
117	161	1.14817
117	165	1.10724
117	167	1.155
117	168	0.746795
117	169	1.15553
117	170	0.748572
117	171	1.14628
117	173	1.16013
117	175	1.14664
117	176	1.13878
117	178	1.12813
118	31	1.17846
118	36	1.04739
118	38	1.25837
118	78	1.25468
118	103	1.27955
118	105	1.15648
118	111	1.20713
118	113	0.720519
118	123	1.2282
118	126	0.685698
118	128	1.20937
118	131	1.21257
118	132	1.20941
118	134	1.18425
118	138	1.20712
118	144	1.19576
118	145	0.718899
118	152	0.708405
118	157	0.704471
118	166	1.19164
118	168	1.22701
118	172	0.680742
118	173	0.688812
118	178	0.718754
118	179	0.584394
118	180	0.570337
119	13	1.26181
119	14	1.08281
119	29	1.17901
119	39	1.26789
119	48	1.21758
119	74	1.26795
119	75	1.22583
119	77	1.25437
119	95	1.22847
119	107	1.1543
119	110	1.20817
119	115	0.757643
119	120	1.15302
119	124	1.19677
119	143	0.726483
119	148	0.75648
119	153	0.720724
119	155	0.689013
119	159	0.742035
119	160	0.701235
119	164	0.710311
119	165	0.766234
119	170	1.25893
119	172	1.24308
119	173	0.689939
119	180	0.571464
120	1	1.17914
120	13	1.14542
120	14	0.966412
120	18	1.15043
120	29	1.06261
120	39	1.15149
120	48	1.10119
120	74	1.15155
120	75	1.10944
120	77	1.13797
120	95	1.11208
120	107	1.0379
120	110	1.09177
120	119	1.15302
120	124	1.08037
120	126	0.801111
120	148	0.870767
120	153	0.835011
120	155	0.8033
120	166	0.837153
120	167	0.832085
120	169	0.828086
120	170	1.14253
120	172	1.12668
120	173	0.804226
120	178	0.834168
120	180	0.685751
121	68	0.842146
121	74	0.786276
121	79	0.750443
121	86	0.819374
121	97	0.899265
121	116	0.845659
121	117	1.09471
121	128	0.814785
121	139	0.749655
121	148	1.08972
121	151	0.776524
121	152	1.10435
121	155	1.11642
121	157	1.14185
121	160	1.11427
121	162	1.11201
121	163	1.14052
121	165	1.07991
121	169	1.1282
121	170	0.803264
121	171	1.11895
121	173	1.1328
121	174	1.09081
121	175	1.11931
121	176	1.11145
121	177	1.10393
121	178	1.1008
122	22	1.13121
122	36	1.042
122	45	1.23601
122	57	1.11169
122	61	1.25087
122	66	1.19064
122	72	1.14943
122	80	1.20482
122	85	1.16282
122	89	1.2373
122	90	1.17418
122	94	1.1892
122	99	1.1364
122	108	1.19662
122	114	1.16671
122	115	0.751129
122	133	0.740385
122	150	1.17686
122	154	0.799476
122	163	0.670076
122	164	1.18523
122	171	0.698373
122	175	0.702569
122	176	0.712692
122	177	0.719379
122	178	0.713367
122	179	0.579007
123	31	1.14771
123	52	1.1822
123	70	1.14673
123	73	0.883298
123	78	1.22393
123	98	1.20329
123	103	1.2488
123	105	1.12573
123	111	1.17637
123	113	0.731634
123	118	1.2282
123	128	1.17862
123	131	1.18181
123	132	1.17865
123	133	0.756887
123	134	1.1535
123	137	0.699108
123	146	0.755854
123	149	0.715626
123	154	0.815978
123	158	1.16733
123	166	1.16089
123	168	1.19625
123	171	0.714875
123	174	0.743908
123	178	0.729869
123	180	0.581452
124	1	1.22289
124	13	1.18917
124	14	1.01016
124	18	1.19418
124	29	1.10636
124	39	1.19524
124	48	1.14494
124	74	1.1953
124	75	1.15319
124	77	1.18172
124	95	1.15583
124	107	1.08165
124	110	1.13552
124	119	1.19677
124	120	1.08037
124	133	0.798319
124	137	0.740539
124	154	0.857409
124	161	0.7718
124	166	0.774285
124	169	0.765219
124	170	1.18628
124	171	0.756306
124	172	1.17043
124	174	0.785339
124	177	0.777313
124	178	0.7713
124	179	0.63694
125	9	1.19862
125	10	1.2166
125	44	1.2255
125	47	0.739216
125	59	1.13438
125	67	1.21004
125	71	1.15446
125	81	1.12129
125	101	1.17392
125	102	1.16878
125	106	1.21723
125	126	0.719096
125	127	1.17896
125	129	0.763481
125	135	1.21961
125	136	1.1984
125	137	0.721391
125	139	1.27583
125	140	1.20595
125	142	1.18433
125	151	1.21612
125	155	0.721284
125	163	0.708861
125	164	0.742582
125	167	0.750069
125	175	0.741354
125	176	0.751477
125	177	0.758164
125	179	0.617792
126	51	0.691429
126	68	0.743217
126	83	0.73661
126	96	0.730346
126	104	0.747529
126	108	0.71278
126	117	1.18195
126	118	0.685698
126	120	0.801111
126	125	0.719096
126	128	0.715856
126	149	1.20885
126	152	1.19159
126	154	1.14489
126	157	1.22909
126	159	1.1817
126	161	1.20808
126	165	1.16715
126	166	1.18309
126	167	1.2149
126	168	0.702558
126	170	0.704336
126	171	1.20619
126	173	1.22004
126	174	1.17805
126	175	1.20655
126	176	1.19869
126	177	1.19117
126	178	1.18804
127	9	1.16554
127	10	1.18352
127	44	1.19242
127	55	1.22843
127	59	1.10129
127	67	1.17695
127	101	1.14084
127	102	1.1357
127	104	1.13533
127	106	1.18415
127	109	1.1528
127	113	0.76829
127	115	1.10537
127	125	1.17896
127	135	1.18652
127	136	1.16531
127	139	1.24275
127	140	1.17286
127	142	1.15125
127	149	0.752282
127	157	0.752241
127	161	0.767025
127	162	0.768472
127	164	0.756955
127	165	0.812878
127	171	0.75153
127	173	0.736583
127	174	0.780564
127	175	0.755726
127	179	0.632164
128	31	1.12888
128	40	1.22716
128	47	0.735977
128	52	1.16338
128	70	1.12791
128	78	1.2051
128	98	1.18446
128	103	1.22997
128	105	1.10691
128	109	0.746745
128	111	1.15755
128	115	0.786675
128	118	1.20937
128	121	0.814785
128	123	1.17862
128	126	0.715856
128	131	1.16299
128	132	1.15983
128	134	1.13467
128	138	1.15754
128	144	1.14618
128	146	0.774898
128	153	0.749756
128	156	0.717167
128	160	0.730267
128	166	1.14206
128	167	0.74683
128	168	1.17743
128	176	0.748238
128	177	0.754925
129	25	0.719299
129	30	0.664168
129	45	0.708541
129	50	0.799268
129	93	1.18717
129	103	0.734303
129	105	0.838461
129	106	0.740565
129	117	1.13799
129	125	0.763481
129	135	0.73385
129	139	0.695112
129	143	1.13577
129	144	0.843648
129	156	1.16283
129	159	1.13774
129	160	1.15754
129	161	1.16412
129	163	1.18379
129	165	1.12318
129	167	1.17094
129	168	0.746944
129	169	1.17148
129	171	1.16223
129	173	1.17608
129	174	1.13409
129	175	1.16259
129	176	1.15473
129	178	1.14408
129	179	1.33366
130	23	1.28025
130	27	1.12967
130	46	0.718738
130	62	1.13282
130	63	1.2106
130	77	0.691625
130	85	0.707982
130	86	1.19047
130	94	0.681345
130	101	0.738963
130	103	0.663915
130	104	0.721526
130	116	0.720728
130	132	0.695365
130	135	0.663462
130	136	0.707118
130	146	1.18588
130	155	1.20525
130	156	1.20839
130	166	1.18469
130	167	1.2165
130	168	0.676555
130	170	1.24674
130	175	1.20814
130	176	1.20029
130	178	1.18963
130	179	1.37921
130	180	1.43146
131	12	0.734476
131	31	1.13208
131	37	0.724583
131	38	1.21199
131	52	1.16657
131	70	1.1311
131	78	1.2083
131	103	1.23317
131	105	1.1101
131	111	1.16074
131	118	1.21257
131	123	1.18181
131	128	1.16299
131	132	1.16302
131	134	1.13787
131	138	1.16073
131	144	1.14937
131	149	0.766274
131	158	1.1517
131	162	0.782465
131	163	0.737226
131	165	0.826871
131	166	1.14526
131	168	1.18062
131	169	0.774435
131	171	0.765523
131	172	0.742504
131	173	0.750575
131	174	0.794556
131	180	0.6321
132	28	0.759469
132	31	1.12892
132	38	1.20883
132	40	1.22719
132	52	1.16341
132	73	0.907853
132	78	1.20514
132	98	1.1845
132	105	1.10694
132	109	0.752257
132	111	1.15758
132	118	1.20941
132	123	1.17865
132	128	1.15983
132	130	0.695365
132	131	1.16302
132	134	1.13471
132	137	0.723663
132	138	1.15757
132	144	1.14621
132	146	0.78041
132	155	0.723557
132	158	1.14854
132	160	0.735778
132	161	0.754924
132	162	0.756372
132	163	0.711134
132	166	1.14209
132	168	1.17746
132	173	0.724482
133	13	0.774011
133	24	0.818766
133	48	0.791622
133	85	0.79406
133	87	1.09905
133	94	0.767422
133	95	0.756663
133	99	0.822094
133	122	0.740385
133	123	0.756887
133	124	0.798319
133	139	0.710801
133	143	1.11291
133	145	1.15297
133	155	1.13683
133	157	1.16227
133	159	1.11488
133	161	1.14126
133	164	1.151
133	165	1.10033
133	167	1.14808
133	168	0.762633
133	169	1.14862
133	171	1.13937
133	173	1.15322
133	174	1.11123
133	175	1.13973
133	176	1.13187
133	177	1.12435
133	178	1.12122
133	179	1.3108
134	2	0.764904
134	31	1.10376
134	38	1.18367
134	40	1.20204
134	52	1.13825
134	70	1.10278
134	98	1.15934
134	103	1.20485
134	105	1.08178
134	111	1.13243
134	118	1.18425
134	123	1.1535
134	128	1.13467
134	131	1.13787
134	132	1.13471
134	137	0.768365
134	138	1.13241
134	144	1.12106
134	147	0.807983
134	148	0.835726
134	153	0.799969
134	155	0.768259
134	158	1.12338
134	166	1.11694
134	168	1.15231
134	169	0.793045
134	172	0.761114
134	173	0.769184
134	174	0.813166
134	175	0.788328
134	179	0.664766
135	9	1.20619
135	10	1.22417
135	44	1.23306
135	47	0.709585
135	55	1.26908
135	71	1.16203
135	81	1.12886
135	101	1.18149
135	102	1.17634
135	104	1.17598
135	106	1.22479
135	109	1.19344
135	125	1.21961
135	127	1.18652
135	129	0.73385
135	130	0.663462
135	136	1.20596
135	137	0.69176
135	138	0.735635
135	139	1.2834
135	140	1.21351
135	141	0.714066
135	142	1.19189
135	147	0.731378
135	148	0.759121
135	151	1.22368
135	156	0.690775
135	157	0.708238
135	159	0.744675
135	167	0.720438
135	177	0.728533
136	10	1.20296
136	35	0.694204
136	44	1.21185
136	55	1.24787
136	59	1.12073
136	71	1.14082
136	81	1.10765
136	93	0.738317
136	101	1.16028
136	102	1.15513
136	104	1.15477
136	106	1.20359
136	109	1.17223
136	113	0.767942
136	115	1.12481
136	125	1.1984
136	127	1.16531
136	130	0.707118
136	135	1.20596
136	139	1.26219
136	140	1.1923
136	142	1.17068
136	145	0.766322
136	151	1.20247
136	153	0.76702
136	162	0.768125
136	163	0.722886
136	166	0.769162
136	167	0.764094
136	171	0.751183
136	174	0.780217
136	179	0.631817
137	29	0.752861
137	57	0.759344
137	68	0.745513
137	71	0.773978
137	113	1.1918
137	116	0.749026
137	123	0.699108
137	124	0.740539
137	125	0.721391
137	132	0.723663
137	134	0.768365
137	135	0.69176
137	140	0.715707
137	141	1.18414
137	146	1.16177
137	149	1.18634
137	150	0.752727
137	155	1.18114
137	157	1.20658
137	159	1.15918
137	160	1.17899
137	162	1.17673
137	163	1.20524
137	165	1.14463
137	167	1.19239
137	171	1.18367
137	173	1.19752
137	174	1.15553
137	175	1.18403
137	176	1.17617
137	177	1.16865
137	178	1.16552
138	23	0.663761
138	29	0.796736
138	32	0.792898
138	62	0.809727
138	63	0.752191
138	66	0.725888
138	89	0.753464
138	91	1.17413
138	92	1.17006
138	95	0.742759
138	96	1.17838
138	100	1.13896
138	101	0.811136
138	105	1.10465
138	111	1.15529
138	116	1.12297
138	118	1.20712
138	128	1.15754
