1	25	1.01334
1	56	1.04228
1	111	1.05583
1	135	1.07556
1	143	0.882523
1	146	1.07183
1	154	1.05115
1	155	1.05415
1	160	1.05828
1	162	1.0494
1	177	0.937181
1	178	0.71227
2	44	1.03371
2	64	0.976147
2	74	1.0338
2	75	1.03448
2	83	1.01481
2	144	1.05202
2	147	1.01452
2	159	0.878653
2	167	1.10667
2	171	0.844417
2	174	0.866162
2	178	1.14837
3	13	0.904435
3	90	1.02253
3	137	0.841897
3	152	1.07116
3	158	0.950232
3	164	1.05717
3	166	1.04159
3	172	0.896267
3	175	1.04859
3	176	1.05593
3	179	1.05152
3	180	1.05152
4	9	0.880505
4	23	1.03962
4	40	1.12678
4	45	1.07612
4	63	1.11587
4	65	1.01991
4	68	1.10142
4	88	1.03978
4	118	0.900602
4	144	0.874385
4	165	0.890115
4	171	0.94262
5	32	1.02236
5	109	1.05512
5	117	1.05387
5	134	0.837248
5	135	1.0704
5	150	0.924586
5	154	1.04599
5	155	1.04899
5	158	1.03766
5	160	1.05311
5	173	1.03486
5	175	0.819843
6	88	1.25313
6	137	0.952619
6	138	0.93905
6	141	1.19397
6	145	0.932654
6	149	0.921925
6	162	0.920944
6	168	0.933289
6	169	1.15867
6	170	0.930654
6	172	0.9393
6	177	0.929565
7	42	0.989563
7	84	1.10987
7	98	1.04391
7	102	1.03415
7	125	0.940663
7	133	1.03001
7	139	0.864139
7	154	1.06079
7	155	1.0638
7	160	1.06792
7	175	0.911761
7	177	0.891194
8	23	0.897151
8	33	0.875042
8	34	1.00271
8	40	0.984321
8	45	0.933652
8	63	0.973409
8	65	0.877445
8	68	0.958959
8	88	0.897312
8	114	1.22938
8	163	1.12187
8	171	1.25433
9	4	0.880505
9	23	0.810647
9	33	0.788538
9	34	0.916204
9	40	0.897816
9	45	0.847147
9	63	0.886905
9	65	0.79094
9	77	0.77049
9	88	0.810807
9	163	1.76187
9	165	1.84182
10	80	0.891453
10	91	1.08002
10	130	1.0559
10	133	1.01709
10	154	1.04787
10	155	1.05087
10	156	1.05371
10	158	1.03954
10	160	1.055
10	176	0.914021
10	177	0.906355
10	180	0.895598
11	60	1.091
11	86	1.24782
11	137	0.955887
11	147	0.908649
11	149	0.925193
11	151	0.947873
11	161	0.916519
11	168	0.936557
11	169	1.26329
11	170	0.933922
11	172	0.942567
11	177	0.932833
12	46	0.89514
12	150	0.934199
12	153	1.06086
12	154	0.877756
12	166	1.03842
12	169	1.05353
12	172	0.88581
12	174	1.05229
12	175	1.04543
12	176	1.05276
12	179	1.04835
12	180	1.04835
13	3	0.904435
13	69	1.03844
13	110	1.0072
13	117	1.01518
13	119	0.968839
13	133	0.976509
13	135	1.03171
13	154	1.00729
13	155	1.0103
13	158	0.998962
13	160	1.01442
13	175	1.02673
13	179	1.00578
14	29	1.33094
14	49	1.25392
14	99	1.30837
14	157	0.919281
14	159	0.904995
14	169	0.911211
14	171	0.908198
14	174	0.909972
14	175	0.903107
14	176	0.910445
14	177	0.92072
14	179	0.906035
14	180	0.906035
15	118	1.01288
15	129	1.07937
15	141	0.997339
15	144	0.947623
15	149	0.991964
15	151	1.01464
15	161	0.98329
15	163	0.883401
15	165	1.00411
15	167	1.07975
15	168	1.00333
15	170	1.00069
15	172	1.00934
16	64	1.03857
16	111	0.984801
16	129	0.991481
16	143	1.03481
16	152	1.02801
16	156	0.915347
16	166	0.998436
16	170	0.953474
16	174	1.01231
16	175	1.00544
16	176	1.01278
16	179	1.00837
16	180	1.00837
17	22	0.75736
17	29	0.988792
17	39	1.10548
17	91	1.04126
17	117	1.017
17	118	0.984431
17	133	0.97833
17	135	1.03353
17	154	1.00911
17	156	1.01495
17	158	1.00078
17	159	1.06068
17	160	1.01624
18	19	1.05604
18	96	0.940917
18	139	1.0183
18	143	1.03132
18	145	0.932537
18	155	0.962304
18	164	1.01053
18	169	1.01005
18	174	1.00881
18	175	1.00195
18	176	1.00929
18	179	1.00488
18	180	1.00488
19	18	1.05604
19	62	0.974218
19	95	0.971455
19	101	0.998021
19	138	0.97798
19	145	0.971585
19	146	0.943786
19	152	1.05525
19	167	1.04864
19	168	0.97222
19	170	0.969585
19	172	0.97823
19	176	1.12015
19	177	0.968495
20	54	0.974059
20	115	1.00126
20	127	0.985381
20	145	0.987121
20	146	0.959323
20	148	0.983362
20	149	0.976392
20	152	1.00993
20	154	1.13602
20	161	0.967718
20	168	0.987756
20	170	0.985121
20	172	0.993766
20	180	1.0564
21	114	0.834202
21	115	0.792444
21	131	1.07907
21	137	1.11281
21	139	0.831282
21	145	1.09284
21	147	1.06557
21	151	1.1048
21	159	0.893383
21	161	1.07344
21	162	1.08113
21	170	1.09084
21	172	1.09949
21	179	0.857952
22	17	0.75736
22	28	0.866534
22	33	0.955912
22	114	1.06801
22	115	1.10874
22	126	0.788647
22	147	0.823711
22	153	1.07603
22	157	1.07678
22	165	1.08272
22	175	1.0606
22	178	1.20006
22	179	1.06353
22	180	1.06353
23	4	1.03962
23	8	0.897151
23	9	0.810647
23	30	1.07577
23	33	0.947648
23	40	1.05693
23	45	1.00626
23	63	1.04602
23	65	0.950051
23	88	0.969918
23	116	0.968476
23	123	1.03295
23	158	1.16706
23	179	1.03579
24	37	1.01255
24	57	1.05374
24	64	1.02864
24	74	1.08629
24	75	1.08697
24	80	0.847713
24	83	1.0673
24	144	1.10451
24	159	0.897661
24	163	0.730968
24	167	1.15916
24	176	0.870281
24	177	0.862616
24	178	1.20085
25	1	1.01334
25	69	0.985635
25	72	1.07705
25	81	0.965092
25	91	0.986636
25	108	1.01341
25	109	0.963623
25	113	1.10695
25	139	1.03046
25	155	0.95749
25	158	0.946156
25	160	0.961612
25	173	0.943363
25	179	1.05713
26	71	1.00071
26	142	1.12339
26	145	0.981862
26	146	0.954064
26	150	0.972954
26	151	0.993813
26	161	0.962459
26	163	1.01502
26	165	0.983276
26	166	1.14727
26	168	0.982497
26	170	0.979862
26	172	0.988507
26	178	0.921756
27	39	0.949774
27	79	1.05628
27	132	1.00399
27	139	0.989759
27	148	1.03805
27	150	1.0823
27	151	1.01626
27	157	0.989582
27	159	0.975296
27	166	0.966402
27	169	0.981511
27	177	0.99102
27	179	0.976335
27	180	0.976335
28	22	0.866534
28	104	1.01054
28	135	0.997463
28	143	1.08015
28	154	0.97305
28	155	0.976053
28	156	0.97889
28	158	0.964719
28	160	0.980175
28	163	0.989784
28	171	0.967403
28	173	0.961926
28	177	1.13481
28	180	1.12405
29	14	1.33094
29	17	0.988792
29	66	0.860138
29	97	1.02655
29	145	0.981938
29	150	0.973031
29	155	0.974978
29	156	0.977814
29	158	0.963644
29	163	0.988709
29	168	0.982573
29	170	0.979938
29	172	0.988583
29	175	0.988539
30	23	1.07577
30	45	1.11227
30	49	0.72947
30	63	1.15203
30	65	1.05606
30	110	0.903816
30	127	0.889862
30	135	0.798311
30	157	1.09248
30	166	1.0693
30	170	0.868843
30	176	1.08364
30	179	1.07923
30	180	1.07923
31	52	0.982164
31	81	0.992904
31	90	1.07186
31	110	0.982206
31	130	0.99033
31	133	0.951515
31	154	0.982299
31	155	0.985302
31	156	0.988138
31	158	0.973968
31	159	1.03408
31	172	1.07596
31	173	0.971174
31	174	1.02159
32	5	1.02236
32	84	1.09351
32	132	0.963697
32	137	1.16671
32	145	1.21206
32	152	0.955682
32	157	0.949292
32	159	0.935006
32	164	0.941695
32	166	0.926113
32	175	0.933117
32	177	0.95073
32	178	1.07258
32	179	0.936046
32	180	0.936046
33	8	0.875042
33	9	0.788538
33	22	0.955912
33	23	0.947648
33	34	1.05321
33	40	1.03482
33	45	0.984148
33	63	1.02391
33	65	0.927941
33	68	1.00946
33	77	0.90749
33	88	0.947808
33	164	1.20602
33	165	1.17249
33	169	1.17118
34	8	1.00271
34	9	0.916204
34	33	1.05321
34	42	1.01536
34	45	1.11182
34	65	1.05561
34	134	0.911301
34	155	1.08959
34	156	1.09242
34	158	1.07825
34	162	1.08484
34	165	0.821634
34	170	0.982581
34	174	0.895883
34	175	0.893895
35	53	0.897943
35	56	0.89205
35	102	0.970461
35	129	1.03337
35	138	0.853323
35	159	1.04922
35	162	0.876667
35	166	1.04033
35	169	1.05543
35	174	1.0542
35	175	1.04733
35	176	1.05467
35	177	1.06494
35	179	1.05026
35	180	1.05026
36	49	1.04085
36	83	1.11345
36	90	0.919719
36	115	0.99392
36	120	0.969269
36	146	1.20563
36	152	0.968349
36	160	1.13281
36	164	0.954362
36	173	0.945399
36	174	0.952649
36	175	0.945784
36	176	0.953123
36	179	0.948713
36	180	0.948713
37	24	1.01255
37	38	0.884645
37	44	0.946767
37	57	0.914309
37	58	0.956048
37	64	0.889205
37	75	0.947538
37	83	0.927869
37	90	1.22305
37	124	0.930891
37	144	0.96508
37	167	1.01973
37	175	1.17079
37	176	1.15789
37	178	1.06142
38	37	0.884645
38	44	0.958297
38	57	0.925839
38	64	0.900735
38	74	0.958388
38	75	0.959068
38	77	0.892808
38	83	0.939399
38	144	0.97661
38	163	1.04081
38	164	1.15429
38	167	1.03126
38	169	1.11945
38	175	1.19302
38	178	1.07295
39	17	1.10548
39	27	0.949774
39	89	0.996199
39	146	1.13557
39	147	1.17183
39	148	1.08198
39	164	0.955764
39	166	0.940181
39	169	0.95529
39	173	0.946801
39	174	0.954051
39	175	0.947186
39	176	0.954525
39	179	0.950114
39	180	0.950114
40	4	1.12678
40	8	0.984321
40	9	0.897816
40	23	1.05693
40	33	1.03482
40	45	1.09343
40	63	1.13318
40	65	1.03722
40	68	1.11873
40	77	1.01677
40	112	0.927291
40	142	0.869133
40	157	0.909858
40	173	0.910974
40	177	0.892413
41	66	0.994121
41	84	1.10675
41	99	1.18173
41	124	1.23772
41	128	0.937473
41	142	0.943591
41	153	0.93453
41	164	0.927679
41	166	0.912097
41	170	1.26666
41	171	0.924193
41	175	0.919101
41	176	0.92644
41	177	0.936714
41	179	0.92203
41	180	0.92203
42	7	0.989563
42	34	1.01536
42	80	1.20705
42	87	1.09338
42	110	0.920975
42	133	0.890284
42	135	0.945481
42	151	1.28122
42	154	0.921068
42	155	0.924071
42	156	0.926908
42	158	0.912737
42	160	0.928193
42	171	0.915421
42	173	0.909944
42	177	1.22196
43	111	0.931855
43	138	0.943533
43	140	0.935572
43	147	0.909864
43	148	0.933379
43	150	0.92823
43	151	0.949089
43	161	0.917735
43	168	0.937773
43	170	0.935138
43	171	1.25419
43	172	0.943783
43	173	1.27194
43	177	0.934048
43	178	1.02847
43	179	1.25299
44	2	1.03371
44	37	0.946767
44	38	0.958297
44	57	0.987961
44	64	0.962857
44	73	0.921199
44	74	1.02051
44	75	1.02119
44	83	1.00152
44	88	1.04546
44	144	1.03873
44	153	0.96568
44	163	0.872356
44	167	1.09338
44	171	1.00481
44	178	1.13508
45	4	1.07612
45	8	0.933652
45	9	0.847147
45	23	1.00626
45	30	1.11227
45	33	0.984148
45	34	1.11182
45	40	1.09343
45	47	0.93445
45	63	1.08252
45	65	0.986551
45	77	0.9661
45	84	0.922089
45	85	1.00656
45	113	1.02218
45	165	0.921049
46	12	0.89514
46	101	1.04631
46	129	1.07165
46	138	1.02627
46	140	1.0183
46	146	0.992072
46	147	0.992596
46	150	1.01096
46	151	1.03182
46	152	0.9501
46	163	0.87568
46	168	1.02051
46	170	1.01787
46	172	1.02652
46	176	1.01499
46	177	1.01678
47	45	0.93445
47	92	0.905195
47	114	1.01711
47	146	1.01744
47	151	0.94205
47	153	1.02512
47	157	1.02587
47	162	0.993114
47	164	1.01827
47	169	1.0178
47	174	1.01656
47	175	1.00969
47	176	1.01703
47	177	1.02731
47	179	1.01262
47	180	1.01262
48	79	1.00119
48	83	0.944387
48	85	0.994995
48	87	1.06045
48	100	0.892792
48	132	1.02177
48	135	0.940628
48	157	1.00736
48	162	1.01224
48	174	0.998051
48	175	0.991186
48	176	0.998524
48	177	1.0088
48	178	1.13064
48	179	0.994114
48	180	0.994114
49	14	1.25392
49	30	0.72947
49	36	1.04085
49	70	1.03574
49	81	1.02137
49	86	1.0678
49	102	0.984124
49	110	1.01068
49	113	0.940396
49	130	1.0188
49	154	1.01077
49	155	1.01377
49	156	1.01661
49	158	1.00244
49	160	1.01789
49	165	0.839261
50	56	0.981056
50	70	1.0149
50	109	0.999067
50	126	1.00013
50	133	0.959148
50	135	1.01434
50	139	1.01415
50	153	1.00289
50	154	0.989932
50	156	0.995771
50	158	0.981601
50	160	0.997056
50	162	0.988184
50	165	0.989515
50	173	0.978808
50	175	1.06178
50	177	1.04121
51	103	1.04664
51	131	1.03168
51	133	1.04731
51	139	0.987407
51	142	0.995544
51	151	0.952658
51	157	0.987229
51	161	1.01146
51	169	0.979159
51	171	0.976146
51	174	0.97792
51	175	0.971055
51	176	0.978393
51	177	0.988667
51	178	1.11051
51	179	0.973983
51	180	0.973983
52	31	0.982164
52	54	1.11395
52	63	0.934899
52	92	0.968998
52	107	1.0068
52	130	1.00019
52	139	0.997776
52	141	0.995146
52	155	0.995165
52	156	0.998002
52	160	0.999287
52	161	1.06466
52	171	0.986515
52	174	0.988288
52	176	0.988762
52	179	0.984351
52	180	0.984351
53	35	0.897943
53	93	1.12962
53	99	0.978047
53	131	0.982662
53	136	1.05117
53	138	1.00283
53	140	0.994868
53	142	1.0294
53	145	0.996434
53	148	0.992675
53	150	0.987526
53	161	0.977031
53	168	0.997069
53	169	0.999676
53	170	0.994434
53	172	1.00308
53	177	0.993345
54	20	0.974059
54	52	1.11395
54	60	0.863139
54	99	0.980775
54	122	1.07764
54	138	1.00556
54	147	0.971888
54	148	0.995402
54	149	0.988432
54	150	0.990254
54	151	1.01111
54	161	0.979758
54	163	0.956795
54	168	0.999796
54	170	0.997161
54	172	1.00581
54	176	1.09611
55	86	1.0453
55	98	0.971386
55	102	0.961624
55	118	0.98283
55	128	1.048
55	135	1.01268
55	154	0.98827
55	156	0.99411
55	157	1.04148
55	158	0.979939
55	160	0.995395
55	162	0.986523
55	163	1.005
55	171	0.982623
55	173	0.977146
55	177	1.02404
55	180	1.01328
56	1	1.04228
56	35	0.89205
56	50	0.981056
56	91	1.01557
56	109	0.992557
56	110	0.983328
56	121	1.07215
56	133	0.952637
56	135	1.00783
56	141	1.02908
56	154	0.983421
56	155	0.986424
56	156	0.989261
56	158	0.97509
56	160	0.990546
56	175	1.06736
56	177	1.04679
57	24	1.05374
57	37	0.914309
57	38	0.925839
57	44	0.987961
57	64	0.9304
57	74	0.988053
57	75	0.988733
57	83	0.969064
57	116	0.978759
57	124	0.972085
57	144	1.00627
57	159	1.0815
57	163	0.914809
57	167	1.06092
57	173	1.06502
57	174	1.06901
57	178	1.10262
58	37	0.956048
58	79	0.826184
58	93	1.05628
58	124	0.80721
58	134	1.08102
58	148	0.807959
58	152	1.0994
58	158	0.857784
58	163	1.10431
58	166	1.06983
58	169	1.08494
58	170	0.836151
58	174	1.0837
58	175	1.07683
58	176	1.08417
58	179	1.07976
58	180	1.07976
59	66	1.05097
59	106	1.11675
59	112	0.984384
59	126	1.06989
59	141	0.989676
59	142	1.00044
59	152	0.998518
59	157	0.992127
59	160	0.995878
59	167	0.878543
59	168	1.03024
59	169	0.984057
59	174	0.982818
59	175	0.975953
59	176	0.983291
59	179	0.978881
59	180	0.978881
60	11	1.091
60	54	0.863139
60	102	0.899898
60	122	1.08058
60	134	1.07943
60	155	0.793443
60	159	1.07713
60	165	1.09736
60	166	1.06824
60	167	0.640271
60	169	1.08335
60	170	0.805025
60	174	1.08211
60	176	1.08258
60	177	1.09286
60	179	1.07817
60	180	1.07817
61	99	0.978896
61	126	0.997517
61	140	0.995716
61	143	0.969645
61	147	0.970009
61	149	0.986553
61	150	0.988375
61	151	1.00923
61	161	0.977879
61	165	0.998696
61	166	1.02491
61	168	0.997917
61	170	0.995282
61	171	1.02511
61	172	1.00393
61	173	1.04286
61	174	1.04686
62	19	0.974218
62	108	1.04776
62	116	1.07093
62	138	0.8698
62	141	1.04041
62	142	1.05118
62	155	0.880483
62	158	0.913698
62	162	0.893144
62	164	1.03527
62	169	1.03479
62	172	0.859734
62	174	1.03355
62	175	1.02669
62	176	1.03403
62	178	1.16615
62	179	1.02962
62	180	1.02962
63	4	1.11587
63	8	0.973409
63	9	0.886905
63	23	1.04602
63	30	1.15203
63	33	1.02391
63	40	1.13318
63	45	1.08252
63	52	0.934899
63	65	1.02631
63	68	1.10782
63	77	1.00586
63	88	1.04618
63	118	0.868182
63	120	0.901946
63	165	0.857695
63	175	0.929956
63	176	0.917054
64	2	0.976147
64	16	1.03857
64	24	1.02864
64	37	0.889205
64	38	0.900735
64	44	0.962857
64	57	0.9304
64	74	0.962949
64	75	0.963629
64	83	0.94396
64	118	1.07422
64	124	0.946981
64	144	0.98117
64	164	1.09726
64	165	1.06374
64	167	1.03582
64	173	1.13399
64	178	1.07751
65	4	1.01991
65	8	0.877445
65	9	0.79094
65	23	0.950051
65	30	1.05606
65	33	0.927941
65	34	1.05561
65	40	1.03722
65	45	0.986551
65	63	1.02631
65	68	1.01186
65	77	0.909893
65	88	0.950211
65	153	1.06243
65	169	1.04774
65	176	1.10842
65	177	1.10075
65	180	1.08999
66	29	0.860138
66	41	0.994121
66	59	1.05097
66	67	1.02134
66	95	0.915734
66	120	1.06932
66	131	0.951529
66	141	1.05956
66	152	1.0684
66	156	0.884369
66	164	1.05442
66	167	0.757741
66	169	1.05394
66	174	1.0527
66	175	1.04584
66	176	1.05318
66	179	1.04877
66	180	1.04877
67	66	1.02134
67	111	0.96881
67	127	0.972352
67	136	1.12766
67	138	0.980487
67	140	0.972526
67	145	0.974092
67	146	0.946294
67	147	0.946818
67	148	0.970333
67	151	0.986043
67	153	1.09085
67	158	1.26006
67	161	0.954689
67	168	0.974727
67	170	0.972092
67	172	0.980737
67	178	0.904259
68	4	1.10142
68	8	0.958959
68	33	1.00946
68	40	1.11873
68	63	1.10782
68	65	1.01186
68	121	0.936331
68	135	1.06725
68	143	0.856312
68	148	0.99203
68	152	0.853742
68	154	1.04284
68	155	1.04584
68	156	1.04867
68	160	1.04996
68	169	0.857961
68	171	1.03719
68	177	0.910969
69	13	1.03844
69	25	0.985635
69	70	1.04841
69	78	1.02063
69	89	0.911679
69	110	1.02335
69	113	1.00868
69	130	1.03148
69	132	0.94776
69	133	0.992661
69	155	1.02645
69	156	1.02928
69	157	0.97668
69	158	1.01511
69	160	1.03057
69	163	1.04018
69	165	0.907541
69	171	1.0178
69	177	0.959236
70	49	1.03574
70	50	1.0149
70	69	1.04841
70	102	0.990621
70	112	0.995963
70	117	1.02515
70	135	1.04168
70	144	0.89366
70	154	1.01727
70	155	1.02027
70	156	1.02311
70	158	1.00894
70	160	1.02439
70	162	1.01552
70	163	1.034
70	169	0.908077
70	174	0.98364
70	176	0.96875
70	177	0.961085
71	26	1.00071
71	95	1.03094
71	106	0.979942
71	123	0.977066
71	134	1.01826
71	138	1.03746
71	142	0.957006
71	148	1.02731
71	149	1.02034
71	150	1.02216
71	151	1.04302
71	159	1.01533
71	161	1.01166
71	168	1.0317
71	170	1.02907
71	172	1.03771
71	176	0.987951
71	177	1.02798
71	178	0.755375
72	25	1.07705
72	82	1.1124
72	98	1.09798
72	109	1.124
72	116	0.751913
72	128	0.843574
72	129	0.883936
72	133	1.08408
72	154	1.11486
72	155	1.11786
72	156	1.1207
72	158	1.10653
72	163	1.13159
72	165	0.767915
72	171	1.10921
72	173	1.10374
72	176	0.827275
72	177	0.819609
72	179	0.819225
73	44	0.921199
73	78	0.946904
73	125	1.01507
73	139	1.03162
73	146	0.972926
73	147	1.00918
73	149	0.935008
73	152	1.03783
73	153	1.0307
73	154	0.90714
73	164	1.02385
73	166	1.00826
73	169	1.02337
73	174	1.02213
73	175	1.01527
73	176	1.02261
73	177	1.03288
73	179	1.0182
73	180	1.0182
74	2	1.0338
74	24	1.08629
74	38	0.958388
74	44	1.02051
74	57	0.988053
74	64	0.962949
74	75	1.02128
74	77	0.955022
74	83	1.00161
74	97	1.00745
74	124	1.00463
74	129	1.01319
74	144	1.03882
74	164	0.930702
74	165	0.897173
74	167	1.09347
74	169	0.895859
74	173	0.967428
74	178	1.13517
75	2	1.03448
75	24	1.08697
75	37	0.947538
75	38	0.959068
75	44	1.02119
75	57	0.988733
75	64	0.963629
75	74	1.02128
75	83	1.00229
75	120	0.920156
75	121	0.952961
75	124	1.00531
75	144	1.0395
75	167	1.09415
75	168	1.0238
75	175	0.948167
75	176	0.935265
75	177	0.927599
75	178	1.13585
76	94	0.975462
76	100	1.06049
76	103	0.987981
76	107	1.02329
76	131	1.00966
76	136	0.977768
76	137	1.0434
76	139	0.952225
76	142	0.956
76	145	1.02344
76	147	0.996162
76	161	1.00403
76	163	0.847633
76	166	0.979886
76	167	1.10049
76	168	1.02407
76	170	1.02144
76	172	1.03008
76	173	0.997841
77	9	0.77049
77	33	0.90749
77	38	0.892808
77	40	1.01677
77	45	0.9661
77	63	1.00586
77	65	0.909893
77	74	0.955022
77	83	0.936033
77	88	0.92976
77	114	1.1335
77	124	0.939054
77	144	0.973244
77	150	1.28294
77	163	1.02598
77	165	1.10594
77	167	1.02789
77	177	1.15763
77	178	1.06959
78	69	1.02063
78	73	0.946904
78	80	1.01481
78	82	0.987027
78	86	1.04651
78	104	1.02697
78	109	0.998618
78	121	1.05507
78	122	1.01891
78	130	0.997514
78	133	0.958698
78	135	1.0139
78	144	0.962284
78	155	0.992485
78	156	0.995322
78	158	0.981151
78	160	0.996607
78	163	1.00622
78	164	1.01154
78	173	0.978358
79	27	1.05628
79	48	1.00119
79	58	0.826184
79	82	0.995107
79	102	0.970917
79	104	1.03505
79	110	0.99747
79	123	1.01714
79	126	1.00776
79	129	1.08469
79	130	1.00559
79	154	0.997563
79	155	1.00057
79	156	1.0034
79	158	0.989232
79	160	1.00469
79	163	1.0143
79	171	0.991916
79	173	0.986439
79	177	1.02036
80	10	0.891453
80	24	0.847713
80	42	1.20705
80	78	1.01481
80	100	1.03979
80	133	1.06009
80	136	0.981978
80	140	1.00117
80	143	1.0114
80	144	1.02515
80	146	0.974937
80	150	0.993827
80	154	0.975041
80	157	0.998207
80	168	1.00337
80	169	0.990137
80	170	1.00074
80	172	1.00938
80	179	0.984961
80	180	0.984961
81	25	0.965092
81	31	0.992904
81	49	1.02137
81	82	1.00045
81	102	0.976256
81	110	1.00281
81	112	1.024
81	117	1.01078
81	121	1.01448
81	130	1.01093
81	137	1.01167
81	154	1.0029
81	155	1.00591
81	156	1.00874
81	158	0.994571
81	160	1.01003
81	166	0.989729
81	171	0.997255
81	177	0.989123
81	180	0.978366
82	72	1.1124
82	78	0.987027
82	79	0.995107
82	81	1.00045
82	85	0.982912
82	98	0.972957
82	109	0.998977
82	125	1.04327
82	130	0.997873
82	138	1.08079
82	141	0.976096
82	142	0.970524
82	147	1.16472
82	155	0.992845
82	156	0.995681
82	158	0.981511
82	160	0.996966
82	163	1.00658
82	173	0.978717
82	178	0.768894
83	2	1.01481
83	24	1.0673
83	36	1.11345
83	37	0.927869
83	38	0.939399
83	44	1.00152
83	48	0.944387
83	57	0.969064
83	64	0.94396
83	74	1.00161
83	75	1.00229
83	77	0.936033
83	124	0.985645
83	139	0.9365
83	144	1.01983
83	149	1.06029
83	167	1.07448
83	171	0.964365
83	174	0.98611
83	178	1.11618
84	7	1.10987
84	32	1.09351
84	41	1.10675
84	45	0.922089
84	109	1.05051
84	110	1.04128
84	117	1.04926
84	119	0.833096
84	130	1.04941
84	135	1.06579
84	154	1.04138
84	156	1.04722
84	157	0.887866
84	158	1.03305
84	160	1.0485
84	162	1.03963
84	163	1.05811
84	165	0.818727
84	171	1.03573
84	173	1.03025
84	178	0.645511
85	45	1.00656
85	48	0.994995
85	82	0.982912
85	93	0.95407
85	94	1.15088
85	102	0.958721
85	137	0.977445
85	153	0.990057
85	154	0.985368
85	155	0.988371
85	156	0.991207
85	158	0.977036
85	161	1.07297
85	164	0.983206
85	168	1.05109
85	169	0.982732
85	172	1.03182
85	173	0.974243
85	176	0.981967
85	179	0.977557
85	180	0.977557
86	11	1.24782
86	49	1.0678
86	55	1.0453
86	78	1.04651
86	87	0.724026
86	117	1.05721
86	121	0.877959
86	126	1.05952
86	133	1.01854
86	134	0.89057
86	135	1.07374
86	141	0.834889
86	154	1.04932
86	156	1.05516
86	158	1.04099
86	160	1.05645
86	162	1.04758
86	171	1.04368
86	173	1.0382
86	174	0.875152
86	176	0.860263
87	42	1.09338
87	48	1.06045
87	86	0.724026
87	95	0.894997
87	120	1.06357
87	122	1.04541
87	124	0.872816
87	126	0.928352
87	132	1.07066
87	134	1.04427
87	139	1.05643
87	141	1.0538
87	158	0.923391
87	159	1.04197
87	160	0.854338
87	166	1.03308
87	173	1.0397
87	174	1.04695
87	177	1.05769
87	179	1.04301
87	180	1.04301
88	4	1.03978
88	6	1.25313
88	8	0.897312
88	9	0.810807
88	23	0.969918
88	33	0.947808
88	44	1.04546
88	63	1.04618
88	65	0.950211
88	77	0.92976
88	120	0.993934
88	133	1.11645
88	155	1.0602
88	158	1.09342
88	160	1.02437
88	166	0.963444
88	169	0.978552
88	174	0.977314
88	175	0.970449
88	176	0.977787
88	179	0.973377
88	180	0.973377
89	39	0.996199
89	69	0.911679
89	101	0.873491
89	115	1.06797
89	119	1.05319
89	129	1.00587
89	135	0.912239
89	141	1.03356
89	145	0.941422
89	150	0.99883
89	153	1.03526
89	159	1.02172
89	164	1.02841
89	166	1.01283
89	168	0.969715
89	169	1.02794
89	170	0.982772
89	171	1.02492
89	173	1.01945
89	176	1.02717
89	179	1.02276
89	180	1.02276
90	3	1.02253
90	31	1.07186
90	36	0.919719
90	37	1.22305
90	107	1.05411
90	129	0.930793
90	134	0.948943
90	138	1.08089
90	152	0.967318
90	153	0.960182
90	155	1.09157
90	157	0.960928
90	164	0.953332
90	166	0.937749
90	169	0.952858
90	172	1.07083
90	174	0.951619
90	176	0.952092
90	177	0.962366
90	178	1.08421
90	179	0.947682
90	180	0.947682
91	10	1.08002
91	17	1.04126
91	25	0.986636
91	56	1.01557
91	109	1.03358
91	117	1.03233
91	125	1.03316
91	130	1.03248
91	133	0.993662
91	135	1.04886
91	136	0.982184
91	141	0.965987
91	144	0.916271
91	154	1.02445
91	155	1.02745
91	158	1.01612
91	160	1.03157
91	162	1.0227
91	173	1.01332
91	177	0.983696
91	178	0.758785
91	180	0.972938
92	47	0.905195
92	52	0.968998
92	134	0.981462
92	137	1.0468
92	138	1.03323
92	146	0.999039
92	147	0.999564
92	148	1.02308
92	149	1.01611
92	150	1.01793
92	161	1.00743
92	162	1.01513
92	164	0.925324
92	165	1.02825
92	167	1.1039
92	168	1.02747
92	170	1.02484
92	171	0.944299
92	172	1.03348
92	176	0.951154
92	177	1.02375
92	180	0.932731
93	53	1.12962
93	58	1.05628
93	85	0.95407
93	105	1.14813
93	107	1.05822
93	130	0.969032
93	133	0.930216
93	139	0.966613
93	140	1.06297
93	154	0.961
93	155	0.964003
93	156	0.966839
93	157	0.966435
93	158	0.952669
93	161	1.11609
93	166	0.943256
93	171	0.955352
93	172	1.07493
93	175	0.950261
93	176	0.957599
93	179	0.953189
93	180	0.953189
94	76	0.975462
94	85	1.15088
94	96	0.966095
94	126	0.964484
94	137	0.984214
94	138	0.970645
94	144	1.04963
94	147	0.936976
94	148	0.96049
94	149	0.95352
94	150	0.955342
94	151	0.9762
94	152	1.05983
94	161	0.944846
94	162	0.952539
94	168	0.964884
94	170	0.962249
94	171	1.11787
94	172	0.970895
94	176	1.12472
94	177	0.96116
94	180	1.1063
95	19	0.971455
95	66	0.915734
95	71	1.03094
95	87	0.894997
95	99	0.993707
95	106	0.960968
95	120	1.01613
95	131	0.998321
95	134	1.06154
95	139	0.996513
95	140	1.01053
95	142	1.00029
95	146	0.984295
95	148	1.00833
95	149	1.00136
95	150	1.00319
95	161	0.99269
95	165	1.01351
95	166	1.02417
95	167	1.08915
95	168	1.01273
95	170	1.01009
95	172	1.01874
96	18	0.940917
96	94	0.966095
96	105	0.975418
96	106	0.962943
96	108	0.95325
96	121	1.00575
96	122	0.98656
96	127	1.01233
96	145	1.01407
96	146	0.98627
96	148	1.01031
96	150	1.00516
96	151	1.02602
96	161	0.994666
96	162	1.00236
96	166	0.997964
96	167	1.09113
96	168	1.0147
96	170	1.01207
96	172	1.02071
96	173	1.01592
96	174	1.01991
96	179	0.996974
97	29	1.02655
97	74	1.00745
97	99	1.00398
97	101	0.97963
97	115	1.02511
97	122	0.982302
97	125	0.97677
97	128	0.995341
97	134	0.981159
97	137	1.00221
97	139	0.993322
97	143	1.00634
97	146	1.11431
97	152	0.999534
97	153	0.992398
97	157	0.993144
97	159	0.978858
97	166	0.969965
97	169	0.985073
97	172	1.05658
97	173	0.976584
97	176	0.984308
97	179	0.979898
97	180	0.979898
98	7	1.04391
98	55	0.971386
98	72	1.09798
98	82	0.972957
98	102	0.948766
98	104	1.0129
98	109	0.984548
98	110	0.97532
98	119	1.00495
98	120	1.03484
98	123	1.03906
98	135	0.999826
98	143	0.987621
98	154	0.975413
98	155	0.978416
98	156	0.981252
98	158	0.967081
98	160	0.982537
98	162	0.973665
98	171	0.969765
98	173	0.964288
98	175	1.06285
98	177	1.04228
98	179	1.04189
99	14	1.30837
99	41	1.18173
99	53	0.978047
99	54	0.980775
99	61	0.978896
99	95	0.993707
99	97	1.00398
99	120	0.937955
99	131	0.980065
99	132	0.933923
99	137	1.0138
99	140	0.992271
99	144	0.877974
99	147	0.966563
99	148	0.990078
99	149	0.983107
99	150	0.984929
99	151	1.00579
99	161	0.974434
99	168	0.994472
99	170	0.991837
99	172	1.00048
99	173	0.963959
99	177	0.990747
100	48	0.892792
100	76	1.06049
100	80	1.03979
100	107	1.04913
100	112	0.946838
100	114	0.887825
100	116	0.844263
100	117	0.954549
100	131	1.03551
100	137	1.06924
100	138	1.05567
100	140	1.04771
100	141	0.894252
100	145	1.04928
100	146	1.02148
100	147	1.022
100	150	1.04037
100	152	0.854733
100	161	1.02987
100	167	1.12634
100	168	1.04991
100	170	1.04728
100	172	1.05592
100	174	0.934515
101	19	0.998021
101	46	1.04631
101	89	0.873491
101	97	0.97963
101	106	0.987535
101	107	1.03851
101	122	0.910249
101	127	1.03692
101	140	1.03709
101	145	1.03866
101	146	1.01086
101	147	1.01139
101	149	1.02793
101	151	1.05061
101	158	1.05193
101	161	1.01926
101	165	1.04007
101	166	0.921654
101	168	1.03929
101	170	1.03666
101	171	0.921858
101	172	1.04531
101	176	0.928713
101	177	1.03557
101	179	0.920663
102	7	1.03415
102	35	0.970461
102	49	0.984124
102	55	0.961624
102	60	0.899898
102	70	0.990621
102	79	0.970917
102	81	0.976256
102	85	0.958721
102	98	0.948766
102	110	0.965558
102	117	0.973533
102	122	1.1144
102	135	0.990064
102	139	1.09815
102	140	1.19017
102	154	0.965651
102	156	0.97149
102	158	0.95732
102	160	0.972775
102	162	0.963903
102	164	1.10704
102	166	1.12581
102	171	0.960004
102	173	0.954527
103	51	1.04664
103	76	0.987981
103	106	0.925643
103	107	0.976621
103	118	0.986957
103	127	0.975028
103	138	0.983163
103	140	0.975202
103	146	0.94897
103	148	0.973009
103	149	0.966038
103	150	0.96786
103	151	0.988719
103	157	1.09177
103	161	0.957365
103	164	1.05616
103	165	0.978182
103	166	1.07493
103	168	0.977403
103	170	0.974768
103	171	1.07514
103	172	0.983413
103	173	1.09289
103	177	0.973678
103	179	1.07394
104	28	1.01054
104	78	1.02697
104	79	1.03505
104	98	1.0129
104	108	0.913506
104	110	1.02969
104	111	1.03446
104	117	1.03766
104	129	1.02194
104	130	1.03781
104	133	0.998999
104	135	1.0542
104	149	1.05435
104	154	1.02978
104	155	1.03279
104	156	1.03562
104	158	1.02145
104	160	1.03691
104	163	1.04652
104	165	0.90592
104	173	1.01866
104	174	0.980169
104	178	0.732704
104	179	0.95723
104	180	0.946857
105	93	1.14813
105	96	0.975418
105	124	0.961794
105	127	0.971832
105	131	0.959801
105	136	1.06968
105	138	0.979968
105	139	1.04414
105	146	0.945774
105	147	0.946299
105	148	0.969814
105	149	0.962843
105	150	0.964665
105	151	0.985523
105	153	1.03287
105	161	0.95417
105	164	1.05303
105	165	0.974987
105	166	1.0718
105	167	1.05063
105	168	0.974208
105	170	0.971573
105	172	0.980218
105	175	1.09176
105	177	0.970483
106	59	1.11675
106	71	0.979942
106	95	0.960968
106	96	0.962943
106	101	0.987535
106	103	0.925643
106	111	0.955816
106	127	0.959358
106	131	0.947326
106	137	0.981063
106	138	0.967494
106	139	1.07673
106	141	1.08607
106	146	0.9333
106	147	0.933824
106	149	0.950369
106	150	0.952191
106	151	0.973049
106	156	1.17491
106	161	0.941695
106	168	0.961733
106	171	1.10459
106	172	0.967743
106	173	1.12234
106	174	1.12634
106	177	0.958009
107	52	1.0068
107	76	1.02329
107	90	1.05411
107	93	1.05822
107	100	1.04913
107	101	1.03851
107	103	0.976621
107	127	1.01034
107	137	1.03204
107	138	1.01847
107	140	1.01051
107	145	1.01208
107	146	0.984278
107	147	0.984803
107	149	1.00135
107	151	1.02403
107	161	0.992674
107	162	1.00037
107	164	0.963121
107	168	1.01271
107	170	1.01008
107	171	0.982096
107	172	1.01872
107	173	0.999847
107	176	0.988951
107	178	0.756375
108	25	1.01341
108	62	1.04776
108	96	0.95325
108	104	0.913506
108	110	1.02119
108	112	1.00032
108	120	1.01538
108	126	1.01281
108	135	0.915687
108	139	1.00824
108	141	1.00561
108	143	1.02126
108	152	1.01446
108	155	0.974638
108	159	0.993779
108	164	1.00047
108	166	0.984886
108	169	0.999994
108	170	0.98622
108	171	0.996982
108	174	0.998755
108	175	0.99189
108	176	0.999229
108	178	1.13135
108	179	0.994819
108	180	0.994819
109	5	1.05512
109	25	0.963623
109	50	0.999067
109	56	0.992557
109	72	1.124
109	78	0.998618
109	82	0.998977
109	84	1.05051
109	91	1.03358
109	98	0.984548
109	121	0.983294
109	128	0.981897
109	133	0.970649
109	149	1.05467
109	154	1.00143
109	155	1.00444
109	156	1.00727
109	157	0.975377
109	158	0.993101
109	159	0.992977
109	160	1.00856
109	163	1.01817
109	164	0.939767
109	165	0.906238
109	171	0.995785
109	175	0.978499
110	13	1.0072
110	30	0.903816
110	31	0.982206
110	42	0.920975
110	49	1.01068
110	56	0.983328
110	69	1.02335
110	79	0.99747
110	81	1.00281
110	84	1.04128
110	98	0.97532
110	102	0.965558
110	104	1.02969
110	108	1.02119
110	111	0.996885
110	121	1.09066
110	130	1.00024
110	152	1.00807
110	155	0.995207
110	156	0.998044
110	158	0.983873
110	160	0.999329
110	171	0.986557
110	174	1.08786
110	175	1.08587
110	176	1.07297
110	178	0.840391
111	1	1.05583
111	16	0.984801
111	43	0.931855
111	67	0.96881
111	104	1.03446
111	106	0.955816
111	110	0.996885
111	116	0.993959
111	117	1.00486
111	131	0.993169
111	133	0.966194
111	141	1.04395
111	145	1.00694
111	146	0.979143
111	154	0.996978
111	155	0.999981
111	157	1.0791
111	160	1.0041
111	161	0.987538
111	166	1.06226
111	168	1.00758
111	170	1.00494
111	171	0.99133
111	172	1.01359
111	178	0.836745
111	179	1.06127
111	180	1.0509
112	40	0.927291
112	59	0.984384
112	70	0.995963
112	81	1.024
112	100	0.946838
112	108	1.00032
112	114	0.986663
112	125	0.979052
112	129	0.96529
112	140	1.02092
112	143	1.00862
112	148	1.03702
112	153	0.994679
112	157	0.995425
112	159	0.981139
112	161	1.07403
112	162	1.06629
112	163	1.00672
112	164	0.987829
112	165	1.00137
112	166	0.972246
112	169	0.987355
112	175	0.979251
112	176	0.986589
112	178	1.11871
112	179	0.982179
112	180	0.982179
113	25	1.10695
113	45	1.02218
113	49	0.940396
113	69	1.00868
113	123	0.999654
113	128	1.00339
113	129	0.971063
113	130	1.06673
113	132	1.0156
113	134	0.989212
113	137	0.993068
113	142	1.00951
113	143	1.01439
113	152	1.00759
113	154	1.03938
113	159	0.986912
113	164	0.993601
113	166	0.978018
113	167	0.915015
113	169	0.993127
113	171	0.990114
113	174	0.991888
113	175	0.985023
113	176	0.992361
113	177	1.00264
113	179	0.987951
113	180	0.987951
114	8	1.22938
114	21	0.834202
114	22	1.06801
114	47	1.01711
114	77	1.1335
114	100	0.887825
114	112	0.986663
114	123	0.992862
114	125	0.978032
114	136	0.978176
114	139	0.994584
114	141	0.991954
114	142	1.00272
114	144	1.02134
114	148	0.978002
114	150	1.02225
114	153	0.99366
114	159	0.98012
114	161	1.01501
114	163	1.0057
114	168	0.993137
114	173	0.977846
114	174	0.985096
114	175	0.978231
114	176	0.98557
114	179	0.981159
114	180	0.981159
115	20	1.00126
115	21	0.792444
115	22	1.10874
115	36	0.99392
115	89	1.06797
115	97	1.02511
115	117	0.897772
115	123	1.03359
115	129	1.00499
115	131	0.99347
115	133	1.0091
115	138	0.94217
115	142	1.04344
115	143	1.04833
115	157	1.03513
115	158	0.986069
115	159	1.02084
115	162	0.965515
115	164	1.02753
115	166	1.01195
115	167	0.799681
115	169	1.02706
115	174	1.02582
115	175	1.01895
115	176	1.02629
115	177	1.03657
115	179	1.02188
115	180	1.02188
116	23	0.968476
116	57	0.978759
116	62	1.07093
116	72	0.751913
116	100	0.844263
116	111	0.993959
116	123	1.02969
116	129	1.0011
116	131	0.991666
116	134	1.01925
116	136	1.01501
116	139	1.03141
116	141	1.02878
116	143	1.04443
116	152	1.03763
116	153	1.03049
116	158	0.984265
116	159	1.01695
116	164	1.02364
116	166	1.00806
116	168	0.949575
116	172	0.930301
116	173	1.01468
116	175	1.01506
116	176	1.0224
116	178	1.15452
116	179	1.01799
116	180	1.01799
117	5	1.05387
117	13	1.01518
117	17	1.017
117	70	1.02515
117	81	1.01078
117	84	1.04926
117	86	1.05721
117	91	1.03233
117	100	0.954549
117	102	0.973533
117	104	1.03766
117	111	1.00486
117	115	0.897772
117	130	1.00821
117	134	1.00164
117	135	1.02459
117	155	1.00318
117	156	1.00602
117	157	0.98111
117	158	0.991848
117	160	1.0073
117	162	0.998432
117	165	0.911971
117	168	1.05986
117	171	0.994532
117	173	0.989055
117	174	0.98622
117	179	0.963281
117	180	0.952908
118	4	0.900602
118	15	1.01288
118	17	0.984431
118	55	0.98283
118	63	0.868182
118	64	1.07422
118	103	0.986957
118	119	1.03507
118	130	0.976081
118	132	1.03229
118	134	1.0059
118	135	0.918589
118	137	1.04238
118	140	1.02085
118	142	1.0262
118	146	0.994614
118	151	1.03436
118	155	0.97754
118	158	1.01076
118	159	1.0036
118	161	1.00301
118	168	1.02305
118	169	1.00981
118	170	1.02041
118	172	1.02906
118	174	1.00858
118	175	1.00171
118	179	1.00464
118	180	1.00464
119	13	0.968839
119	84	0.833096
119	89	1.05319
119	98	1.00495
119	118	1.03507
119	122	1.00951
119	130	0.979962
119	136	1.00412
119	138	0.970738
119	139	1.02053
119	143	1.03355
119	145	0.951653
119	147	1.05466
119	153	1.01961
119	157	1.02035
119	159	1.00607
119	160	0.945583
119	164	1.01276
119	166	0.997173
119	168	0.979946
119	169	1.01228
119	171	1.00927
119	173	1.00379
119	174	1.01104
119	175	1.00418
119	176	1.01152
119	177	1.02179
119	179	1.00711
119	180	1.00711
120	36	0.969269
120	63	0.901946
120	66	1.06932
120	75	0.920156
120	87	1.06357
120	88	0.993934
120	95	1.01613
120	98	1.03484
120	99	0.937955
120	108	1.01538
120	128	1.01268
120	136	0.994249
120	139	1.01066
120	142	1.01879
120	148	0.994694
120	153	1.00973
120	156	0.98476
120	157	1.01048
120	158	1.04452
120	164	1.00288
120	165	1.01642
120	166	0.987299
120	167	0.858132
120	174	1.00117
120	175	0.994304
120	176	1.00164
120	178	1.13376
120	179	0.997233
120	180	0.997233
121	56	1.07215
121	68	0.936331
121	75	0.952961
121	78	1.05507
121	81	1.01448
121	86	0.877959
121	96	1.00575
121	109	0.983294
121	110	1.09066
121	125	0.983004
121	136	0.983148
121	141	0.996926
121	147	0.976632
121	148	1.00015
121	149	0.993176
121	150	0.994998
121	151	1.01586
121	152	1.00577
121	154	1.01531
121	163	1.01068
121	164	0.991781
121	167	1.08096
121	168	1.00454
121	169	0.991307
121	170	1.00191
121	172	1.01055
121	174	0.990068
121	176	0.990542
121	179	0.986131
121	180	0.986131
122	54	1.07764
122	60	1.08058
122	78	1.01891
122	87	1.04541
122	96	0.98656
122	97	0.982302
122	101	0.910249
122	102	1.1144
122	119	1.00951
122	129	0.962191
122	130	1.00649
122	132	1.00673
122	139	0.992504
122	142	1.00064
122	145	0.97818
122	146	1.04493
122	153	0.99158
122	157	0.992326
122	159	0.97804
122	163	1.00362
122	164	0.984729
122	166	0.969147
122	167	0.854776
122	169	0.984255
122	174	0.983017
122	175	0.976151
122	176	0.98349
122	178	1.11561
122	179	0.97908
122	180	0.97908
123	23	1.03295
123	71	0.977066
123	79	1.01714
123	98	1.03906
123	113	0.999654
123	114	0.992862
123	115	1.03359
123	116	1.02969
123	125	0.985251
123	132	1.01603
123	137	0.940408
123	139	1.0018
123	140	0.98282
123	141	0.999174
123	142	1.00994
123	152	1.00802
123	153	1.00088
123	159	0.987339
123	160	0.979689
123	163	1.01292
123	164	0.994028
123	166	0.978446
123	170	1.02711
123	172	0.994778
123	174	0.992316
123	175	0.98545
123	176	0.992789
123	177	1.00306
123	179	0.988379
123	180	0.988379
124	37	0.930891
124	41	1.23772
124	57	0.972085
124	58	0.80721
124	64	0.946981
124	74	1.00463
124	75	1.00531
124	77	0.939054
124	83	0.985645
124	87	0.872816
124	105	0.961794
124	126	1.00068
124	134	1.03936
124	135	1.04011
124	136	0.999876
124	137	1.02041
124	138	1.00684
124	140	0.998879
124	144	1.02286
124	148	0.996686
124	150	0.991537
124	151	1.0124
124	159	1.03643
124	164	0.983223
124	167	1.0775
124	168	1.00108
124	170	0.998445
124	172	1.00709
124	178	1.1192
124	180	0.99063
125	7	0.940663
125	73	1.01507
125	82	1.04327
125	91	1.03316
125	97	0.97677
125	112	0.979052
125	114	0.978032
125	121	0.983004
125	123	0.985251
125	126	1.10639
125	129	0.95666
125	132	1.0012
125	141	0.984343
125	145	1.03845
125	153	0.986049
125	156	1.04167
125	157	0.986795
125	159	0.972509
125	161	1.08862
125	162	1.08088
125	164	0.979198
125	165	0.992736
125	166	0.963615
125	167	0.915043
125	169	0.978724
125	171	0.975712
125	174	0.977485
125	175	0.97062
125	178	1.11008
125	179	0.973548
125	180	0.973548
126	22	0.788647
126	50	1.00013
126	59	1.06989
126	61	0.997517
126	79	1.00776
126	86	1.05952
126	87	0.928352
126	94	0.964484
126	108	1.01281
126	124	1.00068
126	125	1.10639
126	130	1.01053
126	132	1.04545
126	133	0.971711
126	143	1.00227
126	145	1.01246
126	148	1.0087
126	149	1.00173
126	155	1.0055
126	156	1.00833
126	158	0.994164
126	160	1.00962
126	161	0.993055
126	165	1.01387
126	168	1.01309
126	170	1.01046
126	171	0.996847
126	172	1.0191
126	173	0.991371
126	175	1.07749
126	177	1.00937
126	178	0.832013
126	180	1.04617
127	20	0.985381
127	30	0.889862
127	67	0.972352
127	96	1.01233
127	101	1.03692
127	103	0.975028
127	105	0.971832
127	106	0.959358
127	107	1.01034
127	131	0.996711
127	137	1.03045
127	138	1.01688
127	139	1.02429
127	140	1.00892
127	142	1.02807
127	145	1.01048
127	147	0.983209
127	148	1.00672
127	150	1.00158
127	153	1.01302
127	161	0.99108
127	162	0.998772
127	163	0.9197
127	167	1.08754
127	168	1.01112
127	170	1.00848
127	171	1.05216
127	172	1.01713
127	175	1.07191
127	177	1.00739
127	178	0.826437
127	179	1.05096
127	180	1.04059
128	41	0.937473
128	55	1.048
128	72	0.843574
128	97	0.995341
128	109	0.981897
128	113	1.00339
128	120	1.01268
128	135	0.983761
128	136	0.989135
128	138	1.03203
128	139	1.00554
128	141	1.00291
128	143	1.01856
128	144	1.0323
128	145	1.01294
128	148	1.0261
128	152	1.01176
128	153	1.00462
128	154	1.01391
128	157	1.00537
128	159	0.991079
128	162	1.05537
128	164	0.997769
128	165	1.01131
128	167	0.88954
128	169	0.997295
128	173	0.988805
128	174	0.996056
128	175	0.989191
128	176	0.996529
128	178	1.12865
128	179	0.992119
128	180	0.992119
129	15	1.07937
129	16	0.991481
129	35	1.03337
129	46	1.07165
129	72	0.883936
129	74	1.01319
129	79	1.08469
129	89	1.00587
129	90	0.930793
129	104	1.02194
129	112	0.96529
129	113	0.971063
129	115	1.00499
129	116	1.0011
129	122	0.962191
129	125	0.95666
129	132	0.987438
129	136	0.956804
129	142	0.981348
129	143	0.986229
129	144	0.999972
129	155	1.08307
129	156	1.05653
129	159	0.958747
129	161	1.10348
129	164	0.965437
129	165	0.978975
129	170	1.09466
129	171	0.96195
129	173	0.956474
129	174	0.963724
129	176	0.964197
129	178	1.09632
129	179	0.959787
129	180	0.959787
130	10	1.0559
130	31	0.99033
130	49	1.0188
130	52	1.00019
130	69	1.03148
130	78	0.997514
130	79	1.00559
130	81	1.01093
130	82	0.997873
130	84	1.04941
130	91	1.03248
130	93	0.969032
130	104	1.03781
130	110	1.00024
130	113	1.06673
130	117	1.00821
130	118	0.976081
130	119	0.979962
130	122	1.00649
130	126	1.01053
130	133	0.969545
130	152	0.960061
130	153	0.978964
130	154	1.00033
130	155	1.00333
130	156	1.00617
130	158	0.991998
130	159	1.05233
130	160	1.00745
130	162	0.998581
130	163	1.01706
130	165	0.965594
130	173	0.989204
130	177	1.01729
130	178	0.792378
130	179	1.0169
131	21	1.07907
131	51	1.03168
131	53	0.982662
131	66	0.951529
131	76	1.00966
131	95	0.998321
131	99	0.980065
131	100	1.03551
131	105	0.959801
131	106	0.947326
131	111	0.993169
131	115	0.99347
131	116	0.991666
131	127	0.996711
131	137	1.01842
131	138	1.00485
131	140	0.996886
131	143	1.00471
131	145	0.998451
131	146	0.970653
131	147	0.971178
131	148	0.994692
131	149	0.987722
131	150	0.989544
131	151	1.0104
131	161	0.979049
131	165	0.999866
131	166	1.05997
131	168	0.999086
131	170	0.996452
131	171	1.06017
131	172	1.0051
131	173	1.07792
131	177	0.995362
131	178	0.834452
131	179	1.05898
131	180	1.04861
132	27	1.00399
132	32	0.963697
132	48	1.02177
132	69	0.94776
132	87	1.07066
132	99	0.933923
132	113	1.0156
132	118	1.03229
132	122	1.00673
132	123	1.01603
