1	13	1.44623
1	37	1.18682
1	82	1.35521
1	84	1.45407
1	90	1.03137
1	97	0.678266
1	157	1.34308
1	159	1.44609
1	172	0.282686
1	173	0.294551
1	176	1.36582
1	180	0.469259
2	42	1.3403
2	56	0.575818
2	91	0.53588
2	147	0.538755
2	160	1.18488
2	161	1.2356
2	171	1.20775
2	172	1.18986
2	173	1.17904
2	177	1.12607
2	178	1.13029
2	179	0.543643
3	68	1.42287
3	86	1.39191
3	106	1.3816
3	113	1.38458
3	115	1.33057
3	124	0.496186
3	130	1.32576
3	162	0.539603
3	170	0.562981
3	173	0.500402
3	177	0.55843
3	179	1.37133
4	16	1.41254
4	21	1.23582
4	64	0.42414
4	85	1.43962
4	89	1.40085
4	110	1.40223
4	148	1.31386
4	159	0.479116
4	174	0.564776
4	175	1.39859
4	176	0.567017
4	177	0.621005
5	18	0.339261
5	40	1.37866
5	49	1.37468
5	66	1.41864
5	73	1.33521
5	74	1.3573
5	88	0.420203
5	102	1.38639
5	109	1.35676
5	171	0.416053
5	173	1.06566
5	174	0.422969
6	7	0.555722
6	63	1.39376
6	77	0.376383
6	107	0.394546
6	117	1.39889
6	133	0.41128
6	150	1.44594
6	154	1.44618
6	158	0.408887
6	164	1.38408
6	178	1.3139
6	180	1.21718
7	6	0.555722
7	59	1.21073
7	62	1.12717
7	93	1.19889
7	105	0.691762
7	131	1.24429
7	148	1.12524
7	159	0.625465
7	163	1.25416
7	164	0.679248
7	167	1.22385
7	179	1.21662
8	16	1.40832
8	32	1.32022
8	44	0.74329
8	69	1.30467
8	89	1.39663
8	96	1.3817
8	110	1.39801
8	141	0.477429
8	150	0.443291
8	161	0.450007
8	170	0.561545
8	175	1.39437
9	14	2.02867
9	82	0.860085
9	91	0.947782
9	122	0.699636
9	128	0.845946
9	140	0.915031
9	151	0.864141
9	157	0.847962
9	160	0.879317
9	167	0.937115
9	173	0.873479
9	179	0.929887
10	36	1.26461
10	47	0.52184
10	74	0.547358
10	92	0.553804
10	119	1.28083
10	134	1.20663
10	143	0.568163
10	162	1.1696
10	172	1.222
10	174	1.23146
10	177	1.15821
10	180	1.06571
11	71	0.536714
11	98	0.602619
11	115	1.33624
11	128	0.533452
11	131	1.40467
11	136	1.39868
11	159	0.451828
11	167	1.38422
11	168	1.35721
11	169	1.34014
11	171	0.530571
11	179	1.377
12	40	0.501391
12	72	1.34669
12	163	0.568316
12	164	1.23994
12	170	1.14264
12	173	1.21851
12	174	1.23879
12	175	0.559235
12	177	1.16554
12	178	1.16976
12	179	0.566611
12	180	1.07304
13	1	1.44623
13	17	1.42295
13	37	1.15812
13	78	1.49845
13	84	1.42537
13	95	0.412592
13	122	0.813007
13	149	0.442866
13	154	0.448135
13	157	1.31438
13	176	1.33712
13	177	0.556712
14	9	2.02867
14	32	1.4149
14	69	1.39934
14	70	1.00931
14	85	1.53007
14	90	0.182383
14	96	1.47638
14	110	1.49268
14	162	0.192914
14	175	1.48905
14	176	0.200075
15	61	1.32084
15	73	1.21505
15	91	1.23857
15	102	1.26622
15	114	0.862685
15	120	1.23938
15	147	1.23491
15	155	1.22978
15	162	0.673429
15	165	0.626501
15	173	0.634228
15	178	0.671749
16	4	1.41254
16	8	1.40832
16	22	0.497634
16	36	0.213165
16	57	1.37839
16	60	0.625321
16	69	1.28604
16	90	0.935138
16	96	1.36307
16	110	1.37938
16	122	0.512641
16	175	1.37574
17	13	1.42295
17	37	1.16355
17	44	0.670078
17	76	0.370283
17	78	1.50388
17	84	1.4308
17	122	0.740079
17	157	1.31981
17	159	1.42281
17	173	0.425756
17	176	1.34255
17	177	0.483784
18	5	0.339261
18	106	0.433862
18	109	0.461276
18	133	0.482974
18	140	0.473274
18	150	1.47898
18	152	1.39954
18	162	1.35411
18	171	1.4244
18	177	1.34272
18	178	1.34695
18	180	1.25023
19	20	1.39874
19	23	0.606517
19	68	1.44792
19	77	1.48301
19	100	0.473785
19	107	1.37848
19	122	1.16613
19	144	1.3365
19	164	0.490708
19	172	0.50892
19	177	0.578814
19	179	1.39638
20	19	1.39874
20	106	1.38772
20	113	1.39069
20	115	1.33669
20	145	0.512155
20	149	0.485046
20	159	0.457003
20	166	1.37037
20	169	1.34059
20	170	0.603443
20	177	0.598892
20	179	1.37744
21	4	1.23582
21	57	1.20167
21	60	0.985955
21	85	1.24005
21	89	1.20128
21	96	1.18635
21	110	1.20266
21	112	1.14189
21	134	0.553523
21	172	0.547086
21	175	1.19902
21	176	0.562992
22	16	0.497634
22	56	0.381159
22	65	0.356375
22	90	1.32206
22	124	1.49687
22	126	1.42723
22	128	1.5028
22	144	0.395153
22	153	1.57534
22	155	0.360517
22	173	1.53033
22	174	1.5506
22	179	0.348985
23	19	0.606517
23	90	0.99163
23	128	1.17237
23	134	1.19534
23	136	0.611048
23	154	1.28343
23	156	0.617211
23	169	0.610446
23	170	1.12403
23	172	1.21072
23	174	1.22017
23	177	1.14693
23	180	1.05443
24	25	0.522968
24	128	0.597094
24	130	1.28259
24	132	0.542479
24	137	1.32225
24	148	1.23678
24	156	1.33327
24	158	1.27821
24	166	1.32108
24	169	1.2913
24	171	0.594213
24	176	0.603372
24	179	1.32816
25	24	0.522968
25	49	0.467519
25	127	1.28031
25	154	1.39155
25	156	0.455116
25	158	0.486126
25	161	1.36458
25	165	1.31095
25	168	0.460293
25	172	1.31884
25	173	1.30802
25	178	1.25927
25	180	1.16255
26	28	0.608773
26	54	1.28852
26	70	0.843284
26	127	1.18331
26	143	0.611672
26	146	1.22303
26	159	1.28851
26	165	1.21395
26	170	1.13515
26	175	0.584378
26	178	1.16227
26	179	0.591755
26	180	1.06555
27	93	0.449388
27	104	0.355113
27	117	1.5204
27	118	0.366483
27	136	0.373709
27	139	1.54574
27	151	1.47483
27	170	1.40829
27	171	1.51287
27	174	1.50444
27	175	0.372237
27	178	1.43541
27	179	0.379614
28	26	0.608773
28	106	1.30388
28	112	0.590836
28	118	1.38705
28	124	0.544024
28	135	1.2776
28	145	0.519531
28	158	1.24366
28	163	1.33115
28	166	1.28654
28	168	1.27382
28	171	0.543123
28	179	1.29361
29	52	1.28829
29	107	1.27121
29	118	1.38256
29	130	1.24355
29	131	1.31679
29	132	0.544503
29	136	1.3108
29	159	0.517494
29	167	1.29635
29	172	0.589489
29	174	0.603154
29	176	0.605395
29	179	1.28912
30	104	1.34321
30	121	0.541877
30	130	1.26745
30	131	1.34068
30	135	1.297
30	140	1.29816
30	158	1.26306
30	165	0.564439
30	169	1.27616
30	171	0.567048
30	176	0.576206
30	178	0.609686
30	179	1.31301
31	35	0.459669
31	78	0.383377
31	88	1.26887
31	94	1.36882
31	99	0.495681
31	123	0.524631
31	164	1.33232
31	166	0.478022
31	170	1.23502
31	171	1.33959
31	174	1.33116
31	177	1.25791
31	178	1.26214
32	8	1.32022
32	14	1.4149
32	54	0.521418
32	57	1.29029
32	69	1.19794
32	85	1.32867
32	89	1.2899
32	96	1.27497
32	134	0.602698
32	139	0.538685
32	150	0.552451
32	157	0.649574
32	175	1.28764
33	40	1.33727
33	53	0.511139
33	56	1.24418
33	65	1.35541
33	116	1.3207
33	120	1.31815
33	124	0.584891
33	133	1.27552
33	143	1.23574
33	147	1.31369
33	148	0.602564
33	172	0.577241
33	174	0.590906
34	46	0.560272
34	61	1.42081
34	69	1.2243
34	75	0.525468
34	115	1.27989
34	131	1.34832
34	139	0.5253
34	148	1.22927
34	174	0.59654
34	175	1.314
34	176	1.26146
34	177	0.652769
34	179	1.32065
35	31	0.459669
35	66	1.54844
35	73	1.46502
35	102	1.51619
35	105	0.474352
35	116	1.49189
35	154	0.441366
35	155	1.47975
35	157	0.533362
35	159	1.49172
35	164	0.461837
35	173	0.491915
35	176	1.41146
36	10	1.26461
36	16	0.213165
36	47	0.519662
36	50	1.47642
36	126	1.21259
36	137	0.559463
36	156	0.546327
36	161	1.37225
36	168	0.551504
36	172	1.32651
36	173	1.31569
36	177	1.26272
36	180	1.17022
37	1	1.18682
37	13	1.15812
37	17	1.16355
37	78	1.23904
37	84	1.16596
37	90	1.19243
37	97	0.839329
37	129	1.18138
37	134	1.07593
37	148	0.469071
37	154	0.405064
37	159	1.15797
37	176	1.07771
38	39	0.510298
38	58	1.28452
38	98	0.639937
38	102	1.33585
38	108	1.296
38	109	1.30623
38	116	1.31155
38	142	1.2912
38	154	0.522457
38	155	1.29941
38	174	0.574806
38	175	1.28366
38	178	0.610528
39	38	0.510298
39	80	1.48431
39	86	0.460214
39	88	1.26399
39	125	0.516216
39	148	1.27104
39	164	1.32744
39	165	1.30894
39	166	0.447559
39	174	1.32628
39	175	0.461136
39	177	1.25304
39	180	1.16054
40	5	1.37866
40	12	0.501391
40	33	1.33727
40	63	0.468258
40	92	1.42427
40	116	1.43414
40	133	1.38897
40	138	1.40203
40	142	1.41379
40	155	1.422
40	160	0.458122
40	173	0.466002
40	177	0.524029
40	180	0.640709
41	52	1.45154
41	64	0.405432
41	71	0.545294
41	87	1.40306
41	122	1.22212
41	129	0.493175
41	144	1.3925
41	158	1.40242
41	164	0.514191
41	167	1.4596
41	169	1.41552
41	176	0.548309
41	177	0.602297
41	179	1.45238
42	2	1.3403
42	49	0.39257
42	54	1.50103
42	62	0.479976
42	82	0.475686
42	95	1.4567
42	120	0.389855
42	128	1.39599
42	168	0.385345
42	172	1.43434
42	173	1.42352
42	175	0.372532
42	177	1.37055
42	180	1.27805
43	103	1.45042
43	129	0.470633
43	134	1.35664
43	146	0.519104
43	148	1.32622
43	165	0.514
43	166	1.41053
43	167	1.42483
43	168	1.39781
43	174	0.523526
43	175	1.41096
43	176	0.525767
43	178	0.559248
43	179	1.4176
44	8	0.74329
44	17	0.670078
44	83	1.11584
44	84	0.534
44	89	0.725239
44	92	1.17084
44	109	1.17539
44	130	1.11391
44	133	1.13554
44	158	1.10952
44	168	1.13968
44	171	1.13177
44	177	1.05009
44	178	1.05431
45	91	0.505091
45	100	1.27816
45	106	0.497404
45	113	0.524958
45	151	1.23974
45	160	1.25492
45	165	1.25201
45	172	1.2599
45	173	1.24908
45	174	1.26935
45	175	0.505478
45	177	1.19611
45	178	1.20033
45	179	0.512854
46	34	0.560272
46	52	0.50349
46	53	1.32753
46	75	1.29295
46	135	0.517847
46	140	0.520713
46	148	1.20502
46	149	1.3411
46	160	1.24583
46	169	0.490245
46	174	1.26027
46	176	1.23721
46	178	1.19124
46	180	1.09452
47	10	0.52184
47	36	0.519662
47	93	1.38167
47	123	1.42899
47	140	1.38454
47	145	0.476106
47	152	0.524553
47	161	0.455855
47	163	1.43693
47	166	1.39232
47	168	1.37961
47	175	1.39275
47	176	0.508855
47	179	1.3994
48	54	1.32782
48	69	0.428213
48	108	0.504194
48	130	0.563632
48	150	1.33361
48	156	0.524242
48	164	1.27175
48	167	0.51212
48	170	1.17445
48	172	1.26114
48	173	1.25032
48	174	1.27059
48	178	1.20157
48	180	1.10485
49	5	1.37468
49	25	0.467519
49	42	0.39257
49	56	1.35364
49	79	1.49668
49	81	1.35364
49	109	1.42484
49	133	1.38498
49	138	1.39805
49	155	1.41802
49	157	0.585329
49	161	0.494922
49	171	0.538765
49	172	0.532017
50	36	1.47642
50	57	0.350179
50	135	0.447391
50	155	0.437828
50	161	1.47956
50	162	1.38141
50	165	1.42592
50	166	0.405343
50	167	0.414433
50	170	1.34713
50	172	1.43381
50	175	0.41892
50	178	1.37425
50	180	1.27753
51	78	0.35328
51	88	1.3159
51	110	0.466273
51	153	1.40293
51	157	1.3324
51	161	1.41448
51	163	0.470583
51	169	0.462371
51	170	1.28205
51	172	1.36874
51	173	1.35792
51	175	0.461502
51	178	1.30917
51	179	0.468878
51	180	1.21245
52	29	1.28829
52	41	1.45154
52	46	0.50349
52	112	0.580555
52	114	1.01626
52	117	0.501107
52	137	1.36834
52	152	0.557698
52	163	1.41178
52	166	1.36718
52	167	1.38148
52	169	1.3374
52	174	0.539759
52	178	0.575481
52	179	1.37425
53	33	0.511139
53	46	1.32753
53	76	1.38076
53	94	1.40774
53	103	0.411498
53	116	0.453741
53	142	0.449927
53	163	0.454958
53	168	0.458689
53	170	1.27393
53	171	1.3785
53	172	1.36062
53	174	1.37007
53	177	1.29683
53	180	1.20433
54	26	1.28852
54	32	0.521418
54	42	1.50103
54	48	1.32782
54	61	0.408744
54	81	0.476544
54	118	0.431382
54	120	0.454459
54	127	1.31206
54	145	1.36575
54	146	1.35178
54	168	0.449948
54	171	1.36848
54	178	1.29102
54	180	1.1943
55	104	1.37296
55	131	1.37044
55	132	0.487773
55	137	1.33687
55	152	0.564363
55	156	1.34788
55	157	1.26085
55	158	1.29282
55	167	1.35
55	168	1.32298
55	170	0.607204
55	171	0.539507
55	172	0.532759
55	178	0.582146
55	179	1.34277
56	2	0.575818
56	22	0.381159
56	33	1.24418
56	49	1.35364
56	61	1.41997
56	66	1.3976
56	133	1.29587
56	134	0.557967
56	138	1.30894
56	142	1.32069
56	147	1.33404
56	153	0.513665
56	155	1.32891
56	173	0.563396
56	177	0.621424
57	16	1.37839
57	21	1.20167
57	32	1.29029
57	50	0.350179
57	85	1.40547
57	89	1.3667
57	96	1.35177
57	97	0.838819
57	110	1.36808
57	122	0.769427
57	127	0.450359
57	129	0.404011
57	148	1.27971
57	157	0.496551
57	175	1.36444
58	38	1.28452
58	91	1.38719
58	109	1.38522
58	120	1.388
58	122	1.13905
58	124	0.522444
58	133	1.34537
58	147	1.38353
58	148	0.540117
58	149	0.470841
58	155	1.3784
58	157	0.568106
58	172	0.514794
58	176	1.31011
58	180	0.701367
59	7	1.21073
59	101	0.461834
59	130	1.32362
59	132	0.517365
59	135	1.35318
59	137	1.36328
59	156	1.3743
59	158	1.31924
59	165	0.566491
59	168	1.3494
59	169	1.33234
59	170	0.636796
59	171	0.5691
59	172	0.562352
59	179	1.36919
60	16	0.625321
60	21	0.985955
60	61	1.20955
60	78	0.842627
60	85	0.348854
60	109	1.12531
60	112	1.04561
60	114	0.751393
60	118	1.20283
60	150	1.13627
60	155	1.11849
60	163	1.14692
60	171	1.08168
60	174	1.07325
60	179	1.10939
61	15	1.32084
61	34	1.42081
61	54	0.408744
61	56	1.41997
61	60	1.20955
61	63	0.497709
61	117	0.4586
61	120	1.49395
61	128	0.493215
61	129	1.51973
61	133	1.45131
61	142	1.47613
61	147	1.48948
61	154	0.444903
61	157	0.536899
61	180	0.67016
62	7	1.12717
62	42	0.479976
62	77	1.37226
62	86	1.30621
62	131	1.3133
62	139	0.561847
62	140	1.27078
62	144	1.22575
62	151	0.663379
62	153	0.581558
62	156	1.29074
62	159	0.547428
62	163	1.32317
62	165	0.623562
62	167	1.29286
62	175	1.27899
63	6	1.39376
63	40	0.468258
63	61	0.497709
63	78	0.41788
63	99	0.530184
63	113	0.545582
63	117	1.32961
63	121	1.30791
63	160	1.29921
63	170	1.2175
63	172	1.30419
63	174	1.31365
63	177	1.2404
63	178	1.24462
63	179	0.533478
63	180	1.1479
64	4	0.42414
64	41	0.405432
64	66	0.406542
64	82	0.488161
64	94	1.4832
64	95	1.45845
64	121	1.43981
64	133	0.426046
64	145	1.45124
64	163	0.394089
64	165	1.4282
64	168	0.39782
64	171	1.45397
64	172	1.43609
64	177	1.3723
64	180	1.2798
65	22	0.356375
65	33	1.35541
65	73	1.42541
65	92	1.44241
65	108	1.43672
65	117	0.501758
65	129	1.47552
65	132	0.481759
65	142	1.43192
65	151	0.570702
65	155	1.44014
65	160	0.530732
65	165	0.530885
65	173	0.538611
65	175	1.42439
65	176	1.37185
66	5	1.41864
66	35	1.54844
66	56	1.3976
66	64	0.406542
66	75	0.476106
66	80	0.40928
66	97	1.22031
66	108	1.45857
66	119	0.470514
66	120	1.47158
66	138	1.44201
66	142	1.45377
66	151	0.57747
66	157	0.586826
66	176	1.39369
66	178	0.5829
67	95	0.523942
67	103	1.30734
67	113	1.28777
67	118	1.36796
67	125	1.23414
67	140	1.25966
67	141	0.588495
67	152	0.629772
67	154	0.559484
67	156	1.27963
67	161	0.561074
67	162	0.649235
67	166	1.26744
67	167	1.28174
67	169	1.23766
67	179	1.27452
68	3	1.42287
68	19	1.44792
68	99	1.45841
68	100	0.484539
68	125	1.38624
68	144	1.36674
68	145	0.50283
68	159	0.447678
68	163	1.46416
68	164	0.501461
68	166	1.41955
68	168	1.40683
68	172	0.519673
68	176	0.53558
68	178	0.56906
68	179	1.42662
69	8	1.30467
69	14	1.39934
69	16	1.28604
69	32	1.19794
69	34	1.2243
69	48	0.428213
69	85	1.31312
69	89	1.27434
69	96	1.25942
69	110	1.27573
69	114	1.32281
69	134	0.430022
69	152	0.455189
69	165	0.427724
69	171	0.430333
69	175	1.27209
70	14	1.00931
70	26	0.843284
70	85	2.04888
70	90	0.686261
70	92	0.962309
70	112	0.887165
70	116	0.972182
70	118	1.04438
70	150	0.97782
70	152	0.898376
70	156	0.956049
70	163	0.988474
70	165	0.897459
70	176	0.891751
70	177	0.841559
70	179	0.95094
71	11	0.536714
71	41	0.545294
71	108	0.512457
71	124	1.21208
71	140	0.556208
71	141	1.26889
71	149	1.34665
71	160	1.25138
71	164	1.26697
71	166	0.511293
71	171	1.27425
71	173	1.24554
71	176	1.24276
71	177	1.19257
71	178	1.19679
71	179	0.532247
71	180	1.10007
72	12	1.34669
72	74	0.427988
72	99	0.425582
72	124	1.35699
72	127	1.36274
72	133	0.462538
72	137	0.442271
72	146	1.40246
72	152	1.39429
72	163	0.430581
72	172	1.40127
72	174	1.41072
72	175	0.4215
72	177	1.33747
72	178	1.3417
72	179	0.428876
72	180	1.24498
73	5	1.33521
73	15	1.21505
73	35	1.46502
73	65	1.42541
73	74	1.38591
73	121	0.503355
73	138	1.35859
73	142	1.37034
73	143	1.30574
73	155	1.37855
73	164	0.503564
73	170	0.596221
73	172	0.521777
73	173	0.533643
73	174	0.535442
73	175	1.36281
73	178	0.571163
74	5	1.3573
74	10	0.547358
74	72	0.427988
74	73	1.38591
74	102	1.43708
74	116	1.41278
74	122	1.16129
74	138	1.38068
74	141	0.508795
74	143	1.32782
74	147	1.40578
74	148	0.54379
74	155	1.40064
74	172	0.518468
74	174	0.532132
74	176	1.33235
74	177	0.588361
75	34	0.525468
75	46	1.29295
75	66	0.476106
75	88	1.27321
75	104	0.437447
75	116	0.462435
75	123	0.487603
75	138	0.472991
75	141	1.33857
75	143	0.481865
75	145	1.3412
75	157	1.28971
75	162	1.27364
75	165	1.31815
75	171	1.34393
75	172	1.32604
75	174	1.3355
75	178	1.26647
76	17	0.370283
76	53	1.38076
76	80	1.47153
76	98	1.23261
76	121	1.30777
76	125	0.523453
76	130	0.515397
76	136	0.469844
76	142	0.472423
76	149	1.39433
76	152	1.29707
76	167	0.463885
76	171	1.32193
76	173	1.29323
76	174	1.3135
76	177	1.24025
76	179	0.475749
76	180	1.14775
77	6	0.376383
77	19	1.48301
77	62	1.37226
77	100	0.482986
77	103	1.49453
77	107	1.4438
77	127	0.525241
77	130	1.41614
77	144	1.40183
77	154	0.479437
77	158	1.41176
77	161	0.481027
77	167	1.46894
77	168	1.44192
77	171	0.524869
77	173	0.529987
77	178	0.567508
77	179	1.46171
78	13	1.49845
78	17	1.50388
78	31	0.383377
78	37	1.23904
78	51	0.35328
78	60	0.842627
78	63	0.41788
78	82	1.40743
78	84	1.5063
78	117	0.37877
78	129	1.52171
78	134	1.41627
78	141	0.394085
78	151	0.447713
78	157	1.3953
78	159	1.49831
78	176	1.41804
78	180	0.590331
79	49	1.49668
79	92	1.47421
79	94	0.430594
79	109	1.47876
79	122	1.23259
79	132	0.456464
79	133	1.43891
79	139	0.443874
79	142	1.46373
79	146	0.510694
79	152	0.533054
79	155	1.47194
79	159	1.48392
79	170	0.575895
79	173	0.513316
79	175	1.4562
79	176	1.40365
79	178	0.550837
80	39	1.48431
80	66	0.40928
80	76	1.47153
80	86	0.386824
80	120	0.405069
80	123	0.420777
80	125	0.442826
80	153	1.48558
80	156	0.395381
80	159	1.51806
80	171	1.46927
80	172	1.45139
80	173	1.44057
80	175	0.387746
80	177	1.3876
80	178	1.39182
80	179	0.395122
80	180	1.2951
81	49	1.35364
81	54	0.476544
81	91	1.3377
81	97	1.08724
81	102	1.36535
81	108	1.3255
81	128	0.561015
81	129	1.36429
81	143	1.25609
81	147	1.33404
81	148	0.57671
81	155	1.32891
81	157	0.604699
81	159	1.34088
81	164	0.533174
81	173	0.563253
81	175	1.31316
81	178	0.600773
82	1	1.35521
82	9	0.860085
82	42	0.475686
82	64	0.488161
82	78	1.40743
82	84	1.33435
82	88	0.626031
82	123	1.33488
82	133	1.28135
82	138	1.29441
82	141	0.60546
82	143	1.24156
82	149	0.57118
82	158	1.25533
82	168	1.28549
82	174	0.628798
82	176	1.24609
82	178	0.664519
82	179	1.30528
83	44	1.11584
83	93	0.534497
83	94	1.33297
83	107	0.481651
83	113	0.476827
83	132	1.36391
83	133	0.498385
83	135	0.485818
83	138	0.475766
83	140	0.488684
83	150	1.35833
83	154	1.35857
83	160	1.28088
83	162	1.23345
83	164	1.29647
83	170	1.19917
83	171	1.30374
83	178	1.22629
83	180	1.12957
84	1	1.45407
84	13	1.42537
84	17	1.4308
84	37	1.16596
84	44	0.534
84	78	1.5063
84	82	1.33435
84	97	0.673391
84	98	0.356607
84	112	0.332272
84	114	1.17704
84	122	0.604
84	129	1.44863
84	132	0.232824
84	134	1.34319
84	157	1.32222
84	159	1.42523
84	176	1.34496
84	178	0.327198
85	4	1.43962
85	14	1.53007
85	21	1.24005
85	32	1.32867
85	57	1.40547
85	60	0.348854
85	69	1.31312
85	70	2.04888
85	89	1.40507
85	90	0.658671
85	96	1.39015
85	97	0.305565
85	110	1.40646
85	112	1.34569
85	114	0.80921
85	129	0.0946015
85	157	0.130164
85	174	0.0905158
85	175	1.40282
86	3	1.39191
86	39	0.460214
86	62	1.30621
86	80	0.386824
86	107	1.37776
86	124	0.518707
86	134	1.3347
86	136	1.41735
86	153	0.473192
86	154	0.472373
86	156	1.40077
86	163	1.4332
86	167	1.40289
86	168	1.37587
86	169	1.35881
86	174	0.524722
86	177	0.580951
86	179	1.39566
86	180	0.69763
87	41	1.40306
87	99	1.35756
87	101	0.399066
87	118	1.41921
87	126	0.580133
87	130	1.2802
87	137	1.31986
87	140	1.31091
87	156	1.33088
87	162	0.55065
87	165	0.503722
87	166	1.3187
87	167	1.333
87	168	1.30598
87	169	1.28892
87	170	0.574028
87	177	0.569477
87	178	0.54897
87	179	1.32577
87	180	0.686157
88	5	0.420203
88	31	1.26887
88	39	1.26399
88	51	1.3159
88	75	1.27321
88	82	0.626031
88	116	0.530742
88	118	0.517123
88	120	0.5402
88	124	1.18679
88	132	1.30912
88	144	0.576422
88	161	1.27681
88	163	0.531959
88	165	1.22318
88	170	1.14438
88	171	1.24896
88	174	1.24053
88	178	1.1715
88	180	1.07478
89	4	1.40085
89	8	1.39663
89	21	1.20128
89	32	1.2899
89	44	0.725239
89	57	1.3667
89	69	1.27434
89	85	1.40507
89	96	1.35138
89	97	0.86463
89	110	1.36768
89	112	1.30692
89	121	0.450628
89	129	0.429822
89	134	0.475487
89	148	1.27931
89	153	0.431185
89	175	1.36405
89	176	0.484956
89	177	0.538944
90	1	1.03137
90	14	0.182383
90	16	0.935138
90	22	1.32206
90	23	0.99163
90	37	1.19243
90	70	0.686261
90	85	0.658671
90	106	1.12068
90	116	1.13165
90	143	1.04669
90	146	1.06601
90	159	1.13148
90	163	1.14794
90	169	1.07355
90	171	1.0827
90	174	1.07427
90	175	1.10376
90	179	1.11041
90	180	0.908527
91	2	0.53588
91	9	0.947782
91	15	1.23857
91	45	0.505091
91	58	1.38719
91	81	1.3377
91	109	1.4089
91	116	1.41422
91	120	1.41168
91	128	0.521221
91	138	1.38211
91	143	1.32926
91	146	0.520836
91	147	1.40721
91	149	0.46764
91	155	1.40208
91	162	0.56266
91	164	0.49338
91	176	1.33379
91	180	0.698166
92	10	0.553804
92	40	1.42427
92	44	1.17084
92	65	1.44241
92	70	0.962309
92	79	1.47421
92	97	1.15389
92	102	1.432
92	109	1.40237
92	116	1.4077
92	117	0.499926
92	126	0.605463
92	133	1.36252
92	138	1.37559
92	141	0.515241
92	155	1.39555
92	171	0.531662
92	172	0.524914
92	174	0.538579
92	177	0.594807
93	7	1.19889
93	27	0.449388
93	47	1.38167
93	83	0.534497
93	95	0.514904
93	104	1.38755
93	111	0.533968
93	119	0.52613
93	129	0.549902
93	135	1.34134
93	144	1.29748
93	150	0.54532
93	158	1.30741
93	166	1.35028
93	167	1.36458
93	168	1.33757
93	169	1.3205
93	175	1.35071
93	177	0.659024
93	179	1.35736
94	31	1.36882
94	53	1.40774
94	64	1.4832
94	79	0.430594
94	83	1.33297
94	98	1.25958
94	113	0.460604
94	123	0.474155
94	135	0.469595
94	139	1.38177
94	142	0.445173
94	152	1.32405
94	154	1.40373
94	155	0.460032
94	160	1.32604
94	163	0.450205
94	177	1.26723
94	178	1.27145
94	179	0.4485
94	180	1.17473
95	13	0.412592
95	42	1.4567
95	64	1.45845
95	67	0.523942
95	93	0.514904
95	105	1.29007
95	123	0.470785
95	125	0.492834
95	129	1.39634
95	139	1.35702
95	146	1.30746
95	155	0.456661
95	159	1.37293
95	162	1.25387
95	167	0.433266
95	171	1.32415
95	173	1.29545
95	175	0.437753
95	177	1.24248
95	178	1.2467
96	8	1.3817
96	14	1.47638
96	16	1.36307
96	21	1.18635
96	32	1.27497
96	57	1.35177
96	69	1.25942
96	85	1.39015
96	89	1.35138
96	110	1.35276
96	114	1.29094
96	122	0.717908
96	139	0.334143
96	141	0.382046
96	148	1.26439
96	152	0.423323
96	157	0.445031
96	175	1.34912
96	176	0.407625
96	177	0.461613
97	1	0.678266
97	37	0.839329
97	57	0.838819
97	66	1.22031
97	81	1.08724
97	84	0.673391
97	85	0.305565
97	89	0.86463
97	92	1.15389
97	116	1.16376
97	130	1.09695
97	132	1.17498
97	137	1.13661
97	144	1.08264
97	149	1.18721
97	163	1.18005
97	165	1.08904
97	174	1.10638
97	177	1.03314
97	179	1.14252
97	180	0.940638
98	11	0.602619
98	38	0.639937
98	76	1.23261
98	84	0.356607
98	94	1.25958
98	120	0.608099
98	127	1.17394
98	131	0.591031
98	150	1.28494
98	152	1.20549
98	160	1.20749
98	161	1.25821
98	162	1.16006
98	163	0.599857
98	164	1.22308
98	171	1.23035
98	173	1.20165
98	177	1.14868
98	178	1.1529
98	179	0.598152
98	180	1.05618
99	31	0.495681
99	63	0.530184
99	68	1.45841
99	72	0.425582
99	87	1.35756
99	113	1.42012
99	119	0.453062
99	125	1.36649
99	129	0.476834
99	146	0.525305
99	156	1.41198
99	158	1.35692
99	160	0.520047
99	162	0.567128
99	163	1.4444
99	166	1.39979
99	167	1.4141
99	168	1.38708
99	169	1.37002
99	172	0.516062
99	179	1.40687
100	19	0.473785
100	45	1.27816
100	68	0.484539
100	77	0.482986
100	119	1.36099
100	128	1.26381
100	130	0.523869
100	133	0.517883
100	136	0.478317
100	141	1.31469
100	151	1.28201
100	154	1.37487
100	155	0.495753
100	161	1.34791
100	164	1.31277
100	170	1.21547
100	172	1.30216
100	173	1.29135
100	174	1.31162
100	179	0.484221
100	180	1.14587
101	59	0.461834
101	87	0.399066
101	110	0.416233
101	121	1.4228
101	127	1.38055
101	140	0.442799
101	143	0.438755
101	145	1.43423
101	146	1.42027
101	154	1.49179
101	156	0.419096
101	164	1.42969
101	168	0.424274
101	169	0.412331
101	173	1.40826
101	174	1.42853
101	176	1.40548
101	177	1.35529
101	178	1.35951
101	179	0.418838
101	180	1.26279
102	5	1.38639
102	15	1.26622
102	35	1.51619
102	38	1.33585
102	74	1.43708
102	81	1.36535
102	92	1.432
102	105	0.501195
102	119	0.443893
102	120	1.43933
102	138	1.40976
102	142	1.42151
102	143	1.35691
102	147	1.43486
102	148	0.532216
102	153	0.469028
102	161	0.469798
102	164	0.48868
102	171	0.513641
102	178	0.556279
102	180	0.693466
103	43	1.45042
103	53	0.411498
103	67	1.30734
103	77	1.49453
103	140	1.39305
103	144	1.34803
103	151	0.521556
103	154	0.438916
103	156	1.41302
103	162	0.528667
103	166	1.40083
103	167	1.41514
103	168	1.38812
103	169	1.37105
103	171	0.484348
103	174	0.491265
103	175	1.40126
103	177	0.547494
103	178	0.526987
103	179	1.40791
103	180	0.664173
104	27	0.355113
104	30	1.34321
104	55	1.37296
104	75	0.437447
104	93	1.38755
104	105	0.489158
104	118	1.49872
104	126	0.575405
104	136	1.42696
104	137	1.39937
104	140	1.39042
104	144	1.3454
104	159	0.42286
104	162	0.545922
104	163	1.44281
104	166	1.3982
104	168	1.38549
104	173	0.506721
104	178	0.544242
104	179	1.40528
104	180	0.681429
105	7	0.691762
105	35	0.474352
105	95	1.29007
105	102	0.501195
105	104	0.489158
105	119	1.32653
105	132	1.34576
105	136	0.507753
105	153	1.3019
105	156	0.513916
105	162	1.21531
105	164	1.27832
105	167	0.501794
105	170	1.18102
105	171	1.28559
105	172	1.26771
105	173	1.25689
105	174	1.27716
105	176	1.25411
105	177	1.20392
105	179	0.513658
105	180	1.11142
106	3	1.3816
106	18	0.433862
106	20	1.38772
106	28	1.30388
106	45	0.497404
106	90	1.12068
106	113	1.39861
106	121	0.485483
106	130	1.33979
106	131	1.41303
106	137	1.37945
106	158	1.33541
106	163	1.42289
106	169	1.3485
106	171	0.510653
106	172	0.503906
106	174	0.51757
106	175	1.37871
106	177	0.573799
106	178	0.553292
106	179	1.38536
106	180	0.690479
107	6	0.394546
107	19	1.37848
107	29	1.27121
107	77	1.4438
107	83	0.481651
107	86	1.37776
107	125	1.3168
107	136	1.37886
107	150	0.492474
107	152	0.567888
107	156	1.36229
107	158	1.30723
107	159	0.464289
107	161	0.49919
107	162	0.587351
107	163	1.39471
107	166	1.3501
107	168	1.33739
107	169	1.32032
107	174	0.549949
107	179	1.35718
107	180	0.722858
108	38	1.296
108	48	0.504194
108	65	1.43672
108	66	1.45857
108	71	0.512457
108	81	1.3255
108	109	1.39669
108	121	0.481143
108	122	1.15052
108	133	1.35684
108	142	1.38166
108	143	1.31705
108	147	1.39501
108	149	0.455613
108	151	0.543521
108	153	0.461701
108	155	1.38987
108	175	1.37413
108	176	1.32158
108	177	0.569459
108	178	0.548952
108	180	0.686139
109	5	1.35676
109	18	0.461276
109	38	1.30623
109	44	1.17539
109	49	1.42484
109	58	1.38522
109	60	1.12531
109	79	1.47876
109	91	1.4089
109	92	1.40237
109	108	1.39669
109	128	0.540948
109	134	0.537756
109	143	1.32729
109	145	0.514476
109	148	0.556642
109	151	0.575275
109	152	0.562923
109	155	1.40011
109	159	1.41208
109	172	0.531319
109	173	0.543185
110	4	1.40223
110	8	1.39801
110	14	1.49268
110	16	1.37938
110	21	1.20266
110	51	0.466273
110	57	1.36808
110	69	1.27573
110	85	1.40646
110	89	1.36768
110	96	1.35276
110	101	0.416233
110	111	0.461589
110	112	1.3083
110	122	0.842939
110	134	0.523188
110	148	1.2807
110	157	0.570063
110	159	0.444755
110	171	0.523498
110	175	1.36543
110	176	0.532657
111	93	0.533968
111	110	0.461589
111	117	1.33859
111	119	1.37199
111	132	1.39122
111	138	0.475238
111	147	0.459306
111	149	1.40345
111	152	1.30619
111	153	1.34736
111	155	0.475726
111	156	0.464452
111	160	1.30819
111	161	1.35891
111	162	1.26077
111	166	0.44324
111	169	0.457687
111	171	1.33105
111	174	1.32262
111	177	1.24938
111	178	1.2536
111	179	0.464194
111	180	1.15688
112	21	1.14189
112	28	0.590836
112	52	0.580555
112	60	1.04561
112	70	0.887165
112	84	0.332272
112	85	1.34569
112	89	1.30692
112	110	1.3083
112	120	1.33001
112	131	0.566696
112	133	1.28738
112	136	0.567913
112	153	1.29991
112	155	1.32041
112	166	0.552863
112	168	0.579253
112	173	1.2549
112	175	1.30466
112	176	1.25212
112	177	1.20193
112	179	0.573817
112	180	1.10943
113	3	1.38458
113	20	1.39069
113	45	0.524958
113	63	0.545582
113	67	1.28777
113	83	0.476827
113	94	0.460604
113	99	1.42012
113	106	1.39861
113	139	0.473884
113	140	1.37348
113	145	0.514616
113	150	0.48765
113	156	1.39344
113	157	1.30641
113	158	1.33838
113	160	0.535446
113	166	1.38126
113	167	1.39556
113	169	1.35148
113	173	0.543325
113	175	1.38169
113	176	0.547366
113	179	1.38833
114	15	0.862685
114	52	1.01626
114	60	0.751393
114	69	1.32281
114	84	1.17704
114	85	0.80921
114	96	1.29094
114	123	1.04668
114	138	1.00622
114	142	1.01798
114	144	0.95721
114	146	0.972695
114	147	1.03133
114	151	0.951345
114	152	0.964527
114	153	1.00569
114	155	1.02619
114	167	1.02432
114	171	0.989387
114	173	0.960683
114	174	0.980956
114	179	1.01709
114	180	0.815212
115	3	1.33057
115	11	1.33624
115	20	1.33669
115	34	1.27989
115	117	0.50443
115	118	1.42777
115	119	0.466417
115	123	1.36392
115	126	0.609966
115	130	1.28876
115	135	1.31831
115	137	1.32842
115	139	0.471841
115	146	0.53866
115	149	0.485464
115	151	0.573373
115	156	1.33944
115	163	1.37186
115	166	1.32725
115	168	1.31454
115	169	1.29747
115	170	0.603861
115	174	0.543082
115	179	1.33433
115	180	0.71599
116	33	1.3207
116	35	1.49189
116	38	1.31155
116	40	1.43414
116	53	0.453741
116	70	0.972182
116	74	1.41278
116	75	0.462435
116	88	0.530742
116	90	1.13165
116	91	1.41422
116	92	1.4077
116	97	1.16376
116	120	1.41503
116	138	1.38546
116	142	1.39721
116	143	1.33261
116	147	1.41056
116	157	0.573156
116	161	0.482749
116	165	0.523982
116	173	0.531709
116	174	0.533508
116	178	0.56923
116	180	0.706417
117	6	1.39889
117	27	1.5204
117	52	0.501107
117	61	0.4586
117	63	1.32961
117	65	0.501758
117	78	0.37877
117	92	0.499926
117	111	1.33859
117	115	0.50443
117	120	0.504315
117	128	1.27097
117	131	0.487247
117	139	1.36008
117	141	1.32185
117	149	1.39961
117	153	1.34352
117	154	1.38204
117	162	1.25692
117	166	0.473415
117	170	1.22264
117	172	1.30932
117	173	1.29851
117	175	0.486992
117	178	1.24976
118	27	0.366483
118	28	1.38705
118	29	1.38256
118	54	0.431382
118	60	1.20283
118	67	1.36796
118	70	1.04438
118	87	1.41921
118	88	0.517123
118	104	1.49872
118	115	1.42777
118	121	0.487803
118	144	1.40864
118	146	0.515468
118	156	1.47363
118	157	1.3866
118	158	1.41857
118	160	0.510211
118	165	0.510364
118	167	1.47575
118	169	1.43167
118	172	0.506225
118	176	0.522131
118	178	0.555612
118	179	1.46852
118	180	0.692798
119	10	1.28083
119	66	0.470514
119	93	0.52613
119	99	0.453062
119	100	1.36099
119	102	0.443893
119	105	1.32653
119	111	1.37199
119	115	0.466417
119	124	1.29845
119	133	0.490018
119	135	0.477451
119	152	1.33575
119	155	0.467888
119	158	0.487625
119	160	1.33775
119	161	1.38847
119	164	1.35334
119	165	1.33484
119	171	1.36061
119	173	1.33191
119	174	1.35218
119	177	1.27894
119	178	1.28316
119	179	0.456356
120	15	1.23938
120	33	1.31815
120	42	0.389855
120	54	0.454459
120	58	1.388
120	61	1.49395
120	66	1.47158
120	80	0.405069
120	88	0.5402
120	91	1.41168
120	98	0.608099
120	102	1.43933
120	112	1.33001
120	116	1.41503
120	117	0.504315
120	133	1.36985
120	142	1.39467
120	143	1.33007
120	147	1.40802
120	148	0.554625
120	149	0.48535
120	153	0.491437
120	155	1.40289
120	161	0.492208
120	171	0.53605
120	175	1.38714
121	30	0.541877
121	63	1.30791
121	64	1.43981
121	73	0.503355
121	76	1.30777
121	89	0.450628
121	101	1.4228
121	106	0.485483
121	108	0.481143
121	118	0.487803
121	129	1.3777
121	135	0.522028
121	139	1.33838
121	141	1.30015
121	144	0.547101
121	159	1.35429
121	160	1.28265
121	164	1.29824
121	165	1.27974
121	166	0.47998
121	170	1.20094
121	171	1.30551
121	175	0.493557
121	177	1.22384
121	178	1.22806
121	180	1.13134
122	9	0.699636
122	13	0.813007
122	16	0.512641
122	17	0.740079
122	19	1.16613
122	41	1.22212
122	57	0.769427
122	58	1.13905
122	74	1.16129
122	79	1.23259
122	84	0.604
122	96	0.717908
122	108	1.15052
122	110	0.842939
122	123	1.17443
122	135	1.12882
122	142	1.14572
122	154	1.17195
122	164	1.10985
122	166	1.13776
122	167	1.15206
122	171	1.11713
122	174	1.1087
122	177	1.03545
122	180	0.942954
123	31	0.524631
123	47	1.42899
123	75	0.487603
123	80	0.420777
123	82	1.33488
123	94	0.474155
123	95	0.470785
123	114	1.04668
123	115	1.36392
123	122	1.17443
123	135	1.38866
123	144	1.3448
123	145	0.528168
123	156	1.40979
123	157	1.32275
123	158	1.35473
123	160	0.548997
123	163	1.44221
123	164	0.526798
123	166	1.3976
123	167	1.41191
123	169	1.36782
123	170	0.619455
123	171	0.551759
123	173	0.556877
123	175	1.39803
123	179	1.40468
124	3	0.496186
124	22	1.49687
124	28	0.544024
124	33	0.584891
124	58	0.522444
124	71	1.21208
124	72	1.35699
124	86	0.518707
124	88	1.18679
124	119	1.29845
124	126	1.12571
124	143	0.546923
124	144	0.573173
124	149	1.32991
124	151	1.21947
124	152	1.23265
124	153	1.27382
124	154	1.31234
124	157	1.20329
124	167	0.515142
124	169	0.520498
124	171	1.25751
124	173	1.22881
124	175	0.519629
124	176	1.22603
124	177	1.17583
124	178	1.18006
124	180	1.08334
125	39	0.516216
125	67	1.23414
125	68	1.38624
125	76	0.523453
125	80	0.442826
125	95	0.492834
125	99	1.36649
125	107	1.3168
125	130	1.28914
125	134	1.27374
125	135	1.31869
125	136	1.35639
125	145	0.550216
125	156	1.33982
125	157	1.25278
125	158	1.28476
125	160	0.571046
125	161	0.529965
125	163	1.37224
125	164	0.548847
125	166	1.32763
125	168	1.31492
125	169	1.29785
125	172	0.56706
125	175	1.32806
125	176	0.582966
125	177	0.636953
125	179	1.33471
126	22	1.42723
126	36	1.21259
126	87	0.580133
126	92	0.605463
126	104	0.575405
126	115	0.609966
126	124	1.12571
126	128	1.13163
126	131	0.592784
126	132	1.24804
126	134	1.15461
126	143	0.619822
126	145	1.18514
126	149	1.26027
126	150	1.24246
126	160	1.16501
126	164	1.1806
126	165	1.1621
126	166	0.578952
126	167	0.588042
126	170	1.0833
126	171	1.18787
126	172	1.16999
126	173	1.15917
126	174	1.17944
126	175	0.592529
126	178	1.11042
126	180	1.0137
127	25	1.28031
127	26	1.18331
127	54	1.31206
127	57	0.450359
127	72	1.36274
127	77	0.525241
127	98	1.17394
127	101	1.38055
127	132	1.32343
127	137	0.53987
127	138	0.537519
127	139	1.29613
127	142	0.523149
127	146	1.24657
127	155	0.538008
127	160	1.2404
127	162	1.19298
127	165	1.23749
127	166	0.505522
127	169	0.519969
127	172	1.24538
127	173	1.23456
127	175	0.519099
127	176	1.23178
127	177	1.18159
127	178	1.18581
127	179	0.526476
127	180	1.08909
128	9	0.845946
128	11	0.533452
128	22	1.5028
128	23	1.17237
128	24	0.597094
128	42	1.39599
128	61	0.493215
128	81	0.561015
128	91	0.521221
128	100	1.26381
128	109	0.540948
128	117	1.27097
128	126	1.13163
128	142	0.525658
128	144	0.575152
128	147	0.524096
128	149	1.33584
128	150	1.31802
128	153	1.27975
128	154	1.31826
128	161	1.2913
128	170	1.15886
128	171	1.26344
128	172	1.24555
128	173	1.23474
128	175	0.521608
128	177	1.18176
128	178	1.18598
129	37	1.18138
129	41	0.493175
129	43	0.470633
129	57	0.404011
129	61	1.51973
129	65	1.47552
129	78	1.52171
129	81	1.36429
129	84	1.44863
129	85	0.0946015
129	89	0.429822
129	93	0.549902
129	95	1.39634
129	99	0.476834
129	121	1.3777
129	138	1.4087
129	143	1.35585
129	153	1.40817
129	157	1.33764
129	158	0.511397
129	159	1.44064
129	161	1.41972
129	163	0.481833
129	167	0.468264
129	168	0.485564
129	169	0.473621
129	174	1.38343
129	176	1.36038
130	3	1.32576
130	24	1.28259
130	29	1.24355
130	30	1.26745
130	44	1.11391
130	48	0.563632
130	59	1.32362
130	76	0.515397
130	77	1.41614
130	87	1.2802
130	97	1.09695
130	100	0.523869
130	106	1.33979
130	115	1.28876
130	125	1.28914
130	131	1.35719
130	140	1.31466
130	152	0.590608
130	154	0.52032
130	160	0.56299
130	162	0.610071
130	168	1.30973
130	169	1.29266
130	171	0.565752
130	172	0.559004
130	175	1.32287
130	176	0.57491
130	177	0.628898
130	179	1.32952
131	7	1.24429
131	11	1.40467
131	29	1.31679
131	30	1.34068
131	34	1.34832
131	55	1.37044
131	62	1.3133
131	98	0.591031
131	106	1.41303
131	112	0.566696
131	117	0.487247
131	126	0.592784
131	130	1.35719
131	135	1.38674
131	137	1.39685
131	140	1.3879
131	145	0.495391
131	149	0.468282
131	150	0.468425
131	158	1.3528
131	159	0.440239
131	161	0.47514
131	167	1.40998
131	168	1.38297
131	169	1.3659
131	170	0.586679
131	172	0.512235
131	176	0.528141
131	179	1.40275
132	24	0.542479
132	29	0.544503
132	55	0.487773
132	59	0.517365
132	65	0.481759
132	79	0.456464
132	83	1.36391
132	84	0.232824
132	88	1.30912
132	97	1.17498
132	105	1.34576
132	111	1.39122
132	126	1.24804
132	127	1.32343
132	137	0.487764
132	139	1.41271
132	140	0.498331
132	141	1.37448
132	144	0.520537
132	145	1.37711
132	149	1.45224
132	158	0.505638
132	160	1.35698
132	162	1.30955
132	165	1.35407
132	173	1.35114
132	175	0.466993
132	176	1.34836
132	178	1.30239
132	180	1.20567
133	6	0.41128
133	18	0.482974
133	33	1.27552
133	40	1.38897
133	44	1.13554
133	49	1.38498
133	56	1.29587
133	58	1.34537
133	61	1.45131
133	64	0.426046
133	72	0.462538
133	79	1.43891
133	82	1.28135
133	83	0.498385
133	92	1.36252
133	100	0.517883
133	108	1.35684
133	112	1.28738
133	119	0.490018
133	120	1.36985
133	134	0.559455
133	138	1.34028
133	143	1.28743
133	148	0.57834
133	155	1.36025
133	157	0.60633
133	162	0.604084
133	170	0.627462
133	175	1.34451
133	176	1.29196
134	10	1.20663
134	21	0.553523
134	23	1.19534
134	32	0.602698
134	37	1.07593
134	43	1.35664
134	56	0.557967
134	69	0.430022
134	78	1.41627
134	84	1.34319
134	86	1.3347
134	89	0.475487
134	109	0.537756
134	110	0.523188
134	125	1.27374
134	126	1.15461
134	133	0.559455
134	143	0.54571
134	147	0.520905
134	155	0.537325
134	157	1.23219
134	159	1.3352
134	162	1.21613
134	167	1.32135
134	168	1.29433
134	171	1.28642
134	172	1.26853
134	176	1.25493
134	179	1.31412
134	180	1.11224
135	28	1.2776
135	30	1.297
135	46	0.517847
135	50	0.447391
135	59	1.35318
135	83	0.485818
135	93	1.34134
135	94	0.469595
135	115	1.31831
135	119	0.477451
135	121	0.522028
135	122	1.12882
135	123	1.38866
135	125	1.31869
135	131	1.38674
135	136	1.38076
135	140	1.34422
135	154	0.501767
135	158	1.30912
135	161	0.503356
135	163	1.39661
135	166	1.352
135	167	1.3663
135	169	1.32222
135	173	0.552316
135	174	0.554115
135	175	1.35243
135	176	0.556357
135	179	1.35907
135	180	0.727024
136	11	1.39868
136	23	0.611048
136	27	0.373709
136	29	1.3108
136	76	0.469844
136	86	1.41735
136	100	0.478317
136	104	1.42696
136	105	0.507753
136	107	1.37886
136	112	0.567913
136	125	1.35639
136	135	1.38076
136	137	1.39086
136	140	1.38191
136	144	1.33689
136	148	1.30539
136	149	0.469499
136	153	0.475586
136	156	1.40188
136	158	1.34682
136	161	0.476357
136	163	1.4343
136	164	0.495239
136	165	0.51759
136	166	1.38969
136	168	1.37698
136	169	1.35991
136	170	0.587895
136	176	0.529357
136	179	1.39677
137	24	1.32225
137	36	0.559463
137	52	1.36834
137	55	1.33687
137	59	1.36328
137	72	0.442271
137	87	1.31986
137	97	1.13661
137	104	1.39937
137	106	1.37945
137	115	1.32842
137	127	0.53987
137	131	1.39685
137	132	0.487764
137	136	1.39086
137	139	0.475174
137	148	1.2778
137	151	0.576706
137	156	1.37429
137	159	0.460755
137	160	0.536736
137	163	1.40671
137	166	1.3621
137	167	1.37641
137	168	1.34939
137	169	1.33232
137	170	0.607195
137	171	0.539498
137	173	0.544616
137	174	0.546415
137	176	0.548656
137	179	1.36918
138	40	1.40203
138	49	1.39805
138	56	1.30894
138	66	1.44201
138	73	1.35859
138	74	1.38068
138	75	0.472991
138	82	1.29441
138	83	0.475766
138	91	1.38211
138	92	1.37559
138	102	1.40976
138	111	0.475238
138	114	1.00622
138	116	1.38546
138	127	0.537519
138	129	1.4087
138	133	1.34028
138	142	1.3651
138	143	1.3005
138	146	0.539643
138	147	1.37845
138	148	0.555722
138	151	0.574355
138	154	0.491716
138	161	0.493305
138	170	0.604844
138	172	0.530399
138	173	0.542265
138	175	1.35757
138	176	1.30503
138	178	0.579786
139	27	1.54574
139	32	0.538685
139	34	0.5253
139	62	0.561847
139	79	0.443874
139	94	1.38177
139	95	1.35702
139	96	0.334143
139	113	0.473884
139	115	0.471841
139	117	1.36008
139	121	1.33838
139	127	1.29613
139	132	1.41271
139	137	0.475174
139	145	1.34981
139	151	1.3145
139	152	1.32768
139	153	1.36885
139	158	0.493048
139	160	1.32968
139	161	1.3804
139	162	1.28226
139	166	0.440826
139	168	0.467215
139	170	1.24797
139	171	1.35254
139	172	1.33466
139	174	1.34411
139	175	0.454403
139	178	1.27509
139	179	0.46178
140	9	0.915031
140	18	0.473274
140	30	1.29816
140	46	0.520713
140	47	1.38454
140	62	1.27078
140	67	1.25966
140	71	0.556208
140	83	0.488684
140	87	1.31091
140	101	0.442799
140	103	1.39305
140	104	1.39042
140	113	1.37348
140	130	1.31466
140	131	1.3879
140	132	0.498331
140	135	1.34422
140	136	1.38191
140	141	0.533645
140	144	1.30035
140	150	0.499507
140	156	1.36534
140	158	1.31028
140	159	0.471322
140	162	0.594384
140	167	1.36746
140	168	1.34044
140	169	1.32337
140	176	0.559223
140	178	0.592704
140	179	1.36023
140	180	0.72989
141	8	0.477429
141	67	0.588495
141	71	1.26889
141	74	0.508795
141	75	1.33857
141	78	0.394085
141	82	0.60546
141	92	0.515241
141	96	0.382046
141	100	1.31469
141	117	1.32185
141	121	1.30015
141	132	1.37448
141	140	0.533645
141	149	1.38672
141	153	1.33062
141	154	1.36914
141	155	0.521215
141	156	0.509942
141	160	1.29145
141	161	1.34217
141	162	1.24403
141	165	1.28854
141	166	0.48873
141	167	0.49782
141	168	0.515119
141	170	1.20974
141	171	1.31432
141	172	1.29643
141	173	1.28561
141	174	1.30589
141	177	1.23264
141	178	1.23686
141	180	1.14014
142	38	1.2912
142	40	1.41379
142	53	0.449927
