1	112	0.919326
1	119	0.911033
1	126	0.99334
1	130	1.04113
1	133	0.926891
1	159	1.02712
1	167	1.03616
1	169	1.03666
1	176	1.03151
1	177	1.01642
1	178	1.02747
1	179	1.02467
2	51	0.978901
2	58	1.12239
2	60	1.02218
2	78	1.05028
2	98	1.0147
2	119	1.07665
2	125	1.00039
2	140	0.920423
2	147	1.0569
2	152	0.887913
2	163	0.949165
2	175	0.92582
3	116	1.01948
3	128	1.02486
3	138	1.0013
3	150	1.03347
3	154	1.02766
3	155	1.05367
3	162	0.908319
3	163	0.968048
3	169	0.962207
3	171	0.967301
3	175	1.03957
3	177	0.998747
4	23	0.990938
4	126	1.00184
4	127	1.05996
4	133	0.948836
4	141	0.979922
4	145	1.00585
4	148	1.04466
4	149	1.04006
4	152	0.927301
4	155	1.0567
4	174	0.929221
4	177	1.01925
5	6	0.843314
5	34	0.998385
5	57	1.09735
5	65	1.05024
5	68	1.05024
5	69	1.05024
5	80	1.11024
5	159	0.961418
5	167	0.946364
5	171	0.948802
5	177	0.980248
5	178	0.970494
6	5	0.843314
6	34	0.72191
6	36	0.857648
6	57	0.820875
6	65	0.773763
6	68	0.773763
6	69	0.773763
6	73	1.53029
6	80	0.833763
6	106	0.8012
6	152	1.63683
6	166	1.63767
7	55	1.13244
7	60	0.986105
7	78	1.01421
7	113	1.04153
7	119	1.04058
7	125	0.964312
7	134	1.00931
7	147	1.02082
7	161	0.976636
7	166	0.88754
7	176	0.965184
7	178	0.968899
8	79	1.07205
8	84	1.03041
8	88	1.03187
8	107	1.00451
8	111	0.993549
8	123	1.02247
8	144	0.95849
8	162	1.06872
8	170	0.95014
8	175	1.04847
8	178	0.970507
8	180	0.856753
9	88	1.18309
9	101	1.1357
9	127	0.905822
9	142	1.31235
9	148	0.890529
9	149	0.885926
9	150	0.882367
9	152	1.16832
9	154	0.876559
9	155	0.902565
9	164	0.967767
9	175	0.888465
10	120	1.00297
10	121	1.01816
10	123	0.980726
10	128	1.02537
10	131	0.933815
10	137	1.01711
10	148	1.04214
10	151	0.956163
10	155	1.05418
10	163	0.969583
10	169	0.963741
10	175	1.04008
11	37	0.829079
11	51	0.853111
11	60	0.896389
11	73	1.09197
11	98	0.888914
11	100	0.97404
11	113	0.951816
11	119	0.950862
11	130	0.85579
11	152	1.19851
11	167	1.25658
11	171	1.25902
12	43	0.983072
12	46	0.935704
12	47	1.07987
12	64	0.966853
12	72	1.08032
12	116	0.93463
12	117	0.995187
12	143	1.02207
12	147	1.0417
12	164	1.11248
12	167	0.971135
12	180	0.881511
13	26	0.949773
13	32	0.959136
13	97	1.05086
13	121	0.917536
13	137	0.914811
13	143	1.00471
13	166	1.05235
13	171	1.03281
13	173	1.03099
13	176	1.03001
13	178	1.02596
13	179	1.02317
14	104	1.03165
14	107	1.00924
14	111	0.998284
14	114	1.041
14	123	1.0272
14	153	0.957929
14	157	1.03942
14	161	0.989714
14	165	0.935197
14	167	0.957846
14	175	1.0532
14	179	0.966786
15	34	0.972154
15	36	1.10789
15	65	1.02401
15	68	1.02401
15	69	1.02401
15	80	1.08401
15	102	0.963922
15	118	0.950994
15	156	0.975406
15	170	0.981463
15	177	1.01158
15	180	0.888076
16	67	1.01038
16	84	1.03076
16	105	1.02424
16	111	0.993901
16	123	1.02282
16	153	0.969733
16	156	0.967357
16	162	1.06908
16	169	0.966995
16	174	0.913504
16	175	1.04882
16	176	0.990066
17	105	1.01988
17	111	0.989543
17	114	1.03226
17	123	1.01846
17	139	0.936298
17	157	1.03068
17	158	0.966377
17	162	1.06472
17	170	0.957861
17	173	0.958947
17	175	1.04446
17	177	0.987982
18	29	0.943119
18	81	0.999198
18	92	1.03468
18	93	1.05156
18	108	1.03867
18	110	0.895449
18	144	0.964393
18	162	1.04207
18	170	0.956044
18	172	1.07684
18	173	0.95713
18	174	1.04854
19	121	0.943954
19	128	0.951157
19	138	0.9276
19	148	0.967932
19	149	0.963329
19	152	1.02155
19	155	0.979968
19	164	1.04517
19	165	1.05696
19	166	1.02238
19	170	1.08337
19	172	1.02089
19	174	1.02347
20	73	0.915862
20	83	1.07749
20	85	0.940449
20	87	0.932656
20	93	1.00208
20	108	0.989196
20	110	1.02364
20	135	0.916587
20	162	0.992599
20	171	1.08291
20	172	1.02737
20	174	0.999065
20	178	1.1046
21	38	0.973475
21	52	1.10381
21	85	1.05739
21	138	1.09241
21	163	0.979506
21	165	0.98703
21	169	0.977334
21	170	0.97728
21	172	0.967051
21	173	0.973171
21	176	0.972189
21	178	0.968144
21	179	0.965347
22	44	0.964862
22	82	0.947376
22	89	0.94695
22	95	0.968729
22	99	0.98383
22	101	0.986114
22	103	1.04453
22	115	0.973729
22	132	1.03105
22	140	1.03486
22	166	1.00319
22	177	1.0943
22	180	1.02841
23	4	0.990938
23	103	1.05763
23	105	1.09212
23	126	0.943662
23	139	1.05571
23	145	0.947668
23	148	0.986486
23	149	0.981883
23	150	0.978324
23	154	0.972516
23	155	0.998522
23	166	1.01629
23	180	0.983891
24	49	1.05905
24	67	1.03104
24	73	0.82208
24	95	1.01232
24	98	0.991775
24	99	1.02742
24	110	0.929855
24	115	1.01732
24	133	1.02011
24	142	1.07266
24	146	0.946394
24	180	1.072
25	42	1.02857
25	96	0.983092
25	107	0.936163
25	124	0.955599
25	148	0.982191
25	154	0.968221
25	155	0.994227
25	161	1.06334
25	162	1.00038
25	168	1.04582
25	171	1.03391
25	173	1.03632
25	175	0.980126
26	13	0.949773
26	44	0.95861
26	45	0.938823
26	84	1.06141
26	95	0.962477
26	99	0.977578
26	101	0.979862
26	112	0.993014
26	115	0.967477
26	160	1.06718
26	163	1.0521
26	178	1.07304
26	180	1.02216
27	94	0.982691
27	97	0.903787
27	106	1.04678
27	135	0.923891
27	146	0.982827
27	157	0.965861
27	161	1.06533
27	162	0.999904
27	163	1.03665
27	165	1.01081
27	168	1.04781
27	172	1.03467
27	174	1.00637
28	99	1.02367
28	123	1.06938
28	126	1.08496
28	127	1.01641
28	131	1.01399
28	156	0.970637
28	162	0.998504
28	168	0.96616
28	169	0.975201
28	170	0.975147
28	171	0.972862
28	173	0.971039
28	177	0.954963
29	18	0.943119
29	79	1.15744
29	81	0.934763
29	93	0.987123
29	108	0.974235
29	113	0.986612
29	140	1.00621
29	162	0.977639
29	166	0.974534
29	169	1.02911
29	172	1.0124
29	174	0.984104
29	179	1.0407
30	39	1.20074
30	43	1.06293
30	46	1.01556
30	64	1.04671
30	72	1.16018
30	76	0.840456
30	104	0.898005
30	118	0.841884
30	128	0.858026
30	147	1.12155
30	163	0.871775
30	164	1.19234
30	178	0.89272
31	48	1.01164
31	109	1.00352
31	110	1.03536
31	115	1.0862
31	120	0.952309
31	124	0.964883
31	126	0.94865
31	137	0.96644
31	148	0.991475
31	150	0.983313
31	165	1.06954
31	175	0.989411
31	180	1.00257
32	13	0.959136
32	44	0.952215
32	66	1.01923
32	95	0.956082
32	98	0.935536
32	101	0.973468
32	112	0.98662
32	115	0.961082
32	163	1.06146
32	165	1.03563
32	178	1.08241
32	179	1.06722
32	180	1.01577
33	39	1.00916
33	43	0.871348
33	46	0.82398
33	47	0.968151
33	64	0.85513
33	72	0.968598
33	100	0.972907
33	143	1.17182
33	147	0.929972
33	148	1.09493
33	153	1.12096
33	164	1.00076
33	165	1.09823
33	169	1.11822
34	5	0.998385
34	6	0.72191
34	15	0.972154
34	57	0.975946
34	65	0.928834
34	68	0.928834
34	69	0.928834
34	80	0.988834
34	106	0.956271
34	140	1.10637
34	158	1.1442
34	159	1.14698
34	171	1.13436
34	174	1.07578
35	53	1.07554
35	63	0.983294
35	68	0.974489
35	81	1.01141
35	87	0.994338
35	93	1.06377
35	108	1.05088
35	109	0.887698
35	131	0.891854
35	160	0.942707
35	162	1.05428
35	169	0.92178
35	172	1.08905
35	174	1.06075
36	6	0.857648
36	15	1.10789
36	57	1.11168
36	65	1.06457
36	68	1.06457
36	69	1.06457
36	80	1.12457
36	102	1.00449
36	112	0.906443
36	155	0.936052
36	159	0.965594
36	178	0.97467
36	179	0.959479
36	180	0.860916
37	11	0.829079
37	50	0.97762
37	51	0.873098
37	55	1.06272
37	78	0.944477
37	80	1.05615
37	113	0.971803
37	119	0.970848
37	125	0.894583
37	128	1.13211
37	130	0.875776
37	153	1.14275
37	170	1.14643
37	175	1.12251
38	21	0.973475
38	44	0.935733
38	104	1.04505
38	105	1.04202
38	111	1.01168
38	114	1.0544
38	115	0.906216
38	122	0.918598
38	123	1.0406
38	157	1.05281
38	161	0.94408
38	162	1.08685
38	175	1.0666
38	179	0.921152
39	30	1.20074
39	33	1.00916
39	46	1.02631
39	64	1.05746
39	72	1.17093
39	147	1.13231
39	164	1.20309
39	168	0.892111
39	171	0.880201
39	175	0.857603
39	178	0.901893
39	179	0.886702
39	180	0.78814
40	52	0.962626
40	61	0.985512
40	70	0.984411
40	91	1.05756
40	94	1.02277
40	97	0.943869
40	106	1.02058
40	129	1.0072
40	133	1.01439
40	146	1.02291
40	157	1.00594
40	169	1.0046
40	176	1.02767
40	178	1.03139
40	180	0.917633
41	83	1.0288
41	94	1.00854
41	133	0.995254
41	137	1.04625
41	158	0.993319
41	162	0.975242
41	163	1.00187
41	168	0.990659
41	169	0.9997
41	171	0.997361
41	172	0.938086
41	177	0.979461
41	178	0.990511
41	179	0.987713
41	180	1.0594
42	25	1.02857
42	50	0.948736
42	100	0.929076
42	107	1.06863
42	114	0.993391
42	139	1.02062
42	145	1.02395
42	167	0.998348
42	170	0.998794
42	173	0.994685
42	174	1.03872
42	176	0.993703
42	177	0.978609
42	178	0.989658
42	179	0.986861
43	12	0.983072
43	30	1.06293
43	33	0.871348
43	47	1.03267
43	64	0.919653
43	72	1.03312
43	100	1.03743
43	117	1.03493
43	132	0.981506
43	136	1.00917
43	147	0.994495
43	161	1.04275
43	164	1.06528
43	179	1.01982
43	180	0.921257
44	22	0.964862
44	26	0.95861
44	32	0.952215
44	38	0.935733
44	89	0.984183
44	95	1.00596
44	99	1.02106
44	112	1.0365
44	115	1.01096
44	159	1.03806
44	165	1.00036
44	166	0.96578
44	169	1.02035
44	178	1.04714
44	180	1.06565
45	26	0.938823
45	49	1.0329
45	77	1.00487
45	82	0.964822
45	99	1.00128
45	101	1.00356
45	103	0.988171
45	112	1.01671
45	115	0.991175
45	144	1.01617
45	147	0.942001
45	159	1.01911
45	178	1.02819
45	179	1.013
45	180	1.04586
46	12	0.935704
46	30	1.01556
46	33	0.82398
46	39	1.02631
46	47	0.985306
46	64	0.872285
46	72	0.985753
46	100	0.990062
46	108	1.04132
46	141	1.09583
46	147	0.947127
46	151	1.09104
46	164	1.01791
46	174	1.04513
46	176	1.1217
46	180	1.01166
47	12	1.07987
47	33	0.968151
47	43	1.03267
47	46	0.985306
47	64	1.01646
47	72	1.12992
47	92	0.98751
47	100	1.13423
47	147	1.0913
47	153	0.905192
47	154	0.911319
47	164	1.16208
47	168	0.919457
47	173	0.909958
47	174	0.848963
47	176	0.925525
48	31	1.01164
48	104	0.948352
48	127	0.8803
48	128	0.908373
48	133	0.882405
48	144	1.061
48	151	1.06703
48	162	0.862393
48	167	1.06641
48	168	1.05787
48	175	0.898777
48	176	1.06176
48	177	1.04667
48	178	1.05772
48	179	1.05492
48	180	1.12661
49	24	1.05905
49	45	1.0329
49	66	1.1197
49	73	0.778637
49	82	1.0352
49	89	1.03477
49	95	1.05655
49	99	1.07165
49	101	1.07394
49	129	0.943186
49	142	1.02922
49	152	0.885178
49	156	0.940951
49	170	0.947007
49	174	0.887098
49	180	1.11624
50	37	0.97762
50	42	0.948736
50	51	1.00165
50	55	1.19127
50	62	0.85495
50	100	1.12258
50	113	1.10036
50	119	1.0994
50	125	1.02314
50	130	1.00433
50	147	1.07965
50	155	0.937147
50	166	0.894407
50	170	0.955399
50	171	0.954074
50	180	0.862012
51	2	0.978901
51	11	0.853111
51	37	0.873098
51	50	1.00165
51	55	1.08675
51	100	1.01806
51	119	0.994881
51	120	1.08663
51	125	0.918615
51	130	0.899809
51	140	1.04782
51	141	1.06793
51	147	0.975125
51	169	1.07072
51	170	1.07714
51	175	1.05322
52	21	1.10381
52	40	0.962626
52	61	0.94476
52	63	0.942568
52	70	0.943659
52	83	0.9656
52	91	1.01681
52	94	0.982022
52	97	0.903118
52	133	0.973642
52	142	1.12852
52	151	1.03232
52	157	0.965192
52	170	1.04632
52	171	1.04499
52	179	1.05149
53	35	1.07554
53	76	0.890329
53	85	1.0457
53	87	1.0379
53	102	0.989809
53	108	1.09444
53	135	1.02183
53	162	1.09785
53	165	0.895812
53	167	0.918462
53	168	0.932809
53	170	0.922225
53	172	1.13261
53	173	0.923311
53	174	1.10431
53	179	0.927401
54	116	1.0051
54	121	1.00327
54	126	0.984422
54	127	1.04254
54	137	1.00221
54	139	0.981159
54	148	1.02725
54	149	1.02264
54	150	1.01908
54	154	1.01328
54	156	0.996666
54	162	0.942416
54	166	0.941732
54	172	1.0802
54	173	1.00381
54	177	1.03284
54	180	0.909336
55	7	1.13244
55	37	1.06272
55	50	1.19127
55	51	1.08675
55	58	1.03558
55	60	1.13003
55	73	0.694558
55	78	1.15813
55	119	1.1845
55	123	0.873493
55	130	1.08943
55	132	0.82979
55	136	0.857449
55	139	0.841364
55	147	1.16474
55	165	0.836515
55	175	0.839005
56	103	1.1334
56	120	0.896599
56	124	0.909173
56	129	1.14923
56	137	0.91073
56	145	0.896947
56	148	0.935765
56	149	0.931162
56	150	0.927603
56	153	1.14937
56	154	0.921795
56	155	0.947801
56	168	1.16364
56	172	0.988723
56	173	1.15414
56	175	0.933701
56	180	1.05967
57	5	1.09735
57	6	0.820875
57	34	0.975946
57	36	1.11168
57	65	1.0278
57	68	1.0278
57	69	1.0278
57	80	1.0878
57	102	0.967714
57	106	1.05524
57	110	0.906075
57	122	0.969292
57	143	1.01384
57	160	0.981176
57	170	0.966669
57	176	0.983322
57	178	0.987036
58	2	1.12239
58	55	1.03558
58	70	1.18732
58	78	1.11957
58	90	1.19323
58	146	1.13561
58	158	0.926113
58	159	0.922954
58	161	0.918876
58	163	0.934666
58	165	0.94219
58	169	0.932494
58	170	0.93244
58	171	0.930155
58	176	0.927349
58	177	0.912255
58	179	0.920507
59	88	1.11594
59	93	1.09834
59	94	1.13599
59	133	1.12271
59	145	1.1866
59	149	1.13246
59	153	0.92478
59	159	0.923016
59	166	0.949749
59	168	0.923515
59	169	0.932556
59	170	0.932502
59	171	0.930217
59	176	0.927411
59	177	0.912318
59	178	0.923367
59	179	0.920569
60	2	1.02218
60	7	0.986105
60	11	0.896389
60	55	1.13003
60	78	1.01179
60	83	0.996505
60	100	1.06134
60	113	1.03911
60	119	1.03816
60	140	0.944701
60	142	1.05623
60	147	1.0184
60	152	0.912191
60	160	0.988527
60	174	0.914111
60	176	0.990673
60	177	1.00414
61	40	0.985512
61	52	0.94476
61	63	0.965453
61	70	0.966545
61	91	1.0397
61	92	1.11639
61	94	1.00491
61	97	0.926003
61	122	0.977475
61	133	0.996528
61	136	1.03227
61	146	1.00504
61	157	0.988077
61	161	1.06585
61	164	0.911084
61	166	0.976757
61	170	1.03775
61	177	1.06787
62	50	0.85495
62	86	0.89241
62	93	0.841904
62	97	1.05332
62	107	0.974846
62	118	1.12523
62	137	0.917265
62	156	1.07807
62	158	1.07625
62	162	0.846259
62	168	1.07359
62	170	1.08258
62	171	1.08029
62	172	0.809103
62	176	1.07749
62	177	1.0624
62	178	1.07344
62	179	1.07065
63	35	0.983294
63	52	0.942568
63	61	0.965453
63	70	0.964352
63	77	1.00524
63	91	1.0375
63	94	1.00271
63	97	0.923811
63	122	0.975283
63	125	1.08458
63	133	0.994335
63	146	1.00285
63	157	0.985885
63	160	1.07662
63	164	0.935444
63	166	1.00112
63	167	1.05835
63	173	1.0632
64	12	0.966853
64	30	1.04671
64	33	0.85513
64	39	1.05746
64	43	0.919653
64	46	0.872285
64	47	1.01646
64	72	1.0169
64	100	1.02121
64	129	1.03611
64	132	1.0068
64	147	0.978277
64	163	1.03936
64	164	1.04906
64	166	0.978942
64	171	1.03861
64	173	1.04102
64	177	1.07005
65	5	1.05024
65	6	0.773763
65	15	1.02401
65	34	0.928834
65	36	1.06457
65	57	1.0278
65	68	0.980687
65	69	0.980687
65	79	1.15555
65	80	1.04069
65	100	0.962363
65	102	0.920602
65	106	1.00812
65	156	1.02758
65	170	1.03364
65	173	1.03472
65	178	1.05401
65	180	0.940252
66	32	1.01923
66	49	1.1197
66	75	0.885654
66	82	1.05162
66	89	1.0512
66	95	1.07298
66	101	1.09036
66	112	1.10351
66	115	1.07798
66	133	1.08077
66	141	0.899226
66	153	0.904754
66	156	0.902377
66	170	0.908434
66	174	0.848524
66	176	0.925087
66	177	0.938555
66	180	1.13266
67	16	1.01038
67	24	1.03104
67	76	1.01571
67	84	0.979585
67	88	0.98105
67	104	0.976092
67	107	0.953681
67	111	0.942725
67	114	0.985441
67	119	0.991451
67	123	0.971643
67	131	1.01126
67	144	1.05595
67	157	0.983857
67	162	1.0179
67	170	1.0476
67	175	0.997644
67	179	1.05278
68	5	1.05024
68	6	0.773763
68	15	1.02401
68	34	0.928834
68	35	0.974489
68	36	1.06457
68	57	1.0278
68	65	0.980687
68	69	0.980687
68	80	1.04069
68	102	0.920602
68	106	1.00812
68	118	1.02284
68	126	1.07946
68	131	1.01696
68	143	1.10048
68	163	1.05273
68	172	0.955842
69	5	1.05024
69	6	0.773763
69	15	1.02401
69	34	0.928834
69	36	1.06457
69	57	1.0278
69	65	0.980687
69	68	0.980687
69	80	1.04069
69	102	0.920602
69	106	1.00812
69	141	1.02627
69	144	1.04383
69	157	1.01374
69	160	1.04999
69	165	1.00907
69	169	1.02906
69	170	1.03548
70	40	0.984411
70	52	0.943659
70	58	1.18732
70	61	0.966545
70	63	0.964352
70	83	0.987385
70	91	1.0386
70	94	1.00381
70	97	0.924902
70	133	0.995427
70	146	1.00394
70	153	1.01099
70	157	0.986976
70	158	1.02319
70	159	1.02597
70	160	1.02918
70	167	1.01091
70	180	0.921288
71	80	0.961427
71	95	1.02898
71	99	1.01657
71	125	1.07418
71	143	0.958199
71	148	1.022
71	152	0.979547
71	154	1.05415
71	155	1.03346
71	161	0.975023
71	163	0.990813
71	165	0.998337
71	166	1.00583
71	167	0.988141
71	168	0.979599
71	177	0.968402
71	178	0.979451
71	179	0.976654
72	12	1.08032
72	30	1.16018
72	33	0.968598
72	39	1.17093
72	43	1.03312
72	46	0.985753
72	47	1.12992
72	64	1.0169
72	74	1.02053
72	82	0.894926
72	127	0.836266
72	131	0.84232
72	135	0.929158
72	147	1.09174
72	164	1.16253
72	169	0.872247
72	177	0.908787
72	178	0.899033
73	6	1.53029
73	11	1.09197
73	20	0.915862
73	24	0.82208
73	49	0.778637
73	55	0.694558
73	81	0.870286
73	111	0.893051
73	145	1.00034
73	149	1.03456
73	150	1.031
73	155	1.05119
73	164	1.1164
73	165	1.03364
73	176	1.0188
73	177	1.00371
73	178	1.01476
73	179	1.01196
73	180	1.08365
74	72	1.02053
74	91	1.04864
74	103	0.951497
74	127	1.10648
74	148	1.11917
74	149	1.11834
74	157	1.12714
74	161	0.939458
74	163	0.955248
74	165	0.962772
74	166	0.970269
74	169	0.953076
74	170	0.953022
74	172	1.05142
74	173	0.948913
74	176	0.947931
74	177	0.932838
74	178	0.943887
74	179	0.941089
75	66	0.885654
75	90	0.9978
75	114	0.977273
75	123	0.994799
75	134	1.01074
75	148	0.954522
75	156	1.03896
75	157	0.96249
75	164	0.857569
75	165	1.05322
75	167	1.04303
75	168	1.03448
75	169	1.04353
75	170	1.04347
75	173	1.03936
75	175	0.960311
75	176	1.03838
75	177	1.02329
75	179	1.03154
76	30	0.840456
76	53	0.890329
76	67	1.01571
76	95	0.952386
76	104	1.00077
76	117	1.02139
76	122	0.97774
76	126	1.00127
76	140	1.04371
76	159	1.03278
76	162	0.914811
76	165	1.05202
76	167	1.04182
76	169	1.04232
76	170	1.04227
76	173	1.03816
76	177	1.02208
76	178	1.03313
76	179	1.03033
77	45	1.00487
77	63	1.00524
77	91	1.07949
77	94	1.0447
77	97	0.965792
77	99	1.04363
77	112	1.05906
77	133	1.03632
77	146	1.04483
77	155	0.937631
77	157	1.02787
77	161	0.983987
77	163	0.955304
77	167	0.952119
77	171	0.954557
77	173	0.956968
77	174	0.895973
77	176	0.972535
77	180	1.08821
78	2	1.05028
78	7	1.01421
78	37	0.944477
78	55	1.15813
78	58	1.11957
78	60	1.01179
78	83	1.02461
78	98	1.00431
78	100	1.08944
78	118	0.916454
78	119	1.06626
78	125	0.989995
78	136	0.941444
78	147	1.0465
78	156	0.940866
78	157	0.925179
78	174	0.887013
78	175	0.923
78	179	0.952099
79	8	1.07205
79	29	1.15744
79	65	1.15555
79	80	1.03865
79	91	1.02868
79	101	1.03448
79	141	0.960114
79	143	0.926342
79	157	1.10718
79	159	0.947243
79	160	0.943626
79	163	0.958955
79	166	0.973976
79	167	0.956283
79	168	0.947742
79	169	0.956783
79	177	0.936545
79	178	0.947594
79	179	0.944796
80	5	1.11024
80	6	0.833763
80	15	1.08401
80	34	0.988834
80	36	1.12457
80	37	1.05615
80	57	1.0878
80	65	1.04069
80	68	1.04069
80	69	1.04069
80	71	0.961427
80	79	1.03865
80	102	0.980602
80	106	1.06812
80	117	0.937022
80	131	0.880387
80	136	0.911254
80	146	0.872678
80	177	0.946854
81	18	0.999198
81	29	0.934763
81	35	1.01141
81	73	0.870286
81	85	0.981568
81	87	0.973775
81	93	1.0432
81	102	0.92568
81	106	1.04821
81	108	1.03032
81	135	0.957706
81	136	1.03318
81	140	1.00934
81	162	1.03372
81	163	1.03808
81	168	1.04924
81	172	1.06848
81	174	1.04018
81	175	1.01473
81	180	0.945269
82	22	0.947376
82	45	0.964822
82	49	1.0352
82	66	1.05162
82	72	0.894926
82	89	0.966697
82	98	0.96793
82	99	1.00358
82	101	1.00586
82	112	1.01901
82	115	0.993476
82	131	0.986929
82	133	0.996266
82	151	1.00928
82	156	1.01722
82	163	1.0227
82	168	1.03386
82	175	0.999352
82	178	1.04364
82	180	1.04816
83	20	1.07749
83	41	1.0288
83	52	0.9656
83	60	0.996505
83	70	0.987385
83	78	1.02461
83	97	0.946843
83	98	0.989031
83	117	1.02056
83	119	1.05098
83	122	0.998315
83	125	0.974713
83	146	1.02588
83	147	1.03122
83	157	1.00892
83	168	1.01085
83	169	0.993849
83	174	0.940358
83	177	1.03039
83	180	0.906881
84	8	1.03041
84	16	1.03076
84	26	1.06141
84	67	0.979585
84	88	1.00143
84	107	0.97406
84	111	0.963104
84	114	1.00582
84	117	1.03604
84	123	0.992023
84	135	0.962267
84	147	0.949934
84	150	1.0013
84	151	1.00176
84	157	1.00424
84	162	1.03828
84	170	1.01575
84	173	1.01684
84	175	1.01802
84	180	0.922367
85	20	0.940449
85	21	1.05739
85	53	1.0457
85	81	0.981568
85	87	0.9645
85	93	1.03393
85	102	0.916405
85	108	1.02104
85	113	1.03342
85	129	0.996067
85	135	0.948431
85	144	1.00824
85	149	0.969344
85	162	1.02444
85	163	0.999311
85	165	0.973476
85	168	1.01047
85	169	0.993469
85	172	1.05921
85	174	1.03091
86	62	0.89241
86	89	0.999883
86	90	0.950156
86	92	1.0715
86	120	0.983572
86	124	0.996145
86	126	0.979913
86	127	1.03803
86	134	1.05364
86	137	0.997703
86	138	0.982406
86	145	0.98392
86	149	1.01813
86	150	1.01458
86	155	1.03477
86	167	0.989096
86	173	0.993945
86	175	1.02067
86	176	1.00951
86	179	0.998035
87	20	0.932656
87	35	0.994338
87	53	1.0379
87	81	0.973775
87	85	0.9645
87	92	1.07009
87	93	1.02613
87	108	1.01325
87	113	1.02562
87	135	0.940638
87	143	1.03862
87	150	0.97699
87	162	1.01665
87	166	0.930457
87	167	0.987685
87	168	1.00203
87	170	0.991448
87	172	1.05142
87	174	1.02312
87	178	1.01182
88	8	1.03187
88	9	1.18309
88	59	1.11594
88	67	0.98105
88	84	1.00143
88	96	1.02246
88	104	0.997937
88	105	0.994906
88	107	0.975526
88	111	0.96457
88	114	1.00729
88	118	0.929486
88	135	0.963732
88	162	1.03974
88	167	0.956192
88	169	0.953536
88	174	0.900045
88	175	1.01949
88	177	0.990076
88	178	0.980322
89	22	0.94695
89	44	0.984183
89	49	1.03477
89	66	1.0512
89	82	0.966697
89	86	0.999883
89	95	0.98805
89	98	0.967504
89	101	1.00544
89	112	1.01859
89	115	0.99305
89	122	1.01666
89	133	0.99584
89	152	0.952209
89	167	1.01028
89	168	1.02462
89	174	0.954128
89	176	1.03069
89	179	1.01921
89	180	1.04773
90	58	1.19323
90	75	0.9978
90	86	0.950156
90	106	1.03014
90	109	0.979673
90	122	0.941176
90	127	0.982922
90	128	0.950855
90	134	1.08136
90	136	1.0151
90	137	0.942595
90	142	1.10279
90	145	0.928812
90	150	0.959467
90	154	0.95366
90	155	0.979666
90	162	0.960274
90	164	1.04487
90	172	1.02059
90	175	0.965565
90	179	1.02576
91	40	1.05756
91	52	1.01681
91	61	1.0397
91	63	1.0375
91	70	1.0386
91	74	1.04864
91	77	1.07949
91	79	1.02868
91	92	0.985405
91	93	0.842107
91	94	1.07696
91	97	0.998055
91	122	1.04953
91	133	1.06858
91	143	0.953942
91	146	1.07709
91	153	0.903088
91	157	1.06013
91	171	0.905443
91	178	0.927135
91	180	0.813382
92	18	1.03468
92	47	0.98751
92	61	1.11639
92	86	1.0715
92	87	1.07009
92	91	0.985405
92	101	0.991204
92	102	1.14009
92	118	1.00942
92	139	0.988602
92	158	0.960445
92	165	0.976522
92	166	0.984019
92	167	0.966325
92	170	0.966772
92	171	0.964486
92	173	0.962663
92	176	0.96168
92	177	0.946587
92	178	0.957636
92	179	0.954838
93	18	1.05156
93	20	1.00208
93	29	0.987123
93	35	1.06377
93	59	1.09834
93	62	0.841904
93	81	1.0432
93	85	1.03393
93	87	1.02613
93	91	0.842107
93	105	0.957199
93	108	1.08267
93	132	0.909216
93	134	1.00314
93	135	1.01007
93	162	1.08608
93	172	1.12084
93	173	0.943439
93	174	1.09254
93	178	0.96272
93	180	0.848966
94	27	0.982691
94	40	1.02277
94	41	1.00854
94	52	0.982022
94	59	1.13599
94	61	1.00491
94	63	1.00271
94	70	1.00381
94	77	1.0447
94	91	1.07696
94	97	0.963265
94	102	1.03444
94	106	0.989558
94	109	0.939501
94	122	1.01474
94	132	0.946865
94	133	1.03379
94	146	1.0423
94	157	1.02534
94	171	0.978677
94	172	0.88254
94	180	0.886616
95	22	0.968729
95	24	1.01232
95	26	0.962477
95	32	0.956082
95	44	1.00596
95	49	1.05655
95	66	1.07298
95	71	1.02898
95	76	0.952386
95	89	0.98805
95	96	0.954449
95	99	1.02493
95	101	1.02721
95	112	1.04037
95	115	1.01483
95	138	1.01218
95	141	0.975073
95	166	0.923291
95	168	0.994866
95	175	0.960359
95	176	1.00093
95	180	1.06951
96	25	0.983092
96	88	1.02246
96	95	0.954449
96	104	1.0175
96	105	1.01447
96	106	0.986737
96	107	0.995085
96	109	0.93668
96	111	0.98413
96	114	1.02685
96	123	1.01305
96	132	1.03648
96	135	0.983292
96	143	1.02436
96	151	0.963184
96	157	1.02526
96	158	0.985697
96	160	0.991689
96	162	1.0593
96	168	0.987766
96	173	0.978268
96	175	1.03905
97	13	1.05086
97	27	0.903787
97	40	0.943869
97	52	0.903118
97	61	0.926003
97	62	1.05332
97	63	0.923811
97	70	0.924902
97	77	0.965792
97	83	0.946843
97	91	0.998055
97	94	0.963265
97	116	1.1135
97	122	0.935833
97	132	1.12063
97	133	0.954885
97	146	0.9634
97	157	0.946435
97	159	1.16506
97	172	1.0563
97	177	1.18389
97	180	1.06038
98	2	1.0147
98	11	0.888914
98	24	0.991775
98	32	0.935536
98	78	1.00431
98	82	0.96793
98	83	0.989031
98	89	0.967504
98	112	1.01982
98	115	0.994283
98	119	1.03068
98	130	0.935612
98	132	0.999088
98	147	1.01093
98	159	1.04352
98	160	1.04673
98	166	0.971234
98	170	1.03222
98	174	0.972315
98	176	1.04888
98	177	1.06235
98	179	1.0374
98	180	1.04897
99	22	0.98383
99	24	1.02742
99	26	0.977578
99	28	1.02367
99	44	1.02106
99	45	1.00128
99	49	1.07165
99	71	1.01657
99	77	1.04363
99	82	1.00358
99	95	1.02493
99	101	1.04232
99	112	1.05547
99	115	1.02993
99	127	0.929474
99	133	1.03272
99	140	0.942554
99	151	0.957876
99	166	0.910882
99	171	0.970549
99	172	0.874411
99	176	0.988527
99	178	0.992241
99	180	1.08461
100	11	0.97404
100	33	0.972907
100	42	0.929076
100	43	1.03743
100	46	0.990062
100	47	1.13423
100	50	1.12258
100	51	1.01806
100	60	1.06134
100	64	1.02121
100	65	0.962363
100	78	1.08944
100	119	1.11581
100	128	0.921412
100	132	0.902601
100	140	0.906419
100	147	1.09605
100	160	0.950246
100	164	1.16684
100	166	0.874747
100	171	0.934413
100	174	0.875829
100	176	0.952391
101	9	1.1357
101	22	0.986114
101	26	0.979862
101	32	0.973468
101	45	1.00356
101	49	1.07394
101	66	1.09036
101	79	1.03448
101	82	1.00586
101	89	1.00544
101	92	0.991204
101	95	1.02721
101	99	1.04232
101	112	1.05775
101	115	1.03221
101	129	0.908746
101	133	1.035
101	159	0.923857
101	161	0.940671
101	168	0.923151
101	170	0.912566
101	171	0.911241
101	176	0.929219
101	180	1.0869
102	15	0.963922
102	36	1.00449
102	53	0.989809
102	57	0.967714
102	65	0.920602
102	68	0.920602
102	69	0.920602
102	80	0.980602
102	81	0.92568
102	85	0.916405
102	92	1.14009
102	94	1.03444
102	108	0.965152
102	113	0.977528
102	117	1.08174
102	139	1.03989
102	155	1.0432
102	156	1.0554
102	162	0.968555
102	169	1.05504
102	172	1.00332
102	174	0.975021
102	177	1.09158
102	179	1.06663
103	22	1.04453
103	23	1.05763
103	45	0.988171
103	56	1.1334
103	74	0.951497
103	105	1.00221
103	112	0.939505
103	123	0.99793
103	127	0.944965
103	147	0.921545
103	153	1.00043
103	156	1.00364
103	158	1.00183
103	161	0.994589
103	163	1.01038
103	166	1.0254
103	167	1.00771
103	168	0.999165
103	169	1.00821
103	171	1.00587
103	173	1.00404
103	175	0.963442
103	176	1.00306
103	177	0.987968
103	179	0.996219
104	14	1.03165
104	30	0.898005
104	38	1.04505
104	48	0.948352
104	67	0.976092
104	76	1.00077
104	88	0.997937
104	96	1.0175
104	105	0.989948
104	107	0.970567
104	111	0.959611
104	114	1.00233
104	123	0.98853
104	132	1.01196
104	135	0.958774
104	152	0.970837
104	157	1.00074
104	159	1.04396
104	161	1.06077
104	162	1.03479
104	166	0.971675
104	167	1.0289
104	175	1.01453
104	176	1.04932
104	179	1.03784
105	16	1.02424
105	17	1.01988
105	23	1.09212
105	38	1.04202
105	88	0.994906
105	93	0.957199
105	96	1.01447
105	103	1.00221
105	104	0.989948
105	106	1.03142
105	107	0.967536
105	108	0.958137
105	110	0.961265
105	111	0.95658
105	114	0.999296
105	123	0.985499
105	132	1.00893
105	135	0.955743
105	154	1.02431
105	157	0.997712
105	162	1.03176
105	173	1.02295
105	175	1.0115
105	179	1.02704
105	180	0.928473
106	6	0.8012
106	27	1.04678
106	34	0.956271
106	40	1.02058
106	57	1.05524
106	65	1.00812
106	68	1.00812
106	69	1.00812
106	80	1.06812
106	81	1.04821
106	90	1.03014
106	94	0.989558
106	96	0.986737
106	105	1.03142
106	128	1.00224
106	147	0.95075
106	152	1.01358
106	160	1.00952
106	161	1.00906
106	164	0.889905
106	173	1.01851
106	176	1.01753
106	177	1.00244
106	178	1.01348
106	179	1.01069
107	8	1.00451
107	14	1.00924
107	25	0.936163
107	42	1.06863
107	62	0.974846
107	67	0.953681
107	84	0.97406
107	88	0.975526
107	96	0.995085
107	104	0.970567
107	105	0.967536
107	111	0.9372
107	114	0.979916
107	123	0.966118
107	132	0.989546
107	135	0.936362
107	151	1.0613
107	152	1.01347
107	153	1.07161
107	156	1.06924
107	162	1.01238
107	166	1.0143
107	173	1.07638
107	175	0.992119
107	179	1.08047
107	180	0.981908
108	18	1.03867
108	20	0.989196
108	29	0.974235
108	35	1.05088
108	46	1.04132
108	53	1.09444
108	81	1.03032
108	85	1.02104
108	87	1.01325
108	93	1.08267
108	102	0.965152
108	105	0.958137
108	113	1.08216
108	119	0.887138
108	135	0.997178
108	144	0.95164
108	152	0.881461
108	158	0.951807
108	160	0.957798
108	161	0.971395
108	162	1.07319
108	167	0.939528
108	172	1.10796
108	174	1.07966
108	175	0.919368
108	179	0.948467
109	31	1.00352
109	35	0.887698
109	90	0.979673
109	94	0.939501
109	96	0.93668
109	124	1.02566
109	127	1.06755
109	128	1.03548
109	137	1.02722
109	138	1.01192
109	139	0.944949
109	145	1.01344
109	146	1.05337
109	148	1.05226
109	149	1.04765
109	154	1.03829
109	155	1.06429
109	164	1.12949
109	166	0.905521
109	167	0.96275
109	168	0.977097
109	173	0.967599
109	174	0.906603
109	175	1.05019
109	177	0.996633
109	178	0.98688
110	18	0.895449
110	20	1.02364
110	24	0.929855
110	31	1.03536
110	57	0.906075
110	105	0.961265
110	121	0.959844
110	125	0.968891
110	128	0.932093
110	141	1.04721
110	150	0.931961
110	156	1.03931
110	161	1.03026
110	163	1.04605
110	166	1.06107
110	167	1.04338
110	168	1.03483
110	169	1.04388
110	170	1.04382
110	171	1.04154
110	172	0.848957
110	173	1.03971
110	176	1.03873
110	177	1.02364
110	178	1.03469
110	179	1.03189
111	8	0.993549
111	14	0.998284
111	16	0.993901
111	17	0.989543
111	38	1.01168
111	67	0.942725
111	73	0.893051
111	84	0.963104
111	88	0.96457
111	96	0.98413
111	104	0.959611
111	105	0.95658
111	107	0.9372
111	113	0.996262
111	123	0.955163
111	143	1.10859
111	144	1.06977
111	157	0.967376
111	160	1.07593
111	162	1.00142
111	163	1.06084
111	168	1.07201
111	169	1.055
111	174	1.00151
111	175	0.981163
111	176	1.07807
112	1	0.919326
112	26	0.993014
112	32	0.98662
112	36	0.906443
112	44	1.0365
112	45	1.01671
112	66	1.10351
112	77	1.05906
112	82	1.01901
112	89	1.01859
112	95	1.04037
112	98	1.01982
112	99	1.05547
112	101	1.05775
112	103	0.939505
112	115	1.04537
112	117	0.979444
112	129	0.955333
112	133	1.04816
112	134	1.01994
112	139	0.937591
112	156	0.953098
112	158	0.96767
112	159	0.970445
112	172	0.861692
112	180	1.10005
113	7	1.04153
113	11	0.951816
113	29	0.986612
113	37	0.971803
113	50	1.10036
113	60	1.03911
113	85	1.03342
113	87	1.02562
113	102	0.977528
113	108	1.08216
113	111	0.996262
113	114	0.934894
113	119	1.09359
113	121	0.95528
113	130	0.998514
113	131	0.905509
113	139	0.920292
113	154	0.944302
113	156	0.935798
113	158	0.950371
113	159	0.953146
113	162	1.08557
113	167	0.938092
113	172	1.12033
113	174	1.09203
113	177	0.971976
114	14	1.041
114	17	1.03226
114	38	1.0544
114	42	0.993391
114	67	0.985441
114	75	0.977273
114	84	1.00582
114	88	1.00729
114	96	1.02685
114	104	1.00233
114	105	0.999296
114	107	0.979916
114	113	0.934894
114	118	0.969585
114	123	0.997879
114	124	1.00765
114	132	1.02131
114	135	0.968122
114	141	0.990845
114	153	0.996373
114	156	0.993997
114	157	1.01009
114	159	1.01134
114	162	1.04414
114	169	0.993634
114	174	0.940144
114	175	1.02388
115	22	0.973729
115	24	1.01732
115	26	0.967477
115	31	1.0862
115	32	0.961082
115	38	0.906216
115	44	1.01096
115	45	0.991175
115	66	1.07798
115	82	0.993476
115	89	0.99305
115	95	1.01483
115	98	0.994283
115	99	1.02993
115	101	1.03221
115	112	1.04537
115	118	0.966786
115	132	0.964117
115	133	1.02262
115	139	0.975691
115	145	1.02086
115	158	1.00577
115	167	0.993492
115	169	0.990836
115	172	0.899792
115	173	0.998341
115	180	1.07451
116	3	1.01948
116	12	0.93463
116	54	1.0051
116	97	1.1135
116	121	0.994085
116	124	0.991471
116	126	0.975239
116	127	1.03336
116	128	1.00129
116	137	0.993028
116	138	0.977731
116	142	1.04895
116	143	1.01392
116	145	0.979246
116	149	1.01346
116	153	0.963066
116	154	1.00409
116	155	1.0301
116	158	0.975263
116	164	1.0953
116	165	0.940334
116	167	0.962984
116	170	0.966747
116	172	1.07102
116	174	0.906837
116	175	1.016
116	178	0.987114
117	12	0.995187
117	43	1.03493
117	76	1.02139
117	80	0.937022
117	83	1.02056
117	84	1.03604
117	102	1.08174
117	112	0.979444
117	119	0.971151
117	130	1.10125
117	131	1.02765
117	136	1.00348
117	137	1.038
117	142	0.932737
117	148	0.997592
117	152	0.979765
117	153	0.981083
117	159	0.979319
117	163	0.991031
117	166	1.00605
117	167	0.988359
117	169	0.988859
117	170	0.988805
117	171	0.98652
117	173	0.984696
117	176	0.983714
117	178	0.979669
117	179	0.976872
118	15	0.950994
118	30	0.841884
118	62	1.12523
118	68	1.02284
118	78	0.916454
118	88	0.929486
118	92	1.00942
118	114	0.969585
118	115	0.966786
118	119	0.920393
118	141	1.05571
118	145	1.00015
118	149	0.946001
118	153	1.04461
118	156	1.04782
118	161	1.03877
118	164	0.849881
118	166	1.06958
118	167	1.05188
118	168	1.04334
118	169	1.05238
118	171	1.05005
118	172	0.879083
118	173	1.04822
118	176	1.04724
118	177	1.03215
118	178	1.0432
118	179	1.0404
119	1	0.911033
119	2	1.07665
119	7	1.04058
119	11	0.950862
119	37	0.970848
119	50	1.0994
119	51	0.994881
119	55	1.1845
119	60	1.03816
119	67	0.991451
119	78	1.06626
119	83	1.05098
119	98	1.03068
119	100	1.11581
119	108	0.887138
119	113	1.09359
119	117	0.971151
119	118	0.920393
119	125	1.01637
119	130	0.997559
119	136	0.945383
119	147	1.07288
119	153	0.947181
119	166	0.88987
119	170	0.950861
119	176	0.967515
119	178	0.971229
119	180	0.857475
120	10	1.00297
120	31	0.952309
120	51	1.08663
120	56	0.896599
120	86	0.983572
120	124	0.974454
120	126	0.958221
120	128	0.984271
120	132	0.983369
120	134	1.07729
120	137	0.976011
120	138	0.960714
120	141	1.0073
120	146	1.00216
120	148	1.00105
120	149	0.996442
120	150	0.992883
120	153	1.01283
120	154	0.987076
120	156	1.01045
120	164	1.07828
120	167	1.01274
120	172	1.054
120	175	0.998981
120	176	1.03316
120	177	1.04663
120	179	1.02168
120	180	0.92312
121	10	1.01816
121	13	0.917536
121	19	0.943954
121	54	1.00327
121	110	0.959844
121	113	0.95528
121	116	0.994085
121	122	0.98978
121	125	0.966178
121	126	0.973409
121	127	1.03153
121	128	0.999459
121	135	1.07093
121	137	0.991199
121	138	0.975902
121	139	0.998876
121	141	1.01123
121	145	0.977416
121	148	1.01623
121	149	1.01163
121	150	1.00807
121	151	1.00644
121	153	1.01676
121	154	1.00226
121	155	1.02827
121	158	1.02895
121	163	1.01986
121	165	0.994027
121	168	1.03102
121	172	1.06919
122	38	0.918598
122	57	0.969292
122	61	0.977475
122	63	0.975283
122	76	0.97774
122	83	0.998315
122	89	1.01666
122	90	0.941176
122	91	1.04953
122	94	1.01474
122	97	0.935833
122	121	0.98978
122	130	0.944896
122	133	1.00636
122	134	1.07042
122	138	0.973426
122	146	1.01487
122	148	1.01376
122	149	1.00915
122	151	0.995639
122	154	0.999788
122	157	0.997907
122	160	1.02414
122	163	1.00906
122	164	1.091
122	165	0.983224
122	167	1.00587
122	172	1.06672
122	176	1.02629
122	179	1.01481
123	8	1.02247
123	10	0.980726
123	14	1.0272
123	16	1.02282
123	17	1.01846
123	28	1.06938
123	38	1.0406
123	55	0.873493
123	67	0.971643
123	75	0.994799
123	84	0.992023
123	96	1.01305
123	103	0.99793
123	104	0.98853
123	105	0.985499
123	107	0.966118
123	111	0.955163
123	114	0.997879
123	132	1.00751
123	135	0.954325
123	140	0.98826
123	144	1.02593
123	157	0.996295
123	161	1.04568
123	162	1.03034
123	165	0.991167
123	174	0.95767
123	175	1.01008
123	177	1.0477
123	178	1.03795
124	25	0.955599
124	31	0.964883
124	56	0.909173
124	86	0.996145
124	109	1.02566
124	114	1.00765
124	116	0.991471
124	120	0.974454
124	127	1.02891
124	128	0.996844
124	138	0.973287
124	141	1.00541
124	145	0.974802
124	147	0.948795
124	149	1.00902
124	150	1.00546
124	151	1.00062
124	154	0.999649
124	155	1.02566
124	161	1.04272
124	163	1.01404
124	164	1.09086
124	165	0.988202
124	170	1.01461
124	172	1.06658
124	173	1.0157
124	175	1.01155
124	178	1.03498
124	179	1.01979
124	180	0.921228
125	2	1.00039
125	7	0.964312
125	37	0.894583
125	50	1.02314
125	51	0.918615
125	63	1.08458
125	71	1.07418
125	78	0.989995
125	83	0.974713
125	110	0.968891
125	119	1.01637
125	121	0.966178
125	127	1.00545
125	130	0.921294
125	138	0.949824
125	142	1.11169
125	143	1.07666
125	145	0.951338
125	146	0.99127
125	147	0.99661
125	148	0.990156
125	154	0.976186
125	155	1.00219
125	156	1.02343
125	159	1.04078
125	160	1.04399
125	164	1.06739
125	166	0.968494
125	178	1.04985
125	179	1.03466
125	180	0.936099
126	1	0.99334
126	4	1.00184
126	23	0.943662
126	28	1.08496
126	31	0.94865
126	54	0.984422
126	68	1.07946
126	76	1.00127
126	86	0.979913
126	116	0.975239
126	120	0.958221
126	121	0.973409
126	128	0.980612
126	131	0.996823
126	134	1.09395
126	137	0.972352
126	138	0.957055
126	141	1.02396
126	143	1.08034
126	145	0.958569
126	146	0.998501
126	148	0.997387
126	149	0.992783
126	150	0.989225
126	154	0.983417
126	155	1.00942
126	159	1.04446
126	165	1.00676
126	170	1.03317
126	174	0.973259
126	175	0.995322
127	4	1.05996
127	9	0.905822
127	28	1.01641
127	48	0.8803
127	54	1.04254
127	72	0.836266
127	74	1.10648
127	86	1.03803
127	90	0.982922
127	99	0.929474
127	103	0.944965
127	109	1.06755
127	116	1.03336
127	121	1.03153
127	124	1.02891
127	125	1.00545
127	137	1.03047
127	138	1.01517
127	143	1.01179
127	146	1.05662
127	149	1.0509
127	150	1.04734
127	153	0.960934
127	154	1.04153
127	165	0.938202
127	171	0.96329
127	172	1.10846
127	175	1.05344
127	176	0.981267
127	179	0.969791
127	180	0.871228
128	3	1.02486
128	10	1.02537
128	19	0.951157
128	30	0.858026
128	37	1.13211
128	48	0.908373
128	90	0.950855
128	100	0.921412
128	106	1.00224
128	109	1.03548
128	110	0.932093
128	116	1.00129
128	120	0.984271
128	121	0.999459
128	124	0.996844
128	126	0.980612
128	138	0.983104
128	140	0.963368
128	142	1.0749
128	145	0.984619
128	148	1.02344
128	150	1.01527
128	154	1.00947
128	155	1.03547
128	158	1.0012
128	159	1.00398
128	163	0.99211
128	164	1.10067
128	172	1.07639
128	175	1.02137
128	177	1.02281
128	179	0.997864
129	40	1.0072
129	49	0.943186
129	56	1.14923
129	64	1.03611
129	85	0.996067
129	101	0.908746
129	112	0.955333
129	130	1.07714
129	131	1.04873
129	142	0.953819
129	143	0.979499
129	145	1.0268
129	147	0.937374
129	149	0.972649
129	151	1.01007
129	159	1.0004
129	163	1.01211
129	164	0.876529
129	165	1.01964
129	166	1.02713
129	167	1.00944
129	168	1.0009
129	169	1.00994
129	170	1.00989
129	172	0.905731
129	173	1.00578
129	174	1.04981
129	176	1.0048
129	177	0.989702
129	178	1.00075
129	179	0.997953
129	180	1.06965
130	1	1.04113
130	11	0.85579
130	37	0.875776
130	50	1.00433
130	51	0.899809
130	55	1.08943
130	98	0.935612
130	113	0.998514
130	117	1.10125
130	119	0.997559
130	122	0.944896
130	125	0.921294
130	129	1.07714
130	136	1.07548
130	138	0.931017
130	145	0.932532
130	147	0.977803
130	148	0.97135
130	149	0.966746
130	150	0.963187
130	152	1.01913
130	154	0.957379
130	155	0.983386
130	158	1.08947
130	165	1.05454
130	168	1.09154
130	169	1.07454
130	172	1.02431
130	173	1.08204
130	174	1.02105
130	175	0.969285
130	179	1.08613
131	10	0.933815
131	28	1.01399
131	35	0.891854
131	67	1.01126
131	68	1.01696
131	72	0.84232
131	80	0.880387
131	82	0.986929
131	113	0.905509
131	117	1.02765
131	126	0.996823
131	129	1.04873
131	135	1.02116
131	140	1.04997
131	148	0.940957
131	149	0.940124
131	152	1.03948
131	155	0.952417
131	160	1.03542
131	161	1.03496
131	163	1.05075
131	165	1.05827
131	166	1.06577
131	168	1.03953
131	169	1.04858
131	170	1.04852
131	171	1.04624
131	172	0.873206
131	173	1.04441
131	176	1.04343
131	177	1.02834
131	178	1.03939
131	179	1.03659
132	22	1.03105
132	43	0.981506
132	55	0.82979
132	64	1.0068
132	93	0.909216
132	94	0.946865
132	96	1.03648
132	97	1.12063
132	98	0.999088
132	100	0.902601
132	104	1.01196
132	105	1.00893
132	107	0.989546
132	114	1.02131
132	115	0.964117
132	120	0.983369
132	123	1.00751
132	135	0.977752
132	137	0.984576
132	150	0.959419
132	152	1.01127
132	154	0.976323
132	157	1.01972
132	162	1.05376
132	165	1.03006
132	166	1.03755
132	167	1.01986
132	171	1.01802
132	173	1.0162
132	175	1.03351
132	176	1.01522
132	177	1.00012
132	178	1.01117
132	180	1.08007
133	1	0.926891
133	4	0.948836
133	24	1.02011
133	40	1.01439
133	41	0.995254
133	48	0.882405
133	52	0.973642
133	59	1.12271
133	61	0.996528
133	63	0.994335
133	66	1.08077
133	70	0.995427
133	77	1.03632
133	82	0.996266
133	89	0.99584
133	91	1.06858
133	94	1.03379
133	97	0.954885
133	99	1.03272
133	101	1.035
133	112	1.04816
133	115	1.02262
133	122	1.00636
133	134	1.0275
133	151	0.952722
133	157	1.01696
133	161	0.994824
133	168	0.977304
133	171	0.965394
133	172	0.869257
133	173	0.967806
133	176	0.983372
133	177	0.99684
133	180	1.0773
134	7	1.00931
134	75	1.01074
134	86	1.05364
134	90	1.08136
134	93	1.00314
134	112	1.01994
134	120	1.07729
134	122	1.07042
134	126	1.09395
134	133	1.0275
134	138	1.0957
134	142	0.920876
134	144	0.971091
134	147	1.00198
134	150	1.05334
134	151	0.977123
134	153	0.969222
134	156	0.972433
134	158	0.970617
134	160	0.96384
134	161	0.96338
134	162	1.00749
134	163	0.97917
134	166	0.994191
134	167	0.976498
134	168	0.967956
134	169	0.976998
134	170	0.976944
134	171	0.974659
134	173	0.972835
134	176	0.971853
134	177	0.956759
134	178	0.967808
134	179	0.96501
135	20	0.916587
135	27	0.923891
135	53	1.02183
135	72	0.929158
135	81	0.957706
135	84	0.962267
135	85	0.948431
135	87	0.940638
135	88	0.963732
135	93	1.01007
135	96	0.983292
135	104	0.958774
135	105	0.955743
