1	115	1.58618
1	143	1.5784
1	156	0.861361
1	161	0.838523
1	170	0.794694
1	171	0.833398
1	175	0.793354
1	176	0.808863
1	177	1.20939
1	178	0.76371
1	179	0.757739
1	180	0.752649
2	8	1.23996
2	15	1.45925
2	57	0.850613
2	61	0.905671
2	93	0.785291
2	105	0.813734
2	124	0.934064
2	150	0.927137
2	152	0.910856
2	177	0.981466
2	179	0.849808
2	180	0.844718
3	70	0.863895
3	105	0.871492
3	114	0.883799
3	115	0.883883
3	116	0.927648
3	128	0.915875
3	132	0.903435
3	148	1.2368
3	159	1.36806
3	164	1.2965
3	169	1.45114
3	177	0.94743
4	109	0.812737
4	122	0.79193
4	124	1.52743
4	137	0.79728
4	143	0.783224
4	144	0.817971
4	146	0.804332
4	150	0.799251
4	152	0.78297
4	161	1.63938
4	174	0.808043
4	179	2.06178
5	84	1.61323
5	102	1.18742
5	112	0.888649
5	117	0.866594
5	125	0.927418
5	127	0.917358
5	129	1.22863
5	130	0.902143
5	133	0.892113
5	136	0.904451
5	155	1.27982
5	174	0.900765
6	37	1.55697
6	70	1.49883
6	162	0.838692
6	163	0.822613
6	166	0.841289
6	169	0.814135
6	174	1.2783
6	175	0.794611
6	176	0.81012
6	178	0.764968
6	179	0.758997
6	180	0.753907
7	18	0.808442
7	20	0.850275
7	22	0.800171
7	29	0.801358
7	34	0.878904
7	38	0.778885
7	53	0.725004
7	55	0.805429
7	102	1.70227
7	129	1.74349
7	148	1.71977
7	164	0.789745
8	2	1.23996
8	86	0.764862
8	117	0.764474
8	120	0.795575
8	125	0.825297
8	127	0.815238
8	130	0.800023
8	133	0.789993
8	136	0.80233
8	158	1.76689
8	175	2.07736
8	177	0.844181
9	35	0.876544
9	44	0.876455
9	54	1.20787
9	56	0.943398
9	57	0.823655
9	59	0.943986
9	61	0.878714
9	124	1.33944
9	140	0.894377
9	166	1.45443
9	173	1.38476
9	177	0.954509
10	32	0.895495
10	33	0.868996
10	41	0.867876
10	50	0.933719
10	64	0.999817
10	113	1.1553
10	159	0.880937
10	161	1.37939
10	164	0.892675
10	168	1.36925
10	173	0.888372
10	176	1.45091
11	114	0.789077
11	115	0.789161
11	116	0.832926
11	118	1.58881
11	119	0.820925
11	128	0.821153
11	132	0.808713
11	164	1.53778
11	167	0.753616
11	172	0.71063
11	177	0.852708
11	180	2.11625
12	57	0.827769
12	61	0.882827
12	120	0.910016
12	121	1.68937
12	136	0.916771
12	137	0.902323
12	146	0.909374
12	152	0.888013
12	155	1.27061
12	158	1.1425
12	165	1.26829
12	177	0.958622
13	97	1.39586
13	143	1.47301
13	149	0.836973
13	152	1.50476
13	156	0.861853
13	168	0.832403
13	170	0.795186
13	175	0.793846
13	176	0.809355
13	178	0.764202
13	179	0.758231
13	180	0.753141
14	19	0.856811
14	30	0.856811
14	69	0.929866
14	77	0.848919
14	78	1.41346
14	79	0.898475
14	80	1.36618
14	85	0.894098
14	153	0.845447
14	156	1.411
14	159	0.842464
14	163	1.55915
14	174	0.864695
15	2	1.45925
15	39	1.61328
15	42	0.802218
15	87	0.795128
15	97	0.764989
15	114	0.750009
15	115	0.750093
15	116	0.793858
15	119	0.781857
15	128	0.782085
15	132	0.769645
15	151	2.4045
15	177	0.81364
16	25	0.878212
16	35	0.843082
16	44	0.842993
16	56	0.909936
16	57	0.790193
16	59	0.910524
16	61	0.845252
16	66	1.53234
16	95	1.30274
16	138	1.46469
16	140	0.860915
16	173	1.42327
16	177	0.921047
17	32	0.866002
17	33	0.839504
17	39	1.09085
17	41	0.838384
17	50	0.904227
17	64	0.970324
17	92	1.31005
17	126	0.832866
17	145	1.509
17	159	0.851445
17	164	0.863183
17	167	1.8511
17	173	0.85888
18	7	0.808442
18	22	0.879629
18	24	0.876977
18	34	0.958362
18	38	0.858343
18	51	1.31292
18	53	0.804462
18	55	0.884887
18	80	0.883766
18	135	1.43505
18	148	1.43076
18	154	1.55033
18	164	0.869203
19	14	0.856811
19	69	0.92878
19	77	0.847832
19	79	0.897388
19	85	0.893012
19	140	0.849014
19	153	0.84436
19	159	0.841377
19	160	1.33358
19	168	1.35182
19	171	1.3153
19	174	0.863609
19	179	1.78436
20	7	0.850275
20	22	0.921462
20	29	0.922649
20	38	0.900176
20	52	1.35825
20	53	0.846295
20	55	0.92672
20	80	0.925599
20	147	1.39437
20	164	0.911036
20	169	1.10444
20	180	1.52827
21	23	0.890686
21	28	0.889462
21	31	0.88303
21	46	0.816823
21	63	0.869553
21	65	0.868965
21	71	0.922986
21	72	0.838183
21	153	0.85769
21	157	1.21188
21	173	1.1657
21	178	1.67666
21	180	1.73523
22	7	0.800171
22	18	0.879629
22	20	0.921462
22	29	0.872545
22	34	0.950091
22	38	0.850071
22	53	0.796191
22	55	0.876615
22	88	1.13737
22	118	1.53286
22	161	1.55739
22	164	0.860932
22	171	1.51074
23	21	0.890686
23	27	0.879159
23	46	0.825126
23	63	0.877856
23	65	0.877268
23	71	0.931288
23	72	0.846486
23	110	0.835965
23	153	0.865992
23	159	1.16508
23	167	1.36797
23	179	1.59147
23	180	1.67198
24	18	0.876977
24	29	0.869893
24	34	0.947439
24	38	0.84742
24	52	1.69047
24	53	0.793539
24	55	0.873964
24	80	0.872843
24	102	1.20483
24	108	1.52341
24	111	0.858786
24	162	1.31823
24	164	0.85828
25	16	0.878212
25	35	0.841767
25	44	0.841678
25	56	0.908622
25	57	0.788879
25	59	0.909209
25	61	0.843937
25	140	0.859601
25	166	1.29334
25	167	1.4892
25	168	1.28016
25	177	0.919732
25	178	1.73464
26	89	1.30511
26	112	0.862972
26	117	0.840918
26	120	0.872019
26	125	0.901741
26	130	0.876467
26	133	0.866437
26	136	0.878774
26	166	1.26658
26	170	1.45932
26	172	0.778547
26	177	0.920626
26	180	1.76646
27	23	0.879159
27	31	0.871503
27	39	0.959559
27	46	0.805296
27	63	0.858025
27	65	0.857437
27	71	0.911458
27	72	0.826655
27	92	1.23752
27	129	1.46814
27	153	0.846162
27	164	1.50412
27	165	1.51701
28	21	0.889462
28	31	0.890109
28	46	0.823902
28	63	0.876631
28	65	0.876043
28	71	0.930064
28	72	0.845261
28	100	0.821381
28	149	1.21441
28	153	0.864768
28	168	1.29259
28	172	1.84101
28	175	1.42474
29	7	0.801358
29	20	0.922649
29	22	0.872545
29	24	0.869893
29	34	0.951278
29	38	0.851259
29	48	1.04395
29	53	0.797378
29	55	0.877803
29	164	0.862119
29	165	1.31609
29	167	1.57766
29	178	1.8231
30	14	0.856811
30	69	0.92878
30	77	0.847832
30	79	0.897388
30	85	0.893012
30	106	1.18034
30	140	0.849014
30	153	0.84436
30	159	0.841377
30	167	1.50495
30	171	1.2594
30	172	1.84434
30	174	0.863609
31	21	0.88303
31	27	0.871503
31	28	0.890109
31	46	0.81747
31	52	1.6655
31	63	0.8702
31	65	0.869612
31	71	0.923632
31	72	0.83883
31	153	0.858336
31	160	1.30424
31	167	1.53151
31	171	1.28596
32	10	0.895495
32	17	0.866002
32	33	0.829646
32	41	0.828526
32	50	0.894369
32	64	0.960467
32	151	1.63737
32	159	0.841587
32	163	1.42441
32	164	0.853325
32	165	1.34483
32	171	1.36084
32	173	0.849022
33	10	0.868996
33	17	0.839504
33	32	0.829646
33	41	0.802028
33	50	0.86787
33	64	0.933968
33	126	0.796509
33	147	1.82303
33	157	1.43356
33	159	0.815088
33	164	0.826826
33	165	1.39134
33	173	0.822524
33	176	1.52554
34	7	0.878904
34	18	0.958362
34	22	0.950091
34	24	0.947439
34	29	0.951278
34	53	0.874924
34	55	0.955349
34	62	1.21331
34	111	0.940171
34	158	1.10682
34	161	1.29528
34	163	1.31219
34	164	0.939665
34	169	1.37437
35	9	0.876544
35	16	0.843082
35	25	0.841767
35	44	0.806548
35	56	0.873492
35	57	0.753749
35	59	0.87408
35	61	0.808807
35	104	1.3809
35	139	1.51835
35	140	0.824471
35	168	1.66457
35	173	1.60808
35	177	0.884602
36	86	0.808616
36	117	0.808228
36	120	0.839328
36	127	0.858991
36	130	0.843776
36	133	0.833746
36	136	0.846084
36	139	1.33002
36	155	1.42603
36	171	1.43973
36	173	0.827602
36	174	0.842398
36	177	0.887935
36	180	1.98929
37	6	1.55697
37	76	0.799884
37	122	0.8373
37	123	0.836108
37	131	0.843651
37	135	1.42311
37	141	0.871003
37	143	0.828594
37	146	0.849703
37	150	0.844622
37	152	0.828341
37	166	1.55712
37	173	1.48746
37	174	0.853414
38	7	0.778885
38	18	0.858343
38	20	0.900176
38	22	0.850071
38	24	0.84742
38	29	0.851259
38	53	0.774905
38	55	0.855329
38	108	1.63155
38	111	0.840151
38	154	1.45003
38	164	0.839645
38	165	1.40305
38	170	1.66149
39	15	1.61328
39	17	1.09085
39	27	0.959559
39	46	0.905527
39	67	0.729533
39	72	0.926886
39	77	0.949865
39	85	0.995045
39	107	0.822257
39	133	0.907304
39	155	0.967323
39	174	0.965642
39	179	0.87952
39	180	0.87443
40	112	0.824921
40	117	0.802866
40	125	0.86369
40	127	0.85363
40	130	0.838415
40	133	0.828385
40	134	1.53549
40	136	0.840723
40	156	1.23245
40	167	1.56259
40	173	0.82224
40	174	0.837037
40	177	0.882574
40	180	1.8666
41	10	0.867876
41	17	0.838384
41	32	0.828526
41	33	0.802028
41	50	0.866751
41	58	1.58799
41	64	0.932848
41	92	1.34572
41	126	0.795389
41	138	1.66268
41	158	1.49941
41	159	0.813969
41	164	0.825707
41	173	0.821404
42	15	0.802218
42	93	0.899774
42	97	0.902493
42	105	0.875206
42	115	0.887597
42	116	0.931363
42	119	0.919362
42	128	0.91959
42	132	0.90715
42	142	1.07596
42	151	1.35298
42	166	1.12615
42	177	0.951145
42	178	1.56745
42	180	1.62602
43	94	0.903415
43	99	2.06621
43	131	0.897158
43	137	0.896158
43	139	0.919204
43	140	0.892326
43	141	0.92451
43	143	0.882101
43	144	0.916848
43	146	0.903209
43	150	0.898128
43	152	0.881848
43	157	1.05512
43	160	1.04719
43	172	1.61385
44	9	0.876455
44	16	0.842993
44	25	0.841678
44	35	0.806548
44	56	0.873403
44	57	0.75366
44	59	0.87399
44	61	0.808718
44	140	0.824382
44	149	1.3749
44	164	1.38766
44	176	1.53474
44	177	0.884513
44	179	1.88562
45	112	0.889967
45	117	0.867913
45	120	0.899014
45	125	0.928736
45	127	0.918677
45	130	0.903462
45	133	0.893432
45	136	0.905769
45	145	1.08317
45	147	1.5954
45	155	1.16603
45	166	1.22942
45	173	0.887287
45	174	0.902084
45	178	1.67072
46	21	0.816823
46	23	0.825126
46	27	0.805296
46	28	0.823902
46	31	0.81747
46	39	0.905527
46	63	0.803993
46	65	0.803405
46	71	0.857426
46	72	0.772623
46	121	1.98535
46	145	1.48374
46	153	0.79213
46	155	1.56659
46	164	1.55139
47	98	0.821569
47	109	0.828119
47	123	0.80612
47	137	0.812663
47	141	0.841015
47	143	0.798606
47	144	0.833353
47	146	0.819714
47	150	0.814633
47	152	0.798353
47	163	1.505
47	171	1.44143
47	172	2.02637
47	174	0.823426
47	175	1.6101
48	29	1.04395
48	110	1.36434
48	125	1.06299
48	132	1.13337
48	142	0.937285
48	157	0.925474
48	160	0.937875
48	165	0.932671
48	169	0.908796
48	175	0.889273
48	176	0.904782
48	177	0.835969
48	178	0.859629
48	179	0.853658
48	180	0.848568
49	107	0.927176
49	109	0.914273
49	123	0.892273
49	131	0.899816
49	135	1.11425
49	137	0.898816
49	143	0.884759
49	146	0.905867
49	150	0.900787
49	152	0.884506
49	153	0.89033
49	160	1.21685
49	163	1.26213
49	170	1.441
49	178	1.68956
50	10	0.933719
50	17	0.904227
50	32	0.894369
50	33	0.86787
50	41	0.866751
50	64	0.998691
50	126	0.861232
50	154	1.30977
50	155	1.2651
50	159	0.879812
50	160	1.29707
50	164	0.89155
50	173	0.887247
50	175	1.44746
50	176	1.39698
51	18	1.31292
51	93	1.24758
51	120	1.22641
51	125	1.1447
51	143	0.876246
51	144	0.910993
51	150	0.892273
51	152	0.875993
51	158	0.927066
51	159	0.878834
51	164	0.890572
51	173	0.886269
51	177	0.917682
51	178	0.820915
51	179	0.814944
51	180	0.809854
52	20	1.35825
52	24	1.69047
52	31	1.6655
52	73	1.56801
52	77	0.806056
52	85	0.851236
52	134	0.765042
52	141	0.839422
52	144	0.831761
52	150	0.813041
52	152	0.79676
52	163	0.799327
52	166	0.818003
52	174	0.821833
52	178	0.741682
52	180	0.730621
53	7	0.725004
53	18	0.804462
53	20	0.846295
53	22	0.796191
53	24	0.793539
53	29	0.797378
53	34	0.874924
53	38	0.774905
53	55	0.801449
53	80	0.800328
53	92	1.47587
53	111	0.786271
53	162	1.77868
53	164	0.785765
53	171	1.77137
53	175	1.94004
54	9	1.20787
54	94	1.21747
54	140	1.17118
54	141	1.00921
54	149	0.904059
54	151	0.842299
54	153	1.21157
54	156	0.928939
54	161	0.906101
54	162	0.905012
54	171	0.900976
54	175	0.860932
54	176	0.876441
54	178	0.831288
54	179	0.825317
54	180	0.820227
55	7	0.805429
55	18	0.884887
55	20	0.92672
55	22	0.876615
55	24	0.873964
55	29	0.877803
55	34	0.955349
55	38	0.855329
55	53	0.801449
55	89	1.45761
55	103	1.35411
55	111	0.866695
55	145	1.27284
55	161	1.41604
55	164	0.866189
55	167	1.61494
56	9	0.943398
56	16	0.909936
56	25	0.908622
56	35	0.873492
56	44	0.873403
56	57	0.820603
56	59	0.940934
56	61	0.875662
56	62	1.19979
56	140	0.891325
56	145	1.13856
56	164	1.20621
56	167	1.48066
56	177	0.951457
56	178	1.7261
57	2	0.850613
57	9	0.823655
57	12	0.827769
57	16	0.790193
57	25	0.788879
57	35	0.753749
57	44	0.75366
57	56	0.820603
57	59	0.821191
57	61	0.755919
57	88	1.42756
57	118	1.82305
57	140	0.771582
57	149	1.75926
57	169	1.92666
57	177	0.831714
58	41	1.58799
58	110	1.59927
58	135	0.83884
58	140	1.31481
58	148	0.831209
58	152	1.47167
58	155	0.83399
58	162	0.825882
58	163	0.809803
58	168	0.820359
58	171	0.821846
58	175	0.781802
58	176	0.797311
58	178	0.752158
58	179	0.746187
58	180	0.741097
59	9	0.943986
59	16	0.910524
59	25	0.909209
59	35	0.87408
59	44	0.87399
59	56	0.940934
59	57	0.821191
59	61	0.876249
59	102	1.18248
59	140	0.891913
59	142	1.28808
59	169	1.41431
59	170	1.531
59	173	1.2686
59	177	0.952044
60	67	1.5662
60	85	1.53149
60	112	1.70864
60	147	0.751105
60	156	0.841222
60	157	0.809416
60	160	0.821818
60	161	0.818384
60	168	0.811773
60	169	0.792739
60	170	0.774555
60	175	0.773215
60	176	0.788724
60	177	1.44609
60	178	0.743572
60	179	0.737601
60	180	0.73251
61	2	0.905671
61	9	0.878714
61	12	0.882827
61	16	0.845252
61	25	0.843937
61	35	0.808807
61	44	0.808718
61	56	0.875662
61	57	0.755919
61	59	0.876249
61	104	1.20293
61	140	0.826641
61	151	1.72662
61	154	1.48106
61	166	1.49978
61	175	1.61876
61	177	0.886772
62	34	1.21331
62	56	1.19979
62	113	0.902073
62	137	1.40867
62	140	1.33272
62	161	0.88238
62	163	0.865213
62	166	0.883889
62	168	0.875768
62	169	0.856734
62	170	0.838551
62	174	1.19344
62	175	0.837211
62	176	0.85272
62	178	0.807567
62	179	0.801596
62	180	0.796506
63	21	0.869553
63	23	0.877856
63	27	0.858025
63	28	0.876631
63	31	0.8702
63	46	0.803993
63	65	0.856134
63	71	0.910155
63	72	0.825352
63	100	0.801471
63	110	0.814831
63	148	1.24413
63	153	0.844859
63	155	1.31903
63	167	1.57828
63	170	1.57516
63	179	1.80178
64	10	0.999817
64	17	0.970324
64	32	0.960467
64	33	0.933968
64	41	0.932848
64	50	0.998691
64	103	1.11639
64	118	1.1538
64	126	0.92733
64	159	0.945909
64	161	1.17832
64	164	0.957647
64	167	1.37722
64	171	1.13167
64	173	0.953344
64	175	1.30034
65	21	0.868965
65	23	0.877268
65	27	0.857437
65	28	0.876043
65	31	0.869612
65	46	0.803405
65	63	0.856134
65	71	0.909567
65	72	0.824764
65	96	1.60387
65	100	0.800883
65	104	1.22596
65	110	0.814243
65	153	0.844271
65	163	1.53669
65	167	1.71867
65	173	1.45315
66	16	1.53234
66	92	0.858699
66	117	1.56284
66	137	1.53309
66	147	0.763748
66	155	0.838046
66	157	0.822059
66	163	0.813859
66	166	0.832535
66	168	0.824415
66	174	1.31786
66	175	0.785858
66	176	0.801367
66	178	0.756214
66	179	0.750243
66	180	0.745153
67	39	0.729533
67	60	1.5662
67	91	0.917026
67	98	0.903222
67	122	0.888965
67	131	0.895316
67	137	0.894315
67	141	0.922667
67	143	0.880259
67	144	0.915006
67	146	0.901367
67	150	0.896286
67	151	1.52076
67	152	0.880005
67	159	1.2869
67	166	1.29393
67	169	1.36997
67	174	0.905078
68	76	0.855803
68	94	0.905827
68	96	1.35265
68	106	1.14285
68	109	0.914027
68	131	0.89957
68	137	0.89857
68	141	0.926922
68	143	0.884513
68	144	0.919261
68	146	0.905621
68	150	0.900541
68	152	0.88426
68	161	1.26855
68	162	1.22921
68	166	1.27159
68	172	1.80684
68	174	0.909333
69	14	0.929866
69	19	0.92878
69	30	0.92878
69	77	0.920888
69	79	0.970443
69	85	0.966067
69	100	0.874028
69	104	0.98937
69	121	1.64159
69	140	0.92207
69	153	0.917415
69	158	1.09472
69	159	0.914432
69	162	1.24384
69	167	1.48208
69	171	1.23653
69	174	0.936664
70	3	0.863895
70	6	1.49883
70	93	0.827661
70	101	0.838493
70	105	0.803094
70	111	0.823508
70	114	0.815401
70	115	0.815485
70	116	0.85925
70	119	0.847249
70	121	1.85435
70	128	0.847477
70	132	0.835037
70	145	1.35273
70	163	1.51285
70	172	0.736954
70	176	1.56747
70	177	0.879032
71	21	0.922986
71	23	0.931288
71	27	0.911458
71	28	0.930064
71	31	0.923632
71	46	0.857426
71	63	0.910155
71	65	0.909567
71	72	0.878785
71	78	1.04613
71	84	1.44797
71	95	0.987755
71	99	2.16555
71	100	0.854904
71	110	0.868264
71	153	0.898292
71	154	1.15923
71	161	1.17491
72	21	0.838183
72	23	0.846486
72	27	0.826655
72	28	0.845261
72	31	0.83883
72	39	0.926886
72	46	0.772623
72	63	0.825352
72	65	0.824764
72	71	0.878785
72	100	0.770101
72	110	0.783461
72	139	1.32134
72	153	0.813489
72	158	1.28924
72	163	1.49461
72	178	1.92204
72	179	1.9001
73	52	1.56801
73	80	1.05906
73	82	0.89511
73	93	0.899864
73	97	0.902584
73	105	0.875297
73	111	0.895711
73	115	0.887688
73	116	0.931453
73	119	0.919452
73	121	1.59352
73	128	0.91968
73	132	0.907241
73	138	1.20992
73	159	1.23113
73	168	1.22498
73	172	0.809157
73	177	0.951235
74	122	1.16915
74	125	1.07019
74	128	0.979751
74	132	1.14057
74	147	0.845815
74	152	1.24393
74	153	1.12747
74	155	0.920112
74	163	0.895926
74	166	0.914602
74	168	0.906482
74	169	0.887448
74	170	0.869264
74	171	0.907968
74	175	0.867924
74	176	0.883433
74	178	0.838281
74	179	0.83231
74	180	0.82722
75	86	0.786773
75	88	1.28922
75	90	0.838914
75	106	1.58353
75	108	1.87507
75	112	0.808439
75	117	0.786385
75	120	0.817486
75	125	0.847208
75	127	0.837149
75	130	0.821934
75	133	0.811904
75	134	1.88104
75	136	0.824241
75	165	1.64657
75	172	0.724014
75	173	0.805759
75	174	0.820556
75	177	0.866093
76	37	0.799884
76	68	0.855803
76	89	1.75634
76	107	0.83556
76	113	1.49069
76	122	0.801849
76	123	0.800657
76	137	0.8072
76	141	0.835552
76	142	1.66763
76	143	0.793143
76	144	0.827891
76	146	0.814252
76	150	0.809171
76	152	0.79289
76	153	0.798714
76	157	1.69433
76	168	1.70464
76	174	0.817963
77	14	0.848919
77	19	0.847832
77	30	0.847832
77	39	0.949865
77	52	0.806056
77	69	0.920888
77	79	0.889496
77	81	0.838452
77	85	0.88512
77	100	0.79308
77	121	1.79089
77	140	0.841122
77	149	1.34416
77	153	0.836468
77	156	1.30124
77	159	0.833485
77	165	1.36981
77	174	0.855717
77	175	1.55449
77	176	1.504
78	14	1.41346
78	71	1.04613
78	103	0.88591
78	104	0.950294
78	108	0.826672
78	111	1.3772
78	131	1.21868
78	148	0.886626
78	151	0.818585
78	153	1.3263
78	154	0.867739
78	165	0.880616
78	166	0.883895
78	168	0.875775
78	169	0.856741
78	176	0.852727
78	177	1.042
78	178	0.807574
78	179	0.801603
78	180	0.796513
79	14	0.898475
79	19	0.897388
79	30	0.897388
79	69	0.970443
79	77	0.889496
79	81	0.888007
79	85	0.934675
79	89	1.12809
79	99	2.07717
79	100	0.842636
79	121	1.44494
79	140	0.890678
79	153	0.886024
79	159	0.88304
79	169	1.16561
79	173	1.0199
79	174	0.905272
79	175	1.20854
80	14	1.36618
80	18	0.883766
80	20	0.925599
80	24	0.872843
80	53	0.800328
80	73	1.05906
80	89	0.853324
80	90	0.893921
80	130	0.87694
80	132	1.29212
80	133	0.86691
80	136	0.879248
80	144	1.1799
80	146	1.24882
80	153	1.27902
80	164	0.865069
80	171	0.8651
80	176	0.840565
80	179	0.789441
80	180	0.784351
81	77	0.838452
81	79	0.888007
81	85	0.883631
81	87	0.881253
81	113	1.34259
81	114	0.836134
81	119	0.867982
81	122	0.838115
81	128	0.86821
81	132	0.85577
81	135	1.4357
81	139	1.41031
81	144	0.864156
81	146	0.850517
81	150	0.845436
81	152	0.829155
81	161	1.56667
81	168	1.55653
81	171	1.52002
81	174	0.854228
82	73	0.89511
82	87	0.887929
82	97	0.85779
82	101	0.865902
82	105	0.830503
82	114	0.84281
82	115	0.842894
82	116	0.88666
82	119	0.874659
82	128	0.874887
82	129	1.2289
82	132	0.862447
82	145	1.19723
82	147	1.70945
82	151	1.57031
82	162	1.30109
82	167	0.80735
82	172	0.764363
82	177	0.906442
82	180	1.84335
83	108	0.81686
83	112	1.3262
83	128	1.20023
83	136	1.34256
83	138	0.869096
83	139	0.888548
83	144	1.24882
83	147	0.805296
83	150	1.34752
83	151	0.808773
83	154	0.857928
83	158	0.903914
83	165	0.870804
83	168	0.865964
83	171	0.86745
83	175	0.827406
83	176	0.842915
83	177	1.06365
83	178	0.797763
83	179	0.791792
83	180	0.786701
84	5	1.61323
84	71	1.44797
84	100	1.78851
84	121	0.76218
84	128	1.58042
84	129	0.811988
84	141	1.52578
84	156	0.838693
84	162	0.814766
84	163	0.798687
84	165	0.814084
84	166	0.817363
84	168	0.809243
84	169	0.790209
84	170	0.772026
84	171	0.81073
84	175	0.770686
84	176	0.786195
84	178	0.741042
84	179	0.735071
84	180	0.729981
85	14	0.894098
85	19	0.893012
85	30	0.893012
85	39	0.995045
85	52	0.851236
85	60	1.53149
85	69	0.966067
85	77	0.88512
85	79	0.934675
85	81	0.883631
85	100	0.83826
85	103	1.19424
85	118	1.23165
85	124	1.14422
85	140	0.886302
85	153	0.881647
85	158	1.06772
85	159	0.878664
85	169	1.33526
85	174	0.900896
85	180	1.75909
86	8	0.764862
86	36	0.808616
86	75	0.786773
86	90	0.856069
86	112	0.825594
86	117	0.80354
86	120	0.834641
86	125	0.864363
86	127	0.854304
86	130	0.839089
86	133	0.829059
86	136	0.841396
86	139	1.39649
86	157	1.5324
86	162	1.51351
86	166	1.55589
86	172	0.741169
86	173	0.822914
86	174	0.837711
86	176	1.62437
86	177	0.883248
86	180	2.05576
87	15	0.795128
87	81	0.881253
87	82	0.887929
87	93	0.892683
87	97	0.895403
87	101	0.903515
87	105	0.868116
87	114	0.880423
87	115	0.880507
87	119	0.912272
87	124	1.20394
87	128	0.9125
87	132	0.90006
87	142	1.26875
87	156	1.18465
87	166	1.31893
87	167	0.844963
87	168	1.30575
87	172	0.801976
87	177	0.944054
87	179	1.7383
87	180	1.8188
88	22	1.13737
88	57	1.42756
88	75	1.28922
88	102	0.918819
88	109	0.958704
88	110	1.27913
88	134	0.861214
88	139	0.92864
88	142	0.915511
88	146	1.00486
88	147	0.845388
88	148	0.916906
88	152	1.15153
88	168	0.906056
88	169	0.887022
88	170	0.868838
88	171	0.907542
88	175	0.867498
88	176	0.883007
88	178	0.837855
88	179	0.831884
88	180	0.826794
89	26	1.30511
89	55	1.45761
89	76	1.75634
89	79	1.12809
89	80	0.853324
89	112	1.47489
89	131	1.38902
89	135	0.855786
89	139	0.85989
89	147	0.776638
89	155	0.850936
89	160	0.847351
89	161	0.843917
89	162	0.842828
89	163	0.826749
89	165	0.842146
89	166	0.845425
89	169	0.818271
89	171	0.838792
89	178	0.769104
89	179	0.763133
89	180	0.758043
90	75	0.838914
90	80	0.893921
90	86	0.856069
90	104	1.17523
90	112	0.877735
90	117	0.855681
90	120	0.886782
90	125	0.916504
90	127	0.906445
90	130	0.89123
90	133	0.8812
90	135	1.33807
90	136	0.893537
90	138	1.44384
90	148	1.33379
90	160	1.44066
90	163	1.48595
90	169	1.54812
90	172	0.79331
90	173	0.875055
90	174	0.889851
90	177	0.935388
91	67	0.917026
91	98	0.881584
91	107	0.901038
91	108	1.51538
91	109	0.888135
91	122	0.867327
91	123	0.866135
91	131	0.873678
91	137	0.872678
91	139	1.19318
91	141	0.90103
91	143	0.858621
91	144	0.893369
91	146	0.87973
91	150	0.874649
91	152	0.858368
91	153	0.864192
91	162	1.3102
91	165	1.28687
91	173	1.28292
91	176	1.42107
91	179	1.77195
92	17	1.31005
92	27	1.23752
92	41	1.34572
92	53	1.47587
92	66	0.858699
92	130	1.12442
92	137	1.14849
92	145	0.902462
92	150	1.11249
92	154	0.873842
92	156	0.911328
92	162	0.887401
92	163	0.871322
92	165	0.886719
92	166	0.889998
92	169	0.862844
92	170	0.844661
92	171	0.883365
92	175	0.843321
92	176	0.85883
92	178	0.813677
92	179	0.807706
92	180	0.802616
93	2	0.785291
93	42	0.899774
93	51	1.24758
93	70	0.827661
93	73	0.899864
93	87	0.892683
93	97	0.862545
93	101	0.870656
93	105	0.835258
93	114	0.847565
93	115	0.847649
93	116	0.891414
93	119	0.879413
93	128	0.879641
93	132	0.867201
93	142	1.45353
93	147	1.86969
93	157	1.48023
93	163	1.51759
93	167	0.812104
93	172	0.769117
93	176	1.5722
93	177	0.911196
94	43	0.903415
94	54	1.21747
94	68	0.905827
94	107	0.885584
94	122	0.851874
94	123	0.850682
94	126	0.827177
94	131	0.858225
94	137	0.857225
94	140	0.853393
94	141	0.885577
94	143	0.843168
94	144	0.877915
94	146	0.864276
94	149	1.37267
94	150	0.859195
94	151	1.69085
94	152	0.842915
94	154	1.4453
94	159	1.457
94	163	1.47789
94	164	1.38543
94	167	0.814433
95	16	1.30274
95	71	0.987755
95	111	1.31883
95	112	1.24617
95	123	1.38602
95	130	1.27942
95	142	0.888637
95	145	0.899766
95	151	0.821991
95	156	0.908631
95	157	0.876825
95	158	0.917132
95	160	0.889227
95	161	0.885793
95	162	0.884705
95	163	0.868626
95	170	0.841964
95	175	0.840624
95	176	0.856133
95	177	0.983626
95	178	0.810981
95	179	0.80501
95	180	0.79992
96	65	1.60387
96	68	1.35265
96	119	1.34365
96	133	1.55275
96	138	0.828286
96	145	0.845738
96	146	1.50897
96	154	0.817118
96	156	0.854604
96	157	0.822798
96	160	0.835199
96	161	0.831766
96	165	0.829995
96	166	0.833274
96	168	0.825154
96	169	0.80612
96	171	0.826641
96	175	0.786597
96	176	0.802106
96	177	1.25487
96	178	0.756953
96	179	0.750982
96	180	0.745892
97	13	1.39586
97	15	0.764989
97	42	0.902493
97	73	0.902584
97	82	0.85779
97	87	0.895403
97	93	0.862545
97	101	0.873376
97	105	0.837977
97	110	0.819102
97	114	0.850285
97	115	0.850368
97	116	0.894134
97	128	0.882361
97	132	0.869921
97	135	1.33168
97	157	1.4422
97	159	1.45866
97	160	1.43427
97	167	0.814824
97	168	1.45251
97	176	1.53417
97	177	0.913916
98	47	0.821569
98	67	0.903222
98	91	0.881584
98	104	0.975273
98	107	0.887233
98	122	0.853523
98	123	0.852331
98	131	0.859874
98	137	0.858874
98	141	0.887226
98	143	0.844817
98	144	0.879564
98	146	0.865925
98	147	1.6381
98	150	0.860845
98	152	0.844564
98	162	1.22974
98	164	1.19353
98	167	0.816082
98	172	1.80737
98	174	0.869637
98	178	1.71342
98	179	1.69149
99	43	2.06621
99	71	2.16555
99	79	2.07717
99	139	0.775908
99	142	0.762779
99	144	2.3466
99	147	0.692656
99	151	0.696133
99	155	0.766954
99	157	0.750967
99	161	0.759935
99	162	0.758847
99	163	0.742768
99	166	0.761444
99	168	0.753324
99	169	0.73429
99	171	0.75481
99	175	0.714766
99	176	0.730275
99	178	0.685123
99	179	0.679152
99	180	0.674062
100	28	0.821381
100	63	0.801471
100	65	0.800883
100	69	0.874028
100	71	0.854904
100	72	0.770101
100	77	0.79308
100	79	0.842636
100	84	1.78851
100	85	0.83826
100	137	0.798094
100	144	0.818785
100	146	0.805146
100	150	0.800065
100	152	0.783784
100	153	0.789608
100	154	1.49977
100	159	0.786625
100	169	1.59454
100	173	1.44883
100	174	0.808857
100	175	1.63747
100	179	1.93786
101	70	0.838493
101	82	0.865902
101	87	0.903515
101	93	0.870656
101	97	0.873376
101	105	0.846089
101	110	0.827214
101	111	0.866503
101	114	0.858396
101	115	0.85848
101	116	0.902245
101	118	1.44756
101	119	0.890245
101	128	0.890473
101	132	0.878033
101	145	1.32888
101	149	1.38377
101	158	1.28363
101	162	1.43275
101	165	1.40942
101	167	0.822936
101	172	0.779949
101	178	1.91643
102	5	1.18742
102	7	1.70227
102	24	1.20483
102	59	1.18248
102	88	0.918819
102	132	1.31543
102	139	0.882942
102	145	0.880942
102	146	1.27213
102	150	1.3019
102	158	0.898308
102	161	0.866969
102	163	0.849802
102	165	0.865199
102	166	0.868478
102	167	0.818752
102	169	0.841324
102	170	0.82314
102	171	0.861844
102	175	0.8218
102	176	0.837309
102	178	0.792157
102	179	0.786186
102	180	0.781096
103	55	1.35411
103	64	1.11639
103	78	0.88591
103	85	1.19424
103	107	1.32168
103	115	1.48563
103	135	0.87621
103	141	1.19079
103	142	0.867184
103	146	1.36295
103	149	0.862298
103	155	0.871359
103	157	0.855373
103	160	0.867774
103	162	0.863252
103	163	0.847173
103	165	0.86257
103	166	0.865849
103	170	0.820511
103	171	0.859215
103	176	0.83468
103	178	0.789528
103	179	0.783557
103	180	0.778467
104	35	1.3809
104	61	1.20293
104	65	1.22596
104	69	0.98937
104	78	0.950294
104	90	1.17523
104	98	0.975273
104	136	1.15588
104	137	1.19684
104	145	0.942697
104	147	0.861446
104	151	0.864923
104	155	0.935744
104	157	0.919757
104	163	0.911558
104	165	0.926954
104	166	0.930234
104	169	0.90308
104	171	0.9236
104	175	0.883556
104	176	0.899065
104	178	0.853913
104	179	0.847942
104	180	0.842851
105	2	0.813734
105	3	0.871492
105	42	0.875206
105	70	0.803094
105	73	0.875297
105	82	0.830503
105	87	0.868116
105	93	0.835258
105	97	0.837977
105	101	0.846089
105	114	0.822998
105	115	0.823081
105	116	0.866847
105	119	0.854846
105	128	0.855074
105	132	0.842634
105	145	1.38591
105	159	1.52513
105	167	0.787537
105	170	1.7249
105	173	1.46249
105	176	1.60064
105	177	0.886629
105	179	1.95152
106	30	1.18034
106	68	1.14285
106	75	1.58353
106	114	1.43249
106	126	1.28419
106	133	1.34295
106	147	0.793228
106	151	0.796705
106	152	1.44584
106	154	0.845859
106	156	0.883344
106	157	0.851538
106	158	0.891845
106	162	0.859418
106	165	0.858735
106	166	0.862015
106	168	0.853895
106	169	0.834861
106	170	0.816677
106	171	0.855381
106	175	0.815337
106	176	0.830846
106	178	0.785694
106	179	0.779723
106	180	0.774633
107	39	0.822257
107	49	0.927176
107	76	0.83556
107	91	0.901038
107	94	0.885584
107	98	0.887233
107	103	1.32168
107	109	0.893784
107	122	0.872976
107	123	0.871784
107	126	0.848279
107	131	0.879327
107	141	0.906679
107	143	0.86427
107	144	0.899018
107	146	0.885379
107	149	1.2953
107	150	0.880298
107	152	0.864017
107	158	1.19515
107	162	1.34427
107	172	1.9219
107	174	0.88909
107	175	1.50563
107	176	1.45514
108	24	1.52341
108	38	1.63155
108	75	1.87507
108	78	0.826672
108	83	0.81686
108	91	1.51538
108	114	1.72403
108	148	0.809342
108	155	0.812122
108	158	0.836441
108	160	0.808536
108	161	0.805103
108	162	0.804014
108	163	0.787935
108	165	0.803332
108	166	0.806611
108	168	0.798491
108	170	0.761274
108	171	0.799978
108	174	1.44125
108	175	0.759934
108	176	0.775443
108	178	0.73029
108	179	0.724319
108	180	0.719229
109	4	0.812737
109	47	0.828119
109	49	0.914273
109	68	0.914027
109	88	0.958704
109	91	0.888135
109	107	0.893784
109	122	0.860073
109	123	0.858881
109	126	0.835376
109	131	0.866425
109	134	1.55052
109	137	0.865424
109	141	0.893776
109	143	0.851367
109	144	0.886115
109	146	0.872476
109	150	0.867395
109	152	0.851114
109	157	1.35827
109	161	1.37872
109	167	0.822632
109	169	1.45781
109	172	1.91701
109	173	1.3121
109	176	1.45025
110	23	0.835965
110	48	1.36434
110	58	1.59927
110	63	0.814831
110	65	0.814243
110	71	0.868264
110	72	0.783461
110	88	1.27913
110	97	0.819102
110	101	0.827214
110	115	0.804206
110	119	0.835971
110	120	0.819147
110	124	1.5872
110	127	0.83881
110	128	0.836199
110	130	0.823595
110	132	0.823759
110	133	0.813565
110	136	0.825902
110	153	0.802968
110	157	1.6787
110	171	1.6525
110	172	0.725675
110	175	1.82116
110	177	0.867754
111	24	0.858786
111	34	0.940171
111	38	0.840151
111	53	0.786271
111	55	0.866695
111	70	0.823508
111	73	0.895711
111	78	1.3772
111	95	1.31883
111	101	0.866503
111	114	0.843411
111	132	0.863047
111	134	1.67778
111	141	0.879095
111	143	0.836686
111	146	0.857794
111	150	0.852713
111	152	0.836432
111	156	1.37474
111	158	1.31752
111	163	1.52289
111	164	0.851012
111	167	0.80795
111	172	0.764964
111	173	1.43936
111	175	1.62799
111	177	0.907042
112	5	0.888649
112	26	0.862972
112	40	0.824921
112	45	0.889967
112	60	1.70864
112	75	0.808439
112	83	1.3262
112	86	0.825594
112	89	1.47489
112	90	0.877735
112	95	1.24617
112	117	0.825206
112	120	0.856307
112	125	0.886029
112	126	0.818566
112	127	0.87597
112	130	0.860755
112	133	0.850725
112	136	0.863062
112	159	1.42934
112	165	1.37066
112	168	1.42319
112	171	1.38667
112	172	0.762835
112	173	0.84458
112	174	0.859377
112	177	0.904914
113	10	1.1553
113	62	0.902073
113	76	1.49069
113	81	1.34259
113	114	1.33411
113	115	1.32348
113	120	1.25543
113	124	0.883983
113	134	0.829057
113	144	1.13187
113	147	0.813232
113	151	0.816709
113	156	0.903348
113	157	0.871543
113	159	0.863616
113	160	0.883944
113	161	0.88051
113	162	0.879422
113	163	0.863343
113	170	0.836681
113	171	0.875385
113	174	1.05133
113	175	0.835341
113	176	0.85085
113	178	0.805698
113	179	0.799727
113	180	0.794637
114	3	0.883799
114	11	0.789077
114	15	0.750009
114	70	0.815401
114	81	0.836134
114	82	0.84281
114	87	0.880423
114	93	0.847565
114	97	0.850285
114	101	0.858396
114	105	0.822998
114	106	1.43249
114	108	1.72403
114	111	0.843411
114	113	1.33411
114	115	0.835389
114	116	0.879154
114	119	0.867153
114	128	0.867381
114	132	0.854941
114	148	1.42294
114	156	1.42696
114	159	1.55421
114	160	1.52982
114	164	1.48264
114	167	0.799844
114	172	0.756857
114	177	0.898936
115	1	1.58618
115	3	0.883883
115	11	0.789161
115	15	0.750093
115	42	0.887597
115	70	0.815485
115	73	0.887688
115	82	0.842894
115	87	0.880507
115	93	0.847649
115	97	0.850368
115	101	0.85848
115	103	1.48563
115	105	0.823081
115	110	0.804206
115	113	1.32348
115	114	0.835389
115	116	0.879238
115	119	0.867237
115	128	0.867465
115	132	0.855025
115	162	1.50823
115	165	1.4849
115	167	0.799928
115	168	1.53743
115	171	1.50092
115	172	0.756941
115	173	1.48095
116	3	0.927648
116	11	0.832926
116	15	0.793858
116	42	0.931363
116	70	0.85925
116	73	0.931453
116	82	0.88666
116	93	0.891414
116	97	0.894134
116	101	0.902245
116	105	0.866847
116	114	0.879154
116	115	0.879238
116	119	0.911002
116	128	0.91123
116	132	0.89879
116	142	1.26829
116	148	1.18018
116	156	1.18419
116	159	1.31144
116	164	1.23988
116	166	1.31847
116	167	0.843693
116	170	1.51121
116	172	0.800706
116	177	0.942785
116	178	1.75977
116	179	1.73783
117	5	0.866594
117	8	0.764474
117	26	0.840918
117	36	0.808228
117	40	0.802866
117	45	0.867913
117	66	1.56284
117	75	0.786385
117	86	0.80354
117	90	0.855681
117	112	0.825206
117	118	0.811032
117	120	0.834253
117	124	1.40844
117	125	0.863975
117	127	0.853916
117	130	0.838701
117	133	0.828671
117	136	0.841008
117	142	1.47325
117	154	1.50471
117	160	1.49202
117	164	1.44484
117	167	1.71929
117	172	0.740781
117	173	0.822526
117	174	0.837323
117	177	0.88286
117	180	2.02331
118	11	1.58881
118	22	1.53286
118	57	1.82305
118	64	1.1538
118	85	1.23165
118	101	1.44756
118	117	0.811032
118	119	1.23503
118	125	0.871855
118	127	0.861795
118	128	1.28283
118	130	0.84658
118	131	0.83544
118	133	0.83655
118	136	0.848888
118	141	0.862791
118	143	0.820382
118	144	0.85513
118	146	0.841491
118	150	0.83641
118	152	0.820129
118	158	0.871203
118	170	0.796035
118	175	0.794695
118	176	0.810204
118	177	0.890739
118	178	0.765052
118	179	0.759081
118	180	0.753991
119	11	0.820925
119	15	0.781857
119	42	0.919362
119	70	0.847249
119	73	0.919452
119	81	0.867982
119	82	0.874659
119	87	0.912272
119	93	0.879413
119	96	1.34365
119	101	0.890245
119	105	0.854846
119	110	0.835971
119	114	0.867153
119	115	0.867237
119	116	0.911002
119	118	1.23503
119	128	0.899229
119	132	0.886789
119	138	1.23436
119	160	1.23119
119	162	1.22022
119	165	1.19689
119	167	0.831692
119	172	0.788706
119	177	0.930784
119	178	1.7039
119	179	1.68196
119	180	1.76247
120	8	0.795575
120	12	0.910016
120	26	0.872019
120	36	0.839328
120	45	0.899014
120	51	1.22641
120	75	0.817486
120	86	0.834641
120	90	0.886782
120	110	0.819147
120	112	0.856307
120	113	1.25543
120	117	0.834253
120	125	0.895076
120	126	0.827612
120	127	0.885016
120	130	0.869801
120	133	0.859771
120	136	0.872109
120	148	1.34426
120	151	1.70938
120	158	1.29105
120	159	1.47552
120	162	1.44017
120	167	1.67841
120	169	1.5586
120	172	0.771882
120	173	0.853627
120	174	0.868423
120	177	0.91396
121	12	1.68937
121	46	1.98535
121	69	1.64159
121	70	1.85435
121	73	1.59352
121	77	1.79089
121	79	1.44494
121	84	0.76218
121	134	0.75569
121	138	0.803663
121	142	0.809987
121	145	0.821115
121	147	0.739864
121	151	0.743341
121	155	0.814162
121	157	0.798175
121	158	0.838481
121	160	0.810576
121	161	0.807143
121	163	0.789975
121	165	0.805372
121	166	0.808651
121	168	0.800531
121	170	0.763314
121	171	0.802018
121	175	0.761974
121	176	0.777483
121	178	0.73233
121	179	0.726359
121	180	0.721269
122	4	0.79193
122	37	0.8373
122	67	0.888965
122	74	1.16915
122	76	0.801849
122	81	0.838115
122	91	0.867327
122	94	0.851874
122	98	0.853523
122	107	0.872976
122	109	0.860073
122	123	0.838074
122	131	0.845617
122	134	1.66856
122	135	1.36579
122	137	0.844617
122	139	1.3404
122	141	0.872969
122	143	0.83056
122	144	0.865307
122	146	0.851668
122	150	0.846587
122	152	0.830307
122	153	0.836131
122	155	1.43641
122	163	1.51367
122	167	0.801825
122	171	1.45011
122	172	2.03505
122	174	0.85538
122	176	1.56829
123	37	0.836108
123	47	0.80612
123	49	0.892273
123	76	0.800657
123	91	0.866135
123	94	0.850682
123	95	1.38602
123	98	0.852331
123	107	0.871784
123	109	0.858881
123	122	0.838074
123	131	0.844425
123	135	1.4422
123	137	0.843424
123	138	1.54797
123	139	1.41681
123	140	0.839593
123	141	0.871776
123	143	0.829367
123	144	0.864115
123	146	0.850476
123	150	0.845395
123	152	0.829114
123	153	0.834938
123	154	1.55749
123	155	1.51282
123	160	1.5448
123	161	1.57317
123	167	0.800632
123	173	1.50655
123	174	0.854187
124	2	0.934064
124	4	1.52743
124	9	1.33944
124	85	1.14422
124	87	1.20394
124	110	1.5872
124	113	0.883983
124	117	1.40844
124	125	1.28585
124	126	1.29794
124	129	0.860424
124	134	0.812837
124	145	0.878262
124	151	0.800488
124	154	0.849643
124	155	0.871309
124	157	0.855322
124	158	0.895629
124	162	0.863202
124	163	0.847123
124	165	0.862519
124	168	0.857679
124	169	0.838645
124	170	0.820461
124	171	0.859165
124	174	1.16346
124	175	0.819121
124	176	0.83463
124	178	0.789478
124	179	0.783507
124	180	0.778416
125	5	0.927418
125	8	0.825297
125	26	0.901741
125	40	0.86369
125	45	0.928736
125	48	1.06299
125	51	1.1447
125	74	1.07019
125	75	0.847208
125	86	0.864363
125	90	0.916504
125	112	0.886029
125	117	0.863975
125	118	0.871855
125	120	0.895076
125	124	1.28585
125	126	0.857335
125	127	0.914739
125	129	1.28626
125	130	0.899524
125	133	0.889494
125	136	0.901831
125	157	1.37735
125	160	1.36942
125	162	1.35846
125	168	1.38766
125	172	0.801604
125	173	0.883349
125	174	0.898146
125	177	0.943683
125	180	1.90071
126	17	0.832866
126	33	0.796509
126	41	0.795389
126	50	0.861232
126	64	0.92733
126	94	0.827177
126	106	1.28419
126	107	0.848279
126	109	0.835376
126	112	0.818566
126	120	0.827612
126	124	1.29794
126	125	0.857335
126	127	0.847275
126	133	0.82203
126	136	0.834368
126	141	0.848271
126	143	0.805862
126	144	0.84061
126	150	0.82189
126	151	1.63977
126	152	0.805609
126	159	0.80845
126	161	1.40989
126	164	0.820188
126	166	1.41293
126	168	1.39976
126	170	1.60567
126	173	0.815886
126	177	0.876219
126	178	1.85423
126	180	1.91281
127	5	0.917358
127	8	0.815238
127	36	0.858991
127	40	0.85363
127	45	0.918677
127	75	0.837149
127	86	0.854304
127	90	0.906445
127	110	0.83881
127	112	0.87597
127	117	0.853916
127	118	0.861795
127	120	0.885016
127	125	0.914739
127	126	0.847275
127	130	0.889464
127	133	0.879434
127	134	1.54817
127	135	1.2454
127	136	0.891772
127	142	1.32923
127	151	1.60624
127	154	1.36069
127	156	1.24513
127	161	1.37637
127	163	1.39328
127	164	1.30082
127	172	0.791545
127	173	0.87329
127	174	0.888086
127	177	0.933623
127	178	1.82071
128	3	0.915875
128	11	0.821153
128	15	0.782085
128	42	0.91959
128	70	0.847477
128	73	0.91968
128	74	0.979751
128	81	0.86821
128	82	0.874887
128	83	1.20023
128	84	1.58042
128	87	0.9125
128	93	0.879641
128	97	0.882361
128	101	0.890473
128	105	0.855074
128	110	0.836199
128	114	0.867381
128	115	0.867465
128	116	0.91123
128	118	1.28283
128	119	0.899229
128	132	0.887017
128	149	1.21905
128	156	1.17612
128	167	0.83192
128	170	1.50314
128	171	1.26071
128	172	0.788934
128	177	0.931012
128	178	1.7517
128	179	1.72977
129	5	1.22863
129	7	1.74349
129	27	1.46814
129	82	1.2289
129	84	0.811988
129	124	0.860424
129	125	1.28626
129	134	0.805498
129	135	0.86882
129	141	1.14119
129	142	0.859795
129	143	1.42826
129	144	1.24442
129	148	0.86119
129	149	0.854909
129	151	0.793149
129	152	1.46001
129	154	0.842304
129	155	0.86397
129	156	0.879789
129	160	0.860385
129	161	0.856951
129	162	0.855862
129	165	0.85518
129	169	0.831305
129	170	0.813122
129	171	0.851826
129	175	0.811782
129	176	0.827291
129	178	0.782138
129	179	0.776167
129	180	0.771077
130	5	0.902143
130	8	0.800023
130	26	0.876467
130	36	0.843776
130	40	0.838415
130	45	0.903462
130	75	0.821934
130	80	0.87694
130	86	0.839089
130	90	0.89123
130	92	1.12442
130	95	1.27942
130	110	0.823595
130	112	0.860755
130	117	0.838701
130	118	0.84658
130	120	0.869801
130	125	0.899524
130	127	0.889464
130	133	0.864219
130	136	0.876557
130	145	1.32336
130	147	1.83559
130	156	1.33533
130	159	1.46258
130	164	1.39102
130	165	1.4039
130	167	1.66547
130	172	0.77633
130	173	0.858075
130	174	0.872871
130	176	1.5381
130	177	0.918408
131	37	0.843651
131	43	0.897158
131	49	0.899816
131	67	0.895316
131	68	0.89957
131	78	1.21868
131	89	1.38902
131	91	0.873678
131	94	0.858225
131	98	0.859874
131	107	0.879327
131	109	0.866425
131	118	0.83544
131	122	0.845617
131	123	0.844425
131	137	0.850968
131	138	1.32226
131	140	0.847136
131	141	0.87932
131	142	1.30031
131	143	0.836911
131	144	0.871659
131	146	0.858019
131	150	0.852939
131	152	0.836658
131	153	0.842482
131	157	1.32701
131	166	1.3505
131	167	0.808176
131	171	1.3008
131	172	1.88574
131	175	1.46947
131	178	1.7918
132	3	0.903435
132	11	0.808713
132	15	0.769645
132	42	0.90715
132	48	1.13337
132	70	0.835037
132	73	0.907241
132	74	1.14057
132	80	1.29212
132	81	0.85577
132	82	0.862447
132	87	0.90006
132	93	0.867201
132	97	0.869921
132	101	0.878033
132	102	1.31543
132	105	0.842634
132	110	0.823759
132	111	0.863047
132	114	0.854941
132	115	0.855025
132	116	0.89879
132	119	0.886789
132	128	0.887017
132	155	1.40783
132	156	1.33694
132	162	1.42884
132	166	1.47122
132	167	0.81948
132	170	1.66396
132	172	0.776494
132	177	0.918572
132	179	1.89059
133	5	0.892113
133	8	0.789993
133	26	0.866437
133	36	0.833746
133	39	0.907304
133	40	0.828385
133	45	0.893432
133	75	0.811904
133	80	0.86691
133	86	0.829059
133	90	0.8812
133	96	1.55275
133	106	1.34295
133	110	0.813565
133	112	0.850725
133	117	0.828671
133	118	0.83655
133	120	0.859771
133	125	0.889494
133	126	0.82203
133	127	0.879434
133	130	0.864219
133	136	0.866527
133	155	1.40831
133	156	1.33742
133	168	1.45852
133	169	1.54774
133	170	1.66444
133	171	1.42201
133	172	0.7663
133	173	0.848045
133	174	0.862841
