1	87	0.515945
1	97	0.47105
1	109	0.472237
1	122	0.464835
1	155	0.468777
1	160	1.40028
1	162	1.36735
1	169	1.38971
1	171	1.34506
1	172	1.36474
1	178	1.36488
1	180	1.3681
2	36	0.451638
2	38	0.464339
2	76	0.494183
2	155	0.492959
2	168	0.490699
2	170	1.3549
2	171	1.35187
2	172	1.37155
2	174	1.399
2	175	1.37625
2	178	1.37169
2	180	1.37491
3	26	0.50641
3	96	0.48804
3	138	0.475406
3	157	1.36696
3	158	1.369
3	159	1.37207
3	163	1.36724
3	173	1.38055
3	176	1.3693
3	177	1.37496
3	178	0.479374
3	179	0.458078
4	13	0.408173
4	29	0.454528
4	101	0.496273
4	162	1.37097
4	166	0.523935
4	170	1.35171
4	172	1.36836
4	174	1.39582
4	175	1.37306
4	176	0.510666
4	178	1.3685
4	180	1.37173
5	71	1.39103
5	123	1.374
5	126	1.33693
5	141	1.33336
5	151	0.4749
5	152	1.39157
5	164	0.489484
5	167	1.37874
5	172	0.479335
5	175	0.483246
5	179	1.39448
5	180	0.479219
6	51	0.483373
6	95	0.47265
6	122	0.471661
6	133	1.35161
6	145	0.492911
6	158	0.473006
6	165	1.38448
6	169	1.38659
6	172	1.36162
6	174	1.38907
6	178	1.36176
6	180	1.36498
7	128	0.484611
7	133	1.35393
7	155	0.486459
7	158	0.483861
7	161	1.36794
7	165	1.38681
7	167	0.464506
7	174	1.3914
7	175	1.36864
7	176	0.475197
7	178	1.36408
7	180	1.36731
8	51	1.3792
8	69	1.39174
8	106	1.36734
8	130	1.3728
8	135	1.33712
8	138	0.485177
8	141	1.35321
8	151	0.47606
8	154	0.467762
8	161	0.477652
8	163	0.497916
8	167	1.39859
9	18	1.25196
9	28	1.36677
9	78	1.37632
9	107	0.475078
9	115	1.39073
9	121	1.45131
9	136	1.42026
9	143	1.34258
9	162	0.489233
9	165	0.474366
9	177	0.4899
9	180	0.475154
10	36	1.45046
10	70	1.29598
10	86	1.31576
10	117	1.39859
10	118	0.478424
10	120	1.35837
10	142	0.47456
10	154	0.463793
10	162	0.490489
10	166	1.36839
10	171	0.498655
10	179	1.41244
11	128	0.604145
11	138	1.2062
11	148	0.596507
11	149	0.593065
11	159	0.600424
11	161	1.19985
11	170	1.1792
11	172	1.19585
11	174	1.2233
11	175	1.20055
11	178	1.19599
11	180	1.19921
12	33	0.429513
12	56	0.489543
12	64	0.445205
12	86	0.538833
12	113	1.33634
12	119	1.33634
12	144	0.490738
12	165	1.39878
12	176	1.38386
12	177	1.38951
12	178	1.37606
12	180	1.37928
13	4	0.408173
13	23	1.32696
13	27	1.35047
13	30	1.3553
13	64	1.45564
13	65	1.31567
13	101	1.38965
13	111	1.40639
13	156	0.849152
13	174	0.375533
13	178	0.396646
13	179	0.37535
14	33	0.355207
14	49	1.52572
14	63	1.72618
14	74	1.63868
14	87	1.52224
14	107	0.395919
14	113	1.59362
14	119	1.59362
14	123	0.419996
14	126	0.42211
14	142	0.394145
14	176	0.411019
15	82	0.445695
15	145	1.34859
15	159	1.37629
15	163	1.37145
15	164	0.491208
15	168	1.3663
15	171	0.503189
15	173	1.38477
15	175	0.484971
15	176	1.37352
15	177	1.37917
15	180	0.480944
16	99	0.624854
16	129	1.18429
16	138	0.600959
16	155	1.19444
16	158	1.20123
16	159	1.2043
16	161	0.593434
16	168	1.19432
16	173	1.21278
16	176	1.20154
16	177	1.20719
16	179	0.58363
17	55	0.474577
17	90	1.30489
17	92	0.523345
17	111	1.39911
17	128	1.36364
17	138	0.467322
17	156	1.37429
17	167	1.39458
17	170	0.47991
17	176	1.37893
17	177	1.38458
17	180	0.462524
18	9	1.25196
18	28	1.16234
18	58	1.20799
18	59	1.13694
18	66	1.22535
18	78	1.1719
18	97	1.19684
18	107	0.598073
18	121	1.24689
18	169	0.595908
18	173	0.61054
18	180	0.598148
19	24	0.514766
19	79	1.38805
19	86	1.32046
19	95	0.49426
19	99	1.35406
19	104	1.38412
19	120	1.36308
19	142	0.469078
19	156	0.450923
19	166	1.37309
19	179	1.41715
19	180	0.470927
20	36	0.445942
20	99	0.489669
20	145	0.50457
20	161	1.37166
20	163	0.478513
20	164	1.38042
20	165	1.39053
20	170	1.35101
20	172	1.36766
20	177	0.475723
20	178	1.3678
20	180	1.37103
21	50	0.527994
21	52	0.525109
21	67	0.516393
21	154	0.510673
21	155	1.29254
21	158	1.29934
21	159	1.30241
21	163	1.29757
21	168	1.29242
21	173	1.31089
21	175	0.527317
21	176	1.29964
21	177	1.3053
22	28	1.26922
22	56	1.2921
22	59	1.24382
22	78	1.27878
22	89	1.34656
22	103	0.501672
22	115	1.29318
22	121	1.35376
22	136	1.32271
22	137	0.517531
22	142	0.518489
22	165	0.519552
22	168	0.544365
23	13	1.32696
23	30	1.24539
23	33	1.439
23	64	1.34572
23	65	1.20575
23	101	1.27973
23	103	0.495668
23	111	1.29647
23	128	1.261
23	168	0.538361
23	171	0.53658
23	177	0.529082
23	179	0.501804
24	19	0.514766
24	31	1.45338
24	81	1.28512
24	130	1.26821
24	132	1.30094
24	135	1.23253
24	137	1.30571
24	139	0.500348
24	144	1.25993
24	164	0.529452
24	167	1.294
24	171	0.541432
24	180	0.519187
25	51	0.440037
25	71	0.424318
25	79	0.440413
25	115	0.422327
25	127	0.448699
25	139	1.47231
25	164	1.48546
25	165	1.49557
25	169	1.49768
25	173	0.418374
25	174	1.50016
25	178	1.47285
25	180	1.47607
26	3	0.50641
26	76	0.53866
26	131	0.498972
26	139	1.29722
26	149	0.524508
26	169	1.32259
26	170	1.28097
26	171	1.27794
26	172	1.29762
26	174	1.32507
26	176	0.526174
26	178	1.29776
26	180	1.30098
27	13	1.35047
27	30	1.2689
27	33	1.46251
27	46	1.18099
27	65	1.22926
27	101	1.30324
27	103	0.500065
27	111	1.31998
27	146	1.2846
27	156	0.498728
27	159	0.53945
27	164	0.528996
27	170	0.536118
28	9	1.36677
28	18	1.16234
28	22	1.26922
28	39	1.38578
28	56	1.30002
28	72	0.52414
28	115	1.3011
28	121	1.36169
28	140	0.53338
28	143	1.25296
28	152	0.522391
28	156	0.508594
28	179	0.516067
29	4	0.454528
29	39	0.410149
29	72	1.49777
29	89	0.427199
29	101	1.48089
29	111	1.49763
29	165	0.433448
29	167	1.4931
29	168	1.47022
29	176	1.47744
29	177	1.4831
29	178	0.443
29	180	0.434235
30	13	1.3553
30	23	1.24539
30	27	1.2689
30	64	1.37406
30	65	1.23409
30	101	1.30807
30	111	1.32481
30	146	1.28943
30	153	0.542402
30	167	0.521905
30	172	0.517687
30	179	0.50504
30	180	0.517571
31	24	1.45338
31	113	1.46304
31	114	1.50464
31	119	1.46304
31	145	0.452227
31	146	0.438683
31	148	0.425434
31	158	0.432322
31	173	0.421025
31	175	1.50732
31	177	0.42338
31	178	1.50276
31	180	1.50598
32	35	1.44896
32	38	1.34813
32	53	1.27234
32	63	1.34795
32	74	1.26044
32	103	0.505208
32	113	1.21538
32	118	0.52589
32	119	1.21538
32	152	1.29139
32	156	0.503871
32	173	0.536267
32	178	0.53264
33	12	0.429513
33	14	0.355207
33	23	1.439
33	27	1.46251
33	64	1.56767
33	65	1.42771
33	67	0.427663
33	70	0.548214
33	101	1.50168
33	111	1.51842
33	146	1.48304
33	152	0.428354
33	156	0.414557
34	54	0.523293
34	93	0.520613
34	104	0.527836
34	131	0.492828
34	158	0.528694
34	161	1.30113
34	162	1.29974
34	169	1.3221
34	170	1.28048
34	172	1.29713
34	175	1.30183
34	178	1.29727
34	180	1.30049
35	32	1.44896
35	53	1.53103
35	74	1.51913
35	87	1.40269
35	113	1.47407
35	118	0.431609
35	119	1.47407
35	142	0.427744
35	152	1.55007
35	165	0.428806
35	167	0.433928
35	168	0.45362
35	169	0.427354
36	2	0.451638
36	10	1.45046
36	20	0.445942
36	86	1.33965
36	99	1.37324
36	104	1.4033
36	117	1.42248
36	120	1.38226
36	142	0.458465
36	145	0.503909
36	165	0.459527
36	166	1.39228
36	171	0.48256
36	179	1.43633
37	122	1.25579
37	141	0.5737
37	143	0.569498
37	147	1.26678
37	157	1.23615
37	159	1.24126
37	163	1.23643
37	168	1.23128
37	171	0.564332
37	173	1.24974
37	175	0.546114
37	176	1.2385
37	177	1.24415
37	178	0.550852
38	2	0.464339
38	32	1.34813
38	53	1.4302
38	63	1.5058
38	74	1.4183
38	87	1.30186
38	112	0.476479
38	113	1.37324
38	119	1.37324
38	140	0.477797
38	152	1.44924
38	156	0.453011
38	165	0.472228
38	179	0.460485
39	28	1.38578
39	29	0.410149
39	46	1.29616
39	56	1.40866
39	59	1.36038
39	66	1.44878
39	70	0.564915
39	97	1.42027
39	115	1.40974
39	121	1.47032
39	153	0.476094
39	156	0.431258
39	164	0.461527
39	178	0.460028
40	51	1.39869
40	69	1.41123
40	75	1.36239
40	130	1.39228
40	135	1.3566
40	137	1.42978
40	138	0.469488
40	150	0.457382
40	151	0.460371
40	152	1.43091
40	164	0.474955
40	165	0.463903
40	167	1.41808
40	170	0.482077
41	45	1.48088
41	75	1.36634
41	112	0.461459
41	116	1.40007
41	121	0.463748
41	126	1.38021
41	130	1.39623
41	133	0.4792
41	135	1.36055
41	138	0.462793
41	166	1.39371
41	167	1.42203
41	175	0.462023
41	177	0.472743
42	68	0.532435
42	79	1.26046
42	86	1.19288
42	91	1.21742
42	99	1.22647
42	104	1.25653
42	117	1.27571
42	120	1.23549
42	139	0.55537
42	161	0.571482
42	165	0.573422
42	166	1.24551
42	179	1.28956
42	180	0.57421
43	61	0.598809
43	115	0.555697
43	131	0.527176
43	147	0.54827
43	151	1.27546
43	158	0.563041
43	164	1.24682
43	165	1.25693
43	169	1.25904
43	170	1.21742
43	172	1.23407
43	175	1.23877
43	178	1.23421
43	180	1.23743
44	70	1.17346
44	79	1.26082
44	91	1.21778
44	102	0.589861
44	104	1.25689
44	117	1.27607
44	120	1.23585
44	130	0.552468
44	133	0.569
44	142	0.545947
44	146	1.24333
44	166	1.24587
44	172	0.547912
44	179	1.28992
45	41	1.48088
45	46	1.29123
45	61	1.3515
45	86	0.523681
45	105	0.420096
45	110	0.447146
45	137	1.43739
45	141	1.3803
45	144	1.39161
45	157	0.479197
45	167	1.42568
45	171	0.477394
45	179	1.44142
45	180	0.455149
46	27	1.18099
46	39	1.29616
46	45	1.29123
46	74	0.558348
46	94	0.560073
46	97	1.22203
46	101	1.22017
46	111	1.23691
46	121	1.27208
46	139	0.543811
46	167	1.23238
46	170	0.580037
46	172	0.562766
46	179	1.24812
47	81	0.571714
47	100	1.3108
47	109	1.22421
47	134	0.568918
47	155	1.23103
47	157	1.23578
47	161	0.55577
47	163	1.23606
47	167	0.562832
47	168	1.23091
47	173	1.24938
47	176	1.23813
47	177	1.24378
47	179	0.545967
48	49	0.608859
48	51	1.24338
48	63	0.500157
48	79	0.567402
48	99	0.561664
48	104	0.555802
48	166	1.23445
48	167	1.26277
48	171	1.21949
48	173	1.25836
48	176	1.24711
48	177	1.25277
48	178	1.23931
48	180	1.24254
49	14	1.52572
49	48	0.608859
49	53	1.22955
49	63	1.30515
49	74	1.21765
49	81	1.22688
49	87	1.10121
49	107	0.551162
49	113	1.17259
49	118	0.553252
49	119	1.17259
49	152	1.24859
49	156	0.531233
49	178	0.560002
50	21	0.527994
50	123	0.504055
50	130	0.484725
50	136	0.480968
50	140	1.3258
50	157	0.504101
50	162	1.33134
50	165	1.3516
50	170	1.31208
50	172	1.32873
50	174	1.35619
50	175	1.33343
50	177	0.4948
50	178	1.32887
50	180	1.3321
51	6	0.483373
51	8	1.3792
51	25	0.440037
51	40	1.39869
51	48	1.24338
51	95	1.32654
51	123	1.34271
51	130	1.32165
51	132	1.35438
51	135	1.28597
51	155	0.53569
51	158	0.533093
51	160	0.500671
51	161	0.506677
51	167	1.34744
52	21	0.525109
52	116	0.481343
52	151	1.36851
52	155	0.503454
52	158	0.500856
52	162	1.32973
52	164	1.33987
52	170	1.31047
52	171	1.30744
52	174	1.35457
52	175	1.33182
52	176	0.492192
52	177	0.491914
52	178	1.32726
52	180	1.33048
53	32	1.27234
53	35	1.53103
53	38	1.4302
53	49	1.22955
53	67	0.48547
53	74	1.3425
53	84	0.547914
53	87	1.22606
53	113	1.29745
53	119	1.29744
53	150	0.485059
53	152	1.37345
53	170	0.509754
53	178	0.501133
53	179	0.479837
54	34	0.523293
54	100	0.476639
54	106	1.32483
54	128	1.32514
54	132	1.36303
54	135	1.29461
54	137	1.36779
54	141	1.31071
54	144	1.32202
54	156	1.33579
54	161	0.490909
54	164	0.503901
54	167	1.35608
54	170	0.511023
54	175	0.497663
55	17	0.474577
55	101	0.488033
55	122	0.509746
55	148	0.504203
55	154	1.35127
55	157	0.511451
55	160	1.35925
55	161	1.32772
55	163	0.504939
55	169	1.34869
55	170	1.30706
55	171	1.30404
55	174	1.35117
55	178	1.32385
55	180	1.32708
56	12	0.489543
56	22	1.2921
56	28	1.30002
56	39	1.40866
56	59	1.27463
56	66	1.36303
56	89	1.37737
56	107	0.494515
56	115	1.32398
56	121	1.38457
56	143	1.27584
56	146	0.524641
56	152	0.488384
56	170	0.511977
56	172	0.494707
57	75	0.519854
57	92	0.546243
57	110	0.477419
57	147	1.35902
57	148	1.34355
57	149	1.30778
57	157	1.3284
57	161	0.482695
57	163	1.32868
57	164	0.495687
57	168	1.32352
57	172	0.485538
57	173	1.34199
57	176	1.33074
57	177	1.3364
58	18	1.20799
58	59	1.2974
58	65	0.547916
58	78	1.33236
58	84	1.27449
58	89	1.40014
58	97	1.35729
58	115	1.34676
58	121	1.40734
58	125	0.540755
58	136	1.37629
58	156	0.469465
58	174	0.477121
58	175	0.493496
58	179	0.476938
59	18	1.13694
59	22	1.24382
59	39	1.36038
59	56	1.27463
59	58	1.2974
59	62	1.38773
59	78	1.26131
59	95	1.27568
59	97	1.28624
59	98	0.559862
59	115	1.27571
59	118	0.533885
59	150	0.524562
59	169	0.52963
59	174	0.519522
59	178	0.540636
60	111	0.446342
60	141	0.47763
60	145	1.40172
60	149	1.40369
60	153	0.470848
60	155	1.41955
60	157	1.4243
60	159	1.42941
60	162	0.460096
60	163	1.42458
60	164	0.456281
60	169	0.443777
60	173	1.43789
60	175	0.450044
60	176	1.42665
60	177	1.4323
61	43	0.598809
61	45	1.3515
61	68	0.493031
61	72	1.29732
61	105	0.499752
61	116	1.27069
61	135	1.23118
61	137	1.30436
61	141	1.24727
61	142	1.31708
61	143	1.22362
61	161	0.532078
61	165	0.534018
61	166	1.26433
61	167	1.29265
61	173	0.547198
62	59	1.38773
62	87	1.32342
62	89	1.49047
62	113	1.3948
62	119	1.3948
62	121	1.49768
62	132	0.450737
62	145	0.478354
62	147	0.443677
62	148	0.451561
62	157	0.458808
62	159	0.455478
62	163	0.452297
62	175	1.43907
62	178	1.43451
62	180	1.43774
63	14	1.72618
63	32	1.34795
63	38	1.5058
63	48	0.500157
63	49	1.30515
63	74	1.41811
63	87	1.30167
63	113	1.37305
63	119	1.37305
63	133	0.463739
63	142	0.440686
63	152	1.44906
63	164	0.4528
63	165	0.441748
63	173	0.454928
63	178	0.451301
64	12	0.445205
64	13	1.45564
64	23	1.34572
64	30	1.37406
64	33	1.56767
64	65	1.33442
64	83	1.49913
64	101	1.4084
64	111	1.42514
64	146	1.38976
64	152	0.444046
64	158	0.473941
64	164	0.460517
64	165	0.449465
64	171	0.472497
64	178	0.459018
65	13	1.31567
65	23	1.20575
65	27	1.22926
65	30	1.23409
65	33	1.42771
65	58	0.547916
65	64	1.33442
65	101	1.26844
65	103	0.515128
65	111	1.28517
65	128	1.2497
65	146	1.24979
65	156	0.513791
65	164	0.54406
65	172	0.533911
65	176	0.54882
66	18	1.22535
66	39	1.44878
66	56	1.36303
66	78	1.34971
66	82	0.447686
66	84	1.29184
66	95	1.36409
66	97	1.37465
66	115	1.36411
66	118	0.484949
66	121	1.4247
66	136	1.39365
66	156	0.46293
66	157	0.506983
66	158	0.506623
66	166	0.511228
66	169	0.480695
67	21	0.516393
67	33	0.427663
67	53	0.48547
67	114	0.498172
67	127	0.511169
67	136	0.469366
67	138	1.36833
67	148	0.485252
67	153	1.3384
67	154	1.38554
67	162	1.3606
67	170	1.34134
67	171	1.33831
67	174	1.38544
67	175	1.36268
67	178	1.35812
67	180	1.36135
68	42	0.532435
68	61	0.493031
68	91	0.504699
68	106	0.466181
68	127	0.476292
68	140	1.34824
68	154	1.37873
68	155	0.459861
68	165	1.37404
68	166	0.461868
68	169	1.37614
68	171	1.33149
68	172	1.35117
68	174	1.37863
68	175	1.35587
68	178	1.35131
68	180	1.35454
69	8	1.39174
69	40	1.41123
69	71	1.37227
69	114	1.33841
69	116	1.33802
69	126	1.31817
69	127	0.518537
69	136	1.36864
69	140	0.480601
69	144	1.32591
69	151	0.4715
69	160	0.467086
69	167	1.35998
69	168	0.499845
69	173	0.488212
69	179	1.37572
69	180	0.475819
70	10	1.29598
70	33	0.548214
70	39	0.564915
70	44	1.17346
70	79	1.25274
70	86	1.18516
70	91	1.20971
70	99	1.21875
70	104	1.24881
70	117	1.26799
70	120	1.22777
70	139	0.570162
70	154	0.576385
70	156	0.568997
70	166	1.23779
70	174	0.576654
70	179	1.28184
71	5	1.39103
71	25	0.424318
71	69	1.37227
71	95	1.35821
71	102	0.53575
71	118	1.35867
71	130	1.35333
71	135	1.31765
71	137	1.39083
71	139	0.474845
71	141	1.33374
71	144	1.34505
71	161	0.490957
71	165	0.492897
71	167	1.37912
71	173	0.506077
71	174	0.481337
72	28	0.52414
72	29	1.49777
72	61	1.29732
72	84	1.27836
72	96	0.488322
72	105	0.435838
72	114	1.34993
72	132	1.37845
72	133	0.492095
72	135	1.31003
72	136	1.38016
72	137	1.38321
72	144	1.33744
72	159	0.491609
72	162	0.48497
72	176	0.485916
72	179	1.38725
73	81	0.495987
73	138	0.487568
73	140	0.487552
73	145	1.33759
73	148	1.37533
73	149	1.33956
73	150	0.475462
73	155	1.35542
73	157	1.36018
73	158	1.36222
73	159	1.36529
73	167	0.487105
73	172	0.482887
73	173	1.37377
73	176	1.36252
73	177	1.36818
73	178	0.491536
74	14	1.63868
74	32	1.26044
74	35	1.51913
74	38	1.4183
74	46	0.558348
74	49	1.21765
74	53	1.3425
74	63	1.41811
74	87	1.21417
74	113	1.28555
74	119	1.28555
74	129	0.500633
74	142	0.469196
74	143	0.498458
74	156	0.451042
74	161	0.468319
74	179	0.458515
75	40	1.36239
75	41	1.36634
75	57	0.519854
75	106	1.27989
75	107	1.28093
75	114	1.28956
75	123	1.30641
75	130	1.28535
75	131	0.497604
75	132	1.31808
75	137	1.32285
75	144	1.27707
75	149	0.523139
75	157	0.533829
75	160	0.501047
75	167	1.31114
75	172	0.509897
75	175	0.513808
76	2	0.494183
76	26	0.53866
76	112	1.34004
76	120	0.538381
76	123	0.526861
76	127	1.28586
76	142	1.34587
76	149	1.28282
76	157	1.30344
76	158	1.30548
76	163	1.30371
76	168	1.29856
76	172	0.502975
76	173	1.31703
76	176	1.30578
76	177	1.31143
76	178	0.511625
76	179	0.490328
77	114	0.457547
77	117	0.455682
77	121	0.433578
77	123	0.451828
77	128	0.452265
77	140	1.43166
77	150	1.45213
77	154	1.46214
77	159	0.448544
77	164	1.44734
77	168	0.451852
77	170	1.41794
77	171	1.41491
77	173	0.440219
77	174	1.46204
77	175	1.43929
77	178	1.43473
77	180	1.43795
78	9	1.37632
78	18	1.1719
78	22	1.27878
78	58	1.33236
78	59	1.26131
78	66	1.34971
78	89	1.36405
78	97	1.3212
78	109	0.541722
78	115	1.31066
78	121	1.37125
78	143	1.26252
78	147	0.520894
78	154	0.49936
78	156	0.491972
78	170	0.529363
78	174	0.499629
78	178	0.520742
79	19	1.38805
79	25	0.440413
79	42	1.26046
79	44	1.26082
79	48	0.567402
79	70	1.25274
79	81	0.522997
79	86	1.27253
79	91	1.29707
79	99	1.30612
79	117	1.35536
79	120	1.31514
79	128	1.32253
79	136	0.510695
79	144	0.530217
79	152	0.503573
79	177	0.524527
79	179	1.36921
80	117	0.533744
80	147	1.33359
80	148	1.31812
80	152	0.499681
80	155	1.29821
80	157	1.30296
80	158	1.305
80	159	1.30807
80	160	0.497155
80	162	0.519968
80	163	1.30324
80	168	1.29809
80	169	0.503649
80	170	0.523274
80	171	0.528133
80	173	1.31655
80	176	1.30531
80	177	1.31096
81	24	1.28512
81	47	0.571714
81	49	1.22688
81	73	0.495987
81	79	0.522997
81	87	1.2234
81	100	0.471568
81	111	0.488891
81	113	1.29478
81	119	1.29478
81	127	0.531283
81	144	1.32389
81	167	1.35795
81	168	0.512591
81	169	1.35933
81	174	1.36181
81	178	1.3345
81	180	1.33772
82	15	0.445695
82	66	0.447686
82	88	0.424126
82	123	0.464102
82	124	0.450749
82	147	0.449017
82	150	1.44731
82	151	1.47116
82	162	1.43238
82	166	0.468394
82	167	0.444434
82	169	1.45474
82	171	1.41009
82	172	1.42976
82	174	1.45722
82	175	1.43446
82	178	1.4299
82	180	1.43313
83	64	1.49913
83	96	0.456297
83	101	1.43315
83	111	1.44988
83	121	0.444618
83	123	1.44062
83	126	1.40354
83	133	0.46007
83	153	0.463697
83	160	0.430132
83	164	0.44913
83	167	1.44535
83	168	1.42248
83	171	0.461111
83	173	1.44095
83	175	0.442893
83	176	1.4297
83	177	1.43535
84	53	0.547914
84	58	1.27449
84	66	1.29184
84	72	1.27836
84	88	0.514921
84	89	1.30618
84	93	0.546504
84	101	0.531527
84	109	0.560641
84	115	1.2528
84	137	1.28539
84	141	1.2283
84	167	1.27368
84	169	1.27506
84	171	1.23041
84	176	0.54592
84	177	0.545642
84	178	1.25022
84	180	1.25345
85	123	0.497717
85	129	1.36836
85	132	0.489692
85	145	1.36067
85	151	0.469395
85	152	0.467508
85	155	1.3785
85	157	1.38326
85	158	1.3853
85	159	1.38837
85	160	0.464981
85	163	1.38354
85	164	0.483979
85	168	1.37838
85	169	0.471475
85	173	1.39685
85	176	1.3856
85	177	1.39126
85	179	0.461184
86	10	1.31576
86	12	0.538833
86	19	1.32046
86	36	1.33965
86	42	1.19288
86	45	0.523681
86	70	1.18516
86	79	1.27253
86	91	1.22949
86	99	1.23854
86	102	0.585946
86	104	1.2686
86	107	0.543806
86	117	1.28778
86	118	0.545896
86	120	1.24756
86	156	0.523877
86	179	1.30163
86	180	0.543881
87	1	0.515945
87	14	1.52224
87	35	1.40269
87	38	1.30186
87	49	1.10121
87	53	1.22606
87	62	1.32342
87	63	1.30167
87	74	1.21417
87	81	1.2234
87	107	0.548728
87	113	1.16911
87	119	1.16911
87	152	1.24511
87	156	0.528799
87	166	0.577097
87	172	0.548919
87	179	0.536272
87	180	0.548803
88	82	0.424126
88	84	0.514921
88	106	0.491981
88	125	0.51066
88	126	0.485491
88	131	1.41918
88	148	1.39268
88	149	1.35691
88	152	0.453168
88	157	1.37753
88	158	1.37957
88	163	1.37781
88	166	1.36721
88	168	1.37265
88	170	0.476761
88	173	1.39112
88	176	1.37987
88	177	1.38553
88	179	0.446844
89	22	1.34656
89	29	0.427199
89	56	1.37737
89	58	1.40014
89	62	1.49047
89	78	1.36405
89	84	1.30618
89	95	1.37842
89	97	1.38898
89	115	1.37845
89	118	0.470328
89	121	1.43903
89	143	1.3303
89	159	0.489031
89	170	0.485699
89	171	0.490558
89	175	0.47234
89	176	0.483338
89	177	0.48306
90	17	1.30489
90	137	0.538132
90	143	0.568352
90	145	1.23656
90	147	1.28977
90	148	1.2743
90	155	1.25439
90	157	1.25914
90	158	1.26118
90	159	1.26425
90	165	0.540153
90	168	1.25427
90	170	0.558327
90	173	1.27273
90	174	0.528593
90	175	0.544967
90	176	1.26148
90	177	1.26714
90	179	0.52841
91	42	1.21742
91	44	1.21778
91	68	0.504699
91	70	1.20971
91	79	1.29707
91	86	1.22949
91	99	1.26308
91	104	1.29314
91	116	0.550649
91	117	1.31232
91	120	1.2721
91	139	0.527634
91	146	1.27958
91	153	0.571304
91	160	0.53774
91	166	1.28212
91	175	0.5505
91	177	0.56122
91	179	1.32617
92	17	0.523345
92	57	0.546243
92	111	0.536495
92	124	0.546819
92	148	0.552971
92	153	1.24044
92	160	1.29556
92	161	1.26402
92	164	1.27278
92	165	1.28289
92	167	0.540504
92	169	1.285
92	170	1.24337
92	171	1.24035
92	173	0.548562
92	174	1.28748
92	175	1.26472
92	178	1.26016
92	180	1.26339
93	34	0.520613
93	84	0.546504
93	108	1.31574
93	119	0.516477
93	127	1.31554
93	131	1.37476
93	149	1.3125
93	152	0.48475
93	154	0.478341
93	155	1.32836
93	157	1.33311
93	158	1.33515
93	163	1.33339
93	168	1.32824
93	169	0.488718
93	173	1.3467
93	176	1.33546
93	177	1.34111
93	179	0.478426
93	180	0.490957
94	46	0.560073
94	121	0.478524
94	128	0.49721
94	144	0.493208
94	148	0.489572
94	149	0.48613
94	153	1.30985
94	155	0.499058
94	161	1.33344
94	162	1.33205
94	164	1.34219
94	165	1.3523
94	169	1.35441
94	170	1.31279
94	171	1.30976
94	174	1.35689
94	175	1.33413
94	176	0.487796
94	178	1.32957
94	180	1.3328
95	6	0.47265
95	19	0.49426
95	51	1.32654
95	59	1.27568
95	66	1.36409
95	71	1.35821
95	89	1.37842
95	97	1.33558
95	102	0.540747
95	123	1.34119
95	135	1.28445
95	138	0.503479
95	151	0.494362
95	163	1.3282
95	169	0.496442
95	173	1.34152
95	176	1.33027
95	177	1.33593
95	178	0.507447
95	180	0.498682
96	3	0.48804
96	72	0.488322
96	83	0.456297
96	117	0.520636
96	128	0.517219
96	130	0.497452
96	139	1.32342
96	146	0.52283
96	150	1.34136
96	151	1.36522
96	153	1.30424
96	161	1.32782
96	164	1.33657
96	165	1.34669
96	172	1.32382
96	173	0.505172
96	174	1.35128
96	175	1.32852
96	178	1.32396
96	180	1.32719
97	1	0.47105
97	18	1.19684
97	39	1.42027
97	46	1.22203
97	58	1.35729
97	59	1.28624
97	66	1.37465
97	78	1.3212
97	89	1.38898
97	95	1.33558
97	115	1.3356
97	121	1.39619
97	136	1.36514
97	142	0.502058
97	165	0.50312
97	169	0.501667
97	170	0.521293
97	171	0.526152
97	174	0.491559
97	179	0.491376
98	59	0.559862
98	100	0.486343
98	115	0.519686
98	116	0.507516
98	124	0.513989
98	127	0.546058
98	132	0.519318
98	135	0.538934
98	153	1.2666
98	160	1.32172
98	161	1.29018
98	164	1.29893
98	165	1.30904
98	169	1.31115
98	170	1.26953
98	171	1.2665
98	172	1.28618
98	174	1.31363
98	175	1.29088
98	178	1.28632
98	180	1.28954
99	16	0.624854
99	19	1.35406
99	20	0.489669
99	36	1.37324
99	42	1.22647
99	48	0.561664
99	70	1.21875
99	79	1.30612
99	86	1.23854
99	91	1.26308
99	104	1.30219
99	117	1.32137
99	120	1.28115
99	130	0.508713
99	146	1.28863
99	150	0.496733
99	160	0.495308
99	166	1.29117
99	169	0.501802
99	171	0.526287
99	179	1.33522
100	47	1.3108
100	54	0.476639
100	81	0.471568
100	98	0.486343
100	124	1.41936
100	129	1.39094
100	147	1.43647
100	149	1.38523
100	151	0.454032
100	152	0.452144
100	155	1.40109
100	157	1.40585
100	158	1.40789
100	162	0.472431
100	168	1.40097
100	169	0.456111
100	170	0.475737
100	173	1.41944
100	175	0.462378
100	176	1.40819
100	177	1.41384
101	4	0.496273
101	13	1.38965
101	23	1.27973
101	27	1.30324
101	29	1.48089
101	30	1.30807
101	33	1.50168
101	46	1.22017
101	55	0.488033
101	64	1.4084
101	65	1.26844
101	83	1.43315
101	84	0.531527
101	111	1.35915
101	118	0.477995
101	128	1.32368
101	136	0.476895
101	143	0.503392
101	146	1.32377
101	156	0.455976
101	162	0.490059
101	178	0.484745
102	44	0.589861
102	71	0.53575
102	86	0.585946
102	95	0.540747
102	116	0.521589
102	126	0.54353
102	150	1.26516
102	151	1.28901
102	155	0.5437
102	160	1.28315
102	161	1.25161
102	162	1.25023
102	163	0.534951
102	164	1.26037
102	165	1.27048
102	169	1.27259
102	170	1.23096
102	171	1.22794
102	172	1.24761
102	175	1.25231
102	178	1.24775
102	180	1.25098
103	22	0.501672
103	23	0.495668
103	27	0.500065
103	32	0.505208
103	65	0.515128
103	111	0.457007
103	113	0.47709
103	116	1.35035
103	119	0.482202
103	121	0.462434
103	132	1.37925
103	141	1.32693
103	167	1.37231
103	168	1.34944
103	170	1.33206
103	172	1.34871
103	173	1.3679
103	175	1.35341
103	176	1.35665
103	177	1.36231
103	178	1.34885
103	180	1.35208
104	19	1.38412
104	34	0.527836
104	36	1.4033
104	42	1.25653
104	44	1.25689
104	48	0.555802
104	70	1.24881
104	86	1.2686
104	91	1.29314
104	99	1.30219
104	117	1.35143
104	120	1.31121
104	128	1.3186
104	130	0.502851
104	142	0.49633
104	146	1.31869
104	153	0.523011
104	156	0.478175
104	163	0.515717
104	166	1.32123
104	178	0.506945
104	179	1.36528
104	180	0.49818
105	45	0.420096
105	61	0.499752
105	72	0.435838
105	108	0.477982
105	109	0.470041
105	112	0.443759
105	124	0.450944
105	146	0.470345
105	150	1.42375
105	160	1.44174
105	161	1.41021
105	162	1.40882
105	164	1.41896
105	165	1.42907
105	166	0.468589
105	169	1.43118
105	170	1.38956
105	171	1.38653
105	172	1.4062
105	174	1.43366
105	175	1.4109
105	177	0.455042
105	180	1.40957
106	8	1.36734
106	54	1.32483
106	68	0.466181
106	75	1.27989
106	88	0.491981
106	126	1.29377
106	129	0.537542
106	130	1.30979
106	132	1.34252
106	135	1.27411
106	137	1.34729
106	138	0.512753
106	141	1.2902
106	143	1.26655
106	144	1.30151
106	146	0.538005
106	156	1.31528
106	161	0.505228
106	164	0.51822
106	167	1.33558
106	173	0.520348
106	175	0.511982
106	179	1.35132
107	9	0.475078
107	14	0.395919
107	18	0.598073
107	49	0.551162
107	56	0.494515
107	75	1.28093
107	86	0.543806
107	87	0.548728
107	114	1.31504
107	120	0.510795
107	121	0.481026
107	144	1.30255
107	155	1.31387
107	156	1.31633
107	161	1.31702
107	168	1.31375
107	169	1.338
107	171	1.29334
107	173	1.33221
107	176	1.32096
107	177	1.32662
107	178	1.31316
107	180	1.31639
108	93	1.31574
108	105	0.477982
108	110	0.505032
108	129	1.29856
108	140	0.517817
108	143	0.540446
108	144	0.533472
108	145	1.29087
108	147	1.34408
108	148	1.32861
108	149	1.29284
108	152	0.506828
108	155	1.3087
108	158	1.3155
108	159	1.31857
108	163	1.31373
108	168	1.30858
108	172	0.513151
108	173	1.32705
108	176	1.3158
108	177	1.32146
108	179	0.500504
108	180	0.513035
109	1	0.472237
109	47	1.22421
109	78	0.541722
109	84	0.560641
109	105	0.470041
109	115	0.521439
109	142	1.36169
109	143	0.532506
109	145	1.29667
109	148	1.33441
109	149	1.29864
109	152	0.498888
109	155	1.3145
109	157	1.31925
109	158	1.3213
109	159	1.32437
109	166	1.30894
109	168	1.31438
109	173	1.33285
109	176	1.3216
109	177	1.32725
109	178	0.51386
109	179	0.492564
110	45	0.447146
110	57	0.477419
110	108	0.505032
110	112	0.470809
110	122	0.48969
110	136	0.468261
110	148	0.484146
110	153	1.34343
110	154	1.39057
110	160	1.39856
110	162	1.36563
110	163	0.484883
110	164	1.37577
110	165	1.38588
110	169	1.38799
110	170	1.34637
110	171	1.34334
110	172	1.36302
110	175	1.36772
110	176	0.48237
110	177	0.482092
110	178	1.36316
110	179	1.40235
110	180	1.36638
111	13	1.40639
111	17	1.39911
111	23	1.29647
111	27	1.31998
111	29	1.49763
111	30	1.32481
111	33	1.51842
111	46	1.23691
111	60	0.446342
111	64	1.42514
111	65	1.28517
111	81	0.488891
111	83	1.44988
111	92	0.536495
111	101	1.35915
111	103	0.457007
111	113	0.496082
111	128	1.34042
111	132	0.491651
111	140	0.480456
111	146	1.34051
111	174	0.463326
111	175	0.479701
111	179	0.463143
112	38	0.476479
112	41	0.461459
112	76	1.34004
112	105	0.443759
112	110	0.470809
112	122	1.38708
112	128	0.503251
112	131	1.40909
112	133	0.500016
112	140	0.483594
112	141	0.510425
112	145	1.34486
112	147	1.39807
112	148	1.3826
112	149	1.34682
112	155	1.36268
112	157	1.36744
112	159	1.37255
112	168	1.36257
112	173	1.38103
112	176	1.36978
112	177	1.37544
112	178	0.487577
112	179	0.466281
113	12	1.33634
113	14	1.59362
113	31	1.46304
113	32	1.21538
113	35	1.47407
113	38	1.37324
113	49	1.17259
113	53	1.29745
113	62	1.3948
113	63	1.37305
113	74	1.28555
113	81	1.29478
113	87	1.16911
113	103	0.47709
113	111	0.496082
113	118	0.497772
113	119	1.24049
113	142	0.493907
113	151	0.491437
113	152	1.31649
113	166	0.524051
113	170	0.513143
113	171	0.518002
113	177	0.510504
113	179	0.483226
114	31	1.50464
114	67	0.498172
114	69	1.33841
114	72	1.34993
114	75	1.28956
114	77	0.457547
114	107	1.31504
114	123	1.34052
114	130	1.31946
114	132	1.3522
114	133	0.526273
114	134	0.51549
114	135	1.28378
114	137	1.35696
114	141	1.29988
114	143	1.27622
114	144	1.31119
114	150	0.497761
114	160	0.496336
114	166	1.31694
114	167	1.34525
114	169	0.50283
114	174	0.492722
114	175	0.509096
114	178	0.513835
115	9	1.39073
115	22	1.29318
115	25	0.422327
115	28	1.3011
115	39	1.40974
115	43	0.555697
115	56	1.32398
115	58	1.34676
115	59	1.27571
115	66	1.36411
115	78	1.31066
115	84	1.2528
115	89	1.37845
115	97	1.3356
115	98	0.519686
115	109	0.521439
115	121	1.38565
115	136	1.3546
115	143	1.27692
115	151	0.487374
115	156	0.471689
115	164	0.501958
115	165	0.490906
115	166	0.519988
115	171	0.513939
116	41	1.40007
116	52	0.481343
116	61	1.27069
116	69	1.33802
116	91	0.550649
116	98	0.507516
116	102	0.521589
116	103	1.35035
116	118	1.32442
116	126	1.30306
116	130	1.31908
116	132	1.35181
116	136	1.35353
116	137	1.35658
116	141	1.29949
116	144	1.3108
116	145	0.523118
116	166	1.31656
116	167	1.34487
116	172	0.47964
116	173	0.491916
116	174	0.467176
116	175	0.483551
116	177	0.494271
116	179	1.36061
117	10	1.39859
117	36	1.42248
117	42	1.27571
117	44	1.27607
117	70	1.26799
117	77	0.455682
117	79	1.35536
117	80	0.533744
117	86	1.28778
117	91	1.31232
117	96	0.520636
117	99	1.32137
117	104	1.35143
117	120	1.33039
117	128	1.33778
117	142	0.501355
117	146	1.33787
117	150	0.495896
117	152	0.496998
117	161	0.500477
117	166	1.34041
117	169	0.500965
117	174	0.490857
117	178	0.51197
117	179	1.38446
118	10	0.478424
118	32	0.52589
118	35	0.431609
118	49	0.553252
118	59	0.533885
118	66	0.484949
118	71	1.35867
118	86	0.545896
118	89	0.470328
118	101	0.477995
118	113	0.497772
118	116	1.32442
118	126	1.30457
118	159	1.33349
118	160	1.35832
118	167	1.34638
118	168	1.32351
118	171	1.3031
118	173	1.34197
118	175	1.32748
118	176	1.33073
118	177	1.33638
118	178	1.32292
118	179	1.36212
118	180	1.32615
119	12	1.33634
119	14	1.59362
119	31	1.46304
119	32	1.21538
119	35	1.47407
119	38	1.37324
119	49	1.17259
119	53	1.29744
119	62	1.3948
119	63	1.37305
119	74	1.28555
119	81	1.29478
119	87	1.16911
119	93	0.516477
119	103	0.482202
119	113	1.24049
119	134	0.511289
119	142	0.499019
119	152	1.31649
119	156	0.480864
119	164	0.511133
119	170	0.518255
119	172	0.500985
119	174	0.488521
119	180	0.500869
120	10	1.35837
120	19	1.36308
120	36	1.38226
120	42	1.23549
120	44	1.23585
120	70	1.22777
120	76	0.538381
120	79	1.31514
120	86	1.24756
120	91	1.2721
120	99	1.28115
120	104	1.31121
120	107	0.510795
120	117	1.33039
120	126	0.536986
120	128	1.29756
120	136	0.511786
120	142	0.509021
120	143	0.538282
120	146	1.29765
120	152	0.504663
120	159	0.531588
120	165	0.510083
120	166	1.30019
120	179	1.34424
120	180	0.51087
121	9	1.45131
121	18	1.24689
121	22	1.35376
121	28	1.36169
121	39	1.47032
121	41	0.463748
121	46	1.27208
121	56	1.38457
121	58	1.40734
121	62	1.49768
121	66	1.4247
121	77	0.433578
121	78	1.37125
121	83	0.444618
121	89	1.43903
121	94	0.478524
121	97	1.39619
121	103	0.462434
121	107	0.481026
121	115	1.38565
121	143	1.3375
121	145	0.524695
121	156	0.461097
121	173	0.493493
121	178	0.489866
121	179	0.46857
122	1	0.464835
122	6	0.471661
122	37	1.25579
122	55	0.509746
122	110	0.48969
122	112	1.38708
122	130	0.502365
122	131	1.39212
122	140	0.502475
122	145	1.32789
122	147	1.3811
122	148	1.36563
122	149	1.32986
122	154	0.485076
122	155	1.34572
122	157	1.35048
122	158	1.35252
122	163	1.35075
122	166	1.34016
122	167	0.502027
122	168	1.3456
122	169	0.495453
122	173	1.36407
122	176	1.35282
122	177	1.35847
122	179	0.485162
122	180	0.497693
123	5	1.374
123	14	0.419996
123	50	0.504055
123	51	1.34271
123	75	1.30641
123	76	0.526861
123	77	0.451828
123	82	0.464102
123	83	1.44062
123	85	0.497717
123	95	1.34119
123	114	1.34052
123	130	1.3363
123	135	1.30062
123	136	1.37075
123	141	1.31672
123	142	1.38653
123	144	1.32803
123	154	0.486734
123	155	0.525637
123	156	1.3418
123	163	0.516888
123	166	1.33378
123	167	1.3621
123	178	0.508116
123	179	1.37784
123	180	0.499351
124	82	0.450749
124	92	0.546819
124	98	0.513989
124	100	1.41936
124	105	0.450944
124	127	1.32677
124	131	1.386
124	135	0.521591
124	145	1.32176
124	148	1.3595
124	149	1.32373
124	154	0.473381
124	155	1.33959
124	156	1.34205
124	157	1.34435
124	158	1.34639
124	159	1.34946
124	161	0.48327
124	162	0.500077
124	163	1.34463
124	168	1.33947
124	169	0.483758
124	171	0.508243
124	173	1.35794
124	174	0.47365
124	176	1.34669
124	177	1.35235
125	58	0.540755
125	88	0.51066
125	126	0.552751
125	131	0.514457
125	133	1.25227
125	136	0.52755
125	151	1.30367
125	153	1.2427
125	154	1.28983
125	155	0.552921
125	160	1.29782
125	161	1.26628
125	162	1.26489
125	163	0.544172
125	164	1.27503
125	165	1.28514
125	166	0.554929
125	168	0.550661
125	169	1.28725
125	170	1.24563
125	171	1.2426
125	172	1.26228
125	174	1.28973
125	175	1.26698
125	176	0.541659
125	178	1.26242
125	180	1.26564
126	5	1.33693
126	14	0.42211
126	41	1.38021
126	69	1.31817
126	83	1.40354
126	88	0.485491
126	102	0.54353
126	106	1.29377
126	116	1.30306
126	118	1.30457
126	120	0.536986
126	125	0.552751
126	128	1.29408
126	130	1.29923
126	132	1.33196
126	135	1.26355
126	141	1.27964
126	144	1.29095
126	150	0.494156
126	152	1.33785
126	153	0.526296
126	166	1.29671
126	167	1.32502
126	170	0.518851
126	173	0.513857
126	178	0.51023
126	179	1.34076
126	180	0.501465
127	25	0.448699
127	67	0.511169
127	68	0.476292
127	69	0.518537
127	76	1.28586
127	81	0.531283
127	93	1.31554
127	98	0.546058
127	124	1.32677
127	131	1.35491
127	138	0.522864
127	147	1.34389
127	148	1.32842
127	149	1.29264
127	155	1.3085
127	156	1.31096
127	157	1.31326
127	158	1.3153
127	159	1.31837
127	163	1.31354
127	168	1.30838
127	172	0.518182
127	173	1.32685
127	174	0.505718
127	175	0.522093
127	176	1.3156
127	177	1.32126
127	179	0.505535
128	7	0.484611
128	11	0.604145
128	17	1.36364
128	23	1.261
128	54	1.32514
128	65	1.2497
128	77	0.452265
128	79	1.32253
128	94	0.49721
128	96	0.517219
128	101	1.32368
128	104	1.3186
128	111	1.34042
128	112	0.503251
128	117	1.33778
128	120	1.29756
128	126	1.29408
128	133	0.520992
128	135	1.27442
128	137	1.3476
128	152	1.34872
128	161	0.49706
128	166	1.30758
128	167	1.33589
128	175	0.503814
128	176	0.514812
128	178	0.508553
128	179	1.35163
129	16	1.18429
129	74	0.500633
129	85	1.36836
129	100	1.39094
129	106	0.537542
129	108	1.29856
129	131	1.35758
129	138	0.509733
129	139	0.486096
129	143	0.532347
129	145	1.29335
129	147	1.34656
129	149	1.29532
129	155	1.31118
129	157	1.31593
129	158	1.31797
129	159	1.32104
129	160	0.496202
129	161	0.502208
129	163	1.31621
129	168	1.31106
129	170	0.522322
129	171	0.527181
129	172	0.505052
129	173	1.32952
129	176	1.31828
129	177	1.32393
129	179	0.492405
130	8	1.3728
130	24	1.26821
130	40	1.39228
130	41	1.39623
130	44	0.552468
130	50	0.484725
130	51	1.32165
130	71	1.35333
130	75	1.28535
130	96	0.497452
130	99	0.508713
130	104	0.502851
130	106	1.30979
130	114	1.31946
130	116	1.31908
130	122	0.502365
130	123	1.3363
130	126	1.29923
130	132	1.34798
130	137	1.35275
130	144	1.30697
130	150	0.472712
130	156	1.32075
130	157	0.504069
130	165	0.479233
130	167	1.34104
130	168	0.504047
130	170	0.497407
130	177	0.494767
130	179	1.35678
131	26	0.498972
131	34	0.492828
131	43	0.527176
131	75	0.497604
131	88	1.41918
131	93	1.37476
131	112	1.40909
131	122	1.39212
131	124	1.386
131	125	0.514457
131	127	1.35491
131	129	1.35758
131	134	0.473592
131	137	0.460363
131	145	1.3499
131	147	1.40311
131	149	1.35187
131	154	0.450555
131	155	1.36773
131	158	1.37452
131	159	1.37759
131	163	1.37276
131	168	1.36761
131	169	0.460932
131	173	1.38607
131	174	0.450824
131	175	0.467198
131	176	1.37483
131	177	1.38048
131	179	0.450641
131	180	0.463172
132	24	1.30094
132	51	1.35438
132	54	1.36303
132	62	0.450737
132	72	1.37845
132	75	1.31808
132	85	0.489692
132	98	0.519318
132	103	1.37925
132	106	1.34252
132	111	0.491651
132	114	1.3522
132	116	1.35181
132	126	1.33196
132	130	1.34798
132	134	0.501746
132	135	1.3123
132	137	1.38548
132	140	0.496107
132	141	1.3284
132	143	1.30474
132	144	1.33971
132	147	0.500243
132	153	0.516157
132	160	0.482592
132	161	0.488598
132	166	1.34546
132	167	1.37377
132	169	0.489086
132	172	0.491442
132	179	1.38951
132	180	0.491326
133	6	1.35161
133	7	1.35393
133	41	0.4792
133	44	0.569
133	63	0.463739
133	72	0.492095
133	83	0.46007
133	112	0.500016
133	114	0.526273
133	125	1.25227
133	128	0.520992
133	134	1.30155
133	135	0.532146
133	136	0.497468
133	144	0.516989
133	146	0.526603
133	149	0.509911
133	151	1.35102
133	153	1.29004
133	154	1.33718
133	160	1.34516
133	162	1.31224
133	164	1.32238
133	165	1.33249
133	169	1.3346
133	170	1.29298
133	171	1.28995
133	172	1.30963
133	174	1.33708
133	175	1.31433
133	178	1.30976
133	179	1.34896
133	180	1.31299
134	47	0.568918
134	114	0.51549
134	119	0.511289
134	131	0.473592
134	132	0.501746
134	133	1.30155
134	138	1.32191
134	139	1.31116
134	144	0.506206
134	149	0.499127
134	150	1.3291
134	151	1.35295
134	153	1.29198
134	154	1.33912
134	160	1.3471
134	161	1.31556
134	162	1.31417
134	163	0.503306
134	164	1.32431
134	165	1.33442
134	166	0.514063
134	167	0.490103
134	168	0.509795
134	169	1.33653
134	170	1.29491
134	171	1.29188
134	172	1.31156
134	173	0.498161
134	174	1.33902
134	175	1.31626
134	177	0.500516
134	178	1.3117
134	180	1.31493
135	8	1.33712
135	24	1.23253
135	40	1.3566
135	41	1.36055
135	51	1.28597
135	54	1.29461
135	61	1.23118
135	71	1.31765
135	72	1.31003
135	95	1.28445
135	98	0.538934
135	106	1.27411
135	114	1.28378
135	123	1.30062
135	124	0.521591
135	126	1.26355
135	128	1.27442
135	132	1.3123
135	133	0.532146
135	137	1.31707
135	141	1.25998
135	146	0.540992
135	153	0.535773
135	157	0.534991
135	160	0.502209
135	165	0.510155
135	166	1.27705
135	167	1.30536
135	170	0.528328
135	171	0.533187
135	172	0.511058
135	174	0.498594
135	178	0.519708
135	179	1.3211
136	9	1.42026
136	22	1.32271
136	50	0.480968
136	58	1.37629
136	66	1.39365
136	67	0.469366
136	69	1.36864
136	72	1.38016
136	79	0.510695
136	97	1.36514
136	101	0.476895
136	110	0.468261
136	115	1.3546
136	116	1.35353
136	120	0.511786
136	123	1.37075
136	125	0.52755
136	133	0.497468
136	143	1.30645
136	144	1.34142
136	145	1.3349
136	151	0.471945
136	155	1.35273
136	157	1.35749
136	162	0.490343
136	163	1.35776
136	165	0.475477
136	166	1.34717
136	169	0.474024
136	172	0.47638
136	173	1.37108
136	176	1.35983
136	177	1.36549
136	180	0.476264
137	22	0.517531
137	24	1.30571
137	40	1.42978
137	45	1.43739
137	54	1.36779
137	61	1.30436
137	71	1.39083
137	72	1.38321
137	75	1.32285
137	84	1.28539
137	90	0.538132
137	106	1.34729
137	114	1.35696
137	116	1.35658
137	128	1.3476
137	130	1.35275
137	131	0.460363
137	132	1.38548
137	135	1.31707
137	141	1.33316
137	142	1.40297
137	146	0.50259
137	153	0.497371
137	160	0.463807
137	162	0.48662
137	167	1.37854
137	169	0.470301
137	170	0.489927
137	172	0.472656
137	174	0.460193
137	176	0.487565
137	177	0.487287
137	179	1.39428
137	180	0.47254
138	3	0.475406
138	8	0.485177
138	11	1.2062
138	16	0.600959
138	17	0.467322
138	40	0.469488
138	41	0.462793
138	67	1.36833
138	73	0.487568
138	95	0.503479
138	106	0.512753
138	127	0.522864
138	129	0.509733
138	134	1.32191
138	140	1.32706
138	149	0.493505
138	150	1.34753
138	153	1.3104
138	154	1.35754
138	159	0.500864
138	160	1.36552
138	161	1.33399
138	162	1.3326
138	164	1.34274
138	165	1.35285
138	168	0.504172
138	169	1.35496
138	170	1.31333
138	171	1.31031
138	172	1.32998
138	174	1.35744
138	175	1.33468
138	178	1.33012
138	179	1.36932
138	180	1.33335
139	24	0.500348
139	25	1.47231
139	26	1.29722
139	42	0.55537
139	46	0.543811
139	70	0.570162
139	71	0.474845
139	91	0.527634
139	96	1.32342
139	129	0.486096
139	134	1.31116
139	148	0.47331
139	150	1.33678
139	151	1.36063
139	153	1.29966
139	154	1.3468
139	155	0.482795
139	158	0.480198
139	159	0.477227
139	160	1.35478
139	161	1.32324
139	162	1.32185
139	163	0.474046
139	164	1.33199
139	165	1.3421
139	166	0.484803
139	167	0.460843
139	169	1.34421
139	170	1.30259
139	171	1.29956
139	172	1.31924
139	174	1.34669
139	175	1.32394
139	178	1.31938
139	180	1.3226
140	28	0.53338
140	38	0.477797
140	50	1.3258
140	68	1.34824
140	69	0.480601
140	73	0.487552
140	77	1.43166
140	108	0.517817
140	111	0.480456
140	112	0.483594
140	122	0.502475
140	132	0.496107
140	138	1.32706
140	145	0.523724
140	149	0.493489
140	150	1.33425
140	151	1.3581
140	153	1.29713
140	154	1.34427
140	157	0.504179
