1	65	0.837352
1	67	0.836706
1	71	0.889952
1	81	0.870877
1	90	0.853253
1	95	0.835789
1	105	0.864935
1	114	0.901275
1	161	2.26867
1	169	3.39641
1	179	0.773341
1	180	0.751106
2	10	1.03849
2	12	0.935796
2	14	0.935014
2	27	0.909729
2	31	0.909729
2	32	0.915913
2	43	0.901221
2	54	0.964384
2	139	1.6283
2	156	1.51879
2	158	3.4013
2	163	0.929905
3	15	0.887469
3	35	0.850973
3	39	0.762409
3	40	0.850854
3	44	0.830573
3	51	0.826299
3	59	0.890279
3	69	0.870949
3	75	0.836467
3	134	1.36148
3	156	0.798772
3	180	4.69302
4	18	0.821877
4	37	0.821436
4	41	0.898504
4	58	0.838436
4	61	0.872099
4	65	0.825643
4	67	0.824997
4	71	0.878243
4	92	2.29504
4	142	0.8531
4	151	0.818551
4	163	3.19318
5	9	0.900061
5	22	0.892175
5	23	0.990167
5	33	1.01164
5	34	0.987945
5	55	0.946594
5	75	1.47285
5	136	0.878065
5	155	0.836516
5	165	0.970912
5	168	1.72792
5	171	3.98546
6	25	0.86735
6	35	0.853337
6	39	0.764773
6	40	0.853218
6	44	0.832937
6	51	0.828663
6	59	0.892643
6	69	0.873313
6	75	0.838831
6	142	1.49721
6	156	0.801136
6	162	4.11893
7	42	0.968231
7	79	0.910877
7	82	0.962082
7	97	1.29489
7	100	0.984585
7	107	0.99816
7	112	0.981524
7	163	0.92197
7	177	2.89205
7	178	2.59107
7	179	0.861823
7	180	0.839588
8	15	1.00969
8	25	0.987209
8	39	0.884632
8	44	0.952796
8	51	0.948522
8	59	1.0125
8	69	0.993172
8	141	1.95865
8	147	1.7272
8	156	0.920995
8	157	5.89267
9	5	0.900061
9	11	0.810431
9	22	0.777176
9	23	0.875168
9	30	0.884066
9	33	0.896645
9	34	0.872946
9	55	0.831595
9	77	2.46541
9	131	3.16212
9	155	0.721517
9	165	0.855913
10	2	1.03849
10	12	0.936368
10	14	0.935587
10	27	0.910301
10	31	0.910301
10	32	0.916485
10	43	0.901793
10	54	0.964956
10	130	1.58087
10	163	0.930477
10	167	1.97756
10	177	3.08124
11	9	0.810431
11	22	0.802545
11	23	0.900537
11	30	0.909435
11	34	0.898315
11	55	0.856964
11	68	1.74783
11	92	0.825408
11	136	0.788435
11	138	3.63603
11	155	0.746886
11	165	0.881281
12	2	0.935796
12	10	0.936368
12	14	0.832892
12	27	0.807606
12	31	0.807606
12	32	0.81379
12	43	0.799098
12	54	0.862261
12	125	0.819569
12	146	1.83096
12	158	3.74732
12	163	0.827782
13	19	0.968951
13	46	0.936011
13	56	0.911235
13	81	0.945296
13	83	0.93161
13	87	0.925446
13	90	0.927671
13	95	0.910207
13	97	1.80856
13	105	0.939353
13	143	0.929614
13	179	4.05021
14	2	0.935014
14	10	0.935587
14	12	0.832892
14	27	0.806825
14	31	0.806825
14	32	0.813009
14	43	0.798317
14	54	0.861479
14	125	0.818788
14	137	3.09941
14	163	0.827
14	166	2.70709
15	3	0.887469
15	8	1.00969
15	35	0.94366
15	39	0.855096
15	40	0.943542
15	51	0.918986
15	59	0.982966
15	66	1.88016
15	69	0.963636
15	141	1.86016
15	152	2.63604
15	156	0.891459
16	47	0.947801
16	49	0.937719
16	57	0.923579
16	60	0.934535
16	66	1.06326
16	74	0.969758
16	91	0.994869
16	136	0.879669
16	165	0.972515
16	168	1.80845
16	173	3.72405
16	180	0.837697
17	36	0.866252
17	47	0.837334
17	49	0.827252
17	60	0.824068
17	74	0.859291
17	76	0.869216
17	91	0.884402
17	142	1.80725
17	153	0.842249
17	165	0.862048
17	169	3.8281
17	180	0.72723
18	4	0.821877
18	37	0.821645
18	41	0.898714
18	58	0.838646
18	61	0.872309
18	65	0.825852
18	67	0.825207
18	71	0.878453
18	142	0.85331
18	144	1.48801
18	151	0.81876
18	162	4.16686
19	13	0.968951
19	20	0.935612
19	38	0.925492
19	78	0.929112
19	83	0.906639
19	87	0.900475
19	89	0.895507
19	95	0.885236
19	105	0.914383
19	129	2.40151
19	130	0.842102
19	178	2.12384
19	179	3.06931
20	19	0.935612
20	26	0.937191
20	46	0.902672
20	78	0.920744
20	81	0.911957
20	83	0.898271
20	87	0.892108
20	89	0.887139
20	90	0.894332
20	105	0.906015
20	163	1.15356
20	174	3.02456
20	178	3.01631
21	26	0.942878
21	46	0.908359
21	78	0.926432
21	81	0.917645
21	83	0.903958
21	87	0.897795
21	89	0.892827
21	90	0.90002
21	95	0.882556
21	105	0.911702
21	136	3.09893
21	144	1.72466
21	151	2.14435
22	5	0.892175
22	9	0.777176
22	11	0.802545
22	23	0.867282
22	30	0.87618
22	33	0.888759
22	34	0.86506
22	55	0.823709
22	136	0.75518
22	144	2.30958
22	152	3.49751
22	155	0.713631
22	165	0.848027
23	5	0.990167
23	9	0.875168
23	11	0.900537
23	22	0.867282
23	30	0.974172
23	34	0.963052
23	55	0.921701
23	75	1.19396
23	136	0.853172
23	141	1.45642
23	155	0.811623
23	165	0.946019
23	172	3.95573
24	39	2.34984
24	80	0.187569
24	127	0.818072
24	128	0.93996
24	147	0.896034
24	159	0.83857
24	169	0.805859
24	172	0.798497
24	173	0.787359
24	174	0.809971
24	175	0.796055
24	176	0.794462
24	178	0.808248
25	6	0.86735
25	8	0.987209
25	35	0.921178
25	39	0.832614
25	40	0.921059
25	44	0.900778
25	51	0.896503
25	59	0.960484
25	69	0.941154
25	156	0.868977
25	166	2.56097
25	167	1.47659
25	179	3.22476
26	20	0.937191
26	21	0.942878
26	48	0.908889
26	56	0.887843
26	83	0.908218
26	87	0.902054
26	89	0.897086
26	90	0.904279
26	95	0.886815
26	105	0.915961
26	119	1.64527
26	137	3.69779
26	149	2.49537
27	2	0.909729
27	10	0.910301
27	12	0.807606
27	14	0.806825
27	32	0.787723
27	43	0.773031
27	54	0.836194
27	86	0.838979
27	103	0.848539
27	108	2.38333
27	125	0.793502
27	150	3.21916
27	163	0.801715
28	36	0.86712
28	45	0.844543
28	47	0.838201
28	57	0.81398
28	74	0.860159
28	76	0.870084
28	91	0.885269
28	151	1.13426
28	153	0.843117
28	155	5.1932
28	165	0.862916
28	180	0.728097
29	83	0.737453
29	87	0.73129
29	90	0.733515
29	122	0.74749
29	123	0.776634
29	124	0.73202
29	136	0.673339
29	155	0.63179
29	173	0.65482
29	174	0.677433
29	176	0.661924
29	177	0.667351
29	179	0.653602
30	9	0.884066
30	11	0.909435
30	22	0.87618
30	23	0.974172
30	33	0.995649
30	55	0.930599
30	92	0.899044
30	126	3.6526
30	136	0.86207
30	155	0.820521
30	157	3.72126
30	163	1.31817
30	165	0.954917
31	2	0.909729
31	10	0.910301
31	12	0.807606
31	14	0.806825
31	32	0.787723
31	43	0.773031
31	54	0.836194
31	86	0.838979
31	94	2.98889
31	103	0.848539
31	125	0.793502
31	128	2.16442
31	163	0.801715
32	2	0.915913
32	10	0.916485
32	12	0.81379
32	14	0.813009
32	27	0.787723
32	31	0.787723
32	43	0.779215
32	54	0.842378
32	86	0.845163
32	117	1.20783
32	125	0.799686
32	140	4.91653
32	163	0.807899
33	5	1.01164
33	9	0.896645
33	22	0.888759
33	30	0.995649
33	34	0.984529
33	55	0.943178
33	115	1.74523
33	136	0.874649
33	142	1.26688
33	148	3.58805
33	155	0.8331
33	165	0.967496
34	5	0.987945
34	9	0.872946
34	11	0.898315
34	22	0.86506
34	23	0.963052
34	33	0.984529
34	55	0.919479
34	136	0.85095
34	151	1.19392
34	155	0.809401
34	165	0.943797
34	176	2.98818
34	179	3.15465
35	3	0.850973
35	6	0.853337
35	15	0.94366
35	25	0.921178
35	39	0.8186
35	40	0.907046
35	44	0.886764
35	51	0.88249
35	59	0.94647
35	69	0.92714
35	126	6.2474
35	139	1.82146
35	152	1.97381
35	156	0.854963
36	17	0.866252
36	28	0.86712
36	49	0.896171
36	57	0.882031
36	60	0.892987
36	74	0.92821
36	76	0.938135
36	91	0.953321
36	136	0.838121
36	151	1.76516
36	165	0.930967
36	167	2.96095
36	168	2.52272
36	180	0.796149
37	4	0.821436
37	18	0.821645
37	41	0.898272
37	58	0.838204
37	61	0.871868
37	65	0.825411
37	67	0.824765
37	71	0.878011
37	142	0.852868
37	151	0.818319
37	172	3.12598
37	174	2.64105
38	19	0.925492
38	48	0.888823
38	56	0.867776
38	78	0.910624
38	81	0.901837
38	83	0.888151
38	87	0.881988
38	88	3.54645
38	89	0.877019
38	90	0.884212
38	95	0.866748
38	105	0.895895
38	125	1.09065
38	170	3.22806
39	3	0.762409
39	6	0.764773
39	8	0.884632
39	15	0.855096
39	24	2.34984
39	25	0.832614
39	35	0.8186
39	40	0.818482
39	44	0.7982
39	51	0.793926
39	53	2.36739
39	59	0.857906
39	69	0.838576
39	156	0.766399
40	3	0.850854
40	6	0.853218
40	15	0.943542
40	25	0.921059
40	35	0.907046
40	39	0.818482
40	44	0.886646
40	51	0.882371
40	59	0.946352
40	69	0.927022
40	99	2.34439
40	115	2.19322
40	156	0.854845
40	161	2.60799
41	4	0.898504
41	18	0.898714
41	37	0.898272
41	58	0.915273
41	61	0.948936
41	65	0.902479
41	67	0.901834
41	71	0.95508
41	142	0.929937
41	149	1.10599
41	151	0.895387
41	175	2.62829
41	180	3.74093
42	7	0.968231
42	63	0.895003
42	79	0.857058
42	84	0.903282
42	106	0.906172
42	107	0.944341
42	112	0.927706
42	114	0.935939
42	143	1.45462
42	153	0.900789
42	170	3.50576
42	176	3.26399
42	179	0.808004
42	180	0.78577
43	2	0.901221
43	10	0.901793
43	12	0.799098
43	14	0.798317
43	27	0.773031
43	31	0.773031
43	32	0.779215
43	54	0.827686
43	86	0.83047
43	103	0.840031
43	117	3.35466
43	125	0.784994
43	128	2.32389
43	163	0.793207
44	3	0.830573
44	6	0.832937
44	8	0.952796
44	25	0.900778
44	35	0.886764
44	39	0.7982
44	40	0.886646
44	51	0.86209
44	59	0.92607
44	69	0.90674
44	75	0.872258
44	92	1.54439
44	125	3.18865
44	156	0.834563
44	159	2.4533
45	28	0.844543
45	49	0.873594
45	57	0.859454
45	60	0.87041
45	74	0.905633
45	76	0.915559
45	91	0.930744
45	124	1.26832
45	133	0.899545
45	136	0.815544
45	153	0.888592
45	165	0.908391
45	170	3.59252
45	177	2.87273
45	180	0.773572
46	13	0.936011
46	20	0.902672
46	21	0.908359
46	48	0.87437
46	56	0.853324
46	77	1.12565
46	83	0.873699
46	87	0.867535
46	89	0.862567
46	90	0.86976
46	95	0.852296
46	105	0.881442
46	130	0.809162
46	154	1.13579
46	180	5.46874
47	16	0.947801
47	17	0.837334
47	28	0.838201
47	49	0.867252
47	53	0.863304
47	57	0.853112
47	60	0.864068
47	76	0.909217
47	91	0.924402
47	133	0.893203
47	153	0.88225
47	165	0.902049
47	171	3.71917
47	175	3.69644
47	180	0.76723
48	26	0.908889
48	38	0.888823
48	46	0.87437
48	56	0.849595
48	78	0.892443
48	81	0.883655
48	83	0.869969
48	87	0.863806
48	89	0.858837
48	90	0.866031
48	95	0.848567
48	105	0.877713
48	108	2.3275
48	128	1.3766
48	151	3.26908
49	16	0.937719
49	17	0.827252
49	36	0.896171
49	45	0.873594
49	47	0.867252
49	60	0.853986
49	74	0.889209
49	76	0.899135
49	91	0.91432
49	103	1.73329
49	150	2.65651
49	153	0.872168
49	154	2.53431
49	165	0.891967
49	180	0.757148
50	63	0.881167
50	82	0.894428
50	84	0.889446
50	100	0.91693
50	106	0.892336
50	107	0.930506
50	109	2.80142
50	112	0.91387
50	114	0.922103
50	128	1.11041
50	150	2.89716
50	153	0.886953
50	156	0.844752
50	179	0.794169
50	180	0.771934
51	3	0.826299
51	6	0.828663
51	8	0.948522
51	15	0.918986
51	25	0.896503
51	35	0.88249
51	39	0.793926
51	40	0.882371
51	44	0.86209
51	59	0.921796
51	66	2.15658
51	69	0.902466
51	119	1.91953
51	156	0.830289
51	167	3.34001
52	85	0.887094
52	93	0.915945
52	103	1.43716
52	104	0.845951
52	110	0.886234
52	113	0.921567
52	118	0.893464
52	120	0.893375
52	122	0.891263
52	123	0.920407
52	132	4.86245
52	133	0.901114
52	145	2.04321
52	155	0.775564
52	179	0.797376
53	39	2.36739
53	47	0.863304
53	120	0.370568
53	126	0.851446
53	154	0.930981
53	158	0.859605
53	161	0.903567
53	170	0.86284
53	171	0.859632
53	172	0.866935
53	173	0.855796
53	174	0.878409
53	175	0.864493
53	177	0.868327
53	178	0.876686
54	2	0.964384
54	10	0.964956
54	12	0.862261
54	14	0.861479
54	27	0.836194
54	31	0.836194
54	32	0.842378
54	43	0.827686
54	86	0.893633
54	103	0.903194
54	109	1.25309
54	125	0.848157
54	138	2.23104
54	163	0.85637
54	172	3.94624
55	5	0.946594
55	9	0.831595
55	11	0.856964
55	22	0.823709
55	23	0.921701
55	30	0.930599
55	33	0.943178
55	34	0.919479
55	92	0.846573
55	124	2.57727
55	136	0.809599
55	155	0.76805
55	163	2.01794
55	165	0.902446
55	167	3.078
56	13	0.911235
56	26	0.887843
56	38	0.867776
56	46	0.853324
56	48	0.849595
56	78	0.871396
56	81	0.862609
56	83	0.848923
56	86	0.862483
56	87	0.84276
56	89	0.837791
56	95	0.82752
56	105	0.856667
56	109	1.6602
56	142	1.49912
56	176	4.63916
57	16	0.923579
57	28	0.81398
57	36	0.882031
57	45	0.859454
57	47	0.853112
57	60	0.839847
57	74	0.87507
57	76	0.884995
57	91	0.90018
57	133	0.868981
57	148	3.03867
57	153	0.858028
57	163	1.21578
57	165	0.877827
57	179	4.024
57	180	0.743008
58	4	0.838436
58	18	0.838646
58	37	0.838204
58	41	0.915273
58	61	0.888868
58	65	0.842411
58	67	0.841766
58	71	0.895012
58	75	0.866679
58	86	0.875811
58	103	0.885372
58	134	2.20183
58	142	0.869869
58	151	0.835319
58	159	1.57486
58	173	4.10152
59	3	0.890279
59	6	0.892643
59	8	1.0125
59	15	0.982966
59	25	0.960484
59	35	0.94647
59	39	0.857906
59	40	0.946352
59	44	0.92607
59	51	0.921796
59	69	0.966446
59	121	1.1804
59	130	2.38712
59	135	1.65622
59	156	0.894269
59	178	3.5865
60	16	0.934535
60	17	0.824068
60	36	0.892987
60	45	0.87041
60	47	0.864068
60	49	0.853986
60	57	0.839847
60	74	0.886026
60	91	0.911136
60	136	0.795936
60	151	2.35306
60	153	0.868984
60	159	2.49956
60	161	2.88362
60	165	0.888783
60	180	0.753965
61	4	0.872099
61	18	0.872309
61	37	0.871868
61	41	0.948936
61	58	0.888868
61	65	0.876075
61	67	0.875429
61	71	0.928675
61	98	1.87638
61	103	0.919035
61	117	1.01762
61	142	0.903532
61	151	0.868983
61	158	4.16326
62	72	0.849778
62	104	0.840163
62	110	0.880446
62	113	0.915779
62	116	0.904879
62	118	0.887677
62	120	0.887588
62	122	0.885476
62	123	0.91462
62	128	0.621969
62	140	0.789158
62	155	0.769776
62	161	2.30581
62	165	0.904172
62	173	4.4484
62	179	0.791588
63	42	0.895003
63	50	0.881167
63	73	0.86017
63	79	0.837649
63	84	0.883872
63	106	0.886762
63	107	0.924932
63	112	0.908296
63	114	0.916529
63	141	2.33928
63	154	2.11897
63	156	0.839178
63	163	0.848742
63	168	3.10448
63	179	0.788595
63	180	0.76636
64	70	0.835383
64	85	0.858453
64	93	0.887304
64	96	0.836997
64	104	0.817309
64	110	0.857592
64	113	0.892926
64	118	0.864823
64	120	0.864734
64	122	0.862622
64	123	0.891766
64	135	1.83827
64	138	2.54653
64	151	0.825653
64	165	0.881318
64	174	3.77679
64	179	0.768735
65	1	0.837352
65	4	0.825643
65	18	0.825852
65	37	0.825411
65	41	0.902479
65	58	0.842411
65	61	0.876075
65	67	0.828973
65	71	0.882218
65	75	0.853885
65	86	0.863018
65	103	0.872578
65	132	4.73755
65	134	1.21167
65	142	0.857076
65	151	0.822526
65	164	2.79658
66	15	1.88016
66	16	1.06326
66	51	2.15658
66	143	0.950173
66	149	0.856745
66	150	0.867403
66	159	0.864261
66	161	0.860819
66	167	0.851036
66	168	0.856954
66	171	0.816885
66	173	0.813049
66	174	0.835662
66	175	0.821745
66	176	0.820153
66	177	0.825579
66	178	0.833938
67	1	0.836706
67	4	0.824997
67	18	0.825207
67	37	0.824765
67	41	0.901834
67	58	0.841766
67	61	0.875429
67	65	0.828973
67	71	0.881573
67	75	0.85324
67	86	0.862372
67	103	0.871933
67	109	2.08528
67	130	3.08586
67	142	0.85643
67	151	0.82188
67	161	2.81732
68	11	1.74783
68	93	1.31455
68	107	0.113423
68	129	0.878508
68	146	0.897388
68	157	0.817472
68	159	0.877488
68	162	0.832836
68	164	0.849949
68	166	0.84548
68	168	0.870182
68	174	0.848889
68	175	0.834973
68	176	0.83338
68	177	0.838807
68	178	0.847166
68	180	0.802824
69	3	0.870949
69	6	0.873313
69	8	0.993172
69	15	0.963636
69	25	0.941154
69	35	0.92714
69	39	0.838576
69	40	0.927022
69	44	0.90674
69	51	0.902466
69	59	0.966446
69	75	0.912634
69	131	1.29052
69	143	1.11735
69	156	0.874939
69	176	3.60937
69	177	3.13135
70	64	0.835383
70	80	0.876098
70	96	0.836507
70	104	0.81682
70	110	0.857102
70	113	0.892436
70	116	0.881535
70	118	0.864333
70	120	0.864244
70	122	0.862132
70	123	0.891276
70	124	3.47828
70	143	1.90419
70	151	0.825164
70	153	0.861029
70	154	2.55527
70	179	0.768245
71	1	0.889952
71	4	0.878243
71	18	0.878453
71	37	0.878011
71	41	0.95508
71	58	0.895012
71	61	0.928675
71	65	0.882218
71	67	0.881573
71	75	0.906486
71	86	0.915618
71	103	0.925179
71	121	1.55517
71	142	0.909676
71	149	3.43285
71	151	0.875126
71	156	2.46916
71	163	2.09851
72	62	0.849778
72	85	0.849504
72	93	0.878355
72	96	0.828048
72	104	0.808361
72	110	0.848644
72	111	5.18393
72	113	0.883977
72	116	0.873076
72	118	0.855874
72	120	0.855785
72	121	1.57614
72	122	0.853673
72	123	0.882818
72	140	0.757355
72	147	1.74466
72	153	0.85257
72	179	0.759786
73	63	0.86017
73	79	0.822225
73	82	0.873431
73	84	0.868449
73	100	0.895933
73	102	2.52258
73	103	2.33838
73	106	0.871339
73	107	0.909508
73	112	0.892873
73	114	0.901106
73	121	2.95974
73	130	0.792485
73	140	0.770741
73	156	0.823755
73	163	0.833319
73	179	0.773171
73	180	0.750937
74	16	0.969758
74	17	0.859291
74	28	0.860159
74	36	0.92821
74	45	0.905633
74	49	0.889209
74	57	0.87507
74	60	0.886026
74	76	0.931174
74	91	0.946359
74	133	0.91516
74	153	0.904207
74	156	2.24269
74	159	1.88281
74	160	2.27014
74	165	0.924006
74	167	2.93211
74	180	0.789188
75	3	0.836467
75	5	1.47285
75	6	0.838831
75	23	1.19396
75	44	0.872258
75	58	0.866679
75	65	0.853885
75	67	0.85324
75	69	0.912634
75	71	0.906486
75	85	1.46423
75	156	0.840458
75	161	0.838863
75	167	0.82908
75	168	0.834998
75	171	0.794928
75	172	0.802231
76	17	0.869216
76	28	0.870084
76	36	0.938135
76	45	0.915559
76	47	0.909217
76	49	0.899135
76	57	0.884995
76	74	0.931174
76	91	0.956285
76	133	0.925085
76	136	0.841085
76	152	1.3653
76	153	0.914132
76	165	0.933931
76	168	1.35462
76	171	3.61217
76	172	3.08873
76	180	0.799113
77	9	2.46541
77	46	1.12565
77	100	0.800905
77	101	0.917169
77	130	0.824913
77	141	0.901389
77	158	0.810626
77	159	0.858029
77	160	0.859825
77	166	0.826021
77	167	0.844804
77	169	0.825318
77	171	0.810653
77	174	0.82943
77	176	0.813921
77	177	0.819348
77	178	0.827706
77	179	0.805599
78	19	0.929112
78	20	0.920744
78	21	0.926432
78	38	0.910624
78	48	0.892443
78	56	0.871396
78	81	0.905457
78	83	0.891771
78	86	0.905331
78	87	0.885608
78	89	0.880639
78	90	0.887833
78	95	0.870369
78	105	0.899515
78	139	1.49063
78	146	1.34729
78	164	3.23313
78	179	3.81871
79	7	0.910877
79	42	0.857058
79	63	0.837649
79	73	0.822225
79	82	0.850909
79	88	2.75355
79	100	0.873412
79	106	0.848818
79	107	0.886987
79	111	2.61607
79	112	0.870351
79	114	0.878584
79	140	0.74822
79	153	0.843435
79	155	4.82381
79	156	0.801233
79	163	0.810797
79	179	0.75065
79	180	0.728415
80	24	0.187569
80	70	0.876098
80	85	0.899167
80	93	0.928018
80	96	0.877711
80	104	0.858024
80	110	0.898307
80	116	0.922739
80	118	0.905537
80	120	0.905449
80	122	0.903337
80	123	0.932481
80	147	1.59991
80	153	0.902234
80	155	0.787637
80	165	0.922033
80	168	2.59655
80	177	4.13847
80	179	0.809449
81	1	0.870877
81	13	0.945296
81	20	0.911957
81	21	0.917645
81	38	0.901837
81	48	0.883655
81	56	0.862609
81	78	0.905457
81	83	0.882984
81	87	0.87682
81	89	0.871852
81	90	0.879045
81	95	0.861581
81	105	0.890727
81	130	0.818447
81	141	2.04594
81	147	1.8145
81	154	1.82564
81	169	3.71188
82	7	0.962082
82	50	0.894428
82	73	0.873431
82	79	0.850909
82	84	0.897133
82	100	0.924617
82	103	1.09117
82	106	0.900023
82	107	0.938192
82	112	0.921557
82	114	0.92979
82	115	2.23594
82	127	3.51826
82	142	0.893324
82	153	0.89464
82	159	2.26663
82	163	0.862003
82	179	0.801855
82	180	0.779621
83	13	0.93161
83	19	0.906639
83	20	0.898271
83	21	0.903958
83	26	0.908218
83	29	0.737453
83	38	0.888151
83	46	0.873699
83	48	0.869969
83	56	0.848923
83	78	0.891771
83	81	0.882984
83	89	0.858166
83	90	0.865359
83	95	0.847895
83	105	0.877041
83	129	2.59056
83	140	3.1614
83	169	1.97271
83	179	3.25836
84	42	0.903282
84	50	0.889446
84	63	0.883872
84	73	0.868449
84	82	0.897133
84	100	0.919635
84	106	0.895041
84	107	0.933211
84	112	0.916575
84	114	0.924808
84	130	0.816188
84	136	3.07119
84	144	1.69691
84	146	2.58914
84	153	0.889658
84	156	0.847457
84	160	2.65043
84	163	0.857021
84	179	0.796874
84	180	0.774639
85	52	0.887094
85	64	0.858453
85	72	0.849504
85	75	1.46423
85	80	0.899167
85	93	0.909883
85	96	0.859576
85	104	0.839889
85	110	0.880172
85	113	0.915505
85	116	0.904605
85	118	0.887403
85	120	0.887314
85	122	0.885202
85	123	0.914346
85	139	2.35022
85	140	0.788884
85	150	1.6286
85	155	0.769502
85	178	3.73283
85	179	0.791314
86	27	0.838979
86	31	0.838979
86	32	0.845163
86	43	0.83047
86	54	0.893633
86	56	0.862483
86	58	0.875811
86	65	0.863018
86	67	0.862372
86	71	0.915618
86	78	0.905331
86	89	0.871726
86	95	0.861455
86	105	0.890601
86	130	0.818321
86	143	1.44148
86	151	0.855926
86	157	5.38607
86	163	0.859154
86	164	1.53085
86	180	3.27748
87	13	0.925446
87	19	0.900475
87	20	0.892108
87	21	0.897795
87	26	0.902054
87	29	0.73129
87	38	0.881988
87	46	0.867535
87	48	0.863806
87	56	0.84276
87	78	0.885608
87	81	0.87682
87	89	0.852002
87	90	0.859196
87	95	0.841732
87	101	1.24322
87	105	0.870878
87	130	0.798598
87	136	2.89476
87	151	1.94017
87	166	4.22034
88	38	3.54645
88	79	2.75355
88	97	0.812195
88	111	0.756551
88	127	0.769008
88	129	0.790526
88	143	0.875418
88	144	0.847425
88	154	0.81348
88	157	0.72949
88	160	0.791302
88	162	0.744854
88	168	0.7822
88	170	0.745338
88	171	0.74213
88	172	0.749433
88	173	0.738295
88	174	0.760908
88	175	0.746991
88	177	0.750825
88	178	0.759184
89	19	0.895507
89	20	0.887139
89	21	0.892827
89	26	0.897086
89	38	0.877019
89	46	0.862567
89	48	0.858837
89	56	0.837791
89	78	0.880639
89	81	0.871852
89	83	0.858166
89	86	0.871726
89	87	0.852002
89	90	0.854227
89	95	0.836763
89	105	0.865909
89	129	1.85124
89	130	0.793629
89	140	2.42208
89	155	4.983
89	175	2.56746
90	1	0.853253
90	13	0.927671
90	20	0.894332
90	21	0.90002
90	26	0.904279
90	29	0.733515
90	38	0.884212
90	46	0.86976
90	48	0.866031
90	78	0.887833
90	81	0.879045
90	83	0.865359
90	87	0.859196
90	89	0.854227
90	95	0.843957
90	105	0.873103
90	124	1.97612
90	127	2.67918
90	130	0.800822
90	152	2.04929
90	162	3.54022
91	16	0.994869
91	17	0.884402
91	28	0.885269
91	36	0.953321
91	45	0.930744
91	47	0.924402
91	49	0.91432
91	57	0.90018
91	60	0.911136
91	74	0.946359
91	76	0.956285
91	133	0.940271
91	135	1.37033
91	136	0.85627
91	139	1.918
91	145	2.78222
91	146	1.77465
91	153	0.929318
91	165	0.949117
91	166	3.58228
91	180	0.814298
92	4	2.29504
92	11	0.825408
92	30	0.899044
92	44	1.54439
92	55	0.846573
92	100	0.881068
92	107	0.894644
92	113	1.60328
92	114	0.886241
92	127	0.790238
92	149	0.803221
92	154	0.83471
92	155	0.736495
92	159	0.810737
92	161	0.807295
92	165	0.87089
92	176	0.766628
92	177	0.772055
92	178	0.780414
92	179	0.758307
92	180	0.736072
93	52	0.915945
93	64	0.887304
93	68	1.31455
93	72	0.878355
93	80	0.928018
93	85	0.909883
93	96	0.888427
93	104	0.86874
93	110	0.909023
93	113	0.944356
93	116	0.933455
93	118	0.916253
93	120	0.916165
93	122	0.914053
93	123	0.943197
93	143	1.54725
93	147	2.1872
93	153	0.91295
93	154	2.19834
93	160	2.96011
93	165	0.932749
93	179	0.820165
94	31	2.98889
94	95	1.8574
94	99	0.840617
94	100	0.76592
94	119	0.879794
94	145	0.816512
94	146	0.852557
94	152	0.837052
94	155	0.758415
94	157	0.772641
94	160	0.834453
94	162	0.788004
94	166	0.800649
94	167	0.819432
94	168	0.825351
94	172	0.792584
94	173	0.781445
94	174	0.804058
94	175	0.790142
94	176	0.788549
94	177	0.793976
94	178	0.802334
95	1	0.835789
95	13	0.910207
95	19	0.885236
95	21	0.882556
95	26	0.886815
95	38	0.866748
95	46	0.852296
95	48	0.848567
95	56	0.82752
95	78	0.870369
95	81	0.861581
95	83	0.847895
95	86	0.861455
95	87	0.841732
95	89	0.836763
95	90	0.843957
95	94	1.8574
95	101	2.22845
95	105	0.855639
95	130	0.783358
95	143	2.04638
95	159	3.0719
96	64	0.836997
96	70	0.836507
96	72	0.828048
96	80	0.877711
96	85	0.859576
96	93	0.888427
96	101	0.902286
96	104	0.818433
96	110	0.858716
96	113	0.894049
96	116	0.883148
96	118	0.865946
96	120	0.865858
96	122	0.863746
96	123	0.89289
96	150	1.4935
96	151	0.826777
96	153	0.862643
96	158	3.98813
96	165	0.882442
96	177	3.89871
96	179	0.769858
97	7	1.29489
97	13	1.80856
97	88	0.812195
97	99	0.837105
97	109	0.867837
97	112	2.51212
97	121	0.877484
97	126	0.773582
97	135	0.880018
97	137	0.788634
97	154	0.853117
97	157	0.769128
97	159	0.829144
97	164	0.801605
97	169	0.796433
97	172	0.789071
97	173	0.777933
97	174	0.800545
97	175	0.786629
97	176	0.785036
97	177	0.790463
97	178	0.798822
98	61	1.87638
98	106	2.11283
98	132	0.78066
98	141	0.871276
98	143	0.913828
98	154	0.851889
98	157	0.7679
98	160	0.829712
98	161	0.824475
98	165	0.616024
98	166	0.795908
98	167	0.814692
98	168	0.82061
98	169	0.795205
98	170	0.783748
98	172	0.787843
98	174	0.799317
98	175	0.785401
98	176	0.783808
98	177	0.789235
98	178	0.797594
98	179	0.775486
99	40	2.34439
99	94	0.840617
99	97	0.837105
99	101	0.873556
99	117	0.886256
99	126	0.758853
99	133	1.59728
99	138	0.79884
99	143	0.900328
99	145	0.798271
99	150	0.817558
99	158	0.767013
99	159	0.814416
99	165	0.780974
99	167	0.801192
99	168	0.80711
99	170	0.770248
99	171	0.76704
99	172	0.774343
99	173	0.763204
99	176	0.770308
99	177	0.775735
99	178	0.784093
100	7	0.984585
100	50	0.91693
100	73	0.895933
100	77	0.800905
100	79	0.873412
100	82	0.924617
100	84	0.919635
100	92	0.881068
100	94	0.76592
100	106	0.922525
100	112	0.944059
100	114	0.952292
100	130	0.843672
100	140	0.821927
100	142	0.915826
100	153	0.917142
100	156	0.874941
100	163	0.884505
100	167	2.23478
100	171	4.05408
100	174	3.04572
100	179	0.824358
100	180	0.802123
101	77	0.917169
101	87	1.24322
101	95	2.22845
101	96	0.902286
101	99	0.873556
101	113	1.66874
101	115	0.886031
101	126	0.810033
101	134	0.914567
101	149	0.85808
101	161	0.862154
101	162	0.820943
101	164	0.838056
101	166	0.833588
101	167	0.852371
101	168	0.858289
101	170	0.821427
101	171	0.818219
101	172	0.825522
101	173	0.814384
101	176	0.821487
101	177	0.826914
101	178	0.835273
102	73	2.52258
102	114	0.90242
102	115	0.83781
102	117	0.889214
102	118	1.29139
102	131	0.822785
102	135	0.868247
102	138	0.801798
102	145	0.801229
102	146	0.837274
102	148	0.795206
102	150	0.820516
102	154	0.841347
102	161	0.813933
102	164	0.789835
102	168	0.810068
102	169	0.784663
102	172	0.777301
102	174	0.788775
102	175	0.774859
102	177	0.778693
102	178	0.787051
103	27	0.848539
103	31	0.848539
103	43	0.840031
103	49	1.73329
103	52	1.43716
103	54	0.903194
103	58	0.885372
103	61	0.919035
103	65	0.872578
103	67	0.871933
103	71	0.925179
103	73	2.33838
103	82	1.09117
103	126	0.805435
103	127	0.840499
103	151	0.865486
103	163	0.868715
103	172	0.820924
103	173	0.809785
103	175	0.818482
103	177	0.822316
103	178	0.830675
104	52	0.845951
104	62	0.840163
104	64	0.817309
104	70	0.81682
104	72	0.808361
104	80	0.858024
104	85	0.839889
104	93	0.86874
104	96	0.818433
104	110	0.839029
104	113	0.874362
104	116	0.863461
104	118	0.846259
104	119	1.741
104	120	0.84617
104	122	0.844058
104	123	0.873203
104	133	0.853909
104	153	0.842956
104	163	2.10143
104	165	0.862755
104	168	2.72326
104	173	4.63886
104	179	0.750171
105	1	0.864935
105	13	0.939353
105	19	0.914383
105	20	0.906015
105	21	0.911702
105	26	0.915961
105	38	0.895895
105	46	0.881442
105	48	0.877713
105	56	0.856667
105	78	0.899515
105	81	0.890727
105	83	0.877041
105	86	0.890601
105	87	0.870878
105	89	0.865909
105	90	0.873103
105	95	0.855639
105	130	0.812505
105	139	2.19138
105	143	1.55913
105	148	3.53412
105	156	2.08188
105	164	3.93388
106	42	0.906172
106	50	0.892336
106	63	0.886762
106	73	0.871339
106	79	0.848818
106	82	0.900023
106	84	0.895041
106	98	2.11283
106	100	0.922525
106	107	0.9361
106	112	0.919465
106	114	0.927698
106	130	0.819078
106	133	0.903501
106	135	2.07902
106	140	0.797333
106	142	0.891232
106	149	3.48088
106	150	1.90507
106	153	0.892548
106	154	1.78287
106	156	0.850347
106	163	0.859911
106	179	0.799764
106	180	0.777529
107	7	0.99816
107	42	0.944341
107	50	0.930506
107	63	0.924932
107	68	0.113423
107	73	0.909508
107	79	0.886987
107	82	0.938192
107	84	0.933211
107	92	0.894644
107	106	0.9361
107	112	0.957634
107	130	0.857247
107	133	0.941671
107	134	1.99862
107	140	0.835503
107	142	0.929401
107	153	0.930718
107	156	0.888516
107	161	1.75571
107	163	0.89808
107	169	2.88345
107	174	3.23189
107	178	3.22364
107	179	0.837933
107	180	0.815698
108	27	2.38333
108	48	2.3275
108	119	0.89051
108	123	0.207581
108	127	0.822874
108	128	0.944762
108	132	0.796117
108	133	0.388744
108	138	0.827796
108	139	0.881553
108	144	0.901291
108	147	0.900836
108	160	0.845168
108	164	0.815833
108	166	0.811365
108	168	0.836066
108	169	0.810661
108	171	0.795996
108	172	0.803299
108	173	0.792161
108	174	0.814774
108	175	0.800857
108	176	0.799264
108	177	0.804691
108	178	0.81305
109	50	2.80142
109	54	1.25309
109	56	1.6602
109	67	2.08528
109	97	0.867837
109	128	0.946538
109	129	0.846168
109	138	0.829572
109	140	0.790288
109	145	0.829004
109	149	0.837633
109	154	0.869121
109	157	0.785132
109	158	0.797745
109	159	0.845148
109	164	0.817609
109	166	0.81314
109	167	0.831924
109	168	0.837842
109	170	0.80098
109	173	0.793937
109	174	0.816549
109	175	0.802633
109	176	0.80104
109	177	0.806467
109	178	0.814826
110	52	0.886234
110	62	0.880446
110	64	0.857592
110	70	0.857102
110	72	0.848644
110	80	0.898307
110	85	0.880172
110	93	0.909023
110	96	0.858716
110	104	0.839029
110	113	0.914645
110	116	0.903744
110	118	0.886542
110	120	0.886453
110	122	0.884341
110	123	0.913485
110	130	3.14616
110	131	2.80569
110	140	0.788023
110	142	1.9845
110	144	1.92737
110	151	0.847373
110	155	0.768642
110	160	2.88088
110	165	0.903038
110	179	0.790454
111	72	5.18393
111	79	2.61607
111	88	0.756551
111	121	0.82184
111	124	0.799489
111	127	0.753002
111	130	0.740385
111	134	0.822472
111	139	0.811681
111	146	0.7934
111	148	0.751332
111	152	0.777895
111	159	0.7735
111	160	0.775296
111	162	0.728848
111	166	0.741493
111	168	0.766194
111	169	0.740789
111	170	0.729332
111	171	0.726124
111	172	0.733427
111	173	0.722289
111	175	0.730985
111	176	0.729392
111	177	0.734819
111	178	0.743178
112	7	0.981524
112	42	0.927706
112	50	0.91387
112	63	0.908296
112	73	0.892873
112	79	0.870351
112	82	0.921557
112	84	0.916575
112	97	2.51212
112	100	0.944059
112	106	0.919465
112	107	0.957634
112	114	0.949232
112	115	1.92561
112	125	2.69166
112	130	0.840611
112	133	0.925035
112	135	1.87802
112	140	0.818867
112	142	0.912766
112	144	1.39012
112	152	2.57805
112	153	0.914082
112	156	0.871881
112	163	0.881445
112	179	0.821297
112	180	0.799063
113	52	0.921567
113	62	0.915779
113	64	0.892926
113	70	0.892436
113	72	0.883977
113	85	0.915505
113	92	1.60328
113	93	0.944356
113	96	0.894049
113	101	1.66874
113	104	0.874362
113	110	0.914645
113	116	0.939077
113	117	1.50399
113	118	0.921875
113	120	0.921787
113	122	0.919675
113	123	0.948819
113	140	0.823357
113	142	2.00314
113	146	2.83823
113	151	0.882706
113	153	0.918572
113	155	0.803975
113	163	2.50143
113	165	0.938371
113	179	0.825787
114	1	0.901275
114	42	0.935939
114	50	0.922103
114	63	0.916529
114	73	0.901106
114	79	0.878584
114	82	0.92979
114	84	0.924808
114	92	0.886241
114	100	0.952292
114	102	0.90242
114	106	0.927698
114	112	0.949232
114	125	2.62904
114	130	0.848845
114	133	0.933268
114	140	0.8271
114	141	1.73955
114	142	0.920999
114	146	2.21973
114	147	1.50811
114	153	0.922315
114	156	0.880114
114	163	0.889678
114	164	4.10557
114	179	0.82953
114	180	0.807296
115	33	1.74523
115	40	2.19322
115	82	2.23594
115	101	0.886031
115	102	0.83781
115	112	1.92561
115	121	0.875231
115	124	0.85288
115	128	0.928281
115	131	0.832303
115	139	0.865072
115	146	0.846791
115	150	0.830034
115	152	0.831286
115	160	0.828687
115	161	0.82345
115	162	0.782239
115	164	0.799352
115	169	0.79418
115	171	0.779515
115	172	0.786818
115	173	0.77568
115	174	0.798293
115	175	0.784376
115	176	0.782783
115	177	0.78821
115	178	0.796569
116	62	0.904879
116	70	0.881535
116	72	0.873076
116	80	0.922739
116	85	0.904605
116	93	0.933455
116	96	0.883148
116	104	0.863461
116	110	0.903744
116	113	0.939077
116	117	1.0159
116	118	0.910975
116	120	0.910886
116	122	0.908774
116	123	0.937918
116	125	0.866821
116	129	3.05669
116	133	0.918624
116	136	1.73512
116	140	0.812456
116	148	2.73916
116	151	0.871805
116	153	0.907671
116	155	0.793074
116	165	0.92747
116	174	2.78727
116	175	3.7729
116	179	0.814886
117	32	1.20783
117	43	3.35466
117	61	1.01762
117	99	0.886256
117	102	0.889214
117	113	1.50399
117	116	1.0159
117	129	0.879316
117	134	0.927268
117	145	0.862152
117	148	0.856128
117	150	0.881438
117	154	0.902269
117	158	0.830893
117	159	0.878296
117	161	0.874855
117	162	0.833644
117	164	0.850757
117	167	0.865072
117	169	0.845585
117	170	0.834128
117	172	0.838223
117	173	0.827084
117	176	0.834188
117	177	0.839615
117	178	0.847974
117	180	0.803632
118	52	0.893464
118	62	0.887677
118	64	0.864823
118	70	0.864333
118	72	0.855874
118	80	0.905537
118	85	0.887403
118	93	0.916253
118	96	0.865946
118	102	1.29139
118	104	0.846259
118	110	0.886542
118	113	0.921875
118	116	0.910975
118	120	0.893684
118	121	1.72855
118	122	0.891572
118	123	0.920716
118	125	0.849619
118	128	0.961974
118	133	0.901422
118	140	0.795254
118	151	0.854603
118	153	0.890469
118	155	0.775872
118	156	2.64254
118	160	2.66999
118	165	0.910268
118	175	5.12853
118	179	0.797684
119	26	1.64527
119	51	1.91953
119	94	0.879794
119	104	1.741
119	108	0.89051
119	123	0.924461
119	131	0.859005
119	137	0.813083
119	138	0.838017
119	139	0.891774
119	140	0.798733
119	143	0.939505
119	145	0.837449
119	149	0.846077
119	150	0.856735
119	152	0.857988
119	153	0.561281
119	157	0.793577
119	159	0.853593
119	164	0.826054
119	166	0.821585
119	167	0.840369
119	168	0.846287
119	169	0.820882
119	171	0.806217
119	174	0.824994
119	175	0.811078
119	176	0.809485
119	177	0.814912
119	178	0.823271
120	52	0.893375
120	53	0.370568
120	62	0.887588
120	64	0.864734
120	70	0.864244
120	72	0.855785
120	80	0.905449
120	85	0.887314
120	93	0.916165
120	96	0.865858
120	104	0.84617
120	110	0.886453
120	113	0.921787
120	116	0.910886
120	118	0.893684
120	122	0.891483
120	123	0.920627
120	125	0.84953
120	127	3.40257
120	133	0.901333
120	140	0.795165
120	142	1.64189
120	145	3.48455
120	151	0.854514
120	153	0.89038
120	155	0.775784
120	159	2.15094
120	165	0.910179
120	168	2.762
120	179	0.797596
121	59	1.1804
121	71	1.55517
121	72	1.57614
121	73	2.95974
121	97	0.877484
121	111	0.82184
121	115	0.875231
121	118	1.72855
121	129	0.855815
121	132	0.80754
121	135	0.905669
121	138	0.839219
121	144	0.912714
121	146	0.874695
121	147	0.912259
121	148	0.832628
121	150	0.857938
121	158	0.807392
121	160	0.856591
121	162	0.810143
121	168	0.847489
121	169	0.822084
121	170	0.810627
121	173	0.803584
121	174	0.826197
121	175	0.81228
121	176	0.810688
121	177	0.816114
121	178	0.824473
121	180	0.780131
122	29	0.74749
122	52	0.891263
122	62	0.885476
122	64	0.862622
122	70	0.862132
122	72	0.853673
122	80	0.903337
122	85	0.885202
122	93	0.914053
122	96	0.863746
122	104	0.844058
122	110	0.884341
122	113	0.919675
122	116	0.908774
122	118	0.891572
122	120	0.891483
122	123	0.918515
122	125	0.847418
122	133	0.899221
122	140	0.793053
122	147	1.57448
122	149	2.3849
122	151	0.852402
122	153	0.888268
122	155	0.773672
122	160	1.44865
122	162	3.17399
122	165	0.908067
122	178	2.91331
122	179	0.795484
122	180	5.01984
123	29	0.776634
123	52	0.920407
123	62	0.91462
123	64	0.891766
123	70	0.891276
123	72	0.882818
123	80	0.932481
123	85	0.914346
123	93	0.943197
123	96	0.89289
123	104	0.873203
123	108	0.207581
123	110	0.913485
123	113	0.948819
123	116	0.937918
123	118	0.920716
123	119	0.924461
123	120	0.920627
123	122	0.918515
123	125	0.876562
123	133	0.928365
123	134	1.92262
123	140	0.822197
123	151	0.881547
123	153	0.917412
123	155	0.802816
123	156	1.65553
123	165	0.937211
123	166	3.42932
123	169	2.80746
123	170	4.16842
123	179	0.824628
124	29	0.73202
124	45	1.26832
124	55	2.57727
124	70	3.47828
124	90	1.97612
124	111	0.799489
124	115	0.85288
124	126	0.776881
124	130	0.799328
124	132	0.785188
124	145	0.8163
124	147	0.889907
124	150	0.835586
124	152	0.836839
124	155	0.758202
124	158	0.785041
124	159	0.832444
124	161	0.829003
124	162	0.787791
124	167	0.81922
124	168	0.825138
124	169	0.799733
124	170	0.788276
124	171	0.785068
124	172	0.792371
124	173	0.781232
124	174	0.803845
124	175	0.789929
124	176	0.788336
124	178	0.802122
124	179	0.780014
125	12	0.819569
125	14	0.818788
125	27	0.793502
125	31	0.793502
125	32	0.799686
125	38	1.09065
125	43	0.784994
125	44	3.18865
125	54	0.848157
125	112	2.69166
125	114	2.62904
125	116	0.866821
125	118	0.849619
125	120	0.84953
125	122	0.847418
125	123	0.876562
125	133	0.857268
125	137	0.76545
125	138	0.790385
125	151	0.81045
125	155	0.731719
125	163	0.813678
125	164	0.778421
125	166	0.773953
125	167	0.792736
125	170	0.761792
125	171	0.758585
125	176	0.761853
125	177	0.767279
125	178	0.775638
125	179	0.753531
125	180	0.731296
126	30	3.6526
126	35	6.2474
126	53	0.851446
126	97	0.773582
126	99	0.758853
126	101	0.810033
126	103	0.805435
126	124	0.776881
126	132	0.703637
126	136	0.7182
126	138	0.735317
126	141	0.794253
126	143	0.836805
126	145	0.734749
126	148	0.728725
126	149	0.743377
126	150	0.754035
126	152	0.755288
126	154	0.774866
126	157	0.690877
126	158	0.70349
126	159	0.750893
126	164	0.723354
126	167	0.737669
126	168	0.743587
126	170	0.706725
126	172	0.71082
126	173	0.699681
126	174	0.722294
126	175	0.708378
126	176	0.706785
126	177	0.712212
126	178	0.720571
127	24	0.818072
127	82	3.51826
127	88	0.769008
127	90	2.67918
127	92	0.790238
127	103	0.840499
127	108	0.822874
127	111	0.753002
127	120	3.40257
127	135	0.836831
127	137	0.745447
127	145	0.769813
127	146	0.805857
127	147	0.843421
127	149	0.778442
127	157	0.725942
127	158	0.738554
127	159	0.785958
127	161	0.782516
127	162	0.741305
127	166	0.75395
127	167	0.772733
127	168	0.778651
127	169	0.753246
127	170	0.741789
127	172	0.745885
127	173	0.734746
127	174	0.757359
127	175	0.743442
127	176	0.74185
127	177	0.747277
127	178	0.755635
128	24	0.93996
128	31	2.16442
128	43	2.32389
128	48	1.3766
128	50	1.11041
128	62	0.621969
128	108	0.944762
128	109	0.946538
128	115	0.928281
128	118	0.961974
128	132	0.860589
128	133	0.2324
128	137	0.867335
128	141	0.951205
128	146	0.927745
128	152	0.91224
128	157	0.847829
128	158	0.860442
128	160	0.909641
128	162	0.863192
128	167	0.894621
128	168	0.900539
128	169	0.875134
128	170	0.863677
128	171	0.860469
128	172	0.867772
128	173	0.856633
128	174	0.879246
128	175	0.86533
128	176	0.863737
128	177	0.869164
128	178	0.877523
128	180	0.83318
129	19	2.40151
129	68	0.878508
129	83	2.59056
129	88	0.790526
129	89	1.85124
129	109	0.846168
129	116	3.05669
129	117	0.879316
129	121	0.855815
129	132	0.760219
129	137	0.766965
129	139	0.845656
129	144	0.865393
129	146	0.827375
129	148	0.785307
129	149	0.79996
129	154	0.831448
129	155	0.733234
129	157	0.747459
129	160	0.809271
129	161	0.804034
129	164	0.779936
129	166	0.775467
129	167	0.794251
129	169	0.774764
129	170	0.763307
129	171	0.760099
129	174	0.778876
129	175	0.76496
129	176	0.763367
129	177	0.768794
129	178	0.777153
129	179	0.755046
130	10	1.58087
130	19	0.842102
130	46	0.809162
130	59	2.38712
130	67	3.08586
130	73	0.792485
130	77	0.824913
130	81	0.818447
130	84	0.816188
130	86	0.818321
130	87	0.798598
130	89	0.793629
130	90	0.800822
130	95	0.783358
130	100	0.843672
130	105	0.812505
130	106	0.819078
130	107	0.857247
130	110	3.14616
130	111	0.740385
130	112	0.840611
130	114	0.848845
130	124	0.799328
130	133	0.824648
130	138	0.757764
130	145	0.757196
130	146	0.79324
130	147	0.830803
130	172	0.733267
130	174	0.744741
130	177	0.734659
130	178	0.743018
130	179	0.72091
130	180	0.698675
131	9	3.16212
131	69	1.29052
131	102	0.822785
131	110	2.80569
131	115	0.832303
131	119	0.859005
131	132	0.764611
131	135	0.862741
131	137	0.771357
131	144	0.869785
131	146	0.831767
131	147	0.86933
131	152	0.816262
131	154	0.83584
131	158	0.764464
131	159	0.811867
131	160	0.813663
131	161	0.808426
131	164	0.784328
131	165	0.972647
131	167	0.798643
131	168	0.804561
131	169	0.779156
131	170	0.767699
131	171	0.764491
131	172	0.771794
131	174	0.783268
131	175	0.769352
131	176	0.767759
131	177	0.773186
131	178	0.781545
132	52	4.86245
132	65	4.73755
132	98	0.78066
132	108	0.796117
132	121	0.80754
132	124	0.785188
132	126	0.703637
132	128	0.860589
132	129	0.760219
132	131	0.764611
132	138	0.743624
132	143	0.845112
132	145	0.743055
132	150	0.762342
132	154	0.783173
132	155	0.684958
132	158	0.711797
132	160	0.760996
132	162	0.714547
132	164	0.731661
132	166	0.727192
132	167	0.745976
132	170	0.715032
132	171	0.711824
132	172	0.719127
132	173	0.707988
132	174	0.730601
132	175	0.716685
132	176	0.715092
132	177	0.720519
132	178	0.728877
132	180	0.684535
133	45	0.899545
133	47	0.893203
133	52	0.901114
133	57	0.868981
133	74	0.91516
133	76	0.925085
133	91	0.940271
133	99	1.59728
133	104	0.853909
133	106	0.903501
133	107	0.941671
133	108	0.388744
133	112	0.925035
133	114	0.933268
133	116	0.918624
133	118	0.901422
133	120	0.901333
133	122	0.899221
133	123	0.928365
133	125	0.857268
133	128	0.2324
133	130	0.824648
133	134	2.10379
133	136	0.825071
133	137	4.0028
133	153	0.898118
133	156	0.855917
133	161	1.86088
133	163	0.865481
133	165	0.917918
133	176	4.10781
133	179	0.805334
133	180	0.783099
134	3	1.36148
134	58	2.20183
134	65	1.21167
134	101	0.914567
134	107	1.99862
134	111	0.822472
134	117	0.927268
134	123	1.92262
134	133	2.10379
134	135	0.906301
134	137	0.814917
134	141	0.898787
134	146	0.875327
134	148	0.833259
134	152	0.859822
134	154	0.8794
134	157	0.795411
134	158	0.808024
134	159	0.855427
134	160	0.857223
134	161	0.851986
134	162	0.810774
134	164	0.827888
134	167	0.842203
134	168	0.848121
134	169	0.822716
134	170	0.811259
134	171	0.808051
134	172	0.815354
134	173	0.804215
134	174	0.826828
134	175	0.812912
134	176	0.811319
134	177	0.816746
134	178	0.825105
134	180	0.780762
135	59	1.65622
135	64	1.83827
135	91	1.37033
135	97	0.880018
135	102	0.868247
135	106	2.07902
135	112	1.87802
135	121	0.905669
