1	12	0.936605
1	15	0.898565
1	61	1.28442
1	83	1.10247
1	87	0.883705
1	127	0.894102
1	133	0.89877
1	148	0.883541
1	156	1.59531
1	163	0.89986
1	167	0.906307
1	170	1.29866
2	85	0.791124
2	86	0.801514
2	92	0.83473
2	98	0.819703
2	105	0.799308
2	112	0.764971
2	113	0.82142
2	124	0.807018
2	146	1.6241
2	153	0.767235
2	174	1.86522
2	175	1.67056
3	18	0.794758
3	21	0.915572
3	39	0.869674
3	40	0.748762
3	57	0.782783
3	61	1.91427
3	63	0.758199
3	66	0.758226
3	71	0.758253
3	76	0.812814
3	97	1.52128
3	166	1.71523
4	16	0.906128
4	72	1.29078
4	82	1.20327
4	109	0.874931
4	118	0.919645
4	131	0.879836
4	136	1.47278
4	146	1.30954
4	152	0.915451
4	155	0.900299
4	163	0.899017
4	167	0.905464
5	10	0.851321
5	49	0.941749
5	54	1.37575
5	64	0.893039
5	65	0.908346
5	101	0.877873
5	135	0.91426
5	139	0.898189
5	140	1.11322
5	149	0.927716
5	153	1.47971
5	168	1.30429
6	21	1.24149
6	88	1.67626
6	135	1.53538
6	140	0.903202
6	171	0.80602
6	172	0.783553
6	173	0.785745
6	174	0.785634
6	175	0.824916
6	176	0.791635
6	177	0.811782
6	180	0.727845
7	22	0.905588
7	26	0.921756
7	94	0.882171
7	95	0.879418
7	132	0.894318
7	137	1.11512
7	139	0.892712
7	149	0.922239
7	166	0.912755
7	171	1.22302
7	176	1.17854
7	180	1.77241
8	41	0.874894
8	48	0.934023
8	58	0.909021
8	59	0.898689
8	89	0.872238
8	144	1.30941
8	150	0.884959
8	151	1.12968
8	161	0.919131
8	164	0.909443
8	168	1.03025
8	180	1.81366
9	113	0.945962
9	147	1.14331
9	152	1.10328
9	163	1.13415
9	168	0.948184
9	169	0.911292
9	172	0.893419
9	173	0.89561
9	175	0.934781
9	177	0.921648
9	179	0.879569
9	180	0.83771
10	5	0.851321
10	26	0.81154
10	64	0.777346
10	65	0.792654
10	90	0.787879
10	101	0.76218
10	107	0.826889
10	141	1.81629
10	149	0.812024
10	150	0.789169
10	168	1.59277
10	169	1.7439
11	79	0.899099
11	84	1.20757
11	111	0.867726
11	120	0.934721
11	130	0.880857
11	142	0.907405
11	152	0.90878
11	159	0.901962
11	165	1.28298
11	167	0.898793
11	173	1.46694
11	177	1.31644
12	1	0.936605
12	103	0.899806
12	111	0.874797
12	122	0.887429
12	138	0.888124
12	155	0.9007
12	156	1.60418
12	159	0.909033
12	160	1.1435
12	166	1.09426
12	167	0.905865
12	179	1.43082
13	45	0.772151
13	96	0.8044
13	122	0.767608
13	123	0.744385
13	138	0.768303
13	151	1.61188
13	152	0.796031
13	155	0.780878
13	161	0.803786
13	162	1.65271
13	163	0.779596
13	167	0.786044
13	180	2.29586
14	19	0.792464
14	56	1.45062
14	85	0.879949
14	112	0.853796
14	124	0.895843
14	138	0.868701
14	153	0.85606
14	154	1.5342
14	159	0.88961
14	163	0.879995
14	166	1.34853
14	167	0.886442
14	178	1.33734
15	1	0.898565
15	31	0.831742
15	116	0.889417
15	133	0.860288
15	134	0.860408
15	155	0.86266
15	159	0.870994
15	160	1.36758
15	163	0.861378
15	165	1.40378
15	166	1.31834
15	167	0.867825
15	173	1.58773
16	4	0.906128
16	34	1.37308
16	47	0.85774
16	83	1.43278
16	109	0.845697
16	118	0.890411
16	123	0.834572
16	126	0.863622
16	147	0.863783
16	155	0.871065
16	160	1.46494
16	167	0.87623
16	175	1.40447
17	56	0.811319
17	77	1.4319
17	127	1.65535
17	163	1.74638
17	169	0.793154
17	171	0.797748
17	172	0.775281
17	173	0.777473
17	174	0.777362
17	176	0.783363
17	178	0.820704
17	179	0.761431
17	180	0.719572
18	3	0.794758
18	36	0.833947
18	37	1.47203
18	39	0.967131
18	40	0.846219
18	57	0.88024
18	63	0.855655
18	66	0.855683
18	71	0.85571
18	76	0.910271
18	99	1.41512
18	168	1.31302
18	169	1.46415
19	14	0.792464
19	62	0.791885
19	81	0.799868
19	86	0.785486
19	98	0.803675
19	100	1.82746
19	105	0.78328
19	113	0.805392
19	124	0.79099
19	153	0.751207
19	156	0.698736
19	169	1.84791
19	176	1.88633
20	101	1.7917
20	115	0.795012
20	130	0.789843
20	135	1.50124
20	147	0.795332
20	149	1.54924
20	155	0.802614
20	167	0.807779
20	169	0.775536
20	173	0.759855
20	175	0.799025
20	177	0.785892
20	180	0.701955
21	3	0.915572
21	6	1.24149
21	36	0.95476
21	40	0.967032
21	57	1.00105
21	63	0.976468
21	66	0.976496
21	71	0.976523
21	76	1.03108
21	144	1.07133
21	172	1.10712
21	173	1.09873
21	179	1.1659
22	7	0.905588
22	72	1.33738
22	90	0.847623
22	108	0.898123
22	117	0.88386
22	129	0.848473
22	139	0.84224
22	146	1.35614
22	149	0.871768
22	150	0.848912
22	154	1.59949
22	158	0.854118
22	168	1.37667
23	35	1.70213
23	105	1.60134
23	117	1.55073
23	154	0.794319
23	168	0.82445
23	169	0.787557
23	171	0.792151
23	173	0.771876
23	174	0.771765
23	177	0.797913
23	178	0.815107
23	179	0.755834
23	180	0.713975
24	63	0.846088
24	66	0.846115
24	71	0.846142
24	76	0.900704
24	85	0.867831
24	104	1.24218
24	105	0.876015
24	112	0.841677
24	113	0.898126
24	124	0.883724
24	141	1.42527
24	174	1.42235
24	179	1.57548
25	51	0.815442
25	69	0.771918
25	72	1.75377
25	90	0.764715
25	91	0.821976
25	117	0.800952
25	122	0.763998
25	129	0.765565
25	132	0.760939
25	135	0.775404
25	150	0.766005
25	175	1.81899
25	176	1.98261
26	7	0.921756
26	10	0.81154
26	37	1.31977
26	84	1.20795
26	90	0.863791
26	101	0.838092
26	129	0.864641
26	139	0.858408
26	149	0.887935
26	158	0.870285
26	166	0.878451
26	175	1.18669
26	180	1.94417
27	49	1.56054
27	59	1.66446
27	100	0.796656
27	108	1.59055
27	169	0.793507
27	170	0.78058
27	172	0.775634
27	173	0.777826
27	174	0.777714
27	175	0.816996
27	178	0.821056
27	179	0.761784
27	180	0.719925
28	30	0.835638
28	46	0.846101
28	48	0.899725
28	58	0.874723
28	77	0.902865
28	89	0.837941
28	128	1.39668
28	140	1.21203
28	150	0.850661
28	161	0.884833
28	164	0.875145
28	166	1.44025
28	174	1.62368
29	41	0.755704
29	46	0.761208
29	48	0.814832
29	58	0.78983
29	73	1.98357
29	77	0.817972
29	89	0.753048
29	121	0.753035
29	150	0.765768
29	161	0.79994
29	164	0.790252
29	173	1.84197
29	174	1.75601
30	28	0.835638
30	41	0.81762
30	48	0.876749
30	58	0.851747
30	60	0.843759
30	89	0.814964
30	121	0.814951
30	137	1.49495
30	146	1.34829
30	150	0.827685
30	161	0.861857
30	164	0.852169
30	172	1.68377
30	176	1.55837
31	15	0.831742
31	86	0.843381
31	88	0.830763
31	97	1.264
31	110	0.876428
31	112	0.806837
31	113	0.863286
31	124	0.848884
31	148	0.816717
31	152	0.849471
31	158	1.50555
31	160	1.50719
31	167	0.839484
31	179	1.79452
32	65	0.837569
32	99	1.33856
32	117	0.869031
32	122	0.832077
32	129	0.833644
32	132	0.829018
32	135	0.843483
32	139	0.827412
32	144	1.51563
32	146	1.21594
32	149	0.856939
32	150	0.834084
32	158	0.839289
32	180	2.01988
33	47	0.824701
33	120	0.879118
33	127	0.830985
33	130	0.825255
33	133	0.835654
33	134	0.835774
33	145	1.40681
33	152	0.853178
33	159	0.846359
33	160	1.43517
33	163	0.836743
33	167	0.843191
33	172	1.66372
33	174	1.56936
34	16	1.37308
34	101	1.37107
34	155	1.28455
34	167	1.21785
34	168	0.890812
34	170	0.840993
34	171	0.858513
34	172	0.836046
34	173	0.838238
34	174	0.838127
34	175	0.877409
34	176	0.844128
34	179	0.822196
34	180	0.780338
35	23	1.70213
35	81	0.864678
35	86	0.850297
35	88	0.837678
35	92	0.883512
35	105	0.84809
35	112	0.813753
35	113	0.870202
35	124	0.8558
35	153	0.816017
35	156	0.763546
35	157	1.54283
35	160	1.38382
35	178	1.32338
36	18	0.833947
36	21	0.95476
36	39	0.908862
36	40	0.787951
36	57	0.821972
36	63	0.797387
36	66	0.797415
36	71	0.797441
36	76	0.852003
36	80	0.848442
36	100	1.56458
36	121	1.57419
36	164	1.46102
36	166	1.47107
37	18	1.47203
37	26	1.31977
37	88	1.38596
37	92	1.19698
37	151	0.870475
37	169	0.848509
37	170	0.835582
37	173	0.832827
37	175	0.871998
37	176	0.838717
37	177	0.858865
37	178	0.876058
37	179	0.816785
37	180	0.774927
38	85	1.82094
38	135	1.73053
38	145	0.819608
38	156	0.720965
38	161	1.70019
38	168	0.808468
38	170	0.758648
38	171	0.776169
38	174	0.755783
38	176	0.761784
38	177	0.781931
38	178	0.799125
38	179	0.739852
38	180	0.697994
39	3	0.869674
39	18	0.967131
39	36	0.908862
39	40	0.921135
39	57	0.955156
39	63	0.930571
39	66	0.930598
39	71	0.930625
39	76	0.985187
39	97	0.882703
39	142	1.17437
39	158	1.12425
39	177	1.19556
39	180	1.82291
40	3	0.748762
40	18	0.846219
40	21	0.967032
40	36	0.787951
40	39	0.921135
40	57	0.834244
40	63	0.809659
40	66	0.809687
40	71	0.809714
40	76	0.864275
40	107	1.48177
40	128	1.5149
40	168	1.52131
40	178	1.54727
41	8	0.874894
41	29	0.755704
41	30	0.81762
41	59	0.846374
41	60	0.848717
41	77	0.884847
41	89	0.819923
41	144	1.6128
41	150	0.832644
41	161	0.866815
41	164	0.857128
41	168	1.33364
41	169	1.48476
41	172	1.64858
42	65	0.828672
42	69	0.8311
42	91	0.881158
42	108	0.874397
42	122	0.82318
42	125	1.43908
42	129	0.824748
42	132	0.820121
42	149	0.848042
42	158	0.830392
42	165	1.61653
42	166	0.838557
42	168	1.49393
42	178	1.51989
43	93	1.14634
43	152	1.31188
43	155	1.33236
43	162	0.858629
43	163	1.34275
43	168	0.88715
43	170	0.837331
43	173	0.834577
43	174	0.834465
43	176	0.840467
43	177	0.860614
43	178	0.877807
43	179	0.818535
43	180	0.776676
44	111	0.821099
44	127	0.839962
44	133	0.84463
44	137	1.47246
44	141	1.56985
44	143	0.80532
44	144	0.833224
44	147	0.839719
44	155	0.847002
44	161	0.869909
44	163	0.84572
44	167	0.852167
44	172	1.66128
44	178	1.3723
45	13	0.772151
45	74	1.26442
45	87	0.839072
45	97	1.34238
45	109	0.831141
45	123	0.820016
45	133	0.854137
45	142	0.870286
45	148	0.838907
45	155	0.856509
45	157	1.74458
45	163	0.855227
45	167	0.861674
45	174	1.71976
46	28	0.846101
46	29	0.761208
46	58	0.862209
46	59	0.851878
46	60	0.854221
46	75	1.39658
46	89	0.825427
46	121	0.825414
46	150	0.838148
46	156	1.86668
46	158	1.40435
46	160	1.40599
46	161	0.872319
46	164	0.862632
47	16	0.85774
47	33	0.824701
47	74	1.32399
47	111	0.826009
47	131	0.831448
47	133	0.84954
47	140	1.36768
47	143	0.81023
47	144	0.838134
47	153	1.73417
47	155	0.851912
47	158	1.6435
47	163	0.85063
47	167	0.857077
48	8	0.934023
48	28	0.899725
48	29	0.814832
48	30	0.876749
48	59	0.905502
48	60	0.907846
48	74	1.01985
48	77	0.943976
48	89	0.879051
48	145	1.31264
48	161	0.925943
48	164	0.916256
48	166	1.29176
48	169	1.40573
48	173	1.56115
49	5	0.941749
49	27	1.56054
49	52	0.92322
49	95	0.85963
49	108	0.928807
49	117	0.914544
49	129	0.879157
49	135	0.888996
49	139	0.872925
49	149	0.902452
49	165	1.1493
49	166	0.892967
49	171	1.26074
49	173	1.33326
49	177	1.18277
50	69	0.825377
50	90	0.818174
50	95	0.799497
50	101	0.792475
50	122	0.817457
50	129	0.819025
50	132	0.814398
50	135	0.828863
50	139	0.812792
50	142	1.64522
50	146	1.48981
50	149	0.842319
50	162	1.65061
50	166	0.832834
50	176	1.6999
51	25	0.815442
51	69	0.898059
51	75	1.28327
51	91	0.948117
51	94	0.874933
51	107	0.929866
51	108	0.941356
51	129	0.891706
51	132	0.88708
51	135	0.901545
51	137	1.33241
51	142	1.34116
51	149	0.915001
51	168	1.20629
51	171	1.44031
52	49	0.92322
52	69	0.892244
52	91	0.942302
52	94	0.869119
52	104	1.16845
52	117	0.921279
52	132	0.881265
52	135	0.89573
52	139	0.879659
52	142	1.26291
52	144	1.40719
52	149	0.909187
52	158	0.891537
52	172	1.44298
52	176	1.31758
53	103	0.905897
53	111	0.880889
53	121	1.22106
53	143	0.86511
53	147	0.899509
53	148	0.88919
53	152	0.921944
53	154	1.3036
53	155	0.906791
53	159	0.915125
53	163	0.905509
53	166	1.11793
53	167	0.911957
53	168	1.08078
53	180	1.86419
54	5	1.37575
54	73	0.795311
54	123	1.55217
54	134	1.33911
54	139	1.37933
54	162	0.841794
54	170	0.820496
54	171	0.838016
54	172	0.81555
54	173	0.817741
54	176	0.823632
54	177	0.843779
54	178	0.860972
54	179	0.8017
54	180	0.759841
55	92	1.27152
55	124	1.37852
55	133	1.4674
55	157	0.820205
55	159	1.41052
55	160	0.860096
55	168	0.860409
55	171	0.82811
55	173	0.807835
55	174	0.807724
55	176	0.813725
55	177	0.833872
55	178	0.851066
55	179	0.791793
55	180	0.749935
56	14	1.45062
56	17	0.811319
56	143	1.46644
56	147	1.44881
56	149	1.2733
56	165	0.85353
56	170	0.81632
56	172	0.811374
56	173	0.813566
56	175	0.852736
56	176	0.819456
56	177	0.839603
56	178	0.856797
56	179	0.797524
56	180	0.755665
57	3	0.782783
57	18	0.88024
57	21	1.00105
57	36	0.821972
57	39	0.955156
57	40	0.834244
57	63	0.84368
57	66	0.843708
57	71	0.843735
57	76	0.898296
57	80	0.894736
57	137	1.42131
57	164	1.32229
57	165	1.41778
57	174	1.51577
57	175	1.32111
58	8	0.909021
58	28	0.874723
58	29	0.78983
58	30	0.851747
58	46	0.862209
58	60	0.882844
58	77	0.918974
58	89	0.854049
58	150	0.86677
58	161	0.900942
58	164	0.891254
58	165	1.4097
58	171	1.52114
58	175	1.31304
58	177	1.44317
58	178	1.31307
59	8	0.898689
59	27	1.66446
59	41	0.846374
59	46	0.851878
59	48	0.905502
59	60	0.872513
59	77	0.908643
59	89	0.843718
59	121	0.843705
59	146	1.1101
59	150	0.856439
59	161	0.89061
59	164	0.880923
59	169	1.28176
59	176	1.32018
59	179	1.50436
60	30	0.843759
60	41	0.848717
60	46	0.854221
60	48	0.907846
60	58	0.882844
60	59	0.872513
60	77	0.910986
60	84	1.33809
60	89	0.846061
60	102	1.51429
60	125	1.23604
60	150	0.858782
60	161	0.892954
60	164	0.883266
60	169	1.44203
60	177	1.44696
61	1	1.28442
61	3	1.91427
61	96	1.45535
61	148	1.51001
61	164	0.847318
61	165	0.831304
61	169	0.80702
61	171	0.811614
61	172	0.789147
61	173	0.791339
61	174	0.791228
61	176	0.797229
61	177	0.817376
61	178	0.83457
61	179	0.775297
61	180	0.733438
62	19	0.791885
62	83	0.892343
62	88	0.877142
62	92	0.922976
62	98	0.907948
62	105	0.887554
62	107	1.30354
62	112	0.853216
62	113	0.909665
62	124	0.895263
62	136	1.48578
62	153	0.855481
62	156	0.803009
62	162	1.48334
62	168	1.34308
62	178	1.36904
63	3	0.758199
63	18	0.855655
63	21	0.976468
63	24	0.846088
63	36	0.797387
63	39	0.930571
63	40	0.809659
63	57	0.84368
63	66	0.819123
63	71	0.81915
63	74	1.21731
63	76	0.873711
63	80	0.870151
63	82	1.32527
63	114	1.65773
63	146	1.43153
63	172	1.76701
64	5	0.893039
64	10	0.777346
64	80	0.870135
64	91	0.886857
64	107	0.868606
64	108	0.880097
64	119	1.44814
64	129	0.830447
64	132	0.82582
64	139	0.824214
64	144	1.49443
64	149	0.853741
64	158	0.836091
64	166	0.844257
64	168	1.21527
64	178	1.24123
64	180	1.99868
65	5	0.908346
65	10	0.792654
65	32	0.837569
65	42	0.828672
65	73	1.75315
65	90	0.844904
65	101	0.819205
65	107	0.883914
65	135	0.855592
65	139	0.839521
65	140	1.11394
65	142	1.43987
65	144	1.58416
65	149	0.869049
65	158	0.851399
65	166	0.859564
65	171	1.53903
66	3	0.758226
66	18	0.855683
66	21	0.976496
66	24	0.846115
66	36	0.797415
66	39	0.930598
66	40	0.809687
66	57	0.843708
66	63	0.819123
66	71	0.819177
66	76	0.873739
66	80	0.870178
66	151	1.36945
66	156	1.8171
66	162	1.41028
66	166	1.30717
66	174	1.49061
67	95	1.16045
67	116	1.03967
67	131	1.0007
67	152	0.969943
67	163	1.00081
67	165	0.961031
67	167	0.923721
67	169	0.936748
67	170	0.923821
67	173	0.921067
67	174	0.920956
67	175	0.960237
67	176	0.926957
67	177	0.947104
67	178	0.964298
67	179	0.905025
67	180	0.863166
68	93	1.38814
68	124	1.42913
68	127	1.49353
68	132	1.60741
68	157	0.802684
68	160	0.842576
68	169	0.805996
68	170	0.793069
68	171	0.81059
68	173	0.790315
68	175	0.829485
68	176	0.796205
68	177	0.816352
68	178	0.833546
68	179	0.774273
68	180	0.732415
69	25	0.771918
69	42	0.8311
69	50	0.825377
69	51	0.898059
69	52	0.892244
69	94	0.831409
69	117	0.883569
69	122	0.846615
69	132	0.843556
69	135	0.85802
69	145	1.46594
69	146	1.38737
69	158	0.853827
69	162	1.54816
69	166	0.861992
69	169	1.55903
69	178	1.43386
70	95	1.41817
70	133	1.192
70	138	1.32632
70	141	0.846776
70	149	1.0922
70	167	1.18145
70	169	0.862227
70	170	0.8493
70	171	0.866821
70	172	0.844354
70	173	0.846546
70	174	0.846435
70	175	0.885716
70	177	0.872583
70	178	0.889777
70	179	0.830504
70	180	0.788646
71	3	0.758253
71	18	0.85571
71	21	0.976523
71	24	0.846142
71	36	0.797441
71	39	0.930625
71	40	0.809714
71	57	0.843735
71	63	0.81915
71	66	0.819177
71	76	0.873765
71	80	0.870205
71	99	1.45749
71	115	1.46421
71	119	1.58826
71	136	1.4981
71	164	1.3825
72	4	1.29078
72	22	1.33738
72	25	1.75377
72	98	1.28368
72	116	1.29997
72	157	0.835563
72	165	0.863159
72	169	0.838875
72	170	0.825948
72	171	0.843469
72	172	0.821002
72	174	0.823083
72	175	0.862364
72	176	0.829084
72	177	0.849231
72	178	0.866425
72	179	0.807152
72	180	0.765294
73	29	1.98357
73	54	0.795311
73	65	1.75315
73	126	1.56024
73	130	1.65216
73	162	0.781341
73	165	0.797253
73	168	0.809863
73	169	0.77297
73	171	0.777564
73	172	0.755097
73	174	0.757178
73	175	0.796459
73	176	0.763179
73	177	0.783326
73	178	0.800519
73	179	0.741247
73	180	0.699388
74	45	1.26442
74	47	1.32399
74	48	1.01985
74	63	1.21731
74	129	1.06104
74	147	1.07481
74	168	0.944528
74	169	0.907635
74	170	0.894708
74	171	0.912229
74	172	0.889762
74	174	0.891843
74	175	0.931124
74	176	0.897844
74	177	0.917991
74	178	0.935185
74	179	0.875912
74	180	0.834053
75	46	1.39658
75	51	1.28327
75	116	1.41625
75	143	1.40419
75	146	0.872074
75	152	1.34652
75	168	0.873375
75	169	0.836482
75	170	0.823555
75	172	0.818609
75	173	0.820801
75	174	0.82069
75	175	0.859971
75	176	0.826691
75	177	0.846838
75	178	0.864032
75	179	0.804759
75	180	0.762901
76	3	0.812814
76	18	0.910271
76	21	1.03108
76	24	0.900704
76	36	0.852003
76	39	0.985187
76	40	0.864275
76	57	0.898296
76	63	0.873711
76	66	0.873739
76	71	0.873765
76	80	0.924766
76	99	1.23642
76	144	1.41349
76	170	1.38477
76	173	1.44088
76	175	1.16026
76	177	1.29039
77	17	1.4319
77	28	0.902865
77	29	0.817972
77	41	0.884847
77	48	0.943976
77	58	0.918974
77	59	0.908643
77	60	0.910986
77	89	0.882191
77	114	1.19159
77	121	0.882178
77	142	1.1208
77	150	0.894912
77	160	1.07232
77	161	0.929084
77	164	0.919396
77	171	1.21996
77	180	1.76934
78	80	1.37593
78	117	1.32271
78	122	1.56502
78	135	1.26276
78	139	1.48455
78	154	0.829382
78	160	0.859199
78	162	0.830991
78	169	0.82262
78	170	0.809693
78	171	0.827213
78	172	0.804747
78	173	0.806938
78	174	0.806827
78	175	0.846109
78	176	0.812829
78	177	0.832976
78	179	0.790897
78	180	0.749038
79	11	0.899099
79	96	0.89423
79	102	1.43044
79	106	1.44584
79	111	0.844805
79	118	0.890053
79	120	0.9118
79	127	0.863667
79	133	0.868336
79	143	0.829026
79	152	0.88586
79	156	1.75413
79	159	0.879041
79	161	0.893615
79	163	0.869426
79	167	0.875873
79	168	1.20705
79	175	1.23298
79	178	1.23301
80	36	0.848442
80	57	0.894736
80	63	0.870151
80	64	0.870135
80	66	0.870178
80	71	0.870205
80	76	0.924766
80	78	1.37593
80	95	0.861991
80	101	0.854969
80	129	0.881518
80	132	0.876891
80	139	0.875285
80	142	1.33411
80	149	0.904813
80	151	1.29867
80	153	1.37466
80	171	1.43326
80	176	1.38878
81	19	0.799868
81	35	0.864678
81	85	0.887353
81	86	0.897743
81	92	0.930959
81	98	0.915932
81	102	0.853234
81	105	0.895537
81	112	0.8612
81	113	0.917649
81	124	0.903246
81	153	0.863464
81	156	0.810993
81	158	1.30875
81	170	1.47443
81	171	1.45802
81	174	1.44458
81	177	1.38005
81	178	1.24995
82	4	1.20327
82	63	1.32527
82	86	1.21673
82	98	1.19617
82	129	1.16899
82	149	1.00726
82	160	0.917558
82	162	0.88935
82	168	0.917871
82	169	0.880979
82	170	0.868052
82	171	0.885572
82	172	0.863106
82	174	0.865186
82	175	0.904468
82	176	0.871187
82	178	0.908528
82	179	0.849255
82	180	0.807397
83	1	1.10247
83	16	1.43278
83	62	0.892343
83	85	0.875554
83	88	0.873327
83	92	0.919161
83	110	1.26952
83	113	0.90585
83	124	0.891448
83	126	1.16633
83	127	1.26362
83	156	0.799194
83	167	1.27755
83	173	0.834123
83	174	0.834012
83	175	0.873294
83	177	0.860161
83	178	0.877354
83	179	0.818082
83	180	0.776223
84	11	1.20757
84	26	1.20795
84	60	1.33809
84	88	1.27413
84	133	1.28104
84	145	0.904402
84	163	1.34759
84	164	0.896667
84	166	0.885553
84	168	0.893262
84	169	0.856369
84	170	0.843442
84	171	0.860963
84	172	0.838496
84	174	0.840577
84	175	0.879858
84	176	0.846578
84	177	0.866725
84	179	0.824646
84	180	0.782787
85	2	0.791124
85	14	0.879949
85	24	0.867831
85	38	1.82094
85	81	0.887353
85	83	0.875554
85	86	0.872971
85	98	0.89116
85	102	0.828462
85	105	0.870765
85	112	0.836428
85	113	0.892876
85	114	1.38213
85	124	0.878474
85	142	1.31134
85	145	1.23451
85	153	0.838692
85	156	0.786221
85	157	1.42188
85	170	1.42691
86	2	0.801514
86	19	0.785486
86	31	0.843381
86	35	0.850297
86	81	0.897743
86	82	1.21673
86	85	0.872971
86	88	0.870743
86	92	0.916578
86	98	0.90155
86	100	1.47419
86	105	0.881155
86	112	0.846818
86	124	0.888865
86	151	1.44296
86	153	0.849082
86	156	0.796611
86	170	1.59396
86	177	1.49958
86	178	1.36948
87	1	0.883705
87	45	0.839072
87	96	0.871322
87	116	0.874556
87	120	0.888892
87	126	0.840357
87	134	0.845548
87	138	0.835224
87	147	0.840517
87	152	0.862952
87	155	0.8478
87	158	1.25385
87	159	0.856133
87	160	1.25549
87	161	0.870707
87	162	1.30935
87	167	0.852965
87	171	1.40312
87	179	1.54282
87	180	1.95251
88	6	1.67626
88	31	0.830763
88	35	0.837678
88	37	1.38596
88	62	0.877142
88	83	0.873327
88	84	1.27413
88	86	0.870743
88	92	0.903959
88	98	0.888932
88	102	0.826234
88	105	0.868537
88	112	0.8342
88	113	0.890649
88	115	1.33576
88	124	0.876247
88	153	0.836464
88	154	1.44977
88	156	0.783993
88	168	1.22695
89	8	0.872238
89	28	0.837941
89	29	0.753048
89	30	0.814964
89	41	0.819923
89	46	0.825427
89	48	0.879051
89	58	0.854049
89	59	0.843718
89	60	0.846061
89	77	0.882191
89	115	1.50113
89	121	0.817254
89	150	0.829988
89	151	1.49175
89	161	0.864159
89	164	0.854472
89	165	1.51491
89	175	1.41824
89	178	1.41827
89	179	1.76604
90	10	0.787879
90	22	0.847623
90	25	0.764715
90	26	0.863791
90	50	0.818174
90	65	0.844904
90	95	0.821452
90	108	0.89063
90	115	1.4212
90	117	0.876367
90	129	0.84098
90	132	0.836353
90	135	0.850818
90	136	1.45509
90	149	0.864274
90	150	0.841419
90	166	0.85479
90	169	1.46351
90	173	1.61893
90	177	1.46844
90	179	1.68611
91	25	0.821976
91	42	0.881158
91	51	0.948117
91	52	0.942302
91	64	0.886857
91	95	0.878713
91	101	0.871691
91	108	0.94789
91	122	0.896673
91	132	0.893614
91	135	0.908078
91	146	1.15938
91	149	0.921535
91	150	0.898679
91	158	0.903885
91	165	1.30251
91	169	1.33104
91	171	1.41394
91	172	1.49486
91	175	1.20584
91	177	1.33597
92	2	0.83473
92	35	0.883512
92	37	1.19698
92	55	1.27152
92	62	0.922976
92	81	0.930959
92	83	0.919161
92	86	0.916578
92	88	0.903959
92	98	0.934766
92	100	1.16864
92	102	0.872068
92	105	0.914371
92	107	0.998441
92	112	0.880034
92	113	0.936483
92	124	0.922081
92	156	0.829827
92	160	1.12437
92	179	1.4117
92	180	1.82139
93	43	1.14634
93	68	1.38814
93	96	0.928814
93	99	0.898829
93	109	0.879924
93	110	0.947402
93	111	0.87939
93	114	1.30965
93	122	0.892022
93	131	0.884829
93	134	0.903041
93	136	1.24669
93	143	0.863611
93	148	0.887691
93	155	0.905292
93	159	0.913626
93	163	0.90401
93	167	0.910458
93	170	1.35443
93	172	1.41894
93	178	1.12995
94	7	0.882171
94	51	0.874933
94	52	0.869119
94	69	0.831409
94	95	0.805529
94	101	0.798507
94	107	0.863216
94	108	0.874706
94	121	1.53111
94	125	1.33597
94	129	0.825057
94	132	0.82043
94	135	0.834895
94	139	0.818824
94	150	0.825496
94	158	0.830701
94	165	1.51343
94	166	0.838866
94	168	1.39083
94	170	1.64127
94	173	1.69738
95	7	0.879418
95	49	0.85963
95	50	0.799497
95	67	1.16045
95	70	1.41817
95	80	0.861991
95	90	0.821452
95	91	0.878713
95	94	0.805529
95	106	1.69883
95	107	0.860462
95	117	0.85769
95	129	0.822303
95	132	0.817676
95	135	0.832141
95	139	0.81607
95	149	0.845597
95	164	1.48714
95	166	0.836112
95	168	1.46004
95	176	1.64958
96	13	0.8044
96	61	1.45535
96	79	0.89423
96	87	0.871322
96	93	0.928814
96	114	1.42482
96	123	0.852265
96	126	0.881316
96	127	0.881718
96	131	0.868295
96	143	0.847077
96	145	1.2772
96	147	0.881476
96	152	0.903911
96	153	1.39458
96	159	0.897092
96	161	0.911666
96	163	0.887477
96	165	1.34175
96	167	0.893924
96	177	1.37522
96	178	1.24512
97	3	1.52128
97	31	1.264
97	39	0.882703
97	45	1.34238
97	110	1.05848
97	122	1.23153
97	151	0.906056
97	163	1.14361
97	165	0.908373
97	168	0.920982
97	169	0.88409
97	170	0.871163
97	171	0.888683
97	172	0.866217
97	173	0.868409
97	174	0.868297
97	175	0.907579
97	176	0.874299
97	177	0.894446
97	178	0.911639
97	179	0.852367
97	180	0.810508
98	2	0.819703
98	19	0.803675
98	62	0.907948
98	72	1.28368
98	81	0.915932
98	82	1.19617
98	85	0.89116
98	86	0.90155
98	88	0.888932
98	92	0.934766
98	99	1.42506
98	100	1.45364
98	102	0.85704
98	105	0.899344
98	112	0.865006
98	113	0.921455
98	124	0.907053
98	125	1.26811
98	153	0.867271
98	156	0.814799
98	165	1.44556
98	168	1.32297
99	18	1.41512
99	32	1.33856
99	71	1.45749
99	76	1.23642
99	93	0.898829
99	98	1.42506
99	138	0.846198
99	148	0.841172
99	150	1.40613
99	155	0.858773
99	157	0.828384
99	159	0.867107
99	163	0.857491
99	167	0.863939
99	168	0.868589
99	173	0.816015
99	175	0.855185
99	176	0.821905
99	177	0.842052
99	179	0.799973
99	180	0.758114
100	19	1.82746
100	27	0.796656
100	36	1.56458
100	86	1.47419
100	92	1.16864
100	98	1.45364
100	108	1.18739
100	116	0.868064
100	126	0.833865
100	130	0.828537
100	137	0.84916
100	155	0.841308
100	159	0.849641
100	163	0.840026
100	167	0.846473
100	168	0.851123
100	171	0.818824
100	172	0.796357
100	175	0.837719
100	178	0.84178
100	179	0.782507
100	180	0.740649
101	5	0.877873
101	10	0.76218
101	20	1.7917
101	26	0.838092
101	34	1.37107
101	50	0.792475
101	65	0.819205
101	80	0.854969
101	91	0.871691
101	94	0.798507
101	108	0.864931
101	122	0.813713
101	125	1.32167
101	129	0.815281
101	132	0.810654
101	135	0.825119
101	139	0.809048
101	144	1.65569
101	150	0.81572
101	166	0.829091
101	171	1.61056
101	177	1.53259
102	60	1.51429
102	79	1.43044
102	81	0.853234
102	85	0.828462
102	88	0.826234
102	92	0.872068
102	98	0.85704
102	112	0.802308
102	119	0.8144
102	124	0.844355
102	135	1.30945
102	147	1.53296
102	148	1.4972
102	156	0.752101
102	162	0.811083
102	167	1.4467
102	168	0.839605
102	170	0.789785
102	171	0.807306
102	172	0.784839
102	178	0.830262
102	179	0.770989
102	180	0.72913
103	12	0.899806
103	53	0.905897
103	110	0.906452
103	111	0.83844
103	123	0.827849
103	126	0.8569
103	127	0.857302
103	131	0.843879
103	138	0.851767
103	140	1.0497
103	143	0.822661
103	147	0.85706
103	148	0.846741
103	153	1.41619
103	157	1.48617
103	159	0.872676
103	161	0.88725
103	163	0.863061
103	167	0.869508
103	170	1.4912
103	173	1.54731
103	176	1.43031
103	179	1.61449
104	24	1.24218
104	52	1.16845
104	117	1.18644
104	118	1.35458
104	152	1.30995
104	154	0.87186
104	160	0.901678
104	161	1.09614
104	165	0.889382
104	167	1.26373
104	168	0.901991
104	169	0.865098
104	170	0.852171
104	171	0.869692
104	172	0.847225
104	173	0.849417
104	174	0.849306
104	175	0.888587
104	176	0.855307
104	177	0.875454
104	178	0.892648
104	179	0.833375
104	180	0.791517
105	2	0.799308
105	19	0.78328
105	23	1.60134
105	24	0.876015
105	35	0.84809
105	62	0.887554
105	81	0.895537
105	85	0.870765
105	86	0.881155
105	88	0.868537
105	92	0.914371
105	98	0.899344
105	112	0.844612
105	113	0.901061
105	124	0.886658
105	137	1.32276
105	141	1.42015
105	142	1.33151
105	153	0.846876
105	156	0.794405
105	164	1.22374
105	170	1.44707
105	179	1.57036
106	79	1.44584
106	95	1.69883
106	113	1.35101
106	124	1.38378
106	141	0.799051
106	147	1.54836
106	160	0.851082
106	161	1.29452
106	162	0.822874
106	164	0.8548
106	165	0.838786
106	169	0.814502
106	170	0.801575
106	171	0.819096
106	172	0.796629
106	173	0.798821
106	174	0.79871
106	175	0.837991
106	176	0.804711
106	177	0.824858
106	178	0.842052
106	179	0.782779
106	180	0.740921
107	10	0.826889
107	40	1.48177
107	51	0.929866
107	62	1.30354
107	64	0.868606
107	65	0.883914
107	92	0.998441
107	94	0.863216
107	95	0.860462
107	111	1.28162
107	139	0.873757
107	152	1.23
107	155	1.25047
107	162	0.872987
107	166	0.893799
107	167	1.18378
107	170	0.851688
107	174	0.848823
107	176	0.854824
107	177	0.874971
107	178	0.892165
107	179	0.832892
107	180	0.791034
108	22	0.898123
108	27	1.59055
108	42	0.874397
108	49	0.928807
108	51	0.941356
108	64	0.880097
108	90	0.89063
108	91	0.94789
108	94	0.874706
108	100	1.18739
108	101	0.864931
108	117	0.926867
108	129	0.89148
108	132	0.886853
108	135	0.901318
108	139	0.885247
108	142	1.1916
108	144	1.33588
108	151	1.15616
108	154	1.27955
108	157	1.30213
108	158	0.897124
108	166	0.90529
108	174	1.27731
109	4	0.874931
109	16	0.845697
109	45	0.831141
109	93	0.879924
109	110	0.881978
109	116	0.866625
109	126	0.832425
109	131	0.819405
109	134	0.837617
109	140	1.15209
109	144	0.82609
109	147	0.832586
109	148	0.822267
109	152	0.855021
109	155	0.839868
109	156	1.89024
109	159	0.848202
109	161	0.862776
109	165	1.46575
109	167	0.845034
109	172	1.6581
109	175	1.36908
109	176	1.5327
109	178	1.36912
110	31	0.876428
110	83	1.26952
110	93	0.947402
110	97	1.05848
110	103	0.906452
110	109	0.881978
110	123	0.870853
110	127	0.900306
110	130	0.894576
110	133	0.904974
110	134	0.905095
110	143	0.865665
110	148	0.889745
110	152	0.922499
110	155	0.907346
110	157	1.46068
110	159	0.91568
110	162	1.35553
110	163	0.906064
110	167	0.912512
110	168	1.21528
110	170	1.46571
110	175	1.2412
110	178	1.24123
111	11	0.867726
111	12	0.874797
111	44	0.821099
111	47	0.826009
111	53	0.880889
111	79	0.844805
111	93	0.87939
111	103	0.83844
111	107	1.28162
111	118	0.85868
111	130	0.826563
111	137	1.44728
111	147	0.832052
111	148	0.821733
111	155	0.839334
111	158	1.40591
111	159	0.847668
111	161	0.862242
111	163	0.838052
111	167	0.844499
111	170	1.57159
111	173	1.6277
111	176	1.5107
111	177	1.47721
112	2	0.764971
112	14	0.853796
112	24	0.841677
112	31	0.806837
112	35	0.813753
112	62	0.853216
112	81	0.8612
112	85	0.836428
112	86	0.846818
112	88	0.8342
112	92	0.880034
112	98	0.865006
112	102	0.802308
112	105	0.844612
112	113	0.866723
112	124	0.852321
112	128	1.40709
112	141	1.63701
112	153	0.812539
112	156	0.760067
112	166	1.45066
112	170	1.66394
112	175	1.43943
112	178	1.43946
112	179	1.78722
113	2	0.82142
113	9	0.945962
113	19	0.805392
113	24	0.898126
113	31	0.863286
113	35	0.870202
113	62	0.909665
113	81	0.917649
113	83	0.90585
113	85	0.892876
113	88	0.890649
113	92	0.936483
113	98	0.921455
113	105	0.901061
113	106	1.35101
113	112	0.866723
113	124	0.90877
113	142	1.24709
113	153	0.868988
113	156	0.816516
113	158	1.19697
113	165	1.23481
113	170	1.36266
113	179	1.48594
113	180	1.89563
114	63	1.65773
114	77	1.19159
114	85	1.38213
114	93	1.30965
114	96	1.42482
114	140	0.927786
114	143	1.53287
114	145	0.874044
114	151	0.847977
114	154	0.832773
114	160	0.86259
114	161	1.26139
114	165	0.850294
114	168	0.862903
114	169	0.826011
114	170	0.813084
114	171	0.830604
114	172	0.808138
114	173	0.810329
114	174	0.810218
114	175	0.8495
114	176	0.816219
114	178	0.85356
114	179	0.794288
114	180	0.752429
115	20	0.795012
115	71	1.46421
115	88	1.33576
115	89	1.50113
115	90	1.4212
115	117	1.25484
115	123	0.821142
115	124	1.2538
115	133	0.855263
115	134	0.855383
115	148	0.840034
115	150	1.41286
115	152	0.872787
115	155	0.857635
115	163	0.856353
115	165	0.854841
115	167	0.8628
115	173	0.814876
115	174	0.814765
115	175	0.854046
115	176	0.820766
115	177	0.840913
115	178	0.858107
115	179	0.798834
115	180	0.756976
116	15	0.889417
116	67	1.03967
116	72	1.29997
116	75	1.41625
116	87	0.874556
116	100	0.868064
116	109	0.866625
116	118	0.911339
116	123	0.8555
116	130	0.879222
116	131	0.87153
116	133	0.889621
116	138	0.879418
116	140	1.1482
116	143	0.850312
116	147	0.884711
116	152	0.907145
116	155	0.891993
116	159	0.900327
116	163	0.890711
116	164	1.36637
116	167	0.897158
116	170	1.5897
116	175	1.36519
116	178	1.36522
117	22	0.88386
117	23	1.55073
117	25	0.800952
117	32	0.869031
117	49	0.914544
117	52	0.921279
117	69	0.883569
117	78	1.32271
117	90	0.876367
117	95	0.85769
117	104	1.18644
117	108	0.926867
117	115	1.25484
117	119	1.37889
117	129	0.877217
117	132	0.87259
117	135	0.887055
117	139	0.870984
117	149	0.900511
117	150	0.877656
117	158	0.882861
117	166	0.891027
117	168	1.14602
117	172	1.46097
117	175	1.17195
118	4	0.919645
118	16	0.890411
118	79	0.890053
118	104	1.35458
118	111	0.85868
118	116	0.911339
118	123	0.848089
118	125	1.2593
118	127	0.877542
118	128	1.30775
118	130	0.871811
118	138	0.872006
118	143	0.842901
118	148	0.866981
118	152	0.899734
118	155	0.884582
118	158	1.39892
118	159	0.892915
118	161	0.907489
118	163	0.8833
118	164	1.34127
118	166	1.35132
118	167	0.889747
118	169	1.46529
118	178	1.34012
119	64	1.44814
119	71	1.58826
119	102	0.8144
119	117	1.37889
119	120	1.35495
119	125	0.866286
119	154	0.829531
119	157	0.819457
119	159	1.40984
119	161	1.28859
119	162	0.831141
119	165	0.847053
119	167	1.45618
119	168	0.859662
119	169	0.822769
119	170	0.809842
119	171	0.827363
119	172	0.804896
119	173	0.807088
119	174	0.806977
119	175	0.846258
119	176	0.812978
119	177	0.833125
119	178	0.850319
119	179	0.791046
119	180	0.749188
120	11	0.934721
120	33	0.879118
120	79	0.9118
120	87	0.888892
120	119	1.35495
120	123	0.869836
120	126	0.898886
120	127	0.899289
120	131	0.885866
120	133	0.903957
120	134	0.904077
120	138	0.893754
120	142	0.920107
120	143	0.864648
120	145	1.18012
120	147	0.899047
120	154	1.3449
120	155	0.906329
120	161	0.929237
120	162	1.26234
120	163	0.905047
120	166	1.15924
120	167	0.911494
120	169	1.27321
120	172	1.43703
120	173	1.42863
120	176	1.31163
121	29	0.753035
121	30	0.814951
121	36	1.57419
121	46	0.825414
121	53	1.22106
121	59	0.843705
121	77	0.882178
121	89	0.817254
121	94	1.53111
121	131	1.44057
121	135	1.22634
121	138	1.50846
121	145	0.862194
121	150	0.829975
121	155	1.43029
121	161	0.864146
121	164	0.854459
121	165	0.838444
121	168	0.851054
121	170	0.801234
121	171	0.818755
121	172	0.796288
121	173	0.79848
121	178	0.841711
121	179	0.782438
121	180	0.740579
122	12	0.887429
122	13	0.767608
122	25	0.763998
122	32	0.832077
122	42	0.82318
122	50	0.817457
122	69	0.846615
122	78	1.56502
122	91	0.896673
122	93	0.892022
122	97	1.23153
122	101	0.813713
122	126	0.844523
122	127	0.844926
122	130	0.839195
122	133	0.849594
122	135	0.850101
122	139	0.83403
122	146	1.36779
122	148	0.834365
122	149	0.863557
122	160	1.47472
122	163	0.850684
122	167	0.857131
122	168	1.38833
122	172	1.70327
122	174	1.60891
122	176	1.57787
123	13	0.744385
123	16	0.834572
123	45	0.820016
123	54	1.55217
123	96	0.852265
123	103	0.827849
123	110	0.870853
123	115	0.821142
123	116	0.8555
123	118	0.848089
123	120	0.869836
123	125	1.42584
123	127	0.821703
123	130	0.815973
123	131	0.80828
123	133	0.826371
123	138	0.816168
123	140	1.28964
123	147	0.821461
123	148	0.811142
123	152	0.843896
123	153	1.65613
123	159	0.837077
123	162	1.62096
123	163	0.827461
123	166	1.51786
123	167	0.833908
123	175	1.50663
123	179	1.85443
124	2	0.807018
124	14	0.895843
124	19	0.79099
124	24	0.883724
124	31	0.848884
124	35	0.8558
124	55	1.37852
124	62	0.895263
124	68	1.42913
124	81	0.903246
124	83	0.891448
124	85	0.878474
124	86	0.888865
124	88	0.876247
124	92	0.922081
124	98	0.907053
124	102	0.844355
124	105	0.886658
124	106	1.38378
124	112	0.852321
124	113	0.90877
124	115	1.2538
124	136	1.28769
124	137	1.2711
124	153	0.854586
124	156	0.802114
124	162	1.28524
124	172	1.45993
124	173	1.45153
125	42	1.43908
125	60	1.23604
125	94	1.33597
125	98	1.26811
125	101	1.32167
125	118	1.2593
125	119	0.866286
125	123	1.42584
125	137	0.889528
125	146	0.89019
125	154	0.861361
125	155	1.23515
125	157	0.851287
125	160	0.891178
125	162	0.86297
125	163	1.24555
125	165	0.878882
125	168	0.891491
125	169	0.854599
125	170	0.841672
125	171	0.859192
125	172	0.836726
125	173	0.838917
125	174	0.838806
125	175	0.878088
125	176	0.844807
125	177	0.864955
125	178	0.882148
125	179	0.822875
125	180	0.781017
126	16	0.863622
126	73	1.56024
126	83	1.16633
126	87	0.840357
126	96	0.881316
126	100	0.833865
126	103	0.8569
126	109	0.832425
126	120	0.898886
126	122	0.844523
126	127	0.850753
126	131	0.83733
126	133	0.855422
126	134	0.855542
126	142	0.871571
126	144	0.844016
126	147	0.850511
126	148	0.840192
126	152	0.872946
126	156	1.65917
126	159	0.866127
126	161	0.880701
126	163	0.856512
126	165	1.23469
126	167	0.862959
126	171	1.34612
126	173	1.41864
126	176	1.30164
126	177	1.26815
126	180	1.8955
127	1	0.894102
127	17	1.65535
127	33	0.830985
127	44	0.839962
127	68	1.49353
127	79	0.863667
127	83	1.26362
127	96	0.881718
127	103	0.857302
127	110	0.900306
127	118	0.877542
127	120	0.899289
127	122	0.844926
127	123	0.821703
127	126	0.850753
127	131	0.837733
127	134	0.855945
127	138	0.845621
127	143	0.816515
127	144	0.844418
127	147	0.850914
127	159	0.86653
127	162	1.34964
127	163	0.856914
127	164	1.23649
127	165	1.33197
127	167	0.863362
127	169	1.3605
127	171	1.44341
127	179	1.5831
128	28	1.39668
128	40	1.5149
128	112	1.40709
128	118	1.30775
128	136	0.8634
128	137	0.880995
128	138	1.36177
128	141	0.830614
128	149	1.12765
128	150	1.29763
128	156	0.795455
128	157	0.842753
128	159	1.17056
128	160	0.882645
128	162	0.854437
128	165	0.870349
128	166	0.875249
128	167	1.2169
128	168	0.882958
128	169	0.846065
128	170	0.833138
128	171	0.850659
128	172	0.828192
128	173	0.830384
128	174	0.830273
128	175	0.869554
128	176	0.836274
128	177	0.856421
128	178	0.873615
128	179	0.814342
128	180	0.772484
129	22	0.848473
129	25	0.765565
129	26	0.864641
129	32	0.833644
129	42	0.824748
129	49	0.879157
129	50	0.819025
129	51	0.891706
129	64	0.830447
129	74	1.06104
129	80	0.881518
129	82	1.16899
129	90	0.84098
129	94	0.825057
129	95	0.822303
129	101	0.815281
129	108	0.89148
129	117	0.877217
129	132	0.837203
129	135	0.851668
129	137	1.42191
129	139	0.835597
129	149	0.865124
129	150	0.842269
129	164	1.3229
129	166	0.85564
129	170	1.54623
129	174	1.51638
129	177	1.45185
129	179	1.66951
129	180	2.0792
130	11	0.880857
130	20	0.789843
130	33	0.825255
130	73	1.65216
130	100	0.828537
130	110	0.894576
130	111	0.826563
130	116	0.879222
130	118	0.871811
130	122	0.839195
130	123	0.815973
130	131	0.832002
130	134	0.850214
130	136	1.34671
130	138	0.83989
130	143	0.810785
130	144	0.838688
130	147	0.845184
130	148	0.834864
130	154	1.42683
130	155	0.852466
130	156	1.75109
130	159	0.860799
130	160	1.2904
130	161	0.875373
130	163	0.851184
130	164	1.23111
130	167	0.857631
130	171	1.43804
130	175	1.22993
130	180	1.98742
131	4	0.879836
131	47	0.831448
131	67	1.0007
131	93	0.884829
131	96	0.868295
131	103	0.843879
131	109	0.819405
131	116	0.87153
131	120	0.885866
131	121	1.44057
131	123	0.80828
131	126	0.83733
131	127	0.837733
131	130	0.832002
131	133	0.842401
131	134	0.842521
131	143	0.803092
131	147	0.837491
131	148	0.827172
131	152	0.859925
131	154	1.52311
131	155	0.844773
131	156	1.84737
131	159	0.853106
131	163	0.843491
131	167	0.849938
131	169	1.45141
131	170	1.55073
131	173	1.60684
131	175	1.32622
131	176	1.48984
132	7	0.894318
132	25	0.760939
132	32	0.829018
132	42	0.820121
132	50	0.814398
132	51	0.88708
132	52	0.881265
132	64	0.82582
132	68	1.60741
132	69	0.843556
132	80	0.876891
132	90	0.836353
132	91	0.893614
132	94	0.82043
132	95	0.817676
132	101	0.810654
132	108	0.886853
132	117	0.87259
132	129	0.837203
132	135	0.847041
132	139	0.83097
132	140	1.1322
132	149	0.860498
132	162	1.46352
132	166	0.851013
132	169	1.47439
132	170	1.5737
132	174	1.54385
132	175	1.34919
132	176	1.51281
132	179	1.69699
133	1	0.89877
133	15	0.860288
133	33	0.835654
133	44	0.84463
133	45	0.854137
133	47	0.84954
133	55	1.4674
133	70	1.192
133	79	0.868336
133	84	1.28104
133	110	0.904974
133	115	0.855263
133	116	0.889621
133	120	0.903957
133	122	0.849594
133	123	0.826371
133	126	0.855422
133	131	0.842401
133	134	0.860613
133	138	0.850289
133	142	0.876642
133	143	0.821183
133	148	0.845263
133	151	1.33329
133	152	0.878017
133	154	1.45668
133	157	1.47927
133	163	0.861583
133	166	1.27101
133	167	0.86803
133	170	1.4843
133	174	1.45445
133	179	1.60758
134	15	0.860408
134	33	0.835774
134	54	1.33911
134	87	0.845548
134	93	0.903041
134	109	0.837617
134	110	0.905095
134	115	0.855383
134	120	0.904077
134	126	0.855542
134	127	0.855945
134	130	0.850214
134	131	0.842521
134	133	0.860613
134	138	0.850409
134	140	1.07658
134	143	0.821304
134	144	0.849207
134	147	0.855703
134	148	0.845383
134	152	0.878137
134	154	1.49046
134	156	1.81473
134	159	0.871318
134	161	0.885892
134	163	0.861703
134	164	1.29475
134	167	0.86815
134	171	1.50167
134	172	1.58259
134	176	1.45719
134	177	1.4237
134	178	1.2936
135	5	0.91426
135	6	1.53538
135	20	1.50124
135	25	0.775404
135	32	0.843483
135	38	1.73053
135	49	0.888996
135	50	0.828863
135	51	0.901545
135	52	0.89573
135	65	0.855592
135	69	0.85802
135	78	1.26276
135	90	0.850818
135	91	0.908078
135	94	0.834895
135	95	0.832141
135	101	0.825119
135	102	1.30945
135	108	0.901318
135	117	0.887055
135	121	1.22634
135	122	0.850101
135	129	0.851668
135	132	0.847041
135	139	0.845435
135	145	1.1441
135	149	0.874963
135	158	0.857312
135	164	1.11317
135	166	0.865478
135	173	1.39262
135	179	1.45979
136	4	1.47278
136	62	1.48578
136	71	1.4981
136	90	1.45509
136	93	1.24669
136	124	1.28769
136	128	0.8634
136	130	1.34671
136	145	0.876449
136	146	0.864007
136	150	1.44674
136	151	0.850383
136	154	0.835178
136	157	0.825104
136	159	1.31968
136	160	0.864995
136	162	0.836787
136	165	0.852699
136	166	0.8576
136	168	0.865309
136	169	0.828416
136	170	0.815489
136	171	0.83301
136	172	0.810543
136	173	0.812735
136	174	0.812624
136	175	0.851905
136	176	0.818625
136	177	0.838772
136	178	0.855966
136	179	0.796693
136	180	0.754834
137	7	1.11512
137	30	1.49495
137	44	1.47246
137	51	1.33241
137	57	1.42131
137	100	0.84916
137	105	1.32276
137	111	1.44728
137	124	1.2711
137	125	0.889528
