1	8	1.09243
1	82	0.937404
1	109	0.897478
1	113	0.904597
1	138	0.839337
1	155	1.0616
1	162	1.06394
1	165	1.02963
1	166	1.0451
1	167	1.03143
1	177	1.0376
1	179	1.03779
2	24	0.948531
2	38	1.17114
2	80	0.918976
2	102	0.897058
2	109	0.916868
2	132	0.94286
2	140	0.923632
2	146	1.25898
2	149	0.929448
2	150	0.957447
2	154	1.18335
2	178	0.965899
3	54	1.25559
3	84	1.11839
3	90	0.94694
3	133	0.934351
3	140	1.21216
3	156	0.935645
3	158	0.931702
3	168	0.926519
3	170	0.935985
3	174	0.932052
3	175	0.924674
3	176	0.931668
4	97	1.03198
4	113	1.01537
4	124	1.10427
4	125	1.09273
4	127	0.982135
4	141	1.03286
4	147	1.02165
4	148	1.06449
4	154	0.869646
4	164	1.03768
4	172	0.884644
4	180	0.875136
5	10	0.998091
5	53	1.07086
5	159	1.05997
5	161	1.04959
5	163	1.0536
5	167	1.05226
5	169	0.928421
5	173	1.06883
5	174	0.836296
5	177	1.05843
5	178	0.769764
5	179	1.05862
6	9	0.965328
6	32	1.00699
6	49	0.961178
6	58	0.923758
6	71	0.981844
6	110	1.2102
6	121	0.894508
6	123	1.18075
6	142	1.20935
6	148	0.907852
6	151	0.876662
6	164	0.881039
7	40	1.02653
7	43	1.14474
7	44	0.881184
7	65	1.01176
7	125	0.949497
7	126	0.895137
7	138	0.934687
7	141	0.889627
7	148	0.92126
7	151	0.890071
7	167	1.23079
7	174	1.22424
8	1	1.09243
8	29	0.939223
8	69	0.938073
8	120	1.03169
8	135	0.858531
8	161	1.03241
8	162	1.06759
8	166	1.04875
8	170	0.875139
8	172	1.04375
8	177	1.04125
8	179	1.04144
9	6	0.965328
9	44	1.03304
9	45	1.15873
9	113	1.02399
9	135	1.057
9	136	0.844112
9	148	1.07311
9	151	1.04192
9	154	0.926091
9	164	1.0463
9	167	0.910092
9	180	0.93158
10	5	0.998091
10	61	0.872535
10	117	1.18585
10	141	1.20947
10	162	0.952418
10	165	0.918104
10	166	0.933575
10	172	0.928573
10	174	1.20743
10	177	0.926076
10	179	0.926265
10	180	0.943632
11	48	0.898951
11	63	1.10334
11	86	1.29566
11	142	1.19871
11	144	0.967962
11	169	0.921947
11	170	0.940894
11	171	0.92025
11	174	0.936961
11	175	0.929583
11	176	0.936577
11	180	0.946853
12	40	0.711159
12	75	1.04674
12	115	1.02898
12	127	0.96988
12	157	1.05152
12	166	0.863606
12	168	1.0552
12	169	1.04572
12	171	1.04402
12	174	1.06073
12	175	1.05335
12	176	1.06035
13	64	1.06242
13	79	1.02336
13	118	0.890885
13	122	1.04428
13	137	1.07982
13	138	1.07618
13	147	1.01991
13	152	0.885421
13	164	1.03594
13	166	0.909063
13	172	0.917844
13	173	1.05854
14	17	0.880389
14	22	1.07228
14	76	1.30516
14	144	0.969281
14	157	0.929066
14	168	0.932747
14	170	0.942214
14	171	0.921569
14	172	1.22774
14	174	0.938281
14	176	0.937896
14	180	0.948172
15	53	1.0778
15	69	1.03808
15	85	1.00571
15	110	1.03681
15	117	0.821668
15	132	1.06301
15	140	1.04378
15	141	0.845287
15	149	1.0496
15	150	1.0776
15	154	0.865791
15	178	1.08605
16	33	0.996323
16	39	0.920577
16	114	0.838148
16	145	1.05955
16	156	1.05677
16	169	1.03816
16	170	1.05711
16	171	1.03647
16	174	1.05318
16	175	1.0458
16	176	1.05279
16	177	0.848018
17	14	0.880389
17	77	0.917281
17	88	1.30825
17	146	0.92664
17	157	0.934637
17	167	1.13123
17	170	0.947784
17	171	0.92714
17	172	1.16223
17	174	0.943851
17	176	0.943467
17	178	0.978759
18	32	0.852152
18	56	0.979353
18	94	1.02402
18	132	0.941241
18	146	1.06518
18	153	1.04318
18	159	1.01543
18	163	1.00905
18	165	1.00592
18	166	1.02139
18	172	1.01639
18	177	1.01389
18	179	1.01408
19	97	0.894533
19	121	0.913699
19	129	0.885621
19	133	1.27558
19	135	0.910931
19	137	0.94411
19	143	0.948365
19	147	0.884198
19	151	0.895853
19	164	0.90023
19	166	1.31927
19	173	0.922833
19	177	1.30883
20	104	1.27118
20	131	1.24588
20	135	1.37763
20	144	0.937501
20	168	0.900967
20	169	0.891486
20	170	0.910433
20	171	0.889789
20	174	0.9065
20	175	0.899122
20	176	0.906116
20	178	0.941408
20	180	0.916392
21	35	0.82113
21	69	1.10629
21	93	1.01851
21	109	1.04934
21	115	0.98371
21	133	1.01776
21	143	0.912006
21	166	1.01529
21	175	1.00808
21	176	1.01507
21	177	1.00779
21	179	1.00798
21	180	1.02535
22	14	1.07228
22	76	0.965216
22	102	0.995404
22	114	1.0064
22	127	0.995623
22	130	1.02648
22	131	1.02845
22	134	0.867217
22	159	1.01012
22	161	0.999736
22	166	1.01607
22	177	1.00857
22	179	1.00876
23	43	1.27729
23	114	1.36525
23	131	1.25556
23	152	0.924325
23	153	0.889159
23	157	0.902804
23	169	0.897004
23	170	0.915952
23	171	0.895308
23	174	0.912019
23	175	0.90464
23	176	0.911634
23	178	0.946927
24	2	0.948531
24	75	0.981318
24	93	1.01008
24	109	1.00516
24	110	1.00495
24	132	1.03115
24	140	1.01192
24	149	1.01774
24	150	1.04574
24	152	0.967276
24	155	0.943357
24	178	1.05419
24	180	0.99019
25	123	0.959645
25	128	0.996609
25	132	0.939089
25	153	0.995249
25	158	1.01776
25	161	1.02214
25	168	1.01257
25	169	1.00309
25	174	1.01811
25	175	1.01073
25	176	1.01772
25	177	0.983181
25	180	1.028
26	34	0.999812
26	68	0.962963
26	84	1.03595
26	118	1.01393
26	155	1.02674
26	157	0.968637
26	159	1.00429
26	161	0.993904
26	171	1.0216
26	174	0.951496
26	177	1.00274
26	179	1.00293
26	180	1.0203
27	61	0.962786
27	72	0.733291
27	79	1.07019
27	118	1.02751
27	147	1.05881
27	159	1.01787
27	160	1.02116
27	165	1.00836
27	167	1.01016
27	169	1.03336
27	172	1.01882
27	177	1.01633
27	179	1.01652
28	85	1.14115
28	86	1.0976
28	116	0.938552
28	122	0.968637
28	139	0.986866
28	156	0.983759
28	169	0.965151
28	170	0.984098
28	171	0.963454
28	174	0.980165
28	175	0.972787
28	176	0.979781
28	178	1.01507
28	179	1.01955
29	8	0.939223
29	69	0.967532
29	97	1.13545
29	100	1.02654
29	102	0.946656
29	121	1.08646
29	134	0.983015
29	149	0.979046
29	150	1.00704
29	153	0.957729
29	175	0.973211
29	176	0.980205
29	178	1.0155
29	180	0.99048
30	102	1.13672
30	126	0.962796
30	143	1.01024
30	144	0.944553
30	147	0.946075
30	148	0.988919
30	155	0.998309
30	162	1.00065
30	164	0.962107
30	166	0.981808
30	168	1.06882
30	176	1.05151
30	177	0.974309
30	179	0.974498
31	47	1.03719
31	120	1.07358
31	133	0.979525
31	139	0.983927
31	146	0.960015
31	149	1.02508
31	160	1.0217
31	161	1.07099
31	168	0.971692
31	169	0.962211
31	170	0.981159
31	174	0.977226
31	175	0.969847
31	176	0.976841
32	6	1.00699
32	18	0.852152
32	44	1.07469
32	121	1.10142
32	124	1.15455
32	130	0.835144
32	131	0.752073
32	141	1.08314
32	142	0.876703
32	143	1.13609
32	147	1.07192
32	151	1.08358
32	164	1.08796
32	180	0.881344
33	16	0.996323
33	38	0.975152
33	78	0.997976
33	104	1.01969
33	121	0.977912
33	135	0.975144
33	151	0.960066
33	152	1.13992
33	155	1.00064
33	163	0.971812
33	164	0.964443
33	172	0.979143
33	178	1.06826
33	179	0.976834
34	26	0.999812
34	95	0.969724
34	106	1.03565
34	120	0.973928
34	129	0.956673
34	153	1.12138
34	160	0.988313
34	164	1.05958
34	165	0.975512
34	166	0.990983
34	167	0.977319
34	177	0.983484
34	178	0.97867
34	179	0.983673
35	21	0.82113
35	51	1.05075
35	74	1.08277
35	75	1.05542
35	109	1.07926
35	115	0.924882
35	132	1.10526
35	140	1.08603
35	149	1.09184
35	150	1.11984
35	173	0.791605
35	176	0.853021
35	178	1.1283
35	180	0.8211
36	69	1.07975
36	94	0.816423
36	98	1.05544
36	102	1.05888
36	110	1.07848
36	115	0.910688
36	132	1.10468
36	140	1.08545
36	149	1.09127
36	150	1.11927
36	161	0.836161
36	172	0.816415
36	175	0.831538
36	178	1.12772
37	38	1.05221
37	62	1.00572
37	96	0.946347
37	134	0.981874
37	153	0.956588
37	154	0.978321
37	165	1.123
37	168	0.973915
37	170	0.983381
37	174	0.979448
37	175	0.97207
37	176	0.979064
37	179	1.08417
37	180	0.989339
38	2	1.17114
38	33	0.975152
38	37	1.05221
38	58	1.01544
38	73	0.985188
38	79	0.960135
38	106	0.968942
38	121	0.986187
38	129	0.958109
38	135	0.983419
38	141	0.967898
38	158	1.00704
38	164	0.972718
38	173	0.995322
39	16	0.920577
39	123	0.976274
39	134	1.07602
39	142	0.979772
39	158	1.08759
39	161	0.967529
39	162	1.00271
39	166	0.983866
39	167	0.970202
39	172	0.978864
39	173	0.986768
39	176	1.119
39	177	0.976367
39	179	0.976556
40	7	1.02653
40	12	0.711159
40	49	1.17424
40	54	1.04501
40	89	1.13094
40	93	0.892397
40	113	1.07179
40	115	0.976294
40	126	1.09479
40	141	1.08928
40	147	1.07806
40	151	1.08972
40	155	0.825678
40	162	0.809553
41	50	0.941985
41	114	0.975452
41	116	1.01516
41	147	1.13382
41	148	1.02955
41	150	0.967784
41	154	0.984164
41	160	0.982457
41	161	0.96879
41	162	1.00397
41	163	0.972793
41	170	1.06337
41	177	0.977627
41	179	0.977816
42	75	0.954468
42	76	0.965948
42	85	0.946997
42	91	0.901321
42	98	0.955064
42	109	0.978309
42	110	0.978099
42	122	1.11307
42	140	0.985072
42	149	0.990888
42	150	1.01889
42	162	1.06612
42	178	1.02734
42	180	1.12908
43	7	1.14474
43	23	1.27729
43	69	0.967151
43	76	0.953724
43	107	0.982811
43	109	0.966085
43	110	0.965875
43	123	0.883446
43	132	0.992076
43	140	0.972848
43	149	0.978664
43	150	1.00666
43	160	0.896653
43	178	1.01512
44	7	0.881184
44	9	1.03304
44	32	1.07469
44	46	1.19738
44	97	0.943049
44	124	1.01534
44	125	1.0038
44	143	0.996881
44	147	0.932714
44	154	1.01236
44	157	1.00696
44	164	0.948746
44	173	0.971349
44	177	1.00815
45	9	1.15873
45	54	1.02535
45	59	1.10968
45	64	1.10093
45	68	1.08049
45	69	0.91929
45	143	1.12257
45	147	1.05841
45	151	1.07006
45	154	0.831776
45	162	0.774307
45	164	1.07444
45	179	0.851531
45	180	0.837266
46	44	1.19738
46	71	1.01307
46	81	1.01211
46	113	1.23595
46	124	1.03648
46	146	0.934371
46	152	0.963888
46	154	0.950454
46	166	0.951416
46	168	0.946048
46	170	0.955515
46	172	0.946415
46	176	0.951198
46	177	0.943917
46	179	0.944107
47	31	1.03719
47	67	1.03966
47	81	0.80258
47	87	1.00965
47	120	0.931948
47	140	0.911533
47	148	0.885369
47	158	1.06136
47	165	0.953193
47	168	1.05618
47	169	1.0467
47	174	1.06171
47	175	1.05433
47	176	1.06133
47	180	1.0716
48	11	0.898951
48	123	1.10516
48	129	1.13773
48	134	0.966158
48	139	0.970433
48	153	0.940872
48	156	0.967325
48	158	0.963382
48	168	0.958198
48	170	0.967665
48	171	0.947021
48	173	1.10891
48	175	0.956353
48	176	0.963348
48	179	1.15267
49	6	0.961178
49	40	1.17424
49	68	1.0482
49	97	1.03645
49	113	1.01984
49	123	0.85782
49	141	1.03733
49	143	1.09028
49	147	1.02612
49	164	1.04215
49	168	0.940294
49	172	0.900573
49	173	1.06475
49	176	0.922985
49	180	0.891065
50	41	0.941985
50	116	0.988301
50	127	0.937822
50	130	0.968677
50	142	0.954177
50	153	1.17631
50	157	1.11728
50	165	0.9428
50	166	0.958271
50	167	0.944607
50	168	1.1774
50	173	0.961173
50	177	0.950772
50	178	1.0336
50	179	0.950961
51	35	1.05075
51	75	0.921138
51	76	0.932618
51	80	0.947087
51	85	0.913667
51	93	1.17758
51	98	0.921734
51	102	0.925169
51	125	1.02418
51	129	1.15702
51	140	0.951742
51	149	0.957558
51	150	0.985558
51	177	1.14798
51	178	0.99401
52	60	1.08704
52	95	0.93232
52	100	0.986246
52	104	0.989122
52	109	1.20318
52	117	1.12849
52	127	0.93313
52	160	0.95091
52	162	0.972423
52	163	0.941246
52	166	0.953579
52	172	0.948577
52	177	0.94608
52	178	1.08353
52	179	0.946269
53	5	1.07086
53	15	1.0778
53	136	1.14329
53	144	0.986898
53	146	0.938687
53	152	0.968204
53	158	0.955548
53	167	1.20927
53	168	0.950364
53	169	0.940883
53	170	0.959831
53	171	0.939187
53	174	0.955898
53	175	0.948519
53	176	0.955513
54	3	1.25559
54	40	1.04501
54	45	1.02535
54	65	1.03023
54	126	0.913609
54	135	0.92362
54	137	0.956799
54	141	0.908099
54	148	0.939732
54	151	0.908542
54	164	0.912919
54	173	0.935523
54	175	1.10373
54	177	1.06939
54	180	1.07909
55	71	0.724522
55	88	1.07074
55	103	0.829408
55	139	1.05259
55	145	1.05226
55	156	1.04948
55	161	0.944462
55	170	1.04982
55	171	1.02918
55	174	1.04589
55	175	1.03851
55	176	1.04551
55	178	1.0808
55	179	0.929473
55	180	1.05578
56	18	0.979353
56	61	0.898337
56	94	0.962007
56	105	0.96706
56	108	0.965905
56	126	1.13453
56	127	0.938928
56	142	0.955283
56	152	1.10273
56	155	0.975878
56	157	1.11474
56	172	0.954375
56	175	1.15027
56	177	0.951878
56	179	0.952067
57	84	0.905798
57	92	0.95509
57	101	0.985354
57	110	0.984345
57	139	1.02812
57	144	1.05242
57	156	1.02502
57	160	0.968097
57	168	1.01589
57	169	1.00641
57	170	1.02536
57	171	1.00471
57	174	1.02142
57	175	1.01404
57	176	1.02104
57	177	0.978426
58	6	0.923758
58	38	1.01544
58	59	1.03997
58	97	0.999031
58	108	0.908141
58	114	0.965663
58	124	1.07132
58	157	1.01538
58	161	1.01449
58	162	0.922282
58	169	1.00958
58	172	0.994749
58	174	1.0246
58	175	1.01722
58	176	1.02421
58	178	1.0595
59	45	1.10968
59	58	1.03997
59	79	0.98467
59	82	0.98459
59	101	1.05115
59	113	0.974942
59	121	1.01072
59	125	1.0523
59	126	0.997942
59	135	1.00795
59	137	1.04113
59	163	0.948294
59	164	0.997253
59	166	0.911579
59	169	0.97494
59	172	0.920361
60	52	1.08704
60	70	1.00727
60	120	0.965014
60	143	0.820913
60	144	1.05271
60	145	1.02808
60	146	1.0045
60	157	1.0125
60	159	0.973768
60	169	1.0067
60	170	1.02564
60	171	1.005
60	174	1.02171
60	175	1.01433
60	176	1.02133
60	179	0.947435
61	10	0.872535
61	27	0.962786
61	56	0.898337
61	66	0.931134
61	100	0.973038
61	112	1.21397
61	114	0.930697
61	123	0.932779
61	132	1.1718
61	160	0.937702
61	162	0.959215
61	164	1.21194
61	172	0.93537
61	174	1.19756
61	177	0.932872
61	179	0.933062
62	37	1.00572
62	67	1.00596
62	96	0.878191
62	100	0.920888
62	116	0.93502
62	153	1.00516
62	156	1.03161
62	157	1.0188
62	165	1.05484
62	169	1.013
62	170	1.03195
62	171	1.0113
62	172	1.01126
62	174	1.02802
62	175	1.02064
62	176	1.02763
63	11	1.10334
63	77	1.03889
63	90	0.90318
63	123	1.01647
63	131	1.03643
63	133	0.88126
63	145	0.874822
63	160	1.02139
63	161	1.00772
63	163	1.01173
63	165	1.00859
63	167	1.01039
63	172	1.01906
63	177	1.01656
63	179	1.01675
63	180	1.03412
64	13	1.06242
64	45	1.10093
64	95	0.999429
64	111	0.862383
64	135	0.999196
64	137	1.03237
64	138	1.02873
64	141	0.983675
64	143	1.03663
64	147	0.972463
64	151	0.984118
64	164	0.988495
64	168	1.00227
64	169	1.01713
64	173	1.0111
64	174	0.925006
65	7	1.01176
65	54	1.03023
65	67	0.807736
65	71	1.18013
65	80	0.893152
65	82	1.06666
65	87	0.952288
65	113	1.05701
65	118	0.763284
65	121	1.09279
65	141	1.0745
65	143	1.12746
65	146	0.850877
65	148	1.10614
65	151	1.07495
65	164	1.07932
65	165	0.833824
66	61	0.931134
66	73	1.108
66	96	1.04393
66	104	1.02772
66	112	1.00287
66	131	1.00455
66	133	0.971539
66	145	0.965101
66	159	0.98622
66	160	0.989505
66	163	0.979841
66	167	0.97851
66	172	0.987172
66	176	1.04642
66	177	0.984675
66	179	0.984864
66	180	1.00223
67	47	1.03966
67	62	1.00596
67	65	0.807736
67	109	1.07631
67	111	1.03436
67	139	0.986391
67	146	0.962478
67	147	1.14077
67	149	1.03458
67	154	0.978562
67	160	1.0312
67	170	0.983622
67	171	0.962978
67	174	0.979689
67	175	0.972311
67	176	0.979305
67	178	1.0146
68	26	0.962963
68	45	1.08049
68	49	1.0482
68	73	0.98053
68	79	0.955477
68	87	1.17922
68	107	0.978447
68	122	0.976399
68	126	0.96875
68	135	0.978761
68	137	1.01194
68	143	1.0162
68	145	0.958264
68	147	0.952028
68	151	0.963683
68	164	0.96806
68	179	1.02193
69	8	0.938073
69	15	1.03808
69	21	1.10629
69	29	0.967532
69	36	1.07975
69	43	0.967151
69	45	0.91929
69	74	0.978064
69	86	0.940364
69	102	0.954753
69	109	0.974563
69	110	0.974352
69	144	1.03122
69	149	0.987142
69	150	1.01514
69	158	1.10676
69	178	1.02359
70	60	1.00727
70	77	0.960735
70	111	1.04197
70	139	0.994006
70	142	0.996307
70	148	0.986213
70	152	0.999611
70	156	0.990898
70	159	1.04155
70	165	1.05404
70	168	0.981772
70	169	0.97229
70	174	0.987305
70	175	0.979927
70	176	0.986921
70	179	1.01521
70	180	0.997196
71	6	0.981844
71	46	1.01307
71	55	0.724522
71	65	1.18013
71	117	1.09397
71	125	1.11786
71	129	1.04821
71	137	1.10669
71	138	1.10305
71	141	1.05799
71	148	1.08963
71	151	1.05844
71	155	0.786713
71	159	0.874146
71	163	0.870988
71	164	1.06281
71	180	0.833547
72	27	0.733291
72	75	0.972113
72	90	1.09611
72	127	0.895255
72	145	1.08759
72	152	1.09353
72	153	1.05836
72	157	1.07201
72	159	0.828854
72	163	0.825696
72	165	0.841345
72	168	1.07569
72	171	1.06451
72	174	1.08122
72	175	1.07384
72	176	1.08084
72	178	1.11613
73	38	0.985188
73	66	1.108
73	68	0.98053
73	89	1.01133
73	91	0.889974
73	99	0.973721
73	103	1.03193
73	125	1.02953
73	129	0.95987
73	135	0.98518
73	137	1.01836
73	138	1.01472
73	141	0.969659
73	148	1.00129
73	151	0.970103
73	154	1.11224
73	164	0.97448
74	35	1.08277
74	69	0.978064
74	76	0.964637
74	78	0.90193
74	80	0.979106
74	85	0.945686
74	98	0.953753
74	109	0.976998
74	132	1.00299
74	139	1.02046
74	140	0.983761
74	149	0.989577
74	150	1.01758
74	154	1.06129
74	173	1.03729
74	175	1.09142
74	178	1.02603
75	12	1.04674
75	24	0.981318
75	35	1.05542
75	42	0.954468
75	51	0.921138
75	72	0.972113
75	98	0.92641
75	99	1.06408
75	102	0.929845
75	108	1.13099
75	110	0.949445
75	118	1.19064
75	132	0.975647
75	136	0.999573
75	140	0.956419
75	149	0.962235
75	150	0.990234
75	178	0.998686
76	14	1.30516
76	22	0.965216
76	42	0.965948
76	43	0.953724
76	51	0.932618
76	74	0.964637
76	85	0.929823
76	102	0.941325
76	109	0.961135
76	132	0.987127
76	136	1.01105
76	139	1.06485
76	140	0.967898
76	143	0.998909
76	149	0.973715
76	150	1.00171
76	155	1.06433
76	178	1.01017
77	17	0.917281
77	63	1.03889
77	70	0.960735
77	108	1.06181
77	128	0.953673
77	133	0.977472
77	139	0.981874
77	143	1.02665
77	152	0.987479
77	158	0.974823
77	167	1.11742
77	169	0.960158
77	171	0.958462
77	174	0.975173
77	175	0.967794
77	176	0.974788
77	178	1.01008
77	179	1.15317
78	33	0.997976
78	74	0.90193
78	84	0.777041
78	122	1.04197
78	128	1.032
78	145	1.05987
78	147	0.948918
78	157	1.04428
78	163	0.89682
78	168	1.04796
78	169	1.03848
78	170	1.05743
78	171	1.03679
78	174	1.0535
78	175	1.04612
78	176	1.05311
78	178	1.08841
78	179	0.873644
79	13	1.02336
79	27	1.07019
79	38	0.960135
79	59	0.98467
79	68	0.955477
79	97	0.943729
79	123	1.09191
79	124	1.01602
79	129	0.934817
79	137	0.993306
79	138	0.989666
79	141	0.944606
79	147	0.933394
79	156	1.09176
79	164	0.949426
79	173	0.97203
79	178	1.03058
79	180	1.12515
80	2	0.918976
80	51	0.947087
80	65	0.893152
80	74	0.979106
80	85	0.944292
80	86	0.941405
80	98	0.952359
80	102	0.955794
80	109	0.975604
80	110	0.975394
80	140	0.982368
80	149	0.988184
80	150	1.01618
80	162	1.07369
80	171	1.17872
80	177	1.12694
80	178	1.02464
80	180	1.13665
81	46	1.01211
81	47	0.80258
81	89	0.859954
81	108	1.06863
81	118	1.06579
81	123	1.05451
81	129	1.02779
81	146	0.996852
81	160	1.05943
81	163	1.04977
81	165	1.04663
81	167	1.04844
81	172	1.0571
81	175	0.951342
81	176	0.95863
81	177	1.0546
81	178	0.832139
81	179	1.05479
82	1	0.937404
82	59	0.98459
82	65	1.06666
82	97	0.943649
82	105	1.03267
82	115	1.19302
82	121	0.962815
82	122	0.957685
82	129	0.934737
82	135	0.960047
82	138	0.989586
82	141	0.944526
82	143	0.997482
82	147	0.933315
82	148	0.976159
82	164	0.949347
82	171	1.1313
82	175	1.11387
83	124	1.07084
83	127	1.0035
83	137	1.04813
83	147	0.988216
83	148	1.03106
83	150	0.868158
83	155	1.04045
83	156	0.911264
83	164	1.00425
83	166	1.02395
83	167	1.01028
83	169	1.00874
83	170	0.963744
83	171	0.986721
83	172	1.01895
83	173	1.02685
83	175	0.969287
83	177	1.01645
83	179	1.01664
84	3	1.11839
84	26	1.03595
84	57	0.905798
84	78	0.777041
84	86	0.978965
84	98	1.01997
84	103	1.04897
84	118	1.03081
84	123	1.01953
84	139	0.895575
84	161	1.01079
84	162	1.04597
84	165	1.01165
84	166	1.02712
84	167	1.01346
84	171	0.983962
84	177	1.01962
84	179	1.01981
84	180	1.03718
85	15	1.00571
85	28	1.14115
85	42	0.946997
85	51	0.913667
85	74	0.945686
85	76	0.929823
85	80	0.944292
85	86	0.907985
85	98	0.918939
85	99	1.01608
85	110	0.941974
85	115	1.26388
85	132	0.968176
85	140	0.948947
85	149	0.954764
85	150	0.982763
85	166	1.16082
85	173	1.1306
85	178	0.991215
86	11	1.29566
86	28	1.0976
86	69	0.940364
86	80	0.941405
86	84	0.978965
86	85	0.907985
86	140	0.946061
86	142	0.949161
86	143	1.00429
86	149	0.951877
86	150	0.979876
86	153	1.16468
86	159	0.947301
86	161	0.936919
86	167	0.939591
86	170	1.13563
86	177	0.945756
86	178	0.988328
86	179	0.945945
87	47	1.00965
87	65	0.952288
87	68	1.17922
87	101	0.913615
87	129	1.19511
87	141	1.16979
87	144	0.980684
87	153	0.926824
87	156	0.953277
87	158	0.949334
87	168	0.944151
87	169	0.934669
87	170	0.953617
87	171	0.932973
87	172	1.20529
87	174	0.949684
87	175	0.942305
87	176	0.9493
87	180	0.959575
88	17	1.30825
88	55	1.07074
88	91	1.0287
88	123	0.939241
88	130	0.95724
88	139	1.13345
88	142	0.94274
88	144	1.10473
88	155	0.963334
88	159	0.940879
88	161	0.930497
88	165	0.931363
88	166	0.946833
88	167	0.93317
88	173	0.949736
88	177	0.939334
88	178	1.0852
88	179	0.939524
88	180	0.95689
89	40	1.13094
89	73	1.01133
89	81	0.859954
89	93	0.977362
89	97	0.99316
89	113	0.976546
89	124	1.06545
89	125	1.05391
89	126	0.999547
89	143	1.04699
89	147	0.982826
89	148	1.02567
89	151	0.994481
89	158	0.957985
89	164	0.998858
89	173	1.02146
89	175	0.982109
89	176	0.989398
89	177	0.947769
90	3	0.94694
90	63	0.90318
90	72	1.09611
90	96	0.879631
90	106	1.01958
90	111	1.0713
90	116	0.93646
90	134	1.01906
90	138	0.970126
90	144	1.04763
90	145	1.023
90	152	1.02894
90	169	1.00162
90	170	1.02056
90	171	0.999919
90	175	1.00925
90	176	1.01625
90	177	0.993484
90	179	1.01746
91	42	0.901321
91	73	0.889974
91	88	1.0287
91	101	0.936775
91	113	0.828668
91	120	1.06622
91	130	1.09368
91	131	1.09565
91	152	0.773558
91	154	1.08231
91	161	1.06694
91	162	1.10212
91	163	1.07094
91	167	1.06961
91	171	0.838539
91	172	1.07828
91	176	0.828394
91	177	1.07578
91	179	1.07597
91	180	1.09333
92	57	0.95509
92	103	1.022
92	136	1.03612
92	154	0.999198
92	155	1.01666
92	159	0.994206
92	160	0.997491
92	161	0.983824
92	163	0.987827
92	165	0.984689
92	167	0.986496
92	168	1.04042
92	170	1.01028
92	172	0.995158
92	174	0.96315
92	175	1.01582
92	176	1.02311
92	177	0.992661
92	179	0.99285
92	180	1.01022
93	21	1.01851
93	24	1.01008
93	40	0.892397
93	51	1.17758
93	89	0.977362
93	124	0.876845
93	140	1.05555
93	146	0.987586
93	158	1.00445
93	160	1.00196
93	163	0.992299
93	167	0.990968
93	168	0.999264
93	171	0.988086
93	174	1.0048
93	175	0.997419
93	176	1.00441
93	177	0.997133
93	179	0.997322
93	180	1.01469
94	18	1.02402
94	36	0.816423
94	56	0.962007
94	137	0.961281
94	151	1.07483
94	154	1.00308
94	155	1.02054
94	159	0.998088
94	160	1.00137
94	162	1.02289
94	163	0.991709
94	165	0.988571
94	166	1.00404
94	167	0.990378
94	171	1.07582
94	172	0.99904
94	174	1.00571
94	176	1.06567
94	177	0.996543
94	179	0.996732
95	34	0.969724
95	52	0.93232
95	64	0.999429
95	96	1.03191
95	116	1.01018
95	125	0.93711
95	128	1.12038
95	131	0.992527
95	159	0.974198
95	162	0.998996
95	163	0.96782
95	165	0.964682
95	166	0.980152
95	167	0.966489
95	170	1.08971
95	171	1.11268
95	172	0.975151
95	174	1.04258
95	177	0.972653
95	179	0.972843
95	180	0.990209
96	37	0.946347
96	62	0.878191
96	66	1.04393
96	90	0.879631
96	95	1.03191
96	114	1.0435
96	116	1.0832
96	130	1.06358
96	142	1.04908
96	144	0.825632
96	153	0.94881
96	159	1.04722
96	161	1.03683
96	162	1.07201
96	163	1.04084
96	164	0.887011
96	165	1.0377
96	172	1.04817
96	173	1.05607
96	176	0.932593
96	179	1.04586
97	4	1.03198
97	19	0.894533
97	29	1.13545
97	44	0.943049
97	49	1.03645
97	58	0.999031
97	79	0.943729
97	82	0.943649
97	89	0.99316
97	99	0.908265
97	125	1.01136
97	130	1.00608
97	135	0.967013
97	137	1.00019
97	138	0.996552
97	143	1.00445
97	163	1.08972
97	164	0.956312
97	169	1.11636
97	173	0.978915
97	180	1.05228
98	36	1.05544
98	42	0.955064
98	51	0.921734
98	74	0.953753
98	75	0.92641
98	80	0.952359
98	84	1.01997
98	85	0.918939
98	102	0.930441
98	109	0.950251
98	110	0.950041
98	119	1.09989
98	132	0.976243
98	136	1.00017
98	140	0.957015
98	149	0.962831
98	150	0.99083
98	154	1.09682
98	159	1.14291
98	165	1.1554
98	177	1.0926
98	178	0.999282
99	73	0.973721
99	75	1.06408
99	85	1.01608
99	97	0.908265
99	133	1.02913
99	136	1.06262
99	140	0.89165
99	142	1.02257
99	143	0.767964
99	147	0.96976
99	152	1.03914
99	154	1.0257
99	157	1.01762
99	160	1.02399
99	161	1.01033
99	162	1.04551
99	165	1.01119
99	174	1.02683
99	175	1.01945
99	176	1.02645
99	177	1.01917
99	179	1.01935
100	29	1.02654
100	52	0.986246
100	61	0.973038
100	62	0.920888
100	108	1.04061
100	116	1.06411
100	117	0.893756
100	118	1.03777
100	119	1.03
100	127	1.01363
100	128	0.993131
100	130	1.04448
100	131	1.04645
100	142	1.02998
100	160	1.03141
100	161	1.01774
100	163	1.02175
100	169	1.00746
100	173	1.03698
100	174	0.915331
100	178	0.848799
100	179	1.02677
101	57	0.985354
101	59	1.05115
101	87	0.913615
101	91	0.936775
101	141	1.13854
101	144	0.996674
101	146	0.948462
101	152	0.97798
101	153	0.942814
101	155	1.1177
101	156	0.969267
101	157	0.956459
101	158	0.965323
101	163	1.20198
101	164	1.15087
101	168	0.96014
101	170	0.969607
101	171	0.948962
101	174	0.965674
101	175	0.958295
101	176	0.965289
101	180	0.975565
102	2	0.897058
102	22	0.995404
102	29	0.946656
102	30	1.13672
102	36	1.05888
102	51	0.925169
102	69	0.954753
102	75	0.929845
102	76	0.941325
102	80	0.955794
102	98	0.930441
102	110	0.953476
102	132	0.979678
102	136	1.0036
102	140	0.96045
102	143	1.0291
102	149	0.966266
102	150	0.994265
102	157	1.13046
102	161	1.17061
102	178	1.00272
102	180	1.14135
103	55	0.829408
103	73	1.03193
103	84	1.04897
103	92	1.022
103	117	0.88882
103	120	1.0062
103	130	1.03366
103	136	1.05922
103	147	1.02797
103	149	0.921773
103	151	0.979511
103	152	0.915518
103	155	1.03976
103	160	1.02059
103	162	1.0421
103	165	1.00778
103	167	1.00959
103	172	1.01825
103	173	1.02616
103	177	1.01576
103	179	1.01595
103	180	1.03331
104	20	1.27118
104	33	1.01969
104	52	0.989122
104	66	1.02772
104	111	0.829606
104	120	1.0199
104	123	1.02936
104	127	1.01651
104	132	0.866468
104	154	1.03599
104	158	0.920776
104	159	1.031
104	160	1.03428
104	161	1.02062
104	162	1.0558
104	166	1.03695
104	167	1.02329
104	170	0.939357
104	176	0.952189
104	177	1.02945
104	178	0.825697
104	179	1.02964
105	56	0.96706
105	82	1.03267
105	116	1.03913
105	119	1.00501
105	123	1.0015
105	130	1.0195
105	141	0.941675
105	144	0.89263
105	155	1.0256
105	159	1.00314
105	160	1.00643
105	161	0.992759
105	162	1.02794
105	163	0.996762
105	167	0.995431
105	168	1.0169
105	169	1.03176
105	172	1.00409
105	173	1.012
105	175	0.992302
105	176	0.99959
105	177	1.0016
105	179	1.00179
106	34	1.03565
106	38	0.968942
106	90	1.01958
106	112	0.993037
106	118	0.969192
106	133	1.00699
106	144	1.0357
106	146	0.987485
106	156	1.00829
106	157	0.995481
106	158	1.00435
106	166	0.987369
106	167	0.965154
106	168	0.999162
106	169	0.989681
106	170	1.00863
106	171	0.987984
106	174	1.0047
106	176	1.00431
106	177	0.976935
106	178	1.0396
106	179	1.00091
106	180	1.01459
107	43	0.982811
107	68	0.978447
107	109	0.990223
107	110	0.990013
107	119	1.0001
107	126	1.00391
107	130	1.01459
107	132	1.01621
107	140	0.996986
107	145	0.945619
107	149	1.0028
107	150	1.0308
107	158	0.995526
107	160	1.00151
107	162	1.02302
107	164	0.981356
107	166	1.00418
107	174	0.96698
107	176	1.02694
107	177	0.996681
107	178	1.03925
107	179	0.996871
107	180	1.01424
108	56	0.965905
108	58	0.908141
108	75	1.13099
108	77	1.06181
108	81	1.06863
108	100	1.04061
108	115	0.976357
108	117	0.89752
108	119	1.00386
108	120	0.990885
108	123	1.00035
108	127	0.987491
108	142	1.00385
108	151	0.988212
108	160	1.00527
108	162	1.02678
108	166	1.00794
108	168	0.996362
108	172	1.00294
108	174	0.919095
108	177	1.00044
108	179	1.00063
108	180	1.018
109	1	0.897478
109	2	0.916868
109	21	1.04934
109	24	1.00516
109	35	1.07926
109	42	0.978309
109	43	0.966085
109	52	1.20318
109	67	1.07631
109	69	0.974563
109	74	0.976998
109	76	0.961135
109	80	0.975604
109	98	0.950251
109	107	0.990223
109	131	0.920038
109	132	0.999488
109	133	1.00635
109	136	1.02341
109	140	0.98026
109	149	0.986076
109	150	1.01408
109	178	1.02253
109	180	1.04931
110	6	1.2102
110	15	1.03681
110	24	1.00495
110	36	1.07848
110	42	0.978099
110	43	0.965875
110	57	0.984345
110	69	0.974352
110	75	0.949445
110	80	0.975394
110	85	0.941974
110	98	0.950041
110	102	0.953476
110	107	0.990013
110	122	1.00443
110	130	0.974243
110	132	0.999278
110	140	0.98005
110	149	0.985866
110	150	1.01387
110	162	0.957484
110	166	1.02117
110	176	1.05236
110	178	1.02232
111	64	0.862383
111	67	1.03436
111	70	1.04197
111	90	1.0713
111	104	0.829606
111	115	1.02466
111	120	0.965416
111	122	1.04488
111	136	0.846103
111	145	1.06279
111	146	1.0392
111	152	1.06872
111	153	1.03355
111	156	1.06001
111	160	0.913534
111	166	0.934298
111	168	1.05088
111	171	1.0397
111	172	0.94308
111	173	0.904075
111	174	1.05641
111	175	1.04903
111	176	1.05603
111	180	1.0663
112	61	1.21397
112	66	1.00287
112	106	0.993037
112	133	0.992383
112	134	0.99251
112	145	0.996458
112	146	0.972873
112	150	0.936104
112	153	0.967225
112	157	0.98087
112	158	0.989734
112	162	0.949642
112	165	1.06569
112	166	1.01333
112	168	0.984551
112	169	0.97507
112	170	0.994017
112	171	0.973373
112	172	1.02211
112	174	0.990084
112	175	0.982706
112	176	0.9897
112	178	1.02499
112	180	0.999976
113	1	0.904597
113	4	1.01537
113	9	1.02399
113	40	1.07179
113	46	1.23595
113	49	1.01984
113	59	0.974942
113	65	1.05701
113	89	0.976546
113	91	0.828668
113	114	1.03685
113	117	0.970857
113	125	0.994747
113	126	0.940387
113	137	0.983578
113	138	0.979938
113	143	0.987833
113	148	0.966511
113	151	0.935321
113	154	1.05094
113	158	1.05694
113	164	0.939698
113	171	1.09849
113	173	0.962302
114	16	0.838148
114	22	1.0064
114	23	1.36525
114	41	0.975452
114	58	0.965663
114	61	0.930697
114	96	1.0435
114	113	1.03685
114	126	1.01354
114	131	1.00411
114	142	0.987644
114	145	0.955256
114	159	0.985783
114	160	0.989068
114	161	0.975401
114	163	0.979404
114	166	0.991737
114	167	0.978073
114	170	1.02374
114	172	0.986735
114	173	0.994639
114	177	0.984238
114	179	0.984427
114	180	1.00179
115	12	1.02898
115	21	0.98371
115	35	0.924882
115	36	0.910688
115	40	0.976294
115	82	1.19302
115	85	1.26388
115	108	0.976357
115	111	1.02466
115	128	0.948494
115	149	1.11136
115	156	0.973587
115	160	0.967159
115	162	0.988672
115	163	0.957496
115	164	1.11435
115	165	0.954358
115	167	0.956164
115	168	0.96446
115	169	0.954979
115	171	0.953283
115	172	0.964827
115	174	0.969994
115	176	0.969609
115	177	0.962329
116	28	0.938552
116	41	1.01516
116	50	0.988301
116	62	0.93502
116	90	0.93646
116	95	1.01018
116	96	1.0832
116	100	1.06411
116	105	1.03913
116	120	1.01439
116	123	1.02385
116	132	0.903701
116	137	0.885033
116	146	1.02764
116	149	0.940842
116	159	1.02549
116	160	1.02877
116	162	1.05029
116	165	1.01597
116	166	1.03144
116	172	1.02644
116	173	1.03434
116	174	0.929463
116	177	1.02394
116	179	1.02413
117	10	1.18585
117	15	0.821668
117	52	1.12849
117	71	1.09397
117	100	0.893756
117	103	0.88882
117	108	0.89752
117	113	0.970857
117	121	1.00664
117	126	0.993858
117	133	1.01533
117	135	1.00387
117	141	0.988348
117	142	0.969979
117	148	1.01998
117	152	1.02534
117	158	1.01268
117	163	1.01206
117	164	0.993168
117	168	1.0075
117	169	0.99802
117	173	1.01577
117	174	1.01304
117	175	1.00566
117	176	1.01265
117	180	1.02293
118	13	0.890885
118	26	1.01393
118	27	1.02751
118	65	0.763284
118	75	1.19064
118	81	1.06579
118	84	1.03081
118	100	1.03777
118	106	0.969192
118	120	0.988045
118	127	0.984651
118	137	0.934314
118	152	0.983867
118	155	1.0216
118	159	0.999145
118	162	1.02394
118	163	0.992767
118	165	0.989629
118	166	1.0051
118	172	1.0001
118	173	1.008
118	175	1.03141
118	176	1.0387
118	177	0.997601
118	179	0.99779
118	180	1.01516
119	98	1.09989
119	100	1.03
119	105	1.00501
119	107	1.0001
119	108	1.00386
119	122	1.0058
119	123	0.989738
119	129	0.96302
119	130	1.00774
119	131	1.0097
119	132	0.96801
119	142	0.993236
119	144	0.946771
119	146	1.09195
119	153	1.06995
119	159	0.991376
119	160	0.99466
119	161	0.980994
119	163	0.984997
119	165	0.981859
119	167	0.983666
119	172	0.992328
119	174	0.993773
119	177	0.989831
119	178	0.92724
119	179	0.99002
119	180	1.00739
120	8	1.03169
120	31	1.07358
120	34	0.973928
120	47	0.931948
120	60	0.965014
120	91	1.06622
120	103	1.0062
120	104	1.0199
120	108	0.990885
120	111	0.965416
120	116	1.01439
120	118	0.988045
120	127	0.963908
120	131	0.996731
120	136	1.02032
120	150	0.979581
120	155	1.00086
120	157	1.04518
120	158	1.05659
120	160	0.981687
120	163	0.972024
120	165	0.968886
120	167	0.970693
120	172	0.979355
120	176	1.088
120	177	0.976857
120	179	0.977047
121	6	0.894508
121	19	0.913699
121	29	1.08646
121	32	1.10142
121	33	0.977912
121	38	0.986187
121	59	1.01072
121	65	1.09279
121	82	0.962815
121	117	1.00664
121	124	1.04207
121	126	0.976167
121	135	0.986179
121	137	1.01936
121	143	1.02361
121	147	0.959446
121	148	1.00229
121	151	0.971101
121	156	0.969896
121	164	0.975478
121	166	1.00401
121	167	0.981799
121	171	1.04535
121	173	0.998081
121	175	1.02792
121	177	0.993579
121	180	1.00329
122	13	1.04428
122	28	0.968637
122	42	1.11307
122	68	0.976399
122	78	1.04197
122	82	0.957685
122	110	1.00443
122	111	1.04488
122	119	1.0058
122	124	1.03694
122	130	0.962019
122	137	1.01423
122	138	1.01059
122	141	0.965527
122	142	1.00358
122	145	0.996588
122	147	0.954316
122	153	0.967355
122	155	0.961386
122	158	0.989864
122	161	1.03747
122	166	1.00895
122	169	0.9752
122	173	0.992951
122	174	0.990214
122	175	0.982836
122	176	0.98983
123	6	1.18075
123	25	0.959645
123	39	0.976274
123	43	0.883446
123	48	1.10516
123	49	0.85782
123	61	0.932779
123	63	1.01647
123	79	1.09191
123	81	1.05451
123	84	1.01953
123	88	0.939241
123	104	1.02936
123	105	1.0015
123	108	1.00035
123	116	1.02385
123	119	0.989738
123	148	0.976253
123	153	1.03913
123	161	0.977483
123	162	1.01266
123	163	0.981487
123	165	0.978349
123	172	0.988818
123	177	0.98632
123	179	0.98651
123	180	1.00388
124	4	1.10427
124	32	1.15455
124	44	1.01534
124	46	1.03648
124	58	1.07132
124	79	1.01602
124	83	1.07084
124	89	1.06545
124	93	0.876845
124	121	1.04207
124	122	1.03694
124	126	1.02929
124	129	1.01399
124	135	1.0393
124	138	1.06884
124	146	0.927103
124	147	1.01257
124	148	1.05541
124	151	1.02422
124	158	0.857468
124	163	0.894401
124	164	1.0286
124	168	0.906189
124	170	0.87605
124	173	1.0512
124	175	0.881592
124	180	0.85696
125	4	1.09273
125	7	0.949497
125	44	1.0038
125	51	1.02418
125	59	1.0523
125	71	1.11786
125	73	1.02953
125	89	1.05391
125	95	0.93711
125	97	1.01136
125	113	0.994747
125	126	1.01775
125	135	1.02776
125	138	1.0573
125	141	1.01224
125	143	1.06519
125	147	1.00103
125	148	1.04387
125	151	1.01268
125	153	0.938862
125	159	0.931323
125	164	1.01706
125	167	0.869236
125	168	0.939954
125	169	0.954811
125	173	1.03966
125	176	0.922645
125	180	0.890725
126	7	0.895137
126	30	0.962796
126	40	1.09479
126	54	0.913609
126	56	1.13453
126	59	0.997942
126	68	0.96875
126	89	0.999547
126	107	1.00391
126	113	0.940387
126	114	1.01354
126	117	0.993858
126	121	0.976167
126	124	1.02929
126	125	1.01775
126	137	1.00658
126	138	1.00294
126	141	0.957878
126	146	1.10326
126	147	0.946667
126	148	0.989511
126	151	0.958322
126	162	0.970163
126	164	0.962699
126	166	1.03385
126	169	1.09721
126	170	1.05221
126	173	0.985302
127	4	0.982135
127	12	0.96988
127	22	0.995623
127	50	0.937822
127	52	0.93313
127	56	0.938928
127	72	0.895255
127	83	1.0035
127	100	1.01363
127	104	1.01651
127	108	0.987491
127	118	0.984651
127	120	0.963908
127	131	0.993337
127	136	1.01692
127	144	1.05619
127	152	1.10832
127	155	0.997463
127	156	1.09784
127	158	1.13174
127	161	0.964626
127	165	0.965492
127	166	0.980963
127	167	0.967299
127	176	1.16315
127	177	0.973463
127	179	0.973653
127	180	0.991019
128	25	0.996609
128	77	0.953673
128	78	1.032
128	95	1.12038
128	100	0.993131
128	115	0.948494
128	133	0.982542
128	137	1.00153
128	145	0.986617
128	152	0.992549
128	153	0.957383
128	154	0.979115
128	155	1.02716
128	156	0.983836
128	157	0.971028
128	158	0.979893
128	159	1.11459
128	162	1.01104
128	168	0.97471
128	169	0.965228
128	170	0.984176
128	171	0.963532
128	173	1.0445
128	174	0.980243
128	175	0.972864
128	176	0.979859
128	178	1.01515
128	179	1.08826
129	19	0.885621
129	34	0.956673
129	38	0.958109
129	48	1.13773
129	51	1.15702
129	71	1.04821
129	73	0.95987
129	79	0.934817
129	81	1.02779
129	82	0.934737
129	87	1.19511
129	119	0.96302
129	124	1.01399
129	137	0.99128
129	140	1.03499
129	142	0.963008
129	148	0.974213
129	159	0.961147
129	164	0.9474
129	166	0.967101
129	167	0.953437
129	168	1.07279
129	170	1.04265
129	171	1.06562
129	172	0.9621
129	174	0.99552
129	177	0.959602
129	179	0.959791
129	180	0.977158
130	22	1.02648
130	32	0.835144
130	50	0.968677
130	88	0.95724
130	91	1.09368
130	96	1.06358
130	97	1.00608
130	100	1.04448
130	103	1.03366
130	105	1.0195
130	107	1.01459
130	110	0.974243
130	119	1.00774
130	122	0.962019
130	142	1.00772
130	154	1.01086
130	156	0.944641
130	157	0.967136
130	161	0.995482
130	162	1.03066
130	163	0.999486
130	165	0.996348
130	167	0.998154
130	168	1.02726
130	169	1.04212
130	174	0.949995
130	177	1.00432
130	179	1.00451
130	180	1.02188
131	20	1.24588
131	22	1.02845
131	23	1.25556
131	32	0.752073
131	63	1.03643
131	66	1.00455
131	91	1.09565
131	95	0.992527
131	100	1.04645
131	109	0.920038
131	114	1.00411
131	119	1.0097
131	120	0.996731
131	127	0.993337
131	136	1.04975
131	142	1.00969
131	147	0.984501
131	157	0.884065
131	159	1.00783
131	161	0.997449
131	163	1.00145
131	165	0.998315
131	166	1.01379
131	167	1.00012
131	168	0.94419
131	175	0.919593
131	177	1.00629
131	178	0.800391
131	179	1.00648
132	2	0.94286
132	15	1.06301
132	18	0.941241
132	24	1.03115
132	25	0.939089
132	35	1.10526
132	36	1.10468
132	43	0.992076
132	61	1.1718
132	74	1.00299
132	75	0.975647
132	76	0.987127
132	85	0.968176
132	98	0.976243
132	102	0.979678
132	104	0.866468
132	107	1.01621
132	109	0.999488
132	110	0.999278
132	116	0.903701
132	119	0.96801
132	136	1.04941
132	140	1.00625
132	149	1.01207
132	150	1.04007
132	177	0.960724
132	178	1.04852
132	179	0.984698
132	180	0.970433
133	3	0.934351
133	19	1.27558
133	21	1.01776
133	31	0.979525
133	63	0.88126
133	66	0.971539
133	77	0.977472
133	99	1.02913
133	106	1.00699
133	109	1.00635
133	112	0.992383
133	117	1.01533
133	128	0.982542
133	136	0.893804
133	152	1.01635
133	156	1.00763
133	157	0.994827
133	158	1.00369
133	159	1.02187
133	161	1.01053
133	164	0.967611
133	169	0.989027
133	170	1.00797
133	171	0.98733
133	174	1.00404
133	175	0.996663
133	176	1.00366
133	177	0.971564
133	178	1.03895
133	180	1.01393
134	22	0.867217
134	29	0.983015
134	37	0.981874
134	39	1.07602
134	48	0.966158
134	90	1.01906
134	112	0.99251
134	136	0.925699
134	144	1.03517
134	145	1.01054
134	146	0.986957
134	151	1.05425
134	153	0.981308
134	154	1.00304
134	155	0.966333
134	157	0.994954
134	158	1.00382
134	165	1.06626
134	166	1.01389
134	168	0.998635
134	169	0.989153
134	170	1.0081
134	171	0.987457
134	174	1.00417
134	175	0.99679
134	176	1.00378
134	177	1.00346
134	178	1.03908
134	179	1.02743
134	180	1.01406
135	8	0.858531
135	9	1.057
135	19	0.910931
135	20	1.37763
135	33	0.975144
135	38	0.983419
135	54	0.92362
135	59	1.00795
135	64	0.999196
135	68	0.978761
135	73	0.98518
135	82	0.960047
135	97	0.967013
135	117	1.00387
135	121	0.986179
135	124	1.0393
135	125	1.02776
135	137	1.01659
135	138	1.01295
135	141	0.96789
135	145	0.977316
135	147	0.956678
135	148	0.999522
135	149	1.01006
135	151	0.968333
135	155	0.979881
135	156	0.993324
135	157	1.01582
135	163	1.06416
135	164	0.97271
135	180	1.02671
136	9	0.844112
136	53	1.14329
136	75	0.999573
136	76	1.01105
136	92	1.03612
136	98	1.00017
136	99	1.06262
136	102	1.0036
136	103	1.05922
136	109	1.02341
136	111	0.846103
136	120	1.02032
136	127	1.01692
136	131	1.04975
136	132	1.04941
136	133	0.893804
136	134	0.925699
136	140	1.03018
136	144	0.861725
136	148	0.92203
136	149	1.03599
136	150	1.06399
136	152	0.91385
136	163	1.02504
136	171	0.978831
136	172	1.03237
136	176	0.968685
136	177	1.02987
136	178	1.07244
136	179	1.03006
136	180	1.04743
137	13	1.07982
137	19	0.94411
137	54	0.956799
137	59	1.04113
137	64	1.03237
137	68	1.01194
137	71	1.10669
137	73	1.01836
137	79	0.993306
137	83	1.04813
137	94	0.961281
137	97	1.00019
137	113	0.983578
137	116	0.885033
137	118	0.934314
137	121	1.01936
137	122	1.01423
137	126	1.00658
137	128	1.00153
137	129	0.99128
137	135	1.01659
137	138	1.04613
137	141	1.00107
137	143	1.05402
137	152	0.92885
137	157	0.940868
137	161	0.981019
137	164	1.00589
137	165	1.00485
137	168	1.00099
137	173	1.02849
137	179	0.96603
138	1	0.839337
138	7	0.934687
138	13	1.07618
138	64	1.02873
138	71	1.10305
138	73	1.01472
138	79	0.989666
138	82	0.989586
138	90	0.970126
138	97	0.996552
138	113	0.979938
138	122	1.01059
138	124	1.06884
138	125	1.0573
138	126	1.00294
138	135	1.01295
138	137	1.04613
138	141	0.997429
138	143	1.05038
138	147	0.986217
138	148	1.02906
138	151	0.997872
138	154	0.985678
138	156	0.957776
138	160	0.97113
138	162	0.928208
138	164	1.00225
138	166	0.991894
138	167	0.969679
138	170	1.01026
138	173	1.02485
138	180	0.991167
139	28	0.986866
139	31	0.983927
139	48	0.970433
139	55	1.05259
139	57	1.02812
139	67	0.986391
139	70	0.994006
139	74	1.02046
139	76	1.06485
139	77	0.981874
139	84	0.895575
139	88	1.13345
139	140	0.989342
139	144	1.03944
139	146	0.991233
139	150	0.901415
139	153	0.985584
139	155	0.931079
139	156	1.01204
139	157	0.999229
139	158	1.00809
139	159	1.01851
139	168	1.00291
139	169	0.993429
139	170	1.01238
