1	2	1.1245
1	6	0.995903
1	26	0.980892
1	36	1.10681
1	42	1.04205
1	49	1.05204
1	70	1.06677
1	97	0.6415
1	119	1.07709
1	150	1.0952
1	154	1.2798
1	178	2.44341
2	1	1.1245
2	36	1.05877
2	42	0.994004
2	49	1.00399
2	55	1.13819
2	70	1.01873
2	101	1.05004
2	116	1.44481
2	119	1.02904
2	143	1.29506
2	150	1.4361
2	153	1.3238
3	12	0.722231
3	23	1.06019
3	33	1.04054
3	51	0.823521
3	60	0.674963
3	72	0.933692
3	156	1.0173
3	172	0.902428
3	176	0.879639
3	177	0.845536
3	178	0.845823
3	180	0.872812
4	24	1.11529
4	33	1.10253
4	37	0.990048
4	72	0.995679
4	75	1.08087
4	77	1.08116
4	108	1.06929
4	128	0.871397
4	157	1.67085
4	166	1.342
4	172	0.964415
4	176	1.6755
5	8	0.86566
5	30	0.429744
5	40	0.99638
5	48	1.00089
5	62	0.965718
5	65	1.03616
5	66	0.91457
5	166	0.924811
5	168	0.917136
5	176	0.859743
5	178	0.825926
5	180	0.852915
6	1	0.995903
6	17	0.975475
6	26	0.804254
6	36	0.930177
6	50	1.00658
6	55	1.0096
6	70	0.890135
6	99	1.0594
6	101	0.921443
6	119	0.900449
6	166	1.99003
6	168	1.98319
7	18	0.845321
7	19	0.986773
7	20	0.964831
7	30	0.925206
7	54	0.890929
7	57	0.975806
7	69	0.934486
7	137	0.931789
7	151	1.276
7	159	0.94202
7	161	1.72856
7	171	2.03543
8	5	0.86566
8	66	1.04368
8	80	1.04773
8	82	1.05692
8	85	1.0304
8	87	1.00957
8	88	1.04499
8	90	1.05986
8	92	1.06005
8	95	1.06008
8	126	1.10798
8	163	2.03014
9	10	0.882941
9	16	0.882941
9	40	0.944025
9	47	0.9413
9	48	0.948533
9	53	0.942274
9	62	0.913364
9	65	0.983807
9	81	1.32492
9	113	0.975897
9	127	1.83445
9	154	1.75832
10	9	0.882941
10	21	0.997754
10	40	0.923925
10	47	0.9212
10	48	0.928433
10	53	0.922174
10	62	0.893264
10	65	0.963707
10	67	1.08555
10	113	0.955797
10	140	1.21818
10	170	2.64767
11	22	0.980942
11	41	0.899971
11	66	0.926519
11	82	0.939761
11	85	0.913239
11	87	0.892408
11	90	0.942706
11	92	0.942888
11	95	0.942917
11	99	0.943074
11	147	1.73763
11	174	2.36434
12	3	0.722231
12	18	0.968133
12	20	1.08764
12	30	1.04802
12	54	1.01374
12	57	1.09862
12	69	1.0573
12	123	1.38076
12	137	1.0546
12	149	0.903204
12	159	1.06483
12	171	2.0035
13	19	1.09133
13	20	1.06938
13	30	1.02976
13	54	0.995482
13	57	1.08036
13	69	1.03904
13	127	1.37759
13	137	1.03634
13	147	1.41733
13	152	1.1428
13	159	1.04657
13	166	1.5534
14	44	1.01347
14	64	1.04732
14	73	1.01306
14	74	1.02173
14	76	1.02234
14	79	1.08657
14	89	1.06825
14	114	0.751566
14	117	0.825581
14	162	1.11875
14	167	1.60879
14	179	2.36799
15	23	1.11875
15	24	1.11186
15	37	0.98662
15	43	1.07056
15	72	0.992251
15	75	1.07744
15	77	1.07774
15	118	0.935353
15	140	0.961168
15	149	0.976928
15	172	0.960987
15	178	2.61823
16	9	0.882941
16	21	0.997754
16	40	0.923925
16	47	0.9212
16	48	0.928433
16	53	0.922174
16	62	0.893264
16	65	0.963707
16	84	1.32086
16	113	0.955797
16	159	1.37812
16	176	2.30573
17	6	0.975475
17	26	0.960464
17	42	1.02162
17	49	1.03161
17	50	1.16279
17	55	1.16581
17	70	1.04634
17	119	1.05666
17	130	2.06932
17	133	0.948106
17	159	0.753991
17	171	1.71876
18	7	0.845321
18	12	0.968133
18	19	0.984819
18	30	0.923252
18	54	0.888976
18	57	0.973852
18	69	0.932532
18	118	0.952042
18	123	1.47117
18	137	0.929835
18	159	0.940066
18	177	2.6228
19	7	0.986773
19	13	1.09133
19	18	0.984819
19	30	1.0647
19	54	1.03043
19	69	1.07398
19	114	0.927279
19	137	1.07129
19	154	0.978716
19	159	1.08152
19	169	2.01909
19	176	1.56416
20	7	0.964831
20	12	1.08764
20	13	1.06938
20	54	1.00849
20	57	1.09336
20	69	1.05204
20	109	0.836349
20	137	1.04934
20	153	1.11139
20	155	1.44738
20	159	1.05958
20	174	2.15085
21	10	0.997754
21	16	0.997754
21	40	1.05884
21	47	1.05611
21	53	1.05709
21	62	1.02818
21	65	1.09862
21	93	1.0925
21	103	1.3807
21	113	1.09071
21	124	1.46368
21	159	1.55933
22	11	0.980942
22	59	1.00137
22	80	1.0686
22	85	1.05127
22	87	1.03044
22	90	1.08074
22	92	1.08092
22	95	1.08095
22	103	0.977132
22	116	1.32205
22	149	1.02024
22	165	2.18553
23	3	1.06019
23	15	1.11875
23	37	0.94071
23	43	1.02465
23	72	0.946342
23	75	1.03153
23	77	1.03183
23	108	1.01995
23	114	1.59425
23	135	1.54891
23	140	1.15223
23	152	1.48702
23	172	0.915078
24	4	1.11529
24	15	1.11186
24	37	0.933823
24	43	1.01776
24	72	0.939454
24	75	1.02464
24	77	1.02494
24	99	1.11594
24	108	1.01306
24	110	1.32094
24	149	1.31693
24	168	2.03973
24	172	0.908191
25	41	0.990366
25	59	0.95373
25	66	1.01691
25	82	1.03016
25	85	1.00363
25	87	0.982803
25	90	1.0331
25	92	1.03328
25	95	1.03331
25	126	1.44089
25	149	1.29877
25	151	1.63963
25	159	1.43429
26	1	0.980892
26	6	0.804254
26	17	0.960464
26	36	0.915166
26	42	0.8504
26	49	0.860388
26	50	0.991569
26	55	0.994588
26	70	0.875124
26	119	0.885439
26	136	1.87558
26	156	1.09582
26	177	2.3844
27	31	1.02933
27	32	1.02802
27	39	1.00287
27	51	1.00748
27	61	0.979387
27	78	0.987193
27	108	1.0094
27	113	1.05025
27	120	0.646398
27	131	1.04898
27	155	1.18485
27	170	2.08179
27	180	1.90004
28	44	0.560381
28	74	0.61452
28	111	0.428437
28	113	0.375653
28	138	1.14192
28	163	1.03057
28	164	1.01732
28	169	0.990407
28	170	0.980801
28	171	1.00258
28	177	0.963134
28	178	0.963421
28	180	0.990411
29	33	1.04701
29	35	1.07323
29	39	0.739754
29	43	1.01848
29	86	0.670067
29	112	0.836764
29	172	0.908903
29	174	0.895169
29	175	0.87337
29	177	0.85201
29	178	0.852297
29	180	0.879286
30	5	0.429744
30	7	0.925206
30	12	1.04802
30	13	1.02976
30	18	0.923252
30	19	1.0647
30	57	1.05374
30	69	1.01242
30	137	1.00972
30	158	1.56863
30	159	1.01995
30	161	1.32336
30	169	2.04801
31	27	1.02933
31	45	1.09416
31	51	0.985057
31	52	0.972059
31	61	0.956969
31	63	1.05734
31	78	0.964774
31	103	0.604842
31	113	1.02783
31	126	1.03638
31	151	0.988808
31	169	2.16602
31	170	2.06168
32	27	1.02802
32	45	1.09285
32	51	0.983748
32	61	0.955659
32	63	1.05603
32	78	0.963465
32	93	1.01742
32	108	0.985676
32	115	1.56058
32	126	1.03507
32	131	1.02525
32	138	1.69727
32	143	1.50079
33	3	1.04054
33	4	1.10253
33	29	1.04701
33	35	1.05976
33	72	0.926689
33	75	1.01188
33	77	1.01217
33	88	0.893678
33	106	1.14866
33	108	1.0003
33	122	1.36653
33	172	0.895425
33	177	2.44373
34	56	0.964307
34	58	0.95794
34	64	1.02573
34	71	0.999767
34	73	0.991467
34	74	1.00013
34	76	1.00075
34	79	1.06498
34	125	0.957972
34	150	0.996588
34	162	1.09716
34	167	1.98697
34	174	1.92376
35	29	1.07323
35	33	1.05976
35	37	0.947276
35	43	1.03122
35	72	0.952907
35	75	1.0381
35	77	1.03839
35	108	1.02652
35	156	0.837966
35	164	1.58705
35	172	0.921644
35	174	1.71763
35	180	1.72934
36	1	1.10681
36	2	1.05877
36	6	0.930177
36	26	0.915166
36	42	0.976323
36	49	0.98631
36	50	1.11749
36	70	1.00105
36	101	1.03235
36	106	1.04875
36	156	1.05524
36	172	1.9829
36	176	1.77777
37	4	0.990048
37	15	0.98662
37	23	0.94071
37	24	0.933823
37	35	0.947276
37	43	0.892518
37	67	1.33604
37	72	0.814209
37	75	0.899397
37	77	0.899694
37	97	1.32382
37	171	2.58472
37	172	0.782945
38	59	0.949059
38	66	1.01224
38	80	1.01629
38	82	1.02549
38	85	0.998962
38	87	0.978132
38	90	1.02843
38	92	1.02861
38	94	0.740693
38	95	1.02864
38	156	0.925384
38	179	2.62746
38	180	1.81676
39	27	1.00287
39	29	0.739754
39	45	1.0677
39	51	0.958595
39	52	0.945597
39	61	0.930507
39	78	0.938312
39	108	0.960523
39	110	1.01741
39	113	1.00137
39	126	1.00992
39	131	1.0001
39	135	1.39432
39	173	2.46222
40	5	0.99638
40	9	0.944025
40	10	0.923925
40	16	0.923925
40	21	1.05884
40	47	0.982284
40	48	0.989518
40	53	0.983259
40	62	0.954348
40	65	1.02479
40	100	1.19385
40	115	1.55402
40	154	1.81985
40	159	1.47768
41	11	0.899971
41	25	0.990366
41	46	1.05967
41	59	0.9204
41	80	0.987632
41	85	0.970303
41	87	0.949473
41	90	0.99977
41	92	0.999952
41	94	0.921423
41	95	0.999981
41	115	1.31984
41	154	1.58568
41	157	2.16647
42	1	1.04205
42	2	0.994004
42	17	1.02162
42	26	0.8504
42	36	0.976323
42	49	0.921545
42	50	1.05273
42	55	1.05575
42	70	0.936281
42	101	0.967589
42	122	1.31734
42	149	0.765358
42	157	1.82384
42	173	2.21418
43	15	1.07056
43	23	1.02465
43	24	1.01776
43	29	1.01848
43	35	1.03122
43	37	0.892518
43	72	0.898149
43	75	0.983338
43	77	0.983634
43	118	1.14853
43	140	1.17435
43	151	1.53096
43	172	0.866886
43	176	2.25324
44	14	1.01347
44	28	0.560381
44	56	0.926768
44	58	0.920401
44	60	1.02213
44	71	0.962228
44	73	0.953929
44	74	0.962595
44	76	0.96321
44	79	1.02744
44	117	1.56702
44	120	1.04508
44	162	1.05962
44	175	2.47621
45	31	1.09416
45	32	1.09285
45	39	1.0677
45	52	1.05931
45	63	1.14459
45	78	1.05202
45	106	0.610143
45	108	1.07424
45	113	1.11508
45	131	1.11381
45	133	0.60567
45	160	1.65219
45	174	1.4963
45	179	2.31871
46	41	1.05967
46	66	1.08622
46	80	1.09027
46	82	1.09946
46	85	1.07294
46	87	1.05211
46	90	1.10241
46	92	1.10259
46	95	1.10262
46	117	1.53302
46	124	1.07262
46	126	1.17487
46	143	1.18481
46	147	1.62631
47	9	0.9413
47	10	0.9212
47	16	0.9212
47	21	1.05611
47	40	0.982284
47	48	0.986792
47	53	0.980533
47	62	0.951622
47	65	1.02207
47	113	1.01416
47	125	1.16982
47	136	2.03571
47	152	1.23437
47	161	1.70876
48	5	1.00089
48	9	0.948533
48	10	0.928433
48	16	0.928433
48	40	0.989518
48	47	0.986792
48	53	0.987767
48	62	0.958856
48	65	1.0293
48	113	1.02139
48	157	1.55244
48	161	1.28738
48	164	1.58365
48	172	1.76222
49	1	1.05204
49	2	1.00399
49	17	1.03161
49	26	0.860388
49	36	0.98631
49	42	0.921545
49	55	1.06573
49	70	0.946268
49	101	0.977576
49	119	0.956583
49	145	0.6585
49	164	1.61896
49	174	1.74954
49	177	2.15846
50	6	1.00658
50	17	1.16279
50	26	0.991569
50	36	1.11749
50	42	1.05273
50	55	1.19691
50	70	1.07745
50	94	0.688215
50	101	1.10876
50	119	1.08776
50	136	1.99515
50	140	0.859017
50	143	1.02684
50	176	1.93791
51	3	0.823521
51	27	1.00748
51	31	0.985057
51	32	0.983748
51	39	0.958595
51	52	0.950202
51	63	1.03548
51	78	0.942917
51	81	0.928376
51	113	1.00598
51	116	1.3063
51	126	1.01453
51	138	1.35304
51	171	2.10479
52	31	0.972059
52	39	0.945597
52	45	1.05931
52	51	0.950202
52	61	0.922114
52	63	1.02248
52	108	0.952131
52	113	0.992979
52	126	1.00153
52	131	0.991707
52	138	1.71146
52	140	1.34715
52	149	1.36291
52	150	1.65601
53	9	0.942274
53	10	0.922174
53	16	0.922174
53	21	1.05709
53	40	0.983259
53	47	0.980533
53	48	0.987767
53	62	0.952597
53	65	1.02304
53	113	1.01513
53	125	1.20425
53	141	1.54615
53	152	1.2688
53	165	2.11506
54	7	0.890929
54	12	1.01374
54	13	0.995482
54	18	0.888976
54	19	1.03043
54	20	1.00849
54	57	1.01946
54	69	0.978141
54	109	0.565214
54	137	0.975443
54	148	1.16311
54	159	0.985674
54	163	1.72373
54	179	2.70213
55	2	1.13819
55	6	1.0096
55	17	1.16581
55	26	0.994588
55	42	1.05575
55	49	1.06573
55	50	1.19691
55	70	1.08047
55	115	1.05223
55	119	1.09078
55	145	0.969602
55	148	1.34403
55	151	1.18123
55	180	2.07235
56	34	0.964307
56	44	0.926768
56	58	0.892834
56	64	0.960621
56	71	0.93466
56	73	0.926361
56	74	0.935027
56	76	0.935642
56	79	0.999871
56	89	0.981555
56	97	1.09211
56	125	1.5072
56	145	1.38195
56	162	1.03205
56	174	2.47299
57	7	0.975806
57	12	1.09862
57	13	1.08036
57	18	0.973852
57	20	1.09336
57	30	1.05374
57	54	1.01946
57	69	1.06302
57	103	0.679498
57	130	2.17346
57	137	1.06032
57	150	1.01571
57	152	1.04164
57	159	1.07055
57	172	1.99087
58	34	0.95794
58	44	0.920401
58	56	0.892834
58	60	0.988195
58	64	0.954254
58	71	0.928293
58	74	0.928661
58	76	0.929276
58	79	0.993505
58	89	0.975189
58	124	1.27108
58	147	1.82476
58	152	1.55023
58	155	1.74799
58	162	1.02569
59	22	1.00137
59	25	0.95373
59	38	0.949059
59	41	0.9204
59	80	0.950996
59	82	0.96019
59	85	0.933667
59	87	0.912837
59	90	0.963134
59	92	0.963316
59	95	0.963346
59	120	1.30331
59	128	1.58401
59	135	1.7059
59	154	1.80267
60	3	0.674963
60	44	1.02213
60	58	0.988195
60	64	1.05598
60	71	1.03002
60	73	1.02172
60	74	1.03039
60	76	1.031
60	79	1.09523
60	89	1.07692
60	97	0.695329
60	151	1.19679
60	162	1.12742
60	166	1.58557
60	175	2.2654
61	27	0.979387
61	31	0.956969
61	32	0.955659
61	39	0.930507
61	52	0.922114
61	63	1.00739
61	78	0.914829
61	81	0.900287
61	113	0.977889
61	123	1.48523
61	126	0.986438
61	131	0.976617
61	151	1.34853
61	155	1.52446
61	163	2.07196
62	5	0.965718
62	9	0.913364
62	10	0.893264
62	16	0.893264
62	21	1.02818
62	40	0.954348
62	47	0.951622
62	48	0.958856
62	53	0.952597
62	65	0.99413
62	100	1.02943
62	113	0.98622
62	135	1.55866
62	156	1.51834
62	171	2.27803
63	31	1.05734
63	32	1.05603
63	45	1.14459
63	51	1.03548
63	52	1.02248
63	61	1.00739
63	78	1.0152
63	81	1.00066
63	126	1.08681
63	131	1.07699
63	148	1.02218
63	151	0.859377
63	158	1.55721
63	172	1.78678
63	174	1.73879
64	14	1.04732
64	34	1.02573
64	56	0.960621
64	58	0.954254
64	60	1.05598
64	71	0.996081
64	73	0.987782
64	74	0.996448
64	76	0.997063
64	79	1.06129
64	138	0.753743
64	145	0.534427
64	162	1.09347
64	167	1.68868
64	175	1.81466
64	179	2.44788
65	5	1.03616
65	9	0.983807
65	10	0.963707
65	16	0.963707
65	21	1.09862
65	40	1.02479
65	47	1.02207
65	48	1.0293
65	53	1.02304
65	62	0.99413
65	113	1.05666
65	115	0.902844
65	123	1.16854
65	155	1.20778
65	173	2.13981
65	176	1.75412
66	5	0.91457
66	8	1.04368
66	11	0.926519
66	25	1.01691
66	38	1.01224
66	46	1.08622
66	80	1.01418
66	82	1.02337
66	87	0.976021
66	90	1.02632
66	92	1.0265
66	93	0.683458
66	95	1.02653
66	138	1.36331
66	156	1.35537
66	160	2.39092
67	10	1.08555
67	37	1.33604
67	102	0.857963
67	131	0.600937
67	154	0.990824
67	156	1.05205
67	164	0.934465
67	166	0.979455
67	167	0.926791
67	169	0.907555
67	170	0.89795
67	173	0.899624
67	176	0.914386
67	177	0.880283
67	178	0.88057
67	180	0.907559
68	96	0.907748
68	107	0.944273
68	110	1.4134
68	129	0.962933
68	132	0.947157
68	134	0.933875
68	139	0.967986
68	142	0.952855
68	144	0.927558
68	145	1.53862
68	146	0.942915
68	151	0.920182
68	153	1.59019
68	161	2.20281
68	162	1.02016
68	179	0.763148
69	7	0.934486
69	12	1.0573
69	13	1.03904
69	18	0.932532
69	19	1.07398
69	20	1.05204
69	30	1.01242
69	54	0.978141
69	57	1.06302
69	103	1.03731
69	118	1.03885
69	137	1.019
69	151	1.42128
69	152	1.39945
69	159	1.02923
69	180	2.3124
70	1	1.06677
70	2	1.01873
70	6	0.890135
70	17	1.04634
70	26	0.875124
70	36	1.00105
70	42	0.936281
70	49	0.946268
70	50	1.07745
70	55	1.08047
70	94	0.729457
70	101	0.992313
70	119	0.971319
70	123	1.39357
70	135	1.29694
70	168	1.63881
70	170	2.32975
71	34	0.999767
71	44	0.962228
71	56	0.93466
71	58	0.928293
71	60	1.03002
71	64	0.996081
71	73	0.961821
71	74	0.970487
71	76	0.971102
71	79	1.03533
71	89	1.01702
71	148	1.48482
71	149	0.98116
71	156	1.32176
71	158	2.01985
71	162	1.06751
71	168	1.70395
72	3	0.933692
72	4	0.995679
72	15	0.992251
72	23	0.946342
72	24	0.939454
72	33	0.926689
72	35	0.952907
72	37	0.814209
72	43	0.898149
72	75	0.905029
72	77	0.905326
72	84	1.16761
72	108	0.893449
72	120	1.06768
72	130	2.54019
72	171	2.18964
72	172	0.788577
73	14	1.01306
73	34	0.991467
73	44	0.953929
73	56	0.926361
73	60	1.02172
73	64	0.987782
73	71	0.961821
73	74	0.962188
73	76	0.962803
73	79	1.02703
73	89	1.00872
73	99	1.10862
73	110	1.31363
73	128	1.56865
73	153	1.49042
73	162	1.05921
73	168	2.03241
74	14	1.02173
74	28	0.61452
74	34	1.00013
74	44	0.962595
74	56	0.935027
74	58	0.928661
74	60	1.03039
74	64	0.996448
74	71	0.970487
74	73	0.962188
74	76	0.971469
74	79	1.0357
74	133	1.45052
74	143	1.27295
74	153	1.30169
74	162	1.06788
74	167	2.40437
75	4	1.08087
75	15	1.07744
75	23	1.03153
75	24	1.02464
75	33	1.01188
75	35	1.0381
75	37	0.899397
75	43	0.983338
75	72	0.905029
75	77	0.990514
75	108	0.978637
75	138	0.937796
75	159	0.724772
75	160	1.9654
75	167	1.87273
75	172	0.873765
75	175	1.99871
76	14	1.02234
76	34	1.00075
76	44	0.96321
76	56	0.935642
76	58	0.929276
76	60	1.031
76	64	0.997063
76	71	0.971102
76	73	0.962803
76	74	0.971469
76	79	1.03631
76	84	0.868305
76	141	1.38643
76	147	1.3836
76	158	1.82873
76	162	1.0685
76	180	2.02202
77	4	1.08116
77	15	1.07774
77	23	1.03183
77	24	1.02494
77	33	1.01217
77	35	1.03839
77	37	0.899694
77	43	0.983634
77	72	0.905326
77	75	0.990514
77	108	0.978934
77	145	0.740844
77	159	0.747136
77	166	1.34125
77	170	2.02534
77	172	0.874062
77	179	2.65429
78	27	0.987193
78	31	0.964774
78	32	0.963465
78	39	0.938312
78	45	1.05202
78	51	0.942917
78	61	0.914829
78	63	1.0152
78	81	0.908093
78	99	0.779561
78	106	1.31467
78	108	0.944846
78	113	0.985694
78	126	0.994244
78	131	0.984422
78	133	1.31019
78	164	2.07025
78	175	2.39002
79	14	1.08657
79	34	1.06498
79	44	1.02744
79	56	0.999871
79	58	0.993505
79	60	1.09523
79	64	1.06129
79	71	1.03533
79	73	1.02703
79	74	1.0357
79	76	1.03631
79	151	0.83452
79	157	1.55215
79	158	1.53235
79	161	1.28708
79	162	1.13272
79	168	1.21646
79	175	1.90313
80	8	1.04773
80	22	1.0686
80	38	1.01629
80	41	0.987632
80	46	1.09027
80	59	0.950996
80	66	1.01418
80	82	1.02742
80	85	1.0009
80	87	0.980069
80	88	0.757175
80	90	1.03037
80	92	1.03055
80	95	1.03058
80	141	1.27443
80	149	0.678044
80	163	1.74232
80	169	2.19612
80	172	1.94631
81	9	1.32492
81	51	0.928376
81	61	0.900287
81	63	1.00066
81	78	0.908093
81	84	0.98785
81	102	1.05064
81	112	1.1547
81	113	0.971153
81	125	0.968552
81	129	0.810478
81	131	0.96988
81	158	0.853898
81	172	0.825432
81	174	0.811698
81	175	0.7899
81	176	0.802643
81	178	0.768826
81	180	0.795816
82	8	1.05692
82	11	0.939761
82	25	1.03016
82	38	1.02549
82	46	1.09946
82	59	0.96019
82	66	1.02337
82	80	1.02742
82	85	1.01009
82	87	0.989263
82	90	1.03956
82	92	1.03974
82	95	1.03977
82	115	1.11049
82	117	1.3989
82	150	1.19173
82	153	1.07943
82	156	1.23923
82	178	2.53993
83	86	1.0134
83	91	0.920517
83	102	1.02626
83	104	1.07172
83	112	0.969978
83	122	1.39922
83	123	0.964179
83	129	1.03693
83	139	1.04199
83	142	1.02685
83	144	1.00156
83	146	1.01691
83	149	0.847239
83	150	1.14034
83	151	0.994182
83	155	1.36403
83	162	1.09416
83	165	2.01253
83	167	2.13072
83	179	0.837147
84	16	1.32086
84	72	1.16761
84	76	0.868305
84	81	0.98785
84	92	0.850963
84	127	0.995341
84	129	0.844446
84	150	1.03665
84	153	1.05089
84	154	0.97338
84	161	0.953226
84	167	0.909347
84	169	0.890111
84	170	0.880506
84	173	0.88218
84	174	0.905997
84	176	0.896942
84	177	0.862839
84	178	0.863126
84	180	0.890115
85	8	1.0304
85	11	0.913239
85	22	1.05127
85	25	1.00363
85	38	0.998962
85	41	0.970303
85	46	1.07294
85	59	0.933667
85	80	1.0009
85	82	1.01009
85	87	0.96274
85	90	1.01304
85	92	1.01322
85	95	1.01325
85	110	0.813341
85	118	0.767755
85	124	0.849205
85	166	1.53896
85	172	2.07759
85	179	2.85201
86	29	0.670067
86	83	1.0134
86	96	0.971744
86	102	1.01626
86	104	1.06172
86	112	0.959974
86	116	1.24551
86	121	1.03713
86	127	1.49753
86	129	1.02693
86	132	1.01115
86	142	1.01685
86	144	0.991553
86	146	1.00691
86	151	0.984178
86	154	1.42141
86	156	1.28431
86	162	1.08415
86	167	2.22719
86	179	0.827143
87	8	1.00957
87	11	0.892408
87	22	1.03044
87	25	0.982803
87	38	0.978132
87	41	0.949473
87	46	1.05211
87	59	0.912837
87	66	0.976021
87	80	0.980069
87	82	0.989263
87	85	0.96274
87	90	0.992207
87	92	0.992389
87	95	0.992418
87	109	0.928932
87	123	1.50073
87	133	1.35281
87	145	1.1524
87	164	2.11286
87	165	2.18846
88	8	1.04499
88	33	0.893678
88	80	0.757175
88	94	1.17522
88	98	0.741449
88	102	1.08548
88	108	0.650611
88	120	1.13958
88	122	1.00569
88	145	1.10317
88	148	1.02662
88	163	0.93552
88	166	0.967252
88	169	0.895352
88	171	0.907525
88	172	0.924973
88	173	0.887422
88	175	0.88944
88	176	0.902184
88	177	0.86808
88	178	0.868367
88	180	0.895356
89	14	1.06825
89	56	0.981555
89	58	0.975189
89	60	1.07692
89	71	1.01702
89	73	1.00872
89	99	0.828258
89	104	1.09197
89	105	1.01196
89	122	1.58124
89	124	1.06913
89	134	1.02813
89	139	1.06224
89	142	1.04711
89	144	1.02181
89	146	1.03717
89	152	1.34828
89	153	1.21005
89	161	1.82267
89	162	1.11441
89	176	2.09239
89	179	0.8574
90	8	1.05986
90	11	0.942706
90	22	1.08074
90	25	1.0331
90	38	1.02843
90	41	0.99977
90	46	1.10241
90	59	0.963134
90	66	1.02632
90	80	1.03037
90	82	1.03956
90	85	1.01304
90	87	0.992207
90	92	1.04269
90	95	1.04272
90	110	0.815119
90	124	0.850984
90	152	1.13014
90	156	1.15171
90	160	2.18726
90	166	1.54074
90	173	2.25993
91	83	0.920517
91	97	0.931807
91	98	0.926724
91	102	0.923374
91	107	0.915385
91	111	0.885557
91	112	0.86709
91	129	0.934046
91	132	0.91827
91	134	0.904987
91	137	0.916966
91	139	0.939098
91	142	0.923967
91	144	0.89867
91	146	0.914027
91	151	0.891294
91	159	1.22794
91	162	0.991269
91	164	2.18211
91	175	2.50188
91	176	2.15555
91	179	0.73426
92	8	1.06005
92	11	0.942888
92	22	1.08092
92	25	1.03328
92	38	1.02861
92	41	0.999952
92	46	1.10259
92	59	0.963316
92	66	1.0265
92	80	1.03055
92	82	1.03974
92	84	0.850963
92	85	1.01322
92	87	0.992389
92	90	1.04269
92	95	1.0429
92	100	0.624394
92	109	0.678464
92	141	1.36909
92	156	1.11331
92	167	2.05618
92	179	2.81538
93	21	1.0925
93	32	1.01742
93	66	0.683458
93	105	0.605352
93	139	0.456436
93	144	0.421542
93	150	1.16938
93	156	1.16733
93	157	1.05878
93	160	1.04725
93	162	0.100389
93	164	1.04975
93	165	1.04747
93	170	1.01324
93	173	1.01491
93	174	1.03873
93	175	1.01693
93	176	1.02967
93	177	0.995569
93	178	0.995855
93	180	1.02284
94	38	0.740693
94	41	0.921423
94	50	0.688215
94	70	0.729457
94	88	1.17522
94	102	0.819789
94	113	0.695457
94	119	0.618888
94	151	1.11138
94	152	1.11235
94	153	1.13872
94	161	1.04105
94	164	1.00485
94	167	0.997174
94	171	0.99011
94	172	1.00756
94	175	0.972025
94	176	0.984769
94	177	0.950665
94	178	0.950952
94	179	0.954346
94	180	0.977941
95	8	1.06008
95	11	0.942917
95	22	1.08095
95	25	1.03331
95	38	1.02864
95	41	0.999981
95	46	1.10262
95	59	0.963346
95	66	1.02653
95	80	1.03058
95	82	1.03977
95	85	1.01325
95	87	0.992418
95	90	1.04272
95	92	1.0429
95	114	1.43131
95	120	0.983386
95	136	2.12542
95	147	1.59861
95	150	1.29815
95	152	1.32408
95	153	1.18585
96	68	0.907748
96	86	0.971744
96	98	0.987954
96	100	0.79276
96	107	0.976615
96	111	0.946788
96	112	0.928321
96	116	1.24287
96	121	1.00547
96	129	0.995276
96	134	0.966218
96	139	1.00033
96	142	0.985198
96	144	0.9599
96	146	0.975258
96	148	1.44473
96	149	0.941069
96	151	0.952525
96	162	1.0525
96	169	2.45914
96	178	2.58237
96	179	0.79549
97	1	0.6415
97	37	1.32382
97	56	1.09211
97	60	0.695329
97	91	0.931807
97	121	0.630591
97	139	0.627138
97	145	1.14767
97	147	1.03424
97	150	1.08639
97	153	1.10063
97	155	1.06093
97	156	1.08434
97	157	0.975798
97	164	0.966764
97	166	1.01175
97	168	1.00408
97	169	0.939854
97	170	0.930249
97	175	0.933942
97	176	0.946685
97	177	0.912582
97	180	0.939858
98	88	0.741449
98	91	0.926724
98	96	0.987954
98	102	1.03247
98	107	1.02448
98	111	0.994651
98	112	0.976184
98	121	1.05334
98	126	0.804443
98	127	1.21614
98	129	1.04314
98	132	1.02736
98	134	1.01408
98	139	1.04819
98	144	1.00776
98	146	1.02312
98	151	1.00039
98	159	0.79784
98	162	1.10036
98	163	1.7266
98	169	2.18039
98	178	2.30362
98	179	0.843354
99	6	1.0594
99	11	0.943074
99	24	1.11594
99	73	1.10862
99	78	0.779561
99	89	0.828258
99	100	1.18476
99	103	1.17595
99	139	0.586749
99	145	1.13882
99	148	1.06227
99	149	1.16831
99	157	0.966948
99	161	0.99412
99	168	0.995229
99	170	0.921399
99	173	0.923074
99	174	0.946891
99	175	0.925092
99	176	0.937836
99	177	0.903732
99	178	0.904019
99	180	0.931009
100	40	1.19385
100	62	1.02943
100	92	0.624394
100	96	0.79276
100	99	1.18476
100	103	1.19677
100	129	0.617877
100	131	0.601016
100	144	0.604543
100	153	1.11261
100	154	1.0351
100	158	1.00992
100	166	1.02373
100	167	0.971067
100	169	0.951831
100	171	0.964003
100	173	0.9439
100	174	0.967717
100	175	0.945919
100	176	0.958662
100	177	0.924559
100	178	0.924846
100	180	0.951835
101	2	1.05004
101	6	0.921443
101	36	1.03235
101	42	0.967589
101	49	0.977576
101	50	1.10876
101	70	0.992313
101	114	1.43975
101	118	0.971918
101	119	1.00263
101	121	1.04724
101	122	1.56548
101	129	1.03704
101	131	1.03491
101	134	1.00798
101	139	1.04209
101	144	1.00167
101	145	1.14272
101	146	1.01702
101	148	1.51715
101	149	1.01349
101	177	2.64268
101	179	0.837255
102	67	0.857963
102	81	1.05064
102	83	1.02626
102	86	1.01626
102	88	1.08548
102	91	0.923374
102	94	0.819789
102	98	1.03247
102	105	0.994564
102	107	1.02113
102	109	0.912112
102	121	1.04999
102	129	1.03979
102	132	1.02401
102	134	1.01073
102	137	1.02271
102	139	1.04484
102	142	1.02971
102	144	1.00441
102	146	1.01977
102	159	1.14187
102	173	2.45517
102	179	0.840004
103	21	1.3807
103	22	0.977132
103	31	0.604842
103	57	0.679498
103	69	1.03731
103	99	1.17595
103	100	1.19677
103	110	1.15693
103	113	0.83891
103	132	0.397791
103	156	1.08751
103	160	0.967423
103	163	0.983183
103	164	0.969925
103	165	0.967645
103	168	1.00724
103	169	0.943016
103	173	0.935085
103	174	0.958902
103	176	0.949847
103	177	0.915744
103	178	0.916031
103	180	0.94302
104	83	1.07172
104	86	1.06172
104	89	1.09197
104	105	1.04002
104	107	1.06659
104	110	0.80616
104	111	1.03676
104	112	1.01829
104	129	1.08525
104	132	1.06947
104	133	1.13179
104	134	1.05619
104	139	1.0903
104	142	1.07517
104	144	1.04987
104	146	1.06523
104	148	1.30581
104	151	1.0425
104	153	0.982949
104	156	1.14275
104	165	1.96744
104	168	1.52494
104	175	2.21161
104	179	0.885463
105	89	1.01196
105	93	0.605352
105	102	0.994564
105	104	1.04002
105	111	0.956747
105	116	1.23847
105	121	1.01543
105	127	1.49048
105	129	1.00524
105	131	1.00311
105	132	0.989459
105	134	0.976177
105	137	0.988156
105	139	1.01029
105	142	0.995157
105	144	0.96986
105	146	0.985217
105	151	0.962484
105	158	1.97535
105	159	1.07218
105	162	1.06246
105	168	1.65945
105	176	1.9998
105	179	0.805449
106	33	1.14866
106	36	1.04875
106	45	0.610143
106	78	1.31467
106	107	1.23756
106	130	0.926455
106	136	0.934789
106	140	1.10749
106	146	0.868899
106	148	1.01544
106	152	1.01859
106	153	1.04496
106	156	1.02867
106	165	0.908805
106	169	0.884176
106	170	0.874571
106	171	0.896348
106	173	0.876245
106	174	0.900062
106	175	0.878264
106	176	0.891007
106	177	0.856904
106	178	0.857191
106	180	0.88418
107	68	0.944273
107	91	0.915385
107	96	0.976615
107	98	1.02448
107	102	1.02113
107	104	1.06659
107	106	1.23756
107	111	0.983312
107	115	0.993122
107	117	1.40372
107	119	0.997387
107	123	0.959047
107	129	1.0318
107	134	1.00274
107	135	1.28437
107	139	1.03685
107	140	0.887689
107	144	0.996425
107	146	1.01178
107	149	0.903449
107	151	0.989049
107	164	1.99314
107	173	2.35227
107	179	0.832015
108	4	1.06929
108	23	1.01995
108	24	1.01306
108	27	1.0094
108	32	0.985676
108	33	1.0003
108	35	1.02652
108	39	0.960523
108	45	1.07424
108	52	0.952131
108	72	0.893449
108	75	0.978637
108	77	0.978934
108	78	0.944846
108	88	0.650611
108	117	1.07175
108	126	1.01645
108	131	1.00663
108	133	0.901117
108	161	1.3649
108	165	1.73677
108	172	0.862185
108	179	2.61416
108	180	1.80346
109	20	0.836349
109	54	0.565214
109	87	0.928932
109	92	0.678464
109	102	0.912112
109	113	0.78778
109	129	0.671947
109	135	1.11281
109	139	0.693506
109	152	1.13724
109	158	1.06092
109	161	1.06595
109	163	1.043
109	164	1.02974
109	165	1.02746
109	167	1.02207
109	170	0.99323
109	171	1.01501
109	174	1.01872
109	175	0.996923
109	176	1.00967
109	177	0.975563
109	178	0.97585
109	179	0.979244
109	180	1.00284
110	24	1.32094
110	39	1.01741
110	68	1.4134
110	73	1.31363
110	85	0.813341
110	90	0.815119
110	103	1.15693
110	104	0.80616
110	127	1.01722
110	130	0.95427
110	138	1.0635
110	153	1.07277
110	155	1.03307
110	157	0.947935
110	158	0.970077
110	160	0.936399
110	161	0.975107
110	164	0.938901
110	168	0.976216
110	173	0.904061
110	174	0.927878
110	176	0.918823
110	177	0.884719
110	178	0.885006
110	180	0.911995
111	28	0.428437
111	91	0.885557
111	96	0.946788
111	98	0.994651
111	104	1.03676
111	105	0.956747
111	107	0.983312
111	112	0.935018
111	120	0.913136
111	121	1.01217
111	131	0.999847
111	132	0.986197
111	134	0.972915
111	139	1.00703
111	142	0.991895
111	144	0.966597
111	146	0.981955
111	148	1.43846
111	150	1.2279
111	151	0.959222
111	162	1.0592
111	166	1.66444
111	177	2.56399
111	179	0.802187
111	180	2.16678
112	29	0.836764
112	81	1.1547
112	83	0.969978
112	86	0.959974
112	91	0.86709
112	96	0.928321
112	98	0.976184
112	104	1.01829
112	111	0.935018
112	119	0.949092
112	121	0.993705
112	125	1.36489
112	129	0.983506
112	132	0.96773
112	134	0.954448
112	137	0.966427
112	138	1.45895
112	139	0.988559
112	142	0.973428
112	144	0.948131
112	145	1.23964
112	146	0.963488
112	154	1.5881
112	162	1.04073
112	170	2.52413
112	179	0.78372
113	9	0.975897
113	10	0.955797
113	16	0.955797
113	21	1.09071
113	27	1.05025
113	28	0.375653
113	31	1.02783
113	39	1.00137
113	45	1.11508
113	47	1.01416
113	48	1.02139
113	51	1.00598
113	52	0.992979
113	53	1.01513
113	61	0.977889
113	62	0.98622
113	65	1.05666
113	78	0.985694
113	81	0.971153
113	94	0.695457
113	103	0.83891
113	109	0.78778
113	151	1.22288
113	160	2.25817
113	163	1.9463
113	166	1.61165
114	14	0.751566
114	19	0.927279
114	23	1.59425
114	95	1.43131
114	101	1.43975
114	124	1.06125
114	125	1.02839
114	131	1.17558
114	133	1.06278
114	135	0.965622
114	147	0.950032
114	153	1.01643
114	158	0.913731
114	160	0.880053
114	164	0.882555
114	165	0.880274
114	167	0.874881
114	169	0.855645
114	171	0.867817
114	173	0.847715
114	174	0.871532
114	175	0.849733
114	176	0.862477
114	177	0.828373
114	178	0.82866
114	180	0.855649
115	32	1.56058
115	40	1.55402
115	41	1.31984
115	55	1.05223
115	65	0.902844
115	82	1.11049
115	107	0.993122
115	130	0.877867
115	132	0.996007
115	134	0.982725
115	139	1.01684
115	142	1.0017
115	144	0.976408
115	146	0.991765
115	147	0.929975
115	155	0.956663
115	162	1.06901
115	163	0.875756
115	165	0.860218
115	173	0.827658
115	176	0.84242
115	177	0.808316
115	178	0.808603
115	179	0.811997
115	180	0.835593
116	2	1.44481
116	22	1.32205
116	51	1.3063
116	86	1.24551
116	96	1.24287
116	105	1.23847
116	117	1.01116
116	130	0.909053
116	135	0.976751
116	145	1.07459
116	147	0.961161
116	154	0.950043
116	156	1.01126
116	165	0.891403
116	168	0.930998
116	169	0.866774
116	170	0.857168
116	171	0.878946
116	173	0.858843
116	174	0.88266
116	175	0.860862
116	176	0.873605
116	177	0.839502
116	178	0.839788
116	179	0.843183
116	180	0.866778
117	14	0.825581
117	44	1.56702
117	46	1.53302
117	82	1.3989
117	107	1.40372
117	108	1.07175
117	116	1.01116
117	130	0.884742
117	141	0.977323
117	145	1.05028
117	149	1.07977
117	150	0.989002
117	153	1.00324
117	157	0.878407
117	161	0.905579
117	164	0.869373
117	166	0.914363
117	168	0.906688
117	170	0.832858
117	171	0.854636
117	173	0.834533
117	174	0.85835
117	176	0.849295
117	177	0.815191
117	178	0.815478
117	180	0.842467
118	15	0.935353
118	18	0.952042
118	43	1.14853
118	69	1.03885
118	85	0.767755
118	101	0.971918
118	122	1.06985
118	124	1.16511
118	129	0.724611
118	142	0.596305
118	154	1.04278
118	157	0.995453
118	161	1.02262
118	163	0.999676
118	164	0.986419
118	165	0.984138
118	166	1.03141
118	167	0.978745
118	170	0.949904
118	171	0.971681
118	173	0.951579
118	174	0.975396
118	175	0.953597
118	176	0.966341
118	177	0.932237
118	178	0.932524
118	180	0.959513
119	1	1.07709
119	2	1.02904
119	6	0.900449
119	17	1.05666
119	26	0.885439
119	49	0.956583
119	50	1.08776
119	55	1.09078
119	70	0.971319
119	94	0.618888
119	101	1.00263
119	107	0.997387
119	112	0.949092
119	124	0.845326
119	126	0.947575
119	132	1.00027
119	134	0.986989
119	139	1.0211
119	141	1.40184
119	144	0.980672
119	146	0.996029
119	155	1.32224
119	162	1.07327
119	176	1.86859
119	177	2.43464
119	179	0.816262
119	180	2.03743
120	27	0.646398
120	44	1.04508
120	59	1.30331
120	72	1.06768
120	88	1.13958
120	95	0.983386
120	111	0.913136
120	139	0.766079
120	149	1.17961
120	150	1.08884
120	154	1.02557
120	155	1.06337
120	160	0.966707
120	162	0.410032
120	164	0.969209
120	166	1.0142
120	167	0.961536
120	168	1.00652
120	169	0.9423
120	170	0.932694
120	171	0.954472
120	174	0.958186
120	175	0.936387
120	176	0.949131
120	177	0.915027
120	178	0.915314
120	180	0.942303
121	86	1.03713
121	96	1.00547
121	97	0.630591
121	98	1.05334
121	101	1.04724
121	102	1.04999
121	105	1.01543
121	111	1.01217
121	112	0.993705
121	128	1.05023
121	129	1.06066
121	131	1.05853
121	132	1.04488
121	133	1.12084
121	134	1.0316
121	137	1.04358
121	140	0.775439
121	141	1.38758
121	142	1.05058
121	144	1.02528
121	146	1.04064
121	149	0.791199
121	151	1.01791
121	158	1.82988
121	162	1.11788
121	173	2.24002
121	178	2.4325
121	179	0.860874
122	33	1.36653
122	42	1.31734
122	83	1.39922
122	88	1.00569
122	89	1.58124
122	101	1.56548
122	118	1.06985
122	127	0.913638
122	135	0.918385
122	136	0.859022
122	138	0.959918
122	141	0.943268
122	149	1.04572
122	150	0.954946
122	155	0.929483
122	158	0.866494
122	160	0.832816
122	161	0.871524
122	162	0.983683
122	163	0.848576
122	164	0.835318
122	170	0.798803
122	171	0.820581
122	174	0.824295
122	175	0.802496
122	176	0.81524
122	177	0.781136
122	178	0.781423
122	180	0.808412
123	12	1.38076
123	18	1.47117
123	61	1.48523
123	65	1.16854
123	70	1.39357
123	83	0.964179
123	87	1.50073
123	107	0.959047
123	129	0.977708
123	137	0.960628
123	138	0.953023
123	142	0.967629
123	144	0.942332
123	146	0.957689
123	151	0.934956
123	153	0.962293
123	162	1.03493
123	165	0.826142
123	166	0.873413
123	167	0.820749
123	168	0.865738
123	171	0.813685
123	175	0.795601
123	176	0.808344
123	177	0.774241
123	178	0.774528
123	179	0.777922
123	180	0.801517
124	21	1.46368
124	46	1.07262
124	58	1.27108
124	85	0.849205
124	89	1.06913
124	90	0.850984
124	114	1.06125
124	118	1.16511
124	119	0.845326
124	140	1.12699
124	143	1.11379
124	144	0.792727
124	153	1.06446
124	157	0.939619
124	158	0.961762
124	160	0.928083
124	161	0.966791
124	163	0.943843
124	167	0.922912
124	168	0.9679
124	169	0.903676
124	171	0.915848
124	173	0.895745
124	174	0.919562
124	175	0.897763
124	176	0.910507
124	177	0.876403
124	178	0.87669
124	180	0.90368
125	34	0.957972
125	47	1.16982
125	53	1.20425
125	56	1.5072
125	81	0.968552
125	112	1.36489
125	114	1.02839
125	134	0.83036
125	143	1.08093
125	147	0.965199
125	150	1.01735
125	153	1.03159
125	155	0.991887
125	157	0.906756
125	161	0.933928
125	162	0.68618
125	167	0.890048
125	168	0.935037
125	169	0.870812
125	170	0.861207
125	171	0.882984
125	173	0.862882
125	174	0.886698
125	175	0.8649
125	176	0.877644
125	177	0.84354
125	178	0.843827
125	179	0.847221
125	180	0.870816
126	8	1.10798
126	25	1.44089
126	31	1.03638
126	32	1.03507
126	39	1.00992
126	46	1.17487
126	51	1.01453
126	52	1.00153
126	61	0.986438
126	63	1.08681
126	78	0.994244
126	98	0.804443
126	108	1.01645
126	119	0.947575
126	131	1.05603
126	136	0.932576
126	137	0.696302
126	142	0.780004
126	160	0.90637
126	162	0.573823
126	163	0.92213
126	164	0.908872
126	166	0.953863
126	169	0.881963
126	173	0.874032
126	175	0.87605
126	176	0.888794
126	177	0.85469
126	178	0.854977
126	180	0.881967
127	9	1.83445
127	13	1.37759
127	84	0.995341
127	86	1.49753
127	98	1.21614
127	105	1.49048
127	110	1.01722
127	122	0.913638
127	133	1.01044
127	143	1.01342
127	146	1.08861
127	148	0.93457
127	149	1.04061
127	154	0.886571
127	155	0.924376
127	157	0.839245
127	160	0.827709
127	164	0.830212
127	166	0.875202
127	167	0.822538
127	168	0.867527
127	171	0.815474
127	173	0.795371
127	174	0.819188
127	175	0.79739
127	176	0.810133
127	177	0.77603
127	178	0.776317
127	179	0.779711
127	180	0.803306
128	4	0.871397
128	59	1.58401
128	73	1.56865
128	121	1.05023
128	130	0.913582
128	132	0.69993
128	134	0.834908
128	135	0.98128
128	136	0.921916
128	142	0.896909
128	152	1.00571
128	153	1.03208
128	154	0.954572
128	156	1.01579
128	157	0.907246
128	161	0.934418
128	166	0.943203
128	168	0.935527
128	169	0.871303
128	170	0.861698
128	171	0.883475
128	172	0.900923
128	173	0.863372
128	174	0.887189
128	175	0.865391
128	176	0.878134
128	177	0.844031
128	178	0.844318
128	179	0.847712
128	180	0.871307
129	68	0.962933
129	81	0.810478
129	83	1.03693
129	84	0.844446
129	86	1.02693
129	91	0.934046
129	96	0.995276
129	98	1.04314
129	100	0.617877
129	101	1.03704
129	102	1.03979
129	104	1.08525
129	105	1.00524
129	107	1.0318
129	109	0.671947
129	112	0.983506
129	118	0.724611
129	121	1.06066
129	123	0.977708
129	130	2.21703
129	132	1.03469
129	134	1.0214
129	139	1.05551
129	142	1.04038
129	143	0.918247
129	144	1.01509
129	146	1.03044
129	155	1.28297
129	162	1.10768
129	168	1.48898
129	178	2.40749
129	179	0.850676
130	17	2.06932
130	57	2.17346
130	72	2.54019
130	106	0.926455
130	110	0.95427
130	115	0.877867
130	116	0.909053
130	117	0.884742
130	128	0.913582
130	129	2.21703
130	136	0.790965
130	143	0.950466
130	148	0.871619
130	159	0.909697
130	160	0.764758
130	163	0.780518
130	165	0.76498
130	167	0.759587
130	168	0.804576
130	169	0.740351
130	170	0.730746
130	172	0.769972
130	173	0.732421
130	174	0.756237
130	175	0.734439
130	176	0.747182
130	177	0.713079
130	178	0.713366
130	179	0.71676
130	180	0.740355
131	27	1.04898
131	32	1.02525
131	39	1.0001
131	45	1.11381
131	52	0.991707
131	61	0.976617
131	63	1.07699
131	67	0.600937
131	78	0.984422
131	81	0.96988
131	100	0.601016
131	101	1.03491
131	105	1.00311
131	108	1.00663
131	111	0.999847
131	114	1.17558
131	121	1.05853
131	126	1.05603
131	132	1.03256
131	133	1.07896
131	134	1.01928
131	139	1.05339
131	142	1.03826
131	143	0.901385
131	144	1.01296
131	146	1.02832
131	158	1.78801
131	159	0.884846
131	163	1.81361
131	170	2.16305
131	174	1.96959
131	179	0.84855
132	68	0.947157
132	86	1.01115
132	91	0.91827
132	98	1.02736
132	102	1.02401
132	103	0.397791
132	104	1.06947
132	105	0.989459
132	111	0.986197
132	112	0.96773
132	115	0.996007
132	119	1.00027
132	121	1.04488
132	128	0.69993
132	129	1.03469
132	131	1.03256
132	134	1.00563
132	137	1.01761
132	139	1.03974
132	142	1.02461
132	144	0.99931
132	146	1.01467
132	151	0.991934
132	153	0.621701
132	160	1.81705
132	162	1.09191
132	163	1.50518
132	164	1.53059
132	167	1.72438
132	169	1.95897
132	173	1.88972
132	174	1.66117
132	179	0.834899
133	17	0.948106
133	45	0.60567
133	74	1.45052
133	78	1.31019
133	87	1.35281
133	104	1.13179
133	108	0.901117
133	114	1.06278
133	121	1.12084
133	127	1.01044
133	131	1.07896
133	136	0.955824
133	148	1.03648
133	150	1.05175
133	152	1.03962
133	154	0.98848
133	155	1.02628
133	157	0.941154
133	159	1.07456
133	160	0.929618
133	163	0.945377
133	165	0.92984
133	166	0.97711
133	168	0.969435
133	170	0.895605
133	172	0.934831
133	173	0.89728
133	174	0.921097
133	175	0.899298
133	176	0.912042
133	177	0.877938
133	178	0.878225
133	180	0.905214
134	68	0.933875
134	89	1.02813
134	91	0.904987
134	96	0.966218
134	98	1.01408
134	101	1.00798
134	102	1.01073
134	104	1.05619
134	105	0.976177
134	107	1.00274
134	111	0.972915
134	112	0.954448
134	115	0.982725
134	119	0.986989
134	121	1.0316
134	125	0.83036
134	128	0.834908
134	129	1.0214
134	131	1.01928
134	132	1.00563
134	138	0.924424
134	139	1.02646
134	142	1.01132
134	143	0.727939
134	144	0.986027
134	151	0.978652
134	155	1.09267
134	162	1.07863
134	163	1.64016
134	165	1.74117
134	172	1.84414
134	177	2.20506
134	178	2.21718
134	179	0.821617
135	23	1.54891
135	39	1.39432
135	59	1.7059
135	62	1.55866
135	70	1.29694
135	107	1.28437
135	109	1.11281
135	114	0.965622
135	116	0.976751
135	122	0.918385
135	128	0.98128
135	136	0.858662
135	141	0.942909
135	146	0.915708
135	149	1.04536
135	152	0.942458
135	158	0.866135
135	159	0.977395
135	160	0.832456
135	161	0.871165
135	163	0.848216
135	166	0.879949
135	167	0.827285
135	168	0.872274
135	169	0.808049
135	170	0.798444
135	171	0.820221
135	173	0.800118
135	174	0.823935
135	175	0.802137
135	176	0.81488
135	177	0.780777
135	178	0.781064
135	180	0.808053
136	26	1.87558
136	47	2.03571
136	50	1.99515
136	95	2.12542
136	106	0.934789
136	122	0.859022
136	126	0.932576
136	128	0.921916
136	130	0.790965
136	133	0.955824
136	135	0.858662
136	137	1.67455
136	138	0.900196
136	145	0.956505
136	148	0.879954
136	152	0.883095
136	154	0.831955
136	157	0.784629
136	160	0.773093
136	161	0.811801
136	163	0.788853
136	165	0.773315
136	166	0.820586
136	167	0.767922
136	168	0.81291
136	169	0.748686
136	172	0.778306
136	173	0.740755
136	174	0.764572
136	175	0.742773
136	176	0.755517
136	177	0.721413
136	178	0.7217
136	180	0.74869
137	7	0.931789
137	12	1.0546
137	13	1.03634
137	18	0.929835
137	19	1.07129
137	20	1.04934
137	30	1.00972
137	54	0.975443
137	57	1.06032
137	69	1.019
137	91	0.916966
137	102	1.02271
137	105	0.988156
137	112	0.966427
137	121	1.04358
137	123	0.960628
137	126	0.696302
137	132	1.01761
137	136	1.67455
137	139	1.03843
137	142	1.0233
137	146	1.01336
137	148	1.05784
137	152	0.873205
137	153	0.734978
137	155	1.07097
137	159	1.02653
137	162	1.0906
137	169	2.07225
137	176	1.61731
137	177	2.18336
137	179	0.833596
137	180	1.78616
138	28	1.14192
138	32	1.69727
138	51	1.35304
138	52	1.71146
138	64	0.753743
138	66	1.36331
138	75	0.937796
138	110	1.0635
138	112	1.45895
138	122	0.959918
138	123	0.953023
138	134	0.924424
138	136	0.900196
138	148	0.98085
138	149	1.08689
138	155	0.970657
138	159	1.01893
138	160	0.87399
138	163	0.88975
138	164	0.876492
138	165	0.874212
138	166	0.921482
138	167	0.868819
138	168	0.913807
138	169	0.849582
138	170	0.839977
138	171	0.861755
138	173	0.841652
138	174	0.865469
138	175	0.84367
138	176	0.856414
138	177	0.82231
138	178	0.822597
138	180	0.849586
139	68	0.967986
139	83	1.04199
