1	14	0.698302
1	15	0.764657
1	18	0.670952
1	21	0.742468
1	39	0.738038
1	40	0.663058
1	57	0.71865
1	62	0.718737
1	70	0.75547
1	79	2.5581
1	93	0.740078
1	159	3.87928
2	9	0.692379
2	30	0.751572
2	36	0.667136
2	58	0.719739
2	64	0.780259
2	65	0.711703
2	83	0.738189
2	100	0.711462
2	115	0.727092
2	126	0.729842
2	176	4.84619
2	177	1.84509
3	21	1.14234
3	71	1.07078
3	132	0.138637
3	167	0.809686
3	169	0.814469
3	171	0.851296
3	173	0.807157
3	174	0.796548
3	175	0.77191
3	178	0.78448
3	179	0.791562
3	180	0.783413
4	14	0.698302
4	15	0.764657
4	18	0.670952
4	21	0.742468
4	39	0.738038
4	40	0.663058
4	57	0.71865
4	62	0.718737
4	70	0.75547
4	93	0.740078
4	129	3.73802
4	142	2.64959
5	30	0.829273
5	36	0.744837
5	41	1.72987
5	45	0.785934
5	58	0.79744
5	64	0.857961
5	65	0.789405
5	100	0.789163
5	115	0.804793
5	126	0.807543
5	156	2.71245
5	176	3.36537
6	75	0.703115
6	88	0.716055
6	90	0.723929
6	96	0.712462
6	97	0.711559
6	99	0.71278
6	102	0.712917
6	103	2.0649
6	106	0.739274
6	109	0.739352
6	142	0.720649
6	180	4.47506
7	10	0.773966
7	26	0.705579
7	52	0.842139
7	61	0.813922
7	77	0.864751
7	133	0.735787
7	135	1.84035
7	136	0.812059
7	137	1.54293
7	163	0.853238
7	169	3.67038
7	177	0.801066
8	46	0.812176
8	47	0.740761
8	54	0.804747
8	69	0.836469
8	76	0.771573
8	98	1.77954
8	131	0.836365
8	159	2.32031
8	161	0.824172
8	168	0.796551
8	172	0.789428
8	173	3.07716
9	2	0.692379
9	27	0.665542
9	30	0.750563
9	58	0.718731
9	64	0.779251
9	65	0.710695
9	83	0.737181
9	100	0.710454
9	115	0.726084
9	120	3.178
9	126	0.728834
9	163	3.19656
10	7	0.773966
10	12	0.701771
10	16	0.793598
10	26	0.601891
10	52	0.738451
10	61	0.710234
10	77	0.761063
10	136	0.708371
10	163	0.74955
10	172	2.4572
10	177	0.697378
10	180	4.12848
11	74	0.749086
11	113	0.686922
11	118	0.72294
11	127	0.728066
11	130	0.725089
11	139	0.722729
11	142	2.94195
11	146	0.732323
11	151	0.717493
11	154	0.715251
11	155	0.714365
11	177	3.51504
12	10	0.701771
12	17	0.712645
12	22	0.719399
12	26	0.633385
12	61	0.741727
12	77	0.792557
12	133	0.663592
12	136	0.739864
12	147	6.87377
12	163	0.781043
12	169	2.64567
12	177	0.728871
13	87	2.78307
13	107	0.802853
13	111	0.776099
13	121	2.64814
13	124	0.823475
13	128	0.809083
13	134	0.789581
13	144	0.79299
13	146	0.814559
13	149	2.04674
13	151	0.799728
13	155	0.796601
14	1	0.698302
14	4	0.698302
14	18	0.694845
14	21	0.766361
14	38	0.693289
14	39	0.761931
14	40	0.686951
14	57	0.742543
14	62	0.74263
14	67	2.65368
14	100	0.725866
14	126	3.44144
15	1	0.764657
15	4	0.764657
15	21	0.832716
15	39	0.828285
15	40	0.753306
15	57	0.808898
15	62	0.808984
15	87	2.42721
15	93	0.830326
15	100	0.79222
15	149	1.69089
15	170	3.41048
16	10	0.793598
16	17	0.804472
16	26	0.725212
16	27	0.778316
16	61	0.833554
16	133	0.755419
16	136	0.831691
16	138	2.38322
16	148	3.68189
16	163	0.87287
16	165	1.4698
16	177	0.820698
17	12	0.712645
17	16	0.804472
17	26	0.612765
17	52	0.749325
17	61	0.721108
17	77	0.771937
17	120	2.70099
17	125	3.70872
17	133	0.642973
17	136	0.719245
17	163	0.760424
17	177	0.708252
18	1	0.670952
18	4	0.670952
18	14	0.694845
18	21	0.739011
18	39	0.734581
18	40	0.659601
18	57	0.715193
18	62	0.71528
18	70	0.752013
18	89	3.17004
18	93	0.736621
18	100	0.698516
18	135	3.27584
19	134	2.35442
19	150	0.752144
19	161	1.03561
19	165	0.774693
19	167	0.708358
19	169	0.713141
19	173	0.705828
19	175	0.670582
19	176	0.680287
19	177	0.745549
19	178	0.683152
19	179	0.690234
19	180	0.682085
20	73	0.710307
20	107	1.51067
20	131	0.735123
20	159	0.820701
20	162	0.774388
20	164	0.820299
20	173	0.789472
20	174	0.778864
20	175	0.754225
20	176	0.76393
20	178	0.766796
20	179	0.773878
20	180	0.765729
21	1	0.742468
21	3	1.14234
21	4	0.742468
21	14	0.766361
21	15	0.832716
21	18	0.739011
21	39	0.806097
21	57	0.786709
21	62	0.786796
21	93	0.808137
21	100	0.770032
21	121	3.75264
21	135	1.8184
22	12	0.719399
22	77	0.778692
22	133	0.649728
22	135	2.80489
22	139	0.733659
22	141	3.54535
22	147	0.633353
22	151	0.728422
22	154	0.726181
22	155	0.725295
22	163	0.767178
22	177	0.715007
23	66	2.45971
23	88	0.818129
23	159	0.74057
23	168	0.762944
23	169	0.716652
23	171	0.75348
23	173	0.70934
23	174	0.698732
23	175	0.674094
23	176	0.683798
23	178	0.686664
23	179	0.693746
23	180	0.685597
24	67	1.44769
24	76	0.776752
24	107	0.804387
24	113	0.770692
24	124	0.82501
24	137	1.94649
24	154	0.799021
24	155	0.798135
24	157	3.67266
24	161	0.829351
24	168	0.80173
24	172	0.794607
25	80	0.797168
25	88	0.772717
25	90	0.780591
25	92	0.775085
25	96	0.769124
25	97	0.768221
25	99	0.769442
25	102	0.76958
25	106	0.795936
25	109	0.796014
25	152	2.42667
25	174	1.97617
25	176	3.58142
26	7	0.705579
26	10	0.601891
26	12	0.633385
26	16	0.725212
26	17	0.612765
26	52	0.670065
26	61	0.641848
26	77	0.692677
26	78	5.60988
26	133	0.563713
26	136	0.639985
26	163	0.681164
26	177	0.628992
27	9	0.665542
27	16	0.778316
27	36	0.640299
27	52	0.723169
27	64	0.753422
27	65	0.684866
27	77	0.745781
27	126	0.703005
27	136	0.693089
27	162	3.86164
27	163	0.734268
27	177	0.682096
27	178	3.19712
28	79	0.781664
28	106	2.0478
28	144	1.4141
28	160	0.741782
28	164	0.737564
28	167	0.709266
28	170	0.694764
28	173	0.706737
28	174	0.696129
28	175	0.67149
28	178	0.68406
28	179	0.691143
28	180	0.682993
29	31	0.746609
29	56	0.711472
29	59	0.713782
29	60	0.713454
29	63	0.709972
29	68	0.700621
29	72	0.687284
29	73	0.687217
29	81	0.733387
29	82	0.73345
29	89	0.699402
29	143	2.29485
29	174	4.57504
30	2	0.751572
30	5	0.829273
30	9	0.750563
30	36	0.72532
30	58	0.777923
30	64	0.838443
30	65	0.769888
30	83	0.796373
30	108	4.57486
30	115	0.785276
30	126	0.788026
30	165	1.56325
30	177	1.8728
31	29	0.746609
31	56	0.781916
31	59	0.784225
31	63	0.780416
31	72	0.757728
31	73	0.757661
31	81	0.803831
31	82	0.803894
31	86	1.84557
31	89	0.769846
31	116	3.72675
31	131	0.824463
31	140	2.03678
32	71	1.80009
32	81	1.93007
32	119	0.794461
32	125	0.742315
32	137	0.801778
32	157	0.727947
32	169	0.701208
32	173	0.693896
32	175	0.658649
32	176	0.668354
32	178	0.671219
32	179	0.678302
32	180	0.670152
33	66	0.719724
33	105	0.765039
33	110	0.798151
33	127	0.797766
33	130	0.794789
33	134	0.777045
33	145	1.67986
33	146	0.802023
33	151	0.787193
33	154	0.784951
33	155	0.784065
33	157	3.24708
33	164	2.66914
34	80	0.796691
34	85	0.788629
34	88	0.77224
34	92	0.774608
34	96	0.768647
34	97	0.767744
34	99	0.768965
34	101	1.3615
34	102	0.769102
34	106	0.795459
34	109	0.795537
34	167	3.64247
34	172	2.65894
35	56	0.779434
35	60	0.781416
35	63	0.777934
35	68	0.768582
35	72	0.755246
35	73	0.755179
35	81	0.801348
35	82	0.801412
35	94	0.774316
35	114	2.3867
35	131	0.821981
35	145	2.0341
35	150	2.96813
36	2	0.667136
36	5	0.744837
36	27	0.640299
36	30	0.72532
36	45	0.681981
36	58	0.693487
36	64	0.754008
36	65	0.685452
36	83	0.711937
36	100	0.68521
36	115	0.70084
36	126	0.70359
36	165	2.57118
36	166	4.8554
37	53	0.719793
37	75	0.680481
37	85	0.70981
37	90	0.701295
37	92	0.695788
37	96	0.689827
37	97	0.688925
37	99	0.690146
37	102	0.690283
37	106	0.71664
37	109	0.716717
37	142	0.698014
37	153	2.09783
37	176	5.27519
38	14	0.693289
38	39	0.733024
38	40	0.658045
38	47	0.652524
38	48	0.661263
38	57	0.713636
38	62	0.713723
38	69	0.748231
38	76	0.683336
38	137	3.02655
38	161	0.735934
38	168	0.708314
38	172	0.701191
38	177	4.24145
39	1	0.738038
39	4	0.738038
39	14	0.761931
39	15	0.828285
39	18	0.734581
39	21	0.806097
39	38	0.733024
39	40	0.726687
39	57	0.782278
39	62	0.782365
39	100	0.765601
39	143	1.45012
39	147	7.92623
39	157	1.35655
40	1	0.663058
40	4	0.663058
40	14	0.686951
40	15	0.753306
40	18	0.659601
40	38	0.658045
40	39	0.726687
40	57	0.707299
40	62	0.707386
40	70	0.744119
40	93	0.728727
40	100	0.690622
40	166	4.15968
40	173	3.25964
41	5	1.72987
41	120	0.788149
41	146	2.97023
41	152	0.703125
41	157	0.733969
41	158	0.70586
41	167	0.702448
41	169	0.70723
41	170	0.687945
41	175	0.664672
41	176	0.674377
41	178	0.677242
41	179	0.684324
41	180	0.676175
42	71	0.737863
42	107	0.770612
42	110	0.778445
42	113	0.736916
42	123	1.21763
42	128	0.776842
42	139	0.772723
42	144	0.760748
42	146	0.782317
42	151	0.767487
42	154	0.765245
42	155	0.76436
42	158	3.36448
42	180	3.53187
43	104	0.775991
43	107	0.757391
43	124	0.778013
43	132	0.762798
43	139	0.759503
43	143	0.775827
43	144	0.747528
43	151	0.754266
43	154	0.752024
43	155	0.751139
43	157	2.05645
43	161	0.782354
43	174	2.94103
43	178	3.34487
44	104	2.30344
44	135	0.768248
44	145	0.754004
44	147	0.659397
44	155	1.75435
44	169	0.708642
44	170	0.689357
44	171	0.74547
44	173	0.70133
44	175	0.666084
44	176	0.675789
44	178	0.678654
44	179	0.685736
44	180	0.677587
45	5	0.785934
45	36	0.681981
45	58	0.734584
45	64	0.795104
45	65	0.726548
45	110	2.59409
45	116	0.699309
45	139	1.31386
45	170	0.672084
45	174	0.673449
45	176	0.658516
45	178	0.661381
45	179	0.668463
45	180	0.660314
46	8	0.812176
46	47	0.71208
46	48	0.72082
46	54	0.776066
46	69	0.807787
46	76	0.742892
46	91	0.705364
46	131	0.807683
46	143	1.81378
46	161	0.795491
46	163	1.6962
46	168	0.76787
46	172	0.760747
46	178	4.49781
47	8	0.740761
47	38	0.652524
47	46	0.71208
47	48	0.649405
47	54	0.704651
47	69	0.736372
47	76	0.671477
47	94	0.688604
47	126	3.5718
47	131	0.736268
47	145	3.4418
47	161	0.724076
47	168	0.696455
47	172	0.689332
48	38	0.661263
48	46	0.72082
48	47	0.649405
48	54	0.713391
48	69	0.745112
48	76	0.680217
48	91	0.642688
48	94	0.697344
48	131	0.745008
48	161	0.732816
48	168	0.705195
48	172	0.698072
48	177	2.80456
48	180	4.58484
49	88	0.757147
49	90	0.765021
49	92	0.759515
49	97	0.752651
49	106	0.780366
49	109	0.780444
49	110	0.774977
49	111	0.740389
49	127	0.774592
49	144	0.75728
49	155	0.760891
49	158	3.11939
49	167	2.59903
49	169	2.41905
50	82	1.62156
50	141	0.800476
50	146	0.37366
50	152	0.771025
50	154	1.24671
50	164	0.798646
50	170	0.755846
50	174	0.75721
50	175	0.732572
50	176	0.742277
50	177	0.80754
50	178	0.745142
50	179	0.752224
50	180	0.744075
51	82	2.252
51	116	0.721112
51	136	1.95769
51	148	0.713383
51	162	0.690777
51	166	0.690692
51	169	0.713173
51	170	0.693888
51	171	0.75
51	174	0.695252
51	176	0.680319
51	178	0.683184
51	179	0.690266
51	180	0.682117
52	7	0.842139
52	10	0.738451
52	17	0.749325
52	26	0.670065
52	27	0.723169
52	61	0.778407
52	77	0.829237
52	133	0.700273
52	136	0.776545
52	148	3.23555
52	162	3.79723
52	163	0.817724
52	172	1.44201
52	177	0.765552
53	37	0.719793
53	75	0.751
53	85	0.780329
53	88	0.76394
53	92	0.766308
53	96	0.760347
53	97	0.759444
53	99	0.760665
53	102	0.760802
53	106	0.787159
53	109	0.787236
53	160	2.71112
53	167	3.47019
53	171	1.97773
54	8	0.804747
54	46	0.776066
54	47	0.704651
54	48	0.713391
54	69	0.800358
54	76	0.735463
54	94	0.75259
54	101	2.42846
54	119	2.22936
54	131	0.800254
54	161	0.788062
54	168	0.760441
54	171	3.21698
54	172	0.753318
55	71	0.71679
55	83	0.762254
55	86	2.09866
55	107	0.749538
55	115	0.751156
55	122	3.215
55	124	0.770161
55	125	2.84559
55	127	0.756987
55	130	0.75401
55	139	0.75165
55	144	0.739675
55	154	0.744172
55	155	0.743286
55	161	0.774502
56	29	0.711472
56	31	0.781916
56	35	0.779434
56	59	0.749088
56	60	0.74876
56	68	0.735927
56	72	0.722591
56	73	0.722524
56	81	0.768693
56	82	0.768757
56	94	0.74166
56	131	0.789325
56	149	2.41676
56	160	2.33487
56	166	3.97607
57	1	0.71865
57	4	0.71865
57	14	0.742543
57	15	0.808898
57	18	0.715193
57	21	0.786709
57	38	0.713636
57	39	0.782278
57	40	0.707299
57	62	0.762977
57	93	0.784319
57	100	0.746214
57	114	2.439
57	171	2.74241
57	172	3.25134
58	2	0.719739
58	5	0.79744
58	9	0.718731
58	30	0.777923
58	36	0.693487
58	45	0.734584
58	64	0.806611
58	65	0.738055
58	83	0.764541
58	100	0.737813
58	115	0.753443
58	126	0.756193
58	140	2.77839
58	141	3.16985
58	143	2.46253
59	29	0.713782
59	31	0.784225
59	56	0.749088
59	60	0.75107
59	63	0.747588
59	68	0.738237
59	72	0.7249
59	73	0.724833
59	81	0.771003
59	82	0.771066
59	89	0.737018
59	112	2.52495
59	131	0.791635
59	138	3.56807
59	140	2.39572
60	29	0.713454
60	35	0.781416
60	56	0.74876
60	59	0.75107
60	63	0.747261
60	68	0.737909
60	72	0.724573
60	73	0.724506
60	81	0.770675
60	82	0.770739
60	94	0.743642
60	131	0.791307
60	135	1.86052
60	150	2.65608
60	173	3.85263
61	7	0.813922
61	10	0.710234
61	12	0.741727
61	16	0.833554
61	17	0.721108
61	26	0.641848
61	52	0.778407
61	77	0.801019
61	133	0.672055
61	136	0.748327
61	148	3.61655
61	160	2.04748
61	163	0.789506
61	174	3.10987
61	177	0.737334
62	1	0.718737
62	4	0.718737
62	14	0.74263
62	15	0.808984
62	18	0.71528
62	21	0.786796
62	38	0.713723
62	39	0.782365
62	40	0.707386
62	57	0.762977
62	70	0.799798
62	100	0.7463
62	119	2.20099
62	143	2.7042
62	153	3.41228
63	29	0.709972
63	31	0.780416
63	35	0.777934
63	59	0.747588
63	60	0.747261
63	68	0.734427
63	72	0.721091
63	73	0.721024
63	81	0.767193
63	82	0.767257
63	94	0.740161
63	131	0.787826
63	162	3.94114
63	172	1.58592
63	179	3.24045
64	2	0.780259
64	5	0.857961
64	9	0.779251
64	27	0.753422
64	30	0.838443
64	36	0.754008
64	45	0.795104
64	58	0.806611
64	65	0.798575
64	100	0.798334
64	115	0.813964
64	120	1.19393
64	126	0.816714
64	129	2.72975
64	142	1.64132
64	166	4.18908
65	2	0.711703
65	5	0.789405
65	9	0.710695
65	27	0.684866
65	30	0.769888
65	36	0.685452
65	45	0.726548
65	58	0.738055
65	64	0.798575
65	83	0.756505
65	100	0.729778
65	115	0.745408
65	117	2.85353
65	126	0.748158
65	164	2.94891
65	172	3.12457
66	23	2.45971
66	33	0.719724
66	105	0.661688
66	111	0.660212
66	124	0.707589
66	128	0.693196
66	130	0.691438
66	132	0.692374
66	134	0.673694
66	136	0.681418
66	144	0.677103
66	146	0.698672
66	151	0.683842
66	154	0.6816
66	155	0.680714
66	178	4.82577
67	14	2.65368
67	24	1.44769
67	107	1.59336
67	162	0.72991
67	164	0.775821
67	167	0.747523
67	169	0.752306
67	170	0.733021
67	171	0.789133
67	173	0.744994
67	174	0.734385
67	175	0.709747
67	176	0.719452
67	178	0.722317
67	179	0.7294
67	180	0.72125
68	29	0.700621
68	35	0.768582
68	56	0.735927
68	59	0.738237
68	60	0.737909
68	63	0.734427
68	72	0.711739
68	73	0.711673
68	81	0.757842
68	82	0.757905
68	89	0.723857
68	94	0.730809
68	116	2.25016
68	131	0.778474
68	173	2.20329
68	175	4.63652
69	8	0.836469
69	38	0.748231
69	46	0.807787
69	47	0.736372
69	48	0.745112
69	54	0.800358
69	76	0.767184
69	91	0.729656
69	93	2.06251
69	94	0.784311
69	131	0.831976
69	143	2.10272
69	160	3.32053
69	161	0.819783
69	168	0.792162
69	171	2.58713
69	172	0.785039
70	1	0.75547
70	4	0.75547
70	18	0.752013
70	40	0.744119
70	62	0.799798
70	93	0.821139
70	117	2.10406
70	126	1.34017
70	127	0.804494
70	128	0.803275
70	134	0.783773
70	139	0.799157
70	144	0.787182
70	152	4.11246
70	154	0.791679
70	155	0.790793
70	160	2.59957
71	3	1.07078
71	32	1.80009
71	42	0.737863
71	55	0.71679
71	105	0.699533
71	110	0.732645
71	118	0.727134
71	124	0.745434
71	132	0.730219
71	143	0.743248
71	144	0.714948
71	146	0.736517
71	151	0.721687
71	154	0.719445
71	155	0.71856
71	161	0.749775
71	170	4.79927
72	29	0.687284
72	31	0.757728
72	35	0.755246
72	56	0.722591
72	59	0.7249
72	60	0.724573
72	63	0.721091
72	68	0.711739
72	73	0.698336
72	81	0.744505
72	82	0.744569
72	89	0.710521
72	94	0.717473
72	131	0.765138
72	149	3.21459
72	169	3.71178
72	171	2.3993
73	20	0.710307
73	29	0.687217
73	31	0.757661
73	35	0.755179
73	56	0.722524
73	59	0.724833
73	60	0.724506
73	63	0.721024
73	68	0.711673
73	72	0.698336
73	81	0.744439
73	82	0.744502
73	89	0.710454
73	94	0.717406
73	131	0.765071
73	173	3.58132
73	179	4.27022
74	11	0.749086
74	84	1.52016
74	104	0.804628
74	105	0.760749
74	110	0.793861
74	130	0.7905
74	132	0.791435
74	134	0.772756
74	139	0.78814
74	146	0.797734
74	151	0.782903
74	153	1.66453
74	154	0.780662
74	155	0.779776
74	161	0.810991
74	167	2.93332
74	170	3.97573
75	6	0.703115
75	37	0.680481
75	53	0.751
75	80	0.749079
75	85	0.741017
75	90	0.732502
75	92	0.726996
75	96	0.721035
75	97	0.720132
75	99	0.721353
75	102	0.72149
75	106	0.747847
75	109	0.747924
75	142	0.729221
75	145	1.88818
75	171	2.54419
75	178	4.74382
76	8	0.771573
76	24	0.776752
76	38	0.683336
76	46	0.742892
76	47	0.671477
76	48	0.680217
76	54	0.735463
76	69	0.767184
76	78	1.59012
76	84	3.89594
76	91	0.664761
76	94	0.719416
76	131	0.767081
76	145	3.16063
76	161	0.754888
76	168	0.727267
76	172	0.720144
77	7	0.864751
77	10	0.761063
77	12	0.792557
77	17	0.771937
77	22	0.778692
77	26	0.692677
77	27	0.745781
77	52	0.829237
77	61	0.801019
77	89	2.31228
77	93	2.41101
77	101	2.14712
77	133	0.722885
77	136	0.799156
77	163	0.840336
77	168	2.77641
77	177	0.788164
78	26	5.60988
78	76	1.59012
78	103	0.755112
78	138	0.693231
78	156	0.664123
78	158	0.668099
78	160	0.697202
78	162	0.647074
78	164	0.692985
78	165	0.731022
78	169	0.669469
78	170	0.650184
78	172	0.708638
78	173	0.662157
78	175	0.626911
78	178	0.639481
78	179	0.646563
78	180	0.638414
79	1	2.5581
79	28	0.781664
79	99	1.58017
79	155	1.30844
79	157	0.754015
79	159	0.751194
79	164	0.750792
79	166	0.704795
79	167	0.722494
79	169	0.727277
79	170	0.707991
79	173	0.719964
79	174	0.709356
79	175	0.684718
79	176	0.694423
79	178	0.697288
79	179	0.70437
79	180	0.696221
80	25	0.797168
80	34	0.796691
80	75	0.749079
80	85	0.778408
80	88	0.762019
80	90	0.769893
80	92	0.764387
80	96	0.758426
80	97	0.757523
80	99	0.758744
80	102	0.758881
80	103	1.78685
80	106	0.785238
80	109	0.785315
80	140	1.84825
80	142	0.766612
80	149	2.83209
80	179	4.18026
81	29	0.733387
81	31	0.803831
81	32	1.93007
81	35	0.801348
81	56	0.768693
81	59	0.771003
81	60	0.770675
81	63	0.767193
81	68	0.757842
81	72	0.744505
81	73	0.744439
81	82	0.790671
81	89	0.756623
81	94	0.763575
81	131	0.81124
81	140	2.22582
81	160	3.12777
81	171	2.39437
82	29	0.73345
82	31	0.803894
82	35	0.801412
82	50	1.62156
82	51	2.252
82	56	0.768757
82	59	0.771066
82	60	0.770739
82	63	0.767257
82	68	0.757905
82	72	0.744569
82	73	0.744502
82	81	0.790671
82	89	0.756687
82	94	0.763639
82	114	2.14919
82	131	0.811304
82	153	2.67627
83	2	0.738189
83	9	0.737181
83	30	0.796373
83	36	0.711937
83	55	0.762254
83	58	0.764541
83	65	0.756505
83	111	0.743521
83	115	0.771893
83	120	1.44304
83	126	0.774644
83	127	0.777724
83	129	2.97886
83	132	0.775683
83	134	0.757003
83	154	0.764909
83	155	0.764023
83	158	4.07641
83	164	2.39686
84	74	1.52016
84	76	3.89594
84	117	0.776282
84	146	1.284
84	150	0.756527
84	152	0.713418
84	159	0.741441
84	162	0.695128
84	167	0.712741
84	169	0.717524
84	170	0.698239
84	171	0.754351
84	173	0.710212
84	174	0.699603
84	175	0.674965
84	176	0.68467
84	178	0.687535
84	179	0.694617
84	180	0.686468
85	34	0.788629
85	37	0.70981
85	53	0.780329
85	75	0.741017
85	80	0.778408
85	88	0.753957
85	90	0.761831
85	92	0.756325
85	96	0.750364
85	97	0.749461
85	99	0.750682
85	102	0.750819
85	106	0.777176
85	109	0.777254
85	123	2.62711
85	142	0.758551
85	165	2.85152
85	168	2.60192
85	171	2.76114
86	31	1.84557
86	55	2.09866
86	98	0.802312
86	110	2.08402
86	141	0.788525
86	148	0.76339
86	159	0.787098
86	160	0.790913
86	161	0.667086
86	164	0.786696
86	167	0.758398
86	169	0.763181
86	170	0.743896
86	173	0.755868
86	175	0.720622
86	176	0.730327
86	178	0.733192
86	179	0.740274
86	180	0.732125
87	13	2.78307
87	15	2.42721
87	120	0.775241
87	145	0.739684
87	149	0.735803
87	152	0.690217
87	153	0.732906
87	161	1.86786
87	164	0.717838
87	165	0.755875
87	167	0.68954
87	169	0.694323
87	171	0.73115
87	173	0.687011
87	174	0.676402
87	175	0.651764
87	177	0.726732
87	178	0.664334
87	179	0.671416
87	180	0.663267
88	6	0.716055
88	23	0.818129
88	25	0.772717
88	34	0.77224
88	49	0.757147
88	53	0.76394
88	80	0.762019
88	85	0.753957
88	90	0.745442
88	92	0.739936
88	96	0.733975
88	97	0.733072
88	99	0.734293
88	102	0.73443
88	106	0.760787
88	109	0.760864
88	125	1.37173
88	142	0.742161
88	170	3.51944
88	175	4.89235
89	18	3.17004
89	29	0.699402
89	31	0.769846
89	59	0.737018
89	68	0.723857
89	72	0.710521
89	73	0.710454
89	77	2.31228
89	81	0.756623
89	82	0.756687
89	104	1.83765
89	156	0.685804
89	164	0.714665
89	167	0.686367
89	173	0.683838
89	176	0.658296
89	177	0.723559
89	178	0.661161
89	179	0.668244
89	180	0.660094
90	6	0.723929
90	25	0.780591
90	37	0.701295
90	49	0.765021
90	75	0.732502
90	80	0.769893
90	85	0.761831
90	88	0.745442
90	92	0.74781
90	96	0.741849
90	97	0.740946
90	99	0.742167
90	102	0.742304
90	106	0.768661
90	109	0.768738
90	142	0.750035
90	163	1.45507
90	165	2.14744
90	167	3.54952
90	180	4.23727
91	46	0.705364
91	48	0.642688
91	69	0.729656
91	76	0.664761
91	102	3.00443
91	131	0.729552
91	140	0.698736
91	151	2.77619
91	158	0.642077
91	160	0.671179
91	161	0.717359
91	167	0.638664
91	168	0.689739
91	169	0.643447
91	171	0.680274
91	172	0.682616
91	178	0.613458
91	179	0.620541
91	180	0.612391
92	25	0.775085
92	34	0.774608
92	37	0.695788
92	49	0.759515
92	53	0.766308
92	75	0.726996
92	80	0.764387
92	85	0.756325
92	88	0.739936
92	90	0.74781
92	96	0.736342
92	99	0.736661
92	102	0.736798
92	106	0.763155
92	109	0.763232
92	137	1.33991
92	142	0.744529
92	168	1.99566
92	173	3.62944
92	180	4.33509
93	1	0.740078
93	4	0.740078
93	15	0.830326
93	18	0.736621
93	21	0.808137
93	40	0.728727
93	57	0.784319
93	69	2.06251
93	70	0.821139
93	77	2.41101
93	115	1.27376
93	151	0.469326
93	159	0.756621
93	166	0.710223
93	171	0.769531
93	176	0.69985
93	177	0.765113
93	178	0.702715
93	179	0.709798
93	180	0.701648
94	35	0.774316
94	47	0.688604
94	48	0.697344
94	54	0.75259
94	56	0.74166
94	60	0.743642
94	63	0.740161
94	68	0.730809
94	69	0.784311
94	72	0.717473
94	73	0.717406
94	76	0.719416
94	81	0.763575
94	82	0.763639
94	156	4.57567
94	157	2.73876
94	159	2.54526
94	161	0.772015
94	168	0.744394
94	172	0.737271
94	177	2.22749
95	98	0.693658
95	118	2.9705
95	123	0.726068
95	128	3.66626
95	135	0.714133
95	148	0.654736
95	150	0.69353
95	163	0.739107
95	165	0.716079
95	166	0.632045
95	167	0.649744
95	169	0.654527
95	170	0.635242
95	171	0.691354
95	173	0.647214
95	174	0.636606
95	175	0.611968
95	176	0.621673
95	178	0.624538
95	179	0.63162
95	180	0.623471
96	6	0.712462
96	25	0.769124
96	34	0.768647
96	37	0.689827
96	53	0.760347
96	75	0.721035
96	80	0.758426
96	85	0.750364
96	88	0.733975
96	90	0.741849
96	92	0.736342
96	97	0.729479
96	99	0.7307
96	101	2.46292
96	102	0.730837
96	106	0.757194
96	109	0.757271
96	142	0.738568
96	145	2.59542
96	163	2.64944
96	164	3.5847
97	6	0.711559
97	25	0.768221
97	34	0.767744
97	37	0.688925
97	49	0.752651
97	53	0.759444
97	75	0.720132
97	80	0.757523
97	85	0.749461
97	88	0.733072
97	90	0.740946
97	96	0.729479
97	99	0.729797
97	102	0.729934
97	106	0.756291
97	109	0.756368
97	116	3.62309
97	141	2.32458
97	142	0.737665
97	150	2.37968
97	169	3.41415
98	8	1.77954
98	86	0.802312
98	95	0.693658
98	108	0.689118
98	113	2.871
98	131	2.30852
98	149	0.740273
98	150	0.737797
98	157	0.725532
98	164	0.722308
98	166	0.676312
98	169	0.698793
98	170	0.679508
98	171	0.73562
98	173	0.691481
98	174	0.680873
98	175	0.656234
98	176	0.665939
98	178	0.668804
98	179	0.675887
98	180	0.667737
99	6	0.71278
99	25	0.769442
99	34	0.768965
99	37	0.690146
99	53	0.760665
99	75	0.721353
99	79	1.58017
99	80	0.758744
99	85	0.750682
99	88	0.734293
99	90	0.742167
99	92	0.736661
99	96	0.7307
99	97	0.729797
99	102	0.731155
99	106	0.757512
99	109	0.757589
99	142	0.738886
99	149	2.99893
99	150	2.46166
99	174	3.97943
100	2	0.711462
100	5	0.789163
100	9	0.710454
100	14	0.725866
100	15	0.79222
100	18	0.698516
100	21	0.770032
100	36	0.68521
100	39	0.765601
100	40	0.690622
100	57	0.746214
100	58	0.737813
100	62	0.7463
100	64	0.798334
100	65	0.729778
100	115	0.745166
100	125	2.87396
100	126	0.747916
100	167	3.97925
100	168	2.32756
100	171	2.48679
101	34	1.3615
101	54	2.42846
101	77	2.14712
101	96	2.46292
101	108	0.730273
101	123	0.811489
101	145	0.785309
101	156	0.734602
101	159	0.763865
101	160	0.76768
101	165	0.8015
101	166	0.717467
101	167	0.735165
101	170	0.720663
101	171	0.776775
101	174	0.722027
101	175	0.697389
101	176	0.707094
101	178	0.709959
101	179	0.717041
101	180	0.708892
102	6	0.712917
102	25	0.76958
102	34	0.769102
102	37	0.690283
102	53	0.760802
102	75	0.72149
102	80	0.758881
102	85	0.750819
102	88	0.73443
102	90	0.742304
102	91	3.00443
102	92	0.736798
102	96	0.730837
102	97	0.729934
102	99	0.731155
102	106	0.757649
102	109	0.757727
102	123	1.08816
102	142	0.739024
102	152	3.46848
102	179	3.38565
103	6	2.0649
103	78	0.755112
103	80	1.78685
103	109	1.85363
103	122	0.759675
103	146	0.974747
103	150	0.784308
103	152	0.741198
103	157	0.772043
103	166	0.722823
103	169	0.745304
103	170	0.726019
103	171	0.782132
103	172	0.784473
103	173	0.737992
103	174	0.727384
103	175	0.702745
103	176	0.71245
103	178	0.715316
103	179	0.722398
103	180	0.714249
104	43	0.775991
104	44	2.30344
104	74	0.804628
104	89	1.83765
104	105	0.750881
104	113	0.742465
104	115	0.777778
104	118	0.778482
104	128	0.78239
104	132	0.781567
104	134	0.762888
104	139	0.778272
104	142	2.28784
104	143	0.794597
104	144	0.766297
104	146	0.787866
104	151	0.773035
104	154	0.770793
104	155	0.769908
104	161	0.801123
104	163	1.85901
104	164	2.79427
105	33	0.765039
105	66	0.661688
105	71	0.699533
105	74	0.760749
105	104	0.750881
105	110	0.740115
105	113	0.698586
105	124	0.752904
105	127	0.73973
105	128	0.738511
105	132	0.737689
105	137	2.11014
105	138	3.9289
105	143	0.750718
105	144	0.722418
105	146	0.743987
105	151	0.729156
105	154	0.726915
105	155	0.726029
105	159	3.64281
105	161	0.757245
105	163	2.32312
106	6	0.739274
106	25	0.795936
106	28	2.0478
106	34	0.795459
106	37	0.71664
106	49	0.780366
106	53	0.787159
106	75	0.747847
106	80	0.785238
106	85	0.777176
106	88	0.760787
106	90	0.768661
106	92	0.763155
106	96	0.757194
106	97	0.756291
106	99	0.757512
106	102	0.757649
106	109	0.784084
106	142	0.765381
106	143	1.5718
106	168	1.89698
106	169	3.36869
106	173	3.53077
107	13	0.802853
107	20	1.51067
107	24	0.804387
107	42	0.770612
107	43	0.757391
107	55	0.749538
107	67	1.59336
107	118	0.759882
107	123	2.77309
107	124	0.778182
107	127	0.765009
107	128	0.76379
107	130	0.762032
107	139	0.759672
107	140	0.7639
107	144	0.747697
107	146	0.769266
107	151	0.754435
107	154	0.752193
107	155	0.751308
107	161	0.782523
107	165	2.9975
107	168	2.7479
108	30	4.57486
108	98	0.689118
108	101	0.730273
108	132	3.56787
108	133	0.617116
108	138	0.673748
108	145	0.695348
108	150	0.68899
108	153	0.68857
108	157	0.676726
108	160	0.677719
108	162	0.627591
108	164	0.673502
108	165	0.711539
108	167	0.645204
108	169	0.649987
108	170	0.630702
108	174	0.632066
108	175	0.607428
108	176	0.617133
108	178	0.619998
108	179	0.62708
108	180	0.618931
109	6	0.739352
109	25	0.796014
109	34	0.795537
109	37	0.716717
109	49	0.780444
109	53	0.787236
109	75	0.747924
109	80	0.785315
109	85	0.777254
109	88	0.760864
109	90	0.768738
109	92	0.763232
109	96	0.757271
109	97	0.756368
109	99	0.757589
109	102	0.757727
109	103	1.85363
109	106	0.784084
109	112	2.04426
109	140	1.91504
109	142	0.765458
109	157	2.99479
109	174	3.87937
110	33	0.798151
110	42	0.778445
110	45	2.59409
110	49	0.774977
110	71	0.732645
110	74	0.793861
110	86	2.08402
110	105	0.740115
110	111	0.738639
110	122	3.20036
110	128	0.771623
110	130	0.769865
110	132	0.770801
110	134	0.752121
110	136	0.759845
110	137	1.62881
110	139	0.767505
110	146	0.777099
110	151	0.762268
110	154	0.760027
110	155	0.759141
110	161	0.790357
110	163	1.84179
111	13	0.776099
111	49	0.740389
111	66	0.660212
111	83	0.743521
111	110	0.738639
111	113	0.697111
111	119	1.83465
111	124	0.751428
111	132	0.736213
111	134	0.717534
111	136	0.725258
111	139	0.732918
111	140	0.737146
111	144	0.720943
111	146	0.742512
111	147	0.632612
111	151	0.727681
111	154	0.725439
111	155	0.724554
111	161	0.755769
111	164	3.15554
111	165	2.91265
111	174	4.61805
112	59	2.52495
112	109	2.04426
112	127	1.20961
112	136	2.11897
112	142	0.762016
112	156	0.713124
112	158	0.7171
112	162	0.696074
112	163	0.80305
112	164	0.741985
112	165	0.780022
112	166	0.695989
112	167	0.713687
112	169	0.71847
112	170	0.699185
112	171	0.755297
112	173	0.711158
112	174	0.700549
112	175	0.675911
112	176	0.685616
112	177	0.750878
112	178	0.688481
112	179	0.695563
112	180	0.687414
113	11	0.686922
113	24	0.770692
113	42	0.736916
113	98	2.871
113	104	0.742465
113	105	0.698586
113	111	0.697111
113	115	0.725483
113	118	0.726187
113	127	0.731314
113	130	0.728336
113	134	0.710592
113	139	0.725977
113	140	0.730205
113	142	2.52089
113	143	0.742301
113	144	0.714002
113	146	0.73557
113	147	0.62567
113	151	0.72074
113	154	0.718498
113	155	0.717613
113	168	2.53483
113	169	4.00654
114	35	2.3867
114	57	2.439
114	82	2.14919
114	154	1.77434
114	156	0.716454
114	157	0.748539
114	158	0.72043
114	162	0.699404
114	164	0.745315
114	165	0.783352
114	166	0.699318
114	167	0.717017
114	169	0.7218
114	170	0.702515
114	171	0.758627
114	172	0.760968
114	173	0.714487
114	174	0.703879
114	175	0.679241
114	176	0.688946
114	177	0.754208
114	178	0.691811
114	179	0.698893
114	180	0.690744
115	2	0.727092
115	5	0.804793
115	9	0.726084
115	30	0.785276
115	36	0.70084
115	55	0.751156
115	58	0.753443
115	64	0.813964
115	65	0.745408
115	83	0.771893
115	93	1.27376
115	100	0.745166
115	104	0.777778
115	113	0.725483
115	118	0.7615
115	132	0.764585
115	139	0.76129
115	141	2.0213
115	146	0.770884
115	151	0.756053
115	154	0.753812
115	171	1.79838
115	178	3.99801
115	179	3.96185
116	31	3.72675
116	45	0.699309
116	51	0.721112
116	68	2.25016
116	97	3.62309
116	123	0.739142
116	129	0.696532
116	137	0.768171
116	145	0.712962
116	153	0.706184
116	159	0.691518
116	160	0.695333
116	165	0.729153
116	167	0.662818
116	169	0.667601
116	170	0.648316
116	171	0.704428
116	173	0.660289
116	174	0.64968
116	176	0.634747
116	177	0.700009
116	178	0.637612
116	179	0.644694
116	180	0.636545
117	65	2.85353
117	70	2.10406
117	84	0.776282
117	149	0.7599
117	152	0.714314
117	154	2.31564
117	156	0.713074
117	159	0.742337
117	161	0.554134
117	162	0.696024
117	164	0.741935
117	165	0.779972
117	166	0.695939
117	167	0.713637
117	169	0.71842
117	170	0.699135
117	171	0.755247
117	172	0.757589
117	174	0.7005
117	175	0.675861
117	176	0.685566
117	178	0.688431
117	179	0.695514
117	180	0.687364
118	11	0.72294
118	71	0.727134
118	95	2.9705
118	104	0.778482
118	107	0.759882
118	113	0.726187
118	115	0.7615
118	128	0.766112
118	130	0.764354
118	132	0.76529
118	134	0.74661
118	136	0.754334
118	139	0.761994
118	143	0.778319
118	144	0.750019
118	146	0.771588
118	151	0.756757
118	152	3.57066
118	154	0.754516
118	155	0.75363
118	161	0.784846
118	165	1.41475
118	177	1.7243
118	179	3.48784
119	32	0.794461
119	54	2.22936
119	62	2.20099
119	111	1.83465
119	130	0.937645
119	136	1.17067
119	141	0.778259
119	149	0.794394
119	152	0.748809
119	156	0.747568
119	158	0.751544
119	162	0.730518
119	165	0.814467
119	166	0.730433
119	167	0.748132
119	169	0.752914
119	170	0.733629
119	171	0.789742
119	173	0.745602
119	174	0.734994
119	175	0.710356
119	176	0.72006
119	178	0.722926
119	179	0.730008
119	180	0.721859
120	9	3.178
120	17	2.70099
120	41	0.788149
120	64	1.19393
120	83	1.44304
120	87	0.775241
120	146	0.584148
120	152	0.736474
120	156	0.735234
120	157	0.767319
120	160	0.768312
120	163	0.82516
120	165	0.802132
120	166	0.718099
120	168	0.786872
120	169	0.74058
120	170	0.721295
120	171	0.777407
120	172	0.779749
120	174	0.72266
120	175	0.698021
120	176	0.707726
120	178	0.710591
120	179	0.717674
120	180	0.709524
121	13	2.64814
121	21	3.75264
121	124	2.79212
121	137	0.776006
121	138	0.699198
121	148	0.675646
121	153	0.714019
121	158	0.674066
121	159	0.699354
121	162	0.653041
121	164	0.698952
121	165	0.736989
121	166	0.652955
121	167	0.670654
121	168	0.721728
121	170	0.656151
121	171	0.712264
121	173	0.668124
121	174	0.657516
121	175	0.632878
121	176	0.642583
121	177	0.707845
121	178	0.645448
121	179	0.65253
121	180	0.644381
122	55	3.215
122	103	0.759675
122	110	3.20036
122	131	2.88816
122	148	0.674242
122	150	0.713036
122	152	0.669927
122	153	0.712615
122	156	0.668686
122	159	0.69795
122	162	0.651637
122	163	0.758613
122	165	0.735585
122	166	0.651551
122	167	0.66925
122	168	0.720324
122	170	0.654747
122	172	0.713201
122	173	0.66672
122	174	0.656112
122	175	0.631474
122	176	0.641179
122	178	0.644044
122	179	0.651126
122	180	0.642977
123	42	1.21763
123	85	2.62711
123	95	0.726068
123	101	0.811489
123	102	1.08816
123	107	2.77309
123	116	0.739142
123	129	0.760134
123	131	1.99755
123	138	0.754964
123	141	0.756547
123	145	0.776564
123	148	0.731412
123	158	0.729833
123	159	0.75512
123	162	0.708807
123	165	0.792755
123	166	0.708721
123	168	0.777494
123	171	0.76803
123	173	0.72389
123	176	0.698349
123	177	0.763611
123	178	0.701214
123	179	0.708296
123	180	0.700147
124	13	0.823475
124	24	0.82501
124	43	0.778013
124	55	0.770161
124	66	0.707589
124	71	0.745434
124	105	0.752904
124	107	0.778182
124	111	0.751428
124	121	2.79212
124	126	0.849435
124	127	0.785631
124	128	0.784412
124	130	0.782654
124	134	0.76491
124	139	0.780294
124	144	0.768319
124	146	0.789888
124	147	0.679988
124	151	0.775058
124	152	3.62173
124	153	1.59911
124	154	0.772816
124	155	0.77193
124	161	0.803146
124	163	0.773453
124	175	5.28323
125	17	3.70872
125	32	0.742315
125	55	2.84559
125	88	1.37173
125	100	2.87396
125	129	0.7297
125	138	0.72453
125	141	0.726113
125	145	0.74613
125	150	0.739772
125	152	0.696663
125	153	0.739351
125	162	0.678373
125	164	0.724284
125	166	0.678287
125	167	0.695986
125	169	0.700769
125	170	0.681483
125	171	0.737596
125	172	0.739937
125	173	0.693456
125	174	0.682848
125	175	0.65821
125	176	0.667915
125	178	0.67078
125	179	0.677862
125	180	0.669713
126	2	0.729842
126	5	0.807543
126	9	0.728834
126	14	3.44144
126	27	0.703005
126	30	0.788026
126	36	0.70359
126	47	3.5718
126	58	0.756193
126	64	0.816714
126	65	0.748158
126	70	1.34017
126	83	0.774644
126	100	0.747916
126	124	0.849435
126	134	1.10905
126	157	0.739718
126	160	0.740712
126	165	0.774531
126	166	0.690498
126	171	0.749806
126	173	0.705667
126	174	0.695059
126	175	0.67042
126	176	0.680125
126	178	0.68299
126	179	0.690073
126	180	0.681923
127	11	0.728066
127	33	0.797766
127	49	0.774592
127	55	0.756987
127	70	0.804494
127	83	0.777724
127	105	0.73973
127	107	0.765009
127	112	1.20961
127	113	0.731314
127	124	0.785631
127	128	0.771239
127	130	0.76948
127	132	0.770416
127	134	0.751737
127	139	0.767121
127	140	0.771349
127	143	0.783446
127	147	0.666815
127	151	0.761884
127	154	0.759642
127	155	0.758757
127	161	0.789972
127	165	1.33931
127	170	3.78381
127	171	1.24893
127	176	4.64997
127	179	3.41239
128	13	0.809083
128	42	0.776842
128	66	0.693196
128	70	0.803275
128	95	3.66626
128	104	0.78239
128	105	0.738511
128	107	0.76379
128	110	0.771623
128	118	0.766112
128	124	0.784412
128	127	0.771239
128	130	0.768262
128	132	0.769197
128	134	0.750518
128	137	1.20517
128	140	0.77013
128	144	0.753927
128	146	0.775496
128	147	0.665596
128	150	2.29815
128	151	0.760665
128	154	0.758423
128	155	0.757538
128	158	4.03295
128	161	0.788753
128	165	2.11052
128	171	2.02014
129	4	3.73802
129	64	2.72975
129	83	2.97886
129	116	0.696532
129	123	0.760134
129	125	0.7297
129	138	0.712354
129	141	0.713937
129	143	0.755979
129	145	0.733954
129	148	0.688802
129	149	0.730073
129	156	0.683246
129	157	0.715332
129	158	0.687223
129	161	1.23152
129	166	0.666111
129	167	0.68381
129	169	0.688593
129	170	0.669307
129	171	0.72542
129	173	0.68128
129	174	0.670672
129	175	0.646034
129	176	0.655739
129	177	0.721001
129	178	0.658604
129	179	0.665686
129	180	0.657537
130	11	0.725089
130	33	0.794789
130	55	0.75401
130	66	0.691438
130	74	0.7905
130	107	0.762032
130	110	0.769865
130	113	0.728336
130	118	0.764354
130	119	0.937645
130	124	0.782654
130	127	0.76948
130	128	0.768262
130	132	0.767439
130	134	0.748759
130	136	0.756484
130	139	0.764143
130	143	0.780468
130	144	0.752168
130	146	0.773737
130	147	0.663837
130	151	0.758907
130	154	0.756665
130	155	0.75578
130	160	2.65866
130	164	2.25853
130	168	1.76604
130	170	4.46014
130	174	3.72105
131	8	0.836365
131	20	0.735123
131	31	0.824463
131	35	0.821981
131	46	0.807683
131	47	0.736268
131	48	0.745008
131	54	0.800254
131	56	0.789325
131	59	0.791635
131	60	0.791307
131	63	0.787826
131	68	0.778474
131	69	0.831976
131	72	0.765138
131	73	0.765071
131	76	0.767081
131	81	0.81124
131	82	0.811304
131	91	0.729552
131	98	2.30852
131	122	2.88816
131	123	1.99755
131	142	1.95842
131	161	0.819679
131	163	1.52959
131	164	2.46485
131	168	0.792059
131	172	0.784936
132	3	0.138637
132	43	0.762798
132	66	0.692374
132	71	0.730219
132	74	0.791435
132	83	0.775683
132	104	0.781567
132	105	0.737689
132	108	3.56787
132	110	0.770801
132	111	0.736213
132	115	0.764585
132	118	0.76529
132	127	0.770416
132	128	0.769197
132	130	0.767439
132	134	0.749695
132	139	0.765079
132	143	0.781404
132	144	0.753104
132	146	0.774673
132	147	0.664773
132	151	0.759842
132	154	0.757601
132	155	0.756715
132	156	3.214
132	159	1.18359
132	166	2.84048
132	175	4.37367
133	7	0.735787
133	12	0.663592
133	16	0.755419
133	17	0.642973
133	22	0.649728
133	26	0.563713
133	52	0.700273
133	61	0.672055
133	77	0.722885
133	108	0.617116
133	136	0.670192
133	144	5.45238
133	147	0.577546
133	149	0.668271
133	153	0.665374
133	156	0.621445
133	161	4.34613
133	163	0.711371
133	164	0.650306
133	167	0.622008
133	169	0.626791
133	173	0.619479
133	174	0.608871
133	175	0.584232
133	176	0.593937
133	177	0.6592
133	178	0.596802
133	179	0.603885
133	180	0.595735
134	13	0.789581
134	19	2.35442
134	33	0.777045
134	66	0.673694
134	70	0.783773
134	74	0.772756
134	83	0.757003
134	104	0.762888
134	110	0.752121
134	111	0.717534
134	113	0.710592
134	118	0.74661
134	124	0.76491
134	126	1.10905
134	127	0.751737
134	128	0.750518
134	130	0.748759
134	132	0.749695
134	136	0.73874
134	140	0.750628
134	144	0.734425
134	146	0.755994
134	151	0.741163
134	154	0.738921
134	155	0.738036
134	159	2.35276
134	161	0.769251
134	177	2.03499
134	178	3.83468
134	180	3.81527
135	7	1.84035
135	18	3.27584
135	21	1.8184
135	22	2.80489
135	44	0.768248
135	60	1.86052
135	95	0.714133
135	137	0.819837
135	140	0.774557
135	152	0.715162
135	156	0.713921
135	158	0.717897
135	159	0.743185
135	162	0.696872
135	164	0.742783
135	165	0.78082
135	166	0.696786
135	167	0.714485
135	168	0.765559
135	169	0.719268
135	170	0.699982
135	171	0.756095
135	173	0.711955
135	174	0.701347
135	175	0.676709
135	176	0.686414
135	178	0.689279
135	179	0.696361
135	180	0.688212
136	7	0.812059
136	10	0.708371
136	12	0.739864
136	16	0.831691
136	17	0.719245
136	26	0.639985
136	27	0.693089
136	51	1.95769
136	52	0.776545
136	61	0.748327
136	66	0.681418
136	77	0.799156
136	110	0.759845
136	111	0.725258
136	112	2.11897
136	118	0.754334
136	119	1.17067
136	130	0.756484
136	133	0.670192
136	134	0.73874
136	139	0.754124
136	140	0.758352
136	144	0.742149
136	150	2.4363
136	151	0.748887
136	154	0.746646
136	155	0.74576
136	159	2.87599
136	163	0.787643
136	177	0.735471
136	178	4.35792
137	7	1.54293
137	24	1.94649
137	32	0.801778
137	38	3.02655
137	92	1.33991
137	105	2.11014
137	110	1.62881
137	116	0.768171
137	121	0.776006
137	128	1.20517
137	135	0.819837
137	141	0.785576
137	148	0.760441
137	153	0.798814
137	157	0.78697
137	158	0.758861
137	160	0.787964
137	162	0.737835
137	165	0.821784
137	166	0.73775
137	167	0.755449
137	168	0.806523
137	169	0.760231
137	171	0.797059
137	173	0.752919
137	174	0.742311
137	175	0.717672
137	176	0.727377
137	177	0.79264
137	178	0.730243
137	179	0.737325
137	180	0.729176
138	16	2.38322
138	59	3.56807
138	78	0.693231
138	105	3.9289
138	108	0.673748
138	121	0.699198
138	123	0.754964
138	125	0.72453
138	129	0.712354
138	147	0.634178
138	148	0.683633
138	149	0.724903
138	151	1.99775
138	153	0.722006
138	156	0.678077
138	158	0.682053
138	159	0.70734
138	160	0.711156
138	162	0.661027
138	166	0.660942
138	167	0.67864
138	169	0.683423
138	170	0.664138
138	171	0.72025
138	172	0.722592
138	173	0.676111
138	174	0.665503
138	175	0.640864
138	176	0.650569
138	178	0.653434
138	179	0.660517
138	180	0.652367
139	11	0.722729
139	22	0.733659
139	42	0.772723
139	43	0.759503
139	45	1.31386
139	55	0.75165
139	70	0.799157
139	74	0.78814
139	104	0.778272
139	107	0.759672
139	110	0.767505
139	111	0.732918
139	113	0.725977
139	115	0.76129
139	118	0.761994
139	124	0.780294
139	127	0.767121
139	130	0.764143
139	132	0.765079
139	136	0.754124
139	140	0.766012
139	143	0.778109
139	144	0.749809
139	146	0.771378
139	148	3.46602
139	151	0.756547
139	154	0.754305
139	155	0.75342
139	156	3.91167
139	165	1.25394
139	167	2.65602
139	172	1.67249
139	176	4.56459
140	31	2.03678
140	58	2.77839
140	59	2.39572
140	80	1.84825
140	81	2.22582
140	91	0.698736
140	107	0.7639
140	109	1.91504
140	111	0.737146
140	113	0.730205
140	127	0.771349
140	128	0.77013
140	134	0.750628
140	135	0.774557
140	136	0.758352
140	139	0.766012
140	144	0.754037
140	146	0.775606
140	151	0.760775
140	152	0.710845
140	154	0.758534
