1	10	1.47711
1	49	0.848912
1	59	0.813037
1	77	0.717771
1	110	1.67548
1	120	0.769707
1	122	0.803853
1	130	0.810082
1	131	0.804702
1	142	0.823418
1	155	0.808518
1	164	1.65376
2	59	0.909944
2	67	1.20657
2	76	0.870968
2	87	0.896335
2	109	0.913514
2	127	0.894208
2	142	0.920325
2	155	0.905426
2	156	1.28
2	163	1.11509
2	168	0.889279
2	176	1.20619
3	14	1.15649
3	17	1.14859
3	83	1.38312
3	164	0.910603
3	167	1.10064
3	169	0.900153
3	171	0.890106
3	172	0.883691
3	174	0.910489
3	175	0.904914
3	177	0.907834
3	180	0.892211
4	44	1.61787
4	127	1.59752
4	138	0.802916
4	151	1.5774
4	171	0.788404
4	172	0.781989
4	174	0.808787
4	176	0.812142
4	177	0.806132
4	178	0.806134
4	179	0.802986
4	180	0.790509
5	34	0.783398
5	36	0.759636
5	75	0.915631
5	78	0.799793
5	82	0.808099
5	89	0.792324
5	92	0.780677
5	107	0.788498
5	113	1.44095
5	114	1.69355
5	168	0.771945
5	169	1.67212
6	33	1.68053
6	108	1.59001
6	151	1.52324
6	161	0.814827
6	162	0.802018
6	171	0.783841
6	174	0.804224
6	176	0.807579
6	177	0.80157
6	178	0.801571
6	179	0.798424
6	180	0.785946
7	16	0.799704
7	34	0.793003
7	78	0.809398
7	81	0.808327
7	82	0.817704
7	89	0.801929
7	92	0.790282
7	107	0.798103
7	127	1.61398
7	163	1.58619
7	168	0.78155
7	174	1.60128
8	18	0.890435
8	78	0.917416
8	81	0.916346
8	89	0.909948
8	92	0.898301
8	107	0.906121
8	116	0.871863
8	163	1.15365
8	168	0.889569
8	173	1.17254
8	176	1.24475
8	177	1.23649
9	13	1.17428
9	123	0.914291
9	147	0.92446
9	148	0.878913
9	150	1.17751
9	151	0.913812
9	152	0.904378
9	154	0.874389
9	157	0.884981
9	158	0.904775
9	162	1.26061
9	164	1.19565
10	1	1.47711
10	38	0.877449
10	119	1.0828
10	142	1.04226
10	146	1.19244
10	148	0.895202
10	149	0.895591
10	158	0.921065
10	165	0.906205
10	167	0.91091
10	171	0.895736
10	180	0.897841
11	62	0.8086
11	85	0.818154
11	88	0.791052
11	121	0.840334
11	124	0.774174
11	149	0.781579
11	159	1.56414
11	166	0.805496
11	167	0.796898
11	170	0.783714
11	172	1.65851
11	179	1.5835
12	19	0.800791
12	67	1.32753
12	76	0.847247
12	122	0.87704
12	127	0.870487
12	130	0.883268
12	131	0.877889
12	142	0.896604
12	146	0.864968
12	150	1.25519
12	155	0.881705
12	165	1.30947
12	179	1.31597
13	9	1.17428
13	16	1.22783
13	48	1.57874
13	121	0.906975
13	123	1.21482
13	141	0.849292
13	143	0.864389
13	144	0.90303
13	160	0.854258
13	167	0.86354
13	172	0.841951
13	177	0.866094
13	180	0.850471
14	3	1.15649
14	52	0.899728
14	96	1.39109
14	108	0.874808
14	124	0.846602
14	128	0.863693
14	140	0.864441
14	149	0.854007
14	153	0.871253
14	167	0.869326
14	170	0.856142
14	174	1.26105
14	180	1.39831
15	26	0.792379
15	47	1.16611
15	105	1.35489
15	117	1.24163
15	119	0.882043
15	135	0.900251
15	136	0.847539
15	139	0.837165
15	141	0.862746
15	143	0.877844
15	144	0.916485
15	168	1.43806
15	173	0.883547
16	7	0.799704
16	13	1.22783
16	18	0.850859
16	75	0.993678
16	78	0.87784
16	89	0.870371
16	92	0.858725
16	107	0.866545
16	116	0.832286
16	128	1.32527
16	156	1.37682
16	159	1.27247
16	168	0.849993
17	3	1.14859
17	63	0.873431
17	96	1.38319
17	112	1.40024
17	117	0.883374
17	147	0.889815
17	148	0.844268
17	151	0.879167
17	152	0.869733
17	154	0.839745
17	157	0.850336
17	158	0.870131
17	164	1.27534
18	8	0.890435
18	16	0.850859
18	27	0.839056
18	36	0.820396
18	54	1.4356
18	75	0.976391
18	81	0.859482
18	82	0.868859
18	89	0.853084
18	92	0.841438
18	95	1.31482
18	175	1.23488
18	176	1.22398
19	12	0.800791
19	76	0.748761
19	98	0.815435
19	109	0.791307
19	120	0.744408
19	127	0.772001
19	130	0.784782
19	146	0.766482
19	155	0.783219
19	162	1.77264
19	165	1.74382
19	166	0.792815
19	173	1.68929
20	111	1.39019
20	117	0.882684
20	123	0.878955
20	147	0.889124
20	148	0.843577
20	151	0.878476
20	152	0.869043
20	154	0.839054
20	157	0.849646
20	158	0.86944
20	169	1.26914
20	174	1.24082
20	177	1.30858
21	43	1.23477
21	133	0.85183
21	144	1.28543
21	145	1.34988
21	147	1.32166
21	165	0.867147
21	172	0.850263
21	175	0.871486
21	176	0.880416
21	177	0.874406
21	178	0.874408
21	179	0.87126
21	180	0.858783
22	76	0.84312
22	88	1.36078
22	109	0.885666
22	120	0.838767
22	127	0.86636
22	131	0.873761
22	142	0.892477
22	146	0.860841
22	155	0.877578
22	163	1.22434
22	168	0.861431
22	170	1.31379
22	179	1.30426
23	24	1.2236
23	62	0.883804
23	80	1.26196
23	83	0.819274
23	101	1.47464
23	103	1.24992
23	124	0.849378
23	125	0.876782
23	134	0.851899
23	145	0.887406
23	166	0.8807
23	167	0.872102
23	173	0.878655
24	23	1.2236
24	136	1.41291
24	157	1.26307
24	160	1.29437
24	171	0.855038
24	172	0.848623
24	174	0.875421
24	175	0.869846
24	176	0.878775
24	177	0.872766
24	178	0.872768
24	179	0.86962
24	180	0.857143
25	45	1.36759
25	63	1.27108
25	76	1.37361
25	98	1.17826
25	161	0.884214
25	164	0.873724
25	171	0.853228
25	172	0.846813
25	176	0.876965
25	177	0.870956
25	178	0.870957
25	179	0.86781
25	180	0.855333
26	15	0.792379
26	53	0.738673
26	67	1.72564
26	115	0.808157
26	116	1.76476
26	135	0.80477
26	136	0.752058
26	137	0.791648
26	139	0.741684
26	141	0.767265
26	143	0.782363
26	144	0.821004
26	178	1.71601
27	18	0.839056
27	34	0.849642
27	75	0.981875
27	78	0.866037
27	81	0.864967
27	89	0.858569
27	92	0.846922
27	107	0.854742
27	113	1.08926
27	139	1.54117
27	163	1.27701
27	168	0.83819
27	173	1.2959
28	39	0.839549
28	50	1.23276
28	123	0.884347
28	147	0.894516
28	148	0.848969
28	151	0.883868
28	152	0.874435
28	154	0.844446
28	157	0.855038
28	158	0.874832
28	170	1.3283
28	171	1.38907
28	173	1.25775
29	89	1.45297
29	117	1.34818
29	127	1.38759
29	137	1.40351
29	162	0.846369
29	169	0.838239
29	171	0.828193
29	172	0.821778
29	174	0.848576
29	176	0.85193
29	177	0.845921
29	178	0.845922
29	179	0.842775
29	180	0.830298
30	38	1.45616
30	128	1.372
30	129	1.38049
30	160	1.38396
30	171	0.827362
30	172	0.820946
30	173	0.849088
30	174	0.847745
30	175	0.84217
30	176	0.851099
30	177	0.84509
30	178	0.845091
30	179	0.841944
30	180	0.829466
31	135	0.958416
31	136	0.905704
31	137	0.945294
31	139	0.89533
31	141	0.920911
31	143	0.936009
31	144	0.97465
31	161	1.09396
31	163	1.0385
31	168	1.22332
31	170	0.921975
31	173	0.941712
31	176	1.1296
31	178	1.12036
32	79	1.58187
32	113	1.13881
32	115	0.865773
32	119	0.844178
32	135	0.862386
32	136	0.809674
32	137	0.849264
32	139	0.7993
32	141	0.824881
32	143	0.839979
32	144	0.87862
32	170	0.825945
32	178	1.40842
32	180	1.47891
33	6	1.68053
33	51	1.23526
33	60	0.848766
33	115	0.867287
33	119	0.845692
33	136	0.811187
33	137	0.850777
33	139	0.800813
33	141	0.826394
33	143	0.841492
33	144	0.880133
33	169	1.32586
33	170	0.827458
33	177	1.3653
34	5	0.783398
34	7	0.793003
34	27	0.849642
34	36	0.830982
34	78	0.871139
34	82	0.879445
34	89	0.86367
34	94	1.36986
34	107	0.859844
34	116	0.825585
34	156	1.47701
34	161	1.36757
34	168	0.843292
34	178	1.39397
35	61	1.35935
35	106	0.840873
35	108	0.848333
35	121	0.886287
35	124	0.820127
35	129	0.839813
35	134	0.822648
35	140	0.837966
35	149	0.827532
35	159	1.39908
35	160	0.833569
35	167	0.842851
35	176	1.42962
35	178	1.42038
36	5	0.759636
36	18	0.820396
36	34	0.830982
36	65	1.40109
36	75	0.963215
36	79	1.53965
36	81	0.846306
36	82	0.855683
36	89	0.839908
36	92	0.828262
36	106	1.3739
36	107	0.836082
36	163	1.28434
36	168	0.81953
37	101	0.807402
37	119	1.37387
37	121	1.26565
37	139	1.53336
37	149	1.42016
37	162	0.848773
37	165	0.841066
37	169	0.840643
37	171	0.830597
37	174	0.85098
37	176	0.854334
37	178	0.848326
37	179	0.845179
37	180	0.832701
38	10	0.877449
38	30	1.45616
38	84	1.33784
38	85	0.853923
38	90	0.82298
38	121	0.876103
38	125	0.837347
38	128	0.827034
38	129	0.829629
38	147	1.34252
38	160	0.823385
38	167	0.832667
38	170	0.819483
38	171	1.46521
39	28	0.839549
39	46	1.637
39	56	0.789407
39	113	1.14186
39	123	0.860671
39	147	0.87084
39	148	0.825293
39	151	0.860192
39	152	0.850759
39	154	0.82077
39	157	0.831362
39	158	0.851156
39	176	1.42071
39	179	1.40953
40	63	1.11201
40	120	1.33722
40	121	0.97118
40	124	1.18883
40	151	0.982406
40	165	0.933834
40	169	0.933411
40	171	0.923365
40	172	0.91695
40	174	0.943748
40	175	0.938173
40	176	0.947102
40	179	0.937947
40	180	0.92547
41	64	1.38844
41	106	1.38352
41	130	1.4613
41	142	1.35809
41	161	0.85473
41	164	0.844241
41	171	0.823744
41	174	0.844128
41	175	0.838553
41	176	0.847482
41	177	0.841473
41	178	0.841474
41	179	0.838327
41	180	0.825849
42	74	1.53873
42	87	1.38392
42	133	0.823553
42	144	1.23772
42	154	1.43329
42	161	0.859387
42	171	0.828401
42	172	0.821986
42	174	0.848784
42	176	0.852139
42	177	0.846129
42	178	0.846131
42	179	0.842983
42	180	0.830506
43	21	1.23477
43	52	0.958969
43	69	0.961731
43	86	0.915808
43	88	0.922721
43	121	0.972003
43	129	0.925529
43	145	0.94387
43	149	0.913248
43	160	0.919285
43	161	1.11358
43	167	0.928567
43	175	1.16012
43	179	1.13803
44	4	1.61787
44	46	1.47302
44	72	0.813869
44	73	0.877901
44	108	0.843703
44	121	0.881657
44	128	0.832588
44	129	0.835183
44	149	0.822902
44	160	0.828939
44	167	0.838221
44	170	0.825037
44	175	1.26764
44	177	1.24848
45	25	1.36759
45	74	0.804223
45	117	0.859992
45	123	0.856264
45	147	0.866433
45	148	0.820886
45	151	0.855785
45	152	0.846351
45	154	0.816363
45	157	0.826955
45	158	0.846749
45	170	1.44072
45	174	1.36637
45	179	1.43119
46	39	1.637
46	44	1.47302
46	135	1.39654
46	142	1.48901
46	150	0.834353
46	156	0.808154
46	161	0.833145
46	164	0.822656
46	165	0.812628
46	171	0.802159
46	175	0.816967
46	176	0.825896
46	177	0.819887
46	178	0.819889
46	180	0.804264
47	15	1.16611
47	59	1.1371
47	118	0.928895
47	120	1.39284
47	130	1.1977
47	143	1.10055
47	148	0.889025
47	154	0.884502
47	157	0.895094
47	167	0.904733
47	172	0.883144
47	173	0.911286
47	175	0.904367
47	178	0.907289
47	180	0.891664
48	13	1.57874
48	68	0.802903
48	71	0.784877
48	85	1.54162
48	99	1.50761
48	100	0.835013
48	113	1.37508
48	147	0.849012
48	148	0.803465
48	151	0.838364
48	152	0.82893
48	154	0.798942
48	157	0.809534
48	158	0.829328
48	159	0.819632
49	1	0.848912
49	59	0.909044
49	80	1.19201
49	98	0.936742
49	102	0.928448
49	120	0.865715
49	125	1.21269
49	127	0.893308
49	130	0.906089
49	142	0.919425
49	146	0.887789
49	153	1.16568
49	155	0.904526
49	160	1.22738
49	175	1.20408
50	28	1.23276
50	64	1.20587
50	129	1.23323
50	135	1.08305
50	138	0.897996
50	150	0.915678
50	160	1.2367
50	161	0.91447
50	165	0.893953
50	169	0.89353
50	175	0.898292
50	177	0.901212
50	178	0.901213
50	179	0.898066
50	180	0.885589
51	33	1.23526
51	82	1.15664
51	128	1.18365
51	131	0.89766
51	134	1.29106
51	145	1.12602
51	146	0.88474
51	152	0.912232
51	155	0.901476
51	157	0.892835
51	158	0.912629
51	175	0.902109
51	178	0.90503
51	179	0.901883
51	180	0.889405
52	14	0.899728
52	43	0.958969
52	86	0.883772
52	103	1.16613
52	106	0.894553
52	125	0.901211
52	140	0.891646
52	149	0.881212
52	160	0.887249
52	162	1.19048
52	166	0.905129
52	167	0.896531
52	172	1.24317
52	178	1.1701
52	180	1.24059
53	26	0.738673
53	79	1.66344
53	84	1.43097
53	115	0.849932
53	119	0.828337
53	135	0.846545
53	136	0.793833
53	137	0.833423
53	139	0.783459
53	141	0.80904
53	143	0.824138
53	144	0.862779
53	173	0.829841
53	174	1.42322
53	177	1.49097
54	18	1.4356
54	56	1.67282
54	135	1.39187
54	162	0.824278
54	167	1.49282
54	169	0.816148
54	171	0.806102
54	172	0.799687
54	174	0.826485
54	175	0.82091
54	176	0.829839
54	177	0.82383
54	178	0.823831
54	179	0.820684
54	180	0.808207
55	63	0.8227
55	99	1.42462
55	104	0.827661
55	117	0.832644
55	123	0.828915
55	147	0.839084
55	148	0.793537
55	151	0.828436
55	152	0.819003
55	154	0.789014
55	157	0.799606
55	158	0.8194
55	169	1.52324
55	173	1.49872
55	178	1.56169
56	39	0.789407
56	54	1.67282
56	63	0.82799
56	96	1.51523
56	104	0.832951
56	147	0.844374
56	148	0.798827
56	151	0.833726
56	152	0.824293
56	153	1.43371
56	154	0.794304
56	157	0.804896
56	158	0.82469
56	163	0.824541
56	174	1.38519
57	94	1.25206
57	115	0.897984
57	119	0.876389
57	135	0.894596
57	136	0.841885
57	137	0.881475
57	139	0.831511
57	141	0.857092
57	143	0.87219
57	144	0.91083
57	162	1.29654
57	166	1.28563
57	170	0.858156
57	173	0.877893
57	175	1.2963
57	177	1.27714
58	81	1.53863
58	102	1.61465
58	115	1.57745
58	118	0.824296
58	143	1.66075
58	152	0.809892
58	154	0.779903
58	157	0.790495
58	158	0.810289
58	162	0.803137
58	167	0.800134
58	168	0.78299
58	173	0.806687
58	174	0.805343
58	175	0.799768
58	180	0.787065
59	1	0.813037
59	2	0.909944
59	47	1.1371
59	49	0.909044
59	98	0.900867
59	109	0.876739
59	122	0.863986
59	127	0.857433
59	131	0.864834
59	142	0.88355
59	146	0.851914
59	149	1.37519
59	153	1.28784
59	155	0.868651
59	163	1.22423
59	172	1.37917
60	33	0.848766
60	85	1.16764
60	111	1.35331
60	115	0.900897
60	119	0.879302
60	135	0.897509
60	136	0.844797
60	137	0.884387
60	139	0.834423
60	141	0.860004
60	143	0.875102
60	144	0.913743
60	145	1.24459
60	156	1.35376
60	166	1.28018
60	170	0.861068
61	35	1.35935
61	101	0.840799
61	104	1.18125
61	134	1.35909
61	156	0.869989
61	160	1.26363
61	161	0.89498
61	164	0.88449
61	166	1.22965
61	169	0.87404
61	171	0.863994
61	172	0.857579
61	176	0.887731
61	177	0.881722
61	179	0.878576
61	180	0.866099
62	11	0.8086
62	23	0.883804
62	94	1.24978
62	106	0.875853
62	125	0.882511
62	140	0.872945
62	145	0.893134
62	149	0.862511
62	159	1.25258
62	160	0.868548
62	162	1.29427
62	163	0.887837
62	166	0.886428
62	167	0.87783
62	171	1.34223
62	179	1.27194
63	17	0.873431
63	25	1.27108
63	40	1.11201
63	55	0.8227
63	56	0.82799
63	100	0.895424
63	112	1.41695
63	147	0.909423
63	148	0.863876
63	151	0.898775
63	152	0.889342
63	154	0.859353
63	157	0.869945
63	158	0.889739
63	174	1.26985
63	178	1.33662
64	41	1.38844
64	50	1.20587
64	87	0.868199
64	105	1.31363
64	109	0.885378
64	120	0.838479
64	122	0.872625
64	127	0.866072
64	130	0.878854
64	131	0.873474
64	142	0.892189
64	143	1.28217
64	146	0.860554
64	155	0.87729
64	163	1.21198
64	166	0.886886
65	36	1.40109
65	113	1.04648
65	114	1.29907
65	115	0.896744
65	119	0.875149
65	135	0.893356
65	136	0.840644
65	137	0.880234
65	139	0.830271
65	141	0.855852
65	143	0.870949
65	144	0.90959
65	159	0.870559
65	173	0.876652
65	175	1.33624
65	176	1.32533
66	77	0.765911
66	78	0.868359
66	89	0.860891
66	102	0.880581
66	107	0.857064
66	111	1.4264
66	146	0.839922
66	151	0.876848
66	153	1.32555
66	154	0.837425
66	155	0.856658
66	157	0.848017
66	158	0.867811
66	164	1.29923
66	168	0.840512
66	177	1.34479
66	180	1.4143
67	2	1.20657
67	12	1.32753
67	26	1.72564
67	132	0.836871
67	147	1.23649
67	164	0.859361
67	165	0.849333
67	166	1.30029
67	171	0.838864
67	172	0.832449
67	174	0.859247
67	175	0.853672
67	176	0.862601
67	177	0.856592
67	178	0.856594
67	179	0.853446
67	180	0.840969
68	48	0.802903
68	74	0.817488
68	100	0.865699
68	104	0.868275
68	108	1.35684
68	117	0.873258
68	126	1.35661
68	147	0.879698
68	148	0.834151
68	151	0.86905
68	152	0.859617
68	154	0.829628
68	157	0.84022
68	158	0.860014
68	165	1.35582
68	170	1.37185
68	177	1.36525
69	43	0.961731
69	125	1.13172
69	128	1.13446
69	133	0.912694
69	134	1.24187
69	157	1.11511
69	164	0.938038
69	165	0.928011
69	168	1.20592
69	171	0.917542
69	172	0.911127
69	174	0.937925
69	175	0.93235
69	177	0.93527
69	178	0.935271
69	179	0.932124
69	180	0.919647
70	71	0.816315
70	74	0.81824
70	100	0.866451
70	113	1.14554
70	123	0.870281
70	124	1.54739
70	147	0.88045
70	148	0.834903
70	151	0.869802
70	152	0.860369
70	154	0.83038
70	157	0.840972
70	158	0.860766
70	159	0.85107
70	173	1.35219
70	174	1.34839
70	179	1.41321
71	48	0.784877
71	70	0.816315
71	74	0.799462
71	100	0.847673
71	104	0.850249
71	117	0.855231
71	133	1.43527
71	141	1.45364
71	147	0.861672
71	148	0.816125
71	151	0.851024
71	152	0.84159
71	154	0.811602
71	157	0.822193
71	158	0.841988
71	170	1.39612
71	172	1.46161
71	180	1.45902
72	44	0.813869
72	73	0.881456
72	79	0.793112
72	83	0.788948
72	96	1.50794
72	99	1.30759
72	108	0.847258
72	124	0.819052
72	126	1.43702
72	134	0.821574
72	145	0.85708
72	149	0.826457
72	160	0.832495
72	167	0.841776
72	170	0.828592
72	171	1.51302
72	173	0.848329
72	177	1.44565
73	44	0.877901
73	72	0.881456
73	75	0.918566
73	86	0.893049
73	90	0.896121
73	91	1.29327
73	97	1.34221
73	110	1.15594
73	118	0.92997
73	125	0.910489
73	129	0.902771
73	140	0.900923
73	160	0.896526
73	167	0.905808
73	170	0.892624
73	171	1.24714
73	172	1.25187
73	173	0.912361
74	42	1.53873
74	45	0.804223
74	68	0.817488
74	70	0.81824
74	71	0.799462
74	113	1.22203
74	114	1.47462
74	117	0.857156
74	147	0.863597
74	148	0.81805
74	151	0.852949
74	152	0.843515
74	153	1.47339
74	154	0.813526
74	157	0.824118
74	158	0.843912
74	163	0.843764
74	170	1.49923
75	5	0.915631
75	16	0.993678
75	18	0.976391
75	27	0.981875
75	36	0.963215
75	73	0.918566
75	78	1.00337
75	81	1.0023
75	82	1.01168
75	92	0.984257
75	97	1.18439
75	107	0.992077
75	112	1.1013
75	123	1.02054
75	144	0.930405
75	168	0.975525
75	173	0.958009
75	180	1.09147
76	2	0.870968
76	12	0.847247
76	19	0.748761
76	22	0.84312
76	25	1.37361
76	98	0.861891
76	102	0.853597
76	120	0.790864
76	130	0.831238
76	131	0.825858
76	133	1.48589
76	142	0.844574
76	146	0.812938
76	155	0.829675
76	166	0.839271
76	172	1.51223
76	173	1.37619
76	175	1.4593
77	1	0.717771
77	66	0.765911
77	93	1.76495
77	96	0.760157
77	98	0.805602
77	102	0.797308
77	109	0.781474
77	122	0.76872
77	130	0.774949
77	131	0.769569
77	142	0.788285
77	146	0.756649
77	155	0.773385
77	157	1.83837
77	166	0.782981
77	168	0.757239
77	170	1.83382
77	173	1.76326
78	5	0.799793
78	7	0.809398
78	8	0.917416
78	16	0.87784
78	27	0.866037
78	34	0.871139
78	66	0.868359
78	75	1.00337
78	81	0.886463
78	82	0.89584
78	92	0.868418
78	107	0.876239
78	153	1.24373
78	164	1.2174
78	166	1.27145
78	168	0.859686
78	170	1.26957
78	172	1.33506
78	176	1.27122
79	32	1.58187
79	36	1.53965
79	53	1.66344
79	72	0.793112
79	108	0.822946
79	129	0.814426
79	131	0.812649
79	135	1.34446
79	142	0.831365
79	145	0.832768
79	146	0.799729
79	155	0.816466
79	157	1.4668
79	165	0.812759
79	167	0.817464
79	172	0.795875
79	176	0.826027
79	177	0.820018
79	180	0.804395
80	23	1.26196
80	49	1.19201
80	89	1.3006
80	110	0.877223
80	121	1.20387
80	138	0.878665
80	141	1.35439
80	161	0.895139
80	165	0.874622
80	167	1.28004
80	169	0.874199
80	171	0.864153
80	172	0.857738
80	174	0.884536
80	175	0.878961
80	176	0.88789
80	178	0.881882
80	179	0.878735
80	180	0.866258
81	7	0.808327
81	8	0.916346
81	18	0.859482
81	27	0.864967
81	36	0.846306
81	58	1.53863
81	75	1.0023
81	78	0.886463
81	82	0.89477
81	89	0.878995
81	91	1.26189
81	92	0.867348
81	101	1.36817
81	107	0.875168
81	116	0.84091
81	138	1.18718
81	153	1.12917
81	159	1.12612
81	168	0.858616
82	5	0.808099
82	7	0.817704
82	18	0.868859
82	34	0.879445
82	36	0.855683
82	51	1.15664
82	75	1.01168
82	78	0.89584
82	81	0.89477
82	89	0.888372
82	92	0.876725
82	95	1.38577
82	107	0.884545
82	115	1.19073
82	116	0.850287
82	133	1.33243
82	168	0.867993
82	169	1.24724
82	170	1.29328
83	3	1.38312
83	23	0.819274
83	72	0.788948
83	95	1.65452
83	106	0.811323
83	118	0.837462
83	121	0.856736
83	128	0.807667
83	129	0.810263
83	140	0.808415
83	145	0.828604
83	149	0.797981
83	160	0.804018
83	161	1.52805
83	167	0.8133
83	168	0.796156
83	173	0.819853
83	174	1.48768
83	177	1.55543
84	38	1.33784
84	53	1.43097
84	102	1.16442
84	127	1.16812
84	140	1.25984
84	150	0.895435
84	164	0.883738
84	165	0.87371
84	166	1.23165
84	169	0.873288
84	171	0.863241
84	172	0.856826
84	174	0.883624
84	175	0.878049
84	176	0.886978
84	177	0.880969
84	178	0.880971
84	179	0.877823
84	180	0.865346
85	11	0.818154
85	38	0.853923
85	48	1.54162
85	60	1.16764
85	86	0.874625
85	95	1.27821
85	105	1.19792
85	121	0.93082
85	124	0.86466
85	128	0.881751
85	134	0.867181
85	140	0.882499
85	153	0.889312
85	160	0.878102
85	163	0.897391
85	167	0.887384
85	170	0.8742
85	171	1.24648
85	179	1.17619
86	43	0.915808
86	52	0.883772
86	73	0.893049
86	85	0.874625
86	90	0.843683
86	93	0.849738
86	119	1.33063
86	124	0.830645
86	131	1.37608
86	134	0.833167
86	140	0.848484
86	149	0.83805
86	153	0.855297
86	160	0.844088
86	165	1.29938
86	167	0.853369
86	168	0.836225
86	171	1.37617
86	176	1.31706
86	179	1.30588
87	2	0.896335
87	42	1.38392
87	64	0.868199
87	98	0.887258
87	109	0.86313
87	110	1.31398
87	120	0.81623
87	122	0.850376
87	127	0.843824
87	130	0.856605
87	131	0.851225
87	137	1.29869
87	140	1.37449
87	142	0.869941
87	146	0.838305
87	155	0.855041
87	166	0.864637
87	168	0.838895
87	173	1.27387
87	175	1.35698
88	11	0.791052
88	22	1.36078
88	43	0.922721
88	90	0.850596
88	106	0.858305
88	108	0.865765
88	124	0.837559
88	125	0.864963
88	134	0.84008
88	145	0.875586
88	149	0.844964
88	160	0.851001
88	161	1.30939
88	162	1.35617
88	163	0.870289
88	164	1.29121
88	167	0.860283
88	173	0.866836
88	175	1.35593
88	177	1.33677
89	5	0.792324
89	7	0.801929
89	8	0.909948
89	16	0.870371
89	18	0.853084
89	27	0.858569
89	29	1.45297
89	34	0.86367
89	36	0.839908
89	66	0.860891
89	80	1.3006
89	81	0.878995
89	82	0.888372
89	92	0.86095
89	107	0.86877
89	168	0.852218
89	170	1.30011
89	171	1.36087
89	173	1.22955
89	180	1.36301
90	38	0.82298
90	73	0.896121
90	86	0.843683
90	88	0.850596
90	95	1.42134
90	108	0.861924
90	118	0.880604
90	128	0.850808
90	129	0.853404
90	145	0.871745
90	149	0.841123
90	153	0.858369
90	156	1.4043
90	160	0.84716
90	166	0.86504
90	167	0.856442
90	169	1.2828
90	174	1.25449
90	176	1.3305
90	179	1.31932
91	73	1.29327
91	81	1.26189
91	93	1.3344
91	142	1.37796
91	143	1.38401
91	147	1.34134
91	156	0.851612
91	162	0.863793
91	164	0.866113
91	169	0.855663
91	170	0.847607
91	171	0.845617
91	172	0.839202
91	174	0.866
91	175	0.860425
91	176	0.869354
91	177	0.863345
91	178	0.863346
91	179	0.860199
91	180	0.847722
92	5	0.780677
92	7	0.790282
92	8	0.898301
92	16	0.858725
92	18	0.841438
92	27	0.846922
92	36	0.828262
92	75	0.984257
92	78	0.868418
92	81	0.867348
92	82	0.876725
92	89	0.86095
92	107	0.857124
92	138	1.34308
92	154	1.40831
92	161	1.27693
92	165	1.29488
92	168	0.840571
92	170	1.31091
92	180	1.37381
93	77	1.76495
93	86	0.849738
93	91	1.3344
93	106	0.86052
93	125	0.867178
93	126	1.21228
93	128	0.856864
93	129	0.85946
93	131	1.28818
93	134	0.842294
93	140	0.857612
93	145	0.877801
93	149	0.847178
93	153	0.864425
93	160	0.853215
93	161	1.19353
93	165	1.21149
93	168	0.845352
93	170	0.849313
93	173	0.86905
94	34	1.36986
94	57	1.25206
94	62	1.24978
94	130	1.34259
94	136	1.41909
94	156	0.849851
94	161	0.874842
94	162	0.862032
94	164	0.864352
94	165	0.854325
94	168	1.36006
94	169	0.853902
94	171	0.843856
94	172	0.837441
94	174	0.864239
94	176	0.867593
94	177	0.861584
94	178	0.861585
94	179	0.858438
94	180	0.845961
95	18	1.31482
95	82	1.38577
95	83	1.65452
95	85	1.27821
95	90	1.42134
95	137	1.34314
95	150	0.858026
95	156	0.831827
95	161	0.856818
95	162	0.844008
95	165	0.836301
95	169	0.835878
95	171	0.825832
95	172	0.819417
95	174	0.846215
95	175	0.84064
95	176	0.849569
95	177	0.84356
95	178	0.843561
95	179	0.840414
95	180	0.827937
96	14	1.39109
96	17	1.38319
96	56	1.51523
96	72	1.50794
96	77	0.760157
96	120	0.812094
96	122	0.846239
96	135	0.875159
96	136	0.822447
96	139	0.812074
96	143	0.852752
96	144	0.891393
96	151	1.27029
96	152	1.32861
96	155	0.850904
96	168	0.834758
96	171	0.836729
96	175	0.851537
96	176	0.860466
96	178	0.854458
96	180	0.838833
97	73	1.34221
97	75	1.18439
97	123	1.44418
97	132	0.828112
97	133	0.825257
97	155	1.48119
97	156	0.836101
97	160	1.48807
97	162	0.848282
97	164	0.850602
97	165	0.840575
97	166	1.45409
97	169	0.840152
97	171	0.830105
97	172	0.82369
97	174	0.850489
97	175	0.844914
97	176	0.853843
97	177	0.847834
97	178	0.847835
97	180	0.83221
98	19	0.815435
98	25	1.17826
98	49	0.936742
98	59	0.900867
98	76	0.861891
98	77	0.805602
98	87	0.887258
98	101	1.46456
98	120	0.857538
98	122	0.891683
98	123	1.24337
98	127	0.885131
98	130	0.897912
98	131	0.892532
98	142	0.911248
98	143	1.23214
98	146	0.879612
98	155	0.896349
98	164	1.19923
98	168	0.880202
98	177	1.24479
98	178	1.24381
99	48	1.50761
99	55	1.42462
99	72	1.30759
99	100	1.13758
99	125	1.17288
99	130	0.888456
99	131	0.883076
99	136	0.858435
99	137	0.898025
99	139	0.848061
99	141	0.873642
99	142	0.901792
99	143	0.88874
99	146	0.870156
99	147	1.08979
99	155	0.886892
99	158	1.15247
99	162	0.890893
99	165	0.883186
99	172	0.866301
99	175	0.887524
99	180	0.874821
100	48	0.835013
100	63	0.895424
100	68	0.865699
100	70	0.866451
100	71	0.847673
100	99	1.13758
100	104	0.900385
100	107	1.27885
100	110	1.25181
100	123	0.901639
100	126	1.26701
100	138	1.31442
100	147	0.911808
100	148	0.866261
100	151	0.90116
100	152	0.891727
100	154	0.861738
100	157	0.87233
100	158	0.892124
100	166	0.890567
100	172	1.34773
100	173	1.21169
101	23	1.47464
101	37	0.807402
101	61	0.840799
101	81	1.36817
101	98	1.46456
101	117	1.40848
101	122	1.53595
101	129	1.54194
101	133	0.807738
101	156	0.818581
101	161	0.843572
101	162	0.830762
101	164	0.833082
101	165	0.823055
101	169	0.822632
101	172	0.806171
101	175	0.827394
101	176	0.836323
101	177	0.830314
101	178	0.830315
101	179	0.827168
101	180	0.814691
102	49	0.928448
102	58	1.61465
102	66	0.880581
102	76	0.853597
102	77	0.797308
102	84	1.16442
102	109	0.896143
102	113	0.926364
102	120	0.849244
102	122	0.883389
102	127	0.876837
102	130	0.889618
102	131	0.884238
102	142	0.902954
102	146	0.871318
102	155	0.888055
102	163	1.14158
102	164	1.17886
102	168	0.871908
102	169	1.18499
102	170	1.23103
102	180	1.29393
103	23	1.24992
103	52	1.16613
103	117	1.18376
103	122	1.31123
103	123	1.2768
103	126	0.8883
103	147	1.22289
103	150	0.897918
103	156	0.871719
103	162	0.8839
103	164	0.88622
103	168	1.38019
103	169	0.87577
103	171	0.865724
103	172	0.859309
103	174	0.886107
103	175	0.880532
103	176	0.889461
103	177	0.883452
103	178	0.883453
103	179	0.880306
103	180	0.867829
104	55	0.827661
104	56	0.832951
104	61	1.18125
104	68	0.868275
104	71	0.850249
104	100	0.900385
104	117	0.907944
104	123	0.904215
104	133	1.28901
104	146	1.37473
104	147	0.914384
104	148	0.868837
104	151	0.903736
104	152	0.894302
104	153	1.22402
104	154	0.864314
104	156	1.32532
104	157	0.874906
104	158	0.8947
104	165	1.23383
104	166	0.893143
104	173	1.17931
105	15	1.35489
105	64	1.31363
105	85	1.19792
105	110	0.862201
105	136	1.46299
105	144	1.21042
105	148	1.36798
105	152	1.28513
105	156	0.855127
105	161	0.880117
105	162	0.867308
105	164	0.869628
105	165	0.859601
105	169	0.859178
105	171	0.849131
105	172	0.842716
105	174	0.869514
105	175	0.863939
105	176	0.872869
105	177	0.866859
105	178	0.866861
105	179	0.863714
105	180	0.851236
106	35	0.840873
106	36	1.3739
106	41	1.38352
106	52	0.894553
106	62	0.875853
106	83	0.811323
106	88	0.858305
106	93	0.86052
106	110	1.26606
106	118	0.888313
106	121	0.907587
106	124	0.841427
106	129	0.861113
106	134	0.843948
106	145	0.879455
106	160	0.854869
106	167	0.864151
106	168	0.847006
106	169	1.25046
106	173	0.870704
106	177	1.28989
106	179	1.28697
106	180	1.3594
107	5	0.788498
107	7	0.798103
107	8	0.906121
107	16	0.866545
107	27	0.854742
107	34	0.859844
107	36	0.836082
107	66	0.857064
107	75	0.992077
107	78	0.876239
107	81	0.875168
107	82	0.884545
107	89	0.86877
107	92	0.857124
107	100	1.27885
107	116	0.830685
107	132	1.3637
107	133	1.33213
107	155	1.32197
107	160	1.32885
107	168	0.848392
107	170	1.29299
107	178	1.2854
108	6	1.59001
108	14	0.874808
108	35	0.848333
108	44	0.843703
108	68	1.35684
108	72	0.847258
108	79	0.822946
108	88	0.865765
108	90	0.861924
108	117	1.18031
108	118	0.895773
108	124	0.848886
108	129	0.868573
108	140	0.866725
108	145	0.886914
108	149	0.856291
108	150	1.21107
108	159	1.25248
108	160	0.862329
108	167	0.87161
108	171	1.34214
108	173	0.878163
108	178	1.27379
109	2	0.913514
109	19	0.791307
109	22	0.885666
109	59	0.876739
109	64	0.885378
109	77	0.781474
109	87	0.86313
109	102	0.896143
109	120	0.83341
109	121	1.25359
109	122	0.867555
109	127	0.861003
109	130	0.873784
109	142	0.88712
109	144	1.24842
109	146	0.855484
109	150	1.27628
109	155	0.872221
109	161	1.3126
109	168	0.856074
109	170	1.34658
109	175	1.35914
109	180	1.40949
110	1	1.67548
110	73	1.15594
110	80	0.877223
110	87	1.31398
110	100	1.25181
110	105	0.862201
110	106	1.26606
110	138	0.863363
110	156	0.854846
110	158	1.26669
110	161	0.879837
110	165	0.85932
110	166	1.26782
110	169	0.858897
110	171	0.848851
110	172	0.842436
110	174	0.869234
110	175	0.863659
110	176	0.872588
110	177	0.866579
110	178	0.86658
110	179	0.863433
110	180	0.850955
111	20	1.39019
111	60	1.35331
111	66	1.4264
111	114	0.816159
111	126	0.85637
111	132	0.831801
111	135	1.25361
111	150	0.865988
111	152	1.34793
111	156	0.839789
111	161	0.86478
111	162	0.851971
111	164	0.854291
111	167	1.35456
111	168	1.46676
111	169	0.843841
111	172	0.827379
111	174	0.854177
111	175	0.848602
111	176	0.857531
111	177	0.851522
111	178	0.851524
111	179	0.848376
111	180	0.835899
112	17	1.40024
112	63	1.41695
112	75	1.1013
112	120	0.812856
112	125	1.39028
112	134	1.50044
112	136	0.82321
112	137	0.862799
112	139	0.812836
112	141	0.838417
112	142	0.866566
112	143	0.853514
112	144	0.892155
112	146	0.83493
112	149	1.43062
112	155	0.851666
112	166	0.861262
112	167	1.35229
112	169	0.847537
112	171	0.837491
112	174	0.857874
112	178	0.85522
112	179	0.852073
112	180	0.839595
113	5	1.44095
113	27	1.08926
113	32	1.13881
113	39	1.14186
113	48	1.37508
113	65	1.04648
113	70	1.14554
113	74	1.22203
113	102	0.926364
113	127	0.891224
113	131	0.898625
113	140	0.898555
113	146	0.885705
113	155	0.902442
113	160	0.894158
113	167	0.90344
113	168	0.886295
113	170	0.890256
113	174	0.908649
113	175	0.903074
113	176	0.912003
113	177	0.905994
113	179	0.902848
113	180	0.890371
114	5	1.69355
114	65	1.29907
114	74	1.47462
114	111	0.816159
114	119	1.287
114	120	1.54481
114	126	0.840721
114	138	0.832657
114	139	1.44648
114	150	0.850339
114	152	1.24832
114	161	0.849131
114	162	0.836322
114	164	0.838642
114	169	0.828192
114	171	0.818145
114	172	0.81173
114	173	0.839872
114	174	0.838528
114	175	0.832953
114	176	0.841883
114	177	0.835873
114	178	0.835875
114	179	0.832727
114	180	0.82025
115	26	0.808157
115	32	0.865773
115	33	0.867287
115	53	0.849932
115	57	0.897984
115	58	1.57745
115	60	0.900897
115	65	0.896744
115	82	1.19073
115	135	0.916029
115	136	0.863318
115	137	0.902908
115	139	0.852944
115	141	0.878525
115	143	0.893623
115	144	0.932264
115	153	0.8947
115	156	1.26928
115	161	1.15984
115	165	1.1778
115	170	0.879589
115	171	1.25459
115	173	0.899326
115	176	1.19548
115	178	1.18624
116	8	0.871863
116	16	0.832286
116	26	1.76476
116	34	0.825585
116	81	0.84091
116	82	0.850287
116	107	0.830685
116	124	0.808553
116	125	0.835958
116	131	1.39821
116	141	1.39506
116	143	1.31828
116	145	0.846581
116	146	1.46241
116	148	1.39693
116	151	1.25577
116	160	0.821996
116	163	0.841284
116	167	0.831278
116	172	0.809689
116	174	0.836487
116	177	0.833832
116	178	0.833833
116	179	0.830686
116	180	0.818208
117	15	1.24163
117	17	0.883374
117	20	0.882684
117	29	1.34818
117	45	0.859992
117	55	0.832644
117	68	0.873258
117	71	0.855231
117	74	0.857156
117	101	1.40848
117	103	1.18376
117	104	0.907944
117	108	1.18031
117	134	1.32664
117	147	0.919367
117	148	0.87382
117	151	0.908719
117	152	0.899285
117	154	0.869296
117	157	0.879888
117	158	0.899682
117	163	0.899534
117	166	0.898125
117	173	1.12476
117	178	1.18773
118	47	0.928895
118	58	0.824296
118	73	0.92997
118	83	0.837462
118	90	0.880604
118	106	0.888313
118	108	0.895773
118	124	0.867567
118	128	0.884657
118	129	0.887253
118	134	0.870088
118	140	0.885406
118	143	1.21524
118	149	0.874972
118	159	1.20561
118	160	0.881009
118	163	0.900297
118	167	0.890291
118	168	0.873146
118	171	1.29526
118	172	1.29998
118	175	1.24705
118	178	1.22691
118	179	1.22497
118	180	1.2974
119	10	1.0828
119	15	0.882043
119	32	0.844178
119	33	0.845692
119	37	1.37387
119	53	0.828337
119	57	0.876389
119	60	0.879302
119	65	0.875149
119	86	1.33063
119	114	1.287
119	135	0.894434
119	136	0.841723
119	137	0.881312
119	138	1.34378
119	139	0.831349
119	141	0.85693
119	143	0.872027
119	144	0.910668
119	153	0.873105
119	158	1.31236
119	159	0.871637
119	170	0.857994
119	171	1.37237
119	173	0.877731
119	179	1.30208
120	1	0.769707
120	19	0.744408
120	22	0.838767
120	40	1.33722
120	47	1.39284
120	49	0.865715
120	64	0.838479
120	76	0.790864
120	87	0.81623
120	96	0.812094
120	98	0.857538
120	102	0.849244
120	109	0.83341
120	112	0.812856
120	114	1.54481
120	122	0.820656
120	127	0.814104
120	128	1.59333
120	130	0.826885
120	142	0.840221
120	146	0.808585
120	150	1.49912
120	155	0.825322
120	163	1.47997
120	166	0.834917
120	167	1.55259
121	11	0.840334
121	13	0.906975
121	35	0.886287
121	37	1.26565
121	38	0.876103
121	40	0.97118
121	43	0.972003
121	44	0.881657
121	80	1.20387
121	83	0.856736
121	85	0.93082
121	106	0.907587
121	109	1.25359
121	124	0.88684
121	125	0.914245
121	128	0.903931
121	132	1.2741
121	134	0.889362
121	145	0.924868
121	149	0.894245
121	155	1.23237
121	160	0.900282
121	166	0.918162
121	167	0.909564
121	175	1.21594
121	178	1.1958
121	179	1.19385
122	1	0.803853
122	12	0.87704
122	59	0.863986
122	64	0.872625
122	77	0.76872
122	87	0.850376
122	96	0.846239
122	98	0.891683
122	101	1.53595
122	102	0.883389
122	103	1.31123
122	109	0.867555
122	120	0.820656
122	127	0.848249
122	130	0.86103
122	131	0.855651
122	142	0.874366
122	146	0.84273
122	155	0.859467
122	159	1.2939
122	162	1.33559
122	165	1.30676
122	166	0.869063
122	168	0.84332
122	172	1.38828
122	176	1.32444
122	177	1.31619
123	9	0.914291
123	13	1.21482
123	20	0.878955
123	28	0.884347
123	39	0.860671
123	45	0.856264
123	55	0.828915
123	70	0.870281
123	75	1.02054
123	97	1.44418
123	98	1.24337
123	100	0.901639
123	103	1.2768
123	104	0.904215
123	126	1.27312
123	147	0.915638
123	148	0.870091
123	151	0.90499
123	152	0.895557
123	153	1.26251
123	154	0.865568
123	157	0.87616
123	158	0.895954
123	159	0.886258
123	161	1.25438
123	163	0.895806
123	166	0.894397
123	173	1.2178
124	11	0.774174
124	14	0.846602
124	23	0.849378
124	35	0.820127
124	40	1.18883
124	70	1.54739
124	72	0.819052
124	85	0.86466
124	86	0.830645
124	88	0.837559
124	106	0.841427
124	108	0.848886
124	116	0.808553
124	118	0.867567
124	121	0.88684
124	125	0.848085
124	128	0.837771
124	133	1.46018
124	140	0.838519
124	145	0.858708
124	149	0.828085
124	152	1.39757
124	159	1.39214
124	167	0.843404
124	169	1.37499
124	173	0.849957
124	175	1.43359
124	178	1.41344
125	23	0.876782
125	38	0.837347
125	49	1.21269
125	52	0.901211
125	62	0.882511
125	69	1.13172
125	73	0.910489
125	88	0.864963
125	93	0.867178
125	99	1.17288
125	112	1.39028
125	116	0.835958
125	121	0.914245
125	124	0.848085
125	128	0.865176
125	134	0.850606
125	145	0.886113
125	149	0.85549
125	156	1.39301
125	159	1.28866
125	160	0.861527
125	163	0.880815
125	166	0.879407
125	167	0.870809
125	168	0.853664
125	170	0.857625
125	175	1.3301
125	178	1.30996
125	180	1.38045
126	68	1.35661
126	72	1.43702
126	93	1.21228
126	100	1.26701
126	103	0.8883
126	111	0.85637
126	114	0.840721
126	123	1.27312
126	132	0.856363
126	137	1.23541
126	145	1.24743
126	150	0.890551
126	156	0.864352
126	158	1.28189
126	161	0.889342
126	162	0.876533
126	164	0.878853
126	166	1.28302
126	169	0.868403
126	170	0.860346
126	171	0.858356
126	172	0.851941
126	174	0.87874
126	175	0.873165
126	176	0.882094
126	177	0.876085
126	178	0.876086
126	179	0.872939
126	180	0.860461
127	2	0.894208
127	4	1.59752
127	7	1.61398
127	12	0.870487
127	19	0.772001
127	22	0.86636
127	29	1.38759
127	49	0.893308
127	59	0.857433
127	64	0.866072
127	84	1.16812
127	87	0.843824
127	98	0.885131
127	102	0.876837
127	109	0.861003
127	113	0.891224
127	120	0.814104
127	122	0.848249
127	130	0.854478
127	131	0.849098
127	142	0.867814
127	146	0.836178
127	155	0.852915
127	156	1.31018
127	162	1.24752
127	166	0.862511
127	168	0.836768
127	174	1.16037
127	178	1.22714
127	180	1.29763
128	14	0.863693
128	16	1.32527
128	30	1.372
128	38	0.827034
128	44	0.832588
128	51	1.18365
128	69	1.13446
128	83	0.807667
128	85	0.881751
128	90	0.850808
128	93	0.856864
128	118	0.884657
128	120	1.59333
128	121	0.903931
128	124	0.837771
128	125	0.865176
128	129	0.857458
128	134	0.840292
128	140	0.85561
128	145	0.875799
128	149	0.845176
128	153	0.862423
128	160	0.851213
128	163	0.870502
128	166	0.869093
128	167	0.860495
128	171	1.38105
128	176	1.32194
128	178	1.3127
128	180	1.38319
129	30	1.38049
129	35	0.839813
129	38	0.829629
129	43	0.925529
129	44	0.835183
129	50	1.23323
129	73	0.902771
129	79	0.814426
129	83	0.810263
129	90	0.853404
129	93	0.85946
129	101	1.54194
129	106	0.861113
129	108	0.868573
129	118	0.887253
129	128	0.857458
129	134	0.842888
129	140	0.858206
129	145	0.878395
129	149	0.847772
129	153	0.865018
129	159	1.29989
129	160	0.853809
129	164	1.27661
129	165	1.31275
129	167	0.863091
129	168	0.845946
129	174	1.25442
129	178	1.32119
129	180	1.39168
130	1	0.810082
130	12	0.883268
130	19	0.784782
130	41	1.4613
130	47	1.1977
130	49	0.906089
130	64	0.878854
130	76	0.831238
130	77	0.774949
130	87	0.856605
130	94	1.34259
130	98	0.897912
130	99	0.888456
130	102	0.889618
130	109	0.873784
130	120	0.826885
130	122	0.86103
130	127	0.854478
130	131	0.861879
130	138	1.40645
130	142	0.880595
130	146	0.848959
130	155	0.865696
130	163	1.28483
130	166	0.875292
130	168	0.849549
130	169	1.32824
130	173	1.30372
130	174	1.29992
130	175	1.38683
131	1	0.804702
131	12	0.877889
131	22	0.873761
131	51	0.89766
131	59	0.864834
131	64	0.873474
131	76	0.825858
131	77	0.769569
131	79	0.812649
131	86	1.37608
131	87	0.851225
131	93	1.28818
131	98	0.892532
131	99	0.883076
131	102	0.884238
131	113	0.898625
131	116	1.39821
131	122	0.855651
131	127	0.849098
131	130	0.861879
131	142	0.875215
131	146	0.843579
131	151	1.27528
131	155	0.860316
131	161	1.32307
131	163	1.2676
131	168	0.844169
131	172	1.42254
131	173	1.28649
131	175	1.36961
132	67	0.836871
132	97	0.828112
132	107	1.3637
132	111	0.831801
132	121	1.2741
132	126	0.856363
132	133	0.828939
132	138	0.848299
132	148	1.42649
132	150	0.865982
132	152	1.34364
132	154	1.4645
132	155	1.39608
132	158	1.36784
132	160	1.40296
132	161	0.864773
132	162	0.851964
132	164	0.854284
132	165	0.844257
132	167	1.35026
132	169	0.843834
132	170	0.835777
132	171	0.833787
132	172	0.827372
132	174	0.85417
132	175	0.848595
132	176	0.857525
132	177	0.851515
132	178	0.851517
132	179	0.84837
132	180	0.835892
133	21	0.85183
133	42	0.823553
133	69	0.912694
133	71	1.43527
133	76	1.48589
133	82	1.33243
133	97	0.825257
133	101	0.807738
133	104	1.28901
133	107	1.33213
133	124	1.46018
133	132	0.828939
133	140	1.36559
133	141	1.39305
133	145	1.30181
133	150	0.863127
133	156	0.836928
133	159	0.846566
133	161	0.861918
133	162	0.849109
133	164	0.851429
133	165	0.841402
133	169	0.840979
133	171	0.830932
133	174	0.851315
133	175	0.84574
133	176	0.85467
133	177	0.848661
133	178	0.848662
133	179	0.845515
133	180	0.833037
134	23	0.851899
134	35	0.822648
134	51	1.29106
134	61	1.35909
134	69	1.24187
134	72	0.821574
134	85	0.867181
134	86	0.833167
134	88	0.84008
134	93	0.842294
134	106	0.843948
134	112	1.50044
134	117	1.32664
134	118	0.870088
134	121	0.889362
134	125	0.850606
134	128	0.840292
134	129	0.842888
134	140	0.841041
134	145	0.861229
134	149	0.830607
134	159	1.39881
134	160	0.836644
134	166	0.854524
134	167	0.845926
134	168	0.828781
134	169	1.38166
134	170	0.832742
134	173	0.852479
134	179	1.41817
134	180	1.4906
135	15	0.900251
135	26	0.80477
135	31	0.958416
135	32	0.862386
135	46	1.39654
135	50	1.08305
135	53	0.846545
135	54	1.39187
135	57	0.894596
135	60	0.897509
135	65	0.893356
135	79	1.34446
135	96	0.875159
135	111	1.25361
135	115	0.916029
135	119	0.894434
135	136	0.85993
135	137	0.89952
135	139	0.849556
135	140	1.20867
135	141	0.875137
135	143	0.890235
135	144	0.928876
135	153	0.891313
135	159	0.889844
135	169	1.13256
135	170	0.876201
135	172	1.24409
135	173	0.895938
135	176	1.18026
135	177	1.172
136	15	0.847539
136	24	1.41291
136	26	0.752058
136	31	0.905704
136	32	0.809674
136	33	0.811187
136	53	0.793833
136	57	0.841885
136	60	0.844797
136	65	0.840644
136	94	1.41909
136	96	0.822447
136	99	0.858435
136	105	1.46299
136	112	0.82321
136	115	0.863318
136	119	0.841723
136	135	0.85993
136	137	0.846808
136	139	0.796845
136	141	0.822426
136	143	0.837523
136	144	0.876164
136	159	0.837133
136	161	1.4168
136	163	1.36134
136	169	1.40474
136	170	0.823489
136	172	1.51627
136	173	0.843227
136	174	1.37643
136	179	1.44125
137	26	0.791648
137	29	1.40351
137	31	0.945294
137	32	0.849264
137	33	0.850777
137	53	0.833423
137	57	0.881475
137	60	0.884387
137	65	0.880234
137	87	1.29869
137	95	1.34314
137	99	0.898025
137	112	0.862799
137	115	0.902908
137	119	0.881312
137	126	1.23541
137	135	0.89952
137	136	0.846808
137	139	0.836434
137	141	0.862015
137	143	0.877113
137	144	0.915754
137	153	0.878191
137	156	1.32611
137	159	0.876723
137	169	1.20461
137	170	0.863079
137	173	0.882816
137	175	1.26321
137	176	1.25231
137	177	1.24405
137	179	1.24112
138	4	0.802916
