1	38	1.39002
1	52	1.15539
1	79	1.25757
1	81	1.22073
1	92	1.25795
1	97	1.2307
1	117	1.18126
1	128	0.492643
1	159	0.215704
1	161	0.369669
1	170	1.14871
1	176	1.14768
2	6	1.00088
2	68	0.805675
2	124	1.11229
2	152	1.04865
2	157	1.09137
2	162	0.854486
2	164	1.07223
2	167	1.05602
2	172	1.07462
2	175	1.05864
2	177	0.790738
2	179	1.08531
3	38	0.876256
3	49	1.04951
3	70	1.05415
3	77	1.14166
3	84	1.07552
3	91	1.13035
3	125	1.13561
3	132	1.11888
3	155	1.01806
3	168	0.835051
3	174	0.806831
3	180	0.809313
4	19	0.698217
4	113	1.17822
4	139	1.20837
4	142	0.568316
4	144	0.606783
4	157	1.22408
4	162	0.595286
4	163	1.19306
4	167	1.18872
4	169	1.1982
4	175	1.19134
4	179	1.21801
5	81	0.658198
5	114	1.10747
5	132	0.847713
5	140	1.08284
5	144	1.05046
5	145	1.05158
5	160	1.05111
5	166	1.05979
5	172	0.846587
5	174	1.06485
5	177	1.06757
5	178	1.06434
6	2	1.00088
6	94	0.756053
6	127	1.05297
6	140	0.831485
6	149	1.07521
6	152	1.05299
6	154	1.10293
6	164	1.07657
6	166	0.863421
6	169	1.06984
6	172	1.07896
6	179	1.08965
7	54	0.54445
7	112	1.22759
7	114	1.22673
7	141	1.20368
7	146	1.19706
7	163	0.61307
7	166	1.17905
7	175	0.592725
7	177	1.18683
7	178	1.1836
7	179	0.581482
7	180	1.19545
8	50	0.538311
8	65	0.569617
8	99	0.61879
8	134	1.20251
8	136	1.21856
8	156	1.20209
8	158	1.18213
8	159	1.21504
8	162	1.15691
8	167	0.604542
8	171	1.20858
8	180	1.21418
9	52	1.00667
9	58	1.09437
9	78	1.1169
9	79	1.10885
9	89	1.0516
9	97	1.08198
9	102	1.10812
9	117	1.03254
9	165	0.9969
9	168	0.742008
9	176	0.998961
9	178	0.712096
10	85	1.05968
10	121	1.04035
10	129	0.760499
10	151	1.07276
10	158	1.05841
10	162	1.03319
10	167	0.800618
10	173	1.09604
10	174	1.07912
10	177	1.08184
10	178	1.07861
10	179	0.787597
11	56	1.14522
11	81	1.20653
11	97	1.21651
11	101	1.26553
11	102	1.24265
11	115	0.569566
11	116	1.22301
11	117	1.16707
11	143	0.642454
11	161	0.714386
11	166	0.541358
11	176	1.13349
12	60	1.28711
12	95	1.2008
12	98	0.569722
12	107	1.18147
12	131	1.20734
12	140	0.569159
12	144	0.670866
12	153	0.65869
12	169	1.18979
12	170	1.12498
12	172	1.19891
12	179	1.2096
13	26	1.21385
13	99	0.595999
13	142	1.18092
13	149	0.592579
13	150	1.18455
13	159	1.21393
13	160	1.188
13	164	0.561116
13	167	0.581751
13	177	1.20445
13	178	1.20122
13	180	1.21307
14	20	0.995942
14	42	0.74228
14	129	1.07329
14	135	0.846467
14	137	1.08166
14	151	0.861435
14	154	1.09763
14	164	1.07127
14	169	1.06453
14	172	1.07366
14	175	1.05768
14	179	1.08435
15	100	0.554386
15	115	1.19332
15	121	1.17421
15	129	0.579401
15	144	1.19859
15	146	1.22593
15	156	1.21223
15	157	0.591335
15	162	1.16705
15	174	1.21298
15	177	1.2157
15	179	0.606499
16	119	0.483768
16	129	0.592359
16	142	1.18216
16	150	1.18579
16	157	0.604292
16	163	0.651046
16	166	1.19791
16	171	1.2087
16	174	1.20297
16	177	1.20569
16	178	1.20246
16	180	1.21431
17	26	0.623138
17	129	1.20657
17	135	0.577176
17	137	1.21494
17	147	1.19841
17	152	1.18098
17	156	0.642883
17	163	1.19268
17	169	1.19782
17	175	1.19096
17	178	0.625099
17	179	1.21764
18	50	1.02059
18	73	1.04338
18	100	1.06427
18	105	1.07368
18	106	0.796133
18	108	1.07248
18	109	1.07732
18	119	1.09614
18	120	1.08195
18	168	1.07019
18	170	0.818261
18	176	0.836812
19	4	0.698217
19	111	0.866231
19	122	1.04944
19	131	0.80118
19	156	1.07755
19	158	1.05759
19	166	1.07324
19	170	1.0097
19	171	1.08403
19	177	1.08102
19	178	1.07779
19	180	1.08963
20	14	0.995942
20	53	0.788977
20	90	0.767544
20	95	1.07688
20	124	1.11266
20	156	0.895139
20	164	1.0726
20	167	1.05639
20	169	1.06586
20	172	1.07499
20	175	1.05901
20	179	1.08568
21	43	0.987182
21	71	1.02134
21	73	1.01989
21	100	1.04078
21	105	1.05019
21	106	0.90487
21	108	1.04899
21	109	1.05382
21	119	1.07265
21	120	1.05846
21	135	0.706822
21	165	1.03955
21	168	1.0467
22	35	1.25184
22	38	1.40998
22	53	1.16916
22	69	1.1129
22	73	1.12306
22	93	1.09872
22	109	1.157
22	119	1.17582
22	120	1.16163
22	128	0.512608
22	144	0.286376
22	155	0.459145
22	168	1.14987
23	41	0.596312
23	104	1.11413
23	126	0.610834
23	136	1.17
23	140	1.17228
23	152	0.671732
23	160	1.14054
23	166	1.14922
23	171	1.16001
23	173	1.1712
23	177	1.157
23	179	0.652664
23	180	1.16562
24	31	0.606867
24	107	1.14501
24	148	0.706724
24	150	0.668105
24	152	1.13648
24	157	1.17921
24	160	0.686933
24	164	1.16006
24	167	1.14385
24	169	1.15333
24	172	1.16245
24	175	1.14647
24	179	1.17314
25	58	1.16974
25	65	1.12747
25	73	0.668182
25	88	0.638591
25	100	0.626478
25	101	1.20638
25	125	0.598285
25	157	1.16604
25	171	1.14969
25	174	1.14396
25	175	1.1333
25	178	1.14345
25	179	1.15998
26	13	1.21385
26	17	0.623138
26	108	0.567034
26	157	0.665166
26	160	1.14043
26	167	0.693351
26	171	1.1599
26	173	1.17109
26	174	1.15417
26	176	1.08454
26	177	1.15688
26	178	1.15366
26	180	1.1655
27	107	0.658873
27	123	0.652373
27	154	0.612766
27	156	1.16023
27	158	1.14027
27	160	1.14724
27	161	1.11688
27	172	0.607444
27	173	1.1779
27	174	1.16098
27	177	1.1637
27	178	1.16047
27	180	1.17232
28	33	0.78723
28	56	0.991167
28	75	0.879855
28	78	1.09737
28	120	0.88149
28	148	1.02769
28	157	1.07115
28	159	1.06126
28	165	0.94492
28	172	1.05439
28	175	1.03841
28	178	1.04855
28	179	1.06508
29	72	0.590271
29	107	1.14772
29	130	0.68364
29	147	1.15663
29	154	1.18914
29	157	1.18192
29	164	1.16277
29	167	1.14657
29	173	0.68988
29	175	1.14918
29	176	1.09021
29	179	1.17586
29	180	0.704402
30	44	1.02402
30	55	0.953395
30	79	1.08598
30	81	1.04914
30	92	1.08636
30	97	1.05911
30	101	1.10814
30	117	1.00967
30	148	1.02435
30	160	0.84323
30	168	0.853855
30	170	0.977121
30	176	0.976093
31	24	0.606867
31	47	0.737117
31	63	0.569016
31	130	1.17886
31	147	0.635554
31	150	1.14671
31	153	1.13412
31	162	1.11796
31	166	1.15883
31	171	1.16963
31	174	1.1639
31	177	1.16661
31	178	1.16339
32	46	1.19956
32	138	1.16728
32	157	1.16639
32	162	0.715882
32	163	1.13537
32	164	1.14725
32	169	1.14052
32	172	1.14964
32	173	0.644717
32	175	1.13366
32	177	0.652134
32	178	0.655065
32	179	1.16033
33	28	0.78723
33	67	1.2544
33	74	1.27223
33	75	1.28456
33	91	1.29482
33	96	1.1553
33	125	1.30007
33	132	1.28334
33	143	0.534705
33	153	0.491205
33	161	1.20766
33	165	1.14762
33	174	0.432758
33	176	0.62187
34	104	0.629363
34	129	1.26799
34	140	0.540181
34	147	1.25983
34	158	0.589615
34	163	1.2541
34	164	1.26597
34	165	1.15889
34	172	1.26837
34	173	0.559227
34	175	1.25238
34	176	1.19341
34	177	0.566643
34	179	1.27906
35	22	1.25184
35	43	1.19993
35	93	1.2083
35	100	1.25352
35	105	1.26294
35	108	1.26174
35	119	1.28539
35	120	1.2712
35	134	0.548646
35	143	1.20514
35	148	0.561156
35	156	0.539861
35	160	0.541364
35	170	0.69433
36	48	1.08583
36	60	0.611156
36	76	0.687343
36	121	1.08687
36	131	0.68836
36	145	1.11237
36	156	1.12489
36	171	1.13137
36	173	1.14256
36	174	1.12564
36	175	0.744463
36	177	1.12836
36	178	1.12513
36	180	1.13697
37	114	1.28036
37	124	0.515567
37	136	1.25346
37	137	0.54171
37	141	1.25731
37	153	1.20797
37	154	0.542357
37	160	1.22401
37	163	0.577771
37	166	1.23268
37	172	0.537034
37	173	1.25467
37	177	1.24046
37	180	1.24908
38	1	1.39002
38	3	0.876256
38	22	1.40998
38	55	0.867466
38	83	0.941981
38	122	0.902142
38	125	0.97931
38	126	0.968961
38	132	0.962582
38	154	0.960302
38	164	0.93394
38	174	0.931003
38	177	0.93372
38	180	0.942336
39	49	0.705569
39	93	0.701919
39	95	0.636881
39	123	0.686994
39	140	1.13989
39	144	1.10751
39	146	1.13485
39	151	1.11554
39	160	1.10816
39	162	1.07597
39	173	1.13882
39	177	1.12462
39	178	1.12139
39	180	1.13324
40	54	1.14294
40	110	1.09308
40	123	1.09852
40	124	1.15788
40	135	0.661561
40	138	1.13785
40	158	0.729526
40	162	0.770302
40	163	1.10594
40	167	1.10161
40	169	1.11108
40	172	1.12021
40	177	0.706553
40	179	1.1309
41	23	0.596312
41	87	0.542152
41	124	1.24683
41	131	1.21758
41	134	0.652508
41	149	1.2054
41	152	1.18319
41	159	0.647544
41	167	1.19056
41	169	1.20004
41	172	1.20916
41	175	1.19318
41	176	1.1342
41	179	1.21985
41	180	0.630113
42	14	0.74228
42	86	1.24887
42	127	0.562523
42	130	1.20934
42	132	0.522159
42	139	0.540456
42	146	1.20733
42	160	1.18064
42	162	1.14845
42	169	0.569402
42	171	1.20011
42	173	1.2113
42	174	1.19438
42	178	1.19387
42	180	1.20571
43	21	0.987182
43	35	1.19993
43	69	1.06099
43	71	1.07261
43	93	1.04682
43	100	1.09204
43	105	1.10145
43	108	1.10025
43	109	1.10509
43	119	1.12391
43	120	1.10972
43	130	0.662574
43	161	0.854732
43	174	0.680853
43	176	0.869966
44	30	1.02402
44	52	1.05843
44	56	1.06245
44	65	1.10386
44	89	1.10336
44	92	1.16099
44	102	1.15988
44	106	0.787857
44	116	1.14024
44	117	1.0843
44	121	0.690156
44	165	0.922536
44	168	0.667644
44	170	1.05175
44	176	1.05072
45	74	1.23391
45	88	1.19305
45	91	1.2565
45	103	0.679491
45	106	1.15512
45	125	1.26175
45	128	1.14901
45	132	1.24503
45	148	1.19208
45	155	1.1442
45	161	1.16934
45	170	0.732117
45	173	0.549516
45	178	0.559864
45	180	0.564038
46	32	1.19956
46	112	0.52409
46	122	0.6535
46	123	1.18094
46	124	1.2403
46	144	0.662406
46	147	1.19409
46	162	0.65091
46	167	1.18402
46	168	1.20501
46	169	1.1935
46	172	1.20262
46	175	1.18664
46	179	1.21331
46	180	0.594267
47	31	0.737117
47	54	1.12347
47	114	0.742491
47	147	1.09219
47	163	1.08647
47	164	1.09834
47	167	1.08213
47	168	1.10312
47	169	1.09161
47	171	0.773197
47	172	1.10073
47	175	1.08475
47	176	1.02578
47	178	0.797894
47	179	1.11142
48	36	1.08583
48	59	0.746286
48	120	0.635794
48	122	1.07338
48	129	0.76566
48	144	1.08785
48	153	1.07246
48	158	1.08153
48	159	1.11444
48	162	1.0563
48	171	1.10797
48	172	0.78361
48	177	1.10495
48	178	1.10173
48	180	1.11357
49	3	1.04951
49	39	0.705569
49	51	1.04909
49	67	1.1069
49	74	1.12473
49	75	1.13706
49	84	1.09248
49	88	1.08386
49	96	1.0078
49	125	1.15257
49	132	1.13584
49	143	0.840286
49	161	1.06016
49	168	0.766559
49	174	0.738339
50	8	0.538311
50	18	1.02059
50	71	1.08252
50	73	1.08107
50	93	1.05673
50	100	1.10196
50	103	1.06712
50	105	1.11137
50	106	0.779206
50	108	1.11017
50	109	1.115
50	119	1.13383
50	120	1.11964
50	165	0.913884
50	176	0.819885
51	49	1.04909
51	77	1.14123
51	88	1.06648
51	91	1.12993
51	106	1.02855
51	125	1.13518
51	128	1.02244
51	132	1.11845
51	148	1.06551
51	155	1.01763
51	161	1.04277
51	165	0.982731
51	168	0.748682
51	170	0.891023
51	176	0.909574
51	178	0.71877
52	1	1.15539
52	9	1.00667
52	44	1.05843
52	56	1.02223
52	78	1.12844
52	79	1.12039
52	81	1.08355
52	116	1.10002
52	117	1.04408
52	148	1.05876
52	155	0.978129
52	162	0.793864
52	168	0.762958
52	170	1.01153
52	176	1.0105
52	178	0.733046
53	20	0.788977
53	22	1.16916
53	65	1.15256
53	107	0.636194
53	117	1.133
53	119	1.20272
53	120	1.18853
53	125	0.513607
53	147	0.607954
53	148	1.14768
53	159	1.18125
53	168	1.17676
53	172	0.584765
53	176	1.09942
53	178	1.16854
53	180	1.18038
54	7	0.54445
54	40	1.14294
54	47	1.12347
54	83	1.18109
54	122	0.708668
54	126	1.20807
54	127	1.14945
54	129	1.17507
54	150	0.645719
54	152	1.14947
54	156	0.663044
54	162	0.706077
54	163	1.16117
54	167	1.15684
54	169	1.16631
54	179	1.18613
55	30	0.953395
55	38	0.867466
55	74	0.702314
55	77	0.692973
55	105	1.08972
55	109	1.09335
55	120	1.09799
55	132	0.803721
55	149	1.08008
55	163	1.06957
55	168	1.08623
55	169	1.07471
55	174	1.07851
55	178	1.078
55	179	1.09453
55	180	1.08984
56	11	1.14522
56	28	0.991167
56	44	1.06245
56	52	1.02223
56	81	1.08757
56	89	1.06717
56	92	1.12479
56	97	1.09754
56	98	0.720515
56	102	1.12368
56	117	1.0481
56	143	0.852984
56	158	0.769387
56	161	0.924916
56	170	1.01555
56	176	1.01452
57	72	1.21364
57	98	1.17348
57	120	0.518679
57	125	0.595337
57	126	0.633813
57	144	1.14396
57	152	0.694711
57	153	1.12857
57	154	0.671817
57	159	1.17054
57	160	1.14461
57	171	1.16408
57	173	1.17527
57	174	1.15835
57	178	1.15784
57	180	1.16968
58	9	1.09437
58	25	1.16974
58	79	1.20809
58	81	1.17125
58	92	1.20847
58	97	1.18122
58	101	1.23025
58	102	1.20737
58	117	1.13179
58	153	0.614192
58	155	0.799137
58	161	0.729624
58	168	0.583966
58	170	1.09923
58	176	1.0982
58	180	0.558228
59	48	0.746286
59	75	1.18595
59	98	0.606989
59	108	1.16316
59	109	1.16799
59	119	1.18682
59	120	1.17263
59	132	1.18473
59	139	1.15953
59	146	0.621775
59	160	0.655106
59	161	1.10905
59	166	0.638361
59	172	1.15848
59	175	1.1425
59	179	1.16917
60	12	1.28711
60	36	0.611156
60	99	1.24228
60	123	1.21921
60	138	1.25854
60	140	0.530833
60	145	0.586494
60	148	0.599306
60	152	1.21493
60	156	0.578011
60	157	1.25765
60	160	0.579514
60	164	1.23851
60	167	1.2223
60	170	1.16697
60	172	1.2409
60	179	1.25159
61	110	0.684001
61	121	1.09779
61	132	0.642819
61	139	0.661116
61	141	1.15613
61	145	1.12329
61	150	1.11938
61	156	1.13581
61	160	1.12282
61	166	1.1315
61	169	0.690061
61	172	0.641693
61	173	1.15348
61	174	1.13656
61	177	1.13928
61	178	1.13605
61	180	1.1479
62	63	0.510075
62	78	0.466081
62	123	0.598353
62	145	1.22896
62	149	0.58642
62	150	1.22504
62	151	1.23587
62	159	1.25442
62	160	1.22849
62	162	1.19629
62	166	1.23716
62	171	1.24796
62	173	1.25915
62	175	0.573815
62	177	1.24494
62	178	1.24172
62	179	0.562572
63	31	0.569016
63	62	0.510075
63	74	1.16964
63	77	1.20353
63	84	1.1374
63	88	1.12877
63	91	1.19222
63	96	1.05271
63	103	0.749421
63	125	1.19748
63	128	1.08474
63	132	1.18075
63	148	1.1278
63	155	1.07993
63	165	1.04503
63	170	0.802047
63	176	0.820597
64	80	1.16182
64	113	1.11136
64	138	1.1581
64	141	0.689892
64	148	0.732121
64	149	1.13671
64	152	1.11449
64	157	1.15721
64	160	0.71233
64	161	1.09103
64	167	1.12186
64	169	1.13134
64	171	0.668345
64	172	1.14046
64	173	0.682695
64	175	1.12448
64	179	1.15115
65	8	0.569617
65	25	1.12747
65	44	1.10386
65	53	1.15256
65	78	1.17387
65	81	1.12898
65	89	1.10857
65	92	1.1662
65	97	1.13895
65	101	1.18798
65	102	1.16509
65	117	1.08951
65	142	0.694233
65	156	0.678171
65	161	0.835957
65	168	0.690298
65	170	1.05696
66	87	0.630273
66	99	1.14163
66	118	1.07545
66	139	1.1413
66	152	1.11428
66	154	1.16422
66	156	0.731844
66	157	1.15701
66	164	1.13786
66	167	1.12165
66	169	1.13113
66	171	0.689363
66	172	1.14025
66	174	0.715751
66	175	1.12427
66	179	1.15094
66	180	0.718234
67	33	1.2544
67	49	1.1069
67	74	1.16515
67	75	1.17748
67	84	1.13291
67	88	1.12429
67	96	1.04823
67	125	1.19299
67	128	1.08025
67	132	1.17627
67	158	0.635028
67	161	1.10058
67	165	1.04054
67	168	0.644898
67	170	0.787239
67	176	0.80579
67	177	0.612056
68	2	0.805675
68	97	0.660014
68	121	1.07713
68	135	1.13631
68	141	1.13547
68	151	1.10954
68	153	1.08613
68	156	1.11515
68	158	1.09519
68	164	0.686683
68	171	1.12164
68	172	0.685149
68	174	1.1159
68	176	1.04628
68	177	1.11862
68	178	1.11539
68	179	0.694298
68	180	1.12724
69	22	1.1129
69	43	1.06099
69	70	1.07964
69	71	1.09515
69	73	1.0937
69	93	1.06936
69	100	1.11459
69	105	1.124
69	106	0.728737
69	108	1.1228
69	109	1.12763
69	115	0.609362
69	119	1.14646
69	120	1.13227
69	155	0.823695
69	161	0.754182
69	168	1.12051
69	176	0.769416
70	3	1.05415
70	69	1.07964
70	100	1.11069
70	108	1.1189
70	119	1.14256
70	120	1.12837
70	125	1.1572
70	132	1.14048
70	152	0.711433
70	157	0.6772
70	161	1.0648
70	162	1.06296
70	169	0.731585
70	175	0.703608
70	177	1.11161
70	178	1.10839
70	179	0.692365
70	180	1.12023
71	21	1.02134
71	43	1.07261
71	50	1.08252
71	69	1.09515
71	93	1.08098
71	100	1.1262
71	105	1.13562
71	108	1.13442
71	109	1.13925
71	119	1.15807
71	120	1.14388
71	143	1.07782
71	155	0.768386
71	161	0.698873
71	165	0.808107
71	168	1.13212
71	170	0.695556
71	176	0.714107
72	29	0.590271
72	57	1.21364
72	83	0.607253
72	87	1.25859
72	107	0.614615
72	124	0.541719
72	133	0.588277
72	150	1.18016
72	151	1.19098
72	153	1.16756
72	158	1.17663
72	166	1.19227
72	171	1.20307
72	173	1.21426
72	174	1.19734
72	178	1.19683
72	179	0.572335
72	180	1.20867
73	18	1.04338
73	21	1.01989
73	22	1.12306
73	25	0.668182
73	50	1.08107
73	69	1.0937
73	93	1.07952
73	100	1.12475
73	105	1.13416
73	108	1.13296
73	109	1.13779
73	119	1.15662
73	120	1.14243
73	128	0.970427
73	159	0.693487
73	166	0.674423
73	168	1.13067
73	173	0.661534
74	33	1.27223
74	45	1.23391
74	49	1.12473
74	55	0.702314
74	63	1.16964
74	67	1.16515
74	75	1.19531
74	77	1.21687
74	84	1.15073
74	88	1.14211
74	96	1.06605
74	103	0.692489
74	125	1.21082
74	132	1.19409
74	134	0.599431
74	135	0.524938
74	165	1.05837
74	168	0.602773
74	176	0.763665
75	28	0.879855
75	33	1.28456
75	49	1.13706
75	59	1.18595
75	67	1.17748
75	74	1.19531
75	84	1.16307
75	88	1.15444
75	91	1.21789
75	96	1.07838
75	125	1.22315
75	132	1.20642
75	141	0.520541
75	155	1.1056
75	165	1.0707
75	168	0.553603
75	170	0.695944
75	176	0.714495
75	177	0.520761
76	36	0.687343
76	113	1.13803
76	116	1.1817
76	124	1.20481
76	130	0.619826
76	131	1.17556
76	137	1.17513
76	138	1.18478
76	141	0.633263
76	147	1.1586
76	153	0.696552
76	157	1.18389
76	163	1.15287
76	167	1.14853
76	171	0.611716
76	172	1.16713
76	175	1.15115
76	178	0.636414
76	179	1.17782
77	3	1.14166
77	51	1.14123
77	55	0.692973
77	63	1.20353
77	74	1.21687
77	84	1.18463
77	88	1.17601
77	103	0.683148
77	114	0.508117
77	118	1.13693
77	125	1.24471
77	128	1.13197
77	132	1.22799
77	142	0.597367
77	143	0.667159
77	148	1.17504
77	155	1.12716
77	165	1.09226
77	170	0.735773
78	9	1.1169
78	28	1.09737
78	52	1.12844
78	62	0.466081
78	65	1.17387
78	79	1.23062
78	89	1.17337
78	92	1.231
78	101	1.25278
78	102	1.22989
78	117	1.15431
78	148	1.16899
78	161	0.761371
78	165	0.870604
78	166	0.588342
78	168	0.615712
78	170	1.12176
78	176	1.12073
78	177	0.582869
79	1	1.25757
79	9	1.10885
79	30	1.08598
79	52	1.12039
79	58	1.20809
79	78	1.23062
79	81	1.18573
79	89	1.16533
79	97	1.1957
79	102	1.22184
79	106	0.677915
79	117	1.14626
79	148	1.16094
79	155	0.772873
79	159	0.549396
79	165	0.812594
79	168	0.557702
79	176	1.11268
79	180	0.531965
80	64	1.16182
80	126	1.20669
80	127	1.14807
80	130	0.639948
80	133	1.16994
80	141	0.653385
80	149	1.1703
80	152	1.14809
80	154	1.19803
80	156	0.67432
80	163	1.15979
80	167	1.15546
80	169	1.16493
80	171	0.631838
80	172	1.17406
80	173	0.646188
80	175	1.15808
80	178	0.656536
80	179	1.18475
81	1	1.22073
81	5	0.658198
81	11	1.20653
81	30	1.04914
81	52	1.08355
81	56	1.08757
81	58	1.17125
81	65	1.12898
81	79	1.18573
81	89	1.12848
81	97	1.15886
81	101	1.20789
81	102	1.185
81	117	1.10942
81	118	0.699066
81	128	0.7833
81	161	0.660325
81	165	0.769558
81	168	0.514667
81	170	1.07687
82	83	1.16301
82	112	0.63352
82	113	1.12825
82	126	1.18999
82	133	1.15324
82	136	0.675515
82	139	1.15841
82	141	0.696372
82	154	1.18133
82	160	0.71881
82	163	1.14309
82	164	1.15497
82	165	1.04788
82	167	1.13876
82	169	1.14823
82	170	1.08343
82	171	0.674826
82	175	1.14138
82	179	1.16805
82	180	0.703697
83	38	0.941981
83	54	1.18109
83	72	0.607253
83	82	1.16301
83	114	0.661806
83	115	0.747959
83	124	1.19603
83	127	1.13236
83	131	1.16678
83	133	1.15423
83	135	0.669286
83	147	1.14982
83	151	0.684255
83	164	1.15596
83	167	1.13975
83	169	1.14923
83	172	1.15835
83	175	1.14237
83	177	0.714278
83	179	1.16904
84	3	1.07552
84	49	1.09248
84	63	1.1374
84	67	1.13291
84	74	1.15073
84	75	1.16307
84	77	1.18463
84	88	1.10987
84	91	1.17332
84	96	1.03381
84	103	0.761918
84	118	1.0708
84	125	1.17858
84	132	1.16185
84	143	0.745929
84	148	1.1089
84	158	0.662332
84	165	1.02613
84	166	0.644832
84	168	0.672202
84	170	0.814544
85	10	1.05968
85	130	1.13757
85	133	0.689861
85	135	1.14301
85	136	1.13832
85	139	0.684193
85	146	1.13555
85	156	1.12186
85	160	1.10887
85	163	0.705507
85	164	0.666304
85	167	0.686939
85	168	1.13032
85	171	1.12834
85	172	0.66477
85	173	1.13953
85	174	1.12261
85	176	1.05298
85	177	1.12532
85	178	1.1221
85	180	1.13394
86	42	1.24887
86	89	0.504842
86	102	0.485142
86	121	1.15777
86	124	0.58136
86	140	1.21453
86	141	1.21611
86	142	1.17573
86	147	0.626016
86	154	0.608149
86	158	1.17583
86	166	1.19148
86	167	0.624996
86	168	1.20425
86	169	0.651195
86	171	1.20227
86	173	1.21346
86	174	1.19654
86	177	1.19926
86	178	1.19603
86	180	1.20787
87	41	0.542152
87	66	0.630273
87	72	1.25859
87	105	0.532998
87	122	1.17443
87	138	0.585851
87	146	1.21624
87	153	1.17352
87	156	1.20254
87	157	0.58334
87	158	1.18259
87	160	1.18956
87	162	1.15736
87	163	0.630093
87	166	1.19823
87	173	1.22022
87	174	1.2033
87	175	0.609748
87	177	1.20601
87	178	1.20279
87	180	1.21463
88	25	0.638591
88	45	1.19305
88	49	1.08386
88	51	1.06648
88	63	1.12877
88	67	1.12429
88	74	1.14211
88	75	1.15444
88	77	1.17601
88	84	1.10987
88	91	1.1647
88	106	1.06333
88	121	0.694715
88	125	1.16996
88	132	1.15323
88	155	1.0524
88	165	1.0175
88	168	0.672203
88	170	0.814544
88	173	0.631944
88	176	0.833095
89	9	1.0516
89	44	1.10336
89	56	1.06717
89	65	1.10857
89	78	1.17337
89	79	1.16533
89	81	1.12848
89	86	0.504842
89	92	1.1657
89	97	1.13846
89	101	1.18748
89	102	1.1646
89	103	0.694785
89	106	0.725283
89	116	1.14496
89	117	1.08902
89	118	0.789469
89	155	0.82024
89	161	0.750728
89	170	1.05646
89	176	1.05544
90	20	0.767544
90	94	1.21389
90	99	0.599749
90	104	1.14206
90	115	1.16255
90	117	0.573709
90	123	0.608261
90	144	1.16782
90	145	1.16894
90	147	0.586522
90	151	1.17585
90	153	1.15244
90	157	0.557316
90	158	1.1615
90	162	1.13628
90	163	0.604069
90	166	1.17715
90	173	1.19913
90	174	1.18221
90	177	1.18493
90	178	1.1817
90	180	1.19355
91	3	1.13035
91	33	1.29482
91	45	1.2565
91	51	1.12993
91	63	1.19222
91	75	1.21789
91	84	1.17332
91	88	1.1647
91	96	1.08864
91	125	1.23341
91	132	1.21668
91	143	0.678384
91	148	1.16373
91	155	1.11586
91	161	1.141
91	165	1.08096
91	168	0.604658
91	170	0.746999
91	174	0.576437
91	176	0.76555
91	177	0.571815
91	178	0.574746
92	1	1.25795
92	30	1.08636
92	44	1.16099
92	56	1.12479
92	58	1.20847
92	65	1.1662
92	78	1.231
92	89	1.1657
92	97	1.19608
92	101	1.24511
92	102	1.22222
92	117	1.14664
92	118	0.785143
92	128	0.869377
92	134	0.597401
92	135	0.522908
92	136	0.546824
92	145	0.597099
92	148	1.16132
92	168	0.600743
92	170	1.11409
92	176	1.11306
93	22	1.09872
93	35	1.2083
93	39	0.701919
93	43	1.04682
93	50	1.05673
93	69	1.06936
93	71	1.08098
93	73	1.07952
93	100	1.10041
93	105	1.10982
93	108	1.10862
93	109	1.11346
93	112	0.666995
93	116	1.11851
93	119	1.13228
93	120	1.11809
93	135	0.685075
93	142	0.766844
93	143	1.05203
93	145	0.759265
93	168	1.10633
93	170	0.90525
94	6	0.756053
94	90	1.21389
94	111	0.597656
94	115	1.15407
94	137	0.572992
94	139	0.58774
94	141	1.1933
94	142	1.15291
94	150	1.15655
94	151	1.16737
94	153	1.14395
94	158	1.15302
94	159	1.18593
94	166	1.16867
94	167	0.590486
94	168	1.18144
94	169	0.616685
94	171	1.17946
94	173	1.19065
94	174	1.17373
94	179	0.577466
94	180	1.18506
95	12	1.2008
95	20	1.07688
95	39	0.636881
95	104	0.727748
95	110	1.12746
95	112	0.601957
95	121	0.720383
95	124	1.19227
95	137	1.16259
95	139	1.15564
95	147	1.14606
95	149	1.15084
95	152	1.12862
95	154	1.17856
95	158	0.688001
95	163	1.14033
95	167	1.13599
95	169	1.14547
95	172	1.15459
95	173	0.657612
95	174	0.669651
95	175	1.13861
95	179	1.16528
96	33	1.1553
96	49	1.0078
96	63	1.05271
96	67	1.04823
96	74	1.06605
96	75	1.07838
96	84	1.03381
96	91	1.08864
96	106	0.987264
96	118	0.986111
96	125	1.09389
96	128	0.981153
96	132	1.07717
96	140	0.780663
96	143	0.913695
96	148	1.02422
96	155	0.976343
96	161	1.00148
96	165	0.941442
96	170	0.982309
96	176	1.00086
96	177	0.807125
97	1	1.2307
97	9	1.08198
97	11	1.21651
97	30	1.05911
97	56	1.09754
97	58	1.18122
97	65	1.13895
97	68	0.660014
97	79	1.1957
97	81	1.15886
97	89	1.13846
97	92	1.19608
97	101	1.21786
97	102	1.19497
97	117	1.11939
97	130	0.63142
97	146	0.633963
97	161	0.823578
97	168	0.677919
97	170	1.08684
97	171	0.62331
97	176	1.08581
97	180	0.652182
98	12	0.569722
98	56	0.720515
98	57	1.17348
98	59	0.606989
98	113	0.681466
98	122	1.12832
98	124	0.622846
98	127	0.685802
98	142	1.13637
98	144	1.1428
98	150	1.14
98	156	1.15643
98	158	1.13647
98	160	1.14345
98	162	1.11125
98	166	1.15212
98	171	1.16292
98	172	0.644313
98	173	1.1741
98	174	1.15718
98	177	1.1599
98	178	1.15667
98	180	1.16852
99	8	0.61879
99	13	0.595999
99	60	1.24228
99	66	1.14163
99	90	0.599749
99	110	1.12696
99	131	1.16251
99	133	1.14997
99	136	0.685552
99	137	1.16209
99	139	1.15514
99	149	1.15033
99	158	0.729601
99	160	0.728847
99	163	1.13982
99	164	1.1517
99	167	1.13549
99	169	1.14496
99	170	1.08016
99	172	1.15409
99	175	1.13811
99	178	0.70956
99	179	1.16478
100	15	0.554386
100	18	1.06427
100	21	1.04078
100	25	0.626478
100	35	1.25352
100	43	1.09204
100	50	1.10196
100	69	1.11459
100	70	1.11069
100	71	1.1262
100	73	1.12475
100	93	1.10041
100	103	1.1108
100	105	1.15505
100	108	1.15385
100	109	1.15869
100	119	1.17751
100	120	1.16332
100	155	0.87526
100	160	0.649465
100	165	0.914981
100	166	0.632719
100	168	1.15156
100	174	0.631869
101	11	1.26553
101	25	1.20638
101	30	1.10814
101	58	1.23025
101	65	1.18798
101	78	1.25278
101	81	1.20789
101	89	1.18748
101	92	1.24511
101	97	1.21786
101	102	1.244
101	116	1.22436
101	117	1.16842
101	128	0.848623
101	130	0.53349
101	143	0.653716
101	148	1.1831
101	155	0.79516
101	161	0.725648
101	165	0.834881
101	170	1.13587
101	173	0.53973
101	176	1.13484
101	179	0.00312499
102	9	1.10812
102	11	1.24265
102	44	1.15988
102	56	1.12368
102	58	1.20737
102	65	1.16509
102	78	1.22989
102	79	1.22184
102	81	1.185
102	86	0.485142
102	89	1.1646
102	92	1.22222
102	97	1.19497
102	101	1.244
102	117	1.14553
102	118	0.76977
102	128	0.854004
102	136	0.531451
102	141	0.552308
102	146	0.541414
102	148	1.16021
102	165	0.840262
102	170	1.11298
102	173	0.545111
102	176	1.11195
103	45	0.679491
103	50	1.06712
103	63	0.749421
103	74	0.692489
103	77	0.683148
103	84	0.761918
103	89	0.694785
103	100	1.1108
103	105	1.12021
103	108	1.11901
103	111	1.08859
103	119	1.14267
103	120	1.12848
103	125	0.721613
103	151	1.10265
103	157	1.13109
103	160	1.09527
103	163	1.10007
103	164	1.11194
103	166	1.10394
103	173	1.12593
103	175	1.09835
103	178	1.1085
103	179	1.12503
103	180	1.12034
104	23	1.11413
104	34	0.629363
104	90	1.14206
104	95	0.727748
104	122	1.07303
104	127	0.774421
104	128	1.03746
104	130	1.11685
104	133	0.758022
104	141	1.12146
104	146	1.11484
104	147	0.756121
104	151	1.09553
104	157	0.726915
104	158	1.08118
104	159	1.11409
104	160	1.08815
104	162	1.05596
104	165	0.997746
104	171	1.10762
104	173	1.11881
104	174	1.10189
104	177	1.10461
104	178	1.10138
104	179	0.74208
104	180	1.11322
105	18	1.07368
105	21	1.05019
105	35	1.26294
105	43	1.10145
105	50	1.11137
105	55	1.08972
105	69	1.124
105	71	1.13562
105	73	1.13416
105	87	0.532998
105	93	1.10982
105	100	1.15505
105	103	1.12021
105	108	1.16326
105	109	1.1681
105	116	1.17315
105	118	0.831096
105	119	1.18692
105	120	1.17273
105	122	0.680192
105	143	1.10667
105	156	0.634569
105	161	0.792355
105	166	0.619326
105	168	1.16097
105	176	0.807588
105	180	0.620959
106	18	0.796133
106	21	0.90487
106	44	0.787857
106	45	1.15512
106	50	0.779206
106	51	1.02855
106	69	0.728737
106	79	0.677915
106	88	1.06333
106	89	0.725283
106	96	0.987264
106	125	1.13203
106	132	1.1153
106	136	1.09944
106	142	1.06291
106	149	1.0853
106	154	1.11302
106	159	1.09592
106	161	1.03962
106	163	1.07479
106	167	1.07045
106	169	1.07993
106	170	1.01513
106	173	1.10064
106	177	1.08644
106	179	1.09974
106	180	1.09506
107	12	1.18147
107	24	1.14501
107	27	0.658873
107	29	1.14772
107	53	0.636194
107	72	0.614615
107	112	0.658569
107	127	1.10927
107	129	1.13489
107	137	1.14326
107	138	1.1529
107	139	1.13631
107	142	0.758418
107	149	1.1315
107	152	1.10929
107	154	1.15923
107	157	1.15201
107	158	0.744613
107	163	1.12099
107	164	1.13287
107	167	1.11666
107	169	1.12614
107	171	0.699874
107	172	1.13526
107	173	0.714224
107	175	1.11928
107	179	1.14595
108	18	1.07248
108	21	1.04899
108	26	0.567034
108	35	1.26174
108	43	1.10025
108	50	1.11017
108	59	1.16316
108	69	1.1228
108	70	1.1189
108	71	1.13442
108	73	1.13296
108	93	1.10862
108	100	1.15385
108	103	1.11901
108	105	1.16326
108	109	1.1669
108	114	0.513592
108	118	0.783306
108	119	1.18572
108	120	1.17153
108	143	1.10547
108	145	0.595262
108	155	0.814078
108	161	0.744565
108	168	1.15977
108	170	0.741248
108	176	0.759799
109	18	1.07732
109	21	1.05382
109	22	1.157
109	43	1.10509
109	50	1.115
109	55	1.09335
109	59	1.16799
109	69	1.12763
109	71	1.13925
109	73	1.13779
109	93	1.11346
109	100	1.15869
109	105	1.1681
109	108	1.1669
109	116	1.17678
109	118	0.764114
109	119	1.19055
109	120	1.17636
109	142	0.583649
109	143	1.1103
109	155	0.794885
109	159	0.571408
109	165	0.834606
109	168	1.1646
109	170	0.722055
109	171	0.525105
109	176	0.740606
110	40	1.09308
110	61	0.684001
110	95	1.12746
110	99	1.12696
110	115	0.746202
110	123	1.10389
110	124	1.16325
110	129	1.1252
110	131	1.134
110	133	1.12145
110	138	1.14322
110	140	0.686058
110	146	0.701407
110	147	1.11703
110	148	0.75453
110	149	1.12182
110	155	1.051
110	157	1.14233
110	159	0.737057
110	163	1.11131
110	164	1.12318
110	167	1.10697
110	169	1.11645
110	171	0.690754
110	172	1.12557
110	175	1.10959
110	179	1.13626
110	180	0.719626
111	19	0.866231
111	94	0.597656
111	103	1.08859
111	123	1.10527
111	126	1.15959
111	127	1.10096
111	129	1.12658
111	131	1.13538
111	136	0.678475
111	137	1.13496
111	138	1.1446
111	147	1.11842
111	149	1.1232
111	152	1.10099
111	154	1.15093
111	155	1.05238
111	157	1.14371
111	159	0.724088
111	162	0.7633
111	163	1.11269
111	167	1.10835
111	169	1.11783
111	171	0.677785
111	172	1.12696
111	173	0.692135
111	175	1.11097
111	178	0.702482
111	179	1.13765
112	7	1.22759
112	46	0.52409
112	82	0.63352
112	93	0.666995
112	95	0.601957
112	107	0.658569
112	113	0.644293
112	118	1.12605
112	126	0.574459
112	134	1.18519
112	139	0.626563
112	142	1.16471
112	143	1.13894
112	145	1.17225
112	146	1.19847
112	151	1.17916
112	153	1.15575
112	156	1.18477
112	157	0.601124
112	159	1.19772
112	162	1.13959
112	166	1.18046
112	171	1.19126
112	173	1.20244
112	174	1.18552
112	177	1.18824
112	178	1.18501
112	180	1.19686
113	4	1.17822
113	64	1.11136
113	76	1.13803
113	82	1.12825
113	98	0.681466
113	112	0.644293
113	121	0.76272
113	124	1.16127
113	133	1.11948
113	138	1.14124
113	144	0.78261
113	149	1.11984
113	151	0.677341
113	152	1.09763
113	157	1.14035
113	159	0.731901
113	161	1.07417
113	163	1.10933
113	164	1.12121
113	167	1.105
113	168	1.12599
113	169	1.11448
113	172	1.1236
113	175	1.10762
113	176	1.04864
113	177	0.707365
113	179	1.13429
113	180	0.71447
114	5	1.10747
114	7	1.22673
114	37	1.28036
114	47	0.742491
114	77	0.508117
114	83	0.661806
114	108	0.513592
114	116	0.598412
114	132	0.618866
114	133	0.64283
114	135	1.20506
114	136	1.20038
114	138	0.614234
114	143	1.13808
114	144	1.17027
114	146	1.19761
114	153	1.15489
114	158	1.16395
114	159	1.19686
114	162	1.13873
114	165	1.08052
114	166	1.1796
114	171	1.19039
114	172	0.61774
114	173	1.20158
114	177	1.18738
114	178	1.18415
114	180	1.196
115	11	0.569566
115	15	1.19332
115	69	0.609362
115	83	0.747959
115	90	1.16255
115	94	1.15407
115	110	0.746202
115	139	0.723316
115	140	1.14038
115	144	1.10799
115	145	1.10911
115	146	1.13533
115	150	1.1052
115	151	1.11602
115	153	1.09261
115	156	1.12163
115	158	1.10167
115	162	1.07645
115	164	0.705427
115	165	1.01824
115	166	1.11732
115	167	0.726062
115	171	1.12811
115	172	0.703893
115	173	1.1393
115	177	1.1251
115	178	1.12187
115	180	1.13372
116	11	1.22301
116	44	1.14024
116	52	1.10002
116	76	1.1817
116	89	1.14496
116	93	1.11851
116	101	1.22436
116	105	1.17315
116	109	1.17678
116	114	0.598412
116	117	1.1259
116	119	1.19561
116	120	1.18142
116	122	0.717224
116	143	1.11536
116	154	1.19124
116	156	0.6716
116	158	0.673857
116	163	1.153
116	164	1.16488
116	166	0.656357
116	170	1.09334
116	172	1.16727
116	174	0.655507
116	175	1.15129
116	177	0.650885
116	178	0.653815
116	179	1.17796
116	180	0.65799
117	1	1.18126
117	9	1.03254
117	11	1.16707
117	30	1.00967
117	44	1.0843
117	52	1.04408
117	53	1.133
117	56	1.0481
117	58	1.13179
117	65	1.08951
117	78	1.15431
117	79	1.14626
117	81	1.10942
117	89	1.08902
117	90	0.573709
117	92	1.14664
117	97	1.11939
117	101	1.16842
117	102	1.14553
117	116	1.1259
117	141	0.680369
117	143	0.787157
117	144	0.755833
117	151	0.650565
117	155	0.928602
117	161	0.85909
117	170	1.0374
117	176	1.03637
117	178	0.683519
118	66	1.07545
118	77	1.13693
118	81	0.699066
118	84	1.0708
118	89	0.789469
118	92	0.785143
118	96	0.986111
118	102	0.76977
118	105	0.831096
118	108	0.783306
118	109	0.764114
118	112	1.12605
118	119	0.760914
118	125	1.13088
118	129	1.08753
118	132	1.11415
118	138	1.10554
118	148	1.0612
118	156	1.08182
118	158	1.06186
118	160	1.06883
118	161	1.03847
118	165	0.978427
118	166	1.07751
118	169	1.07878
118	172	1.0879
118	175	1.07192
118	177	1.08529
118	178	1.08206
118	179	1.09859
118	180	1.0939
119	16	0.483768
119	18	1.09614
119	21	1.07265
119	22	1.17582
119	35	1.28539
119	43	1.12391
119	50	1.13383
119	53	1.20272
119	59	1.18682
119	69	1.14646
119	70	1.14256
119	71	1.15807
119	73	1.15662
119	93	1.13228
119	100	1.17751
119	103	1.14267
119	105	1.18692
119	108	1.18572
119	109	1.19055
119	116	1.19561
119	118	0.760914
119	120	1.19519
119	128	0.845147
119	143	1.12913
119	144	0.618916
119	156	0.564387
119	162	0.607419
119	165	0.831406
119	168	1.18343
119	173	0.536255
119	176	0.737406
119	180	0.550776
120	18	1.08195
120	21	1.05846
120	22	1.16163
120	28	0.88149
120	35	1.2712
120	43	1.10972
120	48	0.635794
120	50	1.11964
120	53	1.18853
120	55	1.09799
120	57	0.518679
120	59	1.17263
120	69	1.13227
120	70	1.12837
120	71	1.14388
120	73	1.14243
120	93	1.11809
120	100	1.16332
120	103	1.12848
120	105	1.17273
120	108	1.17153
120	109	1.17636
120	116	1.18142
120	119	1.19519
120	128	0.823872
120	141	0.522176
120	143	1.11494
120	146	0.511283
120	155	0.77041
120	165	0.81013
120	168	1.16924
120	176	0.716131
120	180	0.529501
121	10	1.04035
121	15	1.17421
121	36	1.08687
121	44	0.690156
121	61	1.09779
121	68	1.07713
121	86	1.15777
121	88	0.694715
121	95	0.720383
121	113	0.76272
121	126	0.692885
121	130	1.11824
121	135	1.12368
121	144	1.08889
121	145	1.09001
121	146	1.11622
121	150	1.08609
121	151	1.09692
121	153	1.0735
121	156	1.10253
121	157	0.719551
121	158	1.08257
121	159	1.11548
121	160	1.08954
121	162	1.05734
121	164	0.7271
121	166	1.09821
121	169	0.773935
121	174	1.10328
121	177	1.106
121	178	1.10277
121	179	0.734715
121	180	1.11461
122	19	1.04944
122	38	0.902142
122	46	0.6535
122	48	1.07338
122	54	0.708668
122	87	1.17443
122	98	1.12832
122	104	1.07303
122	105	0.680192
122	116	0.717224
122	130	1.12815
122	132	0.737677
122	134	1.11285
122	136	1.1289
122	140	1.13118
122	141	1.13275
122	142	1.09237
122	147	0.75974
122	148	1.09182
122	150	1.096
122	151	1.10683
122	153	1.08341
122	156	1.11244
122	162	1.06725
122	163	0.777288
122	164	0.738085
122	171	1.11892
122	173	1.13011
122	174	1.11319
122	177	1.1159
122	178	1.11268
122	179	0.7457
122	180	1.12452
123	27	0.652373
123	39	0.686994
123	40	1.09852
123	46	1.18094
123	60	1.21921
123	62	0.598353
123	90	0.608261
123	110	1.10389
123	111	1.10527
123	124	1.16869
123	126	1.16365
123	129	1.13065
123	133	1.1269
123	137	1.13902
123	138	1.14866
123	139	1.13207
123	147	1.12248
123	150	0.718532
123	154	1.15499
123	155	1.05645
123	157	1.14777
123	159	0.739678
123	162	0.778889
123	163	1.11675
123	164	1.12863
123	167	1.11242
123	168	1.1334
123	169	1.12189
123	171	0.693375
123	172	1.13102
123	173	0.707724
123	175	1.11504
123	178	0.718072
123	179	1.14171
124	2	1.11229
124	20	1.11266
124	37	0.515567
124	40	1.15788
124	41	1.24683
124	46	1.2403
124	72	0.541719
124	76	1.20481
124	83	1.19603
124	86	0.58136
124	95	1.19227
124	98	0.622846
124	110	1.16325
124	113	1.16127
124	123	1.16869
124	127	1.16438
124	129	1.19
124	133	1.18626
124	136	0.627668
124	144	0.72399
124	145	0.677943
124	149	1.18662
124	154	1.21435
124	157	1.20713
124	158	0.671717
124	163	1.17611
124	166	0.654217
124	167	1.17178
124	169	1.18125
124	172	1.19038
124	174	0.653367
124	175	1.1744
124	177	0.648745
124	179	1.20107
125	3	1.13561
125	25	0.598285
125	33	1.30007
125	38	0.97931
125	45	1.26175
125	49	1.15257
125	51	1.13518
125	53	0.513607
125	57	0.595337
125	63	1.19748
125	67	1.19299
125	70	1.1572
125	74	1.21082
125	75	1.22315
125	77	1.24471
125	84	1.17858
125	88	1.16996
125	91	1.23341
125	96	1.09389
125	103	0.721613
125	106	1.13203
125	118	1.13088
125	128	1.12592
125	132	1.22193
125	143	0.705624
125	148	1.16898
125	155	1.12111
125	161	1.14625
125	165	1.08621
125	168	0.631897
125	170	0.774238
125	171	0.577288
125	176	0.792789
125	178	0.601985
125	180	0.60616
126	23	0.610834
126	38	0.968961
126	54	1.20807
126	57	0.633813
126	80	1.20669
126	82	1.18999
126	111	1.15959
126	112	0.574459
126	121	0.692885
126	123	1.16365
126	127	1.15934
126	129	1.18496
126	130	0.623874
126	133	1.18121
126	137	1.19333
126	147	1.1768
126	148	0.67954
126	149	1.18158
126	150	0.640921
126	152	1.15937
126	153	0.7006
126	154	1.2093
126	156	0.658246
126	159	0.662067
126	163	1.17107
126	164	1.18294
126	167	1.16673
126	168	1.18772
126	169	1.17621
126	170	1.11141
126	172	1.18533
126	174	0.642153
126	175	1.16935
126	176	1.11038
126	179	1.19602
127	6	1.05297
127	42	0.562523
127	54	1.14945
127	80	1.14807
127	83	1.13236
127	98	0.685802
127	104	0.774421
127	107	1.10927
127	111	1.10096
127	124	1.16438
127	126	1.15934
127	129	1.12634
127	130	0.698045
127	131	1.13513
127	133	1.12259
127	137	1.13471
127	139	1.12776
127	140	0.685239
127	147	1.11817
127	152	1.10074
127	153	0.774771
127	154	1.15068
127	155	1.05214
127	157	1.14346
127	158	0.734674
127	162	0.77545
127	163	1.11245
127	164	1.12432
127	167	1.10811
127	172	1.12671
127	174	0.716324
127	175	1.11073
127	176	1.05175
127	177	0.711701
127	179	1.1374
128	1	0.492643
128	22	0.512608
128	45	1.14901
128	51	1.02244
128	63	1.08474
128	67	1.08025
128	73	0.970427
128	77	1.13197
128	81	0.7833
128	92	0.869377
128	96	0.981153
128	101	0.848623
128	102	0.854004
128	104	1.03746
128	119	0.845147
128	120	0.823872
128	125	1.12592
128	132	1.10919
128	140	1.09561
128	142	1.0568
128	149	1.07919
128	154	1.10691
128	155	1.00837
128	159	1.08981
128	161	1.03351
128	163	1.06868
128	167	1.06434
128	169	1.07382
128	171	1.08334
128	172	1.08294
128	173	1.09453
128	177	1.08033
128	178	1.0771
128	179	1.09363
128	180	1.08895
129	10	0.760499
129	14	1.07329
129	15	0.579401
129	16	0.592359
129	17	1.20657
129	34	1.26799
129	48	0.76566
129	54	1.17507
129	107	1.13489
129	110	1.1252
129	111	1.12658
129	118	1.08753
129	123	1.13065
129	124	1.19
129	126	1.18496
129	127	1.12634
129	131	1.16076
129	134	0.681763
129	139	1.15338
129	147	1.14379
129	149	1.14858
129	150	0.655653
129	154	1.1763
129	157	1.16908
129	159	0.676799
129	160	0.674481
129	163	1.13807
129	164	1.14994
129	166	0.657735
129	167	1.13373
129	168	1.15472
129	169	1.14321
129	171	0.630496
129	173	0.644846
129	175	1.13635
129	179	1.16302
130	29	0.68364
130	31	1.17886
130	42	1.20934
130	43	0.662574
130	76	0.619826
130	80	0.639948
130	85	1.13757
130	97	0.63142
130	101	0.53349
130	104	1.11685
130	121	1.11824
130	122	1.12815
130	126	0.623874
130	127	0.698045
130	133	0.681646
130	134	1.15667
130	135	1.17741
130	136	1.17272
130	140	1.175
130	142	1.13619
130	145	1.14374
130	146	1.16995
130	150	1.13982
130	156	1.15626
130	158	1.1363
130	159	1.16921
130	162	1.11107
130	163	0.697292
130	170	1.08841
130	171	1.16274
130	173	1.17393
130	174	1.15701
130	175	0.676946
130	177	1.15973
130	178	1.1565
130	180	1.16834
131	12	1.20734
131	19	0.80118
131	36	0.68836
131	41	1.21758
131	76	1.17556
131	83	1.16678
131	99	1.16251
131	110	1.134
131	111	1.13538
131	127	1.13513
131	129	1.16076
131	133	1.15701
131	134	0.664001
131	136	0.613424
131	137	1.16913
131	139	1.16218
131	141	0.634281
131	143	1.10921
131	148	0.67651
131	149	1.15737
131	150	0.637891
131	152	1.13516
131	153	0.69757
131	157	1.17788
131	159	0.659037
131	163	1.14686
131	164	1.15874
131	165	1.05165
131	166	0.639973
131	168	1.16351
131	169	1.152
131	172	1.16113
131	175	1.14515
131	176	1.08617
131	179	1.17182
131	180	0.641606
132	3	1.11888
132	5	0.847713
132	33	1.28334
132	38	0.962582
132	42	0.522159
132	45	1.24503
132	49	1.13584
132	51	1.11845
132	55	0.803721
132	59	1.18473
132	61	0.642819
132	63	1.18075
132	67	1.17627
132	70	1.14048
132	74	1.19409
132	75	1.20642
132	77	1.22799
132	84	1.16185
132	88	1.15323
132	91	1.21668
132	96	1.07717
132	106	1.1153
132	114	0.618866
132	118	1.11415
132	122	0.737677
132	125	1.22193
132	128	1.10919
132	143	0.777907
132	148	1.15226
132	155	1.10438
132	161	1.12952
132	165	1.06948
132	169	0.108815
132	170	0.846522
132	177	0.671338
132	178	0.674269
133	72	0.588277
133	80	1.16994
133	82	1.15324
133	83	1.15423
133	85	0.689861
133	99	1.14997
133	104	0.758022
133	110	1.12145
133	113	1.11948
133	114	0.64283
133	123	1.1269
133	124	1.18626
133	126	1.18121
133	127	1.12259
133	130	0.681646
133	131	1.15701
133	137	1.15658
133	140	0.66884
133	141	0.695083
133	143	1.09667
133	146	0.684189
133	147	1.14005
133	152	1.12262
133	154	1.17255
133	155	1.07401
133	157	1.16534
133	161	1.09915
133	164	1.14619
133	167	1.12998
133	169	1.13946
133	170	1.07466
133	172	1.14858
133	174	0.699925
133	175	1.1326
