1	50	0.866217
1	68	0.758241
1	110	0.187142
1	158	0.960636
1	161	0.928092
1	164	0.955504
1	168	0.923524
1	173	0.889768
1	177	0.947231
1	178	0.929793
1	179	0.936956
1	180	0.913443
2	3	0.815302
2	6	0.818164
2	16	0.80027
2	21	0.88841
2	22	0.889687
2	38	0.867717
2	43	0.868865
2	56	0.850794
2	57	0.850572
2	157	2.42443
2	170	2.76072
2	174	0.793795
3	2	0.815302
3	6	0.817281
3	16	0.799387
3	21	0.887527
3	22	0.888805
3	38	0.866834
3	43	0.867982
3	56	0.849911
3	57	0.849689
3	112	1.88265
3	164	3.15947
3	174	0.792912
4	32	0.875983
4	51	0.860468
4	52	0.850535
4	54	0.854989
4	58	0.840899
4	64	0.825645
4	74	0.820421
4	82	0.870348
4	128	2.37401
4	144	0.763388
4	152	2.8761
4	166	0.853869
5	10	0.92865
5	15	0.802114
5	23	0.892319
5	37	0.8531
5	39	0.852829
5	45	0.782839
5	53	0.855001
5	59	0.830561
5	61	0.865571
5	146	2.39209
5	163	2.56482
5	169	0.771578
6	2	0.818164
6	3	0.817281
6	16	0.802249
6	22	0.891667
6	36	2.41111
6	38	0.869697
6	43	0.870844
6	56	0.852773
6	57	0.852551
6	109	0.842788
6	149	2.50375
6	174	0.795775
7	12	0.825581
7	17	0.99198
7	19	0.943948
7	25	0.784493
7	30	0.782787
7	61	0.868246
7	66	0.858216
7	109	0.832801
7	134	0.776987
7	147	2.96708
7	149	2.18197
7	163	0.775122
8	24	0.933192
8	35	0.88063
8	36	0.822822
8	42	0.880196
8	66	0.874089
8	78	0.749889
8	98	0.840976
8	111	0.853893
8	129	0.780086
8	134	2.90895
8	154	2.28637
8	174	0.80166
9	10	0.919704
9	15	0.793168
9	23	0.883372
9	37	0.844154
9	39	0.843883
9	53	0.846054
9	59	0.821615
9	61	0.856625
9	73	0.858547
9	169	0.762632
9	178	2.23983
9	180	2.91313
10	5	0.92865
10	9	0.919704
10	15	0.935946
10	37	0.986932
10	39	0.986662
10	45	0.916671
10	59	0.964393
10	78	0.865173
10	107	1.57637
10	165	2.30775
10	169	0.905411
10	177	2.08675
11	18	0.807404
11	44	0.869965
11	51	0.860083
11	52	0.850151
11	58	0.840515
11	64	0.825261
11	74	0.820037
11	82	0.869964
11	98	0.833714
11	153	2.48644
11	157	2.7172
11	166	0.853484
12	7	0.825581
12	17	1.01739
12	19	0.969361
12	25	0.809905
12	29	0.847412
12	30	0.808199
12	109	0.858213
12	134	0.802399
12	149	1.41532
12	163	0.800534
12	175	3.39487
13	20	0.799528
13	27	1.01462
13	36	0.81548
13	41	0.870602
13	49	0.851402
13	71	0.81672
13	95	0.833345
13	111	0.846551
13	128	0.787438
13	140	2.09928
13	165	0.796607
13	167	3.08153
14	81	0.685366
14	94	0.728578
14	114	0.728107
14	120	0.71362
14	125	0.74043
14	150	0.73969
14	151	0.761635
14	152	0.683788
14	157	0.666291
14	173	0.627624
14	176	0.668962
14	180	0.651299
15	5	0.802114
15	9	0.793168
15	10	0.935946
15	23	0.899615
15	37	0.860396
15	39	0.860125
15	45	0.790135
15	53	0.862297
15	59	0.837857
15	63	2.27148
15	169	0.778874
15	170	2.8874
16	2	0.80027
16	3	0.799387
16	6	0.802249
16	21	0.872495
16	22	0.873772
16	38	0.851802
16	43	0.85295
16	56	0.834879
16	57	0.834656
16	95	0.816907
16	106	2.62414
16	122	2.62851
16	174	0.77788
17	7	0.99198
17	12	1.01739
17	19	1.13576
17	25	0.976304
17	30	0.974598
17	107	1.38812
17	134	0.968798
17	155	2.26428
17	160	1.72219
17	163	0.966933
18	11	0.807404
18	32	0.865612
18	51	0.850096
18	52	0.840164
18	54	0.844617
18	64	0.815274
18	74	0.81005
18	82	0.859976
18	98	0.823727
18	144	0.753017
18	162	2.50824
18	166	0.843497
18	168	3.12386
19	7	0.943948
19	12	0.969361
19	17	1.13576
19	25	0.928272
19	30	0.926567
19	47	1.03667
19	109	0.976581
19	134	0.920767
19	135	3.02712
19	148	1.84245
19	163	0.918901
20	13	0.799528
20	27	0.996921
20	41	0.8529
20	49	0.833699
20	61	0.859075
20	73	0.860997
20	78	0.724844
20	87	2.50925
20	95	0.815642
20	100	2.61987
20	111	0.828848
20	128	0.769735
20	165	0.778905
21	2	0.88841
21	3	0.887527
21	16	0.872495
21	22	0.961912
21	38	0.939942
21	43	0.94109
21	56	0.923019
21	57	0.922796
21	95	0.905047
21	134	1.6172
21	148	2.52944
21	152	2.19928
21	174	0.86602
22	2	0.889687
22	3	0.888805
22	6	0.891667
22	16	0.873772
22	21	0.961912
22	38	0.94122
22	43	0.942367
22	56	0.924296
22	57	0.924074
22	137	1.75234
22	158	2.16471
22	169	2.45
22	174	0.867298
23	5	0.892319
23	9	0.883372
23	15	0.899615
23	37	0.950601
23	39	0.95033
23	45	0.88034
23	53	0.952502
23	59	0.928062
23	71	0.903015
23	91	1.20716
23	96	2.11479
23	169	0.869079
23	179	2.65601
24	8	0.933192
24	35	0.981907
24	42	0.981473
24	73	0.987319
24	78	0.851166
24	87	1.04146
24	98	0.942253
24	111	0.95517
24	128	2.09646
24	129	0.881363
24	174	0.902938
24	180	3.20823
25	7	0.784493
25	12	0.809905
25	17	0.976304
25	19	0.928272
25	29	0.806324
25	30	0.767111
25	48	1.51124
25	61	0.85257
25	66	0.84254
25	109	0.817125
25	134	0.761311
25	163	0.759445
25	167	3.92298
26	88	0.826173
26	92	0.821336
26	102	0.86218
26	103	0.860179
26	113	1.99725
26	116	0.819691
26	120	0.820212
26	125	0.847022
26	127	0.836382
26	129	0.764265
26	130	0.871547
26	153	0.773998
26	168	3.44119
27	13	1.01462
27	20	0.996921
27	41	1.068
27	49	1.04879
27	71	1.01411
27	78	0.939939
27	111	1.04394
27	128	0.98483
27	134	1.55967
27	147	1.11533
27	152	2.14176
27	165	0.994
27	176	2.40183
28	83	0.83703
28	90	0.821465
28	110	0.828394
28	114	0.824864
28	124	0.829658
28	131	0.816977
28	133	0.823932
28	138	0.810906
28	139	0.836247
28	150	0.836447
28	151	0.858393
28	172	2.50269
28	176	3.11606
29	12	0.847412
29	25	0.806324
29	30	0.804618
29	45	0.807346
29	78	0.755847
29	89	2.36887
29	133	0.855545
29	136	3.10085
29	139	0.867861
29	150	0.86806
29	151	0.890006
29	163	0.796953
29	169	0.796085
30	7	0.782787
30	12	0.808199
30	17	0.974598
30	19	0.926567
30	25	0.767111
30	29	0.804618
30	61	0.850864
30	66	0.840835
30	109	0.815419
30	134	0.759605
30	145	2.80035
30	159	2.54167
30	163	0.75774
31	102	0.930264
31	120	1.57641
31	128	0.810693
31	135	0.797072
31	145	0.833577
31	149	0.903382
31	161	0.804273
31	170	0.80356
31	172	0.823087
31	175	0.795209
31	176	0.807287
31	178	0.805974
31	179	0.813136
31	180	0.789624
32	4	0.875983
32	18	0.865612
32	44	0.928173
32	52	0.908358
32	54	0.912812
32	58	0.898722
32	64	0.883469
32	74	0.878245
32	82	0.928171
32	137	1.73392
32	144	0.821212
32	153	2.28254
32	166	0.911692
32	168	2.66004
33	55	0.913082
33	91	0.956642
33	93	0.926421
33	138	0.983234
33	147	0.92874
33	162	0.900842
33	166	0.249114
33	167	0.864758
33	171	0.881105
33	175	0.860755
33	176	0.872832
33	178	0.871519
33	179	0.878682
33	180	0.855169
34	108	0.903617
34	119	0.903684
34	124	0.895584
34	126	1.75733
34	131	0.882902
34	132	2.04988
34	133	0.889857
34	138	0.876831
34	139	0.902173
34	143	0.893169
34	150	0.902372
34	151	0.924318
34	159	2.39802
34	169	0.830398
35	8	0.88063
35	24	0.981907
35	36	0.871538
35	42	0.928911
35	66	0.922805
35	73	0.934757
35	78	0.798605
35	98	0.889691
35	111	0.902609
35	129	0.828801
35	142	1.9204
35	145	2.10093
35	153	2.62586
35	174	0.850376
36	6	2.41111
36	8	0.822822
36	13	0.81548
36	35	0.871538
36	41	0.868852
36	42	0.871103
36	49	0.849651
36	138	1.11321
36	165	0.794857
36	174	0.792568
36	177	0.798406
36	178	0.780968
36	179	0.788131
36	180	0.764618
37	5	0.8531
37	9	0.844154
37	10	0.986932
37	15	0.860396
37	23	0.950601
37	39	0.911111
37	45	0.841121
37	53	0.913283
37	59	0.888843
37	73	0.925776
37	97	2.34096
37	135	2.38489
37	144	2.27137
37	169	0.829861
38	2	0.867717
38	3	0.866834
38	6	0.869697
38	16	0.851802
38	21	0.939942
38	22	0.94122
38	40	1.11014
38	43	0.920397
38	56	0.902326
38	57	0.902104
38	109	0.892342
38	153	3.14691
38	154	2.15298
38	174	0.845328
39	5	0.852829
39	9	0.843883
39	10	0.986662
39	15	0.860125
39	23	0.95033
39	37	0.911111
39	45	0.84085
39	53	0.913012
39	59	0.888572
39	73	0.925505
39	109	1.32116
39	156	1.68515
39	169	0.82959
39	180	3.43739
40	38	1.11014
40	93	0.713072
40	108	1.01496
40	135	0.877907
40	156	0.962639
40	168	0.880541
40	172	0.903922
40	173	0.846785
40	175	0.876045
40	176	0.888123
40	177	0.904247
40	178	0.88681
40	179	0.893972
40	180	0.870459
41	13	0.870602
41	20	0.8529
41	27	1.068
41	36	0.868852
41	49	0.904774
41	71	0.870092
41	73	0.932072
41	78	0.795919
41	95	0.886717
41	111	0.899923
41	149	1.08558
41	164	2.44708
41	165	0.84998
41	168	3.06388
42	8	0.880196
42	24	0.981473
42	35	0.928911
42	36	0.871103
42	66	0.922371
42	73	0.934323
42	78	0.79817
42	98	0.889257
42	111	0.902174
42	129	0.828367
42	136	1.69481
42	169	2.77461
42	174	0.849942
42	177	2.1335
43	2	0.868865
43	3	0.867982
43	6	0.870844
43	16	0.85295
43	21	0.94109
43	22	0.942367
43	38	0.920397
43	56	0.903474
43	57	0.903251
43	87	0.951966
43	95	0.885502
43	141	2.10791
43	174	0.846475
43	176	3.35814
44	11	0.869965
44	32	0.928173
44	51	0.912657
44	52	0.902725
44	54	0.907178
44	58	0.893089
44	64	0.877835
44	70	1.67315
44	74	0.872611
44	82	0.922538
44	96	2.31612
44	144	0.815578
44	146	2.1124
44	166	0.906058
45	5	0.782839
45	10	0.916671
45	15	0.790135
45	23	0.88034
45	29	0.807346
45	37	0.841121
45	39	0.84085
45	53	0.843022
45	59	0.818582
45	71	0.793535
45	78	0.719362
45	169	0.759599
45	172	2.76661
45	178	3.05629
46	76	0.846357
46	90	0.889552
46	119	0.905845
46	124	0.897745
46	131	0.885064
46	139	0.904334
46	141	1.83865
46	143	0.89533
46	150	0.904533
46	151	0.926479
46	165	0.846381
46	166	0.903178
46	171	2.60504
46	177	2.12599
47	19	1.03667
47	57	2.37142
47	91	0.882817
47	148	0.804561
47	152	0.813833
47	155	0.810393
47	159	0.82093
47	160	0.856473
47	171	0.80728
47	172	0.814807
47	175	0.78693
47	178	0.797694
47	179	0.804857
47	180	0.781344
48	25	1.51124
48	114	0.826712
48	141	0.897921
48	143	0.527961
48	162	0.893814
48	164	0.890203
48	170	0.862078
48	171	0.874078
48	172	0.881605
48	175	0.853727
48	176	0.865805
48	177	0.881929
48	178	0.864492
48	179	0.871654
48	180	0.848142
49	13	0.851402
49	20	0.833699
49	27	1.04879
49	36	0.849651
49	41	0.904774
49	61	0.910949
49	73	0.912871
49	78	0.776718
49	95	0.867516
49	111	0.880722
49	128	0.821609
49	165	0.830779
49	172	2.11292
49	174	2.24412
49	176	2.72629
50	1	0.866217
50	60	0.861417
50	65	0.855052
50	68	0.921381
50	70	2.20074
50	72	0.832286
50	86	0.870671
50	92	0.861598
50	102	0.902442
50	115	0.901761
50	120	0.860474
50	125	0.887284
50	127	0.876644
50	130	0.911809
50	159	2.6555
51	4	0.860468
51	11	0.860083
51	18	0.850096
51	44	0.912657
51	52	0.892843
51	54	0.897296
51	58	0.883207
51	64	0.867953
51	74	0.862729
51	82	0.912656
51	142	1.69714
51	144	0.805696
51	166	0.896176
51	168	2.78009
51	169	2.55163
52	4	0.850535
52	11	0.850151
52	18	0.840164
52	32	0.908358
52	44	0.902725
52	51	0.892843
52	54	0.887364
52	58	0.873274
52	64	0.858021
52	74	0.852797
52	82	0.902723
52	162	2.08678
52	166	0.886244
52	167	2.43078
52	169	2.47395
53	5	0.855001
53	9	0.846054
53	15	0.862297
53	23	0.952502
53	37	0.913283
53	39	0.913012
53	45	0.843022
53	59	0.890744
53	61	0.925754
53	71	0.865697
53	78	0.791524
53	113	1.40825
53	165	1.4578
53	169	0.831761
53	173	4.75644
54	4	0.854989
54	18	0.844617
54	32	0.912812
54	44	0.907178
54	51	0.897296
54	52	0.887364
54	58	0.877728
54	64	0.862474
54	74	0.85725
54	82	0.907177
54	91	1.13607
54	118	2.70523
54	144	0.800217
54	166	0.890697
54	178	2.78622
55	33	0.913082
55	81	0.807486
55	83	1.3108
55	92	1.59565
55	117	0.806506
55	154	0.84765
55	155	0.802468
55	171	0.799355
55	172	0.806882
55	173	0.749745
55	176	0.791082
55	177	0.807207
55	178	0.789769
55	179	0.796932
55	180	0.773419
56	2	0.850794
56	3	0.849911
56	6	0.852773
56	16	0.834879
56	21	0.923019
56	22	0.924296
56	38	0.902326
56	43	0.903474
56	57	0.885181
56	77	2.22809
56	87	1.49732
56	95	0.867431
56	109	0.875418
56	137	2.88407
56	174	0.828404
57	2	0.850572
57	3	0.849689
57	6	0.852551
57	16	0.834656
57	21	0.922796
57	22	0.924074
57	38	0.902104
57	43	0.903251
57	47	2.37142
57	56	0.885181
57	95	0.867209
57	109	0.875196
57	156	1.70448
57	160	1.96793
57	174	0.828182
58	4	0.840899
58	11	0.840515
58	32	0.898722
58	44	0.893089
58	51	0.883207
58	52	0.873274
58	54	0.877728
58	64	0.848385
58	71	0.839924
58	74	0.843161
58	82	0.893087
58	144	0.786127
58	145	1.77791
58	161	3.00664
58	166	0.876608
58	178	2.44995
59	5	0.830561
59	9	0.821615
59	10	0.964393
59	15	0.837857
59	23	0.928062
59	37	0.888843
59	39	0.888572
59	45	0.818582
59	53	0.890744
59	71	0.841257
59	73	0.903237
59	78	0.767084
59	136	1.74537
59	165	2.40506
59	169	0.807322
59	175	3.05488
60	50	0.861417
60	75	0.862574
60	84	0.866167
60	86	0.851289
60	92	0.842217
60	102	0.883061
60	103	0.881059
60	115	0.882379
60	116	0.840572
60	120	0.841093
60	127	0.857263
60	130	0.892428
60	135	3.88799
60	137	1.61381
60	162	1.9243
60	166	0.865806
61	5	0.865571
61	7	0.868246
61	9	0.856625
61	20	0.859075
61	25	0.85257
61	30	0.850864
61	49	0.910949
61	53	0.925754
61	78	0.802094
61	117	2.68113
61	134	0.845065
61	136	1.76758
61	163	0.843199
61	165	0.856154
61	169	0.842332
61	179	2.64417
62	109	0.84287
62	121	1.99571
62	124	1.25477
62	132	0.844224
62	160	0.843036
62	161	0.782556
62	164	0.809967
62	167	0.777496
62	168	0.777988
62	172	0.801369
62	175	0.773492
62	176	0.78557
62	177	0.801694
62	178	0.784257
62	179	0.791419
62	180	0.767906
63	15	2.27148
63	117	0.806005
63	124	1.72913
63	128	0.793987
63	140	0.83332
63	141	0.822697
63	155	0.801967
63	157	0.787911
63	158	0.820111
63	161	0.787567
63	171	0.798854
63	175	0.778504
63	176	0.790581
63	177	0.806706
63	178	0.789268
63	180	0.772918
64	4	0.825645
64	11	0.825261
64	18	0.815274
64	32	0.883469
64	44	0.877835
64	51	0.867953
64	52	0.858021
64	54	0.862474
64	58	0.848385
64	71	0.82467
64	74	0.827907
64	82	0.877834
64	98	0.841584
64	142	2.06729
64	166	0.861354
64	174	2.76139
64	179	2.71857
65	50	0.855052
65	67	1.7868
65	72	0.80654
65	84	0.859802
65	88	0.840688
65	94	0.849685
65	101	2.04229
65	102	0.876696
65	105	0.91807
65	116	0.834207
65	120	0.834728
65	125	0.861537
65	127	0.850898
65	130	0.886063
65	153	0.788513
65	163	3.2223
65	166	0.859441
66	7	0.858216
66	8	0.874089
66	25	0.84254
66	30	0.840835
66	35	0.922805
66	42	0.922371
66	85	0.944994
66	94	1.43636
66	134	0.835035
66	148	0.839102
66	151	0.527979
66	163	0.833169
66	168	0.825967
66	173	0.792211
66	174	0.843835
66	179	0.839398
66	180	0.815885
67	65	1.7868
67	84	1.04782
67	143	0.771957
67	145	0.864802
67	156	0.913028
67	159	0.860434
67	164	0.862909
67	167	0.830438
67	168	0.83093
67	170	0.834785
67	171	0.846785
67	172	0.854311
67	175	0.826434
67	176	0.838512
67	177	0.854636
67	178	0.837199
67	180	0.820849
68	1	0.758241
68	50	0.921381
68	72	0.872869
68	75	0.922539
68	79	1.54304
68	88	0.907018
68	92	0.902181
68	94	0.916014
68	102	0.943026
68	115	0.942344
68	116	0.900536
68	120	0.901057
68	125	0.927867
68	127	0.917228
68	130	0.952393
68	132	2.19938
68	159	2.54752
69	76	0.873496
69	101	1.06949
69	107	1.87343
69	110	0.92362
69	114	0.920089
69	117	2.85868
69	119	0.932984
69	124	0.924884
69	131	0.912203
69	133	0.919157
69	138	0.906132
69	139	0.931473
69	143	0.922469
69	150	0.931673
69	151	0.953618
69	160	2.2075
69	163	0.860566
70	44	1.67315
70	50	2.20074
70	137	0.884647
70	155	0.843712
70	157	0.829656
70	158	0.861856
70	160	0.889793
70	166	0.83417
70	167	0.824253
70	170	0.8286
70	171	0.840599
70	173	0.790989
70	175	0.820249
70	176	0.832326
70	177	0.848451
70	178	0.831013
70	179	0.838176
70	180	0.814663
71	13	0.81672
71	23	0.903015
71	27	1.01411
71	41	0.870092
71	45	0.793535
71	53	0.865697
71	58	0.839924
71	59	0.841257
71	64	0.82467
71	74	0.819447
71	82	0.869373
71	99	3.32366
71	132	1.74472
71	146	2.07735
71	165	0.796097
71	166	0.852894
71	169	0.782275
72	50	0.832286
72	65	0.80654
72	68	0.872869
72	75	0.833444
72	88	0.817923
72	101	1.77912
72	102	0.85393
72	103	0.851929
72	105	0.895304
72	113	2.51906
72	115	0.853249
72	116	0.811441
72	120	0.811962
72	125	0.838772
72	127	0.828132
72	130	0.863298
72	134	3.21417
72	166	0.836676
73	9	0.858547
73	20	0.860997
73	24	0.987319
73	35	0.934757
73	37	0.925776
73	39	0.925505
73	41	0.932072
73	42	0.934323
73	49	0.912871
73	59	0.903237
73	77	1.45365
73	128	0.848907
73	153	2.65825
73	154	1.66432
73	165	0.858077
73	167	2.76412
73	169	0.844254
73	174	0.855788
74	4	0.820421
74	11	0.820037
74	18	0.81005
74	32	0.878245
74	44	0.872611
74	51	0.862729
74	52	0.852797
74	54	0.85725
74	58	0.843161
74	64	0.827907
74	71	0.819447
74	82	0.87261
74	98	0.83636
74	129	2.86834
74	144	0.76565
74	165	2.52161
74	166	0.85613
74	177	2.30061
75	60	0.862574
75	68	0.922539
75	72	0.833444
75	84	0.886706
75	86	0.871828
75	92	0.862756
75	102	0.9036
75	103	0.901598
75	105	0.944974
75	115	0.902918
75	116	0.861111
75	125	0.888441
75	127	0.877802
75	130	0.912967
75	140	1.69793
75	164	2.33501
75	165	2.30324
75	166	0.886345
75	171	2.56128
76	46	0.846357
76	69	0.873496
76	89	1.88956
76	90	0.81913
76	93	0.872933
76	104	0.798374
76	114	0.822528
76	119	0.835423
76	121	0.845307
76	124	0.827323
76	131	0.814642
76	133	0.821596
76	138	0.80857
76	139	0.833912
76	141	2.77289
76	143	0.824908
76	150	0.834112
76	151	0.856057
76	155	3.42601
77	56	2.22809
77	73	1.45365
77	99	0.812127
77	100	0.893968
77	105	1.22294
77	149	0.911167
77	152	0.829898
77	155	0.826458
77	157	0.812402
77	158	0.844602
77	168	0.80749
77	170	0.811345
77	171	0.823345
77	172	0.830872
77	176	0.815072
77	177	0.831197
77	178	0.813759
77	179	0.820922
77	180	0.797409
78	8	0.749889
78	10	0.865173
78	20	0.724844
78	24	0.851166
78	27	0.939939
78	29	0.755847
78	35	0.798605
78	41	0.795919
78	42	0.79817
78	45	0.719362
78	49	0.776718
78	53	0.791524
78	59	0.767084
78	61	0.802094
78	126	2.79504
78	157	4.4501
78	165	0.721924
78	169	0.708101
78	174	0.719635
79	68	1.54304
79	81	0.891046
79	115	0.989431
79	133	0.616092
79	145	0.900932
79	156	0.949158
79	159	0.896564
79	160	0.932108
79	166	0.284448
79	167	0.866568
79	170	0.870915
79	171	0.882915
79	172	0.890442
79	173	0.833304
79	175	0.862565
79	177	0.890767
79	178	0.873329
79	179	0.880492
79	180	0.856979
80	112	0.796022
80	118	0.750973
80	152	0.742806
80	156	0.802496
80	162	0.755989
80	164	0.752377
80	166	5.00806
80	167	0.719906
80	168	0.720398
80	169	0.726733
80	170	0.724253
80	171	0.736253
80	172	0.74378
80	173	0.686642
80	175	0.715902
80	176	0.72798
80	178	0.726667
80	179	0.733829
80	180	0.710317
81	14	0.685366
81	55	0.807486
81	79	0.891046
81	103	2.14471
81	113	0.83723
81	127	1.93992
81	148	0.77279
81	154	0.823804
81	158	0.796767
81	159	0.789159
81	161	0.764223
81	162	0.795246
81	172	0.783037
81	173	0.725899
81	175	0.755159
81	176	0.767237
81	178	0.765924
81	179	0.773086
81	180	0.749574
82	4	0.870348
82	11	0.869964
82	18	0.859976
82	32	0.928171
82	44	0.922538
82	51	0.912656
82	52	0.902723
82	54	0.907177
82	58	0.893087
82	64	0.877834
82	71	0.869373
82	74	0.87261
82	98	0.886287
82	144	0.815576
82	145	1.79717
82	156	1.39026
82	161	3.0259
82	166	0.906057
82	176	2.79291
83	28	0.83703
83	55	1.3108
83	104	0.857134
83	106	0.723528
83	108	0.894117
83	110	0.884819
83	114	0.881289
83	119	0.894183
83	121	0.904067
83	124	0.886084
83	133	0.880357
83	138	0.867331
83	139	0.892673
83	143	0.883669
83	150	0.892872
83	151	0.914818
83	161	3.06085
83	165	0.83472
83	169	0.820897
83	180	3.17746
84	60	0.866167
84	65	0.859802
84	67	1.04782
84	75	0.886706
84	86	0.875421
84	94	0.880181
84	100	1.28497
84	103	0.905191
84	105	0.948566
84	115	0.906511
84	116	0.864703
84	120	0.865224
84	125	0.892034
84	127	0.881395
84	128	0.823972
84	129	0.809277
84	130	0.91656
84	140	2.23332
84	153	0.81901
84	170	3.67675
85	66	0.944994
85	90	0.872852
85	93	0.926655
85	104	0.852095
85	108	0.889078
85	111	0.879624
85	121	0.899028
85	124	0.881044
85	128	2.52116
85	131	0.868363
85	138	0.862292
85	139	0.887634
85	143	0.87863
85	146	2.0134
85	150	0.887833
85	151	0.909779
85	165	0.829681
85	166	0.886477
85	169	0.815858
85	179	2.75834
86	50	0.870671
86	60	0.851289
86	75	0.871828
86	84	0.875421
86	88	0.856307
86	89	1.1269
86	92	0.851471
86	102	0.892315
86	103	0.890313
86	105	0.933689
86	115	0.891633
86	116	0.849826
86	120	0.850347
86	125	0.877156
86	127	0.866517
86	130	0.901682
86	140	1.91326
86	166	0.87506
86	169	2.93868
86	175	3.1684
87	20	2.50925
87	24	1.04146
87	43	0.951966
87	56	1.49732
87	91	0.940142
87	140	0.899071
87	149	0.952427
87	152	0.871159
87	154	0.9129
87	155	0.867719
87	163	0.855953
87	165	0.868908
87	168	0.848751
87	172	0.872132
87	173	0.814995
87	174	0.866619
87	175	0.844255
87	178	0.85502
87	179	0.862182
87	180	0.838669
88	26	0.826173
88	65	0.840688
88	68	0.907018
88	72	0.817923
88	86	0.856307
88	94	0.861068
88	102	0.888079
88	103	0.886077
88	105	0.929452
88	115	0.887397
88	116	0.84559
88	120	0.846111
88	125	0.87292
88	127	0.862281
88	130	0.897446
88	153	0.799896
88	164	1.37179
88	166	0.870824
88	173	4.63866
88	174	1.59974
88	176	2.08191
89	29	2.36887
89	76	1.88956
89	86	1.1269
89	91	0.930862
89	124	0.115272
89	126	0.915138
89	132	0.905707
89	136	0.900268
89	148	0.852606
89	155	0.858438
89	158	0.876582
89	161	0.844039
89	170	0.843326
89	171	0.855325
89	172	0.862852
89	173	0.805715
89	176	0.847052
89	177	0.863177
89	178	0.845739
89	179	0.852902
89	180	0.829389
90	28	0.821465
90	46	0.889552
90	76	0.81913
90	85	0.872852
90	104	0.841569
90	108	0.878552
90	111	0.869099
90	118	2.56415
90	119	0.878619
90	121	0.888502
90	123	2.49926
90	124	0.870519
90	129	2.57367
90	131	0.857837
90	133	0.864792
90	138	0.851766
90	139	0.877108
90	143	0.868104
90	147	1.68233
90	150	0.877307
90	151	0.899253
91	23	1.20716
91	33	0.956642
91	47	0.882817
91	54	1.13607
91	87	0.940142
91	89	0.930862
91	105	0.924512
91	108	1.54871
91	135	0.824427
91	147	0.89055
91	152	0.849469
91	160	0.892109
91	167	0.826569
91	172	0.850442
91	174	0.844929
91	175	0.822565
91	176	0.834643
91	177	0.850767
91	178	0.83333
91	179	0.840492
91	180	0.816979
92	26	0.821336
92	50	0.861598
92	55	1.59565
92	60	0.842217
92	68	0.902181
92	75	0.862756
92	86	0.851471
92	94	0.856231
92	95	0.845929
92	103	0.881241
92	105	0.924616
92	113	1.57545
92	115	0.882561
92	116	0.840753
92	120	0.841274
92	125	0.868084
92	127	0.857445
92	130	0.89261
92	165	2.37082
92	166	0.865988
92	175	3.02065
93	33	0.926421
93	40	0.713072
93	76	0.872933
93	85	0.926655
93	110	0.923058
93	112	1.23371
93	114	0.919527
93	119	0.932422
93	121	0.942306
93	124	0.924322
93	131	0.911641
93	133	0.918595
93	138	0.905569
93	139	0.930911
93	143	0.921907
93	150	0.93111
93	151	0.953056
93	164	2.51054
93	166	0.929755
93	169	0.859136
93	175	3.12859
94	14	0.728578
94	65	0.849685
94	66	1.43636
94	68	0.916014
94	84	0.880181
94	88	0.861068
94	92	0.856231
94	102	0.897075
94	105	0.938449
94	106	1.67036
94	115	0.896394
94	116	0.854586
94	120	0.855107
94	125	0.881917
94	127	0.871277
94	128	0.813855
94	129	0.79916
94	130	0.906443
94	146	2.50476
94	163	2.67748
94	166	0.879821
95	13	0.833345
95	16	0.816907
95	20	0.815642
95	21	0.905047
95	41	0.886717
95	43	0.885502
95	49	0.867516
95	56	0.867431
95	57	0.867209
95	92	0.845929
95	115	0.886091
95	120	0.844804
95	125	0.871614
95	127	0.860975
95	128	0.803552
95	130	0.89614
95	136	1.5914
95	144	4.13421
95	147	1.70649
95	165	0.812722
95	174	0.810432
95	179	2.468
96	23	2.11479
96	44	2.31612
96	97	0.804291
96	107	0.877035
96	113	0.864544
96	141	0.826666
96	148	0.800105
96	149	0.890646
96	155	0.805937
96	161	0.791537
96	162	0.82256
96	164	0.818949
96	166	1.47714
96	167	0.786477
96	168	0.786969
96	170	0.790824
96	173	0.753213
96	175	0.782473
96	177	0.810675
96	178	0.793238
96	179	0.8004
96	180	0.776888
97	37	2.34096
97	96	0.804291
97	113	0.830566
97	124	3.45965
97	129	0.749285
97	135	0.750358
97	148	0.766127
97	152	0.775399
97	155	0.771959
97	158	0.790103
97	160	0.818039
97	167	0.752499
97	170	0.756846
97	171	0.768846
97	173	0.719235
97	174	0.77086
97	175	0.748495
97	176	0.760573
97	177	0.776697
97	178	0.75926
97	179	0.766422
97	180	0.74291
98	8	0.840976
98	11	0.833714
98	18	0.823727
98	24	0.942253
98	35	0.889691
98	42	0.889257
98	64	0.841584
98	74	0.83636
98	82	0.886287
98	114	0.85958
98	128	2.30838
98	129	0.789147
98	138	0.845622
98	143	0.861959
98	150	0.871163
98	151	0.893109
98	154	1.60581
98	155	2.47344
98	166	0.869807
98	169	0.799188
98	174	0.810722
98	180	3.42015
99	71	3.32366
99	77	0.812127
99	107	0.830372
99	122	0.828158
99	130	2.47787
99	148	0.753441
99	152	0.762714
99	153	0.746332
99	156	0.822404
99	160	0.805354
99	162	0.775897
99	164	0.772285
99	167	0.739814
99	168	0.740306
99	170	0.744161
99	172	0.763688
99	175	0.73581
99	176	0.747888
99	177	0.764012
99	178	0.746575
99	179	0.753737
99	180	0.730225
100	20	2.61987
100	77	0.893968
100	84	1.28497
100	130	0.205937
100	131	1.28957
100	140	0.872467
100	145	0.856019
100	146	0.864652
100	154	0.886296
100	156	0.904245
100	158	0.859258
100	162	0.857738
100	167	0.821655
100	168	0.822147
100	170	0.826002
100	171	0.838002
100	172	0.845528
100	173	0.788391
100	175	0.817651
100	176	0.829729
100	177	0.845853
100	179	0.835578
100	180	0.812065
101	65	2.04229
101	69	1.06949
101	72	1.77912
101	131	1.30791
101	132	0.892355
101	141	0.865816
101	147	0.889608
101	154	0.890268
101	157	0.83103
101	159	0.855623
101	160	0.891167
101	161	0.830687
101	167	0.825627
101	170	0.829974
101	172	0.8495
101	173	0.792363
101	174	0.843987
101	175	0.821623
101	176	0.833701
101	177	0.849825
101	178	0.832388
101	179	0.83955
101	180	0.816038
102	26	0.86218
102	31	0.930264
102	50	0.902442
102	60	0.883061
102	65	0.876696
102	68	0.943026
102	72	0.85393
102	75	0.9036
102	86	0.892315
102	88	0.888079
102	94	0.897075
102	103	0.922085
102	115	0.923405
102	116	0.881598
102	120	0.882118
102	125	0.908928
102	127	0.898289
102	130	0.933454
102	153	0.835904
102	171	2.14561
102	172	2.01608
102	174	2.14729
102	180	2.97906
103	26	0.860179
103	60	0.881059
103	72	0.851929
103	75	0.901598
103	81	2.14471
103	84	0.905191
103	86	0.890313
103	88	0.886077
103	92	0.881241
103	102	0.922085
103	105	0.963459
103	115	0.921403
103	116	0.879596
103	120	0.880117
103	125	0.906926
103	127	0.896287
103	129	0.82417
103	130	0.931452
103	132	1.25542
103	156	1.45534
103	162	2.14904
103	166	0.90483
103	170	2.95421
104	76	0.798374
104	83	0.857134
104	85	0.852095
104	90	0.841569
104	110	0.848498
104	114	0.844967
104	119	0.857862
104	121	0.867746
104	124	0.849762
104	131	0.837081
104	133	0.844035
104	134	0.787309
104	138	0.831009
104	139	0.856351
104	143	0.847347
104	150	0.85655
104	151	0.878496
104	155	2.60912
104	162	2.49729
104	163	0.785443
104	165	0.798399
104	166	0.855195
104	167	2.84128
104	172	2.59285
105	65	0.91807
105	72	0.895304
105	75	0.944974
105	77	1.22294
105	84	0.948566
105	86	0.933689
105	88	0.929452
105	91	0.924512
105	92	0.924616
105	94	0.938449
105	103	0.963459
105	115	0.964779
105	116	0.922971
105	120	0.923492
105	125	0.950302
105	127	0.939662
105	128	0.882239
105	130	0.974827
105	147	1.61185
105	152	2.63828
105	153	0.877278
105	158	2.29129
105	160	1.75915
105	166	0.948206
106	16	2.62414
106	83	0.723528
106	94	1.67036
106	118	0.846463
106	122	0.90374
106	126	0.891555
106	131	1.48079
106	135	0.813255
106	140	0.866209
106	142	0.871208
106	145	0.84976
106	146	0.858394
106	156	0.897986
106	157	0.820799
106	167	0.815396
106	168	0.815888
106	170	0.819743
106	172	0.83927
106	173	0.782132
106	175	0.811392
106	177	0.839594
106	178	0.822157
106	179	0.829319
106	180	0.805807
107	10	1.57637
107	17	1.38812
107	69	1.87343
107	96	0.877035
107	99	0.830372
107	112	0.901359
107	117	0.84874
107	119	1.2537
107	140	0.876055
107	149	0.929411
107	161	0.830303
107	162	0.861326
107	164	0.857714
107	167	0.825243
107	168	0.825735
107	171	0.84159
107	173	0.791979
107	175	0.821239
107	176	0.833317
107	177	0.849441
107	178	0.832003
107	179	0.839166
107	180	0.815653
108	34	0.903617
108	40	1.01496
108	83	0.894117
108	85	0.889078
108	90	0.878552
108	91	1.54871
108	110	0.885481
108	114	0.881951
108	119	0.894845
108	121	0.904729
108	122	1.42259
108	124	0.886745
108	131	0.874064
108	133	0.881018
108	134	0.824292
108	138	0.867993
108	139	0.893334
108	143	0.88433
108	144	0.801698
108	150	0.893534
108	151	0.915479
108	153	0.82125
108	169	0.821559
108	177	2.55965
108	178	3.19885
109	6	0.842788
109	7	0.832801
109	12	0.858213
109	19	0.976581
109	25	0.817125
109	30	0.815419
109	38	0.892342
109	39	1.32116
109	56	0.875418
109	57	0.875196
109	62	0.84287
109	131	1.8185
109	134	0.809619
109	151	1.09969
109	161	0.805119
109	162	0.836142
109	163	0.807754
109	164	0.832531
109	166	0.776722
109	171	0.816406
109	174	0.81842
109	177	0.824258
109	178	0.80682
109	180	0.79047
110	1	0.187142
110	28	0.828394
110	69	0.92362
110	83	0.884819
110	93	0.923058
110	104	0.848498
110	108	0.885481
110	114	0.872653
110	119	0.885547
110	121	0.895431
110	124	0.877447
110	131	0.864766
110	133	0.871721
110	138	0.858695
110	139	0.884036
110	143	0.875032
110	148	3.30092
110	150	0.884236
110	151	0.906182
110	159	1.97642
110	163	0.813129
110	165	0.826084
110	166	0.88288
110	177	2.26795
110	179	2.70586
111	8	0.853893
111	13	0.846551
111	20	0.828848
111	24	0.95517
111	27	1.04394
111	35	0.902609
111	41	0.899923
111	42	0.902174
111	49	0.880722
111	85	0.879624
111	90	0.869099
111	128	0.816758
111	129	0.802064
111	131	0.86461
111	134	0.814838
111	142	2.44311
111	143	0.874877
111	145	2.62364
111	149	1.54777
111	150	0.88408
111	151	0.906026
111	154	2.15464
111	165	0.825928
111	174	0.823639
111	177	2.65649
112	3	1.88265
112	80	0.796022
112	93	1.23371
112	107	0.901359
112	115	1.26139
112	116	1.66552
112	118	0.841869
112	126	0.886961
112	135	0.80866
112	142	0.866613
112	146	0.853799
112	152	0.833701
112	160	0.876341
112	161	0.815861
112	162	0.846884
112	167	0.810801
112	168	0.811293
112	171	0.827148
112	172	0.834675
112	173	0.777537
112	176	0.818875
112	177	0.835
112	178	0.817562
112	179	0.824725
112	180	0.801212
113	26	1.99725
113	53	1.40825
113	72	2.51906
113	81	0.83723
113	92	1.57545
113	96	0.864544
113	97	0.830566
113	135	0.810611
113	137	0.873147
113	145	0.847116
113	146	0.85575
113	152	0.835652
113	160	0.878292
113	162	0.848835
113	163	0.820447
113	164	0.845223
113	167	0.812752
113	170	0.817099
113	171	0.829099
113	172	0.836626
113	173	0.779488
113	175	0.808748
113	176	0.820826
113	179	0.826675
113	180	0.803163
114	14	0.728107
114	28	0.824864
114	48	0.826712
114	69	0.920089
114	76	0.822528
114	83	0.881289
114	93	0.919527
114	98	0.85958
114	104	0.844967
114	108	0.881951
114	110	0.872653
114	121	0.891901
114	124	0.873917
114	131	0.861236
114	133	0.86819
114	138	0.855164
114	139	0.880506
114	140	2.25621
114	143	0.871502
114	147	2.31691
114	150	0.880705
114	151	0.902651
114	162	2.89446
114	163	0.809598
114	165	0.822553
114	169	0.808731
114	174	3.12124
115	50	0.901761
115	60	0.882379
115	68	0.942344
115	72	0.853249
115	75	0.902918
115	79	0.989431
115	84	0.906511
115	86	0.891633
115	88	0.887397
115	92	0.882561
115	94	0.896394
115	95	0.886091
115	102	0.923405
115	103	0.921403
115	105	0.964779
115	112	1.26139
115	116	0.880916
115	120	0.881437
115	123	2.77877
115	125	0.908246
115	127	0.897607
115	130	0.932772
115	142	2.07206
115	149	1.17672
115	153	0.835222
115	157	3.00827
115	166	0.90615
116	26	0.819691
116	60	0.840572
116	65	0.834207
116	68	0.900536
116	72	0.811441
116	75	0.861111
116	84	0.864703
116	86	0.849826
116	88	0.84559
116	92	0.840753
116	94	0.854586
116	102	0.881598
116	103	0.879596
116	105	0.922971
116	112	1.66552
116	115	0.880916
116	120	0.839629
116	122	1.55251
116	125	0.866439
116	127	0.855799
116	128	0.798377
116	129	0.783682
116	130	0.890965
116	153	0.793415
116	156	2.24983
116	163	2.55526
116	166	0.864343
116	178	3.32878
117	55	0.806506
117	61	2.68113
117	63	0.806005
117	69	2.85868
117	107	0.84874
117	122	0.846526
117	124	1.7608
117	137	0.818577
117	146	0.80118
117	152	0.781082
117	154	0.822823
117	155	0.777642
117	156	0.840772
117	159	0.788178
117	162	0.794265
117	167	0.758182
117	168	0.758674
117	170	0.762529
117	171	0.774529
117	172	0.782056
117	173	0.724918
117	174	0.776543
117	175	0.754178
117	176	0.766256
117	178	0.764943
117	179	0.772105
117	180	0.748593
118	54	2.70523
118	80	0.750973
118	90	2.56415
118	106	0.846463
118	112	0.841869
118	145	0.800116
118	146	0.80875
118	148	0.77938
118	149	0.869921
118	152	0.788652
118	159	0.795749
118	161	0.770812
118	162	0.801836
118	163	0.773447
118	166	2.13867
118	167	0.765752
118	168	0.766244
118	170	0.770099
118	171	0.782099
118	172	0.789626
118	173	0.732488
118	175	0.761749
118	176	0.773826
118	177	0.789951
118	178	0.772513
118	179	0.779676
118	180	0.756163
119	34	0.903684
119	46	0.905845
119	69	0.932984
119	76	0.835423
119	83	0.894183
119	90	0.878619
119	93	0.932422
119	104	0.857862
119	107	1.2537
119	108	0.894845
119	110	0.885547
119	121	0.904795
119	124	0.886811
119	131	0.87413
119	133	0.881085
119	134	0.824358
119	138	0.868059
119	139	0.893401
119	143	0.884397
119	150	0.8936
119	151	0.915546
119	153	0.821316
119	158	2.11991
119	160	1.58778
119	166	0.892244
119	169	0.821625
119	170	2.82321
119	171	2.24313
119	175	2.63491
120	14	0.71362
120	26	0.820212
120	31	1.57641
120	50	0.860474
120	60	0.841093
120	65	0.834728
120	68	0.901057
120	72	0.811962
120	84	0.865224
120	86	0.850347
120	88	0.846111
120	92	0.841274
120	94	0.855107
120	95	0.844804
120	102	0.882118
120	103	0.880117
120	105	0.923492
120	115	0.881437
120	116	0.839629
120	125	0.86696
120	127	0.85632
120	128	0.798897
120	129	0.784203
120	130	0.891486
120	153	0.793936
120	154	1.81087
120	165	2.53372
120	177	2.31272
120	180	3.62521
121	62	1.99571
121	76	0.845307
121	83	0.904067
121	85	0.899028
121	90	0.888502
121	93	0.942306
121	104	0.867746
121	108	0.904729
121	110	0.895431
121	114	0.891901
121	119	0.904795
121	124	0.896695
121	126	1.09465
121	131	0.884014
121	133	0.890969
121	138	0.877943
121	141	1.73953
121	143	0.89428
121	144	0.811648
121	150	0.903484
121	151	0.92543
121	153	0.8312
121	154	1.52502
121	163	0.832377
121	165	0.845332
121	166	0.902128
121	169	0.831509
121	175	2.8977
121	180	3.33937
122	16	2.62851
122	99	0.828158
122	106	0.90374
122	108	1.42259
122	116	1.55251
122	117	0.846526
122	125	1.12141
122	130	0.401532
122	141	0.863218
122	142	0.878841
122	145	0.857393
122	146	0.866026
122	152	0.845929
122	155	0.842489
122	157	0.828432
122	159	0.853025
122	160	0.888569
122	164	0.8555
122	167	0.823029
122	171	0.839376
122	172	0.846902
122	173	0.789765
122	174	0.841389
122	175	0.819025
122	176	0.831103
122	177	0.847227
122	178	0.82979
122	179	0.836952
122	180	0.813439
123	90	2.49926
123	115	2.77877
123	126	0.834136
123	136	0.819266
123	139	1.94683
123	141	0.798166
123	142	0.813789
123	149	0.862145
123	154	0.822618
123	156	0.840567
123	157	0.76338
123	158	0.795581
123	160	0.823517
123	161	0.763037
123	164	0.790448
123	167	0.757977
123	168	0.758469
123	170	0.762324
123	171	0.774324
123	172	0.781851
123	173	0.724713
123	175	0.753973
123	176	0.766051
123	177	0.782175
123	178	0.764738
123	179	0.7719
123	180	0.748388
124	28	0.829658
124	34	0.895584
124	46	0.897745
124	62	1.25477
124	63	1.72913
124	69	0.924884
124	76	0.827323
124	83	0.886084
124	85	0.881044
124	89	0.115272
124	90	0.870519
124	93	0.924322
124	97	3.45965
124	104	0.849762
124	108	0.886745
124	110	0.877447
124	114	0.873917
124	117	1.7608
124	119	0.886811
124	121	0.896695
124	131	0.86603
124	138	0.859959
124	139	0.885301
124	143	0.876297
124	144	0.793664
124	150	0.8855
124	151	0.907446
124	162	1.53989
124	166	0.884144
124	169	0.813525
125	14	0.74043
125	26	0.847022
125	50	0.887284
125	65	0.861537
125	68	0.927867
125	72	0.838772
125	75	0.888441
125	84	0.892034
125	86	0.877156
125	88	0.87292
125	92	0.868084
125	94	0.881917
125	95	0.871614
125	102	0.908928
125	103	0.906926
125	105	0.950302
125	115	0.908246
125	116	0.866439
125	120	0.86696
125	122	1.12141
125	127	0.88313
125	129	0.811013
125	130	0.918295
125	153	0.820745
125	156	1.81872
125	160	2.08216
125	163	2.12416
125	164	2.51124
125	166	0.891673
125	176	3.22137
126	34	1.75733
126	78	2.79504
126	89	0.915138
126	106	0.891555
126	112	0.886961
126	121	1.09465
126	123	0.834136
126	127	0.758075
126	135	0.808703
126	136	0.872133
126	141	0.851034
126	146	0.853842
126	151	0.971198
126	152	0.833744
126	154	0.875485
126	159	0.84084
126	161	0.815904
126	162	0.846927
126	164	0.843316
126	168	0.811336
126	169	0.817671
126	170	0.815191
126	171	0.827191
126	172	0.834718
126	175	0.80684
126	176	0.818918
126	177	0.835042
126	178	0.817605
126	179	0.824768
126	180	0.801255
127	26	0.836382
127	50	0.876644
127	60	0.857263
127	65	0.850898
127	68	0.917228
127	72	0.828132
127	75	0.877802
127	81	1.93992
127	84	0.881395
127	86	0.866517
127	88	0.862281
127	92	0.857445
127	94	0.871277
127	95	0.860975
127	102	0.898289
127	103	0.896287
127	105	0.939662
127	115	0.897607
127	116	0.855799
127	120	0.85632
127	125	0.88313
127	126	0.758075
127	128	0.815068
127	129	0.800373
127	130	0.907656
127	144	3.79442
127	153	0.810106
127	163	1.55598
127	166	0.881034
127	169	2.33141
127	179	2.1282
128	4	2.37401
128	13	0.787438
128	20	0.769735
128	24	2.09646
128	27	0.98483
128	31	0.810693
128	49	0.821609
128	63	0.793987
128	73	0.848907
128	84	0.823972
128	85	2.52116
128	94	0.813855
128	95	0.803552
128	98	2.30838
128	105	0.882239
128	111	0.816758
128	116	0.798377
128	120	0.798897
128	127	0.815068
128	130	0.850233
128	145	0.780529
128	159	0.776161
128	164	0.778636
128	165	0.766815
128	166	0.823611
128	168	0.746657
128	171	0.762512
128	176	0.754239
128	177	0.770363
128	179	0.760088
128	180	0.736576
129	8	0.780086
129	24	0.881363
129	26	0.764265
129	35	0.828801
129	42	0.828367
129	74	2.86834
129	84	0.809277
129	90	2.57367
129	94	0.79916
129	97	0.749285
129	98	0.789147
129	103	0.82417
129	111	0.802064
129	116	0.783682
129	120	0.784203
129	125	0.811013
129	127	0.800373
129	132	0.798199
129	136	0.79276
129	138	2.88231
129	155	0.750931
129	157	0.736874
129	163	0.739165
129	170	0.735818
129	172	0.755344
129	173	0.698207
129	174	0.749831
129	175	0.727467
129	179	0.745394
129	180	0.721881
130	26	0.871547
130	50	0.911809
130	60	0.892428
130	65	0.886063
130	68	0.952393
130	72	0.863298
130	75	0.912967
130	84	0.91656
130	86	0.901682
130	88	0.897446
130	92	0.89261
130	94	0.906443
130	95	0.89614
130	99	2.47787
130	100	0.205937
130	102	0.933454
130	103	0.931452
130	105	0.974827
130	115	0.932772
130	116	0.890965
130	120	0.891486
130	122	0.401532
130	125	0.918295
130	127	0.907656
130	128	0.850233
130	153	0.845271
130	166	0.916199
130	169	2.17971
130	170	2.59772
130	176	2.50149
130	178	2.1778
131	28	0.816977
131	34	0.882902
131	46	0.885064
131	69	0.912203
131	76	0.814642
131	85	0.868363
131	90	0.857837
131	93	0.911641
131	100	1.28957
131	101	1.30791
131	104	0.837081
131	106	1.48079
131	108	0.874064
131	109	1.8185
131	110	0.864766
131	111	0.86461
131	114	0.861236
131	119	0.87413
131	121	0.884014
131	124	0.86603
131	133	0.860303
131	138	0.847278
131	139	0.872619
131	143	0.863615
131	150	0.872819
131	151	0.894764
131	156	2.18248
131	163	0.801712
131	165	0.814667
131	166	0.871463
131	169	0.800844
131	171	3.10127
132	34	2.04988
132	62	0.844224
132	68	2.19938
132	71	1.74472
132	89	0.905707
132	101	0.892355
132	103	1.25542
132	129	0.798199
132	136	0.862702
132	138	1.67491
132	140	0.852226
132	147	0.865395
132	148	0.81504
132	152	0.824313
132	154	0.866054
132	155	0.820873
132	157	0.806816
132	158	0.839017
132	159	0.831409
132	160	0.866953
132	161	0.806473
132	162	0.837496
132	167	0.801413
132	168	0.801905
132	170	0.80576
132	171	0.81776
132	173	0.768149
132	175	0.797409
132	176	0.809487
132	177	0.825611
132	179	0.815336
132	180	0.791824
133	28	0.823932
133	29	0.855545
133	34	0.889857
133	69	0.919157
133	76	0.821596
133	79	0.616092
133	83	0.880357
133	90	0.864792
133	93	0.918595
133	104	0.844035
133	108	0.881018
133	110	0.871721
133	114	0.86819
133	119	0.881085
133	121	0.890969
133	131	0.860303
133	138	0.854232
133	139	0.879574
133	143	0.87057
133	144	0.787937
133	149	0.803381
133	150	0.879773
133	151	0.901719
133	153	0.80749
133	163	0.808666
133	164	2.16487
133	165	0.821621
133	166	0.878418
133	169	0.807799
133	172	2.26162
133	173	5.43175
133	179	2.35001
134	7	0.776987
134	8	2.90895
134	12	0.802399
134	17	0.968798
134	19	0.920767
134	21	1.6172
134	25	0.761311
134	27	1.55967
134	30	0.759605
134	61	0.845065
134	66	0.835035
134	72	3.21417
134	104	0.787309
134	108	0.824292
134	109	0.809619
134	111	0.814838
134	119	0.824358
134	139	0.822848
134	143	0.813844
134	147	0.808227
134	150	0.823047
134	151	0.844993
134	154	0.808886
134	161	0.749305
134	163	0.75194
134	171	0.760592
134	176	0.752319
134	177	0.768443
134	178	0.751006
134	179	0.758168
134	180	0.734656
135	19	3.02712
135	31	0.797072
135	37	2.38489
135	40	0.877907
135	60	3.88799
135	91	0.824427
135	97	0.750358
135	106	0.813255
135	112	0.80866
135	113	0.810611
135	126	0.808703
135	142	0.788356
135	145	0.766908
135	146	0.775541
135	147	0.796525
135	149	0.836712
135	156	0.815134
135	157	0.737947
135	158	0.770147
135	161	0.737604
135	162	0.768627
135	164	0.765015
135	170	0.736891
135	172	0.756417
135	173	0.69928
135	175	0.72854
135	176	0.740618
135	177	0.756742
135	178	0.739305
135	179	0.746467
135	180	0.722954
136	29	3.10085
136	42	1.69481
136	59	1.74537
136	61	1.76758
136	89	0.900268
136	95	1.5914
136	123	0.819266
136	126	0.872133
136	129	0.79276
136	132	0.862702
136	142	0.851786
136	145	0.830338
136	147	0.859956
136	148	0.809602
