1	54	1.14964
1	67	1.21566
1	69	1.21476
1	73	1.29297
1	78	1.19047
1	79	1.16043
1	90	0.690967
1	97	1.28345
1	112	0.506094
1	152	0.76288
1	162	1.11836
1	177	1.50501
2	5	1.10678
2	8	1.17219
2	36	1.01565
2	42	1.11043
2	53	1.05775
2	87	1.11836
2	101	0.998818
2	134	1.05117
2	147	0.756856
2	160	0.986936
2	164	1.27523
2	169	1.23853
3	39	1.17157
3	51	1.25953
3	106	1.23591
3	125	0.543791
3	136	0.444767
3	143	1.23851
3	144	1.21938
3	146	1.21355
3	151	1.24601
3	166	1.31859
3	170	1.23143
3	172	1.01871
4	52	1.05396
4	98	1.06669
4	108	1.08772
4	116	1.14158
4	120	1.11896
4	124	1.09899
4	133	1.10142
4	147	0.661495
4	166	0.948832
4	170	0.975737
4	174	1.35561
4	179	1.26253
5	2	1.10678
5	8	1.32327
5	27	1.20116
5	36	1.16674
5	42	1.26151
5	53	1.20883
5	126	0.445438
5	134	1.20225
5	148	0.810956
5	160	1.13802
5	169	1.04737
5	177	1.22905
6	117	1.11195
6	120	1.12872
6	124	1.10875
6	133	1.11118
6	144	1.11635
6	151	1.14297
6	152	0.87496
6	166	0.958596
6	170	0.985501
6	172	0.915677
6	175	0.964605
6	180	1.40228
7	8	1.31812
7	27	1.19602
7	36	1.16159
7	42	1.25637
7	53	1.20368
7	101	1.14475
7	134	1.1971
7	160	1.13287
7	163	0.590033
7	166	1.06925
7	170	0.982093
7	176	0.918508
8	2	1.17219
8	5	1.32327
8	7	1.31812
8	14	2.4
8	36	1.23214
8	53	1.27423
8	134	1.26765
8	145	0.33845
8	160	1.20342
8	170	0.422918
8	180	0.291123
9	72	1.36793
9	73	0.598351
9	74	0.389784
9	133	0.197178
9	135	0.130329
9	146	1.2941
9	151	1.32656
9	172	1.09926
9	177	1.12555
9	178	1.12951
9	179	1.12863
9	180	1.14274
10	49	1.13509
10	60	1.22342
10	102	1.2295
10	109	0.412449
10	119	1.21927
10	128	1.23433
10	132	1.21589
10	135	1.25602
10	160	0.838634
10	161	1.06504
10	164	1.1615
10	166	1.31063
11	17	1.24752
11	30	1.18997
11	44	1.23792
11	66	0.778031
11	81	0.756096
11	101	1.1478
11	114	1.12907
11	130	0.796622
11	136	1.26159
11	156	1.26919
11	171	1.11314
11	175	1.14364
12	41	1.07447
12	95	0.985948
12	129	0.958595
12	139	1.01356
12	143	1.00198
12	144	0.98285
12	146	0.977026
12	147	1.60131
12	151	1.00948
12	155	0.798086
12	156	1.37564
12	172	0.782181
13	70	0.701832
13	78	0.391371
13	126	1.25977
13	128	0.465575
13	155	1.02576
13	165	1.09548
13	167	1.04415
13	168	1.01194
13	174	1.03687
13	177	1.03615
13	179	1.03923
13	180	1.05333
14	8	2.4
14	26	1.02302
14	114	0.914402
14	153	1.03265
14	168	0.795956
14	169	0.843405
14	173	0.839049
14	174	0.820887
14	176	0.836194
14	178	0.824124
14	179	0.823246
14	180	0.837349
15	38	1.07592
15	48	1.11412
15	50	0.998815
15	58	1.1131
15	61	1.05067
15	80	1.01217
15	82	1.10408
15	84	1.10437
15	91	1.07441
15	109	0.806802
15	145	1.2636
15	157	1.14103
16	100	1.1783
16	110	1.3437
16	117	1.21443
16	123	0.674022
16	130	0.638801
16	131	1.30043
16	141	1.28199
16	143	1.23796
16	151	1.24546
16	155	1.03406
16	158	0.90233
16	172	1.01816
17	11	1.24752
17	20	1.19526
17	30	1.18381
17	44	1.23176
17	136	1.25543
17	156	1.26303
17	164	0.679254
17	171	1.10699
17	172	1.30045
17	175	1.13748
17	177	0.824238
17	179	0.761919
18	105	1.25487
18	122	1.16103
18	129	1.16302
18	136	0.374055
18	139	1.21798
18	143	1.20641
18	146	1.18145
18	151	1.2139
18	155	1.00251
18	169	1.06206
18	172	0.986607
18	174	1.27449
18	180	1.02892
19	55	1.09978
19	56	0.818255
19	76	1.13567
19	83	1.22338
19	85	0.364646
19	92	1.17382
19	119	1.16996
19	128	1.18502
19	132	1.16658
19	135	1.20671
19	161	1.01573
19	173	1.15665
19	177	1.33893
20	17	1.19526
20	37	1.25417
20	44	1.18566
20	70	1.1078
20	101	1.09555
20	131	0.456674
20	136	1.20933
20	156	1.21693
20	167	1.01176
20	171	1.06089
20	172	1.42655
20	175	1.09138
20	178	0.910517
21	99	0.845357
21	100	1.15537
21	117	1.19151
21	122	1.16966
21	139	1.2266
21	143	1.21503
21	144	1.1959
21	151	1.22253
21	155	1.01113
21	156	0.404659
21	172	0.99523
21	178	1.25387
21	179	1.23137
22	74	1.29773
22	107	0.73626
22	108	1.162
22	110	0.764547
22	120	1.19324
22	121	1.19006
22	124	1.17327
22	133	1.1757
22	137	1.12507
22	138	0.716233
22	166	1.02312
22	170	1.05002
22	180	1.474
23	104	1.21439
23	113	0.810158
23	117	1.1418
23	122	1.11994
23	129	1.12193
23	139	1.17689
23	143	1.16532
23	144	1.14619
23	146	1.14036
23	150	0.741164
23	151	1.17282
23	158	0.781808
23	174	1.4193
24	40	0.36978
24	92	0.494996
24	108	0.255824
24	117	0.436941
24	148	1.22306
24	164	1.17883
24	173	1.15507
24	174	1.13691
24	176	1.15222
24	177	1.13619
24	178	1.14015
24	179	1.13927
24	180	1.15337
25	34	1.2119
25	67	1.21437
25	69	1.21347
25	71	1.19
25	79	1.15914
25	94	0.542222
25	97	1.28216
25	118	1.23168
25	150	0.837755
25	162	1.11707
25	169	1.30346
25	175	0.832647
26	14	1.02302
26	58	0.554373
26	67	0.691994
26	121	0.602254
26	158	1.12035
26	159	1.11275
26	164	1.03379
26	169	1.01438
26	171	1.08331
26	173	1.01003
26	178	0.995102
26	179	0.994223
26	180	1.00833
27	5	1.20116
27	7	1.19602
27	36	1.11004
27	42	1.20481
27	53	1.15213
27	86	0.607011
27	87	1.21274
27	101	1.0932
27	125	0.794564
27	134	1.14555
27	145	0.926251
27	160	1.08132
27	173	1.38294
28	38	1.05715
28	48	1.09534
28	50	0.980038
28	58	1.09432
28	65	0.944456
28	80	0.993392
28	82	1.0853
28	84	1.0856
28	86	0.829462
28	91	1.05564
28	134	1.04775
28	140	0.845844
28	179	1.72535
29	41	1.26018
29	68	1.16945
29	122	1.14232
29	129	1.14431
29	143	1.18769
29	144	1.16856
29	145	0.587029
29	146	1.16274
29	151	1.19519
29	170	1.14298
29	171	0.872173
29	172	0.967892
29	179	1.16368
30	11	1.18997
30	17	1.18381
30	37	1.24272
30	44	1.17421
30	101	1.0841
30	127	0.548571
30	136	1.19789
30	147	0.520259
30	155	1.45031
30	156	1.20548
30	167	1.24504
30	171	1.04944
30	175	1.07993
31	33	1.23441
31	46	1.19924
31	60	1.11025
31	62	1.12345
31	76	1.07181
31	83	1.15951
31	110	0.544043
31	119	1.1061
31	132	1.10271
31	135	1.14285
31	155	1.735
31	156	0.579281
31	161	0.951868
31	162	1.06963
32	48	0.394025
32	54	0.783976
32	97	0.586309
32	145	1.13882
32	157	1.16109
32	159	1.09987
32	163	1.08398
32	167	0.986267
32	174	0.978983
32	176	0.994291
32	178	0.98222
32	179	0.981342
32	180	0.995445
33	31	1.23441
33	49	1.17923
33	57	1.28628
33	92	1.26727
33	113	0.734464
33	119	1.26341
33	128	1.27847
33	132	1.26002
33	135	1.30016
33	137	0.740506
33	149	0.830536
33	157	0.551306
33	161	1.10918
33	167	1.37427
34	25	1.2119
34	54	1.06116
34	67	1.12718
34	69	1.12628
34	71	1.10281
34	73	1.20449
34	78	1.10198
34	79	1.07195
34	97	1.19497
34	110	0.488194
34	114	0.874638
34	162	1.02988
34	179	1.35014
34	180	1.19765
35	44	0.343333
35	59	0.319131
35	84	0.493029
35	102	0.537757
35	147	1.22791
35	152	1.26756
35	169	1.10264
35	173	1.09828
35	174	1.08012
35	176	1.09543
35	177	1.0794
35	178	1.08336
35	179	1.08248
35	180	1.09658
36	2	1.01565
36	5	1.16674
36	7	1.16159
36	8	1.23214
36	27	1.11004
36	42	1.17039
36	53	1.1177
36	75	0.827401
36	101	1.05877
36	134	1.11112
36	145	0.896839
36	154	0.897508
36	160	1.04689
36	180	1.321
37	20	1.25417
37	30	1.24272
37	44	1.29066
37	70	1.21281
37	101	1.20055
37	131	0.577661
37	136	1.31434
37	140	0.426833
37	147	0.705304
37	156	1.32193
37	169	1.18698
37	171	1.16589
37	175	1.19638
37	178	1.32884
38	15	1.07592
38	28	1.05715
38	48	1.20362
38	50	1.08831
38	58	1.20259
38	61	1.14017
38	65	1.05273
38	80	1.10167
38	91	1.16391
38	111	0.568162
38	134	1.15603
38	155	1.45786
38	163	0.716091
38	177	1.19117
39	3	1.17157
39	51	1.12938
39	88	1.14798
39	100	1.0487
39	106	1.10576
39	117	1.08483
39	139	1.11993
39	143	1.10836
39	144	1.08922
39	150	0.987305
39	151	1.11585
39	159	0.977438
39	163	1.15961
39	172	0.888556
39	175	0.982198
40	24	0.36978
40	45	1.07144
40	49	1.00758
40	70	1.05744
40	83	1.14518
40	92	1.09562
40	94	1.24826
40	119	1.09176
40	128	1.10683
40	132	1.08838
40	135	1.12851
40	152	0.821039
40	156	0.674146
40	161	0.937535
40	168	1.98717
41	12	1.07447
41	29	1.26018
41	95	1.23175
41	117	1.22426
41	122	1.20241
41	139	1.25936
41	140	0.419962
41	144	1.22866
41	146	1.22283
41	151	1.25528
41	168	1.43777
41	172	1.02799
41	173	0.831489
41	174	1.04453
41	176	0.867173
42	2	1.11043
42	5	1.26151
42	7	1.25637
42	27	1.20481
42	36	1.17039
42	53	1.21248
42	87	1.27309
42	101	1.15355
42	112	0.316848
42	134	1.2059
42	140	0.373937
42	160	1.14167
42	161	1.34953
42	164	1.17078
42	169	1.13409
43	100	1.19701
43	107	1.15784
43	121	1.2703
43	141	0.945685
43	145	1.00474
43	156	1.09239
43	162	0.917564
43	165	0.903513
43	168	0.819972
43	169	0.867421
43	173	0.863065
43	174	0.844903
43	176	0.86021
43	179	0.847262
43	180	0.861365
44	11	1.23792
44	17	1.23176
44	20	1.18566
44	30	1.17421
44	35	0.343333
44	37	1.29066
44	70	1.1443
44	110	0.455844
44	136	1.24583
44	142	0.974803
44	156	1.25343
44	169	1.19843
44	171	1.09739
44	175	1.12788
44	180	1.1653
45	40	1.07144
45	49	1.0306
45	55	1.04459
45	57	1.13765
45	60	1.11892
45	66	0.526825
45	92	1.11863
45	119	1.11477
45	128	1.12984
45	132	1.11139
45	135	1.15152
45	161	0.960545
45	165	1.11521
45	171	1.06185
45	177	1.41568
46	31	1.19924
46	49	1.14406
46	55	1.15806
46	57	1.25112
46	76	1.19395
46	119	1.22824
46	125	0.364755
46	128	1.24331
46	132	1.22486
46	135	1.26499
46	161	1.07401
46	165	0.690887
46	166	0.995497
46	172	1.46757
46	179	0.929036
47	64	1.10744
47	93	1.12048
47	103	1.18316
47	108	1.08776
47	116	1.14162
47	120	1.119
47	121	1.11582
47	124	1.09903
47	130	0.644601
47	133	1.10146
47	136	0.645183
47	155	1.78156
47	160	1.04701
47	166	0.948876
47	170	0.975781
48	15	1.11412
48	28	1.09534
48	32	0.394025
48	38	1.20362
48	50	1.12651
48	61	1.17837
48	65	1.09093
48	80	1.13987
48	82	1.23178
48	84	1.23207
48	91	1.20211
48	134	1.19423
48	149	0.820451
48	159	0.645518
48	170	1.21975
48	178	1.26294
49	10	1.13509
49	33	1.17923
49	40	1.00758
49	45	1.0306
49	46	1.14406
49	76	1.01663
49	83	1.10433
49	119	1.05092
49	128	1.06598
49	132	1.04753
49	135	1.08767
49	138	0.773617
49	140	0.804366
49	154	1.10789
49	161	0.89669
49	176	1.59959
50	15	0.998815
50	28	0.980038
50	38	1.08831
50	48	1.12651
50	58	1.12549
50	65	0.975623
50	80	1.02456
50	82	1.11647
50	84	1.11676
50	91	1.08681
50	102	1.08338
50	110	0.792918
50	134	1.07892
50	150	1.0698
50	157	0.95564
50	180	1.50237
51	3	1.25953
51	39	1.12938
51	68	1.17809
51	72	1.24519
51	90	1.00452
51	95	1.18029
51	100	1.13667
51	107	0.866012
51	109	0.72279
51	122	1.15095
51	126	1.03495
51	140	0.876734
51	144	1.17719
51	146	1.17137
51	151	1.20382
51	172	0.976525
52	4	1.05396
52	59	1.10613
52	74	1.20128
52	108	1.06555
52	113	1.07174
52	116	1.11941
52	120	1.09679
52	121	1.09361
52	124	1.07682
52	133	1.07925
52	137	1.02862
52	156	0.761095
52	158	1.04339
52	166	0.926662
52	169	1.46844
52	170	0.953568
53	2	1.05775
53	5	1.20883
53	7	1.20368
53	8	1.27423
53	27	1.15213
53	36	1.1177
53	42	1.21248
53	87	1.2204
53	101	1.10086
53	107	0.384662
53	134	1.15321
53	137	0.76487
53	160	1.08898
53	162	0.938532
53	173	1.15493
53	177	1.33721
54	1	1.14964
54	32	0.783976
54	34	1.06116
54	67	1.06363
54	69	1.06274
54	71	1.03926
54	73	1.14094
54	78	1.03844
54	79	1.0084
54	97	1.13142
54	106	1.08386
54	118	1.08094
54	138	0.720137
54	147	1.02936
54	162	0.966332
54	169	1.51104
55	19	1.09978
55	45	1.04459
55	46	1.15806
55	57	1.08779
55	60	1.06906
55	76	1.03062
55	92	1.06877
55	119	1.06491
55	128	1.07997
55	132	1.06153
55	135	1.10166
55	152	0.949765
55	156	0.802871
55	157	0.930354
55	161	0.910684
55	178	1.65208
56	19	0.818255
56	89	1.07803
56	106	1.04212
56	114	1.03927
56	151	0.789697
56	164	0.987681
56	165	1.00437
56	167	0.953042
56	168	0.920828
56	169	0.968277
56	173	0.96392
56	175	1.06769
56	177	0.945038
56	178	0.948995
56	179	0.948117
56	180	0.96222
57	33	1.28628
57	45	1.13765
57	46	1.25112
57	55	1.08779
57	60	1.16212
57	102	1.1682
57	119	1.15797
57	126	0.538776
57	128	1.17303
57	132	1.15459
57	135	1.19472
57	154	0.68409
57	161	1.00374
57	171	0.968565
57	176	1.17579
57	178	1.28257
58	15	1.1131
58	26	0.554373
58	28	1.09432
58	38	1.20259
58	50	1.12549
58	61	1.17734
58	65	1.0899
58	80	1.13884
58	82	1.23075
58	84	1.23104
58	91	1.20109
58	94	0.499189
58	102	1.19766
58	138	0.469523
58	167	1.50352
58	176	1.2955
59	35	0.319131
59	52	1.10613
59	64	1.15956
59	77	1.23774
59	93	1.17261
59	98	1.11886
59	108	1.13989
59	111	0.732901
59	120	1.17113
59	121	1.16795
59	124	1.15116
59	133	1.15359
59	148	0.937809
59	166	1.001
59	167	1.41733
59	170	1.02791
59	180	1.14109
60	10	1.22342
60	31	1.11025
60	45	1.11892
60	55	1.06906
60	57	1.16212
60	66	0.492379
60	76	1.10496
60	83	1.19266
60	92	1.14311
60	128	1.15431
60	132	1.13586
60	135	1.176
60	148	0.963138
60	150	0.733855
60	161	0.985017
60	164	1.23625
60	166	1.38538
61	15	1.05067
61	38	1.14017
61	48	1.17837
61	58	1.17734
61	65	1.02748
61	80	1.07642
61	82	1.16833
61	84	1.16862
61	87	1.19797
61	91	1.13866
61	94	0.638324
61	102	1.13524
61	130	0.710971
61	134	1.13078
61	141	1.35416
61	153	0.77528
61	165	1.28077
62	31	1.12345
62	69	1.14883
62	71	1.12536
62	75	0.753904
62	78	1.12453
62	79	1.0945
62	83	1.20587
62	97	1.21752
62	119	1.15245
62	132	1.14907
62	135	1.1892
62	148	1.04421
62	152	0.720179
62	154	0.824011
62	161	0.998224
62	162	1.05243
62	177	1.46231
63	77	1.22373
63	98	1.10486
63	103	1.22128
63	108	1.12588
63	116	1.17974
63	118	1.15836
63	120	1.15713
63	121	1.15394
63	124	1.13716
63	133	1.13958
63	154	0.721448
63	157	0.598206
63	166	0.986998
63	167	1.42117
63	170	1.0139
63	174	1.3905
63	175	0.707263
64	47	1.10744
64	59	1.15956
64	74	1.25471
64	93	1.15171
64	103	1.21438
64	116	1.17284
64	120	1.15023
64	121	1.14704
64	124	1.13026
64	133	1.13268
64	158	0.746848
64	163	0.878507
64	165	1.05311
64	166	0.980098
64	170	1.007
64	171	0.999758
64	180	1.13877
65	28	0.944456
65	38	1.05273
65	48	1.09093
65	50	0.975623
65	58	1.0899
65	61	1.02748
65	80	0.988978
65	81	0.830265
65	82	1.08089
65	84	1.08118
65	87	1.11053
65	91	1.05122
65	102	1.0478
65	134	1.04334
65	153	0.9351
65	159	1.08381
65	170	1.65804
66	11	0.778031
66	45	0.526825
66	60	0.492379
66	67	0.690867
66	126	1.32367
66	135	0.371823
66	159	1.22167
66	166	1.11668
66	167	1.10806
66	168	1.07585
66	173	1.11894
66	174	1.10078
66	176	1.11609
66	177	1.10006
66	178	1.10402
66	179	1.10314
66	180	1.11724
67	1	1.21566
67	25	1.21437
67	26	0.691994
67	34	1.12718
67	54	1.06363
67	66	0.690867
67	69	1.12875
67	71	1.10527
67	73	1.20696
67	78	1.10445
67	79	1.07442
67	85	0.605436
67	97	1.19743
67	106	1.14987
67	127	0.944677
67	162	1.03235
67	165	1.27925
68	29	1.16945
68	51	1.17809
68	88	1.19668
68	95	1.14103
68	100	1.0974
68	105	1.20552
68	113	0.699345
68	115	0.520078
68	117	1.13354
68	129	1.11368
68	141	1.05065
68	144	1.13793
68	146	1.13211
68	151	1.16456
68	161	1.31149
68	172	0.937262
68	178	1.23791
69	1	1.21476
69	25	1.21347
69	34	1.12628
69	54	1.06274
69	62	1.14883
69	67	1.12875
69	71	1.10438
69	73	1.20606
69	78	1.10356
69	79	1.07352
69	90	0.594692
69	97	1.19654
69	107	0.456186
69	161	1.4425
69	162	1.03145
69	171	1.05491
69	173	1.22645
70	13	0.701832
70	20	1.1078
70	37	1.21281
70	40	1.05744
70	44	1.1443
70	83	1.15419
70	92	1.10463
70	109	0.598155
70	119	1.10077
70	128	1.11583
70	136	1.16798
70	148	1.27583
70	153	0.887972
70	156	1.17557
70	160	1.22607
70	161	0.946543
70	171	1.01953
70	175	1.05002
71	25	1.19
71	34	1.10281
71	54	1.03926
71	62	1.12536
71	67	1.10527
71	69	1.10438
71	73	1.18259
71	78	1.08008
71	79	1.05005
71	97	1.17306
71	106	1.1255
71	114	0.971278
71	118	1.12258
71	148	1.091
71	152	0.766966
71	156	0.620072
71	162	1.00798
71	174	1.53985
72	9	1.36793
72	51	1.24519
72	95	1.20813
72	104	1.27324
72	113	0.679289
72	122	1.17879
72	136	0.387992
72	139	1.23574
72	143	1.22417
72	144	1.20503
72	146	1.19921
72	151	1.23166
72	152	0.515542
72	155	1.02027
72	161	1.29144
72	170	1.17466
72	172	1.00437
72	177	1.25767
73	1	1.29297
73	9	0.598351
73	34	1.20449
73	54	1.14094
73	67	1.20696
73	69	1.20606
73	71	1.18259
73	78	1.18177
73	79	1.15173
73	85	0.754415
73	96	0.708099
73	97	1.27475
73	106	1.22719
73	118	1.22427
73	138	0.756123
73	157	0.967158
73	158	1.12197
73	162	1.10966
74	9	0.389784
74	22	1.29773
74	52	1.20128
74	64	1.25471
74	77	1.33289
74	93	1.26776
74	98	1.21401
74	103	1.33043
74	124	1.24631
74	125	0.749476
74	126	0.736518
74	133	1.24873
74	153	0.714178
74	163	1.04506
74	166	1.09615
74	170	1.12306
74	171	1.16631
75	36	0.827401
75	62	0.753904
75	77	0.859707
75	122	0.603658
75	142	1.10354
75	154	1.16371
75	158	1.11532
75	164	1.02875
75	165	1.04544
75	167	0.994114
75	168	0.9619
75	169	1.00935
75	173	1.00499
75	174	0.986831
75	176	1.00214
75	178	0.990068
75	179	0.98919
75	180	1.00329
76	19	1.13567
76	31	1.07181
76	46	1.19395
76	49	1.01663
76	55	1.03062
76	60	1.10496
76	83	1.15422
76	86	0.710898
76	92	1.10467
76	102	1.11104
76	119	1.10081
76	128	1.11587
76	132	1.09742
76	135	1.13756
76	136	0.799426
76	142	1.2638
76	149	1.1868
76	175	1.01662
77	59	1.23774
77	63	1.22373
77	74	1.33289
77	75	0.859707
77	98	1.17613
77	108	1.19716
77	116	1.25102
77	120	1.2284
77	121	1.22522
77	123	0.733072
77	126	0.784499
77	127	0.933069
77	133	1.21086
77	137	1.16023
77	153	0.762159
77	159	0.910868
77	166	1.05827
77	170	1.08518
78	1	1.19047
78	13	0.391371
78	34	1.10198
78	54	1.03844
78	62	1.12453
78	67	1.10445
78	69	1.10356
78	71	1.08008
78	73	1.18177
78	79	1.04922
78	97	1.17224
78	106	1.12468
78	115	0.625814
78	118	1.12176
78	157	0.621923
78	162	1.00716
78	172	1.85968
78	176	1.23686
79	1	1.16043
79	25	1.15914
79	34	1.07195
79	54	1.0084
79	62	1.0945
79	67	1.07442
79	69	1.07352
79	71	1.05005
79	73	1.15173
79	78	1.04922
79	97	1.14221
79	106	1.09465
79	115	0.923732
79	118	1.09173
79	153	0.875429
79	154	1.04308
79	162	0.97712
79	171	1.32756
79	175	1.0289
80	15	1.01217
80	28	0.993392
80	38	1.10167
80	48	1.13987
80	50	1.02456
80	58	1.13884
80	61	1.07642
80	65	0.988978
80	81	0.730871
80	82	1.12983
80	84	1.13012
80	87	1.15946
80	91	1.10016
80	102	1.09673
80	134	1.09227
80	140	0.699833
80	145	1.00269
80	162	1.24298
80	176	1.49506
81	11	0.756096
81	65	0.830265
81	80	0.730871
81	102	0.663741
81	144	0.250784
81	157	1.23304
81	163	1.15593
81	164	1.09286
81	165	1.10954
81	168	1.026
81	169	1.07345
81	170	1.09374
81	173	1.0691
81	174	1.05093
81	176	1.06624
81	177	1.05021
81	178	1.05417
81	179	1.05329
81	180	1.0674
82	15	1.10408
82	28	1.0853
82	48	1.23178
82	50	1.11647
82	58	1.23075
82	61	1.16833
82	65	1.08089
82	80	1.12983
82	84	1.22203
82	87	1.25138
82	91	1.19207
82	94	0.27338
82	102	1.18865
82	134	1.18419
82	149	0.733979
82	169	1.03461
82	176	1.06969
82	177	1.21629
82	178	1.17647
83	19	1.22338
83	31	1.15951
83	40	1.14518
83	49	1.10433
83	60	1.19266
83	62	1.20587
83	70	1.15419
83	76	1.15422
83	96	0.458353
83	99	1.03063
83	119	1.18851
83	127	0.84391
83	128	1.20358
83	130	0.608691
83	132	1.18513
83	135	1.22526
83	140	0.537126
83	161	1.03428
83	168	1.90295
84	15	1.10437
84	28	1.0856
84	35	0.493029
84	48	1.23207
84	50	1.11676
84	58	1.23104
84	61	1.16862
84	65	1.08118
84	80	1.13012
84	82	1.22203
84	87	1.25167
84	91	1.19236
84	102	1.18894
84	126	0.746189
84	134	1.18448
84	152	0.787671
84	157	0.768261
84	163	1.05473
84	173	1.34752
85	19	0.364646
85	67	0.605436
85	73	0.754415
85	103	0.263604
85	112	1.43535
85	132	0.48566
85	143	0.503955
85	159	1.23079
85	163	1.21489
85	166	1.1258
85	169	1.13242
85	173	1.12806
85	174	1.1099
85	175	1.23183
85	176	1.12521
85	177	1.10918
85	178	1.11314
85	179	1.11226
85	180	1.12636
86	27	0.607011
86	28	0.829462
86	76	0.710898
86	115	1.29474
86	118	0.572701
86	143	0.520031
86	150	1.20042
86	163	1.15286
86	166	1.06377
86	167	1.05515
86	168	1.02294
86	172	1.02085
86	173	1.06603
86	174	1.04787
86	176	1.06318
86	177	1.04715
86	178	1.05111
86	179	1.05023
86	180	1.06433
87	2	1.11836
87	27	1.21274
87	42	1.27309
87	53	1.2204
87	61	1.19797
87	65	1.11053
87	80	1.15946
87	82	1.25138
87	84	1.25167
87	91	1.22171
87	107	0.297335
87	134	1.21382
87	160	1.14959
87	162	0.851205
87	164	1.1049
87	171	0.89606
87	176	1.10328
87	180	1.03507
88	39	1.14798
88	68	1.19668
88	100	1.15526
88	104	1.264
88	105	1.26338
88	122	1.16955
88	129	1.17153
88	130	0.573942
88	139	1.22649
88	143	1.21492
88	144	1.19579
88	145	0.805235
88	146	1.18996
88	150	0.796827
88	155	1.01103
88	162	1.04553
88	172	0.99512
88	174	1.47496
88	175	0.791719
89	56	1.07803
89	98	0.770111
89	115	1.16887
89	117	0.817413
89	129	0.722238
89	132	0.647026
89	145	1.08184
89	153	1.13377
89	154	1.09888
89	161	0.940453
89	164	0.96392
89	165	0.980607
89	173	0.94016
89	174	0.921998
89	175	1.04393
89	176	0.937305
89	177	0.921277
89	178	0.925235
89	179	0.924356
89	180	0.938459
90	1	0.690967
90	51	1.00452
90	69	0.594692
90	134	0.475306
90	136	1.25314
90	142	1.12995
90	143	0.664196
90	147	1.16104
90	148	1.0994
90	165	1.07186
90	167	1.02053
90	168	0.988317
90	169	1.03577
90	171	1.10469
90	173	1.03141
90	176	1.02856
90	177	1.01253
90	178	1.01648
90	179	1.01561
90	180	1.02971
91	15	1.07441
91	28	1.05564
91	38	1.16391
91	48	1.20211
91	50	1.08681
91	58	1.20109
91	61	1.13866
91	65	1.05122
91	80	1.10016
91	82	1.19207
91	84	1.19236
91	87	1.22171
91	102	1.15898
91	110	0.413921
91	127	0.463493
91	134	1.15452
91	167	1.15996
91	168	1.52253
91	174	1.12929
91	178	1.05872
92	19	1.17382
92	24	0.494996
92	33	1.26727
92	40	1.09562
92	45	1.11863
92	55	1.06877
92	60	1.14311
92	70	1.10463
92	76	1.10467
92	94	1.29545
92	112	0.68947
92	115	0.930736
92	119	1.13896
92	128	1.15402
92	132	1.13557
92	135	1.17571
92	136	0.818706
92	138	0.71581
92	161	0.984729
92	166	1.69253
93	47	1.12048
93	59	1.17261
93	64	1.15171
93	74	1.26776
93	98	1.111
93	103	1.22743
93	108	1.13203
93	109	0.591351
93	112	0.688205
93	116	1.18589
93	120	1.16327
93	121	1.16009
93	123	0.852081
93	124	1.1433
93	125	0.916465
93	133	1.14573
93	148	1.26903
93	162	1.28844
93	166	0.993145
93	170	1.02005
94	25	0.542222
94	40	1.24826
94	58	0.499189
94	61	0.638324
94	82	0.27338
94	92	1.29545
94	102	1.30182
94	121	0.54707
94	128	1.30665
94	132	1.28821
94	133	0.384616
94	135	1.32834
94	139	0.499431
94	161	1.13736
94	169	1.14142
94	172	1.09189
94	173	1.13707
94	176	1.13421
94	177	1.11819
94	178	1.12214
94	180	1.13537
95	12	0.985948
95	41	1.23175
95	51	1.18029
95	68	1.14103
95	72	1.20813
95	115	0.534363
95	117	1.13574
95	122	1.11389
95	129	1.11588
95	139	1.17084
95	143	1.15927
95	144	1.14013
95	146	1.13431
95	151	1.16676
95	155	0.95537
95	161	1.32578
95	163	0.816939
95	165	0.991546
95	172	0.939465
95	176	1.14541
95	180	1.0772
96	73	0.708099
96	83	0.458353
96	102	0.55393
96	129	0.514556
96	132	0.439345
96	143	0.457639
96	150	1.22228
96	153	1.28149
96	157	1.25183
96	163	1.17472
96	164	1.11165
96	167	1.07701
96	168	1.04479
96	169	1.09224
96	173	1.08789
96	174	1.06972
96	176	1.08503
96	177	1.069
96	178	1.07296
96	179	1.07208
96	180	1.08619
97	1	1.28345
97	25	1.28216
97	32	0.586309
97	34	1.19497
97	54	1.13142
97	62	1.21752
97	67	1.19743
97	69	1.19654
97	71	1.17306
97	73	1.27475
97	78	1.17224
97	79	1.14221
97	106	1.21766
97	118	1.21474
97	131	0.704047
97	145	0.856077
97	156	0.606022
97	158	0.888312
97	162	1.10014
97	175	0.842561
97	179	1.43273
98	4	1.06669
98	59	1.11886
98	63	1.10486
98	74	1.21401
98	77	1.17613
98	89	0.770111
98	93	1.111
98	103	1.17368
98	108	1.07828
98	114	1.04521
98	116	1.13214
98	118	1.11076
98	120	1.10952
98	121	1.10634
98	124	1.08955
98	133	1.09198
98	150	0.935652
98	158	0.976296
98	159	0.925785
98	163	1.10796
98	166	0.939394
98	170	0.9663
99	21	0.845357
99	83	1.03063
99	108	1.00089
99	113	1.10665
99	139	0.994015
99	141	0.997636
99	147	1.04465
99	150	1.04941
99	152	1.0843
99	153	1.10862
99	157	1.07896
99	165	0.955464
99	167	0.904138
99	169	0.919373
99	173	0.915016
99	174	0.896854
99	175	1.01879
99	176	0.912162
99	177	0.896134
99	178	0.900092
99	179	0.899213
99	180	0.913316
100	16	1.1783
100	21	1.15537
100	39	1.0487
100	43	1.19701
100	51	1.13667
100	68	1.0974
100	88	1.15526
100	105	1.1641
100	106	1.11304
100	126	0.633084
100	130	0.546435
100	131	1.17811
100	139	1.12721
100	143	1.11564
100	144	1.09651
100	146	1.09068
100	151	1.12314
100	154	0.778398
100	155	0.911744
100	161	1.45046
100	172	0.895839
100	180	1.20189
101	2	0.998818
101	7	1.14475
101	11	1.1478
101	20	1.09555
101	27	1.0932
101	30	1.0841
101	36	1.05877
101	37	1.20055
101	42	1.15355
101	53	1.10086
101	109	0.716084
101	131	1.02086
101	134	1.09428
101	136	1.15572
101	137	1.23951
101	140	0.870028
101	153	1.0059
101	156	1.16332
101	159	1.15461
101	160	1.03005
101	171	1.00727
101	175	1.03777
102	10	1.2295
102	35	0.537757
102	50	1.08338
102	57	1.1682
102	58	1.19766
102	61	1.13524
102	65	1.0478
102	76	1.11104
102	80	1.09673
102	81	0.663741
102	82	1.18865
102	84	1.18894
102	91	1.15898
102	94	1.30182
102	96	0.55393
102	110	0.650268
102	128	1.16039
102	132	1.14194
102	135	1.18208
102	136	0.704849
102	161	0.991097
102	162	1.17585
102	164	1.42955
103	47	1.18316
103	63	1.22128
103	64	1.21438
103	74	1.33043
103	85	0.263604
103	93	1.22743
103	98	1.17368
103	108	1.1947
103	111	0.614884
103	115	0.480238
103	116	1.24856
103	118	1.22718
103	120	1.22594
103	121	1.22276
103	124	1.20597
103	131	0.446889
103	133	1.2084
103	137	1.15777
103	156	0.348864
103	166	1.05582
103	167	1.29931
103	168	1.66189
103	170	1.08272
103	172	1.71411
104	23	1.21439
104	72	1.27324
104	88	1.264
104	105	1.27283
104	110	1.33011
104	114	1.1251
104	117	1.20085
104	122	1.179
104	129	1.18099
104	137	0.970245
104	138	0.57001
104	139	1.23595
104	143	1.22438
104	144	1.20524
104	146	1.19942
104	149	1.06028
104	151	1.23187
104	152	0.800456
104	153	0.736633
104	155	1.02048
104	156	0.653562
104	159	0.885342
104	172	1.00457
104	180	1.32778
105	18	1.25487
105	68	1.20552
105	88	1.26338
105	100	1.1641
105	104	1.27283
105	110	1.3295
105	117	1.20023
105	122	1.17838
105	123	0.391079
105	129	1.18037
105	139	1.23533
105	142	0.820816
105	143	1.22376
105	144	1.20463
105	146	1.1988
105	148	0.808024
105	151	1.23126
105	154	0.58782
105	155	1.01986
105	157	0.464578
105	166	1.23026
105	168	1.65012
105	170	1.1431
105	172	1.00396
106	3	1.23591
106	39	1.10576
106	54	1.08386
106	56	1.04212
106	67	1.14987
106	71	1.1255
106	73	1.22719
106	78	1.12468
106	79	1.09465
106	97	1.21766
106	100	1.11304
106	111	0.939789
106	114	1.07343
106	118	1.16718
106	125	0.792137
106	129	1.12932
106	130	0.692531
106	143	1.1727
106	145	0.923824
106	146	1.14775
106	152	0.820663
106	162	1.05258
106	165	1.26233
106	172	0.952901
107	22	0.73626
107	43	1.15784
107	51	0.866012
107	53	0.384662
107	69	0.456186
107	87	0.297335
107	119	0.554848
107	126	1.32556
107	138	1.3642
107	140	1.40009
107	143	0.52569
107	147	1.25046
107	151	0.357824
107	157	1.28477
107	164	1.14459
107	167	1.10995
107	168	1.07774
107	169	1.12519
107	173	1.12083
107	174	1.10267
107	176	1.11797
107	177	1.10195
107	178	1.1059
107	179	1.10503
107	180	1.11913
108	4	1.08772
108	22	1.162
108	24	0.255824
108	47	1.08776
108	52	1.06555
108	59	1.13989
108	63	1.12588
108	77	1.19716
108	93	1.13203
108	98	1.07828
108	99	1.00089
108	103	1.1947
108	112	0.450299
108	116	1.15317
108	118	1.13178
108	120	1.13055
108	121	1.12737
108	124	1.11058
108	125	0.678559
108	133	1.113
108	136	0.579534
108	161	1.48298
108	166	0.960421
108	170	0.987326
108	172	1.92543
109	10	0.412449
109	15	0.806802
109	51	0.72279
109	70	0.598155
109	93	0.591351
109	101	0.716084
109	122	0.216294
109	128	0.361897
109	147	1.28542
109	158	1.26611
109	159	1.25851
109	164	1.17955
109	165	1.19623
109	167	1.14491
109	168	1.11269
109	169	1.16014
109	172	1.11061
109	173	1.15579
109	174	1.13762
109	175	1.25956
109	176	1.15293
109	177	1.1369
109	178	1.14086
109	179	1.13998
109	180	1.15408
110	16	1.3437
110	22	0.764547
110	31	0.544043
110	34	0.488194
110	44	0.455844
110	50	0.792918
110	91	0.413921
110	102	0.650268
110	104	1.33011
110	105	1.3295
110	114	1.18177
110	118	0.606648
110	139	1.29261
110	146	1.25608
110	151	1.28854
110	167	1.09554
110	168	1.06332
110	171	1.1797
110	172	1.06124
110	174	1.08825
110	176	1.10356
110	177	1.08753
110	178	1.09149
110	179	1.09061
110	180	1.10471
111	38	0.568162
111	59	0.732901
111	103	0.614884
111	106	0.939789
111	129	0.912153
111	140	1.28003
111	142	1.09932
111	145	1.14246
111	150	1.13517
111	151	0.687369
111	153	1.19438
111	159	1.1035
111	163	1.08761
111	164	1.02454
111	166	0.99852
111	167	0.989899
111	168	0.957685
111	169	1.00513
111	170	1.02543
111	173	1.00078
111	174	0.982616
111	176	0.997923
111	177	0.981896
111	179	0.984975
111	180	0.999078
112	1	0.506094
112	42	0.316848
112	85	1.43535
112	92	0.68947
112	93	0.688205
112	108	0.450299
112	117	0.631415
112	121	0.491064
112	125	1.3724
112	139	0.443425
112	142	1.23188
112	148	1.20133
112	150	1.26773
112	165	1.17379
112	166	1.13108
112	167	1.12246
112	168	1.09025
112	169	1.1377
112	172	1.08816
112	173	1.13334
112	174	1.11518
112	176	1.13049
112	178	1.11842
112	179	1.11754
112	180	1.13164
113	23	0.810158
113	33	0.734464
113	52	1.07174
113	68	0.699345
113	72	0.679289
113	99	1.10665
113	134	0.710966
113	147	1.14732
113	153	1.21129
113	154	1.1764
113	155	0.988413
113	159	1.12041
113	161	1.01798
113	163	1.10452
113	165	1.05813
113	167	1.00681
113	168	0.974593
113	169	1.02204
113	173	1.01769
113	174	0.999524
113	176	1.01483
113	177	0.998803
113	178	1.00276
113	179	1.00188
113	180	1.01599
114	11	1.12907
114	14	0.914402
114	34	0.874638
114	56	1.03927
114	71	0.971278
114	98	1.04521
114	104	1.1251
114	106	1.07343
114	110	1.18177
114	125	1.14047
114	129	1.03264
114	132	0.922126
114	139	1.0876
114	143	1.07603
114	146	1.05107
114	151	1.08353
114	167	0.890527
114	172	0.856228
114	173	0.901405
114	174	0.883244
114	175	1.00518
114	176	0.898551
114	177	0.882523
114	178	0.886481
114	179	0.885602
114	180	0.899705
115	68	0.520078
115	78	0.625814
115	79	0.923732
115	86	1.29474
115	89	1.16887
115	92	0.930736
115	95	0.534363
115	103	0.480238
115	121	0.73233
115	148	1.12275
115	150	1.18915
115	154	1.21348
115	158	1.16508
115	159	1.15748
115	162	1.10926
115	164	1.07852
115	165	1.09521
115	166	1.0525
115	167	1.04388
115	169	1.05912
115	173	1.05476
115	176	1.0519
115	177	1.03588
115	178	1.03983
115	180	1.05306
116	4	1.14158
116	47	1.14162
116	52	1.11941
116	63	1.17974
116	64	1.17284
116	77	1.25102
116	93	1.18589
116	98	1.13214
116	103	1.24856
116	108	1.15317
116	118	1.18565
116	120	1.18441
116	121	1.18123
116	124	1.16444
116	131	0.594902
116	133	1.16687
116	137	1.11624
116	149	0.903591
116	152	0.643771
116	160	0.918051
116	164	1.24092
116	166	1.01428
116	170	1.04119
116	173	1.20362
116	175	0.733417
116	176	1.2393
117	6	1.11195
117	16	1.21443
117	21	1.19151
117	23	1.1418
117	24	0.436941
117	39	1.08483
117	41	1.22426
117	68	1.13354
117	89	0.817413
117	95	1.13574
117	104	1.20085
117	105	1.20023
117	112	0.631415
117	123	0.79529
117	129	1.10839
117	131	1.21425
117	136	0.760651
117	137	1.05799
117	139	1.16335
117	143	1.15178
117	144	1.13264
117	146	1.12682
117	151	1.15927
117	155	0.947879
117	156	0.741307
117	172	0.931975
117	179	1.56801
118	25	1.23168
118	54	1.08094
118	63	1.15836
118	71	1.12258
118	73	1.22427
118	78	1.12176
118	79	1.09173
118	86	0.572701
118	97	1.21474
118	98	1.11076
118	103	1.22718
118	106	1.16718
118	108	1.13178
118	110	0.606648
118	116	1.18565
118	121	1.15985
118	124	1.14306
118	125	0.760254
118	131	0.739911
118	133	1.14548
118	154	0.892611
118	158	0.924176
118	162	1.04966
118	164	1.38593
118	165	1.23044
118	166	0.9929
118	170	1.01981
119	10	1.21927
119	19	1.16996
119	31	1.1061
119	33	1.26341
119	40	1.09176
119	45	1.11477
119	46	1.22824
119	49	1.05092
119	55	1.06491
119	57	1.15797
119	62	1.15245
119	70	1.10077
119	76	1.10081
119	83	1.18851
119	92	1.13896
119	107	0.554848
119	123	0.672356
119	128	1.15016
119	132	1.13171
119	135	1.17185
119	137	0.935056
119	141	1.28032
119	157	0.745856
119	159	0.850153
119	161	0.98087
119	175	0.854912
119	179	1.44508
120	4	1.11896
120	6	1.12872
120	22	1.19324
120	47	1.119
120	52	1.09679
120	59	1.17113
120	63	1.15713
120	64	1.15023
120	77	1.2284
120	93	1.16327
120	98	1.10952
120	103	1.22594
120	108	1.13055
120	116	1.18441
120	121	1.15861
120	127	0.790072
120	133	1.14425
120	137	1.09362
120	142	1.01981
120	150	0.777737
120	155	1.69181
120	156	0.536091
120	160	0.957264
120	165	1.12465
120	166	0.991663
120	170	1.01857
120	175	0.77263
121	22	1.19006
121	26	0.602254
121	43	1.2703
121	47	1.11582
121	52	1.09361
121	59	1.16795
121	63	1.15394
121	64	1.14704
121	77	1.22522
121	93	1.16009
121	94	0.54707
121	98	1.10634
121	103	1.22276
121	108	1.12737
121	112	0.491064
121	115	0.73233
121	116	1.18123
121	118	1.15985
121	120	1.15861
121	124	1.13864
121	133	1.14107
121	137	1.09044
121	157	0.728439
121	159	0.832736
121	163	1.01491
121	166	0.988483
121	170	1.01539
122	18	1.16103
122	21	1.16966
122	23	1.11994
122	29	1.14232
122	41	1.20241
122	51	1.15095
122	72	1.17879
122	75	0.603658
122	88	1.16955
122	95	1.11389
122	104	1.179
122	105	1.17838
122	109	0.216294
122	129	1.08654
122	131	1.1924
122	139	1.1415
122	143	1.12993
122	144	1.11079
122	146	1.10497
122	147	0.648708
122	151	1.13742
122	160	0.844214
122	161	1.34583
122	165	1.0116
122	172	0.910124
122	173	1.12978
122	177	1.31206
123	16	0.674022
123	77	0.733072
123	93	0.852081
123	105	0.391079
123	117	0.79529
123	119	0.672356
123	133	0.492485
123	136	1.28077
123	137	1.15874
123	146	0.392966
123	147	1.18867
123	153	1.25264
123	154	1.21775
123	155	1.02977
123	157	1.22298
123	158	1.16936
123	163	1.14587
123	165	1.09949
123	168	1.01595
123	169	1.06339
123	170	1.08369
123	174	1.04088
123	175	1.16281
123	176	1.05618
123	177	1.04016
123	178	1.04411
123	179	1.04324
123	180	1.05734
124	4	1.09899
124	6	1.10875
124	22	1.17327
124	47	1.09903
124	52	1.07682
124	59	1.15116
124	63	1.13716
124	64	1.13026
124	74	1.24631
124	93	1.1433
124	98	1.08955
124	103	1.20597
124	108	1.11058
124	116	1.16444
124	118	1.14306
124	121	1.13864
124	133	1.12428
124	137	1.07365
124	147	0.753413
124	153	0.610816
124	155	1.68346
124	156	0.527745
124	157	0.655228
124	160	0.948919
124	166	0.971693
124	167	1.47819
124	169	1.23509
124	170	0.998599
125	3	0.543791
125	27	0.794564
125	46	0.364755
125	74	0.749476
125	93	0.916465
125	106	0.792137
125	108	0.678559
125	112	1.3724
125	114	1.14047
125	118	0.760254
125	130	1.33514
125	145	1.20679
125	152	1.2344
125	162	1.11961
125	164	1.08888
125	165	1.10556
125	167	1.05424
125	168	1.02202
125	169	1.06947
125	170	1.08976
125	173	1.06511
125	174	1.04695
125	175	1.16889
125	176	1.06226
125	177	1.04623
125	178	1.05019
125	179	1.04931
125	180	1.06341
126	5	0.445438
126	13	1.25977
126	51	1.03495
126	57	0.538776
126	66	1.32367
126	74	0.736518
126	77	0.784499
126	84	0.746189
126	100	0.633084
126	107	1.32556
126	130	1.30081
126	144	0.377959
126	148	1.09877
126	150	1.16518
126	152	1.20007
126	153	1.22439
126	159	1.13351
126	162	1.08528
126	163	1.11762
126	168	0.987693
126	169	1.03514
126	173	1.03079
126	174	1.01262
126	176	1.02793
126	177	1.0119
126	178	1.01586
126	179	1.01498
126	180	1.02908
127	30	0.548571
127	67	0.944677
127	77	0.933069
127	83	0.84391
127	91	0.463493
127	120	0.790072
127	139	0.807298
127	141	1.1048
127	148	1.09017
127	152	1.19146
127	154	1.18089
127	155	0.992904
127	156	1.2515
127	158	1.1325
127	163	1.10901
127	165	1.06262
127	167	1.0113
127	168	0.979083
127	169	1.02653
127	170	1.04682
127	173	1.02218
127	174	1.00401
127	175	1.12595
127	176	1.01932
127	177	1.00329
127	178	1.00725
127	179	1.00637
127	180	1.02048
128	10	1.23433
128	13	0.465575
128	19	1.18502
128	33	1.27847
128	40	1.10683
128	45	1.12984
128	46	1.24331
128	49	1.06598
128	55	1.07997
128	57	1.17303
128	60	1.15431
128	70	1.11583
128	76	1.11587
128	83	1.20358
128	92	1.15402
128	94	1.30665
128	102	1.16039
128	109	0.361897
128	119	1.15016
128	130	0.587405
128	131	0.666668
128	132	1.14678
128	135	1.18691
128	156	0.568643
128	161	0.99593
128	162	1.05899
128	173	1.27538
128	174	1.48842
128	176	1.31107
129	12	0.958595
129	18	1.16302
129	23	1.12193
129	29	1.14431
129	68	1.11368
129	88	1.17153
129	89	0.722238
129	95	1.11588
129	96	0.514556
129	104	1.18099
129	105	1.18037
129	106	1.12932
129	111	0.912153
129	114	1.03264
129	117	1.10839
129	122	1.08654
129	131	1.19438
129	139	1.14349
129	143	1.13191
129	144	1.11278
129	146	1.10696
129	151	1.13941
129	155	0.928017
129	157	0.773615
129	159	0.877912
129	163	1.06008
129	170	1.45214
129	172	0.912112
129	175	0.882672
130	11	0.796622
130	16	0.638801
130	47	0.644601
130	61	0.710971
130	83	0.608691
130	88	0.573942
130	100	0.546435
130	106	0.692531
130	125	1.33514
130	126	1.30081
130	128	0.587405
130	145	1.23775
130	154	1.25479
130	157	1.26002
130	158	1.2064
130	159	1.1988
130	162	1.15057
130	164	1.11983
130	165	1.13652
130	167	1.08519
130	169	1.10043
130	173	1.09607
130	174	1.07791
130	175	1.19985
130	176	1.09322
130	177	1.07719
130	178	1.08115
130	179	1.08027
130	180	1.09437
131	16	1.30043
131	20	0.456674
131	37	0.577661
131	97	0.704047
131	100	1.17811
131	101	1.02086
131	103	0.446889
131	116	0.594902
131	117	1.21425
131	118	0.739911
131	122	1.1924
131	128	0.666668
131	129	1.19438
131	134	0.49835
131	139	1.24934
131	142	1.16169
131	144	1.21864
131	146	1.21281
131	149	1.18404
131	151	1.24527
131	155	1.03388
131	158	1.17347
131	164	1.08691
131	168	1.02005
131	169	1.0675
131	173	1.06315
131	177	1.04426
131	178	1.04822
131	179	1.04734
131	180	1.06145
132	10	1.21589
132	19	1.16658
132	31	1.10271
132	33	1.26002
132	40	1.08838
132	45	1.11139
132	46	1.22486
132	49	1.04753
132	55	1.06153
132	57	1.15459
132	60	1.13586
132	62	1.14907
132	76	1.09742
132	83	1.18513
132	85	0.48566
132	89	0.647026
132	92	1.13557
132	94	1.28821
132	96	0.439345
132	102	1.14194
132	114	0.922126
132	119	1.13171
132	128	1.14678
132	135	1.16846
132	141	1.23287
132	153	0.653992
132	157	0.698404
132	159	0.8027
132	161	0.977485
132	174	1.4907
133	4	1.10142
133	6	1.11118
133	9	0.197178
133	22	1.1757
133	47	1.10146
133	52	1.07925
133	59	1.15359
133	63	1.13958
133	64	1.13268
133	74	1.24873
133	77	1.21086
133	93	1.14573
133	94	0.384616
133	98	1.09198
133	103	1.2084
133	108	1.113
133	116	1.16687
133	118	1.14548
133	120	1.14425
133	121	1.14107
133	123	0.492485
133	124	1.12428
133	137	1.07607
133	158	0.720792
133	160	0.859675
133	162	0.928847
133	166	0.97412
133	170	1.00103
133	172	1.80374
133	178	1.28771
133	179	1.26521
134	2	1.05117
134	5	1.20225
134	7	1.1971
134	8	1.26765
134	27	1.14555
134	28	1.04775
134	36	1.11112
134	38	1.15603
134	42	1.2059
134	48	1.19423
134	50	1.07892
134	53	1.15321
134	61	1.13078
134	65	1.04334
134	80	1.09227
134	82	1.18419
134	84	1.18448
134	87	1.21382
134	90	0.475306
134	91	1.15452
134	101	1.09428
134	113	0.710966
134	131	0.49835
134	142	0.884046
134	153	0.483396
134	154	0.651051
134	160	1.0824
134	172	1.76557
134	173	1.10707
134	176	1.14275
135	9	0.130329
135	10	1.25602
135	19	1.20671
135	31	1.14285
135	33	1.30016
135	40	1.12851
135	45	1.15152
135	46	1.26499
135	49	1.08767
135	55	1.10166
135	57	1.19472
135	60	1.176
135	62	1.1892
135	66	0.371823
135	76	1.13756
135	83	1.22526
135	92	1.17571
135	94	1.32834
135	102	1.18208
135	119	1.17185
135	128	1.18691
135	132	1.16846
135	142	0.855373
135	153	0.454723
135	154	0.622378
135	161	1.01762
135	164	1.11569
135	165	0.960209
135	170	1.17766
135	172	1.73689
135	173	1.07839
136	3	0.444767
136	11	1.26159
136	17	1.25543
136	18	0.374055
136	20	1.20933
136	30	1.19789
136	37	1.31434
136	44	1.24583
136	47	0.645183
136	70	1.16798
136	72	0.387992
136	76	0.799426
136	90	1.25314
136	92	0.818706
136	101	1.15572
136	102	0.704849
136	108	0.579534
136	117	0.760651
136	123	1.28077
136	143	0.608559
136	147	1.17741
136	156	1.2771
136	157	1.21172
136	165	1.08823
136	167	1.0369
136	171	1.12106
136	175	1.15155
136	176	1.04493
136	177	1.0289
136	178	1.03286
136	179	1.03198
136	180	1.04608
137	22	1.12507
137	33	0.740506
137	52	1.02862
137	53	0.76487
137	77	1.16023
137	101	1.23951
137	103	1.15777
137	104	0.970245
137	116	1.11624
137	117	1.05799
137	119	0.935056
137	120	1.09362
137	121	1.09044
137	123	1.15874
137	124	1.07365
137	133	1.07607
137	142	1.02429
137	144	0.589231
137	152	1.09503
137	157	1.08969
137	159	1.02848
137	166	0.923491
137	167	0.91487
137	168	0.882657
137	170	0.950397
137	171	0.999031
137	173	0.925749
137	174	0.907587
137	176	0.922894
137	177	0.906867
137	178	0.910824
137	179	0.909946
137	180	0.924049
138	22	0.716233
138	49	0.773617
138	54	0.720137
138	58	0.469523
138	73	0.756123
138	92	0.71581
138	104	0.57001
138	107	1.3642
138	139	0.469765
138	143	0.505663
138	146	0.25543
138	148	1.13741
138	149	1.19031
138	150	1.20381
138	152	1.2387
138	153	1.26302
138	154	1.22813
138	157	1.23336
138	158	1.17974
138	159	1.17214
138	163	1.15625
138	164	1.09318
138	166	1.06716
138	167	1.05854
138	168	1.02633
138	169	1.07377
138	170	1.09407
138	173	1.06942
138	174	1.05126
138	176	1.06656
138	177	1.05054
138	178	1.05449
138	179	1.05362
138	180	1.06772
139	12	1.01356
139	18	1.21798
139	21	1.2266
139	23	1.17689
139	39	1.11993
139	41	1.25936
139	72	1.23574
139	88	1.22649
139	94	0.499431
139	95	1.17084
139	99	0.994015
139	100	1.12721
139	104	1.23595
139	105	1.23533
139	110	1.29261
139	112	0.443425
139	114	1.0876
139	117	1.16335
139	122	1.1415
139	127	0.807298
139	129	1.14349
139	131	1.24934
139	138	0.469765
139	140	0.500514
139	143	1.18687
