1	56	1.2953
1	62	0.992169
1	65	0.97173
1	71	0.905061
1	116	1.10388
1	153	0.914197
1	167	1.19303
1	171	0.922751
1	174	0.915887
1	176	0.926477
1	178	0.929181
1	179	0.922548
2	62	0.897054
2	69	1.86442
2	124	0.874237
2	137	0.806737
2	147	1.72952
2	152	0.850896
2	161	0.825822
2	174	0.820772
2	176	0.831363
2	177	0.83162
2	178	0.834066
2	179	0.827433
3	62	0.899717
3	110	0.870954
3	131	0.826395
3	141	1.70847
3	153	0.821745
3	165	0.826605
3	170	1.88617
3	171	0.830299
3	174	0.823435
3	176	0.834025
3	178	0.836729
3	179	0.830095
4	48	1.75833
4	110	0.863183
4	124	0.869128
4	147	1.83545
4	148	0.860854
4	160	0.851296
4	171	0.822528
4	172	0.828965
4	176	0.826254
4	177	0.826511
4	178	0.828957
4	179	0.822324
5	45	0.950012
5	53	0.929983
5	82	0.89106
5	87	0.955629
5	101	1.13378
5	102	0.925137
5	119	0.932154
5	129	0.922536
5	132	0.91334
5	157	1.17358
5	161	1.30063
5	180	0.980149
6	150	0.926976
6	151	1.32981
6	154	0.971041
6	162	0.911414
6	164	1.30754
6	166	0.940043
6	167	0.923793
6	169	0.920645
6	170	0.944227
6	173	0.929629
6	175	0.932576
6	180	0.970698
7	28	0.886122
7	55	1.54128
7	127	2.05228
7	146	0.818733
7	153	0.82453
7	154	0.850708
7	156	0.845756
7	159	0.83873
7	174	0.826219
7	176	0.836809
7	178	0.839513
7	179	0.83288
8	66	1.17473
8	70	1.0177
8	99	0.929972
8	147	0.935487
8	150	0.928788
8	155	0.909668
8	162	0.913225
8	166	0.941855
8	169	0.922457
8	170	0.946039
8	171	1.41728
8	180	0.97251
9	20	0.873645
9	29	0.874512
9	53	0.824158
9	55	0.900605
9	70	1.7857
9	82	0.785235
9	83	0.80082
9	102	0.819312
9	125	0.830679
9	129	0.816711
9	160	1.82051
9	180	0.874324
10	37	0.936324
10	54	0.923349
10	94	0.93063
10	126	0.924593
10	140	0.95496
10	141	0.952619
10	142	0.916576
10	164	1.22925
10	168	0.924478
10	173	1.18098
10	175	0.936471
10	176	1.19732
11	52	0.840274
11	129	1.85772
11	150	0.835471
11	152	0.855626
11	155	0.816351
11	158	0.864197
11	163	0.825391
11	166	0.848538
11	167	0.832288
11	169	0.829141
11	170	0.852723
11	179	1.74472
12	17	0.79744
12	40	0.861032
12	60	0.824402
12	79	0.887641
12	94	1.53285
12	96	0.836427
12	109	2.06597
12	115	0.847571
12	120	0.827283
12	121	0.827283
12	122	0.827283
12	139	0.863638
13	24	1.01681
13	50	1.39239
13	123	0.962003
13	149	0.924733
13	152	0.940529
13	156	1.19406
13	157	0.920254
13	166	0.933441
13	167	0.917191
13	169	0.914044
13	172	0.923708
13	180	0.964096
14	35	0.982369
14	97	0.921351
14	104	1.39762
14	114	0.955465
14	126	0.917872
14	140	0.948239
14	141	0.945898
14	142	0.909855
14	144	0.953813
14	168	0.917757
14	175	0.92975
14	179	1.22355
15	32	1.53887
15	149	0.837459
15	152	0.853255
15	153	2.06692
15	162	0.817538
15	163	0.82302
15	166	0.846167
15	167	0.829917
15	169	0.826769
15	170	0.850352
15	175	0.8387
15	180	0.876822
16	83	0.905746
16	135	1.36273
16	155	0.916408
16	161	1.17626
16	162	0.919966
16	163	0.925448
16	167	0.932345
16	169	0.929197
16	170	0.952779
16	172	0.938861
16	178	1.06938
16	180	0.97925
17	12	0.79744
17	40	0.853288
17	48	0.840349
17	59	1.85229
17	88	0.794934
17	100	0.833032
17	115	0.839827
17	118	0.831088
17	120	0.81954
17	121	0.81954
17	122	0.81954
17	143	0.851422
17	160	2.05431
18	85	2.86911
18	128	0.81415
18	136	0.837674
18	139	1.0272
18	145	0.813732
18	148	0.856777
18	156	0.831123
18	160	0.847219
18	174	0.811586
18	176	0.822177
18	177	0.822435
18	178	0.82488
18	179	0.818247
19	59	0.775084
19	71	1.59506
19	99	0.903569
19	132	1.54039
19	138	0.902702
19	147	0.909084
19	158	0.93111
19	162	0.886822
19	167	0.899201
19	169	0.896054
19	170	0.919636
19	172	0.905718
19	180	0.946106
20	9	0.873645
20	24	0.941815
20	53	0.902717
20	80	0.954533
20	81	1.01878
20	82	0.863794
20	93	0.912583
20	102	0.897871
20	119	0.904888
20	129	0.89527
20	157	1.36944
20	164	1.51871
20	180	0.952883
21	149	0.824339
21	158	0.848705
21	162	0.804418
21	163	0.809899
21	166	0.833047
21	167	0.816797
21	168	1.91614
21	169	0.813649
21	170	0.837231
21	173	0.822634
21	175	0.82558
21	179	1.98942
21	180	0.863702
22	46	0.824412
22	118	1.70674
22	123	0.860901
22	138	0.819589
22	155	0.800152
22	163	0.809191
22	166	0.832339
22	167	0.816089
22	169	0.812941
22	170	0.836523
22	175	0.824872
22	177	2.19396
22	180	0.862993
23	48	0.923537
23	60	0.899846
23	72	0.882723
23	84	1.24623
23	96	0.911871
23	100	0.916219
23	109	1.57104
23	115	0.923014
23	120	0.902727
23	121	0.902727
23	122	0.902727
23	143	0.934609
23	170	1.08311
24	13	1.01681
24	20	0.941815
24	55	0.968775
24	82	0.853404
24	93	0.902194
24	108	0.934302
24	110	1.28195
24	118	0.901952
24	119	0.894498
24	129	0.884881
24	132	0.875685
24	173	1.60555
24	180	0.942494
25	40	0.937354
25	62	1.16926
25	72	0.883601
25	87	1.20502
25	88	0.879
25	96	0.912749
25	100	0.917098
25	115	0.923893
25	120	0.903606
25	121	0.903606
25	122	0.903606
25	143	0.935488
25	159	1.52807
26	51	0.894748
26	54	0.899546
26	90	0.940557
26	94	0.906828
26	97	0.904269
26	116	0.919119
26	131	1.32544
26	141	0.928816
26	142	0.892774
26	146	1.38328
26	168	0.900675
26	175	0.912669
26	176	1.19986
27	61	1.38502
27	89	0.939613
27	111	0.891514
27	123	1.19598
27	145	0.902904
27	157	0.910607
27	159	0.91327
27	161	0.905808
27	165	0.903929
27	171	0.907623
27	173	0.913381
27	175	1.30908
27	176	0.911349
28	7	0.886122
28	74	1.39144
28	146	0.898597
28	161	0.911133
28	162	1.29075
28	171	0.912948
28	172	0.919386
28	174	0.906084
28	175	1.21025
28	176	0.916674
28	177	0.916932
28	178	0.919378
28	179	0.912745
29	9	0.874512
29	45	0.923613
29	76	1.28011
29	83	0.880245
29	87	0.92923
29	93	0.913449
29	118	0.913208
29	119	0.905754
29	125	0.910105
29	129	0.896136
29	152	1.18128
29	173	1.44646
29	180	0.953749
30	63	0.819221
30	99	0.828033
30	125	0.826925
30	147	0.833547
30	150	0.826848
30	154	1.90021
30	155	0.807728
30	166	0.839915
30	167	0.823665
30	168	2.00566
30	169	0.820517
30	170	0.844099
30	173	0.829502
31	109	0.899486
31	122	1.33395
31	128	0.907576
31	137	0.890976
31	150	1.37324
31	159	0.917523
31	164	0.917989
31	170	1.18437
31	174	0.905012
31	176	0.915602
31	177	0.91586
31	178	0.918305
31	179	0.911672
32	15	1.53887
32	74	1.21912
32	104	0.882557
32	106	0.931285
32	107	1.43775
32	124	0.928787
32	131	0.878283
32	168	0.878897
32	171	0.882187
32	174	0.875322
32	176	0.885913
32	177	0.88617
32	178	0.888616
32	179	0.881983
33	74	1.20669
33	85	0.804015
33	90	0.924568
33	116	0.903131
33	126	0.884801
33	133	0.880157
33	135	0.873224
33	140	0.915169
33	141	0.912827
33	144	0.920743
33	164	1.52072
33	168	0.884686
33	172	1.47622
33	175	0.89668
34	68	0.935834
34	103	1.59098
34	107	0.870901
34	130	0.869346
34	147	0.892621
34	155	0.866802
34	160	1.15213
34	162	0.87036
34	166	0.898989
34	167	0.882739
34	169	0.879591
34	170	0.903173
34	179	1.46533
34	180	0.929644
35	14	0.982369
35	56	0.878532
35	75	1.61691
35	130	0.872336
35	147	0.895612
35	158	0.917638
35	162	0.87335
35	166	0.90198
35	167	0.885729
35	169	0.882582
35	170	0.906164
35	171	1.60542
35	173	0.891566
35	175	0.894512
36	59	1.1035
36	96	0.888007
36	112	1.43631
36	115	0.899151
36	120	0.878864
36	121	0.878864
36	122	0.878864
36	158	0.915957
36	166	0.900298
36	167	0.884048
36	169	0.880901
36	170	0.904483
36	171	1.67029
36	172	0.890565
37	10	0.936324
37	60	1.42361
37	75	1.35355
37	140	0.895659
37	142	0.857275
37	144	0.901233
37	158	0.900296
37	161	1.42604
37	166	0.884638
37	167	0.868387
37	170	0.888822
37	172	0.874904
37	175	0.87717
37	180	0.915292
38	59	0.955969
38	75	0.859181
38	112	0.904794
38	139	1.24122
38	154	0.899261
38	163	1.45632
38	164	0.887749
38	165	0.877943
38	167	1.49538
38	168	0.878347
38	171	0.881636
38	177	0.88562
38	178	0.888066
38	179	0.881433
39	44	1.31144
39	84	0.912105
39	97	1.33925
39	106	0.926032
39	124	0.923534
39	134	1.54065
39	154	0.894558
39	164	0.883046
39	168	0.873644
39	171	0.876933
39	173	0.882691
39	174	0.870069
39	176	0.880659
39	179	0.87673
40	12	0.861032
40	17	0.853288
40	25	0.937354
40	59	1.06913
40	72	0.863127
40	79	0.943489
40	96	0.892275
40	100	0.896623
40	115	0.903419
40	120	0.883131
40	121	0.883131
40	122	0.883131
40	168	1.51108
40	177	1.6292
41	47	0.882763
41	76	0.929484
41	124	0.92258
41	142	1.47747
41	143	1.27048
41	150	1.44328
41	156	0.888652
41	160	0.904748
41	164	0.882092
41	172	0.882417
41	174	0.869115
41	177	0.879963
41	178	0.882409
41	179	0.875776
42	58	0.876493
42	75	2.12955
42	90	0.832352
42	114	0.830179
42	126	0.792586
42	133	0.787941
42	139	0.826851
42	140	0.822953
42	141	0.820612
42	142	0.78457
42	144	0.828528
42	157	2.07498
42	168	0.792471
42	175	0.804465
43	60	0.879367
43	98	1.3767
43	104	1.47982
43	115	0.902535
43	120	0.882248
43	121	0.882248
43	122	0.882248
43	130	0.874039
43	152	0.91077
43	158	0.919341
43	162	0.875053
43	169	0.884285
43	170	0.907867
43	177	1.3506
44	39	1.31144
44	84	1.28694
44	86	0.871581
44	90	0.93827
44	116	0.916833
44	133	0.893859
44	136	0.920901
44	139	0.932769
44	141	0.92653
44	142	0.890487
44	154	1.30593
44	168	0.898388
44	175	0.910382
45	5	0.950012
45	29	0.923613
45	75	0.854143
45	80	0.925075
45	82	0.834336
45	93	0.883125
45	95	0.856815
45	102	0.868413
45	108	0.915233
45	129	0.865812
45	139	1.19142
45	152	1.43169
45	159	1.57973
45	180	0.923425
46	22	0.824412
46	74	0.917088
46	134	0.85047
46	148	1.42027
46	155	0.852138
46	158	0.899984
46	163	0.861178
46	166	0.884325
46	167	0.868075
46	168	1.49334
46	169	0.864928
46	170	0.88851
46	173	0.873912
46	178	1.59528
46	180	0.91498
47	41	0.882763
47	67	0.916228
47	105	1.62851
47	124	0.913294
47	128	0.862393
47	134	1.58294
47	145	0.861974
47	146	0.852342
47	154	0.884318
47	165	0.862999
47	166	1.28025
47	171	0.866693
47	174	0.859829
47	177	0.870677
47	179	0.86649
48	4	1.75833
48	17	0.840349
48	23	0.923537
48	60	0.867311
48	72	0.850188
48	88	0.845586
48	100	0.883684
48	115	0.89048
48	117	1.33672
48	118	0.88174
48	120	0.870192
48	121	0.870192
48	122	0.870192
48	139	0.906547
48	172	1.41113
49	61	0.870892
49	123	0.913698
49	127	0.869486
49	150	0.872069
49	151	1.60567
49	155	0.852949
49	158	0.900795
49	162	0.856507
49	163	0.861989
49	167	0.868886
49	169	0.865739
49	170	0.889321
49	171	1.47721
49	175	0.877669
49	179	1.42563
50	13	1.39239
50	93	0.870755
50	102	0.856043
50	108	0.902863
50	119	0.863059
50	129	0.853442
50	152	0.887488
50	154	0.881854
50	162	1.61468
50	164	0.870342
50	166	1.4878
50	171	0.864229
50	177	0.868213
50	178	0.870658
50	180	0.911055
51	26	0.894748
51	58	0.931426
51	113	0.880862
51	114	0.885112
51	133	0.842874
51	139	0.881784
51	140	0.877886
51	141	0.875545
51	142	0.839502
51	144	0.88346
51	145	1.49444
51	151	1.57164
51	168	0.847404
51	171	1.44317
51	175	0.859397
52	11	0.840274
52	64	0.858724
52	106	1.3878
52	128	1.8122
52	138	0.871238
52	140	1.30181
52	147	0.87762
52	150	0.870921
52	152	0.891076
52	158	0.899646
52	162	0.855359
52	167	0.867738
52	169	0.86459
52	170	0.888172
52	180	0.914643
53	5	0.929983
53	9	0.824158
53	20	0.902717
53	80	0.905046
53	87	0.878876
53	93	0.863096
53	108	0.895204
53	119	0.855401
53	125	0.859751
53	129	0.845783
53	132	0.836588
53	137	1.51703
53	149	1.50427
53	172	1.48625
53	180	0.903396
54	10	0.923349
54	26	0.899546
54	69	0.842313
54	94	0.858354
54	114	0.88991
54	116	0.870646
54	139	0.886582
54	141	0.880343
54	142	0.8443
54	144	0.888259
54	152	1.35162
54	168	0.852202
54	172	1.62058
54	175	0.864195
54	178	1.53596
55	7	1.54128
55	9	0.900605
55	24	0.968775
55	75	0.910561
55	82	0.890754
55	87	0.955323
55	93	0.939543
55	95	0.913233
55	102	0.924831
55	108	0.971651
55	119	0.931847
55	132	0.913034
55	171	1.0224
55	174	1.14849
55	176	1.09666
55	180	0.979843
56	1	1.2953
56	35	0.878532
56	134	0.83495
56	136	1.72605
56	147	0.862437
56	150	0.855738
56	155	0.836618
56	158	0.884463
56	163	0.845657
56	166	0.868805
56	167	0.852555
56	169	0.849407
56	170	0.872989
56	173	0.858391
56	178	1.78417
56	180	0.89946
57	74	0.902307
57	107	0.841457
57	112	1.38028
57	143	0.879992
57	147	0.863177
57	150	0.856478
57	155	0.837358
57	158	0.885203
57	162	0.840916
57	163	0.846397
57	166	0.869545
57	167	0.853295
57	169	0.850147
57	170	0.873729
57	174	1.74036
57	176	1.68853
58	42	0.876493
58	51	0.931426
58	65	1.07155
58	69	0.927464
58	94	0.943505
58	97	0.940947
58	102	1.14084
58	126	0.937467
58	133	0.932823
58	135	0.92589
58	140	0.967835
58	142	0.929451
58	164	1.32084
58	168	0.937353
58	173	1.27257
58	175	0.949346
59	17	1.85229
59	19	0.775084
59	36	1.1035
59	38	0.955969
59	40	1.06913
59	132	0.91426
59	146	0.919892
59	153	0.925689
59	156	0.946915
59	161	0.932427
59	165	0.930549
59	171	0.934242
59	174	0.927378
59	176	0.937968
59	178	0.940672
59	179	0.934039
60	12	0.824402
60	23	0.899846
60	37	1.42361
60	43	0.879367
60	48	0.867311
60	79	0.90686
60	88	0.821896
60	96	0.855645
60	100	0.859994
60	115	0.866789
60	120	0.846502
60	121	0.846502
60	122	0.846502
60	124	1.57437
60	143	0.878384
60	156	1.80642
61	27	1.38502
61	49	0.870892
61	107	0.84992
61	131	1.78493
61	134	0.844153
61	145	1.63636
61	147	0.871641
61	150	0.864941
61	155	0.845821
61	157	0.864821
61	162	0.849379
61	167	0.861758
61	169	0.85861
61	170	0.882193
61	172	0.868275
61	173	0.867595
62	1	0.992169
62	2	0.897054
62	3	0.899717
62	25	1.16926
62	99	1.26912
62	103	0.924502
62	112	0.952485
62	151	0.925186
62	156	0.941999
62	164	0.93544
62	167	1.28679
62	170	1.06773
62	171	0.929327
62	176	0.933053
62	177	0.933311
62	178	0.935757
63	30	0.819221
63	81	1.53561
63	99	0.859675
63	101	1.84646
63	115	1.41936
63	123	0.90012
63	127	0.855907
63	150	0.858491
63	155	0.839371
63	163	0.84841
63	166	0.871558
63	167	0.855308
63	169	0.85216
63	170	0.875742
63	172	0.861824
63	180	0.902213
64	52	0.858724
64	68	0.903833
64	107	0.838901
64	113	1.51719
64	135	1.96343
64	143	0.877436
64	147	0.860621
64	150	0.853921
64	155	0.834802
64	158	0.882647
64	160	1.32822
64	163	0.843841
64	166	0.866989
64	169	0.847591
64	170	0.871173
64	175	0.859522
65	1	0.97173
65	58	1.07155
65	111	0.892779
65	151	0.904747
65	157	0.911872
65	160	0.937656
65	161	0.907073
65	163	1.52267
65	164	0.915001
65	168	0.905599
65	173	0.914646
65	174	0.902024
65	175	1.36607
65	177	0.912872
65	178	0.915318
65	179	0.908684
65	180	1.13099
66	8	1.17473
66	86	0.885951
66	101	0.921394
66	146	0.901697
66	150	1.43208
66	155	1.45265
66	156	0.92872
66	161	0.914233
66	164	0.922161
66	171	0.916048
66	172	0.922485
66	174	0.909184
66	176	0.919774
66	177	0.920032
66	178	0.922477
66	179	0.915844
66	180	1.03153
67	47	0.916228
67	79	0.85485
67	84	0.944617
67	85	2.53089
67	101	0.914791
67	112	0.932602
67	129	1.19793
67	151	0.905303
67	159	0.915091
67	161	0.907629
67	171	0.909444
67	174	0.90258
67	176	0.913171
67	177	0.913428
67	178	0.915874
67	179	0.909241
67	180	0.512413
68	34	0.935834
68	64	0.903833
68	99	0.917215
68	107	0.901009
68	132	1.3825
68	134	0.895242
68	150	0.91603
68	155	0.89691
68	162	0.900468
68	163	0.90595
68	167	0.912847
68	170	0.933281
68	174	1.31009
68	175	0.92163
68	176	1.25825
68	178	1.16108
68	180	0.959752
69	2	1.86442
69	54	0.842313
69	58	0.927464
69	85	0.762771
69	86	0.816635
69	97	0.847036
69	116	0.861886
69	126	0.843557
69	133	0.838912
69	140	0.873924
69	141	0.871583
69	142	0.835541
69	144	0.879499
69	153	1.61827
69	168	0.843442
69	172	1.62314
69	175	0.855436
70	8	1.0177
70	9	1.7857
70	99	1.28756
70	104	0.912576
70	109	0.899815
70	146	0.897855
70	148	0.950532
70	151	0.908064
70	154	0.92983
70	158	1.00349
70	159	0.917852
70	165	0.908512
70	171	0.912205
70	176	0.915932
70	177	0.916189
70	178	0.918635
70	179	0.912002
71	1	0.905061
71	19	1.59506
71	73	0.831247
71	104	0.84259
71	108	1.57993
71	145	0.837501
71	152	0.865479
71	153	0.833666
71	156	0.854892
71	160	0.870988
71	161	0.840405
71	163	1.91893
71	174	0.835356
71	176	0.845946
71	177	0.846204
71	178	0.848649
71	179	0.842016
72	23	0.882723
72	25	0.883601
72	40	0.863127
72	48	0.850188
72	79	0.889736
72	88	0.804772
72	96	0.838522
72	100	0.84287
72	115	0.849666
72	118	0.840926
72	120	0.829378
72	121	0.829378
72	122	0.829378
72	139	0.865733
72	165	1.58499
72	172	1.72967
72	174	1.79406
73	71	0.831247
73	96	1.68367
73	146	0.834586
73	148	0.887263
73	151	0.844795
73	153	0.840383
73	159	0.854583
73	164	0.855049
73	167	1.91954
73	168	0.845647
73	173	0.854694
73	174	0.842072
73	176	0.852662
73	177	0.85292
73	178	0.855366
73	179	0.848733
73	180	1.48881
74	28	1.39144
74	32	1.21912
74	33	1.20669
74	46	0.917088
74	57	0.902307
74	124	1.285
74	134	0.89116
74	138	0.912265
74	155	0.892828
74	158	0.940673
74	163	0.901867
74	166	0.925015
74	167	0.908765
74	169	0.905617
74	170	0.929199
74	175	0.917548
74	180	0.95567
75	35	1.61691
75	37	1.35355
75	38	0.859181
75	42	2.12955
75	45	0.854143
75	55	0.910561
75	87	0.85976
75	102	0.829268
75	111	0.821345
75	119	0.836284
75	129	0.826667
75	154	0.855079
75	164	0.843566
75	176	0.84118
75	177	0.841438
75	179	0.83725
75	180	0.88428
76	29	1.28011
76	41	0.929484
76	101	0.918761
76	103	0.908589
76	108	1.21832
76	128	0.909114
76	141	1.19963
76	143	1.39339
76	159	0.919061
76	161	0.911599
76	164	0.919527
76	165	0.909721
76	174	0.90655
76	176	0.91714
76	177	0.917398
76	178	0.919844
76	179	0.913211
77	92	0.816293
77	134	1.84099
77	136	0.866094
77	156	0.859543
77	159	0.852517
77	160	0.875639
77	161	0.845056
77	162	1.66519
77	164	0.852983
77	168	0.843581
77	171	0.84687
77	174	0.840006
77	175	1.58469
77	176	0.850597
77	177	0.850854
77	178	0.8533
77	179	0.846667
78	88	0.879638
78	103	1.51556
78	110	1.1758
78	120	0.904243
78	121	0.904243
78	122	0.904243
78	124	1.03614
78	127	0.910027
78	139	0.940598
78	143	0.936126
78	159	1.38226
78	162	0.897049
78	163	0.902531
78	166	0.925678
78	167	0.909428
78	170	0.929862
78	180	0.956333
79	12	0.887641
79	40	0.943489
79	60	0.90686
79	67	0.85485
79	72	0.889736
79	88	0.885135
79	96	0.918884
79	115	0.930028
79	118	0.921288
79	120	0.90974
79	121	0.90974
79	122	0.90974
79	139	0.946095
79	143	0.941623
79	147	1.14489
79	167	1.42315
79	173	1.67444
80	20	0.954533
80	45	0.925075
80	53	0.905046
80	82	0.866122
80	83	0.881707
80	87	0.930692
80	93	0.914912
80	102	0.900199
80	108	0.947019
80	118	0.91467
80	119	0.907216
80	129	0.897598
80	131	1.37102
80	164	1.27738
80	172	1.23288
80	173	1.22911
80	180	0.955211
81	20	1.01878
81	63	1.53561
81	89	0.923481
81	106	0.94059
81	128	0.887191
81	129	1.56586
81	151	0.887351
81	160	0.92026
81	164	0.897604
81	165	0.887798
81	169	1.27727
81	171	0.891492
81	172	0.897929
81	173	0.89725
81	174	0.884627
81	176	0.895218
81	178	0.897921
81	179	0.891288
82	5	0.89106
82	9	0.785235
82	20	0.863794
82	24	0.853404
82	45	0.834336
82	55	0.890754
82	80	0.866122
82	87	0.839953
82	95	0.797862
82	102	0.809461
82	108	0.856281
82	118	0.823931
82	119	0.816477
82	129	0.806859
82	137	2.0846
82	154	1.76182
82	166	1.55672
82	180	0.864473
83	9	0.80082
83	16	0.905746
83	29	0.880245
83	80	0.881707
83	102	0.825045
83	108	0.871865
83	129	0.822444
83	163	0.826255
83	165	1.66453
83	166	0.849403
83	167	0.833152
83	168	1.62266
83	169	0.830005
83	170	0.853587
83	172	0.839669
83	176	1.82177
83	180	0.880057
84	23	1.24623
84	39	0.912105
84	44	1.28694
84	67	0.944617
84	98	0.903006
84	129	1.7103
84	137	0.874182
84	153	0.886528
84	156	0.907754
84	158	1.15377
84	159	0.900729
84	164	0.901194
84	165	0.891388
84	171	0.895082
84	174	0.888218
84	176	0.898808
84	178	0.901511
84	179	0.894878
85	18	2.86911
85	33	0.804015
85	67	2.53089
85	69	0.762771
85	90	0.812541
85	97	0.776254
85	113	0.806118
85	114	0.810367
85	116	0.791104
85	126	0.772774
85	133	0.76813
85	135	0.761197
85	140	0.803142
85	141	0.800801
85	142	0.764758
85	144	0.808716
85	168	0.772659
85	175	0.784653
86	44	0.871581
86	66	0.885951
86	69	0.816635
86	125	1.82002
86	126	0.826638
86	130	1.83885
86	133	0.821993
86	140	0.857006
86	144	0.86258
86	153	0.821259
86	156	0.842485
86	165	0.826119
86	170	1.73331
86	172	0.83625
86	174	0.822948
86	175	0.838517
86	177	0.833796
86	178	0.836242
87	5	0.955629
87	25	1.20502
87	29	0.92923
87	53	0.878876
87	55	0.955323
87	75	0.85976
87	80	0.930692
87	82	0.839953
87	89	1.31938
87	93	0.888742
87	102	0.87403
87	108	0.92085
87	119	0.881047
87	125	0.885397
87	129	0.871429
87	168	1.39105
87	178	1.493
87	180	0.929042
88	17	0.794934
88	25	0.879
88	48	0.845586
88	60	0.821896
88	72	0.804772
88	78	0.879638
88	79	0.885135
88	96	0.83392
88	100	0.838269
88	115	0.845064
88	118	0.836325
88	120	0.824777
88	121	0.824777
88	122	0.824777
88	139	0.861131
88	152	1.76913
88	154	1.74608
88	165	1.89341
89	27	0.939613
89	81	0.923481
89	87	1.31938
89	100	1.43864
89	114	1.29759
89	127	1.33686
89	145	0.887181
89	149	0.899362
89	153	0.883346
89	159	0.897546
89	160	0.920668
89	164	0.898012
89	165	0.888206
89	171	0.891899
89	174	0.885035
89	176	0.895626
89	178	0.898329
89	179	0.891696
90	26	0.940557
90	33	0.924568
90	42	0.832352
90	44	0.93827
90	85	0.812541
90	116	0.911657
90	126	0.893327
90	133	0.888682
90	140	0.923695
90	141	0.921353
90	142	0.885311
90	144	0.929269
90	161	1.37048
90	168	0.893212
90	172	1.34821
90	174	1.41261
90	175	0.905206
90	177	1.27979
91	103	0.879234
91	107	1.69248
91	110	0.924715
91	120	1.35563
91	132	0.864077
91	136	0.903283
91	137	0.86316
91	151	0.879919
91	158	1.18658
91	160	0.912828
91	161	0.882245
91	165	0.880366
91	168	0.88077
91	169	1.45451
91	173	0.889818
91	174	0.877196
91	177	0.888044
91	178	0.890489
91	179	0.883856
92	77	0.816293
92	112	0.85249
92	124	0.875933
92	135	0.81458
92	137	0.808432
92	151	0.825191
92	161	0.827517
92	162	2.0372
92	165	0.825639
92	170	1.9333
92	171	0.829332
92	172	0.83577
92	173	0.83509
92	174	0.822468
92	176	0.833058
92	177	0.833316
92	178	0.835762
92	179	0.829129
92	180	1.72162
93	20	0.912583
93	24	0.902194
93	29	0.913449
93	45	0.883125
93	50	0.870755
93	53	0.863096
93	55	0.939543
93	80	0.914912
93	87	0.888742
93	102	0.85825
93	106	1.1537
93	118	0.87272
93	119	0.865266
93	129	0.855649
93	132	0.846453
93	159	1.53264
93	169	1.36468
93	172	1.65356
93	180	0.913262
94	10	0.93063
94	12	1.53285
94	26	0.906828
94	54	0.858354
94	58	0.943505
94	113	0.892941
94	114	0.897191
94	116	0.877928
94	133	0.854954
94	136	0.881996
94	140	0.889966
94	141	0.887625
94	142	0.851582
94	144	0.89554
94	148	1.24265
94	168	0.859483
94	173	1.49849
94	175	0.871477
94	177	1.43384
95	45	0.856815
95	55	0.913233
95	82	0.797862
95	108	0.878759
95	119	0.838956
95	129	0.829338
95	138	0.843547
95	156	1.58676
95	162	0.827667
95	163	0.833149
95	166	0.856297
95	167	0.840046
95	168	1.6352
95	169	0.836899
95	170	0.860481
95	174	1.88615
95	180	0.886951
96	12	0.836427
96	23	0.911871
96	25	0.912749
96	36	0.888007
96	40	0.892275
96	60	0.855645
96	72	0.838522
96	73	1.68367
96	79	0.918884
96	88	0.83392
96	100	0.872018
96	111	1.57023
96	113	1.29314
96	115	0.878814
96	120	0.858526
96	121	0.858526
96	122	0.858526
96	139	0.894881
96	143	0.890408
96	177	1.46221
97	14	0.921351
97	26	0.904269
97	39	1.33925
97	58	0.940947
97	69	0.847036
97	85	0.776254
97	113	0.890383
97	114	0.894633
97	116	0.875369
97	126	0.85704
97	133	0.852395
97	140	0.887407
97	141	0.885066
97	142	0.849024
97	144	0.892982
97	159	1.50484
97	168	0.856925
97	173	1.62198
97	175	0.868919
97	178	1.54114
98	43	1.3767
98	84	0.903006
98	114	1.51349
98	121	1.59936
98	145	0.863115
98	146	0.853483
98	148	0.906161
98	149	0.875297
98	151	0.863693
98	153	0.85928
98	154	0.885459
98	160	0.896602
98	164	0.873947
98	165	0.86414
98	170	1.50513
98	171	0.867834
98	172	0.874271
98	177	0.871818
98	178	0.874263
98	179	0.86763
99	8	0.929972
99	19	0.903569
99	30	0.828033
99	62	1.26912
99	63	0.859675
99	68	0.917215
99	70	1.28756
99	107	0.852282
99	123	0.908932
99	127	0.864719
99	138	0.86762
99	162	0.85174
99	163	0.857222
99	169	0.860972
99	170	0.884554
99	172	0.870636
99	173	0.869956
99	174	1.81324
99	175	0.872903
99	179	1.63557
100	17	0.833032
100	23	0.916219
100	25	0.917098
100	40	0.896623
100	48	0.883684
100	60	0.859994
100	72	0.84287
100	88	0.838269
100	89	1.43864
100	96	0.872018
100	115	0.883162
100	118	0.874422
100	120	0.862875
100	121	0.862875
100	122	0.862875
100	137	1.72765
100	139	0.899229
100	143	0.894757
100	148	1.43726
100	154	1.40487
101	5	1.13378
101	63	1.84646
101	66	0.921394
101	67	0.914791
101	76	0.918761
101	109	0.852866
101	111	0.849147
101	153	0.856702
101	154	0.882881
101	156	0.877928
101	159	0.870903
101	161	0.863441
101	165	0.861562
101	169	1.58812
101	171	0.865256
101	174	0.858392
101	175	1.42627
101	177	0.86924
101	178	0.871685
101	179	0.865052
102	5	0.925137
102	9	0.819312
102	20	0.897871
102	45	0.868413
102	50	0.856043
102	55	0.924831
102	58	1.14084
102	75	0.829268
102	80	0.900199
102	82	0.809461
102	83	0.825045
102	87	0.87403
102	93	0.85825
102	108	0.890358
102	119	0.850554
102	129	0.840937
102	132	0.831741
102	152	1.61712
102	156	1.65108
102	176	1.89863
102	180	0.89855
103	34	1.59098
103	62	0.924502
103	76	0.908589
103	78	1.51556
103	91	0.879234
103	128	0.850784
103	140	1.44811
103	145	0.850365
103	159	0.860731
103	161	0.853269
103	163	1.73984
103	164	0.861197
103	165	0.85139
103	171	0.855084
103	172	0.861522
103	173	0.860842
103	174	0.84822
103	176	0.85881
103	177	0.859068
103	178	0.861514
103	179	0.85488
104	14	1.39762
104	32	0.882557
104	43	1.47982
104	70	0.912576
104	71	0.84259
104	137	0.83938
104	143	1.62432
104	146	0.845929
104	156	0.872952
104	159	0.865926
104	160	0.889048
104	165	0.856586
104	168	0.85699
104	169	1.7935
104	171	0.86028
104	172	0.866717
104	174	0.853415
104	176	0.864006
104	177	0.864264
104	178	0.866709
104	179	0.860076
105	47	1.62851
105	110	1.54534
105	123	0.900254
105	124	1.40568
105	127	0.856041
105	130	0.842049
105	138	0.858942
105	147	0.865324
105	149	0.862984
105	150	0.858625
105	155	0.839505
105	157	0.858505
105	158	0.88735
105	163	0.848545
105	165	1.72804
105	166	0.871692
105	167	0.855442
105	169	0.852294
105	170	0.875876
105	175	0.864225
105	180	0.902347
106	32	0.931285
106	39	0.926032
106	52	1.3878
106	81	0.94059
106	93	1.1537
106	107	1.47082
106	110	0.949664
106	128	0.904708
106	148	0.947335
106	157	0.911992
106	161	0.907193
106	165	0.905314
106	169	1.23285
106	170	1.0476
106	171	0.909008
106	173	0.914766
106	174	0.902144
106	176	0.912734
106	177	0.912992
106	178	0.915438
106	179	0.908805
107	32	1.43775
107	34	0.870901
107	57	0.841457
107	61	0.84992
107	64	0.838901
107	68	0.901009
107	91	1.69248
107	99	0.852282
107	106	1.47082
107	127	0.848514
107	137	2.00145
107	138	0.851414
107	150	0.851097
107	157	0.850977
107	162	0.835535
107	163	0.841017
107	167	0.847914
107	169	0.844766
107	170	0.868349
107	172	0.854431
107	175	0.856697
107	180	0.894819
108	24	0.934302
108	45	0.915233
108	50	0.902863
108	53	0.895204
108	55	0.971651
108	71	1.57993
108	76	1.21832
108	80	0.947019
108	82	0.856281
108	83	0.871865
108	87	0.92085
108	95	0.878759
108	102	0.890358
108	118	0.904828
108	119	0.897374
108	125	0.901725
108	129	0.887757
108	132	0.878561
108	149	1.40647
108	152	1.1195
108	157	1.28368
108	180	0.94537
109	12	2.06597
109	23	1.57104
109	31	0.899486
109	70	0.899815
109	101	0.852866
109	118	1.47975
109	132	0.827537
109	137	0.82662
109	148	0.885846
109	151	0.843379
109	158	1.47858
109	159	0.853166
109	160	0.876288
109	161	0.845705
109	165	0.843826
109	171	0.84752
109	173	0.853277
109	174	0.840655
109	176	0.851246
109	177	0.851503
109	178	0.853949
109	179	0.847316
110	3	0.870954
110	4	0.863183
110	24	1.28195
110	78	1.1758
110	91	0.924715
110	105	1.54534
110	106	0.949664
110	111	0.884456
110	112	0.923723
110	124	0.947165
110	125	1.30679
110	131	0.896661
110	132	0.880583
110	144	1.28623
110	148	0.938892
110	156	0.913237
110	165	0.896871
110	174	0.893701
110	176	0.904291
110	177	0.904549
110	178	0.906994
110	179	0.900361
111	27	0.891514
111	65	0.892779
111	75	0.821345
111	96	1.57023
111	101	0.849147
111	110	0.884456
111	120	1.67341
111	122	1.73664
111	148	0.882127
111	153	0.835247
111	154	0.861425
111	159	0.849447
111	160	0.872569
111	168	0.840511
111	171	0.8438
111	173	0.849558
111	174	0.836936
111	175	1.61045
111	176	0.847527
111	177	0.847784
111	178	0.85023
111	179	0.843597
112	36	1.43631
112	38	0.904794
112	57	1.38028
112	62	0.952485
112	67	0.932602
112	92	0.85249
112	110	0.923723
112	133	1.47649
112	137	0.862167
112	138	1.45807
112	140	1.14004
112	151	0.878926
112	152	0.906326
112	159	0.888714
112	160	0.911836
112	164	0.88918
112	171	0.883067
112	172	0.889505
112	173	0.888825
112	174	0.876203
112	176	0.886794
112	178	0.889497
112	179	0.882864
113	51	0.880862
113	64	1.51719
113	85	0.806118
113	94	0.892941
113	96	1.29314
113	97	0.890383
113	124	0.936679
113	127	1.3576
113	137	0.869178
113	140	0.917271
113	141	0.91493
113	144	0.922846
113	153	0.881525
113	156	0.90275
113	159	0.895725
113	160	0.918846
113	162	1.41386
113	168	0.886789
113	170	1.30996
113	175	0.898782
113	176	0.893804
113	177	0.894062
113	178	0.896508
114	14	0.955465
114	42	0.830179
114	51	0.885112
114	54	0.88991
114	85	0.810367
114	89	1.29759
114	94	0.897191
114	97	0.894633
114	98	1.51349
114	116	0.909483
114	126	0.891153
114	128	1.48037
114	133	0.886509
114	135	0.879576
114	139	0.925419
114	140	0.921521
114	141	0.91918
114	142	0.883137
114	144	0.927095
114	166	1.05871
114	168	0.891039
114	173	1.55204
114	175	0.903032
115	12	0.847571
115	17	0.839827
115	23	0.923014
115	25	0.923893
115	36	0.899151
115	40	0.903419
115	43	0.902535
115	48	0.89048
115	60	0.866789
115	63	1.41936
115	72	0.849666
115	79	0.930028
115	88	0.845064
115	96	0.878814
115	100	0.883162
115	120	0.86967
115	121	0.86967
115	122	0.86967
115	139	0.906025
115	143	0.901552
115	172	1.44989
115	174	1.51429
115	176	1.46245
115	178	1.36528
116	1	1.10388
116	26	0.919119
116	33	0.903131
116	44	0.916833
116	54	0.870646
116	69	0.861886
116	85	0.791104
116	90	0.911657
116	94	0.877928
116	97	0.875369
116	114	0.909483
116	126	0.87189
116	133	0.867245
116	136	0.894288
116	140	0.902257
116	141	0.899916
116	142	0.863874
116	144	0.907832
116	148	1.41774
116	156	1.44237
116	157	1.57258
116	168	0.871775
116	173	1.67358
116	175	0.883769
117	48	1.33672
117	119	1.46132
117	133	1.69777
117	141	1.29535
117	142	1.69611
117	147	0.878125
117	148	0.906648
117	150	0.871426
117	154	0.885946
117	155	0.852306
117	160	0.89709
117	161	0.866507
117	165	0.864628
117	166	0.884493
117	167	0.868243
117	169	0.865095
117	170	0.888677
117	171	0.868321
117	172	0.874759
117	173	0.874079
117	174	0.861457
117	175	0.877026
117	177	0.872305
117	178	0.874751
117	179	0.868118
118	17	0.831088
118	22	1.70674
118	24	0.901952
118	29	0.913208
118	48	0.88174
118	72	0.840926
118	79	0.921288
118	80	0.91467
118	82	0.823931
118	88	0.836325
118	93	0.87272
118	100	0.874422
118	108	0.904828
118	109	1.47975
118	119	0.865025
118	120	0.86093
118	121	0.86093
118	122	0.86093
118	125	0.869375
118	129	0.855407
118	136	1.3232
118	139	0.897285
118	151	1.5327
118	172	1.46594
118	180	0.91302
119	5	0.932154
119	20	0.904888
119	24	0.894498
119	29	0.905754
119	50	0.863059
119	53	0.855401
119	55	0.931847
119	75	0.836284
119	80	0.907216
119	82	0.816477
119	87	0.881047
119	93	0.865266
119	95	0.838956
119	102	0.850554
119	108	0.897374
119	117	1.46132
119	118	0.865025
119	125	0.861922
119	129	0.847953
119	132	0.838758
119	153	1.53085
119	164	1.58021
119	165	1.39104
119	176	1.54828
119	180	0.905566
120	12	0.827283
120	17	0.81954
120	23	0.902727
120	25	0.903606
120	36	0.878864
120	40	0.883131
120	43	0.882248
120	48	0.870192
120	60	0.846502
120	72	0.829378
120	78	0.904243
120	79	0.90974
120	88	0.824777
120	91	1.35563
120	96	0.858526
120	100	0.862875
120	111	1.67341
120	115	0.86967
120	118	0.86093
120	121	0.849383
120	122	0.849383
120	139	0.885737
120	143	0.881265
120	157	1.52904
120	164	1.67831
120	171	1.57212
121	12	0.827283
121	17	0.81954
121	23	0.902727
121	25	0.903606
121	36	0.878864
121	40	0.883131
121	43	0.882248
121	48	0.870192
121	60	0.846502
121	72	0.829378
121	78	0.904243
121	79	0.90974
121	88	0.824777
121	96	0.858526
121	98	1.59936
121	100	0.862875
121	115	0.86967
121	118	0.86093
121	120	0.849383
121	122	0.849383
121	135	1.85042
121	139	0.885737
121	143	0.881265
121	149	1.6597
121	170	1.16756
121	179	1.52841
122	12	0.827283
122	17	0.81954
122	23	0.902727
122	25	0.903606
122	31	1.33395
122	36	0.878864
122	40	0.883131
122	43	0.882248
122	48	0.870192
122	60	0.846502
122	72	0.829378
122	78	0.904243
122	79	0.90974
122	88	0.824777
122	96	0.858526
122	100	0.862875
122	111	1.73664
122	115	0.86967
122	118	0.86093
122	120	0.849383
122	121	0.849383
122	139	0.885737
122	143	0.881265
122	152	1.42809
122	172	1.69704
122	178	1.61243
123	13	0.962003
123	22	0.860901
123	27	1.19598
123	49	0.913698
123	63	0.90012
123	99	0.908932
123	105	0.900254
123	130	0.891171
123	132	1.59456
123	147	0.914446
123	148	1.19813
123	152	0.927902
123	154	1.16574
123	157	0.907627
123	158	0.936472
123	162	0.892185
123	163	0.897667
123	166	0.920814
123	167	0.904564
123	168	1.2712
123	169	0.901416
123	170	0.924998
123	172	0.91108
123	173	0.910401
123	175	0.913347
123	177	1.38932
124	2	0.874237
124	4	0.869128
124	32	0.928787
124	39	0.923534
124	41	0.92258
124	47	0.913294
124	60	1.57437
124	74	1.285
124	78	1.03614
124	92	0.875933
124	105	1.40568
124	110	0.947165
124	113	0.936679
124	126	1.19473
124	128	0.90221
124	145	0.901791
124	153	0.897956
124	156	0.919182
124	160	0.935278
124	164	0.912623
124	167	1.29947
124	174	0.899646
124	176	0.910236
124	177	0.910494
124	178	0.91294
124	179	0.906307
125	9	0.830679
125	29	0.910105
125	30	0.826925
125	53	0.859751
125	86	1.82002
125	87	0.885397
125	108	0.901725
125	110	1.30679
125	118	0.869375
125	119	0.861922
125	129	0.852304
125	130	0.849619
125	132	0.843109
125	150	0.866195
125	159	1.51325
125	162	0.850633
125	163	0.856115
125	166	0.879262
125	167	0.863012
125	169	0.859864
125	170	0.883446
125	173	0.868849
125	175	0.871795
125	176	1.64673
125	179	1.52089
125	180	0.909917
126	10	0.924593
126	14	0.917872
126	33	0.884801
126	42	0.792586
126	58	0.937467
126	69	0.843557
126	85	0.772774
126	86	0.826638
126	90	0.893327
126	97	0.85704
126	114	0.891153
126	116	0.87189
126	124	1.19473
126	133	0.848916
126	135	0.841983
126	136	0.875958
126	140	0.883928
126	141	0.881587
126	142	0.845544
126	144	0.889502
126	149	1.67979
126	161	1.68405
126	168	0.853446
126	173	1.658
126	175	0.865439
126	177	1.59335
127	7	2.05228
127	49	0.869486
127	63	0.855907
127	78	0.910027
127	89	1.33686
127	99	0.864719
127	105	0.856041
127	107	0.848514
127	113	1.3576
127	134	0.842746
127	138	0.863852
127	145	1.58467
127	147	0.870234
127	149	0.867893
127	155	0.844414
127	157	0.863414
127	158	0.89226
127	159	1.47418
127	162	0.847972
127	163	0.853454
127	166	0.876602
127	167	0.860351
127	169	0.857204
127	170	0.880786
127	172	0.866868
127	180	0.907256
128	18	0.81415
128	31	0.907576
128	47	0.862393
128	52	1.8122
128	76	0.909114
128	81	0.887191
128	103	0.850784
128	106	0.904708
128	114	1.48037
128	124	0.90221
128	130	1.57755
128	148	0.893936
128	150	1.66088
128	151	0.851468
128	153	0.847056
128	159	0.861256
128	161	0.853794
128	164	0.861722
128	165	0.851916
128	171	0.855609
128	174	0.848745
128	176	0.859335
128	177	0.859593
128	178	0.862039
128	179	0.855406
128	180	1.26034
129	5	0.922536
129	9	0.816711
129	11	1.85772
129	20	0.89527
129	24	0.884881
129	29	0.896136
129	45	0.865812
129	50	0.853442
129	53	0.845783
129	67	1.19793
129	75	0.826667
129	80	0.897598
129	81	1.56586
129	82	0.806859
129	83	0.822444
129	84	1.7103
129	87	0.871429
129	93	0.855649
129	95	0.829338
129	102	0.840937
129	108	0.887757
129	118	0.855407
129	119	0.847953
129	125	0.852304
129	132	0.82914
129	167	1.76623
129	180	0.895949
130	34	0.869346
130	35	0.872336
130	43	0.874039
130	86	1.83885
130	105	0.842049
130	123	0.891171
130	125	0.849619
130	128	1.57755
130	134	0.828753
130	143	0.873056
130	147	0.856241
130	150	0.849541
130	152	0.869696
130	158	0.878267
130	159	1.53208
130	162	0.833979
130	163	0.839461
130	166	0.862609
130	167	0.846359
130	169	0.843211
130	170	0.866793
130	171	1.59129
130	172	0.852875
130	173	0.852195
130	175	0.855142
130	178	1.56838
130	180	0.893263
131	3	0.826395
131	26	1.32544
131	32	0.878283
131	61	1.78493
131	80	1.37102
131	110	0.896661
131	136	0.875229
131	137	0.835106
131	145	0.851287
131	146	0.841655
131	149	0.863469
131	151	0.851865
131	152	0.879265
131	153	0.847452
131	154	0.873631
131	157	0.85899
131	159	0.861653
131	161	0.854191
131	167	1.90465
131	171	0.856006
131	173	0.861764
131	174	0.849142
131	175	1.709
131	176	0.859732
131	177	0.85999
131	178	0.862435
131	179	0.855802
132	5	0.91334
132	19	1.54039
132	24	0.875685
132	53	0.836588
132	55	0.913034
132	59	0.91426
132	68	1.3825
132	91	0.864077
132	93	0.846453
132	102	0.831741
132	108	0.878561
132	109	0.827537
132	110	0.880583
132	119	0.838758
132	123	1.59456
132	125	0.843109
132	129	0.82914
132	160	0.868695
132	161	0.838112
132	169	1.86951
132	171	0.839927
132	175	1.70766
132	176	0.843653
132	177	0.843911
132	178	0.846357
132	179	0.839724
132	180	0.886753
133	33	0.880157
133	42	0.787941
133	44	0.893859
133	51	0.842874
133	58	0.932823
133	69	0.838912
133	85	0.76813
133	86	0.821993
133	90	0.888682
133	94	0.854954
133	97	0.852395
133	112	1.47649
133	114	0.886509
133	116	0.867245
133	117	1.69777
133	126	0.848916
133	135	0.837338
133	136	0.871313
133	139	0.883181
133	140	0.879283
133	141	0.876942
133	142	0.8409
133	144	0.884858
133	156	1.53718
133	165	1.62749
133	173	1.7684
133	175	0.860795
134	39	1.54065
134	46	0.85047
134	47	1.58294
134	56	0.83495
134	61	0.844153
134	68	0.895242
134	74	0.89116
134	77	1.84099
134	127	0.842746
134	130	0.828753
134	138	0.845647
134	147	0.852029
134	150	0.84533
134	152	0.865485
134	155	0.82621
134	158	0.874055
134	162	0.829768
134	163	0.835249
134	165	1.68248
134	166	0.858397
134	167	0.842147
134	169	0.838999
134	170	0.862581
134	172	0.848663
134	173	0.847984
134	175	0.85093
134	177	1.75873
134	180	0.889052
135	16	1.36273
135	33	0.873224
135	58	0.92589
135	64	1.96343
135	85	0.761197
135	92	0.81458
135	114	0.879576
135	121	1.85042
135	126	0.841983
135	133	0.837338
135	136	0.864381
135	140	0.87235
135	142	0.833967
135	144	0.877925
135	148	0.883484
135	151	0.841016
135	154	0.862782
135	158	1.67351
135	159	0.850804
135	168	0.841868
135	173	0.850915
135	174	0.838293
135	175	0.853862
135	176	0.848883
135	177	0.849141
135	178	0.851587
135	179	0.844954
135	180	1.54452
136	18	0.837674
136	44	0.920901
136	56	1.72605
136	77	0.866094
136	91	0.903283
136	94	0.881996
136	116	0.894288
136	118	1.3232
136	126	0.875958
136	131	0.875229
136	133	0.871313
136	135	0.864381
136	141	0.903984
136	142	0.867942
136	144	0.9119
136	147	1.34551
136	151	0.874992
136	154	0.896758
136	161	0.877318
136	162	1.50862
136	166	1.38173
136	168	0.875843
136	170	1.40472
136	171	0.879133
136	172	0.88557
136	175	0.887837
136	177	0.883117
136	178	0.885562
136	179	0.878929
137	2	0.806737
137	31	0.890976
137	53	1.51703
137	82	2.0846
137	84	0.874182
137	91	0.86316
137	92	0.808432
137	100	1.72765
137	104	0.83938
137	107	2.00145
137	109	0.82662
137	112	0.862167
137	113	0.869178
137	131	0.835106
137	148	0.877336
137	149	0.846473
137	151	0.834869
137	156	0.851682
137	159	0.844656
137	164	0.845122
137	165	0.835316
137	171	0.83901
137	172	0.845447
137	173	0.844768
137	174	0.832145
137	177	0.842993
137	178	0.845439
137	179	0.838806
137	180	1.36656
138	19	0.902702
138	22	0.819589
138	52	0.871238
138	74	0.912265
138	95	0.843547
138	99	0.86762
138	105	0.858942
138	107	0.851414
138	112	1.45807
138	127	0.863852
138	134	0.845647
138	147	0.873135
138	148	1.49414
138	150	0.866435
138	155	0.847315
138	157	0.866315
138	158	0.895161
138	160	1.32728
138	161	1.77603
138	162	0.850873
138	163	0.856355
138	166	0.879502
138	167	0.863252
138	168	1.5672
138	169	0.860105
138	170	0.883687
138	171	1.69206
138	172	0.869769
138	173	0.869089
138	175	0.872035
138	180	0.910157
139	12	0.863638
139	18	1.0272
139	38	1.24122
139	42	0.826851
139	44	0.932769
139	45	1.19142
139	48	0.906547
139	51	0.881784
139	54	0.886582
139	72	0.865733
139	78	0.940598
139	79	0.946095
139	88	0.861131
139	96	0.894881
139	100	0.899229
139	114	0.925419
139	115	0.906025
139	118	0.897285
139	120	0.885737
139	121	0.885737
139	122	0.885737
139	133	0.883181
139	140	0.918194
139	141	0.915852
139	142	0.87981
139	144	0.923768
139	149	1.53037
139	161	1.53462
139	168	0.887711
139	173	1.50858
139	174	1.57675
139	175	0.899705
140	10	0.95496
140	14	0.948239
140	33	0.915169
140	37	0.895659
140	42	0.822953
140	51	0.877886
140	52	1.30181
140	58	0.967835
140	69	0.873924
140	85	0.803142
140	86	0.857006
140	90	0.923695
140	94	0.889966
140	97	0.887407
140	103	1.44811
140	112	1.14004
140	113	0.917271
140	114	0.921521
140	116	0.902257
140	126	0.883928
140	133	0.879283
140	135	0.87235
140	139	0.918194
140	141	0.911954
140	142	0.875912
140	144	0.91987
140	146	1.63171
140	157	1.33095
140	168	0.883813
140	172	1.43573
140	175	0.895807
140	179	1.32245
141	3	1.70847
141	10	0.952619
141	14	0.945898
141	26	0.928816
141	33	0.912827
141	42	0.820612
141	44	0.92653
141	51	0.875545
141	54	0.880343
141	69	0.871583
141	76	1.19963
141	85	0.800801
