1	49	1.03856
1	78	0.994804
1	84	1.03664
1	98	0.977369
1	105	1.08628
1	111	1.02765
1	122	1.01806
1	134	0.915331
1	143	1.03871
1	144	0.992805
1	157	0.962386
1	164	0.91783
2	20	1.13182
2	26	0.857718
2	79	1.00605
2	128	1.01856
2	137	0.98045
2	150	0.948113
2	152	1.02975
2	153	1.01468
2	155	0.981236
2	169	1.02238
2	174	1.01867
2	178	0.997088
3	53	0.860669
3	103	1.12801
3	104	0.931536
3	137	0.863962
3	141	0.932604
3	142	0.897578
3	152	0.913267
3	153	0.898197
3	157	1.21563
3	172	1.25587
3	174	0.902187
3	179	1.2058
4	79	1.02002
4	81	1.01692
4	142	1.02803
4	143	1.02097
4	147	1.0417
4	152	1.04372
4	153	1.02865
4	155	0.938265
4	160	0.945755
4	172	0.989565
4	175	0.952811
4	176	0.980126
5	49	1.02182
5	67	1.07123
5	97	1.04776
5	98	0.960638
5	109	0.937079
5	110	0.968879
5	111	1.01091
5	121	1.06566
5	143	1.02198
5	156	1.02099
5	162	0.978686
5	163	0.900972
6	41	1.02828
6	57	0.905268
6	100	0.877073
6	102	1.01717
6	116	1.03773
6	133	0.972341
6	151	1.06255
6	169	1.02879
6	170	1.04743
6	174	1.0345
6	178	1.0035
6	180	0.992002
7	13	1.13505
7	97	1.20889
7	121	1.22077
7	151	1.23022
7	168	0.872795
7	169	0.89249
7	173	0.90224
7	176	0.898885
7	177	0.917807
7	178	0.904643
7	179	0.910158
7	180	0.900982
8	29	0.862462
8	44	1.33634
8	67	0.920549
8	74	0.918226
8	80	0.907593
8	97	0.89708
8	105	0.91887
8	111	0.860236
8	121	0.914984
8	135	1.16614
8	162	1.17355
8	173	1.12932
9	44	1.13236
9	50	1.11938
9	96	0.972769
9	107	1.0149
9	140	1.02582
9	149	0.891561
9	157	1.01577
9	159	1.02523
9	163	0.891864
9	165	1.02612
9	167	0.927309
9	172	0.963508
10	52	0.992463
10	72	0.9479
10	96	1.00155
10	107	1.04368
10	114	0.994905
10	119	1.06824
10	140	1.0546
10	157	1.04456
10	158	0.980719
10	166	0.916847
10	168	1.0278
10	178	0.933382
11	24	0.995286
11	44	1.1207
11	83	1.01799
11	120	1.01576
11	125	1.03316
11	126	1.02958
11	139	0.858414
11	146	0.970766
11	154	1.05756
11	169	0.941683
11	170	1.05067
11	175	0.915088
12	43	1.04953
12	108	1.02183
12	132	0.993018
12	136	0.596677
12	140	1.03649
12	144	1.0752
12	157	1.02644
12	159	1.0359
12	164	1.00022
12	165	1.03679
12	172	1.08502
12	173	1.04686
13	7	1.13505
13	52	0.993661
13	99	0.860072
13	108	1.04114
13	114	0.996103
13	132	1.01233
13	140	1.0558
13	149	0.852968
13	156	0.973287
13	157	1.04576
13	159	1.05521
13	168	0.983891
14	50	0.999308
14	56	0.882568
14	87	0.868623
14	96	0.852694
14	107	0.894826
14	108	0.891084
14	140	0.905742
14	158	1.24916
14	159	0.905156
14	173	1.19911
14	177	1.1666
14	180	1.19033
15	67	1.07433
15	68	1.01177
15	84	1.02301
15	90	1.05119
15	97	1.05087
15	98	0.963745
15	143	1.02509
15	157	0.935218
15	165	0.936
15	168	1.03444
15	172	0.975461
15	179	0.925391
16	33	0.948071
16	61	0.908812
16	92	0.910458
16	94	1.20922
16	102	0.872783
16	124	0.886118
16	149	1.19632
16	150	1.18385
16	151	0.918156
16	159	1.21586
16	172	0.86549
16	174	0.890112
17	54	1.08376
17	70	0.814427
17	85	1.01732
17	88	1.06954
17	110	0.976113
17	117	1.03857
17	131	0.979681
17	133	0.960459
17	135	0.978502
17	146	0.998774
17	151	1.05066
17	168	1.03883
18	36	0.953404
18	111	1.01446
18	121	1.06921
18	141	1.06761
18	142	1.03259
18	143	1.02553
18	145	0.898109
18	156	1.02327
18	169	0.964734
18	171	0.945504
18	172	0.974893
18	174	1.0372
19	99	1.13824
19	112	0.812527
19	117	0.84715
19	131	0.887819
19	136	0.88029
19	142	0.884441
19	152	0.879936
19	158	1.08427
19	160	1.11825
19	169	1.10637
19	175	1.12524
19	176	1.11277
19	180	1.11486
20	2	1.13182
20	26	0.742546
20	28	0.925633
20	94	0.858313
20	118	1.06002
20	122	0.932793
20	137	1.08174
20	141	1.15038
20	145	0.840579
20	147	1.12903
20	152	1.13104
20	153	1.11597
20	176	0.907924
21	60	1.11809
21	82	1.09419
21	106	1.12728
21	115	0.494798
21	120	1.09248
21	126	1.1063
21	154	1.13428
21	165	0.941698
21	170	1.12739
21	172	0.981159
21	173	0.942998
21	177	0.910486
21	180	0.934211
22	53	1.10184
22	73	0.95178
22	114	1.06498
22	143	1.03249
22	163	0.991113
22	170	1.04238
22	171	0.976414
22	173	0.969609
22	175	0.978724
22	176	0.966253
22	178	0.972011
22	179	0.977527
22	180	0.96835
23	37	1.17643
23	75	1.09037
23	113	1.11134
23	114	1.07781
23	119	1.15114
23	132	1.09403
23	138	0.76317
23	140	1.1375
23	165	1.13781
23	168	0.885053
23	176	0.816639
23	178	0.79063
23	179	0.776007
24	11	0.995286
24	76	1.00129
24	93	0.983576
24	120	0.942386
24	125	0.959782
24	126	0.956204
24	154	0.984181
24	160	1.02989
24	162	1.07977
24	166	1.02171
24	170	0.97729
24	175	1.03694
24	178	1.03825
25	37	1.34974
25	101	0.959083
25	117	0.991539
25	120	0.953613
25	125	0.971009
25	126	0.967431
25	131	0.932649
25	136	0.991611
25	151	1.00363
25	166	0.947406
25	169	0.989229
25	170	0.988516
25	173	0.961227
26	2	0.857718
26	20	0.742546
26	91	0.847367
26	92	0.832755
26	98	1.00108
26	140	0.913372
26	162	1.08847
26	164	1.13368
26	166	1.12411
26	167	1.10875
26	175	1.12069
26	178	1.11398
26	180	1.11032
27	38	0.978254
27	47	0.980574
27	49	0.960021
27	78	0.916269
27	80	0.996468
27	97	0.985955
27	101	1.05749
27	105	1.00774
27	111	0.949111
27	121	1.00386
27	150	1.01338
27	172	1.0978
27	173	1.05964
28	20	0.925633
28	31	1.04628
28	77	1.13429
28	93	1.00798
28	125	1.08107
28	163	0.994497
28	168	0.943548
28	169	0.963243
28	175	0.982109
28	177	0.98856
28	178	0.975396
28	179	0.980911
28	180	0.971735
29	8	0.862462
29	36	0.902508
29	68	0.961311
29	74	1.02155
29	80	1.01092
29	90	1.00073
29	105	1.0222
29	121	1.01831
29	138	0.998718
29	168	1.1206
29	173	1.02346
29	176	1.05219
29	179	1.01155
30	39	0.961549
30	115	0.988232
30	117	0.9928
30	123	0.975204
30	124	0.972856
30	133	0.914689
30	151	1.00489
30	170	0.989777
30	171	1.04644
30	175	1.03908
30	176	1.06639
30	179	1.02576
30	180	1.02888
31	28	1.04628
31	104	1.06796
31	138	0.975108
31	141	1.06903
31	142	1.034
31	147	1.04767
31	152	1.04969
31	153	1.03462
31	154	1.05843
31	161	1.02117
31	165	0.998553
31	169	1.02786
31	170	0.535123
31	174	1.03861
32	112	1.07878
32	123	1.04611
32	128	1.04764
32	137	1.00953
32	152	1.05884
32	153	1.04377
32	154	1.06758
32	159	0.923137
32	165	0.936084
32	166	0.923563
32	171	0.946156
32	174	1.04776
32	175	0.938791
32	178	0.940098
33	16	0.948071
33	39	1.04947
33	54	1.12591
33	55	1.12386
33	102	1.04744
33	131	1.02183
33	133	1.00261
33	134	0.905604
33	136	1.0808
33	149	0.920955
33	160	0.949092
33	163	0.921258
33	165	0.953441
33	178	0.957455
34	43	0.947389
34	50	1.02791
34	86	1.2476
34	89	0.908936
34	96	0.881292
34	108	0.919682
34	113	0.908175
34	119	0.947981
34	139	1.05108
34	140	0.93434
34	157	0.924298
34	162	1.15057
34	164	1.05971
34	180	1.09756
35	46	0.929236
35	128	0.927506
35	129	0.923426
35	141	0.958039
35	142	0.923013
35	143	0.91595
35	147	0.936688
35	148	1.21843
35	150	1.06594
35	152	0.938702
35	154	0.947441
35	160	1.10655
35	173	1.1122
35	180	1.10341
36	18	0.953404
36	29	0.902508
36	47	0.931745
36	62	1.06443
36	67	0.960594
36	80	0.947639
36	90	0.937453
36	110	1.17751
36	111	0.900282
36	121	0.95503
36	143	0.911347
36	163	1.1096
36	175	1.14449
36	177	1.11058
37	23	1.17643
37	25	1.34974
37	43	1.32579
37	86	0.808518
37	107	1.3453
37	139	0.909892
37	150	0.885154
37	155	0.876641
37	162	0.843844
37	167	0.864129
37	176	0.8636
37	177	0.882523
37	180	0.865698
38	27	0.978254
38	47	0.933767
38	83	1.03389
38	102	0.941642
38	121	0.891089
38	125	1.04906
38	153	0.933877
38	154	1.07345
38	169	1.03496
38	170	1.06656
38	171	1.05152
38	174	0.914939
38	178	1.04711
38	180	1.04345
39	30	0.961549
39	33	1.04947
39	41	0.985291
39	45	0.973958
39	115	1.0029
39	116	0.994742
39	117	1.00746
39	124	0.987519
39	146	1.06713
39	151	1.01956
39	163	0.976558
39	174	0.991512
39	175	1.01145
39	177	0.977529
39	180	1.00125
40	48	0.990765
40	83	0.980117
40	93	1.01908
40	106	1.01269
40	120	0.977888
40	125	0.995284
40	126	0.991706
40	127	0.942205
40	154	1.01968
40	156	1.04689
40	158	1.01041
40	161	0.981677
40	168	1.0575
40	170	1.01279
40	171	0.969133
41	6	1.02828
41	39	0.985291
41	55	1.05968
41	92	1.02094
41	100	0.88094
41	118	0.940644
41	124	0.996598
41	133	0.938431
41	136	1.01661
41	158	1.05471
41	163	0.971173
41	165	1.00336
41	168	1.10179
41	170	1.01352
41	180	0.995869
42	48	1.0377
42	55	0.913106
42	104	0.957497
42	136	1.04687
42	151	1.00498
42	162	0.977163
42	169	0.990524
42	170	1.03232
42	173	1.00027
42	175	1.00939
42	176	0.996919
42	177	1.01584
42	178	1.00268
42	179	1.00819
42	180	0.999017
43	12	1.04953
43	34	0.947389
43	37	1.32579
43	87	0.986161
43	89	0.997877
43	94	0.916383
43	99	0.910591
43	107	1.01236
43	113	0.997115
43	114	0.963585
43	140	1.02328
43	150	0.891012
43	158	0.987324
43	159	1.02269
43	172	0.975434
44	8	1.33634
44	9	1.13236
44	11	1.1207
44	47	1.22217
44	81	1.1857
44	136	0.918855
44	151	0.930876
44	156	0.855332
44	170	0.91576
44	171	0.900712
44	172	0.87821
44	177	0.909473
44	178	0.89631
44	179	0.901825
44	180	0.892648
45	39	0.973958
45	96	1.08925
45	116	0.970769
45	133	1.06513
45	136	0.987732
45	141	0.906531
45	149	1.03486
45	160	0.999944
45	161	0.992309
45	162	0.9747
45	169	0.988062
45	176	0.994457
45	177	1.01338
45	179	1.00573
45	180	0.996554
46	35	0.929236
46	51	1.05614
46	58	0.961255
46	59	0.893315
46	129	1.00423
46	138	0.965276
46	141	1.03884
46	143	0.996754
46	147	1.01749
46	152	1.01951
46	153	1.00444
46	154	1.02825
46	158	1.04007
46	162	1.03425
46	176	1.01874
47	27	0.980574
47	36	0.931745
47	38	0.933767
47	44	1.22217
47	59	0.918445
47	62	0.93649
47	74	1.05079
47	80	1.04016
47	84	1.00179
47	90	1.02997
47	97	1.02964
47	98	0.942525
47	111	0.992801
47	145	0.976529
47	178	1.01787
48	40	0.990765
48	42	1.0377
48	76	1.03465
48	82	0.977443
48	99	0.987961
48	106	1.01054
48	120	0.975739
48	125	0.993135
48	126	0.989557
48	145	0.97602
48	154	1.01753
48	164	0.968005
48	165	1.01334
48	170	1.01064
48	171	1.02341
49	1	1.03856
49	5	1.02182
49	27	0.960021
49	71	1.0341
49	84	0.981238
49	90	1.00942
49	97	1.00909
49	98	0.921972
49	105	1.03088
49	121	1.027
49	134	0.966691
49	166	1.00201
49	167	1.01779
49	177	0.983316
49	179	1.00392
50	9	1.11938
50	14	0.999308
50	34	1.02791
50	89	1.07839
50	108	1.08914
50	110	0.944821
50	113	1.07763
50	114	1.0441
50	132	1.06033
50	139	0.85513
50	140	1.1038
50	149	0.876612
50	156	0.996931
50	160	0.904748
50	171	0.919169
50	175	0.911804
51	46	1.05614
51	105	1.05969
51	115	1.09192
51	123	1.0423
51	139	1.00376
51	146	0.949688
51	153	1.08138
51	156	0.922249
51	158	0.928972
51	174	1.06245
51	175	0.969939
51	176	0.957468
51	177	0.976391
51	178	0.963227
51	179	0.968742
51	180	0.959565
52	10	0.992463
52	13	0.993661
52	69	1.16428
52	75	0.900964
52	107	0.937179
52	113	0.92193
52	114	0.8884
52	132	0.904628
52	140	0.948095
52	155	1.06655
52	164	1.03305
52	165	0.948403
52	169	1.10769
52	177	1.04718
52	178	1.0824
52	180	1.0709
53	3	0.860669
53	22	1.10184
53	104	0.994644
53	123	0.96365
53	129	0.961099
53	137	0.92707
53	141	0.995712
53	147	0.974361
53	149	1.03495
53	152	0.976375
53	153	0.961305
53	154	0.985114
53	157	1.06666
53	171	1.07751
53	173	1.06874
53	179	1.05683
54	17	1.08376
54	33	1.12591
54	92	1.0883
54	119	0.538595
54	124	1.06396
54	127	0.965013
54	131	1.02501
54	133	1.00579
54	135	1.01998
54	150	0.936908
54	151	1.096
54	163	0.949685
54	172	1.04333
54	174	1.06795
54	175	0.984576
54	176	1.01189
55	33	1.12386
55	41	1.05968
55	42	0.913106
55	86	1.03131
55	94	0.869164
55	116	1.06913
55	131	1.02297
55	133	1.00374
55	136	1.08193
55	151	1.09395
55	167	0.892015
55	169	0.918055
55	170	1.07883
55	174	1.0659
55	175	0.89146
55	178	0.892767
56	14	0.882568
56	75	0.939927
56	87	0.949939
56	107	0.976142
56	108	0.972401
56	113	0.960893
56	119	1.0007
56	132	0.943591
56	159	0.986472
56	160	1.07337
56	162	1.12325
56	164	1.03238
56	165	0.987367
56	166	1.0652
56	177	1.04651
56	179	1.06711
57	6	0.905268
57	81	0.883164
57	114	0.93635
57	116	0.911331
57	132	0.941652
57	151	0.886408
57	152	0.92794
57	158	1.04029
57	167	1.06931
57	168	1.04269
57	169	1.06239
57	173	1.07214
57	177	1.08771
57	178	1.07454
57	179	1.08006
57	180	1.07088
58	46	0.961255
58	72	1.08113
58	99	1.03721
58	123	0.957996
58	128	0.959525
58	137	0.921416
58	141	0.990057
58	142	0.955031
58	146	1.12098
58	147	0.968707
58	152	0.970721
58	153	0.955651
58	159	1.04965
58	173	1.06389
58	174	0.959641
58	180	1.05511
59	46	0.893315
59	47	0.918445
59	60	0.910503
59	119	0.932719
59	150	1.0822
59	152	0.926754
59	156	1.02543
59	163	1.08551
59	167	1.06118
59	170	0.912563
59	171	1.07081
59	174	0.899617
59	176	1.06065
59	177	1.07957
59	179	1.07192
59	180	1.06274
60	21	1.11809
60	59	0.910503
60	65	0.931325
60	76	1.04738
60	93	1.02966
60	100	0.883494
60	106	1.02327
60	120	0.988472
60	125	1.00587
60	126	1.00229
60	144	1.03555
60	145	0.968587
60	154	1.03027
60	170	1.02338
60	171	1.01598
60	179	0.9953
60	180	0.998423
61	16	0.908812
61	64	1.0419
61	72	0.993519
61	88	1.07244
61	102	1.00819
61	116	1.02874
61	124	1.02152
61	127	0.95813
61	144	1.00462
61	151	1.05356
61	163	0.942803
61	167	0.978248
61	170	1.03844
61	172	1.00089
61	174	1.02551
61	179	0.964377
61	180	0.967499
62	36	1.06443
62	47	0.93649
62	63	0.911152
62	65	1.07119
62	83	0.922218
62	137	0.980876
62	154	0.906933
62	155	1.0234
62	161	1.00821
62	163	1.03522
62	171	1.02052
62	175	1.02283
62	176	1.01036
62	177	1.02928
62	178	1.01611
62	179	1.02163
62	180	1.01245
63	62	0.911152
63	65	0.967344
63	87	1.01106
63	94	0.968925
63	96	0.995128
63	107	1.03726
63	114	0.988481
63	119	1.06182
63	132	1.00471
63	134	0.940677
63	138	0.965069
63	146	1.0469
63	157	1.03813
63	159	1.04759
63	165	1.04848
63	169	1.01782
63	177	0.957302
64	61	1.0419
64	85	1.0179
64	115	1.03458
64	117	1.03915
64	130	1.02114
64	131	0.98026
64	133	0.961038
64	136	1.03922
64	139	0.912214
64	151	1.05124
64	159	0.953234
64	161	0.988798
64	167	0.969443
64	169	0.995484
64	170	1.03613
64	172	0.998577
64	175	0.968888
65	60	0.931325
65	62	1.07119
65	63	0.967344
65	89	0.903997
65	93	0.946905
65	100	1.02613
65	113	0.903235
65	120	0.905715
65	125	0.923111
65	126	0.919534
65	140	0.9294
65	155	1.13671
65	158	1.1999
65	159	0.928814
65	162	1.19408
65	170	0.940619
65	176	1.17857
66	115	1.0317
66	116	1.02355
66	117	1.03627
66	124	1.01633
66	133	0.958161
66	136	1.03635
66	144	0.98296
66	151	1.04837
66	161	0.97594
66	165	0.953323
66	167	0.956585
66	168	1.05176
66	170	1.03325
66	172	0.9957
66	174	1.02032
66	179	0.942714
66	180	0.945837
67	5	1.07123
67	8	0.920549
67	15	1.07433
67	36	0.960594
67	68	1.0194
67	78	0.988809
67	90	1.05882
67	97	1.05849
67	98	0.971375
67	121	1.0764
67	135	0.983674
67	148	1.05309
67	150	0.9006
67	162	0.991091
67	167	0.948823
67	172	0.985022
67	173	0.946861
68	15	1.01177
68	29	0.961311
68	67	1.0194
68	78	0.926243
68	80	1.00644
68	84	0.968075
68	90	0.996256
68	94	1.02362
68	98	0.908809
68	105	1.01772
68	121	1.01383
68	143	0.97015
68	144	1.07285
68	145	1.00589
68	150	0.998252
68	155	1.03137
68	173	1.04451
68	179	1.0326
69	52	1.16428
69	87	1.1893
69	107	1.2155
69	108	1.21176
69	109	0.784253
69	114	1.16672
69	130	0.835285
69	132	1.18295
69	140	1.22641
69	144	0.809965
69	146	0.838714
69	157	1.21637
69	165	1.22672
69	166	0.767808
69	169	0.809631
69	175	0.783036
69	176	0.810352
69	180	0.772842
70	17	0.814427
70	95	0.993823
70	131	0.904083
70	133	0.973948
70	140	0.922766
70	149	1.11665
70	151	0.854668
70	154	0.858334
70	155	1.08928
70	156	1.04102
70	158	1.04774
70	163	1.1011
70	167	1.07677
70	173	1.0796
70	174	0.869063
70	178	1.082
70	179	1.08751
70	180	1.07834
71	49	1.0341
71	115	1.04407
71	119	1.04769
71	128	0.998795
71	131	1.04961
71	147	1.01818
71	151	1.0002
71	158	0.953964
71	159	0.995864
71	162	0.962704
71	168	0.95637
71	173	0.985816
71	175	0.994931
71	176	0.98246
71	177	1.00138
71	178	0.988219
71	179	0.993734
71	180	0.984557
72	10	0.9479
72	58	1.08113
72	61	0.993519
72	85	1.02412
72	120	1.01282
72	133	1.11844
72	143	1.01662
72	157	0.977362
72	160	0.978902
72	163	0.998274
72	166	0.989307
72	167	0.973943
72	169	0.96702
72	173	0.97677
72	175	0.985885
72	177	0.992337
72	179	0.984688
72	180	0.975512
73	22	0.95178
73	77	0.995248
73	95	0.977169
73	128	1.04746
73	129	1.04338
73	130	0.97233
73	137	1.00935
73	141	1.07799
73	142	1.04296
73	144	0.94701
73	147	1.05664
73	152	1.05865
73	153	1.04358
73	161	0.93999
73	168	1.01581
73	172	0.956835
73	173	0.918674
73	174	1.04757
73	179	0.906764
74	8	0.918226
74	29	1.02155
74	47	1.05079
74	80	1.06668
74	84	1.02832
74	90	1.0565
74	97	1.05617
74	100	0.912869
74	105	1.07796
74	111	1.01933
74	121	1.07408
74	127	1.01843
74	134	0.987448
74	140	0.612613
74	143	1.03039
74	145	0.997963
74	155	1.02345
74	164	0.989948
74	176	1.06531
75	23	1.09037
75	52	0.900964
75	56	0.939927
75	87	0.925982
75	89	0.937697
75	107	0.952185
75	113	0.936936
75	114	0.903406
75	119	0.976741
75	132	0.919633
75	135	1.12564
75	140	0.963101
75	149	1.05505
75	157	0.953059
75	164	1.04219
75	167	1.09079
75	172	1.12699
75	178	1.09154
75	179	1.07692
76	24	1.00129
76	48	1.03465
76	60	1.04738
76	82	1.02347
76	83	1.024
76	101	0.937906
76	106	1.05657
76	120	1.02177
76	125	1.03917
76	126	1.03559
76	134	1.05944
76	149	0.906264
76	159	0.925803
76	162	0.98428
76	168	1.03719
76	170	1.05667
76	176	0.968773
76	177	0.907538
76	178	0.942764
77	28	1.13429
77	73	0.995248
77	79	0.941867
77	91	0.969446
77	99	1.06117
77	110	0.922925
77	118	0.894541
77	127	1.0697
77	128	0.954372
77	137	0.916263
77	141	0.984905
77	142	0.949879
77	152	0.965568
77	153	0.950498
77	160	1.08221
77	172	1.12602
77	174	0.954488
77	177	1.05534
77	180	1.07907
78	1	0.994804
78	27	0.916269
78	67	0.988809
78	68	0.926243
78	80	0.975854
78	84	0.937487
78	90	0.965668
78	97	0.965341
78	98	0.878221
78	111	0.928497
78	121	0.983245
78	143	0.939562
78	159	1.07152
78	163	1.05229
78	166	1.07195
78	169	1.11377
78	172	1.12393
78	175	1.08718
78	178	1.08848
79	2	1.00605
79	4	1.02002
79	77	0.941867
79	91	1.00915
79	100	1.05922
79	112	1.02522
79	137	0.955967
79	139	0.944126
79	142	0.989582
79	147	1.00326
79	148	1.10562
79	149	0.965607
79	152	1.00527
79	153	0.990202
79	167	1.00135
79	171	1.00816
79	174	0.994192
79	176	1.02812
79	177	0.966881
79	180	0.990606
80	8	0.907593
80	27	0.996468
80	29	1.01092
80	36	0.947639
80	47	1.04016
80	68	1.00644
80	74	1.06668
80	78	0.975854
80	84	1.01769
80	98	0.958419
80	111	1.00869
80	121	1.06344
80	135	1.01002
80	144	1.00155
80	156	1.05974
80	161	0.994527
80	165	0.97191
80	166	0.95939
80	172	1.01137
80	176	1.00193
81	4	1.01692
81	44	1.1857
81	57	0.883164
81	95	0.920687
81	100	1.05612
81	104	1.02044
81	112	1.02212
81	129	0.986894
81	138	0.953939
81	141	1.02151
81	142	0.98648
81	143	0.979418
81	147	1.00016
81	152	1.00217
81	153	0.9871
81	157	0.976603
81	159	0.964438
81	162	1.02292
81	163	0.945202
81	168	1.07582
82	21	1.09419
82	48	0.977443
82	76	1.02347
82	83	0.966795
82	86	1.19545
82	93	1.00576
82	106	0.999365
82	120	0.964566
82	121	0.552667
82	125	0.981962
82	126	0.978384
82	134	1.00224
82	145	1.01557
82	154	1.00636
82	157	1.05211
82	159	1.03995
82	160	1.04854
82	163	1.02071
82	170	0.99947
82	176	1.08292
83	11	1.01799
83	38	1.03389
83	40	0.980117
83	62	0.922218
83	76	1.024
83	82	0.966795
83	93	1.00628
83	106	0.99989
83	125	0.982487
83	126	0.978909
83	130	1.05454
83	134	1.00276
83	154	1.00689
83	159	0.986633
83	160	0.995231
83	161	1.0222
83	166	0.987059
83	170	0.999995
83	172	1.03904
83	175	1.00229
84	1	1.03664
84	15	1.02301
84	47	1.00179
84	49	0.981238
84	68	0.968075
84	74	1.02832
84	78	0.937487
84	80	1.01769
84	105	1.02896
84	111	0.970328
84	121	1.02508
84	143	0.981393
84	150	1.02961
84	157	1.07378
84	159	1.06162
84	161	1.09718
84	164	1.02923
84	166	1.06205
84	170	0.611136
84	177	1.04335
85	17	1.01732
85	64	1.0179
85	72	1.02412
85	88	1.04844
85	102	0.984189
85	115	1.0129
85	118	0.94157
85	123	0.999872
85	133	0.939357
85	136	1.01754
85	151	1.02956
85	159	0.992641
85	164	0.96025
85	165	1.00559
85	170	1.01445
85	172	0.976896
85	173	1.00689
85	176	1.03561
85	177	0.974376
85	178	1.0096
86	34	1.2476
86	37	0.808518
86	55	1.03131
86	82	1.19545
86	89	1.16871
86	123	1.11743
86	141	1.08387
86	149	0.967578
86	156	0.891951
86	161	0.925022
86	162	0.907414
86	163	0.952029
86	166	0.943063
86	170	1.15052
86	173	0.930525
86	176	0.92717
86	177	0.946092
86	178	0.932928
86	179	0.938443
86	180	0.929267
87	14	0.868623
87	43	0.986161
87	56	0.949939
87	63	1.01106
87	69	1.1893
87	75	0.925982
87	96	0.920065
87	114	0.913418
87	119	0.986754
87	122	1.17144
87	132	0.929645
87	140	0.973113
87	145	1.07922
87	150	1.07158
87	152	0.667306
87	159	0.972527
87	165	0.973421
87	166	1.10402
87	167	1.11981
87	177	1.08533
87	180	1.10906
88	17	1.06954
88	61	1.07244
88	85	1.04844
88	92	1.07408
88	123	1.05209
88	124	1.04974
88	131	1.0108
88	133	0.991575
88	146	0.98265
88	151	1.08178
88	157	0.923482
88	158	0.975616
88	162	0.969795
88	164	0.878927
88	170	1.06666
88	171	0.934336
88	172	1.02911
88	173	0.925565
88	174	1.05374
88	177	0.893052
88	178	0.928279
89	34	0.908936
89	43	0.997877
89	50	1.07839
89	65	0.903997
89	75	0.937697
89	86	1.16871
89	107	0.973912
89	108	0.970171
89	113	0.958663
89	132	0.941361
89	134	0.978318
89	140	0.984828
89	148	1.13369
89	150	0.981195
89	157	0.974786
89	159	0.984242
89	161	1.04877
89	165	0.985136
89	169	1.05546
89	173	1.02746
89	179	1.01555
90	15	1.05119
90	29	1.00073
90	36	0.937453
90	47	1.02997
90	49	1.00942
90	67	1.05882
90	68	0.996256
90	74	1.0565
90	78	0.965668
90	97	1.03535
90	98	0.948233
90	105	1.05714
90	109	0.975601
90	121	1.05326
90	144	1.00131
90	155	0.959838
90	161	0.994293
90	162	1.01721
90	164	0.926339
90	175	0.974383
90	176	1.0017
90	179	0.961067
91	26	0.847367
91	77	0.969446
91	79	1.00915
91	95	0.951368
91	104	1.05112
91	112	1.0528
91	128	1.02166
91	137	0.983547
91	141	1.05219
91	142	1.01716
91	143	1.0101
91	146	1.04111
91	147	1.03084
91	148	1.09025
91	152	1.03285
91	153	1.01778
91	164	0.937385
91	165	0.982723
91	176	1.01275
91	177	0.951511
91	179	0.972114
91	180	0.975237
92	16	0.910458
92	26	0.832755
92	41	1.02094
92	54	1.0883
92	88	1.07408
92	103	0.879714
92	115	1.03854
92	118	0.967212
92	124	1.02317
92	131	0.98422
92	133	0.964999
92	136	1.04318
92	146	1.0265
92	148	1.07564
92	151	1.0552
92	156	1.05594
92	162	1.01364
92	172	1.00254
92	174	1.02716
92	175	0.970818
92	176	0.998134
92	179	0.957502
93	24	0.983576
93	28	1.00798
93	40	1.01908
93	60	1.02966
93	65	0.946905
93	82	1.00576
93	83	1.00628
93	106	1.03885
93	120	1.00405
93	125	1.02145
93	126	1.01787
93	134	1.04172
93	148	1.06778
93	154	1.04585
93	158	1.01161
93	165	0.960254
93	166	0.947733
93	170	1.03896
93	171	0.970326
93	175	0.962961
93	177	0.929041
93	180	0.952767
94	16	1.20922
94	20	0.858313
94	43	0.916383
94	55	0.869164
94	63	0.968925
94	68	1.02362
94	107	0.935892
94	129	0.985565
94	138	1.0419
94	140	1.02914
94	148	0.96593
94	162	0.991015
94	164	1.03623
94	166	1.02666
94	167	1.0113
94	171	1.02093
94	173	1.01413
94	176	1.01077
94	177	1.02969
94	178	1.01653
94	179	1.02204
94	180	1.01287
95	70	0.993823
95	73	0.977169
95	81	0.920687
95	91	0.951368
95	112	0.967435
95	128	0.936293
95	129	0.932214
95	137	0.898185
95	141	0.966826
95	142	0.9318
95	145	1.08246
95	147	0.945475
95	152	0.947489
95	153	0.93242
95	154	0.956229
95	160	1.11544
95	167	1.12305
95	169	1.14909
95	174	0.936409
95	178	1.1238
95	179	1.10917
95	180	1.1123
96	9	0.972769
96	10	1.00155
96	14	0.852694
96	34	0.881292
96	45	1.08925
96	63	0.995128
96	87	0.920065
96	103	1.03564
96	108	0.942526
96	113	0.931019
96	119	0.970825
96	132	0.913716
96	139	1.07007
96	140	0.957184
96	150	1.07907
96	156	1.21187
96	157	0.947142
96	159	0.956598
96	164	1.0787
96	165	0.957492
96	178	1.12805
96	180	1.11655
97	5	1.04776
97	7	1.20889
97	8	0.89708
97	15	1.05087
97	27	0.985955
97	47	1.02964
97	49	1.00909
97	67	1.05849
97	74	1.05617
97	78	0.965341
97	90	1.03535
97	105	1.05682
97	111	0.998182
97	139	0.905329
97	143	1.00925
97	146	1.01768
97	150	0.914336
97	157	0.958514
97	160	0.954947
97	173	0.960597
97	175	0.962003
97	177	0.928084
98	1	0.977369
98	5	0.960638
98	15	0.963745
98	26	1.00108
98	47	0.942525
98	49	0.921972
98	67	0.971375
98	68	0.908809
98	78	0.878221
98	80	0.958419
98	90	0.948233
98	100	1.01402
98	105	0.969696
98	111	0.911062
98	121	0.96581
98	127	1.11958
98	134	1.0886
98	143	0.922127
98	161	1.15905
98	165	1.13644
98	166	1.12391
98	176	1.16646
99	13	0.860072
99	19	1.13824
99	43	0.910591
99	48	0.987961
99	58	1.03721
99	77	1.06117
99	115	0.999119
99	142	1.00129
99	150	1.02927
99	151	0.955248
99	156	0.972503
99	158	0.979225
99	162	0.987965
99	164	1.03318
99	168	0.981631
99	169	1.00133
99	170	0.982588
99	176	1.00772
99	177	1.02664
99	178	1.01348
99	179	1.01899
99	180	1.00982
100	6	0.877073
100	41	0.88094
100	60	0.883494
100	65	1.02613
100	74	0.912869
100	79	1.05922
100	81	1.05612
100	98	1.01402
100	106	0.844928
100	110	1.04028
100	126	0.877674
100	128	1.07172
100	129	1.06765
100	133	0.977493
100	136	0.900099
100	137	1.03362
100	166	1.07545
100	167	1.06009
100	176	1.05956
100	177	1.07848
100	178	1.06532
100	179	1.07083
100	180	1.06166
101	25	0.959083
101	27	1.05749
101	76	0.937906
101	117	0.988531
101	118	1.08856
101	119	1.02728
101	133	1.09906
101	145	1.01438
101	148	0.940798
101	152	1.02132
101	153	1.01312
101	155	0.99868
101	161	0.983492
101	162	0.965883
101	167	0.986168
101	168	0.959549
101	171	0.995801
101	173	0.988995
101	176	0.985639
101	177	1.00456
101	178	0.991398
101	179	0.996913
101	180	0.987737
102	6	1.01717
102	16	0.872783
102	33	1.04744
102	38	0.941642
102	61	1.00819
102	85	0.984189
102	115	1.00087
102	116	0.992714
102	123	0.98784
102	130	1.07668
102	131	0.946546
102	133	0.927324
102	135	1.05984
102	136	1.00551
102	150	0.976766
102	151	1.01753
102	162	1.06726
102	170	1.00241
102	171	1.0318
102	174	0.989485
102	176	1.05175
102	177	0.990514
102	180	1.01424
103	3	1.12801
103	92	0.879714
103	96	1.03564
103	106	0.878947
103	118	1.00101
103	124	0.904996
103	132	0.947475
103	137	0.969841
103	138	1.04764
103	142	0.938269
103	146	1.00874
103	155	1.02956
103	160	1.022
103	163	1.04138
103	164	1.04198
103	166	1.03241
103	171	1.02668
103	174	0.906626
103	175	1.02899
103	176	1.01652
103	177	1.03544
103	178	1.02228
103	179	1.02779
103	180	1.01861
104	3	0.931536
104	31	1.06796
104	42	0.957497
104	53	0.994644
104	81	1.02044
104	91	1.05112
104	112	1.06719
104	118	0.976215
104	129	1.03197
104	130	0.988099
104	135	0.971257
104	141	1.06658
104	142	1.03155
104	147	1.04523
104	152	1.04724
104	153	1.03217
104	155	0.921305
104	157	0.932361
104	158	0.984495
104	167	0.936405
104	168	1.03158
104	174	1.03616
104	176	0.963166
104	180	0.925657
105	1	1.08628
105	8	0.91887
105	27	1.00774
105	29	1.0222
105	49	1.03088
105	51	1.05969
105	68	1.01772
105	74	1.07796
105	84	1.02896
105	90	1.05714
105	97	1.05682
105	98	0.969696
105	111	1.01997
105	121	1.07472
105	140	0.569594
105	143	1.03104
105	144	1.0219
105	150	0.947305
105	162	1.0378
105	171	1.00234
105	172	1.03173
105	177	0.961053
105	178	0.99628
105	179	0.981656
106	21	1.12728
106	40	1.01269
106	48	1.01054
106	60	1.02327
106	76	1.05657
106	82	0.999365
106	83	0.99989
106	93	1.03885
106	100	0.844928
106	103	0.878947
106	120	0.997661
106	125	1.01506
106	126	1.01148
106	134	1.03533
106	138	0.943898
106	149	0.934859
106	154	1.03946
106	159	0.954397
106	162	1.01287
106	167	0.970606
106	168	1.06578
106	170	1.03256
106	172	1.00681
106	176	0.997367
107	9	1.0149
107	10	1.04368
107	14	0.894826
107	37	1.3453
107	43	1.01236
107	52	0.937179
107	56	0.976142
107	63	1.03726
107	69	1.2155
107	75	0.952185
107	89	0.973912
107	94	0.935892
107	108	0.984658
107	119	1.01296
107	132	0.955848
107	140	0.999316
107	144	0.985118
107	149	0.922995
107	157	0.989273
107	158	1.00683
107	166	0.94296
107	167	0.958743
107	172	0.994942
107	175	0.958188
107	178	0.959495
108	12	1.02183
108	13	1.04114
108	14	0.891084
108	34	0.919682
108	50	1.08914
108	56	0.972401
108	69	1.21176
108	89	0.970171
108	96	0.942526
108	107	0.984658
108	113	0.969409
108	119	1.00921
108	139	1.01267
108	140	0.995574
108	145	1.02931
108	149	1.03415
108	157	0.985532
108	160	1.06228
108	163	1.03445
108	165	0.995882
108	170	0.603203
108	175	1.06934
108	177	1.03542
108	178	1.07065
108	180	1.05915
109	5	0.937079
109	69	0.784253
109	90	0.975601
109	111	1.0817
109	116	1.00948
109	132	1.0398
109	137	1.06216
109	140	1.05265
109	142	1.03059
109	144	1.00794
109	145	1.02827
109	146	0.991742
109	153	1.01789
109	156	0.964303
109	157	1.00347
109	168	0.973432
109	169	0.993128
109	172	0.987181
109	173	1.00288
109	175	1.01199
109	176	0.999522
109	177	1.01844
109	178	1.00528
109	179	1.0108
109	180	1.00162
110	5	0.968879
110	17	0.976113
110	36	1.17751
110	50	0.944821
110	77	0.922925
110	100	1.04028
110	113	1.08629
110	116	1.04128
110	128	0.975134
110	131	1.06577
110	132	1.0716
110	137	0.937026
110	142	0.970641
110	147	0.984316
110	149	1.00338
110	150	0.984523
110	151	1.01635
110	152	0.98633
110	153	0.97126
110	164	0.988429
110	167	0.963498
110	169	0.956575
110	170	1.04369
110	177	0.981892
110	178	0.968728
110	180	0.965067
111	1	1.02765
111	5	1.01091
111	8	0.860236
111	18	1.01446
111	27	0.949111
111	36	0.900282
111	47	0.992801
111	74	1.01933
111	78	0.928497
111	80	1.00869
111	84	0.970328
111	97	0.998182
111	98	0.911062
111	105	1.01997
111	109	1.0817
111	121	1.01609
111	135	1.11589
111	139	1.02381
111	143	0.972403
111	146	1.13616
111	154	0.590675
111	155	1.06594
111	156	1.16561
111	175	1.08049
111	178	1.08179
111	179	1.06717
112	19	0.812527
112	32	1.07878
112	79	1.02522
112	81	1.02212
112	91	1.0528
112	95	0.967435
112	104	1.06719
112	127	0.937896
112	129	1.03364
112	141	1.06826
112	142	1.03323
112	143	1.02617
112	145	0.917429
112	147	1.0469
112	152	1.04892
112	153	1.03385
112	154	1.05766
112	160	0.950402
112	163	0.922568
112	168	1.05319
112	169	0.984054
112	174	1.03784
112	176	0.984774
112	178	0.958766
112	179	0.944142
112	180	0.947265
113	23	1.11134
113	34	0.908175
113	43	0.997115
113	50	1.07763
113	52	0.92193
113	56	0.960893
113	65	0.903235
113	75	0.936936
113	89	0.958663
113	96	0.931019
113	108	0.969409
113	110	1.08629
113	119	0.997708
113	127	1.03371
113	138	1.02712
113	139	0.996598
113	140	0.984067
113	149	1.01808
113	157	0.974025
113	159	0.983481
113	163	1.01838
113	165	0.984375
113	175	1.05327
113	176	1.08059
113	178	1.05458
113	180	1.04308
114	10	0.994905
114	13	0.996103
114	22	1.06498
114	23	1.07781
114	43	0.963585
114	50	1.0441
114	52	0.8884
114	57	0.93635
114	63	0.988481
114	69	1.16672
114	75	0.903406
114	87	0.913418
114	119	0.964178
114	130	1.08553
114	132	0.907069
114	140	0.950537
114	157	0.940495
114	158	1.08192
114	159	0.949951
114	165	0.950845
114	166	1.01805
114	167	1.03383
114	169	1.05987
114	172	1.07003
114	176	1.06059
114	177	0.999358
115	21	0.494798
115	30	0.988232
115	39	1.0029
115	51	1.09192
115	64	1.03458
115	66	1.0317
115	71	1.04407
115	85	1.0129
115	92	1.03854
115	99	0.999119
115	102	1.00087
115	116	1.02143
115	124	1.0142
115	131	0.975257
115	133	0.956036
115	134	0.976663
115	136	1.03422
115	151	1.04624
115	155	1.01266
115	158	1.07585
115	161	1.04712
115	165	1.0245
115	170	1.03112
115	172	0.993574
115	174	1.0182
115	178	1.02851
115	179	1.01389
116	6	1.03773
116	39	0.994742
116	45	0.970769
116	55	1.06913
116	57	0.911331
116	61	1.02874
116	66	1.02355
116	102	0.992714
116	109	1.00948
116	110	1.04128
116	115	1.02143
116	117	1.02599
116	123	1.0084
116	131	0.967103
116	133	0.947882
116	134	0.957715
116	136	1.02607
116	139	0.951585
116	151	1.03809
116	155	0.993714
116	157	1.00477
116	159	0.992605
116	164	0.960214
116	170	1.02297
116	171	1.01562
116	172	0.98542
116	174	1.01004
117	17	1.03857
117	19	0.84715
117	25	0.991539
117	30	0.9928
117	39	1.00746
117	64	1.03915
117	66	1.03627
117	101	0.988531
117	116	1.02599
117	118	0.962817
117	122	1.04427
117	124	1.01877
117	127	0.972519
117	130	1.04433
117	131	0.979825
117	133	0.960604
117	136	1.03879
117	151	1.05081
117	157	0.988593
117	165	0.989375
117	166	0.976855
117	170	1.03569
117	171	0.999447
117	172	0.998142
117	174	1.02276
117	179	0.978766
117	180	0.981889
118	20	1.06002
118	41	0.940644
118	77	0.894541
118	85	0.94157
118	92	0.967212
118	101	1.08856
118	103	1.00101
118	104	0.976215
118	117	0.962817
118	124	0.942872
118	128	0.946749
118	136	0.962889
118	137	0.908641
118	138	1.06596
118	142	0.942256
118	151	0.97491
118	153	0.942876
118	154	0.966685
118	155	1.07757
118	156	1.17724
118	159	1.07646
118	163	1.05723
118	165	1.08941
118	169	1.11871
118	172	0.922244
118	174	0.946865
118	177	1.0582
119	10	1.06824
119	23	1.15114
119	34	0.947981
119	54	0.538595
119	56	1.0007
119	59	0.932719
119	63	1.06182
119	71	1.04769
119	75	0.976741
119	87	0.986754
119	96	0.970825
119	101	1.02728
119	107	1.01296
119	108	1.00921
119	113	0.997708
119	114	0.964178
119	122	1.08302
119	132	0.980405
119	138	1.00468
119	140	1.02387
119	144	1.05776
119	159	1.02329
119	161	1.05074
119	165	1.02418
119	167	1.03139
119	171	1.0382
119	177	0.996914
120	11	1.01576
120	21	1.09248
120	24	0.942386
120	25	0.953613
120	40	0.977888
120	48	0.975739
120	60	0.988472
120	65	0.905715
120	72	1.01282
120	76	1.02177
120	82	0.964566
120	93	1.00405
120	106	0.997661
120	125	0.980258
120	126	0.97668
120	134	1.00053
120	148	1.10182
120	154	1.00466
120	156	1.08212
120	158	1.04564
120	159	0.98134
120	160	0.989938
120	163	0.962104
120	170	0.997766
120	172	1.03375
120	173	0.995587
120	176	1.02431
120	179	0.983678
121	5	1.06566
121	7	1.22077
121	8	0.914984
121	18	1.06921
121	27	1.00386
121	29	1.01831
121	36	0.95503
121	38	0.891089
121	49	1.027
121	67	1.0764
121	68	1.01383
121	74	1.07408
121	78	0.983245
121	80	1.06344
121	82	0.552667
121	84	1.02508
121	90	1.05326
121	98	0.96581
121	105	1.07472
121	111	1.01609
121	138	0.947727
121	146	1.02956
121	148	1.0787
121	162	1.0167
121	163	0.93899
121	165	0.971173
121	171	0.981245
121	172	1.01063
121	173	0.972473
122	1	1.01806
122	20	0.932793
122	87	1.17144
122	117	1.04427
122	119	1.08302
122	128	1.03412
122	140	1.10362
122	146	0.953281
122	147	1.0535
122	149	1.00147
122	150	0.982615
122	154	1.03919
122	155	0.974102
122	158	0.932565
122	159	0.974465
122	160	0.966549
122	161	0.958913
122	162	0.941305
122	163	0.985921
122	166	0.976954
122	168	0.934971
122	170	1.06286
122	174	1.04992
122	175	0.973532
122	176	0.961061
122	177	0.979984
122	178	0.96682
122	179	0.972335
122	180	0.963159
123	30	0.975204
123	32	1.04611
123	51	1.0423
123	53	0.96365
123	58	0.957996
123	85	0.999872
123	86	1.11743
123	88	1.05209
123	102	0.98784
123	116	1.0084
123	131	0.962229
123	137	0.966943
123	141	1.03558
123	143	0.993495
123	147	1.01423
123	151	1.03321
123	152	1.01625
123	153	1.00118
123	155	0.963038
123	156	1.06271
123	160	0.970527
123	163	0.942693
123	165	0.974876
123	168	1.07331
123	172	0.980546
123	173	0.976176
123	174	1.00517
123	177	0.943664
123	178	0.97889
123	180	0.967389
124	16	0.886118
124	30	0.972856
124	39	0.987519
124	41	0.996598
124	54	1.06396
124	61	1.02152
124	66	1.01633
124	88	1.04974
124	92	1.02317
124	103	0.904996
124	115	1.0142
124	117	1.01877
124	118	0.942872
124	131	0.95988
124	136	1.01884
124	144	1.02303
124	148	1.10092
124	151	1.03086
124	155	0.981555
124	157	0.992611
124	161	1.01601
124	165	0.993394
124	166	0.980873
124	167	0.996656
124	170	1.01575
124	171	1.00347
124	172	0.978198
124	174	1.00282
124	176	1.02342
124	178	0.997408
125	11	1.03316
125	24	0.959782
125	25	0.971009
125	28	1.08107
125	38	1.04906
125	40	0.995284
125	48	0.993135
125	60	1.00587
125	65	0.923111
125	76	1.03917
125	82	0.981962
125	83	0.982487
125	93	1.02145
125	106	1.01506
125	120	0.980258
125	126	0.994076
125	134	1.01793
125	139	0.979371
125	153	0.5759
125	154	1.02205
125	157	1.03256
125	160	1.02899
125	162	1.07887
125	163	1.00115
125	164	0.988
125	168	1.13178
125	170	1.01516
125	171	1.04341
125	173	1.03464
125	175	1.03605
126	11	1.02958
126	21	1.1063
126	24	0.956204
126	25	0.967431
126	40	0.991706
126	48	0.989557
126	60	1.00229
126	65	0.919534
126	76	1.03559
126	82	0.978384
126	83	0.978909
126	93	1.01787
126	100	0.877674
126	106	1.01148
126	120	0.97668
126	125	0.994076
126	134	1.01435
126	146	1.05848
126	148	1.10762
126	154	1.01848
126	155	0.988252
126	156	1.08792
126	157	0.999308
126	163	0.967907
126	164	0.954752
126	166	0.987569
126	170	1.01158
126	175	1.0028
126	179	0.989481
126	180	0.992603
127	40	0.942205
127	54	0.965013
127	61	0.95813
127	74	1.01843
127	77	1.0697
127	98	1.11958
127	112	0.937896
127	113	1.03371
127	117	0.972519
127	142	1.00981
127	144	1.00326
127	145	1.02358
127	150	1.01639
127	155	1.00788
127	158	0.966343
127	160	1.00033
127	161	0.992691
127	162	0.975083
127	163	1.0197
127	164	1.0203
127	168	0.968749
127	169	0.988444
127	170	0.991113
127	171	1.005
127	174	0.978168
127	176	0.994839
127	177	1.01376
127	178	1.0006
127	179	1.00611
127	180	0.996937
128	2	1.01856
128	32	1.04764
128	35	0.927506
128	58	0.959525
128	71	0.998795
128	73	1.04746
128	77	0.954372
128	91	1.02166
128	95	0.936293
128	100	1.07172
128	110	0.975134
128	118	0.946749
128	122	1.03412
128	129	1.0025
128	134	0.93139
128	135	1.01734
128	141	1.03711
128	142	1.00209
128	147	1.01576
128	148	1.08676
128	153	1.00271
128	154	1.02652
128	155	0.967388
128	156	1.06706
128	167	0.982489
128	171	0.989299
128	172	1.01869
128	174	1.0067
128	177	0.948014
128	180	0.97174
129	35	0.923426
129	46	1.00423
129	53	0.961099
129	73	1.04338
129	81	0.986894
129	94	0.985565
129	95	0.932214
129	100	1.06765
129	104	1.03197
129	112	1.03364
129	128	1.0025
129	135	1.04327
129	137	0.964393
129	139	0.951187
129	141	1.03303
129	142	0.998008
129	143	0.990945
129	145	0.967832
129	146	1.06354
129	147	1.01168
129	152	1.0137
129	153	0.998627
129	155	0.993316
129	159	0.992207
129	160	1.00081
129	161	1.02777
129	167	1.00842
129	173	1.00645
129	174	1.00262
129	177	0.973942
130	64	1.02114
130	69	0.835285
130	73	0.97233
130	83	1.05454
130	102	1.07668
130	104	0.988099
130	114	1.08553
130	117	1.04433
130	137	1.11319
130	138	1.00342
130	139	1.01858
130	142	1.08162
130	143	1.05304
130	148	0.927452
130	149	1.0127
130	153	1.06892
130	158	0.943797
130	159	0.985697
130	160	0.977781
130	164	0.997752
130	165	0.986591
130	166	0.988186
130	167	0.972821
130	168	0.946203
130	169	0.965898
130	171	0.982454
130	173	0.975649
130	175	0.984764
130	176	0.972293
130	179	0.983567
130	180	0.97439
131	17	0.979681
131	19	0.887819
131	25	0.932649
131	33	1.02183
131	54	1.02501
131	55	1.02297
131	64	0.98026
131	70	0.904083
131	71	1.04961
131	88	1.0108
131	92	0.98422
131	102	0.946546
131	110	1.06577
131	115	0.975257
131	116	0.967103
131	117	0.979825
131	123	0.962229
131	124	0.95988
131	136	0.979897
131	148	1.13757
131	151	0.991918
131	161	1.05266
131	162	1.07557
131	164	0.984706
131	165	1.03004
131	168	1.12848
131	170	0.976802
131	172	0.939252
131	174	0.963874
131	176	1.06007
131	178	1.03406
132	12	0.993018
132	13	1.01233
132	23	1.09403
132	50	1.06033
132	52	0.904628
132	56	0.943591
132	57	0.941652
132	63	1.00471
132	69	1.18295
132	75	0.919633
132	87	0.929645
132	89	0.941361
132	96	0.913716
132	103	0.947475
132	107	0.955848
132	109	1.0398
132	110	1.0716
132	114	0.907069
132	119	0.980405
132	135	1.07399
132	140	0.966764
132	146	1.09426
132	150	0.990912
132	157	0.956722
132	158	1.08722
132	159	0.966178
132	160	1.03152
132	162	1.0814
132	165	0.967072
132	171	1.04594
132	177	1.00466
133	6	0.972341
133	17	0.960459
133	30	0.914689
133	33	1.00261
133	41	0.938431
133	45	1.06513
133	54	1.00579
133	55	1.00374
133	64	0.961038
133	66	0.958161
133	70	0.973948
133	72	1.11844
133	85	0.939357
133	88	0.991575
133	92	0.964999
133	100	0.977493
133	101	1.09906
133	102	0.927324
133	115	0.956036
133	116	0.947882
133	117	0.960604
133	134	1.05207
133	139	1.04594
133	144	1.12955
133	145	1.06259
133	151	0.972697
133	167	1.10317
133	170	0.957581
133	172	0.920031
133	174	0.944652
133	179	1.0893
133	180	1.09242
134	1	0.915331
134	33	0.905604
134	49	0.966691
134	63	0.940677
134	74	0.987448
134	76	1.05944
134	82	1.00224
134	83	1.00276
134	89	0.978318
134	93	1.04172
134	98	1.0886
134	106	1.03533
134	115	0.976663
134	116	0.957715
134	120	1.00053
134	125	1.01793
134	126	1.01435
134	128	0.93139
134	133	1.05207
134	142	0.978829
134	147	0.950773
134	153	0.966124
134	154	1.04233
134	162	0.990472
134	164	1.03569
134	167	1.01076
134	169	1.00383
134	170	1.03544
134	171	1.02039
134	173	1.01358
134	176	1.01023
134	177	1.02915
134	179	1.0215
134	180	1.01233
135	8	1.16614
135	17	0.978502
135	54	1.01998
135	67	0.983674
135	75	1.12564
135	80	1.01002
135	102	1.05984
135	104	0.971257
135	111	1.11589
135	128	1.01734
135	129	1.04327
135	132	1.07399
135	144	0.978025
135	148	0.924764
135	149	1.01001
135	156	0.934386
135	160	0.975092
135	161	0.967457
135	162	0.949848
135	163	0.994464
135	164	0.995064
135	166	0.985497
135	167	0.970133
135	168	0.943514
135	169	0.96321
135	171	0.979766
135	172	0.957263
135	173	0.97296
135	174	1.03314
135	175	0.982075
135	177	0.988527
135	178	0.975363
135	179	0.980878
135	180	0.971702
136	12	0.596677
136	19	0.88029
136	25	0.991611
136	33	1.0808
136	41	1.01661
136	42	1.04687
136	44	0.918855
136	45	0.987732
