1	62	1.34191
1	97	0.518714
1	109	0.466323
1	110	0.478568
1	117	0.461671
1	154	1.36118
1	159	1.40233
1	164	1.35171
1	174	1.39608
1	175	1.37368
1	176	1.37316
1	180	0.470707
2	36	0.547025
2	44	1.36675
2	93	0.448539
2	134	1.36448
2	152	0.453245
2	159	1.39327
2	162	1.35976
2	173	0.470193
2	174	1.38703
2	175	1.36463
2	176	1.3641
2	177	0.474179
3	39	0.462032
3	66	0.513827
3	88	0.454116
3	132	1.40063
3	162	0.497901
3	168	1.36984
3	171	1.34949
3	172	1.36469
3	173	1.37409
3	177	1.37591
3	178	1.36541
3	179	0.476
4	11	1.41793
4	60	1.27259
4	108	0.491309
4	112	0.47043
4	118	0.449969
4	119	0.481677
4	144	0.500685
4	150	1.38435
4	167	1.38244
4	169	1.37183
4	174	1.39685
4	176	1.37393
5	46	0.430837
5	105	1.377
5	147	0.485266
5	151	1.39112
5	153	0.508986
5	155	1.37127
5	157	1.3333
5	158	1.36396
5	160	1.38779
5	175	1.37558
5	177	0.486395
5	178	0.482514
6	55	1.38631
6	72	0.452462
6	121	1.33886
6	135	1.40103
6	136	0.492786
6	143	1.39231
6	145	1.37607
6	161	1.34418
6	163	1.36126
6	164	0.494174
6	172	0.477781
6	173	0.481756
7	73	0.522285
7	106	1.36816
7	112	1.42212
7	119	1.3928
7	128	1.35497
7	151	0.470398
7	158	0.484877
7	165	0.464515
7	171	1.34361
7	172	1.35881
7	178	1.35953
7	179	0.465051
8	12	0.431428
8	25	0.457561
8	63	1.43788
8	98	0.402861
8	102	0.471582
8	127	0.430695
8	148	1.47276
8	154	1.46186
8	158	1.46274
8	178	1.4686
8	179	1.49625
9	68	0.534025
9	80	1.19971
9	87	1.15007
9	91	1.21691
9	93	0.614971
9	109	1.19408
9	114	1.21939
9	129	1.1724
9	133	1.22621
9	154	0.620985
9	175	0.633654
9	179	1.22122
10	20	0.598326
10	50	0.61104
10	87	0.595642
10	119	1.22556
10	133	0.589133
10	137	1.18163
10	148	1.19645
10	161	1.18422
10	174	1.22045
10	176	1.19753
10	178	1.1923
10	180	1.20201
11	4	1.41793
11	34	0.443779
11	45	0.511653
11	47	0.471355
11	51	0.469525
11	65	1.34857
11	107	1.37731
11	138	1.33947
11	139	1.37177
11	162	1.36603
11	163	0.497629
11	167	1.37888
12	8	0.431428
12	66	1.34297
12	89	0.464881
12	135	1.41476
12	145	1.3898
12	155	0.513773
12	159	0.482926
12	161	1.35791
12	163	1.37499
12	166	1.34392
12	172	0.507263
12	180	1.3757
13	52	0.512359
13	138	1.3365
13	140	1.39976
13	143	0.455705
13	147	0.476013
13	150	1.37782
13	156	1.39916
13	158	1.35631
13	161	0.466018
13	162	1.36306
13	171	0.485035
13	176	1.3674
14	79	0.404457
14	90	1.3411
14	109	0.489768
14	119	0.491267
14	154	1.36833
14	157	1.33855
14	158	1.36922
14	159	1.40947
14	160	1.39305
14	171	0.515541
14	176	1.38031
14	180	0.494152
15	38	1.37787
15	65	1.26948
15	77	1.3013
15	107	1.29822
15	114	0.506489
15	130	1.27002
15	136	0.533854
15	167	1.2998
15	172	0.518849
15	175	1.29181
15	176	1.29129
15	178	0.52293
15	180	0.513315
16	72	0.495191
16	96	1.27674
16	99	1.34932
16	102	1.22837
16	107	0.517529
16	121	1.28043
16	128	0.517475
16	135	1.3426
16	142	0.54327
16	143	1.33388
16	155	0.52702
16	161	1.28575
16	163	1.30283
17	21	1.45552
17	39	0.405397
17	78	1.48238
17	101	1.54344
17	112	0.414497
17	121	0.460787
17	125	1.46838
17	127	1.49275
17	131	1.45456
17	173	0.438139
17	175	0.435168
17	176	0.445712
17	180	1.50289
18	44	0.520791
18	76	1.31585
18	95	1.28963
18	109	0.52259
18	149	0.514612
18	153	1.28935
18	154	0.520845
18	168	1.30615
18	171	1.2858
18	172	1.30101
18	173	1.3104
18	174	0.526746
18	178	1.30172
19	20	1.25215
19	40	1.36907
19	46	1.37778
19	47	1.37925
19	50	1.20606
19	69	1.24076
19	124	1.27539
19	149	0.512165
19	154	0.518398
19	159	0.505725
19	161	0.526899
19	176	0.54161
19	179	1.29953
20	10	0.598326
20	19	1.25215
20	40	1.39337
20	50	1.23036
20	69	1.26506
20	81	1.27757
20	140	1.33377
20	149	0.488474
20	150	0.504626
20	165	1.32395
20	170	0.513271
20	174	0.500608
20	179	1.32383
21	17	1.45552
21	28	1.25108
21	100	0.491279
21	101	1.32851
21	125	1.25345
21	127	1.27782
21	131	1.23963
21	161	0.524554
21	165	1.30602
21	168	0.539133
21	170	0.534618
21	179	0.512918
21	180	1.28796
22	52	1.2623
22	82	0.435848
22	85	0.566103
22	89	1.38965
22	97	1.24628
22	101	0.497542
22	126	1.31156
22	148	1.30265
22	157	0.557082
22	171	1.28257
22	172	1.29778
22	173	1.30717
22	176	0.544846
23	66	0.540977
23	92	0.499359
23	108	0.519161
23	157	1.26006
23	159	1.33099
23	160	1.31456
23	164	1.28037
23	167	1.31033
23	169	1.29972
23	175	1.30234
23	176	1.30182
23	178	0.522029
23	180	0.512414
24	31	1.26594
24	92	0.500779
24	100	1.33437
24	107	1.3053
24	131	0.525075
24	162	1.29403
24	167	1.30688
24	169	1.29627
24	171	0.535223
24	172	0.519368
24	175	1.2989
24	176	1.29837
24	180	0.513834
25	8	0.457561
25	59	1.21575
25	78	1.29153
25	84	1.38483
25	101	1.35259
25	111	0.548782
25	125	1.27753
25	127	1.30191
25	131	1.26371
25	155	0.539906
25	170	0.540297
25	179	0.518597
25	180	1.31205
26	33	0.480266
26	46	1.39335
26	69	1.25633
26	81	1.26883
26	111	1.29708
26	138	0.55969
26	155	1.28889
26	156	0.494252
26	165	1.31521
26	166	1.26538
26	170	0.528887
26	171	0.537841
26	179	1.31509
27	54	0.439358
27	74	0.504509
27	102	1.41925
27	135	1.53348
27	137	1.47404
27	145	1.50851
27	149	0.411676
27	151	0.420121
27	152	0.416601
27	161	1.47663
27	163	1.49371
27	179	0.414774
27	180	1.49442
28	21	1.25108
28	51	1.38605
28	53	0.554758
28	59	1.20215
28	88	1.38476
28	101	1.33899
28	127	1.28831
28	131	1.25011
28	139	0.51486
28	156	0.49012
28	166	0.52498
28	175	0.518859
28	180	1.29845
29	86	1.25984
29	93	0.513734
29	98	0.509321
29	109	0.521494
29	117	0.516843
29	130	1.27576
29	140	1.3294
29	158	1.28595
29	159	1.32621
29	162	1.29269
29	170	1.31018
29	174	1.31996
29	178	0.535493
30	90	0.460972
30	93	1.51533
30	97	1.44255
30	120	1.47566
30	123	0.442632
30	138	0.45155
30	148	1.49892
30	164	0.43024
30	171	1.47884
30	172	1.49405
30	174	0.408084
30	175	0.414851
30	178	1.49477
31	24	1.26594
31	54	1.33367
31	66	0.543723
31	89	0.478313
31	104	1.29617
31	115	1.31621
31	123	1.29771
31	159	1.32311
31	164	1.27249
31	168	0.532112
31	173	0.524671
31	175	1.29447
31	180	0.51516
32	40	1.48209
32	46	1.4908
32	50	1.31908
32	60	0.548321
32	69	1.35378
32	81	1.36629
32	165	1.41267
32	166	1.36284
32	170	0.456432
32	172	0.449532
32	174	0.443769
32	176	0.46108
32	179	1.41255
32	180	0.443997
33	26	0.480266
33	125	1.3695
33	128	1.38975
33	130	0.485823
33	141	1.42982
33	161	1.38623
33	163	1.40331
33	164	0.47546
33	167	0.461664
33	169	0.45909
33	170	1.41268
33	177	1.4048
33	179	0.444268
33	180	1.40402
34	11	0.443779
34	81	1.46947
34	85	0.462801
34	105	0.437772
34	124	1.4916
34	129	1.46691
34	135	0.404607
34	171	1.47216
34	172	1.48737
34	173	1.49677
34	174	0.424233
34	175	0.431
34	179	1.51573
35	120	1.38023
35	140	0.456927
35	146	1.40068
35	152	1.42602
35	157	0.492862
35	159	0.444741
35	168	1.40377
35	169	0.469101
35	171	1.38341
35	172	1.39862
35	173	1.40802
35	174	0.463315
35	176	0.480626
35	178	1.39934
36	2	0.547025
36	77	0.558091
36	94	0.558657
36	97	1.1948
36	113	1.23078
36	132	1.28224
36	147	1.26719
36	153	1.23464
36	171	1.23109
36	173	1.2557
36	174	0.575832
36	178	1.24702
36	179	0.566796
36	180	1.25673
37	87	1.34606
37	91	1.4129
37	98	1.4278
37	106	0.469537
37	109	1.39007
37	114	1.41538
37	129	1.36838
37	133	1.4222
37	134	0.463652
37	166	0.466669
37	171	0.475398
37	175	0.460547
37	177	0.467505
37	179	1.41721
38	15	1.37787
38	62	1.3817
38	82	0.389012
38	98	0.464371
38	133	0.482854
38	139	1.41434
38	143	0.472987
38	155	1.40917
38	157	1.3712
38	167	1.42146
38	168	0.497879
38	169	1.41085
38	172	0.486462
38	175	1.41348
39	3	0.462032
39	17	0.405397
39	41	1.39649
39	44	1.40513
39	148	0.485485
39	150	1.4129
39	154	1.39051
39	164	1.38103
39	167	1.41099
39	168	0.483437
39	169	1.40038
39	171	0.487876
39	172	0.472021
39	176	1.40249
40	19	1.36907
40	20	1.39337
40	32	1.48209
40	49	0.516952
40	50	1.34728
40	69	1.38199
40	81	1.39449
40	103	0.434668
40	148	0.469678
40	166	1.39104
40	170	0.463114
40	176	0.467761
40	179	1.44075
40	180	0.450679
41	39	1.39649
41	62	1.28914
41	94	1.34944
41	117	0.490601
41	118	0.465043
41	126	0.501324
41	144	0.515759
41	147	0.512004
41	156	1.35215
41	157	1.27863
41	159	1.34955
41	173	0.509147
41	174	1.34331
41	175	1.32091
41	176	1.32038
42	51	1.42799
42	59	1.2441
42	78	1.31988
42	101	1.38094
42	111	0.512138
42	114	0.484391
42	125	1.30588
42	127	1.33026
42	131	1.29206
42	153	0.527304
42	160	0.489997
42	165	1.35845
42	172	0.496752
42	174	0.490989
42	180	1.3404
43	47	1.42846
43	56	0.493888
43	128	1.31654
43	136	1.31672
43	140	0.49631
43	148	1.32525
43	150	0.506717
43	162	0.515564
43	168	1.32553
43	171	1.30517
43	173	1.32978
43	174	0.502698
43	177	1.33159
43	178	1.3211
43	179	0.493662
44	2	1.36675
44	18	0.520791
44	39	1.40513
44	67	0.508941
44	83	1.2912
44	90	1.28982
44	113	0.517717
44	116	0.477676
44	132	0.484878
44	149	1.34347
44	154	1.31705
44	164	1.30757
44	169	1.32692
44	174	1.35195
44	180	0.483534
45	11	0.511653
45	122	1.39991
45	126	1.33283
45	134	0.501979
45	144	1.32024
45	152	1.34645
45	153	1.30739
45	160	0.491115
45	166	0.504996
45	168	1.3242
45	169	0.497893
45	172	1.31905
45	175	0.498874
45	177	1.33026
45	178	1.31977
46	5	0.430837
46	19	1.37778
46	26	1.39335
46	32	1.4908
46	69	1.3907
46	107	0.450211
46	123	0.481977
46	124	1.42533
46	130	0.479947
46	139	0.450197
46	155	1.42327
46	165	1.44959
46	166	1.39975
46	170	0.460092
46	172	0.453191
46	179	1.44946
47	11	0.471355
47	19	1.37925
47	43	1.42846
47	50	1.35746
47	51	0.412527
47	115	0.454884
47	135	1.47205
47	150	0.455828
47	157	0.481357
47	163	1.43228
47	167	0.460169
47	172	1.42256
47	176	0.46912
47	177	1.43378
47	178	1.42328
47	179	1.45093
48	50	1.36014
48	69	1.39484
48	81	1.40735
48	106	0.463477
48	111	1.43559
48	137	0.462155
48	140	1.46355
48	155	1.42741
48	160	0.446729
48	165	1.45373
48	166	1.40389
48	167	0.45608
48	168	0.4649
48	170	0.460384
48	179	1.45361
48	180	0.447949
49	40	0.516952
49	82	0.464076
49	96	0.564919
49	118	0.521398
49	129	1.24998
49	133	1.30379
49	137	0.570197
49	149	1.29083
49	161	0.558363
49	162	1.27204
49	168	1.27559
49	173	1.27984
49	176	1.27639
49	177	1.28165
49	178	1.27116
49	179	1.2988
50	10	0.61104
50	19	1.20606
50	20	1.23036
50	32	1.31908
50	40	1.34728
50	47	1.35746
50	48	1.36014
50	69	1.21897
50	81	1.23148
50	149	0.501188
50	151	0.509633
50	155	1.25154
50	158	0.524112
50	164	0.535478
50	178	0.523166
50	179	1.27774
51	11	0.469525
51	28	1.38605
51	42	1.42799
51	47	0.412527
51	54	0.465527
51	84	1.49572
51	125	1.38842
51	131	1.3746
51	136	0.470747
51	141	1.44873
51	146	1.41457
51	165	1.44099
51	169	0.455765
51	170	0.462643
51	176	0.46729
51	180	1.42293
52	13	0.512359
52	22	1.2623
52	75	1.22147
52	87	0.546865
52	110	1.28726
52	125	0.543974
52	132	1.31494
52	142	1.26715
52	147	1.29989
52	149	0.526069
52	165	0.52863
52	169	0.543989
52	172	1.279
52	173	1.2884
52	177	1.29021
52	180	1.28943
53	28	0.554758
53	94	0.514753
53	118	1.29711
53	129	1.25043
53	133	1.30425
53	151	0.528239
53	154	0.526027
53	161	1.26353
53	162	0.544794
53	163	1.28061
53	172	1.27089
53	173	1.28029
53	175	0.538696
53	177	1.2821
53	178	1.27161
53	179	1.29925
54	27	0.439358
54	31	1.33367
54	51	0.465527
54	73	1.30179
54	83	1.32828
54	89	0.468191
54	108	0.511785
54	112	0.490906
54	126	0.506725
54	139	1.36749
54	156	1.39787
54	160	1.37885
54	162	1.36176
54	167	1.37461
54	172	0.510573
54	174	1.38902
54	175	1.36663
55	6	1.38631
55	74	0.543936
55	83	0.498125
55	111	0.484387
55	117	1.36868
55	124	1.35348
55	137	1.33931
55	143	1.39002
55	145	1.37378
55	155	0.47551
55	161	1.34189
55	163	1.35897
55	166	1.32791
55	167	0.471597
55	168	0.480417
55	179	0.454201
55	180	1.35968
56	43	0.493888
56	65	1.33443
56	95	0.49989
56	112	0.466547
56	122	0.455251
56	126	0.482367
56	130	1.33496
56	148	0.499679
56	149	1.37068
56	150	1.36665
56	151	1.3723
56	156	1.388
56	158	1.34515
56	162	1.35189
56	174	1.37916
56	175	1.35676
56	177	0.494176
57	66	1.3398
57	72	0.46418
57	96	1.34574
57	102	1.29736
57	111	0.504885
57	117	1.38153
57	121	1.34942
57	122	0.458535
57	130	0.516253
57	137	1.35216
57	143	1.40287
57	145	1.38663
57	149	0.471601
57	163	1.37183
57	175	0.490502
57	176	0.501046
57	180	1.37253
58	79	1.45249
58	80	1.3459
58	87	1.29626
58	91	1.3631
58	98	1.378
58	103	0.469043
58	109	1.34027
58	114	1.36558
58	129	1.31858
58	133	1.3724
58	139	0.487594
58	145	0.472488
58	164	0.506982
58	165	0.475253
58	166	0.497715
58	170	0.497489
58	179	1.36741
59	25	1.21575
59	28	1.20215
59	42	1.2441
59	78	1.21852
59	80	0.553841
59	84	1.31182
59	101	1.27958
59	125	1.20452
59	127	1.2289
59	131	1.1907
59	139	0.567905
59	141	1.26484
59	149	0.553002
59	170	0.5778
59	175	0.571904
59	177	0.578861
59	180	1.23904
60	4	1.27259
60	32	0.548321
60	82	0.502126
60	114	1.24562
60	118	0.559448
60	123	1.22879
60	129	1.19862
60	132	1.25502
60	133	1.25244
60	134	1.22541
60	137	0.608247
60	145	0.581476
60	147	1.23997
60	161	0.596414
60	171	1.20387
60	177	1.23029
60	179	1.24745
61	76	1.24463
61	103	0.563018
61	118	0.544435
61	132	1.26572
61	144	1.23098
61	147	1.25067
61	149	0.566666
61	153	1.21812
61	159	0.560226
61	167	0.58716
61	168	1.23493
61	169	0.584586
61	171	1.21457
61	172	1.22978
61	173	1.23918
61	177	1.241
61	178	1.2305
62	1	1.34191
62	38	1.3817
62	41	1.28914
62	64	1.2812
62	80	0.509973
62	89	0.484649
62	122	0.496069
62	126	0.523184
62	129	0.54109
62	135	0.501643
62	154	1.28315
62	158	1.28404
62	159	1.3243
62	160	1.30787
62	169	1.29303
62	174	1.31805
62	175	1.29565
62	177	0.534993
63	8	1.43788
63	90	0.557009
63	112	1.34779
63	117	0.495314
63	136	1.28082
63	152	1.31188
63	164	0.526276
63	166	0.51701
63	167	0.51248
63	168	1.28963
63	170	1.30357
63	171	1.26927
63	172	1.28448
63	173	1.29388
63	174	0.504121
63	177	1.29569
63	178	1.2852
63	179	0.495085
64	62	1.2812
64	75	0.554003
64	120	0.517864
64	123	1.31621
64	138	1.28154
64	141	0.478444
64	142	0.522202
64	143	0.485965
64	150	1.32286
64	151	1.32851
64	153	0.529993
64	158	1.30136
64	162	1.3081
64	164	1.291
64	167	1.32096
64	173	0.503416
64	174	1.33537
64	175	1.31297
65	11	1.34857
65	15	1.26948
65	56	1.33443
65	75	0.558425
65	81	0.494428
65	100	1.34057
65	123	1.30833
65	137	0.512534
65	139	1.30596
65	149	1.31902
65	152	0.490891
65	154	1.29259
65	157	1.26281
65	167	1.31308
65	171	0.519717
65	173	0.507838
65	175	1.30509
65	178	0.507943
66	3	0.513827
66	12	1.34297
66	23	0.540977
66	31	0.543723
66	57	1.3398
66	72	0.498497
66	77	0.500311
66	100	0.487377
66	107	0.520835
66	121	1.2795
66	135	1.34167
66	137	1.28224
66	141	1.32841
66	145	1.31671
66	161	1.28482
66	163	1.3019
66	166	1.27083
66	170	1.31127
67	44	0.508941
67	70	1.30421
67	73	0.563094
67	97	1.26387
67	113	1.29985
67	133	0.51705
67	142	1.30351
67	147	1.33625
67	148	1.32024
67	153	1.30371
67	156	0.492925
67	159	0.496322
67	171	1.30016
67	175	0.521663
67	177	1.32658
67	178	1.31608
67	179	0.50586
67	180	1.32579
68	9	0.534025
68	78	1.43776
68	82	0.648387
68	121	0.428786
68	131	1.40995
68	133	0.398554
68	137	0.410834
68	143	0.388687
68	145	0.384062
68	153	1.4362
68	157	1.41205
68	158	1.44272
68	161	0.399
68	162	1.44946
68	172	1.44785
68	173	1.45725
68	178	1.44857
68	180	1.45828
69	19	1.24076
69	20	1.26506
69	26	1.25633
69	32	1.35378
69	40	1.38199
69	46	1.3907
69	48	1.39484
69	50	1.21897
69	71	0.4634
69	83	0.540487
69	134	0.515471
69	140	1.32239
69	146	0.520777
69	164	0.527755
69	166	1.26273
69	170	0.518263
69	178	0.515443
69	179	1.31244
70	67	1.30421
70	104	0.510294
70	119	1.33731
70	125	0.513146
70	130	0.539893
70	136	1.29967
70	152	1.33073
70	153	1.29167
70	157	0.536922
70	159	0.488801
70	165	0.497803
70	166	0.520264
70	171	1.28812
70	172	1.30333
70	173	1.31272
70	177	1.31454
70	178	1.30404
70	180	1.31375
71	69	0.4634
71	108	1.43074
71	115	0.450138
71	117	1.44645
71	118	1.45323
71	121	1.41434
71	135	1.47651
71	137	1.41707
71	140	0.440675
71	143	1.46778
71	154	0.441161
71	155	0.459336
71	156	0.425092
71	161	1.41966
71	162	0.459928
71	163	1.43674
71	164	0.469219
71	180	1.43745
72	6	0.452462
72	16	0.495191
72	57	0.46418
72	66	0.498497
72	111	1.38353
72	114	0.463108
72	119	1.40716
72	121	0.502092
72	124	0.464102
72	125	1.34909
72	127	1.37346
72	151	1.39519
72	163	0.458528
72	164	1.35768
72	165	1.40166
72	170	1.39227
72	173	1.38258
72	178	1.3739
72	180	1.38361
73	7	0.522285
73	54	1.30179
73	67	0.563094
73	96	0.546616
73	138	1.23116
73	139	1.26346
73	143	0.529746
73	150	1.27248
73	151	1.27813
73	152	0.53025
73	158	1.25098
73	160	1.27481
73	162	1.25772
73	168	0.554638
73	169	1.25996
73	174	1.28499
73	175	1.26259
73	176	1.26207
73	178	0.547303
74	27	0.504509
74	55	0.543936
74	81	0.566289
74	82	0.478273
74	98	1.29531
74	117	0.561154
74	120	1.23796
74	129	1.23589
74	131	0.58143
74	133	1.28971
74	145	0.557623
74	156	1.29406
74	158	1.25121
74	168	1.2615
74	175	1.26282
74	176	1.2623
74	177	1.26756
74	178	1.25707
74	179	1.28471
75	52	1.22147
75	64	0.554003
75	65	0.558425
75	99	0.52323
75	106	1.2663
75	122	1.33781
75	126	1.27073
75	128	1.25311
75	144	1.25814
75	156	0.527615
75	158	0.560377
75	163	0.538409
75	170	1.27604
75	172	1.25695
75	173	1.26635
75	177	1.26816
75	178	1.25767
75	179	0.540551
75	180	1.26738
76	18	1.31585
76	61	1.24463
76	77	0.480405
76	96	0.507303
76	116	1.3626
76	122	1.41019
76	132	1.36526
76	142	1.31747
76	146	1.33138
76	158	0.508937
76	169	0.503933
76	171	1.31411
76	172	1.32932
76	173	1.33872
76	174	0.498147
76	175	0.504914
76	176	0.515457
76	177	1.34054
76	178	1.33004
76	179	0.489111
77	15	1.3013
77	36	0.558091
77	66	0.500311
77	76	0.480405
77	102	0.523913
77	139	1.33778
77	149	1.35083
77	150	1.3468
77	155	1.33261
77	157	1.29463
77	160	1.34913
77	162	1.33204
77	164	1.31493
77	167	1.34489
77	171	0.493138
77	173	0.481259
77	176	1.33639
77	177	0.485245
77	179	1.3588
77	180	0.471748
78	17	1.48238
78	25	1.29153
78	42	1.31988
78	59	1.21852
78	68	1.43776
78	84	1.3876
78	101	1.35536
78	106	0.507702
78	110	0.500035
78	125	1.2803
78	127	1.30468
78	131	1.26648
78	141	1.34062
78	150	0.495964
78	155	0.504218
78	157	0.521492
78	160	0.490953
78	170	0.504609
78	179	0.482909
78	180	1.31482
79	14	0.404457
79	58	1.45249
79	80	1.43479
79	82	0.651782
79	87	1.38515
79	90	0.452683
79	91	1.45199
79	98	1.46689
79	109	1.42916
79	111	0.420944
79	114	1.45447
79	129	1.40747
79	133	1.46129
79	146	0.414973
79	153	0.43611
79	167	0.408154
79	170	0.412458
79	179	1.45629
80	9	1.19971
80	58	1.3459
80	59	0.553841
80	62	0.509973
80	79	1.43479
80	87	1.27855
80	91	1.34539
80	98	1.36029
80	109	1.32256
80	114	1.34787
80	129	1.30088
80	133	1.35469
80	138	0.521433
80	140	1.35964
80	146	0.493144
80	150	0.481985
80	165	0.468394
80	167	0.486326
80	178	0.48781
80	179	1.3497
81	20	1.27757
81	26	1.26883
81	32	1.36629
81	34	1.46947
81	40	1.39449
81	48	1.40735
81	50	1.23148
81	65	0.494428
81	74	0.566289
81	83	0.520478
81	88	0.45467
81	106	0.501347
81	124	1.30081
81	139	0.488359
81	140	1.33489
81	155	1.29875
81	160	0.484598
81	165	1.32507
81	170	0.498254
81	179	1.32495
82	22	0.435848
82	38	0.389012
82	49	0.464076
82	60	0.502126
82	68	0.648387
82	74	0.478273
82	79	0.651782
82	96	1.30546
82	108	1.32556
82	117	1.34126
82	118	1.34805
82	121	1.30915
82	123	0.432123
82	135	1.37133
82	137	1.31189
82	143	1.3626
82	145	1.34636
82	161	1.31447
82	163	1.33156
82	180	1.33226
83	44	1.2912
83	54	1.32828
83	55	0.498125
83	69	0.540487
83	81	0.520478
83	108	0.531125
83	111	1.29296
83	123	1.29232
83	138	1.25765
83	143	0.516436
83	152	0.51694
83	156	1.32032
83	157	1.2468
83	159	1.31772
83	164	1.2671
83	165	1.31109
83	167	1.29706
83	171	0.545767
83	175	1.28908
83	176	1.28856
83	180	0.524378
84	25	1.38483
84	51	1.49572
84	59	1.31182
84	78	1.3876
84	91	0.462066
84	101	1.44867
84	104	1.40587
84	105	0.474217
84	106	0.476434
84	108	0.467653
84	125	1.3736
84	127	1.39798
84	131	1.35979
84	146	1.39976
84	154	0.454776
84	160	0.459686
84	165	1.42618
84	169	0.466464
84	170	0.473341
84	178	0.470521
84	180	1.40812
85	22	0.566103
85	34	0.462801
85	99	0.501472
85	109	0.523673
85	115	1.30633
85	123	1.28783
85	134	1.28444
85	139	1.28545
85	150	1.29448
85	151	1.30013
85	156	1.31583
85	160	1.29681
85	164	1.26261
85	167	1.29257
85	169	1.28196
85	172	0.533592
85	173	0.537567
85	174	1.30699
85	175	1.28459
85	177	0.541554
85	180	0.528057
86	29	1.25984
86	92	0.510074
86	98	0.506572
86	103	1.33699
86	105	1.29112
86	114	0.516303
86	118	0.488536
86	134	1.28956
86	136	0.543669
86	139	1.29057
86	147	0.535496
86	149	1.30362
86	153	0.559216
86	157	1.24742
86	159	1.31835
86	162	1.28483
86	165	1.31171
86	169	1.28707
86	173	0.532639
86	175	1.2897
86	176	1.28918
87	9	1.15007
87	10	0.595642
87	37	1.34606
87	52	0.546865
87	58	1.29626
87	79	1.38515
87	80	1.27855
87	91	1.29575
87	98	1.31065
87	106	0.513681
87	109	1.27292
87	114	1.29823
87	129	1.25124
87	133	1.30505
87	140	1.31
87	142	0.526448
87	147	0.510519
87	155	0.510197
87	165	0.488352
87	170	0.510588
87	179	1.30006
88	3	0.454116
88	28	1.38476
88	81	0.45467
88	93	0.446426
88	102	1.34648
88	119	0.455685
88	120	0.482527
88	127	1.41151
88	131	1.37332
88	142	0.486865
88	147	0.470937
88	157	1.37541
88	161	1.40386
88	163	1.42094
88	166	1.38987
88	169	1.41507
88	174	1.44009
88	176	1.41717
88	177	0.472066
88	178	0.468185
88	180	1.42165
89	12	0.464881
89	22	1.38965
89	31	0.478313
89	54	0.468191
89	62	0.484649
89	94	0.435467
89	97	1.35486
89	113	1.39084
89	117	0.443835
89	120	1.38797
89	126	1.42014
89	128	1.40252
89	138	0.496109
89	142	1.39451
89	144	1.40755
89	147	1.42725
89	158	0.463432
89	168	1.4115
89	172	1.40636
89	176	0.469953
89	178	1.40708
90	14	1.3411
90	30	0.460972
90	44	1.28982
90	63	0.557009
90	79	0.452683
90	103	1.33499
90	128	0.544878
90	130	1.2659
90	132	0.543722
90	134	1.28756
90	138	1.25627
90	148	0.561377
90	151	1.30324
90	157	1.24542
90	160	1.29992
90	162	1.28283
90	163	0.530972
90	167	1.29568
90	174	1.3101
90	176	1.28718
90	180	0.542378
91	9	1.21691
91	37	1.4129
91	58	1.3631
91	79	1.45199
91	80	1.34539
91	84	0.462066
91	87	1.29575
91	92	0.477823
91	98	1.37749
91	106	0.506407
91	109	1.33976
91	114	1.36507
91	129	1.31808
91	133	1.37189
91	141	1.37477
91	147	0.503245
91	149	0.478516
91	160	0.489658
91	170	0.503314
91	174	0.49065
91	179	1.3669
91	180	0.490878
92	23	0.499359
92	24	0.500779
92	86	0.510074
92	91	0.477823
92	93	1.36424
92	104	0.479353
92	110	1.35122
92	112	1.40627
92	144	1.34415
92	147	1.36385
92	148	1.34783
92	152	1.37036
92	153	1.3313
92	162	0.4893
92	165	0.466862
92	166	0.489324
92	171	1.32775
92	172	1.34296
92	173	1.35236
92	176	0.493745
92	177	1.35417
92	178	1.34368
93	2	0.448539
93	9	0.614971
93	29	0.513734
93	30	1.51533
93	88	0.446426
93	92	1.36424
93	126	1.34954
93	133	0.4795
93	140	0.470958
93	144	1.33695
93	153	1.3241
93	155	1.33793
93	160	0.476354
93	165	0.467774
93	167	0.485706
93	168	1.34091
93	171	1.32055
93	172	1.33576
93	173	1.34516
93	177	1.34697
93	178	1.33648
93	180	1.34619
94	36	0.558657
94	41	1.34944
94	53	0.514753
94	89	0.435467
94	128	0.474815
94	130	1.33416
94	131	0.483556
94	132	0.473658
94	138	1.32453
94	146	0.487264
94	150	1.36585
94	154	1.34346
94	160	1.36818
94	162	1.35109
94	164	1.33398
94	167	1.36394
94	169	1.35333
94	172	0.477849
94	174	1.37836
94	175	1.35596
94	177	0.485811
94	179	1.37785
95	18	1.28963
95	56	0.49989
95	107	0.511483
95	113	1.28758
95	116	1.33638
95	122	1.38396
95	124	0.503097
95	141	0.493466
95	142	1.29125
95	147	1.32399
95	148	1.30797
95	152	1.3305
95	157	0.538248
95	165	0.499128
95	166	0.521589
95	168	1.30825
95	169	0.514487
95	170	1.32219
95	171	1.28789
95	173	1.3125
95	176	0.526011
95	177	1.31431
95	178	1.30382
96	16	1.27674
96	49	0.564919
96	57	1.34574
96	73	0.546616
96	76	0.507303
96	82	1.30546
96	99	1.35432
96	105	0.511957
96	108	1.30183
96	116	0.492788
96	117	1.31754
96	118	1.32433
96	137	1.28817
96	139	0.501187
96	143	1.33888
96	145	1.32264
96	149	0.486284
96	161	1.29075
96	163	1.30783
96	170	1.3172
96	175	0.505185
96	179	0.489382
96	180	1.30854
97	1	0.518714
97	22	1.24628
97	30	1.44255
97	36	1.1948
97	67	1.26387
97	89	1.35486
97	113	1.24747
97	119	1.29697
97	124	0.531894
97	126	1.27676
97	127	0.549003
97	147	1.28387
97	151	0.533809
97	153	1.25132
97	159	0.518924
97	160	0.536506
97	163	0.52632
97	167	0.545857
97	168	1.26813
97	172	1.26298
97	173	1.27238
97	175	0.544265
97	177	1.27419
97	178	1.2637
98	8	0.402861
98	29	0.509321
98	37	1.4278
98	38	0.464371
98	58	1.378
98	74	1.29531
98	79	1.46689
98	80	1.36029
98	86	0.506572
98	87	1.31065
98	91	1.37749
98	109	1.35466
98	114	1.37997
98	124	1.35766
98	129	1.33298
98	133	1.38679
98	141	1.38966
98	146	0.488111
98	148	0.49216
98	160	0.471941
98	168	0.490112
98	170	0.485596
98	177	0.486657
98	179	1.3818
99	16	1.34932
99	75	0.52323
99	85	0.501472
99	96	1.35432
99	102	1.30595
99	104	1.37887
99	108	1.37442
99	110	0.470994
99	114	0.456307
99	118	1.39691
99	121	1.35801
99	123	0.497453
99	137	1.36075
99	143	1.41146
99	145	1.39522
99	148	0.482132
99	155	0.475178
99	158	0.473694
99	161	1.36333
99	163	1.38041
99	170	1.38978
99	175	0.469672
99	179	0.453868
99	180	1.38112
100	21	0.491279
100	24	1.33437
100	65	1.34057
100	66	0.487377
100	103	1.41019
100	120	0.482772
100	127	0.470091
100	134	1.36276
100	136	0.479354
100	142	0.48711
100	147	0.471182
100	148	0.477814
100	149	1.37682
100	150	1.37279
100	156	1.39414
100	159	1.39155
100	160	1.37512
100	167	1.37088
100	168	0.475766
100	169	1.36027
100	173	0.468325
100	174	1.3853
100	175	1.3629
100	176	1.36238
101	17	1.54344
101	21	1.32851
101	22	0.497542
101	25	1.35259
101	28	1.33899
101	42	1.38094
101	59	1.27958
101	78	1.35536
101	84	1.44867
101	113	0.493679
101	125	1.34136
101	127	1.36574
101	131	1.32755
101	138	0.502735
101	146	1.36751
101	153	0.495584
101	158	0.470058
101	165	1.39394
101	166	0.472157
101	168	0.476448
101	169	0.465054
101	170	0.471932
101	174	0.459268
101	180	1.37588
102	8	0.471582
102	16	1.22837
102	27	1.41925
102	57	1.29736
102	77	0.523913
102	88	1.34648
102	99	1.30595
102	108	1.25346
102	115	0.544729
102	117	1.26917
102	118	1.27595
102	121	1.23706
102	135	1.29923
102	137	1.23979
102	145	1.27427
102	146	1.2518
102	159	0.523081
102	160	0.540662
102	161	1.24238
102	163	1.25946
102	164	0.56381
102	172	0.547417
102	176	0.558965
102	179	0.532618
103	40	0.434668
103	58	0.469043
103	61	0.563018
103	86	1.33699
103	90	1.33499
103	100	1.41019
103	122	0.448279
103	124	0.467875
103	127	0.484984
103	143	0.465766
103	147	0.486074
103	149	1.38864
103	151	1.39026
103	154	1.36221
103	157	1.33244
103	159	1.40336
103	160	1.38693
103	164	1.35274
103	166	1.34689
103	167	1.3827
103	168	0.490658
103	174	1.39711
103	175	1.37472
103	178	0.483323
104	31	1.29617
104	70	0.510294
104	84	1.40587
104	92	0.479353
104	99	1.37887
104	112	0.478276
104	116	0.48655
104	125	1.29857
104	127	1.32294
104	131	1.28475
104	134	1.32899
104	135	1.37215
104	136	0.512948
104	143	1.36342
104	144	0.508531
104	146	1.32472
104	154	1.31663
104	161	1.3153
104	164	1.30715
104	168	0.509359
104	172	0.497943
104	174	1.35153
104	177	0.505905
104	178	0.502024
104	180	1.33308
105	5	1.377
105	34	0.437772
105	84	0.474217
105	86	1.29112
105	96	0.511957
105	107	1.33526
105	113	0.537211
105	128	0.505529
105	134	1.3287
105	145	0.490463
105	149	1.34277
105	150	1.33874
105	154	1.31635
105	158	1.31723
105	159	1.35749
105	162	1.32398
105	163	0.491623
105	167	1.33683
105	169	1.32622
105	171	0.524418
105	174	1.35125
105	175	1.32885
105	176	1.32832
105	177	0.516525
105	180	0.503029
106	7	1.36816
106	37	0.469537
106	48	0.463477
106	75	1.2663
106	78	0.507702
106	81	0.501347
106	84	0.476434
106	87	0.513681
106	91	0.506407
106	115	1.35205
106	127	0.516524
106	129	0.52484
106	131	0.516488
106	137	1.31389
106	146	1.32589
106	147	1.34472
106	151	1.34584
106	152	1.35123
106	161	1.31647
106	163	1.33355
106	174	1.3527
106	175	1.3303
106	176	1.32978
106	177	1.33504
106	180	1.33426
107	11	1.37731
107	15	1.29822
107	16	0.517529
107	24	1.3053
107	46	0.450211
107	66	0.520835
107	95	0.511483
107	105	1.33526
107	117	0.483237
107	120	0.51623
107	128	0.494773
107	134	1.33369
107	139	1.3347
107	140	1.36567
107	147	0.50464
107	157	1.29155
107	160	1.34605
107	164	1.31186
107	169	1.3312
107	170	1.34645
107	173	0.501783
107	175	1.33383
107	176	1.33331
107	179	1.35572
107	180	0.492273
108	4	0.491309
108	23	0.519161
108	54	0.511785
108	71	1.43074
108	82	1.32556
108	83	0.531125
108	84	0.467653
108	96	1.30183
108	99	1.37442
108	102	1.25346
108	117	1.33763
108	121	1.30552
108	133	0.498391
108	135	1.3677
108	143	1.35897
108	145	1.34273
108	151	0.492548
108	161	1.31084
108	163	1.32793
108	164	0.518393
108	165	0.486664
108	166	1.29686
108	170	1.33729
108	179	0.487201
108	180	1.32863
109	1	0.466323
109	9	1.19408
109	14	0.489768
109	18	0.52259
109	29	0.521494
109	37	1.39007
109	58	1.34027
109	79	1.42916
109	80	1.32256
109	85	0.523673
109	87	1.27292
109	91	1.33976
109	98	1.35466
109	114	1.34224
109	124	1.31993
109	129	1.29525
109	133	1.34906
109	140	1.35401
109	141	1.35193
109	169	0.490892
109	170	0.49777
109	171	0.506724
109	178	0.49495
109	179	1.34407
109	180	0.485334
110	1	0.478568
110	52	1.28726
110	78	0.500035
110	92	1.35122
110	99	0.470994
110	112	1.38605
110	115	0.500426
110	126	1.33652
110	128	1.3189
110	132	1.35868
110	138	0.540818
110	142	1.31089
110	144	1.32393
110	147	1.34363
110	152	1.35014
110	153	1.31108
110	161	0.499951
110	164	0.519507
110	165	0.487779
110	167	0.505711
110	169	0.503137
110	170	1.34183
110	172	1.32274
110	177	1.33395
110	178	1.32346
111	25	0.548782
111	26	1.29708
111	42	0.512138
111	48	1.43559
111	55	0.484387
111	57	0.504885
111	72	1.38353
111	79	0.420944
111	83	1.29296
111	120	1.30644
111	131	0.521881
111	135	0.490785
111	141	0.495177
111	143	0.502698
111	147	1.34572
111	154	1.3188
111	161	0.513011
111	164	1.30933
111	165	1.35332
111	166	1.30348
111	171	1.30962
111	173	1.33423
111	175	1.3313
111	178	1.32555
111	179	1.35319
112	4	0.47043
112	7	1.42212
112	17	0.414497
112	54	0.490906
112	56	0.466547
112	63	1.34779
112	92	1.40627
112	104	0.478276
112	110	1.38605
112	124	0.469754
112	126	1.39157
112	128	1.37395
112	130	0.507876
112	136	1.37413
112	144	1.37898
112	147	1.39868
112	150	0.479376
112	152	1.40519
112	166	0.488246
112	168	1.38294
112	172	1.37779
112	173	1.38719
112	174	0.475357
112	177	1.389
112	178	1.37851
112	179	0.466321
113	36	1.23078
113	44	0.517717
113	67	1.29985
113	89	1.39084
113	95	1.28758
113	97	1.24747
113	101	0.493679
113	105	0.537211
113	120	1.28058
113	131	0.535142
113	132	1.3349
113	134	0.533545
113	141	0.508438
113	152	1.32637
113	153	1.28731
113	154	0.517771
113	156	0.501701
113	160	0.52268
113	166	0.536561
113	168	1.30411
113	171	1.28376
113	172	1.29896
113	173	1.30836
113	177	1.31018
113	178	1.29968
113	180	1.30939
114	9	1.21939
114	15	0.506489
114	37	1.41538
114	42	0.484391
114	58	1.36558
114	60	1.24562
114	72	0.463108
114	79	1.45447
114	80	1.34787
114	86	0.516303
114	87	1.29823
114	91	1.36507
114	98	1.37997
114	99	0.456307
114	109	1.34224
114	124	1.34524
114	129	1.32056
114	133	1.37437
114	138	0.52613
114	140	1.37932
114	141	1.37724
114	162	0.495529
114	163	0.471486
114	170	0.495327
114	172	0.488427
114	176	0.499974
114	179	1.36938
115	31	1.31621
115	47	0.454884
115	71	0.450138
115	85	1.30633
115	102	0.544729
115	106	1.35205
115	110	0.500426
115	117	0.483529
115	138	1.31774
115	139	1.35004
115	141	0.477102
115	145	0.479999
115	149	1.36309
115	156	1.38041
115	158	1.33756
115	160	1.36139
115	161	0.494937
115	165	1.37118
115	167	1.35715
115	169	1.34654
115	171	0.513954
115	174	1.37157
115	175	1.34917
115	176	1.34865
115	178	0.50218
115	179	1.37106
115	180	0.492565
116	44	0.477676
116	76	1.3626
116	95	1.33638
116	96	0.492788
116	104	0.48655
116	128	1.34391
116	130	0.516149
116	132	1.38369
116	136	1.3441
116	137	0.498065
116	140	0.477243
116	142	1.3359
116	144	1.34895
116	148	1.35263
116	153	1.3361
116	160	0.482639
116	162	0.496496
116	168	1.3529
116	169	0.489417
116	171	1.33255
116	172	1.34775
116	173	1.35715
116	175	0.490398
116	176	0.500942
116	177	1.35897
116	178	1.34847
116	180	1.35818
117	1	0.461671
117	29	0.516843
117	41	0.490601
117	55	1.36868
117	57	1.38153
117	63	0.495314
117	71	1.44645
117	74	0.561154
117	82	1.34126
117	89	0.443835
117	96	1.31754
117	102	1.26917
117	107	0.483237
117	108	1.33763
117	115	0.483529
117	118	1.36013
117	137	1.32396
117	141	1.37014
117	143	1.37467
117	145	1.35844
117	146	1.33597
117	161	1.32655
117	163	1.34363
117	167	0.488814
117	169	0.486241
117	178	0.490298
117	180	1.34434
118	4	0.449969
118	41	0.465043
118	49	0.521398
118	53	1.29711
118	60	0.559448
118	61	0.544435
118	71	1.45323
118	82	1.34805
118	86	0.488536
118	96	1.32433
118	99	1.39691
118	102	1.27595
118	117	1.36013
118	121	1.32802
118	135	1.39019
118	137	1.33075
118	143	1.38146
118	148	0.474124
118	157	0.484444
118	161	1.33334
118	163	1.35042
118	166	1.31935
118	170	1.35978
118	171	0.476514
118	177	0.468621
118	178	0.46474
118	180	1.35112
119	4	0.481677
119	7	1.3928
119	10	1.22556
119	14	0.491267
119	70	1.33731
119	72	1.40716
119	88	0.455685
119	97	1.29697
119	120	1.33008
119	122	1.42933
119	123	0.521153
119	130	0.519123
119	134	0.496477
119	138	0.530071
119	144	1.34966
119	148	1.35334
119	149	0.474471
119	152	1.37587
119	156	0.464633
119	162	0.49947
119	165	0.477032
119	168	1.35361
119	171	1.33326
119	172	1.34846
119	173	1.35786
119	177	1.35968
119	178	1.34918
120	30	1.47566
120	35	1.38023
120	64	0.517864
120	74	1.23796
120	88	0.482527
120	89	1.38797
120	100	0.482772
120	107	0.51623
120	111	1.30644
120	113	1.28058
120	119	1.33008
120	127	0.524953
120	135	0.493821
120	142	1.28424
120	144	1.29728
120	147	1.31698
120	148	1.30096
120	149	0.501313
120	153	1.28443
120	162	0.526313
120	164	0.535603
120	165	0.503875
120	168	1.30124
120	169	0.519233
120	173	1.30549
120	177	1.3073
120	178	1.29681
120	180	1.30652
121	6	1.33886
121	16	1.28043
121	17	0.460787
121	57	1.34942
121	66	1.2795
121	68	0.428786
121	71	1.41434
121	72	0.502092
121	82	1.30915
121	99	1.35801
121	102	1.23706
121	108	1.30552
121	118	1.32802
121	137	1.29186
121	138	0.565115
121	139	0.524416
121	143	1.34256
121	145	1.32633
121	152	0.514439
121	156	0.499677
121	157	0.551195
121	159	0.503074
121	161	1.29444
121	163	1.31152
121	170	1.32089
121	172	0.527411
121	175	0.528415
121	180	1.31223
122	45	1.39991
122	56	0.455251
122	57	0.458535
122	62	0.496069
122	75	1.33781
122	76	1.41019
122	95	1.38396
122	103	0.448279
122	119	1.42933
122	128	1.3915
122	132	1.43128
122	133	0.466216
122	135	0.444436
122	136	1.39169
122	138	0.507528
122	147	1.41623
122	150	0.46808
122	152	1.42275
122	154	0.45816
122	155	1.39751
122	157	0.493609
122	165	0.454489
122	168	1.40049
122	171	1.38014
122	173	1.40474
122	177	1.40656
122	178	1.39606
122	179	0.455026
123	30	0.442632
123	31	1.29771
123	46	0.481977
123	60	1.22879
123	64	1.31621
123	65	1.30833
123	82	0.432123
123	83	1.29232
123	85	1.28783
123	99	0.497453
123	119	0.521153
123	129	0.543631
123	133	0.525964
123	136	0.544578
123	150	1.34056
123	151	1.34621
123	156	1.3619
123	158	1.31905
123	162	1.3258
123	164	1.30869
123	165	1.35268
123	166	1.30284
123	168	0.540989
123	169	1.32804
123	172	0.529573
123	173	0.533549
123	174	1.35306
123	176	1.33014
124	19	1.27539
124	34	1.4916
124	46	1.42533
124	55	1.35348
124	72	0.464102
124	81	1.30081
124	95	0.503097
124	97	0.531894
124	98	1.35766
124	103	0.467875
124	109	1.31993
124	112	0.469754
124	114	1.34524
124	127	0.495163
124	133	1.35206
124	135	1.3682
124	143	1.35947
124	144	0.500009
124	145	1.34323
124	155	1.32087
124	161	1.31135
124	163	1.32843
124	167	0.492017
124	173	0.493396
124	174	0.483658
124	177	0.497382
124	179	1.34707
125	17	1.46838
125	21	1.25345
125	25	1.27753
125	33	1.3695
125	42	1.30588
125	51	1.38842
125	52	0.543974
125	59	1.20452
125	70	0.513146
125	72	1.34909
125	78	1.2803
125	84	1.3736
125	101	1.34136
125	104	1.29857
125	127	1.29068
125	131	1.25248
125	141	1.32662
125	153	0.531348
125	155	0.507306
125	156	0.473062
125	157	0.52458
125	158	0.505823
125	162	0.507898
125	165	1.31887
125	166	0.507922
125	170	0.507697
125	179	0.485997
125	180	1.30082
126	22	1.31156
126	41	0.501324
126	45	1.33283
126	54	0.506725
126	56	0.482367
126	62	0.523184
126	75	1.27073
126	89	1.42014
126	93	1.34954
126	97	1.27676
126	110	1.33652
126	112	1.39157
126	130	0.523695
126	134	0.501049
126	136	1.3246
126	142	1.31641
126	144	1.32945
126	150	0.495196
126	151	0.487488
126	152	1.35566
126	153	1.3166
126	166	0.504066
126	168	1.33341
126	169	0.496963
126	172	1.32826
126	173	1.33766
126	174	0.491177
126	175	0.497944
126	177	1.33947
126	178	1.32898
127	8	0.430695
127	17	1.49275
127	21	1.27782
127	25	1.30191
127	28	1.28831
127	42	1.33026
127	59	1.2289
127	72	1.37346
127	78	1.30468
127	84	1.39798
127	88	1.41151
127	97	0.549003
127	100	0.470091
127	101	1.36574
127	103	0.484984
127	104	1.32294
127	106	0.516524
127	120	0.524953
127	124	0.495163
127	125	1.29068
127	131	1.27686
127	141	1.35099
127	146	1.31683
127	154	0.494865
127	156	0.478795
127	157	0.530314
127	165	1.34325
127	176	0.518077
127	178	0.510611
127	180	1.3252
128	7	1.35497
128	16	0.517475
128	33	1.38975
128	43	1.31654
128	75	1.25311
128	89	1.40252
128	90	0.544878
128	94	0.474815
128	105	0.505529
128	107	0.494773
128	110	1.3189
128	112	1.37395
128	116	1.34391
128	122	1.3915
128	136	1.30698
128	142	1.29879
128	147	1.33153
128	150	0.496009
128	152	1.33804
128	154	0.486089
128	158	0.50278
128	160	0.490998
128	164	0.514146
128	168	1.31579
128	172	1.31064
128	173	1.32004
128	175	0.498757
128	177	1.32185
128	178	1.31136
128	179	0.482954
129	9	1.1724
129	34	1.46691
129	37	1.36838
129	49	1.24998
129	53	1.25043
129	58	1.31858
129	60	1.19862
129	62	0.54109
129	74	1.23589
129	79	1.40747
129	80	1.30088
129	87	1.25124
129	91	1.31808
129	98	1.33298
129	106	0.52484
129	109	1.29525
129	114	1.32056
129	123	0.543631
129	133	1.32738
129	135	0.489457
129	140	1.33233
129	141	1.33025
129	155	0.521356
129	156	0.487111
129	158	0.519873
129	165	0.49951
129	166	0.521972
129	170	0.521746
129	176	0.526393
129	179	1.32239
129	180	0.509311
130	15	1.27002
130	29	1.27576
130	33	0.485823
130	46	0.479947
130	56	1.33496
130	57	0.516253
130	70	0.539893
130	90	1.2659
130	94	1.33416
130	112	0.507876
130	116	0.516149
130	119	0.519123
130	126	0.523695
130	147	0.534375
130	149	1.31955
130	150	1.31552
130	151	1.32117
130	152	0.514571
130	157	1.26335
130	158	1.29401
130	159	1.33427
130	160	1.31785
130	162	1.30076
130	164	1.28365
130	169	1.303
130	174	1.32802
130	175	1.30563
130	176	1.3051
130	177	0.535504
130	179	1.32752
130	180	0.522008
131	17	1.45456
131	21	1.23963
131	24	0.525075
131	25	1.26371
131	28	1.25011
131	42	1.29206
131	51	1.3746
131	59	1.1907
131	68	1.40995
131	74	0.58143
131	78	1.26648
131	84	1.35979
131	88	1.37332
131	94	0.483556
131	101	1.32755
131	104	1.28475
131	106	0.516488
131	111	0.521881
131	113	0.535142
131	125	1.25248
131	127	1.27686
131	141	1.3128
131	144	0.517082
131	146	1.27863
131	158	0.511521
131	165	1.30506
131	166	0.51362
131	174	0.500731
131	175	0.507499
131	179	0.491695
131	180	1.287
132	3	1.40063
132	36	1.28224
132	44	0.484878
132	52	1.31494
132	60	1.25502
132	61	1.26572
132	76	1.36526
132	90	0.543722
132	94	0.473658
132	110	1.35868
132	113	1.3349
132	116	1.38369
132	122	1.43128
132	134	0.500706
132	139	0.493602
132	148	1.35529
132	149	0.4787
132	152	1.37782
132	154	0.484932
132	159	0.47226
132	160	0.489842
132	163	0.479656
132	166	0.503723
132	168	1.35557
132	171	1.33521
132	172	1.35042
132	173	1.35982
132	175	0.497601
132	176	0.508144
132	177	1.36163
132	178	1.35114
132	180	1.36085
133	9	1.22621
133	10	0.589133
133	37	1.4222
133	38	0.482854
133	49	1.30379
133	53	1.30425
133	58	1.3724
133	60	1.25244
133	67	0.51705
133	68	0.398554
133	74	1.28971
133	79	1.46129
133	80	1.35469
133	87	1.30505
133	91	1.37189
133	93	0.4795
133	98	1.38679
133	108	0.498391
133	109	1.34906
133	114	1.37437
133	122	0.466216
133	123	0.525964
133	124	1.35206
133	129	1.32738
133	140	1.38614
133	141	1.38406
133	155	0.503689
133	156	0.469444
133	159	0.472842
133	170	0.504079
133	175	0.498183
133	179	1.3762
134	2	1.36448
134	37	0.463652
134	45	0.501979
134	60	1.22541
134	69	0.515471
134	85	1.28444
134	86	1.28956
134	90	1.28756
134	100	1.36276
134	104	1.32899
134	105	1.3287
134	107	1.33369
134	113	0.533545
134	119	0.496477
134	126	0.501049
134	132	0.500706
134	139	1.32815
134	142	0.527657
134	144	0.515485
134	150	1.33717
134	157	1.285
134	158	1.31567
134	159	1.35593
134	162	1.32241
134	166	1.29946
134	169	1.32465
134	171	0.520752
134	172	0.504897
134	174	1.34968
134	175	1.32728
134	177	0.512858
134	179	1.34917
134	180	0.499362
135	6	1.40103
135	12	1.41476
135	16	1.3426
135	27	1.53348
135	34	0.404607
135	47	1.47205
135	62	0.501643
135	66	1.34167
135	71	1.47651
135	82	1.37133
135	102	1.29923
135	104	1.37215
135	108	1.3677
135	111	0.490785
135	118	1.39019
135	120	0.493821
135	122	0.444436
135	124	1.3682
135	129	0.489457
135	139	0.472404
135	143	1.40474
135	145	1.3885
135	155	0.481909
135	158	0.480426
135	159	0.451062
135	161	1.35661
135	162	0.482501
135	163	1.37369
135	166	1.34262
135	170	1.38306
135	174	0.469636
