1	27	0.838179
1	84	1.05256
1	85	1.06683
1	87	1.1187
1	101	1.11122
1	106	1.04101
1	116	1.02363
1	139	1.05841
1	151	0.966136
1	155	1.99279
1	160	1.90044
1	172	0.994904
2	103	1.09656
2	122	1.02347
2	125	1.07619
2	131	1.07371
2	142	1.04261
2	149	0.926318
2	150	1.06175
2	154	1.06822
2	160	0.944649
2	167	1.71992
2	175	1.8611
2	180	1.37755
3	19	0.974863
3	46	1.02781
3	72	1.03669
3	77	1.02974
3	86	1.16954
3	91	1.07694
3	97	1.04253
3	120	1.4751
3	121	1.0298
3	143	1.35811
3	157	1.68565
3	178	1.42307
4	12	0.967298
4	16	1.09819
4	35	0.575591
4	57	0.929981
4	80	1.0155
4	93	1.04566
4	113	1.15824
4	117	1.06368
4	118	1.00306
4	119	1.05504
4	164	2.57464
4	168	1.57207
5	76	0.95831
5	122	0.909276
5	123	0.995625
5	125	0.962004
5	128	0.943144
5	131	0.959519
5	142	0.928425
5	148	1.45315
5	150	0.947564
5	154	0.954026
5	160	0.830459
5	179	2.78262
6	19	0.845461
6	29	0.931137
6	46	0.898412
6	64	0.938116
6	72	0.907291
6	74	0.988801
6	77	0.90034
6	86	1.04014
6	91	0.947542
6	130	1.2389
6	162	2.0406
6	169	1.97909
7	49	0.679579
7	55	1.07614
7	84	1.06242
7	85	1.07669
7	100	1.04777
7	101	1.12108
7	106	1.05087
7	150	1.2407
7	151	0.97599
7	168	1.35706
7	172	1.00476
7	173	2.53138
8	103	1.14753
8	114	1.11577
8	116	0.815493
8	122	1.07443
8	128	1.1083
8	131	1.12467
8	134	1.02244
8	154	1.11918
8	160	0.995613
8	162	1.56016
8	174	2.17437
9	23	0.985225
9	25	0.941775
9	36	0.904316
9	37	0.929727
9	74	0.836432
9	79	0.90089
9	81	1.07734
9	89	0.95096
9	90	0.872484
9	150	1.55056
9	178	0.855707
9	179	2.84338
10	22	0.741694
10	88	1.10204
10	114	1.06153
10	122	1.02019
10	125	1.07292
10	128	1.05406
10	131	1.07044
10	145	0.885584
10	154	1.06494
10	160	0.941377
10	163	2.37039
10	177	2.12124
11	20	0.689387
11	84	1.10457
11	87	1.1707
11	100	1.08992
11	101	1.16323
11	138	1.24709
11	139	1.11042
11	151	1.01814
11	166	1.63599
11	171	2.06032
11	172	1.04691
12	4	0.967298
12	32	0.946895
12	41	1.01484
12	102	0.880007
12	109	0.909262
12	113	1.02868
12	118	0.873498
12	119	0.925482
12	124	0.936799
12	129	0.93156
12	152	1.73241
12	160	2.43809
13	24	0.976251
13	42	0.936164
13	59	0.960185
13	95	0.953388
13	96	0.967343
13	107	0.969858
13	111	0.949372
13	142	0.914937
13	154	0.940537
13	159	1.96684
13	169	2.24957
13	174	0.808799
14	20	1.01414
14	27	0.984644
14	76	1.08751
14	111	1.38456
14	153	0.787133
14	158	0.820009
14	166	0.814272
14	171	0.79491
14	173	0.792867
14	175	0.794695
14	177	0.792024
14	179	0.778836
15	28	1.11382
15	54	1.05161
15	58	1.05287
15	65	1.02277
15	78	1.06204
15	112	0.709575
15	121	1.06716
15	137	1.3316
15	152	1.15654
15	163	2.62865
15	168	1.04134
15	180	0.984696
16	4	1.09819
16	83	0.785692
16	93	1.047
16	102	1.0109
16	109	1.04016
16	117	1.06502
16	118	1.00439
16	119	1.05638
16	124	1.06769
16	146	1.27333
16	168	1.34318
16	174	2.40113
17	32	0.962695
17	35	1.28114
17	93	0.931905
17	102	0.895807
17	109	0.925062
17	113	1.04448
17	117	0.949925
17	118	0.889298
17	123	1.66708
17	124	0.9526
17	138	0.852534
17	146	2.20777
18	56	1.1523
18	87	1.1074
18	100	1.02662
18	101	1.09993
18	106	1.02972
18	126	0.711196
18	139	1.04712
18	146	0.885942
18	151	0.95484
18	171	2.20122
18	172	0.983609
18	174	2.01374
19	3	0.974863
19	6	0.845461
19	40	0.936395
19	63	0.934204
19	72	0.908946
19	86	1.04179
19	91	0.949198
19	97	0.914779
19	120	1.44137
19	121	0.902055
19	158	2.13093
19	161	1.75748
20	11	0.689387
20	14	1.01414
20	87	0.919176
20	124	0.826564
20	162	0.963887
20	163	0.916061
20	165	0.924049
20	170	0.92472
20	173	0.906528
20	176	0.936408
20	177	0.905685
20	179	0.892497
21	31	0.564585
21	79	0.395041
21	89	0.370865
21	93	0.386684
21	152	1.12802
21	153	0.978236
21	164	0.99285
21	166	1.00537
21	169	1.03114
21	175	0.985797
21	176	1.01385
21	177	0.983126
21	179	0.969938
22	10	0.741694
22	56	0.414986
22	98	0.398759
22	99	0.766357
22	145	1.13883
22	149	1.11284
22	169	1.01266
22	170	0.98368
22	171	0.967531
22	173	0.965488
22	175	0.967316
22	176	0.995368
22	179	0.951457
23	9	0.985225
23	43	1.04997
23	61	0.660556
23	70	1.04735
23	79	1.04225
23	81	1.2187
23	90	1.01384
23	115	1.02857
23	158	2.03031
23	168	1.13562
23	170	1.94342
23	178	0.997066
24	13	0.976251
24	71	1.03282
24	92	0.991238
24	95	1.03809
24	98	1.02554
24	104	1.06833
24	107	1.05456
24	151	1.65029
24	154	1.02524
24	169	1.2098
24	171	2.07301
24	174	0.893504
24	180	1.24292
25	9	0.941775
25	43	1.00652
25	48	0.999074
25	79	0.998799
25	81	1.17525
25	89	1.04887
25	90	0.970393
25	115	0.985117
25	135	0.812608
25	143	1.22532
25	151	1.95991
25	177	2.23036
25	178	0.953616
26	27	1.46493
26	68	1.59077
26	92	0.87877
26	94	0.934524
26	96	0.939579
26	98	0.91307
26	99	0.906946
26	104	0.955858
26	107	0.942094
26	111	0.921608
26	154	0.912774
26	174	0.781036
26	180	2.36665
27	1	0.838179
27	14	0.984644
27	26	1.46493
27	33	1.07039
27	147	0.984829
27	166	0.898434
27	169	0.924198
27	170	0.895221
27	173	0.877029
27	175	0.878857
27	176	0.906908
27	177	0.876186
27	179	0.862998
28	15	1.11382
28	47	1.15292
28	51	0.9941
28	54	0.988106
28	65	0.959269
28	78	0.998539
28	121	1.00366
28	132	0.827408
28	162	1.63431
28	168	0.977838
28	173	2.36488
28	178	1.34366
28	180	0.921193
29	6	0.931137
29	63	1.01988
29	64	1.02545
29	77	0.98767
29	86	1.12747
29	91	1.03487
29	97	1.00045
29	115	0.974509
29	116	0.899469
29	121	0.98773
29	138	1.6326
29	156	1.92983
29	161	1.72163
30	56	1.07517
30	61	1.24475
30	73	1.00382
30	93	0.999728
30	109	0.992885
30	113	1.11231
30	118	0.957121
30	124	1.02042
30	129	1.01518
30	138	0.920357
30	139	1.40867
30	145	1.57732
30	159	1.81931
31	21	0.564585
31	53	0.988737
31	61	1.16554
31	94	1.04519
31	98	1.02373
31	99	1.01761
31	104	1.06652
31	111	1.03227
31	126	1.39601
31	142	0.997835
31	154	1.02344
31	167	2.39831
31	174	0.891697
32	12	0.946895
32	17	0.962695
32	56	1.1007
32	57	0.945264
32	93	1.02526
32	102	0.989162
32	117	1.04328
32	119	1.03464
32	124	1.04595
32	138	0.94589
32	139	1.27622
32	147	1.79806
32	169	1.96959
33	27	1.07039
33	55	1.02845
33	84	1.01473
33	85	1.029
33	87	1.08086
33	100	1.00008
33	101	1.07339
33	106	1.00318
33	140	1.6199
33	150	1.44041
33	151	0.928303
33	152	1.42698
33	172	0.957071
34	68	0.949818
34	73	1.01731
34	102	0.977118
34	109	1.00637
34	113	1.12579
34	118	0.97061
34	119	1.02259
34	124	1.03391
34	126	1.00162
34	151	1.41921
34	167	1.35421
34	173	1.77081
34	177	1.68966
35	4	0.575591
35	17	1.28114
35	40	0.635035
35	64	0.35316
35	161	1.04628
35	166	1.0101
35	167	1.02663
35	169	1.03587
35	171	0.990742
35	175	0.990527
35	176	1.01858
35	177	0.987856
35	179	0.974668
36	9	0.904316
36	37	0.990177
36	38	0.963034
36	48	0.961615
36	66	1.01735
36	79	0.96134
36	81	1.13779
36	89	1.01141
36	90	0.932934
36	132	1.25852
36	143	1.70982
36	148	1.46867
36	169	2.00391
36	178	0.916157
37	9	0.929727
37	36	0.990177
37	38	0.988445
37	43	0.994473
37	70	0.991851
37	79	0.986751
37	89	1.03682
37	90	0.958345
37	115	0.973069
37	136	0.916234
37	146	1.0959
37	164	2.16832
37	177	2.25892
37	178	0.941568
38	36	0.963034
38	37	0.988445
38	48	0.959883
38	70	0.964707
38	79	0.959607
38	81	1.13606
38	89	1.00968
38	90	0.931202
38	115	0.945926
38	143	1.20238
38	148	0.961235
38	150	0.997889
38	153	3.31002
38	178	0.914425
39	62	1.13377
39	67	1.13566
39	114	1.09981
39	116	0.581693
39	122	1.05847
39	125	1.1112
39	128	1.09234
39	131	1.10872
39	134	0.788645
39	142	1.07762
39	155	1.55085
39	160	0.979657
39	173	2.05693
39	179	2.05908
40	19	0.936395
40	35	0.635035
40	58	0.977041
40	64	1.02905
40	65	0.946945
40	78	0.986215
40	91	1.03848
40	97	1.00406
40	108	0.86165
40	121	0.991332
40	147	1.84222
40	168	0.965514
40	170	2.43933
40	180	0.90887
41	12	1.01484
41	65	1.04538
41	113	0.103289
41	128	0.407229
41	152	1.09576
41	153	0.945983
41	161	1.0093
41	167	0.989652
41	170	0.969908
41	171	0.95376
41	173	0.951716
41	176	0.981596
41	177	0.950873
41	179	0.937685
42	13	0.936164
42	71	0.992735
42	94	1.0069
42	96	1.01196
42	98	0.98545
42	99	0.979327
42	104	1.02824
42	107	1.01448
42	123	0.640797
42	154	0.985154
42	158	2.14603
42	160	1.82722
42	161	1.77258
42	174	0.853416
43	23	1.04997
43	25	1.00652
43	37	0.994473
43	48	0.965911
43	70	0.970735
43	79	0.965635
43	89	1.01571
43	90	0.93723
43	108	0.786271
43	115	0.951954
43	134	1.46216
43	146	1.48629
43	165	2.60353
43	178	0.920452
44	45	0.23608
44	65	0.99024
44	88	0.424342
44	125	0.320524
44	149	1.09044
44	156	0.989554
44	157	1.02111
44	169	0.99026
44	170	0.961283
44	171	0.945134
44	173	0.943091
44	175	0.944919
44	176	0.97297
44	179	0.92906
45	44	0.23608
45	103	1.02395
45	114	0.992191
45	122	0.950855
45	125	1.00358
45	128	0.984722
45	131	1.0011
45	142	0.970004
45	150	0.989142
45	151	1.96131
45	154	0.995604
45	157	1.55426
45	160	0.872038
45	174	2.19654
46	3	1.02781
46	6	0.898412
46	63	0.987154
46	72	0.961896
46	77	0.954945
46	86	1.09474
46	91	1.00215
46	97	0.96773
46	112	1.0273
46	115	0.941784
46	116	1.30313
46	121	0.955005
46	139	1.29292
46	179	2.78052
47	28	1.15292
47	51	1.0967
47	54	1.09071
47	58	1.09196
47	65	1.06187
47	78	1.10114
47	121	1.10626
47	148	0.632726
47	159	0.885242
47	160	1.36162
47	163	2.12806
47	168	1.08044
47	179	1.9622
47	180	1.02379
48	25	0.999074
48	36	0.961615
48	38	0.959883
48	43	0.965911
48	57	1.08436
48	70	0.963288
48	81	1.13464
48	89	1.00826
48	90	0.929783
48	115	0.944507
48	133	1.33619
48	144	1.83557
48	172	2.03838
48	178	0.913006
49	7	0.679579
49	73	0.772472
49	115	0.803042
49	125	0.545547
49	133	1.14878
49	156	0.963781
49	158	0.944459
49	163	0.92685
49	165	0.934838
49	169	0.964486
49	173	0.917317
49	175	0.919145
49	176	0.947196
49	177	0.916474
49	179	0.903286
50	60	0.636334
50	100	1.04689
50	106	1.04999
50	114	1.09125
50	125	1.10265
50	128	1.08379
50	131	1.10016
50	139	1.06739
50	141	1.50247
50	151	0.975115
50	160	0.971101
50	168	1.28101
50	169	1.66324
50	172	1.00388
50	175	2.1799
51	28	0.9941
51	47	1.0967
51	54	0.931887
51	58	0.933145
51	65	0.90305
51	66	1.00391
51	74	1.14349
51	78	0.94232
51	82	0.969918
51	121	0.947437
51	123	1.36343
51	126	1.72938
51	138	2.40618
51	168	0.921619
51	180	0.864974
52	69	1.09404
52	76	1.06813
52	114	1.06043
52	122	1.0191
52	125	1.07182
52	128	1.05296
52	131	1.06934
52	137	0.939756
52	150	1.05738
52	152	0.764694
52	154	1.06385
52	155	1.56272
52	160	0.940279
52	164	1.89706
52	171	2.13992
53	31	0.988737
53	71	0.962411
53	82	0.961043
53	98	0.955126
53	104	0.997915
53	107	0.984151
53	111	0.963665
53	126	1.36754
53	129	0.972756
53	130	1.25417
53	142	0.92923
53	144	1.72125
53	154	0.95483
53	156	2.34157
53	174	0.823092
54	15	1.05161
54	28	0.988106
54	47	1.09071
54	51	0.931887
54	58	0.927151
54	65	0.897056
54	78	0.936326
54	82	0.963923
54	121	0.941443
54	127	1.30095
54	139	1.48499
54	148	1.64311
54	168	0.915625
54	176	2.26482
54	180	0.85898
55	7	1.07614
55	33	1.02845
55	83	1.27093
55	84	0.937
55	85	0.951268
55	87	1.00313
55	100	0.922352
55	101	0.99566
55	106	0.925448
55	139	0.942851
55	148	1.6754
55	151	0.850572
55	159	1.92791
55	168	1.82841
55	172	0.87934
56	18	1.1523
56	22	0.414986
56	30	1.07517
56	32	1.1007
56	100	1.01967
56	106	1.02276
56	110	1.69615
56	118	1.0273
56	119	1.07929
56	124	1.0906
56	133	0.975644
56	151	0.947886
56	152	1.23611
56	164	2.36848
56	172	0.976654
57	4	0.929981
57	32	0.945264
57	48	1.08436
57	121	1.0374
57	152	1.06597
57	156	0.96839
57	162	0.979286
57	163	0.93146
57	164	0.930807
57	165	0.939448
57	169	0.969096
57	170	0.940119
57	171	0.92397
57	175	0.923754
57	179	0.907895
58	15	1.05287
58	40	0.977041
58	47	1.09196
58	51	0.933145
58	54	0.927151
58	65	0.898314
58	78	0.937584
58	82	0.965181
58	121	0.942701
58	141	1.32012
58	157	1.51433
58	164	2.10122
58	167	1.85637
58	168	0.916883
58	180	0.860238
59	13	0.960185
59	80	0.462476
59	110	1.01272
59	119	0.741207
59	121	0.772341
59	140	1.0286
59	156	0.962887
59	158	0.943565
59	161	0.974005
59	167	0.954359
59	170	0.934615
59	175	0.918251
59	176	0.946303
59	177	0.91558
59	179	0.902392
60	50	0.636334
60	82	0.959907
60	94	0.689053
60	123	1.13394
60	142	0.5392
60	158	0.940957
60	161	0.971396
60	164	0.922696
60	166	0.935221
60	169	0.960984
60	170	0.932007
60	173	0.913815
60	175	0.915643
60	176	0.943694
60	177	0.912972
61	23	0.660556
61	30	1.24475
61	31	1.16554
61	77	1.18064
61	136	1.07422
61	151	0.921969
61	159	0.993499
61	161	0.946964
61	162	0.946742
61	167	0.927318
61	170	0.907575
61	171	0.891426
61	175	0.89121
61	176	0.919262
61	177	0.888539
61	179	0.875351
62	39	1.13377
62	67	1.05251
62	103	1.04842
62	114	1.01666
62	122	0.975322
62	128	1.00919
62	131	1.02557
62	132	0.742553
62	142	0.994471
62	150	1.01361
62	154	1.02007
62	155	1.77394
62	160	0.896505
62	161	1.62695
62	170	1.91352
62	176	1.57441
63	19	0.934204
63	29	1.01988
63	46	0.987154
63	64	1.02686
63	72	0.996033
63	74	1.07754
63	77	0.989082
63	86	1.12888
63	91	1.03628
63	97	1.00187
63	115	0.97592
63	135	1.19046
63	136	1.26553
63	162	1.95878
63	168	1.51504
63	178	1.66813
64	6	0.938116
64	29	1.02545
64	35	0.35316
64	40	1.02905
64	63	1.02686
64	72	1.0016
64	77	0.99465
64	86	1.13444
64	91	1.04185
64	97	1.00743
64	115	0.981488
64	121	0.994709
64	152	1.21985
64	159	1.44914
64	175	2.24854
64	180	1.76499
65	15	1.02277
65	28	0.959269
65	40	0.946945
65	41	1.04538
65	44	0.99024
65	47	1.06187
65	51	0.90305
65	54	0.897056
65	58	0.898314
65	66	0.96908
65	78	0.907488
65	105	1.62709
65	110	2.22299
65	121	0.912605
65	168	0.886787
65	180	0.830143
66	36	1.01735
66	51	1.00391
66	65	0.96908
66	70	1.01903
66	78	1.00835
66	79	1.01393
66	81	1.19038
66	89	1.064
66	127	0.740372
66	143	1.32369
66	156	1.96498
66	168	0.987649
66	170	2.04336
66	172	1.54748
66	178	0.968745
66	180	0.931004
67	39	1.13566
67	62	1.05251
67	114	1.01856
67	122	0.97722
67	125	1.02995
67	128	1.01109
67	131	1.02746
67	134	0.994035
67	136	0.838496
67	142	0.996369
67	150	1.01551
67	154	1.02197
67	160	0.898403
67	164	2.09058
67	165	2.1354
67	176	1.55671
68	26	1.59077
68	34	0.949818
68	75	0.934366
68	105	0.953917
68	117	0.949091
68	118	0.888465
68	121	1.31896
68	138	0.851701
68	142	0.823336
68	146	0.921943
68	156	0.822926
68	162	0.833821
68	171	0.778505
68	173	0.776462
68	177	0.775619
68	179	0.762431
69	52	1.09404
69	76	1.02401
69	88	1.05682
69	103	1.04807
69	114	1.01631
69	122	0.974973
69	125	1.0277
69	128	1.00884
69	131	1.02522
69	137	1.41354
69	144	1.47738
69	152	1.23848
69	154	1.01972
69	155	2.0365
69	160	0.896156
69	168	1.36827
70	23	1.04735
70	37	0.991851
70	38	0.964707
70	43	0.970735
70	48	0.963288
70	66	1.01903
70	79	0.963013
70	81	1.13946
70	89	1.01308
70	90	0.934608
70	108	0.819345
70	115	0.949331
70	127	1.09404
70	136	1.3397
70	175	2.48811
70	176	2.05791
70	178	0.91783
71	24	1.03282
71	42	0.992735
71	53	0.962411
71	92	0.963105
71	94	1.01886
71	95	1.00996
71	96	1.02391
71	98	0.997405
71	107	1.02643
71	111	1.00594
71	123	0.82112
71	150	1.3153
71	154	0.997109
71	157	1.84734
71	174	0.86537
71	175	2.33056
71	178	1.58476
72	3	1.03669
72	6	0.907291
72	19	0.908946
72	46	0.961896
72	63	0.996033
72	64	1.0016
72	74	1.05229
72	77	0.963824
72	86	1.10362
72	91	1.01103
72	97	0.976608
72	115	0.950662
72	150	1.20951
72	161	1.84711
72	172	1.6378
72	178	1.47897
72	180	1.74122
73	30	1.00382
73	34	1.01731
73	49	0.772472
73	75	1.00186
73	102	0.962463
73	109	0.991719
73	116	1.14903
73	117	1.01658
73	118	0.955955
73	119	1.00794
73	124	1.01926
73	126	0.986964
73	129	1.01402
73	134	1.35598
73	138	0.91919
73	174	2.50791
73	178	1.60305
74	6	0.988801
74	9	0.836432
74	51	1.14349
74	63	1.07754
74	72	1.05229
74	77	1.04534
74	97	1.05812
74	119	0.817877
74	121	1.04539
74	128	0.424109
74	154	0.248952
74	155	0.971447
74	161	0.967105
74	173	0.909524
74	177	0.908681
74	179	0.895493
74	180	0.962932
75	68	0.934366
75	73	1.00186
75	80	0.9676
75	102	0.961667
75	109	0.990922
75	113	1.11034
75	117	1.01578
75	118	0.955158
75	119	1.00714
75	124	1.01846
75	129	1.01322
75	135	1.07262
75	138	0.918394
75	159	1.4967
75	160	1.97308
75	178	1.5503
75	180	1.81255
76	5	0.95831
76	14	1.08751
76	52	1.06813
76	69	1.02401
76	88	1.03091
76	103	1.02216
76	110	1.31178
76	122	0.949063
76	125	1.00179
76	128	0.98293
76	131	0.999306
76	150	0.987351
76	154	0.993812
76	157	1.39721
76	160	0.870246
76	169	1.36376
76	179	2.15799
77	3	1.02974
77	6	0.90034
77	29	0.98767
77	46	0.954945
77	61	1.18064
77	63	0.989082
77	64	0.99465
77	72	0.963824
77	74	1.04534
77	86	1.09667
77	91	1.00408
77	97	0.969658
77	115	0.943712
77	134	1.56172
77	139	1.34456
77	143	1.74383
77	148	1.50268
78	15	1.06204
78	28	0.998539
78	40	0.986215
78	47	1.10114
78	51	0.94232
78	54	0.936326
78	58	0.937584
78	65	0.907488
78	66	1.00835
78	82	0.974356
78	83	1.00579
78	112	0.98651
78	121	0.951875
78	149	1.52738
78	157	1.97894
78	168	0.926057
78	173	2.73758
78	180	0.869413
79	9	0.90089
79	21	0.395041
79	23	1.04225
79	25	0.998799
79	36	0.96134
79	37	0.986751
79	38	0.959607
79	43	0.965635
79	66	1.01393
79	70	0.963013
79	89	1.00798
79	90	0.929508
79	115	0.944232
79	152	1.34126
79	165	2.51844
79	168	1.47106
79	178	0.91273
79	180	1.8864
80	4	1.0155
80	59	0.462476
80	75	0.9676
80	93	0.964305
80	102	0.928207
80	105	1.10397
80	109	0.957462
80	113	1.07688
80	117	0.982325
80	118	0.921698
80	119	0.973682
80	124	0.984999
80	126	0.952708
80	129	0.97976
80	138	0.884934
80	140	1.43276
80	166	2.19073
80	177	2.4628
81	9	1.07734
81	23	1.2187
81	25	1.17525
81	36	1.13779
81	38	1.13606
81	48	1.13464
81	66	1.19038
81	70	1.13946
81	89	1.18443
81	90	1.10596
81	108	0.813498
81	120	1.05645
81	156	1.58076
81	159	0.950824
81	165	1.89871
81	176	1.32002
81	178	1.08918
81	179	2.02778
82	51	0.969918
82	53	0.961043
82	54	0.963923
82	58	0.965181
82	60	0.959907
82	78	0.974356
82	92	0.961737
82	94	1.01749
82	96	1.02255
82	104	1.03883
82	111	1.00458
82	127	1.1094
82	146	1.53473
82	150	1.48822
82	158	2.49927
82	168	0.953655
82	174	0.864003
82	180	0.89701
83	16	0.785692
83	55	1.27093
83	78	1.00579
83	117	0.621459
83	131	0.588709
83	149	1.08277
83	157	1.01344
83	162	0.992778
83	163	0.944952
83	167	0.973354
83	170	0.953611
83	171	0.937462
83	173	0.935419
83	175	0.937246
83	176	0.965298
83	177	0.934575
83	179	0.921387
83	180	0.988826
84	1	1.05256
84	7	1.06242
84	11	1.10457
84	33	1.01473
84	55	0.937
84	85	0.937547
84	87	0.989411
84	100	0.908631
84	101	0.981939
84	106	0.911727
84	112	1.00399
84	141	1.10208
84	151	0.836852
84	172	0.86562
84	173	2.05493
84	175	1.77952
84	176	1.34932
84	177	1.97379
85	1	1.06683
85	7	1.07669
85	33	1.029
85	55	0.951268
85	84	0.937547
85	87	1.00368
85	100	0.922899
85	101	0.996207
85	106	0.925995
85	112	1.01826
85	139	0.943398
85	140	1.48106
85	151	0.851119
85	152	1.28814
85	155	2.08616
85	157	1.83361
85	159	1.51743
85	172	0.879887
86	3	1.16954
86	6	1.04014
86	19	1.04179
86	29	1.12747
86	46	1.09474
86	63	1.12888
86	64	1.13444
86	72	1.10362
86	77	1.09667
86	91	1.14387
86	97	1.10945
86	116	0.791707
86	121	1.09673
86	135	0.768054
86	138	1.52483
86	149	1.05674
86	162	1.53637
86	163	2.43495
86	176	1.56133
87	1	1.1187
87	11	1.1707
87	18	1.1074
87	20	0.919176
87	33	1.08086
87	55	1.00313
87	84	0.989411
87	85	1.00368
87	100	0.974763
87	101	1.04807
87	106	0.977859
87	136	0.795167
87	138	1.47688
87	139	0.995262
87	151	0.902983
87	160	1.62056
87	161	1.56592
87	172	0.931752
87	177	2.13785
88	10	1.10204
88	44	0.424342
88	69	1.05682
88	76	1.03091
88	103	1.05497
88	114	1.02321
88	122	0.981877
88	125	1.0346
88	128	1.01574
88	131	1.03212
88	142	1.00103
88	143	1.41499
88	150	1.02017
88	154	1.02663
88	155	1.99508
88	159	1.42635
88	160	0.903061
88	176	1.79555
88	178	1.47994
89	9	0.95096
89	21	0.370865
89	25	1.04887
89	36	1.01141
89	37	1.03682
89	38	1.00968
89	43	1.01571
89	48	1.00826
89	66	1.064
89	70	1.01308
89	79	1.00798
89	81	1.18443
89	90	0.979578
89	137	1.49215
89	145	1.30439
89	146	1.37703
89	147	1.65758
89	166	2.26797
89	178	0.962801
90	9	0.872484
90	23	1.01384
90	25	0.970393
90	36	0.932934
90	37	0.958345
90	38	0.931202
90	43	0.93723
90	48	0.929783
90	70	0.934608
90	79	0.929508
90	81	1.10596
90	89	0.979578
90	115	0.915826
90	132	1.20553
90	135	1.24411
90	145	1.4262
90	162	2.01243
90	174	2.62664
90	178	0.884325
91	3	1.07694
91	6	0.947542
91	19	0.949198
91	29	1.03487
91	40	1.03848
91	46	1.00215
91	63	1.03628
91	64	1.04185
91	72	1.01103
91	77	1.00408
91	86	1.14387
91	97	1.01686
91	115	0.990914
91	126	1.27632
91	127	1.02573
91	139	1.20977
91	144	1.63002
91	162	1.96465
91	172	1.83283
92	24	0.991238
92	26	0.87877
92	71	0.963105
92	82	0.961737
92	94	0.977274
92	95	0.968375
92	96	0.98233
92	98	0.95582
92	99	0.949696
92	105	1.23627
92	107	0.984845
92	111	0.964359
92	142	0.929924
92	145	1.35945
92	154	0.955524
92	160	2.07781
92	172	1.81386
92	174	0.823786
92	176	1.97063
93	4	1.04566
93	16	1.047
93	17	0.931905
93	21	0.386684
93	30	0.999728
93	32	1.02526
93	80	0.964305
93	109	0.987627
93	113	1.10705
93	117	1.01249
93	118	0.951863
93	119	1.00385
93	124	1.01516
93	126	0.982873
93	135	1.13812
93	137	1.50797
93	138	0.915099
93	141	1.68416
93	151	2.28542
93	169	1.84493
94	26	0.934524
94	31	1.04519
94	42	1.0069
94	60	0.689053
94	71	1.01886
94	82	1.01749
94	92	0.977274
94	95	1.02413
94	98	1.01157
94	99	1.00545
94	107	1.0406
94	129	1.0292
94	142	0.985678
94	143	1.42186
94	145	1.19124
94	149	1.29784
94	154	1.01128
94	155	2.00195
94	174	0.87954
94	175	2.23262
95	13	0.953388
95	24	1.03809
95	71	1.00996
95	92	0.968375
95	94	1.02413
95	96	1.02918
95	99	0.996551
95	104	1.04546
95	107	1.0317
95	111	1.01121
95	123	1.1724
95	129	1.0203
95	132	1.41978
95	133	1.39268
95	135	1.45836
95	142	0.976779
95	148	1.62993
95	154	1.00238
95	174	0.870641
95	176	2.25164
96	13	0.967343
96	26	0.939579
96	42	1.01196
96	71	1.02391
96	82	1.02255
96	92	0.98233
96	95	1.02918
96	98	1.01663
96	99	1.01051
96	104	1.05942
96	111	1.02517
96	126	1.12531
96	133	0.97964
96	140	1.43303
96	142	0.990733
96	154	1.01633
96	160	1.94579
96	165	2.41729
96	168	1.3699
96	174	0.884596
97	3	1.04253
97	19	0.914779
97	29	1.00045
97	40	1.00406
97	46	0.96773
97	63	1.00187
97	64	1.00743
97	72	0.976608
97	74	1.05812
97	77	0.969658
97	86	1.10945
97	91	1.01686
97	105	1.02213
97	115	0.956496
97	121	0.969717
97	135	0.96321
97	141	1.50925
97	147	1.49849
97	156	2.01722
97	177	2.38096
98	22	0.398759
98	24	1.02554
98	26	0.91307
98	31	1.02373
98	42	0.98545
98	53	0.955126
98	71	0.997405
98	92	0.95582
98	94	1.01157
98	96	1.01663
98	99	0.983996
98	111	0.998659
98	129	1.00775
98	139	1.03854
98	142	0.964224
98	145	1.20719
98	154	0.989824
98	173	2.52399
98	174	0.858086
98	177	2.44285
98	178	1.50277
99	22	0.766357
99	26	0.906946
99	31	1.01761
99	42	0.979327
99	92	0.949696
99	94	1.00545
99	95	0.996551
99	96	1.01051
99	98	0.983996
99	104	1.02678
99	107	1.01302
99	111	0.992535
99	127	1.2221
99	129	1.00163
99	130	1.35932
99	136	1.46776
99	142	0.9581
99	154	0.9837
99	161	2.23851
99	172	2.0292
99	174	0.851962
100	7	1.04777
100	11	1.08992
100	18	1.02662
100	33	1.00008
100	50	1.04689
100	55	0.922352
100	56	1.01967
100	84	0.908631
100	85	0.922899
100	87	0.974763
100	101	0.967291
100	106	0.897079
100	108	0.81127
100	112	0.989343
100	123	0.970595
100	139	0.914482
100	141	1.8026
100	144	1.69025
100	151	0.822203
100	158	2.47583
100	172	0.850972
100	176	2.04984
101	1	1.11122
101	7	1.12108
101	11	1.16323
101	18	1.09993
101	33	1.07339
101	55	0.99566
101	84	0.981939
101	85	0.996207
101	87	1.04807
101	100	0.967291
101	106	0.970387
101	112	1.06265
101	120	1.11017
101	139	0.98779
101	150	0.788676
101	151	0.895511
101	157	1.32071
101	167	1.66275
101	170	1.71284
101	172	0.92428
101	173	2.07935
101	174	1.96299
102	12	0.880007
102	16	1.0109
102	17	0.895807
102	32	0.989162
102	34	0.977118
102	73	0.962463
102	75	0.961667
102	80	0.928207
102	109	0.951529
102	113	1.07095
102	117	0.976392
102	118	0.915765
102	119	0.967749
102	120	1.21916
102	124	0.979066
102	126	0.946775
102	129	0.973827
102	151	1.83675
102	156	1.74346
102	164	2.0166
102	170	1.82184
102	180	1.42938
103	2	1.09656
103	8	1.14753
103	45	1.02395
103	62	1.04842
103	69	1.04807
103	76	1.02216
103	88	1.05497
103	122	0.973125
103	125	1.02585
103	128	1.00699
103	131	1.02337
103	134	0.96383
103	141	1.27927
103	142	0.992274
103	147	1.26851
103	150	1.01141
103	151	1.88052
103	154	1.01787
103	160	0.894308
103	165	2.10519
103	166	1.8789
103	178	1.2109
104	24	1.06833
104	26	0.955858
104	31	1.06652
104	42	1.02824
104	53	0.997915
104	82	1.03883
104	95	1.04546
104	96	1.05942
104	99	1.02678
104	107	1.06193
104	111	1.04145
104	129	1.05054
104	133	0.689723
104	142	1.00701
104	145	0.937499
104	149	1.0441
104	154	1.03261
104	163	2.4223
104	166	1.90108
104	171	2.32542
104	174	0.900874
104	178	1.23308
105	65	1.62709
105	68	0.953917
105	80	1.10397
105	92	1.23627
105	97	1.02213
105	107	1.02696
105	137	1.0014
105	152	1.00675
105	157	0.940728
105	161	0.920288
105	162	0.920065
105	163	0.872239
105	164	0.871587
105	166	0.884112
105	167	0.900642
105	169	0.909876
105	171	0.86475
105	173	0.862706
105	175	0.864534
105	176	0.892586
105	177	0.861863
105	179	0.848675
106	1	1.04101
106	7	1.05087
106	18	1.02972
106	33	1.00318
106	50	1.04999
106	55	0.925448
106	56	1.02276
106	84	0.911727
106	85	0.925995
106	87	0.977859
106	100	0.897079
106	101	0.970387
106	112	0.992439
106	133	1.04223
106	139	0.917578
106	146	1.36265
106	151	0.825299
106	159	1.53199
106	166	2.25358
106	167	2.19021
106	172	0.854067
106	178	1.58558
107	13	0.969858
107	24	1.05456
107	26	0.942094
107	42	1.01448
107	53	0.984151
107	71	1.02643
107	92	0.984845
107	94	1.0406
107	95	1.0317
107	99	1.01302
107	104	1.06193
107	105	1.02696
107	111	1.02768
107	120	1.49775
107	129	1.03677
107	132	0.929464
107	137	1.33789
107	142	0.993248
107	149	1.25673
107	154	1.01885
107	170	2.10043
107	174	0.887111
107	175	2.19152
108	40	0.86165
108	43	0.786271
108	70	0.819345
108	81	0.813498
108	100	0.81127
108	119	0.878494
108	121	0.909629
108	140	1.08429
108	157	1.05014
108	162	1.02948
108	164	0.980998
108	165	0.989638
108	166	0.993523
108	169	1.01929
108	170	0.990309
108	171	0.97416
108	173	0.972117
108	175	0.973945
108	176	1.002
108	177	0.971274
108	178	1.06327
108	179	0.958086
108	180	1.02552
109	12	0.909262
109	16	1.04016
109	17	0.925062
109	30	0.992885
109	34	1.00637
109	73	0.991719
109	75	0.990922
109	80	0.957462
109	93	0.987627
109	102	0.951529
109	113	1.10021
109	117	1.00565
109	118	0.945021
109	119	0.997005
109	124	1.00832
109	126	0.976031
109	129	1.00308
109	134	0.890557
109	147	1.19523
109	148	0.831518
109	153	3.1803
109	157	1.40021
109	170	1.79234
109	175	1.88343
110	56	1.69615
110	59	1.01272
110	65	2.22299
110	76	1.31178
110	130	0.963343
110	137	0.920242
110	143	0.901186
110	152	0.925591
110	154	1.40968
110	158	0.808686
110	161	0.839125
110	162	0.838903
110	164	0.790425
110	166	0.80295
110	169	0.828714
110	170	0.799736
110	171	0.783587
110	172	0.842899
110	173	0.781544
110	174	0.801944
110	175	0.783372
110	176	0.811424
110	177	0.780701
110	179	0.767513
111	13	0.949372
111	14	1.38456
111	26	0.921608
111	31	1.03227
111	53	0.963665
111	71	1.00594
111	82	1.00458
111	92	0.964359
111	95	1.01121
111	96	1.02517
111	98	0.998659
111	99	0.992535
111	104	1.04145
111	107	1.02768
111	129	1.01629
111	135	0.954008
111	141	1.50005
111	142	0.972762
111	152	1.14879
111	154	0.998363
111	159	1.37809
111	171	2.52402
111	174	0.866625
111	180	1.69393
112	15	0.709575
112	46	1.0273
112	78	0.98651
112	84	1.00399
112	85	1.01826
112	100	0.989343
112	101	1.06265
112	106	0.992439
112	115	0.903768
112	118	0.942037
112	129	0.662258
112	139	1.00984
112	140	0.997149
112	151	0.917563
112	163	0.89451
112	164	0.893857
112	170	0.903169
112	171	0.88702
112	172	0.946331
112	173	0.884977
112	175	0.886805
112	176	0.914856
112	177	0.884134
113	4	1.15824
113	12	1.02868
113	17	1.04448
113	30	1.11231
113	34	1.12579
113	41	0.103289
113	75	1.11034
113	80	1.07688
113	93	1.10705
113	102	1.07095
113	109	1.10021
113	117	1.12507
113	118	1.06444
113	119	1.11643
113	124	1.12774
113	126	1.09545
113	138	1.02768
113	149	0.914767
113	150	0.834295
113	153	3.14642
113	159	1.05016
113	166	1.77175
113	167	1.70837
113	176	1.41935
113	178	1.10375
114	8	1.11577
114	10	1.06153
114	39	1.09981
114	45	0.992191
114	50	1.09125
114	52	1.06043
114	62	1.01666
114	67	1.01856
114	69	1.01631
114	88	1.02321
114	122	0.941366
114	125	0.994094
114	128	0.975234
114	131	0.991609
114	137	1.093
114	140	1.11086
114	142	0.960515
114	145	0.905248
114	150	0.979654
114	154	0.986116
114	158	1.94242
114	160	0.862549
114	161	1.56897
114	165	2.09512
114	169	1.42996
114	177	2.1409
115	23	1.02857
115	25	0.985117
115	29	0.974509
115	37	0.973069
115	38	0.945926
115	43	0.951954
115	46	0.941784
115	48	0.944507
115	49	0.803042
115	63	0.97592
115	64	0.981488
115	70	0.949331
115	72	0.950662
115	77	0.943712
115	79	0.944232
115	90	0.915826
115	91	0.990914
115	97	0.956496
115	112	0.903768
115	121	0.943771
115	127	0.985349
115	132	1.11737
115	138	1.91273
115	158	2.37522
115	164	2.4831
115	178	0.899049
116	1	1.02363
116	8	0.815493
116	29	0.899469
116	39	0.581693
116	46	1.30313
116	73	1.14903
116	86	0.791707
116	124	0.651142
116	140	1.06662
116	145	1.12779
116	147	1.06224
116	149	1.10179
116	158	0.981587
116	159	1.05856
116	162	1.0118
116	166	0.97585
116	167	0.992381
116	169	1.00161
116	170	0.972637
116	173	0.954445
116	175	0.956273
116	176	0.984324
116	177	0.953602
116	178	1.04559
116	179	0.940414
116	180	1.00785
117	4	1.06368
117	16	1.06502
117	17	0.949925
117	32	1.04328
117	68	0.949091
117	73	1.01658
117	75	1.01578
117	80	0.982325
117	83	0.621459
117	93	1.01249
117	102	0.976392
117	109	1.00565
117	113	1.12507
117	118	0.969883
117	119	1.02187
117	124	1.03318
117	126	1.00089
117	129	1.02794
117	130	0.82098
117	138	0.933119
117	144	1.28805
117	161	1.70018
117	163	2.52126
117	165	2.22633
117	168	1.17894
117	178	1.33204
118	4	1.00306
118	12	0.873498
118	16	1.00439
118	17	0.889298
118	30	0.957121
118	34	0.97061
118	56	1.0273
118	68	0.888465
118	73	0.955955
118	75	0.955158
118	80	0.921698
118	93	0.951863
118	102	0.915765
118	109	0.945021
118	112	0.942037
118	113	1.06444
118	117	0.969883
118	119	0.961241
118	124	0.972558
118	129	0.967318
118	139	1.20766
118	149	1.48291
118	150	1.40244
118	166	2.33989
118	172	1.83072
118	180	1.93414
119	4	1.05504
119	12	0.925482
119	16	1.05638
119	32	1.03464
119	34	1.02259
119	56	1.07929
119	59	0.741207
119	73	1.00794
119	74	0.817877
119	75	1.00714
119	80	0.973682
119	93	1.00385
119	102	0.967749
119	108	0.878494
119	109	0.997005
119	113	1.11643
119	117	1.02187
119	118	0.961241
119	124	1.02454
119	129	1.0193
119	133	1.2581
119	138	0.924477
119	144	1.75748
119	145	1.50588
119	150	1.532
119	169	2.03059
120	3	1.4751
120	19	1.44137
120	81	1.05645
120	101	1.11017
120	102	1.21916
120	107	1.49775
120	141	0.999296
120	151	0.909593
120	156	0.923471
120	158	0.904149
120	160	0.905579
120	161	0.934588
120	162	0.934366
120	163	0.88654
120	164	0.885888
120	165	0.894528
120	167	0.914943
120	170	0.895199
120	171	0.87905
120	173	0.877007
120	175	0.878835
120	176	0.906887
120	177	0.876164
120	178	0.968155
120	179	0.862976
120	180	0.930415
121	3	1.0298
121	15	1.06716
121	19	0.902055
121	28	1.00366
121	29	0.98773
121	40	0.991332
121	46	0.955005
121	47	1.10626
121	51	0.947437
121	54	0.941443
121	57	1.0374
121	58	0.942701
121	59	0.772341
121	64	0.994709
121	65	0.912605
121	68	1.31896
121	74	1.04539
121	78	0.951875
121	86	1.09673
121	97	0.969717
121	108	0.909629
121	115	0.943771
121	123	1.06895
121	132	1.31634
121	147	1.8902
121	160	2.25538
121	168	0.931174
121	180	0.87453
122	2	1.02347
122	5	0.909276
122	8	1.07443
122	10	1.02019
122	39	1.05847
122	45	0.950855
122	52	1.0191
122	62	0.975322
122	67	0.97722
122	69	0.974973
122	76	0.949063
122	88	0.981877
122	103	0.973125
122	114	0.941366
122	125	0.952757
122	128	0.933897
122	131	0.950273
122	133	0.677233
122	138	1.4997
122	142	0.919178
122	150	0.938317
122	152	0.937702
122	153	3.26326
122	154	0.944779
122	160	0.821212
122	167	1.82521
122	172	1.37942
122	177	2.16067
122	180	1.48284
123	5	0.995625
123	17	1.66708
123	42	0.640797
123	51	1.36343
123	60	1.13394
123	71	0.82112
123	95	1.1724
123	100	0.970595
123	121	1.06895
123	130	1.08717
123	135	1.1341
123	147	1.01317
123	153	0.899639
123	155	0.967296
123	157	0.983394
123	159	1.00949
123	164	0.914254
123	165	0.922894
123	166	0.926779
123	167	0.943309
123	168	1.01543
123	170	0.923565
123	171	0.907416
123	173	0.905373
123	175	0.907201
123	176	0.935252
123	177	0.90453
123	179	0.891342
123	180	0.958781
124	12	0.936799
124	16	1.06769
124	17	0.9526
124	20	0.826564
124	30	1.02042
124	32	1.04595
124	34	1.03391
124	56	1.0906
124	73	1.01926
124	75	1.01846
124	80	0.984999
124	93	1.01516
124	102	0.979066
124	109	1.00832
124	113	1.12774
124	116	0.651142
124	117	1.03318
124	118	0.972558
124	119	1.02454
124	126	1.00357
124	129	1.03062
124	138	0.935794
124	157	1.36774
124	163	2.29439
124	169	1.3343
124	172	1.26399
124	173	2.12638
124	176	1.42077
124	180	1.36742
125	2	1.07619
125	5	0.962004
125	10	1.07292
125	39	1.1112
125	44	0.320524
125	45	1.00358
125	49	0.545547
125	50	1.10265
125	52	1.07182
125	67	1.02995
125	69	1.0277
125	76	1.00179
125	88	1.0346
125	103	1.02585
125	114	0.994094
125	122	0.952757
125	128	0.986625
125	131	1.003
125	135	0.898452
125	142	0.971906
125	149	1.18714
125	150	0.991045
125	154	0.997506
125	160	0.87394
125	162	1.66677
125	167	1.98075
125	172	1.53496
125	175	2.12193
125	179	2.39949
126	18	0.711196
126	31	1.39601
126	34	1.00162
126	51	1.72938
126	53	1.36754
126	73	0.986964
126	80	0.952708
126	91	1.27632
126	93	0.982873
126	96	1.12531
126	102	0.946775
126	109	0.976031
126	113	1.09545
126	117	1.00089
126	124	1.00357
126	138	0.903502
126	141	0.950553
126	151	0.86085
126	154	0.834847
126	161	0.885845
126	162	0.885623
126	163	0.837797
126	164	0.837144
126	165	0.845785
126	167	0.866199
126	171	0.830307
126	175	0.830092
126	176	0.858143
126	177	0.827421
126	179	0.814233
127	54	1.30095
127	66	0.740372
127	70	1.09404
127	82	1.1094
127	91	1.02573
127	99	1.2221
127	115	0.985349
127	131	0.651014
127	141	1.04644
127	144	1.00996
127	152	1.0682
127	156	0.970619
127	158	0.951298
127	159	1.02827
127	163	0.933688
127	164	0.933036
127	165	0.941677
127	166	0.945561
127	167	0.962091
127	170	0.942348
127	171	0.926199
127	172	0.98551
127	173	0.924155
127	175	0.925983
127	176	0.954035
127	177	0.923312
127	178	1.0153
127	179	0.910124
127	180	0.977563
128	5	0.943144
128	8	1.1083
128	10	1.05406
128	39	1.09234
128	41	0.407229
128	45	0.984722
128	50	1.08379
128	52	1.05296
128	62	1.00919
128	67	1.01109
128	69	1.00884
128	74	0.424109
128	76	0.98293
128	88	1.01574
128	103	1.00699
128	114	0.975234
128	122	0.933897
128	125	0.986625
128	130	0.896634
128	131	0.98414
128	134	1.16062
128	142	0.953046
128	148	1.10158
128	150	0.972185
128	154	0.978646
128	160	0.85508
128	162	1.69833
128	171	2.50003
128	174	2.31255
128	179	2.43105
129	12	0.93156
129	30	1.01518
129	53	0.972756
129	73	1.01402
129	75	1.01322
129	80	0.97976
129	94	1.0292
129	95	1.0203
129	98	1.00775
129	99	1.00163
129	102	0.973827
129	104	1.05054
129	107	1.03677
129	109	1.00308
129	111	1.01629
129	112	0.662258
129	117	1.02794
129	118	0.967318
129	119	1.0193
129	124	1.03062
129	136	0.989504
129	140	1.30214
129	147	1.44972
129	149	1.20313
129	154	1.00745
129	166	2.06011
129	169	1.62125
129	171	2.48445
129	174	0.875716
129	176	1.70771
130	6	1.2389
130	53	1.25417
130	99	1.35932
130	110	0.963343
130	117	0.82098
130	123	1.08717
130	128	0.896634
130	131	0.78823
130	135	1.09577
130	137	1.00575
130	140	0.979222
130	142	0.82591
130	143	0.986692
130	152	1.0111
130	154	0.721477
130	155	0.928974
130	156	0.913514
130	158	0.894192
130	159	0.971167
130	160	0.895622
130	163	0.876583
130	164	0.875931
130	165	0.884571
130	166	0.888456
130	169	0.91422
130	170	0.885242
130	171	0.869093
130	172	0.928405
130	176	0.89693
130	177	0.866207
130	179	0.853019
130	180	0.920458
131	2	1.07371
131	5	0.959519
131	8	1.12467
131	10	1.07044
131	39	1.10872
131	45	1.0011
131	50	1.10016
131	52	1.06934
131	62	1.02557
131	67	1.02746
131	69	1.02522
131	76	0.999306
131	83	0.588709
131	88	1.03212
131	103	1.02337
131	114	0.991609
131	122	0.950273
131	125	1.003
131	127	0.651014
131	128	0.98414
131	130	0.78823
131	132	0.783033
131	140	1.20932
131	142	0.969421
131	146	1.07635
131	150	0.98856
131	154	0.995022
131	160	0.871456
131	167	1.90391
131	170	1.954
131	171	2.39162
131	174	2.20414
132	28	0.827408
132	36	1.25852
132	62	0.742553
132	90	1.20553
132	95	1.41978
132	107	0.929464
132	115	1.11737
132	121	1.31634
132	131	0.783033
132	136	1.11073
132	143	1.04553
132	144	1.01169
132	149	1.07324
132	153	0.920153
132	157	1.00391
132	159	1.03
132	161	0.983468
132	163	0.935419
132	164	0.934767
132	165	0.943408
132	166	0.947292
132	169	0.973056
132	170	0.944078
132	171	0.92793
132	172	0.987241
132	173	0.925886
132	174	0.946287
132	175	0.927714
132	176	0.955766
132	177	0.925043
132	178	1.01703
132	179	0.911855
133	48	1.33619
133	49	1.14878
133	56	0.975644
133	95	1.39268
133	96	0.97964
133	104	0.689723
133	106	1.04223
133	119	1.2581
133	122	0.677233
133	137	1.05541
133	140	1.02889
133	146	1.0622
133	154	0.689175
133	155	0.97864
133	157	0.994738
133	158	0.943859
133	159	1.02083
133	161	0.974298
133	162	0.974076
133	163	0.92625
133	164	0.925597
133	165	0.934238
133	167	0.954653
133	170	0.934909
133	172	0.978071
133	173	0.916717
133	174	0.937117
133	175	0.918545
133	176	0.946596
133	177	0.915874
133	178	1.00787
133	179	0.902686
134	8	1.02244
134	39	0.788645
134	43	1.46216
134	67	0.994035
134	73	1.35598
134	77	1.56172
134	103	0.96383
134	109	0.890557
134	128	1.16062
134	137	1.04166
134	138	0.978198
134	143	1.0226
134	144	0.988762
134	148	1.06929
134	153	0.897225
134	155	0.964883
134	156	0.949423
134	157	0.980981
134	158	0.930101
134	160	0.931531
134	162	0.960318
134	164	0.91184
134	165	0.92048
134	166	0.924365
134	167	0.940895
134	168	1.01301
134	169	0.950129
134	170	0.921151
134	173	0.902959
134	175	0.904787
134	176	0.932839
134	177	0.902116
134	179	0.888928
134	180	0.956367
135	25	0.812608
135	63	1.19046
135	75	1.07262
135	86	0.768054
135	90	1.24411
135	93	1.13812
135	95	1.45836
135	97	0.96321
135	111	0.954008
135	123	1.1341
135	125	0.898452
135	130	1.09577
135	139	1.03884
135	143	1.03362
135	144	0.999778
135	145	1.08732
135	155	0.975898
135	156	0.960438
135	159	1.01809
135	161	0.971556
135	162	0.971334
135	163	0.923508
135	164	0.922855
135	166	0.93538
135	167	0.95191
135	168	1.02403
135	169	0.961144
135	171	0.916018
135	173	0.913975
135	175	0.915803
135	176	0.943854
135	177	0.913132
135	178	1.00512
135	179	0.899944
135	180	0.967382
136	37	0.916234
136	61	1.07422
136	63	1.26553
136	67	0.838496
136	70	1.3397
136	87	0.795167
136	99	1.46776
136	129	0.989504
136	132	1.11073
136	141	0.992381
136	142	0.934358
136	143	0.989734
136	144	0.955895
136	146	1.01557
136	149	1.01744
136	152	1.01414
136	154	0.829924
136	156	0.916556
136	157	0.948113
136	159	0.974209
136	161	0.927673
136	164	0.878973
136	165	0.887613
136	167	0.908028
136	168	0.980145
136	169	0.917261
136	170	0.888284
136	171	0.872135
136	173	0.870092
136	174	0.890492
136	175	0.87192
136	176	0.899971
136	177	0.869249
136	178	0.96124
136	179	0.856061
137	15	1.3316
137	52	0.939756
137	69	1.41354
137	89	1.49215
137	93	1.50797
137	105	1.0014
137	107	1.33789
137	110	0.920242
137	114	1.093
137	130	1.00575
137	133	1.05541
137	134	1.04166
137	141	0.946238
137	146	0.96943
137	149	0.971298
137	152	0.967996
137	154	1.12471
137	155	0.885872
137	157	0.90197
137	158	0.851091
137	159	0.928065
137	162	0.881308
137	163	0.833482
137	164	0.832829
137	165	0.84147
137	166	0.845354
137	167	0.861884
137	169	0.871118
137	171	0.825992
137	172	0.885303
137	173	0.823949
137	175	0.825777
137	176	0.853828
137	177	0.823106
137	178	0.915097
137	179	0.809918
138	11	1.24709
138	17	0.852534
138	29	1.6326
138	30	0.920357
138	32	0.94589
138	51	2.40618
138	68	0.851701
138	73	0.91919
138	75	0.918394
138	80	0.884934
138	86	1.52483
138	87	1.47688
138	93	0.915099
138	113	1.02768
138	115	1.91273
138	117	0.933119
138	119	0.924477
138	122	1.4997
138	124	0.935794
138	126	0.903502
138	134	0.978198
138	141	0.882779
138	147	0.86829
138	155	0.822413
138	157	0.838511
138	158	0.787632
138	160	0.789062
138	161	0.818071
138	162	0.817849
138	163	0.770023
138	166	0.781896
138	169	0.807659
138	170	0.778682
138	171	0.762533
138	173	0.76049
138	175	0.762318
138	177	0.759647
138	179	0.746459
138	180	0.813898
139	1	1.05841
139	11	1.11042
139	18	1.04712
139	30	1.40867
139	32	1.27622
139	46	1.29292
139	50	1.06739
139	54	1.48499
139	55	0.942851
139	77	1.34456
139	85	0.943398
139	87	0.995262
139	91	1.20977
139	98	1.03854
139	100	0.914482
139	101	0.98779
139	106	0.917578
139	112	1.00984
139	118	1.20766
139	135	1.03884
139	142	0.872734
139	144	0.895919
139	147	0.917916
139	148	0.976452
139	151	0.842702
139	153	0.804382
139	161	0.867697
139	166	0.831522
139	167	0.848052
139	169	0.857286
139	170	0.828308
139	171	0.812159
139	172	0.871471
139	173	0.810116
139	174	0.830516
139	175	0.811944
