1	52	0.756681
1	102	0.844117
1	147	0.792941
1	156	1.07521
1	160	1.0574
1	165	1.05655
1	167	1.06585
1	170	1.07742
1	172	1.06787
1	174	1.06171
1	175	1.06754
1	176	1.07061
2	14	1.26041
2	30	1.2063
2	44	1.1651
2	50	0.524932
2	67	1.2859
2	100	1.14993
2	115	1.15936
2	126	1.1868
2	155	1.18625
2	168	0.618002
2	175	0.638777
2	180	0.623786
3	135	0.578206
3	159	0.599281
3	160	1.1962
3	161	1.19277
3	164	0.608578
3	165	1.19534
3	167	1.20465
3	168	0.607467
3	169	1.19492
3	174	1.2005
3	175	1.20634
3	176	1.20941
4	64	1.03791
4	76	1.04504
4	77	0.781087
4	79	1.05082
4	81	1.04879
4	95	0.989404
4	112	1.02293
4	135	0.791293
4	154	1.11069
4	163	1.12822
4	179	1.16619
4	180	0.826338
5	84	0.613365
5	86	1.181
5	138	0.576901
5	147	1.22327
5	158	1.20993
5	164	1.20149
5	169	0.612615
5	171	1.20278
5	173	1.18738
5	174	0.605293
5	177	1.18749
5	178	1.20672
6	73	0.850198
6	116	1.09392
6	158	1.05534
6	164	1.0469
6	166	1.04992
6	168	1.05311
6	169	0.790978
6	171	1.0482
6	175	0.764466
6	177	1.03291
6	178	1.05214
6	179	1.16761
7	60	0.603115
7	159	1.18862
7	164	1.18675
7	165	0.594108
7	167	0.616207
7	171	1.18804
7	173	1.17264
7	174	0.595345
7	177	1.17275
7	178	1.19198
7	179	1.30745
7	180	1.19182
8	146	0.801341
8	150	0.807886
8	151	1.07606
8	158	1.05988
8	159	1.05332
8	166	1.05446
8	171	1.05273
8	173	1.03734
8	175	0.796198
8	177	1.03745
8	178	1.05667
8	179	1.17215
9	110	0.813822
9	124	0.777676
9	156	1.0772
9	162	1.05125
9	165	1.05853
9	169	1.05811
9	170	1.0794
9	172	1.06986
9	174	1.06369
9	175	1.06953
9	176	1.0726
9	177	0.80305
10	123	0.636353
10	126	0.638531
10	155	0.638152
10	161	1.19002
10	165	1.19259
10	169	1.19217
10	170	1.21346
10	172	1.20392
10	174	1.19775
10	175	1.20359
10	176	1.20666
10	179	0.479869
11	52	1.13528
11	70	0.826115
11	135	1.07119
11	139	0.794793
11	141	0.781807
11	142	1.06134
11	164	1.05793
11	168	1.06414
11	171	1.05923
11	173	1.04383
11	177	1.04394
11	178	1.06316
12	131	0.597403
12	152	1.1969
12	153	0.605332
12	159	1.20425
12	164	1.20238
12	167	0.61718
12	168	1.20858
12	171	1.20367
12	172	0.588668
12	173	1.18827
12	177	1.18838
12	178	1.20761
13	28	1.23228
13	41	0.607959
13	44	1.18567
13	53	0.654455
13	69	0.593367
13	96	1.2128
13	100	1.17051
13	110	1.2046
13	115	1.17994
13	126	1.20738
13	130	0.547698
13	155	1.20683
14	2	1.26041
14	25	1.20698
14	85	1.20265
14	100	1.16265
14	110	1.19674
14	115	1.17208
14	124	0.580503
14	126	1.19952
14	138	0.612041
14	155	1.19897
14	157	0.601844
14	177	0.605877
15	20	0.772292
15	153	1.06584
15	165	1.05788
15	167	1.06718
15	169	1.05746
15	170	1.07875
15	172	1.06921
15	174	1.06304
15	175	1.06887
15	176	1.07194
15	177	0.878251
15	179	0.744896
16	73	1.11335
16	76	1.18379
16	95	1.12816
16	112	1.16169
16	127	1.19159
16	136	0.616252
16	137	0.606567
16	152	0.59112
16	154	1.24945
16	163	1.26697
16	179	1.30495
16	180	0.591029
17	33	1.18011
17	46	1.26492
17	85	1.19735
17	96	1.19963
17	97	1.20333
17	115	1.16677
17	125	0.578533
17	126	1.19421
17	149	0.58858
17	155	1.19367
17	156	0.606771
17	162	0.634365
18	74	0.77074
18	141	1.07685
18	160	1.06161
18	161	1.05818
18	162	1.05347
18	167	1.07006
18	169	1.06033
18	170	1.08162
18	172	1.07208
18	173	0.81938
18	174	1.06591
18	177	0.804713
19	50	0.74714
19	78	1.06602
19	82	1.06019
19	104	1.09
19	109	1.06148
19	113	0.814504
19	114	1.04572
19	117	1.06793
19	120	1.04667
19	154	1.11442
19	155	1.04758
19	180	0.845994
20	15	0.772292
20	49	0.525952
20	142	1.20004
20	147	1.21842
20	154	0.507619
20	164	1.19664
20	166	1.19965
20	167	0.597993
20	168	1.20285
20	171	1.19793
20	177	1.18264
20	178	1.20187
21	62	0.663942
21	134	1.16146
21	151	1.16811
21	153	0.649996
21	159	1.14537
21	163	1.22622
21	166	1.1465
21	167	0.661844
21	171	1.14478
21	172	0.633332
21	173	1.12938
21	177	1.1295
21	178	1.14872
22	38	0.531055
22	48	1.09855
22	61	1.17947
22	75	1.18032
22	103	1.19016
22	108	1.15059
22	114	1.14397
22	117	1.16619
22	120	1.14492
22	148	0.696546
22	152	0.692136
22	155	1.14584
22	157	0.687636
23	84	0.666386
23	125	0.636643
23	137	1.14867
23	139	0.63834
23	140	1.18789
23	153	0.667329
23	158	1.16039
23	166	1.15496
23	168	1.15815
23	173	1.13784
23	177	1.13795
23	178	1.15718
23	180	1.15702
24	25	1.15708
24	49	0.622459
24	67	1.24872
24	96	1.15504
24	97	1.15873
24	100	1.11274
24	110	1.14684
24	115	1.12217
24	126	1.14961
24	137	0.654995
24	145	0.672509
24	155	1.14907
24	175	0.654448
25	14	1.20698
25	24	1.15708
25	28	1.15827
25	67	1.23247
25	97	1.14249
25	110	1.1306
25	115	1.10593
25	126	1.13337
25	132	0.685674
25	148	0.63815
25	152	0.63374
25	155	1.13283
25	173	0.64794
26	72	0.610192
26	93	0.710759
26	153	1.15458
26	160	1.14748
26	165	1.14662
26	167	1.15593
26	170	1.1675
26	172	1.15795
26	173	0.650061
26	174	1.15178
26	175	1.15762
26	176	1.16069
26	178	0.621675
27	99	1.09374
27	103	1.06287
27	117	1.0389
27	119	0.875379
27	120	1.01764
27	149	0.860224
27	154	1.08539
27	159	1.02206
27	165	0.870611
27	168	1.02639
27	171	1.02147
27	177	1.00619
27	178	1.02541
28	13	1.23228
28	25	1.15827
28	33	1.13671
28	36	1.14034
28	97	1.15992
28	110	1.14803
28	115	1.12337
28	126	1.15081
28	130	0.679297
28	136	0.66141
28	155	1.15027
28	157	0.631779
28	180	0.636187
29	31	0.618024
29	64	1.13036
29	66	1.1239
29	70	1.1027
29	76	1.13749
29	81	1.14124
29	95	1.08186
29	154	1.20315
29	156	0.649446
29	162	0.67704
29	163	1.22067
29	167	0.663741
29	179	1.25864
30	2	1.2063
30	59	1.1745
30	62	1.16889
30	85	1.14855
30	96	1.15083
30	110	1.14263
30	115	1.11797
30	126	1.14541
30	132	0.672312
30	145	0.653339
30	153	0.663482
30	155	1.14487
30	180	0.620286
31	29	0.618024
31	104	0.615401
31	128	0.717868
31	156	1.16491
31	159	0.64464
31	160	1.1471
31	162	1.13896
31	167	1.15555
31	170	1.16711
31	172	1.15757
31	174	1.1514
31	175	1.15724
31	176	1.16031
32	38	0.771473
32	58	0.9689
32	78	1.04632
32	99	1.10307
32	105	1.01048
32	107	0.878079
32	108	1.03263
32	109	1.04177
32	114	1.02602
32	117	1.04823
32	154	1.09472
32	155	1.02788
32	161	0.951556
33	17	1.18011
33	28	1.13671
33	59	1.1409
33	89	1.12992
33	97	1.12092
33	100	1.07494
33	110	1.10903
33	115	1.08437
33	126	1.11181
33	151	0.656908
33	155	1.11127
33	175	0.723998
33	176	0.724641
33	178	0.694913
34	54	0.57073
34	56	0.540866
34	115	0.619032
34	146	1.24119
34	150	1.24115
34	154	0.528643
34	158	0.533838
34	165	1.23654
34	169	1.23612
34	170	1.25741
34	172	1.24787
34	174	1.2417
34	175	1.24754
34	176	1.25061
35	82	0.710147
35	92	0.655821
35	147	1.13981
35	153	0.720951
35	156	0.718504
35	158	1.12647
35	159	1.11991
35	164	1.11803
35	166	1.12105
35	168	1.12424
35	171	1.11933
35	173	1.10393
35	177	1.10404
35	178	1.12326
36	28	1.14034
36	46	1.18614
36	85	1.11857
36	96	1.12086
36	97	1.12455
36	100	1.07856
36	110	1.11266
36	115	1.08799
36	126	1.11543
36	145	0.761212
36	155	1.11489
36	159	0.714189
36	177	0.727784
36	179	0.594429
37	113	0.513936
37	130	1.24469
37	147	1.26411
37	148	0.549927
37	158	1.25077
37	162	0.613768
37	166	1.24534
37	171	1.24362
37	172	0.571957
37	173	1.22822
37	176	0.56106
37	177	1.22833
37	178	1.24756
37	180	1.2474
38	22	0.531055
38	32	0.771473
38	76	0.52207
38	82	0.520685
38	135	1.25771
38	143	1.23097
38	154	0.452964
38	169	1.24404
38	171	1.24574
38	172	1.25579
38	173	1.23035
38	174	1.24962
38	175	1.25546
38	177	1.23046
39	74	0.505157
39	107	1.24783
39	147	1.25746
39	151	1.26031
39	157	1.2471
39	158	1.24412
39	160	0.594477
39	166	1.2387
39	167	0.594549
39	168	1.24189
39	170	0.557021
39	175	0.554497
39	177	1.22169
39	178	1.24091
40	66	1.08482
40	70	1.06362
40	71	1.13268
40	74	1.13038
40	79	1.1042
40	95	1.04278
40	112	1.07631
40	132	0.725597
40	136	0.698794
40	138	0.67936
40	145	0.706623
40	154	1.16407
40	163	1.18159
40	179	1.21957
41	13	0.607959
41	151	0.700556
41	153	1.11984
41	156	1.13055
41	159	0.738685
41	162	1.1046
41	164	0.747982
41	165	1.11188
41	169	1.11146
41	170	1.13275
41	172	1.12321
41	174	1.11704
41	175	1.12288
41	176	1.12595
42	44	0.745072
42	79	0.717868
42	118	0.717629
42	149	1.12269
42	156	1.12868
42	161	1.10743
42	167	1.11931
42	169	1.10959
42	170	1.13088
42	172	1.12134
42	174	1.11517
42	175	1.121
42	176	1.12407
42	179	0.607611
43	102	0.717659
43	135	0.673074
43	160	1.11439
43	162	1.10625
43	165	1.11353
43	167	1.12284
43	168	0.702335
43	169	1.11311
43	170	1.1344
43	171	0.699163
43	172	1.12486
43	174	1.11869
43	175	1.12453
43	176	1.12759
44	2	1.1651
44	13	1.18567
44	42	0.745072
44	59	1.1333
44	85	1.10734
44	89	1.12231
44	96	1.10963
44	100	1.06734
44	110	1.10143
44	126	1.10421
44	132	0.70504
44	136	0.678237
44	155	1.10366
44	172	0.679545
45	64	0.764547
45	118	0.739305
45	149	1.09517
45	156	1.10116
45	158	0.732883
45	161	1.07991
45	162	1.07521
45	167	1.09179
45	169	1.08207
45	170	1.10336
45	171	0.754061
45	172	1.09382
45	174	1.08765
45	175	1.09348
45	176	1.09655
46	17	1.26492
46	36	1.18614
46	59	1.22571
46	68	0.605658
46	96	1.20204
46	97	1.20573
46	100	1.15975
46	110	1.19384
46	115	1.16917
46	126	1.19662
46	130	0.615747
46	132	0.624663
46	136	0.59786
46	155	1.19607
46	157	0.568229
47	118	0.738834
47	139	1.0946
47	156	1.10153
47	159	0.748577
47	160	1.08372
47	161	1.08029
47	165	1.08286
47	167	1.09217
47	168	0.756763
47	169	1.08244
47	170	1.10373
47	174	1.08802
47	175	1.09386
47	176	1.09693
47	178	0.748452
48	22	1.09855
48	75	1.11202
48	87	1.05882
48	88	1.06169
48	103	1.12186
48	105	1.06014
48	109	1.09144
48	114	1.07568
48	117	1.09789
48	151	0.71544
48	154	1.14438
48	155	1.07754
48	158	0.737404
48	161	0.786633
48	166	0.757119
49	20	0.525952
49	24	0.622459
49	147	0.59065
49	153	1.20103
49	161	1.1905
49	162	1.1858
49	167	1.20238
49	169	1.19265
49	170	1.21395
49	171	0.623329
49	172	1.2044
49	174	1.19824
49	175	1.20407
49	176	1.20714
49	177	0.631911
50	2	0.524932
50	19	0.74714
50	117	0.571429
50	126	0.575361
50	142	1.20125
50	155	0.574982
50	164	1.19785
50	169	1.19743
50	172	1.20918
50	173	1.18374
50	174	1.20301
50	175	1.20885
50	176	1.21192
50	177	1.18385
50	178	1.20308
51	65	0.641621
51	88	0.60284
51	140	1.2329
51	150	0.575311
51	159	1.19883
51	160	0.603602
51	164	1.19695
51	166	1.19997
51	168	1.20316
51	171	1.19825
51	173	1.18285
51	174	0.582812
51	177	1.18296
51	178	1.20218
51	180	1.20203
52	1	0.756681
52	11	1.13528
52	104	0.528178
52	134	1.2234
52	146	0.591522
52	154	0.536057
52	158	1.21387
52	159	1.2073
52	161	0.590482
52	166	1.20844
52	168	1.21164
52	171	1.20672
52	173	1.19132
52	177	1.19143
52	178	1.21066
53	13	0.654455
53	104	0.755941
53	150	1.0914
53	154	0.76382
53	155	0.823703
53	156	1.10546
53	158	1.09523
53	171	1.08808
53	173	1.07268
53	174	1.09196
53	175	1.09779
53	176	1.10086
53	177	1.07279
53	178	1.09202
53	180	1.09186
54	34	0.57073
54	104	0.612831
54	113	0.624551
54	135	1.16464
54	157	1.16279
54	159	1.15325
54	162	0.724383
54	164	1.15138
54	166	1.15439
54	168	1.15759
54	170	0.673556
54	171	1.15267
54	173	1.13727
54	177	1.13738
54	178	1.15661
54	179	1.27208
55	78	1.16149
55	89	1.1617
55	99	1.21824
55	104	1.18547
55	105	1.12565
55	108	1.1478
55	114	1.14119
55	117	1.1634
55	120	1.14214
55	122	0.682823
55	154	1.20989
55	155	1.14305
55	161	0.637854
55	173	0.633051
55	176	0.634394
55	180	0.61876
56	34	0.540866
56	93	1.11812
56	115	0.681235
56	133	0.654254
56	135	1.17735
56	144	0.686078
56	151	1.18871
56	157	1.1755
56	158	1.17253
56	159	1.16596
56	166	1.1671
56	171	1.16538
56	173	1.14998
56	175	0.641168
56	177	1.15009
56	178	1.16932
57	90	0.700179
57	91	1.14246
57	113	0.592255
57	138	0.629534
57	143	1.15351
57	149	0.646302
57	158	1.17543
57	161	0.642839
57	164	1.16699
57	166	1.17001
57	168	1.1732
57	171	1.16829
57	173	1.15289
57	177	1.153
57	178	1.17222
57	180	1.17207
58	32	0.9689
58	61	1.09948
58	87	1.04713
58	88	1.05
58	104	1.10827
58	105	1.04845
58	108	1.0706
58	109	1.07974
58	114	1.06398
58	120	1.06493
58	145	0.827845
58	152	0.794884
58	154	1.13268
58	155	1.06584
58	157	0.790384
58	180	0.794792
59	30	1.1745
59	33	1.1409
59	44	1.1333
59	46	1.22571
59	67	1.2541
59	86	0.669
59	97	1.16412
59	100	1.11813
59	110	1.15223
59	115	1.12756
59	126	1.155
59	152	0.632393
59	155	1.15446
59	158	0.602167
59	174	0.666483
59	180	0.632302
60	7	0.603115
60	127	0.674859
60	151	0.639135
60	153	1.16456
60	160	1.15746
60	161	1.15403
60	163	0.597942
60	165	1.1566
60	167	1.16591
60	169	1.15618
60	170	1.17748
60	172	1.16793
60	174	1.16176
60	175	1.1676
60	176	1.17067
60	178	0.67714
61	22	1.17947
61	58	1.09948
61	82	1.17107
61	88	1.14261
61	103	1.20277
61	104	1.20088
61	109	1.17235
61	112	1.13753
61	114	1.15659
61	117	1.1788
61	131	0.661823
61	132	0.678583
61	142	0.618576
61	155	1.15845
61	157	0.622149
61	180	0.626557
62	21	0.663942
62	30	1.16889
62	67	1.24849
62	96	1.15481
62	107	0.652041
62	110	1.14661
62	126	1.14939
62	127	0.69005
62	155	1.14884
62	160	1.15134
62	163	0.613132
62	169	1.15006
62	174	1.15564
62	175	1.16148
62	176	1.16455
62	179	0.572694
63	119	0.69581
63	123	1.12574
63	134	1.15037
63	135	1.14566
63	137	1.12913
63	138	0.663887
63	142	1.13581
63	164	1.1324
63	166	1.13542
63	171	1.1337
63	172	0.68463
63	173	1.1183
63	174	0.692279
63	176	0.673732
63	177	1.11841
63	178	1.13763
63	180	1.13748
64	4	1.03791
64	29	1.13036
64	45	0.764547
64	70	1.08526
64	71	1.15432
64	76	1.12006
64	79	1.12584
64	81	1.12381
64	95	1.06442
64	127	1.12785
64	136	0.676036
64	152	0.650904
64	154	1.18571
64	163	1.20323
64	176	0.666446
64	179	1.24121
64	180	0.650813
65	51	0.641621
65	99	0.678203
65	111	0.667698
65	137	0.757811
65	144	1.11992
65	153	1.1359
65	160	1.1288
65	162	1.12067
65	163	0.648981
65	165	1.12795
65	167	1.13725
65	169	1.12753
65	170	1.14882
65	172	1.13927
65	174	1.13311
65	175	1.13894
65	176	1.14201
66	29	1.1239
66	40	1.08482
66	70	1.0788
66	71	1.14786
66	74	1.14556
66	76	1.1136
66	79	1.11938
66	80	0.668931
66	81	1.11735
66	95	1.05796
66	116	0.626698
66	154	1.17925
66	163	1.19677
66	170	0.704689
66	171	0.678217
66	174	0.721354
66	179	1.23475
67	2	1.2859
67	24	1.24872
67	25	1.23247
67	59	1.2541
67	62	1.24849
67	85	1.22815
67	90	0.6145
67	96	1.23043
67	97	1.23412
67	100	1.18814
67	126	1.22501
67	145	0.571118
67	155	1.22446
67	165	0.571009
67	172	0.564597
67	176	0.5537
67	180	0.538066
68	46	0.605658
68	76	0.71608
68	111	1.16841
68	117	0.703304
68	120	0.723405
68	154	0.646974
68	168	1.13212
68	169	1.1255
68	170	1.1468
68	171	1.12721
68	172	1.13725
68	173	1.11181
68	174	1.13109
68	175	1.13692
68	176	1.13999
68	177	1.11192
68	178	1.13115
69	13	0.593367
69	83	0.657613
69	123	1.08884
69	133	0.76614
69	134	1.11346
69	140	1.13144
69	144	0.797965
69	147	1.11728
69	151	1.12012
69	152	1.09002
69	163	1.17823
69	166	1.09851
69	167	0.793106
69	168	1.1017
69	171	1.09679
69	173	1.08139
69	177	1.0815
69	178	1.10073
70	11	0.826115
70	29	1.1027
70	40	1.06362
70	64	1.08526
70	66	1.0788
70	71	1.12666
70	76	1.0924
70	80	0.676569
70	81	1.09615
70	95	1.03676
70	112	1.07029
70	127	1.10019
70	152	0.694903
70	154	1.15805
70	163	1.17557
70	170	0.712327
70	179	1.21355
70	180	0.694812
71	40	1.13268
71	64	1.15432
71	66	1.14786
71	70	1.12666
71	73	1.09101
71	74	1.19341
71	76	1.16145
71	79	1.16723
71	81	1.1652
71	95	1.10582
71	130	0.659696
71	154	1.22711
71	163	1.24463
71	164	0.611913
71	167	0.671629
71	172	0.643117
71	178	0.602491
71	179	1.2826
71	180	0.616585
72	26	0.610192
72	98	1.16387
72	102	1.13275
72	113	0.592216
72	116	1.2109
72	118	1.17159
72	133	0.651783
72	140	1.19983
72	143	1.1504
72	147	1.18566
72	155	0.648258
72	164	1.16388
72	166	1.1669
72	168	1.17009
72	169	0.665208
72	171	1.16517
72	175	0.638697
72	177	1.14989
72	178	1.16911
73	6	0.850198
73	16	1.11335
73	71	1.09101
73	74	1.08871
73	95	1.00111
73	135	0.714961
73	149	1.06989
73	154	1.1224
73	158	0.719871
73	161	1.05463
73	163	1.13993
73	167	1.06651
73	168	0.744222
73	169	1.05678
73	170	1.07808
73	172	1.06853
73	173	0.764298
73	176	1.07127
73	179	1.1779
74	18	0.77074
74	39	0.505157
74	40	1.13038
74	66	1.14556
74	71	1.19341
74	73	1.08871
74	76	1.15915
74	79	1.16493
74	81	1.1629
74	95	1.10352
74	112	1.13705
74	127	1.16695
74	145	0.647988
74	146	0.635069
74	154	1.22481
74	161	0.634029
74	163	1.24233
74	179	1.2803
74	180	0.614935
75	22	1.18032
75	48	1.11202
75	82	1.17192
75	88	1.14346
75	103	1.20363
75	104	1.20173
75	105	1.14191
75	108	1.16406
75	114	1.15745
75	117	1.17966
75	120	1.1584
75	130	0.673444
75	153	0.67353
75	154	1.22615
75	155	1.15931
75	157	0.625926
75	163	0.537042
75	174	0.664515
75	177	0.629959
76	4	1.04504
76	16	1.18379
76	29	1.13749
76	38	0.52207
76	64	1.12006
76	66	1.1136
76	68	0.71608
76	70	1.0924
76	71	1.16145
76	74	1.15915
76	79	1.13297
76	81	1.13094
76	95	1.07155
76	98	0.7195
76	154	1.19284
76	157	0.678651
76	163	1.21037
76	164	0.678386
76	177	0.682684
76	179	1.24834
77	4	0.781087
77	107	1.15441
77	114	0.64016
77	128	1.11283
77	140	1.17821
77	142	1.14567
77	144	0.663935
77	145	1.12284
77	146	0.624167
77	151	1.16689
77	152	1.13679
77	159	1.14414
77	160	0.659004
77	164	1.14227
77	168	1.14847
77	171	1.14356
77	173	1.12816
77	174	0.638214
77	177	1.12827
77	178	1.1475
78	19	1.06602
78	32	1.04632
78	55	1.16149
78	87	1.12455
78	88	1.12742
78	99	1.21846
78	103	1.18758
78	105	1.12587
78	106	0.657285
78	108	1.14802
78	109	1.15716
78	114	1.1414
78	120	1.14235
78	142	0.652649
78	145	0.693682
78	154	1.2101
78	155	1.14326
78	159	0.64666
78	174	0.69481
78	180	0.66063
79	4	1.05082
79	40	1.1042
79	42	0.717868
79	64	1.12584
79	66	1.11938
79	71	1.16723
79	74	1.16493
79	76	1.13297
79	81	1.13673
79	95	1.07734
79	106	0.622466
79	112	1.11087
79	127	1.14077
79	136	0.651033
79	145	0.658863
79	154	1.19863
79	160	0.680781
79	163	1.21615
79	167	0.680853
79	179	1.25413
80	66	0.668931
80	70	0.676569
80	102	1.11037
80	109	0.676452
80	137	1.13823
80	140	1.17745
80	143	1.12802
80	146	0.651175
80	151	1.16612
80	157	1.15291
80	158	1.14994
80	159	1.14338
80	160	0.686012
80	164	1.1415
80	168	1.14771
80	171	1.14279
80	173	1.12739
80	176	0.646675
80	177	1.12751
80	178	1.14673
81	4	1.04879
81	29	1.14124
81	64	1.12381
81	66	1.11735
81	70	1.09615
81	71	1.1652
81	74	1.1629
81	76	1.13094
81	79	1.13673
81	95	1.07531
81	110	0.658126
81	127	1.13874
81	130	0.690839
81	146	0.667863
81	154	1.1966
81	163	1.21412
81	165	0.680672
81	175	0.66272
81	179	1.2521
81	180	0.647729
82	19	1.06019
82	35	0.710147
82	38	0.520685
82	61	1.17107
82	75	1.17192
82	87	1.11872
82	88	1.12159
82	99	1.21263
82	105	1.12004
82	108	1.14219
82	109	1.15133
82	112	1.11651
82	114	1.13557
82	120	1.13652
82	154	1.20427
82	155	1.13744
82	166	0.671254
82	169	0.723177
82	175	0.696666
82	180	0.681674
83	69	0.657613
83	98	0.605275
83	127	0.552459
83	137	0.584372
83	145	1.20695
83	149	1.23907
83	150	1.23099
83	156	1.24505
83	159	0.554864
83	161	1.22381
83	162	1.21911
83	163	0.475541
83	165	1.22639
83	166	0.558414
83	167	1.23569
83	169	1.22596
83	172	1.23771
83	174	1.23155
83	175	1.23738
83	176	1.24045
84	5	0.613365
84	23	0.666386
84	139	1.14673
84	149	1.14767
84	150	1.13959
84	151	0.639437
84	156	1.15365
84	160	1.13584
84	161	1.13241
84	162	1.12771
84	165	1.13499
84	167	1.14429
84	170	1.15586
84	172	1.14631
84	173	0.705827
84	175	1.14598
84	176	1.14905
84	177	0.691161
84	178	0.677441
84	180	1.14005
85	14	1.20265
85	17	1.19735
85	30	1.14855
85	36	1.11857
85	44	1.10734
85	67	1.22815
85	89	1.14715
85	96	1.13447
85	97	1.13816
85	100	1.09218
85	110	1.12627
85	115	1.1016
85	116	0.631564
85	126	1.12905
85	130	0.73515
85	139	0.706246
85	152	0.692132
85	155	1.1285
85	159	0.67807
85	179	0.55831
86	5	1.181
86	59	0.669
86	93	1.06163
86	124	1.11963
86	134	1.12557
86	139	0.700188
86	142	1.111
86	146	0.706116
86	147	1.12938
86	151	1.13222
86	158	1.11604
86	161	0.705076
86	163	1.19033
86	166	1.11061
86	168	1.11381
86	169	0.727484
86	171	1.10889
86	173	1.09349
86	176	0.701615
86	177	1.0936
86	178	1.11283
87	48	1.05882
87	58	1.04713
87	78	1.12455
87	82	1.11872
87	89	1.12476
87	99	1.1813
87	103	1.15042
87	104	1.14853
87	108	1.11086
87	109	1.12
87	114	1.10424
87	117	1.12645
87	120	1.10519
87	129	0.68473
87	142	0.679375
87	152	0.687447
87	154	1.17294
87	155	1.1061
87	162	0.755698
87	172	0.713887
87	180	0.687356
88	48	1.06169
88	51	0.60284
88	58	1.05
88	61	1.14261
88	75	1.14346
88	78	1.12742
88	82	1.12159
88	94	0.727961
88	103	1.1533
88	104	1.1514
88	105	1.09158
88	108	1.11373
88	109	1.12288
88	114	1.10712
88	117	1.12933
88	120	1.10807
88	145	0.736545
88	146	0.723627
88	154	1.17582
88	170	0.721008
88	171	0.694536
89	33	1.12992
89	44	1.12231
89	55	1.1617
89	85	1.14715
89	87	1.12476
89	100	1.10715
89	104	1.1859
89	111	0.591394
89	112	1.12255
89	114	1.14161
89	115	1.11658
89	120	1.14256
89	126	1.14402
89	132	0.717996
89	138	0.671758
89	152	0.666061
89	154	1.21031
89	155	1.14347
89	157	0.661562
89	174	0.700151
90	57	0.700179
90	67	0.6145
90	110	0.736115
90	124	0.69997
90	141	1.13072
90	144	1.1066
90	146	1.11927
90	153	1.12258
90	156	1.13329
90	160	1.11548
90	161	1.11205
90	162	1.10735
90	165	1.11463
90	167	1.12393
90	169	1.1142
90	171	0.716761
90	172	1.12595
90	174	1.11979
90	175	1.12562
90	176	1.12869
90	177	0.725343
91	57	1.14246
91	125	0.7016
91	128	1.07411
91	129	0.686464
91	143	1.09007
91	147	1.12533
91	151	1.12817
91	157	1.11497
91	159	1.10543
91	161	0.708184
91	163	1.18628
91	166	1.10657
91	168	1.10976
91	170	0.706605
91	171	1.10485
91	173	1.08945
91	175	0.704081
91	176	0.704724
91	177	1.08956
91	178	1.10878
91	179	1.22426
92	35	0.655821
92	97	0.656133
92	128	0.686606
92	133	1.1831
92	134	0.610174
92	140	0.576413
92	141	1.18072
92	144	1.1566
92	147	0.585712
92	148	1.19522
92	149	1.17731
92	150	1.16923
92	161	1.16205
92	162	1.15735
92	165	1.16463
92	167	1.17393
92	169	1.1642
92	170	1.1855
92	171	0.618391
92	172	1.17595
92	175	1.17562
92	176	1.17869
93	26	0.710759
93	56	1.11812
93	86	1.06163
93	111	1.12461
93	125	0.736782
93	132	1.07588
93	140	1.11807
93	141	0.725493
93	142	1.08552
93	146	0.744407
93	159	1.08399
93	163	1.16485
93	164	1.08212
93	168	1.08833
93	170	0.741788
93	171	1.08341
93	172	0.750804
93	173	1.06801
93	177	1.06812
93	178	1.08735
93	179	1.20282
93	180	1.08719
94	88	0.727961
94	102	0.683291
94	103	0.640667
94	111	0.599176
94	134	0.656577
94	138	1.16357
94	141	1.15718
94	146	1.14574
94	151	0.621653
94	153	1.14905
94	156	1.15976
94	157	1.1525
94	161	1.13851
94	162	1.13381
94	165	1.14109
94	167	1.1504
94	169	1.14067
94	170	1.16196
94	172	1.15242
94	174	1.14625
94	175	1.15209
94	176	1.15516
94	178	0.659657
95	4	0.989404
95	16	1.12816
95	29	1.08186
95	40	1.04278
95	64	1.06442
95	66	1.05796
95	70	1.03676
95	71	1.10582
95	73	1.00111
95	74	1.10352
95	76	1.07155
95	79	1.07734
95	81	1.07531
95	106	0.752177
95	127	1.07935
95	136	0.780744
95	154	1.13721
95	157	0.751113
95	158	0.725385
95	160	0.810492
95	163	1.15473
95	174	0.789702
95	179	1.19271
96	13	1.2128
96	17	1.19963
96	24	1.15504
96	30	1.15083
96	36	1.12086
96	44	1.10963
96	46	1.20204
96	62	1.15481
96	67	1.23043
96	85	1.13447
96	97	1.14044
96	100	1.09446
96	105	0.710155
96	110	1.12855
96	115	1.10389
96	126	1.13133
96	130	0.664564
96	132	0.673479
96	136	0.646677
96	155	1.13079
96	157	0.617045
96	169	0.662956
96	170	0.638968
97	17	1.20333
97	24	1.15873
97	25	1.14249
97	28	1.15992
97	33	1.12092
97	36	1.12455
97	46	1.20573
97	59	1.16412
97	67	1.23412
97	85	1.13816
97	92	0.656133
97	96	1.14044
97	100	1.09815
97	110	1.13225
97	115	1.10758
97	126	1.13502
97	140	0.627134
97	150	0.704748
97	155	1.13448
97	159	0.664099
97	165	0.711012
97	175	0.69306
97	179	0.544338
98	72	1.16387
98	76	0.7195
98	83	0.605275
98	124	1.14011
98	128	1.09863
98	130	1.13043
98	134	1.14604
98	141	0.686945
98	143	1.11459
98	152	1.1226
98	154	0.650395
98	158	1.13651
98	159	1.12995
98	160	0.740696
98	164	1.12807
98	166	1.13109
98	168	1.13428
98	170	0.70324
98	171	1.12936
98	173	1.11397
98	176	0.701359
98	177	1.11408
98	178	1.1333
98	180	1.13315
99	27	1.09374
99	32	1.10307
99	55	1.21824
99	65	0.678203
99	78	1.21846
99	82	1.21263
99	87	1.1813
99	103	1.24433
99	104	1.24244
99	105	1.18262
99	108	1.20477
99	109	1.21391
99	114	1.19815
99	117	1.22037
99	118	0.5615
99	120	1.1991
99	135	0.550168
99	136	0.610437
99	149	0.60777
99	154	1.26685
99	155	1.20001
99	168	0.579429
99	169	0.626716
99	177	0.584838
100	2	1.14993
100	13	1.17051
100	14	1.16265
100	24	1.11274
100	33	1.07494
100	36	1.07856
100	44	1.06734
100	46	1.15975
100	59	1.11813
100	67	1.18814
100	85	1.09218
100	89	1.10715
100	96	1.09446
100	97	1.09815
100	108	0.729575
100	110	1.08626
100	115	1.0616
100	116	0.660525
100	126	1.08904
100	150	0.74768
100	152	0.721092
100	155	1.08849
100	157	0.716592
100	178	0.706906
100	180	0.721001
101	104	0.653635
101	107	1.11705
101	118	1.11262
101	119	0.734556
101	128	1.07546
101	131	0.73211
101	134	1.12287
101	137	1.10163
101	142	1.10831
101	143	1.09142
101	151	1.12953
101	153	0.740039
101	157	1.11632
101	158	1.11334
101	159	1.10678
101	161	0.715938
101	163	1.18763
101	166	1.10792
101	168	1.11111
101	171	1.1062
101	172	0.723376
101	173	1.0908
101	176	0.712478
101	177	1.09091
101	178	1.11013
102	1	0.844117
102	43	0.717659
102	72	1.13275
102	80	1.11037
102	94	0.683291
102	111	1.13945
102	116	1.14397
102	128	1.06751
102	131	0.694089
102	137	1.09368
102	145	1.07753
102	147	1.11873
102	149	0.68138
102	151	1.12158
102	158	1.10539
102	166	1.09997
102	167	0.713866
102	168	1.10316
102	171	1.09825
102	173	1.08285
102	175	0.673814
102	177	1.08296
102	178	1.10218
102	179	1.21766
102	180	1.10203
103	22	1.19016
103	27	1.06287
103	48	1.12186
103	61	1.20277
103	75	1.20363
103	78	1.18758
103	87	1.15042
103	88	1.1533
103	94	0.640667
103	99	1.24433
103	104	1.21157
103	105	1.15174
103	108	1.17389
103	109	1.18304
103	117	1.18949
103	120	1.16823
103	129	0.613573
103	132	0.668225
103	154	1.23598
103	155	1.16914
103	157	0.611791
103	171	0.607242
103	173	0.630491
103	177	0.615824
103	180	0.616199
104	19	1.09
104	31	0.615401
104	52	0.528178
104	53	0.755941
104	54	0.612831
104	55	1.18547
104	58	1.10827
104	61	1.20088
104	75	1.20173
104	87	1.14853
104	88	1.1514
104	89	1.1859
104	99	1.24244
104	101	0.653635
104	103	1.21157
104	108	1.172
104	109	1.18115
104	114	1.16539
104	117	1.1876
104	120	1.16634
104	133	0.634151
104	154	1.23409
104	155	1.16725
104	157	0.601666
104	168	0.60029
105	32	1.01048
105	48	1.06014
105	55	1.12565
105	58	1.04845
105	75	1.14191
105	78	1.12587
105	82	1.12004
105	88	1.09158
105	96	0.710155
105	99	1.18262
105	103	1.15174
105	108	1.11218
105	109	1.12132
105	112	1.0865
105	114	1.10556
105	117	1.12777
105	120	1.10651
105	142	0.730005
105	152	0.738077
105	154	1.17426
105	155	1.10742
105	157	0.733578
105	158	0.70785
105	163	0.644693
105	164	0.733313
106	78	0.657285
106	79	0.622466
106	95	0.752177
106	113	1.18982
106	134	0.628765
106	139	1.15929
106	140	0.595005
106	144	1.13952
106	146	1.1522
106	147	0.604303
106	150	1.15216
106	153	1.15551
106	155	0.670492
106	156	1.16622
106	160	1.14841
106	161	1.14498
106	162	1.14028
106	165	1.14755
106	167	1.15686
106	169	1.14713
106	170	1.16842
106	172	1.15888
106	173	0.660231
106	174	1.15271
106	175	1.15855
106	176	1.16162
107	32	0.878079
107	39	1.24783
107	62	0.652041
107	77	1.15441
107	101	1.11705
107	111	1.18273
107	118	1.14794
107	129	0.592275
107	137	1.13696
107	139	0.609107
107	142	1.14364
107	143	1.12675
107	147	1.16201
107	148	0.599402
107	157	1.15165
107	159	1.14211
107	164	1.14023
107	167	0.649944
107	168	1.14644
107	171	1.14152
107	172	0.621432
107	173	1.12613
107	175	0.609892
107	177	1.12624
107	178	1.14546
107	179	1.26094
108	22	1.15059
108	32	1.03263
108	55	1.1478
108	58	1.0706
108	75	1.16406
108	78	1.14802
108	82	1.14219
108	87	1.11086
108	88	1.11373
108	99	1.20477
108	100	0.729575
108	103	1.17389
108	104	1.172
108	105	1.11218
108	109	1.14347
108	112	1.10865
108	117	1.14992
108	120	1.12866
108	134	0.640684
108	136	0.683082
108	148	0.66236
108	154	1.19641
108	155	1.12957
108	165	0.690802
108	169	0.699361
108	178	0.643764
108	180	0.657858
109	19	1.06148
109	32	1.04177
109	48	1.09144
109	58	1.07974
109	61	1.17235
109	78	1.15716
109	80	0.676452
109	82	1.15133
109	87	1.12
109	88	1.12288
109	99	1.21391
109	103	1.18304
109	104	1.18115
109	105	1.12132
109	108	1.14347
109	112	1.1178
109	116	0.634219
109	117	1.15907
109	120	1.13781
109	131	0.729961
109	143	0.70136
109	152	0.694786
109	154	1.20556
109	155	1.13872
109	172	0.721226
109	178	0.6806
109	179	0.560964
110	9	0.813822
110	13	1.2046
110	14	1.19674
110	24	1.14684
110	25	1.1306
110	28	1.14803
110	30	1.14263
110	33	1.10903
110	36	1.11266
110	44	1.10143
110	46	1.19384
110	59	1.15223
110	62	1.14661
110	81	0.658126
110	85	1.12627
110	90	0.736115
110	96	1.12855
110	97	1.13225
110	100	1.08626
110	115	1.09569
110	126	1.12313
110	149	0.682238
110	155	1.12259
110	157	0.655272
110	176	0.675314
110	179	0.52595
110	180	0.659681
111	65	0.667698
111	68	1.16841
111	89	0.591394
111	93	1.12461
111	94	0.599176
111	102	1.13945
111	107	1.18273
111	121	0.629456
111	143	1.15709
111	144	0.63461
111	147	1.19236
111	150	0.601388
111	156	0.615457
111	157	1.18199
111	158	1.17902
111	159	1.17246
111	162	0.643051
111	163	1.25331
111	164	1.17058
111	166	1.17359
111	167	0.629752
111	168	1.17679
111	171	1.17187
111	173	1.15647
111	177	1.15658
111	178	1.17581
111	179	1.29128
111	180	1.17566
112	4	1.02293
112	16	1.16169
112	40	1.07631
112	61	1.13753
112	70	1.07029
112	74	1.13705
112	79	1.11087
112	82	1.11651
112	89	1.12255
112	105	1.0865
112	108	1.10865
112	109	1.1178
112	114	1.10204
112	117	1.12425
112	120	1.10299
112	127	1.11288
112	131	0.709362
112	132	0.726122
112	145	0.707148
112	150	0.700775
112	152	0.674187
112	154	1.17074
112	155	1.1039
112	163	1.18826
112	165	0.707039
112	172	0.700627
112	173	0.688387
112	179	1.22624
113	19	0.814504
113	37	0.513936
113	54	0.624551
113	57	0.592255
113	72	0.592216
113	106	1.18982
113	138	1.19285
113	144	1.16234
113	148	1.20097
113	150	1.17498
113	153	1.17833
113	156	1.18904
113	160	1.17123
113	161	1.1678
113	162	1.16309
113	164	0.613121
113	165	1.17037
113	166	0.607374
113	167	1.17968
113	169	1.16995
113	170	1.19124
113	172	1.1817
113	173	0.632085
113	174	1.17553
113	175	1.18137
113	176	1.18444
113	178	0.603699
113	180	1.17544
114	19	1.04572
114	22	1.14397
114	32	1.02602
114	48	1.07568
114	55	1.14119
114	58	1.06398
114	61	1.15659
114	75	1.15745
114	77	0.64016
114	78	1.1414
114	82	1.13557
114	87	1.10424
114	88	1.10712
114	89	1.14161
114	99	1.19815
114	104	1.16539
114	105	1.10556
114	112	1.10204
114	117	1.14331
114	120	1.12205
114	128	0.744669
114	130	0.728521
114	140	0.634476
114	145	0.718464
114	155	1.12296
114	169	0.726914
114	172	0.711943
114	175	0.700402
115	2	1.15936
115	13	1.17994
115	14	1.17208
115	17	1.16677
115	24	1.12217
115	25	1.10593
115	28	1.12337
115	30	1.11797
115	33	1.08437
115	34	0.619032
115	36	1.08799
115	46	1.16917
115	56	0.681235
115	59	1.12756
115	85	1.1016
115	89	1.11658
115	96	1.10389
115	97	1.10758
115	100	1.0616
115	110	1.09569
115	126	1.09847
115	130	0.747453
115	145	0.737395
115	155	1.09792
115	157	0.699934
115	161	0.723436
115	171	0.695386
115	180	0.704342
116	6	1.09392
116	66	0.626698
116	72	1.2109
116	85	0.631564
116	100	0.660525
116	102	1.14397
116	109	0.634219
116	118	1.18281
116	135	1.18836
116	136	1.18225
116	137	1.17183
116	141	0.590028
116	142	1.17851
116	143	1.16162
116	150	0.615487
116	151	1.19972
116	156	0.629556
116	159	1.17698
116	164	1.1751
116	166	1.17812
116	168	1.18131
116	170	0.606323
116	171	1.17639
116	172	0.61534
116	173	1.161
116	177	1.16111
116	178	1.18033
116	179	1.29581
117	19	1.06793
117	22	1.16619
117	27	1.0389
117	32	1.04823
117	48	1.09789
117	50	0.571429
117	55	1.1634
117	61	1.1788
117	68	0.703304
117	75	1.17966
117	87	1.12645
117	88	1.12933
117	99	1.22037
117	103	1.18949
117	104	1.1876
117	105	1.12777
117	108	1.14992
117	109	1.15907
117	112	1.12425
117	114	1.14331
117	120	1.14426
117	132	0.72231
117	151	0.618185
117	152	0.670375
117	154	1.21201
117	155	1.14517
117	157	0.665876
117	165	0.703227
117	176	0.685918
117	180	0.670284
118	42	0.717629
118	45	0.739305
118	47	0.738834
118	72	1.17159
118	99	0.5615
118	101	1.11262
118	107	1.14794
118	116	1.18281
118	123	1.12914
118	124	1.14783
118	134	1.15376
118	137	1.13252
118	140	1.17174
118	143	1.12231
118	148	0.630072
118	151	1.16042
118	157	1.14721
118	158	1.14424
118	159	1.13767
118	164	1.1358
118	165	0.658514
118	166	1.13881
118	167	0.680614
118	168	1.142
118	170	0.643086
118	171	1.13709
118	173	1.12169
118	175	0.640562
118	177	1.1218
118	178	1.14103
119	27	0.875379
119	63	0.69581
119	101	0.734556
119	121	1.11096
119	129	1.13512
119	139	1.13096
119	140	0.636061
119	146	1.12387
119	148	1.14981
119	149	1.1319
119	150	1.12383
119	153	1.12717
119	154	0.651666
119	156	1.13789
119	157	1.13062
119	158	0.65686
119	160	1.12007
119	161	1.11664
119	162	1.11194
119	165	1.11922
119	167	1.12852
119	169	1.1188
119	170	1.14009
119	172	1.13054
119	173	0.701287
119	174	1.12438
119	175	1.13021
119	176	1.13328
119	177	0.68662
119	179	0.553265
119	180	1.12429
120	19	1.04667
120	22	1.14492
120	27	1.01764
120	55	1.14214
120	58	1.06493
120	68	0.723405
120	75	1.1584
120	78	1.14235
120	82	1.13652
120	87	1.10519
120	88	1.10807
120	89	1.14256
120	99	1.1991
120	103	1.16823
120	104	1.16634
120	105	1.10651
120	108	1.12866
120	109	1.13781
120	112	1.10299
120	114	1.12205
120	117	1.14426
120	129	0.687759
120	134	0.67321
120	152	0.690476
120	154	1.19075
120	155	1.12391
120	156	0.731133
120	158	0.660249
120	162	0.758727
120	165	0.723328
120	179	0.556654
121	111	0.629456
121	119	1.11096
121	137	0.719569
121	138	1.14233
121	142	0.69605
121	143	0.710696
121	144	1.11182
121	146	1.1245
121	148	1.15044
121	149	1.13253
121	150	1.12445
121	151	0.651932
121	153	1.1278
121	156	1.13852
121	157	1.13125
121	159	0.690061
121	160	1.1207
121	161	1.11727
121	162	1.11257
121	165	1.11985
121	167	1.12915
121	169	1.11943
121	170	1.14072
121	171	0.695074
121	172	1.13117
121	174	1.12501
121	175	1.13084
121	176	1.13391
121	177	0.703656
121	178	0.689936
121	180	1.12492
122	55	0.682823
122	123	0.736101
122	127	0.696972
122	131	1.11992
122	133	1.13667
122	138	1.14067
122	141	1.13429
122	144	1.11016
122	146	1.12284
122	147	0.671711
122	148	1.14879
122	149	1.13088
122	150	1.1228
122	151	0.661248
122	153	1.12615
122	156	1.13686
122	160	1.11905
122	162	1.11092
122	163	0.620055
122	165	1.11819
122	166	0.702927
122	167	1.1275
122	169	1.11777
122	170	1.13907
122	172	1.12952
122	174	1.12335
122	175	1.12919
122	176	1.13226
122	177	0.712972
122	178	0.699253
122	180	1.12326
123	10	0.636353
123	63	1.12574
123	69	1.08884
123	118	1.12914
123	122	0.736101
123	128	1.09198
123	135	1.13468
123	137	1.11815
123	139	0.686244
123	140	1.15737
123	142	1.12483
123	143	1.10794
123	149	0.694595
123	151	1.14605
123	152	1.11595
123	154	0.636707
123	158	1.12986
123	159	1.1233
123	162	0.74038
123	164	1.12142
123	166	1.12444
123	168	1.12763
123	171	1.12272
123	173	1.10732
123	174	0.706219
123	175	0.687029
123	176	0.687671
123	177	1.10743
123	178	1.12665
123	179	1.24213
123	180	1.1265
124	9	0.777676
124	14	0.580503
124	86	1.11963
124	90	0.69997
124	98	1.14011
124	118	1.14783
124	127	1.14747
124	134	1.15809
124	135	1.15338
124	137	1.13684
124	140	1.17607
124	141	0.624755
124	142	1.14352
124	143	1.12663
124	144	0.683437
124	145	1.12069
124	146	0.643669
124	150	0.650215
124	151	1.16474
124	158	1.14856
124	159	1.14199
124	164	1.14012
124	165	0.656479
124	166	1.14313
124	168	1.14633
124	171	1.14141
124	173	1.12601
124	174	0.657716
124	176	0.639169
124	177	1.12612
124	178	1.14535
124	179	1.26082
124	180	1.14519
125	17	0.578533
125	23	0.636643
125	91	0.7016
125	93	0.736782
125	133	1.15897
125	134	0.644619
125	137	0.677331
125	139	1.15223
125	141	1.15658
125	144	1.13246
125	145	1.12106
125	146	1.14514
125	148	1.17108
125	149	1.15317
125	150	1.1451
125	154	0.626463
125	156	1.15916
125	157	1.1519
125	160	1.14135
125	161	1.13791
125	162	1.13321
125	165	1.14049
125	166	0.651373
125	167	1.1498
125	169	1.14007
125	170	1.16136
125	172	1.15182
125	173	0.676085
125	174	1.14565
125	175	1.15149
125	176	1.15455
125	177	0.661418
125	180	1.14556
126	2	1.1868
126	10	0.638531
126	13	1.20738
126	14	1.19952
126	17	1.19421
126	24	1.14961
126	25	1.13337
126	28	1.15081
126	30	1.14541
126	33	1.11181
126	36	1.11543
126	44	1.10421
126	46	1.19662
126	50	0.575361
126	59	1.155
126	62	1.14939
126	67	1.22501
126	85	1.12905
126	89	1.14402
126	96	1.13133
126	97	1.13502
126	100	1.08904
126	110	1.12313
126	115	1.09847
126	136	0.699439
126	141	0.675435
126	145	0.707268
126	150	0.700895
126	155	1.12536
126	160	0.729187
126	164	0.669543
126	179	0.540485
126	180	0.674215
127	16	1.19159
127	60	0.674859
127	62	0.69005
127	64	1.12785
127	70	1.10019
127	74	1.16695
127	79	1.14077
127	81	1.13874
127	83	0.552459
127	95	1.07935
127	112	1.11288
127	122	0.696972
127	124	1.14747
127	139	0.647115
127	141	0.634129
127	143	1.12195
127	147	1.15721
127	151	1.16005
127	154	1.20064
127	156	0.673657
127	158	1.14387
127	159	1.13731
127	160	0.68788
127	163	1.21816
127	164	1.13543
127	166	1.13845
127	167	0.687952
127	168	1.14164
127	173	1.12133
127	174	0.66709
127	177	1.12144
127	178	1.14066
127	179	1.25614
128	31	0.717868
128	77	1.11283
128	91	1.07411
128	92	0.686606
128	98	1.09863
128	101	1.07546
128	102	1.06751
128	114	0.744669
128	123	1.09198
128	129	0.705916
128	132	1.09241
128	133	0.736619
128	134	1.11661
128	135	1.11191
128	137	1.09537
128	140	1.13459
128	143	1.08516
128	147	1.12042
128	148	0.713043
128	149	0.731099
128	151	1.12327
128	157	1.11006
128	158	1.10708
128	161	0.727636
128	163	1.18137
128	164	1.09864
128	166	1.10166
128	168	1.10485
128	170	0.726057
128	171	1.09994
128	173	1.08454
128	176	0.724176
128	177	1.08465
128	178	1.10388
128	179	1.21935
128	180	1.10372
129	87	0.68473
129	91	0.686464
129	103	0.613573
129	107	0.592275
129	119	1.13512
129	120	0.687759
129	128	0.705916
129	131	1.14572
129	133	1.16247
129	138	1.16648
129	139	1.15574
129	141	1.16009
129	142	0.638677
129	144	1.13597
129	146	1.14865
129	148	1.17459
129	149	1.15668
129	150	1.14861
129	153	1.15196
129	155	0.67121
129	156	1.16267
129	160	1.14486
129	161	1.14142
129	162	1.13672
129	164	0.641985
129	165	1.144
129	167	1.1533
129	169	1.14358
129	170	1.16487
129	171	0.637701
129	172	1.15533
129	174	1.14916
129	175	1.15499
129	176	1.15806
129	178	0.632563
129	180	1.14907
130	13	0.547698
130	28	0.679297
130	37	1.24469
130	46	0.615747
130	71	0.659696
130	75	0.673444
130	81	0.690839
130	85	0.73515
130	96	0.664564
130	98	1.13043
130	114	0.728521
130	115	0.747453
130	142	1.13385
130	146	1.1351
130	147	1.15223
130	150	1.13506
130	152	1.12497
130	153	1.13841
130	154	0.657064
130	159	1.13232
130	160	1.13131
130	161	1.12788
130	162	1.12318
130	164	1.13045
130	166	1.13346
130	167	1.13976
130	168	1.13665
130	170	1.15133
130	171	1.13174
130	172	1.14178
130	173	1.11634
130	174	1.13562
130	175	1.14145
130	176	1.14452
130	177	1.11645
130	178	1.13568
130	180	1.13552
131	12	0.597403
131	61	0.661823
131	101	0.73211
131	102	0.694089
131	109	0.729961
131	112	0.709362
131	122	1.11992
131	129	1.14572
131	133	1.1483
131	138	1.1523
131	139	1.14156
131	141	1.14592
131	143	0.691215
131	144	1.12179
131	146	1.13447
131	148	1.16042
131	149	1.14251
131	150	1.13443
131	153	1.13778
131	156	1.14849
131	157	1.14123
131	160	1.13068
131	161	1.12725
131	162	1.12255
131	165	1.12982
131	167	1.13913
131	168	0.678765
131	169	1.1294
131	170	1.1507
131	171	0.675593
131	172	1.14115
131	174	1.13498
131	175	1.14082
131	176	1.14389
131	178	0.670455
131	179	0.550819
131	180	1.13489
132	25	0.685674
132	30	0.672312
132	40	0.725597
132	44	0.70504
132	46	0.624663
132	61	0.678583
132	89	0.717996
132	93	1.07588
132	96	0.673479
132	103	0.668225
132	112	0.726122
132	117	0.72231
132	128	1.09241
132	134	1.13982
132	138	1.14434
132	142	1.12525
132	147	1.14363
132	148	1.15245
132	153	1.12981
132	156	1.14053
132	158	1.13029
132	159	1.12372
132	160	1.12271
132	161	1.11928
132	162	1.11458
132	164	1.12185
132	167	1.13116
132	168	1.12806
132	170	1.14273
132	171	1.12314
132	172	1.13318
132	173	1.10774
132	174	1.12702
132	175	1.13285
132	176	1.13592
132	177	1.10785
132	178	1.12708
132	180	1.12692
133	56	0.654254
133	69	0.76614
133	72	0.651783
133	92	1.1831
133	104	0.634151
133	122	1.13667
133	125	1.15897
133	128	0.736619
133	129	1.16247
133	131	1.1483
133	135	0.642316
133	138	1.16906
133	139	1.15832
133	141	1.16267
133	144	1.13855
133	146	1.15123
133	147	0.635725
133	148	1.17717
133	149	1.15926
133	150	1.15118
133	151	0.625262
133	152	1.14109
133	153	1.15453
133	154	0.642031
133	156	1.16524
133	160	1.14743
133	162	1.1393
133	163	0.584069
133	164	0.672688
133	165	1.14658
133	167	1.15588
133	169	1.14615
133	170	1.16745
133	172	1.1579
133	174	1.15174
133	175	1.15757
133	176	1.16064
133	179	0.54363
133	180	1.15164
134	21	1.16146
134	52	1.2234
134	63	1.15037
134	69	1.11346
134	86	1.12557
134	92	0.610174
134	94	0.656577
134	98	1.14604
134	101	1.12287
134	106	0.628765
134	108	0.640684
134	118	1.15376
134	120	0.67321
