1	18	0.871183
1	21	0.94741
1	46	0.999236
1	50	0.958858
1	88	0.91217
1	96	0.902872
1	99	0.922702
1	103	0.925158
1	113	0.959871
1	170	1.39179
1	176	2.25215
1	177	0.654498
2	110	0.990343
2	127	1.06755
2	134	0.911603
2	143	0.938155
2	149	1.02028
2	155	0.906062
2	158	0.960226
2	172	0.898851
2	174	0.989901
2	175	0.911193
2	177	0.906367
2	180	0.918905
3	39	0.617994
3	66	0.81406
3	100	1.13164
3	143	1.06881
3	169	1.03743
3	171	0.640396
3	172	1.02951
3	174	0.729993
3	175	1.04185
3	177	1.03702
3	178	1.00503
3	180	1.04956
4	39	1.01923
4	41	0.723515
4	51	1.07152
4	62	1.04076
4	68	1.04283
4	105	1.02552
4	125	1.06121
4	132	1.0577
4	159	1.08126
4	160	1.1408
4	172	1.19259
4	178	1.30654
5	18	0.877651
5	35	0.919197
5	42	1.05879
5	79	0.98037
5	113	1.07256
5	120	0.992491
5	138	0.952103
5	144	0.993344
5	155	0.894501
5	161	0.847984
5	168	0.923671
5	175	0.899632
6	26	0.79083
6	80	1.00226
6	136	1.08377
6	147	0.999273
6	151	1.05824
6	154	1.20097
6	163	1.05964
6	169	1.37856
6	171	1.06273
6	173	1.0445
6	174	1.03887
6	179	1.04837
7	89	1.05243
7	90	1.10564
7	104	0.887705
7	124	1.08917
7	125	1.08925
7	162	1.0549
7	163	0.645315
7	165	0.694866
7	168	1.03293
7	169	1.00447
7	171	0.607606
7	178	0.972067
8	20	1.1453
8	113	0.68532
8	131	0.857134
8	140	1.11449
8	158	0.650352
8	164	1.04505
8	169	1.0238
8	172	1.01588
8	173	0.633856
8	175	1.02822
8	178	0.991399
8	180	1.03593
9	37	0.925275
9	55	1.17997
9	64	0.923537
9	90	0.950762
9	102	1.48249
9	132	0.930861
9	148	0.941625
9	156	1.50613
9	158	0.94203
9	167	0.932238
9	173	0.92962
9	174	0.923985
10	11	1.08024
10	21	1.05895
10	50	1.0704
10	88	1.02371
10	91	1.07965
10	96	1.01441
10	99	1.03424
10	103	1.0367
10	142	1.05173
10	146	1.72775
10	159	0.269047
10	176	1.55619
11	10	1.08024
11	16	1.81683
11	46	1.10127
11	54	1.04923
11	58	1.03955
11	88	1.01421
11	91	1.07014
11	97	1.10423
11	99	1.02474
11	103	1.0272
11	115	0.240899
11	161	1.4926
12	95	1.02834
12	119	1.03201
12	141	0.969858
12	150	0.9945
12	151	1.00535
12	154	0.951753
12	157	0.983088
12	160	0.891532
12	168	0.910175
12	175	0.886136
12	177	0.881311
12	180	0.893849
13	83	1.01257
13	106	1.02706
13	146	0.819516
13	149	1.02489
13	153	0.988148
13	156	0.976871
13	166	1.01059
13	168	0.939839
13	171	0.983109
13	175	0.915801
13	176	0.799217
13	180	0.923513
14	36	0.155583
14	63	1.05118
14	112	0.940515
14	141	1.12915
14	160	1.05082
14	169	1.04101
14	171	0.801156
14	172	1.03309
14	173	0.844583
14	175	1.04543
14	177	1.0406
14	178	1.00861
15	74	1.1477
15	84	0.661779
15	104	0.77556
15	105	0.835677
15	107	0.944374
15	138	1.08128
15	164	1.04564
15	166	1.1236
15	174	0.585058
15	175	1.02881
15	178	0.991989
15	180	1.03652
16	11	1.81683
16	73	1.44972
16	107	0.738616
16	166	0.917838
16	167	0.901284
16	171	0.916895
16	172	0.810709
16	174	0.893031
16	175	0.823051
16	176	0.706468
16	178	0.786231
16	179	0.902528
17	54	0.486094
17	65	0.876894
17	101	1.23895
17	119	1.04507
17	128	1.2575
17	141	0.982912
17	155	0.894058
17	166	0.993977
17	168	0.923228
17	172	0.886848
17	177	0.894364
17	180	0.906902
18	1	0.871183
18	5	0.877651
18	21	0.951929
18	36	0.920466
18	44	2.52278
18	50	0.963377
18	54	0.951713
18	88	0.916688
18	91	0.972625
18	99	0.927221
18	103	0.929677
18	119	0.636492
19	47	1.0793
19	68	0.315799
19	92	1.02421
19	144	1.0958
19	147	1.08738
19	159	1.1025
19	168	1.02613
19	169	0.997678
19	174	0.798845
19	175	1.00209
19	179	0.625518
19	180	1.00981
20	8	1.1453
20	61	1.09647
20	104	0.958505
20	109	0.877921
20	138	1.02384
20	142	0.9027
20	149	1.08046
20	163	0.716115
20	175	0.971368
20	177	0.966542
20	178	0.934548
20	179	0.594676
20	180	0.97908
21	1	0.94741
21	10	1.05895
21	18	0.951929
21	23	1.02286
21	50	1.0396
21	54	1.02794
21	63	1.35254
21	74	0.888967
21	91	1.04885
21	99	1.00345
21	103	1.0059
21	140	1.06885
21	172	1.40125
22	102	0.924939
22	135	0.934719
22	141	0.948848
22	150	1.1442
22	153	0.937474
22	156	0.926197
22	163	1.10468
22	166	0.959913
22	168	0.889165
22	171	1.06698
22	172	0.852784
22	175	0.865126
22	177	0.8603
23	21	1.02286
23	36	0.9914
23	50	1.03431
23	58	1.01297
23	63	1.01281
23	88	0.987622
23	91	1.04356
23	96	0.978324
23	99	0.998155
23	113	1.03532
23	118	0.905054
23	141	0.69042
23	142	2.1725
24	25	1.02982
24	39	0.984556
24	62	1.00609
24	73	1.01083
24	82	0.969669
24	89	0.989717
24	90	1.04293
24	115	1.03959
24	124	1.02646
24	142	1.87844
24	143	0.691243
24	161	1.55256
24	169	0.701745
25	24	1.02982
25	51	1.02861
25	68	0.99992
25	73	1.00259
25	78	1.3723
25	82	0.96143
25	115	1.03135
25	124	1.01822
25	125	1.01829
25	132	1.01479
25	154	1.11362
25	166	0.981856
25	175	1.28737
26	6	0.79083
26	80	0.909175
26	101	0.785703
26	109	0.852708
26	119	1.11065
26	122	1.03966
26	153	1.03712
26	155	0.959642
26	156	1.02584
26	157	1.06173
26	175	0.964774
26	178	0.927954
26	180	0.972486
27	32	0.862069
27	112	1.14747
27	117	0.980834
27	133	1.06644
27	147	0.972562
27	154	0.952894
27	155	0.882147
27	156	0.948349
27	165	1.09537
27	172	0.874936
27	177	0.882452
27	178	0.850458
27	180	0.89499
28	120	0.98943
28	121	0.987038
28	130	1.03631
28	133	1.01695
28	152	1.02621
28	160	1.37254
28	165	1.0103
28	167	1.01043
28	168	1.27108
28	171	1.02604
28	173	1.00781
28	174	1.00218
28	179	1.01167
29	76	1.04052
29	116	1.03447
29	119	0.909192
29	152	1.04578
29	163	1.04252
29	165	1.02988
29	167	1.03001
29	168	1.32607
29	173	1.02739
29	174	1.02175
29	175	1.40977
29	176	0.83519
29	179	1.03125
30	75	1.12946
30	93	0.716951
30	133	1.17112
30	135	1.14934
30	140	0.977916
30	159	0.905265
30	164	1.16835
30	167	1.1646
30	171	1.18021
30	173	1.16198
30	174	1.15634
30	176	0.969779
30	179	1.16584
31	56	1.01226
31	102	1.01093
31	109	0.944312
31	113	0.839687
31	136	0.85167
31	156	1.01219
31	157	1.04807
31	158	0.804718
31	162	0.997132
31	164	0.967943
31	172	0.938775
31	175	0.951116
31	177	0.946291
31	178	0.914296
32	27	0.862069
32	40	1.26748
32	46	0.967838
32	91	0.936709
32	99	0.891305
32	103	0.89376
32	107	0.744643
32	113	0.928473
32	139	0.969674
32	158	1.19169
32	166	0.923865
32	168	0.853116
32	173	1.17519
32	175	0.829077
33	39	1.05014
33	49	0.883304
33	61	0.755171
33	62	1.07167
33	64	1.08128
33	90	1.10851
33	115	1.10517
33	124	1.09204
33	125	1.09211
33	132	1.08861
33	153	0.889883
33	157	0.836977
33	159	1.11216
33	170	1.89998
34	47	0.991088
34	106	1.08258
34	123	0.994264
34	136	1.11793
34	143	1.27814
34	144	0.962448
34	151	1.0924
34	163	1.0938
34	165	1.08116
34	166	0.979295
34	171	1.0969
34	173	1.07867
34	174	1.07303
34	179	1.08253
35	5	0.919197
35	82	1.06972
35	117	0.967407
35	141	0.957573
35	160	0.879246
35	164	0.890677
35	168	0.897889
35	169	0.869435
35	170	0.823415
35	174	1.3383
35	175	0.873851
35	178	0.837031
35	179	1.16498
35	180	0.881563
36	14	0.155583
36	18	0.920466
36	23	0.9914
36	43	0.962315
36	44	1.97722
36	50	1.00814
36	58	0.986796
36	88	0.961452
36	91	1.01739
36	99	0.971985
36	103	0.974441
36	113	1.00915
36	135	0.500094
36	176	2.27651
37	9	0.925275
37	39	0.963941
37	62	0.985475
37	82	0.949054
37	89	0.969102
37	90	1.02231
37	118	0.951117
37	124	1.00584
37	132	1.00241
37	144	0.859609
37	154	1.00822
37	159	1.02597
37	170	2.00661
37	180	1.17209
38	85	1.07893
38	93	1.07888
38	99	0.463461
38	135	1.01206
38	139	1.08306
38	143	0.969424
38	145	0.920444
38	150	0.895047
38	155	0.937331
38	162	0.988478
38	169	0.938047
38	177	0.937637
38	178	0.905643
38	180	0.950175
39	3	0.617994
39	4	1.01923
39	24	0.984556
39	33	1.05014
39	37	0.963941
39	51	0.98335
39	68	0.954659
39	82	0.916169
39	90	0.989428
39	125	0.973034
39	132	0.969527
39	155	1.26791
39	166	0.909168
39	170	2.03932
40	32	1.26748
40	101	1.03029
40	106	0.996402
40	126	0.997066
40	141	1.07125
40	147	0.997348
40	165	0.994975
40	167	0.995104
40	171	1.01071
40	172	1.44235
40	173	0.992485
40	174	0.98685
40	176	0.800287
40	179	0.996348
41	4	0.723515
41	57	1.10507
41	79	1.02958
41	121	1.03503
41	139	1.08944
41	140	1.03511
41	162	0.994855
41	164	0.965667
41	169	0.944425
41	172	0.936498
41	175	0.94884
41	177	0.944014
41	178	0.91202
41	179	0.753833
42	5	1.05879
42	86	1.02012
42	87	0.855799
42	131	1.08434
42	138	1.00301
42	142	0.95827
42	150	1.09751
42	158	1.11496
42	163	1.11768
42	166	1.01269
42	171	1.12078
42	173	1.10255
42	174	1.09692
42	179	1.10641
43	36	0.962315
43	67	1.09535
43	68	0.576481
43	88	0.958537
43	91	1.01447
43	99	0.96907
43	103	0.971526
43	110	0.985993
43	111	1.04419
43	117	1.0004
43	130	0.954581
43	167	0.94089
43	168	0.930881
43	170	0.856407
43	172	0.894501
44	18	2.52278
44	36	1.97722
44	66	0.840852
44	96	0.795428
44	107	0.668597
44	119	0.898908
44	139	0.893628
44	148	0.840652
44	152	0.847043
44	165	0.831136
44	170	0.702596
44	171	0.846876
44	172	0.74069
44	179	0.832509
44	180	0.760744
45	59	1.06887
45	71	1.02134
45	134	1.31332
45	145	1.03965
45	148	1.05724
45	152	1.06363
45	159	0.824525
45	165	1.04772
45	166	0.854501
45	167	1.04785
45	171	1.06346
45	174	1.0396
45	175	1.16001
45	178	1.34352
45	179	1.0491
46	1	0.999236
46	11	1.10127
46	32	0.967838
46	54	1.07977
46	58	1.07008
46	88	1.04474
46	96	1.03544
46	99	1.05527
46	103	1.05773
46	113	1.09244
46	144	0.698175
46	161	1.87519
46	164	0.948133
46	169	1.02437
46	180	1.01066
47	19	1.0793
47	34	0.991088
47	76	1.00103
47	102	0.991307
47	106	0.987313
47	138	0.983965
47	140	1.01777
47	150	1.02059
47	167	0.914323
47	169	0.927079
47	172	0.919153
47	175	0.931495
47	176	0.814911
47	178	0.894675
47	180	0.939207
48	52	0.70599
48	106	1.05324
48	112	1.05058
48	118	1.17405
48	129	1.0425
48	131	1.03111
48	145	1.04374
48	152	1.06772
48	157	1.02259
48	169	1.26479
48	171	1.06755
48	172	1.33051
48	173	1.04932
48	174	1.04369
48	179	1.05318
49	33	0.883304
49	65	0.882653
49	70	1.14798
49	106	1.089
49	123	0.971435
49	135	0.974541
49	138	0.957419
49	144	0.99866
49	154	0.970565
49	156	0.966019
49	169	0.900534
49	173	1.08848
49	175	0.904949
49	177	0.900123
49	178	0.868129
49	180	0.912661
50	1	0.958858
50	10	1.0704
50	18	0.963377
50	21	1.0396
50	23	1.03431
50	36	1.00814
50	58	1.02971
50	88	1.00436
50	91	1.0603
50	99	1.0149
50	103	1.01735
50	139	0.85667
50	144	0.946715
50	149	0.903873
50	157	1.03072
50	161	2.12373
51	4	1.07152
51	25	1.02861
51	39	0.98335
51	56	1.19857
51	64	1.0145
51	68	1.00695
51	73	1.00963
51	79	0.973564
51	118	0.970526
51	124	1.02525
51	125	1.02533
51	132	1.02182
51	159	1.04538
51	162	1.00733
51	164	1.19538
51	178	1.45129
52	48	0.70599
52	89	1.02756
52	90	1.08077
52	118	1.00958
52	121	0.879584
52	125	1.06438
52	131	0.948823
52	132	1.06087
52	148	0.770539
52	160	0.989411
52	166	1.0788
52	172	0.971674
52	173	0.725544
52	177	0.97919
52	178	0.947196
52	180	0.991728
53	105	0.948928
53	109	0.808228
53	129	0.79773
53	141	1.09523
53	155	1.00637
53	156	1.07257
53	162	1.05752
53	163	0.646421
53	164	1.02833
53	169	1.00709
53	172	0.999162
53	173	0.652138
53	175	1.0115
53	176	0.89492
53	177	1.00668
53	180	1.01922
54	11	1.04923
54	17	0.486094
54	18	0.951713
54	21	1.02794
54	46	1.07977
54	58	1.01804
54	88	0.992699
54	91	1.04864
54	96	0.983401
54	99	1.00323
54	103	1.00569
54	107	1.99346
54	113	1.0404
54	142	1.79727
54	172	0.686295
54	177	0.704085
55	9	1.17997
55	85	0.813062
55	98	1.12474
55	129	0.740971
55	139	1.10069
55	148	0.640374
55	149	1.06919
55	153	1.03245
55	156	1.02117
55	160	0.965493
55	166	1.05489
55	169	0.955683
55	172	0.947756
55	174	0.64155
55	175	0.960098
55	180	0.96781
56	31	1.01226
56	51	1.19857
56	110	0.994579
56	124	0.639551
56	139	1.05603
56	157	1.01238
56	164	0.932256
56	167	1.13884
56	169	0.911014
56	170	0.864993
56	171	1.16788
56	172	0.903087
56	176	0.798846
56	177	0.910604
56	178	0.878609
56	180	0.923142
57	41	1.10507
57	84	1.04726
57	93	0.98079
57	112	1.02277
57	115	1.10755
57	139	1.09219
57	151	1.03525
57	153	1.31914
57	158	1.03393
57	163	1.03665
57	165	1.02401
57	170	0.895467
57	171	1.03975
57	173	1.02152
57	174	1.01588
57	179	1.02538
58	11	1.03955
58	23	1.01297
58	36	0.986796
58	46	1.07008
58	50	1.02971
58	54	1.01804
58	88	0.983018
58	91	1.03896
58	97	1.0805
58	99	0.993551
58	103	0.996007
58	113	1.03072
58	168	0.530517
58	170	1.43886
58	176	2.29921
58	180	0.604339
59	45	1.06887
59	81	1.01536
59	104	1.02154
59	122	1.09731
59	141	1.25448
59	148	1.04116
59	149	1.19082
59	150	1.02411
59	156	1.19705
59	158	1.04156
59	167	1.03177
59	171	1.04738
59	173	1.02915
59	174	1.02352
59	176	0.836952
59	179	1.03301
60	79	1.08777
60	83	1.03462
60	114	1.01493
60	127	1.00379
60	129	1.00697
60	133	1.02293
60	134	1.5353
60	140	1.11915
60	144	1.05963
60	147	1.00654
60	163	1.02893
60	165	1.01628
60	171	1.03202
60	173	1.01379
60	174	1.00816
60	179	1.01766
61	20	1.09647
61	33	0.755171
61	64	0.497984
61	98	1.14403
61	117	1.07295
61	135	1.04898
61	156	1.04046
61	162	1.02541
61	168	1.00343
61	171	0.916916
61	173	0.960343
61	176	0.862809
61	177	0.974567
61	178	0.942572
61	179	0.833187
61	180	0.987105
62	4	1.04076
62	24	1.00609
62	33	1.07167
62	37	0.985475
62	63	1.42205
62	64	0.983738
62	73	0.978869
62	82	0.937704
62	89	0.957752
62	110	1.11487
62	118	0.939767
62	123	1.11065
62	124	0.994492
62	132	0.991062
62	139	0.98879
62	159	1.01462
62	177	1.48854
63	14	1.05118
63	21	1.35254
63	23	1.01281
63	62	1.42205
63	80	0.893403
63	119	1.00591
63	125	1.09818
63	136	0.974915
63	146	0.763751
63	148	0.947655
63	162	0.90605
63	169	0.85562
63	171	0.953879
63	172	0.847693
63	173	0.935649
63	178	0.823215
63	179	0.939512
64	9	0.923537
64	33	1.08128
64	51	1.0145
64	61	0.497984
64	62	0.983738
64	82	0.947317
64	86	0.98401
64	89	0.967365
64	105	0.968492
64	124	1.0041
64	125	1.00418
64	132	1.00067
64	140	0.555312
64	143	0.811487
64	159	1.02423
64	170	1.64279
64	176	2.50315
65	17	0.876894
65	49	0.882653
65	97	0.842881
65	110	0.911141
65	114	1.50883
65	140	0.918265
65	142	0.763324
65	146	0.735707
65	149	0.941081
65	155	0.82686
65	157	0.928942
65	160	0.837386
65	161	0.780343
65	169	0.827576
65	173	1.56309
65	177	0.827165
65	179	1.43593
66	3	0.81406
66	44	0.840852
66	126	1.0223
66	129	1.0109
66	136	1.05699
66	145	1.01214
66	150	1.01268
66	155	1.46397
66	156	1.05178
66	158	1.03013
66	162	1.1503
66	171	1.03595
66	173	1.01772
66	174	1.01209
66	176	0.825523
66	179	1.02158
66	180	1.40087
67	43	1.09535
67	85	1.01082
67	98	0.892246
67	106	0.999059
67	120	0.997164
67	151	1.00888
67	158	1.00755
67	163	1.01027
67	165	0.997632
67	167	0.99776
67	170	0.869091
67	171	1.01337
67	173	0.995142
67	174	0.989507
67	178	1.54601
67	179	0.999004
67	180	1.35263
68	4	1.04283
68	19	0.315799
68	25	0.99992
68	39	0.954659
68	43	0.576481
68	51	1.00695
68	73	0.980938
68	90	1.01303
68	105	0.960949
68	118	0.941836
68	124	0.996561
68	125	0.996638
68	132	0.993131
68	141	0.542093
68	146	2.70018
68	159	1.01669
68	161	1.69829
69	104	1.23983
69	130	0.947364
69	134	0.900036
69	141	0.983348
69	146	0.803342
69	151	1.04782
69	153	0.971974
69	157	0.996578
69	160	0.905021
69	162	0.945642
69	169	0.895211
69	172	0.887284
69	173	1.00316
69	174	1.04933
69	177	0.8948
69	178	0.862806
69	180	0.907339
70	49	1.14798
70	92	0.97147
70	95	1.00346
70	100	1.04761
70	131	0.990832
70	148	1.02105
70	157	1.10165
70	158	1.02146
70	160	1.35778
70	164	1.26761
70	165	1.01154
70	167	1.01167
70	171	1.02728
70	173	1.00905
70	174	1.00341
70	176	0.816849
70	179	1.01291
71	45	1.02134
71	76	1.01763
71	108	1.02331
71	113	1.0054
71	126	0.986198
71	127	0.971613
71	128	0.971695
71	136	1.02088
71	138	1.07169
71	151	0.995354
71	167	0.984236
71	171	0.999847
71	173	0.981617
71	174	0.975982
71	178	1.57039
71	179	0.98548
71	180	1.377
72	85	1.04845
72	92	0.995194
72	112	1.03403
72	119	0.950162
72	126	1.03735
72	137	1.16369
72	140	1.1879
72	146	0.860872
72	148	1.04478
72	165	1.03526
72	166	1.14523
72	170	0.90672
72	173	1.03277
72	174	1.02714
72	176	0.840572
72	178	1.63425
72	179	1.03663
73	16	1.44972
73	24	1.01083
73	25	1.00259
73	51	1.00963
73	62	0.978869
73	68	0.980938
73	82	0.942448
73	87	1.0001
73	89	0.962496
73	124	0.999235
73	125	0.999312
73	132	0.995805
73	146	2.12738
73	157	0.288979
73	159	1.01936
73	161	1.12549
73	170	1.09547
74	15	1.1477
74	21	0.888967
74	89	0.652843
74	126	0.985189
74	134	0.973583
74	136	0.901237
74	151	0.882444
74	155	0.968042
74	156	1.03424
74	164	0.99
74	168	0.997211
74	169	0.968758
74	172	0.960831
74	175	0.973173
74	177	0.968347
74	178	0.936353
74	180	0.980885
75	30	1.12946
75	80	0.930753
75	83	0.993826
75	93	1.00716
75	109	0.989186
75	115	1.13392
75	119	1.03039
75	128	0.963077
75	129	0.966177
75	145	0.967416
75	163	0.988132
75	167	0.975618
75	172	1.60052
75	173	0.972999
75	174	0.967364
75	176	0.780801
75	177	1.61831
75	179	0.976862
76	29	1.04052
76	47	1.00103
76	71	1.01763
76	81	1.0743
76	117	1.01737
76	141	1.00754
76	144	1.01753
76	148	0.95625
76	162	0.969833
76	165	0.95509
76	166	1.0186
76	167	0.838789
76	169	0.919403
76	172	0.911476
76	175	0.923818
76	177	0.918992
76	178	0.886998
76	180	0.93153
77	87	0.86878
77	102	0.948571
77	104	1.0492
77	129	1.04999
77	145	1.05123
77	148	1.06882
77	149	0.965982
77	152	1.07521
77	161	0.929547
77	163	1.07194
77	166	1.02567
77	167	1.05943
77	169	1.33502
77	171	1.07504
77	173	1.05681
77	174	1.05117
77	177	1.41853
77	179	1.06067
78	25	1.3723
78	90	0.976652
78	98	1.02582
78	99	0.967661
78	100	0.950963
78	132	1.07252
78	134	0.861584
78	150	0.931748
78	154	0.92679
78	165	0.939279
78	167	0.939407
78	170	0.810738
78	171	0.955018
78	173	0.936789
78	174	0.931154
78	178	0.824354
78	180	0.868886
79	5	0.98037
79	41	1.02958
79	51	0.973564
79	60	1.08777
79	82	0.763884
79	130	0.982762
79	135	1.00462
79	139	1.07562
79	146	0.83874
79	151	1.03095
79	153	1.00737
79	160	0.94042
79	166	1.02981
79	167	0.913826
79	168	0.959063
79	172	0.922683
79	177	0.930199
79	178	0.898205
80	6	1.00226
80	26	0.909175
80	63	0.893403
80	75	0.930753
80	83	0.984096
80	104	0.955661
80	121	0.942496
80	137	1.20602
80	145	0.957686
80	155	1.54629
80	158	0.97568
80	164	1.42066
80	165	0.965759
80	167	0.965888
80	168	1.40937
80	170	0.837219
80	173	0.96327
80	174	0.957635
80	179	0.967132
81	59	1.01536
81	76	1.0743
81	107	0.920332
81	123	1.07125
81	133	0.754744
81	135	1.07436
81	137	1.07663
81	157	1.10172
81	163	0.734124
81	164	1.02159
81	165	0.783674
81	166	1.09955
81	169	1.00035
81	171	0.696414
81	172	0.992425
81	173	0.73984
81	176	0.888183
81	178	0.967947
81	180	1.01248
82	24	0.969669
82	25	0.96143
82	35	1.06972
82	37	0.949054
82	39	0.916169
82	62	0.937704
82	64	0.947317
82	73	0.942448
82	79	0.763884
82	86	0.937977
82	87	0.958935
82	89	0.921331
82	115	0.971206
82	123	0.767556
82	125	0.958148
82	132	0.954641
82	159	0.978196
82	161	1.91276
82	170	1.88274
83	13	1.01257
83	60	1.03462
83	75	0.993826
83	80	0.984096
83	110	0.980216
83	114	1.02747
83	127	1.01634
83	138	0.951354
83	150	1.0213
83	162	1.00609
83	163	1.04148
83	165	1.02883
83	167	1.02896
83	171	1.04457
83	173	1.02634
83	174	1.02071
83	175	1.26654
83	178	1.45005
83	179	1.03021
84	15	0.661779
84	57	1.04726
84	93	0.879598
84	116	1.03835
84	121	1.01049
84	127	1.02126
84	145	1.02568
84	148	1.04327
84	153	1.21795
84	155	1.45663
84	161	0.903997
84	162	1.14295
84	165	1.03375
84	167	1.03388
84	168	1.3197
84	171	1.04949
84	173	1.03126
84	174	1.02562
84	179	1.03512
85	38	1.07893
85	55	0.813062
85	67	1.01082
85	72	1.04845
85	94	1.0392
85	104	1.01359
85	119	0.997614
85	140	1.23535
85	144	1.17583
85	146	0.849296
85	148	1.0332
85	150	1.01615
85	151	1.03493
85	167	1.02381
85	171	1.03942
85	173	1.02119
85	174	1.01556
85	175	1.49819
85	176	0.828997
85	179	1.02506
86	42	1.02012
86	64	0.98401
86	82	0.937977
86	90	1.01123
86	95	1.05007
86	124	0.994764
86	125	0.994841
86	132	0.991334
86	147	0.999762
86	151	1.02708
86	153	0.986826
86	159	1.01489
86	161	0.86283
86	163	0.976712
86	168	0.938517
86	170	0.864043
86	176	0.797895
86	179	0.855273
86	180	0.922191
87	42	0.855799
87	73	1.0001
87	77	0.86878
87	82	0.958935
87	92	1.08964
87	108	1.01814
87	115	1.02886
87	119	1.08131
87	124	1.01572
87	125	1.0158
87	132	1.01229
87	150	0.851906
87	151	0.862759
87	156	0.996507
87	159	1.03585
87	166	1.03022
87	175	0.935437
87	177	0.930611
87	179	0.690949
87	180	0.943149
88	1	0.91217
88	10	1.02371
88	11	1.01421
88	18	0.916688
88	23	0.987622
88	36	0.961452
88	43	0.958537
88	46	1.04474
88	50	1.00436
88	54	0.992699
88	58	0.983018
88	91	1.01361
88	96	0.948377
88	99	0.968208
88	103	0.970664
88	118	0.743309
88	137	0.543171
88	142	2.01075
88	155	0.883443
88	176	2.51521
88	177	0.917566
89	7	1.05243
89	24	0.989717
89	37	0.969102
89	52	1.02756
89	62	0.957752
89	64	0.967365
89	73	0.962496
89	74	0.652843
89	82	0.921331
89	90	0.994589
89	105	0.942507
89	115	0.991254
89	120	0.730219
89	124	0.978119
89	125	0.978196
89	132	0.974689
89	134	1.24887
89	154	0.921809
89	159	0.998244
89	164	1.02316
89	176	2.78056
90	7	1.10564
90	9	0.950762
90	24	1.04293
90	33	1.10851
90	37	1.02231
90	39	0.989428
90	52	1.08077
90	68	1.01303
90	78	0.976652
90	86	1.01123
90	89	0.994589
90	97	1.358
90	98	0.421454
90	105	0.995717
90	118	0.976604
90	124	1.03133
90	132	1.0279
90	134	1.04502
90	157	0.653356
90	159	1.05145
90	175	0.891714
90	176	2.57671
91	10	1.07965
91	11	1.07014
91	18	0.972625
91	21	1.04885
91	23	1.04356
91	32	0.936709
91	36	1.01739
91	43	1.01447
91	50	1.0603
91	54	1.04864
91	58	1.03896
91	88	1.01361
91	96	1.00431
91	98	0.552573
91	99	1.02414
91	103	1.0266
91	117	0.631968
91	139	0.610428
91	146	2.87938
91	149	0.657632
91	164	0.950431
91	170	1.84748
92	19	1.02421
92	70	0.97147
92	72	0.995194
92	87	1.08964
92	93	1.02824
92	94	0.985948
92	111	0.989168
92	112	0.969196
92	116	0.975024
92	126	0.97252
92	135	1.46063
92	136	1.0072
92	138	1.23685
92	148	0.979944
92	161	0.840676
92	163	0.983072
92	170	0.841888
92	171	0.986168
92	173	0.967939
92	174	0.962304
92	175	1.55204
92	179	0.971801
93	30	0.716951
93	38	1.07888
93	57	0.98079
93	75	1.00716
93	84	0.879598
93	92	1.02824
93	95	0.824345
93	107	0.906268
93	108	1.07341
93	123	1.05719
93	134	0.991113
93	138	1.04317
93	143	1.01766
93	144	1.08441
93	147	1.07599
93	152	0.782308
93	153	1.06305
93	154	1.05632
93	155	0.985571
93	162	1.03672
93	169	0.986287
93	178	0.953883
94	85	1.0392
94	92	0.985948
94	95	1.01793
94	109	1.03971
94	110	1.02145
94	111	1.04475
94	128	1.0136
94	147	0.932334
94	149	0.942579
94	150	1.01848
94	152	1.04192
94	158	1.03594
94	161	0.896263
94	167	1.02614
94	171	1.04175
94	172	1.37734
94	173	1.02353
94	174	1.01789
94	175	1.30778
94	176	0.831327
94	177	1.39513
94	179	1.02739
94	180	1.29791
95	12	1.02834
95	70	1.00346
95	86	1.05007
95	93	0.824345
95	94	1.01793
95	98	0.877887
95	111	1.02115
95	121	0.979151
95	131	0.981709
95	136	1.03919
95	145	0.994341
95	151	1.01366
95	152	1.01832
95	158	1.01233
95	159	1.01266
95	160	1.36591
95	163	1.01506
95	165	1.00241
95	167	1.00254
95	173	0.999924
95	174	0.994289
95	178	1.53166
95	179	1.00379
96	1	0.902872
96	10	1.01441
96	23	0.978324
96	44	0.795428
96	46	1.03544
96	54	0.983401
96	88	0.948377
96	91	1.00431
96	103	0.961365
96	121	1.07659
96	125	0.719374
96	126	1.06995
96	138	0.949153
96	149	1.00577
96	151	0.96721
96	159	0.997094
96	164	0.91351
96	168	0.920721
96	169	0.892268
96	173	0.922555
96	174	0.968726
96	177	0.891857
96	180	0.904395
97	11	1.10423
97	58	1.0805
97	65	0.842881
97	90	1.358
97	99	1.34901
97	125	1.54361
97	128	0.930869
97	138	0.917647
97	144	0.958888
97	151	0.954528
97	162	0.911192
97	164	0.882003
97	167	0.94341
97	170	0.814741
97	171	0.959021
97	172	0.852835
97	173	0.940791
97	174	0.935156
97	176	0.748593
97	177	0.860351
97	178	0.828357
97	179	0.944654
97	180	0.872889
98	55	1.12474
98	61	1.14403
98	67	0.892246
98	78	1.02582
98	90	0.421454
98	91	0.552573
98	95	0.877887
98	105	1.10704
98	142	0.95026
98	143	1.04589
98	144	1.11264
98	145	0.869447
98	148	0.855242
98	151	0.854903
98	153	1.09127
98	154	1.08454
98	157	1.11588
98	168	1.04297
98	169	1.01451
98	172	1.00659
98	175	1.01893
98	177	1.0141
98	178	0.982108
98	180	1.02664
99	1	0.922702
99	10	1.03424
99	11	1.02474
99	18	0.927221
99	21	1.00345
99	23	0.998155
99	32	0.891305
99	36	0.971985
99	38	0.463461
99	43	0.96907
99	46	1.05527
99	50	1.0149
99	54	1.00323
99	58	0.993551
99	78	0.967661
99	88	0.968208
99	91	1.02414
99	97	1.34901
99	100	0.590321
99	103	0.981196
99	113	1.01591
99	139	0.470319
99	170	1.70737
99	176	2.56772
100	3	1.13164
100	70	1.04761
100	78	0.950963
100	99	0.590321
100	106	0.988629
100	112	1.08404
100	117	1.03763
100	125	0.784924
100	130	0.991812
100	132	0.695178
100	135	1.01367
100	137	1.01594
100	149	1.05316
100	155	0.938944
100	157	1.04103
100	160	0.94947
100	161	0.892427
100	163	0.982388
100	166	1.03886
100	168	0.968113
100	169	0.93966
100	175	0.944075
100	177	0.939249
100	180	0.951787
101	17	1.23895
101	26	0.785703
101	40	1.03029
101	109	1.05951
101	116	1.05041
101	122	0.910882
101	131	1.02511
101	136	1.08259
101	144	1.04723
101	150	1.03828
101	151	1.05706
101	152	1.06172
101	154	1.19584
101	156	1.01062
101	157	1.13123
101	158	1.05573
101	163	1.05845
101	165	1.04581
101	166	1.06408
101	167	1.04594
101	171	1.06155
101	173	1.04332
101	174	1.03768
101	179	1.04718
102	9	1.48249
102	22	0.924939
102	31	1.01093
102	47	0.991307
102	77	0.948571
102	110	0.993249
102	116	0.982759
102	134	0.914509
102	137	0.985967
102	143	0.941061
102	157	1.01105
102	158	0.914391
102	159	1.01451
102	160	0.919495
102	162	0.960115
102	169	0.909684
102	171	0.854469
102	172	0.901758
102	174	0.944066
102	175	0.914099
102	177	0.909274
102	178	0.877279
102	180	0.921812
103	1	0.925158
103	10	1.0367
103	11	1.0272
103	18	0.929677
103	21	1.0059
103	32	0.89376
103	36	0.974441
103	43	0.971526
103	46	1.05773
103	50	1.01735
103	54	1.00569
103	58	0.996007
103	88	0.970664
103	91	1.0266
103	96	0.961365
103	99	0.981196
103	107	2.47802
103	113	1.01836
103	123	0.810758
103	140	0.838465
103	159	0.765814
103	161	1.95596
103	164	1.0289
103	166	0.79579
104	7	0.887705
104	15	0.77556
104	20	0.958505
104	59	1.02154
104	69	1.23983
104	77	1.0492
104	80	0.955661
104	85	1.01359
104	111	1.01914
104	130	1.19871
104	133	1.00705
104	142	0.853625
104	146	0.826008
104	148	1.00991
104	151	1.01164
104	152	1.0163
104	158	1.01032
104	163	1.01304
104	166	1.21167
104	167	1.00053
104	173	0.997907
104	174	0.992272
104	179	1.00177
104	180	1.50731
105	4	1.02552
105	15	0.835677
105	53	0.948928
105	64	0.968492
105	68	0.960949
105	89	0.942507
105	90	0.995717
105	98	1.10704
105	111	0.995804
105	121	0.953802
105	122	1.11859
105	124	0.979246
105	125	0.979323
105	127	0.964571
105	130	1.25883
105	132	0.975816
105	151	0.988312
105	159	0.999371
105	161	0.847312
105	164	1.5049
105	167	0.977194
105	168	1.4936
105	171	0.992804
105	173	0.974575
105	179	0.978438
106	13	1.02706
106	34	1.08258
106	40	0.996402
106	47	0.987313
106	48	1.05324
106	49	1.089
106	67	0.999059
106	100	0.988629
106	112	1.01069
106	113	1.03321
106	121	0.988659
106	147	0.905585
106	148	1.02144
106	150	1.00439
106	157	1.04267
106	158	1.02184
106	161	0.88217
106	163	1.02457
106	165	1.01192
106	167	1.01205
106	168	1.19734
106	171	1.02766
106	172	1.35059
106	173	1.00943
106	174	1.0038
106	179	1.0133
107	15	0.944374
107	16	0.738616
107	32	0.744643
107	44	0.668597
107	54	1.99346
107	81	0.920332
107	93	0.906268
107	103	2.47802
107	135	0.839444
107	137	0.841719
107	139	0.910448
107	143	0.796813
107	153	0.842199
107	154	0.835468
107	160	0.775247
107	164	0.786679
107	168	0.79389
107	172	0.75751
107	175	0.769852
107	176	0.653268
107	177	0.765026
107	178	0.733032
107	179	2.53007
107	180	0.777564
108	71	1.02331
108	87	1.01814
108	93	1.07341
108	117	1.03055
108	118	0.96255
108	130	0.984727
108	136	0.980387
108	141	1.02071
108	142	0.868322
108	145	0.976138
108	149	1.04608
108	151	0.961594
108	152	0.942542
108	160	0.942385
108	162	0.983005
108	164	0.953816
108	165	0.960773
108	168	0.961028
108	169	0.932574
108	170	0.886554
108	175	0.936989
108	176	0.820406
108	177	0.932164
108	178	0.90017
108	179	0.789784
108	180	0.944702
109	20	0.877921
109	26	0.852708
109	31	0.944312
109	53	0.808228
109	75	0.989186
109	94	1.03971
109	101	1.05951
109	114	1.02283
109	117	1.04573
109	129	1.01488
109	130	1.11813
109	136	1.06097
109	148	1.03371
109	150	1.01666
109	151	1.03544
109	158	1.03411
109	161	0.89444
109	163	1.03684
109	165	1.02419
109	167	1.02432
109	171	1.03993
109	172	1.50616
109	174	1.01607
109	176	0.829504
109	179	1.02557
109	180	1.42672
110	2	0.990343
110	43	0.985993
110	56	0.994579
110	62	1.11487
110	65	0.911141
110	83	0.980216
110	94	1.02145
110	102	0.993249
110	114	0.939921
110	120	1.02629
110	140	1.01971
110	143	0.960398
110	154	0.999052
110	156	0.994507
110	162	0.979451
110	164	0.950263
110	165	1.03802
110	167	0.921715
110	168	0.957475
110	172	0.921094
110	173	0.994181
110	175	0.933436
110	176	0.816852
110	177	0.92861
110	178	0.896616
110	180	0.941148
111	43	1.04419
111	92	0.989168
111	94	1.04475
111	95	1.02115
111	104	1.01914
111	105	0.995804
111	114	1.02788
111	127	1.01674
111	141	1.0098
111	142	0.882463
111	145	1.02116
111	149	0.946141
111	151	1.04048
111	152	1.04514
111	160	1.32911
111	163	1.04188
111	166	1.00583
111	167	1.02936
111	168	1.22765
111	169	1.31518
111	170	0.900694
111	171	1.04497
111	173	1.02674
111	174	1.02111
111	179	1.03061
111	180	1.30147
112	14	0.940515
112	27	1.14747
112	48	1.05058
112	57	1.02277
112	72	1.03403
112	92	0.969196
112	100	1.08404
112	106	1.01069
112	119	0.875863
112	121	0.986
112	128	0.996851
112	131	0.988558
112	143	1.36978
112	144	1.05408
112	150	1.00173
112	151	1.02051
112	152	1.02517
112	158	1.01918
112	159	1.04095
112	163	1.02191
112	164	1.30404
112	167	1.00939
112	171	1.025
112	173	1.00677
112	174	1.00114
112	179	1.01064
113	1	0.959871
113	5	1.07256
113	8	0.68532
113	23	1.03532
113	31	0.839687
113	32	0.928473
113	36	1.00915
113	46	1.09244
113	54	1.0404
113	58	1.03072
113	71	1.0054
113	99	1.01591
113	103	1.01836
113	106	1.03321
113	143	1.32531
113	145	1.02371
113	149	0.966771
113	153	1.14652
113	158	1.04171
113	160	1.34974
113	165	1.03179
113	167	1.03192
113	173	1.0293
113	176	0.837098
113	177	1.41932
113	179	1.03316
114	60	1.01493
114	65	1.50883
114	83	1.02747
114	109	1.02283
114	110	0.939921
114	111	1.02788
114	126	1.01123
114	127	0.996644
114	129	0.999825
114	140	0.963411
114	145	1.00106
114	148	1.01865
114	150	1.00161
114	151	1.02038
114	152	1.02504
114	153	1.0408
114	160	1.24401
114	165	1.00914
114	167	1.00927
114	168	1.14255
114	169	1.23009
114	170	0.880598
114	173	1.00665
114	174	1.00101
114	175	1.22625
114	176	0.81445
114	179	1.01051
115	11	0.240899
115	24	1.03959
115	25	1.03135
115	33	1.10517
115	57	1.10755
115	75	1.13392
115	82	0.971206
115	87	1.02886
115	89	0.991254
115	124	1.02799
115	125	1.02807
115	127	1.00729
115	129	1.02906
115	132	1.02456
115	135	1.0173
115	140	1.03398
115	143	0.974669
115	145	0.942666
115	154	1.01332
115	158	0.899963
115	159	1.04812
115	161	0.896059
115	162	0.993723
115	170	0.897272
115	175	0.947707
115	176	0.831124
115	179	0.756311
116	29	1.03447
116	84	1.03835
116	92	0.975024
116	101	1.05041
116	102	0.982759
116	121	0.991827
116	131	0.994386
116	133	1.02174
116	136	1.05187
116	137	1.07833
116	142	0.868319
116	152	1.031
116	155	1.4186
116	158	1.02501
116	159	1.02988
116	162	1.10492
116	163	1.02773
116	166	1.05986
116	167	1.01522
116	170	0.88655
116	171	1.03083
116	172	1.43493
116	173	1.0126
116	174	1.00697
116	175	1.36537
116	176	0.820402
116	179	1.01646
117	27	0.980834
117	35	0.967407
117	43	1.0004
117	61	1.07295
117	76	1.01737
117	91	0.631968
117	100	1.03763
117	108	1.03055
117	109	1.04573
117	122	1.02273
117	126	1.03704
117	132	0.596716
117	138	1.00031
117	141	1.03156
117	145	0.948842
117	147	1.03313
117	154	1.01346
117	158	0.906138
117	160	0.953238
117	163	0.883926
117	164	0.964669
117	166	1.04263
117	169	0.943427
117	171	0.846216
117	172	0.935501
117	177	0.943017
117	178	0.911023
118	23	0.905054
118	37	0.951117
118	48	1.17405
118	51	0.970526
118	52	1.00958
118	62	0.939767
118	68	0.941836
118	88	0.743309
118	90	0.976604
118	108	0.96255
118	124	0.960133
118	125	0.960211
118	132	0.956704
118	134	0.880258
118	145	1.2528
118	152	1.2192
118	153	0.952195
118	159	0.980259
118	162	0.925863
118	166	0.974635
118	167	1.12114
118	168	0.903886
118	172	0.867506
118	173	1.1936
118	175	0.879848
118	177	0.875022
118	178	0.843028
118	180	0.88756
119	12	1.03201
119	17	1.04507
119	18	0.636492
119	26	1.11065
119	29	0.909192
119	44	0.898908
119	63	1.00591
119	72	0.950162
119	75	1.03039
119	85	0.997614
119	87	1.08131
119	112	0.875863
119	120	1.09302
119	130	1.0479
119	138	1.05263
119	147	1.08545
119	150	0.813733
119	156	1.06123
119	164	1.01699
119	166	1.09495
119	168	1.0242
119	169	0.995747
119	172	0.98782
119	173	0.779931
119	174	0.826102
119	177	0.995336
119	178	0.963342
119	180	1.00787
120	5	0.992491
120	28	0.98943
120	67	0.997164
120	89	0.730219
120	110	1.02629
120	119	1.09302
120	122	1.02203
120	128	1.0228
120	130	0.994883
120	136	0.978614
120	137	1.01901
120	153	1.01949
120	155	0.942014
120	156	1.00822
120	157	1.0441
120	160	0.952541
120	164	0.963972
120	165	0.959
120	166	1.04193
120	168	0.971184
120	169	0.94273
120	172	0.934804
120	174	0.961336
120	175	0.947145
120	176	0.830562
120	177	0.94232
120	178	0.910325
120	179	0.78801
121	28	0.987038
121	41	1.03503
121	52	0.879584
121	80	0.942496
121	84	1.01049
121	95	0.979151
121	96	1.07659
121	105	0.953802
121	106	0.988659
121	112	0.986
121	116	0.991827
121	126	0.989323
121	134	1.58786
121	138	1.11936
121	148	0.996748
121	149	1.06935
121	150	0.979702
121	152	1.00314
121	162	1.1741
121	163	0.999875
121	165	0.987232
121	167	0.987361
121	170	0.858692
121	171	1.00297
121	173	0.984742
121	174	0.979107
121	175	1.43455
121	179	0.988605
122	26	1.03966
122	59	1.09731
122	101	0.910882
122	105	1.11859
122	117	1.02273
122	120	1.02203
122	123	0.995657
122	130	0.976908
122	134	0.92958
122	136	0.885244
122	137	1.00104
122	139	1.06977
122	141	1.01289
122	142	0.860503
122	149	1.03826
122	150	0.855599
122	154	0.994787
122	157	1.02612
122	158	0.838292
122	162	0.975186
122	164	0.945997
122	165	0.865631
122	166	1.02396
122	172	0.916829
122	174	0.867967
122	177	0.924345
122	178	0.89235
122	180	0.936883
123	34	0.994264
123	49	0.971435
123	62	1.11065
123	81	1.07125
123	82	0.767556
123	93	1.05719
123	103	0.810758
123	122	0.995657
123	127	1.11378
123	135	0.990365
123	137	0.99264
123	144	1.01448
123	149	1.02986
123	153	0.99312
123	154	0.986389
123	156	0.981843
123	157	1.01772
123	158	1.00646
123	159	1.02118
123	160	0.926168
123	166	1.01556
123	168	0.944811
123	170	0.870337
123	171	0.946538
123	175	0.920773
123	177	0.915947
123	178	0.883953
123	179	0.862809
124	7	1.08917
124	24	1.02646
124	25	1.01822
124	33	1.09204
124	37	1.00584
124	51	1.02525
124	56	0.639551
124	62	0.994492
124	64	1.0041
124	68	0.996561
124	73	0.999235
124	86	0.994764
124	87	1.01572
124	89	0.978119
124	90	1.03133
124	105	0.979246
124	115	1.02799
124	118	0.960133
124	125	1.01494
124	132	1.01143
124	135	0.617343
124	142	1.8893
124	143	0.702094
124	146	2.56531
124	153	0.523304
124	154	0.535004
124	159	1.03498
124	161	1.56341
124	170	1.5334
125	4	1.06121
125	7	1.08925
125	25	1.01829
125	33	1.09211
125	39	0.973034
125	51	1.02533
125	52	1.06438
125	63	1.09818
125	64	1.00418
125	68	0.996638
125	73	0.999312
125	82	0.958148
125	86	0.994841
125	87	1.0158
125	89	0.978196
125	96	0.719374
125	97	1.54361
125	100	0.784924
125	105	0.979323
125	115	1.02807
125	118	0.960211
125	124	1.01494
125	132	1.01151
125	153	0.891875
125	156	0.718357
125	159	1.03506
125	168	0.993631
125	169	1.08117
125	170	1.90197
126	40	0.997066
126	66	1.0223
126	71	0.986198
126	72	1.03735
126	74	0.985189
126	92	0.97252
126	96	1.06995
126	114	1.01123
126	117	1.03704
126	121	0.989323
126	127	1.00009
126	129	1.00327
126	133	1.01924
126	138	1.11272
126	140	1.16507
126	145	1.00451
126	150	1.00506
126	152	1.02849
126	158	1.02251
126	159	1.09242
126	162	1.16746
126	165	1.01259
126	166	1.1224
126	167	1.01272
126	169	1.43175
126	171	1.02833
126	173	1.0101
126	174	1.00446
126	176	0.817898
126	179	1.01396
127	2	1.06755
127	60	1.00379
127	71	0.971613
127	83	1.01634
127	84	1.02126
127	105	0.964571
127	111	1.01674
127	114	0.996644
127	115	1.00729
127	123	1.11378
127	126	1.00009
127	128	0.985589
127	133	1.00465
127	142	0.851229
127	145	0.989928
127	149	1.03913
127	150	0.990471
127	151	1.00925
127	152	1.01391
127	154	1.23058
127	157	1.16597
127	162	1.14388
127	165	0.998001
127	167	0.99813
127	168	1.32063
127	169	1.40817
127	170	0.869461
127	171	1.01374
127	173	0.995511
127	174	0.989876
127	179	0.999374
128	17	1.2575
128	71	0.971695
128	75	0.963077
128	94	1.0136
128	97	0.930869
128	112	0.996851
128	120	1.0228
128	127	0.985589
128	129	0.988771
128	131	0.977379
128	133	1.00473
128	136	1.03486
128	139	0.975737
128	140	1.12531
128	145	0.99001
128	146	0.823695
128	150	0.990553
128	152	1.01399
128	156	1.02917
128	158	1.008
128	159	1.05265
128	163	1.01073
128	165	0.998083
128	167	0.998212
128	169	1.39198
128	171	1.01382
128	173	0.995593
128	174	0.989958
128	177	1.47549
128	179	0.999456
128	180	1.37827
129	48	1.0425
129	53	0.79773
129	55	0.740971
129	60	1.00697
129	66	1.0109
129	75	0.966177
129	77	1.04999
129	109	1.01488
129	114	0.999825
129	115	1.02906
129	126	1.00327
129	128	0.988771
129	133	1.00783
129	134	1.57941
129	136	1.03796
129	140	1.16326
129	145	0.99311
129	148	1.0107
129	149	1.0609
129	159	1.09061
129	161	0.87143
129	165	1.00118
129	167	1.00131
129	169	1.42994
129	170	0.872642
129	171	1.01692
129	173	0.998693
129	174	0.993058
129	176	0.806495
129	178	1.60961
129	179	1.00256
130	28	1.03631
130	43	0.954581
130	69	0.947364
130	79	0.982762
130	100	0.991812
130	104	1.19871
130	105	1.25883
130	108	0.984727
130	109	1.11813
130	119	1.0479
130	120	0.994883
130	122	0.976908
130	135	0.971617
130	144	0.995736
130	147	0.987308
130	152	0.987643
130	154	0.96764
130	155	0.896893
130	156	0.963095
130	162	0.948039
130	163	0.956324
130	164	0.918851
130	168	0.926063
130	169	0.897609
130	172	0.889682
130	173	0.96204
130	174	1.00821
130	176	0.78544
130	177	0.897198
130	178	0.865204
130	180	0.909736
131	8	0.857134
131	42	1.08434
131	48	1.03111
131	52	0.948823
131	70	0.990832
131	95	0.981709
131	101	1.02511
131	112	0.988558
131	116	0.994386
131	128	0.977379
131	136	1.02657
131	138	1.1886
131	139	1.09138
131	141	1.20225
131	146	0.815402
131	148	0.999307
131	151	1.00104
131	152	1.0057
131	157	1.26543
131	158	0.999712
131	160	1.52155
131	161	0.860038
131	163	1.00243
131	165	0.989791
131	168	1.42009
131	170	0.861251
131	171	1.00553
131	173	0.987301
131	174	0.981666
131	176	0.795103
131	179	0.991164
131	180	1.49391
132	4	1.0577
132	9	0.930861
132	25	1.01479
132	33	1.08861
132	37	1.00241
132	39	0.969527
132	51	1.02182
132	52	1.06087
132	62	0.991062
132	64	1.00067
132	68	0.993131
132	73	0.995805
132	78	1.07252
132	82	0.954641
132	86	0.991334
132	87	1.01229
132	89	0.974689
132	90	1.0279
132	100	0.695178
132	105	0.975816
132	115	1.02456
132	117	0.596716
132	118	0.956704
132	124	1.01143
132	125	1.01151
132	135	0.896168
132	159	1.03155
132	160	1.00535
132	166	0.68207
132	170	1.81222
132	175	0.987581
132	176	2.67258
132	180	0.977707
133	27	1.06644
133	28	1.01695
133	30	1.17112
133	60	1.02293
133	81	0.754744
133	104	1.00705
133	116	1.02174
133	126	1.01924
133	127	1.00465
133	128	1.00473
133	129	1.00783
133	135	1.204
133	136	1.05392
133	142	0.870375
133	145	1.00907
133	147	0.919965
133	149	0.93021
133	150	1.00962
133	153	1.10996
133	155	1.34864
133	158	1.02707
133	163	1.02979
133	165	1.01715
133	167	1.01728
133	170	0.888606
133	171	1.03289
133	173	1.01466
133	174	1.00902
133	175	1.29541
133	176	0.822458
133	177	1.38276
133	178	1.47892
133	179	1.01852
134	2	0.911603
134	45	1.31332
134	60	1.5353
134	69	0.900036
134	74	0.973583
134	78	0.861584
134	89	1.24887
134	90	1.04502
134	93	0.991113
134	102	0.914509
134	118	0.880258
134	121	1.58786
134	122	0.92958
134	129	1.57941
134	135	0.924289
134	139	0.995293
134	141	0.938419
134	146	0.758412
134	149	0.963786
134	153	0.927044
134	155	0.849565
134	159	0.955108
134	160	0.860092
134	161	0.803048
134	168	0.878735
134	169	0.850281
134	170	0.804261
134	171	1.39039
134	172	0.842355
134	175	0.854697
134	177	0.849871
134	178	0.817877
134	180	0.862409
135	22	0.934719
135	30	1.14934
135	36	0.500094
135	38	1.01206
135	49	0.974541
135	61	1.04898
135	79	1.00462
135	81	1.07436
135	92	1.46063
135	100	1.01367
135	107	0.839444
135	115	1.0173
135	123	0.990365
135	124	0.617343
135	130	0.971617
135	132	0.896168
135	133	1.204
135	134	0.924289
135	138	0.97635
135	152	1.2147
135	154	0.989495
135	157	1.02083
135	162	0.969894
135	164	0.940706
135	167	1.11663
135	168	0.947918
135	169	0.919464
135	170	0.873443
135	171	1.14567
135	172	0.911537
135	175	0.923879
135	178	0.887059
135	180	0.931591
136	6	1.08377
136	31	0.85167
136	34	1.11793
136	63	0.974915
136	66	1.05699
136	71	1.02088
136	74	0.901237
136	92	1.0072
136	95	1.03919
136	101	1.08259
136	108	0.980387
136	109	1.06097
136	116	1.05187
136	120	0.978614
136	122	0.885244
136	128	1.03486
136	129	1.03796
136	131	1.02657
