1	2	0.820875
1	7	0.827937
1	11	0.896073
1	33	0.874004
1	44	0.860084
1	45	0.857305
1	48	0.609158
1	64	0.820233
1	111	0.822755
1	149	0.849706
1	153	3.11514
1	163	0.790761
2	1	0.820875
2	7	0.833309
2	11	0.901445
2	15	0.819173
2	35	0.858714
2	44	0.865456
2	45	0.862677
2	64	0.825605
2	140	1.90629
2	149	0.855078
2	163	0.796132
2	170	2.98245
3	17	0.898721
3	24	0.871833
3	39	0.853911
3	50	0.839977
3	54	0.837587
3	60	0.81828
3	73	0.842115
3	76	0.848439
3	134	0.874133
3	165	0.749536
3	171	2.7219
3	178	2.25094
4	8	1.86217
4	34	0.881098
4	41	0.861531
4	46	0.842159
4	57	0.896782
4	72	0.854577
4	80	0.843305
4	81	0.836726
4	86	0.828944
4	160	0.803848
4	164	2.9689
4	178	0.796408
5	12	0.88654
5	23	0.972085
5	25	0.970787
5	31	0.969829
5	40	0.952093
5	48	1.02133
5	149	0.944853
5	154	0.924988
5	156	0.897795
5	165	0.840297
5	169	2.93356
5	173	1.95495
6	57	0.352466
6	69	0.650158
6	119	0.731791
6	162	0.985807
6	167	0.947648
6	172	0.936186
6	174	0.922837
6	175	0.927306
6	176	0.923285
6	177	0.919126
6	179	0.933179
6	180	0.914711
7	1	0.827937
7	2	0.833309
7	14	0.810787
7	15	0.826235
7	33	0.886438
7	35	0.865776
7	45	0.869739
7	64	0.832667
7	107	1.87917
7	118	0.878524
7	163	0.803194
7	167	2.95079
8	4	1.86217
8	74	0.890828
8	101	1.02815
8	112	0.871887
8	143	0.880016
8	149	0.889412
8	156	0.842354
8	165	0.784856
8	168	0.824646
8	176	0.808138
8	179	0.818032
8	180	0.799564
9	43	2.00968
9	93	0.953579
9	104	0.940314
9	113	0.919181
9	121	0.94664
9	126	0.938849
9	133	0.932486
9	143	0.929158
9	144	0.957411
9	147	1.34281
9	156	1.99509
9	178	0.887406
10	12	1.80719
10	33	0.166905
10	64	0.76682
10	98	0.999739
10	159	0.974454
10	161	0.91969
10	170	0.926473
10	172	0.927393
10	174	0.914044
10	177	0.910333
10	179	0.924386
10	180	0.905918
11	1	0.896073
11	2	0.901445
11	14	0.878923
11	35	0.933913
11	44	0.940654
11	64	0.900804
11	94	1.70184
11	111	0.903325
11	118	0.94666
11	149	0.930276
11	162	1.8688
11	163	0.871331
11	178	2.48944
12	5	0.88654
12	10	1.80719
12	23	0.852827
12	25	0.851529
12	27	2.17416
12	31	0.850571
12	40	0.832836
12	48	0.902072
12	100	0.776244
12	134	0.845637
12	149	0.825596
12	156	0.778538
12	165	0.72104
13	58	0.747155
13	131	0.747175
13	158	0.719633
13	168	0.699508
13	170	0.694981
13	171	0.698667
13	172	0.695901
13	174	0.682552
13	175	0.687021
13	176	0.683
13	177	0.678841
13	179	0.692894
13	180	0.674426
14	7	0.810787
14	11	0.878923
14	15	0.796651
14	33	0.856854
14	35	0.836192
14	44	0.842934
14	45	0.840155
14	64	0.803083
14	118	0.84894
14	149	0.832556
14	163	0.77361
14	173	2.71677
14	174	2.55211
15	2	0.819173
15	7	0.826235
15	14	0.796651
15	21	0.765495
15	33	0.872302
15	35	0.851641
15	44	0.858382
15	45	0.855604
15	64	0.818532
15	79	1.48407
15	149	0.848004
15	163	0.789059
15	180	3.71096
16	61	0.789092
16	142	0.84886
16	149	3.15965
16	167	0.765831
16	169	0.73462
16	170	0.75345
16	171	0.757136
16	172	0.754369
16	174	0.74102
16	176	0.741469
16	177	0.737309
16	179	0.751362
16	180	0.732894
17	3	0.898721
17	24	0.946279
17	30	1.15137
17	38	0.923939
17	54	0.912033
17	56	0.967254
17	60	0.892726
17	65	0.945352
17	73	0.916561
17	76	0.922885
17	152	2.22913
17	162	2.39499
17	165	0.823982
18	50	0.931686
18	55	0.923931
18	62	2.1086
18	68	0.900842
18	73	0.933824
18	75	0.946899
18	137	0.923132
18	138	0.954308
18	141	0.94283
18	157	1.42188
18	165	0.841245
18	166	0.836931
18	176	2.49707
19	90	0.936404
19	101	0.912536
19	102	0.91463
19	108	0.900578
19	119	0.887317
19	129	1.30444
19	135	0.941002
19	137	0.895367
19	138	0.926543
19	141	0.915065
19	153	1.22968
19	156	0.870978
19	176	3.34013
20	59	0.80307
20	84	0.867162
20	89	0.814251
20	106	0.83572
20	115	0.85157
20	116	0.81377
20	119	0.80603
20	128	0.83625
20	137	0.814079
20	138	0.845255
20	141	0.833777
20	160	2.04683
20	174	3.13162
21	15	0.765495
21	44	0.811777
21	64	0.771927
21	86	3.13587
21	114	0.781552
21	143	0.792004
21	148	0.805178
21	158	0.756758
21	163	0.742454
21	176	0.720125
21	177	0.715966
21	179	0.730019
21	180	0.711551
22	84	0.925758
22	106	0.894316
22	115	0.910166
22	116	0.872365
22	119	0.864625
22	128	0.894845
22	135	0.91831
22	137	0.872675
22	138	0.903851
22	141	0.892373
22	142	1.95301
22	146	1.79061
22	156	0.848286
22	160	2.33129
23	5	0.972085
23	12	0.852827
23	25	0.937074
23	31	0.936116
23	40	0.91838
23	48	0.987617
23	120	1.87972
23	134	0.931181
23	140	1.26391
23	149	0.91114
23	156	0.864082
23	165	0.806584
23	171	2.75608
24	3	0.871833
24	17	0.946279
24	38	0.89705
24	39	0.901469
24	56	0.940365
24	60	0.865838
24	65	0.918463
24	73	0.889673
24	76	0.895997
24	142	0.995725
24	144	0.920507
24	163	2.21569
24	165	0.797093
24	180	3.0702
25	5	0.970787
25	12	0.851529
25	23	0.937074
25	31	0.934818
25	40	0.917082
25	48	0.986319
25	125	1.00049
25	134	0.929883
25	149	0.909842
25	156	0.862784
25	165	0.805286
25	166	3.90924
25	178	1.09201
26	32	0.954133
26	37	0.859074
26	52	0.916356
26	53	0.915763
26	68	0.873604
26	75	0.919661
26	79	2.18024
26	98	1.91844
26	111	0.891612
26	134	1.8746
26	139	0.80244
26	144	0.93742
26	147	0.952357
26	166	0.809693
27	12	2.17416
27	29	1.71561
27	53	0.858953
27	68	0.816793
27	75	0.86285
27	101	0.856252
27	137	0.839083
27	138	0.870259
27	141	0.858781
27	166	0.752882
27	169	0.77363
27	176	0.780478
27	179	0.790372
27	180	0.771904
28	36	0.829187
28	96	0.834642
28	104	0.825603
28	112	0.806317
28	122	0.833601
28	124	0.838097
28	126	0.824138
28	143	0.814447
28	148	0.827621
28	149	0.823842
28	160	0.780135
28	167	2.34758
28	173	3.23051
28	178	0.772695
29	27	1.71561
29	93	0.840478
29	113	0.806081
29	122	0.835212
29	124	0.839708
29	126	0.825748
29	127	3.02606
29	143	0.816057
29	144	0.844311
29	148	0.829231
29	149	0.825452
29	160	0.781746
29	163	0.766507
29	178	0.774305
30	17	1.15137
30	42	0.88356
30	53	0.97252
30	162	0.944023
30	167	0.905864
30	169	0.874654
30	170	0.893483
30	171	0.897169
30	173	0.883761
30	175	0.885522
30	176	0.881502
30	177	0.877342
30	179	0.891395
30	180	0.872927
31	5	0.969829
31	12	0.850571
31	23	0.936116
31	25	0.934818
31	40	0.916125
31	48	0.985361
31	134	0.928926
31	149	0.908884
31	156	0.861826
31	159	1.21734
31	165	0.804328
31	169	3.29877
31	178	1.61453
32	26	0.954133
32	37	0.859992
32	52	0.917274
32	53	0.916681
32	55	0.89761
32	68	0.874521
32	75	0.920578
32	99	2.52564
32	130	1.75761
32	136	1.68508
32	139	0.803357
32	144	0.938338
32	147	0.953274
32	166	0.81061
33	1	0.874004
33	7	0.886438
33	10	0.166905
33	14	0.856854
33	15	0.872302
33	35	0.911843
33	44	0.918585
33	45	0.915806
33	64	0.878734
33	118	0.924591
33	136	1.64133
33	149	0.908207
33	163	0.849261
33	174	3.65223
34	4	0.881098
34	46	0.912056
34	57	0.966678
34	72	0.924474
34	77	0.921566
34	80	0.913201
34	81	0.906622
34	86	0.898841
34	91	2.20589
34	97	1.32048
34	139	0.801329
34	150	2.23461
34	160	0.873745
34	178	0.866304
35	2	0.858714
35	7	0.865776
35	11	0.933913
35	14	0.836192
35	15	0.851641
35	33	0.911843
35	44	0.897923
35	45	0.895145
35	64	0.858073
35	111	0.860595
35	127	1.81688
35	147	1.88666
35	149	0.887545
35	156	2.53893
35	163	0.8286
36	28	0.829187
36	42	0.884685
36	87	0.865501
36	95	0.894167
36	112	0.871728
36	113	0.869881
36	114	0.869406
36	121	0.897339
36	122	0.899012
36	123	0.894931
36	143	0.879858
36	148	0.893032
36	158	2.37411
36	159	1.51116
36	176	2.75578
37	26	0.859074
37	32	0.859992
37	52	0.822215
37	53	0.821622
37	55	0.802551
37	68	0.779462
37	75	0.825519
37	91	2.55507
37	111	0.79747
37	139	0.708298
37	140	0.83081
37	144	0.843279
37	147	0.858215
37	164	3.05924
37	166	0.715551
38	17	0.923939
38	24	0.89705
38	39	0.879129
38	50	0.865194
38	54	0.862805
38	60	0.843498
38	65	0.896123
38	73	0.867332
38	76	0.873657
38	125	0.830806
38	134	0.899351
38	140	1.83507
38	144	0.898167
38	147	1.65912
38	170	2.91123
39	3	0.853911
39	24	0.901469
39	38	0.879129
39	50	0.869613
39	54	0.867224
39	56	0.922444
39	65	0.900542
39	73	0.871751
39	76	0.878076
39	134	0.90377
39	140	1.2738
39	144	0.902586
39	163	2.59288
39	165	0.779172
39	179	2.67382
40	5	0.952093
40	12	0.832836
40	23	0.91838
40	25	0.917082
40	31	0.916125
40	48	0.967625
40	100	0.841797
40	134	0.91119
40	149	0.891149
40	156	0.844091
40	158	1.8826
40	165	0.786593
40	172	1.878
40	180	2.56921
41	4	0.861531
41	46	0.892489
41	57	0.947112
41	72	0.904907
41	77	0.901999
41	80	0.893635
41	81	0.887056
41	86	0.879274
41	118	0.914269
41	131	1.57861
41	139	0.781762
41	153	1.42636
41	160	0.854178
41	161	3.32541
41	178	0.846738
42	30	0.88356
42	36	0.884685
42	74	0.880757
42	82	0.868885
42	83	3.51112
42	103	0.881669
42	113	0.859969
42	114	0.859494
42	121	0.887427
42	123	0.885019
42	124	0.893596
42	133	0.873273
42	134	1.36766
42	148	0.883119
42	149	0.879341
43	9	2.00968
43	88	0.854584
43	90	1.86253
43	151	0.843395
43	155	0.875648
43	161	0.789906
43	162	0.847229
43	169	0.77786
43	170	0.796689
43	173	0.786967
43	175	0.788729
43	176	0.784708
43	177	0.780549
43	179	0.794601
43	180	0.776134
44	1	0.860084
44	2	0.865456
44	11	0.940654
44	14	0.842934
44	15	0.858382
44	21	0.811777
44	33	0.918585
44	35	0.897923
44	45	0.901886
44	64	0.864814
44	107	2.15973
44	145	1.87746
44	147	2.21148
44	149	0.894287
44	163	0.835341
45	1	0.857305
45	2	0.862677
45	7	0.869739
45	14	0.840155
45	15	0.855604
45	33	0.915806
45	35	0.895145
45	44	0.901886
45	64	0.862035
45	70	1.40144
45	118	0.907892
45	136	1.69747
45	149	0.891508
45	163	0.832563
45	170	3.22235
46	4	0.842159
46	34	0.912056
46	41	0.892489
46	57	0.92774
46	72	0.885535
46	77	0.882627
46	79	2.3357
46	80	0.874263
46	81	0.867684
46	86	0.859902
46	118	0.894897
46	131	2.29945
46	139	0.76239
46	145	1.87904
46	160	0.834806
46	178	0.827366
47	74	0.826666
47	115	0.976338
47	145	0.96817
47	146	0.910181
47	149	0.806554
47	162	0.902175
47	169	0.832805
47	170	0.851635
47	171	0.855321
47	172	0.852554
47	173	0.841912
47	174	0.839205
47	176	0.839653
47	177	0.835494
47	179	0.849547
47	180	0.831079
48	1	0.609158
48	5	1.02133
48	12	0.902072
48	23	0.987617
48	25	0.986319
48	31	0.985361
48	40	0.967625
48	100	0.911034
48	134	0.980427
48	146	1.56318
48	149	0.960385
48	154	1.55923
48	156	0.913327
48	165	0.855829
48	178	2.64768
49	55	0.888941
49	68	0.865852
49	72	1.08456
49	74	0.912227
49	75	0.911909
49	90	0.839793
49	114	0.890964
49	141	0.941119
49	143	0.901415
49	148	0.914589
49	166	0.801941
49	172	0.842437
49	175	0.833557
49	177	0.825377
49	179	0.83943
49	180	0.820962
50	3	0.839977
50	18	0.931686
50	38	0.865194
50	39	0.869613
50	54	0.853289
50	56	0.908509
50	60	0.833982
50	65	0.886607
50	76	0.864141
50	98	2.08716
50	125	0.82129
50	130	2.02608
50	134	0.889835
50	144	0.888651
50	155	2.53469
50	165	0.765237
51	100	0.877435
51	102	1.38877
51	123	1.01886
51	138	0.340473
51	142	0.952905
51	164	0.879615
51	168	0.862021
51	169	0.838665
51	170	0.857494
51	171	0.861181
51	174	0.845065
51	175	0.849534
51	176	0.845513
51	177	0.841354
51	179	0.855407
51	180	0.836939
52	26	0.916356
52	32	0.917274
52	37	0.822215
52	53	0.878904
52	55	0.859833
52	62	3.2914
52	68	0.836744
52	75	0.882801
52	111	0.854752
52	129	1.64418
52	139	0.76558
52	140	0.888092
52	144	0.900561
52	147	0.915497
52	155	1.94365
52	166	0.772833
53	26	0.915763
53	27	0.858953
53	30	0.97252
53	32	0.916681
53	37	0.821622
53	52	0.878904
53	55	0.85924
53	68	0.836151
53	75	0.882208
53	139	0.764987
53	140	0.887499
53	144	0.899968
53	147	0.914904
53	160	2.29296
53	166	0.77224
53	178	2.83678
54	3	0.837587
54	17	0.912033
54	38	0.862805
54	39	0.867224
54	50	0.853289
54	56	0.90612
54	60	0.831593
54	65	0.884218
54	73	0.855427
54	76	0.861752
54	109	0.90398
54	144	0.886262
54	161	2.09111
54	165	0.762848
54	169	3.13931
54	179	1.83388
55	18	0.923931
55	32	0.89761
55	37	0.802551
55	49	0.888941
55	52	0.859833
55	53	0.85924
55	68	0.81708
55	75	0.863137
55	111	0.835088
55	139	0.745916
55	140	0.868429
55	144	0.880897
55	147	0.895833
55	166	0.753169
55	171	2.57888
55	178	2.10792
55	179	2.48672
56	17	0.967254
56	24	0.940365
56	39	0.922444
56	50	0.908509
56	54	0.90612
56	60	0.886813
56	65	0.939438
56	70	0.973793
56	73	0.910648
56	76	0.916972
56	91	2.13904
56	105	1.54137
56	125	0.874121
56	144	0.941483
56	145	1.49848
56	150	2.16776
56	165	0.818068
57	4	0.896782
57	6	0.352466
57	34	0.966678
57	41	0.947112
57	46	0.92774
57	72	0.940157
57	77	0.93725
57	80	0.928885
57	81	0.922306
57	86	0.914525
57	100	0.883784
57	110	0.915594
57	132	2.29961
57	147	1.31739
57	160	0.889428
57	175	3.09273
57	178	0.881988
58	13	0.747155
58	122	1.38221
58	143	2.3454
58	157	0.828938
58	161	0.790714
58	162	0.848037
58	167	0.809878
58	169	0.778668
58	170	0.797497
58	171	0.801184
58	173	0.787775
58	174	0.785068
58	175	0.789537
58	176	0.785516
58	177	0.781357
58	179	0.79541
58	180	0.776942
59	20	0.80307
59	63	0.882797
59	69	0.860953
59	70	1.476
59	90	0.868598
59	102	0.846824
59	106	0.849202
59	108	0.832773
59	116	0.827251
59	128	0.849732
59	135	0.873196
59	137	0.827561
59	138	0.858737
59	141	0.847259
59	147	0.884024
59	150	2.38006
59	157	3.0142
60	3	0.81828
60	17	0.892726
60	24	0.865838
60	38	0.843498
60	50	0.833982
60	54	0.831593
60	56	0.886813
60	65	0.864911
60	70	0.899265
60	73	0.83612
60	76	0.842445
60	129	2.13452
60	134	0.868138
60	144	0.866955
60	145	1.7916
60	157	3.09502
60	165	0.743541
61	16	0.789092
61	89	1.65797
61	107	0.85215
61	128	2.23032
61	154	0.874907
61	155	0.859924
61	167	0.793347
61	168	0.785492
61	169	0.762136
61	171	0.784652
61	172	0.781885
61	173	0.771243
61	175	0.773005
61	176	0.768984
61	177	0.764825
61	179	0.778878
61	180	0.76041
62	18	2.1086
62	52	3.2914
62	99	0.818441
62	120	0.842781
62	159	0.828783
62	164	0.802923
62	167	0.793184
62	168	0.78533
62	170	0.780803
62	171	0.784489
62	172	0.781722
62	173	0.771081
62	174	0.768373
62	175	0.772842
62	176	0.768822
62	177	0.764662
62	179	0.778715
62	180	0.760247
63	59	0.882797
63	89	0.893979
63	101	0.910976
63	102	0.913071
63	108	0.899019
63	115	0.931298
63	116	0.893498
63	119	0.885758
63	128	0.915978
63	135	0.939443
63	137	0.893807
63	138	0.924983
63	141	0.913505
63	151	1.76029
63	160	1.78568
63	166	0.807607
63	167	2.1522
63	178	2.3295
64	1	0.820233
64	2	0.825605
64	7	0.832667
64	10	0.76682
64	11	0.900804
64	14	0.803083
64	15	0.818532
64	21	0.771927
64	33	0.878734
64	35	0.858073
64	44	0.864814
64	45	0.862035
64	111	0.827485
64	118	0.87082
64	146	2.62667
64	149	0.854436
64	156	3.16629
64	163	0.795491
65	17	0.945352
65	24	0.918463
65	38	0.896123
65	39	0.900542
65	50	0.886607
65	54	0.884218
65	56	0.939438
65	60	0.864911
65	73	0.888746
65	76	0.89507
65	97	1.08195
65	109	0.937299
65	117	1.74443
65	134	0.920764
65	144	0.919581
65	154	1.76952
65	165	0.796166
65	179	3.23677
66	104	1.32364
66	144	1.25843
66	149	0.739237
66	157	0.871036
66	158	0.864247
66	161	0.832812
66	164	0.861716
66	167	0.851976
66	169	0.820766
66	170	0.839595
66	171	0.843281
66	172	0.840514
66	173	0.829873
66	174	0.827165
66	175	0.831634
66	176	0.827614
66	179	0.837507
66	180	0.81904
67	84	0.92468
67	99	2.35568
67	101	0.888766
67	102	0.89086
67	106	0.893238
67	108	0.876809
67	115	0.909088
67	116	0.871287
67	127	1.71812
67	128	0.893767
67	135	0.917232
67	137	0.871597
67	138	0.902773
67	141	0.891295
67	145	1.45387
67	147	0.92806
67	156	0.847208
67	160	2.44123
67	166	0.785396
68	18	0.900842
68	26	0.873604
68	27	0.816793
68	32	0.874521
68	37	0.779462
68	49	0.865852
68	52	0.836744
68	53	0.836151
68	55	0.81708
68	75	0.840048
68	111	0.811999
68	139	0.722827
68	140	0.845339
68	144	0.857808
68	147	0.872744
68	153	1.63729
68	159	2.50311
68	166	0.73008
68	175	3.47848
69	6	0.650158
69	59	0.860953
69	78	0.896598
69	89	0.872134
69	90	0.913
69	101	0.889132
69	102	0.891226
69	106	0.893603
69	108	0.877174
69	115	0.909453
69	116	0.871653
69	119	0.863913
69	135	0.917598
69	137	0.871963
69	138	0.903139
69	141	0.89166
69	146	1.72774
69	154	1.72379
69	173	3.51787
70	45	1.40144
70	56	0.973793
70	59	1.476
70	60	0.899265
70	73	0.9231
70	77	0.939191
70	81	0.924248
70	86	0.916466
70	106	1.34347
70	125	0.886573
70	148	0.21312
70	160	0.89137
70	165	0.830521
70	175	0.857824
70	176	0.853803
70	177	0.849644
70	178	0.88393
70	179	0.863697
70	180	0.845229
71	120	0.833401
71	124	2.39549
71	130	0.873626
71	135	2.03485
71	142	0.866833
71	161	0.76464
71	162	0.821963
71	165	0.73616
71	167	0.783804
71	168	0.77595
71	169	0.752594
71	171	0.775109
71	173	0.761701
71	174	0.758993
71	175	0.763462
71	176	0.759442
71	177	0.755282
71	179	0.769335
71	180	0.750868
72	4	0.854577
72	34	0.924474
72	41	0.904907
72	46	0.885535
72	49	1.08456
72	57	0.940157
72	77	0.895045
72	80	0.886681
72	81	0.880101
72	83	0.819601
72	86	0.87232
72	109	0.927507
72	110	0.873389
72	118	0.907315
72	139	0.774808
72	155	1.7488
72	160	0.847224
72	162	2.01695
72	174	3.17856
72	178	0.839783
73	3	0.842115
73	17	0.916561
73	18	0.933824
73	24	0.889673
73	38	0.867332
73	39	0.871751
73	54	0.855427
73	56	0.910648
73	60	0.83612
73	65	0.888746
73	70	0.9231
73	76	0.866279
73	109	0.908508
73	125	0.823428
73	127	0.71916
73	129	0.797837
73	144	0.89079
73	165	0.767376
73	166	4.80332
73	179	2.36489
74	8	0.890828
74	42	0.880757
74	47	0.826666
74	49	0.912227
74	87	0.861573
74	91	0.837413
74	93	0.90035
74	96	0.896125
74	100	2.30438
74	113	0.865953
74	114	0.865478
74	124	0.89958
74	133	0.879257
74	140	0.891715
74	143	0.87593
74	148	0.889104
74	162	1.22862
74	163	0.82638
74	165	3.82974
74	178	0.834178
75	18	0.946899
75	26	0.919661
75	27	0.86285
75	32	0.920578
75	37	0.825519
75	49	0.911909
75	52	0.882801
75	53	0.882208
75	55	0.863137
75	68	0.840048
75	111	0.858056
75	139	0.768884
75	140	0.891396
75	144	0.903865
75	147	0.918801
75	150	1.48758
75	154	1.26102
75	166	0.776137
75	168	2.84117
75	175	2.92765
76	3	0.848439
76	17	0.922885
76	24	0.895997
76	38	0.873657
76	39	0.878076
76	50	0.864141
76	54	0.861752
76	56	0.916972
76	60	0.842445
76	65	0.89507
76	73	0.866279
76	83	2.78888
76	109	0.914832
76	125	0.829753
76	134	0.898298
76	144	0.897114
76	147	0.828425
76	165	0.7737
76	170	2.08053
76	177	2.89851
77	34	0.921566
77	41	0.901999
77	46	0.882627
77	57	0.93725
77	70	0.939191
77	72	0.895045
77	80	0.883773
77	81	0.877194
77	83	0.816694
77	86	0.869413
77	100	0.838671
77	109	0.924599
77	110	0.870482
77	139	0.771901
77	160	0.844316
77	163	2.34407
77	164	1.65977
77	170	2.10116
77	172	2.50737
77	178	0.836876
78	69	0.896598
78	84	0.91629
78	89	0.863378
78	90	0.904244
78	106	0.884847
78	108	0.868418
78	115	0.900698
78	116	0.862897
78	119	0.855157
78	128	0.885377
78	135	0.908842
78	137	0.863207
78	138	0.894383
78	141	0.882905
78	145	1.12489
78	156	0.838818
78	158	2.54375
78	166	0.777006
78	174	2.61896
78	177	2.95092
79	15	1.48407
79	26	2.18024
79	46	2.3357
79	89	0.846331
79	112	0.851303
79	114	0.848981
79	116	0.84585
79	126	0.869124
79	137	0.846159
79	138	0.877335
79	139	0.752706
79	141	0.865857
79	148	0.872607
79	173	0.789813
79	174	0.787106
79	176	0.787554
79	177	0.783395
79	178	0.817681
79	179	0.797448
79	180	0.77898
80	4	0.843305
80	34	0.913201
80	41	0.893635
80	46	0.874263
80	57	0.928885
80	72	0.886681
80	77	0.883773
80	81	0.868829
80	83	0.808329
80	86	0.861048
80	98	0.994173
80	100	0.830307
80	109	0.916235
80	110	0.862117
80	118	0.896043
80	139	0.763536
80	155	1.4417
80	160	0.835952
80	165	4.31097
80	167	2.15319
80	178	0.828511
81	4	0.836726
81	34	0.906622
81	41	0.887056
81	46	0.867684
81	57	0.922306
81	70	0.924248
81	72	0.880101
81	77	0.877194
81	80	0.868829
81	83	0.80175
81	86	0.854469
81	109	0.909655
81	110	0.855538
81	118	0.889463
81	139	0.756957
81	140	1.89511
81	146	1.83182
81	154	1.82788
81	160	0.829372
81	178	0.821932
81	179	3.29513
82	42	0.868885
82	95	0.878367
82	96	0.884253
82	100	1.92111
82	103	0.875781
82	104	0.875214
82	112	0.855928
82	113	0.854081
82	114	0.853606
82	121	0.88154
82	123	0.879131
82	124	0.887708
82	126	0.873749
82	133	0.867385
82	136	0.649671
82	143	0.864058
82	148	0.877232
82	160	0.829746
82	166	4.28322
82	176	2.31343
82	178	0.822306
83	42	3.51112
83	72	0.819601
83	76	2.78888
83	77	0.816694
83	80	0.808329
83	81	0.80175
83	84	0.842993
83	86	0.793969
83	116	0.789601
83	119	0.781861
83	135	0.835546
83	141	0.809608
83	165	0.708023
83	170	0.743287
83	172	0.744206
83	174	0.730857
83	175	0.735326
83	176	0.731305
83	178	0.761432
83	179	0.741199
83	180	0.722731
84	20	0.867162
84	22	0.925758
84	67	0.92468
84	78	0.91629
84	83	0.842993
84	90	0.932691
84	101	0.908823
84	102	0.910917
84	106	0.913295
84	108	0.896865
84	115	0.929145
84	116	0.891344
84	119	0.883604
84	135	0.937289
84	137	0.891654
84	138	0.92283
84	141	0.911352
84	146	1.20179
84	151	1.71709
84	152	1.4998
84	168	2.77799
84	179	2.6651
85	86	1.71842
85	93	3.15797
85	131	0.818102
85	139	0.719078
85	151	0.812614
85	155	0.844867
85	159	0.813888
85	162	0.816448
85	167	0.778289
85	168	0.770435
85	169	0.747079
85	170	0.765908
85	171	0.769594
85	172	0.766827
85	173	0.756186
85	174	0.753478
85	175	0.757947
85	176	0.753927
85	177	0.749767
85	179	0.76382
85	180	0.745352
86	4	0.828944
86	21	3.13587
86	34	0.898841
86	41	0.879274
86	46	0.859902
86	57	0.914525
86	70	0.916466
86	72	0.87232
86	77	0.869413
86	80	0.861048
86	81	0.854469
86	83	0.793969
86	85	1.71842
86	100	0.815946
86	109	0.901874
86	110	0.847757
86	118	0.881682
86	139	0.749175
86	158	1.58345
86	160	0.821591
86	171	1.58865
86	178	0.814151
87	36	0.865501
87	74	0.861573
87	93	0.875181
87	95	0.86507
87	96	0.870956
87	104	0.861917
87	112	0.842631
87	113	0.840784
87	121	0.868242
87	123	0.865834
87	124	0.874411
87	126	0.860452
87	133	0.854088
87	139	5.46549
87	143	0.850761
87	144	0.879014
87	148	0.863935
87	160	0.816449
87	162	1.15266
87	163	0.801211
87	164	1.33481
87	169	2.5543
88	43	0.854584
88	113	1.76559
88	128	1.84137
88	135	1.14715
88	153	0.878647
88	158	0.82787
88	159	0.851198
88	161	0.796435
88	164	0.825339
88	167	0.815599
88	168	0.807745
88	169	0.784389
88	170	0.803218
88	171	0.806904
88	172	0.804137
88	173	0.793496
88	174	0.790788
88	175	0.795257
88	176	0.791237
88	177	0.787077
88	179	0.80113
88	180	0.782662
89	20	0.814251
89	61	1.65797
89	63	0.893979
89	69	0.872134
89	78	0.863378
89	79	0.846331
89	90	0.87978
89	101	0.855912
89	102	0.858006
89	108	0.843954
89	115	0.876233
89	119	0.830693
89	128	0.860913
89	132	2.02995
89	135	0.884378
89	137	0.838743
89	138	0.869919
89	141	0.85844
89	147	0.895206
89	166	0.752542
89	172	2.70605
89	178	2.24489
90	19	0.936404
90	43	1.86253
90	49	0.839793
90	59	0.868598
90	69	0.913
90	78	0.904244
90	84	0.932691
90	89	0.87978
90	101	0.896777
90	106	0.901249
90	108	0.88482
90	115	0.917099
90	116	0.879299
90	119	0.871559
90	125	2.3013
90	128	0.901779
90	135	0.925244
90	137	0.879608
90	138	0.910784
90	141	0.899306
90	153	1.12981
90	163	2.69068
90	166	0.793408
91	34	2.20589
91	37	2.55507
91	56	2.13904
91	74	0.837413
91	100	0.786645
91	103	0.838325
91	115	0.850819
91	128	0.835498
91	133	0.829929
91	135	0.858963
91	137	0.813328
91	138	0.844504
91	141	0.833026
91	144	0.854855
91	148	0.839775
91	169	0.747875
91	171	0.77039
91	174	0.754275
91	175	0.758744
91	177	0.750564
91	178	0.784849
91	179	0.764617
91	180	0.746149
92	93	0.8723
92	96	0.868075
92	97	1.76052
92	98	2.20022
92	103	0.859603
92	104	0.859036
92	112	0.83975
92	113	0.837903
92	121	0.865362
92	122	0.867034
92	123	0.862953
92	124	0.87153
92	125	0.808772
92	126	0.857571
92	131	2.42577
92	133	0.851207
92	140	0.863665
92	143	0.84788
92	148	0.861054
92	150	2.67465
92	160	0.813568
92	163	0.79833
92	178	0.806128
93	9	0.953579
93	29	0.840478
93	74	0.90035
93	85	3.15797
93	87	0.875181
93	92	0.8723
93	95	0.903848
93	96	0.909734
93	103	0.901262
93	111	1.64219
93	112	0.881409
93	114	0.879087
93	121	0.90702
93	122	0.908693
93	123	0.904612
93	124	0.913189
93	126	0.899229
93	132	1.89394
93	133	0.892866
93	143	0.889538
93	148	0.902712
93	155	1.22009
93	159	1.71169
94	11	1.70184
94	118	1.03165
94	122	0.799396
94	148	1.19148
94	150	0.869253
94	153	0.917304
94	157	0.873316
94	158	0.866527
94	161	0.835092
94	164	0.863996
94	168	0.846402
94	169	0.823046
94	170	0.841875
94	171	0.845561
94	172	0.842795
94	173	0.832153
94	174	0.829446
94	175	0.833915
94	176	0.829894
94	177	0.825735
94	178	0.86002
94	179	0.839787
94	180	0.82132
95	36	0.894167
95	82	0.878367
95	87	0.86507
95	93	0.903848
95	96	0.899623
95	103	0.891151
95	104	0.890584
95	110	0.871282
95	122	0.898582
95	123	0.894501
95	124	0.903078
95	126	0.889118
95	133	0.882755
95	140	0.895213
95	143	0.879427
95	146	1.85819
95	147	1.74553
95	148	0.892601
95	149	0.888823
95	151	2.37348
95	153	1.67968
95	160	0.845116
95	164	2.55625
95	178	0.837676
96	28	0.834642
96	74	0.896125
96	82	0.884253
96	87	0.870956
96	92	0.868075
96	93	0.909734
96	95	0.899623
96	103	0.897037
96	110	0.877167
96	113	0.875337
96	114	0.874862
96	121	0.902795
96	122	0.904468
96	126	0.895004
96	133	0.888641
96	136	0.886784
96	140	0.901098
96	143	0.885313
96	148	0.898487
96	155	1.46793
96	158	2.82247
96	167	2.17942
96	177	3.22964
96	178	0.843561
97	34	1.32048
97	65	1.08195
97	92	1.76052
97	126	1.00623
97	143	0.774158
97	151	0.922464
97	153	0.951188
97	159	0.923739
97	161	0.868975
97	162	0.926299
97	164	0.897879
97	167	0.88814
97	168	0.880286
97	169	0.856929
97	170	0.875759
97	171	0.879445
97	172	0.876678
97	173	0.866036
97	174	0.863329
97	175	0.867798
97	176	0.863778
97	177	0.859618
97	179	0.873671
97	180	0.855203
98	10	0.999739
98	26	1.91844
98	50	2.08716
98	80	0.994173
98	92	2.20022
98	142	0.914
98	151	0.865295
98	153	0.894018
98	159	0.86657
98	161	0.811806
98	162	0.869129
98	164	0.84071
98	165	0.783326
98	167	0.83097
98	168	0.823116
98	169	0.79976
98	170	0.818589
98	171	0.822275
98	172	0.819509
98	174	0.80616
98	175	0.810629
98	177	0.802449
98	179	0.816502
98	180	0.798034
99	32	2.52564
99	62	0.818441
99	67	2.35568
99	123	1.6881
99	146	0.841507
99	150	0.810339
99	152	0.844647
99	154	0.876902
99	157	0.814402
99	159	0.830941
99	161	0.776178
99	162	0.833501
99	164	0.805082
99	167	0.795342
99	168	0.787488
99	169	0.764132
99	170	0.782961
99	172	0.78388
99	173	0.773239
99	175	0.775
99	176	0.77098
99	177	0.76682
99	179	0.780873
99	180	0.762406
100	12	0.776244
100	40	0.841797
100	48	0.911034
100	51	0.877435
100	57	0.883784
100	74	2.30438
100	77	0.838671
100	80	0.830307
100	82	1.92111
100	86	0.815946
100	91	0.786645
100	133	2.21422
100	149	0.834557
100	156	0.787499
100	160	0.79085
100	165	0.730001
100	170	0.765264
100	171	0.76895
100	175	0.757304
100	176	0.753283
100	177	0.749124
100	178	0.78341
100	179	0.763177
100	180	0.744709
101	8	1.02815
101	19	0.912536
101	27	0.856252
101	63	0.910976
101	67	0.888766
101	69	0.889132
101	84	0.908823
101	89	0.855912
101	90	0.896777
101	102	0.875003
101	106	0.877381
101	108	0.860952
101	115	0.893231
101	116	0.85543
101	119	0.847691
101	128	0.877911
101	129	1.33308
101	135	0.901375
101	137	0.85574
101	138	0.886916
101	141	0.875438
101	151	1.95212
101	162	1.90069
101	166	0.769539
101	169	4.20557
102	19	0.91463
102	51	1.38877
102	59	0.846824
102	63	0.913071
102	67	0.89086
102	69	0.891226
102	84	0.910917
102	89	0.858006
102	101	0.875003
102	105	1.1991
102	106	0.879475
102	108	0.863046
102	116	0.857525
102	119	0.849785
102	125	2.59586
102	128	0.880005
102	135	0.90347
102	137	0.857834
102	138	0.88901
102	141	0.877532
102	147	0.914298
102	156	0.833445
102	159	2.29019
102	166	0.771634
102	178	2.68739
103	42	0.881669
103	82	0.875781
103	91	0.838325
103	92	0.859603
103	93	0.901262
103	95	0.891151
103	96	0.897037
103	104	0.887998
103	112	0.868711
103	113	0.866865
103	114	0.86639
103	122	0.895996
103	123	0.891915
103	126	0.886532
103	133	0.880169
103	143	0.876841
103	145	0.881998
103	148	0.890015
103	149	0.886237
103	163	0.827291
103	168	2.17595
103	169	3.36849
103	177	2.55718
103	178	0.835089
103	179	2.06306
104	9	0.940314
104	28	0.825603
104	66	1.32364
104	82	0.875214
104	87	0.861917
104	92	0.859036
104	95	0.890584
104	103	0.887998
104	113	0.866298
104	114	0.865823
104	122	0.895429
104	123	0.891348
104	126	0.885965
104	133	0.879602
104	143	0.876274
104	144	0.904528
104	145	0.882384
104	148	0.889448
104	149	0.88567
104	151	1.84435
104	160	0.841963
104	163	0.826724
104	170	2.46851
104	178	0.834522
104	180	3.56593
105	56	1.54137
105	102	1.1991
105	109	0.68737
105	110	0.770472
105	114	1.31721
105	152	0.922704
105	153	0.936447
105	154	0.954959
105	157	0.892459
105	158	0.88567
105	161	0.854235
105	162	0.911558
105	164	0.883139
105	167	0.873399
105	168	0.865545
105	169	0.842189
105	170	0.861018
105	171	0.864704
105	173	0.851296
105	174	0.848589
105	175	0.853058
105	176	0.849037
105	177	0.844878
105	179	0.858931
105	180	0.840463
106	20	0.83572
106	22	0.894316
106	59	0.849202
106	67	0.893238
106	69	0.893603
106	70	1.34347
106	78	0.884847
106	84	0.913295
106	90	0.901249
106	101	0.877381
106	102	0.879475
106	109	0.919457
106	116	0.859902
106	119	0.852162
106	128	0.882382
106	131	1.99866
106	134	1.72927
106	135	0.905847
106	137	0.860212
106	138	0.891388
106	141	0.87991
106	152	2.32293
106	156	0.835823
106	160	2.56561
106	166	0.774011
107	7	1.87917
107	44	2.15973
107	61	0.85215
107	109	0.926742
107	127	0.895453
107	141	1.24523
107	154	0.910449
107	155	0.895467
107	158	0.84116
107	159	0.864489
107	161	0.809725
107	162	0.867048
107	164	0.838629
107	167	0.828889
107	168	0.821035
107	169	0.797679
107	171	0.820194
107	172	0.817428
107	173	0.806786
107	174	0.804079
107	175	0.808548
107	176	0.804527
107	177	0.800368
107	179	0.814421
107	180	0.795953
108	19	0.900578
108	59	0.832773
108	63	0.899019
108	67	0.876809
108	69	0.877174
108	78	0.868418
108	84	0.896865
108	89	0.843954
108	90	0.88482
108	101	0.860952
108	102	0.863046
108	109	0.903028
108	116	0.843473
108	117	1.57317
108	119	0.835733
108	127	1.41977
108	128	0.865953
108	135	0.889418
108	137	0.843783
108	138	0.874959
108	141	0.86348
108	147	0.900246
108	151	2.1175
108	162	2.06606
108	166	0.757582
108	180	3.83908
109	54	0.90398
109	65	0.937299
109	72	0.927507
109	73	0.908508
109	76	0.914832
109	77	0.924599
109	80	0.916235
109	81	0.909655
109	86	0.901874
109	105	0.68737
109	106	0.919457
109	107	0.926742
109	108	0.903028
109	111	1.70896
109	120	1.77025
109	128	0.919986
109	134	0.940526
109	135	0.943451
109	137	0.897816
109	138	0.928992
109	141	0.917514
109	160	0.876778
109	165	0.815929
109	168	2.66735
109	175	2.75383
109	178	0.869337
110	57	0.915594
110	72	0.873389
110	77	0.870482
110	80	0.862117
110	81	0.855538
110	86	0.847757
110	95	0.871282
110	96	0.877167
110	105	0.770472
110	113	0.846995
110	115	0.881189
110	119	0.835649
110	121	0.874454
110	124	0.880622
110	135	0.889334
110	137	0.843698
110	138	0.874874
110	141	0.863396
110	143	0.856972
110	148	0.870146
110	154	1.17031
110	160	0.82266
110	161	2.89479
110	166	0.757498
110	175	2.83693
110	177	3.13168
110	178	0.81522
111	1	0.822755
111	11	0.903325
111	26	0.891612
111	35	0.860595
111	37	0.79747
111	52	0.854752
111	55	0.835088
111	64	0.827485
111	68	0.811999
111	75	0.858056
111	93	1.64219
111	109	1.70896
111	115	1.53224
111	118	0.873342
111	121	1.86306
111	149	0.856958
111	158	0.812317
111	162	0.838205
111	163	0.798013
111	164	0.809786
111	166	0.748088
111	167	0.800046
111	172	0.788585
111	176	0.775684
111	177	0.771525
111	179	0.785578
111	180	0.76711
112	8	0.871887
112	28	0.806317
112	36	0.871728
112	79	0.851303
112	82	0.855928
112	87	0.842631
112	92	0.83975
112	93	0.881409
112	103	0.868711
112	114	0.846537
112	118	0.882768
112	121	0.87447
112	122	0.876143
112	124	0.880639
112	126	0.866679
112	133	0.860316
112	140	0.872773
112	143	0.856988
112	144	0.885241
112	148	0.870162
112	151	2.03517
112	152	1.81788
112	155	1.71559
112	163	0.807438
112	167	2.42708
112	176	3.45181
112	178	0.815236
113	9	0.919181
113	29	0.806081
113	36	0.869881
113	42	0.859969
113	74	0.865953
113	82	0.854081
113	87	0.840784
113	88	1.76559
113	92	0.837903
113	96	0.875337
113	103	0.866865
113	104	0.866298
113	110	0.846995
113	118	0.880921
113	120	2.33605
113	121	0.872623
113	123	0.870215
113	124	0.878792
113	125	0.816033
113	126	0.864832
113	133	0.858469
113	142	1.81935
113	143	0.855141
113	145	1.21028
113	148	0.868315
113	176	3.58888
113	178	0.813389
114	21	0.781552
114	36	0.869406
114	42	0.859494
114	49	0.890964
114	74	0.865478
114	79	0.848981
114	82	0.853606
114	93	0.879087
114	96	0.874862
114	103	0.86639
114	104	0.865823
114	105	1.31721
114	112	0.846537
114	121	0.872148
114	123	0.86974
114	124	0.878317
114	126	0.864357
114	133	0.857994
114	142	1.88339
114	143	0.854666
114	144	0.88292
114	148	0.86784
114	153	1.54248
114	157	2.57774
114	160	0.820355
114	174	3.34646
114	178	0.812914
115	20	0.85157
115	22	0.910166
115	47	0.976338
115	63	0.931298
115	67	0.909088
115	69	0.909453
115	78	0.900698
115	84	0.929145
115	89	0.876233
115	90	0.917099
115	91	0.850819
115	101	0.893231
115	110	0.881189
115	111	1.53224
115	116	0.875752
115	119	0.868012
115	128	0.898232
115	135	0.921697
115	137	0.876062
115	138	0.907238
115	141	0.89576
115	147	0.932525
115	156	0.851673
115	162	1.3783
115	166	0.789861
115	172	2.4601
115	176	2.84637
115	178	1.99894
116	20	0.81377
116	22	0.872365
116	59	0.827251
116	63	0.893498
116	67	0.871287
116	69	0.871653
116	78	0.862897
116	79	0.84585
116	83	0.789601
116	84	0.891344
116	90	0.879299
116	101	0.85543
116	102	0.857525
116	106	0.859902
116	108	0.843473
116	115	0.875752
116	128	0.860432
116	135	0.883897
116	137	0.838261
116	138	0.869437
116	141	0.857959
116	142	1.66376
116	155	1.69708
116	156	0.813872
116	162	1.96523
116	166	0.752061
116	168	3.07757
116	177	3.45879
117	65	1.74443
117	108	1.57317
117	119	1.78034
117	136	0.922131
117	143	1.43664
117	145	0.918305
117	152	0.863455
117	153	0.877199
117	154	0.895711
117	157	0.833211
117	159	0.84975
117	160	0.827355
117	161	0.794986
117	162	0.85231
117	164	0.82389
117	167	0.814151
117	169	0.78294
117	171	0.805456
117	172	0.802689
117	173	0.792047
117	174	0.78934
117	175	0.793809
117	176	0.789788
117	177	0.785629
117	179	0.799682
117	180	0.781214
118	7	0.878524
118	11	0.94666
118	14	0.84894
118	33	0.924591
118	41	0.914269
118	45	0.907892
118	46	0.894897
118	64	0.87082
118	72	0.907315
118	80	0.896043
118	81	0.889463
118	86	0.881682
118	94	1.03165
118	111	0.873342
118	112	0.882768
118	113	0.880921
118	122	0.910052
118	123	0.905971
118	133	0.894225
118	143	0.890897
118	147	0.622091
118	148	0.904071
118	155	0.930463
118	161	2.45528
118	163	0.841348
118	165	3.79973
118	178	0.849145
118	180	2.97162
119	6	0.731791
119	19	0.887317
119	20	0.80603
119	22	0.864625
119	63	0.885758
119	69	0.863913
119	78	0.855157
119	83	0.781861
119	84	0.883604
119	89	0.830693
119	90	0.871559
119	101	0.847691
119	102	0.849785
119	106	0.852162
119	108	0.835733
119	110	0.835649
119	115	0.868012
119	117	1.78034
119	125	2.80235
119	128	0.852692
119	135	0.876157
119	137	0.830521
119	138	0.861697
119	141	0.850219
119	147	0.886985
119	154	1.80543
119	156	0.806132
119	179	3.27268
120	23	1.87972
120	62	0.842781
120	71	0.833401
120	109	1.77025
120	113	2.33605
120	132	0.862957
120	133	1.3537
120	150	0.834679
120	154	0.901243
120	155	0.886261
120	157	0.838743
120	158	0.831954
120	160	0.832887
120	161	0.800518
120	164	0.829422
120	168	0.811829
120	169	0.788472
120	170	0.807302
120	171	0.810988
120	172	0.808221
120	173	0.797579
120	174	0.794872
120	175	0.799341
120	176	0.795321
120	177	0.791161
120	179	0.805214
120	180	0.786746
121	9	0.94664
121	36	0.897339
121	42	0.887427
121	82	0.88154
121	87	0.868242
121	92	0.865362
121	93	0.90702
121	96	0.902795
121	110	0.874454
121	111	1.86306
121	112	0.87447
121	113	0.872623
121	114	0.872148
121	122	0.901754
121	123	0.897673
121	124	0.90625
121	125	0.843492
121	126	0.89229
121	133	0.885927
121	142	1.40764
121	143	0.8826
121	148	0.895774
121	152	1.54325
121	156	1.78486
121	160	0.848288
121	163	0.83305
121	170	2.38469
121	175	2.90792
121	178	0.840848
122	28	0.833601
122	29	0.835212
122	36	0.899012
122	58	1.38221
122	92	0.867034
122	93	0.908693
122	94	0.799396
122	95	0.898582
122	96	0.904468
122	103	0.895996
122	104	0.895429
122	112	0.876143
122	118	0.910052
122	121	0.901754
122	123	0.899346
122	124	0.907923
122	125	0.845164
122	126	0.893963
122	132	1.37205
122	133	0.8876
122	140	0.900057
122	143	0.884272
122	148	0.897446
122	157	1.35924
122	160	0.849961
122	163	0.834723
122	166	4.40422
122	175	2.16517
122	178	0.84252
123	36	0.894931
123	42	0.885019
123	51	1.01886
123	82	0.879131
123	87	0.865834
123	92	0.862953
123	93	0.904612
123	95	0.894501
123	99	1.6881
123	103	0.891915
123	104	0.891348
123	113	0.870215
123	114	0.86974
123	118	0.905971
123	121	0.897673
123	122	0.899346
123	124	0.903842
123	125	0.841083
123	126	0.889882
123	133	0.883519
123	143	0.880191
123	148	0.893365
123	149	0.889587
123	154	1.22903
123	156	1.77259
123	160	0.84588
123	163	0.830641
123	168	2.80917
123	171	2.78844
124	28	0.838097
124	29	0.839708
124	42	0.893596
124	71	2.39549
124	74	0.89958
124	82	0.887708
124	87	0.874411
124	92	0.87153
124	93	0.913189
124	95	0.903078
124	110	0.880622
124	112	0.880639
124	113	0.878792
124	114	0.878317
124	121	0.90625
124	122	0.907923
124	123	0.903842
124	133	0.892096
124	136	1.01373
124	143	0.888768
124	147	1.2865
124	148	0.901942
124	149	0.898164
124	156	1.93877
124	159	2.08646
124	160	0.854457
124	163	0.839219
124	173	3.18929
124	178	0.847016
125	25	1.00049
125	38	0.830806
125	50	0.82129
125	56	0.874121
125	70	0.886573
125	73	0.823428
125	76	0.829753
125	90	2.3013
125	92	0.808772
125	102	2.59586
125	113	0.816033
125	119	2.80235
125	121	0.843492
125	122	0.845164
125	123	0.841083
125	126	0.835701
125	134	0.855446
125	143	0.82601
125	148	0.839184
125	152	0.827798
125	155	0.845071
125	165	0.730849
125	168	0.770639
125	170	0.766113
125	175	0.758152
125	176	0.754131
125	177	0.749972
125	179	0.764025
125	180	0.745557
126	9	0.938849
126	28	0.824138
126	29	0.825748
126	79	0.869124
126	82	0.873749
126	87	0.860452
126	92	0.857571
126	93	0.899229
126	95	0.889118
126	96	0.895004
126	97	1.00623
126	103	0.886532
126	104	0.885965
126	112	0.866679
126	113	0.864832
126	114	0.864357
126	121	0.89229
126	122	0.893963
126	123	0.889882
126	125	0.835701
126	130	1.38486
126	133	0.878136
126	134	1.40209
126	142	1.86015
126	143	0.874809
126	144	0.903062
126	148	0.887983
126	161	3.41829
126	172	3.24342
126	178	0.833057
127	29	3.02606
127	35	1.81688
127	67	1.71812
127	73	0.71916
127	107	0.895453
127	108	1.41977
127	129	0.923914
127	132	0.879924
127	146	0.882815
127	151	0.870974
127	152	0.885954
127	154	0.91821
127	157	0.85571
127	158	0.84892
127	159	0.872249
127	161	0.817485
127	164	0.846389
127	168	0.828795
127	169	0.805439
127	170	0.824269
127	171	0.827955
127	172	0.825188
127	173	0.814546
127	174	0.811839
127	175	0.816308
127	176	0.812287
127	177	0.808128
127	179	0.822181
127	180	0.803713
128	20	0.83625
128	22	0.894845
128	59	0.849732
128	61	2.23032
128	63	0.915978
128	67	0.893767
128	78	0.885377
128	88	1.84137
128	89	0.860913
128	90	0.901779
128	91	0.835498
128	101	0.877911
128	102	0.880005
128	106	0.882382
128	108	0.865953
128	109	0.919986
128	115	0.898232
128	116	0.860432
128	119	0.852692
128	135	0.906377
128	137	0.860742
128	138	0.891918
128	141	0.880439
128	147	0.917205
128	150	1.95535
128	152	2.03074
128	153	1.55423
128	154	1.72879
128	156	0.836352
128	166	0.774541
129	19	1.30444
129	52	1.64418
129	60	2.13452
129	73	0.797837
129	101	1.33308
129	127	0.923914
129	137	1.41276
129	145	0.961504
129	146	0.903515
129	150	0.872346
129	151	0.891674
129	153	0.920398
129	155	0.923928
129	157	0.87641
129	158	0.869621
129	159	0.892949
129	161	0.838185
129	162	0.895509
129	164	0.867089
129	167	0.85735
129	169	0.826139
129	170	0.844969
129	171	0.848655
129	172	0.845888
129	173	0.835246
129	174	0.832539
129	175	0.837008
129	176	0.832988
129	177	0.828828
129	179	0.842881
129	180	0.824413
130	32	1.75761
130	50	2.02608
130	71	0.873626
130	126	1.38486
130	135	0.725616
130	138	0.241685
130	141	1.09674
130	146	0.906073
130	150	0.874904
130	151	0.894232
130	152	0.909212
130	154	0.941468
130	155	0.926486
130	157	0.878968
130	158	0.872179
130	159	0.895507
130	161	0.840743
130	162	0.898067
130	164	0.869647
130	167	0.859908
130	168	0.852054
130	170	0.847527
130	171	0.851213
130	172	0.848446
130	173	0.837804
130	174	0.835097
130	175	0.839566
130	176	0.835546
130	177	0.831386
130	179	0.845439
130	180	0.826971
131	13	0.747175
131	41	1.57861
131	46	2.29945
131	85	0.818102
131	92	2.42577
131	106	1.99866
131	136	0.917879
131	139	0.750687
131	144	1.23758
131	145	0.914052
131	146	0.856063
131	150	0.824895
131	151	0.844223
131	152	0.859203
131	153	0.872946
131	154	0.891458
131	155	0.876476
131	158	0.822169
131	159	0.845497
131	162	0.848057
131	164	0.819638
131	167	0.809898
131	168	0.802044
131	169	0.778688
131	170	0.797517
131	171	0.801203
131	172	0.798436
131	173	0.787795
131	174	0.785087
131	175	0.789556
131	176	0.785536
131	177	0.781376
131	179	0.795429
131	180	0.776961
132	57	2.29961
132	89	2.02995
132	93	1.89394
132	120	0.862957
132	122	1.37205
132	127	0.879924
132	133	1.54417
132	142	0.896389
132	145	0.917513
