1	31	1.18969
1	43	1.15588
1	99	0.721097
1	107	1.20765
1	109	0.6792
1	112	1.18594
1	117	1.23829
1	125	0.739649
1	147	0.734676
1	161	1.20436
1	167	0.728587
1	178	1.21796
2	127	1.15503
2	133	0.707892
2	140	0.74351
2	146	1.1933
2	149	0.726918
2	156	1.24837
2	165	1.20141
2	168	1.19737
2	169	1.18651
2	172	0.711538
2	173	0.713066
2	177	1.21839
3	16	0.686372
3	23	1.18207
3	58	1.22325
3	107	1.18761
3	112	1.16591
3	117	1.21826
3	156	0.692779
3	158	0.745338
3	171	0.751647
3	175	1.22509
3	178	1.19792
3	180	0.723349
4	17	1.10429
4	72	1.16528
4	109	0.693687
4	114	1.21645
4	123	1.24004
4	139	1.20473
4	141	1.24156
4	143	0.737475
4	146	0.722672
4	156	0.700866
4	161	0.746239
4	179	1.2273
5	11	1.08537
5	44	0.947055
5	68	1.11673
5	106	1.10571
5	129	1.01921
5	134	0.900697
5	151	1.03538
5	162	0.876977
5	163	0.91978
5	164	1.0257
5	176	1.06468
5	180	0.906569
6	20	1.1905
6	25	1.288
6	66	1.11227
6	76	1.17348
6	77	1.16829
6	82	1.26028
6	119	0.791785
6	121	0.684623
6	129	0.743152
6	137	1.20451
6	141	0.688741
6	162	0.691438
7	79	1.17857
7	130	0.688625
7	138	1.21808
7	142	1.1871
7	144	1.189
7	149	0.725655
7	160	1.20763
7	161	1.18952
7	175	1.23029
7	177	0.711908
7	178	0.747887
7	179	0.729003
8	76	0.708152
8	93	1.21102
8	102	1.2078
8	105	1.17464
8	123	1.21323
8	138	0.725283
8	139	1.17791
8	141	1.21475
8	168	0.737414
8	176	0.699967
8	177	0.726729
8	179	1.20049
9	81	0.733713
9	87	0.685583
9	131	0.729992
9	136	1.19292
9	147	1.16995
9	154	1.23064
9	157	1.1798
9	166	0.726677
9	168	1.21076
9	170	1.18466
9	175	0.716247
9	177	1.23177
10	37	1.18304
10	54	1.27032
10	60	0.719556
10	119	1.15721
10	138	1.21502
10	142	1.18404
10	144	1.18594
10	146	0.718583
10	156	0.696776
10	160	1.20457
10	169	0.741459
10	179	0.724269
11	5	1.08537
11	41	1.26413
11	44	1.13501
11	70	1.15568
11	106	1.29366
11	155	0.755328
11	162	0.692461
11	163	0.735263
11	164	1.21365
11	176	1.25263
11	177	0.701882
11	179	0.718976
12	78	0.863763
12	97	1.02031
12	98	1.03084
12	127	0.932869
12	133	1.06301
12	152	0.870647
12	153	0.930325
12	162	1.08876
12	171	1.03709
12	173	1.06433
12	174	1.04997
12	180	1.0458
13	29	1.20274
13	31	1.18189
13	107	1.19984
13	112	1.17814
13	117	1.23049
13	145	0.68905
13	146	0.715566
13	161	1.19655
13	163	0.737539
13	169	0.738442
13	178	1.21015
13	179	0.721252
14	25	0.643161
14	41	1.21435
14	56	1.20471
14	68	1.2549
14	70	1.1059
14	106	1.24388
14	122	0.747294
14	151	1.17355
14	173	0.727288
14	174	0.736321
14	176	1.20285
14	179	0.744488
15	44	1.10504
15	56	1.22452
15	68	1.27471
15	70	1.12571
15	106	1.26369
15	113	0.65008
15	126	0.680209
15	161	0.76655
15	162	0.722154
15	164	1.18368
15	171	0.780045
15	176	1.22266
16	3	0.686372
16	28	1.17053
16	42	1.13605
16	69	1.1695
16	84	1.1995
16	89	1.1603
16	91	0.731124
16	95	1.2915
16	135	1.27208
16	157	0.750146
16	174	0.713953
16	179	0.72212
17	4	1.10429
17	23	0.898272
17	93	1.05303
17	105	1.01665
17	123	1.05523
17	139	1.01992
17	141	1.05675
17	150	1.05208
17	151	0.873134
17	161	0.914966
17	178	0.915971
17	179	1.0425
18	19	1.07695
18	33	1.1664
18	50	0.673005
18	55	1.26675
18	92	1.22859
18	97	0.791322
18	115	1.22389
18	166	0.731236
18	168	0.722562
18	175	1.22711
18	176	0.685115
18	179	1.21038
19	18	1.07695
19	59	1.03993
19	86	1.01321
19	87	1.09415
19	92	1.05028
19	115	1.04558
19	116	0.880493
19	133	0.889347
19	163	0.928008
19	168	0.905311
19	175	1.0488
19	179	1.03207
20	6	1.1905
20	22	1.21429
20	25	1.29951
20	66	1.12378
20	77	1.1798
20	131	1.17421
20	143	0.712489
20	152	1.21624
20	163	0.71966
20	165	0.715986
20	171	0.734748
20	178	0.722258
21	36	0.734162
21	49	0.636282
21	72	0.760879
21	133	1.20105
21	143	1.20359
21	162	1.2268
21	164	0.721179
21	167	1.18883
21	170	0.745276
21	172	1.20841
21	174	1.18801
21	180	1.18384
22	20	1.21429
22	51	1.11576
22	66	1.13607
22	77	1.19209
22	82	1.28408
22	137	1.22831
22	140	0.739861
22	144	0.724443
22	152	1.22853
22	161	0.744497
22	173	0.709416
22	176	0.682759
23	3	1.18207
23	17	0.898272
23	58	1.15411
23	107	1.11847
23	112	1.09677
23	117	1.14912
23	118	0.737003
23	149	0.753858
23	150	0.754561
23	160	0.757876
23	161	1.11518
23	175	1.15595
23	178	1.12878
24	59	0.669861
24	125	0.663816
24	143	0.647155
24	150	1.31453
24	153	1.2869
24	154	1.32677
24	155	1.28818
24	157	1.27593
24	170	1.28079
24	171	0.669414
24	172	0.619311
24	175	0.629873
24	177	1.32791
25	6	1.288
25	14	0.643161
25	20	1.29951
25	76	1.28249
25	77	1.2773
25	82	1.36929
25	99	0.661919
25	109	1.31189
25	131	1.27171
25	135	0.625034
25	145	0.622492
25	157	0.68272
25	165	0.667307
26	29	1.1308
26	43	1.07614
26	105	0.816017
26	107	1.1279
26	112	1.1062
26	117	1.15855
26	121	0.765995
26	135	1.19682
26	172	0.780597
26	175	1.16537
26	176	0.755468
26	177	0.78223
26	178	1.13821
27	38	0.8156
27	102	1.14508
27	105	1.11192
27	112	0.820453
27	123	1.1505
27	139	1.11519
27	141	1.15202
27	152	1.17025
27	153	0.788205
27	162	0.748518
27	163	1.11806
27	176	0.731177
27	179	1.13777
28	16	1.17053
28	33	0.806259
28	47	1.04144
28	57	1.19894
28	61	1.11891
28	89	1.04853
28	95	1.17973
28	96	1.18067
28	135	1.1603
28	151	0.773685
28	152	0.751129
28	176	0.75378
28	178	0.816521
29	13	1.20274
29	26	1.1308
29	43	1.07515
29	107	1.12691
29	110	0.748659
29	112	1.10521
29	117	1.15756
29	139	0.802867
29	146	0.788475
29	174	0.785994
29	175	1.16438
29	177	0.777066
29	178	1.13722
30	59	0.66357
30	72	1.25038
30	80	0.644749
30	102	1.31971
30	105	1.28655
30	114	1.30155
30	123	1.32514
30	131	0.637328
30	139	1.28982
30	141	1.32665
30	155	0.6681
30	164	0.634992
30	178	0.650633
31	1	1.18969
31	13	1.18189
31	58	1.1417
31	107	1.10606
31	111	0.826617
31	112	1.08436
31	117	1.13671
31	138	0.756069
31	148	0.809281
31	154	0.735893
31	168	0.768199
31	175	1.14354
31	178	1.11638
32	35	1.272
32	88	0.621297
32	92	0.650396
32	96	0.598706
32	122	0.657987
32	149	1.3107
32	155	0.691532
32	158	1.28285
32	169	0.67237
32	171	1.2949
32	172	1.32818
32	174	1.30779
32	180	1.30362
33	18	1.1664
33	28	0.806259
33	38	1.0867
33	59	1.12939
33	87	1.18361
33	92	1.13974
33	102	0.742436
33	115	1.13503
33	127	0.780358
33	157	0.792669
33	163	0.78093
33	175	1.13825
33	179	1.12153
34	55	1.17499
34	86	1.09976
34	87	1.1807
34	92	1.13683
34	98	0.80887
34	115	1.13212
34	118	0.754109
34	135	0.744652
34	151	1.12253
34	157	0.802339
34	175	1.13535
34	178	0.793197
34	179	1.11862
35	32	1.272
35	53	0.710706
35	61	0.774463
35	71	1.08761
35	81	0.803474
35	125	1.12267
35	161	0.812055
35	166	1.12497
35	167	1.11973
35	172	1.1393
35	174	1.11891
35	179	0.794174
35	180	1.11474
36	21	0.734162
36	48	0.855504
36	79	1.11867
36	81	1.1294
36	142	1.1272
36	144	1.1291
36	150	0.769602
36	160	1.14773
36	161	1.12962
36	164	1.1479
36	172	0.753519
36	175	1.17039
36	178	0.791132
37	10	1.18304
37	116	0.756223
37	119	1.08476
37	122	1.13706
37	126	1.19636
37	138	1.14257
37	139	0.796158
37	142	1.11159
37	143	0.796568
37	144	1.11349
37	150	0.784807
37	160	1.13212
37	173	0.770252
38	27	0.8156
38	33	1.0867
38	56	0.738305
38	59	1.13854
38	63	0.777384
38	86	1.11181
38	87	1.19276
38	92	1.14889
38	115	1.14418
38	169	0.813776
38	175	1.14741
38	176	0.75273
38	179	1.13068
39	41	0.757377
39	79	0.827877
39	83	0.827549
39	90	1.13651
39	108	1.11203
39	120	0.728047
39	126	0.752485
39	130	1.16351
39	136	1.11416
39	156	1.183
39	168	1.132
39	170	1.1059
39	177	1.15302
40	74	0.764659
40	101	0.903643
40	111	1.04718
40	112	0.876343
40	130	1.12922
40	136	1.07987
40	155	1.07899
40	164	1.09
40	168	1.09771
40	169	1.08685
40	170	1.07161
40	174	0.822758
40	177	1.11873
40	180	0.834001
41	11	1.26413
41	14	1.21435
41	39	0.757377
41	56	1.2453
41	70	1.14649
41	106	1.28447
41	129	1.19798
41	154	0.653734
41	164	1.20446
41	170	0.719792
41	173	0.675251
41	175	0.684285
41	176	1.24344
41	178	0.711335
42	16	1.13605
42	47	1.00696
42	49	0.76871
42	57	1.16446
42	69	1.02324
42	80	0.863365
42	84	1.05324
42	89	1.01405
42	95	1.14524
42	96	1.14618
42	103	0.848727
42	137	1.10991
42	159	0.866906
42	166	0.852628
43	1	1.15588
43	26	1.07614
43	29	1.07515
43	46	0.76149
43	58	1.10789
43	75	0.918677
43	112	1.05055
43	117	1.1029
43	119	1.03971
43	155	0.86947
43	173	0.815919
43	175	1.10973
43	178	1.08256
43	180	0.836195
44	5	0.947055
44	11	1.13501
44	15	1.10504
44	68	1.16637
44	70	1.01737
44	106	1.15535
44	128	0.789604
44	131	0.845354
44	151	1.08502
44	164	1.07534
44	165	0.852388
44	169	0.856964
44	176	1.11432
44	178	0.858659
45	50	0.809253
45	81	1.04885
45	109	1.10374
45	120	1.16962
45	121	0.83189
45	126	1.13142
45	128	0.81505
45	138	1.07763
45	142	1.04665
45	160	1.06718
45	161	1.04907
45	176	1.10633
45	178	0.884105
45	179	0.86522
46	43	0.76149
46	131	0.689971
46	145	1.27849
46	147	1.19419
46	151	0.66044
46	157	1.20404
46	160	0.685062
46	166	0.686656
46	168	1.235
46	169	1.22413
46	170	1.2089
46	171	0.715767
46	178	1.22262
46	179	1.23305
47	28	1.04144
47	42	1.00696
47	57	1.18163
47	61	1.1016
47	69	1.04041
47	80	0.855304
47	84	1.07041
47	89	1.03122
47	95	1.16241
47	96	1.16335
47	138	0.823763
47	150	0.839658
47	168	0.835893
47	180	0.84538
48	36	0.855504
48	74	0.773012
48	144	0.837104
48	146	1.08163
48	152	1.11624
48	155	1.06698
48	156	1.1367
48	157	1.05474
48	158	0.864343
48	165	1.08974
48	169	1.07484
48	171	0.870653
48	177	1.10672
48	178	1.07332
49	21	0.636282
49	42	0.76871
49	90	1.24625
49	101	0.747085
49	127	1.19939
49	139	0.683073
49	147	1.20093
49	153	1.22175
49	155	1.22302
49	161	1.21575
49	167	0.689082
49	169	1.23087
49	177	1.26275
49	180	0.677443
50	18	0.673005
50	45	0.809253
50	108	1.19267
50	120	0.607154
50	133	0.67768
50	145	1.25613
50	148	0.734725
50	149	0.696706
50	153	1.19265
50	154	1.23252
50	156	1.26364
50	165	1.21668
50	168	1.21264
50	177	1.23366
51	22	1.11576
51	66	1.02525
51	82	1.17326
51	92	1.10343
51	115	1.09873
51	133	0.817763
51	142	1.05876
51	144	1.06066
51	147	0.86094
51	150	0.837491
51	160	1.07929
51	163	0.856423
51	174	0.831969
51	179	1.08522
52	121	1.24805
52	137	0.658664
52	143	0.704979
52	147	1.19091
52	154	1.2516
52	157	1.20076
52	159	0.712405
52	167	0.710578
52	169	1.22086
52	170	1.20562
52	171	0.727238
52	174	0.687696
52	177	1.25274
52	179	1.22977
53	35	0.710706
53	58	0.677043
53	70	0.744579
53	98	0.70711
53	120	1.31279
53	122	1.21528
53	134	0.669756
53	138	1.2208
53	142	1.18981
53	144	1.19172
53	160	1.21034
53	163	0.688839
53	164	1.21051
53	176	1.24949
54	10	1.27032
54	109	1.25596
54	122	1.22434
54	125	0.714327
54	135	0.65889
54	138	1.22985
54	142	1.19887
54	143	0.697666
54	144	1.20077
54	147	0.709354
54	159	0.705092
54	160	1.2194
54	161	1.20129
54	170	0.715891
55	18	1.26675
55	34	1.17499
55	59	1.22974
55	85	0.730355
55	86	1.20301
55	92	1.24009
55	103	0.677589
55	147	0.70003
55	148	0.713898
55	151	1.22579
55	166	0.681491
55	169	0.696416
55	175	1.2386
55	179	1.22188
56	14	1.20471
56	15	1.22452
56	38	0.738305
56	41	1.2453
56	68	1.28585
56	70	1.13684
56	103	0.696101
56	106	1.27483
56	139	0.706445
56	150	0.695094
56	152	0.651232
56	164	1.19482
56	176	1.2338
56	178	0.716623
57	28	1.19894
57	42	1.16446
57	47	1.18163
57	69	1.19791
57	84	1.22791
57	89	1.18872
57	95	1.31991
57	96	1.32085
57	111	0.746243
57	150	0.69159
57	156	0.666742
57	168	0.687825
57	178	0.71312
57	180	0.697312
58	3	1.22325
58	23	1.15411
58	31	1.1417
58	43	1.10789
58	53	0.677043
58	90	0.744096
58	107	1.15965
58	109	0.72584
58	117	1.1903
58	161	1.15636
58	163	0.776799
58	170	0.787853
58	171	0.791887
58	175	1.19713
58	178	1.16996
59	19	1.03993
59	24	0.669861
59	30	0.66357
59	33	1.12939
59	38	1.13854
59	55	1.22974
59	87	1.23545
59	115	1.18688
59	151	1.17729
59	160	0.788512
59	163	0.804129
59	173	0.770642
59	175	1.1901
59	178	0.806727
59	179	1.17337
60	10	0.719556
60	88	0.717423
60	101	1.11455
60	123	0.721441
60	136	0.781513
60	149	1.16795
60	157	0.779334
60	166	1.1711
60	170	0.778648
60	171	1.15216
60	172	1.18544
60	173	1.1794
60	174	1.16504
60	176	1.20367
60	180	1.16087
61	28	1.11891
61	35	0.774463
61	47	1.1016
61	69	1.11788
61	84	1.14788
61	89	1.10869
61	95	1.23988
61	96	1.24082
61	135	1.22046
61	137	1.20455
61	155	0.77266
61	162	0.709793
61	170	0.76365
61	174	0.728142
61	178	0.755194
62	63	1.15973
62	105	0.759252
62	110	1.20156
62	122	0.745367
62	148	1.1376
62	158	1.1336
62	162	1.19733
62	165	0.755173
62	166	1.16459
62	170	0.769901
62	172	1.17893
62	173	1.1729
62	177	0.725465
62	179	0.74256
62	180	1.15437
63	38	0.777384
63	62	1.15973
63	79	0.743748
63	103	1.18238
63	110	1.19891
63	159	1.16182
63	164	0.740061
63	169	0.754007
63	170	0.764158
63	171	1.143
63	172	1.17628
63	173	1.17025
63	174	1.15588
63	177	0.719723
63	180	1.15172
64	74	0.697864
64	80	1.1494
64	101	1.11986
64	121	0.730799
64	129	0.789327
64	130	0.723751
64	143	1.18593
64	159	1.17628
64	165	0.776742
64	166	1.17641
64	167	1.17117
64	169	0.781318
64	173	1.18471
64	174	1.17035
64	180	1.16618
65	90	1.11704
65	115	0.778437
65	125	0.827336
65	127	1.07019
65	139	0.810265
65	145	1.15602
65	149	0.798211
65	152	1.14307
65	156	1.16353
65	165	1.11657
65	168	1.11253
65	169	1.10167
65	170	1.08643
65	172	0.782831
65	177	1.13355
65	180	0.804635
66	6	1.11227
66	20	1.12378
66	22	1.13607
66	51	1.02525
66	77	1.10158
66	82	1.19357
66	109	1.13616
66	110	0.772874
66	130	0.777997
66	131	1.09599
66	137	1.1378
66	141	0.789163
66	151	0.794424
66	152	1.13802
66	157	0.846402
66	164	0.821619
67	113	1.2403
67	121	1.12612
67	123	0.779872
67	131	0.815317
67	134	0.806942
67	153	1.0898
67	154	1.12967
67	157	1.07883
67	162	0.783222
67	165	1.11383
67	168	1.10979
67	170	1.08369
67	175	0.801572
67	177	1.13081
67	178	1.09741
67	180	0.812815
68	5	1.11673
68	14	1.2549
68	15	1.27471
68	44	1.16637
68	56	1.28585
68	91	0.687115
68	106	1.32502
68	129	1.23853
68	149	0.674764
68	151	1.25469
68	157	0.706138
68	165	0.690725
68	166	0.680376
68	174	0.669945
68	176	1.28399
68	178	0.696996
69	16	1.1695
69	42	1.02324
69	47	1.04041
69	57	1.19791
69	61	1.11788
69	84	1.08669
69	89	1.0475
69	95	1.17869
69	96	1.17963
69	104	0.672818
69	135	1.15927
69	136	0.851204
69	173	0.803798
69	174	0.812831
69	178	0.839883
69	180	0.824075
70	11	1.15568
70	14	1.1059
70	15	1.12571
70	41	1.14649
70	44	1.01737
70	53	0.744579
70	56	1.13684
70	106	1.17602
70	109	0.793376
70	150	0.825403
70	151	1.10569
70	154	0.789331
70	164	1.09601
70	174	0.819881
70	176	1.13499
70	180	0.831124
71	35	1.08761
71	83	1.11389
71	116	1.11839
71	134	1.13642
71	139	0.806807
71	152	0.751594
71	159	1.12932
71	161	0.815982
71	164	0.801345
71	167	1.12421
71	170	0.825442
71	171	1.11051
71	173	1.13775
71	174	1.12339
71	179	0.798101
71	180	1.11922
72	4	1.16528
72	21	0.760879
72	30	1.25038
72	78	0.745573
72	105	1.07764
72	114	1.09264
72	116	0.767736
72	119	0.872796
72	123	1.11622
72	129	0.824162
72	139	1.08091
72	141	1.11774
72	150	1.11307
72	163	1.08378
72	170	0.826305
72	179	1.10349
73	104	0.694209
73	128	0.792218
73	136	1.10652
73	145	1.16785
73	146	1.12029
73	148	0.87706
73	151	0.818437
73	157	1.0934
73	163	1.10271
73	165	1.1284
73	168	1.12436
73	169	1.1135
73	170	1.09826
73	172	0.82366
73	176	0.798532
73	177	1.14538
74	40	0.764659
74	48	0.773012
74	64	0.697864
74	84	1.14567
74	87	1.23216
74	95	1.23767
74	96	1.23861
74	97	0.752105
74	108	0.726674
74	114	1.15923
74	115	1.18359
74	122	0.692562
74	137	1.20234
74	139	1.1475
74	141	1.18433
74	179	1.17008
74	180	0.692832
75	43	0.918677
75	93	0.836809
75	109	0.806907
75	111	1.04124
75	125	0.867356
75	136	1.07393
75	147	1.05096
75	149	0.838231
75	153	1.07178
75	155	1.07305
75	156	1.14277
75	165	1.09581
75	168	1.09177
75	169	1.08091
75	170	1.06567
75	175	0.833413
75	177	1.11279
76	6	1.17348
76	8	0.708152
76	25	1.28249
76	82	1.25477
76	85	0.771478
76	115	1.18024
76	125	0.746126
76	132	1.16897
76	159	0.736891
76	167	0.735065
76	169	1.15782
76	170	1.14258
76	172	0.701621
76	173	0.70315
76	175	1.18346
76	177	1.1897
76	179	1.16674
77	6	1.16829
77	20	1.1798
77	22	1.19209
77	25	1.2773
77	66	1.10158
77	82	1.24959
77	101	0.809053
77	109	1.19218
77	113	0.637745
77	131	1.15201
77	137	1.19381
77	152	1.19404
77	153	0.749506
77	162	0.709819
77	163	0.752622
77	176	0.692478
77	178	0.755219
78	12	0.863763
78	72	0.745573
78	110	0.657128
78	130	1.22503
78	140	0.715874
78	145	1.23701
78	147	1.15271
78	155	1.1748
78	158	0.727695
78	159	0.719171
78	161	1.16754
78	162	0.676114
78	165	1.19756
78	169	1.18266
78	170	1.16742
78	177	1.21454
78	178	1.18114
79	7	1.17857
79	36	1.11867
79	39	0.827877
79	63	0.743748
79	119	1.07722
79	120	1.22703
79	122	1.12953
79	126	1.18883
79	127	0.778667
79	131	1.12097
79	147	0.783755
79	153	0.776123
79	154	0.724235
79	160	1.12458
79	164	1.12475
79	175	1.14724
79	176	1.16373
79	180	0.766028
80	30	0.644749
80	42	0.863365
80	47	0.855304
80	64	1.1494
80	118	1.15817
80	125	1.13751
80	143	1.14932
80	149	1.13666
80	156	0.741528
80	159	1.13968
80	160	0.769691
80	162	1.17254
80	164	0.772265
80	166	1.1398
80	172	1.15414
80	174	1.13375
80	177	0.751927
80	180	1.12958
81	9	0.733713
81	35	0.803474
81	36	1.1294
81	45	1.04885
81	120	1.23776
81	122	1.14026
81	126	1.19956
81	138	1.14577
81	142	1.11479
81	144	1.11669
81	150	0.762675
81	157	0.793347
81	160	1.13531
81	167	0.780036
81	175	1.15797
81	176	1.17446
81	177	0.748226
81	178	0.784205
82	6	1.26028
82	22	1.28408
82	25	1.36929
82	51	1.17326
82	66	1.19357
82	76	1.25477
82	77	1.24959
82	124	0.679283
82	131	1.244
82	137	1.28581
82	141	0.65229
82	150	0.678857
82	152	1.28603
82	158	0.706568
82	164	0.684746
82	172	0.662774
82	175	0.673337
82	177	0.664408
83	39	0.827549
83	71	1.11389
83	141	0.73341
83	144	0.760449
83	148	1.12425
83	150	1.16018
83	151	1.15452
83	158	1.12025
83	160	0.763293
83	162	1.18398
83	164	0.765866
83	168	0.756213
83	170	0.789964
83	171	1.13231
83	172	1.16558
83	173	1.15955
83	174	1.14519
83	180	1.14102
84	16	1.1995
84	42	1.05324
84	47	1.07041
84	57	1.22791
84	61	1.14788
84	69	1.08669
84	74	1.14567
84	89	1.0775
84	95	1.2087
84	96	1.20964
84	127	0.783248
84	137	1.17337
84	143	0.776649
84	154	0.728816
84	163	0.783819
84	170	0.794873
84	177	0.750438
84	178	0.786417
85	55	0.730355
85	76	0.771478
85	91	1.15868
85	113	0.70856
85	116	1.13672
85	140	1.1325
85	146	0.801463
85	152	0.760642
85	153	0.820321
85	158	1.11678
85	162	1.18051
85	166	1.14778
85	167	1.14254
85	171	1.12884
85	172	1.16211
85	173	1.15608
85	179	0.80715
85	180	1.13755
86	19	1.01321
86	34	1.09976
86	38	1.11181
86	55	1.20301
86	87	1.20873
86	92	1.16485
86	98	0.788874
86	111	0.806324
86	115	1.16015
86	136	0.784521
86	137	1.17891
86	151	1.15056
86	164	0.75756
86	167	0.769031
86	170	0.781657
86	175	1.16337
86	176	0.710459
86	179	1.14664
87	9	0.685583
87	19	1.09415
87	33	1.18361
87	34	1.1807
87	38	1.19276
87	59	1.23545
87	74	1.23216
87	86	1.20873
87	115	1.2411
87	137	1.25986
87	149	0.713843
87	153	0.730362
87	159	0.733732
87	163	0.733478
87	175	1.24432
87	176	0.673334
87	177	0.700096
87	178	0.736075
87	179	1.22759
88	32	0.621297
88	60	0.717423
88	94	0.759722
88	107	0.749378
88	115	0.699015
88	120	1.29452
88	123	1.21074
88	126	1.25631
88	138	1.20252
88	139	1.17543
88	141	1.21226
88	151	0.698185
88	157	1.16899
88	160	1.19207
88	163	1.17829
88	169	1.18909
88	171	0.753512
88	172	0.703408
88	177	1.22097
89	16	1.1603
89	28	1.04853
89	42	1.01405
89	47	1.03122
89	57	1.18872
89	61	1.10869
89	69	1.0475
89	84	1.0775
89	92	0.809644
89	95	1.1695
89	96	1.17044
89	98	0.848987
89	126	0.745968
89	135	1.15008
89	137	1.13417
89	140	0.827673
89	142	0.826741
89	163	0.830716
89	174	0.806262
90	39	1.13651
90	49	1.24625
90	58	0.744096
90	65	1.11704
90	112	0.785023
90	133	0.717231
90	136	1.15607
90	140	0.752849
90	142	0.751917
90	143	0.748721
90	147	1.1331
90	149	0.736257
90	154	1.19379
90	158	0.76467
90	164	1.1662
90	168	1.17391
90	169	1.16305
90	170	1.14781
90	177	1.19493
90	179	1.17196
91	16	0.731124
91	68	0.687115
91	85	1.15868
91	93	1.18759
91	96	0.708549
91	107	0.792265
91	114	1.16621
91	115	0.741902
91	122	1.17607
91	127	0.780739
91	132	0.759664
91	136	0.795229
91	139	1.15448
91	141	1.19131
91	142	1.1506
91	144	1.1525
91	158	1.14671
91	160	1.17112
91	166	1.17771
91	180	1.16748
92	18	1.22859
92	19	1.05028
92	32	0.650396
92	33	1.13974
92	34	1.13683
92	38	1.14889
92	51	1.10343
92	55	1.24009
92	86	1.16485
92	89	0.809644
92	137	1.21598
92	145	0.719034
92	151	1.18763
92	157	0.779262
92	158	0.776302
92	163	0.767523
92	173	0.734036
92	175	1.20044
92	178	0.770121
92	179	1.18372
93	8	1.21102
93	17	1.05303
93	75	0.836809
93	91	1.18759
93	96	0.694776
93	102	1.18335
93	105	1.15019
93	114	1.16519
93	123	1.18878
93	139	1.15346
93	141	1.19029
93	144	0.749077
93	150	1.18562
93	158	0.776316
93	163	1.15633
93	169	0.76844
93	172	0.732522
93	176	0.707393
93	177	0.734156
93	179	1.17604
94	88	0.759722
94	110	1.16775
94	111	0.845614
94	121	0.760276
94	133	1.13777
94	135	0.763946
94	144	0.791433
94	146	0.78792
94	148	1.10379
94	158	1.09979
94	159	1.13066
94	160	0.794276
94	162	1.16352
94	166	1.13079
94	167	1.12555
94	171	1.11184
94	172	1.14512
94	173	1.13909
94	174	1.12473
94	179	0.793606
94	180	1.12056
95	16	1.2915
95	28	1.17973
95	42	1.14524
95	47	1.16241
95	57	1.31991
95	61	1.23988
95	69	1.17869
95	74	1.23767
95	84	1.2087
95	89	1.1695
95	96	1.30164
95	129	0.708272
95	134	0.680278
95	137	1.26536
95	150	0.680429
95	155	0.719426
95	158	0.70814
95	159	0.699616
95	163	0.699361
95	165	0.695687
95	171	0.714449
96	28	1.18067
96	32	0.598706
96	42	1.14618
96	47	1.16335
96	57	1.32085
96	61	1.24082
96	69	1.17963
96	74	1.23861
96	84	1.20964
96	89	1.17044
96	91	0.708549
96	93	0.694776
96	95	1.30164
96	100	0.795229
96	132	0.694186
96	135	1.28221
96	137	1.2663
96	144	0.697373
96	150	0.696901
96	161	0.717426
96	179	0.699546
97	12	1.02031
97	18	0.791322
97	74	0.752105
97	103	1.15153
97	110	1.16805
97	121	0.78504
97	124	1.15283
97	125	1.12879
97	137	0.781171
97	145	0.786168
97	149	1.12794
97	154	0.779654
97	162	1.16382
97	167	1.12585
97	168	0.811961
97	171	1.11215
97	173	1.13939
97	174	1.12503
97	175	0.810204
97	176	1.16366
97	180	1.12086
98	12	1.03084
98	34	0.80887
98	53	0.70711
98	86	0.788874
98	89	0.848987
98	108	0.827498
98	121	0.757248
98	134	1.14859
98	140	1.12634
98	143	1.15114
98	145	0.758376
98	158	1.11063
98	159	1.1415
98	162	1.17436
98	165	0.803192
98	166	1.14162
98	167	1.13639
98	171	1.12268
98	173	1.14993
98	174	1.13557
98	180	1.1314
99	1	0.721097
99	25	0.661919
99	109	1.20527
99	120	0.670346
99	124	1.19703
99	134	1.18226
99	144	0.761073
99	145	0.731044
99	146	0.75756
99	149	1.17214
99	156	0.735753
99	159	1.17516
99	162	1.20802
99	164	0.76649
99	166	1.17529
99	167	1.17005
99	170	0.790587
99	172	1.18963
99	173	1.18359
99	174	1.16923
99	176	1.20786
99	180	1.16506
100	96	0.795229
100	101	1.045
100	115	0.828582
100	120	0.758804
100	124	1.12329
100	128	1.1307
100	132	0.846344
100	146	0.846017
100	147	0.872508
100	148	1.07455
100	149	1.0984
100	152	0.805196
100	159	1.10142
100	162	1.13428
100	166	1.10155
100	167	1.09631
100	171	1.08261
100	172	1.11588
100	173	1.10985
100	174	1.09549
100	175	0.843538
100	180	1.09132
101	40	0.903643
101	49	0.747085
101	60	1.11455
101	64	1.11986
101	77	0.809053
101	100	1.045
101	125	1.10797
101	127	0.844454
101	130	0.788361
101	134	1.11723
101	148	1.08327
101	158	1.07927
101	163	1.0899
101	164	0.831982
101	167	1.10502
101	169	0.845928
101	171	1.09132
101	172	1.1246
101	173	1.11857
101	174	1.1042
101	179	0.828739
101	180	1.10004
102	8	1.2078
102	27	1.14508
102	30	1.31971
102	33	0.742436
102	93	1.18335
102	105	1.14697
102	107	0.761055
102	110	0.688312
102	114	1.16197
102	123	1.18556
102	129	0.759012
102	139	1.15024
102	141	1.18707
102	150	1.1824
102	152	1.2053
102	160	0.734484
102	163	1.15311
102	166	0.736078
102	168	0.727404
102	170	0.761154
102	176	0.689957
102	179	1.17282
103	42	0.848727
103	55	0.677589
103	56	0.696101
103	63	1.18238
103	97	1.15153
103	113	0.655793
103	117	0.752057
103	118	1.20562
103	128	1.2164
103	134	1.19422
103	135	0.724723
103	140	1.17197
103	141	0.725171
103	157	0.782409
103	159	1.18712
103	166	1.18725
103	167	1.18201
103	171	1.16831
103	173	1.19555
103	174	1.18119
103	177	0.737288
103	180	1.17702
104	69	0.672818
104	73	0.694209
104	114	0.636576
104	116	1.33463
104	119	0.681673
104	121	0.574511
104	129	0.633039
104	152	0.561333
104	158	1.3147
104	159	1.34556
104	160	0.608511
104	161	0.625721
104	162	1.37843
104	163	1.32533
104	166	1.34569
104	167	1.34045
104	171	1.32675
104	172	1.36003
104	173	1.35399
104	174	1.33963
104	175	0.599675
104	179	0.607841
104	180	1.33546
105	8	1.17464
105	17	1.01665
105	26	0.816017
105	27	1.11192
105	30	1.28655
105	62	0.759252
105	72	1.07764
105	93	1.15019
105	102	1.14697
105	109	0.738041
105	110	0.72721
105	113	1.27211
105	114	1.12881
105	123	1.15239
105	137	0.735513
105	139	1.11708
105	141	1.15391
105	152	1.17214
105	157	0.800739
105	161	0.790593
105	162	0.746196
105	169	0.789902
105	179	1.13966
106	5	1.10571
106	11	1.29366
106	14	1.24388
106	15	1.26369
106	41	1.28447
106	44	1.15535
106	56	1.27483
106	68	1.32502
106	70	1.17602
106	109	0.653366
106	124	0.685819
106	129	1.22751
106	136	0.718243
106	140	0.701283
106	151	1.24367
106	153	0.701209
106	162	0.661522
106	164	1.23399
106	171	0.719413
106	176	1.27297
106	177	0.670943
106	178	0.706923
106	179	0.688038
107	1	1.20765
107	3	1.18761
107	13	1.19984
107	23	1.11847
107	26	1.1279
107	29	1.12691
107	31	1.10606
107	58	1.15965
107	88	0.749378
107	91	0.792265
107	102	0.761055
107	112	1.10231
107	117	1.15467
107	135	1.19293
107	145	0.751059
107	149	0.779914
107	161	1.12073
107	162	0.756746
107	164	0.786505
107	166	0.785526
107	175	1.16149
107	176	0.739405
107	178	1.13433
108	39	1.11203
108	50	1.19267
108	74	0.726674
108	98	0.827498
108	111	1.0989
108	116	0.761711
108	120	0.70004
108	129	1.13524
108	130	1.18094
108	140	0.806184
108	146	1.14536
108	151	0.768988
108	154	1.16931
108	156	1.20043
108	163	1.12778
108	164	1.14172
108	165	1.15347
108	168	1.14943
108	170	1.12333
108	173	0.77574
108	175	0.784774
108	176	0.749083
108	177	1.17045
109	1	0.6792
109	4	0.693687
109	25	1.31189
109	45	1.10374
109	54	1.25596
109	58	0.72584
109	66	1.13616
109	70	0.793376
109	75	0.806907
109	77	1.19218
109	99	1.20527
109	105	0.738041
109	106	0.653366
109	121	0.688019
109	128	1.22594
109	142	1.16968
109	144	1.17158
109	149	1.19364
109	152	1.22862
109	154	0.682632
109	160	1.19021
109	162	1.22952
109	169	0.738538
109	180	1.18656
110	29	0.748659
110	62	1.20156
110	63	1.19891
110	66	0.772874
110	78	0.657128
110	94	1.16775
110	97	1.16805
110	102	0.688312
110	105	0.72721
110	114	0.739254
110	119	0.78435
110	128	1.23292
110	138	0.691978
110	143	1.21329
110	148	1.17678
110	156	0.683026
110	162	1.23651
110	167	1.19853
110	171	1.18483
110	172	1.21811
110	173	1.21208
110	174	1.19771
110	175	0.702353
110	180	1.19355
111	31	0.826617
111	40	1.04718
111	57	0.746243
111	75	1.04124
111	86	0.806324
111	94	0.845614
111	108	1.0989
111	113	1.24938
111	121	1.1352
111	125	0.833806
111	130	1.15039
111	132	1.11916
111	150	1.12651
111	153	1.09889
111	155	1.10016
111	156	1.16988
111	165	1.12292
111	169	1.10801
111	170	1.09277
111	172	0.789301
111	173	0.790829
111	174	0.799862
111	176	0.764172
111	177	1.13989
112	1	1.18594
112	3	1.16591
112	13	1.17814
112	23	1.09677
112	26	1.1062
112	27	0.820453
112	29	1.10521
112	31	1.08436
112	40	0.876343
112	43	1.05055
112	90	0.785023
112	107	1.10231
112	117	1.13296
112	119	1.06977
112	121	0.768109
112	132	0.79608
112	135	1.17123
112	149	0.798091
112	161	1.09902
112	167	0.816154
112	175	1.13979
112	176	0.757582
112	177	0.784345
112	178	1.11262
113	15	0.65008
113	67	1.2403
113	77	0.637745
113	85	0.70856
113	103	0.655793
113	105	1.27211
113	111	1.24938
113	122	1.29697
113	125	0.683208
113	126	1.35627
113	128	0.607261
113	137	0.620232
113	139	1.27539
113	141	1.31222
113	144	1.27341
113	151	0.633479
113	159	0.673973
113	160	1.29203
113	165	1.30395
113	167	0.672146
113	168	1.29991
113	176	1.33118
113	179	1.29796
113	180	0.660507
114	4	1.21645
114	30	1.30155
114	72	1.09264
114	74	1.15923
114	91	1.16621
114	93	1.16519
114	102	1.16197
114	104	0.636576
114	105	1.12881
114	110	0.739254
114	123	1.16739
114	133	0.762382
114	139	1.13208
114	141	1.16891
114	147	0.80556
114	150	1.16424
114	151	0.760804
114	152	1.18714
114	154	0.746039
114	162	0.75824
114	163	1.13495
114	166	0.78702
114	172	0.766028
114	176	0.740899
114	179	1.15466
115	18	1.22389
115	19	1.04558
115	33	1.13503
115	34	1.13212
115	38	1.14418
115	51	1.09873
115	59	1.18688
115	65	0.778437
115	74	1.18359
115	76	1.18024
115	86	1.16015
115	87	1.2411
115	88	0.699015
115	91	0.741902
115	100	0.828582
115	137	1.21128
115	151	1.18293
115	155	0.76925
115	159	0.749441
115	164	0.736142
115	166	0.735163
115	168	0.726489
115	175	1.19574
115	179	1.17901
115	180	0.735975
116	19	0.880493
116	37	0.756223
116	71	1.11839
116	72	0.767736
116	85	1.13672
116	104	1.33463
116	108	0.761711
116	122	0.727599
116	124	1.17749
116	127	0.740508
116	128	1.1849
116	133	1.16273
116	152	0.678285
116	158	1.12475
116	161	0.742673
116	162	1.18848
116	166	1.15575
116	167	1.15051
116	171	1.13681
116	172	1.17008
116	173	1.16405
116	174	1.14969
116	175	0.716626
116	179	0.724792
116	180	1.14552
117	1	1.23829
117	3	1.21826
117	13	1.23049
117	23	1.14912
117	26	1.15855
117	29	1.15756
117	31	1.13671
117	43	1.1029
117	58	1.1903
117	103	0.752057
117	107	1.15467
117	112	1.13296
117	119	1.12212
117	125	0.779471
117	133	0.731321
117	151	0.729743
117	157	0.781721
117	159	0.770236
117	161	1.15137
117	164	0.756938
117	166	0.755959
117	173	0.736495
117	175	1.19214
117	176	0.709838
117	178	1.16498
118	23	0.737003
118	34	0.754109
118	80	1.15817
118	103	1.20562
118	122	0.738624
118	125	1.18288
118	133	1.19216
118	140	1.1699
118	143	1.1947
118	145	0.703615
118	148	1.15818
118	149	1.18203
118	156	0.708325
118	159	1.18505
118	160	0.736488
118	165	0.748431
118	166	1.18518
118	169	0.753007
118	170	0.763158
118	171	1.16624
118	172	1.19951
118	173	1.19348
118	174	1.17912
118	177	0.718723
118	178	1.17409
118	179	0.735818
118	180	1.17495
119	6	0.791785
119	10	1.15721
119	37	1.08476
119	43	1.03971
119	72	0.872796
119	79	1.07722
119	104	0.681673
119	110	0.78435
119	112	1.06977
119	117	1.12212
119	123	0.799986
119	124	0.827633
119	126	1.17053
119	138	1.11674
119	146	1.11009
119	151	0.805901
119	156	1.16516
119	157	1.0832
119	158	0.854918
119	160	1.10628
119	165	1.1182
119	168	1.11416
119	171	0.861227
119	174	0.821685
119	175	1.12894
119	177	1.13518
119	178	1.10178
120	39	0.728047
120	45	1.16962
120	50	0.607154
120	53	1.31279
120	79	1.22703
120	81	1.23776
120	88	1.29452
120	99	0.670346
120	100	0.758804
120	108	0.70004
120	122	1.26103
120	126	1.32033
120	131	1.25248
120	138	1.26654
120	142	1.23556
120	144	1.23747
120	145	0.630919
120	160	1.25609
120	162	0.636605
120	163	0.679408
120	164	1.25626
120	167	0.677836
120	169	0.68031
120	174	0.654954
120	175	1.27875
120	176	1.29524
120	178	0.682006
121	6	0.684623
121	26	0.765995
121	45	0.83189
121	52	1.24805
121	64	0.730799
121	67	1.12612
121	94	0.760276
121	97	0.78504
121	98	0.757248
121	104	0.574511
121	109	0.688019
121	111	1.1352
121	112	0.768109
121	132	1.18601
121	145	1.22922
121	146	1.18165
121	147	1.14492
121	153	1.16574
121	154	1.2056
121	164	1.17802
121	165	1.18977
121	168	1.18573
121	169	1.17486
121	170	1.15963
121	171	0.754065
121	177	1.20674
121	179	1.18378
122	14	0.747294
122	32	0.657987
122	37	1.13706
122	53	1.21528
122	54	1.22434
122	62	0.745367
122	74	0.692562
122	79	1.12953
122	81	1.14026
122	91	1.17607
122	113	1.29697
122	116	0.727599
122	118	0.738624
122	120	1.26103
122	126	1.22283
122	128	0.708657
122	129	1.15227
122	138	1.16904
122	142	1.13806
122	144	1.13996
122	148	0.793499
122	160	1.15859
122	163	0.775114
122	164	1.15875
122	173	0.741628
122	175	1.18125
122	178	0.777712
123	4	1.24004
123	8	1.21323
123	17	1.05523
123	27	1.1505
123	30	1.32514
123	60	0.721441
123	67	0.779872
123	72	1.11622
123	88	1.21074
123	93	1.18878
123	102	1.18556
123	105	1.15239
123	114	1.16739
123	119	0.799986
123	124	0.723935
123	131	0.731734
123	139	1.15567
123	141	1.1925
123	152	1.21073
123	153	0.739326
123	155	0.762506
123	163	1.15854
123	173	0.708955
123	176	0.682298
123	177	0.70906
123	178	0.745039
123	179	1.17824
124	82	0.679283
124	97	1.15283
124	99	1.19703
124	100	1.12329
124	106	0.685819
124	116	1.17749
124	119	0.827633
124	123	0.723935
124	125	1.18625
124	127	0.769517
124	132	0.748442
124	140	1.17326
124	143	1.19806
124	145	0.721599
124	146	0.748115
124	148	1.16155
124	149	1.1854
124	154	0.715085
124	156	0.726308
124	159	1.18842
124	162	1.22128
124	166	1.18854
124	171	1.1696
124	172	1.20288
124	173	1.19685
124	179	0.753801
124	180	1.17832
125	1	0.739649
125	24	0.663816
125	35	1.12267
125	54	0.714327
125	65	0.827336
125	75	0.867356
125	76	0.746126
125	80	1.13751
125	97	1.12879
125	101	1.10797
125	111	0.833806
125	113	0.683208
125	117	0.779471
125	118	1.18288
125	124	1.18625
125	133	1.1715
125	134	1.17148
125	152	0.73529
125	158	1.13352
125	159	1.16439
125	163	1.14416
125	167	1.15928
125	170	0.809138
125	171	1.14557
125	172	1.17885
125	174	1.15846
125	178	1.15343
125	180	1.15429
126	15	0.680209
126	37	1.19636
126	39	0.752485
126	45	1.13142
126	79	1.18883
126	81	1.19956
126	88	1.25631
126	89	0.745968
126	113	1.35627
126	119	1.17053
126	120	1.32033
126	122	1.22283
126	132	0.6822
126	138	1.22834
126	142	1.19736
126	144	1.19926
126	153	0.700731
126	160	1.21789
126	162	0.661043
126	163	0.703846
126	164	1.21805
126	165	0.700173
126	167	0.702275
126	168	0.68115
126	175	1.24055
126	176	1.25704
126	178	0.706444
126	180	0.690636
127	2	1.15503
127	12	0.932869
127	33	0.780358
127	49	1.19939
127	65	1.07019
127	79	0.778667
127	84	0.783248
127	91	0.780739
127	101	0.844454
127	116	0.740508
127	124	0.769517
127	128	0.721566
127	145	1.17055
127	146	1.12299
127	147	1.08625
127	153	1.10707
127	154	1.14694
127	155	1.10834
127	156	1.17806
127	158	0.796802
127	160	0.772406
127	163	1.1054
127	164	1.11935
127	168	1.12706
127	169	1.11619
127	170	1.10096
127	177	1.14807
127	178	1.11468
127	179	1.12511
128	44	0.789604
128	45	0.81505
128	73	0.792218
128	100	1.1307
128	103	1.2164
128	109	1.22594
128	110	1.23292
128	113	0.607261
128	116	1.1849
128	122	0.708657
128	127	0.721566
128	132	0.70049
128	136	0.736055
128	138	0.68731
128	140	1.18067
128	148	1.16896
128	149	1.19281
128	155	0.742202
128	156	0.678357
128	159	1.19583
128	162	1.22869
128	165	0.718463
128	167	1.19072
128	171	1.17701
128	172	1.21029
128	173	1.20426
128	174	1.1899
128	178	1.18487
128	180	1.18573
129	5	1.01921
129	6	0.743152
129	41	1.19798
129	64	0.789327
129	68	1.23853
129	72	0.824162
129	95	0.708272
129	102	0.759012
129	104	0.633039
129	106	1.22751
129	108	1.13524
129	122	1.15227
129	133	0.758845
129	142	1.1268
129	143	0.790335
129	144	1.1287
129	148	0.81589
129	160	1.14733
129	161	1.12922
129	164	1.1475
129	165	1.15925
129	166	0.783483
129	167	0.795934
129	168	1.15521
129	169	1.14434
129	170	1.12911
129	176	1.18648
129	177	1.17622
130	7	0.688625
130	39	1.16351
130	40	1.12922
130	64	0.723751
130	66	0.777997
130	78	1.22503
130	101	0.788361
130	108	1.18094
130	111	1.15039
130	132	1.2012
130	136	1.18307
130	139	0.724348
130	145	1.2444
130	147	1.16011
130	148	0.750314
130	151	0.691691
130	154	1.22079
130	156	1.25191
130	165	1.20496
130	168	1.20092
130	170	1.17481
130	171	0.747017
130	172	0.696914
130	173	0.698443
130	174	0.707475
130	175	0.707476
130	177	1.22193
130	178	1.18853
130	179	1.19897
131	9	0.729992
131	20	1.17421
131	25	1.27171
131	30	0.637328
131	44	0.845354
131	46	0.689971
131	66	1.09599
131	67	0.815317
131	77	1.15201
131	79	1.12097
131	82	1.244
131	120	1.25248
131	123	0.731734
131	132	0.75624
131	138	1.16048
131	142	1.1295
131	144	1.13141
131	145	0.729397
131	151	1.15988
131	152	1.18845
131	153	0.774771
131	158	1.12562
131	160	1.15003
131	162	1.18935
131	165	0.774213
131	168	0.75519
131	171	1.13767
131	172	1.17095
131	179	0.7616
131	180	1.14638
132	76	1.16897
132	91	0.759664
132	96	0.694186
132	100	0.846344
132	111	1.11916
132	112	0.79608
132	121	1.18601
132	124	0.748442
132	126	0.6822
132	128	0.70049
132	130	1.2012
132	131	0.75624
132	136	1.15185
132	142	0.762973
132	145	1.21317
132	147	1.12888
132	153	1.1497
132	154	1.18956
132	155	1.15097
132	156	1.22069
132	157	1.13872
132	159	0.767203
132	163	1.14803
132	165	1.17373
132	169	1.15882
132	170	1.14359
132	172	0.731933
132	177	1.1907
132	179	1.16774
132	180	0.753737
133	2	0.707892
133	12	1.06301
133	19	0.889347
133	21	1.20105
133	50	0.67768
133	51	0.817763
133	90	0.717231
133	94	1.13777
133	114	0.762382
133	116	1.16273
133	117	0.731321
133	118	1.19216
133	125	1.1715
133	129	0.758845
133	148	1.14679
133	151	1.17706
133	152	0.68714
133	158	1.14279
133	161	0.751527
133	162	1.20652
133	164	0.736891
133	166	1.17379
133	170	0.760988
133	171	1.15485
133	172	1.18812
133	173	1.18209
133	174	1.16773
133	176	1.20636
133	178	1.1627
133	180	1.16356
134	5	0.900697
134	53	0.669756
134	67	0.806942
134	71	1.13642
134	95	0.680278
134	98	1.14859
134	99	1.18226
134	101	1.11723
134	103	1.19422
134	125	1.17148
134	135	0.723564
134	140	1.15849
134	145	0.721022
134	149	1.17063
134	152	0.706717
134	156	0.725731
134	157	0.781251
134	162	1.20651
134	163	1.15342
134	164	0.756468
134	166	1.17378
134	167	1.16854
134	168	0.746814
134	170	0.780565
134	171	1.15483
134	172	1.18811
134	173	1.18208
134	174	1.16772
134	178	1.16269
134	180	1.16355
135	16	1.27208
135	25	0.625034
135	26	1.19682
135	28	1.1603
135	34	0.744652
135	54	0.65889
135	61	1.22046
135	69	1.15927
135	89	1.15008
135	94	0.763946
135	96	1.28221
135	103	0.724723
135	107	1.19293
135	112	1.17123
135	134	0.723564
135	144	0.724187
135	146	1.21155
135	159	0.742902
135	160	0.727031
135	161	1.18964
135	162	0.699844
135	166	0.728625
135	168	1.21563
135	169	1.20476
135	170	1.18952
135	172	0.707632
135	175	1.23041
135	177	1.23664
135	178	1.20324
135	179	1.21368
135	180	0.729437
136	9	1.19292
136	39	1.11416
136	40	1.07987
136	60	0.781513
136	69	0.851204
136	73	1.10652
136	75	1.07393
136	86	0.784521
136	90	1.15607
136	91	0.795229
136	106	0.718243
136	128	0.736055
136	130	1.18307
136	132	1.15185
136	145	1.19505
136	149	0.782878
136	150	1.1592
136	151	0.762274
136	153	1.13157
136	155	1.13285
136	157	1.1206
136	164	1.14385
136	165	1.15561
136	167	0.800941
136	168	1.15157
136	169	1.1407
136	173	0.769026
136	175	0.77806
136	176	0.742369
136	177	1.17258
136	178	1.13918
137	6	1.20451
137	22	1.22831
137	42	1.10991
137	52	0.658664
137	61	1.20455
137	66	1.1378
137	74	1.20234
137	77	1.19381
137	82	1.28581
137	84	1.17337
137	86	1.17891
137	87	1.25986
137	89	1.13417
137	92	1.21598
137	95	1.26536
137	96	1.2663
137	97	0.781171
137	105	0.735513
137	113	0.620232
137	115	1.21128
137	140	0.732066
137	149	0.715474
137	150	0.716176
137	152	1.23026
137	161	0.736702
137	168	0.712412
137	169	0.736011
137	177	0.701727
137	178	0.737706
137	179	1.19777
137	180	0.721898
138	7	1.21808
138	8	0.725283
138	10	1.21502
138	31	0.756069
138	37	1.14257
138	45	1.07763
138	47	0.823763
138	53	1.2208
138	54	1.22985
138	81	1.14577
138	88	1.20252
138	110	0.691978
138	119	1.11674
138	120	1.26654
138	122	1.16904
138	126	1.22834
138	128	0.68731
138	131	1.16048
138	142	1.14357
138	144	1.14547
138	160	1.1641
138	162	0.710964
138	163	0.753767
138	164	1.16427
138	169	0.75467
138	171	0.768855
138	173	0.72028
138	175	1.18676
138	176	1.20325
138	177	0.720386
138	178	0.756365
138	179	0.73748
139	4	1.20473
139	8	1.17791
139	17	1.01992
139	27	1.11519
139	29	0.802867
139	30	1.28982
139	37	0.796158
139	49	0.683073
139	56	0.706445
139	65	0.810265
139	71	0.806807
139	72	1.08091
139	74	1.1475
139	88	1.17543
139	91	1.15448
139	93	1.15346
139	102	1.15024
139	105	1.11708
139	113	1.27539
139	114	1.13208
139	123	1.15567
139	130	0.724348
139	141	1.15719
139	150	1.15251
139	152	1.17542
139	156	0.737233
139	163	1.12322
139	167	0.779442
139	169	0.781916
139	171	0.796102
139	174	0.75656
139	176	0.72087
139	179	1.14293
140	2	0.74351
140	22	0.739861
140	78	0.715874
140	85	1.1325
140	89	0.827673
140	90	0.752849
140	98	1.12634
140	103	1.17197
140	106	0.701283
140	108	0.806184
140	118	1.1699
140	124	1.17326
140	128	1.18067
140	134	1.15849
140	137	0.732066
140	142	0.781578
140	143	1.16104
140	145	0.737063
140	148	1.12453
140	149	1.14838
140	151	1.15479
140	155	0.805617
140	158	1.12053
140	162	1.18426
140	164	0.772509
140	165	0.781878
140	166	1.15153
140	167	1.14629
140	172	1.16586
140	173	1.15983
140	174	1.14547
140	176	1.18409
140	180	1.1413
141	4	1.24156
141	6	0.688741
141	8	1.21475
141	17	1.05675
141	27	1.15202
141	30	1.32665
141	66	0.789163
141	72	1.11774
141	74	1.18433
141	82	0.65229
141	83	0.73341
141	88	1.21226
141	91	1.19131
141	93	1.19029
141	102	1.18707
141	103	0.725171
141	105	1.15391
141	113	1.31222
141	114	1.16891
141	123	1.1925
141	139	1.15719
141	148	0.76148
141	150	1.18934
141	152	1.21225
141	159	0.74335
141	161	0.744689
141	163	1.16005
141	165	0.739421
141	169	0.743998
141	171	0.758183
