1	30	0.799195
1	103	1.10451
1	108	1.01982
1	120	1.07131
1	121	1.06687
1	124	1.10593
1	125	1.05192
1	128	1.03679
1	132	1.07316
1	156	0.796144
1	164	1.07721
1	169	0.888517
2	16	0.935139
2	18	0.66275
2	78	0.733974
2	145	1.08586
2	161	1.13791
2	166	1.09557
2	169	1.06294
2	172	1.07721
2	175	1.03371
2	178	1.08252
2	179	0.995969
2	180	1.02506
3	76	0.763226
3	80	1.04018
3	91	0.927882
3	95	0.790029
3	111	1.10834
3	129	1.09236
3	139	1.04105
3	140	1.03138
3	150	1.07145
3	151	1.06509
3	159	1.077
3	160	1.07369
4	25	0.600478
4	93	0.696146
4	117	1.21839
4	129	0.47077
4	151	0.529353
4	158	1.21397
4	166	1.23614
4	168	1.20245
4	169	1.20352
4	178	1.22309
4	179	1.13654
4	180	1.16563
5	13	1.13956
5	53	0.990764
5	69	1.04168
5	71	1.03239
5	73	1.09894
5	78	1.07293
5	130	0.855362
5	138	1.11561
5	153	1.09693
5	165	0.86612
5	174	0.761395
5	177	1.01915
6	14	0.984344
6	21	1.10486
6	55	1.00765
6	72	1.06571
6	77	1.08899
6	84	1.04938
6	107	0.844612
6	154	1.09576
6	155	1.05464
6	161	0.73565
6	173	1.1526
6	177	0.904306
7	11	0.983784
7	39	1.0342
7	51	1.08495
7	60	1.05119
7	62	1.05532
7	64	1.05549
7	152	0.775496
7	162	1.13153
7	164	1.07647
7	165	0.823964
7	172	0.884418
7	174	1.13319
8	19	0.708114
8	79	1.11579
8	80	0.812001
8	139	0.801669
8	154	1.09964
8	156	1.10712
8	167	1.08194
8	171	1.0489
8	176	1.08088
8	178	1.06988
8	179	0.983324
8	180	1.01241
9	111	1.11044
9	113	1.04862
9	137	1.04622
9	140	1.03348
9	142	1.0885
9	148	1.05308
9	151	1.06719
9	154	0.874107
9	159	1.0791
9	160	1.0758
9	163	0.843703
9	173	0.769016
10	23	1.09034
10	25	1.09184
10	29	1.04706
10	33	1.04045
10	52	0.982969
10	126	1.10975
10	131	1.08032
10	153	1.09511
10	157	1.06707
10	168	0.798897
10	178	0.744028
10	179	0.945698
11	7	0.983784
11	39	1.03747
11	43	1.00495
11	62	1.05858
11	64	1.05876
11	87	0.829281
11	99	0.834074
11	126	1.1094
11	162	1.1348
11	164	1.07974
11	165	0.81921
11	174	1.13645
12	47	0.687141
12	69	0.796907
12	70	0.824443
12	145	1.0911
12	165	1.07953
12	171	1.06679
12	172	1.08245
12	176	1.09877
12	177	1.05752
12	178	1.08776
12	179	1.00121
12	180	1.0303
13	5	1.13956
13	53	1.13894
13	71	1.18056
13	73	1.24712
13	78	1.2211
13	109	0.690224
13	118	0.571036
13	138	1.26379
13	153	1.24511
13	167	0.616787
13	172	0.640416
13	177	1.16733
14	6	0.984344
14	40	1.11408
14	70	1.01481
14	72	1.02545
14	77	1.04873
14	82	1.02706
14	84	1.00911
14	109	0.985331
14	154	1.05549
14	155	1.01437
14	161	0.825569
14	165	0.87507
14	173	1.11233
15	44	1.20932
15	63	0.652383
15	101	1.12087
15	110	1.14422
15	115	0.69749
15	133	1.14453
15	148	1.14012
15	150	1.16059
15	151	1.15423
15	156	0.661203
15	159	1.16613
15	160	1.16283
15	178	0.708478
16	2	0.935139
16	26	0.777873
16	35	1.05404
16	45	1.01297
16	49	1.01271
16	50	0.986988
16	61	1.05365
16	65	1.06188
16	68	1.03122
16	75	1.0979
16	83	1.02101
16	131	1.07227
16	172	0.943427
17	35	1.16002
17	45	1.11895
17	47	1.23514
17	49	1.11868
17	50	1.09296
17	61	1.15963
17	68	1.1372
17	75	1.20387
17	131	1.17825
17	141	0.62085
17	146	0.634899
17	171	0.753085
17	172	0.709073
18	2	0.66275
18	93	1.09964
18	108	1.12193
18	120	1.17342
18	121	1.16898
18	122	1.16757
18	124	1.20804
18	125	1.15403
18	128	1.1389
18	132	1.17527
18	154	0.638289
18	168	0.72114
18	178	0.666271
19	8	0.708114
19	24	1.1527
19	25	1.17017
19	28	1.27445
19	33	1.11878
19	52	1.06129
19	54	1.15088
19	127	0.578208
19	131	1.15864
19	153	1.17344
19	157	1.1454
19	158	0.665234
19	175	0.734246
20	39	1.11872
20	43	1.0862
20	60	1.1357
20	62	1.13983
20	64	1.14001
20	126	1.19065
20	134	0.606544
20	155	0.686799
20	162	1.21605
20	164	1.16098
20	166	0.607627
20	174	1.2177
20	179	0.816963
21	6	1.10486
21	31	0.610745
21	32	1.13794
21	77	1.16924
21	82	1.14757
21	84	1.12962
21	119	1.17371
21	135	0.716032
21	154	1.17601
21	155	1.13488
21	158	0.676968
21	173	1.23285
21	177	0.716015
22	50	1.09014
22	61	1.1568
22	65	1.16503
22	68	1.13437
22	75	1.20105
22	144	0.706252
22	147	0.713361
22	148	1.14866
22	150	1.16913
22	151	1.16277
22	160	1.17138
22	174	0.568348
22	178	0.728759
23	10	1.09034
23	24	1.17697
23	29	1.14965
23	38	1.17888
23	48	0.733787
23	52	1.08556
23	54	1.17515
23	131	1.18291
23	142	0.61508
23	153	1.19771
23	157	1.16967
23	169	0.704847
23	172	0.664516
24	19	1.1527
24	23	1.17697
24	25	1.17847
24	33	1.12708
24	36	0.686167
24	52	1.0696
24	114	0.628644
24	126	1.19638
24	131	1.16695
24	136	0.734048
24	153	1.18174
24	157	1.1537
24	176	0.669464
25	4	0.600478
25	10	1.09184
25	19	1.17017
25	24	1.17847
25	29	1.15115
25	38	1.18038
25	52	1.08706
25	54	1.17665
25	130	0.705526
25	145	0.76569
25	153	1.1992
25	157	1.17117
25	174	0.611559
26	16	0.777873
26	35	0.592367
26	46	0.629658
26	91	1.15979
26	117	1.16979
26	153	0.512783
26	158	1.16537
26	167	1.18656
26	171	1.15352
26	176	1.1855
26	178	1.1745
26	179	1.08794
26	180	1.11703
27	76	0.800188
27	98	1.03977
27	105	1.00883
27	129	1.06572
27	133	1.02876
27	138	0.823327
27	140	1.00474
27	148	1.02434
27	149	1.03079
27	150	1.04481
27	159	1.05036
27	162	1.10593
27	180	1.05897
28	19	1.27445
28	54	1.28093
28	103	0.475322
28	105	0.622937
28	116	0.490591
28	124	0.531217
28	135	1.23875
28	150	0.531844
28	153	1.30349
28	157	1.27545
28	172	1.25064
28	175	1.20714
28	179	1.1694
28	180	1.19849
29	10	1.04706
29	23	1.14965
29	25	1.15115
29	33	1.09977
29	38	1.1356
29	52	1.04228
29	54	1.13186
29	114	0.64863
29	126	1.16906
29	153	1.15442
29	157	1.12639
29	172	0.690392
29	176	0.68945
29	179	0.887294
30	1	0.799195
30	143	0.630238
30	151	0.656621
30	160	0.629298
30	161	1.19553
30	167	1.1522
30	168	1.11949
30	169	1.12056
30	171	1.11916
30	175	1.09133
30	176	1.15114
30	177	1.1099
30	179	1.05359
30	180	1.08268
31	21	0.610745
31	32	0.70633
31	95	1.16861
31	108	0.765967
31	118	1.16906
31	141	1.15019
31	153	0.631768
31	170	1.11351
31	171	1.09251
31	172	1.10818
31	173	1.20009
31	178	1.11349
31	179	1.02694
31	180	1.05603
32	21	1.13794
32	31	0.70633
32	40	1.18743
32	56	1.0439
32	77	1.12208
32	82	1.10041
32	84	1.08246
32	115	0.737142
32	119	1.12655
32	152	0.643977
32	154	1.12884
32	155	1.08772
32	171	0.796911
32	173	1.18568
33	10	1.04045
33	19	1.11878
33	24	1.12708
33	29	1.09977
33	38	1.12899
33	54	1.12526
33	79	0.738061
33	107	0.794406
33	126	1.16245
33	131	1.13302
33	149	0.745578
33	153	1.14782
33	157	1.11978
33	174	0.630221
34	108	1.08352
34	109	0.730966
34	116	1.14777
34	120	1.135
34	121	1.13057
34	122	1.12915
34	125	1.11561
34	128	1.10049
34	132	1.13685
34	147	0.660993
34	157	1.12789
34	165	1.10016
34	177	0.739859
34	180	0.785634
35	16	1.05404
35	17	1.16002
35	26	0.592367
35	45	1.09536
35	49	1.09509
35	50	1.06938
35	61	1.13604
35	65	1.14427
35	68	1.11361
35	75	1.18029
35	127	0.69055
35	131	1.15466
35	161	0.647966
35	179	0.954823
36	24	0.686167
36	98	0.689066
36	130	1.14558
36	146	1.1615
36	151	0.721373
36	162	0.616133
36	167	1.14995
36	168	1.11725
36	171	1.11692
36	175	1.08908
36	176	1.1489
36	178	1.13789
36	179	1.05134
36	180	1.08043
37	86	1.08463
37	98	1.12798
37	113	1.1081
37	117	0.758336
37	129	1.15393
37	137	1.10569
37	139	1.10262
37	148	1.11256
37	150	1.13302
37	159	1.13857
37	160	1.13527
37	170	0.749111
37	174	0.59129
37	177	0.815169
38	23	1.17888
38	25	1.18038
38	29	1.1356
38	33	1.12899
38	52	1.07151
38	81	0.602652
38	126	1.19828
38	131	1.16885
38	147	0.590076
38	153	1.18365
38	157	1.15561
38	179	0.807143
38	180	0.714717
39	7	1.0342
39	11	1.03747
39	20	1.11872
39	51	1.13863
39	60	1.10487
39	62	1.109
39	115	0.695467
39	126	1.15982
39	147	0.691058
39	158	0.730878
39	162	1.18522
39	164	1.13015
39	174	1.18687
39	175	0.799889
40	14	1.11408
40	32	1.18743
40	55	1.13739
40	58	1.31863
40	70	1.18481
40	77	1.21873
40	79	0.564394
40	82	1.19706
40	84	1.17912
40	99	0.576142
40	155	1.18437
40	168	0.671833
40	169	0.662062
40	171	0.665744
40	173	1.28234
41	42	1.15975
41	46	1.16356
41	53	1.14009
41	67	1.28588
41	69	1.191
41	71	1.18171
41	73	1.24826
41	78	1.22225
41	81	0.648215
41	107	0.654812
41	127	0.588433
41	152	0.546883
41	153	1.24625
41	169	0.696136
41	177	1.16847
42	41	1.15975
42	46	1.03328
42	67	1.1556
42	69	1.06072
42	71	1.05143
42	73	1.11798
42	78	1.09197
42	83	1.04992
42	114	0.799243
42	138	1.13465
42	145	0.829958
42	153	1.11597
42	165	0.780552
42	173	0.703164
42	177	1.03819
43	11	1.00495
43	20	1.0862
43	51	1.10612
43	60	1.07236
43	62	1.07648
43	64	1.07666
43	85	1.05239
43	97	0.779286
43	114	0.779061
43	126	1.1273
43	144	0.793549
43	162	1.1527
43	164	1.09764
43	165	0.76037
43	174	1.15436
44	15	1.20932
44	88	0.552048
44	92	1.20212
44	110	1.19268
44	117	0.661678
44	129	1.22996
44	133	1.19299
44	136	0.723452
44	139	1.17865
44	140	1.16898
44	151	1.20269
44	159	1.2146
44	160	1.21129
44	168	0.709911
44	174	0.494632
45	16	1.01297
45	17	1.11895
45	35	1.09536
45	47	1.17049
45	49	1.05402
45	50	1.0283
45	61	1.09497
45	65	1.10319
45	68	1.07254
45	75	1.13921
45	76	0.725049
45	99	0.833767
45	130	0.808145
45	131	1.11359
45	173	0.741516
46	26	0.629658
46	41	1.16356
46	42	1.03328
46	53	1.01361
46	67	1.1594
46	69	1.06453
46	71	1.05523
46	73	1.12179
46	78	1.09577
46	138	1.13846
46	153	1.11978
46	154	0.762462
46	172	0.795212
46	177	1.042
46	180	0.899688
47	12	0.687141
47	17	1.23514
47	45	1.17049
47	49	1.17022
47	50	1.1445
47	61	1.21117
47	65	1.21939
47	68	1.18873
47	75	1.25541
47	83	1.17853
47	131	1.22979
47	135	0.665982
47	142	0.557828
47	156	0.555221
47	171	0.651276
48	23	0.733787
48	62	0.700679
48	94	0.75268
48	104	0.723526
48	115	1.11234
48	146	1.13245
48	167	1.1209
48	168	1.08819
48	169	1.08926
48	170	1.10886
48	172	1.10353
48	175	1.06002
48	178	1.10884
48	179	1.02229
48	180	1.05138
49	16	1.01271
49	17	1.11868
49	35	1.09509
49	45	1.05402
49	47	1.17022
49	50	1.02804
49	61	1.0947
49	65	1.10293
49	68	1.07227
49	75	1.13895
49	131	1.11332
49	149	0.800827
49	156	0.798605
49	167	0.827018
49	174	0.685469
50	16	0.986988
50	17	1.09296
50	22	1.09014
50	35	1.06938
50	45	1.0283
50	47	1.1445
50	49	1.02804
50	65	1.07721
50	68	1.04655
50	75	1.11323
50	83	1.03634
50	102	0.788923
50	115	0.789556
50	130	0.734101
50	131	1.0876
50	179	1.00221
51	7	1.08495
51	39	1.13863
51	43	1.10612
51	60	1.15562
51	62	1.15975
51	64	1.15993
51	76	0.552365
51	85	1.13565
51	126	1.21056
51	162	1.23597
51	164	1.1809
51	169	0.747003
51	173	0.568832
51	174	1.23762
51	176	0.705731
51	177	0.765374
52	10	0.982969
52	19	1.06129
52	23	1.08556
52	24	1.0696
52	25	1.08706
52	29	1.04228
52	38	1.07151
52	54	1.06777
52	126	1.10497
52	131	1.07554
52	141	0.822435
52	146	0.836484
52	153	1.09033
52	157	1.0623
52	167	0.887029
52	173	0.772817
53	5	0.990764
53	13	1.13894
53	41	1.14009
53	46	1.01361
53	67	1.13593
53	69	1.04106
53	71	1.03177
53	73	1.09832
53	78	1.07231
53	83	1.03026
53	142	0.801017
53	147	0.830288
53	153	1.09631
53	170	0.843096
53	177	1.01853
53	178	0.845686
54	19	1.15088
54	23	1.17515
54	25	1.17665
54	28	1.28093
54	29	1.13186
54	33	1.12526
54	52	1.06777
54	102	0.674414
54	109	0.740611
54	126	1.19455
54	131	1.16512
54	145	0.679756
54	147	0.670637
54	153	1.17991
54	157	1.15188
54	161	0.580848
55	6	1.00765
55	40	1.13739
55	56	0.993856
55	58	1.17193
55	70	1.03811
55	72	1.04876
55	82	1.05037
55	84	1.03242
55	119	1.07651
55	123	0.852863
55	141	0.771567
55	149	0.809969
55	154	1.0788
55	155	1.03768
55	158	0.879444
55	173	1.13564
56	32	1.0439
56	55	0.993856
56	58	1.17509
56	70	1.04128
56	72	1.05192
56	77	1.0752
56	82	1.05353
56	84	1.03558
56	87	0.732458
56	119	1.07967
56	147	0.762675
56	154	1.08196
56	155	1.04084
56	173	1.1388
56	177	0.841542
56	179	0.979742
57	85	0.726999
57	93	1.09551
57	94	1.1666
57	104	1.19727
57	116	1.18205
57	120	1.16929
57	121	1.16485
57	124	1.20391
57	125	1.1499
57	128	1.13478
57	132	1.17114
57	145	0.687942
57	146	0.624815
57	164	1.17519
57	171	0.743001
57	173	0.561148
58	40	1.31863
58	55	1.17193
58	56	1.17509
58	70	1.21935
58	72	1.22999
58	77	1.25327
58	82	1.2316
58	84	1.21366
58	88	0.518456
58	100	0.606557
58	154	1.26004
58	155	1.21891
58	156	0.574176
58	158	0.645873
58	167	0.602589
58	172	0.626218
58	173	1.31688
59	89	1.15932
59	92	1.12647
59	99	0.682224
59	113	1.10847
59	123	0.720887
59	129	1.15431
59	133	1.11734
59	137	1.10606
59	139	1.10299
59	141	0.639592
59	150	1.13339
59	151	1.12704
59	159	1.13894
59	160	1.13564
59	162	1.19451
59	168	0.777915
59	178	0.723046
60	7	1.05119
60	20	1.1357
60	39	1.10487
60	43	1.07236
60	51	1.15562
60	62	1.12599
60	64	1.12616
60	81	0.712511
60	85	1.10189
60	114	0.678338
60	126	1.1768
60	149	0.67028
60	162	1.2022
60	164	1.14714
60	166	0.707667
60	168	0.770201
60	174	1.20386
61	16	1.05365
61	17	1.15963
61	22	1.1568
61	35	1.13604
61	45	1.09497
61	47	1.21117
61	49	1.0947
61	65	1.14388
61	68	1.11322
61	75	1.1799
61	83	1.10301
61	112	1.02595
61	118	0.578745
61	131	1.15427
61	147	0.627959
61	149	0.598304
61	155	0.714863
62	7	1.05532
62	11	1.05858
62	20	1.13983
62	39	1.109
62	43	1.07648
62	48	0.700679
62	51	1.15975
62	60	1.12599
62	64	1.13029
62	97	0.589871
62	126	1.18093
62	162	1.20633
62	164	1.15127
62	171	0.67542
62	174	1.20798
62	175	0.720074
62	179	0.828309
63	15	0.652383
63	101	0.675514
63	116	0.59115
63	119	0.644973
63	136	1.10882
63	137	0.714284
63	145	1.15424
63	146	1.17451
63	167	1.16296
63	170	1.15093
63	171	1.12993
63	172	1.14559
63	175	1.10209
63	176	1.16191
63	178	1.1509
63	179	1.06435
63	180	1.09344
64	7	1.05549
64	11	1.05876
64	20	1.14001
64	43	1.07666
64	51	1.15993
64	60	1.12616
64	62	1.13029
64	85	1.10619
64	126	1.18111
64	138	0.608645
64	161	0.629859
64	162	1.20651
64	164	1.15145
64	168	0.789915
64	170	0.732456
64	171	0.783826
64	174	1.20816
65	16	1.06188
65	22	1.16503
65	35	1.14427
65	45	1.10319
65	47	1.21939
65	49	1.10293
65	50	1.07721
65	61	1.14388
65	68	1.12144
65	75	1.18812
65	83	1.11124
65	91	0.698148
65	97	0.646264
65	131	1.1625
65	166	0.675367
65	171	0.731813
65	180	0.792276
66	93	1.04216
66	94	1.11324
66	103	1.14914
66	104	1.14392
66	116	1.1287
66	120	1.11594
66	122	1.11009
66	125	1.09655
66	128	1.08142
66	132	1.11779
66	135	0.767378
66	157	1.10882
66	164	1.12184
66	165	1.08109
66	169	0.74899
66	172	0.708659
66	176	0.707718
66	180	0.813135
67	41	1.28588
67	42	1.1556
67	46	1.1594
67	53	1.13593
67	69	1.18685
67	71	1.17756
67	73	1.24411
67	78	1.2181
67	83	1.17605
67	102	0.617668
67	134	0.62054
67	138	1.26078
67	145	0.62301
67	146	0.559883
67	153	1.2421
67	175	0.722724
67	176	0.633116
67	177	1.16432
68	16	1.03122
68	17	1.1372
68	22	1.13437
68	35	1.11361
68	45	1.07254
68	47	1.18873
68	49	1.07227
68	50	1.04655
68	61	1.11322
68	65	1.12144
68	75	1.15746
68	83	1.08058
68	95	0.723153
68	115	0.834902
68	131	1.13184
68	138	0.71949
68	146	0.776484
68	174	0.685479
69	5	1.04168
69	12	0.796907
69	41	1.191
69	42	1.06072
69	46	1.06453
69	53	1.04106
69	67	1.18685
69	71	1.08268
69	73	1.14923
69	78	1.12322
69	83	1.08117
69	138	1.16591
69	144	0.689755
69	153	1.14722
69	167	0.6934
69	176	0.716088
69	177	1.06944
69	180	0.821505
70	12	0.824443
70	14	1.01481
70	40	1.18481
70	55	1.03811
70	56	1.04128
70	58	1.21935
70	72	1.09618
70	77	1.11945
70	82	1.09779
70	84	1.07984
70	119	1.12393
70	134	0.731049
70	142	0.69513
70	154	1.12622
70	155	1.0851
70	161	0.634611
70	173	1.18306
70	175	0.833232
71	5	1.03239
71	13	1.18056
71	41	1.18171
71	42	1.05143
71	46	1.05523
71	53	1.03177
71	67	1.17756
71	69	1.08268
71	73	1.13994
71	78	1.11393
71	81	0.724884
71	136	0.796116
71	138	1.15661
71	153	1.13793
71	166	0.72004
71	170	0.725116
71	171	0.776486
71	177	1.06015
72	6	1.06571
72	14	1.02545
72	55	1.04876
72	56	1.05192
72	58	1.22999
72	70	1.09618
72	77	1.1301
72	82	1.10843
72	84	1.09048
72	119	1.13457
72	146	0.657986
72	154	1.13686
72	155	1.09574
72	158	0.751815
72	170	0.724803
72	171	0.776173
72	173	1.1937
72	180	0.836636
73	5	1.09894
73	13	1.24712
73	41	1.24826
73	42	1.11798
73	46	1.12179
73	53	1.09832
73	67	1.24411
73	69	1.14923
73	71	1.13994
73	78	1.18048
73	135	0.69748
73	138	1.22317
73	153	1.20449
73	154	0.606012
73	167	0.615133
73	171	0.682774
73	177	1.1267
73	178	0.633994
73	180	0.743238
74	87	0.780354
74	97	1.08349
74	102	0.814347
74	104	1.12019
74	108	1.04072
74	116	1.10497
74	120	1.0922
74	121	1.08777
74	122	1.08635
74	124	1.12683
74	125	1.07281
74	128	1.05769
74	132	1.09405
74	143	1.08933
74	161	0.720781
74	164	1.0981
74	165	1.05736
74	167	0.807107
74	170	0.823379
75	16	1.0979
75	17	1.20387
75	22	1.20105
75	35	1.18029
75	45	1.13921
75	47	1.25541
75	49	1.13895
75	50	1.11323
75	61	1.1799
75	65	1.18812
75	68	1.15746
75	83	1.14725
75	85	0.688914
75	131	1.19851
75	149	0.611083
75	155	0.727642
75	158	0.680558
75	174	0.495725
75	180	0.76538
76	3	0.763226
76	27	0.800188
76	45	0.725049
76	51	0.552365
76	115	1.14236
76	121	0.553655
76	144	1.12801
76	147	1.15665
76	161	1.19425
76	164	0.547892
76	166	1.15191
76	168	1.11821
76	169	1.11928
76	170	1.13888
76	171	1.11788
76	172	1.13355
76	174	1.22809
76	176	1.14986
76	178	1.13886
76	180	1.0814
77	6	1.08899
77	14	1.04873
77	21	1.16924
77	32	1.12208
77	40	1.21873
77	56	1.0752
77	58	1.25327
77	70	1.11945
77	72	1.1301
77	82	1.13171
77	84	1.11376
77	119	1.15785
77	141	0.603093
77	154	1.16014
77	167	0.667686
77	168	0.741417
77	170	0.683958
77	173	1.21698
77	178	0.686548
77	180	0.795791
78	2	0.733974
78	5	1.07293
78	13	1.2211
78	41	1.22225
78	42	1.09197
78	46	1.09577
78	53	1.07231
78	67	1.2181
78	69	1.12322
78	71	1.11393
78	73	1.18048
78	83	1.11242
78	107	0.741269
78	127	0.674891
78	138	1.19715
78	149	0.692442
78	153	1.17847
78	156	0.69022
78	173	0.604421
78	177	1.10069
79	8	1.11579
79	33	0.738061
79	40	0.564394
79	82	0.688862
79	95	1.20843
79	118	1.20888
79	144	1.14246
79	148	0.647436
79	153	0.620999
79	156	1.19055
79	157	0.625565
79	166	1.16636
79	168	1.13266
79	169	1.13373
79	171	1.13233
79	172	1.148
79	175	1.1045
79	178	1.15331
79	179	1.06676
79	180	1.09585
80	3	1.04018
80	8	0.812001
80	96	1.10545
80	98	1.124
80	101	1.08933
80	105	1.09307
80	106	1.13736
80	117	0.751335
80	123	0.74254
80	129	1.14996
80	133	1.11299
80	137	1.10172
80	142	1.144
80	150	1.12905
80	151	1.12269
80	152	0.640545
80	159	1.13459
80	160	1.13129
80	162	1.19017
80	174	0.584289
80	177	0.808168
81	38	0.602652
81	41	0.648215
81	60	0.712511
81	71	0.724884
81	84	0.770054
81	141	1.16109
81	154	1.15415
81	156	1.16163
81	159	0.685785
81	161	1.17978
81	163	1.15575
81	168	1.10374
81	170	1.12441
81	171	1.10341
81	172	1.11908
81	175	1.07558
81	176	1.13539
81	177	1.09415
81	178	1.12439
81	179	1.03784
81	180	1.06693
82	14	1.02706
82	21	1.14757
82	32	1.10041
82	40	1.19706
82	55	1.05037
82	56	1.05353
82	58	1.2316
82	70	1.09779
82	72	1.10843
82	77	1.13171
82	79	0.688862
82	84	1.09209
82	88	0.638438
82	119	1.13618
82	142	0.696764
82	154	1.13847
82	155	1.09735
82	156	0.694158
82	171	0.790212
82	173	1.19531
82	175	0.834866
83	16	1.02101
83	42	1.04992
83	47	1.17853
83	50	1.03634
83	53	1.03026
83	61	1.10301
83	65	1.11124
83	67	1.17605
83	68	1.08058
83	69	1.08117
83	75	1.14725
83	78	1.11242
83	87	0.716256
83	109	0.816446
83	123	0.759711
83	131	1.12163
83	134	0.753121
83	138	1.1551
83	149	0.716818
83	153	1.13642
83	169	0.806969
83	177	1.05864
84	6	1.04938
84	14	1.00911
84	21	1.12962
84	32	1.08246
84	40	1.17912
84	55	1.03242
84	56	1.03558
84	58	1.21366
84	70	1.07984
84	72	1.09048
84	77	1.11376
84	81	0.770054
84	82	1.09209
84	100	0.757983
84	118	0.708263
84	119	1.11824
84	152	0.668722
84	154	1.12053
84	155	1.0794
84	169	0.817974
84	171	0.821656
84	173	1.17737
85	43	1.05239
85	51	1.13565
85	57	0.726999
85	60	1.10189
85	64	1.10619
85	75	0.688914
85	87	1.08353
85	101	0.764386
85	132	0.690876
85	143	0.70724
85	146	1.11827
85	153	0.706348
85	156	1.13189
85	158	1.08553
85	162	1.18223
85	164	1.12717
85	174	1.18389
85	175	1.04584
85	176	1.10566
85	178	1.09466
85	179	1.0081
85	180	1.03719
86	37	1.08463
86	89	1.13785
86	96	1.08833
86	98	1.10688
86	110	1.09556
86	113	1.087
86	129	1.13284
86	130	0.76962
86	133	1.09587
86	136	0.904474
86	137	1.08459
86	138	0.709663
86	139	1.08152
86	140	1.07185
86	148	1.09146
86	150	1.11192
86	151	1.10556
86	152	0.73191
86	159	1.11747
86	160	1.11417
86	163	0.777678
86	174	0.675653
87	11	0.829281
87	56	0.732458
87	74	0.780354
87	83	0.716256
87	85	1.08353
87	109	1.08184
87	118	1.15184
87	121	0.657581
87	130	1.10396
87	146	1.11988
87	152	1.15281
87	160	0.627907
87	163	1.12763
87	166	1.10931
87	169	1.07669
87	170	1.09629
87	171	1.07529
87	172	1.09096
87	174	1.1855
87	178	1.09627
87	179	1.00971
87	180	1.0388
88	44	0.552048
88	58	0.518456
88	82	0.638438
88	105	0.676595
88	115	1.18183
88	118	1.2339
88	128	0.660189
88	136	1.13624
88	140	0.667681
88	141	1.21503
88	142	1.21974
88	143	0.571467
88	158	1.1692
88	163	1.20969
88	167	1.19039
88	168	1.15768
88	170	1.17835
88	175	1.12951
88	176	1.18933
88	178	1.17833
88	179	1.09178
88	180	1.12087
89	59	1.15932
89	86	1.13785
89	100	0.68242
89	106	1.19455
89	110	1.16987
89	113	1.16131
89	115	0.686325
89	129	1.20715
89	137	1.15891
89	139	1.15584
89	140	1.14616
89	141	0.613859
89	142	1.20119
89	148	1.16577
89	150	1.18623
89	151	1.17988
89	156	0.650039
89	159	1.19178
89	160	1.18848
89	163	0.638927
89	165	0.641628
89	166	0.689648
90	91	1.04489
90	92	0.78643
90	104	0.809121
90	111	0.798089
90	120	0.840055
90	132	0.817732
90	134	1.08281
90	136	1.01751
90	145	1.06293
90	156	1.09683
90	161	1.11499
90	166	1.07264
90	167	1.07166
90	169	1.04002
90	170	1.05962
90	171	1.03862
90	172	1.05429
90	175	1.01078
90	178	1.0596
90	179	0.973044
90	180	1.00213
91	3	0.927882
91	26	1.15979
91	65	0.698148
91	90	1.04489
91	124	0.702985
91	126	0.656774
91	130	1.10038
91	133	0.711497
91	135	1.07549
91	140	0.785791
91	147	1.11048
91	155	1.08132
91	163	1.12405
91	166	1.10574
91	167	1.10475
91	168	1.07205
91	170	1.09272
91	172	1.08738
91	175	1.04388
91	177	1.06245
91	178	1.09269
91	179	1.00614
91	180	1.03523
92	44	1.20212
92	59	1.12647
92	90	0.78643
92	101	1.11367
92	110	1.13702
92	111	1.19028
92	112	1.00939
92	129	1.1743
92	133	1.13733
92	137	1.12606
92	139	1.12299
92	140	1.11332
92	141	0.543341
92	148	1.13292
92	150	1.15339
92	151	1.14703
92	159	1.15894
92	160	1.15563
92	162	1.21451
92	163	0.56841
92	166	0.61913
92	170	0.624207
92	178	0.626796
93	4	0.696146
93	18	1.09964
93	57	1.09551
93	66	1.04216
93	103	1.12004
93	104	1.11483
93	108	1.03536
93	116	1.09961
93	120	1.08684
93	121	1.08241
93	122	1.08099
93	123	0.865478
93	124	1.12147
93	125	1.06745
93	128	1.05233
93	132	1.08869
93	144	0.845132
93	145	0.861358
93	152	0.763484
93	157	1.07973
93	164	1.09274
93	165	1.052
93	174	0.707227
94	48	0.75268
94	57	1.1666
94	66	1.11324
94	97	1.14921
94	104	1.18591
94	108	1.10645
94	116	1.17069
94	120	1.15793
94	121	1.15349
94	122	1.15208
94	124	1.19255
94	125	1.13854
94	128	1.12341
94	132	1.15978
94	143	1.15506
94	146	0.609234
94	147	0.663243
94	164	1.16383
94	165	1.12308
94	167	0.659779
94	168	0.733509
94	176	0.682467
94	178	0.67864
95	3	0.790029
95	31	1.16861
95	68	0.723153
95	79	1.20843
95	96	0.546645
95	105	0.656853
95	112	1.05022
95	120	0.557684
95	122	0.632142
95	141	1.19922
95	143	0.551725
95	158	1.15339
95	169	1.14294
95	170	1.16254
95	171	1.14154
95	172	1.15721
95	173	1.24912
95	175	1.1137
95	176	1.17352
95	177	1.13228
95	178	1.16252
95	179	1.07596
95	180	1.10505
96	80	1.10545
96	86	1.08833
96	95	0.546645
96	98	1.13167
96	101	1.097
96	106	1.14503
96	111	1.17361
96	112	1.05198
96	113	1.11179
96	139	1.10632
96	140	1.09664
96	142	1.15167
96	143	1.134
96	145	0.663103
96	148	1.11625
96	150	1.13671
96	151	1.13036
96	159	1.14226
96	160	1.13896
96	161	0.564195
96	162	1.19783
96	163	0.610996
96	170	0.666792
96	179	0.871052
97	43	0.779286
97	62	0.589871
97	65	0.646264
97	74	1.08349
97	94	1.14921
97	100	1.15454
97	105	0.742821
97	120	1.15191
97	122	1.14606
97	124	1.18653
97	128	1.11739
97	129	0.605492
97	131	0.672212
97	132	1.15376
97	134	1.14851
97	158	1.11617
97	159	0.651838
97	164	1.15781
97	165	1.11706
97	173	1.21189
97	175	1.07648
97	178	1.12529
97	179	1.03874
97	180	1.06783
98	27	1.03977
98	36	0.689066
98	37	1.12798
98	80	1.124
98	86	1.10688
98	96	1.13167
98	101	1.11555
98	106	1.16358
98	113	1.13034
98	133	1.13921
98	137	1.12794
98	139	1.12487
98	140	1.11519
98	145	0.662258
98	148	1.1348
98	150	1.15527
98	151	1.14891
98	159	1.16081
98	160	1.15751
98	167	0.649676
98	168	0.723406
98	169	0.713636
98	170	0.665948
98	179	0.870207
99	11	0.834074
99	40	0.576142
99	45	0.833767
99	59	0.682224
99	102	1.12586
99	118	1.17479
99	129	0.601439
99	134	1.14243
99	142	1.16062
99	152	1.17576
99	153	0.632747
99	155	1.10785
99	156	1.15645
99	161	1.1746
99	162	0.554783
99	163	1.15057
99	168	1.09857
99	172	1.1139
99	173	1.20581
99	175	1.0704
99	176	1.13022
99	178	1.11922
99	179	1.03266
99	180	1.06175
100	58	0.606557
100	84	0.757983
100	89	0.68242
100	97	1.15454
100	116	0.632351
100	123	1.1124
100	128	0.74829
100	136	1.09456
100	144	1.12579
100	145	1.13998
100	146	1.16026
100	159	0.673714
100	162	0.580712
100	163	1.16801
100	166	1.14969
100	169	1.11707
100	170	1.13667
100	171	1.11567
100	174	1.22588
100	175	1.08783
100	176	1.14765
100	178	1.13665
100	179	1.05009
100	180	1.07918
101	15	1.12087
101	63	0.675514
101	80	1.08933
101	85	0.764386
101	92	1.11367
101	96	1.097
101	98	1.11555
101	105	1.08461
101	106	1.1289
101	110	1.10423
101	115	0.72062
101	133	1.10454
101	139	1.09019
101	140	1.08052
101	143	1.11787
101	145	0.725329
101	148	1.10012
101	149	1.10657
101	150	1.12059
101	155	0.803114
101	159	1.12614
101	160	1.12284
101	162	1.18171
101	166	0.723942
101	178	0.731608
102	50	0.788923
102	54	0.674414
102	67	0.617668
102	74	0.814347
102	99	1.12586
102	115	1.11754
102	142	1.15545
102	143	0.66284
102	144	1.10319
102	151	0.689223
102	157	0.666513
102	161	1.16943
102	163	1.1454
102	168	1.0934
102	169	1.09446
102	170	1.11406
102	171	1.09306
102	172	1.10873
102	174	1.20327
102	175	1.06523
102	176	1.12504
102	177	1.0838
102	178	1.11404
102	179	1.02749
102	180	1.05658
103	1	1.10451
103	28	0.475322
103	66	1.14914
103	93	1.12004
103	104	1.22181
103	108	1.14234
103	116	1.20659
103	120	1.19382
103	121	1.18939
103	122	1.18797
103	124	1.22845
103	125	1.17443
103	128	1.15931
103	132	1.19567
103	143	1.19095
103	156	0.5847
103	157	1.18671
103	164	1.19972
103	165	1.15898
103	166	0.624309
103	168	0.686844
103	172	0.636743
103	175	0.725409
103	176	0.635801
103	179	0.833645
104	48	0.723526
104	57	1.19727
104	66	1.14392
104	74	1.12019
104	90	0.809121
104	93	1.11483
104	94	1.18591
104	103	1.22181
104	115	0.638498
104	116	1.20137
104	121	1.18417
104	122	1.18276
104	124	1.22323
104	125	1.16922
104	128	1.15409
104	132	1.19046
104	143	1.18573
104	152	0.545333
104	154	0.621505
104	156	0.602212
104	157	1.1815
104	164	1.19451
104	165	1.15376
104	173	0.516414
104	177	0.712956
105	27	1.00883
105	28	0.622937
105	80	1.09307
105	88	0.676595
105	95	0.656853
105	97	0.742821
105	101	1.08461
105	106	1.13265
105	110	1.10797
105	111	1.16123
105	113	1.09941
105	129	1.14525
105	136	0.848
105	137	1.097
105	139	1.09393
105	140	1.08426
105	144	0.757083
105	148	1.10387
105	149	1.11032
105	150	1.12433
105	151	1.11797
105	159	1.12988
105	160	1.12658
105	162	1.18545
105	176	0.783416
106	80	1.13736
106	89	1.19455
106	96	1.14503
106	98	1.16358
106	101	1.1289
106	105	1.13265
106	111	1.20552
106	113	1.1437
106	119	1.16963
106	133	1.15257
106	135	0.737466
106	137	1.14129
106	139	1.13822
106	140	1.12855
106	148	1.14816
106	150	1.16862
106	151	1.16226
106	159	1.17417
106	160	1.17087
106	161	0.568794
106	165	0.618295
106	174	0.51357
106	175	0.767415
106	176	0.677806
106	178	0.67398
106	179	0.87565
107	6	0.844612
107	33	0.794406
107	41	0.654812
107	78	0.741269
107	112	0.991745
107	130	1.11173
107	135	1.08684
107	151	0.70462
107	154	1.1338
107	157	0.68191
107	159	0.692382
107	161	1.15943
107	165	1.09581
107	166	1.11709
107	167	1.1161
107	168	1.08339
107	169	1.08446
107	170	1.10406
107	171	1.08306
107	172	1.09873
107	174	1.19327
107	175	1.05523
107	176	1.11504
107	178	1.10404
107	179	1.01749
107	180	1.04658
108	1	1.01982
108	18	1.12193
108	31	0.765967
108	34	1.08352
108	74	1.04072
108	93	1.03536
108	94	1.10645
108	103	1.14234
108	116	1.1219
108	120	1.10914
108	121	1.1047
108	122	1.10329
108	124	1.14376
108	125	1.08975
108	128	1.07463
108	132	1.11099
108	143	1.10627
108	144	0.785262
108	149	0.762715
108	157	1.10203
108	161	0.702581
108	163	0.749382
108	164	1.11504
108	165	1.07429
108	166	0.800102
108	178	0.807768
109	13	0.690224
109	14	0.985331
109	34	0.730966
109	54	0.740611
109	83	0.816446
109	87	1.08184
109	112	0.980678
109	115	1.09648
109	123	1.06872
109	127	1.14455
109	135	1.07577
109	144	1.08212
109	153	0.728145
109	156	1.13021
109	162	0.650181
109	167	1.10503
109	168	1.07233
109	169	1.07339
109	170	1.093
109	171	1.072
109	173	1.17957
109	175	1.04416
109	176	1.10398
109	177	1.06273
109	178	1.09297
109	179	1.00642
109	180	1.03551
110	15	1.14422
110	44	1.19268
110	86	1.09556
110	89	1.16987
110	92	1.13702
110	101	1.10423
110	105	1.10797
110	111	1.18084
110	113	1.11902
110	129	1.16486
110	133	1.12789
110	135	0.775053
110	137	1.11662
110	139	1.11355
110	141	0.628112
110	148	1.12348
110	149	1.12993
110	150	1.14395
110	151	1.13759
110	152	0.607413
110	158	0.735989
110	159	1.1495
110	160	1.14619
110	163	0.653181
110	166	0.703901
110	178	0.711567
110	180	0.820811
111	3	1.10834
111	9	1.11044
111	90	0.798089
111	92	1.19028
111	96	1.17361
111	105	1.16123
111	106	1.20552
111	110	1.18084
111	113	1.17228
111	118	0.573843
111	129	1.21812
111	133	1.18115
111	134	0.629706
111	137	1.16987
111	140	1.15713
111	142	1.21216
111	143	1.19449
111	148	1.17674
111	150	1.1972
111	151	1.19084
111	154	0.610473
111	158	0.662877
111	159	1.20275
111	160	1.19945
111	163	0.580069
111	176	0.642281
111	177	0.701924
111	178	0.638455
112	61	1.02595
112	92	1.00939
112	95	1.05022
112	96	1.05198
112	107	0.991745
112	109	0.980678
112	115	0.998606
112	116	1.02984
112	117	0.990399
112	118	1.05067
112	123	0.970854
112	129	1.02486
112	130	1.00279
112	149	1.00754
112	158	0.985976
112	166	1.00815
112	167	1.00716
112	168	0.974457
112	169	0.975524
112	170	0.995125
112	171	0.974125
112	172	0.989791
112	176	1.00611
112	178	0.995102
112	179	0.908548
112	180	0.937638
113	9	1.04862
113	37	1.1081
113	59	1.10847
113	86	1.087
113	89	1.16131
113	96	1.11179
113	98	1.13034
113	105	1.09941
113	106	1.1437
113	110	1.11902
113	111	1.17228
113	117	0.721501
113	133	1.11933
113	137	1.10805
113	138	0.588465
113	139	1.10499
113	146	0.645459
113	148	1.11492
113	149	1.12137
113	150	1.13538
113	151	1.12903
113	159	1.14093
113	160	1.13763
113	172	0.719633
113	175	0.808299
113	176	0.718691
113	178	0.714865
113	179	0.916535
114	24	0.628644
114	29	0.64863
114	42	0.799243
114	43	0.779061
114	60	0.678338
114	121	0.666201
114	131	0.671986
114	135	1.10615
114	141	1.16006
114	145	1.12669
114	146	1.14697
114	147	1.14115
114	152	1.1799
114	157	0.64114
114	161	1.17875
114	163	1.15472
114	165	1.11512
114	166	1.1364
114	168	1.10271
114	169	1.10378
114	171	1.10238
114	172	1.11805
114	175	1.07454
114	176	1.13436
114	177	1.09312
114	178	1.12336
114	179	1.0368
114	180	1.06589
115	15	0.69749
115	32	0.737142
115	39	0.695467
115	48	1.11234
115	50	0.789556
115	68	0.834902
115	76	1.14236
115	88	1.18183
115	89	0.686325
115	101	0.72062
115	102	1.11754
115	104	0.638498
115	109	1.09648
115	112	0.998606
115	117	1.1062
115	135	1.0937
115	145	1.11424
115	147	1.12869
115	152	1.16744
115	161	1.16629
115	163	1.14226
115	168	1.09026
115	169	1.09132
115	170	1.11092
115	171	1.08992
115	175	1.06209
115	178	1.1109
115	179	1.02435
115	180	1.05344
116	28	0.490591
116	34	1.14777
116	57	1.18205
116	63	0.59115
116	66	1.1287
116	74	1.10497
116	93	1.09961
116	94	1.17069
116	100	0.632351
116	103	1.20659
116	104	1.20137
116	108	1.1219
116	112	1.02984
116	120	1.17339
116	121	1.16895
116	122	1.16754
116	124	1.20801
116	125	1.154
116	128	1.13887
116	130	0.580801
116	132	1.17523
116	135	0.71073
116	143	1.17051
116	157	1.16627
116	164	1.17929
116	165	1.13854
116	166	0.639578
116	167	0.628383
116	170	0.644655
117	4	1.21839
117	26	1.16979
117	37	0.758336
117	44	0.661678
117	80	0.751335
117	112	0.990399
117	113	0.721501
117	115	1.1062
117	120	0.687057
117	124	0.694506
117	130	1.11039
117	133	0.703017
117	141	1.1394
117	147	1.12048
117	151	0.707481
117	155	1.09133
117	156	1.13993
117	158	1.09357
117	161	1.15808
117	163	1.13405
117	166	1.11574
117	170	1.10272
117	171	1.08172
117	172	1.09738
117	175	1.05388
117	176	1.1137
117	178	1.10269
117	179	1.01614
117	180	1.04523
118	13	0.571036
118	31	1.16906
118	61	0.578745
118	79	1.20888
118	84	0.708263
118	87	1.15184
118	88	1.2339
118	99	1.17479
118	111	0.573843
118	112	1.05067
118	122	0.690266
118	127	1.21454
118	131	0.644368
118	133	0.631769
118	136	1.12088
118	141	1.19967
118	150	0.623885
118	164	0.632819
118	165	1.15473
118	166	1.17601
118	167	1.17503
118	170	1.16299
118	171	1.14199
118	172	1.15766
118	173	1.24957
118	175	1.11415
118	178	1.16297
118	179	1.07641
118	180	1.1055
119	21	1.17371
119	32	1.12655
119	55	1.07651
119	56	1.07967
119	63	0.644973
119	70	1.12393
119	72	1.13457
119	77	1.15785
119	82	1.13618
119	84	1.11824
119	106	1.16963
119	129	1.18223
119	133	1.14526
119	134	0.692319
119	135	0.764554
119	137	1.13399
119	139	1.13092
119	140	1.12125
119	150	1.16132
119	151	1.15496
119	155	1.12349
119	159	1.16687
119	160	1.16356
119	161	0.595881
119	163	0.642682
119	167	0.682207
119	171	0.749848
119	173	1.22146
119	177	0.764537
119	178	0.701068
120	1	1.07131
120	18	1.17342
120	34	1.135
120	57	1.16929
120	66	1.11594
120	74	1.0922
120	90	0.840055
120	93	1.08684
120	94	1.15793
120	95	0.557684
120	97	1.15191
120	103	1.19382
120	108	1.10914
120	116	1.17339
120	117	0.687057
120	121	1.15619
120	122	1.15477
120	124	1.19525
120	125	1.14123
120	128	1.12611
120	132	1.16247
120	143	1.15775
120	157	1.15351
120	165	1.12578
120	167	0.66156
120	170	0.677832
120	172	0.685189
120	173	0.547348
120	175	0.773855
120	177	0.74389
121	1	1.06687
121	18	1.16898
121	34	1.13057
121	57	1.16485
121	74	1.08777
121	76	0.553655
121	87	0.657581
121	93	1.08241
121	94	1.15349
121	103	1.18939
121	104	1.18417
121	108	1.1047
121	114	0.666201
121	116	1.16895
121	120	1.15619
121	122	1.15034
121	124	1.19081
121	125	1.1368
121	127	0.640591
121	128	1.12167
121	132	1.15804
121	142	0.658527
121	143	1.15331
121	154	0.675213
121	155	0.774701
121	157	1.14907
121	164	1.16209
121	165	1.12134
121	169	0.748294
121	175	0.796629
122	18	1.16757
122	34	1.12915
122	66	1.11009
122	74	1.08635
122	93	1.08099
122	94	1.15208
122	95	0.632142
122	97	1.14606
122	103	1.18797
122	104	1.18276
122	108	1.10329
122	116	1.16754
122	118	0.690266
122	120	1.15477
122	121	1.15034
122	124	1.1894
122	125	1.13538
122	128	1.12026
122	132	1.15662
122	138	0.628478
122	143	1.1519
122	149	0.709826
122	157	1.14766
122	163	0.696492
122	164	1.16067
122	165	1.11993
122	172	0.759646
122	173	0.621805
122	174	0.594468
122	180	0.864122
123	55	0.852863
123	59	0.720887
123	80	0.74254
123	83	0.759711
123	93	0.865478
123	100	1.1124
123	109	1.06872
123	112	0.970854
123	127	1.13472
123	130	1.09084
123	134	1.10636
123	136	1.04106
123	139	0.732208
123	140	0.768516
123	143	0.672302
123	144	1.0723
123	145	1.08649
123	147	1.10094
123	156	1.12039
123	163	1.11451
123	167	1.09521
123	168	1.0625
123	170	1.08317
123	171	1.06217
123	172	1.07784
123	174	1.17238
123	175	1.03433
123	176	1.09415
123	178	1.08315
123	179	0.996595
123	180	1.02568
124	1	1.10593
124	18	1.20804
124	28	0.531217
124	57	1.20391
124	74	1.12683
124	91	0.702985
124	93	1.12147
124	94	1.19255
124	97	1.18653
124	103	1.22845
124	104	1.22323
124	108	1.14376
124	116	1.20801
124	117	0.694506
124	120	1.19525
124	121	1.19081
124	122	1.1894
124	125	1.17586
124	128	1.16073
124	132	1.19709
124	138	0.561469
124	142	0.643201
124	143	1.19237
124	155	0.759376
124	157	1.18813
124	161	0.582683
124	164	1.20115
124	165	1.1604
124	166	0.680204
124	173	0.554797
124	176	0.691696
125	1	1.05192
125	18	1.15403
125	34	1.11561
125	57	1.1499
125	66	1.09655
125	74	1.07281
125	93	1.06745
125	94	1.13854
125	103	1.17443
125	104	1.16922
125	108	1.08975
125	116	1.154
125	120	1.14123
125	121	1.1368
125	122	1.13538
125	124	1.17586
125	127	0.700971
125	128	1.10672
125	132	1.14308
125	141	0.68012
125	143	1.13836
125	144	0.741069
125	157	1.13412
125	163	0.705189
125	164	1.14713
125	165	1.10639
125	166	0.755909
125	172	0.768343
125	173	0.630502
125	174	0.603165
125	180	0.872819
126	10	1.10975
126	11	1.1094
126	20	1.19065
126	24	1.19638
126	29	1.16906
126	33	1.16245
126	38	1.19828
126	39	1.15982
126	43	1.1273
126	51	1.21056
126	52	1.10497
126	54	1.19455
126	60	1.1768
126	62	1.18093
126	64	1.18111
126	91	0.656774
126	131	1.20232
126	142	0.59699
126	153	1.21711
126	154	0.613677
126	157	1.18907
126	162	1.25715
126	164	1.20208
126	168	0.696527
126	172	0.646426
126	173	0.508586
126	174	1.2588
126	176	0.645485
126	177	0.705128
126	178	0.641658
126	180	0.750902
127	19	0.578208
127	35	0.69055
127	41	0.588433
127	78	0.674891
127	109	1.14455
127	118	1.21454
127	121	0.640591
127	123	1.13472
127	125	0.700971
127	129	0.579657
127	132	0.595494
127	144	1.14812
127	147	1.17676
127	150	0.625893
127	152	1.21552
127	155	1.14761
127	156	1.19621
127	160	0.610917
127	163	1.19033
127	166	1.17202
127	167	1.17103
127	169	1.13939
127	170	1.159
127	172	1.15366
127	173	1.24557
127	174	1.2482
127	175	1.11016
127	176	1.16998
127	177	1.12873
127	178	1.15897
127	179	1.07242
127	180	1.10151
128	1	1.03679
128	18	1.1389
128	34	1.10049
128	57	1.13478
128	66	1.08142
128	74	1.05769
128	88	0.660189
128	93	1.05233
128	94	1.12341
128	97	1.11739
128	100	0.74829
128	103	1.15931
128	104	1.15409
128	108	1.07463
128	116	1.13887
128	120	1.12611
128	121	1.12167
128	122	1.12026
128	124	1.16073
128	125	1.10672
128	132	1.12796
128	143	1.12324
128	146	0.693777
128	154	0.735201
128	157	1.119
128	161	0.657996
128	164	1.13201
128	165	1.09126
128	169	0.808281
128	171	0.811963
128	173	0.63011
128	175	0.856617
129	3	1.09236
129	4	0.47077
129	27	1.06572
129	37	1.15393
129	44	1.22996
129	59	1.15431
129	80	1.14996
129	86	1.13284
129	89	1.20715
129	92	1.1743
129	97	0.605492
129	99	0.601439
129	105	1.14525
129	110	1.16486
129	111	1.21812
129	112	1.02486
129	119	1.18223
129	127	0.579657
129	137	1.15389
129	139	1.15082
129	140	1.14115
129	142	1.19618
129	148	1.16076
129	150	1.18122
129	151	1.17486
129	152	0.538107
129	154	0.614279
129	155	0.713767
129	159	1.18677
129	160	1.18347
129	169	0.68736
129	177	0.70573
130	5	0.855362
130	25	0.705526
130	36	1.14558
130	45	0.808145
130	50	0.734101
130	86	0.76962
130	87	1.10396
130	91	1.10038
130	107	1.11173
130	112	1.00279
130	116	0.580801
130	117	1.11039
130	123	1.09084
130	142	1.1565
130	144	1.10423
130	145	1.11842
130	146	1.1387
130	147	1.13288
130	152	1.17163
130	154	1.14484
130	158	1.10596
130	159	0.622163
130	160	0.607077
130	161	1.17048
130	164	0.630988
130	165	1.10685
130	171	1.09411
130	172	1.10978
130	176	1.12609
130	177	1.08485
130	178	1.11509
130	180	1.05762
131	10	1.08032
131	16	1.07227
131	17	1.17825
131	19	1.15864
131	23	1.18291
131	24	1.16695
131	33	1.13302
131	35	1.15466
131	38	1.16885
131	45	1.11359
131	47	1.22979
131	49	1.11332
131	50	1.0876
131	52	1.07554
131	54	1.16512
131	61	1.15427
131	65	1.1625
131	68	1.13184
131	75	1.19851
131	83	1.12163
131	97	0.672212
131	114	0.671986
131	118	0.644368
131	126	1.20232
131	142	0.664312
131	152	0.604827
131	153	1.18768
131	157	1.15964
131	167	0.690119
131	168	0.76385
131	173	0.575908
131	175	0.802415
131	176	0.712807
132	1	1.07316
132	18	1.17527
132	34	1.13685
132	57	1.17114
132	66	1.11779
132	74	1.09405
132	85	0.690876
132	90	0.817732
132	93	1.08869
132	94	1.15978
132	97	1.15376
132	103	1.19567
132	104	1.19046
132	108	1.11099
132	116	1.17523
132	120	1.16247
132	121	1.15804
132	122	1.15662
132	124	1.19709
132	125	1.14308
132	127	0.595494
132	128	1.12796
132	134	0.649348
132	136	0.726508
132	138	0.531697
132	142	0.613429
132	143	1.1596
132	157	1.15536
132	164	1.16837
132	165	1.12763
132	172	0.662865
132	178	0.658098
132	179	0.859767
133	15	1.14453
133	27	1.02876
133	44	1.19299
133	59	1.11734
133	80	1.11299
133	86	1.09587
133	91	0.711497
133	92	1.13733
133	98	1.13921
133	101	1.10454
133	106	1.15257
133	110	1.12789
133	111	1.18115
133	113	1.11933
133	117	0.703017
133	118	0.631769
133	119	1.14526
133	137	1.11693
133	140	1.10419
133	143	1.14154
133	144	0.673875
133	148	1.12379
133	149	1.13024
133	150	1.14426
133	151	1.1379
133	159	1.14981
133	160	1.1465
133	162	1.20538
133	165	0.640696
133	171	0.745161
133	174	0.535971
133	176	0.700207
133	177	0.75985
133	179	0.898051
134	20	0.606544
134	67	0.62054
134	70	0.731049
134	83	0.753121
134	90	1.08281
134	97	1.14851
134	99	1.14243
134	111	0.629706
134	119	0.692319
134	123	1.10636
134	132	0.649348
134	140	0.761926
134	145	1.13395
134	146	1.15422
134	147	1.1484
134	150	0.679748
134	152	1.18715
134	156	1.16785
134	161	1.186
134	162	0.586856
134	163	1.16197
134	166	1.14366
134	167	1.14267
134	168	1.10997
134	169	1.11103
134	170	1.13063
