1	9	1.04701
1	78	0.968887
1	100	0.99161
1	105	1.0452
1	112	0.993108
1	130	0.982041
1	135	0.922101
1	144	1.02352
1	166	0.989915
1	176	1.03289
1	177	0.941665
1	178	1.06667
2	67	1.06767
2	81	0.886165
2	112	0.957571
2	128	0.95984
2	157	1.01673
2	158	1.04192
2	163	1.02453
2	166	1.01484
2	168	1.03381
2	171	0.921501
2	179	1.02808
2	180	1.04009
3	6	0.94148
3	112	1.02099
3	115	1.00234
3	116	0.984403
3	128	1.03312
3	144	1.0514
3	151	0.927938
3	161	0.976435
3	171	1.05613
3	172	0.9443
3	178	1.09455
3	180	0.971125
4	40	1.02892
4	93	0.938797
4	100	1.01102
4	112	1.01252
4	115	0.993878
4	128	1.02465
4	144	1.04293
4	170	0.933094
4	174	0.960344
4	175	0.995072
4	178	1.08608
4	179	0.9771
5	10	0.830091
5	15	1.02087
5	25	0.946667
5	77	1.01865
5	113	1.0062
5	115	1.07281
5	139	1.00753
5	140	0.991469
5	146	1.06189
5	170	1.05488
5	171	1.04471
5	172	0.946137
6	3	0.94148
6	79	0.986777
6	83	0.838465
6	105	0.910988
6	115	0.840257
6	141	1.17156
6	144	0.88931
6	150	1.22317
6	157	1.22123
6	165	1.1896
6	171	0.894039
6	176	0.898683
7	28	0.880569
7	75	1.02209
7	84	0.999394
7	111	1.0112
7	124	1.01627
7	156	1.02982
7	161	1.04816
7	164	1.07307
7	167	0.963334
7	173	1.01812
7	176	0.98901
7	177	0.956257
8	23	1.12185
8	70	1.23588
8	93	1.23303
8	99	0.926002
8	129	0.868995
8	137	0.915725
8	149	0.904683
8	151	1.21144
8	164	0.904918
8	170	0.892146
8	172	0.900909
8	176	0.886622
9	1	1.04701
9	88	1.05703
9	105	1.0444
9	106	1.10925
9	112	0.992309
9	128	1.00444
9	143	0.913598
9	144	1.02272
9	148	0.908408
9	150	0.943441
9	161	0.929529
9	176	1.03209
10	5	0.830091
10	73	1.10551
10	86	0.972174
10	106	0.99644
10	108	1.01315
10	153	1.02467
10	155	1.01916
10	156	0.889742
10	168	1.03803
10	173	1.02837
10	179	1.0323
10	180	1.04431
11	36	0.957818
11	51	1.03498
11	60	1.06305
11	74	1.00178
11	76	0.995674
11	94	1.02167
11	101	1.07304
11	143	0.958723
11	152	0.986033
11	160	1.00981
11	174	0.969293
11	177	0.932399
12	25	0.994146
12	58	1.02407
12	64	1.15828
12	72	1.01807
12	116	0.991572
12	132	0.976511
12	147	0.954531
12	149	0.977528
12	162	0.921884
12	166	1.0439
12	171	0.954823
12	176	0.959466
12	180	1.03259
13	69	1.04372
13	79	0.955077
13	104	1.08879
13	119	1.04762
13	129	1.05817
13	150	0.962375
13	165	0.982668
13	166	0.955536
13	167	1.00246
13	168	0.97451
13	174	0.972888
13	179	0.968777
13	180	0.980787
14	71	0.994502
14	100	0.94122
14	104	1.10509
14	105	0.994806
14	112	0.942718
14	128	0.954848
14	135	0.984928
14	144	0.973128
14	161	1.04675
14	166	1.05274
14	172	1.01461
14	176	0.982501
14	178	1.01628
15	5	1.02087
15	49	0.989422
15	57	1.08795
15	77	0.958786
15	86	0.934591
15	127	1.13783
15	138	1.03675
15	140	0.931603
15	146	1.00203
15	161	0.982875
15	175	0.979826
15	176	0.988891
15	177	0.956138
16	68	1.00933
16	92	0.97777
16	97	0.933683
16	118	0.975596
16	131	1.00082
16	133	0.942754
16	138	1.09245
16	145	0.984084
16	158	1.03548
16	167	1.01891
16	168	1.03894
16	170	1.02148
16	175	0.975958
17	99	0.954919
17	133	1.10962
17	153	0.968874
17	157	0.965153
17	160	1.06972
17	163	0.972955
17	164	1.01773
17	168	0.982234
17	169	0.973205
17	171	1.04175
17	173	0.972567
17	179	0.976501
17	180	0.988511
18	62	0.905617
18	72	1.01488
18	73	0.872106
18	77	1.05283
18	81	1.00708
18	90	0.981197
18	107	1.04522
18	121	1.02947
18	160	0.956849
18	162	1.07821
18	174	1.02934
18	177	1.0139
18	178	1.01802
19	31	1.0248
19	39	0.983991
19	43	0.980324
19	50	0.980324
19	85	1.13032
19	99	1.04773
19	113	0.985448
19	134	0.916669
19	170	1.01387
19	172	1.02263
19	179	0.968911
19	180	0.952206
20	21	1.0738
20	99	1.06543
20	133	0.983182
20	134	0.883412
20	145	1.02451
20	146	1.03859
20	162	0.967763
20	169	0.960472
20	170	1.03157
20	172	1.04033
20	175	1.01639
20	180	0.918949
21	20	1.0738
21	64	1.23482
21	109	0.914799
21	116	0.963993
21	119	0.920501
21	130	0.948393
21	132	0.948932
21	149	0.949948
21	162	0.894305
21	165	1.09478
21	166	1.12044
21	170	1.08183
21	171	0.927243
21	176	0.931887
22	33	1.09144
22	103	1.09502
22	111	1.00652
22	123	0.99993
22	143	1.0339
22	151	0.886655
22	164	1.06839
22	165	0.915488
22	171	0.972502
22	172	1.06438
22	173	0.954763
22	175	1.04043
22	179	0.946546
22	180	0.929841
23	8	1.12185
23	38	1.04672
23	61	1.02067
23	133	0.932036
23	152	1.04323
23	165	1.05801
23	169	1.04082
23	171	0.864169
23	172	1.0708
23	173	1.04018
23	175	0.856185
23	178	0.80064
23	179	1.04412
23	180	1.05613
24	32	1.06206
24	33	1.04546
24	74	1.17632
24	77	1.13016
24	87	0.87309
24	100	1.17812
24	130	0.949104
24	145	0.931061
24	149	0.950659
24	159	0.95437
24	174	0.924316
24	175	0.922935
24	177	0.962251
24	180	0.932215
25	5	0.946667
25	12	0.994146
25	91	0.91994
25	119	1.04127
25	130	1.06916
25	132	1.0697
25	137	1.08176
25	143	0.917368
25	149	1.07071
25	157	0.945272
25	160	1.02525
25	161	0.933299
25	171	1.04801
25	179	0.944694
26	45	0.940417
26	62	0.863065
26	73	0.829554
26	81	0.964531
26	90	0.938645
26	92	1.14429
26	96	1.02051
26	107	1.00267
26	160	0.914297
26	162	1.1753
26	166	1.13779
26	177	0.971348
26	178	0.97547
26	180	1.12648
27	82	0.886163
27	86	0.979836
27	107	1.09571
27	130	1.05124
27	146	1.04727
27	149	1.05279
27	150	0.953095
27	168	0.924033
27	169	0.975396
27	170	1.04026
27	174	0.933823
27	177	1.06439
27	178	1.06851
27	180	0.933873
28	7	0.880569
28	43	0.907707
28	87	1.01866
28	109	0.928646
28	110	1.02924
28	124	0.933741
28	128	0.922651
28	150	1.04269
28	159	1.08326
28	163	1.04555
28	166	1.03585
28	174	1.05321
28	179	1.0491
28	180	1.06111
29	37	0.868147
29	68	0.960625
29	69	0.958414
29	108	1.16815
29	118	0.926887
29	126	0.937834
29	131	0.952111
29	133	0.894045
29	145	0.935374
29	167	1.09522
29	170	1.09779
29	174	1.12504
29	176	1.1209
29	177	0.966564
30	65	1.10124
30	71	0.905221
30	77	1.04792
30	98	1.03757
30	117	1.0229
30	122	0.892379
30	139	1.03679
30	140	1.02073
30	146	1.09116
30	169	0.952305
30	171	1.07397
30	172	0.883957
30	175	1.06896
30	177	0.873837
31	19	1.0248
31	43	1.00641
31	50	1.00641
31	57	0.961166
31	65	1.05676
31	85	1.15641
31	99	1.07381
31	138	0.909969
31	147	1.0435
31	152	0.88299
31	162	0.915115
31	170	1.03995
31	172	1.04872
31	179	0.883005
32	24	1.06206
32	59	0.899125
32	77	1.03772
32	102	1.11091
32	117	1.01271
32	139	1.02659
32	140	1.01054
32	146	1.08096
32	150	0.928838
32	161	1.06181
32	173	0.934539
32	175	1.05876
32	177	0.872672
32	180	0.909616
33	22	1.09144
33	24	1.04546
33	95	1.04456
33	106	0.983179
33	108	0.936074
33	120	1.05171
33	136	1.02404
33	156	1.03437
33	163	0.923588
33	164	1.07762
33	165	0.878664
33	169	0.93454
33	176	0.888826
33	178	1.09309
34	58	0.988855
34	78	1.12785
34	109	0.907165
34	116	0.956359
34	127	0.845643
34	130	0.940759
34	132	0.941298
34	137	0.953356
34	147	1.05951
34	149	0.942314
34	157	1.15485
34	168	1.12773
34	176	0.924252
34	180	1.13757
35	45	1.13457
35	60	0.975453
35	61	0.862441
35	66	0.865373
35	74	0.914182
35	76	0.908078
35	82	1.03274
35	94	0.934076
35	101	0.985439
35	150	1.12832
35	160	0.922216
35	175	1.14377
35	176	1.1049
35	178	1.08823
36	11	0.957818
36	106	0.982773
36	122	0.924355
36	125	1.08819
36	136	1.02363
36	141	0.910367
36	156	1.03396
36	161	1.0523
36	163	0.973328
36	164	1.07721
36	165	0.928404
36	167	0.91289
36	175	1.04925
36	178	1.09269
37	29	0.868147
37	58	1.09583
37	89	0.951671
37	104	0.904159
37	118	0.939186
37	131	0.96441
37	133	0.906344
37	135	1.10052
37	145	0.947673
37	159	1.08809
37	168	1.14719
37	175	0.939547
37	177	0.978863
37	179	1.17373
38	23	1.04672
38	44	0.97846
38	85	0.852786
38	106	1.13633
38	115	1.05115
38	146	0.951899
38	152	0.994904
38	153	0.988161
38	155	0.982642
38	160	1.02192
38	163	0.992242
38	173	0.991854
38	174	0.999898
38	179	0.995787
38	180	1.0078
39	19	0.983991
39	131	0.978705
39	137	0.981048
39	141	1.00777
39	152	0.992249
39	160	1.05669
39	163	0.989586
39	167	1.02681
39	168	0.998865
39	171	1.02873
39	173	0.989198
39	174	0.997243
39	178	0.9652
39	179	0.993132
39	180	1.00514
40	4	1.02892
40	41	0.993252
40	81	1.0136
40	88	1.01953
40	100	0.953306
40	105	1.00689
40	135	0.949764
40	144	0.985214
40	158	0.992969
40	162	1.05509
40	166	1.01758
40	167	0.976404
40	171	0.989943
40	176	0.994587
40	178	1.02836
41	40	0.993252
41	83	0.956421
41	96	0.905103
41	105	1.02894
41	112	0.976855
41	115	0.958213
41	142	1.02738
41	144	1.00727
41	152	1.02777
41	153	0.99709
41	154	1.04004
41	171	1.012
41	176	1.01664
41	178	1.05041
41	180	1.01108
42	52	1.12954
42	61	1.05789
42	66	1.06082
42	74	1.10963
42	76	1.10352
42	82	1.22819
42	94	1.12952
42	101	1.18089
42	135	0.80984
42	157	0.883632
42	163	0.896919
42	167	0.836481
42	173	0.89127
42	176	0.862157
42	177	0.829404
43	19	0.980324
43	28	0.907707
43	31	1.00641
43	47	1.05791
43	50	0.96193
43	85	1.11193
43	99	1.02933
43	121	1.02042
43	127	0.911342
43	141	0.987949
43	147	0.999021
43	168	1.0105
43	170	0.995475
43	172	1.00424
43	174	1.02029
44	38	0.97846
44	86	0.968122
44	98	0.981972
44	110	1.01573
44	138	1.02511
44	139	0.981191
44	140	0.965134
44	142	1.00972
44	146	1.03556
44	148	0.965632
44	154	1.01041
44	161	1.01641
44	163	1.01201
44	170	1.02854
44	175	1.01336
45	26	0.940417
45	35	1.13457
45	62	0.938065
45	73	0.904554
45	75	1.0388
45	81	1.03953
45	90	1.01365
45	107	1.07767
45	151	0.93657
45	158	0.966454
45	160	0.989297
45	170	0.952455
45	176	0.975565
45	177	1.04635
45	178	1.05047
46	67	0.937403
46	71	1.01048
46	103	1.05303
46	111	0.964522
46	136	0.972816
46	146	1.01664
46	151	0.972856
46	156	0.983144
46	164	1.02639
46	167	0.986175
46	172	1.02238
46	173	1.04096
46	175	0.998434
46	177	0.979098
46	178	1.04187
47	43	1.05791
47	63	1.03808
47	67	0.944663
47	84	0.959978
47	114	1.0397
47	120	1.00775
47	136	0.980076
47	148	0.976047
47	156	0.990404
47	164	1.03365
47	170	0.964557
47	171	1.03452
47	173	1.01678
47	175	1.00569
47	177	0.954913
48	89	1.01298
48	97	0.958582
48	104	0.965468
48	131	1.02572
48	133	0.967653
48	141	0.965197
48	142	1.01389
48	145	1.00898
48	147	1.01959
48	162	1.0464
48	172	0.970762
48	175	1.00086
48	177	1.04017
48	179	1.01429
48	180	0.997587
49	15	0.989422
49	54	1.08043
49	59	0.993924
49	98	0.97686
49	117	0.962191
49	134	0.968879
49	139	0.976079
49	140	0.960022
49	143	0.993795
49	146	1.03044
49	155	1.0364
49	161	1.01129
49	168	0.994575
49	171	1.01326
49	179	1.02112
50	19	0.980324
50	31	1.00641
50	43	0.96193
50	85	1.11193
50	99	1.02933
50	121	1.00322
50	127	0.911342
50	141	0.970755
50	147	0.999021
50	150	1.02237
50	170	0.995475
50	172	1.00424
50	173	1.02807
50	176	0.998955
50	178	0.982277
51	11	1.03498
51	52	1.00022
51	60	1.04158
51	61	0.928572
51	74	0.980312
51	76	0.974208
51	94	1.00021
51	101	1.05157
51	141	0.969611
51	160	0.988346
51	163	1.03257
51	174	1.00195
51	178	0.981133
51	179	1.01871
51	180	1.002
52	42	1.12954
52	51	1.00022
52	53	1.07732
52	60	1.02829
52	61	0.915278
52	66	0.91821
52	76	0.960915
52	82	1.08558
52	94	0.986914
52	148	0.963319
52	154	1.0081
52	157	0.996414
52	160	0.975053
52	161	0.984441
52	174	0.97908
53	52	1.07732
53	80	0.978566
53	83	0.909149
53	87	0.909859
53	111	1.08934
53	118	1.07227
53	128	0.941713
53	135	0.990013
53	137	0.99847
53	144	0.959994
53	145	1.0895
53	149	0.987428
53	166	0.943733
53	167	0.990657
53	175	1.08715
53	180	0.968985
54	49	1.08043
54	70	1.09511
54	98	1.03944
54	121	0.907288
54	139	1.03866
54	140	1.02261
54	146	1.09303
54	156	0.985539
54	161	1.07388
54	170	1.08602
54	172	0.880385
54	173	0.932132
54	175	1.07083
54	177	0.870265
54	179	0.923915
54	180	0.907209
55	58	0.842124
55	72	0.8888
55	97	1.02827
55	104	1.03515
55	118	1.07018
55	126	1.08113
55	127	1.04806
55	131	1.0954
55	133	1.03734
55	143	1.06401
55	145	1.07867
55	155	0.935307
55	166	0.914624
55	170	0.876018
55	177	1.10986
55	180	0.903319
56	84	1.12683
56	103	0.998973
56	119	1.05268
56	123	1.08907
56	131	1.02283
56	141	0.966619
56	153	0.944353
56	159	0.986144
56	160	1.10082
56	163	0.948434
56	167	0.985662
56	169	0.948683
56	173	0.948046
56	174	0.95609
56	179	0.95198
56	180	0.96399
57	15	1.08795
57	31	0.961166
57	69	0.989134
57	81	1.05647
57	104	0.92258
57	119	1.07163
57	120	0.960024
57	144	1.09752
57	145	0.966094
57	156	0.942678
57	158	0.969078
57	160	1.11977
57	164	0.985927
57	166	0.941997
57	179	0.955239
57	180	0.967249
58	12	1.02407
58	34	0.988855
58	37	1.09583
58	55	0.842124
58	119	1.07119
58	130	1.09908
58	132	1.09962
58	137	1.11168
58	141	0.860698
58	152	0.909778
58	162	1.04499
58	164	0.911729
58	170	0.865788
58	171	1.07793
58	173	0.918011
58	176	1.08258
59	32	0.899125
59	49	0.993924
59	83	1.10074
59	131	0.936428
59	153	1.01086
59	154	1.01774
59	155	1.00534
59	158	1.03233
59	164	0.962431
59	165	1.03238
59	169	1.01519
59	173	1.01456
59	174	1.0226
59	175	0.978469
59	178	0.922923
59	179	1.01849
59	180	1.0305
60	11	1.06305
60	35	0.975453
60	51	1.04158
60	52	1.02829
60	61	0.95664
60	74	1.00838
60	76	1.00228
60	94	1.02828
60	101	1.07964
60	113	0.996051
60	150	0.982031
60	152	0.979499
60	158	0.949507
60	160	1.01641
60	169	1.00433
60	170	0.935508
60	174	0.962758
61	23	1.02067
61	35	0.862441
61	42	1.05789
61	51	0.928572
61	52	0.915278
61	60	0.95664
61	66	0.84656
61	74	0.895369
61	82	1.01393
61	94	0.915264
61	102	1.1201
61	124	1.24553
61	138	0.904654
61	160	0.903403
61	165	1.13909
61	172	1.12662
61	176	1.14925
62	18	0.905617
62	26	0.863065
62	45	0.938065
62	72	1.1235
62	73	0.827203
62	81	0.96218
62	90	0.936294
62	107	1.00032
62	134	1.10248
62	138	0.913196
62	142	1.15432
62	160	0.911945
62	170	1.11072
62	173	1.16294
62	177	0.968997
62	178	0.973119
62	179	1.15472
63	47	1.03808
63	91	0.969842
63	96	0.871914
63	106	0.964558
63	111	0.997123
63	114	1.06504
63	123	0.990537
63	124	1.0022
63	129	1.02307
63	130	0.981322
63	136	1.00542
63	146	0.978488
63	164	1.05899
63	171	1.02055
63	172	1.05498
63	173	1.00281
63	174	0.977839
64	12	1.15828
64	21	1.23482
64	84	1.1766
64	88	1.0505
64	125	1.06152
64	129	1.113
64	150	0.917055
64	157	0.912109
64	158	0.937296
64	165	0.937347
64	166	0.910215
64	168	0.92919
64	169	0.920161
64	172	0.950136
64	174	0.927567
64	179	0.923457
64	180	0.935467
65	30	1.10124
65	31	1.05676
65	72	0.944063
65	76	1.1857
65	96	0.970244
65	130	1.14817
65	148	0.922757
65	154	0.912516
65	155	0.900117
65	159	0.947427
65	166	0.900021
65	167	0.946946
65	174	0.917374
65	175	1.17942
65	178	1.12387
65	179	0.913263
65	180	0.925273
66	35	0.865373
66	42	1.06082
66	52	0.91821
66	61	0.84656
66	74	0.898301
66	76	0.892197
66	82	1.01686
66	94	0.918196
66	101	0.969558
66	134	1.10051
66	138	0.907586
66	148	1.12024
66	152	1.15274
66	160	0.906335
66	161	1.14136
66	162	1.18486
66	170	1.10875
67	2	1.06767
67	46	0.937403
67	47	0.944663
67	75	0.914599
67	84	0.891901
67	111	0.903705
67	123	0.897119
67	129	0.929653
67	136	0.911999
67	152	1.1598
67	153	1.12912
67	156	0.922327
67	164	0.965575
67	173	1.16804
67	176	1.13892
67	178	0.981055
67	180	1.14311
68	16	1.00933
68	29	0.960625
68	83	1.09604
68	92	1.03384
68	97	0.989751
68	104	0.996637
68	126	1.04261
68	131	1.05689
68	133	0.998822
68	142	0.955393
68	145	1.04015
68	148	0.92328
68	154	0.968057
68	162	0.987906
68	172	0.912267
68	173	0.964013
68	177	1.07134
69	13	1.04372
69	29	0.958414
69	57	0.989134
69	93	0.951276
69	104	0.994426
69	118	1.02945
69	122	0.954471
69	126	1.0404
69	131	1.05468
69	133	0.996611
69	145	1.03794
69	168	0.963033
69	175	1.02981
69	176	0.968683
69	177	1.06913
69	178	0.952006
69	180	0.972874
70	8	1.23588
70	54	1.09511
70	77	1.00189
70	98	0.991544
70	102	1.07508
70	117	0.976875
70	139	0.990763
70	140	0.974706
70	143	0.924917
70	146	1.04513
70	161	1.02598
70	163	0.966108
70	167	0.90567
70	172	0.908713
70	175	1.02293
70	176	0.931347
70	180	0.935537
71	14	0.994502
71	30	0.905221
71	46	1.01048
71	80	0.874818
71	86	1.10948
71	94	0.983325
71	99	1.06935
71	115	0.971548
71	118	0.968521
71	128	1.00232
71	131	0.94136
71	170	1.0355
71	172	1.04426
71	173	1.01365
71	174	1.02169
71	179	1.01758
71	180	1.02959
72	12	1.01807
72	18	1.01488
72	55	0.8888
72	62	1.1235
72	65	0.944063
72	85	0.84125
72	131	0.932401
72	145	0.976792
72	153	1.01636
72	154	1.02324
72	157	1.01264
72	165	1.03788
72	167	1.05767
72	173	1.02006
72	174	1.0281
72	179	1.02399
72	180	1.036
73	10	1.10551
73	18	0.872106
73	26	0.829554
73	45	0.904554
73	62	0.827203
73	81	0.928669
73	90	0.902783
73	107	0.966809
73	125	0.935106
73	138	0.879686
73	143	1.23776
73	147	1.17032
73	158	1.23507
73	159	1.17944
73	160	0.878435
73	163	1.27895
73	177	0.935486
73	178	0.939608
74	11	1.00178
74	24	1.17632
74	35	0.914182
74	42	1.10963
74	51	0.980312
74	60	1.00838
74	61	0.895369
74	66	0.898301
74	76	0.941006
74	82	1.06567
74	94	0.967005
74	101	1.01837
74	121	1.02395
74	135	0.967362
74	159	0.954935
74	169	1.06539
74	170	0.996569
74	174	1.02382
75	7	1.02209
75	45	1.0388
75	67	0.914599
75	80	1.072
75	106	0.909153
75	110	1.04761
75	118	1.03312
75	120	0.977686
75	125	1.01457
75	150	1.03255
75	152	1.03001
75	156	0.96034
75	161	0.97868
75	162	0.94771
75	164	1.00359
75	165	0.998971
75	166	1.02463
75	172	0.99958
76	11	0.995674
76	35	0.908078
76	42	1.10352
76	51	0.974208
76	52	0.960915
76	60	1.00228
76	65	1.1857
76	66	0.892197
76	74	0.941006
76	82	1.05957
76	91	0.987196
76	101	1.01226
76	138	0.950291
76	155	1.02723
76	169	1.03677
76	172	0.968419
76	176	0.991053
76	179	1.01195
77	5	1.01865
77	15	0.958786
77	18	1.05283
77	24	1.13016
77	30	1.04792
77	32	1.03772
77	70	1.00189
77	98	0.946223
77	117	0.931554
77	137	0.972698
77	139	0.945442
77	140	0.929385
77	146	0.999808
77	162	1.02653
77	163	1.00829
77	169	1.01924
77	171	0.982627
77	179	0.994423
78	1	0.968887
78	34	1.12785
78	86	1.10532
78	105	0.964035
78	117	1.03612
78	126	0.967505
78	151	1.0187
78	152	0.978035
78	153	0.971291
78	154	0.978171
78	156	1.02289
78	166	0.965676
78	168	0.984651
78	169	0.975622
78	173	0.974984
78	174	0.983029
78	179	0.978918
78	180	0.990928
79	6	0.986777
79	13	0.955077
79	83	1.04585
79	88	1.13101
79	108	0.927283
79	112	1.06628
79	115	1.04764
79	128	1.07841
79	144	1.09669
79	151	0.84104
79	154	0.913192
79	162	0.933041
79	169	0.925749
79	170	0.856925
79	171	1.10142
79	172	0.857401
79	176	1.10607
79	178	1.13984
80	53	0.978566
80	71	0.874818
80	75	1.072
80	95	1.08992
80	111	1.06111
80	120	1.09708
80	123	1.05452
80	124	1.06618
80	129	1.08706
80	132	0.896171
80	136	1.0694
80	142	0.89668
80	156	1.07973
80	163	0.910949
80	164	1.12298
80	167	0.85051
80	169	0.921901
80	176	0.876187
81	2	0.886165
81	18	1.00708
81	26	0.964531
81	40	1.0136
81	45	1.03953
81	57	1.05647
81	62	0.96218
81	73	0.928669
81	90	1.03776
81	107	1.10179
81	122	0.943205
81	142	0.97791
81	155	0.993596
81	160	1.01341
81	172	0.934783
81	177	1.07046
81	178	1.07458
82	27	0.886163
82	35	1.03274
82	42	1.22819
82	52	1.08558
82	61	1.01393
82	66	1.01686
82	74	1.06567
82	76	1.05957
82	94	1.08557
82	101	1.13693
82	102	0.873234
82	138	1.07496
82	151	0.863387
82	162	0.955388
82	173	0.931496
82	174	0.906523
82	176	0.902383
82	178	0.885705
83	6	0.838465
83	41	0.956421
83	53	0.909149
83	59	1.10074
83	68	1.09604
83	79	1.04585
83	88	0.982696
83	96	1.00526
83	100	0.916475
83	105	0.970061
83	128	0.930103
83	143	1.10061
83	144	0.948383
83	153	1.09724
83	166	1.12254
83	171	0.953112
83	172	1.08441
83	176	0.957755
83	178	0.991531
84	7	0.999394
84	47	0.959978
84	56	1.12683
84	64	1.1766
84	67	0.891901
84	90	1.07537
84	103	1.00753
84	106	0.886455
84	108	1.09397
84	120	0.954989
84	124	0.924093
84	136	0.927314
84	156	0.937642
84	164	0.980891
84	172	0.976882
84	174	1.05087
84	175	0.952932
84	177	1.01397
84	179	1.06762
85	19	1.13032
85	31	1.15641
85	38	0.852786
85	43	1.11193
85	50	1.11193
85	72	0.84125
85	99	1.17933
85	122	0.837367
85	127	1.06134
85	133	0.966297
85	147	1.14902
85	159	0.786834
85	161	0.86108
85	165	0.841416
85	170	1.14548
85	172	1.15424
85	177	0.818825
86	10	0.972174
86	15	0.934591
86	27	0.979836
86	44	0.968122
86	71	1.10948
86	78	1.10532
86	98	0.922029
86	102	1.00556
86	117	0.90736
86	139	0.921248
86	140	0.905191
86	146	0.975614
86	147	1.03699
86	155	1.14703
86	169	1.15657
86	170	0.9686
86	171	0.958432
86	175	0.953414
86	177	1.0781
87	24	0.87309
87	28	1.01866
87	53	0.909859
87	116	0.990572
87	119	0.94708
87	127	0.879856
87	130	0.974972
87	132	0.975511
87	134	0.972677
87	137	0.987569
87	141	1.09891
87	147	1.05324
87	149	0.976527
87	153	1.11731
87	168	1.12145
87	171	0.953822
87	172	1.10447
87	176	0.958466
87	177	1.09435
88	9	1.05703
88	40	1.01953
88	64	1.0505
88	79	1.13101
88	83	0.982696
88	100	1.00163
88	105	1.05522
88	115	0.984487
88	128	1.01526
88	144	1.03354
88	162	0.973633
88	166	0.936124
88	173	0.94974
88	174	0.924767
88	175	0.959495
88	176	1.04291
88	177	0.887874
88	178	1.07669
88	180	0.924818
89	37	0.951671
89	48	1.01298
89	92	1.01258
89	97	0.968497
89	104	0.975383
89	118	1.01041
89	121	0.990708
89	126	1.02136
89	127	1.13537
89	131	1.03563
89	133	0.977568
89	142	1.00693
89	143	1.00424
89	145	1.0189
89	146	0.991228
89	153	0.976642
89	155	1.02262
89	159	0.921695
89	172	0.963806
89	175	1.01077
90	18	0.981197
90	26	0.938645
90	45	1.01365
90	62	0.936294
90	73	0.902783
90	81	1.03776
90	84	1.07537
90	93	0.957139
90	107	1.0759
90	125	1.0442
90	129	1.01177
90	138	0.988777
90	158	0.965435
90	160	0.987526
90	171	1.0214
90	173	1.00366
90	176	0.974546
90	177	1.04458
90	178	1.0487
90	179	0.995442
91	25	0.91994
91	63	0.969842
91	76	0.987196
91	114	0.964001
91	120	1.02017
91	122	1.0357
91	124	1.03833
91	140	1.07638
91	151	1.03307
91	157	0.981947
91	160	1.01686
91	162	0.968104
91	163	0.989749
91	166	0.980053
91	167	1.02698
91	168	0.999027
91	173	0.989361
91	174	0.997405
91	179	0.993295
91	180	1.0053
92	16	0.97777
92	26	1.14429
92	68	1.03384
92	89	1.01258
92	97	0.958186
92	104	0.965072
92	118	1.0001
92	121	0.972174
92	126	1.01105
92	131	1.02532
92	133	0.967257
92	135	0.915588
92	145	1.00859
92	153	0.958107
92	155	1.00408
92	161	0.977406
92	162	1.02091
92	171	1.01476
92	175	1.00046
92	177	1.03978
93	4	0.938797
93	8	1.23303
93	69	0.951276
93	90	0.957139
93	95	0.986305
93	116	0.945963
93	135	1.0234
93	139	1.01476
93	154	0.989617
93	157	0.979017
93	163	0.986818
93	165	1.00425
93	166	0.977123
93	167	1.02405
93	168	0.996097
93	174	0.994475
93	175	0.967363
93	177	1.03241
93	179	0.990364
93	180	1.00237
94	11	1.02167
94	35	0.934076
94	42	1.12952
94	51	1.00021
94	52	0.986914
94	60	1.02828
94	61	0.915264
94	66	0.918196
94	71	0.983325
94	74	0.967005
94	82	1.08557
94	101	1.03826
94	127	1.13363
94	147	0.910826
94	157	1.00617
94	160	0.975038
94	165	0.974532
94	171	1.03155
94	172	0.962061
94	179	1.00559
95	33	1.04456
95	80	1.08992
95	93	0.986305
95	111	0.959636
95	120	0.995604
95	123	0.95305
95	124	0.964708
95	142	1.02421
95	156	0.978258
95	157	1.02519
95	161	0.996597
95	162	0.965628
95	164	1.02151
95	165	0.99355
95	168	0.998062
95	175	0.993548
95	176	1.00371
95	177	0.970959
95	178	1.03699
95	180	1.0079
96	26	1.02051
96	41	0.905103
96	63	0.871914
96	65	0.970244
96	83	1.00526
96	97	0.963853
96	120	0.922241
96	139	0.930386
96	148	1.05966
96	152	1.04929
96	159	1.08433
96	161	1.05595
96	166	1.03693
96	167	1.08385
96	169	1.04687
96	171	0.890969
96	173	1.04624
96	174	1.05428
96	175	0.882985
96	179	1.05017
96	180	1.06218
97	16	0.933683
97	48	0.958582
97	55	1.02827
97	68	0.989751
97	89	0.968497
97	92	0.958186
97	96	0.963853
97	126	0.96696
97	131	0.981237
97	133	0.92317
97	145	0.9645
97	147	0.975106
97	154	1.09879
97	157	1.08711
97	159	1.00089
97	166	1.08113
97	170	1.04253
97	174	1.06978
97	175	0.956374
97	176	1.06564
97	177	0.995689
98	30	1.03757
98	44	0.981972
98	49	0.97686
98	54	1.03944
98	70	0.991544
98	77	0.946223
98	86	0.922029
98	117	0.92121
98	139	0.935098
98	140	0.91904
98	143	1.04626
98	146	0.989464
98	150	1.0761
98	153	1.04289
98	155	1.08887
98	159	0.987945
98	171	0.972282
98	172	1.03006
98	173	1.0818
98	174	1.05683
98	175	0.967264
99	8	0.926002
99	17	0.954919
99	19	1.04773
99	20	1.06543
99	31	1.07381
99	43	1.02933
99	50	1.02933
99	71	1.06935
99	85	1.17933
99	110	0.944393
99	127	0.978744
99	138	0.953778
99	142	0.926411
99	147	1.06642
99	152	0.926799
99	169	0.951632
99	170	1.06288
99	172	1.07164
99	173	0.935031
99	178	0.889241
99	179	0.926814
100	1	0.99161
100	4	1.01102
100	14	0.94122
100	24	1.17812
100	40	0.953306
100	83	0.916475
100	88	1.00163
100	115	0.918266
100	128	0.949039
100	134	0.990903
100	138	1.06934
100	144	0.967319
100	157	1.04295
100	167	0.995804
100	169	1.06719
100	171	0.972048
100	174	1.02562
100	176	0.976692
100	177	0.988727
100	178	1.01047
100	179	1.04238
101	11	1.07304
101	35	0.985439
101	42	1.18089
101	51	1.05157
101	60	1.07964
101	66	0.969558
101	74	1.01837
101	76	1.01226
101	82	1.13693
101	94	1.03826
101	138	1.02765
101	144	0.972284
101	158	0.910612
101	160	1.0264
101	161	0.929225
101	168	0.914074
101	169	0.965438
101	170	0.896613
101	175	0.958592
101	176	0.919724
101	179	0.94062
102	32	1.11091
102	61	1.1201
102	70	1.07508
102	82	0.873234
102	86	1.00556
102	117	1.00474
102	125	1.08973
102	139	1.01863
102	140	1.00258
102	142	1.04716
102	143	0.910323
102	146	1.073
102	155	0.952933
102	163	0.951515
102	165	0.906591
102	170	1.06598
102	171	1.05582
102	172	0.894119
102	175	1.0508
102	176	0.916753
102	177	0.884
103	22	1.09502
103	46	1.05303
103	56	0.998973
103	84	1.00753
103	106	0.986768
103	111	1.01933
103	114	1.08725
103	123	1.01275
103	129	1.04528
103	150	0.942284
103	152	0.939752
103	153	0.909074
103	155	0.955051
103	156	1.03796
103	158	0.90976
103	164	1.0812
103	167	0.893195
103	172	1.07719
103	178	1.09668
103	179	0.939767
103	180	0.923062
104	13	1.08879
104	14	1.10509
104	37	0.904159
104	48	0.965468
104	55	1.03515
104	57	0.92258
104	68	0.996637
104	69	0.994426
104	89	0.975383
104	92	0.965072
104	126	0.973846
104	133	0.930056
104	142	1.03424
104	145	0.971386
104	153	1.00395
104	162	1.06675
104	163	1.04851
104	173	1.04286
104	175	0.96326
104	177	1.00258
104	180	1.01794
105	1	1.0452
105	6	0.910988
105	9	1.0444
105	14	0.994806
105	40	1.00689
105	41	1.02894
105	78	0.964035
105	83	0.970061
105	88	1.05522
105	127	1.1185
105	128	1.00263
105	144	1.02091
105	148	0.957946
105	159	0.904822
105	161	0.979068
105	163	1.00433
105	171	1.02563
105	172	0.946933
105	173	0.99868
105	176	1.03028
105	177	0.936813
105	178	1.06405
106	9	1.10925
106	10	0.99644
106	33	0.983179
106	36	0.982773
106	38	1.13633
106	63	0.964558
106	75	0.909153
106	84	0.886455
106	103	0.986768
106	114	0.966176
106	120	0.934227
106	121	1.13939
106	124	0.903332
106	129	0.924207
106	136	0.906553
106	148	1.1235
106	156	0.916881
106	159	1.07038
106	164	0.960129
106	168	1.12947
106	177	1.10237
106	178	0.975609
107	18	1.04522
107	26	1.00267
107	27	1.09571
107	45	1.07767
107	62	1.00032
107	73	0.966809
107	81	1.10179
107	90	1.0759
107	119	0.947847
107	125	1.10822
107	134	0.889828
107	138	1.0528
107	142	0.941667
107	148	0.909554
107	160	1.05155
107	161	0.930676
107	162	0.97418
107	167	0.895498
107	170	0.898064
107	172	0.898541
107	177	1.1086
107	178	1.11273
107	180	0.925365
108	10	1.01315
108	29	1.16815
108	33	0.936074
108	79	0.927283
108	84	1.09397
108	119	1.01982
108	125	0.978893
108	132	1.01313
108	139	1.07942
108	151	1.01382
108	153	0.966415
108	154	0.973295
108	157	0.962694
108	165	0.987932
108	167	1.00772
108	168	0.979775
108	169	0.970746
108	173	0.970108
108	174	0.978153
108	177	1.01609
108	178	0.976472
108	179	0.974042
108	180	0.986052
109	21	0.914799
109	28	0.928646
109	34	0.907165
109	113	1.07452
109	116	1.03299
109	119	0.9895
109	127	0.922276
109	130	1.01739
109	132	1.01793
109	134	1.0151
109	137	1.02999
109	143	1.03066
109	149	1.01895
109	153	1.02729
109	154	1.07024
109	158	1.02798
109	159	0.972343
109	160	0.973487
109	162	0.963303
109	165	1.02693
109	166	1.05258
109	171	0.996242
109	176	1.00089
110	28	1.02924
110	44	1.01573
110	75	1.04761
110	99	0.944393
110	111	1.02544
110	117	1.08013
110	148	0.982825
110	149	1.01838
110	151	1.01311
110	158	0.987171
110	164	1.00721
110	165	0.987222
110	166	0.96009
110	168	0.979064
110	169	0.970035
110	171	1.03123
110	172	1.00001
110	173	0.969398
110	174	0.977442
110	175	1.02324
110	176	0.985723
110	179	0.973331
110	180	0.985342
111	7	1.0112
111	22	1.00652
111	46	0.964522
111	53	1.08934
111	63	0.997123
111	67	0.903705
111	80	1.06111
111	95	0.959636
111	103	1.01933
111	110	1.02544
111	114	0.998741
111	117	1.08272
111	136	0.939118
111	149	1.02097
111	155	1.02314
111	156	0.949446
111	164	0.992694
111	166	1.00246
111	167	0.961286
111	172	0.988685
111	178	1.00817
111	179	1.00786
111	180	0.991154
112	1	0.993108
112	2	0.957571
112	3	1.02099
112	4	1.01252
112	9	0.992309
112	14	0.942718
112	41	0.976855
112	79	1.06628
112	115	0.919764
112	128	0.950537
112	134	0.992401
112	135	0.976506
112	144	0.968817
112	155	1.065
112	161	1.03832
112	165	1.01866
112	166	1.04432
112	167	1.00315
112	169	1.07454
112	171	0.973546
112	176	0.97819
112	178	1.01197
112	180	1.03301
113	5	1.0062
113	19	0.985448
113	60	0.996051
113	109	1.07452
113	132	1.00332
113	133	1.09805
113	141	0.992466
113	145	1.02455
113	146	0.988123
113	149	1.01734
113	150	0.971425
113	151	1.01761
113	155	0.964681
113	159	1.01199
113	163	0.974281
113	168	0.98356
113	169	0.974531
113	170	0.995743
113	173	0.973894
113	174	0.981938
113	176	0.990219
113	179	0.977827
113	180	0.989837
114	47	1.0397
114	63	1.06504
114	91	0.964001
114	103	1.08725
114	106	0.966176
114	111	0.998741
114	122	0.953646
114	123	0.992155
114	124	1.00381
114	129	1.02469
114	136	1.00703
114	146	0.972647
114	148	0.956238
114	151	0.928862
114	156	1.01736
114	162	1.00473
114	163	1.00262
114	164	1.06061
114	165	0.957696
114	168	0.962208
114	170	0.944748
114	172	1.0566
114	176	0.967858
114	178	1.07609
115	3	1.00234
115	4	0.993878
115	5	1.07281
115	6	0.840257
115	38	1.05115
115	41	0.958213
115	71	0.971548
115	79	1.04764
115	88	0.984487
115	100	0.918266
115	112	0.919764
115	128	0.931894
115	129	1.08717
115	134	0.973758
115	144	0.950174
115	153	1.04015
115	162	1.10295
115	166	1.06544
115	171	0.954904
115	173	1.07906
115	174	1.05409
115	176	0.959547
115	178	0.993323
115	180	1.05414
116	3	0.984403
116	12	0.991572
116	21	0.963993
116	34	0.956359
116	87	0.990572
116	93	0.945963
116	109	1.03299
116	119	1.03869
116	129	1.0006
116	130	1.06659
116	132	1.06712
116	137	1.07918
116	142	1.03678
116	147	0.889502
116	149	1.06814
116	150	0.986783
116	155	0.99955
116	161	0.972872
116	162	1.0125
116	168	0.957721
116	171	1.04544
116	172	0.940737
116	176	1.05008
116	177	0.930617
117	30	1.0229
117	32	1.01271
117	49	0.962191
117	70	0.976875
117	77	0.931554
117	78	1.03612
117	86	0.90736
117	98	0.92121
117	102	1.00474
117	110	1.08013
117	111	1.08272
117	125	0.991531
117	134	1.01031
117	139	0.920429
117	140	0.904372
117	142	0.948955
117	146	0.974795
117	153	1.03186
117	154	1.07481
117	156	1.12418
117	162	1.09466
117	170	0.967781
117	173	1.07077
117	175	0.952595
118	16	0.975596
118	29	0.926887
118	37	0.939186
118	53	1.07227
118	55	1.07018
118	69	1.02945
118	71	0.968521
118	75	1.03312
118	89	1.01041
118	92	1.0001
118	126	1.00887
118	131	1.02315
118	133	0.965084
118	141	0.941691
118	143	0.991759
118	145	1.00641
118	147	1.01702
118	160	1.04471
118	162	1.0229
118	169	1.0156
118	172	0.947257
118	175	0.998287
118	176	0.969891
118	177	1.0376
118	179	0.990787
119	13	1.04762
119	21	0.920501
119	25	1.04127
119	56	1.05268
119	57	1.07163
119	58	1.07119
119	87	0.94708
119	107	0.947847
119	108	1.01982
119	109	0.9895
119	116	1.03869
119	127	0.927978
119	130	1.02309
119	132	1.02363
119	137	1.03569
119	149	1.02465
119	160	0.97919
119	161	0.982076
119	162	0.969005
119	168	0.966924
119	171	1.00194
119	173	1.00169
119	176	1.00659
119	177	0.939821
119	180	0.976765
120	33	1.05171
120	47	1.00775
120	57	0.960024
120	75	0.977686
120	80	1.09708
120	84	0.954989
120	91	1.02017
120	95	0.995604
120	96	0.922241
120	106	0.934227
120	122	1.00981
120	129	0.99274
120	134	0.992679
120	136	0.975086
120	143	0.994176
120	147	0.950157
120	156	0.985415
120	164	1.02866
120	168	1.01838
120	170	1.00091
120	174	1.02817
120	175	1.0007
120	176	1.02403
120	178	1.04414
120	179	1.04492
121	18	1.02947
121	43	1.02042
121	50	1.00322
121	54	0.907288
121	74	1.02395
121	89	0.990708
121	92	0.972174
121	106	1.13939
121	126	0.977305
121	135	1.02549
121	141	1.00709
121	150	0.986044
121	153	0.98482
121	157	0.981099
121	165	1.00634
121	166	0.979205
121	167	1.02613
121	168	0.998179
121	169	0.98915
121	173	0.988513
121	174	0.996557
121	177	1.03449
121	178	0.933493
121	179	0.992447
121	180	1.00446
122	30	0.892379
122	36	0.924355
122	69	0.954471
122	81	0.943205
122	85	0.837367
122	91	1.0357
122	114	0.953646
122	120	1.00981
122	125	0.917433
122	135	1.06864
122	139	1.01796
122	145	0.972909
122	150	1.0292
122	151	1.07538
122	152	1.03472
122	157	1.02425
122	163	1.03205
122	165	1.04949
122	166	1.02236
122	168	1.04133
122	169	1.0323
122	173	1.03167
122	174	1.03971
122	175	0.970558
122	179	1.0356
122	180	1.04761
123	22	0.99993
123	56	1.08907
123	63	0.990537
123	67	0.897119
123	80	1.05452
123	95	0.95305
123	103	1.01275
123	114	0.992155
123	125	0.997087
123	127	1.1579
123	129	0.950186
123	143	0.951622
123	152	1.02984
123	156	0.942861
123	162	0.930231
123	164	0.986109
123	166	1.02446
123	168	1.00331
123	169	1.05468
123	172	0.9821
123	173	1.03808
123	175	0.958151
123	176	1.00896
123	177	0.976211
123	178	1.00159
123	179	1.02986
124	7	1.01627
124	28	0.933741
124	61	1.24553
124	63	1.0022
124	80	1.06618
124	84	0.924093
124	91	1.03833
124	95	0.964708
124	106	0.903332
124	114	1.00381
124	129	0.961845
124	136	0.944191
124	138	1.09004
124	141	1.01398
124	143	0.96328
124	156	0.954519
124	158	1.03307
124	159	0.977438
124	161	0.972858
124	162	0.941889
124	164	0.997767
124	167	1.01651
124	170	1.01907
124	175	0.969809
124	176	1.04218
124	178	1.01325
125	36	1.08819
125	64	1.06152
125	73	0.935106
125	75	1.01457
125	90	1.0442
125	102	1.08973
125	107	1.10822
125	108	0.978893
125	117	0.991531
125	122	0.917433
125	123	0.997087
125	134	0.900298
125	139	1.00542
125	151	0.892649
125	156	1.02229
125	164	1.06554
125	165	0.921482
125	166	0.947141
125	168	0.925995
125	169	0.977358
125	171	1.0426
125	174	0.935785
125	175	1.03758
125	177	1.0769
125	178	1.08102
125	179	0.952541
126	29	0.937834
126	55	1.08113
126	68	1.04261
126	69	1.0404
126	78	0.967505
126	89	1.02136
126	92	1.01105
126	97	0.96696
126	104	0.973846
126	118	1.00887
126	121	0.977305
126	127	1.12197
126	131	1.0341
126	133	0.976031
126	134	0.94169
126	141	0.944836
126	143	1.00271
126	145	1.01736
126	147	1.02797
126	150	0.996449
126	157	0.99451
126	161	0.982537
126	165	0.962874
126	170	0.949926
126	175	1.00923
126	176	0.973036
126	177	1.04855
127	15	1.13783
127	34	0.845643
127	43	0.911342
127	50	0.911342
127	55	1.04806
127	85	1.06134
127	87	0.879856
127	89	1.13537
127	94	1.13363
127	99	0.978744
127	105	1.1185
127	109	0.922276
127	119	0.927978
127	123	1.1579
127	126	1.12197
127	129	1.13206
127	142	0.926061
127	149	0.957425
127	154	0.926224
127	158	0.940811
127	163	0.923426
127	170	0.944887
127	172	0.953651
127	173	0.923038
127	175	1.1337
127	178	1.07816
127	179	0.926972
127	180	0.938982
128	2	0.95984
128	3	1.03312
128	4	1.02465
128	9	1.00444
128	14	0.954848
128	28	0.922651
128	53	0.941713
128	71	1.00232
128	79	1.07841
128	83	0.930103
128	88	1.01526
128	100	0.949039
128	105	1.00263
128	112	0.950537
128	115	0.931894
128	135	0.978775
128	143	1.02466
128	144	0.980947
128	154	1.06425
128	158	1.02198
128	161	1.04059
128	163	1.06585
128	166	1.04659
128	171	0.985676
128	176	0.99032
128	178	1.0241
128	179	1.05199
128	180	1.03528
129	8	0.868995
129	13	1.05817
129	63	1.02307
129	64	1.113
129	67	0.929653
129	80	1.08706
129	90	1.01177
129	103	1.04528
129	106	0.924207
129	114	1.02469
129	115	1.08717
129	116	1.0006
129	120	0.99274
129	123	0.950186
129	124	0.961845
129	127	1.13206
129	136	0.965066
129	147	0.909259
129	156	0.975394
129	158	0.974016
129	161	0.993733
129	164	1.01864
129	172	1.01463
129	175	0.990684
129	176	0.983128
129	177	0.950374
129	178	1.03412
129	180	0.987318
130	1	0.982041
130	21	0.948393
130	24	0.949104
130	25	1.06916
130	27	1.05124
130	34	0.940759
130	58	1.09908
130	63	0.981322
130	65	1.14817
130	87	0.974972
130	109	1.01739
130	116	1.06659
130	119	1.02309
130	132	1.05152
130	137	1.06358
130	142	1.02118
130	149	1.05254
130	154	0.986681
130	159	0.88878
130	160	1.00708
130	167	0.927848
130	168	0.947874
130	171	1.02984
130	172	0.93089
130	173	0.982637
130	174	0.957665
130	176	1.03448
130	177	0.920771
130	180	0.957715
131	16	1.00082
131	29	0.952111
131	37	0.96441
131	39	0.978705
131	48	1.02572
131	55	1.0954
131	56	1.02283
131	59	0.936428
131	68	1.05689
131	69	1.05468
131	71	0.94136
131	72	0.932401
131	89	1.03563
131	92	1.02532
131	97	0.981237
131	118	1.02315
131	126	1.0341
131	133	0.990308
131	140	1.07706
131	145	1.03164
131	147	1.04224
131	154	0.975886
131	157	0.964204
131	158	0.933618
131	163	0.977491
131	172	0.920096
131	175	1.02351
131	177	1.06283
131	180	0.94692
132	12	0.976511
132	21	0.948932
132	25	1.0697
132	34	0.941298
132	58	1.09962
132	80	0.896171
132	87	0.975511
132	108	1.01313
132	109	1.01793
132	113	1.00332
132	116	1.06712
132	119	1.02363
132	130	1.05152
132	134	1.04923
132	137	1.06412
132	142	1.02172
132	147	0.892017
132	149	1.05308
132	154	0.999042
132	155	1.00207
132	157	0.98736
132	160	1.00762
132	162	0.997436
132	168	0.960236
132	170	0.942775
132	173	0.994999
132	174	0.970026
132	176	1.03502
132	178	0.949208
133	16	0.942754
133	17	1.10962
133	20	0.983182
133	23	0.932036
133	29	0.894045
133	37	0.906344
133	48	0.967653
133	55	1.03734
133	68	0.998822
133	69	0.996611
133	85	0.966297
133	89	0.977568
133	92	0.967257
133	97	0.92317
133	104	0.930056
133	113	1.09805
133	118	0.965084
133	126	0.976031
133	131	0.990308
133	142	1.08111
133	145	0.973571
133	161	1.07012
133	165	1.05046
133	166	1.07612
133	169	1.10633
133	172	1.03799
133	175	0.965445
133	177	1.00476
133	179	1.08152
134	19	0.916669
134	20	0.883412
134	49	0.968879
134	62	1.10248
134	66	1.10051
134	87	0.972677
134	100	0.990903
134	107	0.889828
134	109	1.0151
134	112	0.992401
134	115	0.973758
134	117	1.01031
134	120	0.992679
134	125	0.900298
134	126	0.94169
134	132	1.04923
134	135	1.05283
134	137	1.06129
134	144	1.02281
134	149	1.05025
134	154	1.01904
134	160	1.00479
134	164	0.937386
134	167	1.05347
134	174	1.0239
134	175	0.953424
134	178	1.06596
134	179	1.01979
134	180	1.0318
135	1	0.922101
135	14	0.984928
135	37	1.10052
135	40	0.949764
135	42	0.80984
135	53	0.990013
135	74	0.967362
135	92	0.915588
135	93	1.0234
135	112	0.976506
135	121	1.02549
135	122	1.06864
135	128	0.978775
135	134	1.05283
135	140	1.02792
135	141	1.04087
135	148	1.03572
135	155	1.01308
135	158	1.04007
135	159	1.06039
135	160	0.9684
135	163	1.02268
135	164	0.916415
135	165	1.04012
135	166	1.01299
135	167	1.05991
135	169	1.02293
135	173	1.02229
135	174	1.03034
135	178	0.876907
135	180	1.03824
136	33	1.02404
136	36	1.02363
136	46	0.972816
136	47	0.980076
136	63	1.00542
136	67	0.911999
136	80	1.0694
136	84	0.927314
136	106	0.906553
136	111	0.939118
136	114	1.00703
136	120	0.975086
136	124	0.944191
136	129	0.965066
136	141	1.02246
136	147	0.976791
136	148	1.03904
136	156	0.95774
136	157	1.07213
136	159	0.985915
136	161	0.976079
136	164	1.00099
136	167	1.02498
136	168	1.04501
136	170	1.02755
136	171	1.09751
136	172	0.996979
136	174	1.0548
136	176	1.05066
136	177	1.01791
136	178	1.01647
137	8	0.915725
137	25	1.08176
137	34	0.953356
137	39	0.981048
137	53	0.99847
137	58	1.11168
137	77	0.972698
137	87	0.987569
137	109	1.02999
137	116	1.07918
137	119	1.03569
137	130	1.06358
137	132	1.06412
137	134	1.06129
137	142	1.03377
137	143	0.938643
137	149	1.06514
137	152	0.965953
137	154	0.97823
137	159	0.880328
137	160	1.01968
137	162	1.00949
137	163	0.979834
137	166	0.960569
137	167	0.919396
137	169	0.990787
137	171	1.04243
137	175	0.983941
137	176	1.04708
137	177	0.912319
137	180	0.949263
138	15	1.03675
138	16	1.09245
138	31	0.909969
138	44	1.02511
138	61	0.904654
138	62	0.913196
138	66	0.907586
138	73	0.879686
138	76	0.950291
138	82	1.07496
138	90	0.988777
138	99	0.953778
138	100	1.06934
138	101	1.02765
138	107	1.0528
138	124	1.09004
138	139	1.08003
138	145	1.03498
138	149	1.02777
138	157	0.968087
138	160	0.964429
138	167	1.01312
138	168	0.985167
138	169	0.976138
138	171	1.04061
138	173	0.975501
138	175	1.03263
138	177	1.02148
138	178	1.0256
138	179	0.979434
138	180	0.991444
139	5	1.00753
139	30	1.03679
139	32	1.02659
139	44	0.981191
139	49	0.976079
139	54	1.03866
139	70	0.990763
139	77	0.945442
139	86	0.921248
139	93	1.01476
139	96	0.930386
139	98	0.935098
139	102	1.01863
139	108	1.07942
139	117	0.920429
139	122	1.01796
139	125	1.00542
139	138	1.08003
139	140	0.918259
139	146	0.988683
139	157	1.05365
139	158	1.02306
139	161	0.969532
139	162	1.08518
139	170	0.981668
139	171	0.971501
139	174	1.03631
139	175	0.966483
139	177	0.999417
139	179	1.05307
139	180	1.03636
140	5	0.991469
140	15	0.931603
140	30	1.02073
140	32	1.01054
140	44	0.965134
140	49	0.960022
140	54	1.02261
140	70	0.974706
140	77	0.929385
140	86	0.905191
