1	49	1.35411
1	120	0.923497
1	127	0.946806
1	128	0.930193
1	131	0.912854
1	138	1.66615
1	149	1.64356
1	150	0.938913
1	151	0.927243
1	162	1.9992
1	167	0.804652
1	176	0.807895
2	34	0.915561
2	42	0.908876
2	55	0.946026
2	56	0.926369
2	130	0.937949
2	155	1.61236
2	158	1.27191
2	160	0.812018
2	173	1.90668
2	174	0.803409
2	177	0.959028
2	178	1.95756
3	11	0.889457
3	68	0.93616
3	93	0.930896
3	99	0.921985
3	103	0.963289
3	108	1.14233
3	130	0.958001
3	155	0.882571
3	160	0.832071
3	167	0.817619
3	174	2.33242
3	180	2.29935
4	12	1.0713
4	21	0.887393
4	38	0.845723
4	51	0.813046
4	58	0.897972
4	80	1.30202
4	86	0.962695
4	95	0.869104
4	100	0.855849
4	114	1.58309
4	130	1.86818
4	154	1.92009
5	20	0.888957
5	38	0.879754
5	44	0.858255
5	53	0.915385
5	57	0.940097
5	79	0.919869
5	95	0.903135
5	100	0.889879
5	114	0.664635
5	162	1.29659
5	164	2.64847
5	175	2.12605
6	24	0.945682
6	25	0.940421
6	42	0.912302
6	46	0.866447
6	47	0.88494
6	113	0.960768
6	152	1.45216
6	160	0.815444
6	174	0.806835
6	175	2.17203
6	177	0.962455
6	179	2.26097
7	27	0.984288
7	35	0.919171
7	86	0.680617
7	166	0.925019
7	168	0.923917
7	171	0.896401
7	173	0.911189
7	175	0.880405
7	177	0.347697
7	178	0.906904
7	179	0.877741
7	180	0.886268
8	33	0.97033
8	43	0.927975
8	50	0.929687
8	63	0.870221
8	64	0.872599
8	65	0.957658
8	116	1.03125
8	154	0.911297
8	155	1.45333
8	171	1.99858
8	174	0.776896
8	176	2.28632
9	27	0.847817
9	60	0.837769
9	67	0.830719
9	70	0.888299
9	99	0.803131
9	103	0.844435
9	105	2.02631
9	142	1.96352
9	155	0.763717
9	160	0.713217
9	162	2.25613
9	167	0.698765
10	13	0.968639
10	41	0.896696
10	52	0.962881
10	69	0.955687
10	72	0.87443
10	74	1.18632
10	75	0.954516
10	91	1.6624
10	101	1.15282
10	153	0.80865
10	175	2.67809
10	176	0.799328
11	3	0.889457
11	27	0.832645
11	54	1.67138
11	60	0.822596
11	67	0.815547
11	70	0.873127
11	97	2.30379
11	99	0.787958
11	103	0.829263
11	154	2.2207
11	160	0.698044
11	167	0.683592
12	4	1.0713
12	20	1.01702
12	51	0.975136
12	53	1.04344
12	79	1.04793
12	95	1.03119
12	100	1.01794
12	119	1.11139
12	148	1.25308
12	152	1.68667
12	154	1.28213
12	166	1.88613
13	10	0.968639
13	28	0.924307
13	32	0.99857
13	69	0.943911
13	72	0.862654
13	75	0.94274
13	91	1.53559
13	93	1.02341
13	153	0.796874
13	168	1.97796
13	170	2.12181
13	176	0.787551
14	92	1.67049
14	106	0.890667
14	120	0.893954
14	122	1.25381
14	127	0.917263
14	132	0.89272
14	133	1.99819
14	135	0.895627
14	146	1.75507
14	147	0.903201
14	150	0.909369
14	151	0.8977
15	54	0.95555
15	98	0.889244
15	110	0.90442
15	125	0.883506
15	128	0.90515
15	135	0.900128
15	143	1.26763
15	147	0.907701
15	150	0.91387
15	151	0.9022
15	162	1.79983
15	179	2.71823
16	111	0.882252
16	126	0.913635
16	128	0.89341
16	133	1.48643
16	137	0.892369
16	145	1.55189
16	147	0.895961
16	150	0.902129
16	151	0.89046
16	158	1.04608
16	164	2.65199
16	177	0.929331
17	33	0.982238
17	39	0.882745
17	43	0.939883
17	50	0.941595
17	62	0.773733
17	63	0.882129
17	64	0.884507
17	141	1.33935
17	154	0.923206
17	160	2.51228
17	165	2.07563
17	174	0.788804
18	84	0.886034
18	87	0.864661
18	94	0.880886
18	96	0.89017
18	115	0.845033
18	136	0.881105
18	139	0.867389
18	148	1.47378
18	149	1.44214
18	153	0.771516
18	159	1.58031
18	175	2.62724
18	177	0.920413
19	62	0.908566
19	71	0.808214
19	80	1.28336
19	87	0.741007
19	107	0.759633
19	115	0.72138
19	123	0.789727
19	136	0.757451
19	139	0.743736
19	144	0.763249
19	152	2.30598
19	175	3.02584
19	177	0.796759
20	5	0.888957
20	12	1.01702
20	22	0.852983
20	40	0.923354
20	53	0.827072
20	57	0.851785
20	79	0.831556
20	98	0.815834
20	100	0.801567
20	130	1.18921
20	162	1.53608
20	178	1.9677
20	179	2.45448
21	4	0.887393
21	22	0.88545
21	40	0.955822
21	46	1.68197
21	51	0.791232
21	53	0.85954
21	57	0.884252
21	79	0.864024
21	95	0.84729
21	100	0.834034
21	112	1.80551
21	116	1.82243
21	130	1.81123
22	20	0.852983
22	21	0.88545
22	38	0.84378
22	51	0.811103
22	57	0.904123
22	58	0.896029
22	79	0.883895
22	91	1.69325
22	95	0.867161
22	100	0.853906
22	133	2.06581
22	143	1.34729
22	155	1.96591
23	106	0.870181
23	126	0.900388
23	131	0.862824
23	135	0.875141
23	137	0.879122
23	146	1.56589
23	147	0.882714
23	150	0.888882
23	151	0.877213
23	157	1.28848
23	169	2.20994
23	176	0.757865
23	178	2.05432
24	6	0.945682
24	34	0.874439
24	47	0.840391
24	55	0.904904
24	56	0.885247
24	113	0.916219
24	138	1.42385
24	142	1.46429
24	149	1.40126
24	160	0.770896
24	167	2.85403
24	174	0.762287
24	177	0.917906
25	6	0.940421
25	34	0.869177
25	47	0.83513
25	55	0.899642
25	56	0.879985
25	86	0.953397
25	155	1.47699
25	160	0.765634
25	162	1.39057
25	167	2.4877
25	170	1.79056
25	174	0.757025
25	177	0.912645
26	46	0.856869
26	119	1.13466
26	126	0.897045
26	131	0.859481
26	132	0.86889
26	147	0.879371
26	148	1.27635
26	150	0.885539
26	151	0.87387
26	167	0.751278
26	171	2.23202
26	177	0.91274
26	179	2.51876
27	7	0.984288
27	9	0.847817
27	11	0.832645
27	37	0.983487
27	70	0.95034
27	93	1.24044
27	99	0.865172
27	103	0.906476
27	144	0.888758
27	145	2.19064
27	160	0.775258
27	167	0.760806
27	168	2.195
28	13	0.924307
28	32	0.966014
28	41	0.852364
28	52	0.918549
28	69	0.911355
28	72	0.830097
28	75	0.910184
28	92	1.6926
28	102	1.84629
28	130	1.48712
28	153	0.764318
28	168	2.09012
28	176	0.754995
29	77	0.833337
29	78	0.833381
29	81	0.893806
29	84	0.867784
29	123	0.89513
29	130	1.34427
29	136	0.862854
29	139	0.849139
29	142	1.39852
29	152	1.80073
29	154	0.880944
29	176	2.61055
29	177	0.902162
30	58	1.25198
30	67	1.72556
30	124	1.19113
30	148	0.851474
30	159	0.858758
30	164	0.729534
30	170	0.76514
30	171	0.746475
30	172	0.741556
30	173	0.761263
30	175	0.730479
30	178	0.756978
30	179	0.727815
30	180	0.736342
31	59	1.69872
31	89	0.831134
31	106	0.8432
31	117	0.871754
31	120	0.846486
31	125	0.831538
31	135	0.84816
31	150	0.861902
31	151	0.850232
31	164	2.53723
31	167	0.727641
31	169	1.77259
31	170	1.58533
31	177	0.889103
32	13	0.99857
32	28	0.966014
32	41	0.926627
32	52	0.992811
32	69	0.985617
32	72	0.90436
32	75	0.984447
32	97	1.64089
32	133	2.03906
32	134	1.17313
32	142	1.56013
32	153	0.838581
32	157	1.51853
32	176	0.829258
33	8	0.97033
33	17	0.982238
33	39	0.910814
33	43	0.967952
33	63	0.910198
33	64	0.912576
33	65	0.997635
33	102	1.06818
33	104	3.04263
33	154	0.951274
33	159	0.838397
33	169	1.64312
33	174	0.816873
33	178	1.4875
34	2	0.915561
34	24	0.874439
34	25	0.869177
34	42	0.841059
34	47	0.813696
34	55	0.878208
34	56	0.858552
34	148	1.75145
34	156	2.17083
34	157	1.74123
34	159	1.85797
34	160	0.7442
34	174	0.735591
34	177	0.891211
35	7	0.919171
35	117	0.874055
35	125	0.833839
35	131	0.838145
35	132	0.847555
35	142	1.58114
35	147	0.858035
35	150	0.864203
35	151	0.852534
35	155	0.794895
35	173	2.25449
35	176	0.733185
35	177	0.891405
35	178	2.30537
36	107	1.04875
36	126	1.06453
36	147	0.95438
36	158	0.946422
36	163	0.881004
36	165	0.852579
36	170	0.836568
36	171	0.817902
36	173	0.832691
36	175	0.801907
36	177	0.615788
36	178	0.828405
36	179	0.799242
36	180	0.80777
37	27	0.983487
37	60	0.973439
37	67	0.966389
37	73	1.00911
37	99	0.938801
37	103	0.980106
37	152	1.39884
37	153	2.09354
37	154	0.994292
37	155	0.899388
37	160	0.848887
37	165	1.58181
37	167	0.834435
37	180	1.95927
38	4	0.845723
38	5	0.879754
38	22	0.84378
38	40	0.914152
38	53	0.81787
38	57	0.842582
38	58	0.834487
38	79	0.822354
38	95	0.80562
38	100	0.792364
38	114	1.70317
38	129	1.91989
38	140	1.79403
38	159	2.11765
39	17	0.882745
39	33	0.910814
39	43	0.86846
39	50	0.870172
39	62	0.961672
39	63	0.810705
39	64	0.813084
39	65	0.898142
39	97	0.783865
39	121	2.06309
39	154	0.851782
39	156	2.06639
39	174	0.717381
39	178	2.40263
40	20	0.923354
40	21	0.955822
40	38	0.914152
40	51	0.881474
40	53	0.949783
40	58	0.9664
40	95	0.937533
40	98	0.938544
40	100	0.924277
40	140	0.758449
40	153	2.10385
40	155	1.38596
40	165	1.59211
40	179	2.21795
41	10	0.896696
41	28	0.852364
41	32	0.926627
41	52	0.879162
41	69	0.871968
41	72	0.79071
41	75	0.870797
41	119	1.60753
41	124	0.891499
41	141	1.6295
41	143	1.54102
41	153	0.724931
41	176	0.715608
41	180	2.74325
42	2	0.908876
42	6	0.912302
42	34	0.841059
42	47	0.807011
42	55	0.871524
42	56	0.851867
42	130	0.863447
42	148	1.215
42	152	1.64859
42	160	0.737516
42	172	2.22886
42	174	0.728907
42	176	2.45841
42	177	0.884526
43	8	0.927975
43	17	0.939883
43	33	0.967952
43	39	0.86846
43	50	0.92731
43	63	0.867843
43	64	0.870221
43	65	0.95528
43	109	1.01703
43	114	0.972554
43	154	0.90892
43	162	1.60451
43	174	0.774518
43	176	2.52392
43	180	2.27454
44	5	0.858255
44	47	1.68231
44	78	0.768179
44	89	1.58486
44	95	0.784121
44	100	0.770866
44	107	0.799834
44	120	1.34675
44	136	0.797652
44	139	0.783936
44	164	0.676359
44	173	0.708088
44	178	0.703803
44	179	0.67464
44	180	0.683167
45	106	0.895743
45	116	1.25547
45	120	0.89903
45	125	0.884081
45	131	0.888386
45	132	0.897796
45	134	0.911513
45	135	0.900703
45	137	0.904685
45	147	0.908277
45	150	0.914445
45	151	0.902775
45	158	1.3371
45	175	2.42059
45	179	2.50954
46	6	0.866447
46	21	1.68197
46	26	0.856869
46	53	1.54165
46	82	0.864435
46	100	0.952377
46	123	0.871775
46	139	0.825784
46	147	0.845437
46	150	0.851606
46	152	0.807154
46	177	0.878807
46	178	0.74565
46	179	0.716487
46	180	0.725014
47	6	0.88494
47	24	0.840391
47	25	0.83513
47	34	0.813696
47	42	0.807011
47	44	1.68231
47	55	0.844161
47	113	0.855476
47	116	1.70465
47	130	0.836084
47	141	1.59659
47	160	0.710153
47	174	0.701544
47	177	0.857163
47	178	2.47193
48	76	1.5887
48	127	1.59567
48	145	0.785179
48	161	0.764904
48	162	0.805294
48	165	0.767017
48	166	0.760958
48	170	0.751006
48	172	0.727422
48	173	0.747128
48	175	0.716344
48	177	1.32049
48	178	0.742843
48	179	0.71368
48	180	0.722207
49	1	1.35411
49	66	0.985259
49	88	1.0175
49	89	1.29777
49	158	0.933691
49	164	0.78823
49	165	0.839848
49	169	0.811816
49	170	0.823837
49	172	0.800253
49	173	0.81996
49	175	0.789175
49	178	0.815674
49	179	0.786511
49	180	0.795038
50	8	0.929687
50	17	0.941595
50	39	0.870172
50	43	0.92731
50	63	0.869555
50	64	0.871934
50	65	0.956992
50	90	0.88058
50	124	0.949522
50	153	1.91674
50	154	0.910632
50	164	2.46432
50	171	1.74411
50	173	1.49318
50	174	0.776231
51	4	0.813046
51	12	0.975136
51	21	0.791232
51	22	0.811103
51	40	0.881474
51	53	0.785192
51	57	0.809905
51	58	0.80181
51	79	0.789676
51	95	0.772942
51	100	0.759687
51	112	1.36532
51	156	1.81329
51	170	2.11789
51	176	2.63732
52	10	0.962881
52	28	0.918549
52	32	0.992811
52	41	0.879162
52	69	0.938152
52	72	0.856895
52	75	0.936982
52	101	0.576604
52	124	0.957684
52	153	0.791116
52	167	2.36955
52	168	1.52856
52	172	1.96229
52	176	0.781793
52	180	1.94246
53	5	0.915385
53	12	1.04344
53	20	0.827072
53	21	0.85954
53	38	0.81787
53	40	0.949783
53	46	1.54165
53	51	0.785192
53	58	0.870118
53	79	0.857985
53	95	0.841251
53	100	0.827995
53	101	1.32195
53	114	1.38581
53	148	1.69377
53	161	2.35334
54	11	1.67138
54	15	0.95555
54	83	0.721407
54	147	0.79659
54	151	0.8002
54	162	0.931009
54	163	0.921157
54	168	0.885572
54	169	0.8647
54	170	0.876722
54	172	0.853138
54	173	0.872844
54	175	0.84206
54	178	0.868559
54	179	0.839396
54	180	0.847923
55	2	0.946026
55	24	0.904904
55	25	0.899642
55	34	0.878208
55	42	0.871524
55	47	0.844161
55	56	0.889016
55	82	1.3238
55	129	1.28145
55	130	0.900596
55	160	0.774665
55	165	1.98925
55	173	2.07743
55	174	0.766056
55	177	0.921676
55	178	2.12831
56	2	0.926369
56	24	0.885247
56	25	0.879985
56	34	0.858552
56	42	0.851867
56	55	0.889016
56	80	0.939221
56	86	0.942772
56	146	1.63386
56	148	1.36666
56	158	1.43663
56	160	0.755009
56	166	1.99971
56	172	2.38052
56	174	0.7464
56	177	0.902019
57	5	0.940097
57	20	0.851785
57	21	0.884252
57	22	0.904123
57	38	0.842582
57	51	0.809905
57	58	0.894831
57	79	0.882697
57	95	0.865963
57	98	0.866975
57	100	0.852707
57	143	0.928738
57	154	1.16599
57	160	2.19015
57	174	2.16404
57	176	2.38035
58	4	0.897972
58	22	0.896029
58	30	1.25198
58	38	0.834487
58	40	0.9664
58	51	0.80181
58	53	0.870118
58	57	0.894831
58	79	0.874602
58	95	0.857868
58	98	0.85888
58	100	0.844613
58	149	1.13627
58	153	2.29622
58	168	1.74805
58	170	1.8919
59	31	1.69872
59	91	0.786749
59	123	1.90359
59	145	0.76968
59	150	1.80076
59	152	0.788848
59	161	0.749404
59	165	0.751517
59	168	0.744356
59	170	0.735506
59	172	0.711922
59	173	0.731629
59	175	0.700845
59	178	0.727343
59	179	0.698181
59	180	0.706708
60	9	0.837769
60	11	0.822596
60	37	0.973439
60	67	0.882712
60	68	0.869299
60	70	0.940292
60	99	0.855124
60	103	0.896428
60	113	0.910533
60	130	0.891141
60	141	0.940718
60	166	1.69349
60	167	0.750758
60	174	2.08754
60	176	2.30385
60	178	1.81606
61	72	0.887506
61	76	0.893631
61	82	1.05713
61	85	0.933223
61	102	1.44233
61	118	1.52234
61	123	0.963591
61	131	0.917363
61	136	0.931316
61	139	0.9176
61	151	0.931752
61	153	0.821727
61	172	2.11989
61	175	2.25948
61	176	0.812404
62	17	0.773733
62	19	0.908566
62	39	0.961672
62	79	0.698651
62	98	0.910363
62	106	0.843641
62	115	0.971106
62	139	0.993462
62	171	0.902826
62	174	0.890866
62	177	1.04649
62	178	0.913328
62	179	0.884165
62	180	0.892693
63	8	0.870221
63	17	0.882129
63	33	0.910198
63	39	0.810705
63	43	0.867843
63	50	0.869555
63	64	0.812467
63	65	0.897526
63	90	1.95668
63	98	0.820556
63	122	1.63047
63	124	0.890055
63	134	1.50892
63	148	1.86454
63	154	0.851166
63	155	2.27496
63	174	0.716764
64	8	0.872599
64	17	0.884507
64	33	0.912576
64	39	0.813084
64	43	0.870221
64	50	0.871934
64	63	0.812467
64	65	0.899904
64	97	0.785627
64	124	0.892433
64	130	1.0602
64	152	1.51666
64	154	0.853544
64	171	2.03873
64	174	0.719142
64	176	2.32648
64	179	2.32547
65	8	0.957658
65	33	0.997635
65	39	0.898142
65	43	0.95528
65	50	0.956992
65	63	0.897526
65	64	0.899904
65	98	0.907993
65	105	1.61556
65	124	0.977492
65	130	1.49851
65	143	1.31317
65	146	1.78857
65	154	0.938602
65	155	1.93179
65	157	1.51116
65	174	0.804201
66	49	0.985259
66	77	0.812954
66	80	0.717326
66	84	0.847402
66	88	0.89397
66	94	0.842253
66	97	0.792645
66	107	0.844654
66	121	1.72243
66	123	0.874748
66	124	0.899452
66	136	0.842472
66	139	0.828756
66	144	0.84827
66	164	2.98223
66	177	0.88178
66	180	2.30038
67	9	0.830719
67	11	0.815547
67	30	1.72556
67	37	0.966389
67	60	0.882712
67	68	0.862249
67	73	0.918383
67	99	0.848074
67	103	0.889378
67	109	1.37801
67	112	1.61291
67	113	0.903483
67	155	0.808661
67	157	1.63127
67	160	0.75816
67	167	0.743708
67	173	2.34623
68	3	0.93616
68	60	0.869299
68	67	0.862249
68	70	0.919829
68	73	0.90497
68	99	0.834661
68	103	0.875965
68	113	0.89007
68	129	1.09235
68	144	0.858247
68	146	1.45079
68	155	0.795247
68	160	0.744747
68	161	1.84316
68	167	0.730295
68	176	2.427
68	179	2.42599
69	10	0.955687
69	13	0.943911
69	28	0.911355
69	32	0.985617
69	41	0.871968
69	52	0.938152
69	72	0.849701
69	75	0.929788
69	90	0.907968
69	105	1.50028
69	124	0.95049
69	141	1.28637
69	153	0.783922
69	154	1.43515
69	157	1.39588
69	166	2.03914
69	172	2.41996
69	176	0.774599
70	9	0.888299
70	11	0.873127
70	27	0.95034
70	60	0.940292
70	68	0.919829
70	73	0.975963
70	99	0.905654
70	101	0.924767
70	103	0.946959
70	112	1.26801
70	114	0.988632
70	144	0.929241
70	155	0.866241
70	160	0.81574
70	167	0.801288
70	170	2.02057
70	174	2.32368
70	176	2.54
71	19	0.808214
71	76	0.86914
71	84	0.911754
71	87	0.890381
71	94	0.906606
71	107	0.909007
71	115	0.870753
71	122	1.06664
71	123	0.9391
71	124	0.963804
71	129	1.20946
71	136	0.906825
71	139	0.893109
71	146	1.5679
71	161	1.96027
71	163	1.57538
71	167	2.72182
71	177	0.946133
72	10	0.87443
72	13	0.862654
72	28	0.830097
72	32	0.90436
72	41	0.79071
72	52	0.856895
72	61	0.887506
72	69	0.849701
72	75	0.848531
72	90	0.826711
72	101	1.4067
72	118	2.19483
72	124	0.869233
72	138	1.76947
72	149	1.74687
72	153	0.702665
72	173	2.48326
72	176	0.693342
73	37	1.00911
73	67	0.918383
73	68	0.90497
73	70	0.975963
73	90	1.29989
73	91	0.874139
73	99	0.890795
73	102	1.54406
73	103	0.932099
73	130	0.926811
73	144	0.914381
73	149	1.17611
73	154	1.2368
73	155	0.851381
73	160	0.80088
73	167	0.786429
73	176	2.45116
73	179	2.45016
74	10	1.18632
74	95	0.773813
74	106	1.19066
74	126	1.0887
74	139	1.01766
74	149	0.914758
74	152	0.881665
74	162	0.882611
74	166	0.838275
74	169	0.816302
74	170	0.828323
74	171	0.809657
74	172	0.804739
74	173	0.824446
74	175	0.793661
74	178	0.82016
74	179	0.790997
74	180	0.799524
75	10	0.954516
75	13	0.94274
75	28	0.910184
75	32	0.984447
75	41	0.870797
75	52	0.936982
75	69	0.929788
75	72	0.848531
75	90	0.906798
75	104	3.15575
75	116	0.833339
75	124	0.949319
75	145	1.42078
75	153	0.782751
75	154	0.874049
75	167	2.26612
75	176	0.773428
75	178	1.60062
76	48	1.5887
76	61	0.893631
76	71	0.86914
76	81	0.849329
76	84	0.823307
76	87	0.801934
76	90	1.33862
76	94	0.818159
76	96	0.827443
76	107	0.820559
76	115	0.782306
76	123	0.850653
76	136	0.818378
76	139	0.804662
76	161	1.90605
76	165	1.86305
76	177	0.857686
76	179	2.48889
77	29	0.833337
77	66	0.812954
77	78	0.797072
77	81	0.857496
77	84	0.831474
77	88	0.878043
77	94	0.826326
77	96	0.83561
77	115	0.790473
77	123	0.85882
77	129	1.43443
77	136	0.826545
77	139	0.812829
77	145	2.10145
77	149	1.49403
77	166	2.15872
77	169	2.43692
77	177	0.865853
78	29	0.833381
78	44	0.768179
78	77	0.797072
78	84	0.831519
78	90	1.54979
78	97	0.776762
78	107	0.828771
78	115	0.790518
78	123	0.858865
78	136	0.826589
78	139	0.812874
78	144	0.832387
78	153	0.717001
78	154	0.844679
78	155	1.86807
78	168	2.03778
78	170	2.18164
78	171	2.41332
78	177	0.865897
79	5	0.919869
79	12	1.04793
79	20	0.831556
79	21	0.864024
79	22	0.883895
79	38	0.822354
79	51	0.789676
79	53	0.857985
79	57	0.882697
79	58	0.874602
79	62	0.698651
79	86	0.939326
79	92	1.5666
79	95	0.845735
79	100	0.832479
79	112	1.35541
79	121	1.80007
79	160	2.4372
79	178	2.13961
80	4	1.30202
80	19	1.28336
80	56	0.939221
80	66	0.717326
80	87	0.866132
80	94	0.856997
80	96	1.16021
80	132	0.92803
80	147	0.93851
80	150	0.944678
80	151	0.933009
80	160	0.824869
80	171	0.82822
80	172	0.823301
80	174	0.81626
80	175	0.812224
80	177	0.97188
80	179	0.80956
80	180	0.818087
81	29	0.893806
81	76	0.849329
81	77	0.857496
81	94	0.886795
81	96	0.896079
81	107	0.889196
81	115	0.850942
81	136	0.887014
81	139	0.873298
81	144	0.892812
81	146	1.46768
81	153	0.777425
81	154	0.905104
81	159	1.307
81	163	1.47515
81	171	2.15615
81	172	2.21434
81	173	1.90522
81	177	0.926322
82	46	0.864435
82	55	1.3238
82	61	1.05713
82	83	1.19279
82	96	1.70034
82	139	1.30709
82	157	0.889665
82	163	0.839747
82	165	0.811323
82	166	0.805264
82	168	0.804162
82	169	0.78329
82	170	0.795312
82	171	0.776646
82	173	0.791434
82	174	0.764687
82	175	0.76065
82	178	0.787149
82	179	0.757986
82	180	0.766513
83	54	0.721407
83	82	1.19279
83	85	0.869095
83	89	0.848526
83	106	0.860592
83	110	0.869844
83	127	0.887188
83	128	0.870574
83	131	0.853236
83	137	0.869534
83	145	1.81746
83	147	0.873126
83	150	0.879294
83	151	0.867625
83	155	0.809986
83	170	1.96567
83	176	0.748276
83	177	0.906496
83	178	1.99731
83	180	2.23572
84	18	0.886034
84	29	0.867784
84	66	0.847402
84	71	0.911754
84	76	0.823307
84	77	0.831474
84	78	0.831519
84	88	0.91249
84	90	1.77444
84	91	0.826548
84	96	0.870057
84	107	0.863174
84	115	0.82492
84	119	1.54061
84	136	0.860992
84	138	1.67325
84	139	0.847276
84	140	1.4652
84	159	1.78882
84	174	2.7094
85	61	0.933223
85	83	0.869095
85	89	0.839308
85	117	0.879928
85	120	0.854661
85	122	1.30259
85	125	0.839712
85	126	0.881582
85	127	0.87797
85	137	0.860316
85	150	0.870076
85	151	0.858406
85	153	2.66496
85	154	1.56571
85	155	0.800768
85	157	1.52644
85	159	1.64318
85	161	2.19623
85	176	0.739058
85	177	0.897277
86	4	0.962695
86	7	0.680617
86	25	0.953397
86	56	0.942772
86	79	0.939326
86	95	0.922592
86	100	0.909337
86	115	0.900051
86	123	0.968398
86	129	1.21995
86	136	0.936123
86	139	0.922407
86	142	1.34258
86	158	1.38116
86	160	0.82842
86	168	1.89133
86	174	0.819811
86	177	0.975431
86	178	2.06682
86	180	2.30523
87	18	0.864661
87	19	0.741007
87	71	0.890381
87	76	0.801934
87	80	0.866132
87	88	0.891117
87	94	0.8394
87	96	0.848684
87	97	0.789791
87	115	0.803547
87	123	0.871894
87	136	0.839618
87	139	0.825903
87	142	1.48654
87	144	0.845417
87	154	0.857708
87	155	1.86557
87	166	2.0882
87	168	2.03529
87	172	2.46902
87	177	0.878926
88	49	1.0175
88	66	0.89397
88	77	0.878043
88	84	0.91249
88	87	0.891117
88	94	0.907342
88	96	0.916626
88	97	0.857733
88	107	0.909743
88	118	1.7549
88	119	1.1969
88	123	0.939836
88	136	0.907561
88	139	0.893845
88	152	1.77218
88	153	0.797972
88	154	0.925651
88	155	1.749
88	156	1.75797
88	170	2.06257
88	177	0.946869
89	31	0.831134
89	44	1.58486
89	49	1.29777
89	83	0.848526
89	85	0.839308
89	97	1.731
89	106	0.830805
89	110	0.840057
89	111	0.82963
89	125	0.819143
89	126	0.861013
89	132	0.832859
89	133	2.12918
89	135	0.835766
89	137	0.839747
89	147	0.843339
89	148	1.61886
89	150	0.849507
89	151	0.837838
89	163	1.89354
89	177	0.876709
90	50	0.88058
90	63	1.95668
90	69	0.907968
90	72	0.826711
90	73	1.29989
90	75	0.906798
90	76	1.33862
90	78	1.54979
90	84	1.77444
90	117	0.892478
90	132	0.865978
90	142	0.86839
90	147	0.876458
90	150	0.882627
90	151	0.870957
90	153	0.760932
90	172	0.76125
90	175	0.750172
90	176	0.751609
90	178	0.776671
90	179	0.747508
90	180	0.756035
91	10	1.6624
91	13	1.53559
91	22	1.69325
91	59	0.786749
91	73	0.874139
91	84	0.826548
91	99	0.80383
91	127	1.39122
91	136	0.821619
91	137	1.53428
91	139	0.807903
91	144	0.827417
91	154	0.839709
91	156	0.776246
91	160	0.713916
91	167	0.699464
91	171	0.717267
91	175	0.701271
91	177	0.860927
91	178	0.727769
91	179	0.698606
91	180	0.707134
92	14	1.67049
92	28	1.6926
92	79	1.5666
92	99	1.63542
92	105	0.842913
92	123	1.24882
92	156	0.805684
92	157	0.859724
92	159	0.858988
92	162	0.819658
92	164	0.729764
92	165	0.781382
92	168	0.774221
92	169	0.753349
92	170	0.765371
92	171	0.746705
92	172	0.741787
92	173	0.761493
92	175	0.730709
92	178	0.757208
92	179	0.728045
92	180	0.736572
93	3	0.930896
93	13	1.02341
93	27	1.24044
93	94	1.07159
93	131	1.28217
93	135	1.13802
93	145	0.886134
93	148	0.938294
93	149	0.938395
93	157	0.946313
93	163	0.896396
93	164	0.816353
93	165	0.867971
93	166	0.861912
93	169	0.839939
93	171	0.833295
93	172	0.828376
93	173	0.848083
93	175	0.817299
93	177	0.603852
93	178	0.843797
93	179	0.814634
93	180	0.823162
94	18	0.880886
94	66	0.842253
94	71	0.906606
94	76	0.818159
94	77	0.826326
94	80	0.856997
94	81	0.886795
94	87	0.8394
94	88	0.907342
94	93	1.07159
94	96	0.864909
94	107	0.858025
94	115	0.819772
94	123	0.888119
94	134	1.0904
94	136	0.855844
94	138	1.43696
94	139	0.842128
94	144	0.861642
94	155	1.85643
94	167	2.86714
94	177	0.895151
94	180	2.44005
95	4	0.869104
95	5	0.903135
95	12	1.03119
95	21	0.84729
95	22	0.867161
95	38	0.80562
95	40	0.937533
95	44	0.784121
95	51	0.772942
95	53	0.841251
95	57	0.865963
95	58	0.857868
95	74	0.773813
95	79	0.845735
95	86	0.922592
95	98	0.830012
95	100	0.815745
95	142	1.14352
95	143	0.903926
95	164	2.78801
95	167	2.53325
95	178	1.86775
95	180	2.10616
96	18	0.89017
96	76	0.827443
96	77	0.83561
96	80	1.16021
96	81	0.896079
96	82	1.70034
96	84	0.870057
96	87	0.848684
96	88	0.916626
96	94	0.864909
96	107	0.86731
96	108	1.58624
96	115	0.829056
96	123	0.897403
96	136	0.865128
96	139	0.851412
96	143	1.54102
96	144	0.870926
96	149	1.71758
96	153	0.755539
96	155	2.15964
96	157	1.73901
96	177	0.904436
97	11	2.30379
97	32	1.64089
97	39	0.783865
97	64	0.785627
97	66	0.792645
97	78	0.776762
97	87	0.789791
97	88	0.857733
97	89	1.731
97	98	0.793716
97	124	0.863215
97	126	1.53916
97	136	0.806235
97	145	0.754722
97	147	1.42901
97	154	0.824325
97	169	0.708527
97	171	0.701883
97	172	0.696965
97	174	0.689924
97	175	0.685887
97	178	0.712386
97	179	0.683223
97	180	0.69175
98	15	0.889244
98	20	0.815834
98	40	0.938544
98	57	0.866975
98	58	0.85888
98	62	0.910363
98	63	0.820556
98	65	0.907993
98	95	0.830012
98	97	0.793716
98	100	0.816757
98	111	0.835772
98	122	1.36163
98	134	1.24008
98	137	0.845889
98	140	1.3786
98	147	0.849481
98	151	0.84398
98	153	2.724
98	154	0.861633
98	172	2.60956
98	173	2.30044
98	174	0.727232
98	177	0.882851
99	3	0.921985
99	9	0.803131
99	11	0.787958
99	27	0.865172
99	37	0.938801
99	60	0.855124
99	67	0.848074
99	68	0.834661
99	70	0.905654
99	73	0.890795
99	91	0.80383
99	92	1.63542
99	103	0.86179
99	113	0.875895
99	130	0.856502
99	138	1.44376
99	140	1.23571
99	144	0.844072
99	152	1.8864
99	155	0.781072
99	165	2.06937
99	166	2.08586
99	167	0.716119
99	170	2.17679
100	4	0.855849
100	5	0.889879
100	12	1.01794
100	20	0.801567
100	21	0.834034
100	22	0.853906
100	38	0.792364
100	40	0.924277
100	44	0.770866
100	46	0.952377
100	51	0.759687
100	53	0.827995
100	57	0.852707
100	58	0.844613
100	79	0.832479
100	86	0.909337
100	95	0.815745
100	98	0.816757
100	158	1.17447
100	162	1.4285
100	164	2.78038
100	173	1.80924
100	174	2.1316
100	175	2.25796
101	10	1.15282
101	52	0.576604
101	53	1.32195
101	70	0.924767
101	72	1.4067
101	125	1.21987
101	134	1.04412
101	147	0.945048
101	156	0.927514
101	157	0.981553
101	161	0.901098
101	162	0.941488
101	163	0.931635
101	164	0.851593
101	169	0.875179
101	170	0.8872
101	171	0.868534
101	172	0.863616
101	173	0.883323
101	175	0.852538
101	177	0.606456
101	178	0.879037
101	179	0.849874
101	180	0.858401
102	28	1.84629
102	33	1.06818
102	61	1.44233
102	73	1.54406
102	104	0.748139
102	123	1.40252
102	129	0.879766
102	140	0.941558
102	150	1.29969
102	156	0.821882
102	158	0.891422
102	159	0.875185
102	161	0.795466
102	164	0.745961
102	166	0.79152
102	168	0.790418
102	169	0.769547
102	170	0.781568
102	171	0.762902
102	172	0.757984
102	173	0.77769
102	178	0.773405
102	179	0.744242
102	180	0.752769
103	3	0.963289
103	9	0.844435
103	11	0.829263
103	27	0.906476
103	37	0.980106
103	60	0.896428
103	67	0.889378
103	68	0.875965
103	70	0.946959
103	73	0.932099
103	99	0.86179
103	109	1.25993
103	113	0.9172
103	119	1.38172
103	130	0.897807
103	140	1.30631
103	143	1.3152
103	144	0.885377
103	153	2.65171
103	154	1.55246
103	155	0.822377
103	160	0.771876
103	167	0.757424
103	168	2.10354
103	178	2.27903
104	33	3.04263
104	75	3.15575
104	102	0.748139
104	108	0.762794
104	113	3.31211
104	121	0.700614
104	142	0.734817
104	143	0.786318
104	152	0.704602
104	156	0.691574
104	157	0.745614
104	158	0.761115
104	161	0.665158
104	163	0.695696
104	164	0.615654
104	166	0.661213
104	168	0.660111
104	169	0.639239
104	170	0.651261
104	172	0.627677
104	173	0.647383
104	175	0.616599
104	178	0.643098
104	179	0.613935
104	180	0.622462
105	9	2.02631
105	65	1.61556
105	69	1.50028
105	92	0.842913
105	117	1.57414
105	123	1.1604
105	142	0.845788
105	143	0.897289
105	152	0.815574
105	158	0.872086
105	161	0.77613
105	163	0.806667
105	164	0.726625
105	165	0.778243
105	166	0.772184
105	168	0.771082
105	169	0.750211
105	170	0.762232
105	171	0.743566
105	172	0.738648
105	173	0.758355
105	175	0.72757
105	177	1.07246
105	178	0.754069
105	179	0.724906
105	180	0.733433
106	14	0.890667
106	23	0.870181
106	31	0.8432
106	45	0.895743
106	62	0.843641
106	74	1.19066
106	83	0.860592
106	89	0.830805
106	111	0.841696
106	116	1.51732
106	117	0.871425
106	120	0.846158
106	125	0.831209
106	126	0.873079
106	127	0.869467
106	132	0.844925
106	137	0.851813
106	142	1.56036
106	147	0.855405
106	150	0.861573
106	151	0.849904
106	153	2.65728
106	158	1.59895
106	163	1.80365
106	174	2.55608
106	176	0.730556
106	177	0.888775
107	19	0.759633
107	36	1.04875
107	44	0.799834
107	66	0.844654
107	71	0.909007
107	76	0.820559
107	78	0.828771
107	81	0.889196
107	84	0.863174
107	88	0.909743
107	94	0.858025
107	96	0.86731
107	115	0.822173
107	122	1.17717
107	123	0.89052
107	124	0.915224
107	136	0.858244
107	139	0.844529
107	143	1.20303
107	144	0.864042
107	153	0.748656
107	157	1.40102
107	163	1.68591
107	174	2.43833
107	175	2.56469
107	176	2.65464
107	177	0.897552
108	3	1.14233
108	96	1.58624
108	104	0.762794
108	110	1.2428
108	111	1.28947
108	136	1.14361
108	144	1.12829
108	145	0.830396
108	146	0.853719
108	149	0.882658
108	156	0.836537
108	158	0.906077
108	159	0.88984
108	161	0.810121
108	163	0.840658
108	164	0.760616
108	165	0.812234
108	168	0.805073
108	169	0.784202
108	171	0.777557
108	172	0.772639
108	173	0.792345
108	175	0.761561
108	177	0.815288
108	178	0.78806
108	179	0.758897
108	180	0.767424
109	43	1.01703
109	67	1.37801
109	103	1.25993
109	111	1.18898
109	114	0.955366
109	126	1.16354
109	131	1.39311
109	139	1.0925
109	142	0.884058
109	143	0.93556
109	145	0.834676
109	146	0.857999
109	152	0.853844
109	162	0.85479
109	164	0.764896
109	165	0.816513
109	168	0.809352
109	169	0.788481
109	170	0.800502
109	171	0.781837
109	172	0.776918
109	173	0.796625
109	175	0.765841
109	178	0.792339
109	179	0.763177
109	180	0.771704
110	15	0.90442
110	83	0.869844
110	89	0.840057
110	108	1.2428
110	111	0.850948
110	112	1.37721
110	117	0.880677
110	120	0.85541
110	125	0.840461
110	127	0.878719
110	128	0.862105
110	131	0.844767
110	132	0.854177
110	135	0.857084
110	137	0.861065
110	140	1.18869
110	144	0.864517
110	147	0.864657
110	150	0.870825
110	151	0.859156
110	155	0.801517
110	158	1.47576
110	160	2.459
110	163	1.68047
110	167	0.736564
110	171	2.36146
110	174	2.43289
111	16	0.882252
111	89	0.82963
111	98	0.835772
111	106	0.841696
111	108	1.28947
111	109	1.18898
111	110	0.850948
111	117	0.87025
111	118	1.86877
111	120	0.844983
111	125	0.830034
111	126	0.871904
111	128	0.851678
111	131	0.834339
111	132	0.843749
111	135	0.846656
111	137	0.850638
111	147	0.85423
111	150	0.860398
111	151	0.848728
111	158	1.52243
111	159	1.55898
111	167	0.726137
111	168	2.03259
111	170	2.17644
111	172	2.46632
111	176	0.72938
111	177	0.887599
112	21	1.80551
112	51	1.36532
112	67	1.61291
112	70	1.26801
112	79	1.35541
112	110	1.37721
112	132	1.54056
112	140	0.93831
112	141	0.903783
112	143	0.913377
112	148	0.864653
112	149	0.864755
112	159	0.871937
112	162	0.832608
112	163	0.822755
112	164	0.742713
112	165	0.794331
112	166	0.788272
112	168	0.78717
112	170	0.77832
112	171	0.759654
112	172	0.754736
112	173	0.774442
112	175	0.743658
112	178	0.770157
112	179	0.740994
112	180	0.749521
113	6	0.960768
113	24	0.916219
113	47	0.855476
113	60	0.910533
113	67	0.903483
113	68	0.89007
113	99	0.875895
113	103	0.9172
113	104	3.31211
113	120	0.890375
113	128	0.89707
113	135	0.892048
113	144	0.899482
113	145	1.57714
113	147	0.899622
113	150	0.90579
113	151	0.894121
113	154	1.03041
113	156	1.42074
113	157	0.991142
113	159	1.10788
113	160	0.785981
113	167	0.771529
113	169	1.9126
113	172	2.01522
113	173	1.7061
113	174	0.777372
113	177	0.932991
114	4	1.58309
114	5	0.664635
114	38	1.70317
114	43	0.972554
114	53	1.38581
114	70	0.988632
114	109	0.955366
114	117	1.172
114	122	0.970565
114	141	0.965016
114	146	0.897049
114	148	0.925886
114	149	0.925987
114	151	1.01252
114	157	0.933906
114	161	0.85345
114	163	0.883988
114	166	0.849505
114	168	0.848402
114	169	0.827531
114	170	0.839553
114	171	0.820887
114	172	0.815968
114	173	0.835675
114	175	0.804891
114	177	0.670321
114	178	0.83139
114	179	0.802227
114	180	0.810754
115	18	0.845033
115	19	0.72138
115	62	0.971106
115	71	0.870753
115	76	0.782306
115	77	0.790473
115	78	0.790518
115	81	0.850942
115	84	0.82492
115	86	0.900051
115	87	0.803547
115	94	0.819772
115	96	0.829056
115	107	0.822173
115	123	0.852266
115	124	0.87697
115	136	0.819991
115	139	0.806275
115	153	0.710402
115	154	0.838081
115	156	1.63423
115	159	1.32137
115	162	1.53885
115	163	1.48952
115	164	2.89073
115	166	1.84789
115	167	2.63597
115	171	2.17051
115	177	0.859299
116	8	1.03125
116	21	1.82243
116	45	1.25547
116	47	1.70465
116	75	0.833339
116	106	1.51732
116	135	1.50078
116	138	0.918483
116	146	0.867075
116	148	0.895912
116	156	0.849892
116	158	0.919432
116	159	0.903196
116	161	0.823476
116	163	0.854014
116	165	0.825589
116	166	0.81953
116	168	0.818428
116	169	0.797557
116	170	0.809578
116	171	0.790913
116	172	0.785994
116	173	0.805701
116	174	0.778953
116	175	0.774917
116	177	0.966615
116	178	0.801415
116	179	0.772253
116	180	0.78078
117	31	0.871754
117	35	0.874055
117	85	0.879928
117	90	0.892478
117	105	1.57414
117	106	0.871425
117	110	0.880677
117	111	0.87025
117	114	1.172
117	125	0.859763
117	126	0.901633
117	127	0.898021
117	128	0.881407
117	130	1.45709
117	131	0.864069
117	133	1.99027
117	134	1.12434
117	135	0.876385
117	137	0.880367
117	141	1.36023
117	146	1.74715
117	147	0.883959
117	150	0.890127
117	151	0.878458
117	161	2.13952
117	167	0.755866
117	169	2.3912
117	176	0.759109
117	177	0.917329
118	61	1.52234
118	72	2.19483
118	88	1.7549
118	111	1.86877
118	123	1.48253
118	140	0.904305
118	142	0.82787
118	150	1.3797
118	156	0.784628
118	158	0.854168
118	159	0.837932
118	160	0.722298
118	161	0.758212
118	162	0.798602
118	163	0.78875
118	164	0.708707
118	165	0.760325
118	166	0.754266
118	168	0.753164
118	169	0.732293
118	170	0.744314
118	171	0.725649
118	172	0.72073
118	173	0.740437
118	175	0.709653
118	178	0.736151
118	179	0.706989
118	180	0.715516
119	12	1.11139
119	26	1.13466
119	41	1.60753
119	84	1.54061
119	88	1.1969
119	103	1.38172
119	125	1.45
119	139	1.21429
119	142	0.890117
119	143	0.941618
119	146	0.864058
119	156	0.846875
119	158	0.916415
119	159	0.900179
119	161	0.820459
119	162	0.860849
119	163	0.850996
119	164	0.770954
119	165	0.822572
119	168	0.815411
119	169	0.79454
119	170	0.806561
119	171	0.787895
119	172	0.782977
119	173	0.802684
119	175	0.771899
119	178	0.798398
119	179	0.769235
119	180	0.777762
120	1	0.923497
120	14	0.893954
120	31	0.846486
120	44	1.34675
120	45	0.89903
120	85	0.854661
120	106	0.846158
120	110	0.85541
120	111	0.844983
120	113	0.890375
120	125	0.834496
120	126	0.876366
120	128	0.85614
120	133	1.89106
120	135	0.851118
120	137	0.8551
120	140	1.16365
120	144	0.858552
120	147	0.858692
120	150	0.86486
120	151	0.853191
120	154	1.4098
120	155	0.795552
120	158	1.45072
120	159	1.48727
120	164	3.05663
120	165	1.99731
120	173	2.08549
120	176	0.733842
120	177	0.892061
121	39	2.06309
121	66	1.72243
121	79	1.80007
121	104	0.700614
121	137	1.8126
121	141	0.859506
121	145	0.768216
121	146	0.791539
121	150	1.37947
121	151	1.73656
121	153	0.710141
121	157	0.828396
121	158	0.843897
121	159	0.82766
121	161	0.747941
121	162	0.788331
121	163	0.778478
121	164	0.698436
121	165	0.750054
121	166	0.743995
121	168	0.742893
121	169	0.722021
121	171	0.715377
121	172	0.710459
121	173	0.730165
121	175	0.699381
121	176	0.700818
121	178	0.72588
121	179	0.696717
121	180	0.705244
122	14	1.25381
122	63	1.63047
122	71	1.06664
122	85	1.30259
122	98	1.36163
122	107	1.17717
122	114	0.970565
122	125	1.35763
122	129	0.9139
122	142	0.899258
122	144	1.05721
122	146	0.873199
122	148	0.902036
122	152	0.869044
122	156	0.856016
122	157	0.910055
122	158	0.925556
122	162	0.86999
122	164	0.780095
122	165	0.831713
122	166	0.825654
122	169	0.803681
122	170	0.815702
122	171	0.797036
122	172	0.792118
122	173	0.811825
122	175	0.78104
122	177	0.74421
122	178	0.807539
122	179	0.778376
122	180	0.786903
123	19	0.789727
123	29	0.89513
123	46	0.871775
123	59	1.90359
123	61	0.963591
123	66	0.874748
123	71	0.9391
123	76	0.850653
123	77	0.85882
123	78	0.858865
123	86	0.968398
123	87	0.871894
123	88	0.939836
123	92	1.24882
123	94	0.888119
123	96	0.897403
123	102	1.40252
123	105	1.1604
123	107	0.89052
123	115	0.852266
123	118	1.48253
123	136	0.888338
123	138	1.05716
123	139	0.874622
123	140	0.849111
123	153	0.778749
123	154	0.906428
123	156	1.4856
123	167	2.48733
123	173	1.77095
123	177	0.927646
124	30	1.19113
124	41	0.891499
124	50	0.949522
124	52	0.957684
124	63	0.890055
124	64	0.892433
124	65	0.977492
124	66	0.899452
124	69	0.95049
124	71	0.963804
124	72	0.869233
124	75	0.949319
124	97	0.863215
124	107	0.915224
124	115	0.87697
124	130	1.0842
124	136	0.913042
124	139	0.899326
124	145	1.68284
124	153	0.803453
124	154	0.931132
124	159	1.21359
124	160	2.16027
124	162	1.43107
124	165	1.72363
124	169	2.01831
124	170	1.83105
124	171	2.06273
124	174	0.79673
124	176	0.79413
125	15	0.883506
125	31	0.831538
125	35	0.833839
125	45	0.884081
125	85	0.839712
125	89	0.819143
125	101	1.21987
125	106	0.831209
125	110	0.840461
125	111	0.830034
125	117	0.859763
125	119	1.45
125	120	0.834496
125	122	1.35763
125	126	0.861417
125	127	0.857805
125	131	0.823853
125	132	0.833263
125	134	1.23607
125	135	0.83617
125	137	0.840151
125	146	1.85889
125	147	0.843743
125	149	1.56005
125	150	0.849911
125	151	0.838242
125	160	2.6449
125	163	1.86637
125	167	0.71565
125	169	2.50294
125	176	0.718893
125	177	0.877113
126	16	0.913635
126	23	0.900388
126	26	0.897045
126	36	1.06453
126	74	1.0887
126	85	0.881582
126	89	0.861013
126	97	1.53916
126	106	0.873079
126	109	1.16354
126	111	0.871904
126	117	0.901633
126	120	0.876366
126	125	0.861417
126	127	0.899675
126	128	0.883061
126	131	0.865723
126	132	0.875132
126	135	0.878039
126	137	0.882021
126	143	1.21881
126	144	0.885473
126	147	0.885613
126	149	1.39537
126	150	0.891781
126	151	0.880112
126	157	1.4168
126	163	1.70169
126	167	0.75752
126	176	0.760763
126	179	2.66942
126	180	2.42105
127	1	0.946806
127	14	0.917263
127	48	1.59567
127	83	0.887188
127	85	0.87797
127	91	1.39122
127	106	0.869467
127	110	0.878719
127	117	0.898021
127	125	0.857805
127	126	0.899675
127	128	0.879449
127	131	0.86211
127	132	0.87152
127	135	0.874427
127	137	0.878408
127	138	1.2444
127	144	0.881861
127	147	0.882001
127	150	0.888169
127	151	0.876499
127	152	1.68705
127	154	1.28251
127	155	0.818861
127	159	1.35998
127	161	1.91302
127	167	0.753908
127	168	1.83359
127	173	1.95819
127	175	2.40691
127	176	0.757151
127	177	0.91537
128	1	0.930193
128	15	0.90515
128	16	0.89341
128	83	0.870574
128	110	0.862105
128	111	0.851678
128	113	0.89707
128	117	0.881407
128	120	0.85614
128	126	0.883061
128	127	0.879449
128	131	0.845497
128	132	0.854907
128	135	0.857814
128	137	0.861795
128	140	1.23784
128	141	1.33522
128	142	1.48633
128	144	0.865247
128	147	0.865387
128	150	0.871555
128	151	0.859886
128	154	1.48399
128	155	0.802247
128	158	1.52491
128	162	1.77894
128	165	2.07151
128	167	0.737295
128	174	2.48204
128	176	0.740537
128	177	0.898757
128	178	2.21057
128	180	2.44898
129	38	1.91989
129	55	1.28145
129	68	1.09235
129	71	1.20946
129	77	1.43443
129	86	1.21995
129	102	0.879766
129	122	0.9139
129	132	1.47789
129	134	0.939811
129	140	0.942877
129	145	0.81706
129	146	0.840384
129	148	0.869221
129	151	1.22924
129	155	0.811372
129	157	0.87724
129	158	0.892741
129	159	0.876505
129	161	0.796785
129	162	0.837175
129	163	0.827322
129	164	0.74728
129	166	0.792839
129	168	0.791737
129	169	0.770866
129	172	0.759303
129	173	0.77901
129	175	0.748225
129	177	0.887033
129	178	0.774724
129	179	0.745561
129	180	0.754088
130	2	0.937949
130	3	0.958001
130	4	1.86818
130	20	1.18921
130	21	1.81123
130	28	1.48712
130	29	1.34427
130	42	0.863447
130	47	0.836084
130	55	0.900596
130	60	0.891141
130	64	1.0602
130	65	1.49851
130	73	0.926811
130	99	0.856502
130	103	0.897807
130	117	1.45709
130	124	1.0842
130	155	0.817089
130	158	0.898458
130	160	0.766588
130	167	0.752136
130	168	0.797454
130	169	0.776583
130	170	0.788604
130	171	0.769939
130	173	0.784727
130	174	0.757979
130	177	0.913599
130	178	0.780441
130	179	0.751278
130	180	0.759806
131	1	0.912854
131	23	0.862824
131	26	0.859481
131	35	0.838145
131	45	0.888386
131	61	0.917363
131	83	0.853236
131	93	1.28217
131	109	1.39311
131	110	0.844767
131	111	0.834339
131	117	0.864069
131	125	0.823853
131	126	0.865723
131	127	0.86211
131	128	0.845497
131	132	0.837568
131	134	1.30097
131	135	0.840475
131	137	0.844456
131	141	1.53687
131	143	1.44839
131	144	0.847909
131	147	0.848049
131	149	1.62495
131	150	0.854217
131	151	0.842547
131	155	0.784909
131	157	1.64638
131	165	2.27316
131	166	2.28964
131	167	0.719956
131	177	0.881418
131	180	2.65062
132	14	0.89272
132	26	0.86889
132	35	0.847555
132	45	0.897796
132	80	0.92803
132	89	0.832859
132	90	0.865978
132	106	0.844925
132	110	0.854177
132	111	0.843749
132	112	1.54056
132	125	0.833263
132	126	0.875132
132	127	0.87152
132	128	0.854907
132	129	1.47789
132	131	0.837568
132	135	0.849885
132	137	0.853866
132	141	1.44941
132	142	1.60052
132	146	1.83633
132	147	0.857458
132	149	1.53749
132	150	0.863627
132	151	0.851957
132	155	0.794318
132	156	1.98852
132	157	1.55892
132	167	0.729366
132	168	2.14927
132	170	2.29312
132	176	0.732609
132	177	0.890828
133	14	1.99819
133	16	1.48643
133	22	2.06581
133	32	2.03906
133	89	2.12918
133	117	1.99027
133	120	1.89106
133	138	0.835906
133	140	0.886992
133	142	0.810558
133	145	0.761175
133	146	0.784498
133	152	0.780343
133	156	0.767315
133	157	0.821355
133	158	0.836856
133	159	0.820619
133	160	0.704986
133	161	0.740899
133	162	0.781289
133	163	0.771437
133	164	0.691395
133	165	0.743013
133	166	0.736954
133	168	0.735852
133	169	0.71498
133	170	0.727002
133	171	0.708336
133	172	0.703418
133	173	0.723124
133	175	0.69234
133	178	0.718839
