1	20	1.08223
1	22	0.91413
1	26	1.03005
1	34	1.06676
1	37	1.00296
1	51	1.09072
1	64	1.07646
1	72	1.04956
1	84	1.12236
1	144	1.08177
1	166	0.877448
1	177	1.01997
2	30	1.2124
2	39	1.16086
2	41	1.30691
2	44	1.1605
2	48	1.16076
2	68	1.2147
2	82	1.16423
2	99	0.490406
2	144	0.671691
2	159	0.95117
2	161	0.786659
2	163	1.22634
3	70	1.10688
3	89	1.05662
3	100	1.09101
3	113	1.09204
3	117	1.15425
3	120	1.06217
3	123	1.14071
3	128	0.636932
3	165	0.84378
3	178	1.10567
3	179	1.09675
4	11	0.970585
4	13	1.10922
4	43	1.02502
4	53	1.11379
4	62	1.08237
4	65	1.08233
4	87	1.00137
4	126	1.01298
4	146	1.08684
4	156	1.12318
4	176	0.962565
4	179	0.833243
5	54	0.9407
5	74	0.862624
5	90	1.07071
5	93	1.07006
5	104	1.07334
5	105	1.08452
5	107	1.04066
5	124	1.0803
5	139	0.941227
5	170	1.06053
5	172	1.04868
5	174	1.06977
6	11	1.10907
6	43	1.16351
6	53	1.25228
6	62	1.22086
6	65	1.22082
6	126	1.15147
6	142	0.513275
6	146	1.22533
6	156	1.26167
6	160	0.702073
6	168	0.926158
6	175	0.76982
7	108	1.19879
7	115	1.18717
7	135	1.19691
7	137	1.19774
7	141	1.18219
7	154	0.860756
7	162	0.535508
7	169	0.705377
7	170	1.21377
7	172	1.20192
7	174	1.22301
7	180	0.812565
8	46	0.95204
8	76	0.668536
8	96	1.20553
8	127	1.17287
8	133	0.612274
8	135	1.21712
8	137	1.21795
8	141	1.2024
8	161	0.69554
8	165	1.12017
8	172	1.22213
8	174	1.24322
9	24	1.23143
9	25	1.21739
9	32	1.11261
9	89	1.17263
9	92	0.615263
9	106	1.17141
9	111	1.2339
9	123	1.25673
9	158	0.613668
9	159	0.778447
9	165	0.907961
9	179	1.21277
10	27	1.11318
10	30	1.05484
10	39	1.0033
10	40	1.15482
10	41	1.14936
10	44	1.00295
10	48	1.00321
10	68	1.05715
10	99	0.754765
10	131	0.967443
10	163	1.06879
10	171	1.05108
11	4	0.970585
11	6	1.10907
11	43	1.02469
11	53	1.11345
11	62	1.08204
11	65	1.082
11	126	1.01265
11	142	0.922794
11	144	0.849581
11	146	1.0865
11	149	1.00782
11	156	1.12284
12	28	0.963587
12	50	0.800847
12	56	1.1465
12	59	1.16537
12	71	1.06084
12	77	1.04893
12	85	1.03368
12	94	1.08026
12	98	1.08031
12	131	0.840714
12	160	1.02449
12	175	1.13908
13	4	1.10922
13	43	1.16332
13	53	1.25209
13	62	1.22067
13	65	1.22063
13	125	0.83127
13	126	1.15128
13	133	0.533115
13	146	1.22514
13	156	1.26148
13	160	0.763425
13	167	0.793646
14	47	1.16137
14	66	1.19629
14	73	1.16841
14	87	0.920087
14	107	1.1962
14	124	1.23584
14	129	0.608108
14	131	0.669021
14	142	0.710841
14	170	1.21607
14	172	1.20422
14	174	1.22531
15	51	1.11095
15	62	1.08222
15	65	1.08218
15	72	1.06979
15	84	1.1426
15	133	0.709877
15	144	1.10201
15	146	1.08669
15	156	1.12303
15	177	1.09019
15	179	0.792507
16	37	0.532504
16	59	0.385492
16	86	0.47097
16	89	0.518801
16	130	1.3056
16	145	1.32475
16	155	1.1232
16	169	1.20165
16	176	1.20369
16	177	1.16615
16	178	1.11523
16	180	1.16031
17	108	1.20309
17	116	0.565185
17	127	1.15696
17	135	1.20121
17	137	1.20204
17	141	1.18649
17	162	0.800811
17	170	1.21807
17	171	0.770122
17	172	1.20622
17	174	1.2273
17	179	0.769428
18	47	1.01662
18	73	1.02367
18	90	1.0815
18	104	1.08413
18	105	1.09531
18	114	0.8105
18	124	1.0911
18	165	1.07175
18	170	1.07132
18	172	1.05948
18	174	1.08056
18	176	0.906408
19	29	1.22542
19	60	1.11997
19	67	1.2281
19	80	1.16547
19	81	1.26891
19	88	1.16536
19	112	1.23818
19	143	0.623307
19	152	1.18897
19	160	0.761475
19	173	0.915857
19	179	0.613796
20	1	1.08223
20	26	1.18213
20	37	1.15505
20	51	1.24281
20	64	1.22855
20	72	1.20164
20	84	1.27445
20	144	1.23386
20	155	1.06729
20	163	0.426051
20	165	0.751313
20	175	0.672078
21	28	0.963475
21	59	1.16525
21	71	1.06073
21	77	1.04882
21	85	1.03357
21	86	1.1459
21	94	1.08014
21	98	1.0802
21	134	0.939555
21	139	0.920125
21	145	0.908327
21	160	1.02438
22	1	0.91413
22	34	0.694042
22	87	1.03933
22	138	1.09177
22	142	1.11654
22	145	1.14311
22	156	0.720319
22	161	1.07551
22	169	1.02001
22	176	1.02205
22	177	0.984511
22	178	0.933584
22	180	0.978673
23	29	1.18703
23	38	1.14609
23	60	1.08158
23	61	0.797483
23	67	1.18971
23	69	1.15918
23	80	1.12708
23	81	1.23052
23	88	1.12697
23	152	1.15058
23	166	0.83714
23	176	0.811296
23	179	0.681974
24	9	1.23143
24	79	1.12435
24	97	1.14264
24	106	1.10266
24	113	1.13931
24	120	1.10944
24	123	1.18798
24	129	0.584325
24	156	1.21906
24	160	0.875856
24	169	0.929429
24	171	0.728871
24	179	1.14402
25	9	1.21739
25	79	1.11031
25	111	1.15111
25	113	1.12527
25	117	1.18748
25	120	1.0954
25	123	1.17394
25	125	0.790113
25	151	0.891854
25	156	1.20502
25	171	0.575283
25	177	0.872274
25	179	1.12998
26	1	1.03005
26	20	1.18213
26	34	1.16666
26	37	1.10286
26	51	1.19062
26	64	1.17636
26	72	1.14946
26	84	1.22226
26	102	0.801421
26	144	1.18167
26	149	0.805933
26	157	0.746945
26	161	0.762659
27	10	1.11318
27	30	1.21889
27	39	1.16735
27	40	1.31887
27	44	1.16699
27	48	1.16726
27	68	1.22119
27	116	0.552865
27	140	0.785487
27	143	0.766618
27	162	0.788491
27	163	1.23283
28	12	0.963587
28	21	0.963475
28	35	1.05437
28	56	1.10815
28	59	1.12701
28	77	1.01057
28	86	1.10765
28	94	1.0419
28	98	1.04196
28	129	0.924318
28	153	0.98974
28	158	1.06854
28	160	0.986132
29	19	1.22542
29	23	1.18703
29	38	1.14586
29	60	1.08135
29	80	1.12685
29	81	1.2303
29	82	1.12551
29	88	1.12674
29	130	0.630172
29	152	1.15035
29	161	0.716181
29	162	0.746928
29	173	1.01761
30	2	1.2124
30	10	1.05484
30	27	1.21889
30	39	1.10901
30	41	1.25506
30	44	1.10866
30	48	1.10892
30	68	1.16286
30	129	0.639033
30	153	0.704456
30	161	0.783521
30	163	1.1745
30	169	0.984137
31	56	1.21503
31	59	1.23389
31	71	1.12937
31	77	1.11746
31	85	1.10221
31	86	1.21454
31	94	1.14878
31	98	1.14884
31	102	0.5885
31	148	0.582008
31	160	1.09302
31	177	0.846787
31	178	1.10565
32	9	1.11261
32	70	1.03532
32	79	1.00552
32	100	1.01945
32	106	0.98384
32	111	1.04632
32	117	1.08269
32	120	0.990612
32	156	1.10023
32	157	0.861101
32	161	0.876815
32	168	1.24794
32	179	1.0252
33	89	1.10641
33	106	1.10519
33	111	1.16767
33	113	1.14184
33	114	0.581965
33	117	1.20404
33	120	1.11196
33	123	1.1905
33	155	1.15919
33	156	1.22158
33	157	0.533471
33	165	0.843211
33	179	1.14655
34	1	1.06676
34	22	0.694042
34	26	1.16666
34	37	1.13958
34	45	0.925911
34	51	1.22733
34	64	1.21308
34	72	1.18617
34	84	1.25898
34	144	1.21839
34	165	0.796855
34	169	0.703446
34	177	0.799879
35	28	1.05437
35	56	1.23729
35	71	1.15163
35	77	1.13972
35	85	1.12447
35	86	1.2368
35	94	1.17104
35	98	1.1711
35	101	0.699445
35	125	0.723017
35	151	0.824758
35	160	1.11528
35	168	0.879257
36	75	0.910021
36	95	1.16625
36	96	1.14562
36	116	0.650508
36	126	1.11114
36	135	1.15721
36	137	1.15804
36	139	0.705163
36	141	1.1425
36	142	0.813631
36	170	1.17407
36	172	1.16223
36	174	1.18331
37	1	1.00296
37	16	0.532504
37	20	1.15505
37	26	1.10286
37	34	1.13958
37	46	1.01592
37	51	1.16354
37	64	1.14928
37	72	1.12237
37	84	1.19518
37	92	0.814642
37	140	0.841058
37	144	1.15459
37	167	0.99058
38	23	1.14609
38	29	1.14586
38	60	1.0404
38	67	1.14854
38	69	1.11801
38	80	1.08591
38	81	1.18935
38	88	1.08579
38	109	1.13517
38	130	0.687723
38	152	1.10941
38	161	0.773731
38	171	0.77379
38	180	1.08154
39	2	1.16086
39	10	1.0033
39	27	1.16735
39	30	1.10901
39	40	1.20899
39	41	1.20352
39	48	1.05738
39	68	1.11132
39	82	1.06085
39	143	0.718988
39	150	0.669818
39	163	1.12296
39	169	0.910729
39	173	1.01154
40	10	1.15482
40	27	1.31887
40	39	1.20899
40	41	1.35504
40	44	1.20863
40	48	1.2089
40	68	1.26284
40	82	1.21236
40	103	0.525545
40	138	0.677974
40	142	0.59948
40	154	0.99723
40	163	1.27447
40	179	0.640599
41	2	1.30691
41	10	1.14936
41	30	1.25506
41	39	1.20352
41	40	1.35504
41	44	1.20317
41	48	1.20343
41	68	1.25737
41	138	0.676954
41	149	0.683489
41	159	0.804727
41	161	0.640215
41	163	1.26901
41	179	0.63958
42	52	1.18684
42	70	1.12263
42	79	1.09283
42	100	1.10676
42	102	0.748781
42	106	1.07115
42	113	1.10779
42	117	1.17
42	120	1.07792
42	123	1.15646
42	147	0.848829
42	171	0.710077
42	173	1.01144
42	179	1.1125
43	4	1.02502
43	6	1.16351
43	11	1.02469
43	13	1.16332
43	53	1.16789
43	62	1.13647
43	65	1.13644
43	126	1.06708
43	136	0.802161
43	146	1.14094
43	156	1.17728
43	157	0.784795
43	176	0.929197
43	179	0.799874
44	2	1.1605
44	10	1.00295
44	27	1.16699
44	30	1.10866
44	40	1.20863
44	41	1.20317
44	48	1.05702
44	68	1.11096
44	82	1.06049
44	125	0.968818
44	134	0.623136
44	139	0.603707
44	154	1.10993
44	163	1.1226
45	34	0.925911
45	64	0.935613
45	72	0.908704
45	84	0.981513
45	126	2.67331
45	144	0.940919
45	147	0.864959
45	153	0.899069
45	155	0.745623
45	168	0.768623
45	171	0.911739
45	173	0.797035
45	178	0.73765
45	180	0.782739
46	8	0.95204
46	37	1.01592
46	64	1.08942
46	66	0.760467
46	72	1.06251
46	84	1.13532
46	98	0.811861
46	125	1.0143
46	144	1.09473
46	155	0.899433
46	166	0.993105
46	171	1.06555
46	178	0.89146
46	180	0.936549
47	14	1.16137
47	18	1.01662
47	66	1.10642
47	93	1.13574
47	105	1.15019
47	107	1.10633
47	124	1.14597
47	153	0.688269
47	160	0.914377
47	167	0.944599
47	170	1.1262
47	172	1.11436
47	174	1.13544
47	179	0.766698
48	2	1.16076
48	10	1.00321
48	27	1.16726
48	30	1.10892
48	39	1.05738
48	40	1.2089
48	41	1.20343
48	44	1.05702
48	54	0.765258
48	68	1.11123
48	76	0.889003
48	144	0.80104
48	153	0.836943
48	163	1.12286
49	58	1.06416
49	63	1.11636
49	75	0.740683
49	90	1.13401
49	91	0.933927
49	97	1.09468
49	103	0.570358
49	104	1.13664
49	105	1.14782
49	124	1.14361
49	168	1.05718
49	170	1.12383
49	172	1.11199
49	174	1.13307
50	12	0.800847
50	56	0.488977
50	119	1.09326
50	121	0.574232
50	134	1.24547
50	146	0.545618
50	148	1.18531
50	154	1.06502
50	158	1.18587
50	163	1.19784
50	168	1.04802
50	175	1.10652
50	178	1.01705
50	180	1.06214
51	1	1.09072
51	15	1.11095
51	20	1.24281
51	26	1.19062
51	34	1.22733
51	37	1.16354
51	64	1.23704
51	72	1.21013
51	84	1.28294
51	112	0.640594
51	134	0.572967
51	144	1.24234
51	157	0.688046
51	162	0.734508
51	177	1.00081
52	42	1.18684
52	83	0.828699
52	89	1.15956
52	100	1.19396
52	106	1.15834
52	111	1.22082
52	113	1.19498
52	120	1.16511
52	123	1.24365
52	147	0.743747
52	149	0.648211
52	156	1.27473
52	171	0.604995
52	175	0.819727
52	179	1.1997
53	4	1.11379
53	6	1.25228
53	11	1.11345
53	13	1.25209
53	43	1.16789
53	62	1.22524
53	65	1.2252
53	126	1.15585
53	138	0.552412
53	146	1.22971
53	156	1.26604
53	163	0.484436
53	169	0.716289
53	178	1.07158
53	180	0.823478
54	5	0.9407
54	48	0.765258
54	61	1.11227
54	93	0.513572
54	122	1.13338
54	125	1.11925
54	145	1.20593
54	161	1.13834
54	164	1.06831
54	169	1.08284
54	173	1.0558
54	174	0.531139
54	177	1.04734
54	178	0.996413
54	180	1.0415
55	62	0.672332
55	83	1.09159
55	86	0.740251
55	143	1.17683
55	153	1.16078
55	156	0.517576
55	158	1.16819
55	159	1.09735
55	167	1.09744
55	168	1.03034
55	169	1.08579
55	170	0.575894
55	177	1.05029
55	178	0.999365
55	180	1.04445
56	12	1.1465
56	28	1.10815
56	31	1.21503
56	35	1.23729
56	50	0.488977
56	71	1.2054
56	85	1.17824
56	86	1.29057
56	94	1.22481
56	98	1.22487
56	128	0.699597
56	149	0.655694
56	160	1.16905
56	166	0.766951
56	177	0.909469
57	95	1.10576
57	115	1.08698
57	121	1.11641
57	129	0.749716
57	133	0.810937
57	135	1.09672
57	137	1.09755
57	141	1.08201
57	152	1.08008
57	159	1.05871
57	165	0.99977
57	170	1.11358
57	172	1.10174
57	174	1.12282
57	179	0.893568
58	49	1.06416
58	63	1.11375
58	93	1.13077
58	105	1.14522
58	107	1.10136
58	124	1.141
58	132	1.14232
58	138	0.723516
58	145	0.524755
58	147	0.825587
58	170	1.12123
58	172	1.10939
58	174	1.13047
58	178	1.24269
59	12	1.16537
59	16	0.385492
59	21	1.16525
59	28	1.12701
59	31	1.23389
59	71	1.22426
59	77	1.21235
59	85	1.1971
59	94	1.24368
59	98	1.24373
59	144	0.551335
59	155	1.27631
59	160	1.18791
59	163	0.635066
59	179	0.665668
60	19	1.11997
60	23	1.08158
60	29	1.08135
60	38	1.0404
60	67	1.08403
60	80	1.0214
60	81	1.12484
60	82	1.02006
60	88	1.02129
60	109	1.07066
60	112	1.09411
60	133	0.690134
60	139	0.623177
60	152	1.0449
60	177	1.07045
60	178	1.32931
61	23	0.797483
61	54	1.11227
61	64	0.615286
61	77	0.752302
61	110	1.09295
61	124	0.645757
61	128	1.07645
61	144	1.14598
61	148	1.11098
61	149	1.09678
61	157	1.10284
61	159	1.0407
61	161	1.08464
61	164	1.01462
61	178	0.942716
61	180	0.987805
62	4	1.08237
62	6	1.22086
62	11	1.08204
62	13	1.22067
62	15	1.08222
62	43	1.13647
62	53	1.22524
62	55	0.672332
62	65	1.19379
62	74	0.455036
62	102	0.722625
62	126	1.12443
62	146	1.19829
62	156	1.23463
62	164	0.866833
62	165	0.977888
63	49	1.11636
63	58	1.11375
63	66	1.15364
63	90	1.18361
63	93	1.18296
63	104	1.18623
63	107	1.15355
63	118	0.690679
63	124	1.1932
63	147	0.814627
63	157	0.660103
63	162	0.706564
63	165	0.969842
63	170	1.17342
63	172	1.16158
63	174	1.18266
64	1	1.07646
64	20	1.22855
64	26	1.17636
64	34	1.21308
64	37	1.14928
64	45	0.935613
64	46	1.08942
64	51	1.23704
64	61	0.615286
64	72	1.19587
64	84	1.26868
64	91	0.748291
64	144	1.22809
64	167	0.677677
64	168	0.87154
64	173	0.801837
65	4	1.08233
65	6	1.22082
65	11	1.082
65	13	1.22063
65	15	1.08218
65	43	1.13644
65	53	1.2252
65	62	1.19379
65	126	1.12439
65	131	0.558722
65	140	0.670039
65	146	1.19825
65	156	1.23459
65	166	0.796827
65	175	0.857086
65	180	0.950101
66	14	1.19629
66	46	0.760467
66	47	1.10642
66	63	1.15364
66	93	1.17066
66	105	1.18511
66	107	1.14125
66	124	1.18089
66	132	1.18221
66	149	0.547241
66	155	1.11397
66	170	1.16112
66	171	0.504025
66	172	1.14928
66	174	1.17036
66	177	0.801016
67	19	1.2281
67	23	1.18971
67	38	1.14854
67	60	1.08403
67	76	0.590791
67	80	1.12953
67	81	1.23298
67	82	1.12819
67	88	1.12942
67	109	1.1788
67	112	1.20224
67	148	0.650067
67	150	0.577501
67	152	1.15303
67	155	1.2278
67	167	0.795061
68	2	1.2147
68	10	1.05715
68	27	1.22119
68	30	1.16286
68	39	1.11132
68	40	1.26284
68	41	1.25737
68	44	1.11096
68	48	1.11123
68	82	1.11469
68	118	0.639962
68	163	1.1768
68	166	0.77963
68	171	0.625157
68	178	1.18101
68	179	0.624463
69	23	1.15918
69	38	1.11801
69	77	1.11351
69	80	1.09901
69	81	1.20245
69	85	1.09826
69	86	1.21059
69	88	1.09889
69	94	1.14484
69	98	1.1449
69	99	0.600113
69	110	0.929894
69	131	0.812791
69	144	0.781397
69	152	1.1225
69	160	1.08907
69	171	0.896424
70	3	1.10688
70	32	1.03532
70	42	1.12263
70	100	1.12975
70	106	1.09413
70	111	1.15661
70	113	1.13077
70	117	1.19298
70	120	1.1009
70	123	1.17944
70	153	0.569589
70	156	1.21052
70	159	0.813166
70	165	0.94268
70	176	0.777342
70	177	0.945704
70	179	1.13549
71	12	1.06084
71	21	1.06073
71	31	1.12937
71	35	1.15163
71	56	1.2054
71	59	1.22426
71	77	1.10783
71	85	1.09258
71	86	1.20491
71	94	1.13915
71	98	1.13921
71	153	0.615997
71	154	1.05106
71	157	0.679348
71	160	1.08339
71	171	0.69512
71	180	1.00287
72	1	1.04956
72	15	1.06979
72	20	1.20164
72	26	1.14946
72	34	1.18617
72	37	1.12237
72	45	0.908704
72	46	1.06251
72	51	1.21013
72	64	1.19587
72	76	0.678644
72	84	1.24177
72	144	1.20118
72	149	0.748923
72	154	1.06164
72	160	0.852692
72	179	0.705013
73	14	1.16841
73	18	1.02367
73	90	1.14343
73	92	0.695976
73	93	1.14278
73	104	1.14605
73	105	1.15724
73	107	1.11337
73	124	1.15302
73	132	1.15434
73	157	0.678934
73	166	0.84918
73	170	1.13324
73	172	1.1214
73	174	1.14248
73	176	0.823336
73	180	1.00245
74	5	0.862624
74	62	0.455036
74	86	0.522955
74	88	0.671038
74	91	1.11332
74	123	0.522954
74	133	1.2178
74	134	1.25847
74	166	1.13169
74	167	1.12813
74	168	1.06102
74	171	1.20414
74	175	1.11952
74	177	1.08097
74	178	1.03005
74	179	1.1793
74	180	1.07514
75	36	0.910021
75	49	0.740683
75	117	0.659068
75	119	1.03265
75	133	1.1442
75	139	1.14759
75	147	1.08375
75	157	1.11656
75	158	1.12526
75	166	1.05808
75	168	0.987412
75	170	0.64206
75	175	1.04591
75	178	0.956439
75	179	1.10569
75	180	1.00153
76	8	0.668536
76	48	0.889003
76	67	0.590791
76	72	0.678644
76	92	1.16878
76	100	0.648273
76	114	1.14322
76	116	1.27359
76	151	1.07032
76	154	1.06518
76	159	1.11519
76	164	1.08911
76	166	1.11885
76	175	1.10668
76	176	1.10568
76	177	1.06814
76	178	1.01721
76	180	1.0623
77	12	1.04893
77	21	1.04882
77	28	1.01057
77	31	1.11746
77	35	1.13972
77	59	1.21235
77	61	0.752302
77	69	1.11351
77	71	1.10783
77	83	0.861191
77	85	1.08067
77	86	1.193
77	94	1.12724
77	98	1.1273
77	160	1.07147
77	162	0.668176
77	178	1.19334
77	179	0.636793
78	95	1.12095
78	108	1.11379
78	115	1.10217
78	116	0.703878
78	121	1.1316
78	127	1.06766
78	128	0.995934
78	132	1.14986
78	135	1.11191
78	137	1.11274
78	141	1.09719
78	142	0.867001
78	145	0.746735
78	161	0.908756
78	165	1.01496
78	170	1.12877
78	172	1.11692
78	174	1.13801
79	24	1.12435
79	25	1.11031
79	32	1.00552
79	42	1.09283
79	89	1.06555
79	100	1.09994
79	111	1.12681
79	113	1.10097
79	117	1.16318
79	120	1.0711
79	123	1.14964
79	128	0.811439
79	134	0.593468
79	156	1.18072
79	159	0.888773
79	169	0.924878
79	177	1.02131
79	179	1.10569
80	19	1.16547
80	23	1.12708
80	29	1.12685
80	38	1.08591
80	60	1.0214
80	67	1.12953
80	69	1.09901
80	81	1.17035
80	82	1.06556
80	88	1.06679
80	109	1.11617
80	112	1.13961
80	138	0.884221
80	140	0.875226
80	145	0.685461
80	152	1.0904
80	163	0.816245
80	176	0.97617
81	19	1.26891
81	23	1.23052
81	29	1.2303
81	38	1.18935
81	60	1.12484
81	67	1.23298
81	69	1.20245
81	80	1.17035
81	82	1.16901
81	88	1.17023
81	109	1.21961
81	131	0.614265
81	136	0.699491
81	144	0.582871
81	150	0.657545
81	152	1.19385
81	162	0.728587
81	168	1.06897
82	2	1.16423
82	29	1.12551
82	39	1.06085
82	40	1.21236
82	44	1.06049
82	60	1.02006
82	67	1.12819
82	68	1.11469
82	80	1.06556
82	81	1.16901
82	83	0.95914
82	88	1.06545
82	143	0.744253
82	144	0.620409
82	151	1.05201
82	152	1.08906
82	163	1.12633
82	176	0.864065
83	52	0.828699
83	55	1.09159
83	77	0.861191
83	82	0.95914
83	117	0.828195
83	122	1.05605
83	125	1.04192
83	133	1.10683
83	143	1.09654
83	147	1.04638
83	159	1.01706
83	162	1.04763
83	166	1.02072
83	167	1.01716
83	175	1.00855
83	177	0.970002
83	178	0.919076
83	180	0.964165
84	1	1.12236
84	15	1.1426
84	20	1.27445
84	26	1.22226
84	34	1.25898
84	37	1.19518
84	45	0.981513
84	46	1.13532
84	51	1.28294
84	64	1.26868
84	72	1.24177
84	112	0.543987
84	122	0.720582
84	140	0.634896
84	144	1.27399
84	159	0.771664
84	167	0.784418
84	173	0.908578
85	12	1.03368
85	21	1.03357
85	31	1.10221
85	35	1.12447
85	56	1.17824
85	59	1.1971
85	69	1.09826
85	71	1.09258
85	77	1.08067
85	86	1.17775
85	94	1.11199
85	98	1.11205
85	145	0.712386
85	148	0.906678
85	149	0.917682
85	153	0.795343
85	160	1.05623
85	162	0.905155
86	16	0.47097
86	21	1.1459
86	28	1.10765
86	31	1.21454
86	35	1.2368
86	55	0.740251
86	56	1.29057
86	69	1.21059
86	71	1.20491
86	74	0.522955
86	77	1.193
86	85	1.17775
86	94	1.22432
86	98	1.22438
86	134	0.620988
86	160	1.16856
86	163	0.720544
86	166	0.906312
87	4	1.00137
87	14	0.920087
87	22	1.03933
87	109	0.714166
87	128	1.06634
87	134	1.16102
87	150	1.12002
87	156	0.696597
87	165	0.995814
87	168	0.963576
87	169	1.01903
87	171	1.10669
87	173	0.991988
87	175	1.02207
87	176	1.02107
87	177	0.983529
87	178	0.932603
87	180	0.977692
88	19	1.16536
88	23	1.12697
88	29	1.12674
88	38	1.08579
88	60	1.02129
88	67	1.12942
88	69	1.09889
88	74	0.671038
88	80	1.06679
88	81	1.17023
88	82	1.06545
88	99	0.603611
88	109	1.11605
88	112	1.1395
88	145	0.737843
88	152	1.09029
88	157	0.88415
88	180	1.20767
89	3	1.05662
89	9	1.17263
89	16	0.518801
89	33	1.10641
89	52	1.15956
89	79	1.06555
89	100	1.07948
89	102	0.838375
89	111	1.10635
89	113	1.08051
89	114	0.832392
89	117	1.14272
89	120	1.05064
89	123	1.12918
89	147	0.938423
89	156	1.16026
89	164	0.982582
89	179	1.08522
90	5	1.07071
90	18	1.0815
90	49	1.13401
90	63	1.18361
90	73	1.14343
90	104	1.20389
90	105	1.21507
90	107	1.17121
90	124	1.21086
90	132	1.21218
90	147	0.80085
90	158	0.661771
90	163	0.630802
90	168	1.03317
90	170	1.19108
90	171	0.662098
90	172	1.17924
90	174	1.20032
90	176	0.790727
91	49	0.933927
91	64	0.748291
91	74	1.11332
91	116	1.16651
91	122	1.0471
91	127	0.926284
91	128	1.04387
91	145	1.11965
91	151	0.963241
91	152	0.93311
91	155	0.918106
91	159	1.00811
91	164	0.982034
91	166	1.01178
91	173	0.969518
91	175	0.999605
91	176	0.998601
91	178	0.910133
91	180	0.955222
92	9	0.615263
92	37	0.814642
92	73	0.695976
92	76	1.16878
92	103	1.21618
92	113	0.731818
92	122	1.1154
92	128	1.11217
92	131	1.14316
92	151	1.03154
92	152	0.686558
92	159	1.07641
92	163	1.15922
92	167	1.07651
92	168	1.0094
92	169	1.06485
92	177	1.02936
92	178	0.97843
92	180	1.02352
93	5	1.07006
93	47	1.13574
93	54	0.513572
93	58	1.13077
93	63	1.18296
93	66	1.17066
93	73	1.14278
93	104	1.20325
93	107	1.17057
93	124	1.21021
93	132	1.21153
93	142	0.622567
93	148	0.696593
93	164	0.847292
93	170	1.19044
93	172	1.17859
93	173	0.965748
93	174	1.19968
93	176	0.79301
94	12	1.08026
94	21	1.08014
94	28	1.0419
94	31	1.14878
94	35	1.17104
94	56	1.22481
94	59	1.24368
94	69	1.14484
94	71	1.13915
94	77	1.12724
94	85	1.11199
94	86	1.22432
94	98	1.15862
94	101	0.879075
94	140	0.715502
94	142	0.646004
94	160	1.1028
94	163	0.656521
94	165	0.981784
94	169	0.888375
95	36	1.16625
95	57	1.10576
95	78	1.12095
95	102	1.14824
95	115	1.14648
95	116	0.553108
95	121	1.17591
95	127	1.11198
95	133	0.67472
95	135	1.15622
95	136	0.759637
95	137	1.15705
95	141	1.1415
95	151	1.07462
95	164	0.940956
95	165	1.05927
95	170	1.17308
95	172	1.16124
95	174	1.18232
95	179	0.757351
96	8	1.20553
96	36	1.14562
96	102	1.12762
96	109	1.14472
96	112	0.715948
96	115	1.12585
96	121	1.15528
96	127	1.09135
96	131	0.69554
96	134	0.648321
96	135	1.13559
96	137	1.13642
96	139	0.628891
96	141	1.12088
96	146	1.16338
96	154	1.13511
96	160	0.926158
96	170	1.15245
96	172	1.14061
96	174	1.16169
97	24	1.14264
97	49	1.09468
97	104	1.16456
97	105	1.17574
97	106	1.08262
97	111	1.1451
97	117	1.18147
97	120	1.08939
97	123	1.16793
97	124	1.17152
97	130	0.720843
97	136	0.808503
97	144	0.691883
97	153	0.727787
97	159	0.971363
97	162	0.837599
97	170	1.15175
97	172	1.1399
97	174	1.16099
97	179	1.12398
98	12	1.08031
98	21	1.0802
98	28	1.04196
98	31	1.14884
98	35	1.1711
98	46	0.811861
98	56	1.22487
98	59	1.24373
98	69	1.1449
98	71	1.13921
98	77	1.1273
98	85	1.11205
98	86	1.22438
98	94	1.15862
98	103	0.439671
98	160	1.10286
98	169	0.755977
98	176	0.684048
98	177	0.85241
98	178	1.11127
99	2	0.490406
99	10	0.754765
99	69	0.600113
99	88	0.603611
99	103	1.31021
99	106	0.52266
99	112	1.26519
99	133	1.26022
99	136	1.23413
99	137	0.468801
99	138	1.23065
99	153	1.23388
99	162	1.20101
99	163	1.25325
99	164	1.14436
99	168	1.10343
99	174	0.385637
99	176	1.16093
99	178	1.07246
99	179	1.22171
99	180	1.11755
100	3	1.09101
100	32	1.01945
100	42	1.10676
100	52	1.19396
100	70	1.12975
100	76	0.648273
100	79	1.09994
100	89	1.07948
100	106	1.07826
100	111	1.14074
100	113	1.11491
100	117	1.17711
100	120	1.08503
100	123	1.16358
100	128	0.762455
100	140	0.703021
100	150	0.634983
100	156	1.19466
100	167	0.852542
100	178	1.23119
100	179	1.11962
101	35	0.699445
101	94	0.879075
101	108	0.732716
101	124	0.7222
101	134	1.16464
101	148	1.10448
101	149	1.09028
101	150	1.12364
101	159	1.0342
101	161	1.07814
101	163	1.11701
101	166	1.03787
101	168	0.967193
101	169	1.02264
101	170	0.778741
101	171	1.11031
101	175	1.02569
101	176	1.02469
101	177	0.987147
101	178	0.93622
101	180	0.981309
102	26	0.801421
102	31	0.5885
102	42	0.748781
102	62	0.722625
102	89	0.838375
102	95	1.14824
102	96	1.12762
102	127	1.09496
102	135	1.1392
102	137	1.14003
102	140	1.1028
102	141	1.12449
102	149	1.1331
102	156	0.567868
102	159	1.07702
102	162	1.10759
102	164	1.05094
102	165	1.04225
102	170	1.15606
102	175	1.06851
102	176	1.06751
102	180	1.02413
103	40	0.525545
103	49	0.570358
103	92	1.21618
103	98	0.439671
103	99	1.31021
103	113	0.614801
103	123	0.636091
103	140	1.18836
103	141	0.621859
103	157	1.22472
103	158	1.23343
103	162	1.19315
103	164	1.13651
103	167	1.16268
103	172	0.482305
103	173	1.12399
103	175	1.15408
103	176	1.15307
103	177	1.11553
103	178	1.0646
103	179	1.21386
103	180	1.10969
104	5	1.07334
104	18	1.08413
104	49	1.13664
104	63	1.18623
104	73	1.14605
104	90	1.20389
104	93	1.20325
104	97	1.16456
104	105	1.2177
104	107	1.17384
104	110	0.712217
104	124	1.21348
104	125	0.893577
104	132	1.2148
104	138	0.715428
104	147	0.817499
104	157	0.662974
104	158	0.678421
104	160	0.825732
104	170	1.19371
104	172	1.18187
104	174	1.20295
105	5	1.08452
105	18	1.09531
105	47	1.15019
105	49	1.14782
105	58	1.14522
105	66	1.18511
105	73	1.15724
105	90	1.21507
105	97	1.17574
105	104	1.2177
105	107	1.18502
105	124	1.22467
105	129	0.555292
105	157	0.684066
105	158	0.699512
105	163	0.668543
105	170	1.20489
105	172	1.19305
105	173	1.00121
105	174	1.21413
105	177	0.996829
105	179	0.699144
106	9	1.17141
106	24	1.10266
106	32	0.98384
106	33	1.10519
106	42	1.07115
106	52	1.15834
106	70	1.09413
106	97	1.08262
106	99	0.52266
106	100	1.07826
106	111	1.10513
106	113	1.07929
106	117	1.1415
106	118	0.833775
106	120	1.04942
106	122	0.932342
106	123	1.12796
106	136	0.820564
106	156	1.15904
106	161	0.818913
106	165	1.11294
106	179	1.084
107	5	1.04066
107	14	1.1962
107	47	1.10633
107	58	1.10136
107	63	1.15355
107	66	1.14125
107	73	1.11337
107	90	1.17121
107	93	1.17057
107	104	1.17384
107	105	1.18502
107	124	1.1808
107	125	0.836915
107	132	1.18212
107	158	0.621759
107	166	0.776558
107	168	0.993155
107	170	1.16103
107	171	0.622085
107	172	1.14919
107	174	1.17027
107	176	0.750714
107	177	0.919076
108	7	1.19879
108	17	1.20309
108	78	1.11379
108	101	0.732716
108	115	1.13932
108	118	0.556262
108	121	1.16875
108	122	0.654828
108	125	0.756288
108	127	1.10482
108	132	1.18702
108	135	1.14906
108	137	1.14989
108	141	1.13435
108	146	1.17685
108	152	1.13242
108	154	0.897395
108	160	0.688442
108	165	1.05211
108	170	1.16592
108	172	1.15408
108	174	1.17516
108	178	1.09731
109	38	1.13517
109	60	1.07066
109	67	1.1788
109	80	1.11617
109	81	1.21961
109	87	0.714166
109	88	1.11605
109	96	1.14472
109	112	1.18887
109	115	1.14656
109	122	0.660104
109	127	1.11206
109	132	1.19426
109	135	1.1563
109	141	1.14159
109	149	0.589949
109	151	0.863305
109	152	1.13966
109	155	1.15668
109	158	0.546407
109	172	1.16132
109	174	1.1824
109	180	0.85448
110	61	1.09295
110	69	0.929894
110	104	0.712217
110	117	0.637961
110	122	1.11407
110	124	0.564412
110	139	1.16825
110	140	1.10085
110	144	1.18036
110	145	1.18662
110	150	1.16452
110	154	1.02507
110	162	1.10564
110	164	1.049
110	166	1.07874
110	168	1.00807
110	170	0.620952
110	172	0.631523
110	173	1.03648
110	176	1.06556
110	177	1.02802
110	178	0.977094
110	180	1.02218
111	9	1.2339
111	25	1.15111
111	32	1.04632
111	33	1.16767
111	52	1.22082
111	70	1.15661
111	79	1.12681
111	89	1.10635
111	97	1.1451
111	100	1.14074
111	106	1.10513
111	113	1.14177
111	117	1.20398
111	120	1.1119
111	123	1.19044
111	142	0.621083
111	148	0.695109
111	151	0.979468
111	164	0.845808
111	166	0.817369
111	171	0.662896
111	175	0.877628
111	179	1.14649
112	19	1.23818
112	51	0.640594
112	60	1.09411
112	67	1.20224
112	80	1.13961
112	84	0.543987
112	88	1.1395
112	96	0.715948
112	99	1.26519
112	109	1.18887
112	121	0.634508
112	124	0.467717
112	140	1.14335
112	143	1.19705
112	152	1.16311
112	156	0.46594
112	161	1.16151
112	169	1.10601
112	174	0.618724
112	176	1.10806
112	178	1.01959
112	179	1.16884
112	180	1.06468
113	3	1.09204
113	24	1.13931
113	25	1.12527
113	33	1.14184
113	42	1.10779
113	52	1.19498
113	70	1.13077
113	79	1.10097
113	89	1.08051
113	92	0.731818
113	100	1.11491
113	103	0.614801
113	106	1.07929
113	111	1.14177
113	117	1.17814
113	120	1.08606
113	123	1.1646
113	136	0.732142
113	147	0.869301
113	148	0.762761
113	150	0.690196
113	156	1.19568
113	179	1.12065
113	180	1.0383
114	18	0.8105
114	33	0.581965
114	76	1.14322
114	89	0.832392
114	122	1.08984
114	130	1.14325
114	133	1.14063
114	135	0.688078
114	137	0.797834
114	138	1.11105
114	140	1.07663
114	149	1.10693
114	154	1.00084
114	157	1.11299
114	164	1.02477
114	167	1.05095
114	168	0.983842
114	169	1.03929
114	171	1.12696
114	173	1.01225
114	174	0.714669
114	176	1.04134
114	177	1.0038
114	180	0.997958
115	7	1.18717
115	57	1.08698
115	78	1.10217
115	95	1.14648
115	96	1.12585
115	108	1.13932
115	109	1.14656
115	121	1.15713
115	126	1.09137
115	127	1.0932
115	137	1.13827
115	141	1.12272
115	145	0.574123
115	146	1.16523
115	158	0.735877
115	162	0.766892
115	163	0.704907
115	165	1.04049
115	166	0.890676
115	170	1.1543
115	172	1.14246
115	174	1.16354
115	178	1.29206
115	179	0.735509
116	17	0.565185
116	27	0.552865
116	36	0.650508
116	76	1.27359
116	78	0.703878
116	91	1.16651
116	95	0.553108
116	121	0.492796
116	123	0.546902
116	137	0.560176
116	138	1.24142
116	149	1.23729
116	153	1.24465
116	155	1.09121
116	162	1.21178
116	166	1.18488
116	168	1.1142
116	169	1.16965
116	173	1.14262
116	175	1.1727
116	176	1.1717
116	177	1.13416
116	178	1.08323
116	179	1.23249
116	180	1.12832
117	3	1.15425
117	25	1.18748
117	32	1.08269
117	33	1.20404
117	42	1.17
117	70	1.19298
117	75	0.659068
117	79	1.16318
117	83	0.828195
117	89	1.14272
117	97	1.18147
117	100	1.17711
117	106	1.1415
117	110	0.637961
117	111	1.20398
117	113	1.17814
117	118	0.619295
117	119	0.907267
117	120	1.14827
117	123	1.22681
117	134	0.473639
117	136	0.606084
117	156	1.25789
117	177	0.901482
117	179	1.18286
118	63	0.690679
118	68	0.639962
118	106	0.833775
118	108	0.556262
118	117	0.619295
118	120	0.803622
118	130	1.18781
118	131	1.16216
118	142	1.18039
118	149	1.15149
118	151	1.05054
118	153	1.15885
118	157	1.15755
118	158	1.16625
118	162	1.12598
118	164	1.06933
118	166	1.09907
118	167	1.09551
118	170	0.602287
118	171	1.17152
118	173	1.05682
118	175	1.0869
118	177	1.04836
118	178	0.99743
118	180	1.04252
119	50	1.09326
119	75	1.03265
119	117	0.907267
119	124	0.833718
119	126	0.760967
119	128	1.03681
119	129	1.11481
119	138	1.06126
119	144	1.10634
119	155	0.911045
119	160	1.01316
119	162	1.03162
119	165	0.966283
119	166	1.00472
119	167	1.00115
119	170	0.890259
119	171	1.07716
119	172	0.900829
119	173	0.962457
119	175	0.992544
119	176	0.99154
119	177	0.953998
119	178	0.903072
119	180	0.948161
120	3	1.06217
120	24	1.10944
120	25	1.0954
120	32	0.990612
120	33	1.11196
120	42	1.07792
120	52	1.16511
120	70	1.1009
120	79	1.0711
120	89	1.05064
120	97	1.08939
120	100	1.08503
120	106	1.04942
120	111	1.1119
120	113	1.08606
120	117	1.14827
120	118	0.803622
120	123	1.13473
120	130	0.702751
120	134	0.657966
120	143	0.797634
120	148	0.82103
120	155	1.39876
120	156	1.16581
120	171	0.788817
120	179	1.09078
121	50	0.574232
121	57	1.11641
121	78	1.1316
121	95	1.17591
121	96	1.15528
121	108	1.16875
121	112	0.634508
121	115	1.15713
121	116	0.492796
121	122	0.811103
121	126	1.1208
121	127	1.12263
121	132	1.20482
121	135	1.16687
121	137	1.1677
121	141	1.15216
121	145	0.535652
121	146	1.19466
121	152	1.15023
121	165	1.06992
121	167	0.874939
121	170	1.18373
121	172	1.17189
121	174	1.19297
121	175	0.912464
121	180	1.00548
122	54	1.13338
122	83	1.05605
122	84	0.720582
122	91	1.0471
122	92	1.1154
122	106	0.932342
122	108	0.654828
122	109	0.660104
122	110	1.11407
122	114	1.08984
122	121	0.811103
122	131	1.12855
122	132	0.715756
122	138	1.12201
122	139	1.15498
122	142	1.14678
122	143	1.14129
122	154	1.0118
122	156	0.642535
122	161	1.10575
122	165	1.02704
122	169	1.05025
122	173	1.02321
122	176	1.0523
122	178	0.963827
122	179	1.11308
122	180	1.00892
123	3	1.14071
123	9	1.25673
123	24	1.18798
123	25	1.17394
123	33	1.1905
123	42	1.15646
123	52	1.24365
123	70	1.17944
123	74	0.522954
123	79	1.14964
123	89	1.12918
123	97	1.16793
123	100	1.16358
123	103	0.636091
123	106	1.12796
123	111	1.19044
123	113	1.1646
123	116	0.546902
123	117	1.22681
123	120	1.13473
123	139	0.601557
123	149	0.795054
123	150	0.711485
123	156	1.24435
123	157	0.736066
123	161	0.75178
123	179	1.16932
123	180	1.05959
124	5	1.0803
124	14	1.23584
124	18	1.0911
124	47	1.14597
124	49	1.14361
124	58	1.141
124	61	0.645757
124	63	1.1932
124	66	1.18089
124	73	1.15302
124	90	1.21086
124	93	1.21021
124	97	1.17152
124	101	0.7222
124	104	1.21348
124	105	1.22467
124	107	1.1808
124	110	0.564412
124	112	0.467717
124	119	0.833718
124	132	1.22177
124	154	0.886879
124	158	0.530615
124	164	0.713854
124	170	1.20067
124	172	1.18883
124	174	1.20991
124	175	0.745673
125	13	0.83127
125	25	0.790113
125	35	0.723017
125	44	0.968818
125	46	1.0143
125	54	1.11925
125	83	1.04192
125	104	0.893577
125	107	0.836915
125	108	0.756288
125	128	1.08344
125	139	1.14085
125	142	1.13265
125	147	1.07701
125	151	1.00281
125	153	1.11112
125	159	1.04768
125	160	1.05979
125	161	1.09162
125	167	1.04778
125	168	0.980671
125	171	1.12379
125	173	1.00908
125	175	1.03917
125	176	1.03817
125	177	1.00062
125	178	0.949698
125	179	1.09895
125	180	0.994787
126	4	1.01298
126	6	1.15147
126	11	1.01265
126	13	1.15128
126	36	1.11114
126	43	1.06708
126	45	2.67331
126	53	1.15585
126	62	1.12443
126	65	1.12439
126	115	1.09137
126	119	0.760967
126	121	1.1208
126	127	1.05687
126	135	1.10111
126	137	1.10194
126	141	1.0864
126	143	0.467008
126	144	0.343164
126	146	1.1289
126	152	1.08447
126	156	1.16524
126	159	0.622644
126	160	0.605176
126	167	0.635398
126	170	1.11797
126	172	1.10613
126	174	1.12721
126	179	0.457497
127	8	1.17287
127	17	1.15696
127	78	1.06766
127	91	0.926284
127	95	1.11198
127	96	1.09135
127	102	1.09496
127	108	1.10482
127	109	1.11206
127	115	1.0932
127	121	1.12263
127	126	1.05687
127	129	0.533918
127	132	1.14089
127	135	1.10294
127	137	1.10377
127	138	0.715145
127	141	1.08822
127	146	1.13073
127	151	0.995035
127	152	1.0863
127	164	0.861376
127	165	1.00599
127	169	0.879022
127	170	1.1198
127	172	1.10795
127	174	1.12903
127	176	0.807093
127	180	0.986211
128	3	0.636932
128	56	0.699597
128	61	1.07645
128	78	0.995934
128	79	0.811439
128	87	1.06634
128	91	1.04387
128	92	1.11217
128	100	0.762455
128	119	1.03681
128	125	1.08344
128	136	1.12226
128	150	1.14802
128	151	1.0137
128	153	1.12201
128	158	1.12942
128	161	1.10252
128	162	1.08915
128	167	1.05867
128	168	0.991568
128	169	1.04702
128	170	0.674602
128	171	1.13468
128	174	0.769067
128	175	1.05007
128	177	1.01152
128	178	0.960595
128	180	1.00568
129	14	0.608108
129	24	0.584325
129	28	0.924318
129	30	0.639033
129	57	0.749716
129	105	0.555292
129	119	1.11481
129	127	0.533918
129	131	1.20332
129	136	1.20026
129	137	0.620567
129	139	1.22975
129	140	1.16235
129	143	1.21606
129	149	1.19265
129	150	1.22601
129	154	1.08657
129	155	1.04657
129	158	1.20742
129	159	1.13657
129	166	1.14024
129	168	1.06957
129	171	1.21268
129	173	1.09798
129	174	0.537402
129	175	1.12807
129	176	1.12706
129	177	1.08952
129	178	1.03859
129	180	1.08368
130	16	1.3056
130	29	0.630172
130	38	0.687723
130	97	0.720843
130	114	1.14325
130	118	1.18781
130	120	0.702751
130	132	0.516318
130	135	0.56929
130	136	1.1789
130	138	1.17542
130	140	1.14099
130	145	1.22676
130	146	0.583052
130	150	1.20466
130	154	1.06521
130	155	1.02521
130	156	0.443097
130	157	1.17735
130	162	1.14578
130	163	1.19803
130	166	1.11888
130	169	1.10366
130	170	0.501416
130	171	1.19132
130	176	1.1057
130	177	1.06816
130	178	1.01723
130	179	1.16649
130	180	1.06232
131	10	0.967443
131	12	0.840714
131	14	0.669021
131	65	0.558722
131	69	0.812791
131	81	0.614265
131	92	1.14316
131	96	0.69554
131	118	1.16216
131	122	1.12855
131	129	1.20332
131	143	1.16905
131	147	1.11889
131	148	1.15985
131	149	1.14564
131	150	1.179
131	153	1.153
131	154	1.03956
131	155	0.999556
131	159	1.08956
131	160	1.10167
131	168	1.02256
131	169	1.07801
131	171	1.16567
131	172	0.51442
131	176	1.08005
131	177	1.04251
131	178	0.991583
131	180	1.03667
132	58	1.14232
132	66	1.18221
132	73	1.15434
132	78	1.14986
132	90	1.21218
132	93	1.21153
132	104	1.2148
132	107	1.18212
132	108	1.18702
132	109	1.19426
132	121	1.20482
132	122	0.715756
132	124	1.22177
132	127	1.14089
132	130	0.516318
132	135	1.18513
132	137	1.18596
132	141	1.17042
132	143	0.611202
132	147	0.741137
132	148	0.634598
132	150	0.562032
132	151	0.918957
132	152	1.16849
132	165	1.08818
132	169	0.802943
132	170	1.20199
132	172	1.19015
132	174	1.21123
132	175	0.817117
132	180	0.910132
133	8	0.612274
133	13	0.533115
133	15	0.709877
133	57	0.810937
133	60	0.690134
133	74	1.2178
133	75	1.1442
133	83	1.10683
133	95	0.67472
133	99	1.26022
133	114	1.14063
133	139	1.20577
133	140	1.13837
133	146	0.585795
133	150	1.20204
133	151	1.06772
133	152	0.601965
133	154	1.06259
133	158	1.18344
133	159	1.11259
133	161	1.15654
133	162	1.14316
133	164	1.08651
133	168	1.04559
133	169	1.10104
133	171	1.1887
133	174	0.598624
133	176	1.10308
133	177	1.06554
133	178	1.01461
133	180	1.0597
134	21	0.939555
134	44	0.623136
134	50	1.24547
134	51	0.572967
134	74	1.25847
134	79	0.593468
134	86	0.620988
134	87	1.16102
134	96	0.648321
134	101	1.16464
134	117	0.473639
134	120	0.657966
134	143	1.23274
134	144	1.25855
134	148	1.22354
134	153	1.2167
134	154	1.10325
134	155	1.06325
134	157	1.2154
134	162	1.18383
134	164	1.12718
134	166	1.15692
134	167	1.15336
134	168	1.08625
134	172	0.467201
134	174	0.551096
134	175	1.14475
134	176	1.14375
134	177	1.1062
134	178	1.05528
134	179	1.20453
134	180	1.10037
135	7	1.19691
135	8	1.21712
135	17	1.20121
135	36	1.15721
135	57	1.09672
135	78	1.11191
135	95	1.15622
135	96	1.13559
135	102	1.1392
135	108	1.14906
135	109	1.1563
135	114	0.688078
135	121	1.16687
135	126	1.10111
135	127	1.10294
135	130	0.56929
135	132	1.18513
135	136	0.65695
135	137	1.14801
135	139	0.505075
135	141	1.13247
135	145	0.493277
135	146	1.17497
135	152	1.13054
135	165	1.05023
135	166	0.809829
135	168	1.02643
135	170	1.16404
135	172	1.1522
135	173	0.956724
135	174	1.17328
135	177	0.952348
135	180	0.963104
136	43	0.802161
136	81	0.699491
136	95	0.759637
136	97	0.808503
136	99	1.23413
136	106	0.820564
136	113	0.732142
136	117	0.606084
136	128	1.12226
136	129	1.20026
136	130	1.1789
136	135	0.65695
136	143	1.16599
136	147	1.11583
136	151	1.04163
136	155	0.996497
136	157	1.14864
136	158	1.15735
136	160	1.09861
136	161	1.13045
136	162	1.11707
136	166	1.09017
136	167	1.0866
136	168	1.0195
136	169	1.07495
136	170	0.589076
136	171	1.16261
136	173	1.04791
136	175	1.078
136	176	1.07699
136	177	1.03945
136	178	0.988524
136	180	1.03361
137	7	1.19774
137	8	1.21795
137	17	1.20204
137	36	1.15804
137	57	1.09755
137	78	1.11274
137	95	1.15705
137	96	1.13642
137	99	0.468801
137	102	1.14003
137	108	1.14989
137	114	0.797834
137	115	1.13827
137	116	0.560176
137	121	1.1677
137	126	1.10194
137	127	1.10377
137	129	0.620567
137	132	1.18596
137	135	1.14801
137	139	0.614831
137	141	1.13329
137	146	1.1758
137	152	1.13137
137	153	0.685989
137	163	0.733817
137	164	0.948024
137	165	1.05106
137	167	0.942319
137	170	1.16487
137	172	1.15303
137	174	1.17411
137	175	0.979844
138	22	1.09177
138	40	0.677974
138	41	0.676954
138	53	0.552412
138	58	0.723516
138	80	0.884221
138	99	1.23065
138	104	0.715428
138	114	1.11105
138	116	1.24142
138	119	1.06126
138	122	1.12201
138	127	0.715145
138	130	1.17542
138	141	0.774288
138	143	1.1625
138	151	1.03815
138	155	0.993015
138	157	1.14516
138	159	1.08302
138	161	1.12697
138	162	1.11359
138	164	1.05694
138	166	1.08669
138	169	1.07146
138	170	0.624163
138	171	1.15913
138	175	1.07451
138	176	1.07351
138	177	1.03597
138	178	0.985041
138	179	1.13429
138	180	1.03013
139	5	0.941227
139	21	0.920125
139	36	0.705163
139	44	0.603707
139	60	0.623177
139	75	1.14759
139	96	0.628891
139	110	1.16825
139	122	1.15498
139	123	0.601557
139	125	1.14085
139	129	1.22975
139	133	1.20577
139	135	0.505075
139	137	0.614831
139	140	1.14177
139	145	1.22753
139	147	1.14532
139	148	1.18627
139	151	1.07112
139	153	1.17943
139	155	1.02598
139	158	1.18683
139	160	1.1281
139	162	1.14656
139	167	1.11609
139	169	1.10443
139	173	1.0774
139	174	0.531667
139	176	1.10648
139	177	1.06894
139	178	1.01801
139	179	1.16726
139	180	1.0631
140	27	0.785487
140	37	0.841058
140	65	0.670039
140	80	0.875226
140	84	0.634896
140	94	0.715502
140	100	0.703021
140	102	1.1028
140	103	1.18836
140	110	1.10085
140	112	1.14335
140	114	1.07663
140	129	1.16235
140	130	1.14099
140	133	1.13837
140	139	1.14177
140	142	1.13357
140	145	1.16013
140	150	1.13804
140	151	1.00372
140	153	1.11203
140	154	0.998589
140	162	1.07916
140	165	1.01383
140	166	1.05226
140	167	1.04869
140	170	0.615167
140	171	1.1247
140	173	1.01
140	174	0.709633
140	176	1.03908
140	177	1.00154
140	179	1.09987
140	180	0.995703
141	7	1.18219
141	8	1.2024
141	17	1.18649
141	36	1.1425
141	57	1.08201
141	78	1.09719
141	95	1.1415
141	96	1.12088
141	102	1.12449
141	103	0.621859
141	108	1.13435
141	109	1.14159
141	115	1.12272
141	121	1.15216
141	126	1.0864
141	127	1.08822
141	132	1.17042
141	135	1.13247
141	137	1.13329
141	138	0.774288
141	144	0.62258
141	146	1.16025
141	152	1.11583
141	153	0.658484
141	158	0.737281
141	160	0.884592
141	165	1.03551
141	166	0.89208
141	170	1.14932
141	172	1.13748
141	173	1.03897
141	174	1.15856
141	176	0.866236
141	179	0.736913
142	6	0.513275
142	11	0.922794
142	14	0.710841
142	22	1.11654
142	36	0.813631
142	40	0.59948
142	78	0.867001
142	93	0.622567
142	94	0.646004
142	111	0.621083
142	118	1.18039
142	122	1.14678
142	125	1.13265
142	140	1.13357
142	144	1.21308
142	147	1.13712
142	148	1.17807
