1	47	1.40065
1	107	0.476518
1	111	1.34566
1	113	1.22824
1	118	1.3735
1	120	0.469115
1	132	1.44145
1	154	0.476097
1	156	1.40424
1	162	1.40626
1	178	0.496855
1	180	0.487943
2	74	1.18719
2	128	1.14717
2	132	1.23885
2	133	0.617891
2	140	1.22313
2	141	0.59297
2	144	1.20557
2	154	0.610956
2	157	1.18906
2	158	1.21479
2	160	0.583165
2	168	1.19423
3	87	1.45729
3	101	1.32946
3	113	1.23378
3	121	1.37523
3	124	0.50667
3	128	1.35531
3	144	1.4137
3	146	0.474927
3	150	1.43522
3	159	0.479898
3	174	0.470508
3	176	0.47443
4	6	1.22003
4	54	0.597035
4	82	1.22876
4	85	1.19193
4	91	1.13737
4	96	1.21976
4	150	1.21988
4	159	1.15806
4	169	1.22421
4	171	0.57412
4	173	0.620097
4	178	0.613712
5	11	0.315439
5	103	0.547977
5	117	0.515311
5	136	0.521763
5	143	1.40022
5	150	0.493039
5	171	1.39107
5	172	1.37509
5	173	1.33632
5	174	1.36553
5	175	1.37484
5	180	1.35692
6	4	1.22003
6	32	0.506222
6	44	0.433179
6	51	1.36165
6	82	1.42636
6	91	1.33498
6	100	1.41769
6	101	0.541253
6	143	0.472111
6	150	1.41749
6	166	0.451086
6	169	1.42181
7	37	1.50861
7	46	1.26939
7	57	1.29092
7	71	0.402796
7	81	1.42219
7	84	1.40483
7	100	0.39068
7	127	1.33498
7	156	1.36909
7	160	0.861457
7	163	0.363854
7	178	0.385492
8	79	1.47924
8	112	1.30805
8	115	1.38341
8	121	1.33774
8	122	0.48124
8	134	0.485522
8	136	1.3329
8	140	1.39378
8	152	0.500685
8	166	0.450013
8	168	1.36487
8	179	0.486157
9	22	0.493191
9	41	1.32609
9	45	0.583585
9	92	1.12741
9	99	1.20319
9	103	1.15434
9	108	1.19941
9	112	1.16312
9	115	1.23848
9	136	1.18797
9	160	0.642322
9	176	0.686044
10	27	0.395789
10	60	0.450366
10	101	0.520522
10	111	0.511141
10	138	0.51549
10	164	1.36944
10	170	1.3862
10	171	1.40586
10	173	1.35111
10	176	1.35718
10	179	1.3585
10	180	1.37171
11	5	0.315439
11	19	1.4219
11	74	1.38175
11	102	1.32064
11	111	1.33763
11	128	1.34173
11	144	1.40013
11	156	1.39621
11	171	0.718896
11	172	0.735612
11	173	0.320677
11	178	0.314292
12	35	1.36203
12	78	1.35629
12	94	1.29984
12	129	0.500655
12	149	1.39087
12	153	1.38461
12	155	1.39651
12	162	1.40985
12	163	0.463897
12	164	0.474102
12	176	0.480707
12	177	0.48409
13	21	1.42742
13	78	1.34539
13	94	1.28895
13	99	0.516275
13	149	1.37997
13	153	1.37371
13	155	1.38561
13	158	0.460174
13	162	1.39896
13	163	0.462254
13	167	0.49197
13	168	0.473091
14	40	1.4616
14	56	1.28376
14	61	1.28376
14	67	1.39797
14	123	1.35613
14	126	1.41698
14	141	1.39981
14	143	0.471464
14	151	0.496046
14	161	0.47394
14	177	0.486086
14	180	0.478619
15	70	0.44679
15	76	1.34946
15	86	1.3743
15	105	1.41307
15	147	1.33317
15	152	1.37881
15	153	1.37028
15	157	1.38092
15	167	0.514094
15	171	0.466423
15	172	0.483139
15	175	0.495854
16	86	1.36765
16	105	1.40642
16	114	1.38934
16	139	0.506512
16	147	1.32652
16	152	1.37216
16	153	1.36363
16	157	1.37428
16	161	0.467994
16	167	0.489663
16	168	0.470784
16	175	0.471423
17	101	1.31509
17	121	1.36086
17	128	1.34093
17	133	0.473545
17	140	1.41689
17	156	1.39541
17	157	1.38282
17	165	0.488142
17	168	1.38799
17	174	0.478619
17	178	0.487368
17	180	0.478457
18	27	0.535312
18	140	0.590241
18	145	0.628014
18	148	0.641467
18	167	1.1805
18	170	1.2095
18	172	1.21318
18	175	1.21293
18	177	1.19903
18	178	1.20805
18	179	1.1818
18	180	1.19501
19	11	1.4219
19	113	1.21615
19	121	1.35761
19	132	1.42936
19	144	1.39607
19	151	0.494595
19	162	1.39417
19	163	0.464441
19	168	1.38474
19	173	0.492464
19	174	0.47733
19	180	0.477168
20	78	1.34939
20	94	1.29295
20	98	0.503123
20	114	1.40341
20	149	1.38397
20	153	1.37771
20	155	1.38962
20	160	0.442612
20	162	1.40296
20	167	0.499239
20	168	0.48036
20	175	0.480999
21	13	1.42742
21	78	1.34539
21	93	0.480063
21	94	1.28895
21	130	0.477479
21	149	1.37997
21	153	1.37371
21	155	1.38561
21	162	1.39896
21	164	0.478206
21	174	0.48089
21	178	0.489639
22	9	0.493191
22	55	0.782199
22	66	0.328827
22	79	0.287439
22	91	0.366213
22	118	0.336809
22	151	1.46813
22	172	1.50577
22	173	1.467
22	175	1.50552
22	177	1.49161
22	179	1.47438
22	180	1.4876
23	31	0.535744
23	34	1.2818
23	88	1.39508
23	99	1.2969
23	103	1.24805
23	115	1.33219
23	117	1.26592
23	120	0.499324
23	136	1.28168
23	149	0.520917
23	154	1.29838
23	155	0.534386
23	168	0.516263
24	97	1.56754
24	119	1.42941
24	135	1.53822
24	137	1.50817
24	138	1.43638
24	143	0.432837
24	145	1.46777
24	148	1.45251
24	160	0.400355
24	164	0.437471
24	178	0.448904
24	179	0.447956
24	180	0.439992
25	46	1.2242
25	49	1.29254
25	57	1.24572
25	77	1.2833
25	80	0.546435
25	81	1.37699
25	84	1.35963
25	109	0.505158
25	123	1.29373
25	156	1.32389
25	164	0.526942
25	170	0.529071
25	171	0.498782
26	40	1.36153
26	50	1.28772
26	58	1.20285
26	63	1.37661
26	67	1.29791
26	83	1.31756
26	123	1.25607
26	134	0.513739
26	139	0.540249
26	141	1.29975
26	165	0.516095
26	173	0.521706
26	179	0.514374
27	10	0.395789
27	18	0.535312
27	124	0.44702
27	129	1.49491
27	133	0.405784
27	135	1.52936
27	137	1.49931
27	138	1.42751
27	142	1.50409
27	145	1.4589
27	146	0.415277
27	152	1.48592
27	161	0.406016
28	65	1.55471
28	102	1.45898
28	111	1.47597
28	113	1.35854
28	121	1.49999
28	122	0.434443
28	128	1.48007
28	132	1.57175
28	143	0.424241
28	175	0.430146
28	177	0.438863
28	178	0.440308
28	179	0.43936
29	85	1.30096
29	89	1.35121
29	91	1.24641
29	96	1.3288
29	100	1.32913
29	109	0.503123
29	147	1.24313
29	159	1.2671
29	161	0.522749
29	169	1.33325
29	172	0.513463
29	176	0.531512
29	179	0.535392
30	44	0.490047
30	92	1.24664
30	99	1.32242
30	103	1.27357
30	108	1.31865
30	112	1.28236
30	115	1.35771
30	117	1.29145
30	136	1.3072
30	140	0.528318
30	141	0.506302
30	175	0.534884
30	179	0.544098
31	23	0.535744
31	89	0.480106
31	110	0.537936
31	131	0.508806
31	143	1.34361
31	147	0.532711
31	167	1.2858
31	173	1.27971
31	176	1.28578
31	177	1.30433
31	178	1.31335
31	179	1.2871
31	180	1.30031
32	6	0.506222
32	84	0.499579
32	108	0.529838
32	116	0.536819
32	146	1.29716
32	152	0.522889
32	165	1.29122
32	170	1.31178
32	171	1.33144
32	173	1.2767
32	178	1.31033
32	179	1.28408
32	180	1.29729
33	98	0.536453
33	106	0.525856
33	110	1.27876
33	125	1.35093
33	129	1.31889
33	131	1.32616
33	137	1.32328
33	138	1.25148
33	145	1.28287
33	148	1.26762
33	158	0.500773
33	176	0.519664
33	179	0.523544
34	23	1.2818
34	52	0.547879
34	79	1.43414
34	92	1.22724
34	103	1.25417
34	115	1.33831
34	117	1.27204
34	136	1.2878
34	141	0.495589
34	154	1.3045
34	168	0.523532
34	172	0.511456
34	180	0.525421
35	12	1.36203
35	78	1.2691
35	87	0.497763
35	94	1.21266
35	114	1.32312
35	149	1.30368
35	153	1.29742
35	155	1.30933
35	158	0.508793
35	162	1.32267
35	165	0.533285
35	167	0.540589
35	180	0.523599
36	95	1.33076
36	116	1.2986
36	129	1.31361
36	135	1.34806
36	138	1.24621
36	142	1.32279
36	145	1.2776
36	148	1.26235
36	154	0.522535
36	161	0.529702
36	165	0.544066
36	166	0.5062
36	171	0.5037
37	7	1.50861
37	49	1.47464
37	57	1.42782
37	77	1.4654
37	84	1.54173
37	98	0.447288
37	106	0.436691
37	123	1.47583
37	155	0.442648
37	156	1.50599
37	168	0.424525
37	170	0.426022
37	176	0.430499
38	46	1.16978
38	49	1.23812
38	57	1.1913
38	71	0.579666
38	76	0.586709
38	77	1.22888
38	81	1.32257
38	84	1.30521
38	123	1.23931
38	127	1.23536
38	130	0.550202
38	156	1.26947
38	158	0.538644
38	161	0.548771
39	80	0.577291
39	85	1.25289
39	94	1.14742
39	96	1.28073
39	97	0.533913
39	100	1.28106
39	146	0.564901
39	153	1.23218
39	155	1.24409
39	159	1.21903
39	162	1.25743
39	164	0.557798
39	165	0.570005
39	169	1.28518
40	14	1.4616
40	26	1.36153
40	56	1.33924
40	58	1.3584
40	61	1.33924
40	83	1.4731
40	109	0.45013
40	123	1.41161
40	141	1.45529
40	157	0.503688
40	170	0.474043
40	171	0.443754
40	172	0.46047
40	175	0.473185
41	9	1.32609
41	70	0.429333
41	92	1.36523
41	103	1.39216
41	108	1.43724
41	112	1.40095
41	117	1.41004
41	120	0.460819
41	130	0.476399
41	133	0.474736
41	136	1.42579
41	154	1.4425
41	170	0.479256
41	177	0.487114
42	45	0.382083
42	99	1.41427
42	103	1.36542
42	104	1.4375
42	108	1.4105
42	112	1.37421
42	117	1.3833
42	126	0.461874
42	136	1.39905
42	154	1.41575
42	159	0.490011
42	167	0.497448
42	173	0.495755
42	174	0.480621
43	70	0.435746
43	119	1.34389
43	125	1.45031
43	127	0.494064
43	131	1.42554
43	135	1.45271
43	138	1.35086
43	142	1.42744
43	145	1.38225
43	148	1.367
43	169	0.443239
43	170	0.485668
43	171	0.455379
43	177	0.493527
44	6	0.433179
44	30	0.490047
44	113	0.559571
44	114	0.444129
44	132	0.427369
44	161	1.41361
44	162	0.440769
44	166	1.41385
44	167	1.3828
44	175	1.41522
44	176	1.38278
44	178	1.41035
44	179	1.38409
44	180	1.39731
45	9	0.583585
45	42	0.382083
45	67	0.390976
45	94	1.41311
45	110	0.421968
45	144	0.412126
45	153	1.49788
45	157	0.404318
45	162	1.52313
45	167	1.48174
45	174	1.50486
45	179	1.48303
45	180	1.49625
46	7	1.26939
46	25	1.2242
46	38	1.16978
46	57	1.18861
46	77	1.22619
46	81	1.31988
46	84	1.30252
46	127	1.23267
46	146	0.567906
46	156	1.26677
46	164	0.560803
46	166	0.535144
46	167	0.580314
46	175	0.562074
47	1	1.40065
47	74	1.34842
47	87	1.41038
47	102	1.28731
47	113	1.18687
47	121	1.32832
47	122	0.504765
47	128	1.30839
47	141	0.471886
47	144	1.36679
47	156	1.36287
47	167	0.518708
47	174	0.501881
47	175	0.500469
47	179	0.509683
48	52	1.3461
48	62	1.2908
48	76	1.31562
48	86	1.34046
48	105	1.37922
48	126	0.494814
48	143	0.506243
48	147	1.29932
48	152	1.34496
48	153	1.33644
48	157	1.34708
48	159	0.522951
48	169	0.470577
48	172	0.499433
48	174	0.513561
49	25	1.29254
49	37	1.47464
49	38	1.23812
49	59	0.565003
49	77	1.29453
49	81	1.38822
49	84	1.37086
49	123	1.30496
49	126	0.477269
49	127	1.30101
49	156	1.33512
49	165	0.50554
49	167	0.512844
49	168	0.493965
49	169	0.453033
50	26	1.28772
50	56	1.26542
50	58	1.28458
50	61	1.26542
50	67	1.37964
50	83	1.39929
50	123	1.3378
50	126	1.39864
50	130	0.491871
50	139	0.528959
50	141	1.38148
50	143	0.487965
50	168	0.49323
50	173	0.510416
50	174	0.495282
51	6	1.36165
51	85	1.33355
51	91	1.27899
51	96	1.36138
51	100	1.36171
51	134	0.514639
51	141	0.477477
51	147	1.27571
51	150	1.3615
51	155	0.523543
51	159	1.29968
51	166	0.479129
51	168	0.50542
51	169	1.36583
51	180	0.507309
52	34	0.547879
52	48	1.3461
52	62	1.28402
52	64	1.36309
52	86	1.33367
52	105	1.37244
52	120	0.47707
52	147	1.29254
52	149	0.498663
52	152	1.33818
52	153	1.32966
52	154	0.484052
52	157	1.3403
52	168	0.494009
52	178	0.50481
53	82	1.36383
53	89	1.37724
53	91	1.27244
53	96	1.35483
53	100	1.35516
53	126	0.49072
53	127	0.517309
53	146	0.513887
53	147	1.26916
53	150	1.35495
53	154	0.497459
53	159	1.29313
53	166	0.481125
53	168	0.507416
53	169	1.35927
54	4	0.597035
54	64	0.477758
54	92	1.27122
54	97	0.439269
54	99	1.347
54	100	0.479774
54	117	1.31603
54	128	0.505926
54	136	1.33178
54	157	0.494927
54	165	1.34025
54	174	1.35493
54	178	1.35936
54	179	1.3331
54	180	1.34632
55	22	0.782199
55	65	1.31871
55	98	0.500093
55	101	1.21822
55	102	1.22298
55	111	1.23997
55	117	0.511032
55	121	1.26399
55	140	1.32003
55	141	0.449387
55	144	1.30246
55	150	1.32398
55	156	1.29854
55	168	1.29112
55	175	0.47797
55	176	0.483304
56	14	1.28376
56	40	1.33924
56	50	1.26542
56	58	1.18056
56	63	1.35431
56	67	1.27561
56	83	1.29526
56	121	0.551477
56	123	1.23377
56	126	1.29462
56	141	1.27745
56	159	0.536756
56	165	0.536889
56	172	0.513238
56	176	0.531287
56	179	0.535167
57	7	1.29092
57	25	1.24572
57	37	1.42782
57	38	1.1913
57	46	1.18861
57	77	1.24771
57	81	1.3414
57	84	1.32404
57	93	0.541895
57	127	1.25419
57	156	1.2883
57	163	0.529834
57	166	0.51438
57	171	0.511879
57	173	0.557857
57	178	0.551472
58	26	1.20285
58	40	1.3584
58	50	1.28458
58	56	1.18056
58	61	1.18056
58	63	1.37347
58	67	1.29477
58	83	1.31442
58	126	1.31378
58	128	0.573927
58	133	0.528764
58	141	1.29661
58	149	0.536441
58	169	0.490854
58	170	0.533284
58	179	0.54164
59	49	0.565003
59	68	0.437247
59	81	0.541037
59	87	0.516752
59	102	0.599191
59	122	1.29082
59	139	1.2546
59	140	0.534773
59	151	1.26352
59	160	1.29362
59	161	1.29929
59	173	1.26239
59	177	1.287
59	178	1.29603
59	179	1.26977
59	180	1.28298
60	10	0.450366
60	92	1.36363
60	103	1.39056
60	104	1.46264
60	108	1.43563
60	112	1.39934
60	115	1.4747
60	117	1.40843
60	122	0.468318
60	134	0.472601
60	136	1.42418
60	154	1.44089
60	155	0.481505
60	165	0.474958
60	166	0.437092
60	169	0.42245
61	14	1.28376
61	40	1.33924
61	50	1.26542
61	58	1.18056
61	63	1.35431
61	67	1.27561
61	83	1.29526
61	107	0.537086
61	123	1.23377
61	126	1.29462
61	141	1.27745
61	154	0.536665
61	160	0.508874
61	166	0.520331
61	174	0.548674
61	177	0.555978
62	48	1.2908
62	52	1.28402
62	76	1.25354
62	86	1.27837
62	104	1.29665
62	105	1.31714
62	106	0.543862
62	127	0.54159
62	141	0.503753
62	147	1.23724
62	152	1.28288
62	153	1.27436
62	157	1.285
62	165	0.543271
62	179	0.541549
62	180	0.533585
63	26	1.37661
63	56	1.35431
63	58	1.37347
63	61	1.35431
63	67	1.46853
63	83	1.48818
63	123	1.42669
63	124	0.487527
63	126	1.48753
63	141	1.47037
63	143	0.444048
63	149	0.453967
63	161	0.446523
63	167	0.468192
63	175	0.449952
63	177	0.458669
64	52	1.36309
64	54	0.477758
64	76	1.33261
64	86	1.35745
64	104	1.37572
64	105	1.39622
64	114	1.37913
64	139	0.519363
64	147	1.31632
64	152	1.36196
64	153	1.35343
64	155	0.501757
64	157	1.36407
64	169	0.442702
64	172	0.471558
64	173	0.50082
64	179	0.493488
65	28	1.55471
65	55	1.31871
65	100	0.503147
65	101	1.30631
65	113	1.21062
65	118	1.35589
65	121	1.35208
65	128	1.33215
65	144	1.39055
65	149	0.491813
65	151	0.506475
65	158	1.39977
65	166	0.460867
65	168	1.37921
65	171	0.458367
65	179	0.497012
65	180	0.489048
66	22	0.328827
66	95	1.37812
66	97	1.42473
66	106	0.527872
66	119	1.2866
66	125	1.39301
66	135	1.39541
66	137	1.36536
66	142	1.37015
66	145	1.32495
66	148	1.3097
66	152	1.35197
66	158	0.502789
66	161	0.512917
66	163	0.504869
66	172	0.50363
66	178	0.526507
67	14	1.39797
67	26	1.29791
67	45	0.390976
67	50	1.37964
67	56	1.27561
67	58	1.29477
67	61	1.27561
67	63	1.46853
67	83	1.40948
67	106	0.499628
67	126	1.40883
67	127	0.497356
67	139	0.523191
67	141	1.39166
67	149	0.492117
67	167	0.506341
67	178	0.498263
68	59	0.437247
68	69	1.30826
68	73	1.31412
68	93	0.367434
68	95	1.35063
68	110	1.29336
68	116	1.31848
68	131	1.34076
68	138	1.26608
68	139	1.28594
68	142	1.34266
68	144	0.405159
68	145	1.29747
68	148	1.28222
68	166	0.82459
68	167	0.385088
68	169	0.809949
68	177	0.375565
69	68	1.30826
69	88	0.486922
69	110	1.2897
69	116	1.31481
69	129	1.32982
69	131	1.33709
69	135	1.36426
69	138	1.26242
69	139	1.28228
69	142	1.339
69	145	1.29381
69	148	1.27855
69	158	0.511572
69	164	0.523857
69	166	0.498198
69	174	0.526541
69	178	0.53529
69	180	0.526378
70	15	0.44679
70	41	0.429333
70	43	0.435746
70	116	0.459548
70	138	0.480082
70	146	1.43029
70	150	0.432666
70	153	0.457459
70	157	0.452378
70	163	1.47145
70	167	1.41592
70	170	1.44491
70	171	1.46458
70	172	1.4486
70	176	1.4159
70	177	1.43444
70	178	1.44347
70	180	1.43043
71	7	0.402796
71	38	0.579666
71	76	0.532915
71	97	0.47325
71	104	0.501942
71	106	1.30536
71	110	0.546559
71	138	0.556612
71	143	1.3376
71	166	1.31084
71	170	1.30878
71	171	1.32844
71	172	1.31247
71	174	1.30291
71	175	1.31221
71	176	1.27977
71	178	1.30733
71	180	1.29429
72	73	1.29211
72	95	1.32862
72	98	0.539598
72	116	1.29646
72	120	0.499896
72	125	1.34352
72	127	0.526729
72	131	1.31874
72	135	1.34591
72	137	1.31586
72	142	1.32065
72	145	1.27546
72	148	1.2602
72	152	1.30247
72	160	0.479088
72	170	0.518333
72	179	0.526689
72	180	0.518725
73	68	1.31412
73	72	1.29211
73	78	0.556377
73	93	0.51692
73	110	1.29556
73	116	1.32067
73	119	1.26131
73	122	0.520632
73	129	1.33568
73	131	1.34295
73	137	1.34007
73	138	1.26828
73	142	1.34486
73	148	1.28441
73	169	0.474764
73	171	0.486904
73	177	0.525052
73	179	0.525549
74	2	1.18719
74	11	1.38175
74	47	1.34842
74	88	0.479604
74	101	1.27169
74	102	1.27644
74	113	1.176
74	118	1.32127
74	122	0.522108
74	139	0.5529
74	140	1.37349
74	147	0.560739
74	158	1.36515
74	162	1.35402
74	168	1.34459
74	169	0.476239
74	171	0.48838
74	177	0.526528
75	82	1.34624
75	89	1.35965
75	94	1.20392
75	96	1.33724
75	100	1.33757
75	120	0.497282
75	124	0.552435
75	134	0.52344
75	149	1.29495
75	153	1.28869
75	155	1.30059
75	159	1.27554
75	160	0.476473
75	162	1.31393
75	167	0.533101
75	169	1.34168
75	172	0.502146
75	179	0.524075
76	15	1.34946
76	38	0.586709
76	48	1.31562
76	62	1.25354
76	64	1.33261
76	71	0.532915
76	86	1.30319
76	88	0.467242
76	105	1.34196
76	114	1.32488
76	134	0.514028
76	147	1.26206
76	152	1.3077
76	153	1.29917
76	154	0.494853
76	157	1.30982
76	164	0.504178
76	170	0.506307
77	25	1.2833
77	37	1.4654
77	38	1.22888
77	46	1.22619
77	49	1.29453
77	57	1.24771
77	81	1.37898
77	84	1.36162
77	90	0.532113
77	92	0.575584
77	123	1.29572
77	127	1.29178
77	132	0.507381
77	151	0.524793
77	156	1.32588
77	169	0.464544
77	172	0.4934
77	175	0.506115
78	12	1.35629
78	13	1.34539
78	20	1.34939
78	21	1.34539
78	35	1.2691
78	73	0.556377
78	80	0.529204
78	94	1.20692
78	114	1.31738
78	149	1.29794
78	153	1.29168
78	155	1.30359
78	162	1.31693
78	165	0.521918
78	169	0.469411
78	172	0.498267
78	175	0.510982
78	178	0.521144
79	8	1.47924
79	22	0.287439
79	34	1.43414
79	92	1.37346
79	99	1.44924
79	104	1.47247
79	108	1.44546
79	112	1.40917
79	115	1.48453
79	117	1.41826
79	130	0.472959
79	136	1.43402
79	158	0.461401
79	163	0.463482
79	175	0.474958
79	176	0.480292
79	177	0.483675
79	179	0.484172
80	25	0.546435
80	39	0.577291
80	78	0.529204
80	97	0.464006
80	113	0.62263
80	128	0.530663
80	153	0.524745
80	161	1.28232
80	165	1.25995
80	166	1.28256
80	167	1.25151
80	172	1.28419
80	173	1.24542
80	174	1.27463
80	176	1.25149
80	177	1.27003
80	178	1.27906
80	179	1.25281
80	180	1.26602
81	7	1.42219
81	25	1.37699
81	38	1.32257
81	46	1.31988
81	49	1.38822
81	57	1.3414
81	59	0.541037
81	77	1.37898
81	84	1.45531
81	120	0.45306
81	123	1.38941
81	127	1.38547
81	139	0.505728
81	143	0.464734
81	155	0.488122
81	156	1.41957
81	166	0.443708
81	170	0.471497
81	171	0.441208
82	4	1.22876
82	6	1.42636
82	53	1.36383
82	75	1.34624
82	85	1.39826
82	89	1.44851
82	100	1.42643
82	119	0.532628
82	147	1.34043
82	150	1.42622
82	155	0.490501
82	159	1.3644
82	160	0.43463
82	164	0.471746
82	169	1.43055
82	171	0.443586
82	176	0.478351
82	177	0.481734
82	180	0.474267
83	26	1.31756
83	40	1.4731
83	50	1.39929
83	56	1.29526
83	58	1.31442
83	61	1.29526
83	63	1.48818
83	67	1.40948
83	90	0.484831
83	123	1.36764
83	126	1.42848
83	134	0.467414
83	138	0.51704
83	139	0.493924
83	141	1.41132
83	154	0.448238
83	165	0.46977
83	168	0.458195
83	179	0.468048
84	7	1.40483
84	25	1.35963
84	32	0.499579
84	37	1.54173
84	38	1.30521
84	46	1.30252
84	49	1.37086
84	57	1.32404
84	77	1.36162
84	81	1.45531
84	123	1.37205
84	146	0.477204
84	149	0.475387
84	156	1.40221
84	170	0.47223
84	172	0.458657
84	174	0.472785
84	175	0.471372
84	178	0.481534
85	4	1.19193
85	29	1.30096
85	39	1.25289
85	51	1.33355
85	82	1.39826
85	89	1.41168
85	91	1.30688
85	98	0.517561
85	100	1.38959
85	106	0.506963
85	143	0.489532
85	147	1.3036
85	150	1.38939
85	159	1.32757
85	161	0.492008
85	162	0.510103
85	163	0.483961
85	169	1.39371
85	173	0.511984
85	175	0.495437
86	15	1.3743
86	16	1.36765
86	48	1.34046
86	52	1.33367
86	62	1.27837
86	64	1.35745
86	76	1.30319
86	105	1.3668
86	118	0.552407
86	122	0.503316
86	147	1.2869
86	149	0.503035
86	152	1.33254
86	153	1.32401
86	154	0.488424
86	157	1.33466
86	158	0.485463
86	159	0.509822
86	169	0.457448
86	177	0.507736
87	3	1.45729
87	35	0.497763
87	47	1.41038
87	59	0.516752
87	113	1.23797
87	118	1.38323
87	128	1.35949
87	130	0.444355
87	132	1.45118
87	140	1.43546
87	147	0.489282
87	156	1.41397
87	157	1.40138
87	158	1.42711
87	162	1.41599
87	165	0.45729
87	167	0.464593
87	168	1.40655
87	172	0.433639
87	177	0.455071
87	180	0.447604
88	23	1.39508
88	69	0.486922
88	74	0.479604
88	76	0.467242
88	103	1.36744
88	108	1.41252
88	111	0.48659
88	112	1.37623
88	117	1.38532
88	123	0.461952
88	125	0.429888
88	136	1.40107
88	137	0.442394
88	138	0.490939
88	162	0.4474
88	173	1.39501
88	176	1.40108
88	177	1.41962
88	178	1.42865
88	179	1.40239
88	180	1.4156
89	29	1.35121
89	31	0.480106
89	53	1.37724
89	75	1.35965
89	82	1.44851
89	85	1.41168
89	90	0.487261
89	91	1.35712
89	96	1.43951
89	100	1.43984
89	108	0.491955
89	109	0.438208
89	147	1.35384
89	150	1.43963
89	159	1.37781
89	169	1.44396
89	171	0.431833
89	173	0.47781
89	174	0.462676
89	176	0.466598
89	178	0.471426
90	77	0.532113
90	83	0.484831
90	89	0.487261
90	92	0.566406
90	111	0.550794
90	123	0.526155
90	144	0.535248
90	155	1.30003
90	162	0.511603
90	163	1.32752
90	164	1.28421
90	165	1.28042
90	171	1.32064
90	173	1.26589
90	174	1.29511
90	175	1.30441
90	176	1.27196
90	177	1.29051
90	178	1.29953
90	179	1.27328
90	180	1.28649
91	4	1.13737
91	6	1.33498
91	22	0.366213
91	29	1.24641
91	51	1.27899
91	53	1.27244
91	85	1.30688
91	89	1.35712
91	96	1.33471
91	100	1.33504
91	137	0.563393
91	147	1.24904
91	150	1.33483
91	156	0.568278
91	159	1.27301
91	161	0.550303
91	163	0.542256
91	166	0.526802
91	169	1.33916
91	171	0.524301
91	177	0.562449
92	9	1.12741
92	30	1.24664
92	34	1.22724
92	41	1.36523
92	54	1.27122
92	60	1.36363
92	77	0.575584
92	79	1.37346
92	90	0.566406
92	99	1.24233
92	103	1.19348
92	108	1.23856
92	112	1.20227
92	115	1.27762
92	136	1.22711
92	142	0.546645
92	154	1.24381
92	163	0.528933
92	176	0.545743
92	177	0.549126
92	178	0.550571
92	180	0.541659
93	21	0.480063
93	57	0.541895
93	68	0.367434
93	73	0.51692
93	107	1.35206
93	108	0.502217
93	131	0.490549
93	153	0.507108
93	157	0.502028
93	160	1.35599
93	162	0.486191
93	163	1.38638
93	168	1.3628
93	171	1.37951
93	172	1.36353
93	173	1.32476
93	174	1.35397
93	175	1.36328
93	176	1.33083
93	177	1.34938
93	179	1.33215
93	180	1.34536
94	12	1.29984
94	13	1.28895
94	20	1.29295
94	21	1.28895
94	35	1.21266
94	39	1.14742
94	45	1.41311
94	75	1.20392
94	78	1.20692
94	107	0.53514
94	114	1.26093
94	148	0.589975
94	149	1.24149
94	151	0.563992
94	153	1.23523
94	155	1.24714
94	160	0.506927
94	162	1.26048
94	168	0.544675
94	173	0.561861
94	176	0.550649
94	179	0.554529
95	36	1.33076
95	66	1.37812
95	68	1.35063
95	72	1.32862
95	97	1.43595
95	119	1.29782
95	125	1.40424
95	129	1.37219
95	137	1.37658
95	138	1.30479
95	141	0.46485
95	145	1.33618
95	148	1.32092
95	151	0.512109
95	152	1.36319
95	159	0.504235
95	163	0.481956
95	164	0.492161
95	170	0.49429
95	171	0.464001
95	179	0.502646
95	180	0.494682
96	4	1.21976
96	29	1.3288
96	39	1.28073
96	51	1.36138
96	53	1.35483
96	75	1.33724
96	89	1.43951
96	91	1.33471
96	100	1.41743
96	124	0.525107
96	130	0.485534
96	147	1.33143
96	150	1.41722
96	159	1.3554
96	161	0.484103
96	169	1.42155
96	171	0.458101
96	172	0.474817
96	176	0.492867
96	177	0.496249
96	178	0.497694
96	179	0.496746
97	24	1.56754
97	39	0.533913
97	54	0.439269
97	66	1.42473
97	71	0.47325
97	80	0.464006
97	95	1.43595
97	110	1.37868
97	119	1.34443
97	125	1.45085
97	129	1.41881
97	131	1.42608
97	137	1.4232
97	138	1.3514
97	142	1.42798
97	145	1.38279
97	148	1.36754
97	151	0.464462
97	155	0.463268
97	158	0.432228
97	163	0.434308
97	165	0.45672
97	175	0.445784
98	20	0.503123
98	33	0.536453
98	37	0.447288
98	55	0.500093
98	72	0.539598
98	85	0.517561
98	131	0.512087
98	152	0.516806
98	157	0.523566
98	160	1.31903
98	161	1.3247
98	166	1.32494
98	167	1.29389
98	170	1.32288
98	171	1.34255
98	172	1.32657
98	173	1.2878
98	175	1.32632
98	176	1.29387
98	177	1.31241
98	178	1.32144
98	179	1.29519
98	180	1.3084
99	9	1.20319
99	13	0.516275
99	23	1.2969
99	30	1.32242
99	42	1.41427
99	54	1.347
99	79	1.44924
99	92	1.24233
99	103	1.26926
99	108	1.31434
99	112	1.27805
99	115	1.3534
99	117	1.28714
99	130	0.511486
99	136	1.30289
99	154	1.31959
99	163	0.502008
99	166	0.486555
99	174	0.514897
99	176	0.518819
99	177	0.522201
99	179	0.522699
99	180	0.514735
100	6	1.41769
100	7	0.39068
100	29	1.32913
100	39	1.28106
100	51	1.36171
100	53	1.35516
100	54	0.479774
100	65	0.503147
100	75	1.33757
100	82	1.42643
100	85	1.38959
100	89	1.43984
100	91	1.33504
100	96	1.41743
100	126	0.468955
100	147	1.33176
100	156	0.500835
100	159	1.35573
100	164	0.485018
100	165	0.497225
100	169	1.42187
100	173	0.502836
100	175	0.486289
100	176	0.491624
101	3	1.32946
101	6	0.541253
101	10	0.520522
101	17	1.31509
101	55	1.21822
101	65	1.30631
101	74	1.27169
101	102	1.21058
101	118	1.25541
101	128	1.23166
101	134	0.542757
101	140	1.30763
101	141	0.505595
101	144	1.29006
101	146	0.54001
101	149	0.538193
101	150	1.31158
101	156	1.28614
101	158	1.29928
101	162	1.28816
101	168	1.27872
101	173	0.550725
101	175	0.534178
101	180	0.535428
102	11	1.32064
102	28	1.45898
102	47	1.28731
102	55	1.22298
102	59	0.599191
102	74	1.27644
102	101	1.21058
102	111	1.23232
102	113	1.11489
102	118	1.26016
102	132	1.3281
102	140	1.31238
102	143	0.522888
102	144	1.29481
102	154	0.518197
102	155	0.546277
102	158	1.30404
102	162	1.29291
102	168	1.28348
102	169	0.487222
102	170	0.529651
102	177	0.53751
102	178	0.538955
102	180	0.530043
103	5	0.547977
103	9	1.15434
103	23	1.24805
103	30	1.27357
103	34	1.25417
103	41	1.39216
103	42	1.36542
103	60	1.39056
103	88	1.36744
103	92	1.19348
103	99	1.26926
103	108	1.26549
103	112	1.2292
103	115	1.30455
103	117	1.23829
103	120	0.51909
103	136	1.25404
103	149	0.540684
103	158	0.523112
103	161	0.53324
103	164	0.535397
103	168	0.536029
103	175	0.536669
103	180	0.537919
104	42	1.4375
104	60	1.46264
104	62	1.29665
104	64	1.37572
104	71	0.501942
104	79	1.47247
104	105	1.38507
104	106	0.486003
104	109	0.451421
104	114	1.36799
104	115	1.37663
104	117	1.31037
104	136	1.32612
104	146	0.480309
104	151	0.493154
104	152	1.35081
104	153	1.34228
104	154	1.34283
104	157	1.35293
104	158	0.46092
104	159	0.485279
104	165	0.485412
104	173	0.491023
104	174	0.475889
105	15	1.41307
105	16	1.40642
105	48	1.37922
105	52	1.37244
105	62	1.31714
105	64	1.39622
105	76	1.34196
105	86	1.3668
105	104	1.38507
105	107	0.482854
105	109	0.469974
105	114	1.38848
105	124	0.530604
105	130	0.491031
105	141	0.464447
105	147	1.32567
105	152	1.37131
105	153	1.36278
105	157	1.37342
105	161	0.4896
105	166	0.466099
105	169	0.451458
105	171	0.463598
105	178	0.503191
106	33	0.525856
106	37	0.436691
106	62	0.543862
106	66	0.527872
106	67	0.499628
106	71	1.30536
106	85	0.506963
106	104	0.486003
106	120	1.37197
106	125	0.479621
106	150	0.493257
106	156	0.497012
106	159	1.31629
106	160	1.33844
106	170	1.34229
106	171	1.36195
106	172	1.34598
106	173	1.30721
106	174	1.33642
106	175	1.34573
106	176	1.31328
106	177	1.33182
106	178	1.34085
106	179	1.31459
106	180	1.32781
107	1	0.476518
107	61	0.537086
107	93	1.35206
107	94	0.53514
107	105	0.482854
107	112	0.520283
107	114	0.478791
107	118	0.514153
107	134	1.31729
107	142	0.467001
107	146	1.3233
107	152	0.484507
107	153	0.496348
107	160	1.33407
107	161	1.33974
107	163	1.36446
107	164	1.32116
107	170	1.33792
107	171	1.35758
107	174	1.33205
107	175	1.34135
107	176	1.30891
107	178	1.33647
107	179	1.31022
107	180	1.32343
108	9	1.19941
108	30	1.31865
108	32	0.529838
108	41	1.43724
108	42	1.4105
108	60	1.43563
108	79	1.44546
108	88	1.41252
108	89	0.491955
108	92	1.23856
108	93	0.502217
108	99	1.31434
108	103	1.26549
108	112	1.27427
108	115	1.34963
108	117	1.28336
108	133	0.49797
108	136	1.29912
108	154	1.31582
108	157	0.532134
108	163	0.490155
108	169	0.46006
108	170	0.50249
108	172	0.488917
108	177	0.510349
109	25	0.505158
109	29	0.503123
109	40	0.45013
109	89	0.438208
109	104	0.451421
109	105	0.469974
109	115	0.463947
109	123	0.477103
109	148	0.492546
109	150	0.458676
109	153	0.483468
109	154	1.3836
109	164	1.37916
109	165	1.37536
109	166	1.39798
109	167	1.36693
109	170	1.39592
109	171	1.41558
109	172	1.39961
109	174	1.39005
109	175	1.39935
109	176	1.36691
109	177	1.38545
109	178	1.39447
109	179	1.36822
109	180	1.38143
110	31	0.537936
110	33	1.27876
110	45	0.421968
110	68	1.29336
110	69	1.2897
110	71	0.546559
110	73	1.29556
110	97	1.37868
110	116	1.29991
110	119	1.24055
110	125	1.34696
110	127	0.528348
110	129	1.31492
110	131	1.32219
110	137	1.31931
110	138	1.24752
110	142	1.3241
110	145	1.27891
110	146	0.524926
110	148	1.26365
110	151	0.537771
110	152	1.30592
110	155	0.536577
110	167	0.537333
110	168	0.518454
110	175	0.519094
111	1	1.34566
111	10	0.511141
111	11	1.33763
111	28	1.47597
111	55	1.23997
111	88	0.48659
111	90	0.550794
111	102	1.23232
111	113	1.13188
111	118	1.27715
111	121	1.27334
111	127	0.534051
111	128	1.25341
111	132	1.34509
111	140	1.32937
111	143	0.518892
111	144	1.3118
111	149	0.528812
111	150	1.33333
111	156	1.30789
111	157	1.2953
111	161	0.521368
111	162	1.3099
111	165	0.535733
111	171	0.495366
111	174	0.526209
112	8	1.30805
112	9	1.16312
112	30	1.28236
112	41	1.40095
112	42	1.37421
112	60	1.39934
112	79	1.40917
112	88	1.37623
112	92	1.20227
112	99	1.27805
112	103	1.2292
112	107	0.520283
112	108	1.27427
112	115	1.31334
112	117	1.24707
112	136	1.26283
112	154	1.27953
112	158	0.516902
112	160	0.492071
112	166	0.503528
112	167	0.548698
112	169	0.488887
112	170	0.531316
112	175	0.530458
112	177	0.539175
112	179	0.539672
113	1	1.22824
113	3	1.23378
113	19	1.21615
113	28	1.35854
113	44	0.559571
113	47	1.18687
113	65	1.21062
113	74	1.176
113	80	0.62263
113	87	1.23797
113	102	1.11489
113	111	1.13188
113	118	1.15972
113	121	1.15591
113	128	1.13598
113	132	1.22766
113	133	0.600747
113	140	1.21194
113	144	1.19437
113	150	1.2159
113	158	1.2036
113	159	0.615211
113	164	0.603137
113	169	0.562837
113	173	0.620955
113	176	0.609743
113	179	0.613622
114	16	1.38934
114	20	1.40341
114	35	1.32312
114	44	0.444129
114	64	1.37913
114	76	1.32488
114	78	1.31738
114	94	1.26093
114	104	1.36799
114	105	1.38848
114	107	0.478791
114	130	0.486968
114	131	0.50799
114	134	0.497546
114	147	1.30858
114	149	1.35196
114	151	0.507644
114	152	1.35422
114	153	1.3457
114	155	1.3576
114	157	1.35634
114	162	1.37095
114	167	0.507206
114	168	0.488327
114	173	0.505513
114	176	0.494301
114	180	0.490216
115	8	1.38341
115	9	1.23848
115	23	1.33219
115	30	1.35771
115	34	1.33831
115	60	1.4747
115	79	1.48453
115	92	1.27762
115	99	1.3534
115	103	1.30455
115	104	1.37663
115	108	1.34963
115	109	0.463947
115	112	1.31334
115	117	1.32243
115	130	0.485004
115	134	0.495582
115	136	1.33818
115	139	0.522092
115	154	1.35489
115	159	0.497805
115	164	0.485731
115	168	0.486363
115	173	0.503549
115	175	0.487002
115	178	0.497164
115	180	0.488252
116	32	0.536819
116	36	1.2986
116	68	1.31848
116	69	1.31481
116	70	0.459548
116	72	1.29646
116	73	1.32067
116	110	1.29991
116	119	1.26566
116	124	0.546187
116	125	1.37208
116	129	1.34003
116	131	1.3473
116	135	1.37447
116	137	1.34442
116	138	1.27263
116	139	1.29249
116	142	1.34921
116	145	1.30402
116	147	0.551541
116	148	1.28877
116	151	0.52729
116	159	0.519415
116	160	0.470225
116	169	0.467041
116	172	0.495897
116	173	0.525159
116	180	0.509862
117	5	0.515311
117	23	1.26592
117	30	1.29145
117	34	1.27204
117	41	1.41004
117	42	1.3833
117	54	1.31603
117	55	0.511032
117	60	1.40843
117	79	1.41826
117	88	1.38532
117	99	1.28714
117	103	1.23829
117	104	1.31037
117	108	1.28336
117	112	1.24707
117	115	1.32243
117	120	0.486424
117	134	0.512582
117	136	1.27192
117	143	0.498098
117	145	0.53521
117	151	0.52268
117	154	1.28862
117	174	0.505415
117	175	0.504002
117	177	0.512719
117	180	0.505252
118	1	1.3735
118	22	0.336809
118	65	1.35589
118	74	1.32127
118	86	0.552407
118	87	1.38323
118	101	1.25541
118	102	1.26016
118	107	0.514153
118	111	1.27715
118	113	1.15972
118	121	1.30118
118	123	0.553546
118	128	1.28125
118	132	1.37293
118	133	0.520667
118	140	1.35721
118	144	1.33964
118	150	1.36116
118	157	1.32313
118	158	1.34887
118	161	0.520899
118	163	0.512852
118	167	0.542568
118	168	1.32831
118	169	0.482757
118	173	0.540875
118	176	0.529662
119	24	1.42941
119	43	1.34389
119	66	1.2866
119	73	1.26131
119	82	0.532628
119	95	1.29782
119	97	1.34443
119	110	1.24055
119	116	1.26566
119	122	0.534848
119	125	1.31271
119	129	1.28067
119	130	0.528553
119	131	1.28794
119	134	0.53913
119	135	1.31511
119	137	1.28506
119	138	1.21327
119	142	1.28985
119	145	1.24466
119	148	1.2294
119	152	1.27167
119	154	0.519955
119	158	0.516995
119	159	0.541354
119	160	0.492164
119	164	0.52928
119	165	0.541487
119	176	0.535885
120	1	0.469115
120	23	0.499324
120	41	0.460819
120	52	0.47707
120	72	0.499896
120	75	0.497282
120	81	0.45306
120	103	0.51909
120	106	1.37197
120	117	0.486424
120	122	1.36873
120	133	1.35573
120	152	0.477104
120	153	0.488945
120	160	1.37153
120	161	1.3772
120	162	0.468028
120	164	1.35862
120	165	1.35483
120	166	1.37745
120	167	1.34639
120	170	1.37538
120	174	1.36952
120	175	1.37882
120	176	1.34637
120	177	1.36492
120	178	1.37394
120	179	1.34769
120	180	1.3609
121	3	1.37523
121	8	1.33774
121	17	1.36086
121	19	1.35761
121	28	1.49999
121	47	1.32832
121	55	1.26399
121	56	0.551477
121	65	1.35208
121	111	1.27334
121	113	1.15591
121	118	1.30118
121	132	1.36912
121	133	0.492803
121	140	1.3534
121	144	1.33583
121	156	1.33191
121	158	1.34506
121	161	0.493035
121	162	1.33393
121	164	0.495193
121	168	1.32449
121	171	0.467033
121	172	0.483749
121	173	0.513011
121	174	0.497876
121	176	0.501798
121	177	0.505181
121	178	0.506626
121	179	0.505678
122	8	0.48124
122	28	0.434443
122	47	0.504765
122	59	1.29082
122	60	0.468318
122	73	0.520632
122	74	0.522108
122	86	0.503316
122	119	0.534848
122	120	1.36873
122	128	0.516738
122	130	1.35001
122	144	0.513548
122	155	1.33811
122	157	0.50574
122	161	1.34087
122	162	0.489903
122	163	1.36559
122	164	1.32229
122	166	1.34111
122	167	1.31006
122	168	1.34201
122	170	1.33905
122	172	1.34274
122	173	1.30397
122	175	1.34249
122	177	1.32859
122	178	1.33761
122	179	1.31136
122	180	1.32457
123	14	1.35613
123	25	1.29373
123	26	1.25607
123	37	1.47583
123	38	1.23931
123	40	1.41161
123	49	1.30496
123	50	1.3378
123	56	1.23377
123	61	1.23377
123	63	1.42669
123	77	1.29572
123	81	1.38941
123	83	1.36764
123	84	1.37205
123	88	0.461952
123	90	0.526155
123	109	0.477103
123	118	0.553546
123	126	1.36699
123	127	1.3022
123	130	0.49816
123	146	0.50599
123	151	0.518836
123	155	0.517642
123	156	1.33631
123	159	0.510961
123	169	0.458587
123	171	0.470727
123	178	0.51032
124	3	0.50667
124	27	0.44702
124	63	0.487527
124	75	0.552435
124	96	0.525107
124	105	0.530604
124	116	0.546187
124	130	1.31994
124	137	0.518175
124	140	0.501949
124	142	0.514751
124	149	1.30239
124	150	0.519305
124	153	0.544098
124	158	1.3325
124	163	1.33552
124	164	1.29222
124	165	1.28842
124	166	1.31104
124	167	1.27999
124	169	1.34912
124	170	1.30898
124	171	1.32864
124	173	1.2739
124	174	1.30311
124	175	1.31242
124	176	1.27997
124	177	1.29851
124	178	1.30754
124	179	1.28128
124	180	1.2945
125	33	1.35093
125	43	1.45031
125	66	1.39301
125	72	1.34352
125	88	0.429888
125	95	1.40424
125	97	1.45085
125	106	0.479621
125	110	1.34696
125	116	1.37208
125	119	1.31271
125	129	1.38709
125	131	1.39436
125	135	1.42153
125	137	1.39148
125	138	1.31968
125	142	1.39626
125	144	0.506406
125	145	1.35107
125	148	1.33582
125	149	0.47211
125	152	1.37809
125	155	0.485579
125	157	0.498598
125	167	0.486335
125	170	0.468953
125	173	0.484642
125	176	0.473429
125	177	0.476812
125	179	0.477309
125	180	0.469345
126	14	1.41698
126	42	0.461874
126	48	0.494814
126	49	0.477269
126	50	1.39864
126	53	0.49072
126	56	1.29462
126	58	1.31378
126	61	1.29462
126	63	1.48753
126	67	1.40883
126	83	1.42848
126	100	0.468955
126	123	1.36699
126	135	0.46151
126	136	0.49312
126	142	0.459842
126	143	1.41559
126	144	0.491916
126	149	1.38018
126	150	0.464396
126	153	0.489189
126	156	0.468151
126	161	1.38859
126	162	0.468272
126	165	1.36622
126	173	1.35169
126	174	1.3809
126	176	1.35776
126	177	1.3763
126	180	1.37229
127	7	1.33498
127	38	1.23536
127	43	0.494064
127	46	1.23267
127	49	1.30101
127	53	0.517309
127	57	1.25419
127	62	0.54159
127	67	0.497356
127	72	0.526729
127	77	1.29178
127	81	1.38547
127	110	0.528348
127	111	0.534051
127	123	1.3022
127	128	0.521696
127	131	0.499218
127	146	1.30736
127	147	0.523123
127	153	0.515778
127	156	1.33236
127	161	1.3238
127	162	0.494861
127	165	1.30143
127	166	1.32404
127	171	1.34165
127	175	1.32542
127	176	1.29297
127	177	1.31151
127	179	1.29428
127	180	1.3075
128	2	1.14717
128	3	1.35531
128	11	1.34173
128	17	1.34093
128	28	1.48007
128	47	1.30839
128	54	0.505926
128	58	0.573927
128	65	1.33215
128	80	0.530663
128	87	1.35949
128	101	1.23166
128	111	1.25341
128	113	1.13598
128	118	1.28125
128	122	0.516738
128	127	0.521696
128	132	1.34919
128	134	0.521021
128	144	1.3159
128	150	1.33742
128	156	1.31199
128	157	1.29939
128	162	1.314
128	166	0.485511
128	167	0.530681
128	168	1.30456
128	170	0.5133
128	171	0.483011
128	175	0.512442
128	180	0.513692
129	12	0.500655
129	27	1.49491
129	33	1.31889
129	36	1.31361
129	69	1.32982
129	73	1.33568
129	95	1.37219
129	97	1.41881
129	110	1.31492
129	116	1.34003
129	119	1.28067
129	125	1.38709
129	131	1.36231
129	133	0.492561
129	135	1.38948
129	137	1.35943
129	138	1.28764
129	139	1.3075
129	142	1.36422
129	145	1.31903
129	148	1.30378
129	154	0.485626
129	158	0.482666
129	159	0.507025
129	166	0.469292
129	168	0.495583
129	172	0.483507
129	174	0.497635
129	175	0.496222
129	176	0.501557
129	177	0.504939
129	180	0.497472
130	21	0.477479
130	38	0.550202
130	41	0.476399
130	50	0.491871
130	79	0.472959
130	87	0.444355
130	96	0.485534
130	99	0.511486
130	105	0.491031
130	114	0.486968
130	115	0.485004
130	119	0.528553
130	122	1.35001
130	123	0.49816
130	124	1.31994
130	161	1.35848
130	163	1.3832
130	164	1.3399
130	165	1.3361
130	166	1.35872
130	167	1.32767
130	170	1.35666
130	171	1.37632
130	172	1.36035
130	173	1.32158
130	174	1.35079
130	175	1.36009
130	176	1.32765
130	177	1.34619
130	178	1.35522
130	179	1.32896
130	180	1.34218
131	31	0.508806
131	33	1.32616
131	43	1.42554
131	68	1.34076
131	69	1.33709
131	72	1.31874
131	73	1.34295
131	93	0.490549
131	97	1.42608
131	98	0.512087
131	110	1.32219
131	114	0.50799
131	116	1.3473
131	119	1.28794
131	125	1.39436
131	127	0.499218
131	129	1.36231
131	135	1.39675
131	138	1.29491
131	139	1.31477
131	142	1.37149
131	145	1.3263
131	146	0.495796
131	148	1.31105
131	152	1.35332
131	168	0.489324
131	169	0.448392
131	172	0.477249
131	174	0.491376
131	177	0.498681
131	179	0.499178
131	180	0.491214
132	1	1.44145
132	2	1.23885
132	19	1.42936
132	28	1.57175
132	44	0.427369
132	77	0.507381
132	87	1.45118
132	102	1.3281
132	111	1.34509
132	113	1.22766
132	118	1.37293
132	121	1.36912
132	128	1.34919
132	140	1.42515
132	141	0.443623
132	144	1.40758
132	149	0.476221
132	150	1.42911
132	156	1.40367
132	157	1.39108
132	158	1.41681
132	159	0.483009
132	161	0.468777
132	162	1.40568
132	168	1.39625
132	172	0.459491
132	173	0.488752
132	174	0.473618
132	175	0.472206
132	176	0.47754
132	177	0.480923
132	178	0.482368
132	180	0.473456
133	2	0.617891
133	17	0.473545
133	27	0.405784
133	41	0.474736
133	58	0.528764
133	108	0.49797
133	113	0.600747
133	118	0.520667
133	120	1.35573
133	121	0.492803
133	129	0.492561
133	146	1.31143
133	148	0.511939
133	151	1.2921
133	156	0.481824
133	157	0.497781
133	160	1.3222
133	163	1.35259
133	164	1.30929
133	165	1.30549
133	166	1.32811
133	167	1.29706
133	169	1.36619
133	170	1.32605
133	171	1.34571
133	172	1.32974
133	173	1.29097
133	174	1.32018
133	176	1.29704
133	177	1.31558
133	178	1.32461
133	179	1.29835
133	180	1.31157
134	8	0.485522
134	26	0.513739
134	51	0.514639
134	60	0.472601
134	75	0.52344
134	76	0.514028
134	83	0.467414
134	101	0.542757
134	107	1.31729
134	114	0.497546
134	115	0.495582
134	117	0.512582
134	119	0.53913
134	128	0.521021
134	143	1.3539
134	146	1.31046
134	160	1.32123
134	161	1.3269
134	163	1.35162
134	164	1.30832
134	165	1.30452
134	166	1.32714
134	170	1.32508
134	171	1.34474
134	172	1.32877
134	173	1.29
134	174	1.31921
134	175	1.32852
134	176	1.29607
134	177	1.31461
134	178	1.32364
134	179	1.29738
134	180	1.3106
135	24	1.53822
135	27	1.52936
135	36	1.34806
135	43	1.45271
135	66	1.39541
135	69	1.36426
135	72	1.34591
135	116	1.37447
135	119	1.31511
135	125	1.42153
135	126	0.46151
135	129	1.38948
135	131	1.39675
135	137	1.39388
135	138	1.32208
135	139	1.34194
135	142	1.39866
135	143	0.47294
135	145	1.35347
135	148	1.33822
135	152	1.38049
135	154	0.468249
135	155	0.496328
135	158	0.465288
135	160	0.440457
135	161	0.475416
135	163	0.467368
135	164	0.477573
135	166	0.451915
135	167	0.497084
135	168	0.478205
135	170	0.479703
135	176	0.484179
136	5	0.521763
136	8	1.3329
136	9	1.18797
136	23	1.28168
136	30	1.3072
136	34	1.2878
136	41	1.42579
136	42	1.39905
136	54	1.33178
136	60	1.42418
136	79	1.43402
136	88	1.40107
136	92	1.22711
136	99	1.30289
136	103	1.25404
136	104	1.32612
136	108	1.29912
136	112	1.26283
136	115	1.33818
136	117	1.27192
136	126	0.49312
136	139	0.545544
136	154	1.30437
136	158	0.496898
136	160	0.472067
136	163	0.498978
136	168	0.509815
136	170	0.511312
136	172	0.497739
136	173	0.527001
136	174	0.511867
136	176	0.515789
136	180	0.511704
137	24	1.50817
137	27	1.49931
137	33	1.32328
