1	33	0.56814
1	53	1.29897
1	57	1.3015
1	79	1.37026
1	81	1.36738
1	89	1.30728
1	115	0.962635
1	129	0.991743
1	155	0.997423
1	166	0.478158
1	169	1.43421
1	175	6.50255
2	38	1.26563
2	45	1.14702
2	67	1.20358
2	73	1.26223
2	82	0.942755
2	130	1.12635
2	134	0.937775
2	149	0.886681
2	157	0.957743
2	164	1.3477
2	169	0.953118
2	175	0.929833
3	18	0.967196
3	62	1.00055
3	87	1.00185
3	113	0.889271
3	128	1.11903
3	142	1.0028
3	152	0.923773
3	158	1.00336
3	161	0.952589
3	173	0.90267
3	177	0.757758
3	179	0.840265
4	53	0.985459
4	58	0.966602
4	67	2.08468
4	81	1.05387
4	89	0.993773
4	96	0.672236
4	110	0.636573
4	117	0.785325
4	170	0.931955
4	172	0.920823
4	176	0.946203
4	179	0.705173
5	75	0.610313
5	83	0.953708
5	88	1.1162
5	104	0.698068
5	153	1.21884
5	158	1.19014
5	159	1.21253
5	165	1.23291
5	172	1.18722
5	173	1.3712
5	176	1.2126
5	177	1.22971
6	36	0.337826
6	70	0.366907
6	79	0.203212
6	84	0.221145
6	94	1.253
6	124	1.31636
6	142	1.24172
6	147	1.25176
6	167	1.13753
6	171	1.19224
6	179	1.07919
6	180	1.12865
7	28	0.940354
7	82	0.958295
7	95	1.26783
7	122	1.14003
7	138	0.108673
7	141	0.419884
7	147	1.18128
7	157	0.973282
7	161	1.12103
7	169	0.968658
7	174	1.04406
7	175	0.945373
8	78	1.04555
8	91	0.632114
8	112	1.14846
8	123	0.964882
8	133	1.20366
8	145	1.19469
8	158	1.19546
8	161	1.06385
8	162	1.21265
8	172	1.19253
8	176	1.21791
8	177	1.23502
9	11	0.882345
9	22	0.947205
9	65	1.04741
9	115	0.813103
9	139	0.997148
9	142	1.03168
9	156	0.828248
9	161	0.981475
9	163	0.938666
9	166	1.01776
9	167	0.927495
9	168	0.96354
10	100	1.01966
10	119	0.939294
10	137	1.13717
10	138	1.10865
10	146	1.11533
10	158	1.09136
10	166	1.29628
10	169	0.832737
10	170	1.09957
10	172	1.08844
10	176	1.11382
10	177	1.13092
11	9	0.882345
11	20	0.857968
11	71	0.877978
11	73	1.0135
11	78	0.90378
11	81	1.74394
11	96	0.711503
11	132	0.952466
11	169	0.70439
11	170	0.971223
11	171	0.857497
11	175	0.681105
11	176	0.985471
12	21	1.24786
12	43	0.967451
12	44	1.31186
12	45	1.16669
12	54	1.26829
12	60	0.851878
12	67	1.22326
12	73	1.2819
12	86	0.956827
12	150	1.08042
12	157	0.97742
12	169	0.972796
12	175	0.949511
13	40	1.014
13	56	0.939256
13	103	0.941082
13	109	0.972274
13	110	0.638156
13	117	0.786908
13	123	0.895084
13	138	2.28654
13	147	0.879325
13	149	0.958209
13	164	0.813755
13	171	0.819812
13	174	0.742106
14	19	1.27117
14	53	0.513017
14	64	1.1959
14	67	0.437662
14	120	1.24753
14	130	1.21039
14	147	1.18289
14	159	0.183936
14	164	1.11732
14	168	1.10471
14	170	0.251469
14	179	1.01033
14	180	1.05979
15	24	1.23355
15	53	0.370122
15	79	0.373571
15	119	1.18861
15	127	1.21329
15	139	1.11936
15	140	0.246301
15	146	0.389605
15	147	1.16393
15	149	1.24282
15	150	1.19763
15	167	1.04971
15	179	0.991363
16	49	0.243196
16	65	1.24675
16	86	1.2505
16	113	1.11749
16	114	0.427962
16	121	0.514334
16	131	1.20659
16	138	0.150618
16	148	1.15067
16	163	1.138
16	174	1.10384
16	179	1.06849
16	180	1.11795
17	18	1.05169
17	98	0.612503
17	99	0.612234
17	109	1.19028
17	110	0.856157
17	113	0.973764
17	137	1.07119
17	140	0.426279
17	150	1.13103
17	160	1.07374
17	171	1.03781
17	178	1.04063
17	180	0.974217
18	3	0.967196
18	17	1.05169
18	31	0.854868
18	46	1.05124
18	50	0.85949
18	113	0.907184
18	114	1.09864
18	150	1.06445
18	163	0.927693
18	167	0.916522
18	174	0.893528
18	179	0.858177
18	180	0.907637
19	14	1.27117
19	77	1.23963
19	90	1.15714
19	112	0.313595
19	124	1.22926
19	126	0.524739
19	144	0.449034
19	151	1.12913
19	154	1.17031
19	159	0.0586124
19	173	1.05449
19	178	1.10796
19	180	1.04155
20	11	0.857968
20	47	1.01826
20	55	1.2106
20	59	0.951962
20	101	1.14804
20	117	0.924925
20	134	0.789379
20	136	0.944407
20	141	0.778401
20	154	1.02299
20	160	0.993758
20	167	0.903118
20	179	0.844774
21	12	1.24786
21	30	1.19933
21	38	1.23872
21	45	1.12011
21	54	1.22171
21	67	1.17668
21	73	1.23532
21	80	0.693665
21	129	4.7038
21	139	0.86329
21	147	0.536492
21	157	0.930836
21	169	0.926211
21	175	0.902926
22	9	0.947205
22	24	0.59866
22	100	1.04443
22	108	1.10377
22	109	0.647688
22	111	1.11063
22	141	1.11092
22	144	1.13043
22	152	1.51619
22	162	1.13332
22	165	1.1589
22	172	1.11321
22	176	1.13859
22	177	1.15569
23	36	0.975186
23	41	0.746066
23	79	0.943924
23	80	0.794692
23	81	0.941043
23	93	0.833603
23	106	0.778499
23	143	0.693412
23	148	0.674533
23	155	0.571087
23	165	0.853688
23	176	0.833376
23	177	0.850481
23	178	0.708217
24	15	1.23355
24	22	0.59866
24	62	1.13372
24	91	1.21497
24	101	1.27671
24	146	0.485479
24	150	1.17971
24	158	0.361673
24	163	1.04295
24	165	0.404365
24	171	1.08649
24	173	1.03584
24	179	0.973439
24	180	1.0229
25	83	1.09452
25	88	1.06423
25	93	0.674014
25	102	1.14758
25	106	0.767903
25	135	1.16149
25	156	1.14632
25	159	1.16056
25	165	1.18094
25	169	0.879546
25	170	1.14638
25	172	1.13525
25	173	1.51201
25	177	1.17773
26	31	0.895944
26	44	0.00465163
26	120	1.13645
26	128	1.17802
26	133	0.912148
26	136	0.998888
26	145	0.743824
26	152	0.982762
26	154	1.07747
26	168	0.993643
26	171	1.01231
26	173	0.961659
26	178	1.01512
26	180	0.948713
27	58	0.649286
27	60	0.677899
27	84	1.23165
27	101	0.577717
27	119	0.861213
27	121	1.19704
27	141	1.2333
27	159	1.2609
27	162	1.25571
27	170	1.24672
27	172	1.23559
27	173	1.59922
27	176	1.26097
27	177	1.27808
28	7	0.940354
28	51	0.964744
28	69	0.944429
28	98	1.07518
28	101	0.890396
28	116	1.14248
28	135	1.13028
28	140	1.09462
28	153	1.13565
28	158	1.10695
28	165	1.14972
28	170	1.11516
28	172	1.10403
28	177	1.14652
29	105	0.476222
29	131	1.1638
29	142	1.18823
29	151	1.16273
29	159	0.242743
29	160	1.17468
29	168	1.12008
29	172	0.410116
29	173	1.0881
29	174	1.06104
29	176	0.409911
29	178	1.14156
29	179	1.02569
29	180	1.07515
30	21	1.19933
30	38	1.23678
30	44	1.26333
30	45	1.11816
30	54	1.21976
30	59	0.766841
30	67	1.17473
30	73	1.23337
30	96	4.6
30	125	2.77611
30	129	1.31152
30	157	0.92889
30	169	0.924266
30	175	0.900981
31	18	0.854868
31	26	0.895944
31	89	1.85693
31	128	1.0067
31	138	0.963795
31	151	0.864976
31	153	0.975204
31	157	0.69251
31	166	0.876547
31	169	0.687886
31	170	0.954719
31	175	0.664601
31	177	0.986071
31	180	0.777396
32	100	0.55988
32	110	0.85936
32	120	1.16516
32	125	0.901198
32	133	0.60398
32	149	1.17941
32	150	1.13423
32	151	1.065
32	162	0.650595
32	163	0.997476
32	164	1.03496
32	168	1.02235
32	175	0.864625
32	180	0.97742
33	1	0.56814
33	59	1.05156
33	82	0.893959
33	90	1.10942
33	131	1.08248
33	146	0.859803
33	152	1.02788
33	158	0.735997
33	166	1.09298
33	168	1.03876
33	169	0.904322
33	178	1.06024
33	179	0.944373
33	180	0.993833
34	40	0.706672
34	62	1.03347
34	65	0.999102
34	108	1.09883
34	133	1.1194
34	135	1.13452
34	145	1.11043
34	156	1.11935
34	158	1.1112
34	162	1.12839
34	166	1.34564
34	170	1.11941
34	172	1.10828
34	177	1.15076
35	108	1.00053
35	115	0.738271
35	124	0.779674
35	126	1.00716
35	136	1.47443
35	140	1.00055
35	141	1.00768
35	153	1.04159
35	162	1.03008
35	165	1.05566
35	170	1.0211
35	172	1.00997
35	173	1.68777
35	176	1.03535
35	177	1.05245
36	6	0.337826
36	23	0.975186
36	39	1.35572
36	77	0.573218
36	79	1.46566
36	81	1.46278
36	89	1.40269
36	97	1.06342
36	118	1.00597
36	125	1.08732
36	129	1.08715
36	149	0.67747
36	155	1.09283
36	160	1.11524
36	163	1.54761
37	73	0.939146
37	83	0.798381
37	94	0.843904
37	118	0.561976
37	120	0.907287
37	136	0.769722
37	140	0.876324
37	148	0.752274
37	157	0.634661
37	165	0.931429
37	168	0.764477
37	172	0.885738
37	175	0.606752
37	177	0.928223
38	2	1.26563
38	21	1.23872
38	30	1.23678
38	44	1.30273
38	45	1.15755
38	54	1.25915
38	67	1.21412
38	73	1.27277
38	74	0.558337
38	97	5
38	134	0.948313
38	143	0.849337
38	150	0.936493
38	160	0.528811
38	169	0.963657
38	175	0.940372
39	36	1.35572
39	48	1.2642
39	53	1.25317
39	57	1.2557
39	79	1.32446
39	81	1.32158
39	82	4.2
39	89	1.26148
39	115	0.916836
39	125	0.946122
39	129	0.945945
39	149	0.782714
39	154	0.551084
39	155	0.951625
39	171	0.845992
39	175	6.69745
40	13	1.014
40	34	0.706672
40	47	1.21198
40	64	1.22407
40	87	1.20008
40	90	1.20354
40	94	1.21231
40	104	1.20117
40	112	0.377786
40	121	0.423944
40	132	0.394159
40	143	1.13956
40	160	1.18748
40	163	1.10801
40	167	1.09684
40	177	0.0417718
41	23	0.746066
41	51	1.0535
41	71	1.0185
41	74	1.14527
41	106	1.07112
41	122	1.01629
41	123	1.07329
41	152	0.968474
41	153	0.699262
41	158	0.724146
41	164	0.991964
41	166	1.03358
41	170	0.627109
41	173	0.947371
41	180	0.934425
42	107	1.14662
42	108	1.16498
42	131	0.956622
42	132	1.1668
42	142	0.850121
42	144	1.19164
42	153	1.20604
42	159	1.19973
42	160	0.925457
42	162	1.19454
42	164	0.948708
42	165	1.22011
42	169	0.918721
42	171	1.06513
42	172	1.17442
42	177	1.21691
43	12	0.967451
43	66	1.0817
43	74	1.21133
43	117	1.03117
43	130	1.15109
43	147	1.12359
43	148	1.03321
43	159	0.337045
43	160	1.10001
43	161	1.06335
43	162	0.54918
43	170	0.404577
43	174	0.986373
43	178	1.06689
43	179	0.951022
43	180	1.00048
44	12	1.31186
44	26	0.00465163
44	30	1.26333
44	38	1.30273
44	45	1.18411
44	54	1.28571
44	67	1.24068
44	73	1.29932
44	82	0.97985
44	110	5.6
44	125	4.02389
44	134	0.97487
44	154	0.393096
44	163	0.398681
44	169	0.990213
44	175	0.966928
45	2	1.14702
45	12	1.16669
45	21	1.12011
45	30	1.11816
45	38	1.15755
45	44	1.18411
45	54	1.14054
45	67	1.09551
45	73	1.15415
45	80	0.531046
45	123	0.449669
45	152	0.693818
45	155	4.11515
45	157	0.849667
45	169	0.845042
45	175	0.821758
46	18	1.05124
46	72	1.23604
46	103	1.15863
46	104	1.08698
46	109	1.18982
46	131	1.06241
46	133	0.520824
46	151	1.06135
46	153	0.494989
46	156	0.637904
46	160	1.07329
46	167	0.98265
46	169	0.884254
46	177	0.274272
46	178	1.04018
46	180	0.973765
47	20	1.01826
47	40	1.21198
47	62	1.06501
47	66	1.0354
47	75	1.12056
47	101	1.20799
47	103	1.13905
47	113	0.953735
47	117	0.98488
47	122	1.03605
47	126	0.688433
47	135	0.475549
47	143	1.00579
47	172	0.389679
47	176	0.389474
47	178	1.0206
48	39	1.2642
48	53	1.30284
48	57	1.30538
48	66	0.732856
48	72	0.585885
48	77	0.557718
48	79	1.37414
48	81	1.37126
48	89	1.31116
48	96	0.989621
48	97	0.971892
48	118	0.914447
48	125	0.995797
48	129	0.995619
48	150	0.701351
48	169	5.16459
49	16	0.243196
49	88	1.08402
49	90	0.539954
49	116	1.19349
49	139	0.818731
49	141	1.15275
49	143	1.18914
49	145	1.15719
49	153	1.18666
49	156	1.16612
49	158	1.15796
49	165	1.20073
49	170	1.16617
49	172	1.15504
49	174	1.66863
49	176	1.18042
50	18	0.85949
50	122	0.675621
50	132	1.1413
50	133	1.16005
50	135	1.17517
50	142	0.608565
50	144	1.16614
50	145	1.15108
50	153	1.18054
50	158	1.15184
50	160	0.683901
50	170	1.16005
50	172	1.14892
50	174	1.61424
50	176	1.1743
50	177	1.19141
51	28	0.964744
51	41	1.0535
51	84	0.485913
51	88	0.557
51	120	1.13698
51	124	1.13695
51	128	1.17855
51	130	1.09985
51	135	0.448881
51	147	1.07235
51	154	1.078
51	163	0.969297
51	164	1.00678
51	168	0.994171
51	171	1.01284
51	173	0.962188
51	179	0.899782
52	66	1.0409
52	98	1.13249
52	109	0.489408
52	126	1.15853
52	146	1.18823
52	153	1.19296
52	157	0.910261
52	159	1.18665
52	162	1.18145
52	163	1.38393
52	164	0.974815
52	165	1.20703
52	169	0.905636
52	170	1.17247
52	172	1.16134
52	177	1.20382
52	178	1.11451
53	1	1.29897
53	4	0.985459
53	14	0.513017
53	15	0.370122
53	39	1.25317
53	48	1.30284
53	57	1.29435
53	79	1.36311
53	89	1.30013
53	95	0.753456
53	96	0.978595
53	109	0.575211
53	110	0.942932
53	118	0.903421
53	129	0.984593
53	155	0.990273
53	169	5.2012
54	12	1.26829
54	21	1.22171
54	30	1.21976
54	38	1.25915
54	44	1.28571
54	45	1.14054
54	67	1.19711
54	73	1.25575
54	103	0.533414
54	115	5.6
54	129	1.58468
54	134	0.931297
54	147	0.690796
54	151	0.783691
54	157	0.951265
54	169	0.94664
54	175	0.923355
55	20	1.2106
55	61	0.731568
55	77	0.847095
55	91	0.918123
55	100	1.05517
55	109	0.926963
55	126	1.12114
55	132	1.11632
55	141	1.12166
55	145	1.1261
55	153	1.15556
55	156	1.13502
55	159	1.14925
55	165	1.16964
55	170	1.13508
55	176	1.14933
55	177	1.16643
56	13	0.939256
56	70	0.661092
56	80	1.16609
56	83	1.09204
56	118	0.855635
56	123	1.15207
56	130	1.16381
56	133	0.390574
56	141	0.47369
56	144	0.615476
56	151	1.10079
56	155	0.942487
56	163	1.03326
56	166	1.11236
56	174	0.999097
56	178	1.07962
56	179	0.963746
57	1	1.3015
57	39	1.2557
57	48	1.30538
57	53	1.29435
57	66	0.907033
57	81	1.36276
57	89	1.30267
57	90	0.619358
57	110	0.945465
57	115	0.958017
57	118	0.905954
57	125	0.987303
57	129	0.987126
57	134	6.8
57	137	0.71207
57	155	0.992806
57	167	0.385209
58	4	0.966602
58	27	0.649286
58	77	1.24022
58	90	1.15772
58	92	1.13211
58	99	0.523886
58	117	1.07283
58	124	1.22985
58	135	0.446102
58	148	1.07486
58	149	1.24413
58	158	0.357429
58	166	1.14129
58	167	1.05102
58	172	0.360232
58	173	1.05508
58	179	0.992675
58	180	1.04213
59	20	0.951962
59	30	0.766841
59	33	1.05156
59	62	0.998718
59	66	0.969108
59	71	0.971973
59	73	0.124974
59	96	0.805497
59	100	1.73384
59	106	1.02459
59	123	1.02676
59	128	1.1172
59	142	1.00097
59	155	0.817175
59	161	0.950759
59	166	0.987045
59	179	0.838435
59	180	0.887895
60	12	0.851878
60	27	0.677899
60	62	1.15373
60	74	1.25375
60	100	0.342892
60	106	1.1796
60	109	1.25896
60	110	0.924846
60	127	1.21537
60	130	1.19351
60	152	1.07695
60	153	0.361157
60	155	0.972186
60	171	1.1065
60	174	1.0288
60	176	0.38864
60	179	0.993446
60	180	1.04291
61	55	0.731568
61	64	1.27644
61	94	1.26468
61	125	1.06411
61	126	0.516862
61	130	1.29093
61	137	1.2373
61	139	1.21887
61	153	0.190421
61	154	1.26909
61	163	1.16038
61	164	1.19787
61	165	0.257998
61	170	0.118268
61	171	1.20392
61	172	0.218109
61	174	1.12622
61	179	1.09087
62	3	1.00055
62	24	1.13372
62	34	1.03347
62	47	1.06501
62	59	0.998718
62	60	1.15373
62	105	0.683079
62	118	0.783418
62	119	1.08877
62	142	1.05406
62	143	0.992595
62	147	1.0641
62	161	1.00385
62	166	1.04014
62	170	0.517132
62	173	0.953935
62	174	0.92688
62	176	0.616768
62	180	0.940989
63	75	0.757469
63	96	0.956259
63	98	1.176
63	99	1.18222
63	109	0.621689
63	121	1.1663
63	133	1.21598
63	140	1.19543
63	144	1.22207
63	151	0.982215
63	154	1.00695
63	156	1.21592
63	165	1.25054
63	166	1.13733
63	170	1.21598
63	175	0.925861
63	176	1.23023
63	177	1.24733
63	178	1.24679
64	14	1.1959
64	40	1.22407
64	61	1.27644
64	99	0.614602
64	104	1.07949
64	119	1.11406
64	120	1.15402
64	138	0.220999
64	143	1.01788
64	149	1.16827
64	151	1.05386
64	154	1.09504
64	158	0.448145
64	163	0.986335
64	165	0.490837
64	172	0.450948
64	174	0.95217
64	179	0.916819
64	180	0.966279
65	9	1.04741
65	16	1.24675
65	34	0.999102
65	103	1.14384
65	106	1.09566
65	118	0.801399
65	139	1.03751
65	141	0.663868
65	160	1.05849
65	161	1.02183
65	163	0.979026
65	164	1.01651
65	165	0.622495
65	167	0.967855
65	168	1.0039
65	172	0.582606
65	175	0.846175
65	178	1.02538
65	179	0.909511
66	43	1.0817
66	47	1.0354
66	48	0.732856
66	52	1.0409
66	57	0.907033
66	59	0.969108
66	80	1.06427
66	85	1.05788
66	119	1.05916
66	130	1.06198
66	131	1.00002
66	136	0.961554
66	143	0.962985
66	145	0.794822
66	149	1.11337
66	154	1.04014
66	155	0.84066
66	161	0.974244
66	178	0.97779
67	2	1.20358
67	4	2.08468
67	12	1.22326
67	14	0.437662
67	21	1.17668
67	30	1.17473
67	38	1.21412
67	44	1.24068
67	45	1.09551
67	54	1.19711
67	73	1.21072
67	82	0.891248
67	128	0.55426
67	134	0.886267
67	142	0.886677
67	147	0.767488
67	157	0.906235
67	169	0.901611
67	175	0.878326
68	92	0.955893
68	93	0.558122
68	99	1.15569
68	105	1.21524
68	124	0.488019
68	126	1.17551
68	141	1.17604
68	146	1.20521
68	152	1.36795
68	153	1.20994
68	156	1.1894
68	158	1.18125
68	161	0.922353
68	162	1.19844
68	163	1.39398
68	169	0.922621
68	170	1.18945
68	172	1.17832
68	176	1.2037
69	28	0.944429
69	87	1.0961
69	90	1.09956
69	93	1.17577
69	100	0.296744
69	103	1.16884
69	104	1.09719
69	107	0.463086
69	123	1.12284
69	146	0.4637
69	149	1.18597
69	151	1.07156
69	160	1.0835
69	161	1.04684
69	164	1.04151
69	168	1.0289
69	171	1.04757
69	176	0.342492
69	179	0.934516
70	6	0.366907
70	56	0.661092
70	98	1.15028
70	100	1.11035
70	120	0.876268
70	123	1.0061
70	125	0.936719
70	135	1.20538
70	137	1.0387
70	138	1.19934
70	146	1.20602
70	156	1.19021
70	158	1.18205
70	164	1.16758
70	165	1.22482
70	170	1.19026
70	172	1.17913
70	176	1.20451
70	177	1.22162
71	11	0.877978
71	41	1.0185
71	59	0.971973
71	74	1.12509
71	77	1.11232
71	116	0.725632
71	123	1.05311
71	128	1.14355
71	130	1.06485
71	135	0.674501
71	136	0.964418
71	143	0.96585
71	149	1.11624
71	156	0.703858
71	162	0.633393
71	164	0.971783
71	167	0.923129
71	173	0.927189
71	174	0.900135
71	179	0.864784
72	46	1.23604
72	48	0.585885
72	83	1.17128
72	113	1.09199
72	114	0.303743
72	137	1.18942
72	139	1.17098
72	142	1.20552
72	144	0.479397
72	146	0.377351
72	148	1.12517
72	156	0.371575
72	161	1.15531
72	162	0.30111
72	163	1.1125
72	164	1.14998
72	167	1.10133
72	171	1.15604
72	179	1.04298
72	180	1.09244
73	2	1.26223
73	11	1.0135
73	12	1.2819
73	21	1.23532
73	30	1.23337
73	37	0.939146
73	38	1.27277
73	44	1.29932
73	45	1.15415
73	54	1.25575
73	59	0.124974
73	67	1.21072
73	103	0.647856
73	104	0.709472
73	130	0.362741
73	134	0.94491
73	142	0.477269
73	155	4.88485
73	169	0.960253
73	175	0.936968
74	38	0.558337
74	41	1.14527
74	43	1.21133
74	60	1.25375
74	71	1.12509
74	78	1.15089
74	101	1.29482
74	108	0.453406
74	130	1.19162
74	141	0.320494
74	144	0.462281
74	148	1.07374
74	149	1.24301
74	156	0.354459
74	161	1.10388
74	162	0.283994
74	163	1.06107
74	167	1.0499
74	171	1.10461
74	179	0.991552
75	5	0.610313
75	47	1.12056
75	63	0.757469
75	98	0.713207
75	124	1.18425
75	128	1.22584
75	134	0.891685
75	137	1.09351
75	142	1.10961
75	143	1.04814
75	148	1.02927
75	156	0.664511
75	161	1.0594
75	166	1.09569
75	168	1.04147
75	171	1.06014
75	174	0.98243
75	177	0.300879
75	178	1.06295
75	180	0.996539
76	91	1.14974
76	101	1.21148
76	103	1.14254
76	109	1.17373
76	126	0.835861
76	138	0.307158
76	139	1.03621
76	143	1.00928
76	147	1.08078
76	149	1.15967
76	150	1.11448
76	157	0.872789
76	159	0.369734
76	160	1.0572
76	162	0.581869
76	163	0.977731
76	166	1.05683
76	172	0.537107
76	173	0.970621
76	174	0.943566
76	175	0.84488
77	19	1.23963
77	36	0.573218
77	48	0.557718
77	55	0.847095
77	58	1.24022
77	71	1.11232
77	112	0.421245
77	127	1.20071
77	131	1.11689
77	139	1.10678
77	141	0.414898
77	150	1.18505
77	151	1.11583
77	154	1.15701
77	156	0.448863
77	160	1.12777
77	168	1.07318
77	171	1.09184
77	173	1.04119
77	174	1.01414
77	179	0.978787
78	8	1.04555
78	11	0.90378
78	74	1.15089
78	92	1.03002
78	96	0.857648
78	100	0.772148
78	106	1.07674
78	110	0.821986
78	113	0.939592
78	123	1.07891
78	124	1.12776
78	131	1.02869
78	138	0.588153
78	150	1.09685
78	160	1.03957
78	164	0.997585
78	174	0.925936
78	175	0.82725
78	176	0.817896
78	178	1.00646
78	179	0.890586
79	1	1.37026
79	6	0.203212
79	15	0.373571
79	23	0.943924
79	36	1.46566
79	39	1.32446
79	48	1.37414
79	53	1.36311
79	80	0.943278
79	81	1.43152
79	89	1.37142
79	96	1.04989
79	97	1.03216
79	110	1.01422
79	115	1.02678
79	118	0.974712
79	123	0.842401
79	128	0.572877
79	129	1.05588
79	143	1.43148
79	173	1.41514
80	21	0.693665
80	23	0.794692
80	45	0.531046
80	56	1.16609
80	66	1.06427
80	79	0.943278
80	117	1.01374
80	120	1.17079
80	124	1.17076
80	127	1.15552
80	131	1.0717
80	143	1.03466
80	147	1.10616
80	148	1.01578
80	152	1.0171
80	153	0.81062
80	164	1.04059
80	173	0.995997
80	177	0.589904
80	178	1.04946
80	179	0.933592
81	1	1.36738
81	4	1.05387
81	11	1.74394
81	23	0.941043
81	36	1.46278
81	39	1.32158
81	48	1.37126
81	57	1.36276
81	79	1.43152
81	89	1.36854
81	101	0.409397
81	110	1.01134
81	115	1.02389
81	118	0.971831
81	124	0.522805
81	129	1.053
81	139	0.476202
81	155	1.05868
81	157	5.09183
81	178	0.49917
81	180	0.753394
82	2	0.942755
82	7	0.958295
82	33	0.893959
82	39	4.2
82	44	0.97985
82	67	0.891248
82	86	0.862844
82	94	0.854649
82	105	0.933396
82	112	0.852412
82	118	0.572721
82	128	0.959597
82	142	0.843365
82	143	0.781898
82	148	0.763019
82	153	0.9281
82	154	0.859052
82	169	0.640782
82	173	0.743238
82	175	0.617497
82	176	0.921863
83	5	0.953708
83	25	1.09452
83	37	0.798381
83	56	1.09204
83	72	1.17128
83	97	0.808873
83	103	1.09387
83	113	0.908546
83	137	1.00597
83	147	1.03211
83	149	1.11099
83	150	1.06581
83	151	0.996579
83	152	0.943048
83	160	1.00852
83	163	0.929055
83	165	0.932568
83	170	0.792838
83	171	0.972596
83	174	0.89489
83	179	0.85954
83	180	0.908999
84	6	0.221145
84	27	1.23165
84	51	0.485913
84	121	1.12006
84	126	1.1558
84	128	0.590809
84	132	1.15098
84	135	1.18485
84	138	1.17882
84	140	1.14919
84	141	1.15632
84	146	1.1855
84	153	1.19023
84	159	1.18392
84	160	0.998563
84	161	0.959307
84	170	1.16974
84	171	1.13824
84	172	1.15861
84	176	1.18399
84	177	1.20109
84	180	1.55201
85	66	1.05788
85	107	0.667313
85	115	0.871162
85	119	1.12445
85	127	1.14914
85	132	0.650907
85	139	1.05521
85	148	1.0094
85	152	1.01072
85	154	1.10543
85	159	0.379551
85	160	1.07619
85	161	1.03953
85	163	0.996725
85	164	1.03421
85	165	0.586814
85	168	1.0216
85	171	1.04027
85	172	0.546924
85	173	0.989616
85	178	1.04308
85	180	0.97667
86	12	0.956827
86	16	1.2505
86	82	0.862844
86	112	0.581403
86	122	1.04458
86	124	1.15043
86	127	1.13518
86	128	1.19202
86	133	0.49194
86	147	1.08583
86	156	0.609021
86	160	1.06224
86	163	0.982773
86	167	0.971603
86	168	1.00765
86	171	1.02631
86	173	0.975663
86	174	0.948609
86	176	0.493589
86	178	1.02913
86	179	0.913258
86	180	0.962718
87	3	1.00185
87	40	1.20008
87	69	1.0961
87	101	1.1961
87	119	1.09007
87	131	1.03094
87	136	0.992465
87	137	1.03926
87	138	0.368127
87	143	0.993896
87	144	0.821124
87	146	0.719078
87	148	0.975017
87	150	1.0991
87	153	0.570388
87	166	1.04144
87	167	0.951175
87	168	0.98722
87	173	0.955236
87	177	0.349671
87	178	1.0087
87	180	0.942291
88	5	1.1162
88	25	1.06423
88	49	1.08402
88	51	0.557
88	98	1.06267
88	104	0.831028
88	108	1.08208
88	121	1.05298
88	132	1.0839
88	136	1.29081
88	138	1.11173
88	141	1.08924
88	145	1.09368
88	153	1.12314
88	154	0.992756
88	155	0.854615
88	164	1.0929
88	165	1.13722
88	168	1.43284
88	170	1.10266
88	172	1.09152
88	176	1.1169
88	177	1.13401
89	1	1.30728
89	4	0.993773
89	31	1.85693
89	36	1.40269
89	39	1.26148
89	48	1.31116
89	53	1.30013
89	57	1.30267
89	79	1.37142
89	81	1.36854
89	97	0.96918
89	103	0.597806
89	110	0.951246
89	115	0.963799
89	118	0.911735
89	122	0.941433
89	125	0.993084
89	129	0.992907
89	155	0.998587
89	157	4.50817
89	167	0.887565
89	174	0.884722
89	179	0.646721
90	19	1.15714
90	33	1.10942
90	40	1.20354
90	49	0.539954
90	57	0.619358
90	58	1.15772
90	69	1.09956
90	111	0.63491
90	127	1.11822
90	131	1.0344
90	135	0.763195
90	136	0.995928
90	143	0.99736
90	144	0.900374
90	148	0.978481
90	161	1.00862
90	164	1.00329
90	168	0.990683
90	171	1.00935
90	173	0.9587
90	175	0.832958
90	180	0.945754
91	8	0.632114
91	24	1.21497
91	55	0.918123
91	76	1.14974
91	96	0.939837
91	107	0.525053
91	108	0.618839
91	109	1.23829
91	122	1.1041
91	127	1.1947
91	129	0.945835
91	135	0.490534
91	137	1.11921
91	148	1.05496
91	151	1.10981
91	160	1.12176
91	161	1.0851
91	167	1.03112
91	174	1.00812
91	177	0.156259
91	178	1.08864
91	179	0.972774
91	180	1.02223
92	58	1.13211
92	68	0.955893
92	78	1.03002
92	99	1.0336
92	113	0.919685
92	123	1.05901
92	124	1.10785
92	125	0.843916
92	131	1.00878
92	136	0.970312
92	137	1.01711
92	139	0.998675
92	153	0.842257
92	155	0.849419
92	161	0.983002
92	164	0.977677
92	167	0.929023
92	168	0.965067
92	171	0.983734
92	174	0.906029
92	177	0.621541
92	180	0.920138
93	23	0.833603
93	25	0.674014
93	68	0.558122
93	69	1.17577
93	103	1.20683
93	106	1.15866
93	114	0.51957
93	122	1.10383
93	123	1.16083
93	136	1.07214
93	142	1.13503
93	146	0.593177
93	151	1.10954
93	161	1.08483
93	162	0.516936
93	163	1.04202
93	164	1.0795
93	166	1.12111
93	173	1.03491
93	176	0.471969
93	178	1.08837
93	179	0.972503
93	180	1.02196
94	6	1.253
94	37	0.843904
94	40	1.21231
94	61	1.26468
94	82	0.854649
94	102	0.436249
94	119	1.10231
94	122	1.03639
94	127	1.12699
94	134	0.849668
94	137	1.0515
94	144	0.865787
94	149	1.15652
94	157	0.869636
94	158	0.639935
94	164	1.01206
94	165	0.682628
94	166	1.05367
94	168	0.999452
94	173	0.967468
94	175	0.841727
94	177	0.394334
94	179	0.905063
95	7	1.26783
95	53	0.753456
95	117	1.07052
95	121	0.429039
95	122	1.12169
95	127	1.2123
95	128	1.26914
95	139	1.11837
95	143	1.09144
95	144	0.518321
95	146	0.416275
95	147	1.16294
95	149	1.24182
95	154	1.16859
95	156	0.410499
95	157	0.954945
95	162	0.340034
95	166	1.13898
95	167	1.04872
95	168	1.08476
95	171	1.10343
95	177	0.0468672
95	178	1.10624
95	180	1.03983
96	4	0.672236
96	11	0.711503
96	30	4.6
96	48	0.989621
96	53	0.978595
96	59	0.805497
96	63	0.956259
96	78	0.857648
96	79	1.04989
96	91	0.939837
96	97	0.647642
96	105	0.950872
96	109	0.963827
96	115	0.642261
96	125	0.671546
96	131	0.836413
96	136	0.797943
96	155	0.677049
96	157	0.662882
96	161	0.810633
96	170	0.925091
96	172	0.913959
96	176	0.939339
97	36	1.06342
97	38	5
97	48	0.971892
97	79	1.03216
97	83	0.808873
97	89	0.96918
97	96	0.647642
97	98	0.867378
97	101	0.983846
97	115	0.624532
97	123	0.868907
97	125	0.653817
97	128	0.959344
97	129	0.65364
97	133	0.907358
97	142	0.843112
97	145	0.898384
97	152	0.764088
97	155	0.65932
97	159	0.921538
97	162	0.916345
97	171	0.793636
97	174	0.71593
97	178	0.79645
97	179	0.68058
98	17	0.612503
98	28	1.07518
98	52	1.13249
98	63	1.176
98	70	1.15028
98	75	0.713207
98	88	1.06267
98	97	0.867378
98	104	0.800963
98	105	1.17061
98	116	1.17214
98	120	0.771527
98	126	1.13089
98	136	1.26075
98	144	1.15092
98	148	1.32353
98	156	1.14477
98	158	1.13662
98	159	1.159
98	165	1.17939
98	166	1.09307
98	170	1.14483
98	172	1.13369
98	175	0.854709
98	176	1.15907
99	17	0.612234
99	58	0.523886
99	63	1.18222
99	64	0.614602
99	68	1.15569
99	92	1.0336
99	114	1.14102
99	126	1.13711
99	133	1.15104
99	135	1.16616
99	137	0.933691
99	140	1.1305
99	141	1.13763
99	144	1.15714
99	145	1.14207
99	149	0.601541
99	154	0.962421
99	156	1.15099
99	159	1.16522
99	162	1.16003
99	165	1.18561
99	170	1.15105
99	172	1.13991
99	176	1.16529
99	177	1.1824
99	178	1.20226
100	10	1.01966
100	22	1.04443
100	32	0.55988
100	55	1.05517
100	59	1.73384
100	60	0.342892
100	69	0.296744
100	70	1.11035
100	78	0.772148
100	111	1.09119
100	112	1.0497
100	116	1.13222
100	121	1.05522
100	141	1.09148
100	143	1.28056
100	145	1.09592
100	146	1.12066
100	156	1.10485
100	158	1.09669
100	159	1.11908
100	162	1.11388
100	164	0.852958
100	165	1.13946
100	170	1.1049
100	176	1.11915
100	177	1.13625
101	20	1.14804
101	24	1.27671
101	27	0.577717
101	28	0.890396
101	47	1.20799
101	74	1.29482
101	76	1.21148
101	81	0.409397
101	87	1.1961
101	97	0.983846
101	106	1.22067
101	114	0.336059
101	116	0.425664
101	120	1.27171
101	141	0.369926
101	142	1.19705
101	160	1.1835
101	161	1.14684
101	165	0.328553
101	167	1.09286
101	171	1.14757
101	173	1.09692
101	174	1.06986
101	175	0.971177
101	176	0.288459
101	180	1.08397
102	25	1.14758
102	94	0.436249
102	107	1.14707
102	111	1.1723
102	116	1.21332
102	119	0.365669
102	130	0.471066
102	131	0.700336
102	132	1.16725
102	138	1.19508
102	140	1.16546
102	141	1.17259
102	153	1.20649
102	155	0.937967
102	156	1.18595
102	162	1.19499
102	165	1.22057
102	166	0.722654
102	167	1.3918
102	170	1.18601
102	172	1.17488
102	175	0.89589
102	176	1.20026
102	177	1.21736
102	179	2.14629
102	180	1.22262
103	13	0.941082
103	46	1.15863
103	47	1.13905
103	54	0.533414
103	65	1.14384
103	69	1.16884
103	73	0.647856
103	76	1.14254
103	83	1.09387
103	89	0.597806
103	93	1.20683
103	121	0.65752
103	124	1.20274
103	143	1.06664
103	148	1.04776
103	149	1.21703
103	150	1.17184
103	154	1.14379
103	162	0.568514
103	168	1.05996
103	170	0.423912
103	172	0.523752
103	173	1.02798
103	174	1.00092
103	175	0.902237
103	179	0.965573
104	5	0.698068
104	40	1.20117
104	46	1.08698
104	64	1.07949
104	69	1.09719
104	73	0.709472
104	88	0.831028
104	98	0.800963
104	113	0.942927
104	116	0.77404
104	117	0.974072
104	123	1.08225
104	127	1.11585
104	128	1.17268
104	131	1.03202
104	137	1.04035
104	139	1.02192
104	146	0.758042
104	147	1.06649
104	148	0.976106
104	160	1.0429
104	167	0.952265
104	171	1.00698
104	173	0.956325
104	178	1.00979
104	180	0.94338
105	29	0.476222
105	62	0.683079
105	68	1.21524
105	82	0.933396
105	96	0.950872
105	98	1.17061
105	107	1.17166
105	115	0.927762
105	131	0.972932
105	133	1.21059
105	135	1.22571
105	140	1.19005
105	142	0.86643
105	145	1.20161
105	151	0.840136
105	152	1.34811
105	156	1.21054
105	157	0.948384
105	158	1.20238
105	159	1.22477
105	162	1.21958
105	166	0.99525
105	170	1.21059
105	175	0.920474
105	176	1.22484
105	177	1.24194
105	178	1.10471
106	23	0.778499
106	25	0.767903
106	41	1.07112
106	59	1.02459
106	60	1.1796
106	65	1.09566
106	78	1.07674
106	93	1.15866
106	101	1.22067
106	109	1.18292
106	116	0.703064
106	124	1.15457
106	129	0.89046
106	134	0.862005
106	140	0.543763
106	141	0.647326
106	142	1.07993
106	147	1.08997
106	148	0.999585
106	165	0.605953
106	167	0.975744
106	169	0.877348
106	173	0.979804
106	174	0.95275
106	176	0.565859
106	178	1.03327
106	179	0.917399
107	42	1.14662
107	69	0.463086
107	85	0.667313
107	91	0.525053
107	102	1.14707
107	105	1.17166
107	111	1.13217
107	118	0.810982
107	126	1.13193
107	130	0.797944
107	135	1.16099
107	138	1.15495
107	140	1.12533
107	148	1.28
107	150	0.737776
107	153	1.16636
107	156	1.14582
107	158	1.13767
107	159	1.16005
107	162	1.15486
107	164	1.0193
107	165	1.18043
107	167	1.71867
107	170	1.14588
107	172	1.13474
107	175	0.855758
107	176	1.16012
107	177	1.17723
108	22	1.10377
108	34	1.09883
108	35	1.00053
108	42	1.16498
108	74	0.453406
108	88	1.08208
108	91	0.618839
108	116	1.19155
108	123	0.951607
108	124	0.616245
108	126	1.1503
108	128	0.682082
108	135	1.17935
108	136	1.311
108	140	1.14369
108	141	1.15082
108	144	1.17033
108	145	1.15526
108	146	1.17999
108	153	1.18472
108	157	0.902028
108	159	1.17841
108	162	1.17322
108	170	1.16424
108	171	1.22951
108	172	1.1531
108	175	0.874118
108	180	1.64328
109	13	0.972274
109	17	1.19028
109	22	0.647688
109	46	1.18982
109	52	0.489408
109	53	0.575211
109	55	0.926963
109	60	1.25896
109	63	0.621689
109	76	1.17373
109	91	1.23829
109	96	0.963827
109	106	1.18292
109	111	0.371089
109	113	1.04577
109	124	1.23394
109	126	0.712257
109	150	1.20303
109	151	1.1338
109	152	1.08027
109	166	1.14538
109	168	1.09115
109	170	0.313663
109	171	1.10982
109	174	1.03212
109	178	1.11264
109	179	0.996765
109	180	1.04622
110	4	0.636573
110	13	0.638156
110	17	0.856157
110	32	0.85936
110	44	5.6
110	53	0.942932
110	57	0.945465
110	60	0.924846
110	78	0.821986
110	79	1.01422
110	81	1.01134
110	89	0.951246
110	115	0.606598
110	124	0.899818
110	125	0.635884
110	129	0.635707
110	142	0.825178
110	145	0.880451
110	146	0.905184
110	148	0.744832
110	155	0.641387
110	156	0.889373
110	159	0.903604
110	162	0.898411
110	165	0.923988
110	171	0.775702
110	177	0.920781
110	180	0.712106
111	22	1.11063
111	90	0.63491
111	100	1.09119
111	102	1.1723
111	107	1.13217
111	109	0.371089
111	112	1.1159
111	114	1.16108
111	116	1.19842
111	120	0.565189
111	121	1.12142
111	127	0.438007
111	131	0.864411
111	132	1.15235
111	138	1.18018
111	140	1.15056
111	141	1.15768
111	145	1.16212
111	146	1.18686
111	153	1.19159
111	154	0.756353
111	158	1.16289
111	160	0.833246
111	165	1.20566
111	172	1.15997
111	173	1.26775
111	176	1.18535
111	177	1.20245
111	179	2.31036
112	8	1.14846
112	19	0.313595
112	40	0.377786
112	77	0.421245
112	82	0.852412
112	86	0.581403
112	100	1.0497
112	111	1.1159
112	128	0.555517
112	132	1.11085
112	133	1.1296
112	138	1.13868
112	141	1.11619
112	144	1.1357
112	145	1.12063
112	146	1.14536
112	153	1.15009
112	154	0.886377
112	155	0.881567
112	156	1.12955
112	158	1.1214
112	162	1.13859
112	165	1.16417
112	170	1.12961
112	172	1.11848
112	176	1.14386
112	177	1.16096
112	179	2.44038
112	180	1.51672
113	3	0.889271
113	16	1.11749
113	17	0.973764
113	18	0.907184
113	47	0.953735
113	72	1.09199
113	78	0.939592
113	83	0.908546
113	92	0.919685
113	104	0.942927
113	109	1.04577
113	117	0.860405
113	120	1.01745
113	127	1.00218
113	128	1.05902
113	130	0.980316
113	136	0.879887
113	150	0.986521
113	159	0.986472
113	163	0.849768
113	167	0.838598
113	168	0.874642
113	170	1.054
113	172	1.15384
113	174	0.815604
113	175	0.716917
113	176	1.15364
113	180	0.829713
114	16	0.427962
114	18	1.09864
114	72	0.303743
114	93	0.51957
114	99	1.14102
114	101	0.336059
114	111	1.16108
114	121	1.12511
114	126	1.16085
114	133	1.17478
114	140	1.15424
114	141	1.16137
114	142	0.847719
114	143	1.37391
114	144	1.18088
114	145	1.16581
114	146	1.19054
114	151	0.821426
114	153	1.19527
114	158	1.16658
114	159	1.18896
114	162	1.18377
114	163	1.35543
114	165	1.20935
114	169	0.907954
114	170	1.17479
114	172	1.16365
114	176	1.18903
114	177	1.20614
115	1	0.962635
115	9	0.813103
115	35	0.738271
115	39	0.916836
115	54	5.6
115	57	0.958017
115	79	1.02678
115	81	1.02389
115	85	0.871162
115	89	0.963799
115	96	0.642261
115	97	0.624532
115	105	0.927762
115	110	0.606598
115	121	0.852299
115	122	0.806522
115	124	0.912371
115	130	0.875262
115	133	0.901977
115	135	0.917094
115	137	0.821631
115	143	0.776264
115	154	0.853418
115	155	0.653939
115	157	0.639772
115	170	0.901981
115	173	0.737604
115	179	0.675199
116	28	1.14248
116	49	1.19349
116	71	0.725632
116	98	1.17214
116	100	1.13222
116	101	0.425664
116	102	1.21332
116	104	0.77404
116	106	0.703064
116	108	1.19155
116	111	1.19842
116	118	0.877232
116	119	0.70916
116	131	1.04383
116	133	1.21212
116	138	1.2212
116	142	0.937325
116	144	1.21822
116	149	0.574889
116	155	0.964084
116	156	1.21207
116	159	1.2263
116	162	1.22111
116	170	1.21213
116	172	1.20099
116	173	1.44717
116	175	0.922008
116	176	1.22637
116	177	1.24348
117	4	0.785325
117	13	0.786908
117	20	0.924925
117	43	1.03117
117	47	0.98488
117	58	1.07283
117	80	1.01374
117	95	1.07052
117	104	0.974072
117	113	0.860405
117	121	1.21461
117	123	0.999726
117	127	1.03332
117	132	1.18482
117	136	0.911032
117	137	0.957831
117	140	1.05854
117	143	0.912464
117	152	0.894906
117	154	0.989617
117	158	1.07804
117	161	0.923722
117	164	0.918397
117	166	0.960008
117	167	0.869743
117	168	0.905787
117	175	0.748062
117	179	0.811398
117	180	0.860858
118	36	1.00597
118	37	0.561976
118	48	0.914447
118	53	0.903421
118	56	0.855635
118	57	0.905954
118	62	0.783418
118	65	0.801399
118	79	0.974712
118	81	0.971831
118	82	0.572721
118	89	0.911735
118	107	0.810982
118	116	0.877232
118	120	0.860334
118	127	0.845061
118	130	0.823198
118	131	0.76124
118	134	0.56774
118	139	0.751132
118	140	0.82937
118	141	0.836498
118	143	0.7242
118	144	0.856007
118	146	0.865673
118	148	0.705321
118	155	0.601875
118	157	0.587708
118	168	0.717524
118	171	0.736191
118	177	0.88127
119	10	0.939294
119	15	1.18861
119	27	0.861213
119	62	1.08877
119	64	1.11406
119	66	1.05916
119	85	1.12445
119	87	1.09007
119	94	1.10231
119	102	0.365669
119	116	0.70916
119	124	1.16566
119	131	1.0666
119	134	0.873096
119	139	1.05649
119	142	1.09102
119	143	1.02956
119	147	1.10106
119	150	1.13476
119	151	1.06553
119	152	1.012
119	154	1.10671
119	160	1.07747
119	161	1.04081
119	162	0.616921
119	165	0.612048
119	166	1.0771
119	170	0.472318
119	172	0.572159
119	174	0.963841
119	178	1.04436
119	179	0.92849
120	14	1.24753
120	26	1.13645
120	32	1.16516
120	37	0.907287
120	51	1.13698
120	64	1.15402
120	70	0.876268
120	80	1.17079
120	98	0.771527
120	101	1.27171
120	111	0.565189
120	113	1.01745
120	118	0.860334
120	137	1.11488
120	139	1.09644
120	140	0.585303
120	145	0.437426
120	151	1.10549
120	152	1.05195
120	158	0.6048
120	163	1.03796
120	164	1.07544
120	166	1.11706
120	167	1.02679
120	169	0.928395
120	174	1.0038
120	175	0.90511
120	176	0.607399
120	177	0.359199
120	178	1.08432
120	179	0.968446
120	180	1.01791
121	16	0.514334
121	27	1.19704
121	40	0.423944
121	63	1.1663
121	84	1.12006
121	88	1.05298
121	95	0.429039
121	100	1.05522
121	103	0.65752
121	111	1.12142
121	114	1.12511
121	115	0.852299
121	117	1.21461
121	125	0.881585
121	129	0.881408
121	132	1.11637
121	133	1.13513
121	135	1.15024
121	138	1.14421
121	139	1.08987
121	140	1.11458
121	144	1.14122
121	146	1.15088
121	147	0.814903
121	150	0.751155
121	156	1.13507
121	158	1.12692
121	159	1.14931
121	162	1.14411
121	172	1.124
121	174	1.93977
121	176	1.14938
121	177	1.16648
122	7	1.14003
122	41	1.01629
122	47	1.03605
122	50	0.675621
122	86	1.04458
122	89	0.941433
122	91	1.1041
122	93	1.10383
122	94	1.03639
122	95	1.12169
122	115	0.806522
122	130	1.06263
122	131	1.00067
122	132	0.971362
122	136	0.962203
122	143	0.963635
122	146	0.988383
122	150	1.06884
122	151	0.999609
122	152	0.946078
122	159	0.700007
122	160	1.01155
122	163	0.932085
122	164	0.969568
122	169	0.822518
122	171	0.975626
122	172	0.86738
122	173	0.924975
122	175	0.799234
122	178	0.97844
122	179	0.86257
122	180	0.912029
123	8	0.964882
123	13	0.895084
123	41	1.07329
123	45	0.449669
123	56	1.15207
123	59	1.02676
123	69	1.12284
123	70	1.0061
123	71	1.05311
123	78	1.07891
123	79	0.842401
123	92	1.05901
123	93	1.16083
123	97	0.868907
123	104	1.08225
123	108	0.951607
123	117	0.999726
123	124	1.15675
123	136	1.01921
123	137	1.06601
123	139	1.04757
123	140	0.715131
123	143	1.02064
123	147	1.09214
123	149	1.17103
123	164	1.02657
123	166	1.06818
123	167	0.977919
123	169	0.879523
123	170	0.637591
123	171	1.03263
123	173	0.981979
123	177	0.489027
123	179	0.919574
123	180	0.969034
124	6	1.31636
124	19	1.22926
124	35	0.779674
124	51	1.13695
124	58	1.22985
124	68	0.488019
124	75	1.18425
124	78	1.12776
124	80	1.17076
124	81	0.522805
124	86	1.15043
124	92	1.10785
124	103	1.20274
124	106	1.15457
124	108	0.616245
124	109	1.23394
124	110	0.899818
124	115	0.912371
124	119	1.16566
124	123	1.15675
124	126	0.700825
124	139	1.09642
124	142	1.13095
124	144	0.62512
124	145	0.231893
124	147	1.14099
124	150	1.17469
124	165	0.44196
124	166	1.11703
124	170	0.30223
124	172	0.402071
124	174	1.00377
124	175	0.905082
124	178	1.08429
124	179	0.968418
125	30	2.77611
125	32	0.901198
125	36	1.08732
125	39	0.946122
125	44	4.02389
125	48	0.995797
125	57	0.987303
125	61	1.06411
125	70	0.936719
125	89	0.993084
125	92	0.843916
125	96	0.671546
125	97	0.653817
125	110	0.635884
125	121	0.881585
125	129	0.677545
125	133	0.931263
125	134	0.64909
125	136	0.804118
125	152	0.787992
125	153	0.951752
125	155	0.683225
125	159	0.945442
125	162	0.940249
125	163	0.773999
125	166	0.853094
125	168	0.798873
125	169	0.664433
125	172	0.920134
125	174	0.739835
125	176	0.945514
125	177	0.962619
125	178	0.820355
125	180	0.753944
126	19	0.524739
126	35	1.00716
126	47	0.688433
126	52	1.15853
126	55	1.12114
126	61	0.516862
126	68	1.17551
126	76	0.835861
126	84	1.1558
126	98	1.13089
126	99	1.13711
126	107	1.13193
126	108	1.1503
126	109	0.712257
126	114	1.16085
126	124	0.700825
126	127	0.779176
126	133	1.17087
126	134	0.888693
126	135	1.18598
126	138	1.17995
126	141	1.15745
126	144	1.17696
126	145	1.16189
126	147	0.979889
126	149	0.736642
126	156	1.17081
126	157	0.908661
126	158	1.16266
126	159	1.18505
126	161	1.13516
126	165	1.20543
126	170	1.17087
126	171	1.31409
126	172	1.15974
126	176	1.18512
126	177	1.20222
127	15	1.21329
127	60	1.21537
127	77	1.20071
127	80	1.15552
127	85	1.14914
127	86	1.13518
127	90	1.11822
127	91	1.1947
127	94	1.12699
127	95	1.2123
127	104	1.11585
127	111	0.438007
127	113	1.00218
127	117	1.03332
127	118	0.845061
127	126	0.779176
127	129	0.926233
127	132	0.584404
127	133	0.478569
127	135	0.566292
127	136	1.05281
127	139	1.08117
127	140	0.458121
127	148	1.03536
127	149	1.20463
127	150	1.15944
127	152	1.03668
127	153	0.452734
127	159	0.313049
127	164	1.06017
127	165	0.520311
127	168	1.04756
127	171	1.06623
127	174	0.988523
127	176	0.480217
127	178	1.06904
127	179	0.953173
127	180	1.00263
128	3	1.11903
128	26	1.17802
128	31	1.0067
128	51	1.17855
128	59	1.1172
128	67	0.55426
128	71	1.14355
128	75	1.22584
128	79	0.572877
128	82	0.959597
128	84	0.590809
128	86	1.19202
128	95	1.26914
128	97	0.959344
128	104	1.17268
128	108	0.682082
128	112	0.555517
128	113	1.05902
128	131	1.14812
128	132	0.571889
128	135	0.553777
128	140	0.445607
128	142	1.17254
128	148	1.0922
128	151	1.14705
128	152	1.09352
128	153	0.440219
128	154	1.18823
128	158	0.465104
128	161	1.12233
128	164	1.11701
128	166	1.15862
128	167	1.06836
128	173	1.07242
128	174	1.04536
128	176	0.467702
128	178	1.12588
128	179	1.01001
128	180	1.05947
129	1	0.991743
129	21	4.7038
129	30	1.31152
129	36	1.08715
129	39	0.945945
129	48	0.995619
129	53	0.984593
129	54	1.58468
129	57	0.987126
129	79	1.05588
129	81	1.053
129	89	0.992907
129	91	0.945835
129	97	0.65364
129	106	0.89046
129	110	0.635707
129	121	0.881408
129	125	0.677545
129	127	0.926233
129	131	0.842412
129	136	0.803941
129	143	0.805372
129	144	0.937179
129	145	0.922112
129	146	0.946845
129	155	0.683047
129	165	0.965648
129	166	0.852917
129	167	0.762652
129	169	0.664256
129	170	0.931089
129	173	0.766712
129	174	0.739657
129	175	0.640971
129	176	0.945337
