1	26	0.759562
1	42	1.08921
1	67	1.03242
1	94	1.01758
1	130	1.05457
1	134	1.05473
1	136	1.05454
1	138	1.04419
1	157	0.994868
1	166	0.934649
1	178	1.11001
1	179	1.05277
2	22	1.05054
2	29	1.04167
2	50	1.10745
2	60	1.09679
2	64	1.00606
2	73	0.982875
2	84	1.04121
2	93	1.08185
2	112	0.00279544
2	126	1.35199
2	160	1.08835
2	174	1.30823
3	66	0.712531
3	123	1.07222
3	127	1.03563
3	141	1.04594
3	142	1.0328
3	145	1.032
3	148	1.07832
3	152	1.06218
3	153	1.05106
3	155	1.06206
3	164	1.0114
3	170	1.00496
4	35	1.02686
4	78	1.07287
4	104	1.06891
4	113	1.22687
4	118	0.926658
4	130	1.04803
4	134	1.04819
4	135	0.877313
4	138	1.03765
4	158	1.05125
4	170	0.769588
4	179	1.04623
5	26	1.16487
5	35	0.915311
5	94	0.899487
5	104	0.957361
5	124	0.957494
5	130	0.936479
5	131	1.35131
5	134	0.936639
5	136	0.93645
5	138	0.926096
5	163	1.23394
5	179	0.934683
6	108	1.05391
6	125	1.06817
6	142	1.0223
6	143	1.07247
6	148	1.06782
6	152	1.05168
6	153	1.04056
6	155	1.05156
6	167	0.890174
6	171	0.903001
6	179	1.044
6	180	0.9348
7	57	1.0822
7	61	1.22571
7	143	0.908565
7	169	0.932527
7	171	0.951646
7	174	0.965561
7	175	0.961907
7	176	0.915203
7	177	0.909971
7	178	0.918278
7	179	1.14108
7	180	0.936342
8	24	0.94766
8	61	0.927644
8	75	0.902788
8	83	0.957631
8	90	0.906729
8	110	0.980609
8	122	1.1653
8	147	0.915403
8	150	0.92596
8	161	1.29796
8	163	0.935576
8	165	1.28626
9	22	0.880935
9	36	0.710183
9	44	1.74545
9	47	0.820015
9	93	0.912249
9	147	1.75358
9	160	0.91874
9	171	0.844454
9	173	0.82155
9	175	0.854715
9	176	0.808011
9	180	0.82915
10	54	1.0463
10	89	1.08668
10	100	1.03547
10	111	1.03964
10	133	1.06776
10	147	1.03452
10	151	1.04026
10	163	0.797952
10	170	1.04938
10	171	0.956706
10	172	0.949243
10	177	1.0954
11	31	0.977023
11	108	0.849149
11	158	0.749775
11	167	1.05288
11	172	1.0793
11	173	1.04436
11	174	1.08118
11	176	1.03082
11	177	1.02559
11	178	1.0339
11	179	0.822768
11	180	1.05196
12	28	0.886256
12	65	0.907353
12	119	0.785028
12	121	0.819681
12	166	1.08118
12	167	1.04453
12	168	1.09624
12	175	1.06918
12	176	1.02247
12	177	1.01724
12	178	1.02555
12	180	1.04361
13	137	0.891127
13	145	1.03015
13	146	1.03493
13	148	1.07646
13	149	1.0361
13	152	1.06032
13	153	1.0492
13	155	1.0602
13	162	0.88847
13	173	1.03205
13	179	1.05264
13	180	0.989262
14	34	1.0657
14	134	1.14089
14	145	1.24519
14	156	0.953845
14	164	0.955552
14	167	0.9242
14	168	0.975911
14	173	0.915677
14	174	0.952496
14	176	0.902138
14	177	0.896905
14	180	0.923277
15	48	1.0195
15	51	0.628788
15	81	1.00599
15	109	0.903618
15	121	0.861002
15	136	1.08259
15	138	1.07224
15	169	1.04446
15	177	1.02191
15	178	1.03021
15	179	1.08082
15	180	1.04828
16	17	1.10482
16	23	0.901328
16	62	1.20343
16	90	1.14068
16	167	0.94457
16	169	0.939831
16	173	0.936047
16	175	0.969212
16	176	0.922508
16	177	0.917275
16	178	0.925583
16	180	0.943647
17	16	1.10482
17	52	0.844321
17	60	0.694624
17	83	1.07694
17	87	1.03782
17	90	1.02604
17	91	1.02545
17	110	1.09992
17	121	1.04424
17	147	1.03471
17	163	1.05489
17	178	1.10283
18	27	1.05918
18	67	0.905558
18	72	0.972328
18	79	1.49042
18	92	0.914673
18	98	0.939195
18	104	0.948594
18	124	0.948726
18	136	0.927682
18	138	0.917329
18	162	1.20145
18	179	0.925915
19	128	0.982915
19	135	1.08573
19	139	1.02071
19	141	1.01293
19	142	0.999789
19	145	0.998994
19	149	1.00495
19	151	0.979395
19	152	1.02917
19	155	1.02905
19	166	0.99086
19	171	1.0436
19	179	1.02148
20	24	1.03089
20	31	0.989318
20	61	1.01087
20	75	0.986013
20	87	1.00173
20	91	0.989363
20	110	1.06383
20	118	1.17787
20	120	0.932625
20	122	0.934097
20	150	1.00919
20	163	1.0188
20	165	1.05506
21	53	0.930823
21	62	0.917648
21	81	0.873034
21	96	0.876968
21	102	0.897592
21	111	0.91336
21	121	0.917767
21	132	1.32506
21	133	0.941475
21	147	0.908235
21	168	1.33379
21	170	0.923098
21	175	1.39164
22	2	1.05054
22	9	0.880935
22	39	1.2588
22	64	0.99365
22	73	0.97047
22	84	1.0288
22	93	1.06945
22	107	1.02265
22	109	1.00756
22	145	0.00437186
22	160	1.07594
22	161	1.42282
22	166	1.38971
23	16	0.901328
23	90	1.24762
23	148	1.21432
23	153	1.28691
23	159	0.951361
23	166	0.929818
23	171	0.90755
23	172	0.91959
23	173	0.884646
23	174	0.921465
23	175	0.917812
23	178	0.874183
23	180	0.892247
24	8	0.94766
24	20	1.03089
24	44	0.972108
24	90	1.00008
24	110	1.07396
24	118	1.10773
24	121	1.01829
24	144	0.878903
24	147	1.00876
24	150	1.01932
24	154	0.958047
24	163	1.02893
24	177	1.15495
25	58	1.0164
25	100	0.997411
25	102	0.985818
25	111	1.00159
25	112	1.04249
25	123	1.0135
25	133	1.0297
25	151	1.00221
25	157	1.01932
25	158	1.01306
25	159	0.917034
25	170	1.01132
25	177	1.15054
26	1	0.759562
26	5	1.16487
26	65	0.938658
26	136	0.936283
26	141	1.00638
26	145	0.992439
26	155	1.0225
26	157	0.996903
26	159	1.0415
26	168	1.03502
26	175	1.00795
26	179	1.01493
26	180	0.982385
27	18	1.05918
27	128	0.953482
27	135	1.02128
27	137	1.04637
27	142	0.965256
27	148	0.7715
27	156	1.03066
27	162	1.04123
27	175	1.02566
27	176	0.978954
27	177	0.973722
27	178	0.982029
27	180	1.00009
28	12	0.886256
28	62	1.00849
28	65	0.993438
28	69	1.06442
28	96	0.967812
28	103	1.02829
28	133	1.03232
28	147	0.999079
28	151	1.00482
28	158	1.01568
28	165	1.11405
28	168	1.02259
28	170	1.01394
29	2	1.04167
29	40	0.982259
29	47	0.968343
29	64	0.984778
29	73	0.961598
29	84	1.01993
29	93	1.06058
29	97	1.0131
29	107	1.01378
29	160	1.06707
29	165	0.966584
29	167	0.985099
29	177	1.13662
30	32	1.08024
30	109	1.04562
30	156	1.00256
30	160	0.86863
30	168	1.02462
30	171	0.987292
30	173	0.964388
30	174	1.00121
30	175	0.997554
30	176	0.950849
30	177	0.945617
30	178	0.953924
30	179	1.00506
30	180	0.971988
31	11	0.977023
31	20	0.989318
31	37	0.913561
31	87	0.970294
31	90	0.958517
31	91	0.957926
31	107	0.982521
31	110	1.0324
31	121	0.976723
31	140	1.2903
31	147	0.967191
31	150	0.977748
31	151	1.17092
31	163	0.987365
32	30	1.08024
32	47	1.03935
32	50	1.15718
32	64	1.05579
32	73	1.0326
32	84	1.09094
32	93	1.13158
32	105	1.12184
32	107	1.08478
32	109	1.0697
32	160	1.13808
32	166	1.10331
32	175	1.09109
32	179	0.00274674
33	141	0.976583
33	142	0.963439
33	145	0.962643
33	146	0.967427
33	148	1.00896
33	149	0.968599
33	152	0.992818
33	153	0.981695
33	155	0.992701
33	168	0.983332
33	172	1.09867
33	173	1.18072
33	179	0.985134
33	180	1.13794
34	14	1.0657
34	119	1.01769
34	127	0.959286
34	129	0.991189
34	135	1.09268
34	139	0.97738
34	141	0.969599
34	146	0.960443
34	152	0.985835
34	153	0.974711
34	155	0.985717
34	165	1.01921
34	178	1.17317
34	179	0.978151
35	4	1.02686
35	5	0.915311
35	59	1.06812
35	104	1.00296
35	106	0.939811
35	114	0.979952
35	124	1.00309
35	130	0.98208
35	134	0.98224
35	136	0.982051
35	158	0.985304
35	167	1.20216
35	175	1.15003
35	179	0.980284
36	9	0.710183
36	78	1.97763
36	155	2.12263
36	156	0.846166
36	159	0.874713
36	168	0.868233
36	169	0.811783
36	172	0.842942
36	173	0.807998
36	175	0.841164
36	176	0.794459
36	177	0.789227
36	178	0.797534
36	180	0.815598
37	31	0.913561
37	61	0.843938
37	119	0.722599
37	142	0.854959
37	144	1.13225
37	147	0.663529
37	167	1.08114
37	171	1.09552
37	172	1.10756
37	173	1.07262
37	174	1.10944
37	176	1.05908
37	178	1.06216
37	180	1.08022
38	85	0.823271
38	139	1.09864
38	154	1.00867
38	158	1.00251
38	164	0.996301
38	166	1.0016
38	168	1.01666
38	169	0.96021
38	171	0.979329
38	175	0.989591
38	177	0.937654
38	178	0.945962
38	179	1.0755
38	180	0.964026
39	22	1.2588
39	82	1.06805
39	138	0.827339
39	144	1.00878
39	154	1.00139
39	156	0.987312
39	157	0.971263
39	163	0.997886
39	166	0.994316
39	167	0.957668
39	174	0.985963
39	178	0.938681
39	179	0.897215
39	180	0.956745
40	29	0.982259
40	47	0.93021
40	50	1.04804
40	64	0.946645
40	73	0.923465
40	84	0.981798
40	93	1.02244
40	107	0.975644
40	109	0.960559
40	122	0.994129
40	157	1.15391
40	160	1.02894
40	174	1.07228
40	180	1.17823
41	67	1.06562
41	72	1.13239
41	104	1.10865
41	106	1.0455
41	124	1.10878
41	126	0.818437
41	130	1.08777
41	134	1.08793
41	138	1.07739
41	169	0.935868
41	170	0.783227
41	173	0.923412
41	177	0.987517
41	179	1.08597
42	1	1.08921
42	72	1.08251
42	95	0.708003
42	106	0.99562
42	113	1.23013
42	124	1.0589
42	134	1.03805
42	136	1.03786
42	138	1.02751
42	158	1.04111
42	160	1.09314
42	176	0.981922
42	178	0.961069
42	179	1.03609
42	180	0.870246
43	85	1.13674
43	98	1.04502
43	123	1.01929
43	124	1.05455
43	130	1.03354
43	134	1.03369
43	136	1.03351
43	138	1.02315
43	160	1.08878
43	164	0.847492
43	169	0.993695
43	172	0.899189
43	173	0.981239
43	178	1.02927
43	179	1.03174
44	9	1.74545
44	24	0.972108
44	61	0.952092
44	75	0.927236
44	83	0.982079
44	90	0.931177
44	91	0.930586
44	110	1.00506
44	121	0.949383
44	123	0.978614
44	135	1.01908
44	147	0.939851
44	150	0.950408
44	162	0.907963
44	163	0.960024
45	70	0.885586
45	85	1.17378
45	94	1.03359
45	104	1.09147
45	124	1.0916
45	130	1.07058
45	136	1.07055
45	158	1.07381
45	160	1.12583
45	171	0.901226
45	172	0.893763
45	175	0.836268
45	179	1.06879
45	180	0.933026
46	55	0.864472
46	76	0.824162
46	108	0.925792
46	116	0.870797
46	160	0.762984
46	164	1.07926
46	167	1.04791
46	171	1.06229
46	173	1.03939
46	174	1.07621
46	175	1.07255
46	176	1.02585
46	177	1.02062
46	178	1.02892
46	180	1.04699
47	9	0.820015
47	29	0.968343
47	32	1.03935
47	40	0.93021
47	64	0.93273
47	73	0.909549
47	84	0.967883
47	93	1.00853
47	107	0.961728
47	109	0.946643
47	156	1.1795
47	159	1.13835
47	160	1.01502
47	163	1.07441
47	173	1.30775
48	15	1.0195
48	66	1.00081
48	78	0.96497
48	92	0.927088
48	120	1.20507
48	124	0.961141
48	130	0.940126
48	134	0.940286
48	136	0.940097
48	138	0.929743
48	158	0.94335
48	160	0.995374
48	163	1.20009
48	170	1.29325
48	179	0.93833
49	78	0.965038
49	85	1.04339
49	92	0.927156
49	104	0.961077
49	106	0.897925
49	124	0.961209
49	130	0.940195
49	131	1.16456
49	134	0.940354
49	138	0.929812
49	156	1.15228
49	160	0.995442
49	164	1.14678
49	179	0.938398
49	180	1.23774
50	2	1.10745
50	32	1.15718
50	40	1.04804
50	64	1.05056
50	73	1.02738
50	84	1.08571
50	93	1.12636
50	103	0.809921
50	109	1.06447
50	123	0.928677
50	140	0.982201
50	154	0.868806
50	160	1.13285
50	175	0.862061
51	15	0.628788
51	53	1.13378
51	54	1.12298
51	65	1.10556
51	89	1.16336
51	96	1.07993
51	100	1.11215
51	102	1.10055
51	123	0.848259
51	133	1.14444
51	140	0.901782
51	147	1.1112
51	170	1.12606
51	173	0.921187
51	175	0.781642
51	178	0.969223
52	17	0.844321
52	53	0.968484
52	54	0.960575
52	107	0.840046
52	109	0.985541
52	124	1.05137
52	134	1.03052
52	136	1.03033
52	138	1.01997
52	164	1.02829
52	172	1.02336
52	173	0.988414
52	174	1.02523
52	178	0.97795
52	179	1.02856
52	180	0.996014
53	21	0.930823
53	51	1.13378
53	52	0.968484
53	58	1.01903
53	59	0.957506
53	74	1.06359
53	81	0.963887
53	102	0.988445
53	111	1.00421
53	112	1.04512
53	131	1.06299
53	132	0.97284
53	133	1.03233
53	151	1.00483
53	170	1.01395
53	175	1.03941
54	10	1.0463
54	51	1.12298
54	52	0.960575
54	65	0.982642
54	69	1.05362
54	77	0.931411
54	81	0.953082
54	97	1.11164
54	100	0.989232
54	112	1.03431
54	133	1.02152
54	147	0.988283
54	158	1.00488
54	168	0.973661
54	170	1.00315
54	174	1.02231
55	46	0.864472
55	86	0.993599
55	125	1.04235
55	129	1.03122
55	139	1.01741
55	141	1.00963
55	142	0.996484
55	146	1.00047
55	148	1.04201
55	149	1.00164
55	151	0.981723
55	152	1.02586
55	153	1.01474
55	162	0.976934
55	177	1.18462
55	179	1.01818
56	66	1.02042
56	115	1.24275
56	129	0.949628
56	139	0.935819
56	141	0.928038
56	142	0.914894
56	145	0.914099
56	146	0.918882
56	148	0.960416
56	149	0.920055
56	152	0.944273
56	153	0.93315
56	155	0.944156
56	167	1.36562
56	172	1.37099
56	179	0.93659
57	7	1.0822
57	70	1.00635
57	94	0.983572
57	104	1.04145
57	106	0.978295
57	123	1.00632
57	130	1.02056
57	132	0.890458
57	134	1.02072
57	136	1.02053
57	138	1.01018
57	156	0.968332
57	158	1.02379
57	160	1.07581
57	179	1.01877
57	180	1.05379
58	25	1.0164
58	53	1.01903
58	69	1.06178
58	89	1.0486
58	96	0.965175
58	100	0.997391
58	112	1.04247
58	121	1.00597
58	126	0.93901
58	133	1.02968
58	135	1.01153
58	151	1.00219
58	170	1.0113
58	172	0.961936
58	173	1.04399
58	178	1.09202
59	35	1.06812
59	53	0.957506
59	61	1.01863
59	140	0.994575
59	141	1.04394
59	158	0.861007
59	165	1.00196
59	168	1.03491
59	169	0.978463
59	171	0.997583
59	172	1.00962
59	174	1.0115
59	175	1.00784
59	176	0.96114
59	177	0.955908
59	178	0.964215
59	180	0.982279
60	2	1.09679
60	17	0.694624
60	69	0.671004
60	121	0.793227
60	129	0.90077
60	133	0.743992
60	156	1.10147
60	159	1.13002
60	161	1.08092
60	168	1.12354
60	171	1.08621
60	173	1.06331
60	175	1.09647
60	176	1.04977
60	177	1.04454
60	178	1.05284
60	180	1.07091
61	7	1.22571
61	8	0.927644
61	20	1.01087
61	37	0.843938
61	44	0.952092
61	59	1.01863
61	75	0.976127
61	83	1.03097
61	87	0.991845
61	90	0.980068
61	91	0.979477
61	110	1.05395
61	122	1.01319
61	137	1.09916
61	147	0.988742
61	150	0.9993
61	163	1.00892
62	16	1.20343
62	21	0.917648
62	28	1.00849
62	74	1.05041
62	81	0.950712
62	89	1.03807
62	96	0.954646
62	100	0.986862
62	102	0.97527
62	103	0.961717
62	121	0.995445
62	133	1.01915
62	158	1.00251
62	168	0.956012
62	169	1.16586
62	170	1.00078
62	175	1.01386
63	86	1.03819
63	113	0.928418
63	120	1.01272
63	133	0.930201
63	136	1.06473
63	143	0.954835
63	149	1.00413
63	152	1.00496
63	159	1.04173
63	160	0.845063
63	168	1.03525
63	169	0.978796
63	171	0.997915
63	174	1.01183
63	176	0.961472
63	177	0.95624
63	180	0.982612
64	2	1.00606
64	22	0.99365
64	29	0.984778
64	32	1.05579
64	40	0.946645
64	47	0.93273
64	50	1.05056
64	73	0.925984
64	84	0.984317
64	86	1.07791
64	93	1.02496
64	109	0.963078
64	151	1.06603
64	154	1.07202
64	160	1.03145
64	164	1.07107
64	170	1.06464
65	12	0.907353
65	26	0.938658
65	28	0.993438
65	51	1.10556
65	54	0.982642
65	81	0.935659
65	102	0.960217
65	105	0.971322
65	112	1.01689
65	121	0.980392
65	131	1.1251
65	133	1.0041
65	151	0.976605
65	156	1.11283
65	158	0.987458
65	170	0.985723
65	171	1.16649
66	3	0.712531
66	48	1.00081
66	56	1.02042
66	118	1.06693
66	124	0.715602
66	129	0.828325
66	130	0.67155
66	131	1.09288
66	164	1.11393
66	165	1.10134
66	167	1.08258
66	173	1.07406
66	175	1.10722
66	176	1.06052
66	177	1.05529
66	178	1.06359
66	180	1.08166
67	1	1.03242
67	18	0.905558
67	41	1.06562
67	72	1.02571
67	106	0.938825
67	124	1.00211
67	130	0.981095
67	134	0.981254
67	136	0.981065
67	138	0.970712
67	144	0.981852
67	160	1.03634
67	166	1.06647
67	168	0.996406
67	174	1.04506
67	177	1.2579
67	179	0.979298
68	102	0.847536
68	109	0.857389
68	110	0.70745
68	139	0.839962
68	155	0.730334
68	162	1.11396
68	168	1.12546
68	169	1.06901
68	172	1.10017
68	173	1.06523
68	174	1.10205
68	175	1.09839
68	176	1.05169
68	177	1.04646
68	178	1.05476
68	179	0.816826
68	180	1.07283
69	28	1.06442
69	54	1.05362
69	58	1.06178
69	60	0.671004
69	81	1.00664
69	96	1.01057
69	102	1.0312
69	103	0.839492
69	105	1.0423
69	112	1.08787
69	113	1.34827
69	121	1.05137
69	133	1.07508
69	158	1.05844
69	159	0.861781
69	162	0.887597
69	169	1.04363
69	170	1.0567
70	45	0.885586
70	57	1.00635
70	118	0.945821
70	129	1.17072
70	134	1.1101
70	146	1.07698
70	156	0.991119
70	162	1.00169
70	166	0.998122
70	168	1.01319
70	169	0.956735
70	171	0.975854
70	172	0.987894
70	173	0.952951
70	176	0.939412
70	177	0.93418
70	178	0.942487
70	180	0.960551
71	79	1.31454
71	116	0.980444
71	119	1.00379
71	122	0.998994
71	125	0.98843
71	127	0.94539
71	129	0.977294
71	142	0.942559
71	146	0.946547
71	149	0.94772
71	152	0.971939
71	153	0.960815
71	155	0.971821
71	157	1.10205
71	169	1.18161
71	174	1.02042
71	175	1.02961
71	179	0.964255
72	18	0.972328
72	41	1.13239
72	42	1.08251
72	67	1.02571
72	106	1.0056
72	122	0.878702
72	130	1.04786
72	131	0.989624
72	132	0.899474
72	134	1.04802
72	136	1.04784
72	138	1.03748
72	154	0.972794
72	158	1.05109
72	160	1.10311
72	162	0.962014
72	165	0.999667
72	179	1.04607
73	2	0.982875
73	22	0.97047
73	29	0.961598
73	32	1.0326
73	40	0.923465
73	47	0.909549
73	50	1.02738
73	64	0.925984
73	84	0.961137
73	93	1.00178
73	101	1.12929
73	107	0.954983
73	109	0.939898
73	114	0.964225
73	160	1.00827
73	164	1.1401
73	167	1.18644
73	180	1.23106
74	53	1.06359
74	62	1.05041
74	96	1.00973
74	100	1.04195
74	101	0.904933
74	102	1.03036
74	105	1.04146
74	112	1.08703
74	122	0.8226
74	132	0.843373
74	133	1.07424
74	140	1.03009
74	147	1.041
74	151	1.04675
74	157	0.982385
74	158	1.0576
74	170	1.05586
74	176	1.11838
75	8	0.902788
75	20	0.986013
75	44	0.927236
75	61	0.976127
75	83	1.00611
75	87	0.966989
75	90	0.955212
75	91	0.954621
75	110	1.02909
75	121	0.973418
75	137	1.09264
75	140	1.21416
75	147	0.963886
75	150	0.974443
75	156	1.10532
75	163	0.98406
75	167	1.14615
75	170	1.09338
76	46	0.824162
76	87	1.04073
76	90	1.02896
76	110	1.10284
76	111	0.939548
76	128	1.01064
76	139	1.04844
76	147	1.03763
76	148	1.07303
76	150	1.04819
76	153	1.04577
76	155	1.05677
76	157	1.0131
76	161	0.985979
76	163	1.0578
76	164	0.946457
76	170	0.940019
76	179	1.04921
77	54	0.931411
77	138	0.845939
77	139	0.938951
77	146	0.927568
77	153	0.890301
77	154	1.05802
77	164	1.04565
77	165	1.03306
77	167	1.0143
77	168	1.06601
77	169	1.00956
77	172	1.04072
77	173	1.00578
77	175	1.03894
77	176	0.99224
77	177	0.987007
77	178	0.995315
77	179	0.915815
77	180	1.01338
78	4	1.07287
78	36	1.97763
78	48	0.96497
78	49	0.965038
78	86	0.797047
78	94	0.9911
78	123	1.01384
78	124	1.04911
78	130	1.02809
78	134	1.02825
78	136	1.02806
78	138	1.01771
78	158	1.03132
78	160	1.08334
78	161	0.829737
78	168	0.726573
78	172	0.841914
78	174	0.775226
78	179	1.0263
79	18	1.49042
79	71	1.31454
79	81	0.858791
79	96	0.862725
79	105	0.894454
79	112	0.940021
79	117	0.849238
79	121	0.903524
79	133	0.927232
79	136	1.38409
79	141	1.41078
79	158	0.91059
79	165	0.892705
79	171	0.888328
79	174	0.902243
79	175	0.898589
79	176	0.851885
79	177	0.846653
79	180	0.873024
80	116	1.0442
80	127	1.00915
80	128	0.98944
80	132	0.901829
80	139	1.02724
80	145	1.00552
80	146	1.0103
80	148	1.05184
80	149	1.01148
80	150	1.02699
80	151	0.969157
80	152	1.03569
80	153	1.02457
80	155	1.03558
80	162	0.964368
80	164	0.974201
80	167	1.02054
80	177	1.17205
80	179	1.02801
81	15	1.00599
81	21	0.873034
81	53	0.963887
81	54	0.953082
81	62	0.950712
81	65	0.935659
81	69	1.00664
81	79	0.858791
81	89	0.993458
81	105	0.941762
81	112	0.987329
81	115	1.08811
81	133	0.97454
81	143	1.39327
81	151	0.947045
81	158	0.957898
81	163	1.06505
81	170	0.956163
81	178	1.34643
82	39	1.06805
82	125	0.976587
82	127	0.933547
82	129	0.96545
82	137	1.18537
82	139	0.951641
82	141	0.943861
82	142	0.930716
82	145	0.929921
82	146	0.934704
82	148	0.976238
82	149	0.935877
82	152	0.960096
82	153	0.948972
82	155	0.959978
82	163	1.09295
82	174	1.17755
82	178	1.37433
82	179	0.952412
83	8	0.957631
83	17	1.07694
83	44	0.982079
83	61	1.03097
83	75	1.00611
83	87	1.02183
83	90	1.01006
83	91	1.00946
83	103	0.880196
83	107	1.03406
83	110	1.08394
83	117	1.20318
83	137	0.930959
83	147	1.01873
83	150	1.02929
83	157	1.00477
83	163	1.0389
83	167	0.984469
83	171	0.997295
84	2	1.04121
84	22	1.0288
84	29	1.01993
84	32	1.09094
84	40	0.981798
84	47	0.967883
84	50	1.08571
84	64	0.984317
84	73	0.961137
84	93	1.06012
84	107	1.01332
84	109	0.998231
84	135	1.07025
84	137	0.961784
84	156	0.974461
84	160	1.06661
84	161	1.00848
84	163	0.869366
84	169	1.11516
85	38	0.823271
85	43	1.13674
85	45	1.17378
85	49	1.04339
85	94	1.06946
85	104	1.12733
85	106	1.06418
85	134	1.10661
85	136	1.10642
85	138	1.09607
85	140	0.883818
85	158	1.10967
85	160	1.1617
85	166	0.775896
85	169	0.915679
85	171	0.828636
85	172	0.821173
85	178	0.951258
85	179	1.10465
86	55	0.993599
86	63	1.03819
86	64	1.07791
86	78	0.797047
86	133	0.977249
86	136	1.11178
86	156	1.02071
86	157	1.00466
86	160	0.892111
86	165	1.00982
86	167	0.991066
86	171	1.00545
86	172	1.01749
86	173	0.982543
86	174	1.01936
86	175	1.01571
86	176	0.969004
86	177	0.963772
86	178	0.972079
86	180	0.990143
87	17	1.03782
87	20	1.00173
87	31	0.970294
87	61	0.991845
87	75	0.966989
87	76	1.04073
87	83	1.02183
87	91	0.970339
87	95	1.03066
87	107	0.994934
87	110	1.04481
87	120	1.00733
87	121	0.989136
87	122	1.0088
87	126	1.13072
87	144	1.02375
87	147	0.979604
87	150	0.990161
87	163	0.999777
87	175	1.09615
88	111	1.05806
88	119	1.02028
88	122	1.01548
88	125	1.00492
88	127	0.961875
88	128	0.942169
88	139	0.979969
88	141	0.972189
88	142	0.959044
88	145	0.958249
88	146	0.963032
88	148	1.00457
88	149	0.964205
88	152	0.988424
88	153	0.9773
88	155	0.988306
88	164	1.06497
88	165	1.09279
88	170	1.05853
88	175	1.05917
88	176	1.26761
89	10	1.08668
89	51	1.16336
89	58	1.0486
89	62	1.03807
89	81	0.993458
89	100	1.02961
89	102	1.01802
89	111	1.03378
89	112	1.07469
89	133	1.0619
89	147	1.02866
89	151	1.0344
89	154	0.890385
89	156	0.894938
89	158	1.04526
89	166	0.895857
89	168	0.825794
89	170	1.04352
89	176	1.09207
89	178	1.07122
89	180	0.980397
90	8	0.906729
90	16	1.14068
90	17	1.02604
90	23	1.24762
90	24	1.00008
90	31	0.958517
90	44	0.931177
90	61	0.980068
90	75	0.955212
90	76	1.02896
90	83	1.01006
90	91	0.958562
90	110	1.03303
90	121	0.977359
90	131	0.974682
90	137	0.949729
90	143	1.18553
90	147	0.967827
90	150	0.978384
90	163	0.988
90	167	1.00324
91	17	1.02545
91	20	0.989363
91	31	0.957926
91	44	0.930586
91	61	0.979477
91	75	0.954621
91	83	1.00946
91	87	0.970339
91	90	0.958562
91	107	0.982566
91	110	1.03244
91	111	1.04603
91	121	0.976768
91	147	0.967236
91	150	0.977793
91	163	0.98741
91	164	1.05293
91	166	1.05935
91	167	1.09927
91	169	1.19914
91	180	1.14389
92	18	0.914673
92	48	0.927088
92	49	0.927156
92	94	0.953218
92	98	1.00169
92	104	1.01109
92	117	1.29768
92	123	0.975962
92	124	1.01122
92	130	0.99021
92	131	1.05041
92	134	0.99037
92	136	0.990181
92	138	0.979827
92	158	0.993434
92	160	1.04546
92	161	1.07215
92	164	1.03263
92	168	0.968988
92	169	1.17883
92	179	0.988414
93	2	1.08185
93	9	0.912249
93	22	1.06945
93	29	1.06058
93	32	1.13158
93	40	1.02244
93	47	1.00853
93	50	1.12636
93	64	1.02496
93	73	1.00178
93	84	1.06012
93	107	1.05396
93	109	1.03888
93	135	0.965459
93	160	1.10725
93	162	0.854339
93	169	1.01038
93	170	0.857734
93	174	0.849182
93	176	1.06681
93	178	1.04595
94	1	1.01758
94	5	0.899487
94	45	1.03359
94	57	0.983572
94	78	0.9911
94	85	1.06946
94	92	0.953218
94	105	1.17745
94	106	0.923987
94	114	0.976634
94	115	1.07597
94	122	1.05937
94	124	0.987271
94	130	0.966257
94	134	0.966416
94	136	0.966227
94	138	0.955874
94	159	1.11686
94	160	1.0215
94	161	1.19203
94	179	0.96446
95	42	0.708003
95	87	1.03066
95	125	0.838669
95	134	0.995293
95	143	0.986652
95	148	0.852321
95	152	0.97389
95	162	1.05557
95	164	1.0467
95	165	1.03411
95	166	1.052
95	168	1.06706
95	169	1.01061
95	171	1.02973
95	172	1.04177
95	174	1.04365
95	175	1.03999
95	176	0.99329
95	177	0.988058
95	178	0.996365
95	179	0.950424
95	180	1.01443
96	21	0.876968
96	28	0.967812
96	51	1.07993
96	58	0.965175
96	62	0.954646
96	69	1.01057
96	74	1.00973
96	79	0.862725
96	100	0.946183
96	102	0.934591
96	112	0.991262
96	121	0.954766
96	133	0.978473
96	147	0.945234
96	154	1.09538
96	157	1.16107
96	158	0.961831
96	167	1.14076
96	170	0.960096
96	172	1.14613
96	174	1.07944
96	178	1.27621
97	29	1.0131
97	54	1.11164
97	102	1.12676
97	125	0.984291
97	133	1.04476
97	140	0.965294
97	149	1.11868
97	156	0.983566
97	161	0.963017
97	165	0.972679
97	166	0.99057
97	167	0.953921
97	169	0.949183
97	170	0.988829
97	172	0.980342
97	173	0.945398
97	174	0.982217
97	175	0.978564
97	176	0.931859
97	177	0.926627
97	178	0.934934
97	180	0.952998
98	18	0.939195
98	43	1.04502
98	92	1.00169
98	106	0.972463
98	116	1.02912
98	128	0.974366
98	130	1.01473
98	132	0.943901
98	138	1.00435
98	141	1.00438
98	144	0.938077
98	148	1.03676
98	149	0.996401
98	152	1.02062
98	153	1.0095
98	155	1.0205
98	158	1.01796
98	166	1.02269
98	171	1.07543
98	172	1.06797
98	174	1.00128
98	178	1.19806
98	179	1.01294
99	105	1.01092
99	122	1.04334
99	125	1.03278
99	126	1.01475
99	127	0.989735
99	128	0.970029
99	129	1.02164
99	139	1.00783
99	141	1.00005
99	142	0.986904
99	145	0.986109
99	146	0.990892
99	148	1.03243
99	149	0.992065
99	152	1.01628
99	153	1.00516
99	155	1.01617
99	159	0.950333
99	169	1.13219
99	170	0.979544
99	174	0.970992
99	176	1.18862
99	179	1.0086
100	10	1.03547
100	25	0.997411
100	51	1.11215
100	54	0.989232
100	58	0.997391
100	62	0.986862
100	74	1.04195
100	89	1.02961
100	96	0.946183
100	111	0.982574
100	112	1.02348
100	123	1.072
100	133	1.01069
100	137	1.004
100	147	0.97745
100	151	0.983195
100	158	0.994048
100	165	1.039
100	166	1.0176
100	167	1.05751
100	170	0.992313
100	172	1.06287
100	174	0.996187
101	73	1.12929
101	74	0.904933
101	119	0.974188
101	120	1.00371
101	126	1.00297
101	135	0.994786
101	136	1.09414
101	149	1.03353
101	157	0.988118
101	158	0.937902
101	159	1.03271
101	160	0.874468
101	161	0.983617
101	162	1.01474
101	166	1.01117
101	167	0.974522
101	168	1.02623
101	169	0.969784
101	173	0.965999
101	174	1.00282
101	176	0.95246
101	177	0.947228
101	178	0.955535
101	180	0.973599
102	21	0.897592
102	25	0.985818
102	51	1.10055
102	53	0.988445
102	62	0.97527
102	65	0.960217
102	68	0.847536
102	69	1.0312
102	74	1.03036
102	89	1.01802
102	96	0.934591
102	97	1.12676
102	105	0.966319
102	112	1.01189
102	131	1.07019
102	133	0.999097
102	147	0.965858
102	151	0.971603
102	157	1.11906
102	158	0.982455
102	168	0.988774
102	170	0.98072
102	171	1.11158
102	173	1.18616
103	28	1.02829
103	50	0.809921
103	62	0.961717
103	69	0.839492
103	83	0.880196
103	106	1.04894
103	128	1.00422
103	129	1.05583
103	130	0.912483
103	139	1.04202
103	142	1.02109
103	144	1.06228
103	145	1.0203
103	147	0.867992
103	149	1.02625
103	153	1.03935
103	155	1.05036
103	159	1.06936
103	166	1.04781
103	173	1.00264
103	174	1.03946
103	175	1.03581
103	176	0.989104
103	177	0.983872
103	180	1.01024
104	4	1.06891
104	5	0.957361
104	18	0.948594
104	35	1.00296
104	41	1.10865
104	45	1.09147
104	49	0.961077
104	57	1.04145
104	85	1.12733
104	92	1.01109
104	122	0.809587
104	124	1.04515
104	130	1.02413
104	134	1.02429
104	136	1.0241
104	138	1.01375
104	143	1.13136
104	158	1.02735
104	161	0.942253
104	167	0.949066
104	174	0.887742
104	177	1.10058
104	178	1.08451
104	179	1.02233
104	180	0.993692
105	32	1.12184
105	65	0.971322
105	69	1.0423
105	74	1.04146
105	79	0.894454
105	81	0.941762
105	94	1.17745
105	99	1.01092
105	102	0.966319
105	111	0.982087
105	130	0.995363
105	133	1.0102
105	138	0.976773
105	150	0.970444
105	165	0.975675
105	166	0.993566
105	169	0.952179
105	170	0.991825
105	172	0.983338
105	173	0.948395
105	175	0.98156
105	177	0.929624
105	178	0.937931
105	179	1.04665
105	180	0.955995
106	35	0.939811
106	41	1.0455
106	42	0.99562
106	49	0.897925
106	57	0.978295
106	67	0.938825
106	72	1.0056
106	85	1.06418
106	94	0.923987
106	98	0.972463
106	103	1.04894
106	111	1.09997
106	114	0.931004
106	123	0.946731
106	124	0.981994
106	130	0.960979
106	134	0.961139
106	136	0.96095
106	138	0.950596
106	143	1.33551
106	160	1.01623
106	168	1.04324
106	173	1.24063
106	175	1.10108
106	179	0.959183
107	22	1.02265
107	29	1.01378
107	31	0.982521
107	32	1.08478
107	40	0.975644
107	47	0.961728
107	52	0.840046
107	73	0.954983
107	83	1.03406
107	84	1.01332
107	87	0.994934
107	91	0.982566
107	93	1.05396
107	110	1.05704
107	117	1.18182
107	121	1.00136
107	147	0.991831
107	150	1.00239
107	157	0.983415
107	160	1.06045
107	161	0.956297
107	163	1.012
107	173	1.05052
107	174	0.901785
107	176	1.11941
107	177	1.11463
108	6	1.05391
108	11	0.849149
108	46	0.925792
108	116	1.02576
108	118	1.19872
108	119	1.04911
108	125	1.03375
108	127	0.990706
108	128	0.971
108	129	1.02261
108	139	1.0088
108	141	1.00102
108	142	0.987875
108	144	0.969891
108	145	0.987079
108	146	0.991863
108	148	1.0334
108	149	0.993036
108	152	1.01725
108	153	1.00613
108	155	1.01714
108	156	1.05359
108	165	1.07591
108	168	0.984445
108	175	1.04229
108	179	1.00957
109	15	0.903618
109	22	1.00756
109	30	1.04562
109	32	1.0697
109	40	0.960559
109	47	0.946643
109	50	1.06447
109	52	0.985541
109	64	0.963078
109	68	0.857389
109	73	0.939898
109	84	0.998231
109	93	1.03888
109	125	1.0125
109	141	0.979772
109	145	0.965833
109	146	0.970616
109	149	0.971789
109	152	0.996007
109	153	0.984884
109	155	0.99589
109	160	1.04537
109	166	1.06869
109	167	1.1086
109	169	1.20847
109	171	1.12143
109	179	0.988323
110	8	0.980609
110	17	1.09992
110	20	1.06383
110	24	1.07396
110	31	1.0324
110	44	1.00506
110	61	1.05395
110	68	0.70745
110	75	1.02909
110	76	1.10284
110	83	1.08394
110	87	1.04481
110	90	1.03303
110	91	1.03244
110	107	1.05704
110	113	1.36317
110	121	1.05124
110	137	0.905155
110	147	1.04171
110	150	1.05226
110	154	0.913279
110	156	0.917832
110	157	0.978971
110	159	0.876682
110	163	1.06188
110	165	0.940151
110	174	0.897341
111	10	1.03964
111	21	0.91336
111	25	1.00159
111	53	1.00421
111	76	0.939548
111	88	1.05806
111	89	1.03378
111	91	1.04603
111	100	0.982574
111	105	0.982087
111	106	1.09997
111	124	1.00756
111	129	1.12029
111	133	1.01486
111	150	0.938592
111	153	0.989284
111	158	0.998223
111	161	0.970676
111	164	0.992933
111	167	0.96158
111	170	0.996488
111	172	0.988001
111	173	0.953057
111	174	0.989876
111	176	0.939518
111	177	0.934286
111	178	0.942593
111	180	0.960657
112	2	0.00279544
112	25	1.04249
112	53	1.04512
112	54	1.03431
112	58	1.04247
112	65	1.01689
112	69	1.08787
112	74	1.08703
112	79	0.940021
112	81	0.987329
112	89	1.07469
112	96	0.991262
112	100	1.02348
112	102	1.01189
112	115	1.20516
112	121	1.03206
112	129	0.0034184
112	133	1.05577
112	144	1.20349
112	147	1.02253
112	151	1.02827
112	157	1.34833
112	158	1.03913
112	163	1.1821
112	170	1.03739
112	171	1.34085
112	174	1.2667
112	175	1.27589
113	4	1.22687
113	42	1.23013
113	63	0.928418
113	69	1.34827
113	110	1.36317
113	121	1.47049
113	125	1.36079
113	132	0.939098
113	143	0.852594
113	156	0.910939
113	157	0.89489
113	159	0.939485
113	162	0.92151
113	164	0.912647
113	165	0.900052
113	166	0.917943
113	167	0.881294
113	168	0.933006
113	170	0.916202
113	172	0.907715
113	173	0.872771
113	174	0.90959
113	175	0.905936
113	176	0.859232
113	177	0.854
113	178	0.862307
113	180	0.880371
114	35	0.979952
114	73	0.964225
114	94	0.976634
114	106	0.931004
114	120	1.03078
114	124	0.838595
114	137	1.04695
114	139	0.868966
114	140	1.01297
114	141	0.955769
114	142	0.941483
114	143	0.972897
114	145	0.995006
114	154	1.04532
114	156	1.03124
114	157	1.01519
114	161	1.01069
114	165	1.02036
114	166	1.03825
114	167	1.0016
114	170	1.0365
114	171	1.01598
114	172	1.02802
114	174	1.02989
114	175	1.02624
114	176	0.979535
114	177	0.974303
114	178	0.98261
114	180	1.00067
115	56	1.24275
115	81	1.08811
115	94	1.07597
115	112	1.20516
115	128	1.02905
115	141	1.05511
115	151	0.973931
115	154	0.991862
115	155	0.858678
115	157	0.961737
115	159	1.00633
115	161	0.957236
115	162	0.988357
115	163	0.98836
115	164	0.979494
115	165	0.966899
115	166	0.98479
115	167	0.948141
115	168	0.999853
115	169	0.943403
115	171	0.962522
115	172	0.974562
115	174	0.976437
115	175	0.972784
115	176	0.926079
115	177	0.920847
115	178	0.929154
115	179	0.94517
115	180	0.947218
116	46	0.870797
116	71	0.980444
116	80	1.0442
116	98	1.02912
116	108	1.02576
116	119	1.05538
116	125	1.04002
116	127	0.99698
116	128	0.977275
116	129	1.02888
116	141	1.00729
116	142	0.99415
116	145	0.993354
116	146	0.998137
116	148	1.03967
116	149	0.99931
116	150	1.01482
116	152	1.02353
116	153	1.01241
116	155	1.02341
116	159	0.957444
116	163	0.893499
116	164	0.993093
116	167	1.03943
116	169	1.1393
116	172	1.04479
116	175	0.987295
116	178	1.17488
116	179	1.01584
117	79	0.849238
117	83	1.20318
117	92	1.29768
117	107	1.18182
117	130	1.23547
117	131	0.921999
117	135	0.931966
117	138	1.21688
117	154	0.955423
117	156	0.941347
117	157	0.925297
117	158	1.21376
117	160	1.15033
117	161	0.920797
117	162	0.951918
117	163	0.95192
117	164	0.943055
117	165	0.93046
117	166	0.94835
117	169	0.906963
117	171	0.926083
117	172	0.938123
117	173	0.903179
117	174	0.939998
117	175	0.936344
117	176	0.88964
117	177	0.884408
117	178	0.892715
117	180	0.910779
118	4	0.926658
118	20	1.17787
118	24	1.10773
118	66	1.06693
118	70	0.945821
118	108	1.19872
118	135	0.941022
118	137	0.966112
118	140	0.932131
118	143	0.892058
118	145	1.32152
118	146	1.18409
118	154	0.964479
118	155	1.08585
118	157	0.934354
118	158	1.09935
118	159	0.97895
118	161	0.929853
118	162	0.960974
118	163	0.960977
118	164	0.952111
118	165	0.939516
118	167	0.920758
118	168	0.97247
118	171	0.935139
118	172	0.947179
118	175	0.945401
118	176	0.898696
118	177	0.893464
118	178	0.901771
118	180	0.919835
119	12	0.785028
119	34	1.01769
119	37	0.722599
119	71	1.00379
119	88	1.02028
119	101	0.974188
119	108	1.04911
119	116	1.05538
119	125	1.06337
119	126	1.01377
119	127	1.02033
119	128	1.00062
119	129	1.05223
119	139	1.03842
119	141	1.03064
119	142	1.0175
119	145	1.0167
119	146	1.02149
119	148	1.06302
119	149	1.02266
119	150	1.03817
119	151	0.979956
119	152	1.04688
119	153	1.03575
119	154	0.985947
119	155	1.04676
119	159	0.949351
119	162	0.975167
119	176	1.18764
119	179	1.03919
119	180	1.07596
120	20	0.932625
120	48	1.20507
120	63	1.01272
120	87	1.00733
120	101	1.00371
120	114	1.03078
120	126	0.994046
120	127	1.01584
120	131	0.975892
120	133	0.875801
120	139	0.950226
120	140	0.976968
120	141	1.03703
120	144	1.01671
120	145	1.07627
120	153	0.901576
120	154	1.00932
120	157	0.979191
120	164	0.996948
120	166	1.00224
120	167	0.965595
120	168	1.01731
120	169	0.960857
120	170	1.0005
120	171	0.979976
120	174	0.993891
120	175	0.990238
120	176	0.943533
120	177	0.938301
120	178	0.946608
120	180	0.964672
121	12	0.819681
121	15	0.861002
121	17	1.04424
121	21	0.917767
121	24	1.01829
121	31	0.976723
121	44	0.949383
121	58	1.00597
121	60	0.793227
121	62	0.995445
121	65	0.980392
121	69	1.05137
121	75	0.973418
121	79	0.903524
121	87	0.989136
121	90	0.977359
121	91	0.976768
121	96	0.954766
121	107	1.00136
121	110	1.05124
121	112	1.03206
121	113	1.47049
121	133	1.01927
121	137	1.01248
121	143	1.24828
121	147	0.986033
121	150	0.99659
121	151	0.991778
121	156	1.02515
121	163	1.00621
121	165	1.04747
121	170	1.0009
121	174	1.00466
121	177	1.21751
122	8	1.1653
122	20	0.934097
122	40	0.994129
122	61	1.01319
122	71	0.998994
122	72	0.878702
122	74	0.8226
122	87	1.0088
122	88	1.01548
122	94	1.05937
122	99	1.04334
122	104	0.809587
122	124	0.921328
122	128	0.995825
122	139	1.03362
122	142	1.0127
122	146	1.01669
122	149	1.01786
122	152	1.04208
122	153	1.03096
122	155	1.04196
122	159	1.06096
122	160	0.792135
122	161	1.01187
122	164	1.03413
122	166	1.03942
122	168	1.05448
122	169	0.998034
122	172	1.02919
122	173	0.99425
122	175	1.02741
122	176	0.98071
122	178	0.983786
122	179	1.0344
122	180	1.00185
123	3	1.07222
123	25	1.0135
123	43	1.01929
123	44	0.978614
123	50	0.928677
123	51	0.848259
123	57	1.00632
123	78	1.01384
123	92	0.975962
123	100	1.072
123	106	0.946731
123	124	1.01001
123	130	0.989001
123	133	1.03124
123	134	0.98916
123	136	0.988971
123	138	0.978618
123	141	1.19247
123	152	1.10599
123	153	1.05701
123	157	0.969177
123	158	0.992224
123	162	0.995797
123	164	0.986934
123	165	0.974339
123	168	1.00729
123	171	0.969962
123	172	0.982002
123	174	0.983878
123	175	0.980224
123	176	0.933519
123	177	0.928287
123	178	0.936595
123	179	0.987204
123	180	0.954659
124	5	0.957494
124	18	0.948726
124	35	1.00309
124	41	1.10878
124	42	1.0589
124	43	1.05455
124	45	1.0916
124	48	0.961141
124	49	0.961209
124	52	1.05137
124	66	0.715602
124	67	1.00211
124	78	1.04911
124	92	1.01122
124	94	0.987271
124	104	1.04515
124	106	0.981994
124	111	1.00756
124	114	0.838595
124	122	0.921328
124	123	1.01001
124	130	1.02426
124	132	0.9421
124	134	1.02442
124	136	1.02423
124	138	1.01388
124	154	1.01542
124	158	1.02749
124	160	1.07951
124	164	1.01447
124	170	1.00803
124	172	1.06617
124	176	1.21711
124	179	1.02247
124	180	1.10543
125	6	1.06817
125	55	1.04235
125	71	0.98843
125	82	0.976587
125	88	1.00492
125	95	0.838669
125	97	0.984291
125	99	1.03278
125	108	1.03375
125	109	1.0125
125	113	1.36079
125	116	1.04002
125	119	1.06337
125	127	1.00497
125	128	0.985261
125	129	1.03687
125	139	1.02306
125	141	1.01528
125	142	1.00214
125	144	0.831755
125	145	1.00134
125	146	1.00612
125	148	1.04766
125	149	1.0073
125	152	1.03152
125	153	1.02039
125	154	0.9109
125	155	1.0314
125	159	0.874303
125	166	0.916372
125	172	0.96165
125	176	1.11259
125	177	1.1078
125	179	1.02383
125	180	1.00091
126	2	1.35199
126	41	0.818437
126	58	0.93901
126	87	1.13072
126	99	1.01475
126	101	1.00297
126	119	1.01377
126	120	0.994046
126	131	0.975159
126	135	0.985126
126	139	1.07362
126	140	0.976234
126	143	0.936162
126	144	1.01597
126	147	0.954702
126	148	0.952376
126	151	0.990652
126	154	1.00858
126	159	1.02305
126	161	0.973957
126	162	1.00508
126	164	0.996214
126	165	0.983619
126	167	0.964862
126	169	0.960123
126	170	0.999769
126	171	0.979242
126	173	0.956338
126	174	0.993157
126	175	0.989504
126	176	0.942799
126	177	0.937567
126	178	0.945875
126	179	1.05048
126	180	0.963939
127	3	1.03563
127	34	0.959286
127	71	0.94539
127	80	1.00915
127	82	0.933547
127	88	0.961875
127	99	0.989735
127	108	0.990706
127	116	0.99698
127	119	1.02033
127	120	1.01584
127	125	1.00497
127	128	0.942221
127	129	0.99383
127	132	1.03808
127	139	0.98002
127	141	0.97224
127	142	0.959096
127	145	0.9583
127	146	0.963084
127	148	1.00462
127	149	0.964256
127	150	0.979771
127	151	1.10541
127	152	0.988475
127	153	0.977352
127	154	1.1114
127	155	0.988357
127	156	1.11596
127	162	1.10062
127	164	1.11046
127	165	1.13828
127	168	1.04681
127	171	1.16962
127	179	0.980791
128	19	0.982915
128	27	0.953482
128	76	1.01064
128	80	0.98944
128	88	0.942169
128	98	0.974366
128	99	0.970029
128	103	1.00422
128	108	0.971
128	115	1.02905
128	116	0.977275
128	119	1.00062
128	122	0.995825
128	125	0.985261
128	127	0.942221
128	129	0.974125
128	135	1.20687
128	139	0.960315
128	141	0.952535
128	142	0.93939
128	145	0.938595
128	146	0.943378
128	148	0.984912
128	149	0.944551
128	150	0.960066
128	151	1.10054
128	152	0.96877
128	153	0.957646
128	155	0.968652
128	156	1.11109
128	159	1.06994
128	161	1.14511
128	168	1.04194
128	173	1.23933
128	177	1.30344
128	179	0.961086
129	34	0.991189
129	55	1.03122
129	56	0.949628
129	60	0.90077
129	66	0.828325
129	70	1.17072
129	71	0.977294
129	82	0.96545
129	99	1.02164
129	103	1.05583
129	108	1.02261
129	111	1.12029
129	112	0.0034184
129	116	1.02888
129	119	1.05223
129	125	1.03687
129	127	0.99383
129	128	0.974125
129	139	1.01192
129	141	1.00414
129	142	0.990999
129	145	0.990204
129	146	0.994987
129	148	1.03652
129	149	0.99616
129	150	1.01167
129	152	1.02038
129	153	1.00926
129	155	1.02026
129	165	1.15502
129	168	1.06355
129	171	1.18636
129	172	1.17889
129	177	1.32505
129	179	1.01269
129	180	1.21816
130	1	1.05457
130	4	1.04803
130	5	0.936479
130	35	0.98208
130	41	1.08777
130	43	1.03354
130	45	1.07058
130	48	0.940126
130	49	0.940195
130	57	1.02056
130	66	0.67155
130	67	0.981095
130	72	1.04786
130	78	1.02809
130	92	0.99021
130	94	0.966257
130	98	1.01473
130	103	0.912483
130	104	1.02413
130	105	0.995363
130	106	0.960979
130	117	1.23547
130	123	0.989001
130	124	1.02426
130	134	1.00341
130	136	1.00322
130	138	0.992866
130	156	0.975922
130	159	0.934772
130	160	1.0585
130	168	0.906778
130	169	1.11662
130	176	1.17306
130	177	1.16827
130	179	1.00145
130	180	1.06138
131	5	1.35131
131	49	1.16456
131	53	1.06299
131	65	1.1251
131	66	1.09288
131	72	0.989624
131	90	0.974682
131	92	1.05041
131	102	1.07019
131	117	0.921999
131	120	0.975892
131	126	0.975159
131	132	1.00451
131	137	0.992062
131	138	0.969608
131	140	0.958081
131	143	0.918008
131	144	0.997819
131	148	0.941381
131	154	0.990429
131	159	1.0049
131	161	0.955803
131	162	0.986924
131	165	0.965466
131	166	0.983356
131	168	0.99842
131	169	0.94197
131	171	0.961089
131	172	0.973129
131	173	0.938185
131	174	0.975004
131	175	0.97135
131	176	0.924646
131	177	0.919414
131	178	0.927721
131	180	0.945785
132	21	1.32506
132	53	0.97284
132	57	0.890458
132	72	0.899474
132	74	0.843373
132	80	0.901829
132	98	0.943901
132	113	0.939098
132	124	0.9421
132	127	1.03808
132	131	1.00451
132	133	0.898045
132	135	1.01448
132	137	1.03957
132	142	1.04499
132	156	1.02386
132	157	1.00781
132	159	1.05241
132	161	1.00331
132	162	1.03443
132	163	1.03443
132	164	1.02557
132	165	1.01297
132	166	1.03086
132	167	0.994214
132	169	0.989476
132	170	1.02912
132	171	1.0086
132	172	1.02064
132	173	0.985691
132	174	1.02251
132	175	1.01886
132	176	0.972152
132	177	0.96692
132	178	0.975228
132	180	0.993292
133	10	1.06776
133	21	0.941475
133	25	1.0297
133	28	1.03232
133	51	1.14444
133	53	1.03233
133	54	1.02152
133	58	1.02968
133	60	0.743992
133	62	1.01915
133	63	0.930201
133	65	1.0041
133	69	1.07508
133	74	1.07424
133	79	0.927232
133	81	0.97454
133	86	0.977249
133	89	1.0619
133	96	0.978473
133	97	1.04476
133	100	1.01069
133	102	0.999097
133	105	1.0102
133	111	1.01486
133	112	1.05577
