1	20	1.08838
1	65	1.07422
1	74	0.872411
1	79	0.543156
1	166	0.962347
1	168	0.883443
1	169	0.898662
1	171	0.9423
1	174	0.909109
1	176	0.84026
1	177	0.867157
1	180	0.917048
2	59	0.860643
2	92	0.845946
2	93	0.962965
2	124	0.872426
2	127	0.914824
2	138	0.922724
2	147	0.934828
2	153	1.44332
2	160	0.924487
2	168	2.38835
2	171	1.42991
2	175	0.811536
3	4	0.871335
3	44	0.966562
3	52	0.975044
3	69	0.882323
3	80	0.936907
3	87	0.910996
3	100	1.11831
3	107	1.26226
3	155	0.884558
3	157	1.5152
3	178	2.22086
3	179	0.808276
4	3	0.871335
4	52	0.869872
4	65	0.809515
4	69	0.777151
4	80	0.831734
4	87	0.805824
4	149	0.785767
4	155	0.779385
4	158	1.60308
4	174	1.89091
4	175	2.39088
4	179	0.703103
5	15	0.925734
5	24	0.92636
5	29	0.892098
5	38	0.887478
5	53	0.955665
5	55	0.923016
5	97	1.35702
5	113	1.53984
5	121	1.38698
5	149	0.886538
5	171	1.85899
5	172	0.877128
6	14	0.818644
6	33	0.786323
6	62	1.80368
6	108	0.797543
6	115	0.779255
6	117	0.79074
6	118	0.783379
6	134	0.835471
6	142	0.810875
6	144	0.798604
6	146	1.94615
6	163	2.14517
7	57	1.77338
7	127	1.31974
7	134	0.805903
7	162	0.869932
7	168	0.786278
7	169	0.801498
7	173	0.825325
7	174	0.811945
7	176	0.743096
7	177	0.769993
7	178	0.796853
7	180	0.819884
8	70	0.938805
8	112	1.00006
8	119	0.985954
8	120	0.986101
8	148	1.204
8	149	1.56065
8	150	1.29973
8	153	0.919384
8	172	0.934564
8	173	1.78232
8	179	0.861311
9	73	0.8798
9	81	0.868544
9	88	0.923341
9	95	0.781705
9	98	0.932627
9	138	0.922175
9	147	0.934279
9	157	1.0454
9	160	0.923939
9	168	2.23379
9	175	0.810988
9	177	2.12014
10	27	1.75097
10	36	0.901623
10	65	1.25884
10	97	0.936048
10	162	0.844454
10	168	0.7608
10	170	0.800314
10	173	0.799847
10	174	0.786467
10	176	0.717618
10	178	0.771375
10	180	0.794406
11	57	0.848225
11	60	0.935727
11	123	1.04132
11	133	0.949729
11	145	0.904735
11	151	0.910381
11	152	0.903281
11	153	1.67464
11	154	0.927932
11	162	1.53882
11	173	1.84555
11	175	0.808756
12	17	0.889094
12	98	0.74049
12	114	1.13067
12	145	1.08099
12	157	0.938955
12	161	0.897864
12	165	0.922895
12	166	0.896389
12	168	0.817485
12	170	0.856998
12	177	0.801199
12	178	0.828059
12	180	0.85109
13	57	0.818376
13	79	0.844326
13	109	1.62428
13	133	0.91988
13	140	0.883785
13	145	0.874885
13	150	1.07516
13	151	0.880532
13	152	0.873431
13	154	0.898082
13	159	0.798052
13	168	2.33187
13	170	1.60009
14	6	0.818644
14	99	0.832574
14	115	0.862261
14	117	0.873746
14	118	0.866384
14	125	0.898911
14	132	0.873987
14	135	1.16527
14	142	0.893881
14	144	0.88161
14	163	1.99586
14	165	1.44976
14	170	2.00093
15	5	0.925734
15	24	0.884389
15	29	0.850126
15	38	0.845507
15	53	0.913694
15	55	0.881045
15	92	2.19236
15	129	0.884531
15	136	1.40516
15	139	1.49078
15	149	0.844567
15	165	1.46326
15	172	0.835157
16	21	1.08228
16	133	0.844741
16	145	1.10446
16	154	0.767139
16	156	0.943245
16	165	0.941217
16	170	0.87532
16	173	0.874853
16	174	0.861473
16	176	0.792624
16	177	0.81952
16	178	0.846381
16	180	0.869412
17	12	0.889094
17	63	0.879878
17	99	0.834396
17	108	0.88237
17	118	0.868207
17	134	0.920299
17	139	1.41427
17	142	0.895703
17	144	0.883432
17	153	0.830742
17	156	1.45787
17	159	0.793806
17	175	2.46762
18	71	0.84454
18	96	0.890333
18	98	0.88115
18	106	0.92891
18	128	0.863678
18	129	1.34673
18	136	1.23933
18	138	0.870698
18	143	0.865508
18	147	0.882802
18	159	2.17415
18	174	1.87833
18	175	0.759511
19	64	0.855534
19	89	0.870716
19	114	0.863095
19	115	0.84521
19	118	0.849334
19	125	0.88186
19	134	0.901426
19	142	0.87683
19	144	0.864559
19	160	0.933792
19	169	1.77268
19	175	2.02436
19	179	1.87806
20	1	1.08838
20	85	1.18299
20	100	1.22664
20	130	1.00927
20	135	1.24448
20	139	0.983013
20	140	0.987095
20	145	0.978196
20	151	0.983842
20	152	0.976742
20	154	1.00139
20	162	1.73107
20	175	0.882216
21	16	1.08228
21	47	0.841486
21	61	0.868481
21	122	0.883419
21	133	0.900678
21	140	0.864583
21	145	0.855684
21	150	1.58271
21	151	0.86133
21	152	0.85423
21	154	0.87888
21	161	1.88955
21	172	1.68808
22	26	0.80079
22	50	0.750816
22	60	0.802895
22	130	0.802983
22	133	0.816898
22	139	0.776721
22	151	0.77755
22	152	0.770449
22	154	0.7951
22	160	1.73426
22	163	2.29005
22	173	2.25279
22	175	0.675924
23	68	0.875074
23	70	0.848319
23	76	0.911253
23	112	0.90957
23	119	0.895468
23	120	0.895615
23	141	1.45232
23	150	1.39003
23	159	2.24051
23	160	0.885767
23	166	1.55306
23	172	0.844079
23	179	0.770825
24	5	0.92636
24	15	0.884389
24	29	0.850752
24	38	0.846133
24	53	0.91432
24	55	0.881671
24	103	0.861298
24	149	0.845193
24	157	1.25677
24	158	1.45527
24	172	0.835783
24	173	1.67104
24	175	2.24308
25	74	0.916424
25	99	0.823364
25	118	0.857175
25	125	0.889701
25	129	1.46794
25	132	0.864777
25	134	0.909267
25	139	1.44616
25	142	0.884671
25	144	0.8724
25	146	1.76571
25	159	0.782774
25	180	1.90288
26	22	0.80079
26	28	1.76547
26	79	0.834312
26	95	1.0563
26	130	0.89595
26	133	0.909865
26	140	0.873771
26	145	0.864871
26	151	0.870517
26	152	0.863417
26	154	0.888068
26	161	1.55852
26	179	2.16001
27	10	1.75097
27	47	0.773207
27	57	0.730895
27	122	0.81514
27	130	0.818484
27	140	0.796304
27	145	0.787404
27	151	0.793051
27	152	0.78595
27	154	0.810601
27	160	1.99725
27	172	2.13856
27	175	0.691425
28	26	1.76547
28	53	1.63025
28	134	1.56535
28	149	0.827666
28	150	0.876191
28	169	0.743489
28	170	0.767783
28	171	0.787127
28	173	0.767316
28	174	0.753936
28	176	0.685087
28	177	0.711984
28	178	0.738844
28	180	0.761875
29	5	0.892098
29	15	0.850126
29	24	0.850752
29	38	0.81187
29	53	0.880057
29	55	0.847408
29	101	1.78277
29	103	0.827036
29	123	1.55546
29	124	1.61787
29	129	0.850894
29	141	1.93938
29	149	0.81093
29	172	0.80152
30	58	0.953991
30	68	0.940766
30	70	0.914012
30	82	0.963282
30	112	0.975262
30	113	0.97086
30	119	0.96116
30	120	0.961307
30	135	0.958232
30	161	1.57581
30	162	1.44483
30	172	0.909771
30	175	2.32359
30	179	0.836517
31	47	0.827099
31	61	0.854093
31	67	0.838472
31	103	0.842095
31	111	1.21499
31	130	0.872376
31	140	0.850196
31	151	0.846943
31	152	0.839842
31	154	0.864493
31	157	1.62675
31	158	1.82525
31	175	0.745317
31	178	2.33241
32	72	0.89646
32	83	0.919855
32	93	0.974524
32	126	0.933153
32	127	0.926383
32	138	0.934283
32	139	1.31959
32	143	0.929092
32	147	0.946387
32	156	1.36319
32	158	1.58514
32	160	0.936046
32	165	1.29207
32	180	1.77632
33	6	0.786323
33	63	0.845734
33	99	0.800253
33	108	0.848227
33	117	0.841425
33	118	0.834064
33	125	0.86659
33	132	0.841666
33	134	0.886156
33	135	1.38406
33	144	0.849289
33	148	1.59907
33	157	1.76311
33	174	2.24945
34	62	1.7611
34	72	0.824224
34	81	0.808415
34	90	0.858763
34	126	0.860917
34	127	0.854146
34	128	0.855026
34	137	1.53035
34	138	0.862046
34	143	0.856856
34	147	0.87415
34	155	1.8573
34	161	1.88958
34	175	0.750859
35	106	1.57878
35	117	1.46951
35	138	1.42208
35	155	0.822001
35	162	0.81264
35	164	0.76533
35	166	0.807891
35	168	0.728986
35	170	0.7685
35	173	0.768033
35	174	0.754653
35	176	0.685804
35	178	0.739561
35	180	0.762592
36	10	0.901623
36	45	1.14651
36	102	0.860467
36	122	0.858972
36	130	0.862315
36	133	0.87623
36	140	0.840135
36	145	0.831236
36	151	0.836882
36	152	0.829782
36	154	0.854432
36	159	0.754403
36	167	2.49144
36	179	2.09216
37	71	1.53937
37	74	0.989609
37	126	1.07205
37	134	0.701936
37	163	0.862656
37	166	0.897962
37	167	0.818516
37	170	0.858571
37	171	0.877915
37	174	0.844724
37	176	0.775875
37	177	0.802772
37	178	0.829632
37	180	0.852663
38	5	0.887478
38	15	0.845507
38	24	0.846133
38	29	0.81187
38	53	0.875438
38	55	0.842789
38	84	0.819671
38	103	0.822416
38	129	0.846275
38	137	1.15039
38	166	1.3658
38	167	2.51038
38	172	0.796901
38	178	1.97674
39	67	0.808937
39	75	0.887583
39	79	0.781202
39	102	0.840992
39	122	0.839497
39	130	0.84284
39	135	1.61691
39	141	1.98993
39	145	0.811761
39	151	0.817407
39	152	0.810307
39	154	0.834958
39	160	1.8917
39	165	1.90139
39	175	0.715782
40	56	0.827913
40	63	0.81138
40	64	0.80591
40	91	0.82218
40	97	1.71728
40	108	0.813873
40	111	1.57754
40	115	0.795586
40	125	0.832236
40	131	1.78705
40	132	0.807312
40	134	0.851802
40	142	0.827206
40	144	0.814935
40	171	2.21925
41	48	0.906669
41	55	0.731298
41	68	0.791713
41	90	1.05911
41	108	0.933799
41	164	0.924746
41	167	0.887861
41	169	0.903622
41	170	0.927916
41	173	0.927449
41	174	0.914069
41	176	0.84522
41	177	0.872117
41	178	0.898977
41	180	0.922008
42	70	1.80417
42	109	0.804617
42	133	1.77665
42	138	1.36372
42	156	0.823655
42	161	0.796595
42	163	0.759814
42	166	0.79512
42	168	0.716216
42	169	0.731435
42	174	0.741882
42	176	0.673033
42	177	0.69993
42	178	0.72679
42	180	0.749821
43	63	0.851853
43	66	0.976757
43	119	0.850517
43	130	0.843804
43	142	0.794178
43	162	0.957655
43	166	0.952906
43	169	0.889221
43	171	0.932859
43	173	0.913048
43	174	0.899668
43	176	0.830819
43	177	0.857716
43	178	0.884576
43	180	0.907607
44	3	0.966562
44	49	0.95991
44	52	0.965099
44	65	0.904742
44	69	0.872378
44	80	0.926961
44	84	1.13984
44	87	0.90105
44	137	1.04945
44	149	0.880994
44	155	0.874612
44	168	2.35854
44	173	1.58442
44	174	1.65649
44	179	0.79833
45	36	1.14651
45	62	0.894644
45	132	1.42435
45	147	1.24241
45	151	1.21407
45	157	0.874756
45	161	0.833665
45	162	0.836939
45	165	0.858696
45	170	0.792799
45	171	0.812143
45	173	0.792332
45	174	0.778952
45	177	0.737
45	180	0.786891
46	112	0.941535
46	116	1.23221
46	120	0.927579
46	123	1.25561
46	124	1.31803
46	127	0.908068
46	143	0.910777
46	147	0.928072
46	148	1.48151
46	151	0.906406
46	152	0.899306
46	154	0.923956
46	169	2.3802
46	172	0.876043
46	179	0.80279
47	21	0.841486
47	27	0.773207
47	31	0.827099
47	48	0.870653
47	130	0.852867
47	133	0.866781
47	151	0.827433
47	152	0.820333
47	154	0.844984
47	156	1.72135
47	159	0.744954
47	162	1.85233
47	165	1.65022
47	175	0.725808
47	180	2.13447
48	41	0.906669
48	47	0.870653
48	77	1.28282
48	96	0.919693
48	97	1.39575
48	123	1.27782
48	132	0.89002
48	137	0.910824
48	142	0.909914
48	143	0.894868
48	144	0.897643
48	147	0.912163
48	151	0.890497
48	154	0.908047
48	178	2.37343
49	44	0.95991
49	65	0.908035
49	69	0.875671
49	77	0.837296
49	80	0.930254
49	85	0.962235
49	87	0.904344
49	104	0.904347
49	149	0.884287
49	155	0.877906
49	159	2.00441
49	161	1.46078
49	164	1.77644
49	173	1.63653
49	179	0.801624
50	22	0.750816
50	51	0.872909
50	102	0.844129
50	122	0.842634
50	131	1.60783
50	133	0.859892
50	140	0.823797
50	145	0.814898
50	151	0.820544
50	152	0.813444
50	153	2.05344
50	154	0.838094
50	156	1.78664
50	166	1.90479
50	175	0.718919
51	50	0.872909
51	57	0.837486
51	102	0.923227
51	122	0.921731
51	133	0.93899
51	140	0.902895
51	145	0.893996
51	149	1.44974
51	150	1.18882
51	151	0.899642
51	152	0.892542
51	154	0.917192
51	155	1.46339
51	169	1.99178
51	170	1.71375
52	3	0.975044
52	4	0.869872
52	44	0.965099
52	58	1.40026
52	65	0.913224
52	69	0.88086
52	78	1.29842
52	80	0.935443
52	87	0.909533
52	97	1.51153
52	137	1.66285
52	139	1.71651
52	149	0.889476
52	155	0.883094
52	179	0.806813
53	5	0.955665
53	15	0.913694
53	24	0.91432
53	28	1.63025
53	29	0.880057
53	38	0.875438
53	55	0.910976
53	84	0.887857
53	95	0.921092
53	101	1.02215
53	129	0.914461
53	149	0.874498
53	164	1.73897
53	172	0.865088
53	179	2.0248
54	63	0.794466
54	64	0.788996
54	89	0.804177
54	114	0.796556
54	115	0.778672
54	118	0.782795
54	125	0.815321
54	129	1.71798
54	132	0.790398
54	134	0.834888
54	137	0.811201
54	142	0.810292
54	144	0.798021
54	160	1.65898
54	170	2.21985
54	174	2.24958
55	5	0.923016
55	15	0.881045
55	24	0.881671
55	29	0.847408
55	38	0.842789
55	41	0.731298
55	53	0.910976
55	84	0.855209
55	95	1.22871
55	103	0.857954
55	129	0.881813
55	149	0.841849
55	150	1.42409
55	169	2.22704
55	172	0.832439
55	178	2.19806
56	40	0.827913
56	89	0.880705
56	108	0.873486
56	114	0.873084
56	115	0.855199
56	118	0.859323
56	125	0.891849
56	132	0.866925
56	134	0.911415
56	142	0.886819
56	144	0.874548
56	150	1.16148
56	156	1.20635
56	158	1.42829
56	177	2.30453
56	179	2.0698
57	7	1.77338
57	11	0.848225
57	13	0.818376
57	27	0.730895
57	51	0.837486
57	77	1.7024
57	102	0.808706
57	116	1.674
57	122	0.807211
57	133	0.824469
57	140	0.788375
57	145	0.779475
57	151	0.785121
57	152	0.778021
57	154	0.802672
57	162	2.1949
58	30	0.953991
58	52	1.40026
58	70	1.05771
58	144	0.98555
58	147	0.964754
58	164	0.880081
58	165	0.949147
58	166	0.922642
58	169	0.858957
58	171	0.902594
58	173	0.882784
58	174	0.869404
58	176	0.800555
58	177	0.827451
58	178	0.854311
58	180	0.877342
59	2	0.860643
59	73	0.761944
59	88	0.805486
59	92	0.727542
59	94	0.785141
59	98	0.814772
59	113	1.43162
59	126	0.80319
59	127	0.79642
59	128	0.7973
59	131	1.31857
59	138	0.80432
59	143	0.79913
59	147	0.816424
59	171	1.75077
59	176	3.29413
60	11	0.935727
60	22	0.802895
60	102	0.896208
60	122	0.894713
60	130	0.898056
60	133	0.911971
60	145	0.866977
60	148	1.20293
60	151	0.872623
60	152	0.865523
60	154	0.890173
60	158	1.56548
60	163	1.81852
60	170	1.82359
60	173	1.78125
60	175	0.770998
61	21	0.868481
61	31	0.854093
61	67	0.845958
61	78	1.18636
61	79	0.818223
61	97	1.39947
61	110	1.14502
61	130	0.879861
61	133	0.893776
61	140	0.857681
61	145	0.848782
61	151	0.854428
61	152	0.847328
61	153	1.91485
61	154	0.871978
61	175	0.752802
61	177	2.74623
62	6	1.80368
62	34	1.7611
62	45	0.894644
62	76	1.35987
62	117	1.15804
62	161	0.828316
62	164	0.78428
62	165	0.853347
62	166	0.826841
62	167	0.747395
62	168	0.747936
62	173	0.786983
62	174	0.773603
62	176	0.704754
62	177	0.731651
62	178	0.758511
62	180	0.781542
63	17	0.879878
63	33	0.845734
63	40	0.81138
63	43	0.851853
63	54	0.794466
63	99	0.80898
63	103	1.37742
63	108	0.856954
63	114	0.856551
63	125	0.875316
63	132	0.850392
63	134	0.894883
63	142	0.870287
63	144	0.858015
63	156	1.55065
63	179	2.4141
63	180	1.96377
64	19	0.855534
64	40	0.80591
64	54	0.788996
64	78	0.932998
64	85	0.902393
64	91	0.85979
64	108	0.851483
64	114	0.851081
64	117	0.844681
64	125	0.869846
64	132	0.844922
64	142	0.864816
64	144	0.852545
64	146	1.67064
64	158	1.61663
64	177	2.49286
64	180	1.80781
65	1	1.07422
65	4	0.809515
65	10	1.25884
65	44	0.904742
65	49	0.908035
65	52	0.913224
65	69	0.820503
65	80	0.875087
65	87	0.849176
65	92	2.24391
65	101	1.44673
65	104	0.849179
65	105	0.879025
65	149	0.829119
65	155	0.822738
65	162	1.71691
65	179	0.746456
66	43	0.976757
66	71	0.8414
66	72	0.829736
66	73	0.825183
66	88	0.868724
66	98	0.878011
66	126	0.866429
66	127	0.859658
66	128	0.860539
66	135	1.31994
66	138	0.867559
66	139	1.63195
66	143	0.862368
66	147	0.879663
66	163	2.15053
66	175	0.756371
66	180	2.08867
67	31	0.838472
67	39	0.808937
67	61	0.845958
67	75	0.908983
67	102	0.862392
67	122	0.860897
67	131	1.4351
67	133	0.878155
67	136	1.48469
67	140	0.842061
67	145	0.833161
67	151	0.838807
67	152	0.831707
67	154	0.856358
67	165	1.54279
67	173	2.05163
67	180	2.02703
68	23	0.875074
68	30	0.940766
68	41	0.791713
68	70	0.821787
68	76	0.88472
68	82	0.871058
68	109	2.03362
68	112	0.883038
68	119	0.868936
68	120	0.869082
68	153	0.802366
68	155	0.820575
68	158	1.75132
68	160	0.859235
68	166	1.64753
68	170	2.00943
68	179	0.744293
69	3	0.882323
69	4	0.777151
69	44	0.872378
69	49	0.875671
69	52	0.88086
69	65	0.820503
69	80	0.842722
69	85	0.874703
69	87	0.816812
69	105	0.846661
69	149	0.796755
69	155	0.790374
69	164	1.93476
69	166	1.47528
69	170	1.83718
69	171	1.61052
69	178	2.08623
69	179	0.714092
70	8	0.938805
70	23	0.848319
70	30	0.914012
70	42	1.80417
70	58	1.05771
70	68	0.821787
70	76	0.857966
70	82	0.844303
70	86	1.08644
70	119	0.842181
70	120	0.842328
70	153	0.775611
70	155	0.79382
70	160	0.83248
70	169	2.17564
70	172	0.790792
70	178	2.14666
70	179	0.717538
71	18	0.84454
71	37	1.53937
71	66	0.8414
71	73	0.797867
71	81	0.786611
71	85	1.51678
71	96	0.859877
71	106	0.898455
71	126	0.839113
71	127	0.832343
71	128	0.833223
71	136	1.80465
71	137	1.83661
71	138	0.840243
71	143	0.835052
71	147	0.852347
71	165	1.86275
71	175	0.729055
72	32	0.89646
72	34	0.824224
72	66	0.829736
72	77	1.28104
72	94	0.809399
72	98	0.839031
72	106	0.886791
72	126	0.827449
72	128	0.821559
72	138	0.828579
72	143	0.823388
72	146	1.91851
72	147	0.840683
72	160	0.830342
72	164	2.22018
72	166	1.76071
72	172	1.70305
72	175	0.717391
73	9	0.8798
73	59	0.761944
73	66	0.825183
73	71	0.797867
73	88	0.825191
73	90	0.820742
73	93	0.864267
73	96	0.84366
73	106	0.882237
73	113	1.3133
73	126	0.822896
73	138	0.824025
73	143	0.818835
73	147	0.83613
73	157	1.40251
73	158	1.60101
73	159	2.18467
73	177	2.47725
74	1	0.872411
74	25	0.916424
74	37	0.989609
74	89	0.911751
74	91	0.912839
74	108	0.904533
74	113	1.31834
74	115	0.886245
74	117	0.89773
74	118	0.890369
74	132	0.897971
74	134	0.942461
74	142	0.917865
74	144	0.905594
74	156	1.38411
74	159	0.815968
74	171	1.6375
74	175	2.39386
75	39	0.887583
75	67	0.908983
75	92	0.850237
75	122	0.939542
75	133	0.956801
75	140	0.920706
75	145	0.911807
75	151	0.917453
75	152	0.910353
75	154	0.935003
75	159	0.834974
75	160	1.10562
75	161	1.4484
75	164	1.76406
75	171	1.43982
75	175	0.815827
75	178	1.91553
75	180	1.59956
76	23	0.911253
76	62	1.35987
76	68	0.88472
76	70	0.857966
76	77	0.864873
76	82	0.907236
76	92	1.88437
76	112	0.919217
76	119	0.905115
76	120	0.905261
76	137	0.904415
76	153	0.838544
76	155	0.856754
76	160	0.895414
76	166	1.34454
76	171	1.47978
76	172	0.853725
76	177	2.32457
76	179	0.780472
77	48	1.28282
77	49	0.837296
77	57	1.7024
77	72	1.28104
77	76	0.864873
77	108	1.30995
77	156	0.956001
77	163	0.89216
77	166	0.927467
77	167	0.848021
77	169	0.863782
77	170	0.888076
77	171	0.90742
77	173	0.887609
77	174	0.874229
77	176	0.80538
77	177	0.832277
77	178	0.859137
77	180	0.882168
78	52	1.29842
78	61	1.18636
78	64	0.932998
78	82	0.941118
78	98	0.937984
78	99	1.11607
78	112	0.953098
78	119	0.938996
78	128	0.920512
78	132	1.04486
78	142	1.03128
78	143	0.922341
78	147	0.939636
78	164	0.833964
78	174	0.823287
78	177	0.781334
78	178	0.808194
78	179	0.814353
78	180	0.831225
79	1	0.543156
79	13	0.844326
79	26	0.834312
79	39	0.781202
79	61	0.818223
79	102	0.834657
79	109	1.5591
79	122	0.833161
79	130	0.836505
79	133	0.85042
79	140	0.814325
79	145	0.805426
79	151	0.811072
79	152	0.803972
79	154	0.828622
79	168	2.26669
79	175	0.709446
79	176	2.8516
79	178	1.78395
80	3	0.936907
80	4	0.831734
80	44	0.926961
80	49	0.930254
80	52	0.935443
80	65	0.875087
80	69	0.842722
80	87	0.871395
80	104	0.871399
80	105	0.901244
80	129	1.22601
80	141	1.26524
80	149	0.851338
80	150	1.20296
80	155	0.844957
80	159	2.05343
80	174	1.75761
80	175	2.25758
80	179	0.768675
81	9	0.868544
81	34	0.808415
81	71	0.786611
81	86	0.907529
81	88	0.813935
81	90	0.809486
81	93	0.853011
81	96	0.832404
81	106	0.870982
81	127	0.80487
81	128	0.80575
81	138	0.81277
81	143	0.807579
81	147	0.824874
81	149	1.4547
81	161	1.50062
81	167	2.50139
81	175	0.701582
81	176	3.03541
82	30	0.963282
82	68	0.871058
82	70	0.844303
82	76	0.907236
82	78	0.941118
82	85	0.910354
82	105	0.899378
82	119	0.891452
82	120	0.891599
82	129	1.30563
82	139	0.869597
82	149	1.54349
82	153	0.824882
82	160	0.881751
82	163	1.80243
82	170	1.8075
82	172	0.840062
82	175	2.3372
82	179	0.766809
83	32	0.919855
83	93	0.892214
83	94	0.832793
83	96	0.871607
83	104	0.841518
83	106	0.910185
83	113	1.19936
83	116	0.875221
83	126	0.850843
83	127	0.844073
83	128	0.844953
83	138	0.851973
83	143	0.846782
83	147	0.864077
83	159	2.07073
83	160	0.853736
83	167	2.52787
83	170	1.74518
83	175	0.740785
83	180	1.67825
84	38	0.819671
84	44	1.13984
84	53	0.887857
84	55	0.855209
84	105	1.42884
84	106	0.907458
84	133	1.38318
84	143	0.844055
84	144	1.33853
84	147	0.86135
84	149	0.818731
84	151	1.2894
84	162	0.802987
84	166	0.798239
84	172	0.80932
84	175	0.738058
84	176	0.676152
84	177	0.703048
84	178	0.729909
84	180	0.752939
85	20	1.18299
85	49	0.962235
85	64	0.902393
85	69	0.874703
85	71	1.51678
85	82	0.910354
85	87	0.903376
85	93	1.29566
85	117	0.903554
85	120	1.11413
85	134	0.948286
85	144	0.911418
85	152	1.00734
85	155	0.876937
85	173	0.822969
85	176	0.74074
85	177	0.767637
85	178	0.794497
85	179	0.800655
85	180	0.817528
86	70	1.08644
86	81	0.907529
86	94	1.20096
86	99	1.24662
86	112	0.867246
86	122	1.22254
86	141	0.948407
86	146	0.903354
86	156	0.91827
86	157	0.932302
86	163	0.854429
86	166	0.889736
86	168	0.810831
86	169	0.826051
86	171	0.869689
86	174	0.836498
86	176	0.767649
86	177	0.794546
86	178	0.821406
86	180	0.844437
87	3	0.910996
87	4	0.805824
87	44	0.90105
87	49	0.904344
87	52	0.909533
87	65	0.849176
87	69	0.816812
87	80	0.871395
87	85	0.903376
87	104	0.845488
87	105	0.875333
87	107	1.41042
87	129	1.6181
87	131	1.46111
87	149	0.825428
87	153	1.90672
87	155	0.819046
87	171	1.89331
87	172	1.70042
87	179	0.742765
88	9	0.923341
88	59	0.805486
88	66	0.868724
88	73	0.825191
88	81	0.813935
88	94	0.848387
88	96	0.887201
88	98	0.878019
88	106	0.925779
88	116	0.923108
88	126	0.866437
88	127	0.859667
88	128	0.860547
88	143	0.862376
88	162	1.444
88	170	1.79307
88	173	1.75073
88	175	0.756379
88	177	2.4112
88	180	1.72614
89	19	0.870716
89	54	0.804177
89	56	0.880705
89	74	0.911751
89	91	0.874971
89	99	0.818691
89	114	0.866262
89	115	0.848378
89	118	0.852501
89	125	0.885028
89	132	0.860104
89	142	0.879998
89	144	0.867727
89	149	1.38241
89	150	1.12149
89	155	1.39605
89	158	1.38831
89	159	0.778101
89	169	1.92444
89	176	2.96311
90	34	0.858763
90	41	1.05911
90	73	0.820742
90	81	0.809486
90	93	0.903359
90	94	0.843938
90	95	1.55652
90	96	0.882752
90	104	0.852663
90	106	0.92133
90	109	2.30101
90	110	1.29375
90	111	1.40845
90	126	0.861988
90	127	0.855218
90	138	0.863118
90	147	0.875222
90	153	2.06358
90	160	0.864881
90	175	0.75193
91	40	0.82218
91	64	0.85979
91	74	0.912839
91	89	0.874971
91	99	0.819779
91	115	0.849466
91	117	0.860951
91	125	0.886116
91	132	0.861192
91	134	0.905682
91	136	1.46458
91	139	1.5502
91	142	0.881086
91	144	0.868815
91	149	1.80984
91	153	0.816124
91	156	1.5938
91	159	0.779189
91	160	1.51298
91	164	2.17142
92	2	0.845946
92	15	2.19236
92	59	0.727542
92	65	2.24391
92	75	0.850237
92	76	1.88437
92	106	0.847835
92	128	0.782603
92	134	1.75442
92	143	0.784433
92	145	0.774415
92	151	0.780061
92	152	0.772961
92	154	0.797612
92	159	0.697582
92	168	0.659712
92	174	0.685378
92	176	0.61653
92	177	0.643426
92	178	0.670286
92	180	0.693317
93	2	0.962965
93	32	0.974524
93	73	0.864267
93	81	0.853011
93	83	0.892214
93	85	1.29566
93	90	0.903359
93	94	0.887463
93	98	0.917094
93	111	1.32443
93	123	1.34624
93	124	1.40866
93	126	0.905512
93	127	0.898742
93	138	0.906642
93	139	1.66915
93	143	0.901452
93	147	0.918746
93	148	1.57215
93	172	1.77325
93	175	0.795455
94	59	0.785141
94	72	0.809399
94	83	0.832793
94	86	1.20096
94	88	0.848387
94	90	0.843938
94	93	0.887463
94	98	0.857674
94	106	0.905434
94	126	0.846092
94	127	0.839321
94	128	0.840202
94	138	0.847222
94	143	0.842031
94	147	0.859326
94	157	1.55553
94	159	2.33769
94	165	1.46097
94	166	1.65024
94	173	1.96981
94	175	0.736034
95	9	0.781705
95	26	1.0563
95	53	0.921092
95	55	1.22871
95	90	1.55652
95	140	1.06686
95	147	1.08435
95	156	0.972523
95	157	0.986555
95	164	0.901427
95	165	0.970494
95	167	0.864542
95	169	0.880304
95	171	0.923941
95	173	0.904131
95	174	0.890751
95	176	0.821902
95	177	0.848798
95	178	0.875658
95	179	0.881817
95	180	0.898689
96	18	0.890333
96	48	0.919693
96	71	0.859877
96	73	0.84366
96	81	0.832404
96	83	0.871607
96	88	0.887201
96	90	0.882752
96	124	1.00172
96	126	0.884906
96	127	0.878136
96	128	0.879016
96	137	1.20855
96	138	0.886036
96	141	1.32323
96	143	0.880845
96	146	1.58177
96	147	0.89814
96	160	0.887799
96	165	1.23469
96	174	1.8156
96	176	3.10256
97	5	1.35702
97	10	0.936048
97	40	1.71728
97	48	1.39575
97	52	1.51153
97	61	1.39947
97	147	1.07602
97	157	0.903296
97	161	0.862205
97	162	0.865479
97	163	0.825424
97	166	0.86073
97	167	0.781284
97	168	0.781825
97	170	0.821339
97	171	0.840683
97	173	0.820872
97	174	0.807492
97	176	0.738643
97	177	0.76554
97	178	0.7924
97	180	0.815431
98	9	0.932627
98	12	0.74049
98	18	0.88115
98	59	0.814772
98	66	0.878011
98	72	0.839031
98	78	0.937984
98	88	0.878019
98	93	0.917094
98	94	0.857674
98	100	0.935821
98	126	0.875723
98	127	0.868953
98	128	0.869833
98	129	1.28745
98	138	0.876853
98	143	0.871663
98	147	0.888957
98	158	1.53121
98	161	1.57123
98	176	3.10602
98	180	1.72239
99	14	0.832574
99	17	0.834396
99	25	0.823364
99	33	0.800253
99	63	0.80898
99	78	1.11607
99	86	1.24662
99	89	0.818691
99	91	0.819779
99	108	0.811473
99	109	2.08199
99	114	0.81107
99	115	0.793185
99	117	0.80467
99	118	0.797309
99	125	0.829835
99	134	0.849402
99	142	0.824805
99	144	0.812534
99	156	1.57775
99	158	1.7997
99	159	0.722909
99	168	2.78958
100	3	1.11831
100	20	1.22664
100	98	0.935821
100	114	1.326
100	115	1.06868
100	119	1.17586
100	141	0.95115
100	144	0.971954
100	148	0.978621
100	158	0.911237
100	161	0.893954
100	162	0.897228
100	164	0.849918
100	165	0.918985
100	167	0.813033
100	168	0.813575
100	170	0.853089
100	173	0.852621
100	174	0.839242
100	176	0.770393
100	177	0.797289
100	178	0.824149
100	180	0.84718
101	29	1.78277
101	53	1.02215
101	65	1.44673
101	102	1.29279
101	110	0.991739
101	126	1.32735
101	132	1.36735
101	136	0.916943
101	146	0.842538
101	157	0.871486
101	158	0.847678
101	162	0.833669
101	163	0.793613
101	164	0.786359
101	165	0.855426
101	167	0.749474
101	169	0.765235
101	170	0.789529
101	174	0.775682
101	176	0.706833
101	177	0.73373
101	178	0.76059
101	180	0.783621
102	36	0.860467
102	39	0.840992
102	50	0.844129
102	51	0.923227
102	57	0.808706
102	60	0.896208
102	67	0.862392
102	79	0.834657
102	101	1.29279
102	122	0.892952
102	130	0.896295
102	136	1.30277
102	140	0.874115
102	145	0.865216
102	150	1.38712
102	151	0.870862
102	152	0.863762
102	154	0.888412
102	159	0.788383
102	165	1.36087
102	166	1.55014
102	170	1.91204
102	177	2.53017
103	24	0.861298
103	29	0.827036
103	31	0.842095
103	38	0.822416
103	55	0.857954
103	63	1.37742
103	108	1.49824
103	118	1.25143
103	126	1.29332
103	140	0.845683
103	142	1.31975
103	147	1.15138
103	149	0.821476
103	151	0.842429
103	152	0.835329
103	154	0.85998
103	171	0.780937
103	172	0.812066
103	173	0.761126
103	174	0.747747
103	176	0.678898
103	178	0.732654
103	179	0.738813
103	180	0.755685
104	49	0.904347
104	65	0.849179
104	80	0.871399
104	83	0.841518
104	87	0.845488
104	90	0.852663
104	105	0.875337
104	106	0.914158
104	128	0.848926
104	143	0.850756
104	147	0.86805
104	148	1.32121
104	151	0.846384
104	152	0.839284
104	154	0.863935
104	155	0.81905
104	159	0.763905
104	161	1.72377
104	165	1.39069
104	169	2.21989
104	172	1.5223
104	173	1.89953
104	174	1.97159
104	179	0.742768
105	65	0.879025
105	69	0.846661
105	80	0.901244
105	82	0.899378
105	84	1.42884
105	87	0.875333
105	104	0.875337
105	119	0.897256
105	120	0.897403
105	121	1.21709
105	140	0.879483
105	146	1.71166
105	149	0.855276
105	152	0.869129
105	154	0.89378
105	155	0.848895
105	162	1.56669
105	163	1.91069
105	166	1.55386
105	170	1.91576
105	172	0.845866
105	175	0.774604
105	179	0.772613
106	18	0.92891
106	35	1.57878
106	71	0.898455
106	72	0.886791
106	73	0.882237
106	81	0.870982
106	83	0.910185
106	84	0.907458
106	88	0.925779
106	90	0.92133
106	92	0.847835
106	94	0.905434
106	104	0.914158
106	113	1.06805
106	138	0.924613
106	141	1.15123
106	143	0.919423
106	147	0.936717
106	149	1.34987
106	156	1.13382
106	157	1.15726
106	164	1.71145
106	175	0.813426
106	176	2.93057
107	3	1.26226
107	87	1.41042
107	108	1.44196
107	126	1.23704
107	145	1.42026
107	148	0.924004
107	150	0.906879
107	154	1.08294
107	157	0.880429
107	158	0.85662
107	161	0.839337
107	163	0.802556
107	164	0.795301
107	166	0.837862
107	168	0.758958
107	169	0.774177
107	170	0.798472
107	171	0.817815
107	173	0.798004
107	176	0.715776
107	177	0.742672
107	178	0.769532
107	180	0.792563
108	6	0.797543
108	17	0.88237
108	33	0.848227
108	40	0.813873
108	41	0.933799
108	56	0.873486
108	63	0.856954
108	64	0.851483
108	74	0.904533
108	77	1.30995
108	99	0.811473
108	103	1.49824
108	107	1.44196
108	115	0.841159
108	117	0.852644
108	132	0.852885
108	134	0.897376
108	139	1.62786
108	142	0.872779
108	144	0.860508
108	153	0.807818
108	156	1.67146
108	159	0.770883
108	170	2.15152
109	13	1.62428
109	42	0.804617
109	68	2.03362
109	79	1.5591
109	90	2.30101
109	99	2.08199
109	136	0.861907
109	139	0.8145
109	141	0.832555
109	157	0.81645
109	158	0.792641
109	161	0.775358
109	163	0.738577
109	165	0.800389
109	166	0.773883
109	167	0.694438
109	169	0.710199
109	170	0.734493
109	171	0.753836
109	173	0.734026
109	176	0.651797
109	177	0.678693
109	178	0.705553
109	180	0.728584
110	61	1.14502
110	90	1.29375
110	101	0.991739
110	112	0.695349
110	119	1.04628
110	133	0.887025
110	147	0.821579
110	148	1.01335
110	150	0.996223
110	151	0.793243
110	154	0.809423
110	163	0.8919
110	164	0.884645
110	165	0.953712
110	166	0.927206
110	168	0.848302
110	169	0.863521
110	170	0.887815
110	171	0.907159
110	174	0.873968
110	176	0.80512
110	177	0.832016
110	178	0.858876
110	180	0.881907
111	31	1.21499
111	40	1.57754
111	90	1.40845
111	93	1.32443
111	125	0.864447
111	142	1.10465
111	148	0.960915
111	150	0.94379
111	152	1.03611
111	156	0.903308
111	162	0.879522
111	164	0.832212
111	165	0.901279
111	166	0.874773
111	168	0.795869
111	170	0.835383
111	171	0.854726
111	173	0.834916
111	174	0.821536
111	176	0.752687
111	177	0.779583
111	178	0.806443
111	179	0.812602
111	180	0.829474
112	8	1.00006
112	23	0.90957
112	30	0.975262
112	46	0.941535
112	68	0.883038
112	76	0.919217
112	78	0.953098
112	86	0.867246
112	110	0.695349
112	119	0.903432
112	120	0.903579
112	121	0.979754
112	137	0.902733
112	139	0.881577
112	153	0.836862
112	155	0.855071
112	159	2.00398
112	160	0.893731
112	162	1.32936
112	166	1.31653
112	172	0.852042
112	175	2.20813
112	177	2.29656
112	179	0.778789
113	5	1.53984
113	30	0.97086
113	59	1.43162
113	73	1.3133
113	74	1.31834
113	83	1.19936
113	106	1.06805
113	118	1.35889
113	119	0.89903
113	120	0.899176
113	133	0.917351
113	145	0.872357
113	151	0.878003
113	152	0.870903
113	154	0.895554
113	160	0.889329
113	161	0.838033
113	169	0.772873
113	171	0.816511
113	172	0.84764
113	174	0.78332
113	176	0.714471
113	179	0.774387
113	180	0.791259
114	12	1.13067
114	19	0.863095
114	54	0.796556
114	56	0.873084
114	63	0.856551
114	64	0.851081
114	89	0.866262
114	99	0.81107
114	100	1.326
114	115	0.840757
114	117	0.852242
114	118	0.84488
114	125	0.877407
114	132	0.852483
114	134	0.896973
114	135	1.34384
114	142	0.872377
114	144	0.860106
114	153	0.807416
114	155	1.92914
114	159	0.77048
114	162	1.83043
114	171	1.95284
114	172	1.75994
115	6	0.779255
115	14	0.862261
115	19	0.84521
115	40	0.795586
115	54	0.778672
115	56	0.855199
115	74	0.886245
115	89	0.848378
115	91	0.849466
115	99	0.793185
115	100	1.06868
115	108	0.841159
115	114	0.840757
115	117	0.834357
115	118	0.826996
115	121	1.2235
115	131	1.26331
115	132	0.834598
115	134	0.879088
115	142	0.854492
115	148	1.30152
115	153	0.789531
115	157	1.46557
115	176	3.23887
115	177	2.5403
116	46	1.23221
116	57	1.674
116	83	0.875221
116	88	0.923108
116	127	1.22037
116	131	0.961451
116	145	1.25986
116	147	0.934695
116	150	0.963347
116	154	0.922539
116	156	0.922864
116	157	0.936896
116	158	0.913088
116	163	0.859023
116	165	0.920836
116	167	0.814884
116	168	0.815425
116	170	0.854939
116	171	0.874282
116	173	0.854472
116	174	0.841092
116	175	0.834149
116	176	0.772243
116	177	0.799139
116	178	0.826
116	180	0.84903
117	6	0.79074
117	14	0.873746
117	33	0.841425
117	35	1.46951
117	62	1.15804
117	64	0.844681
117	74	0.89773
117	85	0.903554
117	91	0.860951
117	99	0.80467
117	108	0.852644
117	114	0.852242
117	115	0.834357
117	118	0.838481
117	125	0.871007
117	132	0.846083
117	134	0.890573
117	136	0.895331
117	137	0.866887
117	142	0.865977
117	144	0.853706
117	153	0.801016
117	167	2.28729
117	169	1.78263
117	174	1.53433
117	175	2.0343
117	178	1.75365
118	6	0.783379
118	14	0.866384
118	17	0.868207
118	19	0.849334
118	25	0.857175
118	33	0.834064
118	54	0.782795
118	56	0.859323
118	74	0.890369
118	89	0.852501
118	99	0.797309
118	103	1.25143
118	113	1.35889
118	114	0.84488
118	115	0.826996
118	117	0.838481
118	125	0.863645
118	132	0.838722
118	134	0.883212
118	142	0.858616
118	144	0.846345
118	155	1.65435
118	159	0.756719
118	160	1.34384
118	164	2.00228
118	165	1.35353
118	174	1.93444
118	175	2.43441
119	8	0.985954
119	23	0.895468
119	30	0.96116
119	43	0.850517
119	68	0.868936
119	70	0.842181
119	76	0.905115
119	78	0.938996
119	82	0.891452
119	100	1.17586
119	105	0.897256
119	110	1.04628
119	112	0.903432
119	113	0.89903
119	120	0.889477
119	121	1.33069
119	136	1.42009
119	137	0.888631
119	139	0.867475
119	153	0.82276
119	155	0.840969
119	157	1.57275
119	160	0.879629
119	164	2.12694
119	171	1.8027
119	172	0.83794
119	179	0.764687
119	180	1.96243
120	8	0.986101
120	23	0.895615
120	30	0.961307
120	46	0.927579
120	68	0.869082
120	70	0.842328
120	76	0.905261
120	82	0.891599
120	85	1.11413
120	105	0.897403
120	112	0.903579
120	113	0.899176
120	119	0.889477
120	123	1.16472
120	124	1.22713
120	129	1.50941
120	136	1.40201
120	137	0.888777
120	139	0.867622
120	146	1.80718
120	153	0.822907
120	155	0.841116
120	160	0.879776
120	161	1.79319
120	166	1.64938
120	169	2.2893
120	172	0.838087
120	179	0.764834
121	5	1.38698
121	105	1.21709
121	112	0.979754
121	115	1.2235
121	119	1.33069
121	122	1.33504
121	125	1.03415
121	141	0.937533
121	148	0.965004
121	152	1.20581
121	156	0.907397
121	157	0.921428
121	158	0.89762
121	161	0.880337
121	164	0.836301
121	165	0.905368
121	167	0.799416
121	168	0.799958
121	169	0.815177
121	170	0.839471
121	171	0.858815
121	173	0.839004
121	174	0.825624
121	176	0.756776
121	177	0.783672
121	178	0.810532
121	180	0.833563
122	21	0.883419
122	27	0.81514
122	36	0.858972
122	39	0.839497
122	50	0.842634
122	51	0.921731
122	57	0.807211
122	60	0.894713
122	67	0.860897
122	75	0.939542
122	79	0.833161
122	86	1.22254
122	102	0.892952
122	121	1.33504
122	129	0.888377
122	130	0.8948
122	135	1.19806
122	139	0.868538
122	140	0.87262
122	145	0.86372
122	150	1.50879
122	151	0.869367
122	152	0.862266
122	154	0.886917
122	157	1.57711
122	163	2.02865
122	165	1.48254
122	166	1.67182
122	174	2.06345
123	11	1.04132
123	29	1.55546
123	46	1.25561
123	48	1.27782
123	93	1.34624
123	120	1.16472
123	127	1.24377
123	134	0.72993
123	141	0.954765
123	143	1.04539
123	150	0.965111
123	156	0.924628
123	157	0.93866
123	158	0.914852
123	161	0.897569
123	162	0.900842
123	163	0.860787
123	164	0.853533
123	165	0.9226
123	167	0.816648
123	168	0.817189
123	169	0.832409
123	170	0.856703
123	173	0.856236
123	174	0.842856
123	176	0.774007
123	177	0.800903
123	178	0.827764
123	180	0.850795
124	2	0.872426
124	29	1.61787
124	46	1.31803
124	93	1.40866
124	96	1.00172
124	120	1.22713
124	131	0.960732
124	133	1.08596
124	140	1.00303
124	141	0.952281
124	146	0.907228
124	150	0.962627
124	151	0.992179
124	158	0.912368
124	161	0.895085
124	162	0.898359
124	163	0.858303
124	164	0.851049
124	165	0.920116
124	166	0.89361
124	167	0.814164
124	168	0.814705
124	169	0.829925
124	173	0.853752
124	174	0.840372
124	176	0.771523
124	177	0.79842
124	178	0.82528
124	180	0.848311
125	14	0.898911
125	19	0.88186
125	25	0.889701
125	33	0.86659
125	40	0.832236
125	54	0.815321
125	56	0.891849
125	63	0.875316
125	64	0.869846
125	89	0.885028
125	91	0.886116
125	99	0.829835
125	111	0.864447
125	114	0.877407
125	117	0.871007
125	118	0.863645
125	121	1.03415
125	132	0.871248
125	137	0.892052
125	141	1.27018
125	142	0.891142
125	144	0.878871
125	148	1.11216
125	153	0.826181
125	155	1.48246
125	173	1.69048
125	175	2.26252
125	177	2.35095
125	178	1.98186
126	32	0.933153
126	34	0.860917
126	37	1.07205
126	59	0.80319
126	66	0.866429
126	71	0.839113
126	72	0.827449
126	73	0.822896
126	83	0.850843
126	88	0.866437
126	90	0.861988
126	93	0.905512
126	94	0.846092
126	96	0.884906
126	98	0.875723
126	101	1.32735
126	103	1.29332
126	107	1.23704
126	127	0.857371
126	128	0.858251
126	138	0.865271
126	143	0.860081
126	147	0.877376
126	148	1.32594
126	153	1.73335
126	157	1.48999
126	160	0.867035
126	168	2.67838
126	172	1.52704
126	175	0.754084
127	2	0.914824
127	7	1.31974
127	32	0.926383
127	34	0.854146
127	46	0.908068
127	59	0.79642
127	66	0.859658
127	71	0.832343
127	81	0.80487
127	83	0.844073
127	88	0.859667
127	90	0.855218
127	93	0.898742
127	94	0.839321
127	96	0.878136
127	98	0.868953
127	116	1.22037
127	123	1.24377
127	126	0.857371
127	128	0.851481
127	131	1.43146
127	138	0.858501
127	147	0.870605
127	153	1.87708
127	156	1.61028
127	160	0.860264
127	161	1.87224
127	162	1.74126
127	172	1.67077
127	175	0.747314
128	18	0.863678
128	34	0.855026
128	59	0.7973
128	66	0.860539
128	71	0.833223
128	72	0.821559
128	78	0.920512
128	81	0.80575
128	83	0.844953
128	88	0.860547
128	92	0.782603
128	94	0.840202
128	96	0.879016
128	98	0.869833
128	104	0.848926
128	126	0.858251
128	127	0.851481
128	135	1.31464
128	137	1.57299
128	138	0.859381
128	143	0.854191
128	147	0.871485
128	148	1.52965
128	149	1.8863
128	150	1.62538
128	160	0.861145
128	162	1.80124
128	166	1.7884
128	171	1.92364
128	173	2.10797
128	175	0.748194
129	15	0.884531
129	18	1.34673
129	25	1.46794
129	29	0.850894
129	38	0.846275
129	53	0.914461
129	54	1.71798
129	55	0.881813
129	80	1.22601
129	82	1.30563
129	87	1.6181
129	98	1.28745
129	120	1.50941
129	122	0.888377
129	130	0.891721
129	131	0.891964
129	138	0.9553
129	145	0.860642
129	149	0.845335
129	152	0.859187
129	154	0.883838
129	157	0.867409
129	158	0.843601
129	159	0.783808
129	169	0.761158
129	170	0.785452
129	172	0.835925
129	173	0.784985
129	174	0.771605
129	175	0.764662
129	177	0.729652
129	180	0.779544
130	20	1.00927
130	22	0.802983
130	26	0.89595
130	27	0.818484
130	31	0.872376
130	36	0.862315
130	39	0.84284
130	43	0.843804
130	47	0.852867
130	60	0.898056
130	61	0.879861
130	79	0.836505
130	102	0.896295
130	122	0.8948
130	129	0.891721
130	131	1.36378
130	133	0.912058
130	139	0.871881
130	140	0.875964
130	141	1.56001
130	145	0.867064
130	150	1.49772
130	151	0.87271
130	152	0.86561
130	154	0.890261
130	159	0.790231
130	160	1.46178
130	161	1.80456
130	165	1.47147
130	169	2.30067
130	172	1.60309
130	174	2.05238
131	40	1.78705
131	50	1.60783
131	59	1.31857
131	67	1.4351
131	87	1.46111
131	115	1.26331
131	116	0.961451
131	124	0.960732
131	127	1.43146
131	129	0.891964
131	130	1.36378
131	136	0.919532
131	143	1.23309
131	148	0.91765
131	150	0.900526
131	156	0.860043
131	158	0.850267
131	159	0.790474
131	161	0.832984
131	162	0.836257
131	164	0.788948
131	165	0.858015
131	167	0.752063
131	168	0.752604
131	169	0.767824
131	170	0.792118
131	171	0.811461
131	173	0.791651
131	174	0.778271
131	176	0.709422
131	177	0.736318
131	178	0.763179
131	180	0.78621
132	14	0.873987
132	25	0.864777
132	33	0.841666
132	40	0.807312
132	45	1.42435
132	48	0.89002
132	54	0.790398
132	56	0.866925
132	63	0.850392
132	64	0.844922
132	74	0.897971
132	78	1.04486
132	89	0.860104
132	91	0.861192
132	101	1.36735
132	108	0.852885
132	114	0.852483
132	115	0.834598
132	117	0.846083
132	118	0.838722
132	125	0.871248
132	134	0.890814
132	137	0.867128
132	141	1.52396
132	142	0.866218
132	143	0.0982562
132	144	0.853947
132	153	0.801257
132	157	1.52999
132	159	0.764321
132	172	1.56704
132	175	2.5163
132	179	2.37
132	180	1.91967
133	11	0.949729
133	13	0.91988
133	16	0.844741
133	21	0.900678
133	22	0.816898
133	26	0.909865
133	36	0.87623
133	42	1.77665
133	47	0.866781
133	50	0.859892
133	51	0.93899
133	57	0.824469
133	60	0.911971
133	61	0.893776
133	67	0.878155
133	75	0.956801
133	79	0.85042
133	84	1.38318
133	110	0.887025
133	113	0.917351
133	124	1.08596
133	130	0.912058
133	140	0.889879
133	145	0.880979
133	149	1.6061
133	151	0.886625
133	152	0.879525
133	154	0.904176
133	155	1.61974
133	160	1.30924
133	170	1.8701
133	172	1.45055
133	174	1.89983
133	175	0.785
134	6	0.835471
134	7	0.805903
134	17	0.920299
134	19	0.901426
134	25	0.909267
134	28	1.56535
134	33	0.886156
134	37	0.701936
134	40	0.851802
134	54	0.834888
134	56	0.911415
134	63	0.894883
134	74	0.942461
134	85	0.948286
134	91	0.905682
134	92	1.75442
134	99	0.849402
134	108	0.897376
134	114	0.896973
134	115	0.879088
134	117	0.890573
134	118	0.883212
134	123	0.72993
134	132	0.890814
134	135	0.740829
134	142	0.910708
134	144	0.898437
134	153	0.845747
134	159	0.808812
134	162	1.22742
134	168	2.30827
134	175	2.10619
134	177	2.19462
134	180	1.50956
135	14	1.16527
135	20	1.24448
135	30	0.958232
135	33	1.38406
135	39	1.61691
135	66	1.31994
135	114	1.34384
135	122	1.19806
135	128	1.31464
135	134	0.740829
135	146	0.928917
135	150	0.984315
135	154	0.95684
135	156	0.943833
135	157	0.957864
135	158	0.934056
135	161	0.916773
135	162	0.920047
135	163	0.879992
135	164	0.872737
135	165	0.941804
135	166	0.915298
135	167	0.835852
135	168	0.836393
135	169	0.851613
135	170	0.875907
135	171	0.895251
135	173	0.87544
135	174	0.86206
