1	11	0.935869
1	20	0.907113
1	24	0.889943
1	41	0.835876
1	43	0.830603
1	45	0.951625
1	62	0.973361
1	79	0.881864
1	126	1.24615
1	167	1.38431
1	176	1.30425
1	179	1.38362
2	58	1.02966
2	63	0.99112
2	77	0.996894
2	93	1.02804
2	139	1.04912
2	152	1.03073
2	153	1.07031
2	166	0.971496
2	169	1.15221
2	170	0.956354
2	173	1.01306
2	175	1.35512
3	18	0.928346
3	51	0.929208
3	77	1.00612
3	93	1.03726
3	114	1.05002
3	139	1.05835
3	144	1.10941
3	151	1.08212
3	152	1.03995
3	153	1.07954
3	154	1.04736
3	158	1.28228
4	28	1.22679
4	104	0.950239
4	124	1.06452
4	127	1.01356
4	128	1.04099
4	129	1.01776
4	132	0.981569
4	134	1.02819
4	136	1.02455
4	142	1.03754
4	145	1.23849
4	162	1.02014
5	89	1.02844
5	94	1.03561
5	97	1.0333
5	100	0.983882
5	119	1.03665
5	143	1.02578
5	144	1.10505
5	147	0.958833
5	152	1.03631
5	153	1.07589
5	177	1.23801
5	179	1.08799
6	52	1.02729
6	111	1.04014
6	115	1.03424
6	119	1.0324
6	123	0.965489
6	145	0.961492
6	152	1.03205
6	153	1.07164
6	161	1.07927
6	164	0.887067
6	171	1.10624
6	178	1.41
7	32	1.02421
7	36	0.951524
7	56	1.04473
7	72	0.96101
7	83	1.07002
7	88	0.96698
7	131	1.05274
7	138	1.0033
7	157	1.20422
7	165	1.08196
7	167	1.06953
7	177	1.21886
8	61	0.976858
8	85	1.05539
8	87	1.06425
8	96	1.06925
8	99	0.980616
8	101	1.0589
8	145	1.07506
8	148	0.996291
8	154	0.875664
8	157	1.05604
8	158	1.11058
8	180	1.33222
9	11	1.04692
9	14	1.05352
9	24	1.00099
9	41	0.946926
9	60	1.08152
9	62	1.08441
9	79	0.992915
9	147	1.15574
9	157	1.14269
9	164	0.931496
9	166	1.07142
9	171	1.15066
10	53	0.925207
10	83	1.12449
10	88	1.02144
10	143	1.08546
10	144	0.990165
10	152	1.09598
10	153	1.13557
10	162	0.90916
10	165	1.13643
10	168	1.07668
10	172	1.14551
11	1	0.935869
11	9	1.04692
11	20	1.0318
11	27	1.12803
11	43	0.955294
11	51	0.818165
11	62	1.09805
11	79	1.00656
11	151	0.971076
11	156	1.11796
11	157	1.11669
11	175	1.42904
12	93	1.0659
12	101	1.08439
12	117	1.09544
12	149	0.989665
12	151	0.973103
12	152	1.03446
12	166	0.935812
12	170	0.942001
12	174	0.839368
12	177	0.890632
12	178	0.809366
12	180	0.819914
13	49	1.07831
13	58	1.02514
13	63	0.986606
13	77	0.99238
13	93	1.02352
13	147	1.15409
13	152	1.02621
13	153	1.0658
13	155	1.08087
13	170	1.05463
13	177	1.15568
13	179	1.00566
14	9	1.05352
14	24	1.02124
14	41	0.967169
14	43	0.961896
14	45	1.08292
14	60	1.10176
14	79	1.01316
14	149	0.897759
14	157	1.07301
14	161	1.05402
14	168	1.0412
14	178	1.38475
15	35	1.02226
15	72	0.963809
15	83	1.07282
15	88	0.969779
15	116	1.27425
15	121	1.10211
15	131	1.05554
15	143	1.0338
15	151	1.01449
15	160	1.03028
15	165	1.08476
15	179	1.02472
16	32	0.997884
16	56	1.0184
16	67	1.14548
16	72	0.934684
16	83	1.0437
16	133	1.06517
16	143	1.00467
16	162	0.969039
16	165	1.05564
16	170	1.08196
16	174	1.37976
16	176	0.953621
17	47	0.852147
17	55	0.920939
17	59	0.900585
17	65	0.988579
17	69	0.920098
17	115	0.908344
17	141	1.31439
17	145	0.835593
17	148	0.879241
17	149	1.24234
17	154	1.23722
17	169	1.52703
18	3	0.928346
18	58	0.890745
18	63	0.85221
18	93	0.889127
18	114	0.901883
18	139	0.910214
18	146	1.2214
18	152	0.891818
18	153	0.931399
18	161	1.40858
18	167	1.29288
18	168	1.39576
19	51	0.889759
19	70	0.968373
19	129	1.02079
19	130	1.07948
19	132	0.984597
19	134	1.03122
19	136	1.02757
19	137	1.08362
19	146	0.98211
19	150	1.07325
19	159	1.00613
19	175	1.50064
20	1	0.907113
20	11	1.0318
20	27	1.09927
20	45	1.04756
20	60	1.0664
20	62	1.0693
20	79	0.9778
20	107	0.923922
20	157	0.981239
20	177	0.995879
20	178	1.29298
20	180	1.25742
21	52	1.01644
21	71	1.04458
21	89	1.01334
21	94	1.02051
21	119	1.02155
21	133	0.968512
21	145	1.09073
21	152	1.02121
21	153	1.06079
21	158	1.12625
21	163	0.914421
21	180	1.34789
22	29	0.845256
22	40	0.93614
22	76	0.844694
22	84	0.919487
22	90	0.969453
22	113	0.895488
22	139	0.902565
22	144	1.16508
22	158	1.33795
22	160	0.891725
22	172	1.32042
22	174	1.49479
23	87	0.948864
23	95	0.937383
23	105	0.997692
23	117	0.977725
23	128	0.976786
23	130	1.01225
23	134	0.963989
23	135	1.04426
23	136	0.960341
23	142	0.973338
23	166	1.13159
23	171	1.21083
23	178	1.51459
24	1	0.889943
24	9	1.00099
24	14	1.02124
24	41	0.914641
24	43	0.909368
24	60	1.04923
24	62	1.05213
24	79	0.960629
24	121	1.08759
24	169	1.25502
24	173	1.11587
24	176	0.930832
24	178	1.45731
25	29	1.07454
25	37	1.19216
25	50	1.02144
25	76	1.07397
25	78	0.934802
25	86	1.12575
25	90	1.19873
25	140	0.765163
25	155	0.923463
25	160	1.121
25	161	0.964642
25	169	1.09308
25	175	1.29599
26	28	0.91813
26	71	0.999942
26	89	0.9687
26	94	0.975869
26	119	0.976911
26	143	0.966045
26	146	1.0111
26	150	1.10225
26	152	0.976569
26	153	1.01615
26	162	1.01795
26	171	1.22525
26	180	1.49346
27	11	1.12803
27	20	1.09927
27	43	1.02276
27	45	1.14379
27	60	1.16263
27	62	1.16552
27	79	1.07402
27	104	0.775738
27	121	0.986982
27	151	0.899353
27	167	0.910272
27	172	1.08199
27	180	1.32115
28	4	1.22679
28	26	0.91813
28	75	1.1747
28	119	0.945329
28	128	1.20316
28	134	1.20361
28	145	0.874424
28	147	0.867515
28	152	0.944988
28	174	0.811246
28	177	0.86251
28	178	0.781244
28	180	0.791792
29	22	0.845256
29	25	1.07454
29	40	1.01649
29	50	0.872502
29	84	0.999833
29	86	0.976816
29	90	1.0498
29	150	1.08825
29	159	1.02112
29	160	0.97207
29	163	1.04599
29	173	1.17357
29	178	1.51501
30	49	1.02266
30	58	0.969485
30	63	0.930949
30	77	0.936724
30	93	0.967867
30	122	0.980906
30	139	0.988953
30	150	1.05873
30	152	0.970557
30	153	1.01014
30	168	1.14195
30	171	1.18174
30	175	1.48611
31	98	1.03147
31	108	0.961043
31	118	0.980581
31	125	0.98899
31	140	1.01472
31	149	1.05794
31	156	1.23446
31	163	0.975585
31	168	1.20138
31	169	1.34264
31	173	0.905424
31	176	1.00694
31	179	0.952165
32	7	1.02421
32	16	0.997884
32	35	0.964048
32	72	0.905599
32	88	0.911569
32	131	0.997333
32	143	0.975588
32	160	1.06255
32	162	0.993047
32	165	1.02655
32	166	1.12111
32	171	1.20035
32	180	1.46855
33	78	1.16223
33	105	0.997847
33	124	1.00047
33	128	0.97694
33	129	0.953713
33	132	0.917519
33	135	1.05248
33	136	0.960496
33	137	1.01655
33	142	0.973492
33	156	1.21233
33	174	1.42246
33	176	0.996323
34	52	0.977679
34	89	0.974579
34	94	0.981748
34	119	0.982791
34	122	1.08496
34	143	0.971924
34	147	0.904976
34	152	0.982449
34	153	1.02203
34	155	1.21765
34	160	1.148
34	167	1.14312
34	173	1.24812
35	15	1.02226
35	32	0.964048
35	56	0.984567
35	72	0.900847
35	83	1.00986
35	88	0.906817
35	126	0.969159
35	131	0.992582
35	145	1.26103
35	150	1.12698
35	165	1.0218
35	172	1.27903
35	173	1.2123
36	7	0.951524
36	66	0.843841
36	73	0.950041
36	106	0.975552
36	118	0.962551
36	158	0.984959
36	161	1.00524
36	166	1.02636
36	168	1.00933
36	171	0.982159
36	177	0.981175
36	178	0.899909
36	180	0.910457
37	25	1.19216
37	76	1.04267
37	84	1.11746
37	86	1.09444
37	90	1.16743
37	97	0.901872
37	121	1.03395
37	139	1.10054
37	160	1.0897
37	161	1.07294
37	165	0.89055
37	169	1.20138
37	176	0.877192
38	61	0.886243
38	80	0.902932
38	82	1.01549
38	85	0.96478
38	92	0.918114
38	96	0.978632
38	99	0.890001
38	113	0.943912
38	148	0.905677
38	156	1.13215
38	168	1.09907
38	172	1.1679
38	178	1.44262
38	180	1.40706
39	53	0.978621
39	91	1.05763
39	97	0.971836
39	108	1.0456
39	112	1.04711
39	125	1.07354
39	155	1.10173
39	163	1.06014
39	164	0.950706
39	172	1.19892
39	173	0.989979
39	176	1.0915
39	177	1.17654
39	179	1.03672
40	22	0.93614
40	29	1.01649
40	76	1.01592
40	84	1.09072
40	86	1.0677
40	90	1.14068
40	133	0.924071
40	139	1.07379
40	144	0.908944
40	156	1.02853
40	160	1.06296
40	169	1.13671
40	177	1.0419
40	178	1.339
41	1	0.835876
41	9	0.946926
41	14	0.967169
41	24	0.914641
41	43	0.855301
41	45	0.976323
41	60	0.995167
41	62	0.998059
41	79	0.906562
41	116	1.44564
41	123	1.19872
41	146	1.12532
41	163	1.17421
41	173	1.30179
42	48	0.981643
42	53	0.937643
42	65	1.13836
42	74	1.08786
42	87	0.866931
42	106	1.05779
42	111	1.06402
42	115	1.05812
42	116	1.23507
42	138	0.919999
42	145	0.985372
42	148	1.02902
42	167	0.986228
42	178	1.43266
43	1	0.830603
43	11	0.955294
43	14	0.961896
43	24	0.909368
43	27	1.02276
43	41	0.855301
43	45	0.97105
43	60	0.989894
43	79	0.901289
43	121	1.20288
43	145	1.27989
43	154	1.08049
43	158	1.3154
43	169	1.3703
44	57	1.01058
44	112	1.10955
44	118	1.12757
44	120	0.976488
44	123	0.90584
44	125	1.13598
44	144	0.92029
44	160	0.908792
44	163	1.12258
44	173	1.05242
44	174	1.25
44	176	1.15394
44	179	1.09916
45	1	0.951625
45	14	1.08292
45	20	1.04756
45	27	1.14379
45	41	0.976323
45	43	0.97105
45	60	1.11092
45	62	1.11381
45	123	1.01979
45	151	1.00694
45	160	1.02274
45	166	1.08129
45	168	1.12075
45	173	1.12286
46	124	1.07936
46	128	1.05583
46	129	1.0326
46	132	0.996409
46	134	1.04303
46	135	1.05909
46	136	1.03939
46	137	1.09543
46	142	1.05238
46	146	1.01151
46	151	1.07207
46	155	1.15751
46	163	1.0604
46	165	1.0163
47	17	0.852147
47	48	0.875125
47	65	1.03184
47	74	0.981339
47	104	1.02741
47	106	0.951268
47	111	0.957505
47	115	0.951605
47	145	0.878854
47	148	0.922502
47	151	1.15103
47	156	1.29791
47	167	1.16194
47	178	1.60837
48	42	0.981643
48	47	0.875125
48	69	0.943076
48	74	0.961055
48	106	0.930985
48	111	0.937222
48	114	0.939199
48	115	0.931322
48	148	0.902219
48	159	1.14407
48	169	1.43566
48	172	1.36324
48	176	1.11148
48	179	1.19084
49	13	1.07831
49	30	1.02266
49	58	1.05445
49	63	1.01592
49	77	1.02169
49	93	1.05284
49	102	0.817152
49	107	1.08588
49	150	1.02817
49	152	1.05553
49	153	1.09511
49	158	1.19774
49	166	1.07193
49	172	1.18022
50	25	1.02144
50	29	0.872502
50	76	0.87194
50	84	0.946734
50	86	0.923717
50	90	0.996699
50	113	0.922735
50	135	1.16594
50	139	0.929811
50	150	1.2095
50	160	0.918971
50	170	1.23812
50	173	1.29483
50	177	1.33917
51	3	0.929208
51	11	0.818165
51	19	0.889759
51	114	0.94173
51	131	0.820152
51	149	1.1319
51	152	0.80998
51	162	1.12829
51	166	1.07805
51	167	1.09024
51	171	1.03385
51	172	1.02389
51	178	0.951602
51	180	0.962149
52	6	1.02729
52	21	1.01644
52	34	0.977679
52	71	1.02203
52	94	0.997956
52	102	0.985732
52	119	0.998999
52	147	0.921184
52	152	0.998657
52	153	1.03824
52	159	1.12962
52	161	1.29278
52	162	1.11245
52	163	1.15449
52	176	1.09703
53	10	0.925207
53	39	0.978621
53	42	0.937643
53	67	0.900279
53	90	0.920098
53	111	0.947752
53	146	1.11187
53	161	1.01803
53	169	0.968537
53	170	1.04533
53	175	0.917879
53	176	1.10712
53	177	0.993964
53	178	0.912697
53	180	0.923245
54	95	0.969427
54	117	1.00977
54	124	1.03236
54	128	1.00883
54	129	0.985603
54	130	1.04429
54	132	0.949409
54	136	0.992386
54	138	1.00767
54	142	1.00538
54	145	1.22762
54	151	1.06298
54	160	1.07878
54	168	1.17679
54	177	1.22323
55	17	0.920939
55	80	0.98855
55	92	1.00373
55	99	0.975619
55	101	1.0539
55	106	1.02006
55	111	1.0263
55	115	1.0204
55	141	1.14109
55	148	0.991294
55	149	1.06904
55	157	1.24429
55	162	1.04497
55	166	1.17302
55	167	1.1096
56	7	1.04473
56	16	1.0184
56	35	0.984567
56	72	0.926119
56	83	1.03513
56	88	0.932089
56	100	1.02203
56	131	1.01785
56	135	1.10292
56	143	0.996108
56	164	1.05032
56	165	1.04707
56	167	1.12682
56	170	1.1751
56	172	1.29853
57	44	1.01058
57	86	1.07364
57	92	1.20152
57	115	1.1323
57	131	1.09064
57	134	0.947334
57	136	0.943686
57	137	0.999736
57	142	0.956683
57	159	0.975074
57	173	0.88936
57	175	0.801641
57	177	0.877725
57	178	0.796459
57	180	0.807007
58	2	1.02966
58	13	1.02514
58	18	0.890745
58	30	0.969485
58	49	1.05445
58	63	0.962747
58	139	1.02075
58	145	1.16043
58	146	0.935232
58	152	1.00235
58	153	1.04194
58	154	0.961031
58	171	1.14938
58	177	1.15604
58	180	1.41759
59	17	0.900585
59	74	1.02978
59	106	0.999707
59	110	1.15805
59	111	1.00594
59	114	1.00792
59	115	1.00004
59	126	0.99646
59	127	1.0634
59	145	0.927293
59	148	0.970941
59	161	1.25031
59	162	1.06998
59	163	1.11202
59	177	1.28395
60	9	1.08152
60	14	1.10176
60	20	1.0664
60	24	1.04923
60	27	1.16263
60	41	0.995167
60	43	0.989894
60	45	1.11092
60	79	1.04116
60	154	0.823743
60	163	0.846833
60	166	0.93285
60	175	1.31647
60	176	0.789373
60	178	1.31585
60	180	1.2803
61	8	0.976858
61	38	0.886243
61	80	0.927419
61	82	1.03998
61	85	0.989266
61	92	0.9426
61	96	1.00312
61	99	0.914487
61	100	1.05378
61	101	0.992772
61	126	1.02042
61	127	1.08736
61	148	0.930163
61	149	1.11802
61	172	1.33029
61	180	1.56945
62	1	0.973361
62	9	1.08441
62	11	1.09805
62	20	1.0693
62	24	1.05213
62	27	1.16552
62	41	0.998059
62	45	1.11381
62	79	1.04405
62	107	1.03615
62	144	0.975148
62	156	1.09474
62	158	1.14801
62	162	0.894143
62	168	1.06166
62	171	1.10144
63	2	0.99112
63	13	0.986606
63	18	0.85221
63	30	0.930949
63	49	1.01592
63	58	0.962747
63	77	0.929986
63	93	0.961129
63	107	1.16137
63	140	1.00021
63	141	1.11548
63	152	0.963819
63	153	1.0034
63	155	1.15851
63	157	1.21868
63	175	1.53104
64	70	0.875855
64	105	0.972407
64	110	1.11177
64	117	0.952439
64	129	0.928273
64	130	0.986961
64	132	0.89208
64	134	0.938704
64	137	0.991105
64	142	0.948053
64	159	1.05248
64	161	1.21564
64	164	1.02344
64	167	1.09994
64	172	1.27165
64	180	1.51081
65	17	0.988579
65	42	1.13836
65	47	1.03184
65	69	1.09979
65	106	1.0877
65	111	1.09394
65	115	1.08804
65	122	0.903879
65	140	0.87826
65	145	1.01529
65	148	1.05893
65	158	1.15128
65	161	1.07774
65	171	1.10471
65	174	1.30813
65	176	0.881989
66	36	0.843841
66	89	1.06917
66	117	1.0779
66	119	1.07738
66	130	1.11243
66	132	1.01755
66	134	1.06417
66	136	1.06052
66	147	0.999566
66	153	1.11662
66	166	1.02527
66	167	0.961843
66	169	1.20598
66	173	1.06684
66	177	1.11118
66	179	0.961156
67	16	1.14548
67	53	0.900279
67	88	1.05917
67	119	1.13405
67	120	1.02143
67	140	0.865085
67	143	1.12319
67	147	1.05624
67	150	0.968529
67	152	1.13371
67	153	1.17329
67	160	0.953739
67	165	1.17415
67	166	1.01229
67	173	1.05386
68	80	1.02685
68	82	1.1394
68	85	1.08869
68	92	1.04203
68	96	1.10255
68	99	1.01392
68	101	1.0922
68	113	1.06783
68	146	0.988053
68	148	1.02959
68	159	1.01207
68	163	1.03694
68	164	0.983032
68	167	1.05953
68	173	1.16452
68	179	1.05885
69	17	0.920098
69	48	0.943076
69	65	1.09979
69	74	1.04929
69	104	0.947259
69	110	1.17756
69	111	1.02546
69	114	1.02743
69	115	1.01956
69	135	1.05789
69	145	0.946805
69	148	0.990453
69	155	1.15631
69	158	1.27103
69	159	1.03433
69	165	1.0151
69	171	1.22446
70	19	0.968373
70	64	0.875855
70	87	1.2085
70	95	0.888234
70	100	1.22301
70	102	1.13645
70	124	0.951165
70	128	0.927637
70	129	0.904409
70	130	0.963097
70	134	0.91484
70	136	0.911192
70	137	0.967242
70	142	0.924189
70	173	1.43279
70	176	1.24775
70	179	1.32711
71	21	1.04458
71	26	0.999942
71	52	1.02203
71	89	1.01893
71	92	0.792844
71	94	1.0261
71	119	1.02714
71	122	0.986781
71	143	1.01627
71	147	0.949326
71	152	1.0268
71	153	1.06638
71	159	0.997482
71	160	1.04982
71	161	1.16064
71	163	1.02235
71	180	1.45582
72	7	0.96101
72	15	0.963809
72	16	0.934684
72	32	0.905599
72	35	0.900847
72	56	0.926119
72	83	0.951413
72	88	0.848369
72	131	0.934133
72	143	0.912388
72	154	1.01371
72	161	1.1751
72	165	0.963353
72	169	1.30353
72	170	1.10768
72	178	1.50582
72	180	1.47027
73	36	0.950041
73	91	1.02414
73	103	1.04247
73	108	1.01212
73	109	1.00931
73	118	1.03165
73	123	1.06997
73	125	1.04006
73	127	0.996827
73	158	1.25728
73	163	1.02666
73	164	0.991543
73	165	1.00135
73	169	1.31218
73	173	0.956496
73	176	1.05802
73	179	1.00324
74	42	1.08786
74	47	0.981339
74	48	0.961055
74	59	1.02978
74	69	1.04929
74	100	0.986195
74	106	1.0372
74	111	1.04344
74	115	1.03754
74	138	1.02476
74	140	1.00721
74	145	0.964785
74	148	1.00843
74	150	1.11065
74	156	1.22695
74	172	1.2627
74	179	1.0903
75	28	1.1747
75	110	1.16523
75	124	1.02849
75	128	1.00496
75	129	0.981735
75	130	1.04042
75	132	0.945542
75	134	0.992166
75	136	0.988518
75	137	1.04457
75	142	1.00151
75	146	0.961203
75	147	1.18043
75	156	1.16864
75	162	0.96805
75	166	1.09611
75	179	1.032
76	22	0.844694
76	25	1.07397
76	37	1.04267
76	40	1.01592
76	50	0.87194
76	84	0.999271
76	86	0.976254
76	90	1.04924
76	113	0.975272
76	120	1.21953
76	121	1.22367
76	139	0.982348
76	144	1.16333
76	146	1.07548
76	160	0.971509
76	164	1.07046
76	166	1.21039
76	179	1.14627
77	2	0.996894
77	3	1.00612
77	13	0.99238
77	30	0.936724
77	49	1.02169
77	63	0.929986
77	93	0.966903
77	114	0.979659
77	122	1.08901
77	139	0.98799
77	140	1.06339
77	152	0.969593
77	153	1.00917
77	154	1.10149
77	158	1.3364
77	165	1.08047
77	167	1.14717
77	171	1.28983
78	25	0.934802
78	33	1.16223
78	88	1.26609
78	105	1.07618
78	108	1.16595
78	121	0.96301
78	141	0.965378
78	149	0.982812
78	153	1.07593
78	155	0.940557
78	157	0.915146
78	168	0.911937
78	172	0.874801
78	175	0.807694
78	177	0.883779
78	178	0.802513
78	179	0.942154
78	180	0.813061
79	1	0.881864
79	9	0.992915
79	11	1.00656
79	14	1.01316
79	20	0.9778
79	24	0.960629
79	27	1.07402
79	41	0.906562
79	43	0.901289
79	60	1.04116
79	62	1.04405
79	127	1.03971
79	133	1.14242
79	156	1.24688
79	162	1.04629
79	164	1.03442
79	165	1.04423
79	178	1.55735
80	38	0.902932
80	55	0.98855
80	61	0.927419
80	68	1.02685
80	82	1.05666
80	85	1.00595
80	96	1.01981
80	99	0.931176
80	101	1.00946
80	102	0.905583
80	113	0.985087
80	135	1.07304
80	144	1.11331
80	145	1.25065
80	148	0.946852
80	163	1.07434
80	170	1.14522
80	178	1.54336
81	98	1.03972
81	103	0.999645
81	108	0.969293
81	109	0.966486
81	112	0.970807
81	118	0.98883
81	125	0.997239
81	127	1.01046
81	146	1.0102
81	160	1.08655
81	162	1.01705
81	163	0.983834
81	171	1.22435
81	173	0.913674
81	175	1.52872
81	176	1.01519
81	177	1.23101
81	179	0.960415
82	38	1.01549
82	61	1.03998
82	68	1.1394
82	80	1.05666
82	85	1.11851
82	92	1.07185
82	96	1.13236
82	99	1.04373
82	101	1.12202
82	120	0.952954
82	141	0.911875
82	148	1.05941
82	160	0.885258
82	170	0.928668
82	172	1.0521
82	173	0.985376
82	174	1.22647
82	180	1.29126
83	7	1.07002
83	10	1.12449
83	15	1.07282
83	16	1.0437
83	35	1.00986
83	56	1.03513
83	72	0.951413
83	88	0.957383
83	120	1.09187
83	131	1.04315
83	141	1.05079
83	143	1.0214
83	149	0.978741
83	154	0.973617
83	165	1.07237
83	168	1.12218
83	175	1.46634
83	176	0.939247
83	179	1.01861
84	22	0.919487
84	29	0.999833
84	37	1.11746
84	40	1.09072
84	50	0.946734
84	76	0.999271
84	86	1.05105
84	90	1.12403
84	97	0.998919
84	113	1.05007
84	139	1.05714
84	141	1.08578
84	150	1.07395
84	151	1.04337
84	155	1.12881
84	160	1.0463
84	162	0.989657
84	166	1.11771
84	177	1.20362
85	8	1.05539
85	38	0.96478
85	61	0.989266
85	68	1.08869
85	80	1.00595
85	82	1.11851
85	92	1.02114
85	96	1.08165
85	99	0.993024
85	101	1.07131
85	116	1.21216
85	147	1.11105
85	148	1.0087
85	149	0.922753
85	156	1.09927
85	160	0.968184
85	168	1.06619
85	176	0.883259
85	180	1.37419
86	25	1.12575
86	29	0.976816
86	37	1.09444
86	40	1.0677
86	50	0.923717
86	57	1.07364
86	76	0.976254
86	84	1.05105
86	90	1.10101
86	113	1.02705
86	139	1.03413
86	146	0.895502
86	158	1.15622
86	160	1.02329
86	161	1.08268
86	164	0.890481
86	166	1.03041
86	178	1.41341
86	179	0.966294
87	8	1.06425
87	23	0.948864
87	42	0.866931
87	70	1.2085
87	90	0.849386
87	91	0.953412
87	92	1.02999
87	101	1.08016
87	113	1.05579
87	134	0.942302
87	139	0.907985
87	148	1.01755
87	155	1.01877
87	174	0.910729
87	175	0.885908
87	177	0.961992
87	178	0.880726
87	180	0.891274
88	7	0.96698
88	10	1.02144
88	15	0.969779
88	32	0.911569
88	35	0.906817
88	56	0.932089
88	67	1.05917
88	72	0.848369
88	78	1.26609
88	83	0.957383
88	131	0.940103
88	143	0.918358
88	151	1.16931
88	154	1.13455
88	159	1.13277
88	165	0.969323
88	166	1.24366
88	176	1.10018
88	177	1.32957
89	5	1.02844
89	21	1.01334
89	26	0.9687
89	34	0.974579
89	66	1.06917
89	71	1.01893
89	94	0.994856
89	119	0.995899
89	123	1.09186
89	126	0.951783
89	143	0.985032
89	147	0.918084
89	151	1.07902
89	152	0.995557
89	153	1.03514
89	156	1.2259
89	162	1.0253
89	167	1.08994
89	169	1.33407
89	177	1.23927
90	22	0.969453
90	25	1.19873
90	29	1.0498
90	37	1.16743
90	40	1.14068
90	50	0.996699
90	53	0.920098
90	76	1.04924
90	84	1.12403
90	86	1.10101
90	87	0.849386
90	126	0.83053
90	135	0.944785
90	139	1.10711
90	155	1.0432
90	160	1.09627
90	164	0.892183
90	166	1.03211
90	170	1.01697
90	180	1.37956
91	39	1.05763
91	73	1.02414
91	87	0.953412
91	103	1.01536
91	108	0.985006
91	109	0.982199
91	112	0.986521
91	118	1.00454
91	125	1.01295
91	140	0.98893
91	147	1.22045
91	155	1.14723
91	163	0.999548
91	165	1.00602
91	166	1.13614
91	171	1.21538
91	172	1.24442
91	173	0.929387
91	176	1.03091
91	179	0.976128
92	38	0.918114
92	55	1.00373
92	57	1.20152
92	61	0.9426
92	68	1.04203
92	71	0.792844
92	82	1.07185
92	85	1.02114
92	87	1.02999
92	96	1.03499
92	99	0.946358
92	101	1.02464
92	113	1.00027
92	148	0.962034
92	154	1.04918
92	160	1.09973
92	163	1.07227
92	169	1.339
92	173	1.19985
92	176	1.01481
93	2	1.02804
93	3	1.03726
93	12	1.0659
93	13	1.02352
93	18	0.889127
93	30	0.967867
93	49	1.05284
93	63	0.961129
93	77	0.966903
93	114	1.0108
93	116	1.2541
93	139	1.01913
93	152	1.00074
93	153	1.04032
93	154	0.959571
93	156	1.14121
93	163	0.982661
93	165	0.93856
93	171	1.14792
93	180	1.41613
94	5	1.03561
94	21	1.02051
94	26	0.975869
94	34	0.981748
94	52	0.997956
94	71	1.0261
94	89	0.994856
94	119	1.00307
94	138	1.0284
94	143	0.992202
94	147	0.925254
94	150	1.1143
94	152	1.00273
94	153	1.04231
94	156	1.23059
94	158	1.28387
94	159	1.04717
94	163	1.07204
94	176	1.01458
94	177	1.24397
95	23	0.937383
95	54	0.969427
95	70	0.888234
95	100	1.03883
95	110	1.12415
95	117	0.964818
95	124	0.987408
95	128	0.963879
95	129	0.940652
95	130	0.99934
95	132	0.904459
95	134	0.951083
95	137	1.00348
95	142	0.960431
95	157	1.27831
95	159	1.09616
95	161	1.25932
95	162	1.07899
95	167	1.14362
95	168	1.24651
95	177	1.29296
96	8	1.06925
96	38	0.978632
96	61	1.00312
96	68	1.10255
96	80	1.01981
96	82	1.13236
96	85	1.08165
96	92	1.03499
96	99	1.00688
96	100	0.931069
96	101	1.08516
96	113	1.06079
96	146	0.964381
96	148	1.02255
96	160	1.04074
96	162	0.971229
96	163	1.01327
96	167	1.03586
96	168	1.13874
96	170	1.08415
96	174	1.38195
97	5	1.0333
97	37	0.901872
97	39	0.971836
97	84	0.998919
97	114	1.05019
97	129	0.998936
97	137	0.951131
97	139	0.971913
97	151	1.05012
97	162	1.06307
97	166	1.01283
97	167	1.02502
97	169	0.942224
97	170	1.01902
97	171	0.968634
97	172	0.958673
97	174	0.916387
97	175	0.891566
97	177	0.967651
97	178	0.886384
97	180	0.896932
98	31	1.03147
98	81	1.03972
98	103	1.07376
98	109	1.0406
98	112	1.04492
98	118	1.06294
98	122	0.948421
98	125	1.07135
98	131	1.06985
98	135	0.982684
98	140	0.922803
98	141	1.03807
98	146	0.935103
98	147	1.15433
98	160	1.01146
98	163	1.05795
98	173	0.987787
98	176	1.08931
98	177	1.15591
98	179	1.03453
98	180	1.41746
99	8	0.980616
99	38	0.890001
99	55	0.975619
99	61	0.914487
99	68	1.01392
99	80	0.931176
99	82	1.04373
99	85	0.993024
99	92	0.946358
99	96	1.00688
99	101	0.99653
99	102	1.01114
99	113	0.972156
99	135	1.1786
99	147	1.35024
99	148	0.933921
99	162	1.13786
99	163	1.1799
99	164	1.12599
99	170	1.25078
99	179	1.20181
100	5	0.983882
100	56	1.02203
100	61	1.05378
100	70	1.22301
100	74	0.986195
100	95	1.03883
100	96	0.931069
100	127	1.059
100	132	1.03193
100	141	1.03098
100	144	1.02585
100	150	1.03216
100	156	0.9735
100	159	1.04673
100	168	0.977537
100	169	0.923952
100	172	0.940401
100	174	0.898115
100	177	0.949379
100	178	0.868113
100	180	0.878661
101	8	1.0589
101	12	1.08439
101	55	1.0539
101	61	0.992772
101	68	1.0922
101	80	1.00946
101	82	1.12202
101	85	1.07131
101	87	1.08016
101	92	1.02464
101	96	1.08516
101	99	0.99653
101	116	1.27258
101	123	1.02566
101	138	0.95751
101	148	1.01221
101	150	1.0434
101	161	1.13944
101	164	0.947239
101	176	0.943688
101	179	1.02305
102	49	0.817152
102	52	0.985732
102	70	1.13645
102	80	0.905583
102	99	1.01114
102	118	0.889202
102	122	1.13109
102	134	0.870248
102	136	0.864941
102	150	1.08863
102	153	0.798717
102	155	1.06262
102	161	1.02991
102	162	1.10126
102	168	1.034
102	171	1.00682
102	172	0.996863
102	174	0.954577
102	175	0.929756
102	177	1.00584
102	178	0.924575
102	180	0.935123
103	73	1.04247
103	81	0.999645
103	91	1.01536
103	98	1.07376
103	104	0.94507
103	107	1.15698
103	108	1.00333
103	109	1.00052
103	112	1.00484
103	118	1.02287
103	122	1.02144
103	125	1.03128
103	147	1.22735
103	163	1.01787
103	164	1.0031
103	165	1.01291
103	170	1.12789
103	171	1.22227
103	172	1.25132
103	173	0.947711
103	176	1.04923
103	179	0.994452
104	4	0.950239
104	27	0.775738
104	47	1.02741
104	69	0.947259
104	103	0.94507
104	106	0.959021
104	118	0.946019
104	119	0.876278
104	133	1.07342
104	135	1.09633
104	144	1.0847
104	147	1.01323
104	153	0.855534
104	162	1.10364
104	170	1.05959
104	171	1.00921
104	172	0.999245
104	174	0.956959
104	175	0.932138
104	177	1.00822
104	178	0.926957
104	180	0.937505
105	23	0.997692
105	33	0.997847
105	64	0.972407
105	78	1.07618
105	117	1.02513
105	124	1.04772
105	126	0.852166
105	127	0.919103
105	128	1.02419
105	129	1.00096
105	130	1.05965
105	132	0.964768
105	134	1.01139
105	136	1.00774
105	137	1.06379
105	142	1.02074
105	150	1.00998
105	157	1.12501
105	165	0.923628
105	172	1.16203
105	174	1.33641
105	175	1.43737
106	36	0.975552
106	42	1.05779
106	47	0.951268
106	48	0.930985
106	55	1.02006
106	59	0.999707
106	65	1.0877
106	74	1.0372
106	104	0.959021
106	110	1.16547
106	111	1.01337
106	114	1.01534
106	115	1.00747
106	120	1.16612
106	145	0.934714
106	148	0.978362
106	159	1.0461
106	162	1.02892
106	166	1.15698
106	167	1.09355
106	172	1.26527
106	176	1.0135
107	20	0.923922
107	49	1.08588
107	62	1.03615
107	63	1.16137
107	103	1.15698
107	110	0.926786
107	140	1.0776
107	152	1.05119
107	153	1.06744
107	156	0.959786
107	157	0.967033
107	158	0.93945
107	161	0.959734
107	166	0.980846
107	167	0.993037
107	168	0.963823
107	169	0.910239
107	171	0.936649
107	175	0.859581
107	177	0.935666
107	178	0.8544
107	180	0.864947
108	31	0.961043
108	39	1.0456
108	73	1.01212
108	78	1.16595
108	81	0.969293
108	91	0.985006
108	103	1.00333
108	109	0.970171
108	112	0.974493
108	118	0.992515
108	120	1.15266
108	123	1.08201
108	125	1.00092
108	126	0.941936
108	133	1.11159
108	160	1.08496
108	163	0.987519
108	166	1.14352
108	170	1.12837
108	173	0.917359
108	174	1.42618
108	176	1.01888
108	179	0.9641
109	73	1.00931
109	81	0.966486
109	91	0.982199
109	98	1.0406
109	103	1.00052
109	108	0.970171
109	112	0.971686
109	118	0.989709
109	125	0.998118
109	131	0.996616
109	140	1.06836
109	141	1.18363
109	144	1.16851
109	151	1.14122
109	163	0.984713
109	164	1.07564
109	165	1.08545
109	167	1.15214
109	170	1.20043
109	171	1.29481
109	173	0.914552
109	176	1.01607
109	179	0.961293
110	59	1.15805
110	64	1.11177
110	69	1.17756
110	75	1.16523
110	95	1.12415
110	106	1.16547
110	107	0.926786
110	111	1.17171
110	117	1.16449
110	132	1.10413
110	137	1.20316
110	142	1.1601
110	145	1.09306
110	150	0.869076
110	157	0.984103
110	159	0.801952
110	163	0.82682
110	167	0.849411
110	170	0.897695
110	174	1.1955
110	175	1.29646
110	177	0.998743
110	179	0.848724
111	6	1.04014
111	42	1.06402
111	47	0.957505
111	48	0.937222
111	53	0.947752
111	55	1.0263
111	59	1.00594
111	65	1.09394
111	69	1.02546
111	74	1.04344
111	106	1.01337
111	110	1.17171
111	114	1.02158
111	115	1.0137
111	121	1.07305
111	141	1.02783
111	147	1.14408
111	148	0.984599
111	149	0.955781
111	150	1.016
111	165	0.929645
111	169	1.24047
111	175	1.44338
111	179	0.99565
112	39	1.04711
112	44	1.10955
112	81	0.970807
112	91	0.986521
112	98	1.04492
112	103	1.00484
112	108	0.974493
112	109	0.971686
112	118	0.99403
112	120	1.08799
112	122	0.957255
112	125	1.00244
112	131	1.00094
112	147	1.16316
112	149	0.97486
112	155	1.08994
112	163	0.989034
112	168	1.1183
112	169	1.25955
112	170	1.0637
112	171	1.15808
112	173	0.918874
112	176	1.02039
112	179	0.965615
112	180	1.42629
113	22	0.895488
113	38	0.943912
113	50	0.922735
113	68	1.06783
113	76	0.975272
113	80	0.985087
113	84	1.05007
113	86	1.02705
113	87	1.05579
113	92	1.00027
113	96	1.06079
113	99	0.972156
113	126	0.87101
113	139	1.03314
113	148	0.987831
113	154	0.963482
113	158	1.1984
113	160	1.0223
113	161	1.12486
113	162	0.944531
113	168	1.11205
113	170	1.05745
113	173	1.11416
113	175	1.45621
113	178	1.45559
114	3	1.05002
114	18	0.901883
114	48	0.939199
114	51	0.94173
114	59	1.00792
114	69	1.02743
114	77	0.979659
114	93	1.0108
114	97	1.05019
114	106	1.01534
114	111	1.02158
114	115	1.01568
114	122	1.0474
114	135	1.08166
114	139	1.03189
114	145	0.942929
114	148	0.986577
114	149	1.065
114	152	1.01349
114	153	1.05307
114	155	1.18008
114	156	1.24152
114	157	1.24025
114	163	1.08297
114	179	1.10487
115	6	1.03424
115	17	0.908344
115	42	1.05812
115	47	0.951605
115	48	0.931322
115	55	1.0204
115	57	1.1323
115	59	1.00004
115	65	1.08804
115	69	1.01956
115	74	1.03754
115	106	1.00747
115	111	1.0137
115	114	1.01568
115	121	1.10234
115	141	1.05713
115	144	1.04201
115	145	0.935051
115	148	0.978699
115	155	1.10016
115	159	0.978176
115	166	1.08906
115	169	1.26977
115	174	1.37172
115	179	1.02495
116	15	1.27425
116	41	1.44564
116	42	1.23507
116	85	1.21216
116	93	1.2541
116	101	1.27258
116	124	1.22283
116	141	0.918732
116	150	0.919918
116	151	0.919604
116	152	1.22266
116	155	0.89391
116	156	0.861253
116	158	0.840917
116	159	0.934481
116	164	0.959998
116	167	0.894504
116	169	0.811706
116	170	0.888502
116	171	0.838116
116	172	0.828154
116	174	0.785869
116	176	0.950286
116	177	0.837133
116	178	0.755866
116	180	0.766414
117	12	1.09544
117	23	0.977725
117	54	1.00977
117	64	0.952439
117	66	1.0779
117	95	0.964818
117	105	1.02513
117	110	1.16449
117	124	1.02775
117	126	0.896636
117	128	1.00422
117	129	0.980994
117	130	1.03968
117	132	0.9448
117	134	0.991424
117	136	0.987777
117	137	1.04383
117	138	0.968561
117	142	1.00077
117	158	1.22403
117	165	0.968098
117	168	1.13767
117	170	1.08307
117	172	1.2065
117	174	1.38088
117	176	0.954739
117	177	1.18412
118	31	0.980581
118	36	0.962551
118	44	1.12757
118	73	1.03165
118	81	0.98883
118	91	1.00454
118	98	1.06294
118	102	0.889202
118	103	1.02287
118	104	0.946019
118	108	0.992515
118	109	0.989709
118	112	0.99403
118	125	1.02046
118	131	1.01896
118	133	1.11205
118	135	1.05665
118	140	0.996774
118	159	1.03309
118	163	1.00706
118	164	1.00405
118	168	1.18344
118	170	1.12884
118	173	0.936896
118	176	1.03842
118	178	1.52698
118	179	0.983637
119	5	1.03665
119	6	1.0324
119	21	1.02155
119	26	0.976911
119	28	0.945329
119	34	0.982791
119	52	0.998999
119	66	1.07738
119	67	1.13405
119	71	1.02714
119	89	0.995899
119	94	1.00307
119	104	0.876278
119	123	1.01273
119	140	0.927033
119	143	0.993244
119	144	1.02718
119	145	1.16453
119	147	0.926296
119	152	1.00377
119	153	1.04335
119	159	0.963353
119	164	0.934312
119	173	1.1158
119	175	1.45786
119	177	1.16014
119	178	1.45724
120	44	0.976488
120	67	1.02143
120	76	1.21953
120	82	0.952954
120	83	1.09187
120	106	1.16612
120	108	1.15266
120	112	1.08799
120	132	1.20929
120	135	1.01206
120	153	1.06264
120	156	0.948067
120	157	0.955313
120	158	0.92773
120	161	0.948015
120	162	1.01937
120	163	1.00574
120	167	0.981318
120	168	0.952104
120	169	0.898519
120	170	0.975315
120	171	0.92493
120	172	0.914968
120	174	0.872682
120	175	0.847861
120	177	0.923946
120	178	0.84268
120	180	0.853228
121	15	1.10211
121	24	1.08759
121	27	0.986982
121	37	1.03395
121	43	1.20288
121	76	1.22367
121	78	0.96301
121	111	1.07305
121	115	1.10234
121	131	1.06069
121	133	0.982895
121	153	1.06678
121	156	0.941823
121	158	0.921486
121	162	1.01312
121	164	1.04057
121	166	0.962883
121	168	0.94586
121	169	0.892275
121	170	0.969071
121	171	0.918686
121	172	0.908724
121	174	0.866438
121	175	0.841617
121	176	1.03086
121	177	0.917702
121	178	0.836436
121	180	0.846984
122	30	0.980906
122	34	1.08496
122	65	0.903879
122	71	0.986781
122	77	1.08901
122	98	0.948421
122	102	1.13109
122	103	1.02144
122	112	0.957255
122	114	1.0474
122	134	1.00344
122	138	1.07858
122	149	1.06276
122	152	0.91565
122	157	0.995089
122	159	1.06107
122	164	1.08659
122	167	1.02109
122	168	0.99188
122	169	0.938295
122	171	0.964706
122	172	0.954744
122	173	0.975356
122	174	0.912458
122	175	0.887637
122	177	0.963722
122	178	0.882456
122	180	0.893004
123	6	0.965489
123	41	1.19872
123	44	0.90584
123	45	1.01979
123	73	1.06997
123	89	1.09186
123	101	1.02566
123	108	1.08201
123	119	1.01273
123	126	1.10639
123	140	1.08516
123	144	1.0197
123	150	1.02601
123	152	0.975733
123	153	0.99199
123	157	0.974589
123	158	0.947005
123	162	1.03864
123	166	0.988402
123	168	0.971379
123	169	0.917795
123	172	0.934243
123	173	0.954856
123	174	0.891958
123	175	0.867137
123	177	0.943221
123	178	0.861955
123	179	1.0016
123	180	0.872503
124	4	1.06452
124	33	1.00047
124	46	1.07936
124	54	1.03236
124	70	0.951165
124	75	1.02849
124	95	0.987408
124	105	1.04772
124	116	1.22283
124	117	1.02775
124	128	1.02681
124	129	1.00358
124	130	1.06227
124	132	0.96739
124	134	1.01401
124	136	1.01037
124	137	1.06642
124	138	0.907757
124	142	1.02336
124	146	0.902506
124	154	0.928305
124	160	0.97886
124	170	1.02227
124	172	1.1457
124	173	1.07898
124	174	1.32007
124	175	1.42103
124	177	1.12332
124	179	0.973299
125	31	0.98899
125	39	1.07354
125	44	1.13598
125	73	1.04006
125	81	0.997239
125	91	1.01295
125	98	1.07135
125	103	1.03128
125	108	1.00092
125	109	0.998118
125	112	1.00244
125	118	1.02046
125	131	1.02737
125	133	1.03741
125	144	1.02228
125	151	0.994989
125	154	0.960227
125	158	1.19515
125	163	1.01547
125	165	0.939216
125	166	1.06933
125	168	1.10879
125	170	1.05419
125	171	1.14858
125	172	1.17762
125	173	0.945305
125	175	1.45295
125	176	1.04682
125	179	0.992046
126	1	1.24615
126	35	0.969159
126	59	0.99646
126	61	1.02042
126	89	0.951783
126	90	0.83053
126	105	0.852166
126	108	0.941936
126	113	0.87101
126	117	0.896636
126	123	1.10639
126	131	0.845829
126	142	0.917078
126	151	1.08411
126	154	1.11355
126	155	1.05842
126	158	1.00542
126	161	1.02571
126	164	1.1245
126	166	1.04682
126	170	1.05301
126	171	1.00262
126	172	0.992661
126	174	0.950375
126	175	0.925554
126	177	1.00164
126	178	0.920373
126	179	1.06001
126	180	0.930921
127	4	1.01356
127	59	1.0634
127	61	1.08736
127	73	0.996827
127	79	1.03971
127	81	1.01046
127	100	1.059
127	105	0.919103
127	128	0.989932
127	130	1.02461
127	136	0.985076
127	143	0.947676
127	144	1.02456
127	151	1.03056
127	155	1.00487
127	157	0.979457
127	158	0.951874
127	159	1.04544
127	166	0.993271
127	167	1.00546
127	168	0.976248
127	169	0.922664
127	170	0.999459
127	171	0.949074
127	174	0.896827
127	175	0.872006
127	177	0.94809
127	178	0.866824
127	180	0.877372
128	4	1.04099
128	23	0.976786
128	28	1.20316
128	33	0.97694
128	46	1.05583
128	54	1.00883
128	70	0.927637
128	75	1.00496
128	95	0.963879
128	105	1.02419
128	117	1.00422
128	124	1.02681
128	127	0.989932
128	129	0.980055
128	130	1.03874
128	132	0.943861
128	134	0.990485
128	136	0.986838
128	137	1.04289
128	141	1.09264
128	142	0.999834
128	147	1.20889
128	150	1.08081
128	154	1.01547
128	161	1.17685
128	162	0.996516
128	170	1.10943
128	172	1.23286
128	176	0.981097
128	177	1.21048
129	4	1.01776
129	19	1.02079
129	33	0.953713
129	46	1.0326
129	54	0.985603
129	64	0.928273
129	70	0.904409
129	75	0.981735
129	95	0.940652
129	97	0.998936
129	105	1.00096
129	117	0.980994
129	124	1.00358
129	128	0.980055
129	130	1.01552
129	132	0.920634
129	134	0.967258
129	136	0.96361
129	137	1.01966
129	138	0.988077
129	142	0.976607
129	145	1.20802
129	157	1.189
129	164	0.977806
129	165	0.987614
129	171	1.19697
129	173	1.1593
129	174	1.40039
129	177	1.20364
129	179	1.05362
129	180	1.46518
130	19	1.07948
130	23	1.01225
130	54	1.04429
130	64	0.986961
130	66	1.11243
130	70	0.963097
130	75	1.04042
130	95	0.99934
130	105	1.05965
130	117	1.03968
130	124	1.06227
130	127	1.02461
130	128	1.03874
130	129	1.01552
130	132	0.979322
130	133	1.12733
130	134	1.02595
130	136	1.0223
130	137	1.07835
130	142	1.03529
130	149	1.05527
130	151	1.08491
130	159	1.04837
130	160	1.1007
130	162	1.03119
130	163	1.07323
130	164	1.01933
130	165	1.02913
130	168	1.19871
130	170	1.14411
130	176	1.01578
131	7	1.05274
131	15	1.05554
131	32	0.997333
131	35	0.992582
131	51	0.820152
131	56	1.01785
131	57	1.09064
131	72	0.934133
131	83	1.04315
131	88	0.940103
131	98	1.06985
131	109	0.996616
131	112	1.00094
131	118	1.01896
131	121	1.06069
131	125	1.02737
131	126	0.845829
131	143	1.00412
131	154	0.938302
131	155	1.0585
131	159	0.936523
131	163	1.01396
131	164	0.907482
131	165	1.05509
131	167	0.983982
131	173	0.943804
131	174	1.33007
131	175	1.43103
131	176	1.04532
131	177	1.13331
131	178	1.43041
131	179	0.990545
132	4	0.981569
132	19	0.984597
132	33	0.917519
132	46	0.996409
132	54	0.949409
132	64	0.89208
132	66	1.01755
132	75	0.945542
132	95	0.904459
132	100	1.03193
132	105	0.964768
132	110	1.10413
132	117	0.9448
132	120	1.20929
132	124	0.96739
132	128	0.943861
132	129	0.920634
132	130	0.979322
132	133	1.16822
132	134	0.931065
132	136	0.927417
132	137	0.983466
132	142	0.940413
132	144	1.15309
132	146	1.06524
132	151	1.1258
132	164	1.06022
132	167	1.13672
132	173	1.24171
132	174	1.4828
132	177	1.28605
132	179	1.13603
133	16	1.06517
133	21	0.968512
133	40	0.924071
133	79	1.14242
133	104	1.07342
133	108	1.11159
133	118	1.11205
133	121	0.982895
133	125	1.03741
133	130	1.12733
133	132	1.16822
133	139	1.05878
133	141	0.985264
133	142	1.08673
133	145	0.915579
133	147	0.908669
133	151	0.986136
133	152	1.00531
133	154	1.01557
133	155	0.960442
133	161	0.927733
133	164	1.02653
133	165	1.02658
133	166	0.948845
133	168	0.931822
133	170	0.955033
133	171	0.904648
133	174	0.852401
133	175	0.82758
133	176	1.01682
133	177	0.903664
133	178	0.822398
133	180	0.832946
134	4	1.02819
134	19	1.03122
134	23	0.963989
134	28	1.20361
134	46	1.04303
134	57	0.947334
134	64	0.938704
134	66	1.06417
134	70	0.91484
134	75	0.992166
134	87	0.942302
134	95	0.951083
134	102	0.870248
134	105	1.01139
134	117	0.991424
134	122	1.00344
134	124	1.01401
134	128	0.990485
134	129	0.967258
134	130	1.02595
134	132	0.931065
134	136	0.974041
134	137	1.03009
134	142	0.987037
134	145	1.21532
134	149	1.02104
134	157	1.19629
134	165	0.994907
134	167	1.0616
134	171	1.20427
134	173	1.16659
134	175	1.50865
134	176	0.981548
135	23	1.04426
135	33	1.05248
135	46	1.05909
135	50	1.16594
135	56	1.10292
135	69	1.05789
135	80	1.07304
135	90	0.944785
135	98	0.982684
135	99	1.1786
135	104	1.09633
135	114	1.08166
135	118	1.05665
135	120	1.01206
135	151	1.00905
135	158	0.930366
135	159	1.02393
135	161	0.95065
135	162	1.022
135	164	1.04945
135	167	0.983953
135	169	0.901155
135	170	0.977951
135	171	0.927566
135	173	0.938216
135	174	0.875318
135	175	0.850497
135	176	1.03974
135	177	0.926582
135	178	0.845316
135	179	0.984957
135	180	0.855864
136	4	1.02455
136	19	1.02757
136	23	0.960341
136	33	0.960496
136	46	1.03939
136	54	0.992386
136	57	0.943686
136	66	1.06052
136	70	0.911192
136	75	0.988518
136	102	0.864941
136	105	1.00774
136	117	0.987777
136	124	1.01037
136	127	0.985076
136	128	0.986838
136	129	0.96361
136	130	1.0223
136	132	0.927417
136	134	0.974041
136	137	1.02644
136	142	0.98339
136	145	1.21001
136	147	1.20404
136	154	1.01061
136	155	1.13081
136	157	1.19098
136	162	0.991661
136	170	1.10458
136	174	1.40238
136	176	0.976242
136	178	1.50272
136	179	1.05561
137	19	1.08362
137	33	1.01655
137	46	1.09543
137	57	0.999736
137	64	0.991105
137	70	0.967242
137	75	1.04457
137	95	1.00348
137	97	0.951131
137	105	1.06379
137	110	1.20316
137	117	1.04383
137	124	1.06642
137	128	1.04289
137	129	1.01966
137	130	1.07835
137	132	0.983466
137	134	1.03009
137	136	1.02644
137	142	1.03944
137	145	1.16022
137	149	0.965944
137	150	1.02617
137	160	1.01137
137	161	1.1222
137	162	0.941868
137	164	0.93
137	165	0.939808
137	169	1.25064
137	171	1.14917
137	174	1.35259
137	176	0.92645
137	177	1.15583
138	7	1.0033
138	42	0.919999
138	54	1.00767
138	74	1.02476
138	94	1.0284
138	101	0.95751
138	117	0.968561
138	122	1.07858
138	124	0.907757
138	129	0.988077
138	142	0.989003
138	143	0.952663
138	144	1.0298
138	146	1.07123
138	148	1.00638
138	149	1.05236
138	150	1.03611
138	151	1.0358
138	153	0.92384
138	158	0.957108
138	159	1.05067
138	162	1.04875
138	164	1.07619
138	168	0.981482
138	169	0.927898
138	170	1.00469
138	171	0.954308
138	174	0.902061
138	175	0.87724
138	177	0.953324
138	178	0.872058
138	179	1.0117
138	180	0.882606
139	2	1.04912
139	3	1.05835
139	18	0.910214
139	22	0.902565
139	30	0.988953
139	37	1.10054
139	40	1.07379
139	50	0.929811
139	58	1.02075
139	76	0.982348
139	77	0.98799
139	84	1.05714
139	86	1.03413
139	87	0.907985
139	90	1.10711
139	93	1.01913
139	97	0.971913
139	113	1.03314
139	114	1.03189
139	133	1.05878
139	147	1.17503
139	149	0.986726
139	152	1.02182
139	153	1.0614
139	154	0.981601
139	157	1.16197
139	159	0.979823
139	160	1.02938
139	161	1.14298
139	163	1.00469
139	165	0.96059
139	169	1.27142
139	176	0.947232
139	178	1.47371
140	25	0.765163
140	31	1.01472
140	63	1.00021
140	65	0.87826
140	67	0.865085
140	74	1.00721
140	77	1.06339
140	91	0.98893
140	98	0.922803
140	107	1.0776
140	109	1.06836
140	118	0.996774
140	119	0.927033
140	123	1.08516
140	143	0.935113
140	149	1.07944
140	150	1.06319
140	153	0.906289
