1	59	1.04282
1	82	0.999448
1	105	1.02585
1	114	0.945261
1	117	1.04171
1	127	1.06323
1	133	0.950477
1	139	1.0133
1	144	0.996554
1	161	1.01366
1	162	0.982229
1	180	0.932805
2	78	1.17454
2	126	0.831315
2	157	0.922229
2	160	1.23124
2	164	0.915171
2	169	0.903236
2	171	1.20328
2	172	1.18593
2	173	0.905591
2	174	0.918198
2	176	0.901497
2	180	0.902774
3	94	1.02306
3	97	0.976899
3	98	0.903775
3	117	0.927969
3	120	1.07219
3	130	0.96964
3	134	0.958448
3	148	1.05491
3	175	1.03603
3	178	1.03122
3	179	1.01837
3	180	1.01765
4	59	1.16617
4	111	0.943113
4	126	1.2929
4	145	0.891122
4	155	0.881226
4	171	0.894252
4	172	0.894892
4	173	1.16471
4	175	0.905436
4	177	0.889343
4	178	0.90063
4	179	1.17818
5	48	0.971587
5	81	0.891182
5	97	0.87594
5	101	0.915612
5	108	0.889042
5	118	0.904165
5	125	1.19145
5	137	0.852554
5	151	1.18875
5	156	1.19754
5	167	1.22732
5	168	0.899885
6	13	0.907777
6	31	1.05605
6	43	0.951988
6	55	0.88672
6	62	0.949401
6	118	1.05321
6	139	0.982174
6	141	1.03286
6	172	1.04167
6	175	1.05221
6	177	1.03612
6	179	1.03455
7	21	0.962161
7	22	0.977526
7	33	0.967903
7	39	0.942019
7	43	0.937732
7	101	1.06501
7	137	1.00195
7	139	0.967918
7	152	1.05984
7	160	1.02262
7	178	1.04776
7	179	1.0349
8	12	1.05428
8	52	1.0133
8	58	0.967165
8	96	1.0276
8	98	1.07524
8	104	1.04469
8	110	1.01774
8	137	1.00748
8	148	0.901165
8	160	0.989962
8	166	0.978027
8	180	0.928202
9	94	0.983866
9	103	1.04389
9	106	1.04431
9	114	0.957771
9	134	1.03868
9	135	1.03175
9	136	1.01282
9	138	1.04468
9	141	0.969692
9	149	0.976548
9	176	0.958802
9	179	0.94712
10	94	1.25482
10	108	1.13948
10	119	1.18605
10	120	0.939196
10	136	1.21042
10	148	0.921907
10	166	0.885803
10	170	0.897927
10	177	0.886937
10	178	0.898224
10	179	0.885368
10	180	0.884656
11	84	0.909848
11	95	1.02594
11	122	0.943322
11	154	1.04714
11	160	1.00695
11	163	1.03647
11	164	0.940965
11	166	1.01967
11	169	0.985881
11	175	1.03689
11	177	1.0208
11	178	1.03209
12	8	1.05428
12	34	1.08246
12	43	1.02597
12	96	0.995604
12	98	1.04325
12	104	1.01269
12	110	0.985745
12	146	0.995473
12	166	1.00292
12	170	0.939369
12	173	0.941425
12	174	0.923075
13	6	0.907777
13	26	0.859002
13	57	1.04672
13	61	1.05173
13	67	1.02173
13	80	1.00711
13	88	0.989908
13	115	1.05948
13	135	1.01939
13	136	1.00046
13	138	1.03232
13	166	1.0115
14	21	1.01691
14	43	1.05675
14	58	0.965953
14	96	1.02638
14	98	1.07403
14	104	1.04347
14	110	1.01653
14	113	1.00659
14	149	0.98839
14	152	0.898832
14	170	0.94343
14	176	0.970644
15	31	0.903833
15	50	0.931324
15	91	0.99812
15	99	1.026
15	111	1.02931
15	112	0.993885
15	117	0.993408
15	122	1.00418
15	127	1.01492
15	139	0.964997
15	156	1.08313
15	170	0.989222
15	180	1.07275
16	19	1.09129
16	71	0.990324
16	92	0.98162
16	111	0.981521
16	158	0.976146
16	164	0.983557
16	165	0.957247
16	168	1.06893
16	170	0.984431
16	171	1.05877
16	173	0.973977
16	179	0.971872
16	180	0.971159
17	18	1.01668
17	31	1.12709
17	79	0.963521
17	121	1.01313
17	129	1.00306
17	147	0.985955
17	153	0.99034
17	169	0.960595
17	172	1.0044
17	174	0.975557
17	177	1.0301
17	179	0.960845
17	180	0.960133
18	17	1.01668
18	40	0.971999
18	68	0.94712
18	72	1.1285
18	82	0.946269
18	85	1.02649
18	105	0.972668
18	117	0.988534
18	119	0.959472
18	122	0.999302
18	137	1.07883
18	139	0.960123
18	156	1.00993
19	16	1.09129
19	62	0.896765
19	81	0.987587
19	84	0.977968
19	97	0.972346
19	101	1.01202
19	108	0.985447
19	118	1.00057
19	137	0.94896
19	156	1.04751
19	168	0.99629
19	175	1.03778
19	176	1.05062
20	36	0.981404
20	101	1.00877
20	103	1.04066
20	113	0.951207
20	147	0.994712
20	152	0.99454
20	154	1.06658
20	159	0.965276
20	169	0.969352
20	171	1.09453
20	173	0.971708
20	174	0.984314
20	180	0.96889
21	7	0.962161
21	14	1.01691
21	30	1.17276
21	34	1.0463
21	52	0.945142
21	58	0.899009
21	96	0.959441
21	98	1.00709
21	104	0.976531
21	110	0.949582
21	143	1.06376
21	148	1.00328
21	164	1.00227
22	7	0.977526
22	102	1.0418
22	103	0.973383
22	106	0.973802
22	115	1.00132
22	116	0.984513
22	124	0.995248
22	134	0.968165
22	135	0.961238
22	136	0.942307
22	156	1.05606
22	166	1.09551
22	173	1.03401
23	86	0.928582
23	92	1.11285
23	107	0.876813
23	110	0.883631
23	111	0.781207
23	140	0.851531
23	152	1.12804
23	153	1.1326
23	168	0.868617
23	173	1.10521
23	174	1.11781
23	176	1.10111
23	180	1.10239
24	33	1.17507
24	64	0.902418
24	123	0.960609
24	129	1.02
24	164	0.989477
24	166	1.02866
24	168	1.0228
24	169	0.977541
24	173	0.979897
24	176	0.975803
24	178	1.01073
24	179	0.977792
24	180	0.977079
25	100	1.00887
25	117	1.04225
25	122	1.01722
25	141	1.06729
25	151	1.04449
25	155	0.960044
25	162	0.965998
25	167	0.970714
25	170	1.02918
25	171	0.973069
25	172	0.97371
25	177	0.968161
25	178	0.979448
26	13	0.859002
26	44	0.770261
26	55	1.09425
26	81	1.11115
26	108	1.10901
26	116	0.878304
26	120	1.15931
26	131	0.913064
26	138	0.892877
26	154	0.873988
26	170	1.11804
26	176	1.10349
26	180	1.10477
27	104	0.977835
27	110	0.950885
27	124	0.997237
27	136	0.944296
27	138	0.976154
27	145	0.97673
27	159	1.03742
27	163	0.990616
27	174	1.01603
27	176	1.05954
27	178	0.986238
27	179	1.04786
27	180	1.04606
28	37	1.1225
28	45	1.03213
28	48	1.02932
28	81	0.948919
28	97	0.933678
28	107	1.06912
28	108	0.946779
28	112	0.989615
28	118	0.961902
28	129	0.974275
28	151	1.01854
28	168	0.957622
28	175	1.0176
29	53	0.814244
29	69	1.10529
29	70	1.08936
29	83	0.799159
29	146	0.891357
29	147	1.14129
29	155	0.904298
29	165	1.10155
29	168	0.892945
29	174	1.13089
29	177	0.891131
29	179	1.11618
29	180	1.11546
30	21	1.17276
30	70	1.15241
30	79	1.0897
30	131	0.926752
30	154	0.956871
30	155	0.922414
30	157	1.10444
30	161	0.917657
30	162	0.928368
30	163	0.946196
30	164	1.0852
30	166	0.929397
30	177	0.93053
30	178	0.941817
31	6	1.05605
31	15	0.903833
31	17	1.12709
31	82	0.895841
31	83	0.979435
31	108	1.08905
31	117	0.938105
31	122	0.948873
31	127	0.95962
31	137	1.18923
31	139	0.909694
31	146	0.930668
31	149	1.14119
31	170	0.933919
32	104	0.925753
32	111	0.872816
32	116	0.92643
32	118	0.948487
32	133	1.04577
32	158	1.05706
32	159	1.04846
32	165	1.03816
32	168	0.960226
32	173	1.05489
32	176	1.0508
32	177	0.958413
32	179	1.05279
32	180	1.05207
33	7	0.967903
33	24	1.17507
33	65	0.971907
33	104	1.17654
33	142	0.924137
33	144	0.901632
33	155	0.92064
33	163	0.944423
33	164	1.139
33	166	0.927624
33	174	1.13703
33	175	0.94485
33	177	0.928757
33	178	0.940044
34	12	1.08246
34	21	1.0463
34	56	0.997956
34	58	0.995339
34	69	0.917803
34	73	1.03325
34	96	1.05577
34	98	1.10342
34	104	1.07286
34	110	1.04591
34	149	0.914306
34	154	0.888925
34	160	0.944833
34	172	0.899526
35	92	1.05903
35	95	1.02756
35	109	0.89721
35	145	0.91693
35	157	1.06802
35	158	1.05356
35	159	1.04496
35	160	0.97712
35	163	0.915664
35	167	0.955512
35	169	1.04903
35	172	0.931813
35	179	1.04928
35	180	1.04857
36	20	0.981404
36	49	0.820303
36	70	0.93065
36	93	1.02388
36	107	1.0436
36	121	1.03197
36	139	0.956753
36	149	1.05035
36	162	1.04552
36	171	1.05259
36	172	1.05323
36	175	1.06377
36	178	1.05896
36	180	0.89149
37	28	1.1225
37	100	1.04684
37	130	1.17704
37	142	1.11735
37	143	0.911976
37	155	1.13167
37	164	0.946325
37	165	0.920015
37	169	0.934389
37	173	0.936745
37	174	0.949351
37	176	0.932651
37	179	0.93464
37	180	0.933927
38	59	0.922945
38	62	1.09893
38	67	0.980679
38	88	0.997673
38	92	1.00096
38	129	1.03342
38	130	1.03383
38	140	0.960031
38	153	1.02071
38	159	0.986888
38	168	0.977117
38	169	0.990964
38	174	1.00593
38	176	0.989225
38	179	0.991214
39	7	0.942019
39	54	0.922432
39	82	0.963239
39	85	1.04346
39	105	0.989637
39	117	1.0055
39	119	0.976441
39	122	1.01627
39	127	1.02702
39	137	1.08945
39	139	0.977092
39	170	1.00132
39	173	0.998504
39	178	1.04207
39	179	1.01198
40	18	0.971999
40	68	1.01634
40	73	1.09343
40	122	0.917564
40	139	1.00852
40	141	0.990741
40	142	0.984252
40	152	1.01737
40	153	1.02193
40	158	0.996708
40	164	1.00412
40	173	0.994539
40	176	0.990445
40	179	0.992434
40	180	0.991721
41	60	1.10886
41	76	0.895125
41	86	1.0308
41	125	1.00686
41	130	1.02755
41	157	1.01362
41	161	0.983575
41	168	0.970835
41	170	1.00744
41	173	0.996985
41	174	1.00959
41	176	0.992891
41	178	0.958765
41	179	0.99488
41	180	0.994167
42	51	1.05765
42	78	1.00592
42	100	0.971345
42	101	0.94891
42	143	0.971212
42	150	0.985378
42	153	1.02337
42	165	0.97925
42	168	1.04483
42	169	0.993625
42	171	1.03467
42	173	0.995981
42	176	0.991886
42	179	0.993875
42	180	0.993163
43	6	0.951988
43	7	0.937732
43	12	1.02597
43	14	1.05675
43	52	0.984982
43	56	0.941466
43	58	0.938849
43	67	1.06594
43	96	0.99928
43	98	1.04693
43	104	1.01637
43	110	0.989421
43	168	1.04985
43	170	0.992162
43	179	1.00769
44	26	0.770261
44	74	1.0311
44	88	1.02342
44	90	1.11825
44	95	0.929862
44	103	1.06505
44	116	1.07618
44	124	1.08692
44	135	1.05291
44	136	1.03398
44	137	0.952213
44	138	1.06584
44	149	0.904169
44	158	0.89753
44	161	0.930924
44	168	1.07744
45	28	1.03213
45	62	0.997918
45	82	0.974305
45	97	1.0735
45	101	1.11317
45	108	1.0866
45	118	1.10172
45	137	1.05011
45	144	1.05751
45	148	0.866534
45	149	1.08732
45	156	0.903946
45	161	0.951559
45	167	0.933723
45	173	0.8819
45	179	0.895376
46	47	1.00453
46	55	0.915716
46	65	1.06532
46	67	0.916415
46	77	0.932552
46	112	0.973317
46	120	0.980778
46	148	0.96349
46	152	1.01216
46	156	0.908363
46	159	1.06184
46	165	1.10796
46	170	0.93951
46	176	1.08397
46	179	1.07229
46	180	1.07048
47	46	1.00453
47	55	1.06053
47	65	1.21014
47	68	1.0471
47	72	1.01499
47	76	0.875858
47	84	0.848434
47	120	1.1256
47	123	0.889376
47	126	0.999598
47	142	0.948596
47	156	1.05318
47	161	0.965591
47	168	0.951568
47	170	1.08433
47	176	0.92109
48	5	0.971587
48	28	1.02932
48	53	0.876118
48	81	1.08594
48	97	1.07069
48	101	1.11037
48	108	1.0838
48	118	1.09892
48	129	0.86817
48	133	0.928525
48	144	1.05471
48	148	0.883816
48	158	0.935447
48	161	0.968841
48	165	0.948333
48	168	1.09464
49	36	0.820303
49	73	1.0498
49	76	0.867879
49	143	1.04151
49	147	1.08929
49	150	0.884137
49	151	1.05749
49	154	0.905477
49	170	1.07673
49	171	0.933429
49	173	1.06628
49	174	1.07889
49	176	1.06219
49	178	0.931519
49	179	1.06418
49	180	1.06346
50	15	0.931324
50	83	1.00693
50	91	0.970309
50	119	0.936535
50	122	0.976365
50	126	1.16188
50	127	0.987112
50	132	0.934646
50	133	1.06303
50	139	0.937186
50	140	1.07223
50	146	0.95816
50	163	1.04566
50	170	0.961411
50	174	1.01533
50	180	1.04536
51	42	1.05765
51	87	0.966861
51	110	0.935857
51	115	0.879016
51	129	1.10017
51	138	0.901621
51	152	1.0829
51	159	1.05363
51	167	0.917031
51	169	1.05771
51	171	0.910684
51	173	1.06007
51	174	1.07267
51	175	0.877524
51	179	1.05796
51	180	1.05725
52	8	1.0133
52	21	0.945142
52	43	0.984982
52	56	0.896802
52	58	0.894185
52	96	0.954617
52	98	1.00226
52	103	1.05262
52	104	0.971707
52	110	0.944758
52	112	0.993814
52	114	0.992241
52	128	1.12816
52	172	1.08914
52	173	1.06101
52	175	1.07333
53	29	0.814244
53	48	0.876118
53	87	1.01939
53	145	1.07086
53	151	0.937656
53	155	1.06096
53	157	0.92726
53	158	0.96067
53	166	1.06794
53	167	1.07163
53	169	0.952939
53	172	1.07463
53	175	1.08517
53	177	1.06908
53	178	1.08036
53	179	0.93788
54	39	0.922432
54	146	0.925446
54	151	1.06163
54	154	0.888921
54	159	1.06399
54	163	0.883372
54	164	1.08
54	165	1.05369
54	166	0.932893
54	168	0.927033
54	169	1.06806
54	173	1.07042
54	176	1.06632
54	178	0.914963
54	179	1.06831
54	180	1.0676
55	6	0.88672
55	26	1.09425
55	46	0.915716
55	47	1.06053
55	65	1.12133
55	68	0.958287
55	99	0.893871
55	112	1.02932
55	120	1.03678
55	130	1.0413
55	132	0.968749
55	137	1.0199
55	141	0.964997
55	144	1.00437
55	148	1.01949
55	161	0.998608
55	170	0.995514
56	34	0.997956
56	43	0.941466
56	52	0.896802
56	58	0.85067
56	77	0.92934
56	96	0.911101
56	98	0.958748
56	99	1.09487
56	104	0.928192
56	110	0.901242
56	114	0.948725
56	125	0.935716
56	141	1.166
56	145	1.14319
56	148	1.11459
56	164	1.11357
56	178	1.17352
57	13	1.04672
57	61	1.03354
57	70	0.99457
57	103	1.01335
57	106	1.01377
57	115	1.04129
57	116	1.02448
57	124	1.03522
57	134	1.00813
57	135	1.00121
57	136	0.982275
57	143	0.988857
57	144	1.01916
57	150	0.939924
57	152	0.897085
57	176	0.968898
57	177	0.997562
58	8	0.967165
58	14	0.965953
58	21	0.899009
58	34	0.995339
58	43	0.938849
58	52	0.894185
58	56	0.85067
58	96	0.908484
58	98	0.956131
58	104	0.925575
58	110	0.898625
58	131	1.13936
58	144	1.15818
58	148	1.06739
58	155	1.14975
58	161	1.15242
58	177	1.13658
59	1	1.04282
59	4	1.16617
59	38	0.922945
59	82	0.986524
59	83	1.07012
59	91	1.0335
59	92	0.959799
59	99	0.913855
59	117	1.02879
59	119	0.999726
59	122	1.03956
59	132	0.997837
59	139	1.00038
59	148	0.933567
59	153	0.918862
59	161	1.00074
59	178	0.992499
60	41	1.10886
60	111	0.974182
60	131	0.916633
60	133	1.17047
60	142	0.915791
60	153	1.11106
60	155	0.912295
60	162	0.918249
60	167	0.922965
60	171	0.92532
60	172	0.925961
60	173	1.14113
60	174	1.12278
60	175	0.936504
60	177	0.920412
60	178	0.931699
60	180	1.1528
61	13	1.05173
61	57	1.03354
61	90	1.07156
61	94	0.958337
61	106	1.01878
61	114	0.970367
61	124	1.04023
61	134	1.01315
61	135	1.00622
61	136	0.987289
61	137	1.03719
61	138	1.01915
61	143	0.991358
61	148	0.930875
61	166	1.00774
61	173	0.94624
61	174	0.92789
62	6	0.949401
62	19	0.896765
62	38	1.09893
62	45	0.997918
62	81	0.914708
62	97	0.899467
62	101	0.939139
62	108	0.912569
62	112	0.955404
62	118	0.927692
62	125	1.14088
62	144	0.883482
62	145	1.13816
62	161	1.19458
62	164	1.10854
62	168	0.923411
62	173	1.12492
63	64	1.11685
63	78	1.0144
63	116	0.965406
63	130	0.967687
63	150	1.0527
63	155	1.00987
63	163	1.03365
63	164	0.927186
63	166	1.01685
63	169	0.972101
63	172	1.02353
63	173	0.943566
63	174	0.925216
63	175	1.03408
63	177	1.01798
63	178	1.02927
63	180	0.955238
64	24	0.902418
64	63	1.11685
64	89	0.97771
64	103	1.11236
64	133	0.9118
64	150	1.11694
64	152	0.943754
64	157	0.937559
64	162	1.18185
64	163	1.13273
64	169	0.918566
64	173	0.920922
64	174	0.933528
64	175	1.13307
64	176	0.916828
64	179	0.918817
64	180	0.918104
65	33	0.971907
65	46	1.06532
65	47	1.21014
65	55	1.12133
65	74	0.933838
65	112	1.17893
65	120	1.18639
65	126	1.06039
65	132	1.11836
65	156	1.11398
65	161	0.833658
65	165	0.81315
65	167	0.815822
65	168	0.819635
65	170	1.14512
65	171	0.809475
65	178	0.807565
66	80	1.04414
66	86	1.10264
66	102	0.976123
66	105	1.00681
66	120	0.952081
66	129	1.01636
66	131	1.04364
66	141	0.972456
66	147	0.999259
66	151	0.967465
66	163	0.999012
66	164	0.985834
66	168	1.04267
66	169	0.973899
66	174	0.988861
66	176	0.97216
66	179	0.974149
66	180	0.973437
67	13	1.02173
67	38	0.980679
67	43	1.06594
67	46	0.916415
67	108	1.00997
67	120	1.03748
67	122	1.00517
67	126	0.911484
67	127	0.973172
67	132	0.969449
67	134	1.06069
67	135	1.05508
67	150	1.01994
67	168	0.998028
67	173	0.98576
67	175	1.00132
67	178	0.99651
67	180	0.982942
68	18	0.94712
68	40	1.01634
68	47	1.0471
68	55	0.958287
68	85	1.02423
68	119	0.957205
68	120	1.02335
68	121	0.955387
68	139	0.957856
68	147	1.01723
68	152	0.98557
68	158	1.06849
68	164	1.01584
68	169	1.06076
68	171	0.976
68	177	0.971091
68	178	0.982378
68	180	1.0439
69	29	1.10529
69	34	0.917803
69	87	1.09552
69	113	0.964904
69	126	0.911129
69	134	1.03536
69	141	0.981607
69	142	1.04653
69	143	0.960636
69	149	0.987545
69	151	0.976615
69	159	0.978973
69	162	1.05497
69	165	0.968674
69	175	1.00619
69	176	0.981311
69	178	1.03744
69	179	0.9833
70	29	1.08936
70	30	1.15241
70	36	0.93065
70	57	0.99457
70	75	1.01346
70	100	0.980451
70	121	1.03516
70	139	1.07523
70	141	0.965678
70	143	0.944708
70	157	0.986114
70	164	0.979056
70	165	0.952746
70	172	1.02642
70	173	0.969476
70	176	0.965382
70	179	0.967371
70	180	0.966658
71	16	0.990324
71	75	0.907794
71	77	0.951219
71	87	0.990572
71	92	0.935364
71	121	1.02455
71	130	0.989961
71	142	1.03564
71	143	0.969615
71	154	1.0666
71	158	0.960763
71	163	1.05592
71	165	0.973649
71	167	1.04281
71	172	1.04581
71	173	0.924498
71	175	1.05635
71	177	1.04026
71	178	1.05154
72	18	1.1285
72	47	1.01499
72	115	0.967334
72	120	0.991234
72	129	1.05707
72	134	0.934179
72	136	0.908321
72	138	0.940179
72	156	0.918819
72	159	1.09112
72	160	0.925126
72	164	1.07171
72	170	0.949966
72	172	0.944525
72	173	1.08809
72	174	1.06974
72	175	0.955068
72	178	0.950263
72	179	1.10156
73	34	1.03325
73	40	1.09343
73	49	1.0498
73	131	0.938848
73	140	0.959585
73	151	1.12257
73	152	1.06266
73	154	0.968967
73	160	0.928776
73	163	0.958292
73	166	0.941493
73	167	0.945179
73	168	0.955431
73	172	0.948176
73	175	0.958719
73	177	0.942626
73	178	0.953913
73	179	1.12279
73	180	1.12099
74	44	1.0311
74	65	0.933838
74	82	0.916538
74	85	0.996762
74	90	1.06479
74	101	1.07702
74	105	0.942937
74	110	1.18796
74	116	1.13915
74	129	0.984268
74	138	1.15372
74	139	0.930392
74	164	0.953743
74	167	0.94618
74	171	0.948535
74	176	0.940069
74	177	0.943626
74	178	0.954913
74	179	0.942058
75	70	1.01346
75	71	0.907794
75	93	0.980644
75	115	0.944573
75	117	0.941778
75	136	0.992476
75	150	0.926949
75	153	1.06977
75	157	1.05902
75	159	1.03595
75	165	1.02565
75	172	0.958889
75	173	1.04238
75	174	1.05499
75	175	0.943081
75	176	1.03829
75	178	0.974331
75	179	1.04028
75	180	1.03957
76	41	0.895125
76	47	0.875858
76	49	0.867879
76	80	1.03749
76	93	1.07146
76	126	1.05559
76	130	0.98989
76	131	1.03641
76	132	0.959373
76	133	0.956737
76	155	1.03207
76	160	1.02634
76	166	1.03905
76	170	0.925339
76	171	1.04509
76	172	1.04573
76	175	1.05628
76	177	1.04019
76	178	1.05147
77	46	0.932552
77	56	0.92934
77	71	0.951219
77	82	1.0666
77	98	1.0348
77	110	0.977295
77	117	0.985203
77	120	1.05362
77	125	1.01177
77	127	0.928166
77	141	0.998098
77	145	0.987431
77	148	1.03633
77	162	1.03529
77	169	0.999541
77	170	1.01235
77	171	1.01967
77	174	1.0145
77	178	1.01776
77	179	0.999791
78	2	1.17454
78	42	1.00592
78	63	1.0144
78	80	0.991042
78	102	0.971991
78	123	1.01203
78	143	1.00932
78	145	0.99552
78	147	0.949203
78	162	0.991579
78	166	0.992608
78	167	0.996294
78	170	0.962143
78	171	0.99865
78	172	0.99929
78	174	0.945849
78	175	1.00983
78	176	0.989358
78	177	0.993741
78	178	1.00503
79	17	0.963521
79	30	1.0897
79	87	1.03725
79	109	0.929116
79	133	0.989849
79	147	1.02198
79	149	1.00111
79	153	1.02636
79	159	0.99254
79	164	1.00855
79	166	0.997091
79	168	0.991231
79	169	0.996615
79	171	0.981071
79	174	1.01158
79	176	0.994877
79	177	0.989417
79	178	0.979161
79	179	0.996866
79	180	0.996153
80	13	1.00711
80	66	1.04414
80	76	1.03749
80	78	0.991042
80	83	0.966426
80	129	0.973563
80	131	0.990851
80	147	0.98958
80	153	0.974505
80	155	0.986512
80	162	0.992467
80	166	0.993495
80	167	0.997182
80	169	1.03311
80	171	0.999538
80	172	1.00018
80	175	1.01072
80	177	0.994629
80	178	1.00592
80	180	1.01625
81	5	0.891182
81	19	0.987587
81	26	1.11115
81	28	0.948919
81	48	1.08594
81	62	0.914708
81	97	0.990289
81	101	1.02996
81	108	1.00339
81	118	1.01851
81	125	0.997921
81	149	1.00411
81	152	0.93531
81	156	1.00401
81	159	0.984997
81	168	1.01423
81	169	1.0105
81	171	1.02744
81	172	1.01009
81	177	1.03579
82	1	0.999448
82	18	0.946269
82	31	0.895841
82	39	0.963239
82	45	0.974305
82	59	0.986524
82	74	0.916538
82	77	1.0666
82	83	1.02675
82	91	0.990128
82	99	1.0048
82	105	0.96955
82	114	1.064
82	117	0.985416
82	119	0.956354
82	123	1.03332
82	126	1.16807
82	127	1.00693
82	139	0.957005
82	157	1.04273
82	175	1.05219
83	29	0.799159
83	31	0.979435
83	50	1.00693
83	59	1.07012
83	80	0.966426
83	82	1.02675
83	85	1.10697
83	105	1.05314
83	114	0.933447
83	119	1.03995
83	122	1.07978
83	126	1.03752
83	127	1.09052
83	129	0.878308
83	139	1.0406
83	161	1.04096
83	166	0.970816
83	167	0.961142
83	169	0.937855
83	170	1.06482
83	179	0.922796
84	11	0.909848
84	19	0.977968
84	47	0.848434
84	95	1.02729
84	102	1.05098
84	133	1.04199
84	138	0.936384
84	140	0.938521
84	143	1.02635
84	150	0.896156
84	153	1.0785
84	155	0.966961
84	158	1.05328
84	162	0.961067
84	164	1.0607
84	168	0.955607
84	169	1.04876
84	173	1.05112
84	174	1.06372
84	179	1.04901
84	180	1.0483
85	18	1.02649
85	39	1.04346
85	68	1.02423
85	74	0.996762
85	83	1.10697
85	114	0.926903
85	117	1.06564
85	119	1.03658
85	122	1.07641
85	125	0.918733
85	127	1.08715
85	139	1.03723
85	141	0.938824
85	144	0.978197
85	161	1.03759
85	170	1.06145
85	175	0.915092
85	177	0.956599
85	178	0.946342
85	179	0.916252
85	180	0.914448
86	23	0.928582
86	41	1.0308
86	66	1.10264
86	109	1.00442
86	112	0.995872
86	142	0.960656
86	143	1.10819
86	145	0.967055
86	155	0.957159
86	160	0.951426
86	162	0.963114
86	166	0.964143
86	167	0.967829
86	169	1.0916
86	170	1.06101
86	171	0.970185
86	172	0.970825
86	175	0.981369
86	176	1.08823
86	177	0.965276
86	178	0.976563
87	51	0.966861
87	53	1.01939
87	69	1.09552
87	71	0.990572
87	79	1.03725
87	100	0.988351
87	111	1.00141
87	132	1.0811
87	140	0.964601
87	150	0.982361
87	151	1.06237
87	159	1.05215
87	161	0.934769
87	162	0.945481
87	167	0.950196
87	171	0.952552
87	173	1.04912
87	175	0.963736
87	177	0.947643
87	178	0.95893
87	179	1.0626
88	13	0.989908
88	38	0.997673
88	44	1.02342
88	90	1.00974
88	103	0.956538
88	106	0.956958
88	113	1.08477
88	115	0.984475
88	116	0.967668
88	134	0.95132
88	135	0.944393
88	136	0.925462
88	138	0.95732
88	146	0.963856
88	156	1.04571
88	165	1.07281
88	168	0.968921
88	170	1.02161
88	171	1.06914
88	177	1.07748
88	179	1.03714
89	64	0.97771
89	113	1.03469
89	118	0.914715
89	130	0.98317
89	131	0.927418
89	146	0.924867
89	152	1.07802
89	155	0.937808
89	157	1.07183
89	158	1.05736
89	162	0.931914
89	164	1.06477
89	165	1.03846
89	166	0.932315
89	167	0.922641
89	169	1.05283
89	171	0.916294
89	174	1.06779
89	176	1.05109
89	179	1.05308
89	180	1.05237
90	44	1.11825
90	61	1.07156
90	74	1.06479
90	88	1.00974
90	94	0.991341
90	106	1.05179
90	116	1.0625
90	124	1.07323
90	125	0.910903
90	134	1.04615
90	135	1.03922
90	136	1.02029
90	138	1.05215
90	149	0.93785
90	153	0.864876
90	158	0.931211
90	167	0.946769
90	168	1.06375
90	178	0.938512
90	179	0.908422
90	180	0.906618
91	15	0.99812
91	50	0.970309
91	59	1.0335
91	82	0.990128
91	99	0.923371
91	102	0.966241
91	105	1.01653
91	117	1.03239
91	119	1.00333
91	122	1.04316
91	127	1.05391
91	132	1.00144
91	139	1.00398
91	144	1.03387
91	146	1.02496
91	156	0.980495
91	162	1.01954
91	163	0.970424
91	170	1.02821
91	174	0.940099
91	175	0.970765
91	178	1.00202
92	16	0.98162
92	23	1.11285
92	35	1.05903
92	38	1.00096
92	59	0.959799
92	71	0.935364
92	95	0.982213
92	103	0.949945
92	121	0.99519
92	131	1.01493
92	135	0.99422
92	141	1.00224
92	145	0.971576
92	147	1.02905
92	150	0.954519
92	151	0.997254
92	157	1.02268
92	164	1.01562
92	165	0.989313
92	168	1.01397
92	179	1.00394
92	180	1.00323
93	36	1.02388
93	75	0.980644
93	76	1.07146
93	111	1.05976
93	123	1.08498
93	128	1.15869
93	129	0.976766
93	141	0.932863
93	145	1.10477
93	146	1.14558
93	157	0.953299
93	158	0.938831
93	159	0.93023
93	164	0.946242
93	165	0.919931
93	167	1.14336
93	169	0.934306
93	173	0.936662
93	174	0.949268
93	176	0.932567
93	179	0.934556
93	180	0.933844
94	3	1.02306
94	9	0.983866
94	10	1.25482
94	61	0.958337
94	90	0.991341
94	103	0.938143
94	106	0.938563
94	114	1.0777
94	115	0.96608
94	116	0.949273
94	124	0.960008
94	126	0.863982
94	134	0.932925
94	135	0.925998
94	136	0.907067
94	138	0.938925
94	141	1.08962
94	144	1.12899
94	146	0.945461
94	165	1.10272
94	175	1.06589
94	179	1.06705
95	11	1.02594
95	35	1.02756
95	44	0.929862
95	84	1.02729
95	92	0.982213
95	110	1.08672
95	111	0.984292
95	113	0.95407
95	124	1.00456
95	127	0.970042
95	133	0.965449
95	138	1.05248
95	147	0.997576
95	151	0.965781
95	153	1.00196
95	157	0.991208
95	160	1.0895
95	170	0.985025
95	172	1.04419
95	174	0.987177
95	176	0.970477
95	179	0.972466
95	180	0.971753
96	8	1.0276
96	12	0.995604
96	14	1.02638
96	21	0.959441
96	34	1.05577
96	43	0.99928
96	52	0.954617
96	56	0.911101
96	58	0.908484
96	98	1.01656
96	104	0.986006
96	110	0.959056
96	114	1.00654
96	125	0.99353
96	132	1.00965
96	137	1.06862
96	141	1.01372
96	144	1.05309
96	148	0.962305
96	149	1.02057
96	161	1.04733
96	168	1.03331
96	169	1.00621
97	3	0.976899
97	5	0.87594
97	19	0.972346
97	28	0.933678
97	45	1.0735
97	48	1.07069
97	62	0.899467
97	81	0.990289
97	101	1.01472
97	108	0.988149
97	112	1.03098
97	118	1.00327
97	124	0.995908
97	130	1.11976
97	144	0.959062
97	149	0.988865
97	153	0.977343
97	156	1.02946
97	161	1.07707
97	163	1.01939
97	168	0.998992
97	174	0.989063
97	180	1.01908
98	3	0.903775
98	8	1.07524
98	12	1.04325
98	14	1.07403
98	21	1.00709
98	34	1.10342
98	43	1.04693
98	52	1.00226
98	56	0.958748
98	58	0.956131
98	77	1.0348
98	96	1.01656
98	104	1.03365
98	110	1.0067
98	125	1.04118
98	137	1.02524
98	153	0.904218
98	154	0.951812
98	155	1.00128
98	156	0.956334
98	158	0.970554
98	165	0.98344
98	172	0.962413
98	175	0.946605
99	15	1.026
99	55	0.893871
99	56	1.09487
99	59	0.913855
99	82	1.0048
99	91	0.923371
99	104	0.933554
99	116	1.0367
99	118	0.956288
99	119	0.949726
99	122	0.898367
99	134	1.02036
99	138	1.02636
99	165	1.00896
99	168	1.03796
99	169	1.02333
99	171	1.03006
99	172	1.0307
99	174	1.03829
99	175	1.04124
99	176	1.02159
99	177	1.02515
99	178	1.03644
99	180	1.02287
100	25	1.00887
100	37	1.04684
100	42	0.971345
100	70	0.980451
100	87	0.988351
100	107	1.03396
100	118	0.973516
100	120	0.894664
100	128	1.00979
100	130	0.98774
100	155	1.02992
100	159	0.932652
100	162	1.03587
100	165	0.978771
100	166	1.0369
100	167	1.04059
100	171	1.04294
100	172	1.04359
100	173	0.92962
100	175	1.05413
100	176	0.954778
100	177	1.03804
100	178	1.04932
100	180	0.941291
101	5	0.915612
101	7	1.06501
101	19	1.01202
101	20	1.00877
101	42	0.94891
101	45	1.11317
101	48	1.11037
101	62	0.939139
101	74	1.07702
101	81	1.02996
101	97	1.01472
101	108	1.02782
101	112	1.07066
101	118	1.04294
101	125	0.923142
101	137	0.991334
101	149	1.02854
101	161	0.976844
101	168	1.03866
101	169	0.93572
101	170	0.905129
101	177	0.961008
101	178	0.950751
101	179	0.920661
102	22	1.0418
102	66	0.976123
102	78	0.971991
102	84	1.05098
102	91	0.966241
102	128	1.02241
102	133	0.989148
102	136	1.01697
102	143	0.973501
102	151	0.98948
102	152	1.0211
102	154	0.972785
102	157	1.01491
102	158	1.00044
102	164	1.00785
102	165	0.981539
102	167	1.00708
102	171	1.00074
102	172	0.983386
102	173	0.99827
102	174	1.01088
102	176	0.994175
102	177	1.00908
102	179	0.996164
102	180	0.995452
103	9	1.04389
103	20	1.04066
103	22	0.973383
103	44	1.06505
103	52	1.05262
103	57	1.01335
103	64	1.11236
103	88	0.956538
103	92	0.949945
103	94	0.938143
103	106	0.99859
103	114	0.963206
103	115	1.02611
103	116	1.0093
103	124	1.02004
103	134	0.992953
103	135	0.986025
103	136	0.967095
103	138	0.998952
103	149	0.981983
103	161	1.00874
103	168	1.01055
103	171	0.984555
103	176	0.964237
103	180	0.95075
104	8	1.04469
104	12	1.01269
104	14	1.04347
104	21	0.976531
104	27	0.977835
104	32	0.925753
104	33	1.17654
104	34	1.07286
104	43	1.01637
104	52	0.971707
104	56	0.928192
104	58	0.925575
104	96	0.986006
104	98	1.03365
104	99	0.933554
104	110	0.976147
104	114	1.02363
104	125	1.01062
104	145	0.981872
104	146	1.02268
104	159	0.971664
104	161	1.03829
104	167	1.02045
104	174	0.950281
104	179	0.982108
105	1	1.02585
105	18	0.972668
105	39	0.989637
105	66	1.00681
105	74	0.942937
105	82	0.96955
105	83	1.05314
105	91	1.01653
105	117	1.01181
105	119	0.982753
105	122	1.02258
105	125	0.983196
105	127	1.03333
105	129	0.936226
105	131	1.02384
105	139	0.983404
105	142	1.0199
105	146	1.00438
105	149	1.01014
105	158	1.0035
105	161	0.983764
105	167	1.01906
105	170	1.00763
105	176	0.992397
105	178	1.0108
106	9	1.04431
106	22	0.973802
106	57	1.01377
106	61	1.01878
106	88	0.956958
106	90	1.05179
106	94	0.938563
106	103	0.99859
106	115	1.02653
106	116	1.00972
106	124	1.02046
106	134	0.993372
106	135	0.986445
106	136	0.967515
106	138	0.999372
106	140	1.01481
106	148	0.960894
106	161	1.04592
106	165	1.02541
106	173	0.97626
106	174	0.95791
106	175	0.988576
106	177	1.03008
106	178	1.01983
106	180	0.987931
107	23	0.876813
107	28	1.06912
107	36	1.0436
107	100	1.03396
107	112	0.944103
107	121	0.977547
107	135	1.04718
107	140	1.01021
107	143	1.05642
107	144	0.966126
107	152	0.964646
107	153	0.98123
107	160	0.979401
107	162	0.991088
107	166	0.992117
107	167	0.995804
107	168	1.00606
107	170	1.00924
107	171	0.99816
107	172	0.9988
107	175	1.00934
107	176	1.03646
107	177	0.993251
107	178	1.00454
107	180	1.02297
108	5	0.889042
108	10	1.13948
108	19	0.985447
108	26	1.10901
108	28	0.946779
108	31	1.08905
108	45	1.0866
108	48	1.0838
108	62	0.912569
108	67	1.00997
108	81	1.00339
108	97	0.988149
108	101	1.02782
108	114	0.962367
108	118	1.01637
108	137	0.964763
108	144	0.972164
108	147	0.923245
108	149	1.00197
108	156	0.960286
108	158	0.974506
108	161	1.0079
108	168	1.01209
108	175	0.950557
108	177	0.992063
109	35	0.89721
109	79	0.929116
109	86	1.00442
109	113	1.0021
109	123	1.05475
109	131	1.03269
109	134	0.982483
109	137	1.00194
109	145	1.03825
109	147	0.925994
109	150	1.07119
109	154	1.06281
109	157	0.943846
109	159	0.944023
109	160	1.02262
109	163	1.05213
109	164	0.92461
109	167	1.03902
109	170	0.938934
109	171	1.04138
109	172	1.04202
109	175	1.05256
109	176	0.966149
109	177	1.03647
109	178	1.04776
109	179	0.954466
110	8	1.01774
110	12	0.985745
110	14	1.01653
110	21	0.949582
110	23	0.883631
110	27	0.950885
110	34	1.04591
110	43	0.989421
110	51	0.935857
110	52	0.944758
110	56	0.901242
110	58	0.898625
110	74	1.18796
110	77	0.977295
110	95	1.08672
110	96	0.959056
110	98	1.0067
110	104	0.976147
110	114	0.99668
110	125	0.983671
110	144	1.09354
110	148	1.00275
110	156	1.04016
110	167	1.06994
110	168	1.07375
110	175	1.03043
111	4	0.943113
111	15	1.02931
111	16	0.981521
111	23	0.781207
111	32	0.872816
111	60	0.974182
111	87	1.00141
111	93	1.05976
111	95	0.984292
111	123	1.06938
111	133	0.945037
111	150	1.08582
111	151	0.928946
111	155	1.04298
111	159	0.918727
111	160	1.03725
111	162	1.04894
111	165	0.964846
111	166	1.04996
111	167	1.05365
111	171	1.05601
111	172	1.05665
111	175	1.06719
111	176	0.940853
111	177	1.0511
111	178	1.06238
112	15	0.993885
112	28	0.989615
112	46	0.973317
112	52	0.993814
112	55	1.02932
112	62	0.955404
112	65	1.17893
112	86	0.995872
112	97	1.03098
112	101	1.07066
112	107	0.944103
112	116	0.902111
112	118	1.05921
112	120	1.09438
112	128	0.947424
112	143	1.01789
112	145	0.893512
112	156	1.02197
112	160	0.953702
112	162	0.941367
112	173	1.04266
112	174	1.05527
112	175	0.892588
112	177	0.934094
112	179	1.04056
112	180	1.03984
113	14	1.00659
113	20	0.951207
113	69	0.964904
113	88	1.08477
113	89	1.03469
113	95	0.95407
113	109	1.0021
113	117	1.01959
113	151	0.969111
113	154	1.0261
113	156	0.957207
113	158	0.980069
113	159	0.971469
113	162	1.06967
113	164	0.98748
113	165	0.96117
113	168	1.06421
113	169	0.975545
113	172	1.0367
113	173	0.9779
113	174	0.990507
113	175	1.02089
113	176	0.973806
113	177	1.0624
113	179	0.975795
113	180	0.975082
114	1	0.945261
114	9	0.957771
114	52	0.992241
114	56	0.948725
114	61	0.970367
114	82	1.064
114	83	0.933447
114	85	0.926903
114	94	1.0777
114	96	1.00654
114	103	0.963206
114	104	1.02363
114	108	0.962367
114	110	0.99668
114	115	0.985404
114	138	1.00801
114	155	1.01263
114	156	1.00059
114	163	1.03641
114	169	1.01893
114	171	1.02565
114	172	1.02629
114	173	1.02128
114	177	1.02075
114	178	1.03203
114	179	1.01918
114	180	1.01846
115	13	1.05948
115	22	1.00132
115	51	0.879016
115	57	1.04129
115	72	0.967334
115	75	0.944573
115	88	0.984475
115	94	0.96608
115	103	1.02611
115	106	1.02653
115	114	0.985404
115	116	1.03724
115	124	1.04797
115	126	0.951947
115	134	1.02089
115	135	1.01396
115	136	0.995032
115	138	1.02689
115	144	1.0367
115	146	1.03343
115	148	0.945912
115	149	1.00418
115	161	1.03094
115	165	1.01043
115	166	1.02277
115	172	0.989402
115	173	0.961277
116	22	0.984513
116	26	0.878304
116	32	0.92643
116	44	1.07618
116	57	1.02448
116	63	0.965406
116	74	1.13915
116	88	0.967668
116	90	1.0625
116	94	0.949273
116	99	1.0367
116	103	1.0093
116	106	1.00972
116	112	0.902111
116	115	1.03724
116	124	1.03117
116	134	1.00408
116	135	0.997156
116	136	0.978225
116	137	1.06026
116	138	1.01008
116	149	1.01221
116	153	0.939238
116	156	0.991354
116	160	1.04274
116	168	1.02168
116	174	0.950958
117	1	1.04171
117	3	0.927969
117	15	0.993408
117	18	0.988534
117	25	1.04225
117	31	0.938105
117	39	1.0055
117	59	1.02879
117	75	0.941778
117	77	0.985203
117	82	0.985416
117	85	1.06564
117	91	1.03239
117	105	1.01181
117	113	1.01959
117	119	0.998619
117	122	1.03845
117	125	0.97444
117	127	1.0492
117	139	0.99927
117	149	1.00139
117	159	0.961515
117	161	0.999631
117	170	1.02349
117	173	0.958482
117	176	0.983641
117	177	1.01231
118	5	0.904165
118	6	1.05321
118	19	1.00057
118	28	0.961902
118	32	0.948487
118	45	1.10172
118	48	1.09892
118	62	0.927692
118	81	1.01851
118	89	0.914715
118	97	1.00327
118	99	0.956288
118	100	0.973516
118	101	1.04294
118	108	1.01637
118	112	1.05921
118	128	1.05852
118	137	0.979886
118	140	1.02992
118	144	0.987287
118	148	0.976
118	149	1.01709
118	153	0.961295
118	157	0.994222
118	164	0.974985
118	168	1.02722
118	176	1.01652
119	10	1.18605
119	18	0.959472
119	39	0.976441
119	50	0.936535
119	59	0.999726
119	68	0.957205
119	82	0.956354
119	83	1.03995
119	85	1.03658
119	91	1.00333
119	99	0.949726
119	105	0.982753
119	117	0.998619
119	122	1.00939
119	124	0.973299
119	125	1.00076
119	127	1.02013
119	132	0.967668
119	137	1.07575
119	139	0.970208
119	140	1.02335
119	146	0.991182
119	159	0.987837
119	165	1.03396
119	170	0.994433
119	172	1.01293
119	174	0.966454
119	180	0.996476
120	3	1.07219
120	10	0.939196
120	26	1.15931
120	46	0.980778
120	47	1.1256
120	55	1.03678
120	65	1.18639
120	66	0.952081
120	67	1.03748
120	68	1.02335
120	72	0.991234
120	77	1.05362
120	100	0.894664
120	112	1.09438
120	125	0.92847
120	126	0.975847
120	132	1.03381
120	137	1.00346
120	142	0.965177
120	144	0.987934
120	147	0.897517
120	149	0.955417
120	152	0.865859
120	156	1.02943
120	170	1.06058
120	173	0.912513
120	175	0.92483
120	179	0.925989
121	17	1.01313
121	36	1.03197
121	68	0.955387
121	70	1.03516
121	71	1.02455
121	92	0.99519
121	107	0.977547
121	126	1.11252
121	135	1.02021
121	142	0.977004
121	145	0.983403
121	154	1.00796
121	155	0.973507
121	161	0.968751
121	162	0.979462
121	163	0.99729
121	165	1.03348
121	166	0.980491
121	168	0.994429
121	169	1.01286
121	170	0.982268
121	171	0.986533
121	172	0.987173
121	176	1.00948
121	177	0.981624
121	178	0.992911
121	179	0.9978
121	180	0.995996
122	11	0.943322
122	15	1.00418
122	18	0.999302
122	25	1.01722
122	31	0.948873
122	39	1.01627
122	40	0.917564
122	50	0.976365
122	59	1.03956
122	67	1.00517
122	83	1.07978
122	85	1.07641
122	91	1.04316
122	99	0.898367
122	105	1.02258
122	117	1.03845
122	119	1.00939
122	127	1.05996
122	139	1.01004
122	144	1.00887
122	146	1.03101
122	149	0.976349
122	160	1.00688
122	161	1.0104
122	163	0.94542
122	169	0.96198
122	170	1.03426
122	178	0.977011
122	179	0.946921
123	24	0.960609
123	47	0.889376
123	78	1.01203
123	82	1.03332
123	93	1.08498
123	109	1.05475
123	111	1.06938
123	128	0.987362
123	131	1.01183
123	132	0.972891
123	140	1.03257
123	141	0.976961
123	142	1.01099
123	145	1.01739
123	150	1.05033
123	151	0.954164
123	157	0.943769
123	158	0.977178
123	160	1.00176
123	162	1.01345
123	163	1.03128
123	164	0.924533
123	166	1.01448
123	167	1.01817
123	170	0.938857
123	175	1.03171
123	177	1.01561
123	178	1.0269
123	179	0.954389
124	22	0.995248
124	27	0.997237
124	44	1.08692
124	57	1.03522
124	61	1.04023
124	90	1.07323
124	94	0.960008
124	95	1.00456
124	97	0.995908
124	103	1.02004
124	106	1.02046
124	115	1.04797
124	116	1.03117
124	119	0.973299
124	134	1.01482
124	135	1.00789
124	136	0.98896
124	138	1.02082
124	141	0.972012
124	146	1.02735
124	148	0.920598
124	149	0.978868
124	153	0.905893
124	154	0.953487
124	158	0.972229
124	161	1.00562
124	168	1.03242
124	178	0.97953
124	179	0.94944
125	5	1.19145
125	41	1.00686
125	56	0.935716
125	62	1.14088
125	77	1.01177
125	81	0.997921
125	85	0.918733
125	90	0.910903
125	96	0.99353
125	98	1.04118
125	101	0.923142
125	104	1.01062
125	105	0.983196
125	110	0.983671
125	117	0.97444
125	119	1.00076
125	120	0.92847
125	130	0.95744
125	136	1.02514
125	138	0.999839
125	140	1.02469
125	151	0.999483
125	160	0.993886
125	165	0.991542
125	166	1.0066
125	169	1.00592
125	176	1.00418
125	177	1.00774
125	178	1.01902
125	179	1.00617
126	2	0.831315
126	4	1.2929
126	47	0.999598
126	50	1.16188
126	65	1.06039
126	67	0.911484
126	69	0.911129
126	76	1.05559
126	82	1.16807
126	83	1.03752
126	94	0.863982
126	115	0.951947
126	120	0.975847
126	121	1.11252
126	132	0.907813
126	134	0.918792
126	135	0.911864
126	138	0.924791
126	142	1.12833
126	145	1.08891
126	155	1.14265
126	156	0.903431
126	157	0.940762
126	163	1.08764
126	164	0.933704
126	168	0.936392
126	170	0.934578
126	173	0.924124
126	174	0.936731
126	178	1.11923
126	180	0.921307
127	1	1.06323
127	15	1.01492
127	31	0.95962
127	39	1.02702
127	50	0.987112
127	67	0.973172
127	77	0.928166
127	82	1.00693
127	83	1.09052
127	85	1.08715
127	91	1.05391
127	95	0.970042
127	105	1.03333
127	117	1.0492
127	119	1.02013
127	122	1.05996
127	128	0.968597
127	132	1.01824
127	137	0.992392
127	139	1.02078
127	144	0.976866
127	146	1.04176
127	149	0.944349
127	155	0.968434
127	161	1.02115
127	162	0.96254
127	169	0.92998
127	170	1.04501
127	171	0.946921
127	172	0.929569
127	180	0.913117
128	52	1.12816
128	93	1.15869
128	100	1.00979
128	102	1.02241
128	112	0.947424
128	118	1.05852
128	123	0.987362
128	127	0.968597
128	133	1.04396
128	145	0.970857
128	148	1.00405
128	150	1.0038
128	154	0.995418
128	155	0.960961
128	159	1.01765
128	160	0.955228
128	161	0.956204
128	162	0.966915
128	163	0.984743
128	166	0.967944
128	167	0.971631
128	168	0.981882
128	170	1.01257
128	171	0.973986
128	172	0.974627
128	174	0.996271
128	175	0.98517
128	177	0.969077
128	178	0.980364
128	179	1.0281
128	180	1.02629
129	17	1.00306
129	24	1.02
129	28	0.974275
129	38	1.03342
129	48	0.86817
129	51	1.10017
129	66	1.01636
129	72	1.05707
129	74	0.984268
129	80	0.973563
129	83	0.878308
129	93	0.976766
129	105	0.936226
129	143	1.01374
129	145	0.929697
129	147	1.06151
129	151	1.02972
129	152	1.06134
129	153	1.06589
129	155	0.983446
129	158	1.04067
129	160	0.989888
129	163	0.928432
129	164	1.04809
129	172	0.944581
129	173	1.03851
129	176	1.03441
129	177	0.970279
129	178	0.960023
129	179	1.0364
129	180	1.03569
130	3	0.96964
130	37	1.17704
130	38	1.03383
130	41	1.02755
130	55	1.0413
130	63	0.967687
130	71	0.989961
130	76	0.98989
130	89	0.98317
130	97	1.11976
130	100	0.98774
130	125	0.95744
130	131	0.943254
130	140	0.96399
130	142	0.942411
130	143	1.10494
130	150	0.98175
130	154	0.973372
130	155	0.938915
130	160	0.933182
130	162	0.94487
130	166	0.945898
130	167	0.949585
130	169	1.08835
130	170	1.05776
130	171	0.951941
130	173	1.05982
130	174	1.04147
130	175	0.963125
130	177	0.947032
130	178	0.958319
130	179	1.0733
131	26	0.913064
131	30	0.926752
131	58	1.13936
131	60	0.916633
131	66	1.04364
131	73	0.938848
131	76	1.03641
131	80	0.990851
131	89	0.927418
131	92	1.01493
131	105	1.02384
131	109	1.03269
131	123	1.01183
131	130	0.943254
131	134	1.04556
131	140	1.01051
131	145	0.995329
131	154	1.01989
131	155	0.985433
131	157	1.00692
131	161	0.980676
131	163	1.00921
131	164	0.987688
131	165	1.05322
131	167	0.996102
131	171	0.998458
131	172	0.999099
131	173	1.00407
131	175	1.00964
131	176	1.02923
131	177	0.993549
131	178	1.00484
131	179	1.01754
132	50	0.934646
132	55	0.968749
132	59	0.997837
132	65	1.11836
132	67	0.969449
132	76	0.959373
132	87	1.0811
132	91	1.00144
132	96	1.00965
132	119	0.967668
132	120	1.03381
132	123	0.972891
132	126	0.907813
132	127	1.01824
132	135	1.01533
132	139	0.968319
132	148	1.01652
132	150	0.975632
132	153	1.00948
132	155	1.04644
132	161	0.968679
132	162	1.04054
132	164	0.99167
132	168	1.03508
132	170	0.992544
132	172	1.00757
132	173	0.98209
132	174	0.994696
132	175	0.991763
132	176	0.977995
132	177	1.03327
132	178	1.02301
132	179	0.979984
133	1	0.950477
133	32	1.04577
133	48	0.928525
133	50	1.06303
133	60	1.17047
133	64	0.9118
133	76	0.956737
133	79	0.989849
133	84	1.04199
133	95	0.965449
133	102	0.989148
133	111	0.945037
133	128	1.04396
133	138	1.01322
133	142	1.02948
133	143	0.96451
133	144	0.961617
133	147	1.01228
133	151	0.980489
133	152	1.01211
133	153	1.01667
133	154	0.994335
133	155	1.0438
133	164	0.998859
133	165	0.972549
133	169	0.986923
133	171	1.02229
133	173	0.989279
133	174	1.00189
133	176	0.985185
133	177	1.03063
133	179	0.987174
133	180	0.986461
134	3	0.958448
134	9	1.03868
134	22	0.968165
134	57	1.00813
134	61	1.01315
134	67	1.06069
134	69	1.03536
134	72	0.934179
134	88	0.95132
134	90	1.04615
134	94	0.932925
134	99	1.02036
134	103	0.992953
134	106	0.993372
134	109	0.982483
134	115	1.02089
134	116	1.00408
134	124	1.01482
134	126	0.918792
134	131	1.04556
134	135	0.980808
134	136	0.961877
