1	21	1.26441
1	45	1.30411
1	56	1.20997
1	64	1.43699
1	65	1.36997
1	112	0.419857
1	118	0.372057
1	125	0.387803
1	136	0.388085
1	154	0.837673
1	162	1.48081
1	175	1.53376
2	42	0.506323
2	78	1.33689
2	88	0.451196
2	106	1.45286
2	107	1.34304
2	117	1.40522
2	137	1.35329
2	138	0.518714
2	139	1.32194
2	171	1.38675
2	175	0.424866
2	178	0.502232
3	45	1.28237
3	46	1.39487
3	47	0.517739
3	56	1.18822
3	64	1.41524
3	65	1.34822
3	119	0.460518
3	162	1.45906
3	171	0.461058
3	173	0.484696
3	175	1.51201
3	176	0.474553
4	18	1.39484
4	35	1.4541
4	50	1.54322
4	70	1.37837
4	81	1.45109
4	88	0.708268
4	95	0.242802
4	127	0.262046
4	132	0.758678
4	165	1.57838
4	172	0.231175
5	32	0.632452
5	36	0.592491
5	156	0.577381
5	163	1.19949
5	164	1.1898
5	169	1.19023
5	172	1.21245
5	174	1.22012
5	176	1.20638
5	177	1.18089
5	178	1.20062
5	179	0.592324
6	13	1.25909
6	16	1.3727
6	20	1.3479
6	22	1.38818
6	29	1.48883
6	63	1.37584
6	84	0.426594
6	92	1.36747
6	132	0.375882
6	147	0.357279
6	154	0.85033
6	177	0.396319
7	12	1.23246
7	78	0.477188
7	108	0.480268
7	159	0.476917
7	161	0.472784
7	165	1.49739
7	167	1.38448
7	168	0.48698
7	169	1.36712
7	176	1.38327
7	177	1.35778
7	178	1.3775
8	9	1.21501
8	35	1.16424
8	50	1.25335
8	70	1.0885
8	72	1.22634
8	81	1.16123
8	97	0.578354
8	118	0.598507
8	123	1.20281
8	145	0.620282
8	165	1.28851
8	176	0.608186
9	8	1.21501
9	35	1.37313
9	48	0.540392
9	70	1.2974
9	72	1.43523
9	81	1.37012
9	88	0.450046
9	123	1.4117
9	126	0.503115
9	128	0.479946
9	154	0.430083
9	165	1.49741
10	23	1.31808
10	39	1.35429
10	52	1.46734
10	74	1.28297
10	85	1.31317
10	89	1.4465
10	150	0.500245
10	154	0.438055
10	155	1.41766
10	161	0.506201
10	165	0.453877
10	174	0.505393
11	82	0.452198
11	118	0.487986
11	123	0.481953
11	127	1.34095
11	150	0.487851
11	152	1.33151
11	161	1.35074
11	167	0.497642
11	173	1.33545
11	175	1.52607
11	179	1.35574
11	180	1.35954
12	7	1.23246
12	52	0.568888
12	54	0.597304
12	91	1.19115
12	100	0.615426
12	140	0.614625
12	159	1.19161
12	170	1.19952
12	176	1.19185
12	178	1.18609
12	179	1.20176
12	180	1.20556
13	6	1.25909
13	14	1.07882
13	20	1.16186
13	22	1.20215
13	29	1.3028
13	36	1.22405
13	63	1.1898
13	92	1.18143
13	126	0.600814
13	145	0.611881
13	150	0.589972
13	167	0.599762
14	13	1.07882
14	16	1.19243
14	22	1.20791
14	29	1.30857
14	36	1.22982
14	63	1.19557
14	80	1.19969
14	92	1.1872
14	106	0.5594
14	158	0.615215
14	163	0.613524
14	164	0.614287
15	39	1.34655
15	57	1.38829
15	71	0.436905
15	74	1.27522
15	76	0.371833
15	85	1.30543
15	89	1.43876
15	93	1.43584
15	147	0.353283
15	154	0.86617
15	155	1.40992
15	179	0.377088
16	6	1.3727
16	14	1.19243
16	20	1.27547
16	22	1.31575
16	36	1.33766
16	63	1.30341
16	80	1.30753
16	92	1.29504
16	122	0.532366
16	145	0.560766
16	162	0.493226
16	175	0.4703
16	178	0.547666
17	25	0.518296
17	113	1.30191
17	129	0.527663
17	130	0.535446
17	133	0.524812
17	153	1.2992
17	159	1.29068
17	161	1.29583
17	168	1.28676
17	171	1.32016
17	178	0.501959
17	179	1.30083
17	180	1.30463
18	4	1.39484
18	50	1.35221
18	70	1.18736
18	72	1.3252
18	75	1.19124
18	81	1.26009
18	120	0.527254
18	123	1.30167
18	138	0.547568
18	154	0.460086
18	165	1.38737
18	166	0.537567
18	178	0.531086
19	22	0.545268
19	55	0.511456
19	61	0.483048
19	113	0.521127
19	122	1.33084
19	126	0.53108
19	150	1.32391
19	158	1.27837
19	169	1.28159
19	172	1.30381
19	174	1.31148
19	176	1.29774
19	177	1.27225
20	6	1.3479
20	13	1.16186
20	16	1.27547
20	22	1.29095
20	29	1.39161
20	30	1.34074
20	36	1.31286
20	63	1.27861
20	98	0.504666
20	132	0.516208
20	145	0.529934
20	169	0.533685
20	170	0.519313
21	1	1.26441
21	33	1.28733
21	46	1.31664
21	56	1.10999
21	64	1.33701
21	65	1.26999
21	102	0.523526
21	116	0.522107
21	128	0.487359
21	143	0.543928
21	162	1.38083
21	175	1.43379
21	177	0.528306
22	6	1.38818
22	13	1.20215
22	14	1.20791
22	16	1.31575
22	19	0.545268
22	20	1.29095
22	36	1.35315
22	63	1.31889
22	80	1.32302
22	121	0.500934
22	131	0.519753
22	142	0.518779
22	164	0.518348
23	10	1.31808
23	39	1.26947
23	52	1.38252
23	54	1.3089
23	58	0.586864
23	74	1.19815
23	85	1.22835
23	89	1.36168
23	153	0.498566
23	155	1.33284
23	163	0.508237
23	168	0.510432
23	180	0.494831
24	47	0.54818
24	70	0.568278
24	83	0.540554
24	136	1.29927
24	144	1.309
24	145	1.26816
24	149	0.509005
24	163	1.30084
24	169	1.29158
24	174	1.32147
24	175	0.426625
24	176	1.30773
24	178	1.30196
25	17	0.518296
25	68	0.563885
25	106	0.463578
25	135	0.534918
25	143	1.26895
25	163	1.30316
25	167	1.31127
25	169	1.29391
25	174	1.3238
25	176	1.31006
25	177	1.28457
25	178	1.30429
25	179	0.513131
26	42	0.534023
26	49	0.520123
26	76	0.529252
26	87	1.32301
26	107	1.29479
26	112	1.25462
26	124	1.29895
26	128	0.508795
26	137	1.30504
26	139	1.27369
26	140	1.31142
26	155	0.515675
26	171	1.33849
27	87	1.30876
27	106	1.39036
27	108	1.28889
27	112	1.24037
27	132	0.532049
27	137	1.29078
27	139	1.25943
27	140	1.29717
27	145	0.545774
27	159	0.533955
27	167	0.533656
27	171	1.32424
27	175	0.455309
28	60	1.22263
28	76	0.556887
28	104	1.23927
28	125	0.564637
28	127	1.23876
28	133	0.58042
28	142	0.567908
28	147	0.538337
28	156	1.26713
28	161	1.24856
28	168	1.23948
28	173	1.23327
28	179	1.25356
28	180	1.25736
29	6	1.48883
29	13	1.3028
29	14	1.30857
29	20	1.39161
29	36	1.4538
29	63	1.41955
29	80	1.42367
29	92	1.41118
29	132	0.455431
29	143	0.491489
29	151	0.469844
29	157	0.462739
29	164	0.465967
29	179	0.460633
30	20	1.34074
30	36	1.40293
30	42	0.483521
30	56	1.24318
30	63	1.36868
30	65	1.40318
30	88	0.428393
30	92	1.36031
30	113	0.471509
30	141	0.454767
30	162	1.51402
30	171	0.466939
30	173	0.490576
30	175	1.56697
31	95	0.498541
31	96	1.35037
31	110	1.35664
31	159	1.40995
31	161	1.41511
31	162	0.428374
31	163	0.491961
31	165	0.427636
31	168	1.40604
31	170	1.41787
31	174	0.479152
31	178	0.482814
31	179	1.42011
31	180	1.42391
32	5	0.632452
32	116	0.550534
32	134	1.24051
32	135	1.18811
32	146	1.25416
32	153	1.22822
32	157	0.543605
32	167	0.537903
32	168	1.21578
32	172	0.541022
32	173	1.20956
32	175	1.40018
32	179	1.22985
32	180	1.23365
33	21	1.28733
33	45	1.32704
33	46	1.43953
33	56	1.23289
33	64	1.45991
33	65	1.39289
33	128	0.440745
33	129	0.487586
33	145	0.474981
33	160	0.466572
33	162	1.50373
33	164	0.471792
33	170	0.46436
33	175	1.55668
34	83	1.35653
34	95	0.466439
34	107	1.39686
34	112	1.35669
34	117	1.45905
34	124	1.40103
34	139	1.37576
34	140	1.41349
34	143	0.486144
34	145	0.463811
34	151	0.464499
34	166	0.457193
34	171	1.44057
34	177	0.470522
35	4	1.4541
35	8	1.16424
35	9	1.37313
35	70	1.24663
35	72	1.38446
35	75	1.25051
35	81	1.31936
35	115	0.521057
35	123	1.36093
35	133	0.525589
35	160	0.507426
35	162	0.448296
35	165	1.44664
35	176	0.503739
35	178	0.502736
36	5	0.592491
36	13	1.22405
36	14	1.22982
36	16	1.33766
36	20	1.31286
36	22	1.35315
36	29	1.4538
36	30	1.40293
36	63	1.3408
36	80	1.34493
36	103	0.5033
36	118	0.488286
36	153	0.496437
36	154	0.425961
36	176	0.497964
37	70	0.549569
37	78	1.31377
37	87	1.34814
37	100	1.36493
37	107	1.31992
37	124	1.32408
37	137	1.33017
37	139	1.29882
37	140	1.33655
37	145	0.498381
37	152	0.503392
37	171	1.36362
37	174	0.48162
37	176	0.486285
37	180	0.481023
38	94	0.492725
38	126	1.34147
38	127	1.32698
38	130	0.525566
38	135	1.30004
38	153	1.34014
38	157	0.498761
38	161	1.33678
38	164	0.501988
38	168	1.3277
38	170	1.33954
38	172	0.496178
38	176	0.493081
38	179	1.34178
38	180	1.34558
39	10	1.35429
39	15	1.34655
39	23	1.26947
39	52	1.41873
39	54	1.3451
39	74	1.23436
39	85	1.26456
39	89	1.39789
39	96	0.536889
39	103	0.502225
39	115	0.514208
39	144	0.498926
39	155	1.36905
39	162	0.441446
39	169	0.512737
40	128	0.473711
40	134	1.35193
40	143	0.53028
40	148	1.28723
40	149	1.32002
40	153	1.33964
40	156	1.35484
40	163	0.503994
40	170	1.33903
40	173	1.32098
40	174	0.491185
40	177	0.514658
40	178	0.494847
40	179	1.34127
40	180	1.34507
41	113	1.3353
41	146	1.35852
41	151	0.50494
41	152	1.30998
41	156	1.34779
41	159	1.32406
41	163	0.5003
41	167	0.492133
41	168	1.32014
41	169	0.508003
41	170	1.33197
41	176	0.492156
41	177	0.510963
41	179	1.33422
41	180	1.33801
42	2	0.506323
42	26	0.534023
42	30	0.483521
42	95	1.37263
42	136	1.3227
42	140	0.481655
42	147	1.35947
42	151	1.30088
42	159	0.497589
42	161	0.493456
42	172	1.33723
42	174	1.3449
42	176	1.33115
42	177	1.30566
42	178	1.32539
43	47	1.27381
43	92	1.31121
43	121	0.502598
43	136	0.517453
43	151	0.523888
43	153	1.34591
43	155	0.495844
43	161	1.34255
43	165	0.454923
43	168	1.33348
43	171	1.36688
43	172	0.514201
43	173	1.32726
43	179	1.34755
43	180	1.35135
44	109	0.510618
44	146	1.34502
44	149	1.29946
44	152	1.29648
44	161	1.31571
44	167	0.497069
44	168	1.30664
44	169	0.512939
44	173	1.30042
44	174	0.492427
44	175	1.49104
44	176	0.497091
44	178	0.496088
44	179	1.32071
44	180	1.32451
45	1	1.30411
45	3	1.28237
45	33	1.32704
45	46	1.35634
45	56	1.1497
45	64	1.37672
45	65	1.3097
45	78	0.523358
45	88	0.470771
45	97	0.49298
45	125	0.528878
45	138	0.53829
45	154	0.450808
45	162	1.42054
45	175	1.47349
46	3	1.39487
46	21	1.31664
46	33	1.43953
46	45	1.35634
46	56	1.26219
46	64	1.48921
46	65	1.42219
46	67	0.450159
46	162	1.53303
46	167	0.458851
46	171	0.445379
46	172	0.46197
46	173	0.469017
46	174	0.454209
46	175	1.58599
46	179	0.462446
47	3	0.517739
47	24	0.54818
47	43	1.27381
47	126	1.28844
47	136	0.54376
47	152	1.26451
47	155	0.522151
47	159	1.27859
47	160	0.541097
47	161	1.28374
47	168	1.27467
47	170	1.2865
47	173	1.26845
47	174	0.532746
47	179	1.28874
47	180	1.29254
48	9	0.540392
48	69	0.501094
48	138	1.24718
48	148	0.562636
48	150	1.30576
48	155	1.32446
48	163	1.27269
48	168	0.54287
48	169	1.26343
48	171	0.519036
48	172	1.28566
48	174	1.29333
48	176	1.27958
48	177	1.25409
48	178	1.27382
48	180	0.527269
49	26	0.520123
49	54	1.34833
49	85	1.26778
49	86	0.517355
49	89	1.40111
49	97	1.37274
49	127	0.517381
49	129	1.29405
49	141	0.457747
49	155	1.37227
49	157	1.31534
49	166	1.29977
49	167	1.32861
49	173	0.493556
49	179	0.486985
50	4	1.54322
50	8	1.25335
50	18	1.35221
50	51	0.438774
50	70	1.33574
50	72	1.47358
50	73	1.44763
50	81	1.40847
50	123	1.45005
50	144	0.477585
50	145	0.487645
50	146	0.464326
50	154	0.403546
50	155	0.460289
50	165	1.53575
50	178	0.474545
51	50	0.438774
51	69	0.426013
51	111	0.483527
51	116	1.40974
51	118	1.45297
51	142	1.40339
51	143	1.39313
51	148	0.487556
51	153	0.455923
51	156	0.44608
51	160	1.43598
51	161	0.453594
51	166	1.40662
51	167	1.43545
51	176	1.43424
51	178	1.42847
52	10	1.46734
52	12	0.568888
52	23	1.38252
52	39	1.41873
52	53	0.398575
52	54	1.45815
52	74	1.34741
52	75	1.35521
52	85	1.37761
52	89	1.51094
52	116	0.445438
52	138	0.448309
52	143	0.467259
52	152	0.449937
52	155	1.4821
52	174	0.428165
53	52	0.398575
53	87	0.47543
53	92	0.470033
53	94	1.41227
53	109	0.473496
53	120	0.455136
53	146	0.448747
53	151	1.40388
53	166	1.40653
53	168	0.470309
53	169	1.418
53	172	1.44022
53	174	1.44789
53	176	1.43415
53	177	1.40866
53	178	1.42839
54	12	0.597304
54	23	1.3089
54	39	1.3451
54	49	1.34833
54	52	1.45815
54	74	1.27378
54	75	1.28159
54	85	1.30398
54	89	1.43731
54	93	1.43439
54	110	0.492067
54	116	0.473855
54	144	0.463283
54	155	1.40847
54	156	0.449876
54	160	0.464933
54	176	0.461246
55	19	0.511456
55	69	1.39491
55	86	1.31021
55	135	1.34047
55	143	0.510059
55	148	1.32816
55	149	1.36095
55	152	1.35798
55	155	0.460369
55	161	1.37721
55	166	0.481107
55	167	0.475606
55	169	0.491476
55	172	0.478726
55	173	1.36192
55	179	1.38221
55	180	1.38601
56	1	1.20997
56	3	1.18822
56	21	1.10999
56	30	1.24318
56	33	1.23289
56	45	1.1497
56	46	1.26219
56	57	0.572093
56	64	1.28257
56	65	1.21555
56	133	0.593762
56	154	0.499909
56	157	0.577591
56	162	1.32639
56	166	0.57739
56	173	0.582055
56	175	1.37934
57	15	1.38829
57	56	0.572093
57	74	1.2761
57	85	1.3063
57	89	1.43963
57	97	0.464574
57	110	1.31235
57	152	1.35159
57	155	1.41079
57	162	0.438962
57	163	0.50255
57	165	0.438224
57	168	1.36175
57	170	1.37358
57	172	0.497502
57	176	0.494406
57	180	1.37962
58	23	0.586864
58	69	0.549559
58	72	0.556531
58	94	1.22389
58	117	0.555765
58	138	1.21337
58	145	1.20621
58	155	1.29066
58	156	0.569625
58	158	1.22641
58	160	1.24751
58	163	1.23889
58	167	1.24699
58	176	1.24578
58	177	1.22029
58	178	1.24001
58	180	0.575735
59	102	1.2663
59	112	0.546779
59	126	1.28843
59	128	0.486518
59	141	1.35255
59	151	0.521441
59	153	1.2871
59	156	1.30231
59	164	0.517564
59	169	0.524505
59	170	1.28649
59	171	1.30806
59	173	1.26844
59	174	0.503992
59	175	1.45906
59	178	0.507654
59	179	1.28873
59	180	1.29253
60	28	1.22263
60	67	0.494387
60	95	0.517826
60	102	1.30912
60	126	1.33124
60	132	1.30638
60	135	1.28981
60	143	0.537531
60	146	1.35586
60	148	1.27751
60	158	0.512937
60	160	0.506789
60	169	0.518949
60	170	1.32931
60	173	1.31126
60	177	0.521909
60	179	1.33155
60	180	1.33535
61	19	0.483048
61	111	1.36821
61	148	1.38496
61	150	0.437408
61	153	1.43737
61	158	0.457056
61	159	1.42885
61	161	1.434
61	162	0.391778
61	163	0.455365
61	164	0.456128
61	169	0.463068
61	170	1.43676
61	173	1.41871
61	175	1.60933
61	177	0.466029
61	179	1.439
61	180	1.4428
62	66	0.567863
62	73	0.489325
62	83	1.25688
62	96	0.554333
62	104	0.517248
62	117	1.35939
62	120	0.509499
62	137	1.30746
62	139	1.27611
62	140	1.31384
62	159	0.51461
62	160	1.31341
62	163	1.30478
62	166	1.28406
62	171	1.34092
62	172	1.31775
62	174	1.32542
62	175	0.435964
63	6	1.37584
63	13	1.1898
63	14	1.19557
63	16	1.30341
63	20	1.27861
63	22	1.31889
63	29	1.41955
63	30	1.36868
63	36	1.3408
63	80	1.31067
63	92	1.29818
63	105	0.514804
63	142	0.526222
63	151	0.529668
63	157	0.522564
63	162	0.461441
63	172	0.519981
63	177	0.535692
64	1	1.43699
64	3	1.41524
64	21	1.33701
64	33	1.45991
64	45	1.37672
64	46	1.48921
64	56	1.28257
64	65	1.44257
64	82	0.421926
64	88	0.415353
64	94	0.467036
64	146	0.45617
64	150	0.45758
64	155	0.452133
64	162	1.55341
64	175	1.60636
64	179	0.470965
64	180	0.462131
65	1	1.36997
65	3	1.34822
65	21	1.26999
65	30	1.40318
65	33	1.39289
65	45	1.3097
65	46	1.42219
65	56	1.21555
65	64	1.44257
65	102	0.494855
65	123	0.465116
65	154	0.408825
65	162	1.48639
65	163	0.488972
65	170	0.482303
65	175	1.53934
65	177	0.499635
65	178	0.479824
65	179	0.4844
66	62	0.567863
66	120	1.27245
66	126	1.25513
66	144	0.549791
66	149	1.23418
66	153	1.2538
66	156	1.26901
66	159	1.24528
66	162	0.492311
66	166	0.553233
66	167	0.547732
66	168	1.24136
66	170	1.2532
66	172	0.550851
66	173	1.23515
66	175	1.42576
66	178	0.546751
66	179	1.25544
66	180	1.25924
67	46	0.450159
67	60	0.494387
67	80	0.501917
67	94	1.367
67	119	1.41796
67	128	1.43082
67	133	1.33937
67	149	0.489522
67	151	1.35861
67	157	1.37683
67	161	0.481654
67	164	1.3723
67	166	1.36127
67	167	1.3901
67	170	0.486986
67	174	1.40262
67	175	0.407141
67	178	1.38312
67	180	0.480249
68	25	0.563885
68	82	0.503085
68	115	0.56587
68	120	1.2776
68	130	0.581035
68	134	1.27124
68	135	1.21885
68	149	1.23933
68	152	1.23636
68	161	1.25559
68	165	0.49237
68	166	0.55403
68	167	0.548529
68	168	1.24651
68	170	1.25834
68	173	1.2403
68	175	1.43091
68	179	1.26059
68	180	1.26439
69	48	0.501094
69	51	0.426013
69	55	1.39491
69	58	0.549559
69	90	1.34201
69	102	1.35275
69	122	0.446484
69	124	0.480055
69	152	1.35095
69	153	1.37354
69	158	0.472622
69	161	1.37018
69	167	0.462765
69	168	1.36111
69	172	0.465884
69	173	1.35489
69	175	1.54551
69	179	1.37518
69	180	1.37898
70	4	1.37837
70	8	1.0885
70	9	1.2974
70	18	1.18736
70	24	0.568278
70	35	1.24663
70	37	0.549569
70	50	1.33574
70	72	1.30873
70	73	1.28278
70	75	1.17477
70	81	1.24362
70	88	0.505469
70	94	0.557152
70	116	0.570117
70	123	1.2852
70	145	0.569605
70	154	0.485506
70	165	1.3709
71	15	0.436905
71	79	0.56078
71	99	0.544668
71	134	0.545359
71	135	0.582974
71	138	1.25205
71	143	1.24335
71	145	1.24489
71	154	1.2757
71	157	1.27241
71	158	1.26509
71	160	1.28619
71	166	1.25684
71	167	1.28567
71	169	1.26831
71	172	1.29053
71	173	0.567758
71	177	1.25897
71	180	0.552353
72	8	1.22634
72	9	1.43523
72	18	1.3252
72	35	1.38446
72	50	1.47358
72	58	0.556531
72	70	1.30873
72	73	1.42062
72	75	1.31261
72	81	1.38146
72	123	1.42304
72	162	0.414316
72	165	1.50874
72	167	0.469737
72	172	0.472856
72	174	0.465095
72	177	0.488567
72	179	0.473332
72	180	0.464498
73	50	1.44763
73	62	0.489325
73	70	1.28278
73	72	1.42062
73	81	1.35551
73	115	0.486535
73	128	0.447077
73	133	0.491067
73	149	1.35732
73	152	1.35434
73	161	1.37357
73	163	0.477361
73	165	1.48279
73	168	1.3645
73	169	0.485064
73	174	0.464552
73	176	0.469216
73	179	1.37857
73	180	1.38237
74	10	1.28297
74	15	1.27522
74	23	1.19815
74	39	1.23436
74	52	1.34741
74	54	1.27378
74	57	1.2761
74	75	1.17084
74	85	1.19324
74	88	0.489873
74	89	1.32657
74	93	1.32365
74	109	0.555439
74	133	0.563763
74	136	0.548262
74	155	1.29773
74	166	0.547391
74	176	0.541913
74	177	0.56072
75	18	1.19124
75	35	1.25051
75	52	1.35521
75	54	1.28159
75	70	1.17477
75	72	1.31261
75	74	1.17084
75	81	1.2475
75	85	1.20104
75	89	1.33438
75	90	0.548008
75	121	0.531771
75	155	1.30553
75	157	0.545957
75	158	0.550112
75	165	1.37478
75	173	0.550421
75	176	0.540277
75	180	0.535016
76	15	0.371833
76	26	0.529252
76	28	0.556887
76	79	0.495708
76	103	1.33243
76	110	0.523363
76	129	1.31386
76	144	1.34847
76	148	0.522648
76	149	0.496553
76	151	1.31693
76	157	1.33515
76	158	1.32784
76	164	1.33063
76	169	1.33106
76	172	1.35328
76	176	1.3472
76	177	1.32171
76	178	1.34144
76	179	0.496115
77	110	0.531628
77	131	0.511118
77	134	0.488551
77	147	1.36815
77	148	0.530913
77	149	0.504818
77	157	1.32778
77	158	1.32047
77	160	1.34157
77	164	1.32326
77	166	1.31222
77	167	1.34105
77	168	0.511146
77	169	1.32369
77	171	0.487312
77	174	1.35358
77	175	0.422438
77	176	1.33983
77	177	1.31434
77	178	1.33407
78	2	1.33689
78	7	0.477188
78	37	1.31377
78	45	0.523358
78	95	0.509496
78	99	1.34454
78	106	1.41741
78	108	1.31594
78	109	1.31013
78	117	1.36976
78	124	1.31175
78	128	0.472632
78	132	0.493142
78	137	1.31783
78	139	1.28648
78	140	1.32421
78	152	0.511879
78	158	0.504606
78	171	1.35129
78	177	0.513579
79	71	0.56078
79	76	0.495708
79	101	1.34671
79	118	0.487712
79	122	0.481087
79	127	1.30774
79	130	0.529875
79	144	0.499427
79	152	1.2983
79	153	1.3209
79	156	1.33611
79	161	1.31753
79	165	0.441209
79	168	1.30846
79	169	0.513238
79	170	1.32029
79	173	1.30224
79	175	1.49286
79	179	1.32253
79	180	1.32633
80	14	1.19969
80	16	1.30753
80	22	1.32302
80	29	1.42367
80	36	1.34493
80	63	1.31067
80	67	0.501917
80	105	0.508551
80	123	0.49492
80	141	1.40245
80	151	0.523415
80	156	1.35221
80	162	0.455188
80	170	1.3364
80	173	1.31835
80	174	0.505966
80	176	0.510631
80	178	0.509628
80	179	1.33864
80	180	1.34244
81	4	1.45109
81	8	1.16123
81	9	1.37012
81	18	1.26009
81	35	1.31936
81	50	1.40847
81	70	1.24362
81	72	1.38146
81	73	1.35551
81	75	1.2475
81	123	1.35793
81	130	0.538433
81	132	0.50432
81	153	0.504422
81	154	0.433946
81	160	0.509636
81	165	1.44363
81	171	0.492454
81	173	0.516092
81	180	0.500687
82	11	0.452198
82	64	0.421926
82	68	0.503085
82	117	0.423527
82	136	1.43985
82	141	0.423092
82	147	1.47662
82	150	1.47448
82	155	1.49319
82	156	0.437388
82	157	1.43626
82	167	1.44952
82	171	0.435264
82	172	1.45438
82	174	1.46205
82	176	1.44831
82	177	1.42282
82	178	1.44254
82	179	0.452331
82	180	0.443497
83	24	0.540554
83	34	1.35653
83	62	1.25688
83	100	1.31841
83	106	1.38322
83	107	1.2734
83	108	1.28176
83	109	1.27594
83	112	1.23323
83	119	0.51575
83	124	1.27756
83	129	0.554486
83	132	0.528155
83	137	1.28364
83	139	1.2523
83	140	1.29003
83	154	0.457782
83	166	0.535263
83	171	1.3171
83	177	0.548592
83	178	0.528781
84	6	0.426594
84	129	1.26356
84	139	0.561372
84	141	0.517641
84	142	1.26606
84	143	1.25579
84	144	1.29817
84	146	0.532084
84	156	0.531937
84	157	1.28485
84	158	1.27754
84	162	1.42419
84	166	1.26929
84	167	1.29812
84	170	0.544783
84	171	0.529813
84	172	1.30298
84	176	1.2969
84	177	1.27141
84	178	1.29114
84	179	0.54688
85	10	1.31317
85	15	1.30543
85	23	1.22835
85	39	1.26456
85	49	1.26778
85	52	1.37761
85	54	1.30398
85	57	1.3063
85	74	1.19324
85	75	1.20104
85	89	1.35677
85	93	1.35385
85	98	0.523579
85	119	0.522716
85	145	0.548847
85	147	0.516518
85	149	0.540762
85	155	1.32793
85	165	0.480569
85	174	0.532086
85	179	0.540323
86	49	0.517355
86	55	1.31021
86	96	1.22074
86	114	1.28057
86	119	0.514132
86	126	1.29017
86	129	0.552867
86	135	1.24874
86	137	0.533136
86	142	0.537504
86	153	1.28884
86	159	1.28032
86	164	0.537073
86	165	0.471985
86	168	1.27641
86	169	0.544014
86	170	1.28824
86	173	1.27019
86	175	1.46081
86	179	1.29048
86	180	1.29428
87	26	1.32301
87	27	1.30876
87	37	1.34814
87	53	0.47543
87	94	0.509328
87	99	1.37891
87	106	1.45177
87	109	1.34449
87	112	1.30178
87	117	1.40413
87	122	0.493381
87	131	1.32174
87	137	1.3522
87	139	1.32085
87	140	1.35858
87	147	0.489452
87	165	0.453503
87	166	0.515163
87	171	1.38565
87	172	0.512781
87	175	0.431315
87	177	0.528492
88	2	0.451196
88	4	0.708268
88	9	0.450046
88	30	0.428393
88	45	0.470771
88	64	0.415353
88	70	0.505469
88	74	0.489873
88	112	0.480307
88	127	1.35824
88	135	1.3313
88	138	1.33073
88	152	1.34881
88	157	1.35108
88	160	1.36486
88	164	1.34655
88	170	1.3708
88	173	1.35275
88	177	1.33764
88	178	1.35736
88	179	1.37304
88	180	1.37684
89	10	1.4465
89	15	1.43876
89	23	1.36168
89	39	1.39789
89	49	1.40111
89	52	1.51094
89	54	1.43731
89	57	1.43963
89	74	1.32657
89	75	1.33438
89	85	1.35677
89	93	1.48718
89	145	0.480663
89	148	0.498672
89	154	0.396564
89	155	1.46126
89	157	0.474246
89	159	0.468843
89	160	0.472253
89	161	0.46471
89	165	0.412385
89	176	0.468567
89	178	0.467563
90	69	1.34201
90	75	0.548008
90	102	1.30687
90	125	0.508022
90	126	1.329
90	132	1.30414
90	145	1.27983
90	148	1.27526
90	152	1.30508
90	153	1.32767
90	155	0.486695
90	157	0.507634
90	159	1.31915
90	161	1.32431
90	163	0.510099
90	166	0.507433
90	168	1.31524
90	169	0.517802
90	172	0.505052
90	173	1.30902
90	177	0.520762
90	179	1.32931
90	180	1.33311
91	12	1.19115
91	108	0.515772
91	114	0.510599
91	118	1.36068
91	130	1.27635
91	131	0.522456
91	133	1.29244
91	140	0.496488
91	143	1.30085
91	146	0.500922
91	157	1.3299
91	158	1.32259
91	160	1.34369
91	161	0.508288
91	164	1.32538
91	166	1.31434
91	170	0.513621
91	171	0.49865
91	172	1.34803
91	173	0.522288
91	176	1.34195
91	177	1.31646
91	178	1.33619
92	6	1.36747
92	13	1.18143
92	14	1.1872
92	16	1.29504
92	29	1.41118
92	30	1.36031
92	43	1.31121
92	53	0.470033
92	63	1.29818
92	115	0.521606
92	116	0.516896
92	129	0.528988
92	142	0.513626
92	146	1.35045
92	160	0.507974
92	166	0.509766
92	168	1.31207
92	169	0.520135
92	170	1.3239
92	171	1.34547
92	177	0.523095
92	179	1.32614
92	180	1.32994
93	15	1.43584
93	54	1.43439
93	74	1.32365
93	85	1.35385
93	89	1.48718
93	97	0.44108
93	98	0.457741
93	99	0.457965
93	116	0.48352
93	145	1.37389
93	146	1.44768
93	147	0.450679
93	155	1.45834
93	158	0.480747
93	159	1.41321
93	161	1.41837
93	162	0.415469
93	169	0.486759
93	173	1.40308
93	174	0.466247
93	176	0.470912
93	179	1.42337
93	180	1.42717
94	38	0.492725
94	53	1.41227
94	58	1.22389
94	64	0.467036
94	67	1.367
94	70	0.557152
94	87	0.509328
94	96	0.533868
94	116	1.29627
94	124	0.511135
94	129	1.28743
94	142	1.28993
94	148	0.523974
94	159	0.494145
94	164	1.30419
94	167	1.32199
94	169	1.30462
94	172	1.32684
94	173	0.504011
94	174	1.33451
94	176	1.32077
94	177	1.29528
94	178	1.315
95	4	0.242802
95	31	0.498541
95	34	0.466439
95	42	1.37263
95	60	0.517826
95	78	0.509496
95	105	1.37528
95	124	0.526216
95	125	1.36705
95	132	1.36888
95	136	1.37568
95	143	1.34302
95	146	0.497726
95	151	1.35386
95	161	0.505092
95	163	1.37724
95	164	1.36755
95	168	0.519288
95	169	1.36798
95	170	0.510424
95	172	1.3902
95	174	1.39787
95	176	1.38413
95	177	1.35864
96	31	1.35037
96	39	0.536889
96	62	0.554333
96	86	1.22074
96	94	0.533868
96	101	1.31692
96	110	1.22927
96	119	0.52019
96	134	1.3034
96	135	1.251
96	145	1.24326
96	146	1.31705
96	147	0.513992
96	148	1.2387
96	156	1.30631
96	158	0.544059
96	159	1.28258
96	168	1.27867
96	172	0.537321
96	173	1.27245
96	176	0.534225
96	178	0.533221
96	179	1.29274
96	180	1.29654
97	8	0.578354
97	45	0.49298
97	49	1.37274
97	57	0.464574
97	93	0.44108
97	102	0.478421
97	120	0.459559
97	124	0.48166
97	129	1.35466
97	130	1.3224
97	133	1.33849
97	144	1.38927
97	147	1.41632
97	151	1.35773
97	153	0.462866
97	157	1.37595
97	158	1.36864
97	164	1.37143
97	166	1.36039
97	170	0.465869
97	174	1.40175
97	176	1.388
97	178	1.38224
97	179	0.467966
98	20	0.504666
98	85	0.523579
98	93	0.457741
98	124	0.49832
98	130	1.31895
98	138	1.35215
98	143	1.34344
98	146	0.46983
98	147	1.41287
98	157	1.3725
98	163	1.37766
98	166	1.35694
98	167	1.38577
98	168	0.491393
98	169	1.3684
98	171	0.467559
98	172	1.39062
98	173	0.491197
98	174	1.39829
98	175	0.402684
98	176	1.38455
98	177	1.35906
98	178	1.37879
98	179	0.484626
99	71	0.544668
99	78	1.34454
99	87	1.37891
99	93	0.457965
99	100	1.3957
99	106	1.46051
99	107	1.35069
99	108	1.35905
99	109	1.35323
99	112	1.31052
99	124	1.35485
99	131	1.33048
99	132	0.479649
99	137	1.36093
99	140	1.36732
99	141	1.43888
99	150	0.471465
99	151	0.494062
99	154	0.409275
99	158	0.491113
99	160	0.484965
99	169	0.497126
99	171	1.39439
99	178	0.480275
100	12	0.615426
100	37	1.36493
100	83	1.31841
100	99	1.3957
100	103	0.484704
100	105	0.477288
100	107	1.35874
100	108	1.3671
100	109	1.36129
100	112	1.31857
100	117	1.42093
100	124	1.36291
100	132	0.477739
100	137	1.36899
100	139	1.33764
100	140	1.37537
100	141	1.44694
100	154	0.407365
100	157	0.485047
100	163	0.487512
100	164	0.488275
100	171	1.40245
100	175	0.400999
100	179	0.482941
101	79	1.34671
101	96	1.31692
101	102	1.36422
101	103	0.493647
101	104	1.37236
101	107	0.497238
101	122	0.472008
101	140	0.472654
101	144	0.490348
101	145	1.33717
101	146	1.41096
101	149	1.3654
101	156	1.40023
101	159	1.3765
101	161	1.38165
101	162	0.432868
101	167	0.488289
101	170	1.38441
101	172	0.491408
101	173	1.36636
101	174	0.483647
101	176	0.488312
101	179	1.38665
101	180	1.39045
102	21	0.523526
102	59	1.2663
102	60	1.30912
102	65	0.494855
102	69	1.35275
102	90	1.30687
102	97	0.478421
102	101	1.36422
102	109	0.521778
102	138	0.523731
102	141	1.40386
102	144	0.510288
102	146	1.36435
102	147	0.488019
102	148	1.286
102	152	1.31581
102	159	1.32989
102	165	0.452071
102	170	1.3378
102	171	1.35938
102	172	0.511349
102	173	1.31976
102	174	0.503587
102	179	1.34005
102	180	1.34384
103	36	0.5033
103	39	0.502225
103	76	1.33243
103	100	0.484704
103	101	0.493647
103	106	0.45358
103	113	0.490636
103	127	0.533528
103	144	1.32916
103	148	0.529666
103	149	0.503572
103	155	1.37277
103	158	1.30852
103	160	1.32962
103	161	0.495704
103	162	1.45517
103	163	1.321
103	164	1.31131
103	166	1.30027
103	169	1.31174
103	172	1.33396
103	174	1.34163
103	176	1.32789
103	177	1.3024
103	178	1.32212
104	28	1.23927
104	62	0.517248
104	101	1.37236
104	119	0.483105
104	121	0.488632
104	122	0.480836
104	134	1.35884
104	135	1.30645
104	136	0.503488
104	143	0.531569
104	148	1.29415
104	152	1.32396
104	154	1.32952
104	156	1.36176
104	159	1.33803
104	166	0.502618
104	168	1.33412
104	170	1.34595
104	171	1.36752
104	173	1.3279
104	174	0.492474
104	176	0.497139
104	177	0.515947
104	179	1.34819
104	180	1.35199
105	63	0.514804
105	80	0.508551
105	95	1.37528
105	100	0.477288
105	120	0.48731
105	123	1.36223
105	124	0.509411
105	142	1.30296
105	147	1.36212
105	152	0.509251
105	157	1.32175
105	158	1.31444
105	160	1.33554
105	163	1.32691
105	166	1.30619
105	167	1.33502
105	168	0.502484
105	170	0.49362
105	172	1.33988
105	173	0.502288
105	174	1.34755
105	176	1.3338
105	177	1.30831
105	178	1.32804
105	180	0.486883
106	2	1.45286
106	14	0.5594
106	25	0.463578
106	27	1.39036
106	78	1.41741
106	83	1.38322
106	87	1.45177
106	99	1.46051
106	103	0.45358
106	112	1.38338
106	117	1.48573
106	118	0.438566
106	121	0.439737
106	124	1.42772
106	131	1.40335
106	137	1.4338
106	139	1.40245
106	140	1.44018
106	151	0.461028
106	158	0.458079
106	165	0.392063
106	166	0.453723
106	167	0.448222
106	171	1.46726
106	174	0.443579
107	2	1.34304
107	26	1.29479
107	34	1.39686
107	37	1.31992
107	83	1.2734
107	99	1.35069
107	100	1.35874
107	101	0.497238
107	108	1.32209
107	109	1.31627
107	124	1.31789
107	130	0.535635
107	132	0.501521
107	137	1.32398
107	139	1.29263
107	140	1.33036
107	141	1.40192
107	154	0.431148
107	158	0.512986
107	167	0.503128
107	168	0.51349
107	170	0.504626
107	171	1.35743
107	172	0.506248
107	180	0.497889
108	7	0.480268
108	27	1.28889
108	78	1.31594
108	83	1.28176
108	91	0.515772
108	99	1.35905
108	100	1.3671
108	107	1.32209
108	109	1.32463
108	112	1.28192
108	117	1.38427
108	124	1.32625
108	136	0.504201
108	137	1.33233
108	139	1.30098
108	140	1.33872
108	141	1.41028
108	152	0.514959
108	156	0.486481
108	163	0.505996
108	164	0.506759
108	166	0.50333
108	171	1.36579
108	174	0.493187
108	180	0.49259
109	44	0.510618
109	53	0.473496
109	74	0.555439
109	78	1.31013
109	83	1.27594
109	87	1.34449
109	99	1.35323
109	100	1.36129
109	102	0.521778
109	107	1.31627
109	108	1.32463
109	117	1.37846
109	124	1.32044
109	131	1.29607
109	137	1.32652
109	139	1.29517
109	140	1.3329
109	141	1.40447
109	163	0.515895
109	165	0.45157
109	166	0.513229
109	171	1.35998
109	175	0.429381
109	176	0.507751
109	177	0.526558
110	31	1.35664
110	54	0.492067
110	57	1.31235
110	76	0.523363
110	77	0.531628
110	96	1.22927
110	113	1.30009
110	120	1.31603
110	132	1.27384
110	136	0.531395
110	142	0.534384
110	146	1.32332
110	147	0.504813
110	153	1.29737
110	155	0.509786
110	156	1.31258
110	159	1.28885
110	161	1.29401
110	166	0.530524
110	170	1.29677
110	171	1.31834
110	172	0.528142
110	173	1.27872
110	178	0.524042
110	179	1.29901
110	180	1.30281
111	51	0.483527
111	61	1.36821
111	112	0.558423
111	114	1.28177
111	118	0.510623
111	120	1.3087
111	121	0.511795
111	123	0.50459
111	126	1.29138
111	132	1.26652
111	138	0.53578
111	142	0.529639
111	148	1.23764
111	149	1.27043
111	151	0.533085
111	153	1.29005
111	160	0.523988
111	161	1.28668
111	168	1.27761
111	170	1.28944
111	171	1.31101
111	173	1.27139
111	175	1.46201
111	176	0.520301
111	179	1.29168
111	180	1.29548
112	1	0.419857
112	26	1.25462
112	27	1.24037
112	34	1.35669
112	59	0.546779
112	83	1.23323
112	87	1.30178
112	88	0.480307
112	99	1.31052
112	100	1.31857
112	106	1.38338
112	108	1.28192
112	111	0.558423
112	117	1.33574
112	124	1.27772
112	137	1.28381
112	139	1.25246
112	140	1.29019
112	141	1.36175
112	147	0.512113
112	171	1.31726
112	172	0.535443
112	173	0.54249
112	174	0.527681
112	177	0.551154
112	178	0.531343
113	17	1.30191
113	19	0.521127
113	30	0.471509
113	41	1.3353
113	103	0.490636
113	110	1.30009
113	122	0.468997
113	125	0.491368
113	134	1.37422
113	143	0.51973
113	146	1.38787
113	149	1.34231
113	152	1.33933
113	154	1.34489
113	156	1.37713
113	157	0.49098
113	159	1.3534
113	161	1.35856
113	163	0.493445
113	164	0.494207
113	168	1.34949
113	170	1.36132
113	173	1.34327
113	176	0.4853
113	178	0.484297
113	179	1.36356
113	180	1.36736
114	86	1.28057
114	91	0.510599
114	111	1.28177
114	120	1.36959
114	127	1.33777
114	133	0.514529
114	134	1.36322
114	140	0.477021
114	144	0.494715
114	146	1.37688
114	148	1.29853
114	149	1.33132
114	154	1.3339
114	155	0.477419
114	156	1.36614
114	158	0.502513
114	159	1.34241
114	160	0.496365
114	161	1.34757
114	162	0.437235
114	163	0.500823
114	167	0.492656
114	168	1.3385
114	169	0.508526
114	175	1.5229
114	179	1.35257
114	180	1.35637
115	35	0.521057
115	39	0.514208
115	68	0.56587
115	73	0.486535
115	92	0.521606
115	116	1.2992
115	122	1.3568
115	124	0.52881
115	136	1.31524
115	138	1.2913
115	140	0.495886
115	142	1.29285
115	147	1.35201
115	150	1.34987
115	158	1.30433
115	160	1.32543
115	164	1.30712
115	166	1.29608
115	167	1.32491
115	168	0.521882
115	169	1.30755
115	171	0.498048
115	174	1.33744
115	175	0.433174
115	176	1.3237
115	177	1.29821
115	178	1.31793
115	180	0.506282
116	21	0.522107
116	32	0.550534
116	51	1.40974
116	52	0.445438
116	54	0.473855
116	70	0.570117
116	92	0.516896
116	93	0.48352
116	94	1.29627
116	115	1.2992
116	121	1.34158
116	125	1.30108
116	136	1.30971
116	144	1.31943
116	145	1.27859
116	147	1.34648
116	149	0.510844
116	150	1.34433
116	151	1.28789
116	161	0.502977
116	164	1.30158
116	167	1.31937
116	169	1.30201
116	173	0.516976
116	174	1.3319
116	176	1.31816
116	177	1.29267
116	180	0.501572
117	2	1.40522
117	34	1.45905
117	58	0.555765
117	62	1.35939
117	78	1.36976
117	82	0.423527
117	87	1.40413
117	100	1.42093
117	106	1.48573
117	108	1.38427
117	109	1.37846
117	112	1.33574
117	124	1.38008
117	132	0.467364
117	133	0.490844
117	137	1.38616
117	139	1.35481
117	140	1.39254
117	141	1.4641
117	145	0.48109
117	152	0.4861
117	155	0.453733
117	157	0.474673
117	158	0.478828
117	162	0.41355
117	165	0.412812
117	170	0.470469
117	171	1.41962
118	1	0.372057
118	8	0.598507
118	11	0.487986
118	36	0.488286
118	51	1.45297
118	79	0.487712
118	91	1.36068
118	106	0.438566
118	111	0.510623
118	121	1.38481
118	126	0.485575
118	133	1.31188
118	136	1.35293
118	142	1.33054
118	144	1.36265
118	149	0.488557
118	151	1.33111
118	153	0.483019
118	156	0.473176
118	160	1.36312
118	163	1.3545
118	164	1.34481
118	165	1.47551
118	167	1.3626
118	169	1.34524
118	174	1.37513
118	177	1.3359
118	178	1.35562
118	180	0.479285
119	3	0.460518
119	67	1.41796
119	83	0.51575
119	85	0.522716
119	86	0.514132
119	96	0.52019
119	104	0.483105
119	121	1.39516
119	126	0.481219
119	130	1.30614
119	136	1.36328
119	141	0.454524
119	142	1.34089
119	144	1.37301
119	150	1.39791
119	151	1.34147
119	158	1.35237
119	159	0.480467
119	163	1.36485
119	166	1.34412
119	168	0.490529
119	169	1.35559
119	171	0.466695
119	172	1.37781
119	174	1.38548
119	175	0.401821
119	176	1.37174
119	177	1.34625
119	178	1.36597
120	18	0.527254
120	53	0.455136
120	62	0.509499
120	66	1.27245
120	68	1.2776
120	97	0.459559
120	105	0.48731
120	110	1.31603
120	111	1.3087
120	114	1.36959
120	126	1.37919
120	131	1.33491
120	133	0.51124
120	146	1.4038
120	150	0.479577
120	154	1.36083
120	155	0.47413
120	156	1.39307
120	159	1.36934
120	162	0.433947
120	166	0.494869
120	167	0.489368
120	168	1.36542
120	170	1.37725
120	173	1.35921
120	175	1.54982
120	178	0.488387
120	179	1.3795
120	180	1.38329
121	22	0.500934
121	43	0.502598
121	75	0.531771
121	104	0.488632
121	106	0.439737
121	111	0.511795
121	116	1.34158
121	118	1.38481
121	119	1.39516
121	125	1.349
121	131	0.496029
121	132	1.35083
121	142	1.33524
121	146	0.474495
121	150	1.39225
121	157	1.35403
121	158	1.34672
121	159	0.485994
121	163	1.35919
121	164	1.3495
121	165	1.48021
121	166	1.33847
121	169	1.34993
121	171	0.472223
121	172	1.37215
121	175	0.407349
121	177	1.34059
121	178	1.36032
121	180	0.480457
122	16	0.532366
122	19	1.33084
122	69	0.446484
122	79	0.481087
122	87	0.493381
122	101	0.472008
122	104	0.480836
122	113	0.468997
122	115	1.3568
122	129	1.34242
122	133	1.32625
122	137	0.482891
122	143	1.33465
122	144	1.37703
122	157	1.36371
122	158	1.3564
122	159	0.478198
122	162	1.50305
122	163	1.36887
122	164	1.35919
122	166	1.34815
122	167	1.37698
122	168	0.488261
122	169	1.35961
122	173	0.488065
122	176	1.37576
122	177	1.35027
122	178	1.37
122	179	0.481494
123	8	1.20281
123	9	1.4117
123	11	0.481953
123	18	1.30167
123	35	1.36093
123	50	1.45005
123	65	0.465116
123	70	1.2852
123	72	1.42304
123	80	0.49492
123	81	1.35793
123	105	1.36223
123	111	0.50459
123	126	0.479542
123	127	0.512481
123	137	0.483483
123	141	0.452847
123	157	1.35903
123	159	0.47879
123	160	1.37282
123	164	1.3545
123	165	1.48521
123	171	0.465019
123	172	1.37715
123	173	0.488656
123	174	1.38482
123	177	1.34559
123	178	1.36531
123	179	0.482086
124	26	1.29895
124	34	1.40103
124	37	1.32408
124	69	0.480055
124	78	1.31175
124	83	1.27756
124	94	0.511135
124	95	0.526216
124	97	0.48166
124	98	0.49832
124	99	1.35485
124	100	1.36291
124	105	0.509411
124	106	1.42772
124	107	1.31789
124	108	1.32625
124	109	1.32044
124	112	1.27772
124	115	0.52881
124	117	1.38008
124	131	1.29769
124	132	0.509862
124	137	1.32814
124	139	1.29679
124	140	1.33452
124	150	0.501678
124	153	0.509965
124	154	0.439489
124	171	1.3616
124	174	0.506827
125	1	0.387803
125	28	0.564637
125	45	0.528878
125	90	0.508022
125	95	1.36705
125	113	0.491368
125	116	1.30108
125	121	1.349
125	131	0.510603
125	137	0.505262
125	138	1.29318
125	147	1.3539
125	149	0.504303
125	154	1.31682
125	155	1.37046
125	156	0.488921
125	157	1.31353
125	160	1.32732
125	162	1.45287
125	163	1.31869
125	164	1.309
125	167	1.32679
125	169	1.30943
125	171	0.486797
125	172	1.33165
125	173	0.510435
125	174	1.33932
125	177	1.30009
125	178	1.31981
125	179	0.503864
126	9	0.503115
126	13	0.600814
126	19	0.53108
126	38	1.34147
126	47	1.28844
126	59	1.28843
126	60	1.33124
126	66	1.25513
126	86	1.29017
126	90	1.329
126	111	1.29138
126	118	0.485575
126	119	0.481219
126	120	1.37919
126	123	0.479542
126	135	1.32043
126	146	1.38648
126	149	1.34092
126	156	1.37575
126	159	1.35202
126	160	0.49894
126	164	0.50416
126	165	0.439072
126	167	0.495231
126	170	1.35993
126	173	1.34188
126	176	0.495253
126	178	0.49425
126	179	1.36217
126	180	1.36597
127	4	0.262046
127	11	1.34095
127	28	1.23876
127	38	1.32698
127	49	0.517381
127	79	1.30774
127	88	1.35824
127	103	0.533528
127	114	1.33777
127	123	0.512481
127	135	1.30594
127	136	0.534542
127	147	0.50796
127	152	1.32345
127	153	1.34605
127	156	1.36126
127	159	1.33753
127	161	1.34269
127	163	0.536337
127	164	0.537099
127	165	0.472011
127	168	1.33361
127	170	1.34544
127	171	1.36702
127	173	1.32739
127	174	0.523527
127	177	0.547
127	178	0.527189
127	179	1.34768
127	180	1.35148
128	9	0.479946
128	21	0.487359
128	26	0.508795
128	33	0.440745
128	40	0.473711
128	59	0.486518
128	67	1.43082
128	73	0.447077
128	78	0.472632
128	129	1.35125
128	135	0.497444
128	138	1.35219
128	142	1.35375
128	143	1.34348
128	144	1.38586
128	147	1.41291
128	149	0.476096
128	150	1.41077
128	157	1.37254
128	160	1.38633
128	164	1.36802
128	166	1.35698
128	167	1.38581
128	168	0.482424
128	169	1.36844
128	170	0.473561
128	174	1.39834
128	176	1.38459
128	177	1.3591
128	178	1.37883
128	180	0.466824
129	17	0.527663
129	33	0.487586
129	49	1.29405
129	76	1.31386
129	83	0.554486
129	84	1.26356
129	86	0.552867
129	92	0.528988
129	94	1.28743
129	97	1.35466
129	122	1.34242
129	128	1.35125
129	133	1.2598
129	134	0.50667
129	146	0.507703
129	150	1.33549
129	152	0.536032
129	154	1.30056
129	158	1.28995
129	160	1.31105
129	163	1.30242
129	164	1.29274
129	166	1.2817
129	167	1.31053
129	168	0.529265
129	171	0.505431
129	172	1.31539
129	175	0.440556
129	176	1.30932
129	177	1.28383
129	180	0.513664
130	17	0.535446
130	38	0.525566
130	68	0.581035
130	79	0.529875
130	81	0.538433
130	91	1.27635
130	97	1.3224
130	98	1.31895
130	107	0.535635
130	119	1.30614
130	133	1.22754
130	144	1.27832
130	150	1.30323
130	153	0.525182
130	155	1.32194
130	157	1.26501
130	158	1.25769
130	159	0.526985
130	160	1.27879
130	161	0.522852
130	163	1.27016
130	164	1.26048
130	167	1.27827
130	169	1.26091
130	170	0.528184
130	171	0.513214
130	172	1.28313
130	174	1.2908
130	176	1.27705
130	177	1.25157
130	178	1.27129
130	179	0.530281
131	22	0.519753
131	77	0.511118
131	87	1.32174
131	91	0.522456
131	99	1.33048
131	106	1.40335
131	109	1.29607
131	120	1.33491
131	121	0.496029
131	124	1.29769
131	125	0.510603
131	137	1.30377
131	139	1.27242
131	140	1.31015
131	141	1.38171
131	146	1.3422
131	148	1.26385
131	151	0.51732
131	153	1.31626
131	155	0.489276
131	156	1.33147
131	158	0.514371
131	160	0.508223
131	166	0.510015
131	167	0.504514
131	168	1.30383
131	170	1.31566
131	171	1.33723
131	172	0.507633
131	173	1.29761
131	174	0.499871
131	179	1.3179
131	180	1.3217
132	4	0.758678
132	6	0.375882
132	20	0.516208
132	27	0.532049
132	29	0.455431
132	60	1.30638
132	78	0.493142
132	81	0.50432
132	83	0.528155
132	90	1.30414
132	95	1.36888
132	99	0.479649
132	100	0.477739
132	107	0.501521
132	110	1.27384
132	111	1.26652
132	117	0.467364
132	121	1.35083
132	124	0.509862
132	154	1.31864
132	156	1.35089
132	157	1.31535
132	158	1.30804
132	163	1.32051
132	168	1.32324
132	169	1.31125
132	170	1.33507
132	173	1.31702
132	176	1.3274
132	177	1.30191
132	178	1.32164
132	179	1.33731
132	180	1.34111
133	17	0.524812
133	28	0.58042
133	35	0.525589
133	56	0.593762
133	67	1.33937
133	73	0.491067
133	74	0.563763
133	91	1.29244
133	97	1.33849
133	114	0.514529
133	117	0.490844
133	118	1.31188
133	120	0.51124
133	122	1.32625
133	129	1.2598
133	130	1.22754
133	135	0.541434
133	138	1.26074
133	150	1.31932
133	151	1.26287
133	153	0.514548
133	156	0.504704
133	163	1.28626
133	164	1.27657
133	165	1.40727
133	166	1.26553
133	167	1.29436
133	169	1.277
133	172	1.29922
133	174	1.30689
133	175	0.437706
133	176	1.29315
133	177	1.26766
133	178	1.28738
134	32	1.24051
134	40	1.35193
134	68	1.27124
134	71	0.545359
134	77	0.488551
134	96	1.3034
134	104	1.35884
