1	30	0.505473
1	94	1.34078
1	140	1.38327
1	142	0.477527
1	146	1.39207
1	149	0.469173
1	150	1.38459
1	155	1.36209
1	162	1.33576
1	163	1.40144
1	171	0.480544
1	176	0.467849
2	22	1.31095
2	24	0.508091
2	82	0.489062
2	90	1.38436
2	111	0.453456
2	114	1.37387
2	120	1.37809
2	127	1.37337
2	134	1.37031
2	141	1.40905
2	143	0.48534
2	177	0.471977
3	25	1.51004
3	106	0.470135
3	111	0.45748
3	122	0.499277
3	136	1.36624
3	153	1.31565
3	165	1.31752
3	166	1.35779
3	169	1.35586
3	170	0.49237
3	171	0.488587
3	172	1.37689
4	31	1.32933
4	51	1.4263
4	67	0.515064
4	117	0.475256
4	140	1.35483
4	145	1.37373
4	150	1.35615
4	154	0.481735
4	163	1.373
4	164	1.38667
4	169	0.46879
4	178	0.465653
5	11	0.479373
5	20	0.463947
5	117	0.481955
5	139	0.477858
5	156	1.36776
5	163	0.490553
5	171	1.3721
5	175	1.3642
5	177	1.38065
5	178	1.38669
5	179	1.36679
5	180	1.36201
6	98	1.44815
6	114	0.490386
6	126	1.33214
6	139	1.40802
6	151	1.35666
6	154	1.3905
6	155	1.34542
6	157	0.47253
6	162	1.31909
6	173	0.485228
6	179	0.481761
6	180	0.473947
7	13	1.38145
7	62	1.35653
7	70	1.44797
7	96	1.29186
7	99	1.41613
7	128	0.485644
7	147	1.33034
7	148	0.49451
7	152	1.37573
7	158	0.486803
7	168	0.465282
7	179	0.469808
8	25	1.51692
8	77	0.466481
8	118	1.36476
8	119	0.477952
8	137	1.35235
8	138	0.493304
8	142	1.35231
8	148	1.32463
8	165	1.32441
8	166	1.36468
8	173	0.478552
8	174	0.486119
9	66	1.31748
9	79	1.12312
9	90	1.20718
9	107	1.14649
9	110	1.21073
9	112	1.16223
9	120	1.20091
9	141	1.23186
9	161	0.585073
9	168	0.605248
9	173	0.613242
9	180	0.601961
10	139	0.473917
10	142	0.487789
10	146	0.484268
10	152	0.471022
10	164	0.476477
10	170	1.36652
10	171	1.37188
10	175	1.36399
10	176	1.38298
10	178	1.38647
10	179	1.36657
10	180	1.36179
11	5	0.479373
11	12	0.473804
11	74	1.40445
11	125	1.40068
11	133	1.35166
11	140	1.35467
11	150	1.356
11	152	0.472994
11	163	1.37284
11	166	0.47732
11	173	1.35967
11	174	0.495259
12	11	0.473804
12	92	1.38444
12	128	1.35078
12	136	1.40333
12	144	1.35922
12	150	0.486083
12	153	1.35274
12	157	0.471392
12	165	1.35461
12	166	1.39488
12	175	0.494616
12	176	0.476482
13	7	1.38145
13	46	1.27142
13	70	1.46499
13	71	0.445366
13	96	1.30888
13	99	1.43315
13	147	1.34736
13	151	0.497622
13	152	1.39275
13	159	0.487235
13	172	0.478668
13	179	0.492401
14	15	0.464435
14	22	1.324
14	68	1.33068
14	90	1.39741
14	112	1.35247
14	114	1.38692
14	127	1.38642
14	141	1.4221
14	159	0.47728
14	168	0.47792
14	171	0.490999
14	175	0.496439
15	14	0.464435
15	92	0.478145
15	100	0.507556
15	108	0.467898
15	163	0.477393
15	167	1.35644
15	168	1.3796
15	171	1.37213
15	174	1.36001
15	176	1.38323
15	178	1.38672
15	180	1.36204
16	29	0.603951
16	39	0.432994
16	47	0.48107
16	86	0.458868
16	133	0.417849
16	137	1.38142
16	165	1.35348
16	166	1.39376
16	174	1.3646
16	175	1.36884
16	179	1.37142
16	180	1.36664
17	29	0.292092
17	110	0.538263
17	124	0.494755
17	147	0.558872
17	152	0.511224
17	168	1.3769
17	174	1.35731
17	176	1.38053
17	177	1.37798
17	178	1.38403
17	179	1.36413
17	180	1.35934
18	20	1.42224
18	27	0.493192
18	28	0.509003
18	39	1.34188
18	96	1.32076
18	99	1.44503
18	109	0.481729
18	130	1.30621
18	147	1.35925
18	152	1.40463
18	174	0.468286
18	177	0.453218
19	27	0.507188
19	55	0.450957
19	88	0.472912
19	128	1.35019
19	136	1.40274
19	148	1.35424
19	153	1.35215
19	162	0.497596
19	165	1.35402
19	166	1.39429
19	169	1.39236
19	173	0.474716
20	5	0.463947
20	18	1.42224
20	36	0.53614
20	39	1.34188
20	96	1.32076
20	99	1.44503
20	106	0.458899
20	130	1.30621
20	147	1.35925
20	152	1.40463
20	154	0.471039
20	171	0.477351
21	51	0.454332
21	103	0.466674
21	138	0.489527
21	140	0.491992
21	155	0.489934
21	167	1.3594
21	170	1.36973
21	174	1.36297
21	175	1.3672
21	176	1.38619
21	178	1.38969
21	180	1.365
22	2	1.31095
22	14	1.324
22	37	1.40791
22	78	1.31186
22	107	1.21226
22	110	1.2765
22	119	0.524275
22	128	0.537243
22	134	1.25889
22	141	1.29763
22	169	0.510703
22	172	0.507674
22	179	0.521407
23	42	0.545195
23	45	0.506628
23	61	0.458955
23	80	0.549077
23	100	1.29616
23	116	1.28964
23	126	1.2813
23	146	1.32457
23	151	1.30582
23	154	1.33966
23	155	1.29458
23	162	1.26826
23	166	0.537792
24	2	0.508091
24	35	1.27619
24	48	0.499581
24	105	1.34709
24	142	1.30325
24	148	1.27557
24	150	0.528584
24	152	1.33347
24	153	1.27348
24	156	0.521999
24	160	0.54039
24	165	1.27535
24	166	1.31562
25	3	1.51004
25	8	1.51692
25	98	0.405988
25	101	1.44109
25	118	1.50364
25	123	0.443734
25	147	0.458252
25	153	1.46142
25	165	1.4633
25	166	1.50357
25	170	0.434172
25	173	0.425303
25	175	0.435829
26	71	1.40514
26	79	0.574321
26	83	0.5301
26	94	1.24267
26	133	1.28214
26	135	1.27809
26	140	1.28515
26	150	1.28648
26	163	1.30332
26	164	1.317
26	167	0.498484
26	169	0.488471
26	174	0.51021
27	18	0.493192
27	19	0.507188
27	92	0.532095
27	119	0.529852
27	137	0.534386
27	168	1.30725
27	170	1.29442
27	171	1.29978
27	175	1.29189
27	177	1.30833
27	178	1.31438
27	179	1.29448
27	180	1.28969
28	18	0.509003
28	84	1.2762
28	107	1.25824
28	110	1.32248
28	112	1.27399
28	120	1.31266
28	124	0.515095
28	127	1.30793
28	134	1.30487
28	141	1.34361
28	161	0.518094
28	169	0.532091
28	172	0.529062
29	16	0.603951
29	17	0.292092
29	44	1.24185
29	53	1.35707
29	85	1.35286
29	125	1.32153
29	140	1.27553
29	147	0.297098
29	150	1.27685
29	163	1.2937
29	173	1.28052
29	178	0.697317
29	179	0.711159
30	1	0.505473
30	103	1.3239
30	108	1.33473
30	111	0.501972
30	121	0.539365
30	136	1.31975
30	142	1.29893
30	148	1.27125
30	153	1.26915
30	156	0.523401
30	165	1.27102
30	166	1.3113
30	174	0.535561
31	4	1.32933
31	41	0.451481
31	74	1.33647
31	137	0.546699
31	146	1.2955
31	154	1.31058
31	155	1.26551
31	162	1.23918
31	163	1.30486
31	164	1.31854
31	169	0.528593
31	172	0.525564
31	175	0.55329
32	58	1.32237
32	68	1.25408
32	90	1.32081
32	94	0.539234
32	107	1.26012
32	108	0.510531
32	112	1.27586
32	120	1.31454
32	132	0.525716
32	134	1.30675
32	141	1.34549
32	156	0.514541
32	177	0.511632
33	48	0.404201
33	60	0.445441
33	118	0.437023
33	119	0.430612
33	158	1.46372
33	163	0.432104
33	165	0.441144
33	168	1.49636
33	174	1.47677
33	177	1.49745
33	178	1.50349
33	179	1.48359
33	180	1.47881
34	88	1.53579
34	113	1.51342
34	119	1.48953
34	138	0.448539
34	145	0.434271
34	151	1.46905
34	154	1.50288
34	155	1.45781
34	160	0.447585
34	162	1.43148
34	168	0.425794
34	172	0.416586
34	179	0.43032
35	24	1.27619
35	67	0.550229
35	108	1.33533
35	115	1.30469
35	137	1.29956
35	143	0.523989
35	153	1.26975
35	159	0.509493
35	165	1.27162
35	166	1.31189
35	167	0.513968
35	172	1.33099
35	177	0.510626
36	20	0.53614
36	42	0.558885
36	50	0.514583
36	61	0.472644
36	71	0.511351
36	86	1.24061
36	120	1.31227
36	134	1.30448
36	141	1.34322
36	174	1.29187
36	176	1.3151
36	179	1.29869
36	180	1.29391
37	22	1.40791
37	66	1.59163
37	73	0.411261
37	83	0.467847
37	90	1.48132
37	92	0.442033
37	114	1.47083
37	120	1.47505
37	132	0.446972
37	134	1.46726
37	141	1.506
37	161	0.412221
37	172	0.423188
38	96	0.532043
38	103	0.500394
38	120	0.518552
38	127	0.517631
38	143	1.31734
38	153	0.522544
38	158	1.27822
38	174	1.29127
38	175	1.2955
38	176	1.3145
38	177	1.31195
38	179	1.29809
38	180	1.29331
39	16	0.432994
39	18	1.34188
39	20	1.34188
39	46	1.20295
39	62	1.30507
39	96	1.2404
39	99	1.36467
39	142	0.545739
39	147	1.27889
39	152	1.32427
39	163	0.544563
39	176	0.536061
39	179	0.540203
40	45	0.478689
40	92	0.521869
40	94	0.540325
40	136	0.50136
40	147	0.553174
40	168	1.30778
40	170	1.29495
40	171	1.30031
40	174	1.28819
40	177	1.30886
40	178	1.3149
40	179	1.295
40	180	1.29022
41	31	0.451481
41	88	0.404891
41	97	0.447054
41	118	0.412507
41	133	0.437242
41	147	0.439645
41	167	1.47405
41	174	1.47762
41	175	1.48185
41	177	1.49829
41	178	1.50433
41	179	1.48443
41	180	1.47965
42	23	0.545195
42	36	0.558885
42	63	1.30152
42	82	0.504595
42	125	1.33031
42	133	1.28129
42	138	1.29331
42	150	1.28563
42	160	0.508809
42	163	1.30248
42	164	1.31616
42	173	1.28931
42	176	0.487402
43	73	0.40869
43	109	0.458828
43	113	1.52165
43	119	1.49776
43	131	1.46897
43	139	1.52863
43	151	1.47727
43	155	1.46603
43	162	1.43971
43	163	0.43871
43	165	0.447751
43	177	0.430317
43	178	0.420509
44	29	1.24185
44	51	1.34998
44	63	1.29572
44	111	0.497194
44	114	0.528374
44	125	1.32451
44	141	0.51333
44	145	1.29741
44	148	0.544451
44	163	1.29668
44	164	1.31035
44	173	1.2835
44	177	0.515715
45	23	0.506628
45	40	0.478689
45	119	0.455844
45	124	1.45788
45	125	1.41913
45	138	1.38212
45	145	1.39203
45	150	1.37445
45	155	0.471603
45	159	0.44781
45	163	1.39129
45	164	1.40497
45	172	0.439243
45	173	1.37812
46	13	1.27142
46	39	1.20295
46	56	0.552079
46	62	1.2465
46	70	1.33794
46	96	1.18182
46	99	1.3061
46	130	1.16727
46	146	0.563715
46	147	1.22031
46	152	1.2657
46	169	0.550996
46	171	0.570253
46	173	0.565167
47	16	0.48107
47	49	0.555906
47	74	1.26231
47	85	1.28987
47	124	1.29729
47	140	1.21253
47	145	1.23144
47	150	1.21386
47	163	1.2307
47	164	1.24438
47	165	0.601679
47	167	0.587588
47	172	0.574546
47	173	1.21753
48	24	0.499581
48	33	0.404201
48	72	1.5049
48	101	0.486667
48	116	1.37526
48	117	1.42552
48	121	0.48234
48	126	1.36692
48	131	1.38314
48	146	1.41019
48	155	1.3802
48	162	1.35388
48	170	0.479837
48	172	0.453767
49	47	0.555906
49	85	0.451531
49	96	1.36698
49	104	1.44385
49	124	0.430971
49	130	1.35243
49	146	1.42224
49	147	1.40547
49	152	1.45086
49	155	1.39225
49	159	0.453505
49	162	1.36593
49	173	0.462139
49	180	0.450858
50	36	0.514583
50	110	0.463049
50	119	1.41852
50	122	0.466484
50	136	1.436
50	151	1.39803
50	153	1.3854
50	155	1.38679
50	162	1.36047
50	165	1.38728
50	166	1.42755
50	170	0.459578
50	174	0.458276
50	177	0.443207
51	4	1.4263
51	21	0.454332
51	44	1.34998
51	95	1.35963
51	124	1.46841
51	137	0.481471
51	138	1.39265
51	145	1.40256
51	150	1.38498
51	164	1.4155
51	169	0.463365
51	172	0.460335
51	174	0.485103
51	178	0.460227
52	55	0.439693
52	89	1.39727
52	127	1.39718
52	136	1.41912
52	137	1.39833
52	142	1.3983
52	145	0.463935
52	147	0.496401
52	160	0.47725
52	165	1.37039
52	166	1.41067
52	169	1.40873
52	175	0.473977
52	180	0.452171
53	29	1.35707
53	64	1.3943
53	86	0.519611
53	125	1.43973
53	144	1.37764
53	148	0.469281
53	150	1.39506
53	160	0.461844
53	163	1.4119
53	164	1.42558
53	171	0.453132
53	173	1.39873
53	175	0.458572
53	176	0.440437
54	70	0.428268
54	127	0.475813
54	134	0.481503
54	140	0.483894
54	146	0.465225
54	159	1.42715
54	166	0.456306
54	168	1.40454
54	170	1.39172
54	171	1.39708
54	173	1.39953
54	174	1.38495
54	176	1.40818
54	180	1.38698
55	19	0.450957
55	52	0.439693
55	113	0.460214
55	114	0.479378
55	138	0.488973
55	151	0.475973
55	157	1.42269
55	171	1.39523
55	175	1.38733
55	176	1.40633
55	177	1.40378
55	178	1.40982
55	179	1.38992
55	180	1.38513
56	46	0.552079
56	104	1.35994
56	121	0.496262
56	122	0.500666
56	131	1.31128
56	135	1.32246
56	137	0.488825
56	139	1.37095
56	141	0.475005
56	143	0.490752
56	144	1.31344
56	150	1.33085
56	162	1.28202
56	163	1.3477
56	164	1.36138
57	71	0.452503
57	89	0.494722
57	145	0.503489
57	147	0.535955
57	156	1.33238
57	164	0.493762
57	165	0.512938
57	167	1.32102
57	168	1.34417
57	170	1.33135
57	173	1.33916
57	175	1.32881
57	177	1.34526
57	179	1.3314
57	180	1.32662
58	32	1.32237
58	78	1.38684
58	84	1.3052
58	107	1.28724
58	110	1.35147
58	112	1.30298
58	114	1.33743
58	134	1.33386
58	141	1.37261
58	143	0.512636
58	159	0.49814
58	163	0.507666
58	169	0.492602
58	177	0.499273
58	180	0.495493
59	75	0.478769
59	98	0.4791
59	100	0.52947
59	110	0.510756
59	127	0.507551
59	132	1.32772
59	138	1.33589
59	139	0.486613
59	150	1.32822
59	164	1.35874
59	170	1.32408
59	177	1.33799
59	178	1.34403
59	179	1.32413
59	180	1.31935
60	33	0.445441
60	81	1.32441
60	82	1.3242
60	103	1.36652
60	128	1.30982
60	142	1.34155
60	148	1.31387
60	158	0.525736
60	164	0.502965
60	165	1.31364
60	166	1.35392
60	169	1.35198
60	171	0.517294
60	173	0.512209
60	180	0.500928
61	23	0.458955
61	36	0.472644
61	71	1.41913
61	76	0.408953
61	87	0.399024
61	115	0.411791
61	124	1.3839
61	125	1.34515
61	135	1.29208
61	138	1.30814
61	140	1.29914
61	163	1.31731
61	164	1.33099
61	173	1.30414
61	180	0.849407
62	7	1.35653
62	39	1.30507
62	46	1.2465
62	70	1.44007
62	96	1.28395
62	99	1.40822
62	121	0.515841
62	130	1.2694
62	147	1.32244
62	152	1.36782
62	157	0.491771
62	160	0.518268
62	161	0.476301
62	170	0.513339
62	180	0.493189
63	42	1.30152
63	44	1.29572
63	95	1.30537
63	111	0.487874
63	124	1.41415
63	132	1.33023
63	133	1.32638
63	145	1.3483
63	149	0.50761
63	150	1.33072
63	154	0.512669
63	156	0.509303
63	161	0.485727
63	163	1.34757
63	166	0.503524
64	53	1.3943
64	88	1.36955
64	95	1.28873
64	133	1.30974
64	136	0.495696
64	140	1.31275
64	145	1.33165
64	157	0.501862
64	163	1.33092
64	164	1.3446
64	167	0.510402
64	172	0.49736
64	173	1.31775
64	178	0.497251
64	180	0.50328
65	126	0.518008
65	130	0.515392
65	148	0.503184
65	149	1.33875
65	150	0.483941
65	152	0.467251
65	159	1.36088
65	162	0.504829
65	170	1.32545
65	174	1.31868
65	175	1.32291
65	176	1.34191
65	178	1.3454
65	179	1.3255
65	180	1.32072
66	9	1.31748
66	37	1.59163
66	68	1.38993
66	79	1.37261
66	84	1.41394
66	86	1.37874
66	112	1.41172
66	122	0.477224
66	134	1.44261
66	141	1.48135
66	154	0.460222
66	172	0.444248
66	173	0.461449
66	174	0.469015
66	176	0.453839
66	178	0.444139
67	4	0.515064
67	35	0.550229
67	105	0.523312
67	115	0.533103
67	120	0.540138
67	151	0.531834
67	159	1.30696
67	171	1.27689
67	173	1.27934
67	174	1.26476
67	175	1.269
67	176	1.28799
67	177	1.28544
67	178	1.29148
67	179	1.27158
67	180	1.2668
68	14	1.33068
68	32	1.25408
68	66	1.38993
68	79	1.19557
68	81	0.552803
68	110	1.28318
68	112	1.23468
68	120	1.27336
68	127	1.26863
68	134	1.26557
68	141	1.30431
68	156	0.537046
68	161	0.513471
68	166	0.531268
68	179	0.538172
68	180	0.530358
69	75	0.513083
69	102	0.524622
69	115	0.535751
69	118	0.538541
69	120	0.542786
69	150	0.534722
69	160	1.2766
69	167	1.26659
69	171	1.28228
69	174	1.27016
69	175	1.27439
69	176	1.29338
69	177	1.29083
69	178	1.29687
69	179	1.27697
69	180	1.27219
70	7	1.44797
70	13	1.46499
70	46	1.33794
70	54	0.428268
70	62	1.44007
70	96	1.37539
70	99	1.49966
70	123	0.478002
70	130	1.36084
70	147	1.41388
70	149	0.453285
70	152	1.45926
70	154	0.458344
70	171	0.464656
70	175	0.470096
70	179	0.456103
71	13	0.445366
71	26	1.40514
71	36	0.511351
71	57	0.452503
71	61	1.41913
71	94	1.38969
71	130	1.37117
71	135	1.42511
71	137	0.451411
71	138	1.44117
71	143	0.453339
71	145	1.45107
71	150	1.4335
71	154	0.44625
71	164	1.46402
71	179	0.444009
72	48	1.5049
72	85	0.441264
72	101	0.46757
72	117	1.43983
72	121	0.463243
72	131	1.39746
72	139	1.45712
72	146	1.42451
72	147	1.40774
72	151	1.40576
72	155	1.39452
72	158	0.465399
72	160	0.46567
72	162	1.36819
72	174	0.459439
72	179	0.448404
73	37	0.411261
73	43	0.40869
73	99	0.448318
73	112	0.512314
73	129	0.448127
73	140	0.486068
73	144	0.477413
73	156	1.42189
73	167	1.41053
73	170	1.42087
73	171	1.42623
73	174	1.4141
73	175	1.41833
73	176	1.43733
73	177	1.43478
73	180	1.41614
74	11	1.40445
74	31	1.33647
74	47	1.26231
74	106	0.469316
74	116	0.505413
74	133	1.35894
74	138	1.37096
74	140	1.36196
74	143	0.488544
74	145	1.38086
74	150	1.36328
74	162	0.505563
74	164	1.39381
74	170	0.491552
74	173	1.36696
74	176	0.475073
74	180	0.471401
75	59	0.478769
75	69	0.513083
75	118	1.37075
75	120	0.488389
75	125	0.47015
75	128	1.32658
75	129	1.40145
75	142	1.35831
75	143	0.484195
75	144	1.33501
75	152	1.38853
75	153	1.32853
75	165	1.33041
75	166	1.37068
75	172	1.38977
75	173	0.478333
75	175	0.488859
76	61	0.408953
76	90	0.496589
76	96	0.521709
76	124	0.466995
76	127	0.507298
76	141	0.488276
76	142	0.500231
76	157	1.38643
76	167	1.34327
76	171	1.35897
76	174	1.34684
76	175	1.35107
76	176	1.37007
76	177	1.36752
76	178	1.37356
76	179	1.35366
76	180	1.34887
77	8	0.466481
77	129	0.465184
77	135	0.505929
77	139	0.474105
77	140	0.503125
77	155	0.501068
77	158	1.33348
77	159	1.38872
77	166	0.475537
77	168	1.36611
77	170	1.35329
77	174	1.34653
77	176	1.36975
77	177	1.3672
77	178	1.37324
77	179	1.35334
77	180	1.34856
78	22	1.31186
78	58	1.38684
78	81	0.498929
78	84	1.34254
78	85	0.477157
78	86	1.30734
78	95	0.514791
78	106	0.474398
78	107	1.32459
78	110	1.38882
78	114	1.37478
78	120	1.379
78	127	1.37427
78	141	1.40995
78	161	0.459597
78	165	0.497698
78	176	0.480156
79	9	1.12312
79	26	0.574321
79	66	1.37261
79	68	1.19557
79	86	1.18437
79	90	1.2623
79	107	1.20162
79	112	1.21736
79	114	1.25181
79	120	1.25603
79	134	1.24824
79	141	1.28698
79	144	0.578219
79	167	0.565498
79	168	0.561664
79	176	0.562048
79	177	0.562156
80	23	0.549077
80	112	0.542356
80	114	0.50405
80	130	0.532336
80	136	0.480028
80	152	0.484194
80	159	1.33505
80	160	1.2993
80	163	0.499785
80	170	1.29962
80	171	1.30498
80	172	1.3411
80	174	1.29286
80	175	1.29709
80	176	1.31608
80	178	1.31957
80	179	1.29967
80	180	1.29489
81	60	1.32441
81	68	0.552803
81	78	0.498929
81	105	1.35329
81	123	0.527575
81	128	1.27772
81	137	1.30949
81	142	1.30945
81	148	1.28177
81	153	1.27968
81	165	1.28155
81	166	1.32182
81	167	0.504984
81	169	1.31989
81	171	0.514229
81	172	1.34092
81	174	0.51671
81	178	0.491834
82	2	0.489062
82	42	0.504595
82	60	1.3242
82	108	1.34505
82	114	0.512721
82	133	0.53811
82	137	1.30928
82	148	1.28156
82	150	0.509555
82	162	0.530444
82	163	0.508455
82	166	1.32161
82	170	1.29923
82	175	1.29669
82	176	1.31569
82	177	1.31314
82	179	1.29928
82	180	1.29449
83	26	0.5301
83	37	0.467847
83	87	1.37055
83	102	1.33251
83	106	0.51207
83	119	1.31209
83	121	0.536808
83	126	1.26708
83	132	0.532019
83	139	1.34297
83	146	1.31035
83	147	1.29358
83	151	1.29161
83	155	1.28037
83	161	1.34484
83	162	1.25404
83	168	0.517443
83	169	0.511265
84	28	1.2762
84	58	1.3052
84	66	1.41394
84	78	1.34254
84	90	1.30363
84	101	0.53485
84	107	1.24294
84	108	0.510549
84	110	1.30718
84	114	1.29313
84	120	1.29736
84	122	0.534927
84	134	1.28957
84	141	1.32831
84	161	0.490983
84	169	0.50498
84	172	0.501951
84	175	0.529677
85	29	1.35286
85	47	1.28987
85	49	0.451531
85	72	0.441264
85	78	0.477157
85	102	0.479264
85	117	0.479665
85	133	1.3865
85	146	0.485919
85	155	0.502531
85	163	1.40769
85	164	1.42136
85	166	0.477
85	171	1.39206
85	174	1.37994
85	175	1.38417
85	176	1.40316
85	177	1.40061
85	180	1.38197
86	16	0.458868
86	36	1.24061
86	53	0.519611
86	66	1.37874
86	78	1.30734
86	79	1.18437
86	90	1.26843
86	101	0.585242
86	110	1.27198
86	112	1.22349
86	114	1.25794
86	120	1.26216
86	127	1.25743
86	134	1.25437
86	141	1.29311
86	152	0.554845
86	176	0.561935
86	179	0.566076
86	180	0.558263
87	61	0.399024
87	83	1.37055
87	97	1.35198
87	102	1.41214
87	116	1.35506
87	117	1.40532
87	131	1.36294
87	139	1.42261
87	146	1.38999
87	151	1.37124
87	152	0.473535
87	158	0.501761
87	160	0.502031
87	161	1.42448
87	162	1.33368
87	168	0.48024
87	172	0.471033
87	175	0.498759
87	176	0.480625
88	19	0.472912
88	34	1.53579
88	41	0.404891
88	64	1.36955
88	105	0.489406
88	126	1.33452
88	135	1.36192
88	138	1.37798
88	146	1.37779
88	151	1.35904
88	152	0.481477
88	162	1.32147
88	163	1.38715
88	164	1.40083
88	171	0.50126
88	173	1.37398
88	177	0.488674
88	178	0.478866
88	180	0.484894
89	52	1.39727
89	57	0.494722
89	97	0.530054
89	103	1.35054
89	105	1.3694
89	115	1.33072
89	123	0.508127
89	128	1.29383
89	136	1.34638
89	142	1.32556
89	147	0.522645
89	148	1.29788
89	153	1.29579
89	154	0.488469
89	165	1.29766
89	166	1.33793
89	172	1.35703
89	175	0.500221
89	176	0.482087
89	180	0.478415
90	2	1.38436
90	9	1.20718
90	14	1.39741
90	32	1.32081
90	37	1.48132
90	76	0.496589
90	79	1.2623
90	84	1.30363
90	86	1.26843
90	109	0.517416
90	114	1.33586
90	127	1.33536
90	134	1.3323
90	141	1.37104
90	143	0.502268
90	158	0.509934
90	167	0.492247
90	173	0.496406
90	175	0.506932
90	177	0.488905
91	92	1.33862
91	118	1.34914
91	128	1.30496
91	129	1.37983
91	132	0.50632
91	137	1.33673
91	142	1.33669
91	144	1.31339
91	148	1.30901
91	151	0.50149
91	152	1.36691
91	153	1.30691
91	154	0.498511
91	160	0.513535
91	165	1.30879
91	166	1.34906
91	170	0.508606
91	173	0.499737
91	177	0.492236
91	180	0.488456
92	12	1.38444
92	15	0.478145
92	27	0.532095
92	37	0.442033
92	40	0.521869
92	91	1.33862
92	104	0.49123
92	108	1.36432
92	123	0.518054
92	136	1.34933
92	137	1.32855
92	142	1.32851
92	144	1.30522
92	148	1.30083
92	153	1.29874
92	158	0.513151
92	165	1.30061
92	166	1.34088
92	172	1.35998
92	174	0.50719
93	104	0.489123
93	105	0.490747
93	117	0.489811
93	125	0.489333
93	135	0.517538
93	144	0.506078
93	157	1.35979
93	160	1.32664
93	162	0.520397
93	164	0.488273
93	167	1.31663
93	168	1.33979
93	170	1.32697
93	171	1.33233
93	174	1.3202
93	175	1.32443
93	176	1.34343
93	177	1.34088
93	178	1.34692
93	180	1.32223
94	1	1.34078
94	26	1.24267
94	32	0.539234
94	40	0.540325
94	71	1.38969
94	95	1.24567
94	101	0.533778
94	124	1.35445
94	133	1.26668
94	135	1.26263
94	138	1.2787
94	140	1.2697
94	145	1.2886
94	150	1.27102
94	153	0.532128
94	163	1.28787
94	164	1.30154
94	165	0.528012
94	169	0.503907
94	172	0.500878
94	174	0.525646
95	51	1.35963
95	63	1.30537
95	64	1.28873
95	78	0.514791
95	94	1.24567
95	130	1.22716
95	134	0.539831
95	138	1.29716
95	140	1.28816
95	143	0.530867
95	144	1.27207
95	145	1.30706
95	150	1.28949
95	157	0.512307
95	160	0.538803
95	163	1.30633
95	164	1.32001
95	167	0.520846
95	173	1.29316
95	174	0.532572
95	177	0.517504
96	7	1.29186
96	13	1.30888
96	18	1.32076
96	20	1.32076
96	38	0.532043
96	39	1.2404
96	46	1.18182
96	49	1.36698
96	62	1.28395
96	70	1.37539
96	76	0.521709
96	99	1.34355
96	121	0.532898
96	130	1.20473
96	147	1.25777
96	152	1.30315
96	155	0.536686
96	156	0.516933
96	168	0.513533
96	170	0.530395
96	173	0.521527
97	41	0.447054
97	87	1.35198
97	89	0.530054
97	98	1.36453
97	106	0.524971
97	116	1.25685
97	117	1.30711
97	119	1.29352
97	126	1.24851
97	131	1.26473
97	138	0.55309
97	139	1.3244
97	146	1.29179
97	151	1.27304
97	155	1.2618
97	159	0.529704
97	160	0.552135
97	161	1.32627
97	162	1.23547
97	173	0.538338
97	176	0.530728
98	6	1.44815
98	25	0.405988
98	59	0.4791
98	97	1.36453
98	102	1.42468
98	104	1.42414
98	131	1.37548
98	134	0.49349
98	139	1.43515
98	146	1.40253
98	147	1.38576
98	151	1.38379
98	155	1.37255
98	161	1.43702
98	162	1.34622
98	167	0.474505
98	168	0.47067
98	172	0.461463
98	175	0.489189
98	176	0.471055
98	178	0.461354
99	7	1.41613
99	13	1.43315
99	18	1.44503
99	20	1.44503
99	39	1.36467
99	46	1.3061
99	62	1.40822
99	70	1.49966
99	73	0.448318
99	96	1.34355
99	127	0.486582
99	130	1.329
99	143	0.483308
99	147	1.38204
99	152	1.42742
99	159	0.468813
99	161	0.449278
99	169	0.463275
99	172	0.460245
99	175	0.487972
99	178	0.460137
100	15	0.507556
100	23	1.29616
100	59	0.52947
100	104	1.32299
100	113	1.32701
100	116	1.26645
100	126	1.25811
100	128	0.541402
100	131	1.27433
100	139	1.334
100	146	1.30138
100	147	1.28461
100	151	1.28263
100	155	1.2714
100	159	0.5204
100	161	1.33587
100	162	1.24507
100	163	0.529926
100	165	0.538967
100	176	0.521425
100	178	0.511724
101	25	1.44109
101	48	0.486667
101	72	0.46757
101	84	0.53485
101	86	0.585242
101	94	0.533778
101	105	1.32032
101	112	0.557141
101	118	1.28893
101	142	1.27648
101	148	1.2488
101	150	0.51567
101	157	1.29929
101	160	1.26614
101	163	0.51457
101	167	1.25613
101	172	1.30794
101	177	1.28037
101	178	1.28641
101	179	1.26651
101	180	1.26173
102	69	0.524622
102	83	1.33251
102	85	0.479264
102	87	1.41214
102	98	1.42468
102	113	1.37757
102	116	1.31701
102	119	1.35368
102	126	1.30867
102	132	0.496454
102	139	1.38456
102	146	1.35194
102	149	0.483586
102	151	1.3332
102	155	1.32196
102	158	0.503399
102	159	0.481238
102	161	1.38643
102	162	1.29563
102	176	0.482263
102	178	0.472562
102	179	0.486404
103	21	0.466674
103	30	1.3239
103	38	0.500394
103	60	1.36652
103	89	1.35054
103	108	1.38737
103	126	0.525937
103	128	1.31984
103	136	1.37238
103	137	1.3516
103	142	1.35157
103	148	1.32389
103	152	1.38178
103	154	0.488652
103	157	0.47718
103	165	1.32366
103	166	1.36393
103	167	0.485719
103	172	1.38303
103	174	0.497445
103	179	0.486411
103	180	0.478597
104	49	1.44385
104	56	1.35994
104	92	0.49123
104	93	0.489123
104	98	1.42414
104	100	1.32299
104	113	1.37703
104	119	1.35314
104	126	1.30813
104	131	1.32435
104	144	0.498148
104	146	1.3514
104	151	1.33265
104	155	1.32141
104	161	1.38588
104	162	1.29509
104	164	0.480343
104	167	0.485427
104	171	0.494671
104	174	0.497153
104	176	0.481977
104	179	0.486118
105	24	1.34709
105	67	0.523312
105	81	1.35329
105	88	0.489406
105	89	1.3694
105	93	0.490747
105	101	1.32032
105	115	1.37559
105	123	0.509641
105	127	1.36932
105	128	1.3387
105	137	1.37046
105	144	1.34713
105	148	1.34275
105	153	1.34065
105	157	0.478512
105	161	0.463042
105	165	1.34252
105	166	1.3828
105	171	0.496295
105	176	0.483601
105	178	0.473901
106	3	0.470135
106	20	0.458899
106	74	0.469316
106	78	0.474398
106	83	0.51207
106	97	0.524971
106	112	0.528075
106	129	0.463888
106	149	1.36528
106	158	1.33216
106	160	1.35166
106	165	0.494545
106	167	1.34165
106	170	1.35198
106	171	1.35734
106	174	1.34521
106	175	1.34945
106	176	1.36844
106	177	1.36589
106	178	1.37193
106	179	1.35203
106	180	1.34725
107	9	1.14649
107	22	1.21226
107	28	1.25824
107	32	1.26012
107	58	1.28724
107	78	1.32459
107	79	1.20162
107	84	1.24294
107	110	1.28922
107	112	1.24073
107	114	1.27518
107	120	1.2794
107	134	1.27161
107	141	1.31035
107	144	0.566186
107	149	0.551338
107	154	0.556397
107	161	0.529455
107	167	0.553465
107	173	0.557624
107	178	0.540314
107	179	0.554156
108	15	0.467898
108	30	1.33473
108	32	0.510531
108	35	1.33533
108	82	1.34505
108	84	0.510549
108	92	1.36432
108	103	1.38737
108	127	1.36128
108	142	1.36239
108	144	1.3391
108	148	1.33471
108	153	1.33262
108	156	0.484783
108	165	1.33449
108	166	1.37476
108	168	0.481383
108	170	0.498245
108	171	0.494462
108	172	1.39386
108	177	0.481875
108	180	0.478095
109	18	0.481729
109	43	0.458828
109	90	0.517416
109	128	0.531357
109	129	0.498265
109	136	0.500124
109	140	0.536206
109	148	0.540224
109	149	1.32159
109	156	1.30932
109	158	1.28848
109	159	1.34372
109	160	1.30797
109	165	0.528922
109	168	1.32112
109	171	1.31365
109	174	1.30153
109	175	1.30576
109	176	1.32475
109	177	1.3222
109	178	1.32824
109	179	1.30834
109	180	1.30356
110	9	1.21073
110	17	0.538263
110	22	1.2765
110	28	1.32248
110	50	0.463049
110	58	1.35147
110	59	0.510756
110	68	1.28318
110	78	1.38882
110	84	1.30718
110	86	1.27198
110	107	1.28922
110	112	1.30496
110	114	1.33941
110	120	1.34364
110	134	1.33585
110	141	1.37459
110	142	0.512388
110	148	0.531554
110	149	0.504034
110	156	0.505727
110	170	0.519189
110	174	0.517886
111	2	0.453456
111	3	0.45748
111	30	0.501972
111	44	0.497194
111	63	0.487874
111	116	0.494688
111	125	0.463774
111	147	0.504907
111	149	1.38208
111	158	1.34897
111	160	1.36846
111	163	0.472849
111	166	0.461586
111	167	1.35845
111	168	1.3816
111	170	1.36878
111	171	1.37414
111	174	1.36202
111	175	1.36625
111	176	1.38524
111	177	1.38269
111	178	1.38873
111	179	1.36883
111	180	1.36405
112	9	1.16223
112	14	1.35247
112	28	1.27399
112	32	1.27586
112	58	1.30298
112	66	1.41172
112	68	1.23468
112	73	0.512314
112	79	1.21736
112	80	0.542356
112	86	1.22349
112	101	0.557141
112	106	0.528075
112	107	1.24073
112	110	1.30496
112	114	1.29092
112	120	1.29515
112	128	0.55381
112	134	1.28736
112	141	1.3261
112	149	0.535157
112	169	0.527271
112	172	0.524241
112	178	0.524133
113	34	1.51342
113	43	1.52165
113	55	0.460214
113	100	1.32701
113	102	1.37757
113	104	1.37703
113	116	1.32049
113	117	1.37075
113	119	1.35716
113	121	0.495344
113	131	1.32837
113	132	0.490555
113	146	1.35542
113	150	0.485965
113	151	1.33667
113	155	1.32544
113	156	0.47938
113	161	1.38991
113	162	1.29911
113	166	0.473601
113	171	0.489058
113	173	0.483973
113	176	0.476364
113	180	0.472692
114	2	1.37387
114	6	0.490386
114	14	1.38692
114	37	1.47083
114	44	0.528374
114	55	0.479378
114	58	1.33743
114	78	1.37478
114	79	1.25181
114	80	0.50405
114	82	0.512721
114	84	1.29313
114	86	1.25794
114	90	1.33586
114	107	1.27518
114	110	1.33941
114	112	1.29092
114	120	1.32959
114	134	1.3218
114	141	1.36054
114	172	0.485936
114	174	0.510704
114	175	0.513662
114	177	0.495636
114	178	0.485827
115	35	1.30469
115	61	0.411791
115	67	0.533103
115	69	0.535751
115	89	1.33072
115	105	1.37559
115	118	1.3442
115	126	0.537059
115	127	1.33064
115	136	1.35257
115	142	1.33175
115	144	1.30845
115	148	1.30407
115	149	0.494715
115	152	1.36197
115	153	1.30197
115	154	0.499774
115	161	0.472832
115	165	1.30385
115	166	1.34412
115	169	1.34219
115	170	0.50987
115	172	1.36321
115	173	0.501001
115	175	0.511526
116	23	1.28964
116	48	1.37526
116	74	0.505413
116	87	1.35506
116	97	1.25685
116	100	1.26645
116	102	1.31701
116	111	0.494688
116	113	1.32049
116	117	1.31019
116	118	0.526521
116	131	1.26781
116	132	0.527292
116	139	1.32748
116	146	1.29486
116	148	0.541944
116	151	1.27612
116	154	1.30995
116	155	1.26488
116	156	0.516117
116	160	0.534507
116	161	1.32935
116	162	1.23855
116	165	0.530642
116	166	0.510338
116	177	0.513208
117	4	0.475256
117	5	0.481955
117	48	1.42552
117	72	1.43983
117	85	0.479665
117	87	1.40532
117	93	0.489811
117	97	1.30711
117	113	1.37075
117	116	1.31019
117	121	0.501645
117	126	1.30185
117	129	0.469549
117	131	1.31807
117	133	0.52082
117	139	1.37773
117	146	1.34512
117	147	1.32835
117	151	1.32637
117	153	0.504322
117	154	1.36021
117	155	1.31513
117	161	1.3796
117	162	1.28881
117	173	0.490274
117	175	0.500799
117	179	0.486806
118	8	1.36476
118	25	1.50364
118	33	0.437023
118	41	0.412507
118	69	0.538541
118	75	1.37075
118	91	1.34914
118	101	1.28893
118	115	1.3442
118	116	0.526521
118	128	1.3073
118	136	1.35985
118	137	1.33907
118	148	1.31135
118	149	0.497505
118	152	1.36925
118	153	1.30926
118	156	0.499198
118	157	0.491092
118	165	1.31113
118	166	1.3514
118	167	0.499632
118	169	1.34947
118	172	1.3705
118	173	0.503791
118	174	0.511358
118	180	0.49251
119	8	0.477952
119	22	0.524275
119	27	0.529852
119	33	0.430612
119	34	1.48953
119	43	1.49776
119	45	0.455844
119	50	1.41852
119	83	1.31209
119	97	1.29352
119	102	1.35368
119	104	1.35314
119	113	1.35716
119	126	1.28826
119	131	1.30448
119	139	1.36415
119	146	1.33153
119	151	1.31278
119	154	1.34662
119	155	1.30154
119	158	0.510907
119	160	0.511177
119	162	1.27522
119	167	0.49322
119	169	0.483208
119	173	0.497379
119	179	0.493912
120	2	1.37809
120	9	1.20091
120	28	1.31266
120	32	1.31454
120	36	1.31227
120	37	1.47505
120	38	0.518552
120	67	0.540138
120	68	1.27336
120	69	0.542786
120	75	0.488389
120	78	1.379
120	79	1.25603
120	84	1.29736
120	86	1.26216
120	107	1.2794
120	110	1.34364
120	112	1.29515
120	114	1.32959
120	125	0.499852
120	134	1.32603
120	141	1.36477
120	143	0.513897
120	167	0.503877
120	169	0.493864
120	172	0.490835
120	175	0.518561
120	180	0.496755
121	30	0.539365
121	48	0.48234
121	56	0.496262
121	62	0.515841
121	72	0.463243
121	83	0.536808
121	96	0.532898
121	113	0.495344
121	117	0.501645
121	134	0.524177
121	143	1.33034
121	145	0.509834
121	156	1.31206
121	157	1.34386
121	158	1.29122
121	159	1.34647
121	160	1.31071
121	167	1.3007
121	168	1.32386
121	170	1.31104
121	171	1.3164
121	174	1.30427
121	175	1.3085
121	176	1.3275
121	177	1.32495
121	178	1.33099
121	179	1.31109
121	180	1.3063
122	3	0.499277
122	50	0.466484
122	56	0.500666
122	66	0.477224
122	84	0.534927
122	130	0.547198
122	136	0.49489
122	141	0.503869
122	143	1.32955
122	149	1.32355
122	155	0.528914
122	156	1.31128
122	157	1.34308
122	158	1.29044
122	159	1.34568
122	160	1.30993
122	162	0.536635
122	166	0.503383
122	167	1.29992
122	168	1.32308
122	171	1.31561
122	174	1.30349
122	175	1.30772
122	176	1.32671
122	177	1.32416
122	178	1.3302
122	179	1.3103
122	180	1.30552
123	25	0.443734
123	70	0.478002
123	81	0.527575
123	89	0.508127
123	92	0.518054
123	105	0.509641
123	128	0.528778
123	142	0.518479
123	143	1.3295
123	145	0.516894
123	149	1.3235
123	156	1.31123
123	160	1.30988
123	162	0.539291
123	166	0.506039
123	167	1.29987
123	168	1.32303
123	170	1.3102
123	171	1.31556
123	172	1.35168
123	173	1.31801
123	174	1.30344
123	175	1.30767
123	176	1.32666
123	177	1.32411
123	178	1.33015
123	179	1.31025
123	180	1.30547
124	17	0.494755
124	28	0.515095
124	45	1.45788
124	47	1.29729
124	49	0.430971
124	51	1.46841
124	61	1.3839
124	63	1.41415
124	76	0.466995
124	94	1.35445
124	129	1.44728
124	130	1.33594
124	131	0.477157
124	133	1.39392
124	135	1.38987
124	140	1.39694
124	145	1.41584
124	146	0.46536
124	150	1.39827
124	157	0.454113
124	163	1.41511
124	164	1.42879
124	166	0.45644
124	168	0.458818
124	171	0.471897
124	173	1.40194
124	178	0.449502
124	179	0.463344
125	11	1.40068
125	29	1.32153
125	42	1.33031
125	44	1.32451
125	45	1.41913
125	53	1.43973
125	61	1.34515
125	75	0.47015
125	93	0.489333
125	111	0.463774
125	120	0.499852
125	129	1.40853
125	130	1.29718
125	131	0.500141
125	133	1.35517
125	135	1.35112
125	140	1.35819
125	144	1.34209
125	145	1.37709
125	154	0.48857
125	159	0.481162
125	163	1.37636
125	164	1.39003
125	166	0.479425
125	168	0.481803
125	169	0.475624
125	170	0.498665
125	173	1.36318
125	180	0.478515
126	6	1.33214
126	23	1.2813
126	48	1.36692
126	65	0.518008
126	83	1.26708
126	88	1.33452
126	97	1.24851
126	100	1.25811
126	102	1.30867
126	103	0.525937
126	104	1.30813
126	115	0.537059
126	117	1.30185
126	119	1.28826
126	131	1.25947
126	139	1.31914
126	147	1.26975
126	151	1.26778
126	154	1.30161
126	155	1.25654
126	158	0.547566
126	162	1.23021
126	168	0.526045
126	170	0.542907
126	172	0.516837
126	176	0.526429
126	178	0.516728
126	179	0.53057
126	180	0.522757
127	2	1.37337
127	14	1.38642
127	28	1.30793
127	38	0.517631
127	52	1.39718
127	54	0.475813
127	59	0.507551
127	68	1.26863
127	76	0.507298
127	78	1.37427
127	86	1.25743
127	90	1.33536
127	99	0.486582
127	105	1.36932
127	108	1.36128
127	115	1.33064
127	128	1.29374
127	134	1.3213
127	137	1.32551
127	141	1.36004
127	144	1.30218
127	157	0.494417
127	158	0.520643
127	161	0.478947
127	165	1.29757
127	166	1.33784
127	173	0.507115
127	174	0.514682
127	176	0.499506
127	177	0.499614
128	7	0.485644
128	12	1.35078
128	19	1.35019
128	22	0.537243
128	60	1.30982
128	75	1.32658
128	81	1.27772
128	89	1.29383
128	91	1.30496
128	100	0.541402
128	103	1.31984
128	105	1.3387
128	109	0.531357
128	112	0.55381
128	118	1.3073
128	123	0.528778
128	127	1.29374
128	137	1.29489
128	142	1.29486
128	148	1.26718
128	152	1.32507
128	153	1.26508
128	157	0.497649
128	165	1.26695
128	166	1.30723
128	169	1.30529
128	170	0.519216
128	173	0.510347
128	177	0.502846
128	178	0.493038
128	179	0.50688
129	73	0.448127
129	75	1.40145
129	77	0.465184
129	91	1.37983
129	106	0.463888
129	109	0.498265
129	117	0.469549
129	124	1.44728
129	125	1.40853
129	135	1.35546
129	140	1.36253
129	142	1.36973
129	145	1.38143
129	148	1.34205
129	150	1.36385
129	153	1.33995
129	155	0.492415
129	158	0.490783
129	162	0.500135
129	163	1.3807
129	164	1.39437
129	165	1.34183
129	166	1.3821
129	169	1.38017
129	170	0.486124
129	171	0.48234
129	172	1.40119
129	173	1.36752
129	177	0.469754
129	179	0.473788
129	180	0.465974
130	18	1.30621
130	20	1.30621
130	46	1.16727
130	49	1.35243
130	62	1.2694
130	65	0.515392
130	70	1.36084
130	71	1.37117
130	80	0.532336
130	95	1.22716
130	96	1.20473
130	99	1.329
130	122	0.547198
130	124	1.33594
130	125	1.29718
130	131	0.541768
130	133	1.24816
130	135	1.24412
130	138	1.26018
130	144	1.23509
130	145	1.27008
130	147	1.24322
130	152	1.2886
130	158	0.54495
130	160	0.54522
130	161	0.503254
130	162	0.554303
130	164	1.28303
130	170	0.540292
130	175	0.541948
130	178	0.514113
130	179	0.527955
131	43	1.46897
131	48	1.38314
131	56	1.31128
131	72	1.39746
131	87	1.36294
131	97	1.26473
131	98	1.37548
131	100	1.27433
131	104	1.32435
131	113	1.32837
131	116	1.26781
131	117	1.31807
131	119	1.30448
131	124	0.477157
131	125	0.500141
131	126	1.25947
131	130	0.541768
131	132	0.514907
131	134	0.52315
131	136	0.489459
131	139	1.33536
131	146	1.30274
131	149	0.502039
131	151	1.28399
131	153	0.522373
131	154	1.31783
131	155	1.27275
131	156	0.503732
131	157	0.495626
131	159	0.499691
131	162	1.24643
131	170	0.517194
131	175	0.51885
132	32	0.525716
132	37	0.446972
132	59	1.32772
132	63	1.33023
132	83	0.532019
132	91	0.50632
132	102	0.496454
132	113	0.490555
132	116	0.527292
132	131	0.514907
132	133	1.31
132	134	0.519388
132	135	1.30595
132	138	1.32201
132	139	0.492759
132	140	1.31301
132	145	1.33192
132	147	0.537511
132	150	1.31434
132	152	0.489864
132	157	1.34302
132	158	1.29038
132	159	1.34563
132	164	1.34486
132	165	0.514495
132	167	1.29987
132	168	1.32302
132	173	1.31801
132	175	1.30767
132	176	1.32666
132	178	1.33015
132	179	1.31025
132	180	1.30547
133	11	1.35166
133	16	0.417849
133	26	1.28214
133	41	0.437242
133	42	1.28129
133	63	1.32638
133	64	1.30974
133	74	1.35894
133	82	0.53811
133	85	1.3865
133	94	1.26668
133	117	0.52082
133	124	1.39392
133	125	1.35517
133	130	1.24816
133	132	1.31
133	135	1.3021
133	138	1.31817
133	140	1.30917
133	144	1.29307
133	145	1.32807
133	149	0.52224
133	150	1.31049
133	154	0.527299
133	156	0.523932
133	163	1.32734
133	164	1.34101
133	172	0.511324
133	175	0.539051
133	177	0.521024
133	178	0.511216
133	179	0.525058
133	180	0.517244
134	2	1.37031
134	22	1.25889
134	28	1.30487
134	32	1.30675
134	36	1.30448
134	37	1.46726
134	54	0.481503
134	58	1.33386
134	66	1.44261
134	68	1.26557
134	79	1.24824
134	84	1.28957
134	86	1.25437
134	90	1.3323
134	95	0.539831
134	98	0.49349
134	107	1.27161
134	110	1.33585
134	112	1.28736
134	114	1.3218
134	120	1.32603
134	121	0.524177
134	127	1.3213
134	131	0.52315
134	132	0.519388
134	141	1.35698
134	151	0.514558
134	158	0.526333
134	161	0.484637
134	168	0.504812
134	169	0.498633
134	178	0.495495
134	180	0.501524
135	26	1.27809
135	56	1.32246
135	61	1.29208
135	71	1.42511
135	77	0.505929
135	88	1.36192
135	93	0.517538
135	94	1.26263
135	124	1.38987
135	125	1.35112
135	129	1.35546
135	130	1.24412
135	132	1.30595
135	133	1.3021
135	136	0.499135
135	138	1.31412
135	140	1.30512
135	144	1.28902
135	145	1.32402
135	150	1.30644
135	153	0.532049
135	157	0.505302
135	161	0.489832
135	163	1.32329
135	164	1.33696
135	167	0.513841
135	168	0.510007
135	169	0.503829
135	173	1.31011
135	177	0.510499
135	178	0.500691
135	179	0.514533
135	180	0.506719
136	3	1.36624
136	12	1.40333
136	19	1.40274
136	30	1.31975
136	40	0.50136
136	50	1.436
136	52	1.41912
136	64	0.495696
136	80	0.480028
136	89	1.34638
136	92	1.34933
136	103	1.37238
136	109	0.500124
136	115	1.35257
136	118	1.35985
136	122	0.49489
136	131	0.489459
136	135	0.499135
136	137	1.34744
136	140	0.496331
136	142	1.34741
136	143	0.484976
136	144	1.32411
136	148	1.31973
136	153	1.31763
136	159	0.47048
136	165	1.3195
136	166	1.35978
136	168	0.471121
136	169	1.35784
136	172	1.37887
136	175	0.48964
136	176	0.471505
136	178	0.461805
137	8	1.35235
137	16	1.38142
137	27	0.534386
137	31	0.546699
137	35	1.29956
137	51	0.481471
137	52	1.39833
137	56	0.488825
137	71	0.451411
137	81	1.30949
137	82	1.30928
137	91	1.33673
137	92	1.32855
137	103	1.3516
137	105	1.37046
137	118	1.33907
137	127	1.32551
137	128	1.29489
137	136	1.34744
137	142	1.32662
137	148	1.29895
137	153	1.29685
137	154	0.500687
137	159	0.49328
137	160	0.515711
137	163	0.502806
137	164	0.49267
137	165	1.29872
137	166	1.33899
137	169	1.33706
137	172	1.35809
137	173	0.501914
137	175	0.512439
137	177	0.494412
137	180	0.490633
138	8	0.493304
138	21	0.489527
138	34	0.448539
138	42	1.29331
138	45	1.38212
138	51	1.39265
138	55	0.488973
138	59	1.33589
138	61	1.30814
138	71	1.44117
138	74	1.37096
138	88	1.37798
138	94	1.2787
138	95	1.29716
138	97	0.55309
138	130	1.26018
138	132	1.32201
138	133	1.31817
138	135	1.31412
138	140	1.32118
138	144	1.30509
138	145	1.34008
138	146	0.511279
138	150	1.32251
138	159	0.504098
138	161	0.484563
138	163	1.33935
138	164	1.35303
138	166	0.50236
138	167	0.508572
138	168	0.504738
138	171	0.517816
138	172	0.49553
138	173	1.32618
138	176	0.505122
139	5	0.477858
139	6	1.40802
139	10	0.473917
139	43	1.52863
139	56	1.37095
139	59	0.486613
139	72	1.45712
139	77	0.474105
139	83	1.34297
139	87	1.42261
139	97	1.3244
139	98	1.43515
139	100	1.334
139	102	1.38456
139	116	1.32748
139	117	1.37773
139	119	1.36415
139	126	1.31914
139	131	1.33536
139	132	0.492759
139	146	1.36241
139	147	1.34564
139	149	0.479891
139	151	1.34366
139	152	0.471478
139	154	1.3775
139	155	1.33242
139	160	0.499974
139	162	1.30609
139	167	0.482017
139	168	0.478183
139	169	0.472005
139	173	0.486176
139	176	0.478567
139	179	0.482709
139	180	0.474895
140	1	1.38327
140	4	1.35483
140	11	1.35467
140	21	0.491992
140	26	1.28515
140	29	1.27553
140	47	1.21253
140	54	0.483894
140	61	1.29914
140	64	1.31275
140	73	0.486068
140	74	1.36196
140	77	0.503125
140	94	1.2697
140	95	1.28816
140	109	0.536206
140	124	1.39694
140	125	1.35819
140	129	1.36253
140	132	1.31301
140	133	1.30917
140	135	1.30512
