1	11	0.681408
1	65	0.740193
1	100	1.16411
1	116	0.754727
1	118	1.16625
1	135	0.65855
1	142	1.19875
1	158	1.21523
1	161	1.2332
1	166	1.22226
1	167	1.20018
1	173	0.766393
2	14	1.16747
2	99	1.25337
2	112	1.15291
2	146	0.730608
2	148	1.23202
2	158	1.20265
2	167	1.18761
2	169	0.693839
2	171	1.20397
2	174	0.716158
2	177	0.742637
2	179	0.724274
3	27	0.746944
3	81	1.22596
3	100	1.14709
3	101	0.704788
3	115	0.722191
3	163	1.20054
3	166	1.20524
3	167	1.18316
3	171	1.19953
3	173	0.708693
3	177	0.717762
3	180	1.23847
4	10	0.679599
4	28	0.775519
4	99	0.674862
4	137	0.70768
4	164	1.20225
4	172	1.20423
4	173	1.19444
4	174	1.19228
4	175	1.21462
4	176	0.754144
4	177	1.19573
4	179	1.19644
5	6	1.22454
5	27	1.17207
5	65	1.23342
5	77	1.17444
5	79	1.2238
5	87	1.20765
5	105	1.16409
5	112	0.797462
5	139	0.686978
5	145	0.717023
5	174	0.70386
5	180	0.696607
6	5	1.22454
6	31	1.31824
6	54	1.10475
6	61	1.1246
6	70	0.820487
6	76	1.25415
6	79	1.21672
6	105	1.157
6	110	0.770435
6	141	0.701716
6	147	0.730332
6	178	0.58669
7	54	1.11738
7	70	0.814741
7	79	1.22935
7	87	1.2132
7	116	1.20817
7	129	1.21564
7	133	0.730345
7	140	0.668643
7	148	0.677948
7	151	1.1805
7	155	1.23576
7	163	0.715391
8	109	1.05123
8	126	1.02113
8	129	1.06566
8	131	1.04198
8	143	1.06422
8	151	1.03053
8	152	0.908271
8	155	1.08579
8	158	0.949142
8	176	1.03947
8	178	0.808751
8	179	0.936994
9	30	0.754413
9	41	0.652724
9	58	0.78014
9	106	1.17571
9	132	0.685273
9	143	0.722247
9	152	1.21716
9	157	1.16533
9	173	1.20563
9	174	1.20346
9	175	1.2258
9	177	1.20691
10	4	0.679599
10	40	0.828116
10	59	1.15032
10	120	1.2133
10	130	0.68756
10	134	1.17669
10	147	0.708089
10	163	1.21003
10	167	1.19266
10	171	1.20903
10	173	0.701983
10	180	1.24797
11	1	0.681408
11	22	0.742985
11	36	0.811959
11	106	1.14881
11	145	1.17463
11	158	0.669102
11	160	0.688032
11	173	1.17873
11	175	1.1989
11	177	1.18002
11	178	1.33818
11	179	1.18073
12	70	0.966146
12	87	0.857254
12	116	0.899263
12	137	0.889759
12	151	0.948519
12	153	1.07822
12	157	1.01875
12	168	1.06942
12	172	1.06884
12	173	1.05905
12	175	1.07923
12	177	1.06034
13	110	0.761426
13	115	1.18708
13	119	0.724397
13	136	0.71236
13	144	1.19602
13	146	0.712256
13	156	1.19373
13	159	1.20272
13	170	1.19925
13	172	0.691734
13	176	1.18053
13	180	1.24067
14	2	1.16747
14	45	0.737511
14	103	1.14787
14	117	0.765805
14	118	1.09178
14	141	0.778327
14	144	0.809336
14	149	1.1186
14	161	1.15873
14	166	1.14778
14	167	1.1257
14	171	1.14207
14	177	0.809906
15	21	0.820664
15	84	0.733418
15	89	0.729116
15	112	0.837002
15	156	1.13133
15	159	1.14033
15	167	0.773495
15	168	1.13994
15	173	1.12957
15	176	1.11813
15	177	1.13086
15	179	1.13157
15	180	1.17827
16	34	1.11496
16	83	0.754409
16	91	1.15975
16	104	0.776903
16	123	1.13104
16	131	1.12843
16	143	1.15067
16	148	0.768171
16	151	1.11698
16	155	1.17224
16	165	0.817986
16	174	0.791293
16	176	1.12593
17	116	0.764998
17	153	1.14917
17	154	1.14486
17	155	0.771075
17	159	0.76663
17	164	1.1378
17	170	1.13728
17	171	0.78911
17	172	1.13978
17	174	1.12783
17	176	0.801958
17	177	1.13128
17	179	1.13199
18	47	0.641985
18	58	1.20898
18	67	1.28274
18	71	1.24205
18	80	1.30422
18	94	1.28387
18	97	1.33086
18	122	0.632284
18	124	0.640124
18	146	0.665465
18	150	0.667383
18	178	1.44728
18	179	0.659131
19	42	1.18709
19	78	0.855406
19	136	0.770895
19	138	1.11839
19	144	1.12628
19	145	0.769504
19	152	0.735735
19	156	1.12399
19	159	1.13299
19	163	0.770662
19	170	1.12952
19	176	1.11079
19	180	1.17093
20	24	1.24042
20	58	1.21622
20	67	1.28998
20	71	1.24929
20	80	1.31146
20	97	1.3381
20	110	0.683364
20	145	0.632907
20	162	0.654006
20	176	0.662449
20	177	0.646224
20	178	1.45452
20	179	0.627861
21	15	0.820664
21	56	1.14461
21	109	0.839613
21	120	1.14346
21	134	1.10686
21	149	1.11572
21	154	0.772532
21	158	1.13787
21	160	1.13314
21	163	1.1402
21	168	0.797598
21	178	0.67355
21	180	1.17814
22	11	0.742985
22	117	1.16981
22	129	1.13943
22	133	0.839835
22	143	1.13798
22	151	1.10429
22	152	0.789953
22	156	1.12644
22	159	1.13544
22	167	0.840654
22	176	1.11324
22	178	0.690434
22	180	1.17338
23	66	0.863458
23	101	1.17399
23	102	1.15424
23	109	1.12527
23	126	1.09518
23	129	1.13971
23	133	0.776916
23	141	0.742541
23	143	1.13826
23	153	0.743461
23	155	1.15983
23	162	0.781902
23	176	1.11352
24	20	1.24042
24	37	1.16429
24	58	1.02557
24	67	1.09932
24	71	1.05864
24	94	1.10045
24	97	1.14744
24	130	0.780493
24	138	0.807911
24	153	0.773326
24	174	0.777505
24	175	0.765816
24	178	1.26387
25	121	0.763253
25	136	1.16908
25	146	0.793915
25	149	1.11306
25	154	0.75832
25	158	1.13522
25	160	1.13049
25	161	1.15319
25	162	0.813726
25	166	1.14225
25	167	1.12017
25	171	1.13654
25	174	0.779464
26	36	0.909743
26	49	0.727716
26	65	0.737832
26	102	0.742856
26	119	0.773212
26	148	1.16539
26	168	1.13796
26	172	1.13738
26	173	1.12759
26	174	1.12543
26	175	1.14777
26	177	1.12888
26	179	1.12959
27	3	0.746944
27	5	1.17207
27	40	1.05335
27	49	1.18182
27	63	0.813804
27	65	1.17387
27	77	1.11488
27	81	0.759243
27	105	1.10453
27	113	1.17383
27	128	1.12565
27	130	0.775062
27	143	0.805921
28	4	0.775519
28	37	1.15801
28	93	1.11875
28	94	1.09417
28	97	1.14116
28	101	1.14716
28	116	1.10541
28	151	1.07774
28	154	0.759347
28	157	0.806347
28	168	0.784414
28	174	0.780492
28	178	1.25759
29	71	1.06617
29	74	0.739586
29	80	1.12834
29	83	0.76312
29	94	1.10799
29	129	0.803987
29	136	1.15425
29	163	1.12272
29	166	1.12742
29	170	0.794982
29	171	1.12171
29	174	0.800004
29	178	1.27141
30	9	0.754413
30	89	0.768141
30	102	1.15967
30	119	1.15695
30	123	1.12406
30	131	1.12145
30	143	1.14369
30	151	1.10999
30	155	1.16525
30	162	0.816687
30	168	0.786347
30	176	1.11894
30	180	0.775173
31	6	1.31824
31	38	0.642921
31	49	1.33507
31	54	1.20553
31	76	1.35494
31	87	1.30135
31	105	1.25778
31	110	0.705001
31	113	1.32709
31	139	0.624499
31	148	0.618259
31	166	0.671233
31	168	0.645303
32	43	0.713892
32	68	0.758655
32	132	1.17186
32	133	0.821279
32	138	1.12057
32	144	1.12846
32	147	0.815521
32	156	1.12617
32	159	1.13517
32	170	1.1317
32	176	1.11297
32	179	0.800121
32	180	1.17311
33	72	1.22641
33	112	1.08208
33	127	0.78291
33	137	0.77471
33	141	0.77337
33	142	1.11535
33	149	1.10967
33	160	1.1271
33	163	1.13415
33	171	1.13315
33	173	0.79588
33	174	0.778469
33	180	1.17209
34	16	1.11496
34	93	1.15727
34	108	0.840047
34	116	1.14392
34	123	1.13032
34	126	1.10686
34	130	0.770229
34	143	1.14995
34	155	1.17152
34	159	0.774618
34	172	0.761169
34	175	0.755552
34	176	1.12521
35	88	1.03153
35	108	1.07452
35	111	1.07134
35	122	0.85506
35	136	1.12362
35	140	0.841364
35	150	0.89016
35	158	1.08975
35	161	1.10773
35	166	1.09679
35	167	1.07471
35	172	0.867719
35	178	0.753665
35	180	1.13002
36	11	0.811959
36	26	0.909743
36	112	1.03931
36	125	0.83639
36	134	1.05805
36	135	0.789101
36	136	1.12292
36	142	1.07258
36	160	1.08433
36	161	1.10703
36	166	1.09609
36	169	0.857215
36	171	1.09038
36	180	1.12932
37	24	1.16429
37	28	1.15801
37	53	0.667507
37	55	0.728223
37	67	1.21385
37	71	1.17316
37	80	1.23533
37	94	1.21498
37	97	1.26197
37	141	0.689459
37	160	0.733753
37	168	0.69848
37	172	0.688487
37	178	1.3784
38	31	0.642921
38	47	0.708923
38	87	0.681688
38	103	0.716491
38	125	1.23343
38	152	1.23077
38	163	0.732274
38	165	1.21925
38	170	1.22653
38	172	1.22903
38	173	1.21924
38	177	1.22053
38	179	1.22124
38	180	0.7107
39	69	0.686112
39	81	0.672169
39	118	0.751098
39	121	1.22869
39	136	0.699555
39	141	1.23147
39	157	1.191
39	158	0.705266
39	162	1.21057
39	165	1.23131
39	172	1.24108
39	177	1.23258
39	179	1.2333
39	180	0.677748
40	10	0.828116
40	27	1.05335
40	46	1.15446
40	52	1.1424
40	54	0.993116
40	65	1.1147
40	77	1.05572
40	79	1.10508
40	113	1.11467
40	128	1.06648
40	129	0.863939
40	135	0.769524
40	157	0.885812
40	180	0.852704
41	9	0.652724
41	89	1.23991
41	90	0.718024
41	98	0.727509
41	147	0.704253
41	160	1.21112
41	161	1.23382
41	162	0.714998
41	163	1.21818
41	166	1.22288
41	167	1.2008
41	171	1.21717
41	179	0.688853
41	180	1.25611
42	19	1.18709
42	92	0.70789
42	130	1.21942
42	135	0.622131
42	138	1.22008
42	144	1.22797
42	148	0.689442
42	156	1.22568
42	159	1.23468
42	173	0.729974
42	176	1.21248
42	177	0.739043
42	179	0.72068
42	180	1.27262
43	32	0.713892
43	88	0.74059
43	121	1.21795
43	134	0.715188
43	149	0.704389
43	155	0.650121
43	165	1.22057
43	168	1.23093
43	169	1.23742
43	171	0.668156
43	172	1.23034
43	174	1.21839
43	177	1.22184
43	179	1.22256
44	90	1.08027
44	92	0.830447
44	95	1.0757
44	131	0.891081
44	137	1.10637
44	144	1.08347
44	152	0.814515
44	156	1.08119
44	159	1.09018
44	164	0.830258
44	168	0.839043
44	170	1.08671
44	176	1.06798
44	180	1.12812
45	14	0.737511
45	60	0.763421
45	61	1.16218
45	76	1.29173
45	87	1.23814
45	117	0.652875
45	128	1.21569
45	161	0.677131
45	162	1.20511
45	171	0.700353
45	172	1.23563
45	174	1.22367
45	179	1.22784
45	180	0.663244
46	40	1.15446
46	47	1.27194
46	50	0.636473
46	61	1.17324
46	76	1.30279
46	77	1.21599
46	87	1.2492
46	105	1.20564
46	128	1.22675
46	157	0.718313
46	164	0.687594
46	173	0.709868
46	176	0.735162
46	177	0.718937
47	18	0.641985
47	38	0.708923
47	46	1.27194
47	49	1.24014
47	65	1.23219
47	76	1.26
47	77	1.1732
47	78	0.806448
47	87	1.20641
47	113	1.23215
47	128	1.18397
47	133	0.736658
47	173	0.724794
47	178	0.587257
48	74	1.28938
48	75	1.17031
48	83	0.672089
48	117	1.24479
48	132	1.24711
48	139	0.692091
48	148	0.685851
48	152	0.688367
48	156	1.20142
48	159	1.21042
48	165	0.735666
48	176	1.18822
48	177	0.735453
48	180	1.24836
49	26	0.727716
49	27	1.18182
49	31	1.33507
49	47	1.24014
49	52	1.27087
49	54	1.12158
49	79	1.23355
49	105	1.17383
49	113	1.24314
49	127	0.701948
49	139	0.680625
49	154	0.676362
49	174	0.697507
49	177	0.723987
50	46	0.636473
50	64	0.745397
50	112	0.75403
50	145	1.21692
50	147	1.2278
50	151	0.715428
50	164	1.22883
50	165	1.22104
50	171	0.690284
50	174	1.21886
50	175	1.2412
50	177	1.22231
50	179	1.22303
50	180	0.653175
51	57	1.07376
51	86	0.90464
51	96	1.07958
51	98	1.0286
51	103	0.814153
51	113	0.804969
51	137	0.811856
51	172	1.08138
51	173	1.07159
51	174	1.06942
51	175	1.09176
51	176	0.85832
51	177	1.07287
51	178	1.23104
52	40	1.1424
52	49	1.27087
52	61	1.16119
52	73	0.665856
52	76	1.29073
52	77	1.20393
52	79	1.2533
52	113	1.26289
52	127	0.731607
52	128	1.2147
52	162	0.761427
52	164	0.722302
52	170	0.722144
52	178	0.60704
53	37	0.667507
53	99	0.652783
53	152	1.23262
53	153	1.24026
53	162	1.20036
53	163	0.703682
53	166	0.719213
53	167	0.719455
53	173	1.22109
53	174	1.21892
53	175	1.24127
53	176	0.732065
53	177	1.22238
53	179	1.22309
54	6	1.10475
54	7	1.11738
54	31	1.20553
54	40	0.993116
54	49	1.12158
54	61	1.0119
54	87	1.08785
54	99	0.837856
54	105	1.04429
54	113	1.1136
54	154	0.853289
54	167	0.904528
54	169	0.852115
54	178	0.754308
55	37	0.728223
55	74	0.689659
55	143	0.783924
55	159	0.757453
55	165	1.14248
55	168	1.15284
55	169	1.15933
55	172	1.15226
55	174	1.1403
55	175	1.16264
55	176	0.792782
55	177	1.14376
55	178	1.30192
55	179	1.14447
55	180	0.742824
56	21	1.14461
56	90	0.780377
56	100	1.13155
56	118	1.13369
56	120	1.18826
56	143	0.776936
56	145	0.756252
56	158	1.18266
56	160	1.17793
56	166	1.1897
56	167	1.16762
56	169	0.72077
56	170	0.738067
56	171	1.18399
56	175	0.7314
57	51	1.07376
57	71	0.780987
57	72	0.687927
57	143	0.768376
57	145	1.15713
57	157	1.12094
57	165	1.16125
57	166	0.764381
57	171	0.764385
57	174	1.15907
57	175	1.18141
57	177	1.16252
57	178	1.32069
57	179	1.16323
57	180	0.727276
58	9	0.78014
58	18	1.20898
58	20	1.21622
58	24	1.02557
58	67	1.07512
58	69	1.1039
58	71	1.03444
58	80	1.0966
58	94	1.07625
58	97	1.12324
58	125	0.765009
58	130	0.81114
58	163	0.822474
58	169	0.785834
58	171	0.838009
58	178	1.23967
59	10	1.15032
59	104	0.786237
59	110	1.08316
59	121	0.784416
59	134	1.08754
59	147	0.824144
59	159	0.808004
59	160	1.11382
59	161	1.13652
59	163	1.12088
59	166	1.12558
59	167	1.1035
59	168	0.80455
59	171	1.11987
59	174	0.800628
59	180	1.15881
60	45	0.763421
60	115	1.10244
60	124	0.798446
60	128	0.835194
60	132	1.15478
60	137	1.13426
60	138	1.10348
60	144	1.11137
60	148	0.786215
60	156	1.10908
60	159	1.11808
60	161	0.815971
60	170	1.11461
60	172	0.803265
60	176	1.09588
60	180	1.15602
61	6	1.1246
61	45	1.16218
61	46	1.17324
61	52	1.16119
61	54	1.0119
61	65	1.13349
61	67	0.764776
61	70	0.895715
61	76	1.1613
61	77	1.0745
61	92	0.77737
61	105	1.06415
61	113	1.13345
61	145	0.795206
61	146	0.796493
61	180	0.774791
62	66	0.763032
62	78	0.74628
62	90	1.23164
62	117	1.27592
62	124	0.636324
62	128	0.673072
62	137	1.25773
62	138	1.22695
62	144	1.23484
62	156	1.23255
62	159	1.24155
62	164	0.642351
62	165	0.673908
62	176	1.21935
62	177	0.673694
62	180	1.27949
63	27	0.813804
63	131	0.814103
63	143	0.791989
63	150	1.07241
63	152	1.11006
63	153	1.1177
63	156	0.798424
63	166	0.787994
63	168	1.1089
63	169	1.11539
63	171	0.787999
63	173	1.09853
63	175	1.1187
63	177	1.09981
63	178	1.25798
63	179	1.10053
64	50	0.745397
64	115	1.09754
64	117	1.14755
64	132	1.14988
64	137	1.12937
64	139	0.784499
64	144	1.10647
64	156	1.10419
64	159	1.11318
64	161	0.808016
64	166	0.831234
64	168	0.805303
64	170	1.10971
64	176	1.09098
64	177	0.827861
64	180	1.15112
65	1	0.740193
65	5	1.23342
65	26	0.737832
65	27	1.17387
65	40	1.1147
65	47	1.23219
65	61	1.13349
65	77	1.17623
65	79	1.2256
65	87	1.20944
65	105	1.16588
65	106	0.714298
65	110	0.771243
65	113	1.23519
65	127	0.712064
65	147	0.73114
65	170	0.702601
66	23	0.863458
66	62	0.763032
66	124	1.11209
66	138	0.862635
66	146	1.0729
66	151	0.88723
66	153	1.0934
66	155	0.844051
66	162	1.0535
66	165	1.07423
66	168	1.08459
66	169	1.09109
66	174	1.07206
66	175	1.0944
66	176	0.874935
66	177	1.07551
66	179	1.07622
67	18	1.28274
67	20	1.28998
67	24	1.09932
67	37	1.21385
67	58	1.07512
67	61	0.764776
67	71	1.10819
67	78	0.798211
67	80	1.17036
67	94	1.15001
67	97	1.197
67	147	0.722662
67	154	0.678001
67	162	0.733407
67	165	0.725839
67	175	0.687456
67	178	1.31342
68	32	0.758655
68	98	1.13662
68	134	0.759951
68	146	1.17829
68	156	0.723345
68	157	1.13931
68	160	0.722258
68	161	0.689698
68	164	1.18741
68	168	1.18998
68	171	0.71292
68	172	1.1894
68	174	1.17744
68	176	0.725768
68	177	1.1809
68	178	1.33906
68	179	1.18161
69	39	0.686112
69	58	1.1039
69	80	1.19914
69	85	1.11587
69	94	1.17878
69	97	1.22577
69	109	1.18306
69	133	0.746799
69	142	0.765942
69	151	1.16236
69	154	0.696379
69	155	1.21762
69	171	0.74738
69	173	0.734934
69	176	1.17131
69	178	1.3422
69	179	0.72564
70	6	0.820487
70	7	0.814741
70	12	0.966146
70	61	0.895715
70	87	0.793819
70	105	0.872869
70	118	0.896181
70	130	1.06166
70	140	1.10505
70	147	1.07294
70	148	1.10396
70	165	1.06617
70	168	1.07653
70	175	1.08633
70	177	1.06745
70	178	1.22561
70	179	1.06816
71	18	1.24205
71	20	1.24929
71	24	1.05864
71	29	1.06617
71	37	1.17316
71	57	0.780987
71	58	1.03444
71	67	1.10819
71	73	0.701561
71	80	1.12967
71	94	1.10932
71	97	1.15631
71	109	0.808807
71	122	0.74414
71	156	0.803152
71	170	0.757849
71	176	0.805575
71	178	1.27274
72	33	1.22641
72	57	0.687927
72	109	0.715748
72	110	1.23513
72	118	1.22154
72	121	0.6536
72	142	1.25404
72	158	1.27051
72	160	1.26579
72	161	1.28849
72	164	0.664947
72	165	0.696504
72	167	1.25547
72	169	0.647492
72	170	0.664789
72	171	1.27184
72	179	0.677928
72	180	1.31078
73	52	0.665856
73	71	0.701561
73	89	0.640819
73	97	0.640494
73	98	1.22011
73	153	1.28228
73	155	0.666925
73	156	0.695385
73	157	1.22281
73	160	0.694298
73	164	1.27091
73	166	0.684955
73	169	1.27997
73	170	1.27039
73	173	1.2631
73	174	1.26094
73	177	1.26439
73	179	1.2651
74	29	0.739586
74	48	1.28938
74	55	0.689659
74	95	1.24506
74	105	0.698779
74	115	1.2439
74	125	0.612851
74	133	0.68527
74	137	1.27573
74	138	1.24494
74	148	0.632873
74	156	1.25055
74	159	1.25954
74	170	1.25607
74	176	1.23734
74	177	0.682474
74	179	0.664111
74	180	1.29748
75	48	1.17031
75	84	0.740989
75	90	1.13057
75	132	1.17717
75	134	0.827859
75	137	1.15666
75	138	1.12588
75	139	0.734089
75	141	0.745872
75	144	1.13377
75	149	0.81706
75	150	0.76734
75	156	1.13148
75	159	1.14047
75	170	1.137
75	173	0.768382
75	176	1.11828
75	180	1.17842
76	6	1.25415
76	31	1.35494
76	45	1.29173
76	46	1.30279
76	47	1.26
76	52	1.29073
76	61	1.1613
76	79	1.25341
76	87	1.23726
76	96	0.708517
76	105	1.1937
76	140	0.654407
76	165	0.713527
76	174	0.686833
76	175	0.675144
76	177	0.713313
76	178	0.566708
76	179	0.69495
77	5	1.17444
77	27	1.11488
77	40	1.05572
77	46	1.21599
77	47	1.1732
77	52	1.20393
77	61	1.0745
77	65	1.17623
77	105	1.1069
77	113	1.1762
77	124	0.769072
77	128	1.12801
77	142	0.828381
77	145	0.793126
77	158	0.800227
77	172	0.773891
77	174	0.779963
77	178	0.659837
78	19	0.855406
78	47	0.806448
78	62	0.74628
78	67	0.798211
78	91	1.10646
78	101	1.13311
78	107	1.07294
78	132	0.812351
78	143	1.09739
78	151	1.06369
78	152	1.09562
78	155	1.11895
78	159	0.822854
78	160	0.854672
78	172	1.09387
78	173	1.08409
78	175	1.10426
78	178	1.24354
78	179	1.08608
79	5	1.2238
79	6	1.21672
79	7	1.22935
79	40	1.10508
79	49	1.23355
79	52	1.2533
79	65	1.2256
79	76	1.25341
79	105	1.15626
79	113	1.22556
79	124	0.714541
79	128	1.17738
79	139	0.708549
79	145	0.738594
79	153	0.721252
79	157	0.751287
79	164	0.720568
79	177	0.751911
79	178	0.605306
80	18	1.30422
80	20	1.31146
80	29	1.12834
80	37	1.23533
80	58	1.0966
80	67	1.17036
80	69	1.19914
80	71	1.12967
80	94	1.17149
80	97	1.21848
80	98	0.744766
80	133	0.727268
80	165	0.724686
80	166	0.727845
80	168	0.701915
80	169	0.675674
80	172	0.691921
80	173	0.715403
80	178	1.33491
81	3	1.22596
81	27	0.759243
81	39	0.672169
81	89	1.22774
81	95	0.712998
81	106	0.710256
81	116	0.709325
81	118	1.15471
81	127	0.708022
81	128	1.18511
81	136	1.23754
81	158	1.20368
81	161	1.22166
81	163	1.20601
81	167	1.18864
81	171	1.205
81	174	0.703581
81	177	0.73006
81	180	1.24395
82	107	1.19385
82	113	0.720963
82	119	1.23157
82	126	1.17521
82	131	1.19606
82	135	0.641177
82	139	0.714727
82	141	0.72651
82	144	1.20905
82	151	1.18461
82	152	0.711003
82	155	1.23987
82	156	1.20676
82	159	1.21576
82	164	0.726746
82	173	0.74902
82	175	0.71992
82	176	1.19356
82	180	1.2537
83	16	0.754409
83	29	0.76312
83	48	0.672089
83	119	0.706119
83	149	0.745617
83	150	1.18751
83	152	1.22515
83	154	1.22848
83	157	1.17332
83	159	0.686905
83	162	1.19289
83	163	0.69385
83	165	1.21363
83	172	1.22341
83	173	1.21362
83	174	1.21145
83	177	1.21491
83	179	1.21562
83	180	0.672275
84	15	0.733418
84	75	0.740989
84	132	0.703303
84	134	1.18053
84	136	1.2454
84	142	1.19506
84	149	1.18938
84	158	1.21153
84	160	1.20681
84	161	1.22951
84	163	1.21387
84	164	0.701566
84	166	1.21857
84	167	1.19649
84	168	0.710352
84	170	0.701408
84	171	1.21286
84	172	0.700358
84	179	0.714547
85	69	1.11587
85	91	1.11457
85	93	1.11281
85	101	1.14122
85	102	1.12147
85	106	0.845854
85	119	1.11876
85	129	1.10694
85	131	1.08326
85	139	0.822297
85	143	1.10549
85	148	0.816057
85	151	1.0718
85	155	1.12706
85	170	0.834157
85	174	0.839179
85	176	1.08075
85	178	0.719053
85	180	0.831926
86	51	0.90464
86	101	1.15375
86	104	0.791046
86	107	1.09358
86	109	1.10503
86	116	1.112
86	119	1.13129
86	123	1.09839
86	124	0.794546
86	126	1.07494
86	131	1.09579
86	140	0.77301
86	143	1.11803
86	151	1.08433
86	155	1.13959
86	157	0.831292
86	163	0.819758
86	175	0.793747
86	176	1.09328
87	5	1.20765
87	7	1.2132
87	12	0.857254
87	31	1.30135
87	38	0.681688
87	45	1.23814
87	46	1.2492
87	47	1.20641
87	54	1.08785
87	65	1.20944
87	70	0.793819
87	76	1.23726
87	105	1.14011
87	113	1.20941
87	124	0.669257
87	140	0.647721
87	147	0.703664
87	174	0.680148
87	180	0.672895
88	35	1.03153
88	43	0.74059
88	94	0.838304
88	108	1.10247
88	111	1.09929
88	120	1.1233
88	121	0.802491
88	127	0.823144
88	134	1.0867
88	139	1.14459
88	141	0.813603
88	142	1.10123
88	149	1.09555
88	157	0.844558
88	161	1.13568
88	167	1.10266
88	171	1.11903
88	177	0.845182
88	180	1.15797
89	15	0.729116
89	30	0.768141
89	41	1.23991
89	73	0.640819
89	81	1.22774
89	103	1.20711
89	136	1.23385
89	138	0.732533
89	149	1.17784
89	150	0.718497
89	154	0.680983
89	158	1.19999
89	161	1.21797
89	163	1.20232
89	166	1.20702
89	167	1.18494
89	168	0.70605
89	171	1.20131
89	177	0.728608
90	41	0.718024
90	44	1.08027
90	56	0.780377
90	62	1.23164
90	75	1.13057
90	95	1.15619
90	106	0.760376
90	117	1.20504
90	135	0.663268
90	137	1.18685
90	138	1.15607
90	143	0.787548
90	144	1.16396
90	150	0.770069
90	156	1.16167
90	157	0.779556
90	159	1.17067
90	172	0.747629
90	176	1.14847
90	180	1.20861
91	16	1.15975
91	78	1.10646
91	85	1.11457
91	107	1.17029
91	116	1.18871
91	119	1.208
91	122	0.738224
91	123	1.17511
91	126	1.15165
91	131	1.1725
91	143	1.19474
91	147	1.18822
91	148	0.733833
91	153	0.752775
91	154	0.73581
91	170	0.751933
91	171	0.786811
91	175	0.745265
91	176	1.17
91	179	0.765071
92	42	0.70789
92	44	0.830447
92	61	0.77737
92	116	0.717483
92	120	0.734697
92	133	1.15783
92	147	1.17189
92	150	1.139
92	152	1.17664
92	156	0.75202
92	159	0.719115
92	162	1.14439
92	164	1.17292
92	169	1.18198
92	172	1.1749
92	173	1.16511
92	174	1.16295
92	175	1.18529
92	176	0.754443
92	179	1.16711
93	28	1.11875
93	34	1.15727
93	85	1.11281
93	102	1.20896
93	106	0.752048
93	109	1.17999
93	115	0.776282
93	119	1.20625
93	123	1.17335
93	126	1.1499
93	129	1.19443
93	131	1.17075
93	145	0.758536
93	151	1.15929
93	164	0.74051
93	170	0.740351
93	173	0.762784
93	174	0.745373
93	175	0.733684
93	176	1.16824
94	18	1.28387
94	24	1.10045
94	28	1.09417
94	29	1.10799
94	37	1.21498
94	58	1.07625
94	67	1.15001
94	69	1.17878
94	71	1.10932
94	80	1.17149
94	88	0.838304
94	97	1.19813
94	133	0.765289
94	137	0.732255
94	153	0.731835
94	164	0.73115
94	173	0.753425
94	175	0.724325
94	178	1.31455
94	180	0.728761
95	44	1.0757
95	74	1.24506
95	81	0.712998
95	90	1.15619
95	115	1.15045
95	118	0.791926
95	123	0.77354
95	132	1.20279
95	137	1.18228
95	138	1.1515
95	144	1.15939
95	148	0.702708
95	149	0.791919
95	150	0.742198
95	159	1.16609
95	170	1.16262
95	176	1.1439
95	177	0.752309
95	179	0.733946
95	180	1.20404
96	51	1.07958
96	76	0.708517
96	97	0.723487
96	114	0.765846
96	124	1.20493
96	128	0.763954
96	160	0.77729
96	162	1.14633
96	163	0.752418
96	167	0.768191
96	168	1.17743
96	169	1.18393
96	170	1.17435
96	172	1.17685
96	173	1.16706
96	174	1.16489
96	175	1.18724
96	177	1.16835
96	179	1.16906
96	180	0.730843
97	18	1.33086
97	20	1.3381
97	24	1.14744
97	28	1.14116
97	37	1.26197
97	58	1.12324
97	67	1.197
97	69	1.22577
97	71	1.15631
97	73	0.640494
97	80	1.21848
97	94	1.19813
97	96	0.723487
97	121	0.685592
97	130	0.704791
97	146	0.716253
97	147	0.72532
97	153	0.697624
97	175	0.690114
97	177	0.728283
97	178	1.36154
98	41	0.727509
98	51	1.0286
98	68	1.13662
98	73	1.22011
98	80	0.744766
98	103	0.761724
98	106	1.08615
98	127	1.11053
98	134	0.840073
98	144	0.789095
98	146	1.11475
98	147	1.12285
98	149	0.829275
98	154	1.13094
98	165	1.11608
98	166	0.793038
98	172	1.12586
98	174	1.11391
98	176	0.805891
98	178	1.27553
98	179	1.11807
99	2	1.25337
99	4	0.674862
99	53	0.652783
99	54	0.837856
99	103	1.23376
99	104	0.665444
99	112	1.1769
99	128	1.20807
99	132	0.676708
99	142	1.21017
99	147	0.703352
99	148	1.25601
99	158	1.22664
99	160	1.22192
99	161	1.24462
99	163	1.22897
99	165	0.706528
99	167	1.2116
99	168	0.683757
99	171	1.22797
99	177	0.706314
100	1	1.16411
100	3	1.14709
100	56	1.13155
100	102	0.78447
100	112	1.07507
100	126	0.848037
100	133	1.1091
100	136	1.15868
100	140	0.755808
100	142	1.10834
100	154	0.76709
100	157	0.81409
100	158	1.12481
100	160	1.12009
100	161	1.14279
100	163	1.12714
100	169	0.765916
100	171	1.12614
100	175	0.776545
100	179	0.796351
100	180	1.16508
101	3	0.704788
101	23	1.17399
101	28	1.14716
101	78	1.13311
101	85	1.14122
101	86	1.15375
101	123	1.20176
101	126	1.17831
101	129	1.22284
101	131	1.19916
101	139	0.713036
101	143	1.22139
101	151	1.1877
101	152	0.709312
101	155	1.24296
101	161	0.736552
101	162	0.76418
101	166	0.75977
101	170	0.724896
101	176	1.19665
101	177	0.756398
101	179	0.738035
102	23	1.15424
102	26	0.742856
102	30	1.15967
102	85	1.12147
102	93	1.20896
102	100	0.78447
102	107	1.1772
102	108	0.785453
102	116	1.19562
102	119	1.21491
102	129	1.20309
102	143	1.20165
102	145	0.72581
102	147	1.19512
102	151	1.16795
102	153	0.708468
102	155	1.22321
102	168	0.716569
102	169	0.690328
102	171	0.742504
102	176	1.1769
102	180	0.705395
103	14	1.14787
103	38	0.716491
103	51	0.814153
103	89	1.20711
103	98	0.761724
103	99	1.23376
103	108	1.16781
103	120	1.18864
103	128	1.16447
103	141	0.709851
103	149	1.16089
103	153	0.710771
103	155	0.726772
103	160	1.17832
103	163	1.18538
103	165	0.741644
103	166	1.19008
103	167	1.168
103	170	0.709929
103	171	1.18437
103	174	0.71495
103	180	1.22331
104	16	0.776903
104	59	0.786237
104	86	0.791046
104	99	0.665444
104	114	0.729772
104	129	0.706005
104	137	0.698263
104	140	1.20041
104	152	1.17305
104	153	1.18069
104	154	1.17638
104	164	1.16932
104	165	1.16153
104	168	1.17189
104	169	1.17838
104	174	1.15935
104	175	1.18169
104	176	0.744727
104	177	1.16281
104	178	1.32097
104	179	1.16352
104	180	0.694769
105	5	1.16409
105	6	1.157
105	27	1.10453
105	31	1.25778
105	46	1.20564
105	49	1.17383
105	54	1.04429
105	61	1.06415
105	65	1.16588
105	70	0.872869
105	74	0.698779
105	76	1.1937
105	77	1.1069
105	79	1.15626
105	87	1.14011
105	113	1.16585
105	121	0.742986
105	130	0.762185
105	147	0.782714
105	148	0.736075
105	154	0.738052
105	157	0.785052
105	162	0.793459
106	9	1.17571
106	11	1.14881
106	65	0.714298
106	81	0.710256
106	85	0.845854
106	90	0.760376
106	93	0.752048
106	98	1.08615
106	112	0.816689
106	118	0.789184
106	129	0.72707
106	135	1.22406
106	145	1.12504
106	151	0.778088
106	152	1.14068
106	157	1.08885
106	168	1.13951
106	169	1.14601
106	173	1.12914
106	174	1.12698
106	175	1.14932
106	178	1.2886
106	179	1.13114
107	78	1.07294
107	82	1.19385
107	86	1.09358
107	91	1.17029
107	102	1.1772
107	109	1.14822
107	119	1.17448
107	123	1.14159
107	129	1.16266
107	131	1.13898
107	140	0.755004
107	143	1.16122
107	147	1.15469
107	148	0.764309
107	150	0.803799
107	151	1.12752
107	155	1.18279
107	164	0.782567
107	170	0.782409
107	174	0.78743
107	175	0.775741
107	178	0.667305
107	179	0.795547
108	34	0.840047
108	35	1.07452
108	88	1.10247
108	102	0.785453
108	103	1.16781
108	111	1.14228
108	134	1.12969
108	135	0.698785
108	142	1.14422
108	148	1.19006
108	149	1.13854
108	158	1.16069
108	160	1.15597
108	163	1.16303
108	166	1.16773
108	168	0.79314
108	169	0.766899
108	170	0.784196
108	171	1.16202
108	172	0.783147
108	174	0.789218
108	178	0.669092
108	180	1.20096
109	8	1.05123
109	21	0.839613
109	23	1.12527
109	69	1.18306
109	71	0.808807
109	72	0.715748
109	86	1.10503
109	93	1.17999
109	107	1.14822
109	114	1.15762
109	119	1.18594
109	123	1.15304
109	126	1.12959
109	143	1.17268
109	147	1.16615
109	148	0.739228
109	155	1.19424
109	164	0.757486
109	169	0.740031
109	173	0.77976
109	176	1.14793
109	179	0.770466
109	180	0.755097
110	6	0.770435
110	13	0.761426
110	20	0.683364
110	31	0.705001
110	59	1.08316
110	65	0.771243
110	72	1.23513
110	126	0.839834
110	129	0.784015
110	135	1.22702
110	155	0.791854
110	159	0.787409
110	163	1.14287
110	165	1.13212
110	166	1.14757
110	167	1.12549
110	168	1.14248
110	171	1.14186
110	172	1.14189
110	173	1.13211
110	177	1.13339
110	179	1.13411
110	180	1.1808
111	35	1.07134
111	88	1.09929
111	108	1.14228
111	121	0.776635
111	125	0.749702
111	134	1.12651
111	135	0.702413
111	136	1.19138
111	139	1.1844
111	147	0.816363
111	149	1.13536
111	153	0.788667
111	158	1.15752
111	160	1.15279
111	161	1.17549
111	166	1.16455
111	167	1.14247
111	168	0.796768
111	171	1.15884
111	173	0.810257
111	178	0.67272
111	179	0.800963
111	180	1.19778
112	2	1.15291
112	5	0.797462
112	15	0.837002
112	33	1.08208
112	36	1.03931
112	50	0.75403
112	99	1.1769
112	100	1.07507
112	106	0.816689
112	115	0.840923
112	125	0.766871
112	134	1.09518
112	136	1.16005
112	149	1.10403
112	154	0.78887
112	158	1.12618
112	160	1.12146
112	163	1.12852
112	164	0.805151
112	166	1.13322
112	167	1.11114
112	171	1.12751
112	175	0.798325
112	180	1.16645
113	27	1.17383
113	31	1.32709
113	40	1.11467
113	47	1.23215
113	49	1.24314
113	51	0.804969
113	52	1.26289
113	54	1.1136
113	61	1.13345
113	65	1.23519
113	77	1.1762
113	79	1.22556
113	82	0.720963
113	87	1.20941
113	105	1.16585
113	115	0.736675
113	128	1.18696
113	139	0.688884
113	151	0.760767
113	160	0.74496
113	167	0.73586
113	172	0.699694
113	173	0.723177
113	178	0.58564
114	96	0.765846
114	104	0.729772
114	109	1.15762
114	119	1.18388
114	126	1.12753
114	131	1.14838
114	132	1.20477
114	137	1.18425
114	138	1.15347
114	143	1.17061
114	144	1.16136
114	145	0.757326
114	151	1.13692
114	153	0.739983
114	155	1.19218
114	156	1.15907
114	159	1.16807
114	164	0.739299
114	167	0.774257
114	172	0.738091
114	173	0.761573
114	175	0.732473
114	176	1.14587
114	177	0.770642
114	180	1.20601
115	3	0.722191
115	13	1.18708
115	60	1.10244
115	64	1.09754
115	74	1.2439
115	93	0.776282
115	95	1.15045
115	112	0.840923
115	113	0.736675
115	117	1.19931
115	132	1.20163
115	133	0.776597
115	137	1.18112
115	138	1.15034
115	144	1.15823
115	152	0.726715
115	156	1.15594
115	157	0.773177
115	159	1.16494
115	170	1.16147
115	176	1.14274
115	177	0.773801
115	178	0.627196
115	179	0.755438
115	180	1.20288
116	1	0.754727
116	7	1.20817
116	12	0.899263
116	17	0.764998
116	28	1.10541
116	34	1.14392
116	81	0.709325
116	86	1.112
116	91	1.18871
116	92	0.717483
116	102	1.19562
116	119	1.1929
116	123	1.16001
116	129	1.18108
116	131	1.1574
116	143	1.17964
116	147	1.17311
116	151	1.14595
116	154	0.701013
116	155	1.20121
116	162	0.756419
116	163	0.736479
116	170	0.717135
116	176	1.15489
116	177	0.748637
117	14	0.765805
117	22	1.16981
117	45	0.652875
117	48	1.24479
117	62	1.27592
117	64	1.14755
117	90	1.20504
117	115	1.19931
117	130	1.19969
117	132	1.25164
117	137	1.23113
117	138	1.20035
117	144	1.20824
117	147	0.722308
117	152	0.678185
117	156	1.20595
117	159	1.21495
117	165	0.725484
117	167	0.728885
117	168	0.702713
117	173	0.716202
117	175	0.687101
117	176	1.19275
117	177	0.725271
117	179	0.706908
117	180	1.25289
118	1	1.16625
118	14	1.09178
118	39	0.751098
118	56	1.13369
118	70	0.896181
118	72	1.22154
118	81	1.15471
118	95	0.791926
118	106	0.789184
118	134	1.09594
118	136	1.16082
118	142	1.11048
118	150	0.798878
118	152	0.761903
118	158	1.12695
118	160	1.12223
118	161	1.14493
118	163	1.12928
118	164	0.777645
118	165	0.809202
118	166	1.13399
118	167	1.11191
118	171	1.12828
118	175	0.77082
118	178	0.662383
118	180	1.16722
119	13	0.724397
119	26	0.773212
119	30	1.15695
119	82	1.23157
119	83	0.706119
119	85	1.11876
119	86	1.13129
119	91	1.208
119	93	1.20625
119	102	1.21491
119	107	1.17448
119	109	1.18594
119	114	1.18388
119	116	1.1929
119	122	0.724272
119	123	1.1793
119	126	1.15584
119	135	0.65257
119	150	0.759372
119	151	1.16524
119	155	1.2205
119	160	0.782197
119	161	0.749637
119	162	0.777265
119	169	0.720684
119	172	0.736931
119	176	1.17419
120	10	1.2133
120	21	1.14346
120	56	1.18826
120	88	1.1233
120	92	0.734697
120	103	1.18864
120	123	0.787081
120	133	1.16581
120	142	1.16505
120	148	1.21089
120	150	0.755739
120	158	1.18152
120	160	1.17679
120	161	1.1995
120	163	1.18385
120	166	1.18855
120	167	1.16647
120	169	0.717052
120	171	1.18284
120	172	0.733299
120	174	0.739371
120	175	0.727681
120	176	0.782075
120	177	0.76585
120	178	0.619245
120	179	0.747487
120	180	1.22179
121	25	0.763253
121	39	1.22869
121	43	1.21795
121	59	0.784416
121	72	0.6536
121	88	0.802491
121	97	0.685592
121	105	0.742986
121	111	0.776635
121	122	1.16714
121	125	1.17065
121	128	0.726059
121	140	1.19535
121	150	1.13034
121	151	0.755202
121	152	1.16799
121	154	1.17132
121	155	0.712023
121	164	1.16426
121	168	1.16683
121	173	1.15646
121	174	1.15429
121	175	1.17663
121	177	1.15774
121	178	1.31591
121	179	1.15846
121	180	0.692948
122	18	0.632284
122	35	0.85506
122	71	0.74414
122	91	0.738224
122	119	0.724272
122	121	1.16714
122	125	1.18393
122	131	0.753642
122	141	1.16992
122	142	0.7461
122	145	1.16564
122	146	1.16842
122	150	1.14363
122	151	0.752682
122	153	1.18892
122	156	0.737963
122	158	0.717946
122	162	1.14902
122	164	1.17755
122	165	1.16975
122	169	1.18661
122	174	1.16758
122	175	1.18992
122	177	1.17103
122	178	1.3292
122	179	1.17174
122	180	0.690429
123	16	1.13104
123	30	1.12406
123	34	1.13032
123	86	1.09839
123	91	1.17511
123	93	1.17335
123	95	0.77354
123	101	1.20176
123	107	1.14159
123	109	1.15304
123	116	1.16001
123	119	1.1793
123	120	0.787081
123	129	1.16748
123	131	1.1438
123	147	1.15951
123	148	0.741001
123	151	1.13234
123	152	0.743516
123	155	1.1876
123	169	0.741804
123	171	0.793979
123	173	0.781533
123	174	0.764123
123	175	0.752433
123	176	1.14129
123	179	0.772239
123	180	0.75687
124	18	0.640124
124	60	0.798446
124	62	0.636324
124	66	1.11209
124	77	0.769072
124	79	0.714541
124	86	0.794546
124	87	0.669257
124	96	1.20493
124	127	1.19139
124	138	0.735927
124	140	1.23583
124	142	0.75394
124	145	1.19283
124	150	1.17082
124	157	1.15664
124	164	1.20474
124	165	1.19694
124	168	1.2073
124	169	1.2138
124	171	0.735378
124	172	1.20672
124	173	1.19693
124	174	1.19477
124	175	1.21711
124	176	0.748227
124	177	1.19822
124	179	1.19893
124	180	0.698269
125	36	0.83639
125	38	1.23343
125	58	0.765009
125	74	0.612851
125	111	0.749702
125	112	0.766871
125	121	1.17065
125	122	1.18393
125	131	0.729229
125	132	0.670142
125	134	0.750156
125	135	1.26817
125	140	1.21215
125	145	1.16915
125	149	0.739358
125	157	1.13295
125	162	1.15253
125	166	0.703121
125	167	0.703363
125	168	1.18362
125	169	1.19012
125	172	1.18304
125	173	1.17325
125	174	1.17109
125	175	1.19343
125	177	1.17454
125	178	1.33271
125	179	1.17525
125	180	0.666016
126	8	1.02113
126	23	1.09518
126	34	1.10686
126	82	1.17521
126	86	1.07494
126	91	1.15165
126	93	1.1499
126	100	0.848037
126	101	1.17831
126	109	1.12959
126	110	0.839834
126	114	1.12753
126	119	1.15584
126	129	1.14402
126	131	1.12034
126	132	0.773087
126	139	0.759332
126	143	1.14258
126	144	0.802124
126	147	1.13606
126	150	0.792583
126	151	1.10889
126	155	1.16415
126	161	0.782849
126	164	0.77135
126	168	0.780136
126	170	0.771192
126	176	1.11784
126	179	0.784331
127	33	0.78291
127	49	0.701948
127	52	0.731607
127	65	0.712064
127	81	0.708022
127	88	0.823144
127	98	1.11053
127	124	1.19139
127	133	1.14624
127	138	0.751259
127	141	1.1537
127	142	0.769272
127	144	0.746763
127	148	1.19132
127	150	1.12741
127	152	1.16505
127	164	1.16133
127	165	1.15353
127	166	0.750706
127	168	1.16389
127	169	1.17039
127	171	0.75071
127	172	1.16331
127	173	1.15352
127	174	1.15136
127	175	1.1737
127	176	0.763559
127	177	1.15481
127	178	1.31298
127	179	1.15552
128	27	1.12565
128	40	1.06648
128	45	1.21569
128	46	1.22675
128	47	1.18397
128	52	1.2147
128	60	0.835194
128	62	0.673072
128	77	1.12801
128	79	1.17738
128	81	1.18511
128	96	0.763954
128	99	1.20807
128	103	1.16447
128	113	1.18696
128	121	0.726059
128	130	0.745258
128	138	0.772675
128	142	1.14088
128	146	0.75672
128	149	1.1352
128	153	0.738091
128	161	1.17533
128	165	0.768963
128	166	1.16439
128	167	1.14231
128	170	0.737248
128	171	1.15867
128	174	0.74227
128	179	0.750387
129	7	1.21564
129	8	1.06566
129	22	1.13943
129	23	1.13971
129	29	0.803987
129	40	0.863939
129	85	1.10694
129	93	1.19443
129	101	1.22284
129	102	1.20309
129	104	0.706005
129	106	0.72707
129	107	1.16266
129	110	0.784015
129	116	1.18108
129	123	1.16748
129	126	1.14402
129	131	1.16487
129	133	0.74967
129	140	0.687969
129	143	1.18711
129	146	0.734845
129	147	1.18059
129	151	1.15342
129	155	1.20868
129	162	0.754657
129	165	0.747088
129	172	0.714323
129	173	0.737806
129	176	1.16237
130	10	0.68756
130	24	0.780493
130	27	0.775062
130	34	0.770229
130	42	1.21942
130	58	0.81114
130	70	1.06166
130	97	0.704791
130	105	0.762185
130	117	1.19969
130	128	0.745258
130	132	1.20202
130	136	0.733954
130	137	1.1815
130	138	1.15072
130	144	1.15861
130	154	1.16942
130	156	1.15632
130	158	0.739665
130	159	1.16532
130	160	0.758594
130	161	0.726034
130	165	1.15457
130	169	1.17143
130	172	1.16435
130	173	1.15456
130	175	1.17474
130	177	1.15585
130	179	1.15656
130	180	1.20326
131	8	1.04198
131	16	1.12843
131	30	1.12145
131	44	0.891081
131	63	0.814103
131	82	1.19606
131	85	1.08326
131	86	1.09579
131	91	1.1725
131	93	1.17075
131	101	1.19916
131	107	1.13898
131	114	1.14838
131	116	1.1574
131	122	0.753642
131	123	1.1438
131	125	0.729229
131	126	1.12034
131	129	1.16487
131	135	0.68194
131	143	1.16343
131	150	0.788741
131	151	1.12974
131	154	0.751228
131	155	1.185
131	161	0.779007
131	163	0.786694
131	167	0.802467
131	172	0.766301
131	175	0.760683
131	176	1.13869
132	9	0.685273
132	32	1.17186
132	48	1.24711
132	60	1.15478
132	64	1.14988
132	75	1.17717
132	78	0.812351
132	84	0.703303
132	95	1.20279
132	99	0.676708
132	114	1.20477
132	115	1.20163
132	117	1.25164
132	125	0.670142
132	126	0.773087
132	130	1.20202
132	133	0.74256
132	137	1.23346
132	138	1.20268
132	144	1.21057
132	147	0.736802
132	152	0.692679
132	156	1.20828
132	159	1.21727
132	165	0.739979
132	167	0.74338
132	170	1.2138
132	176	1.19508
132	177	0.739765
132	178	0.593159
132	180	1.25522
133	7	0.730345
133	22	0.839835
133	23	0.776916
133	32	0.821279
133	47	0.736658
133	69	0.746799
133	74	0.68527
133	80	0.727268
133	92	1.15783
133	94	0.765289
133	100	1.1091
133	115	0.776597
133	120	1.16581
133	127	1.14624
133	129	0.74967
133	132	0.74256
133	134	1.12921
133	146	1.15046
133	149	1.13806
133	151	0.800688
133	161	1.17819
133	162	1.13106
133	163	1.16255
133	165	1.1518
133	166	1.16725
133	167	1.14517
133	168	1.16216
133	169	1.16865
133	170	1.15907
133	171	1.16154
133	172	1.16157
133	179	1.15378
133	180	1.20048
134	10	1.17669
134	21	1.10686
134	36	1.05805
134	43	0.715188
134	59	1.08754
134	68	0.759951
134	75	0.827859
134	84	1.18053
134	88	1.0867
134	98	0.840073
134	108	1.12969
134	111	1.12651
134	112	1.09518
134	118	1.09594
134	125	0.750156
134	133	1.12921
134	136	1.17878
134	138	0.823706
134	142	1.12844
134	148	1.17429
134	158	1.14492
134	160	1.14019
134	163	1.14725
134	165	0.819993
134	166	1.15195
134	167	1.12987
134	169	0.770981
134	170	0.788278
134	171	1.14624
134	175	0.781611
134	176	0.836005
134	177	0.81978
134	178	0.673174
134	180	1.18518
135	1	0.65855
135	36	0.789101
135	40	0.769524
135	42	0.622131
135	82	0.641177
135	90	0.663268
135	106	1.22406
135	108	0.698785
135	110	1.22702
135	111	0.702413
135	119	0.65257
135	125	1.26817
135	131	0.68194
135	140	1.29287
135	141	1.25415
135	142	0.674398
135	143	0.659827
135	145	1.24987
135	146	1.25266
135	149	0.692069
135	150	1.22786
135	154	1.26884
135	157	1.21368
135	161	0.632614
135	162	1.23325
135	164	1.26178
135	169	1.27084
135	171	0.655836
135	172	1.26376
135	173	1.25398
135	174	1.25181
135	175	1.27415
135	177	1.25526
135	179	1.25598
136	13	0.71236
136	19	0.770895
136	25	1.16908
136	29	1.15425
136	35	1.12362
136	36	1.12292
136	39	0.699555
136	81	1.23754
136	84	1.2454
136	89	1.23385
136	100	1.15868
136	111	1.19138
136	112	1.16005
136	118	1.16082
136	130	0.733954
136	134	1.17878
136	142	1.19332
136	143	0.764813
136	149	1.18764
136	158	1.20979
136	160	1.20506
136	161	1.22777
136	162	0.765228
136	163	1.21212
136	165	0.75766
136	166	1.21682
136	170	0.725944
136	171	1.21111
136	172	0.724895
136	174	0.730966
136	175	0.719277
136	177	0.757446
136	178	0.610841
136	179	0.739083
137	4	0.70768
137	12	0.889759
137	33	0.77471
137	44	1.10637
137	51	0.811856
137	60	1.13426
137	62	1.25773
137	64	1.12937
137	74	1.27573
137	75	1.15666
137	90	1.18685
137	94	0.732255
137	95	1.18228
137	104	0.698263
137	114	1.18425
137	115	1.18112
137	117	1.23113
137	130	1.1815
137	132	1.23346
137	138	1.18216
137	141	0.707554
137	144	1.19005
137	145	0.725816
137	153	0.708474
137	154	0.691509
137	156	1.18776
137	158	0.732918
137	159	1.19676
137	163	0.726975
137	170	1.19329
137	172	0.706581
137	176	1.17456
137	178	0.592527
137	180	1.2347
138	19	1.11839
138	24	0.807911
138	32	1.12057
138	42	1.22008
138	60	1.10348
138	62	1.22695
138	66	0.862635
138	74	1.24494
138	75	1.12588
138	89	0.732533
138	90	1.15607
138	95	1.1515
138	114	1.15347
138	115	1.15034
138	117	1.20035
138	124	0.735927
138	127	0.751259
138	128	0.772675
138	130	1.15072
138	132	1.20268
138	134	0.823706
138	137	1.18216
138	140	0.714391
138	141	0.741718
138	144	1.15927
138	148	0.723696
138	153	0.742639
138	156	1.15698
138	159	1.16598
138	168	0.75074
138	169	0.724499
138	170	1.16251
138	176	1.14378
138	178	0.626692
138	180	1.20392
139	5	0.686978
139	31	0.624499
139	48	0.692091
139	49	0.680625
139	64	0.784499
139	75	0.734089
139	79	0.708549
139	82	0.714727
139	85	0.822297
139	88	1.14459
139	101	0.713036
139	111	1.1844
139	113	0.688884
139	126	0.759332
139	143	0.733377
139	146	1.19306
139	149	1.18066
139	152	1.20591
139	153	1.21355
139	155	0.711352
139	158	1.20281
139	160	1.19808
139	161	1.22079
139	164	1.20218
