1	54	1.00662
1	55	1.0171
1	85	1.00063
1	93	1.02495
1	96	1.07494
1	141	1.13005
1	144	1.09344
1	153	0.968694
1	163	1.11353
1	168	1.24995
1	176	0.982376
1	178	1.27184
2	101	0.959951
2	102	0.922162
2	106	0.939623
2	121	0.926611
2	123	1.20033
2	128	0.946991
2	139	1.27163
2	161	0.947039
2	175	0.771411
2	176	1.4206
2	179	1.6577
2	180	0.78616
3	114	0.968845
3	124	1.08341
3	126	1.0916
3	127	1.04942
3	133	1.04433
3	158	0.983839
3	163	1.12433
3	173	1.09018
3	174	0.915929
3	177	0.92513
3	178	1.28263
3	180	1.37574
4	70	1.08819
4	91	1.0314
4	136	0.922263
4	143	1.01822
4	146	1.19359
4	147	1.0773
4	149	1.07601
4	159	0.92147
4	166	1.14212
4	176	0.986555
4	178	1.18163
4	179	1.30129
5	33	1.05612
5	37	0.725337
5	81	0.884968
5	99	0.717956
5	102	0.765244
5	107	1.12019
5	124	0.758581
5	167	1.02147
5	171	1.00635
5	174	0.97736
5	177	0.986561
5	178	1.03213
6	42	1.03366
6	62	0.99809
6	73	0.960051
6	84	0.985056
6	89	1.14005
6	153	0.906421
6	154	0.910602
6	159	1.01629
6	161	1.06665
6	170	1.08918
6	174	1.41939
6	177	1.40997
7	83	0.985314
7	88	1.00528
7	98	1.06749
7	107	1.03958
7	111	1.13456
7	125	0.895746
7	162	1.02161
7	168	1.26021
7	173	1.071
7	174	0.896749
7	176	1.16466
7	179	1.40176
8	94	1.02171
8	108	1.11821
8	113	1.05465
8	115	1.07744
8	121	1.07017
8	128	1.09055
8	141	1.3572
8	173	0.0486455
8	174	1.70882
8	175	0.914969
8	178	1.49899
8	180	0.929718
9	19	1.04407
9	31	1.10421
9	48	1.10925
9	51	1.04595
9	79	1.0859
9	129	0.955046
9	156	1.09841
9	158	0.998082
9	174	1.50671
9	175	0.897915
9	176	1.17944
9	180	0.912663
10	88	0.98046
10	92	1.12303
10	107	1.01476
10	111	1.10974
10	118	1.02026
10	146	1.26308
10	161	1.0539
10	162	0.990631
10	165	1.11826
10	173	1.04618
10	174	0.871927
10	180	1.34422
11	45	1.23503
11	59	0.974547
11	64	1.03843
11	84	0.949971
11	101	1.04448
11	104	1.30455
11	122	1.22238
11	128	1.03152
11	149	1.12866
11	161	1.03157
11	162	1.25755
11	177	0.858791
11	180	0.870688
12	14	1.08184
12	27	1.00737
12	65	0.875893
12	78	0.999432
12	80	0.982281
12	90	0.916468
12	97	0.966468
12	141	0.910269
12	155	1.17806
12	159	0.935675
12	165	1.22907
12	166	1.32242
12	175	1.52897
13	39	1.01628
13	45	1.07529
13	47	1.01628
13	54	0.950098
13	55	0.960579
13	85	0.94411
13	93	0.968421
13	96	1.01842
13	123	1.02059
13	142	1.17352
13	172	1.39764
13	176	0.925852
13	179	1.47796
14	12	1.08184
14	71	1.12956
14	80	1.14297
14	90	1.07716
14	97	1.12716
14	136	1.18644
14	139	0.818064
14	146	1.09644
14	147	1.14487
14	159	1.09637
14	160	1.07146
14	176	0.967038
14	180	1.17758
15	20	0.987634
15	54	0.951677
15	85	0.945689
15	93	0.970001
15	96	1.02
15	138	1.20508
15	141	1.24616
15	143	0.959098
15	144	1.03849
15	148	1.08667
15	155	1.20409
15	176	0.927432
15	178	1.38795
16	34	0.924644
16	41	1.00523
16	70	1.02025
16	91	0.963459
16	116	1.13165
16	141	1.20137
16	143	0.950282
16	147	1.00936
16	149	1.00807
16	153	1.04002
16	168	1.32127
16	176	0.918616
16	180	1.43626
17	23	0.859897
17	49	1.027
17	73	0.9023
17	76	0.988193
17	83	0.862449
17	101	0.876664
17	112	1.0152
17	126	1.03612
17	128	0.750506
17	133	0.988856
17	166	0.941618
17	178	0.915219
17	179	0.887874
18	58	0.977599
18	71	0.989269
18	78	1.01983
18	80	1.00268
18	90	0.936868
18	97	0.986868
18	123	1.14463
18	130	1.27749
18	141	0.930669
18	149	1.09297
18	158	1.18355
18	159	0.956076
18	166	1.44284
19	9	1.04407
19	31	1.05213
19	51	0.993873
19	68	1.02105
19	79	1.03382
19	130	1.19663
19	140	1.18328
19	148	0.94862
19	151	1.05011
19	165	1.26863
19	172	1.44083
19	175	0.845834
19	180	0.860583
20	15	0.987634
20	55	0.960664
20	85	0.944195
20	93	0.968507
20	96	1.0185
20	118	1.02763
20	143	0.957604
20	144	1.037
20	154	0.959523
20	160	1.24547
20	171	1.4328
20	174	1.46831
20	176	0.925938
21	24	1.00993
21	32	1.01815
21	53	1.0386
21	87	0.946194
21	95	0.905233
21	120	0.984995
21	132	1.05302
21	148	0.915954
21	153	1.03876
21	162	1.08142
21	173	0.981068
21	175	1.50895
21	179	1.46156
22	43	0.975044
22	46	0.976516
22	49	0.990636
22	66	1.0123
22	72	1.0068
22	76	0.951832
22	110	0.86253
22	114	1.0402
22	144	1.02453
22	149	0.964612
22	152	1.70478
22	163	1.19568
22	176	1.23655
23	17	0.859897
23	83	1.00048
23	88	1.02044
23	98	1.08265
23	107	1.05474
23	111	1.14973
23	131	1.20301
23	140	1.17629
23	148	1.09322
23	150	1.10714
23	158	1.09569
23	161	1.09389
23	173	1.08616
23	174	0.91191
24	21	1.00993
24	32	1.10142
24	56	1.09235
24	95	0.988507
24	103	1.00751
24	140	0.953618
24	145	1.13676
24	148	0.999228
24	157	1.03593
24	166	1.13231
24	170	1.05144
24	173	1.06434
24	174	1.38165
24	178	1.17182
25	61	1.00942
25	62	0.884664
25	69	0.953291
25	73	0.846625
25	84	0.871631
25	89	1.02663
25	104	1.18678
25	147	0.951368
25	159	0.90286
25	161	0.953227
25	163	1.24196
25	165	1.26741
25	170	1.27989
25	175	1.56732
26	33	0.998398
26	38	1.08828
26	59	1.04459
26	60	1.04286
26	64	1.10847
26	119	1.09088
26	120	1.09781
26	129	0.857133
26	159	0.938802
26	164	1.21847
26	165	1.06611
26	172	1.23831
26	174	1.40879
26	177	0.928836
27	12	1.00737
27	78	1.08565
27	80	1.0685
27	90	1.00269
27	97	1.05269
27	134	0.997576
27	144	1.09072
27	147	1.0704
27	158	0.869921
27	159	1.02189
27	164	1.18822
27	175	1.33576
27	176	1.05128
27	179	1.28837
28	31	0.825961
28	64	0.855675
28	85	0.968063
28	87	1.0157
28	97	0.988174
28	134	0.951639
28	152	0.837839
28	158	1.01747
28	162	1.01228
28	164	0.917632
28	169	0.954009
28	170	0.944542
28	178	0.89591
28	179	0.868564
29	31	1.12048
29	37	1.1295
29	48	1.12551
29	51	1.06222
29	79	1.10216
29	123	0.916933
29	138	1.07178
29	142	1.06986
29	148	1.01696
29	151	0.903268
29	167	1.31069
29	175	0.914179
29	177	1.45505
29	180	0.928927
30	34	1.02868
30	45	1.03069
30	70	1.12429
30	91	1.0675
30	136	0.958363
30	139	0.9429
30	140	0.991112
30	143	1.05432
30	147	1.1134
30	162	0.948826
30	171	1.38363
30	172	1.24866
30	176	1.02266
30	178	1.20931
31	9	1.10421
31	19	1.05213
31	28	0.825961
31	29	1.12048
31	37	1.1213
31	68	1.08119
31	79	1.09396
31	110	1.2499
31	142	1.00408
31	152	1.53965
31	156	0.990393
31	162	0.928376
31	175	0.905979
31	180	0.920727
32	21	1.01815
32	24	1.10142
32	56	1.10057
32	67	1.0571
32	87	1.03768
32	95	0.996723
32	103	1.01573
32	122	0.915011
32	138	1.0278
32	164	1.23017
32	165	1.07781
32	167	1.26672
32	173	1.07256
32	178	1.21067
33	5	1.05612
33	26	0.998398
33	38	0.934387
33	59	0.890702
33	60	0.888966
33	64	0.954583
33	115	1.1496
33	120	0.943921
33	123	0.957959
33	129	1.22932
33	148	1.26988
33	159	1.31099
33	177	0.774947
33	178	1.57115
34	16	0.924644
34	30	1.02868
34	70	0.973402
34	91	0.916608
34	119	0.953635
34	135	1.1572
34	136	0.807473
34	142	1.25551
34	147	0.962507
34	149	0.961218
34	167	1.49634
34	169	1.30869
34	170	1.31991
34	176	0.871765
35	37	1.13338
35	48	1.1294
35	51	1.0661
35	68	1.09328
35	79	1.10605
35	141	0.989713
35	148	1.02085
35	155	0.94764
35	170	1.01112
35	171	1.30581
35	175	0.918063
35	177	1.3319
35	178	1.1315
35	180	0.932812
36	83	0.871248
36	88	0.891215
36	92	1.03379
36	98	0.953426
36	107	0.925513
36	111	1.0205
36	148	1.17581
36	151	1.12571
36	161	0.96466
36	165	1.34422
36	167	1.53313
36	173	0.956932
36	174	0.782683
36	176	1.35964
37	5	0.725337
37	29	1.1295
37	31	1.1213
37	35	1.13338
37	51	1.06304
37	68	1.09022
37	118	1.10485
37	148	1.01779
37	155	1.15185
37	158	1.03691
37	163	1.1774
37	175	0.915002
37	178	1.33571
37	180	0.92975
38	26	1.08828
38	33	0.934387
38	59	0.980581
38	60	0.978845
38	64	1.04446
38	119	1.02687
38	120	1.0338
38	123	1.04784
38	129	0.968088
38	136	1.41188
38	157	1.17403
38	158	1.01112
38	163	1.15161
38	177	0.864826
38	180	1.40302
39	13	1.01628
39	47	1.04659
39	54	0.980407
39	55	0.990888
39	85	0.974419
39	93	0.998731
39	96	1.04873
39	132	0.889982
39	143	0.987828
39	152	1.52965
39	155	0.995006
39	169	1.04726
39	174	1.3887
39	176	0.956162
39	180	1.27197
40	63	1.00034
40	100	0.976676
40	102	1.03414
40	108	1.08662
40	113	1.02306
40	121	1.03858
40	128	1.05896
40	136	1.23796
40	159	0.87584
40	171	1.31031
40	174	1.34583
40	175	0.883385
40	176	1.01856
40	177	1.3364
40	180	0.898133
41	16	1.00523
41	65	0.928485
41	70	1.05398
41	91	0.997189
41	119	1.03422
41	136	0.888054
41	143	0.984012
41	147	1.04309
41	148	1.11324
41	149	1.0418
41	153	1.11137
41	162	1.15403
41	165	1.28166
41	176	0.952346
41	179	1.53418
42	6	1.03366
42	61	1.07413
42	62	0.949379
42	69	1.01801
42	73	0.911339
42	84	0.936345
42	89	1.09134
42	130	1.11062
42	142	1.13069
42	159	0.967574
42	161	1.01794
42	162	1.05499
42	164	1.33498
42	165	1.18262
42	178	1.31548
43	22	0.975044
43	46	0.990361
43	50	0.982429
43	57	0.938865
43	66	1.02615
43	76	0.965677
43	77	0.998505
43	125	0.963888
43	134	1.1791
43	143	1.10277
43	144	1.03837
43	145	1.0846
43	151	0.998865
43	168	1.32835
43	177	1.55064
44	66	0.931379
44	103	0.962523
44	113	1.02014
44	124	1.05014
44	132	0.987944
44	133	1.0909
44	134	0.920742
44	150	0.969959
44	156	0.946296
44	164	0.886735
44	165	0.91493
44	171	0.83924
44	178	0.865013
44	179	0.837667
44	180	0.831343
45	11	1.23503
45	13	1.07529
45	30	1.03069
45	55	1.10364
45	79	0.90357
45	83	1.11403
45	91	0.918617
45	109	0.927413
45	110	0.822836
45	117	0.989872
45	133	0.912802
45	160	0.873008
45	176	0.873774
45	178	0.839165
45	179	0.81182
46	22	0.976516
46	43	0.990361
46	49	1.00595
46	50	0.983901
46	57	0.940337
46	66	1.02762
46	72	1.02212
46	76	0.96715
46	132	0.97707
46	136	1.36792
46	141	1.12417
46	145	1.08607
46	156	1.06749
46	166	1.22645
46	180	1.35906
47	13	1.01628
47	39	1.04659
47	54	0.980409
47	55	0.99089
47	85	0.974421
47	93	0.998732
47	96	1.04873
47	110	1.23587
47	137	1.03142
47	143	0.98783
47	164	1.19433
47	167	1.23088
47	170	1.05445
47	176	0.956164
47	177	1.37523
48	9	1.10925
48	29	1.12551
48	35	1.1294
48	68	1.08623
48	79	1.099
48	135	1.02222
48	142	1.12054
48	148	1.0138
48	156	1.10685
48	159	1.04516
48	163	1.14701
48	168	1.28343
48	175	0.911017
48	180	0.925765
49	17	1.027
49	22	0.990636
49	46	1.00595
49	50	0.998021
49	57	0.954457
49	66	1.04174
49	72	1.03624
49	104	1.02372
49	110	0.891967
49	144	1.05396
49	146	1.24916
49	160	1.22419
49	163	1.0789
49	169	1.1056
49	174	1.44703
50	43	0.982429
50	46	0.983901
50	49	0.998021
50	57	0.932405
50	66	1.01969
50	72	1.01419
50	76	0.959217
50	114	0.99556
50	144	1.03191
50	145	1.07814
50	148	1.00808
50	152	1.66014
50	159	1.04919
50	162	1.04886
50	167	1.3654
51	9	1.04595
51	19	0.993873
51	29	1.06222
51	35	1.0661
51	37	1.06304
51	68	1.02293
51	79	1.0357
51	131	1.13093
51	149	0.93303
51	153	1.01926
51	157	1.18652
51	174	1.53224
51	175	0.847719
51	178	1.32241
51	180	0.862468
52	105	1.0361
52	109	0.99682
52	112	1.00855
52	117	1.05928
52	124	1.02128
52	126	1.02947
52	127	0.987291
52	129	1.11984
52	133	0.982209
52	136	0.878889
52	137	1.31826
52	142	1.27689
52	149	1.07229
52	150	1.17432
52	153	1.15853
53	21	1.0386
53	67	1.07756
53	75	1.15361
53	87	1.05814
53	95	1.01718
53	103	1.03619
53	110	1.18659
53	122	0.829883
53	136	1.22751
53	140	0.907344
53	148	1.0279
53	149	1.0976
53	168	1.10365
53	172	1.16489
53	173	1.09302
53	175	1.29259
54	1	1.00662
54	13	0.950098
54	15	0.951677
54	39	0.980407
54	47	0.980409
54	55	0.924708
54	93	0.93255
54	96	0.982549
54	136	1.44341
54	144	1.00104
54	151	0.990072
54	163	1.18314
54	166	1.30194
54	167	1.3975
54	169	1.20984
54	176	0.889982
55	1	1.0171
55	13	0.960579
55	20	0.960664
55	39	0.990888
55	45	1.10364
55	47	0.99089
55	54	0.924708
55	85	0.91872
55	93	0.943032
55	96	0.99303
55	138	1.20378
55	139	1.12024
55	151	1.03527
55	168	1.36476
55	176	0.900463
55	179	1.50631
56	24	1.09235
56	32	1.10057
56	75	1.12408
56	87	1.02861
56	95	0.987654
56	103	1.00666
56	119	1.06049
56	142	0.990252
56	145	1.1359
56	153	0.871891
56	159	0.914873
56	169	1.04343
56	172	1.21438
56	173	1.06349
56	174	1.38486
56	179	1.29469
57	43	0.938865
57	46	0.940337
57	49	0.954457
57	50	0.932405
57	66	0.976121
57	72	0.970624
57	76	0.915653
57	77	0.948481
57	134	1.12018
57	137	1.1479
57	143	1.04385
57	144	0.988347
57	145	1.03457
57	166	1.25181
57	171	1.46563
57	177	1.49172
58	18	0.977599
58	59	0.965074
58	60	0.963337
58	90	0.95252
58	97	1.00252
58	113	0.986143
58	116	1.26439
58	118	1.24504
58	128	1.02205
58	147	1.02024
58	148	1.17463
58	158	1.17711
58	163	1.3176
58	169	1.34429
58	177	0.849318
58	180	0.861215
59	11	0.974547
59	26	1.04459
59	33	0.890702
59	38	0.980581
59	58	0.965074
59	60	0.93516
59	64	1.00078
59	115	1.01218
59	119	0.983186
59	123	1.00415
59	138	1.25086
59	139	1.16732
59	157	1.29784
59	172	1.47308
59	176	1.31629
59	177	0.821141
60	26	1.04286
60	33	0.888966
60	38	0.978845
60	58	0.963337
60	59	0.93516
60	64	0.999041
60	119	0.98145
60	120	0.988379
60	123	1.00242
60	151	1.03897
60	158	1.09155
60	162	1.12986
60	164	1.40985
60	166	1.35084
60	177	0.819405
60	179	1.51
61	25	1.00942
61	42	1.07413
61	62	1.03856
61	69	1.10719
61	73	1.00053
61	84	1.02553
61	89	1.18053
61	114	0.844642
61	123	0.820721
61	157	1.02254
61	159	1.05676
61	161	1.10713
61	164	1.17793
61	174	1.36826
61	175	1.32548
61	178	1.15843
62	6	0.99809
62	25	0.884664
62	42	0.949379
62	61	1.03856
62	69	0.98244
62	73	0.875773
62	84	0.900779
62	89	1.05578
62	129	1.13237
62	134	1.30306
62	149	1.08482
62	158	1.17541
62	159	0.932008
62	161	0.982375
62	176	1.35676
62	178	1.4742
63	40	1.00034
63	82	1.03425
63	106	0.984852
63	108	1.01988
63	113	0.956317
63	121	0.97184
63	128	0.99222
63	150	0.926757
63	152	1.56489
63	156	1.01563
63	161	0.992268
63	171	1.38842
63	175	0.81664
63	177	1.4145
63	178	1.2141
63	180	0.831388
64	11	1.03843
64	26	1.10847
64	28	0.855675
64	33	0.954583
64	38	1.04446
64	59	1.00078
64	60	0.999041
64	110	1.27962
64	119	1.04707
64	120	1.054
64	123	1.06803
64	143	0.971107
64	157	1.08269
64	164	1.23808
64	170	1.09819
64	171	1.39289
64	177	0.885022
65	12	0.875893
65	41	0.928485
65	68	0.828268
65	79	0.700545
65	93	1.02874
65	139	1.08974
65	144	0.764318
65	156	1.07025
65	161	0.764886
65	163	1.04227
65	165	1.03888
65	166	1.01537
65	170	1.0376
65	171	0.963194
65	172	0.992049
65	178	0.988967
65	179	0.961621
66	22	1.0123
66	43	1.02615
66	44	0.931379
66	46	1.02762
66	49	1.04174
66	50	1.01969
66	57	0.976121
66	72	1.05791
66	76	1.00293
66	110	0.913632
66	132	0.961304
66	135	0.967093
66	139	0.983776
66	141	1.1084
66	145	1.12186
66	152	1.60098
66	179	1.36985
67	32	1.0571
67	53	1.07756
67	75	1.08062
67	87	0.985147
67	95	0.944187
67	103	0.963193
67	125	0.850194
67	141	1.09476
67	143	0.989078
67	145	1.09244
67	146	1.24851
67	148	0.954908
67	149	1.0246
67	163	1.07824
67	171	1.41086
67	173	1.02002
67	177	1.43695
68	19	1.02105
68	31	1.08119
68	35	1.09328
68	37	1.09022
68	48	1.08623
68	51	1.02293
68	65	0.828268
68	79	1.06288
68	125	0.927947
68	135	1.0312
68	148	0.97768
68	149	0.924922
68	157	1.17841
68	174	1.52413
68	175	0.874894
68	177	1.5147
68	180	0.889643
69	25	0.953291
69	42	1.01801
69	61	1.10719
69	62	0.98244
69	73	0.944401
69	84	0.969406
69	89	1.1244
69	139	1.28075
69	143	1.29969
69	147	1.04914
69	148	1.24588
69	151	1.19578
69	155	1.3633
69	159	1.00064
69	161	1.051
69	173	0.0330115
69	180	1.64026
70	4	1.08819
70	16	1.02025
70	30	1.12429
70	34	0.973402
70	41	1.05398
70	91	1.01222
70	123	0.939773
70	134	1.10634
70	136	0.903082
70	141	1.1357
70	143	0.99904
70	147	1.05812
70	151	0.926107
70	160	1.26446
70	164	1.29699
70	175	1.44453
70	176	0.967374
71	14	1.12956
71	18	0.989269
71	78	1.04715
71	80	1.03
71	90	0.964189
71	97	1.01419
71	125	0.939128
71	131	1.13401
71	140	1.10728
71	141	0.95799
71	144	1.05222
71	147	1.03191
71	154	1.02652
71	158	1.02669
71	159	0.983397
71	167	1.38153
71	171	1.49979
72	22	1.0068
72	46	1.02212
72	49	1.03624
72	50	1.01419
72	57	0.970624
72	66	1.05791
72	76	0.997437
72	110	0.908135
72	125	1.01114
72	135	1.1144
72	144	1.07013
72	145	1.11636
72	148	1.09622
72	153	1.09435
72	163	1.23919
72	170	1.27711
72	176	1.28005
73	6	0.960051
73	17	0.9023
73	25	0.846625
73	42	0.911339
73	61	1.00053
73	62	0.875773
73	69	0.944401
73	84	0.86274
73	89	1.01774
73	125	1.05054
73	134	1.26575
73	147	0.942477
73	159	0.893969
73	161	0.944336
73	174	1.64672
73	176	1.31945
73	179	1.55655
74	81	0.958863
74	99	1.03902
74	105	1.01513
74	109	0.975847
74	112	0.98758
74	117	1.03831
74	122	1.02585
74	126	1.0085
74	127	0.966319
74	130	1.11665
74	133	0.961236
74	137	1.17809
74	159	1.06135
74	160	1.30849
74	167	1.37755
74	173	1.00708
74	177	0.842033
74	179	1.44117
75	53	1.15361
75	56	1.12408
75	67	1.08062
75	87	1.0612
75	95	1.02024
75	103	1.03925
75	119	1.09307
75	123	0.871374
75	146	1.22104
75	148	1.03096
75	149	1.10066
75	156	1.01062
75	157	1.0732
75	159	0.948923
75	160	1.19607
75	165	1.07623
75	173	1.09608
75	180	1.30219
76	17	0.988193
76	22	0.951832
76	43	0.965677
76	46	0.96715
76	50	0.959217
76	57	0.915653
76	66	1.00293
76	72	0.997437
76	77	0.975294
76	122	1.10813
76	129	1.06196
76	134	1.23265
76	144	1.01516
76	145	1.06139
76	148	1.10251
76	154	1.10483
76	170	1.28341
76	174	1.61362
77	43	0.998505
77	57	0.948481
77	76	0.975294
77	111	1.08537
77	124	1.01503
77	127	0.981039
77	133	0.975956
77	145	1.09422
77	152	1.57234
77	156	1.02309
77	160	1.20854
77	162	0.961071
77	170	1.10118
77	172	1.2609
77	173	1.0218
77	174	0.847552
77	175	1.3886
77	177	0.856754
78	12	0.999432
78	18	1.01983
78	27	1.08565
78	71	1.04715
78	80	1.06057
78	90	0.994753
78	97	1.04475
78	139	0.910928
78	141	0.988554
78	144	1.08279
78	147	1.06247
78	157	1.04145
78	159	1.01396
78	160	1.16432
78	165	1.04448
78	172	1.21668
78	174	1.38717
78	176	1.0599
78	180	1.27044
79	9	1.0859
79	19	1.03382
79	29	1.10216
79	31	1.09396
79	35	1.10605
79	45	0.90357
79	48	1.099
79	51	1.0357
79	65	0.700545
79	68	1.06288
79	136	1.28854
79	148	0.990449
79	158	0.887782
79	166	1.14707
79	172	1.22592
79	175	0.887664
79	177	1.38698
79	178	1.18658
79	180	0.902412
80	12	0.982281
80	14	1.14297
80	18	1.00268
80	27	1.0685
80	71	1.03
80	78	1.06057
80	90	0.977602
80	97	1.0276
80	140	1.05138
80	142	1.0848
80	143	1.02211
80	144	1.06563
80	147	1.04532
80	149	0.8802
80	158	0.970783
80	159	0.99681
80	160	1.25656
80	177	1.46998
80	180	1.36268
81	5	0.884968
81	74	0.958863
81	99	1.0192
81	109	0.956029
81	112	0.967762
81	117	1.01849
81	124	0.980492
81	126	0.988681
81	127	0.946501
81	132	1.20645
81	133	0.941418
81	154	1.19638
81	157	1.35945
81	159	1.23518
81	160	1.48232
81	165	1.36248
81	173	0.987263
81	174	0.813014
81	177	0.822215
82	63	1.03425
82	94	1.02403
82	100	1.01058
82	101	1.10583
82	102	1.06804
82	106	1.0855
82	113	1.05697
82	121	1.07249
82	128	1.09287
82	135	1.03311
82	139	1.04979
82	154	1.01724
82	155	1.13234
82	158	1.01741
82	159	1.05604
82	168	1.29431
82	171	1.49052
82	175	0.917291
82	180	0.93204
83	7	0.985314
83	17	0.862449
83	23	1.00048
83	36	0.871248
83	45	1.11403
83	86	1.07125
83	88	0.88408
83	92	1.02666
83	98	0.946292
83	107	0.918378
83	111	1.01336
83	134	1.2259
83	159	1.13688
83	161	0.957525
83	163	1.23873
83	173	0.949797
83	174	0.775548
83	175	1.56409
83	178	1.39704
84	6	0.985056
84	11	0.949971
84	25	0.871631
84	42	0.936345
84	61	1.02553
84	62	0.900779
84	69	0.969406
84	73	0.86274
84	89	1.04274
84	118	1.25881
84	125	1.10332
84	129	1.14784
84	136	1.59163
84	147	0.967483
84	149	1.10029
84	157	1.35378
84	159	0.918975
84	161	0.969341
84	169	1.35807
85	1	1.00063
85	13	0.94411
85	15	0.945689
85	20	0.944195
85	28	0.968063
85	39	0.974419
85	47	0.974421
85	55	0.91872
85	93	0.926563
85	96	0.976561
85	138	1.1481
85	143	0.91566
85	144	0.995053
85	150	1.04362
85	168	1.30907
85	175	1.49801
85	176	0.883994
85	178	1.33096
85	180	1.42407
86	83	1.07125
86	88	1.09122
86	92	1.23379
86	98	1.15343
86	107	1.12552
86	111	1.2205
86	115	0.776082
86	141	1.05585
86	143	0.950166
86	148	0.896362
86	153	0.894491
86	160	1.18462
86	161	1.16466
86	166	1.15813
86	171	1.37195
86	173	1.15694
86	174	0.982687
87	21	0.946194
87	28	1.0157
87	32	1.03768
87	53	1.05814
87	56	1.02861
87	67	0.985147
87	75	1.0612
87	95	0.924771
87	103	0.943777
87	114	1.06481
87	130	1.17374
87	132	1.08972
87	135	1.0955
87	138	1.19573
87	143	1.13113
87	145	1.07302
87	148	0.935491
87	149	1.00519
87	173	1.00061
87	175	1.54565
88	7	1.00528
88	10	0.98046
88	23	1.02044
88	36	0.891215
88	83	0.88408
88	86	1.09122
88	92	1.04662
88	98	0.966259
88	107	0.938345
88	111	1.03333
88	125	1.02098
88	140	1.18913
88	148	1.10606
88	149	1.01796
88	157	1.27145
88	161	0.977492
88	166	1.36782
88	173	0.969764
88	174	0.795515
88	178	1.40733
88	179	1.52699
89	6	1.14005
89	25	1.02663
89	42	1.09134
89	61	1.18053
89	62	1.05578
89	69	1.1244
89	73	1.01774
89	84	1.04274
89	114	0.901298
89	122	0.919426
89	129	0.873256
89	147	1.12248
89	153	0.911943
89	159	1.07397
89	161	1.12434
89	169	1.08348
89	170	1.09471
89	174	1.42492
89	175	1.38213
89	176	1.09765
90	12	0.916468
90	14	1.07716
90	18	0.936868
90	27	1.00269
90	58	0.95252
90	71	0.964189
90	78	0.994753
90	80	0.977602
90	97	0.961789
90	125	1.05447
90	140	1.22263
90	141	0.90559
90	144	0.999821
90	147	0.979505
90	148	1.13955
90	150	1.15348
90	156	1.24236
90	159	0.930996
90	164	1.46033
90	169	1.30922
90	176	1.32339
91	4	1.0314
91	16	0.963459
91	30	1.0675
91	34	0.916608
91	41	0.997189
91	45	0.918617
91	70	1.01222
91	119	0.992449
91	125	1.02834
91	130	1.20983
91	136	0.846287
91	143	0.942246
91	147	1.00132
91	149	1.00003
91	150	1.12734
91	151	1.06331
91	156	1.21622
91	165	1.28183
91	168	1.3928
91	175	1.58174
91	176	0.91058
92	10	1.12303
92	36	1.03379
92	83	1.02666
92	86	1.23379
92	88	1.04662
92	98	1.10883
92	107	1.08092
92	111	1.17591
92	122	0.964817
92	137	1.11706
92	140	1.04228
92	151	0.909101
92	153	0.957334
92	157	1.12459
92	161	1.12007
92	165	1.12762
92	167	1.31652
92	169	1.12887
92	173	1.11234
92	174	0.93809
93	1	1.02495
93	13	0.968421
93	15	0.970001
93	20	0.968507
93	39	0.998731
93	47	0.998732
93	54	0.93255
93	55	0.943032
93	65	1.02874
93	85	0.926563
93	96	1.00087
93	110	1.57582
93	136	1.61674
93	143	0.939972
93	144	1.01936
93	150	1.22743
93	153	1.21163
93	170	1.39439
93	173	0.00539716
93	176	0.908305
93	180	1.60788
94	8	1.02171
94	82	1.02403
94	100	0.899711
94	101	0.99496
94	102	0.957171
94	106	0.974632
94	108	1.00966
94	113	0.946097
94	121	0.961619
94	125	1.02505
94	128	0.982
94	130	1.16939
94	131	1.18277
94	141	1.23246
94	156	1.17578
94	159	1.11409
94	161	0.982048
94	163	1.21594
94	164	1.39375
94	172	1.41359
94	180	0.821168
95	21	0.905233
95	24	0.988507
95	32	0.996723
95	53	1.01718
95	56	0.987654
95	67	0.944187
95	75	1.02024
95	87	0.924771
95	103	0.902816
95	114	1.02076
95	119	0.956643
95	122	1.03889
95	132	1.04566
95	145	1.03206
95	149	0.964227
95	156	1.13608
95	166	1.29504
95	173	0.959645
95	175	1.50159
95	177	1.53495
95	178	1.33454
96	1	1.07494
96	13	1.01842
96	15	1.02
96	20	1.0185
96	39	1.04873
96	47	1.04873
96	54	0.982549
96	55	0.99303
96	85	0.976561
96	93	1.00087
96	116	1.08853
96	123	0.962324
96	137	1.15662
96	141	1.15825
96	143	0.98997
96	144	1.06936
96	148	0.998762
96	156	1.10157
96	169	1.16843
96	172	1.33938
96	174	1.50986
96	176	0.958304
97	12	0.966468
97	14	1.12716
97	18	0.986868
97	27	1.05269
97	28	0.988174
97	58	1.00252
97	71	1.01419
97	78	1.04475
97	80	1.0276
97	90	0.961789
97	118	1.12021
97	122	1.05541
97	132	1.06219
97	141	0.95559
97	143	1.10361
97	144	1.04982
97	147	1.0295
97	149	0.961697
97	156	1.15261
97	159	0.980997
97	167	1.40712
97	180	1.44418
98	7	1.06749
98	23	1.08265
98	36	0.953426
98	83	0.946292
98	86	1.15343
98	88	0.966259
98	92	1.10883
98	107	1.00056
98	110	0.896165
98	111	1.09554
98	116	1.06382
98	149	0.885954
98	153	0.972188
98	161	1.0397
98	165	1.14247
98	169	1.14373
98	172	1.31468
98	173	1.03198
98	174	0.857726
98	175	1.44238
98	176	1.15789
98	180	1.36843
99	5	0.717956
99	74	1.03902
99	81	1.0192
99	109	1.03619
99	112	1.04792
99	117	1.09865
99	124	1.06065
99	126	1.06884
99	127	1.02666
99	130	1.12347
99	133	1.02158
99	136	0.918257
99	146	1.34029
99	159	1.06817
99	162	1.06784
99	165	1.19547
99	166	1.28882
99	168	1.30644
99	169	1.19672
99	173	1.06742
99	174	0.893172
99	177	0.902373
100	40	0.976676
100	82	1.01058
100	94	0.899711
100	101	0.981513
100	102	0.943724
100	106	0.961185
100	108	0.996212
100	113	0.93265
100	115	1.10728
100	121	0.948172
100	125	1.0116
100	128	0.968553
100	143	1.28137
100	149	1.13946
100	154	1.22987
100	158	1.23004
100	159	1.26867
100	161	0.968601
100	168	1.50694
100	175	0.792973
100	178	1.52883
100	180	0.807721
101	2	0.959951
101	11	1.04448
101	17	0.876664
101	82	1.10583
101	94	0.99496
101	100	0.981513
101	102	1.03897
101	106	1.05643
101	108	1.09146
101	113	1.0279
101	118	1.1804
101	121	1.04342
101	128	1.0638
101	138	1.22839
101	141	1.26947
101	150	1.12391
101	151	1.05988
101	158	1.11246
101	162	1.15077
101	170	1.29087
101	175	0.888221
101	180	0.90297
102	2	0.922162
102	5	0.765244
102	40	1.03414
102	82	1.06804
102	94	0.957171
102	100	0.943724
102	101	1.03897
102	106	1.01864
102	108	1.05367
102	110	1.43666
102	113	0.99011
102	114	1.06183
102	121	1.00563
102	128	1.02601
102	140	1.15741
102	146	1.38757
102	153	1.07247
102	161	1.02606
102	165	1.24276
102	166	1.33611
102	169	1.24401
102	175	0.850432
102	180	0.865181
103	24	1.00751
103	32	1.01573
103	44	0.962523
103	53	1.03619
103	56	1.00666
103	67	0.963193
103	75	1.03925
103	87	0.943777
103	95	0.902816
103	119	0.97565
103	120	0.982578
103	130	1.07648
103	137	1.13792
103	143	1.03386
103	145	1.05107
103	148	0.913537
103	149	0.983233
103	158	0.982538
103	164	1.30083
103	172	1.32068
103	173	0.978652
103	177	1.48173
103	179	1.40099
104	11	1.30455
104	25	1.18678
104	49	1.02372
104	105	1.15098
104	119	0.974271
104	128	1.07161
104	135	0.959981
104	141	0.904821
104	144	1.03686
104	146	0.87838
104	147	0.90678
104	150	0.958332
104	151	0.991446
104	153	1.00203
104	156	0.934668
104	157	0.91525
104	165	0.903303
104	166	0.879784
104	167	0.842729
104	168	0.865487
104	171	0.827613
104	172	0.856468
104	178	0.853385
104	179	0.82604
105	52	1.0361
105	74	1.01513
105	104	1.15098
105	109	1.0123
105	112	1.02403
105	114	1.05068
105	117	1.07476
105	124	1.03676
105	125	1.09426
105	126	1.04495
105	127	1.00277
105	133	0.997685
105	134	1.19333
105	135	1.08137
105	136	0.894365
105	139	1.09805
105	141	0.975484
105	148	1.06319
105	151	1.01309
105	170	1.24409
105	171	1.53878
105	173	1.04353
105	174	0.86928
105	176	1.24703
105	177	0.878482
106	2	0.939623
106	63	0.984852
106	82	1.0855
106	94	0.974632
106	100	0.961185
106	101	1.05643
106	102	1.01864
106	108	1.07113
106	113	1.00757
106	114	1.1335
106	116	1.23578
106	120	1.03972
106	121	1.02309
106	128	1.04347
106	131	1.25581
106	132	1.15841
106	139	1.18088
106	150	1.15994
106	151	1.09591
106	154	1.14833
106	161	1.04352
106	162	1.1868
106	169	1.31568
106	175	0.867893
106	180	0.882642
107	5	1.12019
107	7	1.03958
107	10	1.01476
107	23	1.05474
107	36	0.925513
107	83	0.918378
107	86	1.12552
107	88	0.938345
107	92	1.08092
107	98	1.00056
107	110	0.868252
107	111	1.06763
107	138	1.11231
107	150	1.00784
107	153	0.992038
107	154	0.99622
107	157	1.1593
107	160	1.28216
107	161	1.01179
107	168	1.27329
107	169	1.16358
107	173	1.00406
107	174	0.829813
107	177	1.49558
107	180	1.38829
108	8	1.11821
108	40	1.08662
108	63	1.01988
108	94	1.00966
108	100	0.996212
108	101	1.09146
108	102	1.05367
108	106	1.07113
108	110	1.32447
108	113	1.0426
108	120	1.07475
108	121	1.05812
108	128	1.0785
108	134	1.09228
108	140	1.04522
108	150	0.976076
108	154	0.964461
108	156	1.06495
108	161	1.07855
108	162	1.00294
108	166	1.22391
108	168	1.24153
108	170	1.14304
108	175	0.90292
108	179	1.38308
108	180	0.917669
109	45	0.927413
109	52	0.99682
109	74	0.975847
109	81	0.956029
109	99	1.03619
109	105	1.0123
109	112	0.984747
109	117	1.03547
109	124	0.997477
109	126	1.00567
109	127	0.963485
109	133	0.958402
109	142	1.12298
109	145	1.07666
109	151	0.956383
109	155	1.1239
109	159	1.0476
109	162	1.04727
109	170	1.18738
109	171	1.48207
109	173	1.00425
109	174	0.829998
109	175	1.47481
109	177	0.8392
109	179	1.42742
109	180	1.40086
110	22	0.86253
110	31	1.2499
110	45	0.822836
110	47	1.23587
110	49	0.891967
110	53	1.18659
110	64	1.27962
110	66	0.913632
110	72	0.908135
110	93	1.57582
110	98	0.896165
110	102	1.43666
110	107	0.868252
110	108	1.32447
110	111	0.963238
110	116	0.844633
110	126	1.32307
110	132	0.903121
110	144	0.925858
110	146	0.805185
110	157	0.842055
110	164	0.801912
110	168	0.792292
110	173	0.899671
110	174	0.725422
110	178	0.78019
110	179	0.752844
111	7	1.13456
111	10	1.10974
111	23	1.14973
111	36	1.0205
111	77	1.08537
111	83	1.01336
111	86	1.2205
111	88	1.03333
111	92	1.17591
111	98	1.09554
111	107	1.06763
111	110	0.963238
111	116	1.07651
111	123	0.950311
111	125	0.901668
111	130	1.08316
111	149	0.898643
111	154	0.989059
111	159	1.02786
111	161	1.10678
111	163	1.12972
111	169	1.15642
111	170	1.16764
111	173	1.09905
111	174	0.924798
111	178	1.28802
111	180	1.38112
112	17	1.0152
112	52	1.00855
112	74	0.98758
112	81	0.967762
112	99	1.04792
112	105	1.02403
112	109	0.984747
112	117	1.04721
112	124	1.00921
112	126	1.0174
112	127	0.975218
112	131	1.08667
112	132	0.989262
112	133	0.970135
112	134	1.10701
112	140	1.05995
112	141	0.947935
112	145	1.08839
112	146	1.29011
112	152	1.62893
112	154	0.979185
112	155	1.09429
112	160	1.26513
112	172	1.31749
112	173	1.01598
112	174	0.841731
112	175	1.44519
112	177	0.850932
113	8	1.05465
113	40	1.02306
113	44	1.02014
113	58	0.986143
113	63	0.956317
113	82	1.05697
113	94	0.946097
113	100	0.93265
113	101	1.0279
113	102	0.99011
113	106	1.00757
113	108	1.0426
113	116	1.12744
113	121	0.994558
113	125	1.05799
113	128	1.01494
113	132	1.05006
113	136	1.44091
113	146	1.3509
113	149	0.949567
113	150	1.0516
113	155	1.15508
113	161	1.01499
113	163	1.18064
113	165	1.20609
113	175	0.839358
113	177	1.53935
113	180	0.854107
114	3	0.968845
114	22	1.0402
114	50	0.99556
114	61	0.844642
114	87	1.06481
114	89	0.901298
114	95	1.02076
114	102	1.06183
114	105	1.05068
114	106	1.1335
114	134	1.00207
114	137	1.00402
114	139	1.04712
114	145	0.930881
114	152	0.888273
114	153	1.09499
114	155	1.01596
114	156	1.02763
114	158	1.0679
114	160	0.980187
114	163	0.999649
114	165	0.996262
114	168	0.958446
114	169	1.00444
114	172	0.949427
114	175	0.897925
114	178	0.946344
114	179	0.918998
115	8	1.07744
115	33	1.1496
115	59	1.01218
115	86	0.776082
115	100	1.10728
115	119	0.766206
115	122	1.10022
115	126	0.840477
115	132	1.08333
115	133	0.988161
115	137	1.01807
115	144	0.828797
115	147	0.698716
115	148	1.01476
115	152	0.902326
115	155	1.03002
115	160	0.99424
115	163	1.0137
115	164	0.982119
115	166	0.986796
115	167	0.949741
115	168	0.972499
115	170	1.00903
115	171	0.934625
115	173	0.833032
115	177	0.914831
115	178	0.960397
115	179	0.933052
116	16	1.13165
116	58	1.26439
116	96	1.08853
116	98	1.06382
116	106	1.23578
116	110	0.844633
116	111	1.07651
116	113	1.12744
116	119	0.976251
116	130	0.927371
116	131	0.935425
116	138	0.922062
116	139	0.961734
116	140	0.961036
116	145	1.03316
116	146	0.885957
116	151	0.999023
116	153	1.00961
116	156	0.942245
116	161	1.03941
116	162	0.977334
116	163	0.914267
116	166	0.887361
116	168	0.873064
116	169	0.919061
116	170	0.909594
116	171	0.83519
116	178	0.860962
116	179	0.833616
117	45	0.989872
117	52	1.05928
117	74	1.03831
117	81	1.01849
117	99	1.09865
117	105	1.07476
117	109	1.03547
117	112	1.04721
117	118	1.10034
117	123	1.08467
117	124	1.05994
117	126	1.06813
117	127	1.02594
117	131	1.13972
117	133	1.02086
117	136	0.917543
117	139	1.06479
117	142	1.14642
117	148	1.02993
117	159	1.07104
117	162	1.07071
117	163	1.17289
117	164	1.3507
117	166	1.29169
117	169	1.19959
117	170	1.21082
117	173	1.06671
117	174	0.892458
117	177	0.901659
118	10	1.02026
118	20	1.02763
118	37	1.10485
118	58	1.24504
118	84	1.25881
118	97	1.12021
118	101	1.1804
118	117	1.10034
118	127	1.14967
118	132	0.98504
118	148	0.916475
118	149	0.986171
118	150	0.967055
118	156	0.943392
118	157	0.923974
118	158	0.98367
118	160	0.895951
118	162	0.978481
118	163	0.915414
118	165	0.912026
118	166	0.888508
118	168	0.874211
118	169	0.920208
118	170	0.91074
118	171	0.836336
118	172	0.865192
118	173	1.02372
118	178	0.862109
118	179	0.834763
119	26	1.09088
119	34	0.953635
119	38	1.02687
119	41	1.03422
119	56	1.06049
119	59	0.983186
119	60	0.98145
119	64	1.04707
119	75	1.09307
119	91	0.992449
119	95	0.956643
119	103	0.97565
119	104	0.974271
119	115	0.766206
119	116	0.976251
119	120	1.0364
119	136	0.883314
119	137	1.04435
119	149	1.03706
119	152	1.53855
119	153	0.884615
119	164	1.20726
119	165	1.0549
119	167	1.24381
119	171	1.36207
119	173	1.03248
119	175	1.35481
119	176	0.947606
119	177	0.867431
119	180	1.28086
120	21	0.984995
120	26	1.09781
120	33	0.943921
120	38	1.0338
120	60	0.988379
120	64	1.054
120	103	0.982578
120	106	1.03972
120	108	1.07475
120	119	1.0364
120	121	1.02671
120	122	1.0275
120	128	1.04709
120	132	1.03427
120	143	1.07569
120	148	0.974293
120	149	1.04399
120	156	1.12469
120	157	1.18727
120	162	1.06267
120	166	1.28365
120	169	1.19155
120	170	1.20278
120	173	1.03941
120	174	1.53299
120	175	0.871507
120	176	1.20572
120	177	0.87436
120	178	1.32316
120	180	0.886256
121	2	0.926611
121	8	1.07017
121	40	1.03858
121	63	0.97184
121	82	1.07249
121	94	0.961619
121	100	0.948172
121	101	1.04342
121	102	1.00563
121	106	1.02309
121	108	1.05812
121	113	0.994558
121	120	1.02671
121	125	1.07351
121	128	1.03046
121	137	1.12231
121	138	1.08286
121	143	1.01826
121	150	0.97838
121	156	1.06726
121	161	1.03051
121	166	1.22622
121	167	1.32177
121	168	1.24384
121	172	1.30507
121	175	0.854881
121	176	1.14829
121	177	1.46613
121	178	1.26573
121	180	0.869629
122	11	1.22238
122	32	0.915011
122	53	0.829883
122	74	1.02585
122	76	1.10813
122	89	0.919426
122	92	0.964817
122	95	1.03889
122	97	1.05541
122	115	1.10022
122	120	1.0275
122	126	0.966369
122	134	0.992068
122	135	1.04293
122	137	0.99401
122	146	0.961333
122	153	1.08498
122	157	0.998203
122	160	0.970181
122	164	0.95806
122	165	0.986256
122	166	0.962737
122	167	0.925682
122	168	0.94844
122	169	0.994437
122	170	0.98497
122	171	0.910566
122	172	0.939421
122	173	0.958924
122	178	0.936338
122	179	0.908993
123	2	1.20033
123	13	1.02059
123	18	1.14463
123	29	0.916933
123	33	0.957959
123	38	1.04784
123	59	1.00415
123	60	1.00242
123	61	0.820721
123	64	1.06803
123	70	0.939773
123	75	0.871374
123	96	0.962324
123	111	0.950311
123	117	1.08467
123	124	1.04667
123	126	1.05486
123	127	1.01268
123	133	1.0076
123	138	0.995064
123	144	0.91264
123	147	0.782558
123	158	1.05552
123	161	0.913208
123	162	1.05034
123	168	0.946066
123	172	0.937047
123	177	0.888397
123	178	0.933964
123	179	0.906618
124	3	1.08341
124	5	0.758581
124	44	1.05014
124	52	1.02128
124	77	1.01503
124	81	0.980492
124	99	1.06065
124	105	1.03676
124	109	0.997477
124	112	1.00921
124	117	1.05994
124	123	1.04667
124	125	1.07944
124	126	1.03013
124	127	0.987948
124	129	1.02712
124	133	0.982865
124	135	1.08586
124	137	1.22554
124	140	1.15075
124	141	0.960665
124	145	1.10112
124	150	1.08161
124	151	1.01758
124	155	1.18509
124	156	1.17048
124	164	1.38845
124	173	1.02871
124	174	0.854461
124	176	1.25151
124	177	0.863662
124	180	1.46205
125	7	0.895746
125	43	0.963888
125	67	0.850194
125	68	0.927947
125	71	0.939128
125	72	1.01114
125	73	1.05054
125	84	1.10332
125	88	1.02098
125	90	1.05447
125	91	1.02834
125	94	1.02505
125	100	1.0116
125	105	1.09426
125	111	0.901668
125	113	1.05799
125	121	1.07351
125	124	1.07944
125	127	1.04545
125	128	1.09389
125	133	1.04036
125	136	0.937043
125	140	1.0668
125	144	0.863997
125	163	1.02003
125	170	1.01536
125	172	0.969809
125	174	0.911958
125	175	0.918307
125	178	0.966726
125	179	0.939381
125	180	0.933056
126	3	1.0916
126	17	1.03612
126	52	1.02947
126	74	1.0085
126	81	0.988681
126	99	1.06884
126	105	1.04495
126	109	1.00567
126	110	1.32307
126	112	1.0174
126	115	0.840477
126	117	1.06813
126	122	0.966369
126	123	1.05486
126	124	1.03013
126	127	0.996137
126	131	1.07055
126	132	0.973145
126	133	0.991054
126	136	0.887735
126	145	1.10931
126	153	0.958886
126	154	0.963067
126	155	1.07817
126	160	1.24901
126	169	1.13042
126	171	1.43634
126	172	1.30137
126	173	1.0369
126	174	0.86265
126	177	0.871851
126	179	1.38169
127	3	1.04942
127	52	0.987291
127	74	0.966319
127	77	0.981039
127	81	0.946501
127	99	1.02666
127	105	1.00277
127	109	0.963485
127	112	0.975218
127	117	1.02594
127	118	1.14967
127	123	1.01268
127	124	0.987948
127	125	1.04545
127	126	0.996137
127	129	1.0387
127	131	1.18905
127	133	0.948874
127	136	0.845555
127	138	1.19766
127	140	1.16233
127	141	0.926674
127	145	1.06713
127	146	1.39249
127	154	1.08156
127	157	1.24464
127	158	1.08173
127	162	1.12004
127	164	1.40003
127	167	1.43657
127	168	1.35864
127	173	0.994719
127	174	0.82047
127	177	0.829671
128	2	0.946991
128	8	1.09055
128	11	1.03152
128	17	0.750506
128	40	1.05896
128	58	1.02205
128	63	0.99222
128	82	1.09287
128	94	0.982
128	100	0.968553
128	101	1.0638
128	102	1.02601
128	104	1.07161
128	106	1.04347
128	108	1.0785
128	113	1.01494
128	120	1.04709
128	121	1.03046
128	125	1.09389
128	134	1.11396
128	136	1.38706
128	137	1.14168
128	149	0.895719
128	151	0.93372
128	154	0.986134
128	158	0.986302
128	161	1.05089
128	167	1.34114
128	168	1.26321
128	172	1.32444
128	175	0.875261
128	176	1.16766
128	177	1.4855
128	180	0.89001
129	9	0.955046
129	26	0.857133
129	33	1.22932
129	38	0.968088
129	52	1.11984
129	62	1.13237
129	76	1.06196
129	84	1.14784
129	89	0.873256
129	124	1.02712
129	127	1.0387
129	130	0.992238
129	131	1.00029
129	139	1.0266
129	140	1.0259
129	144	0.908519
129	146	0.950824
129	150	1.03078
129	154	1.05907
129	156	1.00711
129	158	1.04739
129	163	0.979134
129	164	0.947551
129	165	0.975747
129	167	0.915173
129	168	0.937931
129	169	0.983929
129	170	0.974461
129	171	0.900057
129	172	0.928912
129	173	0.912754
129	178	0.925829
129	179	0.898484
129	180	0.892159
130	18	1.27749
130	19	1.19663
130	42	1.11062
130	74	1.11665
130	87	1.17374
130	91	1.20983
130	94	1.16939
130	99	1.12347
130	103	1.07648
130	111	1.08316
130	116	0.927371
130	129	0.992238
130	134	0.918657
130	142	0.944577
130	151	1.00099
130	153	1.01157
130	154	0.99617
130	155	0.932548
130	156	0.94421
130	157	0.924792
130	160	0.89677
130	161	1.04606
130	162	0.979299
130	164	0.884649
130	165	0.912845
130	167	0.852271
130	168	0.875029
130	169	0.921026
130	170	0.911559
130	171	0.837155
130	173	1.04973
130	174	0.808159
130	178	0.862927
130	179	0.835582
130	180	0.829257
131	23	1.20301
131	51	1.13093
131	71	1.13401
131	94	1.18277
131	106	1.25581
131	112	1.08667
131	116	0.935425
131	117	1.13972
131	126	1.07055
131	127	1.18905
131	129	1.00029
131	134	0.926711
131	139	0.971753
131	144	1.05887
131	146	0.895977
131	147	0.928792
131	151	1.00904
131	154	1.00422
131	157	0.932847
131	160	0.904824
131	162	0.987354
131	163	0.924286
131	165	0.920899
131	166	0.89738
131	167	0.860326
131	168	0.883083
131	169	0.929081
131	170	0.919613
131	171	0.845209
131	172	0.874064
131	173	1.06311
131	177	0.825415
131	178	0.870982
131	179	0.843636
131	180	0.837311
132	21	1.05302
132	39	0.889982
132	44	0.987944
132	46	0.97707
132	66	0.961304
132	81	1.20645
132	87	1.08972
132	95	1.04566
132	97	1.06219
132	106	1.15841
132	110	0.903121
132	112	0.989262
132	113	1.05006
132	115	1.08333
132	118	0.98504
132	120	1.03427
132	126	0.973145
132	133	1.12083
132	135	1.02605
132	137	0.977122
132	139	1.02022
132	146	0.944445
132	153	1.06809
132	155	0.98907
132	157	0.981315
132	162	1.03582
132	164	0.941172
132	165	0.969368
132	167	0.908794
132	168	0.931552
132	169	0.977549
132	170	0.968082
132	171	0.893677
132	172	0.922533
132	177	0.873883
132	178	0.91945
132	179	0.892104
133	3	1.04433
133	17	0.988856
133	44	1.0909
133	45	0.912802
133	52	0.982209
133	74	0.961236
133	77	0.975956
133	81	0.941418
133	99	1.02158
133	105	0.997685
133	109	0.958402
133	112	0.970135
133	115	0.988161
133	117	1.02086
133	123	1.0076
133	124	0.982865
133	125	1.04036
133	126	0.991054
133	127	0.948874
133	132	1.12083
133	135	1.12662
133	136	0.840472
133	138	1.22685
133	139	1.1433
133	141	0.921591
133	145	1.06205
133	149	1.02034
133	155	1.22585
133	159	1.14955
133	162	1.14923
133	163	1.25141
133	168	1.38782
133	172	1.44906
133	173	0.989636
133	174	0.815387
133	177	0.824588
133	179	1.52937
134	27	0.997576
134	28	0.951639
134	43	1.1791
134	44	0.920742
134	57	1.12018
134	62	1.30306
134	70	1.10634
134	73	1.26575
134	76	1.23265
134	83	1.2259
134	105	1.19333
134	108	1.09228
134	112	1.10701
134	114	1.00207
134	122	0.992068
134	128	1.11396
134	130	0.918657
134	131	0.926711
134	139	0.95302
134	146	0.877243
134	148	0.906615
134	150	0.957195
134	151	0.990309
134	152	0.794177
134	153	1.00089
134	154	0.98549
134	157	0.914113
134	160	0.886091
134	162	0.96862
134	166	0.878647
134	167	0.841592
134	168	0.86435
134	169	0.910347
134	170	0.90088
134	171	0.826475
134	173	1.08345
134	177	0.806681
134	179	0.824902
135	34	1.1572
135	48	1.02222
135	66	0.967093
135	68	1.0312
135	72	1.1144
135	82	1.03311
135	87	1.0955
135	104	0.959981
135	105	1.08137
135	122	1.04293
135	124	1.08586
135	132	1.02605
135	133	1.12662
135	136	0.873431
135	137	0.960786
135	138	0.964214
135	143	0.969389
