1	2	0.94307
1	5	0.827498
1	10	0.94112
1	16	0.900742
1	18	0.899658
1	32	0.903266
1	68	1.27841
1	85	1.20672
1	102	0.894589
1	104	0.890064
1	110	1.32248
1	141	0.998663
2	1	0.94307
2	5	0.829439
2	10	0.943062
2	12	1.34533
2	16	0.902684
2	18	0.901599
2	32	0.905207
2	92	0.882941
2	104	0.892006
2	115	1.28356
2	123	1.31803
2	151	0.864191
3	7	0.840545
3	18	1.22525
3	58	1.18057
3	59	1.21582
3	126	1.17138
3	145	0.901174
3	157	0.900033
3	166	0.893962
3	170	0.897642
3	171	0.959605
3	177	0.90517
3	180	0.901869
4	9	0.945791
4	14	0.855773
4	22	0.915124
4	43	0.888913
4	56	0.851914
4	63	0.908894
4	92	1.39534
4	152	0.928321
4	155	1.17688
4	157	0.905282
4	160	1.1409
4	172	1.09163
5	1	0.827498
5	2	0.829439
5	10	0.827489
5	16	0.787111
5	18	0.786027
5	32	0.789635
5	92	0.767368
5	93	0.809007
5	104	0.776433
5	123	1.88109
5	145	1.51332
5	180	1.40872
6	17	0.938773
6	26	0.924325
6	31	0.979715
6	35	0.938771
6	38	0.913289
6	59	0.935619
6	95	1.1967
6	110	1.08947
6	123	1.2856
6	165	0.969522
6	177	0.840055
7	3	0.840545
7	36	1.71652
7	87	1.50243
7	94	1.58338
7	117	0.782137
7	122	0.813723
7	155	0.809635
7	167	0.791209
7	168	0.785477
7	169	0.789114
7	173	0.79104
7	176	0.797119
8	98	1.73817
8	101	0.80671
8	102	1.61149
8	105	0.795571
8	148	0.789291
8	155	0.813842
8	158	0.807556
8	165	1.45768
8	167	0.795416
8	168	0.789683
8	175	0.800606
8	176	0.801325
9	4	0.945791
9	15	0.917391
9	22	0.904854
9	43	0.878643
9	56	0.841644
9	63	0.898625
9	87	1.12171
9	123	1.52288
9	152	0.918051
9	157	0.895013
9	166	1.11054
9	172	1.05442
10	1	0.94112
10	2	0.943062
10	5	0.827489
10	16	0.900733
10	18	0.899649
10	25	0.903704
10	32	0.903257
10	92	0.880991
10	95	1.43845
10	110	1.33121
10	127	1.12332
10	165	0.918486
11	125	0.804634
11	127	0.799395
11	139	1.58176
11	160	0.795051
11	164	0.807671
11	166	0.790444
11	167	1.59636
11	174	0.800841
11	175	1.61607
11	177	0.801652
11	179	0.801963
11	180	0.798351
12	2	1.34533
12	14	0.758606
12	63	0.811728
12	86	0.739191
12	96	1.65304
12	136	0.830031
12	139	0.822169
12	157	0.808115
12	160	0.806651
12	167	1.79836
12	179	0.813564
12	180	0.809951
13	75	1.27844
13	125	0.805216
13	156	0.797466
13	157	1.72912
13	160	0.795633
13	163	0.79386
13	173	1.78818
13	174	0.801422
13	177	0.802234
13	178	0.802692
13	179	0.802545
13	180	0.798933
14	4	0.855773
14	12	0.758606
14	15	0.827373
14	43	0.788625
14	44	1.59385
14	56	0.751626
14	63	0.808607
14	89	1.48995
14	95	0.776369
14	152	0.828033
14	157	0.804995
14	176	1.71482
15	9	0.917391
15	14	0.827373
15	22	0.886724
15	43	0.860513
15	56	0.823514
15	63	0.880495
15	111	1.20506
15	115	0.827198
15	141	1.20057
15	152	0.899921
15	157	0.876882
15	168	1.3992
15	169	1.39127
16	1	0.900742
16	2	0.902684
16	5	0.787111
16	10	0.900733
16	18	0.859271
16	25	0.863326
16	39	1.30356
16	93	0.882251
16	102	0.854202
16	104	0.849677
16	105	1.35227
16	167	1.26013
16	176	1.28192
17	6	0.938773
17	26	0.829585
17	31	0.884975
17	35	0.844031
17	38	0.818549
17	59	0.840879
17	111	0.886601
17	141	0.881839
17	152	1.28486
17	159	1.3129
17	160	1.33961
17	162	1.26708
17	165	0.874782
18	1	0.899658
18	2	0.901599
18	3	1.22525
18	5	0.786027
18	10	0.899649
18	16	0.859271
18	25	0.862242
18	32	0.861795
18	93	0.881167
18	104	0.848593
18	152	1.30702
18	159	1.33506
18	177	1.33542
19	65	1.21027
19	107	1.3929
19	134	0.883459
19	146	0.860511
19	147	1.24432
19	149	0.859639
19	150	0.885084
19	169	0.858115
19	170	0.861626
19	173	0.860042
19	175	0.865401
19	176	0.86612
19	179	1.36001
20	60	1.00571
20	106	1.41001
20	151	0.875204
20	159	0.852368
20	160	0.863095
20	161	1.34925
20	164	0.875715
20	166	0.858488
20	168	1.42641
20	174	0.868885
20	177	0.869696
20	178	0.870155
20	180	0.866395
21	27	0.979567
21	29	0.790861
21	36	0.86586
21	60	1.01586
21	72	1.00706
21	85	1.01202
21	110	1.12779
21	123	1.32392
21	140	0.94756
21	157	0.940616
21	171	1.00019
22	4	0.915124
22	9	0.904854
22	15	0.886724
22	43	0.847976
22	56	0.810977
22	63	0.867958
22	115	0.814661
22	141	1.27179
22	151	1.33791
22	152	0.887384
22	156	1.29853
22	157	0.864346
22	162	1.30003
23	39	1.41208
23	54	1.18651
23	96	0.882413
23	134	0.878731
23	145	0.86043
23	148	0.849358
23	150	0.880357
23	161	0.869745
23	170	0.856899
23	175	0.860674
23	176	0.861393
23	179	1.31987
23	180	1.2892
24	42	0.846837
24	100	1.35647
24	118	1.33708
24	122	0.880979
24	150	0.883338
24	154	1.38086
24	155	0.876891
24	161	0.872727
24	165	1.13439
24	167	0.858465
24	168	0.852733
24	175	0.863655
24	176	0.864374
25	10	0.903704
25	16	0.863326
25	18	0.862242
25	35	1.21497
25	36	1.5769
25	97	1.00734
25	132	1.39278
25	167	0.856594
25	170	0.85801
25	176	0.862504
25	177	0.865537
25	179	0.865849
25	180	0.862236
26	6	0.924325
26	17	0.829585
26	31	0.870527
26	35	0.829583
26	38	0.804101
26	51	0.987735
26	59	0.826431
26	105	1.42059
26	141	0.867391
26	160	1.30218
26	162	1.22965
26	165	0.860334
26	172	1.25292
27	21	0.979567
27	29	0.743699
27	36	0.818699
27	60	0.968698
27	72	0.959897
27	102	1.05101
27	123	1.50607
27	130	0.882969
27	157	0.893455
27	168	1.18475
27	171	0.953026
27	179	1.06437
28	61	1.26685
28	78	0.88622
28	146	1.34776
28	153	0.852239
28	163	0.858374
28	164	0.872767
28	167	1.2608
28	170	1.31641
28	174	0.865937
28	177	0.866749
28	178	0.867207
28	179	0.86706
28	180	0.863447
29	21	0.790861
29	27	0.743699
29	36	0.629992
29	60	0.779992
29	72	0.77119
29	124	0.720944
29	130	0.694262
29	157	0.704748
29	162	2.1769
29	171	0.764319
29	179	2.22692
30	33	1.27664
30	43	1.32384
30	59	1.3279
30	72	0.91823
30	121	1.26563
30	157	0.851788
30	170	0.849397
30	171	0.911359
30	173	0.847813
30	175	0.853172
30	178	0.857383
30	179	0.857236
30	180	0.853624
31	6	0.979715
31	17	0.884975
31	26	0.870527
31	35	0.884973
31	38	0.859491
31	59	0.881821
31	81	1.24691
31	141	0.922781
31	153	1.23743
31	165	0.915724
31	172	1.14842
31	177	1.17133
32	1	0.903266
32	2	0.905207
32	5	0.789635
32	10	0.903257
32	18	0.861795
32	92	0.843136
32	93	0.884775
32	102	0.856726
32	104	0.852201
32	106	1.36195
32	118	1.2935
32	174	1.29385
32	178	1.25508
33	30	1.27664
33	107	0.851753
33	112	0.826761
33	121	0.880482
33	126	0.863685
33	128	0.892949
33	132	0.84454
33	136	0.882191
33	139	0.874328
33	152	0.883314
33	158	1.36328
33	174	1.31445
33	180	1.2479
34	82	1.25584
34	90	1.36204
34	106	0.851768
34	131	0.8567
34	133	1.27051
34	134	0.883424
34	141	0.896553
34	145	0.865122
34	158	0.872316
34	168	0.854443
34	169	0.85808
34	170	0.861591
34	179	1.31468
35	6	0.938771
35	17	0.844031
35	25	1.21497
35	26	0.829583
35	31	0.884973
35	38	0.818547
35	59	0.840877
35	111	0.8866
35	115	1.5805
35	141	0.881838
35	165	0.87478
35	166	1.20264
35	174	1.20915
36	7	1.71652
36	21	0.86586
36	25	1.5769
36	27	0.818699
36	29	0.629992
36	60	0.854991
36	72	0.84619
36	124	0.795943
36	130	0.769261
36	157	0.779748
36	171	0.839319
36	172	1.50845
37	45	0.82516
37	89	1.23483
37	124	1.38241
37	131	1.47344
37	133	0.853836
37	138	0.843318
37	151	0.84669
37	163	0.832808
37	164	0.847201
37	166	0.829974
37	169	1.50157
37	178	0.84164
37	179	0.841493
37	180	0.837881
38	6	0.913289
38	17	0.818549
38	26	0.804101
38	31	0.859491
38	35	0.818547
38	39	0.803856
38	59	0.815395
38	111	0.861117
38	115	1.71298
38	141	0.856355
38	164	1.20984
38	165	0.849298
38	176	1.37632
38	179	1.30574
39	16	1.30356
39	23	1.41208
39	38	0.803856
39	59	0.826186
39	139	1.40697
39	156	0.834945
39	162	0.828907
39	165	0.860089
39	171	0.894147
39	172	0.835267
39	173	1.47349
39	178	0.840171
39	179	0.840024
39	180	0.836411
40	87	1.44427
40	117	0.826695
40	122	0.858281
40	145	0.840714
40	149	0.835195
40	151	1.3916
40	161	0.850029
40	169	0.833671
40	170	0.837182
40	173	0.835598
40	175	0.840958
40	176	0.841676
40	177	1.39989
40	180	1.37306
41	55	1.30501
41	68	0.81376
41	73	0.815916
41	113	1.48662
41	120	1.41545
41	155	0.85219
41	158	0.845905
41	161	0.848026
41	164	1.40117
41	167	0.833764
41	168	0.828032
41	169	0.831668
41	171	0.897142
41	173	0.833595
42	24	0.846837
42	57	0.802533
42	79	0.838493
42	122	0.857778
42	126	1.41219
42	138	1.39511
42	144	0.827973
42	150	0.860137
42	161	0.849526
42	163	1.41676
42	172	1.38063
42	173	0.835095
42	175	0.840454
42	176	0.841173
43	4	0.888913
43	9	0.878643
43	14	0.788625
43	15	0.860513
43	22	0.847976
43	30	1.32384
43	56	0.784766
43	63	0.841747
43	67	1.58286
43	95	0.809509
43	152	0.861173
43	157	0.838135
43	176	1.39633
43	180	1.29509
44	14	1.59385
44	116	0.824218
44	133	0.858413
44	143	1.44745
44	154	0.820397
44	159	0.82843
44	161	1.27341
44	163	0.837385
44	164	0.851778
44	167	1.27897
44	174	0.844947
44	177	0.845759
44	178	0.846217
44	180	0.842458
45	37	0.82516
45	94	0.81504
45	118	0.829613
45	127	0.846498
45	137	1.45841
45	164	0.854775
45	166	0.837548
45	168	1.40075
45	170	1.38477
45	174	0.847944
45	175	1.34887
45	177	0.848756
45	178	0.849214
45	180	0.845455
46	69	0.994406
46	100	1.17379
46	106	0.931837
46	115	0.894366
46	146	0.940544
46	148	0.934119
46	151	1.10673
46	153	1.18112
46	167	0.940244
46	168	0.934512
46	169	0.938148
46	173	0.940075
46	174	1.15475
46	176	0.946153
47	82	0.766651
47	91	0.73964
47	132	0.746294
47	139	0.776082
47	144	0.750932
47	157	0.762029
47	162	0.756361
47	164	1.79628
47	166	1.92155
47	170	0.759638
47	171	0.8216
47	172	0.762721
47	173	0.758054
47	177	1.88834
48	77	0.839028
48	80	0.815766
48	109	0.794411
48	112	0.781437
48	121	0.835158
48	128	0.847625
48	129	0.805857
48	132	0.799215
48	134	1.45828
48	136	0.836866
48	139	0.829004
48	142	1.55108
48	146	1.5209
48	154	1.46446
48	172	0.815642
49	72	0.952177
49	84	1.19878
49	107	1.18295
49	129	1.24689
49	136	1.18036
49	139	1.18424
49	157	0.885735
49	158	0.894069
49	167	0.881929
49	169	0.879833
49	171	0.945306
49	177	0.890872
49	178	0.89133
49	179	0.891183
49	180	0.88757
50	70	1.33854
50	80	0.81094
50	84	0.818226
50	88	1.39545
50	109	0.789585
50	121	0.830332
50	126	0.813535
50	128	0.842799
50	132	0.794389
50	136	0.83204
50	139	0.824178
50	141	1.53597
50	152	0.833163
50	168	1.7346
50	172	0.810816
51	26	0.987735
51	56	0.95405
51	59	0.999029
51	132	0.960208
51	134	0.962832
51	137	1.06774
51	143	1.10697
51	157	1.00742
51	159	0.995227
51	161	0.932923
51	165	1.03293
51	166	1.00135
51	175	0.958199
51	178	1.01301
51	180	1.00925
52	53	1.0303
52	114	0.886926
52	143	1.31577
52	146	1.23425
52	147	0.9185
52	156	0.896982
52	159	0.884421
52	164	0.907768
52	169	1.21095
52	173	1.19921
52	174	0.900938
52	177	0.901749
52	178	0.902208
52	179	0.902061
52	180	0.898448
53	52	1.0303
53	78	1.10474
53	99	0.902905
53	108	0.922734
53	112	1.43852
53	145	0.898565
53	149	0.893046
53	161	0.907879
53	163	1.22176
53	167	0.893618
53	168	0.887886
53	170	0.895033
53	175	0.898808
53	176	0.899527
53	178	1.20949
54	23	1.18651
54	96	1.05069
54	103	0.892023
54	149	1.22921
54	154	0.882099
54	156	0.902694
54	159	0.890133
54	163	0.899087
54	168	1.2676
54	169	1.25967
54	174	0.90665
54	177	0.907462
54	178	0.90792
54	179	0.907773
54	180	0.90416
55	41	1.30501
55	71	0.937752
55	75	0.971689
55	83	0.926105
55	91	0.830882
55	97	0.919171
55	162	0.847602
55	167	1.13729
55	170	1.19291
55	171	0.912842
55	172	0.853962
55	176	1.15909
56	4	0.851914
56	9	0.841644
56	14	0.751626
56	15	0.823514
56	22	0.810977
56	43	0.784766
56	51	0.95405
56	63	0.804748
56	115	0.751451
56	116	1.52841
56	149	1.59514
56	152	0.824174
56	157	0.801136
56	162	1.46314
56	164	1.41725
57	42	0.802533
57	64	0.798129
57	101	0.825456
57	145	0.819108
57	150	0.839035
57	155	0.832587
57	159	1.54246
57	165	1.3795
57	167	0.814161
57	170	0.815576
57	173	0.813992
57	175	0.819352
57	176	0.82007
57	177	1.54281
57	178	1.54377
58	3	1.18057
58	80	0.878844
58	82	0.88265
58	86	0.809103
58	107	0.869506
58	112	0.844514
58	126	0.881438
58	128	0.910702
58	129	0.868935
58	132	0.862293
58	136	0.899944
58	139	0.892081
58	141	1.21633
58	162	1.24456
58	173	1.39528
58	175	1.36307
59	3	1.21582
59	6	0.935619
59	17	0.840879
59	26	0.826431
59	30	1.3279
59	31	0.881821
59	35	0.840877
59	38	0.815395
59	39	0.826186
59	51	0.999029
59	111	0.883447
59	119	1.21697
59	141	0.878685
59	162	1.27981
59	165	0.871628
59	174	1.36571
60	20	1.00571
60	21	1.01586
60	27	0.968698
60	29	0.779992
60	36	0.854991
60	72	0.99619
60	110	1.22582
60	115	1.38749
60	124	0.945943
60	130	0.919261
60	141	0.902003
60	157	0.929747
60	170	1.08466
60	171	0.989319
61	28	1.26685
61	85	1.46522
61	132	1.40592
61	148	0.834107
61	150	0.865106
61	155	0.858658
61	158	0.852373
61	167	0.840232
61	168	0.8345
61	169	0.838137
61	170	0.841648
61	171	0.90361
61	173	0.840063
61	175	0.845423
61	176	0.846142
61	178	1.33253
61	179	1.33542
62	83	1.0943
62	121	1.44572
62	126	1.46356
62	137	0.860292
62	142	0.835984
62	144	0.842202
62	149	0.848921
62	158	0.861633
62	164	1.36285
62	167	0.849493
62	168	0.843761
62	169	0.847397
62	170	0.850908
62	172	1.432
62	173	0.849324
62	175	0.854683
62	176	0.855402
63	4	0.908894
63	9	0.898625
63	12	0.811728
63	14	0.808607
63	15	0.880495
63	22	0.867958
63	43	0.841747
63	56	0.804748
63	95	0.829491
63	110	1.60173
63	115	0.808432
63	141	1.2779
63	152	0.881155
63	157	0.858116
63	161	1.39938
63	162	1.30614
63	171	1.21752
64	57	0.798129
64	70	1.22655
64	117	0.821787
64	132	1.57273
64	138	1.48997
64	144	0.823568
64	148	0.824734
64	150	0.855733
64	155	0.849285
64	158	0.842999
64	163	1.51161
64	164	1.40632
64	167	0.830859
64	168	0.825127
64	169	0.828763
64	170	0.832275
64	173	0.83069
64	175	0.83605
65	19	1.21027
65	79	1.19488
65	93	1.12664
65	98	0.868057
65	120	0.917252
65	150	1.1701
65	154	0.882758
65	159	0.890792
65	160	0.901519
65	163	0.899746
65	164	0.914139
65	166	0.896912
65	168	1.25123
65	170	1.23525
65	174	0.907309
65	177	0.90812
65	178	0.908578
65	180	0.904819
66	106	0.820385
66	111	0.869931
66	128	1.41456
66	131	0.825316
66	142	0.815284
66	143	0.818558
66	145	0.833739
66	147	1.41759
66	158	0.840932
66	165	1.36611
66	167	0.828792
66	168	0.82306
66	169	0.826696
66	172	1.50652
66	173	0.828623
66	175	0.833982
66	176	0.834701
66	180	1.5026
67	43	1.58286
67	68	0.803641
67	70	1.262
67	88	1.31891
67	131	0.820169
67	134	0.846893
67	137	0.834444
67	150	0.848518
67	155	0.842071
67	158	0.835785
67	159	1.53349
67	161	0.837907
67	167	0.823645
67	170	0.82506
67	172	1.51093
67	173	0.823476
67	175	0.828835
67	176	0.829554
68	1	1.27841
68	41	0.81376
68	67	0.803641
68	96	0.853817
68	140	1.54741
68	144	0.819596
68	146	0.827188
68	150	0.851761
68	153	1.54433
68	155	0.845314
68	158	0.839028
68	161	0.841149
68	164	1.38617
68	168	0.821156
68	169	0.824792
68	173	0.826718
68	175	0.832078
68	180	1.4514
69	46	0.994406
69	99	1.2792
69	105	1.29704
69	114	0.89185
69	119	0.91239
69	122	1.18524
69	140	0.891665
69	149	1.2381
69	151	0.912181
69	154	0.881311
69	157	1.19777
69	159	0.889344
69	160	0.900072
69	163	0.898298
69	174	0.905861
69	177	0.906673
69	179	0.906984
69	180	0.903371
70	50	1.33854
70	64	1.22655
70	67	1.262
70	133	0.915208
70	134	1.07803
70	142	1.17083
70	151	0.908062
70	153	0.888044
70	156	0.897786
70	160	0.895953
70	163	0.894179
70	166	0.891346
70	169	1.11734
70	174	0.901742
70	177	0.902554
70	178	0.903012
70	179	0.902865
70	180	0.899252
71	55	0.937752
71	75	1.0574
71	83	1.01182
71	91	0.916597
71	97	1.00489
71	110	1.0903
71	123	1.28644
71	137	1.02277
71	161	0.887951
71	162	0.933317
71	171	0.998557
71	172	0.939677
71	175	0.913226
72	21	1.00706
72	27	0.959897
72	29	0.77119
72	30	0.91823
72	36	0.84619
72	49	0.952177
72	60	0.99619
72	123	1.47597
72	124	0.937142
72	127	1.07195
72	130	0.91046
72	137	1.21231
72	157	0.920946
72	162	0.984252
72	171	0.980517
72	178	1.03139
72	179	1.03427
73	41	0.815916
73	76	0.794533
73	78	1.42105
73	88	1.30992
73	119	1.41583
73	135	1.47257
73	137	0.839843
73	146	0.829344
73	150	0.853917
73	153	1.59094
73	155	0.84747
73	161	0.843305
73	162	0.827181
73	167	0.829044
73	168	0.823311
73	169	0.826948
73	175	0.834234
73	176	0.834953
74	112	1.37627
74	120	0.888622
74	126	1.15493
74	133	0.892145
74	144	1.31341
74	146	1.28586
74	147	0.896241
74	150	1.18937
74	153	0.864981
74	154	0.854128
74	156	0.874723
74	159	0.862162
74	160	0.872889
74	168	1.2705
74	174	0.878679
74	177	0.87949
74	178	0.879949
74	179	0.879802
74	180	0.876189
75	13	1.27844
75	55	0.971689
75	71	1.0574
75	83	1.04576
75	91	0.950534
75	97	1.03882
75	101	0.938787
75	130	0.962436
75	146	1.00729
75	153	0.933806
75	162	0.967254
75	171	1.03249
75	172	0.973614
75	173	0.972254
75	177	0.867706
76	73	0.794533
76	87	1.61367
76	116	1.58839
76	119	1.46028
76	123	0.789149
76	134	0.835629
76	145	0.817327
76	148	0.806256
76	149	0.811809
76	155	0.830807
76	158	0.824521
76	161	0.826642
76	165	1.40598
76	167	0.812381
76	168	0.806648
76	170	0.813796
76	173	0.812211
76	176	0.81829
76	180	1.54247
77	48	0.839028
77	86	0.809657
77	95	1.45821
77	99	1.22849
77	107	0.870059
77	109	0.858042
77	115	1.51265
77	121	0.898789
77	126	0.881992
77	128	0.911256
77	129	0.869488
77	132	0.862846
77	136	0.900497
77	139	0.892635
77	152	0.90162
77	158	1.19012
77	163	1.11479
77	165	0.904095
77	178	1.10252
78	28	0.88622
78	53	1.10474
78	73	1.42105
78	99	1.29602
78	105	1.31386
78	114	0.869426
78	127	0.881991
78	153	0.86974
78	154	0.858887
78	157	1.21459
78	159	0.86692
78	163	0.875875
78	166	0.873041
78	174	0.883438
78	176	1.24352
78	177	0.884249
78	178	0.884707
78	179	0.88456
78	180	0.880948
79	42	0.838493
79	65	1.19488
79	91	0.831538
79	107	0.845404
79	125	1.30423
79	127	1.38228
79	128	0.886601
79	132	0.838191
79	139	0.86798
79	142	0.836612
79	151	1.33247
79	154	1.42391
79	162	0.848258
79	165	0.87944
79	166	1.37397
79	169	0.848025
79	171	0.913498
79	172	0.854618
79	175	0.855311
79	176	0.85603
80	48	0.815766
80	50	0.81094
80	58	0.878844
80	84	0.863421
80	103	1.41048
80	107	0.846797
80	109	0.834781
80	120	1.26439
80	121	0.875527
80	126	0.85873
80	128	0.887994
80	129	0.846226
80	136	0.877235
80	139	0.869373
80	148	1.48174
80	150	1.38526
80	152	0.878358
80	164	1.25011
80	171	1.20737
80	172	0.856011
81	31	1.24691
81	101	0.865672
81	104	1.34292
81	117	0.845304
81	118	1.38785
81	143	0.844143
81	145	0.859323
81	147	1.23664
81	150	0.87925
81	153	1.41457
81	161	0.868638
81	162	0.852514
81	166	1.38169
81	167	0.854377
81	168	0.848644
81	169	0.852281
81	170	0.855792
81	173	0.854207
81	175	0.859567
81	176	0.860286
82	34	1.25584
82	47	0.766651
82	58	0.88265
82	84	0.867228
82	92	1.49869
82	112	0.825612
82	115	1.62897
82	121	0.879333
82	123	0.832088
82	126	0.862537
82	128	0.8918
82	129	0.850033
82	132	0.843391
82	136	0.881042
82	139	0.873179
82	159	1.21754
82	165	0.884639
82	172	0.859818
82	178	1.21885
82	180	1.19106
83	55	0.926105
83	62	1.0943
83	71	1.01182
83	75	1.04576
83	91	0.90495
83	92	1.19309
83	95	1.26894
83	97	0.993238
83	111	0.964671
83	130	0.916852
83	144	1.07942
83	162	0.92167
83	164	0.820227
83	171	0.98691
83	172	0.92803
83	174	0.952017
84	49	1.19878
84	50	0.818226
84	80	0.863421
84	82	0.867228
84	86	0.79368
84	94	1.45079
84	96	1.23277
84	107	0.854083
84	112	0.829092
84	126	0.866016
84	128	0.89528
84	129	0.853512
84	132	0.84687
84	136	0.884521
84	139	0.876659
84	155	1.38781
84	162	1.27929
84	165	0.888119
84	168	1.44969
84	172	0.863297
85	1	1.20672
85	21	1.01202
85	61	1.46522
85	125	0.86263
85	138	0.861784
85	147	0.876399
85	152	1.37814
85	153	0.845139
85	154	0.834286
85	156	0.85488
85	160	0.853047
85	161	1.4536
85	163	0.851274
85	164	0.865667
85	174	0.858836
85	175	1.47887
85	177	0.859648
85	178	0.860106
85	179	0.859959
85	180	0.856347
86	12	0.739191
86	58	0.809103
86	77	0.809657
86	84	0.79368
86	107	0.777057
86	109	0.76504
86	112	0.752065
86	121	0.805786
86	126	0.788989
86	129	0.776486
86	132	0.769844
86	136	0.807495
86	139	0.799632
86	152	0.808618
86	156	1.63997
86	160	1.714
86	162	1.64146
86	165	0.811092
86	172	0.786271
86	174	1.72737
86	177	1.68764
87	7	1.50243
87	9	1.12171
87	40	1.44427
87	76	1.61367
87	113	0.838047
87	151	0.851699
87	152	1.28887
87	153	0.831682
87	154	0.820829
87	156	0.841424
87	159	0.828863
87	160	0.83959
87	163	0.837817
87	164	0.85221
87	166	0.834983
87	170	1.42551
87	172	0.841746
87	174	0.84538
87	177	0.846191
87	178	0.84665
87	180	0.84289
88	50	1.39545
88	67	1.31891
88	73	1.30992
88	127	0.90184
88	140	0.88909
88	151	0.909605
88	156	0.89933
88	158	1.14652
88	159	0.886769
88	160	0.897496
88	163	0.895723
88	164	0.910116
88	166	0.892889
88	170	1.16621
88	171	0.923165
88	174	0.903286
88	176	1.13239
88	177	0.904097
88	178	0.904556
88	179	0.904409
88	180	0.900796
89	14	1.48995
89	37	1.23483
89	96	0.924138
89	113	1.11582
89	117	0.888136
89	137	0.908008
89	139	1.16047
89	142	0.883701
89	144	0.889918
89	146	0.897509
89	158	0.909349
89	161	0.91147
89	166	1.15565
89	168	0.891477
89	169	0.895113
89	170	0.898624
89	173	0.89704
89	175	0.902399
89	176	0.903118
89	178	1.1234
89	179	1.12628
90	34	1.36204
90	103	0.828842
90	120	0.853412
90	127	0.842023
90	138	0.846416
90	152	1.29569
90	153	0.829771
90	158	1.41265
90	159	0.826952
90	160	0.837679
90	162	0.833475
90	164	0.850299
90	166	0.833072
90	168	1.44832
90	169	1.44038
90	170	1.43234
90	174	0.843469
90	177	0.84428
90	178	0.844739
90	179	0.844592
90	180	0.840979
91	47	0.73964
91	55	0.830882
91	71	0.916597
91	75	0.950534
91	79	0.831538
91	83	0.90495
91	93	0.856937
91	97	0.898015
91	102	0.828888
91	107	1.40046
91	111	0.869448
91	119	1.25471
91	130	0.821629
91	135	1.31145
91	152	1.33532
91	156	1.31605
91	160	1.39008
91	162	0.826447
91	171	0.891687
91	172	0.832807
92	2	0.882941
92	4	1.39534
92	5	0.767368
92	10	0.880991
92	32	0.843136
92	82	1.49869
92	83	1.19309
92	97	1.24259
92	102	0.83446
92	128	1.43883
92	132	1.62804
92	145	0.838828
92	161	0.848142
92	164	0.848843
92	166	0.831616
92	168	0.828149
92	169	0.831785
92	174	0.842012
92	175	0.839071
92	179	0.843135
92	180	0.839523
93	5	0.809007
93	16	0.882251
93	18	0.881167
93	32	0.884775
93	65	1.12664
93	91	0.856937
93	97	0.945226
93	102	0.876098
93	105	0.875675
93	133	1.2322
93	135	1.22025
93	138	1.2641
93	140	1.34171
93	143	0.865285
93	149	0.874948
93	154	1.35567
93	162	0.873657
93	171	0.938897
93	172	0.880017
93	173	0.87535
93	175	0.88071
93	177	1.27252
94	7	1.58338
94	45	0.81504
94	84	1.45079
94	111	1.3283
94	118	0.811919
94	131	1.48637
94	138	0.833198
94	147	0.847813
94	153	0.816552
94	154	0.8057
94	159	0.813733
94	160	0.824461
94	163	0.822687
94	164	0.837081
94	166	0.819854
94	174	0.83025
94	175	1.47055
94	176	1.47264
94	177	0.831062
94	178	0.83152
94	179	0.831373
94	180	0.82776
95	6	1.1967
95	10	1.43845
95	14	0.776369
95	43	0.809509
95	63	0.829491
95	77	1.45821
95	83	1.26894
95	129	1.73023
95	132	1.70389
95	144	0.814781
95	150	0.846946
95	152	0.848917
95	157	0.825879
95	160	0.824415
95	167	0.822073
95	173	0.821903
95	174	0.830204
95	176	0.827982
95	177	0.831016
95	178	0.831474
95	179	0.831327
95	180	0.827714
96	12	1.65304
96	23	0.882413
96	54	1.05069
96	68	0.853817
96	84	1.23277
96	89	0.924138
96	99	0.883108
96	126	1.18885
96	134	0.897069
96	144	0.86653
96	148	0.867696
96	149	0.873249
96	152	0.900666
96	153	1.2463
96	162	0.871958
96	166	1.21341
96	169	0.871725
96	170	0.875236
96	173	0.873652
96	174	1.21993
96	175	0.879011
96	176	0.87973
97	25	1.00734
97	55	0.919171
97	71	1.00489
97	75	1.03882
97	83	0.993238
97	91	0.898015
97	92	1.24259
97	93	0.945226
97	102	0.917177
97	110	1.2112
97	111	0.957737
97	130	0.909918
97	148	1.10136
97	162	0.914735
97	169	1.07808
97	171	0.979975
97	172	0.921096
97	174	1.00152
97	177	0.96179
98	8	1.73817
98	65	0.868057
98	100	0.827368
98	122	1.42303
98	133	0.837369
98	135	0.84086
98	138	0.82685
98	140	0.809707
98	152	1.36167
98	153	0.810205
98	156	0.819947
98	159	0.807386
98	160	0.818113
98	162	0.813909
98	168	1.51429
98	170	1.49831
98	171	1.25527
98	174	0.823903
98	177	0.824714
98	178	0.825173
98	179	0.825026
98	180	0.821413
99	53	0.902905
99	69	1.2792
99	77	1.22849
99	78	1.29602
99	96	0.883108
99	117	0.847106
99	122	0.878692
99	130	1.35253
99	143	0.845945
99	145	0.861125
99	146	0.856479
99	147	1.28797
99	148	0.850053
99	149	0.855607
99	151	1.39152
99	158	0.868319
99	161	0.87044
99	168	0.850446
99	169	0.854083
99	170	0.857594
99	173	0.856009
99	176	0.862088
99	180	1.37299
100	24	1.35647
100	46	1.17379
100	98	0.827368
100	116	0.84589
100	125	0.870413
100	138	0.869567
100	152	1.30326
100	153	0.852922
100	156	0.862663
100	157	1.37715
100	160	0.86083
100	161	1.37872
100	163	0.859057
100	164	0.87345
100	165	0.887807
100	166	0.856223
100	171	1.19686
100	174	0.866619
100	175	1.40399
100	177	0.867431
100	178	0.867889
100	179	0.867742
100	180	0.86413
101	8	0.80671
101	57	0.825456
101	75	0.938787
101	81	0.865672
101	103	1.41228
101	112	1.57396
101	119	1.23496
101	137	0.868986
101	142	0.844678
101	145	0.863133
101	150	0.88306
101	151	1.33568
101	155	0.876613
101	158	0.870327
101	160	1.37033
101	161	0.872448
101	167	0.858187
101	169	0.856091
101	170	0.859602
101	171	0.921564
101	175	0.863377
101	176	0.864096
101	177	1.34397
102	1	0.894589
102	8	1.61149
102	16	0.854202
102	27	1.05101
102	32	0.856726
102	91	0.828888
102	92	0.83446
102	93	0.876098
102	97	0.917177
102	108	1.25831
102	124	1.2605
102	151	0.861922
102	155	1.32573
102	161	1.31044
102	162	0.845608
102	166	0.845205
102	170	1.37162
102	171	0.910848
102	172	0.851968
102	174	0.855602
102	178	0.856872
102	179	0.856725
102	180	0.853112
103	54	0.892023
103	80	1.41048
103	90	0.828842
103	101	1.41228
103	114	0.834516
103	135	0.865485
103	138	0.851475
103	147	0.86609
103	152	1.3128
103	153	0.83483
103	154	0.823977
103	155	1.40355
103	159	0.832011
103	160	0.842738
103	161	1.38826
103	163	0.840965
103	164	0.855358
103	166	0.838131
103	169	1.45749
103	171	1.2064
103	174	0.848528
103	177	0.849339
103	179	0.849651
103	180	0.846038
104	1	0.890064
104	2	0.892006
104	5	0.776433
104	16	0.849677
104	18	0.848593
104	32	0.852201
104	81	1.34292
104	109	0.826212
104	112	0.813238
104	117	1.39143
104	122	1.3003
104	129	0.837658
104	132	0.831016
104	136	0.868667
104	147	0.868639
104	148	1.4069
104	159	0.83456
104	164	0.857907
104	168	1.39156
104	169	1.38362
104	173	1.37188
104	178	0.852347
104	179	0.8522
104	180	0.848587
105	8	0.795571
105	16	1.35227
105	26	1.42059
105	69	1.29704
105	78	1.31386
105	93	0.875675
105	116	1.43676
105	117	0.837975
105	131	0.843571
105	139	1.45569
105	142	0.833539
105	148	0.840923
105	149	0.846476
105	150	0.871921
105	158	0.859188
105	161	0.861309
105	164	1.3256
105	167	0.847048
105	168	0.841315
105	169	0.844952
105	170	0.848463
105	173	0.846878
105	175	0.852238
105	176	0.852957
106	20	1.41001
106	32	1.36195
106	34	0.851768
106	46	0.931837
106	66	0.820385
106	118	1.42009
106	131	0.835008
106	134	0.861733
106	135	1.32845
106	144	0.831193
106	148	0.83236
106	149	0.837913
106	153	1.44682
106	155	0.85691
106	158	0.850625
106	161	0.852746
106	164	1.28866
106	167	0.838485
106	168	0.832752
106	170	0.8399
106	173	0.838315
106	175	0.843675
106	176	0.844394
106	180	1.35389
107	19	1.3929
107	33	0.851753
107	49	1.18295
107	58	0.869506
107	77	0.870059
107	79	0.845404
107	80	0.846797
107	84	0.854083
107	86	0.777057
107	91	1.40046
107	109	0.825442
107	112	0.812468
107	121	0.866189
107	126	0.849392
107	128	0.878656
107	129	0.836888
107	132	0.830246
107	136	0.867897
107	144	1.47677
107	148	1.4492
107	155	1.37198
107	163	1.32285
107	165	0.871495
107	172	0.846673
108	53	0.922734
108	102	1.25831
108	116	1.28691
108	122	0.898522
108	134	0.899256
108	135	1.21554
108	142	0.8625
108	143	0.865774
108	146	0.876309
108	147	1.15598
108	148	0.869883
108	149	0.875437
108	150	0.900882
108	157	0.879814
108	158	0.888148
108	159	1.26746
108	160	1.29417
108	167	0.876008
108	168	0.870276
108	169	0.873912
108	170	0.877424
108	175	0.881199
108	176	0.881917
108	177	1.26781
108	178	1.26877
109	48	0.794411
109	50	0.789585
109	77	0.858042
109	80	0.834781
109	86	0.76504
109	104	0.826212
109	107	0.825442
109	121	0.854172
109	124	0.850161
109	126	0.837375
109	128	0.866639
109	129	0.824871
109	132	0.818229
109	133	1.36987
109	136	0.85588
109	139	0.848018
109	144	1.57733
109	152	0.857004
109	156	1.36253
109	162	1.36402
109	165	0.859478
109	167	1.46283
109	172	0.834656
109	175	1.48253
109	180	1.38337
110	1	1.32248
110	6	1.08947
110	10	1.33121
110	21	1.12779
110	60	1.22582
110	63	1.60173
110	71	1.0903
110	97	1.2112
110	121	0.901454
110	126	0.884657
110	129	0.872153
110	132	0.865511
110	148	0.871315
110	161	0.891702
110	164	0.892402
110	166	0.875175
110	167	0.87744
110	172	0.881938
110	173	0.877271
110	175	0.882631
110	176	0.88335
110	177	0.886383
110	178	0.886842
110	179	0.886695
110	180	0.883082
111	15	1.20506
111	17	0.886601
111	35	0.8866
111	38	0.861117
111	59	0.883447
111	66	0.869931
111	83	0.964671
111	91	0.869448
111	94	1.3283
111	97	0.957737
111	119	1.09396
111	125	1.16644
111	161	0.902292
111	162	0.886168
111	165	0.91735
111	166	1.23619
111	167	0.888031
111	170	0.889446
111	171	0.951408
111	172	0.892528
111	175	0.893221
111	177	1.20297
111	178	1.20393
111	180	1.17615
112	33	0.826761
112	48	0.781437
112	53	1.43852
112	58	0.844514
112	74	1.37627
112	82	0.825612
112	84	0.829092
112	86	0.752065
112	101	1.57396
112	104	0.813238
112	107	0.812468
112	117	1.62698
112	121	0.841197
112	123	0.793952
112	124	0.837186
112	126	0.824401
112	128	0.853664
112	129	0.811897
112	132	0.805255
112	139	0.835043
112	141	1.42847
112	152	0.844029
112	159	1.50252
112	162	1.4567
112	165	0.846504
112	172	0.821682
113	41	1.48662
113	87	0.838047
113	89	1.11582
113	116	0.835092
113	119	0.862351
113	125	0.859615
113	127	0.854376
113	135	0.872779
113	138	0.858769
113	145	1.34405
113	146	1.40586
113	151	0.862141
113	153	0.842124
113	155	1.32862
113	156	0.851865
113	158	1.35483
113	159	0.839305
113	160	0.850032
113	163	0.848259
113	166	0.845425
113	169	1.38256
113	173	1.37082
113	174	0.855822
113	177	0.856633
113	178	0.857091
113	179	0.856944
113	180	0.853332
114	52	0.886926
114	69	0.89185
114	78	0.869426
114	103	0.834516
114	120	0.859087
114	133	0.862609
114	136	1.29488
114	144	1.42787
114	147	0.866706
114	149	1.34656
114	153	0.835446
114	156	0.845187
114	159	0.832626
114	160	0.843354
114	163	0.84158
114	166	0.838747
114	167	1.31336
114	170	1.36898
114	172	0.845509
114	173	1.36528
114	174	0.849143
114	175	1.33307
114	176	1.33515
114	177	0.849955
114	178	0.850413
114	179	0.850266
114	180	0.846654
115	2	1.28356
115	15	0.827198
115	22	0.814661
115	35	1.5805
115	38	1.71298
115	46	0.894366
115	56	0.751451
115	60	1.38749
115	63	0.808432
115	77	1.51265
115	82	1.62897
115	126	1.69262
115	143	0.790779
115	152	0.827858
115	155	0.819439
115	157	0.804819
115	158	0.813153
115	159	0.792628
115	160	0.803355
115	161	0.815275
115	163	0.801582
115	168	0.795281
115	170	0.802429
115	177	0.809956
115	178	0.810415
115	179	0.810268
115	180	0.806655
116	44	0.824218
116	56	1.52841
116	76	1.58839
116	100	0.84589
116	105	1.43676
116	108	1.28691
116	113	0.835092
116	118	0.824094
116	120	0.852369
116	140	0.828229
116	144	1.45912
116	147	0.859988
116	150	1.33508
116	151	0.848745
116	154	0.817875
116	156	0.838469
116	162	0.832431
116	163	0.834862
116	164	0.849256
116	165	0.863613
116	166	0.832029
116	170	1.40023
116	171	1.15719
116	174	0.842425
116	177	0.843237
116	178	0.843695
116	179	0.843548
116	180	0.839935
117	7	0.782137
117	40	0.826695
117	64	0.821787
117	81	0.845304
117	89	0.888136
117	99	0.847106
117	104	1.39143
117	105	0.837975
117	112	1.62698
117	118	1.43636
117	120	1.31921
117	122	0.860333
117	137	0.848618
117	142	0.824311
117	143	0.827585
117	149	0.837248
117	150	0.862693
117	155	0.856245
117	157	0.841625
117	163	1.41021
117	165	1.23368
117	168	0.832087
117	169	0.835723
117	173	0.83765
117	175	0.84301
117	176	0.843729
117	177	1.39699
117	178	1.39795
118	24	1.33708
118	32	1.2935
118	45	0.829613
118	81	1.38785
118	94	0.811919
118	106	1.42009
118	116	0.824094
118	117	1.43636
118	119	0.851353
118	133	0.85829
118	135	0.861781
118	143	1.53337
118	151	0.851143
118	154	0.820273
118	159	0.828307
118	160	0.839034
118	162	0.83483
118	163	0.837261
118	164	0.851654
118	166	0.834427
118	167	1.36489
118	170	1.42051
118	172	0.84119
118	174	0.844824
118	177	0.845635
118	178	0.846093
118	179	0.845946
118	180	0.842334
119	59	1.21697
119	69	0.91239
119	73	1.41583
119	76	1.46028
119	91	1.25471
119	101	1.23496
119	111	1.09396
119	113	0.862351
119	118	0.851353
119	135	0.886641
119	137	1.34575
119	138	0.872631
119	140	0.855488
119	146	1.30346
119	147	0.887246
119	151	0.876004
119	156	0.865728
119	159	0.853167
119	160	0.863894
119	163	0.862121
119	164	0.876514
119	166	0.859287
119	172	0.86605
119	173	1.26842
119	174	0.869684
119	177	0.870495
119	178	0.870954
119	179	0.870807
119	180	0.867194
120	41	1.41545
120	65	0.917252
120	74	0.888622
120	80	1.26439
120	90	0.853412
120	114	0.859087
120	116	0.852369
120	117	1.31921
120	121	1.18593
120	127	0.871652
120	129	1.2958
120	140	0.858903
120	147	0.890661
120	153	0.859401
120	154	0.848548
120	155	1.25745
120	156	0.869142
120	158	1.28367
120	159	0.856581
120	163	0.865535
120	164	0.879929
120	166	0.862702
120	167	1.24774
120	168	1.31933
120	174	0.873098
120	177	0.87391
120	178	0.874368
120	179	0.874221
120	180	0.870609
121	30	1.26563
121	33	0.880482
121	48	0.835158
121	50	0.830332
121	62	1.44572
121	77	0.898789
121	80	0.875527
121	82	0.879333
121	86	0.805786
121	107	0.866189
121	109	0.854172
121	110	0.901454
121	112	0.841197
121	120	1.18593
121	123	0.847673
121	124	0.890907
121	128	0.907385
121	129	0.865618
121	132	0.858976
121	136	0.896627
121	139	0.888764
121	145	1.34148
121	155	1.32605
121	160	1.29007
121	162	1.21753
121	165	0.900224
121	172	0.875403
121	178	1.26467
121	179	1.26755
122	7	0.813723
122	24	0.880979
122	40	0.858281
122	42	0.857778
122	69	1.18524
122	98	1.42303
122	99	0.878692
122	104	1.3003
122	108	0.898522
122	117	0.860333
122	128	1.19099
122	137	0.880205
122	146	0.869706
122	149	0.868834
122	155	0.887832
122	157	0.873212
122	158	0.881546
122	160	1.33221
122	167	0.869406
122	168	0.863673
122	169	0.86731
122	170	0.870821
122	172	1.28295
122	173	0.869236
122	175	0.874596
122	176	0.875315
122	177	1.30586
122	179	1.3097
122	180	1.27903
123	2	1.31803
123	5	1.88109
123	6	1.2856
123	9	1.52288
123	21	1.32392
123	27	1.50607
123	71	1.28644
123	72	1.47597
123	76	0.789149
123	82	0.832088
123	112	0.793952
123	121	0.847673
123	126	0.830876
123	128	0.86014
123	129	0.818373
123	135	0.848749
123	155	0.842086
123	160	0.826002
123	163	0.824229
123	167	0.82366
123	170	0.825075
123	172	0.828158
123	173	0.823491
123	175	0.82885
123	176	0.829569
123	177	0.832603
123	178	0.833061
123	179	0.832914
123	180	0.829302
124	29	0.720944
124	36	0.795943
124	37	1.38241
124	60	0.945943
124	72	0.937142
124	102	1.2605
124	109	0.850161
124	112	0.837186
124	121	0.890907
124	128	0.903374
124	129	0.861606
124	136	0.892615
124	143	0.85666
124	146	0.867194
124	154	1.35316
124	155	0.88532
124	157	0.8707
124	158	0.879034
124	163	1.28323
124	164	1.17795
124	166	1.30322
124	169	0.864798
124	171	0.930271
124	172	0.871391
124	173	0.866724
124	174	1.30974
124	175	0.872084
124	177	1.27001
124	179	1.27385
125	11	0.804634
125	13	0.805216
125	79	1.30423
125	85	0.86263
125	100	0.870413
125	111	1.16644
125	113	0.859615
125	127	0.865503
125	131	1.32451
125	142	1.40613
125	143	1.45747
125	151	0.873268
125	153	0.853251
125	154	0.842398
125	156	0.862993
125	158	1.32492
125	159	0.850432
125	160	0.861159
125	163	0.859386
125	164	0.873779
125	166	0.856552
125	169	1.35265
125	172	0.863315
125	173	1.34091
125	174	0.866949
125	175	1.3087
125	177	0.86776
125	178	0.868218
125	179	0.868071
125	180	0.864459
126	3	1.17138
126	33	0.863685
126	42	1.41219
126	50	0.813535
126	58	0.881438
126	62	1.46356
126	74	1.15493
126	77	0.881992
126	80	0.85873
126	82	0.862537
126	84	0.866016
126	86	0.788989
126	96	1.18885
126	107	0.849392
126	109	0.837375
126	110	0.884657
126	112	0.824401
126	115	1.69262
126	123	0.830876
126	128	0.890589
126	129	0.848821
126	132	0.842179
126	136	0.87983
126	139	0.871968
126	152	0.880953
126	162	1.23537
126	165	0.883428
126	169	1.39783
126	172	0.858606
126	179	1.28539
127	10	1.12332
127	11	0.799395
127	45	0.846498
127	72	1.07195
127	78	0.881991
127	79	1.38228
127	88	0.90184
127	90	0.842023
127	113	0.854376
127	120	0.871652
127	125	0.865503
127	130	0.846897
127	134	1.39138
127	138	0.864656
127	140	0.847513
127	145	1.39218
127	148	1.45398
127	151	0.868028
127	154	0.837158
127	156	0.857753
127	161	1.36147
127	163	0.854146
127	166	0.851312
127	170	1.42265
127	174	0.861709
127	176	1.38883
127	177	0.86252
127	178	0.862979
127	179	0.862832
127	180	0.859219
128	33	0.892949
128	48	0.847625
128	50	0.842799
128	58	0.910702
128	66	1.41456
128	77	0.911256
128	79	0.886601
128	80	0.887994
128	82	0.8918
128	84	0.89528
128	92	1.43883
128	107	0.878656
128	109	0.866639
128	112	0.853664
128	121	0.907385
128	122	1.19099
128	123	0.86014
128	124	0.903374
128	126	0.890589
128	129	0.878085
128	132	0.871443
128	136	0.909094
128	139	0.901231
128	154	1.24118
128	158	1.24658
128	159	1.15767
128	165	0.912692
128	166	1.19124
128	176	1.23245
128	179	1.16187
128	180	1.1312
129	48	0.805857
129	49	1.24689
129	58	0.868935
129	77	0.869488
129	80	0.846226
129	82	0.850033
129	84	0.853512
129	86	0.776486
129	95	1.73023
129	104	0.837658
129	107	0.836888
129	109	0.824871
129	110	0.872153
129	112	0.811897
129	120	1.2958
129	121	0.865618
129	123	0.818373
129	124	0.861606
129	126	0.848821
129	128	0.878085
129	132	0.829675
129	136	0.867326
129	139	0.859464
129	141	1.29917
129	162	1.3274
129	163	1.3868
129	165	0.870924
129	172	0.846102
129	177	1.37358
129	178	1.37454
129	179	1.37742
130	27	0.882969
130	29	0.694262
130	36	0.769261
130	60	0.919261
130	72	0.91046
130	75	0.962436
130	83	0.916852
130	91	0.821629
130	97	0.909918
130	99	1.35253
130	127	0.846897
130	142	1.39538
130	144	1.39275
130	145	1.30339
130	148	1.36518
130	150	1.2687
130	156	0.844387
130	157	0.844018
130	160	0.842554
130	162	0.838349
130	164	0.855173
130	167	1.27824
130	171	0.903589
130	172	0.844709
130	173	1.33016
130	174	0.848343
130	175	1.29795
130	178	0.849613
130	179	0.849466
130	180	0.845853
131	34	0.8567
131	37	1.47344
131	66	0.825316
131	67	0.820169
131	94	1.48637
131	105	0.843571
131	106	0.835008
131	125	1.32451
131	132	1.43539
131	134	0.866664
131	137	0.854215
131	142	0.829907
131	145	0.848362
131	146	0.843716
131	148	0.837291
131	149	0.842844
131	150	0.868289
131	151	1.35275
131	155	0.861842
131	156	1.31337
131	159	1.36069
131	161	0.857677
131	164	1.26898
131	166	1.39425
131	167	0.843416
131	168	0.837683
131	169	0.84132
131	170	0.844831
131	173	0.843246
131	175	0.848606
131	176	0.849325
132	25	1.39278
132	33	0.84454
132	47	0.746294
132	48	0.799215
132	50	0.794389
132	51	0.960208
132	58	0.862293
132	61	1.40592
132	64	1.57273
132	77	0.862846
132	79	0.838191
132	82	0.843391
132	84	0.84687
132	86	0.769844
132	92	1.62804
132	95	1.70389
132	104	0.831016
132	107	0.830246
132	109	0.818229
132	110	0.865511
132	112	0.805255
132	121	0.858976
132	126	0.842179
132	128	0.871443
132	129	0.829675
132	131	1.43539
132	136	0.860684
132	139	0.852822
132	152	0.861807
132	162	1.30106
132	165	0.864282
132	167	1.39986
133	34	1.27051
133	37	0.853836
133	44	0.858413
133	70	0.915208
133	74	0.892145
133	93	1.2322
133	98	0.837369
133	109	1.36987
133	114	0.862609
133	118	0.85829
133	135	0.893578
133	138	0.879568
133	147	0.894183
133	148	1.37214
133	150	1.27566
133	151	0.88294
133	152	1.20417
133	153	0.862923
133	154	0.85207
133	157	1.27806
133	159	0.860104
133	160	0.870831
133	163	0.869058
133	164	0.883451
133	166	0.866224
133	169	1.34885
133	171	1.09777
133	173	1.33711
133	177	0.877432
133	178	0.877891
133	179	0.877744
133	180	0.874131
134	19	0.883459
134	23	0.878731
134	34	0.883424
134	48	1.45828
134	51	0.962832
134	67	0.846893
134	70	1.07803
134	76	0.835629
134	96	0.897069
134	106	0.861733
134	108	0.899256
134	127	1.39138
134	131	0.866664
134	135	1.29759
134	137	0.880939
134	146	0.87044
134	148	0.864015
134	149	0.869568
134	151	1.34157
134	153	1.41596
134	158	0.88228
134	161	0.884402
134	165	1.18655
134	167	0.87014
134	168	0.864408
134	169	0.868044
134	170	0.871555
134	172	1.32695
134	173	0.869971
134	175	0.87533
134	176	0.876049
134	179	1.3537
135	73	1.47257
135	91	1.31145
135	93	1.22025
135	98	0.84086
135	103	0.865485
135	106	1.32845
135	108	1.21554
135	113	0.872779
135	118	0.861781
135	119	0.886641
135	123	0.848749
135	133	0.893578
135	134	1.29759
135	139	1.25865
135	140	0.865917
135	147	0.897675
135	153	0.866415
135	154	0.855562
135	156	0.876156
135	158	1.30917
135	159	0.863595
135	160	0.874323
135	163	0.87255
135	164	0.886943
135	166	0.869716
135	171	1.08582
135	174	0.880112
135	175	1.29295
135	177	0.880924
135	178	0.881382
135	179	0.881235
135	180	0.877623
136	12	0.830031
136	33	0.882191
136	48	0.836866
136	49	1.18036
136	50	0.83204
136	58	0.899944
136	77	0.900497
136	80	0.877235
136	82	0.881042
136	84	0.884521
136	86	0.807495
136	104	0.868667
136	107	0.867897
136	109	0.85588
136	114	1.29488
136	121	0.896627
136	124	0.892615
136	126	0.87983
136	128	0.909094
