1	99	0.501655
1	121	1.22394
1	122	0.630674
1	141	0.620827
1	164	1.20614
1	165	0.640131
1	172	1.21055
1	173	1.20164
1	174	1.18079
1	178	1.18318
1	179	1.1909
1	180	1.20285
2	13	1.12813
2	15	0.54743
2	24	0.626485
2	54	1.25849
2	72	1.16279
2	77	1.13603
2	133	1.22759
2	135	1.20191
2	148	1.24535
2	149	1.23972
2	158	0.627837
2	170	0.605473
3	55	0.554649
3	66	0.690964
3	133	0.54938
3	143	0.597777
3	171	1.2095
3	172	1.21606
3	174	1.1863
3	175	1.19726
3	176	1.19741
3	178	1.18869
3	179	1.19641
3	180	1.20835
4	26	1.1908
4	106	1.22558
4	120	1.15708
4	121	0.611088
4	127	1.21881
4	139	1.19768
4	151	1.23456
4	161	0.584983
4	166	1.19089
4	167	1.1846
4	177	0.600606
4	179	0.61018
5	40	0.482987
5	68	0.600699
5	84	0.66333
5	157	1.2263
5	162	0.646103
5	163	1.19439
5	174	1.18712
5	175	1.19807
5	176	1.19822
5	178	1.1895
5	179	1.19723
5	180	1.20917
6	21	0.983522
6	40	0.778677
6	104	1.05771
6	141	1.08093
6	151	1.12159
6	152	1.05362
6	155	1.06745
6	166	1.07792
6	167	1.07164
6	170	1.08562
6	177	0.810423
6	178	0.812957
7	54	1.24366
7	77	1.1212
7	95	1.22359
7	115	0.538512
7	124	0.607019
7	134	1.18935
7	143	1.19431
7	144	0.684709
7	148	1.23052
7	149	1.2249
7	165	1.17246
7	174	0.573346
8	10	1.09856
8	38	1.02191
8	49	1.14624
8	50	1.11075
8	52	0.987569
8	56	1.07052
8	73	0.973522
8	111	0.857361
8	144	1.06568
8	157	0.786874
8	159	1.12524
8	176	0.761242
9	18	1.22399
9	62	1.19104
9	68	0.624943
9	72	1.15806
9	77	1.13129
9	100	0.52873
9	133	1.22285
9	135	1.19717
9	148	1.24061
9	149	1.23499
9	165	0.707575
9	177	0.538976
10	8	1.09856
10	27	0.581809
10	35	1.15185
10	38	1.18138
10	49	1.30571
10	73	1.13299
10	133	1.21966
10	136	0.644383
10	144	1.22515
10	159	1.28471
10	173	0.576835
10	177	0.604326
11	42	0.723686
11	82	0.85226
11	139	0.818566
11	164	1.07602
11	168	1.06
11	169	1.06368
11	172	1.08043
11	173	1.07152
11	176	1.06178
11	178	1.05306
11	179	1.06078
11	180	1.07273
12	44	0.480983
12	79	0.698202
12	97	1.14848
12	122	1.22755
12	150	1.20958
12	152	1.18831
12	157	0.615775
12	162	1.21535
12	165	1.19181
12	166	1.21261
12	167	1.20632
12	172	0.612079
13	2	1.12813
13	18	1.08297
13	62	1.05002
13	72	1.01704
13	75	0.784165
13	77	0.990274
13	110	0.779492
13	133	1.08183
13	135	1.05616
13	148	1.0996
13	149	1.09397
13	178	0.841968
14	71	0.666003
14	143	0.562259
14	152	0.605128
14	162	0.559187
14	172	1.21635
14	173	1.20745
14	174	1.1866
14	175	1.19756
14	176	1.19771
14	178	1.18898
14	179	1.19671
14	180	1.20865
15	2	0.54743
15	127	0.595623
15	155	0.625453
15	165	0.626725
15	168	1.19793
15	169	1.20161
15	171	1.2118
15	174	1.1886
15	176	1.19971
15	178	1.19099
15	179	1.19871
15	180	1.21065
16	42	1.16558
16	54	1.10433
16	62	1.04162
16	72	1.00864
16	77	0.981873
16	133	1.07343
16	135	1.04775
16	148	1.0912
16	149	1.08557
16	159	0.729102
16	171	0.816752
16	175	0.859519
17	34	0.713999
17	45	0.598971
17	108	0.618613
17	142	0.661525
17	160	1.1716
17	164	1.16514
17	168	1.14911
17	172	1.16954
17	174	1.13979
17	176	1.1509
17	178	1.14218
17	179	1.1499
17	180	1.16184
18	9	1.22399
18	13	1.08297
18	46	0.596736
18	62	1.15061
18	72	1.11763
18	77	1.09087
18	95	0.642299
18	133	1.18243
18	135	1.15675
18	148	1.20019
18	149	1.19456
18	157	0.696966
18	176	0.671335
19	65	1.01367
19	78	0.988127
19	120	1.01594
19	122	1.06468
19	127	1.07767
19	144	1.07473
19	147	1.0327
19	153	0.849291
19	155	1.03927
19	166	1.04974
19	167	1.04346
19	172	0.877178
19	174	0.8788
20	58	0.612744
20	66	0.709067
20	101	0.640203
20	141	0.630732
20	157	1.17817
20	168	1.1483
20	171	1.16218
20	173	1.15983
20	175	1.14994
20	176	1.15009
20	178	1.14137
20	179	1.14909
20	180	1.16103
21	6	0.983522
21	66	1.01637
21	87	1.02621
21	89	1.01805
21	116	0.853095
21	122	1.06282
21	128	1.07458
21	151	1.09156
21	155	1.03741
21	161	0.891699
21	166	1.04788
21	167	1.0416
21	171	0.860699
22	60	1.09122
22	78	1.11845
22	120	1.14626
22	139	1.18686
22	142	1.18459
22	147	1.16302
22	152	1.15576
22	166	1.18006
22	167	1.17378
22	169	0.660511
22	173	0.637328
22	174	0.648242
22	175	0.660964
23	45	0.608539
23	98	1.16428
23	122	0.691984
23	128	0.664862
23	139	0.627142
23	154	1.17534
23	157	1.17077
23	162	1.15697
23	165	1.13343
23	172	1.16134
23	175	1.14254
23	179	1.14169
23	180	1.15363
24	2	0.626485
24	144	0.631966
24	162	0.668551
24	163	1.15171
24	166	0.667919
24	169	1.15744
24	171	1.16764
24	174	1.14443
24	175	1.15539
24	176	1.15554
24	178	1.14682
24	179	1.15454
24	180	1.16649
25	63	1.16128
25	71	1.13501
25	94	1.13807
25	117	1.15593
25	119	1.21276
25	136	0.702591
25	137	1.14211
25	138	1.13089
25	150	1.17087
25	165	1.1531
25	170	0.644267
25	171	0.615912
25	172	0.644336
26	4	1.1908
26	70	1.10919
26	76	1.16222
26	96	0.651253
26	115	1.20345
26	141	1.14521
26	147	1.12516
26	151	1.18587
26	158	0.671585
26	160	0.644279
26	166	1.1422
26	167	1.13591
26	173	0.639997
27	10	0.581809
27	113	0.639033
27	123	0.684165
27	152	0.689231
27	161	1.1558
27	163	1.15068
27	171	1.1666
27	173	1.16425
27	174	1.1434
27	176	1.15451
27	178	1.14579
27	179	1.15351
27	180	1.16545
28	142	0.72787
28	143	0.724064
28	144	0.684406
28	148	0.65676
28	163	1.11323
28	164	1.13131
28	168	1.11528
28	171	1.12916
28	172	1.13571
28	174	1.10596
28	175	1.11692
28	178	1.10835
28	179	1.11607
28	180	1.12801
29	94	0.7633
29	144	0.639865
29	147	0.714188
29	158	1.13114
29	166	0.675818
29	169	1.11394
29	171	1.12413
29	172	1.13069
29	173	1.12178
29	176	1.11204
29	177	1.12893
29	178	1.10332
29	179	1.11104
29	180	1.12298
30	35	1.07214
30	38	1.10167
30	43	1.07436
30	50	1.19052
30	52	1.06733
30	56	1.15029
30	73	1.05329
30	111	0.759869
30	130	0.659861
30	133	1.13996
30	144	1.14544
30	159	1.205
30	160	0.680675
30	168	0.706828
31	67	1.17599
31	89	1.08455
31	90	1.16169
31	120	1.08058
31	128	1.14108
31	135	0.689592
31	141	1.11739
31	142	1.1189
31	147	1.09734
31	166	1.11438
31	167	1.1081
31	176	0.675047
31	178	0.717716
31	179	0.724754
32	66	1.07756
32	74	1.13992
32	83	0.717356
32	89	1.07924
32	90	1.15637
32	99	1.19984
32	112	0.715631
32	120	1.07527
32	142	1.11359
32	148	1.14634
32	166	1.10907
32	167	1.10279
32	171	0.663758
32	177	0.710381
33	69	0.777453
33	98	1.12618
33	101	1.10015
33	119	1.15499
33	143	1.11719
33	145	1.09738
33	149	1.14777
33	150	1.1131
33	156	1.12904
33	162	1.11887
33	165	1.09533
33	170	0.68465
33	171	0.656295
33	180	0.688737
34	17	0.713999
34	123	1.11219
34	129	1.13757
34	131	1.1253
34	135	0.699571
34	138	1.07403
34	143	1.1181
34	149	1.14868
34	154	1.13815
34	156	1.12996
34	162	1.11978
34	165	1.09624
34	170	0.706893
34	176	0.685026
35	10	1.15185
35	30	1.07214
35	38	1.07519
35	45	1.13971
35	49	1.19953
35	56	1.12381
35	73	1.02681
35	103	0.686715
35	133	1.11348
35	143	0.805781
35	144	1.11896
35	159	1.17853
35	169	0.66703
35	173	0.643847
36	41	1.22149
36	57	1.12665
36	87	0.835317
36	119	1.13981
36	130	0.642072
36	131	1.10921
36	134	1.09704
36	143	1.102
36	150	1.09792
36	154	1.12205
36	162	1.10368
36	165	1.08015
36	172	0.667897
36	173	0.658605
37	47	1.18428
37	86	0.712766
37	101	1.23978
37	119	1.29462
37	123	1.25091
37	135	0.501674
37	140	1.25276
37	150	1.25273
37	152	1.23146
37	158	0.53136
37	162	1.2585
37	165	1.23496
37	169	0.522956
37	179	0.536836
38	8	1.02191
38	10	1.18138
38	30	1.10167
38	35	1.07519
38	50	1.19357
38	52	1.07038
38	73	1.05634
38	133	1.14301
38	144	1.14849
38	159	1.20806
38	160	0.694135
38	169	0.713037
38	170	0.699077
38	174	0.700767
39	47	1.18825
39	57	1.28543
39	103	0.5702
39	107	0.522921
39	115	0.503412
39	121	0.565304
39	134	1.25583
39	137	1.22794
39	138	1.21672
39	145	1.24099
39	151	0.643617
39	154	1.28084
39	165	1.23893
39	177	1.26508
40	5	0.482987
40	6	0.778677
40	79	0.570615
40	102	1.23216
40	117	1.23599
40	134	1.25005
40	138	1.21095
40	143	1.25501
40	150	1.25093
40	154	1.27506
40	162	1.25669
40	165	1.23316
40	170	0.484423
40	180	0.48851
41	36	1.22149
41	79	0.620934
41	117	1.24485
41	138	1.21981
41	143	1.26388
41	145	1.24408
41	150	1.25979
41	152	1.23852
41	162	1.26556
41	165	1.24202
41	170	0.534742
41	172	0.534811
41	178	0.555543
41	179	0.562582
42	11	0.723686
42	16	1.16558
42	54	1.30433
42	62	1.24162
42	72	1.20864
42	77	1.18187
42	133	1.27343
42	135	1.24775
42	148	1.2912
42	149	1.28557
42	153	0.48777
42	172	0.515657
42	178	0.53639
42	179	0.543429
43	30	1.07436
43	45	1.14193
43	49	1.20174
43	50	1.16625
43	52	1.04307
43	56	1.12602
43	73	1.02902
43	115	0.663846
43	133	1.11569
43	144	1.12118
43	159	1.18074
43	163	0.73756
43	164	0.704435
43	180	0.701076
44	12	0.480983
44	52	0.657238
44	65	0.630745
44	106	0.493251
44	150	0.530744
44	153	1.2646
44	161	1.23497
44	164	1.24792
44	171	1.24577
44	172	1.25233
44	173	1.24342
44	176	1.23368
44	179	1.23268
44	180	1.24462
45	17	0.598971
45	23	0.608539
45	35	1.13971
45	43	1.14193
45	49	1.29357
45	50	1.25808
45	52	1.1349
45	53	0.542297
45	56	1.21785
45	73	1.12085
45	118	0.635078
45	121	0.620614
45	133	1.20752
45	144	1.21301
45	159	1.27257
46	18	0.596736
46	71	0.65789
46	119	0.545739
46	138	0.604548
46	141	1.20714
46	147	1.18709
46	148	1.2414
46	165	0.588302
46	166	1.20413
46	167	1.19785
46	168	1.19081
46	176	1.19259
46	178	1.18387
46	179	1.19159
46	180	1.20353
47	37	1.18428
47	39	1.18825
47	67	0.654286
47	81	1.07572
47	94	1.03497
47	119	1.10966
47	140	1.0678
47	143	1.07186
47	150	1.06777
47	162	1.07354
47	165	1.05
47	166	0.885121
47	169	0.750075
47	176	0.714248
47	177	1.07615
48	105	0.702306
48	113	0.748826
48	155	0.78904
48	157	1.1133
48	162	0.753084
48	164	1.09946
48	169	1.08712
48	172	1.10387
48	173	1.09496
48	174	1.07411
48	175	1.08507
48	176	1.08522
48	178	1.0765
48	179	1.08422
48	180	1.09616
49	8	1.14624
49	10	1.30571
49	35	1.19953
49	43	1.20174
49	45	1.29357
49	73	1.18067
49	115	0.520528
49	133	1.26734
49	144	1.27282
49	159	1.33239
49	163	0.594243
49	172	0.553741
49	175	0.568084
49	177	0.571939
50	8	1.11075
50	30	1.19052
50	38	1.19357
50	43	1.16625
50	45	1.25808
50	52	1.15923
50	56	1.24218
50	73	1.14518
50	112	0.621778
50	144	1.23734
50	153	0.570442
50	157	0.602024
50	159	1.2969
50	170	0.59826
50	177	0.616527
51	57	1.11734
51	98	1.1017
51	113	1.09192
51	131	1.09991
51	137	1.05985
51	140	1.08865
51	143	1.0927
51	148	0.803999
51	152	1.06734
51	154	1.11275
51	160	0.71365
51	165	1.07085
51	177	1.09699
51	178	0.739394
51	179	0.746433
52	8	0.987569
52	30	1.06733
52	38	1.07038
52	43	1.04307
52	44	0.657238
52	45	1.1349
52	50	1.15923
52	56	1.119
52	73	1.022
52	133	1.10866
52	135	0.780944
52	144	1.11415
52	159	1.17371
52	170	0.788265
52	173	0.779042
53	45	0.542297
53	134	0.595811
53	141	0.615895
53	146	1.19991
53	150	0.612202
53	164	1.21017
53	167	0.62681
53	169	1.19783
53	171	1.20803
53	173	1.20568
53	174	1.18483
53	175	1.19579
53	176	1.19594
53	179	1.19494
53	180	1.20688
54	2	1.25849
54	7	1.24366
54	16	1.10433
54	42	1.30433
54	62	1.18038
54	72	1.14739
54	77	1.12063
54	83	0.56619
54	118	0.58416
54	126	0.568059
54	135	1.18651
54	148	1.22995
54	149	1.22432
54	165	0.727814
54	177	0.559214
55	3	0.554649
55	63	1.19578
55	102	1.18661
55	107	0.593848
55	129	1.22894
55	134	1.2045
55	137	1.17661
55	140	1.20541
55	145	1.18966
55	146	0.623038
55	162	1.21114
55	165	1.18761
55	170	0.607483
55	177	1.21375
55	178	0.628285
56	8	1.07052
56	30	1.15029
56	35	1.12381
56	43	1.12602
56	45	1.21785
56	50	1.24218
56	52	1.119
56	73	1.10495
56	112	0.652745
56	124	0.66459
56	133	1.19162
56	144	1.1971
56	159	1.25667
56	169	0.643187
56	171	0.600872
56	177	0.647494
57	36	1.12665
57	39	1.28543
57	51	1.11734
57	111	0.718238
57	113	1.16826
57	131	1.17624
57	138	1.12497
57	143	1.16904
57	145	1.14923
57	150	1.16495
57	159	0.527981
57	161	0.64663
57	162	1.17072
57	164	0.651431
57	165	1.14718
57	178	0.664787
58	20	0.612744
58	65	1.12076
58	99	1.2476
58	128	1.18353
58	132	0.64274
58	139	1.16362
58	141	1.15984
58	142	1.16136
58	147	1.13979
58	155	1.14636
58	156	1.16975
58	166	1.15683
58	167	1.15055
58	172	0.647544
58	173	0.638252
58	177	0.665742
59	138	0.67482
59	149	0.587754
59	158	1.17926
59	163	1.15632
59	165	0.658575
59	166	0.620714
59	167	0.650185
59	168	1.15837
59	169	1.16205
59	171	1.17225
59	173	1.1699
59	175	1.16001
59	176	1.16016
59	178	1.15143
59	179	1.15916
59	180	1.1711
60	22	1.09122
60	92	0.779341
60	108	1.07875
60	120	1.01963
60	122	1.06838
60	127	1.08136
60	139	1.06023
60	142	1.05796
60	144	1.07843
60	151	1.09711
60	156	1.06635
60	159	0.748747
60	166	1.05344
60	167	1.04715
60	171	0.836396
60	176	0.842884
61	64	1.13498
61	99	1.23454
61	106	1.17846
61	127	1.17169
61	134	0.755369
61	139	1.15056
61	141	1.14677
61	148	1.18103
61	151	1.18744
61	153	0.580073
61	155	1.13329
61	166	1.14376
61	167	1.13748
61	172	0.60796
61	177	0.626158
61	179	0.635732
62	9	1.19104
62	13	1.05002
62	16	1.04162
62	18	1.15061
62	42	1.24162
62	54	1.18038
62	72	1.08468
62	77	1.05791
62	133	1.14947
62	135	1.1238
62	148	1.16724
62	149	1.16161
62	168	0.697132
62	173	0.666698
62	176	0.654054
62	177	0.694188
62	178	0.696723
63	25	1.16128
63	55	1.19578
63	94	1.09383
63	95	1.16
63	124	0.735851
63	130	0.674733
63	137	1.09787
63	140	1.12666
63	145	1.11091
63	150	1.12663
63	153	0.672671
63	154	1.15077
63	159	0.584484
63	162	1.1324
63	163	0.741059
63	165	1.10886
63	177	1.13501
64	61	1.13498
64	74	1.16435
64	75	1.16415
64	85	1.11208
64	87	1.11183
64	95	0.628758
64	104	1.11329
64	108	1.15881
64	118	0.722873
64	139	1.14029
64	147	1.11646
64	153	0.651842
64	155	1.12303
64	166	1.1335
64	167	1.12722
64	177	0.697927
64	179	0.707501
65	19	1.01367
65	44	0.630745
65	58	1.12076
65	89	1.07637
65	90	1.15351
65	100	0.769793
65	108	1.13152
65	122	1.12115
65	124	0.797135
65	128	1.1329
65	141	1.10922
65	147	1.08917
65	151	1.14988
65	155	1.09573
65	159	0.645767
65	166	1.10621
65	167	1.09992
65	174	0.763463
66	3	0.690964
66	20	0.709067
66	21	1.01637
66	32	1.07756
66	74	1.14162
66	86	1.07643
66	107	0.730164
66	108	1.13608
66	128	1.13747
66	142	1.11529
66	146	0.759354
66	147	1.09373
66	148	1.14804
66	153	0.715981
66	156	1.12368
66	166	1.11077
66	167	1.10449
66	170	1.11847
67	31	1.17599
67	47	0.654286
67	82	0.562334
67	102	0.609943
67	106	1.23858
67	140	0.592787
67	142	1.20841
67	143	0.568783
67	165	0.602939
67	166	1.20388
67	167	1.1976
67	168	1.19056
67	169	1.19424
67	170	1.21158
67	175	1.19219
67	176	1.19234
67	179	1.19135
67	180	1.20329
68	5	0.600699
68	9	0.624943
68	71	1.167
68	80	0.591948
68	98	1.21594
68	109	1.21865
68	123	1.20104
68	134	1.20199
68	140	1.20289
68	145	1.18714
68	152	1.18159
68	156	1.2188
68	162	1.20863
68	165	1.18509
68	171	0.57378
68	173	0.592912
68	177	1.21124
68	178	0.622937
69	33	0.777453
69	88	0.686911
69	124	1.10545
69	129	0.72745
69	133	0.695017
69	149	0.706751
69	161	1.10668
69	163	1.10156
69	169	1.10729
69	171	1.11749
69	172	1.12404
69	173	1.11514
69	174	1.09429
69	175	1.10525
69	176	1.1054
69	178	1.09667
69	179	1.1044
69	180	1.11634
70	26	1.10919
70	85	1.08786
70	86	1.07493
70	90	1.15658
70	97	1.04515
70	106	1.14397
70	125	0.730359
70	141	1.11228
70	142	1.1138
70	147	1.09223
70	151	1.15295
70	155	1.0988
70	161	0.710827
70	166	1.10927
70	167	1.10299
70	177	0.72645
70	178	0.728985
70	180	0.71227
71	14	0.666003
71	25	1.13501
71	46	0.65789
71	68	1.167
71	88	1.13435
71	123	1.09854
71	131	1.11166
71	137	1.07161
71	140	1.1004
71	143	1.10445
71	145	1.08465
71	152	1.0791
71	154	1.1245
71	161	0.757
71	162	1.10613
71	165	1.0826
71	169	0.768315
71	174	0.756046
72	2	1.16279
72	9	1.15806
72	13	1.01704
72	16	1.00864
72	18	1.11763
72	42	1.20864
72	54	1.14739
72	62	1.08468
72	77	1.02493
72	80	0.709707
72	103	0.753539
72	133	1.11649
72	135	1.09081
72	148	1.13426
72	149	1.12863
72	160	0.714953
72	170	0.719895
72	173	0.710671
73	8	0.973522
73	10	1.13299
73	30	1.05329
73	35	1.02681
73	38	1.05634
73	43	1.02902
73	45	1.12085
73	49	1.18067
73	50	1.14518
73	52	1.022
73	56	1.10495
73	83	0.746401
73	126	0.748271
73	133	1.09462
73	144	1.1001
73	154	0.846897
73	159	1.15967
73	168	0.74237
73	172	0.721228
74	32	1.13992
74	64	1.16435
74	66	1.14162
74	78	1.11151
74	106	1.20782
74	122	1.18807
74	125	0.648806
74	127	1.20106
74	130	0.600874
74	141	1.17614
74	155	1.16266
74	156	1.18604
74	163	0.667201
74	166	1.17313
74	167	1.16685
74	170	1.18083
74	171	0.598275
74	175	0.641042
74	179	0.65447
75	13	0.784165
75	64	1.16415
75	82	0.607162
75	84	0.627766
75	109	0.5844
75	127	1.20086
75	147	1.15589
75	149	0.576947
75	160	1.18209
75	162	0.610539
75	166	1.17293
75	167	1.16665
75	170	1.18063
75	173	1.17113
75	174	1.15028
75	175	1.16124
75	176	1.16139
75	179	1.1604
75	180	1.17234
76	26	1.16222
76	79	0.685968
76	105	0.698636
76	106	1.197
76	127	1.19023
76	128	1.189
76	141	1.16532
76	142	1.16683
76	147	1.14526
76	151	1.20598
76	152	1.138
76	155	1.15183
76	157	0.603541
76	163	0.640347
76	164	0.607222
76	166	1.1623
76	167	1.15602
76	170	1.17
76	171	0.571421
77	2	1.13603
77	7	1.1212
77	9	1.13129
77	13	0.990274
77	16	0.981873
77	18	1.09087
77	42	1.18187
77	54	1.12063
77	62	1.05791
77	72	1.02493
77	103	0.797542
77	115	0.730754
77	130	0.738142
77	133	1.08973
77	135	1.06405
77	148	1.10749
77	149	1.10186
77	170	0.763898
77	175	0.77831
78	19	0.988127
78	22	1.11845
78	74	1.11151
78	87	1.05899
78	90	1.12797
78	97	1.01654
78	99	1.17144
78	116	0.730131
78	127	1.10859
78	142	1.08519
78	146	0.781645
78	147	1.06362
78	151	1.12434
78	155	1.07019
78	166	1.08066
78	167	1.07438
78	172	0.766159
78	176	0.744223
78	178	0.786892
79	12	0.698202
79	40	0.570615
79	41	0.620934
79	76	0.685968
79	131	0.723981
79	132	1.14695
79	144	0.697146
79	157	1.15655
79	158	1.14758
79	159	1.22457
79	160	1.14917
79	168	1.12669
79	171	1.14057
79	172	1.14712
79	174	1.11737
79	175	1.12832
79	176	1.12847
79	178	1.11975
79	179	1.12748
79	180	1.13942
80	68	0.591948
80	72	0.709707
80	101	0.664747
80	120	1.11072
80	137	0.724662
80	139	1.15131
80	140	0.664428
80	141	1.14753
80	151	1.18819
80	153	1.1639
80	155	1.13405
80	160	1.15368
80	162	0.637352
80	166	1.14452
80	167	1.13824
80	169	1.13488
80	175	1.13283
80	178	1.12426
80	179	1.13198
80	180	1.14392
81	47	1.07572
81	82	1.15391
81	98	1.15725
81	102	1.12541
81	113	1.14748
81	118	0.691131
81	134	1.1433
81	136	0.706243
81	140	1.1442
81	143	1.14826
81	145	1.12845
81	149	1.17884
81	154	1.1683
81	158	0.670283
81	162	1.14994
81	165	1.1264
81	168	0.66913
81	170	0.647919
81	176	0.626052
81	177	1.15255
82	11	0.85226
82	67	0.562334
82	75	0.607162
82	81	1.15391
82	105	1.18578
82	109	1.16175
82	123	1.14414
82	137	1.1172
82	138	1.10599
82	140	1.146
82	143	1.15005
82	145	1.13025
82	146	0.659717
82	150	1.14596
82	152	1.12469
82	162	1.15173
82	165	1.1282
82	168	0.665374
82	175	0.658575
82	177	1.15434
83	32	0.717356
83	54	0.56619
83	73	0.746401
83	145	0.707377
83	148	0.608551
83	154	0.648883
83	158	1.1571
83	160	1.1587
83	161	1.13928
83	163	1.13416
83	164	1.15223
83	168	1.13621
83	172	1.15664
83	173	1.14774
83	174	1.12689
83	175	1.13785
83	176	1.138
83	178	1.12927
83	179	1.137
83	180	1.14894
84	5	0.66333
84	75	0.627766
84	88	1.17387
84	105	1.17971
84	109	1.15568
84	116	0.628807
84	117	1.12495
84	118	0.707979
84	125	0.686943
84	134	1.13902
84	137	1.11113
84	138	1.09991
84	140	1.13992
84	150	1.13989
84	154	1.16403
84	156	1.15583
84	162	1.14566
84	165	1.12212
84	177	1.14827
84	179	0.692607
85	64	1.11208
85	70	1.08786
85	97	1.05674
85	99	1.21164
85	120	1.08706
85	122	1.13581
85	127	1.14879
85	141	1.12388
85	142	1.12539
85	147	1.10382
85	151	1.16454
85	152	1.09656
85	155	1.11039
85	160	0.694412
85	166	1.12086
85	167	1.11458
85	169	0.713314
85	171	0.670999
85	174	0.701045
85	179	0.727195
85	180	0.703441
86	37	0.712766
86	66	1.07643
86	70	1.07493
86	90	1.15524
86	106	1.14263
86	110	0.659998
86	115	1.16919
86	122	1.12288
86	127	1.13587
86	128	1.13464
86	139	1.11473
86	141	1.11095
86	147	1.0909
86	151	1.15162
86	155	1.09747
86	156	1.12085
86	161	0.704316
86	167	1.10166
86	176	0.679805
86	178	0.722473
86	179	0.729512
87	21	1.02621
87	36	0.835317
87	64	1.11183
87	78	1.05899
87	90	1.16791
87	100	0.673412
87	106	1.1553
87	108	1.14592
87	121	0.69414
87	128	1.14731
87	139	1.1274
87	142	1.12513
87	151	1.16428
87	152	1.09631
87	155	1.11014
87	157	0.669156
87	166	1.12061
87	167	1.11433
87	170	1.12831
87	174	0.667082
87	180	0.669477
88	69	0.686911
88	71	1.13435
88	84	1.17387
88	95	1.20357
88	129	1.19376
88	131	1.18149
88	134	1.16933
88	137	1.14144
88	140	1.17023
88	143	1.17429
88	150	1.1702
88	153	0.56629
88	154	1.19434
88	155	0.779702
88	156	1.18615
88	158	0.616472
88	162	1.17597
88	165	1.15243
88	170	0.594108
88	171	0.565753
88	177	1.17858
88	180	0.598195
89	21	1.01805
89	31	1.08455
89	32	1.07924
89	65	1.07637
89	95	0.680095
89	97	1.04832
89	104	1.09223
89	122	1.12739
89	128	1.13914
89	135	0.723676
89	141	1.11546
89	142	1.11697
89	144	1.13744
89	151	1.15612
89	152	1.08815
89	155	1.10197
89	158	0.753361
89	166	1.11245
89	167	1.10616
89	175	0.74541
89	177	0.749264
89	179	0.758838
90	31	1.16169
90	32	1.15637
90	65	1.15351
90	70	1.15658
90	78	1.12797
90	86	1.15524
90	87	1.16791
90	112	0.652768
90	120	1.15578
90	128	1.21628
90	130	0.603495
90	146	0.644805
90	147	1.17254
90	148	1.22685
90	155	1.17911
90	164	0.636696
90	166	1.18958
90	167	1.1833
90	170	1.19728
90	173	0.620027
90	176	0.607383
90	177	0.647517
91	108	0.564546
91	120	0.68633
91	130	1.18822
91	138	0.654052
91	142	0.607458
91	152	0.646519
91	160	1.18949
91	161	1.17008
91	163	1.16496
91	166	0.599947
91	167	0.629417
91	168	1.16701
91	169	1.17069
91	171	1.18088
91	172	1.18744
91	173	1.17853
91	174	1.15768
91	175	1.16864
91	176	1.16879
91	178	1.16007
91	179	1.16779
91	180	1.17973
92	60	0.779341
92	123	0.603003
92	128	0.562778
92	137	0.649439
92	145	0.596724
92	147	0.599866
92	153	1.19653
92	155	0.598085
92	158	1.18471
92	160	1.18631
92	161	1.1669
92	163	1.16177
92	164	1.17985
92	168	1.16382
92	172	1.18426
92	173	1.17535
92	174	1.1545
92	175	1.16546
92	177	1.1825
92	178	1.15689
92	179	1.16461
92	180	1.17655
93	97	0.84765
93	133	0.673188
93	134	0.716354
93	143	0.721586
93	151	0.675937
93	158	1.11394
93	160	1.11554
93	161	1.09612
93	163	1.091
93	164	1.10907
93	165	0.755742
93	168	1.09305
93	169	1.09673
93	170	1.11407
93	171	1.10693
93	173	1.10458
93	174	1.08373
93	175	1.09469
93	176	1.09483
93	178	1.08611
93	179	1.09384
93	180	1.10578
94	25	1.13807
94	29	0.7633
94	47	1.03497
94	63	1.09383
94	101	1.09048
94	105	1.14324
94	110	0.692715
94	113	1.10673
94	117	1.08849
94	123	1.1016
94	134	1.10255
94	135	0.727068
94	137	1.07466
94	140	1.10346
94	145	1.08771
94	154	1.12756
94	162	1.10919
94	165	1.08566
94	168	0.7556
94	170	0.734389
94	174	0.73608
94	177	1.1118
95	7	1.22359
95	18	0.642299
95	63	1.16
95	64	0.628758
95	88	1.20357
95	89	0.680095
95	122	0.624408
95	129	1.19315
95	139	0.559566
95	154	1.19372
95	155	0.632593
95	162	1.17536
95	165	1.15182
95	167	0.625475
95	168	1.15929
95	171	1.17317
95	173	1.17082
95	174	1.14997
95	176	1.16108
95	178	1.15236
95	179	1.16008
95	180	1.17202
96	26	0.651253
96	106	0.62631
96	111	1.11453
96	116	1.15547
96	141	0.667496
96	145	0.684166
96	149	0.615979
96	152	0.695512
96	157	1.17557
96	158	1.16659
96	160	1.16819
96	161	1.14878
96	163	1.14365
96	166	0.64894
96	168	1.1457
96	169	1.14938
96	173	1.15723
96	174	1.13638
96	175	1.14734
96	176	1.14749
96	178	1.13877
96	179	1.14649
96	180	1.15843
97	12	1.14848
97	70	1.04515
97	78	1.01654
97	85	1.05674
97	89	1.04832
97	93	0.84765
97	106	1.11285
97	108	1.10347
97	120	1.04435
97	126	0.803788
97	127	1.10608
97	130	0.750921
97	139	1.08495
97	141	1.08117
97	144	1.10314
97	151	1.12183
97	156	1.09107
97	159	0.660672
97	166	1.07815
97	167	1.07187
97	170	1.08585
97	173	0.767453
97	174	0.778367
98	23	1.16428
98	33	1.12618
98	51	1.1017
98	68	1.21594
98	81	1.15725
98	103	0.662219
98	105	1.18912
98	108	0.74218
98	123	1.14748
98	129	1.17287
98	131	1.1606
98	138	1.10933
98	140	1.14934
98	145	1.13359
98	146	0.644129
98	152	1.12803
98	161	0.631218
98	162	1.15507
98	165	1.13154
98	174	0.630264
98	175	0.642986
98	177	1.15768
98	179	0.656414
99	1	0.501655
99	32	1.19984
99	58	1.2476
99	61	1.23454
99	78	1.17144
99	85	1.21164
99	104	1.21284
99	139	1.23984
99	141	1.23606
99	142	1.23757
99	151	1.27673
99	152	1.20875
99	155	1.22258
99	157	0.550056
99	158	0.568655
99	165	0.733158
99	166	1.23305
99	167	1.22677
99	168	0.567503
99	169	0.560251
99	170	1.24075
99	175	0.560704
99	178	0.567093
100	9	0.52873
100	65	0.769793
100	87	0.673412
100	112	1.155
100	123	0.696435
100	151	0.612984
100	156	0.655976
100	157	1.17166
100	161	1.14486
100	162	0.655561
100	163	1.13974
100	164	1.15781
100	169	1.14547
100	170	1.16282
100	171	1.15567
100	172	1.16222
100	173	1.15332
100	174	1.13247
100	175	1.14343
100	176	1.14358
100	178	1.13485
100	179	1.14258
100	180	1.15452
101	20	0.640203
101	33	1.10015
101	37	1.23978
101	80	0.664747
101	94	1.09048
101	113	1.12658
101	129	1.14684
101	131	1.13457
101	132	0.6702
101	134	1.1224
101	137	1.09451
101	138	1.0833
101	143	1.12736
101	149	1.15794
101	150	1.12327
101	153	0.647117
101	154	1.14741
101	156	1.13922
101	160	0.669993
101	162	1.12904
101	165	1.10551
101	166	0.823941
101	175	0.689347
101	177	1.13165
102	40	1.23216
102	55	1.18661
102	67	0.609943
102	81	1.12541
102	109	1.13325
102	113	1.12076
102	114	0.710137
102	117	1.10252
102	119	1.15935
102	129	1.14102
102	131	1.12875
102	137	1.0887
102	138	1.07748
102	146	0.707326
102	150	1.11746
102	152	1.09619
102	154	1.14159
102	161	0.694416
102	162	1.12323
102	165	1.09969
102	168	0.712982
102	173	0.682548
102	174	0.693462
102	177	1.12584
103	35	0.686715
103	39	0.5702
103	72	0.753539
103	77	0.797542
103	98	0.662219
103	118	1.13413
103	134	0.679025
103	146	1.12497
103	149	0.647592
103	153	1.15191
103	157	1.14908
103	158	1.1401
103	161	1.12228
103	164	1.13523
103	169	1.12289
103	171	1.13309
103	172	1.13964
103	173	1.13074
103	174	1.10989
103	175	1.12085
103	176	1.12099
103	178	1.11227
103	179	1.12
103	180	1.13194
104	6	1.05771
104	64	1.11329
104	89	1.09223
104	99	1.21284
104	111	0.763109
104	122	1.13701
104	127	1.15
104	132	0.684121
104	139	1.12886
104	141	1.12508
104	142	1.12659
104	144	1.14706
104	147	1.10503
104	148	1.15934
104	151	1.16574
104	155	1.1116
104	159	0.572851
104	160	0.683914
104	166	1.12207
104	167	1.11578
104	169	0.702816
104	170	1.12977
104	172	0.688925
104	179	0.716697
105	48	0.702306
105	76	0.698636
105	82	1.18578
105	84	1.17971
105	94	1.14324
105	98	1.18912
105	109	1.19183
105	116	0.560802
105	117	1.1611
105	119	1.21793
105	129	1.1996
105	131	1.18733
105	137	1.14728
105	138	1.13606
105	145	1.16032
105	150	1.17604
105	154	1.20017
105	162	1.18181
105	163	0.637333
105	165	1.15827
105	175	0.611174
105	176	0.574895
105	177	1.18442
105	179	0.624602
105	180	0.600849
106	4	1.22558
106	44	0.493251
106	61	1.17846
106	67	1.23858
106	70	1.14397
106	74	1.20782
106	76	1.197
106	86	1.14263
106	87	1.1553
106	96	0.62631
106	97	1.11285
106	114	0.642643
106	127	1.2049
106	136	0.682602
106	142	1.18149
106	147	1.15993
106	150	0.788147
106	152	1.15267
106	155	1.1665
106	158	0.646642
106	159	0.508273
106	160	0.619336
106	166	1.17697
106	167	1.17069
106	170	1.18467
107	39	0.522921
107	55	0.593848
107	66	0.730164
107	124	1.16881
107	129	0.621012
107	132	1.18723
107	140	0.660981
107	141	0.651829
107	149	0.600312
107	154	0.610005
107	157	1.19683
107	158	1.18786
107	160	1.18945
107	164	1.18299
107	168	1.16697
107	169	1.17065
107	171	1.18085
107	172	1.1874
107	173	1.17849
107	174	1.15764
107	175	1.1686
107	176	1.16875
107	178	1.16003
107	179	1.16775
107	180	1.17969
108	17	0.618613
108	60	1.07875
108	64	1.15881
108	65	1.13152
108	66	1.13608
108	87	1.14592
108	91	0.564546
108	97	1.10347
108	98	0.74218
108	109	0.735007
108	120	1.13379
108	122	1.18254
108	124	0.64687
108	128	1.19429
108	139	1.17439
108	141	1.17061
108	147	1.15055
108	151	1.21127
108	152	1.14329
108	156	1.18051
108	160	0.606566
108	163	0.652078
108	166	1.16759
108	167	1.16131
108	170	1.17529
108	179	0.639348
109	68	1.21865
109	75	0.5844
109	82	1.16175
109	84	1.15568
109	102	1.13325
109	105	1.19183
109	108	0.735007
109	117	1.13707
109	129	1.17557
109	131	1.1633
109	134	1.15114
109	136	0.679725
109	137	1.12325
109	138	1.11203
109	140	1.15204
109	145	1.1363
109	150	1.15201
109	154	1.17615
109	156	1.16795
109	162	1.15778
109	163	0.661972
109	164	0.628847
109	165	1.13424
109	168	0.642612
109	175	0.635813
109	178	0.642203
110	13	0.779492
110	86	0.659998
110	94	0.692715
110	119	0.600531
110	126	1.14832
110	129	0.592973
110	136	1.1429
110	145	0.64046
110	153	1.18029
110	154	0.581966
110	158	1.16848
110	160	1.17007
110	163	1.14554
110	164	1.16361
110	165	0.643094
110	168	1.14759
110	169	1.15127
110	171	1.16146
110	172	1.16802
110	174	1.13826
110	175	1.14922
110	176	1.14937
110	177	1.16626
110	178	1.14065
110	179	1.14837
110	180	1.16031
111	8	0.857361
111	30	0.759869
111	57	0.718238
111	96	1.11453
111	104	0.763109
111	113	0.717535
111	146	1.09022
111	148	0.657561
111	153	1.11716
111	157	1.11432
111	160	1.10695
111	161	1.08753
111	163	1.08241
111	164	1.10048
111	166	0.72116
111	168	1.08446
111	169	1.08814
111	171	1.09834
111	172	1.10489
111	174	1.07514
111	175	1.0861
111	176	1.08624
111	177	1.10313
111	178	1.07752
111	179	1.08525
111	180	1.09719
112	32	0.715631
112	50	0.621778
112	56	0.652745
112	90	0.652768
112	100	1.155
112	116	1.1386
112	128	0.671707
112	136	1.12416
112	140	0.698134
112	147	0.708795
112	153	1.16154
112	158	1.14973
112	161	1.13191
112	162	0.671058
112	163	1.12679
112	164	1.14486
112	168	1.12884
112	169	1.13252
112	171	1.14272
112	172	1.14927
112	173	1.14036
112	174	1.11952
112	175	1.13047
112	176	1.13062
112	178	1.1219
112	179	1.12963
112	180	1.14157
113	27	0.639033
113	48	0.748826
113	51	1.09192
113	57	1.16826
113	81	1.14748
113	94	1.10673
113	101	1.12658
113	102	1.12076
113	111	0.717535
113	119	1.18142
113	129	1.16309
113	131	1.15082
113	138	1.09955
113	140	1.13956
113	143	1.14361
113	145	1.12381
113	150	1.13953
113	152	1.11826
113	154	1.16366
113	162	1.14529
113	163	0.683853
113	164	0.650728
113	165	1.12176
113	169	0.657242
113	177	1.1479
113	178	0.664084
113	180	0.647369
114	102	0.710137
114	106	0.642643
114	115	1.19838
114	132	1.14406
114	138	0.719379
114	139	0.628834
114	143	0.668977
114	146	1.12956
114	152	0.711845
114	154	0.642005
114	158	1.14469
114	160	1.14628
114	162	0.665905
114	163	1.12175
114	164	1.13982
114	169	1.12748
114	170	1.14482
114	171	1.13768
114	172	1.14423
114	173	1.13532
114	174	1.11448
114	175	1.12543
114	176	1.12558
114	177	1.14247
114	178	1.11686
114	179	1.12459
114	180	1.13653
115	7	0.538512
115	26	1.20345
115	39	0.503412
115	43	0.663846
115	49	0.520528
115	77	0.730754
115	86	1.16919
115	114	1.19838
115	127	1.23146
115	129	0.601503
115	134	0.612236
115	139	1.21032
115	140	0.641472
115	142	1.20805
115	149	0.580804
115	151	1.24721
115	155	1.19306
115	166	1.20353
115	167	1.19725
115	168	1.19021
115	169	1.19389
115	171	1.20408
115	174	1.18088
115	175	1.19184
115	178	1.18327
115	179	1.19099
115	180	1.20293
116	21	0.853095
116	78	0.730131
116	84	0.628807
116	96	1.15547
116	105	0.560802
116	112	1.1386
116	123	0.652454
116	137	0.69889
116	152	0.65752
116	153	1.15809
116	157	1.15526
116	158	1.14628
116	160	1.14788
116	161	1.12846
116	163	1.12334
116	164	1.14141
116	166	0.610948
116	168	1.12539
116	172	1.14582
116	173	1.13692
116	174	1.11607
116	175	1.12703
116	176	1.12718
116	177	1.14406
116	178	1.11845
116	179	1.12618
116	180	1.13812
117	25	1.15593
117	40	1.23599
117	41	1.24485
117	84	1.12495
117	94	1.08849
117	102	1.10252
117	105	1.1611
117	109	1.13707
117	123	1.11946
117	131	1.13257
117	132	0.671857
117	134	1.12041
117	137	1.09252
117	143	1.12537
117	145	1.10557
117	149	1.15595
117	150	1.12128
117	153	0.648774
117	154	1.14542
117	162	1.12705
117	165	1.10351
117	168	0.697803
117	173	0.667368
117	174	0.678282
117	175	0.691004
117	176	0.654724
117	179	0.704432
118	45	0.635078
118	54	0.58416
118	64	0.722873
118	81	0.691131
118	84	0.707979
118	103	1.13413
118	122	0.718523
118	131	0.681002
118	132	1.15081
118	136	1.12587
118	144	0.654167
118	146	1.13631
118	158	1.15144
118	160	1.15304
118	161	1.13363
118	163	1.1285
118	168	1.13055
118	169	1.13423
118	171	1.14443
118	172	1.15098
118	173	1.14208
118	174	1.12123
118	175	1.13219
118	176	1.13234
118	178	1.12361
118	179	1.13134
118	180	1.14328
119	25	1.21276
119	33	1.15499
119	36	1.13981
119	37	1.29462
119	46	0.545739
119	47	1.10966
119	102	1.15935
119	105	1.21793
119	110	0.600531
119	113	1.18142
119	123	1.17629
119	131	1.18941
119	138	1.13814
119	140	1.17815
119	143	1.1822
119	145	1.1624
119	150	1.17811
119	156	1.19406
119	157	0.645969
119	158	0.664569
119	159	0.5262
119	162	1.18388
119	165	1.16035
119	168	0.663416
119	175	0.656617
119	177	1.18649
119	178	0.663006
119	180	0.646291
120	4	1.15708
120	19	1.01594
120	22	1.14626
120	31	1.08058
120	32	1.07527
120	60	1.01963
120	80	1.11072
120	85	1.08706
120	90	1.15578
120	91	0.68633
120	97	1.04435
120	108	1.13379
120	122	1.12342
120	125	0.755467
120	128	1.13518
120	132	0.728556
120	142	1.113
120	144	1.13347
120	147	1.09144
120	151	1.15215
120	153	0.705473
120	155	1.09801
120	166	1.10848
120	167	1.10219
120	169	0.74725
120	170	1.11618
120	173	0.724067
120	176	0.711423
120	178	0.754092
121	1	1.22394
121	4	0.611088
121	39	0.565304
121	45	0.620614
121	87	0.69414
121	126	1.15019
121	128	0.676937
121	131	0.666538
121	132	1.16972
121	133	0.630963
121	136	1.14477
121	146	1.15522
121	147	0.714025
121	148	0.612057
121	157	1.17932
121	158	1.17035
121	161	1.15253
121	163	1.14741
121	164	1.16548
121	168	1.14946
121	171	1.16333
121	172	1.16989
121	173	1.16098
121	174	1.14013
121	175	1.15109
121	176	1.15124
121	178	1.14252
121	179	1.15024
121	180	1.16218
122	1	0.630674
122	12	1.22755
122	19	1.06468
122	21	1.06282
122	23	0.691984
122	60	1.06838
122	65	1.12115
122	74	1.18807
122	85	1.13581
122	86	1.12288
122	89	1.12739
122	95	0.624408
122	104	1.13701
122	108	1.18254
122	118	0.718523
122	120	1.12342
122	128	1.18392
122	130	0.649555
122	139	1.16401
122	141	1.16023
122	146	0.690866
122	147	1.14018
122	155	1.14675
122	156	1.17014
122	157	0.679076
122	160	0.670369
122	166	1.15722
122	167	1.15094
122	170	1.16492
122	176	0.653444
123	27	0.684165
123	34	1.11219
123	37	1.25091
123	68	1.20104
123	71	1.09854
123	82	1.14414
123	92	0.603003
123	94	1.1016
123	98	1.14748
123	100	0.696435
123	116	0.652454
123	117	1.11946
123	119	1.17629
123	131	1.14569
123	134	1.13352
123	137	1.10564
123	143	1.13848
123	149	1.16907
123	150	1.1344
123	152	1.11313
123	154	1.15853
123	156	1.15034
123	159	0.572409
123	162	1.14016
123	164	0.69586
123	165	1.11663
123	175	0.702826
123	177	1.14277
123	178	0.709215
123	180	0.6925
124	7	0.607019
124	56	0.66459
124	63	0.735851
124	65	0.797135
124	69	1.10545
124	107	1.16881
124	108	0.64687
124	132	1.13773
124	146	1.12323
124	148	0.618672
124	152	0.728843
124	158	1.13836
124	160	1.13996
124	161	1.12054
124	163	1.11542
124	164	1.13349
124	166	0.682271
124	167	0.711741
124	168	1.11747
124	169	1.12115
124	170	1.13849
124	171	1.13135
124	172	1.1379
124	173	1.129
124	174	1.10815
124	175	1.11911
124	176	1.11925
124	177	1.13614
124	178	1.11053
124	179	1.11826
124	180	1.1302
125	70	0.730359
125	74	0.648806
125	84	0.686943
125	120	0.755467
125	130	1.13339
125	142	0.676595
125	150	0.683947
125	153	1.14489
125	156	0.670131
125	157	1.14205
125	158	1.13307
125	159	1.21006
125	160	1.13467
125	161	1.11526
125	162	0.669716
125	163	1.11013
125	164	1.12821
125	166	0.669084
125	168	1.11218
125	169	1.11586
125	170	1.13321
125	171	1.12606
125	172	1.13261
125	173	1.12371
125	174	1.10286
125	175	1.11382
125	176	1.11397
125	177	1.13086
125	178	1.10525
125	179	1.11297
125	180	1.12491
126	54	0.568059
126	73	0.748271
126	97	0.803788
126	110	1.14832
126	121	1.15019
126	129	0.661759
126	136	1.11168
126	138	0.728125
126	139	0.637581
126	141	0.692576
126	144	0.638066
126	146	1.12212
126	153	1.14907
126	157	1.14623
126	158	1.13725
126	160	1.13885
126	161	1.11943
126	163	1.11431
126	164	1.13238
126	165	0.71188
126	168	1.11636
126	169	1.12004
126	171	1.13024
126	172	1.13679
126	173	1.12789
126	174	1.10704
126	175	1.118
126	176	1.11815
126	178	1.10942
126	179	1.11715
126	180	1.12909
127	4	1.21881
127	15	0.595623
127	19	1.07767
127	60	1.08136
127	61	1.17169
127	74	1.20106
127	75	1.20086
127	76	1.19023
127	78	1.10859
127	85	1.14879
127	86	1.13587
127	97	1.10608
127	104	1.15
127	106	1.2049
127	115	1.23146
127	135	0.646345
127	139	1.177
127	144	1.1952
127	147	1.15317
127	148	1.20747
127	152	1.14591
127	155	1.15974
127	157	0.657431
127	159	0.537661
127	166	1.17021
127	167	1.16392
127	168	0.674877
127	175	0.668079
127	176	0.631799
127	177	0.671933
127	178	0.674468
127	180	0.657753
128	21	1.07458
128	23	0.664862
128	31	1.14108
128	58	1.18353
128	65	1.1329
128	66	1.13747
128	76	1.189
128	86	1.13464
128	87	1.14731
128	89	1.13914
128	90	1.21628
128	92	0.562778
128	108	1.19429
128	112	0.671707
128	120	1.13518
128	121	0.676937
128	122	1.18392
128	132	0.643454
128	139	1.17577
128	141	1.17199
128	147	1.15194
128	148	1.20624
128	151	1.21265
128	155	1.15851
128	156	1.18189
128	158	0.670553
128	159	0.532184
128	166	1.16898
128	167	1.16269
128	168	0.6694
128	177	0.666456
128	180	0.652275
129	34	1.13757
129	55	1.22894
129	69	0.72745
129	88	1.19376
129	95	1.19315
129	98	1.17287
129	101	1.14684
129	102	1.14102
129	105	1.1996
129	107	0.621012
129	109	1.17557
129	110	0.592973
129	113	1.16309
129	115	0.601503
129	126	0.661759
129	131	1.17108
129	137	1.13102
129	138	1.11981
129	140	1.15981
129	143	1.16387
129	145	1.14407
129	150	1.15978
129	152	1.13851
129	154	1.18392
129	157	0.638412
129	162	1.16555
129	165	1.14202
129	168	0.655858
129	172	0.634716
129	174	0.636338
129	177	1.16816
129	180	0.638733
130	30	0.659861
130	36	0.642072
130	63	0.674733
130	74	0.600874
130	77	0.738142
130	90	0.603495
130	91	1.18822
130	97	0.750921
130	122	0.649555
130	125	1.13339
130	134	0.619624
130	135	1.14399
130	146	1.1426
130	153	1.16954
130	155	0.65774
130	157	1.1667
130	158	1.15773
130	160	1.15933
130	161	1.13991
130	163	1.13479
130	164	1.15286
130	168	1.13684
130	169	1.14052
130	171	1.15072
130	172	1.15727
130	173	1.14837
130	174	1.12752
130	175	1.13848
130	176	1.13862
130	177	1.15551
130	178	1.1299
130	179	1.13763
130	180	1.14957
131	34	1.1253
131	36	1.10921
131	51	1.09991
131	57	1.17624
131	71	1.11166
131	79	0.723981
131	88	1.18149
131	98	1.1606
131	101	1.13457
131	102	1.12875
131	105	1.18733
131	109	1.1633
131	113	1.15082
131	117	1.13257
131	118	0.681002
131	119	1.18941
131	121	0.666538
131	123	1.14569
131	129	1.17108
131	132	0.633055
131	138	1.10754
131	145	1.1318
131	149	1.18218
131	154	1.17165
131	155	0.823384
131	157	0.641555
131	158	0.660154
131	159	0.521785
131	162	1.15328
131	165	1.12975
131	176	0.615923
131	177	1.15589
131	180	0.641876
132	58	0.64274
132	79	1.14695
132	101	0.6702
132	104	0.684121
132	107	1.18723
132	114	1.14406
132	117	0.671857
132	118	1.15081
132	120	0.728556
132	121	1.16972
132	124	1.13773
132	128	0.643454
132	131	0.633055
132	144	0.60622
132	146	1.14165
132	157	1.16576
132	160	1.15838
132	161	1.13896
132	162	0.642805
132	163	1.13384
132	164	1.15191
132	167	0.671643
132	168	1.13589
132	169	1.13957
132	171	1.14977
132	172	1.15632
132	173	1.14742
132	175	1.13753
132	176	1.13768
132	177	1.15456
132	178	1.12895
132	179	1.13668
132	180	1.14862
133	2	1.22759
133	3	0.54938
133	9	1.22285
133	10	1.21966
133	13	1.08183
133	16	1.07343
133	18	1.18243
133	30	1.13996
133	35	1.11348
133	38	1.14301
133	42	1.27343
133	43	1.11569
133	45	1.20752
133	49	1.26734
133	52	1.10866
133	56	1.19162
133	62	1.14947
133	69	0.695017
133	72	1.11649
133	73	1.09462
133	77	1.08973
133	93	0.673188
133	121	0.630963
133	135	1.15561
133	144	1.18677
133	147	0.789589
133	148	1.19905
133	149	1.19342
133	153	0.574396
133	159	1.24634
133	163	0.642785
133	168	0.623425
133	173	0.592991
133	175	0.616626
133	177	0.620481
134	7	1.18935
134	36	1.09704
134	39	1.25583
134	40	1.25005
134	53	0.595811
134	55	1.2045
134	61	0.755369
134	68	1.20199
134	81	1.1433
134	84	1.13902
134	88	1.16933
134	93	0.716354
134	94	1.10255
134	101	1.1224
134	103	0.679025
134	109	1.15114
134	115	0.612236
134	117	1.12041
134	123	1.13352
134	130	0.619624
134	137	1.10659
134	140	1.13538
134	143	1.13943
134	145	1.11963
134	149	1.17002
134	150	1.13535
134	154	1.15948
134	156	1.15129
134	160	0.640438
134	161	0.648024
134	162	1.14111
134	165	1.11758
134	170	0.64538
134	174	0.64707
134	177	1.14372
134	180	0.649466
135	2	1.20191
135	9	1.19717
135	13	1.05616
135	16	1.04775
135	18	1.15675
135	31	0.689592
135	34	0.699571
135	37	0.501674
135	42	1.24775
135	52	0.780944
135	54	1.18651
135	62	1.1238
135	72	1.09081
135	77	1.06405
135	89	0.723676
135	94	0.727068
135	127	0.646345
135	130	1.14399
135	133	1.15561
135	136	1.1181
135	137	0.727528
135	148	1.17337
135	149	1.16774
135	154	0.616318
135	156	0.640633
135	157	1.15265
135	160	1.14527
135	161	1.12585
135	166	0.639586
135	169	1.12646
135	172	1.14321
135	173	1.13431
135	175	1.12442
