1	12	1.05672
1	15	1.04672
1	18	1.05619
1	26	1.00932
1	35	1.01001
1	48	1.08852
1	53	1.06081
1	57	1.061
1	157	0.792358
1	159	1.45518
1	164	1.35922
1	168	1.62979
2	30	0.918031
2	31	0.915908
2	32	1.05678
2	37	0.887227
2	45	0.886847
2	52	0.956757
2	134	0.925415
2	142	0.914659
2	145	1.3408
2	158	0.975742
2	165	1.68736
2	172	1.8468
3	5	1.09502
3	15	1.05095
3	26	1.01354
3	35	1.01423
3	48	1.09275
3	53	1.06503
3	57	1.06523
3	75	1.31147
3	100	0.992469
3	125	1.08636
3	149	0.998557
3	178	1.86723
4	36	1.08934
4	54	1.14238
4	59	1.13229
4	64	1.11072
4	74	1.17395
4	102	0.875011
4	134	1.01577
4	142	1.08718
4	145	1.07481
4	168	1.94835
4	170	0.998327
5	3	1.09502
5	12	1.04914
5	18	1.04861
5	26	1.00174
5	35	1.00243
5	48	1.08094
5	53	1.05323
5	57	1.05342
5	99	0.964938
5	132	1.36584
5	142	1.31424
5	161	1.54904
6	60	1.08441
6	62	1.08233
6	67	1.05613
6	78	1.09041
6	112	1.09268
6	125	1.07963
6	135	1.01429
6	153	1.12473
6	154	1.08794
6	161	1.31632
6	162	0.906864
6	171	1.70915
7	34	0.921228
7	43	0.900751
7	47	0.906043
7	55	0.885519
7	56	0.96915
7	63	0.940553
7	68	0.938751
7	81	0.981177
7	123	1.54525
7	152	0.977728
7	167	1.70511
7	173	1.54586
8	34	1.04421
8	43	1.02373
8	47	1.02902
8	55	1.0085
8	56	1.09213
8	63	1.06353
8	68	1.06173
8	81	1.10416
8	82	0.961801
8	161	0.940707
8	165	1.08864
8	179	2.27259
9	73	0.897863
9	83	0.929418
9	114	0.941273
9	118	0.971421
9	120	0.962964
9	121	0.912998
9	124	0.95051
9	126	0.931163
9	133	0.953174
9	136	1.84874
9	138	1.56089
9	140	1.40107
10	46	0.964916
10	80	0.967345
10	92	0.996571
10	93	0.995882
10	94	1.07162
10	97	0.983153
10	98	1.02972
10	105	1.07642
10	106	1.07656
10	113	1.07205
10	145	1.17936
10	164	1.78234
10	169	1.54865
11	51	0.969428
11	79	0.988015
11	84	1.04134
11	85	1.06876
11	86	1.06861
11	88	1.04085
11	89	1.04093
11	135	1.31498
11	153	1.35521
11	156	1.49945
11	161	0.961237
11	164	0.940091
11	173	1.30699
12	1	1.05672
12	5	1.04914
12	15	1.00508
12	26	0.967668
12	35	0.96836
12	48	1.04687
12	53	1.01916
12	57	1.01935
12	100	0.946595
12	142	1.18168
12	166	1.3468
12	173	1.17667
12	174	1.81403
13	14	1.01142
13	38	1.07076
13	41	0.955925
13	58	1.03382
13	66	1.00059
13	70	1.00011
13	112	1.0324
13	115	1.50128
13	116	0.987102
13	130	1.47308
13	147	1.04077
13	152	0.0940771
13	156	1.83943
14	13	1.01142
14	27	0.988245
14	38	1.07262
14	41	0.957783
14	58	1.03568
14	66	1.00245
14	70	1.00197
14	112	1.03426
14	145	0.992954
14	147	1.04263
14	150	1.27496
14	177	1.56644
14	178	1.73576
15	1	1.04672
15	3	1.05095
15	12	1.00508
15	18	1.00455
15	26	0.957672
15	35	0.958364
15	48	1.03688
15	53	1.00916
15	57	1.00935
15	99	0.711627
15	129	1.54166
15	165	1.44366
15	178	1.83991
16	17	0.901268
16	19	0.901268
16	29	0.999513
16	33	0.999513
16	40	0.943977
16	42	0.944411
16	61	0.915425
16	82	0.842486
16	146	1.53249
16	158	0.930558
16	161	1.4723
16	162	0.740163
16	180	2.12484
17	16	0.901268
17	24	0.991251
17	29	1.10407
17	33	1.10407
17	40	1.04853
17	42	1.04896
17	61	1.01998
17	115	1.06109
17	123	1.20617
17	153	1.255
17	158	1.03511
17	159	1.9469
17	162	0.844717
18	1	1.05619
18	5	1.04861
18	15	1.00455
18	26	0.967139
18	35	0.967831
18	48	1.04634
18	53	1.01863
18	57	1.01882
18	100	0.946066
18	129	1.58637
18	145	1.1418
18	148	1.39254
18	176	1.43598
19	16	0.901268
19	24	0.991251
19	29	1.10407
19	33	1.10407
19	40	1.04853
19	42	1.04896
19	61	1.01998
19	123	1.13636
19	136	1.49575
19	144	1.42397
19	150	1.46016
19	158	1.03511
19	162	0.844717
20	51	0.969428
20	79	0.988015
20	84	1.04134
20	85	1.06876
20	86	1.06861
20	88	1.04085
20	89	1.04093
20	116	1.0603
20	139	1.1297
20	150	1.51686
20	161	0.961237
20	164	0.940091
20	174	1.83103
21	74	0.707973
21	94	0.770865
21	101	0.950249
21	107	1.14892
21	148	0.945876
21	170	0.896257
21	173	0.968577
21	175	0.820823
21	176	0.94986
21	177	0.91455
21	178	0.893669
21	179	0.854718
21	180	0.892379
22	30	1.13567
22	31	1.13355
22	37	1.10486
22	45	1.10448
22	52	1.17439
22	75	0.832609
22	134	1.14305
22	137	0.763611
22	142	1.1323
22	150	0.927562
22	158	1.19338
22	162	1.9536
22	180	1.49672
23	36	0.996392
23	54	1.04943
23	59	1.03934
23	64	1.01777
23	74	1.08101
23	100	1.59053
23	116	1.1247
23	127	1.02774
23	134	1.24021
23	146	1.55806
23	147	1.05911
23	156	0.951089
23	170	0.905379
24	17	0.991251
24	19	0.991251
24	29	1.0895
24	33	1.0895
24	40	1.03396
24	42	1.03439
24	61	1.00541
24	116	1.24026
24	135	1.38162
24	143	1.49469
24	158	1.02054
24	162	0.830146
24	173	1.37362
25	50	1.08713
25	60	1.04306
25	62	1.04098
25	67	1.01477
25	78	1.04906
25	108	1.35617
25	122	1.53831
25	134	1.00558
25	135	0.972939
25	140	0.958279
25	154	1.04659
25	162	0.865511
25	164	1.69133
26	1	1.00932
26	3	1.01354
26	5	1.00174
26	12	0.967668
26	15	0.957672
26	18	0.967139
26	35	0.920957
26	48	0.99947
26	53	0.971754
26	57	0.971947
26	128	0.914666
26	151	1.04643
26	159	1.86336
26	180	2.01559
27	14	0.988245
27	38	1.04759
27	41	0.932753
27	58	1.01065
27	66	0.977418
27	70	0.976939
27	112	1.00923
27	116	0.96393
27	146	0.904549
27	147	1.0176
27	153	0.984662
27	167	1.09569
27	176	1.2718
27	179	2.50814
28	47	0.523861
28	80	0.671076
28	109	0.460041
28	114	0.322877
28	148	1.12354
28	152	0.275449
28	167	1.13498
28	173	1.14624
28	174	1.08347
28	175	0.998487
28	176	1.12752
28	178	1.07133
28	179	1.03238
28	180	1.07004
29	16	0.999513
29	17	1.10407
29	19	1.10407
29	24	1.0895
29	40	1.14678
29	42	1.14721
29	61	1.11822
29	91	0.999764
29	125	0.763809
29	158	1.13336
29	162	0.942962
29	166	0.930817
29	172	1.30788
29	179	2.33238
30	2	0.918031
30	22	1.13567
30	31	0.946856
30	32	1.08772
30	37	0.918175
30	45	0.917795
30	52	0.987705
30	110	1.31519
30	132	1.47557
30	134	0.956363
30	135	1.42695
30	142	0.945607
30	158	1.00669
30	167	1.5782
31	2	0.915908
31	22	1.13355
31	30	0.946856
31	32	1.0856
31	37	0.916051
31	45	0.915671
31	52	0.985581
31	104	0.968695
31	140	0.86764
31	142	0.943483
31	158	1.00457
31	168	1.87126
31	169	1.367
31	178	1.74052
32	2	1.05678
32	30	1.08772
32	31	1.0856
32	37	1.05692
32	45	1.05654
32	52	1.12645
32	111	0.783336
32	134	1.09511
32	138	1.11869
32	142	1.08435
32	144	1.33475
32	158	1.14544
32	172	1.59494
32	176	1.38312
33	16	0.999513
33	17	1.10407
33	19	1.10407
33	24	1.0895
33	40	1.14678
33	42	1.14721
33	61	1.11822
33	90	2.28913
33	122	0.639864
33	149	0.732718
33	158	1.13336
33	162	0.942962
33	178	0.93271
33	179	1.72042
34	7	0.921228
34	8	1.04421
34	43	0.944361
34	47	0.949652
34	55	0.929129
34	56	1.01276
34	63	0.984162
34	68	0.982361
34	81	1.02479
34	101	1.29432
34	139	1.04347
34	146	1.40743
34	152	1.02134
34	155	2.08054
35	1	1.01001
35	3	1.01423
35	5	1.00243
35	12	0.96836
35	15	0.958364
35	18	0.967831
35	26	0.920957
35	48	1.00016
35	53	0.972446
35	57	0.972639
35	123	1.17036
35	167	1.33022
35	171	1.80362
35	176	1.50634
36	4	1.08934
36	23	0.996392
36	54	0.99959
36	59	0.989497
36	64	0.967927
36	74	1.03116
36	127	0.977901
36	147	1.00927
36	148	1.39256
36	150	1.42382
36	156	0.901246
36	166	1.27077
36	170	0.855535
36	171	1.73328
37	2	0.887227
37	22	1.10486
37	30	0.918175
37	31	0.916051
37	32	1.05692
37	45	0.88699
37	52	0.9569
37	104	0.940014
37	111	0.920085
37	134	0.925559
37	142	0.914802
37	158	0.975886
37	159	1.92462
37	161	1.42431
37	171	1.81715
38	13	1.07076
38	14	1.07262
38	27	1.04759
38	41	1.01713
38	58	1.09502
38	66	1.06179
38	70	1.06131
38	91	1.0848
38	100	1.00504
38	125	0.848843
38	146	0.988923
38	147	1.10198
38	174	1.48308
38	177	1.4604
38	180	1.73807
39	49	0.924054
39	65	0.968173
39	71	1.13199
39	72	1.03002
39	96	0.857558
39	101	0.899369
39	104	0.959445
39	130	1.31823
39	134	1.47427
39	135	1.50011
39	147	0.999111
39	148	1.78404
39	153	0.926229
39	154	0.985999
39	170	0.845377
40	16	0.943977
40	17	1.04853
40	19	1.04853
40	24	1.03396
40	29	1.14678
40	33	1.14678
40	42	1.09167
40	61	1.06269
40	131	1.68941
40	134	1.09099
40	149	1.02416
40	150	1.43203
40	158	1.07782
40	162	0.887426
40	163	1.29432
41	13	0.955925
41	14	0.957783
41	27	0.932753
41	38	1.01713
41	58	0.980186
41	66	0.946956
41	70	0.946477
41	112	0.978764
41	116	0.933469
41	142	0.996511
41	146	0.874088
41	147	0.98714
41	164	1.63566
41	171	1.62414
41	180	1.88385
42	16	0.944411
42	17	1.04896
42	19	1.04896
42	24	1.03439
42	29	1.14721
42	33	1.14721
42	40	1.09167
42	61	1.06312
42	99	0.9624
42	102	1.14808
42	103	1.55513
42	139	1.24272
42	146	1.60669
42	158	1.07825
42	162	0.88786
43	7	0.900751
43	8	1.02373
43	34	0.944361
43	47	0.929176
43	55	0.908652
43	56	0.992283
43	63	0.963686
43	68	0.961884
43	81	1.00431
43	108	0.87994
43	129	1.60528
43	141	1.53371
43	143	1.24059
43	152	1.00086
43	174	1.75689
44	51	1.00205
44	79	1.02064
44	84	1.07396
44	85	1.10138
44	86	1.10124
44	88	1.07348
44	89	1.07356
44	122	1.52215
44	145	1.07219
44	153	1.07923
44	158	1.10258
44	161	0.993861
44	163	1.21649
44	164	0.972715
44	170	1.67921
45	2	0.886847
45	22	1.10448
45	30	0.917795
45	31	0.915671
45	32	1.05654
45	37	0.88699
45	52	0.95652
45	104	0.939634
45	113	1.29837
45	134	0.925179
45	141	1.77868
45	142	0.914422
45	158	0.975506
45	166	1.53463
45	167	1.52374
46	10	0.964916
46	80	0.911049
46	87	0.966623
46	92	0.940275
46	93	0.939585
46	94	1.01532
46	97	0.926856
46	98	0.973421
46	105	1.02012
46	106	1.02026
46	131	1.81031
46	138	1.30067
46	160	1.78463
46	161	0.877792
46	173	1.22973
47	7	0.906043
47	8	1.02902
47	28	0.523861
47	34	0.949652
47	43	0.929176
47	55	0.913943
47	56	0.997574
47	63	0.968977
47	68	0.967176
47	81	1.0096
47	96	0.861675
47	127	0.971861
47	157	1.40202
47	165	1.71247
47	178	2.10872
48	1	1.08852
48	3	1.09275
48	5	1.08094
48	12	1.04687
48	15	1.03688
48	18	1.04634
48	26	0.99947
48	35	1.00016
48	53	1.05096
48	57	1.05115
48	103	1.18704
48	132	0.995211
48	139	0.874631
48	146	1.23859
48	162	2.28783
49	39	0.924054
49	65	0.965994
49	71	1.12981
49	72	1.02784
49	82	0.905067
49	91	1.19752
49	96	0.85538
49	104	0.957267
49	145	0.99963
49	147	0.996932
49	153	0.92405
49	154	0.983821
49	170	0.843199
49	172	1.50563
49	179	2.53014
50	25	1.08713
50	60	1.08278
50	62	1.0807
50	67	1.0545
50	78	1.08879
50	99	1.04281
50	104	1.05976
50	110	1.28334
50	130	1.21322
50	134	1.0453
50	135	1.01266
50	149	1.30242
50	154	1.08631
50	161	1.62691
50	162	0.905235
51	11	0.969428
51	20	0.969428
51	44	1.00205
51	79	0.881933
51	84	0.935257
51	85	0.962677
51	86	0.962531
51	88	0.934773
51	89	0.934852
51	150	1.78706
51	151	1.38706
51	158	0.963874
51	161	0.855155
51	164	0.834009
51	173	1.46387
51	176	1.79924
52	2	0.956757
52	22	1.17439
52	30	0.987705
52	31	0.985581
52	32	1.12645
52	37	0.9569
52	45	0.95652
52	100	1.188
52	104	1.00954
52	108	1.16454
52	134	0.995089
52	142	0.984332
52	158	1.04542
52	164	1.4997
52	170	1.50374
52	174	1.4929
53	1	1.06081
53	3	1.06503
53	5	1.05323
53	12	1.01916
53	15	1.00916
53	18	1.01863
53	26	0.971754
53	35	0.972446
53	48	1.05096
53	57	1.02344
53	100	0.95068
53	103	0.556199
53	162	1.65699
53	164	0.951923
53	172	0.85495
53	175	2.91981
54	4	1.14238
54	23	1.04943
54	36	0.99959
54	59	1.04254
54	64	1.02097
54	74	1.0842
54	108	0.944314
54	115	1.00203
54	142	0.997433
54	147	1.06231
54	156	0.954287
54	161	1.38753
54	163	1.3332
54	167	1.30697
54	170	0.908577
54	177	1.7624
55	7	0.885519
55	8	1.0085
55	34	0.929129
55	43	0.908652
55	47	0.913943
55	56	0.97705
55	63	0.948453
55	68	0.946652
55	81	0.989078
55	96	0.841152
55	108	0.864708
55	152	0.985628
55	163	1.33174
55	169	1.55673
55	170	1.79446
55	177	1.76094
56	7	0.96915
56	8	1.09213
56	34	1.01276
56	43	0.992283
56	47	0.997574
56	55	0.97705
56	63	1.03208
56	68	1.03028
56	81	1.07271
56	108	0.948339
56	110	0.81422
56	113	0.851857
56	131	1.49856
56	152	1.06926
56	155	1.89109
56	180	1.81033
57	1	1.061
57	3	1.06523
57	5	1.05342
57	12	1.01935
57	15	1.00935
57	18	1.01882
57	26	0.971947
57	35	0.972639
57	48	1.05115
57	53	1.02344
57	100	0.950874
57	144	1.33391
57	157	1.12421
57	161	1.28672
57	165	1.43466
57	177	1.66159
58	13	1.03382
58	14	1.03568
58	27	1.01065
58	38	1.09502
58	41	0.980186
58	66	1.02485
58	70	1.02437
58	100	0.968099
58	113	1.12394
58	116	1.01136
58	138	1.26099
58	145	1.23125
58	146	0.951982
58	147	1.06503
58	156	1.38253
58	174	1.82742
59	4	1.13229
59	23	1.03934
59	36	0.989497
59	54	1.04254
59	64	1.01088
59	74	1.07411
59	99	0.826341
59	125	1.17375
59	127	1.02085
59	142	0.98734
59	147	1.05222
59	151	1.09382
59	156	0.944194
59	157	1.24793
59	162	2.51986
59	170	0.898484
60	6	1.08441
60	25	1.04306
60	50	1.08278
60	62	1.03662
60	67	1.01042
60	78	1.04471
60	104	1.01568
60	134	1.00122
60	135	0.968585
60	153	1.32264
60	154	1.04223
60	157	1.35172
60	162	0.861157
60	166	1.44455
60	167	1.43367
60	173	1.27442
61	16	0.915425
61	17	1.01998
61	19	1.01998
61	24	1.00541
61	29	1.11822
61	33	1.11822
61	40	1.06269
61	42	1.06312
61	82	0.961197
61	101	1.2352
61	108	1.35731
61	135	1.05631
61	141	1.4625
61	158	1.04927
61	162	0.858874
61	164	1.69248
62	6	1.08233
62	25	1.04098
62	50	1.0807
62	60	1.03662
62	67	1.00834
62	78	1.04263
62	100	1.64288
62	101	0.953527
62	102	1.1518
62	112	1.04489
62	128	1.10184
62	134	0.999147
62	151	1.2336
62	154	1.04016
62	162	0.85908
62	165	1.69816
63	7	0.940553
63	8	1.06353
63	34	0.984162
63	43	0.963686
63	47	0.968977
63	55	0.948453
63	56	1.03208
63	68	1.00169
63	81	1.04411
63	91	1.38485
63	96	0.896185
63	127	1.00637
63	136	1.50455
63	140	1.05688
63	152	1.04066
63	176	1.48113
63	177	1.76045
64	4	1.11072
64	23	1.01777
64	36	0.967927
64	54	1.02097
64	59	1.01088
64	74	1.05254
64	82	1.47399
64	108	0.912651
64	127	0.99928
64	140	1.1242
64	142	0.96577
64	147	1.03065
64	150	1.53628
64	153	1.26131
64	156	0.922624
64	170	0.876914
64	172	1.76028
65	39	0.968173
65	49	0.965994
65	71	1.17393
65	72	1.07196
65	82	0.949185
65	96	0.899498
65	101	0.94131
65	104	1.00139
65	116	0.983123
65	141	1.53067
65	145	1.15768
65	147	1.04105
65	153	0.968169
65	154	1.02794
65	170	0.887317
65	171	1.74913
65	177	1.73117
66	13	1.00059
66	14	1.00245
66	27	0.977418
66	38	1.06179
66	41	0.946956
66	58	1.02485
66	70	0.991142
66	100	0.934869
66	112	1.02343
66	116	0.978133
66	130	0.7517
66	146	0.918752
66	147	1.0318
66	164	1.56975
66	165	1.31333
66	178	1.70957
66	180	1.81793
67	6	1.05613
67	25	1.01477
67	50	1.0545
67	60	1.01042
67	62	1.00834
67	78	1.01642
67	95	1.29162
67	101	0.92732
67	104	0.987396
67	111	0.972703
67	112	1.01869
67	135	0.940301
67	138	1.30805
67	144	1.52412
67	154	1.01395
67	159	1.97724
67	162	0.832873
68	7	0.938751
68	8	1.06173
68	34	0.982361
68	43	0.961884
68	47	0.967176
68	55	0.946652
68	56	1.03028
68	63	1.00169
68	81	1.04231
68	100	0.977778
68	108	0.91794
68	127	1.00457
68	128	0.43674
68	152	1.03886
68	162	1.99454
68	168	1.56004
68	179	2.21701
69	102	1.20538
69	114	1.00151
69	118	1.03166
69	119	1.02292
69	120	1.0232
69	121	0.973234
69	124	1.01075
69	126	0.991399
69	133	1.01341
69	135	0.931421
69	139	1.30002
69	144	1.65099
69	146	1.66399
69	151	1.28718
69	152	1.02111
69	154	1.00507
69	164	0.884524
70	13	1.00011
70	14	1.00197
70	27	0.976939
70	38	1.06131
70	41	0.946477
70	58	1.02437
70	66	0.991142
70	100	0.93439
70	112	1.02295
70	116	0.977654
70	136	1.55662
70	137	1.35707
70	146	0.918273
70	147	1.03133
70	156	1.3903
70	169	1.60831
70	173	1.19783
71	39	1.13199
71	49	1.12981
71	65	1.17393
71	72	1.23578
71	96	1.06332
71	101	1.10513
71	104	1.1652
71	123	0.969332
71	131	1.55052
71	142	0.974953
71	147	1.20487
71	149	0.885264
71	153	1.13199
71	154	1.19176
71	166	1.14008
71	167	1.12919
71	170	1.05113
71	177	1.58462
72	39	1.03002
72	49	1.02784
72	65	1.07196
72	71	1.23578
72	82	1.01104
72	96	0.961348
72	101	1.00316
72	104	1.06324
72	134	1.06845
72	138	1.15723
72	147	1.1029
72	151	1.00949
72	153	1.03002
72	154	1.08979
72	156	1.27876
72	163	1.27178
72	168	2.00103
72	170	0.949167
73	9	0.897863
73	83	0.983378
73	95	1.0929
73	107	0.971226
73	109	0.949796
73	119	1.01664
73	120	1.01692
73	121	0.966958
73	124	1.00447
73	126	0.985123
73	128	0.829828
73	133	1.00713
73	152	1.01483
73	153	0.939024
73	160	1.59329
73	162	2.38763
73	164	0.878248
73	172	1.58559
74	4	1.17395
74	21	0.707973
74	23	1.08101
74	36	1.03116
74	54	1.0842
74	59	1.07411
74	64	1.05254
74	108	0.975887
74	127	1.06252
74	132	0.844052
74	142	1.02901
74	147	1.09388
74	156	0.98586
74	157	0.864739
74	161	1.02725
74	170	0.940149
74	179	2.35914
74	180	1.67979
75	3	1.31147
75	22	0.832609
75	99	1.07751
75	103	0.994108
75	127	1.16642
75	144	0.938239
75	148	0.919337
75	151	1.01796
75	158	0.96094
75	172	0.911537
75	174	0.879269
75	175	0.794283
75	176	0.923321
75	177	0.888011
75	178	0.86713
75	179	0.828178
75	180	0.86584
76	107	0.957653
76	109	0.936224
76	118	1.01181
76	119	1.00307
76	120	1.00335
76	121	0.953386
76	122	1.53709
76	124	0.990897
76	126	0.971551
76	133	0.993562
76	152	1.00126
76	153	0.925452
76	154	0.985222
76	156	0.890311
76	173	1.04594
76	174	1.68331
76	176	1.38131
76	178	1.82994
77	83	1.06102
77	93	0.704118
77	104	1.15804
77	115	0.97469
77	121	1.14885
77	131	0.89863
77	132	0.982857
77	157	0.983205
77	166	0.915215
77	168	0.840851
77	169	0.90107
77	173	0.918305
77	174	0.855537
77	175	0.770551
77	176	0.899589
77	177	0.864279
77	178	0.843398
77	179	0.804446
77	180	0.842108
78	6	1.09041
78	25	1.04906
78	50	1.08879
78	60	1.04471
78	62	1.04263
78	67	1.01642
78	101	0.961609
78	104	1.02169
78	112	1.05297
78	134	1.00723
78	135	0.97459
78	137	1.31952
78	142	1.16529
78	149	1.0756
78	154	1.04824
78	157	1.23758
78	162	0.867162
78	169	1.57075
78	177	1.77496
79	11	0.988015
79	20	0.988015
79	44	1.02064
79	51	0.881933
79	84	0.953844
79	85	0.981264
79	86	0.981118
79	88	0.95336
79	89	0.953439
79	112	0.977879
79	123	0.90453
79	130	1.12342
79	156	1.48976
79	158	0.982461
79	161	0.873742
79	164	0.852596
79	166	1.46743
79	169	1.70777
79	177	1.91198
80	10	0.967345
80	28	0.671076
80	46	0.911049
80	82	1.73284
80	87	0.969053
80	92	0.942705
80	93	0.942015
80	94	1.01775
80	97	0.929286
80	98	0.975851
80	105	1.02255
80	106	1.02269
80	116	1.33857
80	146	0.879681
80	150	0.874234
80	152	0.995658
80	161	0.880221
80	173	1.47194
80	174	2.1093
81	7	0.981177
81	8	1.10416
81	34	1.02479
81	43	1.00431
81	47	1.0096
81	55	0.989078
81	56	1.07271
81	63	1.04411
81	68	1.04231
81	96	0.93681
81	101	1.38176
81	108	0.960367
81	127	1.047
81	139	1.13091
81	149	1.1102
81	152	1.08129
81	153	1.2431
81	156	1.38734
81	170	1.84308
82	8	0.961801
82	16	0.842486
82	49	0.905067
82	61	0.961197
82	64	1.47399
82	65	0.949185
82	72	1.01104
82	80	1.73284
82	122	0.910423
82	133	1.12911
82	134	0.926002
82	150	0.861623
82	158	0.976329
82	162	0.785935
82	170	0.82639
82	173	0.89871
82	175	0.750955
82	177	0.844683
82	180	0.822512
83	9	0.929418
83	73	0.983378
83	77	1.06102
83	91	1.33307
83	95	1.14849
83	107	1.00278
83	109	0.981351
83	118	1.05694
83	119	1.0482
83	120	1.04848
83	121	0.998513
83	124	1.03602
83	126	1.01668
83	133	1.03869
83	137	1.25323
83	148	1.38592
83	152	1.04639
83	156	0.935438
83	164	0.909803
83	178	1.87798
84	11	1.04134
84	20	1.04134
84	44	1.07396
84	51	0.935257
84	79	0.953844
84	85	1.03459
84	86	1.03444
84	88	1.00668
84	89	1.00676
84	112	1.0312
84	123	0.957854
84	158	1.03578
84	160	1.4667
84	161	0.927066
84	164	0.90592
84	169	1.32229
84	172	1.459
84	173	0.911809
84	174	1.54917
84	180	1.80416
85	11	1.06876
85	20	1.06876
85	44	1.10138
85	51	0.962677
85	79	0.981264
85	84	1.03459
85	86	1.06186
85	88	1.0341
85	89	1.03418
85	110	0.827301
85	123	0.985274
85	130	0.75718
85	158	1.06321
85	161	0.954486
85	164	0.933341
85	169	1.34154
85	172	1.47825
85	176	1.26642
85	179	2.50276
86	11	1.06861
86	20	1.06861
86	44	1.10124
86	51	0.962531
86	79	0.981118
86	84	1.03444
86	85	1.06186
86	88	1.03396
86	89	1.03404
86	100	1.50081
86	110	1.06458
86	123	0.985128
86	145	1.20953
86	158	1.06306
86	161	0.95434
86	164	0.933194
86	165	1.55609
86	167	1.32759
86	176	1.50371
87	46	0.966623
87	80	0.969053
87	92	0.998279
87	93	0.997589
87	94	1.07333
87	96	0.906755
87	97	0.98486
87	98	1.03142
87	105	1.07812
87	106	1.07826
87	125	0.74318
87	127	1.01694
87	131	1.32063
87	139	0.676089
87	150	0.929808
87	152	1.05123
87	160	1.29494
87	161	0.935795
87	165	1.1278
87	175	3.35211
88	11	1.04085
88	20	1.04085
88	44	1.07348
88	51	0.934773
88	79	0.95336
88	84	1.00668
88	85	1.0341
88	86	1.03396
88	89	1.00628
88	112	1.03072
88	116	1.01662
88	123	0.95737
88	131	1.73056
88	141	1.56417
88	158	1.0353
88	161	0.926582
88	163	1.33547
88	164	0.905436
88	167	1.30924
88	176	1.48535
89	11	1.04093
89	20	1.04093
89	44	1.07356
89	51	0.934852
89	79	0.953439
89	84	1.00676
89	85	1.03418
89	86	1.03404
89	88	1.00628
89	101	1.06738
89	112	1.0308
89	123	0.957449
89	135	0.888489
89	149	0.795816
89	153	0.928719
89	158	1.03538
89	161	0.926661
89	164	0.905516
89	165	1.26824
89	175	3.49255
90	33	2.28913
90	91	0.881757
90	129	0.809858
90	133	3.00862
90	146	0.781285
90	149	0.910377
90	155	0.742658
90	156	0.786315
90	160	0.792197
90	163	0.814166
90	165	0.791442
90	166	0.809833
90	169	0.795689
90	171	0.756393
90	174	0.750155
90	175	0.66517
90	178	0.738017
90	179	0.699065
90	180	0.736727
91	29	0.999764
91	38	1.0848
91	49	1.19752
91	63	1.38485
91	83	1.33307
91	90	0.881757
91	130	1.06591
91	141	0.954267
91	144	0.974197
91	161	0.946896
91	167	0.966733
91	171	0.921464
91	173	0.977995
91	174	0.915226
91	175	0.830241
91	176	0.959278
91	177	0.923968
91	178	0.903088
91	179	0.864136
91	180	0.901798
92	10	0.996571
92	46	0.940275
92	80	0.942705
92	87	0.998279
92	93	0.971241
92	94	1.04698
92	97	0.958512
92	98	1.00508
92	105	1.05178
92	106	1.05192
92	116	1.33642
92	125	1.47292
92	127	0.990592
92	128	1.26122
92	137	1.62903
92	138	1.54072
92	146	0.908907
92	150	0.90346
92	152	1.02488
92	161	0.909447
92	173	1.46979
93	10	0.995882
93	46	0.939585
93	77	0.704118
93	80	0.942015
93	87	0.997589
93	92	0.971241
93	94	1.04629
93	97	0.957822
93	98	1.00439
93	105	1.05109
93	106	1.05123
93	111	0.472674
93	127	0.989903
93	146	0.908218
93	150	0.90277
93	152	1.02419
93	157	0.814392
93	161	0.908758
93	170	1.3853
93	175	3.34914
93	180	1.62944
94	10	1.07162
94	21	0.770865
94	46	1.01532
94	80	1.01775
94	87	1.07333
94	92	1.04698
94	93	1.04629
94	97	1.03356
94	98	1.08013
94	103	1.09877
94	105	1.12682
94	106	1.12696
94	129	1.33608
94	146	0.983956
94	150	0.978509
94	152	1.09993
94	156	1.04279
94	157	0.927631
94	160	1.40522
94	161	0.984496
94	162	2.19956
95	67	1.29162
95	73	1.0929
95	83	1.14849
95	98	0.899556
95	106	1.04568
95	130	1.0349
95	132	1.01154
95	137	0.964437
95	157	1.01189
95	159	0.890223
95	166	0.943895
95	171	0.890455
95	172	0.916486
95	173	0.946986
95	174	0.884217
95	175	0.799232
95	176	0.928269
95	177	0.892959
95	178	0.872078
95	179	0.833127
95	180	0.870788
96	39	0.857558
96	47	0.861675
96	49	0.85538
96	55	0.841152
96	63	0.896185
96	65	0.899498
96	71	1.06332
96	72	0.961348
96	81	0.93681
96	87	0.906755
96	97	0.866988
96	98	0.913553
96	105	0.960252
96	106	0.960392
96	127	0.899069
96	128	1.33142
96	152	0.933361
96	163	1.72548
96	166	1.71013
96	170	0.776703
96	173	1.53999
96	178	2.32399
97	10	0.983153
97	46	0.926856
97	80	0.929286
97	87	0.98486
97	92	0.958512
97	93	0.957822
97	94	1.03356
97	96	0.866988
97	98	0.991658
97	103	1.10435
97	105	1.03836
97	106	1.0385
97	122	1.34706
97	127	0.977173
97	146	0.895488
97	150	0.890041
97	152	1.01147
97	155	1.82902
97	159	1.59603
97	161	0.896028
97	164	1.50008
97	180	1.74826
98	10	1.02972
98	46	0.973421
98	80	0.975851
98	87	1.03142
98	92	1.00508
98	93	1.00439
98	94	1.08013
98	95	0.899556
98	96	0.913553
98	97	0.991658
98	105	1.08492
98	106	1.08506
98	117	1.70909
98	127	1.02374
98	146	0.942053
98	150	0.936606
98	151	0.768246
98	152	1.05803
98	160	1.39995
98	161	0.942593
98	168	1.75979
98	172	1.39225
98	177	1.45974
99	5	0.964938
99	15	0.711627
99	42	0.9624
99	50	1.04281
99	59	0.826341
99	75	1.07751
99	109	0.916615
99	120	0.67664
99	138	1.05256
99	149	1.14208
99	153	1.05316
99	155	0.974365
99	159	0.987868
99	161	1.01353
99	167	1.03337
99	168	0.967176
99	169	1.0274
99	174	0.981862
99	175	0.896876
99	177	0.990604
99	178	0.969723
99	179	0.930771
99	180	0.968433
100	3	0.992469
100	12	0.946595
100	18	0.946066
100	23	1.59053
100	38	1.00504
100	52	1.188
100	53	0.95068
100	57	0.950874
100	58	0.968099
100	62	1.64288
100	66	0.934869
100	68	0.977778
100	70	0.93439
100	86	1.50081
100	129	0.890573
100	136	0.878369
100	146	0.862001
100	171	0.837109
100	175	0.745885
100	177	0.839613
100	178	0.818732
100	179	0.779781
100	180	0.817442
101	21	0.950249
101	34	1.29432
101	39	0.899369
101	61	1.2352
101	62	0.953527
101	65	0.94131
101	67	0.92732
101	71	1.10513
101	72	1.00316
101	78	0.961609
101	81	1.38176
101	89	1.06738
101	134	0.918127
101	152	1.2632
101	162	0.778059
101	165	0.869352
101	166	0.887743
101	170	0.818514
101	173	0.890834
101	176	0.872117
101	179	0.776975
101	180	0.814637
102	4	0.875011
102	42	1.14808
102	62	1.1518
102	69	1.20538
102	114	0.965131
102	115	1.03265
102	140	1.05141
102	147	0.75947
102	148	0.953565
102	151	1.05218
102	155	0.906
102	159	0.919503
102	163	0.977508
102	165	0.954783
102	169	0.95903
102	170	0.903946
102	172	0.945765
102	173	0.976265
102	175	0.828511
102	176	0.957549
102	178	0.901358
102	179	0.862406
102	180	0.900068
103	42	1.55513
103	48	1.18704
103	53	0.556199
103	75	0.994108
103	94	1.09877
103	97	1.10435
103	111	1.09833
103	123	0.960921
103	139	1.05613
103	151	1.03715
103	158	0.981143
103	160	0.940506
103	163	0.962475
103	166	0.958141
103	168	0.883778
103	169	0.943997
103	173	0.961232
103	175	0.813478
103	176	0.942516
103	177	0.907206
103	178	0.886325
103	179	0.847373
103	180	0.885035
104	31	0.968695
104	37	0.940014
104	39	0.959445
104	45	0.939634
104	49	0.957267
104	50	1.05976
104	52	1.00954
104	60	1.01568
104	65	1.00139
104	67	0.987396
104	71	1.1652
104	72	1.06324
104	77	1.15804
104	78	1.02169
104	113	1.12488
104	135	0.945563
104	140	1.10212
104	151	1.1142
104	157	1.26831
104	158	1.02853
104	162	0.838135
104	164	1.83517
104	170	0.87859
104	180	2.08336
105	10	1.07642
105	46	1.02012
105	80	1.02255
105	87	1.07812
105	92	1.05178
105	93	1.05109
105	94	1.12682
105	96	0.960252
105	97	1.03836
105	98	1.08492
105	106	1.13176
105	110	1.08656
105	115	1.04463
105	127	1.07044
105	140	1.10143
105	142	1.19533
105	146	0.988752
105	148	1.48224
105	150	0.983305
105	152	1.10473
105	160	1.74521
105	161	0.989292
105	163	1.3758
105	166	1.36045
106	10	1.07656
106	46	1.02026
106	80	1.02269
106	87	1.07826
106	92	1.05192
106	93	1.05123
106	94	1.12696
106	95	1.04568
106	96	0.960392
106	97	1.0385
106	98	1.08506
106	105	1.13176
106	127	1.07058
106	128	0.782606
106	134	0.973329
106	135	0.999171
106	146	0.988892
106	148	1.2831
106	150	0.983445
106	152	1.10487
106	161	0.989432
106	166	1.16131
106	168	1.90591
106	180	1.88353
107	21	1.14892
107	73	0.971226
107	76	0.957653
107	83	1.00278
107	109	0.969199
107	114	1.01464
107	116	0.977637
107	118	1.04478
107	119	1.03604
107	120	1.03633
107	121	0.986361
107	124	1.02387
107	125	1.23151
107	126	1.00453
107	132	1.285
107	133	1.02654
107	135	0.944548
107	142	1.23339
107	150	0.912809
107	154	1.0182
107	161	1.46819
107	164	0.897651
107	166	1.39851
107	170	1.87659
108	25	1.35617
108	43	0.87994
108	52	1.16454
108	54	0.944314
108	55	0.864708
108	56	0.948339
108	61	1.35731
108	64	0.912651
108	68	0.91794
108	74	0.975887
108	81	0.960367
108	116	0.900321
108	120	1.32993
108	121	1.49083
108	127	0.922625
108	129	0.869513
108	156	0.84597
108	160	0.851853
108	162	0.759804
108	165	0.851097
108	170	0.800259
108	176	0.853862
108	177	0.818553
108	178	0.797672
108	180	0.796382
109	28	0.460041
109	73	0.949796
109	76	0.936224
109	83	0.981351
109	99	0.916615
109	107	0.969199
109	114	0.993206
109	118	1.02335
109	119	1.01461
109	120	1.0149
109	121	0.964931
109	123	0.928154
109	124	1.00244
109	126	0.983096
109	133	1.00511
109	143	1.38197
109	150	0.891379
109	152	1.0128
109	153	0.936997
109	154	0.996767
109	156	0.901856
109	161	1.50071
109	163	1.44639
109	170	1.90911
109	171	1.89355
110	30	1.31519
110	50	1.28334
110	56	0.81422
110	85	0.827301
110	86	1.06458
110	105	1.08656
110	114	1.01998
110	117	0.934651
110	132	1.0551
110	141	0.966819
110	142	1.00708
110	149	1.088
110	159	0.933784
110	160	0.96982
110	163	0.991789
110	165	0.969065
110	167	0.979285
110	169	0.973312
110	171	0.934016
110	172	0.960047
110	174	0.927778
110	175	0.842792
110	177	0.93652
110	178	0.915639
110	179	0.876688
110	180	0.914349
111	32	0.783336
111	37	0.920085
111	67	0.972703
111	93	0.472674
111	103	1.09833
111	120	0.756511
111	121	0.917408
111	122	1.05797
111	133	0.603792
111	144	1.04246
111	148	1.02355
111	152	0.811894
111	157	1.11116
111	160	1.02553
111	165	1.02477
111	166	1.04316
111	168	0.968801
111	171	0.989725
111	172	1.01576
111	174	0.983487
111	175	0.898501
111	176	1.02754
111	177	0.992229
111	178	0.971348
111	179	0.932397
111	180	0.970058
112	6	1.09268
112	13	1.0324
112	14	1.03426
112	27	1.00923
112	41	0.978764
112	62	1.04489
112	66	1.02343
112	67	1.01869
112	70	1.02295
112	78	1.05297
112	79	0.977879
112	84	1.0312
112	88	1.03072
112	89	1.0308
112	137	1.25641
112	143	1.21823
112	144	1.38417
112	146	0.95056
112	153	1.14539
112	154	1.0505
112	156	1.28963
112	162	0.869424
112	164	0.929955
112	173	1.09716
112	174	1.73453
112	178	1.88116
113	10	1.07205
113	45	1.29837
113	56	0.851857
113	58	1.12394
113	104	1.12488
113	125	1.07386
113	131	0.964507
113	138	0.992111
113	140	1.05932
113	151	1.0601
113	152	1.01019
113	154	0.525654
113	166	0.981091
113	167	0.97292
113	168	0.906727
113	169	0.966947
113	171	0.927651
113	172	0.953682
113	173	0.984182
113	174	0.921413
113	175	0.836428
113	176	0.965465
113	177	0.930155
113	178	0.909275
113	179	0.870323
113	180	0.907984
114	9	0.941273
114	28	0.322877
114	69	1.00151
114	102	0.965131
114	107	1.01464
114	109	0.993206
114	110	1.01998
114	117	1.98777
114	118	1.06879
114	119	1.06005
114	120	1.06033
114	121	1.01037
114	123	0.973591
114	124	1.04788
114	126	1.02853
114	133	1.05054
114	135	0.968555
114	139	1.05977
114	150	0.936816
114	152	1.05824
114	153	0.982434
114	154	1.0422
114	156	0.947293
114	159	1.86386
114	163	1.30922
114	166	1.29387
115	13	1.50128
115	17	1.06109
115	54	1.00203
115	77	0.97469
115	102	1.03265
115	105	1.04463
115	119	0.776555
115	121	1.03614
115	122	0.97726
115	143	0.991821
115	149	1.063
115	151	1.04147
115	154	0.44609
115	159	0.908784
115	160	0.94482
115	163	0.966789
115	165	0.944064
115	166	0.962456
115	167	0.954285
115	168	0.888092
115	171	0.909016
115	175	0.817792
115	176	0.94683
115	177	0.91152
115	178	0.890639
115	179	0.851688
115	180	0.889349
116	13	0.987102
116	20	1.0603
116	23	1.1247
116	24	1.24026
116	27	0.96393
116	41	0.933469
116	58	1.01136
116	65	0.983123
116	66	0.978133
116	70	0.977654
116	80	1.33857
116	88	1.01662
116	92	1.33642
116	107	0.977637
116	108	0.900321
116	118	1.03179
116	119	1.02305
116	121	0.973369
116	124	1.01088
116	126	0.991534
116	166	0.933813
116	173	0.936903
116	175	0.789149
116	176	0.918187
116	177	0.882877
116	179	0.823044
116	180	0.860706
117	98	1.70909
117	110	0.934651
117	114	1.98777
117	119	1.78628
117	127	1.80222
117	129	0.850199
117	131	0.833591
117	138	0.861195
117	144	0.849468
117	145	0.907505
117	155	0.783
117	159	0.796503
117	160	0.832539
117	163	0.854508
117	166	0.850175
117	167	0.842004
117	169	0.836031
117	170	0.780946
117	171	0.796735
117	172	0.822766
117	173	0.853266
117	174	0.790497
117	175	0.705512
117	177	0.799239
117	178	0.778358
117	179	0.739407
117	180	0.777068
118	9	0.971421
118	69	1.03166
118	76	1.01181
118	83	1.05694
118	107	1.04478
118	109	1.02335
118	114	1.06879
118	116	1.03179
118	119	1.0902
118	120	1.09048
118	121	1.04052
118	124	1.07803
118	126	1.05868
118	132	1.20052
118	133	1.08069
118	134	1.12606
118	135	0.998703
118	139	1.07994
118	143	1.26497
118	148	1.43583
118	149	1.05923
118	150	0.966964
118	153	1.01258
118	156	0.977441
118	164	0.951806
118	167	1.30315
118	170	1.79211
118	171	1.77655
119	69	1.02292
119	73	1.01664
119	76	1.00307
119	83	1.0482
119	107	1.03604
119	109	1.01461
119	114	1.06005
119	115	0.776555
119	116	1.02305
119	117	1.78628
119	118	1.0902
119	120	1.08174
119	121	1.03178
119	123	0.995
119	124	1.06929
119	126	1.04994
119	130	0.748363
119	133	1.07195
119	134	0.904396
119	135	0.989964
119	144	1.20925
119	146	1.22224
119	150	0.958224
119	151	0.845433
119	152	1.07965
119	164	0.943066
119	176	1.25761
119	179	2.49394
120	9	0.962964
120	69	1.0232
120	73	1.01692
120	76	1.00335
120	83	1.04848
120	99	0.67664
120	107	1.03633
120	108	1.32993
120	109	1.0149
120	111	0.756511
120	114	1.06033
120	118	1.09048
120	119	1.08174
120	121	1.03206
120	123	0.995282
120	124	1.06957
120	126	1.05022
120	129	1.50668
120	133	1.07224
120	135	0.990246
120	142	1.02594
120	152	1.07993
120	153	1.00412
120	160	1.57582
120	163	1.20641
120	164	0.943349
120	169	1.4314
120	176	1.35629
121	9	0.912998
121	69	0.973234
121	73	0.966958
121	76	0.953386
121	77	1.14885
121	83	0.998513
121	107	0.986361
121	108	1.49083
121	109	0.964931
121	111	0.917408
121	114	1.01037
121	115	1.03614
121	116	0.973369
121	118	1.04052
121	119	1.03178
121	120	1.03206
121	124	1.0196
121	126	1.00026
121	133	1.02227
121	138	1.25276
121	149	1.09715
121	150	0.908541
121	153	0.954159
121	154	1.01393
121	156	0.919018
121	164	0.893383
121	165	1.56957
121	176	1.51719
122	25	1.53831
122	33	0.639864
122	44	1.52215
122	76	1.53709
122	82	0.910423
122	97	1.34706
122	111	1.05797
122	115	0.97726
122	131	0.9012
122	141	0.897147
122	142	0.937412
122	147	1.40923
122	148	0.898175
122	155	0.85061
122	160	0.900149
122	166	0.917785
122	167	0.909614
122	168	0.843421
122	171	0.864344
122	172	0.890375
122	173	0.920875
122	174	0.858107
122	175	0.773121
122	176	0.902159
122	177	0.866849
122	178	0.845968
122	179	0.807016
122	180	0.844678
123	7	1.54525
123	17	1.20617
123	19	1.13636
123	35	1.17036
123	71	0.969332
123	79	0.90453
123	84	0.957854
123	85	0.985274
123	86	0.985128
123	88	0.95737
123	89	0.957449
123	103	0.960921
123	109	0.928154
123	114	0.973591
123	119	0.995
123	120	0.995282
123	127	0.937576
123	133	0.985493
123	137	0.926302
123	147	0.917468
123	148	0.88615
123	154	0.977153
123	164	0.856606
123	168	0.831396
123	173	0.908851
123	177	0.854824
123	178	0.833943
123	179	0.794992
123	180	0.832653
124	9	0.95051
124	69	1.01075
124	73	1.00447
124	76	0.990897
124	83	1.03602
124	107	1.02387
124	109	1.00244
124	114	1.04788
124	116	1.01088
124	118	1.07803
124	119	1.06929
124	120	1.06957
124	121	1.0196
124	126	1.03777
124	132	0.927134
124	133	1.05978
124	135	0.977792
124	140	0.781634
124	146	1.17052
124	150	0.946053
124	154	1.05144
124	156	0.95653
124	164	0.930894
124	166	1.04065
124	167	1.02977
124	169	1.28099
124	175	3.48257
124	176	1.20588
124	177	1.4852
125	3	1.08636
125	6	1.07963
125	29	0.763809
125	38	0.848843
125	59	1.17375
125	87	0.74318
125	92	1.47292
125	107	1.23151
125	113	1.07386
125	130	1.08675
125	137	1.0163
125	149	1.0963
125	151	1.07476
125	155	0.928579
125	160	0.978118
125	163	1.00009
125	165	0.977362
125	167	0.987582
125	168	0.92139
125	171	0.942313
125	172	0.968344
125	173	0.998844
125	174	0.936075
125	175	0.85109
125	176	0.980128
125	177	0.944818
125	179	0.884985
125	180	0.922647
126	9	0.931163
126	69	0.991399
126	73	0.985123
126	76	0.971551
126	83	1.01668
126	107	1.00453
126	109	0.983096
126	114	1.02853
126	116	0.991534
126	118	1.05868
126	119	1.04994
126	120	1.05022
126	121	1.00026
126	124	1.03777
126	133	1.04043
126	141	1.36602
126	143	1.0729
126	144	1.23884
126	148	1.24376
126	150	0.926706
126	152	1.04813
126	153	0.972324
126	154	1.03209
126	156	0.937183
126	164	0.911548
126	169	1.36231
126	171	1.58448
126	172	1.49902
126	174	1.5892
126	178	1.73583
127	23	1.02774
127	36	0.977901
127	47	0.971861
127	59	1.02085
127	63	1.00637
127	64	0.99928
127	68	1.00457
127	74	1.06252
127	75	1.16642
127	81	1.047
127	87	1.01694
127	92	0.990592
127	93	0.989903
127	96	0.899069
127	97	0.977173
127	98	1.02374
127	105	1.07044
127	106	1.07058
127	108	0.922625
127	117	1.80222
127	123	0.937576
127	129	1.42394
127	130	0.764305
127	142	0.975744
127	149	0.853508
127	152	1.04355
127	155	1.91129
127	157	1.01549
127	164	1.58235
127	170	0.886888
128	26	0.914666
128	62	1.10184
128	68	0.43674
128	73	0.829828
128	92	1.26122
128	96	1.33142
128	106	0.782606
128	129	1.02752
128	145	1.08483
128	147	0.709507
128	149	1.12804
128	152	0.86774
128	155	0.96032
128	159	0.973823
128	160	1.00986
128	162	0.917811
128	163	1.03183
128	165	1.0091
128	166	1.02749
128	167	1.01932
128	168	0.953131
128	169	1.01335
128	170	0.958266
128	172	1.00009
128	173	1.03059
128	174	0.967817
128	176	1.01187
128	178	0.955678
128	179	0.916727
128	180	0.954388
129	15	1.54166
129	18	1.58637
129	43	1.60528
129	90	0.809858
129	94	1.33608
129	100	0.890573
129	108	0.869513
129	117	0.850199
129	120	1.50668
129	127	1.42394
129	128	1.02752
129	140	0.981235
129	143	0.93237
129	144	0.902297
129	155	0.83583
129	157	0.970995
129	164	0.853851
129	165	0.884613
129	167	0.894833
129	168	0.828641
129	169	0.88886
129	171	0.849564
129	173	0.906095
129	174	0.843326
129	175	0.758341
129	176	0.887379
129	177	0.852069
129	178	0.831188
129	179	0.792236
129	180	0.829898
130	13	1.47308
130	39	1.31823
130	50	1.21322
130	66	0.7517
130	79	1.12342
130	85	0.75718
130	91	1.06591
130	95	1.0349
130	119	0.748363
130	125	1.08675
130	127	0.764305
130	138	1.005
130	140	1.07221
130	144	0.993273
130	147	0.744197
130	151	1.07299
130	160	0.976345
130	163	0.998314
130	166	0.993981
130	167	0.98581
130	168	0.919617
130	169	0.979837
130	171	0.940541
130	172	0.966572
130	173	0.997072
130	174	0.934303
130	176	0.978355
130	177	0.943045
130	178	0.922164
130	179	0.883213
130	180	0.920874
131	40	1.68941
131	46	1.81031
131	56	1.49856
131	71	1.55052
131	77	0.89863
131	87	1.32063
131	88	1.73056
131	113	0.964507
131	117	0.833591
131	122	0.9012
131	136	0.874216
131	137	0.906937
131	143	0.915761
131	144	0.885688
131	157	0.954387
131	159	0.832724
131	160	0.86876
131	163	0.890729
131	164	0.837242
131	165	0.868004
131	168	0.812032
131	169	0.872252
131	171	0.832956
131	172	0.858987
131	173	0.889486
131	174	0.826718
131	175	0.741732
131	176	0.87077
131	177	0.83546
131	178	0.814579
131	179	0.775628
131	180	0.813289
132	5	1.36584
132	30	1.47557
132	48	0.995211
132	74	0.844052
132	77	0.982857
132	95	1.01154
132	107	1.285
132	110	1.0551
132	118	1.20052
132	124	0.927134
132	135	0.968367
132	137	0.991165
132	141	0.949986
132	151	1.04963
132	155	0.903448
132	158	0.789317
132	159	0.916951
132	161	0.942615
132	162	0.860939
132	163	0.974956
132	165	0.952232
132	171	0.917183
132	172	0.943214
132	173	0.973714
132	174	0.910945
132	175	0.82596
132	176	0.954997
132	177	0.919687
132	178	0.898806
132	179	0.859855
132	180	0.897516
133	9	0.953174
133	69	1.01341
133	73	1.00713
133	76	0.993562
133	82	1.12911
133	83	1.03869
133	90	3.00862
133	107	1.02654
133	109	1.00511
133	111	0.603792
133	114	1.05054
133	118	1.08069
133	119	1.07195
133	120	1.07224
133	121	1.02227
133	123	0.985493
133	124	1.05978
133	126	1.04043
133	135	0.980457
133	137	1.02745
133	142	0.873219
133	150	0.948717
133	151	0.791398
133	152	1.07014
133	153	0.994335
133	154	1.05411
133	156	0.959194
133	163	1.05369
133	164	0.933559
133	167	1.02746
133	170	1.51641
133	172	1.4154
134	2	0.925415
134	4	1.01577
134	22	1.14305
134	23	1.24021
134	25	1.00558
134	30	0.956363
134	32	1.09511
134	37	0.925559
134	39	1.47427
134	40	1.09099
134	45	0.925179
134	50	1.0453
134	52	0.995089
134	60	1.00122
134	62	0.999147
134	72	1.06845
134	78	1.00723
134	82	0.926002
134	101	0.918127
134	106	0.973329
134	118	1.12606
134	119	0.904396
134	147	0.90023
134	154	1.00476
134	158	1.01407
134	162	0.82368
134	172	0.905954
134	173	0.936454
134	174	0.873686
134	176	0.917738
134	177	0.882428
134	178	0.861547
134	179	0.822595
134	180	0.860257
135	6	1.01429
135	11	1.31498
135	24	1.38162
135	25	0.972939
135	30	1.42695
135	39	1.50011
135	50	1.01266
135	60	0.968585
135	61	1.05631
135	67	0.940301
135	69	0.931421
135	78	0.97459
135	89	0.888489
135	104	0.945563
135	106	0.999171
135	107	0.944548
135	114	0.968555
135	118	0.998703
135	119	0.989964
135	120	0.990246
135	124	0.977792
135	132	0.968367
135	133	0.980457
135	147	0.926073
135	150	0.866728
135	162	0.79104
135	165	0.882333
135	172	0.873315
135	175	0.756061
135	176	0.885098
135	178	0.828907
135	179	0.789956
135	180	0.827617
136	9	1.84874
136	19	1.49575
136	63	1.50455
136	70	1.55662
136	100	0.878369
136	131	0.874216
136	139	0.988792
136	140	0.969031
136	143	0.920166
136	145	0.948131
136	148	0.871191
136	154	0.950562
136	158	1.09149
136	159	0.837129
136	160	0.873165
136	161	0.862793
136	163	0.895134
136	165	0.872409
136	166	0.890801
136	167	0.88263
136	168	0.816437
136	169	0.876657
136	171	0.83736
136	172	0.863392
136	174	0.831123
136	175	0.746137
136	176	0.875175
136	177	0.839865
136	178	0.818984
136	179	0.780032
136	180	0.817694
137	22	0.763611
137	70	1.35707
137	78	1.31952
137	83	1.25323
137	92	1.62903
137	95	0.964437
137	112	1.25641
137	123	0.926302
137	125	1.0163
137	131	0.906937
137	132	0.991165
137	133	1.02745
137	138	0.934542
137	140	1.00175
137	145	0.980852
