1	2	0.749203
1	31	0.822208
1	61	0.790196
1	81	0.79491
1	84	0.787915
1	86	0.794623
1	110	0.82063
1	121	0.8096
1	127	1.46717
1	171	1.77633
1	179	0.832507
1	180	1.89427
2	1	0.749203
2	76	0.808382
2	81	0.819164
2	99	0.782091
2	105	0.812059
2	109	0.776895
2	147	1.64012
2	151	0.818297
2	155	0.779086
2	157	1.69232
2	160	1.81164
2	179	0.856761
3	35	1.14558
3	91	1.00936
3	93	1.19
3	116	1.00521
3	135	0.960674
3	159	0.960343
3	160	0.88921
3	174	0.899084
3	175	0.834767
3	176	0.903377
3	177	0.855894
3	180	0.89634
4	49	1.33587
4	52	0.89667
4	62	0.847077
4	63	0.952387
4	65	0.861802
4	69	0.916348
4	85	0.906957
4	98	0.931664
4	133	1.11953
4	143	1.15401
4	173	1.63344
4	176	0.887079
5	10	0.758909
5	51	1.31748
5	111	1.13408
5	132	1.11851
5	160	0.901612
5	164	0.942678
5	173	0.898836
5	174	0.911486
5	175	0.847169
5	177	0.868296
5	178	0.919291
5	180	0.908742
6	20	0.740763
6	73	0.821966
6	77	0.803413
6	79	0.799871
6	80	0.798072
6	88	0.804398
6	130	1.4336
6	139	1.81539
6	151	0.802653
6	162	0.791752
6	176	1.88042
6	179	0.841118
7	122	1.52002
7	128	0.78954
7	137	0.79381
7	140	0.780415
7	142	0.820345
7	144	1.78395
7	149	0.810061
7	152	0.788096
7	153	0.779014
7	154	0.804258
7	156	1.81976
7	179	0.832129
8	114	1.12142
8	140	1.2288
8	149	0.89347
8	152	1.09946
8	163	0.912593
8	166	0.91568
8	170	0.881203
8	172	0.918715
8	174	0.901793
8	177	0.858603
8	178	0.909597
8	180	0.899049
9	52	0.892413
9	53	0.89973
9	63	0.94813
9	65	0.857545
9	69	0.91209
9	98	0.927407
9	101	1.81497
9	139	0.880653
9	167	1.27151
9	172	1.23529
9	176	0.882821
9	179	0.694529
10	5	0.758909
10	57	1.0221
10	82	1.03962
10	97	0.99724
10	100	1.0678
10	117	1.02763
10	155	1.01247
10	160	1.05843
10	167	1.1063
10	168	1.03373
10	173	1.22492
10	180	1.10606
11	76	0.890005
11	84	0.893791
11	86	0.9005
11	105	0.893682
11	109	0.858517
11	110	0.926507
11	118	1.29567
11	151	0.89992
11	166	1.34449
11	169	1.25664
11	176	1.36368
11	179	0.938384
12	58	0.879685
12	67	0.923378
12	108	0.883929
12	111	0.922364
12	112	0.927302
12	126	0.896508
12	138	1.13493
12	157	1.10962
12	162	0.888847
12	168	0.88179
12	174	1.24153
12	175	1.78686
13	89	0.903979
13	92	0.885664
13	96	0.863874
13	104	0.897765
13	113	0.923855
13	114	0.923586
13	116	0.911222
13	161	1.039
13	168	0.89219
13	172	1.22561
13	174	1.22655
13	175	1.77187
14	89	0.801861
14	90	0.809238
14	92	0.783545
14	104	0.795646
14	113	0.821737
14	114	0.821468
14	116	0.809103
14	119	1.7356
14	155	0.768818
14	168	0.790072
14	173	1.79663
14	176	1.60995
15	81	0.795899
15	105	0.788794
15	107	0.787805
15	112	0.822586
15	126	0.791791
15	149	0.811427
15	152	0.789463
15	153	0.780381
15	160	1.72319
15	172	1.73484
15	178	1.6835
15	179	0.833496
16	39	1.39794
16	94	0.845123
16	104	1.6014
16	151	1.47485
16	157	0.826013
16	164	0.830722
16	171	0.814926
16	173	0.786879
16	175	0.735212
16	177	0.756339
16	178	0.807334
16	180	0.796785
17	38	0.832324
17	41	0.834665
17	57	0.781966
17	60	0.803637
17	82	0.799481
17	97	0.757104
17	100	0.827664
17	155	0.772335
17	167	1.70436
17	168	0.793589
17	170	1.85074
17	171	1.58618
18	60	0.893727
18	97	0.847194
18	123	0.895904
18	126	0.898397
18	130	1.10304
18	142	0.928317
18	144	1.41388
18	154	0.91223
18	159	1.28627
18	164	1.44462
18	168	0.883679
18	179	0.940101
19	87	0.891334
19	107	0.887409
19	108	0.878817
19	111	0.917252
19	112	0.92219
19	118	1.28637
19	123	0.888903
19	126	0.891395
19	136	0.926886
19	147	1.20305
19	176	1.35438
19	180	1.42221
20	6	0.740763
20	22	0.808585
20	68	1.67933
20	73	0.820559
20	77	0.802007
20	80	0.796666
20	88	0.802992
20	151	0.801247
20	162	0.790346
20	166	1.70461
20	174	1.75659
20	179	0.839711
21	116	2.36409
21	139	0.724948
21	147	0.762449
21	149	2.20835
21	163	0.733623
21	164	0.754015
21	170	0.702233
21	172	0.739745
21	174	0.722823
21	175	0.658505
21	177	0.679632
21	180	0.720078
22	20	0.808585
22	73	0.889787
22	77	0.871235
22	79	0.867692
22	80	0.865894
22	88	0.87222
22	135	1.35093
22	136	1.30472
22	138	0.862931
22	162	0.859574
22	164	1.44505
22	176	1.55029
22	179	0.908939
23	30	0.884713
23	39	0.878993
23	43	0.884718
23	44	0.950798
23	47	0.759545
23	48	0.846306
23	70	0.879683
23	78	0.855329
23	106	1.63298
23	123	0.862915
23	143	1.19335
23	156	1.38594
23	165	1.42456
24	88	1.33808
24	120	1.19188
24	148	0.893067
24	151	1.22743
24	159	0.922568
24	169	0.897891
24	171	0.876706
24	175	0.796992
24	176	0.865603
24	177	0.818119
24	178	0.869114
24	179	0.993822
24	180	0.858565
25	51	0.764789
25	58	0.755978
25	67	0.799671
25	87	0.772739
25	107	0.768814
25	108	0.760222
25	111	0.798657
25	112	0.803595
25	126	0.772801
25	130	1.63904
25	136	0.808291
25	145	1.87506
25	150	2.01721
26	29	0.888109
26	32	1.63555
26	64	0.845217
26	76	0.871023
26	84	0.874809
26	99	0.844732
26	105	0.8747
26	109	0.839535
26	129	1.2567
26	155	0.841726
26	158	1.47133
26	164	1.30476
26	179	0.919402
27	30	0.873972
27	48	0.835564
27	78	0.844587
27	110	0.884493
27	121	0.873464
27	132	0.878697
27	134	1.34812
27	153	0.843256
27	154	0.868499
27	156	1.44171
27	159	1.27829
27	172	1.57372
27	179	0.896371
28	48	1.63709
28	52	1.60754
28	62	0.743599
28	128	1.61251
28	135	0.840897
28	159	0.840566
28	171	0.794704
28	172	0.796229
28	173	0.766656
28	175	0.71499
28	177	0.736117
28	178	0.787111
28	180	0.776563
29	26	0.888109
29	40	0.789575
29	84	0.864179
29	99	0.834102
29	110	0.896895
29	121	0.885865
29	123	0.864575
29	151	0.870308
29	159	1.21048
29	162	1.43668
29	176	1.47407
29	179	0.908772
29	180	1.54189
30	23	0.884713
30	27	0.873972
30	36	0.884339
30	43	0.895273
30	45	0.864161
30	47	0.7701
30	70	0.890237
30	78	0.865883
30	123	0.873469
30	133	1.20153
30	141	1.34309
30	167	1.59683
30	178	1.50927
31	1	0.822208
31	40	0.810569
31	99	0.855096
31	105	0.885064
31	109	0.849899
31	121	0.906859
31	125	1.26536
31	146	1.50359
31	150	1.45967
31	151	0.891301
31	155	0.85209
31	164	1.42308
31	179	0.929766
32	26	1.63555
32	50	1.77502
32	69	1.5477
32	77	0.784621
32	79	0.781079
32	88	0.785606
32	93	0.765714
32	113	0.797569
32	116	0.784935
32	134	0.791342
32	178	0.751707
32	179	0.822326
32	180	0.741158
33	54	0.950858
33	63	0.89669
33	65	0.806105
33	69	0.860651
33	85	0.85126
33	98	0.875967
33	136	0.899298
33	139	0.829213
33	146	1.48366
33	147	1.35706
33	161	1.35363
33	171	1.45828
33	176	0.831382
34	64	0.838261
34	124	0.876971
34	128	0.869857
34	137	0.874126
34	138	0.866437
34	140	0.860732
34	145	1.30942
34	148	1.45172
34	152	0.868412
34	153	0.85933
34	154	0.884574
34	169	1.41318
34	171	1.47011
35	3	1.14558
35	95	0.876612
35	103	0.804652
35	132	0.887423
35	137	0.866778
35	141	1.37053
35	142	0.893313
35	149	0.883028
35	152	0.861064
35	153	0.851982
35	154	0.877226
35	161	1.40145
35	180	1.62404
36	30	0.884339
36	42	0.875865
36	43	0.884344
36	44	0.950423
36	45	0.853232
36	47	0.759171
36	70	0.879308
36	78	0.854954
36	123	0.86254
36	133	1.20715
36	150	1.46573
36	162	1.49699
36	171	1.48427
37	50	1.31495
37	142	1.12437
37	154	1.05998
37	160	0.864334
37	163	0.885008
37	168	1.24076
37	169	0.91079
37	170	0.853618
37	171	0.889605
37	175	0.809891
37	177	0.831018
37	178	0.882012
37	180	0.871463
38	17	0.832324
38	41	0.907032
38	57	0.854333
38	82	0.871848
38	83	0.893903
38	97	0.829471
38	100	0.900031
38	125	1.24457
38	155	0.844703
38	158	1.56887
38	165	1.44599
38	168	0.865957
38	169	1.40049
39	16	1.39794
39	23	0.878993
39	42	0.881074
39	44	0.955632
39	45	0.858441
39	47	0.76438
39	48	0.85114
39	70	0.884517
39	78	0.860163
39	123	0.867749
39	163	1.36802
39	164	1.33214
39	176	1.43738
40	29	0.789575
40	31	0.810569
40	61	0.778558
40	64	0.746684
40	76	0.77249
40	84	0.776276
40	86	0.782984
40	99	0.746199
40	105	0.776167
40	174	1.68768
40	175	2.23301
40	178	1.6354
40	179	0.820869
41	17	0.834665
41	38	0.907032
41	57	0.856674
41	60	0.878345
41	82	0.874189
41	94	1.38481
41	97	0.831812
41	100	0.902372
41	136	1.25138
41	139	1.43192
41	155	0.847044
41	168	0.868298
41	180	1.56477
42	36	0.875865
42	39	0.881074
42	43	0.886799
42	44	0.952878
42	45	0.855687
42	47	0.761626
42	48	0.848386
42	70	0.881763
42	78	0.857409
42	131	1.44578
42	136	1.30635
42	164	1.44669
42	169	1.44488
43	23	0.884718
43	30	0.895273
43	36	0.884344
43	42	0.886799
43	45	0.864166
43	47	0.770105
43	48	0.856865
43	70	0.890242
43	78	0.865888
43	148	1.27645
43	171	1.29484
43	174	1.37774
43	177	1.70949
44	23	0.950798
44	36	0.950423
44	39	0.955632
44	42	0.952878
44	47	0.836184
44	48	0.922945
44	70	0.956322
44	78	0.931967
44	123	0.939553
44	133	0.972926
44	171	1.25005
44	172	1.332
44	174	1.33294
44	178	1.28066
45	30	0.864161
45	36	0.853232
45	39	0.858441
45	42	0.855687
45	43	0.864166
45	47	0.738993
45	48	0.825754
45	70	0.859131
45	78	0.834776
45	123	0.842362
45	147	1.38509
45	162	1.49903
45	164	1.43118
45	170	1.75086
46	85	1.39234
46	121	1.23531
46	134	0.878816
46	140	1.30621
46	148	0.863135
46	151	1.22508
46	157	0.857861
46	161	0.881688
46	169	0.867959
46	172	0.848299
46	173	0.818726
46	175	0.76706
46	177	0.788187
46	180	0.828633
47	23	0.759545
47	30	0.7701
47	36	0.759171
47	39	0.76438
47	42	0.761626
47	43	0.770105
47	44	0.836184
47	45	0.738993
47	48	0.731692
47	70	0.765069
47	78	0.740715
47	133	1.8163
47	134	1.94977
47	160	2.16373
48	23	0.846306
48	27	0.835564
48	28	1.63709
48	39	0.85114
48	42	0.848386
48	43	0.856865
48	44	0.922945
48	45	0.825754
48	47	0.731692
48	70	0.85183
48	78	0.827476
48	143	1.23435
48	172	1.55894
48	178	1.5076
49	4	1.33587
49	91	1.3091
49	102	1.43447
49	145	0.87532
49	154	1.18361
49	156	0.867706
49	157	0.858275
49	167	0.842695
49	169	0.868373
49	173	0.81914
49	174	0.831791
49	175	0.767474
49	178	0.839596
49	180	0.829047
50	32	1.77502
50	37	1.31495
50	120	0.80817
50	132	0.85842
50	137	0.837775
50	140	0.824381
50	149	0.854026
50	151	0.83763
50	152	0.832061
50	153	0.822979
50	154	0.848223
50	157	1.45034
50	159	1.28587
50	179	0.876094
51	5	1.31748
51	25	0.764789
51	58	0.831822
51	67	0.875514
51	87	0.848582
51	107	0.844658
51	108	0.836065
51	112	0.879439
51	126	0.848644
51	130	1.14999
51	162	0.840984
51	168	0.833927
51	170	1.81125
51	180	1.66463
52	4	0.89667
52	9	0.892413
52	28	1.60754
52	53	0.818306
52	54	0.920873
52	65	0.776121
52	69	0.830667
52	85	0.821276
52	98	0.845983
52	118	1.42954
52	139	0.799229
52	150	1.4289
52	166	1.47836
52	176	0.801397
53	9	0.89973
53	52	0.818306
53	54	0.928191
53	62	0.768713
53	63	0.874023
53	65	0.783438
53	69	0.837984
53	85	0.828593
53	98	0.8533
53	134	1.48247
53	143	1.38348
53	161	1.52147
53	166	1.65704
53	176	0.808715
54	33	0.950858
54	52	0.920873
54	53	0.928191
54	63	0.97659
54	65	0.886006
54	69	0.940551
54	85	0.93116
54	98	0.955868
54	143	0.943114
54	156	1.1357
54	170	1.45031
54	173	1.42254
54	176	0.911282
54	178	1.21637
55	89	0.847748
55	92	0.829433
55	93	0.83577
55	96	0.807642
55	104	0.841534
55	113	0.867624
55	114	0.867355
55	116	0.854991
55	145	1.34013
55	155	0.814705
55	159	1.28734
55	162	1.51355
55	168	0.835959
55	177	1.91546
56	66	0.850805
56	125	1.31975
56	128	0.835381
56	137	0.839651
56	140	0.826256
56	149	0.855902
56	152	0.833937
56	153	0.824855
56	154	0.850099
56	158	1.64404
56	162	1.54532
56	176	0.80384
56	178	1.56321
56	179	0.87797
57	10	1.0221
57	17	0.781966
57	38	0.854333
57	41	0.856674
57	60	0.825646
57	82	0.82149
57	97	0.779113
57	100	0.849673
57	155	0.794345
57	162	1.43981
57	163	1.40784
57	168	0.815599
57	169	1.37015
57	177	1.84173
58	12	0.879685
58	25	0.755978
58	51	0.831822
58	67	0.866704
58	107	0.835847
58	111	0.86569
58	112	0.870628
58	125	1.41149
58	126	0.839834
58	145	1.46365
58	162	0.832173
58	163	1.60509
58	168	0.825117
58	169	1.5674
59	76	1.17595
59	85	1.14457
59	90	1.04574
59	112	0.978341
59	164	0.96592
59	166	0.948615
59	167	0.945631
59	170	0.914138
59	173	0.922077
59	174	0.934728
59	177	0.891537
59	178	0.942532
59	179	0.743706
59	180	0.931983
60	17	0.803637
60	18	0.893727
60	41	0.878345
60	57	0.825646
60	82	0.843161
60	97	0.800784
60	100	0.871344
60	117	0.831171
60	118	1.59547
60	125	1.40053
60	143	1.37074
60	155	0.816015
60	168	0.837269
60	174	1.69627
61	1	0.790196
61	40	0.778558
61	81	0.860158
61	99	0.823084
61	105	0.853052
61	109	0.817888
61	110	0.885877
61	121	0.874847
61	122	1.25844
61	136	1.41278
61	144	1.52237
61	155	0.820079
61	173	1.84503
61	179	0.897754
62	4	0.847077
62	28	0.743599
62	53	0.768713
62	70	1.6092
62	95	1.75342
62	104	0.775087
62	114	0.800908
62	116	0.788544
62	152	1.88906
62	170	0.726921
62	174	0.747511
62	176	0.751804
62	177	0.704321
62	180	0.744767
63	4	0.952387
63	9	0.94813
63	33	0.89669
63	53	0.874023
63	54	0.97659
63	65	0.831838
63	69	0.886383
63	85	0.876992
63	98	0.9017
63	118	1.33541
63	131	1.29728
63	135	1.20407
63	164	1.29819
63	174	1.43621
63	176	0.857114
64	26	0.845217
64	34	0.838261
64	40	0.746684
64	75	1.44899
64	82	0.81535
64	97	0.772973
64	99	0.791211
64	100	0.843533
64	121	0.842974
64	139	1.67612
64	148	1.67264
64	149	0.843812
64	152	0.821847
64	154	0.838009
64	164	1.63591
65	4	0.861802
65	9	0.857545
65	33	0.806105
65	52	0.776121
65	53	0.783438
65	54	0.886006
65	63	0.831838
65	68	1.62488
65	85	0.786408
65	98	0.811115
65	119	1.795
65	136	0.834445
65	159	1.40576
65	171	1.61924
65	176	0.766529
66	56	0.850805
66	102	0.868347
66	124	0.877426
66	135	1.23546
66	137	0.874581
66	140	0.861186
66	142	0.901116
66	152	0.868867
66	153	0.859785
66	154	0.885029
66	162	1.39743
66	172	1.46666
66	174	1.4676
66	176	0.83877
66	178	1.41532
66	179	0.9129
67	12	0.923378
67	25	0.799671
67	51	0.875514
67	58	0.866704
67	107	0.87954
67	108	0.870947
67	111	0.909383
67	126	0.883526
67	127	1.07541
67	139	0.848933
67	157	1.33556
67	162	0.875866
67	168	0.868809
67	173	1.62136
67	176	1.43468
67	180	1.50251
68	20	1.67933
68	65	1.62488
68	108	1.44429
68	119	0.791208
68	161	0.845257
68	166	0.808833
68	167	0.80585
68	168	1.4308
68	171	0.810343
68	172	0.811868
68	173	0.782295
68	174	0.794946
68	176	0.799239
68	177	0.751756
68	178	0.802751
68	180	0.792202
69	4	0.916348
69	9	0.91209
69	32	1.5477
69	33	0.860651
69	52	0.830667
69	53	0.837984
69	54	0.940551
69	63	0.886383
69	85	0.840953
69	98	0.865661
69	136	0.888991
69	158	1.38348
69	162	1.28476
69	174	1.35493
69	176	0.821075
69	178	1.30265
70	23	0.879683
70	30	0.890237
70	36	0.879308
70	39	0.884517
70	42	0.881763
70	43	0.890242
70	44	0.956322
70	45	0.859131
70	47	0.765069
70	48	0.85183
70	62	1.6092
70	78	0.860853
70	138	1.1124
70	158	1.24755
70	171	1.1361
70	175	1.76433
71	89	0.879105
71	90	0.886482
71	92	0.860789
71	93	0.867127
71	96	0.838999
71	104	0.87289
71	113	0.898981
71	114	0.898712
71	115	1.26918
71	116	0.886347
71	135	1.25909
71	155	0.846062
71	162	1.42107
71	168	0.867316
71	169	1.3514
71	170	1.67289
72	98	1.99612
72	115	0.788738
72	145	0.769248
72	146	0.747128
72	149	2.02422
72	165	0.750678
72	166	0.739606
72	169	0.762301
72	170	0.705129
72	171	0.741115
72	172	0.742641
72	173	0.713068
72	177	0.682528
72	178	0.733523
72	179	2.04481
72	180	0.722974
73	6	0.821966
73	20	0.820559
73	22	0.889787
73	77	0.883209
73	79	0.879667
73	80	0.877868
73	88	0.884194
73	125	1.17124
73	138	0.874905
73	151	0.882449
73	157	1.33508
73	162	0.871548
73	167	1.50227
73	174	1.46699
73	179	0.920914
73	180	1.50203
74	99	0.761342
74	105	0.79131
74	107	0.790321
74	108	0.781728
74	110	0.824135
74	111	0.820164
74	121	0.813105
74	126	0.794307
74	144	1.40403
74	149	0.813943
74	152	0.791979
74	153	0.782897
74	164	1.43477
74	175	2.11812
74	177	1.90454
74	179	0.836012
75	64	1.44899
75	104	1.34869
75	110	1.04185
75	114	1.1959
75	145	0.872625
75	147	0.868722
75	155	1.31519
75	158	0.840292
75	159	0.890355
75	161	0.879407
75	164	0.860288
75	169	0.865678
75	171	0.844493
75	174	0.829096
75	177	0.785906
75	178	0.836901
75	180	0.826352
76	2	0.808382
76	11	0.890005
76	26	0.871023
76	40	0.77249
76	59	1.17595
76	81	0.854089
76	86	0.853802
76	105	0.846984
76	109	0.811819
76	110	0.879809
76	115	1.52365
76	121	0.868779
76	122	1.31301
76	151	0.853222
76	157	1.6138
76	164	1.60768
76	179	0.891686
77	6	0.803413
77	20	0.802007
77	22	0.871235
77	32	0.784621
77	73	0.883209
77	79	0.861114
77	80	0.859316
77	88	0.865642
77	118	1.50061
77	130	1.12181
77	138	0.856353
77	146	1.5439
77	151	0.863897
77	162	0.852996
77	172	1.60047
77	174	1.60141
77	179	0.902361
78	23	0.855329
78	27	0.844587
78	30	0.865883
78	36	0.854954
78	39	0.860163
78	42	0.857409
78	43	0.865888
78	44	0.931967
78	45	0.834776
78	47	0.740715
78	48	0.827476
78	70	0.860853
78	94	1.44534
78	148	1.48897
78	157	1.45835
78	162	1.52009
78	169	1.45043
79	6	0.799871
79	22	0.867692
79	32	0.781079
79	73	0.879667
79	77	0.861114
79	80	0.855773
79	83	1.36019
79	88	0.862099
79	115	1.47514
79	117	0.836299
79	130	1.21759
79	138	0.852811
79	151	0.860354
79	157	1.56529
79	162	0.849453
79	167	1.73247
79	179	0.898819
80	6	0.798072
80	20	0.796666
80	22	0.865894
80	73	0.877868
80	77	0.859316
80	79	0.855773
80	88	0.860301
80	117	0.8345
80	136	1.24009
80	138	0.851012
80	144	1.34968
80	147	1.33433
80	151	0.858556
80	157	1.38654
80	162	0.847655
80	175	2.06377
80	179	0.89702
81	1	0.79491
81	2	0.819164
81	15	0.795899
81	61	0.860158
81	76	0.854089
81	84	0.857876
81	86	0.864584
81	109	0.822602
81	110	0.890591
81	121	0.879561
81	123	0.858271
81	141	1.23947
81	156	1.32498
81	170	1.63959
81	171	1.37503
81	177	1.78968
81	179	0.902468
82	10	1.03962
82	17	0.799481
82	38	0.871848
82	41	0.874189
82	57	0.82149
82	60	0.843161
82	64	0.81535
82	97	0.796628
82	100	0.867188
82	117	0.827016
82	147	1.41159
82	150	1.49427
82	155	0.811859
82	158	1.62426
82	159	1.29933
82	166	1.54373
82	168	0.833113
83	38	0.893903
83	79	1.36019
83	87	1.29128
83	90	1.27849
83	97	0.818683
83	100	0.889243
83	105	1.3494
83	123	1.08275
83	142	0.899807
83	152	0.867557
83	153	0.858475
83	154	0.883719
83	168	0.855169
83	175	0.76885
83	177	0.789977
83	178	0.840972
83	180	0.830423
84	1	0.787915
84	11	0.893791
84	26	0.874809
84	29	0.864179
84	40	0.776276
84	81	0.857876
84	86	0.857588
84	99	0.820803
84	109	0.815606
84	110	0.883595
84	121	0.872566
84	147	1.30298
84	170	1.66875
84	176	1.4543
84	178	1.43481
84	179	0.895473
84	180	1.52213
85	4	0.906957
85	33	0.85126
85	46	1.39234
85	52	0.821276
85	53	0.828593
85	54	0.93116
85	59	1.14457
85	63	0.876992
85	65	0.786408
85	69	0.840953
85	98	0.85627
85	136	0.8796
85	139	0.809516
85	147	1.53022
85	159	1.41796
85	176	0.811684
85	178	1.66205
86	1	0.794623
86	11	0.9005
86	40	0.782984
86	76	0.853802
86	81	0.864584
86	84	0.857588
86	99	0.827511
86	109	0.822314
86	110	0.890304
86	115	1.47381
86	121	0.879274
86	130	1.21626
86	136	1.4175
86	139	1.59805
86	155	0.824505
86	178	1.64358
86	179	0.902181
87	19	0.891334
87	25	0.772739
87	51	0.848582
87	83	1.29128
87	107	0.852608
87	108	0.844016
87	111	0.882451
87	112	0.887389
87	123	0.854101
87	126	0.856594
87	133	1.26827
87	139	0.822001
87	145	1.3847
87	162	0.848934
87	164	1.49026
87	168	0.841877
87	170	1.80994
88	6	0.804398
88	20	0.802992
88	22	0.87222
88	24	1.33808
88	32	0.785606
88	73	0.884194
88	77	0.865642
88	79	0.862099
88	80	0.860301
88	117	0.840826
88	118	1.55693
88	125	1.36198
88	141	1.43926
88	151	0.864882
88	162	0.853981
88	165	1.5634
88	179	0.903346
89	13	0.903979
89	14	0.801861
89	55	0.847748
89	71	0.879105
89	90	0.858177
89	96	0.810694
89	104	0.844585
89	113	0.870676
89	114	0.870406
89	116	0.858042
89	129	1.13261
89	155	0.817757
89	168	0.839011
89	173	1.47259
89	175	1.86402
89	177	1.65044
89	178	1.26641
90	14	0.809238
90	59	1.04574
90	71	0.886482
90	83	1.27849
90	89	0.858177
90	92	0.839862
90	93	0.846199
90	96	0.818071
90	104	0.851963
90	106	1.72959
90	113	0.878053
90	114	0.877784
90	116	0.86542
90	146	1.55799
90	155	0.825134
90	163	1.51335
90	168	0.846388
91	3	1.00936
91	49	1.3091
91	120	0.867157
91	124	0.899608
91	128	0.892493
91	132	0.917408
91	138	0.889074
91	140	0.883368
91	142	0.923298
91	145	1.20919
91	149	0.913013
91	152	0.891049
91	153	0.881967
91	154	0.907211
91	161	1.26523
91	166	1.4008
91	172	1.45183
91	179	0.935082
92	13	0.885664
92	14	0.783545
92	55	0.829433
92	71	0.860789
92	90	0.839862
92	93	0.820506
92	96	0.792379
92	104	0.82627
92	113	0.85236
92	114	0.852091
92	116	0.839727
92	129	1.51867
92	138	1.59815
92	143	1.37922
92	155	0.799441
92	163	1.60261
92	168	0.820695
92	176	1.67197
93	3	1.19
93	32	0.765714
93	55	0.83577
93	71	0.867127
93	90	0.846199
93	92	0.820506
93	96	0.798716
93	104	0.832607
93	113	0.858698
93	114	0.858428
93	116	0.846064
93	118	0.839213
93	122	1.20072
93	155	0.805778
93	157	1.50151
93	168	0.827032
93	175	2.17875
93	178	1.58114
94	16	0.845123
94	41	1.38481
94	78	1.44534
94	131	0.87341
94	140	1.48329
94	153	1.3929
94	163	0.839613
94	164	0.860004
94	165	0.853772
94	166	0.842699
94	170	0.808222
94	172	0.845734
94	173	0.816162
94	175	0.764495
94	177	0.785622
94	178	0.836617
94	179	1.16855
94	180	0.826068
95	35	0.876612
95	62	1.75342
95	102	0.867028
95	119	1.45609
95	120	0.843656
95	124	0.876106
95	132	0.893906
95	137	0.873261
95	139	1.26542
95	140	0.859866
95	142	0.899796
95	149	0.889512
95	152	0.867547
95	153	0.858465
95	154	0.883709
95	157	1.23132
95	164	1.2252
95	169	1.2234
95	179	0.91158
96	13	0.863874
96	55	0.807642
96	71	0.838999
96	89	0.810694
96	90	0.818071
96	92	0.792379
96	93	0.798716
96	104	0.80448
96	113	0.83057
96	114	0.830301
96	116	0.817937
96	118	0.811086
96	122	1.25466
96	155	0.777651
96	159	1.39098
96	160	1.67477
96	168	0.798905
96	171	1.60446
96	175	2.23268
97	10	0.99724
97	17	0.757104
97	18	0.847194
97	38	0.829471
97	41	0.831812
97	57	0.779113
97	60	0.800784
97	64	0.772973
97	82	0.796628
97	83	0.818683
97	100	0.824811
97	117	0.784638
97	130	1.34966
97	145	1.58568
97	155	0.769482
97	157	1.69736
97	163	1.72712
97	168	0.790736
97	176	1.79648
98	4	0.931664
98	9	0.927407
98	33	0.875967
98	52	0.845983
98	53	0.8533
98	54	0.955868
98	63	0.9017
98	65	0.811115
98	69	0.865661
98	72	1.99612
98	85	0.85627
98	136	0.904307
98	139	0.834223
98	144	1.09602
98	160	1.25219
98	161	1.07723
98	167	1.30006
98	170	1.44644
98	176	0.836392
99	2	0.782091
99	26	0.844732
99	29	0.834102
99	31	0.855096
99	40	0.746199
99	61	0.823084
99	64	0.791211
99	74	0.761342
99	84	0.820803
99	86	0.827511
99	105	0.820693
99	109	0.785529
99	121	0.842488
99	138	1.59912
99	161	1.51817
99	172	1.70478
99	174	1.70572
99	178	1.65344
99	179	0.865395
100	10	1.0678
100	17	0.827664
100	38	0.900031
100	41	0.902372
100	57	0.849673
100	60	0.871344
100	64	0.843533
100	82	0.867188
100	83	0.889243
100	97	0.824811
100	117	0.855198
100	155	0.840042
100	164	1.08048
100	165	1.12417
100	168	0.861296
100	170	1.40016
100	173	1.3724
100	175	1.76383
100	177	1.55025
101	9	1.81497
101	107	2.01824
101	110	1.94553
101	118	0.771166
101	131	0.781582
101	145	0.780513
101	158	0.74818
101	159	0.798243
101	161	0.787294
101	166	0.750871
101	167	0.747887
101	169	0.773566
101	171	0.75238
101	173	0.724333
101	174	0.736984
101	175	0.672666
101	177	0.693793
101	178	0.744788
101	179	1.89221
101	180	0.734239
102	49	1.43447
102	66	0.868347
102	95	0.867028
102	103	0.795068
102	124	0.860039
102	128	0.852924
102	132	0.877839
102	136	1.29979
102	140	0.843799
102	142	0.883729
102	149	0.873444
102	152	0.85148
102	153	0.842398
102	154	0.867642
102	156	1.4452
102	159	1.28177
102	165	1.48382
102	176	0.821383
102	179	0.895513
102	180	1.61318
103	35	0.804652
103	102	0.795068
103	120	0.771696
103	124	0.804146
103	128	0.797031
103	135	1.44522
103	137	0.801301
103	138	0.793612
103	140	0.787907
103	142	0.827836
103	149	0.817552
103	152	0.795587
103	153	0.786505
103	154	0.811749
103	158	1.70592
103	165	1.58304
103	173	1.83126
103	176	0.76549
103	177	2.00911
103	179	0.83962
104	13	0.897765
104	14	0.795646
104	16	1.6014
104	55	0.841534
104	62	0.775087
104	71	0.87289
104	75	1.34869
104	89	0.844585
104	90	0.851963
104	92	0.82627
104	93	0.832607
104	96	0.80448
104	113	0.864461
104	114	0.864192
104	116	0.851828
104	118	0.844977
104	127	1.28157
104	159	1.37725
104	168	0.832796
104	169	1.53379
104	180	1.70867
105	2	0.812059
105	11	0.893682
105	15	0.788794
105	26	0.8747
105	31	0.885064
105	40	0.776167
105	61	0.853052
105	74	0.79131
105	76	0.846984
105	83	1.3494
105	99	0.820693
105	109	0.815496
105	121	0.872456
105	138	1.57981
105	143	1.36088
105	151	0.856899
105	155	0.817687
105	161	1.49886
105	166	1.63443
105	169	1.54658
105	179	0.895363
106	23	1.63298
106	90	1.72959
106	108	1.63564
106	119	0.777004
106	143	0.856824
106	146	0.802151
106	150	0.790211
106	154	1.44137
106	162	0.8098
106	166	0.794629
106	167	0.791645
106	168	1.62215
106	169	0.817324
106	170	0.760152
106	171	0.796139
106	172	0.797664
106	175	0.716425
106	176	0.785035
106	177	0.737552
106	178	0.788547
106	180	0.777998
107	15	0.787805
107	19	0.887409
107	25	0.768814
107	51	0.844658
107	58	0.835847
107	67	0.87954
107	74	0.790321
107	87	0.852608
107	101	2.01824
107	108	0.840091
107	111	0.878526
107	112	0.883464
107	126	0.85267
107	134	1.21295
107	138	1.3329
107	139	0.818076
107	162	0.845009
107	168	0.837952
107	170	1.62116
107	176	1.40671
107	178	1.38722
108	12	0.883929
108	19	0.878817
108	25	0.760222
108	51	0.836065
108	67	0.870947
108	68	1.44429
108	74	0.781728
108	87	0.844016
108	106	1.63564
108	107	0.840091
108	111	0.869934
108	112	0.874872
108	123	0.841584
108	126	0.844077
108	131	1.38262
108	139	0.809484
108	162	0.836417
108	163	1.4194
108	168	0.82936
108	171	1.43865
108	172	1.52061
109	2	0.776895
109	11	0.858517
109	26	0.839535
109	31	0.849899
109	61	0.817888
109	76	0.811819
109	81	0.822602
109	84	0.815606
109	86	0.822314
109	99	0.785529
109	105	0.815496
109	110	0.848321
109	121	0.837292
109	123	0.816001
109	151	0.821734
109	160	1.573
109	161	1.39805
109	167	1.62087
109	173	1.73949
109	178	1.53331
109	179	0.860199
109	180	1.62063
110	1	0.82063
110	11	0.926507
110	27	0.884493
110	29	0.896895
110	61	0.885877
110	74	0.824135
110	75	1.04185
110	76	0.879809
110	81	0.890591
110	84	0.883595
110	86	0.890304
110	101	1.94553
110	109	0.848321
110	121	0.905281
110	123	0.883991
110	136	1.08843
110	146	1.30928
110	155	0.850512
110	165	1.27246
110	172	1.36585
110	176	1.334
110	179	0.928188
111	5	1.13408
111	12	0.922364
111	19	0.917252
111	25	0.798657
111	58	0.86569
111	67	0.909383
111	74	0.820164
111	87	0.882451
111	107	0.878526
111	108	0.869934
111	112	0.913307
111	119	1.53906
111	123	0.88002
111	126	0.882513
111	127	1.05414
111	136	0.918004
111	161	1.25865
111	162	0.874852
111	168	0.867796
111	173	1.60009
111	176	1.41341
111	180	1.48123
112	12	0.927302
112	15	0.822586
112	19	0.92219
112	25	0.803595
112	51	0.879439
112	58	0.870628
112	59	0.978341
112	87	0.887389
112	107	0.883464
112	108	0.874872
112	111	0.913307
112	126	0.887451
112	131	1.40918
112	136	0.922941
112	139	0.852857
112	143	1.22257
112	160	1.53552
112	161	1.36056
112	162	0.87979
112	163	1.44596
112	168	0.872733
112	176	1.51532
113	13	0.923855
113	14	0.821737
113	32	0.797569
113	55	0.867624
113	71	0.898981
113	89	0.870676
113	90	0.878053
113	92	0.85236
113	93	0.858698
113	96	0.83057
113	104	0.864461
113	114	0.890283
113	116	0.877918
113	118	0.871067
113	138	1.27885
113	155	0.837633
113	162	1.31528
113	166	1.33347
113	168	0.858887
113	172	1.38451
113	175	1.93078
113	176	1.35266
113	180	1.42049
114	8	1.12142
114	13	0.923586
114	14	0.821468
114	55	0.867355
114	62	0.800908
114	71	0.898712
114	75	1.1959
114	89	0.870406
114	90	0.877784
114	92	0.852091
114	93	0.858428
114	96	0.830301
114	104	0.864192
114	113	0.890283
114	116	0.877649
114	118	0.870798
114	125	1.22509
114	155	0.837363
114	168	0.858617
114	173	1.67473
114	174	1.52084
114	176	1.48805
114	180	1.55588
115	71	1.26918
115	72	0.788738
115	76	1.52365
115	79	1.47514
115	86	1.47381
115	135	0.907828
115	137	1.26752
115	142	1.16962
115	147	0.885865
115	156	0.882153
115	158	0.857435
115	160	0.836364
115	163	0.857039
115	165	0.871198
115	170	0.825648
115	171	0.861635
115	172	0.86316
115	173	0.833588
115	174	0.846238
115	175	0.781921
115	177	0.803048
115	178	0.854043
115	179	1.09141
115	180	0.843494
116	3	1.00521
116	13	0.911222
116	14	0.809103
116	21	2.36409
116	32	0.784935
116	55	0.854991
116	62	0.788544
116	71	0.886347
116	89	0.858042
116	90	0.86542
116	92	0.839727
116	93	0.846064
116	96	0.817937
116	104	0.851828
116	113	0.877918
116	114	0.877649
116	118	0.858434
116	130	0.969017
116	144	1.27986
116	155	0.824999
116	156	1.31567
116	168	0.846253
116	172	1.44768
116	177	1.78037
117	10	1.02763
117	60	0.831171
117	79	0.836299
117	80	0.8345
117	82	0.827016
117	88	0.840826
117	97	0.784638
117	100	0.855198
117	128	0.834957
117	131	1.41587
117	135	1.32265
117	141	1.33633
117	142	0.865762
117	149	0.855477
117	150	1.45336
117	153	0.824431
117	154	0.849674
117	157	1.42289
117	162	0.82818
117	168	0.821124
117	172	1.55385
117	176	0.803416
117	177	1.88654
117	179	0.877546
118	11	1.29567
118	19	1.28637
118	52	1.42954
118	60	1.59547
118	63	1.33541
118	77	1.50061
118	88	1.55693
118	93	0.839213
118	96	0.811086
118	101	0.771166
118	104	0.844977
118	113	0.871067
118	114	0.870798
118	116	0.858434
118	120	0.8279
118	133	0.90619
118	140	0.844111
118	149	0.873756
118	152	0.851791
118	153	0.842709
118	174	0.817401
118	175	0.753084
118	177	0.774211
118	178	0.825206
118	180	0.814657
119	14	1.7356
119	65	1.795
119	68	0.791208
119	95	1.45609
119	106	0.777004
119	111	1.53906
119	120	1.60439
119	129	0.834477
119	143	0.855563
119	151	1.63994
119	157	0.805965
119	159	0.84074
119	160	0.769607
119	162	0.808539
119	163	0.790281
119	166	0.793368
119	169	0.816063
119	170	0.758891
119	172	0.796403
119	173	0.76683
119	174	0.779481
119	175	0.715164
119	177	0.736291
119	178	0.787286
119	180	0.776737
120	24	1.19188
120	50	0.80817
120	91	0.867157
120	95	0.843656
120	103	0.771696
120	118	0.8279
120	119	1.60439
120	124	0.836667
120	128	0.829552
120	132	0.854467
120	137	0.833822
120	140	0.820427
120	142	0.860357
120	149	0.850072
120	151	0.833676
120	152	0.828108
120	153	0.819026
120	154	0.84427
120	162	1.44135
120	166	1.45955
120	169	1.37169
120	175	2.05685
120	176	0.798011
120	178	1.45924
120	179	0.872141
121	1	0.8096
121	27	0.873464
121	29	0.885865
121	31	0.906859
121	46	1.23531
121	61	0.874847
121	64	0.842974
121	74	0.813105
121	76	0.868779
121	81	0.879561
121	84	0.872566
121	86	0.879274
121	99	0.842488
121	105	0.872456
121	109	0.837292
121	110	0.905281
121	135	1.32517
121	136	1.27895
121	138	1.45071
121	146	1.4998
121	151	0.878694
121	155	0.839483
121	159	1.26094
121	174	1.55731
121	179	0.917158
121	180	1.59235
122	7	1.52002
122	61	1.25844
122	76	1.31301
122	93	1.20072
122	96	1.25466
122	125	0.919279
122	126	1.22248
122	130	0.939895
122	140	1.19552
122	144	0.894557
122	147	0.894057
122	151	1.11438
122	156	0.890346
122	158	0.865627
122	163	0.865231
122	165	0.87939
122	167	0.865334
122	170	0.833841
122	171	0.869827
122	172	0.871353
122	173	0.84178
122	174	0.854431
122	175	0.790113
122	177	0.81124
122	178	0.862235
122	180	0.851686
123	18	0.895904
123	19	0.888903
123	23	0.862915
123	29	0.864575
123	30	0.873469
123	36	0.86254
123	39	0.867749
123	44	0.939553
123	45	0.842362
123	81	0.858271
123	83	1.08275
123	87	0.854101
123	108	0.841584
123	109	0.816001
123	110	0.883991
123	111	0.88002
123	126	0.854163
123	138	1.31316
123	155	0.818192
123	167	1.45504
123	169	1.27993
123	173	1.57365
123	176	1.38697
123	177	1.75151
123	178	1.36748
123	179	0.895868
124	34	0.876971
124	66	0.877426
124	91	0.899608
124	95	0.876106
124	102	0.860039
124	103	0.804146
124	120	0.836667
124	128	0.862002
124	129	1.31561
124	132	0.886917
124	137	0.866272
124	140	0.852878
124	141	1.28323
124	142	0.892808
124	149	0.882523
124	152	0.860558
124	153	0.851476
124	154	0.87672
124	160	1.4891
124	161	1.31415
124	162	1.43152
124	172	1.50075
124	176	0.830462
124	178	1.44941
124	179	0.904591
124	180	1.53673
125	31	1.26536
125	38	1.24457
125	56	1.31975
125	58	1.41149
125	60	1.40053
125	73	1.17124
125	88	1.36198
125	114	1.22509
125	122	0.919279
125	133	0.936856
125	135	0.909657
125	146	0.869477
125	147	0.887694
125	161	0.898378
125	163	0.858868
125	165	0.873027
125	167	0.858971
125	169	0.884649
125	171	0.863464
125	172	0.864989
125	173	0.835417
125	174	0.848067
125	175	0.78375
125	177	0.804877
125	178	0.855872
125	180	0.845323
126	12	0.896508
126	15	0.791791
126	18	0.898397
126	19	0.891395
126	25	0.772801
126	51	0.848644
126	58	0.839834
126	67	0.883526
126	74	0.794307
126	87	0.856594
126	107	0.85267
126	108	0.844077
126	111	0.882513
126	112	0.887451
126	122	1.22248
126	123	0.854163
126	127	1.26312
126	133	1.29516
126	136	0.892147
126	139	0.822063
126	148	1.55389
126	150	1.55375
126	162	0.848995
126	163	1.55303
126	165	1.56085
126	168	0.841939
126	171	1.57228
127	1	1.46717
127	67	1.07541
127	104	1.28157
127	111	1.05414
127	126	1.26312
127	128	1.14325
127	133	0.969466
127	141	0.930938
127	143	0.956759
127	144	0.920803
127	147	0.920303
127	149	0.900822
127	155	1.24807
127	157	0.90716
127	163	0.891477
127	165	0.905636
127	166	0.894564
127	167	0.89158
127	169	0.917259
127	171	0.896073
127	172	0.897599
127	174	0.880677
127	175	0.816359
127	177	0.837487
127	178	0.888481
127	179	0.92141
127	180	0.877932
128	7	0.78954
128	28	1.61251
128	34	0.869857
128	56	0.835381
128	91	0.892493
128	102	0.852924
128	103	0.797031
128	117	0.834957
128	120	0.829552
128	124	0.862002
128	127	1.14325
128	132	0.879802
128	134	1.30876
128	137	0.859157
128	140	0.845763
128	142	0.885693
128	147	1.35119
128	149	0.875408
128	150	1.43387
128	152	0.853443
128	153	0.844361
128	154	0.869605
128	163	1.43316
128	170	1.71696
128	176	0.823347
128	178	1.48302
128	179	0.897476
129	26	1.2567
129	89	1.13261
129	92	1.51867
129	119	0.834477
129	124	1.31561
129	131	0.882814
129	137	1.30349
129	147	0.877842
129	148	0.869974
129	153	1.35173
129	154	1.1412
129	156	0.874131
129	157	0.864699
129	158	0.849412
129	159	0.899475
129	161	0.888526
129	163	0.849016
129	164	0.869408
129	166	0.852103
129	168	1.32198
129	170	0.817626
129	171	0.853612
129	173	0.825565
129	174	0.838215
129	175	0.773898
129	178	0.84602
129	180	0.835471
130	6	1.4336
130	18	1.10304
130	25	1.63904
130	51	1.14999
130	77	1.12181
130	79	1.21759
130	86	1.21626
130	97	1.34966
130	116	0.969017
130	122	0.939895
130	141	0.918944
130	145	0.912212
130	150	0.878152
130	156	0.904599
130	160	0.858809
130	161	0.918994
130	163	0.879484
130	164	0.899875
130	165	0.893643
130	167	0.879587
130	169	0.905265
130	171	0.88408
130	172	0.885605
130	174	0.868683
130	175	0.804366
130	177	0.825493
130	178	0.876488
130	180	0.865939
131	42	1.44578
131	63	1.29728
131	94	0.87341
131	101	0.781582
131	108	1.38262
131	112	1.40918
131	117	1.41587
131	129	0.882814
131	137	1.35064
131	143	0.903899
131	144	0.867943
131	149	1.15395
131	151	1.40815
131	157	0.854301
131	159	0.889076
131	160	0.817943
131	161	0.878128
131	167	0.838721
131	169	0.864399
131	170	0.807227
131	171	0.843214
131	172	0.844739
131	173	0.815167
131	174	0.827817
131	175	0.7635
131	177	0.784627
131	178	0.835622
131	180	0.825073
132	5	1.11851
132	27	0.878697
132	35	0.887423
132	50	0.85842
132	91	0.917408
132	95	0.893906
132	102	0.877839
132	120	0.854467
132	124	0.886917
132	128	0.879802
132	137	0.884072
132	140	0.870678
132	141	1.21216
132	142	0.910608
132	147	1.24651
132	149	0.900323
132	151	0.883927
132	152	0.878358
132	153	0.869276
132	154	0.89452
132	156	1.29767
132	158	1.45917
132	166	1.37864
132	169	1.29079
132	171	1.34772
132	176	0.848261
132	177	1.76237
132	179	0.922391
133	4	1.11953
133	30	1.20153
133	36	1.20715
133	44	0.972926
133	47	1.8163
133	87	1.26827
133	118	0.90619
133	125	0.936856
133	126	1.29516
133	127	0.969466
133	146	0.893417
133	148	0.903766
133	150	0.881477
133	158	0.883205
133	160	0.862134
133	161	0.922319
133	165	0.896968
133	168	1.14805
133	170	0.851418
133	171	0.887405
133	172	0.88893
133	173	0.859357
133	174	0.872008
133	175	0.807691
133	177	0.828818
133	178	0.879813
133	179	0.953452
133	180	0.869264
134	27	1.34812
134	32	0.791342
134	46	0.878816
134	47	1.94977
134	53	1.48247
134	107	1.21295
134	128	1.30876
134	135	0.892248
134	145	0.874187
134	149	1.06634
134	155	1.41359
134	159	0.891917
134	160	0.820784
134	161	0.880969
134	163	0.841459
134	166	0.844545
134	167	0.841562
134	169	0.86724
134	170	0.810068
134	171	0.846055
134	172	0.84758
134	173	0.818008
134	174	0.830658
134	175	0.766341
134	177	0.787468
134	178	0.838463
134	179	1.08692
134	180	0.827914
135	3	0.960674
135	22	1.35093
135	28	0.840897
135	63	1.20407
135	66	1.23546
135	71	1.25909
135	103	1.44522
135	115	0.907828
135	117	1.32265
135	121	1.32517
135	125	0.909657
135	134	0.892248
135	142	1.15953
135	143	0.920891
135	147	0.884435
135	150	0.854278
135	156	0.880724
135	159	0.906068
135	160	0.834935
135	164	0.876001
135	166	0.858696
135	171	0.860206
135	172	0.861731
135	173	0.832158
135	174	0.844809
135	175	0.780492
135	178	0.852614
135	179	1.08133
135	180	0.842065
136	19	0.926886
136	22	1.30472
136	25	0.808291
136	33	0.899298
136	41	1.25138
136	42	1.30635
136	61	1.41278
136	65	0.834445
136	69	0.888991
136	80	1.24009
136	85	0.8796
136	86	1.4175
136	98	0.904307
136	102	1.29979
136	110	1.08843
136	111	0.918004
136	112	0.922941
136	121	1.27895
136	126	0.892147
136	139	0.857553
136	158	0.866625
136	168	0.87743
136	170	0.834839
136	173	0.842778
136	174	0.855428
136	176	0.859722
136	177	0.812238
136	178	0.863233
136	180	0.852684
137	7	0.79381
137	34	0.874126
137	35	0.866778
137	50	0.837775
137	56	0.839651
137	66	0.874581
137	95	0.873261
137	103	0.801301
137	115	1.26752
137	120	0.833822
137	124	0.866272
137	128	0.859157
137	129	1.30349
137	131	1.35064
137	132	0.884072
137	140	0.850033
137	142	0.889963
137	145	1.24598
137	148	1.38828
137	149	0.879678
137	151	0.863282
137	152	0.857713
137	153	0.848631
137	154	0.873875
137	166	1.43759
137	167	1.52485
137	170	1.67123
137	174	1.48957
137	176	0.827617
137	179	0.901746
138	12	1.13493
138	22	0.862931
138	34	0.866437
138	70	1.1124
138	73	0.874905
138	77	0.856353
138	79	0.852811
138	80	0.851012
138	91	0.889074
138	92	1.59815
138	99	1.59912
138	103	0.793612
138	105	1.57981
138	107	1.3329
138	113	1.27885
138	121	1.45071
138	123	1.31316
138	148	0.847392
138	149	0.871989
138	152	0.850024
138	153	0.840942
138	154	0.866186
138	161	0.865945
138	162	0.844692
138	169	0.852216
138	172	0.832556
138	173	0.802983
138	174	0.815634
138	175	0.751317
138	179	0.894057
138	180	0.81289
139	6	1.81539
139	9	0.880653
139	21	0.724948
139	33	0.829213
139	41	1.43192
139	52	0.799229
139	64	1.67612
139	67	0.848933
139	85	0.809516
139	86	1.59805
139	87	0.822001
139	95	1.26542
139	98	0.834223
139	107	0.818076
139	108	0.809484
139	112	0.852857
139	126	0.822063
139	136	0.857553
139	140	1.5304
139	144	0.82547
139	155	1.54232
139	157	0.811828
139	162	0.814402
139	168	0.807345
139	172	0.802266
139	175	0.721027
139	176	0.789637
139	177	0.742154
139	178	0.793149
139	179	1.21566
139	180	0.7826
140	7	0.780415
140	8	1.2288
140	34	0.860732
140	46	1.30621
140	50	0.824381
140	56	0.826256
140	66	0.861186
140	91	0.883368
140	94	1.48329
140	95	0.859866
140	102	0.843799
140	103	0.787907
140	118	0.844111
140	120	0.820427
140	122	1.19552
140	124	0.852878
140	128	0.845763
140	132	0.870678
140	137	0.850033
140	139	1.5304
140	142	0.876568
140	149	0.866283
140	152	0.844319
140	153	0.835237
140	154	0.86048
140	156	1.49526
140	166	1.57623
140	169	1.48838
140	171	1.54531
140	176	0.814222
140	179	0.888352
141	30	1.34309
141	35	1.37053
141	81	1.23947
141	88	1.43926
141	117	1.33633
141	124	1.28323
141	127	0.930938
141	130	0.918944
141	132	1.21216
141	144	0.873606
141	145	0.877009
141	146	0.854889
141	147	0.873106
141	148	0.865238
141	150	0.842949
141	151	1.32862
141	155	1.42167
141	157	0.859964
141	158	0.844676
141	160	0.823606
141	161	0.883791
141	164	0.864672
141	166	0.847367
141	167	0.844383
141	168	1.2896
141	170	0.81289
141	171	0.848877
141	172	0.850402
141	173	0.820829
141	174	0.83348
141	175	0.769163
141	177	0.79029
141	178	0.841285
141	180	0.830736
142	7	0.820345
142	18	0.928317
142	35	0.893313
142	37	1.12437
142	66	0.901116
142	83	0.899807
142	91	0.923298
142	95	0.899796
142	102	0.883729
142	103	0.827836
142	115	1.16962
142	117	0.865762
142	120	0.860357
142	124	0.892808
142	128	0.885693
142	132	0.910608
142	135	1.15953
142	137	0.889963
142	140	0.876568
142	144	1.22291
142	148	1.29038
142	149	0.906213
142	151	0.889817
142	152	0.884248
142	153	0.875166
142	154	0.90041
142	163	1.28953
142	165	1.29735
142	167	1.42695
142	169	1.25184
142	173	1.54557
142	176	0.854152
142	177	1.72342
142	179	0.928282
143	4	1.15401
143	23	1.19335
143	48	1.23435
143	53	1.38348
143	54	0.943114
143	60	1.37074
143	92	1.37922
143	105	1.36088
143	106	0.856824
143	112	1.22257
143	119	0.855563
143	127	0.956759
143	131	0.903899
143	135	0.920891
143	144	0.899427
143	146	0.88071
143	151	1.22154
143	155	1.3146
143	156	0.895216
143	158	0.870498
143	159	0.92056
143	160	0.849427
143	161	0.909612
143	165	0.884261
143	167	0.870205
143	169	0.895883
143	170	0.838711
143	171	0.874698
143	172	0.876223
143	173	0.846651
143	174	0.859301
143	175	0.794984
143	177	0.816111
