1	38	0.443206
1	53	1.36455
1	54	0.471915
1	120	1.34332
1	128	0.491964
1	133	0.48641
1	146	1.3637
1	149	1.35134
1	151	1.41494
1	162	0.473672
1	170	1.39421
1	180	1.36793
2	3	0.558395
2	10	0.84237
2	17	1.15566
2	24	1.18188
2	38	1.24476
2	59	1.36438
2	63	1.35818
2	72	1.24983
2	94	1.20293
2	118	0.649828
2	119	0.583525
2	173	0.634819
3	2	0.558395
3	43	0.417188
3	45	0.528543
3	77	1.34379
3	93	0.441439
3	147	1.41905
3	151	0.427833
3	157	1.33325
3	159	1.37494
3	171	1.40846
3	172	1.35221
3	180	1.36829
4	71	0.439053
4	80	0.558553
4	97	1.42062
4	129	0.460152
4	137	1.31961
4	138	1.40321
4	139	1.4003
4	154	1.37067
4	161	0.458023
4	172	1.33476
4	179	0.516864
4	180	1.35084
5	36	0.499849
5	83	1.41687
5	85	0.502904
5	137	1.32998
5	139	1.41067
5	149	1.34462
5	161	0.478022
5	166	0.475157
5	175	1.35673
5	177	0.476577
5	178	1.37991
5	180	1.36122
6	49	1.22192
6	59	0.531242
6	79	1.20028
6	102	0.605634
6	127	1.21125
6	137	0.610486
6	159	1.20535
6	165	1.18351
6	166	1.18974
6	167	0.626895
6	174	1.18159
6	177	1.20636
7	90	0.480737
7	99	1.30407
7	127	0.467677
7	137	1.35607
7	145	0.543618
7	164	0.480801
7	167	1.3925
7	172	1.37122
7	175	1.38282
7	177	0.459872
7	178	1.40601
7	180	1.38731
8	139	1.41432
8	142	0.485075
8	145	0.545394
8	154	1.38469
8	160	1.3569
8	161	0.463093
8	163	0.477257
8	167	1.37006
8	172	1.34878
8	175	1.36038
8	176	0.461815
8	180	1.36487
9	25	1.1745
9	34	1.17831
9	57	1.16247
9	81	1.18493
9	104	0.613867
9	106	1.25063
9	110	0.612263
9	121	0.559784
9	135	1.22513
9	142	0.640294
9	147	1.25776
9	173	1.16628
10	2	0.84237
10	23	0.715104
10	59	1.12854
10	63	1.12234
10	114	0.947329
10	115	1.20677
10	135	1.17999
10	156	0.971578
10	176	0.986267
10	178	0.994697
10	179	0.915778
10	180	0.975998
11	33	0.597186
11	86	0.579827
11	91	1.23177
11	112	0.613731
11	116	0.582903
11	119	1.23109
11	132	1.14693
11	142	1.21071
11	163	1.21814
11	166	1.20692
11	174	1.19877
11	179	1.15567
12	41	0.437896
12	90	0.485979
12	114	1.33915
12	139	1.41728
12	145	0.54886
12	154	1.38765
12	161	0.466559
12	167	1.37302
12	172	1.35174
12	174	0.493584
12	175	1.36334
12	180	1.36782
13	104	0.466365
13	122	1.3845
13	124	0.448134
13	136	1.364
13	140	1.39264
13	146	1.34408
13	151	1.39531
13	156	1.34389
13	168	1.37559
13	173	0.518836
13	176	0.469532
13	179	0.52965
14	35	0.473254
14	38	0.493394
14	72	0.407941
14	73	1.35927
14	103	0.487175
14	120	1.36133
14	136	0.505026
14	162	1.37845
14	165	1.37075
14	169	1.33962
14	178	1.40464
14	180	1.38594
15	50	0.478729
15	55	1.43864
15	71	1.37055
15	95	0.486911
15	154	0.44486
15	158	1.39099
15	165	1.34513
15	170	1.38661
15	177	1.36798
15	178	0.45747
15	179	1.30011
15	180	0.499561
16	39	1.41782
16	91	0.483856
16	137	1.33113
16	154	1.38219
16	156	0.478761
16	159	0.499112
16	165	0.506682
16	167	1.36756
16	171	0.464064
16	175	1.35788
16	178	1.38106
16	180	1.36236
17	2	1.15566
17	24	1.25933
17	38	1.32221
17	43	1.32842
17	59	1.44183
17	72	1.32729
17	94	1.28038
17	156	1.28487
17	159	0.523933
17	168	0.510115
17	173	0.556325
17	174	0.535325
17	176	0.507022
18	50	0.51467
18	52	0.511469
18	63	1.42342
18	72	1.31507
18	94	1.26816
18	139	0.514203
18	140	1.32141
18	148	1.24627
18	151	1.32408
18	157	0.501694
18	172	0.525467
18	177	1.28473
18	179	1.21686
19	21	0.527565
19	78	0.530426
19	89	0.495331
19	108	1.34484
19	110	1.29307
19	111	0.511286
19	144	1.28074
19	158	1.32611
19	164	1.26165
19	168	1.32274
19	171	1.33562
19	175	0.502521
19	179	1.23523
20	35	1.26763
20	45	1.21431
20	73	0.535655
20	84	1.37151
20	101	1.33632
20	103	1.33632
20	110	1.30683
20	131	1.26584
20	141	0.567846
20	142	0.501975
20	153	0.54561
20	160	1.30125
20	168	0.481808
21	19	0.527565
21	39	1.35348
21	80	0.61122
21	105	0.52881
21	108	0.471356
21	116	1.31462
21	125	1.25062
21	137	1.26678
21	154	1.31784
21	170	0.487104
21	172	1.28193
21	178	1.31671
21	180	1.29802
22	30	0.437186
22	40	0.567627
22	139	1.34271
22	142	0.543928
22	144	0.538593
22	154	1.31308
22	165	0.54515
22	168	1.32054
22	172	1.27717
22	173	1.25253
22	175	1.28877
22	178	1.31195
22	180	1.29325
23	10	0.715104
23	27	0.917754
23	72	0.844152
23	109	0.896991
23	134	1.11306
23	135	0.839032
23	142	1.07939
23	146	1.08034
23	151	1.13158
23	175	1.08009
23	176	1.09484
23	178	1.10327
23	180	1.08457
24	2	1.18188
24	17	1.25933
24	43	1.35464
24	54	1.31202
24	59	1.46805
24	72	1.35351
24	94	1.3066
24	117	1.16397
24	118	0.561225
24	130	0.530155
24	166	0.495326
24	168	0.500006
24	173	0.546216
25	9	1.1745
25	28	1.24056
25	47	0.458222
25	53	0.517623
25	58	1.40358
25	67	0.585204
25	128	1.31008
25	130	0.542032
25	133	1.27097
25	135	1.3311
25	147	1.36373
25	162	1.30547
25	164	0.529551
26	33	1.26273
26	83	1.3478
26	96	1.23956
26	97	1.36192
26	105	0.554164
26	108	0.496709
26	161	0.536044
26	166	0.533179
26	167	1.29734
26	170	0.512458
26	175	1.28766
26	178	1.31084
26	180	1.29215
27	23	0.917754
27	57	0.635454
27	99	0.651508
27	108	1.22803
27	129	1.17353
27	148	1.14784
27	159	1.18529
27	163	1.1809
27	171	1.21882
27	174	1.16153
27	175	0.621489
27	177	1.1863
27	180	0.665581
28	25	1.24056
28	40	0.547681
28	49	0.494839
28	58	1.36367
28	102	1.27843
28	106	1.31669
28	109	1.31764
28	112	1.28997
28	126	1.26924
28	147	1.32381
28	153	0.567616
28	164	0.521484
28	176	0.500722
29	45	1.21315
29	56	0.449899
29	73	0.555602
29	84	1.37034
29	101	1.33515
29	103	1.33515
29	104	0.495495
29	110	1.30566
29	123	1.23735
29	143	0.584131
29	160	1.30008
29	161	1.3031
29	173	0.547966
30	22	0.437186
30	41	1.52321
30	42	0.509572
30	102	0.402274
30	109	0.35208
30	127	1.4901
30	130	1.44918
30	148	1.44675
30	149	0.421322
30	171	1.51773
30	176	1.48783
30	177	1.48521
30	180	0.444977
31	64	0.597252
31	69	1.29939
31	76	0.484472
31	115	1.25114
31	121	0.486983
31	122	1.31673
31	136	1.29622
31	140	1.32486
31	146	1.2763
31	151	1.32754
31	158	0.521421
31	166	0.542647
31	168	1.30781
32	43	0.483165
32	74	1.28084
32	98	0.537902
32	101	0.514731
32	103	0.500813
32	109	1.34391
32	146	0.53032
32	149	1.28273
32	173	1.2586
32	176	1.30959
32	177	1.30698
32	178	1.31802
32	180	1.29933
33	11	0.597186
33	26	1.26273
33	131	1.27268
33	143	0.55898
33	156	0.470071
33	157	1.28101
33	165	0.497992
33	167	1.32124
33	172	1.29997
33	174	0.501814
33	175	1.31157
33	178	1.33475
33	180	1.31605
34	9	1.17831
34	46	0.701361
34	53	0.491218
34	81	1.29471
34	109	1.36136
34	110	0.477613
34	112	1.33369
34	126	1.31296
34	133	1.27478
34	135	1.33491
34	158	0.459571
34	162	1.30928
34	164	0.503146
35	14	0.473254
35	20	1.26763
35	45	1.20898
35	46	0.667014
35	54	1.3004
35	84	1.36617
35	101	1.33099
35	103	1.33099
35	148	0.480649
35	160	1.29592
35	161	1.29893
35	173	0.49734
35	179	0.508155
36	5	0.499849
36	86	0.479257
36	123	0.555183
36	132	1.26506
36	148	1.30322
36	152	1.29959
36	155	1.32613
36	157	0.517755
36	162	0.521749
36	164	1.30021
36	169	1.2877
36	176	1.34429
36	179	1.2738
37	51	1.2495
37	119	1.25694
37	121	1.32517
37	134	1.27021
37	146	0.549894
37	152	1.2073
37	157	0.553079
37	166	1.23276
37	172	0.576853
37	174	1.22462
37	175	0.542796
37	176	1.252
37	178	0.544797
37	179	1.18151
38	1	0.443206
38	2	1.24476
38	14	0.493394
38	17	1.32221
38	43	1.41752
38	59	1.53093
38	63	1.52474
38	72	1.41639
38	76	0.408415
38	94	1.36948
38	144	0.486102
38	156	1.37397
38	166	0.46659
38	179	0.528295
39	16	1.41782
39	21	1.35348
39	124	0.43714
39	143	0.544007
39	154	1.42075
39	156	0.455098
39	159	0.475449
39	167	1.40612
39	171	0.440401
39	172	1.38484
39	174	0.486842
39	175	1.39644
39	178	1.41962
39	180	1.40093
40	22	0.567627
40	28	0.547681
40	79	1.2482
40	121	1.33007
40	122	0.588646
40	130	1.21825
40	142	1.24145
40	155	1.23874
40	159	1.25327
40	162	0.545603
40	164	1.21282
40	169	1.20031
40	175	0.531327
40	176	1.2569
41	12	0.437896
41	30	1.52321
41	47	1.44925
41	56	1.4818
41	93	0.441176
41	96	0.504901
41	105	1.37876
41	153	1.31536
41	157	0.467265
41	165	1.37592
41	169	1.3448
41	175	0.456983
41	178	0.458983
41	179	1.3309
42	30	0.509572
42	50	1.25825
42	56	0.544292
42	57	1.21907
42	112	1.28051
42	133	1.2216
42	141	1.16534
42	147	1.31435
42	152	1.22916
42	160	1.25563
42	162	1.2561
42	166	0.591467
42	169	0.605866
42	171	0.574917
43	3	0.417188
43	17	1.32842
43	24	1.35464
43	32	0.483165
43	38	1.41752
43	59	1.53714
43	63	1.53094
43	72	1.42259
43	94	1.37569
43	117	1.23306
43	153	0.511204
43	159	0.461221
43	163	0.459751
43	173	0.493613
44	58	0.504561
44	62	1.49005
44	101	0.411017
44	122	0.476829
44	125	0.478127
44	126	0.477232
44	134	1.43689
44	143	1.31575
44	147	0.416743
44	163	1.41066
44	164	1.3746
44	169	1.36208
44	174	1.39129
44	176	1.41868
45	3	0.528543
45	20	1.21431
45	29	1.21315
45	35	1.20898
45	64	0.608683
45	76	0.495903
45	84	1.31285
45	101	1.27766
45	103	1.27766
45	131	1.20719
45	148	0.588277
45	160	1.24259
45	161	1.24561
45	173	0.604968
46	34	0.701361
46	35	0.667014
46	68	1.04775
46	81	0.6881
46	119	1.13392
46	133	0.730359
46	140	1.16304
46	146	1.11448
46	151	1.16572
46	171	1.15888
46	174	1.1016
46	178	1.13741
46	179	1.05849
46	180	1.11871
47	25	0.458222
47	41	1.44925
47	79	1.40516
47	122	0.49112
47	150	1.3635
47	160	0.437248
47	166	1.39462
47	171	1.44376
47	172	0.467857
47	174	1.38648
47	176	1.41386
47	178	0.435801
47	179	1.34337
47	180	0.477892
48	86	0.424553
48	89	0.445578
48	113	0.465621
48	130	1.3889
48	138	0.438783
48	140	0.489492
48	150	1.37718
48	158	1.44794
48	161	1.41233
48	165	1.40208
48	169	1.37096
48	170	1.44356
48	179	1.35706
48	180	0.496861
49	6	1.22192
49	28	0.494839
49	95	0.509927
49	105	1.35632
49	116	0.453346
49	119	1.38389
49	128	0.511053
49	143	1.27603
49	147	0.475718
49	166	1.35971
49	169	1.32236
49	170	1.39496
49	177	1.37633
49	179	1.30846
49	180	0.522577
50	15	0.478729
50	18	0.51467
50	42	1.25825
50	106	1.38376
50	124	0.486228
50	128	1.33724
50	133	1.29812
50	135	1.35826
50	147	1.39088
50	152	1.30569
50	156	0.504187
50	161	1.33517
50	162	1.33263
50	166	0.50604
50	174	0.53593
51	37	1.2495
51	100	0.469101
51	124	1.3691
51	129	1.34812
51	136	0.484073
51	146	0.495729
51	158	1.3839
51	164	1.31943
51	173	1.31252
51	175	0.488632
51	176	1.36351
51	177	1.36089
51	178	0.490632
51	179	1.29302
51	180	0.532724
52	18	0.511469
52	87	0.465956
52	92	1.34114
52	116	1.35027
52	137	1.30243
52	154	1.35349
52	157	1.29862
52	158	0.481613
52	167	1.33885
52	175	1.32918
52	176	0.504426
52	177	0.504259
52	178	1.35236
52	179	0.564544
52	180	1.33366
53	1	1.36455
53	25	0.517623
53	34	0.491218
53	69	0.474854
53	84	0.472813
53	85	1.27377
53	131	0.517689
53	137	0.499442
53	158	1.37275
53	159	1.34873
53	169	1.29576
53	170	1.36837
53	173	1.30136
53	174	1.32497
53	177	1.34974
54	1	0.471915
54	24	1.31202
54	35	1.3004
54	94	1.33307
54	101	1.36908
54	103	1.36908
54	113	1.34478
54	127	0.504524
54	133	1.29998
54	153	0.563781
54	156	1.33756
54	160	1.33401
54	164	0.517648
54	168	0.499979
54	170	0.474578
55	15	1.43864
55	58	0.505161
55	65	1.36684
55	76	1.5235
55	113	0.432962
55	122	0.47743
55	140	0.456833
55	158	1.45444
55	161	1.41883
55	167	0.44276
55	169	1.37746
55	170	1.45006
55	174	1.40667
55	175	0.42011
55	178	0.42211
55	179	1.36356
56	29	0.449899
56	41	1.4818
56	42	0.544292
56	89	0.428414
56	103	0.413195
56	108	1.48553
56	145	1.35508
56	157	0.445887
56	162	0.449881
56	164	1.40234
56	166	1.42718
56	169	1.38982
56	173	1.39542
56	174	1.41903
56	175	0.435605
56	177	1.4438
57	9	1.16247
57	27	0.635454
57	42	1.21907
57	106	1.34457
57	109	1.34552
57	113	1.30374
57	133	1.25894
57	135	1.31907
57	153	0.565226
57	160	1.29297
57	162	1.29344
57	163	0.513773
57	164	0.519093
57	165	0.522813
57	170	0.476024
57	173	1.26022
58	25	1.40358
58	28	1.36367
58	44	0.504561
58	55	0.505161
58	87	0.530949
58	102	1.44145
58	106	1.47972
58	123	1.36538
58	126	1.43226
58	135	1.45421
58	156	0.565979
58	161	1.43113
58	162	1.42859
58	167	0.00224936
58	170	0.547111
58	176	0.569419
59	2	1.36438
59	6	0.531242
59	10	1.12854
59	17	1.44183
59	24	1.46805
59	38	1.53093
59	43	1.53714
59	64	0.464382
59	73	0.468304
59	94	1.48909
59	105	0.430762
59	117	1.34646
59	141	0.500496
59	142	0.434624
59	156	1.49359
59	166	0.409778
60	68	0.569869
60	82	1.34685
60	104	1.27441
60	114	0.53182
60	127	1.30112
60	131	0.532884
60	132	1.21962
60	142	1.2834
60	147	0.50563
60	154	0.497787
60	162	0.522673
60	164	1.25477
60	170	1.31486
60	171	1.32875
60	173	1.24786
60	179	1.22836
61	91	0.527286
61	93	1.26857
61	95	1.23227
61	98	1.2249
61	100	1.2915
61	115	1.24947
61	122	1.31506
61	136	1.29455
61	140	1.32319
61	141	0.614762
61	146	1.27463
61	151	1.32587
61	169	0.538443
61	171	0.507494
61	176	0.525631
61	177	0.525464
62	44	1.49005
62	77	0.474968
62	92	0.452878
62	97	0.421748
62	122	0.511927
62	128	0.487175
62	134	1.45559
62	135	0.347843
62	160	0.458055
62	163	1.42936
62	164	1.3933
62	165	1.41191
62	169	1.38078
62	176	1.43737
62	177	1.43476
62	179	1.36689
63	2	1.35818
63	10	1.12234
63	18	1.42342
63	38	1.52474
63	43	1.53094
63	72	1.52981
63	94	1.4829
63	117	1.34027
63	142	0.533115
63	156	1.48739
63	164	0.530617
63	168	0.512948
63	173	0.559159
63	174	0.538159
63	179	0.569973
63	180	0.00187932
64	31	0.597252
64	45	0.608683
64	59	0.464382
64	113	1.2972
64	115	0.457404
64	128	1.29151
64	144	1.27969
64	146	0.544483
64	151	0.507972
64	156	1.28998
64	157	1.25936
64	162	1.28691
64	173	1.25368
64	178	1.3131
64	179	1.23418
64	180	1.2944
65	55	1.36684
65	73	1.26185
65	97	0.496924
65	116	0.504644
65	130	1.26014
65	134	1.31701
65	142	1.28334
65	151	0.50037
65	153	1.21275
65	160	0.533232
65	161	1.28357
65	167	0.552434
65	170	1.3148
65	174	1.27141
65	179	1.2283
65	180	0.573876
66	88	1.30251
66	108	0.452242
66	114	1.35673
66	118	1.30498
66	120	1.36078
66	127	0.497936
66	129	0.493705
66	134	0.480911
66	137	1.35417
66	139	1.43485
66	142	0.513557
66	157	1.35036
66	166	0.488711
66	172	1.36932
66	174	0.518601
66	175	1.38091
66	180	1.3854
67	25	0.585204
67	79	1.25726
67	83	0.513618
67	119	1.27089
67	140	0.597505
67	141	1.15743
67	144	1.24098
67	147	0.558015
67	148	1.22488
67	154	0.550172
67	163	1.25794
67	165	1.24049
67	169	1.20936
67	170	1.28197
67	177	1.26334
67	178	0.562782
67	179	1.19547
68	46	1.04775
68	60	0.569869
68	79	0.553326
68	83	1.33015
68	88	1.19161
68	99	1.19126
68	117	0.655698
68	125	1.2271
68	144	0.563765
68	149	1.2579
68	154	1.29432
68	166	0.544253
68	172	1.25842
68	173	1.23378
68	177	0.545673
68	178	1.2932
68	180	1.2745
69	31	1.29939
69	53	0.474854
69	76	0.406258
69	95	1.31773
69	98	1.31036
69	100	1.37696
69	115	1.33494
69	122	1.40052
69	136	1.38001
69	140	1.40866
69	141	0.555151
69	146	1.3601
69	151	1.41133
69	161	0.467298
69	173	0.515323
69	174	0.494323
69	179	0.526138
70	105	0.498536
70	116	1.37999
70	120	1.33877
70	125	1.31599
70	129	0.482545
70	137	1.33215
70	139	1.41284
70	164	0.4999
70	167	1.36858
70	170	0.45683
70	171	0.461001
70	172	1.3473
70	174	0.507441
70	175	1.3589
70	178	1.38209
70	179	0.539256
70	180	1.36339
71	4	0.439053
71	15	1.37055
71	101	1.38279
71	102	0.468063
71	103	1.38279
71	109	0.41787
71	125	0.525292
71	128	0.499242
71	132	1.28672
71	136	1.37137
71	146	1.35146
71	151	1.40269
71	159	1.36233
71	161	1.35073
71	172	0.500731
71	174	1.33857
71	180	0.510766
72	2	1.24983
72	14	0.407941
72	17	1.32729
72	18	1.31507
72	23	0.844152
72	24	1.35351
72	38	1.41639
72	43	1.42259
72	63	1.52981
72	94	1.37455
72	117	1.23192
72	118	0.447036
72	145	0.466302
72	153	0.449618
72	156	1.37904
72	168	0.385817
72	173	0.432027
73	14	1.35927
73	20	0.535655
73	29	0.555602
73	59	0.468304
73	65	1.26185
73	79	1.32037
73	100	0.521776
73	103	0.518897
73	115	0.461326
73	128	1.31591
73	133	1.2768
73	143	1.22614
73	151	0.511894
73	167	1.32399
73	170	1.34508
73	175	1.31431
73	178	1.33749
73	180	1.3188
74	32	1.28084
74	83	0.439814
74	88	0.563833
74	114	0.510402
74	150	1.28689
74	152	1.29255
74	155	1.31909
74	162	0.501254
74	164	1.29317
74	165	1.31179
74	169	1.28066
74	170	1.35326
74	172	0.521034
74	174	1.30987
74	175	0.486978
74	176	1.33725
74	177	1.33463
74	180	0.53107
75	77	1.31298
75	82	0.485182
75	102	1.34286
75	117	1.18594
75	126	1.33367
75	128	1.3346
75	135	1.35562
75	141	1.23923
75	152	1.30305
75	155	0.532094
75	160	1.32952
75	161	1.33253
75	162	1.32999
75	165	0.545693
75	168	0.524305
75	169	0.534024
75	171	0.503075
75	176	0.521212
76	31	0.484472
76	38	0.408415
76	45	0.495903
76	55	1.5235
76	69	0.406258
76	80	1.29565
76	84	0.404217
76	122	0.481925
76	133	1.40319
76	140	0.461329
76	146	0.431703
76	147	1.49595
76	162	1.43769
76	167	1.45038
76	172	1.42911
76	176	1.45546
76	178	1.46389
76	180	1.44519
77	3	1.34379
77	62	0.474968
77	75	1.31298
77	81	1.29889
77	102	1.32634
77	112	1.33788
77	123	1.25027
77	128	1.31808
77	133	1.27896
77	134	0.495341
77	135	1.3391
77	150	0.541497
77	159	0.521639
77	162	1.31347
77	168	0.507821
77	173	1.28024
77	174	0.533031
77	179	0.564846
78	19	0.530426
78	107	1.27905
78	111	1.33818
78	120	1.30378
78	148	0.544886
78	152	0.52999
78	153	1.25263
78	155	0.523155
78	156	0.508833
78	157	1.29336
78	158	0.48946
78	167	1.33359
78	172	1.31232
78	173	1.28768
78	175	1.32391
78	176	0.512273
78	178	1.3471
78	180	1.3284
79	6	1.20028
79	40	1.2482
79	47	1.40516
79	67	1.25726
79	68	0.553326
79	73	1.32037
79	109	0.443049
79	120	0.508434
79	122	0.549173
79	145	1.26597
79	146	0.498951
79	157	0.502136
79	162	0.50613
79	169	1.30072
79	170	1.37332
79	171	1.38721
79	177	1.35469
79	179	1.28682
80	4	0.558553
80	21	0.61122
80	76	1.29565
80	84	0.565787
80	85	1.12762
80	91	1.21182
80	111	0.594941
80	121	1.27937
80	133	0.613189
80	141	1.09767
80	144	1.18122
80	148	1.16513
80	163	1.19819
80	170	1.22221
80	171	1.2361
80	174	1.17882
80	176	1.2062
80	180	0.630267
81	9	1.18493
81	34	1.29471
81	46	0.6881
81	77	1.29889
81	102	1.32876
81	106	1.36703
81	109	1.36797
81	112	1.34031
81	113	1.32619
81	126	1.31958
81	152	1.28896
81	153	0.536017
81	165	0.493604
81	168	0.472216
81	171	0.450986
81	173	1.28267
81	177	0.468956
81	179	0.529241
82	60	1.34685
82	75	0.485182
82	88	0.525193
82	97	0.415478
82	104	1.38957
82	120	0.464918
82	124	1.4196
82	132	1.33478
82	133	0.475352
82	147	0.44557
82	148	1.37293
82	164	1.36993
82	166	1.39477
82	170	1.43002
82	174	1.38663
82	177	1.41139
82	178	0.450337
82	179	1.34352
82	180	0.492429
83	5	1.41687
83	26	1.3478
83	67	0.513618
83	68	1.33015
83	74	0.439814
83	90	0.457901
83	114	1.37245
83	117	0.547062
83	131	1.35774
83	145	0.520782
83	155	0.448086
83	157	1.36607
83	159	0.454115
83	164	0.457965
83	167	1.40631
83	172	1.38504
83	175	1.39663
83	178	1.41982
83	180	1.40112
84	20	1.37151
84	29	1.37034
84	35	1.36617
84	45	1.31285
84	53	0.472813
84	76	0.404217
84	80	0.565787
84	101	1.43486
84	103	1.43486
84	110	1.40537
84	123	1.33706
84	131	1.36438
84	152	0.481697
84	160	1.39979
84	161	1.4028
84	168	0.467072
84	173	0.513282
84	176	0.463979
84	177	0.463812
85	5	0.502904
85	53	1.27377
85	80	1.12762
85	91	1.29304
85	107	0.558306
85	122	0.567848
85	127	1.2897
85	142	1.27197
85	144	1.26244
85	157	0.52081
85	158	1.30782
85	163	1.27941
85	165	1.26196
85	172	0.544584
85	174	1.26004
85	176	1.28742
85	177	1.2848
85	178	0.512528
85	180	0.55462
86	11	0.579827
86	36	0.479257
86	48	0.424553
86	91	0.457807
86	99	1.32005
86	114	1.37462
86	125	1.35589
86	127	0.46379
86	138	1.45566
86	149	1.38669
86	153	1.32753
86	157	1.36825
86	159	0.473063
86	171	0.438015
86	172	1.38721
86	175	1.39881
86	178	1.42199
86	179	0.51627
86	180	1.40329
87	52	0.465956
87	58	0.530949
87	120	0.462478
87	129	1.39174
87	138	0.431912
87	139	0.468689
87	143	1.3042
87	144	1.38215
87	147	0.443131
87	155	1.38897
87	163	1.39911
87	164	1.36305
87	167	0.468547
87	168	1.42414
87	170	1.42314
87	174	1.37974
87	176	1.40713
87	179	1.33664
87	180	0.489989
88	66	1.30251
88	68	1.19161
88	74	0.563833
88	82	0.525193
88	97	1.33235
88	107	1.21323
88	111	1.27236
88	121	0.503972
88	149	1.24598
88	152	0.57894
88	154	1.2824
88	158	0.53841
88	167	1.26777
88	168	1.28986
88	175	1.25809
88	176	0.561223
88	177	0.561056
88	178	1.28127
88	180	1.26258
89	19	0.495331
89	48	0.445578
89	56	0.428414
89	116	1.39897
89	125	1.33497
89	127	0.484815
89	134	0.46779
89	137	1.35113
89	139	1.43182
89	149	1.36577
89	152	0.494895
89	154	1.40219
89	161	0.478455
89	167	1.38756
89	172	1.36628
89	175	1.37788
89	178	1.40106
89	179	0.537295
89	180	1.38237
90	7	0.480737
90	12	0.485979
90	83	0.457901
90	97	0.472206
90	124	1.36632
90	143	1.2578
90	150	1.31036
90	152	1.31602
90	155	1.34256
90	162	0.519341
90	164	1.31664
90	165	1.33526
90	166	1.34148
90	169	1.30413
90	171	1.39062
90	172	0.539121
90	175	0.505065
90	176	1.36072
90	177	1.3581
90	178	0.507065
91	11	1.23177
91	16	0.483856
91	61	0.527286
91	80	1.21182
91	85	1.29304
91	86	0.457807
91	106	0.47925
91	144	1.34664
91	147	0.483256
91	150	1.32126
91	155	1.35346
91	159	1.368
91	170	1.38763
91	171	1.40152
91	172	0.520079
91	174	1.34424
91	175	0.486023
91	176	1.37162
91	177	1.369
91	180	0.530115
92	52	1.34114
92	62	0.452878
92	96	1.30036
92	99	1.2697
92	107	1.3036
92	114	1.32427
92	117	0.592497
92	120	1.32833
92	127	0.490276
92	134	0.473251
92	138	1.40531
92	149	1.33635
92	152	0.500355
92	157	1.3179
92	163	0.49808
92	169	0.49545
92	175	1.34846
92	178	1.37164
92	179	0.542756
92	180	1.35294
93	3	0.441439
93	41	0.441176
93	61	1.26857
93	95	1.28858
93	98	1.28121
93	100	1.34781
93	115	1.30578
93	117	0.578419
93	118	0.532873
93	122	1.37137
93	130	0.501803
93	136	1.35086
93	140	1.3795
93	141	0.557691
93	146	1.33094
93	151	1.38218
93	156	1.33075
93	168	1.36245
93	173	0.517864
93	177	0.468394
94	2	1.20293
94	17	1.28038
94	18	1.26816
94	24	1.3066
94	38	1.36948
94	43	1.37569
94	54	1.33307
94	59	1.48909
94	63	1.4829
94	72	1.37455
94	117	1.18501
94	118	0.545297
94	144	0.498909
94	152	0.498702
94	156	1.33214
94	168	0.484078
94	169	0.493797
94	174	0.509288
94	176	0.480985
94	179	0.541103
95	15	0.486911
95	49	0.509927
95	61	1.23227
95	69	1.31773
95	93	1.28858
95	98	1.24491
95	115	1.26948
95	119	0.513819
95	122	1.33507
95	134	0.506422
95	136	1.31456
95	140	1.3432
95	141	0.60494
95	146	1.29464
95	151	1.34588
95	152	1.26444
95	153	1.22311
95	164	0.536571
95	168	1.32615
95	173	0.565113
95	177	0.515643
96	26	1.23956
96	41	0.504901
96	92	1.30036
96	104	0.529118
96	111	1.30266
96	114	1.26421
96	137	1.26165
96	138	1.34524
96	139	1.34233
96	149	1.27628
96	152	0.550003
96	158	0.509473
96	159	0.549197
96	167	1.29807
96	170	0.509978
96	172	1.2768
96	174	0.560589
96	175	1.28839
96	176	0.532286
96	178	1.31158
96	180	1.29288
97	4	1.42062
97	26	1.36192
97	62	0.421748
97	65	0.496924
97	82	0.415478
97	88	1.33235
97	90	0.472206
97	118	1.33482
97	138	1.46761
97	143	0.536977
97	149	1.39864
97	152	0.469226
97	154	1.43506
97	157	1.3802
97	158	0.428695
97	167	1.42043
97	172	1.39916
97	174	0.479812
97	178	1.43394
97	179	0.511626
97	180	1.41524
98	32	0.537902
98	61	1.2249
98	69	1.31036
98	93	1.28121
98	95	1.24491
98	100	1.30414
98	110	0.494275
98	115	1.26211
98	118	0.563358
98	122	1.3277
98	136	1.30719
98	140	1.33584
98	141	0.588177
98	146	1.28727
98	151	1.33851
98	152	1.25707
98	161	0.500324
98	163	0.514488
98	168	1.31879
98	173	0.548349
98	176	0.499046
99	7	1.30407
99	27	0.651508
99	68	1.19126
99	86	1.32005
99	92	1.2697
99	107	1.21288
99	117	0.624245
99	120	1.23761
99	125	1.21483
99	148	0.546998
99	149	1.24563
99	155	0.525268
99	166	0.512799
99	167	1.26742
99	168	1.28951
99	171	0.496249
99	172	1.24614
99	175	1.25774
99	177	0.514219
99	178	1.28093
99	179	0.574504
99	180	1.26223
100	51	0.469101
100	61	1.2915
100	69	1.37696
100	73	0.521776
100	93	1.34781
100	98	1.30414
100	110	0.460065
100	115	1.32871
100	118	0.529148
100	122	1.3943
100	136	1.37379
100	140	1.40243
100	146	1.35387
100	151	1.40511
100	153	1.28233
100	156	1.35368
100	159	0.481747
100	163	0.480278
100	168	1.38538
100	173	0.51414
100	177	0.46467
100	179	0.524954
101	20	1.33632
101	29	1.33515
101	32	0.514731
101	35	1.33099
101	44	0.411017
101	45	1.27766
101	54	1.36908
101	71	1.38279
101	84	1.43486
101	103	1.39967
101	110	1.37018
101	118	0.540187
101	123	1.30187
101	127	0.483513
101	129	0.479282
101	131	1.32919
101	150	0.512644
101	160	1.3646
101	161	1.36762
101	165	0.500357
101	168	0.478968
101	173	0.525179
102	6	0.605634
102	28	1.27843
102	30	0.402274
102	58	1.44145
102	71	0.468063
102	75	1.34286
102	77	1.32634
102	81	1.32876
102	109	1.39542
102	112	1.36775
102	126	1.34702
102	128	1.34795
102	135	1.36897
102	147	1.4016
102	155	0.496639
102	158	0.462943
102	162	1.34334
102	163	0.501198
102	168	0.488849
102	171	0.467619
102	173	1.31012
102	179	0.545874
103	14	0.487175
103	20	1.33632
103	29	1.33515
103	32	0.500813
103	35	1.33099
103	45	1.27766
103	54	1.36908
103	56	0.413195
103	71	1.38279
103	73	0.518897
103	84	1.43486
103	101	1.39967
103	110	1.37018
103	123	1.30187
103	130	0.495201
103	131	1.32919
103	141	0.551089
103	160	1.3646
103	161	1.36762
103	168	0.465051
103	173	0.511261
103	174	0.490261
104	9	0.613867
104	13	0.466365
104	29	0.495495
104	60	1.27441
104	82	1.38957
104	96	0.529118
104	132	1.26234
104	137	0.487441
104	140	0.517923
104	144	1.31659
104	153	1.25553
104	154	0.47059
104	164	1.29749
104	165	1.3161
104	166	1.32233
104	167	0.50385
104	169	1.28498
104	170	1.35758
104	171	1.37147
104	176	1.34157
104	177	1.33895
104	178	0.4832
104	179	1.27108
105	21	0.52881
105	26	0.554164
105	41	1.37876
105	49	1.35632
105	59	0.430762
105	70	0.498536
105	106	0.496993
105	117	1.18157
105	145	1.25204
105	147	0.500998
105	148	1.3023
105	152	1.29867
105	159	1.33975
105	161	1.32816
105	163	1.33536
105	166	1.32414
105	171	1.37328
105	174	1.31599
105	175	0.503765
105	177	1.34076
105	178	0.505765
105	179	1.27289
105	180	0.547857
106	9	1.25063
106	28	1.31669
106	50	1.38376
106	57	1.34457
106	58	1.47972
106	81	1.36703
106	91	0.47925
106	105	0.496993
106	113	1.3919
106	123	1.3184
106	126	1.38528
106	128	1.38621
106	133	1.3471
106	135	1.40723
106	147	1.43986
106	153	0.54449
106	156	0.474155
106	158	0.454782
106	162	1.38161
106	164	0.498357
106	168	0.480689
106	169	0.490407
106	170	0.455287
106	177	0.477429
107	78	1.27905
107	85	0.558306
107	88	1.21323
107	92	1.3036
107	99	1.21288
107	111	1.3059
107	116	1.31272
107	119	0.530155
107	137	1.26488
107	138	1.34848
107	141	1.19786
107	148	0.564758
107	152	0.549863
107	156	0.528705
107	161	0.533423
107	168	1.3234
107	169	0.544957
107	170	0.509837
107	172	1.28004
107	173	1.2554
107	175	1.29163
107	177	0.531979
107	178	1.31482
107	180	1.29612
108	19	1.34484
108	21	0.471356
108	26	0.496709
108	27	1.22803
108	56	1.48553
108	66	0.452242
108	111	0.455077
108	121	1.47829
108	123	0.494021
108	125	0.504929
108	140	0.483034
108	143	1.3022
108	144	1.38014
108	145	1.31379
108	149	0.466748
108	150	1.35476
108	159	1.40149
108	160	0.449759
108	164	1.36104
108	169	1.34853
108	170	1.42113
108	172	0.480367
108	174	1.37774
108	177	1.4025
109	23	0.896991
109	28	1.31764
109	30	0.35208
109	32	1.34391
109	34	1.36136
109	57	1.34552
109	71	0.41787
109	79	0.443049
109	81	1.36797
109	102	1.39542
109	112	1.40696
109	118	1.30963
109	126	1.38623
109	128	1.38716
109	131	1.34667
109	135	1.40818
109	143	0.521032
109	144	0.453487
109	147	1.44081
109	150	0.472331
109	158	0.41275
109	162	1.38255
109	166	0.433976
109	176	0.435563
110	9	0.612263
110	19	1.29307
110	20	1.30683
110	29	1.30566
110	34	0.477613
110	84	1.40537
110	98	0.494275
110	100	0.460065
110	101	1.37018
110	103	1.37018
110	115	0.399615
110	120	1.31847
110	126	0.537318
110	127	1.35562
110	128	0.512164
110	133	0.506611
110	136	0.475037
110	144	1.32837
110	145	1.26202
110	146	0.486693
110	150	1.30298
110	154	1.3629
110	167	1.34827
110	172	1.327
110	180	1.34308
111	19	0.511286
111	78	1.33818
111	80	0.594941
111	88	1.27236
111	96	1.30266
111	107	1.3059
111	108	0.455077
111	114	1.32658
111	116	1.37186
111	121	0.435882
111	129	0.49654
111	131	1.31188
111	134	0.483746
111	137	1.32402
111	143	0.578602
111	149	1.33865
111	157	1.32021
111	160	1.34728
111	163	0.508575
111	167	1.36044
111	169	0.505945
111	171	0.474996
111	175	1.35077
111	178	1.37395
111	180	1.35525
112	11	0.613731
112	28	1.28997
112	34	1.33369
112	42	1.28051
112	77	1.33788
112	81	1.34031
112	102	1.36775
112	109	1.40696
112	113	1.36518
112	117	1.21084
112	119	0.488066
112	128	1.3595
112	129	0.493463
112	131	1.31901
112	144	0.507981
112	148	0.522669
112	158	0.467243
112	160	1.35442
112	161	1.35743
112	162	1.35489
112	165	0.514538
112	168	0.493149
112	170	0.467748
112	173	1.32166
112	176	0.490056
113	48	0.465621
113	54	1.34478
113	55	0.432962
113	57	1.30374
113	64	1.2972
113	81	1.32619
113	106	1.3919
113	112	1.36518
113	126	1.34445
113	127	0.504857
113	128	1.34538
113	129	0.500626
113	131	1.30489
113	133	1.30627
113	135	1.3664
113	141	1.25001
113	144	0.515144
113	147	1.39902
113	152	1.31383
113	153	0.564114
113	159	0.514131
113	162	1.34077
113	168	0.500313
113	177	0.497053
113	179	0.557338
114	10	0.947329
114	12	1.33915
114	60	0.53182
114	66	1.35673
114	74	0.510402
114	83	1.37245
114	86	1.37462
114	92	1.32427
114	96	1.26421
114	111	1.32658
114	116	1.3334
114	119	0.505801
114	120	1.29218
114	142	0.531051
114	145	0.59137
114	156	0.504351
114	157	1.28175
114	159	0.524702
114	161	0.509069
114	167	1.32199
114	172	1.30071
114	174	0.536095
114	175	1.31231
114	177	0.507624
114	178	1.3355
114	180	1.3168
115	10	1.20677
115	31	1.25114
115	61	1.24947
115	64	0.457404
115	69	1.33494
115	73	0.461326
115	93	1.30578
115	95	1.26948
115	98	1.26211
115	100	1.32871
115	110	0.399615
115	118	0.468698
115	122	1.35227
115	123	1.24538
115	136	1.33177
115	140	1.36041
115	141	0.493517
115	146	1.31185
115	148	0.436999
115	151	1.36308
115	152	1.28164
115	153	1.24031
115	156	1.31166
115	165	0.428867
115	173	0.453689
115	174	0.432689
116	11	0.582903
116	21	1.31462
116	49	0.453346
116	52	1.35027
116	65	0.504644
116	70	1.37999
116	89	1.39897
116	107	1.31272
116	111	1.37186
116	114	1.3334
116	117	0.569087
116	119	0.457238
116	125	1.31467
116	137	1.33084
116	138	1.41444
116	145	0.542807
116	149	1.34548
116	153	1.28631
116	155	0.470111
116	163	0.47467
116	170	0.43692
116	171	0.441091
116	172	1.34599
116	175	1.35759
116	178	1.38077
116	179	0.519346
116	180	1.36207
117	24	1.16397
117	43	1.23306
117	59	1.34646
117	63	1.34027
117	68	0.655698
117	72	1.23192
117	75	1.18594
117	83	0.547062
117	92	0.592497
117	93	0.578419
117	94	1.18501
117	99	0.624245
117	105	1.18157
117	112	1.21084
117	116	0.569087
117	133	1.15192
117	145	1.11286
117	147	1.24468
117	148	1.16312
117	149	0.614663
117	150	1.15383
117	157	0.604509
117	162	1.18643
117	168	1.22121
117	173	1.1532
117	175	0.594226
117	179	1.1337
118	2	0.649828
118	24	0.561225
118	66	1.30498
118	72	0.447036
118	93	0.532873
118	94	0.545297
118	97	1.33482
118	98	0.563358
118	100	0.529148
118	101	0.540187
118	109	1.30963
118	115	0.468698
118	126	1.26123
118	127	1.27759
118	128	1.26216
118	132	1.19608
118	134	1.29353
118	139	1.3145
118	143	1.17239
118	146	0.555777
118	147	1.3158
118	159	1.27169
118	162	1.25755
118	169	1.21872
118	175	1.26056
118	178	1.28374
118	180	1.26504
119	2	0.583525
119	11	1.23109
119	37	1.25694
119	46	1.13392
119	49	1.38389
119	67	1.27089
119	95	0.513819
119	107	0.530155
119	112	0.488066
119	114	0.505801
119	116	0.457238
119	129	1.35555
119	130	1.33229
119	131	0.506864
119	134	1.38916
119	136	0.477818
119	143	1.26802
119	149	0.502814
119	150	1.32058
119	162	0.496653
119	165	1.34548
119	166	1.3517
119	167	0.505027
119	171	1.40084
119	173	1.31995
119	176	1.37094
119	177	1.36832
119	179	1.30045
120	1	1.34332
120	14	1.36133
120	66	1.36078
120	70	1.33877
120	78	1.30378
120	79	0.508434
120	82	0.464918
120	87	0.462478
120	92	1.32833
120	99	1.23761
120	110	1.31847
120	114	1.29218
120	125	1.27345
120	130	0.534191
120	138	1.37322
120	143	0.586417
120	148	0.533561
120	152	0.518666
120	156	0.497508
120	157	1.28581
120	161	0.502226
120	167	1.32604
120	171	0.482811
120	173	1.28013
120	175	1.31637
120	178	1.33955
120	179	0.561066
120	180	1.32085
121	9	0.559784
121	31	0.486983
121	37	1.32517
121	40	1.33007
121	80	1.27937
121	88	0.503972
121	108	1.47829
121	111	0.435882
121	123	0.474827
121	124	1.44477
121	128	0.459684
121	132	1.35994
121	138	0.413131
121	140	0.46384
121	141	1.33064
121	147	0.42435
121	149	0.447553
121	154	0.416507
121	155	1.42101
121	158	1.45956
121	166	1.41993
121	169	1.38258
121	170	1.45518
121	171	1.46907
121	172	0.461173
121	176	1.43917
121	177	1.43655
121	179	1.36868
122	13	1.3845
122	31	1.31673
122	40	0.588646
122	44	0.476829
122	47	0.49112
122	55	0.47743
122	61	1.31506
122	62	0.511927
122	69	1.40052
122	76	0.481925
122	79	0.549173
122	85	0.567848
122	93	1.37137
122	95	1.33507
122	98	1.3277
122	100	1.3943
122	115	1.35227
122	123	1.31097
122	132	0.590307
122	136	1.39735
122	140	1.42599
122	142	0.564947
122	146	1.37743
122	151	1.42867
122	152	1.34723
122	153	1.3059
122	168	1.40894
122	171	0.52355
122	172	0.00181731
123	29	1.23735
123	36	0.555183
123	58	1.36538
123	77	1.25027
123	84	1.33706
123	101	1.30187
123	103	1.30187
123	106	1.3184
123	108	0.494021
123	115	1.24538
123	121	0.474827
123	122	1.31097
123	127	0.539715
123	130	0.56532
123	132	0.580697
123	133	1.23277
123	135	1.2929
123	136	1.29046
123	140	1.3191
123	146	1.27054
123	151	1.32177
123	158	0.509264
123	160	1.2668
123	161	1.26982
123	162	1.26727
123	165	0.556559
123	166	0.53049
123	171	0.51394
123	176	0.532077
124	13	0.448134
124	39	0.43714
124	50	0.486228
124	51	1.3691
124	82	1.4196
124	90	1.36632
124	121	1.44477
124	126	0.520691
124	132	1.29237
124	134	1.38982
124	139	0.485761
124	144	1.34662
124	147	0.460202
124	156	1.35691
124	157	0.473252
124	158	1.39199
124	161	1.35638
124	162	0.477245
124	166	1.35236
124	167	0.485619
124	168	1.38861
124	170	1.38761
124	172	0.497025
124	173	1.32061
124	174	1.34422
124	176	1.3716
124	178	0.464969
124	179	1.30111
124	180	0.507061
125	21	1.25062
125	44	0.478127
125	68	1.2271
125	70	1.31599
125	71	0.525292
125	86	1.35589
125	89	1.33497
125	99	1.21483
125	108	0.504929
125	116	1.31467
125	120	1.27345
125	138	1.35043
125	139	1.34752
125	148	0.575597
125	149	1.28147
125	153	1.2223
125	157	1.26302
125	158	0.520172
125	161	0.544263
125	166	0.541398
125	169	0.555797
125	170	0.520677
125	172	1.28198
125	173	1.25734
125	175	1.29358
125	176	0.542985
125	177	0.542818
125	178	1.31677
125	180	1.29807
126	28	1.26924
126	34	1.31296
126	44	0.477232
126	58	1.43226
126	75	1.33367
126	81	1.31958
126	102	1.34702
126	106	1.38528
126	109	1.38623
126	110	0.537318
126	113	1.34445
126	118	1.26123
126	124	0.520691
126	128	1.33876
126	131	1.29827
126	132	0.590709
126	133	1.29965
126	147	1.39241
126	152	1.30721
126	153	0.608984
126	161	1.3367
126	162	1.33415
126	163	0.557531
126	166	0.540503
126	168	0.545183
126	169	0.554901
126	170	0.519781
126	173	1.30093
126	179	0.602207
126	180	0.00209584
127	6	1.21125
127	7	0.467677
127	30	1.4901
127	54	0.504524
127	60	1.30112
127	66	0.497936
127	85	1.2897
127	86	0.46379
127	89	0.484815
127	92	0.490276
127	101	0.483513
127	110	1.35562
127	113	0.504857
127	118	1.27759
127	123	0.539715
127	142	1.35283
127	143	1.26535
127	144	1.3433
127	150	1.31791
127	154	0.481396
127	155	1.35012
127	159	1.36465
127	165	1.34281
127	166	1.34904
127	170	1.38429
127	172	0.526062
127	174	1.34089
127	177	1.36566
127	179	1.29779
127	180	0.536097
128	1	0.491964
128	25	1.31008
128	49	0.511053
128	50	1.33724
128	62	0.487175
128	64	1.29151
128	71	0.499242
128	73	1.31591
128	75	1.3346
128	77	1.31808
128	102	1.34795
128	106	1.38621
128	109	1.38716
128	110	0.512164
128	112	1.3595
128	113	1.34538
128	118	1.26216
128	121	0.459684
128	126	1.33876
128	129	0.520342
128	133	1.30058
128	147	1.39334
128	155	0.527818
128	158	0.494122
128	160	1.33461
128	162	1.33508
128	168	0.520028
128	171	0.498798
128	173	1.30186
128	177	0.516768
129	4	0.460152
129	27	1.17353
129	51	1.34812
129	66	0.493705
129	70	0.482545
129	87	1.39174
129	101	0.479282
129	111	0.49654
129	112	0.493463
129	113	0.500626
129	119	1.35555
129	128	0.520342
129	136	0.483215
129	139	0.510566
129	142	1.33517
129	144	1.32564
129	150	1.30025
129	155	1.33246
129	158	1.37101
129	159	1.34699
129	165	1.32515
129	166	1.33138
129	169	1.29403
129	170	1.36663
129	171	1.38052
129	172	0.521831
129	174	1.32323
129	176	1.35062
129	177	1.348
129	180	0.531866
130	24	0.530155
130	25	0.542032
130	30	1.44918
130	40	1.21825
130	48	1.3889
130	65	1.26014
130	93	0.501803
130	103	0.495201
130	119	1.33229
130	120	0.534191
130	123	0.56532
130	135	0.410847
130	137	0.523851
130	144	1.30238
130	145	1.23602
130	148	1.28628
130	150	1.27699
130	151	0.488197
130	162	0.531886
130	163	1.31934
130	164	1.28328
130	165	1.30189
130	166	1.30812
130	169	1.27076
130	171	1.35726
130	174	1.29997
130	175	0.51761
130	176	1.32736
130	177	1.32474
130	178	0.51961
130	179	1.25687
131	20	1.26584
131	33	1.27268
131	45	1.20719
131	53	0.517689
131	60	0.532884
131	83	1.35774
131	84	1.36438
131	101	1.32919
131	103	1.32919
131	109	1.34667
131	111	1.31188
131	112	1.31901
131	113	1.30489
131	119	0.506864
131	126	1.29827
131	133	1.26009
131	147	1.35285
131	150	0.545623
131	154	1.32191
131	155	0.519737
131	159	0.525766
131	161	1.29714
131	164	0.529616
131	166	0.507268
131	170	0.486547
131	173	1.26137
131	175	1.29761
131	176	0.508855
131	177	0.508688
131	179	0.568973
131	180	1.30209
132	11	1.14693
132	36	1.26506
132	60	1.21962
132	71	1.28672
132	82	1.33478
132	104	1.26234
132	118	1.19608
132	121	1.35994
132	122	0.590307
132	123	0.580697
132	124	1.29237
132	126	0.590709
132	135	0.426224
132	145	1.19544
132	149	0.553424
132	151	0.503574
132	157	0.54327
132	159	1.28315
132	160	0.536435
132	165	1.26131
132	167	0.555637
132	169	1.23018
132	170	1.30279
132	171	1.31668
132	174	1.25939
132	175	0.532987
132	176	1.28677
132	177	1.28416
132	178	0.534987
132	179	1.21629
133	1	0.48641
133	25	1.27097
133	34	1.27478
133	42	1.2216
133	46	0.730359
133	50	1.29812
133	54	1.29998
133	57	1.25894
133	73	1.2768
133	76	1.40319
133	77	1.27896
133	80	0.613189
133	82	0.475352
133	106	1.3471
133	110	0.506611
133	113	1.30627
133	117	1.15192
133	123	1.23277
133	126	1.29965
133	128	1.30058
133	131	1.26009
133	135	1.3216
133	141	1.20521
133	153	0.578277
133	160	1.2955
133	162	1.29597
133	165	0.535863
133	168	0.514475
133	170	0.489074
133	171	0.493245
133	176	0.511382
133	177	0.511215
134	23	1.11306
134	37	1.27021
134	44	1.43689
134	62	1.45559
134	65	1.31701
134	66	0.480911
134	77	0.495341
134	89	0.46779
134	92	0.473251
134	95	0.506422
134	111	0.483746
134	118	1.29353
134	119	1.38916
134	124	1.38982
134	136	0.470421
134	142	1.36877
134	145	1.29289
134	155	1.36606
134	157	0.485263
134	159	1.38059
134	162	0.489257
134	164	1.34014
134	166	1.36498
134	167	0.49763
134	169	1.32763
134	171	1.41412
134	172	0.509037
134	176	1.38422
134	177	1.3816
134	178	0.476981
134	179	1.31373
134	180	0.519072
135	9	1.22513
135	10	1.17999
135	23	0.839032
135	25	1.3311
135	34	1.33491
135	50	1.35826
135	57	1.31907
135	58	1.45421
135	62	0.347843
135	75	1.35562
135	77	1.3391
135	102	1.36897
135	106	1.40723
135	109	1.40818
135	113	1.3664
135	123	1.2929
135	130	0.410847
135	132	0.426224
135	133	1.3216
135	141	1.26534
135	143	0.463073
135	147	1.41436
135	150	0.414372
135	153	0.444498
135	155	0.388486
135	161	1.35865
135	162	1.3561
135	165	0.402085
135	168	0.380697
135	173	1.32288
135	176	0.377604
135	177	0.377437
136	13	1.364
136	14	0.505026
136	31	1.29622
136	51	0.484073
136	61	1.29455
136	69	1.38001
136	71	1.37137
136	93	1.35086
136	95	1.31456
136	98	1.30719
136	100	1.37379
136	110	0.475037
136	115	1.33177
136	119	0.477818
136	122	1.39735
136	123	1.29046
136	129	0.483215
136	134	0.470421
136	140	1.40549
136	141	0.568939
136	146	1.35693
136	150	0.516577
136	151	1.40816
136	152	1.32672
136	153	1.28539
136	156	1.35674
136	161	0.481086
136	165	0.504289
136	168	1.38844
136	169	0.49262
136	170	0.4575
136	173	0.529111
137	4	1.31961
137	5	1.32998
137	6	0.610486
137	7	1.35607
137	16	1.33113
137	21	1.26678
137	52	1.30243
137	53	0.499442
137	66	1.35417
137	70	1.33215
137	89	1.35113
137	96	1.26165
137	104	0.487441
137	107	1.26488
137	111	1.32402
137	116	1.33084
137	130	0.523851
137	138	1.3666
137	148	0.523221
137	150	0.527377
137	154	1.33406
137	156	0.487168
137	161	0.491886
137	167	1.31943
137	169	0.50342
137	171	0.472471
137	172	1.29815
137	175	1.30975
137	176	0.490608
137	177	0.490442
137	178	1.33293
137	179	0.550726
137	180	1.31423
138	4	1.40321
138	48	0.438783
138	86	1.45566
138	87	0.431912
138	92	1.40531
138	96	1.34524
138	97	1.46761
138	107	1.34848
138	116	1.41444
138	120	1.37322
138	121	0.413131
138	125	1.35043
138	137	1.3666
138	141	1.29957
138	143	0.555851
138	144	0.488307
138	145	0.55396
138	156	0.466942
138	157	1.36279
138	160	1.38986
138	161	0.47166
138	163	0.485824
138	165	0.494863
138	166	0.468795
138	167	1.40302
138	168	1.42511
138	169	0.483194
138	170	0.448074
138	172	1.38175
138	175	1.39335
138	177	0.470215
138	178	1.41653
138	180	1.39783
139	4	1.4003
139	5	1.41067
139	8	1.41432
139	12	1.41728
139	18	0.514203
139	22	1.34271
139	66	1.43485
139	70	1.41284
