1	94	0.804167
1	111	0.845256
1	128	1.38223
1	160	0.848487
1	162	0.887793
1	166	0.866944
1	174	0.7992
1	175	0.832407
1	176	0.820219
1	178	0.842921
1	179	0.823072
1	180	0.823256
2	25	0.78923
2	30	0.862485
2	56	0.821246
2	58	0.912247
2	60	0.821998
2	68	0.885964
2	70	0.897406
2	72	0.807134
2	92	0.783308
2	98	6.6
2	122	0.829923
2	177	3.00938
3	11	0.803928
3	17	0.799151
3	30	0.865561
3	49	0.847189
3	56	0.824322
3	58	0.915324
3	60	0.825074
3	70	0.900483
3	72	0.81021
3	122	0.832999
3	170	2.24297
3	176	3.17547
4	28	0.98361
4	36	0.879114
4	40	0.955733
4	47	0.942416
4	48	0.942577
4	50	0.942879
4	51	0.943258
4	53	0.94364
4	120	1.03546
4	144	1.01769
4	159	3.91654
4	171	0.869514
5	19	0.956775
5	20	0.962126
5	42	0.939626
5	54	0.916872
5	59	0.976443
5	65	0.886988
5	67	0.887412
5	83	1.5565
5	158	0.95985
5	163	2.06608
5	171	2.73569
5	177	0.906492
6	31	2.64958
6	98	0.758208
6	164	0.747909
6	167	0.813711
6	168	0.772179
6	169	0.772665
6	174	0.730165
6	175	0.763372
6	176	0.751185
6	178	0.773887
6	179	0.754038
6	180	0.754222
7	8	0.896293
7	81	0.948227
7	86	0.942254
7	88	0.943024
7	91	0.924824
7	94	0.971559
7	99	0.909023
7	122	1.51437
7	136	0.965695
7	152	0.976949
7	172	0.910526
7	179	3.63821
8	7	0.896293
8	31	0.848734
8	37	0.852864
8	75	0.865896
8	86	0.828304
8	88	0.829074
8	94	0.857609
8	99	0.795073
8	116	2.17704
8	132	2.73782
8	136	0.851745
8	172	0.796576
9	10	0.791379
9	13	0.907967
9	22	0.871444
9	27	0.879912
9	39	0.766434
9	44	0.830053
9	45	0.830237
9	62	0.894208
9	78	0.792451
9	110	0.869655
9	155	3.36068
9	162	1.94846
10	9	0.791379
10	13	0.90049
10	22	0.863967
10	27	0.872434
10	39	0.758957
10	44	0.822576
10	45	0.82276
10	62	0.88673
10	97	0.86703
10	105	0.829464
10	148	2.46047
10	165	2.93974
11	3	0.803928
11	49	0.842964
11	56	0.820097
11	58	0.911099
11	60	0.820849
11	68	0.884816
11	70	0.896258
11	72	0.805985
11	85	2.23923
11	92	0.78216
11	122	0.828774
11	166	2.94311
12	105	1.17497
12	147	0.82657
12	155	0.843744
12	156	0.862321
12	163	0.865054
12	167	0.871711
12	174	0.788165
12	176	0.809185
12	177	0.888926
12	178	0.831886
12	179	0.812038
12	180	0.812222
13	9	0.907967
13	10	0.90049
13	39	0.875544
13	44	0.939164
13	45	0.939348
13	62	1.00332
13	78	0.901561
13	105	0.946051
13	110	0.978765
13	163	2.67987
13	167	1.98626
13	177	1.46508
14	19	0.969502
14	33	0.86641
14	38	0.953777
14	54	0.929599
14	59	0.98917
14	65	0.899716
14	67	0.90014
14	122	1.38454
14	153	3.20737
14	158	0.972578
14	166	1.71042
14	177	0.919219
15	122	0.899449
15	127	0.740017
15	137	1.15221
15	166	0.85508
15	167	0.870881
15	168	0.829349
15	172	0.875931
15	174	0.787335
15	176	0.808354
15	178	0.831056
15	179	0.811207
15	180	0.811391
16	26	0.896438
16	28	0.885471
16	36	0.780975
16	40	0.857594
16	47	0.844278
16	48	0.844438
16	50	0.84474
16	51	0.845119
16	53	0.845502
16	161	2.12193
16	164	5.0488
16	171	0.771375
17	3	0.799151
17	25	0.783305
17	49	0.838187
17	56	0.815321
17	58	0.906322
17	68	0.880039
17	70	0.891481
17	72	0.801209
17	110	0.865301
17	122	0.823998
17	168	2.97487
17	180	2.89405
18	119	0.841472
18	127	0.824977
18	129	0.857695
18	130	0.849446
18	134	0.851809
18	136	1.61963
18	143	0.850722
18	145	0.837579
18	147	0.837056
18	149	0.830159
18	159	0.751781
18	168	0.761621
18	171	4.00816
19	5	0.956775
19	14	0.969502
19	33	0.832614
19	38	0.919981
19	59	0.955374
19	65	0.865919
19	66	1.37965
19	67	0.866343
19	87	2.11669
19	105	0.905365
19	152	2.34154
19	158	0.938781
19	177	0.885422
20	5	0.962126
20	33	0.837965
20	34	0.946747
20	54	0.901153
20	59	0.960724
20	65	0.87127
20	67	0.871694
20	105	0.910716
20	153	1.95713
20	158	0.944132
20	161	2.14218
20	168	3.13921
20	177	0.890773
21	117	2.28465
21	119	0.837084
21	128	0.813774
21	130	0.845058
21	131	0.843386
21	134	0.847421
21	145	0.83319
21	147	0.832668
21	149	0.82577
21	156	2.94865
21	158	0.869339
21	161	0.77864
21	170	0.759882
22	9	0.871444
22	10	0.863967
22	27	0.952499
22	39	0.839022
22	44	0.902641
22	45	0.902825
22	62	0.966795
22	83	1.52633
22	97	0.947095
22	105	0.909529
22	110	0.942243
22	163	2.03591
22	169	3.03453
23	43	4.2
23	90	0.92609
23	126	0.932291
23	137	0.927044
23	139	0.87429
23	141	1.46493
23	143	0.923845
23	145	0.910702
23	147	0.910179
23	149	0.903282
23	158	0.94685
23	170	0.837393
23	172	1.57756
24	69	0.877431
24	82	0.558756
24	100	1.4355
24	113	0.636057
24	122	0.959528
24	141	0.96758
24	152	0.988136
24	155	0.902993
24	165	0.898664
24	176	0.868433
24	178	0.891135
24	179	0.871286
24	180	0.87147
25	2	0.78923
25	17	0.783305
25	30	0.849715
25	49	0.831343
25	58	0.899477
25	60	0.809228
25	68	0.873194
25	70	0.884636
25	72	0.794364
25	92	0.770538
25	93	2.3869
25	122	0.817153
25	141	2.96181
26	16	0.896438
26	36	0.865476
26	40	0.942095
26	47	0.928779
26	48	0.928939
26	50	0.929241
26	51	0.92962
26	53	0.930003
26	78	0.883492
26	102	2.44625
26	121	1.31169
26	165	2.81711
26	171	0.855876
27	9	0.879912
27	10	0.872434
27	22	0.952499
27	39	0.847489
27	44	0.911108
27	45	0.911292
27	62	0.975263
27	78	0.873506
27	103	2.24173
27	105	0.917996
27	110	0.95071
27	157	0.954316
27	175	3.31083
28	4	0.98361
28	16	0.885471
28	32	1.21895
28	36	0.854509
28	40	0.931128
28	47	0.917812
28	48	0.917972
28	50	0.918274
28	51	0.918653
28	53	0.919035
28	139	2.66663
28	167	2.45046
28	171	0.844909
29	35	1.66211
29	69	0.796992
29	91	1.17929
29	146	0.897171
29	152	0.907698
29	154	0.809469
29	166	0.83472
29	173	0.799607
29	174	0.766975
29	175	0.800182
29	176	0.787995
29	178	0.810696
29	179	0.790848
29	180	0.791032
30	2	0.862485
30	3	0.865561
30	25	0.849715
30	56	0.881731
30	58	0.972732
30	60	0.882482
30	68	0.946449
30	72	0.867619
30	92	0.843793
30	110	0.931711
30	122	0.890408
30	155	1.68509
30	161	2.31024
30	173	3.26307
31	6	2.64958
31	8	0.848734
31	37	0.919255
31	74	0.921324
31	75	0.932287
31	79	0.845121
31	81	0.900668
31	86	0.894695
31	94	0.924
31	99	0.861464
31	103	1.55495
31	136	0.918136
31	165	1.71485
31	172	0.862967
32	28	1.21895
32	88	0.423183
32	110	0.464855
32	112	0.945622
32	162	0.924215
32	163	0.912511
32	165	0.886872
32	166	0.903367
32	169	0.878122
32	173	0.868254
32	175	0.868829
32	178	0.879343
32	179	0.859495
32	180	0.859679
33	14	0.86641
33	19	0.832614
33	20	0.837965
33	34	0.838304
33	38	0.816889
33	42	0.815464
33	54	0.792711
33	59	0.852282
33	65	0.762827
33	67	0.763251
33	114	1.78804
33	158	0.835689
33	165	3.97584
33	177	0.78233
34	20	0.946747
34	33	0.838304
34	38	0.925671
34	42	0.924247
34	59	0.961064
34	65	0.871609
34	66	1.2075
34	67	0.872034
34	105	0.911056
34	158	0.944471
34	161	2.71193
34	168	3.70896
34	177	0.891113
35	29	1.66211
35	37	0.929574
35	52	0.836408
35	74	0.931643
35	79	0.85544
35	81	0.910988
35	86	0.905014
35	88	0.905785
35	91	0.887584
35	94	0.934319
35	95	2.33865
35	99	0.871783
35	132	1.61727
35	172	0.873287
36	4	0.879114
36	16	0.780975
36	26	0.865476
36	28	0.854509
36	40	0.826632
36	47	0.813316
36	48	0.813476
36	50	0.813778
36	51	0.814157
36	53	0.81454
36	78	0.768029
36	118	2.25809
36	171	0.740414
36	178	3.38862
37	8	0.852864
37	31	0.919255
37	35	0.929574
37	74	0.925454
37	75	0.936417
37	79	0.849251
37	81	0.904799
37	88	0.899596
37	91	0.881395
37	99	0.865594
37	152	1.05327
37	170	2.4945
37	172	0.867098
37	173	3.5368
38	14	0.953777
38	19	0.919981
38	33	0.816889
38	34	0.925671
38	42	0.902831
38	54	0.880077
38	65	0.850194
38	67	0.850618
38	104	1.16864
38	105	0.88964
38	158	0.923056
38	168	3.72996
38	171	2.36863
38	177	0.869697
39	9	0.766434
39	10	0.758957
39	13	0.875544
39	22	0.839022
39	27	0.847489
39	44	0.797631
39	45	0.797814
39	62	0.861785
39	78	0.760028
39	97	0.842085
39	105	0.804518
39	110	0.837232
39	144	1.47308
39	159	4.37194
40	4	0.955733
40	16	0.857594
40	26	0.942095
40	28	0.931128
40	36	0.826632
40	47	0.889934
40	48	0.890095
40	50	0.890397
40	51	0.890776
40	53	0.891158
40	136	1.29444
40	163	3.01336
40	171	0.817032
40	172	2.53692
41	126	0.910931
41	127	0.87674
41	129	0.909458
41	131	0.899537
41	132	1.23
41	134	0.903572
41	135	0.915723
41	143	0.902485
41	145	0.889341
41	147	0.888819
41	149	0.881922
41	160	3.49924
41	170	0.816033
41	177	1.74455
42	5	0.939626
42	33	0.815464
42	34	0.924247
42	38	0.902831
42	54	0.878653
42	59	0.938224
42	65	0.84877
42	67	0.849194
42	105	0.888216
42	158	0.921631
42	164	5.03719
42	168	1.86776
42	170	1.87472
42	177	0.868273
43	23	4.2
43	118	0.793922
43	124	0.842809
43	151	0.772609
43	152	0.830883
43	165	0.741411
43	166	0.757906
43	169	0.732661
43	173	0.722793
43	175	0.723368
43	176	0.71118
43	178	0.733882
43	179	0.714033
43	180	0.714217
44	9	0.830053
44	10	0.822576
44	13	0.939164
44	22	0.902641
44	27	0.911108
44	39	0.797631
44	45	0.861434
44	62	0.925404
44	78	0.823647
44	97	0.905704
44	105	0.868138
44	110	0.900852
44	112	1.51467
44	153	2.88868
44	161	3.07374
45	9	0.830237
45	10	0.82276
45	13	0.939348
45	22	0.902825
45	27	0.911292
45	39	0.797814
45	44	0.861434
45	62	0.925588
45	66	1.3097
45	78	0.823831
45	97	0.905888
45	105	0.868321
45	110	0.901035
45	170	2.79383
45	180	3.79952
46	94	1.33389
46	107	1.75561
46	141	0.879933
46	154	0.80226
46	165	0.811017
46	167	0.843313
46	169	0.802267
46	172	0.848363
46	173	0.792399
46	174	0.759767
46	175	0.792974
46	176	0.780786
46	178	0.803488
46	179	0.783639
46	180	0.783823
47	4	0.942416
47	16	0.844278
47	26	0.928779
47	28	0.917812
47	36	0.813316
47	40	0.889934
47	48	0.876778
47	50	0.877081
47	51	0.877459
47	53	0.877842
47	78	0.831331
47	102	3.06549
47	144	1.61933
47	167	2.46314
47	171	0.803716
48	4	0.942577
48	16	0.844438
48	26	0.928939
48	28	0.917972
48	36	0.813476
48	40	0.890095
48	47	0.876778
48	50	0.877241
48	51	0.87762
48	53	0.878002
48	78	0.831492
48	171	0.803876
48	172	1.94815
48	174	5.78874
48	175	1.62584
49	3	0.847189
49	11	0.842964
49	17	0.838187
49	25	0.831343
49	56	0.863358
49	58	0.95436
49	60	0.86411
49	68	0.928077
49	70	0.939519
49	72	0.849246
49	92	0.825421
49	110	0.913339
49	150	3.67434
49	173	2.10857
49	180	2.07196
50	4	0.942879
50	16	0.84474
50	26	0.929241
50	28	0.918274
50	36	0.813778
50	40	0.890397
50	47	0.877081
50	48	0.877241
50	51	0.877922
50	53	0.878305
50	78	0.831794
50	138	1.4221
50	146	1.05559
50	171	0.804179
50	176	4.51077
51	4	0.943258
51	16	0.845119
51	26	0.92962
51	28	0.918653
51	36	0.814157
51	40	0.890776
51	47	0.877459
51	48	0.87762
51	50	0.877922
51	53	0.878683
51	78	0.832173
51	121	1.30855
51	139	2.05694
51	171	0.804557
51	179	3.68424
52	35	0.836408
52	74	0.832287
52	75	0.84325
52	79	0.756084
52	81	0.811632
52	86	0.805659
52	88	0.806429
52	91	0.788229
52	94	0.834964
52	97	0.843605
52	99	0.772427
52	124	2.22459
52	136	0.8291
52	166	3.72043
52	172	0.773931
53	4	0.94364
53	16	0.845502
53	26	0.930003
53	28	0.919035
53	36	0.81454
53	40	0.891158
53	47	0.877842
53	48	0.878002
53	50	0.878305
53	51	0.878683
53	78	0.832555
53	96	1.24664
53	139	2.37298
53	154	3.37202
53	171	0.80494
54	5	0.916872
54	14	0.929599
54	20	0.901153
54	33	0.792711
54	38	0.880077
54	42	0.878653
54	59	0.91547
54	65	0.826016
54	67	0.82644
54	93	1.39726
54	105	0.865462
54	158	0.898878
54	165	2.81634
54	170	3.48119
54	177	0.845519
55	61	0.863916
55	113	0.856917
55	119	0.874594
55	120	1.77918
55	127	0.858099
55	130	0.882568
55	131	0.880896
55	137	0.887043
55	145	0.8707
55	147	0.870178
55	149	0.86328
55	157	2.13113
55	158	0.906849
55	159	0.784903
55	168	0.794743
55	178	3.17856
56	2	0.821246
56	3	0.824322
56	11	0.820097
56	17	0.815321
56	30	0.881731
56	49	0.863358
56	58	0.931493
56	60	0.841243
56	68	0.90521
56	70	0.916652
56	72	0.82638
56	101	1.15422
56	110	0.890472
56	122	0.849169
56	162	2.07941
56	170	4.0273
57	74	0.870958
57	82	1.15402
57	111	0.845153
57	144	0.94122
57	145	0.847132
57	151	0.881545
57	155	0.854676
57	157	0.912961
57	167	0.882643
57	173	0.831729
57	175	0.832304
57	176	0.820116
57	177	0.899858
57	178	0.842818
57	179	0.82297
57	180	0.823153
58	2	0.912247
58	3	0.915324
58	11	0.911099
58	17	0.906322
58	25	0.899477
58	30	0.972732
58	49	0.95436
58	56	0.931493
58	60	0.932245
58	68	0.996211
58	72	0.917381
58	114	0.836176
58	122	0.94017
58	140	1.09825
58	159	3.22494
58	169	2.86213
59	5	0.976443
59	14	0.98917
59	19	0.955374
59	20	0.960724
59	33	0.852282
59	34	0.961064
59	42	0.938224
59	54	0.91547
59	65	0.885587
59	67	0.886011
59	117	1.22182
59	141	1.21521
59	150	5.35612
59	158	0.958449
59	167	1.11
59	177	0.90509
60	2	0.821998
60	3	0.825074
60	11	0.820849
60	25	0.809228
60	30	0.882482
60	49	0.86411
60	56	0.841243
60	58	0.932245
60	68	0.905962
60	70	0.917404
60	72	0.827131
60	84	1.96554
60	103	3.40332
60	110	0.891224
60	122	0.849921
60	141	1.97627
61	55	0.863916
61	90	0.878163
61	122	1.80128
61	123	0.854011
61	131	0.872971
61	135	0.889156
61	137	0.879117
61	143	0.875919
61	145	0.862775
61	147	0.862252
61	149	0.855355
61	158	0.898923
61	161	0.808225
61	170	0.789466
61	177	1.56047
61	179	3.92511
62	9	0.894208
62	10	0.88673
62	13	1.00332
62	22	0.966795
62	27	0.975263
62	39	0.861785
62	44	0.925404
62	45	0.925588
62	78	0.887802
62	89	0.844953
62	97	0.969859
62	105	0.932292
62	110	0.965006
62	112	1.78374
62	162	1.30544
62	180	4.25902
63	70	0.51858
63	90	1.23588
63	125	0.940369
63	148	0.905802
63	157	0.92279
63	160	0.858213
63	165	0.860176
63	166	0.87667
63	167	0.892472
63	169	0.851425
63	170	0.853588
63	174	0.808926
63	176	0.829945
63	178	0.852647
63	179	0.832798
63	180	0.832982
64	102	1.68826
64	119	0.925689
64	123	0.913031
64	125	0.911023
64	126	0.943385
64	130	0.933663
64	131	0.931991
64	132	0.962755
64	133	0.930201
64	135	0.948177
64	137	0.938138
64	147	0.921273
64	149	0.914376
64	153	2.62838
64	168	0.845838
64	170	0.848487
64	173	3.76626
65	5	0.886988
65	14	0.899716
65	19	0.865919
65	20	0.87127
65	33	0.762827
65	34	0.871609
65	38	0.850194
65	42	0.84877
65	54	0.826016
65	59	0.885587
65	67	0.796556
65	105	0.835579
65	139	3.26726
65	142	2.01956
65	146	2.16646
65	158	0.868994
65	177	0.815636
66	19	1.37965
66	34	1.2075
66	45	1.3097
66	74	0.560407
66	121	0.986117
66	140	0.964624
66	150	0.885633
66	157	0.977414
66	162	0.952143
66	169	0.906049
66	173	0.896181
66	174	0.863549
66	175	0.896756
66	176	0.884569
66	178	0.90727
66	179	0.887422
66	180	0.887606
67	5	0.887412
67	14	0.90014
67	19	0.866343
67	20	0.871694
67	33	0.763251
67	34	0.872034
67	38	0.850618
67	42	0.849194
67	54	0.82644
67	59	0.886011
67	65	0.796556
67	105	0.836003
67	136	1.6159
67	158	0.869418
67	172	1.04215
67	174	7.13317
67	177	0.81606
68	2	0.885964
68	11	0.884816
68	17	0.880039
68	25	0.873194
68	30	0.946449
68	49	0.928077
68	56	0.90521
68	58	0.996211
68	60	0.905962
68	70	0.98137
68	72	0.891098
68	92	0.867272
68	101	0.796521
68	110	0.95519
68	112	2.2
68	152	1.21376
68	159	4.08658
69	24	0.877431
69	29	0.796992
69	85	0.806359
69	101	0.863857
69	116	0.819457
69	129	3.91346
69	159	0.695808
69	162	0.752228
69	165	0.714885
69	166	0.731379
69	169	0.706134
69	174	0.663635
69	175	0.696842
69	176	0.684654
69	179	0.687507
69	180	0.687691
70	2	0.897406
70	3	0.900483
70	11	0.896258
70	17	0.891481
70	25	0.884636
70	49	0.939519
70	56	0.916652
70	60	0.917404
70	63	0.51858
70	68	0.98137
70	72	0.90254
70	92	0.878714
70	110	0.966633
70	111	3.78473
70	115	1.20962
70	122	0.925329
70	177	1.71907
71	113	0.846736
71	124	1.39351
71	125	0.849747
71	126	0.882108
71	128	0.841103
71	130	0.872387
71	131	0.870715
71	143	0.873663
71	144	2.00001
71	145	0.860519
71	147	0.859996
71	149	0.853099
71	154	4.05904
71	158	0.896668
71	161	0.805969
71	168	0.784562
71	170	0.787211
72	2	0.807134
72	3	0.81021
72	11	0.805985
72	17	0.801209
72	25	0.794364
72	30	0.867619
72	49	0.849246
72	56	0.82638
72	58	0.917381
72	60	0.827131
72	68	0.891098
72	70	0.90254
72	92	0.788442
72	96	2.57564
72	110	0.87636
72	122	0.835057
72	144	2.642
72	146	2.60118
73	80	0.91989
73	82	0.925708
73	108	1.29455
73	123	0.888348
73	127	0.88451
73	128	0.877696
73	129	0.917229
73	130	0.90898
73	133	0.905517
73	137	0.913454
73	139	0.8607
73	145	0.897112
73	147	0.896589
73	149	0.889692
73	151	2.63453
73	158	0.93326
73	160	3.20062
73	166	2.01262
74	31	0.921324
74	35	0.931643
74	37	0.925454
74	52	0.832287
74	57	0.870958
74	66	0.560407
74	75	0.938486
74	79	0.85132
74	81	0.906867
74	86	0.900894
74	91	0.883464
74	94	0.930199
74	97	0.938841
74	99	0.867663
74	136	0.924335
74	146	1.45545
74	172	0.869166
74	175	4.2225
75	8	0.865896
75	31	0.932287
75	37	0.936417
75	52	0.84325
75	74	0.938486
75	79	0.862283
75	81	0.91783
75	84	0.907909
75	86	0.911857
75	88	0.912627
75	91	0.894427
75	94	0.941162
75	96	0.917111
75	99	0.878626
75	142	1.37054
75	155	2.81288
75	172	0.880129
75	176	4.28105
76	82	0.918223
76	100	0.875511
76	123	0.880863
76	126	0.911216
76	127	0.877025
76	128	0.870211
76	129	0.909744
76	133	0.898032
76	134	0.903857
76	135	0.916008
76	138	1.38999
76	141	1.29437
76	143	0.902771
76	145	0.889627
76	147	0.889104
76	149	0.882207
76	156	1.90845
76	159	0.803829
76	180	4.55186
77	82	2.72912
77	111	0.757638
77	138	0.850956
77	140	0.812656
77	142	0.864611
77	148	0.808458
77	152	0.852304
77	157	0.825446
77	158	1.68697
77	162	0.800175
77	165	0.762832
77	167	0.795128
77	171	0.76018
77	173	0.744214
77	174	0.711582
77	175	0.744789
77	176	0.732601
77	179	0.735454
77	180	0.735638
78	9	0.792451
78	13	0.901561
78	26	0.883492
78	27	0.873506
78	36	0.768029
78	39	0.760028
78	44	0.823647
78	45	0.823831
78	47	0.831331
78	48	0.831492
78	50	0.831794
78	51	0.832173
78	53	0.832555
78	62	0.887802
78	110	0.863249
78	115	2.08886
78	162	2.80964
78	167	3.11948
78	171	0.758429
79	31	0.845121
79	35	0.85544
79	37	0.849251
79	52	0.756084
79	74	0.85132
79	75	0.862283
79	81	0.830664
79	86	0.824691
79	88	0.825461
79	91	0.807261
79	93	0.851791
79	94	0.853996
79	96	1.86061
79	97	0.862638
79	99	0.79146
79	111	4.31527
79	136	0.848132
79	142	1.73924
79	172	0.792963
80	73	0.91989
80	115	1.50999
80	118	1.98342
80	123	0.883573
80	125	0.881565
80	127	0.879735
80	128	0.872921
80	130	0.904204
80	131	0.902533
80	134	0.906567
80	143	0.905481
80	145	0.892337
80	147	0.891814
80	149	0.884917
80	151	3.20804
80	158	0.928485
80	168	0.81638
80	170	0.819028
80	177	2.01944
81	7	0.948227
81	31	0.900668
81	35	0.910988
81	37	0.904799
81	52	0.811632
81	74	0.906867
81	75	0.91783
81	79	0.830664
81	85	1.78908
81	88	0.881009
81	91	0.862809
81	94	0.909544
81	97	0.918185
81	99	0.847007
81	114	1.23284
81	136	0.90368
81	138	1.92931
81	170	4.08549
81	172	0.848511
82	24	0.558756
82	57	1.15402
82	73	0.925708
82	76	0.918223
82	77	2.72912
82	100	0.884039
82	108	1.93962
82	113	0.884372
82	125	0.887383
82	126	0.919744
82	135	0.924536
82	137	0.914497
82	139	0.861743
82	143	0.911299
82	145	0.898155
82	149	0.890735
82	159	0.812357
82	161	0.843605
82	170	0.824847
83	5	1.5565
83	22	1.52633
83	112	0.877776
83	126	2.16314
83	140	0.86885
83	152	0.908498
83	153	0.833659
83	156	0.841932
83	162	0.856369
83	164	0.78552
83	166	0.835521
83	169	0.810276
83	170	0.812438
83	173	0.800408
83	174	0.767776
83	175	0.800983
83	176	0.788795
83	178	0.811497
83	179	0.791649
83	180	0.791832
84	60	1.96554
84	75	0.907909
84	86	0.870317
84	88	0.871087
84	91	0.852887
84	93	0.897417
84	99	0.837086
84	110	0.195558
84	130	1.89623
84	136	0.893758
84	150	0.772077
84	166	0.817738
84	169	0.792493
84	172	0.838589
84	174	0.749993
84	175	0.7832
84	176	0.771013
84	178	0.793714
84	179	0.773866
84	180	0.77405
85	11	2.23923
85	69	0.806359
85	81	1.78908
85	88	0.996326
85	111	0.822398
85	118	0.880103
85	146	0.906538
85	150	0.798425
85	154	0.818835
85	166	0.844086
85	167	0.859888
85	168	0.818355
85	169	0.818841
85	173	0.808974
85	174	0.776342
85	175	0.809549
85	176	0.797361
85	178	0.820063
85	179	0.800214
85	180	0.800398
86	7	0.942254
86	8	0.828304
86	31	0.894695
86	35	0.905014
86	52	0.805659
86	74	0.900894
86	75	0.911857
86	79	0.824691
86	84	0.870317
86	88	0.875036
86	91	0.856835
86	93	0.901365
86	94	0.90357
86	99	0.841034
86	109	1.42312
86	136	0.897707
86	144	1.14481
86	163	2.68224
86	172	0.842538
86	173	4.66898
87	19	2.11669
87	115	0.926128
87	126	0.936464
87	141	0.891306
87	146	0.901336
87	147	1.07187
87	150	0.793224
87	151	0.853588
87	157	0.885005
87	162	0.859733
87	164	0.788884
87	169	0.81364
87	173	0.803772
87	174	0.77114
87	175	0.804347
87	176	0.792159
87	178	0.814861
87	179	0.795013
87	180	0.795196
88	7	0.943024
88	8	0.829074
88	32	0.423183
88	35	0.905785
88	37	0.899596
88	52	0.806429
88	75	0.912627
88	79	0.825461
88	81	0.881009
88	84	0.871087
88	85	0.996326
88	86	0.875036
88	91	0.857606
88	93	0.902136
88	94	0.904341
88	99	0.841805
88	136	0.898477
88	151	2.32211
88	168	4.37924
88	172	0.843308
89	62	0.844953
89	117	0.874491
89	119	1.83091
89	125	1.89171
89	138	0.905244
89	151	0.848318
89	153	0.831752
89	154	0.808363
89	160	0.815157
89	165	0.81712
89	167	0.849416
89	169	0.808369
89	171	0.814468
89	172	0.854466
89	173	0.798502
89	174	0.76587
89	175	0.799077
89	178	0.809591
89	179	0.789742
89	180	0.789926
90	23	0.92609
90	61	0.878163
90	63	1.23588
90	107	0.898747
90	113	0.871165
90	122	2.67718
90	123	0.876183
90	125	0.874175
90	128	0.865532
90	133	0.893353
90	135	0.911329
90	136	1.93224
90	137	0.90129
90	143	0.898091
90	145	0.884948
90	149	0.877528
90	161	0.830398
90	162	2.6477
90	168	0.808991
90	170	0.811639
91	7	0.924824
91	29	1.17929
91	35	0.887584
91	37	0.881395
91	52	0.788229
91	74	0.883464
91	75	0.894427
91	79	0.807261
91	81	0.862809
91	84	0.852887
91	86	0.856835
91	88	0.857606
91	93	0.883935
91	94	0.88614
91	97	0.894782
91	99	0.823604
91	136	0.880276
91	142	1.13864
91	166	2.21569
91	172	0.825108
91	179	4.01364
92	2	0.783308
92	11	0.78216
92	25	0.770538
92	30	0.843793
92	49	0.825421
92	68	0.867272
92	70	0.878714
92	72	0.788442
92	110	0.852535
92	122	0.811231
92	123	0.808323
92	125	0.806315
92	126	0.838677
92	137	0.83343
92	143	0.830231
92	145	0.817088
92	147	0.816565
92	156	2.47545
92	157	2.00101
92	168	0.741131
92	175	4.35753
93	25	2.3869
93	54	1.39726
93	79	0.851791
93	84	0.897417
93	86	0.901365
93	88	0.902136
93	91	0.883935
93	94	0.93067
93	99	0.868134
93	131	0.645625
93	137	0.560848
93	139	0.8626
93	161	0.844462
93	165	0.832291
93	166	0.848786
93	169	0.823541
93	172	0.869638
93	173	0.813673
93	175	0.814248
93	178	0.824763
93	179	0.804914
93	180	0.805098
94	1	0.804167
94	7	0.971559
94	8	0.857609
94	31	0.924
94	35	0.934319
94	46	1.33389
94	52	0.834964
94	74	0.930199
94	75	0.941162
94	79	0.853996
94	81	0.909544
94	86	0.90357
94	88	0.904341
94	91	0.88614
94	93	0.93067
94	97	0.941517
94	99	0.870339
94	101	1.03003
94	136	0.927011
94	156	2.26539
94	160	3.49857
94	172	0.871843
95	35	2.33865
95	124	0.902554
95	137	1.43515
95	141	0.870072
95	146	0.880102
95	150	0.77199
95	151	0.832354
95	153	0.815789
95	156	0.824062
95	158	1.26665
95	162	0.838499
95	164	0.76765
95	166	0.817651
95	167	0.833452
95	171	0.798504
95	173	0.782538
95	174	0.749906
95	175	0.783113
95	176	0.770925
95	178	0.793627
95	179	0.773779
95	180	0.773963
96	53	1.24664
96	72	2.57564
96	75	0.917111
96	79	1.86061
96	119	0.896612
96	127	0.880117
96	128	0.873302
96	131	0.902914
96	133	0.901123
96	143	0.905862
96	145	0.892718
96	147	0.892195
96	149	0.885298
96	156	0.848903
96	157	0.888612
96	164	0.792491
96	173	0.807379
96	175	0.807954
96	176	0.795767
96	178	0.818468
96	179	0.79862
96	180	0.798804
97	10	0.86703
97	22	0.947095
97	39	0.842085
97	44	0.905704
97	45	0.905888
97	52	0.843605
97	62	0.969859
97	74	0.938841
97	79	0.862638
97	81	0.918185
97	91	0.894782
97	94	0.941517
97	99	0.878981
97	105	0.912592
97	110	0.945306
97	132	1.37674
97	136	0.935653
97	142	1.38092
97	152	1.59467
97	161	4.13998
97	162	2.10262
97	172	0.880484
98	2	6.6
98	6	0.758208
98	102	0.76479
98	142	0.81469
98	144	0.803783
98	146	0.791856
98	148	0.758537
98	153	0.727543
98	155	0.71724
98	161	0.725081
98	163	0.738549
98	164	0.679404
98	166	0.729405
98	167	0.745206
98	169	0.70416
98	170	0.706323
98	172	0.750257
98	173	0.694293
98	175	0.694868
98	176	0.68268
98	178	0.705382
98	180	0.685717
99	7	0.909023
99	8	0.795073
99	31	0.861464
99	35	0.871783
99	37	0.865594
99	52	0.772427
99	74	0.867663
99	75	0.878626
99	79	0.79146
99	81	0.847007
99	84	0.837086
99	86	0.841034
99	88	0.841805
99	91	0.823604
99	93	0.868134
99	94	0.870339
99	97	0.878981
99	104	2.99018
99	109	2.26143
99	136	0.864475
99	167	2.82694
99	172	0.809307
99	177	2.30577
100	24	1.4355
100	76	0.875511
100	82	0.884039
100	106	2.35793
100	113	0.84166
100	114	2.28528
100	127	0.842842
100	128	0.836027
100	129	0.87556
100	130	0.867311
100	133	0.863848
100	134	0.869673
100	135	0.881824
100	137	0.871785
100	139	0.819031
100	143	0.868587
100	145	0.855443
100	147	0.85492
100	149	0.848023
100	157	3.02579
100	159	0.769645
100	168	0.779486
100	170	0.782134
101	56	1.15422
101	68	0.796521
101	69	0.863857
101	94	1.03003
101	125	1.42701
101	138	0.973214
101	145	1.08123
101	146	0.964036
101	150	0.855924
101	155	0.889419
101	156	0.907996
101	157	0.947704
101	162	0.922433
101	163	0.910729
101	165	0.88509
101	166	0.901585
101	169	0.87634
101	173	0.866472
101	175	0.867047
101	176	0.854859
101	178	0.877561
101	179	0.857712
101	180	0.857896
102	26	2.44625
102	47	3.06549
102	64	1.68826
102	98	0.76479
102	109	0.86436
102	132	0.910584
102	138	0.876121
102	146	0.866943
102	160	0.786035
102	162	0.825341
102	163	0.813636
102	164	0.754491
102	165	0.787997
102	166	0.804492
102	167	0.820293
102	170	0.78141
102	171	0.785345
102	173	0.769379
102	174	0.736747
102	175	0.769954
102	176	0.757767
102	178	0.780468
102	179	0.76062
102	180	0.760804
103	27	2.24173
103	31	1.55495
103	60	3.40332
103	104	0.837159
103	118	0.839758
103	138	0.87537
103	140	0.837071
103	148	0.832873
103	151	0.818445
103	152	0.876719
103	153	0.801879
103	156	0.810153
103	160	0.785284
103	161	0.799417
103	163	0.812885
103	164	0.75374
103	168	0.77801
103	173	0.768628
103	174	0.735996
103	175	0.769203
103	176	0.757016
103	178	0.779718
103	179	0.759869
103	180	0.760053
104	38	1.16864
104	99	2.99018
104	103	0.837159
104	117	0.843401
104	120	0.857274
104	121	0.857347
104	124	0.887428
104	137	1.91272
104	146	0.864976
104	154	0.777273
104	156	0.808936
104	157	0.848644
104	160	0.784067
104	165	0.78603
104	169	0.77728
104	171	0.783378
104	172	0.823376
104	174	0.73478
104	175	0.767987
104	176	0.755799
104	178	0.778501
104	179	0.758652
104	180	0.758836
105	10	0.829464
105	12	1.17497
105	13	0.946051
105	19	0.905365
105	20	0.910716
105	22	0.909529
105	27	0.917996
105	34	0.911056
105	38	0.88964
105	39	0.804518
105	42	0.888216
105	44	0.868138
105	45	0.868321
105	54	0.865462
105	62	0.932292
105	65	0.835579
105	67	0.836003
105	97	0.912592
105	146	1.57828
105	152	1.64512
105	158	0.908441
105	165	3.43612
105	166	2.50843
105	177	0.855082
106	100	2.35793
106	125	1.52008
106	131	0.692314
106	138	0.912045
106	148	0.869548
106	151	0.855119
106	152	0.913394
106	155	0.828251
106	156	0.846827
106	158	0.439035
106	160	0.821959
106	162	0.861265
106	163	0.84956
106	166	0.840416
106	167	0.856217
106	168	0.814685
106	169	0.815171
106	173	0.805303
106	175	0.805878
106	176	0.793691
106	177	0.873432
106	178	0.816392
106	179	0.796544
106	180	0.796728
107	46	1.75561
107	90	0.898747
107	113	0.869576
107	125	0.872587
107	127	0.870758
107	128	0.863943
107	130	0.895227
107	131	0.893555
107	133	0.891764
107	134	0.897589
107	135	0.90974
107	137	0.899701
107	139	0.846947
107	140	2.61513
107	143	0.896503
107	145	0.883359
107	146	1.80214
107	147	0.882836
107	149	0.875939
107	152	1.86899
107	158	0.919508
107	159	0.797561
107	167	2.68677
107	168	0.807402
107	170	0.810051
108	73	1.29455
108	82	1.93962
108	109	0.924064
108	114	0.948738
108	117	0.905072
108	120	0.918945
108	130	1.22134
108	131	0.534914
108	149	0.27661
108	151	0.878899
108	153	0.862333
108	154	0.838944
108	156	0.870607
108	157	0.910315
108	160	0.845738
108	161	0.859872
108	162	0.885044
108	164	0.814195
108	167	0.879997
108	169	0.838951
108	174	0.796451
108	175	0.829658
108	177	0.897212
108	178	0.840172
108	179	0.820323
108	180	0.820507
109	86	1.42312
109	99	2.26143
109	102	0.86436
109	108	0.924064
109	116	0.917053
109	135	0.889625
109	143	1.82397
109	150	0.783314
109	151	0.843679
109	152	0.901953
109	155	0.81681
109	157	0.875095
109	160	0.810518
109	162	0.849824
109	163	0.838119
109	164	0.778974
109	167	0.844776
109	172	0.849827
109	173	0.793862
109	174	0.76123
109	176	0.78225
109	177	0.861991
109	178	0.804952
109	179	0.785103
109	180	0.785287
110	9	0.869655
110	13	0.978765
110	17	0.865301
110	22	0.942243
110	27	0.95071
110	30	0.931711
110	32	0.464855
110	39	0.837232
110	44	0.900852
110	45	0.901035
110	49	0.913339
110	56	0.890472
110	60	0.891224
110	62	0.965006
110	68	0.95519
110	70	0.966633
110	72	0.87636
110	78	0.863249
110	84	0.195558
110	92	0.852535
110	97	0.945306
110	122	0.899149
110	139	1.03619
110	148	1.31396
110	160	2.05354
110	164	6.71401
111	1	0.845256
111	57	0.845153
111	70	3.78473
111	77	0.757638
111	79	4.31527
111	85	0.822398
111	120	0.802167
111	121	0.802241
111	132	0.853511
111	148	0.77655
111	151	0.762122
111	154	0.722167
111	155	0.735253
111	157	0.793538
111	162	0.768267
111	164	0.697417
111	166	0.747418
111	167	0.76322
111	169	0.722173
111	171	0.728272
111	173	0.712306
111	174	0.679674
111	175	0.712881
111	176	0.700693
111	178	0.723395
111	179	0.703546
111	180	0.70373
112	32	0.945622
112	44	1.51467
112	62	1.78374
112	68	2.2
112	83	0.877776
112	120	0.866111
112	121	0.866185
112	126	2.14756
112	141	0.863784
112	144	0.88574
112	148	0.840494
112	153	0.8095
112	157	0.857482
112	159	0.775791
112	160	0.792905
112	162	0.832211
112	163	0.820506
112	165	0.794868
112	169	0.786117
112	170	0.78828
112	171	0.792216
112	173	0.77625
112	174	0.743618
112	175	0.776825
112	176	0.764637
112	178	0.787339
112	179	0.76749
112	180	0.767674
113	24	0.636057
113	55	0.856917
113	71	0.846736
113	82	0.884372
113	90	0.871165
113	100	0.84166
113	107	0.869576
113	125	0.845004
113	126	0.877365
113	127	0.843175
113	128	0.83636
113	129	0.875893
113	133	0.864181
113	134	0.870007
113	135	0.882158
113	137	0.872119
113	143	0.86892
113	145	0.855776
113	147	0.855254
113	149	0.848356
113	155	3.1269
113	158	0.891925
113	159	0.769979
113	168	0.779819
113	170	0.782468
113	172	2.2417
113	178	2.59786
113	179	3.86799
114	33	1.78804
114	58	0.836176
114	81	1.23284
114	100	2.28528
114	108	0.948738
114	120	0.908399
114	121	0.908472
114	132	0.959742
114	134	1.58357
114	140	0.886979
114	144	0.928028
114	150	0.807989
114	151	0.868353
114	153	0.851788
114	155	0.841484
114	160	0.835193
114	163	0.862794
114	164	0.803649
114	165	0.837155
114	168	0.827919
114	171	0.834503
114	173	0.818537
114	174	0.785905
114	175	0.819112
114	176	0.806924
114	178	0.829626
114	179	0.809778
114	180	0.809962
115	70	1.20962
115	78	2.08886
115	80	1.50999
115	87	0.926128
115	125	1.63141
115	132	0.962442
115	144	0.930728
115	150	0.810689
115	151	0.871053
115	154	0.831099
115	157	0.90247
115	158	0.55037
115	160	0.837893
115	162	0.877199
115	163	0.865494
115	164	0.806349
115	165	0.839856
115	166	0.85635
115	167	0.872151
115	169	0.831105
115	170	0.833268
115	171	0.837204
115	174	0.788605
115	175	0.821812
115	176	0.809625
115	178	0.832327
115	179	0.812478
115	180	0.812662
116	8	2.17704
116	69	0.819457
116	109	0.917053
116	119	1.00474
116	126	0.382603
116	132	0.963277
116	134	1.20167
116	140	0.890514
116	142	0.942469
116	145	0.719756
116	154	0.831933
116	155	0.845019
116	157	0.903305
116	159	0.821613
116	160	0.838728
116	163	0.866329
116	164	0.807184
116	165	0.84069
116	166	0.857185
116	171	0.838038
116	173	0.822072
116	174	0.78944
116	175	0.822647
116	176	0.810459
116	177	0.890201
116	178	0.833161
116	179	0.813313
116	180	0.813496
117	21	2.28465
117	59	1.22182
117	89	0.874491
117	104	0.843401
117	108	0.905072
117	118	0.846
117	132	0.916076
117	134	2.13451
117	141	0.862405
117	145	1.6526
117	150	0.764322
117	151	0.824687
117	153	0.808121
117	154	0.784732
117	155	0.797818
117	161	0.805659
117	162	0.830832
117	163	0.819127
117	164	0.759982
117	165	0.793489
117	166	0.809983
117	170	0.786901
117	174	0.742239
117	175	0.775446
117	176	0.763258
117	177	0.842999
117	178	0.78596
117	179	0.766111
117	180	0.766295
118	36	2.25809
118	43	0.793922
118	80	1.98342
118	85	0.880103
118	103	0.839758
118	117	0.846
118	121	0.859946
118	128	2.28592
118	138	0.876753
118	141	0.857545
118	146	0.867575
118	148	0.834255
118	150	0.759462
118	155	0.792958
118	157	0.851243
118	158	1.0238
118	159	0.769552
118	163	0.814268
118	164	0.755123
118	166	0.805124
118	167	0.820925
118	169	0.779878
118	173	0.770011
118	174	0.737379
118	175	0.770586
118	176	0.758398
118	177	0.83814
118	178	0.7811
118	179	0.761251
118	180	0.761435
119	18	0.841472
119	21	0.837084
119	55	0.874594
119	64	0.925689
119	89	1.83091
119	96	0.896612
119	116	1.00474
119	121	2.06902
119	123	0.864689
119	126	0.895042
119	127	0.860852
119	128	0.854037
119	129	0.89357
119	130	0.885321
119	131	0.883649
119	133	0.881858
119	134	0.887683
119	135	0.899834
119	137	0.889795
119	138	2.08311
119	143	0.886597
119	144	1.75742
119	145	0.873453
119	147	0.87293
119	149	0.866033
119	154	3.81644
119	158	0.909602
119	159	0.787655
119	161	0.818903
119	168	0.797496
119	170	0.800145
120	4	1.03546
120	55	1.77918
120	104	0.857274
120	108	0.918945
120	111	0.802167
120	112	0.866111
120	114	0.908399
120	133	1.58586
120	134	1.97212
120	137	0.923445
120	140	0.857186
120	141	0.876278
120	142	0.909141
120	144	0.898234
120	146	0.886307
120	148	0.852988
120	150	0.778195
120	154	0.798605
120	155	0.811691
120	159	0.788285
120	163	0.833
120	165	0.807362
120	166	0.823856
120	167	0.839657
120	171	0.80471
120	173	0.788743
120	174	0.756111
120	175	0.789318
120	176	0.777131
120	178	0.799833
120	179	0.779984
120	180	0.780168
121	26	1.31169
121	51	1.30855
121	66	0.986117
121	104	0.857347
121	111	0.802241
121	112	0.866185
121	114	0.908472
121	118	0.859946
121	119	2.06902
121	123	1.11436
121	124	0.908833
121	139	0.837744
121	140	0.857259
121	142	0.909214
121	145	1.78404
121	146	0.886381
121	148	0.853061
121	156	0.830341
121	163	0.833074
121	164	0.773929
121	167	0.839731
121	169	0.798685
121	170	0.800847
121	171	0.804783
121	173	0.788817
121	174	0.756185
121	175	0.789392
121	176	0.777204
121	178	0.799906
121	179	0.780058
121	180	0.780241
122	2	0.829923
122	3	0.832999
122	7	1.51437
122	11	0.828774
122	14	1.38454
122	15	0.899449
122	17	0.823998
122	24	0.959528
122	25	0.817153
122	30	0.890408
122	56	0.849169
122	58	0.94017
122	60	0.849921
122	61	1.80128
122	70	0.925329
122	72	0.835057
122	90	2.67718
122	92	0.811231
122	110	0.899149
122	149	1.2956
122	150	0.767815
122	153	0.811614
122	154	0.788225
122	165	0.796982
122	167	0.829278
122	173	0.778364
122	174	0.745732
122	175	0.778939
122	176	0.766751
122	178	0.789453
122	179	0.769604
122	180	0.769788
123	61	0.854011
123	64	0.913031
123	73	0.888348
123	76	0.880863
123	80	0.883573
123	90	0.876183
123	92	0.808323
123	119	0.864689
123	121	1.11436
123	125	0.850023
123	126	0.882384
123	129	0.880912
123	130	0.872663
123	131	0.870991
123	133	0.8692
123	134	0.875025
123	135	0.887176
123	136	1.34219
123	137	0.877137
123	139	0.824383
123	140	1.57493
123	143	0.873939
123	145	0.860795
123	147	0.860272
123	149	0.853375
123	158	0.896943
123	161	0.806245
123	168	0.784838
123	169	3.33881
123	170	0.787486
123	171	3.0098
123	179	3.49005
124	43	0.842809
124	52	2.22459
124	71	1.39351
124	95	0.902554
124	104	0.887428
124	121	0.908833
124	127	0.608784
124	130	1.07038
124	134	1.34785
124	141	0.906432
124	145	0.865937
124	151	0.868714
124	152	0.926988
124	153	0.852149
124	154	0.828759
124	155	0.841845
124	156	0.860422
124	157	0.90013
124	162	0.874859
124	163	0.863155
124	164	0.80401
124	165	0.837516
124	166	0.854011
124	167	0.869812
124	169	0.828766
124	170	0.830928
124	172	0.874862
124	173	0.818898
124	175	0.819473
124	176	0.807285
124	178	0.829987
124	179	0.810139
124	180	0.810322
125	63	0.940369
125	64	0.911023
125	71	0.849747
125	80	0.881565
125	82	0.887383
125	89	1.89171
125	90	0.874175
125	92	0.806315
125	101	1.42701
125	106	1.52008
125	107	0.872587
125	113	0.845004
125	115	1.63141
125	123	0.850023
125	126	0.880376
125	127	0.846186
125	128	0.839371
125	129	0.878904
125	130	0.870655
125	131	0.868983
125	134	0.873017
125	135	0.885168
125	137	0.875129
125	143	0.871931
125	145	0.858787
125	147	0.858264
125	149	0.851367
125	158	0.894935
125	159	0.772989
125	161	0.804237
125	168	0.78283
125	170	0.785478
125	178	3.23537
126	23	0.932291
126	41	0.910931
126	64	0.943385
126	71	0.882108
126	76	0.911216
126	82	0.919744
126	83	2.16314
126	87	0.936464
126	92	0.838677
126	112	2.14756
126	113	0.877365
126	116	0.382603
126	119	0.895042
126	123	0.882384
126	125	0.880376
126	127	0.878547
126	128	0.871732
126	129	0.911265
126	130	0.903016
126	131	0.901344
126	132	0.943385
126	133	0.899553
126	134	0.905379
126	137	0.907491
126	140	1.90746
126	143	0.904292
126	145	0.891148
126	147	0.890626
126	149	0.883729
126	159	0.805351
126	161	0.836598
126	170	0.81784
126	175	3.86152
127	15	0.740017
127	18	0.824977
127	41	0.87674
127	55	0.858099
127	73	0.88451
127	76	0.877025
127	80	0.879735
127	96	0.880117
127	100	0.842842
127	107	0.870758
127	113	0.843175
127	119	0.860852
127	124	0.608784
127	125	0.846186
127	126	0.878547
127	128	0.837542
127	129	0.877075
127	130	0.868825
127	131	0.867154
127	133	0.865363
127	134	0.871188
127	135	0.883339
127	143	0.870102
127	145	0.856958
127	147	0.856435
127	149	0.849538
127	154	2.5525
127	159	0.77116
127	161	0.802408
127	168	0.781001
127	169	3.02953
127	176	3.90785
127	179	3.18077
128	1	1.38223
128	21	0.813774
128	71	0.841103
128	73	0.877696
128	76	0.870211
128	80	0.872921
128	90	0.865532
128	96	0.873302
128	100	0.836027
128	107	0.863943
128	113	0.83636
128	118	2.28592
128	119	0.854037
128	125	0.839371
128	126	0.871732
128	127	0.837542
128	129	0.87026
128	130	0.862011
128	131	0.860339
128	133	0.858548
128	134	0.864374
128	137	0.866486
128	143	0.863287
128	145	0.850143
128	147	0.84962
128	149	0.842723
128	152	2.02533
128	157	2.36902
128	158	0.886292
128	161	0.795593
128	166	2.88864
128	168	0.774186
128	170	0.776835
128	177	2.32194
129	18	0.857695
129	41	0.909458
129	69	3.91346
129	73	0.917229
129	76	0.909744
129	100	0.87556
129	113	0.875893
129	119	0.89357
129	123	0.880912
129	125	0.878904
129	126	0.911265
129	127	0.877075
129	128	0.87026
129	130	0.901544
129	131	0.899872
129	132	1.33202
129	133	0.898081
129	134	0.903907
129	135	0.916058
129	137	0.906019
129	138	1.14202
129	139	0.853264
129	143	0.90282
129	145	0.889676
129	147	0.889153
129	149	0.882256
129	151	2.32757
129	157	1.18604
129	159	0.803879
129	161	0.835126
129	168	0.813719
129	170	0.816368
129	172	1.87732
129	180	4.30389
130	18	0.849446
130	21	0.845058
130	55	0.882568
130	64	0.933663
130	71	0.872387
130	73	0.90898
130	80	0.904204
130	84	1.89623
130	100	0.867311
130	107	0.895227
130	108	1.22134
130	119	0.885321
130	123	0.872663
130	124	1.07038
130	125	0.870655
130	126	0.903016
130	127	0.868825
130	128	0.862011
130	129	0.901544
130	133	0.889832
130	134	0.895657
130	135	0.907808
130	137	0.897769
130	143	0.894571
130	145	0.881427
130	146	1.63606
130	147	0.880904
130	148	3.01463
130	149	0.874007
130	158	0.917575
130	168	0.80547
130	170	0.808118
130	172	2.73787
130	177	1.99952
131	21	0.843386
131	41	0.899537
131	55	0.880896
131	61	0.872971
131	64	0.931991
131	71	0.870715
131	80	0.902533
131	93	0.645625
131	96	0.902914
131	106	0.692314
131	107	0.893555
131	108	0.534914
131	119	0.883649
131	123	0.870991
131	125	0.868983
131	126	0.901344
131	127	0.867154
131	128	0.860339
131	129	0.899872
131	133	0.88816
131	134	0.893985
131	135	0.906136
131	137	0.896097
131	138	1.31614
131	143	0.892899
131	145	0.879755
131	147	0.879232
131	149	0.872335
131	158	0.915904
131	159	0.793957
131	169	3.5265
131	170	0.806447
131	176	4.40482
131	178	2.40761
132	8	2.73782
132	35	1.61727
132	41	1.23
132	64	0.962755
132	97	1.37674
132	102	0.910584
132	111	0.853511
132	114	0.959742
132	115	0.962442
132	116	0.963277
132	117	0.916076
132	126	0.943385
132	129	1.33202
132	141	0.927621
132	142	0.960484
132	148	0.904331
132	150	0.829538
132	152	0.948177
132	154	0.849948
132	155	0.863034
132	156	0.881611
132	159	0.839628
132	160	0.856742
132	165	0.858705
132	166	0.875199
132	167	0.891001
132	169	0.849954
132	170	0.852117
132	173	0.840087
132	175	0.840662
132	176	0.828474
132	178	0.851176
132	179	0.831327
132	180	0.831511
133	64	0.930201
133	73	0.905517
133	76	0.898032
133	90	0.893353
133	96	0.901123
133	100	0.863848
133	107	0.891764
133	113	0.864181
133	119	0.881858
133	120	1.58586
133	123	0.8692
133	126	0.899553
133	127	0.865363
133	128	0.858548
133	129	0.898081
133	130	0.889832
133	131	0.88816
133	134	0.892195
133	135	0.904346
133	136	1.3866
133	137	0.894307
133	139	0.841552
133	141	1.79816
133	143	0.891108
133	145	0.877964
133	147	0.877442
133	149	0.870544
133	156	2.41224
133	159	0.792167
133	161	0.823414
133	162	2.10207
133	163	3.10552
133	168	0.802007
133	170	0.804656
133	178	2.98524
134	18	0.851809
134	21	0.847421
134	41	0.903572
