1	65	0.763981
1	89	0.810482
1	103	0.795897
1	108	0.819506
1	110	0.821277
1	119	0.801272
1	124	0.788184
1	136	1.3605
1	148	0.766099
1	154	1.41785
1	170	0.819067
1	180	3.78164
2	7	1.1563
2	18	1.42496
2	113	0.790147
2	114	0.821674
2	133	0.83403
2	157	0.839363
2	169	0.80427
2	170	0.739891
2	177	0.776124
2	178	0.795112
2	179	0.77848
2	180	0.767693
3	71	0.830055
3	117	0.799345
3	130	0.836701
3	131	0.793288
3	138	2.58677
3	142	0.799644
3	144	0.789515
3	147	0.809566
3	150	1.79741
3	156	2.21752
3	170	0.805868
3	176	0.734041
4	5	0.771048
4	48	0.725778
4	54	0.709957
4	81	0.73542
4	86	0.734364
4	108	0.721461
4	110	0.723232
4	119	0.703228
4	124	0.69014
4	132	2.53346
4	170	0.721023
4	177	3.48658
5	4	0.771048
5	6	0.841345
5	95	0.788474
5	103	0.781366
5	108	0.804974
5	116	0.977051
5	119	0.786741
5	124	0.773653
5	125	0.849363
5	139	0.804701
5	176	3.01384
5	179	2.79847
6	5	0.841345
6	76	0.816627
6	108	0.791758
6	110	0.793529
6	113	4.0493
6	118	1.64206
6	119	0.773525
6	124	0.760436
6	125	0.836147
6	163	0.794576
6	170	0.79132
6	172	1.09491
7	2	1.1563
7	17	0.774804
7	104	0.7995
7	118	2.7388
7	121	0.807145
7	127	0.823402
7	131	0.806733
7	144	0.80296
7	147	0.823011
7	159	2.02967
7	170	0.819313
7	176	0.747485
8	14	0.708413
8	84	0.737183
8	90	0.727162
8	99	0.712897
8	106	0.739964
8	120	0.712584
8	126	0.734593
8	128	0.724145
8	129	3.01222
8	143	0.727965
8	149	2.89234
8	176	0.657001
9	19	0.757819
9	24	0.759568
9	39	0.734962
9	43	0.720486
9	55	0.704132
9	59	0.704151
9	62	0.704244
9	134	0.736809
9	143	0.723399
9	150	2.48018
9	162	0.683281
9	178	3.52477
10	137	0.635897
10	138	0.664861
10	142	4.27727
10	157	0.686917
10	158	0.690549
10	167	0.696483
10	171	0.645361
10	173	0.668753
10	177	0.623678
10	178	0.642665
10	179	0.626034
10	180	0.615246
11	12	0.699234
11	21	0.752071
11	23	0.754364
11	45	0.722593
11	47	0.722716
11	52	0.716165
11	77	0.748226
11	79	0.688307
11	80	0.688248
11	160	3.04851
11	163	0.725803
11	175	2.85432
12	11	0.699234
12	20	0.690268
12	21	0.760722
12	45	0.731244
12	47	0.731367
12	52	0.724816
12	77	0.756877
12	79	0.696958
12	80	0.696898
12	145	2.68565
12	159	3.18595
12	163	0.734454
13	57	0.866185
13	69	0.839711
13	85	0.761512
13	94	0.801093
13	100	0.790504
13	105	0.803792
13	114	1.9233
13	162	0.767144
13	165	0.782256
13	168	2.05587
13	170	0.808125
13	174	2.52077
14	8	0.708413
14	39	1.75756
14	89	0.72551
14	93	0.733273
14	95	0.718033
14	97	2.46022
14	103	0.710925
14	106	0.745231
14	126	0.73986
14	171	0.692326
14	178	0.68963
14	179	0.672999
14	180	0.662211
15	25	0.751907
15	30	0.740676
15	32	0.726505
15	34	0.722856
15	37	0.727412
15	40	0.730919
15	67	0.686488
15	72	0.732075
15	75	1.7401
15	111	0.723507
15	148	0.656594
15	161	4.38866
15	164	0.651221
16	22	1.05298
16	40	1.2168
16	113	0.776295
16	132	0.793512
16	144	1.2174
16	159	0.822577
16	166	0.743023
16	173	0.807348
16	175	0.792344
16	177	0.762272
16	178	0.78126
16	179	0.764628
16	180	0.753841
17	7	0.774804
17	97	0.702815
17	104	0.690188
17	112	2.85081
17	117	0.703478
17	122	0.702792
17	127	0.714091
17	131	0.697421
17	142	0.703777
17	143	3.34661
17	144	0.693648
17	147	0.7137
17	170	0.710001
18	2	1.42496
18	36	0.812607
18	70	0.766491
18	84	0.800702
18	90	0.790681
18	93	0.791524
18	96	0.778007
18	99	0.776416
18	112	1.82069
18	120	0.776103
18	126	0.798111
18	165	2.97927
18	176	0.72052
19	9	0.757819
19	22	0.818058
19	39	0.798768
19	49	0.777899
19	53	0.832063
19	55	0.767938
19	59	0.767956
19	62	0.76805
19	113	3.43344
19	137	2.43446
19	143	0.787204
19	162	0.747087
19	169	1.46067
20	12	0.690268
20	23	0.745398
20	27	0.742261
20	45	0.713627
20	47	0.713751
20	52	0.707199
20	77	0.73926
20	79	0.679341
20	80	0.679282
20	101	0.677843
20	145	2.6836
20	163	0.716837
20	175	3.60412
21	11	0.752071
21	12	0.760722
21	23	0.815852
21	27	0.812716
21	45	0.784082
21	47	0.784205
21	77	0.809714
21	79	0.749795
21	80	0.749736
21	163	0.787291
21	166	3.91396
21	174	1.1524
21	176	2.16356
22	16	1.05298
22	19	0.818058
22	39	0.795201
22	43	0.780725
22	49	0.774332
22	53	0.828496
22	55	0.764371
22	59	0.76439
22	62	0.764483
22	141	2.38704
22	143	0.783638
22	155	2.91054
22	162	0.74352
23	11	0.754364
23	20	0.745398
23	21	0.815852
23	27	0.815008
23	47	0.786497
23	52	0.779946
23	77	0.812007
23	79	0.752088
23	80	0.752029
23	163	0.789584
23	164	2.78561
23	165	1.9422
23	178	2.27028
24	9	0.759568
24	39	0.800517
24	43	0.786041
24	49	0.779648
24	53	0.833812
24	55	0.769687
24	59	0.769705
24	62	0.769799
24	134	0.802364
24	154	1.49382
24	161	2.73413
24	162	0.748836
24	171	2.63094
25	15	0.751907
25	30	0.82797
25	32	0.813799
25	34	0.810149
25	67	0.773781
25	72	0.819369
25	101	0.761118
25	132	2.56015
25	148	0.743887
25	151	0.777417
25	158	1.9198
25	164	0.738515
25	165	2.47298
26	45	0.812672
26	79	0.778386
26	80	0.778327
26	95	0.796563
26	110	0.814835
26	126	1.22705
26	142	0.810567
26	144	1.47993
26	170	0.812626
26	177	0.749173
26	178	0.76816
26	179	0.751529
26	180	0.740741
27	20	0.742261
27	21	0.812716
27	23	0.815008
27	45	0.783237
27	47	0.783361
27	52	0.776809
27	77	0.80887
27	79	0.748951
27	80	0.748892
27	123	1.55054
27	163	0.786447
27	165	2.33098
27	171	2.9138
28	88	0.717119
28	104	0.69356
28	109	2.84602
28	115	0.708351
28	121	0.701205
28	122	0.706164
28	130	0.744206
28	131	0.700793
28	139	0.713538
28	142	0.707149
28	144	0.697021
28	147	0.717072
28	167	3.42697
29	104	0.774055
29	115	0.788846
29	117	0.787345
29	122	0.786659
29	127	0.797958
29	129	2.00013
29	131	0.781288
29	142	0.787644
29	144	0.777515
29	146	2.5879
29	147	0.797567
29	159	2.23482
29	176	0.722041
30	15	0.740676
30	25	0.82797
30	32	0.802568
30	34	0.798919
30	37	0.803475
30	40	0.806982
30	67	0.762551
30	72	0.808138
30	138	2.73945
30	143	2.00383
30	151	0.766187
30	158	2.11342
30	164	0.727284
31	68	0.699953
31	115	0.714138
31	117	0.712637
31	122	0.71195
31	127	0.723249
31	130	0.749993
31	131	0.70658
31	142	0.712936
31	144	0.702807
31	147	0.722858
31	151	3.38128
31	152	2.94644
31	176	0.647333
32	15	0.726505
32	25	0.813799
32	30	0.802568
32	34	0.784748
32	37	0.789304
32	40	0.792811
32	67	0.74838
32	72	0.793967
32	148	0.718486
32	151	0.752016
32	162	2.44611
32	164	0.713113
32	172	1.67014
32	177	3.22939
33	36	0.790591
33	42	2.54848
33	56	0.763067
33	87	0.776662
33	93	0.769508
33	99	0.7544
33	106	0.781467
33	120	0.754087
33	126	0.776095
33	143	0.769468
33	151	1.96895
33	163	0.773587
33	176	0.698504
33	178	2.78057
34	15	0.722856
34	25	0.810149
34	30	0.798919
34	32	0.784748
34	37	0.785654
34	40	0.789162
34	64	0.751827
34	67	0.74473
34	72	0.790318
34	135	2.04546
34	151	0.748366
34	164	0.709464
34	165	2.31532
34	171	2.89814
35	38	1.73583
35	126	2.75253
35	133	0.726294
35	154	0.739441
35	160	0.721195
35	162	0.690861
35	167	0.741193
35	171	0.690071
35	174	0.693127
35	175	0.69846
35	177	0.668388
35	178	0.687376
35	179	0.670744
35	180	0.659957
36	18	0.812607
36	33	0.790591
36	56	0.767507
36	65	0.719684
36	70	0.748914
36	73	0.797421
36	84	0.783125
36	99	0.758839
36	120	0.758526
36	126	0.780535
36	150	2.14645
36	151	2.37943
36	165	2.86297
36	176	0.702943
37	15	0.727412
37	30	0.803475
37	32	0.789304
37	34	0.785654
37	40	0.793718
37	67	0.749286
37	72	0.794874
37	111	0.786305
37	129	1.81978
37	148	0.719392
37	151	0.752922
37	159	2.05446
37	164	0.71402
37	171	3.31822
38	35	1.73583
38	58	0.772294
38	61	0.769613
38	69	0.812169
38	74	0.748191
38	85	0.73397
38	94	0.773551
38	100	0.762962
38	111	0.794528
38	155	1.80537
38	162	0.739602
38	165	0.754714
38	170	0.780583
38	180	3.24776
39	9	0.734962
39	14	1.75756
39	19	0.798768
39	22	0.795201
39	24	0.800517
39	43	0.761435
39	49	0.755042
39	50	2.78499
39	53	0.809206
39	55	0.745081
39	59	0.7451
39	62	0.745193
39	160	2.1748
39	162	0.724231
40	15	0.730919
40	16	1.2168
40	30	0.806982
40	32	0.792811
40	34	0.789162
40	37	0.793718
40	67	0.752793
40	72	0.798381
40	101	0.74013
40	141	2.55086
40	148	0.722899
40	151	0.75643
40	162	2.96427
40	164	0.717527
41	81	2.47179
41	98	0.708224
41	112	0.754043
41	142	2.07781
41	152	0.753208
41	161	0.675586
41	167	0.744129
41	169	0.69947
41	174	0.696063
41	176	0.662949
41	177	0.671324
41	178	0.690311
41	179	0.67368
41	180	0.662892
42	33	2.54848
42	73	2.51343
42	159	0.727447
42	160	0.719949
42	168	0.704715
42	169	0.695288
42	172	0.746549
42	173	0.712217
42	174	0.691881
42	175	0.697214
42	177	0.667142
42	178	0.686129
42	179	0.669498
42	180	0.65871
43	9	0.720486
43	22	0.780725
43	24	0.786041
43	39	0.761435
43	49	0.740566
43	53	0.79473
43	55	0.730605
43	59	0.730624
43	62	0.730717
43	134	0.763282
43	143	0.749872
43	150	2.51622
43	156	2.93633
43	162	0.709755
43	167	2.33981
44	69	5.07168
44	102	0.638788
44	148	0.621685
44	149	0.696946
44	153	0.669314
44	154	0.682252
44	159	0.671505
44	161	0.615462
44	168	0.648773
44	169	0.639346
44	171	0.632883
44	174	0.635939
44	177	0.6112
44	179	0.613556
44	180	0.602768
45	11	0.722593
45	12	0.731244
45	20	0.713627
45	21	0.784082
45	26	0.812672
45	27	0.783237
45	47	0.754727
45	52	0.748175
45	64	0.738579
45	77	0.780236
45	79	0.720317
45	80	0.720258
45	152	2.19858
45	172	2.59801
45	175	2.85625
46	48	0.770079
46	54	0.754258
46	65	0.710237
46	89	0.756738
46	102	2.70021
46	103	0.742153
46	108	0.765762
46	119	0.747529
46	124	0.73444
46	139	0.765488
46	148	0.712355
46	163	0.76858
46	168	2.32281
46	169	2.72638
46	170	0.765324
47	11	0.722716
47	12	0.731367
47	20	0.713751
47	21	0.784205
47	23	0.786497
47	27	0.783361
47	45	0.754727
47	52	0.748298
47	77	0.780359
47	79	0.72044
47	80	0.720381
47	145	1.53322
47	159	2.03353
47	163	0.757936
47	176	4.24961
48	4	0.725778
48	46	0.770079
48	54	0.7482
48	76	0.784573
48	81	0.773663
48	89	0.750681
48	95	0.743203
48	103	0.736096
48	108	0.759704
48	119	0.741471
48	124	0.728383
48	132	3.1984
48	136	2.49958
48	149	2.07573
48	163	0.762522
49	19	0.777899
49	22	0.774332
49	24	0.779648
49	39	0.755042
49	43	0.740566
49	53	0.788337
49	55	0.724212
49	59	0.724231
49	62	0.724324
49	134	0.756889
49	143	0.743479
49	151	1.20293
49	162	0.703361
49	176	3.22161
49	180	3.49596
50	39	2.78499
50	96	2.67759
50	135	0.703616
50	146	0.712478
50	153	0.723591
50	166	0.646228
50	167	0.738282
50	169	0.693623
50	173	0.710552
50	174	0.690216
50	175	0.695548
50	177	0.665477
50	178	0.684464
50	179	0.667833
50	180	0.657045
51	68	0.733205
51	71	0.776599
51	115	0.74739
51	116	2.65437
51	121	0.740244
51	122	0.745202
51	127	0.756501
51	130	0.783245
51	131	0.739832
51	142	0.746188
51	144	0.736059
51	147	0.75611
51	153	2.48189
51	158	2.60283
51	170	0.752412
52	11	0.716165
52	12	0.724816
52	20	0.707199
52	23	0.779946
52	27	0.776809
52	45	0.748175
52	47	0.748298
52	64	0.732151
52	77	0.773808
52	79	0.713889
52	80	0.713829
52	101	0.712391
52	149	1.96962
52	154	2.45083
52	163	0.751385
52	164	3.84853
53	19	0.832063
53	22	0.828496
53	24	0.833812
53	39	0.809206
53	43	0.79473
53	49	0.788337
53	55	0.778376
53	59	0.778395
53	62	0.778488
53	83	3.6942
53	102	2.60136
53	134	0.811053
53	143	0.797642
53	149	1.12937
53	162	0.757525
53	167	1.27195
54	4	0.709957
54	46	0.754258
54	48	0.7482
54	76	0.768752
54	81	0.757841
54	86	0.756786
54	89	0.734859
54	92	2.2719
54	103	0.720274
54	108	0.743883
54	110	0.745654
54	119	0.725649
54	124	0.712561
54	158	2.34714
54	170	0.743444
54	174	3.42431
55	9	0.704132
55	19	0.767938
55	22	0.764371
55	24	0.769687
55	39	0.745081
55	43	0.730605
55	49	0.724212
55	53	0.778376
55	59	0.714269
55	62	0.714363
55	134	0.746928
55	137	3.16941
55	143	0.733517
55	155	2.10008
55	162	0.6934
55	179	3.05275
56	33	0.763067
56	36	0.767507
56	65	0.69216
56	70	0.72139
56	84	0.755602
56	90	0.74558
56	93	0.746424
56	99	0.731316
56	101	2.87068
56	106	0.758382
56	120	0.731003
56	126	0.753011
56	132	2.82557
56	135	2.46855
56	163	0.750503
56	176	0.675419
57	13	0.866185
57	58	0.804282
57	61	0.801601
57	74	0.780179
57	85	0.765958
57	94	0.805539
57	100	0.79495
57	101	2.37703
57	111	0.826516
57	139	0.812736
57	141	2.08835
57	143	1.58198
57	155	2.61185
57	162	0.77159
57	165	0.786702
57	170	0.812571
58	38	0.772294
58	57	0.804282
58	61	0.735251
58	69	0.777807
58	74	0.713829
58	85	0.699609
58	94	0.739189
58	100	0.7286
58	116	1.71659
58	128	0.741538
58	137	3.65467
58	139	0.746386
58	162	0.705241
58	164	3.06164
58	165	0.720353
58	170	0.746221
59	9	0.704151
59	19	0.767956
59	22	0.76439
59	24	0.769705
59	39	0.7451
59	43	0.730624
59	49	0.724231
59	53	0.778395
59	55	0.714269
59	62	0.714382
59	63	3.01408
59	98	3.46312
59	134	0.746947
59	143	0.733536
59	162	0.693419
59	172	1.7353
60	68	2.18926
60	72	0.965038
60	135	0.739832
60	142	1.47721
60	149	0.78744
60	156	0.750197
60	159	0.761998
60	167	0.774498
60	172	0.7811
60	173	0.746769
60	175	0.731765
60	176	0.693319
60	177	0.701693
60	178	0.720681
60	179	0.704049
60	180	0.693262
61	38	0.769613
61	57	0.801601
61	58	0.735251
61	74	0.711148
61	85	0.696928
61	94	0.736509
61	100	0.72592
61	125	0.788368
61	128	0.738857
61	139	0.743705
61	141	1.914
61	162	0.70256
61	164	2.9138
61	165	0.717672
61	170	0.743541
61	179	3.39017
62	9	0.704244
62	19	0.76805
62	22	0.764483
62	24	0.769799
62	39	0.745193
62	43	0.730717
62	49	0.724324
62	53	0.778488
62	55	0.714363
62	59	0.714382
62	66	6.4
62	134	0.74704
62	143	0.73363
62	150	0.658621
62	162	0.693513
62	176	1.92132
63	59	3.01408
63	66	0.639853
63	87	2.81952
63	132	0.684918
63	135	0.691817
63	148	0.664163
63	150	0.737902
63	154	0.724731
63	158	0.720549
63	165	0.691263
63	169	0.681824
63	173	0.698754
63	175	0.68375
63	178	0.672666
63	179	0.656034
63	180	0.645247
64	34	0.751827
64	45	0.738579
64	52	0.732151
64	67	0.715459
64	72	0.761046
64	77	0.764212
64	79	0.704293
64	80	0.704234
64	89	0.729948
64	95	0.722471
64	119	0.720738
64	124	0.70765
64	151	0.719095
64	152	2.13008
64	163	0.741789
64	174	3.57245
64	175	2.78774
65	1	0.763981
65	36	0.719684
65	46	0.710237
65	56	0.69216
65	100	2.82511
65	106	0.71056
65	119	0.681629
65	120	0.68318
65	124	0.668541
65	126	0.705188
65	127	2.97251
65	166	0.616722
65	174	0.66071
65	175	0.666043
65	177	0.635971
65	179	0.638327
65	180	0.627539
66	62	6.4
66	63	0.639853
66	113	0.627802
66	138	0.654963
66	153	0.671894
66	155	0.666574
66	156	0.662283
66	159	0.674085
66	161	0.618042
66	166	0.594531
66	171	0.635463
66	173	0.658855
66	175	0.643852
66	177	0.61378
66	179	0.616136
66	180	0.605348
67	15	0.686488
67	25	0.773781
67	30	0.762551
67	32	0.74838
67	34	0.74473
67	37	0.749286
67	40	0.752793
67	64	0.715459
67	72	0.753949
67	101	0.695698
67	111	0.745381
67	146	2.36495
67	148	0.678468
67	151	0.711998
67	154	2.1385
67	164	0.673096
67	176	4.22794
68	31	0.699953
68	51	0.733205
68	60	2.18926
68	88	0.739049
68	104	0.71549
68	115	0.730281
68	117	0.72878
68	121	0.723135
68	122	0.728094
68	130	0.766136
68	131	0.722723
68	142	0.729079
68	144	0.71895
68	147	0.739002
68	170	0.735303
68	174	3.27453
68	175	2.48982
69	13	0.839711
69	38	0.812169
69	44	5.07168
69	58	0.777807
69	74	0.753704
69	85	0.739484
69	94	0.779065
69	98	0.890691
69	100	0.768476
69	111	0.800041
69	113	2.11726
69	125	0.830924
69	128	0.781413
69	139	0.786261
69	155	0.795612
69	165	0.760228
69	170	0.786096
70	18	0.766491
70	36	0.748914
70	56	0.72139
70	73	0.751305
70	78	0.750337
70	84	0.737009
70	90	0.726988
70	93	0.727831
70	96	0.714314
70	106	0.73979
70	120	0.71241
70	126	0.734418
70	143	0.727791
70	154	2.60313
70	157	2.34759
70	169	3.62008
70	176	0.656827
71	3	0.830055
71	51	0.776599
71	83	3.5058
71	88	0.782443
71	91	0.784381
71	97	0.771511
71	115	0.773675
71	121	0.766529
71	131	0.766117
71	142	0.772474
71	144	0.762345
71	146	1.64861
71	147	0.782396
71	160	1.90993
71	165	0.752829
71	169	2.43912
71	170	0.778698
71	176	0.70687
72	15	0.732075
72	25	0.819369
72	30	0.808138
72	32	0.793967
72	34	0.790318
72	37	0.794874
72	40	0.798381
72	60	0.965038
72	64	0.761046
72	67	0.753949
72	101	0.741286
72	111	0.790969
72	148	0.724055
72	151	0.757586
72	160	1.45979
72	162	1.78333
72	164	0.718683
72	166	4.81186
73	36	0.797421
73	42	2.51343
73	70	0.751305
73	78	0.798844
73	84	0.785516
73	87	0.783492
73	90	0.775494
73	93	0.776338
73	96	0.762821
73	99	0.76123
73	106	0.788297
73	111	1.82748
73	120	0.760917
73	126	0.782925
73	143	0.776298
73	167	1.52451
73	171	3.00026
73	176	0.705333
74	38	0.748191
74	57	0.780179
74	58	0.713829
74	61	0.711148
74	69	0.753704
74	85	0.675506
74	94	0.715086
74	100	0.704497
74	105	0.717785
74	111	0.736063
74	128	0.717435
74	133	2.92459
74	139	0.722283
74	140	2.73904
74	162	0.681138
74	165	0.69625
74	170	0.722118
74	173	3.16427
75	15	1.7401
75	85	2.05208
75	86	1.1532
75	124	0.646919
75	129	0.808827
75	145	0.83144
75	156	0.789875
75	161	0.745635
75	168	0.778945
75	169	0.769518
75	171	0.763055
75	173	0.786448
75	174	0.766111
75	175	0.771444
75	176	0.732998
75	178	0.76036
75	179	0.743728
75	180	0.732941
76	6	0.816627
76	48	0.784573
76	54	0.768752
76	81	0.794215
76	86	0.793159
76	89	0.771233
76	95	0.763756
76	103	0.756648
76	110	0.782028
76	114	2.5931
76	119	0.762023
76	124	0.748935
76	140	1.90869
76	141	2.51019
76	148	0.72685
76	151	0.76038
76	163	0.783075
76	173	2.33392
77	11	0.748226
77	12	0.756877
77	20	0.73926
77	21	0.809714
77	23	0.812007
77	27	0.80887
77	45	0.780236
77	47	0.780359
77	52	0.773808
77	64	0.764212
77	79	0.74595
77	80	0.745891
77	101	0.744452
77	118	2.87588
77	149	1.81219
77	163	0.783446
77	165	2.84769
77	167	1.95477
78	70	0.750337
78	73	0.798844
78	84	0.784548
78	87	0.782525
78	96	0.761854
78	99	0.760262
78	106	0.787329
78	120	0.759949
78	126	0.781958
78	128	0.77151
78	134	0.788741
78	135	2.4699
78	143	0.77533
78	145	1.55852
78	162	2.99677
78	163	0.77945
78	173	2.40709
78	176	0.704366
79	11	0.688307
79	12	0.696958
79	20	0.679341
79	21	0.749795
79	23	0.752088
79	26	0.778386
79	27	0.748951
79	45	0.720317
79	47	0.72044
79	52	0.713889
79	64	0.704293
79	77	0.74595
79	80	0.685972
79	92	3.07934
79	101	0.684533
79	109	2.23388
79	135	3.4379
79	163	0.723527
80	11	0.688248
80	12	0.696898
80	20	0.679282
80	21	0.749736
80	23	0.752029
80	26	0.778327
80	27	0.748892
80	45	0.720258
80	47	0.720381
80	52	0.713829
80	64	0.704234
80	77	0.745891
80	79	0.685972
80	101	0.684473
80	109	1.66446
80	163	0.723468
80	167	2.2454
80	180	4.94782
81	4	0.73542
81	41	2.47179
81	48	0.773663
81	54	0.757841
81	76	0.794215
81	86	0.782249
81	95	0.752845
81	103	0.745737
81	108	0.769346
81	110	0.771117
81	111	1.84252
81	119	0.751113
81	124	0.738024
81	139	0.769072
81	148	0.715939
81	163	0.772164
81	169	2.89513
81	170	0.768907
81	173	2.09981
82	113	0.653957
82	130	3.26713
82	132	0.671174
82	154	0.710986
82	155	0.692728
82	159	0.700239
82	161	0.644197
82	166	0.620685
82	167	0.712739
82	168	0.677507
82	169	0.66808
82	170	3.25663
82	172	0.719341
82	174	0.664673
82	175	0.670006
82	177	0.639934
82	178	0.658921
82	179	0.64229
82	180	0.631502
83	53	3.6942
83	71	3.5058
83	123	0.704409
83	137	0.645491
83	140	0.707752
83	150	0.717496
83	153	0.691386
83	155	0.686066
83	156	0.681775
83	158	0.700143
83	159	0.693577
83	160	0.686079
83	173	0.678347
83	175	0.663344
83	177	0.633272
83	178	0.652259
83	179	0.635628
83	180	0.624841
84	8	0.737183
84	18	0.800702
84	36	0.783125
84	56	0.755602
84	70	0.737009
84	73	0.785516
84	78	0.784548
84	90	0.761199
84	96	0.748526
84	99	0.746934
84	106	0.774001
84	120	0.746621
84	126	0.76863
84	156	1.99773
84	162	2.55115
84	163	0.766122
84	164	3.13754
84	168	2.35323
84	176	0.691038
85	13	0.761512
85	38	0.73397
85	57	0.765958
85	58	0.699609
85	61	0.696928
85	69	0.739484
85	74	0.675506
85	75	2.05208
85	94	0.700866
85	100	0.690277
85	105	0.703565
85	123	3.23419
85	125	0.752725
85	128	0.703214
85	139	0.708063
85	153	3.3405
85	162	0.666918
85	165	0.68203
85	170	0.707898
86	4	0.734364
86	54	0.756786
86	75	1.1532
86	76	0.793159
86	81	0.782249
86	89	0.759267
86	95	0.751789
86	103	0.744681
86	108	0.76829
86	110	0.770061
86	119	0.750057
86	124	0.736968
86	125	0.812679
86	136	2.50409
86	148	0.714883
86	151	0.748414
86	153	2.44162
86	168	3.17483
86	170	0.767852
87	33	0.776662
87	63	2.81952
87	73	0.783492
87	78	0.782525
87	90	0.759175
87	93	0.760019
87	96	0.746502
87	99	0.744911
87	106	0.771977
87	120	0.744597
87	126	0.766606
87	128	0.756158
87	133	1.48735
87	134	0.773389
87	143	0.759978
87	162	2.31672
87	163	0.764098
87	171	2.64252
87	176	0.689014
88	28	0.717119
88	68	0.739049
88	71	0.782443
88	91	0.763939
88	115	0.753233
88	117	0.751732
88	121	0.746087
88	122	0.751046
88	127	0.762345
88	130	0.789088
88	131	0.745675
88	142	0.752032
88	144	0.741903
88	147	0.761954
88	149	2.04116
88	151	2.59312
88	157	2.26683
88	170	0.758256
88	176	0.686428
88	178	3.40474
89	1	0.810482
89	14	0.72551
89	46	0.756738
89	48	0.750681
89	54	0.734859
89	64	0.729948
89	76	0.771233
89	86	0.759267
89	95	0.729863
89	108	0.746364
89	109	1.24849
89	110	0.748135
89	119	0.72813
89	124	0.715042
89	125	0.790753
89	163	0.749182
89	170	0.745925
89	173	2.3897
89	175	2.46165
89	176	4.25751
90	8	0.727162
90	18	0.790681
90	56	0.74558
90	70	0.726988
90	73	0.775494
90	84	0.761199
90	87	0.759175
90	93	0.752021
90	96	0.738504
90	105	2.17744
90	106	0.76398
90	111	2.49466
90	120	0.7366
90	126	0.758608
90	128	0.74816
90	134	0.765391
90	162	3.34163
90	163	0.7561
90	167	2.19169
90	176	0.681016
91	71	0.784381
91	88	0.763939
91	104	0.740381
91	115	0.755172
91	116	2.23673
91	117	0.753671
91	121	0.748026
91	122	0.752985
91	127	0.764284
91	129	1.82276
91	131	0.747614
91	134	0.772741
91	142	0.75397
91	144	0.743841
91	147	0.763893
91	164	0.701854
91	170	0.760194
91	172	2.21941
91	176	0.688367
91	179	4.05815
92	54	2.2719
92	79	3.07934
92	110	2.16433
92	116	0.747905
92	118	0.713106
92	129	0.735901
92	137	0.680665
92	138	0.709629
92	151	0.712461
92	156	0.716949
92	167	0.741251
92	168	0.706019
92	169	0.696592
92	171	0.690129
92	172	0.747853
92	173	0.713521
92	177	0.668446
92	178	0.687434
92	179	0.670802
92	180	0.660015
93	14	0.733273
93	18	0.791524
93	33	0.769508
93	56	0.746424
93	70	0.727831
93	73	0.776338
93	87	0.760019
93	90	0.752021
93	96	0.739348
93	99	0.737757
93	106	0.764823
93	120	0.737443
93	126	0.759452
93	128	0.749004
93	148	3.47394
93	149	2.02934
93	150	2.34832
93	158	2.51166
93	163	0.756944
93	176	0.68186
94	13	0.801093
94	38	0.773551
94	57	0.805539
94	58	0.739189
94	61	0.736509
94	69	0.779065
94	74	0.715086
94	85	0.700866
94	100	0.729858
94	105	0.743145
94	125	0.792306
94	128	0.742795
94	135	2.37818
94	139	0.747643
94	148	3.05714
94	150	1.93152
94	162	0.706498
94	165	0.72161
94	170	0.747478
94	178	2.97611
95	5	0.788474
95	14	0.718033
95	26	0.796563
95	48	0.743203
95	64	0.722471
95	76	0.763756
95	81	0.752845
95	86	0.751789
95	89	0.729863
95	103	0.715278
95	108	0.738887
95	110	0.740658
95	112	1.72682
95	119	0.720653
95	124	0.707565
95	139	0.738613
95	151	0.71901
95	170	0.738448
95	172	2.36644
95	173	2.55273
95	177	3.92569
96	18	0.778007
96	50	2.67759
96	70	0.714314
96	73	0.762821
96	78	0.761854
96	84	0.748526
96	87	0.746502
96	90	0.738504
96	93	0.739348
96	99	0.72424
96	106	0.751306
96	120	0.723926
96	126	0.745935
96	128	0.735487
96	134	0.752718
96	143	0.739307
96	160	2.0674
96	161	2.81995
96	163	0.743427
96	176	0.668343
96	178	2.46201
97	14	2.46022
97	17	0.702815
97	71	0.771511
97	115	0.742301
97	117	0.740801
97	125	0.792151
97	127	0.751413
97	130	0.778156
97	131	0.734744
97	134	0.759871
97	139	0.747488
97	142	0.7411
97	144	0.730971
97	145	1.76275
97	147	0.751022
97	159	2.26305
97	164	0.688983
97	165	0.721455
97	170	0.747324
97	171	3.52681
97	176	0.675496
98	41	0.708224
98	59	3.46312
98	69	0.890691
98	130	3.51355
98	136	0.72541
98	137	0.676723
98	138	0.705687
98	141	0.717078
98	150	0.748728
98	157	0.727744
98	158	0.731376
98	166	0.645255
98	168	0.702078
98	172	0.743911
98	173	0.70958
98	174	0.689243
98	175	0.694576
98	177	0.664504
98	178	0.683492
98	179	0.66686
98	180	0.656073
99	8	0.712897
99	18	0.776416
99	33	0.7544
99	36	0.758839
99	56	0.731316
99	73	0.76123
99	78	0.760262
99	84	0.746934
99	87	0.744911
99	93	0.737757
99	96	0.72424
99	106	0.749715
99	120	0.722335
99	126	0.744344
99	133	2.20692
99	134	0.751127
99	163	0.741836
99	167	1.88634
99	173	2.4466
99	176	0.666752
99	179	4.09904
100	13	0.790504
100	38	0.762962
100	57	0.79495
100	58	0.7286
100	61	0.72592
100	65	2.82511
100	69	0.768476
100	74	0.704497
100	85	0.690277
100	94	0.729858
100	105	0.732557
100	111	0.750835
100	125	0.781717
100	128	0.732206
100	129	1.86797
100	139	0.737054
100	159	2.10266
100	162	0.695909
100	165	0.711021
100	169	3.24624
100	170	0.73689
101	20	0.677843
101	25	0.761118
101	40	0.74013
101	52	0.712391
101	56	2.87068
101	57	2.37703
101	67	0.695698
101	72	0.741286
101	77	0.744452
101	79	0.684533
101	80	0.684473
101	147	2.58139
101	161	0.659582
101	163	0.722029
101	164	0.660432
101	172	0.734726
101	173	0.700395
101	175	0.685391
101	178	0.674307
101	179	0.657676
101	180	0.646888
102	44	0.638788
102	46	2.70021
102	53	2.60136
102	116	0.734652
102	129	0.722648
102	131	2.92298
102	141	0.707766
102	152	0.737077
102	157	0.718432
102	158	0.722064
102	159	0.715498
102	168	0.692766
102	169	0.683339
102	171	0.676876
102	172	0.7346
102	173	0.700268
102	174	0.679932
102	175	0.685265
102	177	0.655193
102	178	0.67418
102	179	0.657549
102	180	0.646761
103	1	0.795897
103	5	0.781366
103	14	0.710925
103	46	0.742153
103	48	0.736096
103	54	0.720274
103	76	0.756648
103	81	0.745737
103	86	0.744681
103	95	0.715278
103	108	0.731779
103	110	0.73355
103	111	1.40528
103	119	0.713545
103	124	0.700457
103	132	2.08241
103	139	0.731505
103	148	0.678372
103	151	0.711902
103	166	5.28078
103	170	0.73134
103	174	2.51922
104	7	0.7995
104	17	0.690188
104	28	0.69356
104	29	0.774055
104	68	0.71549
104	91	0.740381
104	115	0.729675
104	117	0.728174
104	121	0.722529
104	127	0.738787
104	128	0.730014
104	130	0.76553
104	131	0.722117
104	134	0.747244
104	142	0.728473
104	144	0.718344
104	147	0.738396
104	153	2.39781
104	157	2.2621
104	161	3.75795
104	165	0.708829
104	172	2.55298
105	13	0.803792
105	74	0.717785
105	85	0.703565
105	90	2.17744
105	94	0.743145
105	100	0.732557
105	108	1.79877
105	110	1.88557
105	117	0.743654
105	120	1.77857
105	127	0.754267
105	142	0.743953
105	144	0.733824
105	147	0.753876
105	164	0.691837
105	168	0.724298
105	170	0.750177
105	171	0.708407
105	175	0.716796
105	177	0.686725
105	178	0.705712
105	179	0.68908
105	180	0.678293
106	8	0.739964
106	14	0.745231
106	33	0.781467
106	56	0.758382
106	65	0.71056
106	70	0.73979
106	73	0.788297
106	78	0.787329
106	84	0.774001
106	87	0.771977
106	90	0.76398
106	93	0.764823
106	96	0.751306
106	99	0.749715
106	120	0.749402
106	126	0.77141
106	134	0.778193
106	137	3.94146
106	152	1.58663
106	153	1.83089
106	156	2.2086
106	163	0.768902
106	174	3.029
106	176	0.693819
107	116	0.769748
107	126	1.92569
107	131	1.95721
107	133	0.748195
107	138	0.731472
107	140	0.76477
107	146	0.737291
107	153	0.748404
107	160	0.743096
107	161	0.694552
107	163	1.71931
107	166	0.67104
107	168	0.727863
107	169	0.718436
107	170	1.76492
107	171	0.711973
107	173	0.735365
107	174	0.715028
107	175	0.720361
107	176	0.681915
107	177	0.69029
107	178	0.709277
107	179	0.692646
107	180	0.681858
108	1	0.819506
108	4	0.721461
108	5	0.804974
108	6	0.791758
108	46	0.765762
108	48	0.759704
108	54	0.743883
108	81	0.769346
108	86	0.76829
108	89	0.746364
108	95	0.738887
108	103	0.731779
108	105	1.79877
108	110	0.757159
108	119	0.737154
108	123	1.92552
108	124	0.724066
108	139	0.755114
108	141	2.54955
108	151	0.735511
108	163	0.758205
108	170	0.754949
108	175	2.44523
108	178	3.03403
109	28	2.84602
109	79	2.23388
109	80	1.66446
109	89	1.24849
109	125	1.08002
109	129	0.791335
109	132	0.75512
109	140	0.79836
109	157	0.787119
109	158	0.790751
109	159	0.784185
109	161	0.728143
109	166	0.704631
109	168	0.761453
109	169	0.752026
109	171	0.745563
109	172	0.803287
109	173	0.768955
109	174	0.748619
109	175	0.753952
109	177	0.72388
109	178	0.742868
109	179	0.726236
109	180	0.715449
110	1	0.821277
110	4	0.723232
110	6	0.793529
110	26	0.814835
110	54	0.745654
110	76	0.782028
110	81	0.771117
110	86	0.770061
110	89	0.748135
110	92	2.16433
110	95	0.740658
110	103	0.73355
110	105	1.88557
110	108	0.757159
110	114	2.71927
110	119	0.738925
110	124	0.725837
110	129	1.87713
110	139	0.756885
110	148	0.703752
110	151	0.737282
110	163	0.759976
110	170	0.75672
110	175	2.53203
111	15	0.723507
111	37	0.786305
111	38	0.794528
111	57	0.826516
111	67	0.745381
111	69	0.800041
111	72	0.790969
111	73	1.82748
111	74	0.736063
111	81	1.84252
111	90	2.49466
111	100	0.750835
111	103	1.40528
111	118	0.749662
111	147	1.85916
111	148	0.715487
111	156	0.753506
111	160	0.757809
111	164	0.710115
111	165	0.742587
111	170	0.768455
111	177	0.705002
111	178	0.72399
111	179	0.707358
111	180	0.696571
112	17	2.85081
112	18	1.82069
112	41	0.754043
112	95	1.72682
112	125	1.39532
112	135	0.748463
112	136	0.77123
112	138	0.751507
112	145	0.800392
112	154	0.781376
112	157	0.773563
112	160	0.763131
112	161	0.714586
112	167	0.783129
112	169	0.73847
112	170	1.13562
112	171	0.732007
112	172	0.789731
112	173	0.755399
112	174	0.735063
112	175	0.740396
112	177	0.710324
112	178	0.729311
112	179	0.71268
112	180	0.701892
113	2	0.790147
113	6	4.0493
113	16	0.776295
113	19	3.43344
113	66	0.627802
113	69	2.11726
113	82	0.653957
113	116	0.721086
113	140	0.716107
113	148	0.652112
113	155	0.694421
113	156	0.690131
113	157	0.704866
113	160	0.694434
113	166	0.622378
113	167	0.714432
113	169	0.669773
113	172	0.721034
113	173	0.686703
113	174	0.666366
113	177	0.641627
113	178	0.660615
113	179	0.643983
113	180	0.633196
114	2	0.821674
114	13	1.9233
114	76	2.5931
114	110	2.71927
114	135	0.711293
114	146	0.720156
114	153	0.731269
114	154	0.744207
114	156	0.721658
114	159	0.73346
114	161	0.677417
114	162	0.695627
114	166	0.653905
114	167	0.745959
114	168	0.710728
114	169	0.701301
114	170	2.22072
114	171	0.694837
114	172	0.752561
114	173	0.71823
114	174	0.697893
114	175	0.703226
114	178	0.692142
114	179	0.67551
114	180	0.664723
115	28	0.708351
115	29	0.788846
115	31	0.714138
115	51	0.74739
115	68	0.730281
115	71	0.773675
115	88	0.753233
115	91	0.755172
115	97	0.742301
115	104	0.729675
115	117	0.742965
115	118	2.74326
115	121	0.73732
115	122	0.742278
115	127	0.753578
115	130	0.780321
115	131	0.736908
115	139	0.749653
115	140	1.95717
115	142	0.743264
115	144	0.733135
115	147	0.753187
115	148	3.12416
115	156	2.41865
115	176	0.677661
115	178	3.04314
116	5	0.977051
116	51	2.65437
116	58	1.71659
116	91	2.23673
116	92	0.747905
116	102	0.734652
116	107	0.769748
116	113	0.721086
116	129	0.774519
116	134	2.23189
116	135	0.745202
116	137	0.719282
116	141	0.759637
116	153	0.765178
116	154	0.778116
116	157	0.770303
116	161	0.711326
116	164	0.712176
116	168	0.744637
116	172	0.78647
116	173	0.752139
116	174	0.731802
116	175	0.737135
116	177	0.707063
116	178	0.726051
116	180	0.698632
117	3	0.799345
117	17	0.703478
117	29	0.787345
117	31	0.712637
117	68	0.72878
117	88	0.751732
117	91	0.753671
117	97	0.740801
117	104	0.728174
117	105	0.743654
117	115	0.742965
117	121	0.735819
117	128	0.743304
117	130	0.77882
117	131	0.735407
117	134	0.760535
117	142	0.741763
117	144	0.731634
117	147	0.751686
117	154	2.45657
117	157	2.20104
117	158	2.45769
117	164	0.689647
117	165	0.722119
117	167	2.11795
117	177	4.05117
118	6	1.64206
118	7	2.7388
118	77	2.87588
118	92	0.713106
118	111	0.749662
118	115	2.74326
118	129	0.73972
118	132	0.703504
118	136	0.73317
118	146	0.719266
118	150	0.756488
118	153	0.730379
118	154	0.743317
118	155	0.725059
118	166	0.653015
118	167	0.74507
118	168	0.709838
118	171	0.693948
118	172	0.751671
118	173	0.71734
118	175	0.702336
118	177	0.672265
118	178	0.691252
118	179	0.674621
118	180	0.663833
119	1	0.801272
119	4	0.703228
119	5	0.786741
119	6	0.773525
119	46	0.747529
119	48	0.741471
119	54	0.725649
119	64	0.720738
119	65	0.681629
119	76	0.762023
119	81	0.751113
119	86	0.750057
119	89	0.72813
119	95	0.720653
119	103	0.713545
119	108	0.737154
119	110	0.738925
119	124	0.705832
119	138	2.84965
119	139	0.73688
119	148	0.683747
119	159	2.09587
119	160	2.71027
119	163	0.739972
119	168	2.83589
119	170	0.736715
119	178	3.10488
120	8	0.712584
120	18	0.776103
120	33	0.754087
120	36	0.758526
120	56	0.731003
120	65	0.68318
120	70	0.71241
120	73	0.760917
120	78	0.759949
120	84	0.746621
120	87	0.744597
120	90	0.7366
120	93	0.737443
120	96	0.723926
120	99	0.722335
120	105	1.77857
120	106	0.749402
120	126	0.744031
120	128	0.733583
120	134	0.750813
120	143	0.737403
120	149	1.65024
120	163	0.741523
120	168	2.74483
120	175	2.42503
120	176	0.666439
120	180	4.49524
121	7	0.807145
121	28	0.701205
121	51	0.740244
121	68	0.723135
121	71	0.766529
121	88	0.746087
121	91	0.748026
121	104	0.722529
121	115	0.73732
121	117	0.735819
121	122	0.735133
121	127	0.746432
121	130	0.773175
121	131	0.729762
121	136	2.5991
121	139	0.742507
121	142	0.736118
121	144	0.725989
121	145	2.02952
121	146	2.8829
121	147	0.746041
121	157	2.40092
121	164	0.684002
121	165	0.716474
121	170	0.742342
121	174	3.73474
121	176	0.670515
122	17	0.702792
122	28	0.706164
122	29	0.786659
122	31	0.71195
122	51	0.745202
122	68	0.728094
122	88	0.751046
122	91	0.752985
122	115	0.742278
122	121	0.735133
122	127	0.75139
122	128	0.742617
122	130	0.778133
122	131	0.734721
122	139	0.747465
122	142	0.741077
122	143	1.97728
122	144	0.730948
122	147	0.750999
122	148	3.04916
122	154	2.08576
122	164	0.68896
122	165	0.721432
122	170	0.747301
122	172	2.1211
122	176	0.675473
122	180	4.44955
123	27	1.55054
123	83	0.704409
123	85	3.23419
123	108	1.92552
123	129	0.766197
123	130	1.52426
123	135	0.736881
123	136	0.759648
123	138	0.739925
123	141	0.751315
123	146	0.745743
123	150	0.782966
123	152	0.780626
123	156	0.747245
123	158	0.765613
123	160	0.751549
123	161	0.703005
123	163	1.46816
123	168	0.736315
123	171	0.720425
123	173	0.743818
123	174	0.723481
123	175	0.728814
123	177	0.698742
123	178	0.71773
123	179	0.701098
123	180	0.690311
124	1	0.788184
124	4	0.69014
124	5	0.773653
124	6	0.760436
124	46	0.73444
124	48	0.728383
124	54	0.712561
124	64	0.70765
124	65	0.668541
124	75	0.646919
124	76	0.748935
124	81	0.738024
124	86	0.736968
124	89	0.715042
124	95	0.707565
124	103	0.700457
124	108	0.724066
124	110	0.725837
124	119	0.705832
124	125	0.768455
124	139	0.723792
124	148	0.670659
124	151	0.704189
124	156	2.31305
124	163	0.726884
124	164	3.45287
124	170	0.723627
124	176	4.14461
124	177	3.64975
125	5	0.849363
125	6	0.836147
125	61	0.788368
125	69	0.830924
125	85	0.752725
125	86	0.812679
125	89	0.790753
125	94	0.792306
125	97	0.792151
125	100	0.781717
125	109	1.08002
125	112	1.39532
125	124	0.768455
125	127	0.803427
125	131	0.786758
125	133	1.98155
125	138	2.62673
125	140	1.796
125	142	0.793114
125	143	1.89112
125	144	0.782985
125	147	0.803036
125	151	0.7799
125	162	0.758357
125	163	0.802594
125	164	0.740997
125	170	0.799338
125	176	0.72751
125	177	3.59419
126	8	0.734593
126	14	0.73986
126	18	0.798111
126	26	1.22705
126	33	0.776095
126	35	2.75253
126	36	0.780535
126	56	0.753011
126	65	0.705188
126	70	0.734418
126	73	0.782925
126	78	0.781958
126	84	0.76863
126	87	0.766606
126	90	0.758608
126	93	0.759452
126	96	0.745935
126	99	0.744344
126	106	0.77141
126	107	1.92569
126	120	0.744031
126	128	0.755591
126	134	0.772822
126	140	1.69707
126	143	0.759412
126	163	0.763531
126	172	1.93601
126	176	0.688447
126	179	3.77475
127	7	0.823402
127	17	0.714091
127	29	0.797958
127	31	0.723249
127	51	0.756501
127	65	2.97251
127	88	0.762345
127	91	0.764284
127	97	0.751413
127	104	0.738787
127	105	0.754267
127	115	0.753578
127	121	0.746432
127	122	0.75139
127	125	0.803427
127	128	0.753916
127	130	0.789432
127	131	0.74602
127	133	2.35864
127	142	0.752376
127	144	0.742247
127	147	0.762298
127	152	2.0126
127	153	2.25686
127	157	2.12115
127	164	0.700259
127	165	0.732731
127	170	0.7586
127	173	2.59832
128	8	0.724145
128	58	0.741538
128	61	0.738857
128	69	0.781413
128	74	0.717435
128	78	0.77151
128	85	0.703214
128	87	0.756158
128	90	0.74816
128	93	0.749004
128	94	0.742795
128	96	0.735487
128	100	0.732206
128	104	0.730014
128	117	0.743304
128	120	0.733583
128	122	0.742617
128	126	0.755591
128	127	0.753916
128	130	0.780659
128	136	1.71291
128	138	2.3974
128	142	0.743603
128	144	0.733474
128	147	0.753525
128	153	1.65043
128	160	2.25803
128	165	0.723958
128	170	0.749827
128	179	3.64434
128	180	4.13405
129	8	3.01222
129	29	2.00013
129	37	1.81978
129	75	0.808827
129	91	1.82276
129	92	0.735901
129	100	1.86797
129	102	0.722648
129	109	0.791335
129	110	1.87713
129	116	0.774519
129	118	0.73972
129	123	0.766197
129	149	0.780806
129	150	0.779283
129	153	0.753174
129	154	0.766112
129	156	0.743563
129	157	0.758299
129	166	0.675811
129	167	0.767865
129	168	0.732633
129	169	0.723206
129	172	0.774466
129	173	0.740135
129	174	0.719798
129	175	0.725131
129	177	0.69506
129	178	0.714047
129	179	0.697416
129	180	0.686628
130	3	0.836701
130	28	0.744206
130	31	0.749993
130	51	0.783245
130	68	0.766136
130	82	3.26713
130	88	0.789088
130	97	0.778156
130	98	3.51355
130	104	0.76553
130	115	0.780321
130	117	0.77882
130	121	0.773175
130	122	0.778133
130	123	1.52426
130	127	0.789432
130	128	0.780659
130	131	0.772763
130	134	0.79789
130	139	0.785508
130	142	0.779119
130	143	1.64192
130	144	0.76899
130	145	1.12346
130	147	0.789041
130	158	1.75151
130	164	0.727003
130	165	0.759475
130	170	0.785343
130	172	1.78574
130	176	0.713516
131	3	0.793288
131	7	0.806733
131	17	0.697421
131	28	0.700793
131	29	0.781288
131	31	0.70658
131	51	0.739832
131	68	0.722723
131	71	0.766117
131	88	0.745675
131	91	0.747614
131	97	0.734744
131	102	2.92298
131	104	0.722117
131	107	1.95721
131	115	0.736908
131	117	0.735407
131	121	0.729762
131	122	0.734721
131	125	0.786758
131	127	0.74602
131	130	0.772763
131	142	0.735706
131	144	0.725577
131	147	0.745629
131	148	2.8956
131	157	1.67666
131	164	0.68359
131	165	0.716062
131	168	2.54558
131	171	3.06932
131	176	0.670103
132	4	2.53346
132	16	0.793512
132	25	2.56015
132	48	3.1984
132	56	2.82557
132	63	0.684918
132	82	0.671174
132	103	2.08241
132	109	0.75512
132	118	0.703504
132	133	0.71675
132	140	0.733324
132	145	0.748912
132	148	0.669329
132	150	0.743068
132	152	0.740728
132	154	0.729897
132	155	0.711638
132	156	0.707347
132	157	0.722083
132	158	0.725715
132	159	0.719149
132	166	0.639595
132	167	0.731649
132	168	0.696417
132	171	0.680527
132	172	0.738251
132	174	0.683583
132	175	0.688916
132	177	0.658844
132	178	0.677832
132	179	0.6612
132	180	0.650413
133	2	0.83403
133	35	0.726294
133	74	2.92459
133	87	1.48735
133	99	2.20692
133	107	0.748195
133	125	1.98155
133	127	2.35864
133	132	0.71675
133	138	0.726693
133	141	0.738084
133	145	0.775579
133	146	0.732512
133	149	0.771257
133	152	0.767394
133	153	0.743625
133	154	0.756563
133	155	0.738304
133	156	0.734014
133	159	0.745816
133	160	0.738317
133	163	1.67625
133	165	0.723095
133	166	0.666261
133	168	0.723084
133	172	0.764917
133	173	0.730586
133	174	0.710249
133	175	0.715582
133	177	0.68551
133	178	0.704498
133	179	0.687866
133	180	0.677079
134	9	0.736809
134	24	0.802364
134	43	0.763282
134	49	0.756889
134	53	0.811053
134	55	0.746928
134	59	0.746947
134	62	0.74704
134	78	0.788741
134	87	0.773389
134	90	0.765391
134	91	0.772741
134	96	0.752718
134	97	0.759871
134	99	0.751127
134	104	0.747244
134	106	0.778193
134	116	2.23189
134	117	0.760535
134	120	0.750813
134	126	0.772822
134	130	0.79789
134	142	0.760834
134	144	0.750705
134	146	2.40568
134	147	0.770756
134	151	2.24999
134	157	1.9237
134	162	0.726077
134	167	1.84061
134	172	2.21458
134	176	0.69523
134	177	3.77383
135	34	2.04546
135	50	0.703616
135	56	2.46855
135	60	0.739832
135	63	0.691817
135	78	2.4699
135	79	3.4379
135	94	2.37818
135	112	0.748463
135	114	0.711293
135	116	0.745202
135	123	0.736881
135	136	0.726649
135	141	0.718317
135	146	0.712745
135	150	0.749967
135	152	0.747627
135	153	0.723858
135	155	0.718537
135	159	0.726049
135	160	0.71855
135	166	0.646494
135	168	0.703317
135	169	0.693889
135	172	0.74515
135	173	0.710819
135	174	0.690482
135	175	0.695815
135	177	0.665744
135	178	0.684731
135	179	0.668099
135	180	0.657312
136	1	1.3605
136	48	2.49958
136	86	2.50409
136	98	0.72541
136	112	0.77123
136	118	0.73317
136	121	2.5991
136	123	0.759648
136	128	1.71291
136	135	0.726649
136	137	0.700729
136	139	2.39288
136	149	0.774257
136	150	0.772734
136	151	0.732525
136	154	0.759563
136	155	0.741304
136	156	0.737014
136	157	0.751749
136	161	0.692773
136	164	0.693623
136	167	0.761315
136	168	0.726084
136	169	0.716656
136	171	0.710193
136	172	0.767917
136	173	0.733586
136	174	0.713249
136	175	0.718582
136	176	0.680136
136	177	0.68851
136	178	0.707498
136	179	0.690866
136	180	0.680079
137	10	0.635897
137	19	2.43446
137	55	3.16941
137	58	3.65467
137	83	0.645491
137	92	0.680665
137	98	0.676723
137	106	3.94146
137	116	0.719282
137	136	0.700729
137	141	0.692397
137	145	0.729892
137	149	0.72557
137	150	0.724047
137	152	0.721707
137	153	0.697937
