1	23	1.57866
1	57	0.991363
1	60	0.98836
1	81	1.01889
1	89	0.996938
1	99	1.55289
1	101	0.942166
1	128	0.999475
1	130	0.98618
1	132	0.987136
1	172	0.858716
1	179	0.840548
2	19	0.725411
2	55	1.0947
2	81	1.15338
2	94	0.17638
2	120	0.116547
2	130	1.12068
2	132	1.12163
2	157	1.12199
2	175	1.00962
2	177	0.995608
2	179	0.975047
2	180	1.01427
3	38	0.945805
3	68	0.962222
3	85	1.02217
3	93	0.976462
3	94	0.994538
3	105	0.994356
3	116	1.02226
3	127	1.00167
3	158	2.35426
3	168	0.824941
3	170	1.52202
3	172	0.871737
4	68	0.969377
4	85	1.02932
4	93	0.983617
4	94	1.00169
4	105	1.00151
4	116	1.02942
4	140	0.981647
4	149	0.887306
4	164	2.1469
4	168	0.832096
4	172	0.878892
4	174	1.88273
5	12	1.07324
5	18	1.04618
5	24	0.906079
5	61	1.03841
5	66	0.937065
5	67	1.02502
5	70	0.936382
5	123	0.917499
5	134	0.895781
5	140	1.57441
5	149	0.865113
5	162	2.16597
6	9	1.02634
6	30	1.02634
6	31	0.986639
6	43	0.963993
6	45	0.986025
6	47	0.964012
6	51	0.964059
6	55	0.934561
6	139	3.844
6	150	1.54904
6	157	0.96185
6	179	0.814911
7	41	0.951645
7	46	1.37324
7	88	0.956291
7	92	1.00515
7	100	0.991153
7	102	0.923312
7	107	0.956759
7	114	0.946465
7	117	0.986386
7	140	0.928882
7	167	0.956592
7	176	2.43749
8	16	1.12796
8	18	1.15077
8	24	1.01067
8	61	1.143
8	62	1.05377
8	66	1.04165
8	67	1.12961
8	70	1.04097
8	135	0.994194
8	145	2.25356
8	149	0.9697
8	173	1.99243
9	6	1.02634
9	31	1.11238
9	43	1.08974
9	45	1.11177
9	47	1.08975
9	51	1.0898
9	55	1.0603
9	134	0.944432
9	157	1.08759
9	171	3.06198
9	175	1.31522
9	179	0.940654
10	39	1.038
10	48	1.10547
10	64	1.06774
10	73	1.15615
10	84	1.03674
10	122	1.29351
10	126	1.19565
10	127	1.1102
10	138	1.7845
10	143	1.05869
10	157	1.10904
10	161	0.945993
11	25	1.87887
11	122	0.997165
11	148	0.905419
11	154	0.895852
11	171	0.83541
11	173	0.865887
11	174	0.86093
11	175	0.846581
11	176	0.868253
11	177	0.832567
11	178	0.843825
11	180	0.851228
12	5	1.07324
12	24	1.03148
12	61	1.16381
12	62	1.07459
12	66	1.06247
12	67	1.15042
12	70	1.06179
12	96	0.877847
12	129	0.806165
12	134	1.02118
12	149	0.990516
12	172	3.4227
13	79	1.2888
13	104	0.937439
13	112	0.914214
13	170	0.899421
13	171	0.840558
13	173	0.871034
13	174	0.866078
13	175	0.851728
13	176	0.8734
13	177	0.837714
13	178	0.848973
13	180	0.856376
14	40	1.0015
14	71	0.941589
14	72	0.952514
14	87	0.974177
14	95	0.946527
14	108	0.957134
14	113	0.949428
14	119	0.996607
14	120	0.966939
14	152	1.30143
14	167	0.973003
14	176	2.38921
15	63	1.53833
15	68	1.10655
15	93	1.12079
15	105	1.13868
15	110	0.817834
15	116	1.16659
15	127	1.146
15	140	1.11882
15	168	0.969267
15	172	1.01606
15	176	1.89953
16	8	1.12796
16	24	0.981612
16	61	1.11394
16	62	1.02472
16	66	1.0126
16	67	1.10055
16	70	1.01192
16	99	1.13473
16	134	0.971314
16	149	0.940646
16	152	1.22222
16	153	1.19867
16	154	2.23181
17	59	1.12159
17	79	1.08238
17	87	1.05144
17	95	1.02379
17	108	1.0344
17	113	1.02669
17	120	1.0442
17	146	1.01626
17	157	1.04857
17	163	0.930281
17	165	1.13346
17	167	1.05027
17	175	2.79268
18	5	1.04618
18	8	1.15077
18	24	1.00442
18	62	1.04752
18	66	1.0354
18	67	1.12336
18	70	1.03472
18	123	1.01584
18	134	0.99412
18	149	0.963452
18	158	1.562
18	163	2.14815
18	169	1.16769
19	2	0.725411
19	29	1.11915
19	39	0.989905
19	48	1.05738
19	64	1.01964
19	73	1.10806
19	84	0.988646
19	99	1.13467
19	127	1.06211
19	145	2.32519
19	156	1.89492
19	157	1.06095
19	161	0.897902
20	41	1.0466
20	58	1.0253
20	76	0.999657
20	92	1.10011
20	100	1.08611
20	107	1.05171
20	114	1.04142
20	117	1.08134
20	121	0.490679
20	131	1.04416
20	163	0.931559
20	166	2.89895
20	167	1.05155
21	22	0.900805
21	88	0.958803
21	92	1.00767
21	100	0.993665
21	107	0.959271
21	114	0.948977
21	117	0.988898
21	136	2.70998
21	140	0.931394
21	143	0.907063
21	163	0.839118
21	167	0.959104
21	174	2.09819
22	21	0.900805
22	27	0.902335
22	58	0.941939
22	76	0.916301
22	86	1.38308
22	92	1.01675
22	100	1.00275
22	107	0.968356
22	114	0.958062
22	117	0.997983
22	163	0.848203
22	167	0.968189
22	177	3.73085
23	1	1.57866
23	113	0.467099
23	152	1.00719
23	154	0.973676
23	169	0.957027
23	170	0.972099
23	171	0.913235
23	174	0.938755
23	175	0.924405
23	176	0.946077
23	177	0.910392
23	178	0.92165
23	180	0.929053
24	5	0.906079
24	8	1.01067
24	12	1.03148
24	16	0.981612
24	18	1.00442
24	61	0.996647
24	62	0.907424
24	66	0.895303
24	67	0.983258
24	70	0.894621
24	142	1.10458
24	149	0.823351
24	178	3.13234
25	11	1.87887
25	78	1.06345
25	101	1.04339
25	106	1.10385
25	124	0.926234
25	128	1.1007
25	130	1.0874
25	131	1.1336
25	132	1.08836
25	167	1.0904
25	168	0.913144
25	172	0.95994
25	179	0.941773
26	44	1.09253
26	71	1.05652
26	91	0.956745
26	95	1.06146
26	113	1.06436
26	119	1.11154
26	120	1.08187
26	135	1.4293
26	137	1.68476
26	153	1.28779
26	161	0.923193
26	163	0.967949
26	167	1.08793
27	22	0.902335
27	54	1.67285
27	88	0.960333
27	92	1.0092
27	100	0.995194
27	107	0.960801
27	114	0.950507
27	117	0.990427
27	126	1.90688
27	137	0.887963
27	140	0.932924
27	163	0.840648
27	167	0.960634
28	33	1.03285
28	89	0.417401
28	117	0.97016
28	141	0.967108
28	162	0.985563
28	166	0.930533
28	171	0.910566
28	173	0.941043
28	175	0.921737
28	176	0.943408
28	177	0.907723
28	178	0.918981
28	180	0.926384
29	19	1.11915
29	39	1.01026
29	48	1.07773
29	53	3
29	64	1.04
29	73	1.12841
29	84	1.009
29	123	1.01333
29	143	1.03095
29	153	1.45319
29	157	1.0813
29	161	0.918253
29	179	4.0123
30	6	1.02634
30	31	1.11238
30	43	1.08974
30	45	1.11177
30	47	1.08975
30	51	1.0898
30	55	1.0603
30	112	1.76456
30	124	0.843303
30	157	1.08759
30	160	1.98801
30	179	0.940654
31	6	0.986639
31	9	1.11238
31	30	1.11238
31	43	1.05003
31	45	1.07207
31	47	1.05005
31	51	1.0501
31	55	1.0206
31	143	1.19272
31	147	1.26912
31	157	1.04789
31	175	3.03127
31	179	0.900952
32	49	1.10208
32	56	1.06901
32	101	1.04272
32	106	1.10318
32	118	2.1965
32	128	1.10003
32	130	1.08673
32	132	1.08769
32	138	0.761886
32	168	0.912474
32	172	0.95927
32	178	2.32002
32	179	0.941103
33	28	1.03285
33	42	0.979323
33	92	0.718434
33	129	1.06309
33	165	0.967258
33	170	0.95718
33	171	0.898316
33	174	0.923836
33	175	0.909487
33	176	0.931158
33	177	0.895473
33	178	0.906731
33	180	0.914134
34	35	1.10882
34	37	1.11127
34	38	1.02442
34	69	1.05551
34	93	1.05508
34	102	1.04754
34	105	1.07298
34	116	1.10088
34	126	1.01967
34	144	1.60696
34	161	5.17284
34	168	0.90356
34	172	0.950356
35	34	1.10882
35	42	1.07505
35	68	1.0145
35	93	1.02874
35	94	1.04682
35	99	0.665053
35	105	1.04664
35	116	1.07454
35	123	1.61767
35	124	1.07183
35	149	0.932433
35	163	3.05031
35	168	0.877224
35	172	0.92402
36	60	0.976187
36	78	0.950055
36	82	0.93362
36	97	0.973284
36	98	0.978785
36	128	0.987303
36	130	0.974008
36	132	0.974963
36	150	0.790168
36	167	0.977008
36	168	0.799748
36	172	0.846544
36	178	3.50643
36	179	0.828376
37	34	1.11127
37	69	1.03163
37	77	1.59508
37	85	1.0769
37	93	1.03119
37	94	1.04927
37	105	1.04909
37	116	1.07699
37	121	1.02499
37	135	1.85387
37	140	1.02922
37	149	0.934883
37	168	0.879673
37	172	0.926469
38	3	0.945805
38	34	1.02442
38	69	0.944782
38	93	0.944351
38	94	0.962427
38	105	0.962245
38	116	0.990151
38	124	0.98744
38	137	2.23705
38	140	0.942381
38	149	0.84804
38	153	1.84008
38	168	0.79283
38	172	0.839626
39	10	1.038
39	19	0.989905
39	29	1.01026
39	48	0.948487
39	64	0.91075
39	65	0.905795
39	73	0.999169
39	84	0.879752
39	123	0.884084
39	142	1.13649
39	143	0.901708
39	157	0.952056
39	161	0.789007
39	172	3.35466
40	14	1.0015
40	79	1.08709
40	87	1.05616
40	95	1.02851
40	108	1.03911
40	119	1.07859
40	124	1.07233
40	127	1.05445
40	129	0.927498
40	134	0.963599
40	139	0.917753
40	161	0.89024
40	166	1.73502
40	178	2.46382
41	7	0.951645
41	20	1.0466
41	50	1.01518
41	58	0.995291
41	92	1.0701
41	100	1.0561
41	103	1.0221
41	107	1.02171
41	114	1.01141
41	117	1.05133
41	143	0.9695
41	167	1.02154
41	172	2.47837
41	173	1.84737
42	33	0.979323
42	35	1.07505
42	68	1.00707
42	69	1.02175
42	85	1.06702
42	93	1.02131
42	105	1.03921
42	116	1.06711
42	124	1.0644
42	127	1.04652
42	142	1.7914
42	152	1.39302
42	168	0.869793
42	172	0.91659
43	6	0.963993
43	9	1.08974
43	30	1.08974
43	31	1.05003
43	45	1.04942
43	47	1.02741
43	51	1.02745
43	55	0.997956
43	102	0.993657
43	129	0.834075
43	137	1.183
43	157	1.02524
43	163	2.94622
43	179	0.878306
44	26	1.09253
44	59	1.10241
44	79	1.06319
44	108	1.01521
44	113	1.00751
44	119	1.05469
44	120	1.02502
44	126	0.830914
44	157	1.02939
44	161	0.86634
44	162	1.85033
44	163	0.911096
44	167	1.03108
44	170	2.09658
45	6	0.986025
45	9	1.11177
45	30	1.11177
45	31	1.07207
45	43	1.04942
45	47	1.04944
45	51	1.04949
45	55	1.01999
45	148	1.0218
45	154	1.2988
45	157	1.04728
45	178	2.71536
45	179	0.900338
46	7	1.37324
46	69	0.657104
46	123	0.952116
46	150	1.0547
46	164	0.922177
46	166	0.916519
46	170	0.955417
46	171	0.896553
46	173	0.927029
46	174	0.922073
46	176	0.929395
46	177	0.89371
46	178	0.904968
46	180	0.912371
47	6	0.964012
47	9	1.08975
47	30	1.08975
47	31	1.05005
47	43	1.02741
47	45	1.04944
47	51	1.02747
47	55	0.997974
47	102	0.993676
47	146	1.83835
47	148	1.83135
47	151	1.27151
47	157	1.02526
47	179	0.878324
48	10	1.10547
48	19	1.05738
48	29	1.07773
48	39	0.948487
48	64	0.978226
48	73	1.06665
48	84	0.947228
48	123	0.951561
48	127	1.02069
48	141	1.66099
48	143	0.969185
48	157	1.01953
48	161	0.856484
48	165	1.67409
48	179	5.15368
49	32	1.10208
49	82	0.995447
49	89	1.04659
49	97	1.03511
49	101	0.99182
49	124	0.804299
49	128	1.04913
49	130	1.03583
49	132	1.03679
49	164	2.33969
49	167	1.03883
49	168	0.861574
49	172	0.90837
49	173	2.33126
49	179	0.890203
50	41	1.01518
50	58	0.993874
50	76	0.968235
50	88	1.01982
50	100	1.05468
50	102	0.986843
50	107	1.02029
50	114	1.01
50	117	1.04992
50	122	0.793134
50	143	0.968083
50	149	2.32769
50	163	0.900138
50	167	1.02012
50	177	2.55022
51	6	0.964059
51	9	1.0898
51	30	1.0898
51	31	1.0501
51	43	1.02745
51	45	1.04949
51	47	1.02747
51	55	0.998022
51	102	0.993723
51	151	0.979723
51	157	1.02531
51	169	1.96316
51	176	1.89476
51	179	0.878372
52	83	1.17018
52	84	1.08816
52	101	1.11515
52	113	1.13859
52	115	0.754242
52	120	1.1561
52	128	1.17246
52	130	1.15916
52	132	1.16012
52	152	1.22783
52	159	1.89938
52	161	0.99742
52	162	1.69983
52	163	1.04218
53	29	3
53	113	0.889377
53	119	0.936556
53	120	0.906888
53	128	0.923247
53	130	0.909952
53	132	0.910907
53	133	0.857159
53	167	0.912952
53	172	0.782488
53	176	0.820566
53	177	0.78488
53	178	0.796139
53	179	0.76432
53	180	0.803542
54	27	1.67285
54	87	0.760335
54	123	0.945082
54	136	0.919854
54	159	0.971422
54	162	0.964515
54	166	0.909485
54	169	0.93331
54	173	0.919995
54	174	0.915038
54	175	0.900689
54	176	0.922361
54	177	0.886675
54	178	0.897933
54	180	0.905336
55	2	1.0947
55	6	0.934561
55	9	1.0603
55	30	1.0603
55	31	1.0206
55	43	0.997956
55	45	1.01999
55	47	0.997974
55	51	0.998022
55	102	0.964225
55	103	1.21094
55	152	1.07167
55	157	0.995813
55	166	2.76901
55	179	0.848874
56	32	1.06901
56	57	1.00794
56	60	1.00494
56	77	0.856787
56	81	1.03547
56	82	0.962373
56	97	1.00204
56	101	0.958746
56	128	1.01606
56	130	1.00276
56	132	1.00372
56	153	0.974071
56	167	1.00576
56	172	0.875296
56	175	3.51363
56	179	0.857129
57	1	0.991363
57	56	1.00794
57	78	1.00172
57	89	1.03643
57	98	1.03045
57	101	0.981656
57	128	1.03897
57	130	1.02567
57	132	1.02663
57	154	1.31168
57	167	1.02867
57	168	0.85141
57	172	0.898206
57	174	2.0319
57	179	0.880039
57	180	2.32113
58	20	1.0253
58	22	0.941939
58	41	0.995291
58	50	0.993874
58	76	0.94835
58	88	0.999937
58	92	1.0488
58	107	1.00041
58	114	0.990111
58	117	1.03003
58	134	2.38729
58	143	0.948197
58	150	0.957353
58	163	0.880252
58	165	2.10427
58	167	1.00024
59	17	1.12159
59	44	1.10241
59	95	1.07134
59	96	1.06727
59	108	1.08194
59	113	1.07424
59	119	1.12142
59	120	1.09175
59	126	1.04935
59	127	1.09728
59	134	1.00643
59	151	1.76951
59	152	1.59677
59	161	0.933069
59	163	0.977826
59	167	1.09781
60	1	0.98836
60	36	0.976187
60	56	1.00494
60	96	0.843841
60	97	1.02194
60	98	1.02744
60	106	1.03911
60	128	1.03596
60	130	1.02267
60	132	1.02362
60	150	1.08322
60	166	3.07069
60	167	1.02567
60	168	0.848406
60	172	0.895203
60	179	0.877035
61	5	1.03841
61	8	1.143
61	12	1.16381
61	16	1.11394
61	24	0.996647
61	62	1.03975
61	66	1.02763
61	67	1.11559
61	70	1.02695
61	99	1.14976
61	121	1.03591
61	122	1.29727
61	123	1.00807
61	134	0.986349
61	171	2.34295
61	179	5.03403
62	8	1.05377
62	12	1.07459
62	16	1.02472
62	18	1.04752
62	24	0.907424
62	61	1.03975
62	66	0.93841
62	67	1.02636
62	70	0.937727
62	86	0.698427
62	99	1.06054
62	123	0.918844
62	134	0.897125
62	140	1.23491
62	149	0.866458
62	180	3.3735
63	15	1.53833
63	64	0.939584
63	73	1.028
63	84	0.908586
63	105	1.12423
63	106	0.996026
63	130	0.979583
63	155	0.905688
63	157	0.98089
63	161	0.817841
63	164	0.882979
63	168	0.805323
63	170	0.916219
63	175	0.868526
63	178	0.86577
63	179	0.833951
63	180	0.873173
64	10	1.06774
64	19	1.01964
64	29	1.04
64	39	0.91075
64	48	0.978226
64	63	0.939584
64	73	1.02891
64	84	0.909491
64	99	1.05552
64	118	1.71252
64	123	0.913823
64	127	0.982957
64	139	3.556
64	143	0.931447
64	157	0.981795
64	161	0.818746
64	173	1.39545
65	39	0.905795
65	84	0.904536
65	89	0.938616
65	91	0.847345
65	107	0.978701
65	114	0.968407
65	117	1.00833
65	130	1.01318
65	157	0.976841
65	161	0.813792
65	163	0.858548
65	167	0.978534
65	173	0.883782
65	174	0.878825
65	177	0.850462
65	178	0.86172
65	180	0.869123
66	5	0.937065
66	8	1.04165
66	12	1.06247
66	16	1.0126
66	18	1.0354
66	24	0.895303
66	61	1.02763
66	62	0.93841
66	67	1.01424
66	70	0.925607
66	99	1.04842
66	111	3.0708
66	115	0.790515
66	123	0.906724
66	134	0.885005
66	149	0.854338
66	180	2.21497
67	5	1.02502
67	8	1.12961
67	12	1.15042
67	16	1.10055
67	18	1.12336
67	24	0.983258
67	61	1.11559
67	62	1.02636
67	66	1.01424
67	70	1.01356
67	123	0.994678
67	131	0.803462
67	134	0.97296
67	143	1.63836
67	147	1.03331
67	149	0.942292
67	174	2.69071
68	3	0.962222
68	4	0.969377
68	15	1.10655
68	35	1.0145
68	42	1.00707
68	69	0.9612
68	85	1.00648
68	93	0.960768
68	94	0.978844
68	105	0.978663
68	116	1.00657
68	127	0.985977
68	133	1.42306
68	148	1.01238
68	168	0.809247
68	172	0.856044
68	177	3.53884
69	34	1.05551
69	37	1.03163
69	38	0.944782
69	42	1.02175
69	46	0.657104
69	68	0.9612
69	85	1.02115
69	93	0.975439
69	94	0.993515
69	105	0.993334
69	116	1.02124
69	127	1.00065
69	149	0.879128
69	156	2.44998
69	168	0.823919
69	169	1.78975
69	172	0.870715
70	5	0.936382
70	8	1.04097
70	12	1.06179
70	16	1.01192
70	18	1.03472
70	24	0.894621
70	61	1.02695
70	62	0.937727
70	66	0.925607
70	67	1.01356
70	99	1.04774
70	115	1.15776
70	123	0.906041
70	131	1.4739
70	134	0.884323
70	149	0.853655
70	169	2.78752
71	14	0.941589
71	26	1.05652
71	72	0.974584
71	79	1.02718
71	83	1.00309
71	91	0.863884
71	95	0.968597
71	108	0.979204
71	112	1.37585
71	113	0.971498
71	119	1.01868
71	120	0.989009
71	157	0.99338
71	159	1.30745
71	161	0.830331
71	167	0.995073
71	178	3.06203
72	14	0.952514
72	71	0.974584
72	79	1.03811
72	87	1.00717
72	95	0.979522
72	108	0.990129
72	113	0.982423
72	119	1.0296
72	120	0.999934
72	127	1.00547
72	134	0.914615
72	139	0.868769
72	144	1.74585
72	147	1.77839
72	153	1.68242
72	161	0.841256
72	167	1.006
73	10	1.15615
73	19	1.10806
73	29	1.12841
73	39	0.999169
73	48	1.06665
73	63	1.028
73	64	1.02891
73	84	0.99791
73	109	1.4445
73	123	1.00224
73	127	1.07138
73	140	1.16402
73	143	1.01987
73	144	1.32345
73	157	1.07021
73	161	0.907166
73	165	2.14036
74	132	1.17647
74	137	0.914424
74	142	0.954897
74	145	0.893312
74	154	0.922307
74	157	0.97809
74	158	0.904089
74	159	0.94377
74	160	0.911796
74	163	0.867109
74	166	0.881832
74	170	0.92073
74	173	0.892342
74	175	0.873036
74	176	0.894708
74	177	0.859023
74	178	0.870281
74	180	0.877684
75	102	0.79903
75	118	1.01536
75	130	0.420511
75	157	0.0474725
75	159	1.01854
75	165	1.00558
75	166	0.956601
75	169	0.980426
75	170	0.995498
75	171	0.936634
75	173	0.967111
75	174	0.962154
75	175	0.947805
75	176	0.969477
75	177	0.933791
75	178	0.945049
75	180	0.952452
76	20	0.999657
76	22	0.916301
76	50	0.968235
76	58	0.94835
76	88	0.974298
76	92	1.02316
76	100	1.00916
76	107	0.974767
76	114	0.964473
76	117	1.00439
76	131	1.08299
76	137	0.901929
76	140	0.94689
76	143	0.922559
76	151	1.41317
76	163	0.854614
76	167	0.974599
76	180	3.25947
77	37	1.59508
77	56	0.856787
77	125	0.999789
77	134	0.953602
77	146	0.988396
77	157	0.427241
77	158	0.96198
77	159	1.00166
77	160	0.969687
77	164	0.945382
77	165	0.988699
77	169	0.963549
77	174	0.945277
77	175	0.930928
77	176	0.952599
77	177	0.916914
77	178	0.928172
77	180	0.935575
78	25	1.06345
78	36	0.950055
78	57	1.00172
78	82	0.956147
78	89	1.00729
78	97	0.995811
78	98	1.00131
78	106	1.01298
78	121	1.2342
78	128	1.00983
78	129	1.40875
78	130	0.996534
78	132	0.99749
78	139	0.862305
78	160	2.90853
78	168	0.822274
78	172	0.86907
78	179	0.850903
79	13	1.2888
79	17	1.08238
79	40	1.08709
79	44	1.06319
79	71	1.02718
79	72	1.03811
79	83	1.06662
79	108	1.04273
79	111	1.9292
79	113	1.03502
79	118	1.49097
79	119	1.0822
79	120	1.05253
79	139	0.921369
79	149	2.09085
79	161	0.893856
79	163	0.938612
79	167	1.0586
80	104	0.951882
80	117	1.35847
80	120	1.20319
80	145	0.886448
80	150	1.01315
80	151	0.945494
80	153	0.960677
80	164	0.880626
80	166	0.874967
80	170	0.913865
80	171	0.855001
80	173	0.885478
80	174	0.880521
80	175	0.866172
80	176	0.887843
80	177	0.852158
80	178	0.863416
80	180	0.870819
81	1	1.01889
81	2	1.15338
81	56	1.03547
81	82	1.01281
81	97	1.05247
81	98	1.05797
81	101	1.00918
81	103	1.11386
81	104	1.24614
81	128	1.06649
81	130	1.05319
81	132	1.05415
81	137	0.983523
81	140	0.855026
81	145	3.22126
81	167	1.05619
81	172	0.925729
81	179	0.907561
82	36	0.93362
82	49	0.995447
82	56	0.962373
82	78	0.956147
82	81	1.01281
82	97	0.979376
82	98	0.984876
82	101	0.936085
82	106	0.996542
82	124	0.840167
82	128	0.993395
82	130	0.980099
82	132	0.981055
82	139	0.845871
82	167	0.9831
82	168	0.805839
82	170	1.73971
82	175	3.53748
82	179	0.834468
83	52	1.17018
83	71	1.00309
83	79	1.06662
83	87	1.03568
83	95	1.00803
83	108	1.01864
83	113	1.01093
83	119	1.05811
83	120	1.02845
83	127	1.03398
83	139	0.89728
83	147	1.10505
83	157	1.03282
83	161	0.869767
83	162	1.50464
83	163	0.914523
83	167	1.03451
83	169	2.18882
83	170	1.75088
84	10	1.03674
84	19	0.988646
84	29	1.009
84	39	0.879752
84	48	0.947228
84	52	1.08816
84	63	0.908586
84	64	0.909491
84	65	0.904536
84	73	0.99791
84	99	1.02452
84	104	2.1472
84	110	1.63463
84	123	0.882825
84	127	0.951959
84	143	0.900449
84	151	2.04838
84	157	0.950797
84	161	0.787748
85	3	1.02217
85	4	1.02932
85	37	1.0769
85	42	1.06702
85	68	1.00648
85	69	1.02115
85	93	1.02072
85	94	1.03879
85	105	1.03861
85	116	1.06652
85	124	1.0638
85	133	1.90296
85	134	1.8995
85	140	1.01875
85	149	0.924405
85	150	1.13604
85	168	0.869195
85	172	0.915991
85	173	2.74524
86	22	1.38308
86	62	0.698427
86	106	0.199791
86	132	0.110421
86	133	1.0439
86	147	1.07758
86	151	1.06496
86	165	1.04341
86	166	0.994435
86	169	1.01826
86	170	1.03333
86	171	0.974469
86	173	1.00495
86	174	0.999989
86	175	0.985639
86	176	1.00731
86	177	0.971625
86	178	0.982884
86	180	0.990287
87	14	0.974177
87	17	1.05144
87	40	1.05616
87	54	0.760335
87	72	1.00717
87	83	1.03568
87	95	1.00119
87	108	1.01179
87	113	1.00409
87	119	1.05127
87	120	1.0216
87	124	1.04501
87	125	1.83359
87	135	1.65974
87	138	1.58322
87	139	0.890433
87	157	1.02597
87	161	0.86292
87	163	0.907676
87	167	1.02766
88	7	0.956291
88	21	0.958803
88	27	0.960333
88	50	1.01982
88	58	0.999937
88	76	0.974298
88	91	3.8
88	92	1.07475
88	100	1.06075
88	102	0.992906
88	107	1.02635
88	114	1.01606
88	117	1.05598
88	137	0.953516
88	140	0.998477
88	160	1.06865
88	163	0.906201
88	167	1.02619
88	172	1.75521
88	180	1.15769
89	1	0.996938
89	28	0.417401
89	49	1.04659
89	57	1.03643
89	65	0.938616
89	78	1.00729
89	97	1.03052
89	98	1.03602
89	101	0.987231
89	106	1.04769
89	128	1.04454
89	130	1.03124
89	132	1.0322
89	137	0.961575
89	139	0.897016
89	158	2.41704
89	165	1.72334
89	167	1.03425
89	172	0.903781
89	179	0.885613
90	118	0.872257
90	138	0.923712
90	144	0.875039
90	150	0.951681
90	153	0.899206
90	156	0.82442
90	157	3.27911
90	158	0.835753
90	164	0.819154
90	165	0.862472
90	166	0.813496
90	169	0.837322
90	171	0.79353
90	173	0.824006
90	174	0.81905
90	175	0.8047
90	176	0.826372
90	177	0.790687
90	178	0.801945
90	180	0.809348
91	26	0.956745
91	65	0.847345
91	71	0.863884
91	88	3.8
91	106	0.908741
91	119	0.918902
91	128	0.905593
91	130	0.892298
91	132	0.893254
91	160	0.82
91	163	0.775313
91	167	0.895298
91	170	0.828934
91	173	0.800547
91	176	0.802912
91	177	0.767227
91	178	0.778485
91	179	0.746667
91	180	0.785888
92	7	1.00515
92	20	1.10011
92	21	1.00767
92	22	1.01675
92	27	1.0092
92	33	0.718434
92	41	1.0701
92	58	1.0488
92	76	1.02316
92	88	1.07475
92	100	1.10961
92	107	1.07522
92	114	1.06492
92	117	1.10484
92	121	1.33808
92	140	1.04734
92	155	1.02454
92	163	0.955064
92	167	1.07505
92	171	3.68599
92	177	2.68226
93	3	0.976462
93	4	0.983617
93	15	1.12079
93	34	1.05508
93	35	1.02874
93	37	1.03119
93	38	0.944351
93	42	1.02131
93	68	0.960768
93	69	0.975439
93	85	1.02072
93	94	0.993084
93	105	0.992902
93	116	1.02081
93	123	1.9509
93	138	1.28833
93	140	0.973038
93	142	1.64528
93	160	2.21031
93	168	0.823487
93	172	0.870283
94	2	0.17638
94	3	0.994538
94	4	1.00169
94	35	1.04682
94	37	1.04927
94	38	0.962427
94	68	0.978844
94	69	0.993515
94	85	1.03879
94	93	0.993084
94	102	0.985543
94	105	1.01098
94	110	1.08286
94	116	1.03888
94	124	1.03617
94	127	1.01829
94	142	1.72225
94	149	0.896773
94	163	3.4605
94	168	0.841563
94	172	0.888359
95	14	0.946527
95	17	1.02379
95	26	1.06146
95	40	1.02851
95	59	1.07134
95	71	0.968597
95	72	0.979522
95	83	1.00803
95	87	1.00119
95	108	0.984143
95	113	0.976437
95	119	1.02362
95	120	0.993948
95	124	1.01736
95	136	2.87284
95	139	0.862783
95	150	0.958253
95	157	0.998319
95	160	1.49464
95	161	0.83527
95	180	2.55027
96	12	0.877847
96	59	1.06727
96	60	0.843841
96	117	0.889813
96	126	1.09412
96	148	1.01063
96	152	1.03458
96	154	1.00106
96	155	0.988955
96	156	0.971512
96	160	0.990552
96	162	1.01562
96	166	0.960589
96	169	0.984414
96	170	0.999486
96	174	0.966142
96	175	0.951793
96	176	0.973465
96	177	0.937779
96	178	0.949037
96	180	0.95644
97	36	0.973284
97	49	1.03511
97	56	1.00204
97	60	1.02194
97	78	0.995811
97	81	1.05247
97	82	0.979376
97	89	1.03052
97	106	1.03621
97	128	1.03306
97	130	1.01976
97	132	1.02072
97	134	1.96879
97	137	0.950093
97	143	1.50644
97	162	1.30098
97	166	2.52633
97	167	1.02276
97	168	0.845503
97	172	0.892299
97	179	0.874132
98	36	0.978785
98	57	1.03045
98	60	1.02744
98	78	1.00131
98	81	1.05797
98	82	0.984876
98	89	1.03602
98	101	0.98125
98	106	1.04171
98	125	0.738129
98	128	1.03856
98	130	1.02526
98	132	1.02622
98	133	1.58959
98	138	1.16813
98	139	0.891035
98	167	1.02826
98	168	0.851003
98	171	4.70909
98	172	0.8978
98	179	0.879632
99	1	1.55289
99	16	1.13473
99	19	1.13467
99	35	0.665053
99	61	1.14976
99	62	1.06054
99	64	1.05552
99	66	1.04842
99	70	1.04774
99	84	1.02452
99	114	0.14659
99	116	0.115595
99	119	0.0222739
99	149	0.976468
99	157	1.09683
99	161	0.933777
99	166	0.993256
99	175	0.984461
99	176	1.00613
99	177	0.970447
99	178	0.981705
99	180	0.989108
100	7	0.991153
100	20	1.08611
100	21	0.993665
100	22	1.00275
100	27	0.995194
100	41	1.0561
100	50	1.05468
100	76	1.00916
100	88	1.06075
100	92	1.10961
100	107	1.06122
100	114	1.05092
100	117	1.09084
100	123	1.18249
100	137	0.988378
100	140	1.03334
100	141	1.41047
100	155	2.07982
100	162	0.950496
100	163	0.941063
100	164	2.47247
100	167	1.06105
101	1	0.942166
101	25	1.04339
101	32	1.04272
101	49	0.99182
101	52	1.11515
101	56	0.958746
101	57	0.981656
101	81	1.00918
101	82	0.936085
101	89	0.987231
101	98	0.98125
101	106	0.992916
101	128	0.989768
101	129	1.18798
101	130	0.976473
101	132	0.977429
101	144	1.76423
101	147	1.79677
101	148	2.45694
101	167	0.979473
101	168	0.802213
101	172	0.849009
101	179	0.830841
102	7	0.923312
102	34	1.04754
102	43	0.993657
102	47	0.993676
102	50	0.986843
102	51	0.993723
102	55	0.964225
102	75	0.79903
102	88	0.992906
102	94	0.985543
102	105	0.985362
102	107	0.993374
102	112	2.05959
102	114	0.983081
102	116	1.01327
102	117	1.023
102	141	2.25161
102	144	1.35951
102	157	0.991514
102	167	0.993207
102	168	0.815947
102	172	0.862743
102	179	0.844575
103	41	1.0221
103	55	1.21094
103	81	1.11386
103	116	0.250658
103	139	0.907797
103	146	0.988436
103	152	1.01376
103	153	1.02547
103	155	0.96813
103	156	0.950687
103	158	0.962021
103	160	0.969727
103	162	0.994794
103	165	0.98874
103	166	0.939764
103	170	0.978661
103	171	0.919797
103	173	0.950274
103	174	0.945318
103	175	0.930968
103	176	0.95264
103	177	0.916954
103	178	0.928212
103	180	0.935615
104	13	0.937439
104	80	0.951882
104	81	1.24614
104	84	2.1472
104	105	0.669209
104	136	0.903247
104	144	0.954421
104	151	0.963404
104	153	0.978588
104	156	0.903802
104	162	0.947908
104	164	0.898536
104	165	0.941854
104	169	0.916704
104	170	0.931775
104	171	0.872912
104	173	0.903388
104	174	0.898432
104	175	0.884082
104	176	0.905754
104	177	0.870069
104	178	0.881327
104	179	0.849508
104	180	0.88873
105	3	0.994356
105	4	1.00151
105	15	1.13868
105	34	1.07298
105	35	1.04664
105	37	1.04909
105	38	0.962245
105	42	1.03921
105	63	1.12423
105	68	0.978663
105	69	0.993334
105	85	1.03861
105	93	0.992902
105	94	1.01098
105	102	0.985362
105	104	0.669209
105	116	1.0387
105	127	1.01811
105	140	0.990933
105	149	0.896591
105	155	1.99898
105	158	1.94813
105	168	0.841382
105	172	0.888178
105	176	1.48543
106	25	1.10385
106	32	1.10318
106	60	1.03911
106	63	0.996026
106	78	1.01298
106	82	0.996542
106	86	0.199791
106	89	1.04769
106	91	0.908741
106	97	1.03621
106	98	1.04171
106	101	0.992916
106	128	1.05022
106	130	1.03693
106	132	1.03789
106	137	0.96726
106	139	0.902701
106	146	1.59541
106	156	2.67223
106	159	1.52738
106	167	1.03993
106	168	0.862669
106	172	0.909466
106	176	1.94362
106	179	0.891298
107	7	0.956759
107	20	1.05171
107	21	0.959271
107	22	0.968356
107	27	0.960801
107	41	1.02171
107	50	1.02029
107	58	1.00041
107	65	0.978701
107	76	0.974767
107	88	1.02635
107	92	1.07522
107	100	1.06122
107	102	0.993374
107	114	1.01653
107	115	1.11347
107	117	1.05645
107	121	0.876134
107	125	1.87887
107	137	0.953984
107	143	0.974614
107	152	1.58706
107	163	0.906669
107	167	1.02665
107	176	2.67484
108	14	0.957134
108	17	1.0344
108	40	1.03911
108	44	1.01521
108	59	1.08194
108	71	0.979204
108	72	0.990129
108	79	1.04273
108	83	1.01864
108	87	1.01179
108	95	0.984143
108	109	0.799724
108	113	0.987044
108	119	1.03422
108	120	1.00455
108	124	1.02797
108	127	1.01009
108	154	1.64838
108	157	1.00893
108	161	0.845877
108	162	1.1108
108	163	0.890633
108	165	1.49559
108	167	1.01062
108	177	3.89784
109	73	1.4445
109	108	0.799724
109	129	1.0748
109	139	0.898025
109	145	0.941473
109	151	1.00052
109	152	1.00399
109	154	0.970468
109	155	0.958359
109	157	0.729001
109	160	0.959956
109	164	0.935651
109	165	0.978968
109	166	0.929992
109	167	0.610514
109	169	0.953818
109	170	0.96889
109	171	0.910026
109	173	0.940503
109	174	0.935546
109	175	0.921197
109	176	0.942868
109	177	0.907183
109	178	0.918441
109	180	0.925844
110	15	0.817834
110	84	1.63463
110	94	1.08286
110	119	0.462922
110	124	1.05421
110	152	1.00559
110	153	1.01731
110	154	0.972073
110	156	0.942521
110	158	0.953854
110	159	0.993535
110	160	0.961561
110	162	0.986628
110	164	0.937256
110	169	0.955423
110	170	0.970495
110	171	0.911631
110	173	0.942108
110	174	0.937151
110	175	0.922802
110	176	0.944474
110	177	0.908788
110	178	0.920046
110	180	0.927449
111	66	3.0708
111	79	1.9292
111	134	0.856845
111	146	0.891639
111	147	0.926109
111	151	0.913492
111	153	0.928676
111	154	0.883441
111	158	0.865223
111	159	0.904904
111	160	0.87293
111	162	0.897996
111	163	0.828243
111	165	0.891942
111	166	0.842966
111	169	0.866792
111	170	0.881864
111	171	0.823
111	173	0.853476
111	174	0.84852
111	175	0.834171
111	176	0.855842
111	177	0.820157
111	178	0.831415
111	180	0.838818
112	13	0.914214
112	30	1.76456
112	71	1.37585
112	102	2.05959
112	125	0.929719
112	133	0.919122
112	138	0.979869
112	150	1.00784
112	151	0.940179
112	153	0.955363
112	159	0.931591
112	160	0.899617
112	162	0.924683
112	164	0.875311
112	165	0.918629
112	166	0.869653
112	169	0.893479
112	170	0.908551
112	171	0.849687
112	173	0.880163
112	174	0.875207
112	175	0.860857
112	176	0.882529
112	177	0.846844
112	178	0.858102
112	180	0.865505
113	14	0.949428
113	17	1.02669
113	23	0.467099
113	26	1.06436
113	44	1.00751
113	52	1.13859
113	53	0.889377
113	59	1.07424
113	71	0.971498
113	72	0.982423
113	79	1.03502
113	83	1.01093
113	87	1.00409
113	95	0.976437
113	108	0.987044
113	119	1.02652
113	120	0.996848
113	122	1.27221
113	134	0.911529
113	137	2.09519
113	140	1.60222
113	146	2.46135
113	157	1.00122
113	161	0.838171
113	163	0.882927
113	167	1.00291
114	7	0.946465
114	20	1.04142
114	21	0.948977
114	22	0.958062
114	27	0.950507
114	41	1.01141
114	50	1.01
114	58	0.990111
114	65	0.968407
114	76	0.964473
114	88	1.01606
114	92	1.06492
114	99	0.14659
114	100	1.05092
114	102	0.983081
114	107	1.01653
114	117	1.04615
114	137	0.94369
114	138	0.813927
114	140	0.988651
114	143	0.96432
114	163	0.896375
114	167	1.01636
114	170	1.49074
114	172	3.38905
114	174	2.50231
115	52	0.754242
115	66	0.790515
115	70	1.15776
115	107	1.11347
115	121	1.10889
115	125	1.01822
115	128	0.713736
115	141	0.994728
115	144	1.01969
115	146	1.00682
115	150	1.09634
115	154	0.998627
115	158	0.980409
115	160	0.988116
115	162	1.01318
115	164	0.96381
115	169	0.981978
115	170	0.997049
115	171	0.938186
115	173	0.968662
115	174	0.963706
115	175	0.949356
115	176	0.971028
115	177	0.935342
115	178	0.946601
115	180	0.954003
116	3	1.02226
116	4	1.02942
116	15	1.16659
116	34	1.10088
116	35	1.07454
116	37	1.07699
116	38	0.990151
116	42	1.06711
116	68	1.00657
116	69	1.02124
116	85	1.06652
116	93	1.02081
116	94	1.03888
116	99	0.115595
116	102	1.01327
116	103	0.250658
116	105	1.0387
116	124	1.0639
116	127	1.04602
116	140	1.01884
116	149	0.924497
116	159	0.782936
116	161	6.62716
116	163	1.39482
116	165	0.96817
116	168	0.869287
116	172	0.916083
117	7	0.986386
117	20	1.08134
117	21	0.988898
117	22	0.997983
117	27	0.990427
117	28	0.97016
117	41	1.05133
117	50	1.04992
117	58	1.03003
117	65	1.00833
117	76	1.00439
117	80	1.35847
117	88	1.05598
117	92	1.10484
117	96	0.889813
117	100	1.09084
117	102	1.023
117	107	1.05645
117	114	1.04615
117	129	0.882939
117	131	1.26188
117	137	0.983611
117	140	1.02857
117	143	1.00424
117	159	2.09087
117	163	0.936296
117	167	1.05628
118	32	2.1965
118	64	1.71252
118	75	1.01536
118	79	1.49097
118	90	0.872257
118	141	0.9113
118	142	0.94779
118	150	1.01291
118	151	0.945251
118	152	0.948717
118	155	0.903091
118	159	0.936662
118	164	0.880383
118	165	0.9237
118	166	0.874724
118	168	0.802726
118	169	0.89855
118	170	0.913622
118	171	0.854758
118	173	0.885235
118	174	0.880278
118	175	0.865929
118	176	0.8876
118	177	0.851915
118	178	0.863173
118	179	0.831355
118	180	0.870576
119	14	0.996607
119	26	1.11154
119	40	1.07859
119	44	1.05469
119	53	0.936556
119	59	1.12142
119	71	1.01868
119	72	1.0296
119	79	1.0822
119	83	1.05811
119	87	1.05127
119	91	0.918902
119	95	1.02362
119	99	0.0222739
119	108	1.03422
119	110	0.462922
119	113	1.02652
119	120	1.04403
119	134	0.958708
119	139	0.912862
119	157	1.0484
119	159	1.37548
119	161	0.885349
119	163	0.930106
119	164	2.69791
119	165	1.56072
119	167	1.05009
119	180	2.72296
120	2	0.116547
120	14	0.966939
120	17	1.0442
120	26	1.08187
120	44	1.02502
120	52	1.1561
120	53	0.906888
120	59	1.09175
120	71	0.989009
120	72	0.999934
120	79	1.05253
120	80	1.20319
120	83	1.02845
120	87	1.0216
120	95	0.993948
120	108	1.00455
120	113	0.996848
120	119	1.04403
120	124	1.03777
120	127	1.01989
120	134	0.92904
120	136	1.61717
120	139	0.883194
120	150	0.973908
120	157	1.01873
120	161	0.855681
120	167	1.02042
120	168	13.6
120	175	1.60972
121	20	0.490679
121	37	1.02499
121	61	1.03591
121	78	1.2342
121	92	1.33808
121	107	0.876134
121	115	1.10889
121	129	1.1115
121	131	1.09167
121	144	1.02824
121	145	0.978177
121	154	1.00717
121	155	0.995063
121	156	0.97762
121	158	0.988953
121	159	1.02863
121	160	0.99666
121	161	0.907217
121	162	1.02173
121	164	0.972355
121	165	1.01567
121	169	0.990522
121	170	1.00559
121	173	0.977207
121	174	0.97225
121	175	0.957901
121	176	0.979573
121	177	0.943887
121	178	0.955145
121	180	0.962548
122	10	1.29351
122	11	0.997165
122	50	0.793134
122	61	1.29727
122	113	1.27221
122	127	0.0994907
122	129	1.10255
122	135	1.0395
122	146	1.00642
122	150	1.09594
122	152	1.03174
122	155	0.986118
122	156	0.968675
122	157	0.118516
122	158	0.980009
122	160	0.987715
122	162	1.01278
122	163	0.943028
122	164	0.96341
122	165	1.00673
122	166	0.957752
122	168	0.885753
122	169	0.981578
122	170	0.996649
122	171	0.937785
122	173	0.968262
122	174	0.963306
122	175	0.948956
122	176	0.970628
122	177	0.934942
122	178	0.9462
122	180	0.953603
123	5	0.917499
123	18	1.01584
123	29	1.01333
123	35	1.61767
123	39	0.884084
123	46	0.952116
123	48	0.951561
123	54	0.945082
123	61	1.00807
123	62	0.918844
123	64	0.913823
123	66	0.906724
123	67	0.994678
123	70	0.906041
123	73	1.00224
123	84	0.882825
123	93	1.9509
123	100	1.18249
123	134	0.865439
123	140	0.929113
123	149	0.834772
123	157	0.95513
123	159	0.913498
123	161	0.792081
123	162	0.906591
123	164	0.857219
123	167	1.15358
123	173	0.862071
123	174	0.857114
123	176	0.864436
123	177	0.828751
123	178	0.840009
123	180	0.847412
124	25	0.926234
124	30	0.843303
124	35	1.07183
124	38	0.98744
124	40	1.07233
124	42	1.0644
124	49	0.804299
124	82	0.840167
124	85	1.0638
124	87	1.04501
124	94	1.03617
124	95	1.01736
124	108	1.02797
124	110	1.05421
124	116	1.0639
124	120	1.03777
124	128	1.00602
124	132	0.585158
124	149	0.921786
124	156	0.949498
124	157	1.04214
124	161	0.879095
124	163	0.923851
124	166	0.938575
124	168	0.866576
124	171	0.918608
124	172	0.913373
124	173	0.949085
124	174	0.944129
124	177	0.915765
124	178	0.927023
124	180	0.934426
125	77	0.999789
125	87	1.83359
125	98	0.738129
125	107	1.87887
125	112	0.929719
125	115	1.01822
125	126	1.00956
125	128	1.47913
125	131	1.001
125	133	0.925498
125	142	0.949094
125	144	0.937571
125	145	0.887509
125	147	0.959171
125	152	0.950021
125	154	0.916504
125	155	0.904395
125	156	0.886952
125	158	0.898285
125	161	0.816549
125	164	0.881687
125	165	0.925004
125	168	0.80403
125	169	0.899854
125	170	0.914926
125	171	0.856062
125	173	0.886539
125	174	0.881582
125	175	0.867233
125	176	0.888905
125	177	0.853219
125	178	0.864477
125	180	0.87188
126	10	1.19565
126	27	1.90688
126	34	1.01967
126	44	0.830914
126	59	1.04935
126	96	1.09412
126	125	1.00956
126	136	0.959865
126	141	0.986072
126	142	1.02256
126	146	0.998168
126	147	1.03264
126	151	1.02002
126	153	1.03521
126	155	0.977862
126	156	0.96042
126	158	0.971753
126	160	0.97946
126	162	1.00453
126	164	0.955154
126	166	0.949496
126	167	0.455772
126	169	0.973322
126	170	0.988393
126	171	0.92953
126	173	0.960006
126	174	0.95505
126	175	0.9407
126	176	0.962372
126	177	0.926686
126	178	0.937945
126	179	0.906126
126	180	0.945347
127	3	1.00167
127	10	1.1102
127	15	1.146
127	19	1.06211
127	40	1.05445
127	42	1.04652
127	48	1.02069
127	59	1.09728
127	64	0.982957
127	68	0.985977
127	69	1.00065
127	72	1.00547
127	73	1.07138
127	83	1.03398
127	84	0.951959
127	94	1.01829
127	105	1.01811
127	108	1.01009
127	116	1.04602
127	120	1.01989
127	122	0.0994907
127	143	0.973915
127	146	1.28863
127	154	1.55863
127	155	2.15038
127	157	1.02426
127	161	0.861214
127	163	0.90597
127	164	2.54303
127	167	1.02596
127	170	1.2673
127	172	0.895492
127	173	2.5346
128	1	0.999475
128	25	1.1007
128	32	1.10003
128	36	0.987303
128	49	1.04913
128	52	1.17246
128	53	0.923247
128	56	1.01606
128	57	1.03897
128	60	1.03596
128	78	1.00983
128	81	1.06649
128	82	0.993395
128	89	1.04454
128	91	0.905593
128	97	1.03306
128	98	1.03856
128	101	0.989768
128	106	1.05022
128	115	0.713736
128	124	1.00602
128	125	1.47913
128	130	1.03378
128	132	1.03474
128	137	0.964112
128	139	0.899553
128	150	0.897194
128	153	1.16377
128	167	1.03678
128	168	0.859522
128	170	1.90557
128	172	0.906318
128	176	2.27511
128	179	0.888151
129	12	0.806165
129	33	1.06309
129	40	0.927498
129	43	0.834075
129	78	1.40875
129	101	1.18798
129	109	1.0748
129	117	0.882939
129	121	1.1115
129	122	1.10255
129	133	1.01024
129	136	0.971135
129	144	1.02231
129	146	1.00944
129	148	1.01081
129	150	1.09895
129	152	1.03476
129	153	1.04648
129	154	1.00124
129	157	0.0317007
129	158	0.983023
129	160	0.99073
129	162	1.0158
129	165	1.00974
129	169	0.984592
129	170	0.999664
129	171	0.9408
129	173	0.971277
129	174	0.96632
129	175	0.951971
129	176	0.973642
129	177	0.937957
129	178	0.949215
129	180	0.956618
130	1	0.98618
130	2	1.12068
130	25	1.0874
130	32	1.08673
130	36	0.974008
130	49	1.03583
130	52	1.15916
130	53	0.909952
130	56	1.00276
130	57	1.02567
130	60	1.02267
130	63	0.979583
130	65	1.01318
130	75	0.420511
130	78	0.996534
130	81	1.05319
130	82	0.980099
130	89	1.03124
130	91	0.892298
130	97	1.01976
130	98	1.02526
130	101	0.976473
130	106	1.03693
130	128	1.03378
130	132	1.02144
130	133	2.08439
130	139	0.886258
130	143	1.61857
130	154	1.9507
130	167	1.02349
130	168	0.846227
130	169	2.09729
130	170	1.65936
130	172	0.893023
130	179	0.874855
131	20	1.04416
131	25	1.1336
131	67	0.803462
131	70	1.4739
131	76	1.08299
131	117	1.26188
131	121	1.09167
131	125	1.001
131	141	0.977515
131	144	1.00248
131	145	0.95242
131	148	0.990982
131	150	1.07912
131	151	1.01147
131	154	0.981415
131	155	0.969306
131	158	0.963196
131	159	1.00288
131	160	0.970903
131	162	0.99597
131	164	0.946598
131	165	0.989915
131	166	0.94094
131	168	0.868941
131	169	0.964765
131	170	0.979837
131	171	0.920973
131	173	0.95145
131	174	0.946493
131	175	0.932144
131	176	0.953815
131	177	0.91813
131	178	0.929388
131	180	0.936791
132	1	0.987136
132	2	1.12163
132	25	1.08836
132	32	1.08769
132	36	0.974963
132	49	1.03679
132	52	1.16012
132	53	0.910907
132	56	1.00372
132	57	1.02663
132	60	1.02362
132	74	1.17647
132	78	0.99749
132	81	1.05415
132	82	0.981055
132	86	0.110421
132	89	1.0322
132	91	0.893254
132	97	1.02072
132	98	1.02622
132	101	0.977429
132	106	1.03789
132	124	0.585158
132	128	1.03474
132	130	1.02144
132	137	0.951773
132	139	0.887214
132	143	1.44392
132	156	2.58287
132	160	1.72986
132	167	1.02444
132	168	0.847182
132	172	0.893979
132	174	2.49627
132	179	0.875811
133	53	0.857159
133	68	1.42306
133	85	1.90296
133	86	1.0439
133	98	1.58959
133	112	0.919122
133	125	0.925498
133	129	1.01024
133	130	2.08439
133	136	0.875802
133	141	0.902008
133	142	0.938498
133	144	0.926975
133	145	0.876913
133	146	0.914105
133	150	1.00362
133	153	0.951142
133	156	0.876356
133	158	0.887689
133	159	0.92737
133	160	0.895396
133	162	0.920463
133	164	0.871091
133	165	0.914408
133	166	0.865432
133	169	0.889258
133	170	0.90433
133	171	0.845466
133	173	0.875943
133	174	0.870986
133	175	0.856637
133	176	0.878308
133	177	0.842623
133	178	0.853881
133	180	0.861284
134	5	0.895781
134	9	0.944432
134	12	1.02118
134	16	0.971314
134	18	0.99412
134	40	0.963599
134	58	2.38729
134	59	1.00643
134	61	0.986349
134	62	0.897125
134	66	0.885005
134	67	0.97296
134	70	0.884323
134	72	0.914615
134	77	0.953602
134	85	1.8995
134	97	1.96879
134	111	0.856845
134	113	0.911529
134	119	0.958708
134	120	0.92904
134	123	0.865439
134	149	0.813053
134	157	0.933411
134	158	0.852099
134	159	0.89178
134	163	0.815119
134	165	0.878818
134	166	0.829842
134	167	0.935104
134	173	0.840352
134	175	0.821047
134	176	0.842718
134	177	0.807033
134	178	0.818291
134	180	0.825694
135	8	0.994194
135	26	1.4293
135	37	1.85387
135	87	1.65974
135	122	1.0395
135	136	0.908082
135	138	1.00793
135	142	0.970778
135	144	0.959256
135	146	0.946385
135	147	0.980855
135	148	0.947755
135	151	0.968239
135	152	0.971705
135	154	0.938188
135	155	0.926079
135	156	0.908636
135	159	0.95965
135	160	0.927676
135	162	0.952743
135	163	0.882989
135	164	0.903371
135	165	0.946688
135	166	0.897713
135	167	0.567542
135	168	0.825714
135	169	0.921538
135	170	0.93661
135	171	0.877746
135	173	0.908223
135	174	0.903266
135	175	0.888917
135	176	0.910589
135	177	0.874903
135	178	0.886161
135	180	0.893564
136	21	2.70998
136	54	0.919854
136	95	2.87284
136	104	0.903247
136	120	1.61717
136	126	0.959865
136	129	0.971135
136	133	0.875802
136	135	0.908082
136	138	0.936549
136	140	0.903885
136	142	0.899398
136	144	0.887875
136	150	0.964518
136	151	0.896859
136	152	0.900325
136	153	0.912042
136	154	0.866807
136	155	0.854699
136	158	0.848589
136	160	0.856296
136	162	0.881363
136	163	0.811609
136	164	0.831991
136	165	0.875308
136	166	0.826332
136	169	0.850158
136	170	0.86523
136	171	0.806366
136	173	0.836843
136	174	0.831886
136	175	0.817537
136	176	0.839208
