1	10	0.694273
1	105	0.912795
1	106	0.996397
1	147	0.932875
1	162	1.10679
1	170	1.04101
1	174	1.04772
1	176	0.847026
1	177	1.00883
1	178	0.98865
1	179	1.03903
1	180	1.00328
2	89	1.06852
2	107	1.05498
2	113	0.993826
2	125	1.04747
2	133	0.995929
2	138	0.998849
2	143	1.02075
2	147	1.02948
2	149	1.01601
2	164	1.02507
2	166	1.17187
2	169	1.04363
3	73	1.02277
3	101	1.08368
3	111	1.00883
3	118	1.03215
3	120	1.02472
3	121	0.969731
3	124	0.981303
3	134	1.03951
3	154	0.944848
3	161	0.926374
3	170	1.16232
3	180	1.23435
4	68	1.1076
4	70	1.1076
4	84	1.0821
4	146	0.918517
4	149	1.10156
4	155	0.821585
4	159	1.08084
4	165	0.913252
4	168	1.07765
4	174	1.10949
4	176	1.11163
5	78	0.988414
5	88	0.994083
5	92	0.989162
5	96	1.09073
5	104	1.09532
5	151	1.01723
5	152	1.00661
5	162	0.970319
5	166	1.07022
5	169	0.941983
5	177	1.19483
5	179	1.07136
6	7	1.06071
6	26	1.0162
6	54	1.03037
6	56	1.0288
6	67	1.05128
6	137	1.01975
6	146	1.04411
6	154	1.06074
6	155	0.947178
6	156	1.01803
6	157	1.01446
6	163	1.16823
7	6	1.06071
7	13	0.865325
7	26	0.991923
7	56	1.00452
7	67	1.027
7	94	1.05655
7	140	1.0673
7	150	0.936464
7	153	0.88613
7	156	0.993752
7	176	1.08172
7	178	1.30528
8	19	1.00751
8	20	1.00616
8	58	1.10781
8	61	0.988809
8	129	0.950884
8	138	1.06664
8	141	0.961679
8	149	1.041
8	152	1.0154
8	170	1.15551
8	172	1.08238
8	179	1.09231
9	57	0.986327
9	74	0.993451
9	80	1.15799
9	84	1.00215
9	146	0.978325
9	149	1.02161
9	154	0.994953
9	159	1.00089
9	163	1.10245
9	171	0.994415
9	174	1.16929
9	176	1.03168
10	1	0.694273
10	115	1.08637
10	117	1.20355
10	123	1.23119
10	128	1.17034
10	130	1.2138
10	144	0.766093
10	156	0.903245
10	159	0.846052
10	166	1.1541
10	167	0.942406
10	176	1.22186
11	33	0.973636
11	42	0.856528
11	55	0.924147
11	85	0.909098
11	99	0.940028
11	108	0.869458
11	129	1.29023
11	144	1.2616
11	153	1.17928
11	159	0.889603
11	166	0.852635
11	168	1.4199
12	72	1.07594
12	81	1.03139
12	114	1.01662
12	128	1.00678
12	129	1.05076
12	130	1.05023
12	132	1.0035
12	138	1.01803
12	162	1.09115
12	166	0.990533
12	169	1.06281
12	176	1.05829
13	7	0.865325
13	67	0.843911
13	104	0.789245
13	108	0.980738
13	132	0.956303
13	165	1.14427
13	167	1.04663
13	175	1.06238
13	177	0.994057
13	178	0.973874
13	179	1.02426
13	180	0.988503
14	41	0.959268
14	92	0.850301
14	96	0.951869
14	130	0.895361
14	132	0.84863
14	140	0.941116
14	150	1.18226
14	152	0.867752
14	156	0.867568
14	161	1.21156
14	167	1.39056
14	173	1.36782
15	78	0.988414
15	88	0.994083
15	92	0.989162
15	96	1.09073
15	104	1.09532
15	131	1.01723
15	150	0.99783
15	151	1.01723
15	152	1.00661
15	156	1.16697
15	161	1.02713
15	165	1.02371
16	26	0.998305
16	54	1.01247
16	56	1.0109
16	67	1.03338
16	94	1.06293
16	100	1.09648
16	141	0.991231
16	156	1.00013
16	164	0.973932
16	169	0.992489
16	170	1.18506
16	173	1.10537
17	86	0.926359
17	114	0.889285
17	117	0.912651
17	128	0.879446
17	130	0.922902
17	132	0.876172
17	149	1.29538
17	153	1.19999
17	159	1.36227
17	166	0.863201
17	171	1.29756
17	176	0.930963
18	32	1.07547
18	59	1.08617
18	81	1.04091
18	93	1.04352
18	95	0.96747
18	110	0.998724
18	138	1.04428
18	142	1.05751
18	151	1.00365
18	155	0.933877
18	157	1.00116
18	167	1.20796
19	8	1.00751
19	24	0.976405
19	50	0.980672
19	58	1.03596
19	61	0.916958
19	115	1.28916
19	139	1.00241
19	141	1.00831
19	145	0.945136
19	149	0.969146
19	152	0.943546
19	172	1.129
19	176	1.08215
20	8	1.00616
20	38	0.923175
20	58	1.03461
20	61	0.91561
20	87	0.988105
20	138	0.993437
20	145	0.943789
20	146	1.07219
20	149	0.967798
20	152	0.942199
20	162	1.14205
20	166	1.24195
20	174	1.26316
21	22	0.939601
21	60	1.0463
21	78	0.928634
21	88	0.934302
21	92	0.929382
21	96	1.03095
21	104	1.03554
21	138	1.08435
21	149	1.10151
21	152	0.946833
21	162	1.15747
21	171	1.10369
21	175	1.20727
22	21	0.939601
22	27	1.04457
22	60	1.04367
22	78	0.926006
22	88	0.931675
22	92	0.926754
22	96	1.02832
22	104	1.03291
22	148	1.02337
22	151	0.954818
22	159	1.15022
22	175	1.18908
22	179	1.24032
23	57	0.957772
23	68	0.999095
23	70	0.999095
23	74	0.964896
23	75	0.962509
23	84	0.973595
23	155	0.875779
23	159	0.972334
23	168	1.13185
23	175	1.09237
23	176	1.00313
23	177	1.26709
23	180	1.27885
24	19	0.976405
24	54	0.92493
24	78	1.03258
24	126	1.0038
24	143	0.892897
24	165	1.08733
24	167	0.989699
24	172	1.00108
24	175	1.00545
24	177	0.937122
24	178	0.916938
24	179	0.96732
24	180	0.931567
25	26	0.818475
25	36	0.729301
25	57	0.903372
25	73	0.74871
25	87	0.81485
25	170	1.13212
25	173	1.13818
25	175	1.16827
25	176	0.673426
25	177	1.09995
25	178	1.07976
25	179	1.13014
25	180	1.09439
26	6	1.0162
26	7	0.991923
26	16	0.998305
26	25	0.818475
26	54	0.961576
26	56	0.960008
26	67	0.982489
26	137	0.950962
26	156	0.94924
26	157	1.03341
26	168	1.22219
26	171	1.07914
26	178	1.40072
27	22	1.04457
27	113	0.986985
27	128	0.996864
27	140	0.922594
27	169	1.04661
27	171	1.06053
27	172	0.997085
27	175	1.00145
27	176	0.893156
27	177	0.933126
27	178	0.912943
27	179	0.963324
27	180	0.927571
28	51	0.957357
28	76	0.927433
28	101	1.02037
28	105	1.03536
28	111	0.945524
28	118	0.968842
28	134	0.976203
28	136	1.07
28	155	0.963589
28	159	1.14132
28	171	1.07661
28	176	0.973422
28	178	1.39819
29	64	1.0008
29	116	0.955831
29	125	1.00008
29	126	0.981416
29	133	0.948542
29	143	0.973359
29	147	0.982089
29	149	1.00366
29	151	0.964314
29	158	0.997295
29	167	1.1669
29	168	1.14889
29	178	1.32742
30	90	0.911098
30	109	0.937266
30	119	0.948457
30	133	0.910336
30	139	0.974359
30	141	1.12765
30	143	0.935153
30	147	0.943884
30	151	0.926109
30	156	0.915313
30	157	1.05774
30	165	1.08212
30	177	1.38176
30	180	1.39352
31	33	0.981453
31	62	0.993833
31	87	0.93845
31	98	1.17388
31	99	0.947845
31	108	0.877275
31	122	0.937207
31	140	0.965907
31	148	1.13309
31	150	1.148
31	159	0.89742
31	160	1.22908
31	166	0.860451
31	179	1.35004
32	18	1.07547
32	52	1.03978
32	69	1.06149
32	93	1.08435
32	95	1.00829
32	110	1.03955
32	129	0.94535
32	136	0.925356
32	146	1.07781
32	151	1.04448
32	162	0.985738
32	166	1.08564
32	167	1.09303
32	174	1.10685
33	11	0.973636
33	31	0.981453
33	55	1.07977
33	94	1.10296
33	102	1.05208
33	108	1.02508
33	122	1.08501
33	140	1.11371
33	145	1.00898
33	156	1.0529
33	163	1.03903
33	165	0.909643
33	167	1.09206
33	175	1.03457
34	65	1.06353
34	91	1.09516
34	111	1.03116
34	112	0.890107
34	120	1.04705
34	124	1.00364
34	134	1.06184
34	152	1.02339
34	158	0.912716
34	160	0.955112
34	170	1.13927
34	175	1.02483
34	176	1.05906
34	180	1.21131
35	49	1.46685
35	101	1.09351
35	105	1.1085
35	111	1.01866
35	118	1.04198
35	120	1.03455
35	124	0.991138
35	134	1.04934
35	149	0.869718
35	153	0.774333
35	165	0.850547
35	168	1.01495
35	176	1.04656
35	180	1.16195
36	25	0.729301
36	117	1.05267
36	123	1.08031
36	128	1.01947
36	130	1.06292
36	132	1.01619
36	135	1.05511
36	146	1.07926
36	150	0.942734
36	159	1.05468
36	166	1.00322
36	168	1.13302
36	173	1.12829
36	176	1.07098
37	49	1.52438
37	86	1.06808
37	114	1.03101
37	117	1.05437
37	123	1.08201
37	128	1.02117
37	130	1.06462
37	131	0.901601
37	132	1.01789
37	141	0.953614
37	158	0.920891
37	165	0.908082
37	171	0.929437
37	176	1.07268
38	20	0.923175
38	90	0.926751
38	120	0.84344
38	133	0.912525
38	139	0.796047
38	172	1.0932
38	173	1.06747
38	174	1.06812
38	175	1.09756
38	176	0.768994
38	177	1.02924
38	178	1.00905
38	179	1.05943
38	180	1.02368
39	45	0.97531
39	76	1.03089
39	101	1.12383
39	111	1.04898
39	124	1.02145
39	134	1.07966
39	152	1.04121
39	164	0.877767
39	167	1.03195
39	171	0.870889
39	172	1.01576
39	176	1.07688
39	177	1.14917
39	178	1.19247
40	42	1.00252
40	50	0.929789
40	62	1.13201
40	85	1.05509
40	99	1.08602
40	102	1.04245
40	108	1.01545
40	122	1.07538
40	137	1.03226
40	153	0.889229
40	154	0.987337
40	156	1.1087
40	157	0.941064
40	180	1.27684
41	14	0.959268
41	49	1.41871
41	117	1.06031
41	123	1.08795
41	128	1.02711
41	130	1.07056
41	132	1.02383
41	146	1.0869
41	150	0.77653
41	163	0.931799
41	170	1.04178
41	172	0.968639
41	174	0.998646
41	176	1.07862
42	11	0.856528
42	40	1.00252
42	55	0.962659
42	81	1.19729
42	85	0.94761
42	102	0.93497
42	108	0.90797
42	122	0.967902
42	146	1.18719
42	153	1.10571
42	159	0.928115
42	161	1.18534
42	166	0.891146
42	179	1.35808
43	74	1.07325
43	80	0.921357
43	102	1.05002
43	130	1.03163
43	147	1.07465
43	154	1.00676
43	161	0.994957
43	168	0.919669
43	169	0.975094
43	171	0.989023
43	175	0.929943
43	177	0.861615
43	179	0.891813
43	180	0.85606
44	48	1.04586
44	52	1.03296
44	59	1.12018
44	93	1.07753
44	95	1.00147
44	110	1.03273
44	141	1.00586
44	144	1.087
44	148	0.91954
44	151	1.03766
44	156	1.10359
44	157	0.93595
44	162	1.03546
44	168	1.12473
45	39	0.97531
45	65	0.925679
45	101	0.968162
45	105	0.983147
45	118	0.916631
45	120	0.909201
45	121	1.18499
45	124	0.865786
45	134	0.923991
45	149	1.15739
45	161	1.14163
45	163	1.2676
45	173	1.29789
45	176	0.921211
46	89	1.09136
46	109	1.0457
46	113	1.01667
46	119	1.05689
46	133	1.01877
46	139	1.08279
46	143	1.04359
46	147	1.05232
46	149	0.977153
46	153	0.881767
46	165	0.957982
46	171	0.979337
46	175	1.08291
46	177	1.25762
47	77	0.989271
47	103	1.02921
47	106	0.995893
47	107	1.03907
47	113	0.977924
47	116	0.987317
47	125	1.03156
47	126	1.0129
47	133	0.980027
47	142	1.0779
47	145	1.14527
47	147	1.01357
47	164	1.07416
47	165	1.04593
47	175	1.17086
48	44	1.04586
48	52	0.976165
48	59	1.06338
48	66	1.00788
48	69	0.99787
48	93	1.02073
48	95	0.944678
48	110	0.975932
48	146	1.01419
48	156	1.10121
48	165	0.957951
48	166	1.13298
48	172	1.12418
48	175	1.08288
48	179	1.13411
49	35	1.46685
49	37	1.52438
49	41	1.41871
49	88	0.790967
49	99	0.858799
49	102	0.815229
49	104	0.892207
49	112	0.880006
49	122	0.848162
49	143	1.49557
49	151	0.81411
49	153	0.904596
49	175	0.767602
49	179	0.729473
49	180	0.69372
50	19	0.980672
50	40	0.929789
50	58	1.08098
50	66	1.02619
50	75	0.982749
50	79	1.16638
50	95	0.962993
50	96	0.875603
50	101	0.867024
50	110	0.994247
50	123	0.919508
50	126	0.95452
50	167	0.936918
50	171	1.01175
50	180	0.878786
51	28	0.957357
51	91	1.04281
51	101	1.05366
51	111	0.978813
51	118	1.00213
51	124	0.951286
51	129	0.999098
51	131	0.997845
51	134	1.00949
51	144	1.01043
51	152	0.971042
51	156	1.14758
51	165	1.00433
51	169	1.05112
51	180	1.31572
52	32	1.03978
52	44	1.03296
52	48	0.976165
52	59	1.05049
52	66	0.994982
52	95	0.931782
52	97	1.02784
52	110	0.963036
52	138	1.00859
52	146	1.0013
52	153	0.947286
52	163	1.15289
52	165	1.0235
52	171	1.04486
52	180	1.3349
53	71	1.0122
53	89	1.03835
53	109	0.99269
53	116	0.97305
53	126	0.998635
53	133	0.96576
53	141	1.01681
53	142	1.00324
53	143	0.990578
53	144	1.03088
53	147	0.999308
53	163	1.10066
53	166	1.1463
53	172	1.1375
53	173	1.13095
54	6	1.03037
54	16	1.01247
54	24	0.92493
54	26	0.961576
54	56	0.974172
54	67	0.996654
54	100	1.05975
54	135	0.997798
54	137	0.965126
54	140	1.03695
54	156	0.963405
54	160	0.966507
54	177	1.21094
54	178	1.25424
54	179	1.08746
55	11	0.924147
55	33	1.07977
55	42	0.962659
55	98	0.99163
55	99	1.04616
55	102	1.00259
55	108	0.97559
55	122	1.03552
55	135	1.07812
55	156	1.13488
55	159	0.995734
55	161	0.995046
55	166	0.958766
55	169	1.03842
55	177	1.29127
56	6	1.0288
56	7	1.00452
56	16	1.0109
56	26	0.960008
56	54	0.974172
56	67	0.995086
56	82	1.10918
56	94	1.02464
56	140	1.03538
56	144	1.09551
56	153	1.01319
56	155	0.997733
56	156	0.961837
56	165	1.0894
56	175	1.21433
57	9	0.986327
57	23	0.957772
57	25	0.903372
57	68	0.973388
57	70	0.973388
57	74	0.939189
57	75	0.936802
57	84	0.947888
57	112	1.13289
57	138	1.1447
57	146	1.14795
57	149	0.967351
57	159	0.946627
57	160	1.19789
57	176	0.977421
57	179	1.31885
58	8	1.10781
58	19	1.03596
58	20	1.03461
58	50	1.08098
58	61	1.01726
58	83	1.03744
58	129	0.954735
58	138	1.09509
58	139	1.10272
58	149	1.06945
58	152	1.04385
58	153	0.843784
58	166	1.09503
58	171	0.941354
58	174	1.11623
58	175	1.04493
59	18	1.08617
59	44	1.12018
59	48	1.06338
59	52	1.05049
59	66	1.0822
59	69	1.07219
59	83	0.992677
59	93	1.09505
59	95	1.019
59	110	1.05025
59	142	0.90721
59	148	0.83445
59	163	1.00463
59	167	1.05766
59	172	1.04147
59	180	1.18664
60	21	1.0463
60	22	1.04367
60	78	1.0327
60	88	1.03837
60	92	1.03345
60	96	1.13502
60	104	1.13961
60	127	0.970789
60	131	0.958241
60	151	1.06152
60	152	1.0509
60	154	0.986615
60	161	0.968141
60	165	0.964722
60	169	1.01151
60	174	1.16096
61	8	0.988809
61	19	0.916958
61	20	0.91561
61	58	1.01726
61	87	0.970755
61	121	1.09676
61	127	1.05605
61	138	0.976088
61	139	0.983712
61	145	0.926439
61	149	0.950449
61	152	0.924849
61	161	1.0534
61	162	1.12511
61	168	1.21438
61	178	1.39292
62	31	0.993833
62	40	1.13201
62	83	1.08328
62	85	1.0771
62	99	1.10803
62	102	1.06446
62	108	1.03746
62	122	1.09739
62	150	0.939962
62	153	0.889627
62	157	0.941462
62	159	1.0576
62	160	1.02105
62	166	1.02063
62	169	1.01263
62	172	1.13207
63	95	0.884008
63	102	0.861571
63	108	0.96537
63	109	0.88485
63	124	0.963356
63	140	0.82979
63	162	1.06773
63	169	1.08325
63	170	1.00194
63	171	1.09717
63	173	1.008
63	174	1.00865
63	175	1.03809
63	176	0.800352
63	177	0.969767
63	179	0.999965
63	180	0.964212
64	29	1.0008
64	97	1.04339
64	106	1.00924
64	109	1.0203
64	119	1.0315
64	129	1.02659
64	131	1.03257
64	133	0.993375
64	135	1.12555
64	139	1.0574
64	143	1.01819
64	147	1.02692
64	149	1.05822
64	151	1.00915
64	154	1.06094
64	158	1.05186
64	161	1.04247
65	34	1.06353
65	45	0.925679
65	73	1.01329
65	101	1.0742
65	103	0.961454
65	118	1.02266
65	120	1.01523
65	124	0.97182
65	134	1.03003
65	139	1.05044
65	148	0.937381
65	158	0.990981
65	164	1.0064
65	166	1.1532
65	170	1.21754
65	176	1.02725
65	179	1.15433
66	48	1.00788
66	50	1.02619
66	52	0.994982
66	59	1.0822
66	83	1.02848
66	93	1.03955
66	95	0.963496
66	110	0.99475
66	144	1.04903
66	146	1.03301
66	151	0.999679
66	166	1.08607
66	171	0.932395
66	172	1.07727
66	173	1.07071
66	175	1.03597
66	177	1.21068
67	6	1.05128
67	7	1.027
67	13	0.843911
67	16	1.03338
67	26	0.982489
67	54	0.996654
67	56	0.995086
67	100	1.08066
67	137	0.98604
67	140	1.05787
67	146	0.946196
67	156	0.984318
67	160	0.996136
67	163	1.07032
67	166	1.11596
67	177	1.24057
67	179	1.11709
68	4	1.1076
68	23	0.999095
68	57	0.973388
68	74	0.980512
68	75	0.978125
68	80	1.14505
68	82	0.977626
68	84	0.989211
68	97	0.962187
68	127	0.963913
68	149	1.00867
68	159	0.98795
68	164	0.986079
68	167	1.14026
68	168	1.12225
68	176	1.01874
68	180	1.26924
69	32	1.06149
69	48	0.99787
69	59	1.07219
69	93	1.02954
69	95	0.953487
69	110	0.984742
69	127	1.03017
69	131	1.01762
69	138	1.0303
69	144	1.03902
69	146	1.023
69	148	0.983309
69	151	0.98967
69	160	1.0793
69	166	1.19913
69	169	1.07089
69	171	1.04545
70	4	1.1076
70	23	0.999095
70	57	0.973388
70	74	0.980512
70	75	0.978125
70	80	1.14505
70	84	0.989211
70	142	0.991045
70	145	1.05842
70	149	1.00867
70	159	0.98795
70	160	1.01428
70	166	1.13411
70	168	1.12348
70	171	0.980431
70	172	1.1253
70	176	1.01874
71	53	1.0122
71	89	1.06015
71	98	0.994959
71	103	0.978238
71	107	1.04661
71	113	0.985455
71	116	0.994848
71	119	1.02568
71	133	0.987558
71	142	1.02692
71	143	1.01238
71	144	1.05268
71	146	1.00022
71	147	1.02111
71	158	1.00776
71	170	1.23432
71	179	1.17112
72	12	1.07594
72	81	0.990102
72	86	1.03581
72	114	0.998741
72	117	1.02211
72	123	1.04975
72	128	0.988902
72	129	1.00947
72	130	1.03236
72	132	0.985628
72	141	1.02027
72	156	1.11799
72	157	0.950357
72	159	1.0608
72	166	0.972657
72	176	1.04042
72	177	1.27438
73	3	1.02277
73	25	0.74871
73	65	1.01329
73	91	1.04491
73	101	1.05577
73	105	1.07075
73	118	1.00424
73	120	0.996807
73	124	0.953392
73	134	1.0116
73	138	0.990036
73	158	1.00083
73	163	1.11741
73	171	1.00938
73	174	1.18426
73	176	1.00882
73	177	1.28766
74	9	0.993451
74	23	0.964896
74	43	1.07325
74	57	0.939189
74	68	0.980512
74	70	0.980512
74	75	0.943926
74	80	1.11085
74	84	0.955012
74	145	1.09652
74	149	0.974475
74	150	0.971302
74	159	0.953751
74	162	1.07231
74	166	1.17221
74	169	1.04397
74	176	0.984545
74	180	1.30858
75	23	0.962509
75	50	0.982749
75	57	0.936802
75	68	0.978125
75	70	0.978125
75	74	0.943926
75	80	1.10846
75	84	0.952625
75	94	1.0091
75	145	1.11775
75	149	0.972088
75	154	1.0403
75	159	0.951364
75	164	1.04664
75	166	1.19343
75	168	1.18281
75	173	1.17808
75	176	0.982158
76	28	0.927433
76	39	1.03089
76	91	1.01288
76	101	1.02374
76	105	1.03872
76	111	0.948889
76	118	0.972207
76	121	1.09592
76	124	0.921362
76	129	0.969174
76	134	0.979568
76	145	1.14849
76	152	0.941118
76	155	0.957481
76	162	1.12427
76	164	1.07738
76	166	1.22418
76	173	1.20882
77	47	0.989271
77	89	1.02295
77	107	1.00941
77	109	0.977291
77	116	0.957651
77	119	0.988482
77	129	0.983578
77	137	0.957059
77	147	0.983908
77	149	1.03365
77	151	0.966134
77	156	0.955338
77	158	1.02728
77	162	1.0896
77	163	1.14386
77	172	1.1807
77	174	1.21071
77	175	1.1394
78	5	0.988414
78	15	0.988414
78	21	0.928634
78	22	0.926006
78	24	1.03258
78	60	1.0327
78	79	1.11105
78	88	0.920707
78	92	0.915787
78	96	1.01736
78	104	1.02195
78	142	1.05092
78	152	0.933238
78	160	1.07416
78	164	1.04719
78	167	1.20137
78	169	1.06575
78	170	1.25832
79	50	1.16638
79	78	1.11105
79	88	1.11672
79	92	1.1118
79	104	1.21796
79	123	1.17425
79	128	1.1134
79	132	1.11013
79	136	0.857127
79	144	0.84849
79	145	1.13084
79	152	1.12925
79	155	0.750717
79	161	0.845804
79	169	0.889174
79	170	1.08175
79	175	0.967311
79	177	1.14202
79	179	1.01855
80	9	1.15799
80	43	0.921357
80	68	1.14505
80	70	1.14505
80	74	1.11085
80	75	1.10846
80	84	1.11955
80	94	1.17602
80	146	0.850558
80	149	1.13901
80	154	0.867187
80	155	0.753626
80	156	0.988551
80	157	0.820913
80	159	1.11829
80	170	1.08466
80	174	1.04153
80	175	0.97022
80	176	1.14908
81	12	1.03139
81	18	1.04091
81	42	1.19729
81	72	0.990102
81	108	1.09312
81	139	0.955158
81	147	1.01395
81	154	1.04699
81	163	0.979439
81	168	0.959899
81	171	1.02925
81	172	0.965804
81	173	0.940079
81	174	0.94073
81	175	0.970173
81	177	0.901845
81	178	0.881662
81	179	0.932043
81	180	0.89629
82	56	1.10918
82	68	0.977626
82	88	1.05014
82	100	0.958808
82	106	1.08189
82	113	1.02635
82	118	0.961492
82	164	1.03887
82	168	0.958001
82	169	1.01343
82	170	0.932123
82	171	1.02736
82	172	0.963907
82	174	0.938832
82	175	0.968275
82	177	0.899948
82	178	0.879764
82	179	0.930146
82	180	0.894393
83	58	1.03744
83	59	0.992677
83	62	1.08328
83	66	1.02848
83	96	1.02869
83	134	1.09264
83	140	1.05962
83	157	1.07294
83	162	1.00069
83	163	0.980326
83	167	0.955309
83	168	0.960786
83	170	0.934907
83	174	0.941616
83	175	0.97106
83	177	0.902732
83	178	0.882549
83	179	0.93293
83	180	0.897177
84	4	1.0821
84	9	1.00215
84	23	0.973595
84	57	0.947888
84	68	0.989211
84	70	0.989211
84	74	0.955012
84	75	0.952625
84	80	1.11955
84	94	1.02019
84	129	1.02468
84	158	1.00275
84	159	0.96245
84	160	1.04515
84	169	1.03673
84	172	1.15617
84	173	1.14962
84	174	1.18618
84	175	1.11487
84	176	0.993244
85	11	0.909098
85	40	1.05509
85	42	0.94761
85	62	1.0771
85	87	1.02172
85	99	1.03111
85	102	0.98754
85	103	0.942724
85	108	0.960541
85	122	1.02047
85	140	1.04917
85	148	0.918652
85	158	0.972251
85	159	0.980685
85	166	0.943717
85	167	1.14186
85	168	1.12384
85	170	1.19881
85	179	1.1356
85	180	1.27084
86	17	0.926359
86	37	1.06808
86	72	1.03581
86	114	0.976495
86	115	1.32311
86	117	0.999861
86	123	1.0275
86	128	0.966656
86	129	1.03146
86	130	1.01011
86	132	0.963381
86	138	0.998733
86	140	1.05587
86	157	0.972342
86	161	1.00014
86	166	0.950411
86	171	1.01808
86	174	1.19296
86	176	1.01817
86	179	1.17288
87	20	0.988105
87	25	0.81485
87	31	0.93845
87	61	0.970755
87	85	1.02172
87	114	0.991336
87	117	1.0147
87	122	1.04201
87	130	1.02495
87	132	0.978222
87	135	1.14066
87	139	1.05621
87	145	0.998934
87	154	1.07606
87	157	1.02978
87	161	1.05758
87	163	1.18355
87	166	0.965252
87	169	1.10095
87	173	1.21384
88	5	0.994083
88	15	0.994083
88	21	0.934302
88	22	0.931675
88	49	0.790967
88	60	1.03837
88	78	0.920707
88	79	1.11672
88	82	1.05014
88	92	0.921456
88	96	1.02302
88	104	1.02762
88	127	1.03642
88	135	1.11685
88	144	1.03646
88	151	0.949519
88	152	0.938907
88	159	1.11642
88	166	1.20539
88	168	1.19476
88	170	1.26972
89	2	1.06852
89	46	1.09136
89	53	1.03835
89	71	1.06015
89	77	1.02295
89	106	1.02957
89	107	1.07275
89	125	1.06524
89	126	1.04658
89	136	0.952531
89	143	1.03852
89	145	1.03713
89	147	1.04725
89	150	0.911908
89	153	0.861573
89	156	1.01868
89	159	1.02385
89	168	1.10219
89	171	0.959144
89	172	1.10402
89	180	1.24919
90	30	0.911098
90	38	0.926751
90	100	1.0432
90	106	0.957744
90	109	0.968808
90	113	0.939775
90	119	0.979999
90	125	0.993414
90	126	0.974753
90	131	1.06402
90	133	0.941878
90	139	1.0059
90	143	0.966695
90	146	1.07576
90	147	0.975426
90	153	0.994283
90	154	1.09239
90	156	0.946855
90	166	1.24553
90	173	1.23017
90	180	1.3819
91	34	1.09516
91	51	1.04281
91	73	1.04491
91	76	1.01288
91	101	1.10582
91	111	1.03098
91	118	1.05429
91	120	1.04686
91	124	1.00345
91	134	1.06165
91	135	0.996448
91	136	0.924694
91	141	0.955483
91	150	0.88407
91	152	1.0232
91	154	0.931844
91	156	1.05321
91	168	1.07435
91	170	1.14931
91	176	1.05887
91	180	1.22135
92	5	0.989162
92	14	0.850301
92	15	0.989162
92	21	0.929382
92	22	0.926754
92	60	1.03345
92	78	0.915787
92	79	1.1118
92	88	0.921456
92	96	1.0181
92	104	1.0227
92	115	1.34746
92	145	1.12041
92	151	0.944598
92	152	0.933986
92	156	1.16433
92	157	0.996688
92	158	1.03388
92	159	1.10713
92	163	1.15046
92	172	1.1873
93	18	1.04352
93	32	1.08435
93	44	1.07753
93	48	1.02073
93	59	1.09505
93	66	1.03955
93	69	1.02954
93	110	1.0076
93	138	1.05316
93	144	1.06188
93	145	1.02418
93	146	1.04587
93	148	0.884053
93	151	1.01253
93	155	0.833176
93	156	1.0681
93	160	0.980048
93	163	1.05423
93	166	1.09987
93	168	1.08924
93	170	1.16421
94	7	1.05655
94	16	1.06293
94	33	1.10296
94	56	1.02464
94	75	1.0091
94	80	1.17602
94	84	1.02019
94	99	1.06935
94	102	1.02578
94	137	1.01559
94	138	0.92196
94	144	0.926055
94	145	1.01929
94	148	0.879159
94	158	0.932758
94	166	0.981959
94	170	1.15931
94	172	1.08618
94	175	1.04488
94	176	1.04972
94	180	1.23135
95	18	0.96747
95	32	1.00829
95	44	1.00147
95	48	0.944678
95	50	0.962993
95	52	0.931782
95	59	1.019
95	63	0.884008
95	66	0.963496
95	69	0.953487
95	110	0.93155
95	138	0.977105
95	144	0.985826
95	150	0.970515
95	151	0.936478
95	162	1.07152
95	167	1.17881
95	170	1.23576
95	172	1.16262
95	178	1.33933
95	179	1.17256
96	5	1.09073
96	14	0.951869
96	15	1.09073
96	21	1.03095
96	22	1.02832
96	50	0.875603
96	60	1.13502
96	78	1.01736
96	83	1.02869
96	88	1.02302
96	92	1.0181
96	104	1.12426
96	138	0.913269
96	151	1.04617
96	152	1.03555
96	159	0.997323
96	165	0.911258
96	166	1.08629
96	169	0.958048
96	175	1.03618
96	180	1.22266
97	52	1.02784
97	64	1.04339
97	68	0.962187
97	117	1.0013
97	119	0.955536
97	130	0.959908
97	147	1.00293
97	152	0.988852
97	160	1.03525
97	162	1.01366
97	164	1.05462
97	167	0.968281
97	168	0.973757
97	169	1.02918
97	172	0.979663
97	173	0.953937
97	174	0.954588
97	177	0.915704
97	178	0.89552
97	179	0.945902
97	180	0.910149
98	31	1.17388
98	55	0.99163
98	71	0.994959
98	110	0.992817
98	119	0.951199
98	120	0.98719
98	130	0.955571
98	161	1.05094
98	162	1.01556
98	168	0.975656
98	169	1.03108
98	170	0.949778
98	171	1.04501
98	173	0.955836
98	174	0.956487
98	175	0.98593
98	176	0.912744
98	177	0.917602
98	178	0.897419
98	179	0.9478
98	180	0.912047
99	11	0.940028
99	31	0.947845
99	40	1.08602
99	49	0.858799
99	55	1.04616
99	62	1.10803
99	85	1.03111
99	94	1.06935
99	103	1.02054
99	108	0.99147
99	122	1.0514
99	129	1.072
99	137	1.00828
99	138	1.03927
99	140	1.0801
99	141	1.08279
99	149	1.05643
99	156	1.18052
99	164	1.0655
99	165	1.03726
99	166	0.974647
99	171	1.05862
100	16	1.09648
100	54	1.05975
100	67	1.08066
100	82	0.958808
100	90	1.0432
100	109	1.06937
100	114	1.04159
100	119	1.08056
100	127	0.945095
100	128	1.03175
100	130	1.07521
100	132	1.02847
100	135	1.02552
100	141	0.98456
100	143	1.06725
100	147	1.07598
100	155	0.84736
100	156	1.04741
100	157	0.914648
100	160	0.994233
100	171	0.960383
100	174	1.13526
100	177	1.23867
101	3	1.08368
101	28	1.02037
101	35	1.09351
101	39	1.12383
101	45	0.968162
101	50	0.867024
101	51	1.05366
101	65	1.0742
101	73	1.05577
101	76	1.02374
101	91	1.10582
101	118	1.06515
101	120	1.05772
101	136	0.917422
101	141	0.948211
101	156	1.04594
101	162	0.977804
101	164	0.930912
101	171	0.924034
101	174	1.09891
101	176	1.06973
101	179	1.07884
101	180	1.21408
102	33	1.05208
102	40	1.04245
102	42	0.93497
102	43	1.05002
102	49	0.815229
102	55	1.00259
102	62	1.06446
102	63	0.861571
102	85	0.98754
102	94	1.02578
102	108	0.9479
102	112	0.96416
102	122	1.00783
102	137	0.964706
102	140	1.03653
102	159	0.968045
102	161	0.977379
102	164	1.00219
102	166	0.931076
102	170	1.21332
102	178	1.3169
102	179	1.15012
102	180	1.28536
103	47	1.02921
103	65	0.961454
103	71	0.978238
103	85	0.942724
103	99	1.02054
103	114	1.02774
103	132	1.03661
103	134	0.958484
103	163	1.01853
103	167	0.993509
103	168	0.998985
103	169	1.05441
103	170	0.973107
103	171	1.06834
103	172	1.00489
103	173	0.979165
103	174	0.979816
103	175	1.00926
103	176	0.896023
103	177	0.940932
103	178	0.920748
103	179	0.97113
103	180	0.935377
104	5	1.09532
104	13	0.789245
104	15	1.09532
104	21	1.03554
104	22	1.03291
104	49	0.892207
104	60	1.13961
104	78	1.02195
104	79	1.21796
104	88	1.02762
104	92	1.0227
104	96	1.12426
104	115	1.21265
104	138	0.888277
104	146	0.89153
104	149	0.905436
104	151	1.05076
104	152	1.04015
104	154	0.908159
104	159	0.97233
104	163	1.01565
104	177	1.1859
104	178	1.2292
105	1	0.912795
105	28	1.03536
105	35	1.1085
105	45	0.983147
105	73	1.07075
105	76	1.03872
105	111	1.05681
105	118	1.08013
105	120	1.0727
105	124	1.02929
105	129	1.0771
105	134	1.08749
105	141	1.02404
105	148	0.937719
105	152	1.04904
105	154	1.0004
105	155	0.886842
105	161	0.981929
105	164	1.00674
105	165	0.97851
105	167	1.16093
105	175	1.10344
105	176	1.08471
106	1	0.996397
106	47	0.995893
106	64	1.00924
106	82	1.08189
106	89	1.02957
106	90	0.957744
106	107	1.01603
106	109	0.983912
106	113	0.954879
106	116	0.964272
106	121	1.10889
106	125	1.00852
106	126	0.989857
106	133	0.956982
106	136	1.07685
106	143	0.981799
106	147	0.99053
106	153	0.985897
106	156	0.961959
106	157	1.03773
106	159	1.14818
106	170	1.30148
106	171	1.08347
107	2	1.05498
107	47	1.03907
107	71	1.04661
107	77	1.00941
107	89	1.07275
107	106	1.01603
107	112	0.926857
107	113	0.99806
107	116	1.00745
107	119	1.03828
107	125	1.0517
107	126	1.03304
107	133	1.00016
107	135	1.02315
107	137	1.00686
107	142	0.968626
107	147	1.03371
107	164	0.964889
107	166	1.11169
107	168	1.10106
107	171	0.958012
107	173	1.09633
107	177	1.2363
107	179	1.11282
108	11	0.869458
108	13	0.980738
108	31	0.877275
108	33	1.02508
108	40	1.01545
108	42	0.90797
108	55	0.97559
108	62	1.03746
108	63	0.96537
108	81	1.09312
108	85	0.960541
108	99	0.99147
108	102	0.9479
108	122	0.980833
108	129	1.11249
108	137	0.937706
108	140	1.00953
108	159	0.941045
108	166	0.904077
108	169	1.12455
108	171	1.09911
108	173	1.23743
108	174	1.27399
108	179	1.25392
109	30	0.937266
109	46	1.0457
109	53	0.99269
109	63	0.88485
109	64	1.0203
109	77	0.977291
109	90	0.968808
109	100	1.06937
109	106	0.983912
109	116	0.975336
109	121	1.04401
109	125	1.01958
109	126	1.00092
109	133	0.968046
109	142	1.02921
109	143	0.992863
109	144	1.03317
109	145	1.09658
109	147	1.00159
109	153	0.921023
109	161	1.00066
109	171	1.01859
109	173	1.15691
109	178	1.34017
109	180	1.30864
110	18	0.998724
110	32	1.03955
110	44	1.03273
110	48	0.975932
110	50	0.994247
110	52	0.963036
110	59	1.05025
110	66	0.99475
110	69	0.984742
110	93	1.0076
110	95	0.93155
110	98	0.992817
110	129	1.02755
110	138	1.00836
110	144	1.01708
110	146	1.00107
110	151	0.967733
110	154	1.01471
110	155	0.901146
110	157	0.968433
110	168	1.15721
110	169	1.0396
110	174	1.18905
110	178	1.33575
110	179	1.16898
111	3	1.00883
111	28	0.945524
111	34	1.03116
111	35	1.01866
111	39	1.04898
111	51	0.978813
111	76	0.948889
111	91	1.03098
111	105	1.05681
111	118	0.990298
111	120	0.982868
111	124	0.939453
111	134	0.997659
111	136	1.02725
111	138	1.01452
111	139	1.01807
111	145	1.11185
111	148	0.971715
111	158	1.02531
111	167	1.19492
111	169	1.0593
111	171	1.03386
111	175	1.13743
111	176	0.994878
111	180	1.3239
112	34	0.890107
112	49	0.880006
112	57	1.13289
112	102	0.96416
112	107	0.926857
112	117	0.98716
112	120	0.977386
112	126	0.980375
112	130	0.945767
112	133	1.04647
112	151	0.999951
112	163	1.00132
112	164	1.06264
112	165	1.07393
112	167	0.976299
112	169	1.0372
112	170	0.955897
112	171	1.05113
112	172	0.987681
112	173	0.961955
112	174	0.962606
112	175	0.992049
112	177	0.923722
112	178	0.903538
112	179	0.95392
112	180	0.918167
113	2	0.993826
113	27	0.986985
113	46	1.01667
113	47	0.977924
113	71	0.985455
113	82	1.02635
113	90	0.939775
113	106	0.954879
113	107	0.99806
113	116	0.946303
113	119	0.977134
113	125	0.990549
113	126	0.971888
113	135	1.09307
113	137	0.945711
113	143	0.96383
113	144	1.00413
113	145	1.10591
113	147	0.97256
113	149	1.02574
113	156	0.94399
113	171	1.02792
113	173	1.16624
113	174	1.2028
113	177	1.30621
113	179	1.18273
114	12	1.01662
114	17	0.889285
114	37	1.03101
114	72	0.998741
114	86	0.976495
114	87	0.991336
114	100	1.04159
114	103	1.02774
114	117	0.962787
114	123	0.990427
114	128	0.929582
114	129	1.0792
114	130	0.973038
114	132	0.926308
114	140	1.01879
114	145	0.947019
114	148	1.00367
114	149	1.06363
114	159	1.13052
114	160	1.09966
114	162	1.11959
114	166	0.913337
114	167	1.22688
114	168	1.20886
114	174	1.24069
114	176	0.981099
115	10	1.08637
115	19	1.28916
115	86	1.32311
115	92	1.34746
115	104	1.21265
115	119	1.27758
115	133	1.38266
115	143	1.20566
115	145	0.897281
115	150	0.96896
115	159	0.900567
115	162	0.889429
115	163	0.869062
115	164	0.930385
115	165	0.94168
115	167	0.844045
115	168	0.849521
115	169	0.904947
115	170	0.823643
115	171	0.918875
115	172	0.855427
115	173	0.829701
115	174	0.830352
115	177	0.791468
115	178	0.771284
115	180	0.785913
116	29	0.955831
116	47	0.987317
116	53	0.97305
116	71	0.994848
116	77	0.957651
116	106	0.964272
116	107	1.00745
116	109	0.975336
116	113	0.946303
116	119	0.986527
116	125	0.999942
116	126	0.981281
116	133	0.948406
116	136	1.08892
116	138	1.07619
116	143	0.973223
116	147	0.981953
116	150	1.0483
116	154	1.09607
116	156	0.953383
116	158	1.08699
116	159	1.16024
116	164	1.10241
116	169	1.12097
116	171	1.09553
116	178	1.41711
117	10	1.20355
117	17	0.912651
117	36	1.05267
117	37	1.05437
117	41	1.06031
117	72	1.02211
117	86	0.999861
117	87	1.0147
117	97	1.0013
117	112	0.98716
117	114	0.962787
117	121	1.04374
117	123	1.01379
117	128	0.952948
117	130	0.996404
117	132	0.949674
117	145	0.970386
117	146	1.01274
117	149	1.01613
117	155	0.905292
117	161	1.00038
117	164	1.02519
117	165	0.99696
117	167	1.17938
117	173	1.15663
117	176	1.00447
117	177	1.2966
118	3	1.03215
118	28	0.968842
118	35	1.04198
118	45	0.916631
118	51	1.00213
118	65	1.02266
118	73	1.00424
118	76	0.972207
118	82	0.961492
118	91	1.05429
118	101	1.06515
118	105	1.08013
118	111	0.990298
118	124	0.962771
118	131	0.935232
118	134	1.02098
118	139	1.04139
118	142	0.973682
118	146	0.946977
118	156	1.08497
118	169	0.988502
118	170	1.18108
118	172	1.10794
118	174	1.13795
118	176	1.0182
118	177	1.24135
118	179	1.11788
119	30	0.948457
119	46	1.05689
119	64	1.0315
119	71	1.02568
119	77	0.988482
119	90	0.979999
119	97	0.955536
119	98	0.951199
119	100	1.08056
119	107	1.03828
119	113	0.977134
119	115	1.27758
119	116	0.986527
119	125	1.03077
119	126	1.01211
119	137	0.985935
119	139	1.04326
119	143	1.00405
119	146	0.95646
119	147	1.01278
119	158	0.964004
119	162	1.02632
119	163	1.08058
119	164	0.979428
119	165	0.951195
119	172	1.11742
119	177	1.25083
120	3	1.02472
120	34	1.04705
120	35	1.03455
120	38	0.84344
120	45	0.909201
120	65	1.01523
120	73	0.996807
120	91	1.04686
120	98	0.98719
120	101	1.05772
120	105	1.0727
120	111	0.982868
120	112	0.977386
120	124	0.955341
120	129	1.00315
120	134	1.01355
120	139	1.03396
120	146	0.992451
120	152	0.975097
120	159	1.07325
120	161	0.990606
120	162	1.06231
120	165	0.987186
120	169	1.03398
120	170	1.22655
120	176	1.01077
120	178	1.33012
121	3	0.969731
121	45	1.18499
121	61	1.09676
121	76	1.09592
121	106	1.10889
121	109	1.04401
121	117	1.04374
121	125	1.00529
121	149	1.02011
121	152	1.03129
121	163	0.967876
121	164	1.0292
121	165	1.04049
121	167	0.942859
121	168	0.948336
121	169	1.00376
121	170	0.922458
121	171	1.01769
121	172	0.954241
121	173	0.928516
121	174	0.929167
121	175	0.95861
121	176	0.959517
121	177	0.890282
121	178	0.870099
121	179	0.92048
121	180	0.884727
122	31	0.937207
122	33	1.08501
122	40	1.07538
122	42	0.967902
122	49	0.848162
122	55	1.03552
122	62	1.09739
122	85	1.02047
122	87	1.04201
122	99	1.0514
122	102	1.00783
122	108	0.980833
122	137	0.997638
122	140	1.06946
122	144	0.984343
122	153	0.902023
122	155	0.886571
122	156	1.1215
122	159	1.00098
122	164	1.00647
122	166	0.964009
122	168	1.14264
122	169	1.02503
122	172	1.14447
122	173	1.13791
122	175	1.10316
122	178	1.32117
123	10	1.23119
123	36	1.08031
123	37	1.08201
123	41	1.08795
123	50	0.919508
123	72	1.04975
123	79	1.17425
123	86	1.0275
123	114	0.990427
123	117	1.01379
123	128	0.980588
123	130	1.02404
123	132	0.977314
123	135	1.04166
123	136	0.969905
123	140	1.0698
123	142	0.987132
123	144	0.961268
123	145	0.998025
123	149	0.974333
123	155	0.863495
123	160	1.01037
123	164	0.983395
123	166	0.964343
123	167	1.13758
123	175	1.08009
123	176	1.0321
123	177	1.2548
124	3	0.981303
124	34	1.00364
124	35	0.991138
124	39	1.02145
124	45	0.865786
124	51	0.951286
124	63	0.963356
124	65	0.97182
124	73	0.953392
124	76	0.921362
124	91	1.00345
124	105	1.02929
124	111	0.939453
124	118	0.962771
124	120	0.955341
124	127	1.08181
124	129	0.959738
124	131	1.06926
124	134	0.970132
124	138	1.07776
124	144	1.08185
124	148	1.03495
124	152	0.931682
124	163	1.20513
124	166	1.25078
124	172	1.24197
124	173	1.23542
124	176	0.967351
124	179	1.25191
125	2	1.04747
125	29	1.00008
125	47	1.03156
125	89	1.06524
125	90	0.993414
125	106	1.00852
125	107	1.0517
125	109	1.01958
125	113	0.990549
125	116	0.999942
125	119	1.03077
125	121	1.00529
125	126	1.02553
125	129	1.02587
125	133	0.992652
125	139	1.05668
125	142	0.990485
125	143	1.01747
125	147	1.0262
125	149	0.977686
125	157	0.934135
125	158	0.971324
125	159	1.04458
125	162	1.03364
125	167	1.14093
125	172	1.12474
125	173	1.11819
125	174	1.15475
125	175	1.08344
126	24	1.0038
126	29	0.981416
126	47	1.0129
126	50	0.95452
126	53	0.998635
126	89	1.04658
126	90	0.974753
126	106	0.989857
126	107	1.03304
126	109	1.00092
126	112	0.980375
126	113	0.971888
126	116	0.981281
126	119	1.01211
126	125	1.02553
126	129	1.00721
126	133	0.973991
126	137	0.980689
126	143	0.998808
126	147	1.00754
126	150	0.964294
126	151	0.989764
126	155	0.898508
126	159	1.07624
126	160	1.04538
126	165	0.990175
126	173	1.14985
126	175	1.1151
126	177	1.28981
126	178	1.33311
127	60	0.970789
127	61	1.05605
127	68	0.963913
127	69	1.03017
127	88	1.03642
127	100	0.945095
127	124	1.08181
127	128	1.02252
127	137	1.01642
127	139	0.94586
127	143	0.885335
127	152	0.990577
127	160	1.03078
127	161	1.04458
127	162	1.0092
127	163	0.988829
127	164	1.05015
127	165	1.06145
127	167	0.963812
127	168	0.969288
127	169	1.02471
127	170	0.94341
127	171	1.03864
127	172	0.975194
127	173	0.949468
127	174	0.950119
127	175	0.979562
127	177	0.911235
127	178	0.891051
127	179	0.941433
127	180	0.90568
128	10	1.17034
128	12	1.00678
128	17	0.879446
128	27	0.996864
128	36	1.01947
128	37	1.02117
128	41	1.02711
128	72	0.988902
128	79	1.1134
128	86	0.966656
128	100	1.03175
128	114	0.929582
128	117	0.952948
128	123	0.980588
128	127	1.02252
128	129	1.05119
128	130	0.963199
128	132	0.916469
128	140	1.00895
128	145	0.93718
128	146	0.979535
128	148	0.975658
128	150	0.990568
128	161	1.01987
128	163	1.14584
128	164	1.04468
128	166	0.903498
128	169	1.06324
128	172	1.18268
128	173	1.17612
128	176	0.97126
128	177	1.31609
128	179	1.19261
129	8	0.950884
129	11	1.29023
129	12	1.05076
129	32	0.94535
129	51	0.999098
129	58	0.954735
129	64	1.02659
129	72	1.00947
129	76	0.969174
129	77	0.983578
129	84	1.02468
129	86	1.03146
129	99	1.072
129	105	1.0771
129	108	1.11249
129	110	1.02755
129	114	1.0792
129	120	1.00315
129	124	0.959738
129	125	1.02587
129	126	1.00721
129	128	1.05119
129	134	1.01794
129	139	1.03836
129	143	0.99915
129	147	1.00788
129	151	0.990106
129	167	0.927848
129	168	0.933324
129	173	0.913504
129	174	0.914155
129	178	0.855087
129	179	0.905469
129	180	0.869716
130	10	1.2138
130	12	1.05023
130	14	0.895361
130	17	0.922902
130	36	1.06292
130	37	1.06462
130	41	1.07056
130	43	1.03163
130	72	1.03236
130	86	1.01011
130	87	1.02495
130	97	0.959908
130	98	0.955571
130	100	1.07521
130	112	0.945767
130	114	0.973038
130	117	0.996404
130	123	1.02404
130	128	0.963199
130	132	0.959924
130	140	1.05241
130	144	0.961673
130	146	1.02299
130	149	0.974738
130	153	0.879352
130	164	0.9838
130	165	0.955567
130	166	0.946954
130	167	1.13799
130	169	1.00236
130	176	1.01472
130	178	1.2985
130	179	1.13173
130	180	1.26697
131	15	1.01723
131	37	0.901601
131	51	0.997845
131	60	0.958241
131	64	1.03257
131	69	1.01762
131	90	1.06402
131	118	0.935232
131	124	1.06926
131	133	1.04979
131	134	0.968721
131	140	0.935698
131	158	1.06711
131	160	1.03745
131	161	1.05125
131	162	1.01586
131	163	0.995498
131	164	1.05682
131	165	1.06812
131	167	0.970481
131	168	0.975957
131	169	1.03138
131	170	0.950079
131	171	1.04531
131	172	0.981863
131	173	0.956137
131	174	0.956788
131	175	0.986231
131	176	0.90626
131	177	0.917904
131	178	0.89772
131	179	0.948102
131	180	0.912349
132	12	1.0035
132	13	0.956303
132	14	0.84863
132	17	0.876172
132	36	1.01619
132	37	1.01789
132	41	1.02383
132	72	0.985628
132	79	1.11013
132	86	0.963381
132	87	0.978222
132	100	1.02847
132	103	1.03661
132	114	0.926308
132	117	0.949674
132	123	0.977314
132	128	0.916469
132	130	0.959924
132	140	1.00568
132	144	1.05943
132	145	0.933906
132	146	0.976261
132	154	1.07522
132	155	0.961656
132	156	1.19658
132	158	1.06613
132	165	1.05332
132	166	0.900224
132	169	1.10011
132	172	1.21955
132	174	1.24956
132	176	0.967986
132	179	1.22949
132	180	1.36472
133	2	0.995929
133	29	0.948542
133	30	0.910336
133	38	0.912525
133	46	1.01877
133	47	0.980027
133	53	0.96576
133	64	0.993375
133	71	0.987558
133	90	0.941878
133	106	0.956982
133	107	1.00016
133	109	0.968046
133	112	1.04647
133	115	1.38266
133	116	0.948406
133	125	0.992652
133	126	0.973991
133	131	1.04979
133	135	1.14277
133	137	0.947814
133	138	1.05828
133	143	0.965933
133	144	1.00624
133	147	0.974664
133	148	1.01548
133	149	1.07544
133	151	0.956889
133	156	0.946093
133	157	1.03189
133	159	1.14234
133	165	1.05627
133	174	1.25251
133	179	1.23243
134	3	1.03951
134	28	0.976203
134	34	1.06184
134	35	1.04934
134	39	1.07966
134	45	0.923991
134	51	1.00949
134	65	1.03003
134	73	1.0116
134	76	0.979568
134	83	1.09264
134	91	1.06165
134	103	0.958484
134	105	1.08749
134	111	0.997659
134	118	1.02098
134	120	1.01355
134	124	0.970132
134	129	1.01794
134	131	0.968721
134	139	1.04875
134	142	1.00717
134	144	0.981308
134	150	0.949321
134	152	0.989888
134	157	0.950822
134	162	1.05033
134	166	1.15023
134	169	1.02199
134	170	1.21457
134	171	0.996557
134	173	1.13487
134	175	1.10013
134	176	1.02556
135	36	1.05511
135	54	0.997798
135	55	1.07812
135	64	1.12555
135	87	1.14066
135	88	1.11685
135	91	0.996448
135	100	1.02552
135	107	1.02315
135	113	1.09307
135	123	1.04166
135	133	1.14277
135	152	1.07101
135	156	0.979932
135	157	1.0461
135	158	1.0251
135	160	0.995436
135	161	1.00923
135	162	0.973854
135	163	0.953487
135	164	1.01481
135	165	1.02611
135	167	0.92847
135	168	0.933947
135	169	0.989372
135	170	0.908068
135	171	1.0033
135	172	0.939852
135	173	0.914127
135	174	0.914777
135	175	0.944221
135	177	0.875893
135	178	0.85571
135	179	0.906091
135	180	0.870338
136	28	1.07
136	32	0.925356
136	79	0.857127
136	89	0.952531
136	91	0.924694
136	101	0.917422
136	106	1.07685
136	111	1.02725
136	116	1.08892
136	123	0.969905
136	137	1.0251
136	143	0.894011
136	152	0.999253
136	157	1.09321
136	158	1.07221
136	160	1.04254
136	161	1.05634
136	162	1.02096
136	163	1.00059
136	164	1.06192
136	165	1.07321
136	167	0.975577
136	168	0.981054
136	169	1.03648
136	170	0.955175
136	171	1.05041
136	172	0.986959
136	173	0.961234
136	174	0.961884
136	175	0.991328
136	176	0.927483
136	177	0.923
136	178	0.902817
136	179	0.953198
136	180	0.917445
137	6	1.01975
137	26	0.950962
137	40	1.03226
137	54	0.965126
137	67	0.98604
137	77	0.957059
137	94	1.01559
137	99	1.00828
137	102	0.964706
137	107	1.00686
137	108	0.937706
137	113	0.945711
137	119	0.985935
137	122	0.997638
137	126	0.980689
137	127	1.01642
137	133	0.947814
137	136	1.0251
137	140	1.02634
137	144	1.01293
137	145	1.1097
137	146	1.01562
137	147	0.981361
137	156	0.952791
137	159	0.957851
