1	3	1.15972
1	17	1.25814
1	20	1.25688
1	23	1.1318
1	28	1.20395
1	41	1.17784
1	50	1.2577
1	133	0.710064
1	145	1.18679
1	175	0.655201
1	176	0.795196
1	177	0.746421
2	46	1.11233
2	56	1.19767
2	71	1.25341
2	72	1.25518
2	78	1.23121
2	106	0.41858
2	145	1.16043
2	146	1.21973
2	150	0.539993
2	162	1.18417
2	165	0.550653
2	180	1.38764
3	1	1.15972
3	17	1.101
3	20	1.09973
3	21	1.09802
3	23	0.974654
3	28	1.04681
3	41	1.02069
3	50	1.10055
3	54	0.907424
3	145	1.02964
3	156	0.853898
3	157	1.04083
4	55	1.18362
4	133	1.15356
4	141	1.22425
4	147	1.20243
4	148	1.20751
4	151	1.2206
4	155	0.665696
4	161	0.789225
4	163	1.19394
4	166	1.19478
4	169	0.574496
4	178	0.823162
5	52	0.652592
5	92	1.24914
5	98	1.24867
5	120	0.437598
5	131	1.16499
5	142	0.468235
5	153	1.2008
5	158	1.23997
5	163	0.410006
5	169	1.23919
5	170	1.14452
5	178	1.1293
6	13	0.747016
6	90	1.18662
6	93	0.568681
6	99	0.670692
6	127	1.25323
6	128	1.24962
6	142	1.21034
6	148	1.23394
6	163	1.22037
6	165	0.815568
6	166	1.22122
6	180	1.01437
7	33	1.04618
7	55	1.06442
7	77	1.02
7	101	1.06694
7	122	1.04832
7	128	1.10399
7	134	0.880943
7	140	0.892339
7	141	1.10506
7	145	0.941771
7	152	1.07621
7	166	1.07559
8	29	0.555199
8	113	1.17432
8	122	1.16891
8	141	1.22565
8	147	1.20383
8	149	0.536005
8	151	1.222
8	152	1.1968
8	163	1.19533
8	166	1.19618
8	178	0.771631
8	179	0.967022
9	40	1.12885
9	44	1.03024
9	90	1.03276
9	102	1.08161
9	122	1.0401
9	135	0.773671
9	148	1.08009
9	152	1.06799
9	160	0.840137
9	163	1.06652
9	166	1.06736
9	177	1.12046
10	101	0.690499
10	105	0.644431
10	140	1.14876
10	152	0.72595
10	167	1.05973
10	168	1.06852
10	171	1.08445
10	172	1.08892
10	175	1.06598
10	177	1.04007
10	178	1.06131
10	179	1.00708
11	27	1.01088
11	48	1.13399
11	49	1.01106
11	52	1.01087
11	54	0.891594
11	60	1.08359
11	67	1.04925
11	69	1.04902
11	74	1.02813
11	75	1.02777
11	162	1.0536
11	167	1.06584
11	173	0.96742
12	34	1.15769
12	99	0.763137
12	117	0.645078
12	142	1.17994
12	145	0.81021
12	147	1.19847
12	148	1.20355
12	151	1.21664
12	162	0.789447
12	163	1.18998
12	166	1.19082
12	173	1.08669
12	180	0.983976
13	6	0.747016
13	126	1.0481
13	131	0.833475
13	142	0.811829
13	164	1.06681
13	165	1.05555
13	167	1.02513
13	169	1.13661
13	172	1.05432
13	174	1.05443
13	176	0.977959
13	178	1.02671
13	179	0.972484
14	45	1.15883
14	80	1.17369
14	110	1.09733
14	112	1.13168
14	123	1.24518
14	125	0.743662
14	131	1.09936
14	139	1.19463
14	143	0.637749
14	153	1.13516
14	154	0.825197
14	158	1.17434
14	174	0.836729
15	72	0.540053
15	101	0.554813
15	127	0.531838
15	160	1.27569
15	166	0.526078
15	168	1.16031
15	170	1.16832
15	171	1.17624
15	175	1.15777
15	176	1.10434
15	177	1.13186
15	178	1.1531
15	179	1.09887
16	22	1.05467
16	37	1.02669
16	43	1.0701
16	46	0.955803
16	56	1.04115
16	71	1.09689
16	72	1.09866
16	78	1.07468
16	117	0.896964
16	143	0.913534
16	145	1.00391
16	162	1.02765
16	174	1.11251
17	1	1.25814
17	3	1.101
17	20	1.19816
17	21	1.19644
17	23	1.07307
17	28	1.14523
17	41	1.11911
17	50	1.19897
17	116	0.486993
17	145	1.12806
17	157	0.665784
17	169	0.466145
17	180	1.49385
18	23	0.987602
18	27	1.01711
18	41	1.03364
18	50	1.1135
18	77	0.893697
18	120	0.732101
18	131	1.03795
18	137	1.07973
18	158	1.11293
18	166	0.668272
18	171	1.0254
18	177	0.981022
18	178	1.00226
19	59	0.858882
19	64	1.09248
19	74	1.04628
19	75	1.04592
19	92	1.12752
19	98	1.12706
19	129	0.743469
19	139	0.713574
19	170	1.0229
19	172	1.03529
19	173	0.985569
19	178	1.00768
19	179	0.953454
20	1	1.25688
20	3	1.09973
20	17	1.19816
20	21	1.19518
20	23	1.07181
20	28	1.14397
20	41	1.11785
20	50	1.19771
20	116	0.690505
20	134	0.701743
20	145	1.1268
20	161	0.884386
20	164	0.768
21	3	1.09802
21	17	1.19644
21	20	1.19518
21	23	1.0701
21	27	0.81064
21	28	1.14225
21	41	1.11613
21	50	1.19599
21	65	1.25334
21	93	0.568957
21	133	0.896009
21	145	1.12508
21	157	0.824765
22	16	1.05467
22	43	1.17366
22	56	1.14471
22	71	1.20045
22	72	1.20222
22	78	1.17824
22	100	0.826516
22	132	1.16833
22	146	1.16677
22	150	0.74136
22	162	1.13121
22	165	0.75202
22	170	0.735385
23	1	1.1318
23	3	0.974654
23	17	1.07307
23	18	0.987602
23	20	1.07181
23	21	1.0701
23	28	1.01889
23	41	0.99277
23	50	1.07263
23	54	0.837959
23	133	1.04261
23	145	1.00172
23	176	1.12774
24	105	1.21191
24	108	0.588735
24	110	1.11752
24	123	1.26538
24	136	1.11134
24	137	1.16133
24	139	1.21482
24	153	1.15536
24	156	0.687062
24	158	1.19453
24	170	0.848443
24	178	0.923025
24	180	0.959027
25	80	1.14339
25	105	1.16142
25	123	1.21489
25	129	1.15124
25	130	1.09077
25	137	1.11084
25	139	1.16433
25	150	0.813849
25	153	1.10487
25	156	0.646494
25	158	1.14404
25	177	0.941031
25	178	0.882457
25	180	0.908536
26	94	0.706811
26	102	1.13514
26	103	1.18884
26	104	0.810712
26	127	1.1529
26	128	1.14929
26	147	1.12854
26	148	1.13361
26	151	1.14671
26	155	0.898189
26	163	1.12004
26	166	1.12089
26	169	0.806988
26	180	0.914042
27	11	1.01088
27	18	1.01711
27	21	0.81064
27	28	0.867376
27	115	1.06046
27	148	1.08563
27	151	1.09873
27	153	1.06239
27	166	1.07291
27	171	1.01404
27	172	1.01851
27	178	0.990893
27	179	0.936667
27	180	0.866063
28	1	1.20395
28	3	1.04681
28	17	1.14523
28	20	1.14397
28	21	1.14225
28	23	1.01889
28	27	0.867376
28	41	1.06492
28	50	1.14478
28	51	0.534715
28	65	1.20213
28	145	1.07387
28	157	0.881501
28	168	0.862601
29	8	0.555199
29	45	0.726767
29	123	0.532434
29	135	1.21103
29	146	0.70829
29	164	1.15375
29	168	1.12086
29	169	1.22354
29	171	1.1368
29	175	1.11832
29	177	1.09241
29	178	1.11365
29	179	1.05942
29	180	0.988819
30	32	1.05705
30	36	1.14548
30	39	1.14527
30	47	1.23431
30	58	1.16026
30	64	1.16603
30	73	1.13246
30	92	1.20107
30	96	0.551443
30	98	1.2006
30	136	0.834522
30	157	0.792238
30	173	0.924232
31	65	1.32184
31	76	1.1882
31	104	0.620105
31	125	0.666645
31	141	1.26473
31	144	0.668087
31	147	1.24291
31	148	1.24799
31	149	0.629421
31	152	1.23589
31	157	1.20115
31	163	1.23442
31	166	1.23526
31	172	0.749738
32	30	1.05705
32	36	1.01612
32	39	1.01591
32	47	1.10495
32	58	1.0309
32	64	1.03667
32	73	1.0031
32	92	1.07171
32	98	1.07124
32	106	0.914285
32	144	1.02187
32	170	1.02972
32	172	0.988997
33	7	1.04618
33	106	0.817116
33	114	1.10053
33	127	1.14267
33	128	1.13907
33	132	1.12985
33	135	0.718922
33	141	1.14013
33	148	1.12339
33	151	1.13648
33	155	0.849671
33	162	0.830623
33	163	1.10982
33	166	1.11066
34	12	1.15769
34	77	1.05135
34	86	1.11752
34	94	0.653326
34	103	1.1749
34	120	1.13519
34	127	1.13895
34	134	0.78559
34	144	0.805209
34	147	1.11459
34	157	1.07283
34	163	1.1061
34	166	1.10694
34	167	0.993976
35	48	1.21399
35	49	1.09106
35	52	1.09087
35	60	1.16359
35	67	1.12925
35	69	1.12902
35	74	1.10813
35	75	1.10777
35	95	0.696294
35	121	0.76626
35	124	0.803474
35	136	0.99698
35	162	1.1336
35	173	1.04742
36	30	1.14548
36	32	1.01612
36	39	1.10433
36	44	0.788708
36	47	1.19338
36	58	1.11932
36	64	1.12509
36	73	1.09153
36	92	1.16013
36	98	1.15967
36	135	0.690427
36	144	1.11029
36	171	0.911059
36	172	0.863333
37	16	1.02669
37	41	0.747376
37	56	1.11672
37	73	1.09039
37	78	1.15026
37	80	0.577404
37	81	0.664254
37	92	1.15899
37	98	1.15853
37	147	0.606104
37	150	1.0989
37	159	1.11815
37	162	1.10322
37	177	1.01792
37	179	0.984927
38	70	0.615979
38	91	0.691919
38	125	1.14739
38	129	0.588275
38	142	0.703894
38	161	1.08759
38	164	1.11463
38	167	1.07295
38	169	1.18443
38	170	1.08975
38	172	1.10214
38	174	1.10225
38	176	1.02578
38	178	1.07453
38	179	1.0203
39	30	1.14527
39	32	1.01591
39	36	1.10433
39	47	1.19316
39	58	1.11911
39	64	1.12488
39	73	1.09132
39	92	1.15992
39	98	1.15946
39	144	1.11008
39	154	0.619556
39	156	0.500459
39	157	0.687395
39	180	1.51546
40	9	1.12885
40	55	1.19039
40	83	0.67529
40	86	1.21213
40	103	1.26951
40	120	1.2298
40	128	1.22996
40	140	0.642172
40	141	1.23103
40	154	0.730489
40	156	0.611393
40	163	1.20071
40	166	1.20156
40	173	1.09743
40	177	0.90593
41	1	1.17784
41	3	1.02069
41	17	1.11911
41	18	1.03364
41	20	1.11785
41	21	1.11613
41	23	0.99277
41	28	1.06492
41	37	0.747376
41	50	1.11867
41	65	1.17601
41	83	0.848908
41	135	0.732759
41	145	1.04776
41	175	0.988327
42	49	1.22515
42	52	1.22495
42	60	1.29768
42	67	1.26333
42	69	1.2631
42	74	1.24222
42	75	1.24185
42	124	0.388284
42	133	0.610751
42	162	1.26768
42	173	1.1815
42	174	0.4832
42	178	0.588533
42	180	1.36757
43	16	1.0701
43	22	1.17366
43	46	1.07479
43	56	1.16014
43	65	1.25116
43	71	1.21588
43	72	1.21765
43	78	1.19368
43	145	1.1229
43	146	1.1822
43	154	0.728887
43	162	1.14664
43	164	0.695431
43	165	0.787805
43	170	0.771171
43	171	0.778171
44	9	1.03024
44	36	0.788708
44	60	0.684468
44	64	0.660898
44	92	0.687348
44	97	1.15094
44	115	1.09051
44	139	1.1519
44	150	1.08068
44	152	1.10357
44	153	1.09244
44	165	1.04977
44	166	1.10295
44	176	0.972185
44	178	1.02094
44	179	0.966711
45	14	1.15883
45	29	0.726767
45	68	1.20702
45	80	1.18123
45	85	0.654665
45	104	0.698256
45	107	0.80103
45	109	1.1654
45	110	1.10487
45	112	1.13923
45	137	1.14869
45	138	1.18816
45	139	1.20217
45	153	1.14271
45	158	1.18189
45	160	0.721449
46	2	1.11233
46	16	0.955803
46	43	1.07479
46	56	1.04584
46	65	1.13686
46	71	1.10158
46	72	1.10335
46	78	1.07937
46	126	0.773225
46	132	1.06946
46	136	0.746025
46	145	1.0086
46	146	1.0679
46	157	0.703742
46	162	1.03234
46	180	1.5318
47	30	1.23431
47	32	1.10495
47	36	1.19338
47	39	1.19316
47	58	1.20816
47	64	1.21393
47	73	1.18036
47	92	1.24897
47	96	0.49595
47	98	1.2485
47	136	0.779028
47	144	1.19913
47	162	0.609258
47	168	0.717845
47	179	0.981162
48	11	1.13399
48	35	1.21399
48	49	1.14204
48	52	1.14184
48	60	1.21457
48	67	1.18022
48	69	1.17999
48	74	1.15911
48	75	1.15874
48	89	0.648513
48	149	0.467439
48	150	0.634457
48	162	1.18457
48	173	1.09839
48	174	0.597731
48	180	1.4821
49	11	1.01106
49	35	1.09106
49	42	1.22515
49	48	1.14204
49	52	1.01891
49	60	1.09164
49	67	1.05729
49	69	1.05706
49	74	1.03617
49	75	1.03581
49	126	0.776207
49	157	0.706724
49	162	1.06164
49	173	0.975462
49	175	0.723105
49	180	1.53479
50	1	1.2577
50	3	1.10055
50	17	1.19897
50	18	1.1135
50	20	1.19771
50	21	1.19599
50	23	1.07263
50	28	1.14478
50	41	1.11867
50	65	1.25587
50	94	0.552778
50	145	1.12761
50	162	0.725107
50	165	0.843673
50	169	0.652955
50	173	0.984588
51	28	0.534715
51	86	0.520939
51	116	1.26198
51	118	0.628476
51	131	0.564163
51	137	0.533351
51	165	1.19951
51	168	1.17789
51	171	1.19383
51	172	1.19829
51	174	1.1984
51	176	1.12193
51	177	1.14944
51	178	1.17068
51	179	1.11645
51	180	1.04585
52	5	0.652592
52	11	1.01087
52	35	1.09087
52	42	1.22495
52	48	1.14184
52	49	1.01891
52	60	1.09144
52	67	1.0571
52	69	1.05687
52	74	1.03598
52	75	1.03562
52	143	0.818373
52	162	1.06145
52	168	1.05476
52	172	1.00738
52	173	0.975269
53	58	1.15841
53	73	1.13062
53	74	0.433587
53	75	0.486242
53	86	0.638666
53	92	1.19922
53	98	1.19876
53	128	0.571026
53	130	1.13678
53	131	1.11508
53	138	1.19633
53	143	1.18516
53	152	0.629964
53	158	1.19006
53	176	1.03063
53	178	1.07938
53	179	1.02515
54	3	0.907424
54	11	0.891594
54	23	0.837959
54	98	0.635333
54	103	1.14603
54	110	1.02972
54	111	1.00551
54	118	1.05796
54	146	1.09569
54	152	1.0787
54	153	1.06756
54	158	1.10674
54	164	1.03616
54	166	1.07807
54	177	0.974824
54	178	0.996059
54	179	0.941832
55	4	1.18362
55	7	1.06442
55	40	1.19039
55	82	0.536906
55	101	1.12026
55	102	1.14316
55	103	1.19686
55	120	1.15715
55	136	1.07437
55	141	1.15838
55	147	1.13656
55	159	0.669955
55	166	1.12891
55	173	1.02478
55	174	0.779036
55	178	0.88437
55	179	1.07976
56	2	1.19767
56	16	1.04115
56	22	1.14471
56	37	1.11672
56	43	1.16014
56	46	1.04584
56	71	1.18693
56	78	1.16472
56	132	1.15481
56	136	0.660637
56	145	1.09394
56	146	1.15324
56	160	0.445631
56	162	1.11768
56	165	0.609432
56	179	0.862771
56	180	1.44642
57	59	1.10794
57	105	1.16319
57	112	1.10315
57	115	1.10471
57	119	0.673045
57	123	1.21666
57	126	0.915268
57	129	1.15301
57	130	1.09254
57	137	1.11262
57	138	1.15209
57	139	1.1661
57	155	0.737347
57	157	1.08304
57	158	1.14582
57	161	0.860875
57	172	0.779504
58	30	1.16026
58	32	1.0309
58	36	1.11932
58	39	1.11911
58	47	1.20816
58	53	1.15841
58	64	1.13987
58	73	1.10631
58	91	1.09603
58	92	1.17491
58	93	0.551997
58	98	1.17445
58	144	1.12507
58	157	0.807805
58	171	0.789249
58	173	0.939799
58	177	0.915406
59	19	0.858882
59	57	1.10794
59	96	0.648302
59	97	1.17885
59	107	0.795955
59	115	1.11842
59	117	1.18475
59	119	0.716357
59	123	1.23037
59	129	1.16672
59	130	1.10625
59	137	1.12632
59	139	1.17981
59	145	0.782372
59	153	1.12035
59	158	1.15952
59	180	0.924018
60	11	1.08359
60	35	1.16359
60	42	1.29768
60	44	0.684468
60	48	1.21457
60	49	1.09164
60	52	1.09144
60	67	1.12982
60	69	1.12959
60	74	1.10871
60	75	1.10834
60	133	0.896619
60	156	0.638439
60	161	0.840465
60	162	1.13417
60	173	1.04799
60	175	0.841756
61	94	0.618787
61	97	1.18422
61	105	1.18227
61	112	1.12224
61	117	1.19013
61	129	1.17209
61	130	1.11162
61	131	1.08992
61	132	1.15542
61	138	1.17118
61	144	1.12422
61	145	0.811879
61	158	1.1649
61	159	0.753215
61	165	0.909682
61	174	0.862296
61	180	0.929391
62	68	1.18268
62	80	1.15689
62	97	1.17687
62	109	1.14106
62	112	1.11489
62	123	1.22839
62	129	1.16474
62	131	1.08257
62	139	1.17783
62	153	1.11837
62	158	1.15755
62	159	0.758915
62	160	0.751581
62	164	0.823007
62	168	0.905403
62	169	0.724664
62	180	0.92204
63	113	1.12569
63	114	1.13741
63	117	0.674363
63	118	1.12743
63	127	1.17955
63	133	1.10632
63	135	0.707032
63	141	1.17701
63	147	1.15519
63	148	1.16027
63	151	1.17336
63	163	1.1467
63	166	1.14754
63	169	0.74658
63	170	0.920664
63	174	0.889912
63	180	0.940695
64	19	1.09248
64	30	1.16603
64	32	1.03667
64	36	1.12509
64	39	1.12488
64	44	0.660898
64	47	1.21393
64	58	1.13987
64	73	1.11208
64	91	1.1018
64	92	1.18068
64	98	1.18022
64	124	0.650582
64	144	1.13085
64	157	0.801805
64	167	0.842639
64	173	0.933799
65	21	1.25334
65	28	1.20213
65	31	1.32184
65	41	1.17601
65	43	1.25116
65	46	1.13686
65	50	1.25587
65	71	1.27795
65	72	1.27971
65	106	0.678349
65	121	0.630907
65	149	0.632744
65	156	0.632408
65	163	1.2258
65	164	0.718048
65	166	1.22664
65	170	0.793788
66	91	0.888902
66	97	0.762509
66	123	0.711413
66	150	1.08393
66	161	1.03724
66	164	1.06428
66	166	0.806411
66	167	1.0226
66	168	1.03139
66	170	1.0394
66	171	1.04733
66	172	1.05179
66	174	1.0519
66	175	1.02885
66	176	0.975426
66	177	1.00294
66	178	1.02418
66	179	0.969952
67	11	1.04925
67	35	1.12925
67	42	1.26333
67	48	1.18022
67	49	1.05729
67	52	1.0571
67	60	1.12982
67	69	1.09524
67	74	1.07436
67	75	1.074
67	117	1.17166
67	136	0.868285
67	161	0.841091
67	162	1.09983
67	165	0.81708
67	167	0.866835
67	168	0.807101
67	173	1.01365
68	45	1.20702
68	62	1.18268
68	80	1.22187
68	96	0.607511
68	100	0.913881
68	115	1.18142
68	130	1.16925
68	131	1.14755
68	132	1.21305
68	135	0.609118
68	137	1.18933
68	138	1.2288
68	139	1.24282
68	140	0.69215
68	143	0.593019
68	153	1.18335
68	158	1.22253
68	170	0.82275
69	11	1.04902
69	35	1.12902
69	42	1.2631
69	48	1.17999
69	49	1.05706
69	52	1.05687
69	60	1.12959
69	67	1.09524
69	74	1.07413
69	75	1.07377
69	117	1.17143
69	126	0.758452
69	133	0.760213
69	149	0.50237
69	162	1.0996
69	167	0.729802
69	173	1.01342
69	180	1.51703
70	38	0.615979
70	77	1.14633
70	84	1.18556
70	90	1.16732
70	101	1.19327
70	103	1.26987
70	108	0.516124
70	114	1.19178
70	122	1.17465
70	141	1.23139
70	144	0.653454
70	149	0.614788
70	151	1.22774
70	152	1.20254
70	163	1.20107
70	164	0.700092
70	166	1.20192
70	179	1.0458
71	2	1.25341
71	16	1.09689
71	22	1.20045
71	43	1.21588
71	46	1.10158
71	56	1.18693
71	65	1.27795
71	72	1.24444
71	78	1.22046
71	100	0.744171
71	132	1.21055
71	133	0.749841
71	146	1.20899
71	157	0.678596
71	162	1.17343
71	171	0.660041
71	177	0.786197
71	178	0.727623
72	2	1.25518
72	15	0.540053
72	16	1.09866
72	22	1.20222
72	43	1.21765
72	46	1.10335
72	65	1.27971
72	71	1.24444
72	78	1.22223
72	94	0.508996
72	132	1.21232
72	145	1.15145
72	146	1.21075
72	157	0.808812
72	162	1.17519
72	169	0.609173
72	170	0.783256
72	173	0.940806
73	30	1.13246
73	32	1.0031
73	36	1.09153
73	37	1.09039
73	39	1.09132
73	47	1.18036
73	53	1.13062
73	58	1.10631
73	64	1.11208
73	89	0.843489
73	91	1.06824
73	92	1.14712
73	98	1.14665
73	144	1.09728
73	168	0.830114
73	169	0.649375
73	175	0.865395
73	176	1.00539
74	11	1.02813
74	19	1.04628
74	35	1.10813
74	42	1.24222
74	48	1.15911
74	49	1.03617
74	52	1.03598
74	53	0.433587
74	60	1.10871
74	67	1.07436
74	69	1.07413
74	75	1.05288
74	117	1.15055
74	133	0.73389
74	162	1.07871
74	173	0.992532
74	177	0.770247
74	179	0.907063
74	180	1.49071
75	11	1.02777
75	19	1.04592
75	35	1.10777
75	42	1.24185
75	48	1.15874
75	49	1.03581
75	52	1.03562
75	53	0.486242
75	60	1.10834
75	67	1.074
75	69	1.07377
75	74	1.05288
75	89	0.709776
75	117	1.15019
75	162	1.07835
75	167	0.756135
75	173	0.992169
75	177	0.822902
75	180	1.54336
76	31	1.1882
76	79	1.13153
76	101	1.08436
76	102	1.10726
76	120	1.12125
76	121	0.806747
76	128	1.12141
76	142	1.08213
76	143	0.739897
76	146	1.11062
76	149	0.808585
76	151	1.11883
76	157	1.05889
76	163	1.09216
76	166	1.09301
76	168	0.976285
76	173	0.98888
76	178	1.04421
76	180	0.886161
77	7	1.02
77	18	0.893697
77	34	1.05135
77	70	1.14633
77	106	0.879267
77	108	0.734998
77	114	1.07435
77	120	1.11272
77	121	0.831825
77	122	1.05721
77	128	1.11288
77	133	1.04326
77	147	1.09213
77	148	1.09721
77	151	1.1103
77	152	1.0851
77	162	0.892775
77	163	1.08364
77	166	1.08448
78	2	1.23121
78	16	1.07468
78	22	1.17824
78	37	1.15026
78	43	1.19368
78	46	1.07937
78	56	1.16472
78	71	1.22046
78	72	1.22223
78	106	0.52022
78	117	0.389357
78	132	1.18835
78	136	0.703497
78	145	1.12748
78	146	1.18678
78	150	0.641633
78	162	1.15122
78	173	0.793208
78	180	1.48928
79	76	1.13153
79	81	1.21572
79	84	1.16224
79	117	0.546231
79	120	1.20684
79	127	1.21061
79	128	1.207
79	140	0.661932
79	142	1.16772
79	146	1.19621
79	147	1.18624
79	152	1.17922
79	160	0.645366
79	163	1.17775
79	165	0.809167
79	166	1.1786
79	175	0.834469
79	176	0.974464
79	180	0.971751
80	14	1.17369
80	25	1.14339
80	37	0.577404
80	45	1.18123
80	62	1.15689
80	68	1.22187
80	115	1.15564
80	123	1.26759
80	137	1.16354
80	138	1.20302
80	139	1.21703
80	140	0.645818
80	153	1.15757
80	158	1.19674
80	160	0.629251
80	167	0.842808
80	172	0.735692
80	173	0.933968
80	180	0.961236
81	37	0.664254
81	79	1.21572
81	93	0.633016
81	101	1.16855
81	102	1.19145
81	103	1.24515
81	108	0.603561
81	114	1.16706
81	122	1.14993
81	125	0.73945
81	142	1.16632
81	147	1.18485
81	151	1.20302
81	152	1.17782
81	162	0.761337
81	163	1.17635
81	166	1.1772
81	178	0.937851
81	180	0.970352
82	55	0.536906
82	84	0.582877
82	102	0.668709
82	137	0.5817
82	146	0.577258
82	148	0.562138
82	161	1.14661
82	164	1.17365
82	165	1.16239
82	167	1.13197
82	169	1.24345
82	170	1.14877
82	171	1.1567
82	172	1.16116
82	174	1.16127
82	175	1.13822
82	176	1.0848
82	177	1.11231
82	178	1.13355
82	179	1.07932
83	40	0.67529
83	41	0.848908
83	99	1.1305
83	125	1.10678
83	130	0.734773
83	137	0.757099
83	151	0.655894
83	154	1.10278
83	155	1.0744
83	157	1.08182
83	159	1.11292
83	167	1.03234
83	168	1.04113
83	169	1.14382
83	171	1.05707
83	172	1.06153
83	175	1.03859
83	176	0.985168
83	178	1.03392
83	179	0.979693
84	70	1.18556
84	79	1.16224
84	82	0.582877
84	87	0.623714
84	100	0.946889
84	102	1.13796
84	103	1.19166
84	113	1.10186
84	114	1.11358
84	127	1.15572
84	128	1.15211
84	141	1.15318
84	142	1.11283
84	147	1.13136
84	148	1.13644
84	152	1.12433
84	155	0.772875
84	162	0.753827
84	166	1.12371
84	171	0.862758
85	45	0.654665
85	103	0.507531
85	129	0.534178
85	136	1.1679
85	147	0.591167
85	161	1.15348
85	163	0.591567
85	164	1.18052
85	166	0.55533
85	167	1.13884
85	168	1.14763
85	170	1.15564
85	171	1.16357
85	172	1.16804
85	174	1.16814
85	175	1.1451
85	176	1.09167
85	177	1.11919
85	178	1.14042
85	179	1.0862
86	34	1.11752
86	40	1.21213
86	51	0.520939
86	53	0.638666
86	88	0.566021
86	90	1.11605
86	113	1.1288
86	118	1.13054
86	120	1.17889
86	127	1.18266
86	134	0.700172
86	141	1.18012
86	147	1.1583
86	148	1.16337
86	151	1.17647
86	163	1.1498
86	166	1.15065
86	167	0.908558
86	179	1.11214
86	180	0.943803
87	84	0.623714
87	97	0.493335
87	127	0.542997
87	141	0.556505
87	152	0.601423
87	153	0.612443
87	155	1.17393
87	161	1.14651
87	164	1.17355
87	167	1.13187
87	168	1.14066
87	169	1.24335
87	170	1.14867
87	172	1.16106
87	174	1.16117
87	175	1.13813
87	176	1.0847
87	177	1.11222
87	178	1.13345
87	179	1.07922
88	86	0.566021
88	109	0.636884
88	142	0.5876
88	146	0.573992
88	147	0.52897
88	153	0.568339
88	154	1.1967
88	155	1.16832
88	161	1.1409
88	165	1.15668
88	167	1.12626
88	168	1.13505
88	169	1.23774
88	171	1.15099
88	172	1.15546
88	174	1.15556
88	175	1.13252
88	176	1.07909
88	177	1.10661
88	179	1.07362
89	48	0.648513
89	73	0.843489
89	75	0.709776
89	103	0.741513
89	143	1.14904
89	160	1.16585
89	161	1.05632
89	163	0.825549
89	164	1.08336
89	165	1.0721
89	167	1.04168
89	169	1.15316
89	171	1.06641
89	172	1.07087
89	174	1.07098
89	175	1.04793
89	176	0.994508
89	177	1.02203
89	178	1.04326
89	179	0.989034
90	6	1.18662
90	9	1.03276
90	70	1.16732
90	86	1.11605
90	118	1.08536
90	120	1.13372
90	126	1.00698
90	128	1.13387
90	141	1.13494
90	142	1.0946
90	143	0.682214
90	146	1.12309
90	147	1.11312
90	148	1.1182
90	149	0.750902
90	151	1.13129
90	159	0.772113
90	163	1.10463
90	166	1.10547
90	169	0.737862
90	175	0.953882
91	38	0.691919
91	58	1.09603
91	64	1.1018
91	66	0.888902
91	73	1.06824
91	92	1.13684
91	98	1.13637
91	111	0.836705
91	112	1.08501
91	118	1.0789
91	129	1.13487
91	131	1.0527
91	137	1.09448
91	140	0.721172
91	148	1.11174
91	152	1.09964
91	153	1.0885
91	155	0.768889
91	158	1.12768
91	163	1.09817
91	166	1.09901
91	167	0.918162
92	5	1.24914
92	19	1.12752
92	30	1.20107
92	32	1.07171
92	36	1.16013
92	37	1.15899
92	39	1.15992
92	44	0.687348
92	47	1.24897
92	53	1.19922
92	58	1.17491
92	64	1.18068
92	73	1.14712
92	91	1.13684
92	98	1.21526
92	119	0.655514
92	144	1.16588
92	162	0.700767
92	164	0.726959
92	169	0.628615
92	171	0.809699
92	175	0.844635
93	6	0.568681
93	21	0.568957
93	58	0.551997
93	81	0.633016
93	104	1.27035
93	120	0.602857
93	132	0.524835
93	152	0.603214
93	159	1.2347
93	161	1.16876
93	165	1.18453
93	168	1.16291
93	169	1.26559
93	170	1.17092
93	171	1.17885
93	172	1.18331
93	173	1.13359
93	175	1.16037
93	176	1.10695
93	177	1.13446
93	178	1.1557
93	179	1.10147
94	26	0.706811
94	34	0.653326
94	50	0.552778
94	61	0.618787
94	72	0.508996
94	124	1.26056
94	148	0.560758
94	153	0.570227
94	160	1.2747
94	164	1.19221
94	165	1.18095
94	167	1.15053
94	169	1.26201
94	170	1.16733
94	172	1.17972
94	173	1.13
94	174	1.17983
94	175	1.15678
94	176	1.10336
94	177	1.13088
94	178	1.15211
94	179	1.09788
95	35	0.696294
95	118	0.716859
95	125	1.14835
95	131	0.652546
95	135	1.17288
95	137	0.621734
95	141	0.555703
95	142	0.6309
95	154	1.14436
95	155	1.11598
95	164	1.11559
95	165	1.10433
95	167	1.07392
95	169	1.18539
95	170	1.09071
95	171	1.09864
95	174	1.10321
95	175	1.08017
95	176	1.02674
95	177	1.05426
95	178	1.0755
95	179	1.02127
96	30	0.551443
96	47	0.49595
96	59	0.648302
96	68	0.607511
96	105	0.536708
96	115	0.656634
96	127	0.559802
96	149	1.3222
96	161	1.17776
96	164	1.2048
96	165	1.19354
96	167	1.16313
96	168	1.17192
96	169	1.2746
96	170	1.17993
96	172	1.19232
96	175	1.16938
96	176	1.11595
96	177	1.14347
96	178	1.16471
96	179	1.11048
96	180	1.03988
97	44	1.15094
97	59	1.17885
97	61	1.18422
97	62	1.17687
97	66	0.762509
97	87	0.493335
97	105	1.23409
97	109	1.20023
97	110	1.13971
97	115	1.17561
97	123	1.28756
97	130	1.16344
97	131	1.14174
97	138	1.22299
97	153	1.17754
97	154	0.683096
97	158	1.21672
97	162	0.623448
97	171	0.732379
97	175	0.767316
97	176	0.907311
97	180	0.981211
98	5	1.24867
98	19	1.12706
98	30	1.2006
98	32	1.07124
98	36	1.15967
98	37	1.15853
98	39	1.15946
98	47	1.2485
98	53	1.19876
98	54	0.635333
98	58	1.17445
98	64	1.18022
98	73	1.14665
98	91	1.13637
98	92	1.21526
98	121	0.580306
98	136	0.811026
98	144	1.16542
98	160	0.59602
98	168	0.749843
98	176	0.925118
98	178	0.817769
99	6	0.670692
99	12	0.763137
99	83	1.1305
99	116	1.16392
99	124	1.18106
99	125	1.14548
99	127	0.646799
99	138	0.641438
99	139	0.589991
99	161	1.08568
99	164	1.11272
99	166	0.641039
99	169	1.18251
99	170	1.08784
99	171	1.09577
99	172	1.10023
99	174	1.10034
99	175	1.07729
99	176	1.02387
99	177	1.05138
99	178	1.07262
99	179	1.01839
100	22	0.826516
100	68	0.913881
100	71	0.744171
100	84	0.946889
100	134	1.0996
100	154	1.08339
100	159	1.09353
100	160	1.13712
100	164	1.05463
100	165	1.04337
100	166	0.860411
100	168	1.02174
100	169	1.12443
100	170	1.02975
100	172	1.04215
100	174	1.04225
100	175	1.01921
100	176	0.96578
100	177	0.993297
100	178	1.01453
100	179	0.960305
100	180	0.889702
101	7	1.06694
101	10	0.690499
101	15	0.554813
101	55	1.12026
101	70	1.19327
101	76	1.08436
101	81	1.16855
101	113	1.10958
101	118	1.11132
101	119	0.650832
101	120	1.15967
101	127	1.16344
101	141	1.1609
101	142	1.12055
101	144	0.675639
101	148	1.14415
101	151	1.15725
101	152	1.13205
101	163	1.13058
101	166	1.13143
101	173	1.0273
101	175	0.839953
101	178	0.872599
101	179	1.06799
102	9	1.08161
102	26	1.13514
102	55	1.14316
102	76	1.10726
102	81	1.19145
102	82	0.668709
102	84	1.13796
102	104	0.77123
102	113	1.13247
102	114	1.14419
102	119	0.794406
102	120	1.18257
102	122	1.12705
102	124	0.815923
102	133	1.1131
102	135	0.727958
102	136	1.09979
102	140	0.81099
102	144	0.819213
102	147	1.16197
102	152	1.15494
102	163	1.15348
102	166	1.15432
102	180	0.947477
103	26	1.18884
103	34	1.1749
103	40	1.26951
103	54	1.14603
103	55	1.19686
103	70	1.26987
103	81	1.24515
103	84	1.19166
103	85	0.507531
103	89	0.741513
103	113	1.18617
103	127	1.24004
103	145	0.640313
103	148	1.22075
103	149	0.560438
103	151	1.23384
103	152	1.20865
103	156	0.560101
103	161	0.762128
103	163	1.20718
103	166	1.20802
103	171	0.728482
103	179	0.991455
103	180	1.00118
104	26	0.810712
104	31	0.620105
104	45	0.698256
104	93	1.27035
104	102	0.77123
104	111	1.10014
104	123	0.503924
104	148	0.664659
104	154	1.15955
104	155	1.13117
104	159	1.16969
104	164	1.13079
104	165	1.11952
104	166	0.598921
104	168	1.0979
104	169	1.20058
104	170	1.10591
104	171	1.11384
104	174	1.11841
104	175	1.09536
104	176	1.04194
104	177	1.06945
104	178	1.09069
104	179	1.03646
104	180	0.965859
105	10	0.644431
105	24	1.21191
105	25	1.16142
105	57	1.16319
105	61	1.18227
105	96	0.536708
105	97	1.23409
105	109	1.19828
105	110	1.13776
105	112	1.17211
105	115	1.17366
105	129	1.22196
105	131	1.13979
105	138	1.22105
105	139	1.23506
105	145	0.670779
105	146	1.20372
105	153	1.17559
105	158	1.21477
105	159	0.612116
105	174	0.721196
105	175	0.793884
105	177	0.885105
105	178	0.82653
105	180	0.979262
106	2	0.41858
106	32	0.914285
106	33	0.817116
106	65	0.678349
106	77	0.879267
106	78	0.52022
106	121	1.17104
106	127	0.659602
106	134	1.15682
106	135	1.16913
106	156	1.20249
106	159	1.15075
106	160	1.19434
106	165	1.10059
106	167	1.07017
106	168	1.07896
106	169	1.18165
106	170	1.08697
106	171	1.0949
106	174	1.09947
106	175	1.07642
106	176	1.023
106	177	1.05051
106	178	1.07175
106	179	1.01752
107	45	0.80103
107	59	0.795955
107	119	1.11028
107	126	1.03817
107	130	0.764669
107	133	1.05758
107	137	0.786995
107	140	1.10423
107	141	0.720963
107	154	1.08564
107	156	1.14753
107	160	1.13937
107	161	1.02984
107	166	0.701695
107	167	1.0152
107	168	1.02399
107	169	1.12668
107	170	1.032
107	171	1.03993
107	172	1.04439
107	174	1.0445
107	175	1.02146
107	176	0.968029
107	177	0.995546
107	179	0.962555
108	24	0.588735
108	70	0.516124
108	77	0.734998
108	81	0.603561
108	114	0.600972
108	116	1.24926
108	139	0.458526
108	156	1.28871
108	159	1.23696
108	161	1.17102
108	163	0.54581
108	164	1.19806
108	165	1.1868
108	166	0.509573
108	167	1.15638
108	170	1.17318
108	171	1.18111
108	172	1.18557
108	173	1.13585
108	174	1.18568
108	175	1.16263
108	176	1.10921
108	177	1.13673
108	178	1.15796
108	179	1.10373
109	45	1.1654
109	62	1.14106
109	88	0.636884
109	97	1.20023
109	105	1.19828
109	110	1.10389
109	111	0.897965
109	112	1.13824
109	115	1.1398
109	116	0.759797
109	117	1.20613
109	129	1.1881
109	130	1.12763
109	131	1.10593
109	135	0.6994
109	136	1.09771
109	137	1.14771
109	138	1.18718
109	139	1.20119
109	140	0.782432
109	143	0.683301
109	153	1.14173
109	156	0.751652
109	157	1.11813
109	158	1.18091
109	169	0.738949
110	14	1.09733
110	24	1.11752
110	45	1.10487
110	54	1.02972
110	97	1.13971
110	105	1.13776
110	109	1.10389
110	112	1.07772
110	115	1.07928
110	123	1.19123
110	125	0.765037
110	129	1.12758
110	130	1.06711
110	132	1.1109
110	138	1.12666
110	139	1.14067
110	153	1.08121
110	155	0.805972
110	157	1.05761
110	158	1.12038
110	159	0.749023
110	168	0.895511
110	171	0.895855
110	174	0.858104
110	177	1.02201
110	180	0.884877
111	54	1.00551
111	91	0.836705
111	104	1.10014
111	109	0.897965
111	112	0.795516
111	119	1.079
111	120	0.818042
111	130	0.817188
111	143	1.09127
111	149	1.14299
111	154	1.05436
111	156	1.11624
111	159	1.06449
111	160	1.10808
111	161	0.998552
111	163	0.790451
111	165	1.01433
111	167	0.983916
111	168	0.992703
111	169	1.09539
111	170	1.00071
111	174	1.01321
111	175	0.990168
111	177	0.964259
111	178	0.985494
111	179	0.931268
111	180	0.860664
112	14	1.13168
112	45	1.13923
112	57	1.10315
112	61	1.12224
112	62	1.11489
112	91	1.08501
112	105	1.17211
112	109	1.13824
112	110	1.07772
112	111	0.795516
112	116	0.657348
112	123	1.22558
112	129	1.16193
112	130	1.10146
112	131	1.07975
112	133	1.08485
112	137	1.12153
112	138	1.16101
112	139	1.17502
112	153	1.11556
112	158	1.15473
112	161	0.851229
112	164	0.734843
112	168	0.817239
112	172	0.769857
112	174	0.779832
112	176	0.992515
112	180	0.919228
113	8	1.17432
113	63	1.12569
113	84	1.10186
113	86	1.1288
113	101	1.10958
113	102	1.13247
113	103	1.18617
113	114	1.10809
113	122	1.09095
113	124	0.756303
113	126	0.977009
113	127	1.15023
113	128	1.14662
113	141	1.14769
113	142	1.10734
113	143	0.652239
113	145	0.800802
113	147	1.12587
113	148	1.13095
113	151	1.14404
113	152	1.11884
113	159	0.742138
113	160	0.734804
113	162	0.780039
113	163	1.11738
113	166	1.11822
113	176	1.0639
113	180	0.911375
114	33	1.10053
114	63	1.13741
114	70	1.19178
114	77	1.07435
114	81	1.16706
114	84	1.11358
114	102	1.14419
114	108	0.600972
114	113	1.10809
114	116	0.707444
114	120	1.15818
114	127	1.16195
114	128	1.15834
114	134	0.718683
114	136	1.0754
114	141	1.15941
114	142	1.11906
114	143	0.630948
114	151	1.15576
114	152	1.13056
114	163	1.12909
114	166	1.12994
114	167	0.927069
114	170	0.86068
114	173	1.02581
114	175	0.902616
114	176	1.04261
114	180	0.923092
115	27	1.06046
115	44	1.09051
115	57	1.10471
115	59	1.11842
115	68	1.18142
115	80	1.15564
115	96	0.656634
115	97	1.17561
115	105	1.17366
115	109	1.1398
115	110	1.07928
115	123	1.22713
115	130	1.10301
115	131	1.08131
115	136	1.07309
115	137	1.12309
115	139	1.17658
115	144	1.11561
115	153	1.11711
115	155	0.78899
115	156	0.710493
115	158	1.15629
115	160	0.724706
115	162	0.769942
115	164	0.796133
115	171	0.878873
115	176	1.0538
115	180	0.920781
116	17	0.486993
116	20	0.690505
116	51	1.26198
116	99	1.16392
116	108	1.24926
116	109	0.759797
116	112	0.657348
116	114	0.707444
116	130	0.67902
116	140	1.15479
116	143	1.17312
116	146	0.696904
116	150	1.12709
116	155	1.10783
116	156	1.19809
116	158	0.590737
116	160	1.18993
116	161	1.0804
116	164	1.10744
116	165	1.09618
116	167	1.06577
116	168	1.07455
116	170	1.08256
116	172	1.09496
116	175	1.07202
116	176	1.01859
116	178	1.06734
116	179	1.01312
117	12	0.645078
117	16	0.896964
117	59	1.18475
117	61	1.19013
117	63	0.674363
117	67	1.17166
117	69	1.17143
117	74	1.15055
117	75	1.15019
117	78	0.389357
117	79	0.546231
117	109	1.20613
117	127	0.52874
117	133	1.15274
117	137	1.18942
117	138	1.2289
117	146	1.21157
117	150	1.17169
117	152	0.587166
117	162	1.17601
117	163	0.559217
117	165	1.14078
117	166	0.52298
117	169	1.22184
117	173	1.08984
117	174	1.13967
117	176	1.06319
117	178	1.11195
117	179	1.05772
118	51	0.628476
118	54	1.05796
118	63	1.12743
118	86	1.13054
118	90	1.08536
118	91	1.0789
118	95	0.716859
118	101	1.11132
118	120	1.1482
118	122	1.09269
118	127	1.15197
118	128	1.14836
118	132	1.13914
118	136	1.06543
118	141	1.14943
118	142	1.10908
118	144	0.827328
118	147	1.12761
118	151	1.14578
118	152	1.12058
118	159	0.809873
118	163	1.11912
118	164	0.873966
118	166	1.11996
118	169	0.775622
118	172	0.908979
118	173	1.01583
118	174	0.918954
118	180	0.913115
119	57	0.673045
119	59	0.716357
119	92	0.655514
119	101	0.650832
119	102	0.794406
119	107	1.11028
119	111	1.079
119	121	1.16883
119	124	1.17799
119	135	1.16693
119	143	1.17532
119	146	0.702955
119	150	1.12929
119	159	1.14854
119	163	0.658334
119	164	1.10964
119	165	1.09838
119	166	0.622097
119	167	1.06797
119	168	1.07675
119	169	1.17944
119	171	1.09269
119	172	1.09716
119	174	1.09726
119	175	1.07422
119	176	1.02079
119	177	1.04831
119	178	1.06955
119	179	1.01532
120	5	0.437598
120	18	0.732101
120	34	1.13519
120	40	1.2298
120	55	1.15715
120	76	1.12125
120	77	1.11272
120	79	1.20684
120	86	1.17889
120	90	1.13372
120	93	0.602857
120	101	1.15967
120	102	1.18257
120	111	0.818042
120	114	1.15818
120	118	1.1482
120	122	1.14105
120	142	1.15744
120	146	1.18593
120	147	1.17596
120	151	1.19413
120	152	1.16894
120	154	0.790826
120	160	0.685943
120	166	1.16831
120	169	0.659026
120	171	0.84011
120	173	1.06419
120	174	0.802358
121	35	0.76626
121	65	0.630907
121	76	0.806747
121	77	0.831825
121	98	0.580306
121	106	1.17104
121	119	1.16883
121	134	1.1604
121	138	0.606799
121	143	1.1811
121	147	0.642237
121	150	1.13508
121	158	0.581091
121	159	1.15433
121	160	1.19792
121	161	1.08839
121	164	1.11543
121	167	1.07375
121	168	1.08254
121	169	1.18523
121	170	1.09055
121	171	1.09848
121	174	1.10305
121	175	1.08
121	176	1.02658
121	177	1.05409
121	178	1.07533
121	179	1.0211
121	180	0.9505
122	7	1.04832
122	8	1.16891
122	9	1.0401
122	70	1.17465
122	77	1.05721
122	81	1.14993
122	102	1.12705
122	113	1.09095
122	118	1.09269
122	120	1.14105
122	124	0.714081
122	128	1.1412
122	133	1.07158
122	141	1.14227
122	142	1.10193
122	144	0.71737
122	146	1.13042
122	148	1.12553
122	151	1.13862
122	157	1.07869
122	159	0.699915
122	161	0.880394
122	163	1.11196
122	166	1.1128
122	167	0.906137
122	174	0.808996
122	176	1.02168
122	177	0.972904
122	180	0.905958
123	14	1.24518
123	24	1.26538
123	25	1.21489
123	29	0.532434
123	57	1.21666
123	59	1.23037
123	62	1.22839
123	66	0.711413
123	80	1.26759
123	97	1.28756
123	104	0.503924
123	110	1.19123
123	112	1.22558
123	115	1.22713
123	124	0.548616
123	129	1.27543
123	130	1.21496
123	131	1.19326
123	137	1.23504
123	138	1.27452
123	139	1.28853
123	153	1.22906
123	157	1.20546
123	158	1.26824
123	160	0.527117
123	161	0.714929
123	165	0.690918
123	167	0.740673
123	170	0.674283
123	173	0.831833
123	174	0.643532
124	35	0.803474
124	42	0.388284
124	64	0.650582
124	94	1.26056
124	99	1.18106
124	102	0.815923
124	113	0.756303
124	119	1.17799
124	122	0.714081
124	123	0.548616
124	139	0.592566
124	145	1.12482
124	148	0.709352
124	149	1.24198
124	150	1.14423
124	155	1.12497
124	160	1.20708
124	164	1.12458
124	165	1.11332
124	167	1.08291
124	168	1.0917
124	169	1.19438
124	170	1.09971
124	171	1.10764
124	172	1.1121
124	174	1.11221
124	175	1.08916
124	176	1.03573
124	177	1.06325
124	178	1.08449
124	179	1.03026
125	14	0.743662
125	31	0.666645
125	38	1.14739
125	81	0.73945
125	83	1.10678
125	95	1.14835
125	99	1.14548
125	110	0.765037
125	126	1.07029
125	139	0.594415
125	150	1.10865
125	151	0.629558
125	153	0.720668
125	155	1.08938
125	156	1.17964
125	159	1.1279
125	160	1.17149
125	163	0.681699
125	164	1.089
125	167	1.04732
125	169	1.1588
125	170	1.06412
125	171	1.07205
125	172	1.07651
125	174	1.07662
125	175	1.05357
125	176	1.00015
125	177	1.02766
125	178	1.0489
125	179	0.994673
126	13	1.0481
126	46	0.773225
126	49	0.776207
126	57	0.915268
126	69	0.758452
126	90	1.00698
126	107	1.03817
126	113	0.977009
126	125	1.07029
126	134	1.0825
126	141	0.883588
126	154	1.0663
126	155	1.03792
126	156	1.12818
126	159	1.07643
126	160	1.12003
126	161	1.01049
126	164	1.03753
126	165	1.02627
126	167	0.995856
126	168	1.00464
126	169	1.10733
126	170	1.01265
126	171	1.02058
126	172	1.02505
126	174	1.02515
126	175	1.00211
126	176	0.948682
126	177	0.9762
126	178	0.997435
126	179	0.943208
127	6	1.25323
127	15	0.531838
127	26	1.1529
127	33	1.14267
127	34	1.13895
127	63	1.17955
127	79	1.21061
127	84	1.15572
127	86	1.18266
127	87	0.542997
127	96	0.559802
127	99	0.646799
127	101	1.16344
127	103	1.24004
127	106	0.659602
127	113	1.15023
127	114	1.16195
127	117	0.52874
127	118	1.15197
127	128	1.20048
127	141	1.20155
127	142	1.16121
127	147	1.17973
127	149	0.613998
127	152	1.1727
127	163	1.17124
127	166	1.17208
127	171	0.782041
127	173	1.06796
127	176	0.956973
127	179	1.04501
127	180	0.965237
128	6	1.24962
128	7	1.10399
128	26	1.14929
128	33	1.13907
128	40	1.22996
128	53	0.571026
128	76	1.12141
128	77	1.11288
128	79	1.207
128	84	1.15211
128	90	1.13387
128	113	1.14662
128	114	1.15834
128	118	1.14836
128	122	1.1412
128	127	1.20048
128	134	0.632532
128	141	1.19794
128	142	1.1576
128	148	1.1812
128	152	1.16909
128	154	0.732245
128	157	1.13436
128	159	0.634696
128	161	0.815174
128	163	1.16763
128	166	1.16847
128	169	0.600445
128	172	0.733802
128	175	0.816465
128	178	0.849111
128	179	1.0445
129	19	0.743469
129	25	1.15124
129	38	0.588275
129	57	1.15301
129	59	1.16672
129	61	1.17209
129	62	1.16474
129	85	0.534178
129	91	1.13487
129	105	1.22196
129	109	1.1881
129	110	1.12758
129	112	1.16193
129	123	1.27543
129	130	1.15131
129	131	1.12961
129	133	1.13471
129	137	1.17139
129	138	1.21087
129	140	0.617528
129	144	1.16391
129	146	1.19354
129	153	1.16541
129	157	1.14181
129	158	1.20459
129	159	0.608296
129	160	0.600962
129	171	0.755129
129	173	0.905678
129	178	0.822711
129	179	1.0181
129	180	0.969081
130	25	1.09077
130	53	1.13678
130	57	1.09254
130	59	1.10625
130	61	1.11162
130	68	1.16925
130	83	0.734773
130	97	1.16344
130	107	0.764669
130	109	1.12763
130	110	1.06711
130	111	0.817188
130	112	1.10146
130	115	1.10301
130	116	0.67902
130	123	1.21496
130	129	1.15131
130	131	1.06914
130	134	0.690259
130	136	1.06092
130	137	1.11092
130	138	1.1504
130	139	1.16441
130	146	1.13307
130	149	0.671212
130	150	0.83823
130	153	1.10494
130	157	1.08134
130	158	1.14412
130	172	0.791529
130	173	0.989805
130	180	0.908612
131	5	1.16499
131	13	0.833475
131	14	1.09936
131	18	1.03795
131	51	0.564163
131	53	1.11508
131	61	1.08992
131	62	1.08257
131	68	1.14755
131	91	1.0527
131	95	0.652546
131	97	1.14174
131	105	1.13979
131	109	1.10593
131	112	1.07975
131	115	1.08131
131	123	1.19326
131	129	1.12961
131	130	1.06914
131	137	1.08922
131	138	1.12869
131	139	1.1427
131	144	1.08174
131	146	1.11137
131	153	1.08324
131	154	0.843109
131	158	1.12242
131	162	0.783461
131	164	0.809653
131	170	0.885393
131	173	1.04294
131	174	0.854641
131	180	0.886909
132	22	1.16833
132	33	1.12985
132	46	1.06946
132	56	1.15481
132	61	1.15542
132	68	1.21305
132	71	1.21055
132	72	1.21232
132	78	1.18835
132	93	0.524835
132	110	1.1109
132	118	1.13914
132	137	1.15472
132	139	1.2082
132	142	1.14838
132	145	1.11757
132	148	1.17198
132	152	1.15988
132	153	1.14874
132	158	1.18792
132	160	0.607921
132	162	1.14131
132	165	0.771722
132	166	1.15925
132	168	0.761743
132	172	0.714361
132	173	1.05513
132	174	0.724336
132	175	0.797024
132	177	0.888244
132	178	0.82967
132	179	1.02506
132	180	0.952409
133	1	0.710064
133	4	1.15356
133	21	0.896009
133	23	1.04261
133	42	0.610751
133	60	0.896619
133	63	1.10632
133	69	0.760213
133	71	0.749841
133	74	0.73389
133	77	1.04326
133	102	1.1131
133	107	1.05758
133	112	1.08485
133	117	1.15274
133	122	1.07158
133	129	1.13471
133	137	1.09431
133	138	1.13379
133	153	1.08834
133	155	1.05732
133	158	1.12751
133	163	1.09801
133	166	1.09885
133	170	1.03206
133	171	1.03999
133	172	1.04445
133	174	1.04456
133	176	0.968085
133	178	1.01684
133	179	0.962611
133	180	0.892007
134	7	0.880943
134	20	0.701743
134	34	0.78559
134	86	0.700172
134	100	1.0996
134	106	1.15682
134	114	0.718683
134	121	1.1604
134	126	1.0825
134	128	0.632532
134	130	0.690259
134	139	0.576237
134	140	1.14856
134	148	0.693022
134	154	1.12997
134	156	1.19185
134	160	1.1837
134	161	1.07417
134	162	1.12518
134	164	1.10121
134	165	1.08994
134	167	1.05953
134	168	1.06832
134	169	1.171
134	170	1.07633
134	171	1.08426
134	172	1.08872
134	173	1.039
134	174	1.08883
134	175	1.06578
134	177	1.03987
134	178	1.06111
134	179	1.00688
135	9	0.773671
135	29	1.21103
135	33	0.718922
135	36	0.690427
135	41	0.732759
135	63	0.707032
135	68	0.609118
135	95	1.17288
135	102	0.727958
135	106	1.16913
135	109	0.6994
135	119	1.16693
135	146	0.636507
135	149	1.23092
135	150	1.13317
135	154	1.14229
135	155	1.11391
135	161	1.08648
135	164	1.11352
135	165	1.10226
135	167	1.07185
135	168	1.08064
135	169	1.18332
