1	26	1.19516
1	90	1.24327
1	94	1.21263
1	107	1.1422
1	113	1.23432
1	117	1.27939
1	120	1.21261
1	122	1.09398
1	129	0.712777
1	144	0.696721
1	148	0.759912
1	151	1.03389
2	12	1.09724
2	14	1.101
2	24	0.885217
2	44	1.10157
2	49	1.0995
2	53	1.10127
2	65	1.01895
2	66	1.01905
2	67	1.01915
2	111	0.999709
2	139	1.06954
2	145	1.07818
3	119	1.1519
3	123	1.19628
3	124	1.23677
3	125	1.21688
3	126	1.21296
3	128	1.21701
3	132	1.18233
3	136	0.758892
3	137	1.18496
3	152	0.74518
3	155	0.667788
3	180	1.06584
4	17	1.00411
4	30	0.976309
4	72	1.06316
4	77	1.13418
4	97	1.07864
4	127	1.12051
4	146	0.87855
4	149	1.08275
4	152	1.13891
4	153	1.08782
4	165	1.07458
4	167	0.995062
5	27	1.2496
5	33	1.21649
5	35	1.21665
5	43	1.17581
5	84	1.22791
5	86	1.22745
5	131	0.683132
5	139	1.20042
5	158	0.940453
5	168	0.72748
5	171	1.11101
5	177	0.862345
6	10	1.2922
6	27	1.23326
6	33	1.20015
6	43	1.15947
6	84	1.21157
6	86	1.21111
6	95	0.786469
6	111	0.86125
6	133	1.21908
6	135	0.790717
6	142	0.736442
6	171	1.09467
7	86	1.12613
7	126	0.875417
7	143	1.03188
7	169	1.07252
7	172	1.00142
7	173	0.960719
7	174	0.881738
7	175	0.966108
7	176	0.910952
7	178	0.926192
7	179	0.913811
7	180	0.913834
8	25	1.09017
8	50	1.03748
8	56	1.1152
8	82	1.11546
8	99	0.972581
8	112	0.842269
8	149	1.09727
8	150	1.05883
8	152	0.994982
8	155	1.00084
8	164	1.12635
8	167	1.18058
9	110	1.19867
9	118	1.16305
9	119	1.16166
9	124	1.24653
9	125	1.22664
9	128	1.22676
9	132	1.19208
9	137	1.19471
9	148	0.51835
9	159	0.695844
9	160	0.781464
9	176	1.21983
10	6	1.2922
10	31	1.29154
10	33	1.19381
10	35	1.19397
10	43	1.15313
10	58	0.55456
10	84	1.20522
10	86	1.20477
10	115	0.919908
10	145	0.748923
10	171	1.08833
10	172	0.97435
11	21	1.13819
11	41	1.20065
11	51	1.17785
11	62	1.23452
11	69	1.3368
11	74	1.21476
11	78	1.19289
11	145	0.419843
11	152	1.13782
11	176	1.09515
11	177	0.653194
11	180	1.04601
12	2	1.09724
12	39	1.28792
12	49	1.24868
12	53	1.25045
12	65	1.16814
12	66	1.16823
12	67	1.16833
12	133	0.691634
12	142	0.617843
12	145	1.22736
12	152	0.984188
12	177	0.91203
13	43	0.77806
13	57	1.06112
13	82	0.527968
13	98	1.1549
13	119	1.10073
13	126	1.16179
13	137	1.13379
13	149	0.502849
13	177	1.04656
13	178	0.989876
13	179	0.977495
13	180	0.977519
14	2	1.101
14	18	1.25058
14	40	0.683372
14	44	1.25452
14	49	1.25245
14	53	1.25422
14	65	1.1719
14	66	1.172
14	67	1.17209
14	102	0.727754
14	146	0.867231
14	150	0.893833
15	21	1.14762
15	23	1.13679
15	62	1.24395
15	71	1.23119
15	74	1.22419
15	78	1.20232
15	79	1.30292
15	109	0.542723
15	152	1.14725
15	156	0.904937
15	171	0.95704
15	172	0.812883
16	32	1.09507
16	89	1.06162
16	103	1.1499
16	106	1.12532
16	109	0.58426
16	135	0.622432
16	149	1.1019
16	155	1.00547
16	165	1.09374
16	167	1.00963
16	171	0.959907
16	174	1.80107
17	4	1.00411
17	30	0.989712
17	46	1.02709
17	59	1.11221
17	60	0.757664
17	72	1.07657
17	73	1.07884
17	77	1.14758
17	111	1.08136
17	127	1.13391
17	165	1.08799
17	168	1.11588
18	14	1.25058
18	39	1.28831
18	44	1.25114
18	60	0.248771
18	65	1.16853
18	66	1.16863
18	67	1.16872
18	109	0.463767
18	145	1.22775
18	151	1.08971
18	163	0.792006
18	174	1.68058
19	37	1.23593
19	91	1.09848
19	92	1.06664
19	98	1.12895
19	150	1.08962
19	151	0.799693
19	153	1.13313
19	167	1.0358
19	173	0.925999
19	177	1.02062
19	178	1.08761
20	25	1.21728
20	50	1.1646
20	61	1.22872
20	82	1.24257
20	139	1.1718
20	140	0.630059
20	141	1.2377
20	146	0.706076
20	155	1.12795
20	158	0.972383
20	164	1.25347
20	177	0.894274
21	11	1.13819
21	15	1.14762
21	41	1.03342
21	51	1.01062
21	54	0.992339
21	69	1.16957
21	71	1.05453
21	74	1.04753
21	78	1.02566
21	148	0.791618
21	171	1.18737
21	172	1.04321
22	26	1.04797
22	63	0.666431
22	96	1.05783
22	100	1.05199
22	104	1.08147
22	105	1.08819
22	107	0.995012
22	113	1.08714
22	117	1.1322
22	120	1.06542
22	152	1.14873
22	173	1.21734
23	15	1.13679
23	51	0.999798
23	62	1.05647
23	69	1.15874
23	71	1.0437
23	74	1.03671
23	78	1.01483
23	79	1.11544
23	99	1.04464
23	146	0.729552
23	163	0.967907
23	179	1.30465
24	2	0.885217
24	103	0.541856
24	115	1.09598
24	124	0.588142
24	154	1.14944
24	157	1.09215
24	160	1.09611
24	162	1.06343
24	175	1.06014
24	178	1.02023
24	179	1.00785
24	180	1.00787
25	8	1.09017
25	20	1.21728
25	56	1.18562
25	61	1.17203
25	82	1.18587
25	136	0.90573
25	149	1.16769
25	150	1.12925
25	155	1.07126
25	162	0.948351
25	164	1.19677
25	170	0.75235
25	172	0.811937
26	1	1.19516
26	22	1.04797
26	83	1.14592
26	104	1.15841
26	105	1.16512
26	113	1.16408
26	117	1.20914
26	120	1.14236
26	121	0.791131
26	139	0.844088
26	150	0.782041
26	163	0.993794
26	164	1.17893
27	5	1.2496
27	6	1.23326
27	31	1.2326
27	33	1.13487
27	43	1.09419
27	84	1.14628
27	86	1.14583
27	88	0.846614
27	122	0.911005
27	133	1.15379
27	136	0.896161
27	166	0.748616
27	171	1.02939
28	50	0.597081
28	59	0.681868
28	142	1.2385
28	149	0.52263
28	156	1.07952
28	170	1.11483
28	173	1.05419
28	175	1.05958
28	176	1.00442
28	178	1.01966
28	179	1.00728
28	180	1.00731
29	32	1.17208
29	70	0.795008
29	89	1.13863
29	99	1.16151
29	103	1.22692
29	106	1.20234
29	164	1.208
29	165	1.17075
29	167	1.08665
29	168	0.812184
29	170	0.879537
29	171	1.03693
29	172	0.939124
30	4	0.976309
30	17	0.989712
30	59	1.08441
30	72	1.04877
30	73	1.05104
30	77	1.11978
30	122	0.942229
30	149	1.06836
30	153	1.07342
30	161	1.06884
30	165	1.06019
30	169	0.804603
30	180	1.35325
31	10	1.29154
31	27	1.2326
31	35	1.19966
31	43	1.15881
31	84	1.21091
31	86	1.21046
31	102	0.477302
31	133	1.21842
31	147	0.594406
31	171	1.09402
31	175	0.95506
31	179	1.19187
32	16	1.09507
32	29	1.17208
32	40	0.755557
32	89	1.12767
32	101	0.738314
32	103	1.21595
32	106	1.19138
32	127	1.20572
32	133	0.907219
32	146	0.939416
32	149	1.16796
32	164	1.19704
32	171	1.02596
33	5	1.21649
33	6	1.20015
33	10	1.19381
33	27	1.13487
33	35	1.10192
33	43	1.06108
33	84	1.11318
33	86	1.11272
33	129	0.691155
33	136	1.08368
33	139	1.08569
33	150	0.836213
33	171	0.996284
33	177	0.99781
34	85	1.16008
34	87	1.15311
34	91	1.12955
34	92	1.09771
34	98	1.16002
34	111	0.968512
34	112	0.727891
34	144	0.81518
34	146	1.12109
34	150	1.12069
34	153	1.1642
34	159	1.05586
34	167	1.06687
34	177	1.05169
35	5	1.21665
35	10	1.19397
35	31	1.19966
35	33	1.10192
35	43	1.06124
35	84	1.11334
35	86	1.11288
35	97	1.13433
35	130	0.781702
35	139	1.08585
35	157	0.950137
35	158	0.986734
35	171	0.996443
35	172	0.900702
36	93	1.12393
36	94	1.11814
36	96	1.11052
36	100	1.10468
36	104	1.13417
36	105	1.14088
36	107	1.0477
36	113	1.13983
36	117	1.18489
36	120	1.11811
36	150	0.477496
36	172	0.63117
36	174	1.57782
36	178	0.941473
37	19	1.23593
37	57	1.18977
37	87	1.27663
37	92	1.22123
37	98	1.28355
37	131	0.59852
37	140	0.513517
37	145	1.29941
37	150	1.24422
37	153	1.28773
37	168	0.642869
37	171	0.913966
37	177	1.17521
37	179	1.16463
38	110	1.11783
38	114	1.1066
38	121	0.721949
38	123	1.12518
38	124	1.16568
38	125	1.14579
38	126	1.14186
38	128	1.14591
38	132	1.11124
38	137	1.11386
38	139	0.774906
38	167	0.80277
38	176	1.31641
38	177	1.02664
39	12	1.28792
39	18	1.28831
39	44	1.29226
39	49	1.29019
39	53	1.29195
39	65	1.20964
39	66	1.20974
39	67	1.20983
39	75	0.932152
39	134	0.599372
39	136	0.751899
39	151	1.13083
39	156	0.75016
39	173	0.806793
40	14	0.683372
40	32	0.755557
40	83	0.51507
40	103	0.453668
40	154	1.20623
40	156	1.13687
40	161	1.14147
40	170	1.17218
40	171	1.09916
40	172	1.15225
40	176	1.06178
40	178	1.07702
40	179	1.06464
40	180	1.06466
41	11	1.20065
41	21	1.03342
41	51	1.07308
41	62	1.12975
41	69	1.23202
41	71	1.11699
41	74	1.10999
41	78	1.08812
41	79	1.18872
41	81	0.467566
41	136	1.0048
41	152	1.03305
41	160	0.922527
41	178	1.22131
42	70	1.1462
42	74	0.768001
42	81	1.2888
42	103	0.495113
42	124	0.5414
42	141	0.414273
42	156	1.08522
42	169	1.17169
42	172	1.10059
42	173	1.05989
42	175	1.06528
42	176	1.01012
42	178	1.02536
42	179	1.01298
42	180	1.013
43	5	1.17581
43	6	1.15947
43	10	1.15313
43	13	0.77806
43	27	1.09419
43	31	1.15881
43	33	1.06108
43	35	1.06124
43	84	1.0725
43	86	1.07204
43	135	0.886289
43	139	1.04501
43	144	0.80349
43	171	0.955601
43	177	1.1262
44	2	1.10157
44	14	1.25452
44	18	1.25114
44	39	1.29226
44	49	1.25301
44	65	1.17247
44	66	1.17257
44	67	1.17266
44	101	0.61085
44	129	0.693496
44	133	0.779755
44	135	0.760239
44	145	1.23169
44	151	1.09365
44	162	1.12864
45	94	0.835011
45	132	0.7567
45	134	1.06673
45	138	1.03619
45	140	1.16144
45	144	1.14371
45	152	0.997932
45	158	0.999293
45	165	0.771597
45	172	1.01132
45	174	0.891633
45	176	0.920846
45	178	0.936086
45	179	0.923706
45	180	0.923729
46	17	1.02709
46	58	0.521582
46	59	1.12178
46	72	1.08614
46	73	1.08842
46	77	1.15716
46	97	1.10162
46	122	0.979605
46	127	1.14349
46	149	1.10573
46	153	1.1108
46	160	0.952888
46	162	1.07779
46	165	1.09756
46	178	1.25168
47	58	1.26263
47	89	1.1704
47	103	1.25868
47	106	1.2341
47	116	0.466974
47	141	1.224
47	146	0.557546
47	149	1.21068
47	159	0.663718
47	164	1.23976
47	165	1.20252
47	167	1.11842
47	171	1.06869
47	176	1.1877
47	179	1.13264
48	110	1.09267
48	114	1.08144
48	118	1.05705
48	123	1.10002
48	124	1.14052
48	125	1.12063
48	126	1.11671
48	128	1.12075
48	129	0.539629
48	132	1.08608
48	137	1.08871
48	163	0.89644
48	177	1.00148
48	178	1.14866
48	179	1.23318
49	2	1.0995
49	12	1.24868
49	14	1.25245
49	39	1.29019
49	44	1.25301
49	53	1.25271
49	65	1.1704
49	66	1.1705
49	67	1.17059
49	109	0.629103
49	142	0.613
49	151	1.09158
49	154	0.765866
49	162	1.03568
49	163	0.957342
50	8	1.03748
50	20	1.1646
50	28	0.597081
50	56	1.13294
50	61	1.11935
50	82	1.13319
50	133	0.705046
50	139	1.06242
50	149	1.11501
50	150	1.07657
50	152	1.01272
50	155	1.01857
50	164	1.14409
50	176	1.3674
50	177	0.925442
51	11	1.17785
51	21	1.01062
51	23	0.999798
51	41	1.07308
51	58	0.595264
51	69	1.20923
51	71	1.09419
51	74	1.0872
51	78	1.06532
51	79	1.16593
51	99	1.09513
51	148	0.763457
51	151	1.03744
51	152	1.01025
51	179	1.40987
52	60	0.645296
52	63	0.728231
52	83	1.20266
52	93	1.20491
52	94	1.19912
52	96	1.1915
52	100	1.18566
52	101	0.749074
52	104	1.21515
52	107	1.12868
52	117	1.26587
52	120	1.19909
52	127	1.24435
52	140	0.874159
52	169	0.982548
53	2	1.10127
53	12	1.25045
53	14	1.25422
53	39	1.29195
53	49	1.25271
53	65	1.17217
53	66	1.17226
53	67	1.17236
53	130	0.717346
53	138	0.833328
53	145	1.23139
53	150	0.682672
53	151	1.09335
53	156	0.9284
53	160	0.847862
54	21	0.992339
54	64	0.54684
54	78	1.04704
54	79	1.14764
54	103	1.14225
54	106	1.11768
54	114	1.06677
54	122	1.11347
54	123	1.08535
54	132	1.0714
54	137	1.07403
54	141	1.10757
54	152	0.991967
54	170	0.945249
54	171	0.95226
54	179	1.39965
55	57	1.11045
55	85	1.20428
55	92	1.14191
55	98	1.20423
55	133	1.18574
55	134	0.805041
55	139	0.772147
55	145	1.22009
55	146	1.1653
55	147	0.661125
55	150	1.16489
55	153	1.2084
55	166	0.810023
55	167	1.11107
55	177	1.09589
55	178	1.17408
56	8	1.1152
56	25	1.18562
56	50	1.13294
56	61	1.19706
56	82	1.21091
56	133	0.747821
56	135	0.728304
56	141	1.20604
56	147	0.757644
56	149	1.19273
56	150	1.15428
56	151	0.982674
56	152	1.09044
56	155	1.09629
56	164	1.2218
56	177	0.968217
57	13	1.06112
57	37	1.18977
57	55	1.11045
57	85	1.08286
57	87	1.07588
57	91	1.05232
57	92	1.02048
57	98	1.0828
57	131	0.954891
57	145	1.09866
57	153	1.08698
57	154	0.992783
57	166	1.07243
57	167	0.989641
57	168	0.99924
57	177	0.974462
58	10	0.55456
58	46	0.521582
58	47	1.26263
58	51	0.595264
58	85	0.61061
58	103	1.27474
58	104	0.519892
58	114	1.19926
58	118	1.17486
58	137	1.20652
58	165	1.21858
58	169	1.20894
58	171	1.08475
58	178	1.06261
58	179	1.05023
58	180	1.05025
59	17	1.11221
59	28	0.681868
59	30	1.08441
59	46	1.12178
59	64	1.24574
59	72	1.17126
59	73	1.17353
59	77	1.24228
59	122	1.06472
59	133	0.789833
59	140	0.746014
59	145	0.776879
59	149	1.19085
59	153	1.19592
59	155	1.005
59	165	1.18268
60	17	0.757664
60	18	0.248771
60	52	0.645296
60	79	0.499829
60	91	1.25171
60	92	1.21986
60	93	0.464493
60	126	1.28907
60	132	1.25844
60	137	1.26107
60	168	1.21648
60	177	1.17384
60	178	1.11716
60	179	1.10477
60	180	1.1048
61	20	1.22872
61	25	1.17203
61	50	1.11935
61	56	1.19706
61	82	1.19732
61	140	0.511933
61	141	1.19245
61	149	1.17914
61	150	1.14069
61	152	1.07685
61	155	1.0827
61	161	0.884556
61	164	1.20821
61	171	0.912382
61	172	0.768225
61	180	1.16896
62	11	1.23452
62	15	1.24395
62	23	1.05647
62	41	1.12975
62	69	1.2659
62	71	1.15086
62	74	1.14386
62	78	1.12199
62	79	1.22259
62	99	1.15179
62	112	0.595783
62	115	0.943418
62	133	0.785388
62	152	1.06692
62	169	0.849957
62	177	1.00578
63	22	0.666431
63	52	0.728231
63	126	0.306913
63	127	0.451779
63	131	1.25377
63	153	0.421266
63	154	1.23304
63	156	1.16369
63	157	1.17576
63	159	1.21532
63	172	1.17906
63	173	1.13836
63	175	1.14375
63	178	1.10383
63	179	1.09145
63	180	1.09147
64	54	0.54684
64	59	1.24574
64	65	0.49986
64	77	1.28111
64	79	0.526987
64	84	1.20458
64	86	1.20413
64	114	0.516355
64	149	1.22968
64	164	0.311757
64	165	1.22151
64	171	1.08769
64	172	1.14078
64	178	1.06555
64	179	1.05317
64	180	1.05319
65	2	1.01895
65	12	1.16814
65	14	1.1719
65	18	1.16853
65	39	1.20964
65	44	1.17247
65	49	1.1704
65	53	1.17217
65	64	0.49986
65	66	1.08995
65	67	1.09005
65	145	1.14908
65	148	0.70626
65	151	1.01104
65	154	0.82446
65	168	0.830916
65	180	1.3586
66	2	1.01905
66	12	1.16823
66	14	1.172
66	18	1.16863
66	39	1.20974
66	44	1.17257
66	49	1.1705
66	53	1.17226
66	65	1.08995
66	67	1.09014
66	145	1.14918
66	151	1.01114
66	152	0.724126
66	156	0.736099
66	166	0.590294
66	174	1.5907
66	175	0.80205
67	2	1.01915
67	12	1.16833
67	14	1.17209
67	18	1.16872
67	39	1.20983
67	44	1.17266
67	49	1.17059
67	53	1.17236
67	65	1.09005
67	66	1.09014
67	99	0.764682
67	102	0.716694
67	145	1.14927
67	148	0.784849
67	151	1.01123
67	167	0.972683
67	173	1.18513
68	76	0.687652
68	82	0.639206
68	84	0.697111
68	113	0.567951
68	121	1.12232
68	129	1.19132
68	148	1.16129
68	157	1.05388
68	162	1.02516
68	163	1.05232
68	166	1.08559
68	173	1.01648
68	174	0.937502
68	175	1.02187
68	178	0.981955
68	179	0.969575
68	180	0.969598
69	11	1.3368
69	21	1.16957
69	23	1.15874
69	41	1.23202
69	51	1.20923
69	62	1.2659
69	71	1.25314
69	74	1.24614
69	78	1.22426
69	79	1.32487
69	138	0.727599
69	139	0.638989
69	143	0.698914
69	152	1.16919
69	154	0.597218
69	161	0.846946
69	180	1.13136
70	29	0.795008
70	42	1.1462
70	98	0.705088
70	111	1.07879
70	117	0.68047
70	131	1.1173
70	138	1.06746
70	141	0.592846
70	148	1.14669
70	169	1.11369
70	170	1.06253
70	172	1.0426
70	173	1.00189
70	176	0.952123
70	178	0.967363
70	179	0.954983
70	180	0.955006
71	15	1.23119
71	21	1.05453
71	23	1.0437
71	41	1.11699
71	51	1.09419
71	62	1.15086
71	69	1.25314
71	74	1.1311
71	78	1.10923
71	79	1.20983
71	99	1.13903
71	122	0.968213
71	152	1.05416
71	155	0.862264
71	158	0.945607
71	163	0.917653
71	169	0.711671
72	4	1.06316
72	17	1.07657
72	30	1.04877
72	46	1.08614
72	59	1.17126
72	73	1.13789
72	77	1.20664
72	95	0.694798
72	97	1.1511
72	127	1.19297
72	145	0.705608
72	146	0.75076
72	149	1.15521
72	153	1.16028
72	165	1.14704
72	170	0.871448
72	176	1.38092
73	17	1.07884
73	30	1.05104
73	46	1.08842
73	59	1.17353
73	72	1.13789
73	77	1.20891
73	97	1.15337
73	112	0.615778
73	122	1.03136
73	127	1.19524
73	142	0.731591
73	146	0.837579
73	149	1.15748
73	153	1.16255
73	160	1.02937
73	165	1.14931
73	175	1.17586
74	11	1.21476
74	15	1.22419
74	21	1.04753
74	23	1.03671
74	41	1.10999
74	42	0.768001
74	51	1.0872
74	62	1.14386
74	69	1.24614
74	71	1.1311
74	78	1.10223
74	79	1.20284
74	109	0.82053
74	144	0.775902
74	147	0.888041
74	152	1.04716
74	169	0.942787
75	39	0.932152
75	105	1.03294
75	121	1.03802
75	131	1.04759
75	134	1.0283
75	138	0.997752
75	141	1.01101
75	142	1.11649
75	154	1.02687
75	159	1.00914
75	160	0.973536
75	172	0.972885
75	174	0.853199
75	176	0.882413
75	178	0.897653
75	179	0.885272
75	180	0.885295
76	68	0.687652
76	108	1.18044
76	110	1.10746
76	111	0.755176
76	114	1.09623
76	118	1.07183
76	119	1.07044
76	123	1.11481
76	124	1.15531
76	125	1.13542
76	126	1.13149
76	128	1.13554
76	132	1.10087
76	137	1.10349
76	154	0.783233
76	167	0.852868
76	177	1.01627
76	180	1.31737
77	4	1.13418
77	17	1.14758
77	30	1.11978
77	46	1.15716
77	59	1.24228
77	64	1.28111
77	72	1.20664
77	73	1.20891
77	97	1.22212
77	115	0.793222
77	142	0.561401
77	146	0.667389
77	149	1.22623
77	150	0.693991
77	153	1.23129
77	165	1.21806
77	166	0.793913
77	176	1.29755
78	11	1.19289
78	15	1.20232
78	21	1.02566
78	23	1.01483
78	41	1.08812
78	51	1.06532
78	54	1.04704
78	62	1.12199
78	69	1.22426
78	71	1.10923
78	74	1.10223
78	79	1.18096
78	81	0.688161
78	112	0.729528
78	121	0.987022
78	138	1.12859
78	152	1.02529
78	159	1.0575
79	15	1.30292
79	23	1.11544
79	41	1.18872
79	51	1.16593
79	54	1.14764
79	60	0.499829
79	62	1.22259
79	64	0.526987
79	69	1.32487
79	71	1.20983
79	74	1.20284
79	78	1.18096
79	99	1.21077
79	101	0.603606
79	129	0.686252
79	152	1.12589
79	156	1.07704
79	177	0.992907
80	108	1.15766
80	110	1.08468
80	114	1.07345
80	118	1.04905
80	119	1.04766
80	123	1.09203
80	124	1.13253
80	125	1.11264
80	126	1.10871
80	128	1.11276
80	132	1.07808
80	137	1.08071
80	150	0.904971
80	159	0.984541
80	165	1.09277
80	167	0.994882
80	168	0.931704
80	170	0.999057
80	177	0.99349
81	41	0.467566
81	42	1.2888
81	78	0.688161
81	89	0.598951
81	93	0.506204
81	96	0.407755
81	129	1.31933
81	130	1.24417
81	157	1.18189
81	161	1.17442
81	164	0.32631
81	168	1.20929
81	173	1.14449
81	174	1.06551
81	176	1.09473
81	177	1.16665
81	178	1.10997
81	179	1.09759
81	180	1.09761
82	8	1.11546
82	13	0.527968
82	20	1.24257
82	25	1.18587
82	50	1.13319
82	56	1.21091
82	61	1.19732
82	68	0.639206
82	130	0.749186
82	134	0.809452
82	139	1.14039
82	141	1.2063
82	149	1.19298
82	150	1.15454
82	152	1.09069
82	155	1.09655
82	157	0.917621
82	161	0.984516
82	164	1.22206
83	26	1.14592
83	40	0.51507
83	52	1.20266
83	90	1.19403
83	93	1.1692
83	94	1.1634
83	96	1.15578
83	100	1.14994
83	104	1.17943
83	107	1.09297
83	113	1.18509
83	117	1.23016
83	120	1.16338
83	121	0.734621
83	157	0.92864
83	159	0.805101
83	164	1.19995
83	166	0.825454
83	171	1.02336
84	5	1.22791
84	6	1.21157
84	10	1.20522
84	27	1.14628
84	31	1.21091
84	33	1.11318
84	35	1.11334
84	43	1.0725
84	64	1.20458
84	68	0.697111
84	86	1.12414
84	97	1.14559
84	99	0.654325
84	133	1.1321
84	139	1.0971
84	155	0.928779
84	167	0.862327
84	168	0.799149
84	171	1.0077
84	173	1.07478
85	34	1.16008
85	55	1.20428
85	57	1.08286
85	58	0.61061
85	87	1.16971
85	91	1.14616
85	92	1.11431
85	98	1.17663
85	129	0.731668
85	133	1.15815
85	142	0.744136
85	145	1.1925
85	146	1.1377
85	147	0.827751
85	150	1.1373
85	151	1.05278
85	153	1.18081
85	155	1.03309
85	167	1.08347
85	177	1.06829
86	5	1.22745
86	6	1.21111
86	7	1.12613
86	10	1.20477
86	27	1.14583
86	31	1.21046
86	33	1.11272
86	35	1.11288
86	43	1.07204
86	64	1.20413
86	84	1.12414
86	97	1.14513
86	112	0.557774
86	116	0.689004
86	133	1.13164
86	134	0.901117
86	139	1.09665
86	147	0.757202
86	171	1.00724
86	172	0.95985
87	34	1.15311
87	37	1.27663
87	57	1.07588
87	85	1.16971
87	91	1.13918
87	92	1.10734
87	98	1.16966
87	99	0.688567
87	130	0.841332
87	133	1.15117
87	139	0.868705
87	144	0.645544
87	145	1.18552
87	146	1.13073
87	150	1.13032
87	153	1.17384
87	161	1.07666
87	167	1.0765
87	173	1.10902
87	177	1.06132
88	27	0.846614
88	103	0.862049
88	109	1.15359
88	115	1.00176
88	130	1.06022
88	131	1.07595
88	132	0.797831
88	142	1.14484
88	149	0.887314
88	156	0.985865
88	158	0.989217
88	162	0.96921
88	163	0.996373
88	168	1.02533
88	170	1.02117
88	171	0.948148
88	174	0.881556
88	178	0.92601
88	179	0.913629
88	180	0.913652
89	16	1.06162
89	29	1.13863
89	32	1.12767
89	47	1.1704
89	81	0.598951
89	97	1.1304
89	101	0.661017
89	103	1.1825
89	106	1.15793
89	127	1.17227
89	134	0.983662
89	141	1.14783
89	149	1.13451
89	154	0.908997
89	155	1.03808
89	158	1.12843
89	164	1.16359
89	165	1.12634
89	167	1.04224
89	168	0.915454
89	171	0.992512
90	1	1.24327
90	83	1.19403
90	93	1.19629
90	94	1.19049
90	96	1.18288
90	100	1.17703
90	104	1.20652
90	105	1.21323
90	107	1.12006
90	113	1.21218
90	117	1.25725
90	120	1.19047
90	139	0.687992
90	142	0.493355
90	152	0.8597
90	153	1.20303
90	159	0.705515
90	164	1.22704
90	169	0.631715
90	178	1.08992
90	179	1.17444
91	19	1.09848
91	34	1.12955
91	57	1.05232
91	60	1.25171
91	85	1.14616
91	87	1.13918
91	92	1.08378
91	98	1.1461
91	133	1.12762
91	142	0.703331
91	145	1.16196
91	146	1.10717
91	148	0.737997
91	150	1.10677
91	153	1.15028
91	160	1.00111
91	167	1.05294
91	169	0.841691
91	172	0.989594
91	175	1.1476
91	177	1.03776
92	19	1.06664
92	34	1.09771
92	37	1.22123
92	55	1.14191
92	57	1.02048
92	60	1.21986
92	85	1.11431
92	87	1.10734
92	91	1.08378
92	98	1.11426
92	133	1.09577
92	139	0.803366
92	143	0.86329
92	145	1.13012
92	146	1.07533
92	148	0.643395
92	150	1.07492
92	167	1.0211
92	170	0.835405
92	177	1.00592
92	178	1.2053
92	180	1.29573
93	36	1.12393
93	52	1.20491
93	60	0.464493
93	81	0.506204
93	83	1.1692
93	90	1.19629
93	94	1.16565
93	96	1.15804
93	100	1.1522
93	104	1.18168
93	105	1.18839
93	107	1.09522
93	113	1.18735
93	117	1.23241
93	120	1.16563
93	143	0.917946
93	153	1.17819
93	159	0.875545
93	164	1.2022
93	166	0.895897
93	169	0.801745
93	177	0.957572
94	1	1.21263
94	36	1.11814
94	45	0.835011
94	52	1.19912
94	83	1.1634
94	90	1.19049
94	93	1.16565
94	100	1.1464
94	104	1.17589
94	105	1.1826
94	107	1.08942
94	113	1.18155
94	117	1.22661
94	120	1.15983
94	127	1.20509
94	135	0.599906
94	139	0.740269
94	140	0.575603
94	152	0.911977
94	153	1.17239
94	173	0.980583
94	175	0.9899
95	6	0.786469
95	72	0.694798
95	103	0.581566
95	106	0.490104
95	109	1.24497
95	122	1.0554
95	141	0.500726
95	147	1.17258
95	148	1.19672
95	158	1.0806
95	159	1.12888
95	160	1.09328
95	163	1.08776
95	165	0.532244
95	168	1.11672
95	169	1.16372
95	172	1.09262
95	173	1.05192
95	175	1.05731
95	178	1.01739
95	179	1.00501
95	180	1.00503
96	22	1.05783
96	36	1.11052
96	52	1.1915
96	81	0.407755
96	83	1.15578
96	90	1.18288
96	93	1.15804
96	100	1.13879
96	104	1.16827
96	105	1.17498
96	107	1.08181
96	113	1.17394
96	117	1.219
96	120	1.15222
96	122	1.03359
96	127	1.19747
96	131	0.67991
96	145	0.625772
96	151	0.87358
96	164	1.18879
96	171	0.995356
96	173	0.999887
96	180	1.25194
97	4	1.07864
97	35	1.13433
97	46	1.10162
97	72	1.1511
97	73	1.15337
97	77	1.22212
97	84	1.14559
97	86	1.14513
97	89	1.1304
97	103	1.21868
97	106	1.19411
97	127	1.20845
97	129	0.631687
97	130	0.811419
97	139	1.1181
97	144	0.615631
97	145	0.704992
97	164	1.19977
97	165	1.16252
97	171	1.02869
97	172	0.930419
97	175	1.08842
97	178	1.24072
98	13	1.1549
98	19	1.12895
98	34	1.16002
98	37	1.28355
98	55	1.20423
98	57	1.0828
98	70	0.705088
98	85	1.17663
98	87	1.16966
98	91	1.1461
98	92	1.11426
98	133	1.15809
98	134	0.790472
98	146	1.13764
98	150	1.13724
98	153	1.18075
98	157	0.89864
98	161	0.965535
98	167	1.08342
98	169	0.701302
98	170	0.789618
98	171	0.993362
98	177	1.06824
99	8	0.972581
99	23	1.04464
99	29	1.16151
99	51	1.09513
99	62	1.15179
99	67	0.764682
99	71	1.13903
99	79	1.21077
99	84	0.654325
99	87	0.688567
99	106	1.1808
99	110	0.544641
99	115	1.069
99	117	0.552822
99	157	1.06517
99	163	1.06361
99	164	1.18646
99	167	1.06511
99	171	1.01539
99	176	0.978007
99	178	0.993247
99	179	0.980867
99	180	0.98089
100	22	1.05199
100	36	1.10468
100	52	1.18566
100	83	1.14994
100	90	1.17703
100	93	1.1522
100	94	1.1464
100	96	1.13879
100	104	1.16243
100	105	1.16914
100	107	1.07597
100	113	1.16809
100	117	1.21316
100	120	1.14638
100	131	0.787239
100	138	0.955511
100	144	0.643741
100	147	0.755879
100	153	1.15894
100	157	1.00796
100	164	1.18295
100	170	0.898941
100	177	0.966452
101	32	0.738314
101	44	0.61085
101	52	0.749074
101	79	0.603606
101	89	0.661017
101	135	1.25119
101	140	1.3025
101	144	1.28478
101	153	0.442108
101	156	1.13701
101	163	1.14752
101	165	0.387103
101	166	1.18079
101	168	1.17648
101	169	1.22348
101	172	1.15239
101	173	1.11168
101	174	1.0327
101	175	1.11707
101	176	1.06191
101	178	1.07715
101	179	1.06477
101	180	1.0648
102	14	0.727754
102	31	0.477302
102	67	0.716694
102	106	0.406588
102	113	0.477178
102	126	0.38938
102	128	0.574673
102	144	1.29211
102	154	1.21369
102	156	1.14434
102	157	1.1564
102	160	1.16036
102	166	1.18812
102	167	1.15635
102	168	1.1838
102	170	1.17964
102	171	1.10662
102	172	1.15971
102	175	1.1244
102	176	1.06924
102	178	1.08448
102	179	1.0721
102	180	1.07212
103	16	1.1499
103	24	0.541856
103	29	1.22692
103	32	1.21595
103	40	0.453668
103	42	0.495113
103	47	1.25868
103	54	1.14225
103	58	1.27474
103	88	0.862049
103	89	1.1825
103	95	0.581566
103	97	1.21868
103	106	1.24621
103	141	1.23611
103	149	1.22279
103	155	1.12636
103	158	0.903835
103	163	0.875882
103	164	1.25187
103	165	1.21462
103	167	1.13052
103	168	0.690862
103	171	1.0808
104	22	1.08147
104	26	1.15841
104	36	1.13417
104	52	1.21515
104	58	0.519892
104	83	1.17943
104	90	1.20652
104	93	1.18168
104	94	1.17589
104	96	1.16827
104	100	1.16243
104	105	1.19863
104	107	1.10545
104	113	1.19758
104	117	1.24264
104	120	1.17586
104	131	0.768392
104	140	0.68339
104	144	0.624894
104	153	1.18842
104	157	0.989117
104	164	1.21244
104	167	0.875919
104	170	0.880095
104	173	1.08837
105	22	1.08819
105	26	1.16512
105	36	1.14088
105	75	1.03294
105	90	1.21323
105	93	1.18839
105	94	1.1826
105	96	1.17498
105	100	1.16914
105	104	1.19863
105	107	1.11216
105	113	1.20429
105	117	1.24936
105	120	1.18257
105	122	1.06394
105	127	1.22783
105	133	0.546421
105	152	0.838975
105	153	1.19513
105	154	0.625496
105	158	0.844925
105	159	0.68479
105	164	1.21915
105	166	0.705142
105	179	1.15371
106	16	1.12532
106	29	1.20234
106	32	1.19138
106	47	1.2341
106	54	1.11768
106	89	1.15793
106	95	0.490104
106	97	1.19411
106	99	1.1808
106	102	0.406588
106	103	1.24621
106	122	0.834979
106	127	1.23598
106	141	1.21153
106	148	0.474744
106	149	1.19822
106	155	1.10178
106	157	0.775776
106	160	0.737857
106	161	0.842671
106	164	1.2273
106	165	1.19005
106	167	1.10595
106	171	1.05622
106	174	1.673
107	1	1.1422
107	22	0.995012
107	36	1.0477
107	52	1.12868
107	83	1.09297
107	90	1.12006
107	93	1.09522
107	94	1.08942
107	96	1.08181
107	100	1.07597
107	104	1.10545
107	105	1.11216
107	113	1.11112
107	117	1.15618
107	120	1.0894
107	122	0.970768
107	127	1.13465
107	144	0.559598
107	153	1.10196
107	155	0.877075
107	157	0.923821
107	164	1.12597
107	167	0.810623
107	168	0.747445
107	174	1.82104
107	177	0.882309
108	76	1.18044
108	80	1.15766
108	109	0.625285
108	110	1.21526
108	111	0.733989
108	114	1.20403
108	118	1.17963
108	119	1.17824
108	122	1.00408
108	123	1.22261
108	124	1.26311
108	125	1.24322
108	126	1.23929
108	128	1.24334
108	130	0.776445
108	132	1.20866
108	137	1.21129
108	143	0.863743
108	144	0.580657
108	151	1.11023
108	154	0.762047
108	165	1.22335
108	173	1.04413
108	177	1.12407
109	15	0.542723
109	16	0.58426
109	18	0.463767
109	49	0.629103
109	74	0.82053
109	88	1.15359
109	95	1.24497
109	108	0.625285
109	116	1.25338
109	120	0.631954
109	135	1.24815
109	143	1.1798
109	146	1.2002
109	147	1.22929
109	159	1.1856
109	162	1.11731
109	164	0.499594
109	166	1.17774
109	168	1.17343
109	172	1.14934
109	173	1.10863
109	175	1.11402
109	176	1.05887
109	178	1.07411
109	179	1.06172
109	180	1.06175
110	9	1.19867
110	38	1.11783
110	48	1.09267
110	76	1.10746
110	80	1.08468
110	99	0.544641
110	108	1.21526
110	114	1.13105
110	118	1.10665
110	119	1.10526
110	123	1.14963
110	124	1.19013
110	125	1.17024
110	126	1.16631
110	128	1.17036
110	132	1.13568
110	137	1.13831
110	140	0.560113
110	146	1.12049
110	159	0.742302
110	161	0.932736
110	165	1.15037
110	166	0.762654
110	175	0.974411
110	177	1.05109
110	178	1.12671
110	179	1.21122
111	2	0.999709
111	6	0.86125
111	17	1.08136
111	34	0.968512
111	70	1.07879
111	76	0.755176
111	108	0.733989
111	121	1.09832
111	130	1.09216
111	138	1.05805
111	143	1.06365
111	157	1.02988
111	159	1.06945
111	160	1.03384
111	161	1.02241
111	162	1.00116
111	163	1.02832
111	166	1.06159
111	168	1.05728
111	169	1.10429
111	172	1.03319
111	173	0.992482
111	174	0.913502
111	175	0.997871
111	178	0.957955
111	179	0.945575
111	180	0.945598
112	8	0.842269
112	34	0.727891
112	62	0.595783
112	73	0.615778
112	78	0.729528
112	86	0.557774
112	115	1.14493
112	117	0.42251
112	134	1.19982
112	137	0.497908
112	143	1.17487
112	147	1.22436
112	148	1.24851
112	151	1.11203
112	159	1.18067
112	160	1.14506
112	161	1.13363
112	163	1.13954
112	166	1.17282
112	168	1.1685
112	170	1.16434
112	174	1.02472
112	175	1.10909
112	176	1.05394
112	178	1.06918
112	179	1.0568
112	180	1.05682
113	1	1.23432
113	22	1.08714
113	26	1.16408
113	36	1.13983
113	68	0.567951
113	83	1.18509
113	90	1.21218
113	93	1.18735
113	94	1.18155
113	96	1.17394
113	100	1.16809
113	102	0.477178
113	104	1.19758
113	105	1.20429
113	107	1.11112
113	116	0.526083
113	117	1.24831
113	120	1.18153
113	122	1.06289
113	127	1.22678
113	153	1.19409
113	162	0.933345
113	163	0.855009
113	164	1.2181
113	166	0.743179
113	167	0.733167
113	171	0.941087
113	176	1.24681
114	38	1.1066
114	48	1.08144
114	54	1.06677
114	58	1.19926
114	64	0.516355
114	76	1.09623
114	80	1.07345
114	108	1.20403
114	110	1.13105
114	118	1.09542
114	119	1.09403
114	123	1.1384
114	124	1.1789
114	125	1.15901
114	126	1.15508
114	128	1.15913
114	132	1.12446
114	134	0.915618
114	137	1.12708
114	142	0.688088
114	150	0.820678
114	151	1.02602
114	158	1.06038
114	165	1.13914
114	166	0.9206
114	172	0.974351
114	175	1.13236
114	177	1.03986
115	10	0.919908
115	24	1.09598
115	62	0.943418
115	77	0.793222
115	88	1.00176
115	99	1.069
115	112	1.14493
115	117	0.770144
115	132	0.699142
115	137	0.845543
115	138	1.02238
115	140	1.14763
115	142	1.14111
115	144	1.12991
115	150	1.04797
115	157	0.994202
115	159	1.03377
115	162	0.965477
115	168	1.0216
115	169	1.06861
115	170	1.01744
115	172	0.99751
115	174	0.877824
115	175	0.962193
115	176	0.907037
115	178	0.922277
115	179	0.909897
115	180	0.90992
116	47	0.466974
116	86	0.689004
116	109	1.25338
116	113	0.526083
116	125	0.588509
116	128	0.623578
116	129	1.23516
116	135	1.19984
116	137	0.629138
116	144	1.23343
116	148	1.20513
116	149	0.572221
116	154	1.15501
116	158	1.08901
116	159	1.13729
116	160	1.10168
116	162	1.069
116	163	1.09616
116	164	0.498907
116	166	1.12944
116	168	1.12512
116	170	1.12096
116	172	1.10103
116	175	1.06571
116	176	1.01056
116	178	1.0258
116	179	1.01342
116	180	1.01344
117	1	1.27939
117	22	1.1322
117	26	1.20914
117	36	1.18489
117	52	1.26587
117	70	0.68047
117	83	1.23016
117	90	1.25725
117	93	1.23241
117	94	1.22661
117	96	1.219
117	99	0.552822
117	100	1.21316
117	104	1.24264
117	105	1.24936
117	107	1.15618
117	112	0.42251
117	113	1.24831
117	115	0.770144
117	120	1.22659
117	122	1.10796
117	151	0.846968
117	153	1.23915
117	164	1.26316
117	166	0.770835
117	167	0.760824
117	168	0.697646
117	169	0.676683
117	177	0.83251
118	9	1.16305
118	48	1.05705
118	58	1.17486
118	76	1.07183
118	80	1.04905
118	108	1.17963
118	110	1.10665
118	114	1.09542
118	119	1.06963
118	123	1.114
118	124	1.1545
118	125	1.13461
118	126	1.13069
118	128	1.13473
118	131	0.854273
118	132	1.10006
118	137	1.10269
118	141	1.13623
118	142	0.739299
118	146	1.08487
118	148	0.773965
118	150	0.871889
118	151	1.00163
118	155	1.02825
118	160	1.03708
118	165	1.11474
118	170	0.965975
118	171	1.16972
118	177	1.01546
119	3	1.1519
119	9	1.16166
119	13	1.10073
119	76	1.07044
119	80	1.04766
119	108	1.17824
119	110	1.10526
119	114	1.09403
119	118	1.06963
119	123	1.11261
119	124	1.15311
119	125	1.13322
119	126	1.12929
119	128	1.13334
119	130	0.815468
119	132	1.09866
119	135	0.702479
119	137	1.10129
119	140	0.678175
119	141	1.13483
119	143	0.902765
119	146	1.08348
119	151	1.00023
119	152	1.01455
119	165	1.11335
119	170	0.87488
119	171	1.07862
119	176	1.38435
119	177	1.01407
120	1	1.21261
120	22	1.06542
120	26	1.14236
120	36	1.11811
120	52	1.19909
120	83	1.16338
120	90	1.19047
120	93	1.16563
120	94	1.15983
120	96	1.15222
120	100	1.14638
120	104	1.17586
120	105	1.18257
120	107	1.0894
120	109	0.631954
120	113	1.18153
120	117	1.22659
120	122	1.04118
120	127	1.20506
120	136	0.995908
120	142	0.615851
120	145	0.676687
120	147	0.699465
120	151	0.924495
120	153	1.17237
120	155	0.904804
120	164	1.19638
120	173	1.0508
120	177	0.910038
121	26	0.791131
121	38	0.721949
121	68	1.12232
121	75	1.03802
121	78	0.987022
121	83	0.734621
121	111	1.09832
121	123	0.641247
121	129	1.19626
121	143	1.09259
121	153	0.678902
121	156	1.04675
121	157	1.05882
121	158	1.0501
121	159	1.09839
121	160	1.06278
121	161	1.05135
121	162	1.0301
121	164	0.62517
121	166	1.09053
121	167	1.05876
121	169	1.13323
121	172	1.06213
121	174	0.942442
121	175	1.02681
121	176	0.971655
121	178	0.986895
121	179	0.974515
121	180	0.974538
122	1	1.09398
122	27	0.911005
122	30	0.942229
122	46	0.979605
122	54	1.11347
122	59	1.06472
122	71	0.968213
122	73	1.03136
122	95	1.0554
122	96	1.03359
122	105	1.06394
122	106	0.834979
122	107	0.970768
122	108	1.00408
122	113	1.06289
122	117	1.10796
122	120	1.04118
122	124	0.972728
122	149	1.04867
122	150	1.01023
122	152	0.946381
122	153	1.05374
122	165	1.0405
122	168	0.98386
122	172	0.959768
122	173	0.919062
122	175	0.924451
122	178	0.884536
122	179	0.872155
122	180	0.872178
123	3	1.19628
123	38	1.12518
123	48	1.10002
123	54	1.08535
123	76	1.11481
123	80	1.09203
123	108	1.22261
123	110	1.14963
123	114	1.1384
123	118	1.114
123	119	1.11261
123	121	0.641247
123	124	1.19748
123	125	1.17759
123	126	1.17366
123	128	1.17771
123	132	1.14304
123	137	1.14566
123	141	1.17921
123	143	0.754129
123	145	0.560404
123	146	1.12785
123	158	0.871863
123	161	0.902161
123	165	1.15772
123	167	0.722068
123	171	0.929988
123	177	1.05844
123	178	1.09613
123	179	1.18065
124	3	1.23677
124	9	1.24653
124	24	0.588142
124	38	1.16568
124	42	0.5414
124	48	1.14052
124	76	1.15531
124	80	1.13253
124	108	1.26311
124	110	1.19013
124	114	1.1789
124	118	1.1545
124	119	1.15311
124	122	0.972728
124	123	1.19748
124	125	1.21809
124	126	1.21416
124	128	1.21821
124	129	0.565358
124	132	1.18353
124	137	1.18616
124	146	1.16834
124	147	0.661441
124	150	0.710416
124	151	1.0851
124	154	0.730692
124	155	0.866779
124	165	1.19822
124	169	0.716186
124	177	1.09894
124	180	1.26483
125	3	1.21688
125	9	1.22664
125	38	1.14579
125	48	1.12063
125	76	1.13542
125	80	1.11264
125	108	1.24322
125	110	1.17024
125	114	1.15901
125	116	0.588509
125	118	1.13461
125	119	1.13322
125	123	1.17759
125	124	1.21809
125	126	1.19427
125	128	1.19832
125	132	1.16364
125	133	0.646883
125	135	0.627367
125	137	1.16627
125	138	0.856338
125	141	1.19981
125	146	1.14845
125	150	0.705682
125	151	1.06521
125	156	0.95141
125	158	0.945388
125	160	0.870872
125	162	0.99577
125	165	1.17833
125	175	1.01736
125	177	1.07905
126	3	1.21296
126	7	0.875417
126	13	1.16179
126	38	1.14186
126	48	1.11671
126	60	1.28907
126	63	0.306913
126	76	1.13149
126	80	1.10871
126	102	0.38938
126	108	1.23929
126	110	1.16631
126	114	1.15508
126	118	1.13069
126	119	1.12929
126	123	1.17366
126	124	1.21416
126	125	1.19427
126	128	1.19439
126	131	0.537844
126	132	1.15972
126	136	0.802926
126	137	1.16235
126	138	0.706115
126	141	1.19589
126	151	1.06128
126	161	0.825463
126	165	1.1744
126	170	0.649546
126	174	1.65579
126	177	1.07512
126	180	1.10987
127	4	1.12051
127	17	1.13391
127	32	1.20572
127	46	1.14349
127	52	1.24435
127	63	0.451779
127	72	1.19297
127	73	1.19524
127	89	1.17227
127	94	1.20509
127	96	1.19747
127	97	1.20845
127	105	1.22783
127	106	1.23598
127	107	1.13465
127	113	1.22678
127	120	1.20506
127	134	0.795266
127	140	0.597707
127	146	0.673724
127	148	0.602402
127	153	1.21762
127	155	1.11612
127	159	0.779896
127	165	1.20439
127	167	1.12029
127	169	0.706096
127	171	1.07056
127	176	1.30388
127	177	0.861923
127	180	1.25474
128	3	1.21701
128	9	1.22676
128	38	1.14591
128	48	1.12075
128	76	1.13554
128	80	1.11276
128	102	0.574673
128	108	1.24334
128	110	1.17036
128	114	1.15913
128	116	0.623578
128	118	1.13473
128	119	1.13334
128	123	1.17771
128	124	1.21821
128	125	1.19832
128	126	1.19439
128	132	1.16377
128	137	1.16639
128	141	1.19994
128	143	0.862723
128	144	0.579637
128	145	0.668998
128	146	1.14858
128	151	1.06533
128	156	0.98648
128	162	1.03084
128	165	1.17845
128	169	0.746522
128	172	0.894425
128	175	1.05243
128	177	1.07917
129	1	0.712777
129	33	0.691155
129	44	0.693496
129	48	0.539629
129	68	1.19132
129	79	0.686252
129	81	1.31933
129	85	0.731668
129	97	0.631687
129	116	1.23516
129	121	1.19626
129	124	0.565358
129	131	1.20583
129	132	0.454853
129	134	1.18654
129	140	1.28124
129	150	1.18158
129	151	1.09874
129	154	1.18511
129	157	1.12782
129	161	1.12034
129	162	1.09909
129	165	0.469749
129	166	1.15953
129	168	1.15522
129	169	1.20222
129	170	1.15106
129	173	1.09042
129	174	1.01144
129	176	1.04065
129	178	1.05589
129	179	1.04351
129	180	1.04354
130	35	0.781702
130	53	0.717346
130	81	1.24417
130	82	0.749186
130	87	0.841332
130	88	1.06022
130	97	0.811419
130	108	0.776445
130	111	1.09216
130	119	0.815468
130	134	1.11138
130	136	1.07562
130	144	1.18836
130	147	1.13592
130	153	0.704486
130	154	1.10994
130	155	1.04843
130	156	1.04059
130	158	1.04394
130	159	1.09222
130	160	1.05662
130	161	1.04518
130	163	1.05109
130	166	1.08437
130	168	1.08006
130	170	1.0759
130	175	1.02065
130	176	0.965492
130	177	1.03742
130	178	0.980732
130	179	0.968352
130	180	0.968375
131	5	0.683132
131	37	0.59852
131	57	0.954891
131	63	1.25377
131	70	1.1173
131	75	1.04759
131	88	1.07595
131	96	0.67991
131	100	0.787239
131	104	0.768392
131	118	0.854273
131	126	0.537844
131	129	1.20583
131	136	1.09135
131	137	0.728696
131	142	1.2153
131	144	1.20409
131	148	1.17579
131	154	1.12568
131	158	1.05967
131	159	1.10796
131	161	1.06092
131	162	1.03966
131	166	1.1001
131	168	1.09579
131	169	1.14279
131	170	1.09163
131	173	1.03099
131	174	0.95201
131	175	1.03638
131	176	0.981224
131	178	0.996464
131	179	0.984083
131	180	0.984107
132	3	1.18233
132	9	1.19208
132	38	1.11124
132	45	0.7567
132	48	1.08608
132	54	1.0714
132	60	1.25844
132	76	1.10087
132	80	1.07808
132	88	0.797831
132	108	1.20866
132	110	1.13568
132	114	1.12446
132	115	0.699142
132	118	1.10006
132	119	1.09866
132	123	1.14304
132	124	1.18353
132	125	1.16364
132	126	1.15972
132	128	1.16377
132	129	0.454853
132	137	1.13172
132	141	1.16526
132	146	1.1139
132	151	1.03066
132	152	0.833666
132	161	0.869915
132	165	1.14378
132	170	0.693998
132	171	0.897742
132	175	0.91159
132	177	1.0445
132	179	1.1484
133	6	1.21908
133	12	0.691634
133	27	1.15379
133	31	1.21842
133	32	0.907219
133	44	0.779755
133	50	0.705046
133	55	1.18574
133	56	0.747821
133	59	0.789833
133	62	0.785388
133	84	1.1321
133	85	1.15815
133	86	1.13164
133	87	1.15117
133	91	1.12762
133	92	1.09577
133	98	1.15809
133	105	0.546421
133	125	0.646883
133	136	1.08795
133	139	1.10461
133	142	1.2119
133	145	1.17396
133	162	1.03627
133	168	1.09239
133	171	1.01521
133	174	0.948613
133	176	0.977827
133	177	1.04975
133	178	0.993067
133	179	0.980686
133	180	0.980709
134	39	0.599372
134	45	1.06673
134	55	0.805041
134	75	1.0283
134	82	0.809452
134	86	0.901117
134	89	0.983662
134	98	0.790472
134	112	1.19982
134	114	0.915618
134	127	0.795266
134	129	1.18654
134	130	1.11138
134	135	1.15121
134	136	1.07206
134	138	1.07727
134	147	1.13235
134	157	1.04909
134	158	1.04038
134	161	1.04162
134	162	1.02037
134	163	1.04753
134	166	1.08081
134	169	1.1235
134	170	1.07233
134	172	1.0524
134	173	1.0117
134	174	0.932716
134	175	1.01709
134	176	0.96193
134	178	0.97717
134	179	0.964789
134	180	0.964812
135	6	0.790717
135	16	0.622432
135	43	0.886289
135	44	0.760239
135	56	0.728304
135	94	0.599906
135	101	1.25119
135	109	1.24815
135	116	1.19984
135	119	0.702479
135	125	0.627367
135	134	1.15121
135	136	1.11545
135	138	1.12067
135	147	1.17575
135	148	1.1999
135	154	1.14978
135	155	1.08827
135	158	1.08377
135	159	1.13206
135	161	1.08502
135	162	1.06377
135	163	1.09093
135	164	0.537766
135	165	0.536492
135	166	1.1242
135	167	1.09243
135	169	1.1669
135	172	1.0958
135	173	1.05509
135	174	0.976113
135	175	1.06048
135	176	1.00533
135	178	1.02057
135	179	1.00819
135	180	1.00821
136	3	0.758892
136	25	0.90573
136	27	0.896161
136	33	1.08368
136	39	0.751899
136	41	1.0048
136	120	0.995908
136	126	0.802926
136	130	1.07562
136	131	1.09135
136	133	1.08795
136	134	1.07206
136	135	1.11545
136	143	1.0471
136	145	1.1223
136	146	1.06751
136	147	1.0966
136	154	1.07062
136	156	1.00127
136	157	1.01334
136	158	1.00462
136	159	1.0529
136	160	1.01729
136	163	1.01177
136	166	1.04505
136	168	1.04074
136	169	1.08774
136	170	1.03657
136	172	1.01664
136	173	0.975938
136	174	0.896958
136	175	0.981327
136	176	0.926171
136	178	0.941411
136	179	0.929031
136	180	0.929054
137	3	1.18496
137	9	1.19471
137	13	1.13379
137	38	1.11386
137	48	1.08871
137	54	1.07403
137	58	1.20652
137	60	1.26107
137	76	1.10349
137	80	1.08071
137	108	1.21129
137	110	1.13831
137	112	0.497908
137	114	1.12708
137	115	0.845543
137	116	0.629138
