1	5	0.988187
1	63	1.17979
1	78	0.90008
1	109	0.912014
1	115	0.951696
1	123	1.26935
1	141	0.90904
1	155	1.33433
1	157	0.924226
1	164	0.947443
1	165	0.941344
1	166	0.925969
2	72	0.902693
2	94	0.808841
2	149	0.869
2	165	0.77466
2	168	1.01667
2	171	1.06852
2	172	1.067
2	173	1.08089
2	174	1.02867
2	176	1.05626
2	178	1.02985
2	180	1.05214
3	67	1.03764
3	68	1.07867
3	88	1.07462
3	106	0.986663
3	115	1.05537
3	124	0.900059
3	156	1.0701
3	157	1.0279
3	164	1.05112
3	165	1.04502
3	166	1.02965
3	179	0.884959
4	30	0.936288
4	84	0.952402
4	85	0.934034
4	96	0.962096
4	98	0.962096
4	112	0.987541
4	132	1.08132
4	170	0.975303
4	176	1.17246
4	177	1.22904
4	179	0.99024
5	1	0.988187
5	67	1.04819
5	94	1.05209
5	100	1.05996
5	115	1.06593
5	136	1.0611
5	141	1.02328
5	147	1.10127
5	171	0.935436
5	173	0.89507
5	176	0.963798
5	178	1.04971
6	67	1.09981
6	69	1.22001
6	77	0.939467
6	100	1.09599
6	139	0.964934
6	156	0.921472
6	167	0.96322
6	168	0.898448
6	172	0.948776
6	175	0.918135
6	178	0.911627
6	180	0.933921
7	92	1.02003
7	107	1.10653
7	108	1.03415
7	151	1.0448
7	157	1.04456
7	158	1.05613
7	159	1.04749
7	166	1.0463
7	168	1.08179
7	172	0.879566
7	176	0.89816
7	178	0.984073
8	17	0.973814
8	29	1.05837
8	43	1.0499
8	49	1.12837
8	50	0.777324
8	51	1.12937
8	58	0.998847
8	60	0.998847
8	64	1.06248
8	171	0.944177
8	175	1.06487
8	178	1.05845
9	15	0.915842
9	72	1.00834
9	84	1.04211
9	85	1.02374
9	96	1.0518
9	98	1.0518
9	112	1.07725
9	133	0.965612
9	150	0.965499
9	155	0.995783
9	170	1.06501
9	179	1.07995
10	140	0.994638
10	144	0.973227
10	148	1.04765
10	151	1.04098
10	152	0.911092
10	153	0.964342
10	154	1.06271
10	157	1.04073
10	159	1.04367
10	164	1.06395
10	165	1.05785
10	166	1.04247
11	25	0.985184
11	26	0.996446
11	28	1.06672
11	45	1.07551
11	48	1.03028
11	54	0.919332
11	55	0.989332
11	65	1.08152
11	75	0.955676
11	126	1.03482
11	170	0.976894
11	172	1.02829
11	177	1.10346
12	122	1.01004
12	126	1.06006
12	143	1.0051
12	145	0.780767
12	149	0.998392
12	157	1.00498
12	158	1.01656
12	159	1.00792
12	164	1.0282
12	165	1.0221
12	166	1.00672
12	168	1.25575
12	180	1.04767
13	20	0.992681
13	36	0.959686
13	52	1.03216
13	56	0.909357
13	66	1.0688
13	71	1.03663
13	101	0.780204
13	106	0.940986
13	145	1.05017
13	146	1.50787
13	147	1.04152
13	161	1.009
13	170	0.914345
14	63	0.806154
14	125	1.22073
14	127	1.18924
14	133	0.930519
14	138	1.01796
14	143	1.00411
14	149	0.997401
14	157	1.00399
14	158	1.01557
14	159	1.00692
14	164	1.02721
14	165	1.02111
14	166	1.00573
15	9	0.915842
15	16	0.972557
15	84	0.95747
15	88	0.869202
15	154	1.0402
15	158	1.0298
15	165	1.03534
15	166	1.01997
15	175	0.989289
15	176	1.00919
15	177	0.988358
15	178	0.982782
15	180	1.00508
16	15	0.972557
16	30	0.986774
16	50	0.901103
16	62	0.996111
16	84	1.00289
16	85	0.98452
16	96	1.01258
16	98	1.01258
16	112	1.03803
16	170	1.02579
16	173	1.02759
16	178	1.18223
16	179	1.04073
17	8	0.973814
17	29	0.899291
17	35	0.897215
17	43	0.890827
17	49	0.969291
17	51	0.970293
17	58	0.839771
17	60	0.839771
17	64	0.903407
17	82	0.91632
17	132	1.39563
17	142	1.28654
17	144	1.40068
18	31	0.986355
18	72	0.972544
18	83	0.968862
18	84	1.00631
18	85	0.987947
18	96	1.01601
18	98	1.01601
18	112	1.04145
18	137	0.978885
18	153	1.00558
18	170	1.02922
18	175	1.19289
18	179	1.04415
19	25	0.994417
19	26	1.00568
19	28	1.07595
19	41	1.09422
19	47	0.872338
19	48	1.03951
19	54	0.928564
19	55	0.998564
19	65	1.09075
19	150	1.02309
19	167	1.01253
19	177	1.15377
19	179	0.952141
20	13	0.992681
20	32	0.96396
20	36	0.969428
20	56	0.9191
20	66	1.07854
20	71	1.04637
20	145	1.05991
20	147	1.05127
20	150	0.91363
20	161	1.01874
20	168	1.17136
20	172	0.969141
20	174	1.08743
21	30	1.33257
21	103	0.946989
21	112	1.10335
21	125	0.882682
21	159	1.27998
21	167	0.943488
21	168	0.878716
21	172	0.929044
21	174	0.890716
21	175	0.898403
21	176	0.918302
21	177	0.897472
21	180	0.914189
22	34	1.04084
22	46	0.867319
22	82	0.890212
22	135	0.866917
22	155	1.00965
22	160	1.00919
22	167	1.02996
22	169	1.016
22	172	1.01551
22	173	1.0294
22	175	0.984871
22	176	1.00477
22	180	1.00066
23	32	0.879794
23	71	0.874121
23	113	0.954768
23	135	0.956033
23	162	1.05007
23	163	0.969624
23	169	1.0317
23	173	1.0451
23	174	0.992883
23	175	1.00057
23	177	0.999639
23	178	0.994063
23	180	1.01636
24	29	1.01607
24	35	1.01399
24	43	1.0076
24	49	1.08607
24	58	0.956547
24	60	0.956547
24	64	1.02018
24	73	1.0099
24	82	1.0331
24	83	1.04643
24	90	0.981531
24	124	1.04817
24	162	1.06717
25	11	0.985184
25	19	0.994417
25	41	1.08267
25	45	1.07319
25	48	1.02796
25	54	0.917012
25	55	0.987012
25	65	1.0792
25	75	0.953356
25	106	1.08981
25	145	0.841802
25	175	1.22549
25	179	0.988106
26	11	0.996446
26	19	1.00568
26	28	1.07566
26	41	1.09393
26	47	0.872048
26	48	1.03922
26	50	0.948654
26	54	0.928274
26	55	0.998274
26	65	1.09046
26	145	0.85251
26	176	1.14387
26	177	1.20045
27	32	0.958491
27	36	0.96396
27	52	1.03643
27	56	0.913631
27	66	1.07307
27	71	1.0409
27	145	1.05444
27	147	1.0458
27	161	1.01327
27	167	0.993965
27	169	1.01965
27	171	1.05027
27	176	1.07863
28	11	1.06672
28	19	1.07595
28	26	1.07566
28	41	1.16421
28	45	1.15473
28	54	0.998549
28	55	1.06855
28	65	1.16074
28	75	1.03489
28	95	0.798603
28	103	0.851405
28	155	0.879455
28	163	1.12143
28	170	0.853285
29	8	1.05837
29	17	0.899291
29	24	1.01607
29	35	0.981768
29	43	0.97538
29	51	1.05485
29	58	0.924324
29	60	0.924324
29	64	0.98796
29	73	0.977673
29	170	1.02752
29	173	1.02878
29	174	1.19721
29	175	1.18984
30	4	0.936288
30	16	0.986774
30	21	1.33257
30	31	0.959262
30	39	0.956388
30	72	0.945451
30	85	0.960853
30	96	0.988915
30	98	0.988915
30	112	1.01436
30	126	1.14177
30	142	0.953593
30	170	1.00212
30	179	1.01706
31	18	0.986355
31	30	0.959262
31	33	0.952032
31	40	1.41254
31	62	0.968599
31	63	0.921109
31	72	0.941606
31	96	0.98507
31	98	0.98507
31	112	1.01051
31	160	1.10437
31	162	1.00851
31	170	0.998277
31	179	1.01321
32	20	0.96396
32	23	0.879794
32	27	0.958491
32	36	0.930965
32	52	1.00344
32	56	0.880636
32	66	1.04007
32	71	1.00791
32	123	0.859695
32	145	1.02145
32	146	1.49202
32	147	1.0128
32	161	0.980277
32	168	1.15212
33	31	0.952032
33	62	0.965215
33	84	0.971992
33	85	0.953624
33	95	1.15953
33	96	0.981686
33	97	0.981909
33	98	0.981686
33	112	1.00713
33	145	0.992847
33	161	1.11956
33	162	1.17325
33	170	0.994893
33	179	1.00983
34	22	1.04084
34	37	0.970875
34	61	1.12586
34	133	1.14466
34	138	0.985438
34	149	0.964876
34	152	1.07042
34	154	0.993442
34	157	0.971463
34	158	0.98304
34	159	0.974399
34	164	0.99468
34	165	0.988581
34	166	0.973206
35	17	0.897215
35	24	1.01399
35	29	0.981768
35	43	0.973305
35	49	1.05177
35	51	1.05277
35	58	0.922249
35	60	0.922249
35	64	0.985885
35	82	0.998798
35	133	1.06177
35	139	1.0811
35	169	1.07678
35	178	1.22167
36	13	0.959686
36	20	0.969428
36	27	0.96396
36	32	0.930965
36	56	0.886105
36	61	1.04044
36	66	1.04554
36	71	1.01338
36	145	1.02692
36	147	1.01827
36	153	1.03825
36	161	0.985746
36	167	1.04856
36	168	1.31686
37	34	0.970875
37	86	0.965066
37	102	0.972128
37	105	1.06946
37	138	0.987886
37	148	0.980835
37	157	0.973911
37	158	0.985488
37	161	0.956981
37	163	1.31978
37	164	0.997128
37	165	0.991029
37	166	0.975654
37	180	1.09717
38	68	0.947049
38	72	0.949416
38	85	0.964819
38	100	1.02283
38	112	1.01833
38	116	0.958249
38	148	1.0273
38	169	0.974961
38	170	1.00609
38	172	0.974476
38	173	0.988365
38	177	0.942904
38	179	1.02102
38	180	0.959621
39	30	0.956388
39	81	1.11853
39	120	0.82698
39	136	0.814147
39	140	1.03224
39	156	0.997892
39	171	1.02671
39	172	1.0252
39	173	1.03908
39	174	0.986867
39	177	0.993623
39	178	0.988047
39	180	1.01034
40	31	1.41254
40	88	0.936261
40	113	0.926939
40	114	0.920432
40	115	0.917019
40	134	1.37037
40	146	0.791351
40	147	0.952354
40	158	1.29455
40	160	0.884933
40	176	0.880515
40	177	0.859685
40	178	0.854108
40	180	0.876402
41	19	1.09422
41	25	1.08267
41	26	1.09393
41	28	1.16421
41	45	1.17299
41	47	0.960589
41	48	1.12777
41	54	1.01682
41	55	1.08682
41	142	0.641531
41	146	1.3653
41	160	0.826667
41	162	0.730808
41	174	0.941464
42	62	1.03028
42	122	0.971744
42	128	1.00981
42	135	0.952778
42	137	1.0292
42	163	0.938304
42	168	0.949563
42	171	1.00141
42	173	1.01378
42	174	0.961563
42	175	0.96925
42	176	0.989149
42	178	0.962743
42	180	0.985037
43	8	1.0499
43	17	0.890827
43	24	1.0076
43	29	0.97538
43	35	0.973305
43	49	1.04538
43	51	1.04638
43	58	0.91586
43	60	0.91586
43	64	0.979497
43	142	1.00725
43	156	1.24757
43	167	1.12282
43	179	1.06243
44	53	1.02351
44	78	0.925866
44	80	0.985997
44	88	0.996725
44	100	0.971508
44	109	0.937801
44	113	0.987402
44	114	0.980895
44	115	0.977483
44	123	0.998121
44	147	1.01282
44	150	1.03281
44	163	1.30507
44	176	1.10692
45	11	1.07551
45	25	1.07319
45	28	1.15473
45	41	1.17299
45	47	0.951109
45	48	1.11829
45	54	1.00734
45	55	1.07734
45	65	1.16952
45	146	1.3436
45	150	0.745966
45	170	0.750079
45	173	0.751342
45	175	0.9124
46	22	0.867319
46	93	1.08067
46	124	0.915175
46	130	0.969082
46	148	1.04472
46	149	1.03121
46	151	1.03804
46	154	1.05978
46	158	1.04937
46	159	1.04073
46	164	1.06101
46	165	1.05491
46	166	1.03954
46	171	1.01677
46	173	0.976404
47	19	0.872338
47	26	0.872048
47	41	0.960589
47	45	0.951109
47	64	1.43169
47	65	0.957121
47	85	1.48782
47	146	0.758405
47	152	0.892485
47	158	1.39679
47	171	0.859831
47	172	0.858311
47	176	0.847569
47	177	0.826738
47	180	0.843456
48	11	1.03028
48	19	1.03951
48	25	1.02796
48	26	1.03922
48	41	1.12777
48	45	1.11829
48	54	0.962109
48	55	1.03211
48	65	1.1243
48	73	0.936359
48	75	0.998453
48	99	0.799589
48	163	1.10594
48	175	1.00011
48	177	0.964358
49	8	1.12837
49	17	0.969291
49	24	1.08607
49	35	1.05177
49	43	1.04538
49	51	1.12485
49	58	0.994324
49	60	0.994324
49	64	1.05796
49	73	1.04767
49	95	0.865383
49	169	0.931078
49	172	0.971463
49	176	0.990057
49	177	1.04663
50	8	0.777324
50	16	0.901103
50	26	0.948654
50	154	0.855651
50	157	0.895164
50	160	1.05071
50	167	1.07147
50	169	1.05751
50	171	1.05855
50	172	1.05703
50	173	1.07092
50	176	1.04629
50	177	1.02546
50	178	1.01988
50	180	1.04218
51	8	1.12937
51	17	0.970293
51	29	1.05485
51	35	1.05277
51	43	1.04638
51	49	1.12485
51	58	0.995326
51	60	0.995326
51	64	1.05896
51	82	1.07188
51	99	0.925268
51	155	0.989638
51	167	0.948794
51	169	0.974481
51	173	0.964731
52	13	1.03216
52	27	1.03643
52	32	1.00344
52	56	0.958577
52	66	1.11801
52	71	1.08585
52	74	1.01718
52	135	0.0106998
52	145	1.09939
52	147	1.09074
52	150	1.16763
52	152	1.0935
52	156	1.28182
52	161	1.05822
52	169	1.18275
53	44	1.02351
53	68	1.09876
53	75	1.02267
53	94	1.06163
53	109	1.03578
53	113	1.08538
53	114	1.07888
53	141	1.03281
53	146	0.949795
53	147	1.1108
53	156	0.9882
53	163	1.14627
53	167	0.863448
53	170	0.878121
53	180	0.923655
54	11	0.919332
54	19	0.928564
54	25	0.917012
54	26	0.928274
54	28	0.998549
54	41	1.01682
54	45	1.00734
54	48	0.962109
54	55	0.921159
54	65	1.01335
54	75	0.887504
54	142	1.06174
54	160	1.24688
54	177	1.31855
54	179	1.11692
55	11	0.989332
55	19	0.998564
55	25	0.987012
55	26	0.998274
55	28	1.06855
55	41	1.08682
55	45	1.07734
55	48	1.03211
55	54	0.921159
55	65	1.08335
55	75	0.957504
55	127	1.15979
55	168	1.15869
55	170	0.905071
55	173	0.906335
55	176	0.975063
56	13	0.909357
56	20	0.9191
56	27	0.913631
56	32	0.880636
56	36	0.886105
56	52	0.958577
56	66	0.995214
56	71	0.963049
56	74	0.894381
56	110	1.15443
56	145	0.97659
56	147	0.967942
56	152	1.1586
56	161	0.935417
56	163	1.50499
56	167	1.22217
57	108	0.915039
57	120	0.95784
57	126	1.3439
57	129	0.919167
57	148	0.932373
57	149	0.918862
57	154	0.947429
57	157	0.925449
57	158	0.937027
57	159	0.928386
57	161	1.19132
57	164	0.948666
57	165	0.942567
57	166	0.927193
57	169	1.29698
57	179	1.21091
58	8	0.998847
58	17	0.839771
58	24	0.956547
58	29	0.924324
58	35	0.922249
58	43	0.91586
58	49	0.994324
58	51	0.995326
58	60	0.864804
58	64	0.928441
58	73	0.918154
58	82	0.941353
58	156	1.32422
58	162	1.17318
58	176	1.28414
58	180	1.25968
59	67	0.929853
59	68	0.970891
59	76	0.983375
59	78	0.895975
59	88	0.966833
59	100	0.941616
59	109	0.90791
59	114	0.951004
59	123	1.19315
59	136	0.942758
59	141	0.904936
59	146	0.821923
59	147	0.982926
59	153	1.20697
59	160	1.28685
59	177	1.35853
60	8	0.998847
60	17	0.839771
60	24	0.956547
60	29	0.924324
60	35	0.922249
60	43	0.91586
60	49	0.994324
60	51	0.995326
60	58	0.864804
60	63	1.26016
60	64	0.928441
60	73	0.918154
60	82	0.941353
60	101	1.25438
60	145	1.16715
60	153	1.36353
61	34	1.12586
61	36	1.04044
61	87	0.969775
61	89	0.948369
61	112	0.831807
61	160	1.00497
61	162	1.03014
61	163	0.949703
61	167	1.02573
61	168	0.960962
61	169	1.01177
61	171	1.01281
61	174	0.972962
61	175	0.980649
61	177	0.979718
61	178	0.974142
61	180	0.996435
62	16	0.996111
62	31	0.968599
62	33	0.965215
62	42	1.03028
62	72	0.954788
62	84	0.988559
62	85	0.970191
62	96	0.998253
62	97	0.998476
62	98	0.998253
62	105	1.07007
62	112	1.0237
62	124	0.992276
62	167	1.03757
62	170	1.01146
62	175	1.21456
62	179	1.0264
63	1	1.17979
63	14	0.806154
63	31	0.921109
63	60	1.26016
63	125	0.959995
63	152	1.04053
63	155	1.00049
63	156	0.979053
63	165	0.871845
63	168	0.956029
63	169	1.00684
63	170	1.03797
63	171	1.00788
63	175	0.975716
63	177	0.974784
63	178	0.969208
63	180	0.991502
64	8	1.06248
64	17	0.903407
64	24	1.02018
64	29	0.98796
64	35	0.985885
64	43	0.979497
64	47	1.43169
64	49	1.05796
64	51	1.05896
64	58	0.928441
64	60	0.928441
64	73	0.98179
64	82	1.00499
64	161	0.871741
64	174	1.13608
64	179	0.891331
64	180	1.01193
65	11	1.08152
65	19	1.09075
65	25	1.0792
65	26	1.09046
65	28	1.16074
65	45	1.16952
65	47	0.957121
65	48	1.1243
65	54	1.01335
65	55	1.08335
65	75	1.04969
65	106	0.90988
65	162	0.842271
65	169	0.894253
65	171	0.924869
65	173	0.884503
65	177	1.00981
66	13	1.0688
66	20	1.07854
66	27	1.07307
66	32	1.04007
66	36	1.04554
66	52	1.11801
66	56	0.995214
66	71	1.12249
66	125	1.08929
66	126	0.861013
66	145	1.13603
66	147	1.12738
66	153	0.778095
66	161	1.09486
66	171	0.844714
66	175	0.965405
66	177	0.929654
67	3	1.03764
67	5	1.04819
67	6	1.09981
67	59	0.929853
67	68	1.035
67	78	0.960085
67	88	1.03094
67	94	0.997865
67	109	0.97202
67	113	1.02162
67	115	1.0117
67	141	0.969046
67	146	0.886033
67	162	0.985466
67	168	1.28005
67	170	1.02643
67	179	0.95137
68	3	1.07867
68	38	0.947049
68	53	1.09876
68	59	0.970891
68	67	1.035
68	78	1.00112
68	80	1.06125
68	100	1.04676
68	113	1.06266
68	114	1.05615
68	115	1.05274
68	124	0.886862
68	132	0.92567
68	136	1.04791
68	147	1.08807
68	152	0.868588
68	160	1.00172
68	177	1.0734
69	6	1.22001
69	89	1.00244
69	91	1.00387
69	101	1.01249
69	129	0.950004
69	131	0.979807
69	142	1.01639
69	143	0.956412
69	148	0.96321
69	149	0.949699
69	151	0.956533
69	153	1.12164
69	158	0.967864
69	159	0.959223
69	164	0.979503
69	165	0.973404
69	166	0.95803
69	177	1.2732
70	87	1.0027
70	104	0.960671
70	120	0.990727
70	122	0.963396
70	129	0.952055
70	148	0.96526
70	151	0.958583
70	152	1.04719
70	153	1.10044
70	157	0.958337
70	158	0.969914
70	159	0.961273
70	164	0.981554
70	165	0.975455
70	166	0.96008
70	172	1.17683
70	173	1.12669
70	177	1.252
71	13	1.03663
71	20	1.04637
71	23	0.874121
71	27	1.0409
71	32	1.00791
71	36	1.01338
71	52	1.08585
71	56	0.963049
71	66	1.12249
71	74	1.02165
71	77	0.99746
71	126	0.950755
71	133	0.888826
71	145	1.10386
71	147	1.09522
71	161	1.06269
71	172	0.944224
71	178	1.04873
72	2	0.902693
72	9	1.00834
72	18	0.972544
72	30	0.945451
72	31	0.941606
72	38	0.949416
72	62	0.954788
72	84	0.961566
72	85	0.943197
72	96	0.971259
72	98	0.971259
72	111	1.32989
72	112	0.996704
72	130	1.12219
72	140	1.13355
72	155	1.15441
72	170	0.984466
72	179	0.999404
73	24	1.0099
73	29	0.977673
73	48	0.936359
73	49	1.04767
73	58	0.918154
73	60	0.918154
73	64	0.98179
73	83	1.00406
73	107	0.980061
73	112	0.95318
73	140	0.981752
73	141	1.20129
73	164	1.08415
73	171	0.976229
73	175	0.944068
73	177	0.943136
73	178	0.93756
73	180	0.959854
74	52	1.01718
74	56	0.894381
74	71	1.02165
74	81	1.16055
74	87	0.907139
74	109	1.03185
74	139	0.981608
74	143	0.945357
74	145	1.03519
74	147	1.02655
74	151	1.05786
74	161	0.994022
74	174	0.927122
74	175	0.934809
74	176	0.954708
74	177	0.933878
74	178	0.928301
74	180	0.950595
75	11	0.955676
75	25	0.953356
75	28	1.03489
75	48	0.998453
75	53	1.02267
75	54	0.887504
75	55	0.957504
75	65	1.04969
75	76	1.01243
75	94	0.962808
75	105	1.0856
75	114	0.980056
75	140	1.07308
75	141	0.933988
75	146	0.850976
75	169	1.07878
75	174	1.23746
75	175	1.23009
76	59	0.983375
76	75	1.01243
76	78	1.01361
76	88	1.08447
76	94	1.05139
76	100	1.05925
76	105	0.852337
76	109	1.02554
76	113	1.07514
76	114	1.06864
76	115	1.06522
76	125	1.12072
76	127	1.08923
76	136	1.06039
76	137	0.782825
76	147	1.10056
76	163	1.10266
76	167	0.819837
77	6	0.939467
77	71	0.99746
77	93	1.10947
77	143	1.13543
77	147	1.09724
77	156	0.941303
77	157	1.12502
77	160	0.962283
77	168	0.918278
77	169	0.969091
77	171	0.970126
77	172	0.968607
77	173	0.982495
77	174	0.930278
77	175	0.937965
77	176	0.957864
77	177	0.937034
77	178	0.931458
77	180	0.953752
78	1	0.90008
78	44	0.925866
78	59	0.895975
78	67	0.960085
78	68	1.00112
78	76	1.01361
78	94	0.963987
78	100	0.971848
78	109	0.938141
78	113	0.987742
78	114	0.981235
78	136	0.972989
78	141	0.935167
78	142	1.06392
78	146	0.852155
78	160	1.24906
78	169	1.20518
78	172	1.24556
78	180	1.2397
79	88	1.34355
79	95	0.940294
79	96	1.26472
79	129	1.48349
79	136	1.36217
79	146	0.795111
79	153	0.900637
79	156	0.867714
79	160	0.888694
79	162	0.913871
79	167	0.909461
79	169	0.895502
79	170	0.926629
79	172	0.895017
79	173	0.908906
79	174	0.856689
79	177	0.863445
79	178	0.857869
79	180	0.880162
80	44	0.985997
80	68	1.06125
80	88	1.0572
80	94	1.02412
80	99	1.0467
80	100	1.03198
80	106	1.11154
80	109	0.998272
80	110	1.00249
80	113	1.04787
80	114	1.04137
80	115	1.03795
80	136	1.03312
80	137	1.03321
80	141	0.995298
80	145	0.863528
80	146	0.912286
80	147	1.07329
80	179	1.00983
81	39	1.11853
81	74	1.16055
81	93	0.979888
81	108	0.926602
81	116	1.00632
81	117	0.945467
81	134	0.922401
81	138	0.950988
81	145	1.02462
81	149	0.930425
81	151	0.937259
81	154	0.958992
81	158	0.94859
81	159	0.939949
81	164	0.960229
81	165	0.95413
81	166	0.938756
81	171	1.28761
81	180	1.29152
82	17	0.91632
82	22	0.890212
82	24	1.0331
82	35	0.998798
82	51	1.07188
82	58	0.941353
82	60	0.941353
82	64	1.00499
82	107	1.05817
82	111	1.19967
82	150	0.993921
82	151	0.996447
82	158	1.00778
82	159	0.999137
82	164	1.01942
82	165	1.01332
82	166	0.997944
82	172	1.04943
82	177	1.1246
82	180	1.04357
83	18	0.968862
83	24	1.04643
83	73	1.00406
83	130	1.02338
83	134	0.945602
83	138	0.937253
83	150	1.0246
83	152	1.04144
83	154	0.919167
83	160	1.00094
83	162	1.02612
83	163	0.945678
83	165	0.938502
83	168	0.956938
83	169	1.00775
83	171	1.00879
83	173	1.02115
83	175	0.976625
83	178	0.970117
83	180	0.992411
84	4	0.952402
84	9	1.04211
84	15	0.95747
84	16	1.00289
84	18	1.00631
84	33	0.971992
84	62	0.988559
84	72	0.961566
84	85	0.976968
84	96	1.00503
84	97	1.00525
84	98	1.00503
84	112	1.03047
84	121	0.898991
84	140	1.01655
84	162	0.970272
84	163	1.27939
84	170	1.01824
84	174	1.18093
84	179	1.03317
85	4	0.934034
85	9	1.02374
85	16	0.98452
85	18	0.987947
85	30	0.960853
85	33	0.953624
85	38	0.964819
85	47	1.48782
85	62	0.970191
85	72	0.943197
85	84	0.976968
85	96	0.986662
85	98	0.986662
85	112	1.01211
85	118	1.00602
85	155	1.04869
85	161	0.927867
85	170	0.999869
85	171	1.06415
85	179	1.01481
85	180	1.06806
86	37	0.965066
86	107	1.02763
86	131	0.989174
86	134	0.951043
86	135	1.03061
86	136	0.988291
86	143	0.965779
86	146	1.59667
86	148	0.972578
86	149	0.959067
86	151	0.9659
86	158	0.977231
86	159	0.968591
86	161	0.90849
86	162	0.962177
86	164	0.988871
86	165	0.982772
86	166	0.967397
86	167	0.988472
86	171	1.04477
86	175	1.16547
87	61	0.969775
87	70	1.0027
87	74	0.907139
87	122	1.02392
87	123	0.953773
87	128	1.05382
87	138	1.03283
87	143	1.01898
87	148	1.02578
87	149	1.01227
87	150	0.988464
87	151	1.01911
87	154	1.04084
87	157	1.01886
87	158	1.03044
87	159	1.0218
87	164	1.04208
87	165	1.03598
87	166	1.0206
87	169	1.00359
87	174	1.16226
87	179	0.917513
88	3	1.07462
88	15	0.869202
88	40	0.936261
88	44	0.996725
88	59	0.966833
88	67	1.03094
88	76	1.08447
88	79	1.34355
88	80	1.0572
88	94	1.03485
88	100	1.04271
88	109	1.009
88	113	1.0586
88	114	1.05209
88	115	1.04868
88	124	0.863008
88	125	1.20918
88	126	0.980901
88	142	0.792727
88	146	0.923014
88	147	1.08402
88	179	0.847908
89	61	0.948369
89	69	1.00244
89	117	1.02911
89	124	0.911206
89	128	1.05562
89	129	1.01437
89	130	0.965113
89	134	1.00604
89	140	0.976477
89	143	1.02078
89	144	0.955067
89	148	1.02758
89	151	1.0209
89	154	1.04263
89	156	1.08125
89	157	1.02065
89	158	1.03223
89	159	1.02359
89	164	1.04387
89	165	1.03777
89	166	1.0224
89	178	1.12708
90	24	0.981531
90	117	0.918941
90	118	1.04482
90	135	0.848134
90	147	0.866001
90	152	1.07049
90	153	1.04194
90	155	1.03046
90	159	0.904639
90	160	1.02999
90	162	1.05517
90	164	0.858978
90	165	0.873607
90	168	0.985989
90	172	1.03632
90	173	1.05021
90	174	0.997989
90	175	1.00568
90	176	1.02558
90	177	1.00474
90	178	0.999169
90	180	1.02146
91	69	1.00387
91	103	0.963004
91	105	0.982711
91	108	1.01167
91	122	1.02714
91	131	1.0456
91	134	1.00747
91	136	1.04472
91	143	1.02221
91	144	0.94878
91	149	1.0155
91	151	1.02233
91	154	1.04406
91	157	1.02208
91	159	1.02502
91	164	1.0453
91	165	1.0392
91	166	1.02383
91	171	1.00651
91	173	0.966148
91	175	1.12721
91	176	1.03488
92	7	1.02003
92	97	0.970312
92	104	0.952311
92	108	0.939566
92	117	0.958431
92	126	1.22078
92	127	1.41757
92	131	0.973497
92	137	1.11117
92	138	0.963952
92	143	0.950102
92	145	0.941483
92	149	0.943389
92	154	0.971956
92	157	0.949976
92	158	0.961554
92	159	0.952913
92	161	1.0682
92	164	0.973193
92	165	0.967094
92	166	0.95172
92	180	1.20838
93	46	1.08067
93	77	1.10947
93	81	0.979888
93	122	1.02243
93	131	1.0409
93	132	0.983677
93	134	1.00276
93	138	1.03135
93	143	1.0175
93	144	0.988729
93	145	0.783466
93	148	1.0243
93	154	1.03935
93	157	1.01737
93	158	1.02895
93	159	1.02031
93	162	0.963865
93	164	1.04059
93	165	1.03449
93	166	1.01912
93	173	1.0061
93	177	1.1314
94	2	0.808841
94	5	1.05209
94	53	1.06163
94	67	0.997865
94	75	0.962808
94	76	1.05139
94	78	0.963987
94	80	1.02412
94	88	1.03485
94	100	1.00963
94	109	0.975922
94	113	1.02552
94	115	1.0156
94	133	1.03039
94	136	1.01077
94	141	0.972948
94	146	0.889935
94	147	1.05094
94	173	1.03566
94	177	1.16096
94	178	1.1903
94	179	0.959328
94	180	1.07992
95	28	0.798603
95	33	1.15953
95	49	0.865383
95	79	0.940294
95	121	1.06785
95	136	0.886914
95	141	1.04803
95	157	0.965706
95	160	1.01687
95	162	1.04205
95	163	0.961604
95	164	0.9309
95	167	1.03764
95	168	0.972863
95	171	1.02471
95	172	1.02319
95	173	1.03708
95	174	0.984863
95	175	0.99255
95	176	1.01245
95	177	0.991619
95	178	0.986043
95	180	1.00834
96	4	0.962096
96	9	1.0518
96	16	1.01258
96	18	1.01601
96	30	0.988915
96	31	0.98507
96	33	0.981686
96	62	0.998253
96	72	0.971259
96	79	1.26472
96	84	1.00503
96	85	0.986662
96	97	1.01495
96	98	1.01472
96	112	1.04017
96	125	1.13035
96	160	0.899032
96	168	1.09776
96	170	1.02793
96	174	1.01383
96	177	0.97071
96	179	1.04287
96	180	0.889673
97	33	0.981909
97	62	0.998476
97	84	1.00525
97	92	0.970312
97	96	1.01495
97	98	1.01495
97	112	1.04039
97	139	0.962296
97	149	0.988248
97	151	0.995081
97	156	1.05704
97	157	0.994835
97	159	0.997771
97	160	1.00185
97	164	1.01805
97	165	1.01195
97	166	0.996578
97	168	1.20058
97	170	1.02815
97	172	0.998361
97	175	1.10928
97	179	1.04309
97	180	0.992496
98	4	0.962096
98	9	1.0518
98	16	1.01258
98	18	1.01601
98	30	0.988915
98	31	0.98507
98	33	0.981686
98	62	0.998253
98	72	0.971259
98	84	1.00503
98	85	0.986662
98	96	1.01472
98	97	1.01495
98	101	0.925246
98	112	1.04017
98	132	1.03823
98	140	1.06469
98	162	1.01842
98	167	1.04471
98	170	1.02793
98	176	1.12938
98	179	1.04287
98	180	1.10492
99	48	0.799589
99	51	0.925268
99	80	1.0467
99	129	1.02471
99	134	0.96911
99	150	1.0288
99	152	1.04564
99	153	1.01709
99	154	0.942675
99	160	1.00515
99	162	1.03032
99	164	0.947382
99	167	1.02591
99	168	0.961142
99	169	1.01196
99	170	1.04308
99	173	1.02536
99	174	0.973142
99	175	0.980829
99	176	1.00073
99	177	0.979898
99	178	0.974322
99	180	0.996616
100	5	1.05996
100	6	1.09599
100	38	1.02283
100	44	0.971508
100	59	0.941616
100	68	1.04676
100	76	1.05925
100	78	0.971848
100	80	1.03198
100	88	1.04271
100	94	1.00963
100	103	1.02073
100	109	0.983783
100	113	1.03338
100	114	1.02688
100	115	1.02346
100	136	1.01863
100	140	1.02791
100	141	0.980809
100	146	0.897797
100	152	0.944369
100	170	1.02261
100	180	1.06814
101	13	0.780204
101	60	1.25438
101	69	1.01249
101	98	0.925246
101	111	0.97302
101	150	1.03997
101	151	1.00915
101	153	1.02826
101	154	0.846733
101	155	1.01678
101	159	0.897101
101	162	1.04149
101	163	0.961053
101	168	0.972312
101	169	1.02312
101	171	1.02416
101	172	1.02264
101	173	1.03653
101	174	0.984312
101	175	0.991999
101	177	0.991068
101	178	0.985492
101	180	1.00779
102	37	0.972128
102	103	1.10257
102	110	1.02204
102	116	1.04203
102	117	0.981171
102	124	1.04449
102	128	1.00768
102	129	0.966434
102	135	1.03767
102	138	0.986691
102	143	0.972841
102	144	1.08835
102	148	0.97964
102	149	0.966129
102	154	0.994696
102	157	0.972716
102	158	0.984293
102	159	0.975653
102	164	0.995933
102	165	0.989834
102	166	0.974459
102	167	1.08978
102	173	1.10571
102	176	1.17444
103	21	0.946989
103	28	0.851405
103	91	0.963004
103	100	1.02073
103	102	1.10257
103	105	1.00866
103	120	0.952549
103	130	1.01197
103	141	1.10083
103	144	1.00129
103	148	1.0252
103	155	0.989997
103	156	0.968556
103	162	1.01471
103	167	1.0103
103	171	0.997379
103	172	0.99586
103	174	0.957531
103	175	0.965218
103	176	0.985117
103	177	0.964287
103	178	0.958711
103	179	1.04241
103	180	0.981005
104	70	0.960671
104	92	0.952311
104	116	1.04615
104	128	1.0118
104	129	0.970552
104	131	1.00035
104	134	0.962223
104	135	1.04179
104	142	0.982069
104	143	0.976959
104	148	0.983758
104	151	0.97708
104	153	1.08732
104	154	0.998813
104	157	0.976834
104	158	0.988411
104	159	0.97977
104	162	1.07135
104	165	0.993952
104	166	0.978577
104	171	1.15394
104	173	1.11358
104	176	1.18231
104	179	1.03725
105	37	1.06946
105	62	1.07007
105	75	1.0856
105	76	0.852337
105	91	0.982711
105	103	1.00866
105	114	0.979196
105	137	1.02002
105	144	0.996151
105	156	0.963412
105	157	1.03821
105	162	1.00957
105	167	1.00516
105	169	0.9912
105	171	0.992235
105	172	0.990716
105	173	1.0046
105	174	0.952387
105	175	0.960074
105	176	0.979973
105	177	0.959143
105	178	0.953567
105	179	1.03726
105	180	0.975861
106	3	0.986663
106	13	0.940986
106	25	1.08981
106	65	0.90988
106	80	1.11154
106	137	1.02043
106	139	1.00728
106	142	1.0441
106	144	0.996553
106	150	1.00845
106	160	0.984794
106	163	0.92953
106	164	1.01222
106	165	1.02685
106	167	1.00556
106	169	0.991602
106	171	0.992637
106	172	0.991118
106	173	1.00501
106	174	0.952789
106	176	0.980376
106	177	0.959545
106	178	0.953969
106	180	0.976263
107	7	1.10653
107	73	0.980061
107	82	1.05817
107	86	1.02763
107	120	1.06886
107	129	1.03019
107	130	0.875433
107	132	0.860334
107	134	1.02186
107	135	1.10143
107	143	1.0366
107	148	1.0434
107	149	1.02989
107	156	0.991569
107	157	1.03647
107	158	1.04805
107	159	1.03941
107	164	1.05969
107	165	1.05359
107	166	1.03822
107	168	1.13511
107	171	0.92312
107	174	1.05118
107	179	0.806427
108	7	1.03415
108	57	0.915039
108	81	0.926602
108	91	1.01167
108	92	0.939566
108	129	0.957807
108	131	0.987609
108	132	1.11657
108	134	0.949478
108	135	1.02905
108	140	1.14303
108	145	0.916357
108	149	0.957502
108	151	0.964335
108	154	0.986069
108	157	0.964089
108	158	0.975666
108	159	0.967026
108	164	0.987306
108	165	0.981207
108	166	0.965832
108	167	1.12305
108	171	1.17935
108	177	1.26429
108	180	1.18326
109	1	0.912014
109	44	0.937801
109	53	1.03578
109	59	0.90791
109	67	0.97202
109	74	1.03185
109	76	1.02554
109	78	0.938141
109	80	0.998272
109	88	1.009
109	94	0.975922
109	100	0.983783
109	113	0.999677
109	114	0.99317
109	115	0.989758
109	133	1.11328
109	136	0.984924
109	141	0.947102
109	146	0.86409
109	147	1.02509
109	160	1.17217
109	161	1.02263
109	162	1.07631
109	174	1.28697
109	180	1.16282
110	56	1.15443
110	80	1.00249
110	102	1.02204
110	120	0.872022
110	139	1.01839
110	151	1.06089
110	153	1.00785
110	155	0.996366
110	156	0.974925
110	159	0.948836
110	162	1.02108
110	163	0.940641
110	164	0.903175
110	167	1.01667
110	168	0.9519
110	171	1.00375
110	172	1.00223
110	173	1.01612
110	174	0.9639
110	175	0.971587
110	176	0.991486
110	177	0.970656
110	178	0.96508
110	180	0.987374
111	72	1.32989
111	82	1.19967
111	101	0.97302
111	124	0.980252
111	127	0.885536
111	135	1.17638
111	136	1.14324
111	139	0.944452
111	144	0.93373
111	152	0.962468
111	154	1.18252
111	155	0.922432
111	159	1.23288
111	162	0.947148
111	163	0.866707
111	167	0.942738
111	168	0.877966
111	169	0.928779
111	172	0.928294
111	174	0.889966
111	175	0.897653
111	176	0.917552
111	177	0.896722
111	178	0.891146
111	180	0.913439
112	4	0.987541
112	9	1.07725
112	16	1.03803
112	18	1.04145
112	21	1.10335
112	30	1.01436
112	31	1.01051
112	33	1.00713
112	38	1.01833
112	61	0.831807
112	62	1.0237
112	72	0.996704
112	73	0.95318
112	84	1.03047
112	85	1.01211
112	96	1.04017
112	97	1.04039
112	98	1.04017
112	127	1.10933
112	139	0.869943
112	160	0.909501
112	170	1.05338
112	175	1.01693
112	178	1.01051
112	179	1.06831
113	23	0.954768
113	40	0.926939
113	44	0.987402
113	53	1.08538
113	67	1.02162
113	68	1.06266
113	76	1.07514
113	78	0.987742
113	80	1.04787
113	88	1.0586
113	94	1.02552
113	100	1.03338
113	109	0.999677
113	114	1.04277
113	115	1.03936
113	121	0.861225
113	136	1.03453
113	141	0.996703
113	147	1.07469
113	152	0.895235
113	162	0.932505
113	172	1.02487
113	175	1.13579
113	177	1.10004
113	180	1.01901
114	40	0.920432
114	44	0.980895
114	53	1.07888
114	59	0.951004
114	68	1.05615
114	75	0.980056
114	76	1.06864
114	78	0.981235
114	80	1.04137
114	88	1.05209
114	100	1.02688
114	105	0.979196
114	109	0.99317
114	113	1.04277
114	115	1.03285
114	118	0.944872
114	136	1.02802
114	141	0.990196
114	146	0.907184
114	147	1.06819
114	160	1.01626
114	163	1.22952
114	169	0.972383
114	171	1.003
114	173	0.962633
114	178	1.11727
115	1	0.951696
115	3	1.05537
115	5	1.06593
115	40	0.917019
115	44	0.977483
115	67	1.0117
115	68	1.05274
115	76	1.06522
115	80	1.03795
115	88	1.04868
115	94	1.0156
115	100	1.02346
115	109	0.989758
115	113	1.03936
115	114	1.03285
115	119	0.924976
115	125	1.23428
115	126	1.006
115	136	1.02461
115	139	0.963404
115	141	0.986784
115	146	0.903771
115	153	0.923081
115	160	1.00296
115	163	1.21622
115	176	1.01806
116	38	0.958249
116	81	1.00632
116	102	1.04203
116	104	1.04615
116	117	1.05227
116	122	1.04887
116	129	1.03753
116	135	1.10877
116	138	1.05779
116	143	1.04394
116	148	1.05074
116	149	1.03722
116	150	0.953914
116	151	1.04406
116	152	0.879787
116	154	1.06579
116	155	0.984197
116	157	1.04381
116	158	1.05539
116	159	1.04675
116	162	0.917058
116	164	1.06703
116	166	1.04555
116	169	0.969039
116	172	1.00942
116	176	1.02802
116	179	0.882962
117	81	0.945467
117	89	1.02911
117	90	0.918941
117	92	0.958431
117	102	0.981171
117	116	1.05227
117	120	1.01534
117	128	1.01792
117	129	0.976672
117	134	0.968343
117	135	1.04791
117	140	1.05085
117	143	0.983079
117	149	0.976367
117	150	1.04143
117	151	0.9832
117	154	1.00493
117	157	0.982954
117	159	0.985891
117	162	1.00458
117	164	1.00617
117	165	1.00007
117	166	0.984697
117	170	1.04554
117	173	1.04681
117	174	1.21523
117	178	1.20145
118	85	1.00602
118	90	1.04482
118	114	0.944872
118	122	0.977206
118	129	1.04641
118	130	1.00253
118	132	0.984511
118	142	1.03941
118	148	1.01058
118	151	1.1268
118	153	0.992041
118	156	0.959118
118	158	0.914991
118	159	1.01475
118	160	0.980098
118	162	1.00528
118	163	0.924834
118	167	1.00087
118	168	0.936093
118	169	0.986906
118	171	0.987941
118	173	1.00031
118	174	0.948093
118	175	0.955781
118	176	0.975679
118	177	0.954849
118	178	0.949273
118	180	0.971567
119	115	0.924976
119	121	1.02045
119	128	1.00868
119	133	0.989735
119	134	0.984216
119	139	0.991948
119	140	0.982833
119	141	1.07962
119	143	1.0077
119	150	0.993124
119	152	1.00996
119	157	0.997294
119	159	1.00815
119	162	0.994645
119	164	0.962488
119	167	0.990234
119	168	0.925462
119	169	0.976275
119	170	1.0074
119	171	0.97731
119	172	0.97579
119	173	0.989679
119	174	0.937462
119	175	0.945149
119	176	0.965048
119	177	0.944218
119	179	1.02234
119	180	0.960936
120	39	0.82698
120	57	0.95784
120	70	0.990727
120	103	0.952549
120	107	1.06886
120	110	0.872022
120	117	1.01534
120	122	1.01195
120	125	1.24064
120	131	1.03041
120	134	0.992278
120	135	1.07185
120	138	1.02086
120	139	0.969762
120	141	0.991704
120	143	1.00701
120	144	0.938325
120	148	1.01381
120	149	1.0003
120	151	1.00714
120	154	1.02887
120	158	1.01847
120	159	1.00983
120	164	1.03011
120	165	1.02401
120	166	1.00863
120	167	0.939756
120	168	1.20805
120	175	1.11675
121	84	0.898991
121	95	1.06785
121	113	0.861225
121	119	1.02045
121	126	1.02073
121	128	0.919521
121	129	0.950661
121	132	1.02066
121	133	1.03652
121	134	0.895062
121	135	0.862489
121	144	1.02801
121	149	0.982302
121	150	1.0399
121	151	1.03105
121	162	1.04143
121	163	0.960983
121	165	0.887962
121	167	1.03702
121	168	0.972243
121	169	1.02306
121	172	1.02257
121	173	1.03646
121	174	0.984243
121	175	0.99193
121	176	1.01183
121	177	0.990999
121	178	0.985423
121	180	1.00772
122	12	1.01004
122	42	0.971744
122	70	0.963396
122	87	1.02392
122	91	1.02714
122	93	1.02243
122	116	1.04887
122	118	0.977206
122	120	1.01195
122	128	1.01452
122	134	0.964947
122	135	1.04451
122	138	0.993534
122	140	0.99901
122	148	0.986482
122	149	0.972971
122	151	0.979804
122	154	1.00154
122	157	0.979558
122	158	0.991135
122	159	0.982495
122	163	1.26185
122	164	1.00278
122	165	0.996676
122	166	0.981301
122	172	1.0451
122	176	1.0637
122	178	1.14961
122	179	0.91864
122	180	1.03924
123	1	1.26935
123	32	0.859695
123	44	0.998121
123	59	1.19315
123	87	0.953773
123	124	1.04108
123	127	0.946363
123	131	0.980861
123	133	1.00307
123	136	0.902792
123	137	1.01843
123	139	1.00528
123	142	1.0421
123	153	0.99474
123	155	0.983259
123	160	0.982797
123	162	1.00797
123	163	0.927533
123	165	0.961407
123	166	0.93584
123	167	1.00356
123	169	0.989605
123	171	0.99064
123	172	0.989121
123	173	1.00301
123	174	0.950792
123	175	0.95848
123	176	0.978379
123	177	0.957548
123	178	0.951972
123	180	0.974266
124	3	0.900059
124	24	1.04817
124	46	0.915175
124	62	0.992276
124	68	0.886862
124	88	0.863008
124	89	0.911206
124	102	1.04449
124	111	0.980252
124	123	1.04108
124	132	1.02796
124	136	0.881631
124	142	1.08286
124	144	1.03531
124	149	1.03459
124	150	1.04721
124	153	1.03549
124	155	1.02401
124	156	1.00257
124	160	1.02355
124	163	0.968285
124	167	1.04432
124	168	0.979544
124	169	1.03036
124	171	1.03139
124	172	1.02987
124	174	0.991544
124	175	0.999232
124	176	1.01913
124	177	0.9983
124	178	0.992724
124	180	1.01502
125	14	1.22073
125	21	0.882682
125	63	0.959995
125	66	1.08929
125	76	1.12072
125	88	1.20918
125	96	1.13035
125	115	1.23428
125	120	1.24064
125	127	0.888795
125	133	0.945497
125	134	1.29352
125	140	0.938596
125	142	0.984537
125	145	1.0013
125	150	0.948886
125	152	0.965727
125	161	0.960125
125	162	0.950407
125	167	0.945997
125	168	0.881225
125	169	0.932037
125	171	0.933073
125	172	0.931553
125	173	0.945442
125	174	0.893224
125	175	0.900912
125	176	0.920811
125	177	0.89998
125	178	0.894404
125	179	0.978102
125	180	0.916698
126	11	1.03482
126	12	1.06006
126	30	1.14177
126	57	1.3439
126	66	0.861013
126	71	0.950755
126	88	0.980901
126	92	1.22078
126	115	1.006
126	121	1.02073
126	130	0.992181
126	132	0.974159
126	133	0.990014
126	137	1.00538
126	150	0.993403
126	155	0.970208
126	156	0.948766
126	160	0.969746
126	163	0.914482
126	167	0.990514
126	168	0.925742
126	169	0.976554
126	170	1.00768
126	171	0.977589
126	172	0.97607
126	173	0.989958
126	174	0.937741
126	175	0.945429
126	176	0.965328
126	177	0.944497
126	179	1.02262
126	180	0.961215
127	14	1.18924
127	55	1.15979
127	76	1.08923
127	92	1.41757
127	111	0.885536
127	112	1.10933
127	123	0.946363
127	125	0.888795
127	139	0.951315
127	140	0.9422
127	142	0.988141
127	146	0.835251
127	148	1.2818
127	150	0.952491
127	152	0.969331
127	153	0.940777
127	155	0.929295
127	156	0.907854
127	162	0.954011
127	163	0.873569
127	164	1.2403
127	166	1.22936
127	168	0.884829
127	171	0.936677
127	172	0.935157
127	173	0.949046
127	174	0.896829
127	175	0.904516
127	176	0.924415
127	177	0.903585
127	178	0.898009
127	179	0.981706
127	180	0.920302
128	42	1.00981
128	87	1.05382
128	89	1.05562
128	102	1.00768
128	104	1.0118
128	117	1.01792
128	119	1.00868
128	121	0.919521
128	122	1.01452
128	129	1.00318
128	131	1.03298
128	134	0.994853
128	135	1.07442
128	136	1.0321
128	137	0.980084
128	138	1.02344
128	141	0.994278
128	143	1.00959
128	145	0.810402
128	148	1.01639
128	149	1.00288
128	150	1.02766
128	151	1.00971
128	152	0.953531
128	154	1.03144
128	155	1.05794
128	157	1.00946
128	158	1.02104
128	159	1.0124
128	161	0.937115
128	164	1.03268
128	165	1.02658
128	166	1.01121
128	174	1.20146
128	180	1.0773
129	57	0.919167
129	69	0.950004
129	70	0.952055
129	79	1.48349
129	89	1.01437
129	99	1.02471
129	102	0.966434
129	104	0.970552
129	107	1.03019
129	108	0.957807
129	116	1.03753
129	117	0.976672
129	118	1.04641
129	121	0.950661
129	128	1.00318
129	131	0.991737
129	134	0.953606
129	135	1.03317
129	138	0.982192
129	140	1.06822
129	148	0.975141
129	149	0.96163
129	151	0.968463
129	152	0.984671
129	153	1.03792
129	154	0.990197
129	157	0.968217
129	158	0.979794
129	159	0.971154
129	162	1.02194
129	164	0.991434
129	165	0.985335
129	166	0.96996
129	172	1.11431
129	176	1.1329
130	46	0.969082
130	72	1.12219
130	83	1.02338
130	89	0.965113
130	103	1.01197
130	107	0.875433
130	118	1.00253
130	126	0.992181
130	131	1.01361
130	138	0.992903
130	142	1.04701
130	148	1.02102
130	152	1.0282
130	153	0.999646
130	156	0.966723
130	158	0.925431
130	160	0.987703
130	161	1.0226
130	163	0.932439
130	164	0.979524
130	166	0.968586
130	167	1.00847
130	168	0.943698
130	169	0.994511
130	171	0.995546
130	172	0.994027
130	173	1.00792
130	174	0.955698
130	175	0.963385
130	176	0.983284
130	177	0.962454
130	178	0.956878
130	179	1.04058
130	180	0.979172
131	69	0.979807
131	86	0.989174
131	91	1.0456
131	92	0.973497
131	93	1.0409
131	104	1.00035
131	108	0.987609
131	120	1.03041
131	123	0.980861
131	128	1.03298
131	129	0.991737
131	130	1.01361
131	133	1.01567
131	134	0.983408
131	135	1.06298
131	136	1.02066
131	137	0.96798
131	138	1.01199
131	141	0.982834
131	142	0.88942
131	143	0.998145
131	148	1.00494
131	151	0.998266
131	154	1.02
131	157	0.998019
131	158	1.0096
131	159	1.00096
131	164	1.02124
131	165	1.01514
131	166	0.999763
131	167	1.00499
131	172	1.07106
131	174	1.18935
131	175	1.18199
131	176	1.08966
131	179	0.944601
132	4	1.08132
132	17	1.39563
132	68	0.92567
132	93	0.983677
132	98	1.03823
132	107	0.860334
132	108	1.11657
132	118	0.984511
132	121	1.02066
132	124	1.02796
132	126	0.974159
132	140	0.983047
132	142	1.02899
132	144	0.981439
132	147	0.971448
132	150	0.993337
132	152	1.01018
132	155	0.970142
132	157	0.999231
132	160	0.96968
132	161	1.00458
132	166	0.953487
132	167	0.990448
132	168	0.925676
132	169	0.976488
132	171	0.977524
132	172	0.976004
132	173	0.989893
132	174	0.937675
132	175	0.945363
132	176	0.965262
132	177	0.944431
132	178	0.938855
132	179	1.02255
132	180	0.961149
133	9	0.965612
133	14	0.930519
133	34	1.14466
133	35	1.06177
133	71	0.888826
133	94	1.03039
133	109	1.11328
133	119	0.989735
133	121	1.03652
133	123	1.00307
133	125	0.945497
133	126	0.990014
133	131	1.01567
133	137	1.02117
133	143	1.02679
133	144	0.997295
133	146	0.891954
133	148	1.02308
133	150	1.00919
133	152	1.02603
133	153	0.997479
133	156	0.964556
133	157	1.01639
133	160	0.985536
133	162	1.01071
133	163	0.930272
133	167	1.0063
133	169	0.992344
133	170	1.02347
133	171	0.993379
133	172	0.99186
133	173	1.00575
133	174	0.953531
133	175	0.961218
133	176	0.981117
133	177	0.960287
133	178	0.954711
133	180	0.977005
134	40	1.37037
134	81	0.922401
134	83	0.945602
134	86	0.951043
134	89	1.00604
134	91	1.00747
134	93	1.00276
134	99	0.96911
134	104	0.962223
134	107	1.02186
134	108	0.949478
134	117	0.968343
134	119	0.984216
134	120	0.992278
134	121	0.895062
134	122	0.964947
134	125	1.29352
134	128	0.994853
134	129	0.953606
134	131	0.983408
134	135	1.02484
134	136	0.982525
134	138	0.973863
134	143	0.960013
134	148	0.966812
134	149	0.953301
134	151	0.960134
134	154	0.981868
134	155	1.03348
134	157	0.959888
134	158	0.971465
134	159	0.962825
134	163	1.27546
134	164	0.983105
134	165	0.977006
134	166	0.961631
134	172	1.05871
134	173	1.00857
134	175	1.16963
135	22	0.866917
