1	45	0.867039
1	52	0.845104
1	57	0.845115
1	61	0.832378
1	62	2.16674
1	65	0.832384
1	68	0.886233
1	72	0.869376
1	152	3.7037
1	159	0.853637
1	164	0.80944
1	174	0.758951
2	45	0.867039
2	52	0.845104
2	57	0.845115
2	61	0.832378
2	65	0.832384
2	68	0.886233
2	72	0.869376
2	113	4.77437
2	141	1.45107
2	159	0.853637
2	164	0.80944
2	174	0.758951
3	63	0.931353
3	69	0.995027
3	73	0.893413
3	74	0.893421
3	76	0.975833
3	77	0.975843
3	79	0.950447
3	83	0.940127
3	134	1.58156
3	144	1.35193
3	162	5.22372
3	174	0.843808
4	63	0.828881
4	64	0.922037
4	69	0.892556
4	73	0.790941
4	74	0.79095
4	76	0.873361
4	77	0.873371
4	79	0.847975
4	83	0.837655
4	119	3.70039
4	134	2.06011
4	174	0.741336
5	15	0.882052
5	16	0.880351
5	19	0.797854
5	30	0.86103
5	39	0.841346
5	54	0.897896
5	56	0.761727
5	70	0.85654
5	138	1.4473
5	159	0.831934
5	162	4.81325
5	164	0.787737
6	10	0.906931
6	44	0.849735
6	47	0.847711
6	49	0.83267
6	55	0.835019
6	66	0.806515
6	71	0.856514
6	108	3.80732
6	119	0.824425
6	133	0.838717
6	147	0.800086
6	159	1.90381
7	17	0.911112
7	32	0.886174
7	36	0.880596
7	60	0.841666
7	67	0.895539
7	96	2.96029
7	99	2.05406
7	119	0.828858
7	130	0.799466
7	147	0.804519
7	150	0.758675
7	176	0.791638
8	12	0.899965
8	14	0.990803
8	20	0.900017
8	23	0.990866
8	28	0.88472
8	34	0.900087
8	43	0.948387
8	46	0.948392
8	127	2.00632
8	133	0.935364
8	137	2.21411
8	174	4.1752
9	52	0.941475
9	57	0.941486
9	61	0.928749
9	65	0.928756
9	68	0.982604
9	72	0.965747
9	80	6
9	150	2.76665
9	159	0.950009
9	162	1.85167
9	164	0.905812
9	174	0.855323
10	6	0.906931
10	33	0.951923
10	37	0.943143
10	47	0.935859
10	49	0.920818
10	55	0.923167
10	59	0.976189
10	66	0.894664
10	71	0.944662
10	117	3.76385
10	127	1.48548
10	166	2.26071
11	17	1.00543
11	32	0.98049
11	60	0.935983
11	67	0.989856
11	81	0.917518
11	114	0.9315
11	147	0.898836
11	150	0.852992
11	151	1.28344
11	159	1.70697
11	176	0.885954
11	180	5.12354
12	8	0.899965
12	14	0.878692
12	20	0.787906
12	23	0.878755
12	28	0.772609
12	34	0.787976
12	43	0.836276
12	46	0.836281
12	114	0.817286
12	130	0.779569
12	133	0.823253
12	157	3.69778
12	165	3.09731
13	84	0.828124
13	92	0.820336
13	103	0.801062
13	111	0.820565
13	112	0.826922
13	116	0.816746
13	121	0.830974
13	122	0.870868
13	123	0.865642
13	125	0.855868
13	155	5.58116
13	176	0.762101
13	180	1.62116
14	8	0.990803
14	12	0.878692
14	20	0.878744
14	23	0.969593
14	28	0.863447
14	34	0.878814
14	43	0.927114
14	46	0.927119
14	126	2.01906
14	130	0.870407
14	133	0.914091
14	150	4.653
14	165	1.68338
15	5	0.882052
15	19	0.889187
15	31	0.873966
15	39	0.932679
15	40	0.928547
15	54	0.989229
15	56	0.853061
15	70	0.947874
15	81	1.51237
15	119	1.47617
15	159	0.923268
15	164	0.879071
15	168	4.36715
16	5	0.880351
16	30	0.950662
16	31	0.872265
16	39	0.930978
16	40	0.926845
16	54	0.987528
16	56	0.851359
16	70	0.946172
16	100	1.56815
16	136	0.875275
16	152	3.09993
16	164	0.877369
16	176	3.09999
17	7	0.911112
17	11	1.00543
17	32	0.969637
17	60	0.92513
17	67	0.979002
17	110	0.820142
17	113	3.32563
17	130	0.88293
17	147	0.887983
17	150	0.842139
17	161	2.25569
17	174	2.32015
17	176	0.875101
18	25	0.942167
18	28	0.853446
18	43	0.917113
18	44	0.915109
18	46	0.917118
18	66	0.871889
18	71	0.921887
18	109	1.76918
18	122	0.961345
18	125	0.946346
18	142	1.95136
18	169	4.02197
18	176	0.852578
19	5	0.797854
19	15	0.889187
19	30	0.868165
19	31	0.789768
19	39	0.848481
19	54	0.905031
19	56	0.768862
19	70	0.863675
19	118	0.780321
19	129	2.1196
19	136	0.792778
19	164	0.794872
19	165	4.32509
20	8	0.900017
20	12	0.787906
20	14	0.878744
20	23	0.878807
20	28	0.772661
20	34	0.788028
20	43	0.836328
20	46	0.836333
20	114	0.817338
20	128	3.33722
20	130	0.779621
20	133	0.823305
20	139	2.87312
21	45	0.937039
21	52	0.915104
21	57	0.915115
21	61	0.902378
21	65	0.902384
21	68	0.956233
21	72	0.939376
21	140	2.07034
21	148	1.82379
21	159	0.923637
21	164	0.87944
21	174	0.828951
21	178	4.32715
22	93	0.936247
22	94	0.92115
22	95	0.921153
22	97	0.913789
22	98	0.86173
22	101	0.906547
22	102	0.906548
22	104	0.898575
22	105	0.898575
22	106	0.935415
22	144	2.00789
22	148	1.84504
22	164	3.14663
23	8	0.990866
23	12	0.878755
23	14	0.969593
23	20	0.878807
23	28	0.86351
23	34	0.878877
23	43	0.927177
23	46	0.927182
23	124	1.46079
23	130	0.87047
23	133	0.914155
23	146	2.23947
23	177	5.33072
24	63	0.898881
24	64	0.992037
24	69	0.962556
24	73	0.860941
24	74	0.86095
24	76	0.943361
24	77	0.943371
24	79	0.917975
24	83	0.907655
24	118	3.2948
24	151	2.60843
24	164	1.59037
24	174	0.811336
25	18	0.942167
25	86	0.904995
25	91	0.897908
25	92	0.903451
25	111	0.90368
25	114	2.30424
25	116	0.899861
25	121	0.914088
25	123	0.948757
25	125	0.938983
25	140	2.76762
25	156	2.00585
25	176	0.845215
26	82	1.45674
26	90	0.887967
26	94	0.926514
26	95	0.926517
26	97	0.919153
26	98	0.867094
26	101	0.911911
26	102	0.911912
26	104	0.903939
26	105	0.903939
26	106	0.940779
26	161	3.52029
26	167	2.92478
27	30	0.871885
27	70	0.867395
27	73	0.797708
27	74	0.797716
27	83	0.844422
27	98	0.806669
27	104	0.843514
27	105	0.843513
27	106	0.880354
27	130	3.29436
27	140	2.87791
27	164	0.798592
27	174	0.748103
28	8	0.88472
28	12	0.772609
28	14	0.863447
28	18	0.853446
28	20	0.772661
28	23	0.86351
28	34	0.77273
28	43	0.82103
28	46	0.821035
28	114	0.802041
28	130	0.764324
28	133	0.808008
28	134	2.57514
28	156	3.56227
29	90	0.865995
29	93	0.91964
29	94	0.904543
29	95	0.904545
29	97	0.897182
29	98	0.845123
29	101	0.88994
29	102	0.889941
29	104	0.881968
29	105	0.881967
29	106	0.918808
29	114	1.17266
29	149	2.94358
29	165	3.90124
30	5	0.86103
30	16	0.950662
30	19	0.868165
30	27	0.871885
30	31	0.852944
30	40	0.907525
30	54	0.968207
30	56	0.832039
30	70	0.926852
30	88	1.92281
30	129	3.24377
30	148	2.08775
30	159	0.902245
30	164	0.858048
31	15	0.873966
31	16	0.872265
31	19	0.789768
31	30	0.852944
31	39	0.83326
31	40	0.829128
31	56	0.753641
31	70	0.848454
31	85	2.62336
31	118	0.7651
31	136	0.777557
31	159	0.823848
31	164	0.779651
31	171	3.92673
32	7	0.886174
32	11	0.98049
32	17	0.969637
32	42	1.54506
32	60	0.900191
32	67	0.954064
32	110	0.795204
32	114	0.895709
32	119	0.887383
32	143	1.95331
32	147	0.863045
32	150	0.8172
32	154	4.00708
32	176	0.850163
33	10	0.951923
33	37	0.899987
33	44	0.894728
33	47	0.892703
33	49	0.877662
33	55	0.880011
33	59	0.933033
33	66	0.851507
33	71	0.901506
33	82	2.2299
33	96	1.00133
33	119	0.869417
33	124	5.17534
33	147	0.845078
34	8	0.900087
34	12	0.787976
34	14	0.878814
34	20	0.788028
34	23	0.878877
34	28	0.77273
34	43	0.836397
34	46	0.836402
34	114	0.817408
34	130	0.779691
34	133	0.823375
34	144	1.76295
34	176	4.02505
35	41	1.38447
35	84	0.898771
35	91	0.88544
35	92	0.890983
35	111	0.891212
35	112	0.897569
35	116	0.887393
35	121	0.901621
35	122	0.941515
35	125	0.926515
35	136	0.845218
35	138	1.54491
35	175	4.47566
35	176	0.832748
36	7	0.880596
36	60	0.894613
36	67	0.948486
36	72	0.919084
36	103	0.883546
36	116	0.89923
36	118	2.51978
36	121	0.913458
36	123	0.948126
36	164	0.859149
36	168	3.39242
36	171	1.9451
36	174	0.80866
36	176	0.844585
37	10	0.943143
37	33	0.899987
37	44	0.885948
37	47	0.883924
37	55	0.871231
37	59	0.924253
37	66	0.842728
37	71	0.892727
37	88	0.919104
37	114	1.34021
37	119	0.860638
37	133	0.87493
37	139	2.17346
37	175	4.07234
38	53	0.861406
38	84	0.876916
38	86	0.870672
38	103	0.849855
38	111	0.869358
38	112	0.875714
38	116	0.865538
38	121	0.879766
38	122	0.91966
38	123	0.914434
38	125	0.904661
38	134	1.44792
38	157	3.79344
38	165	3.19298
38	176	0.810893
39	5	0.841346
39	15	0.932679
39	16	0.930978
39	19	0.848481
39	31	0.83326
39	40	0.88784
39	54	0.948523
39	56	0.812354
39	70	0.907167
39	115	1.73466
39	136	0.83627
39	159	0.882561
39	163	3.49213
39	164	0.838364
39	176	2.73188
40	15	0.928547
40	16	0.926845
40	30	0.907525
40	31	0.829128
40	39	0.88784
40	54	0.944391
40	56	0.808222
40	70	0.903035
40	118	0.819681
40	136	0.832138
40	154	1.97361
40	159	0.878429
40	164	0.834232
40	171	2.49426
40	173	3.67732
41	35	1.38447
41	78	0.142317
41	102	0.568944
41	139	0.915471
41	142	0.885525
41	156	0.934572
41	161	0.873044
41	165	0.873394
41	170	0.86566
41	171	0.891239
41	173	0.862798
41	177	0.842173
41	178	0.863399
41	179	0.842671
41	180	0.850457
42	32	1.54506
42	64	0.365474
42	133	0.126677
42	138	0.938989
42	146	0.884742
42	154	0.89652
42	159	0.933308
42	162	0.856957
42	163	0.873644
42	165	0.869584
42	168	0.863552
42	177	0.838364
42	178	0.85959
42	179	0.838862
42	180	0.846647
43	8	0.948387
43	12	0.836276
43	14	0.927114
43	18	0.917113
43	20	0.836328
43	23	0.927177
43	28	0.82103
43	34	0.836397
43	46	0.884702
43	88	1.13578
43	114	0.865708
43	130	0.827991
43	133	0.871675
43	138	1.73503
43	160	4.94704
44	6	0.849735
44	18	0.915109
44	33	0.894728
44	37	0.885948
44	47	0.878664
44	49	0.863623
44	55	0.865972
44	59	0.918994
44	66	0.837468
44	71	0.887467
44	133	0.869671
44	139	1.63159
44	147	0.83104
44	156	1.81292
44	179	5.87535
45	1	0.867039
45	2	0.867039
45	21	0.937039
45	52	0.878017
45	57	0.878029
45	61	0.865291
45	65	0.865298
45	68	0.919146
45	72	0.902289
45	131	2.59416
45	150	4.88034
45	151	2.31106
45	159	0.886551
45	164	0.842354
45	174	0.791865
46	8	0.948392
46	12	0.836281
46	14	0.927119
46	18	0.917118
46	20	0.836333
46	23	0.927182
46	28	0.821035
46	34	0.836402
46	43	0.884702
46	81	1.51509
46	114	0.865713
46	130	0.827996
46	133	0.87168
46	147	1.93413
46	158	4.96178
47	6	0.847711
47	10	0.935859
47	33	0.892703
47	37	0.883924
47	44	0.878664
47	49	0.861599
47	55	0.863947
47	59	0.916969
47	66	0.835444
47	71	0.885443
47	133	0.867646
47	136	2.71142
47	145	3.66677
47	147	0.829015
47	159	1.31377
48	80	0.723522
48	122	3.59851
48	127	0.81424
48	130	0.753818
48	132	0.800015
48	144	0.786158
48	145	0.769505
48	161	0.740677
48	162	0.728399
48	163	0.745087
48	170	0.733293
48	175	0.735923
48	177	0.709807
48	178	0.731032
48	179	0.710304
48	180	0.71809
49	6	0.83267
49	10	0.920818
49	33	0.877662
49	44	0.863623
49	47	0.861599
49	55	0.848906
49	59	0.901928
49	66	0.820403
49	71	0.870402
49	88	0.896779
49	119	0.838313
49	133	0.852605
49	144	1.95611
49	147	0.813974
49	157	1.8674
49	177	5.93537
50	76	0.696951
50	91	1.91327
50	107	0.881723
50	129	0.851128
50	151	0.84142
50	160	0.793098
50	161	0.796957
50	166	0.793476
50	169	0.775642
50	170	0.789573
50	172	0.790839
50	175	0.792203
50	177	0.766086
50	178	0.787312
50	179	0.766584
50	180	0.77437
51	54	0.802682
51	59	0.329876
51	102	0.6847
51	146	0.877925
51	149	0.894076
51	153	0.896404
51	155	0.821865
51	156	0.923946
51	162	0.850139
51	168	0.856734
51	169	0.841102
51	172	0.8563
51	175	0.857663
51	178	0.852772
51	179	0.832044
51	180	0.83983
52	1	0.845104
52	2	0.845104
52	9	0.941475
52	21	0.915104
52	45	0.878017
52	57	0.856093
52	61	0.843356
52	65	0.843363
52	68	0.897211
52	72	0.880354
52	130	2.89814
52	136	2.13131
52	145	3.08666
52	159	0.864616
52	164	0.820419
52	174	0.769929
53	38	0.861406
53	84	0.872163
53	91	0.858832
53	103	0.845101
53	111	0.864604
53	112	0.870961
53	116	0.860785
53	121	0.875012
53	122	0.914907
53	123	0.909681
53	125	0.899907
53	146	2.96739
53	158	0.759736
53	160	2.83403
53	167	2.83474
53	176	0.80614
54	5	0.897896
54	15	0.989229
54	16	0.987528
54	19	0.905031
54	30	0.968207
54	39	0.948523
54	40	0.944391
54	51	0.802682
54	56	0.868904
54	70	0.963718
54	130	1.84586
54	136	0.89282
54	141	2.32228
54	159	0.939111
54	164	0.894914
54	168	4.21177
55	6	0.835019
55	10	0.923167
55	33	0.880011
55	37	0.871231
55	44	0.865972
55	47	0.863947
55	49	0.848906
55	59	0.904277
55	66	0.822752
55	71	0.87275
55	119	0.840661
55	129	2.08174
55	133	0.854954
55	147	0.816323
55	158	4.09289
55	169	3.40996
56	5	0.761727
56	15	0.853061
56	16	0.851359
56	19	0.768862
56	30	0.832039
56	31	0.753641
56	39	0.812354
56	40	0.808222
56	54	0.868904
56	70	0.827549
56	99	1.8812
56	118	0.744194
56	136	0.756651
56	144	4.62113
56	159	0.802942
56	164	0.758745
57	1	0.845115
57	2	0.845115
57	9	0.941486
57	21	0.915115
57	45	0.878029
57	52	0.856093
57	61	0.843367
57	65	0.843374
57	68	0.897222
57	72	0.880365
57	137	3.33693
57	139	2.45721
57	141	2.9802
57	159	0.864627
57	164	0.82043
57	174	0.769941
58	78	0.919629
58	89	0.973485
58	90	0.884783
58	93	0.938428
58	94	0.92333
58	95	0.923333
58	96	1.49143
58	97	0.915969
58	98	0.86391
58	101	0.908727
58	102	0.908729
58	104	0.900756
58	105	0.900755
58	106	0.937596
58	119	1.5542
58	152	2.99141
58	167	4.21354
59	10	0.976189
59	33	0.933033
59	37	0.924253
59	44	0.918994
59	47	0.916969
59	49	0.901928
59	51	0.329876
59	55	0.904277
59	66	0.875773
59	71	0.925772
59	88	0.95215
59	119	0.893683
59	133	0.907976
59	143	1.80617
59	147	0.869345
59	176	2.08919
59	177	6.52688
60	7	0.841666
60	11	0.935983
60	17	0.92513
60	32	0.900191
60	36	0.894613
60	67	0.909556
60	81	0.837219
60	88	1.01978
60	110	0.750696
60	114	0.851201
60	119	0.842876
60	130	0.813484
60	145	2.88599
60	147	0.818537
60	150	0.772693
60	176	0.805655
60	178	4.53784
61	1	0.832378
61	2	0.832378
61	9	0.928749
61	21	0.902378
61	45	0.865291
61	52	0.843356
61	57	0.843367
61	65	0.830637
61	68	0.884485
61	72	0.867628
61	109	0.853002
61	156	1.8868
61	159	0.85189
61	164	0.807693
61	174	0.757204
61	178	2.56662
61	180	5.37325
62	1	2.16674
62	95	1.83683
62	109	0.856471
62	120	0.784162
62	128	0.803045
62	142	0.803765
62	156	0.852813
62	160	0.787426
62	163	0.795694
62	167	0.79277
62	172	0.785167
62	173	0.781038
62	175	0.78653
62	177	0.760414
62	178	0.78164
62	179	0.760912
62	180	0.768697
63	3	0.931353
63	4	0.828881
63	24	0.898881
63	64	0.952024
63	69	0.922542
63	73	0.820927
63	74	0.820936
63	76	0.903348
63	77	0.903358
63	79	0.877961
63	83	0.867642
63	107	2.47753
63	132	1.50119
63	153	4.05815
63	174	0.771322
64	4	0.922037
64	24	0.992037
64	42	0.365474
64	63	0.952024
64	69	1.0157
64	73	0.914084
64	74	0.914092
64	76	0.996504
64	77	0.996514
64	79	0.971118
64	83	0.960798
64	120	2.72991
64	153	1.32902
64	158	4.14533
64	174	0.864479
65	1	0.832384
65	2	0.832384
65	9	0.928756
65	21	0.902384
65	45	0.865298
65	52	0.843363
65	57	0.843374
65	61	0.830637
65	68	0.884492
65	72	0.867634
65	109	0.853009
65	134	1.16589
65	159	0.851896
65	164	0.807699
65	170	4.27537
65	171	3.27759
65	174	0.75721
66	6	0.806515
66	10	0.894664
66	18	0.871889
66	33	0.851507
66	37	0.842728
66	44	0.837468
66	47	0.835444
66	49	0.820403
66	55	0.822752
66	59	0.875773
66	71	0.844247
66	88	0.870625
66	119	0.812158
66	133	0.82645
66	147	0.787819
66	149	2.21199
66	172	3.62441
66	175	3.17321
67	7	0.895539
67	11	0.989856
67	17	0.979002
67	32	0.954064
67	36	0.948486
67	60	0.909556
67	81	0.891091
67	100	1.42118
67	110	0.804569
67	114	0.905074
67	119	0.896748
67	130	0.867357
67	147	0.87241
67	150	0.826565
67	160	1.87738
67	162	3.11136
67	176	0.859528
67	180	4.39082
68	1	0.886233
68	2	0.886233
68	9	0.982604
68	21	0.956233
68	45	0.919146
68	52	0.897211
68	57	0.897222
68	61	0.884485
68	65	0.884492
68	72	0.921483
68	100	1.24472
68	109	0.906857
68	127	2.38128
68	148	1.18515
68	159	0.905745
68	164	0.861548
68	173	4.79956
68	174	0.811059
69	3	0.995027
69	4	0.892556
69	24	0.962556
69	63	0.922542
69	64	1.0157
69	73	0.884602
69	74	0.88461
69	76	0.967022
69	77	0.967032
69	79	0.941636
69	83	0.931316
69	120	1.69662
69	137	1.52132
69	155	6.41884
69	174	0.834997
69	175	2.55556
70	5	0.85654
70	15	0.947874
70	16	0.946172
70	19	0.863675
70	27	0.867395
70	30	0.926852
70	31	0.848454
70	39	0.907167
70	40	0.903035
70	54	0.963718
70	56	0.827549
70	107	1.88174
70	115	2.2513
70	118	0.839008
70	136	0.851465
70	140	1.91988
70	159	0.897756
70	164	0.853559
70	173	4.43798
71	6	0.856514
71	10	0.944662
71	18	0.921887
71	33	0.901506
71	37	0.892727
71	44	0.887467
71	47	0.885443
71	49	0.870402
71	55	0.87275
71	59	0.925772
71	66	0.844247
71	88	0.920623
71	99	0.892028
71	119	0.862157
71	133	0.876449
71	140	2.06424
71	141	2.95711
71	147	0.837818
71	178	4.32105
72	1	0.869376
72	2	0.869376
72	9	0.965747
72	21	0.939376
72	36	0.919084
72	45	0.902289
72	52	0.880354
72	57	0.880365
72	61	0.867628
72	65	0.867634
72	68	0.921483
72	109	0.89
72	124	2.66387
72	137	2.10233
72	159	0.888887
72	164	0.84469
72	174	0.794201
72	176	2.03885
72	179	5.25672
73	3	0.893413
73	4	0.790941
73	24	0.860941
73	27	0.797708
73	63	0.820927
73	64	0.914084
73	69	0.884602
73	74	0.782996
73	75	0.725828
73	76	0.865408
73	77	0.865418
73	79	0.840021
73	83	0.829702
73	88	0.864994
73	109	0.829181
73	132	3.20326
73	143	2.97835
73	159	2.4697
73	174	0.733382
74	3	0.893421
74	4	0.79095
74	24	0.86095
74	27	0.797716
74	63	0.820936
74	64	0.914092
74	69	0.88461
74	73	0.782996
74	75	0.725837
74	76	0.865416
74	77	0.865426
74	79	0.84003
74	83	0.82971
74	88	0.865003
74	109	0.829189
74	120	4.27347
74	164	1.53537
74	174	0.733391
74	175	3.59884
75	73	0.725828
75	74	0.725837
75	79	0.782862
75	83	0.772543
75	105	4.30859
75	108	0.742135
75	110	0.657189
75	111	0.770613
75	116	0.766794
75	121	0.781021
75	123	0.815689
75	125	0.805916
75	134	0.797539
75	153	0.740822
75	174	0.676223
75	175	0.702081
75	177	0.675965
75	179	0.676463
75	180	0.684248
76	3	0.975833
76	4	0.873361
76	24	0.943361
76	50	0.696951
76	63	0.903348
76	64	0.996504
76	69	0.967022
76	73	0.865408
76	74	0.865416
76	77	0.947838
76	79	0.922441
76	83	0.912122
76	87	2.2511
76	109	0.911601
76	136	1.87956
76	142	3.8352
76	174	0.815802
77	3	0.975843
77	4	0.873371
77	24	0.943371
77	63	0.903358
77	64	0.996514
77	69	0.967032
77	73	0.865418
77	74	0.865426
77	76	0.947838
77	79	0.922451
77	83	0.912132
77	109	0.911611
77	132	1.47325
77	146	3.13407
77	149	1.75824
77	161	3.59693
77	174	0.815812
78	41	0.142317
78	58	0.919629
78	89	0.966202
78	90	0.877501
78	93	0.931146
78	94	0.916048
78	95	0.916051
78	97	0.908687
78	98	0.856628
78	101	0.901445
78	102	0.901447
78	104	0.893474
78	105	0.893473
78	106	0.930313
78	147	3.09927
78	154	2.58251
78	158	0.787583
78	176	3.09677
79	3	0.950447
79	4	0.847975
79	24	0.917975
79	63	0.877961
79	64	0.971118
79	69	0.941636
79	73	0.840021
79	74	0.84003
79	75	0.782862
79	76	0.922441
79	77	0.922451
79	83	0.886736
79	88	0.922028
79	109	0.886215
79	117	4.33615
79	131	4.03521
79	153	1.35828
79	174	0.790416
79	176	1.14443
80	9	6
80	48	0.723522
80	119	0.77038
80	131	0.730517
80	140	0.768511
80	141	0.778422
80	146	0.743355
80	148	0.816341
80	151	0.77231
80	154	0.755133
80	160	0.723989
80	165	0.728197
80	169	0.706532
80	170	0.720463
80	172	0.72173
80	175	0.723093
80	177	0.696977
80	178	0.718203
80	179	0.697475
80	180	0.70526
81	11	0.917518
81	15	1.51237
81	46	1.51509
81	60	0.837219
81	67	0.891091
81	94	1.83145
81	112	0.852011
81	113	0.775084
81	121	0.856063
81	122	0.895958
81	123	0.890731
81	125	0.880958
81	130	0.795019
81	166	0.778397
81	167	0.783363
81	173	0.771632
81	175	0.777124
81	176	0.78719
81	179	0.751505
81	180	0.75929
82	26	1.45674
82	33	2.2299
82	84	0.933088
82	117	0.821584
82	129	0.878141
82	151	0.868432
82	157	0.832079
82	165	0.824319
82	166	0.820489
82	167	0.825455
82	168	0.818287
82	170	0.816585
82	171	0.842165
82	172	0.817852
82	173	0.813723
82	175	0.819215
82	177	0.793099
82	178	0.814325
82	179	0.793597
82	180	0.801382
83	3	0.940127
83	4	0.837655
83	24	0.907655
83	27	0.844422
83	63	0.867642
83	64	0.960798
83	69	0.931316
83	73	0.829702
83	74	0.82971
83	75	0.772543
83	76	0.912122
83	77	0.912132
83	79	0.886736
83	88	0.911709
83	109	0.875895
83	128	3.97318
83	132	2.12473
83	136	2.78881
83	159	1.39117
83	174	0.780097
84	13	0.828124
84	35	0.898771
84	38	0.876916
84	53	0.872163
84	82	0.933088
84	86	0.881429
84	92	0.879885
84	103	0.860611
84	111	0.880114
84	112	0.886471
84	116	0.876295
84	121	0.890523
84	122	0.930417
84	123	0.925191
84	125	0.915418
84	135	6.04249
84	154	1.6292
84	156	1.06934
84	158	0.775246
84	176	0.82165
85	31	2.62336
85	94	1.93555
85	118	0.791157
85	126	0.795911
85	137	0.844795
85	144	0.831312
85	155	0.745279
85	157	0.793941
85	160	0.781973
85	165	0.786181
85	169	0.764516
85	171	0.804027
85	173	0.775586
85	174	0.755219
85	175	0.781077
85	177	0.754961
85	178	0.776187
85	179	0.755459
85	180	0.763244
86	25	0.904995
86	38	0.870672
86	84	0.881429
86	91	0.868098
86	92	0.873641
86	103	0.854367
86	111	0.87387
86	112	0.880227
86	116	0.870051
86	120	0.802971
86	121	0.884279
86	122	0.924173
86	123	0.918947
86	125	0.909174
86	132	2.19757
86	133	0.866919
86	143	1.97266
86	156	2.45027
86	164	3.41733
86	176	0.815406
87	76	2.2511
87	116	1.10912
87	120	0.799658
87	124	0.821827
87	125	1.17678
87	127	0.880344
87	129	0.860952
87	143	0.883896
87	144	0.852261
87	148	0.895274
87	152	0.829236
87	162	0.794503
87	163	0.81119
87	166	0.8033
87	169	0.785465
87	170	0.799396
87	171	0.824976
87	178	0.797136
87	179	0.776408
87	180	0.784193
88	30	1.92281
88	37	0.919104
88	43	1.13578
88	49	0.896779
88	59	0.95215
88	60	1.01978
88	66	0.870625
88	71	0.920623
88	73	0.864994
88	74	0.865003
88	79	0.922028
88	83	0.911709
88	105	0.530227
88	132	0.90534
88	166	0.842521
88	170	0.838617
88	174	0.815389
88	178	0.836357
88	179	0.815629
88	180	0.823414
89	58	0.973485
89	78	0.966202
89	90	0.931356
89	93	0.985001
89	94	0.969903
89	95	0.969906
89	97	0.962542
89	98	0.910483
89	101	0.9553
89	102	0.955302
89	104	0.947329
89	105	0.947328
89	106	0.984169
89	110	7.5
89	129	1.39131
89	135	1.75645
89	138	2.04902
89	158	0.841439
89	168	2.25561
90	26	0.887967
90	29	0.865995
90	58	0.884783
90	78	0.877501
90	89	0.931356
90	93	0.896299
90	94	0.881202
90	95	0.881205
90	97	0.873841
90	98	0.821782
90	101	0.866599
90	102	0.8666
90	104	0.858627
90	105	0.858627
90	106	0.895467
90	107	1.58565
90	118	0.799154
90	147	1.86542
90	158	0.752737
90	169	4.21014
90	174	3.74496
91	25	0.897908
91	35	0.88544
91	50	1.91327
91	53	0.858832
91	86	0.868098
91	92	0.866555
91	103	0.847281
91	111	0.866784
91	112	0.873141
91	114	2.98289
91	116	0.862965
91	121	0.877192
91	122	0.917087
91	123	0.911861
91	125	0.902087
91	133	0.859832
91	136	0.82079
91	138	2.78426
91	150	0.775357
91	159	1.69823
91	176	0.808319
92	13	0.820336
92	25	0.903451
92	35	0.890983
92	84	0.879885
92	86	0.873641
92	91	0.866555
92	103	0.852824
92	111	0.872327
92	112	0.878683
92	116	0.868508
92	121	0.882735
92	122	0.92263
92	123	0.917404
92	125	0.90763
92	143	1.03647
92	150	0.7809
92	158	0.767459
92	160	3.84155
92	170	3.62437
92	171	2.62659
92	176	0.813862
93	22	0.936247
93	29	0.91964
93	58	0.938428
93	78	0.931146
93	89	0.985001
93	90	0.896299
93	94	0.934846
93	95	0.934849
93	97	0.927486
93	98	0.875427
93	101	0.920244
93	102	0.920245
93	104	0.912272
93	105	0.912271
93	106	0.949112
93	107	1.55508
93	138	1.83948
93	153	3.1357
93	154	2.4076
93	158	0.806382
93	173	4.11131
94	22	0.92115
94	26	0.926514
94	29	0.904543
94	58	0.92333
94	78	0.916048
94	81	1.83145
94	85	1.93555
94	89	0.969903
94	90	0.881202
94	93	0.934846
94	95	0.919752
94	97	0.912388
94	98	0.860329
94	101	0.905146
94	102	0.905148
94	104	0.897174
94	105	0.897174
94	106	0.934014
94	108	2.05935
94	115	2.2353
94	129	1.96359
94	158	0.791284
95	22	0.921153
95	26	0.926517
95	29	0.904545
95	58	0.923333
95	62	1.83683
95	78	0.916051
95	89	0.969906
95	90	0.881205
95	93	0.934849
95	94	0.919752
95	97	0.912391
95	98	0.860332
95	101	0.905149
95	102	0.90515
95	104	0.897177
95	105	0.897177
95	106	0.934017
95	127	2.14502
95	130	2.46164
95	143	1.65302
95	158	0.791287
95	176	3.37384
96	7	2.96029
96	33	1.00133
96	58	1.49143
96	104	0.599411
96	113	0.865145
96	126	0.882018
96	135	0.870321
96	142	0.88442
96	145	0.900767
96	146	0.887446
96	155	0.831386
96	160	0.86808
96	167	0.873424
96	169	0.850623
96	170	0.864555
96	172	0.865821
96	173	0.861693
96	177	0.841068
96	178	0.862294
96	179	0.841566
96	180	0.849352
97	22	0.913789
97	26	0.919153
97	29	0.897182
97	58	0.915969
97	78	0.908687
97	89	0.962542
97	90	0.873841
97	93	0.927486
97	94	0.912388
97	95	0.912391
97	98	0.852968
97	101	0.897785
97	102	0.897787
97	104	0.889814
97	105	0.889813
97	106	0.926654
97	120	0.817893
97	135	3.00106
97	158	0.783924
97	163	1.59367
97	171	2.304
97	177	4.70703
97	179	3.42995
98	22	0.86173
98	26	0.867094
98	27	0.806669
98	29	0.845123
98	58	0.86391
98	78	0.856628
98	89	0.910483
98	90	0.821782
98	93	0.875427
98	94	0.860329
98	95	0.860332
98	97	0.852968
98	101	0.845726
98	102	0.845728
98	104	0.837755
98	105	0.837754
98	106	0.874594
98	109	2.00338
98	118	0.778281
98	120	0.765833
98	158	0.731864
98	161	4.72709
98	164	1.78614
98	170	3.91368
99	7	2.05406
99	56	1.8812
99	71	0.892028
99	106	0.147243
99	111	0.0448947
99	135	0.886456
99	141	0.938649
99	149	0.919733
99	154	0.91536
99	155	0.847522
99	160	0.884216
99	162	0.875797
99	165	0.888424
99	166	0.884593
99	168	0.882392
99	169	0.866759
99	170	0.88069
99	171	0.906269
99	172	0.881957
99	175	0.88332
99	177	0.857204
99	178	0.87843
99	179	0.857702
99	180	0.865487
100	16	1.56815
100	67	1.42118
100	68	1.24472
100	104	0.62331
100	108	0.920161
100	133	0.878847
100	142	0.897342
100	146	0.900369
100	153	0.918848
100	155	0.844309
100	157	0.892971
100	160	0.881003
100	162	0.872584
100	163	0.889271
100	165	0.885211
100	166	0.88138
100	167	0.886346
100	170	0.877477
100	171	0.903056
100	172	0.878744
100	175	0.880107
100	178	0.875217
100	179	0.854489
100	180	0.862274
101	22	0.906547
101	26	0.911911
101	29	0.88994
101	58	0.908727
101	78	0.901445
101	89	0.9553
101	90	0.866599
101	93	0.920244
101	94	0.905146
101	95	0.905149
101	97	0.897785
101	98	0.845726
101	102	0.890545
101	104	0.882572
101	105	0.882571
101	106	0.919411
101	109	1.66982
101	115	1.57873
101	118	0.823098
101	120	0.81065
101	142	2.85256
101	158	0.776681
101	170	3.58012
101	172	3.96725
102	22	0.906548
102	26	0.911912
102	29	0.889941
102	41	0.568944
102	51	0.6847
102	58	0.908729
102	78	0.901447
102	89	0.955302
102	90	0.8666
102	93	0.920245
102	94	0.905148
102	95	0.90515
102	97	0.897787
102	98	0.845728
102	101	0.890545
102	104	0.882573
102	105	0.882572
102	106	0.919413
102	118	0.8231
102	120	0.810652
102	139	2.56462
102	149	3.50229
102	151	3.4181
102	158	0.776683
103	13	0.801062
103	36	0.883546
103	38	0.849855
103	53	0.845101
103	84	0.860611
103	86	0.854367
103	91	0.847281
103	92	0.852824
103	111	0.853053
103	112	0.859409
103	120	0.782154
103	121	0.863461
103	122	0.903356
103	123	0.89813
103	125	0.888356
103	133	0.846101
103	136	0.807059
103	150	0.761626
103	158	0.748185
103	168	2.87305
103	171	1.42573
103	172	2.81065
103	176	0.794588
103	180	5.15414
104	22	0.898575
104	26	0.903939
104	27	0.843514
104	29	0.881968
104	58	0.900756
104	78	0.893474
104	89	0.947329
104	90	0.858627
104	93	0.912272
104	94	0.897174
104	95	0.897177
104	96	0.599411
104	97	0.889814
104	98	0.837755
104	100	0.62331
104	101	0.882572
104	102	0.882573
104	105	0.874599
104	106	0.91144
104	118	0.815127
104	120	0.802679
104	127	1.58189
104	158	0.76871
104	169	5.15793
104	172	4.20202
105	22	0.898575
105	26	0.903939
105	27	0.843513
105	29	0.881967
105	58	0.900755
105	75	4.30859
105	78	0.893473
105	88	0.530227
105	89	0.947328
105	90	0.858627
105	93	0.912271
105	94	0.897174
105	95	0.897177
105	97	0.889813
105	98	0.837754
105	101	0.882571
105	102	0.882572
105	104	0.874599
105	106	0.911439
105	118	0.815126
105	120	0.802678
105	141	1.68935
105	158	0.768709
105	166	2.67296
105	173	2.17383
106	22	0.935415
106	26	0.940779
106	27	0.880354
106	29	0.918808
106	58	0.937596
106	78	0.930313
106	89	0.984169
106	90	0.895467
106	93	0.949112
106	94	0.934014
106	95	0.934017
106	97	0.926654
106	98	0.874594
106	99	0.147243
106	101	0.919411
106	102	0.919413
106	104	0.91144
106	105	0.911439
106	118	0.851966
106	120	0.839519
106	136	1.8889
106	147	3.57043
106	148	1.14298
106	158	0.80555
106	164	2.44457
106	178	4.49609
107	50	0.881723
107	63	2.47753
107	70	1.88174
107	90	1.58565
107	93	1.55508
107	128	0.841529
107	129	0.88394
107	131	0.832438
107	135	0.828151
107	139	0.872196
107	140	0.870432
107	144	0.875249
107	152	0.852224
107	155	0.789216
107	162	0.817491
107	166	0.826288
107	169	0.808453
107	170	0.822384
107	171	0.847963
107	174	0.799156
107	175	0.825014
107	177	0.798898
107	178	0.820124
107	179	0.799396
107	180	0.807181
108	6	3.80732
108	75	0.742135
108	94	2.05935
108	100	0.920161
108	122	0.731843
108	124	0.795348
108	131	0.782971
108	140	0.820965
108	145	0.80913
108	151	0.824764
108	153	0.814288
108	154	0.807588
108	156	0.84183
108	161	0.780302
108	162	0.768024
108	163	0.784711
108	165	0.780652
108	167	0.781787
108	169	0.758986
108	171	0.798497
108	173	0.770056
108	175	0.775547
108	176	0.785614
108	177	0.749431
108	179	0.749929
108	180	0.757714
109	18	1.76918
109	61	0.853002
109	62	0.856471
109	65	0.853009
109	68	0.906857
109	72	0.89
109	73	0.829181
109	74	0.829189
109	76	0.911601
109	77	0.911611
109	79	0.886215
109	83	0.875895
109	98	2.00338
109	101	1.66982
109	116	0.373735
109	160	0.80633
109	163	0.814598
109	164	0.830065
109	165	0.810538
109	169	0.788873
109	174	0.779576
109	178	0.800544
109	179	0.779816
109	180	0.787601
110	17	0.820142
110	32	0.795204
110	60	0.750696
110	67	0.804569
110	75	0.657189
110	89	7.5
110	112	0.765489
110	116	0.755313
110	122	0.809435
110	123	0.804209
110	125	0.794436
110	129	0.749527
110	130	0.708497
110	137	0.754319
110	145	0.724184
110	150	0.667706
110	157	0.703465
110	158	0.654264
110	162	0.683078
110	172	0.689238
110	173	0.68511
110	176	0.700668
110	178	0.685711
110	179	0.664983
110	180	0.672768
111	13	0.820565
111	25	0.90368
111	35	0.891212
111	38	0.869358
111	53	0.864604
111	75	0.770613
111	84	0.880114
111	86	0.87387
111	91	0.866784
111	92	0.872327
111	99	0.0448947
111	103	0.853053
111	112	0.878912
111	116	0.868737
111	121	0.882964
111	122	0.922859
111	123	0.917633
111	125	0.907859
111	133	0.865604
111	134	1.96938
111	136	0.826562
111	148	2.62198
111	150	0.781129
111	158	0.767688
111	159	1.97025
111	163	5.80717
111	176	0.814091
112	13	0.826922
112	35	0.897569
112	38	0.875714
112	53	0.870961
112	81	0.852011
112	84	0.886471
112	86	0.880227
112	91	0.873141
112	92	0.878683
112	103	0.859409
112	110	0.765489
112	111	0.878912
112	116	0.875093
112	118	2.58543
112	120	0.808013
112	121	0.889321
112	122	0.929215
112	123	0.923989
112	125	0.914216
112	136	0.832918
112	137	1.92531
112	146	3.35907
112	150	0.787485
112	157	3.54138
112	158	0.774044
112	172	3.39567
112	176	0.820448
113	2	4.77437
113	17	3.32563
113	81	0.775084
113	96	0.865145
113	117	0.735822
113	132	0.797546
113	135	0.73659
113	140	0.778871
113	141	0.788783
113	143	0.815324
113	144	0.783688
113	146	0.753716
113	148	0.826702
113	152	0.760663
113	160	0.734349
113	162	0.72593
113	164	0.758085
113	165	0.738558
113	167	0.739693
113	168	0.732525
113	172	0.73209
113	173	0.727962
113	175	0.733454
113	177	0.707338
113	178	0.728563
113	179	0.707835
113	180	0.715621
114	11	0.9315
114	12	0.817286
114	20	0.817338
114	25	2.30424
114	28	0.802041
114	29	1.17266
114	32	0.895709
114	34	0.817408
114	37	1.34021
114	43	0.865708
114	46	0.865713
114	60	0.851201
114	67	0.905074
114	91	2.98289
114	142	0.808341
114	147	0.814054
114	148	0.884354
114	151	0.840323
114	157	0.80397
114	158	0.754769
114	171	0.814055
114	173	0.785614
114	176	0.801173
114	178	0.786216
114	179	0.765488
114	180	0.773273
115	39	1.73466
115	70	2.2513
115	94	2.2353
115	101	1.57873
115	126	0.831458
115	127	0.894941
115	138	0.891133
115	140	0.862042
115	152	0.843834
115	153	0.855365
115	154	0.848664
115	157	0.829488
115	162	0.809101
115	165	0.821728
115	166	0.817898
115	168	0.815696
115	170	0.813994
115	171	0.839573
115	172	0.815261
115	173	0.811132
115	174	0.790766
115	175	0.816624
115	177	0.790508
115	178	0.811734
115	179	0.791006
115	180	0.798791
116	13	0.816746
116	25	0.899861
116	35	0.887393
116	36	0.89923
116	38	0.865538
116	53	0.860785
116	75	0.766794
116	84	0.876295
116	86	0.870051
116	87	1.10912
116	91	0.862965
116	92	0.868508
116	109	0.373735
116	110	0.755313
116	111	0.868737
116	112	0.875093
116	120	0.797838
116	121	0.879145
116	122	0.91904
116	123	0.913814
116	125	0.90404
116	131	4.17064
116	133	0.861785
116	150	0.77731
116	158	0.763869
116	167	2.50193
116	176	0.810272
116	179	5.60778
117	10	3.76385
117	79	4.33615
117	82	0.821584
117	113	0.735822
117	126	0.752696
117	134	0.83332
117	136	0.760399
117	137	0.80158
117	138	0.812371
117	141	0.793191
117	142	0.755097
117	144	0.788097
117	151	0.787079
117	154	0.769902
117	155	0.702064
117	157	0.750726
117	162	0.730339
117	165	0.742966
117	167	0.744102
117	170	0.735232
117	172	0.736499
117	173	0.73237
117	175	0.737862
117	177	0.711746
117	178	0.732972
117	179	0.712244
117	180	0.720029
118	19	0.780321
118	24	3.2948
118	31	0.7651
118	36	2.51978
118	40	0.819681
118	56	0.744194
118	70	0.839008
118	85	0.791157
118	90	0.799154
118	98	0.778281
118	101	0.823098
118	102	0.8231
118	104	0.815127
118	105	0.815126
118	106	0.851966
118	112	2.58543
118	138	0.820082
118	140	0.790991
118	142	0.762809
118	149	0.781987
118	159	0.814401
118	162	0.73805
118	164	0.770204
118	171	0.768523
118	177	0.719457
118	178	0.740683
118	179	0.719955
118	180	0.72774
119	4	3.70039
119	6	0.824425
119	7	0.828858
119	15	1.47617
119	32	0.887383
119	33	0.869417
119	37	0.860638
119	49	0.838313
119	55	0.840661
119	58	1.5542
119	59	0.893683
119	60	0.842876
119	66	0.812158
119	67	0.896748
119	71	0.862157
119	80	0.77038
119	122	0.467746
119	147	0.805729
119	150	0.759885
119	163	0.791944
119	168	0.781852
119	172	0.781417
119	173	0.777289
119	175	0.782781
119	176	0.792847
119	177	0.756664
119	178	0.77789
119	180	0.764948
120	62	0.784162
120	64	2.72991
120	69	1.69662
120	74	4.27347
120	86	0.802971
120	87	0.799658
120	97	0.817893
120	98	0.765833
120	101	0.81065
120	102	0.810652
120	103	0.782154
120	104	0.802679
120	105	0.802678
120	106	0.839519
120	112	0.808013
120	116	0.797838
120	121	0.812065
120	122	0.85196
120	123	0.846734
120	125	0.83696
120	131	0.740549
120	165	0.73823
120	170	0.730496
120	173	0.727634
120	175	0.733126
120	177	0.707009
120	178	0.728235
120	179	0.707507
120	180	0.715293
121	13	0.830974
121	25	0.914088
121	35	0.901621
121	36	0.913458
121	38	0.879766
121	53	0.875012
121	75	0.781021
121	81	0.856063
121	84	0.890523
121	86	0.884279
121	91	0.877192
121	92	0.882735
121	103	0.863461
121	111	0.882964
121	112	0.889321
121	116	0.879145
121	120	0.812065
121	122	0.933267
121	123	0.928041
121	125	0.918267
121	126	4.33565
121	133	0.876012
121	136	0.83697
121	148	1.59331
121	150	0.791537
121	158	0.778096
121	159	1.0461
121	166	3.48122
121	174	3.67469
121	176	0.8245
121	178	2.72081
122	13	0.870868
122	18	0.961345
122	35	0.941515
122	38	0.91966
122	48	3.59851
122	53	0.914907
122	81	0.895958
122	84	0.930417
122	86	0.924173
122	91	0.917087
122	92	0.92263
122	103	0.903356
122	108	0.731843
122	110	0.809435
122	111	0.922859
122	112	0.929215
122	116	0.91904
122	119	0.467746
122	120	0.85196
122	121	0.933267
122	123	0.967936
122	125	0.958162
122	133	0.915907
122	136	0.876865
122	149	1.8839
122	150	0.831432
122	152	1.90495
122	153	2.11885
122	158	0.817991
122	166	3.59359
122	176	0.864394
123	13	0.865642
123	25	0.948757
123	36	0.948126
123	38	0.914434
123	53	0.909681
123	75	0.815689
123	81	0.890731
123	84	0.925191
123	86	0.918947
123	91	0.911861
123	92	0.917404
123	103	0.89813
123	110	0.804209
123	111	0.917633
123	112	0.923989
123	116	0.913814
123	120	0.846734
123	121	0.928041
123	122	0.967936
123	125	0.952936
123	126	3.24529
123	133	0.910681
123	136	0.871639
123	147	1.83076
123	150	0.826206
123	158	0.812765
123	163	1.46252
123	170	1.70645
123	176	0.859168
123	178	1.63044
123	179	5.0302
123	180	4.43708
124	23	1.46079
124	33	5.17534
124	72	2.66387
124	87	0.821827
124	108	0.795348
124	126	0.770128
124	127	0.833611
124	128	0.771809
124	134	0.850752
124	135	0.758431
124	137	0.819012
124	138	0.829803
124	144	0.805529
124	145	0.788876
124	151	0.804511
124	152	0.782504
124	153	0.794035
124	162	0.747771
124	163	0.764458
124	166	0.756568
124	169	0.738733
124	170	0.752664
124	171	0.778243
124	172	0.753931
124	173	0.749802
124	174	0.729436
124	175	0.755294
124	177	0.729178
124	178	0.750404
124	179	0.729676
124	180	0.737461
125	13	0.855868
125	18	0.946346
125	25	0.938983
125	35	0.926515
125	38	0.904661
125	53	0.899907
125	75	0.805916
125	81	0.880958
125	84	0.915418
125	86	0.909174
125	87	1.17678
125	91	0.902087
125	92	0.90763
125	103	0.888356
125	110	0.794436
125	111	0.907859
125	112	0.914216
125	116	0.90404
125	120	0.83696
125	121	0.918267
125	122	0.958162
125	123	0.952936
125	128	1.9896
125	133	0.900907
125	136	0.861865
125	142	2.76088
125	145	1.76058
125	150	0.816432
125	151	2.37897
125	158	0.802991
125	163	3.24451
125	175	3.42438
125	176	0.849395
126	14	2.01906
126	85	0.795911
126	96	0.882018
126	115	0.831458
126	117	0.752696
126	121	4.33565
126	123	3.24529
126	124	0.770128
126	129	0.809253
126	132	0.81442
126	134	0.845785
126	135	0.753464
126	139	0.797509
126	141	0.805656
126	151	0.799544
126	153	0.789068
126	154	0.782367
126	155	0.714529
126	160	0.751223
126	165	0.755431
126	166	0.751601
126	167	0.756566
126	168	0.749399
126	170	0.747697
126	171	0.773276
126	172	0.748964
126	173	0.744835
126	175	0.750327
126	177	0.724211
126	178	0.745437
126	179	0.724709
126	180	0.732494
127	8	2.00632
127	10	1.48548
127	48	0.81424
127	68	2.38128
127	87	0.880344
127	95	2.14502
127	104	1.58189
127	115	0.894941
127	124	0.833611
127	128	0.830326
127	130	0.831706
127	131	0.821235
127	140	0.859228
127	143	0.895681
127	144	0.864046
127	156	0.880094
127	157	0.826674
127	161	0.818565
127	163	0.822975
127	164	0.838442
127	166	0.815084
127	168	0.812883
127	169	0.79725
127	170	0.811181
127	171	0.83676
127	172	0.812448
127	173	0.808319
127	175	0.813811
127	177	0.787695
127	178	0.808921
127	179	0.788193
127	180	0.795978
128	20	3.33722
128	62	0.803045
128	83	3.97318
128	107	0.841529
128	124	0.771809
128	125	1.9896
128	127	0.830326
128	134	0.847466
128	137	0.815726
128	141	0.807337
128	142	0.769244
128	144	0.802243
128	145	0.785591
128	146	0.77227
128	148	0.845256
128	155	0.71621
128	156	0.818291
128	160	0.752904
128	161	0.756763
128	162	0.744485
128	166	0.753282
128	167	0.758248
128	168	0.75108
128	171	0.774958
128	172	0.750645
128	173	0.746517
128	175	0.752008
128	177	0.725892
128	178	0.747118
128	179	0.72639
128	180	0.734175
129	19	2.1196
129	30	3.24377
129	50	0.851128
129	55	2.08174
129	82	0.878141
129	87	0.860952
129	89	1.39131
129	94	1.96359
129	107	0.88394
129	110	0.749527
129	126	0.809253
129	131	0.801843
129	137	0.858137
129	139	0.841601
129	140	0.839837
129	142	0.811655
129	146	0.814681
129	148	0.887667
129	151	0.843636
129	152	0.821629
129	154	0.826459
129	157	0.807283
129	162	0.786896
129	163	0.803583
129	165	0.799523
129	167	0.800659
129	168	0.793491
129	169	0.777858
129	170	0.791789
129	172	0.793056
129	174	0.768561
129	175	0.794419
129	177	0.768303
129	178	0.789529
129	179	0.768801
129	180	0.776586
130	7	0.799466
130	12	0.779569
130	14	0.870407
130	17	0.88293
130	20	0.779621
130	23	0.87047
130	27	3.29436
130	28	0.764324
130	34	0.779691
130	43	0.827991
130	46	0.827996
130	48	0.753818
130	52	2.89814
130	54	1.84586
130	60	0.813484
130	67	0.867357
130	81	0.795019
130	95	2.46164
130	110	0.708497
130	127	0.831706
130	133	0.814968
130	142	0.770624
130	143	0.835259
130	144	0.803624
130	146	0.773651
130	147	0.776337
130	150	0.730493
130	156	0.819672
130	162	0.745866
130	166	0.754662
130	173	0.747897
130	176	0.763456
130	178	0.748499
130	179	0.727771
130	180	0.735556
131	45	2.59416
131	79	4.03521
131	80	0.730517
131	107	0.832438
131	108	0.782971
131	116	4.17064
131	120	0.740549
131	127	0.821235
131	129	0.801843
131	132	0.80701
131	134	0.838375
131	141	0.798246
131	143	0.824787
131	144	0.793152
131	145	0.7765
131	147	0.765866
131	148	0.836165
131	152	0.770127
131	155	0.707119
131	156	0.8092
131	157	0.755781
131	158	0.70658
131	160	0.743813
131	163	0.752081
131	167	0.749157
131	168	0.741989
131	169	0.726356
131	172	0.741554
131	173	0.737426
131	174	0.717059
131	175	0.742917
131	176	0.752984
131	177	0.716801
131	178	0.738027
131	179	0.717299
131	180	0.725084
132	48	0.800015
132	63	1.50119
132	73	3.20326
132	77	1.47325
132	83	2.12473
132	86	2.19757
132	88	0.90534
132	113	0.797546
132	126	0.81442
132	131	0.80701
132	138	0.874095
132	139	0.846768
132	143	0.881456
132	144	0.849821
132	145	0.833168
132	149	0.836
132	154	0.831626
132	155	0.763788
132	157	0.81245
132	159	0.868414
132	160	0.800482
132	161	0.804341
132	162	0.792063
132	163	0.80875
132	165	0.80469
132	166	0.80086
132	167	0.805826
132	168	0.798658
132	170	0.796956
132	171	0.822535
132	173	0.794094
132	175	0.799586
132	178	0.794696
132	179	0.773968
132	180	0.781753
133	6	0.838717
133	8	0.935364
133	12	0.823253
133	14	0.914091
133	20	0.823305
133	23	0.914155
133	28	0.808008
133	34	0.823375
133	37	0.87493
133	42	0.126677
133	43	0.871675
133	44	0.869671
133	46	0.87168
133	47	0.867646
133	49	0.852605
133	55	0.854954
133	59	0.907976
133	66	0.82645
133	71	0.876449
133	86	0.866919
133	91	0.859832
133	100	0.878847
133	103	0.846101
133	111	0.865604
133	116	0.861785
133	121	0.876012
133	122	0.915907
133	123	0.910681
133	125	0.900907
