1	4	0.856906
1	12	0.8086
1	39	0.801769
1	40	0.788488
1	53	0.740858
1	59	0.826528
1	61	0.823287
1	62	1.43255
1	93	0.777946
1	121	0.775615
1	161	1.60708
1	179	1.76434
2	5	1.43636
2	105	0.799367
2	112	0.803902
2	116	0.78632
2	120	0.819905
2	124	0.808718
2	136	0.803656
2	140	0.79352
2	141	0.79352
2	147	1.72123
2	175	0.791093
2	180	1.64351
3	28	0.894148
3	80	0.853979
3	84	0.917348
3	91	0.876697
3	100	0.918493
3	117	0.897521
3	118	1.30146
3	128	1.07284
3	130	1.32775
3	171	0.935203
3	172	1.09663
3	175	0.906612
4	1	0.856906
4	12	0.922409
4	19	1.2526
4	40	0.902297
4	53	0.854667
4	61	0.937096
4	111	0.917323
4	119	1.19825
4	121	0.889424
4	125	1.21225
4	146	0.91988
4	161	1.13474
5	2	1.43636
5	16	0.877579
5	64	0.961317
5	102	1.16664
5	112	1.08375
5	141	1.11173
5	148	0.880908
5	172	0.896695
5	174	0.901359
5	177	0.897864
5	179	0.888469
5	180	0.895809
6	50	0.865891
6	58	0.918403
6	71	1.27546
6	80	0.847545
6	100	0.912059
6	110	0.921208
6	123	0.905947
6	129	1.12236
6	170	1.23434
6	171	0.928769
6	175	0.900179
6	177	1.17429
7	46	0.87127
7	80	0.853654
7	91	0.876372
7	100	0.918168
7	110	0.927316
7	123	0.912056
7	127	1.11405
7	149	1.20475
7	156	1.24565
7	171	0.934878
7	175	0.906287
7	179	1.23531
8	102	0.801387
8	106	1.63989
8	120	0.822647
8	121	0.777482
8	124	0.81146
8	126	0.794269
8	131	1.5769
8	136	0.806398
8	140	0.796262
8	141	0.796262
8	175	0.793835
8	177	1.58898
9	34	1.25756
9	88	0.94073
9	111	1.2729
9	163	1.15565
9	165	0.911216
9	167	0.882603
9	168	0.892263
9	169	0.904967
9	170	0.887181
9	171	1.10567
9	177	0.895218
9	179	0.885822
10	11	0.947148
10	16	1.02942
10	26	1.05694
10	42	0.997184
10	55	1.06484
10	64	1.11316
10	69	0.985113
10	76	0.991308
10	118	1.04942
10	139	0.855305
10	156	0.93761
10	167	0.979264
11	10	0.947148
11	26	0.759408
11	36	0.750754
11	42	0.699646
11	55	0.767308
11	62	1.63038
11	63	0.84432
11	64	0.815618
11	76	0.693771
11	97	1.7479
11	111	0.756771
11	129	0.765256
11	180	1.81924
12	1	0.8086
12	4	0.922409
12	40	0.853991
12	53	0.806361
12	56	0.88055
12	58	0.875695
12	59	0.892031
12	61	0.88879
12	118	1.40316
12	146	0.871574
12	156	1.29135
12	165	1.23192
12	179	1.28101
13	55	1.25753
13	85	1.30432
13	101	0.874841
13	108	1.29354
13	135	0.87658
13	147	0.86459
13	160	1.33673
13	164	0.853514
13	167	0.855825
13	168	0.865485
13	169	0.878189
13	174	0.871934
13	179	0.859044
14	18	1.29337
14	36	1.3047
14	48	0.838102
14	80	0.816418
14	84	0.879786
14	91	0.839135
14	98	0.894968
14	110	0.89008
14	123	0.87482
14	170	1.31951
14	171	0.897641
14	174	1.29026
14	175	0.869051
15	38	1.38637
15	118	0.849671
15	137	1.19374
15	160	1.27951
15	165	0.883657
15	166	0.871096
15	168	0.864704
15	170	0.859622
15	174	0.871153
15	175	1.33289
15	177	0.867658
15	178	0.874176
15	179	0.858263
16	5	0.877579
16	10	1.02942
16	18	1.29572
16	20	1.24114
16	42	0.781915
16	55	0.849576
16	63	0.926589
16	64	0.897887
16	76	0.77604
16	93	0.813472
16	117	1.43031
16	119	1.23679
16	129	0.847525
17	43	1.42059
17	105	1.30394
17	140	1.34534
17	146	0.877487
17	152	0.85387
17	164	0.855399
17	167	0.857709
17	168	0.867369
17	169	0.880073
17	171	1.12595
17	177	0.870324
17	178	0.876841
17	179	0.860928
18	14	1.29337
18	16	1.29572
18	30	1.47648
18	54	1.1318
18	127	0.881098
18	136	0.869803
18	140	0.859668
18	141	0.859668
18	169	0.873929
18	170	0.856143
18	174	0.867675
18	176	0.869891
18	180	0.862125
19	4	1.2526
19	84	1.3555
19	98	1.28074
19	110	1.30922
19	136	0.873604
19	140	0.863469
19	141	0.863469
19	170	0.859944
19	172	0.866812
19	176	0.873692
19	178	0.874498
19	179	0.858586
19	180	0.865926
20	16	1.24114
20	65	0.850082
20	69	1.42748
20	75	0.90342
20	124	0.86858
20	140	0.853383
20	141	0.853383
20	143	1.27055
20	150	1.25646
20	155	0.85955
20	169	0.867644
20	171	0.879546
20	178	0.864412
21	23	0.778578
21	30	0.750171
21	33	0.750171
21	54	0.816837
21	65	0.761298
21	66	0.76012
21	68	0.816837
21	75	0.814637
21	82	1.66205
21	138	0.760589
21	146	1.78692
21	161	1.75183
21	171	0.790763
22	90	1.23609
22	95	0.838482
22	137	0.885259
22	139	1.27119
22	142	0.87355
22	151	1.42589
22	158	0.868728
22	160	0.860221
22	171	0.885499
22	175	0.856909
22	176	0.869559
22	177	1.27442
22	180	0.861793
23	21	0.778578
23	30	0.845244
23	33	0.845244
23	54	0.911911
23	65	0.856372
23	66	0.855194
23	68	0.911911
23	75	0.90971
23	146	1.25567
23	161	1.22058
23	167	1.42984
23	171	0.885836
23	172	1.29517
24	43	0.828902
24	101	1.28158
24	128	0.883661
24	136	1.27084
24	137	0.888654
24	140	1.37022
24	143	0.854523
24	153	0.870627
24	154	0.877964
24	157	0.857527
24	165	1.28064
24	176	0.872954
24	180	0.865188
25	54	1.18264
25	85	1.33449
25	137	1.28113
25	155	0.867866
25	156	0.866433
25	165	0.88221
25	167	0.853597
25	169	0.875961
25	170	0.858175
25	172	1.3924
25	177	0.866212
25	178	0.872729
25	179	0.856816
26	10	1.05694
26	11	0.759408
26	36	0.860551
26	42	0.809443
26	55	0.877104
26	64	0.925415
26	76	0.803567
26	93	0.841
26	111	0.866568
26	117	1.46322
26	146	1.24129
26	176	1.22515
26	178	1.27221
27	73	0.843927
27	74	0.843256
27	105	0.872599
27	112	0.877134
27	116	0.859553
27	120	0.893137
27	129	1.22509
27	136	0.876888
27	140	0.866753
27	141	0.866753
27	166	1.30629
27	167	1.39775
27	173	1.274
28	3	0.894148
28	48	0.797427
28	67	1.46943
28	82	0.857972
28	91	0.79846
28	98	0.854293
28	110	0.849405
28	123	0.834145
28	126	0.828809
28	150	1.37676
28	161	1.33268
28	169	1.42399
28	171	0.856966
28	175	0.828376
29	32	1.46001
29	123	1.3635
29	132	1.37472
29	145	0.845709
29	151	0.824957
29	164	0.827959
29	166	0.846321
29	167	0.830269
29	169	0.852633
29	173	1.3942
29	174	0.846378
29	177	0.842884
29	178	0.849401
29	179	0.833489
30	18	1.47648
30	21	0.750171
30	23	0.845244
30	33	0.816837
30	54	0.883504
30	65	0.827965
30	66	0.826787
30	68	0.883504
30	75	0.881303
30	138	0.827256
30	158	1.39409
30	161	1.35404
30	171	0.857429
30	176	1.373
31	97	0.845504
31	128	0.853755
31	144	1.35997
31	148	0.820381
31	154	0.848058
31	155	1.41031
31	162	0.846099
31	163	0.840946
31	169	1.39007
31	170	1.44734
31	173	0.83653
31	175	0.830398
31	176	0.843048
31	180	0.835282
32	29	1.46001
32	88	1.2779
32	122	0.849648
32	125	0.844122
32	150	0.842701
32	157	0.827662
32	160	0.833752
32	162	0.84614
32	163	0.840988
32	173	0.836572
32	174	1.41515
32	176	0.84309
32	179	1.45309
32	180	0.835324
33	21	0.750171
33	23	0.845244
33	30	0.816837
33	54	0.883504
33	65	0.827965
33	66	0.826787
33	68	0.883504
33	75	0.881303
33	120	1.40322
33	135	1.42337
33	138	0.827256
33	161	1.34384
33	171	0.857429
33	177	1.43237
34	9	1.25756
34	101	1.38387
34	113	0.830628
34	121	1.57223
34	128	0.852092
34	137	0.857085
34	149	0.824695
34	150	0.840997
34	158	0.840555
34	162	0.844436
34	166	1.39256
34	172	0.834506
34	176	0.841386
34	180	0.83362
35	57	0.85472
35	102	0.841506
35	105	0.842228
35	112	0.846763
35	116	0.829181
35	136	0.846516
35	138	0.832371
35	140	0.836381
35	141	0.836381
35	146	1.3161
35	167	1.49027
35	170	1.42959
35	173	1.36651
35	175	0.833954
36	11	0.750754
36	14	1.3047
36	26	0.860551
36	73	1.51123
36	76	0.794914
36	84	1.37141
36	112	1.41034
36	154	0.864028
36	168	0.850353
36	173	0.852501
36	174	0.856802
36	176	0.859019
36	178	0.859825
36	180	0.851253
37	57	1.38781
37	63	1.22054
37	164	0.8266
37	165	0.857523
37	166	0.844962
37	167	0.82891
37	168	0.83857
37	169	0.851274
37	170	0.833488
37	173	1.52747
37	174	0.845019
37	177	0.841525
37	179	0.832129
37	180	1.4563
38	15	1.38637
38	82	1.21069
38	86	0.838349
38	121	1.59793
38	143	0.827636
38	154	0.851076
38	157	0.830639
38	158	0.845235
38	163	0.843964
38	165	1.40863
38	172	0.839186
38	173	0.839548
38	176	0.846067
38	180	0.8383
39	1	0.801769
39	42	0.805062
39	53	0.79953
39	55	0.872723
39	61	0.881959
39	62	1.18916
39	65	0.849767
39	66	0.848589
39	76	0.799186
39	111	0.862186
39	168	1.52322
39	171	0.879232
39	172	1.43827
39	177	1.45221
40	1	0.788488
40	4	0.902297
40	12	0.853991
40	53	0.786249
40	58	0.855584
40	61	0.868678
40	93	0.823338
40	111	0.848905
40	121	0.821007
40	129	1.34358
40	138	1.52905
40	146	0.851462
40	161	1.30698
40	174	1.4263
41	77	1.30433
41	108	1.36344
41	109	0.856771
41	112	1.4896
41	125	1.43505
41	130	0.810095
41	135	0.848634
41	165	0.856492
41	167	0.827879
41	168	0.837539
41	174	0.843988
41	177	0.840493
41	178	0.847011
41	179	0.831098
42	10	0.997184
42	11	0.699646
42	16	0.781915
42	26	0.809443
42	39	0.805062
42	45	0.85785
42	55	0.817343
42	58	1.35029
42	64	0.865653
42	76	0.743806
42	111	0.806806
42	129	0.815292
42	130	1.71187
42	143	1.46434
42	178	1.47218
43	17	1.42059
43	24	0.828902
43	52	0.833988
43	83	1.50207
43	95	0.791012
43	145	1.54572
43	153	0.819761
43	158	0.821258
43	159	1.53837
43	160	0.812751
43	162	0.825139
43	172	0.815209
43	173	0.815571
43	176	0.822089
43	180	0.814322
44	96	1.1994
44	148	0.88291
44	150	0.905188
44	153	0.90325
44	158	0.904746
44	160	0.896239
44	162	0.908627
44	163	0.903474
44	164	1.25946
44	165	1.17304
44	169	1.15618
44	172	0.898697
44	173	0.899059
44	179	1.22214
44	180	0.897811
45	42	0.85785
45	46	0.868412
45	64	0.973821
45	75	1.03726
45	76	0.851974
45	82	0.933025
45	91	0.873514
45	94	1.3765
45	108	1.15869
45	119	1.2163
45	160	1.20188
45	169	0.920117
45	175	0.903429
45	178	0.916885
45	179	0.900973
46	7	0.87127
46	45	0.868412
46	50	0.771535
46	80	0.75319
46	84	0.816559
46	98	0.83174
46	100	0.817704
46	110	0.826852
46	115	1.57331
46	117	0.796733
46	122	1.44617
46	123	0.811592
46	154	1.51922
46	161	1.45646
46	171	0.834414
47	60	0.845391
47	87	1.27578
47	149	0.893679
47	152	1.25524
47	153	0.908043
47	157	0.894942
47	162	0.91342
47	163	0.908268
47	166	1.1556
47	169	1.12911
47	171	0.92631
47	172	0.90349
47	173	0.903852
47	179	1.19507
47	180	0.902604
48	14	0.838102
48	28	0.797427
48	82	0.839488
48	84	0.820627
48	91	0.779976
48	98	0.835809
48	100	0.821773
48	104	1.54082
48	110	0.830921
48	123	0.815661
48	126	0.810325
48	145	1.54369
48	147	1.50755
48	161	1.4155
48	175	0.809892
49	142	1.18038
49	148	1.25121
49	154	1.23044
49	159	0.898184
49	164	0.886623
49	166	0.904985
49	168	0.898593
49	169	0.911297
49	170	0.893511
49	171	1.14603
49	174	0.905042
49	177	0.901548
49	178	0.908065
49	179	0.892152
49	180	1.18201
50	6	0.865891
50	46	0.771535
50	82	0.836149
50	84	0.817288
50	91	0.776637
50	98	0.832469
50	100	0.818433
50	108	1.43904
50	110	0.827582
50	123	0.812321
50	132	1.49916
50	161	1.43315
50	164	1.62774
50	171	0.835143
50	175	0.806553
51	102	0.817122
51	105	0.817844
51	112	0.822379
51	116	0.804798
51	120	0.838382
51	124	0.827195
51	129	1.46267
51	136	0.822133
51	140	0.811998
51	141	0.811998
51	146	1.46116
51	157	1.53082
51	159	1.54692
51	161	0.81658
51	175	0.809571
52	43	0.833988
52	73	1.34048
52	96	1.24207
52	121	1.40501
52	122	0.884598
52	127	0.889247
52	139	1.19284
52	142	0.88203
52	154	0.883049
52	157	0.862612
52	160	0.868702
52	163	0.875938
52	173	0.871522
52	174	1.22687
52	176	0.87804
52	180	0.870274
53	1	0.740858
53	4	0.854667
53	12	0.806361
53	39	0.79953
53	40	0.786249
53	56	0.812808
53	59	0.82429
53	61	0.821048
53	93	0.775707
53	98	1.59461
53	111	0.801275
53	121	0.773376
53	137	1.53957
53	144	1.63746
53	146	0.803832
53	160	1.62534
54	18	1.1318
54	21	0.816837
54	23	0.911911
54	25	1.18264
54	30	0.883504
54	33	0.883504
54	65	0.894632
54	66	0.893453
54	68	0.950171
54	70	1.22127
54	75	0.94797
54	117	1.26638
54	138	0.893923
54	164	1.20395
54	171	0.924096
55	10	1.06484
55	11	0.767308
55	13	1.25753
55	16	0.849576
55	26	0.877104
55	39	0.872723
55	42	0.817343
55	64	0.933315
55	76	0.811467
55	93	0.8489
55	95	1.34104
55	111	0.874467
55	129	0.882953
55	130	1.42011
55	146	1.1495
55	174	1.23373
56	12	0.88055
56	53	0.812808
56	61	0.895237
56	66	0.861867
56	75	0.916383
56	86	1.28041
56	126	1.3018
56	137	1.20209
56	146	0.878021
56	148	1.3223
56	150	1.28285
56	151	0.852931
56	171	0.892509
56	177	0.870858
56	178	0.877375
56	179	0.861463
57	35	0.85472
57	37	1.38781
57	59	1.17338
57	72	0.915917
57	80	1.43247
57	102	0.869158
57	105	0.86988
57	116	0.856834
57	120	0.890418
57	124	0.879231
57	136	0.874169
57	140	0.864034
57	141	0.864034
57	155	1.20192
57	174	1.20969
57	175	0.861607
58	6	0.918403
58	12	0.875695
58	40	0.855584
58	42	1.35029
58	71	1.27835
58	110	0.880094
58	123	0.864833
58	138	1.31072
58	140	1.28639
58	146	0.873167
58	147	1.1807
58	162	0.874765
58	163	0.869612
58	172	0.864835
58	175	0.859064
58	180	0.863948
59	1	0.826528
59	12	0.892031
59	53	0.82429
59	57	1.17338
59	66	1.29623
59	72	1.17991
59	93	0.861378
59	112	1.35959
59	128	0.898757
59	141	1.38757
59	159	0.878975
59	173	0.881532
59	174	0.885834
59	176	0.888051
59	177	0.882339
59	180	0.880284
60	47	0.845391
60	95	0.770085
60	101	1.59681
60	125	0.802195
60	135	1.56724
60	142	0.805153
60	149	0.784472
60	153	0.798835
60	154	0.806172
60	155	1.59926
60	162	0.804213
60	172	0.794282
60	173	0.794644
60	176	0.801162
60	179	1.64498
60	180	0.793396
61	1	0.823287
61	4	0.937096
61	12	0.88879
61	39	0.881959
61	40	0.868678
61	53	0.821048
61	56	0.895237
61	63	0.938183
61	93	0.858136
61	111	0.883704
61	117	1.41663
61	121	0.855805
61	130	1.46531
61	133	1.31763
61	146	0.886261
61	175	1.26208
62	1	1.43255
62	11	1.63038
62	39	1.18916
62	80	0.815279
62	100	0.879793
62	110	0.888941
62	111	1.11558
62	120	1.02938
62	123	0.87368
62	160	0.871224
62	165	0.890849
62	172	0.873682
62	173	0.874044
62	174	0.878345
62	178	0.881368
62	180	0.872796
63	11	0.84432
63	16	0.926589
63	37	1.22054
63	61	0.938183
63	76	0.888479
63	80	0.887301
63	82	0.969531
63	92	1.23288
63	121	1.22056
63	123	0.945703
63	138	1.14517
63	145	1.05129
63	153	0.950258
63	163	0.950482
63	175	0.939934
63	176	0.952585
63	180	0.944819
64	5	0.961317
64	10	1.11316
64	11	0.815618
64	16	0.897887
64	26	0.925415
64	42	0.865653
64	45	0.973821
64	55	0.933315
64	76	0.859778
64	111	0.922778
64	117	1.25672
64	124	1.13363
64	129	0.931263
64	146	1.03478
64	154	1.06245
64	168	1.15923
64	179	1.15695
65	20	0.850082
65	21	0.761298
65	23	0.856372
65	30	0.827965
65	33	0.827965
65	39	0.849767
65	54	0.894632
65	66	0.837914
65	68	0.894632
65	75	0.892431
65	114	1.27128
65	130	1.55181
65	138	0.838384
65	161	1.24611
65	171	0.868557
65	177	1.33464
65	179	1.40337
66	21	0.76012
66	23	0.855194
66	30	0.826787
66	33	0.826787
66	39	0.848589
66	54	0.893453
66	56	0.861867
66	59	1.29623
66	65	0.837914
66	68	0.893453
66	75	0.891253
66	95	1.43984
66	130	1.51892
66	138	0.837206
66	159	1.33406
66	161	1.21321
66	171	0.867379
67	28	1.46943
67	97	1.22427
67	132	1.34729
67	149	1.40799
67	152	0.834544
67	154	1.34404
67	155	0.852652
67	161	0.851068
67	165	0.866996
67	167	0.838383
67	168	0.848043
67	169	0.860747
67	170	0.842961
67	174	0.854492
67	177	0.850997
67	178	0.857515
67	179	0.841602
68	21	0.816837
68	23	0.911911
68	30	0.883504
68	33	0.883504
68	54	0.950171
68	65	0.894632
68	66	0.893453
68	75	0.94797
68	130	1.36453
68	138	0.893923
68	146	1.09392
68	157	1.16357
68	171	0.924096
68	175	1.1613
68	179	1.21609
69	10	0.985113
69	20	1.42748
69	127	0.8654
69	132	0.844496
69	137	0.869892
69	139	1.44492
69	141	1.51966
69	143	0.835762
69	148	0.831526
69	153	0.851866
69	158	0.853362
69	163	0.85209
69	172	0.847313
69	173	0.847675
69	176	0.854193
69	178	1.42564
69	180	0.846427
70	54	1.22127
70	101	0.858279
70	103	1.39789
70	113	1.41665
70	151	0.833951
70	155	0.853533
70	159	0.848514
70	163	1.38477
70	164	0.836953
70	165	0.867876
70	168	0.848924
70	170	0.843841
70	174	0.855373
70	177	0.851878
70	178	0.858395
70	179	0.842483
70	180	1.37077
71	6	1.27546
71	58	1.27835
71	84	1.42735
71	135	0.859118
71	145	0.853802
71	150	1.3783
71	156	0.851199
71	159	0.847613
71	166	0.854415
71	167	0.838363
71	168	0.848023
71	170	0.842941
71	174	0.854472
71	175	1.43669
71	177	0.850977
71	178	0.857495
71	179	0.841582
72	57	0.915917
72	59	1.17991
72	73	0.874752
72	74	0.874081
72	112	0.907959
72	116	0.890378
72	120	0.923962
72	124	0.912775
72	136	0.907713
72	137	1.06021
72	140	0.897577
72	141	0.897577
72	151	1.33689
72	161	0.90216
72	168	1.25643
72	173	1.18239
72	175	0.89515
72	177	1.18542
73	27	0.843927
73	36	1.51123
73	52	1.34048
73	72	0.874752
73	74	0.799372
73	102	0.827994
73	105	0.828716
73	112	0.83325
73	116	0.815669
73	120	0.849253
73	126	0.820875
73	129	1.41406
73	136	0.833004
73	140	0.822869
73	141	0.822869
73	161	0.827451
73	166	1.49525
73	178	1.44347
74	27	0.843256
74	72	0.874081
74	73	0.799372
74	105	0.828044
74	112	0.832579
74	116	0.814998
74	120	0.848582
74	124	0.837395
74	129	1.402
74	136	0.832333
74	138	0.818188
74	140	0.822197
74	141	0.822197
74	158	1.40545
74	160	1.41449
74	161	0.82678
74	168	1.52494
74	177	1.45393
75	20	0.90342
75	21	0.814637
75	23	0.90971
75	30	0.881303
75	33	0.881303
75	45	1.03726
75	54	0.94797
75	56	0.916383
75	65	0.892431
75	66	0.891253
75	68	0.94797
75	79	1.11651
75	93	1.34994
75	117	1.28601
75	130	1.33469
75	138	0.891722
75	162	1.08117
75	171	0.921895
76	10	0.991308
76	11	0.693771
76	16	0.77604
76	26	0.803567
76	36	0.794914
76	39	0.799186
76	42	0.743806
76	45	0.851974
76	55	0.811467
76	63	0.888479
76	64	0.859778
76	93	0.775363
76	111	0.800931
76	126	1.49253
76	129	0.809416
76	152	1.64693
76	176	1.44846
76	177	1.51803
76	178	1.49552
77	41	1.30433
77	89	0.917039
77	97	0.880067
77	109	1.19671
77	122	0.884169
77	125	0.878643
77	127	0.888818
77	143	0.85918
77	149	0.860921
77	152	1.30874
77	153	0.875284
77	157	0.862183
77	163	0.875509
77	167	1.30056
77	168	1.25085
77	172	0.870731
77	176	0.877611
77	179	1.24857
77	180	0.869845
78	107	0.898038
78	112	1.27171
78	125	0.880623
78	133	1.29767
78	137	0.895291
78	138	1.36173
78	143	0.86116
78	144	1.20086
78	149	0.862901
78	153	0.877264
78	154	0.8846
78	157	0.864163
78	158	0.87876
78	165	1.24782
78	172	0.872711
78	173	0.873073
78	176	0.879591
78	177	1.22818
78	180	0.871825
79	75	1.11651
79	114	0.902942
79	115	1.3489
79	139	0.89549
79	151	0.854424
79	155	0.874005
79	156	0.872572
79	157	1.33679
79	160	1.28113
79	163	1.26038
79	165	0.888349
79	166	0.875788
79	169	0.8821
79	170	0.864314
79	174	0.875845
79	177	0.87235
79	178	0.878868
79	179	0.862955
79	180	1.24637
80	3	0.853979
80	6	0.847545
80	7	0.853654
80	14	0.816418
80	46	0.75319
80	57	1.43247
80	62	0.815279
80	63	0.887301
80	82	0.817803
80	91	0.758292
80	98	0.814124
80	100	0.800088
80	110	0.809236
80	117	0.779116
80	123	0.793976
80	142	1.49932
80	161	1.48662
80	169	1.57793
80	174	1.60594
81	91	1.44108
81	101	0.883305
81	113	1.23107
81	114	0.907494
81	135	0.885044
81	142	1.18355
81	145	0.879728
81	152	0.860449
81	157	1.2756
81	164	0.861978
81	166	0.88034
81	167	0.864288
81	168	0.873949
81	169	0.886653
81	170	0.868866
81	174	0.880398
81	175	1.27332
81	179	0.867508
81	180	1.18518
82	21	1.66205
82	28	0.857972
82	38	1.21069
82	45	0.933025
82	48	0.839488
82	50	0.836149
82	63	0.969531
82	80	0.817803
82	84	0.881172
82	91	0.840521
82	98	0.896353
82	100	0.882317
82	106	1.19417
82	121	1.3522
82	123	0.876205
82	161	1.05474
82	171	0.899027
82	172	1.12932
82	175	0.870437
83	43	1.50207
83	89	1.16804
83	95	1.4557
83	144	0.867977
83	145	0.863464
83	148	1.3126
83	151	0.842712
83	152	0.844185
83	153	1.24807
83	164	0.845714
83	166	0.864076
83	167	0.848024
83	168	0.857685
83	169	0.870388
83	170	0.852602
83	172	1.30365
83	174	0.864134
83	177	0.860639
83	178	0.867156
83	179	0.851244
84	3	0.917348
84	14	0.879786
84	19	1.3555
84	36	1.37141
84	46	0.816559
84	48	0.820627
84	50	0.817288
84	71	1.42735
84	82	0.881172
84	91	0.821661
84	98	0.877493
84	100	0.863457
84	110	0.872605
84	117	0.842485
84	123	0.857345
84	125	1.31515
84	126	0.852009
84	161	1.23765
84	162	1.28983
84	171	0.880166
85	13	1.30432
85	25	1.33449
85	103	0.850834
85	113	0.85314
85	115	0.844569
85	119	0.871782
85	137	0.879597
85	138	1.38327
85	145	1.28939
85	148	0.841231
85	149	0.847207
85	152	1.37863
85	157	0.84847
85	162	0.866948
85	163	0.861795
85	172	0.857018
85	173	0.85738
85	176	0.863898
85	179	1.31846
85	180	0.856132
86	38	0.838349
86	56	1.28041
86	89	0.897852
86	125	0.859456
86	135	1.26569
86	137	0.874123
86	141	1.3462
86	142	0.862414
86	148	0.835757
86	149	0.841733
86	150	0.858035
86	151	1.42616
86	154	0.863433
86	156	1.35376
86	163	0.856321
86	170	1.33474
86	172	0.851543
86	173	0.851905
86	176	0.858424
86	180	0.850657
87	47	1.27578
87	89	1.32147
87	90	0.863729
87	109	0.853849
87	114	0.868162
87	143	1.44067
87	149	1.50921
87	151	0.819645
87	156	0.837793
87	159	0.834207
87	160	1.43159
87	163	1.41083
87	164	0.822646
87	165	0.853569
87	166	0.841008
87	167	0.824956
87	170	0.829534
87	174	0.841066
87	177	0.837571
87	178	0.844089
87	179	0.828176
88	9	0.94073
88	32	1.2779
88	100	1.18684
88	107	1.06305
88	118	0.882244
88	135	0.908372
88	145	0.903056
88	147	0.896382
88	154	1.18935
88	155	0.901886
88	156	0.900453
88	157	1.23134
88	164	0.885306
88	166	0.903668
88	167	0.887616
88	168	0.897277
88	169	0.909981
88	170	0.892194
88	173	1.21209
88	175	1.22906
88	179	0.890836
89	77	0.917039
89	83	1.16804
89	86	0.897852
89	87	1.32147
89	94	0.868186
89	101	1.1926
89	113	0.894811
89	122	0.912127
89	128	0.916276
89	143	0.887138
89	145	1.21169
89	154	0.910579
89	157	0.890141
89	158	0.904738
89	165	1.19166
89	169	1.1748
89	172	0.898689
89	173	0.899051
89	176	0.905569
89	178	1.14951
89	180	0.897803
90	22	1.23609
90	87	0.863729
90	95	1.42135
90	104	0.871414
90	123	1.24951
90	147	0.877026
90	150	1.2388
90	153	1.21372
90	154	1.25748
90	155	0.88253
90	156	0.881097
90	159	0.877512
90	165	0.896874
90	166	0.884313
90	168	0.877921
90	169	0.890625
90	170	0.872839
90	171	1.17307
90	174	0.88437
90	177	0.880876
90	178	0.887393
90	179	0.87148
91	3	0.876697
91	7	0.876372
91	14	0.839135
91	28	0.79846
91	45	0.873514
91	48	0.779976
91	50	0.776637
91	80	0.758292
91	81	1.44108
91	82	0.840521
91	84	0.821661
91	98	0.836842
91	100	0.822806
91	103	1.45621
91	110	0.831954
91	123	0.816694
91	132	1.48076
91	146	1.44984
91	159	1.53559
91	171	0.839515
91	175	0.810925
91	176	1.4337
92	63	1.23288
92	95	1.68094
92	100	1.51455
92	137	1.41762
92	144	0.833892
92	147	0.822705
92	151	0.808628
92	153	1.47331
92	155	0.82821
92	159	0.823191
92	164	0.81163
92	165	0.842553
92	166	0.829992
92	167	0.81394
92	168	0.8236
92	169	0.836304
92	170	0.818518
92	174	0.830049
92	176	1.47326
92	177	0.826555
92	178	0.833072
92	179	0.81716
93	1	0.777946
93	16	0.813472
93	26	0.841
93	40	0.823338
93	53	0.775707
93	55	0.8489
93	59	0.861378
93	61	0.858136
93	75	1.34994
93	76	0.775363
93	107	1.40194
93	129	0.846849
93	146	0.84092
93	148	1.54901
93	151	0.81583
93	160	1.51457
93	163	1.49381
93	168	0.830803
93	170	0.82572
93	178	0.840275
93	179	0.824362
93	180	1.47981
94	45	1.3765
94	89	0.868186
94	103	0.815694
94	128	0.839464
94	132	0.819061
94	133	1.52625
94	144	1.42944
94	148	0.806091
94	149	0.812067
94	153	0.826431
94	157	0.81333
94	158	0.827927
94	160	0.81942
94	162	0.831808
94	163	0.826655
94	170	1.51681
94	172	0.821878
94	173	0.82224
94	176	0.828758
94	178	1.43424
94	179	1.52549
94	180	0.820992
95	22	0.838482
95	43	0.791012
95	55	1.34104
95	60	0.770085
95	66	1.43984
95	83	1.4557
95	90	1.42135
95	92	1.68094
95	115	0.815735
95	128	0.84577
95	142	0.839054
95	147	1.4632
95	149	0.818373
95	150	0.834675
95	158	0.834233
95	162	0.838114
95	163	0.832962
95	172	0.828184
95	173	0.828546
95	175	0.822414
95	176	0.835064
95	180	0.827298
96	44	1.1994
96	52	1.24207
96	113	1.33926
96	126	1.34207
96	134	0.850457
96	135	0.873999
96	151	0.847932
96	152	0.849405
96	157	1.38379
96	158	1.3191
96	159	0.862494
96	164	0.850934
96	165	0.881857
96	166	0.869296
96	167	0.853244
96	168	0.862904
96	169	0.875608
96	170	0.857822
96	173	1.36455
96	174	0.869353
96	177	0.865858
96	178	0.872376
96	179	0.856463
97	11	1.7479
97	31	0.845504
97	67	1.22427
97	77	0.880067
97	98	1.10587
97	101	1.19661
97	103	0.855533
97	115	0.849268
97	134	1.33132
97	137	0.884296
97	142	0.872587
97	146	0.870049
97	148	0.84593
97	149	0.851906
97	150	0.868208
97	152	1.30495
97	153	0.86627
97	160	0.859259
97	163	0.866495
97	167	1.29677
97	172	0.861717
97	173	0.862079
97	180	0.860831
98	14	0.894968
98	19	1.28074
98	28	0.854293
98	46	0.83174
98	48	0.835809
98	50	0.832469
98	53	1.59461
98	80	0.814124
98	82	0.896353
98	84	0.877493
98	91	0.836842
98	97	1.10587
98	100	0.878638
98	110	0.887786
98	117	0.857666
98	119	1.22639
98	123	0.872526
98	126	0.86719
98	151	1.40288
98	165	1.27104
98	168	1.32242
98	171	0.895348
98	175	0.866757
99	104	0.853968
99	111	1.39866
99	127	1.28909
99	131	0.870444
99	133	0.857802
99	139	0.886568
99	147	0.85958
99	149	1.37979
99	151	0.845503
99	152	0.846975
99	156	0.863651
99	158	1.29313
99	159	0.860065
99	164	0.848504
99	165	0.879427
99	169	0.873179
99	171	1.23144
99	172	1.32767
99	174	0.866924
99	177	0.863429
99	178	0.869947
99	179	0.854034
99	180	1.26741
100	3	0.918493
100	6	0.912059
100	7	0.918168
100	46	0.817704
100	48	0.821773
100	50	0.818433
100	62	0.879793
100	80	0.800088
100	82	0.882317
100	84	0.863457
100	88	1.18684
100	91	0.822806
100	92	1.51455
100	98	0.878638
100	110	0.87375
100	123	0.85849
100	150	1.24884
100	154	1.26752
100	161	1.20477
100	167	1.41402
100	168	1.3643
100	171	0.881312
100	175	0.852721
101	13	0.874841
101	24	1.28158
101	34	1.38387
101	60	1.59681
101	70	0.858279
101	81	0.883305
101	89	1.1926
101	97	1.19661
101	139	0.884259
101	144	0.868457
101	152	0.844666
101	153	1.27262
101	156	0.861341
101	159	0.857756
101	164	0.846195
101	166	0.864557
101	168	0.858165
101	170	0.853083
101	174	0.864614
101	176	1.27257
101	177	0.86112
101	178	0.867637
101	179	0.851725
102	5	1.16664
102	8	0.801387
102	35	0.841506
102	51	0.817122
102	57	0.869158
102	73	0.827994
102	105	0.856666
102	112	0.861201
102	115	1.47631
102	116	0.843619
102	120	0.877204
102	124	0.866017
102	129	1.39606
102	130	0.824933
102	136	0.860954
102	138	0.846809
102	140	0.850819
102	141	0.850819
102	146	1.39455
102	161	0.855401
102	171	1.33782
102	175	0.848392
102	176	1.37841
102	177	1.44799
103	70	1.39789
103	85	0.850834
103	91	1.45621
103	94	0.815694
103	97	0.855533
103	113	0.842319
103	119	0.860962
103	122	0.859635
103	134	1.42978
103	135	1.2655
103	143	0.834646
103	149	0.836387
103	150	0.852689
103	153	0.85075
103	154	0.858087
103	157	0.837649
103	160	0.843739
103	162	0.856128
103	164	1.38057
103	168	1.34552
103	170	1.33456
103	173	0.846559
103	176	0.853077
103	180	0.845311
104	48	1.54082
104	90	0.871414
104	99	0.853968
104	128	1.32064
104	139	0.868396
104	141	1.42989
104	147	0.841408
104	149	1.39656
104	150	1.31392
104	152	0.828803
104	153	1.28885
104	155	0.846912
104	163	1.29818
104	164	0.830332
104	165	0.861255
104	166	0.848694
104	167	0.832642
104	168	0.842303
104	169	0.855006
104	170	0.83722
104	174	0.848752
104	177	0.845257
104	178	0.851775
104	179	0.835862
105	2	0.799367
105	17	1.30394
105	27	0.872599
105	35	0.842228
105	51	0.817844
105	57	0.86988
105	73	0.828716
105	74	0.828044
105	102	0.856666
105	116	0.844341
105	118	1.58028
105	120	0.877926
105	124	0.866739
105	127	1.33688
105	130	0.825655
105	136	0.861676
105	140	0.851541
105	141	0.851541
105	153	1.31987
105	155	1.41242
105	161	0.856123
105	171	1.27923
105	175	0.849114
105	178	1.36688
106	8	1.63989
106	82	1.19417
106	111	1.42954
106	131	0.856028
106	133	0.843387
106	141	1.44399
106	145	0.851839
106	147	0.845165
106	152	0.83256
106	155	0.850669
106	156	0.849236
106	158	1.324
106	159	0.84565
106	164	0.834089
106	165	0.865012
106	167	0.836399
106	168	0.84606
106	169	0.858764
106	170	0.840977
106	171	1.26231
106	177	0.849014
106	178	0.855532
106	179	0.839619
106	180	1.29829
107	78	0.898038
107	88	1.06305
107	93	1.40194
107	125	0.885621
107	128	0.895294
107	129	0.891969
107	132	0.874892
107	134	1.32478
107	135	1.16051
107	142	0.888579
107	143	0.866157
107	148	0.861921
107	150	0.884199
107	151	1.32098
107	152	1.29841
107	153	0.882261
107	158	0.883757
107	159	1.20183
107	162	0.887638
107	163	0.882486
107	168	1.24052
107	172	0.877708
107	173	0.87807
107	176	0.884588
107	180	0.876822
108	13	1.29354
108	41	1.36344
108	45	1.15869
108	50	1.43904
108	122	0.877351
108	128	0.881499
108	140	1.34816
108	142	0.874783
108	148	0.848126
108	149	0.854102
108	150	0.870404
108	153	0.868466
108	154	0.875802
108	156	1.31802
108	157	0.855365
108	158	0.869962
108	160	0.861455
108	162	0.873843
108	163	0.868691
108	166	1.26821
108	172	0.863913
108	173	0.864275
108	175	0.858143
108	176	0.870793
108	178	1.21643
108	180	0.863027
109	41	0.856771
109	77	1.19671
109	87	0.853849
109	122	1.23963
109	136	1.34829
109	138	0.862475
109	144	0.878334
109	145	0.873821
109	151	0.85307
109	152	0.854543
109	155	0.872651
109	157	1.35467
109	158	1.28997
109	159	0.867632
109	160	1.29901
109	164	0.856071
109	166	0.874434
109	168	0.868042
109	169	0.880746
109	170	0.86296
109	172	1.32451
109	173	1.33543
109	174	0.874491
109	177	0.870996
109	178	0.877514
109	179	0.861601
110	6	0.921208
110	7	0.927316
110	14	0.89008
110	19	1.30922
110	28	0.849405
110	46	0.826852
110	48	0.830921
110	50	0.827582
110	58	0.880094
110	62	0.888941
110	80	0.809236
110	84	0.872605
110	91	0.831954
110	98	0.887786
110	100	0.87375
110	123	0.867638
110	126	0.862303
110	135	1.27089
110	138	1.41344
110	163	1.2197
110	165	1.29953
110	167	1.40062
110	169	1.28267
110	171	0.89046
110	175	0.861869
110	176	1.21032
111	4	0.917323
111	9	1.2729
111	11	0.756771
111	26	0.866568
111	39	0.862186
111	40	0.848905
111	42	0.806806
111	53	0.801275
111	55	0.874467
111	61	0.883704
111	62	1.11558
111	64	0.922778
111	76	0.800931
111	99	1.39866
111	106	1.42954
111	116	0.847613
111	117	1.54713
111	120	0.881197
111	121	0.836032
111	122	1.27981
111	136	0.864948
111	140	0.854812
111	141	0.854812
111	144	1.35131
111	146	0.866488
111	166	1.40789
111	175	0.852385
112	2	0.803902
112	5	1.08375
112	27	0.877134
112	35	0.846763
112	36	1.41034
112	41	1.4896
112	51	0.822379
112	59	1.35959
112	72	0.907959
112	73	0.83325
112	74	0.832579
112	78	1.27171
112	102	0.861201
112	116	0.848876
112	117	1.5336
112	120	0.882461
112	121	0.837295
112	124	0.871274
112	129	1.31317
112	130	0.83019
112	136	0.866211
112	138	0.852066
112	140	0.856076
112	141	0.856076
112	154	1.33934
112	161	0.860658
112	175	0.853649
113	34	0.830628
113	70	1.41665
113	81	1.23107
113	85	0.85314
113	89	0.894811
113	96	1.33926
113	103	0.842319
113	116	1.38607
113	125	0.856415
113	127	0.86659
113	132	0.845686
113	137	0.871082
113	138	1.42681
113	143	0.836952
113	157	0.839955
113	158	0.854552
113	160	0.846045
113	161	0.849742
113	162	0.858433
113	163	0.853281
113	164	1.39933
113	165	1.3129
113	169	1.29604
113	172	0.848503
113	173	0.848865
113	176	0.855383
113	180	0.847617
114	65	1.27128
114	79	0.902942
114	81	0.907494
114	87	0.868162
114	117	0.86928
114	118	0.867322
114	124	1.30362
114	125	1.24719
114	127	1.20569
114	128	1.22048
114	133	0.879683
114	144	0.892647
114	145	0.888134
114	147	0.88146
114	153	1.18869
114	156	0.885531
114	162	1.22187
114	164	0.870385
114	165	0.901308
114	166	0.888747
114	167	0.872695
114	168	0.882355
114	173	1.25519
114	174	0.888804
114	175	1.27216
114	177	0.88531
114	178	0.891827
114	179	0.875914
115	46	1.57331
115	79	1.3489
115	85	0.844569
115	95	0.815735
115	97	0.849268
115	102	1.47631
115	117	0.825071
115	122	0.85337
115	125	0.847845
115	131	1.33782
115	132	0.837116
115	139	1.34667
115	143	0.828381
115	148	0.824145
115	149	0.830122
115	150	0.846423
115	157	0.831384
115	158	0.845981
115	160	0.837474
115	162	0.849863
115	163	0.84471
115	171	0.862752
115	172	0.839932
115	174	1.3807
115	176	0.846812
115	178	1.32739
115	179	1.41864
115	180	0.839046
116	2	0.78632
116	27	0.859553
116	35	0.829181
116	51	0.804798
116	57	0.856834
116	72	0.890378
116	73	0.815669
116	74	0.814998
116	102	0.843619
116	105	0.844341
116	111	0.847613
116	112	0.848876
116	113	1.38607
116	120	0.864879
116	124	0.853692
116	136	0.84863
116	138	0.834485
116	140	0.838495
116	141	0.838495
116	143	1.38403
116	144	1.38706
116	146	1.36094
116	153	1.34485
116	156	1.49346
116	161	0.843077
116	166	1.44365
116	172	1.40044
116	175	0.836068
117	3	0.897521
117	16	1.43031
117	26	1.46322
117	46	0.796733
117	54	1.26638
117	61	1.41663
117	64	1.25672
117	75	1.28601
117	80	0.779116
117	84	0.842485
117	98	0.857666
117	111	1.54713
117	112	1.5336
117	114	0.86928
117	115	0.825071
117	122	0.850958
117	123	0.837518
117	152	0.822235
117	154	0.849409
117	158	0.843569
117	162	0.84745
117	166	0.842126
117	174	0.842183
117	175	0.83175
117	176	0.8444
117	177	0.838689
117	178	0.845206
117	180	0.836634
118	3	1.30146
118	10	1.04942
118	12	1.40316
118	15	0.849671
118	88	0.882244
118	105	1.58028
118	114	0.867322
118	126	1.48696
118	134	0.821329
118	144	0.844068
118	147	0.832881
118	152	0.820277
118	155	0.838385
118	156	0.836952
118	159	0.833367
118	165	0.852729
118	166	0.840168
118	167	0.824116
118	168	0.833776
118	169	0.84648
118	170	0.828694
118	171	1.40228
118	174	0.840225
118	175	1.5264
118	176	1.44288
118	177	0.836731
118	178	0.843248
118	179	0.827335
119	4	1.19825
119	16	1.23679
119	45	1.2163
119	85	0.871782
119	98	1.22639
119	103	0.860962
119	127	0.885233
119	133	1.36605
119	137	0.889725
119	139	1.29332
119	142	0.878016
119	143	0.855595
119	149	0.857335
119	150	0.873637
119	151	1.44802
119	153	0.871698
119	154	0.879035
119	157	0.858598
119	160	0.864688
119	161	0.868385
119	162	0.877076
119	163	0.871923
119	172	0.867145
119	173	0.867507
119	174	1.32735
119	175	0.861375
119	176	0.874026
119	177	1.29656
119	180	0.866259
120	2	0.819905
120	8	0.822647
120	27	0.893137
120	33	1.40322
120	51	0.838382
120	57	0.890418
120	62	1.02938
120	72	0.923962
120	73	0.849253
120	74	0.848582
120	102	0.877204
120	105	0.877926
120	111	0.881197
120	112	0.882461
120	116	0.864879
120	124	0.887277
120	126	0.870085
120	129	1.2405
120	135	1.28343
120	136	0.882214
120	140	0.872079
120	141	0.872079
120	144	1.26511
120	161	0.876661
120	167	1.41316
120	173	1.2894
120	174	1.32322
120	175	0.869652
120	179	1.36116
121	1	0.775615
121	4	0.889424
121	8	0.777482
121	34	1.57223
121	38	1.59793
121	40	0.821007
121	52	1.40501
121	53	0.773376
121	61	0.855805
121	63	1.22056
121	82	1.3522
121	111	0.836032
121	112	0.837295
121	124	0.842111
121	136	0.837049
121	140	0.826914
121	141	0.826914
121	143	1.50016
121	144	0.838763
121	146	0.838589
121	148	1.52551
121	166	0.834863
121	167	0.818811
121	169	0.841175
121	171	1.42034
121	174	0.83492
121	175	0.824487
121	177	0.831426
121	178	0.837943
122	32	0.849648
122	46	1.44617
122	52	0.884598
122	77	0.884169
122	89	0.912127
122	103	0.859635
122	108	0.877351
122	109	1.23963
122	111	1.27981
122	115	0.85337
122	117	0.850958
122	134	1.37803
122	137	0.888398
122	142	0.876689
122	143	0.854268
122	144	1.19544
122	148	0.850032
122	150	0.87231
122	154	0.877708
122	155	1.24578
122	156	1.30183
122	160	0.863361
122	162	0.875749
122	165	1.24239
122	170	1.28281
122	172	0.865819
122	173	0.866181
122	176	0.872699
122	180	0.864933
123	6	0.905947
123	7	0.912056
123	14	0.87482
123	28	0.834145
123	29	1.3635
123	46	0.811592
123	48	0.815661
123	50	0.812321
123	58	0.864833
123	62	0.87368
123	63	0.945703
123	80	0.793976
123	82	0.876205
123	84	0.857345
123	90	1.24951
123	91	0.816694
123	98	0.872526
123	100	0.85849
123	110	0.867638
123	117	0.837518
123	126	0.847042
123	130	1.50501
123	133	1.35733
123	147	1.29136
123	151	1.43931
123	160	1.2484
123	171	0.8752
123	175	0.846609
123	177	1.28784
123	178	1.26532
124	2	0.808718
124	8	0.81146
124	20	0.86858
124	51	0.827195
124	57	0.879231
124	64	1.13363
124	72	0.912775
124	74	0.837395
124	102	0.866017
124	105	0.866739
124	112	0.871274
124	114	1.30362
124	116	0.853692
124	120	0.887277
124	121	0.842111
124	126	0.858898
124	130	0.835006
124	136	0.871027
124	138	0.856882
124	140	0.860892
124	141	0.860892
124	151	1.51846
124	161	0.865474
124	163	1.30679
124	164	1.47305
124	171	1.25681
124	175	0.858465
124	176	1.29741
124	177	1.36699
124	178	1.34447
125	4	1.21225
125	32	0.844122
125	41	1.43505
125	60	0.802195
125	77	0.878643
125	78	0.880623
125	84	1.31515
125	86	0.859456
125	107	0.885621
125	113	0.856415
125	114	1.24719
125	115	0.847845
125	128	0.87788
125	130	0.831064
125	133	1.38004
125	143	0.848742
125	148	0.844506
125	149	0.850483
125	157	0.851745
125	160	0.857835
125	162	0.870224
125	163	0.865071
125	165	1.33019
125	166	1.33982
125	170	1.3706
125	172	0.860293
125	173	0.860655
125	176	0.867173
125	179	1.37929
125	180	0.859407
126	8	0.794269
126	28	0.828809
126	48	0.810325
126	56	1.3018
126	73	0.820875
126	76	1.49253
126	84	0.852009
126	96	1.34207
126	98	0.86719
126	110	0.862303
126	118	1.48696
126	120	0.870085
126	123	0.847042
126	124	0.858898
126	132	0.844227
126	136	0.853836
126	140	0.843701
126	141	0.843701
126	144	1.26876
126	149	0.837233
126	150	0.853535
126	152	1.42498
126	154	0.858933
126	157	0.838496
126	160	0.844586
126	164	1.40214
126	166	1.32534
126	171	0.869864
126	176	0.853924
126	179	1.36481
126	180	0.846158
127	7	1.11405
127	18	0.881098
127	52	0.889247
127	69	0.8654
127	77	0.888818
127	99	1.28909
127	105	1.33688
127	113	0.86659
127	114	1.20569
127	119	0.885233
127	133	1.33855
127	143	0.858917
127	148	0.854681
127	149	0.860658
127	150	0.876959
127	153	0.875021
127	154	0.882358
127	155	1.29208
127	157	0.86192
127	158	0.876517
127	160	0.86801
127	162	0.880399
127	163	0.875246
127	166	1.29832
127	167	1.38978
127	172	0.870468
127	173	0.87083
127	174	1.29985
127	175	0.864698
127	176	0.877348
127	178	1.24654
127	180	0.869582
128	3	1.07284
128	24	0.883661
128	31	0.853755
128	34	0.852092
128	59	0.898757
128	89	0.916276
128	94	0.839464
128	95	0.84577
128	104	1.32064
128	107	0.895294
128	108	0.881499
128	114	1.22048
128	125	0.87788
128	133	1.35333
128	137	0.892547
128	142	0.880838
128	143	0.858416
128	148	0.85418
128	153	0.87452
128	155	1.30686
128	156	1.36291
128	157	0.861419
128	160	0.867509
128	162	0.879898
128	169	1.28662
128	170	1.34389
128	172	0.869967
128	173	0.870329
128	176	0.876847
128	177	1.28384
128	178	1.26133
128	180	0.869081
129	6	1.12236
129	11	0.765256
129	16	0.847525
129	27	1.22509
129	40	1.34358
129	42	0.815292
129	51	1.46267
129	55	0.882953
129	64	0.931263
129	73	1.41406
129	74	1.402
129	76	0.809416
129	93	0.846849
129	102	1.39606
129	107	0.891969
129	112	1.31317
129	120	1.2405
129	134	0.852409
129	136	1.27948
129	150	0.873133
129	153	0.871194
129	156	0.868032
129	160	0.864183
129	162	0.876572
129	166	0.871247
129	167	0.855195
129	169	0.877559
129	172	0.866641
129	173	0.867003
129	177	0.86781
129	178	0.874328
129	179	0.858415
129	180	0.865755
130	3	1.32775
130	41	0.810095
130	42	1.71187
130	55	1.42011
130	61	1.46531
130	65	1.55181
130	66	1.51892
130	68	1.36453
130	75	1.33469
130	102	0.824933
130	105	0.825655
130	112	0.83019
130	123	1.50501
130	124	0.835006
130	125	0.831064
130	136	0.829943
130	137	0.845731
130	140	0.819808
130	141	0.819808
130	151	0.806393
130	154	0.835041
130	158	0.8292
130	160	0.820693
130	166	0.827757
130	167	0.811705
130	169	0.834069
130	172	0.823151
130	175	0.817381
130	176	0.830031
130	177	0.82432
130	178	0.830837
130	179	0.814925
130	180	0.822265
131	8	1.5769
131	99	0.870444
131	106	0.856028
131	115	1.33782
131	133	0.856106
131	134	0.846331
131	135	0.869873
131	139	0.884872
131	144	0.86907
131	145	0.864557
131	147	0.857883
131	149	1.34768
131	151	0.843806
131	152	0.845279
131	155	0.863387
131	156	0.861954
131	159	0.858369
131	162	1.27315
131	163	1.2493
131	165	0.877731
131	166	0.86517
131	167	0.849118
131	168	0.858778
131	170	0.853696
131	172	1.29555
131	173	1.30647
131	174	0.865227
131	175	1.32344
131	176	1.23992
131	177	0.861733
131	178	0.86825
131	179	0.852337
131	180	1.2353
132	29	1.37472
132	50	1.49916
132	67	1.34729
132	69	0.844496
132	91	1.48076
132	94	0.819061
132	107	0.874892
132	113	0.845686
132	115	0.837116
132	126	0.844227
132	136	1.3089
132	137	0.872144
132	142	0.860435
132	148	0.833778
132	149	0.839754
132	150	0.856056
132	153	0.854117
132	154	0.861454
132	157	0.841017
132	158	0.855613
132	160	0.847106
132	161	0.850804
132	162	0.859495
132	163	0.854342
132	165	1.3187
132	168	1.37007
132	169	1.30184
132	172	0.849564
132	173	0.849926
132	174	1.32986
132	175	0.843794
132	176	0.856445
132	178	1.27654
132	180	0.848678
133	61	1.31763
133	78	1.29767
133	94	1.52625
133	99	0.857802
133	106	0.843387
133	114	0.879683
133	119	1.36605
133	123	1.35733
133	125	1.38004
133	127	1.33855
133	128	1.35333
133	131	0.856106
133	134	0.83369
133	135	0.857232
133	139	0.872231
133	144	0.856429
133	145	0.851916
133	146	0.856255
133	147	0.845242
133	151	0.831165
133	152	0.832638
133	155	0.850746
133	156	0.849313
133	158	1.34259
133	159	0.845727
133	164	0.834167
133	165	0.86509
133	166	0.852529
133	167	0.836477
133	169	0.858841
133	170	0.841055
133	174	0.852586
133	179	0.839696
133	180	1.31687
134	96	0.850457
134	97	1.33132
134	103	1.42978
134	107	1.32478
134	118	0.821329
134	122	1.37803
134	129	0.852409
134	131	0.846331
134	133	0.83369
134	135	0.847457
134	137	1.35164
134	139	0.862456
134	144	0.846654
134	145	0.842142
134	147	0.835467
134	148	1.47185
134	151	0.82139
134	155	0.840971
134	156	0.839538
