1	46	1.33869
1	48	1.08754
1	51	1.15245
1	62	1.17454
1	68	1.26287
1	115	4.4
1	120	0.204325
1	139	0.269242
1	146	1.21422
1	148	1.20208
1	160	0.182919
1	168	1.16752
2	7	1.09935
2	58	1.16077
2	92	1.07834
2	128	0.751689
2	151	0.464512
2	155	0.710389
2	158	1.06718
2	173	1.01152
2	176	1.07894
2	177	1.01767
2	179	1.03755
2	180	1.0476
3	11	1.00914
3	22	1.12798
3	35	0.628993
3	41	1.11025
3	46	1.17055
3	62	1.00641
3	68	1.09473
3	146	1.04608
3	148	1.03394
3	165	4.25744
3	168	0.999381
3	180	0.392621
4	72	0.682838
4	91	1.18599
4	105	0.533279
4	113	1.19286
4	129	1.20347
4	136	0.756922
4	141	1.21933
4	144	1.18987
4	164	1.174
4	171	1.22187
4	178	1.21356
4	180	1.06346
5	12	1.28213
5	13	1.07876
5	14	1.13726
5	16	0.269445
5	29	1.13674
5	64	0.994542
5	66	1.24966
5	84	1.28081
5	86	1.23481
5	106	1.19661
5	158	0.744959
5	175	1.04437
6	7	1.06514
6	120	1.1651
6	125	0.594476
6	126	0.673087
6	145	1.10563
6	156	1.05533
6	159	1.05526
6	162	1.05759
6	163	1.10481
6	171	0.662571
6	175	0.988338
6	179	1.00335
7	2	1.09935
7	6	1.06514
7	54	0.568185
7	105	1.11404
7	109	0.684554
7	114	0.688604
7	119	1.01879
7	127	1.12135
7	138	1.03044
7	160	1.09037
7	161	1.08374
7	176	0.977292
8	77	0.616231
8	90	0.545635
8	107	0.637619
8	109	1.17665
8	116	1.23345
8	125	1.23119
8	167	1.19068
8	169	1.18277
8	172	1.1816
8	174	1.20316
8	177	1.22612
8	178	1.20097
9	20	1.11679
9	75	0.49113
9	106	0.726873
9	135	1.26172
9	136	0.692371
9	143	1.04365
9	164	1.2134
9	169	1.23475
9	170	1.24333
9	172	1.23358
9	173	1.11673
9	178	1.25295
10	13	1.12894
10	83	1.02098
10	126	1.10893
10	129	1.06973
10	142	1.02918
10	150	0.745974
10	169	1.06162
10	171	1.08813
10	172	1.06045
10	174	1.08201
10	178	1.07982
10	179	1.02226
11	3	1.00914
11	37	2.6
11	48	0.970954
11	57	0.300644
11	61	1.0913
11	62	1.05795
11	68	1.14628
11	77	1.09038
11	143	0.834876
11	146	1.09763
11	148	1.08548
11	168	1.05093
12	5	1.28213
12	14	1.08616
12	16	0.462517
12	52	1.14901
12	55	1.26911
12	56	1.23867
12	73	0.927478
12	84	1.2297
12	86	1.18371
12	137	1.15891
12	175	0.929195
12	180	0.745862
13	5	1.07876
13	10	1.12894
13	52	0.94565
13	84	1.02634
13	86	0.980346
13	101	1.11605
13	106	0.942142
13	110	1.03449
13	136	0.954142
13	154	0.965364
13	173	0.823173
13	179	0.849203
14	5	1.13726
14	12	1.08616
14	28	0.809841
14	52	1.00415
14	55	1.12424
14	66	1.05369
14	84	1.08484
14	109	1.03744
14	133	1.05751
14	137	1.01404
14	168	0.881233
14	180	1.19408
15	53	1.08969
15	80	0.443072
15	136	0.653182
15	143	1.08311
15	155	1.27826
15	162	0.850689
15	165	1.00092
15	167	1.28212
15	171	1.30073
15	172	1.27304
15	173	1.07754
15	178	1.29241
16	5	0.269445
16	12	0.462517
16	20	1.15653
16	41	0.640323
16	48	0.707908
16	128	1.25378
16	148	1.25672
16	166	1.25372
16	172	1.27332
16	177	1.11875
16	179	1.13863
16	180	1.14868
17	80	1.19143
17	127	1.13393
17	145	1.05076
17	147	1.04732
17	149	0.678815
17	152	1.07613
17	160	1.10294
17	163	1.04994
17	171	0.674745
17	174	0.57927
17	176	0.989869
17	180	0.958523
18	54	1.24178
18	89	1.18579
18	95	0.58898
18	107	0.601783
18	134	1.20567
18	142	1.17066
18	156	0.83225
18	159	0.999251
18	164	1.18175
18	166	1.18233
18	167	1.21101
18	178	1.2213
19	70	1.15122
19	92	1.01919
19	105	1.15655
19	138	1.07294
19	144	0.657494
19	153	1.1123
19	161	1.12624
19	169	0.591252
19	172	0.672919
19	175	0.963399
19	176	1.0198
19	179	0.978407
20	9	1.11679
20	16	1.15653
20	24	0.724347
20	116	1.07855
20	120	0.996813
20	124	1.0772
20	125	1.07628
20	164	1.00651
20	166	1.00709
20	167	1.03577
20	168	1.1589
20	178	1.04606
21	47	1.17864
21	59	1.1165
21	92	1.0099
21	104	1.1887
21	131	0.68035
21	141	0.60998
21	160	1.12358
21	161	1.11695
21	173	0.943088
21	175	0.954109
21	178	0.638952
21	179	0.969118
22	3	1.12798
22	46	1.34093
22	51	1.15469
22	62	1.17679
22	77	1.20922
22	94	0.349619
22	107	0.327264
22	143	0.82192
22	146	1.21646
22	148	1.20432
22	165	4.94256
22	168	1.16976
23	60	1.26755
23	91	0.48733
23	100	1.2444
23	137	0.511707
23	138	1.23624
23	139	1.12027
23	146	0.349202
23	150	1.20578
23	154	1.25786
23	175	1.12669
23	178	0.423139
23	179	1.1417
24	20	0.724347
24	31	0.496522
24	64	1.19286
24	65	1.27288
24	99	1.23814
24	145	1.23552
24	153	1.26713
24	158	1.16287
24	171	0.371835
24	175	1.11823
24	177	1.11336
24	178	0.341913
25	74	0.880888
25	78	1.04118
25	114	1.06736
25	131	1.08019
25	134	1.0565
25	135	1.0809
25	148	0.969406
25	151	1.06086
25	161	1.01823
25	167	1.06184
25	171	1.08045
25	178	1.07213
26	64	1.02074
26	83	1.15463
26	91	1.1859
26	92	0.801581
26	117	1.24657
26	155	1.19931
26	157	1.1901
26	163	0.65011
26	168	0.574385
26	169	1.19527
26	174	1.21566
26	178	1.21347
27	42	1.18388
27	59	0.683102
27	69	1.2088
27	95	0.676979
27	138	0.711222
27	149	1.17457
27	151	1.20687
27	166	1.17917
27	170	1.20852
27	174	1.22034
27	176	0.957009
27	178	1.21814
28	14	0.809841
28	88	1.15731
28	90	1.18225
28	103	0.598116
28	136	1.08611
28	153	1.11506
28	157	0.677995
28	161	1.129
28	173	0.955137
28	176	1.02255
28	177	0.961283
28	180	0.991209
29	5	1.13674
29	31	1.05035
29	45	2.8
29	52	1.00363
29	55	1.12372
29	63	1.1038
29	79	0.424442
29	84	1.08432
29	86	1.03833
29	106	1.00012
29	133	1.05699
29	179	0.178889
30	32	0.490825
30	73	1.11459
30	127	1.32703
30	136	1.24652
30	154	1.25774
30	159	1.1935
30	166	0.434055
30	174	0.391462
30	175	1.12657
30	176	1.18297
30	178	0.457015
30	180	1.15162
31	24	0.496522
31	29	1.05035
31	52	1.11372
31	55	1.23382
31	56	1.20338
31	66	1.16327
31	84	1.19441
31	86	1.14842
31	102	0.947335
31	132	0.751734
31	133	1.16708
31	137	1.12361
31	152	0.876435
32	30	0.490825
32	78	1.13933
32	89	1.13478
32	126	1.1994
32	127	0.619618
32	144	1.1466
32	149	1.12672
32	159	1.0863
32	163	0.886004
32	170	1.16067
32	172	1.15092
32	174	1.17248
32	178	1.17029
33	109	0.591489
33	127	1.2864
33	136	1.20589
33	150	1.16503
33	156	1.15293
33	162	1.15519
33	170	0.501086
33	174	0.41063
33	176	1.14233
33	177	1.08106
33	178	0.476182
33	179	1.10095
33	180	1.11099
34	74	1.22327
34	98	1.3469
34	111	1.17665
34	124	0.528711
34	139	1.07191
34	146	0.533709
34	147	1.19218
34	151	0.358291
34	156	1.14532
34	173	1.06731
34	174	0.542093
34	177	1.07345
34	180	1.10338
35	3	0.628993
35	56	0.821881
35	65	1.11609
35	66	0.582178
35	80	1.2194
35	115	0.852878
35	130	1.08856
35	155	1.11635
35	171	1.13882
35	175	0.961441
35	178	1.13051
35	179	0.976449
36	58	0.787781
36	98	0.574927
36	120	0.780461
36	135	1.1795
36	137	1.12301
36	164	1.13117
36	166	1.13176
36	170	1.1611
36	171	1.17904
36	172	1.15136
36	174	1.17292
36	176	1.08833
36	178	1.17073
37	11	2.6
37	50	0.686414
37	57	1.04488
37	132	0.906996
37	134	0.900589
37	145	0.864449
37	149	0.872652
37	168	0.845694
37	169	0.898026
37	174	0.918421
37	176	0.803557
37	177	0.742285
37	178	0.916225
38	95	0.771106
38	103	1.20977
38	108	0.618122
38	135	1.21173
38	142	1.15232
38	156	1.01438
38	157	1.17959
38	160	0.828115
38	165	0.911462
38	166	1.16399
38	169	1.18476
38	172	1.18359
38	178	1.20296
39	58	1.18719
39	83	0.68466
39	111	1.14729
39	118	1.32537
39	122	1.2816
39	123	0.443756
39	135	0.420456
39	145	1.16626
39	156	1.11596
39	171	0.430133
39	173	1.03795
39	179	1.06398
39	180	1.07402
40	64	1.18471
40	103	1.1719
40	105	0.521027
40	134	1.14944
40	144	1.14139
40	149	1.12151
40	150	0.863543
40	152	0.683713
40	167	1.15479
40	170	1.15546
40	171	1.1734
40	174	1.16728
40	178	1.16508
41	3	1.11025
41	16	0.640323
41	48	1.07206
41	51	1.13696
41	61	1.19241
41	62	1.15906
41	77	1.19149
41	110	0.633545
41	127	0.728401
41	146	1.19874
41	148	1.18659
41	168	1.15204
41	176	1.06484
42	27	1.18388
42	43	0.627802
42	76	1.21398
42	112	0.857377
42	116	1.18044
42	120	0.833398
42	129	1.13787
42	135	1.15673
42	149	1.10439
42	153	0.922181
42	167	1.13767
42	170	1.13834
42	178	1.14796
43	42	0.627802
43	78	0.624974
43	80	1.33995
43	94	1.18294
43	105	1.27515
43	115	0.973434
43	126	0.449221
43	139	1.07558
43	153	1.2309
43	170	0.433686
43	176	1.13839
43	177	1.07712
43	180	1.10705
44	46	0.260356
44	107	1.25135
44	111	1.13798
44	120	1.21643
44	125	0.597612
44	139	1.03324
44	144	0.563921
44	145	1.15695
44	150	1.11875
44	159	1.10659
44	164	0.718882
44	173	1.02864
44	176	1.09606
44	179	1.05467
45	29	2.8
45	53	0.717197
45	92	0.806644
45	104	0.985438
45	123	0.959397
45	129	0.909828
45	131	0.927966
45	147	0.864701
45	152	0.893506
45	171	0.928231
45	177	0.745974
45	178	0.919914
45	179	0.765857
45	180	0.7759
46	1	1.33869
46	3	1.17055
46	22	1.34093
46	44	0.260356
46	48	1.13236
46	51	1.19726
46	61	1.2527
46	68	1.30769
46	80	0.197246
46	82	1.91893
46	148	1.24689
46	152	0.346398
46	168	1.21233
46	179	0.802517
47	21	1.17864
47	59	1.23102
47	109	0.65501
47	114	0.65906
47	124	0.460769
47	158	1.11326
47	163	1.1851
47	169	0.401598
47	173	1.0576
47	175	1.06862
47	176	1.12502
47	177	1.06375
47	179	1.08363
47	180	1.09368
48	1	1.08754
48	11	0.970954
48	16	0.707908
48	41	1.07206
48	46	1.13236
48	51	0.946118
48	61	1.00156
48	62	0.968217
48	68	1.05654
48	146	1.00789
48	148	0.995748
48	152	0.932004
48	168	0.96119
48	175	1.48283
49	67	0.587123
49	76	1.31672
49	116	1.28319
49	120	0.785893
49	122	0.650424
49	127	0.757323
49	128	1.2118
49	134	1.23507
49	140	0.814285
49	164	1.21116
49	166	1.21174
49	170	1.24109
49	171	1.25903
49	172	1.23134
50	37	0.686414
50	64	0.857981
50	71	0.973464
50	99	0.903259
50	112	0.91047
50	118	1.05975
50	121	0.887693
50	136	0.903297
50	151	2.64102
50	152	0.926007
50	159	0.850276
50	165	0.66092
50	175	0.783349
50	179	0.798357
51	1	1.15245
51	22	1.15469
51	41	1.13696
51	46	1.19726
51	48	0.946118
51	61	1.06646
51	68	1.12144
51	77	1.06555
51	88	0.734271
51	136	1.04098
51	140	0.900964
51	146	1.07279
51	148	1.06065
51	160	0.957422
51	168	1.02609
52	12	1.14901
52	13	0.94565
52	14	1.00415
52	29	1.00363
52	31	1.11372
52	55	1.1871
52	56	1.15667
52	66	1.11655
52	86	1.1017
52	109	1.1003
52	110	0.640622
52	132	0.746795
52	133	1.12037
52	147	0.875969
52	173	1.35681
53	15	1.08969
53	45	0.717197
53	62	1.73821
53	64	0.885075
53	86	0.63924
53	98	1.07901
53	127	1.0109
53	145	0.927733
53	155	0.965354
53	166	0.940539
53	170	0.969886
53	175	0.810443
53	178	0.979508
53	179	0.825451
54	7	0.568185
54	18	1.24178
54	91	1.17514
54	116	1.23519
54	124	1.23384
54	127	0.584746
54	140	0.641708
54	142	1.15206
54	148	0.593737
54	151	1.19143
54	167	1.19241
54	170	1.19308
54	172	1.18333
54	177	1.24246
54	178	1.2027
55	12	1.26911
55	14	1.12424
55	29	1.12372
55	31	1.23382
55	52	1.1871
55	71	0.553333
55	86	1.2218
55	90	0.548189
55	106	1.18359
55	109	1.22039
55	133	1.24046
55	137	1.19699
55	138	0.661613
55	150	0.886808
55	179	1.1631
56	12	1.23867
56	31	1.20338
56	35	0.821881
56	52	1.15667
56	63	1.25684
56	66	1.20621
56	73	1.17584
56	84	1.23736
56	86	1.19136
56	96	0.498357
56	106	1.15316
56	109	1.18996
56	137	1.16656
56	153	0.608067
56	161	0.548529
57	11	0.300644
57	37	1.04488
57	74	1.28676
57	78	0.702253
57	140	1.30075
57	145	1.2591
57	150	1.22091
57	156	1.20881
57	157	0.458981
57	168	1.24035
57	172	0.429623
57	173	1.13079
57	175	1.14181
57	178	0.486062
57	180	1.16687
58	2	1.16077
58	36	0.787781
58	39	1.18719
58	82	0.942562
58	95	1.17076
58	101	0.453117
58	108	1.2058
58	111	1.08064
58	132	1.14215
58	135	0.641944
58	139	0.975897
58	163	1.09879
58	171	0.651621
58	176	1.03871
58	179	0.997325
59	21	1.1165
59	27	0.683102
59	47	1.23102
59	63	1.21812
59	99	1.1264
59	134	0.686765
59	139	1.00007
59	150	1.08558
59	155	0.644864
59	158	1.05112
59	162	1.07574
59	169	0.510236
59	176	1.06288
59	177	1.00161
59	180	1.03154
60	23	1.26755
60	107	1.19664
60	108	1.20843
60	121	1.08929
60	123	0.622673
60	134	0.617552
60	138	1.09449
60	152	1.12761
60	157	0.552048
60	175	0.984947
60	176	1.04134
60	177	0.980072
60	178	0.579128
60	179	0.999956
60	180	1.01
61	11	1.0913
61	41	1.19241
61	46	1.2527
61	48	1.00156
61	51	1.06646
61	62	1.08856
61	68	1.17689
61	77	1.12099
61	143	2.66837
61	146	1.12823
61	150	0.431708
61	153	0.233213
61	154	0.275477
61	168	1.08153
62	1	1.17454
62	3	1.00641
62	11	1.05795
62	22	1.17679
62	41	1.15906
62	48	0.968217
62	53	1.73821
62	61	1.08856
62	68	1.14354
62	90	0.598519
62	96	0.628933
62	122	0.514391
62	146	1.09489
62	148	1.08275
62	168	1.04819
63	29	1.1038
63	56	1.25684
63	59	1.21812
63	66	1.21672
63	86	1.20188
63	130	0.367314
63	133	1.22054
63	137	1.17707
63	152	1.19838
63	164	0.572911
63	166	0.466854
63	171	0.519736
63	175	1.05572
63	178	0.489814
63	179	1.07073
63	180	1.08077
64	5	0.994542
64	24	1.19286
64	26	1.02074
64	40	1.18471
64	50	0.857981
64	53	0.885075
64	73	0.906745
64	147	1.03258
64	153	1.06763
64	156	0.985722
64	158	0.963364
64	160	1.0882
64	162	0.987977
64	176	0.975124
64	177	0.913852
64	180	0.943778
65	24	1.27288
65	35	1.11609
65	89	0.562085
65	91	0.655893
65	121	1.10308
65	139	0.99232
65	140	1.15768
65	141	0.562729
65	148	1.13183
65	154	1.12991
65	156	1.06573
65	177	0.993865
65	178	0.591701
65	179	1.01375
65	180	1.02379
66	5	1.24966
66	14	1.05369
66	31	1.16327
66	35	0.582178
66	52	1.11655
66	56	1.20621
66	63	1.21672
66	79	1.09784
66	84	1.19724
66	86	1.15125
66	99	0.536157
66	109	1.14984
66	133	1.16991
66	137	1.12644
66	177	0.908721
66	180	0.754522
67	49	0.587123
67	83	0.700056
67	87	1.2345
67	118	1.326
67	119	1.14749
67	121	1.15394
67	123	0.459152
67	129	0.410515
67	148	1.18269
67	150	1.12869
67	160	1.21907
67	163	1.16607
67	168	1.14813
67	175	1.0496
67	177	1.04472
67	178	0.415608
68	1	1.26287
68	3	1.09473
68	11	1.14628
68	46	1.30769
68	48	1.05654
68	51	1.12144
68	61	1.17689
68	62	1.14354
68	70	0.691205
68	88	0.685358
68	112	0.847639
68	121	0.848848
68	146	1.18322
68	148	1.17107
68	160	0.908508
68	168	1.13652
69	27	1.2088
69	102	0.474338
69	128	1.13397
69	131	1.18093
69	136	0.464395
69	139	1.19379
69	144	1.14919
69	155	1.15873
69	164	1.13333
69	167	1.16259
69	170	1.16326
69	171	1.1812
69	172	1.15351
69	174	1.17508
69	175	0.954264
69	177	0.925129
70	19	1.15122
70	68	0.691205
70	71	1.22203
70	88	1.22306
70	93	1.25599
70	99	1.15182
70	117	0.526711
70	132	1.19175
70	137	0.570492
70	150	1.111
70	156	1.09891
70	170	0.506827
70	175	1.03191
70	176	1.08831
70	177	1.02704
70	178	0.481924
70	179	1.04692
71	50	0.973464
71	55	0.553333
71	70	1.22203
71	74	1.17915
71	103	0.461222
71	120	1.21098
71	121	1.13855
71	137	0.656749
71	147	1.14806
71	149	0.602173
71	152	1.17687
71	159	1.10114
71	161	1.19705
71	162	1.10346
71	167	0.500754
71	176	1.09061
71	180	1.05926
72	4	0.682838
72	78	0.924892
72	90	1.15541
72	95	1.12775
72	97	1.07032
72	118	1.21571
72	147	1.05316
72	148	1.0724
72	152	1.08197
72	154	1.07048
72	157	0.68162
72	160	1.10878
72	165	0.816882
72	174	0.643148
72	175	0.939312
72	177	0.934436
72	179	0.95432
73	12	0.927478
73	30	1.11459
73	56	1.17584
73	64	0.906745
73	84	1.13249
73	88	1.02326
73	122	1.06474
73	130	0.959234
73	139	0.825693
73	153	0.981011
73	169	0.982978
73	171	1.0095
73	172	0.981808
73	174	1.00337
73	176	0.888509
73	178	1.00118
73	180	0.857164
74	25	0.880888
74	34	1.22327
74	57	1.28676
74	71	1.17915
74	108	1.21252
74	122	1.22167
74	152	1.1317
74	156	1.05603
74	157	0.479201
74	160	1.15851
74	167	0.438855
74	168	1.08757
74	170	0.531185
74	174	0.440729
74	176	1.04544
74	177	0.984164
74	180	1.01409
75	9	0.49113
75	102	1.13573
75	121	1.14816
75	127	1.24427
75	133	0.577156
75	139	1.03739
75	145	1.1611
75	146	0.507607
75	147	1.15766
75	149	0.615536
75	152	1.18647
75	155	0.578066
75	156	1.11081
75	161	1.20666
75	175	1.04381
75	176	1.10021
75	180	1.06886
76	42	1.21398
76	49	1.31672
76	89	1.21273
76	97	0.632338
76	99	0.724429
76	141	1.25401
76	149	1.20467
76	151	1.23697
76	157	1.22488
76	160	0.552702
76	161	0.497099
76	166	1.20927
76	172	1.22887
76	174	1.25044
76	178	1.24824
76	179	1.03142
76	180	0.942794
77	8	0.616231
77	11	1.09038
77	22	1.20922
77	41	1.19149
77	51	1.06555
77	61	1.12099
77	84	0.495192
77	107	1.19377
77	132	1.14192
77	134	0.672057
77	148	1.11518
77	156	1.04908
77	158	1.02672
77	161	1.14493
77	166	0.610674
77	167	0.566207
77	168	1.08062
77	173	0.971063
78	25	1.04118
78	32	1.13933
78	43	0.624974
78	57	0.702253
78	72	0.924892
78	89	1.11576
78	93	0.703166
78	113	1.13057
78	133	1.14702
78	154	0.961617
78	155	1.13712
78	164	1.11172
78	165	0.859775
78	166	1.1123
78	170	1.14165
78	171	1.15959
78	174	1.15347
78	178	1.15127
79	29	0.424442
79	66	1.09784
79	84	1.29419
79	86	0.369144
79	90	1.12899
79	99	1.0328
79	121	1.01724
79	132	1.07273
79	141	1.08773
79	144	1.05827
79	163	1.02936
79	165	0.790463
79	170	1.07233
79	172	1.06259
79	174	1.08415
79	175	0.912892
79	176	0.969289
79	178	1.08196
80	15	0.443072
80	17	1.19143
80	35	1.2194
80	43	1.33995
80	46	0.197246
80	97	1.23306
80	104	1.33664
80	127	1.30251
80	131	0.614071
80	157	0.545594
80	159	1.16898
80	162	1.1713
80	164	0.655771
80	172	0.516235
80	173	1.09103
80	175	1.10205
80	179	1.11706
80	180	1.1271
81	92	1.19504
81	94	1.24019
81	102	1.23116
81	131	0.528609
81	136	1.25919
81	138	1.24879
81	141	0.458239
81	142	0.490362
81	151	0.237857
81	152	1.2819
81	154	1.27041
81	163	1.25571
81	165	1.01681
81	170	0.512115
81	172	0.430773
81	173	1.12822
81	175	1.13924
81	177	1.13437
82	46	1.91893
82	58	0.942562
82	85	1.00413
82	86	1.23087
82	97	0.935347
82	113	0.952707
82	139	0.79792
82	159	0.871267
82	162	0.87359
82	167	0.963116
82	168	0.902874
82	169	0.955206
82	174	0.975601
82	175	0.80434
82	178	0.973405
82	179	0.819348
82	180	0.829391
83	10	1.02098
83	26	1.15463
83	39	0.68466
83	67	0.700056
83	96	0.877899
83	117	1.15649
83	132	0.881574
83	142	1.07275
83	144	1.0997
83	157	1.10003
83	161	0.928072
83	166	1.08442
83	167	1.1131
83	170	1.11377
83	171	1.13171
83	172	1.10402
83	174	1.12559
83	178	1.12339
84	5	1.28081
84	12	1.2297
84	13	1.02634
84	14	1.08484
84	29	1.08432
84	31	1.19441
84	56	1.23736
84	66	1.19724
84	73	1.13249
84	77	0.495192
84	79	1.29419
84	86	1.18239
84	106	1.14419
84	109	1.18099
84	118	0.386029
84	132	0.458684
84	133	1.20106
84	137	1.15759
84	140	0.504329
85	82	1.00413
85	95	0.587228
85	104	0.524005
85	111	0.618738
85	114	1.20818
85	135	1.22172
85	143	1.00365
85	144	1.18926
85	155	1.1988
85	162	0.925301
85	164	1.1734
85	166	1.17398
85	167	1.20266
85	170	1.20333
85	172	1.19358
85	174	1.21515
85	175	1.21766
85	176	0.867258
85	178	1.21295
86	5	1.23481
86	12	1.18371
86	13	0.980346
86	29	1.03833
86	31	1.14842
86	52	1.1017
86	53	0.63924
86	55	1.2218
86	56	1.19136
86	63	1.20188
86	66	1.15125
86	79	0.369144
86	82	1.23087
86	84	1.18239
86	106	1.09819
86	133	1.15506
86	137	1.11159
86	143	2.07483
86	159	0.185783
86	162	0.310561
87	67	1.2345
87	96	1.21844
87	97	1.16001
87	98	1.29757
87	105	1.22215
87	111	1.12732
87	117	0.607753
87	124	0.484032
87	135	0.583211
87	151	0.313611
87	153	1.1779
87	158	1.07364
87	160	1.19847
87	162	1.09825
87	172	0.506527
87	175	1.029
87	176	1.0854
87	177	1.02413
87	178	0.562966
87	180	1.05405
88	28	1.15731
88	51	0.734271
88	68	0.685358
88	70	1.22306
88	73	1.02326
88	95	1.22369
88	96	1.22469
88	98	1.30381
88	119	1.13314
88	132	1.19508
88	133	0.471688
88	140	1.19419
88	155	0.472598
88	157	0.448996
88	158	1.07988
88	159	1.10217
88	164	0.559173
88	177	1.03037
88	179	1.05026
88	180	1.0603
89	18	1.18579
89	32	1.13478
89	65	0.562085
89	76	1.21273
89	78	1.11576
89	103	1.15353
89	114	1.14194
89	133	1.14246
89	155	1.13256
89	156	0.855871
89	160	0.669611
89	161	0.614008
89	162	0.950674
89	164	1.10716
89	166	1.10774
89	167	1.13642
89	171	1.15503
89	172	1.12734
89	178	1.14671
89	179	1.14833
90	8	0.545635
90	28	1.18225
90	55	0.548189
90	62	0.598519
90	72	1.15541
90	79	1.12899
90	100	1.1779
90	110	1.26049
90	121	1.16453
90	122	1.29282
90	137	0.651605
90	159	1.12712
90	162	1.12944
90	164	0.646134
90	166	0.540077
90	173	1.04917
90	176	1.11659
90	177	1.05531
90	179	1.0752
90	180	1.08524
91	4	1.18599
91	23	0.48733
91	26	1.1859
91	54	1.17514
91	65	0.655893
91	104	0.643187
91	116	1.18714
91	118	0.588662
91	129	1.14457
91	135	1.16343
91	141	1.16043
91	143	0.945359
91	156	0.949679
91	157	1.13129
91	164	1.11511
91	167	1.14437
91	170	1.14504
91	171	1.16298
91	177	1.30771
91	178	1.15466
92	2	1.07834
92	19	1.01919
92	21	1.0099
92	26	0.801581
92	45	0.806644
92	81	1.19504
92	95	1.08833
92	100	1.0176
92	101	0.835083
92	113	0.907992
92	119	0.997784
92	154	1.03106
92	156	0.966885
92	158	0.944527
92	160	1.06936
92	161	1.06273
92	166	0.980705
92	173	0.888869
92	175	0.89989
92	180	0.924941
93	70	1.25599
93	78	0.703166
93	94	1.16912
93	110	1.26847
93	114	0.606332
93	119	1.16606
93	122	1.3008
93	131	0.528372
93	143	1.02793
93	145	1.18546
93	149	0.520967
93	162	1.13742
93	169	0.34887
93	170	0.511878
93	173	1.05715
93	175	1.06817
93	176	1.12456
93	177	1.06329
93	179	1.08318
93	180	1.09322
94	22	0.349619
94	43	1.18294
94	81	1.24019
94	93	1.16912
94	98	1.21361
94	122	1.17767
94	137	0.786672
94	142	0.701255
94	145	1.06233
94	150	1.02413
94	153	1.09394
94	154	1.07621
94	160	1.11451
94	172	0.641665
94	175	0.945042
94	176	1.00144
94	177	0.940167
94	178	0.698104
94	179	0.96005
95	18	0.58898
95	27	0.676979
95	38	0.771106
95	58	1.17076
95	72	1.12775
95	85	0.587228
95	88	1.22369
95	92	1.08833
95	102	1.12446
95	119	1.13043
95	123	0.685762
95	144	0.570354
95	147	1.14639
95	153	1.18144
95	154	1.16371
95	159	1.09946
95	163	1.14901
95	173	1.02152
95	176	1.08893
95	177	1.02766
95	180	1.05759
96	56	0.498357
96	62	0.628933
96	83	0.877899
96	87	1.21844
96	88	1.22469
96	102	1.12545
96	112	1.16065
96	121	1.13788
96	138	1.14308
96	141	0.564479
96	150	1.11262
96	152	1.17619
96	154	1.1647
96	157	0.56637
96	158	1.07817
96	175	1.03353
96	176	1.08993
96	177	1.02866
96	178	0.593451
96	179	1.04854
96	180	1.05858
97	72	1.07032
97	76	0.632338
97	80	1.23306
97	82	0.935347
97	87	1.16001
97	111	1.07342
97	117	0.82365
97	119	1.07299
97	127	1.17556
97	139	0.968682
97	151	0.529508
97	156	1.0421
97	161	1.13795
97	171	0.808785
97	173	0.96408
97	175	0.975101
97	176	1.0315
97	177	0.970226
97	178	0.778863
97	179	0.99011
97	180	1.00015
98	34	1.3469
98	36	0.574927
98	53	1.07901
98	87	1.29757
98	88	1.30381
98	94	1.21361
98	112	1.23978
98	115	1.0041
98	117	0.453632
98	126	0.449283
98	128	0.446667
98	155	0.405367
98	160	1.28213
98	161	1.27551
98	164	0.491942
98	168	1.2112
98	171	0.438767
98	175	1.11266
98	176	1.16906
98	179	1.12767
98	180	1.13771
99	24	1.23814
99	50	0.903259
99	59	1.1264
99	66	0.536157
99	70	1.15182
99	76	0.724429
99	79	1.0328
99	113	0.775281
99	124	0.792019
99	136	1.08395
99	140	1.12294
99	152	1.10666
99	154	1.09517
99	158	1.00864
99	159	1.03093
99	170	0.895857
99	173	0.952984
99	176	1.0204
99	177	0.95913
99	179	0.979013
99	180	0.989056
100	23	1.2444
100	90	1.1779
100	92	1.0176
100	120	1.13857
100	125	0.636937
100	135	0.695354
100	137	0.763678
100	138	1.07135
100	141	0.646137
100	150	1.0409
100	153	1.1107
100	154	1.09298
100	161	1.12465
100	163	1.07828
100	165	0.839376
100	173	0.950784
100	175	0.961805
100	176	1.0182
100	177	0.95693
100	178	0.67511
100	179	0.976813
101	13	1.11605
101	58	0.453117
101	92	0.835083
101	104	0.410413
101	117	1.22913
101	124	1.22716
101	126	1.22514
101	127	0.417226
101	128	1.15712
101	134	1.18039
101	135	1.2048
101	151	1.18475
101	155	1.18187
101	165	0.904533
101	166	1.15706
101	167	1.18574
101	169	1.17783
101	170	1.1864
101	171	1.20434
101	173	1.03856
101	176	0.753666
101	178	1.19603
102	31	0.947335
102	69	0.474338
102	75	1.13573
102	81	1.23116
102	95	1.12446
102	96	1.12545
102	105	1.12916
102	114	0.912083
102	133	0.788339
102	135	0.812971
102	147	1.04987
102	154	1.06719
102	156	1.00301
102	158	0.980653
102	162	1.00527
102	163	1.05249
102	173	0.924994
102	175	0.936015
102	176	0.992412
102	177	0.93114
102	179	0.951024
102	180	0.961066
103	28	0.598116
103	38	1.20977
103	40	1.1719
103	71	0.461222
103	89	1.15353
103	113	1.16834
103	128	1.15013
103	130	1.1471
103	131	1.19709
103	134	1.17341
103	137	1.14132
103	145	0.652589
103	153	0.596202
103	155	1.17489
103	157	1.16568
103	159	0.945529
103	169	1.17084
103	171	1.19736
103	174	1.19124
103	176	0.815289
103	177	1.13656
103	178	1.18904
104	21	1.1887
104	45	0.985438
104	80	1.33664
104	85	0.524005
104	91	0.643187
104	101	0.410413
104	143	1.03845
104	145	1.19597
104	152	1.22134
104	158	1.12332
104	160	1.24816
104	161	1.24153
104	162	1.14793
104	163	1.19516
104	164	0.662092
104	170	0.603898
104	171	0.608917
104	172	0.522556
104	173	1.06766
104	175	1.07868
104	176	1.13508
104	179	1.09369
104	180	1.10374
105	4	0.533279
105	7	1.11404
105	19	1.15655
105	40	0.521027
105	43	1.27515
105	87	1.22215
105	102	1.12916
105	107	1.24893
105	116	0.437856
105	131	0.600538
105	132	1.19708
105	153	1.18614
105	154	1.16841
105	158	1.08188
105	160	1.20671
105	161	1.20009
105	164	0.642237
105	167	0.491714
105	170	0.584044
105	173	1.02622
105	176	1.09364
105	177	1.03237
105	180	1.06229
106	5	1.19661
106	9	0.726873
106	13	0.942142
106	29	1.00012
106	55	1.18359
106	56	1.15316
106	84	1.14419
106	86	1.09819
106	121	1.05639
106	137	1.07339
106	143	0.911807
106	149	0.851279
106	150	1.03113
106	158	0.996679
106	165	0.829613
106	166	0.794327
106	170	0.84219
106	172	0.760848
106	173	0.941021
106	175	0.952042
106	177	0.947167
106	179	0.96705
106	180	0.977093
107	8	0.637619
107	18	0.601783
107	22	0.327264
107	44	1.25135
107	60	1.19664
107	77	1.19377
107	105	1.24893
107	111	1.1541
107	112	1.1829
107	130	0.53252
107	133	0.650633
107	138	1.16533
107	140	1.21472
107	152	1.19844
107	158	1.10042
107	162	1.12503
107	163	1.17225
107	165	0.933354
107	166	0.632061
107	174	0.589468
107	176	1.11218
107	179	1.07079
107	180	1.08083
108	38	0.618122
108	58	1.2058
108	60	1.20843
108	74	1.21252
108	114	0.608591
108	115	0.959013
108	125	0.451061
108	128	0.527056
108	140	1.22651
108	147	1.18143
108	148	1.20067
108	152	1.21023
108	153	1.21647
108	158	1.11221
108	160	1.23705
108	162	1.13683
108	170	0.514137
108	171	0.519156
108	173	1.05655
108	174	0.423681
108	177	1.0627
108	179	1.08258
108	180	1.09263
109	7	0.684554
109	8	1.17665
109	14	1.03744
109	33	0.591489
109	47	0.65501
109	52	1.1003
109	55	1.22039
109	56	1.18996
109	66	1.14984
109	84	1.18099
109	122	0.594216
109	124	1.18905
109	132	0.712432
109	133	1.15366
109	137	1.11019
109	148	0.710105
109	167	1.14762
109	169	1.13971
109	170	1.14829
109	172	1.13854
109	174	1.1601
109	178	1.15791
109	179	1.29325
110	13	1.03449
110	41	0.633545
110	52	0.640622
110	90	1.26049
110	93	1.26847
110	111	1.14271
110	117	0.53574
110	120	1.22116
110	132	1.20423
110	135	0.511197
110	136	1.16434
110	140	1.20333
110	147	1.15825
110	155	0.487474
110	159	1.11132
110	160	1.21387
110	162	1.11365
110	164	0.574049
110	168	1.14293
110	172	0.434513
110	173	1.03337
110	179	1.0594
110	180	1.06945
111	34	1.17665
111	39	1.14729
111	44	1.13798
111	58	1.08064
111	85	0.618738
111	87	1.12732
111	97	1.07342
111	107	1.1541
111	110	1.14271
111	115	0.833851
111	122	1.17504
111	124	0.594794
111	131	0.715126
111	133	0.66934
111	140	1.10135
111	144	0.601865
111	147	1.05627
111	150	1.0215
111	153	1.09131
111	154	1.07358
111	156	1.00941
111	167	0.606302
111	176	0.99881
112	42	0.857377
112	50	0.91047
112	68	0.847639
112	96	1.16065
112	98	1.23978
112	107	1.1829
112	116	0.517073
112	120	1.14798
112	125	0.600185
112	127	1.17167
112	136	1.09116
112	138	1.08076
112	144	0.566494
112	154	1.10239
112	161	1.13406
112	162	1.04047
112	163	1.08769
112	167	0.570931
112	168	1.06975
112	175	0.971216
112	176	1.02761
112	179	0.986224
112	180	0.996267
113	4	1.19286
113	78	1.13057
113	82	0.952707
113	92	0.907992
113	99	0.775281
113	103	1.16834
113	117	1.19463
113	123	1.20101
113	137	1.11381
113	140	0.547098
113	141	1.1673
113	154	0.649753
113	155	1.14737
113	162	0.884618
113	163	0.756521
113	164	1.12197
113	165	0.870032
113	167	1.15124
113	170	1.1519
113	171	1.16984
113	172	1.14216
113	174	1.16372
113	178	1.16153
113	179	1.08227
114	7	0.688604
114	25	1.06736
114	47	0.65906
114	85	1.20818
114	89	1.14194
114	93	0.606332
114	102	0.912083
114	108	0.608591
114	115	0.899821
114	122	0.598266
114	123	1.21693
114	129	1.16736
114	135	1.18622
114	141	1.18322
114	142	1.12681
114	155	1.16329
114	157	1.15408
114	164	1.1379
114	165	0.885955
114	167	1.16716
114	169	1.15925
114	172	1.15808
114	176	1.0416
114	178	1.17745
115	1	4.4
115	35	0.852878
115	43	0.973434
115	98	1.0041
115	108	0.959013
115	111	0.833851
115	114	0.899821
115	123	0.94408
115	125	0.934817
115	139	0.729113
115	142	0.853958
115	143	0.695297
115	163	0.852004
115	165	0.613103
115	169	0.886398
115	170	0.894975
115	175	0.735532
115	176	0.791929
115	177	0.730657
115	178	0.904597
115	179	0.75054
115	180	0.760583
116	8	1.23345
116	20	1.07855
116	42	1.18044
116	49	1.28319
116	54	1.23519
116	91	1.18714
116	105	0.437856
116	112	0.517073
116	120	0.493094
116	134	1.19907
116	135	1.22348
116	148	0.473514
116	155	1.20055
116	159	0.931204
116	162	0.859006
116	164	1.17515
116	166	1.17574
116	169	1.19651
116	170	1.20508
116	172	1.19534
116	173	1.08586
116	174	1.2169
116	178	1.21471
116	180	0.968034
117	26	1.24657
117	70	0.526711
117	83	1.15649
117	87	0.607753
117	97	0.82365
117	98	0.453632
117	101	1.22913
117	110	0.53574
117	113	1.19463
117	118	0.569257
117	125	1.24554
117	127	0.630595
117	128	1.17642
117	142	1.16469
117	157	1.19196
117	164	1.17577
117	166	1.17636
117	167	1.20504
117	169	1.19713
117	170	1.2057
117	171	1.22364
117	172	1.19596
117	178	1.21533
117	180	1.13411
118	39	1.32537
118	50	1.05975
118	67	1.326
118	72	1.21571
118	84	0.386029
118	91	0.588662
118	117	0.569257
118	120	1.29726
118	129	0.519378
118	136	1.24044
118	139	1.11408
118	140	1.27943
118	157	0.49739
118	158	1.16513
118	159	1.18742
118	160	1.28997
118	162	1.18975
118	167	0.457043
118	172	0.468031
118	173	1.10947
118	175	1.1205
118	178	0.52447
118	179	1.1355
118	180	1.14555
119	7	1.01879
119	67	1.14749
119	88	1.13314
119	92	0.997784
119	93	1.16606
119	95	1.13043
119	97	1.07299
119	120	1.11875
119	121	1.04633
119	128	0.819368
119	130	0.659046
119	143	0.901753
119	157	0.754465
119	159	1.00892
119	161	1.10483
119	164	0.864643
119	165	0.819559
119	173	0.930967
119	174	0.715993
119	175	0.941988
119	177	0.937113
119	179	0.956996
119	180	0.967039
120	1	0.204325
120	6	1.1651
120	20	0.996813
120	36	0.780461
120	42	0.833398
120	44	1.21643
120	49	0.785893
120	71	1.21098
120	100	1.13857
120	110	1.22116
120	112	1.14798
120	116	0.493094
120	118	1.29726
120	119	1.11875
120	140	1.1798
120	150	1.09995
120	156	1.08786
120	161	1.18371
120	163	1.13733
120	165	0.898432
120	174	0.548826
120	177	1.01599
120	179	1.03587
120	180	1.04591
121	50	0.887693
121	60	1.08929
121	65	1.10308
121	67	1.15394
121	68	0.848848
121	71	1.13855
121	75	1.14816
121	79	1.01724
121	90	1.16453
121	96	1.13788
121	106	1.05639
121	119	1.04633
121	137	0.728135
121	139	0.942019
121	145	1.06573
121	149	0.673559
121	153	1.09734
121	156	1.01543
121	159	1.01537
121	170	0.66447
121	171	0.669488
121	176	1.00484
121	177	0.943564
121	178	0.639566
121	180	0.97349
122	39	1.2816
122	49	0.650424
122	62	0.514391
122	73	1.06474
122	74	1.22167
122	90	1.29282
122	93	1.3008
122	94	1.17767
122	109	0.594216
122	111	1.17504
122	114	0.598266
122	123	0.522454
122	132	1.23656
122	134	0.517333
122	136	1.19667
122	145	1.19401
122	146	0.404972
122	150	1.15582
122	161	1.23957
122	164	0.562006
122	173	1.0657
122	176	1.13312
122	177	1.07185
122	179	1.09173
122	180	1.10178
123	39	0.443756
123	45	0.959397
123	60	0.622673
123	67	0.459152
123	95	0.685762
123	113	1.20101
123	114	1.21693
123	115	0.94408
123	122	0.522454
123	128	1.1828
123	130	1.17976
123	131	1.22976
123	138	0.720006
123	141	1.22748
123	149	1.17813
123	151	1.21043
123	157	1.19834
123	163	0.895738
123	164	1.18216
123	169	1.20351
123	170	1.21209
123	171	1.23003
123	174	1.2239
123	178	1.22171
123	180	1.13286
124	20	1.0772
124	34	0.528711
124	47	0.460769
124	54	1.23384
124	87	0.484032
124	99	0.792019
124	101	1.22716
124	109	1.18905
124	111	0.594794
124	142	1.16272
124	144	1.18967
124	146	1.18953
124	151	1.20209
124	156	0.806553
124	157	1.19
124	160	0.620293
124	165	0.921867
124	166	1.17439
124	169	1.19516
124	170	1.20374
124	171	1.22168
124	172	1.19399
124	174	1.21556
124	175	1.19372
124	178	1.21336
125	6	0.594476
125	8	1.23119
125	20	1.07628
125	44	0.597612
125	100	0.636937
125	108	0.451061
125	112	0.600185
125	115	0.934817
125	117	1.24554
125	128	1.17354
125	130	1.1705
125	131	1.2205
125	142	1.16181
125	151	1.20117
125	153	0.664989
125	154	0.707252
125	155	1.19829
125	157	1.18908
125	164	1.17289
125	169	1.19425
125	170	1.20282
125	171	1.22076
125	172	1.19308
125	174	1.21464
125	175	1.23448
126	6	0.673087
126	10	1.10893
126	32	1.1994
126	43	0.449221
126	98	0.449283
126	101	1.22514
126	141	1.21711
126	142	1.1607
126	147	0.766738
126	151	1.20006
126	153	0.7436
126	155	1.19718
126	157	1.18797
126	159	1.09293
126	160	0.739665
126	163	0.892632
126	164	1.17179
126	165	0.919844
126	166	1.17237
126	167	1.20105
126	169	1.19314
126	170	1.20172
126	171	1.21966
126	174	1.21353
126	178	1.21134
127	7	1.12135
127	17	1.13393
127	30	1.32703
127	32	0.619618
127	33	1.2864
127	41	0.728401
127	49	0.757323
127	53	1.0109
127	54	0.584746
127	75	1.24427
127	80	1.30251
127	97	1.17556
127	101	0.417226
127	112	1.17167
127	117	0.630595
127	138	1.1541
127	143	1.00432
127	147	1.1584
127	152	1.18721
127	153	1.19345
127	163	1.16102
127	166	0.562848
127	177	1.03968
127	178	0.585808
127	179	1.05956
127	180	1.0696
128	2	0.751689
128	16	1.25378
128	49	1.2118
128	69	1.13397
128	98	0.446667
128	101	1.15712
128	103	1.15013
128	108	0.527056
128	117	1.17642
128	119	0.819368
128	123	1.1828
128	125	1.17354
128	131	1.15137
128	144	1.11963
128	145	0.79737
128	149	1.09974
128	151	1.13204
128	152	0.759649
128	155	1.12916
128	160	0.737049
128	165	0.851823
128	169	1.12512
128	170	1.13369
128	171	1.15163
128	172	1.12395
128	178	1.14332
128	179	1.21577
129	4	1.20347
129	10	1.06973
129	42	1.13787
129	45	0.909828
129	67	0.410515
129	91	1.14457
129	114	1.16736
129	118	0.519378
129	130	1.1302
129	134	1.1565
129	137	1.12442
129	141	1.17791
129	146	1.14831
129	149	1.12857
129	152	0.716734
129	154	0.740333
129	157	1.14877
129	158	0.968151
129	166	1.13317
129	167	1.16185
129	168	0.771375
129	169	1.15394
129	171	1.18046
129	172	1.15277
129	178	1.17214
129	179	1.17285
129	180	1.08423
130	35	1.08856
130	63	0.367314
130	73	0.959234
130	103	1.1471
130	107	0.53252
130	119	0.659046
130	123	1.17976
130	125	1.1705
130	129	1.1302
130	141	1.14605
130	142	1.08964
130	146	1.11645
130	149	1.09671
130	151	1.12901
130	155	1.12613
130	157	1.11692
130	161	0.521124
130	164	1.10073
130	167	1.12999
130	169	1.12208
130	171	1.1486
130	172	1.12091
130	173	1.08464
130	174	1.14248
130	175	1.15015
130	177	1.12102
130	178	1.14028
130	180	0.966818
131	21	0.68035
131	25	1.08019
131	45	0.927966
131	69	1.18093
131	80	0.614071
131	81	0.528609
131	93	0.528372
131	103	1.19709
131	105	0.600538
131	111	0.715126
131	123	1.22976
131	125	1.2205
131	128	1.15137
131	136	0.824181
131	137	1.14256
131	141	1.19605
131	142	1.13964
131	144	1.16659
131	146	1.16645
131	149	1.1467
131	164	1.15072
131	168	0.817865
131	169	1.17208
131	170	1.18065
131	171	1.19859
131	172	1.17091
131	174	1.19247
131	176	0.963645
131	178	1.19028
132	31	0.751734
132	37	0.906996
132	52	0.746795
132	58	1.14215
132	70	1.19175
132	77	1.14192
132	79	1.07273
132	83	0.881574
132	84	0.458684
132	88	1.19508
132	105	1.19708
132	109	0.712432
132	110	1.20423
132	122	1.23656
132	138	1.11348
132	153	1.15283
132	154	1.1351
132	156	1.07093
132	159	1.07086
132	161	1.16677
132	168	1.10246
132	170	0.622029
132	171	0.627047
132	173	0.992909
132	174	0.531573
132	176	1.06033
132	177	0.999056
132	179	1.01894
132	180	1.02898
133	14	1.05751
133	29	1.05699
133	31	1.16708
133	52	1.12037
133	55	1.24046
133	63	1.22054
133	66	1.16991
133	75	0.577156
133	78	1.14702
133	84	1.20106
133	86	1.15506
133	88	0.471688
133	89	1.14246
133	102	0.788339
133	107	0.650633
133	109	1.15366
133	111	0.66934
133	134	1.16234
133	144	1.15429
133	145	0.75516
133	151	1.1667
133	152	0.717439
133	157	1.15461
133	163	0.847805
133	165	0.886482
133	166	1.13901
133	167	1.16769
133	169	1.15978
133	178	1.17798
133	179	1.17356
134	18	1.20567
134	25	1.0565
134	37	0.900589
134	40	1.14944
134	49	1.23507
134	59	0.686765
134	60	0.617552
134	77	0.672057
134	101	1.18039
134	103	1.17341
134	116	1.19907
134	122	0.517333
134	129	1.1565
134	133	1.16234
134	135	1.17536
134	140	0.681194
134	142	1.11595
134	147	0.764723
134	149	1.12302
134	151	1.15531
134	152	0.76025
134	155	1.15243
134	157	1.14322
134	163	0.890617
134	164	1.12704
134	166	1.12762
134	169	1.14839
134	172	1.14722
134	178	1.16659
134	179	1.21637
135	9	1.26172
135	25	1.0809
135	36	1.1795
135	38	1.21173
135	39	0.420456
135	42	1.15673
135	58	0.641944
135	85	1.22172
135	87	0.583211
135	91	1.16343
135	100	0.695354
135	101	1.2048
135	102	0.812971
135	110	0.511197
135	114	1.18622
135	116	1.22348
135	134	1.17536
135	147	0.746544
135	149	1.14742
135	154	0.76567
135	155	1.17684
135	157	1.16763
135	158	0.993488
135	161	0.663868
135	166	1.15203
135	167	1.18071
135	169	1.1728
135	170	1.18137
135	172	1.17163
135	174	1.19319
135	178	1.191
136	4	0.756922
136	9	0.692371
136	13	0.954142
136	15	0.653182
136	28	1.08611
136	30	1.24652
136	33	1.20589
136	50	0.903297
136	51	1.04098
136	69	0.464395
136	81	1.25919
136	99	1.08395
136	110	1.16434
136	112	1.09116
136	118	1.24044
136	122	1.19667
136	131	0.824181
136	138	1.07359
136	153	1.11294
136	154	1.09521
136	158	1.00868
136	160	1.13351
136	163	1.08051
136	169	0.644679
136	170	0.807687
136	173	0.953021
136	175	0.964043
136	176	1.02044
136	177	0.959168
136	179	0.979051
136	180	0.989094
137	12	1.15891
137	14	1.01404
137	23	0.511707
137	31	1.12361
137	36	1.12301
137	55	1.19699
137	56	1.16656
137	63	1.17707
137	66	1.12644
137	70	0.570492
137	71	0.656749
137	84	1.15759
137	86	1.11159
137	90	0.651605
137	94	0.786672
137	100	0.763678
137	103	1.14132
137	106	1.07339
137	109	1.11019
137	113	1.11381
137	121	0.728135
137	129	1.12442
137	131	1.14256
137	142	1.08387
137	150	0.990225
137	167	1.12422
137	168	0.865036
137	169	1.11631
137	171	1.14282
137	174	1.1367
137	178	1.13451
138	7	1.03044
138	19	1.07294
138	23	1.23624
138	27	0.711222
138	55	0.661613
138	60	1.09449
138	81	1.24879
138	96	1.14308
138	100	1.07135
138	107	1.16533
138	112	1.08076
138	123	0.720006
138	127	1.1541
138	132	1.11348
138	136	1.07359
138	143	0.913405
138	146	0.602524
138	149	0.710453
138	150	1.03273
138	152	1.0963
138	153	1.10254
138	156	1.02063
138	159	1.02057
138	160	1.12311
138	163	1.07011
138	164	0.759558
138	169	0.538356
138	171	0.706383
138	176	1.01004
138	177	0.948765
138	180	0.978691
139	1	0.269242
139	23	1.12027
139	34	1.07191
139	43	1.07558
139	44	1.03324
139	58	0.975897
139	59	1.00007
139	65	0.99232
139	69	1.19379
139	73	0.825693
139	75	1.03739
139	82	0.79792
139	97	0.968682
139	115	0.729113
139	118	1.11408
139	121	0.942019
139	143	0.79744
139	144	1.44032
139	145	0.954965
139	146	1.43825
139	147	0.951527
139	150	0.916766
139	154	0.968845
139	156	0.90467
139	159	0.904602
139	160	1.00715
139	161	1.00052
139	163	0.954147
139	169	1.37408
139	176	0.894072
139	180	0.862726
140	49	0.814285
140	51	0.900964
140	54	0.641708
140	57	1.30075
140	65	1.15768
140	84	0.504329
140	88	1.19419
140	99	1.12294
140	107	1.21472
140	108	1.22651
140	110	1.20333
140	111	1.10135
140	113	0.547098
140	118	1.27943
140	120	1.1798
140	134	0.681194
140	154	1.1342
140	158	1.04767
140	161	1.16588
140	162	1.07228
140	163	1.1195
140	165	0.880604
140	166	0.61981
140	168	1.10157
140	173	0.992012
140	174	0.577217
140	175	1.00303
140	176	1.05943
140	177	0.998158
140	178	0.64277
140	179	1.01804
140	180	1.02808
141	4	1.21933
141	21	0.60998
141	65	0.562729
141	76	1.25401
141	79	1.08773
141	81	0.458239
141	91	1.16043
141	96	0.564479
141	100	0.646137
141	113	1.1673
141	114	1.18322
141	123	1.22748
141	126	1.21711
141	129	1.17791
141	130	1.14605
141	131	1.19605
141	142	1.13736
141	144	1.16431
141	154	0.716453
141	155	1.17384
141	159	1.02352
141	160	0.670255
141	164	1.14844
141	165	0.896502
141	166	1.14903
141	167	1.17771
141	168	0.747495
141	169	1.1698
141	172	1.16863
141	174	1.19019
141	177	1.21454
141	178	1.188
142	10	1.02918
142	18	1.17066
142	38	1.15232
142	54	1.15206
142	81	0.490362
142	83	1.07275
142	94	0.701255
142	114	1.12681
142	115	0.853958
142	117	1.16469
142	124	1.16272
142	125	1.16181
142	126	1.1607
142	130	1.08964
142	131	1.13964
142	134	1.11595
142	137	1.08387
142	141	1.13736
142	145	0.762698
142	151	1.12031
142	158	0.976395
142	161	0.646774
142	163	0.855344
142	166	1.09262
142	168	0.779618
142	169	1.11339
142	170	1.12196
142	172	1.11222
142	173	1.21029
142	174	1.13378
142	178	1.13159
142	180	1.09247
143	9	1.04365
143	11	0.834876
143	15	1.08311
143	22	0.82192
143	61	2.66837
143	85	1.00365
143	86	2.07483
143	91	0.945359
143	93	1.02793
143	104	1.03845
143	106	0.911807
143	115	0.695297
143	119	0.901753
143	127	1.00432
143	138	0.913405
143	139	0.79744
143	147	0.917712
143	151	0.96165
143	156	0.870854
143	162	0.87311
143	163	0.920332
143	164	0.933372
