1	42	0.463739
1	52	1.28245
1	115	1.34844
1	117	1.34844
1	118	1.43006
1	142	0.510943
1	144	1.36558
1	166	1.37235
1	168	0.491034
1	176	0.459935
1	178	0.480954
1	179	1.45267
2	36	1.41559
2	89	1.321
2	109	1.40283
2	127	0.494323
2	139	1.32031
2	145	1.36812
2	149	1.39975
2	157	1.3724
2	158	0.50258
2	170	0.502218
2	174	0.503307
2	179	0.40426
3	36	1.41367
3	87	1.31471
3	142	0.510912
3	143	0.493279
3	145	1.36621
3	148	1.38952
3	149	1.39784
3	157	1.37048
3	158	0.475592
3	165	0.549603
3	178	1.34757
3	179	0.377272
4	18	1.27331
4	81	1.43103
4	86	1.39325
4	103	1.36706
4	111	1.38652
4	113	1.38652
4	155	0.515001
4	156	0.477099
4	161	1.36231
4	163	0.487024
4	175	0.42872
4	177	0.498826
5	13	1.44267
5	28	1.37328
5	40	1.30961
5	53	1.35663
5	74	1.36366
5	122	0.316943
5	137	1.39672
5	140	0.267202
5	147	1.35743
5	155	0.296672
5	178	0.814775
5	179	0.711125
6	85	1.21638
6	97	1.18046
6	104	1.25858
6	124	1.21188
6	126	1.15173
6	128	1.18787
6	156	0.596658
6	162	0.57065
6	167	0.634338
6	169	1.23448
6	171	0.603641
6	178	1.15863
7	8	0.395589
7	10	0.635868
7	76	0.657481
7	103	0.705562
7	150	1.17845
7	153	1.21812
7	159	1.19764
7	168	1.20295
7	172	1.24582
7	173	1.21478
7	174	1.19171
7	180	1.15053
8	7	0.395589
8	60	1.32229
8	70	1.34765
8	93	1.39806
8	99	1.35238
8	101	1.3805
8	106	1.43712
8	114	1.362
8	164	0.591993
8	165	0.261005
8	170	0.605986
8	175	0.550789
9	12	1.42806
9	73	1.33888
9	98	0.422919
9	99	1.33955
9	101	1.36766
9	106	1.42428
9	114	1.34916
9	142	0.432375
9	156	0.389875
9	171	1.35242
9	177	0.411602
9	179	0.749876
10	7	0.635868
10	87	1.34615
10	94	1.32233
10	127	0.419016
10	131	0.459684
10	136	1.40306
10	139	1.34985
10	145	1.39765
10	157	1.40193
10	164	0.412917
10	178	1.37902
10	180	0.477883
11	44	1.17878
11	66	1.2091
11	83	1.16473
11	88	1.23745
11	147	1.12146
11	153	0.616062
11	160	0.608843
11	166	1.19172
11	169	1.22472
11	175	0.55979
11	178	0.62068
11	179	1.27204
12	9	1.42806
12	57	1.33735
12	60	1.33273
12	70	1.35809
12	93	1.4085
12	99	1.36282
12	114	1.37244
12	158	0.487747
12	172	0.465251
12	174	0.488474
12	176	0.47206
12	178	0.493078
13	5	1.44267
13	40	1.27688
13	62	1.3901
13	74	1.33094
13	75	1.50531
13	146	0.467619
13	147	1.3247
13	155	0.490194
13	161	1.3294
13	165	0.533484
13	173	0.450565
13	178	0.464803
14	23	1.3166
14	82	1.36704
14	97	1.37463
14	119	0.48072
14	123	0.477689
14	128	1.38204
14	129	1.37823
14	147	0.515138
14	151	0.497068
14	169	1.42865
14	175	0.436038
14	178	1.35281
15	46	1.36712
15	56	1.30229
15	79	1.42538
15	84	1.37264
15	96	1.33672
15	144	1.39231
15	147	0.488038
15	152	0.479994
15	155	0.495219
15	171	0.4643
15	175	1.40354
15	177	0.479044
16	32	1.28058
16	35	1.27898
16	55	0.565698
16	81	1.20537
16	100	1.17195
16	103	1.14141
16	110	1.19997
16	111	1.16087
16	113	1.16087
16	133	0.628288
16	176	0.647002
16	179	0.56437
17	77	1.13929
17	85	1.22624
17	104	1.26844
17	105	0.60128
17	126	1.16158
17	128	1.19772
17	129	1.19391
17	159	0.613486
17	163	0.604501
17	169	1.24433
17	176	0.586068
17	178	1.16849
18	4	1.27331
18	78	1.14701
18	81	1.22858
18	100	1.19516
18	103	1.16461
18	110	1.22318
18	111	1.18408
18	113	1.18408
18	165	0.695364
18	171	0.621155
18	175	0.565793
18	179	0.523033
19	51	1.35379
19	59	1.28893
19	63	1.37782
19	65	1.37022
19	80	1.39868
19	125	0.392389
19	152	0.413591
19	167	0.428594
19	169	1.41955
19	175	1.39101
19	178	0.403425
19	179	0.768648
20	44	1.2247
20	66	1.25502
20	83	1.21065
20	88	1.28338
20	146	0.572226
20	166	1.23765
20	169	1.27064
20	173	0.555171
20	175	0.50852
20	178	0.56941
20	179	1.31797
21	31	1.31285
21	50	1.2519
21	91	1.33091
21	115	1.26896
21	117	1.26896
21	118	1.35058
21	132	1.24264
21	142	0.550766
21	146	0.523592
21	153	0.516158
21	164	0.50109
21	170	0.515084
21	179	1.37319
22	69	1.30458
22	92	1.2761
22	94	1.24265
22	102	0.496599
22	112	1.31669
22	138	0.557602
22	139	1.27017
22	140	0.512892
22	145	1.31797
22	149	1.3496
22	152	0.527137
22	157	1.32225
22	174	0.512367
23	14	1.3166
23	104	1.35803
23	124	1.31133
23	126	1.25118
23	128	1.28732
23	129	1.28351
23	135	0.522739
23	141	0.514591
23	147	0.537284
23	156	0.506563
23	159	0.525473
23	169	1.33393
23	178	1.25809
24	49	1.49529
24	103	1.46504
24	110	1.52361
24	111	1.48451
24	113	1.48451
24	127	0.423779
24	134	1.48676
24	147	0.455577
24	156	0.424855
24	161	1.46029
24	163	0.434781
24	170	0.431674
24	178	0.437367
25	98	0.509466
25	108	1.24144
25	112	1.30372
25	145	1.305
25	147	0.507144
25	148	1.32831
25	149	1.33663
25	157	1.30928
25	165	0.557614
25	171	1.28924
25	177	0.49815
25	178	1.28637
25	180	0.534213
26	52	1.20616
26	91	1.33409
26	102	0.514963
26	115	1.27214
26	117	1.27214
26	118	1.35376
26	125	0.524298
26	144	1.28928
26	158	0.530004
26	166	1.29605
26	171	0.529806
26	172	0.507508
26	179	1.37637
27	48	1.42046
27	83	1.4593
27	88	1.53202
27	98	0.455192
27	130	0.438872
27	147	1.41603
27	156	0.422148
27	163	0.432073
27	164	0.414973
27	166	1.48629
27	168	0.44474
27	169	1.51929
27	179	1.56661
28	5	1.37328
28	40	1.2075
28	53	1.25451
28	62	1.32072
28	74	1.26155
28	75	1.43593
28	120	0.505678
28	125	0.530598
28	134	1.28649
28	159	0.548033
28	161	1.26001
28	175	0.480744
28	178	0.541634
29	65	0.46851
29	83	0.511212
29	108	0.567733
29	117	0.509139
29	145	0.536782
29	150	1.27522
29	168	1.29972
29	170	1.31298
29	172	1.34259
29	173	1.31156
29	176	1.31779
29	177	1.29283
29	180	1.2473
30	38	1.28992
30	56	1.32834
30	71	1.52091
30	79	1.45142
30	84	1.39869
30	96	1.36277
30	123	0.449583
30	138	0.509452
30	144	1.41836
30	146	0.471637
30	163	0.466235
30	171	0.463293
30	175	1.42959
30	176	0.447803
31	21	1.31285
31	50	1.35901
31	72	0.486952
31	91	1.43802
31	115	1.37607
31	116	0.430824
31	117	1.37607
31	118	1.45769
31	141	0.447496
31	142	0.481968
31	160	0.440141
31	165	0.520659
31	166	1.39998
31	179	1.4803
32	16	1.28058
32	72	0.513511
32	78	1.37994
32	86	1.42373
32	100	1.42809
32	103	1.39754
32	110	1.45611
32	111	1.417
32	113	1.417
32	143	0.490894
32	155	0.503928
32	156	0.466026
32	164	0.458851
32	179	0.374887
33	43	1.34367
33	50	1.35461
33	72	0.420307
33	91	1.43362
33	115	1.37167
33	117	1.37167
33	118	1.45329
33	143	0.39769
33	155	0.410724
33	159	0.391732
33	166	1.39558
33	168	0.395414
33	175	0.792168
33	179	1.4759
34	41	1.16671
34	82	1.23456
34	85	1.27808
34	97	1.24215
34	124	1.27357
34	126	1.21342
34	128	1.24956
34	129	1.24575
34	130	0.55921
34	146	0.557813
34	162	0.516478
34	165	0.623678
34	169	1.29617
34	171	0.549469
35	16	1.27898
35	86	1.42213
35	100	1.42648
35	103	1.39594
35	110	1.4545
35	111	1.4154
35	113	1.4154
35	121	0.495181
35	154	0.468208
35	156	0.485289
35	161	1.39118
35	163	0.495214
35	172	0.469974
35	179	0.39415
36	2	1.41559
36	3	1.41367
36	76	1.45259
36	108	1.31548
36	109	1.41375
36	120	0.436586
36	133	0.432811
36	141	0.46806
36	148	1.40235
36	152	0.482709
36	157	1.38332
36	163	0.469957
36	166	1.40326
36	180	0.517822
37	59	1.31883
37	63	1.40772
37	64	1.40621
37	65	1.40012
37	80	1.42858
37	132	0.459675
37	138	0.494871
37	146	1.36817
37	153	0.449622
37	154	0.424648
37	155	0.479631
37	169	1.44945
37	175	1.42091
37	180	0.49952
38	30	1.28992
38	46	1.21282
38	58	1.1707
38	71	1.34056
38	79	1.27107
38	84	1.21834
38	96	1.18242
38	120	1.26493
38	121	0.556201
38	141	0.554338
38	167	0.583989
38	171	0.553292
38	175	1.24924
38	178	0.558821
39	77	1.19
39	85	1.27695
39	97	1.24102
39	105	0.582713
39	124	1.27244
39	126	1.21229
39	128	1.24843
39	129	1.24462
39	167	0.613688
39	169	1.29504
39	175	0.52763
39	177	0.597736
39	178	1.2192
39	179	0.48487
40	5	1.30961
40	13	1.27688
40	28	1.2075
40	53	1.19084
40	62	1.25704
40	74	1.19788
40	75	1.37226
40	116	0.557377
40	140	0.574453
40	147	1.19165
40	151	0.578672
40	161	1.19634
40	175	0.517642
40	178	0.578532
41	34	1.16671
41	77	1.21148
41	82	1.25491
41	97	1.2625
41	124	1.29392
41	126	1.23377
41	128	1.26991
41	129	1.2661
41	138	0.594563
41	143	0.566289
41	164	0.534246
41	171	0.548404
41	177	0.563148
41	178	1.24068
42	1	0.463739
42	44	0.479921
42	45	0.517105
42	60	0.516089
42	86	0.527482
42	137	0.489237
42	150	1.31187
42	156	1.37672
42	167	1.28956
42	170	1.34962
42	172	1.37924
42	174	1.32513
42	176	1.35444
42	177	1.32947
42	180	1.28395
43	33	1.34367
43	52	1.2382
43	91	1.36613
43	115	1.30418
43	117	1.30418
43	118	1.3858
43	123	0.496476
43	133	0.475983
43	144	1.32132
43	158	0.510384
43	160	0.503878
43	166	1.32809
43	171	0.510186
43	174	0.511111
43	179	1.40842
44	11	1.17878
44	20	1.2247
44	42	0.479921
44	48	1.30122
44	83	1.34006
44	88	1.41279
44	134	1.32796
44	135	0.500801
44	136	0.484687
44	152	0.507302
44	166	1.36706
44	169	1.40005
44	170	0.491443
44	179	1.44738
44	180	0.542416
45	42	0.517105
45	55	0.431998
45	61	1.37302
45	89	1.29519
45	119	0.518111
45	139	1.2945
45	148	1.36562
45	149	1.37394
45	157	1.34658
45	161	1.30095
45	167	0.559488
45	171	1.32654
45	172	0.506493
45	175	0.47343
45	178	1.32367
46	15	1.36712
46	38	1.21282
46	58	1.27396
46	71	1.44382
46	79	1.37433
46	84	1.32159
46	96	1.28567
46	102	0.50268
46	120	1.36819
46	136	0.510604
46	140	0.518973
46	152	0.533218
46	175	1.3525
46	178	0.523052
46	179	0.419402
47	82	1.32883
47	97	1.33642
47	104	1.41454
47	107	1.24761
47	124	1.36784
47	126	1.30769
47	128	1.34383
47	136	1.33864
47	153	0.520519
47	154	0.495545
47	170	0.519445
47	172	0.497311
47	173	0.5109
47	175	0.464248
47	178	1.3146
48	27	1.42046
48	44	1.30122
48	66	1.33154
48	83	1.28717
48	88	1.3599
48	125	0.484528
48	131	0.522645
48	135	0.49923
48	147	1.2439
48	155	0.520955
48	164	0.475878
48	166	1.31417
48	169	1.34716
48	177	0.50478
48	179	1.39449
49	24	1.49529
49	78	1.27101
49	81	1.35257
49	86	1.3148
49	100	1.31916
49	110	1.34717
49	111	1.30807
49	113	1.30807
49	150	0.520925
49	152	0.509037
49	161	1.28386
49	170	0.493179
49	176	0.477853
49	177	0.508087
49	178	0.498871
50	21	1.2519
50	31	1.35901
50	33	1.35461
50	52	1.24913
50	115	1.31512
50	117	1.31512
50	118	1.39674
50	120	0.462666
50	122	0.544284
50	151	0.498762
50	166	1.33903
50	167	0.523791
50	173	0.484384
50	174	0.494018
50	179	1.41935
51	19	1.35379
51	59	1.24961
51	63	1.3385
51	64	1.33699
51	65	1.3309
51	80	1.35936
51	119	0.515692
51	146	1.29895
51	154	0.502308
51	164	0.512214
51	169	1.38022
51	173	0.517662
51	175	1.35169
51	178	0.5319
51	179	0.42825
52	1	1.28245
52	26	1.20616
52	43	1.2382
52	50	1.24913
52	98	0.546932
52	115	1.26619
52	117	1.26619
52	118	1.34781
52	125	0.515363
52	144	1.28333
52	163	0.523813
52	166	1.29011
52	167	0.551567
52	172	0.498572
52	179	1.37043
52	180	0.571678
53	5	1.35663
53	28	1.25451
53	40	1.19084
53	62	1.30406
53	74	1.24489
53	75	1.41927
53	127	0.538982
53	132	0.558003
53	134	1.26983
53	137	1.27795
53	142	0.582559
53	147	1.23866
53	161	1.24336
53	174	0.547965
53	176	0.531551
53	179	0.448919
54	55	0.37729
54	70	1.39863
54	73	1.4027
54	90	1.39745
54	93	1.44904
54	99	1.40337
54	101	1.43148
54	106	1.4881
54	114	1.41298
54	119	0.463404
54	150	0.501666
54	160	0.467775
54	164	0.459926
54	170	0.473919
54	171	1.41624
54	173	0.465374
55	16	0.565698
55	45	0.431998
55	54	0.37729
55	62	1.54176
55	74	1.4826
55	82	0.411196
55	96	1.48426
55	148	0.395141
55	149	0.425804
55	161	1.48106
55	166	0.38778
55	174	1.49869
55	175	1.55109
55	177	1.50303
55	180	1.45751
56	15	1.30229
56	30	1.32834
56	58	1.20912
56	71	1.37898
56	79	1.30949
56	84	1.25675
56	96	1.22083
56	105	1.23011
56	131	0.552066
56	138	0.565617
56	144	1.27643
56	153	0.520368
56	173	0.510748
56	175	1.28766
56	177	0.534202
56	178	0.524987
57	12	1.33735
57	73	1.24817
57	90	1.24292
57	93	1.29451
57	101	1.27695
57	106	1.33357
57	114	1.25845
57	122	0.580279
57	132	1.25146
57	133	0.494885
57	144	1.29491
57	150	0.556671
57	151	0.534757
57	171	1.26171
57	172	0.50679
57	178	0.534617
58	38	1.1707
58	46	1.27396
58	56	1.20912
58	71	1.4017
58	79	1.33221
58	84	1.27947
58	96	1.24355
58	105	1.25283
58	120	1.32607
58	136	0.532118
58	143	0.556923
58	151	0.544707
58	162	0.506047
58	175	1.31038
58	176	0.523548
58	178	0.544567
59	19	1.28893
59	37	1.31883
59	51	1.24961
59	63	1.27364
59	64	1.27213
59	65	1.26604
59	80	1.2945
59	130	0.557539
59	133	0.513595
59	146	1.23409
59	162	0.514807
59	169	1.31537
59	171	0.547798
59	172	0.5255
59	174	0.548722
59	175	1.28684
60	8	1.32229
60	12	1.33273
60	42	0.516089
60	90	1.2383
60	99	1.24421
60	101	1.27233
60	106	1.32895
60	114	1.25383
60	125	1.30344
60	132	1.24683
60	147	0.551514
60	155	0.558694
60	158	0.527973
60	171	1.25709
60	173	0.519065
60	178	0.533304
61	45	1.37302
61	67	1.38147
61	92	1.32042
61	94	1.28696
61	95	1.38743
61	112	1.361
61	125	0.467026
61	148	1.38559
61	149	1.39391
61	150	0.500116
61	155	0.503453
61	157	1.36656
61	158	0.472731
61	163	0.475476
61	167	0.50323
61	177	0.487278
61	178	1.34365
62	13	1.3901
62	28	1.32072
62	40	1.25704
62	53	1.30406
62	55	1.54176
62	74	1.3111
62	75	1.48547
62	116	0.497725
62	123	0.499641
62	127	0.505292
62	134	1.33603
62	136	0.506431
62	137	1.34415
62	161	1.30956
62	162	0.48036
62	173	0.504641
62	179	0.415229
63	19	1.37782
63	37	1.40772
63	51	1.3385
63	59	1.27364
63	64	1.36102
63	65	1.35493
63	80	1.38339
63	131	0.497504
63	140	0.466345
63	142	0.500413
63	146	1.32298
63	154	0.440831
63	165	0.539105
63	169	1.40426
63	175	1.37572
63	176	0.449405
63	180	0.515703
64	37	1.40621
64	51	1.33699
64	59	1.27213
64	63	1.36102
64	65	1.35342
64	80	1.38188
64	120	1.3899
64	138	0.544593
64	146	1.32147
64	155	0.529353
64	160	0.492125
64	162	0.465443
64	163	0.501377
64	169	1.40275
64	172	0.476136
64	175	1.37421
64	179	0.400312
65	19	1.37022
65	29	0.46851
65	37	1.40012
65	51	1.3309
65	59	1.26604
65	63	1.35493
65	64	1.35342
65	80	1.37579
65	98	0.482735
65	120	1.38381
65	142	0.492191
65	153	0.457583
65	159	0.468601
65	165	0.530882
65	169	1.39666
65	175	1.36812
65	180	0.507481
66	11	1.2091
66	20	1.25502
66	48	1.33154
66	83	1.37038
66	88	1.44311
66	123	0.482425
66	134	1.35828
66	147	1.32711
66	151	0.501804
66	153	0.497045
66	166	1.39738
66	168	0.511745
66	169	1.43037
66	172	0.473837
66	175	0.440774
66	178	0.501664
66	179	1.4777
67	61	1.38147
67	76	1.42431
67	89	1.30364
67	95	1.3759
67	112	1.34948
67	133	0.451684
67	138	0.532047
67	139	1.30295
67	140	0.487337
67	142	0.521406
67	145	1.35076
67	148	1.37407
67	149	1.38239
67	157	1.35503
67	170	0.485724
67	175	0.430527
67	177	0.500632
68	94	1.30107
68	108	1.31282
68	123	0.503852
68	136	1.38179
68	139	1.32858
68	145	1.37639
68	148	1.3997
68	157	1.38067
68	162	0.484571
68	164	0.503404
68	166	1.4006
68	170	0.517398
68	171	1.36063
68	174	0.518486
68	175	0.462201
68	178	1.35775
68	179	0.41944
69	22	1.30458
69	76	1.39174
69	92	1.27632
69	94	1.24286
69	95	1.34333
69	98	0.547434
69	102	0.506529
69	108	1.25462
69	139	1.27038
69	141	0.522418
69	143	0.539257
69	148	1.34149
69	149	1.34981
69	152	0.537067
69	157	1.32246
69	159	0.5333
69	171	1.30242
69	179	0.42325
70	8	1.34765
70	12	1.35809
70	54	1.39863
70	90	1.26365
70	93	1.31524
70	99	1.26957
70	101	1.29769
70	114	1.27919
70	121	0.50976
70	122	0.558042
70	132	1.27219
70	144	1.31565
70	154	0.482787
70	160	0.500542
70	167	0.537548
70	168	0.522461
70	171	1.28244
70	173	0.498141
71	30	1.52091
71	38	1.34056
71	46	1.44382
71	56	1.37898
71	58	1.4017
71	79	1.50207
71	84	1.44933
71	96	1.41341
71	122	0.497354
71	132	0.457127
71	144	1.469
71	150	0.473747
71	168	0.461773
71	172	0.423866
71	175	1.48023
71	178	0.451693
71	179	0.348042
71	180	0.496972
72	31	0.486952
72	32	0.513511
72	33	0.420307
72	78	0.602803
72	90	0.546763
72	91	0.486938
72	103	0.537272
72	120	1.35914
72	143	1.28676
72	151	1.29747
72	160	1.32513
72	163	1.32032
72	170	1.31555
72	172	1.34516
72	173	1.31413
72	174	1.29106
72	177	1.2954
72	180	1.24987
73	9	1.33888
73	54	1.4027
73	57	1.24817
73	90	1.26772
73	93	1.31931
73	99	1.27364
73	101	1.30175
73	106	1.35837
73	114	1.28325
73	144	1.31971
73	151	0.524915
73	156	0.512263
73	162	0.486255
73	165	0.593455
73	171	1.28651
73	175	0.463885
73	176	0.503756
73	178	0.524775
74	5	1.36366
74	13	1.33094
74	28	1.26155
74	40	1.19788
74	53	1.24489
74	55	1.4826
74	62	1.3111
74	75	1.42631
74	136	0.52436
74	137	1.28498
74	143	0.549165
74	147	1.2457
74	161	1.25039
74	163	0.534223
74	172	0.508982
74	173	0.52257
74	178	0.536809
74	179	0.433159
75	13	1.50531
75	28	1.43593
75	40	1.37226
75	53	1.41927
75	62	1.48547
75	74	1.42631
75	105	0.453506
75	134	1.45124
75	137	1.45936
75	147	1.42008
75	150	0.481368
75	158	0.453983
75	161	1.42477
75	167	0.484482
75	171	0.453785
75	177	0.468529
75	178	0.459314
75	179	0.355663
76	7	0.657481
76	36	1.45259
76	67	1.42431
76	69	1.39174
76	87	1.35362
76	107	1.3195
76	108	1.34156
76	130	0.458429
76	131	0.481297
76	139	1.35732
76	145	1.40513
76	146	1.38106
76	147	0.472428
76	151	0.454357
76	157	1.4094
76	160	0.44238
76	161	1.36377
76	174	0.449613
76	175	0.393327
77	17	1.13929
77	39	1.19
77	41	1.21148
77	85	1.32285
77	124	1.31834
77	126	1.25819
77	127	1.29201
77	128	1.29433
77	129	1.29052
77	135	0.561059
77	137	1.27697
77	155	0.582785
77	165	0.626075
77	169	1.34094
77	174	0.55279
77	175	0.496504
77	176	0.536376
77	178	1.2651
77	179	0.453744
78	18	1.14701
78	32	1.37994
78	49	1.27101
78	72	0.602803
78	81	1.30473
78	86	1.26696
78	100	1.27131
78	103	1.24076
78	110	1.29933
78	111	1.26023
78	113	1.26023
78	127	0.554242
78	134	1.26248
78	146	0.570645
78	161	1.23601
78	162	0.52931
78	172	0.540003
78	176	0.546811
78	179	0.464179
79	15	1.42538
79	30	1.45142
79	38	1.27107
79	46	1.37433
79	56	1.30949
79	58	1.33221
79	71	1.50207
79	84	1.37984
79	96	1.34392
79	136	0.495834
79	142	0.538272
79	144	1.39952
79	152	0.518449
79	169	0.187304
79	170	0.50259
79	174	0.503679
79	175	1.41075
79	178	0.508283
79	180	0.553562
80	19	1.39868
80	37	1.42858
80	51	1.35936
80	59	1.2945
80	63	1.38339
80	64	1.38188
80	65	1.37579
80	120	1.41227
80	122	0.520018
80	125	0.463321
80	127	0.460769
80	146	1.34384
80	158	0.469026
80	160	0.462519
80	169	1.42512
80	171	0.468828
80	172	0.44653
80	175	1.39658
80	180	0.519636
81	4	1.43103
81	16	1.20537
81	18	1.22858
81	49	1.35257
81	78	1.30473
81	86	1.34852
81	100	1.35288
81	103	1.32233
81	110	1.38089
81	111	1.34179
81	113	1.34179
81	125	1.38952
81	150	0.526015
81	156	0.491449
81	159	0.510359
81	160	0.492123
81	162	0.465441
81	167	0.529129
81	176	0.482942
81	177	0.513176
82	14	1.36704
82	34	1.23456
82	41	1.25491
82	47	1.32883
82	55	0.411196
82	85	1.36628
82	104	1.40848
82	124	1.36178
82	126	1.30162
82	128	1.33776
82	129	1.33395
82	137	1.3204
82	151	0.513658
82	155	0.538909
82	159	0.519917
82	162	0.474998
82	169	1.38438
82	173	0.49928
82	176	0.4925
82	180	0.558798
83	11	1.16473
83	20	1.21065
83	27	1.4593
83	29	0.511212
83	44	1.34006
83	48	1.28717
83	66	1.37038
83	88	1.39874
83	116	0.483749
83	133	0.465172
83	134	1.31391
83	142	0.534893
83	146	0.507719
83	147	1.28274
83	155	0.530294
83	166	1.35301
83	169	1.386
83	170	0.499211
83	172	0.477077
83	179	1.43333
84	15	1.37264
84	30	1.39869
84	38	1.21834
84	46	1.32159
84	56	1.25675
84	58	1.27947
84	71	1.44933
84	79	1.37984
84	96	1.29118
84	98	0.555524
84	105	1.30046
84	120	1.3737
84	157	0.239323
84	168	0.545072
84	171	0.529463
84	172	0.507164
84	173	0.520753
84	174	0.530387
84	175	1.35801
84	180	0.58027
85	6	1.21638
85	17	1.22624
85	34	1.27808
85	39	1.27695
85	77	1.32285
85	82	1.36628
85	104	1.45199
85	105	0.511568
85	124	1.40529
85	126	1.34514
85	128	1.38128
85	129	1.37747
85	141	0.512893
85	160	0.505538
85	171	0.511847
85	173	0.503137
85	174	0.512771
85	175	0.456486
85	176	0.496357
85	178	1.35205
86	4	1.39325
86	32	1.42373
86	35	1.42213
86	42	0.527482
86	49	1.3148
86	78	1.26696
86	81	1.34852
86	100	1.3151
86	103	1.28456
86	109	0.246321
86	110	1.34312
86	111	1.30402
86	113	1.30402
86	120	0.50874
86	136	0.532248
86	147	0.562907
86	161	1.2798
86	173	0.530458
86	177	0.553912
86	178	0.544697
87	3	1.31471
87	10	1.34615
87	76	1.35362
87	109	1.31478
87	112	1.27879
87	122	0.563903
87	136	1.28547
87	139	1.23227
87	142	0.54823
87	145	1.28007
87	146	1.256
87	148	1.30338
87	149	1.3117
87	157	1.28435
87	160	0.506404
87	161	1.23871
87	168	0.528322
87	170	0.512548
87	172	0.490414
87	176	0.497223
87	180	0.563521
88	11	1.23745
88	20	1.28338
88	27	1.53202
88	44	1.41279
88	48	1.3599
88	66	1.44311
88	83	1.39874
88	130	0.46791
88	134	1.38663
88	138	0.504329
88	147	1.35547
88	151	0.463838
88	153	0.459079
88	154	0.434106
88	164	0.444012
88	165	0.532379
88	166	1.42573
88	169	1.45872
88	176	0.44268
88	178	0.463698
88	179	1.50605
89	2	1.321
89	45	1.29519
89	67	1.30364
89	95	1.3096
89	105	0.537116
89	109	1.31917
89	112	1.28318
89	123	0.523684
89	127	0.529336
89	139	1.23665
89	145	1.28446
89	148	1.30777
89	149	1.31609
89	150	0.564977
89	157	1.28873
89	159	0.549322
89	171	1.26869
89	173	0.528685
89	174	0.538319
89	178	1.26582
89	179	0.439273
90	54	1.39745
90	57	1.24292
90	60	1.2383
90	70	1.26365
90	72	0.546763
90	73	1.26772
90	93	1.31406
90	99	1.26839
90	101	1.2965
90	106	1.35312
90	114	1.278
90	125	1.32761
90	132	1.27101
90	136	0.499341
90	141	0.507307
90	143	0.524146
90	151	0.511929
90	154	0.482197
90	165	0.58047
90	171	1.28126
90	180	0.557069
91	21	1.33091
91	26	1.33409
91	31	1.43802
91	33	1.43362
91	43	1.36613
91	72	0.486938
91	105	1.36495
91	115	1.39413
91	117	1.39413
91	118	1.47575
91	127	1.4021
91	131	0.479044
91	132	1.36781
91	136	0.439516
91	138	0.492595
91	146	0.45478
91	153	0.447346
91	177	0.46118
91	178	0.451965
91	179	1.49836
91	180	0.497244
92	22	1.2761
92	61	1.32042
92	69	1.27632
92	95	1.31485
92	102	0.519325
92	109	1.32442
92	119	0.523489
92	135	0.543362
92	137	1.28294
92	139	1.2419
92	145	1.28971
92	148	1.31302
92	149	1.32134
92	150	0.561751
92	152	0.549863
92	157	1.29398
92	160	0.527859
92	171	1.27394
92	177	0.548913
92	178	1.27107
92	179	0.436046
93	8	1.39806
93	12	1.4085
93	54	1.44904
93	57	1.29451
93	70	1.31524
93	73	1.31931
93	90	1.31406
93	99	1.31998
93	101	1.34809
93	106	1.40471
93	114	1.32959
93	121	0.498822
93	144	1.36605
93	150	0.523496
93	152	0.511608
93	160	0.489604
93	164	0.481755
93	171	1.33285
93	174	0.496837
93	177	0.510658
93	178	0.501442
93	179	0.397791
94	10	1.32233
94	22	1.24265
94	61	1.28696
94	68	1.30107
94	69	1.24286
94	108	1.19269
94	109	1.29096
94	132	0.577886
94	136	1.26165
94	139	1.20845
94	141	0.567969
94	146	1.23218
94	147	0.590662
94	148	1.27956
94	156	0.55994
94	157	1.26053
94	162	0.533932
94	170	0.566759
94	171	1.24049
94	172	0.544625
94	178	1.23762
94	179	0.468801
95	61	1.38743
95	67	1.3759
95	69	1.34333
95	89	1.3096
95	92	1.31485
95	109	1.39143
95	112	1.35543
95	119	0.48666
95	127	0.48928
95	137	1.34995
95	139	1.30891
95	145	1.35672
95	148	1.38003
95	149	1.38835
95	150	0.524922
95	154	0.473275
95	158	0.497537
95	163	0.500282
95	164	0.483182
95	172	0.475041
95	176	0.48185
95	178	1.33808
96	15	1.33672
96	30	1.36277
96	38	1.18242
96	46	1.28567
96	55	1.48426
96	56	1.22083
96	58	1.24355
96	71	1.41341
96	79	1.34392
96	84	1.29118
96	105	1.26454
96	120	1.33778
96	121	0.512115
96	132	0.520169
96	138	0.555365
96	141	0.510252
96	144	1.31086
96	154	0.485142
96	170	0.509042
96	171	0.509206
96	173	0.500496
96	174	0.51013
96	175	1.32209
97	6	1.18046
97	14	1.37463
97	34	1.24215
97	39	1.24102
97	41	1.2625
97	47	1.33642
97	104	1.41607
97	107	1.24914
97	120	0.475683
97	121	0.50902
97	124	1.36937
97	126	1.30921
97	128	1.34535
97	129	1.34154
97	131	0.538719
97	136	1.34016
97	147	0.52985
97	159	0.518038
97	164	0.491953
97	168	0.52172
97	169	1.39197
97	171	0.506111
97	177	0.520855
98	9	0.422919
98	25	0.509466
98	27	0.455192
98	52	0.546932
98	65	0.482735
98	69	0.547434
98	84	0.555524
98	128	0.528667
98	143	1.30647
98	150	1.29751
98	151	1.31718
98	153	1.33718
98	156	1.36236
98	160	1.34484
98	161	0.548434
98	163	1.34004
98	165	1.25465
98	167	1.2752
98	170	1.33526
98	173	1.33384
98	174	1.31077
98	177	1.31511
98	180	1.26959
99	8	1.35238
99	9	1.33955
99	12	1.36282
99	54	1.40337
99	60	1.24421
99	70	1.26957
99	73	1.27364
99	90	1.26839
99	93	1.31998
99	101	1.30242
99	106	1.35904
99	114	1.28392
99	116	0.511217
99	125	1.33353
99	130	0.536584
99	133	0.49264
99	140	0.528292
99	146	0.535187
99	168	0.542452
99	171	1.28718
99	172	0.504545
99	178	0.532372
99	179	0.428721
100	16	1.17195
100	18	1.19516
100	32	1.42809
100	35	1.42648
100	49	1.31916
100	78	1.27131
100	81	1.35288
100	86	1.3151
100	103	1.28891
100	110	1.34747
100	111	1.30837
100	113	1.30837
100	125	1.35611
100	132	0.516411
100	134	1.31063
100	146	0.513792
100	154	0.481384
100	155	0.536367
100	160	0.499139
100	171	0.505448
100	173	0.496738
100	174	0.506372
100	180	0.556256
101	8	1.3805
101	9	1.36766
101	54	1.43148
101	57	1.27695
101	60	1.27233
101	70	1.29769
101	73	1.30175
101	90	1.2965
101	93	1.34809
101	99	1.30242
101	106	1.38715
101	114	1.31204
101	125	1.36165
101	130	0.51224
101	144	1.3485
101	156	0.495516
101	158	0.502697
101	160	0.49619
101	162	0.469508
101	163	0.505442
101	164	0.488341
101	168	0.518108
101	171	1.31529
101	177	0.517244
101	178	0.508028
102	22	0.496599
102	26	0.514963
102	46	0.50268
102	69	0.506529
102	92	0.519325
102	109	0.494484
102	122	1.30294
102	123	1.36157
102	142	1.33097
102	145	0.510102
102	149	0.507754
102	158	1.35845
102	160	1.36175
102	165	1.27156
102	166	0.46973
102	167	1.29211
102	169	0.47188
102	170	1.35217
102	172	1.38179
102	173	1.35075
102	174	1.32768
102	176	1.35699
102	177	1.33202
102	178	1.33277
102	180	1.2865
103	4	1.36706
103	7	0.705562
103	16	1.14141
103	18	1.16461
103	24	1.46504
103	32	1.39754
103	35	1.39594
103	72	0.537272
103	78	1.24076
103	81	1.32233
103	86	1.28456
103	100	1.28891
103	110	1.31693
103	111	1.27783
103	113	1.27783
103	125	1.32556
103	127	0.48871
103	134	1.28009
103	135	0.505963
103	147	0.520508
103	159	0.508697
103	161	1.25361
103	162	0.463778
103	170	0.496605
103	176	0.481279
103	178	0.502298
104	6	1.25858
104	17	1.26844
104	23	1.35803
104	47	1.41454
104	82	1.40848
104	85	1.45199
104	97	1.41607
104	107	1.32726
104	124	1.44749
104	126	1.38734
104	128	1.42348
104	129	1.41967
104	136	1.41828
104	137	1.40611
104	146	0.48981
104	153	0.482376
104	158	0.481664
104	159	0.493393
104	163	0.484408
104	164	0.467308
104	167	0.512163
104	171	0.481466
104	173	0.472756
104	176	0.465976
104	178	1.39425
104	179	0.383344
105	17	0.60128
105	39	0.582713
105	56	1.23011
105	58	1.25283
105	75	0.453506
105	84	1.30046
105	85	0.511568
105	89	0.537116
105	91	1.36495
105	96	1.26454
105	106	0.501088
105	115	1.303
105	117	1.303
105	118	1.38462
105	124	0.48739
105	129	0.520833
105	150	1.26571
105	157	0.511756
105	165	1.22285
105	168	1.29021
105	169	0.486444
105	172	1.33308
105	175	1.33137
105	176	1.30828
105	179	1.40723
105	180	1.23779
106	8	1.43712
106	9	1.42428
106	54	1.4881
106	57	1.33357
106	60	1.32895
106	73	1.35837
106	90	1.35312
106	93	1.40471
106	99	1.35904
106	101	1.38715
106	105	0.501088
106	114	1.36865
106	120	0.470939
106	125	1.41826
106	132	1.36166
106	144	1.40511
106	146	0.509711
106	149	0.22179
106	151	0.507036
106	152	0.517062
106	153	0.502277
106	167	0.532064
106	168	0.516976
106	171	1.37191
106	175	0.446006
106	176	0.485877
107	47	1.24761
107	76	1.3195
107	97	1.24914
107	104	1.32726
107	109	1.28066
107	112	1.24467
107	115	1.24625
107	116	0.525457
107	117	1.24625
107	118	1.32787
107	119	0.530403
107	126	1.2204
107	129	1.25273
107	132	1.21993
107	148	1.26926
107	149	1.27758
107	150	0.568666
107	153	0.541993
107	154	0.517019
107	157	1.25023
107	159	0.55301
107	160	0.534774
107	162	0.508092
107	166	1.27016
107	174	0.542007
107	179	1.35048
107	180	0.591891
108	25	1.24144
108	29	0.567733
108	36	1.31548
108	68	1.31282
108	69	1.25462
108	76	1.34156
108	94	1.19269
108	109	1.30272
108	112	1.26673
108	120	0.525468
108	132	0.566859
108	133	0.521693
108	135	0.56509
108	139	1.2202
108	145	1.26801
108	148	1.29132
108	149	1.29964
108	153	0.556806
108	154	0.531832
108	157	1.27228
108	161	1.22665
108	166	1.29222
108	168	0.571505
108	171	1.25225
108	173	0.547186
108	178	1.24937
108	179	0.457774
109	2	1.40283
109	36	1.41375
109	86	0.246321
109	87	1.31478
109	89	1.31917
109	92	1.32442
109	94	1.29096
109	95	1.39143
109	102	0.494484
109	107	1.28066
109	108	1.30272
109	112	1.365
109	132	0.52029
109	139	1.31848
109	142	0.544845
109	143	0.527212
109	145	1.36628
109	147	0.533066
109	149	1.39792
109	151	0.514996
109	156	0.502344
109	157	1.37056
109	158	0.509525
109	166	1.3905
109	168	0.524937
109	171	1.35052
109	176	0.493838
110	16	1.19997
110	18	1.22318
110	24	1.52361
110	32	1.45611
110	35	1.4545
110	49	1.34717
110	78	1.29933
110	81	1.38089
110	86	1.34312
110	100	1.34747
110	103	1.31693
110	111	1.33639
110	113	1.33639
110	120	0.45924
110	122	0.540858
110	125	1.38412
110	131	0.522276
110	134	1.33865
110	140	0.491117
110	150	0.51725
110	156	0.482685
110	161	1.31217
110	167	0.520364
110	170	0.489503
110	171	0.489668
110	172	0.467369
110	175	0.434306
111	4	1.38652
111	16	1.16087
111	18	1.18408
111	24	1.48451
111	32	1.417
111	35	1.4154
111	49	1.30807
111	78	1.26023
111	81	1.34179
111	86	1.30402
111	100	1.30837
111	103	1.27783
111	110	1.33639
111	113	1.29729
111	125	1.34502
111	131	0.53832
111	134	1.29955
111	136	0.498792
111	151	0.511381
111	154	0.481648
111	156	0.498729
111	158	0.50591
111	161	1.27307
111	164	0.491554
111	170	0.505548
111	171	0.505712
111	177	0.520456
111	180	0.55652
112	22	1.31669
112	25	1.30372
112	61	1.361
112	67	1.34948
112	87	1.27879
112	89	1.28318
112	95	1.35543
112	107	1.24467
112	108	1.26673
112	109	1.365
112	121	0.506358
112	127	0.49539
112	130	0.513189
112	132	0.514411
112	135	0.512642
112	137	1.32352
112	139	1.28249
112	145	1.33029
112	148	1.3536
112	149	1.36192
112	150	0.531031
112	157	1.33457
112	161	1.28893
112	164	0.489291
112	167	0.534146
112	168	0.519058
112	173	0.494739
112	174	0.504373
113	4	1.38652
113	16	1.16087
113	18	1.18408
113	24	1.48451
113	32	1.417
113	35	1.4154
113	49	1.30807
113	78	1.26023
113	81	1.34179
113	86	1.30402
113	100	1.30837
113	103	1.27783
113	110	1.33639
113	111	1.29729
113	125	1.34502
113	126	0.283207
113	131	0.555212
113	134	1.29955
113	146	0.530948
113	150	0.550186
113	158	0.522801
113	160	0.516294
113	161	1.27307
113	162	0.489612
113	165	0.596812
113	171	0.522603
113	176	0.507113
113	177	0.537348
114	8	1.362
114	9	1.34916
114	12	1.37244
114	54	1.41298
114	57	1.25845
114	60	1.25383
114	70	1.27919
114	73	1.28325
114	90	1.278
114	93	1.32959
114	99	1.28392
114	101	1.31204
114	106	1.36865
114	116	0.513164
114	120	0.498362
114	121	0.531699
114	123	0.51508
114	125	1.34315
114	132	1.28654
114	136	0.52187
114	144	1.33
114	150	0.556372
114	153	0.5297
114	164	0.514632
114	171	1.29679
114	174	0.529714
114	175	0.473428
114	179	0.430668
115	1	1.34844
115	21	1.26896
115	26	1.27214
115	31	1.37607
115	33	1.37167
115	43	1.30418
115	50	1.31512
115	52	1.26619
115	91	1.39413
115	105	1.303
115	107	1.24625
115	116	0.503439
115	117	1.33218
115	118	1.4138
115	121	0.521974
115	127	1.34016
115	132	1.30586
115	144	1.34932
115	145	0.241837
115	151	0.524734
115	152	0.53476
115	163	0.522008
115	166	1.35609
115	168	0.534675
115	171	0.519066
115	172	0.496767
115	173	0.510356
115	177	0.53381
115	179	1.43641
115	180	0.569874
116	31	0.430824
116	40	0.557377
116	62	0.497725
116	83	0.483749
116	99	0.511217
116	107	0.525457
116	114	0.513164
116	115	0.503439
116	127	1.35145
116	130	1.34345
116	138	1.28757
116	139	0.522561
116	140	1.37031
116	145	0.509319
116	151	1.32587
116	152	1.32808
116	154	1.39599
116	156	1.37104
116	163	1.34872
116	165	1.26333
116	166	0.468947
116	167	1.28388
116	169	0.471097
116	170	1.34395
116	172	1.37356
116	173	1.34253
116	174	1.31945
116	176	1.34876
116	177	1.32379
116	180	1.27827
117	1	1.34844
117	21	1.26896
117	26	1.27214
117	29	0.509139
117	31	1.37607
117	33	1.37167
117	43	1.30418
117	50	1.31512
117	52	1.26619
117	91	1.39413
117	105	1.303
117	107	1.24625
117	115	1.33218
117	118	1.4138
117	119	0.486622
117	125	0.491794
117	127	1.34016
117	132	1.30586
117	136	0.490382
117	143	0.515187
117	144	1.34932
117	146	0.505646
117	166	1.35609
117	170	0.497138
117	171	0.497302
117	173	0.488592
117	176	0.481812
117	178	0.502831
117	179	1.43641
117	180	0.54811
118	1	1.43006
118	21	1.35058
118	26	1.35376
118	31	1.45769
118	33	1.45329
118	43	1.3858
118	50	1.39674
118	52	1.34781
118	91	1.47575
118	105	1.38462
118	107	1.32787
118	115	1.4138
118	117	1.4138
118	122	0.510971
118	125	0.454273
118	127	1.42177
118	133	0.425577
118	136	0.45286
118	141	0.460826
118	144	1.43094
118	162	0.426789
118	165	0.53399
118	166	1.43771
118	170	0.459616
118	172	0.437482
118	175	0.404419
118	177	0.474525
118	178	0.465309
118	179	1.51803
118	180	0.510588
119	14	0.48072
119	45	0.518111
119	51	0.515692
119	54	0.463404
119	92	0.523489
119	95	0.48666
119	107	0.530403
119	117	0.486622
119	137	0.490244
119	142	1.32705
119	147	1.30144
119	149	0.511918
119	152	1.3324
119	153	1.35018
119	155	1.34697
119	158	1.35454
119	160	1.35784
119	161	0.511693
119	164	1.38151
119	165	1.26764
119	167	1.2882
119	169	0.476044
119	170	1.34826
119	171	1.33173
119	172	1.37787
119	173	1.34684
119	174	1.32377
119	176	1.35307
119	177	1.32811
119	180	1.28258
120	28	0.505678
120	36	0.436586
120	38	1.26493
120	46	1.36819
120	50	0.462666
120	58	1.32607
120	64	1.3899
120	65	1.38381
120	72	1.35914
120	80	1.41227
120	84	1.3737
120	86	0.50874
120	96	1.33778
120	97	0.475683
120	106	0.470939
120	108	0.525468
120	110	0.45924
120	114	0.498362
120	129	0.490684
120	139	0.50776
120	151	1.35863
120	166	0.454146
120	168	1.36345
120	169	1.43314
120	173	1.37529
120	175	1.40461
120	176	1.38152
120	177	1.35655
120	180	1.31103
121	35	0.495181
121	38	0.556201
121	70	0.50976
121	93	0.498822
121	96	0.512115
121	97	0.50902
121	112	0.506358
121	114	0.531699
121	115	0.521974
121	128	0.505514
121	129	0.524021
121	131	1.28317
121	140	1.34052
121	142	1.29295
121	153	1.31608
121	158	1.32044
121	159	1.29559
121	161	0.525281
121	162	1.34525
121	163	1.31893
121	164	1.34741
121	165	1.23354
121	167	1.2541
121	168	1.3009
121	170	1.31416
121	172	1.34377
121	174	1.28967
121	175	1.34206
121	176	1.31897
121	177	1.29401
121	180	1.24848
122	5	0.316943
122	50	0.544284
122	57	0.580279
122	70	0.558042
122	71	0.497354
122	80	0.520018
122	87	0.563903
122	102	1.30294
122	110	0.540858
122	118	0.510971
122	126	0.613968
122	130	1.28338
122	132	1.25709
122	136	1.28851
122	142	1.26267
122	145	0.576136
122	154	1.33592
122	156	1.31097
122	158	1.29015
122	159	1.26531
122	160	1.29345
122	161	0.573563
122	162	1.31497
122	164	1.31713
122	165	1.20326
122	167	1.22381
122	170	1.28388
122	172	1.31349
122	173	1.28246
122	176	1.28869
122	177	1.26372
122	180	1.2182
123	14	0.477689
123	30	0.449583
123	43	0.496476
123	62	0.499641
123	66	0.482425
123	68	0.503852
123	89	0.523684
123	102	1.36157
123	114	0.51508
123	124	0.473958
123	145	0.511235
123	148	0.478224
123	152	1.32665
123	153	1.34443
123	155	1.34122
123	156	1.36961
123	158	1.34879
123	159	1.32394
123	161	0.508662
123	162	1.3736
123	163	1.34728
123	169	0.473013
123	170	1.34251
123	171	1.32598
123	172	1.37212
123	173	1.34109
123	174	1.31802
123	175	1.37041
123	176	1.34732
123	177	1.32236
123	179	1.44627
123	180	1.27683
124	6	1.21188
124	23	1.31133
124	34	1.27357
124	39	1.27244
124	41	1.29392
124	47	1.36784
124	77	1.31834
124	82	1.36178
124	85	1.40529
124	97	1.36937
124	104	1.44749
124	105	0.48739
124	123	0.473958
124	126	1.34063
124	127	1.37446
124	128	1.37677
124	129	1.37296
124	136	1.37158
124	137	1.35941
124	143	0.505553
124	146	0.496013
124	155	0.518588
124	156	0.480685
124	159	0.499596
124	162	0.454677
124	163	0.490611
124	169	1.42339
124	171	0.487668
124	173	0.478958
124	177	0.502413
124	178	1.34754
124	180	0.538476
125	19	0.392389
125	26	0.524298
125	28	0.530598
125	48	0.484528
125	52	0.515363
125	60	1.30344
125	61	0.467026
125	80	0.463321
125	81	1.38952
125	90	1.32761
125	99	1.33353
125	100	1.35611
125	101	1.36165
125	103	1.32556
125	106	1.41826
125	110	1.38412
125	111	1.34502
125	113	1.34502
125	114	1.34315
125	117	0.491794
125	118	0.454273
125	126	0.55727
125	129	0.515605
125	145	0.519438
125	152	1.34707
125	164	1.39619
125	165	1.28232
125	166	0.479066
125	170	1.36294
125	174	1.33844
125	177	1.34278
125	180	1.29726
126	6	1.15173
126	17	1.16158
126	23	1.25118
126	34	1.21342
126	39	1.21229
126	41	1.23377
126	47	1.30769
126	77	1.25819
126	82	1.30162
126	85	1.34514
126	97	1.30921
126	104	1.38734
126	107	1.2204
126	113	0.283207
126	122	0.613968
126	124	1.34063
126	125	0.55727
126	127	1.31431
126	128	1.31662
126	129	1.31281
126	135	0.571971
126	136	1.31143
126	143	0.580662
126	156	0.555794
126	158	0.562975
126	162	0.529786
126	165	0.636987
126	169	1.36323
126	175	0.507416
126	176	0.547288
126	178	1.28739
126	179	0.464656
127	2	0.494323
127	10	0.419016
127	24	0.423779
127	53	0.538982
127	62	0.505292
127	77	1.29201
127	78	0.554242
127	80	0.460769
127	89	0.529336
127	91	1.4021
127	95	0.48928
127	103	0.48871
127	112	0.49539
127	115	1.34016
127	116	1.35145
127	117	1.34016
127	118	1.42177
127	124	1.37446
127	126	1.31431
127	128	1.35045
127	129	1.34663
127	141	1.34082
127	148	0.483875
127	156	1.36772
127	161	0.514313
127	166	1.36407
127	167	1.28056
127	168	1.32737
127	176	1.34543
127	178	1.32121
127	179	1.44439
127	180	1.27494
128	6	1.18787
128	14	1.38204
128	17	1.19772
128	23	1.28732
128	34	1.24956
128	39	1.24843
128	41	1.26991
128	47	1.34383
128	77	1.29433
128	82	1.33776
128	85	1.38128
128	97	1.34535
128	98	0.528667
128	104	1.42348
128	121	0.505514
128	124	1.37677
128	126	1.31662
128	127	1.35045
128	129	1.34895
128	131	0.535214
128	137	1.3354
128	151	0.508274
128	152	0.5183
128	153	0.503515
128	156	0.495623
128	163	0.505548
128	168	0.518215
128	169	1.39937
128	170	0.502441
128	171	0.502606
128	174	0.50353
128	176	0.487116
128	178	1.32353
129	14	1.37823
129	17	1.19391
129	23	1.28351
129	34	1.24575
129	39	1.24462
129	41	1.2661
129	77	1.29052
129	82	1.33395
129	85	1.37747
129	97	1.34154
129	104	1.41967
129	105	0.520833
129	107	1.25273
129	120	0.490684
129	121	0.524021
129	124	1.37296
129	125	0.515605
129	126	1.31281
129	127	1.34663
129	128	1.34895
129	130	0.530853
129	133	0.486909
129	136	1.34376
129	137	1.33159
129	153	0.522022
129	154	0.497048
129	160	0.514803
129	167	0.551809
129	169	1.39556
129	173	0.512402
129	174	0.522036
129	178	1.31972
129	179	0.42299
130	27	0.438872
130	34	0.55921
130	59	0.557539
130	76	0.458429
130	88	0.46791
130	99	0.536584
130	101	0.51224
130	112	0.513189
130	116	1.34345
130	122	1.28338
130	129	0.530853
130	134	0.527619
130	138	1.27625
130	140	1.35898
130	142	1.31142
130	143	1.30383
130	148	0.501675
130	151	1.31454
130	152	1.31676
130	159	1.31405
130	162	1.36372
130	163	1.33739
130	164	1.36588
130	166	0.494314
130	167	1.27256
130	168	1.31937
130	169	0.496464
130	172	1.36224
130	173	1.3312
130	174	1.30813
130	176	1.33743
130	177	1.31247
130	180	1.26694
131	10	0.459684
131	48	0.522645
131	56	0.552066
131	63	0.497504
131	76	0.481297
131	91	0.479044
131	97	0.538719
131	110	0.522276
131	111	0.53832
131	113	0.555212
131	121	1.28317
131	128	0.535214
131	133	1.33364
131	139	0.570796
131	141	1.30233
131	151	1.28404
131	153	1.30404
131	157	0.544643
131	160	1.3117
131	162	1.33322
131	163	1.3069
131	164	1.33538
131	165	1.22151
131	167	1.24206
131	168	1.28887
131	170	1.30212
131	171	1.28559
131	172	1.33174
131	173	1.3007
131	174	1.27763
131	175	1.33002
131	176	1.30694
131	177	1.28197
131	180	1.23645
132	21	1.24264
132	37	0.459675
132	53	0.558003
132	57	1.25146
132	60	1.24683
132	70	1.27219
132	71	0.457127
132	90	1.27101
132	91	1.36781
132	94	0.577886
132	96	0.520169
132	100	0.516411
132	106	1.36166
132	107	1.21993
132	108	0.566859
132	109	0.52029
132	112	0.514411
132	114	1.28654
132	115	1.30586
132	117	1.30586
132	122	1.25709
132	137	0.511886
132	145	0.535908
132	149	0.53356
132	157	0.522998
132	160	1.3159
132	164	1.33958
132	171	1.28979
132	172	1.33594
132	174	1.28184
132	176	1.31114
132	177	1.28617
132	179	1.41009
132	180	1.24065
133	16	0.628288
133	36	0.432811
133	43	0.475983
133	57	0.494885
133	59	0.513595
133	67	0.451684
133	83	0.465172
133	99	0.49264
133	108	0.521693
133	118	0.425577
133	129	0.486909
133	131	1.33364
133	139	0.503984
133	144	0.450312
133	150	1.32687
133	151	1.34655
133	152	1.34877
133	153	1.36655
133	154	1.41668
133	158	1.37091
133	159	1.34606
133	162	1.39572
133	163	1.3694
133	165	1.28401
133	168	1.35137
133	169	0.45252
133	170	1.36463
133	172	1.39424
133	173	1.36321
133	174	1.34014
133	176	1.36944
133	177	1.34447
133	179	1.46839
133	180	1.29895
134	24	1.48676
134	28	1.28649
134	44	1.32796
134	53	1.26983
134	62	1.33603
134	66	1.35828
134	75	1.45124
134	78	1.26248
134	83	1.31391
134	88	1.38663
134	100	1.31063
134	103	1.28009
134	110	1.33865
134	111	1.29955
134	113	1.29955
134	130	0.527619
134	136	0.510958
134	137	1.30992
134	141	0.518924
134	147	1.27064
134	149	0.238302
134	159	0.529806
134	161	1.27533
134	162	0.484887
134	163	0.520821
134	166	1.3409
134	167	0.548575
134	169	1.3739
134	170	0.517714
134	171	0.517878
134	172	0.49558
134	176	0.502388
134	177	0.532623
134	179	1.42122
