1	27	1.33462
1	42	0.481279
1	55	0.454416
1	61	0.46975
1	70	0.518425
1	84	1.43532
1	125	0.474941
1	127	1.35385
1	152	1.36249
1	160	1.3754
1	163	1.36508
1	176	1.37324
2	119	0.596018
2	123	0.603124
2	131	1.22929
2	133	1.21087
2	159	1.19666
2	161	1.19802
2	171	0.603982
2	172	1.1714
2	173	1.20554
2	175	0.599039
2	176	1.19564
2	177	1.1926
3	63	0.467498
3	112	0.479711
3	126	1.3894
3	150	0.479413
3	158	1.35168
3	159	1.37464
3	164	1.36554
3	172	1.34938
3	177	1.37058
3	178	0.492053
3	179	0.484994
3	180	1.39883
4	63	0.461504
4	104	0.509208
4	110	1.3314
4	120	1.36713
4	152	0.48626
4	158	1.3531
4	163	1.36687
4	166	1.40393
4	168	1.3739
4	174	1.40368
4	179	0.479
4	180	0.467614
5	58	1.38239
5	78	0.457493
5	85	0.505
5	95	0.473553
5	117	1.37255
5	141	1.42666
5	158	1.34249
5	163	1.35626
5	164	1.35635
5	168	1.3633
5	172	0.495519
5	173	0.46821
6	53	0.495525
6	64	0.483112
6	86	0.500744
6	101	0.453123
6	147	1.36884
6	149	1.37959
6	169	1.37013
6	175	1.36304
6	177	0.464921
6	178	1.35871
6	179	1.36772
6	180	1.39201
7	39	1.41065
7	51	0.434659
7	73	0.552585
7	134	1.34956
7	141	1.41549
7	160	0.477646
7	163	1.34508
7	164	1.34518
7	168	1.35212
7	169	0.458648
7	171	0.476931
7	174	1.3819
8	20	0.45333
8	59	1.38222
8	71	1.37126
8	79	1.36887
8	80	0.553816
8	109	1.38365
8	124	1.32816
8	126	1.37819
8	139	0.429541
8	170	0.567269
8	175	0.410253
8	180	1.38762
9	72	1.37619
9	78	1.38389
9	87	1.39188
9	90	1.30461
9	111	1.39578
9	127	1.36982
9	139	0.466883
9	143	1.37778
9	154	0.459568
9	156	0.427668
9	170	0.604611
9	178	0.454437
10	68	0.454536
10	94	0.457135
10	121	0.504893
10	133	1.38675
10	153	0.509141
10	159	1.37255
10	162	1.372
10	169	0.476932
10	172	1.34729
10	173	1.38143
10	176	1.37152
10	177	1.36849
11	12	1.41815
11	50	1.31947
11	67	1.35442
11	84	1.45242
11	90	1.30574
11	125	0.445787
11	127	1.37095
11	139	0.467609
11	143	1.3789
11	170	0.605336
11	178	0.455162
11	180	0.436717
12	11	1.41815
12	67	1.32629
12	72	1.34918
12	78	1.35689
12	82	1.43786
12	111	1.36877
12	119	0.434705
12	127	1.34282
12	151	0.474037
12	153	0.456595
12	154	0.449698
12	170	0.594741
13	50	1.30663
13	57	0.51752
13	107	0.444222
13	126	1.39328
13	127	1.35811
13	141	0.460278
13	157	0.492374
13	171	0.485446
13	173	1.3874
13	176	1.37749
13	177	1.37446
13	180	1.40271
14	64	1.18952
14	118	1.21475
14	119	0.599833
14	146	1.20489
14	153	1.19703
14	158	1.1771
14	163	1.19087
14	166	1.22793
14	168	1.19791
14	175	0.602854
14	177	0.609406
14	180	0.59125
15	42	1.21249
15	119	1.20547
15	149	1.20383
15	150	1.20799
15	158	0.613008
15	159	0.587428
15	161	0.598945
15	164	0.599284
15	167	1.20802
15	175	1.18728
15	178	1.18295
15	179	1.19197
16	19	0.503033
16	81	1.35731
16	86	1.36901
16	94	0.437411
16	114	0.487519
16	120	1.39904
16	122	1.31362
16	135	1.37723
16	151	0.506859
16	158	1.38501
16	163	1.39878
16	175	0.470547
17	22	0.424193
17	83	1.42258
17	116	0.522005
17	123	1.33455
17	125	0.491276
17	133	0.483965
17	134	1.35596
17	164	1.35157
17	166	1.38854
17	168	1.35851
17	174	1.38829
17	180	0.482206
18	46	1.33651
18	56	1.27887
18	116	0.551707
18	122	1.22998
18	131	0.515412
18	135	1.29359
18	153	1.3213
18	156	0.503585
18	157	1.30938
18	159	0.512088
18	163	1.31513
18	164	1.31523
18	173	0.517705
19	16	0.503033
19	46	0.520478
19	109	1.31403
19	123	0.536752
19	126	1.30858
19	144	0.504438
19	162	1.29327
19	164	0.533099
19	173	1.3027
19	175	1.28903
19	177	1.28976
19	178	1.2847
19	180	1.31801
20	8	0.45333
20	99	1.25226
20	133	1.31508
20	137	0.553045
20	156	0.52333
20	159	1.30088
20	162	1.30033
20	169	0.529918
20	173	1.30976
20	176	1.29985
20	177	1.29682
20	179	0.54304
20	180	1.32507
21	27	1.25972
21	64	1.28883
21	81	1.24871
21	115	0.521537
21	117	1.30646
21	134	1.29465
21	142	1.35648
21	143	0.52425
21	144	1.3479
21	161	0.519636
21	165	0.511078
21	168	1.29721
21	176	0.52292
22	17	0.424193
22	86	0.47294
22	87	0.399473
22	121	0.445186
22	136	1.52039
22	138	0.423913
22	149	0.431644
22	152	1.47371
22	159	1.48548
22	172	1.46022
22	173	1.49436
22	176	1.48445
22	177	1.48142
23	37	0.419794
23	59	0.432249
23	66	1.45557
23	69	1.528
23	97	1.50145
23	110	1.44639
23	119	0.430216
23	121	0.447858
23	158	1.46808
23	160	0.438894
23	163	1.48185
23	174	1.51867
23	176	0.436613
24	94	0.509592
24	106	0.509711
24	108	0.507714
24	110	1.26725
24	123	1.28579
24	135	1.28117
24	146	1.31674
24	157	1.29696
24	164	1.30281
24	168	1.30975
24	174	1.33953
24	176	0.546105
24	180	0.531125
25	60	1.32486
25	79	0.500899
25	92	0.531299
25	93	1.28789
25	110	0.557454
25	138	1.30698
25	142	0.49032
25	162	0.515258
25	167	1.31303
25	169	1.29939
25	171	1.2829
25	178	1.28797
25	179	1.29698
26	56	1.27403
26	66	1.28401
26	70	0.559073
26	110	1.27482
26	122	1.22513
26	135	1.28874
26	141	1.3807
26	144	1.36802
26	152	0.525165
26	157	1.30453
26	159	0.506699
26	169	0.504783
26	180	0.506519
27	1	1.33462
27	21	1.25972
27	104	0.541912
27	110	1.25214
27	127	0.491359
27	141	1.35801
27	146	1.30163
27	151	0.548233
27	157	1.28185
27	163	1.28761
27	174	1.32442
27	177	0.518474
27	180	0.500318
28	81	0.540269
28	142	0.490063
28	145	0.520565
28	147	1.32542
28	148	1.31967
28	155	1.28763
28	158	0.528796
28	169	1.32671
28	170	1.18643
28	171	1.31023
28	175	1.31962
28	176	0.518016
28	179	1.32431
29	120	0.501669
29	122	0.580031
29	135	0.516439
29	145	1.28289
29	159	1.29462
29	160	1.29575
29	165	1.32033
29	168	0.508573
29	173	1.3035
29	174	0.489425
29	176	1.29359
29	177	1.29056
29	180	1.31881
30	101	0.518839
30	109	1.31924
30	115	0.526079
30	126	1.31378
30	132	0.521172
30	133	0.51424
30	135	1.26829
30	163	1.28983
30	168	1.29687
30	173	0.518278
30	178	1.28991
30	179	1.29892
30	180	1.32321
31	32	1.264
31	43	0.510602
31	65	1.27946
31	71	1.30864
31	79	1.30625
31	95	1.28004
31	109	1.32102
31	120	0.483763
31	126	1.31557
31	137	0.496894
31	167	0.475358
31	170	0.644122
31	180	1.325
32	31	1.264
32	43	0.505994
32	65	1.27828
32	71	1.30746
32	79	1.30506
32	109	1.31984
32	126	1.31439
32	143	1.28717
32	154	0.494472
32	160	0.488156
32	170	0.639514
32	176	0.485876
32	180	1.32382
33	49	1.23926
33	74	0.530853
33	95	0.527155
33	102	0.521267
33	107	1.33788
33	144	1.33938
33	156	0.507691
33	157	1.27589
33	164	1.28174
33	166	1.31871
33	168	1.28869
33	174	1.31846
33	180	0.516015
34	62	1.31728
34	63	0.517057
34	68	0.499035
34	69	1.31344
34	98	1.31681
34	105	1.32916
34	127	1.25608
34	133	1.29069
34	140	0.537057
34	150	0.528972
34	169	0.521431
34	174	1.30411
34	177	1.27243
35	58	0.455186
35	72	1.38025
35	87	1.39595
35	98	1.43462
35	107	0.428019
35	122	0.539318
35	131	1.42693
35	159	1.3943
35	166	0.457606
35	168	0.46786
35	174	0.448712
35	175	1.38951
35	176	1.39327
35	178	1.38518
36	47	0.276686
36	117	0.502581
36	119	0.492684
36	152	1.38907
36	153	0.514574
36	158	0.509861
36	161	1.4022
36	162	1.4003
36	163	0.497998
36	165	1.42655
36	172	1.37558
36	173	1.40972
36	176	1.39982
36	177	1.39678
37	23	0.419794
37	68	1.44791
37	100	1.35366
37	109	0.442926
37	134	0.484479
37	149	1.41888
37	151	1.35859
37	162	0.487101
37	167	1.42306
37	171	1.39293
37	174	0.471151
37	176	0.490115
37	178	1.39799
37	179	1.40701
38	94	0.421694
38	102	1.38702
38	116	0.483025
38	122	0.529848
38	131	1.42902
38	158	0.468987
38	161	1.39776
38	165	1.4221
38	167	0.443081
38	172	1.37114
38	173	1.40527
38	176	1.39537
38	177	1.39233
38	179	0.454612
39	7	1.41065
39	105	1.44549
39	130	1.35238
39	145	0.469659
39	149	0.464813
39	150	0.457935
39	153	1.3898
39	158	1.36986
39	166	1.42069
39	168	1.39067
39	171	0.468677
39	174	1.42045
39	177	0.470287
39	178	0.470576
40	62	1.28047
40	83	0.541528
40	84	0.49875
40	101	1.24794
40	145	1.22794
40	148	0.592753
40	161	1.24104
40	163	0.588853
40	165	1.26538
40	169	0.573219
40	172	1.21442
40	173	1.24855
40	176	1.23865
40	177	1.23561
41	86	1.20541
41	110	1.19971
41	115	0.567697
41	118	1.25906
41	141	1.30558
41	147	0.555262
41	157	1.22942
41	158	1.22141
41	163	1.23518
41	166	1.27224
41	173	0.559896
41	174	1.27199
41	179	0.565486
41	180	0.5541
42	1	0.481279
42	15	1.21249
42	45	0.500809
42	66	0.519205
42	69	0.481173
42	140	1.33849
42	149	1.36863
42	151	1.30835
42	152	0.511027
42	161	0.504079
42	167	1.37281
42	171	1.34268
42	175	1.35208
42	178	1.34775
42	179	1.35676
43	31	0.510602
43	32	0.505994
43	50	0.496916
43	90	0.512621
43	98	0.46912
43	120	1.32653
43	126	0.488381
43	147	1.33648
43	163	1.32627
43	172	1.3102
43	173	1.34434
43	174	1.36309
43	177	1.3314
43	178	1.32635
43	179	1.33536
44	91	1.33471
44	99	1.31218
44	106	0.470022
44	143	1.34834
44	146	0.520326
44	150	0.497241
44	153	0.52191
44	162	1.36025
44	169	0.4897
44	170	1.22283
44	172	1.33554
44	173	1.36968
44	176	1.35977
44	177	1.35674
44	179	0.502822
45	42	0.500809
45	87	1.33355
45	105	1.38458
45	121	0.511626
45	127	1.31149
45	128	0.506151
45	150	0.491206
45	163	1.32271
45	164	1.32281
45	172	1.30664
45	174	1.35953
45	175	0.497005
45	176	1.33088
45	177	1.32784
45	179	0.496787
46	18	1.33651
46	19	0.520478
46	117	1.35572
46	122	1.25428
46	135	1.31789
46	151	0.524304
46	152	0.495034
46	157	1.33368
46	163	1.33943
46	164	1.33953
46	165	0.479527
46	166	1.37649
46	168	1.34647
46	177	0.494545
46	179	0.487774
47	36	0.276686
47	50	1.27245
47	67	1.30739
47	78	1.33799
47	82	1.41896
47	87	1.34599
47	90	1.25871
47	98	1.38466
47	111	1.34988
47	113	0.446559
47	127	1.32392
47	139	0.781557
47	146	0.298449
47	154	0.774242
47	170	0.438178
48	51	0.467937
48	53	1.28547
48	136	1.37394
48	145	1.3273
48	149	0.506346
48	155	0.528204
48	160	1.34016
48	162	1.33848
48	172	1.31377
48	173	1.34791
48	174	0.489679
48	175	0.505267
48	176	1.33801
48	177	1.33497
48	179	0.505049
49	33	1.23926
49	71	0.488312
49	77	0.539476
49	83	1.34678
49	108	0.521866
49	117	1.29196
49	122	1.19052
49	135	1.25413
49	140	0.559166
49	142	1.34198
49	153	1.28184
49	154	1.30087
49	157	1.26992
49	159	0.545456
49	168	1.28271
49	180	0.545276
50	11	1.31947
50	13	1.30663
50	43	0.496916
50	47	1.27245
50	72	1.2505
50	78	1.25821
50	80	0.616984
50	82	1.33918
50	84	1.32561
50	90	1.17893
50	98	1.30488
50	127	1.24414
50	139	0.492709
50	154	0.485394
50	170	0.630436
50	172	0.494923
51	7	0.434659
51	48	0.467937
51	57	1.37834
51	108	1.47822
51	116	1.38334
51	144	0.434623
51	160	0.468509
51	167	1.44429
51	168	0.466412
51	169	1.43064
51	171	1.41416
51	173	0.457045
51	175	1.42355
51	177	0.469404
51	178	1.41922
51	179	1.42824
52	74	1.28452
52	107	0.501689
52	125	0.535436
52	132	1.29034
52	145	1.27193
52	152	1.27189
52	153	0.556839
52	161	1.28502
52	162	1.28311
52	167	0.52622
52	172	1.2584
52	173	1.29254
52	176	1.28264
52	177	1.2796
52	178	0.544811
52	179	0.537752
53	6	0.495525
53	48	1.28547
53	144	0.509108
53	152	1.2711
53	155	0.560274
53	157	0.549208
53	159	1.28287
53	160	1.28401
53	161	1.28423
53	162	1.28233
53	171	0.54228
53	172	1.25762
53	173	1.29175
53	176	1.28185
53	177	1.27881
53	178	0.544179
54	74	0.461642
54	88	0.44728
54	89	0.444601
54	103	1.38025
54	117	0.465284
54	125	1.43218
54	134	0.456148
54	136	0.443629
54	148	1.42047
54	153	0.477277
54	155	1.38844
54	156	1.46446
54	167	1.44116
54	169	1.42752
54	175	1.42043
54	179	1.42511
55	1	0.454416
55	65	1.25457
55	71	1.28375
55	79	1.28136
55	80	0.620685
55	89	1.30777
55	96	0.527301
55	109	1.29613
55	111	1.28146
55	124	1.24065
55	126	1.29068
55	140	0.479408
55	143	1.26346
55	170	0.634137
55	172	0.498624
55	180	1.30011
56	18	1.27887
56	26	1.27403
56	83	1.3529
56	113	1.15782
56	117	1.29808
56	143	0.538759
56	147	0.523611
56	150	0.528253
56	153	1.28796
56	155	0.556989
56	158	1.26803
56	163	1.2818
56	164	1.28189
56	174	1.31861
56	175	0.534053
56	180	0.522449
57	13	0.51752
57	51	1.37834
57	74	0.540433
57	89	0.523392
57	100	1.23299
57	120	0.533855
57	128	1.27821
57	149	1.29821
57	151	1.23793
57	155	1.24967
57	158	0.551355
57	166	0.530506
57	169	1.28875
57	171	1.27226
57	178	1.27733
57	179	1.28634
58	5	1.38239
58	35	0.455186
58	83	1.41529
58	93	0.501583
58	118	1.36807
58	120	1.34445
58	124	0.507278
58	143	0.495775
58	149	0.492147
58	156	0.471141
58	157	1.33843
58	158	1.33042
58	163	1.34419
58	164	1.34428
58	166	1.38125
58	168	1.35123
58	180	0.479464
59	8	1.38222
59	23	0.432249
59	84	0.411384
59	109	1.37544
59	120	0.49585
59	122	0.574211
59	159	1.35523
59	166	0.4925
59	167	1.37118
59	168	0.502754
59	172	1.32997
59	174	0.483605
59	176	1.3542
59	177	1.35117
59	178	1.34611
59	179	1.35513
59	180	1.37942
60	25	1.32486
60	62	0.482975
60	65	1.34286
60	74	0.501322
60	82	0.422598
60	104	1.33173
60	109	1.38443
60	115	0.500081
60	126	1.37897
60	129	0.495945
60	130	1.32377
60	146	1.36905
60	159	0.486664
60	174	1.39184
60	177	0.504641
60	179	1.36411
60	180	1.3884
61	1	0.46975
61	74	0.49569
61	106	1.42707
61	127	0.471894
61	132	0.489543
61	137	1.34638
61	147	1.36057
61	149	1.37132
61	155	1.32278
61	162	0.492818
61	169	1.36186
61	171	1.34537
61	174	0.476868
61	175	1.35477
61	177	0.499009
61	178	1.35044
61	179	1.35945
62	34	1.31728
62	40	1.28047
62	60	0.482975
62	68	0.449333
62	70	0.526018
62	111	0.477934
62	125	0.482535
62	152	1.36546
62	158	0.499225
62	159	1.37723
62	161	1.3786
62	162	1.37669
62	165	1.40294
62	172	1.35198
62	176	1.37621
62	177	1.37317
62	179	0.484851
63	3	0.467498
63	4	0.461504
63	34	0.517057
63	75	1.36678
63	91	0.49996
63	138	1.37351
63	147	1.36463
63	151	1.3151
63	158	0.496624
63	169	1.36592
63	171	1.34943
63	174	0.46688
63	175	1.35883
63	177	0.48902
63	178	1.3545
63	179	1.36351
63	180	1.3878
64	6	0.483112
64	14	1.18952
64	21	1.28883
64	92	0.541327
64	113	1.19274
64	134	1.3212
64	141	1.38712
64	144	1.37445
64	153	1.32288
64	154	1.34191
64	156	0.504997
64	157	1.31096
64	164	1.31681
64	165	0.516459
64	173	0.519117
64	174	1.35353
64	175	0.524925
64	180	0.513321
65	31	1.27946
65	32	1.27828
65	55	1.25457
65	60	1.34286
65	71	1.32292
65	79	1.32053
65	95	1.29432
65	96	0.527317
65	109	1.3353
65	119	0.474117
65	126	1.32985
65	143	1.30263
65	151	0.513449
65	154	0.489111
65	155	0.500075
65	170	0.634153
65	175	0.477138
65	180	1.33928
66	23	1.45557
66	26	1.28401
66	42	0.519205
66	80	1.1752
66	112	0.5099
66	115	0.517394
66	117	1.30806
66	120	1.29204
66	137	0.525188
66	141	1.36218
66	146	1.3058
66	147	0.504959
66	153	1.29794
66	163	1.29178
66	165	0.506936
66	168	1.29881
66	174	1.32859
66	176	0.518777
67	11	1.35442
67	12	1.32629
67	47	1.30739
67	78	1.29315
67	82	1.37412
67	84	1.36055
67	90	1.21387
67	96	0.512635
67	98	1.33982
67	113	0.627852
67	124	1.26422
67	127	1.27908
67	139	0.481744
67	143	1.28704
67	166	0.455763
67	170	0.619472
67	177	0.469009
67	180	0.450853
68	10	0.454536
68	34	0.499035
68	37	1.44791
68	62	0.449333
68	85	1.32925
68	112	1.3932
68	122	0.539464
68	130	0.489517
68	138	1.38714
68	144	0.436217
68	149	1.38901
68	152	0.471487
68	167	1.39319
68	169	1.37955
68	171	1.36306
68	173	0.458638
68	175	1.37245
68	178	1.36812
68	179	1.37714
69	23	1.528
69	34	1.31344
69	42	0.481173
69	77	0.459965
69	81	1.32274
69	91	0.494861
69	131	0.469268
69	135	1.34266
69	142	1.43051
69	146	1.37823
69	154	1.3894
69	157	1.35845
69	160	0.483026
69	164	1.3643
69	168	1.37124
69	169	0.464029
69	174	1.40102
69	178	0.48421
69	180	0.465765
70	1	0.518425
70	26	0.559073
70	62	0.526018
70	91	0.558624
70	100	1.22129
70	114	1.25754
70	125	1.2817
70	134	0.538871
70	140	1.25636
70	148	1.27
70	151	1.22623
70	156	1.31399
70	157	0.553003
70	167	1.29069
70	169	1.27705
70	171	1.26056
70	175	1.26995
70	176	0.544508
70	179	1.27464
71	8	1.37126
71	31	1.30864
71	32	1.30746
71	49	0.488312
71	55	1.28375
71	65	1.32292
71	79	1.3497
71	80	0.575176
71	95	1.3235
71	109	1.36448
71	113	0.597009
71	124	1.309
71	126	1.35903
71	139	0.450901
71	143	1.33181
71	154	0.443586
71	166	0.42492
71	170	0.588628
71	172	0.453115
71	180	1.36846
72	9	1.37619
72	12	1.34918
72	35	1.38025
72	50	1.2505
72	82	1.39702
72	84	1.38345
72	87	1.32404
72	90	1.23677
72	94	0.427476
72	98	1.36272
72	111	1.32793
72	113	0.626008
72	114	0.477585
72	127	1.30198
72	138	0.45396
72	139	0.4799
72	143	1.30993
72	154	0.472585
72	170	0.617628
72	176	0.463989
73	7	0.552585
73	77	0.563374
73	96	1.23085
73	115	1.22591
73	129	1.23015
73	138	0.574125
73	139	1.27304
73	140	0.583064
73	152	1.23097
73	161	1.24411
73	162	1.2422
73	165	1.26845
73	166	0.574084
73	167	0.569028
73	170	1.10477
73	172	1.21749
73	173	1.25162
73	176	1.24172
73	177	1.23869
73	178	0.587619
74	33	0.530853
74	52	1.28452
74	54	0.461642
74	57	0.540433
74	60	0.501322
74	61	0.49569
74	94	0.470279
74	102	1.32792
74	129	1.3247
74	136	1.37221
74	137	0.513203
74	152	1.32552
74	159	1.33729
74	161	1.33866
74	172	1.31204
74	173	1.34617
74	174	0.487828
74	176	1.33627
74	177	1.33324
74	180	1.36148
75	63	1.36678
75	88	0.490489
75	116	1.29461
75	119	1.35301
75	132	0.498703
75	134	0.499357
75	147	1.34063
75	151	1.2911
75	155	1.30284
75	156	1.37886
75	157	0.513488
75	161	0.50171
75	162	0.501979
75	163	0.50391
75	169	1.34192
75	171	1.32543
75	174	0.486029
75	175	1.33482
75	178	1.3305
75	179	1.33951
76	103	1.29049
76	105	0.462298
76	109	0.451955
76	114	1.31825
76	122	0.570785
76	136	0.480988
76	138	1.34535
76	140	1.31708
76	143	0.500474
76	150	1.35138
76	156	1.3747
76	158	0.509924
76	167	1.3514
76	168	0.499328
76	169	1.33776
76	171	1.32127
76	172	0.517269
76	175	1.33067
76	178	1.32634
76	179	1.33535
77	49	0.539476
77	69	0.459965
77	73	0.563374
77	112	1.34598
77	114	1.31281
77	118	0.48573
77	125	1.33698
77	128	1.32179
77	135	0.494204
77	138	1.33991
77	147	1.33103
77	148	1.32528
77	156	1.36926
77	157	0.494649
77	163	0.485071
77	165	0.474313
77	167	1.34597
77	171	1.31584
77	175	1.32523
77	179	1.32992
78	5	0.457493
78	9	1.38389
78	12	1.35689
78	47	1.33799
78	50	1.25821
78	67	1.29315
78	82	1.40472
78	84	1.39115
78	87	1.33175
78	90	1.24448
78	96	0.533836
78	98	1.37042
78	127	1.30968
78	133	0.473813
78	143	1.31764
78	154	0.49563
78	156	0.46373
78	166	0.476964
78	170	0.640673
78	180	0.472054
79	8	1.36887
79	25	0.500899
79	31	1.30625
79	32	1.30506
79	55	1.28136
79	65	1.32053
79	71	1.3497
79	83	0.441153
79	109	1.36209
79	111	1.34742
79	124	1.3066
79	126	1.35663
79	139	0.505472
79	143	1.32942
79	154	0.498157
79	165	0.477719
79	167	0.474435
79	170	0.6432
79	174	0.470596
79	180	1.36606
80	8	0.553816
80	50	0.616984
80	55	0.620685
80	66	1.1752
80	71	0.575176
80	90	0.632688
80	98	0.589188
80	106	1.27819
80	109	0.599932
80	110	1.16602
80	140	1.1923
80	158	1.18771
80	165	1.23638
80	166	1.23854
80	170	1.0727
80	172	1.18541
80	175	1.20589
80	176	1.20965
80	177	1.20661
80	179	1.21057
80	180	1.23486
81	16	1.35731
81	21	1.24871
81	28	0.540269
81	69	1.32274
81	97	1.29619
81	111	0.518677
81	123	1.25967
81	130	1.24535
81	142	1.3429
81	152	0.532853
81	153	1.28276
81	157	1.27084
81	158	1.26282
81	166	1.31365
81	168	1.28363
81	169	0.512471
81	171	0.530754
81	174	1.31341
81	176	0.529187
81	179	0.525593
81	180	0.514207
82	12	1.43786
82	47	1.41896
82	50	1.33918
82	60	0.422598
82	67	1.37412
82	72	1.39702
82	78	1.40472
82	84	1.47212
82	87	1.41272
82	90	1.32544
82	96	0.474871
82	98	1.45139
82	113	0.590088
82	124	1.37579
82	127	1.39065
82	153	0.443561
82	154	0.436664
82	170	0.581707
82	178	0.431533
82	179	0.424474
82	180	0.413088
83	17	1.42258
83	40	0.541528
83	49	1.34678
83	56	1.3529
83	58	1.41529
83	79	0.441153
83	92	0.471553
83	97	1.40876
83	123	1.37224
83	135	1.36762
83	138	0.448498
83	140	0.457437
83	142	1.45547
83	144	1.4469
83	155	0.478088
83	161	0.455244
83	164	1.38926
83	165	0.446686
83	168	1.3962
83	174	1.42598
83	177	0.461703
84	1	1.43532
84	11	1.45242
84	40	0.49875
84	50	1.32561
84	59	0.411384
84	67	1.36055
84	72	1.38345
84	78	1.39115
84	82	1.47212
84	87	1.39915
84	96	0.462551
84	98	1.43782
84	103	0.445446
84	111	1.40304
84	113	0.577768
84	124	1.36223
84	127	1.37708
84	139	0.431659
84	154	0.424344
84	170	0.569387
84	180	0.400768
85	5	0.505
85	68	1.32925
85	88	0.520037
85	99	0.553197
85	101	0.525918
85	105	0.497696
85	106	1.35596
85	112	1.30441
85	118	0.534116
85	128	1.28022
85	129	0.529021
85	137	1.27527
85	147	1.28947
85	148	1.28371
85	155	1.25167
85	161	0.531258
85	167	1.3044
85	171	1.27427
85	175	1.28366
85	178	1.27933
85	179	1.28835
86	6	0.500744
86	16	1.36901
86	22	0.47294
86	41	1.20541
86	107	1.34453
86	112	0.537055
86	118	1.31218
86	123	1.27137
86	135	1.26675
86	142	1.3546
86	145	0.548482
86	157	1.28254
86	163	1.2883
86	166	1.32535
86	167	0.530807
86	168	1.29533
86	169	0.529217
86	170	1.15951
86	173	0.536749
86	174	1.32511
86	176	0.545933
87	9	1.39188
87	22	0.399473
87	35	1.39595
87	45	1.33355
87	47	1.34599
87	72	1.32404
87	78	1.33175
87	82	1.41272
87	84	1.39915
87	90	1.25247
87	96	0.519268
87	98	1.37842
87	100	0.509501
87	105	1.39076
87	127	1.31768
87	139	0.488377
87	143	1.32563
87	154	0.481062
87	170	0.626105
87	171	0.474032
87	173	0.463282
87	180	0.457485
88	54	0.44728
88	75	0.490489
88	85	0.520037
88	118	0.492005
88	124	1.32101
88	132	1.36297
88	133	1.37049
88	140	0.49134
88	145	1.34455
88	148	0.495247
88	150	0.483255
88	152	1.34451
88	160	1.35742
88	161	1.35765
88	162	1.35574
88	165	1.38199
88	168	0.492614
88	172	1.33103
88	173	1.36516
88	176	1.35526
88	177	1.35222
88	179	0.488835
89	54	0.444601
89	55	1.30777
89	57	0.523392
89	93	0.49689
89	109	1.3885
89	112	0.480874
89	114	0.503347
89	126	1.38305
89	129	1.3557
89	130	1.32785
89	137	0.496162
89	138	0.479722
89	149	0.487453
89	157	1.35334
89	160	1.36942
89	165	1.394
89	168	1.36614
89	170	1.23031
89	176	1.36726
89	177	1.36423
89	178	0.493216
89	180	1.39248
90	9	1.30461
90	11	1.30574
90	43	0.512621
90	47	1.25871
90	50	1.17893
90	67	1.21387
90	72	1.23677
90	78	1.24448
90	80	0.632688
90	82	1.32544
90	87	1.25247
90	95	0.488662
90	98	1.29114
90	105	1.30349
90	113	0.654521
90	124	1.21555
90	127	1.23041
90	143	1.23836
90	154	0.501098
90	162	0.489488
90	170	0.646141
90	179	0.488908
91	44	1.33471
91	63	0.49996
91	69	0.494861
91	70	0.558624
91	94	0.484538
91	101	1.31861
91	107	0.481393
91	123	0.521759
91	131	1.34297
91	132	1.31703
91	145	1.29861
91	152	1.29857
91	159	1.31034
91	160	1.31148
91	161	1.31171
91	164	0.518106
91	165	1.33605
91	172	1.28509
91	173	1.31922
91	176	1.30932
91	177	1.30629
91	178	0.524516
91	179	0.517456
92	25	0.531299
92	64	0.541327
92	83	0.471553
92	97	0.487444
92	99	1.26364
92	107	0.480304
92	116	0.544779
92	124	1.27699
92	131	1.34489
92	132	1.31894
92	136	1.34717
92	149	0.517663
92	154	1.32826
92	159	1.31226
92	160	1.31339
92	161	1.31362
92	165	1.33797
92	167	0.504835
92	168	0.520145
92	172	1.287
92	176	1.31123
92	177	1.3082
92	180	1.33645
93	25	1.28789
93	58	0.501583
93	89	0.49689
93	101	0.50545
93	105	0.477227
93	116	1.28225
93	122	0.585714
93	128	1.31902
93	134	0.508436
93	136	0.495917
93	139	1.35754
93	147	1.32827
93	149	1.33902
93	150	1.34317
93	161	0.510789
93	163	0.51299
93	167	1.3432
93	169	1.32956
93	170	1.18927
93	171	1.31307
93	175	1.32246
93	178	1.31813
93	179	1.32715
94	10	0.457135
94	16	0.437411
94	24	0.509592
94	38	0.421694
94	72	0.427476
94	74	0.470279
94	91	0.484538
94	125	1.43696
94	138	1.43989
94	140	1.41162
94	141	0.44682
94	147	1.43101
94	148	1.42526
94	153	0.485914
94	155	1.39322
94	165	0.45858
94	167	1.44594
94	169	1.4323
94	170	1.29202
94	171	1.41581
94	175	1.42521
94	178	1.42088
94	179	1.4299
95	5	0.473553
95	31	1.28004
95	33	0.527155
95	65	1.29432
95	71	1.3235
95	90	0.488662
95	97	0.470577
95	110	0.542275
95	118	0.502669
95	122	0.574735
95	126	1.33043
95	135	0.511144
95	148	1.31093
95	161	1.31703
95	165	1.34138
95	168	0.503278
95	172	1.29041
95	173	1.32455
95	175	1.31088
95	176	1.31464
95	178	1.30655
95	179	1.31557
95	180	1.33986
96	55	0.527301
96	65	0.527317
96	67	0.512635
96	73	1.23085
96	78	0.533836
96	82	0.474871
96	84	0.462551
96	87	0.519268
96	99	1.27592
96	109	0.506548
96	115	1.30771
96	127	0.529798
96	130	1.28411
96	138	1.33444
96	144	1.37309
96	146	1.32938
96	158	1.30159
96	162	1.324
96	167	1.34049
96	171	1.31036
96	174	1.35217
96	177	1.32048
96	178	1.31543
97	23	1.50145
97	81	1.29619
97	83	1.40876
97	92	0.487444
97	95	0.470577
97	100	0.511453
97	103	0.504115
97	104	0.501031
97	105	1.39952
97	117	1.35395
97	119	0.46802
97	134	1.34214
97	135	1.31611
97	142	1.40397
97	143	0.475748
97	144	1.39539
97	146	1.35168
97	148	0.477235
97	153	1.34382
97	156	0.451113
97	164	1.33776
97	166	1.37472
97	174	1.37448
97	180	0.459437
98	34	1.31681
98	35	1.43462
98	43	0.46912
98	47	1.38466
98	50	1.30488
98	67	1.33982
98	72	1.36272
98	78	1.37042
98	80	0.589188
98	82	1.45139
98	84	1.43782
98	87	1.37842
98	90	1.29114
98	105	1.42944
98	114	0.462597
98	124	1.34149
98	127	1.35635
98	139	0.464913
98	147	0.435183
98	154	0.457598
98	167	0.433876
98	170	0.60264
98	172	0.467127
98	180	0.434021
99	20	1.25226
99	44	1.31218
99	85	0.553197
99	92	1.26364
99	96	1.27592
99	100	0.562626
99	101	1.29608
99	102	1.27844
99	117	0.52909
99	125	0.51968
99	130	0.547285
99	132	1.2945
99	135	0.53364
99	136	1.32273
99	139	1.31811
99	147	0.511772
99	161	1.28918
99	162	1.28727
99	165	1.31352
99	166	0.515521
99	170	1.14984
99	172	1.26256
99	177	1.28376
99	178	0.529055
100	37	1.35366
100	57	1.23299
100	70	1.22129
100	87	0.509501
100	97	0.511453
100	99	0.562626
100	108	1.33288
100	124	0.556803
100	139	1.31329
100	144	0.512365
100	148	1.27825
100	150	1.29892
100	151	1.23448
100	155	1.24622
100	159	0.529169
100	163	0.542887
100	167	1.29894
100	169	1.2853
100	171	1.26881
100	174	0.525006
100	175	1.2782
100	177	0.547146
100	178	1.27388
100	179	1.28289
101	6	0.453123
101	30	0.518839
101	40	1.24794
101	85	0.525918
101	91	1.31861
101	93	0.50545
101	99	1.29608
101	102	1.33533
101	103	0.528009
101	115	1.32787
101	129	1.33211
101	136	1.37962
101	137	0.504723
101	141	0.47471
101	146	0.512221
101	149	0.496014
101	159	1.3447
101	160	1.34584
101	162	1.34416
101	165	1.37041
101	167	0.483186
101	172	1.31945
101	173	1.35358
101	176	1.34368
101	177	1.34064
102	33	0.521267
102	38	1.38702
102	74	1.32792
102	99	1.27844
102	101	1.33533
102	132	1.33374
102	133	1.34127
102	136	1.36198
102	137	0.503617
102	142	0.469254
102	145	1.31533
102	149	0.494909
102	151	0.530141
102	157	0.505701
102	158	0.507986
102	160	1.3282
102	165	1.35277
102	167	0.482081
102	172	1.3018
102	173	1.33594
102	175	0.49383
102	176	1.32604
102	177	1.323
102	179	0.493612
102	180	1.35125
103	54	1.38025
103	76	1.29049
103	84	0.445446
103	97	0.504115
103	101	0.528009
103	106	1.35899
103	116	1.24648
103	119	1.30488
103	121	1.30263
103	125	1.29844
103	137	1.2783
103	138	1.30138
103	139	1.32177
103	144	0.505027
103	155	1.2547
103	157	0.545127
103	162	0.533618
103	165	0.524791
103	167	1.30743
103	169	1.29379
103	172	0.554758
103	174	0.517668
103	175	1.28669
103	177	0.539808
103	178	1.28236
103	179	1.29138
104	4	0.509208
104	27	0.541912
104	60	1.33173
104	97	0.501031
104	119	1.31736
104	120	0.526828
104	121	1.31511
104	128	1.29573
104	133	0.520327
104	134	0.527911
104	137	1.29078
104	138	1.31386
104	140	1.28558
104	141	0.509946
104	144	0.501942
104	147	1.30498
104	156	1.34321
104	165	0.521706
104	167	1.31991
104	170	1.16598
104	171	1.28978
104	175	1.29917
104	177	0.536724
104	178	1.29484
104	179	1.30386
104	180	1.32814
105	34	1.32916
105	39	1.44549
105	45	1.38458
105	76	0.462298
105	85	0.497696
105	87	1.39076
105	90	1.30349
105	93	0.477227
105	97	1.39952
105	98	1.42944
105	112	0.461211
105	116	0.494907
105	125	0.464178
105	129	1.37652
105	145	1.37738
105	146	1.39395
105	148	0.472906
105	149	0.467791
105	160	1.39025
105	161	1.39047
105	166	1.41698
105	168	1.38696
105	175	0.466712
105	177	1.38505
105	178	0.473554
105	179	0.466494
106	24	0.509711
106	44	0.470022
106	61	1.42707
106	80	1.27819
106	85	1.35596
106	103	1.35899
106	114	1.38675
106	115	0.469157
106	120	0.46382
106	131	0.459063
106	136	0.452385
106	140	1.38558
106	143	0.47187
106	146	0.484449
106	148	1.39922
106	149	1.41572
106	151	1.35544
106	156	1.4432
106	165	0.458698
106	169	1.40626
106	171	1.38977
106	172	0.488666
106	175	1.39917
106	176	0.47054
106	178	1.39484
106	179	1.40385
107	13	0.444222
107	33	1.33788
107	35	0.428019
107	52	0.501689
107	86	1.34453
107	91	0.481393
107	92	0.480304
107	117	1.39058
107	130	1.34305
107	134	1.37878
107	135	1.35275
107	141	1.4447
107	142	1.4406
107	143	0.468607
107	144	1.43203
107	146	1.38832
107	148	0.470094
107	151	0.500212
107	152	0.470942
107	157	1.36854
107	164	1.37439
107	166	1.41136
107	168	1.38133
107	172	0.485403
107	174	1.41111
107	177	0.470453
108	24	0.507714
108	49	0.521866
108	51	1.47822
108	100	1.33288
108	117	0.472043
108	121	1.39747
108	126	0.429872
108	131	0.457067
108	138	1.39622
108	140	1.36795
108	141	0.444942
108	149	1.39809
108	151	1.33781
108	155	1.34955
108	156	1.42557
108	163	0.467461
108	164	0.465599
108	168	0.468728
108	169	1.38863
108	171	1.37214
108	172	0.486669
108	175	1.38154
108	177	0.47172
108	178	1.37721
108	179	1.38622
108	180	1.41051
109	8	1.38365
109	19	1.31403
109	30	1.31924
109	31	1.32102
109	32	1.31984
109	37	0.442926
109	55	1.29613
109	59	1.37544
109	60	1.38443
109	65	1.3353
109	71	1.36448
109	76	0.451955
109	79	1.36209
109	80	0.599932
109	89	1.3885
109	96	0.506548
109	111	1.36219
109	124	1.32138
109	126	1.37141
109	139	0.475657
109	140	0.458655
109	151	0.49268
109	154	0.468342
109	165	0.447904
109	170	0.613384
109	175	0.456369
109	180	1.38084
110	4	1.3314
110	23	1.44639
110	24	1.26725
110	25	0.557454
110	26	1.27482
110	27	1.25214
110	41	1.19971
110	80	1.16602
110	95	0.542275
110	120	1.28285
110	122	1.19744
110	129	0.540596
110	130	1.25135
110	133	0.532894
110	137	0.552526
110	146	1.29662
110	147	0.532297
110	158	1.26883
110	164	1.28269
110	166	1.31965
110	167	0.53099
110	168	1.28963
110	170	1.15381
110	174	1.31941
110	175	0.542739
110	179	0.542521
110	180	0.531135
111	9	1.39578
111	12	1.36877
111	47	1.34988
111	55	1.28146
111	62	0.477934
111	72	1.32793
111	79	1.34742
111	81	0.518677
111	84	1.40304
111	109	1.36219
111	118	0.495999
111	126	1.35674
111	127	1.32157
111	132	0.490134
111	144	0.464818
111	145	0.498972
111	150	1.35791
111	155	1.30521
111	156	1.38123
111	160	0.498704
111	161	0.493141
111	164	0.493479
111	173	0.48724
111	174	0.477459
111	178	1.33287
111	179	1.34188
111	180	1.36617
112	3	0.479711
112	66	0.5099
112	68	1.3932
112	77	1.34598
112	85	1.30441
112	86	0.537055
112	89	0.480874
112	105	0.461211
112	114	1.3352
112	118	0.497632
112	128	1.34418
112	140	1.33403
112	144	0.466451
112	146	0.511966
112	147	1.35342
112	149	1.36417
112	150	1.36833
112	155	1.31563
112	156	1.39165
112	165	0.486215
112	166	0.487987
112	167	1.36836
112	171	1.33823
112	174	0.479092
112	175	1.34762
112	178	1.34329
112	179	1.35231
113	47	0.446559
113	56	1.15782
113	64	1.19274
113	67	0.627852
113	71	0.597009
113	72	0.626008
113	82	0.590088
113	84	0.577768
113	90	0.654521
113	123	1.17716
113	126	0.630281
113	127	0.645015
113	131	1.2359
113	137	1.1901
113	141	1.26449
113	162	1.20272
113	165	1.22898
113	166	1.23114
113	170	1.0653
113	171	1.18909
113	173	1.21215
113	174	1.2309
113	175	1.19849
113	176	1.20225
113	177	1.19921
113	178	1.19416
113	180	1.22746
114	16	0.487519
114	70	1.25754
114	72	0.477585
114	76	1.31825
114	77	1.31281
114	89	0.503347
114	98	0.462597
114	106	1.38675
114	112	1.3352
114	116	1.27424
114	118	0.520105
114	130	0.542225
114	137	1.30606
114	149	1.33101
114	150	1.33517
114	151	1.27073
114	152	0.524195
114	156	1.35849
114	157	0.529025
114	160	0.522811
114	163	0.519447
114	165	0.508689
114	169	1.32155
114	171	1.30506
114	175	1.31445
114	178	1.31012
114	179	1.31914
114	180	1.34343
115	21	0.521537
115	30	0.526079
115	41	0.567697
115	60	0.500081
115	66	0.517394
115	73	1.22591
115	96	1.30771
115	101	1.32787
115	106	0.469157
115	128	0.511321
115	129	1.30701
115	133	1.33381
115	139	1.3499
115	145	1.30787
115	148	0.508369
115	150	0.496376
115	152	1.30783
115	159	1.3196
115	160	1.32074
115	161	1.32097
115	162	1.31906
115	165	1.34531
115	166	0.495482
115	169	0.488835
115	173	1.32848
115	176	1.31858
115	177	1.31555
115	180	1.34379
116	17	0.522005
116	18	0.551707
116	38	0.483025
116	51	1.38334
116	75	1.29461
116	92	0.544779
116	93	1.28225
116	103	1.24648
116	105	0.494907
116	114	1.27424
116	119	1.30484
116	121	1.30259
116	135	0.539803
116	138	1.30134
116	143	0.533083
116	147	1.29246
116	148	1.28671
116	156	1.33069
116	161	0.52847
116	165	0.519911
116	169	1.29375
116	170	1.15347
116	171	1.27726
116	172	0.549879
116	175	1.28666
116	176	0.531753
116	178	1.28233
116	179	1.29134
116	180	1.31563
117	5	1.37255
117	21	1.30646
117	36	0.502581
117	46	1.35572
117	49	1.29196
117	54	0.465284
117	56	1.29808
117	66	1.30806
117	97	1.35395
117	99	0.52909
117	107	1.39058
117	108	0.472043
117	122	1.24919
117	123	1.31743
117	130	1.3031
117	134	1.33883
117	136	0.492279
117	140	0.509344
117	141	1.40475
117	153	1.34051
117	157	1.32859
117	161	0.507151
117	163	1.33435
117	164	1.33444
117	166	1.37141
117	169	0.493718
117	171	0.512
117	176	0.510434
117	177	0.51361
117	180	0.495454
118	14	1.21475
118	41	1.25906
118	58	1.36807
118	77	0.48573
118	85	0.534116
118	86	1.31218
118	88	0.492005
118	95	0.502669
118	111	0.495999
118	112	0.497632
118	114	0.520105
118	123	1.32502
118	130	1.31069
118	134	1.34643
118	139	1.38143
118	142	1.40825
118	144	1.39967
118	153	1.34811
118	157	1.33619
118	158	1.32817
118	159	0.491709
118	164	1.34204
118	166	1.379
118	167	0.491384
118	168	1.34898
118	169	0.489793
118	170	1.21316
118	174	1.37876
118	177	0.509686
118	180	0.491529
119	2	0.596018
119	12	0.434705
119	14	0.599833
119	15	1.20547
119	23	0.430216
119	36	0.492684
119	65	0.474117
119	75	1.35301
119	97	0.46802
119	103	1.30488
119	104	1.31736
119	116	1.30484
119	125	1.3568
119	135	0.508587
119	140	1.33147
119	142	0.472584
119	147	1.35086
119	148	1.3451
119	150	1.36577
119	151	1.30133
119	160	0.502818
119	163	0.499454
119	167	1.36579
119	169	1.35215
119	171	1.33566
119	172	0.518663
119	175	1.34505
119	178	1.34073
119	179	1.34974
119	180	1.37403
120	4	1.36713
120	16	1.39904
120	29	0.501669
120	31	0.483763
120	43	1.32653
120	57	0.533855
120	58	1.34445
120	59	0.49585
120	66	1.29204
120	104	0.526828
120	106	0.46382
120	110	1.28285
120	122	1.23316
120	134	1.3228
120	141	1.38873
120	144	1.37605
120	146	1.33234
120	147	0.486396
120	153	1.32448
120	154	1.34351
120	155	0.519775
120	157	1.31256
120	160	0.502495
120	164	1.31841
120	166	1.35538
120	167	0.485088
120	168	1.32536
120	174	1.35514
120	176	0.500214
120	178	0.503679
121	10	0.504893
121	22	0.445186
121	23	0.447858
121	45	0.511626
121	103	1.30263
121	104	1.31511
121	108	1.39747
121	116	1.30259
121	125	1.35455
121	128	1.33936
121	131	0.506702
121	142	0.490226
121	148	1.34285
121	150	1.36352
121	151	1.29907
121	152	0.521844
121	155	1.31081
121	156	1.38684
121	165	0.506337
121	167	1.36354
121	168	0.518363
121	169	1.3499
121	170	1.20961
121	171	1.33341
121	172	0.536304
121	173	0.508995
121	174	0.499214
121	175	1.3428
121	178	1.33847
121	179	1.34749
122	16	1.31362
122	18	1.22998
122	26	1.22513
122	29	0.580031
122	35	0.539318
122	38	0.529848
122	46	1.25428
122	49	1.19052
122	59	0.574211
122	68	0.539464
122	76	0.570785
122	93	0.585714
122	95	0.574735
122	110	1.19744
122	117	1.24919
122	120	1.23316
122	134	1.23739
122	135	1.21136
122	138	0.568547
122	139	1.27239
122	141	1.30331
122	142	1.29921
122	153	1.23907
122	157	1.22715
122	162	0.575561
122	164	1.233
122	166	1.26997
122	168	1.23994
122	170	1.10412
122	174	1.26972
122	180	0.563596
123	2	0.603124
123	17	1.33455
123	19	0.536752
123	24	1.28579
123	81	1.25967
123	83	1.37224
123	86	1.27137
123	91	0.521759
123	113	1.17716
123	117	1.31743
123	118	1.32502
123	130	1.26989
123	132	0.501353
123	134	1.30562
123	135	1.27959
123	142	1.36745
123	144	1.35887
123	146	1.31516
123	149	0.505345
123	157	1.29538
123	158	1.28737
123	160	0.509923
123	164	1.30123
123	166	1.3382
123	173	0.498459
123	174	1.33795
123	175	0.504266
123	176	0.507643
123	177	0.510819
123	178	0.511108
123	180	0.492662
124	8	1.32816
124	55	1.24065
124	58	0.507278
124	67	1.26422
124	71	1.309
124	79	1.3066
124	82	1.37579
124	84	1.36223
124	88	1.32101
124	90	1.21555
124	92	1.27699
124	98	1.34149
124	100	0.556803
124	109	1.32138
124	125	0.513857
124	126	1.31593
124	127	1.28076
124	128	0.525537
124	133	1.31537
124	141	0.496166
124	149	0.51747
124	150	0.510592
124	155	0.539328
124	156	0.496463
124	160	1.3023
124	167	0.504642
124	171	0.521334
124	175	0.516391
124	176	1.30014
124	177	1.29711
124	180	1.32536
125	1	0.474941
125	11	0.445787
125	17	0.491276
125	52	0.535436
125	54	1.43218
125	62	0.482535
125	70	1.2817
125	77	1.33698
125	94	1.43696
125	99	0.51968
125	103	1.29844
125	105	0.464178
125	119	1.3568
125	121	1.35455
125	124	0.513857
125	128	1.33517
125	132	0.494734
125	137	1.33023
125	140	1.32503
125	148	1.33866
125	149	1.35517
125	154	1.35941
125	168	0.501208
125	169	1.34571
125	171	1.32922
125	173	0.49184
125	174	0.482059
125	175	1.33862
125	176	0.501024
125	178	1.33429
125	179	1.3433
125	180	1.36759
126	3	1.3894
126	8	1.37819
126	13	1.39328
126	19	1.30858
126	30	1.31378
126	31	1.31557
126	32	1.31439
126	43	0.488381
126	55	1.29068
126	60	1.37897
126	65	1.32985
126	71	1.35903
126	79	1.35663
126	89	1.38305
126	95	1.33043
126	108	0.429872
126	109	1.37141
126	111	1.35674
126	113	0.630281
126	124	1.31593
126	128	0.474032
126	130	0.489957
126	136	0.450107
126	139	0.484173
126	143	1.33874
126	146	0.482172
126	154	0.476858
126	159	0.453461
126	161	0.464979
126	162	0.465248
126	170	0.621901
126	180	1.37539
127	1	1.35385
127	9	1.36982
127	11	1.37095
127	12	1.34282
127	13	1.35811
127	27	0.491359
127	34	1.25608
127	45	1.31149
127	47	1.32392
127	50	1.24414
127	61	0.471894
127	67	1.27908
127	72	1.30198
127	78	1.30968
127	82	1.39065
127	84	1.37708
127	87	1.31768
127	90	1.23041
127	96	0.529798
127	98	1.35635
127	111	1.32157
127	113	0.645015
127	124	1.28076
127	136	0.46484
127	138	0.472967
127	139	0.498907
127	143	1.30357
127	150	0.47382
127	152	0.486661
127	154	0.491592
127	170	0.636635
127	176	0.482996
127	180	0.468015
128	45	0.506151
128	57	1.27821
128	77	1.32179
128	85	1.28022
128	93	1.31902
128	104	1.29573
128	112	1.34418
128	115	0.511321
128	121	1.33936
128	124	0.525537
128	125	1.33517
128	126	0.474032
128	136	0.494549
128	137	1.31504
128	143	0.514034
128	147	1.32923
128	150	1.34414
128	151	1.2797
128	155	1.29144
128	156	1.36746
128	158	0.523484
128	159	0.497903
128	163	0.511621
128	165	0.500863
128	167	1.34416
128	168	0.512888
128	169	1.33052
128	171	1.31403
128	172	0.53083
128	174	0.493739
128	175	1.32342
128	178	1.3191
128	179	1.32811
129	60	0.495945
129	73	1.23015
129	74	1.3247
129	85	0.529021
129	89	1.3557
129	101	1.33211
129	105	1.37652
129	110	0.540596
129	115	1.30701
129	131	1.35647
129	135	0.509464
129	136	1.35876
129	142	0.473462
129	148	0.504232
129	151	0.534349
129	152	1.31207
129	153	0.516908
129	154	1.33985
129	158	0.512195
129	159	1.32384
129	160	1.32498
129	161	1.32521
129	162	1.3233
129	164	0.49847
129	165	1.34955
129	169	0.484698
129	170	1.18587
129	171	0.502981
129	172	1.29859
129	173	1.33272
129	175	0.498038
129	176	1.32282
129	177	1.31979
130	39	1.35238
130	60	1.32377
130	68	0.489517
130	81	1.24535
130	89	1.32785
130	96	1.28411
130	99	0.547285
130	107	1.34305
130	110	1.25135
130	114	0.542225
130	117	1.3031
130	118	1.31069
130	123	1.26989
130	126	0.489957
130	133	0.515408
130	134	1.29129
130	141	1.35722
130	145	0.531178
130	146	1.30083
130	153	1.29298
130	158	1.27304
130	160	0.53091
130	163	1.28681
130	164	1.28691
130	166	1.32387
130	167	0.513503
130	168	1.29385
130	169	0.511913
130	170	1.15803
130	172	0.546755
130	173	0.519445
130	174	1.32363
130	177	0.531805
130	178	0.532094
131	2	1.22929
131	18	0.515412
131	35	1.42693
131	38	1.42902
131	69	0.469268
131	91	1.34297
131	92	1.34489
131	106	0.459063
131	108	0.457067
131	113	1.2359
131	121	0.506702
131	129	1.35647
131	132	1.37575
131	133	1.38327
131	136	1.40398
131	137	0.501869
131	143	1.35661
131	144	0.463852
131	145	1.35734
131	147	0.481639
131	149	0.49316
131	155	0.515018
131	156	0.472154
131	159	1.36907
131	161	1.37043
131	162	1.36852
131	165	1.39478
131	169	0.478741
131	172	1.34381
131	173	1.37795
131	175	0.492081
131	176	1.36804
131	177	1.36501
131	178	0.498923
132	30	0.521172
132	52	1.29034
132	61	0.489543
132	75	0.498703
132	88	1.36297
132	91	1.31703
132	92	1.31894
132	99	1.2945
132	102	1.33374
132	111	0.490134
132	123	0.501353
132	125	0.494734
132	131	1.37575
132	134	0.495008
132	136	1.37803
132	140	0.499554
132	143	1.33066
132	152	1.33135
132	155	0.520205
132	159	1.34312
132	160	1.34425
132	161	1.34448
132	162	1.34257
132	164	0.4977
132	165	1.36883
132	166	0.490575
132	170	1.20515
132	171	0.502211
132	172	1.31786
132	173	1.352
132	176	1.34209
132	177	1.33906
132	178	0.504109
132	179	0.49705
132	180	1.36731
133	2	1.21087
133	10	1.38675
133	17	0.483965
133	20	1.31508
133	30	0.51424
133	34	1.29069
133	78	0.473813
133	88	1.37049
133	102	1.34127
133	104	0.520327
133	110	0.532894
133	115	1.33381
133	124	1.31537
133	130	0.515408
133	131	1.38327
133	145	1.33891
133	152	1.33887
133	153	0.509206
133	155	0.513274
133	159	1.35064
