1	7	0.99579
1	42	1.03146
1	69	1.04342
1	76	0.998179
1	121	1.06938
1	141	1.08391
1	145	1.06499
1	161	0.918115
1	164	1.05005
1	166	1.06101
1	175	0.837167
1	179	0.853906
2	41	0.980217
2	58	0.812319
2	59	0.87618
2	122	0.929733
2	124	1.09684
2	132	1.04852
2	142	1.02136
2	148	1.05512
2	162	1.04921
2	168	1.04735
2	171	1.04397
2	172	1.03763
3	80	0.98219
3	92	0.842487
3	112	0.832863
3	134	1.08236
3	135	1.04934
3	143	1.04952
3	149	1.02285
3	150	1.05532
3	156	1.03515
3	159	0.951034
3	163	1.0412
3	174	1.06426
4	134	1.14554
4	144	1.1976
4	154	0.925836
4	157	1.25323
4	167	0.942372
4	169	0.926699
4	173	0.932618
4	176	0.945108
4	177	0.929155
4	178	0.929505
4	179	0.939535
4	180	0.929233
5	52	1.16296
5	118	1.2
5	141	0.95505
5	151	0.928431
5	162	0.940449
5	163	1.23427
5	164	0.921184
5	166	0.93215
5	171	0.935206
5	177	0.925704
5	179	0.936084
5	180	0.925781
6	94	1.01465
6	136	0.949049
6	140	0.919895
6	142	0.900171
6	148	0.933926
6	153	1.1764
6	157	0.916936
6	168	0.92616
6	171	0.922775
6	172	0.91644
6	174	1.19681
6	177	1.23154
7	1	0.99579
7	44	1.07674
7	66	0.920741
7	75	0.902935
7	129	0.924499
7	141	0.948615
7	145	0.929691
7	158	1.24413
7	164	0.91475
7	166	0.925715
7	174	0.937274
7	175	1.28571
8	72	1.06225
8	108	0.967929
8	142	0.906908
8	148	0.940663
8	151	0.922737
8	160	0.941437
8	162	0.934755
8	168	0.932897
8	171	0.929511
8	172	0.923177
8	176	1.27499
8	179	1.26801
9	39	0.921773
9	91	0.880328
9	124	0.99082
9	139	0.930997
9	142	0.915341
9	160	0.949869
9	168	0.941329
9	169	1.22917
9	171	0.937944
9	172	0.931609
9	174	1.18034
9	179	1.1953
10	58	1.15108
10	151	1.2298
10	162	1.21367
10	165	0.943833
10	169	0.925392
10	170	0.92375
10	175	0.941081
10	176	0.943801
10	177	0.927848
10	178	0.928198
10	179	0.938228
10	180	0.927926
11	58	1.05826
11	102	0.860622
11	121	1.05876
11	129	1.04917
11	136	0.905355
11	141	1.07329
11	145	1.05436
11	158	0.899977
11	159	1.01636
11	164	1.03942
11	166	1.05039
11	175	0.941562
12	36	0.850422
12	58	1.0417
12	82	0.96738
12	89	1.06695
12	100	1.08912
12	150	1.03645
12	152	1.05108
12	166	1.03383
12	168	1.04027
12	173	0.899532
12	175	1.04061
12	178	0.890003
13	93	0.883478
13	113	1.0364
13	134	1.083
13	146	1.06142
13	147	1.03301
13	149	1.02348
13	150	1.05596
13	151	0.846371
13	159	0.989816
13	163	1.04183
13	174	1.06489
13	180	0.883572
14	127	0.885553
14	128	1.01977
14	130	0.91301
14	147	1.0415
14	149	1.03198
14	150	1.06445
14	152	1.07909
14	156	1.04428
14	161	0.927869
14	163	1.05033
14	172	0.877935
14	175	1.06862
15	48	1.10844
15	90	1.01034
15	96	0.883153
15	122	0.881953
15	144	1.06726
15	147	1.03486
15	149	1.02534
15	152	1.07245
15	156	1.03764
15	159	0.986704
15	163	1.04369
15	176	0.851491
16	124	0.824664
16	128	1.00649
16	162	0.879223
16	167	1.05905
16	169	1.04337
16	170	1.04173
16	171	0.883226
16	176	1.06178
16	177	1.04583
16	178	1.04618
16	179	1.05621
16	180	1.04591
17	31	0.893967
17	52	1.07485
17	89	0.860396
17	98	0.949636
17	107	1.07872
17	163	1.03468
17	166	0.889386
17	171	1.04924
17	172	1.04291
17	177	1.03974
17	178	1.04009
17	180	1.03981
18	97	0.925619
18	105	0.840085
18	162	0.903334
18	166	0.924628
18	169	1.04459
18	170	1.04295
18	173	1.05051
18	176	1.063
18	177	1.04705
18	178	1.0474
18	179	1.05743
18	180	1.04713
19	105	0.848408
19	135	0.958601
19	141	1.06943
19	146	1.05461
19	147	0.939765
19	152	0.847665
19	166	1.04653
19	171	1.04959
19	172	1.04325
19	176	1.05604
19	178	1.04043
19	180	1.04016
20	21	0.836296
20	124	0.825042
20	133	0.904171
20	143	1.04571
20	144	1.06096
20	147	1.02856
20	150	1.05151
20	152	1.06614
20	156	1.03134
20	158	1.0784
20	159	1.03917
20	163	1.03738
21	20	0.836296
21	64	0.992772
21	74	0.792506
21	125	1.04746
21	135	0.974159
21	164	1.04083
21	166	1.0518
21	168	1.05824
21	171	1.05485
21	178	1.0457
21	179	1.05573
21	180	1.04543
22	30	0.90725
22	51	0.942198
22	64	1.04648
22	111	1.06666
22	143	1.0523
22	144	1.06755
22	147	1.03515
22	149	1.02563
22	153	0.878416
22	160	0.873124
22	163	1.04398
22	175	1.06227
23	92	0.901441
23	97	1.05222
23	115	0.913415
23	127	0.889686
23	128	1.01306
23	144	1.06719
23	150	1.05775
23	156	1.03757
23	163	1.04362
23	174	1.06668
23	175	1.06191
23	180	0.903745
24	139	0.992548
24	144	0.926579
24	145	0.982247
24	155	1.00737
24	162	0.991931
24	167	1.01989
24	170	1.00257
24	173	1.01013
24	176	1.02262
24	177	1.00667
24	178	1.00702
24	179	1.01705
24	180	1.00675
25	46	0.874032
25	91	0.954796
25	108	1.05083
25	148	1.02356
25	151	1.00564
25	157	1.00657
25	160	1.02434
25	163	0.970612
25	164	1.00991
25	168	1.0158
25	170	1.04165
25	171	1.01241
25	172	1.00608
26	29	1.02736
26	81	1.04219
26	128	0.976598
26	143	1.01548
26	151	0.959194
26	163	1.00716
26	164	1.00769
26	166	1.01866
26	168	0.944826
26	171	0.947068
26	177	1.01221
26	179	1.02259
26	180	1.01229
27	74	1.10133
27	101	1.0432
27	108	0.9178
27	121	1.01054
27	147	0.981839
27	148	0.956245
27	152	1.01943
27	164	0.991203
27	166	1.00217
27	170	0.991624
27	171	0.977398
27	179	1.0061
27	180	0.9958
28	99	0.996121
28	101	0.993267
28	142	0.993772
28	148	1.02753
28	151	1.0096
28	154	1.00866
28	160	1.0283
28	162	1.02162
28	168	1.01976
28	172	1.01004
28	174	0.939581
28	176	0.961524
28	178	0.996566
29	26	1.02736
29	46	1.06109
29	59	1.02651
29	69	0.982046
29	75	0.976858
29	96	1.00035
29	136	0.958492
29	141	1.02254
29	145	1.00361
29	158	0.953115
29	166	0.999638
29	171	0.998061
29	175	0.994699
30	22	0.90725
30	32	1.01042
30	52	0.896907
30	132	1.01461
30	140	1.00718
30	151	1.00328
30	160	1.02198
30	161	1.06295
30	162	1.0153
30	168	1.01344
30	171	1.01006
30	172	1.00373
30	180	1.03469
31	17	0.893967
31	56	1.03813
31	69	0.995573
31	96	1.01388
31	129	1.01195
31	139	0.997013
31	146	1.02125
31	158	0.955452
31	159	0.979141
31	164	1.0022
31	166	1.01316
31	174	1.02472
31	178	1.0558
32	30	1.01042
32	60	0.918645
32	82	1.06588
32	94	1.08929
32	139	0.990465
32	148	1.00856
32	160	1.00934
32	162	1.00265
32	168	1.0008
32	171	0.997411
32	172	0.991077
32	174	0.931519
32	178	0.988505
33	58	1.01567
33	66	1.00282
33	96	1.00851
33	129	1.00658
33	136	0.933861
33	141	1.03069
33	145	1.01177
33	164	0.996829
33	166	1.00779
33	167	0.999485
33	172	1.00108
33	174	1.01935
33	175	0.970068
34	90	1.14899
34	97	0.946036
34	142	0.993209
34	144	0.858399
34	145	1.01673
34	148	1.02696
34	156	0.93911
34	164	1.00179
34	166	1.01276
34	168	1.0192
34	177	1.00631
34	179	1.01669
34	180	1.00639
35	51	0.98305
35	81	0.973788
35	139	1.0096
35	148	1.02769
35	151	1.00977
35	157	1.0107
35	162	1.02179
35	164	0.963413
35	167	0.967318
35	168	1.01993
35	169	0.988508
35	171	1.01654
35	172	1.01021
36	12	0.850422
36	119	1.03592
36	132	1.00851
36	149	1.00043
36	154	1.00553
36	165	1.02484
36	169	1.0064
36	170	1.00475
36	173	1.01232
36	177	1.00885
36	178	1.0092
36	179	1.01923
36	180	1.00893
37	87	1.03076
37	124	1.05331
37	132	1.00498
37	134	0.873387
37	137	0.987488
37	157	0.994592
37	160	1.01236
37	162	1.00567
37	168	1.00382
37	171	1.00043
37	172	0.994096
37	174	0.99322
37	178	1.05021
38	115	1.00808
38	117	1.04208
38	134	1.03953
38	135	1.0065
38	143	1.00668
38	144	1.02193
38	147	0.989533
38	149	0.98001
38	156	0.992313
38	157	0.935351
38	174	1.02142
38	179	0.962457
38	180	0.998408
39	9	0.921773
39	44	0.89242
39	50	1.07062
39	83	1.0395
39	131	1.14229
39	140	0.978
39	142	0.958277
39	148	0.992032
39	162	0.986123
39	168	0.984266
39	171	0.98088
39	172	0.974546
39	174	1.10317
39	175	0.984611
40	105	1.01817
40	107	1.01257
40	121	1.07804
40	153	1.00434
40	155	0.975294
40	169	0.972139
40	170	0.970497
40	171	1.08543
40	173	0.978058
40	176	0.990548
40	177	0.974595
40	178	0.974945
40	179	0.984975
40	180	0.974672
41	2	0.980217
41	132	1.094
41	140	1.06974
41	155	0.975349
41	160	1.05254
41	165	0.990635
41	167	0.987866
41	169	0.972193
41	170	0.970551
41	173	0.978112
41	176	0.990602
41	178	0.974999
41	179	0.98503
41	180	0.974727
42	1	1.03146
42	46	1.02284
42	78	1.02885
42	98	0.944019
42	115	0.959559
42	125	0.957041
42	129	0.960163
42	141	0.98428
42	155	1.08018
42	164	0.950415
42	166	0.96138
42	170	1.07251
42	175	1.01525
42	176	1.03897
43	114	1.04704
43	129	1.12815
43	149	1.15601
43	155	0.950381
43	156	1.16128
43	165	0.965667
43	167	0.962899
43	169	0.947226
43	170	0.945584
43	173	0.953145
43	176	0.965635
43	177	0.949682
43	178	0.950032
43	179	0.960062
43	180	0.94976
44	7	1.07674
44	39	0.89242
44	90	0.987426
44	146	0.7712
44	154	1.04333
44	167	1.05987
44	169	1.04419
44	170	1.04255
44	171	0.766193
44	173	1.05011
44	176	1.0626
44	177	1.04665
44	178	1.047
44	179	1.05703
44	180	1.04673
45	48	1.02285
45	94	1.03669
45	139	1.20191
45	153	0.978597
45	161	0.944935
45	167	0.962067
45	169	0.946394
45	170	0.944752
45	172	1.23295
45	173	0.952313
45	176	0.964803
45	177	0.94885
45	178	0.9492
45	179	0.95923
45	180	0.948928
46	25	0.874032
46	29	1.06109
46	42	1.02284
46	58	1.06027
46	76	1.02245
46	121	1.06077
46	129	1.05118
46	141	1.07529
46	145	1.05637
46	158	0.819851
46	159	1.01837
46	164	1.04143
46	166	1.05239
46	173	0.929726
46	175	0.861436
47	110	0.921113
47	112	0.910755
47	127	1.06888
47	142	1.02533
47	148	1.05909
47	151	1.04116
47	160	1.05986
47	162	1.05318
47	165	0.876679
47	168	1.05132
47	171	1.04793
47	172	1.0416
47	174	0.871768
47	175	1.05166
47	178	0.928754
48	15	1.10844
48	45	1.02285
48	80	0.982805
48	118	1.07792
48	128	1.00213
48	130	0.858805
48	134	1.07385
48	149	1.01434
48	150	1.04681
48	152	1.06144
48	155	0.857638
48	156	1.02664
48	157	0.782348
48	163	1.03269
48	174	1.05575
49	53	0.859263
49	109	1.05414
49	123	1.05708
49	131	0.929279
49	148	1.05811
49	151	1.04019
49	153	0.869751
49	157	1.04112
49	160	1.05889
49	162	1.0522
49	171	1.04696
49	172	1.04063
49	173	0.956675
49	174	0.890161
49	175	1.05069
50	39	1.07062
50	143	0.914046
50	152	0.876393
50	154	1.01036
50	165	1.02967
50	166	0.96168
50	167	1.0269
50	169	1.01123
50	170	1.00959
50	172	0.972041
50	173	1.01715
50	176	1.02964
50	177	1.01368
50	178	1.01403
50	179	1.02406
50	180	1.01376
51	22	0.942198
51	35	0.98305
51	74	0.8816
51	152	0.952317
51	161	1.00982
51	165	1.02972
51	166	1.0376
51	167	1.02695
51	169	1.01128
51	170	1.00964
51	173	1.0172
51	176	1.02969
51	177	1.01374
51	178	1.01409
51	179	1.02412
51	180	1.01382
52	5	1.16296
52	17	1.07485
52	30	0.896907
52	85	0.998752
52	113	1.00267
52	116	0.859708
52	117	1.05182
52	128	0.977545
52	143	1.01643
52	144	1.03168
52	147	0.999275
52	149	0.989752
52	158	1.04912
52	163	1.0081
52	178	0.945468
52	180	0.939396
53	49	0.859263
53	58	1.01885
53	76	1.10369
53	89	1.04409
53	121	1.01934
53	125	1.00663
53	129	1.00975
53	136	0.906474
53	141	1.03387
53	145	1.01494
53	146	1.01905
53	164	1
53	166	1.01097
53	174	1.02253
53	175	0.942681
53	180	0.995371
54	65	1.01106
54	66	0.959383
54	95	0.933138
54	101	1.00249
54	139	1.01865
54	151	1.01882
54	157	1.01976
54	159	0.988518
54	160	1.03752
54	168	1.02898
54	169	0.983371
54	171	1.0256
54	172	1.01926
54	174	0.934541
54	175	1.02933
54	178	0.991526
55	56	1.03875
55	59	1.04066
55	60	1.03616
55	69	0.996194
55	70	0.979701
55	80	0.990055
55	95	1.01632
55	121	1.02216
55	145	1.01776
55	157	0.906447
55	161	0.997762
55	164	1.00282
55	166	1.01379
55	169	0.96742
55	174	1.02534
55	177	0.953326
56	31	1.03813
56	55	1.03875
56	75	0.993125
56	98	0.998545
56	108	0.905625
56	115	1.01409
56	125	1.01157
56	129	1.01469
56	141	1.03881
56	145	1.01988
56	158	0.920276
56	164	1.00494
56	170	1.01911
56	174	1.02746
56	175	0.96186
56	177	0.998372
57	64	1.0155
57	110	1.00049
57	116	0.92237
57	117	1.05672
57	128	0.98244
57	135	1.02114
57	140	0.942635
57	144	1.03657
57	147	1.00417
57	149	0.994647
57	150	1.02712
57	152	1.04176
57	156	1.00695
57	163	1.013
57	176	0.973088
57	179	0.966107
58	2	0.812319
58	10	1.15108
58	11	1.05826
58	12	1.0417
58	33	1.01567
58	46	1.06027
58	53	1.01885
58	60	1.02119
58	115	0.996995
58	129	0.997599
58	145	1.00279
58	164	0.98785
58	166	0.998815
58	170	0.965823
58	175	0.908571
58	178	0.967332
59	2	0.87618
59	29	1.02651
59	55	1.04066
59	68	1.01013
59	73	1.01788
59	96	1.01853
59	98	1.00045
59	125	1.01347
59	145	1.02179
59	146	1.0259
59	158	0.930847
59	164	1.00685
59	166	1.01781
59	175	0.972432
59	176	0.996151
59	178	1.03119
60	32	0.918645
60	55	1.03616
60	58	1.02119
60	75	0.990531
60	92	1.02239
60	96	1.01402
60	121	1.02168
60	141	1.03621
60	145	1.01729
60	160	0.936779
60	164	1.00235
60	166	1.01331
60	167	0.990121
60	174	1.02487
60	175	0.960705
60	177	0.997216
61	101	0.986181
61	102	0.900327
61	108	1.04771
61	117	0.897744
61	123	1.0194
61	124	1.06217
61	148	1.02044
61	153	0.962632
61	157	1.00345
61	160	1.02121
61	161	1.06221
61	162	1.01453
61	168	1.01267
61	171	1.00929
61	172	1.00295
61	174	0.983042
62	81	1.04249
62	133	1.02779
62	139	0.943982
62	150	0.898589
62	151	0.959494
62	155	1.01417
62	167	1.02669
62	169	1.01101
62	170	1.00937
62	171	0.947368
62	173	1.01693
62	176	1.02942
62	177	1.01347
62	178	1.01382
62	179	1.02385
62	180	1.01355
63	119	1.00271
63	137	1.04238
63	140	0.951035
63	144	0.891775
63	154	1.00708
63	162	0.957127
63	165	1.02639
63	167	1.02362
63	169	1.00795
63	172	0.988781
63	173	1.01387
63	176	1.02636
63	177	1.0104
63	178	1.01075
63	179	1.02078
63	180	1.01048
64	21	0.992772
64	22	1.04648
64	57	1.0155
64	104	0.907838
64	111	0.993111
64	119	0.963559
64	135	0.978573
64	143	0.978757
64	144	0.994005
64	150	0.984559
64	152	0.999191
64	156	0.964385
64	158	1.01145
64	163	0.970433
64	165	1.0434
64	177	1.07323
64	180	1.08941
65	54	1.01106
65	72	0.869943
65	83	1.04114
65	87	1.01284
65	99	0.96226
65	111	1.0039
65	138	1.04776
65	139	0.975569
65	147	1.08642
65	148	0.993667
65	157	0.976676
65	160	0.99444
65	162	0.987758
65	168	0.985901
65	171	0.982515
65	172	0.976181
65	177	1.09547
66	7	0.920741
66	33	1.00282
66	54	0.959383
66	68	0.978277
66	76	1.15943
66	78	1.05343
66	89	1.01908
66	92	0.995039
66	95	0.988494
66	96	0.986675
66	123	0.983494
66	125	0.981624
66	141	1.00886
66	145	0.989939
66	164	0.974998
66	165	1.00511
66	175	0.998422
67	112	1.01028
67	149	1.03236
67	154	0.983965
67	157	1.01255
67	160	0.998988
67	161	0.98337
67	162	1.02227
67	167	1.0005
67	169	0.984828
67	170	0.983186
67	171	1.02628
67	173	0.990747
67	176	1.00324
67	177	0.987284
67	178	0.987634
67	179	0.997664
67	180	0.987362
68	59	1.01013
68	66	0.978277
68	78	1.05072
68	90	1.25056
68	120	0.974439
68	134	0.907908
68	143	0.998984
68	144	0.959972
68	151	0.979532
68	160	0.998232
68	166	0.983251
68	171	0.986307
68	172	0.979973
68	176	0.992758
68	177	0.976805
68	179	0.987185
68	180	0.976882
69	1	1.04342
69	29	0.982046
69	31	0.995573
69	55	0.996194
69	77	0.959429
69	78	1.04081
69	95	0.975876
69	127	0.997344
69	134	0.932318
69	136	1.01417
69	141	0.996246
69	145	0.977322
69	158	1.00879
69	164	0.962381
69	166	0.973346
69	169	1.10098
69	175	1.05037
70	55	0.979701
70	123	1.01976
70	138	1.00694
70	145	1.02437
70	148	1.0169
70	161	0.981917
70	165	1.00182
70	166	1.05534
70	169	0.983375
70	170	0.981733
70	173	0.989294
70	175	0.999064
70	176	1.00178
70	177	0.985831
70	178	0.986181
70	179	0.996212
70	180	0.985909
71	95	1.02171
71	146	1.0297
71	153	1.01493
71	154	0.981866
71	156	1.03605
71	160	0.997407
71	161	0.981271
71	163	1.00754
71	165	1.00117
71	167	0.998402
71	170	0.981088
71	173	0.988648
71	176	1.00114
71	177	0.985185
71	178	0.985535
71	179	0.995566
71	180	0.985263
72	8	1.06225
72	65	0.869943
72	114	0.683264
72	128	0.909412
72	148	0.764997
72	155	1.07765
72	165	1.09294
72	166	0.803441
72	167	1.09017
72	169	1.0745
72	170	1.07286
72	173	1.08042
72	176	1.09291
72	177	1.07695
72	178	1.0773
72	179	1.08734
72	180	1.07703
73	59	1.01788
73	107	0.99872
73	111	1.01316
73	134	0.950161
73	141	1.0139
73	142	0.971453
73	149	1.07767
73	163	1.05443
73	164	0.980035
73	166	0.991
73	168	0.997442
73	169	0.982098
73	171	0.994056
73	172	0.987722
73	178	0.984904
73	179	0.994934
73	180	0.984631
74	21	0.792506
74	27	1.10133
74	51	0.8816
74	113	1.07317
74	128	1.04804
74	134	1.11976
74	137	0.832497
74	143	1.08692
74	147	1.06977
74	149	1.06025
74	150	1.09272
74	156	1.07255
74	163	1.0786
74	168	0.837572
74	172	0.867466
74	175	1.09689
74	180	0.889142
75	7	0.902935
75	29	0.976858
75	56	0.993125
75	60	0.990531
75	86	1.17762
75	89	1.00128
75	98	0.950796
75	121	0.976528
75	125	0.963818
75	129	0.966941
75	136	1.03707
75	145	0.972133
75	158	1.03169
75	164	0.957192
75	166	0.968157
75	174	0.979716
75	175	1.07328
75	179	1.09001
76	1	0.998179
76	46	1.02245
76	53	1.10369
76	66	1.15943
76	129	1.1144
76	147	0.950171
76	151	0.966782
76	163	0.958999
76	168	0.976942
76	171	0.973557
76	172	0.967222
76	174	0.982059
76	175	0.977287
76	176	0.980007
76	177	0.964054
76	178	0.964404
76	179	0.974435
76	180	0.964132
77	69	0.959429
77	81	0.937322
77	101	0.956969
77	105	1.0642
77	117	1.04457
77	125	0.972681
77	140	0.977197
77	149	1.13755
77	150	1.08268
77	152	1.06346
77	164	0.966055
77	166	0.97702
77	172	0.973743
77	176	0.986527
77	177	0.970574
77	178	0.970924
77	179	0.980955
77	180	0.970652
78	42	1.02885
78	66	1.05343
78	68	1.05072
78	69	1.04081
78	98	1.04104
78	125	1.05406
78	129	1.05719
78	130	0.964157
78	137	0.894113
78	141	1.0813
78	145	1.06238
78	148	0.880277
78	158	0.856484
78	159	1.02438
78	164	1.04744
78	166	1.0584
78	175	0.898068
78	179	0.914807
79	88	1.00707
79	90	0.927025
79	107	1.00441
79	109	1.00455
79	119	0.953502
79	138	1.02429
79	143	0.9687
79	144	0.983948
79	147	0.951548
79	149	0.942024
79	150	0.974502
79	152	0.989134
79	156	0.954327
79	159	1.19442
79	163	0.960376
79	174	0.983436
79	178	1.09425
79	180	1.08818
80	3	0.98219
80	48	0.982805
80	55	0.990055
80	96	0.967918
80	111	1.10683
80	143	1.13491
80	147	1.18936
80	157	0.964424
80	160	0.982188
80	164	0.956242
80	166	0.967207
80	168	0.973649
80	169	0.958305
80	171	0.970263
80	176	0.976714
80	178	0.961111
80	179	0.971141
80	180	0.960838
81	26	1.04219
81	35	0.973788
81	62	1.04249
81	77	0.937322
81	94	1.04617
81	100	1.00653
81	108	0.992714
81	132	0.958846
81	140	0.951416
81	151	0.947521
81	154	1.14114
81	160	0.966221
81	162	0.959539
81	168	0.957681
81	171	0.954296
81	172	0.947961
81	174	1.07206
81	177	1.1068
82	12	0.96738
82	32	1.06588
82	153	0.993029
82	154	0.959963
82	156	1.12266
82	161	0.959367
82	166	1.12859
82	167	0.976498
82	169	0.960826
82	170	0.959184
82	171	1.1113
82	173	0.966745
82	174	0.981287
82	176	0.979235
82	177	0.963282
82	178	0.963632
82	179	0.973662
82	180	0.963359
83	39	1.0395
83	65	1.04114
83	99	1.03542
83	110	0.920222
83	116	0.842103
83	126	0.963308
83	132	1.06022
83	139	1.04873
83	140	1.05279
83	151	1.0489
83	157	1.04983
83	168	1.05906
83	171	1.05567
83	172	1.04934
83	174	0.870877
83	175	1.0594
83	178	0.927862
83	179	0.88584
84	123	1.06153
84	130	0.935652
84	139	1.04447
84	140	1.04854
84	142	1.02881
84	151	1.04464
84	155	0.934485
84	157	1.04558
84	160	1.06334
84	162	1.05666
84	165	0.87625
84	167	0.89898
84	168	1.0548
84	171	1.05142
84	172	1.04508
84	174	0.871339
84	175	1.05515
84	176	0.893282
85	52	0.998752
85	90	0.925234
85	115	1.10861
85	117	1.0023
85	118	1.00382
85	128	0.928026
85	135	0.966725
85	137	1.0423
85	143	0.966908
85	147	0.949756
85	149	0.940233
85	150	0.972711
85	152	0.987343
85	158	0.999605
85	163	0.958584
85	167	1.07567
85	177	1.08277
85	180	1.09894
86	75	1.17762
86	114	0.976621
86	148	1.05835
86	153	0.992876
86	155	0.963828
86	161	0.959214
86	164	1.10166
86	165	0.979114
86	167	0.976345
86	169	0.960672
86	170	0.959031
86	171	1.07951
86	173	0.966591
86	176	0.979081
86	177	0.963128
86	178	0.963478
86	179	0.973509
86	180	0.963206
87	37	1.03076
87	65	1.01284
87	91	0.969763
87	101	1.00427
87	123	1.03749
87	124	1.08025
87	135	0.961348
87	141	0.878218
87	142	1.00477
87	148	1.03853
87	151	1.0206
87	157	1.02154
87	168	1.03076
87	171	1.02738
87	172	1.02104
87	173	0.983337
87	176	0.938766
87	178	0.973808
87	180	0.967736
88	79	1.00707
88	90	0.981277
88	110	0.971465
88	113	1.0092
88	116	0.893346
88	118	1.05986
88	120	1.04238
88	124	0.865145
88	144	1.0382
88	147	1.0058
88	149	0.996277
88	152	1.04339
88	156	1.00858
88	158	1.05565
88	159	1.07928
88	163	1.01463
88	172	0.951358
88	174	1.03769
88	176	0.944064
89	12	1.06695
89	17	0.860396
89	53	1.04409
89	66	1.01908
89	75	1.00128
89	95	1.02659
89	96	1.02477
89	98	1.0067
89	125	1.01972
89	136	0.92726
89	145	1.02803
89	148	0.945675
89	159	0.990034
89	164	1.01309
89	166	1.02406
89	167	0.992883
89	174	1.03562
89	175	0.963466
89	180	1.01616
90	15	1.01034
90	34	1.14899
90	44	0.987426
90	68	1.25056
90	79	0.927025
90	85	0.925234
90	88	0.981277
90	104	1.06752
90	120	0.962339
90	134	0.97575
90	135	0.942725
90	144	0.958157
90	147	0.925757
90	149	0.916233
90	150	0.948711
90	152	0.963343
90	156	0.928536
90	163	0.934584
90	180	1.24909
91	9	0.880328
91	25	0.954796
91	87	0.969763
91	108	0.977853
91	123	0.949551
91	124	0.992312
91	127	0.960376
91	130	1.17883
91	132	0.943985
91	140	0.936555
91	152	1.04811
91	155	1.17767
91	158	0.965898
91	160	0.95136
91	162	0.944678
91	171	0.939435
91	172	0.933101
91	178	1.1715
91	179	1.12948
92	3	0.842487
92	23	0.901441
92	60	1.02239
92	66	0.995039
92	119	1.06713
92	128	1.14881
92	143	0.995208
92	145	1.00399
92	156	1.03691
92	159	0.96599
92	162	1.00831
92	166	1.00001
92	168	1.00646
92	171	1.00307
92	172	0.996735
92	173	0.99703
92	176	1.00952
92	178	0.993917
92	179	1.00395
92	180	0.993645
93	13	0.883478
93	135	1.0707
93	138	1.01413
93	141	0.98757
93	151	1.03989
93	153	1.02277
93	155	0.993718
93	160	1.00047
93	161	0.989105
93	163	1.01061
93	165	1.009
93	167	1.00624
93	169	0.990563
93	170	0.988921
93	173	0.996482
93	175	1.00625
93	177	0.993019
93	178	0.993369
93	179	1.0034
93	180	0.993097
94	6	1.01465
94	32	1.08929
94	45	1.03669
94	81	1.04617
94	118	0.758503
94	133	0.830487
94	139	1.08198
94	140	1.08605
94	148	1.10008
94	151	1.08215
94	157	1.08309
94	159	1.05185
94	160	1.10085
94	167	0.835974
94	168	1.09231
94	170	0.863809
94	171	1.08893
94	172	1.08259
94	173	0.874848
94	174	0.808333
95	54	0.933138
95	55	1.01632
95	66	0.988494
95	69	0.975876
95	71	1.02171
95	89	1.02659
95	96	0.99418
95	114	1.05049
95	129	0.992252
95	141	1.01637
95	145	0.997444
95	146	1.00155
95	154	1.04303
95	159	0.959445
95	164	0.982503
95	166	0.993468
95	172	1.00319
95	174	1.00503
95	175	0.972177
95	178	1.03094
96	15	0.883153
96	29	1.00035
96	31	1.01388
96	33	1.00851
96	59	1.01853
96	60	1.01402
96	66	0.986675
96	80	0.967918
96	89	1.02477
96	95	0.99418
96	102	0.946246
96	113	1.04307
96	121	1.00002
96	131	1.06808
96	145	0.995625
96	158	0.985601
96	164	0.980684
96	166	0.991649
96	174	1.00321
96	180	1.07987
97	18	0.925619
97	23	1.05222
97	34	0.946036
97	107	1.02057
97	118	1.02177
97	134	1.0177
97	135	0.984673
97	136	1.01736
97	143	0.984857
97	144	1.00011
97	149	0.958182
97	150	0.990659
97	152	1.00529
97	156	0.970485
97	163	0.976533
97	166	1.0141
97	167	1.02286
97	169	1.04405
97	170	1.0507
97	174	0.999593
98	17	0.949636
98	42	0.944019
98	56	0.998545
98	59	1.00045
98	75	0.950796
98	78	1.04104
98	89	1.0067
98	102	0.971767
98	121	0.981948
98	125	0.969238
98	129	0.97236
98	141	0.996477
98	145	0.977553
98	159	0.939553
98	164	0.962611
98	166	0.973577
98	169	1.10331
98	170	1.10996
98	173	1.121
98	174	0.985136
98	175	1.05271
99	28	0.996121
99	65	0.96226
99	83	1.03542
99	123	0.986912
99	134	0.927552
99	138	1.03441
99	139	0.969849
99	140	0.973916
99	142	0.954193
99	146	0.981822
99	151	0.970021
99	157	0.970957
99	160	0.988721
99	161	1.12656
99	162	0.982039
99	170	1.10286
99	171	0.976796
99	172	0.970461
99	174	1.04738
99	175	0.980526
99	176	1.06933
100	12	1.08912
100	81	1.00653
100	103	0.95061
100	109	1.05646
100	118	0.803216
100	122	0.905452
100	124	1.10216
100	139	1.04234
100	142	1.02668
100	148	1.06044
100	154	0.922123
100	155	0.916193
100	157	1.04345
100	159	1.0122
100	160	1.06121
100	162	1.05453
100	168	1.05267
100	170	0.908522
100	171	1.04928
100	172	1.04295
100	180	0.90396
101	27	1.0432
101	28	0.993267
101	54	1.00249
101	61	0.986181
101	77	0.956969
101	87	1.00427
101	109	0.981118
101	132	0.978493
101	139	0.966996
101	146	0.978969
101	148	0.985094
101	150	0.995549
101	157	0.968103
101	162	0.979185
101	165	1.04765
101	168	0.977328
101	170	1.09822
101	171	0.973942
101	172	0.967608
101	174	1.04274
101	177	1.07748
102	11	0.860622
102	61	0.900327
102	96	0.946246
102	98	0.971767
102	117	0.807342
102	126	1.03402
102	147	0.91833
102	153	1.07518
102	154	1.04212
102	161	1.04152
102	165	1.06142
102	167	1.05865
102	168	0.891984
102	169	1.04298
102	170	1.04134
102	173	1.0489
102	176	1.06139
102	177	1.04544
102	178	1.04579
102	179	1.05582
102	180	1.04551
103	100	0.95061
103	119	1.11608
103	130	0.987681
103	138	0.993387
103	140	1.06441
103	148	1.05335
103	153	1.00202
103	155	0.972976
103	157	1.06078
103	160	1.04722
103	161	0.968362
103	165	0.988262
103	167	0.985493
103	169	0.96982
103	170	0.968178
103	173	0.975739
103	176	0.988229
103	177	0.972276
103	178	0.972626
103	179	0.982657
103	180	0.972354
104	64	0.907838
104	90	1.06752
104	125	0.903086
104	132	0.860455
104	133	1.05792
104	146	0.851292
104	151	0.858412
104	153	1.07334
104	154	1.04028
104	161	1.03968
104	165	1.05958
104	167	1.05681
104	168	0.844044
104	169	1.04114
104	170	1.0395
104	173	1.04706
104	176	1.05955
104	177	1.0436
104	178	1.04395
104	179	1.05398
104	180	1.04367
105	18	0.840085
105	19	0.848408
105	40	1.01817
105	77	1.0642
105	107	1.05576
105	111	1.0344
105	117	1.05544
105	119	1.00485
105	123	0.892984
105	134	1.05289
105	143	1.02005
105	144	1.0353
105	146	1.03131
105	147	1.0029
105	149	0.993372
105	150	1.02585
105	152	1.04048
105	154	0.978765
105	156	1.00568
105	163	1.01172
105	175	1.03001
105	180	0.960602
106	124	0.876416
106	126	1.01094
106	128	1.05824
106	139	0.931592
106	148	0.913825
106	153	1.05211
106	154	1.01904
106	155	1.02306
106	161	1.01845
106	163	0.917827
106	164	0.957126
106	165	1.03835
106	167	1.03558
106	169	1.0199
106	170	1.01826
106	171	0.934978
106	173	1.02582
106	176	1.03831
106	177	1.02236
106	178	1.02271
106	179	1.03274
106	180	1.02244
107	17	1.07872
107	40	1.01257
107	73	0.99872
107	79	1.00441
107	97	1.02057
107	105	1.05576
107	116	0.875308
107	135	1.02011
107	136	1.05281
107	143	1.0203
107	144	1.03555
107	147	1.00315
107	149	0.993623
107	150	1.0261
107	152	1.04073
107	156	1.00593
107	160	0.87838
107	163	1.01197
107	166	0.922959
107	169	0.952912
107	175	1.03026
107	178	0.961068
108	8	0.967929
108	25	1.05083
108	27	0.9178
108	56	0.905625
108	61	1.04771
108	81	0.992714
108	91	0.977853
108	122	0.969749
108	132	1.04002
108	137	0.911612
108	140	1.03259
108	146	1.04049
108	151	1.02869
108	157	1.02963
108	160	1.04739
108	161	0.996515
108	162	1.04071
108	168	1.03885
108	171	1.03547
108	172	1.02913
108	178	0.974329
108	179	0.932307
109	49	1.05414
109	79	1.00455
109	100	1.05646
109	101	0.981118
109	123	1.01434
109	130	1.00695
109	139	0.997279
109	140	1.00135
109	142	0.981623
109	148	1.01538
109	151	0.997451
109	154	1.01172
109	156	0.955583
109	157	0.998387
109	159	0.967146
109	160	1.01615
109	162	1.00947
109	168	1.00761
109	169	0.99147
109	171	1.00423
109	172	0.997891
109	174	0.942641
109	180	0.993554
110	47	0.921113
110	57	1.00049
110	83	0.920222
110	88	0.971465
110	116	1.06211
110	131	0.99549
110	137	1.02941
110	142	1.06688
110	150	0.977507
110	154	0.99412
110	155	0.998138
110	156	1.03764
110	161	0.993524
110	165	1.01342
110	167	1.01066
110	169	0.994983
110	170	0.993341
110	173	1.0009
110	176	1.01339
110	177	0.997439
110	178	0.997789
110	179	1.00782
110	180	0.997516
111	22	1.06666
111	64	0.993111
111	65	1.0039
111	73	1.01316
111	80	1.10683
111	105	1.0344
111	118	1.03585
111	120	1.01837
111	128	0.960055
111	135	0.998754
111	143	0.998937
111	147	0.981785
111	149	0.972262
111	150	1.00474
111	152	1.01937
111	154	0.987594
111	156	0.984565
111	158	1.03163
111	163	0.990613
111	168	0.917862
111	175	1.0089
111	176	0.940461
111	179	0.933481
112	3	0.832863
112	47	0.910755
112	67	1.01028
112	131	0.999095
112	142	1.05652
112	149	1.02202
112	151	1.02805
112	153	1.03079
112	154	0.997724
112	155	1.00174
112	161	0.997129
112	163	0.998777
112	165	1.01703
112	167	1.01426
112	169	0.998587
112	170	0.996945
112	172	1.04358
112	173	1.00451
112	176	1.017
112	177	1.00104
112	178	1.00139
112	179	1.01142
112	180	1.00112
113	13	1.0364
113	52	1.00267
113	74	1.07317
113	88	1.0092
113	96	1.04307
113	118	1.00774
113	119	0.955631
113	120	0.990261
113	127	1.02632
113	135	0.970646
113	139	0.987661
113	143	0.970829
113	144	0.986078
113	149	0.944154
113	150	0.976632
113	152	0.991264
113	156	0.956457
113	163	0.962506
113	169	1.03829
113	174	0.985566
113	175	0.980794
113	177	1.0242
113	178	1.04645
113	180	1.04037
114	43	1.04704
114	72	0.683264
114	86	0.976621
114	95	1.05049
114	118	1.08169
114	140	1.04813
114	141	1.07086
114	144	1.06003
114	147	1.02763
114	148	1.06216
114	149	1.0181
114	152	1.06521
114	153	0.853646
114	156	1.03041
114	157	1.04517
114	164	1.03699
114	166	1.04796
114	167	0.901696
114	171	1.05101
114	172	1.04468
114	173	0.94057
114	174	1.05951
114	176	0.895998
114	177	0.908791
115	23	0.913415
115	38	1.00808
115	42	0.959559
115	56	1.01409
115	58	0.996995
115	85	1.10861
115	128	1.16079
115	139	0.985227
115	145	0.993093
115	149	1.04361
115	150	0.988746
115	152	0.969529
115	157	0.986335
115	162	0.997417
115	164	0.978152
115	166	0.989117
115	168	0.995559
115	170	0.978573
115	172	0.985839
115	176	0.998624
115	177	0.982671
115	178	0.983021
115	179	0.993051
115	180	0.982749
116	52	0.859708
116	57	0.92237
116	83	0.842103
116	88	0.893346
116	107	0.875308
116	110	1.06211
116	123	0.929877
116	138	1.06383
116	146	0.953174
116	153	1.07247
116	154	1.0394
116	155	1.04342
116	160	0.920879
116	161	1.0388
116	165	1.0587
116	167	1.05593
116	169	1.04026
116	170	1.03862
116	173	1.04618
116	176	1.05867
116	177	1.04272
116	178	1.04307
116	179	1.0531
116	180	1.0428
117	38	1.04208
117	52	1.05182
117	57	1.05672
117	61	0.897744
117	77	1.04457
117	85	1.0023
117	102	0.807342
117	105	1.05544
117	120	1.03941
117	132	0.905813
117	134	1.05282
117	143	1.01998
117	144	1.03522
117	147	1.00282
117	149	0.993301
117	150	1.02578
117	152	1.04041
117	156	1.0056
117	159	1.04721
117	163	1.01165
117	172	0.919294
117	173	0.956572
117	174	1.03471
117	175	1.02994
117	177	0.924792
118	5	1.2
118	48	1.07792
118	85	1.00382
118	88	1.05986
118	94	0.758503
118	97	1.02177
118	100	0.803216
118	111	1.03585
118	113	1.00774
118	114	1.08169
118	119	1.00629
118	121	0.919729
118	126	1.01796
118	127	0.96238
118	128	0.982611
118	134	1.05433
118	135	1.02131
118	141	0.88692
118	144	1.03674
118	146	1.03275
118	147	1.00434
118	149	0.994818
118	152	1.04193
118	167	0.953165
118	174	1.03623
119	36	1.03592
119	63	1.00271
119	64	0.963559
119	79	0.953502
119	92	1.06713
119	103	1.11608
119	105	1.00485
119	113	0.955631
119	118	1.00629
119	120	0.988816
119	128	0.930503
119	134	1.00223
119	135	0.969202
119	144	0.984633
119	146	0.980645
119	147	0.952233
119	149	0.94271
119	150	0.975187
119	152	0.989819
119	156	0.955013
119	159	1.17567
119	163	0.961061
119	170	1.07399
119	174	0.984121
119	179	1.03348
120	68	0.974439
120	88	1.04238
120	90	0.962339
120	111	1.01837
120	113	0.990261
120	117	1.03941
120	119	0.988816
120	126	1.01449
120	134	1.03686
120	135	1.00383
120	136	1.03652
120	142	0.96423
120	143	1.00401
120	146	1.01527
120	147	0.986862
120	150	1.00982
120	152	1.02445
120	155	0.9852
120	156	0.989642
120	158	1.03671
120	161	1.00123
120	163	0.99569
120	165	0.926964
120	172	0.951291
120	173	0.988568
120	174	1.01875
121	1	1.06938
121	11	1.05876
121	27	1.01054
121	40	1.07804
121	46	1.06077
121	53	1.01934
121	55	1.02216
121	60	1.02168
121	75	0.976528
121	96	1.00002
121	98	0.981948
121	118	0.919729
121	125	0.99497
121	129	0.998092
121	132	0.985316
121	136	0.931577
121	137	0.963828
121	141	1.02221
121	145	1.00328
121	146	1.00739
121	158	0.926199
121	159	0.965285
121	164	0.988343
121	166	0.999309
121	173	1.03607
121	175	0.967784
122	2	0.929733
122	15	0.881953
122	100	0.905452
122	108	0.969749
122	131	1.00147
122	133	1.01775
122	137	1.0354
122	145	1.01566
122	148	1.00819
122	153	1.03317
122	154	1.0001
122	155	1.00412
122	161	0.999509
122	165	1.01941
122	167	1.01664
122	168	1.02711
122	169	1.00097
122	170	0.999325
122	172	1.057
122	173	1.00689
122	174	1.02143
122	176	1.01938
122	177	1.00342
122	178	1.00377
122	179	1.0138
122	180	1.0035
123	49	1.05708
123	61	1.0194
123	66	0.983494
123	70	1.01976
123	84	1.06153
123	87	1.03749
123	91	0.949551
123	99	0.986912
123	105	0.892984
123	109	1.01434
123	116	0.929877
123	125	1.01704
123	139	1.00022
123	140	1.00429
123	142	0.984563
123	148	1.01832
123	151	1.00039
123	157	1.00133
123	158	1.03363
123	162	1.01241
123	164	0.982386
123	168	1.01055
123	171	1.00717
123	172	1.00083
123	176	0.980595
123	177	0.993387
124	2	1.09684
124	9	0.99082
124	16	0.824664
124	20	0.825042
124	37	1.05331
124	61	1.06217
124	87	1.08025
124	88	0.865145
124	91	0.992312
124	100	1.10216
124	106	0.876416
124	132	1.05448
124	139	1.04298
124	140	1.04705
124	142	1.02732
124	147	0.94407
124	148	1.06108
124	151	1.04315
124	157	1.04409
124	162	1.05517
124	165	0.92329
124	167	0.94602
124	168	1.05331
124	169	0.96721
124	171	1.04993
124	172	1.04359
124	179	0.933343
125	21	1.04746
125	42	0.957041
125	53	1.00663
125	56	1.01157
125	59	1.01347
125	66	0.981624
125	75	0.963818
125	77	0.972681
125	78	1.05406
125	89	1.01972
125	98	0.969238
125	104	0.903086
125	121	0.99497
125	123	1.01704
125	131	1.07286
125	136	0.995759
125	141	1.0095
125	145	0.990574
125	146	0.994681
125	158	0.990381
125	159	0.952575
125	164	0.975633
125	166	0.986598
125	167	1.06138
125	171	1.03533
125	174	0.998158
125	175	1.03197
126	83	0.963308
126	102	1.03402
126	106	1.01094
126	118	1.01796
126	120	1.01449
126	128	1.19263
126	130	0.982033
126	133	0.980952
126	137	0.9986
126	142	1.10996
126	144	1.00002
126	152	1.00138
126	153	0.996376
126	154	0.963309
126	155	0.967327
126	161	0.962714
126	164	1.09152
126	165	0.982613
126	167	0.979845
126	169	0.964172
126	170	0.96253
126	173	0.970091
126	174	0.984633
126	176	0.982581
126	177	0.966628
126	178	0.966978
126	179	0.977009
126	180	0.966706
127	14	0.885553
127	23	0.889686
127	47	1.06888
127	69	0.997344
127	91	0.960376
127	113	1.02632
127	118	0.96238
127	129	1.01372
127	141	1.03784
127	143	0.983453
127	145	1.01891
127	147	1.0379
127	148	1.02914
127	150	0.965018
127	152	0.9458
127	159	0.980912
127	160	1.02992
127	162	1.02323
127	163	0.996646
127	164	1.00397
127	165	1.02447
127	166	1.01494
127	167	1.02171
127	171	1.01799
127	173	1.01195
127	177	1.00849
127	178	1.00884
127	179	1.01887
127	180	1.00857
128	14	1.01977
128	16	1.00649
128	23	1.01306
128	26	0.976598
128	48	1.00213
128	52	0.977545
128	57	0.98244
128	72	0.909412
128	74	1.04804
128	85	0.928026
128	92	1.14881
128	106	1.05824
128	111	0.960055
128	115	1.16079
128	118	0.982611
128	119	0.930503
128	126	1.19263
128	133	1.12236
128	135	0.945517
128	144	0.960949
128	147	0.928549
128	149	0.919026
128	150	0.951503
128	152	0.966135
128	156	0.931329
128	158	0.978397
128	163	0.937377
128	165	1.10511
128	174	0.960437
129	7	0.924499
129	11	1.04917
129	31	1.01195
129	33	1.00658
129	42	0.960163
129	43	1.12815
129	46	1.05118
129	53	1.00975
129	56	1.01469
129	58	0.997599
129	75	0.966941
129	76	1.1144
129	78	1.05719
129	95	0.992252
129	98	0.97236
129	121	0.998092
129	127	1.01372
129	141	1.01262
129	145	0.993697
129	146	0.997804
129	158	0.911808
129	164	0.978756
129	165	0.960079
129	166	0.989721
129	168	0.954512
129	169	1.004
129	174	1.00128
129	175	0.953392
129	178	1.01215
129	179	0.970131
130	14	0.91301
130	48	0.858805
130	78	0.964157
130	84	0.935652
130	91	1.17883
130	103	0.987681
130	109	1.00695
130	126	0.982033
130	131	0.991502
130	133	1.00777
130	137	1.02542
130	138	1.01456
130	142	1.08184
130	150	0.992476
130	153	1.0232
130	154	0.990132
130	155	0.99415
130	161	0.989536
130	164	1.0634
130	165	1.00944
130	167	1.00667
130	169	0.990995
130	170	0.989353
130	173	0.996914
130	175	1.00668
130	176	1.0094
130	177	0.993451
130	178	0.993801
130	179	1.00383
130	180	0.993528
131	39	1.14229
131	49	0.929279
131	96	1.06808
131	110	0.99549
131	112	0.999095
131	122	1.00147
131	125	1.07286
131	130	0.991502
131	133	0.990421
131	138	0.997208
131	145	1.00237
131	146	1.02107
131	147	1.04016
131	153	1.00584
131	154	0.972778
131	155	0.976796
131	157	1.00233
131	161	0.972182
131	165	0.992082
131	167	0.989314
131	168	1.01382
131	169	0.973641
131	170	0.971999
131	173	0.97956
131	174	0.994102
131	175	0.98933
131	176	0.99205
131	177	0.976097
131	178	0.976447
131	179	0.986477
131	180	0.976175
132	2	1.04852
132	30	1.01461
132	36	1.00851
132	37	1.00498
132	41	1.094
132	81	0.958846
132	83	1.06022
132	91	0.943985
132	101	0.978493
132	104	0.860455
132	108	1.04002
132	117	0.905813
132	121	0.985316
132	124	1.05448
132	137	0.98538
132	139	0.994654
132	140	0.998721
132	142	0.978998
132	148	1.01275
132	149	0.998787
132	151	0.994826
132	156	1.00405
132	157	0.995762
132	158	1.02806
132	159	0.964521
132	160	1.01353
132	162	1.00684
132	167	1.01875
132	168	1.00499
132	169	1.03994
132	171	1.0016
132	172	0.995267
132	175	1.00533
133	20	0.904171
133	62	1.02779
133	94	0.830487
133	104	1.05792
133	122	1.01775
133	126	0.980952
133	128	1.12236
133	130	1.00777
133	131	0.990421
133	137	1.02434
133	138	1.01348
133	140	0.989
133	143	0.968751
133	146	1.0041
133	149	1.00518
133	153	1.02212
133	154	0.989051
133	155	0.993069
133	161	0.988455
133	164	1.02124
133	165	1.00835
133	166	1.01639
133	167	1.00559
133	169	0.989914
133	170	0.988272
133	172	1.02675
133	173	0.995832
133	174	1.01037
133	176	1.00832
133	177	0.992369
133	178	0.99272
133	179	1.00275
133	180	0.992447
134	3	1.08236
134	4	1.14554
134	13	1.083
134	37	0.873387
134	38	1.03953
134	48	1.07385
134	68	0.907908
134	69	0.932318
134	73	0.950161
134	74	1.11976
134	90	0.97575
134	97	1.0177
134	99	0.927552
134	105	1.05289
134	117	1.05282
134	118	1.05433
134	119	1.00223
134	120	1.03686
134	135	1.01724
134	136	1.04993
134	143	1.01742
134	144	1.03267
134	147	1.00027
134	149	0.990749
134	150	1.02323
134	152	1.03786
134	154	0.924599
134	156	1.00305
134	162	0.853105
134	163	1.0091
134	173	0.922037
134	175	1.02739
134	176	0.877466
134	177	0.890258
135	3	1.04934
135	19	0.958601
135	21	0.974159
135	38	1.0065
135	57	1.02114
135	64	0.978573
135	85	0.966725
135	87	0.961348
135	90	0.942725
135	93	1.0707
135	97	0.984673
135	107	1.02011
135	111	0.998754
135	113	0.970646
135	118	1.02131
135	119	0.969202
135	120	1.00383
135	128	0.945517
135	134	1.01724
135	136	1.01691
135	137	1.01415
135	143	0.9844
135	144	0.999648
135	147	0.967248
135	150	0.990202
135	152	1.00483
135	153	0.999471
135	156	0.970027
135	160	0.994179
135	163	0.976076
135	173	1.0864
135	175	0.994364
135	178	1.07687
135	180	1.07079
136	6	0.949049
136	11	0.905355
136	29	0.958492
136	33	0.933861
136	53	0.906474
136	69	1.01417
136	75	1.03707
136	89	0.92726
136	97	1.01736
136	107	1.05281
136	120	1.03652
136	121	0.931577
136	125	0.995759
136	134	1.04993
136	135	1.01691
136	137	1.04579
136	140	1.02044
136	142	1.00072
136	143	1.01709
136	145	0.925271
136	151	1.01655
136	152	1.03753
136	156	1.00272
136	157	1.01749
136	160	1.03525
136	164	0.961107
136	167	1.02704
136	168	1.02671
136	172	1.01699
136	173	1.01729
136	176	1.02978
136	177	1.01382
136	178	1.01417
136	179	1.0242
136	180	1.0139
137	37	0.987488
137	63	1.04238
137	74	0.832497
137	78	0.894113
137	85	1.0423
137	108	0.911612
137	110	1.02941
137	121	0.963828
137	122	1.0354
137	126	0.9986
137	130	1.02542
137	132	0.98538
137	133	1.02434
137	135	1.01415
137	136	1.04579
137	138	1.03113
137	143	0.940866
137	153	1.03976
137	154	1.0067
137	155	1.01072
137	161	1.0061
137	163	0.95406
137	165	1.026
137	167	1.02323
137	168	0.968968
137	169	1.00756
137	170	1.00592
137	173	1.01348
137	174	1.02802
137	175	1.02325
137	176	1.02597
137	177	1.01002
137	178	1.01037
137	179	1.0204
137	180	1.0101
138	65	1.04776
138	70	1.00694
138	79	1.02429
138	93	1.01413
138	99	1.03441
138	103	0.993387
138	116	1.06383
138	130	1.01456
138	131	0.997208
138	133	1.01348
138	137	1.03113
138	139	0.960586
138	140	0.953876
138	143	0.933628
138	145	0.950284
138	149	0.97006
138	151	0.976098
138	153	1.0289
138	154	0.995837
138	155	0.999856
138	156	0.975327
138	159	0.971579
138	161	0.995242
138	162	0.959968
138	165	1.01514
138	167	1.01237
138	169	0.9967
138	170	0.995058
138	173	1.00262
138	174	1.01716
138	175	1.01239
138	176	1.01511
138	177	0.999156
138	178	0.999506
138	179	1.00954
138	180	0.999234
139	9	0.930997
139	24	0.992548
139	31	0.997013
139	32	0.990465
139	35	1.0096
139	45	1.20191
139	54	1.01865
139	62	0.943982
139	65	0.975569
139	83	1.04873
139	84	1.04447
139	94	1.08198
139	99	0.969849
139	100	1.04234
139	101	0.966996
139	106	0.931592
139	109	0.997279
139	113	0.987661
139	115	0.985227
139	123	1.00022
139	124	1.04298
139	132	0.994654
139	138	0.960586
139	140	0.987224
139	142	0.967501
139	146	0.99513
139	148	1.00126
139	151	0.983329
139	157	0.984265
139	158	1.01657
139	160	1.00203
139	162	0.995347
