1	99	1.13852
1	121	0.896448
1	136	0.91921
1	137	0.9192
1	138	0.899562
1	139	0.930833
1	140	0.92096
1	169	1.76752
1	171	0.923892
1	174	1.92968
1	175	1.81939
1	179	0.792342
2	25	0.917236
2	30	0.910015
2	53	1.19546
2	60	0.84171
2	71	0.863988
2	73	0.952102
2	76	0.941924
2	80	1.13298
2	92	0.924346
2	159	0.85109
2	169	1.98376
2	179	2.31382
3	84	0.846831
3	87	0.819366
3	94	0.842142
3	95	0.84476
3	100	0.822387
3	129	1.85345
3	159	2.02695
3	160	2.29898
3	171	0.844052
3	173	0.761879
3	178	0.708457
3	179	0.712502
4	29	0.934063
4	42	0.896357
4	65	0.949509
4	98	0.895784
4	104	0.904634
4	124	0.98856
4	144	1.21203
4	158	1.70376
4	173	0.855469
4	176	0.775946
4	178	1.88692
4	180	1.85398
5	8	0.944943
5	18	0.923101
5	53	1.10784
5	60	0.834928
5	71	0.857206
5	73	0.94532
5	76	0.935142
5	92	0.917564
5	156	1.31734
5	157	2.10436
5	159	0.844308
5	163	2.11098
6	77	1.12072
6	98	1.17277
6	115	0.823991
6	116	0.866393
6	120	1.08265
6	138	0.844743
6	140	0.866141
6	152	0.856025
6	158	0.770753
6	176	0.707377
6	177	0.738776
6	180	0.727023
7	17	1.48876
7	66	0.815908
7	86	0.885114
7	120	0.858798
7	128	0.915747
7	138	0.979596
7	159	0.81638
7	173	0.805095
7	175	0.764646
7	177	0.756971
7	178	0.751673
7	180	0.745218
8	5	0.944943
8	36	0.894653
8	37	0.994658
8	71	0.867276
8	73	0.955389
8	76	0.945211
8	92	0.927634
8	125	0.811122
8	141	1.78146
8	149	1.57178
8	159	0.854377
8	163	2.31334
9	16	0.867495
9	33	0.794205
9	103	0.832723
9	105	0.777164
9	108	0.815073
9	120	0.789587
9	122	0.821742
9	155	1.59681
9	171	0.818057
9	174	2.24033
9	177	2.37231
9	178	0.682463
10	19	0.920938
10	103	0.951335
10	105	0.895777
10	108	0.933685
10	109	0.926002
10	120	0.9082
10	134	1.60933
10	135	1.48643
10	144	1.7917
10	159	0.865782
10	173	1.76426
10	178	0.801075
11	38	0.596147
11	102	0.941173
11	107	0.877835
11	116	0.926834
11	123	0.93124
11	127	0.905064
11	128	0.930101
11	130	0.919357
11	151	1.86873
11	154	1.83241
11	175	2.30281
11	176	0.767818
12	51	0.876659
12	56	0.890663
12	103	0.945144
12	120	0.902009
12	122	0.934163
12	134	1.85522
12	146	1.58999
12	150	1.46293
12	151	0.863586
12	156	1.75742
12	159	0.859591
12	171	0.930479
13	89	0.782256
13	117	0.805082
13	121	0.785009
13	126	0.798214
13	136	0.807771
13	137	0.807762
13	138	0.788123
13	139	0.819394
13	140	0.809521
13	153	2.03369
13	156	1.60935
13	178	2.5644
14	68	1.029
14	82	0.843482
14	126	0.67375
14	156	0.976962
14	160	0.923931
14	163	0.90192
14	171	0.408127
14	172	0.851305
14	174	0.89778
14	175	0.890914
14	177	0.883239
14	180	0.871486
15	81	0.90437
15	87	0.931698
15	90	1.3696
15	94	0.954473
15	100	0.934718
15	132	1.69745
15	148	1.59901
15	170	1.95433
15	171	0.956384
15	173	0.874211
15	178	0.820789
15	179	0.824834
16	9	0.867495
16	51	0.891136
16	74	0.894927
16	101	0.956802
16	105	0.904063
16	109	0.934288
16	143	1.51979
16	150	1.39731
16	160	2.02582
16	166	1.71066
16	171	0.944956
16	178	0.809361
17	7	1.48876
17	70	0.824667
17	116	0.831879
17	118	0.822567
17	123	0.836284
17	127	0.810109
17	128	0.835145
17	130	0.824401
17	159	2.12884
17	161	2.11901
17	169	0.740596
17	176	0.672862
18	5	0.923101
18	31	0.887502
18	36	0.872812
18	60	0.823155
18	71	0.845434
18	76	0.923369
18	85	1.22461
18	92	0.905792
18	125	0.78928
18	151	1.87493
18	154	1.83861
18	159	0.832535
18	164	2.13311
19	10	0.920938
19	71	0.821797
19	92	0.882155
19	93	1.15034
19	101	0.891632
19	109	0.869118
19	127	0.855337
19	128	0.880373
19	130	0.869629
19	159	0.808899
19	170	1.63933
19	173	1.78206
19	180	2.45145
20	81	0.864183
20	84	0.918975
20	87	0.891511
20	90	1.15149
20	95	0.916904
20	100	0.894531
20	162	2.05339
20	168	1.64484
20	169	2.20501
20	171	0.916197
20	173	0.834024
20	178	0.780602
20	179	0.784647
21	24	0.950366
21	78	0.951667
21	120	0.586528
21	123	0.913179
21	158	0.875292
21	160	0.884007
21	161	0.929454
21	167	0.86603
21	172	0.811381
21	173	0.891439
21	174	0.857856
21	175	0.85099
21	180	0.831561
22	78	0.970113
22	116	0.815782
22	117	0.908539
22	136	0.67993
22	145	0.845012
22	164	0.878504
22	166	0.922908
22	168	0.912076
22	170	0.901651
22	172	0.811366
22	175	0.850975
22	177	0.8433
22	180	0.831546
23	34	0.894352
23	82	0.902402
23	86	0.908736
23	98	0.869033
23	110	0.779042
23	124	0.961809
23	154	1.27147
23	155	0.840513
23	169	0.816928
23	173	0.828718
23	175	1.74187
23	177	1.98413
23	178	2.06625
24	21	0.950366
24	72	0.991079
24	83	0.872005
24	97	0.880213
24	117	0.882302
24	126	0.875434
24	137	0.884981
24	138	0.865342
24	139	0.896613
24	140	0.886741
24	166	1.88443
24	177	2.7385
24	179	0.758123
25	2	0.917236
25	30	0.878814
25	31	0.874855
25	60	0.810509
25	73	0.920901
25	76	0.910723
25	92	0.893145
25	125	0.776633
25	148	1.28628
25	153	1.95593
25	159	0.819889
25	168	1.55022
25	174	2.27255
26	117	0.882448
26	121	0.862375
26	126	0.87558
26	136	0.885136
26	138	0.865488
26	139	0.896759
26	140	0.886886
26	146	1.04609
26	150	0.919029
26	171	0.889819
26	172	2.96631
26	179	0.758269
26	180	2.13563
27	57	0.808316
27	78	1.10475
27	137	0.650242
27	140	0.789121
27	141	0.906364
27	156	0.921117
27	157	0.851997
27	162	0.868294
27	164	0.862598
27	165	0.838148
27	167	0.850109
27	170	0.885745
27	180	0.81564
28	50	0.930556
28	77	0.807896
28	107	1.01854
28	146	0.934405
28	154	0.901804
28	161	0.912805
28	165	0.837419
28	168	0.895441
28	171	0.562472
28	174	0.841207
28	175	0.834341
28	177	0.826665
28	180	0.814912
29	4	0.934063
29	48	0.877274
29	50	0.927151
29	82	0.883451
29	98	0.850082
29	99	1.26857
29	104	0.858932
29	124	0.942858
29	168	1.3374
29	169	0.797977
29	176	0.730243
29	177	2.1917
29	180	2.24089
30	2	0.910015
30	25	0.878814
30	31	0.867634
30	60	0.803288
30	71	0.825566
30	73	0.91368
30	76	0.903502
30	92	0.885924
30	135	1.77936
30	148	1.55915
30	155	1.9019
30	159	0.812668
30	168	1.82309
31	18	0.887502
31	25	0.874855
31	30	0.867634
31	36	0.848985
31	71	0.821607
31	73	0.90972
31	76	0.899542
31	92	0.881965
31	143	0.962836
31	159	0.808708
31	173	1.38757
31	176	2.68771
31	179	2.0437
32	39	0.852892
32	44	0.862173
32	107	0.83892
32	115	0.845517
32	116	0.887919
32	118	0.878608
32	127	0.866149
32	128	0.891186
32	130	0.880441
32	132	1.27087
32	157	2.20477
32	167	2.13471
32	168	1.43637
33	9	0.794205
33	74	0.821637
33	101	0.883512
33	103	0.886331
33	105	0.830773
33	109	0.860998
33	120	0.843196
33	122	0.875351
33	141	2.01541
33	143	1.58165
33	144	2.03382
33	155	1.85109
33	171	0.871666
33	178	0.736071
34	23	0.894352
34	45	0.878551
34	55	0.921121
34	80	1.36085
34	88	0.86151
34	98	0.837122
34	124	0.929898
34	125	0.764836
34	142	0.799828
34	164	2.0876
34	166	1.6517
34	167	2.3498
34	173	0.796807
34	176	0.717283
35	59	1.11703
35	102	0.881009
35	107	0.817672
35	114	1.56788
35	115	0.824269
35	116	0.866671
35	118	0.85736
35	123	0.871076
35	127	0.844901
35	128	0.869937
35	130	0.859193
35	154	1.99332
35	176	0.707655
35	178	2.7881
36	8	0.894653
36	18	0.872812
36	31	0.848985
36	60	0.784638
36	71	0.806917
36	72	1.28831
36	73	0.89503
36	76	0.884852
36	91	1.4807
36	92	0.867275
36	125	0.750763
36	155	2.26024
36	159	0.794018
36	173	2.41553
37	8	0.994658
37	65	1.07903
37	95	0.850306
37	123	1.30334
37	150	0.946575
37	154	0.864632
37	156	0.883217
37	166	0.869102
37	168	0.858269
37	170	0.847844
37	172	0.75756
37	174	0.804035
37	177	0.789493
37	180	0.77774
38	11	0.596147
38	41	1.3793
38	100	0.906665
38	117	0.729299
38	160	0.948263
38	162	0.948471
38	164	0.942775
38	165	0.918324
38	167	0.930285
38	168	0.976346
38	171	0.218383
38	174	0.922112
38	175	0.915246
38	180	0.895817
39	32	0.852892
39	52	0.894101
39	75	0.825067
39	78	0.873386
39	107	0.806132
39	114	1.72913
39	118	0.84582
39	123	0.859536
39	127	0.833361
39	130	0.847653
39	135	1.9692
39	150	1.69981
39	159	2.0563
39	169	0.763848
40	69	0.999573
40	126	0.941388
40	133	0.812942
40	136	0.950945
40	137	0.950936
40	138	0.931297
40	139	0.962568
40	140	0.952695
40	147	1.29532
40	151	0.888734
40	160	1.44815
40	169	1.69292
40	176	2.66698
40	179	0.824077
41	38	1.3793
41	61	1.44794
41	89	0.82889
41	91	1.77319
41	97	0.849628
41	113	0.870933
41	132	2.30842
41	136	0.854406
41	137	0.854396
41	138	0.834758
41	139	0.866028
41	140	0.856156
41	171	0.859088
41	179	0.727538
42	4	0.896357
42	45	0.853804
42	54	0.910468
42	55	0.896374
42	65	0.866101
42	80	1.59408
42	104	0.821226
42	106	1.45523
42	110	0.722385
42	124	0.905152
42	148	1.62075
42	169	0.76027
42	173	0.77206
42	179	2.77492
43	50	0.92658
43	54	0.947604
43	86	0.889214
43	88	0.873899
43	98	0.849511
43	110	0.75952
43	155	0.820991
43	158	2.19952
43	161	1.4798
43	166	1.44649
43	169	0.797406
43	173	0.809196
43	176	0.729672
43	179	2.33648
44	32	0.862173
44	52	0.903382
44	107	0.815413
44	115	0.82201
44	118	0.855101
44	123	0.868817
44	127	0.842642
44	128	0.867679
44	130	0.856934
44	143	1.72044
44	146	1.72502
44	154	2.05272
44	155	1.98988
44	176	0.705396
45	34	0.878551
45	42	0.853804
45	55	0.93723
45	58	0.954738
45	79	0.857179
45	86	0.892935
45	98	0.853232
45	125	0.780946
45	153	1.92002
45	167	2.21265
45	169	0.801126
45	173	0.812916
45	176	0.733393
45	179	2.40454
46	64	0.832964
46	81	0.835818
46	84	0.89061
46	94	0.885922
46	95	0.888539
46	100	0.866166
46	106	1.29995
46	141	1.97254
46	160	2.04481
46	162	2.13795
46	171	0.887832
46	173	0.805659
46	178	0.752237
46	179	0.756282
47	56	0.834844
47	77	0.834127
47	90	1.48369
47	101	0.886505
47	105	0.833766
47	108	0.871675
47	120	0.846189
47	122	0.878344
47	146	1.79099
47	147	2.13962
47	155	2.05586
47	159	0.803771
47	171	0.874659
47	178	0.739064
48	29	0.877274
48	50	0.916064
48	79	0.842942
48	82	0.872364
48	104	0.847845
48	124	0.931771
48	145	2.74527
48	150	1.15938
48	155	0.810475
48	168	1.47249
48	169	0.78689
48	173	0.79868
48	175	2.08453
48	176	0.719156
49	53	1.67572
49	89	0.81676
49	97	0.837498
49	121	0.819514
49	126	0.832719
49	136	0.842276
49	137	0.842266
49	138	0.822628
49	139	0.853898
49	140	0.844026
49	146	1.7178
49	155	0.77658
49	162	2.3124
49	173	2.13795
49	179	0.715408
50	28	0.930556
50	29	0.927151
50	43	0.92658
50	48	0.916064
50	82	0.922241
50	88	0.91326
50	98	0.888872
50	104	0.897722
50	124	0.981648
50	143	1.49045
50	152	1.71417
50	153	2.0868
50	155	0.860352
50	156	1.66246
50	176	0.769034
51	12	0.876659
51	16	0.891136
51	56	0.801883
51	77	0.801165
51	90	1.29744
51	103	0.856363
51	105	0.800805
51	108	0.838713
51	111	1.95679
51	120	0.813228
51	122	0.845383
51	159	0.77081
51	170	1.88217
51	178	0.706103
51	180	2.69428
52	39	0.894101
52	44	0.903382
52	115	0.886726
52	116	0.929128
52	118	0.919817
52	123	0.933533
52	127	0.907358
52	128	0.932395
52	130	0.92165
52	143	1.20272
52	153	1.79907
52	155	1.47217
52	157	2.16175
52	160	1.70876
52	176	0.770112
53	2	1.19546
53	5	1.10784
53	49	1.67572
53	83	1.66508
53	147	0.875928
53	157	0.81436
53	161	0.875896
53	162	0.830657
53	163	0.808437
53	167	0.812471
53	168	0.858533
53	172	0.757823
53	175	0.797432
53	177	0.789756
53	180	0.778003
54	42	0.910468
54	43	0.947604
54	79	0.913843
54	93	1.78515
54	98	0.909895
54	104	0.918745
54	109	0.0615957
54	112	1.72326
54	124	1.00267
54	144	2.4443
54	155	0.881375
54	166	2.183
54	169	0.85779
54	173	0.86958
54	176	0.790057
55	34	0.921121
55	42	0.896374
55	45	0.93723
55	65	0.949527
55	86	0.935505
55	88	0.920189
55	98	0.895801
55	104	0.904652
55	151	1.4067
55	155	0.867281
55	156	1.21011
55	162	1.63728
55	167	1.92708
55	176	0.775963
55	178	2.16516
56	12	0.890663
56	47	0.834844
56	51	0.801883
56	74	0.805674
56	105	0.81481
56	109	0.845035
56	122	0.859388
56	150	1.53887
56	151	0.78881
56	154	1.99363
56	159	0.784815
56	166	1.85222
56	171	0.855703
56	175	2.46403
56	178	0.720108
57	27	0.808316
57	89	0.849971
57	97	0.870708
57	111	1.75506
57	113	0.892013
57	117	0.872797
57	126	0.865929
57	133	1.26926
57	136	0.875486
57	137	0.875476
57	138	0.855838
57	139	0.887108
57	140	0.877236
57	145	2.86185
57	156	1.57044
57	171	0.880168
58	45	0.954738
58	69	0.865429
58	92	0.815003
58	126	1.01905
58	133	1.00813
58	137	0.871417
58	148	0.944983
58	160	0.863482
58	161	0.908929
58	167	0.845504
58	168	0.891565
58	170	0.88114
58	172	0.790856
58	175	0.830465
58	177	0.822789
58	180	0.811036
59	35	1.11703
59	71	0.802683
59	82	1.01372
59	119	0.815961
59	122	0.759948
59	145	0.839189
59	149	0.93607
59	154	0.912616
59	160	0.878169
59	166	0.917086
59	167	0.860192
59	170	0.895828
59	174	0.852018
59	175	0.845153
59	177	0.837477
59	180	0.825724
60	2	0.84171
60	5	0.834928
60	18	0.823155
60	25	0.810509
60	30	0.803288
60	36	0.784638
60	71	0.75726
60	73	0.845374
60	76	0.835196
60	92	0.817618
60	106	1.48185
60	125	0.701106
60	135	1.86758
60	159	0.744362
60	164	2.34745
60	165	2.55261
61	41	1.44794
61	67	1.08736
61	93	0.989241
61	102	0.718711
61	117	0.797941
61	127	0.577583
61	146	0.947904
61	157	0.864768
61	162	0.881064
61	164	0.875369
61	167	0.862879
61	172	0.80823
61	174	0.854705
61	175	0.847839
61	177	0.840164
61	180	0.828411
62	64	0.809076
62	81	0.811931
62	84	0.866723
62	87	0.839259
62	94	0.862034
62	95	0.864652
62	100	0.842279
62	106	1.32508
62	112	1.29503
62	145	3.02732
62	164	2.19068
62	171	0.863945
62	173	0.781772
62	178	0.72835
62	179	0.732395
63	77	0.854079
63	103	0.909277
63	105	0.853718
63	106	0.881521
63	108	0.891627
63	109	0.883943
63	120	0.866141
63	122	0.898296
63	131	0.91162
63	133	0.6019
63	158	1.67497
63	164	1.35785
63	171	0.894611
63	172	2.65587
63	176	2.45594
63	178	0.759017
64	46	0.832964
64	62	0.809076
64	81	0.788635
64	84	0.843428
64	87	0.815963
64	94	0.838739
64	95	0.841357
64	100	0.818984
64	142	2.04942
64	159	1.89732
64	168	1.85395
64	171	0.840649
64	173	0.758477
64	175	2.46599
64	178	0.705055
64	179	0.7091
65	4	0.949509
65	37	1.07903
65	42	0.866101
65	55	0.949527
65	82	0.898898
65	88	0.889916
65	98	0.865528
65	124	0.958304
65	142	0.828234
65	143	1.43206
65	154	1.76434
65	155	0.837008
65	159	1.66607
65	169	0.813423
65	174	2.34502
65	176	0.74569
66	7	0.815908
66	76	1.52246
66	107	1.98322
66	124	1.48891
66	150	0.850942
66	160	0.734552
66	164	0.729065
66	166	0.773469
66	168	0.762636
66	169	0.730195
66	170	0.752211
66	172	0.661926
66	174	0.708401
66	175	0.701536
66	177	0.69386
66	180	0.682107
67	61	1.08736
67	70	0.876996
67	75	0.854144
67	80	1.82274
67	107	0.835208
67	111	2.27934
67	112	1.65384
67	115	0.841805
67	116	0.884207
67	118	0.874896
67	123	0.888612
67	127	0.862437
67	128	0.887474
67	130	0.876729
67	133	1.79354
67	169	0.792924
67	176	0.725191
68	14	1.029
68	78	0.891032
68	102	0.887114
68	115	0.830374
68	116	0.872776
68	118	0.863465
68	119	0.890872
68	123	0.877181
68	127	0.851006
68	128	0.876043
68	130	0.865298
68	132	1.76838
68	150	1.62077
68	160	2.24929
68	161	1.96743
68	169	0.781493
68	176	0.71376
69	40	0.999573
69	58	0.865429
69	106	0.995548
69	113	0.95131
69	121	0.91202
69	126	0.925225
69	136	0.934782
69	137	0.934772
69	138	0.915134
69	139	0.946405
69	140	0.936532
69	152	1.45809
69	159	1.46838
69	163	2.20002
69	171	0.939464
69	174	2.14733
69	179	0.807914
70	17	0.824667
70	67	0.876996
70	78	0.901203
70	85	0.857119
70	102	0.897285
70	107	0.833948
70	115	0.840545
70	123	0.887352
70	125	1.79979
70	127	0.861177
70	128	0.886214
70	130	0.875469
70	158	2.08275
70	169	0.791664
70	176	0.723931
70	177	2.18378
70	179	2.21971
71	2	0.863988
71	5	0.857206
71	8	0.867276
71	18	0.845434
71	19	0.821797
71	30	0.825566
71	31	0.821607
71	36	0.806917
71	59	0.802683
71	60	0.75726
71	73	0.867652
71	76	0.857474
71	92	0.839897
71	142	1.7328
71	157	2.30572
71	159	0.766641
71	164	1.97347
71	174	2.25966
72	24	0.991079
72	36	1.28831
72	83	1.00009
72	103	0.680913
72	115	0.699454
72	121	0.774062
72	153	0.923211
72	159	0.935608
72	162	0.917099
72	163	0.894879
72	165	0.886952
72	168	0.944975
72	170	0.93455
72	172	0.844265
72	174	0.89074
72	175	0.883874
72	177	0.876198
72	180	0.864445
73	2	0.952102
73	5	0.94532
73	8	0.955389
73	25	0.920901
73	30	0.91368
73	31	0.90972
73	36	0.89503
73	60	0.845374
73	71	0.867652
73	92	0.928011
73	125	0.811498
73	151	1.38464
73	159	0.854754
73	162	1.61522
73	164	1.64281
73	173	1.44077
73	175	1.81871
73	179	2.0969
74	16	0.894927
74	33	0.821637
74	56	0.805674
74	77	0.804956
74	101	0.857335
74	103	0.860155
74	108	0.842504
74	109	0.834821
74	120	0.817019
74	122	0.849174
74	131	0.862498
74	147	2.06682
74	148	1.6403
74	151	0.778596
74	152	1.93732
74	155	1.98305
74	159	0.774601
74	168	1.90425
75	39	0.825067
75	67	0.854144
75	78	0.878351
75	102	0.874433
75	107	0.811096
75	110	2.98189
75	115	0.817693
75	118	0.850784
75	123	0.8645
75	125	2.01134
75	127	0.838325
75	128	0.863362
75	130	0.852617
75	133	1.22123
75	142	1.73651
75	159	1.58441
75	169	0.768812
75	176	0.701079
76	2	0.941924
76	5	0.935142
76	8	0.945211
76	18	0.923369
76	25	0.910723
76	30	0.903502
76	31	0.899542
76	36	0.884852
76	60	0.835196
76	66	1.52246
76	71	0.857474
76	92	0.917833
76	129	1.17819
76	135	1.26459
76	158	2.06158
76	159	0.844576
76	165	1.94962
76	173	1.54241
77	6	1.12072
77	28	0.807896
77	47	0.834127
77	51	0.801165
77	63	0.854079
77	74	0.804956
77	101	0.866831
77	105	0.814092
77	108	0.852001
77	109	0.844317
77	120	0.826515
77	122	0.85867
77	131	0.871994
77	145	2.83121
77	161	1.59198
77	167	2.25677
77	171	0.854985
77	178	0.71939
78	21	0.951667
78	22	0.970113
78	27	1.10475
78	39	0.873386
78	68	0.891032
78	70	0.901203
78	75	0.878351
78	102	0.922752
78	107	0.859415
78	116	0.908414
78	118	0.899103
78	127	0.886644
78	128	0.911681
78	130	0.900936
78	156	1.86687
78	169	0.817131
78	170	1.97687
78	173	2.11959
78	176	0.749398
79	45	0.857179
79	48	0.842942
79	54	0.913843
79	86	0.855453
79	88	0.840138
79	98	0.81575
79	104	0.8246
79	124	0.908526
79	125	0.743464
79	142	0.778456
79	143	1.28843
79	144	1.7406
79	149	1.51251
79	155	0.78723
79	169	0.763645
79	172	3.21323
79	173	0.775435
79	174	2.20139
79	176	0.695912
80	2	1.13298
80	34	1.36085
80	42	1.59408
80	67	1.82274
80	128	1.22184
80	148	0.907109
80	162	0.825815
80	163	0.803596
80	164	0.82012
80	165	0.795669
80	166	0.864524
80	168	0.853691
80	170	0.843266
80	172	0.752981
80	174	0.799456
80	175	0.79259
80	177	0.784915
80	178	0.779617
80	180	0.773162
81	15	0.90437
81	20	0.864183
81	46	0.835818
81	62	0.811931
81	64	0.788635
81	84	0.846282
81	87	0.818818
81	94	0.841593
81	95	0.844211
81	100	0.821838
81	110	2.59016
81	151	1.32727
81	155	1.22812
81	163	1.92432
81	171	0.843504
81	172	2.88348
81	173	0.761331
81	178	0.707909
81	179	0.711954
82	14	0.843482
82	23	0.902402
82	29	0.883451
82	48	0.872364
82	50	0.922241
82	59	1.01372
82	65	0.898898
82	86	0.884875
82	88	0.86956
82	98	0.845172
82	99	1.67953
82	104	0.854022
82	124	0.937948
82	142	0.807878
82	151	1.92633
82	156	1.72973
82	169	0.793067
82	173	0.804857
82	176	0.725334
82	180	2.65185
83	24	0.872005
83	53	1.66508
83	72	1.00009
83	96	0.866693
83	113	0.889696
83	117	0.87048
83	121	0.850407
83	123	0.0385062
83	126	0.863611
83	129	1.76309
83	136	0.873168
83	137	0.873159
83	138	0.85352
83	139	0.884791
83	140	0.874918
83	155	0.807473
83	169	2.45339
83	171	0.87785
83	179	0.7463
83	180	2.7967
84	3	0.846831
84	20	0.918975
84	46	0.89061
84	62	0.866723
84	64	0.843428
84	81	0.846282
84	87	0.87361
84	94	0.896386
84	95	0.899004
84	100	0.876631
84	110	2.61025
84	111	1.33539
84	141	1.41252
84	147	1.33197
84	171	0.898296
84	173	0.816123
84	177	2.0237
84	178	0.762701
84	179	0.766746
84	180	2.07288
85	18	1.22461
85	70	0.857119
85	101	1.111
85	103	1.10167
85	108	0.901888
85	139	0.929409
85	147	0.912058
85	153	0.8729
85	156	0.91961
85	157	0.850491
85	158	0.857864
85	163	0.844568
85	165	0.836641
85	166	0.905496
85	167	0.848602
85	170	0.884238
85	172	0.793953
85	175	0.833562
85	177	0.825887
85	180	0.814134
86	7	0.885114
86	23	0.908736
86	43	0.889214
86	45	0.892935
86	55	0.935505
86	79	0.855453
86	82	0.884875
86	104	0.860356
86	124	0.944282
86	125	0.77922
86	133	1.10761
86	147	1.58999
86	152	1.46049
86	155	0.822986
86	169	0.799401
86	173	0.811191
86	175	2.03945
86	176	0.731668
86	177	2.28172
86	179	2.31764
87	3	0.819366
87	15	0.931698
87	20	0.891511
87	62	0.839259
87	64	0.815963
87	81	0.818818
87	84	0.87361
87	94	0.868921
87	95	0.871539
87	100	0.849166
87	131	0.887841
87	144	1.47298
87	159	1.25482
87	165	1.85276
87	167	1.90979
87	169	1.77162
87	171	0.870832
87	172	2.94561
87	173	0.788659
87	178	0.735237
87	179	0.739282
88	34	0.86151
88	43	0.873899
88	50	0.91326
88	55	0.920189
88	65	0.889916
88	79	0.840138
88	82	0.86956
88	98	0.836191
88	124	0.928967
88	125	0.763905
88	134	1.96862
88	142	0.798896
88	155	0.80767
88	165	2.53076
88	168	1.88946
88	169	0.784085
88	170	1.98082
88	171	0.0129224
88	173	0.795875
88	176	0.716352
88	177	2.74376
89	13	0.782256
89	41	0.82889
89	49	0.81676
89	57	0.849971
89	97	0.855861
89	113	0.877166
89	117	0.85795
89	121	0.837877
89	133	1.55464
89	135	1.83071
89	136	0.860638
89	137	0.860629
89	138	0.84099
89	139	0.872261
89	140	0.862388
89	141	2.11757
89	146	1.68838
89	149	1.90789
89	171	0.86532
89	173	2.10854
89	179	0.73377
90	15	1.3696
90	20	1.15149
90	47	1.48369
90	51	1.29744
90	118	1.07004
90	136	1.10196
90	149	0.90445
90	156	0.89958
90	158	0.837834
90	161	0.891996
90	162	0.846757
90	164	0.841062
90	167	0.828572
90	168	0.874633
90	170	0.864208
90	172	0.773923
90	174	0.820398
90	175	0.813532
90	177	0.805857
90	178	0.800559
90	180	0.794104
91	36	1.4807
91	41	1.77319
91	104	1.09617
91	116	1.03044
91	122	0.793864
91	131	0.761826
91	135	0.895542
91	150	0.944387
91	154	0.862444
91	157	0.811909
91	160	0.827998
91	161	0.873445
91	163	0.805986
91	164	0.82251
91	165	0.798059
91	168	0.856082
91	172	0.755372
91	174	0.801847
91	175	0.794981
91	177	0.787306
91	179	0.786053
91	180	0.775552
92	2	0.924346
92	5	0.917564
92	8	0.927634
92	18	0.905792
92	19	0.882155
92	25	0.893145
92	30	0.885924
92	31	0.881965
92	36	0.867275
92	58	0.815003
92	60	0.817618
92	71	0.839897
92	73	0.928011
92	76	0.917833
92	125	0.783743
92	132	1.20908
92	151	1.55254
92	159	0.826999
92	166	1.37481
92	173	1.60867
92	174	2.09691
92	176	2.90882
93	19	1.15034
93	54	1.78515
93	61	0.989241
93	110	0.782449
93	113	0.739752
93	118	1.16578
93	126	1.18101
93	156	0.877723
93	158	0.815977
93	161	0.87014
93	163	0.802681
93	165	0.794754
93	166	0.863609
93	167	0.806715
93	168	0.852776
93	170	0.842351
93	171	0.915391
93	172	0.752067
93	174	0.798542
93	175	0.791676
93	177	0.784
93	180	0.772247
94	3	0.842142
94	15	0.954473
94	46	0.885922
94	62	0.862034
94	64	0.838739
94	81	0.841593
94	84	0.896386
94	87	0.868921
94	95	0.894315
94	100	0.871942
94	119	0.909023
94	131	0.910616
94	145	2.61173
94	152	1.37203
94	156	1.32032
94	157	2.10734
94	162	1.74749
94	165	1.98026
94	168	1.33895
94	171	0.893607
94	173	0.811435
94	178	0.758013
94	179	0.762057
95	3	0.84476
95	20	0.916904
95	37	0.850306
95	46	0.888539
95	62	0.864652
95	64	0.841357
95	81	0.844211
95	84	0.899004
95	87	0.871539
95	94	0.894315
95	100	0.87456
95	119	0.911641
95	131	0.913234
95	141	1.63711
95	153	1.79969
95	169	1.95415
95	170	1.48535
95	171	0.896225
95	173	0.814052
95	175	2.00601
95	177	2.24828
95	178	0.76063
95	179	0.764675
96	83	0.866693
96	97	0.8749
96	113	0.896206
96	117	0.876989
96	121	0.856916
96	126	0.870121
96	131	0.901369
96	136	0.879678
96	137	0.879668
96	138	0.86003
96	139	0.891301
96	140	0.881428
96	151	0.817467
96	155	0.813982
96	156	1.38699
96	160	1.72102
96	161	1.43917
96	163	2.18063
96	169	1.96579
96	171	0.88436
96	173	1.63971
96	174	2.12795
96	179	0.75281
97	24	0.880213
97	41	0.849628
97	49	0.837498
97	57	0.870708
97	89	0.855861
97	96	0.8749
97	113	0.897904
97	117	0.878687
97	136	0.881376
97	137	0.881366
97	138	0.861728
97	139	0.892999
97	140	0.883126
97	145	2.32263
97	154	1.19149
97	155	0.81568
97	161	1.08339
97	169	1.61002
97	171	0.886058
97	174	1.77217
97	176	2.58409
97	177	1.90415
97	179	0.754508
98	4	0.895784
98	6	1.17277
98	23	0.869033
98	29	0.850082
98	34	0.837122
98	43	0.849511
98	45	0.853232
98	50	0.888872
98	54	0.909895
98	55	0.895801
98	65	0.865528
98	79	0.81575
98	82	0.845172
98	88	0.836191
98	104	0.820653
98	124	0.904579
98	146	1.42442
98	148	1.34654
98	153	2.01619
98	161	1.64403
98	165	2.25179
98	173	0.771487
98	176	0.691964
98	178	2.5469
99	1	1.13852
99	29	1.26857
99	82	1.67953
99	103	1.5052
99	109	1.10802
99	132	0.869943
99	140	1.50104
99	141	0.844546
99	143	0.909842
99	145	0.767288
99	154	0.840715
99	157	0.79018
99	158	0.797553
99	160	0.806269
99	165	0.77633
99	166	0.845185
99	167	0.788291
99	170	0.823927
99	172	0.733643
99	174	0.780118
99	175	0.773252
99	176	0.734178
99	177	0.765576
99	180	0.753823
100	3	0.822387
100	15	0.934718
100	20	0.894531
100	38	0.906665
100	46	0.866166
100	62	0.842279
100	64	0.818984
100	81	0.821838
100	84	0.876631
100	87	0.849166
100	94	0.871942
100	95	0.87456
100	119	0.889268
100	131	0.890861
100	146	1.81523
100	148	1.73735
100	149	2.03474
100	150	1.68817
100	151	2.17925
100	161	2.03484
100	171	0.873852
100	173	0.791679
100	178	0.738257
100	179	0.742302
101	16	0.956802
101	19	0.891632
101	33	0.883512
101	47	0.886505
101	74	0.857335
101	77	0.866831
101	85	1.111
101	103	0.922029
101	105	0.866471
101	108	0.904379
101	109	0.896696
101	120	0.878894
101	122	0.911049
101	125	2.05367
101	131	0.924373
101	132	1.41786
101	142	1.77884
101	151	0.840471
101	152	1.61644
101	155	1.66217
101	159	0.836476
101	164	2.01951
101	168	1.58337
101	171	0.907364
101	178	0.771769
102	11	0.941173
102	35	0.881009
102	61	0.718711
102	68	0.887114
102	70	0.897285
102	75	0.874433
102	78	0.922752
102	107	0.855497
102	115	0.862094
102	116	0.904496
102	118	0.895185
102	119	0.922592
102	123	0.908902
102	127	0.882726
102	128	0.907763
102	130	0.897019
102	140	0.128583
102	151	1.92266
102	160	2.0601
102	161	1.77824
102	164	2.18084
102	166	1.74493
102	169	0.813213
102	176	0.74548
102	180	2.64818
103	9	0.832723
103	10	0.951335
103	12	0.945144
103	33	0.886331
103	51	0.856363
103	63	0.909277
103	72	0.680913
103	74	0.860155
103	85	1.10167
103	99	1.5052
103	101	0.922029
103	105	0.86929
103	108	0.907199
103	109	0.899515
103	120	0.881713
103	122	0.913868
103	151	0.84329
103	154	1.71567
103	155	1.65284
103	159	0.839295
103	161	1.60758
103	167	2.27237
103	171	0.910183
103	173	1.80813
103	178	0.774589
104	4	0.904634
104	29	0.858932
104	42	0.821226
104	48	0.847845
104	50	0.897722
104	54	0.918745
104	55	0.904652
104	79	0.8246
104	82	0.854022
104	86	0.860356
104	91	1.09617
104	98	0.820653
104	124	0.913429
104	125	0.748367
104	129	1.66677
104	142	0.783359
104	143	1.60626
104	148	1.53296
104	155	0.792133
104	158	2.55016
104	165	2.43821
104	169	0.768548
104	170	1.88827
104	173	0.780338
104	176	0.700814
105	9	0.777164
105	10	0.895777
105	16	0.904063
105	33	0.830773
105	47	0.833766
105	51	0.800805
105	56	0.81481
105	63	0.853718
105	77	0.814092
105	101	0.866471
105	103	0.86929
105	108	0.85164
105	109	0.843957
105	120	0.826155
105	122	0.85831
105	142	1.6661
105	143	1.27999
105	149	1.50408
105	151	0.787732
105	170	1.562
105	171	0.854625
105	172	3.20479
105	173	1.70472
105	178	0.71903
105	179	2.36085
106	42	1.45523
106	46	1.29995
106	60	1.48185
106	62	1.32508
106	63	0.881521
106	69	0.995548
106	109	0.87176
106	115	0.837346
106	116	0.879748
106	117	1.39447
106	118	0.870437
106	119	0.897844
106	120	0.853958
106	122	0.886113
106	123	0.884153
106	128	0.883015
106	130	0.87227
106	140	1.14041
106	160	0.792823
106	168	0.820907
106	174	0.766672
106	175	0.759806
106	177	0.75213
106	178	0.746833
106	180	0.740377
107	11	0.877835
107	28	1.01854
107	32	0.83892
107	35	0.817672
107	39	0.806132
107	44	0.815413
107	66	1.98322
107	67	0.835208
107	70	0.833948
107	75	0.811096
107	78	0.859415
107	102	0.855497
107	115	0.798757
107	116	0.841159
107	118	0.831848
107	123	0.845564
107	127	0.819389
107	128	0.844426
107	130	0.833681
107	142	1.96455
107	148	1.50513
107	149	1.80252
107	168	1.76907
107	169	0.749876
107	176	0.682143
107	180	2.67256
108	9	0.815073
108	10	0.933685
108	47	0.871675
108	51	0.838713
108	63	0.891627
108	74	0.842504
108	77	0.852001
108	85	0.901888
108	101	0.904379
108	103	0.907199
108	105	0.85164
108	109	0.881865
108	119	0.907949
108	122	0.896218
108	131	0.909542
108	134	1.45342
108	151	0.82564
108	154	1.51589
108	157	2.14264
108	159	0.821645
108	167	2.07259
108	168	1.37425
108	169	1.93442
108	171	0.892533
108	178	0.756939
108	179	2.26448
109	10	0.926002
109	16	0.934288
109	19	0.869118
109	33	0.860998
109	54	0.0615957
109	56	0.845035
109	63	0.883943
109	74	0.834821
109	77	0.844317
109	99	1.10802
109	101	0.896696
109	103	0.899515
109	105	0.843957
109	106	0.87176
109	108	0.881865
109	110	2.6177
109	111	1.34284
109	119	0.900266
109	120	0.85638
109	122	0.888535
109	157	1.94525
109	159	0.813962
109	163	1.95186
109	169	1.73703
109	172	2.91102
109	178	0.749255
110	23	0.779042
110	42	0.722385
110	43	0.75952
110	75	2.98189
110	81	2.59016
110	84	2.61025
110	93	0.782449
110	109	2.6177
110	117	0.756299
110	124	0.814588
110	136	0.758987
110	137	0.758978
110	138	0.739339
110	139	0.77061
110	140	0.760737
110	145	0.635084
110	158	0.665349
110	163	0.652053
110	167	0.656087
110	169	0.669707
110	170	0.691723
110	172	0.601439
110	173	0.681497
110	174	0.647913
110	175	0.641048
110	177	0.633372
110	180	0.621619
111	51	1.95679
111	57	1.75506
111	67	2.27934
111	84	1.33539
111	109	1.34284
111	114	0.837005
111	122	1.66059
111	129	0.849421
111	132	0.829704
111	134	0.819905
111	146	0.833077
111	152	0.842586
111	158	0.757314
111	161	0.811477
111	162	0.766238
111	163	0.744018
111	164	0.760542
111	165	0.736091
111	167	0.748052
111	168	0.794113
111	172	0.693404
111	173	0.773462
111	174	0.739879
111	175	0.733013
111	176	0.693938
111	177	0.725337
111	180	0.713584
112	54	1.72326
112	62	1.29503
112	67	1.65384
112	118	1.10389
112	127	1.14406
112	128	1.05295
112	137	0.971489
112	144	0.846494
112	145	0.771822
112	146	0.87785
112	150	0.927191
112	153	0.817123
112	154	0.845249
112	157	0.794714
112	158	0.802087
112	162	0.81101
112	163	0.788791
112	165	0.780864
112	166	0.849719
112	167	0.792825
112	168	0.838886
112	170	0.828461
112	172	0.738176
112	174	0.784651
112	175	0.777785
112	177	0.77011
112	180	0.758357
113	41	0.870933
113	57	0.892013
113	69	0.95131
113	83	0.889696
113	89	0.877166
113	93	0.739752
113	96	0.896206
113	97	0.897904
113	117	0.899993
113	121	0.879919
113	126	0.893124
113	136	0.902681
113	137	0.902672
113	138	0.883033
113	139	0.914304
113	140	0.904431
113	142	0.828212
113	149	1.17082
113	155	0.836986
113	158	1.89064
113	159	1.18074
113	162	1.54591
113	167	1.83571
113	171	0.907363
113	174	1.8597
113	176	2.67161
113	178	2.07379
113	179	0.775813
114	35	1.56788
114	39	1.72913
114	111	0.837005
114	123	1.56322
114	124	0.990967
114	125	0.762745
114	134	0.841159
114	136	1.31152
114	139	1.11798
114	144	0.822975
114	145	0.748303
114	148	0.868785
114	152	0.86384
114	153	0.793604
114	156	0.840314
114	157	0.771194
114	161	0.83273
114	163	0.765272
114	164	0.781795
114	166	0.826199
114	168	0.815367
114	170	0.804942
114	171	1.02921
114	172	0.714657
114	174	0.761132
114	175	0.754266
114	176	0.715192
114	177	0.746591
114	180	0.734837
115	6	0.823991
115	32	0.845517
115	35	0.824269
115	44	0.82201
115	52	0.886726
115	67	0.841805
115	68	0.830374
115	70	0.840545
115	72	0.699454
115	75	0.817693
115	102	0.862094
115	106	0.837346
115	107	0.798757
115	116	0.847756
115	118	0.838445
115	119	0.865852
115	123	0.852161
115	127	0.825986
115	128	0.851023
115	130	0.840278
115	134	1.67174
115	156	1.57394
115	162	2.00112
115	166	1.59281
115	169	0.756473
115	174	2.3149
115	176	0.68874
115	178	2.52899
115	179	2.4828
116	6	0.866393
116	11	0.926834
116	17	0.831879
116	22	0.815782
116	32	0.887919
116	35	0.866671
116	52	0.929128
116	67	0.884207
116	68	0.872776
116	78	0.908414
116	91	1.03044
116	102	0.904496
116	106	0.879748
116	107	0.841159
116	115	0.847756
116	118	0.880847
116	123	0.894564
116	127	0.868388
116	128	0.893425
116	129	1.60105
116	130	0.88268
116	142	1.92664
116	148	1.46723
116	159	1.77454
116	168	1.73117
116	169	0.798875
116	170	1.82254
116	176	0.731142
116	178	2.66759
117	13	0.805082
117	22	0.908539
117	24	0.882302
117	26	0.882448
117	38	0.729299
117	57	0.872797
117	61	0.797941
117	83	0.87048
117	89	0.85795
117	96	0.876989
117	97	0.878687
117	106	1.39447
117	110	0.756299
117	113	0.899993
117	121	0.860703
117	126	0.873908
117	132	1.65842
117	136	0.883465
117	137	0.883455
117	138	0.863817
117	139	0.895088
117	140	0.885215
117	142	0.808995
117	147	1.9865
117	150	1.51081
117	151	0.821254
117	154	1.96557
117	171	0.888147
117	176	3.35816
117	179	0.756597
118	17	0.822567
118	32	0.878608
118	35	0.85736
118	39	0.84582
118	44	0.855101
118	52	0.919817
118	67	0.874896
118	68	0.863465
118	75	0.850784
118	78	0.899103
118	90	1.07004
118	93	1.16578
118	102	0.895185
118	106	0.870437
118	107	0.831848
118	112	1.10389
118	115	0.838445
118	116	0.880847
118	123	0.885252
118	127	0.859077
118	128	0.884114
118	129	1.43328
118	130	0.873369
118	134	1.64256
118	151	1.74136
118	169	0.789564
118	170	1.65477
118	176	0.721831
118	178	2.49982
118	179	2.45362
119	59	0.815961
119	68	0.890872
119	94	0.909023
119	95	0.911641
119	100	0.889268
119	102	0.922592
119	106	0.897844
119	108	0.907949
119	109	0.900266
119	115	0.865852
119	120	0.882464
119	122	0.914619
119	123	0.912659
119	127	0.886484
119	128	0.91152
119	130	0.900776
119	142	1.74608
119	146	1.36455
119	154	1.69225
119	155	1.62942
119	157	2.319
119	161	1.58415
119	167	2.24894
119	168	1.55061
119	171	0.910934
119	173	0.828761
119	178	0.775339
119	179	0.779384
120	6	1.08265
120	7	0.858798
120	9	0.789587
120	10	0.9082
120	12	0.902009
120	21	0.586528
120	33	0.843196
120	47	0.846189
120	51	0.813228
120	63	0.866141
120	74	0.817019
120	77	0.826515
120	101	0.878894
120	103	0.881713
120	105	0.826155
120	106	0.853958
120	109	0.85638
120	119	0.882464
120	122	0.870733
120	129	1.39024
120	131	0.884057
120	143	1.32972
120	149	1.55381
120	150	1.20724
120	151	0.800155
120	159	0.79616
120	167	2.2187
120	171	0.867048
120	172	3.25453
120	176	3.0546
120	178	0.731453
121	1	0.896448
121	13	0.785009
121	26	0.862375
121	49	0.819514
121	69	0.91202
121	72	0.774062
121	83	0.850407
121	89	0.837877
121	96	0.856916
121	113	0.879919
121	117	0.860703
121	126	0.853835
121	131	0.885083
121	135	1.62345
121	136	0.863392
121	137	0.863382
121	138	0.843744
121	139	0.875014
121	140	0.865142
121	142	0.788922
121	147	1.82976
121	151	0.801181
121	152	1.70026
121	155	0.797696
121	156	1.64855
121	159	1.71055
121	163	2.44219
121	164	2.10332
121	165	2.30849
121	171	0.868074
121	179	0.736524
122	9	0.821742
122	12	0.934163
122	33	0.875351
122	47	0.878344
122	51	0.845383
122	56	0.859388
122	59	0.759948
122	63	0.898296
122	74	0.849174
122	77	0.85867
122	91	0.793864
122	101	0.911049
122	103	0.913868
122	105	0.85831
122	106	0.886113
122	108	0.896218
122	109	0.888535
122	111	1.66059
122	119	0.914619
122	120	0.870733
122	131	0.916212
122	141	1.73772
122	149	1.52804
122	151	0.83231
122	152	1.52767
122	156	1.47596
122	159	0.828315
122	166	1.49483
122	169	2.05477
122	171	0.899203
122	176	3.02883
122	178	0.763608
123	11	0.93124
123	17	0.836284
123	21	0.913179
123	35	0.871076
123	37	1.30334
123	39	0.859536
123	44	0.868817
123	52	0.933533
123	67	0.888612
123	68	0.877181
123	70	0.887352
123	75	0.8645
123	83	0.0385062
123	102	0.908902
123	106	0.884153
123	107	0.845564
123	114	1.56322
123	115	0.852161
123	116	0.894564
123	118	0.885252
123	119	0.912659
123	125	2.31732
123	127	0.872794
123	128	0.89783
123	130	0.887086
123	133	1.52721
123	166	1.84725
123	169	0.803281
123	170	1.93838
123	173	2.08111
123	175	2.45905
123	176	0.735547
124	4	0.98856
124	23	0.961809
124	29	0.942858
124	34	0.929898
124	42	0.905152
124	48	0.931771
124	50	0.981648
124	54	1.00267
124	65	0.958304
124	66	1.48891
124	79	0.908526
124	82	0.937948
124	86	0.944282
124	88	0.928967
124	98	0.904579
124	104	0.913429
124	110	0.814588
124	114	0.990967
124	142	0.867285
124	147	1.43734
124	150	0.961644
124	155	0.876059
124	159	1.31813
124	161	1.30831
124	166	1.275
124	169	0.852474
124	173	0.864264
124	174	1.99709
124	175	1.8868
124	176	0.784741
124	177	2.12906
124	180	2.17825
125	8	0.811122
125	18	0.78928
125	25	0.776633
125	34	0.764836
125	36	0.750763
125	45	0.780946
125	60	0.701106
125	70	1.79979
125	73	0.811498
125	75	2.01134
125	79	0.743464
125	86	0.77922
125	88	0.763905
125	92	0.783743
125	101	2.05367
125	104	0.748367
125	114	0.762745
125	123	2.31732
125	134	0.745645
125	138	2.04661
125	140	2.04018
125	141	0.730047
125	149	0.74967
125	154	0.726216
125	157	0.675681
125	159	0.710486
125	161	0.737216
125	166	0.730686
125	172	0.619143
125	173	0.699202
125	176	0.619678
125	177	0.651077
125	180	0.639324
126	13	0.798214
126	14	0.67375
126	24	0.875434
126	26	0.87558
126	40	0.941388
126	49	0.832719
126	57	0.865929
126	58	1.01905
126	69	0.925225
126	83	0.863611
126	93	1.18101
126	96	0.870121
126	113	0.893124
126	117	0.873908
126	121	0.853835
126	131	0.898288
126	136	0.876597
126	137	0.876587
126	138	0.856949
126	139	0.888219
126	140	0.878347
126	142	0.802127
126	146	1.39258
126	151	0.814386
126	155	0.810901
126	158	2.3319
126	164	2.01477
126	165	2.21994
126	169	2.1388
126	170	1.67
126	171	0.881279
126	173	1.81273
126	179	0.749729
127	11	0.905064
127	17	0.810109
127	19	0.855337
127	32	0.866149
127	35	0.844901
127	39	0.833361
127	44	0.842642
127	52	0.907358
127	61	0.577583
127	67	0.862437
127	68	0.851006
127	70	0.861177
127	75	0.838325
127	78	0.886644
127	102	0.882726
127	107	0.819389
127	112	1.14406
127	115	0.825986
127	116	0.868388
127	118	0.859077
127	119	0.886484
127	123	0.872794
127	128	0.871655
127	129	1.47344
127	130	0.86091
127	135	1.55984
127	142	1.79904
127	160	1.91897
127	161	1.63711
127	169	0.777105
127	175	2.21561
127	176	0.709372
127	177	2.45787
127	180	2.50705
128	7	0.915747
128	11	0.930101
128	17	0.835145
128	19	0.880373
128	32	0.891186
128	35	0.869937
128	44	0.867679
128	52	0.932395
128	67	0.887474
128	68	0.876043
128	70	0.886214
128	75	0.863362
128	78	0.911681
128	80	1.22184
128	102	0.907763
128	106	0.883015
128	107	0.844426
128	112	1.05295
128	115	0.851023
128	116	0.893425
128	118	0.884114
128	119	0.91152
128	123	0.89783
128	127	0.871655
128	130	0.885947
128	133	1.19265
128	144	1.77399
128	156	1.49382
128	162	1.921
128	163	2.28746
128	164	1.9486
128	166	1.51269
128	169	0.802142
128	176	0.734409
128	179	2.40268
129	3	1.85345
129	76	1.17819
129	83	1.76309
129	104	1.66677
129	111	0.849421
129	116	1.60105
129	118	1.43328
129	120	1.39024
129	127	1.47344
129	144	0.835391
129	148	0.881201
129	149	0.8576
129	150	0.916088
129	152	0.876256
129	154	0.834146
129	156	0.85273
129	157	0.78361
129	158	0.790984
129	160	0.799699
129	161	0.845146
129	162	0.799907
129	163	0.777688
129	164	0.794211
129	165	0.769761
129	166	0.838615
129	168	0.827783
129	170	0.817358
129	171	1.18289
129	172	0.727073
129	174	0.773548
129	175	0.766682
129	176	0.727608
129	177	0.759007
129	178	0.753709
129	180	0.747253
130	11	0.919357
130	17	0.824401
130	19	0.869629
130	32	0.880441
130	35	0.859193
130	39	0.847653
130	44	0.856934
130	52	0.92165
130	67	0.876729
130	68	0.865298
130	70	0.875469
130	75	0.852617
130	78	0.900936
130	102	0.897019
130	106	0.87227
130	107	0.833681
130	115	0.840278
130	116	0.88268
130	118	0.873369
130	119	0.900776
130	123	0.887086
130	127	0.86091
130	128	0.885947
130	133	1.11783
130	141	1.68076
130	144	1.69917
130	151	1.61559
130	152	1.47071
130	155	1.51644
130	158	2.1909
130	159	1.481
130	165	2.07894
130	169	0.791397
130	176	0.723664
130	178	2.37405
130	179	2.32786
131	63	0.91162
131	74	0.862498
131	77	0.871994
131	87	0.887841
131	91	0.761826
131	94	0.910616
131	95	0.913234
131	96	0.901369
131	100	0.890861
131	101	0.924373
131	108	0.909542
131	120	0.884057
131	121	0.885083
131	122	0.916212
131	126	0.898288
131	135	1.41883
131	136	0.907845
131	137	0.907835
131	138	0.888197
131	139	0.919467
131	140	0.909595
131	147	1.62513
131	148	1.19862
131	152	1.49563
131	161	1.4961
131	163	2.23757
131	166	1.46279
131	167	2.16089
131	171	0.912527
131	173	0.830354
131	175	2.07459
131	177	2.31686
131	178	0.776932
131	179	0.780977
132	15	1.69745
132	32	1.27087
132	41	2.30842
132	68	1.76838
132	92	1.20908
132	99	0.869943
132	101	1.41786
132	111	0.829704
132	117	1.65842
132	140	1.40437
132	143	0.883555
132	144	0.815674
132	145	0.741002
132	146	0.84703
132	147	0.825461
132	149	0.837883
132	152	0.856539
132	153	0.786303
132	154	0.814429
132	156	0.833013
132	157	0.763893
132	158	0.771267
132	160	0.779982
132	161	0.825429
132	162	0.78019
132	165	0.750044
132	166	0.818899
132	168	0.808066
132	170	0.797641
132	171	1.14751
132	172	0.707356
132	173	0.787414
132	174	0.753831
132	175	0.746965
132	176	0.707891
132	177	0.73929
132	180	0.727537
133	40	0.812942
133	57	1.26926
133	58	1.00813
133	63	0.6019
133	67	1.79354
133	75	1.22123
133	86	1.10761
133	89	1.55464
133	123	1.52721
133	128	1.19265
133	130	1.11783
133	134	0.914833
133	139	1.08197
133	142	0.871411
133	143	0.964531
133	144	0.89665
133	147	0.906437
133	149	0.918859
133	151	0.88367
133	153	0.867278
133	154	0.895404
133	156	0.913989
