1	27	0.767219
1	105	1.17685
1	126	1.19284
1	127	1.19985
1	140	0.696796
1	146	1.21738
1	148	0.69316
1	151	1.19562
1	153	1.19694
1	157	1.22292
1	158	0.728116
1	159	0.718722
2	87	0.744332
2	158	1.19188
2	161	0.695701
2	162	1.20171
2	163	1.19933
2	164	0.720893
2	170	1.20447
2	172	1.20772
2	175	0.708872
2	177	1.19593
2	178	0.728694
2	180	1.20382
3	35	1.28822
3	65	1.13428
3	69	1.17549
3	76	0.716674
3	100	1.21489
3	115	1.11821
3	116	0.693958
3	126	0.750445
3	141	0.724692
3	150	0.714442
3	159	1.23529
3	165	1.24324
4	73	0.71273
4	147	1.18842
4	148	1.22137
4	155	1.17466
4	163	1.20709
4	164	0.736157
4	166	0.705185
4	173	1.19728
4	175	0.724136
4	177	1.20368
4	179	0.721892
4	180	1.21158
5	93	0.975934
5	110	0.875846
5	124	1.06031
5	134	1.06431
5	136	1.04254
5	149	0.914795
5	150	1.05269
5	157	1.06951
5	160	1.06245
5	167	1.07428
5	172	0.895933
5	173	0.915122
6	67	1.13209
6	69	0.704065
6	129	1.20829
6	142	1.20752
6	153	1.1915
6	154	0.732483
6	156	1.22682
6	164	0.72067
6	167	1.22225
6	176	0.713044
6	178	0.728471
6	180	1.21439
7	62	0.783235
7	104	1.16481
7	106	0.665471
7	107	0.737024
7	136	0.696811
7	149	1.20408
7	154	0.712091
7	162	1.20576
7	170	1.20852
7	172	1.21177
7	177	1.19997
7	180	1.20787
8	35	1.27707
8	48	1.24281
8	65	1.12313
8	69	1.16434
8	106	1.26392
8	115	1.10706
8	144	0.72719
8	152	0.736352
8	164	0.717269
8	165	1.2321
8	172	0.705011
8	180	0.716482
9	74	1.26256
9	109	0.688873
9	126	1.17537
9	132	0.715828
9	135	1.21231
9	142	1.19549
9	146	1.1999
9	147	0.742919
9	151	1.17815
9	153	1.17946
9	163	0.725159
9	170	0.728501
10	19	0.698556
10	35	1.28399
10	65	1.13005
10	69	1.17126
10	77	0.745145
10	100	1.21066
10	106	1.27083
10	115	1.11398
10	118	0.735935
10	159	1.23106
10	161	0.701094
10	176	0.71866
11	133	0.744442
11	147	1.18238
11	148	1.21533
11	149	1.20176
11	161	0.700147
11	163	1.20105
11	165	0.729545
11	171	0.715046
11	174	1.19954
11	177	1.19765
11	179	0.711073
11	180	1.20554
12	25	0.644433
12	73	0.73382
12	106	0.722439
12	127	1.1905
12	150	1.19676
12	153	1.18759
12	163	1.20599
12	167	1.21834
12	169	0.749844
12	171	0.746953
12	173	1.19617
12	180	1.21048
13	29	0.74544
13	95	0.782204
13	120	1.19333
13	122	0.660264
13	127	1.19158
13	133	0.720663
13	135	1.22152
13	137	1.18088
13	145	1.23885
13	151	1.18736
13	153	1.18867
13	180	0.700774
14	79	0.731741
14	102	1.19136
14	117	0.721874
14	158	1.19591
14	162	1.20574
14	165	0.71942
14	168	0.705809
14	170	1.2085
14	173	1.19355
14	177	1.19996
14	178	0.723014
14	180	1.20785
15	48	0.724108
15	120	0.727232
15	135	0.709401
15	146	0.703299
15	151	0.730079
15	155	1.17161
15	156	1.22096
15	164	1.19945
15	167	1.2164
15	174	1.20253
15	175	1.21422
15	178	1.18306
16	22	0.739139
16	79	0.715176
16	89	1.27205
16	100	0.712467
16	118	1.17562
16	124	1.19285
16	136	1.17508
16	150	1.18523
16	158	0.722807
16	159	0.713414
16	160	1.19499
16	167	1.20682
17	21	0.747448
17	63	0.70805
17	131	0.710674
17	147	1.18482
17	161	0.699219
17	162	1.20587
17	163	1.20349
17	170	1.20863
17	173	1.19368
17	177	1.20008
17	178	0.732211
17	180	1.20798
18	69	0.893187
18	103	0.899803
18	107	0.946538
18	111	1.07096
18	114	0.85372
18	129	1.04704
18	151	1.02894
18	163	1.04865
18	171	1.05258
18	174	1.04714
18	175	1.05883
18	179	1.05314
19	10	0.698556
19	132	1.20383
19	148	1.21005
19	152	0.749128
19	153	0.735125
19	156	0.698327
19	158	1.18831
19	163	1.19577
19	170	1.20091
19	172	1.20416
19	175	0.718023
19	180	1.20026
20	80	0.77672
20	89	1.20136
20	103	1.13563
20	118	1.10493
20	150	1.11455
20	156	1.1407
20	159	0.795264
20	160	1.1243
20	161	1.14456
20	163	0.786645
20	164	0.7805
20	167	1.13613
20	179	0.766234
21	17	0.747448
21	26	1.09205
21	41	1.20422
21	114	1.17568
21	130	1.11935
21	145	0.777601
21	147	0.804717
21	150	1.11305
21	156	1.1392
21	160	1.1228
21	167	1.13463
21	177	0.793737
21	180	0.780025
22	16	0.739139
22	85	0.813383
22	108	1.15002
22	112	1.12898
22	155	1.10968
22	160	0.785528
22	161	0.773073
22	162	1.14448
22	163	1.1421
22	168	0.78886
22	170	1.14724
22	173	1.13229
22	180	1.14659
23	31	1.1486
23	48	1.15359
23	76	0.770554
23	95	0.853316
23	100	1.11452
23	106	1.1747
23	115	1.01784
23	122	0.731376
23	128	1.20834
23	157	0.764823
23	159	1.13492
23	165	1.14288
23	177	0.785598
24	77	0.640613
24	115	0.76282
24	132	0.618567
24	151	1.28643
24	153	1.28775
24	156	1.32307
24	160	1.30667
24	171	1.31007
24	172	0.609496
24	174	0.635597
24	177	0.634678
24	178	1.28516
24	179	1.31064
25	12	0.644433
25	141	0.650859
25	147	0.668866
25	154	1.2989
25	157	0.637111
25	162	0.649136
25	163	0.651106
25	164	1.29346
25	166	1.31485
25	168	1.30752
25	171	1.30197
25	176	1.29058
25	179	1.30254
26	21	1.09205
26	55	1.22927
26	68	0.794091
26	113	0.791332
26	134	1.12525
26	145	0.768031
26	150	1.11364
26	156	1.13979
26	160	1.12339
26	161	1.14366
26	167	1.13522
26	169	0.763839
26	174	0.785086
27	1	0.767219
27	41	0.729145
27	89	0.749841
27	152	1.1275
27	168	1.15051
27	169	1.13927
27	171	1.14496
27	174	0.834879
27	175	1.15122
27	176	1.13357
27	178	1.12006
27	179	1.14553
27	180	0.820248
28	87	0.794934
28	105	0.8123
28	109	0.741354
28	119	1.21185
28	137	0.799367
28	144	1.1363
28	147	1.11568
28	155	1.10193
28	161	0.746303
28	163	1.13435
28	174	1.13284
28	177	1.13095
28	180	1.13884
29	13	0.74544
29	74	0.748904
29	100	0.815471
29	111	0.796915
29	131	0.787917
29	160	1.13875
29	167	1.15058
29	168	1.1477
29	170	1.14336
29	172	1.14661
29	176	1.13075
29	177	1.13482
29	178	1.11724
30	144	1.1369
30	148	1.14923
30	149	1.13566
30	154	0.79859
30	158	1.1275
30	162	1.13733
30	166	0.755805
30	172	1.14334
30	174	1.13344
30	176	0.779151
30	178	0.794577
30	179	0.772512
30	180	1.13944
31	23	1.1486
31	65	1.07207
31	69	1.11328
31	95	0.841879
31	100	1.15268
31	106	1.21286
31	115	1.056
31	131	0.747499
31	155	0.796723
31	159	1.17308
31	162	0.76541
31	165	1.18104
31	171	0.750942
32	33	0.722966
32	70	0.804953
32	85	1.11765
32	108	0.789473
32	142	0.790049
32	162	0.792723
32	166	1.15516
32	168	1.14784
32	169	1.13659
32	171	1.14229
32	175	1.14854
32	178	1.11738
32	179	1.14285
33	32	0.722966
33	93	1.15106
33	118	1.21821
33	124	1.23544
33	129	0.690115
33	134	1.23944
33	136	1.21767
33	153	0.697272
33	156	1.25397
33	160	1.23758
33	163	0.698337
33	167	1.24941
33	170	0.701679
33	180	0.691405
34	50	0.698452
34	56	0.774874
34	66	0.683368
34	97	1.17176
34	108	1.2396
34	144	1.23363
34	158	1.22422
34	161	0.671287
34	162	1.23406
34	163	1.23168
34	165	0.700685
34	166	0.665507
34	174	1.23017
34	180	1.23617
35	3	1.28822
35	8	1.27707
35	10	1.28399
35	48	1.231
35	88	0.722061
35	95	0.765268
35	100	1.19193
35	115	1.09525
35	139	0.678622
35	154	0.696438
35	156	0.652907
35	159	1.21233
35	162	0.6888
35	165	1.22029
36	41	0.784988
36	104	1.04579
36	128	0.810638
36	136	0.87341
36	138	1.10955
36	139	1.11986
36	144	1.0863
36	161	0.851686
36	162	1.08673
36	164	0.876878
36	170	1.0895
36	172	1.09275
36	174	1.08285
36	180	1.08885
37	130	0.716978
37	135	0.694139
37	138	1.25019
37	139	1.26051
37	143	0.723298
37	147	1.20633
37	154	0.71142
37	155	1.19257
37	161	0.674415
37	162	1.22738
37	167	0.676206
37	173	1.21519
37	177	1.22159
37	180	1.22949
38	65	0.783892
38	108	0.681239
38	138	0.679273
38	141	0.686212
38	158	0.704473
38	164	1.22128
38	166	1.24266
38	168	1.23533
38	169	1.22409
38	172	0.668057
38	175	1.23604
38	176	1.21839
38	178	1.20488
38	179	1.23035
39	47	0.686986
39	143	1.2164
39	158	0.716209
39	164	1.22564
39	169	1.22845
39	170	0.701538
39	171	1.23415
39	173	0.698982
39	174	0.705895
39	175	1.2404
39	176	1.22275
39	178	1.20924
39	179	1.23471
39	180	0.691265
40	54	0.73432
40	139	0.677956
40	141	0.689857
40	153	0.68904
40	154	1.22867
40	158	0.708118
40	164	1.22323
40	168	1.23729
40	169	1.22604
40	174	0.697803
40	175	1.23799
40	176	1.22034
40	178	1.20683
40	179	1.2323
41	21	1.20422
41	27	0.729145
41	36	0.784988
41	92	0.668672
41	101	0.702216
41	107	1.17976
41	130	1.2321
41	131	0.652148
41	134	1.23741
41	136	1.21565
41	145	0.662673
41	156	1.25195
41	160	1.23556
41	167	1.24739
42	112	0.727399
42	133	1.21674
42	138	0.688893
42	163	0.696079
42	166	1.2422
42	168	1.23487
42	170	0.699421
42	171	1.22932
42	175	1.23558
42	176	1.21793
42	177	0.702859
42	178	1.20442
42	179	1.22989
42	180	0.689147
43	104	0.790404
43	110	0.712112
43	123	1.1811
43	151	0.759667
43	154	1.16812
43	155	0.779945
43	157	0.736607
43	164	1.16268
43	166	1.18406
43	167	0.721056
43	169	1.16549
43	171	1.17119
43	176	1.15979
43	178	1.14628
43	179	1.17175
44	84	1.2481
44	91	0.710347
44	126	1.14559
44	127	1.1526
44	135	1.18253
44	137	1.14189
44	142	1.16571
44	146	1.17013
44	151	1.14837
44	152	0.775962
44	153	1.14969
44	156	0.725161
44	159	0.771643
44	170	0.766366
44	180	0.756092
45	74	0.724318
45	131	0.763331
45	147	1.15576
45	155	1.14201
45	156	0.745349
45	158	1.16697
45	161	0.751875
45	163	1.17443
45	166	0.746095
45	170	1.17957
45	173	1.16462
45	174	1.17292
45	175	0.765046
45	177	1.17102
45	180	1.17892
46	51	1.17246
46	77	0.757195
46	96	1.18126
46	114	1.20993
46	124	1.15491
46	133	0.757439
46	136	1.13715
46	150	1.1473
46	156	1.17345
46	159	0.7531
46	160	1.15705
46	162	0.742511
46	165	0.742542
46	167	1.16888
46	177	0.751261
47	39	0.686986
47	120	1.15799
47	126	1.14924
47	131	1.21019
47	137	1.14554
47	138	0.751667
47	142	1.16936
47	146	1.17377
47	151	1.15202
47	152	0.771792
47	153	1.15333
47	159	0.767473
47	161	1.19252
47	163	0.758854
47	174	0.766553
48	8	1.24281
48	15	0.724108
48	23	1.15359
48	35	1.231
48	65	1.07706
48	100	1.15767
48	106	1.21784
48	115	1.06099
48	145	0.763802
48	159	1.17807
48	161	0.741821
48	165	1.18602
48	166	0.73604
48	172	0.754755
48	174	0.780857
49	50	0.767906
49	80	1.1954
49	84	0.706767
49	103	0.755943
49	115	1.06167
49	130	0.783304
49	138	1.20079
49	156	0.734215
49	165	1.18671
49	167	0.742531
49	169	1.17383
49	170	1.18074
49	177	1.17219
49	178	1.15462
49	179	1.18009
50	34	0.698452
50	49	0.767906
50	61	1.1989
50	107	1.11206
50	118	1.14848
50	130	1.1644
50	145	0.756537
50	150	1.1581
50	156	1.18425
50	160	1.16785
50	161	1.18812
50	165	0.763954
50	167	1.17968
50	175	0.747726
50	178	0.767548
51	46	1.17246
51	61	1.2006
51	66	1.19885
51	93	1.08304
51	133	0.764267
51	136	1.14964
51	144	0.755085
51	145	0.741953
51	150	1.1598
51	156	1.18595
51	158	0.769322
51	160	1.16955
51	167	1.18138
51	168	0.735759
51	176	0.737538
52	71	0.70774
52	97	0.81386
52	118	1.15047
52	123	0.737509
52	124	1.1677
52	130	1.16639
52	134	1.1717
52	136	1.14993
52	150	1.16008
52	156	1.18623
52	159	0.761261
52	160	1.16984
52	167	1.18167
52	178	0.754297
52	179	0.732231
53	56	1.14632
53	80	0.747136
53	81	1.15645
53	111	1.19608
53	127	1.15828
53	131	1.21222
53	137	1.14757
53	138	0.749875
53	146	1.17581
53	147	0.774821
53	151	1.15405
53	153	1.15537
53	173	0.757847
53	175	0.738895
53	179	0.73665
54	40	0.73432
54	86	0.712149
54	89	0.736941
54	91	0.761602
54	105	1.13291
54	122	0.766837
54	131	1.20985
54	135	1.18584
54	137	1.1452
54	142	1.16902
54	146	1.17344
54	151	1.15168
54	153	1.153
54	165	1.18251
54	175	0.796113
55	26	1.22927
55	79	0.696166
55	82	0.723194
55	84	0.620473
55	93	1.1735
55	107	1.20422
55	130	1.25657
55	149	0.686243
55	150	1.25026
55	156	1.27641
55	159	0.694403
55	160	1.26002
55	161	1.28028
55	167	1.27185
55	173	0.686569
55	177	0.692563
56	34	0.774874
56	53	1.14632
56	72	0.780689
56	91	0.789637
56	105	1.08715
56	123	0.827181
56	126	1.10314
56	131	1.16409
56	135	1.14009
56	137	1.09945
56	142	1.12327
56	146	1.12768
56	151	1.10592
56	153	1.10724
56	156	0.804451
56	176	0.828544
57	73	0.669803
57	102	1.2366
57	127	0.701629
57	138	1.2738
57	147	1.22994
57	155	1.21618
57	160	0.680492
57	162	1.25099
57	165	0.697435
57	168	0.683824
57	170	1.25375
57	172	1.257
57	173	1.23879
57	176	0.685603
57	177	1.2452
57	179	0.678964
58	60	0.819229
58	108	0.784435
58	143	1.107
58	147	0.807415
58	154	1.12167
58	158	0.807668
58	163	0.789655
58	164	1.11623
58	166	1.13762
58	168	1.13029
58	169	1.11905
58	171	1.12474
58	175	1.131
58	177	0.796435
58	178	1.09983
58	179	1.12531
59	78	0.59844
59	93	1.32495
59	124	1.40932
59	134	1.41332
59	136	1.39156
59	145	0.591633
59	150	1.40171
59	154	0.606657
59	156	1.42786
59	158	0.619002
59	160	1.41146
59	164	0.594844
59	167	1.4233
59	170	0.604331
59	175	0.582823
59	177	0.607769
60	58	0.819229
60	96	1.14308
60	98	0.777444
60	103	1.1302
60	104	0.839441
60	107	1.06308
60	116	1.14759
60	124	1.11673
60	130	1.11542
60	136	1.09897
60	146	0.781924
60	153	0.798575
60	156	1.13527
60	160	1.11887
60	167	1.1307
60	175	0.781473
61	50	1.1989
61	51	1.2006
61	71	0.69124
61	96	1.2094
61	124	1.18305
61	134	1.18705
61	136	1.16528
61	144	0.739918
61	145	0.726786
61	149	0.736602
61	150	1.17543
61	156	1.20158
61	159	0.744762
61	160	1.18519
61	162	0.734172
61	165	0.734203
61	167	1.19702
62	7	0.783235
62	97	0.908094
62	99	0.845293
62	113	1.07274
62	133	1.07554
62	152	1.07067
62	154	1.08506
62	155	0.876219
62	166	1.10101
62	168	1.09368
62	170	0.850217
62	171	1.08813
62	175	1.09438
62	176	1.07673
62	178	1.06322
62	179	1.08869
62	180	0.839944
63	17	0.70805
63	84	0.682248
63	134	0.724798
63	141	0.747312
63	149	0.748018
63	150	0.737062
63	154	1.19128
63	163	0.747559
63	164	1.18584
63	166	1.20723
63	168	1.1999
63	169	1.18866
63	171	1.19436
63	175	1.20061
63	176	1.18296
63	178	1.16945
63	179	1.19492
64	86	0.771775
64	110	0.835415
64	125	1.10001
64	141	0.873658
64	147	0.891666
64	149	0.874365
64	152	1.06966
64	154	1.08405
64	160	0.855024
64	164	1.07861
64	168	1.09267
64	169	1.08143
64	171	1.08712
64	175	1.09338
64	176	1.07573
64	178	1.06222
64	179	1.08769
65	3	1.13428
65	8	1.12313
65	10	1.13005
65	31	1.07207
65	38	0.783892
65	48	1.07706
65	90	1.1602
65	100	1.03799
65	106	1.09817
65	113	0.881442
65	115	0.941312
65	129	0.859275
65	148	0.850554
65	154	0.873165
65	157	0.853502
65	159	1.05839
65	165	1.06635
66	34	0.683368
66	51	1.19885
66	90	0.682089
66	96	1.20765
66	107	1.12764
66	114	1.23631
66	118	1.16407
66	134	1.18529
66	154	0.756476
66	156	1.19983
66	160	1.18344
66	161	1.2037
66	167	1.19527
66	169	0.737261
66	173	0.751594
66	175	0.732642
66	177	0.757588
67	6	1.13209
67	109	0.835085
67	110	1.10531
67	132	1.08334
67	147	1.05661
67	152	0.884309
67	158	1.06782
67	161	0.840034
67	162	1.07766
67	166	0.834254
67	170	1.08042
67	171	0.854933
67	172	1.08367
67	173	1.06546
67	177	1.07187
67	179	0.850961
67	180	1.07977
68	26	0.794091
68	119	1.21138
68	121	0.770053
68	139	1.16939
68	144	1.13582
68	148	1.14816
68	160	0.767887
68	161	0.755432
68	162	1.13625
68	163	1.13388
68	170	1.13902
68	171	0.770331
68	172	1.14227
68	173	1.12406
68	174	1.13237
68	175	0.768602
68	176	0.772998
68	177	1.13047
69	3	1.17549
69	6	0.704065
69	8	1.16434
69	10	1.17126
69	18	0.893187
69	31	1.11328
69	71	1.16491
69	90	1.20141
69	97	0.808533
69	100	1.0792
69	102	0.754034
69	106	1.13938
69	128	1.17302
69	155	0.776657
69	157	0.733319
69	159	1.0996
69	165	1.10756
69	176	0.733543
70	32	0.804953
70	89	0.702986
70	92	1.18559
70	117	0.78084
70	125	0.76494
70	132	1.15506
70	142	0.775681
70	147	1.12833
70	149	1.14771
70	152	0.793262
70	155	1.11458
70	158	1.13955
70	165	0.778385
70	172	1.15539
70	173	1.13719
70	174	1.14549
70	177	1.1436
70	180	1.15149
71	52	0.70774
71	61	0.69124
71	69	1.16491
71	96	0.699356
71	106	1.26449
71	115	1.10763
71	130	0.736389
71	135	0.713549
71	148	1.23584
71	151	0.734227
71	153	0.724098
71	156	0.687299
71	158	1.2141
71	164	1.21697
71	173	1.21174
71	175	1.23174
71	176	1.21409
71	179	1.22605
71	180	1.22605
72	56	0.780689
72	98	1.20611
72	111	0.697555
72	118	1.19565
72	120	0.714657
72	131	0.688558
72	135	0.696825
72	142	0.703795
72	146	0.690723
72	151	0.717503
72	155	1.18206
72	160	1.21501
72	163	1.21449
72	166	1.23129
72	167	1.22685
72	171	1.21841
72	173	1.20468
72	178	1.19351
72	180	1.21898
73	4	0.71273
73	12	0.73382
73	57	0.669803
73	86	0.638362
73	121	1.20609
73	140	1.21602
73	147	0.758253
73	148	0.72355
73	160	0.721611
73	164	1.20426
73	166	1.22565
73	168	1.21832
73	169	1.20707
73	170	0.743835
73	171	1.21277
73	175	1.21903
73	176	1.20137
73	178	1.18786
73	179	1.21334
74	9	1.26256
74	29	0.748904
74	45	0.724318
74	99	1.20618
74	105	1.1793
74	120	1.20405
74	122	0.663728
74	126	1.1953
74	135	1.23224
74	137	1.1916
74	142	1.21542
74	143	0.728716
74	146	1.21983
74	149	0.71163
74	151	1.19808
74	153	1.19939
74	155	0.740513
74	167	0.681624
74	180	0.704239
75	104	0.792497
75	125	1.18229
75	139	0.740546
75	140	1.17265
75	141	0.752447
75	144	0.756471
75	148	0.735752
75	152	1.15194
75	154	1.16633
75	156	0.714831
75	157	0.7387
75	158	0.770708
75	166	1.18228
75	168	1.17495
75	169	1.16371
75	171	1.1694
75	175	1.17566
75	176	1.15801
75	178	1.14449
75	179	1.16997
76	3	0.716674
76	23	0.770554
76	102	0.76852
76	110	0.72331
76	117	1.16964
76	139	0.749651
76	143	1.15351
76	149	0.762259
76	152	1.15379
76	161	1.18812
76	164	1.16275
76	166	1.18413
76	168	1.17681
76	169	1.16556
76	172	0.743397
76	175	1.17751
76	176	1.15986
76	177	0.76858
76	178	1.14635
76	179	1.17182
77	10	0.745145
77	24	0.640613
77	46	0.757195
77	96	0.756973
77	112	1.15551
77	135	0.771165
77	140	0.769471
77	144	1.17057
77	145	1.20041
77	147	1.14996
77	152	0.795717
77	155	1.1362
77	162	1.17101
77	163	1.16863
77	170	1.17377
77	172	1.17702
77	173	1.15882
77	174	1.16712
77	179	0.762368
77	180	1.17312
78	59	0.59844
78	93	0.828764
78	102	1.15294
78	117	0.768031
78	126	0.793022
78	132	1.173
78	135	0.755902
78	148	1.17922
78	149	1.16565
78	158	1.15749
78	159	1.1681
78	161	0.736178
78	162	1.16732
78	164	0.76137
78	170	1.17008
78	172	1.17333
78	174	1.16343
78	176	0.753744
78	177	1.16154
78	180	1.16943
79	14	0.731741
79	16	0.715176
79	55	0.696166
79	123	1.18035
79	124	0.769299
79	141	0.780199
79	152	1.15298
79	157	0.766452
79	159	1.16968
79	162	0.778476
79	164	1.16193
79	166	1.18332
79	168	1.17599
79	169	1.16475
79	171	1.17045
79	172	0.762044
79	175	1.1767
79	176	1.15905
79	178	1.14554
79	179	1.17101
80	20	0.77672
80	49	1.1954
80	53	0.747136
80	84	0.694829
80	105	0.7948
80	106	1.21582
80	115	1.05896
80	131	0.740258
80	142	0.755496
80	144	1.17483
80	153	0.759075
80	156	0.722276
80	158	1.16543
80	159	1.17604
80	171	1.17681
80	174	1.17138
80	175	1.18307
80	176	1.16541
80	178	1.1519
80	180	1.17738
81	53	1.15645
81	83	0.735005
81	91	0.758336
81	95	0.885512
81	105	1.09729
81	116	0.780033
81	120	1.12203
81	122	0.763571
81	126	1.11328
81	127	1.12029
81	129	0.802792
81	131	1.17423
81	135	1.15022
81	137	1.10958
81	142	1.1334
81	144	0.81479
81	146	1.13782
81	151	1.11606
81	153	1.11738
81	161	1.15656
81	166	0.773896
82	55	0.723194
82	85	1.11507
82	86	0.705344
82	88	0.838765
82	123	1.14962
82	133	1.12713
82	136	0.797862
82	143	1.12196
82	152	1.12225
82	154	1.13664
82	158	0.825488
82	163	0.807475
82	164	1.1312
82	169	1.13401
82	171	1.13971
82	172	0.789072
82	174	0.815173
82	175	1.14596
82	176	1.12831
82	178	1.1148
82	179	1.14027
83	81	0.735005
83	140	1.23365
83	143	1.21266
83	147	0.711816
83	149	0.694516
83	152	1.21294
83	154	1.22733
83	155	0.723399
83	163	0.694056
83	166	1.24328
83	167	0.66451
83	168	1.23595
83	169	1.22471
83	170	0.697398
83	171	1.2304
83	173	0.694842
83	175	1.23666
83	176	1.21901
83	178	1.20549
83	179	1.23097
83	180	0.687124
84	44	1.2481
84	49	0.706767
84	55	0.620473
84	63	0.682248
84	80	0.694829
84	95	0.779251
84	97	0.765972
84	99	1.22149
84	105	1.19462
84	116	0.673772
84	120	1.21936
84	127	1.21762
84	135	1.24755
84	137	1.20691
84	138	0.697567
84	142	1.23073
84	146	1.23515
84	151	1.21339
84	153	1.21471
84	161	1.25389
84	171	0.688315
85	22	0.813383
85	32	1.11765
85	82	1.11507
85	93	0.840287
85	111	0.768153
85	123	1.14621
85	146	0.761322
85	154	1.13323
85	157	0.765042
85	164	1.12779
85	166	1.14918
85	168	1.14185
85	169	1.1306
85	170	0.782379
85	171	1.1363
85	173	0.779823
85	175	1.14255
85	176	1.1249
85	177	0.785817
85	178	1.11139
85	179	1.13686
86	54	0.712149
86	64	0.771775
86	73	0.638362
86	82	0.705344
86	113	0.681878
86	115	0.802856
86	129	1.22536
86	143	0.68548
86	144	1.22892
86	155	1.19455
86	157	1.23456
86	160	0.649052
86	162	1.22935
86	163	1.22697
86	168	0.652384
86	170	1.23211
86	172	1.23536
86	173	1.21716
86	174	1.22546
86	177	1.22357
86	180	1.23146
87	2	0.744332
87	28	0.794934
87	97	0.848577
87	109	1.1462
87	117	1.13125
87	144	0.791134
87	150	0.776861
87	152	1.1154
87	154	1.12979
87	165	1.14005
87	166	1.14574
87	168	1.13841
87	169	1.12717
87	170	0.7907
87	171	1.13287
87	172	0.768956
87	173	0.788144
87	175	1.13912
87	176	1.12147
87	178	1.10796
87	179	1.13343
88	35	0.722061
88	82	0.838765
88	92	1.16286
88	98	0.77916
88	101	1.12229
88	103	0.785221
88	105	0.836015
88	110	1.15431
88	144	1.12622
88	148	1.13856
88	149	1.12498
88	158	1.11682
88	161	0.770018
88	162	1.12665
88	170	1.12942
88	172	1.13267
88	173	1.11446
88	174	1.12277
88	175	0.783189
88	179	0.780945
88	180	1.12877
89	16	1.27205
89	20	1.20136
89	27	0.749841
89	54	0.736941
89	70	0.702986
89	92	0.689368
89	93	1.14469
89	107	1.17541
89	114	1.28408
89	118	1.21183
89	136	1.21129
89	141	1.23981
89	153	0.691661
89	156	1.2476
89	157	1.23826
89	160	1.2312
89	164	0.686581
89	165	0.690787
89	167	1.24303
89	176	0.678955
89	179	0.672315
90	65	1.1602
90	66	0.682089
90	69	1.20141
90	96	0.675539
90	100	1.24081
90	115	1.14413
90	126	1.23556
90	138	0.694159
90	139	0.689197
90	142	1.25568
90	151	1.23834
90	153	1.23965
90	155	0.730688
90	158	0.719358
90	164	1.25347
90	169	1.25628
90	174	0.709044
90	176	1.25058
90	177	0.708125
90	178	1.23707
90	180	0.694414
91	44	0.710347
91	54	0.761602
91	56	0.789637
91	81	0.758336
91	106	0.676434
91	111	0.706503
91	126	0.742894
91	127	0.719642
91	134	1.18637
91	151	0.726452
91	156	1.20091
91	160	1.18452
91	167	1.19635
91	169	1.18222
91	171	1.18792
91	172	1.19238
91	174	1.18248
91	175	1.19417
91	176	1.17652
91	177	1.18058
91	178	1.16301
91	180	1.18848
92	41	0.668672
92	70	1.18559
92	88	1.16286
92	89	0.689368
92	98	0.744511
92	101	1.18969
92	104	1.1531
92	140	0.753399
92	148	1.20595
92	152	0.779645
92	155	1.15925
92	156	0.728844
92	158	1.18421
92	163	1.19167
92	166	0.729589
92	169	0.753159
92	170	1.19681
92	172	1.20006
92	174	1.19016
92	176	0.752936
92	177	1.18827
92	180	1.19616
93	5	0.975934
93	33	1.15106
93	51	1.08304
93	55	1.1735
93	59	1.32495
93	78	0.828764
93	85	0.840287
93	89	1.14469
93	103	1.07896
93	109	0.795028
93	124	1.06549
93	134	1.06948
93	136	1.04772
93	145	0.821958
93	150	1.05787
93	156	1.08402
93	159	0.839933
93	160	1.06763
93	167	1.07946
93	168	0.815764
93	177	0.838094
93	180	0.824382
94	99	0.733464
94	113	0.748991
94	118	0.738551
94	124	0.723899
94	132	1.19316
94	134	0.712286
94	138	1.2103
94	143	0.752593
94	149	1.1858
94	152	0.747985
94	155	1.15268
94	158	1.17764
94	160	0.716165
94	162	1.18748
94	163	1.1851
94	170	1.19024
94	172	1.19349
94	173	1.17529
94	174	1.18359
94	176	0.721276
94	177	1.18169
94	180	1.18959
95	13	0.782204
95	23	0.853316
95	31	0.841879
95	35	0.765268
95	81	0.885512
95	84	0.779251
95	127	0.846817
95	130	1.09586
95	152	1.08525
95	153	0.843498
95	156	1.11571
95	160	1.09932
95	167	1.11115
95	169	1.09702
95	170	1.10393
95	172	1.10718
95	174	1.09728
95	175	1.10897
95	176	1.09132
95	177	1.09538
95	179	1.10328
95	180	1.10328
96	46	1.18126
96	60	1.14308
96	61	1.2094
96	66	1.20765
96	71	0.699356
96	77	0.756973
96	90	0.675539
96	114	1.23123
96	130	1.1749
96	134	1.18021
96	136	1.15845
96	140	0.730951
96	145	0.734902
96	150	1.1686
96	155	0.773601
96	156	1.19475
96	157	1.18541
96	158	0.762271
96	160	1.17835
96	165	0.742319
96	167	1.19018
96	171	0.72782
97	34	1.17176
97	52	0.81386
97	62	0.908094
97	69	0.808533
97	84	0.765972
97	87	0.848577
97	106	0.79033
97	110	1.12321
97	112	1.08005
97	139	1.12868
97	149	1.09388
97	150	0.820786
97	151	0.840348
97	155	1.06075
97	158	1.08572
97	159	1.09633
97	162	1.09555
97	163	1.09317
97	172	1.10156
97	173	1.08336
97	177	1.08977
97	180	1.09766
98	60	0.777444
98	72	1.20611
98	88	0.77916
98	92	0.744511
98	100	0.755542
98	101	0.778055
98	104	0.787671
98	112	0.779189
98	113	1.13325
98	125	1.16152
98	152	1.13117
98	161	1.1655
98	162	0.745899
98	164	1.14012
98	166	1.16151
98	168	1.15418
98	169	1.14294
98	171	1.14863
98	175	1.15489
98	176	1.13724
98	177	0.754649
98	178	1.12373
98	179	1.1492
99	62	0.845293
99	74	1.20618
99	84	1.22149
99	94	0.733464
99	126	1.11898
99	127	1.12599
99	131	1.17993
99	135	1.15592
99	137	1.11528
99	140	0.755174
99	141	1.15061
99	142	1.1391
99	146	1.14352
99	151	1.12176
99	153	1.12308
99	157	1.14906
99	159	0.777101
99	165	1.15259
99	169	0.754934
99	171	0.752044
99	174	0.776181
99	179	0.748071
99	180	0.76155
100	3	1.21489
100	10	1.21066
100	16	0.712467
100	23	1.11452
100	29	0.815471
100	31	1.15268
100	35	1.19193
100	48	1.15767
100	65	1.03799
100	69	1.0792
100	90	1.24081
100	98	0.755542
100	106	1.17878
100	115	1.02192
100	128	1.21242
100	141	0.77749
100	159	1.139
100	162	0.775767
100	165	1.14696
100	168	0.762187
100	169	0.76419
100	170	0.781079
100	179	0.757327
101	41	0.702216
101	88	1.12229
101	92	1.18969
101	98	0.778055
101	109	0.763965
101	121	0.783535
101	128	0.727866
101	139	1.18661
101	147	1.13243
101	149	1.15181
101	155	1.11868
101	158	1.14365
101	161	0.768914
101	163	1.1511
101	164	0.794106
101	165	0.798312
101	170	1.15624
101	172	1.15949
101	173	1.14129
101	174	1.14959
101	175	0.782085
101	177	1.1477
101	180	1.15559
102	14	1.19136
102	57	1.2366
102	69	0.754034
102	76	0.76852
102	78	1.15294
102	113	0.790729
102	132	1.14914
102	150	0.766287
102	155	1.10866
102	158	1.13362
102	162	1.14346
102	163	1.14108
102	165	0.774845
102	167	0.747237
102	170	1.14622
102	172	1.14947
102	173	1.13127
102	174	1.13957
102	176	0.763013
102	177	1.13767
102	178	0.778439
102	179	0.756374
102	180	1.14557
103	18	0.899803
103	20	1.13563
103	49	0.755943
103	60	1.1302
103	88	0.785221
103	93	1.07896
103	107	1.10968
103	118	1.14611
103	130	1.16202
103	132	0.744599
103	134	1.16733
103	136	1.14557
103	140	0.740622
103	141	1.17408
103	150	1.15572
103	156	1.18187
103	157	1.17253
103	159	0.762549
103	160	1.16547
103	167	1.1773
103	168	0.73838
103	175	0.735763
103	176	0.740159
104	7	1.16481
104	36	1.04579
104	43	0.790404
104	60	0.839441
104	75	0.792497
104	92	1.1531
104	98	0.787671
104	110	1.14455
104	129	1.11291
104	138	1.13971
104	144	1.11646
104	146	0.792151
104	148	1.1288
104	154	0.815534
104	158	1.10706
104	167	0.78032
104	170	1.11966
104	172	1.12291
104	173	1.10471
104	174	1.11301
104	177	1.11111
104	178	0.811522
104	179	0.789456
104	180	1.11901
105	1	1.17685
105	28	0.8123
105	54	1.13291
105	56	1.08715
105	74	1.1793
105	80	0.7948
105	81	1.09729
105	84	1.19462
105	88	0.836015
105	111	1.13691
105	120	1.10086
105	121	0.788009
105	122	0.757282
105	126	1.09211
105	127	1.09911
105	137	1.08841
105	142	1.11223
105	146	1.11664
105	151	1.09489
105	153	1.0962
105	158	0.822738
105	160	0.785843
105	162	0.802754
105	163	0.804725
106	7	0.665471
106	8	1.26392
106	10	1.27083
106	12	0.722439
106	23	1.1747
106	31	1.21286
106	48	1.21784
106	65	1.09817
106	69	1.13938
106	71	1.26449
106	80	1.21582
106	91	0.676434
106	97	0.79033
106	100	1.17878
106	115	1.0821
106	128	1.2726
106	145	0.719756
106	157	0.715117
106	159	1.19918
106	162	0.727141
106	163	0.729112
106	165	1.20713
106	177	0.735892
106	180	0.72218
107	7	0.737024
107	18	0.946538
107	41	1.17976
107	50	1.11206
107	55	1.20422
107	60	1.06308
107	66	1.12764
107	89	1.17541
107	103	1.10968
107	118	1.07898
107	119	0.740806
107	120	0.806883
107	130	1.09489
107	141	1.10696
107	156	1.11474
107	157	1.1054
107	160	1.09835
107	161	1.11861
107	167	1.11018
107	168	0.785115
107	169	0.787117
107	173	0.80145
107	178	0.80232
107	180	0.793733
108	22	1.15002
108	32	0.789473
108	34	1.2396
108	38	0.681239
108	58	0.784435
108	132	1.16906
108	134	0.742084
108	135	0.753231
108	139	1.19651
108	146	0.747129
108	148	1.17529
108	150	0.754347
108	155	1.12858
108	158	1.15355
108	160	0.745962
108	161	0.733507
108	162	1.16338
108	163	1.161
108	165	0.762905
108	170	1.16614
108	172	1.16939
108	173	1.15119
108	174	1.15949
108	177	1.1576
108	180	1.16549
109	9	0.688873
109	28	0.741354
109	67	0.835085
109	87	1.1462
109	93	0.795028
109	101	0.763965
109	133	1.16169
109	140	1.17753
109	143	1.15653
109	147	0.751539
109	148	0.716836
109	152	1.15682
109	154	1.17121
109	155	0.763121
109	157	0.719784
109	164	1.16577
109	166	1.18716
109	168	1.17983
109	169	1.16858
109	171	1.17428
109	175	1.18053
109	176	1.16288
109	178	1.14937
109	179	1.17484
109	180	0.726847
110	5	0.875846
110	43	0.712112
110	64	0.835415
110	67	1.10531
110	76	0.72331
110	88	1.15431
110	97	1.12321
110	104	1.14455
110	136	0.721962
110	137	0.753302
110	144	1.18507
110	147	1.16445
110	149	1.18383
110	154	0.737242
110	155	1.1507
110	156	0.693711
110	158	1.17567
110	162	1.1855
110	163	1.18312
110	170	1.18826
110	172	1.19151
110	174	1.18161
110	178	0.73323
110	179	0.711164
110	180	1.18761
111	18	1.07096
111	29	0.796915
111	53	1.19608
111	72	0.697555
111	85	0.768153
111	91	0.706503
111	105	1.13691
111	112	0.790501
111	120	1.16166
111	122	0.711738
111	127	1.15991
111	131	1.21385
111	132	0.749849
111	137	1.14921
111	141	1.18454
111	142	1.17303
111	146	1.17744
111	148	0.742238
111	151	1.15569
111	153	1.157
111	154	0.764848
111	157	1.18298
111	158	0.777194
111	161	1.19619
111	165	1.18651
112	22	1.12898
112	42	0.727399
112	77	1.15551
112	97	1.08005
112	98	0.779189
112	111	0.790501
112	129	1.13836
112	132	1.14803
112	139	1.17548
112	148	1.15425
112	149	1.14067
112	153	0.80032
112	155	1.10754
112	156	0.763521
112	158	1.13251
112	161	0.770048
112	164	0.79524
112	165	0.799446
112	170	1.14511
112	171	0.784946
112	172	1.14836
112	173	1.13016
112	174	1.13846
112	176	0.787614
112	177	1.13656
112	180	1.14446
113	26	0.791332
113	62	1.07274
113	65	0.881442
113	86	0.681878
113	94	0.748991
113	98	1.13325
113	102	0.790729
113	118	0.787514
113	121	1.13887
113	140	1.1488
113	141	0.783762
113	143	1.12781
113	154	1.14248
113	161	1.16242
113	163	0.784009
113	164	1.13704
113	166	1.15843
113	168	1.1511
113	169	1.13986
113	171	1.14555
113	172	0.765606
113	173	0.784795
113	175	1.15181
113	176	1.13415
113	178	1.12064
113	179	1.14612
114	18	0.85372
114	21	1.17568
114	46	1.20993
114	66	1.23631
114	89	1.28408
114	96	1.23123
114	118	1.18765
114	119	0.647988
114	124	1.20488
114	134	1.20888
114	136	1.18711
114	138	0.700661
114	141	1.21563
114	145	0.698491
114	150	1.19726
114	156	1.22342
114	157	1.21408
114	159	0.716466
114	160	1.20702
114	164	0.701702
114	165	0.705908
114	167	1.21885
114	168	0.692297
114	171	0.691409
114	178	0.709502
114	179	0.687436
115	3	1.11821
115	8	1.10706
115	10	1.11398
115	23	1.01784
115	24	0.76282
115	31	1.056
115	35	1.09525
115	48	1.06099
115	49	1.06167
115	65	0.941312
115	71	1.10763
115	80	1.05896
115	86	0.802856
115	90	1.14413
115	100	1.02192
115	106	1.0821
115	121	0.888271
115	128	1.11574
115	132	0.895656
115	157	0.890992
115	159	1.04232
115	165	1.05028
115	167	0.87544
115	172	0.886584
115	176	0.891216
115	178	0.906642
116	3	0.693958
116	60	1.14759
116	81	0.780033
116	84	0.673772
116	120	0.745302
116	126	0.76459
116	127	0.741338
116	130	1.17941
116	131	0.719202
116	135	0.72747
116	137	0.760811
116	138	1.20753
116	142	0.73444
116	144	1.18428
116	147	1.16366
116	151	0.748148
116	154	1.18319
116	156	1.19926
116	160	1.18286
116	164	1.17775
116	166	1.19914
116	167	1.19469
116	169	1.18056
116	173	1.17252
116	176	1.17486
116	177	1.17893
116	179	1.18683
117	14	0.721874
117	70	0.78084
117	76	1.16964
117	78	0.768031
117	87	1.13125
117	121	1.15265
117	127	0.772835
117	133	1.14674
117	134	0.74782
117	139	0.758432
117	140	1.16258
117	141	0.770333
117	143	1.14158
117	152	1.14186
117	153	0.769516
117	154	1.15626
117	157	0.756585
117	164	1.15082
117	166	1.1722
117	168	1.16488
117	169	1.15363
117	170	0.773922
117	171	1.15933
117	175	1.16558
117	176	1.14793
117	177	0.77736
117	178	1.13442
117	179	1.15989
118	10	0.735935
118	16	1.17562
118	20	1.10493
118	33	1.21821
118	50	1.14848
118	52	1.15047
118	66	1.16407
118	72	1.19565
118	89	1.21183
118	94	0.738551
118	103	1.14611
118	107	1.07898
118	113	0.787514
118	114	1.18765
118	124	1.13263
118	128	0.701184
118	130	1.13132
118	143	0.791115
118	150	1.12502
118	155	0.802912
118	156	1.15117
118	159	0.782188
118	160	1.13477
118	164	0.767424
118	167	1.1466
118	169	0.760022
118	172	0.755166
118	177	0.780349
119	28	1.21185
119	68	1.21138
119	107	0.740806
119	114	0.647988
119	121	0.69349
119	123	0.695073
119	129	1.22898
119	130	0.721432
119	132	1.23865
119	142	0.705562
119	147	1.21192
119	149	1.23129
119	154	0.715874
119	155	1.19816
119	158	1.22313
119	160	0.691324
119	161	0.678869
119	162	1.23297
119	163	1.23059
119	164	0.704061
119	165	0.708267
119	168	0.694656
119	170	1.23573
119	172	1.23898
119	173	1.22078
119	174	1.22908
119	177	1.22718
119	180	1.23508
120	13	1.19333
120	15	0.727232
120	47	1.15799
120	72	0.714657
120	74	1.20405
120	81	1.12203
120	84	1.21936
120	105	1.10086
120	107	0.806883
120	111	1.16166
120	116	0.745302
120	131	1.1778
120	133	0.78924
120	135	1.1538
120	137	1.11316
120	142	1.13698
120	143	0.793829
120	145	1.17113
120	146	1.14139
120	148	0.75934
120	151	1.11963
120	153	1.12095
120	157	1.14693
120	161	1.16014
120	164	0.770138
120	170	0.779625
120	172	0.75788
120	175	0.758116
121	68	0.770053
121	73	1.20609
121	101	0.783535
121	105	0.788009
121	113	1.13887
121	115	0.888271
121	117	1.15265
121	119	0.69349
121	123	1.16417
121	130	0.764575
121	133	1.14168
121	139	0.7412
121	140	1.15751
121	152	1.1368
121	154	1.15119
121	157	0.739354
121	163	0.753349
121	164	1.14575
121	166	1.16714
121	167	0.723802
121	168	1.15981
121	169	1.14857
121	171	1.15426
121	173	0.754134
121	175	1.16052
121	176	1.14287
121	178	1.12935
121	179	1.15483
122	13	0.660264
122	23	0.731376
122	54	0.766837
122	74	0.663728
122	81	0.763571
122	105	0.757282
122	111	0.711738
122	126	0.748129
122	127	0.724877
122	131	0.702741
122	134	1.19554
122	137	0.744349
122	138	1.21835
122	142	0.717978
122	148	1.20744
122	150	1.18393
122	154	1.19401
122	157	1.20074
122	158	1.1857
122	160	1.19368
122	162	1.19554
122	167	1.20552
122	168	1.20263
122	173	1.18335
122	175	1.20334
122	176	1.18569
122	177	1.18975
122	178	1.17218
122	179	1.19765
123	43	1.1811
123	52	0.737509
123	56	0.827181
123	79	1.18035
123	82	1.14962
123	85	1.14621
123	119	0.695073
123	121	1.16417
123	125	1.18373
123	138	0.747745
123	139	0.742783
123	140	1.1741
123	148	0.737988
123	152	1.15339
123	154	1.16778
123	157	0.740936
123	158	0.772944
123	163	0.754931
123	164	1.16234
123	166	1.18373
123	168	1.1764
123	169	1.16515
123	171	1.17085
123	172	0.736528
123	174	0.76263
123	175	1.1771
123	176	1.15945
123	178	1.14594
123	179	1.17141
123	180	0.747999
124	5	1.06031
124	16	1.19285
124	33	1.23544
124	46	1.15491
124	52	1.1677
124	59	1.40932
124	60	1.11673
124	61	1.18305
124	79	0.769299
124	93	1.06549
124	94	0.723899
124	114	1.20488
124	118	1.13263
124	128	0.686531
124	130	1.14855
124	136	1.13209
124	145	0.74956
124	147	0.776676
124	150	1.14225
124	155	0.788259
124	156	1.1684
124	159	0.767536
124	160	1.152
124	161	1.17226
124	164	0.752771
124	167	1.16383
124	168	0.743366
124	169	0.745369
124	175	0.74075
124	178	0.760572
125	64	1.10001
125	70	0.76494
125	75	1.18229
125	98	1.16152
125	123	1.18373
125	126	0.780186
125	131	0.734799
125	132	0.745349
125	133	1.16124
125	140	1.17707
125	150	0.744183
125	152	1.15636
125	154	1.17075
125	155	0.784023
125	156	0.716817
125	164	1.16531
125	165	1.18101
125	166	1.1867
125	167	0.725133
125	168	1.17937
125	169	1.16813
125	171	1.17382
125	172	0.736277
125	173	0.755466
125	174	0.762379
125	175	1.18008
125	176	1.16243
125	178	1.14891
125	179	1.17439
125	180	0.747748
126	1	1.19284
126	3	0.750445
126	9	1.17537
126	44	1.14559
126	47	1.14924
126	56	1.10314
126	74	1.1953
126	78	0.793022
126	81	1.11328
126	90	1.23556
126	91	0.742894
126	99	1.11898
126	105	1.09211
126	116	0.76459
126	122	0.748129
126	125	0.780186
126	131	1.16905
126	135	1.14504
126	137	1.1044
126	140	0.782263
126	142	1.12822
126	146	1.13264
126	151	1.11088
126	153	1.1122
126	157	1.13818
126	158	0.813584
126	165	1.14171
126	169	0.782023
126	176	0.7818
126	179	0.77516
126	180	0.788639
127	1	1.19985
127	12	1.1905
127	13	1.19158
127	44	1.1526
127	53	1.15828
127	57	0.701629
127	81	1.12029
127	84	1.21762
127	91	0.719642
127	95	0.846817
127	99	1.12599
127	105	1.09911
127	111	1.15991
127	116	0.741338
127	117	0.772835
127	122	0.724877
127	128	1.21417
127	131	1.17605
127	135	1.15205
127	137	1.11141
127	139	0.76017
127	140	0.759011
127	142	1.13523
127	145	1.16938
127	146	1.13964
127	151	1.11789
127	153	1.1192
127	154	0.777987
127	158	0.790332
127	165	1.14871
127	174	0.780018
127	175	0.754152
127	178	0.773974
128	23	1.20834
128	36	0.810638
128	69	1.17302
128	100	1.21242
128	101	0.727866
128	106	1.2726
128	115	1.11574
128	118	0.701184
128	124	0.686531
128	127	1.21417
128	137	1.20347
128	138	0.690493
128	139	0.685531
128	142	1.22729
128	143	1.21584
128	146	1.23171
128	147	0.715439
128	149	0.698139
128	151	1.20995
128	153	1.21126
128	162	0.695709
128	163	0.697679
128	164	1.22508
128	165	1.24077
128	166	1.24647
128	170	0.701021
128	173	0.698465
128	174	0.705378
128	175	1.23984
128	176	1.22219
128	178	1.20868
128	179	1.23415
128	180	0.690748
129	6	1.20829
129	18	1.04704
129	33	0.690115
129	65	0.859275
129	81	0.802792
129	86	1.22536
129	104	1.11291
129	112	1.13836
129	119	1.22898
129	132	1.15953
129	137	0.78357
129	139	1.18699
129	142	0.757199
129	143	0.779389
129	146	0.744127
129	148	1.16576
129	149	1.15218
129	152	0.774781
129	155	1.11905
129	158	1.14402
129	161	0.730506
129	162	1.15385
129	163	1.15148
129	165	0.759904
129	166	0.724725
129	170	1.15662
129	172	1.15987
129	173	1.14166
129	174	1.14997
129	176	0.748072
129	177	1.14807
129	179	0.741432
129	180	1.15597
130	21	1.11935
130	37	0.716978
130	41	1.2321
130	49	0.783304
130	50	1.1644
130	52	1.16639
130	55	1.25657
130	60	1.11542
130	71	0.736389
130	95	1.09586
130	96	1.1749
130	103	1.16202
130	107	1.09489
130	116	1.17941
130	118	1.13132
130	119	0.721432
130	121	0.764575
130	124	1.14855
130	131	0.76141
130	134	1.15255
130	136	1.13078
130	139	0.769142
130	150	1.14093
130	153	0.780226
130	156	1.16709
130	157	1.15775
130	160	1.15069
130	163	0.781291
130	167	1.16252
130	168	0.765741
130	173	0.782077
130	175	0.763124
130	180	0.774359
131	17	0.710674
131	29	0.787917
131	31	0.747499
131	41	0.652148
131	45	0.763331
131	47	1.21019
131	53	1.21222
131	54	1.20985
131	56	1.16409
131	72	0.688558
131	80	0.740258
131	81	1.17423
131	99	1.17993
131	111	1.21385
131	116	0.719202
131	120	1.1778
131	122	0.702741
131	125	0.734799
131	126	1.16905
131	127	1.17605
131	130	0.76141
131	135	1.20599
131	137	1.16535
131	138	0.742997
131	141	1.20068
131	142	1.18917
131	146	1.19358
131	151	1.17183
131	153	1.17314
131	157	1.19913
131	161	1.21233
131	165	1.20265
131	166	0.713066
131	169	0.736636
132	9	0.715828
132	19	1.20383
132	24	0.618567
132	67	1.08334
132	70	1.15506
132	78	1.173
132	94	1.19316
132	102	1.14914
132	103	0.744599
132	108	1.16906
132	111	0.749849
132	112	1.14803
132	115	0.895656
132	119	1.23865
132	125	0.745349
132	129	1.15953
132	133	0.773691
132	138	1.18634
132	139	1.19665
132	149	1.16185
132	150	0.750236
132	153	0.759669
132	158	1.15369
132	162	1.16352
132	164	0.754588
132	168	0.745183
132	170	1.16629
132	171	0.744295
132	172	1.16954
132	173	1.15133
132	174	1.15964
132	177	1.15774
132	178	0.762389
132	179	0.740323
132	180	1.16564
133	11	0.744442
133	13	0.720663
133	42	1.21674
133	46	0.757439
133	51	0.764267
133	62	1.07554
133	82	1.12713
133	109	1.16169
133	117	1.14674
133	120	0.78924
133	121	1.14168
133	125	1.16124
133	132	0.773691
133	140	1.1516
133	143	1.13061
133	151	0.792087
133	152	1.13089
133	154	1.14529
133	158	0.801035
133	159	1.14759
133	160	0.76414
133	161	1.16522
133	163	0.783022
133	164	1.13984
133	166	1.16123
133	168	1.1539
133	169	1.14266
133	170	0.786364
133	171	1.14836
133	172	0.764619
133	173	0.783808
133	175	1.15461
133	176	1.13696
133	178	1.12345
133	179	1.14892
133	180	0.77609
134	5	1.06431
134	26	1.12525
134	33	1.23944
134	41	1.23741
134	52	1.1717
134	59	1.41332
134	61	1.18705
134	63	0.724798
134	66	1.18529
134	91	1.18637
134	93	1.06948
134	94	0.712286
134	96	1.18021
134	103	1.16733
134	108	0.742084
134	114	1.20888
134	117	0.74782
134	122	1.19554
134	130	1.15255
134	136	1.13609
134	139	0.735155
134	144	0.75108
134	145	0.737948
134	147	0.765064
134	150	1.14624
134	156	1.1724
134	157	1.16306
134	159	0.755923
134	160	1.156
134	161	1.17626
134	162	0.745334
134	163	0.747304
134	167	1.16783
134	169	0.733756
134	170	0.750646
134	172	0.728901
134	175	0.729137
135	9	1.21231
135	13	1.22152
135	15	0.709401
135	37	0.694139
135	44	1.18253
135	54	1.18584
135	56	1.14009
135	71	0.713549
135	72	0.696825
135	74	1.23224
135	77	0.771165
135	78	0.755902
135	81	1.15022
135	84	1.24755
135	99	1.15592
135	108	0.753231
135	116	0.72747
135	120	1.1538
135	126	1.14504
135	127	1.15205
135	131	1.20599
