1	11	1.05191
1	35	0.934099
1	51	1.00974
1	69	1.05131
1	80	1.11026
1	107	1.09433
1	141	0.908109
1	154	0.887666
1	159	1.02385
1	164	0.909309
1	173	1.12444
1	180	0.897153
2	15	0.686483
2	23	1.08897
2	50	1.12397
2	56	0.713966
2	59	1.05777
2	65	1.32908
2	77	1.19669
2	85	0.721206
2	86	1.41884
2	132	0.71897
2	151	0.762158
2	158	1.18464
3	26	0.741983
3	53	1.1965
3	105	1.11731
3	119	1.21868
3	131	1.18462
3	132	0.741896
3	137	0.711744
3	146	1.19737
3	150	1.17818
3	159	0.695756
3	173	1.3073
3	174	0.717053
4	13	1.19091
4	45	1.09642
4	61	0.676697
4	72	1.19755
4	73	1.21146
4	83	1.2805
4	84	1.15802
4	157	0.745943
4	159	0.713029
4	162	1.26508
4	174	0.734326
4	177	0.738122
5	40	0.789124
5	111	1.18074
5	113	0.67011
5	128	1.22334
5	152	0.696287
5	154	1.19661
5	160	0.716895
5	165	0.720114
5	166	1.20214
5	178	1.21978
5	179	1.17901
5	180	1.19838
6	29	0.549734
6	116	0.688269
6	129	0.703278
6	150	0.694617
6	157	1.2508
6	161	1.27643
6	163	0.657913
6	175	1.38294
6	178	1.28401
6	179	1.24323
6	180	1.26261
7	11	1.08212
7	28	0.99357
7	35	0.964308
7	38	0.945156
7	69	1.08152
7	107	1.12454
7	135	0.917078
7	144	0.904955
7	159	1.05406
7	173	1.15465
7	175	0.831039
7	179	0.9478
8	31	0.736386
8	94	0.733441
8	165	0.754007
8	167	0.745208
8	170	1.18552
8	174	1.19883
8	175	0.629398
8	176	1.20863
8	177	1.19936
8	178	1.22328
8	179	1.18251
8	180	1.20188
9	61	0.712855
9	86	0.605693
9	102	0.734535
9	104	1.12591
9	139	1.23083
9	145	0.767582
9	157	0.782101
9	165	1.17947
9	167	1.20891
9	168	1.23167
9	169	1.19988
9	171	1.22334
10	23	1.09029
10	25	1.11607
10	59	1.05909
10	65	1.3304
10	77	1.19801
10	86	1.42016
10	100	0.759435
10	103	0.729784
10	140	0.681592
10	158	1.18596
10	167	0.711075
10	169	0.720044
11	1	1.05191
11	7	1.08212
11	38	1.11457
11	80	1.30989
11	86	0.593874
11	107	1.29395
11	136	0.786811
11	159	1.22347
11	162	0.687922
11	173	1.32407
11	174	0.758665
11	179	0.773837
12	42	1.13145
12	62	1.16355
12	87	1.18908
12	90	1.25908
12	109	0.745941
12	117	1.17885
12	120	1.25025
12	121	0.720575
12	142	0.704206
12	145	1.22774
12	170	0.734421
12	180	0.696698
13	4	1.19091
13	72	1.18982
13	73	1.20373
13	83	1.27276
13	84	1.15029
13	99	0.709507
13	117	1.13514
13	150	0.749447
13	153	0.711468
13	160	0.724052
13	162	1.25734
13	164	0.70669
14	17	0.668153
14	28	0.735152
14	105	0.774815
14	114	0.703312
14	116	0.710622
14	157	1.19256
14	164	1.2022
14	172	1.18828
14	177	1.20185
14	178	1.22577
14	179	1.18499
14	180	1.20437
15	2	0.686483
15	33	1.16818
15	41	1.1195
15	45	1.11937
15	72	1.2205
15	83	1.30344
15	84	1.18097
15	115	0.665031
15	131	0.752052
15	132	0.76189
15	152	0.73624
15	162	1.28802
16	20	0.883241
16	51	0.658077
16	60	0.745722
16	80	0.615241
16	87	1.1702
16	90	1.2402
16	109	1.17651
16	125	1.20735
16	131	1.19204
16	145	1.20886
16	146	1.20478
16	157	0.693421
17	14	0.668153
17	54	1.20076
17	70	1.22952
17	74	1.10699
17	75	1.22952
17	91	1.24699
17	92	1.24699
17	129	1.13921
17	162	0.670326
17	170	0.769076
17	174	0.741069
17	179	0.756242
18	24	0.753375
18	91	0.68062
18	109	0.725562
18	118	0.742958
18	121	1.20459
18	146	0.69218
18	170	1.18683
18	172	1.18709
18	176	1.20993
18	178	1.22458
18	179	1.18381
18	180	1.20318
19	55	1.19552
19	85	1.15699
19	100	1.16413
19	126	1.22013
19	138	1.17742
19	150	1.17835
19	156	0.74885
19	159	0.730306
19	171	0.736726
19	173	1.30747
19	175	0.650014
19	176	0.73676
20	16	0.883241
20	89	1.08563
20	93	0.887747
20	96	1.04531
20	124	0.902213
20	160	1.04007
20	163	1.03348
20	167	1.04184
20	168	1.06459
20	169	1.03281
20	171	1.05627
20	176	0.931285
21	23	0.937341
21	29	1.17409
21	50	0.972347
21	59	0.906142
21	65	1.17745
21	86	1.26721
21	106	0.881082
21	129	0.932372
21	158	1.03301
21	159	0.90945
21	178	0.891225
21	180	0.921031
22	35	0.753955
22	119	0.609665
22	125	0.592374
22	130	0.68725
22	140	1.32047
22	154	1.29533
22	155	0.618115
22	161	1.31093
22	169	0.634006
22	176	1.30385
22	177	1.29459
22	179	1.27773
22	180	1.2971
23	2	1.08897
23	10	1.09029
23	21	0.937341
23	25	1.07784
23	29	1.28881
23	50	1.08707
23	52	0.761248
23	86	1.38193
23	87	0.825116
23	158	1.14773
23	165	0.798319
23	177	0.779094
23	178	0.735776
24	18	0.753375
24	53	1.13369
24	94	1.13071
24	101	1.08956
24	115	0.740015
24	125	1.13713
24	138	1.11444
24	142	0.809822
24	146	1.13456
24	149	0.794453
24	150	1.11537
24	173	1.24449
24	180	0.802315
25	10	1.11607
25	23	1.07784
25	29	1.3146
25	50	1.11285
25	59	1.04664
25	76	0.887849
25	77	1.18557
25	105	0.841465
25	127	0.696236
25	129	1.07287
25	158	1.17352
25	171	0.723547
25	179	0.753595
26	3	0.741983
26	52	0.75557
26	104	0.84905
26	125	0.751179
26	136	0.797767
26	153	1.15714
26	154	1.13459
26	172	1.12026
26	176	1.1431
26	177	1.13384
26	178	1.15776
26	179	1.11698
26	180	1.13636
27	34	1.04479
27	46	1.04479
27	57	1.20313
27	88	1.17689
27	98	1.12148
27	106	1.14837
27	137	0.765239
27	157	1.11421
27	160	0.79035
27	172	0.801848
27	175	1.24636
27	179	0.78572
27	180	0.760832
28	7	0.99357
28	14	0.735152
28	38	1.02602
28	50	0.826758
28	51	1.12081
28	69	1.16238
28	80	1.22134
28	97	0.805679
28	107	1.2054
28	159	1.13492
28	162	0.737325
28	173	1.23551
28	180	0.798353
29	6	0.549734
29	21	1.17409
29	23	1.28881
29	25	1.3146
29	59	1.25761
29	75	0.661785
29	77	1.39653
29	129	1.28384
29	142	0.642796
29	151	0.713035
29	158	1.38449
29	167	0.659226
29	170	0.673011
30	51	1.08645
30	106	1.10424
30	107	1.17104
30	113	1.16423
30	157	1.07009
30	159	1.10056
30	161	0.777512
30	162	0.736587
30	165	0.83035
30	173	1.20115
30	175	1.20223
30	176	0.792488
30	178	0.767808
31	8	0.736386
31	34	1.04414
31	46	1.04414
31	56	0.769929
31	88	1.17624
31	98	1.12083
31	104	0.82952
31	105	0.853132
31	106	1.14771
31	113	1.2077
31	157	1.11356
31	175	1.24571
31	178	0.710568
32	63	1.09163
32	70	1.16895
32	74	1.04641
32	75	1.16895
32	91	1.18642
32	92	1.18642
32	115	0.718135
32	120	1.17254
32	129	1.07864
32	132	0.814993
32	154	0.770947
32	156	0.787398
32	169	0.813341
33	15	1.16818
33	41	1.04315
33	45	1.04302
33	72	1.14415
33	73	1.15806
33	83	1.22709
33	84	1.10462
33	134	0.791376
33	142	0.790355
33	144	0.764891
33	161	0.762745
33	162	1.21167
33	174	0.792563
34	27	1.04479
34	31	1.04414
34	46	0.995628
34	57	1.15396
34	76	0.968029
34	88	1.12773
34	98	1.07231
34	106	1.0992
34	157	1.06504
34	159	0.797307
34	161	0.788785
34	172	0.849904
34	175	1.19719
34	176	0.803761
35	1	0.934099
35	7	0.964308
35	22	0.753955
35	38	0.996759
35	51	1.09155
35	69	1.13312
35	80	1.19207
35	107	1.17614
35	124	0.843917
35	129	0.941688
35	159	1.10566
35	171	0.872954
35	173	1.20625
35	175	0.786242
36	40	1.02547
36	53	1.11159
36	100	1.07904
36	101	1.06746
36	111	0.829873
36	112	1.09917
36	114	1.09785
36	116	0.869763
36	119	1.13377
36	134	0.829727
36	138	1.09233
36	150	1.09326
36	152	0.830108
36	163	0.839408
37	51	0.858055
37	123	0.862124
37	124	1.11696
37	164	1.08387
37	166	1.08979
37	167	0.896004
37	170	1.06968
37	172	1.06994
37	173	0.79835
37	175	0.780194
37	176	1.09279
37	177	1.08352
37	178	1.10744
37	180	1.08604
38	7	0.945156
38	11	1.11457
38	28	1.02602
38	35	0.996759
38	69	1.11397
38	80	1.17292
38	107	1.15699
38	115	0.780148
38	134	0.850977
38	135	0.836614
38	155	0.859463
38	159	1.08651
38	165	0.875184
38	173	1.1871
39	58	1.3014
39	85	1.16704
39	108	0.750893
39	112	1.19431
39	119	1.22891
39	131	1.19485
39	139	0.695265
39	146	1.20759
39	147	0.704144
39	150	1.1884
39	157	0.706739
39	161	0.665304
39	173	1.31752
39	176	0.68028
40	5	0.789124
40	36	1.02547
40	58	1.18355
40	94	1.0859
40	100	1.05633
40	108	0.892491
40	111	0.83568
40	114	1.07514
40	123	1.10094
40	126	1.11234
40	146	1.08975
40	150	1.07056
40	174	0.836721
40	179	0.851893
41	15	1.1195
41	33	1.04315
41	45	0.994336
41	72	1.09547
41	73	1.10938
41	76	0.970206
41	83	1.17841
41	84	1.05594
41	117	1.04079
41	127	0.778592
41	157	0.832397
41	162	1.16299
41	174	0.82078
41	176	0.805938
42	12	1.13145
42	49	1.08234
42	62	1.0244
42	87	1.04993
42	90	1.11993
42	113	1.15752
42	117	1.03971
42	124	1.10611
42	133	0.834732
42	142	0.846145
42	145	1.0886
42	157	0.859971
42	177	0.85215
42	178	0.808832
43	111	0.85713
43	130	1.04567
43	135	0.842621
43	141	1.08238
43	143	1.08596
43	147	1.08891
43	149	1.10994
43	161	0.828352
43	164	0.860611
43	167	1.08974
43	168	1.1125
43	169	1.08071
43	171	1.10417
43	178	0.818649
44	152	1.22634
44	155	1.21764
44	156	0.713866
44	160	1.22475
44	161	0.6868
44	165	1.19707
44	167	1.22652
44	168	1.24927
44	169	1.21749
44	170	0.744625
44	171	1.24094
44	173	0.633185
44	177	0.720414
44	180	0.706902
45	4	1.09642
45	15	1.11937
45	33	1.04302
45	41	0.994336
45	48	0.829222
45	73	1.10924
45	83	1.17828
45	84	1.0558
45	89	0.79503
45	117	1.04066
45	154	0.842715
45	155	0.869218
45	162	1.16286
45	177	0.865714
46	27	1.04479
46	31	1.04414
46	34	0.995628
46	57	1.15396
46	72	0.827361
46	83	0.790536
46	88	1.12773
46	98	1.07231
46	106	1.0992
46	110	0.882289
46	115	0.799214
46	157	1.06504
46	170	0.899236
46	175	1.19719
47	105	0.848185
47	124	0.70123
47	139	1.19199
47	141	1.1627
47	150	0.79034
47	153	0.752361
47	160	1.1683
47	162	0.6744
47	163	1.16171
47	165	1.14062
47	167	1.17007
47	169	1.16104
47	171	1.18449
47	174	1.15909
47	180	0.735427
48	45	0.829222
48	112	0.740635
48	117	0.757817
48	118	0.768917
48	135	1.17727
48	141	0.713234
48	144	0.684322
48	154	1.16928
48	166	1.1748
48	170	1.15469
48	172	1.15495
48	176	1.17779
48	177	1.16853
48	179	1.15167
48	180	1.17104
49	42	1.08234
49	62	1.11444
49	87	1.13998
49	90	1.20998
49	113	1.24756
49	117	1.12975
49	118	0.800985
49	120	1.20115
49	124	1.19615
49	132	0.768905
49	145	1.17864
49	148	0.747431
49	155	0.751361
49	176	0.729219
49	178	0.70454
50	2	1.12397
50	21	0.972347
50	23	1.08707
50	25	1.11285
50	28	0.826758
50	65	1.32717
50	66	0.647889
50	77	1.19479
50	86	1.41693
50	129	1.0821
50	140	0.748119
50	148	0.76675
50	158	1.18274
50	176	0.748538
50	177	0.767176
51	1	1.00974
51	16	0.658077
51	28	1.12081
51	30	1.08645
51	35	1.09155
51	37	0.858055
51	60	0.784881
51	69	1.20876
51	80	1.26771
51	107	1.25178
51	132	0.745806
51	159	1.1813
51	172	0.752263
51	173	1.28189
51	176	0.706121
52	23	0.761248
52	26	0.75557
52	107	0.6846
52	122	0.781503
52	149	1.18208
52	155	1.15301
52	158	1.19663
52	160	1.16012
52	165	1.13245
52	167	1.16189
52	168	1.18465
52	169	1.15286
52	170	0.758647
52	171	1.17632
52	172	0.76194
53	3	1.1965
53	24	1.13369
53	36	1.11159
53	69	0.722554
53	112	1.16259
53	123	1.18706
53	125	1.17844
53	126	1.19846
53	128	0.733181
53	136	0.773239
53	138	1.15575
53	146	1.17587
53	153	0.752311
53	164	0.747532
53	170	0.7731
54	17	1.20076
54	63	1.11666
54	67	1.19657
54	70	1.19397
54	74	1.07144
54	75	1.19398
54	91	1.21145
54	92	1.21145
54	95	0.75153
54	108	0.77054
54	121	0.728931
54	129	1.10367
54	151	0.7828
54	165	0.73779
54	166	0.732378
55	19	1.19552
55	64	0.781077
55	79	1.13798
55	100	1.1413
55	101	1.12972
55	104	0.814131
55	105	1.09465
55	123	1.18591
55	134	0.733514
55	146	1.17471
55	149	0.717123
55	150	1.15552
55	161	0.704882
55	166	0.752309
55	173	1.28464
56	2	0.713966
56	31	0.769929
56	81	1.25881
56	125	0.746089
56	127	1.22332
56	130	0.840964
56	151	1.10602
56	161	1.16626
56	168	0.744711
56	172	1.13634
56	173	0.681097
56	177	1.14992
56	178	1.17384
56	179	1.13306
56	180	1.15243
57	27	1.20313
57	34	1.15396
57	46	1.15396
57	66	1.33579
57	67	0.691765
57	88	1.28606
57	98	1.23065
57	106	1.25753
57	131	0.696975
57	145	0.679068
57	149	0.664391
57	157	1.22338
57	159	0.660672
57	166	0.699578
57	170	0.709976
57	175	1.35552
58	39	1.3014
58	40	1.18355
58	79	1.2338
58	85	1.22999
58	94	1.26669
58	105	1.19048
58	108	0.729842
58	125	1.27311
58	134	0.672885
58	138	1.25042
58	145	0.671171
58	146	1.27054
58	165	0.697093
58	169	0.697263
58	176	0.65923
58	177	0.677868
59	2	1.05777
59	10	1.05909
59	21	0.906142
59	25	1.04664
59	29	1.25761
59	64	0.868078
59	65	1.26097
59	77	1.12858
59	81	0.734602
59	86	1.35073
59	129	1.01589
59	134	0.820515
59	158	1.11653
59	161	0.791883
59	178	0.78218
59	180	0.811986
60	16	0.745722
60	51	0.784881
60	63	0.852306
60	68	1.15376
60	148	1.14139
60	152	0.807802
60	163	0.817102
60	166	1.11966
60	168	0.78879
60	170	1.09955
60	172	1.09982
60	176	1.12266
60	177	1.11339
60	178	1.13731
60	179	1.09654
60	180	1.11591
61	4	0.676697
61	9	0.712855
61	80	0.620498
61	84	0.721819
61	102	0.651113
61	128	1.26975
61	136	0.715209
61	146	0.693206
61	151	1.19838
61	154	1.24303
61	161	1.25862
61	176	1.25154
61	177	1.24228
61	178	1.2662
61	179	1.22542
61	180	1.24479
62	12	1.16355
62	42	1.0244
62	49	1.11444
62	87	1.08203
62	90	1.15203
62	93	0.73755
62	113	1.18962
62	117	1.07181
62	120	1.14321
62	121	0.810091
62	124	1.13821
62	145	1.1207
62	153	0.803148
62	160	0.815732
62	167	0.810152
62	172	0.82723
63	32	1.09163
63	54	1.11666
63	60	0.852306
63	67	1.14802
63	70	1.14542
63	74	1.02289
63	75	1.14542
63	91	1.16289
63	92	1.16289
63	96	0.796063
63	103	0.821319
63	120	1.14901
63	129	1.05511
63	152	0.787582
63	154	0.769185
63	171	0.773512
64	55	0.781077
64	59	0.868078
64	73	0.759116
64	85	0.818145
64	88	1.15193
64	98	1.09651
64	106	1.1234
64	125	0.772626
64	132	1.10455
64	155	0.798367
64	157	1.08924
64	175	1.22139
64	176	1.1078
64	178	1.12245
64	179	1.08168
64	180	1.10105
65	2	1.32908
65	10	1.3304
65	21	1.17745
65	50	1.32717
65	59	1.26097
65	70	0.627681
65	77	1.39989
65	108	0.685523
65	129	1.2872
65	139	0.629895
65	153	0.63697
65	158	1.38784
65	160	0.649554
65	168	0.609934
65	172	0.661053
66	50	0.647889
66	57	1.33579
66	95	0.665959
66	98	1.25415
66	106	1.28103
66	107	1.34783
66	152	0.628393
66	157	1.24688
66	159	1.27735
66	161	0.599381
66	166	0.646808
66	169	0.65239
66	172	0.6605
66	173	1.37795
66	175	1.37903
67	54	1.19657
67	57	0.691765
67	63	1.14802
67	74	1.1028
67	91	1.2428
67	92	1.2428
67	136	1.16694
67	137	0.749177
67	152	1.20075
67	153	0.761704
67	155	1.19205
67	166	0.772095
67	169	1.1919
67	171	1.21535
67	173	0.671054
67	178	0.714964
67	180	0.74477
68	60	1.15376
68	88	0.689648
68	116	0.742342
68	130	0.779927
68	139	0.703635
68	142	0.701284
68	150	0.74869
68	154	1.19416
68	160	0.723294
68	161	1.20976
68	166	1.19968
68	170	1.17957
68	172	1.17984
68	177	1.19341
68	178	1.21733
68	179	1.17656
68	180	1.19593
69	1	1.05131
69	7	1.08152
69	28	1.16238
69	35	1.13312
69	38	1.11397
69	51	1.20876
69	53	0.722554
69	80	1.30928
69	97	0.719762
69	107	1.29335
69	151	0.790183
69	155	0.729452
69	159	1.22287
69	172	0.753453
69	173	1.32346
69	176	0.70731
69	178	0.68263
70	17	1.22952
70	32	1.16895
70	54	1.19397
70	63	1.14542
70	65	0.627681
70	74	1.1002
70	75	1.22274
70	91	1.24021
70	92	1.24021
70	103	0.775549
70	120	1.22632
70	129	1.13243
70	130	0.819053
70	160	0.76242
70	164	0.745058
70	171	0.727742
70	175	0.64103
71	79	0.758991
71	88	0.698108
71	98	0.723959
71	111	1.17056
71	112	0.740594
71	113	0.684969
71	131	0.726958
71	138	0.757456
71	141	1.18876
71	156	1.19892
71	167	1.19612
71	168	1.21888
71	169	1.1871
71	171	1.21055
71	172	1.17211
71	179	1.16883
71	180	1.1882
72	4	1.19755
72	13	1.18982
72	15	1.2205
72	33	1.14415
72	41	1.09547
72	46	0.827361
72	73	1.21037
72	83	1.27941
72	84	1.15693
72	91	0.695407
72	117	1.14179
72	121	0.714984
72	129	0.754681
72	143	0.70403
72	162	1.26399
72	164	0.703262
72	174	0.700823
73	4	1.21146
73	13	1.20373
73	33	1.15806
73	41	1.10938
73	45	1.10924
73	64	0.759116
73	72	1.21037
73	83	1.29332
73	84	1.17084
73	117	1.1557
73	122	0.763602
73	143	0.715947
73	147	0.721762
73	153	0.719957
73	154	0.693536
73	162	1.2779
73	179	0.727912
74	17	1.10699
74	32	1.04641
74	54	1.07144
74	63	1.02289
74	67	1.1028
74	70	1.1002
74	75	1.10021
74	91	1.11767
74	92	1.11767
74	117	0.907754
74	120	1.10379
74	125	0.84349
74	129	1.0099
74	134	0.860744
74	154	0.842728
74	156	0.859179
74	162	0.791188
75	17	1.22952
75	29	0.661785
75	32	1.16895
75	54	1.19398
75	63	1.14542
75	70	1.22274
75	74	1.10021
75	91	1.24021
75	92	1.24021
75	93	0.703091
75	102	0.725522
75	120	1.22633
75	124	0.717557
75	129	1.13243
75	161	0.731652
75	166	0.779079
75	169	0.784662
76	25	0.887849
76	34	0.968029
76	41	0.970206
76	78	1.04612
76	80	0.827553
76	106	0.844453
76	143	0.897324
76	156	1.0617
76	161	1.06481
76	164	1.04881
76	170	1.03462
76	172	1.03489
76	174	1.04793
76	176	1.05773
76	177	1.04846
76	178	1.07238
76	179	1.0316
76	180	1.05098
77	2	1.19669
77	10	1.19801
77	25	1.18557
77	29	1.39653
77	50	1.19479
77	59	1.12858
77	65	1.39989
77	86	1.48965
77	128	0.662595
77	129	1.15481
77	132	0.69935
77	134	0.67332
77	149	0.656929
77	156	0.671754
77	158	1.25546
77	164	0.676946
77	177	0.678303
77	179	0.689679
78	76	1.04612
78	79	0.802531
78	93	1.20512
78	101	0.807749
78	122	1.13124
78	136	0.78364
78	144	0.727821
78	147	0.764515
78	155	0.762793
78	164	1.15105
78	166	1.15698
78	171	0.740617
78	172	1.13713
78	176	1.15997
78	177	1.15071
78	178	1.17463
78	179	1.13385
78	180	1.15322
79	55	1.13798
79	58	1.2338
79	71	0.758991
79	78	0.802531
79	105	1.05994
79	107	0.745689
79	109	1.11173
79	112	1.12672
79	114	1.12539
79	123	1.15119
79	126	1.16259
79	133	0.778107
79	138	1.11988
79	150	1.12081
79	162	0.720986
79	170	0.819736
79	173	1.24993
79	176	0.776887
80	1	1.11026
80	11	1.30989
80	16	0.615241
80	28	1.22134
80	35	1.19207
80	38	1.17292
80	51	1.26771
80	61	0.620498
80	69	1.30928
80	76	0.827553
80	93	0.619747
80	107	1.3523
80	115	0.606112
80	151	0.746157
80	159	1.28182
80	173	1.38241
80	174	0.678127
80	179	0.693299
81	56	1.25881
81	59	0.734602
81	113	0.630607
81	114	0.689129
81	126	0.669741
81	147	0.666613
81	150	0.702787
81	151	1.21805
81	158	0.629911
81	161	1.27829
81	163	0.666084
81	166	1.26821
81	170	1.2481
81	176	1.27121
81	177	1.26194
81	178	1.28586
81	179	1.24509
81	180	1.26446
82	90	0.746443
82	137	1.16663
82	142	0.774282
82	143	0.779699
82	147	0.785513
82	151	1.10232
82	153	1.16952
82	158	0.748811
82	164	1.14657
82	168	0.756672
82	169	0.799682
82	170	1.13238
82	172	1.13265
82	176	1.15549
82	177	1.14622
82	178	1.17014
82	179	1.12936
82	180	1.14874
83	4	1.2805
83	13	1.27276
83	15	1.30344
83	33	1.22709
83	41	1.17841
83	45	1.17828
83	46	0.790536
83	72	1.27941
83	73	1.29332
83	84	1.23988
83	107	0.617958
83	134	0.66281
83	141	0.665237
83	148	0.667367
83	153	0.671215
83	157	0.675614
83	162	1.34693
83	180	0.654281
84	4	1.15802
84	13	1.15029
84	15	1.18097
84	33	1.10462
84	41	1.05594
84	45	1.0558
84	61	0.721819
84	72	1.15693
84	73	1.17084
84	83	1.23988
84	94	0.781902
84	117	1.10226
84	162	1.22446
84	163	0.787941
84	164	0.781887
84	172	0.810748
84	174	0.779447
84	178	0.739925
85	2	0.721206
85	19	1.15699
85	39	1.16704
85	58	1.22999
85	64	0.818145
85	95	0.808529
85	100	1.10277
85	102	1.18177
85	109	1.10791
85	112	1.1229
85	125	1.13875
85	126	1.15877
85	135	0.756219
85	138	1.11606
85	150	1.11699
85	165	0.794789
85	174	0.771769
85	178	0.732247
86	2	1.41884
86	9	0.605693
86	10	1.42016
86	11	0.593874
86	21	1.26721
86	23	1.38193
86	50	1.41693
86	59	1.35073
86	77	1.48965
86	95	0.61666
86	122	0.630763
86	129	1.37696
86	132	0.604743
86	134	0.578713
86	158	1.4776
86	166	0.597508
86	167	0.594121
86	177	0.583696
87	12	1.18908
87	16	1.1702
87	23	0.825116
87	42	1.04993
87	49	1.13998
87	62	1.08203
87	89	0.72762
87	90	1.17757
87	113	1.21515
87	117	1.09734
87	120	1.16874
87	124	1.16374
87	145	1.14623
87	174	0.794509
87	175	0.69292
87	177	0.798305
87	178	0.754987
87	179	0.809681
88	27	1.17689
88	31	1.17624
88	34	1.12773
88	46	1.12773
88	57	1.28606
88	64	1.15193
88	68	0.689648
88	71	0.698108
88	92	0.695402
88	98	1.20441
88	106	1.2313
88	113	1.29128
88	125	0.712405
88	128	0.718935
88	134	0.729659
88	156	0.728094
88	157	1.19714
88	175	1.32929
88	177	0.734642
89	20	1.08563
89	45	0.79503
89	87	0.72762
89	118	1.15669
89	129	0.73166
89	142	1.21388
89	145	0.6749
89	147	1.21688
89	148	0.681171
89	151	0.745832
89	155	1.20884
89	159	0.656505
89	163	1.20936
89	165	1.18827
89	167	1.21771
89	168	1.24047
89	171	1.23214
89	175	1.33013
89	179	0.692974
90	12	1.25908
90	16	1.2402
90	42	1.11993
90	49	1.20998
90	62	1.15203
90	82	0.746443
90	87	1.17757
90	96	0.722318
90	108	0.770413
90	113	1.28515
90	117	1.16734
90	119	0.713492
90	120	1.23874
90	124	1.23374
90	137	0.709333
90	145	1.21623
90	161	0.684824
90	162	0.643899
90	174	0.714643
91	17	1.24699
91	18	0.68062
91	32	1.18642
91	54	1.21145
91	63	1.16289
91	67	1.2428
91	70	1.24021
91	72	0.695407
91	74	1.11767
91	75	1.24021
91	92	1.25768
91	120	1.24379
91	128	0.727364
91	129	1.1499
91	154	0.720072
91	164	0.741715
91	165	0.762296
91	174	0.739275
91	175	0.637686
92	17	1.24699
92	32	1.18642
92	54	1.21145
92	63	1.16289
92	67	1.2428
92	70	1.24021
92	74	1.11767
92	75	1.24021
92	88	0.695402
92	91	1.25768
92	104	0.788677
92	120	1.2438
92	129	1.1499
92	138	0.75475
92	144	0.681575
92	169	0.732438
92	173	0.625814
92	176	0.694405
92	179	0.724419
93	20	0.887747
93	62	0.73755
93	75	0.703091
93	78	1.20512
93	80	0.619747
93	108	1.18866
93	140	1.23335
93	147	0.695333
93	151	1.16356
93	152	0.685504
93	153	1.23076
93	156	1.22069
93	161	1.2238
93	163	0.694804
93	166	1.21373
93	170	1.19362
93	171	0.671434
93	176	1.21672
93	180	1.20998
94	8	0.733441
94	24	1.13071
94	40	1.0859
94	58	1.26669
94	84	0.781902
94	101	1.12789
94	119	1.1942
94	123	1.18408
94	125	1.17546
94	126	1.19548
94	131	1.16014
94	138	1.15277
94	146	1.17289
94	150	1.1537
94	158	0.719466
94	163	0.755639
94	167	0.761367
94	172	0.778446
94	178	0.707624
94	179	0.762318
95	54	0.75153
95	66	0.665959
95	85	0.808529
95	86	0.61666
95	97	0.779061
95	133	1.15779
95	136	1.13543
95	144	1.19449
95	147	1.16858
95	152	1.16924
95	153	0.788668
95	160	1.16764
95	163	1.16106
95	165	1.13997
95	167	1.16941
95	168	1.19217
95	169	1.16039
95	170	0.809457
95	171	1.18384
95	177	0.785246
96	20	1.04531
96	63	0.796063
96	90	0.722318
96	98	0.764372
96	137	0.747056
96	152	1.17723
96	155	1.16852
96	157	0.763983
96	158	1.21214
96	160	1.17563
96	163	1.16905
96	165	1.14796
96	167	1.1774
96	168	1.20016
96	169	1.16837
96	171	1.19183
96	174	1.16643
96	177	0.756162
96	178	0.712844
96	180	0.74265
97	28	0.805679
97	69	0.719762
97	95	0.779061
97	123	0.722642
97	127	1.22863
97	136	0.770448
97	146	0.748445
97	149	0.724723
97	153	1.17853
97	156	1.16846
97	161	1.17157
97	166	1.1615
97	168	0.722482
97	172	1.14165
97	174	1.15469
97	176	1.16449
97	177	1.15523
97	178	1.17915
97	179	1.13837
97	180	1.15775
98	27	1.12148
98	31	1.12083
98	34	1.07231
98	46	1.07231
98	57	1.23065
98	64	1.09651
98	66	1.25415
98	71	0.723959
98	88	1.20441
98	96	0.764372
98	106	1.17589
98	113	1.23587
98	133	0.743076
98	156	0.753945
98	157	1.14173
98	159	0.7354
98	166	0.774306
98	168	0.736878
98	175	1.27388
98	179	0.771869
99	13	0.709507
99	100	0.812528
99	122	1.14364
99	130	0.826381
99	142	0.747738
99	146	0.756091
99	148	1.1911
99	153	1.1864
99	155	0.757247
99	156	1.17634
99	166	1.16937
99	170	1.14926
99	171	0.735071
99	172	1.14953
99	175	0.648358
99	176	1.17237
99	177	1.1631
99	178	1.18702
99	179	1.14625
99	180	1.16562
100	10	0.759435
100	19	1.16413
100	36	1.07904
100	40	1.05633
100	55	1.1413
100	85	1.10277
100	99	0.812528
100	105	1.06326
100	106	0.757608
100	112	1.13004
100	125	1.14589
100	126	1.16591
100	131	1.13058
100	140	0.79201
100	146	1.14332
100	150	1.12413
100	152	0.806465
100	165	0.830292
100	170	0.835279
100	173	1.25325
100	175	0.705683
101	24	1.08956
101	36	1.06746
101	55	1.12972
101	78	0.807749
101	94	1.12789
101	112	1.11846
101	119	1.15305
101	122	0.84781
101	123	1.14293
101	126	1.15433
101	128	0.785035
101	131	1.11899
101	134	0.79576
101	138	1.11162
101	145	0.794045
101	146	1.13174
101	148	0.800316
101	150	1.11255
101	173	1.24167
101	175	0.695358
101	176	0.782105
102	9	0.734535
102	61	0.651113
102	75	0.725522
102	85	1.18177
102	109	1.19405
102	114	1.20771
102	115	0.636726
102	119	1.24363
102	121	0.722903
102	123	1.23351
102	125	1.22489
102	126	1.24491
102	128	0.69683
102	131	1.20957
102	138	1.2022
102	146	1.22232
102	150	1.20313
102	156	0.705989
102	166	0.72635
102	173	1.33225
102	174	0.708742
103	10	0.729784
103	63	0.821319
103	70	0.775549
103	110	0.78868
103	116	0.81647
103	122	1.10856
103	140	1.15392
103	141	0.778861
103	143	0.780829
103	153	1.15133
103	154	1.12878
103	161	1.14438
103	164	1.12838
103	166	1.1343
103	169	0.800812
103	170	1.11419
103	172	1.11446
103	177	1.12803
103	178	1.15195
103	179	1.11118
103	180	1.13055
104	9	1.12591
104	26	0.84905
104	31	0.82952
104	55	0.814131
104	92	0.788677
104	116	1.07837
104	142	1.08708
104	143	1.08713
104	149	1.11111
104	155	1.08204
104	160	1.08915
104	163	1.08257
104	165	1.06148
104	166	0.841729
104	167	1.09092
104	168	1.11368
104	169	1.08189
104	171	1.10535
104	175	1.20333
104	177	0.827916
104	179	0.839293
104	180	0.814405
105	3	1.11731
105	14	0.774815
105	25	0.841465
105	31	0.853132
105	47	0.848185
105	55	1.09465
105	58	1.19048
105	79	1.05994
105	100	1.06326
105	109	1.0684
105	112	1.08339
105	114	1.08206
105	125	1.09924
105	127	0.805545
105	131	1.08392
105	138	1.07655
105	146	1.09667
105	150	1.07748
105	159	0.826435
105	173	1.2066
105	174	0.847732
105	178	0.80821
106	21	0.881082
106	27	1.14837
106	30	1.10424
106	31	1.14771
106	34	1.0992
106	46	1.0992
106	57	1.25753
106	64	1.1234
106	66	1.28103
106	76	0.844453
106	88	1.2313
106	98	1.17589
106	100	0.757608
106	113	1.26276
106	153	0.702244
106	154	0.675823
106	157	1.16862
106	158	0.667347
106	175	1.30076
106	176	0.680184
106	179	0.710199
106	180	0.685311
107	1	1.09433
107	7	1.12454
107	11	1.29395
107	28	1.2054
107	30	1.17104
107	35	1.17614
107	38	1.15699
107	51	1.25178
107	52	0.6846
107	66	1.34783
107	69	1.29335
107	79	0.745689
107	80	1.3523
107	83	0.617958
107	127	0.656464
107	138	0.744155
107	144	0.670979
107	159	1.26589
107	167	0.712873
107	170	0.726658
107	173	1.36648
107	176	0.683809
107	178	0.659129
108	39	0.750893
108	40	0.892491
108	54	0.77054
108	58	0.729842
108	65	0.685523
108	90	0.770413
108	93	1.18866
108	119	0.79931
108	123	0.780802
108	127	1.20765
108	140	1.16014
108	144	1.16976
108	163	1.13633
108	165	1.11524
108	166	1.14052
108	167	1.14469
108	168	1.16744
108	169	1.13566
108	171	1.15912
108	172	1.12067
108	173	0.717028
108	179	1.11739
108	180	1.13676
109	12	0.745941
109	16	1.17651
109	18	0.725562
109	79	1.11173
109	85	1.10791
109	102	1.19405
109	105	1.0684
109	112	1.13518
109	114	1.13385
109	119	1.16977
109	123	1.15965
109	126	1.17105
109	131	1.13571
109	140	0.768956
109	141	0.785457
109	146	1.14846
109	150	1.12927
109	151	0.852248
109	158	0.756537
109	162	0.713474
109	171	0.769341
109	173	1.25839
109	174	0.784217
110	46	0.882289
110	103	0.78868
110	121	0.769911
110	136	1.1048
110	137	0.750441
110	139	1.1607
110	141	1.13142
110	143	1.135
110	144	1.16386
110	147	1.13795
110	158	1.17352
110	159	0.734453
110	161	0.725931
110	163	1.13043
110	167	1.13878
110	168	1.16154
110	169	1.12976
110	171	1.15321
110	174	1.12781
110	175	1.2512
110	176	0.740908
110	179	0.770922
110	180	0.746034
111	5	1.18074
111	36	0.829873
111	40	0.83568
111	43	0.85713
111	71	1.17056
111	121	1.14185
111	126	0.7558
111	140	1.16381
111	151	1.09403
111	152	0.742843
111	153	1.16122
111	154	1.13867
111	158	0.71597
111	161	1.15427
111	162	1.22715
111	166	1.14419
111	169	0.766841
111	170	1.12408
111	171	0.728773
111	173	0.660217
111	177	1.13792
111	179	1.12107
111	180	1.14044
112	36	1.09917
112	39	1.19431
112	48	0.740635
112	53	1.16259
112	71	0.740594
112	79	1.12672
112	85	1.1229
112	100	1.13004
112	101	1.11846
112	105	1.08339
112	109	1.13518
112	114	1.14885
112	122	0.824195
112	123	1.17465
112	126	1.18605
112	133	0.75971
112	143	0.776539
112	150	1.14427
112	156	0.770579
112	168	0.753513
112	173	1.27339
112	174	0.773332
112	180	0.763616
113	5	0.67011
113	30	1.16423
113	31	1.2077
113	42	1.15752
113	49	1.24756
113	62	1.18962
113	71	0.684969
113	81	0.630607
113	87	1.21515
113	88	1.29128
113	90	1.28515
113	98	1.23587
113	106	1.26276
113	115	0.645691
113	145	1.25382
113	154	0.698503
113	157	1.2286
113	162	0.646963
113	166	0.735315
113	170	0.745714
113	174	0.717707
113	175	1.36075
113	179	0.732879
114	14	0.703312
114	36	1.09785
114	40	1.07514
114	79	1.12539
114	81	0.689129
114	102	1.20771
114	105	1.08206
114	109	1.13385
114	112	1.14885
114	123	1.17332
114	125	1.1647
114	126	1.18472
114	131	1.14938
114	138	1.14201
114	139	0.776371
114	150	1.14294
114	160	0.796031
114	168	0.75641
114	169	0.79942
114	170	0.804236
114	172	0.807529
114	173	1.27206
114	180	0.766513
115	15	0.665031
115	24	0.740015
115	32	0.718135
115	38	0.780148
115	46	0.799214
115	80	0.606112
115	102	0.636726
115	113	0.645691
115	138	0.718179
115	144	1.26722
115	147	1.24131
115	163	1.23379
115	164	1.23205
115	168	1.2649
115	169	1.23312
115	171	1.25657
115	172	1.21813
115	173	0.589243
115	174	1.23117
115	176	1.24097
115	177	1.23171
115	179	1.21485
115	180	1.23422
116	6	0.688269
116	14	0.710622
116	36	0.869763
116	68	0.742342
116	103	0.81647
116	104	1.07837
116	130	1.11731
116	136	1.1274
116	143	1.15759
116	144	1.18645
116	145	0.780638
116	147	1.16054
116	152	1.1612
116	153	0.790757
116	155	1.1525
116	159	0.762242
116	163	1.15302
116	165	1.13193
116	167	1.16138
116	168	1.18413
116	169	1.15235
116	171	1.17581
116	178	0.744017
117	12	1.17885
117	13	1.13514
117	41	1.04079
117	42	1.03971
117	45	1.04066
117	48	0.757817
117	49	1.12975
117	62	1.07181
117	72	1.14179
117	73	1.1557
117	74	0.907754
117	84	1.10226
117	87	1.09734
117	90	1.16734
117	124	1.15352
117	137	0.785204
117	139	0.790656
117	145	1.13601
117	157	0.80213
117	162	1.20931
117	168	0.770695
117	171	0.775637
117	172	0.821814
117	174	0.790513
118	18	0.742958
118	48	0.768917
118	49	0.800985
118	89	1.15669
118	122	0.852477
118	133	1.10127
118	136	1.07892
118	140	0.786352
118	142	1.10907
118	149	1.13309
118	152	1.11273
118	155	1.10402
118	156	0.798861
118	160	1.11113
118	163	1.10455
118	165	1.08346
118	166	0.819222
118	167	1.1129
118	168	1.13566
118	169	1.10387
118	171	1.12733
118	172	0.832914
118	175	1.22532
118	177	0.80541
119	3	1.21868
119	22	0.609665
119	36	1.13377
119	39	1.22891
119	90	0.713492
119	94	1.1942
119	101	1.15305
119	102	1.24363
119	108	0.79931
119	109	1.16977
119	123	1.20924
119	125	1.20062
119	131	1.1853
119	138	1.17793
119	145	0.740639
119	146	1.19805
119	150	1.17886
119	166	0.761149
119	167	0.757762
119	173	1.30798
119	174	0.74354
119	175	0.641951
119	178	0.704018
119	180	0.733824
120	12	1.25025
120	32	1.17254
120	49	1.20115
120	62	1.14321
120	63	1.14901
120	70	1.22632
120	74	1.10379
120	75	1.22633
120	87	1.16874
120	90	1.23874
120	91	1.24379
120	92	1.2438
120	122	0.788107
120	124	1.22492
120	125	0.718803
120	127	0.695057
120	135	0.721695
120	145	1.20741
120	148	0.740614
120	167	0.751466
120	174	0.737244
120	175	0.635656
120	176	0.722402
120	178	0.697722
121	12	0.720575
121	18	1.20459
121	54	0.728931
121	62	0.810091
121	72	0.714984
121	102	0.722903
121	110	0.769911
121	111	1.14185
121	132	1.16299
121	137	1.17739
121	138	0.804355
121	145	1.1729
121	148	1.18497
121	149	0.741274
121	153	1.18027
121	154	1.15772
121	156	1.17021
121	168	0.739033
121	171	0.743975
121	172	1.1434
121	176	1.16624
121	177	1.15697
121	178	1.18089
121	179	1.14012
121	180	1.15949
122	52	0.781503
122	73	0.763602
122	78	1.13124
122	86	0.630763
122	99	1.14364
122	101	0.84781
122	103	1.10856
122	112	0.824195
122	118	0.852477
122	120	0.788107
122	135	1.14232
122	137	1.15399
122	149	0.777976
122	153	1.15688
122	156	1.14681
122	161	1.14992
122	164	1.13392
122	166	1.13985
122	169	0.818745
122	170	1.11974
122	172	1.12
122	173	0.712121
122	176	1.14284
122	178	1.15749
122	179	1.11672
122	180	1.13609
123	37	0.862124
123	40	1.10094
123	53	1.18706
123	55	1.18591
123	79	1.15119
123	94	1.18408
123	97	0.722642
123	101	1.14293
123	102	1.23351
123	108	0.780802
123	109	1.15965
123	112	1.17465
123	114	1.17332
123	119	1.20924
123	131	1.17518
123	138	1.16781
123	141	0.726272
123	146	1.18793
123	150	1.16874
123	154	0.705828
123	157	0.736649
123	162	0.654289
123	165	0.748052
123	173	1.29786
123	174	0.725032
123	177	0.728828
123	180	0.715316
124	20	0.902213
124	35	0.843917
124	37	1.11696
124	42	1.10611
124	47	0.70123
124	49	1.19615
124	62	1.13821
124	75	0.717557
124	87	1.16374
124	90	1.23374
124	117	1.15352
124	120	1.22492
124	125	0.682336
124	126	0.712927
124	129	0.754635
124	133	0.687156
124	137	1.2069
124	138	0.746281
124	145	1.20241
124	150	0.745974
124	161	1.20283
124	172	1.17291
124	175	0.599188
124	176	1.19575
124	177	1.18648
124	178	1.2104
124	180	1.189
125	16	1.20735
125	22	0.592374
125	24	1.13713
125	26	0.751179
125	53	1.17844
125	56	0.746089
125	58	1.27311
125	64	0.772626
125	74	0.84349
125	85	1.13875
125	88	0.712405
125	94	1.17546
125	100	1.14589
125	102	1.22489
125	105	1.09924
125	114	1.1647
125	119	1.20062
125	120	0.718803
125	124	0.682336
125	130	0.802684
125	131	1.16656
125	138	1.15918
125	146	1.17931
125	150	1.16012
125	163	0.734743
125	173	1.28924
125	179	0.741422
126	19	1.22013
126	40	1.11234
126	53	1.19846
126	79	1.16259
126	81	0.669741
126	85	1.15877
126	94	1.19548
126	100	1.16591
126	101	1.15433
126	102	1.24491
126	109	1.17105
126	111	0.7558
126	112	1.18605
126	114	1.18472
126	124	0.712927
126	127	0.714653
126	131	1.18658
126	137	0.751532
126	138	1.1792
126	146	1.19933
126	150	1.18014
126	152	0.756034
126	156	0.754088
126	161	0.727022
126	164	0.75928
126	177	0.760637
126	180	0.747125
127	25	0.696236
127	41	0.778592
127	56	1.22332
127	97	1.22863
127	105	0.805545
127	107	0.656464
127	108	1.20765
127	120	0.695057
127	126	0.714653
127	132	1.23246
127	134	1.23352
127	137	1.24686
127	138	0.748007
127	140	1.25234
127	151	1.18255
127	155	0.709803
127	156	1.23968
127	164	1.22679
127	168	0.682684
127	170	1.21261
127	171	0.687627
127	172	1.21287
127	173	0.61907
127	175	0.600914
127	176	1.23571
127	177	1.22645
127	179	1.20959
127	180	1.22896
128	5	1.22334
128	53	0.733181
128	61	1.26975
128	77	0.662595
128	88	0.718935
128	91	0.727364
128	101	0.785035
128	102	0.69683
128	139	0.732922
128	141	0.734019
128	143	0.735987
128	144	0.705107
128	151	1.13662
128	154	1.18126
128	156	1.19375
128	157	1.17122
128	158	0.705099
128	159	1.2017
128	161	1.19686
128	162	1.26975
128	164	1.18086
128	165	0.7558
128	166	1.18679
128	170	1.16668
128	176	1.18978
128	177	1.18052
128	178	1.20444
128	179	1.16366
128	180	1.18303
129	6	0.703278
129	17	1.13921
129	21	0.932372
129	25	1.07287
129	29	1.28384
129	32	1.07864
129	35	0.941688
129	50	1.0821
129	54	1.10367
129	59	1.01589
129	63	1.05511
129	65	1.2872
129	70	1.13243
129	72	0.754681
129	74	1.0099
129	75	1.13243
129	77	1.15481
129	86	1.37696
129	89	0.73166
129	91	1.1499
129	92	1.1499
129	124	0.754635
129	151	0.866579
129	158	1.14276
129	164	0.800988
129	168	0.77873
129	172	0.829849
129	176	0.783706
129	178	0.759027
130	22	0.68725
130	43	1.04567
130	56	0.840964
130	68	0.779927
130	70	0.819053
130	99	0.826381
130	116	1.11731
130	125	0.802684
130	139	1.15178
130	141	1.12249
130	142	1.12602
130	144	1.15493
130	149	1.15005
130	152	1.12968
130	154	0.801922
130	155	1.12098
130	158	1.1646
130	160	1.12809
130	161	0.791307
130	162	0.750382
130	163	1.1215
130	165	1.10041
130	167	1.12986
130	168	1.15261
130	169	1.12083
130	171	1.14428
130	174	1.11888
130	177	0.824921
130	178	0.781603
131	3	1.18462
131	15	0.752052
131	16	1.19204
131	39	1.19485
131	57	0.696975
131	71	0.726958
131	94	1.16014
131	100	1.13058
131	101	1.11899
131	102	1.20957
131	105	1.08392
131	109	1.13571
131	114	1.14938
131	119	1.1853
131	123	1.17518
131	125	1.16656
131	126	1.18658
131	138	1.14387
131	144	0.732024
131	146	1.16399
131	147	0.768718
131	150	1.1448
131	154	0.740493
131	159	0.738399
131	160	0.779498
131	168	0.739877
131	170	0.787703
131	173	1.27392
131	177	0.763492
131	179	0.774868
132	2	0.71897
132	3	0.741896
132	15	0.76189
132	32	0.814993
132	49	0.768905
132	51	0.745806
132	64	1.10455
132	77	0.69935
132	86	0.604743
132	121	1.16299
132	127	1.23246
132	135	1.1678
132	136	0.79768
132	139	0.769676
132	140	1.18495
132	148	1.18705
132	153	1.18236
132	154	1.15981
132	161	1.17541
132	163	0.778027
132	164	1.15941
132	166	1.16533
132	169	0.792725
132	170	1.14522
132	174	1.15853
132	176	1.16833
132	177	1.15906
132	178	1.18298
132	179	1.1422
132	180	1.16158
133	42	0.834732
133	79	0.778107
133	95	1.15779
133	98	0.743076
133	112	0.75971
133	118	1.10127
133	124	0.687156
133	139	1.18422
133	141	1.15494
133	142	1.15846
133	143	1.15851
133	144	1.18737
133	146	0.737213
133	149	1.18249
133	151	0.799099
133	152	1.16212
133	153	0.738287
133	155	1.15342
133	159	0.709772
133	160	1.16053
133	163	1.15395
133	165	1.13286
133	167	1.1623
133	168	1.18506
133	169	1.15327
133	171	1.17673
133	172	0.762369
133	175	1.27471
133	177	0.734865
133	180	0.721353
134	33	0.791376
134	36	0.829727
134	38	0.850977
134	55	0.733514
134	58	0.672885
134	59	0.820515
134	74	0.860744
134	77	0.67332
134	83	0.66281
134	86	0.578713
134	88	0.729659
134	101	0.79576
134	127	1.23352
134	143	1.16677
134	151	1.11622
134	152	1.17038
134	157	1.15082
134	160	1.16878
134	163	1.1622
134	164	1.16046
134	165	1.14111
134	167	1.17055
134	168	1.19331
134	169	1.16153
134	171	1.18498
134	176	1.16938
134	177	1.16011
134	178	1.18403
134	179	1.14326
134	180	1.16263
135	7	0.917078
135	38	0.836614
135	43	0.842621
135	48	1.17727
135	85	0.756219
135	120	0.721695
135	122	1.14232
135	132	1.1678
135	137	1.1822
135	139	0.729283
135	140	1.18768
135	143	0.732349
135	148	1.18978
135	154	1.16254
135	155	0.736441
135	156	1.17503
135	163	0.737634
135	164	1.16213
135	166	1.16806
135	168	0.709322
135	170	1.14795
135	172	1.14821
135	173	0.645708
135	174	1.16125
135	175	0.627552
135	176	1.17105
135	177	1.16179
135	178	1.18571
135	179	1.14493
135	180	1.16431
136	11	0.786811
136	26	0.797767
136	53	0.773239
136	61	0.715209
136	67	1.16694
136	78	0.78364
136	95	1.13543
136	97	0.770448
136	110	1.1048
136	116	1.1274
136	118	1.07892
136	132	0.79768
136	139	1.16186
136	142	1.13611
136	147	1.13911
136	148	0.776207
136	149	1.16014
136	152	1.13977
136	156	0.770085
136	157	0.784454
136	160	1.13817
136	163	1.13159
136	165	1.1105
136	167	1.13994
136	168	1.1627
136	169	1.13092
136	171	1.15437
136	174	1.12897
136	175	1.25236
136	179	0.788009
136	180	0.763121
137	3	0.711744
137	27	0.765239
137	67	0.749177
137	82	1.16663
137	90	0.709333
137	96	0.747056
137	110	0.750441
137	117	0.785204
137	121	1.17739
137	122	1.15399
137	124	1.2069
137	126	0.751532
137	127	1.24686
137	135	1.1822
137	144	0.711709
137	148	1.20145
137	150	0.784578
137	151	1.12956
137	153	1.19676
137	157	1.16417
137	159	1.19464
137	164	1.17381
137	167	0.753603
137	168	0.719562
137	170	1.15962
137	172	1.15989
137	173	0.655949
137	176	1.18273
137	177	1.17346
137	178	1.19738
137	179	1.1566
137	180	1.17598
138	19	1.17742
138	24	1.11444
138	36	1.09233
138	53	1.15575
138	58	1.25042
138	71	0.757456
138	79	1.11988
138	85	1.11606
138	92	0.75475
138	94	1.15277
138	101	1.11162
138	102	1.2022
138	105	1.07655
138	107	0.744155
138	114	1.14201
138	115	0.718179
138	119	1.17793
138	121	0.804355
138	123	1.16781
138	124	0.746281
138	125	1.15918
138	126	1.1792
138	127	0.748007
138	131	1.14387
138	146	1.15661
138	150	1.13742
138	154	0.770991
138	163	0.798687
138	167	0.804416
138	173	1.26654
138	174	0.790194
138	175	0.688605
138	176	0.775352
139	9	1.23083
139	39	0.695265
139	47	1.19199
139	65	0.629895
139	68	0.703635
139	110	1.1607
139	114	0.776371
139	117	0.790656
139	128	0.732922
139	130	1.15178
139	132	0.769676
139	133	1.18422
139	135	0.729283
139	136	1.16186
139	141	1.18848
139	143	1.19206
139	147	1.19501
139	149	1.21604
139	152	1.19567
139	155	1.18697
139	157	0.75645
139	160	1.19408
139	162	0.67409
139	163	1.18749
139	165	1.1664
139	167	1.19585
139	168	1.2186
139	169	1.18682
139	171	1.21027
139	174	1.18487
139	177	0.748629
139	178	0.705311
139	179	0.760005
139	180	0.735117
140	10	0.681592
140	22	1.32047
140	50	0.748119
140	93	1.23335
140	100	0.79201
140	103	1.15392
140	108	1.16014
140	109	0.768956
140	111	1.16381
140	118	0.786352
140	127	1.25234
140	132	1.18495
140	135	1.18768
140	146	0.735573
140	147	0.738451
140	148	1.20693
140	151	1.13504
140	152	0.728623
140	155	0.736729
140	156	1.19217
140	157	1.16964
140	161	1.19528
140	163	0.737922
140	164	1.17928
140	168	0.70961
140	169	0.75262
140	170	1.16509
140	172	1.16536
140	173	0.645996
140	175	0.62784
140	176	1.1882
140	178	1.20285
140	179	1.16208
140	180	1.18145
141	1	0.908109
141	43	1.08238
141	47	1.1627
141	48	0.713234
141	71	1.18876
141	83	0.665237
141	103	0.778861
141	109	0.785457
141	110	1.13142
141	123	0.726272
141	128	0.734019
141	130	1.12249
141	133	1.15494
141	139	1.18848
141	142	1.16273
141	144	1.19164
141	148	0.7493
141	152	1.16639
141	154	0.726727
141	155	1.15768
141	156	0.743178
141	158	1.2013
141	159	0.724634
141	160	1.16479
141	161	0.716112
141	163	1.15821
141	165	1.13712
141	167	1.16656
141	168	1.18932
141	169	1.15754
141	171	1.18099
141	172	0.777231
141	174	1.15559
141	175	1.27898
141	179	0.761103
142	12	0.704206
142	24	0.809822
142	29	0.642796
142	33	0.790355
142	42	0.846145
142	68	0.701284
142	82	0.774282
142	89	1.21388
142	99	0.747738
