1	69	1.01848
1	78	0.856913
1	110	0.967186
1	118	1.07352
1	161	1.01483
1	163	1.00906
1	164	0.94436
1	165	1.03547
1	168	1.02489
1	177	1.02171
1	179	1.00595
1	180	1.02363
2	17	0.952722
2	20	0.893714
2	51	0.957739
2	58	0.98284
2	76	0.97631
2	102	0.95999
2	119	1.01216
2	131	1.04156
2	132	1.03496
2	140	1.07035
2	166	1.15983
2	177	0.965226
3	100	1.00552
3	105	1.02462
3	123	1.05079
3	124	0.994446
3	127	1.00531
3	130	1.03864
3	142	1.0107
3	155	0.921821
3	171	0.978178
3	172	0.951749
3	175	0.944173
3	178	1.08068
4	8	0.948607
4	51	0.960021
4	56	1.02766
4	58	0.985122
4	98	1.00196
4	113	0.928351
4	131	1.04384
4	140	1.07263
4	150	0.957102
4	166	1.16212
4	176	0.94525
4	179	0.974096
5	31	1.12413
5	82	0.974211
5	93	1.01602
5	146	1.02596
5	147	1.03065
5	149	0.979351
5	151	1.04018
5	153	0.918562
5	159	1.01777
5	161	0.95661
5	163	0.987096
5	175	0.933719
6	76	0.908782
6	84	1.22298
6	116	1.25827
6	122	0.882319
6	125	0.900857
6	128	0.893973
6	159	0.914085
6	161	1.16744
6	163	0.883416
6	169	0.911607
6	172	0.904961
6	177	1.15192
7	20	0.84156
7	40	0.876864
7	52	1.04997
7	67	1.02987
7	100	1.13123
7	107	1.01993
7	113	0.913175
7	140	1.06236
7	141	0.949532
7	142	1.01908
7	170	0.969085
7	173	1.14193
8	4	0.948607
8	28	0.937576
8	31	1.2038
8	51	0.804859
8	56	0.872498
8	58	0.82996
8	90	1.13502
8	132	0.882078
8	140	0.917468
8	166	1.00695
8	171	1.24904
8	175	1.21504
9	92	0.936753
9	105	0.885638
9	116	0.902667
9	123	0.911808
9	124	0.855463
9	127	0.866323
9	130	0.899656
9	131	1.14331
9	144	1.20209
9	167	1.28467
9	170	1.16989
9	178	0.941692
10	24	0.962773
10	83	0.980396
10	96	1.00395
10	101	1.08792
10	120	1.01827
10	123	0.920322
10	138	0.954836
10	151	0.939138
10	173	1.11148
10	177	1.01003
10	179	0.994269
10	180	1.01195
11	68	1.0154
11	87	1.00366
11	129	1.01071
11	135	0.987181
11	137	0.897696
11	139	1.04564
11	158	1.039
11	159	1.06995
11	160	1.03047
11	164	1.05511
11	174	0.925225
11	175	0.924708
12	27	1.23033
12	109	0.880853
12	111	1.18067
12	128	0.882449
12	144	0.917101
12	151	0.924978
12	159	0.90256
12	161	1.20859
12	167	0.898542
12	169	0.900082
12	172	0.893436
12	174	1.18621
13	92	1.20857
13	99	1.1218
13	108	1.27591
13	146	1.18805
13	161	0.902478
13	171	0.882248
13	174	0.904877
13	175	0.907061
13	176	0.88909
13	177	0.909364
13	179	0.893602
13	180	0.91128
14	18	0.951869
14	20	1.16092
14	37	0.95922
14	63	0.809751
14	95	0.833284
14	96	0.881247
14	101	0.965219
14	103	0.925592
14	132	0.873817
14	155	1.20271
14	165	1.2096
14	172	1.23264
15	41	1.01547
15	46	1.03124
15	87	0.99888
15	133	1.03534
15	138	1.04005
15	156	0.984446
15	158	1.03422
15	160	1.0257
15	164	1.05034
15	171	1.0099
15	173	0.856309
15	178	0.92537
16	22	1.08432
16	30	0.818633
16	44	0.990181
16	84	0.927581
16	140	0.974159
16	148	1.02398
16	168	1.02077
16	173	1.11903
16	176	0.997312
16	177	1.01759
16	179	1.00182
16	180	1.0195
17	2	0.952722
17	51	0.811256
17	56	0.878895
17	58	0.836357
17	131	0.895079
17	132	0.888475
17	137	1.18752
17	140	0.923865
17	166	1.01335
17	174	1.21505
17	176	1.23891
17	178	1.16401
18	14	0.951869
18	50	1.06584
18	63	0.984696
18	83	1.03264
18	95	1.00823
18	96	1.05619
18	103	1.10054
18	129	0.988911
18	148	0.949913
18	168	0.945917
18	174	0.934664
18	179	0.987363
19	55	0.997487
19	97	1.02996
19	121	1.01816
19	139	1.04642
19	143	1.01101
19	150	1.00506
19	158	1.03978
19	160	1.03125
19	164	1.05589
19	165	0.953373
19	173	0.849254
19	174	0.969354
20	2	0.893714
20	7	0.84156
20	14	1.16092
20	74	1.05965
20	146	0.841507
20	148	1.03515
20	154	1.04021
20	165	1.04252
20	170	1.00967
20	177	1.02876
20	179	1.013
20	180	1.03068
21	55	0.934535
21	84	1.01978
21	87	0.941486
21	122	1.23815
21	138	0.98266
21	139	0.983465
21	156	0.994079
21	158	0.976831
21	160	0.968302
21	164	0.992942
21	172	0.9931
21	174	0.986041
21	177	0.992892
22	16	1.08432
22	27	1.08162
22	77	0.970691
22	120	0.955755
22	133	0.982414
22	138	0.98713
22	143	0.952525
22	152	0.97405
22	158	0.981301
22	160	0.972772
22	164	0.997412
22	165	1.02152
22	172	1.04456
23	50	1.08494
23	130	1.02263
23	148	0.98855
23	151	1.00092
23	167	1.05195
23	168	0.98534
23	169	1.03207
23	170	0.963066
23	171	0.955044
23	174	0.977672
23	175	0.979856
23	179	0.966397
23	180	0.984075
24	10	0.962773
24	27	0.960279
24	40	0.822988
24	52	0.996093
24	66	0.982903
24	67	0.975995
24	88	0.897376
24	132	1.18934
24	140	1.00849
24	142	0.9652
24	147	1.06855
24	151	1.07971
24	173	1.08806
25	54	1.10416
25	105	1.01624
25	110	0.993095
25	112	0.99361
25	132	1.08623
25	168	0.986286
25	171	0.95599
25	174	0.978619
25	175	0.980802
25	176	0.962832
25	177	0.983106
25	179	0.967344
25	180	0.985022
26	57	0.92237
26	109	0.961893
26	131	1.08893
26	146	0.991792
26	148	1.0679
26	150	0.973621
26	151	1.00602
26	159	0.983601
26	167	0.979582
26	169	0.981122
26	170	1.11552
26	173	0.932554
26	178	1.00162
27	12	1.23033
27	22	1.08162
27	24	0.960279
27	48	0.963498
27	66	0.967697
27	101	0.904268
27	142	0.949995
27	158	1.0163
27	173	1.07285
27	175	0.969097
27	176	0.951127
27	179	0.955639
27	180	0.973317
28	8	0.937576
28	56	1.01663
28	58	0.974091
28	88	0.928946
28	131	1.03281
28	132	1.02621
28	140	1.0616
28	154	0.979793
28	165	0.968681
28	166	1.15109
28	168	0.995915
28	178	0.933623
29	47	0.96873
29	76	1.04902
29	79	0.962986
29	98	1.11165
29	100	0.951601
29	105	0.970699
29	115	0.983131
29	127	0.951383
29	130	0.984717
29	141	1.07439
29	162	1.06071
29	173	0.910981
29	178	1.02675
30	16	0.818633
30	52	0.927307
30	81	1.16225
30	106	1.09606
30	117	1.02476
30	125	1.12392
30	130	0.92014
30	136	1.10031
30	138	0.914127
30	151	1.15957
30	161	0.794188
30	167	1.13313
30	179	0.824514
31	5	1.12413
31	8	1.2038
31	72	1.06471
31	146	1.13622
31	159	1.12803
31	161	0.813459
31	163	1.09736
31	167	1.12401
31	169	1.12555
31	170	0.85395
31	177	0.797937
31	178	0.740047
31	180	0.79705
32	60	0.995531
32	87	0.943807
32	118	0.994529
32	133	0.980266
32	138	0.984982
32	143	0.950376
32	152	1.02419
32	158	0.979152
32	160	0.970623
32	164	0.995263
32	166	0.979395
32	171	1.12113
32	174	1.08765
33	37	0.866458
33	100	0.945641
33	107	0.971191
33	121	0.929754
33	122	0.972743
33	152	1.08591
33	157	1.06115
33	163	0.905623
33	170	1.03268
33	174	1.04729
33	176	1.0315
33	177	1.05177
33	179	1.03601
33	180	1.05369
34	36	1.07782
34	42	1.172
34	46	0.954303
34	103	1.07335
34	115	1.13862
34	157	0.947276
34	164	1.13176
34	170	0.918802
34	171	0.910779
34	174	0.933408
34	175	0.935592
34	177	0.937895
34	179	0.922133
34	180	0.939811
35	66	1.03576
35	82	1.02203
35	132	1.09754
35	136	1.02875
35	137	1.06837
35	145	1.03213
35	146	1.07377
35	147	1.07847
35	156	0.869337
35	157	0.841011
35	163	1.03491
35	165	0.845319
35	167	1.06157
35	179	0.913999
36	34	1.07782
36	80	1.08008
36	94	1.04756
36	125	1.03861
36	128	1.03173
36	133	1.02147
36	135	0.931136
36	145	1.01838
36	146	1.06003
36	151	1.07426
36	168	0.880433
36	169	1.04936
36	178	0.818141
36	180	0.875144
37	14	0.95922
37	33	0.866458
37	44	1.0581
37	63	0.992047
37	95	1.01558
37	96	1.06354
37	101	1.14751
37	103	1.10789
37	126	0.975657
37	132	1.05611
37	156	0.956703
37	177	0.955517
37	178	0.897626
37	180	0.95463
38	48	1.19978
38	74	0.884762
38	86	0.902402
38	87	0.906903
38	99	1.01005
38	124	1.28784
38	138	0.948078
38	143	0.913473
38	153	1.06757
38	158	0.942248
38	160	0.933719
38	164	0.95836
38	173	0.963143
38	175	1.08273
39	90	0.950423
39	100	0.946825
39	105	0.965923
39	114	0.976125
39	115	0.978356
39	116	0.982952
39	123	0.992093
39	124	0.935748
39	141	1.07427
39	162	1.06059
39	172	1.03802
39	178	1.02198
39	179	1.08366
40	7	0.876864
40	24	0.822988
40	52	0.843596
40	57	0.784843
40	66	0.830406
40	67	0.823498
40	107	0.813552
40	140	0.855991
40	142	0.812704
40	153	1.33265
40	163	1.53331
40	171	1.38181
40	173	0.935559
40	177	1.35517
41	15	1.01547
41	45	0.98312
41	59	1.1223
41	70	0.937955
41	76	1.00979
41	99	1.0599
41	120	0.966544
41	133	0.993203
41	135	1.05381
41	138	0.997918
41	158	0.992089
41	160	0.98356
41	164	1.0082
41	166	0.883608
41	172	0.998917
42	34	1.172
42	88	0.907645
42	97	1.02397
42	114	1.00261
42	115	1.00484
42	116	1.00944
42	121	0.974323
42	123	1.01858
42	124	0.962233
42	127	0.973092
42	130	1.00643
42	154	0.958493
42	168	0.974615
42	172	0.97042
42	178	1.04846
43	48	1.02083
43	84	1.02133
43	104	0.972962
43	109	0.997939
43	125	1.00642
43	134	0.99389
43	140	1.0679
43	145	0.986189
43	163	0.988977
43	164	1.06369
43	167	1.01563
43	168	0.954661
43	169	1.01717
43	175	0.942891
43	177	0.95026
44	16	0.990181
44	37	1.0581
44	50	0.989771
44	62	1.15748
44	78	1.02202
44	83	0.956567
44	95	0.932161
44	96	0.980124
44	101	1.0641
44	103	1.02447
44	119	0.997151
44	132	0.972694
44	137	0.915833
44	139	1.05209
44	178	0.892323
45	41	0.98312
45	77	0.991265
45	84	1.04483
45	120	0.97633
45	133	1.00299
45	139	1.00851
45	143	0.973099
45	150	1.03235
45	152	0.933196
45	154	0.991781
45	158	1.00188
45	159	1.14138
45	161	1.01902
45	164	1.01799
45	166	0.888399
46	15	1.03124
46	34	0.954303
46	99	0.89474
46	123	0.965471
46	128	1.08219
46	151	0.984287
46	156	1.01159
46	167	1.03532
46	168	1.01732
46	171	0.98702
46	174	1.00965
46	175	1.01183
46	176	0.993862
46	179	0.998374
46	180	1.01605
47	29	0.96873
47	71	0.944735
47	81	1.02469
47	104	1.18617
47	114	1.012
47	116	1.01882
47	123	1.02796
47	124	0.971618
47	127	0.982478
47	130	1.01581
47	148	0.951672
47	174	0.936424
47	176	0.960277
47	177	0.943275
47	178	1.05785
48	27	0.963498
48	38	1.19978
48	43	1.02083
48	104	0.976152
48	106	0.98175
48	122	0.991071
48	129	0.973632
48	131	0.955662
48	136	0.985998
48	150	1.01286
48	163	0.992167
48	167	1.01882
48	168	0.930637
48	169	1.02036
48	170	0.982248
49	60	1.02397
49	61	1.0213
49	77	0.996985
49	86	0.967749
49	90	0.946348
49	120	0.982049
49	138	1.01342
49	139	1.01423
49	143	0.978819
49	152	0.963433
49	160	0.999066
49	164	1.02371
49	165	1.01091
49	172	1.03395
49	180	1.03285
50	18	1.06584
50	23	1.08494
50	44	0.989771
50	63	0.923721
50	83	0.97166
50	95	0.947254
50	96	0.995217
50	101	1.07919
50	103	1.03956
50	111	1.00793
50	132	0.987787
50	150	1.04918
50	152	0.950024
50	156	1.02151
50	173	0.893378
51	2	0.957739
51	4	0.960021
51	8	0.804859
51	17	0.811256
51	56	0.883912
51	58	0.841374
51	131	0.900096
51	132	0.893492
51	137	1.19301
51	140	0.928882
51	142	1.28655
51	157	1.20025
51	166	1.01837
51	173	1.10044
51	180	1.2265
52	7	1.04997
52	24	0.996093
52	30	0.927307
52	40	0.843596
52	66	1.00351
52	67	0.996603
52	82	1.14159
52	98	1.0389
52	107	0.986658
52	129	1.01258
52	140	1.0291
52	142	0.985809
52	153	0.942662
52	165	0.942355
52	173	1.10866
53	59	1.02872
53	94	1.01479
53	112	1.02953
53	117	0.906675
53	125	1.00583
53	136	0.982223
53	146	1.02725
53	157	0.974803
53	161	1.01747
53	163	0.988392
53	169	1.01658
53	171	1.02858
53	174	0.995092
53	178	0.944053
53	179	1.04779
54	25	1.10416
54	68	0.938528
54	83	0.925936
54	95	0.90153
54	96	0.949492
54	101	1.03346
54	103	0.993837
54	118	0.963905
54	133	0.963243
54	148	1.07227
54	150	1.09273
54	158	0.962129
54	160	0.9536
54	164	0.97824
54	172	1.06408
54	179	1.10972
55	19	0.997487
55	21	0.934535
55	86	0.928702
55	107	0.941433
55	119	1.08926
55	133	0.969662
55	139	0.975183
55	143	0.939772
55	144	1.13052
55	155	1.0126
55	158	0.968548
55	160	0.960019
55	163	1.22045
55	164	0.984659
55	173	0.915367
55	175	1.03495
56	4	1.02766
56	8	0.872498
56	17	0.878895
56	28	1.01663
56	51	0.883912
56	58	0.909013
56	131	0.967735
56	132	0.961131
56	135	1.10279
56	138	1.18314
56	140	0.996521
56	165	1.02485
56	166	1.08601
56	175	1.04031
56	176	1.06468
56	178	0.98979
57	26	0.92237
57	40	0.784843
57	66	0.944759
57	67	0.937851
57	117	0.84804
57	122	0.928661
57	126	1.13638
57	129	1.16363
57	140	0.970343
57	142	0.927056
57	149	1.1545
57	163	0.929757
57	167	0.956408
57	173	1.04991
57	176	1.13324
57	178	1.05835
57	179	1.16208
58	2	0.98284
58	4	0.985122
58	8	0.82996
58	17	0.836357
58	28	0.974091
58	51	0.841374
58	56	0.909013
58	131	0.925197
58	132	0.918593
58	140	0.953983
58	152	1.05366
58	160	1.29756
58	166	1.04347
58	176	1.14097
58	177	1.12397
58	178	1.06608
58	180	1.12308
59	41	1.1223
59	53	1.02872
59	90	0.85275
59	93	1.01507
59	94	1.02704
59	104	0.984635
59	111	0.927742
59	131	0.969567
59	137	1.03411
59	145	0.997862
59	146	1.03951
59	159	1.03132
59	161	0.955662
59	162	0.962919
59	163	1.00065
59	167	1.0273
59	169	1.02884
60	32	0.995531
60	49	1.02397
60	73	1.06552
60	74	0.969736
60	76	0.954985
60	84	1.07017
60	88	0.881333
60	89	0.981547
60	94	1.07941
60	119	0.990838
60	138	1.03305
60	143	0.998447
60	160	1.01869
60	162	0.96668
60	164	1.04333
60	177	0.943901
60	179	0.989749
61	49	1.0213
61	67	0.972331
61	102	1.04831
61	103	0.859132
61	108	0.988435
61	112	0.94088
61	121	1.00637
61	136	1.00411
61	149	1.00919
61	155	1.03128
61	165	1.03279
61	172	1.02187
61	174	1.01455
61	176	0.998759
61	177	1.01903
61	179	1.00327
61	180	1.02095
62	44	1.15748
62	99	1.05403
62	133	1.16925
62	134	1.16458
62	144	1.11202
62	152	0.965602
62	161	0.924578
62	164	1.13724
62	165	0.945222
62	170	0.912371
62	171	0.904349
62	174	0.926978
62	175	0.929161
62	176	0.911191
62	177	0.931464
62	179	0.915703
62	180	0.93338
63	14	0.809751
63	18	0.984696
63	37	0.992047
63	50	0.923721
63	78	0.955971
63	83	0.890518
63	95	0.866112
63	96	0.914074
63	101	0.998046
63	103	0.958419
63	126	1.13473
63	132	0.906644
63	137	1.08021
63	153	1.09207
63	154	1.10287
63	161	1.13012
63	169	1.26551
64	68	0.993013
64	84	1.05956
64	86	0.976768
64	99	1.08442
64	105	1.09179
64	110	1.06865
64	133	1.01773
64	139	1.02325
64	143	0.987838
64	148	0.94079
64	149	0.970656
64	158	1.01661
64	160	1.00808
64	164	1.03272
64	172	0.9326
64	174	0.925541
64	178	0.874502
65	83	0.955384
65	95	0.930977
65	96	0.97894
65	100	0.968938
65	103	1.02329
65	114	0.998238
65	119	1.05126
65	124	0.957861
65	127	0.968721
65	130	1.00205
65	132	0.97151
65	142	1.06349
65	159	1.1422
65	166	0.889226
65	170	1.06034
65	175	0.996959
65	178	1.04409
65	180	1.00344
66	24	0.982903
66	27	0.967697
66	35	1.03576
66	40	0.830406
66	52	1.00351
66	57	0.944759
66	67	0.983413
66	78	1.02984
66	97	1.03791
66	107	0.973468
66	135	1.03926
66	140	1.01591
66	142	0.972619
66	144	1.07236
66	162	1.00693
66	173	1.09547
66	179	1.03
66	180	0.983265
67	7	1.02987
67	24	0.975995
67	40	0.823498
67	52	0.996603
67	57	0.937851
67	61	0.972331
67	66	0.983413
67	78	1.02293
67	87	1.19838
67	107	0.96656
67	134	1.12553
67	140	1.009
67	142	0.965711
67	152	0.914465
67	154	0.97305
67	168	0.989172
67	173	1.08857
67	179	1.03062
68	11	1.0154
68	54	0.938528
68	64	0.993013
68	77	0.976633
68	120	0.961698
68	134	1.1396
68	138	0.993072
68	139	0.993877
68	142	1.058
68	143	0.958467
68	158	0.987243
68	160	0.978714
68	164	1.00335
68	165	0.976005
68	172	0.999045
68	174	0.991986
68	179	1.04469
68	180	0.99795
69	1	1.01848
69	80	1.00725
69	110	0.996033
69	125	0.965781
69	140	1.12174
69	142	1.06326
69	144	0.99355
69	146	0.9872
69	151	1.00143
69	159	0.979009
69	163	0.94834
69	167	0.974991
69	169	0.976531
69	171	1.03074
69	172	0.969885
69	176	1.0211
69	177	1.0041
69	178	0.946209
70	41	0.937955
70	96	0.970565
70	104	0.998686
70	107	0.999495
70	125	0.952456
70	135	1.0138
70	139	0.857665
70	145	0.946641
70	149	1.0334
70	155	1.05549
70	161	1.03636
70	165	1.057
70	167	0.926586
70	170	1.02415
70	175	1.04094
70	176	1.02297
70	177	1.04324
70	179	1.02748
70	180	1.04516
71	47	0.944735
71	79	0.938991
71	91	1.02157
71	100	0.927606
71	109	1.31366
71	114	0.956906
71	115	0.959137
71	116	0.963733
71	121	0.928619
71	123	0.972874
71	124	0.916529
71	127	0.927389
71	130	0.960722
71	150	1.11612
71	152	1.01696
71	166	0.972165
71	175	1.0799
71	178	1.00276
71	180	1.08638
72	31	1.06471
72	104	0.911656
72	106	0.917254
72	110	0.975364
72	112	0.968808
72	117	0.845954
72	118	0.990658
72	134	0.932584
72	136	0.921502
72	139	1.1925
72	147	0.971228
72	151	0.980758
72	154	1.07891
72	157	1.06348
72	167	0.954322
72	169	0.955862
72	174	1.08377
72	176	1.10763
72	177	1.09062
73	60	1.06552
73	77	1.03853
73	84	1.09209
73	86	1.00929
73	87	1.01379
73	89	1.00346
73	120	1.02359
73	121	1.02751
73	126	0.94285
73	142	0.981869
73	143	1.02036
73	146	1.01918
73	149	0.960973
73	151	1.04247
73	160	1.04061
73	164	1.06525
73	172	0.922917
73	173	0.795758
73	176	0.939712
74	20	1.05965
74	38	0.884762
74	60	0.969736
74	76	1.14225
74	84	0.996308
74	89	0.907683
74	93	1.00808
74	107	0.926243
74	129	0.92507
74	133	0.954471
74	139	0.959992
74	158	0.953358
74	160	0.944829
74	164	0.969469
74	166	1.01606
74	172	1.13137
74	173	1.00421
74	174	1.12431
74	180	1.13028
75	82	0.931287
75	112	0.891661
75	117	1.1344
75	128	0.972558
75	130	0.896362
75	133	0.900327
75	140	0.872534
75	143	0.992498
75	148	1.04657
75	155	1.05242
75	162	1.04446
75	168	1.04336
75	171	1.01306
75	174	1.03569
75	175	1.03787
75	176	1.0199
75	177	1.04017
75	179	1.02441
75	180	1.04209
76	2	0.97631
76	6	0.908782
76	29	1.04902
76	41	1.00979
76	60	0.954985
76	74	1.14225
76	85	1.05357
76	110	1.03338
76	131	0.997485
76	134	0.990598
76	139	0.929503
76	140	0.945275
76	145	0.982897
76	152	1.03853
76	158	0.990123
76	162	1.00867
76	169	1.01388
76	171	0.977274
76	179	0.988628
76	180	1.00631
77	22	0.970691
77	45	0.991265
77	49	0.996985
77	68	0.976633
77	73	1.03853
77	93	1.05496
77	119	1.04128
77	120	0.974689
77	133	1.00135
77	134	1.13511
77	139	1.00687
77	143	0.971458
77	158	1.00023
77	162	1.01713
77	164	1.01635
77	165	0.971514
77	166	0.879244
77	174	0.987495
77	178	0.936456
77	179	1.04019
78	1	0.856913
78	44	1.02202
78	63	0.955971
78	66	1.02984
78	67	1.02293
78	83	1.00391
78	95	0.979504
78	98	0.916246
78	101	1.11144
78	103	1.07181
78	115	0.962815
78	125	1.03919
78	135	0.897635
78	140	1.05543
78	142	1.01214
78	145	1.03338
78	169	0.993448
78	170	0.898544
78	173	1.135
79	29	0.962986
79	71	0.938991
79	91	0.927421
79	92	1.04716
79	105	0.99605
79	114	1.00625
79	115	1.00848
79	116	1.01308
79	123	1.02222
79	124	0.965875
79	127	0.976734
79	130	1.01007
79	137	0.958739
79	141	1.02958
79	152	0.922815
79	163	1.17125
79	171	1.01976
79	172	0.993327
79	174	0.986269
79	178	1.0521
80	36	1.08008
80	69	1.00725
80	85	1.08712
80	94	1.04562
80	103	1.00267
80	106	1.00881
80	110	1.06692
80	129	0.995038
80	144	1.06444
80	145	1.01644
80	147	1.06279
80	151	1.07232
80	156	0.948828
80	166	0.83254
80	168	0.952043
80	169	1.04742
80	170	1.00366
80	172	1.04078
80	173	0.82069
80	176	0.964644
80	178	0.889752
81	30	1.16225
81	47	1.02469
81	108	1.00176
81	109	1.02505
81	110	1.06379
81	116	1.00431
81	136	1.00992
81	144	1.0613
81	145	1.0133
81	147	1.05965
81	148	0.906359
81	151	1.06918
81	154	0.886242
81	157	0.870822
81	159	1.04676
81	162	0.920741
81	167	1.04274
81	169	1.04428
81	170	0.953975
81	179	0.94381
81	180	0.897075
82	5	0.974211
82	35	1.02203
82	52	1.14159
82	75	0.931287
82	103	1.04797
82	105	1.15234
82	106	0.937017
82	108	0.933098
82	109	0.956396
82	110	0.995128
82	116	1.0993
82	122	0.946338
82	145	0.944646
82	147	0.990991
82	151	1.00052
82	159	0.978104
82	163	0.947434
82	167	0.974085
82	168	0.997347
82	179	1.03879
82	180	0.992058
83	10	0.980396
83	18	1.03264
83	44	0.956567
83	50	0.97166
83	54	0.925936
83	63	0.890518
83	65	0.955384
83	78	1.00391
83	85	1.09694
83	95	0.914051
83	96	0.962014
83	101	1.04599
83	103	1.00636
83	108	1.19607
83	119	1.05868
83	132	0.954584
83	150	1.0406
83	159	1.14962
83	166	0.896642
83	178	0.953853
83	180	1.01086
84	6	1.22298
84	16	0.927581
84	21	1.01978
84	43	1.02133
84	45	1.04483
84	60	1.07017
84	64	1.05956
84	73	1.09209
84	74	0.996308
84	102	0.882378
84	120	1.02825
84	138	1.05962
84	139	1.06043
84	153	0.865089
84	158	1.05379
84	160	1.04526
84	163	1.06575
84	164	1.0699
84	166	0.772512
84	173	0.760663
84	177	0.887614
85	76	1.05357
85	80	1.08712
85	83	1.09694
85	97	0.9555
85	108	1.01387
85	134	1.03312
85	145	1.02542
85	146	1.06707
85	147	1.07176
85	149	0.94001
85	155	0.872026
85	159	1.05887
85	162	0.924525
85	163	1.0282
85	164	1.01518
85	167	1.05486
85	169	1.0564
85	171	0.928383
85	172	1.04975
85	173	0.774795
85	180	0.900859
86	38	0.902402
86	49	0.967749
86	55	0.928702
86	64	0.976768
86	73	1.00929
86	93	1.02572
86	130	1.17345
86	133	0.972111
86	138	0.976827
86	139	0.977632
86	142	1.09113
86	143	0.942222
86	157	1.00483
86	158	0.970998
86	160	0.962469
86	164	0.987109
86	171	1.05861
86	175	1.02461
86	176	1.04898
86	177	1.03197
86	178	0.974085
87	11	1.00366
87	15	0.99888
87	21	0.941486
87	32	0.943807
87	38	0.906903
87	67	1.19838
87	73	1.01379
87	111	1.01776
87	129	0.947211
87	138	0.981328
87	139	0.982133
87	143	0.946723
87	147	1.13877
87	158	0.975499
87	160	0.96697
87	164	0.99161
87	166	0.915056
87	172	1.03037
87	176	1.04716
87	177	1.03016
87	180	1.02927
88	24	0.897376
88	28	0.928946
88	42	0.907645
88	60	0.881333
88	95	1.04864
88	109	0.980376
88	113	1.06153
88	132	0.983371
88	135	1.02776
88	151	0.873741
88	155	1.06945
88	156	1.05466
88	159	0.891856
88	165	1.07096
88	170	1.03811
88	171	1.03009
88	174	1.05272
88	176	1.03693
88	177	1.05721
88	179	1.04145
88	180	1.05912
89	60	0.981547
89	73	1.00346
89	74	0.907683
89	93	1.01989
89	99	1.03298
89	102	1.05389
89	107	0.938054
89	113	1.05923
89	118	0.959164
89	120	0.939624
89	133	0.966283
89	138	0.970998
89	143	0.936393
89	147	1.16774
89	149	1.09739
89	152	0.988826
89	158	0.965169
89	160	0.95664
89	162	1.08191
89	164	0.98128
89	178	1.00124
90	8	1.13502
90	39	0.950423
90	49	0.946348
90	59	0.85275
90	125	0.92582
90	132	0.958549
90	144	0.817363
90	148	1.06124
90	155	1.06709
90	162	1.05913
90	163	0.907291
90	167	0.89995
90	168	1.05803
90	170	1.03575
90	171	1.02773
90	172	1.05769
90	174	1.05036
90	175	1.05254
90	176	1.03457
90	179	1.03909
90	180	1.05676
91	71	1.02157
91	79	0.927421
91	105	0.910247
91	124	0.948593
91	125	0.947511
91	128	0.968517
91	138	0.886308
91	147	0.859458
91	153	1.04802
91	154	1.05378
91	156	1.03979
91	157	1.05172
91	162	1.04662
91	167	0.921641
91	168	1.04552
91	173	1.14379
91	174	1.03785
91	175	1.04003
91	176	1.02206
91	179	1.02657
91	180	1.04425
92	9	0.936753
92	13	1.20857
92	79	1.04716
92	100	1.03578
92	105	1.05488
92	114	1.06508
92	115	1.06731
92	116	1.07191
92	118	0.833564
92	123	1.08105
92	124	1.0247
92	127	1.03556
92	130	1.06889
92	137	0.899151
92	150	0.962385
92	153	0.911006
92	165	0.910699
92	166	0.81843
92	172	0.933739
92	177	0.933531
92	178	1.11093
93	5	1.01602
93	59	1.01507
93	74	1.00808
93	77	1.05496
93	86	1.02572
93	89	1.01989
93	110	1.02773
93	120	1.04002
93	133	1.06668
93	137	0.857097
93	138	1.07139
93	139	1.0722
93	141	0.927938
93	143	1.03679
93	158	1.06556
93	160	1.05704
93	164	1.08168
93	170	0.947491
93	172	0.891685
93	178	0.833587
93	180	0.890591
94	36	1.04756
94	53	1.01479
94	59	1.02704
94	60	1.07941
94	80	1.04562
94	109	0.995674
94	113	0.952158
94	128	0.99727
94	134	0.991625
94	135	1.00716
94	137	1.02017
94	140	1.0697
94	145	0.983923
94	151	1.0398
94	156	0.953241
94	162	0.974834
94	166	0.836953
94	167	1.01336
94	168	0.956457
94	169	1.0149
94	171	0.978692
94	172	1.00826
95	14	0.833284
95	18	1.00823
95	37	1.01558
95	44	0.932161
95	50	0.947254
95	54	0.90153
95	63	0.866112
95	65	0.930977
95	78	0.979504
95	83	0.914051
95	88	1.04864
95	96	0.937607
95	101	1.02158
95	103	0.981952
95	132	0.930178
95	137	1.07682
95	141	1.14766
95	172	1.11141
95	174	1.10435
95	178	1.05331
95	179	1.15705
95	180	1.11032
96	10	1.00395
96	14	0.881247
96	18	1.05619
96	37	1.06354
96	44	0.980124
96	50	0.995217
96	54	0.949492
96	63	0.914074
96	65	0.97894
96	70	0.970565
96	83	0.962014
96	95	0.937607
96	101	1.06954
96	103	1.02992
96	132	0.97814
96	137	0.996939
96	149	1.06958
96	155	1.0016
96	170	1.08733
96	172	1.03153
96	176	1.04832
96	177	1.03132
96	178	0.973429
97	19	1.02996
97	42	1.02397
97	66	1.03791
97	85	0.9555
97	107	1.114
97	139	0.972174
97	145	1.06115
97	146	0.966773
97	149	0.966608
97	152	1.01059
97	156	0.973902
97	158	1.03279
97	162	0.980732
97	168	0.979628
97	170	0.957354
97	173	1.0779
97	174	0.971961
97	175	0.974144
97	176	0.956174
97	177	0.976447
97	178	1.03552
97	179	0.960686
97	180	0.978363
98	4	1.00196
98	29	1.11165
98	52	1.0389
98	78	0.916246
98	113	0.985048
98	134	1.03102
98	140	1.00791
98	144	0.978468
98	145	1.08111
98	152	1.01486
98	154	0.992167
98	156	0.978179
98	159	1.02814
98	161	0.973838
98	166	1.09209
98	170	0.961631
98	171	0.953608
98	172	0.983564
98	174	0.976237
98	176	0.96045
98	177	0.980724
98	179	0.964962
98	180	0.98264
99	13	1.1218
99	38	1.01005
99	41	1.0599
99	46	0.89474
99	62	1.05403
99	64	1.08442
99	89	1.03298
99	102	0.841526
99	107	1.05154
99	119	0.893699
99	120	1.05311
99	122	1.09202
99	129	1.05036
99	133	1.07976
99	138	1.08448
99	143	1.04987
99	154	0.835042
99	158	1.07865
99	160	1.07012
99	164	1.09476
99	175	0.839394
99	178	0.788871
99	180	0.845875
100	3	1.00552
100	7	1.13123
100	29	0.951601
100	33	0.945641
100	39	0.946825
100	65	0.968938
100	71	0.927606
100	92	1.03578
100	114	0.994866
100	115	0.997097
100	116	1.00169
100	123	1.01083
100	124	0.954489
100	127	0.965349
100	130	0.998682
100	154	1.02298
100	156	1.03589
100	157	1.00756
100	161	1.05022
100	173	0.907748
100	175	1.02733
100	178	1.04072
100	179	1.08055
101	10	1.08792
101	14	0.965219
101	27	0.904268
101	37	1.14751
101	44	1.0641
101	50	1.07919
101	54	1.03346
101	63	0.998046
101	78	1.11144
101	83	1.04599
101	95	1.02158
101	96	1.06954
101	103	1.11389
101	128	1.08468
101	132	1.06211
101	141	0.903466
101	142	0.926165
101	149	0.90527
101	159	1.00488
101	162	0.889785
101	177	0.867006
101	178	0.809116
101	179	0.912854
102	2	0.95999
102	61	1.04831
102	84	0.882378
102	89	1.05389
102	99	0.841526
102	105	0.97071
102	118	1.07881
102	132	1.0407
102	153	1.03269
102	155	1.03925
102	158	0.973803
102	162	1.03129
102	164	0.924742
102	165	1.04076
102	167	0.982104
102	169	0.962228
102	170	1.00791
102	171	0.999887
102	174	1.02252
102	175	1.0247
102	176	1.00673
102	177	1.027
102	179	1.01124
102	180	1.02892
103	14	0.925592
103	18	1.10054
103	34	1.07335
103	37	1.10789
103	44	1.02447
103	50	1.03956
103	54	0.993837
103	61	0.859132
103	63	0.958419
103	65	1.02329
103	78	1.07181
103	80	1.00267
103	82	1.04797
103	83	1.00636
103	95	0.981952
103	96	1.02992
103	101	1.11389
103	117	1.25108
103	132	1.02249
103	153	0.849045
103	157	0.84443
103	176	0.888573
103	177	0.87157
103	179	0.917419
104	43	0.972962
104	47	1.18617
104	48	0.976152
104	59	0.984635
104	70	0.998686
104	72	0.911656
104	106	0.933887
104	117	0.862587
104	134	0.949216
104	137	0.977763
104	146	0.983164
104	147	0.987861
104	151	0.997391
104	157	1.0323
104	159	0.974973
104	161	1.07496
104	163	0.944304
104	165	1.03661
104	167	0.970955
104	168	1.06384
104	169	0.972495
104	174	1.05259
104	179	1.10529
104	180	1.05855
105	3	1.02462
105	9	0.885638
105	25	1.01624
105	29	0.970699
105	39	0.965923
105	64	1.09179
105	79	0.99605
105	82	1.15234
105	91	0.910247
105	92	1.05488
105	102	0.97071
105	114	1.01396
105	115	1.01619
105	116	1.02079
105	121	0.985678
105	123	1.02993
105	124	0.973588
105	126	0.996086
105	127	0.984447
105	130	1.01778
105	131	1.00537
105	141	1.01241
105	171	1.00258
105	173	0.848995
105	178	1.05982
106	30	1.09606
106	48	0.98175
106	72	0.917254
106	80	1.00881
106	82	0.937017
106	104	0.933887
106	109	0.958864
106	110	0.997595
106	128	0.96046
106	135	1.10497
106	136	0.943733
106	144	0.995112
106	147	0.993459
106	152	0.979562
106	153	1.02734
106	163	0.949902
106	167	0.976553
106	168	1.05427
106	169	0.978093
106	170	1.10588
106	171	1.0765
106	172	0.971447
106	173	0.922916
106	175	1.0425
106	177	1.04987
106	180	1.04898
107	7	1.01993
107	33	0.971191
107	40	0.813552
107	52	0.986658
107	55	0.941433
107	66	0.973468
107	67	0.96656
107	70	0.999495
107	74	0.926243
107	89	0.938054
107	97	1.114
107	99	1.05154
107	113	1.06035
107	137	1.02587
107	139	0.990364
107	140	0.999052
107	141	1.09671
107	142	0.955765
107	155	1.03053
107	158	0.983729
107	160	0.9752
107	164	0.99984
107	166	0.945147
107	173	1.07862
107	177	1.06025
107	179	1.1061
108	13	1.27591
108	61	0.988435
108	81	1.00176
108	82	0.933098
108	83	1.19607
108	85	1.01387
108	110	0.993676
108	112	0.987119
108	128	0.95654
108	134	0.950895
108	136	0.939813
108	144	0.991193
108	146	0.984843
108	147	0.989539
108	150	0.966673
108	154	0.989154
108	159	0.976652
108	161	1.0164
108	167	0.972634
108	168	1.00528
108	169	0.974174
108	172	0.967527
108	174	0.994023
108	177	1.00087
108	178	0.942984
108	180	0.999987
109	12	0.880853
109	26	0.961893
109	43	0.997939
109	71	1.31366
109	81	1.02505
109	82	0.956396
109	88	0.980376
109	94	0.995674
109	106	0.958864
109	111	1.03055
109	117	0.887564
109	118	0.942976
109	122	0.968184
109	128	0.979838
109	137	1.00274
109	148	1.05134
109	151	1.02237
109	159	0.99995
109	163	0.969281
109	166	0.927842
109	167	0.995932
109	169	0.997472
109	170	1.09896
109	173	0.915992
109	176	1.05995
109	179	1.08879
110	1	0.967186
110	25	0.993095
110	64	1.06865
110	69	0.996033
110	72	0.975364
110	76	1.03338
110	80	1.06692
110	81	1.06379
110	82	0.995128
110	93	1.02773
110	106	0.997595
110	108	0.993676
110	117	0.926295
110	118	0.852836
110	125	1.02545
110	133	1.09824
110	134	1.01292
110	136	1.00184
110	150	1.0287
110	152	0.882498
110	159	1.03868
110	163	1.00801
110	168	0.957205
110	169	1.0362
110	170	1.00882
110	179	0.998652
110	180	0.951916
111	12	1.18067
111	50	1.00793
111	59	0.927742
111	87	1.01776
111	109	1.03055
111	123	0.905095
111	127	0.999577
111	133	0.949586
111	134	0.944912
111	142	0.988567
111	147	0.912759
111	148	1.01636
111	154	1.02142
111	155	1.02222
111	156	1.00743
111	161	1.00309
111	164	0.91758
111	165	1.02373
111	166	1.12134
111	168	1.01315
111	170	0.99088
111	171	0.982858
111	174	1.00549
111	175	1.00767
111	176	0.9897
111	179	0.994211
111	180	1.01189
112	25	0.99361
112	53	1.02953
112	61	0.94088
112	72	0.968808
112	75	0.891661
112	108	0.987119
112	114	1.08569
112	117	0.919739
112	119	1.01705
112	122	1.00036
112	134	1.00637
112	139	1.05519
112	141	1.01047
112	142	1.01248
112	144	1.04667
112	147	1.04501
112	151	1.05454
112	159	1.03213
112	162	0.976098
112	163	1.00146
112	167	1.02811
112	169	1.02965
112	170	1.00933
112	172	1.023
112	174	0.946467
112	178	0.895428
112	179	0.999167
113	4	0.928351
113	7	0.913175
113	88	1.06153
113	89	1.05923
113	94	0.952158
113	98	0.985048
113	107	1.06035
113	125	1.01331
113	148	1.00844
113	151	0.936412
113	154	1.0135
113	158	0.979142
113	162	1.00634
113	163	0.994785
113	165	1.01581
113	166	1.11342
113	167	0.987444
113	168	1.00523
113	169	0.967568
113	170	0.98296
113	171	0.974937
113	174	0.997566
113	176	0.981779
113	177	1.00205
113	178	1.06112
113	179	0.986291
113	180	1.00397
114	39	0.976125
114	42	1.00261
114	47	1.012
114	65	0.998238
114	71	0.956906
114	79	1.00625
114	92	1.06508
114	100	0.994866
114	105	1.01396
114	112	1.08569
114	115	1.0264
114	116	1.03099
114	119	0.995856
114	123	1.04013
114	124	0.98379
114	126	0.969059
114	127	0.994649
114	129	0.996315
114	130	1.02798
114	146	1.04539
114	149	0.987183
114	155	0.919198
114	168	0.953321
114	171	0.975556
114	174	0.942068
114	175	0.941551
114	178	1.07002
115	29	0.983131
115	34	1.13862
115	39	0.978356
115	42	1.00484
115	71	0.959137
115	78	0.962815
115	79	1.00848
115	92	1.06731
115	100	0.997097
115	105	1.01619
115	114	1.0264
115	116	1.03322
115	121	0.99811
115	123	1.04236
115	124	0.98602
115	127	0.996879
115	130	1.03021
115	139	1.0387
115	141	0.973292
115	149	0.975095
115	150	0.965685
115	162	0.95961
115	170	0.992844
115	172	0.937039
115	175	0.929463
115	177	0.936831
115	178	1.07225
116	6	1.25827
116	9	0.902667
116	39	0.982952
116	42	1.00944
116	47	1.01882
116	71	0.963733
116	79	1.01308
116	81	1.00431
116	82	1.0993
116	92	1.07191
116	100	1.00169
116	105	1.02079
116	114	1.03099
116	115	1.03322
116	123	1.04696
116	124	0.990616
116	126	0.943039
116	127	1.00148
116	130	1.03481
116	137	0.888519
116	141	0.95936
116	145	1.11375
116	157	0.895759
116	166	0.807798
116	174	0.916048
116	178	1.07685
116	180	0.922012
117	30	1.02476
117	53	0.906675
117	57	0.84804
117	72	0.845954
117	75	1.1344
117	103	1.25108
117	104	0.862587
117	109	0.887564
117	110	0.926295
117	112	0.919739
117	118	1.09609
117	119	0.894195
117	122	0.877505
117	134	0.883514
117	137	0.912061
117	138	1.33152
117	144	0.923812
117	145	0.875813
117	150	0.899292
117	157	1.16892
117	167	0.905253
117	168	1.20046
117	169	0.906793
117	171	1.22269
117	172	0.900147
117	175	1.18869
117	176	1.21306
118	1	1.07352
118	32	0.994529
118	54	0.963905
118	72	0.990658
118	89	0.959164
118	92	0.833564
118	102	1.07881
118	109	0.942976
118	110	0.852836
118	117	1.09609
118	143	0.954188
118	147	0.82519
118	153	1.05522
118	155	1.06178
118	156	1.04699
118	157	1.05891
118	163	0.894714
118	165	1.06329
118	167	0.887373
118	170	1.03044
118	171	1.02242
118	172	1.05237
118	174	1.04504
118	175	1.04723
118	176	1.02926
118	177	1.04953
118	179	1.03377
118	180	1.05145
119	2	1.01216
119	44	0.997151
119	55	1.08926
119	60	0.990838
119	65	1.05126
119	77	1.04128
119	83	1.05868
119	99	0.893699
119	112	1.01705
119	114	0.995856
119	117	0.894195
119	127	1.05891
119	133	1.00892
119	134	0.980825
119	144	1.02112
119	145	0.973123
119	155	1.00686
119	157	1.004
119	159	1.00658
119	162	0.998901
119	163	0.975912
119	169	1.0041
119	170	0.975524
119	172	0.997457
119	176	0.974343
119	177	0.994617
119	179	0.978855
119	180	0.996533
120	10	1.01827
120	22	0.955755
120	41	0.966544
120	45	0.97633
120	49	0.982049
120	68	0.961698
120	73	1.02359
120	77	0.974689
120	84	1.02825
120	89	0.939624
120	93	1.04002
120	99	1.05311
120	133	0.986412
120	139	0.991933
120	140	1.13309
120	143	0.956523
120	149	1.05371
120	150	1.0443
120	158	0.985299
120	160	0.97677
120	161	1.03097
120	164	1.00141
120	166	0.900344
120	168	1.01985
120	170	1.07146
120	171	1.04208
120	173	0.888494
120	175	1.00808
121	19	1.01816
121	33	0.929754
121	42	0.974323
121	61	1.00637
121	71	0.928619
121	73	1.02751
121	105	0.985678
121	115	0.99811
121	123	1.01185
121	124	0.955503
121	127	0.966362
121	129	0.96093
121	130	0.999695
121	135	1.07392
121	139	0.995853
121	143	0.960443
121	145	1.20966
121	149	1.05708
121	153	0.996287
121	158	0.989218
121	160	0.980689
121	164	1.00533
121	165	0.99598
121	172	1.01902
121	173	0.891861
121	175	1.01144
121	178	1.04173
121	180	1.01793
122	6	0.882319
122	21	1.23815
122	33	0.972743
122	48	0.991071
122	57	0.928661
122	82	0.946338
122	99	1.09202
122	109	0.968184
122	112	1.00036
122	117	0.877505
122	125	0.976663
122	126	1.08194
122	136	0.953053
122	141	0.968239
122	144	1.00443
122	146	0.998083
122	147	1.00278
122	150	0.979912
122	155	1.03208
122	159	0.989892
122	162	1.08458
122	163	0.959222
122	166	0.9467
122	167	0.985873
122	169	0.987414
122	170	1.11781
122	173	0.93485
122	174	1.05495
122	175	1.05443
123	3	1.05079
123	9	0.911808
123	10	0.920322
123	39	0.992093
123	42	1.01858
123	46	0.965471
123	47	1.02796
123	71	0.972874
123	79	1.02222
123	92	1.08105
123	100	1.01083
123	105	1.02993
123	111	0.905095
123	114	1.04013
123	115	1.04236
123	116	1.04696
123	121	1.01185
123	127	1.01062
123	130	1.04395
123	131	0.94692
123	136	1.11749
123	141	0.953953
123	150	0.946347
123	162	0.940272
123	163	1.09563
123	172	0.9177
123	176	0.934495
123	178	1.08599
123	179	0.963341
124	3	0.994446
124	9	0.855463
124	38	1.28784
124	39	0.935748
124	42	0.962233
124	47	0.971618
124	65	0.957861
124	71	0.916529
124	79	0.965875
124	91	0.948593
124	92	1.0247
124	100	0.954489
124	105	0.973588
124	114	0.98379
124	115	0.98602
124	116	0.990616
124	121	0.955503
124	127	0.954272
124	129	1.06169
124	130	0.987605
124	133	1.15973
124	137	0.979911
124	148	1.02269
124	156	1.01548
124	165	0.991459
124	170	1.0703
124	171	1.04093
124	176	1.03129
124	178	1.02964
125	6	0.900857
125	30	1.12392
125	36	1.03861
125	43	1.00642
125	53	1.00583
125	69	0.965781
125	70	0.952456
125	78	1.03919
125	90	0.92582
125	91	0.947511
125	110	1.02545
125	113	1.01331
125	122	0.976663
125	128	0.988318
125	134	0.982673
125	135	1.06831
125	136	0.971591
125	145	0.974971
125	146	1.01662
125	148	1.02161
125	151	1.03085
125	159	1.00843
125	163	0.97776
125	165	0.990378
125	169	1.00595
125	172	0.999305
125	175	1.00584
125	176	1.03021
125	178	0.95532
125	179	1.05906
126	37	0.975657
126	57	1.13638
126	63	1.13473
126	73	0.94285
126	105	0.996086
126	114	0.969059
126	116	0.943039
126	122	1.08194
126	135	0.963982
126	146	0.933159
126	147	0.945297
126	148	0.999821
126	152	1.02757
126	153	0.999117
126	154	1.00487
126	161	0.986545
126	162	0.997715
126	164	0.950118
126	165	1.00719
126	168	0.996611
126	169	0.987604
126	170	0.974337
126	171	0.966315
126	173	1.09488
126	174	0.988944
126	176	0.973157
126	177	0.99343
126	178	1.0525
126	179	0.977669
126	180	0.995346
127	3	1.00531
127	9	0.866323
127	29	0.951383
127	42	0.973092
127	47	0.982478
127	65	0.968721
127	71	0.927389
127	79	0.976734
127	92	1.03556
127	100	0.965349
127	105	0.984447
127	111	0.999577
127	114	0.994649
127	115	0.996879
127	116	1.00148
127	119	1.05891
127	121	0.966362
127	123	1.01062
127	124	0.954272
127	130	0.998464
127	144	1.10018
127	146	1.10845
127	153	0.98945
127	154	1.00026
127	155	0.982255
127	156	1.01316
127	161	1.0275
127	164	1.12541
127	165	0.989143
127	172	1.01218
127	178	1.0405
128	6	0.893973
128	12	0.882449
128	36	1.03173
128	46	1.08219
128	75	0.972558
128	91	0.968517
128	94	0.99727
128	101	1.08468
128	106	0.96046
128	108	0.95654
128	109	0.979838
128	125	0.988318
128	134	0.975789
128	136	0.964707
128	144	1.01609
128	145	0.968088
128	146	1.00974
128	147	1.01443
128	148	1.04261
128	150	0.991567
128	156	1.0354
128	157	1.00708
128	158	1.19671
128	159	1.00155
128	163	0.970877
128	166	0.919114
128	167	0.997528
128	168	1.03862
128	169	0.999068
128	175	1.02685
128	180	1.03333
129	11	1.01071
129	18	0.988911
129	48	0.973632
129	52	1.01258
129	57	1.16363
129	74	0.92507
129	80	0.995038
129	87	0.947211
129	99	1.05036
129	114	0.996315
129	121	0.96093
129	124	1.06169
129	130	1.00542
129	132	1.09334
129	133	0.983669
129	136	1.06394
129	138	0.988385
129	145	1.05479
129	148	0.982389
129	149	0.966158
129	151	0.983705
129	160	0.974027
129	161	0.969112
129	164	0.998667
129	171	0.948882
129	174	0.971511
129	175	0.973695
129	177	0.975998
129	178	1.03507
129	179	0.960236
129	180	0.977914
130	3	1.03864
130	9	0.899656
130	23	1.02263
130	29	0.984717
130	30	0.92014
130	42	1.00643
130	47	1.01581
130	65	1.00205
130	71	0.960722
130	75	0.896362
130	79	1.01007
130	86	1.17345
130	92	1.06889
130	100	0.998682
130	105	1.01778
130	114	1.02798
130	115	1.03021
130	116	1.03481
130	121	0.999695
130	123	1.04395
130	124	0.987605
130	127	0.998464
130	129	1.00542
130	142	1.01718
130	150	0.986874
130	157	0.93088
130	168	0.962422
130	172	0.958227
130	176	0.975022
130	177	0.95802
130	178	1.07383
130	179	1.00387
131	2	1.04156
131	4	1.04384
131	9	1.14331
131	17	0.895079
131	26	1.08893
131	28	1.03281
131	48	0.955662
131	51	0.900096
131	56	0.967735
131	58	0.925197
131	59	0.969567
131	76	0.997485
131	105	1.00537
131	123	0.94692
131	132	0.977314
131	138	0.981434
131	140	1.0127
131	143	1.08358
131	149	0.980984
131	152	1.02496
131	160	1.01956
131	163	1.02411
131	164	0.959405
131	166	1.10219
131	167	1.01677
131	168	0.994004
131	169	0.996891
131	174	0.986337
131	175	0.98852
131	176	0.97055
131	177	0.990823
131	179	0.975062
131	180	0.992739
132	2	1.03496
132	8	0.882078
132	14	0.873817
132	17	0.888475
132	24	1.18934
132	25	1.08623
132	28	1.02621
132	35	1.09754
132	37	1.05611
132	44	0.972694
132	50	0.987787
132	51	0.893492
132	56	0.961131
132	58	0.918593
132	63	0.906644
132	65	0.97151
132	83	0.954584
132	88	0.983371
132	90	0.958549
132	95	0.930178
132	96	0.97814
132	101	1.06211
132	102	1.0407
132	103	1.02249
132	129	1.09334
132	131	0.977314
132	140	1.0061
132	149	1.0842
132	152	0.975634
132	161	1.06146
132	166	1.09559
132	171	1.07258
132	173	0.918988
132	177	1.04594
133	15	1.03534
133	22	0.982414
133	32	0.980266
133	36	1.02147
133	41	0.993203
133	45	1.00299
133	54	0.963243
133	55	0.969662
133	62	1.16925
133	64	1.01773
133	74	0.954471
133	75	0.900327
133	77	1.00135
133	86	0.972111
133	89	0.966283
133	93	1.06668
133	99	1.07976
133	110	1.09824
133	111	0.949586
133	119	1.00892
133	120	0.986412
133	124	1.15973
133	129	0.983669
133	138	1.01779
133	143	0.983182
133	150	0.990839
133	152	0.891679
133	155	0.932264
133	158	1.01196
133	160	1.00343
133	162	0.984764
133	164	1.02807
133	172	0.962192
133	176	0.978987
133	180	0.961097
134	43	0.99389
134	62	1.16458
134	67	1.12553
134	68	1.1396
134	72	0.932584
134	76	0.990598
134	77	1.13511
134	85	1.03312
134	94	0.991625
134	98	1.03102
134	104	0.949216
134	108	0.950895
134	110	1.01292
134	111	0.944912
134	112	1.00637
134	117	0.883514
134	119	0.980825
134	125	0.982673
134	128	0.975789
134	141	0.974248
134	143	1.19492
134	144	1.01044
134	145	0.962443
134	146	1.00409
134	148	0.965707
134	151	1.01832
134	152	0.887005
134	155	0.927589
134	157	0.93017
134	159	0.995901
134	163	0.965231
134	167	0.991883
134	169	0.993423
134	171	0.983947
134	176	0.974312
134	179	1.00316
135	11	0.987181
135	36	0.931136
135	41	1.05381
135	56	1.10279
135	66	1.03926
135	70	1.0138
