1	105	0.911465
1	117	0.840215
1	120	0.921646
1	123	0.907659
1	124	0.907363
1	131	0.899885
1	135	0.915591
1	141	0.90518
1	146	1.37101
1	160	1.72924
1	164	1.66133
1	171	1.56388
2	6	0.952303
2	24	0.914603
2	68	0.918627
2	85	0.847814
2	95	0.904281
2	100	0.885024
2	102	0.926597
2	148	0.624418
2	173	1.60347
2	175	1.6843
2	176	2.42574
2	178	0.86478
3	4	0.727437
3	15	0.844065
3	43	0.776489
3	48	0.852804
3	57	0.850669
3	61	0.736493
3	82	0.852053
3	113	1.35849
3	161	0.809401
3	168	0.774266
3	172	2.01055
3	175	2.51921
4	3	0.727437
4	43	0.791575
4	46	0.76803
4	47	1.72623
4	51	0.753288
4	57	0.865755
4	64	0.821682
4	82	0.86714
4	96	1.99434
4	157	2.12569
4	161	0.824488
4	168	0.789352
5	10	0.833255
5	15	0.97138
5	19	0.927273
5	51	0.865516
5	61	0.863808
5	64	0.93391
5	134	1.44074
5	148	1.38173
5	151	1.33772
5	161	0.936716
5	168	0.901581
5	177	2.1451
6	2	0.952303
6	8	0.961266
6	68	0.901612
6	76	1.06715
6	85	0.830799
6	95	0.887266
6	102	0.909582
6	134	0.902759
6	145	1.04041
6	148	1.18357
6	176	2.9849
6	178	0.847765
7	75	1.05328
7	85	1.16527
7	95	1.42756
7	171	0.857037
7	173	0.79716
7	174	0.763719
7	175	0.79519
7	176	0.756309
7	177	0.809226
7	178	0.867574
7	179	0.786522
7	180	0.795128
8	6	0.961266
8	24	0.923566
8	69	0.852349
8	78	0.915994
8	85	0.856778
8	87	1.01248
8	100	0.893987
8	102	0.93556
8	158	1.22851
8	178	0.873743
8	179	2.17069
8	180	1.95656
9	81	0.683866
9	94	0.938913
9	131	0.841504
9	138	1.02085
9	141	0.78336
9	158	1.01243
9	174	0.844318
9	175	0.875788
9	176	0.836908
9	177	0.889825
9	179	0.867121
9	180	0.875727
10	5	0.833255
10	46	0.746533
10	51	0.731791
10	57	0.844259
10	64	0.800185
10	82	0.845643
10	118	0.811874
10	121	1.56262
10	159	2.00703
10	161	0.802991
10	168	0.767856
10	177	2.37564
11	14	1.28962
11	54	0.913222
11	69	0.856393
11	74	1.41964
11	85	0.860822
11	95	0.917288
11	100	0.898031
11	102	0.939604
11	134	0.932781
11	143	1.9547
11	151	1.5783
11	178	0.877787
12	55	1.21752
12	84	1.39526
12	101	1.20989
12	116	0.846192
12	119	0.878386
12	123	0.861679
12	124	0.861382
12	166	0.83049
12	174	0.711307
12	177	0.756813
12	179	0.73411
12	180	0.742715
13	70	0.915079
13	77	0.88447
13	90	1.21551
13	107	0.892445
13	111	0.907973
13	122	0.89736
13	129	0.886169
13	139	0.9157
13	142	0.916089
13	143	1.8475
13	151	1.47111
13	158	1.69745
14	11	1.28962
14	16	0.773224
14	99	0.725439
14	111	0.859578
14	140	1.00907
14	170	0.906655
14	174	0.864779
14	175	0.896249
14	176	0.857368
14	177	0.910285
14	179	0.887582
14	180	0.896187
15	3	0.844065
15	5	0.97138
15	19	0.931673
15	43	0.908204
15	50	0.859581
15	51	0.869916
15	132	1.08273
15	161	0.941116
15	164	1.53775
15	165	1.6022
15	168	0.905981
15	175	2.10521
16	14	0.773224
16	114	0.90515
16	117	0.839348
16	127	0.896417
16	131	0.899018
16	133	0.92603
16	135	0.914725
16	136	0.915905
16	141	0.904313
16	156	1.4994
16	175	2.16579
16	178	1.49153
17	62	0.842688
17	74	1.42729
17	107	0.778571
17	108	0.781344
17	111	0.794099
17	115	0.835849
17	129	0.772295
17	137	0.775372
17	139	0.801826
17	142	0.802215
17	163	1.72491
17	170	2.76189
18	88	1.12391
18	107	1.18621
18	127	1.40505
18	144	0.874518
18	166	0.879132
18	173	0.79339
18	174	0.759949
18	175	0.79142
18	176	0.752539
18	177	0.805456
18	179	0.782752
18	180	0.791358
19	5	0.927273
19	15	0.931673
19	48	0.940411
19	50	0.815474
19	64	0.894203
19	82	0.939661
19	140	1.4063
19	144	1.75695
19	157	1.35641
19	161	0.897009
19	168	0.861873
19	171	1.72592
20	24	0.914807
20	60	1.53183
20	85	0.848019
20	94	0.911403
20	95	0.904485
20	100	0.885228
20	102	0.926801
20	134	0.919978
20	157	0.896919
20	167	1.92848
20	175	1.93135
20	178	0.864984
21	36	0.848156
21	86	0.885046
21	87	1.10472
21	99	0.849631
21	105	0.86725
21	116	0.847958
21	119	0.880153
21	120	0.877432
21	123	0.863445
21	124	0.863149
21	165	1.69528
21	172	1.68964
21	179	2.26293
22	59	0.908613
22	62	0.910059
22	77	0.837968
22	87	1.61415
22	88	0.806861
22	97	0.834359
22	110	0.871261
22	115	0.90322
22	134	1.70686
22	139	0.869198
22	140	1.72319
22	142	0.869587
22	148	1.64785
23	27	1.00602
23	32	0.869696
23	63	0.827182
23	119	1.04995
23	167	0.891174
23	172	0.914139
23	173	0.871437
23	174	0.837997
23	175	0.869467
23	176	0.830586
23	177	0.883504
23	179	0.8608
23	180	0.869405
24	2	0.914603
24	8	0.923566
24	20	0.914807
24	69	0.78867
24	75	0.947769
24	78	0.852316
24	85	0.793099
24	102	0.871882
24	152	1.32831
24	157	1.31621
24	165	1.84762
24	178	0.810065
24	180	2.20114
25	36	0.849477
25	40	0.852552
25	73	0.862704
25	86	0.886367
25	105	0.868572
25	113	1.24406
25	116	0.84928
25	120	0.878753
25	123	0.864766
25	124	0.86447
25	145	1.20172
25	159	1.73966
25	170	2.47681
26	53	0.836207
26	127	0.859832
26	130	1.89799
26	131	0.862432
26	133	0.889445
26	135	0.878139
26	136	0.87932
26	141	0.867727
26	147	1.66
26	156	1.75716
26	157	1.38912
26	159	0.829232
26	161	0.896794
27	23	1.00602
27	36	0.848156
27	86	0.885046
27	99	0.849631
27	105	0.86725
27	116	0.847958
27	119	0.880153
27	120	0.877432
27	123	0.863445
27	124	0.863149
27	151	1.38204
27	162	2.32152
27	168	1.62006
28	57	0.398545
28	114	0.871405
28	117	0.805604
28	131	0.865274
28	133	0.892286
28	135	0.88098
28	136	0.882161
28	141	0.870569
28	150	0.897183
28	155	1.77822
28	159	0.832073
28	166	1.69086
28	180	2.27788
29	53	0.844178
29	67	0.822468
29	90	1.38025
29	113	1.57902
29	116	0.862691
29	120	0.892164
29	123	0.878178
29	124	0.877881
29	127	0.867803
29	133	0.897415
29	141	0.875698
29	157	1.70531
29	169	1.93087
30	37	0.96798
30	40	0.852846
30	73	0.862998
30	86	0.886661
30	99	0.851246
30	105	0.868865
30	116	0.849573
30	120	0.879047
30	123	0.86506
30	124	0.864764
30	143	1.57557
30	164	1.7356
30	167	2.30019
31	114	0.873117
31	117	0.807315
31	127	0.864384
31	131	0.866985
31	133	0.893997
31	134	1.2164
31	135	0.882692
31	141	0.87228
31	159	0.833784
31	160	1.71771
31	161	0.901347
31	164	1.6498
31	173	2.13644
32	23	0.869696
32	42	0.862486
32	66	0.88891
32	81	0.90935
32	84	0.842608
32	91	0.817562
32	98	0.840328
32	106	0.862972
32	109	2.2443
32	149	0.87636
32	150	0.892934
32	169	1.54073
32	171	1.68468
33	74	0.779726
33	114	0.871368
33	117	0.805566
33	127	0.862635
33	133	0.892248
33	135	0.880943
33	136	0.882123
33	138	1.18651
33	141	0.870531
33	159	0.832035
33	161	0.899598
33	174	2.69205
33	175	2.04228
34	55	0.880462
34	59	0.873532
34	79	0.899955
34	108	0.813634
34	111	0.82639
34	122	0.815777
34	129	0.804585
34	137	0.807662
34	139	0.834117
34	142	0.834506
34	156	1.69389
34	159	1.69516
34	162	2.19588
34	169	1.55141
35	99	0.828742
35	116	0.827069
35	120	0.856543
35	123	0.842556
35	124	0.84226
35	135	0.850488
35	136	0.851669
35	141	0.840077
35	150	0.866691
35	157	1.29197
35	159	0.801581
35	163	1.36146
35	168	1.46053
35	174	2.97617
36	21	0.848156
36	25	0.849477
36	27	0.848156
36	73	0.835926
36	99	0.824174
36	105	0.841793
36	116	0.822501
36	120	0.851975
36	121	1.48801
36	123	0.837988
36	124	0.837691
36	145	1.39449
36	163	1.6326
36	175	2.59754
37	30	0.96798
37	43	1.22971
37	84	1.37459
37	141	1.00458
37	154	0.929417
37	164	0.902855
37	166	0.902822
37	170	0.825516
37	173	0.81708
37	175	0.81511
37	176	0.776229
37	177	0.829146
37	179	0.806443
37	180	0.815048
38	40	0.818868
38	73	0.82902
38	83	0.878671
38	86	0.852682
38	99	0.817268
38	105	0.834887
38	116	0.815595
38	120	0.845069
38	123	0.831082
38	124	0.830785
38	132	1.31665
38	145	1.13608
38	171	1.67421
38	174	2.9889
39	40	1.03331
39	122	1.05594
39	139	1.00963
39	142	0.965518
39	155	0.904542
39	157	0.95755
39	165	0.874134
39	168	0.915118
39	174	0.773294
39	175	0.804764
39	176	0.765884
39	177	0.818801
39	179	0.796097
39	180	0.804702
40	25	0.852552
40	30	0.852846
40	38	0.818868
40	39	1.03331
40	73	0.839001
40	99	0.827249
40	105	0.844868
40	116	0.825576
40	120	0.855049
40	123	0.841063
40	124	0.840766
40	165	1.83526
40	172	1.82962
40	177	2.04176
41	93	0.976346
41	108	0.915694
41	110	0.938239
41	111	0.928449
41	122	0.917836
41	129	0.906645
41	137	0.909722
41	139	0.936177
41	142	0.936565
41	164	1.39757
41	168	1.09917
41	169	1.15616
41	170	2.03707
41	180	1.81553
42	32	0.862486
42	49	0.780113
42	65	0.86646
42	71	0.864092
42	91	0.795726
42	98	0.818493
42	101	0.873096
42	106	0.841137
42	149	0.854524
42	150	0.871099
42	163	1.45915
42	169	1.61522
42	178	1.74982
42	180	2.27459
43	3	0.776489
43	4	0.791575
43	15	0.908204
43	37	1.22971
43	46	0.817082
43	50	0.792005
43	61	0.800632
43	72	1.40556
43	82	0.916192
43	118	0.882422
43	161	0.87354
43	165	2.06177
43	168	0.838404
43	172	2.05613
44	46	1.34434
44	68	1.11439
44	110	0.982355
44	111	0.765414
44	117	0.835321
44	127	0.892391
44	133	0.922003
44	136	0.911879
44	141	0.900286
44	166	0.871577
44	175	0.783864
44	176	0.744983
44	179	0.775197
44	180	0.783802
45	65	1.48696
45	99	1.42604
45	104	0.730103
45	108	1.55529
45	147	0.855227
45	167	0.760261
45	169	0.830422
45	171	0.800402
45	172	0.783226
45	175	0.738554
45	176	0.699674
45	177	0.752591
45	179	0.729887
45	180	0.738493
46	4	0.76803
46	10	0.746533
46	43	0.817082
46	44	1.34434
46	48	0.893397
46	57	0.891262
46	64	0.847188
46	82	0.892646
46	118	0.858877
46	125	1.89181
46	145	1.62802
46	161	0.849994
46	163	1.86613
46	168	0.814859
47	4	1.72623
47	124	1.01713
47	139	0.880698
47	142	0.836584
47	154	0.933714
47	165	0.888777
47	166	0.907119
47	167	0.841114
47	174	0.787937
47	175	0.819407
47	176	0.780526
47	177	0.833443
47	179	0.81074
47	180	0.819345
48	3	0.852804
48	19	0.940411
48	46	0.893397
48	57	0.991122
48	61	0.876947
48	82	0.992507
48	118	0.958737
48	138	1.24832
48	155	1.45492
48	157	1.06965
48	161	0.949855
48	167	2.10121
48	168	0.914719
48	172	1.59543
49	42	0.780113
49	63	0.906091
49	65	0.805923
49	66	0.806537
49	81	0.826978
49	84	0.760235
49	89	0.801726
49	90	0.889001
49	101	0.812559
49	126	1.87668
49	149	0.793987
49	150	0.810562
49	164	1.48416
49	170	2.12367
49	179	2.11626
50	15	0.859581
50	19	0.815474
50	43	0.792005
50	51	0.753717
50	57	0.866185
50	61	0.75201
50	64	0.822111
50	82	0.867569
50	109	2.11522
50	118	0.8338
50	154	1.40811
50	160	1.72097
50	161	0.824917
50	168	0.789782
50	170	2.29256
51	4	0.753288
51	5	0.865516
51	10	0.731791
51	15	0.869916
51	50	0.753717
51	57	0.87652
51	61	0.762344
51	82	0.877904
51	87	1.47235
51	118	0.844135
51	147	1.80237
51	161	0.835252
51	162	2.40153
51	168	0.800117
51	171	1.90101
52	56	0.876698
52	67	0.860292
52	72	0.799013
52	112	2.97117
52	114	0.914359
52	117	0.848557
52	127	0.905626
52	131	0.908227
52	135	0.923934
52	136	0.925114
52	141	0.913522
52	149	0.923562
52	152	0.935907
52	153	1.27638
52	175	1.95824
53	26	0.836207
53	29	0.844178
53	114	0.817634
53	117	0.751833
53	131	0.811503
53	133	0.838515
53	135	0.827209
53	136	0.82839
53	140	1.66017
53	141	0.816798
53	145	1.44166
53	159	0.778302
53	161	0.845865
53	168	1.77884
53	173	2.56388
54	11	0.913222
54	68	0.849524
54	69	0.774283
54	75	0.933382
54	85	0.778711
54	95	0.835178
54	100	0.815921
54	102	0.857494
54	134	0.850671
54	144	1.95318
54	146	1.72929
54	152	1.56475
54	166	1.85056
54	178	0.795677
55	12	1.21752
55	34	0.880462
55	80	0.897123
55	88	0.85981
55	96	1.36615
55	107	0.898891
55	108	0.901664
55	111	0.914419
55	129	0.892615
55	137	0.895692
55	139	0.922147
55	142	0.922535
55	145	1.32888
55	152	1.5096
55	160	2.03238
56	52	0.876698
56	114	0.81233
56	117	0.746528
56	127	0.803598
56	131	0.806198
56	133	0.833211
56	135	0.821905
56	136	0.823086
56	141	0.811493
56	144	1.82578
56	149	0.821534
56	154	1.64726
56	161	0.84056
56	164	1.89221
56	177	2.16316
57	3	0.850669
57	4	0.865755
57	10	0.844259
57	28	0.398545
57	46	0.891262
57	48	0.991122
57	50	0.866185
57	51	0.87652
57	64	0.944914
57	76	1.53948
57	103	1.70349
57	140	1.73125
57	161	0.947719
57	168	0.912584
57	178	2.04153
58	63	0.915116
58	66	0.815562
58	81	0.836002
58	84	0.76926
58	90	0.898025
58	91	0.744214
58	93	1.53318
58	98	0.766981
58	101	0.821584
58	106	0.789624
58	132	1.95487
58	146	2.11956
58	148	1.91747
58	149	0.803012
58	150	0.819587
59	22	0.908613
59	34	0.873532
59	97	0.880378
59	107	0.891961
59	108	0.894734
59	110	0.91728
59	121	0.913087
59	122	0.896877
59	137	0.888762
59	139	0.915217
59	142	0.915606
59	153	1.34075
59	162	1.85821
59	163	1.05767
59	176	2.76405
60	20	1.53183
60	106	1.92278
60	116	0.782004
60	119	0.814198
60	120	0.811477
60	123	0.797491
60	124	0.797194
60	134	0.805967
60	143	0.784392
60	161	1.79353
60	165	0.747959
60	173	0.680559
60	176	0.639708
60	179	0.669922
60	180	0.678527
61	3	0.736493
61	5	0.863808
61	43	0.800632
61	48	0.876947
61	50	0.75201
61	51	0.762344
61	64	0.830738
61	82	0.876196
61	103	1.07266
61	112	3.09789
61	118	0.842427
61	161	0.833544
61	165	1.58195
61	168	0.798409
61	177	1.78845
62	17	0.842688
62	22	0.910059
62	80	0.89164
62	97	0.881823
62	111	0.908936
62	115	0.950685
62	122	0.898323
62	125	1.19632
62	128	1.41362
62	129	0.887131
62	137	0.890208
62	142	0.917052
62	154	1.32317
62	157	1.10115
62	176	2.87703
63	23	0.827182
63	49	0.906091
63	58	0.915116
63	66	0.993052
63	81	1.01349
63	84	0.94675
63	89	0.98824
63	91	0.921704
63	96	1.1413
63	98	0.944471
63	106	0.967114
63	132	1.2846
63	150	0.997076
63	164	1.73962
63	165	1.80407
63	168	1.44122
64	4	0.821682
64	5	0.93391
64	10	0.800185
64	19	0.894203
64	46	0.847188
64	50	0.822111
64	57	0.944914
64	61	0.830738
64	90	1.22897
64	118	0.912529
64	151	1.48457
64	157	1.55403
64	160	2.08891
64	161	0.903646
64	166	1.85194
64	168	0.868511
65	42	0.86646
65	45	1.48696
65	49	0.805923
65	71	0.889902
65	81	0.913325
65	84	0.846582
65	89	0.888073
65	98	0.844303
65	101	0.898906
65	106	0.866947
65	143	1.45143
65	147	1.41537
65	149	0.880334
65	150	0.896909
65	178	1.50466
65	180	2.02942
66	32	0.88891
66	49	0.806537
66	58	0.815562
66	63	0.993052
66	71	0.890516
66	89	0.888687
66	91	0.82215
66	98	0.844917
66	101	0.89952
66	103	1.43508
66	106	0.867561
66	149	0.880948
66	163	1.48245
66	168	1.58152
66	169	1.63851
66	177	2.15088
67	29	0.822468
67	52	0.860292
67	114	0.795924
67	117	0.730123
67	118	1.50476
67	127	0.787192
67	131	0.789793
67	135	0.805499
67	136	0.80668
67	141	0.795088
67	150	0.821702
67	153	1.98193
67	159	0.756592
67	161	0.824154
67	169	1.85491
67	173	2.58295
68	2	0.918627
68	6	0.901612
68	44	1.11439
68	54	0.849524
68	75	0.951794
68	78	0.85634
68	94	0.860508
68	95	0.85359
68	100	0.834333
68	102	0.875906
68	118	1.44209
68	134	0.869083
68	140	1.61658
68	159	1.936
68	168	1.73525
68	178	0.814089
69	8	0.852349
69	11	0.856393
69	24	0.78867
69	54	0.774283
69	75	0.876552
69	78	0.781099
69	94	0.785267
69	95	0.778349
69	100	0.759091
69	102	0.800665
69	128	1.81118
69	134	0.793842
69	146	1.67535
69	171	1.86822
69	178	0.738848
69	179	2.59777
70	13	0.915079
70	76	0.92191
70	88	0.812844
70	97	0.840341
70	108	0.854697
70	110	0.877243
70	111	0.867453
70	119	0.880625
70	122	0.85684
70	137	0.848726
70	142	0.875569
70	143	1.53216
70	147	1.4961
70	148	1.19977
70	177	1.96314
70	180	2.11015
71	42	0.864092
71	65	0.889902
71	66	0.890516
71	81	0.910956
71	84	0.844214
71	89	0.885704
71	91	0.819167
71	93	1.24418
71	98	0.841934
71	101	0.896538
71	106	0.864578
71	144	2.05446
71	149	0.877966
71	151	1.58446
71	152	1.66602
71	163	1.72341
72	43	1.40556
72	52	0.799013
72	77	0.837107
72	100	1.37758
72	136	1.20525
72	162	0.874011
72	169	0.927517
72	170	0.846055
72	172	0.880321
72	173	0.837619
72	174	0.804179
72	175	0.835649
72	176	0.796769
72	177	0.849686
72	178	0.908033
72	179	0.826982
72	180	0.835587
73	25	0.862704
73	30	0.862998
73	36	0.835926
73	38	0.82902
73	40	0.839001
73	86	0.872815
73	99	0.837401
73	105	0.85502
73	109	2.29144
73	116	0.835728
73	120	0.865202
73	121	1.28722
73	123	0.851215
73	124	0.850918
73	128	1.67479
73	157	1.36232
73	177	2.10024
74	11	1.41964
74	17	1.42729
74	33	0.779726
74	101	1.26175
74	124	1.18847
74	128	0.943356
74	165	0.896182
74	171	0.888659
74	172	0.871483
74	173	0.828782
74	174	0.795341
74	175	0.826812
74	176	0.787931
74	177	0.840848
74	178	0.899196
74	179	0.818145
74	180	0.82675
75	7	1.05328
75	24	0.947769
75	54	0.933382
75	68	0.951794
75	69	0.876552
75	78	0.940198
75	85	0.880981
75	94	0.944366
75	95	0.937447
75	100	0.91819
75	102	0.959764
75	103	1.04803
75	121	0.950814
75	156	1.39395
75	165	1.55732
75	174	2.71011
75	178	0.897946
76	6	1.06715
76	57	1.53948
76	70	0.92191
76	106	1.146
76	110	0.924594
76	120	0.894565
76	129	0.892999
76	137	0.896076
76	139	0.922531
76	142	0.92292
76	161	1.01674
76	172	0.837038
76	174	0.760897
76	176	0.753486
76	177	0.806403
76	179	0.7837
76	180	0.792305
77	13	0.88447
77	22	0.837968
77	72	0.837107
77	79	0.910409
77	80	0.819548
77	103	0.984028
77	110	0.846634
77	115	0.878593
77	119	0.850016
77	122	0.826231
77	126	1.82139
77	129	0.815039
77	137	0.818116
77	139	0.844571
77	142	0.84496
77	175	1.99633
77	176	2.73778
78	8	0.915994
78	24	0.852316
78	68	0.85634
78	69	0.781099
78	75	0.940198
78	85	0.785527
78	94	0.848912
78	95	0.841994
78	100	0.822737
78	102	0.86431
78	134	0.857487
78	148	1.11183
78	155	1.52255
78	162	2.00731
78	177	1.87521
78	178	0.802493
78	179	2.23635
79	34	0.899955
79	77	0.910409
79	88	0.879303
79	90	1.08388
79	110	0.943702
79	111	0.933912
79	113	1.28265
79	115	0.975662
79	122	0.923299
79	129	0.912108
79	132	1.42089
79	137	0.915185
79	139	0.941639
79	142	0.942028
79	143	1.71588
79	144	1.80947
79	169	1.6345
80	55	0.897123
80	62	0.89164
80	77	0.819548
80	87	0.903034
80	107	0.827523
80	108	0.830295
80	111	0.843051
80	115	0.884801
80	122	0.832438
80	125	1.05735
80	129	0.821247
80	137	0.824324
80	139	0.850778
80	142	0.851167
80	170	2.06865
80	175	1.99661
80	176	2.73806
81	9	0.683866
81	32	0.90935
81	49	0.826978
81	58	0.836002
81	63	1.01349
81	65	0.913325
81	71	0.910956
81	89	0.909127
81	91	0.842591
81	101	0.919961
81	106	0.888001
81	128	1.51821
81	149	0.901389
81	150	0.917963
81	153	1.55831
81	157	1.20574
81	162	2.07577
81	180	2.09067
82	3	0.852053
82	4	0.86714
82	10	0.845643
82	19	0.939661
82	43	0.916192
82	46	0.892646
82	48	0.992507
82	50	0.867569
82	51	0.877904
82	61	0.876196
82	130	1.36972
82	153	1.21342
82	156	1.22889
82	159	1.23016
82	161	0.949104
82	167	1.89241
82	168	0.913969
82	174	2.54505
83	38	0.878671
83	84	1.42972
83	105	0.904671
83	108	0.967299
83	110	1.18914
83	115	0.732101
83	116	0.885379
83	120	0.914853
83	122	1.08095
83	123	0.900866
83	124	0.900569
83	172	0.826636
83	174	0.750494
83	175	0.781964
83	176	0.743084
83	177	0.796001
83	179	0.773297
83	180	0.781902
84	12	1.39526
84	32	0.842608
84	37	1.37459
84	49	0.760235
84	58	0.76926
84	63	0.94675
84	65	0.846582
84	71	0.844214
84	83	1.42972
84	89	0.842385
84	91	0.775848
84	98	0.798615
84	101	0.853218
84	106	0.821259
84	149	0.834646
84	150	0.851221
84	154	1.89726
84	168	1.8438
85	2	0.847814
85	6	0.830799
85	7	1.16527
85	8	0.856778
85	11	0.860822
85	20	0.848019
85	24	0.793099
85	54	0.778711
85	75	0.880981
85	78	0.785527
85	95	0.782777
85	100	0.76352
85	102	0.805093
85	134	0.79827
85	162	2.00792
85	173	2.09149
85	177	1.87581
85	178	0.743276
85	180	2.02282
86	21	0.885046
86	25	0.886367
86	27	0.885046
86	30	0.886661
86	38	0.852682
86	73	0.872815
86	99	0.861063
86	104	4.25947
86	105	0.878683
86	113	0.562402
86	116	0.859391
86	119	0.891585
86	120	0.888864
86	123	0.874877
86	124	0.874581
86	126	1.26554
86	158	0.562936
86	170	1.51252
86	174	2.09026
87	8	1.01248
87	21	1.10472
87	22	1.61415
87	51	1.47235
87	80	0.903034
87	140	0.961598
87	149	1.08794
87	153	0.954206
87	164	0.936524
87	169	0.940646
87	170	0.859184
87	172	0.89345
87	173	0.850748
87	174	0.817308
87	175	0.848778
87	176	0.809897
87	177	0.862814
87	179	0.840111
87	180	0.848716
88	18	1.12391
88	22	0.806861
88	55	0.85981
88	70	0.812844
88	79	0.879303
88	97	0.778625
88	107	0.790209
88	108	0.792982
88	110	0.815528
88	115	0.847487
88	122	0.795125
88	129	0.783933
88	137	0.78701
88	138	1.39748
88	139	0.813465
88	142	0.813854
88	168	1.38738
88	174	2.90302
88	179	2.31788
89	49	0.801726
89	63	0.98824
89	65	0.888073
89	66	0.888687
89	71	0.885704
89	81	0.909127
89	84	0.842385
89	91	0.817339
89	92	1.28742
89	98	0.840105
89	101	0.894709
89	106	0.862749
89	134	1.44739
89	149	0.876137
89	150	0.892711
89	159	1.78313
89	168	1.58238
89	172	1.9396
89	178	1.77399
90	13	1.21551
90	29	1.38025
90	49	0.889001
90	58	0.898025
90	64	1.22897
90	79	1.08388
90	95	1.07512
90	98	0.92738
90	101	0.981984
90	106	0.950024
90	108	0.887762
90	150	0.979986
90	173	0.838919
90	174	0.805479
90	175	0.836949
90	176	0.798068
90	177	0.850985
90	179	0.828282
90	180	0.836887
91	32	0.817562
91	42	0.795726
91	58	0.744214
91	63	0.921704
91	66	0.82215
91	71	0.819167
91	81	0.842591
91	84	0.775848
91	89	0.817339
91	98	0.773569
91	101	0.828172
91	106	0.796212
91	149	0.8096
91	150	0.826175
91	151	1.31569
91	154	1.60717
91	169	1.61071
91	170	2.49162
91	179	2.48421
92	89	1.28742
92	115	0.85122
92	119	1.36902
92	137	1.1398
92	155	0.905634
92	161	1.03222
92	164	0.893602
92	167	0.827563
92	169	0.897724
92	171	0.867703
92	172	0.850528
92	173	0.807826
92	174	0.774386
92	175	0.805856
92	176	0.766976
92	177	0.819893
92	179	0.797189
92	180	0.805794
93	41	0.976346
93	58	1.53318
93	71	1.24418
93	97	0.881132
93	104	0.777356
93	105	0.928578
93	114	0.634982
93	115	0.949994
93	117	1.3569
93	125	0.936205
93	137	0.889517
93	139	0.915971
93	142	0.91636
93	161	0.748881
93	172	0.830479
93	173	0.787777
93	175	0.785807
93	177	0.799843
93	179	0.77714
93	180	0.785745
94	9	0.938913
94	20	0.911403
94	68	0.860508
94	69	0.785267
94	75	0.944366
94	78	0.848912
94	100	0.826905
94	125	1.55595
94	126	2.32027
94	127	0.842803
94	131	0.845404
94	133	0.872416
94	136	0.862291
94	141	0.850699
94	149	0.860739
94	150	0.877314
94	154	1.6828
94	166	1.7587
94	169	1.68635
94	178	0.806661
95	2	0.904281
95	6	0.887266
95	7	1.42756
95	11	0.917288
95	20	0.904485
95	54	0.835178
95	68	0.85359
95	69	0.778349
95	75	0.937447
95	78	0.841994
95	85	0.782777
95	90	1.07512
95	100	0.819986
95	102	0.86156
95	118	1.27558
95	121	1.32509
95	134	0.854737
95	172	1.92595
95	178	0.799743
95	179	2.49924
96	4	1.99434
96	55	1.36615
96	63	1.1413
96	97	1.25968
96	111	1.08636
96	143	0.885227
96	160	0.863775
96	163	0.902631
96	166	0.867137
96	169	0.871292
96	170	0.789831
96	171	0.841272
96	173	0.781395
96	174	0.747954
96	175	0.779425
96	176	0.740544
96	177	0.793461
96	179	0.770757
96	180	0.779363
97	22	0.834359
97	59	0.880378
97	62	0.881823
97	70	0.840341
97	88	0.778625
97	93	0.881132
97	96	1.25968
97	107	0.817706
97	108	0.820479
97	111	0.833235
97	115	0.874985
97	122	0.822622
97	128	1.7035
97	129	0.81143
97	137	0.814508
97	139	0.840962
97	142	0.841351
97	158	1.54792
97	169	1.61659
97	175	2.42546
97	178	1.7512
98	32	0.840328
98	42	0.818493
98	58	0.766981
98	63	0.944471
98	65	0.844303
98	66	0.844917
98	71	0.841934
98	84	0.798615
98	89	0.840105
98	90	0.92738
98	91	0.773569
98	101	0.850939
98	106	0.818979
98	121	1.38157
98	148	1.43121
98	149	0.832367
98	150	0.848941
98	153	1.80923
98	159	1.82597
98	171	1.82617
98	173	2.41026
99	14	0.725439
99	21	0.849631
99	27	0.849631
99	30	0.851246
99	35	0.828742
99	36	0.824174
99	38	0.817268
99	40	0.827249
99	45	1.42604
99	73	0.837401
99	86	0.861063
99	105	0.843268
99	112	3.13094
99	116	0.823976
99	119	0.85617
99	120	0.853449
99	123	0.839463
99	124	0.839166
99	132	1.09553
99	166	1.38149
99	179	2.18264
100	2	0.885024
100	8	0.893987
100	11	0.898031
100	20	0.885228
100	54	0.815921
100	68	0.834333
100	69	0.759091
100	72	1.37758
100	75	0.91819
100	78	0.822737
100	85	0.76352
100	94	0.826905
100	95	0.819986
100	102	0.842303
100	134	0.835479
100	145	1.33375
100	146	1.67901
100	153	1.85494
100	158	1.65925
100	178	0.780485
100	180	2.3873
101	12	1.20989
101	42	0.873096
101	49	0.812559
101	58	0.821584
101	65	0.898906
101	66	0.89952
101	71	0.896538
101	74	1.26175
101	81	0.919961
101	84	0.853218
101	89	0.894709
101	90	0.981984
101	91	0.828172
101	98	0.850939
101	106	0.873583
101	145	1.32126
101	149	0.88697
101	150	0.903545
101	151	1.42042
101	159	1.85919
101	169	1.71543
101	178	1.85004
102	2	0.926597
102	6	0.909582
102	8	0.93556
102	11	0.939604
102	20	0.926801
102	24	0.871882
102	54	0.857494
102	68	0.875906
102	69	0.800665
102	75	0.959764
102	78	0.86431
102	85	0.805093
102	95	0.86156
102	100	0.842303
102	125	1.24
102	138	1.3235
102	154	1.36685
102	160	1.67971
102	166	1.44274
102	167	2.17639
102	178	0.822059
102	179	2.24389
103	57	1.70349
103	61	1.07266
103	66	1.43508
103	75	1.04803
103	77	0.984028
103	115	0.99975
103	149	1.16922
103	155	0.932893
103	156	0.943
103	162	0.871477
103	165	0.902485
103	167	0.854822
103	169	0.924983
103	170	0.843521
103	171	0.894963
103	172	0.877787
103	173	0.835086
103	174	0.801645
103	175	0.833115
103	176	0.794235
103	177	0.847152
103	179	0.824448
103	180	0.833053
104	45	0.730103
104	86	4.25947
104	93	0.777356
104	126	0.689224
104	130	0.699504
104	150	4.53675
104	154	0.721329
104	162	0.645384
104	164	0.694768
104	165	0.676392
104	167	0.628729
104	168	0.717376
104	169	0.69889
104	170	0.617428
104	171	0.668869
104	172	0.651694
104	173	0.608992
104	174	0.575552
104	175	0.607022
104	176	0.568141
104	177	0.621059
104	179	0.598355
104	180	0.60696
105	1	0.911465
105	21	0.86725
105	25	0.868572
105	27	0.86725
105	30	0.868865
105	36	0.841793
105	38	0.834887
105	40	0.844868
105	73	0.85502
105	83	0.904671
105	86	0.878683
105	93	0.928578
105	99	0.843268
105	116	0.841595
105	120	0.871069
105	123	0.857082
105	124	0.856785
105	144	1.73885
105	148	1.31287
105	153	1.69089
105	159	1.70763
105	172	1.86409
105	180	2.22325
106	32	0.862972
106	42	0.841137
106	58	0.789624
106	60	1.92278
106	63	0.967114
106	65	0.866947
106	66	0.867561
106	71	0.864578
106	76	1.146
106	81	0.888001
106	84	0.821259
106	89	0.862749
106	90	0.950024
106	91	0.796212
106	98	0.818979
106	101	0.873583
106	149	0.855011
106	150	0.871585
106	152	1.29997
106	153	1.64045
106	164	1.75484
106	165	1.81929
106	169	1.51343
107	13	0.892445
107	17	0.778571
107	18	1.18621
107	55	0.898891
107	59	0.891961
107	80	0.827523
107	88	0.790209
107	97	0.817706
107	108	0.832063
107	110	0.854608
107	111	0.844818
107	115	0.886568
107	118	1.15652
107	119	0.857991
107	122	0.834206
107	129	0.823014
107	137	0.826091
107	139	0.852546
107	140	1.33101
107	142	0.852934
107	153	1.63369
107	172	1.80689
107	176	3.05699
107	178	1.64128
108	17	0.781344
108	34	0.813634
108	41	0.915694
108	45	1.55529
108	55	0.901664
108	59	0.894734
108	70	0.854697
108	80	0.830295
108	83	0.967299
108	88	0.792982
108	90	0.887762
108	97	0.820479
108	107	0.832063
108	111	0.847591
108	115	0.889341
108	122	0.836979
108	129	0.825787
108	137	0.828864
108	139	0.855319
108	140	1.26271
108	142	0.855707
108	173	2.16642
108	177	1.95074
108	179	2.31188
109	32	2.2443
109	50	2.11522
109	73	2.29144
109	117	0.708475
109	127	0.765544
109	131	0.768145
109	133	0.795157
109	135	0.783851
109	136	0.785032
109	141	0.77344
109	142	2.16517
109	147	0.77369
109	153	0.762445
109	159	0.734944
109	160	0.741368
109	161	0.802507
109	164	0.744763
109	170	0.667423
109	174	0.625547
109	175	0.657017
109	176	0.618137
109	179	0.64835
109	180	0.656955
110	22	0.871261
110	41	0.938239
110	44	0.982355
110	59	0.91728
110	70	0.877243
110	76	0.924594
110	77	0.846634
110	79	0.943702
110	83	1.18914
110	88	0.815528
110	107	0.854608
110	111	0.870137
110	115	0.911887
110	119	0.883309
110	122	0.859524
110	129	0.848332
110	137	0.85141
110	139	0.877864
110	142	0.878253
110	143	1.7416
110	154	1.65667
110	158	1.59154
110	163	1.50415
110	165	1.96608
110	168	1.60322
111	13	0.907973
111	14	0.859578
111	17	0.794099
111	34	0.82639
111	41	0.928449
111	44	0.765414
111	55	0.914419
111	62	0.908936
111	70	0.867453
111	79	0.933912
111	80	0.843051
111	96	1.08636
111	97	0.833235
111	107	0.844818
111	108	0.847591
111	110	0.870137
111	122	0.849734
111	125	1.31288
111	129	0.838542
111	137	0.84162
111	139	0.868074
111	142	0.868463
111	156	1.58576
111	168	1.38628
111	170	2.32419
111	176	2.99359
112	52	2.97117
112	61	3.09789
112	99	3.13094
112	146	0.728428
112	148	0.822052
112	156	0.743577
112	158	0.770331
112	160	0.718042
112	163	0.756899
112	164	0.721438
112	166	0.721405
112	169	0.725559
112	170	0.644098
112	171	0.695539
112	172	0.678364
112	173	0.635662
112	174	0.602222
112	175	0.633692
112	176	0.594811
112	177	0.647728
112	178	0.706076
112	179	0.625025
112	180	0.63363
113	3	1.35849
113	25	1.24406
113	29	1.57902
113	79	1.28265
113	86	0.562402
113	127	1.37367
113	129	1.26585
113	130	0.88785
113	145	0.995237
113	146	0.890105
113	157	0.948154
113	161	1.03233
113	163	0.918575
113	164	0.883114
113	165	0.864738
113	167	0.817075
113	169	0.887236
113	170	0.805774
113	171	0.857216
113	172	0.84004
113	173	0.797339
113	175	0.795368
113	176	0.756488
113	177	0.809405
113	178	0.867753
113	179	0.786701
113	180	0.795306
114	16	0.90515
114	28	0.871405
114	31	0.873117
114	33	0.871368
114	52	0.914359
114	53	0.817634
114	56	0.81233
114	67	0.795924
114	93	0.634982
114	117	0.78419
114	126	1.90421
114	127	0.841259
114	131	0.84386
114	133	0.870872
114	135	0.859566
114	136	0.860747
114	141	0.849155
114	147	1.3156
114	149	0.859195
114	150	0.875769
114	159	0.810659
114	161	0.878221
114	162	1.91475
114	166	1.34263
114	174	2.72893
114	177	1.78265
114	180	1.92965
115	17	0.835849
115	22	0.90322
115	62	0.950685
115	77	0.878593
115	79	0.975662
115	80	0.884801
115	83	0.732101
115	88	0.847487
115	92	0.85122
115	93	0.949994
115	97	0.874985
115	103	0.99975
115	107	0.886568
115	108	0.889341
115	110	0.911887
115	119	0.915269
115	122	0.891484
115	129	0.880292
115	137	0.883369
115	139	0.909824
115	142	0.910213
115	155	1.36289
115	165	1.50904
115	172	1.5034
115	175	2.01205
115	176	2.7535
115	178	1.33779
116	12	0.846192
116	21	0.847958
116	25	0.84928
116	27	0.847958
116	29	0.862691
116	30	0.849573
116	35	0.827069
116	36	0.822501
116	38	0.815595
116	40	0.825576
116	60	0.782004
116	73	0.835728
116	83	0.885379
116	86	0.859391
116	99	0.823976
116	105	0.841595
116	119	0.854497
116	120	0.851777
116	123	0.83779
116	124	0.837493
116	151	1.28152
116	159	1.72029
116	163	1.42047
116	166	1.64888
116	170	2.45745
116	172	1.87675
116	177	2.0889
116	178	1.71114
117	1	0.840215
117	16	0.839348
117	28	0.805604
117	31	0.807315
117	33	0.805566
117	44	0.835321
117	52	0.848557
117	53	0.751833
117	56	0.746528
117	67	0.730123
117	93	1.3569
117	109	0.708475
117	114	0.78419
117	127	0.775457
117	128	2.07911
117	131	0.778058
117	133	0.80507
117	134	1.80021
117	135	0.793765
117	136	0.794945
117	141	0.783353
117	146	1.94328
117	149	0.793393
117	150	0.809968
117	158	1.92352
117	159	0.744857
117	161	0.81242
117	171	2.13615
117	180	2.65157
118	10	0.811874
118	43	0.882422
118	46	0.858877
118	48	0.958737
118	50	0.8338
118	51	0.844135
118	61	0.842427
118	64	0.912529
118	67	1.50476
118	68	1.44209
118	95	1.27558
118	107	1.15652
118	123	1.17406
118	124	1.29199
118	133	1.06944
118	139	1.15556
118	159	0.847772
118	161	0.915335
118	165	0.839215
118	168	0.880199
118	170	0.780251
118	171	0.831693
118	172	0.814517
118	173	0.771816
118	174	0.738375
118	176	0.730965
118	177	0.783882
118	179	0.761178
118	180	0.769783
119	12	0.878386
119	21	0.880153
119	23	1.04995
119	27	0.880153
119	60	0.814198
119	70	0.880625
119	77	0.850016
119	86	0.891585
119	92	1.36902
119	99	0.85617
119	107	0.857991
119	110	0.883309
119	115	0.915269
119	116	0.854497
119	120	0.883971
119	122	0.862907
119	123	0.869984
119	124	0.869688
119	125	1.59059
119	129	0.851715
119	137	0.854792
119	139	0.881247
119	142	0.881635
119	156	1.86346
119	157	1.49542
119	158	1.6523
119	163	1.56491
119	166	1.79333
119	171	1.86493
120	1	0.921646
120	21	0.877432
120	25	0.878753
120	27	0.877432
120	29	0.892164
120	30	0.879047
120	35	0.856543
120	36	0.851975
120	38	0.845069
120	40	0.855049
120	60	0.811477
120	73	0.865202
120	76	0.894565
120	83	0.914853
120	86	0.888864
120	99	0.853449
120	105	0.871069
120	116	0.851777
120	119	0.883971
120	123	0.867264
120	124	0.866967
120	130	1.54531
120	147	1.30732
120	155	1.42171
120	160	1.57132
120	171	1.40595
120	172	1.56222
120	176	2.81232
120	179	2.1355
121	10	1.56262
121	36	1.48801
121	59	0.913087
121	73	1.28722
121	75	0.950814
121	95	1.32509
121	98	1.38157
121	136	1.25496
121	138	0.952673
121	143	0.913411
121	155	0.907386
121	157	0.960394
121	160	0.891958
121	161	1.08353
121	162	0.84597
121	164	0.895354
121	166	0.895321
121	167	0.829315
121	169	0.899476
121	170	0.818014
121	171	0.869455
121	172	0.85228
121	173	0.809578
121	174	0.776138
121	175	0.807608
121	176	0.768727
121	177	0.821644
121	178	0.879992
121	179	0.798941
121	180	0.807546
122	13	0.89736
122	34	0.815777
122	39	1.05594
122	41	0.917836
122	59	0.896877
122	62	0.898323
122	70	0.85684
122	77	0.826231
122	79	0.923299
122	80	0.832438
122	83	1.08095
122	88	0.795125
122	97	0.822622
122	107	0.834206
122	108	0.836979
122	110	0.859524
122	111	0.849734
122	115	0.891484
122	119	0.862907
122	129	0.82793
122	132	1.33842
122	137	0.831007
122	139	0.857462
122	142	0.85785
122	159	1.69578
122	160	1.86134
122	164	1.79344
122	171	1.69598
122	172	1.85224
122	173	2.28007
123	1	0.907659
123	12	0.861679
123	21	0.863445
123	25	0.864766
123	27	0.863445
123	29	0.878178
123	30	0.86506
123	35	0.842556
123	36	0.837988
123	38	0.831082
123	40	0.841063
123	60	0.797491
123	73	0.851215
123	83	0.900866
123	86	0.874877
123	99	0.839463
123	105	0.857082
123	116	0.83779
123	118	1.17406
123	119	0.869984
123	120	0.867264
123	124	0.85298
123	132	1.3106
123	152	1.31076
123	155	1.68392
123	158	1.45554
123	165	1.83007
123	166	1.59657
123	167	2.33022
123	175	2.33309
124	1	0.907363
124	12	0.861382
124	21	0.863149
124	25	0.86447
124	27	0.863149
124	29	0.877881
124	30	0.864764
124	35	0.84226
124	36	0.837691
124	38	0.830785
124	40	0.840766
124	47	1.01713
124	60	0.797194
124	73	0.850918
124	74	1.18847
124	83	0.900569
124	86	0.874581
124	99	0.839166
124	105	0.856785
124	116	0.837493
124	118	1.29199
124	119	0.869688
124	120	0.866967
124	123	0.85298
124	146	1.59323
124	152	1.42869
124	155	1.80186
124	166	1.7145
124	171	1.7861
124	175	2.45102
125	46	1.89181
125	62	1.19632
125	80	1.05735
125	93	0.936205
125	94	1.55595
125	102	1.24
125	111	1.31288
125	119	1.59059
125	135	1.37058
125	143	0.871674
125	151	0.926352
125	156	0.875756
125	158	0.90251
125	160	0.850221
125	163	0.889078
125	164	0.853617
125	165	0.835241
125	167	0.787578
125	168	0.876225
125	169	0.857738
125	171	0.827718
125	172	0.810543
125	173	0.767841
125	174	0.734401
125	175	0.765871
125	176	0.72699
125	177	0.779907
125	179	0.757204
125	180	0.765809
126	49	1.87668
126	77	1.82139
126	86	1.26554
126	94	2.32027
126	104	0.689224
126	114	1.90421
126	138	0.842741
126	145	0.897544
126	147	0.814349
126	148	0.886036
126	149	2.00658
126	156	0.807561
126	157	0.850462
126	162	0.736037
126	164	0.785421
126	165	0.767046
126	166	0.785388
126	167	0.719383
126	169	0.789543
126	170	0.708082
126	171	0.759523
126	172	0.742347
126	173	0.699646
126	174	0.666206
126	175	0.697676
126	176	0.658795
126	177	0.711712
126	179	0.689009
126	180	0.697614
127	16	0.896417
127	18	1.40505
127	26	0.859832
127	29	0.867803
127	31	0.864384
127	33	0.862635
127	44	0.892391
127	52	0.905626
127	56	0.803598
127	67	0.787192
127	94	0.842803
127	109	0.765544
127	113	1.37367
127	114	0.841259
127	117	0.775457
127	131	0.835127
127	133	0.862139
127	134	1.53352
127	135	0.850834
127	136	0.852015
127	138	1.67862
127	140	1.54984
127	141	0.840422
127	146	1.67659
127	149	0.850463
127	150	0.867037
127	159	0.801927
127	161	0.869489
127	171	1.86946
127	172	2.02573
127	178	1.86012
128	62	1.41362
128	69	1.81118
128	73	1.67479
128	74	0.943356
128	81	1.51821
128	97	1.7035
128	117	2.07911
128	138	0.877082
128	144	0.815115
128	147	0.84869
128	150	0.995805
128	152	0.892178
128	157	0.884803
128	162	0.770379
128	164	0.819763
128	165	0.801387
128	167	0.753724
128	169	0.823885
128	170	0.742423
128	171	0.793865
128	172	0.776689
128	173	0.733988
128	174	0.700547
128	175	0.732017
128	176	0.693137
128	177	0.746054
128	178	0.804402
128	179	0.72335
128	180	0.731955
129	13	0.886169
129	17	0.772295
129	34	0.804585
129	41	0.906645
129	55	0.892615
129	62	0.887131
129	76	0.892999
129	77	0.815039
129	79	0.912108
129	80	0.821247
129	88	0.783933
129	97	0.81143
129	107	0.823014
129	108	0.825787
129	110	0.848332
129	111	0.838542
129	113	1.26585
129	115	0.880292
129	119	0.851715
129	122	0.82793
129	137	0.819815
129	139	0.84627
129	142	0.846658
129	147	1.66301
129	152	1.40424
129	155	1.7774
129	156	1.76018
129	166	1.69005
129	171	1.76165
129	173	2.34574
129	178	1.7523
130	26	1.89799
130	82	1.36972
130	104	0.699504
130	113	0.88785
130	120	1.54531
130	135	1.78428
130	141	1.8141
130	148	0.896315
130	154	0.822262
130	157	0.860741
130	160	0.792305
130	161	1.66749
130	162	0.746316
130	163	0.831162
130	164	0.795701
130	165	0.777325
130	166	0.795668
130	167	0.729662
130	169	0.799822
130	170	0.718361
130	172	0.752627
130	173	0.709925
130	174	0.676485
130	175	0.707955
130	176	0.669074
130	177	0.721991
130	179	0.699288
130	180	0.707893
131	1	0.899885
131	9	0.841504
131	16	0.899018
131	26	0.862432
131	28	0.865274
131	31	0.866985
131	52	0.908227
131	53	0.811503
131	56	0.806198
131	67	0.789793
131	94	0.845404
131	109	0.768145
131	114	0.84386
131	117	0.778058
131	127	0.835127
131	133	0.86474
131	135	0.853435
131	136	0.854615
131	138	1.54204
131	141	0.843023
131	145	1.19476
131	148	1.33793
131	149	0.853063
131	150	0.869638
131	155	1.74864
131	158	1.52026
131	159	0.804527
131	160	1.89825
131	161	0.87209
131	173	2.31698
131	174	3.04758
132	15	1.08273
132	38	1.31665
132	58	1.95487
132	63	1.2846
132	79	1.42089
132	99	1.09553
132	122	1.33842
132	123	1.3106
132	133	1.20598
132	143	0.893488
132	148	0.976045
132	152	0.947845
132	153	0.893113
132	154	0.901992
132	160	0.872035
132	162	0.826046
132	163	0.910892
132	165	0.857055
132	167	0.809392
132	168	0.898039
132	169	0.879552
132	170	0.798091
132	171	0.849532
132	172	0.832356
132	173	0.789655
132	174	0.756215
132	175	0.787685
132	176	0.748804
132	177	0.801721
132	179	0.779018
132	180	0.787623
133	16	0.92603
133	26	0.889445
133	28	0.892286
133	29	0.897415
133	31	0.893997
133	33	0.892248
133	44	0.922003
133	53	0.838515
133	56	0.833211
133	94	0.872416
133	109	0.795157
133	114	0.870872
133	117	0.80507
133	118	1.06944
133	127	0.862139
133	131	0.86474
133	132	1.20598
133	135	0.880447
133	136	0.881627
133	141	0.870035
133	144	1.59457
133	149	0.880075
133	150	0.89665
133	155	1.5793
133	159	0.831539
133	161	0.899102
133	164	1.661
133	168	1.3626
133	169	1.41959
133	178	1.5542
133	179	2.2931
133	180	2.07896
134	5	1.44074
134	6	0.902759
134	11	0.932781
134	20	0.919978
134	22	1.70686
134	31	1.2164
134	54	0.850671
134	60	0.805967
134	68	0.869083
134	69	0.793842
134	78	0.857487
134	85	0.79827
134	89	1.44739
134	95	0.854737
134	100	0.835479
134	117	1.80021
134	127	1.53352
134	137	1.29977
134	158	0.879491
134	161	1.19219
134	166	0.830564
134	170	0.753258
134	172	0.787523
134	173	0.744822
134	174	0.711381
134	175	0.742852
134	176	0.703971
134	177	0.756888
134	178	0.815236
134	179	0.734185
134	180	0.74279
135	1	0.915591
135	16	0.914725
135	26	0.878139
135	28	0.88098
135	31	0.882692
135	33	0.880943
135	35	0.850488
135	52	0.923934
135	53	0.827209
135	56	0.821905
135	67	0.805499
135	109	0.783851
135	114	0.859566
135	117	0.793765
135	125	1.37058
135	127	0.850834
135	130	1.78428
135	131	0.853435
135	133	0.880447
135	136	0.870322
135	141	0.85873
135	149	0.86877
135	150	0.885344
135	151	1.20596
135	158	1.4323
135	159	0.820234
135	161	0.887796
135	163	1.3449
135	164	1.74238
135	168	1.44398
135	169	1.50097
135	173	2.22901
135	180	2.16034
136	16	0.915905
136	26	0.87932
136	28	0.882161
136	33	0.882123
136	35	0.851669
136	44	0.911879
136	52	0.925114
136	53	0.82839
136	56	0.823086
136	67	0.80668
136	72	1.20525
136	94	0.862291
136	109	0.785032
136	114	0.860747
136	117	0.794945
136	121	1.25496
136	127	0.852015
136	131	0.854615
136	133	0.881627
136	135	0.870322
136	141	0.85991
136	147	1.60092
136	149	0.869951
136	150	0.886525
136	151	1.26059
136	152	1.34215
136	156	1.69809
136	157	1.33005
136	159	0.821415
136	161	0.888977
136	167	2.36161
136	172	1.85582
136	173	2.28365
137	17	0.775372
137	34	0.807662
137	41	0.909722
137	55	0.895692
137	59	0.888762
137	62	0.890208
137	70	0.848726
137	76	0.896076
137	77	0.818116
137	79	0.915185
137	80	0.824324
137	88	0.78701
137	92	1.1398
137	93	0.889517
137	97	0.814508
137	107	0.826091
137	108	0.828864
137	110	0.85141
137	111	0.84162
137	115	0.883369
137	119	0.854792
137	122	0.831007
137	129	0.819815
137	134	1.29977
137	139	0.849347
137	142	0.849736
137	144	1.66674
137	147	1.53708
137	148	1.24075
137	154	1.48822
137	163	1.33569
137	171	1.63571
137	174	2.9504
137	179	2.36526
138	9	1.02085
138	33	1.18651
138	48	1.24832
138	88	1.39748
138	102	1.3235
138	121	0.952673
138	126	0.842741
138	127	1.67862
138	128	0.877082
138	131	1.54204
138	140	0.873358
138	141	1.4839
138	150	0.861999
138	153	0.865966
138	156	0.870424
138	161	1.33729
138	162	0.7989
138	163	0.883745
138	164	0.848284
138	165	0.829908
138	166	0.848251
