1	37	0.883137
1	88	0.919323
1	123	1.33693
1	152	0.883094
1	158	0.913604
1	161	0.891299
1	164	0.907602
1	170	1.13716
1	171	0.896646
1	173	1.1719
1	175	1.16144
1	180	0.905296
2	94	0.810777
2	119	1.51525
2	121	0.798417
2	145	0.791982
2	149	0.797347
2	154	0.807944
2	157	1.66235
2	158	0.813245
2	168	1.62825
2	169	0.779064
2	171	0.796288
2	180	0.804937
3	19	1.28147
3	29	1.06885
3	45	0.853454
3	74	0.893123
3	79	0.865761
3	111	0.931383
3	116	1.3569
3	120	0.943825
3	125	0.865318
3	135	0.931985
3	159	0.915151
3	167	1.10066
4	13	0.921099
4	59	0.841035
4	64	0.897716
4	69	0.869054
4	72	0.949329
4	73	0.869054
4	81	0.923599
4	116	1.4485
4	118	0.929116
4	124	1.10964
4	168	1.10987
4	180	1.13915
5	63	1.12851
5	88	0.902668
5	92	1.17821
5	107	0.916511
5	108	0.915399
5	117	0.896079
5	120	0.926566
5	123	1.34616
5	125	0.848059
5	135	0.914726
5	147	1.1513
5	171	0.879992
6	39	1.37699
6	64	0.905069
6	69	0.876407
6	72	0.956682
6	73	0.876407
6	81	0.930952
6	118	0.936469
6	124	1.07833
6	126	0.84435
6	130	0.873665
6	140	1.19877
6	147	1.15332
7	55	1.48082
7	97	0.794362
7	100	0.841792
7	111	0.816253
7	113	1.6809
7	125	0.750188
7	135	0.816855
7	141	1.63207
7	174	0.79319
7	175	0.795589
7	178	0.79753
7	179	0.794241
8	77	1.25419
8	81	1.03754
8	89	1.36392
8	151	0.913557
8	158	1.13719
8	167	0.892072
8	174	0.897686
8	175	0.900085
8	176	0.893178
8	177	0.90266
8	178	0.902026
8	179	0.898737
9	70	1.29736
9	101	1.14866
9	102	1.1767
9	134	0.87311
9	161	1.17035
9	168	0.919143
9	174	0.900718
9	176	0.89621
9	177	0.905693
9	178	0.905058
9	179	0.901769
9	180	0.898299
10	22	1.10749
10	49	0.864694
10	75	0.938717
10	91	0.85345
10	95	0.893619
10	96	0.889237
10	97	1.1351
10	99	0.878566
10	104	0.939032
10	105	0.942685
10	126	1.34808
10	163	1.21687
11	19	1.04786
11	112	1.09928
11	115	1.02284
11	129	1.01402
11	131	0.969367
11	132	1.01303
11	136	1.04404
11	146	1.04364
11	150	1.0357
11	153	1.02673
11	159	0.822189
11	172	0.870763
12	26	1.18522
12	59	1.41079
12	118	1.08645
12	139	1.10978
12	162	0.889645
12	167	0.8956
12	170	0.904772
12	174	0.901213
12	175	0.903612
12	176	0.896705
12	177	0.906188
12	179	0.902264
13	4	0.921099
13	46	1.17184
13	64	0.907265
13	69	0.878603
13	72	0.958878
13	73	0.878603
13	81	0.933148
13	126	0.846546
13	130	0.87586
13	173	1.26263
13	177	1.1856
13	180	1.18732
14	110	1.33199
14	127	1.06524
14	128	0.915554
14	143	0.893862
14	150	0.913125
14	152	0.884553
14	153	0.904158
14	154	0.909762
14	160	1.24586
14	169	0.880882
14	171	0.898105
14	174	1.16456
15	148	1.18082
15	153	1.20124
15	154	1.17962
15	166	0.886863
15	170	0.904955
15	171	1.23112
15	172	0.895458
15	173	0.901282
15	176	0.896888
15	177	0.906371
15	178	0.905736
15	179	0.902447
16	21	0.887423
16	27	0.88629
16	43	0.864883
16	48	0.923614
16	50	0.787036
16	60	0.93592
16	71	0.878154
16	86	0.903697
16	139	0.920018
16	172	1.33112
16	173	1.34961
16	179	1.33627
17	113	0.911369
17	126	1.37281
17	151	1.05056
17	152	0.88424
17	154	0.909449
17	155	0.901388
17	164	0.908749
17	169	0.880569
17	171	0.897793
17	174	1.19447
17	179	1.18948
17	180	0.906442
18	55	1.36068
18	121	1.64192
18	138	0.786058
18	152	1.79202
18	157	0.801711
18	170	0.805194
18	172	0.795696
18	173	0.80152
18	175	0.804034
18	176	0.797127
18	178	0.805975
18	179	0.802686
19	3	1.28147
19	11	1.04786
19	58	1.33199
19	111	1.53518
19	160	0.849669
19	163	0.843484
19	165	0.879665
19	170	0.873186
19	174	0.869628
19	176	0.865119
19	177	0.874602
19	178	0.873967
19	179	0.870678
20	32	0.790253
20	62	1.17292
20	99	1.41113
20	163	0.850008
20	168	0.894576
20	169	1.35492
20	171	1.25565
20	174	0.876151
20	175	0.87855
20	176	0.871643
20	177	0.881126
20	178	0.880491
20	179	0.877202
21	16	0.887423
21	24	0.760839
21	48	0.884352
21	60	0.896659
21	71	0.838892
21	86	0.864436
21	87	0.883901
21	92	1.34864
21	106	0.902742
21	127	1.24386
21	139	0.880757
21	179	1.3382
21	180	1.27624
22	10	1.10749
22	45	1.47821
22	48	1.16754
22	131	0.854038
22	151	0.879848
22	156	0.875411
22	169	1.44123
22	170	0.867536
22	174	0.863977
22	175	0.866376
22	176	0.859469
22	178	0.868317
22	179	0.865028
23	36	0.833743
23	53	0.811023
23	62	0.910846
23	79	0.824992
23	108	0.891888
23	118	0.908688
23	120	0.903056
23	125	0.824549
23	135	0.891216
23	152	1.06385
23	172	1.39724
23	179	1.40238
23	180	1.34042
24	21	0.760839
24	26	0.771803
24	29	0.785607
24	43	0.738299
24	60	0.809336
24	71	0.75157
24	86	0.777113
24	87	0.796579
24	106	0.81542
24	127	1.67613
24	139	0.793434
24	163	1.82258
24	177	1.70677
25	49	0.827005
25	75	0.901029
25	78	1.14398
25	85	0.901509
25	91	0.815761
25	95	0.855931
25	96	0.851548
25	97	1.35595
25	99	0.840877
25	104	0.901344
25	105	0.904996
25	177	1.32191
25	179	1.3856
26	12	1.18522
26	24	0.771803
26	27	0.857992
26	43	0.836585
26	48	0.895316
26	60	0.907622
26	71	0.849856
26	86	0.875399
26	106	0.913706
26	139	0.89172
26	142	1.30257
26	176	1.40959
26	177	1.30827
27	16	0.88629
27	26	0.857992
27	29	0.871797
27	43	0.824489
27	48	0.88322
27	60	0.895526
27	71	0.837759
27	86	0.863303
27	139	0.879624
27	165	1.27399
27	167	1.29176
27	175	1.3035
27	176	1.33825
28	77	0.845631
28	115	0.86577
28	128	0.881056
28	129	0.856951
28	132	0.855963
28	136	0.886975
28	137	1.4195
28	143	0.859364
28	147	1.28977
28	150	0.878628
28	153	0.869661
28	178	1.25345
28	180	1.24429
29	3	1.06885
29	24	0.785607
29	27	0.871797
29	36	1.42418
29	71	0.86366
29	86	0.889204
29	133	1.28807
29	160	0.861094
29	161	1.41301
29	172	0.875114
29	177	0.886027
29	178	0.885392
29	179	0.882104
30	82	0.913928
30	97	1.31245
30	121	0.861691
30	148	0.873272
30	149	0.860621
30	154	0.871218
30	155	0.863157
30	157	1.28496
30	161	0.854214
30	169	0.842338
30	170	1.32071
30	171	0.859561
30	178	1.2893
31	46	1.24339
31	94	0.878368
31	113	0.877455
31	145	0.859573
31	147	1.30436
31	154	0.875535
31	155	0.867474
31	161	0.858531
31	169	0.846655
31	171	0.863879
31	173	1.33418
31	174	1.32582
31	180	0.872529
32	20	0.790253
32	91	1.81942
32	131	0.768571
32	141	1.64315
32	149	1.73135
32	151	0.794381
32	172	0.772571
32	173	0.778395
32	174	0.77851
32	175	0.780908
32	176	0.774001
32	178	0.782849
32	179	0.77956
33	51	1.33188
33	70	1.4077
33	107	1.17383
33	116	0.812735
33	147	0.882829
33	161	1.2807
33	170	0.87395
33	173	0.870276
33	175	0.87279
33	176	0.865883
33	177	0.875365
33	178	0.874731
33	179	0.871442
34	40	0.915733
34	55	0.9794
34	132	0.742753
34	134	1.24079
34	138	1.26905
34	144	0.921746
34	149	0.930897
34	158	0.946795
34	161	0.92449
34	169	0.912614
34	171	0.929838
34	175	1.20434
34	178	1.14866
34	180	0.938487
35	56	0.890842
35	75	0.97827
35	85	0.97875
35	91	0.893002
35	95	0.933172
35	96	0.92879
35	99	0.918118
35	104	0.978585
35	110	0.900472
35	137	1.18633
35	144	1.1385
35	166	1.09553
35	174	1.07806
35	176	1.11072
36	23	0.833743
36	29	1.42418
36	44	0.799576
36	74	0.815404
36	90	1.36835
36	100	0.879202
36	108	0.854938
36	118	0.871737
36	120	0.866106
36	125	0.787598
36	135	0.854265
36	151	1.32593
36	159	0.837432
36	166	1.48731
37	1	0.883137
37	78	1.22138
37	113	0.842337
37	141	0.83778
37	145	0.824455
37	148	0.842472
37	152	0.815208
37	154	0.840417
37	158	0.845718
37	159	1.40928
37	164	0.839717
37	171	0.828761
37	173	1.47635
37	176	1.50064
38	90	0.851574
38	111	1.37185
38	149	1.31109
38	152	1.50298
38	163	0.813811
38	165	0.849992
38	170	0.843513
38	171	1.40784
38	173	0.83984
38	175	0.842353
38	176	0.835446
38	177	0.844929
38	179	0.841005
38	180	0.837535
39	6	1.37699
39	100	1.36744
39	120	1.36337
39	137	0.821969
39	146	1.48706
39	157	0.841826
39	172	0.835812
39	173	0.841636
39	174	0.84175
39	175	0.844149
39	176	0.837242
39	177	0.846725
39	178	0.84609
39	179	0.842801
40	34	0.915733
40	90	1.36968
40	94	0.842654
40	109	0.80581
40	113	0.841741
40	117	0.844253
40	142	1.39679
40	154	0.839822
40	155	0.83176
40	164	0.839121
40	168	1.37493
40	169	0.810942
40	171	0.828165
40	179	1.46617
41	49	0.804682
41	75	0.878705
41	85	0.879186
41	91	0.793438
41	95	0.833607
41	96	0.829225
41	99	0.818554
41	104	0.87902
41	105	0.882673
41	110	0.800908
41	144	1.49755
41	151	1.2932
41	174	1.43711
41	178	1.37932
42	63	0.881087
42	111	0.715382
42	115	0.936338
42	126	1.36837
42	128	0.951624
42	129	0.927519
42	132	0.926531
42	136	0.957543
42	143	0.929932
42	150	0.949196
42	153	0.940229
42	167	1.17618
42	176	1.22268
42	180	1.12308
43	16	0.864883
43	24	0.738299
43	26	0.836585
43	27	0.824489
43	48	0.861813
43	60	0.874119
43	71	0.816352
43	78	1.23275
43	86	0.841896
43	87	0.861361
43	106	0.880202
43	173	1.48772
43	179	1.47437
43	180	1.41241
44	36	0.799576
44	45	0.778519
44	62	0.876679
44	65	1.33602
44	78	1.26861
44	108	0.857722
44	111	0.856447
44	118	0.874521
44	120	0.86889
44	125	0.790382
44	135	0.857049
44	142	1.44085
44	159	0.840216
44	163	1.56235
45	3	0.853454
45	22	1.47821
45	44	0.778519
45	74	0.794347
45	100	0.858145
45	108	0.833881
45	111	0.832606
45	120	0.845049
45	125	0.766541
45	130	0.787875
45	135	0.833208
45	142	1.46609
45	159	0.816375
45	163	1.58759
45	180	1.47351
46	13	1.17184
46	31	1.24339
46	85	1.12967
46	98	1.224
46	131	0.892859
46	149	1.22501
46	157	0.902874
46	162	0.89123
46	166	0.888264
46	170	0.906357
46	172	0.89686
46	174	0.902798
46	177	0.907772
46	178	0.907138
46	179	0.903849
47	77	0.884183
47	89	0.860074
47	93	1.42941
47	101	0.897286
47	128	0.919608
47	129	0.895503
47	132	0.894514
47	136	0.925526
47	143	0.897916
47	150	0.917179
47	153	0.908212
47	169	0.921368
47	173	1.26911
47	177	1.19207
47	180	1.1938
48	16	0.923614
48	21	0.884352
48	22	1.16754
48	26	0.895316
48	27	0.88322
48	43	0.861813
48	71	0.875083
48	86	0.900627
48	87	0.920092
48	90	1.1283
48	106	0.938934
48	139	0.916948
48	172	1.21965
48	174	1.22978
48	176	1.26243
49	10	0.864694
49	25	0.827005
49	41	0.804682
49	56	0.772191
49	65	1.35196
49	91	0.774352
49	95	0.814522
49	96	0.810139
49	99	0.799468
49	104	0.859935
49	105	0.863587
49	122	1.4726
49	131	1.61963
49	138	0.809425
49	176	1.56381
50	16	0.787036
50	56	0.852988
50	68	0.922408
50	85	0.940897
50	96	0.890936
50	97	1.25399
50	105	0.944384
50	109	0.872375
50	110	0.862619
50	140	1.31261
50	155	0.898325
50	158	0.911687
50	160	1.36993
50	179	1.28364
50	180	0.90338
51	33	1.33188
51	67	1.55499
51	80	1.60928
51	98	0.821021
51	117	0.829165
51	141	0.822097
51	148	0.826789
51	152	0.799525
51	155	0.816673
51	158	0.830035
51	164	0.824034
51	169	0.795854
51	171	0.813078
51	175	1.50776
51	180	0.821728
52	88	1.50001
52	94	1.5503
52	104	1.42467
52	150	1.51673
52	156	0.829255
52	162	0.806254
52	163	0.791678
52	168	0.836246
52	170	0.82138
52	174	0.817822
52	175	0.820221
52	176	0.813314
52	177	0.822796
52	178	0.822161
52	179	0.818873
53	23	0.811023
53	62	0.851175
53	74	0.792684
53	79	0.765321
53	95	1.1284
53	100	0.856483
53	108	0.832218
53	111	0.830943
53	118	0.849017
53	125	0.764879
53	135	0.831545
53	157	1.55675
53	159	0.814712
53	160	1.70017
53	174	1.61887
54	67	0.775681
54	101	0.811954
54	115	0.81899
54	128	0.834276
54	129	0.810171
54	132	0.809183
54	136	0.840195
54	142	0.832238
54	143	0.812584
54	150	0.831848
54	153	0.822881
54	166	1.65485
54	171	1.19873
54	178	1.5796
54	180	1.57044
55	7	1.48082
55	18	1.36068
55	34	0.9794
55	70	0.892914
55	103	0.881688
55	133	0.892465
55	148	0.905543
55	152	0.87828
55	162	1.06406
55	164	0.902788
55	169	0.874608
55	171	0.891832
55	176	1.10065
55	177	0.999322
55	180	0.900482
56	35	0.890842
56	49	0.772191
56	50	0.852988
56	75	0.846215
56	85	0.846696
56	91	0.760948
56	95	0.801117
56	96	0.796735
56	99	0.786064
56	105	0.850183
56	138	0.796021
56	172	1.52634
56	175	1.53437
56	177	1.4678
56	178	1.47869
57	64	0.831412
57	69	0.80275
57	73	0.80275
57	81	0.857296
57	126	0.770693
57	141	1.37464
57	153	1.52972
57	155	1.52915
57	163	0.795532
57	168	0.8401
57	171	1.5596
57	175	0.824074
57	177	0.82665
57	178	0.826015
57	179	0.822726
58	19	1.33199
58	89	0.85842
58	129	0.893848
58	132	0.892859
58	145	0.896199
58	146	0.923469
58	150	0.915525
58	153	0.906558
58	156	1.15483
58	158	0.917462
58	161	0.895157
58	171	0.900504
58	175	1.16291
58	176	1.19767
58	179	1.16003
59	4	0.841035
59	12	1.41079
59	64	0.827201
59	67	0.765248
59	69	0.798539
59	72	0.878814
59	73	0.798539
59	81	0.853085
59	101	0.801522
59	143	0.802152
59	150	0.821416
59	151	1.45861
59	153	0.812449
59	175	1.60041
59	180	1.53557
60	16	0.93592
60	21	0.896659
60	24	0.809336
60	26	0.907622
60	27	0.895526
60	43	0.874119
60	71	0.887389
60	86	0.912933
60	106	0.95124
60	116	1.42215
60	139	0.929254
60	140	1.20373
60	165	1.14813
60	178	1.12197
60	180	1.1128
61	95	1.51561
61	127	0.831295
61	132	1.5424
61	139	1.46474
61	149	1.47068
61	157	0.816278
61	160	0.796244
61	168	0.834627
61	173	0.816088
61	174	0.816202
61	175	0.818601
61	176	0.811694
61	177	0.821177
61	178	0.820542
61	179	0.817253
62	20	1.17292
62	23	0.910846
62	44	0.876679
62	53	0.851175
62	79	0.865144
62	100	0.956306
62	105	0.774439
62	112	1.53986
62	120	0.943209
62	125	0.864702
62	130	0.886036
62	135	0.931368
62	159	0.914535
62	177	1.2528
62	178	1.26369
63	5	1.12851
63	42	0.881087
63	67	0.748035
63	77	0.771205
63	83	1.76043
63	87	0.827867
63	128	0.80663
63	129	0.782525
63	132	0.781537
63	142	0.804592
63	143	0.784938
63	146	0.812146
63	150	0.804202
63	153	0.795235
63	167	1.78476
63	180	1.73165
64	4	0.897716
64	6	0.905069
64	13	0.907265
64	57	0.831412
64	59	0.827201
64	69	0.855219
64	72	0.935494
64	73	0.855219
64	81	0.909765
64	126	0.823163
64	130	0.852477
64	163	1.31582
64	166	1.28616
64	170	1.24231
64	176	1.30134
64	179	1.2637
65	44	1.33602
65	49	1.35196
65	145	1.30713
65	148	1.1747
65	156	0.883842
65	160	0.85245
65	166	0.857875
65	168	0.890833
65	171	1.225
65	173	0.872294
65	174	0.872408
65	175	0.874807
65	176	0.8679
65	177	0.877383
65	178	0.876748
65	179	0.873459
66	71	1.361
66	102	1.33465
66	125	1.34323
66	134	0.849329
66	139	1.17113
66	162	0.865369
66	164	1.1814
66	167	0.871324
66	170	0.880496
66	172	0.870999
66	174	0.876937
66	175	0.879336
66	176	0.872429
66	178	0.881277
66	179	0.877988
66	180	0.874518
67	51	1.55499
67	54	0.775681
67	59	0.765248
67	63	0.748035
67	76	0.853775
67	101	0.79625
67	115	0.803285
67	120	1.20629
67	128	0.818571
67	129	0.794466
67	136	0.82449
67	143	0.79688
67	150	0.816143
67	153	0.807176
67	177	1.81931
67	180	1.82103
68	50	0.922408
68	88	0.892625
68	89	0.827864
68	93	1.43045
68	121	0.872078
68	142	1.18742
68	152	0.856396
68	155	0.873544
68	158	0.886906
68	161	0.864601
68	164	0.880905
68	169	0.852725
68	171	0.869949
68	173	1.27015
68	174	1.26179
68	175	1.25969
69	4	0.869054
69	6	0.876407
69	13	0.878603
69	57	0.80275
69	59	0.798539
69	64	0.855219
69	72	0.906832
69	73	0.826557
69	81	0.881103
69	118	0.88662
69	126	0.794501
69	130	0.823815
69	144	1.51597
69	158	0.977112
69	166	1.47299
69	179	1.45054
69	180	1.38858
70	9	1.29736
70	33	1.4077
70	55	0.892914
70	82	0.89772
70	89	0.801268
70	108	1.0802
70	109	0.820997
70	121	0.845482
70	141	0.852372
70	148	0.857064
70	149	0.844412
70	152	0.8298
70	158	0.86031
70	164	0.854309
70	168	1.48945
70	171	0.843353
70	178	1.52789
71	16	0.878154
71	21	0.838892
71	24	0.75157
71	26	0.849856
71	27	0.837759
71	29	0.86366
71	43	0.816352
71	48	0.875083
71	60	0.887389
71	66	1.361
71	86	0.855166
71	87	0.874632
71	117	1.03261
71	139	0.871487
71	144	1.55181
71	178	1.43359
71	180	1.42443
72	4	0.949329
72	6	0.956682
72	13	0.958878
72	59	0.878814
72	64	0.935494
72	69	0.906832
72	73	0.906832
72	81	0.961378
72	118	0.966895
72	126	0.874776
72	130	0.90409
72	144	1.17287
72	160	1.19373
72	166	1.1299
72	170	1.08606
72	173	1.12079
72	179	1.10745
73	4	0.869054
73	6	0.876407
73	13	0.878603
73	57	0.80275
73	59	0.798539
73	64	0.855219
73	69	0.826557
73	72	0.906832
73	81	0.881103
73	118	0.88662
73	126	0.794501
73	130	0.823815
73	170	1.35306
73	172	1.3693
73	173	1.3878
73	175	1.37733
73	178	1.32165
74	3	0.893123
74	36	0.815404
74	45	0.794347
74	53	0.792684
74	79	0.806653
74	100	0.897814
74	108	0.873549
74	111	0.872275
74	118	0.890349
74	119	1.23983
74	120	0.884717
74	125	0.80621
74	135	0.872877
74	151	1.30515
74	162	1.44512
74	172	1.43892
74	177	1.38038
75	10	0.938717
75	25	0.901029
75	35	0.97827
75	41	0.878705
75	56	0.846215
75	76	1.13005
75	95	0.888545
75	96	0.884163
75	99	0.873492
75	104	0.933958
75	105	0.937611
75	110	0.855846
75	112	1.50699
75	138	0.883449
75	171	0.849953
75	172	1.27847
75	177	1.21993
75	180	1.22166
76	67	0.853775
76	75	1.13005
76	81	1.10624
76	111	1.20966
76	128	0.912371
76	136	0.918289
76	143	0.890679
76	148	1.19535
76	150	0.909943
76	153	0.900976
76	158	1.20589
76	160	0.886033
76	169	1.34492
76	172	0.900053
76	175	0.90839
76	176	0.901483
76	177	0.910966
76	179	0.907042
77	8	1.25419
77	28	0.845631
77	47	0.884183
77	63	0.771205
77	93	1.6501
77	101	0.81942
77	115	0.826456
77	122	1.42288
77	128	0.841742
77	129	0.817637
77	132	0.816649
77	136	0.847661
77	142	0.839704
77	143	0.82005
77	150	0.839314
77	153	0.830347
77	167	1.4676
77	177	1.41276
78	25	1.14398
78	37	1.22138
78	43	1.23275
78	44	1.26861
78	157	0.900972
78	158	1.11783
78	160	0.880937
78	161	1.21206
78	165	0.910933
78	167	0.895282
78	170	0.904454
78	172	0.894957
78	173	0.900781
78	174	0.900896
78	175	0.903294
78	176	0.896387
78	177	0.90587
78	178	0.905235
79	3	0.865761
79	23	0.824992
79	53	0.765321
79	62	0.865144
79	74	0.806653
79	100	0.870451
79	108	0.846187
79	111	0.844912
79	120	0.857355
79	124	1.3512
79	125	0.778847
79	130	0.800182
79	135	0.845514
79	159	0.828681
79	160	1.52895
79	166	1.46512
79	170	1.42127
79	179	1.44266
80	51	1.60928
80	85	1.31152
80	91	1.49493
80	92	0.846183
80	119	0.874502
80	133	1.43314
80	150	1.34301
80	157	0.828606
80	160	0.808572
80	166	0.813996
80	172	0.822592
80	174	0.82853
80	175	0.830929
80	176	0.824022
80	177	0.833505
80	178	0.83287
80	179	0.829581
80	180	0.826111
81	4	0.923599
81	6	0.930952
81	8	1.03754
81	13	0.933148
81	57	0.857296
81	59	0.853085
81	64	0.909765
81	69	0.881103
81	72	0.961378
81	73	0.881103
81	76	1.10624
81	116	1.50719
81	118	0.941165
81	126	0.849046
81	130	0.878361
81	137	1.37306
81	156	1.25461
81	169	0.925415
82	30	0.913928
82	70	0.89772
82	98	0.90458
82	110	1.3501
82	114	1.22538
82	133	0.89727
82	141	0.905657
82	145	0.892332
82	147	1.16121
82	154	0.908294
82	161	0.891289
82	164	0.907593
82	169	0.879414
82	171	0.896637
82	174	1.18267
82	177	1.11399
82	179	1.17768
82	180	0.905287
83	63	1.76043
83	89	1.553
83	106	1.20754
83	115	1.30533
83	134	0.806542
83	138	0.818573
83	157	0.834226
83	163	0.808006
83	168	0.852574
83	170	0.837708
83	171	1.36603
83	173	0.834035
83	174	0.83415
83	176	0.829641
83	177	0.839124
83	178	0.838489
83	179	0.835201
83	180	0.83173
84	86	1.43386
84	100	1.28341
84	102	1.5832
84	104	1.26971
84	115	0.822065
84	132	0.812257
84	136	0.843269
84	143	0.815659
84	150	0.834922
84	153	0.825955
84	168	0.849396
84	169	1.62165
84	170	0.83453
84	173	0.830857
84	175	0.83337
84	176	0.826463
84	177	0.835946
84	178	0.835311
85	25	0.901509
85	35	0.97875
85	41	0.879186
85	46	1.12967
85	50	0.940897
85	56	0.846696
85	80	1.31152
85	91	0.848857
85	95	0.889026
85	96	0.884644
85	99	0.873973
85	104	0.934439
85	105	0.938092
85	138	0.88393
85	163	1.25923
85	178	1.15432
85	179	1.20711
85	180	1.14515
86	16	0.903697
86	21	0.864436
86	24	0.777113
86	26	0.875399
86	27	0.863303
86	29	0.889204
86	43	0.841896
86	48	0.900627
86	60	0.912933
86	71	0.855166
86	84	1.43386
86	87	0.900176
86	106	0.919017
86	127	1.21636
86	137	1.42395
86	139	0.897031
86	152	0.972167
86	179	1.31069
86	180	1.24873
87	21	0.883901
87	24	0.796579
87	43	0.861361
87	48	0.920092
87	63	0.827867
87	71	0.874632
87	86	0.900176
87	101	0.876082
87	115	0.883118
87	139	0.916497
87	143	0.876712
87	144	1.33438
87	150	0.895975
87	153	0.887009
87	156	1.26375
87	165	1.24232
87	173	1.2823
87	175	1.27184
87	178	1.21616
88	1	0.919323
88	5	0.902668
88	52	1.50001
88	68	0.892625
88	109	0.842591
88	127	1.12755
88	133	0.865579
88	148	0.878657
88	149	0.866006
88	154	0.876603
88	158	0.881904
88	161	0.859599
88	163	1.274
88	164	0.875902
88	167	1.21303
88	171	0.864946
88	173	1.23523
88	176	1.25952
88	180	0.873596
89	8	1.36392
89	47	0.860074
89	58	0.85842
89	68	0.827864
89	70	0.801268
89	83	1.553
89	107	0.836705
89	122	1.53261
89	128	0.817634
89	129	0.793529
89	132	0.792541
89	143	0.795942
89	146	0.82315
89	153	0.806239
89	159	1.53246
89	161	0.794838
89	169	0.782962
89	176	1.62382
89	180	0.808835
90	36	1.36835
90	38	0.851574
90	40	1.36968
90	48	1.1283
90	111	1.26672
90	119	0.921999
90	154	1.25122
90	163	0.849884
90	164	1.21029
90	167	0.870414
90	168	0.894452
90	170	0.879586
90	172	0.870089
90	175	0.878426
90	176	0.871519
90	177	0.881002
90	178	0.880367
90	179	0.877078
90	180	0.873608
91	10	0.85345
91	25	0.815761
91	32	1.81942
91	35	0.893002
91	41	0.793438
91	49	0.774352
91	56	0.760948
91	80	1.49493
91	85	0.848857
91	95	0.803278
91	96	0.798896
91	99	0.788224
91	104	0.848691
91	105	0.852343
91	110	0.770578
91	123	1.56891
91	138	0.798181
91	159	1.33681
91	172	1.38538
92	5	1.17821
92	21	1.34864
92	80	0.846183
92	100	1.17069
92	105	1.30127
92	122	0.864826
92	136	1.34565
92	150	1.24905
92	151	0.897931
92	163	0.855917
92	165	0.892098
92	166	0.867526
92	167	0.876447
92	172	0.876122
92	173	0.881946
92	175	0.884459
92	177	0.887035
92	178	0.8864
92	179	0.883111
93	47	1.42941
93	68	1.43045
93	77	1.6501
93	101	1.60564
93	137	0.795595
93	147	0.827815
93	156	0.82681
93	162	0.803808
93	164	1.48043
93	165	0.825414
93	166	0.800843
93	167	0.809763
93	172	0.809438
93	174	0.815376
93	175	0.817775
93	176	0.810868
93	177	0.820351
93	178	0.819716
93	179	0.816427
94	2	0.810777
94	31	0.878368
94	40	0.842654
94	52	1.5503
94	103	0.846616
94	110	1.4446
94	113	0.870335
94	148	0.87047
94	149	0.857819
94	154	0.868416
94	158	0.873717
94	161	0.851411
94	164	0.867715
94	165	1.24555
94	169	0.839536
94	170	1.25079
94	171	0.856759
94	176	1.30982
94	177	1.20849
94	180	0.865409
95	10	0.893619
95	25	0.855931
95	35	0.933172
95	41	0.833607
95	49	0.814522
95	53	1.1284
95	56	0.801117
95	61	1.51561
95	75	0.888545
95	85	0.889026
95	91	0.803278
95	96	0.839065
95	99	0.828394
95	104	0.88886
95	105	0.892513
95	114	1.39509
95	138	0.838351
95	151	1.20847
95	160	1.43367
95	170	1.326
96	10	0.889237
96	25	0.851548
96	35	0.92879
96	41	0.829225
96	49	0.810139
96	50	0.890936
96	56	0.796735
96	75	0.884163
96	85	0.884644
96	91	0.798896
96	95	0.839065
96	99	0.824012
96	104	0.884478
96	105	0.888131
96	126	1.58005
96	134	1.43605
96	155	0.932608
96	159	1.343
96	168	1.30548
96	173	1.41006
97	7	0.794362
97	10	1.1351
97	25	1.35595
97	30	1.31245
97	50	1.25399
97	99	1.52505
97	109	1.41416
97	123	0.83655
97	137	0.845799
97	157	0.865656
97	162	0.854012
97	165	0.875618
97	170	0.869139
97	172	0.859642
97	173	0.865466
97	174	0.86558
97	176	0.861072
97	177	0.870555
97	178	0.86992
97	179	0.866631
98	46	1.224
98	51	0.821021
98	82	0.90458
98	117	0.8663
98	122	1.24788
98	123	1.47983
98	131	1.39491
98	139	0.885754
98	141	0.859232
98	144	0.842122
98	145	0.845907
98	146	0.873177
98	155	0.853808
98	161	0.844865
98	164	0.861169
98	166	1.32391
98	169	0.832989
98	171	0.850213
98	176	1.33909
98	180	0.858863
99	10	0.878566
99	20	1.41113
99	25	0.840877
99	35	0.918118
99	41	0.818554
99	49	0.799468
99	56	0.786064
99	75	0.873492
99	85	0.873973
99	91	0.788224
99	95	0.828394
99	96	0.824012
99	97	1.52505
99	100	0.882068
99	104	0.873807
99	105	0.877459
99	110	0.795694
99	138	0.823297
99	170	1.53331
99	174	1.55968
99	180	1.49274
100	7	0.841792
100	36	0.879202
100	39	1.36744
100	45	0.858145
100	53	0.856483
100	62	0.956306
100	74	0.897814
100	79	0.870451
100	84	1.28341
100	92	1.17069
100	99	0.882068
100	108	0.937348
100	111	0.936074
100	114	1.20795
100	120	0.948516
100	123	1.33863
100	125	0.870009
100	130	0.891343
100	135	0.936675
100	156	1.15505
100	159	0.919842
101	9	1.14866
101	47	0.897286
101	54	0.811954
101	59	0.801522
101	67	0.79625
101	77	0.81942
101	87	0.876082
101	93	1.60564
101	115	0.839559
101	128	0.854845
101	129	0.83074
101	132	0.829752
101	136	0.860764
101	142	0.852807
101	143	0.833153
101	150	0.852417
101	153	0.84345
101	159	1.37827
101	174	1.43698
101	176	1.46963
101	177	1.3683
102	9	1.1767
102	66	1.33465
102	84	1.5832
102	107	0.869734
102	117	0.849302
102	121	0.835344
102	133	0.833848
102	139	0.868756
102	141	0.842234
102	147	1.44356
102	148	0.846926
102	149	0.834274
102	152	0.819662
102	155	0.83681
102	161	0.827867
102	164	0.844171
102	169	0.815991
102	171	0.833215
102	178	1.40724
102	179	1.46003
102	180	0.841865
103	55	0.881688
103	94	0.846616
103	106	0.889653
103	109	0.809771
103	119	1.21237
103	121	0.834256
103	123	1.59499
103	149	0.833186
103	152	0.818574
103	154	0.843783
103	155	0.835722
103	157	1.35947
103	158	0.849084
103	161	0.826779
103	164	0.843083
103	169	0.814903
103	170	1.39522
103	171	0.832127
103	173	1.42995
103	175	1.41949
103	180	0.840776
104	10	0.939032
104	25	0.901344
104	35	0.978585
104	41	0.87902
104	49	0.859935
104	52	1.42467
104	75	0.933958
104	84	1.26971
104	85	0.934439
104	91	0.848691
104	95	0.88886
104	96	0.884478
104	99	0.873807
104	105	0.937926
104	110	0.856161
104	131	1.24
104	138	0.883764
104	157	1.0894
104	174	1.15153
104	175	1.14943
104	180	1.08458
105	10	0.942685
105	25	0.904996
105	41	0.882673
105	49	0.863587
105	50	0.944384
105	56	0.850183
105	62	0.774439
105	75	0.937611
105	85	0.938092
105	91	0.852343
105	92	1.30127
105	95	0.892513
105	96	0.888131
105	99	0.877459
105	104	0.937926
105	122	1.23726
105	138	0.887417
105	140	1.3198
105	142	1.22145
105	170	1.26944
105	172	1.28568
106	21	0.902742
106	24	0.81542
106	26	0.913706
106	43	0.880202
106	48	0.938934
106	60	0.95124
106	83	1.20754
106	86	0.919017
106	103	0.889653
106	114	1.28842
106	119	1.03648
106	133	0.90043
106	155	0.903392
106	161	0.894449
106	162	1.24178
106	165	1.2141
106	169	0.882573
106	171	0.899797
106	174	1.24571
106	177	1.17704
106	180	0.908446
107	5	0.916511
107	33	1.17383
107	89	0.836705
107	102	0.869734
107	140	1.37579
107	141	0.887809
107	145	0.874484
107	148	0.8925
107	149	0.879849
107	152	0.865237
107	153	0.883277
107	154	0.890446
107	158	0.895747
107	161	0.873441
107	164	0.889745
107	169	0.861566
107	171	0.878789
107	173	1.36016
107	176	1.38446
107	177	1.28313
107	179	1.34682
107	180	0.887439
108	5	0.915399
108	23	0.891888
108	36	0.854938
108	44	0.857722
108	45	0.833881
108	53	0.832218
108	70	1.0802
108	74	0.873549
108	79	0.846187
108	100	0.937348
108	111	0.911809
108	114	1.38008
108	120	0.924251
108	125	0.845744
108	130	0.867078
108	135	0.912411
108	144	1.39781
108	145	0.98085
108	156	1.32718
108	159	0.895578
108	165	1.30575
108	175	1.33527
109	40	0.80581
109	50	0.872375
109	70	0.820997
109	88	0.842591
109	97	1.41416
109	103	0.809771
109	126	1.62714
109	133	0.820548
109	146	0.842879
109	149	0.820974
109	152	0.806362
109	154	0.831571
109	155	0.82351
109	158	0.836872
109	161	0.814567
109	169	0.802691
109	171	0.819915
109	174	1.44879
109	175	1.44669
109	176	1.48145
109	178	1.39101
109	180	0.828565
110	14	1.33199
110	35	0.900472
110	41	0.800908
110	50	0.862619
110	75	0.855846
110	82	1.3501
110	91	0.770578
110	94	1.4446
110	99	0.795694
110	104	0.856161
110	138	0.805651
110	148	1.52133
110	154	1.52013
110	160	0.80127
110	161	1.6261
110	172	0.81529
110	173	0.821114
110	175	0.823627
110	176	0.81672
110	177	0.826203
110	178	0.825568
110	179	0.822279
111	3	0.931383
111	7	0.816253
111	19	1.53518
111	38	1.37185
111	42	0.715382
111	44	0.856447
111	45	0.832606
111	53	0.830943
111	74	0.872275
111	76	1.20966
111	79	0.844912
111	90	1.26672
111	100	0.936074
111	108	0.911809
111	114	1.41092
111	118	0.928608
111	120	0.922977
111	125	0.84447
111	130	0.865804
111	135	0.911136
111	142	1.29384
111	159	0.894303
112	11	1.09928
112	62	1.53986
112	75	1.50699
112	127	0.839798
112	128	1.52548
112	153	1.59271
112	156	0.836138
112	157	0.824781
112	160	0.804746
112	162	0.813136
112	164	1.53016
112	166	0.810171
112	168	0.843129
112	170	0.828263
112	172	0.818766
112	173	0.82459
112	174	0.824704
112	175	0.827103
112	176	0.820196
112	177	0.829679
112	178	0.829044
112	179	0.825755
113	7	1.6809
113	17	0.911369
113	31	0.877455
113	37	0.842337
113	40	0.841741
113	94	0.870335
113	117	0.871934
113	140	1.29205
113	141	0.864866
113	145	0.851541
113	149	0.856906
113	154	0.867503
113	155	0.859441
113	157	1.20594
113	158	0.872804
113	159	1.20937
113	161	0.850498
113	162	1.26414
113	164	0.866802
113	169	0.838623
113	171	0.855846
113	172	1.25794
113	176	1.30072
114	82	1.22538
114	95	1.39509
114	100	1.20795
114	106	1.28842
114	108	1.38008
114	111	1.41092
114	135	1.29024
114	137	0.844881
114	147	0.8771
114	157	0.864738
114	160	0.844703
114	162	0.853093
114	165	0.874699
114	167	0.859048
114	172	0.858723
114	173	0.864547
114	174	0.864662
114	175	0.86706
114	176	0.860153
114	177	0.869636
114	178	0.869001
114	179	0.865712
114	180	0.862242
115	11	1.02284
115	28	0.86577
115	42	0.936338
115	54	0.81899
115	67	0.803285
115	77	0.826456
115	83	1.30533
115	84	0.822065
115	87	0.883118
115	101	0.839559
115	122	1.28494
115	128	0.861881
115	129	0.837776
115	132	0.836788
115	136	0.867799
115	138	1.40611
115	146	0.867397
115	150	0.859453
115	153	0.850486
115	165	1.31188
115	168	1.24727
115	170	1.31712
115	179	1.33851
116	3	1.3569
116	4	1.4485
116	33	0.812735
116	60	1.42215
116	81	1.50719
116	119	0.852723
116	125	1.71599
116	127	0.821845
116	151	0.822623
116	156	0.818185
116	159	0.813583
116	160	0.786793
116	166	0.792218
116	167	0.801138
116	168	0.825176
116	169	1.74587
116	173	0.806637
116	175	0.80915
116	176	0.802243
116	177	0.811726
116	178	0.811091
116	179	0.807802
116	180	0.804332
117	5	0.896079
117	40	0.844253
117	51	0.829165
117	71	1.03261
117	98	0.8663
117	102	0.849302
117	113	0.871934
117	131	1.47256
117	133	0.858991
117	134	1.41844
117	139	0.893899
117	141	0.867377
117	148	0.872069
117	152	0.844805
117	154	0.870014
117	164	0.869314
117	168	1.28786
117	169	0.841134
117	170	1.35771
117	171	0.858358
117	177	1.31541
117	178	1.32631
117	180	0.867007
118	4	0.929116
118	6	0.936469
118	12	1.08645
118	23	0.908688
118	36	0.871737
118	44	0.874521
118	53	0.849017
118	69	0.88662
118	72	0.966895
118	73	0.88662
118	74	0.890349
118	81	0.941165
118	111	0.928608
118	119	1.06894
118	125	0.862544
118	126	0.854563
118	130	0.883878
118	135	0.92921
118	168	1.18194
118	172	1.26804
118	175	1.27607
118	176	1.31082
118	177	1.20949
118	180	1.21122
119	2	1.51525
119	74	1.23983
119	80	0.874502
119	90	0.921999
119	103	1.21237
119	106	1.03648
119	116	0.852723
119	118	1.06894
119	126	0.859397
119	129	1.17268
119	130	1.2049
119	154	1.14347
119	159	0.917211
119	162	0.898811
119	163	0.884236
119	165	0.920417
119	166	0.895845
119	172	0.904441
119	173	0.910265
119	175	0.912778
119	176	0.905871
119	177	0.915354
119	178	0.914719
119	179	0.91143
120	3	0.943825
120	5	0.926566
120	23	0.903056
120	36	0.866106
120	39	1.36337
120	44	0.86889
120	45	0.845049
120	62	0.943209
120	67	1.20629
120	74	0.884717
120	79	0.857355
120	100	0.948516
120	108	0.924251
120	111	0.922977
120	123	1.33455
120	125	0.856912
120	130	0.878246
120	135	0.923579
120	159	0.906745
120	163	1.20829
120	167	1.14732
120	168	1.06493
120	176	1.19381
120	177	1.09248
121	2	0.798417
121	18	1.64192
121	30	0.861691
121	68	0.872078
121	70	0.845482
121	102	0.835344
121	103	0.834256
121	140	1.37322
121	141	0.853419
121	146	0.867363
121	148	0.85811
121	149	0.845459
121	151	1.20533
121	155	0.847995
121	158	0.861357
121	161	0.839052
121	164	0.855355
121	166	1.36671
121	167	1.3354
121	169	0.827176
121	171	0.844399
121	172	1.33911
121	174	1.34924
121	180	0.853049
122	49	1.4726
122	77	1.42288
122	89	1.53261
122	92	0.864826
122	98	1.24788
122	105	1.23726
122	115	1.28494
122	123	0.818144
122	127	0.862267
122	140	0.842028
122	159	0.854006
122	161	1.40012
122	162	0.835606
122	165	0.857212
122	167	0.841561
122	172	0.841236
122	173	0.847059
122	174	0.847174
122	175	0.849573
122	176	0.842666
122	177	0.852149
122	178	0.851514
122	179	0.848225
122	180	0.844755
123	1	1.33693
123	5	1.34616
123	91	1.56891
123	97	0.83655
123	98	1.47983
123	100	1.33863
123	103	1.59499
123	120	1.33455
123	122	0.818144
123	127	0.850471
123	156	0.846811
123	160	0.815419
123	163	0.809234
123	165	0.845415
123	166	0.820843
123	170	0.838936
123	172	0.829439
123	173	0.835263
123	174	0.835377
123	175	0.837776
123	176	0.830869
123	177	0.840352
123	178	0.839717
123	179	0.836428
123	180	0.832958
124	4	1.10964
124	6	1.07833
124	79	1.3512
124	128	1.21064
124	134	0.857935
124	136	1.24374
124	140	0.880397
124	146	1.1884
124	152	1.40288
124	156	0.896976
124	163	0.8594
124	165	0.895581
124	166	0.871009
124	167	0.87993
124	169	1.40702
124	170	0.889102
124	172	0.879605
124	173	0.885428
124	174	0.885543
124	175	0.887942
124	176	0.881035
124	177	0.890517
124	178	0.889883
124	179	0.886594
124	180	0.883124
125	3	0.865318
125	5	0.848059
125	7	0.750188
125	23	0.824549
125	36	0.787598
125	44	0.790382
125	45	0.766541
125	53	0.764879
125	62	0.864702
125	66	1.34323
125	74	0.80621
125	79	0.778847
125	100	0.870009
125	108	0.845744
125	111	0.84447
125	116	1.71599
125	118	0.862544
125	120	0.856912
125	130	0.799739
125	135	0.845071
125	137	1.58186
125	142	1.39923
125	156	1.46341
125	159	0.828238
125	165	1.44198
125	172	1.46346
126	6	0.84435
126	10	1.34808
126	13	0.846546
126	17	1.37281
126	42	1.36837
126	57	0.770693
126	64	0.823163
126	69	0.794501
126	72	0.874776
126	73	0.794501
126	81	0.849046
126	96	1.58005
126	109	1.62714
126	118	0.854563
126	119	0.859397
126	130	0.791758
126	132	1.55751
126	158	1.54278
126	166	0.798892
126	167	0.807812
126	170	0.816984
126	173	0.813311
126	175	0.815825
126	177	0.8184
126	179	0.814477
126	180	0.811007
127	14	1.06524
127	21	1.24386
127	24	1.67613
127	61	0.831295
127	86	1.21636
127	88	1.12755
127	112	0.839798
127	116	0.821845
127	122	0.862267
127	123	0.850471
127	134	0.851893
127	145	1.38701
127	151	0.895372
127	153	1.275
127	160	0.859543
127	163	0.853358
127	167	0.873888
127	168	0.897926
127	169	1.40415
127	174	0.879501
127	175	0.8819
127	176	0.874993
127	177	0.884476
127	178	0.883841
127	179	0.880552
127	180	0.877082
128	14	0.915554
128	28	0.881056
128	42	0.951624
128	47	0.919608
128	54	0.834276
128	63	0.80663
128	67	0.818571
128	76	0.912371
128	77	0.841742
128	89	0.817634
128	101	0.854845
128	112	1.52548
128	115	0.861881
128	124	1.21064
128	129	0.853062
128	132	0.852074
128	136	0.883085
128	143	0.855475
128	147	1.28563
128	150	0.874739
128	153	0.865772
128	156	1.2969
128	157	1.24496
128	175	1.30499
128	179	1.3021
128	180	1.24014
129	11	1.01402
129	28	0.856951
129	42	0.927519
129	47	0.895503
129	54	0.810171
129	58	0.893848
129	63	0.782525
129	67	0.794466
129	77	0.817637
129	89	0.793529
129	101	0.83074
129	115	0.837776
129	119	1.17268
129	128	0.853062
129	136	0.85898
129	138	1.44452
129	142	0.851023
129	143	0.83137
129	146	0.858578
129	150	0.850634
129	153	0.841667
129	162	1.37798
129	170	1.35553
129	173	1.39027
129	175	1.37981
129	179	1.37692
129	180	1.31496
130	6	0.873665
130	13	0.87586
130	45	0.787875
130	62	0.886036
130	64	0.852477
130	69	0.823815
130	72	0.90409
130	73	0.823815
130	79	0.800182
130	81	0.878361
130	100	0.891343
130	108	0.867078
130	111	0.865804
130	118	0.883878
130	119	1.2049
130	120	0.878246
130	125	0.799739
130	126	0.791758
130	135	0.866406
130	138	1.47674
130	157	1.352
130	159	0.849572
130	168	1.3179
130	175	1.41203
130	177	1.34546
130	178	1.35635
130	180	1.34718
131	11	0.969367
131	22	0.854038
131	32	0.768571
131	46	0.892859
131	49	1.61963
131	98	1.39491
131	104	1.24
131	117	1.47256
131	139	1.38998
131	140	0.849323
131	141	1.30771
131	147	0.866907
131	157	0.854545
131	163	0.828325
131	164	1.40024
131	165	0.864506
131	168	0.872893
131	170	0.858028
131	172	0.848531
131	173	0.854354
131	174	0.854469
131	175	0.856868
131	176	0.849961
131	177	0.859443
131	178	0.858809
131	179	0.85552
131	180	0.85205
132	11	1.01303
132	28	0.855963
132	34	0.742753
132	42	0.926531
132	47	0.894514
132	54	0.809183
132	58	0.892859
132	61	1.5424
132	63	0.781537
132	77	0.816649
132	84	0.812257
132	89	0.792541
132	101	0.829752
132	115	0.836788
132	126	1.55751
132	128	0.852074
132	136	0.857992
132	142	0.850035
132	143	0.830382
132	146	0.857589
132	147	1.3577
132	150	0.849645
132	153	0.840678
132	163	1.42629
132	166	1.39663
132	176	1.41182
132	179	1.37418
133	29	1.28807
133	55	0.892465
133	80	1.43314
133	82	0.89727
133	88	0.865579
133	102	0.833848
133	106	0.90043
133	109	0.820548
133	117	0.858991
133	138	1.39634
133	141	0.851923
133	144	0.834812
133	145	0.838598
133	146	0.865867
133	149	0.843963
133	152	0.829351
133	155	0.846498
133	156	1.32354
133	158	0.859861
133	161	0.837555
133	164	0.853859
133	166	1.3512
133	169	0.82568
133	171	0.842903
133	172	1.32359
133	176	1.36638
133	179	1.32874
134	9	0.87311
134	34	1.24079
134	66	0.849329
134	83	0.806542
134	96	1.43605
134	117	1.41844
134	124	0.857935
134	127	0.851893
134	137	0.817019
134	143	1.45899
134	146	1.3192
134	149	1.34179
134	151	0.852671
134	156	0.848233
134	157	0.836876
134	165	0.846838
134	166	0.822266
134	167	0.831187
134	169	1.53782
134	170	0.840359
134	171	1.43855
134	173	0.836685
134	174	0.8368
134	175	0.839199
134	176	0.832292
134	177	0.841774
134	178	0.84114
134	179	0.837851
135	3	0.931985
135	5	0.914726
135	7	0.816855
135	23	0.891216
135	36	0.854265
135	44	0.857049
135	45	0.833208
135	53	0.831545
135	62	0.931368
135	74	0.872877
135	79	0.845514
135	100	0.936675
135	108	0.912411
135	111	0.911136
135	114	1.29024
135	118	0.92921
135	120	0.923579
135	125	0.845071
135	130	0.866406
135	138	1.31014
135	156	1.23735
135	159	0.894905
135	160	1.32883
135	173	1.25589
135	177	1.17886
135	178	1.18975
135	179	1.24254
135	180	1.18059
136	11	1.04404
136	28	0.886975
136	42	0.957543
136	47	0.925526
136	54	0.840195
136	67	0.82449
136	76	0.918289
136	77	0.847661
136	84	0.843269
136	92	1.34565
136	101	0.860764
136	115	0.867799
136	124	1.24374
136	128	0.883085
136	129	0.85898
136	132	0.857992
136	139	0.798847
136	142	0.881047
136	143	0.861394
136	146	0.888601
136	147	1.31873
136	150	0.880657
136	153	0.87169
136	162	1.33626
136	165	1.30858
136	168	1.24397
136	174	1.34019
136	180	1.27325
137	28	1.4195
137	35	1.18633
137	39	0.821969
137	81	1.37306
137	86	1.42395
137	93	0.795595
137	97	0.845799
137	114	0.844881
137	125	1.58186
137	134	0.817019
137	139	1.40977
137	140	0.839481
137	141	1.32751
137	147	0.857065
137	156	0.85606
137	158	1.4727
137	162	0.833059
137	166	0.830093
137	167	0.839013
137	168	0.863051
137	172	0.838689
137	174	0.844627
137	175	0.847026
137	176	0.840119
137	177	0.849601
137	178	0.848967
137	179	0.845678
137	180	0.842208
138	18	0.786058
138	34	1.26905
138	49	0.809425
138	56	0.796021
138	75	0.883449
138	83	0.818573
138	85	0.88393
138	91	0.798181
138	95	0.838351
138	99	0.823297
138	104	0.883764
138	105	0.887417
138	110	0.805651
138	115	1.40611
138	129	1.44452
138	130	1.47674
138	133	1.39634
138	135	1.31014
138	157	0.848907
138	158	1.42705
138	162	0.837263
138	170	0.85239
138	171	1.46681
138	173	0.848717
138	175	0.85123
138	176	0.844323
138	178	0.853171
138	179	0.849882
139	12	1.10978
139	16	0.920018
139	21	0.880757
139	24	0.793434
139	26	0.89172
139	27	0.879624
139	48	0.916948
139	60	0.929254
139	61	1.46474
139	66	1.17113
139	71	0.871487
139	86	0.897031
139	87	0.916497
139	98	0.885754
139	102	0.868756
139	117	0.893899
139	131	1.38998
139	136	0.798847
139	137	1.40977
139	141	0.886831
139	149	0.878871
139	152	0.864259
139	159	1.2428
139	163	1.34863
139	165	1.26989
139	169	0.860588
139	171	0.877811
139	180	0.886461
140	6	1.19877
140	50	1.31261
140	60	1.20373
140	105	1.3198
140	107	1.37579
140	113	1.29205
140	121	1.37322
140	122	0.842028
140	124	0.880397
140	131	0.849323
140	137	0.839481
140	151	0.875133
140	152	1.52332
140	155	1.39774
140	156	0.870696
140	160	0.839304
140	162	0.847694
140	163	0.833119
140	165	0.8693
140	166	0.844728
140	167	0.853649
140	168	0.877687
140	170	0.862821
140	172	0.853324
140	173	0.859148
140	174	0.859262
140	176	0.854754
140	177	0.864237
140	178	0.863602
140	179	0.860313
141	7	1.63207
141	32	1.64315
141	37	0.83778
141	51	0.822097
141	57	1.37464
141	70	0.852372
141	82	0.905657
141	98	0.859232
141	102	0.842234
141	107	0.887809
141	113	0.864866
141	117	0.867377
141	121	0.853419
141	131	1.30771
141	133	0.851923
141	137	1.32751
141	139	0.886831
141	145	0.846984
141	146	0.874254
141	149	0.852349
141	152	0.837737
141	155	0.854885
141	157	1.15712
141	159	1.16054
141	161	0.845942
141	164	0.862246
141	165	1.18762
141	169	0.834066
141	175	1.21714
141	180	0.859939
142	26	1.30257
142	40	1.39679
142	44	1.44085
142	45	1.46609
142	54	0.832238
142	63	0.804592
142	68	1.18742
142	77	0.839704
142	101	0.852807
142	105	1.22145
142	111	1.29384
142	125	1.39923
142	129	0.851023
142	132	0.850035
142	136	0.881047
142	143	0.853437
142	150	0.8727
142	153	0.863733
142	158	1.29007
142	160	0.848791
142	163	0.842605
142	165	0.878786
142	166	0.854215
142	172	0.862811
142	173	0.868634
142	174	0.868749
