1	3	1.20251
1	28	1.20485
1	46	1.15058
1	58	1.23983
1	67	1.20593
1	70	1.1806
1	71	1.26629
1	135	0.608224
1	162	0.765709
1	166	0.724987
1	178	0.921864
1	180	1.11873
2	6	1.21724
2	21	1.14428
2	36	1.14277
2	43	1.10918
2	51	1.18989
2	63	1.27063
2	130	0.862218
2	140	0.746418
2	141	0.727603
2	144	0.662848
2	163	1.32077
2	176	1.20537
3	1	1.20251
3	37	0.699205
3	53	1.1437
3	64	0.694564
3	70	1.08412
3	125	0.581632
3	168	1.023
3	172	0.967555
3	175	0.991177
3	176	1.14896
3	177	0.996891
3	180	1.02226
4	18	1.17813
4	55	1.29146
4	68	1.22576
4	90	1.18127
4	98	0.588728
4	104	1.14308
4	105	1.21202
4	111	1.18816
4	112	1.1883
4	129	0.550474
4	164	0.900187
4	175	0.978374
5	28	1.06912
5	39	1.05262
5	46	1.01485
5	53	1.10444
5	58	1.10409
5	67	1.07019
5	70	1.04486
5	71	1.13055
5	119	0.882701
5	141	0.917806
5	160	1.04016
5	180	0.983
6	2	1.21724
6	14	0.69027
6	31	1.14176
6	34	1.14124
6	43	1.10758
6	51	1.18828
6	63	1.26902
6	100	0.649329
6	128	0.734552
6	135	0.897647
6	163	1.31917
6	176	1.20376
7	96	0.378213
7	110	0.468231
7	113	1.21477
7	117	0.47446
7	138	0.453094
7	158	1.28705
7	160	1.24951
7	167	1.17619
7	168	1.19276
7	177	1.16665
7	178	1.15845
7	179	1.14976
8	52	1.21658
8	59	1.19735
8	78	0.494864
8	91	1.20438
8	95	1.19078
8	102	1.19121
8	104	1.17112
8	111	1.2162
8	112	1.21634
8	113	0.797168
8	168	0.785152
8	175	0.944242
9	61	1.17774
9	66	1.2132
9	80	1.23292
9	96	1.21892
9	97	1.18867
9	101	1.21842
9	122	1.22308
9	133	0.667836
9	141	0.646213
9	162	1.13543
9	171	1.0212
9	176	0.677192
10	92	0.74347
10	94	0.771263
10	119	1.16948
10	157	0.653682
10	159	1.05334
10	164	1.01514
10	166	1.04565
10	171	1.02463
10	173	1.04577
10	174	1.06718
10	177	0.999848
10	178	0.991648
10	179	0.98296
11	25	0.631887
11	60	0.669188
11	137	0.641174
11	164	1.06781
11	166	1.09832
11	167	1.06206
11	170	1.0484
11	171	1.0773
11	173	1.09844
11	177	1.05252
11	178	1.04432
11	179	1.03563
12	62	1.13703
12	69	1.2109
12	72	1.20405
12	76	1.20789
12	81	1.17373
12	86	1.0803
12	87	1.08045
12	92	1.17465
12	124	1.14882
12	126	0.772481
12	151	0.805767
12	152	0.672578
12	171	0.959339
13	37	1.11793
13	38	1.12253
13	42	1.0935
13	45	1.21098
13	54	1.16308
13	72	1.2064
13	81	1.17608
13	92	1.177
13	132	0.615135
13	134	1.17305
13	135	0.800868
13	150	0.779957
13	180	1.02001
14	6	0.69027
14	95	0.530607
14	148	0.493783
14	152	1.25072
14	157	0.442148
14	158	1.23919
14	166	1.16459
14	168	1.14489
14	171	1.14357
14	175	1.11307
14	177	1.11878
14	178	1.11058
14	179	1.10189
15	17	0.963926
15	66	1.05801
15	80	1.07772
15	84	1.09332
15	96	1.06373
15	97	1.03348
15	101	1.06323
15	106	1.03864
15	119	1.01222
15	124	1.04911
15	141	1.04733
15	144	0.982573
15	162	0.98024
16	31	0.464151
16	42	0.637466
16	66	0.456232
16	96	0.411693
16	120	1.2423
16	125	1.21087
16	156	1.22342
16	157	1.24513
16	171	1.12635
16	172	1.07222
16	177	1.10156
16	178	1.09336
16	179	1.08467
17	15	0.963926
17	50	1.07442
17	61	1.02348
17	84	1.09425
17	96	1.06467
17	97	1.03442
17	101	1.06417
17	115	1.01939
17	122	1.06882
17	124	1.05005
17	140	0.91634
17	159	1.10435
17	162	0.981177
18	4	1.17813
18	77	1.10354
18	90	1.16265
18	95	1.14412
18	102	1.14455
18	104	1.12446
18	105	1.1934
18	111	1.16954
18	112	1.16968
18	132	0.716266
18	133	0.797758
18	152	0.864363
18	155	0.823463
19	21	1.11449
19	31	1.11357
19	34	1.11305
19	36	1.11298
19	43	1.07939
19	51	1.16009
19	63	1.24084
19	140	0.659301
19	159	0.847308
19	160	0.762837
19	162	0.923835
19	163	1.29098
19	176	1.17558
20	29	1.17982
20	30	1.17761
20	35	1.2238
20	37	1.17745
20	38	1.18204
20	45	1.2705
20	54	1.2226
20	119	0.516178
20	134	1.23257
20	149	0.751053
20	151	0.7727
20	167	0.974154
21	2	1.14428
21	19	1.11449
21	31	1.0688
21	34	1.06828
21	36	1.06821
21	43	1.03462
21	51	1.11532
21	63	1.19607
21	132	0.705215
21	133	0.786707
21	150	0.870037
21	162	1.04843
21	163	1.24621
21	176	1.13081
22	50	1.34544
22	56	1.24103
22	57	1.33216
22	61	1.29449
22	97	1.30543
22	101	1.33518
22	124	1.32107
22	139	0.664809
22	153	0.553418
22	155	0.496111
22	162	1.25219
22	167	0.871653
22	173	0.783428
23	44	0.809404
23	69	1.23473
23	76	1.23172
23	86	1.10413
23	87	1.10428
23	92	1.19848
23	94	0.554717
23	101	0.556206
23	159	1.1024
23	163	0.324433
23	166	1.09471
23	170	1.04479
23	177	1.04891
23	179	1.03202
24	32	1.35511
24	39	1.21702
24	46	1.17925
24	53	1.26884
24	58	1.26849
24	67	1.23459
24	70	1.20926
24	71	1.29495
24	128	0.449686
24	130	0.621532
24	143	0.792151
24	164	0.908377
24	165	0.783675
24	180	1.1474
25	11	0.631887
25	73	1.10659
25	110	1.11401
25	121	1.10831
25	127	1.13307
25	137	1.10908
25	138	1.14721
25	145	1.11482
25	154	1.10454
25	156	1.13082
25	157	1.15254
25	164	1.02653
25	166	0.847699
25	169	0.765217
26	40	1.09271
26	79	0.696876
26	131	1.14861
26	137	1.10731
26	139	0.819089
26	142	1.12392
26	146	1.13898
26	147	1.05837
26	148	1.13109
26	154	1.10278
26	156	1.12906
26	157	1.15077
26	168	0.943621
26	171	0.978052
27	52	1.13068
27	68	1.1679
27	77	1.0643
27	90	1.12341
27	95	1.10488
27	102	1.1053
27	104	1.08522
27	105	1.15415
27	111	1.1303
27	112	1.13044
27	113	1.03294
27	119	0.645262
27	144	0.615612
27	177	1.1016
28	1	1.20485
28	5	1.06912
28	39	1.09423
28	46	1.05645
28	47	1.20332
28	58	1.14569
28	67	1.11179
28	70	1.08646
28	71	1.17215
28	119	0.737255
28	149	0.97213
28	150	0.877314
28	155	0.819689
28	180	1.0246
29	20	1.17982
29	30	1.07129
29	35	1.11747
29	37	1.07112
29	38	1.07572
29	45	1.16418
29	47	1.18471
29	54	1.11627
29	82	1.13703
29	122	0.724702
29	128	0.676716
29	134	1.12624
29	158	0.844837
29	179	1.16112
30	20	1.17761
30	29	1.07129
30	35	1.11527
30	37	1.06892
30	38	1.07351
30	45	1.16197
30	47	1.1825
30	54	1.11407
30	82	1.13482
30	83	0.980068
30	93	0.622674
30	134	1.12404
30	160	0.81226
30	165	0.986666
31	6	1.14176
31	16	0.464151
31	19	1.11357
31	21	1.0688
31	34	1.06736
31	36	1.06729
31	43	1.0337
31	51	1.11441
31	63	1.19515
31	147	0.908251
31	163	1.24529
31	168	0.93682
31	171	0.97125
31	176	1.12989
32	24	1.35511
32	39	1.21582
32	46	1.17804
32	53	1.26764
32	58	1.26729
32	67	1.23339
32	70	1.20806
32	71	1.29375
32	108	0.625294
32	134	0.689545
32	136	0.807633
32	150	0.754319
32	176	0.680345
32	180	1.14619
33	69	0.488308
33	70	0.61241
33	90	0.529118
33	91	0.527677
33	159	1.16002
33	167	1.11607
33	168	1.13264
33	169	1.1989
33	170	1.10242
33	172	1.07719
33	175	1.10082
33	177	1.10653
33	178	1.09833
33	179	1.08964
34	6	1.14124
34	19	1.11305
34	21	1.06828
34	31	1.06736
34	36	1.06677
34	43	1.03318
34	51	1.11388
34	63	1.19463
34	140	0.545867
34	147	0.839041
34	163	1.24477
34	171	0.90204
34	172	1.14025
34	176	1.12937
35	20	1.2238
35	29	1.11747
35	30	1.11527
35	37	1.1151
35	38	1.1197
35	45	1.20816
35	54	1.16026
35	82	1.18101
35	109	0.589498
35	134	1.17022
35	149	0.749585
35	164	0.971276
35	171	0.924804
36	2	1.14277
36	19	1.11298
36	21	1.06821
36	31	1.06729
36	34	1.06677
36	43	1.03311
36	51	1.11381
36	63	1.19455
36	134	0.703636
36	151	0.884874
36	155	0.710785
36	163	1.2447
36	176	1.1293
36	179	1.11063
37	3	0.699205
37	13	1.11793
37	20	1.17745
37	29	1.07112
37	30	1.06892
37	35	1.1151
37	38	1.07335
37	45	1.1618
37	47	1.18234
37	54	1.1139
37	128	0.681939
37	134	1.12387
37	139	0.935196
37	174	0.939363
38	13	1.12253
38	20	1.18204
38	29	1.07572
38	30	1.07351
38	35	1.1197
38	37	1.07335
38	45	1.1664
38	54	1.1185
38	78	0.707559
38	82	1.13925
38	134	1.12847
38	136	0.815556
38	167	1.08016
38	169	0.817434
39	5	1.05262
39	24	1.21702
39	28	1.09423
39	32	1.21582
39	53	1.12955
39	58	1.1292
39	67	1.0953
39	70	1.06997
39	71	1.15566
39	88	0.767979
39	128	0.743918
39	155	0.828477
39	162	1.0645
39	180	1.00811
40	26	1.09271
40	44	1.04272
40	74	0.740183
40	116	0.880371
40	131	1.11467
40	137	1.07337
40	138	1.11151
40	142	1.08999
40	145	1.07912
40	148	1.09715
40	154	1.06884
40	156	1.09512
40	157	1.11684
40	159	0.982945
40	174	0.996315
41	50	1.22334
41	61	1.17239
41	80	1.22757
41	84	1.24317
41	96	1.21358
41	97	1.18333
41	101	1.21308
41	122	1.21774
41	124	1.19897
41	159	0.705104
41	161	0.715287
41	162	1.13009
41	165	0.795039
41	173	0.832927
41	174	0.718474
42	13	1.0935
42	16	0.637466
42	49	1.14443
42	62	1.06577
42	69	1.13964
42	76	1.13663
42	81	1.10247
42	85	1.1128
42	86	1.00904
42	87	1.00919
42	88	0.756407
42	92	1.10339
42	114	1.0993
42	150	0.87453
42	177	1.19081
43	2	1.10918
43	6	1.10758
43	19	1.07939
43	21	1.03462
43	31	1.0337
43	34	1.03318
43	36	1.03311
43	51	1.08022
43	63	1.16096
43	98	0.962638
43	100	0.730182
43	119	0.817531
43	159	1.05946
43	163	1.21111
43	176	1.09571
44	23	0.809404
44	40	1.04272
44	100	0.773473
44	107	1.0785
44	125	1.06652
44	131	1.09862
44	138	1.09545
44	142	1.07393
44	144	0.831173
44	148	1.0811
44	154	1.05279
44	156	1.07907
44	157	1.10078
44	160	1.01828
44	163	1.22468
45	13	1.21098
45	20	1.2705
45	29	1.16418
45	30	1.16197
45	35	1.20816
45	37	1.1618
45	38	1.1664
45	54	1.20696
45	82	1.22771
45	89	0.826405
45	100	0.525874
45	123	0.769638
45	134	1.21692
45	152	0.736556
45	159	0.855151
46	1	1.15058
46	5	1.01485
46	24	1.17925
46	28	1.05645
46	32	1.17804
46	47	1.14905
46	53	1.09178
46	58	1.09143
46	67	1.05753
46	70	1.0322
46	128	0.606561
46	159	0.850614
46	166	0.88642
46	172	1.25699
46	180	0.970335
47	28	1.20332
47	29	1.18471
47	30	1.1825
47	37	1.18234
47	46	1.14905
47	53	1.23865
47	54	1.22749
47	71	1.26476
47	133	0.392678
47	134	1.23746
47	170	0.90048
47	175	0.870703
47	177	0.79229
47	179	0.818229
47	180	1.1172
48	55	1.3087
48	77	1.1394
48	90	1.19851
48	91	1.19357
48	95	1.17998
48	102	1.18041
48	104	1.16032
48	105	1.22925
48	111	1.2054
48	112	1.20554
48	119	0.504648
48	136	0.698021
48	139	0.755779
48	147	0.851743
48	167	0.962624
49	42	1.14443
49	62	1.19032
49	69	1.26419
49	76	1.26118
49	81	1.22702
49	86	1.13358
49	87	1.13373
49	92	1.22794
49	108	0.488554
49	114	1.22384
49	124	1.20211
49	136	0.670893
49	143	0.81786
49	173	0.847271
49	177	0.933861
50	17	1.07442
50	22	1.34544
50	41	1.22334
50	56	1.07957
50	66	1.1685
50	79	0.710218
50	80	1.18822
50	96	1.17423
50	97	1.14398
50	101	1.17373
50	106	1.14913
50	128	0.579173
50	152	0.704632
50	162	1.09074
50	165	0.913162
50	178	1.05591
51	2	1.18989
51	6	1.18828
51	19	1.16009
51	21	1.11532
51	31	1.11441
51	34	1.11388
51	36	1.11381
51	43	1.08022
51	63	1.24167
51	74	0.623459
51	75	0.718241
51	106	0.760364
51	143	0.964633
51	159	0.866221
51	163	1.29181
51	176	1.17641
52	8	1.21658
52	27	1.13068
52	59	1.1611
52	77	1.11395
52	91	1.16813
52	95	1.15453
52	102	1.15496
52	104	1.13487
52	105	1.20381
52	111	1.17995
52	112	1.18009
52	126	0.808971
52	133	0.642464
52	149	0.820611
52	158	0.751731
52	168	0.961399
53	3	1.1437
53	5	1.10444
53	24	1.26884
53	32	1.26764
53	39	1.12955
53	46	1.09178
53	47	1.23865
53	67	1.14712
53	70	1.12179
53	71	1.20748
53	140	0.591292
53	155	0.619804
53	165	0.869234
53	166	0.815104
53	175	1.07212
53	180	1.05993
54	13	1.16308
54	20	1.2226
54	29	1.11627
54	30	1.11407
54	35	1.16026
54	37	1.1139
54	38	1.1185
54	45	1.20696
54	47	1.22749
54	82	1.17981
54	98	0.672426
54	133	0.584047
54	134	1.16902
54	169	0.722569
54	177	0.983659
54	178	1.00193
55	4	1.29146
55	48	1.3087
55	74	1.26506
55	90	1.27598
55	91	1.27105
55	102	1.25788
55	104	1.2378
55	105	1.30673
55	111	1.28287
55	112	1.28301
55	134	0.525163
55	150	0.589937
55	161	0.701989
55	165	0.781742
55	168	0.825542
55	174	0.705177
56	22	1.24103
56	50	1.07957
56	66	1.0641
56	97	1.03957
56	101	1.06932
56	125	1.04077
56	127	1.05556
56	133	0.800712
56	143	1.08432
56	146	1.06324
56	154	1.02704
56	156	1.05332
56	157	1.07503
56	158	0.909979
56	162	0.98633
56	166	1.02172
57	22	1.33216
57	61	1.11976
57	66	1.15523
57	80	1.17494
57	84	1.19053
57	96	1.16095
57	97	1.1307
57	101	1.16045
57	122	1.1651
57	124	1.14633
57	128	0.654808
57	130	0.826654
57	132	0.63217
57	147	1.00403
57	162	1.07746
57	169	0.852184
58	1	1.23983
58	5	1.10409
58	24	1.26849
58	28	1.14569
58	32	1.26729
58	39	1.1292
58	46	1.09143
58	67	1.14677
58	70	1.12144
58	71	1.20713
58	89	0.822656
58	100	0.522125
58	106	0.745545
58	160	0.766931
58	164	1.06604
58	180	1.05958
59	8	1.19735
59	52	1.1611
59	68	1.19832
59	91	1.14889
59	95	1.1353
59	102	1.13573
59	104	1.11564
59	105	1.18457
59	109	1.18624
59	111	1.16072
59	112	1.16086
59	132	0.61731
59	144	0.612424
59	174	0.897372
59	176	0.708159
59	179	1.12435
60	11	0.669188
60	93	0.575139
60	118	1.11649
60	125	1.11316
60	130	0.776988
60	137	1.10396
60	138	1.1421
60	142	1.12058
60	145	1.10971
60	148	1.12774
60	150	1.1023
60	152	0.730601
60	154	1.09943
60	156	1.12571
60	157	1.14743
60	163	1.27132
60	172	1.25557
61	9	1.17774
61	17	1.02348
61	22	1.29449
61	41	1.17239
61	57	1.11976
61	66	1.11756
61	80	1.13728
61	83	0.893144
61	84	1.15287
61	93	0.53575
61	96	1.12328
61	101	1.12278
61	122	1.12744
61	162	1.03979
61	166	0.845611
61	169	0.763129
61	170	1.13241
62	12	1.13703
62	42	1.06577
62	49	1.19032
62	69	1.18552
62	72	1.17868
62	76	1.18251
62	81	1.14836
62	86	1.05492
62	87	1.05507
62	92	1.14928
62	98	0.891084
62	108	0.757011
62	114	1.14518
62	124	1.12345
62	140	0.799898
62	153	0.885718
62	176	0.812062
63	2	1.27063
63	6	1.26902
63	19	1.24084
63	21	1.19607
63	31	1.19515
63	34	1.19463
63	36	1.19455
63	43	1.16096
63	51	1.24167
63	98	0.724109
63	132	0.554238
63	140	0.632922
63	141	0.614107
63	159	0.820929
63	163	1.37255
63	173	0.948753
63	176	1.25715
64	3	0.694564
64	78	0.764799
64	99	1.11406
64	108	0.690457
64	110	1.11022
64	117	1.12927
64	118	1.11781
64	127	1.12928
64	141	0.714529
64	142	1.1219
64	145	1.11104
64	148	1.12907
64	154	1.10076
64	156	1.12704
64	157	1.14875
64	163	1.27265
64	177	1.13576
65	117	1.14088
65	118	1.12942
65	120	1.15753
65	121	1.11614
65	125	1.1261
65	137	1.1169
65	145	1.12265
65	146	1.14857
65	148	1.14068
65	149	0.689267
65	154	1.11237
65	156	1.13865
65	157	1.16036
65	168	0.830055
65	171	0.864486
65	173	0.824143
65	175	0.989145
66	9	1.2132
66	15	1.05801
66	16	0.456232
66	50	1.1685
66	56	1.0641
66	57	1.15523
66	61	1.11756
66	80	1.17274
66	83	0.878503
66	96	1.15875
66	97	1.1285
66	101	1.15825
66	106	1.13365
66	160	0.710695
66	162	1.07526
66	168	0.928901
66	179	1.03552
67	1	1.20593
67	5	1.07019
67	24	1.23459
67	28	1.11179
67	32	1.23339
67	39	1.0953
67	46	1.05753
67	53	1.14712
67	58	1.14677
67	70	1.08754
67	71	1.17323
67	149	0.810785
67	153	0.715651
67	161	0.828021
67	169	0.771161
67	179	1.05819
67	180	1.02568
68	4	1.22576
68	27	1.1679
68	59	1.19832
68	77	1.15117
68	89	0.85123
68	90	1.21028
68	91	1.20534
68	95	1.19175
68	102	1.19218
68	104	1.17209
68	105	1.24102
68	111	1.21717
68	112	1.21731
68	122	0.683909
68	141	0.673154
68	150	0.778107
68	153	0.777789
68	155	0.720482
69	12	1.2109
69	23	1.23473
69	33	0.488308
69	42	1.13964
69	49	1.26419
69	62	1.18552
69	72	1.25255
69	79	0.599668
69	81	1.22223
69	86	1.12879
69	87	1.12894
69	92	1.22315
69	114	1.21905
69	124	1.19732
69	136	0.664122
69	169	0.666
69	170	1.03528
69	177	0.92709
70	1	1.1806
70	3	1.08412
70	5	1.04486
70	24	1.20926
70	28	1.08646
70	32	1.20806
70	33	0.61241
70	39	1.06997
70	46	1.0322
70	53	1.12179
70	58	1.12144
70	67	1.08754
70	71	1.1479
70	147	0.941946
70	160	0.752308
70	169	0.790102
70	175	1.1296
70	180	1.00035
71	1	1.26629
71	5	1.13055
71	24	1.29495
71	28	1.17215
71	32	1.29375
71	39	1.15566
71	47	1.26476
71	53	1.20748
71	58	1.20713
71	67	1.17323
71	70	1.1479
71	79	0.766664
71	108	0.648779
71	122	0.683606
71	129	0.744599
71	155	0.720179
71	162	0.956201
71	180	1.08604
72	12	1.20405
72	13	1.2064
72	62	1.17868
72	69	1.25255
72	76	1.24954
72	81	1.21538
72	85	1.22571
72	86	1.12194
72	87	1.1221
72	92	1.2163
72	98	0.761014
72	114	1.2122
72	115	0.772882
72	124	1.19047
72	141	0.651012
72	151	0.872429
72	153	0.755647
72	176	0.681992
73	25	1.10659
73	107	1.10667
73	110	1.09042
73	120	1.12612
73	122	0.749177
73	127	1.10949
73	131	1.12679
73	137	1.08549
73	140	1.15435
73	141	0.738422
73	142	1.10211
73	145	1.09124
73	149	0.938192
73	154	1.08096
73	156	1.10724
73	157	1.12896
73	160	0.860773
73	168	1.07898
74	40	0.740183
74	51	0.623459
74	55	1.26506
74	102	1.13676
74	104	1.11668
74	105	1.18561
74	111	1.16175
74	112	1.16189
74	118	0.665844
74	120	0.51882
74	124	0.588502
74	160	1.09871
74	166	1.06165
74	171	1.04063
74	173	1.06177
74	174	1.08318
74	178	1.00764
74	179	0.998957
75	51	0.718241
75	76	0.648476
75	85	0.518041
75	113	1.12378
75	148	0.634138
75	158	1.19607
75	159	1.12915
75	163	0.469799
75	168	1.10177
75	169	1.16803
75	170	1.07155
75	171	1.10045
75	173	1.12159
75	175	1.06995
75	177	1.07566
75	178	1.06746
75	179	1.05877
75	180	1.10103
76	12	1.20789
76	23	1.23172
76	42	1.13663
76	49	1.26118
76	62	1.18251
76	72	1.24954
76	75	0.648476
76	81	1.21922
76	85	1.22955
76	86	1.12578
76	87	1.12593
76	89	0.76771
76	92	1.22014
76	119	0.554529
76	124	1.19431
76	153	0.694269
76	160	0.711985
76	171	0.964622
77	18	1.10354
77	27	1.0643
77	48	1.1394
77	52	1.11395
77	68	1.15117
77	90	1.10668
77	91	1.10174
77	95	1.08814
77	102	1.08857
77	104	1.06849
77	105	1.13742
77	111	1.11357
77	112	1.11371
77	140	0.683094
77	158	0.795168
77	176	0.695258
77	177	1.08551
77	178	1.10378
78	8	0.494864
78	38	0.707559
78	64	0.764799
78	84	0.695635
78	127	0.620228
78	144	1.25231
78	166	1.10827
78	167	1.07201
78	168	1.08858
78	169	1.15484
78	172	1.03313
78	173	1.10839
78	174	1.1298
78	175	1.05675
78	176	1.21454
78	177	1.06247
78	178	1.05427
78	179	1.04558
79	26	0.696876
79	50	0.710218
79	69	0.599668
79	71	0.766664
79	99	0.658206
79	151	1.12694
79	152	1.18665
79	153	1.18434
79	161	1.14917
79	165	1.11897
79	166	1.10052
79	167	1.06426
79	170	1.0506
79	175	1.049
79	176	1.20678
79	177	1.05471
79	178	1.04651
79	179	1.03783
80	9	1.23292
80	15	1.07772
80	41	1.22757
80	50	1.18822
80	57	1.17494
80	61	1.13728
80	66	1.17274
80	84	1.20805
80	96	1.17846
80	97	1.14821
80	101	1.17796
80	116	0.592978
80	122	1.18262
80	143	0.793963
80	158	0.619619
80	162	1.09497
80	165	0.785487
80	172	1.10193
80	180	0.833732
81	12	1.17373
81	13	1.17608
81	42	1.10247
81	49	1.22702
81	62	1.14836
81	69	1.22223
81	72	1.21538
81	76	1.21922
81	86	1.09162
81	87	1.09177
81	92	1.18598
81	109	0.635941
81	114	1.18188
81	124	1.16015
81	135	0.722123
81	147	0.908248
81	150	0.701212
81	160	0.718611
81	179	1.04343
82	29	1.13703
82	30	1.13482
82	35	1.18101
82	38	1.13925
82	45	1.22771
82	54	1.17981
82	125	1.15346
82	134	1.18978
82	135	0.686225
82	139	0.776387
82	144	0.495606
82	146	1.17594
82	148	1.16805
82	154	1.13974
82	156	1.16602
82	157	1.18773
82	164	0.981822
82	168	0.900919
82	173	0.895007
83	30	0.980068
83	61	0.893144
83	66	0.878503
83	107	0.892525
83	116	1.11053
83	149	1.06972
83	151	1.03787
83	152	1.09758
83	165	1.02989
83	167	0.975181
83	169	1.05801
83	170	0.961526
83	171	0.990426
83	174	1.03297
83	175	0.959926
83	177	0.96564
83	178	0.957439
83	179	0.948752
83	180	0.991006
84	15	1.09332
84	17	1.09425
84	41	1.24317
84	57	1.19053
84	61	1.15287
84	78	0.695635
84	80	1.20805
84	96	1.19406
84	97	1.16381
84	101	1.19356
84	106	1.16896
84	122	1.19821
84	124	1.17944
84	132	0.585496
84	133	0.666988
84	135	0.771229
84	162	1.11057
84	174	0.865558
84	180	0.990368
85	42	1.1128
85	72	1.22571
85	75	0.518041
85	76	1.22955
85	86	1.10195
85	87	1.1021
85	92	1.19631
85	109	0.498881
85	124	1.17048
85	131	1.18815
85	146	1.17852
85	148	1.17063
85	154	1.14231
85	156	1.16859
85	157	1.19031
85	167	0.882069
85	170	0.988625
85	173	0.793845
85	178	0.898703
86	12	1.0803
86	23	1.10413
86	42	1.00904
86	49	1.13358
86	62	1.05492
86	69	1.12879
86	72	1.12194
86	76	1.12578
86	81	1.09162
86	85	1.10195
86	87	0.99834
86	92	1.09254
86	114	1.08845
86	123	0.737096
86	124	1.06671
86	147	0.927775
86	162	0.899136
86	178	1.05529
86	180	0.960789
87	12	1.08045
87	23	1.10428
87	42	1.00919
87	49	1.13373
87	62	1.05507
87	69	1.12894
87	72	1.1221
87	76	1.12593
87	81	1.09177
87	85	1.1021
87	86	0.99834
87	92	1.0927
87	109	0.782815
87	114	1.0886
87	124	1.06687
87	150	0.848086
87	168	1.08369
87	176	0.774113
87	180	1.08814
88	39	0.767979
88	42	0.756407
88	121	0.589445
88	127	0.556788
88	141	1.23091
88	156	0.511177
88	159	1.13284
88	160	1.16221
88	163	0.397787
88	164	1.09464
88	165	1.1436
88	166	1.12515
88	168	1.10546
88	169	1.17172
88	170	1.07523
88	172	1.05001
88	173	1.12527
88	174	1.14668
88	175	1.07363
88	178	1.07115
88	179	1.06246
89	45	0.826405
89	58	0.822656
89	68	0.85123
89	76	0.76771
89	116	1.13507
89	121	0.780691
89	133	1.18043
89	143	1.03729
89	144	1.18002
89	150	1.08863
89	152	1.12212
89	164	1.00547
89	165	1.05443
89	168	1.01629
89	171	1.01497
89	172	0.960843
89	174	1.05751
89	175	0.984466
89	177	0.99018
89	178	0.98198
89	179	0.973292
90	4	1.18127
90	18	1.16265
90	27	1.12341
90	33	0.529118
90	48	1.19851
90	55	1.27598
90	68	1.21028
90	77	1.10668
90	91	1.16086
90	95	1.14726
90	102	1.14769
90	104	1.1276
90	105	1.19654
90	109	1.1982
90	111	1.17268
90	112	1.17282
90	115	0.668534
90	126	0.734795
90	161	0.76367
90	162	0.830014
90	171	0.921653
90	173	0.88131
91	8	1.20438
91	33	0.527677
91	48	1.19357
91	52	1.16813
91	55	1.27105
91	59	1.14889
91	68	1.20534
91	77	1.10174
91	90	1.16086
91	95	1.14232
91	102	1.14275
91	104	1.12267
91	105	1.1916
91	106	0.646188
91	109	1.19327
91	111	1.16774
91	112	1.16788
91	133	0.566846
91	167	0.968093
91	173	0.879869
91	174	0.765415
91	177	0.966458
92	10	0.74347
92	12	1.17465
92	13	1.177
92	23	1.19848
92	42	1.10339
92	49	1.22794
92	62	1.14928
92	69	1.22315
92	72	1.2163
92	76	1.22014
92	81	1.18598
92	85	1.19631
92	86	1.09254
92	87	1.0927
92	114	1.1828
92	116	0.717698
92	124	1.16107
92	129	0.685197
92	134	0.653628
92	140	0.632264
92	165	0.910207
92	171	0.988437
93	30	0.622674
93	60	0.575139
93	61	0.53575
93	97	0.604815
93	115	1.19342
93	121	0.535381
93	123	1.23133
93	144	1.29586
93	149	1.2101
93	155	1.25579
93	156	0.457113
93	157	0.456426
93	160	1.18888
93	164	1.12131
93	166	1.15182
93	169	1.19839
93	171	1.1308
93	173	1.15194
93	174	1.17335
93	177	1.10602
93	178	1.09782
93	179	1.08913
94	10	0.771263
94	23	0.554717
94	99	1.16192
94	100	0.518787
94	103	1.20197
94	117	1.17713
94	120	1.19377
94	121	1.15239
94	125	1.16234
94	127	1.17714
94	138	1.19128
94	142	1.16976
94	145	1.1589
94	146	1.18482
94	148	1.17693
94	154	1.14862
94	156	1.1749
94	157	1.19661
94	160	0.763593
94	167	1.06411
94	169	0.801386
94	176	0.672221
95	8	1.19078
95	14	0.530607
95	18	1.14412
95	27	1.10488
95	48	1.17998
95	52	1.15453
95	59	1.1353
95	68	1.19175
95	77	1.08814
95	90	1.14726
95	91	1.14232
95	102	1.12915
95	104	1.10907
95	105	1.178
95	109	1.17967
95	111	1.15415
95	112	1.15429
95	129	0.683867
95	130	0.746735
95	152	0.700347
95	155	0.659448
95	170	1.14155
95	178	1.05162
96	7	0.378213
96	9	1.21892
96	15	1.06373
96	16	0.411693
96	17	1.06467
96	41	1.21358
96	50	1.17423
96	57	1.16095
96	61	1.12328
96	66	1.15875
96	80	1.17846
96	84	1.19406
96	97	1.13422
96	101	1.16397
96	106	1.13938
96	113	0.896378
96	122	1.16863
96	124	1.14986
96	162	1.08098
96	166	0.786431
96	173	0.878449
96	175	1.04345
96	178	0.983308
97	9	1.18867
97	15	1.03348
97	17	1.03442
97	22	1.30543
97	41	1.18333
97	50	1.14398
97	56	1.03957
97	57	1.1307
97	66	1.1285
97	80	1.14821
97	84	1.16381
97	93	0.604815
97	96	1.13422
97	101	1.13372
97	106	1.10913
97	122	1.13838
97	124	1.1196
97	128	0.634818
97	132	0.61218
97	147	0.984039
97	151	0.893466
97	162	1.05073
97	172	1.28525
97	176	0.703029
98	4	0.588728
98	43	0.962638
98	54	0.672426
98	62	0.891084
98	63	0.724109
98	72	0.761014
98	132	1.25485
98	135	1.15729
98	143	1.06403
98	152	1.14885
98	155	1.16669
98	158	1.13732
98	160	1.09978
98	166	1.06272
98	167	1.02646
98	168	1.04303
98	169	1.10929
98	172	0.987581
98	174	1.08425
98	175	1.0112
98	177	1.01692
98	178	1.00872
98	179	1.00003
99	64	1.11406
99	79	0.658206
99	94	1.16192
99	103	1.14557
99	110	1.10168
99	120	1.13737
99	125	1.10594
99	128	1.20726
99	142	1.11336
99	145	1.1025
99	146	1.12842
99	147	1.04781
99	148	1.12053
99	150	1.09509
99	154	1.09222
99	156	1.1185
99	157	1.14021
99	163	1.26411
99	165	0.86115
99	168	0.90495
99	169	0.724537
99	173	0.899038
99	174	0.784585
99	180	0.909395
100	6	0.649329
100	43	0.730182
100	44	0.773473
100	45	0.525874
100	58	0.522125
100	94	0.518787
100	115	1.22165
100	121	0.48016
100	124	0.501987
100	139	1.23232
100	158	1.25465
100	160	1.21711
100	161	1.2287
100	164	1.14954
100	166	1.18005
100	167	1.14379
100	169	1.22662
100	171	1.15903
100	172	1.10491
100	174	1.20158
100	175	1.12853
100	177	1.13425
100	178	1.12605
100	179	1.11736
100	180	1.15961
101	9	1.21842
101	15	1.06323
101	17	1.06417
101	22	1.33518
101	23	0.556206
101	41	1.21308
101	50	1.17373
101	56	1.06932
101	57	1.16045
101	61	1.12278
101	66	1.15825
101	80	1.17796
101	84	1.19356
101	96	1.16397
101	97	1.13372
101	106	1.13888
101	109	0.682412
101	115	0.7646
101	122	1.16813
101	123	0.76404
101	124	1.14936
101	134	0.68291
101	162	1.08048
101	167	1.0656
101	176	0.67371
101	178	1.08223
102	8	1.19121
102	18	1.14455
102	27	1.1053
102	48	1.18041
102	52	1.15496
102	55	1.25788
102	59	1.13573
102	68	1.19218
102	74	1.13676
102	77	1.08857
102	90	1.14769
102	91	1.14275
102	95	1.12915
102	104	1.1095
102	105	1.17843
102	106	0.788815
102	109	1.1801
102	111	1.15458
102	112	1.15472
102	126	0.87598
102	128	0.650618
102	136	0.846117
102	144	0.623095
102	150	0.792803
102	161	0.904855
102	166	0.930477
103	94	1.20197
103	99	1.14557
103	107	1.15797
103	117	1.16077
103	118	1.14932
103	121	1.13603
103	122	0.599072
103	125	1.14599
103	126	0.776447
103	127	1.16079
103	131	1.17809
103	134	0.628496
103	137	1.13679
103	138	1.17493
103	142	1.15341
103	145	1.14254
103	146	1.16846
103	150	1.13513
103	153	0.692952
103	154	1.13226
103	156	1.15854
103	157	1.18026
103	161	0.805322
103	165	0.885074
103	168	0.928875
103	170	1.11774
104	4	1.14308
104	8	1.17112
104	18	1.12446
104	27	1.08522
104	48	1.16032
104	52	1.13487
104	55	1.2378
104	59	1.11564
104	68	1.17209
104	74	1.11668
104	77	1.06849
104	90	1.1276
104	91	1.12267
104	95	1.10907
104	102	1.1095
104	105	1.15835
104	109	1.16002
104	111	1.13449
104	112	1.13463
104	123	0.76081
104	140	0.658316
104	150	0.744453
104	151	0.860917
104	155	0.686829
104	174	0.859693
104	177	1.06074
104	180	0.984503
105	4	1.21202
105	18	1.1934
105	27	1.15415
105	48	1.22925
105	52	1.20381
105	55	1.30673
105	59	1.18457
105	68	1.24102
105	74	1.18561
105	77	1.13742
105	90	1.19654
105	91	1.1916
105	95	1.178
105	102	1.17843
105	104	1.15835
105	109	1.22895
105	111	1.20342
105	112	1.20356
105	126	0.672423
105	140	0.503108
105	150	0.589246
105	151	0.70571
105	160	0.606645
105	162	0.767643
105	170	1.01372
105	172	1.09749
105	173	0.818939
106	15	1.03864
106	50	1.14913
106	51	0.760364
106	58	0.745545
106	66	1.13365
106	84	1.16896
106	91	0.646188
106	96	1.13938
106	97	1.10913
106	101	1.13888
106	102	0.788815
106	122	1.14353
106	124	1.12476
106	125	0.702562
106	142	0.678204
106	149	1.1051
106	157	0.624626
106	158	1.12142
106	160	1.08388
106	162	1.05589
106	165	1.06527
106	170	0.996903
106	171	1.0258
106	175	0.995303
106	177	1.00102
106	178	0.992817
106	179	0.984129
107	44	1.0785
107	73	1.10667
107	83	0.892525
107	103	1.15797
107	116	0.706613
107	117	1.13313
107	118	1.12168
107	120	1.14978
107	121	1.10839
107	127	1.13315
107	132	0.542496
107	137	1.10915
107	138	1.14729
107	140	1.17801
107	142	1.12577
107	145	1.1149
107	146	1.14082
107	148	1.13293
107	151	0.823781
107	154	1.10462
107	156	1.1309
107	157	1.15262
107	158	0.733254
107	163	1.27652
107	169	0.76251
107	171	0.977353
107	179	1.04954
108	32	0.625294
108	49	0.488554
108	62	0.757011
108	64	0.690457
108	71	0.648779
108	124	0.60037
108	131	0.497784
108	143	1.14398
108	153	1.2265
108	154	0.62891
108	159	1.15036
108	161	1.19133
108	162	1.15174
108	165	1.16113
108	166	1.14268
108	167	1.10641
108	168	1.12298
108	169	1.18925
108	170	1.09276
108	171	1.12166
108	172	1.06754
108	173	1.1428
108	174	1.1642
108	175	1.09116
108	178	1.08867
108	179	1.07999
108	180	1.12224
109	35	0.589498
109	59	1.18624
109	81	0.635941
109	85	0.498881
109	87	0.782815
109	90	1.1982
109	91	1.19327
109	95	1.17967
109	101	0.682412
109	102	1.1801
109	104	1.16002
109	105	1.22895
109	111	1.20509
109	112	1.20523
109	138	0.658367
109	145	0.638703
109	153	1.18881
109	159	1.11267
109	163	0.450639
109	164	1.07447
109	172	1.02985
109	173	1.10511
109	174	1.12651
109	175	1.05347
109	177	1.05918
109	178	1.05098
109	179	1.0423
110	7	0.468231
110	25	1.11401
110	64	1.11022
110	73	1.09042
110	99	1.10168
110	118	1.10543
110	121	1.09214
110	123	0.755131
110	127	1.1169
110	128	1.20342
110	131	1.13421
110	136	0.792089
110	137	1.09291
110	138	1.13104
110	142	1.10952
110	145	1.09866
110	146	1.12458
110	147	1.04397
110	148	1.11669
110	151	0.855238
110	153	0.738457
110	154	1.08838
110	156	1.11466
110	157	1.13637
110	161	0.850827
110	163	1.26027
110	164	1.05528
110	170	1.16325
111	4	1.18816
111	8	1.2162
111	18	1.16954
111	27	1.1303
111	48	1.2054
111	52	1.17995
111	55	1.28287
111	59	1.16072
111	68	1.21717
111	74	1.16175
111	77	1.11357
111	90	1.17268
111	91	1.16774
111	95	1.15415
111	102	1.15458
111	104	1.13449
111	105	1.20342
111	109	1.20509
111	112	1.17971
111	113	0.964939
111	123	0.733674
111	126	0.800495
111	129	0.684112
111	140	0.63118
111	144	0.54761
111	158	0.743254
111	174	0.832557
111	177	1.0336
112	4	1.1883
112	8	1.21634
112	18	1.16968
112	27	1.13044
112	48	1.20554
112	52	1.18009
112	55	1.28301
112	59	1.16086
112	68	1.21731
112	74	1.16189
112	77	1.11371
112	90	1.17282
112	91	1.16788
112	95	1.15429
112	102	1.15472
112	104	1.13463
112	105	1.20356
112	109	1.20523
112	111	1.17971
112	130	0.657554
112	135	0.648803
112	139	0.738965
112	147	0.834928
112	149	0.722709
112	158	0.653829
112	164	0.944399
112	167	0.945809
112	180	0.867942
113	7	1.21477
113	8	0.797168
113	27	1.03294
113	75	1.12378
113	96	0.896378
113	111	0.964939
113	115	1.02327
113	129	1.11611
113	148	0.92787
113	149	1.03995
113	151	1.0081
113	153	1.06549
113	157	0.876235
113	158	1.05628
113	160	1.01874
113	161	1.03033
113	165	1.00012
113	166	0.981676
113	167	0.945413
113	168	0.961982
113	169	1.02824
113	170	0.931757
113	172	0.906535
113	173	0.981797
113	174	1.0032
113	177	0.935871
113	178	0.927671
113	179	0.918983
113	180	0.961238
114	42	1.0993
114	49	1.22384
114	62	1.14518
114	69	1.21905
114	72	1.2122
114	81	1.18188
114	86	1.08845
114	87	1.0886
114	92	1.1828
114	121	1.13258
114	124	1.15697
114	127	1.15733
114	128	1.24386
114	135	0.671318
114	136	0.703721
114	137	1.13334
114	144	0.480699
114	145	1.13909
114	146	1.16501
114	148	1.15712
114	154	1.12881
114	156	1.15509
114	157	1.1768
114	161	0.76246
114	162	0.828804
114	167	0.968324
114	171	0.920442
114	177	0.966689
114	180	0.890457
115	17	1.01939
115	72	0.772882
115	90	0.668534
115	93	1.19342
115	100	1.22165
115	101	0.7646
115	113	1.02327
115	118	0.823653
115	123	1.10047
115	129	1.15539
115	131	0.643726
115	140	1.14412
115	143	1.02226
115	144	1.16499
115	152	1.10709
115	157	0.64553
115	159	1.02864
115	161	1.06961
115	164	0.990441
115	165	1.0394
115	169	1.06752
115	170	0.971038
115	172	0.945815
115	173	1.02108
115	174	1.04248
115	175	0.969438
115	177	0.975152
115	178	0.966951
115	179	0.958264
116	40	0.880371
116	80	0.592978
116	83	1.11053
116	89	1.13507
116	92	0.717698
116	107	0.706613
116	119	1.20228
116	123	1.15796
116	126	1.13373
116	131	0.626105
116	141	1.18421
116	146	0.590634
116	147	1.08382
116	155	1.18242
116	156	0.628596
116	157	0.627909
116	158	1.15305
116	159	1.08614
116	164	1.04793
116	165	1.0969
116	167	1.04219
116	168	1.05876
116	170	1.02853
116	172	1.00331
116	173	1.07857
116	174	1.09998
116	175	1.02693
116	177	1.03264
116	178	1.02444
116	179	1.01576
117	7	0.47446
117	64	1.12927
117	65	1.14088
117	94	1.17713
117	103	1.16077
117	107	1.13313
117	118	1.12447
117	120	1.15258
117	121	1.11119
117	125	1.12115
117	127	1.13595
117	129	0.711799
117	131	1.15325
117	135	0.765915
117	137	1.11195
117	138	1.15009
117	142	1.12856
117	145	1.1177
117	146	1.14362
117	148	1.13573
117	154	1.10742
117	155	0.687379
117	156	1.1337
117	157	1.15542
117	163	1.27931
117	166	0.882678
117	169	0.800196
117	173	0.974696
117	174	0.860243
117	179	1.08723
118	60	1.11649
118	64	1.11781
118	65	1.12942
118	74	0.665844
118	103	1.14932
118	107	1.12168
118	110	1.10543
118	115	0.823653
118	117	1.12447
118	120	1.14112
118	125	1.10969
118	127	1.12449
118	131	1.1418
118	132	0.641915
118	135	0.827647
118	137	1.1005
118	138	1.13863
118	142	1.11711
118	144	0.637028
118	145	1.10625
118	146	1.13217
118	147	1.05156
118	148	1.12428
118	154	1.09597
118	156	1.12225
118	157	1.14396
118	163	1.26786
118	166	0.944411
118	169	0.861928
118	176	0.732763
118	178	1.14129
119	5	0.882701
119	10	1.16948
119	15	1.01222
119	20	0.516178
119	27	0.645262
119	28	0.737255
119	43	0.817531
119	48	0.504648
119	76	0.554529
119	116	1.20228
119	133	1.24763
119	134	1.20301
119	136	1.19122
119	139	1.15546
119	143	1.1045
119	151	1.12961
119	152	1.18932
119	155	1.20716
119	163	0.375852
119	164	1.07268
119	166	1.10319
119	168	1.0835
119	169	1.14976
119	170	1.05327
119	171	1.08217
119	172	1.02805
119	173	1.10331
119	174	1.12472
119	178	1.04919
119	179	1.0405
119	180	1.08275
120	16	1.2423
120	65	1.15753
120	73	1.12612
120	74	0.51882
120	94	1.19377
120	99	1.13737
120	107	1.14978
120	117	1.15258
120	118	1.14112
120	127	1.15259
120	131	1.1699
120	136	0.713028
120	137	1.1286
120	138	1.16674
120	140	1.19746
120	142	1.14521
120	145	1.13435
120	146	1.16027
120	148	1.15238
120	149	0.75453
120	150	1.12694
120	154	1.12407
120	156	1.15035
120	157	1.17206
120	158	0.68565
120	161	0.771766
120	163	1.29596
120	166	0.797388
120	170	1.08419
120	176	0.58574
120	178	0.994265
120	180	0.899763
121	25	1.10831
121	65	1.11614
121	88	0.589445
121	89	0.780691
121	93	0.535381
121	94	1.15239
121	100	0.48016
121	103	1.13603
121	107	1.10839
121	110	1.09214
121	114	1.13258
121	117	1.11119
121	125	1.09641
121	127	1.11121
121	128	1.19773
121	131	1.12851
121	137	1.08721
121	138	1.12535
121	142	1.10383
121	143	0.907849
121	145	1.09296
121	146	1.11888
121	147	1.03827
121	148	1.11099
121	150	1.08555
121	154	1.08268
121	156	1.10896
121	157	1.13068
121	165	0.899372
121	174	0.822807
121	175	1.10226
121	179	1.04979
122	9	1.22308
122	17	1.06882
122	29	0.724702
122	41	1.21774
122	57	1.1651
122	61	1.12744
122	68	0.683909
122	71	0.683606
122	73	0.749177
122	80	1.18262
122	84	1.19821
122	96	1.16863
122	97	1.13838
122	101	1.16813
122	103	0.599072
122	106	1.14353
122	125	0.612352
122	129	1.21051
122	145	0.609776
122	148	0.586051
122	156	0.535102
122	162	1.08514
122	167	1.03981
122	168	1.05638
122	169	1.12264
122	172	1.00093
122	173	1.07619
122	174	1.0976
122	175	1.02455
122	177	1.03027
122	178	1.02207
122	179	1.01338
123	45	0.769638
123	86	0.737096
123	93	1.23133
123	101	0.76404
123	104	0.76081
123	110	0.755131
123	111	0.733674
123	115	1.10047
123	116	1.15796
123	131	0.643166
123	145	0.720331
123	149	1.11715
123	151	1.0853
123	152	1.14501
123	153	1.14269
123	159	1.06656
123	160	1.09594
123	161	1.10753
123	164	1.02836
123	165	1.07732
123	167	1.02261
123	168	1.03918
123	169	1.10544
123	170	1.00896
123	172	0.983734
123	173	1.059
123	175	1.00736
123	176	1.16514
123	177	1.01307
123	178	1.00487
123	179	0.996183
124	12	1.14882
124	15	1.04911
124	17	1.05005
124	22	1.32107
124	41	1.19897
124	49	1.20211
124	57	1.14633
124	62	1.12345
124	69	1.19732
124	72	1.19047
124	74	0.588502
124	76	1.19431
124	81	1.16015
124	84	1.17944
124	85	1.17048
124	86	1.06671
124	87	1.06687
124	92	1.16107
124	96	1.14986
124	97	1.1196
124	100	0.501987
124	101	1.14936
124	106	1.12476
124	108	0.60037
124	114	1.15697
124	128	0.587211
124	132	0.564573
124	139	0.840468
124	152	0.712669
124	162	1.06636
124	170	1.15387
124	177	1.04568
124	178	1.06395
125	3	0.581632
125	16	1.21087
125	44	1.06652
125	56	1.04077
125	60	1.11316
125	65	1.1261
125	82	1.15346
125	94	1.16234
125	99	1.10594
125	103	1.14599
125	106	0.702562
125	117	1.12115
125	118	1.10969
125	121	1.09641
125	122	0.612352
125	128	1.20769
125	131	1.13847
125	137	1.09717
125	138	1.13531
125	140	1.16603
125	142	1.11378
125	146	1.12884
125	148	1.12095
125	151	0.823013
125	152	0.689824
125	154	1.09264
125	155	0.648925
125	156	1.11892
125	157	1.14063
125	163	1.26453
125	167	1.02447
125	175	1.10124
125	176	0.632576
125	179	1.04877
126	12	0.772481
126	52	0.808971
126	90	0.734795
126	102	0.87598
126	103	0.776447
126	105	0.672423
126	111	0.800495
126	116	1.13373
126	132	1.22678
126	133	1.17909
126	138	0.806816
126	141	1.1404
126	144	1.17868
126	151	1.06107
126	152	1.12078
126	153	1.11846
126	159	1.04233
126	160	1.0717
126	164	1.00413
126	165	1.05309
126	168	1.01495
126	169	1.08121
126	171	1.01363
126	172	0.959502
126	173	1.03476
126	174	1.05617
126	175	0.983125
126	176	1.14091
126	177	0.988839
126	178	0.980639
126	179	0.971951
126	180	1.01421
127	25	1.13307
127	56	1.05556
127	64	1.12928
127	73	1.10949
127	78	0.620228
127	88	0.556788
127	94	1.17714
127	103	1.16079
127	107	1.13315
127	110	1.1169
127	114	1.15733
127	117	1.13595
127	118	1.12449
127	120	1.15259
127	121	1.11121
127	128	1.22248
127	137	1.11197
127	138	1.1501
127	142	1.12858
127	143	0.875192
127	145	1.11772
127	146	1.14364
127	147	1.06303
127	148	1.13575
127	154	1.10744
127	156	1.13372
127	157	1.15543
127	161	0.786963
127	167	0.992828
127	169	0.730103
127	171	0.944946
127	176	0.600937
127	179	1.01713
127	180	0.914961
128	6	0.734552
128	24	0.449686
128	29	0.676716
128	37	0.681939
128	39	0.743918
128	46	0.606561
128	50	0.579173
128	57	0.654808
128	97	0.634818
128	99	1.20726
128	102	0.650618
128	110	1.20342
128	114	1.24386
128	121	1.19773
128	124	0.587211
128	125	1.20769
128	127	1.22248
128	138	1.23662
128	142	1.2151
128	143	1.14549
128	147	1.14955
128	154	1.19396
128	156	1.22024
128	157	1.24195
128	161	1.19283
128	164	1.11367
128	165	1.16263
128	167	1.10792
128	170	1.09426
128	172	1.06904
128	174	1.16571
128	175	1.09266
128	177	1.09838
128	178	1.09018
128	179	1.08149
129	4	0.550474
129	71	0.744599
129	92	0.685197
129	95	0.683867
129	111	0.684112
129	113	1.11611
129	115	1.15539
129	117	0.711799
129	122	1.21051
129	139	1.16606
129	143	1.1151
129	145	0.670769
129	146	0.558133
129	149	1.17207
129	155	1.21776
129	156	0.596095
129	158	1.1884
129	159	1.12148
129	161	1.16245
129	162	1.12286
129	163	0.482705
129	164	1.08328
129	166	1.1138
129	167	1.07753
129	168	1.0941
129	169	1.16036
129	170	1.06388
129	172	1.03865
129	173	1.11392
129	174	1.13532
129	175	1.06228
129	177	1.06799
129	178	1.05979
129	179	1.0511
129	180	1.09336
130	2	0.862218
130	24	0.621532
130	57	0.826654
130	60	0.776988
130	95	0.746735
130	112	0.657554
130	132	1.23074
130	133	1.18306
130	135	1.13318
130	137	0.748974
130	138	0.7533
130	139	1.09088
130	143	1.03992
130	144	1.18265
130	145	0.733636
130	151	1.06504
130	152	1.12474
130	153	1.12243
130	158	1.11321
130	160	1.07567
130	161	1.08726
130	164	1.0081
130	166	1.03861
130	168	1.01892
130	169	1.08518
130	170	0.988692
130	171	1.01759
130	172	0.96347
130	173	1.03873
130	174	1.06014
130	175	0.987093
130	176	1.14488
130	177	0.992807
130	178	0.984606
130	179	0.975919
130	180	1.01817
131	26	1.14861
131	40	1.11467
131	44	1.09862
131	73	1.12679
131	85	1.18815
131	103	1.17809
131	108	0.497784
131	110	1.13421
131	115	0.643726
131	116	0.626105
131	117	1.15325
131	118	1.1418
131	120	1.1699
131	121	1.12851
131	123	0.643166
131	125	1.13847
131	137	1.12927
131	138	1.16741
131	139	0.737882
131	140	1.19813
131	142	1.14589
131	145	1.13502
131	146	1.16094
131	147	1.08033
131	148	1.15305
131	150	1.12761
131	153	0.626491
131	154	1.12474
131	156	1.15102
131	157	1.17274
131	158	0.652746
131	163	1.29663
131	164	0.943316
131	166	0.764483
131	172	1.13505
131	175	1.0215
132	13	0.615135
132	18	0.716266
132	21	0.705215
132	57	0.63217
132	59	0.61731
132	63	0.554238
132	84	0.585496
132	97	0.61218
132	98	1.25485
132	107	0.542496
132	118	0.641915
132	124	0.564573
132	126	1.22678
132	130	1.23074
132	135	1.26606
132	143	1.1728
132	144	1.31553
132	151	1.19792
132	155	1.27546
132	157	0.463792
132	159	1.17918
132	160	1.20855
132	164	1.14098
132	165	1.18994
132	166	1.17149
132	167	1.13523
132	168	1.1518
132	169	1.21806
132	171	1.15047
132	172	1.09635
132	173	1.17161
132	174	1.19302
132	175	1.11997
132	177	1.12569
132	178	1.11749
132	179	1.1088
132	180	1.15105
133	9	0.667836
133	18	0.797758
133	21	0.786707
133	47	0.392678
133	52	0.642464
133	54	0.584047
133	56	0.800712
133	84	0.666988
133	89	1.18043
133	91	0.566846
133	119	1.24763
133	126	1.17909
133	130	1.18306
133	137	0.635982
133	139	1.17607
133	151	1.15023
133	152	1.20994
133	153	1.20762
133	157	0.545284
133	159	1.13149
133	160	1.16087
133	165	1.14225
133	166	1.12381
133	167	1.08754
133	168	1.10411
133	169	1.17037
133	170	1.07389
133	171	1.10279
133	172	1.04866
133	173	1.12393
133	174	1.14533
133	175	1.07229
133	176	1.23007
133	177	1.078
133	178	1.0698
133	179	1.06111
133	180	1.10337
134	13	1.17305
134	20	1.23257
134	29	1.12624
134	30	1.12404
134	32	0.689545
134	35	1.17022
134	36	0.703636
134	37	1.12387
134	38	1.12847
134	45	1.21692
134	47	1.23746
134	54	1.16902
134	55	0.525163
