1	28	1.14464
1	30	1.12957
1	31	0.928335
1	36	1.00807
1	39	1.09954
1	54	1.07839
1	55	1.08534
1	58	1.12892
1	70	1.85771
1	103	0.911386
1	132	1.01702
1	133	0.976611
2	7	0.914588
2	17	0.821555
2	21	1.00424
2	22	1.01638
2	38	0.992277
2	46	0.965265
2	49	0.963896
2	67	0.99523
2	73	0.995113
2	76	0.978994
2	154	1.97144
2	155	1.47707
3	66	1.04507
3	72	1.1032
3	83	1.06973
3	93	1.10751
3	94	1.10018
3	97	1.04359
3	105	1.07665
3	116	1.0419
3	138	1.07497
3	156	1.00965
3	157	1.66059
3	169	1.3327
4	89	1.05894
4	94	1.09365
4	97	1.03705
4	99	1.21426
4	105	1.07012
4	119	1.54766
4	121	1.10004
4	146	1.07089
4	148	1.08872
4	149	1.06018
4	156	1.00312
4	160	1.0683
5	33	0.701256
5	46	0.85727
5	140	1.07108
5	161	0.979503
5	162	0.92748
5	173	0.95465
5	174	0.925691
5	175	0.958856
5	177	0.939411
5	178	0.924213
5	179	0.972905
5	180	0.934393
6	57	1.06234
6	84	1.07287
6	95	1.05588
6	98	1.10713
6	101	1.04723
6	111	1.06309
6	130	0.734282
6	136	1.47618
6	153	1.06989
6	160	1.08713
6	166	1.03513
6	176	1.837
7	2	0.914588
7	11	0.918946
7	22	1.00554
7	37	0.976033
7	38	0.981442
7	49	0.95306
7	61	1.0008
7	67	0.984395
7	73	0.984278
7	81	0.910793
7	156	1.56942
7	175	1.82517
8	13	1.17238
8	31	0.923657
8	36	1.0034
8	39	1.09487
8	45	1.08059
8	54	1.07371
8	58	1.12424
8	104	1.12577
8	132	1.01234
8	164	1.05617
8	176	0.749765
8	178	2.37591
9	34	0.781547
9	140	0.909717
9	163	0.828439
9	165	0.763911
9	171	0.77451
9	172	0.784058
9	173	0.793289
9	176	0.827705
9	177	0.77805
9	178	0.762852
9	179	0.811544
9	180	0.773032
10	25	0.898478
10	27	0.902337
10	42	1.08582
10	44	0.963009
10	47	0.953037
10	64	0.920088
10	75	0.990461
10	77	0.970916
10	85	0.955696
10	104	0.997683
10	161	1.78379
10	176	1.7678
11	7	0.918946
11	17	0.825914
11	21	1.0086
11	22	1.02073
11	37	0.991227
11	46	0.969624
11	49	0.968254
11	61	1.01599
11	73	0.999472
11	81	0.925987
11	135	1.58735
11	164	1.94099
12	41	0.927079
12	138	0.495783
12	155	0.990683
12	162	0.941675
12	165	0.939467
12	167	0.968554
12	168	0.901352
12	171	0.950066
12	172	0.959614
12	175	0.973051
12	176	1.00326
12	180	0.948588
13	8	1.17238
13	31	0.927193
13	36	1.00693
13	39	1.0984
13	45	1.08413
13	54	1.07725
13	55	1.0842
13	58	1.12778
13	132	1.01587
13	161	0.786046
13	175	0.887599
13	178	2.3962
14	34	2.8
14	112	0.950182
14	115	0.966985
14	117	0.973148
14	123	0.962776
14	128	0.998031
14	146	0.961031
14	148	0.97886
14	149	0.950319
14	153	0.941196
14	168	0.817296
14	170	0.891042
14	173	1.14129
15	35	0.96835
15	82	0.947329
15	86	0.946064
15	88	0.999682
15	95	0.912641
15	96	0.984965
15	98	0.963893
15	111	0.919846
15	141	1.55074
15	153	0.92665
15	155	2.08258
15	160	0.943893
15	166	0.891888
16	20	0.302296
16	53	0.0526909
16	112	0.478314
16	163	1.07148
16	164	1.04471
16	167	1.03604
16	171	1.01755
16	172	1.0271
16	173	1.03633
16	176	1.07075
16	178	1.00589
16	179	1.05459
16	180	1.01607
17	2	0.821555
17	11	0.825914
17	21	0.900377
17	22	0.912508
17	37	0.883001
17	38	0.88841
17	46	0.861398
17	49	0.860028
17	61	0.907765
17	73	0.891245
17	76	0.875126
17	81	0.81776
17	170	3.0774
18	32	1.07369
18	71	0.967256
18	83	1.003
18	97	0.976851
18	105	1.00991
18	132	0.933865
18	156	0.942913
18	160	0.593248
18	167	0.934158
18	174	0.90549
18	177	0.91921
18	178	0.904012
18	180	0.914192
19	78	1.01766
19	103	1.00273
19	110	1.08975
19	120	1.05493
19	129	1.07707
19	139	1.05275
19	140	0.54964
19	146	1.05991
19	148	1.07774
19	149	1.0492
19	158	1.71722
19	168	0.916179
19	172	2.02868
20	16	0.302296
20	41	0.982996
20	50	0.968011
20	66	0.925888
20	71	0.914806
20	72	0.984016
20	83	0.950547
20	93	0.988327
20	97	0.924401
20	105	0.957465
20	138	0.955782
20	156	0.890463
20	177	3.00148
21	2	1.00424
21	11	1.0086
21	17	0.900377
21	22	1.0952
21	37	1.06569
21	38	1.0711
21	49	1.04272
21	61	1.09045
21	67	1.07405
21	73	1.07393
21	122	1.15484
21	166	1.49091
21	169	1.56392
22	2	1.01638
22	7	1.00554
22	11	1.02073
22	17	0.912508
22	21	1.0952
22	37	1.07782
22	46	1.05622
22	49	1.05485
22	61	1.10259
22	73	1.08607
22	131	0.755351
22	154	1.75923
22	167	1.70637
23	25	0.892795
23	27	0.896654
23	40	0.973787
23	44	0.957326
23	47	0.947354
23	53	0.936304
23	75	0.984778
23	77	0.965233
23	85	0.950013
23	104	0.992
23	109	0.938169
23	137	1.55977
23	165	2.38812
24	69	0.928676
24	105	1.82476
24	118	0.92792
24	126	0.989688
24	156	0.848053
24	162	0.812419
24	169	0.865797
24	173	0.839588
24	176	0.874004
24	177	0.82435
24	178	0.809152
24	179	0.857844
24	180	0.819331
25	10	0.898478
25	23	0.892795
25	40	0.965284
25	42	1.07164
25	43	0.9502
25	44	0.948823
25	47	0.938851
25	64	0.905902
25	75	0.976275
25	77	0.95673
25	85	0.94151
25	121	1.13877
25	175	2.43965
26	48	0.969201
26	72	0.660032
26	100	1.07422
26	141	1.01685
26	155	0.938546
26	159	0.961599
26	167	0.916417
26	172	0.907476
26	176	0.951123
26	177	0.901469
26	178	0.886271
26	179	0.934963
26	180	0.89645
27	10	0.902337
27	23	0.896654
27	40	0.969143
27	47	0.942711
27	62	0.962491
27	64	0.909761
27	75	0.980134
27	77	0.96059
27	85	0.94537
27	104	0.987356
27	109	0.933525
27	136	1.37367
27	172	2.3723
28	1	1.14464
28	30	1.09601
28	31	0.894774
28	36	0.974512
28	39	1.06598
28	45	1.05171
28	54	1.04483
28	55	1.05178
28	58	1.09536
28	132	0.983455
28	145	0.888227
28	169	1.42743
28	173	1.8945
29	37	1.78492
29	99	0.928259
29	146	0.90148
29	148	0.919309
29	149	0.890768
29	151	0.8935
29	160	0.898887
29	165	0.79586
29	170	0.831491
29	176	0.859654
29	177	0.809999
29	179	0.843493
29	180	0.804981
30	1	1.12957
30	28	1.09601
30	31	0.879698
30	39	1.05091
30	45	1.03663
30	54	1.02975
30	55	1.0367
30	58	1.08028
30	104	1.08182
30	109	0.841924
30	121	0.519295
30	132	0.968379
30	134	2.87252
31	1	0.928335
31	8	0.923657
31	13	0.927193
31	28	0.894774
31	30	0.879698
31	36	0.758205
31	39	0.849675
31	45	0.835404
31	54	0.828523
31	55	0.83547
31	58	0.879053
31	104	0.880584
31	132	0.767147
31	163	3.28813
32	18	1.07369
32	90	1.08026
32	115	1.03865
32	117	1.04482
32	126	0.894403
32	139	1.02554
32	144	1.79576
32	146	1.0327
32	148	1.05053
32	149	1.02199
32	153	1.01286
32	160	1.03011
32	168	0.888964
32	170	0.96271
33	5	0.701256
33	41	1.04349
33	48	1.01896
33	50	1.02851
33	72	1.04451
33	93	1.04882
33	94	1.04149
33	97	0.984898
33	105	1.01796
33	106	1.16437
33	108	1.00555
33	121	1.04789
33	156	0.950961
33	179	1.90626
34	9	0.781547
34	14	2.8
34	126	0.995353
34	143	0.923559
34	155	0.867091
34	158	0.868054
34	164	0.85363
34	165	0.815875
34	169	0.871462
34	174	0.816294
34	176	0.879669
34	178	0.814816
34	179	0.863508
34	180	0.824996
35	15	0.96835
35	80	1.03988
35	84	1.01448
35	86	1.03092
35	88	1.08454
35	95	0.997501
35	96	1.06983
35	101	0.988848
35	111	1.00471
35	130	0.747801
35	154	2.15135
35	160	1.02875
35	166	0.976748
35	170	1.42144
36	1	1.00807
36	8	1.0034
36	13	1.00693
36	28	0.974512
36	31	0.758205
36	39	0.929414
36	45	0.915142
36	54	0.908261
36	55	0.915208
36	58	0.958791
36	104	0.960322
36	124	1.70679
36	132	0.846886
36	159	1.97588
37	7	0.976033
37	11	0.991227
37	17	0.883001
37	21	1.06569
37	22	1.07782
37	29	1.78492
37	38	1.05372
37	46	1.02671
37	61	1.07308
37	73	1.05656
37	76	1.04044
37	81	0.983074
37	109	0.56825
37	178	1.6272
38	2	0.992277
38	7	0.981442
38	17	0.88841
38	21	1.0711
38	37	1.05372
38	46	1.03212
38	49	1.03075
38	61	1.07849
38	73	1.06197
38	76	1.04585
38	81	0.988482
38	137	2.3002
38	145	0.702216
38	167	1.57499
39	1	1.09954
39	8	1.09487
39	13	1.0984
39	28	1.06598
39	30	1.05091
39	31	0.849675
39	36	0.929414
39	45	1.00661
39	55	1.00668
39	58	1.05026
39	132	0.938356
39	158	0.775467
39	168	3.49419
39	177	0.776151
40	23	0.973787
40	25	0.965284
40	27	0.969143
40	42	1.15263
40	43	1.03119
40	53	1.00879
40	64	0.986894
40	75	1.05727
40	77	1.03772
40	85	1.0225
40	109	1.01066
40	145	1.40509
40	163	1.28997
40	170	1.6008
41	12	0.927079
41	20	0.982996
41	33	1.04349
41	48	1.03446
41	66	1.00188
41	71	0.9908
41	83	1.02654
41	93	1.06432
41	94	1.05699
41	105	1.03346
41	125	1.00381
41	138	1.03178
41	155	1.84701
41	156	0.966457
42	10	1.08582
42	25	1.07164
42	40	1.15263
42	43	1.13754
42	47	1.1262
42	53	1.11515
42	64	1.09325
42	75	1.16362
42	77	1.14408
42	85	1.12886
42	122	1.253
42	124	0.872537
42	140	0.906439
42	179	1.73991
43	25	0.9502
43	40	1.03119
43	42	1.13754
43	44	1.01473
43	53	0.993709
43	62	1.02454
43	64	0.97181
43	75	1.04218
43	77	1.02264
43	85	1.00742
43	109	0.995574
43	144	1.49226
43	163	1.13554
43	166	1.71685
44	10	0.963009
44	23	0.957326
44	25	0.948823
44	43	1.01473
44	47	1.00338
44	53	0.992333
44	62	1.02316
44	64	0.970433
44	69	0.93785
44	75	1.04081
44	77	1.02126
44	85	1.00604
44	104	1.04803
44	157	2.00677
44	176	1.76447
45	8	1.08059
45	13	1.08413
45	28	1.05171
45	30	1.03663
45	31	0.835404
45	36	0.915142
45	39	1.00661
45	54	0.98546
45	55	0.992407
45	58	1.03599
45	70	1.74229
45	104	1.03752
45	132	0.924085
45	144	1.03451
45	173	1.79917
46	2	0.965265
46	5	0.85727
46	11	0.969624
46	17	0.861398
46	22	1.05622
46	37	1.02671
46	38	1.03212
46	49	1.00374
46	61	1.05148
46	67	1.03507
46	73	1.03496
46	76	1.01884
46	81	0.96147
46	159	1.46399
46	170	1.64095
47	10	0.953037
47	23	0.947354
47	25	0.938851
47	27	0.942711
47	42	1.1262
47	44	1.00338
47	53	0.982361
47	62	1.01319
47	75	1.03083
47	77	1.01129
47	85	0.99607
47	104	1.03806
47	114	0.67893
47	158	1.8428
47	172	2.15426
48	26	0.969201
48	33	1.01896
48	41	1.03446
48	66	0.977347
48	71	0.966266
48	72	1.03548
48	83	1.00201
48	93	1.03979
48	94	1.03246
48	97	0.97586
48	105	1.00892
48	138	1.00724
48	156	0.941923
48	159	1.25889
48	169	1.77934
49	2	0.963896
49	7	0.95306
49	11	0.968254
49	17	0.860028
49	21	1.04272
49	22	1.05485
49	38	1.03075
49	46	1.00374
49	61	1.05011
49	67	1.0337
49	73	1.03359
49	76	1.01747
49	119	0.947131
49	127	2.03016
49	167	1.68994
50	20	0.968011
50	33	1.02851
50	66	0.986896
50	71	0.975815
50	83	1.01156
50	93	1.04934
50	94	1.04201
50	97	0.985409
50	105	1.01847
50	108	1.00606
50	124	1.283
50	125	1.12139
50	138	1.01679
50	152	1.99371
50	156	0.951472
51	68	1.38025
51	102	0.951175
51	108	0.665429
51	135	0.945503
51	143	0.991314
51	147	0.945939
51	162	0.885839
51	164	0.921385
51	165	0.88363
51	169	0.939217
51	171	0.894229
51	172	0.903777
51	177	0.89777
51	179	0.931263
51	180	0.892751
52	112	1.01181
52	115	1.02862
52	120	1.01768
52	129	1.03982
52	138	1.0202
52	139	1.0155
52	146	1.02266
52	148	1.04049
52	149	1.01195
52	151	1.21444
52	154	0.939705
52	168	0.878927
52	170	0.952673
52	176	1.71487
52	179	1.7071
53	16	0.0526909
53	23	0.936304
53	40	1.00879
53	42	1.11515
53	43	0.993709
53	44	0.992333
53	47	0.982361
53	64	0.949411
53	75	1.01978
53	77	1.00024
53	85	0.98502
53	104	1.02701
53	109	0.973175
53	166	1.39291
53	180	2.75397
54	1	1.07839
54	8	1.07371
54	13	1.07725
54	28	1.04483
54	30	1.02975
54	31	0.828523
54	36	0.908261
54	45	0.98546
54	55	0.985526
54	58	1.02911
54	59	1.31307
54	99	1.33871
54	104	1.03064
54	132	0.917204
54	159	1.56089
55	1	1.08534
55	13	1.0842
55	28	1.05178
55	30	1.0367
55	31	0.83547
55	36	0.915208
55	39	1.00668
55	45	0.992407
55	54	0.985526
55	58	1.03606
55	91	1.27707
55	104	1.03759
55	132	0.924151
55	168	3.40757
55	180	0.691616
56	82	2.62485
56	116	0.902581
56	134	0.817607
56	143	0.920488
56	151	0.910444
56	162	0.815012
56	166	0.863827
56	169	0.868391
56	172	0.832951
56	173	0.842182
56	174	0.813223
56	176	0.876597
56	177	0.826943
56	178	0.811745
56	179	0.860437
56	180	0.821925
57	6	1.06234
57	67	1.00987
57	68	0.939453
57	74	1.0039
57	82	0.982938
57	88	1.03529
57	92	1.0172
57	98	0.999502
57	101	0.939597
57	102	1.38376
57	111	0.955455
57	143	1.68982
57	153	0.962259
57	160	0.979501
57	166	0.927497
57	167	1.92253
58	1	1.12892
58	8	1.12424
58	13	1.12778
58	28	1.09536
58	30	1.08028
58	31	0.879053
58	36	0.958791
58	39	1.05026
58	45	1.03599
58	54	1.02911
58	55	1.03606
58	104	1.08117
58	114	0.966584
58	132	0.967734
58	147	1.54058
58	150	1.4657
58	170	1.37502
59	54	1.31307
59	85	0.816215
59	105	0.0222198
59	135	0.987886
59	150	1.00739
59	151	1.02365
59	157	0.971547
59	161	0.980245
59	163	0.990541
59	167	0.9551
59	171	0.936612
59	174	0.926432
59	175	0.959597
59	176	0.989807
59	177	0.940153
59	179	0.973646
59	180	0.935134
60	73	0.307414
60	82	0.0630309
60	84	0.709181
60	125	1.12182
60	126	1.16115
60	131	1.10191
60	146	0.303619
60	161	1.0359
60	163	1.0462
60	164	1.01943
60	167	1.01076
60	173	1.01105
60	175	1.01526
60	176	1.04547
60	177	0.995812
60	179	1.02931
60	180	0.990793
61	7	1.0008
61	11	1.01599
61	17	0.907765
61	21	1.09045
61	22	1.10259
61	37	1.07308
61	38	1.07849
61	46	1.05148
61	49	1.05011
61	62	0.705486
61	67	1.08144
61	73	1.08132
61	76	1.0652
61	81	1.00784
61	127	1.88119
61	158	1.61934
61	173	1.67447
62	27	0.962491
62	43	1.02454
62	44	1.02316
62	47	1.01319
62	61	0.705486
62	64	0.980242
62	84	1.04235
62	85	1.01585
62	109	1.00401
62	139	0.729684
62	171	0.926204
62	172	0.935752
62	173	0.944983
62	175	0.949189
62	178	0.914546
62	179	0.963238
62	180	0.924726
63	107	1.05466
63	113	0.977292
63	120	1.04903
63	123	1.05576
63	128	1.09101
63	129	1.07117
63	139	1.04685
63	143	0.818883
63	146	1.05401
63	148	1.07184
63	149	1.0433
63	150	1.00127
63	153	1.03418
63	160	1.05142
63	165	2.60515
63	170	0.984024
63	177	2.00398
64	10	0.920088
64	25	0.905902
64	27	0.909761
64	40	0.986894
64	42	1.09325
64	43	0.97181
64	44	0.970433
64	53	0.949411
64	62	0.980242
64	75	0.997885
64	77	0.97834
64	85	0.96312
64	99	0.839091
64	104	1.00511
64	109	0.951276
64	174	2.38604
64	180	2.34888
65	91	0.884434
65	95	1.45331
65	98	0.96305
65	106	0.984088
65	130	1.02919
65	134	0.866472
65	142	0.938911
65	159	0.935939
65	165	0.861669
65	172	0.881816
65	173	0.891047
65	174	0.862088
65	175	0.895253
65	176	0.925463
65	178	0.86061
65	179	0.909302
65	180	0.87079
66	3	1.04507
66	20	0.925888
66	41	1.00188
66	48	0.977347
66	50	0.986896
66	71	0.933691
66	72	1.0029
66	83	0.969432
66	93	1.00721
66	94	0.999882
66	97	0.943286
66	105	0.97635
66	108	0.963936
66	118	1.54907
66	126	1.24245
66	133	1.97048
66	156	0.909348
67	2	0.99523
67	7	0.984395
67	21	1.07405
67	46	1.03507
67	49	1.0337
67	57	1.00987
67	61	1.08144
67	73	1.06492
67	95	1.00341
67	96	1.07574
67	100	0.864581
67	101	0.994762
67	111	1.01062
67	126	0.760454
67	133	1.48849
67	160	1.03467
67	166	0.982662
67	173	2.42647
68	51	1.38025
68	57	0.939453
68	80	0.975378
68	81	0.921015
68	82	0.967683
68	86	0.966417
68	88	1.02004
68	92	1.00194
68	95	0.932995
68	96	1.00532
68	98	0.984247
68	101	0.924342
68	103	1.59354
68	106	1.46563
68	111	0.9402
68	153	0.947003
68	160	0.964246
68	166	0.912242
69	24	0.928676
69	44	0.93785
69	103	0.965146
69	107	0.952175
69	115	0.608053
69	144	0.999519
69	145	1.0264
69	150	0.998083
69	159	0.990975
69	164	0.95446
69	169	0.972292
69	171	0.927304
69	172	0.936853
69	174	0.917124
69	175	0.950289
69	178	0.915647
69	179	0.964339
69	180	0.925826
70	1	1.85771
70	45	1.74229
70	127	0.91567
70	135	0.934472
70	137	0.908053
70	147	0.934907
70	155	0.923815
70	158	0.924778
70	162	0.874807
70	165	0.872598
70	171	0.883197
70	172	0.892746
70	173	0.901977
70	174	0.873017
70	175	0.906182
70	177	0.886738
70	178	0.87154
70	180	0.881719
71	18	0.967256
71	20	0.914806
71	41	0.9908
71	48	0.966266
71	50	0.975815
71	66	0.933691
71	72	0.99182
71	83	0.958351
71	93	0.996131
71	94	0.988801
71	97	0.932204
71	105	0.965268
71	108	0.952855
71	116	1.86941
71	121	0.995194
71	125	1.20906
71	156	0.898267
71	166	2.08721
72	3	1.1032
72	20	0.984016
72	26	0.660032
72	33	1.04451
72	48	1.03548
72	66	1.0029
72	71	0.99182
72	83	1.02756
72	93	1.06534
72	94	1.05801
72	97	1.00141
72	105	1.03448
72	121	1.0644
72	132	1.55237
72	138	1.0328
72	152	1.39135
72	156	0.967477
72	179	1.54801
73	2	0.995113
73	7	0.984278
73	11	0.999472
73	17	0.891245
73	21	1.07393
73	22	1.08607
73	37	1.05656
73	38	1.06197
73	46	1.03496
73	49	1.03359
73	60	0.307414
73	61	1.08132
73	67	1.06492
73	76	1.04868
73	81	0.991318
73	157	1.87671
73	170	1.20532
73	175	1.75195
74	57	1.0039
74	84	1.01443
74	88	1.08448
74	110	1.06113
74	111	1.00465
74	120	1.02631
74	121	1.11125
74	129	1.04845
74	130	1.19186
74	139	1.02413
74	146	1.03129
74	148	1.04912
74	149	1.02057
74	153	1.01145
74	159	1.68854
74	160	1.02869
74	163	1.55467
74	166	0.97669
75	10	0.990461
75	23	0.984778
75	25	0.976275
75	27	0.980134
75	40	1.05727
75	42	1.16362
75	43	1.04218
75	44	1.04081
75	47	1.03083
75	53	1.01978
75	64	0.997885
75	77	1.04871
75	85	1.03349
75	109	1.02165
75	116	1.4116
75	122	1.29333
75	141	1.06261
75	167	2.03597
76	2	0.978994
76	17	0.875126
76	37	1.04044
76	38	1.04585
76	46	1.01884
76	49	1.01747
76	61	1.0652
76	73	1.04868
76	86	1.0206
76	92	1.05613
76	98	1.03843
76	111	0.994384
76	133	1.07963
76	135	1.5889
76	141	0.910759
76	153	1.00119
76	160	1.01843
76	166	0.966425
76	171	2.28789
77	10	0.970916
77	23	0.965233
77	25	0.95673
77	27	0.96059
77	40	1.03772
77	42	1.14408
77	43	1.02264
77	44	1.02126
77	47	1.01129
77	53	1.00024
77	64	0.97834
77	75	1.04871
77	85	1.01395
77	104	1.05594
77	109	1.0021
77	143	1.37429
77	151	0.858593
77	174	2.59864
77	176	1.35902
78	19	1.01766
78	100	0.851194
78	103	0.910046
78	107	0.967867
78	112	0.956376
78	113	0.890504
78	117	0.979343
78	120	0.962245
78	123	0.96897
78	129	0.984385
78	139	0.960064
78	145	1.40681
78	146	0.967225
78	148	0.985054
78	149	0.956513
78	160	0.964633
78	162	3.06103
78	168	0.82349
78	170	0.897236
79	90	1.06929
79	107	1.02237
79	112	1.01088
79	115	1.02769
79	117	1.03385
79	120	1.01675
79	128	1.05873
79	129	1.03889
79	132	1.2479
79	142	1.08628
79	146	1.02173
79	148	1.03956
79	149	1.01102
79	153	1.0019
79	160	1.01914
79	168	0.877998
79	170	0.951744
79	179	1.24354
79	180	2.45376
80	35	1.03988
80	68	0.975378
80	82	1.01886
80	84	1.00116
80	86	1.0176
80	88	1.07122
80	92	1.05312
80	95	0.984175
80	96	1.0565
80	98	1.03543
80	101	0.975522
80	111	0.99138
80	125	0.663738
80	142	1.53547
80	153	0.998184
80	154	2.00131
80	160	1.01543
80	166	0.963422
80	179	1.69272
81	7	0.910793
81	11	0.925987
81	17	0.81776
81	37	0.983074
81	38	0.988482
81	46	0.96147
81	61	1.00784
81	68	0.921015
81	73	0.991318
81	92	0.99876
81	96	1.00214
81	101	0.92116
81	111	0.937018
81	153	0.943821
81	160	0.961064
81	166	0.909059
81	168	4.29824
81	172	1.01764
81	175	1.16563
82	15	0.947329
82	56	2.62485
82	57	0.982938
82	60	0.0630309
82	68	0.967683
82	80	1.01886
82	84	0.993463
82	86	1.0099
82	88	1.06352
82	92	1.04543
82	95	0.976479
82	96	1.0488
82	98	1.02773
82	101	0.967827
82	111	0.983685
82	147	1.04758
82	153	0.990488
82	160	1.00773
82	166	0.955727
82	179	1.30334
83	3	1.06973
83	18	1.003
83	20	0.950547
83	41	1.02654
83	48	1.00201
83	50	1.01156
83	66	0.969432
83	71	0.958351
83	72	1.02756
83	93	1.03187
83	94	1.02454
83	97	0.967945
83	105	1.00101
83	121	1.03093
83	138	0.999326
83	143	1.23111
83	154	1.51667
83	156	0.934008
83	174	2.45547
83	176	1.21584
84	6	1.07287
84	35	1.01448
84	60	0.709181
84	62	1.04235
84	74	1.01443
84	80	1.00116
84	82	0.993463
84	86	0.992197
84	88	1.04582
84	92	1.02772
84	95	0.958775
84	96	1.0311
84	98	1.01003
84	99	1.20794
84	101	0.950122
84	111	0.96598
84	153	0.972784
84	156	1.89798
84	160	0.990026
84	166	0.938022
85	10	0.955696
85	23	0.950013
85	25	0.94151
85	27	0.94537
85	40	1.0225
85	42	1.12886
85	43	1.00742
85	44	1.00604
85	47	0.99607
85	53	0.98502
85	59	0.816215
85	62	1.01585
85	64	0.96312
85	75	1.03349
85	77	1.01395
85	104	1.04072
85	109	0.986884
85	119	1.17525
85	132	1.66668
85	158	1.99643
86	15	0.946064
86	35	1.03092
86	68	0.966417
86	76	1.0206
86	80	1.0176
86	82	1.0099
86	84	0.992197
86	92	1.04416
86	95	0.975214
86	96	1.04754
86	98	1.02647
86	101	0.966561
86	111	0.98242
86	114	1.15488
86	118	1.01448
86	126	0.707859
86	153	0.989223
86	160	1.00647
86	162	3.02182
86	166	0.954461
87	110	1.04233
87	115	1.01845
87	117	1.02461
87	120	1.00751
87	123	1.01424
87	125	1.03027
87	128	1.04949
87	129	1.02965
87	135	2.01977
87	139	1.00533
87	140	1.22578
87	146	1.01249
87	148	1.03032
87	149	1.00178
87	150	1.7286
87	153	0.992659
87	154	0.929538
87	160	1.0099
87	168	0.868759
87	170	0.942505
88	15	0.999682
88	35	1.08454
88	57	1.03529
88	68	1.02004
88	74	1.08448
88	80	1.07122
88	82	1.06352
88	84	1.04582
88	92	1.09778
88	95	1.02883
88	98	1.08008
88	101	1.02018
88	111	1.03604
88	121	0.828951
88	126	0.727743
88	136	1.65146
88	153	1.04284
88	156	1.87409
88	160	1.06008
88	166	1.00808
88	170	1.5832
89	4	1.05894
89	92	0.418741
89	95	1.07672
89	126	1.1263
89	128	0.483499
89	147	1.00913
89	155	0.998037
89	162	0.949029
89	163	1.01135
89	164	0.984575
89	165	0.946821
89	167	0.975908
89	170	0.982452
89	171	0.95742
89	173	0.976199
89	175	0.980405
89	176	1.01061
89	177	0.96096
89	178	0.945762
89	179	0.994454
89	180	0.955942
90	32	1.08026
90	79	1.06929
90	107	1.05768
90	112	1.04619
90	115	1.06299
90	117	1.06916
90	120	1.05206
90	123	1.05878
90	128	1.09404
90	129	1.0742
90	139	1.04988
90	143	0.770179
90	146	1.05704
90	148	1.07487
90	149	1.04633
90	168	0.913304
90	170	0.98705
90	174	1.99453
90	176	0.754912
90	177	1.95528
90	180	1.95737
91	55	1.27707
91	65	0.884434
91	105	2.14769
91	107	0.927266
91	117	0.938742
91	128	0.963625
91	139	0.919463
91	146	0.926625
91	149	0.915913
91	152	0.880187
91	153	0.90679
91	159	0.895274
91	170	0.856636
91	173	0.850383
91	174	0.821423
91	175	0.854588
91	176	0.884798
91	177	0.835144
91	178	0.819946
91	179	0.868638
91	180	0.830125
92	57	1.0172
92	68	1.00194
92	76	1.05613
92	80	1.05312
92	81	0.99876
92	82	1.04543
92	84	1.02772
92	86	1.04416
92	88	1.09778
92	89	0.418741
92	95	1.01074
92	96	1.08306
92	98	1.06199
92	101	1.00209
92	109	1.34957
92	111	1.01794
92	151	0.901873
92	153	1.02475
92	160	1.04199
92	166	0.989986
92	174	2.64192
92	176	1.4023
93	3	1.10751
93	20	0.988327
93	33	1.04882
93	41	1.06432
93	48	1.03979
93	50	1.04934
93	66	1.00721
93	71	0.996131
93	72	1.06534
93	83	1.03187
93	94	1.06232
93	97	1.00573
93	105	1.03879
93	108	1.02638
93	121	1.06871
93	138	1.03711
93	155	1.08488
93	156	0.971788
93	157	1.52072
93	162	2.30784
93	163	0.538505
93	164	1.58482
94	3	1.10018
94	4	1.09365
94	33	1.04149
94	41	1.05699
94	48	1.03246
94	50	1.04201
94	66	0.999882
94	71	0.988801
94	72	1.05801
94	83	1.02454
94	93	1.06232
94	97	0.998396
94	105	1.03146
94	108	1.01905
94	113	1.90625
94	121	1.06138
94	124	0.840525
94	135	1.20398
94	138	1.02978
94	156	0.964458
94	161	1.26722
94	180	2.45368
95	6	1.05588
95	15	0.912641
95	35	0.997501
95	65	1.45331
95	67	1.00341
95	68	0.932995
95	80	0.984175
95	82	0.976479
95	84	0.958775
95	86	0.975214
95	88	1.02883
95	89	1.07672
95	92	1.01074
95	96	1.01412
95	98	0.993044
95	101	0.933139
95	111	0.948997
95	151	1.55985
95	153	0.9558
95	160	0.973043
95	163	1.32036
95	166	0.921039
96	15	0.984965
96	35	1.06983
96	67	1.07574
96	68	1.00532
96	80	1.0565
96	81	1.00214
96	82	1.0488
96	84	1.0311
96	86	1.04754
96	92	1.08306
96	95	1.01412
96	98	1.06537
96	100	0.736326
96	101	1.00546
96	111	1.02132
96	131	1.21369
96	151	1.41631
96	153	1.02812
96	155	1.7232
96	160	1.04537
96	166	0.993363
96	169	1.83115
97	3	1.04359
97	4	1.03705
97	18	0.976851
97	20	0.924401
97	33	0.984898
97	48	0.97586
97	50	0.985409
97	66	0.943286
97	71	0.932204
97	72	1.00141
97	83	0.967945
97	93	1.00573
97	94	0.998396
97	105	0.974863
97	106	0.7753
97	108	0.962449
97	121	1.00479
97	138	0.97318
97	156	0.907862
97	169	1.43935
97	170	1.09586
97	178	3.15109
98	6	1.10713
98	15	0.963893
98	57	0.999502
98	65	0.96305
98	68	0.984247
98	76	1.03843
98	80	1.03543
98	82	1.02773
98	84	1.01003
98	86	1.02647
98	88	1.08008
98	92	1.06199
98	95	0.993044
98	96	1.06537
98	101	0.984391
98	111	1.00025
98	119	1.07518
98	142	1.40499
98	153	1.00705
98	156	1.43181
98	160	1.02429
98	164	1.87641
98	166	0.972291
99	4	1.21426
99	29	0.928259
99	54	1.33871
99	64	0.839091
99	84	1.20794
99	102	0.998183
99	136	1.01202
99	141	1.06016
99	154	0.953302
99	155	0.981855
99	156	0.968481
99	167	0.959725
99	169	0.986225
99	171	0.941237
99	172	0.950785
99	173	0.960017
99	174	0.931057
99	175	0.964222
99	176	0.994432
99	177	0.944778
99	178	0.92958
99	179	0.978272
99	180	0.939759
100	26	1.07422
100	67	0.864581
100	78	0.851194
100	96	0.736326
100	127	1.02821
100	145	1.09483
100	146	0.450197
100	153	0.673729
100	159	1.0594
100	164	1.02289
100	165	0.985134
100	167	1.01422
100	168	0.94702
100	169	1.04072
100	170	1.02077
100	173	1.01451
100	174	0.985553
100	175	1.01872
100	176	1.04893
100	177	0.999274
100	178	0.984076
100	179	1.03277
100	180	0.994255
101	6	1.04723
101	35	0.988848
101	57	0.939597
101	67	0.994762
101	68	0.924342
101	80	0.975522
101	81	0.92116
101	82	0.967827
101	84	0.950122
101	86	0.966561
101	88	1.02018
101	92	1.00209
101	95	0.933139
101	96	1.00546
101	98	0.984391
101	111	0.940344
101	113	2.32751
101	153	0.947148
101	156	1.53429
101	159	1.06644
101	160	0.96439
101	166	0.912386
101	175	1.79003
102	51	0.951175
102	57	1.38376
102	99	0.998183
102	110	1.35051
102	114	0.997392
102	122	0.992832
102	140	1.01159
102	142	0.943026
102	143	0.973468
102	148	0.783003
102	158	0.917963
102	162	0.867992
102	167	0.894871
102	168	0.827669
102	172	0.885931
102	173	0.895162
102	174	0.866203
102	175	0.899368
102	176	0.929578
102	177	0.879924
102	178	0.864725
102	179	0.913417
102	180	0.874905
103	1	0.911386
103	19	1.00273
103	68	1.59354
103	69	0.965146
103	78	0.910046
103	111	1.63683
103	112	0.941451
103	123	0.954045
103	128	0.989301
103	138	0.949841
103	139	0.945139
103	144	0.929494
103	148	0.970129
103	149	0.941588
103	157	0.892214
103	158	0.898859
103	163	0.911208
103	171	0.857279
103	173	0.876058
103	174	0.847099
103	178	0.845622
103	179	0.894313
103	180	0.855801
104	8	1.12577
104	10	0.997683
104	23	0.992
104	27	0.987356
104	30	1.08182
104	31	0.880584
104	36	0.960322
104	44	1.04803
104	45	1.03752
104	47	1.03806
104	53	1.02701
104	54	1.03064
104	55	1.03759
104	58	1.08117
104	64	1.00511
104	77	1.05594
104	85	1.04072
104	132	0.969265
104	144	0.700586
104	157	1.32607
104	166	0.925173
104	174	2.3234
104	177	2.28414
105	3	1.07665
105	4	1.07012
105	18	1.00991
105	20	0.957465
105	24	1.82476
105	33	1.01796
105	41	1.03346
105	48	1.00892
105	50	1.01847
105	59	0.0222198
105	66	0.97635
105	71	0.965268
105	72	1.03448
105	83	1.00101
105	91	2.14769
105	93	1.03879
105	94	1.03146
105	97	0.974863
105	108	0.995513
105	113	1.36624
105	121	1.03785
105	138	1.00624
105	141	0.613432
105	156	0.940925
106	33	1.16437
106	65	0.984088
106	68	1.46563
106	97	0.7753
106	110	0.891658
106	131	1.04089
106	151	1.0183
106	155	0.971874
106	157	0.966192
106	161	0.97489
106	162	0.922866
106	164	0.958413
106	167	0.949745
106	168	0.882543
106	169	0.976245
106	171	0.931257
106	172	0.940805
106	173	0.950036
106	174	0.921077
106	175	0.954242
106	176	0.984452
106	177	0.934797
106	179	0.968291
106	180	0.929779
107	63	1.05466
107	69	0.952175
107	78	0.967867
107	79	1.02237
107	90	1.05768
107	91	0.927266
107	110	1.03996
107	115	1.01608
107	117	1.02224
107	120	1.00514
107	123	1.01187
107	128	1.04712
107	129	1.02728
107	139	1.00296
107	140	0.937568
107	145	1.154
107	146	1.01012
107	148	1.02795
107	149	0.999409
107	154	0.927165
107	155	1.58526
107	160	1.00753
107	168	0.866387
107	170	0.940133
107	171	2.43055
108	33	1.00555
108	50	1.00606
108	51	0.665429
108	66	0.963936
108	71	0.952855
108	93	1.02638
108	94	1.01905
108	97	0.962449
108	105	0.995513
108	112	0.985441
108	120	0.99131
108	121	1.02544
108	123	0.998035
108	127	2.08865
108	129	1.01345
108	138	0.993831
108	139	0.989128
108	143	1.51572
108	146	0.99629
108	148	1.01412
108	149	0.985578
108	156	0.928512
108	160	0.993697
108	161	1.51644
108	167	1.74842
108	170	0.926301
109	23	0.938169
109	27	0.933525
109	30	0.841924
109	37	0.56825
109	40	1.01066
109	43	0.995574
109	53	0.973175
109	62	1.00401
109	64	0.951276
109	75	1.02165
109	77	1.0021
109	85	0.986884
109	92	1.34957
109	112	1.92441
109	113	0.915539
109	150	0.968017
109	158	0.938819
109	171	0.897238
109	172	0.906786
109	173	0.916018
109	174	0.887058
109	175	0.920223
109	177	0.900779
109	178	0.885581
109	179	0.934273
109	180	0.89576
110	19	1.08975
110	74	1.06113
110	87	1.04233
110	102	1.35051
110	106	0.891658
110	107	1.03996
110	113	0.962599
110	115	1.04527
110	117	1.05144
110	120	1.03434
110	123	1.04107
110	128	1.07632
110	129	1.05648
110	131	0.938258
110	133	1.08479
110	138	1.03686
110	139	1.03216
110	146	1.03932
110	148	1.05715
110	149	1.02861
110	151	1.14088
110	153	1.01949
110	154	0.956364
110	160	1.03673
110	168	0.895585
110	170	0.969332
110	173	2.02278
111	6	1.06309
111	15	0.919846
111	35	1.00471
111	57	0.955455
111	67	1.01062
111	68	0.9402
111	74	1.00465
111	76	0.994384
111	80	0.99138
111	81	0.937018
111	82	0.983685
111	84	0.96598
111	86	0.98242
111	88	1.03604
111	92	1.01794
111	95	0.948997
111	96	1.02132
111	98	1.00025
111	101	0.940344
111	103	1.63683
111	114	1.42105
111	130	1.15585
111	131	1.55552
111	145	1.63377
111	153	0.963006
111	160	0.980248
111	166	0.928244
112	14	0.950182
112	16	0.478314
112	52	1.01181
112	78	0.956376
112	79	1.01088
112	90	1.04619
112	103	0.941451
112	108	0.985441
112	109	1.92441
112	113	0.92191
112	115	1.00458
112	117	1.01075
112	120	0.99365
112	123	1.00038
112	128	1.03563
112	129	1.01579
112	130	0.874415
112	139	0.991469
112	146	0.998631
112	148	1.01646
112	149	0.987918
112	150	1.63873
112	154	0.915674
112	160	0.996038
112	168	0.854896
112	170	0.928642
112	179	1.96937
113	63	0.977292
113	78	0.890504
113	94	1.90625
113	101	2.32751
113	105	1.36624
113	109	0.915539
113	110	0.962599
113	112	0.92191
113	125	0.967291
113	127	0.87021
113	131	0.947372
113	133	0.917475
113	139	0.925597
113	145	0.936831
113	146	0.932759
113	148	0.950587
113	149	0.922046
113	154	0.849802
113	167	0.856226
113	168	0.789024
113	170	0.86277
113	171	0.837737
113	173	0.856517
113	175	0.860722
113	176	0.890932
113	178	0.82608
113	179	0.874772
113	180	0.836259
114	47	0.67893
114	58	0.966584
114	86	1.15488
114	102	0.997392
114	111	1.42105
114	117	0.884877
114	126	1.10932
114	135	0.99172
114	145	1.03954
114	152	0.989029
114	155	0.981063
114	158	0.982026
114	159	1.00412
114	164	0.967602
114	165	0.929847
114	167	0.958934
114	168	0.891732
114	169	0.985434
114	171	0.940446
114	172	0.949994
114	173	0.959225
114	174	0.930266
114	175	0.963431
114	176	0.993641
114	177	0.943987
114	178	0.928788
114	179	0.97748
114	180	0.938968
115	14	0.966985
115	32	1.03865
115	52	1.02862
115	69	0.608053
115	79	1.02769
115	87	1.01845
115	90	1.06299
115	107	1.01608
115	110	1.04527
115	112	1.00458
115	117	1.02755
115	120	1.01045
115	122	0.940008
115	123	1.01718
115	128	1.05243
115	129	1.03259
115	139	1.00827
115	145	0.809881
115	146	1.01543
115	148	1.03326
115	149	1.00472
115	153	0.995599
115	154	0.932478
115	160	1.01284
115	165	3.23622
115	168	0.871699
115	170	0.945445
115	175	1.55223
115	179	1.42691
116	3	1.0419
116	56	0.902581
116	71	1.86941
116	75	1.4116
116	131	1.00825
116	145	0.997709
116	147	0.950325
116	148	0.697403
116	151	0.985657
116	152	0.947199
116	157	0.93355
116	158	0.940196
116	159	0.962286
116	161	0.942248
116	162	0.890225
116	164	0.925771
116	165	0.888016
116	169	0.943603
116	170	0.923648
116	172	0.908164
116	173	0.917395
116	174	0.888435
116	175	0.9216
116	176	0.95181
116	177	0.902156
116	178	0.886958
116	179	0.93565
116	180	0.897137
117	14	0.973148
117	32	1.04482
117	78	0.979343
117	79	1.03385
117	87	1.02461
117	90	1.06916
117	91	0.938742
117	107	1.02224
117	110	1.05144
117	112	1.01075
117	114	0.884877
117	115	1.02755
117	118	0.744481
117	123	1.02334
117	128	1.0586
117	129	1.03876
117	131	1.01935
117	138	1.01914
117	139	1.01444
117	144	1.33921
117	146	1.0216
117	148	1.03943
117	149	1.01088
117	153	1.00176
117	154	0.938641
117	158	2.04874
117	168	0.877862
117	170	0.951608
117	171	2.37414
118	24	0.92792
118	66	1.54907
118	86	1.01448
118	117	0.744481
118	125	1.0561
118	129	0.842954
118	134	0.920752
118	137	0.951403
118	138	0.631341
118	140	1.06176
118	143	1.02363
118	145	1.02564
118	147	0.978257
118	151	1.01359
118	152	0.975131
118	155	0.967165
118	157	0.961482
118	163	0.980476
118	164	0.953703
118	167	0.945036
118	170	0.95158
118	172	0.936096
118	173	0.945327
118	174	0.916367
118	175	0.949533
118	177	0.930088
118	178	0.91489
118	179	0.963582
118	180	0.92507
119	4	1.54766
119	49	0.947131
119	85	1.17525
119	98	1.07518
119	126	1.08986
119	131	1.03061
119	133	1.00071
119	137	0.945833
119	142	0.98762
119	143	1.01806
119	144	0.993192
119	149	0.485045
119	150	0.991755
119	151	1.00802
119	159	0.984648
119	161	0.96461
119	162	0.912587
119	163	0.974906
119	165	0.910378
119	169	0.965965
119	171	0.920977
119	173	0.939756
119	174	0.910797
119	175	0.943962
119	176	0.974172
119	177	0.924518
119	178	0.90932
119	179	0.958011
119	180	0.919499
120	19	1.05493
120	52	1.01768
120	63	1.04903
120	74	1.02631
120	78	0.962245
120	79	1.01675
120	87	1.00751
120	90	1.05206
120	107	1.00514
120	108	0.99131
120	110	1.03434
120	112	0.99365
120	115	1.01045
120	123	1.00624
120	129	1.02166
120	136	1.00602
120	137	2.34003
120	139	0.997338
120	142	1.20182
120	146	1.0045
120	148	1.02233
120	149	0.993787
120	153	0.984664
120	154	0.921543
120	157	1.60914
120	159	0.760796
120	160	1.00191
120	168	0.860765
120	170	0.934511
120	180	2.5693
121	4	1.10004
121	25	1.13877
121	30	0.519295
121	33	1.04789
121	71	0.995194
121	72	1.0644
121	74	1.11125
121	83	1.03093
121	88	0.828951
121	93	1.06871
121	94	1.06138
121	97	1.00479
121	105	1.03785
121	108	1.02544
121	123	0.690207
121	138	1.03617
121	153	0.670809
121	155	0.984225
121	156	0.970851
121	162	0.935217
121	163	0.997536
121	167	0.962096
121	172	0.953156
121	174	0.933427
121	175	0.966592
121	176	0.996802
121	177	0.947148
121	178	0.93195
121	179	0.980642
121	180	0.94213
122	21	1.15484
122	42	1.253
122	75	1.29333
122	102	0.992832
122	115	0.940008
122	134	0.93009
122	141	1.05481
122	144	1.0081
122	147	0.987595
122	148	0.579131
122	150	1.00666
122	152	0.984469
122	158	0.977466
122	159	0.999556
122	161	0.979518
122	162	0.927495
122	164	0.963042
122	168	0.887172
122	169	0.980874
122	171	0.935886
122	172	0.945434
122	173	0.954665
122	174	0.925706
122	175	0.958871
122	176	0.98908
122	177	0.939426
122	178	0.924228
122	179	0.97292
122	180	0.934408
123	14	0.962776
123	63	1.05576
123	78	0.96897
123	87	1.01424
123	90	1.05878
123	103	0.954045
123	107	1.01187
123	108	0.998035
123	110	1.04107
123	112	1.00038
123	115	1.01718
123	117	1.02334
123	120	1.00624
123	121	0.690207
123	128	1.04822
123	129	1.02838
123	130	0.770819
123	138	1.00877
123	139	1.00406
123	146	1.01122
123	148	1.02905
123	149	1.00051
123	150	1.53513
123	152	1.70912
123	153	0.991389
123	154	0.928268
123	164	2.17994
123	166	1.71494
123	168	0.86749
123	170	0.941236
124	36	1.70679
124	42	0.872537
124	50	1.283
124	94	0.840525
124	125	1.04632
124	133	0.996501
124	135	0.968037
124	136	0.987542
124	144	0.988978
124	150	0.987541
124	152	0.965346
124	153	0.979009
124	155	0.95738
124	157	0.951697
124	158	0.958343
124	159	0.980433
124	162	0.908372
124	163	0.970691
124	164	0.943919
124	165	0.906164
124	167	0.935251
124	170	0.941795
124	171	0.916763
124	172	0.926311
124	173	0.935542
124	174	0.906583
124	175	0.939748
124	176	0.969957
124	178	0.905105
124	179	0.953797
124	180	0.915285
125	41	1.00381
125	50	1.12139
125	60	1.12182
125	71	1.20906
125	80	0.663738
125	87	1.03027
125	113	0.967291
125	118	1.0561
125	124	1.04632
125	132	0.967186
125	141	1.06792
125	150	1.01977
125	151	1.03603
125	152	0.997574
125	154	0.961055
125	157	0.983925
125	159	1.01266
125	160	0.661758
125	164	0.976146
125	165	0.938392
125	169	0.993978
125	171	0.948991
125	172	0.958539
125	173	0.96777
125	174	0.93881
125	175	0.971975
125	176	1.00219
125	177	0.952531
125	178	0.937333
125	179	0.986025
125	180	0.947513
126	24	0.989688
126	32	0.894403
126	34	0.995353
126	60	1.16115
126	66	1.24245
126	67	0.760454
126	86	0.707859
126	88	0.727743
126	89	1.1263
126	114	1.10932
126	119	1.08986
126	131	1.09795
126	139	0.438965
126	142	1.05496
126	152	1.0369
126	157	1.02325
126	160	0.413962
126	161	1.03195
126	163	1.04224
126	165	0.977717
126	169	1.0333
126	171	0.988316
126	172	0.997864
126	173	1.0071
126	174	0.978136
126	175	1.0113
126	176	1.04151
126	177	0.991857
126	178	0.976658
126	179	1.02535
126	180	0.986838
127	49	2.03016
127	61	1.88119
127	70	0.91567
127	100	1.02821
127	108	2.08865
127	113	0.87021
127	134	0.846114
127	135	0.903184
127	136	0.922689
127	151	0.938951
127	152	0.900493
127	155	0.892527
127	157	0.886845
127	159	0.91558
127	161	0.895542
127	163	0.905839
127	165	0.841311
127	166	0.892334
127	167	0.870398
127	169	0.896898
127	171	0.85191
127	172	0.861458
127	173	0.870689
127	174	0.84173
127	175	0.874895
127	176	0.905104
127	177	0.85545
127	178	0.840252
127	179	0.888944
127	180	0.850432
128	14	0.998031
128	63	1.09101
128	79	1.05873
128	87	1.04949
128	89	0.483499
128	90	1.09404
128	91	0.963625
128	103	0.989301
128	107	1.04712
128	110	1.07632
128	112	1.03563
128	115	1.05243
128	117	1.0586
128	123	1.04822
128	129	1.06364
128	138	1.04402
128	139	1.03932
128	146	1.04648
128	148	1.06431
128	149	1.03577
128	150	0.630565
128	152	0.804548
128	153	1.02664
128	154	0.963524
128	160	1.04389
128	164	1.27538
128	165	2.77051
128	168	0.902745
128	170	0.976491
128	177	2.16934
128	180	2.17143
129	19	1.07707
129	52	1.03982
129	63	1.07117
129	74	1.04845
129	78	0.984385
129	79	1.03889
129	87	1.02965
129	90	1.0742
129	107	1.02728
129	108	1.01345
129	110	1.05648
129	112	1.01579
129	115	1.03259
129	117	1.03876
129	118	0.842954
129	120	1.02166
129	123	1.02838
129	128	1.06364
129	131	1.11782
129	138	1.02418
129	139	1.01948
129	141	1.09549
129	144	1.43768
129	146	1.02664
129	147	1.55735
129	148	1.04447
129	149	1.01593
129	152	1.65645
129	154	0.943683
129	161	1.83686
129	168	0.882905
129	170	0.956651
130	6	0.734282
130	35	0.747801
130	65	1.02919
130	74	1.19186
130	111	1.15585
130	112	0.874415
130	123	0.770819
130	136	1.04714
130	139	0.620785
130	143	1.07345
130	144	1.04858
130	145	1.07546
130	151	1.0634
130	152	1.02494
130	156	1.0036
130	157	1.0113
130	158	1.01794
130	159	1.04003
130	161	1.01999
130	163	1.03029
130	164	1.00352
130	165	0.965762
130	167	0.994849
130	168	0.927648
130	169	1.02135
130	171	0.976361
130	172	0.985909
130	173	0.99514
130	174	0.966181
130	175	0.999346
130	176	1.02956
130	179	1.0134
130	180	0.974883
131	22	0.755351
131	60	1.10191
131	96	1.21369
131	106	1.04089
131	110	0.938258
131	111	1.55552
131	113	0.947372
131	116	1.00825
131	117	1.01935
131	119	1.03061
131	126	1.09795
131	129	1.11782
131	132	0.947268
131	136	0.999851
131	144	1.00129
131	151	1.01611
131	152	0.977655
131	155	0.969689
131	157	0.964007
131	161	0.972704
131	162	0.920681
131	164	0.956228
131	166	0.969496
131	167	0.94756
131	169	0.97406
131	171	0.929072
131	172	0.93862
131	174	0.918892
131	176	0.982267
131	177	0.932612
131	178	0.917414
131	179	0.966106
131	180	0.927594
132	1	1.01702
132	8	1.01234
132	13	1.01587
132	18	0.933865
132	28	0.983455
132	30	0.968379
132	31	0.767147
132	36	0.846886
132	39	0.938356
132	45	0.924085
132	54	0.917204
132	55	0.924151
132	58	0.967734
132	72	1.55237
132	79	1.2479
132	85	1.66668
132	104	0.969265
132	125	0.967186
132	131	0.947268
132	145	0.936727
132	146	1.62721
132	147	0.889342
132	150	0.908411
132	158	0.879213
132	167	0.856121
132	169	0.882621
132	173	0.856412
132	174	0.827453
132	175	0.860618
132	177	0.841173
132	178	0.825975
132	179	0.874667
132	180	0.836155
133	1	0.976611
133	66	1.97048
133	67	1.48849
133	76	1.07963
133	110	1.08479
133	113	0.917475
133	119	1.00071
133	124	0.996501
133	136	0.969954
133	140	1.03438
133	143	0.99626
133	144	0.97139
133	150	0.969953
133	151	0.986216
133	155	0.939792
133	157	0.93411
133	158	0.940755
133	159	0.962846
133	161	0.942808
133	162	0.890784
133	163	0.953104
133	164	0.926331
133	165	0.888576
133	167	0.917663
133	172	0.908723
133	173	0.917954
133	174	0.888995
133	175	0.92216
133	176	0.95237
133	177	0.902715
133	178	0.887517
133	179	0.936209
133	180	0.897697
134	30	2.87252
134	56	0.817607
134	65	0.866472
134	118	0.920752
134	122	0.93009
134	127	0.846114
134	137	0.838496
134	141	0.932567
134	143	0.910726
134	145	0.912735
134	149	2.95775
134	150	0.884419
134	152	0.862224
134	154	0.825706
134	155	0.854258
134	156	0.840884
134	157	0.848576
134	159	0.877312
134	161	0.857274
134	162	0.80525
134	164	0.840797
134	165	0.803042
134	167	0.832129
134	172	0.823189
134	173	0.83242
134	174	0.803461
134	175	0.836626
134	176	0.866836
134	177	0.817182
134	178	0.801983
134	179	0.850675
134	180	0.812163
135	11	1.58735
135	51	0.945503
135	59	0.987886
135	70	0.934472
135	76	1.5889
135	87	2.01977
135	94	1.20398
135	114	0.99172
135	124	0.968037
135	127	0.903184
135	143	0.967797
135	144	0.942927
135	147	0.922421
135	150	0.94149
135	155	0.911329
135	157	0.905646
135	158	0.912292
135	159	0.934382
135	163	0.92464
135	166	0.911136
135	167	0.8892
135	168	0.821998
135	170	0.895744
135	171	0.870711
135	172	0.88026
135	173	0.889491
135	174	0.860531
135	176	0.923906
135	177	0.874252
135	178	0.859054
135	179	0.907746
135	180	0.869233
136	6	1.47618
136	27	1.37367
136	88	1.65146
136	99	1.01202
