1	42	0.981881
1	67	1.10755
1	78	1.01229
1	82	0.88236
1	90	0.974952
1	96	1.00081
1	99	1.01561
1	144	1.0363
1	162	1.05249
1	170	0.975471
1	179	0.949118
1	180	1.00967
2	19	0.984288
2	36	1.03476
2	48	1.09014
2	54	0.939789
2	71	0.905514
2	74	1.07747
2	81	1.03551
2	101	0.984747
2	144	1.03803
2	147	0.927707
2	161	1.0094
2	164	0.97901
3	46	1.09294
3	60	0.928912
3	67	1.1106
3	78	1.01534
3	90	0.978006
3	99	1.01866
3	135	0.97394
3	149	0.964142
3	162	1.05554
3	164	0.959929
3	172	0.976475
3	174	0.929553
4	34	1.04285
4	109	1.04778
4	120	0.912496
4	126	0.969919
4	142	0.995916
4	148	0.913407
4	150	1.02936
4	151	1.01956
4	156	0.955629
4	163	1.05431
4	177	1.02216
4	180	1.03091
5	111	0.988297
5	112	0.981372
5	120	1.06789
5	122	1.0378
5	128	1.01164
5	133	1.02054
5	136	1.06194
5	141	1.06833
5	151	0.981019
5	155	0.907647
5	163	0.919016
5	166	0.958782
6	24	1.01221
6	51	0.953754
6	56	0.921271
6	86	0.998227
6	123	0.930259
6	140	1.02413
6	151	1.03003
6	154	1.04411
6	157	1.02949
6	165	0.975842
6	177	1.03263
6	180	1.04138
7	119	1.01966
7	121	0.91819
7	124	1.02532
7	139	0.986527
7	143	0.97786
7	148	0.95829
7	150	1.02987
7	171	1.02951
7	172	1.02625
7	174	1.03799
7	178	0.951886
7	180	1.03141
8	49	0.907662
8	101	0.962466
8	104	0.998361
8	109	0.952613
8	120	1.06228
8	126	1.03761
8	128	1.00604
8	133	1.01493
8	136	1.05633
8	142	1.04167
8	164	1.02444
8	170	0.936889
9	85	0.894334
9	100	0.988352
9	114	1.03554
9	121	0.931918
9	152	1.02206
9	156	1.01424
9	163	1.04512
9	166	1.02882
9	172	1.01656
9	175	1.0302
9	179	0.964088
9	180	1.02172
10	63	0.985251
10	64	0.955328
10	105	0.983882
10	153	0.956081
10	155	1.04159
10	157	0.974698
10	165	1.01505
10	169	1.04138
10	175	0.936961
10	176	1.04282
10	178	1.03455
10	179	1.04072
11	69	0.992714
11	86	1.01436
11	112	0.972076
11	120	1.05859
11	127	1.03621
11	128	1.00235
11	133	1.01124
11	141	1.05903
11	143	0.944407
11	162	1.0605
11	167	0.912657
11	174	0.932726
12	41	0.945713
12	99	0.975537
12	104	1.00497
12	112	0.982376
12	126	1.04422
12	127	1.04651
12	133	1.02154
12	141	1.06933
12	148	0.937033
12	153	0.99756
12	164	1.03105
12	174	0.944922
13	55	1.0545
13	75	1.06283
13	79	1.0241
13	91	0.961668
13	98	1.05664
13	106	1.00013
13	116	1.04013
13	147	0.921299
13	150	0.981225
13	158	0.976289
13	171	0.982773
13	174	0.942227
14	119	1.19701
14	139	0.90062
14	168	0.885074
14	169	0.907731
14	170	0.886348
14	171	1.19815
14	172	1.20452
14	173	0.903088
14	176	0.909167
14	177	1.20567
14	178	0.900902
14	179	0.907071
15	65	1.11698
15	79	1.0217
15	91	0.959271
15	98	1.05424
15	106	0.997735
15	116	1.03774
15	140	1.01233
15	159	0.955969
15	162	0.909381
15	171	0.991585
15	174	0.951039
15	180	0.995771
16	109	0.950571
16	130	0.989592
16	136	0.924054
16	150	0.963309
16	157	0.995567
16	169	1.04041
16	170	1.01903
16	172	0.971233
16	173	1.03577
16	176	1.04185
16	178	1.03359
16	179	1.03975
17	28	1.19801
17	46	0.964351
17	61	0.943217
17	98	1.03401
17	107	0.981575
17	144	1.05519
17	166	0.969063
17	169	0.98464
17	171	0.960059
17	172	0.956799
17	176	0.986075
17	178	0.977811
17	179	0.983979
18	39	1.0008
18	100	1.05994
18	110	0.985638
18	124	0.968709
18	131	0.963982
18	143	1.06318
18	154	0.977528
18	166	0.981905
18	167	1.03143
18	171	0.972901
18	175	0.983281
18	177	0.966053
18	178	1.03721
19	2	0.984288
19	31	1.0183
19	54	0.878966
19	62	0.956722
19	74	1.01665
19	81	0.974691
19	99	0.956511
19	144	0.977206
19	162	0.993392
19	163	1.05522
19	174	1.05738
19	175	1.0909
19	179	1.04156
20	55	1.03559
20	61	0.924388
20	76	1.05729
20	99	1.07211
20	128	1.10721
20	146	0.968048
20	155	0.988968
20	167	0.971382
20	172	0.960921
20	175	0.974562
20	178	0.981934
20	179	0.988102
20	180	0.966086
21	123	1.02193
21	149	0.968056
21	154	0.974281
21	163	0.994953
21	166	0.978658
21	168	1.05178
21	169	1.03354
21	170	1.05512
21	171	0.969654
21	175	0.980034
21	176	1.03128
21	177	0.962806
21	180	0.971558
22	96	1.05559
22	109	1.05077
22	132	0.973485
22	156	0.950063
22	167	0.970935
22	168	0.965659
22	169	0.988316
22	173	0.983673
22	174	0.972212
22	175	1.05803
22	178	0.981487
22	179	0.987655
22	180	1.06925
23	63	1.06179
23	99	0.955604
23	111	1.09057
23	121	0.976752
23	137	0.976453
23	144	0.976298
23	152	1.0153
23	162	0.992484
23	166	1.01759
23	167	0.964825
23	169	0.982205
23	171	1.02053
23	178	0.975376
24	6	1.01221
24	98	0.991863
24	148	0.97803
24	151	1.07802
24	166	1.05578
24	168	0.95973
24	169	0.982387
24	170	0.961004
24	172	1.06509
24	173	0.977744
24	176	0.983823
24	178	0.975558
24	179	0.981726
25	36	0.975555
25	48	1.03093
25	54	0.88058
25	70	0.96994
25	74	1.01826
25	81	0.976305
25	96	1.08008
25	115	1.00272
25	125	0.969607
25	137	1.03129
25	144	0.978819
25	163	1.04685
25	173	1.0381
26	66	0.905996
26	98	0.822988
26	99	0.879913
26	124	1.11039
26	126	0.897922
26	134	1.10547
26	136	0.84904
26	154	1.11921
26	161	1.10083
26	163	1.13988
26	173	0.838391
26	177	1.10773
26	180	1.11648
27	98	1.00281
27	106	0.946308
27	116	0.986308
27	134	0.967138
27	136	1.05026
27	138	0.987013
27	140	0.960899
27	146	0.980114
27	167	1.03045
27	169	1.03948
27	173	1.03961
27	177	0.969401
27	179	1.0347
28	17	1.19801
28	35	0.943012
28	104	0.888441
28	120	0.952363
28	126	0.927691
28	127	0.929987
28	133	0.905013
28	136	0.946415
28	141	0.952801
28	162	0.954276
28	166	1.13418
28	169	1.08552
28	173	1.08566
28	174	1.09657
29	55	0.960949
29	75	0.969279
29	76	0.93366
29	79	0.930551
29	91	0.86812
29	98	0.963092
29	106	0.906585
29	116	0.946585
29	121	1.08624
29	140	0.921176
29	159	1.13916
29	174	1.13423
29	178	1.11994
29	179	1.11841
30	36	0.841998
30	67	1.30165
30	70	0.836383
30	74	0.884704
30	81	0.842748
30	125	0.83605
30	144	0.845263
30	146	0.830455
30	152	0.828828
30	157	0.816598
30	162	1.41396
30	167	1.43554
30	173	1.44471
30	175	0.836969
31	19	1.0183
31	37	0.953981
31	40	0.951903
31	46	1.12562
31	60	0.961593
31	84	0.900437
31	90	1.01069
31	99	1.05134
31	134	0.986262
31	137	1.07219
31	144	1.07204
31	162	1.08822
31	176	0.906974
31	179	0.904457
32	96	1.12421
32	102	1.12896
32	113	0.933353
32	131	1.14816
32	132	1.04211
32	157	1.1644
32	158	0.91725
32	165	0.919942
32	170	0.924891
32	173	0.941631
32	174	0.930169
32	176	0.947709
32	178	0.939445
32	179	0.945613
33	40	1.1326
33	111	0.88828
33	112	0.881356
33	117	1.12646
33	126	0.943199
33	127	0.945494
33	128	0.911626
33	136	0.961923
33	141	0.968309
33	150	1.13997
33	159	1.1059
33	162	0.969784
33	164	0.930027
33	174	1.10097
34	4	1.04285
34	86	1.16206
34	100	0.920649
34	125	0.926442
34	139	0.934449
34	145	1.11967
34	157	1.15168
34	158	0.912537
34	160	0.943547
34	169	0.941561
34	173	0.936918
34	176	0.942996
34	177	1.1285
34	179	0.9409
35	28	0.943012
35	104	0.986219
35	111	0.970551
35	112	0.963626
35	127	1.02776
35	128	0.993896
35	131	1.00844
35	134	1.01941
35	141	1.05058
35	142	1.06874
35	151	1.01327
35	162	1.05205
35	164	1.0123
35	173	0.942514
35	174	0.953421
36	2	1.03476
36	25	0.975555
36	30	0.841998
36	48	1.07979
36	54	0.929443
36	74	1.06712
36	81	1.02517
36	102	1.01103
36	125	1.01847
36	144	1.02768
36	149	1.0098
36	159	0.98014
36	172	1.02213
36	174	0.975209
36	175	1.00873
37	31	0.953981
37	84	1.06323
37	110	1.00824
37	135	1.03696
37	151	0.986062
37	153	0.993607
37	157	0.985516
37	158	1.02664
37	160	0.97963
37	161	0.981761
37	165	1.01551
37	171	0.995508
37	173	0.98167
37	177	0.98866
37	180	0.997411
38	48	1.05438
38	54	0.904032
38	65	1.07291
38	74	1.04171
38	79	0.977623
38	81	0.999757
38	106	0.953657
38	114	1.00236
38	116	0.993657
38	144	1.00227
38	159	0.995672
38	168	0.997938
38	172	1.03766
38	174	0.990742
38	176	0.97744
39	18	1.0008
39	72	1.05791
39	73	1.04649
39	93	0.997072
39	100	0.985954
39	118	1.03299
39	128	0.973894
39	134	0.974156
39	148	1.00251
39	165	0.980535
39	168	0.984209
39	173	1.00222
39	176	1.0083
39	179	1.00621
39	180	0.952902
40	31	0.951903
40	33	1.1326
40	49	0.971807
40	56	0.958863
40	76	1.00629
40	132	1.0452
40	138	1.00259
40	151	0.982384
40	157	0.981838
40	163	1.01713
40	171	0.99183
40	174	1.00031
40	177	0.984982
40	179	0.974681
40	180	0.993733
41	12	0.945713
41	52	1.10719
41	91	1.09
41	125	0.958998
41	142	0.97168
41	149	1.00317
41	151	0.995327
41	155	0.946138
41	157	0.99478
41	166	1.01378
41	172	1.00151
41	175	1.01515
41	177	0.997924
41	178	0.94537
41	180	1.00668
42	1	0.981881
42	47	1.08188
42	50	1.01004
42	78	0.993449
42	133	1.03316
42	136	0.975559
42	141	0.929438
42	170	0.993048
42	171	0.98985
42	172	0.98659
42	175	1.00023
42	176	1.01587
42	177	0.983002
42	178	1.0076
42	179	1.01377
43	84	0.961235
43	97	0.970852
43	104	1.04762
43	109	1.00733
43	124	1.00162
43	158	0.981886
43	160	1.0129
43	165	0.984578
43	166	1.01868
43	168	0.988252
43	169	1.01091
43	174	0.994805
43	176	1.01235
43	178	1.00408
43	179	1.01025
44	49	1.00566
44	100	1.0328
44	109	1.01519
44	118	0.956597
44	141	0.977976
44	145	0.989475
44	152	0.998657
44	154	1.00105
44	159	1.00916
44	166	1.00542
44	172	0.993158
44	176	1.01105
44	177	0.98957
44	179	1.00854
44	180	0.998322
45	78	1.07633
45	106	1.11768
45	115	1.0124
45	131	0.955503
45	142	0.93133
45	150	0.964778
45	156	1.09303
45	161	0.950676
45	166	0.973426
45	169	1.04765
45	171	0.964422
45	172	0.961162
45	175	0.974802
45	176	1.04539
45	177	0.957574
45	180	0.966326
46	3	1.09294
46	17	0.964351
46	31	1.12562
46	53	0.896355
46	60	0.974085
46	78	1.06051
46	83	0.971957
46	90	1.02318
46	99	1.06384
46	103	1.07442
46	137	1.08469
46	147	0.841975
46	151	0.92275
46	162	1.10072
46	171	0.90345
46	180	0.907636
47	42	1.08188
47	71	1.02182
47	77	1.07499
47	96	1.09601
47	104	0.936242
47	111	0.920574
47	112	0.91365
47	120	1.00016
47	125	1.06427
47	126	0.975493
47	128	0.94392
47	133	0.952815
47	136	0.994216
47	141	1.0006
47	164	0.962321
47	174	1.06494
48	2	1.09014
48	25	1.03093
48	36	1.07979
48	38	1.05438
48	54	0.984817
48	74	1.1225
48	81	1.08054
48	86	0.985191
48	101	0.939672
48	113	0.893589
48	123	0.880912
48	125	1.07384
48	143	0.915241
48	144	1.08306
48	160	0.890613
48	178	0.889267
49	8	0.907662
49	40	0.971807
49	44	1.00566
49	79	0.962365
49	121	1.03171
49	130	0.986337
49	149	0.974769
49	156	0.998907
49	157	1.01144
49	164	0.970555
49	165	1.01083
49	167	1.01978
49	168	1.0145
49	173	1.03252
49	176	1.0386
49	178	1.03033
49	179	1.0365
50	42	1.01004
50	60	1.09861
50	80	0.951543
50	110	0.915733
50	113	1.02545
50	129	0.993911
50	134	0.978367
50	135	0.984447
50	160	1.04036
50	164	0.942756
50	167	1.02099
50	168	1.01572
50	172	0.959302
50	176	1.03981
50	177	0.96045
50	178	1.03155
50	179	1.03771
51	6	0.953754
51	70	1.02062
51	80	1.01557
51	104	0.985015
51	110	0.963072
51	126	1.02426
51	127	1.02656
51	128	0.992692
51	133	1.00159
51	136	1.04299
51	137	0.941995
51	141	1.04937
51	151	1.01957
51	162	1.05085
51	164	1.01109
51	174	0.959719
51	179	0.943901
52	41	1.10719
52	64	1.15829
52	77	1.11646
52	135	0.885744
52	138	1.14426
52	150	1.1454
52	155	0.939878
52	159	0.927838
52	164	1.13678
52	168	0.917015
52	169	0.939673
52	170	0.91829
52	173	0.93503
52	174	0.923568
52	176	0.941108
52	178	0.932844
52	179	0.939012
53	46	0.896355
53	71	1.04763
53	114	1.02573
53	121	0.944334
53	147	1.05366
53	152	1.01225
53	160	0.979376
53	161	0.996261
53	165	1.01526
53	166	1.01901
53	170	1.00286
53	171	1.01001
53	175	1.02039
53	177	1.00316
53	178	0.97803
53	179	0.976505
53	180	1.01191
54	2	0.939789
54	19	0.878966
54	25	0.88058
54	36	0.929443
54	38	0.904032
54	48	0.984817
54	70	0.923827
54	73	1.23345
54	74	0.972148
54	81	0.930193
54	110	1.09849
54	125	0.923495
54	144	0.932707
54	149	1.12972
54	164	1.12551
54	179	1.07931
54	180	1.13987
55	13	1.0545
55	20	1.03559
55	29	0.960949
55	61	1.10557
55	75	1.05078
55	76	1.01516
55	84	0.933134
55	91	0.949618
55	98	1.04459
55	101	0.989084
55	106	0.988083
55	116	1.02808
55	140	1.00267
55	169	0.941931
55	170	0.963508
55	172	0.999895
55	179	0.937154
56	6	0.921271
56	40	0.958863
56	91	1.05757
56	92	0.950694
56	118	1.05107
56	149	0.961825
56	153	0.979874
56	155	1.02515
56	165	0.998615
56	167	1.00757
56	169	1.02495
56	170	1.00356
56	173	1.0203
56	176	1.02638
56	177	0.975306
56	178	1.01812
56	179	1.02429
57	61	1.09842
57	76	1.00801
57	86	0.992223
57	91	0.942468
57	106	0.980933
57	107	0.921541
57	116	1.02093
57	142	1.02591
57	145	0.949829
57	146	0.99322
57	155	1.03566
57	161	0.971352
57	173	1.03081
57	174	1.01935
57	178	1.02863
57	179	1.03479
57	180	0.955324
58	71	1.06677
58	139	0.930849
58	140	1.1738
58	148	0.933603
58	154	1.13003
58	158	0.908936
58	164	1.14027
58	165	0.911629
58	166	1.1475
58	167	0.920579
58	168	0.915303
58	169	0.93796
58	171	1.15044
58	173	0.933317
58	176	0.939396
58	178	0.931131
58	179	0.937299
59	63	0.994788
59	108	1.03691
59	128	1.03348
59	131	1.01771
59	142	0.993537
59	143	0.979439
59	148	0.959869
59	155	0.954232
59	160	0.954811
59	164	1.02173
59	171	1.02663
59	172	1.02337
59	173	0.956851
59	175	1.03701
59	177	1.01978
59	178	0.953465
59	180	1.02853
60	3	0.928912
60	31	0.961593
60	46	0.974085
60	50	1.09861
60	67	0.991743
60	78	0.896484
60	82	1.06253
60	90	0.859149
60	99	0.899806
60	103	0.910386
60	129	1.18035
60	137	0.920655
60	144	0.920501
60	152	1.18042
60	162	0.936687
60	174	1.1451
60	178	1.13081
61	17	0.943217
61	20	0.924388
61	55	1.10557
61	57	1.09842
61	73	0.980086
61	75	1.1139
61	76	1.07828
61	79	1.07517
61	91	1.01274
61	98	1.10771
61	106	1.0512
61	116	1.0912
61	120	0.83297
61	138	0.879628
61	140	1.0658
61	171	0.882316
61	172	0.888692
61	175	0.875289
62	19	0.956722
62	78	0.875845
62	104	1.05605
62	111	1.04038
62	112	1.03346
62	126	1.0953
62	128	1.06373
62	133	1.07262
62	136	1.11403
62	141	1.12041
62	146	0.940841
62	151	0.918059
62	155	0.844687
62	157	0.929469
62	162	1.12189
62	164	1.08213
62	175	0.891732
62	176	0.844911
63	10	0.985251
63	23	1.06179
63	59	0.994788
63	68	1.0774
63	84	1.02948
63	87	1.02487
63	93	1.02793
63	115	0.994387
63	132	1.01513
63	152	0.963997
63	159	0.974504
63	161	0.948012
63	167	1.02061
63	172	0.958498
63	175	0.972138
63	177	0.95491
63	179	1.02486
63	180	0.963662
64	10	0.955328
64	52	1.15829
64	100	1.0192
64	102	0.982937
64	108	0.990776
64	115	0.964465
64	130	1.0431
64	138	0.99126
64	140	0.965146
64	151	0.97105
64	154	0.985123
64	164	0.975598
64	165	1.03369
64	166	0.9895
64	168	1.01795
64	172	0.977235
64	174	0.988972
64	180	0.982399
65	15	1.11698
65	38	1.07291
65	75	1.11566
65	76	1.08004
65	79	1.07693
65	91	1.0145
65	98	1.10947
65	101	0.897548
65	106	1.05297
65	116	1.09297
65	137	0.843712
65	140	1.06756
65	142	0.976756
65	149	0.896026
65	159	0.866367
65	161	0.922197
65	175	0.894956
65	177	0.909507
66	26	0.905996
66	110	1.01892
66	118	1.01647
66	120	1.00677
66	122	1.1322
66	140	1.07948
66	143	0.974045
66	144	1.01044
66	152	1.05089
66	159	0.978514
66	160	0.992334
66	165	0.964017
66	167	0.972968
66	168	0.967691
66	170	0.968966
66	176	0.991784
66	178	0.98352
66	179	0.989688
67	1	1.10755
67	3	1.1106
67	30	1.30165
67	60	0.991743
67	78	1.07817
67	83	0.913957
67	90	1.04084
67	96	1.0667
67	99	1.08149
67	109	0.831163
67	137	1.10234
67	140	0.868811
67	144	1.10219
67	162	1.11838
67	166	0.842513
67	169	0.793862
67	174	0.804904
67	180	0.849636
68	63	1.0774
68	107	1.00654
68	109	1.02185
68	114	1.0072
68	124	1.01613
68	129	0.949171
68	155	0.993841
68	156	0.955382
68	160	0.995621
68	167	0.976255
68	169	0.993635
68	170	0.972252
68	171	1.03613
68	173	0.988992
68	176	0.995071
68	177	1.04366
68	178	0.986806
68	179	0.992975
69	11	0.992714
69	77	1.02892
69	129	0.956286
69	130	0.949928
69	132	0.967831
69	138	1.05672
69	143	0.984447
69	151	1.07871
69	156	0.962497
69	163	1.0167
69	165	0.974419
69	169	1.00075
69	170	0.979368
69	173	0.996108
69	176	1.00219
69	177	1.06693
69	178	0.993922
69	179	1.00009
70	25	0.96994
70	30	0.836383
70	51	1.02062
70	54	0.923827
70	81	1.01955
70	89	1.06492
70	112	1.12011
70	114	1.01911
70	125	1.01285
70	134	0.994283
70	141	0.973392
70	144	1.02207
70	162	0.978112
70	170	1.0303
70	172	1.00013
70	176	1.00647
70	177	0.996546
70	180	1.0053
71	2	0.905514
71	47	1.02182
71	53	1.04763
71	58	1.06677
71	75	0.879759
71	102	1.03367
71	124	1.02703
71	132	1.0846
71	133	0.97309
71	142	0.998132
71	152	1.03346
71	159	1.04397
71	161	1.01748
71	163	1.05652
71	165	0.938686
71	169	0.904709
71	173	0.904844
71	177	1.02438
71	180	1.03313
72	39	1.05791
72	121	1.06062
72	131	0.935113
72	141	1.06224
72	145	0.937089
72	147	0.987681
72	148	1.10072
72	150	0.944388
72	154	0.948659
72	159	0.956778
72	163	0.969331
72	166	0.953036
72	169	1.09757
72	170	1.11915
72	171	0.944032
72	172	0.940771
72	177	0.937184
72	178	1.09432
72	180	0.945936
73	39	1.04649
73	54	1.23345
73	61	0.980086
73	84	1.00385
73	85	1.01162
73	97	0.97334
73	105	1.13759
73	107	0.957644
73	122	0.915626
73	132	0.989502
73	152	0.938367
73	153	0.934227
73	154	0.940755
73	167	1.07712
73	170	1.10772
73	172	0.932867
73	175	0.946508
73	177	0.92928
73	180	0.938032
74	2	1.07747
74	19	1.01665
74	25	1.01826
74	30	0.884704
74	36	1.06712
74	38	1.04171
74	48	1.1225
74	54	0.972148
74	81	1.06787
74	97	0.919822
74	125	1.06118
74	144	1.07039
74	146	1.01267
74	159	0.934975
74	170	0.940579
74	171	0.970591
74	172	0.976967
74	173	0.919138
74	174	0.930045
75	13	1.06283
75	29	0.969279
75	55	1.05078
75	61	1.1139
75	65	1.11566
75	71	0.879759
75	76	1.02349
75	79	1.02038
75	83	1.03193
75	91	0.957947
75	98	1.05292
75	106	0.996412
75	116	1.03641
75	146	1.00551
75	153	0.975518
75	169	0.911839
75	174	0.92288
75	178	0.908587
75	180	0.967612
76	20	1.05729
76	29	0.93366
76	40	1.00629
76	55	1.01516
76	57	1.00801
76	61	1.07828
76	65	1.08004
76	75	1.02349
76	79	0.98476
76	91	0.922329
76	98	1.0173
76	106	0.960793
76	116	1.00079
76	140	0.975384
76	143	0.986348
76	163	0.972511
76	165	0.997602
76	168	0.981863
76	174	0.974667
76	177	1.02274
77	47	1.07499
77	52	1.11646
77	69	1.02892
77	102	0.995396
77	123	0.94628
77	124	0.988763
77	145	0.986012
77	147	1.0366
77	148	0.961038
77	154	0.997582
77	163	1.01825
77	166	1.00196
77	172	0.989695
77	173	0.958021
77	174	1.00143
77	175	1.00334
77	177	0.986107
77	178	0.954634
77	179	0.953109
77	180	0.994859
78	1	1.01229
78	3	1.01534
78	42	0.993449
78	45	1.07633
78	46	1.06051
78	60	0.896484
78	62	0.875845
78	67	1.07817
78	86	1.05814
78	90	0.945578
78	96	0.971437
78	99	0.986235
78	103	0.996816
78	137	1.00708
78	144	1.00693
78	150	1.0155
78	159	0.981434
78	161	1.03726
78	162	1.02312
78	173	0.965597
79	13	1.0241
79	15	1.0217
79	29	0.930551
79	38	0.977623
79	49	0.962365
79	61	1.07517
79	65	1.07693
79	75	1.02038
79	76	0.98476
79	91	0.91922
79	98	1.01419
79	106	0.957684
79	116	0.997684
79	135	1.02544
79	138	1.01891
79	165	1.00399
79	172	1.02798
79	174	0.981056
79	175	1.01458
79	178	0.966764
80	50	0.951543
80	51	1.01557
80	92	1.02149
80	101	1.03415
80	103	1.00174
80	112	0.939613
80	119	1.03745
80	120	1.02613
80	126	1.00146
80	127	1.00375
80	128	0.969883
80	132	0.947006
80	133	0.978778
80	136	1.02018
80	141	1.02657
80	160	0.985087
80	162	1.02804
80	164	0.988285
80	176	0.984733
80	180	1.04277
81	2	1.03551
81	19	0.974691
81	25	0.976305
81	30	0.842748
81	36	1.02517
81	38	0.999757
81	48	1.08054
81	54	0.930193
81	70	1.01955
81	74	1.06787
81	94	0.959206
81	125	1.01922
81	144	1.02843
81	154	1.00144
81	159	0.986226
81	160	0.968348
81	166	1.0189
81	175	1.01481
81	177	1.02937
81	180	1.02603
82	1	0.88236
82	60	1.06253
82	92	0.899754
82	102	0.912112
82	108	0.899738
82	115	1.0457
82	121	1.05932
82	122	0.992925
82	129	1.02031
82	143	1.04847
82	155	1.06498
82	159	1.05294
82	165	1.03845
82	168	1.04212
82	170	1.04339
82	171	0.916842
82	172	0.923218
82	173	1.06013
82	176	1.06621
82	178	1.05795
82	180	0.921029
83	46	0.971957
83	67	0.913957
83	75	1.03193
83	103	1.08746
83	112	1.16827
83	128	1.13365
83	136	1.06767
83	138	0.968749
83	139	0.975453
83	141	1.02155
83	145	0.951041
83	147	1.00163
83	158	0.953541
83	167	0.965184
83	170	0.961182
83	173	0.977922
83	175	0.968364
83	176	0.984
83	177	0.951137
83	179	0.981904
83	180	0.959888
84	31	0.900437
84	37	1.06323
84	43	0.961235
84	55	0.933134
84	63	1.02948
84	73	1.00385
84	86	1.02007
84	95	0.976901
84	115	0.892741
84	131	1.0524
84	145	1.05438
84	148	0.931144
84	157	1.05133
84	160	0.926086
84	161	1.04757
84	163	1.08662
84	168	0.946229
84	171	1.06132
84	172	1.05806
84	175	1.0717
84	179	0.923215
85	9	0.894334
85	73	1.01162
85	111	0.983892
85	115	1.0475
85	129	1.02212
85	146	0.955927
85	156	1.02833
85	157	0.944556
85	163	0.871143
85	165	1.04025
85	166	0.910909
85	168	1.04392
85	169	1.06658
85	170	1.0452
85	171	0.913846
85	173	1.06194
85	174	1.05048
85	176	1.06802
85	177	0.92137
85	178	1.05975
85	179	1.06592
86	6	0.998227
86	11	1.01436
86	34	1.16206
86	48	0.985191
86	57	0.992223
86	78	1.05814
86	84	1.02007
86	87	1.01546
86	102	0.954788
86	122	0.931845
86	132	1.00572
86	135	1.08489
86	143	1.05218
86	150	0.952703
86	157	0.942355
86	163	0.977646
86	168	1.0477
86	171	0.952347
86	172	0.949086
86	177	0.945499
86	180	0.95425
87	63	1.02487
87	86	1.01546
87	98	0.898319
87	110	1.06945
87	112	1.02497
87	125	0.923962
87	131	1.0478
87	136	0.924371
87	139	0.944976
87	149	1.05512
87	153	1.05482
87	157	1.04672
87	165	0.947563
87	167	0.904559
87	171	1.05672
87	172	1.05346
87	175	1.0671
87	176	0.911326
87	177	1.04987
87	179	0.90881
87	180	1.05862
88	113	0.96769
88	115	0.961534
88	120	1.00373
88	150	1.05153
88	153	1.06517
88	154	1.03267
88	157	1.08378
88	158	0.951587
88	159	0.968776
88	160	0.982596
88	161	1.07329
88	165	0.954279
88	167	0.96323
88	168	0.957953
88	169	0.98061
88	171	1.05307
88	173	0.975968
88	175	1.04605
88	176	0.982046
88	178	0.973782
88	179	0.97995
89	70	1.06492
89	91	1.13436
89	92	1.02748
89	107	1.01497
89	123	0.981976
89	135	0.924518
89	139	0.971335
89	143	0.962144
89	154	1.02416
89	155	0.978652
89	160	0.980432
89	166	1.04163
89	169	0.978447
89	170	0.957064
89	173	0.973804
89	174	0.962342
89	176	0.979882
89	177	1.05209
89	178	0.971618
89	179	0.977786
89	180	1.04875
90	1	0.974952
90	3	0.978006
90	31	1.01069
90	46	1.02318
90	60	0.859149
90	67	1.04084
90	78	0.945578
90	96	0.934102
90	99	0.9489
90	103	0.95948
90	117	1.06712
90	127	1.05192
90	132	0.990596
90	137	0.96975
90	144	0.969595
90	152	1.07694
90	158	1.07569
90	162	0.985781
90	164	1.072
90	174	1.04162
90	178	1.02733
91	13	0.961668
91	15	0.959271
91	29	0.86812
91	41	1.09
91	55	0.949618
91	56	1.05757
91	57	0.942468
91	61	1.01274
91	65	1.0145
91	75	0.957947
91	76	0.922329
91	79	0.91922
91	89	1.13436
91	98	0.95176
91	106	0.895253
91	116	0.935253
91	135	1.13359
91	140	0.909845
91	147	1.06828
91	159	1.09414
91	172	1.13613
91	174	1.08921
92	56	0.950694
92	80	1.02149
92	82	0.899754
92	89	1.02748
92	107	1.0337
92	119	1.00234
92	134	1.00308
92	142	0.979093
92	147	1.05583
92	148	0.974441
92	149	1.01059
92	150	1.01254
92	152	1.01442
92	156	1.01666
92	163	1.03748
92	167	0.962261
92	169	0.971288
92	172	1.00893
92	175	1.02257
92	176	0.969028
92	177	1.00534
92	180	1.01409
93	39	0.997072
93	63	1.02793
93	97	0.935902
93	100	1.01205
93	110	0.949476
93	114	0.957741
93	126	0.994748
93	139	1.02586
93	142	1.06144
93	143	1.01666
93	150	0.985122
93	156	0.994714
93	158	1.00394
93	162	0.904467
93	165	1.00664
93	168	1.01031
93	170	1.01158
93	173	1.02832
93	176	1.0344
93	178	1.02614
93	179	1.03231
93	180	0.990856
94	81	0.959206
94	100	1.00868
94	138	0.974641
94	151	0.996629
94	153	0.989421
94	156	0.991336
94	158	1.00057
94	160	1.03157
94	161	0.997543
94	164	0.967158
94	165	1.00326
94	166	0.974392
94	167	1.01221
94	168	1.00693
94	169	1.02959
94	170	1.00821
94	173	1.02495
94	175	0.970302
94	176	1.03102
94	178	1.02276
94	179	1.02893
94	180	0.981515
95	84	0.976901
95	123	1.00416
95	135	0.946705
95	140	1.06065
95	147	0.975811
95	149	1.03133
95	150	1.03574
95	156	0.96238
95	158	0.971609
95	160	1.00262
95	161	1.0575
95	163	0.994583
95	165	0.974302
95	167	0.983252
95	168	0.977976
95	169	1.00063
95	171	1.03729
95	173	0.99599
95	174	0.984529
95	176	1.00207
95	178	0.993804
95	179	0.999972
95	180	1.04147
96	1	1.00081
96	22	1.05559
96	25	1.08008
96	32	1.12421
96	47	1.09601
96	67	1.0667
96	78	0.971437
96	90	0.934102
96	99	0.974759
96	103	0.985339
96	118	0.922186
96	121	0.941955
96	153	0.97488
96	156	1.02428
96	162	1.01164
96	166	0.985784
96	167	0.969875
96	172	0.97352
96	173	0.979037
96	174	0.985256
96	175	0.98716
96	177	0.969932
96	180	0.978684
97	43	0.970852
97	73	0.97334
97	74	0.919822
97	93	0.935902
97	108	1.04109
97	109	1.04958
97	110	1.04355
97	117	1.01776
97	126	0.997273
97	129	0.983897
97	145	1.02387
97	149	1.02921
97	158	0.982711
97	160	0.935702
97	161	1.01707
97	165	0.971584
97	166	1.03982
97	170	0.959184
97	172	1.02755
97	174	1.03929
97	175	1.04119
97	176	0.935348
97	177	1.02396
97	180	1.03272
98	13	1.05664
98	15	1.05424
98	17	1.03401
98	24	0.991863
98	26	0.822988
98	27	1.00281
98	29	0.963092
98	55	1.04459
98	61	1.10771
98	65	1.10947
98	75	1.05292
98	76	1.0173
98	79	1.01419
98	87	0.898319
98	91	0.95176
98	99	0.963178
98	106	0.990225
98	116	1.03022
98	134	0.998549
98	140	1.00482
98	146	1.01519
98	159	0.937493
98	164	0.962938
98	177	0.980633
99	1	1.01561
99	3	1.01866
99	12	0.975537
99	19	0.956511
99	20	1.07211
99	23	0.955604
99	26	0.879913
99	31	1.05134
99	46	1.06384
99	60	0.899806
99	67	1.08149
99	78	0.986235
99	90	0.9489
99	96	0.974759
99	98	0.963178
99	103	1.00014
99	137	1.01041
99	144	1.01025
99	145	1.02872
99	149	1.02408
99	154	1.00963
99	162	1.02644
99	163	0.987331
99	171	1.03003
99	177	1.03756
100	9	0.988352
100	18	1.05994
100	34	0.920649
100	39	0.985954
100	44	1.0328
100	64	1.0192
100	93	1.01205
100	94	1.00868
100	105	0.964348
100	110	0.97067
100	132	0.916289
100	146	1.04995
100	155	1.02205
100	156	0.983595
100	161	1.02808
100	162	0.92566
100	167	1.00447
100	168	0.999191
100	169	1.02185
100	170	1.00047
100	173	1.01721
100	176	1.02328
100	177	1.01539
100	178	1.01502
100	179	1.02119
101	2	0.984747
101	8	0.962466
101	48	0.939672
101	55	0.989084
101	65	0.897548
101	80	1.03415
101	104	1.06153
101	112	1.09533
101	126	1.04361
101	138	1.00418
101	142	0.960324
101	144	0.989857
101	146	0.997282
101	156	0.979744
101	158	0.988973
101	163	1.01872
101	167	1.00062
101	170	0.996614
101	173	1.01335
101	174	1.00189
101	175	1.0038
101	176	1.01943
101	177	0.986569
101	178	1.01117
101	179	1.01734
102	32	1.12896
102	36	1.01103
102	64	0.982937
102	71	1.03367
102	77	0.995396
102	82	0.912112
102	86	0.954788
102	110	1.00878
102	132	1.04942
102	145	0.989098
102	146	0.999907
102	148	0.986799
102	158	1.02875
102	161	0.982295
102	163	1.02134
102	167	0.974619
102	170	1.00522
102	171	0.996041
102	172	0.99278
102	173	0.983781
102	175	1.00642
102	176	0.981386
102	177	0.989193
102	179	0.978869
102	180	0.997945
103	46	1.07442
103	60	0.910386
103	78	0.996816
103	80	1.00174
103	83	1.08746
103	90	0.95948
103	96	0.985339
103	99	1.00014
103	111	0.955515
103	120	1.0351
103	124	0.998954
103	127	1.01273
103	128	0.97886
103	133	0.987755
103	136	1.02916
103	141	1.03554
103	154	0.998552
103	161	1.03917
103	162	1.03702
103	168	0.985606
103	171	1.01896
103	173	0.967503
103	174	0.97841
103	176	0.965108
103	179	0.962592
104	8	0.998361
104	12	1.00497
104	28	0.888441
104	35	0.986219
104	43	1.04762
104	47	0.936242
104	51	0.985015
104	62	1.05605
104	101	1.06153
104	109	1.05167
104	110	1.02877
104	111	0.91598
104	120	0.99557
104	121	0.977424
104	126	0.970898
104	127	0.973194
104	133	0.94822
104	135	1.0698
104	136	0.989622
104	141	0.996008
104	155	1.01189
104	162	0.997483
104	163	1.02326
104	164	0.957726
104	172	1.07234
104	175	1.05893
105	10	0.983882
105	73	1.13759
105	100	0.964348
105	123	0.988789
105	129	0.940796
105	137	0.979508
105	143	0.968957
105	144	0.994149
105	147	0.978348
105	154	1.01942
105	155	0.985465
105	157	1.07053
105	160	0.987245
105	165	0.958928
105	168	0.962602
105	169	0.98526
105	170	0.963877
105	171	1.03982
105	172	1.0462
105	173	0.980617
105	175	1.03279
105	176	0.986695
105	177	1.04735
105	178	0.978431
105	179	0.984599
105	180	1.04401
106	13	1.00013
106	15	0.997735
106	27	0.946308
106	29	0.906585
106	38	0.953657
106	45	1.11768
106	55	0.988083
106	57	0.980933
106	61	1.0512
106	65	1.05297
106	75	0.996412
106	76	0.960793
106	79	0.957684
106	91	0.895253
106	98	0.990225
106	113	1.00789
106	116	0.973718
106	132	0.966829
106	140	0.948309
106	145	1.05709
106	167	0.997789
106	171	1.0584
106	172	1.06478
106	174	1.01786
106	175	1.05138
106	177	1.06593
107	17	0.981575
107	57	0.921541
107	68	1.00654
107	73	0.957644
107	89	1.01497
107	92	1.0337
107	130	1.00216
107	131	1.0062
107	133	1.02716
107	139	0.990169
107	143	0.981502
107	145	1.00817
107	146	1.01898
107	147	1.05877
107	151	1.00567
107	152	1.01735
107	153	1.01322
107	158	1.00388
107	159	1.02786
107	161	1.00137
107	162	0.928164
107	169	0.95878
107	171	1.01512
107	172	1.01186
107	175	1.0255
107	178	0.955528
107	180	1.01702
108	59	1.03691
108	64	0.990776
108	82	0.899738
108	97	1.04109
108	112	1.08266
108	118	0.914555
108	125	0.981647
108	131	0.994961
108	138	1.01464
108	147	1.04753
108	148	0.974424
108	149	1.00228
108	150	1.00424
108	153	1.00198
108	155	0.968787
108	156	1.01665
108	158	1.01637
108	163	1.02918
108	164	0.998982
108	166	1.01288
108	170	0.992848
108	171	1.00388
108	172	1.00062
108	173	0.971406
108	175	1.01426
108	178	0.96802
108	180	1.00578
109	4	1.04778
109	8	0.952613
109	16	0.950571
109	22	1.05077
109	43	1.00733
109	44	1.01519
109	67	0.831163
109	68	1.02185
109	97	1.04958
109	104	1.05167
109	142	0.979275
109	145	1.00542
109	146	1.01623
109	149	1.01077
109	150	1.01272
109	151	1.00292
109	156	1.01946
109	157	1.00238
109	160	0.972184
109	161	0.998621
109	164	1.00747
109	167	0.965062
109	172	1.00911
109	175	1.02275
109	176	0.971829
109	177	1.00552
109	180	1.01427
110	18	0.985638
110	37	1.00824
110	50	0.915733
110	51	0.963072
110	54	1.09849
110	66	1.01892
110	87	1.06945
110	93	0.949476
110	97	1.04355
110	100	0.97067
110	102	1.00878
110	104	1.02877
110	127	0.972525
110	144	0.957098
110	152	1.00858
110	153	1.00444
110	154	1.01096
110	157	0.996345
110	166	1.01534
110	170	0.972759
110	171	1.00634
110	172	1.00308
110	174	1.01481
110	175	1.01672
110	176	0.948923
110	177	0.999489
110	180	1.00824
111	5	0.988297
111	23	1.09057
111	33	0.88828
111	35	0.970551
111	47	0.920574
111	62	1.04038
111	85	0.983892
111	103	0.955515
111	104	0.91598
111	112	0.893387
111	120	0.979902
111	124	1.09001
111	126	0.95523
111	127	0.957525
111	128	0.923657
111	133	0.932552
111	136	0.973954
111	138	1.10732
111	141	0.98034
111	145	1.1087
111	153	1.1221
111	162	0.981815
111	164	0.942058
111	168	1.07666
111	174	1.06946
111	175	1.10298
111	179	1.05365
112	5	0.981372
112	11	0.972076
112	12	0.982376
112	33	0.881356
112	35	0.963626
112	47	0.91365
112	62	1.03346
112	70	1.12011
112	80	0.939613
112	83	1.16827
112	87	1.02497
112	101	1.09533
112	108	1.08266
112	111	0.893387
112	113	1.04925
112	114	1.07083
112	117	1.08471
112	120	0.972977
112	126	0.948305
112	127	0.950601
112	128	0.916732
112	136	0.967029
112	141	0.973415
112	162	0.974891
112	164	0.935134
112	174	1.05922
112	176	1.04591
113	32	0.933353
113	48	0.893589
113	50	1.02545
113	88	0.96769
113	106	1.00789
113	112	1.04925
113	117	0.974392
113	118	1.05596
113	138	0.986759
113	139	1.02273
113	143	1.01354
113	147	0.927972
113	148	1.02548
113	156	0.991587
113	161	1.00966
113	164	0.979276
113	165	1.00351
113	169	1.02984
113	170	1.00846
113	171	0.989447
113	172	0.995822
113	173	1.0252
113	174	1.01374
113	176	1.03128
113	177	0.99697
113	178	1.02301
113	179	1.02918
114	9	1.03554
114	38	1.00236
114	53	1.02573
114	68	1.0072
114	70	1.01911
114	93	0.957741
114	112	1.07083
114	121	0.9225
114	129	1.00574
114	133	1.02783
114	141	0.924111
114	142	0.976226
114	146	1.01318
114	149	1.00772
114	153	1.00742
114	160	0.957542
114	161	0.995572
114	163	1.03462
114	166	1.01832
114	171	1.00932
114	172	1.00606
114	173	0.959583
114	174	1.01779
114	175	1.0197
114	176	0.957188
114	177	1.00247
114	180	1.01122
115	25	1.00272
115	45	1.0124
115	63	0.994387
115	64	0.964465
115	82	1.0457
115	84	0.892741
115	85	1.0475
115	88	0.961534
115	121	1.01823
115	122	1.02921
115	134	0.978566
115	142	1.0279
115	146	0.995207
115	156	0.985432
115	158	0.994661
115	160	1.02567
115	165	0.997353
115	166	0.950189
115	167	1.0063
115	169	1.02368
115	170	1.0023
115	173	1.01904
115	174	1.00758
115	176	1.02512
115	177	0.960649
115	178	1.01686
115	179	1.02302
116	13	1.04013
116	15	1.03774
116	27	0.986308
116	29	0.946585
116	38	0.993657
116	55	1.02808
116	57	1.02093
116	61	1.0912
116	65	1.09297
116	75	1.03641
116	76	1.00079
116	79	0.997684
116	91	0.935253
116	98	1.03022
116	106	0.973718
116	119	0.994214
116	140	0.988309
116	151	1.01465
116	152	0.990121
116	158	0.988865
116	159	0.959734
116	161	1.01556
116	163	0.952647
116	166	0.992413
116	172	1.00173
116	173	0.943897
116	174	0.954803
117	33	1.12646
117	90	1.06712
117	97	1.01776
117	112	1.08471
117	113	0.974392
117	132	1.03392
117	137	0.966639
117	138	0.991307
117	139	1.00471
117	140	0.965193
117	142	0.94745
117	147	1.02419
117	151	0.971097
117	152	0.982782
117	153	0.978642
117	156	1.0187
117	158	1.01843
117	163	1.00584
117	164	0.975645
117	166	0.989547
117	167	0.964295
117	170	0.994899
117	171	0.980543
117	174	0.989019
117	175	0.990923
117	177	0.973695
117	178	0.970071
117	180	0.982446
118	39	1.03299
118	44	0.956597
118	56	1.05107
118	66	1.01647
118	96	0.922186
118	108	0.914555
118	113	1.05596
118	128	0.956839
118	131	0.946135
118	135	1.01496
118	138	0.928972
118	146	0.973742
118	148	1.06453
118	150	0.930112
118	153	0.943752
118	157	0.96237
118	158	1.03986
118	160	1.07087
118	162	0.849457
118	165	1.04255
118	167	1.0515
118	168	1.04623
118	169	1.06888
118	170	1.0475
118	173	1.06424
118	175	0.924633
118	176	1.07032
118	178	1.06206
119	7	1.01966
119	14	1.19701
119	80	1.03745
119	92	1.00234
119	116	0.994214
119	122	0.963249
119	131	0.974832
119	133	1.05562
119	137	0.980558
119	138	0.994515
119	146	0.987617
119	150	0.984107
119	152	0.98599
119	154	0.988378
119	155	0.984757
119	160	0.985335
119	161	0.970005
119	163	1.00905
119	166	0.992755
119	167	0.978214
119	170	1.00882
119	171	0.983751
119	172	0.98049
119	174	0.992227
119	175	0.994131
119	176	0.984981
119	177	0.976903
119	178	0.98399
120	4	0.912496
120	5	1.06789
120	8	1.06228
120	11	1.05859
120	28	0.952363
120	47	1.00016
120	61	0.83297
120	66	1.00677
120	80	1.02613
120	88	1.00373
120	103	1.0351
120	104	0.99557
120	111	0.979902
120	112	0.972977
120	122	1.0667
120	127	1.03712
120	128	1.00325
120	133	1.01214
120	136	1.05354
120	141	1.05993
120	144	0.944945
120	145	0.989309
120	159	0.955002
120	161	1.01083
120	162	1.06141
120	164	1.02165
120	174	0.950072
120	177	0.998142
120	179	0.934254
121	7	0.91819
121	9	0.931918
121	23	0.976752
121	29	1.08624
121	49	1.03171
121	53	0.944334
121	72	1.06062
121	82	1.05932
121	96	0.941955
121	104	0.977424
121	114	0.9225
121	115	1.01823
121	123	1.04084
121	130	0.986485
121	133	0.968222
121	145	0.95012
121	148	1.03295
121	152	0.946201
121	155	1.03751
121	158	1.00828
121	160	1.03929
121	165	1.01098
121	168	1.01465
121	170	1.01592
121	174	1.0212
121	176	1.03874
121	178	1.03048
121	179	1.03665
121	180	0.955615
122	5	1.0378
122	66	1.1322
122	73	0.915626
122	82	0.992925
122	86	0.931845
122	115	1.02921
122	119	0.963249
122	120	1.0667
122	124	0.968906
122	131	0.964179
122	137	1.05778
122	146	0.976964
122	149	0.9715
122	150	0.973454
122	151	0.963653
122	157	0.963106
122	161	0.959352
122	162	1.03384
122	163	0.998397
122	166	0.982102
122	167	1.05543
122	169	1.06446
122	171	0.973098
122	172	0.969838
122	175	0.983478
122	176	1.0622
122	177	0.96625
122	178	1.06121
122	180	0.975002
123	6	0.930259
123	21	1.02193
123	48	0.880912
123	77	0.94628
123	89	0.981976
123	95	1.00416
123	105	0.988789
123	121	1.04084
123	130	0.995467
123	135	0.992362
123	138	0.974082
123	140	1.00013
123	143	1.02999
123	148	1.04193
123	149	0.970813
123	152	0.971542
123	155	1.0465
123	158	1.01727
123	160	1.04828
123	164	0.9666
123	167	1.02891
123	168	1.02363
123	170	1.02491
123	172	0.983146
123	173	1.04165
123	176	1.04773
123	177	0.984294
123	179	1.04563
123	180	0.980957
124	7	1.02532
124	18	0.968709
124	26	1.11039
124	43	1.00162
124	68	1.01613
124	71	1.02703
124	77	0.988763
124	103	0.998954
124	111	1.09001
124	122	0.968906
124	125	0.978751
124	129	1.01466
124	132	1.04278
124	134	0.980298
124	142	0.956315
124	143	0.991097
124	148	0.971527
124	153	0.987507
124	154	0.994035
124	161	0.975662
124	163	1.01471
124	165	1.00235
124	166	0.998412
124	169	0.968375
124	170	0.989951
124	171	0.989408
124	174	0.997884
124	176	0.966115
124	177	0.98256
124	180	0.991311
125	25	0.969607
125	30	0.83605
125	34	0.926442
125	36	1.01847
125	41	0.958998
125	47	1.06427
125	48	1.07384
125	54	0.923495
125	70	1.01285
125	74	1.06118
125	81	1.01922
125	87	0.923962
125	108	0.981647
125	124	0.978751
125	130	0.976819
125	139	1.02053
125	140	1.02211
125	142	1.07352
125	144	1.02173
125	151	1.01805
125	160	1.02963
125	164	0.988581
125	167	1.01026
125	172	1.00513
125	173	1.023
125	175	0.991725
125	176	1.02908
125	178	1.02081
125	179	1.02698
125	180	1.00294
126	4	0.969919
126	8	1.03761
126	12	1.04422
126	26	0.897922
126	28	0.927691
126	33	0.943199
126	47	0.975493
126	51	1.02426
126	62	1.0953
126	80	1.00146
126	93	0.994748
126	97	0.997273
126	101	1.04361
126	104	0.970898
126	111	0.95523
126	112	0.948305
126	127	1.01244
126	128	0.978575
126	133	0.98747
126	136	1.02887
126	141	1.03526
126	159	1.01243
126	162	1.03673
126	164	0.996977
126	169	0.996454
126	174	1.0075
126	175	1.04101
126	176	0.994194
126	178	0.993203
126	180	1.05223
127	11	1.03621
127	12	1.04651
127	28	0.929987
127	33	0.945494
127	35	1.02776
127	51	1.02656
127	80	1.00375
127	90	1.05192
127	103	1.01273
127	104	0.973194
127	110	0.972525
127	111	0.957525
127	112	0.950601
127	120	1.03712
127	126	1.01244
127	128	0.980871
127	131	1.02419
127	133	0.989766
127	136	1.03117
127	145	1.00841
127	147	0.948244
127	149	1.00376
127	156	1.00351
127	162	1.03903
127	164	0.999272
127	165	0.992107
127	166	1.00678
127	171	1.00972
127	174	0.969172
127	177	1.01724
128	5	1.01164
128	8	1.00604
128	11	1.00235
128	20	1.10721
128	33	0.911626
128	35	0.993896
128	39	0.973894
128	47	0.94392
128	51	0.992692
128	59	1.03348
128	62	1.06373
128	80	0.969883
128	83	1.13365
128	103	0.97886
128	111	0.923657
128	112	0.916732
128	118	0.956839
128	120	1.00325
128	126	0.978575
128	127	0.980871
128	133	0.955897
128	136	0.997299
128	141	1.00369
128	144	1.01947
128	147	1.00367
128	159	1.02953
128	164	0.965404
128	170	1.03513
128	174	1.0246
128	176	1.0113
128	177	1.07267
129	50	0.993911
129	60	1.18035
129	68	0.949171
129	69	0.956286
129	82	1.02031
129	85	1.02212
129	97	0.983897
129	105	0.940796
129	114	1.00574
129	124	1.01466
129	130	0.947474
129	133	1.05146
129	135	0.944368
129	141	0.947741
129	143	0.981993
129	150	1.03312
129	153	1.04676
129	154	1.01426
129	156	0.960044
129	158	0.969273
129	161	1.05488
129	166	1.03173
129	167	0.980916
129	168	0.975639
129	169	0.998297
129	170	0.976914
129	173	0.993654
129	176	0.999732
129	177	1.04219
129	178	0.991468
129	179	0.997636
130	16	0.989592
130	49	0.986337
130	64	1.0431
130	69	0.949928
130	107	1.00216
130	121	0.986485
130	123	0.995467
130	125	0.976819
130	129	0.947474
130	131	1.04624
130	139	0.984827
130	142	1.10653
130	146	1.07384
130	147	0.970287
130	148	0.987581
130	149	1.0258
130	151	1.05106
130	152	1.02653
130	154	1.01136
130	156	0.953685
130	159	0.980104
130	160	0.993924
130	164	1.02159
130	165	0.965607
130	167	0.974558
130	170	0.970555
130	173	0.987295
130	176	0.993374
130	178	0.985109
130	179	0.991278
130	180	1.03595
131	18	0.963982
131	32	1.14816
131	35	1.00844
131	45	0.955503
131	59	1.01771
131	72	0.935113
131	84	1.0524
131	87	1.0478
131	107	1.0062
131	108	0.994961
131	118	0.946135
131	119	0.974832
131	122	0.964179
131	127	1.02419
131	130	1.04624
131	134	0.97557
131	147	1.02833
131	150	0.985037
131	155	1.00037
131	157	0.974689
131	160	1.00095
131	161	0.970934
131	163	1.00998
131	166	0.993685
131	167	0.993824
131	168	1.02109
131	169	1.00285
131	171	0.984681
131	176	1.00059
131	177	0.977833
131	178	0.999599
131	179	0.998074
131	180	0.986584
132	22	0.973485
132	32	1.04211
132	40	1.0452
132	63	1.01513
132	69	0.967831
132	71	1.0846
132	73	0.989502
132	80	0.947006
132	86	1.00572
132	90	0.990596
132	100	0.916289
132	102	1.04942
132	106	0.966829
132	117	1.03392
132	124	1.04278
132	133	0.965183
132	134	1.03786
132	137	0.890119
132	139	0.928191
132	143	0.919524
132	147	1.09062
132	151	1.03753
132	154	1.0516
132	155	0.894318
132	157	1.03698
132	164	1.04208
132	171	1.04697
132	172	1.04371
132	173	0.896937
132	175	1.05735
132	177	1.04013
132	178	0.893551
132	180	1.04888
133	5	1.02054
133	8	1.01493
133	11	1.01124
133	12	1.02154
133	28	0.905013
133	42	1.03316
133	47	0.952815
133	51	1.00159
133	62	1.07262
133	71	0.97309
133	80	0.978778
133	103	0.987755
133	104	0.94822
133	107	1.02716
133	111	0.932552
133	114	1.02783
133	119	1.05562
133	120	1.01214
133	121	0.968222
133	126	0.98747
133	127	0.989766
133	128	0.955897
