1	27	1.56869
1	48	0.295771
1	99	1.58115
1	101	1.57781
1	120	0.308866
1	138	0.329673
1	141	1.62652
1	142	0.748579
1	143	0.388836
1	171	1.6154
1	177	1.63042
1	180	0.336601
2	37	1.42969
2	76	1.33093
2	84	1.36851
2	87	1.31275
2	98	1.37971
2	108	1.41055
2	119	1.36789
2	129	0.37644
2	134	0.378811
2	140	0.829791
2	143	0.430285
2	159	0.391854
3	90	0.620874
3	125	0.58731
3	153	1.21398
3	156	1.20255
3	160	1.18772
3	161	1.20667
3	164	1.18851
3	169	1.20241
3	170	1.20242
3	172	1.19576
3	175	0.604108
3	178	0.593618
4	70	1.23407
4	78	1.18763
4	94	1.16713
4	95	1.21475
4	100	1.19193
4	120	1.19547
4	131	1.2068
4	142	0.609757
4	145	0.536876
4	175	0.625158
4	176	0.633645
4	177	1.20223
5	47	1.28135
5	97	1.4146
5	105	1.32423
5	106	1.36466
5	107	1.36807
5	109	1.43315
5	132	1.41394
5	139	0.610384
5	140	0.395997
5	143	0.509064
5	174	0.444963
5	177	0.443734
6	53	0.515709
6	130	0.503025
6	148	0.442348
6	156	0.457202
6	160	0.475336
6	162	1.36782
6	173	1.37002
6	175	1.37073
6	176	1.37083
6	178	1.38634
6	179	1.38074
6	180	1.35355
7	13	1.26238
7	59	1.34422
7	99	1.36523
7	101	1.36189
7	103	1.45232
7	142	0.480851
7	155	0.427441
7	162	0.491989
7	165	0.499987
7	168	0.506544
7	171	1.39948
7	177	1.41449
8	9	0.654257
8	20	0.533555
8	58	0.429108
8	101	0.41325
8	105	1.32501
8	107	1.36885
8	119	0.364581
8	170	1.39829
8	172	1.39164
8	176	1.37454
8	179	1.38444
8	180	1.35726
9	8	0.654257
9	43	1.42528
9	49	0.234579
9	50	0.31496
9	76	1.32042
9	84	1.35799
9	98	1.36919
9	108	1.40003
9	119	1.35737
9	120	0.760416
9	138	1.36972
9	164	0.438747
10	37	0.477456
10	50	0.463854
10	74	1.45076
10	85	0.37825
10	86	1.34353
10	106	1.32501
10	109	1.39351
10	114	1.3518
10	119	0.554192
10	132	1.37429
10	141	1.3611
10	169	0.526939
11	62	1.29252
11	81	1.33201
11	89	1.35249
11	135	1.40254
11	139	1.40993
11	143	1.3856
11	147	0.441625
11	148	1.42492
11	155	0.438755
11	171	0.49864
11	175	0.507566
11	180	0.520202
12	47	1.27751
12	55	1.36971
12	97	1.41077
12	106	1.36083
12	107	1.36424
12	109	1.42932
12	114	1.38762
12	121	0.512845
12	147	0.438882
12	155	0.436012
12	158	0.523117
12	171	0.495897
13	7	1.26238
13	27	1.14608
13	99	1.15854
13	101	1.15521
13	103	1.24564
13	127	1.23154
13	140	0.580671
13	149	0.570669
13	162	0.624604
13	171	1.1928
13	174	0.629637
13	177	1.20781
14	111	0.495575
14	138	0.474632
14	154	1.36409
14	159	0.495364
14	161	1.37708
14	164	1.35892
14	165	0.472658
14	166	1.38813
14	169	1.37282
14	170	1.37282
14	172	1.36617
14	177	0.468465
15	79	0.534155
15	102	0.489044
15	163	1.37196
15	164	0.483308
15	166	0.447758
15	172	0.439576
15	173	1.3695
15	174	1.36929
15	175	1.37021
15	178	1.38582
15	179	1.38021
15	180	1.35303
16	40	0.535764
16	47	0.642987
16	65	0.645526
16	84	1.20439
16	119	1.20377
16	122	0.569459
16	166	1.22729
16	169	1.21197
16	172	1.20533
16	175	1.18813
16	176	1.18823
16	180	1.17094
17	83	1.40582
17	95	1.38971
17	119	0.480149
17	131	1.38175
17	148	1.39201
17	153	0.477957
17	160	0.4893
17	166	0.478048
17	172	0.469866
17	173	1.34549
17	179	1.35621
17	180	1.32902
18	99	1.33268
18	101	1.32935
18	103	1.41978
18	121	0.407713
18	132	1.39125
18	141	1.37805
18	142	0.38429
18	143	0.464562
18	144	0.58023
18	166	0.564734
18	171	1.36693
18	177	1.38195
19	116	0.496034
19	133	0.483507
19	139	0.469823
19	152	0.500708
19	168	1.36735
19	169	0.443522
19	174	1.36992
19	175	1.37085
19	176	1.37095
19	178	1.38645
19	179	1.38085
19	180	1.35366
20	8	0.533555
20	39	1.27357
20	63	1.39877
20	83	1.40997
20	88	0.243122
20	119	0.319684
20	120	0.639714
20	122	1.36204
20	138	1.37834
20	139	1.38116
20	148	1.39616
20	180	0.667449
21	73	1.47223
21	97	1.38427
21	102	0.659729
21	105	1.2939
21	106	1.33433
21	109	1.40282
21	114	1.36112
21	150	0.388697
21	159	1.35134
21	162	0.449137
21	171	0.444475
21	176	0.461888
22	54	1.38059
22	56	1.36524
22	66	1.41212
22	80	1.31144
22	94	1.35195
22	131	1.39161
22	140	0.44868
22	149	0.438677
22	163	0.504722
22	173	0.505339
22	177	1.38704
22	180	0.509512
23	64	0.5157
23	85	0.519896
23	132	0.505701
23	153	1.31186
23	154	1.29155
23	156	1.30043
23	164	1.28638
23	166	1.3156
23	169	1.30028
23	170	1.30029
23	172	1.29364
23	173	0.537158
23	175	0.528696
24	40	1.34183
24	89	1.2332
24	91	1.36848
24	120	0.523032
24	122	1.27152
24	135	1.28324
24	139	1.29063
24	140	1.30549
24	148	1.30563
24	157	0.457348
24	165	0.541865
24	176	0.546617
24	177	0.537672
25	37	1.36059
25	52	1.3094
25	76	1.26184
25	87	1.24365
25	98	1.31061
25	119	1.2988
25	120	0.534856
25	137	1.32481
25	140	0.501759
25	151	0.469705
25	152	1.29032
25	174	0.550725
25	175	0.549956
26	49	1.53309
26	86	1.46795
26	107	1.45284
26	109	1.51792
26	114	1.47622
26	115	0.406104
26	140	0.751888
26	141	1.48552
26	143	0.407589
26	159	1.46644
26	163	0.350563
26	167	0.349525
26	175	0.342718
27	1	1.56869
27	13	1.14608
27	59	1.22793
27	101	1.24559
27	103	1.33602
27	121	0.456857
27	138	0.454543
27	141	1.2943
27	152	0.64591
27	167	0.455643
27	169	0.588725
27	171	1.28318
27	177	1.2982
28	32	0.465964
28	54	1.28013
28	56	1.26478
28	60	1.37097
28	66	1.31166
28	70	1.31842
28	100	1.27629
28	131	1.29115
28	167	0.534852
28	173	0.536508
28	174	0.528814
28	177	1.28658
28	180	0.540681
29	104	0.526554
29	125	0.53913
29	147	0.489986
29	153	1.3126
29	155	0.487116
29	156	1.30117
29	160	1.28633
29	164	1.28713
29	166	1.31634
29	169	1.30103
29	170	1.30104
29	172	1.29438
29	173	0.56439
30	45	0.463784
30	102	0.558739
30	114	0.522077
30	153	0.517363
30	161	0.531502
30	162	1.29604
30	165	1.30617
30	168	1.29545
30	174	1.29803
30	176	1.29905
30	178	1.31456
30	179	1.30896
30	180	1.28177
31	59	1.23818
31	99	1.25918
31	103	1.34627
31	110	0.726734
31	127	1.33218
31	132	1.31775
31	138	0.524859
31	141	1.30455
31	147	0.45321
31	149	0.460952
31	157	0.438368
31	171	1.29343
31	177	1.30845
32	28	0.465964
32	43	0.393578
32	117	0.454294
32	135	0.444053
32	148	0.399921
32	161	0.435706
32	162	1.48147
32	165	1.4916
32	168	1.48088
32	176	1.48449
32	178	1.49999
32	179	1.49439
32	180	1.4672
33	52	1.30524
33	97	1.31993
33	119	1.29463
33	129	0.552603
33	141	1.30608
33	147	0.475637
33	149	0.483379
33	152	1.28616
33	164	1.28894
33	165	0.545312
33	170	1.30285
33	172	1.29619
33	176	0.550065
34	133	1.3185
34	137	0.517144
34	154	1.29002
34	161	1.30301
34	163	0.523654
34	164	1.28485
34	166	1.31406
34	168	0.526099
34	169	1.29875
34	170	1.29875
34	172	1.2921
34	176	0.524295
34	177	0.515349
35	137	0.547077
35	144	1.28184
35	154	1.29525
35	155	0.476929
35	157	0.464958
35	159	0.57218
35	161	1.30825
35	164	1.29008
35	166	1.3193
35	169	1.30398
35	170	1.30399
35	172	1.29734
35	175	0.545741
36	58	1.19905
36	85	0.584261
36	93	1.20586
36	94	1.2224
36	95	1.27001
36	100	1.2472
36	112	1.26776
36	131	1.26206
36	137	1.26817
36	149	0.534861
36	157	0.512277
36	171	0.584134
36	177	1.25749
36	179	0.591161
37	2	1.42969
37	10	0.477456
37	25	1.36059
37	82	1.45199
37	87	1.3359
37	98	1.40286
37	100	0.612962
37	108	1.4337
37	119	1.39104
37	142	1.39423
37	143	0.473974
37	175	0.409103
37	177	0.408644
37	180	0.421739
38	44	1.30788
38	57	1.1316
38	75	1.22607
38	91	1.32639
38	118	1.20671
38	127	1.27244
38	134	0.550376
38	135	1.24115
38	143	1.22422
38	148	1.26354
38	149	0.47878
38	170	0.710403
38	171	0.528053
38	177	0.53652
39	20	1.27357
39	40	1.3032
39	48	0.579085
39	50	1.25763
39	62	1.1346
39	68	1.26892
39	118	1.21017
39	122	1.23289
39	132	0.584285
39	139	1.25201
39	145	0.518998
39	148	1.267
39	157	0.526496
39	171	0.598353
40	16	0.535764
40	24	1.34183
40	39	1.3032
40	91	1.48863
40	120	0.446202
40	122	1.39167
40	127	1.43469
40	135	1.4034
40	139	1.41079
40	148	1.42579
40	171	0.452375
40	174	0.462071
40	178	0.450812
40	179	0.459402
41	128	0.549967
41	153	1.2579
41	154	1.2376
41	156	1.24647
41	160	1.23163
41	163	0.56995
41	164	1.23243
41	166	1.26164
41	168	0.572395
41	169	1.24633
41	170	1.24634
41	172	1.23968
41	174	0.562874
41	178	0.551615
42	92	0.445549
42	132	0.44617
42	153	1.41507
42	154	1.39477
42	156	1.40364
42	159	0.495603
42	160	1.38881
42	161	1.40777
42	164	1.3896
42	165	0.472898
42	168	0.479454
42	169	1.4035
42	172	1.39685
42	177	0.468705
43	9	1.42528
43	32	0.393578
43	84	1.39777
43	87	1.34201
43	98	1.40897
43	108	1.43981
43	119	1.39715
43	142	1.40034
43	143	0.520529
43	151	0.375408
43	152	1.38867
43	169	0.595548
43	176	0.464145
43	177	0.4552
44	38	1.30788
44	53	1.41358
44	118	1.3771
44	120	0.424347
44	121	1.39866
44	126	0.598578
44	138	1.41611
44	139	1.41893
44	140	1.43379
44	148	1.43393
44	165	0.443181
44	176	0.447933
44	177	0.438987
44	180	0.452082
45	30	0.463784
45	106	0.613311
45	144	1.38092
45	146	1.40904
45	153	1.41464
45	160	1.38837
45	164	1.38917
45	165	0.433803
45	166	1.41838
45	169	1.40307
45	172	1.39642
45	174	0.430838
45	178	0.419579
45	180	0.442705
46	69	1.31419
46	93	1.37333
46	94	1.38987
46	100	1.41467
46	112	1.43523
46	120	1.41821
46	129	0.477548
46	131	1.42953
46	140	0.418327
46	158	0.484817
46	159	0.492963
46	165	0.470257
46	177	1.42496
46	179	0.464623
47	5	1.28135
47	12	1.27751
47	16	0.642987
47	60	0.505218
47	73	1.33455
47	86	1.21516
47	97	1.24659
47	105	1.15621
47	107	1.20006
47	109	1.26514
47	114	1.22343
47	129	0.57955
47	140	0.520328
47	178	0.558035
48	1	0.295771
48	39	0.579085
48	68	0.483073
48	110	0.498084
48	116	0.482903
48	166	0.455544
48	167	1.40328
48	173	1.39784
48	174	1.39763
48	175	1.39855
48	176	1.39865
48	178	1.41416
48	179	1.40855
48	180	1.38137
49	9	0.234579
49	26	1.53309
49	68	0.507691
49	80	0.524067
49	87	0.532663
49	106	1.36362
49	122	0.491421
49	135	0.502559
49	161	1.40073
49	169	1.39647
49	172	1.38982
49	175	1.37262
49	178	1.38823
49	180	1.35544
50	9	0.31496
50	10	0.463854
50	39	1.25763
50	66	0.5478
50	70	0.556235
50	95	0.553055
50	107	0.558258
50	118	1.32338
50	135	1.35782
50	162	1.33149
50	169	1.35824
50	170	1.35825
50	172	1.3516
50	179	1.3444
50	180	1.31721
51	86	0.631016
51	88	0.543052
51	113	0.452208
51	146	1.34055
51	153	1.34614
51	154	1.32584
51	159	0.47891
51	160	1.31987
51	162	0.448207
51	164	1.32067
51	166	1.34988
51	169	1.33457
51	170	1.33458
51	172	1.32792
51	177	0.452011
52	25	1.3094
52	33	1.30524
52	87	1.28471
52	98	1.35167
52	108	1.38251
52	111	0.515681
52	113	0.488769
52	115	0.552417
52	119	1.33985
52	138	1.3522
52	142	1.34304
52	143	0.553902
52	145	0.400749
52	152	1.33137
52	163	0.496876
53	6	0.515709
53	44	1.41358
53	65	1.23655
53	68	1.37115
53	81	1.27631
53	118	1.3124
53	122	1.33512
53	139	1.35424
53	142	0.519961
53	148	1.36923
53	151	0.455112
53	157	0.454579
53	159	1.33143
53	171	0.526436
53	177	0.534903
54	22	1.38059
54	28	1.28013
54	78	1.33888
54	80	1.27787
54	93	1.30184
54	95	1.366
54	100	1.34318
54	104	0.501025
54	131	1.35804
54	150	0.465695
54	151	0.450148
54	177	1.35347
54	178	0.519909
54	179	0.528499
54	180	0.543035
55	12	1.36971
55	74	1.41459
55	82	1.37444
55	97	1.33878
55	105	1.24841
55	106	1.28885
55	107	1.29226
55	109	1.35734
55	114	1.31563
55	125	0.481247
55	142	0.482643
55	143	0.562915
55	177	0.497585
55	178	0.487555
55	179	0.496145
56	22	1.36524
56	28	1.26478
56	99	1.28886
56	103	1.37595
56	112	1.34839
56	135	1.33057
56	138	1.33513
56	142	0.483831
56	148	1.35295
56	158	0.517526
56	167	0.506039
56	174	0.500002
56	177	1.33813
56	178	0.488743
56	180	0.511868
57	38	1.1316
57	65	1.12495
57	81	1.16472
57	83	1.27145
57	89	1.18521
57	118	1.20081
57	122	1.22353
57	135	1.23526
57	139	1.24264
57	145	0.544399
57	149	0.574481
57	159	1.21984
57	174	0.63345
57	177	0.632222
57	178	0.622191
58	8	0.429108
58	36	1.19905
58	66	1.32656
58	69	1.19071
58	70	1.33332
58	80	1.22588
58	95	1.314
58	100	1.29119
58	111	0.577017
58	112	1.31175
58	131	1.30605
58	145	0.462084
58	149	0.492167
58	165	0.554101
58	169	0.690256
58	177	1.30148
59	7	1.34422
59	27	1.22793
59	31	1.23818
59	99	1.24039
59	101	1.23705
59	103	1.32748
59	104	1.32149
59	132	1.29896
59	137	0.515359
59	138	0.51973
59	149	0.455823
59	153	0.678974
59	167	0.520829
59	171	1.27464
59	174	0.514792
59	177	1.28966
60	28	1.37097
60	47	0.505218
60	75	0.432212
60	76	0.469945
60	95	1.45684
60	101	0.471201
60	106	0.438631
60	122	0.431689
60	131	1.44889
60	135	0.442827
60	168	1.40984
60	169	1.43718
60	170	1.43719
60	172	1.43054
60	174	1.41241
60	180	1.39615
61	96	0.536193
61	114	0.530239
61	133	0.540448
61	144	0.541112
61	148	0.503879
61	158	1.26674
61	161	0.539664
61	163	1.28094
61	165	1.2864
61	167	1.28392
61	173	1.27848
61	174	1.27827
61	176	1.27929
61	178	1.29479
61	179	1.28919
61	180	1.262
62	11	1.29252
62	39	1.1346
62	71	0.570215
62	75	1.21971
62	91	1.32003
62	118	1.20035
62	122	1.22307
62	128	0.563511
62	132	0.552654
62	135	1.23479
62	139	1.24218
62	140	1.25704
62	142	0.560247
62	148	1.25718
62	152	1.21853
62	165	0.579383
62	167	0.582455
63	20	1.39877
63	65	1.25951
63	89	1.31976
63	120	0.453799
63	127	1.4011
63	135	1.36981
63	138	1.37438
63	139	1.3772
63	142	0.453496
63	143	1.35287
63	148	1.3922
63	159	1.35439
63	171	0.459972
63	172	0.625759
63	174	0.469667
63	176	0.477385
63	179	0.466998
64	23	0.5157
64	108	0.437346
64	130	0.509683
64	135	0.493139
64	144	0.486239
64	153	0.470652
64	158	1.34773
64	165	1.3674
64	168	1.35669
64	170	0.479125
64	173	1.35948
64	174	1.35926
64	175	1.36019
64	176	1.36029
64	178	1.37579
64	179	1.37019
64	180	1.343
65	16	0.645526
65	53	1.23655
65	57	1.12495
65	63	1.25951
65	91	1.31975
65	122	1.22279
65	127	1.2658
65	128	0.558926
65	135	1.23451
65	139	1.2419
65	148	1.2569
65	149	0.512864
65	152	1.21825
65	159	1.2191
65	162	0.5668
65	171	0.562137
65	178	0.560574
66	22	1.41212
66	28	1.31166
66	50	0.5478
66	58	1.32656
66	69	1.27423
66	93	1.33337
66	95	1.39752
66	100	1.37471
66	104	0.441621
66	112	1.39527
66	115	0.534382
66	121	0.479017
66	131	1.38957
66	141	0.467522
66	143	0.535866
66	155	0.402184
66	177	1.385
67	80	0.672538
67	129	0.474616
67	137	0.464927
67	144	1.34249
67	147	0.397649
67	154	1.35591
67	156	1.36478
67	160	1.34995
67	161	1.36891
67	164	1.35074
67	166	1.37996
67	169	1.36464
67	170	1.36465
67	172	1.35799
67	175	0.463591
67	176	0.472077
67	179	0.461691
68	39	1.26892
68	48	0.483073
68	49	0.507691
68	53	1.37115
68	82	0.489905
68	83	1.40532
68	92	0.487652
68	118	1.33467
68	121	1.35624
68	135	1.36912
68	138	1.37369
68	139	1.37651
68	142	0.495865
68	148	1.39151
68	151	0.431016
68	152	1.35286
68	174	0.512036
69	46	1.31419
69	58	1.19071
69	66	1.27423
69	78	1.23456
69	80	1.17355
69	85	0.554854
69	93	1.19752
69	94	1.21406
69	100	1.23886
69	112	1.25942
69	121	0.571675
69	131	1.25373
69	151	0.483403
69	153	0.728605
69	155	0.494842
69	176	0.57214
69	177	1.24916
70	4	1.23407
70	28	1.31842
70	50	0.556235
70	58	1.33332
70	78	1.37717
70	93	1.34013
70	95	1.40429
70	112	1.40204
70	131	1.39634
70	137	1.40245
70	142	0.464028
70	149	0.42123
70	159	0.505869
70	165	0.483164
70	168	0.48972
70	176	0.487916
70	177	1.39177
71	62	0.570215
71	79	0.564702
71	118	0.525618
71	136	0.479149
71	154	0.494397
71	156	0.471423
71	158	1.29687
71	163	1.31108
71	167	1.31406
71	168	1.30583
71	170	0.486687
71	173	1.30862
71	174	1.3084
71	175	1.30933
71	176	1.30943
71	178	1.32493
71	179	1.31933
71	180	1.29214
72	96	0.519454
72	103	0.492333
72	117	0.541513
72	153	0.508786
72	154	0.524968
72	160	0.520128
72	162	1.30505
72	165	1.31518
72	167	1.31269
72	168	1.30446
72	169	0.483723
72	173	1.30726
72	174	1.30704
72	175	1.30796
72	176	1.30806
72	178	1.32357
72	179	1.31797
72	180	1.29078
73	21	1.47223
73	47	1.33455
73	74	1.54361
73	105	1.37743
73	106	1.41787
73	107	1.42128
73	109	1.48636
73	114	1.44465
73	132	1.46715
73	140	0.406607
73	149	0.396604
73	155	0.385991
73	156	0.612962
73	159	1.43488
73	171	0.445877
73	173	0.463266
73	178	0.444313
73	179	0.452903
74	10	1.45076
74	55	1.41459
74	73	1.54361
74	86	1.42422
74	106	1.40571
74	107	1.40912
74	114	1.43249
74	121	0.475012
74	129	0.478016
74	132	1.45499
74	140	0.418795
74	141	1.44179
74	149	0.408792
74	150	0.402287
74	159	1.42272
74	168	0.477282
74	173	0.475454
74	176	0.475478
75	38	1.22607
75	60	0.432212
75	62	1.21971
75	81	1.2592
75	91	1.41497
75	118	1.29529
75	122	1.31801
75	134	0.508915
75	135	1.32973
75	138	1.3343
75	139	1.33712
75	148	1.35212
75	152	1.31347
75	162	0.491255
75	167	0.502325
75	170	0.668943
75	179	0.493619
75	180	0.508154
76	2	1.33093
76	9	1.32042
76	25	1.26184
76	60	0.469945
76	82	1.35324
76	98	1.3041
76	108	1.33494
76	119	1.29229
76	121	0.541273
76	128	0.521115
76	137	1.3183
76	138	1.30464
76	142	1.29548
76	152	1.28381
76	155	0.464441
76	163	0.541098
76	171	0.524326
76	180	0.545888
77	84	0.651177
77	104	0.472186
77	111	0.52821
77	130	1.28403
77	144	1.29206
77	149	0.44336
77	153	1.32578
77	156	1.31435
77	160	1.29951
77	161	1.31847
77	164	1.30031
77	166	1.32952
77	169	1.31421
77	170	1.31422
77	172	1.30756
77	173	0.510022
77	174	0.502329
77	179	0.49966
78	4	1.18763
78	54	1.33888
78	69	1.23456
78	70	1.37717
78	80	1.26972
78	93	1.29369
78	94	1.31023
78	95	1.35785
78	100	1.33503
78	131	1.3499
78	140	0.490541
78	150	0.474034
78	155	0.469926
78	158	0.557031
78	171	0.529811
78	177	1.34533
78	179	0.536838
78	180	0.551373
79	15	0.534155
79	71	0.564702
79	124	1.27811
79	136	1.24604
79	138	0.575843
79	144	1.24695
79	146	1.27507
79	151	0.489885
79	153	1.28067
79	154	1.26037
79	157	0.489352
79	160	1.2544
79	161	1.27336
79	166	1.28441
79	169	1.2691
79	170	1.2691
79	172	1.26245
79	175	0.570136
79	180	0.582771
80	22	1.31144
80	49	0.524067
80	54	1.27787
80	58	1.22588
80	67	0.672538
80	69	1.17355
80	78	1.26972
80	93	1.23268
80	94	1.24922
80	95	1.29684
80	112	1.29459
80	131	1.28889
80	137	1.295
80	142	0.512242
80	171	0.518717
80	176	0.53613
80	177	1.28432
80	178	0.517153
80	179	0.525743
81	11	1.33201
81	53	1.27631
81	57	1.16472
81	75	1.2592
81	113	0.499105
81	118	1.23983
81	122	1.26256
81	135	1.27428
81	136	0.665253
81	139	1.28167
81	140	1.29653
81	141	0.495894
81	143	1.25734
81	146	0.651643
81	148	1.29667
81	159	1.25887
81	165	0.503101
81	171	0.490441
81	177	0.498908
82	37	1.45199
82	55	1.37444
82	68	0.489905
82	76	1.35324
82	93	0.483554
82	105	1.32512
82	106	1.36555
82	108	1.43285
82	119	1.3902
82	123	0.480589
82	144	0.477873
82	146	0.44961
82	153	0.462286
82	161	0.476425
82	170	0.470758
82	175	1.37456
82	178	1.39016
82	179	1.38456
82	180	1.35737
83	17	1.40582
83	20	1.40997
83	57	1.27145
83	68	1.40532
83	89	1.33097
83	91	1.46625
83	121	1.36813
83	122	1.36929
83	135	1.38101
83	139	1.3884
83	142	0.408746
83	144	0.604687
83	146	0.576424
83	148	1.4034
83	151	0.343897
83	158	0.442442
83	172	0.581009
83	176	0.432635
83	178	0.413658
84	2	1.36851
84	9	1.35799
84	16	1.20439
84	43	1.39777
84	77	0.651177
84	87	1.27472
84	98	1.34168
84	108	1.37252
84	115	0.531699
84	119	1.32986
84	137	1.35588
84	138	1.34221
84	140	0.420117
84	142	1.33306
84	143	0.533184
84	152	1.32139
84	171	0.459387
84	173	0.476776
84	174	0.469082
84	175	0.468313
85	10	0.37825
85	23	0.519896
85	36	0.584261
85	69	0.554854
85	86	0.488442
85	139	0.476087
85	152	0.506972
85	158	1.32134
85	160	0.486191
85	162	1.33088
85	163	1.33555
85	167	1.33852
85	168	1.33029
85	173	1.33309
85	174	1.33287
85	175	1.33379
85	176	1.33389
85	178	1.3494
85	179	1.3438
85	180	1.31661
86	10	1.34353
86	26	1.46795
86	47	1.21516
86	51	0.631016
86	74	1.42422
86	85	0.488442
86	92	0.473627
86	97	1.34842
86	105	1.25805
86	106	1.29848
86	107	1.30189
86	109	1.36697
86	114	1.32527
86	128	0.485104
86	141	1.33456
86	150	0.432537
86	158	0.515535
86	159	1.31549
86	178	0.486752
86	179	0.495342
87	2	1.31275
87	25	1.24365
87	37	1.3359
87	43	1.34201
87	49	0.532663
87	52	1.28471
87	84	1.27472
87	98	1.28592
87	108	1.31676
87	119	1.2741
87	128	0.524101
87	137	1.30012
87	138	1.28645
87	140	0.488042
87	142	1.27729
87	143	0.60111
87	152	1.26562
87	157	0.455456
87	162	0.531975
87	171	0.527312
87	180	0.548875
88	20	0.243122
88	51	0.543052
88	124	0.561338
88	131	0.560075
88	136	0.575164
88	146	0.561553
88	158	1.27972
88	162	1.28927
88	163	1.29393
88	165	1.29939
88	167	1.29691
88	168	1.28868
88	170	0.582701
88	172	0.566138
88	173	1.29147
88	174	1.29125
88	175	1.29218
88	176	1.29228
88	178	1.30778
88	179	1.30218
88	180	1.27499
89	11	1.35249
89	24	1.2332
89	57	1.18521
89	63	1.31976
89	83	1.33097
89	91	1.38
89	118	1.26032
89	122	1.28304
89	128	0.477458
89	139	1.30216
89	141	0.486122
89	143	1.27783
89	148	1.31715
89	149	0.431396
89	152	1.27851
89	159	1.27935
89	161	0.668686
89	163	0.497441
89	166	0.654638
89	179	0.487695
89	180	0.502231
90	3	0.620874
90	106	0.518704
90	124	0.487523
90	130	0.539444
90	133	0.515336
90	156	0.493622
90	158	1.27972
90	161	0.514553
90	162	1.28927
90	163	1.29393
90	165	1.29939
90	166	0.500504
90	167	1.29691
90	168	1.28868
90	173	1.29147
90	174	1.29125
90	175	1.29218
90	176	1.29228
90	178	1.30778
90	179	1.30218
90	180	1.27499
91	24	1.36848
91	38	1.32639
91	40	1.48863
91	62	1.32003
91	65	1.31975
91	75	1.41497
91	83	1.46625
91	89	1.38
91	118	1.3956
91	135	1.43005
91	137	0.465969
91	139	1.43744
91	145	0.376351
91	147	0.398692
91	148	1.45243
91	166	0.629675
91	167	0.47144
91	168	0.474924
91	173	0.473096
91	174	0.465402
91	178	0.454143
92	42	0.445549
92	68	0.487652
92	86	0.473627
92	123	0.478336
92	133	0.474956
92	135	0.48252
92	148	0.438387
92	154	0.476215
92	158	1.3878
92	162	1.39734
92	163	1.40201
92	165	1.40747
92	168	1.39675
92	169	0.434971
92	173	1.39955
92	174	1.39933
92	175	1.40025
92	176	1.40035
92	178	1.41586
92	179	1.41026
92	180	1.38307
93	36	1.20586
93	46	1.37333
93	54	1.30184
93	66	1.33337
93	69	1.19752
93	70	1.34013
93	78	1.29369
93	80	1.23268
93	82	0.483554
93	94	1.27319
93	100	1.298
93	112	1.31856
93	127	0.683873
93	131	1.31286
93	137	1.31897
93	138	0.510623
93	142	0.489514
93	159	0.531355
93	162	0.500652
93	163	0.512761
93	178	0.494426
94	4	1.16713
94	22	1.35195
94	36	1.2224
94	46	1.38987
94	69	1.21406
94	78	1.31023
94	80	1.24922
94	93	1.27319
94	100	1.31454
94	112	1.3351
94	115	0.574265
94	120	1.31808
94	131	1.3294
94	157	0.430096
94	162	0.506616
94	163	0.518725
94	171	0.501953
94	172	0.66774
94	177	1.32483
94	178	0.500389
94	179	0.508979
95	4	1.21475
95	17	1.38971
95	36	1.27001
95	50	0.553055
95	54	1.366
95	58	1.314
95	60	1.45684
95	66	1.39752
95	70	1.40429
95	78	1.35785
95	80	1.29684
95	112	1.38272
95	131	1.37702
95	140	0.428053
95	145	0.387968
95	162	0.471986
95	168	0.486541
95	172	0.63311
95	176	0.484736
95	177	1.37245
95	179	0.47435
95	180	0.488886
96	61	0.536193
96	72	0.519454
96	110	1.31731
96	130	1.32979
96	134	0.507713
96	138	0.500024
96	146	1.36594
96	151	0.414065
96	153	1.37154
96	154	1.35124
96	156	1.36011
96	157	0.413533
96	159	0.520756
96	160	1.34527
96	161	1.36423
96	164	1.34606
96	166	1.37528
96	169	1.35996
96	170	1.35997
96	172	1.35332
96	173	0.502779
96	174	0.495085
97	5	1.4146
97	12	1.41077
97	21	1.38427
97	33	1.31993
97	47	1.24659
97	55	1.33878
97	86	1.34842
97	105	1.28947
97	109	1.3984
97	114	1.35669
97	116	0.651514
97	132	1.37918
97	137	0.460449
97	141	1.36599
97	156	0.617272
97	157	0.37833
97	159	1.34691
97	165	0.462847
97	171	0.450186
97	174	0.459882
97	176	0.467599
97	177	0.458654
98	2	1.37971
98	9	1.36919
98	25	1.31061
98	37	1.40286
98	43	1.40897
98	52	1.35167
98	76	1.3041
98	84	1.34168
98	87	1.28592
98	108	1.38372
98	119	1.34106
98	137	1.36708
98	138	1.35341
98	141	0.464255
98	143	0.532599
98	150	0.403024
98	160	0.644021
98	163	0.475573
98	168	0.478018
98	173	0.47619
98	174	0.468497
98	177	0.467269
99	1	1.58115
99	7	1.36523
99	13	1.15854
99	18	1.33268
99	31	1.25918
99	56	1.28886
99	59	1.24039
99	101	1.25805
99	103	1.34849
99	127	1.33439
99	132	1.31996
99	141	1.30676
99	142	0.488166
99	147	0.437626
99	165	0.507302
99	167	0.510374
99	169	0.643457
99	171	1.29564
99	173	0.51203
99	177	1.31066
99	178	0.493078
99	179	0.501668
99	180	0.516203
100	4	1.19193
100	28	1.27629
100	36	1.2472
100	37	0.612962
100	46	1.41467
100	54	1.34318
100	58	1.29119
100	66	1.37471
100	69	1.23886
100	78	1.33503
100	93	1.298
100	94	1.31454
100	112	1.3599
100	121	0.530576
100	131	1.3542
100	132	0.499561
100	137	1.36031
100	145	0.434273
100	157	0.441772
100	162	0.518291
100	163	0.5304
100	167	0.529361
100	171	0.513628
101	1	1.57781
101	7	1.36189
101	8	0.41325
101	13	1.15521
101	18	1.32935
101	27	1.24559
101	59	1.23705
101	60	0.471201
101	99	1.25805
101	103	1.34515
101	104	1.33916
101	121	0.54253
101	127	1.33105
101	129	0.545534
101	132	1.31662
101	141	1.30342
101	147	0.468567
101	159	0.560948
101	162	0.530245
101	171	1.29231
101	173	0.542971
101	175	0.534509
101	177	1.30732
102	15	0.489044
102	21	0.659729
102	30	0.558739
102	104	0.49565
102	113	0.524762
102	126	1.3064
102	130	1.2538
102	132	0.50203
102	136	1.26092
102	144	1.26183
102	146	1.28995
102	153	1.29555
102	154	1.27525
102	156	1.28412
102	160	1.26928
102	161	1.28824
102	162	0.520761
102	164	1.27008
102	166	1.29929
102	167	0.531831
102	169	1.28398
102	170	1.28399
102	172	1.27733
102	174	0.525793
103	7	1.45232
103	13	1.24564
103	18	1.41978
103	27	1.33602
103	31	1.34627
103	56	1.37595
103	59	1.32748
103	72	0.492333
103	99	1.34849
103	101	1.34515
103	124	0.619255
103	127	1.42148
103	132	1.40705
103	134	0.480591
103	140	0.418998
103	141	1.39386
103	143	0.532066
103	147	0.401254
103	162	0.462931
103	168	0.477486
103	171	1.38274
103	174	0.467964
103	177	1.39775
103	178	0.456705
104	29	0.526554
104	54	0.501025
104	59	1.32149
104	66	0.441621
104	77	0.472186
104	101	1.33916
104	102	0.49565
104	105	0.495421
104	121	1.37132
104	126	0.448453
104	135	1.3842
104	139	1.39159
104	140	1.40645
104	148	1.40659
104	153	0.454274
104	161	0.468413
104	164	0.489914
104	171	1.37674
104	173	1.36007
104	174	1.35986
104	177	1.39176
104	178	1.37638
104	179	1.37078
104	180	1.34359
105	5	1.32423
105	8	1.32501
105	21	1.2939
105	47	1.15621
105	55	1.24841
105	73	1.37743
105	82	1.32512
105	86	1.25805
105	97	1.28947
105	104	0.495421
105	106	1.23953
105	107	1.24294
105	109	1.30802
105	114	1.26632
105	120	0.509696
105	125	0.507997
105	132	1.28881
105	159	1.25654
105	167	0.531602
105	169	0.664684
105	171	0.515868
105	174	0.525564
105	176	0.533281
105	177	0.524336
106	5	1.36466
106	10	1.32501
106	12	1.36083
106	21	1.33433
106	45	0.613311
106	49	1.36362
106	55	1.28885
106	60	0.438631
106	73	1.41787
106	74	1.40571
106	82	1.36555
106	86	1.29848
106	90	0.518704
106	105	1.23953
106	107	1.28337
106	109	1.34846
106	114	1.30675
106	121	0.509959
106	137	0.503274
106	138	0.507646
106	157	0.421155
106	159	1.29697
106	168	0.512229
106	171	0.493012
106	178	0.491448
107	5	1.36807
107	8	1.36885
107	12	1.36424
107	26	1.45284
107	47	1.20006
107	50	0.558258
107	55	1.29226
107	73	1.42128
107	74	1.40912
107	86	1.30189
107	105	1.24294
107	106	1.28337
107	109	1.35187
107	114	1.31016
107	129	0.492479
107	132	1.33266
107	155	0.412642
107	159	1.30038
107	163	0.489299
107	171	0.472527
107	172	0.638314
107	175	0.481454
107	176	0.48994
107	177	0.480994
107	180	0.494089
108	2	1.41055
108	9	1.40003
108	37	1.4337
108	43	1.43981
108	52	1.38251
108	64	0.437346
108	76	1.33494
108	82	1.43285
108	84	1.37252
108	87	1.31676
108	98	1.38372
108	119	1.3719
108	120	0.435243
108	134	0.463738
108	137	1.39792
108	138	1.38425
108	142	1.37509
108	143	0.515213
108	152	1.36342
108	158	0.468636
108	159	0.476781
108	165	0.454076
108	172	0.607202
108	175	0.450342
108	178	0.439852
108	180	0.462978
109	5	1.43315
109	10	1.39351
109	12	1.42932
109	21	1.40282
109	26	1.51792
109	47	1.26514
109	55	1.35734
109	73	1.48636
109	86	1.36697
109	97	1.3984
109	105	1.30802
109	106	1.34846
109	107	1.35187
109	114	1.37524
109	121	0.476161
109	128	0.456002
109	134	0.481536
109	140	0.419943
109	147	0.402198
109	159	1.36547
109	160	0.644433
109	168	0.47843
109	171	0.459213
109	174	0.468908
109	175	0.46814
109	178	0.45765
110	31	0.726734
110	48	0.498084
110	96	1.31731
110	130	1.27282
110	133	1.32275
110	136	1.27994
110	141	0.522806
110	144	1.28086
110	145	0.437997
110	146	1.30898
110	149	0.468079
110	153	1.31458
110	154	1.29427
110	155	0.457467
110	156	1.30315
110	160	1.28831
110	161	1.30727
110	162	0.522015
110	164	1.2891
110	166	1.31832
110	169	1.303
110	170	1.30301
110	172	1.29636
110	174	0.527048
110	175	0.526279
110	179	0.524379
111	14	0.495575
111	52	0.515681
111	58	0.577017
111	77	0.52821
111	146	0.497622
111	149	1.34445
111	152	0.542421
111	155	1.43334
111	156	0.503506
111	157	1.43334
111	158	1.26348
111	162	1.27303
111	163	1.27769
111	164	0.545939
111	165	1.28315
111	167	1.28067
111	168	1.27244
111	169	0.485236
111	172	0.502207
111	173	1.27523
111	174	1.27501
111	175	1.27594
111	176	1.27604
111	178	1.29154
111	179	1.28594
111	180	1.25875
112	36	1.26776
112	46	1.43523
112	56	1.34839
112	58	1.31175
112	66	1.39527
112	69	1.25942
112	70	1.40204
112	80	1.29459
112	93	1.31856
112	94	1.3351
112	95	1.38272
112	100	1.3599
112	120	1.36344
112	129	0.492513
112	131	1.37476
112	137	1.38087
112	141	0.478015
112	151	0.401237
112	158	0.499782
112	162	0.477224
112	168	0.491778
112	171	0.472561
112	172	0.638348
112	173	0.48995
112	175	0.481488
112	176	0.489974
112	177	1.37019
113	51	0.452208
113	52	0.488769
113	81	0.499105
113	102	0.524762
113	126	0.477565
113	133	0.498308
113	135	0.505872
113	149	1.39445
113	154	0.499568
113	155	1.48334
113	157	1.48334
113	158	1.31348
113	160	0.494728
113	162	1.32303
113	163	1.32769
113	165	1.33315
113	167	1.33067
113	168	1.32244
113	169	0.458323
113	170	0.491858
113	173	1.32523
113	174	1.32501
113	175	1.32594
113	176	1.32604
113	178	1.34154
113	179	1.33594
113	180	1.30875
114	10	1.3518
114	12	1.38762
114	21	1.36112
114	26	1.47622
114	30	0.522077
114	47	1.22343
114	55	1.31563
114	61	0.530239
114	73	1.44465
114	74	1.43249
114	86	1.32527
114	97	1.35669
114	105	1.26632
114	106	1.30675
114	107	1.31016
114	109	1.37524
114	121	0.496383
114	140	0.440165
114	141	1.34283
114	142	0.47296
114	143	0.553232
114	150	0.423657
114	158	0.506655
114	159	1.32376
114	165	0.492096
114	176	0.496848
114	178	0.477872
115	26	0.406104
115	52	0.552417
115	66	0.534382
115	84	0.531699
115	94	0.574265
115	124	0.534143
115	135	0.56952
115	139	0.548272
115	149	1.30624
115	151	1.4113
115	152	0.579157
115	154	0.563216
115	155	1.39513
115	157	1.39513
115	158	1.22528
115	162	1.23482
115	163	1.23948
115	165	1.24494
115	167	1.24246
115	168	1.23423
115	173	1.23702
115	174	1.23681
115	175	1.23773
115	176	1.23783
115	178	1.25334
115	179	1.24773
115	180	1.22055
116	19	0.496034
116	48	0.482903
116	97	0.651514
116	123	1.32738
116	126	1.34369
116	130	1.29108
116	136	1.2982
116	144	1.29911
116	146	1.32724
116	150	0.446393
116	153	1.33283
116	154	1.31253
116	156	1.3214
116	157	0.430314
116	160	1.30657
116	161	1.32552
116	163	0.518942
116	164	1.30736
116	166	1.33658
116	168	0.521388
116	169	1.32126
116	170	1.32127
116	171	1.31338
116	172	1.31461
116	173	0.51956
116	177	0.510638
116	179	0.509197
116	180	0.523733
117	32	0.454294
117	72	0.541513
117	123	1.32344
117	124	1.32634
117	125	0.499577
117	126	1.33976
117	133	1.33708
117	136	1.29427
117	144	1.29518
117	146	1.32331
117	151	0.436124
117	153	1.3289
117	154	1.3086
117	156	1.31747
117	158	0.534669
117	159	0.542814
117	160	1.30264
117	161	1.32159
117	164	1.30343
117	165	0.520109
117	166	1.33264
117	167	0.523181
117	168	0.526665
117	169	1.31733
117	170	1.31734
117	172	1.31068
117	174	0.517144
117	175	0.516375
118	38	1.20671
118	39	1.21017
118	44	1.3771
118	50	1.32338
118	53	1.3124
118	57	1.20081
118	62	1.20035
118	68	1.33467
118	71	0.525618
118	75	1.29529
118	81	1.23983
118	89	1.26032
118	91	1.3956
118	120	0.515952
118	132	0.508057
118	135	1.31037
118	139	1.31776
118	141	0.527578
118	143	1.29343
118	148	1.33275
118	150	0.466347
118	151	0.4508
118	152	1.2941
118	158	0.549345
118	159	1.29495
118	169	0.67094
118	171	0.522125
118	175	0.531051
118	180	0.543687
119	2	1.36789
119	8	0.364581
119	9	1.35737
119	10	0.554192
119	16	1.20377
119	17	0.480149
119	20	0.319684
119	25	1.2988
119	33	1.29463
119	37	1.39104
119	43	1.39715
119	52	1.33985
119	76	1.29229
119	82	1.3902
119	84	1.32986
119	87	1.2741
119	98	1.34106
119	108	1.3719
119	136	0.651726
119	137	1.35526
119	138	1.34159
119	142	1.33244
119	143	0.55071
119	152	1.32077
119	155	0.417028
119	157	0.405056
119	161	0.66493
119	167	0.492646
119	169	0.625729
119	171	0.476913
120	1	0.308866
120	4	1.19547
120	9	0.760416
120	20	0.639714
120	24	0.523032
120	25	0.534856
120	40	0.446202
120	44	0.424347
120	46	1.41821
120	63	0.453799
120	94	1.31808
120	105	0.509696
120	108	0.435243
120	112	1.36344
120	118	0.515952
120	131	1.35774
120	148	0.446902
120	156	1.34618
120	160	1.33134
120	164	1.33214
120	166	1.36135
120	168	1.31869
120	170	1.34605
120	172	1.33939
120	173	1.32149
120	176	1.32229
120	177	1.35317
120	178	1.3378
120	179	1.3322
120	180	1.30501
121	12	0.512845
121	18	0.407713
121	27	0.456857
121	44	1.39866
121	66	0.479017
121	68	1.35624
121	69	0.571675
121	74	0.475012
121	76	0.541273
121	83	1.36813
121	100	0.530576
121	101	0.54253
121	104	1.37132
121	106	0.509959
121	109	0.476161
121	114	0.496383
121	122	1.32021
121	135	1.33193
121	154	1.32362
121	160	1.31766
121	161	1.33662
121	166	1.34767
121	167	1.31324
121	169	1.33235
121	170	1.33236
121	174	1.30758
121	175	1.30851
121	178	1.32411
121	179	1.31851
121	180	1.29132
122	16	0.569459
122	20	1.36204
122	24	1.27152
122	39	1.23289
122	40	1.39167
122	49	0.491421
122	53	1.33512
122	57	1.22353
122	60	0.431689
122	62	1.22307
122	65	1.22279
122	75	1.31801
122	81	1.26256
122	83	1.36929
122	89	1.28304
122	121	1.32021
122	137	0.496333
122	138	1.33765
122	139	1.34048
122	141	0.491523
122	143	1.31615
122	145	0.406714
122	148	1.35547
122	152	1.31683
122	159	1.31767
122	160	0.67129
122	162	0.490733
122	170	0.66842
122	171	0.48607
122	174	0.495766
122	180	0.507632
123	82	0.480589
123	92	0.478336
123	116	1.32738
123	117	1.32344
123	124	1.36078
123	126	1.3742
123	130	1.32159
123	132	0.478957
123	133	1.37152
123	136	1.32871
123	141	0.498478
123	144	1.32962
123	146	1.35775
123	153	1.36334
123	154	1.34304
123	156	1.35191
123	157	0.421168
123	159	0.52839
123	160	1.33708
123	161	1.35603
123	162	0.497687
123	164	1.33787
123	165	0.505685
123	166	1.36708
123	169	1.35177
123	170	1.35178
123	172	1.34512
123	173	0.510413
123	174	0.50272
123	175	0.501951
123	176	0.510437
123	179	0.500051
124	79	1.27811
124	88	0.561338
124	90	0.487523
124	103	0.619255
124	115	0.534143
124	117	1.32634
124	123	1.36078
124	126	1.37709
124	130	1.32449
124	133	1.37442
124	136	1.33161
124	137	0.472093
124	144	1.33252
124	146	1.36064
124	153	1.36624
124	154	1.34594
124	155	0.401945
124	156	1.35481
124	159	0.497196
124	160	1.33997
124	161	1.35893
124	163	0.478602
124	164	1.34077
124	166	1.36998
124	168	0.481047
124	169	1.35467
124	170	1.35468
124	172	1.34802
124	173	0.479219
124	175	0.470757
124	178	0.460267
124	179	0.468857
125	3	0.58731
125	29	0.53913
125	55	0.481247
125	105	0.507997
125	117	0.499577
125	126	0.461029
125	133	0.481772
125	147	1.46137
125	149	1.36933
125	150	1.46618
125	151	1.47438
125	153	0.46685
125	154	0.483032
125	155	1.45822
125	157	1.45822
125	158	1.28836
125	161	0.480989
125	162	1.2979
125	163	1.30257
125	165	1.30803
125	166	0.46694
125	167	1.30555
125	168	1.29731
125	170	0.475322
125	172	0.458759
125	173	1.30011
125	174	1.29989
125	175	1.30082
125	176	1.30092
125	178	1.31642
125	179	1.31082
125	180	1.28363
126	44	0.598578
126	102	1.3064
126	104	0.448453
126	113	0.477565
126	116	1.34369
126	117	1.33976
126	123	1.3742
126	124	1.37709
126	125	0.461029
126	130	1.3379
126	132	0.454833
126	133	1.38783
126	134	0.491224
126	136	1.34502
126	144	1.34593
126	146	1.37406
126	153	1.37965
126	154	1.35935
126	156	1.36822
126	158	0.496121
126	159	0.504267
126	160	1.35339
126	161	1.37234
126	163	0.485673
126	164	1.35418
126	166	1.3834
126	167	0.484634
126	169	1.36808
126	170	1.36809
126	172	1.36143
126	177	0.477368
126	178	0.467337
126	179	0.475927
126	180	0.490463
127	13	1.23154
127	31	1.33218
127	38	1.27244
127	40	1.43469
127	63	1.4011
127	65	1.2658
127	93	0.683873
127	99	1.33439
127	101	1.33105
127	103	1.42148
127	135	1.3761
127	137	0.498989
127	139	1.38349
127	145	0.409371
127	147	0.431712
127	148	1.39849
127	150	0.432949
127	155	0.428842
127	156	1.37666
127	157	0.41687
127	161	1.38079
127	162	0.493389
127	163	0.505499
127	164	1.36262
127	166	1.39184
127	167	0.50446
127	168	0.507944
127	169	1.37652
127	170	1.37653
127	171	1.36864
127	175	0.497653
127	177	1.38366
127	179	0.495753
127	180	0.510289
128	41	0.549967
128	62	0.563511
128	65	0.558926
128	76	0.521115
128	86	0.485104
128	87	0.524101
128	89	0.477458
128	109	0.456002
128	134	1.28538
128	145	1.43776
128	147	1.44437
128	148	0.449864
128	149	1.35232
128	150	1.44917
128	151	1.45737
128	152	0.503633
128	155	1.44121
128	157	1.44121
128	158	1.27135
128	160	0.482852
128	161	0.485649
128	162	1.2809
128	163	1.28556
128	165	1.29102
128	166	0.471601
128	167	1.28854
128	168	1.28031
128	172	0.463419
128	173	1.2831
128	174	1.28288
128	175	1.28381
128	176	1.28391
128	178	1.29941
128	179	1.29381
128	180	1.26662
129	2	0.37644
129	33	0.552603
129	46	0.477548
129	47	0.57955
129	67	0.474616
129	74	0.478016
129	101	0.545534
129	107	0.492479
129	112	0.492513
129	133	0.509596
129	134	1.28538
129	145	1.43776
129	146	0.481997
129	147	1.44437
129	149	1.35232
129	150	1.44917
129	151	1.45737
129	152	0.526796
129	154	0.510855
129	155	1.44121
129	157	1.44121
129	158	1.27135
129	162	1.2809
129	163	1.28556
129	165	1.29102
129	166	0.494763
129	167	1.28854
129	168	1.28031
129	173	1.2831
129	174	1.28288
129	175	1.28381
129	176	1.28391
129	178	1.29941
129	179	1.29381
129	180	1.26662
130	6	0.503025
130	64	0.509683
130	77	1.28403
130	90	0.539444
130	96	1.32979
130	102	1.2538
130	110	1.27282
130	116	1.29108
130	123	1.32159
130	124	1.32449
130	126	1.3379
130	133	1.33523
130	136	1.29242
130	137	0.524014
130	144	1.29333
130	145	0.434396
130	146	1.32145
130	149	0.464479
130	153	1.32705
130	154	1.30675
130	156	1.31562
130	159	0.549117
130	160	1.30078
130	161	1.31974
130	162	0.518414
130	164	1.30158
130	166	1.33079
130	167	0.529485
130	168	0.532969
130	169	1.31548
130	170	1.31548
130	172	1.30883
130	173	0.531141
130	176	0.531164
130	178	0.512188
130	180	0.535314
131	4	1.2068
131	17	1.38175
131	22	1.39161
131	28	1.29115
131	36	1.26206
131	46	1.42953
131	54	1.35804
131	58	1.30605
131	60	1.44889
131	66	1.38957
131	69	1.25373
131	70	1.39634
131	78	1.3499
131	80	1.28889
131	88	0.560075
131	93	1.31286
131	94	1.3294
131	95	1.37702
131	100	1.3542
131	112	1.37476
131	120	1.35774
131	137	1.37517
131	140	0.421297
131	142	0.454092
131	143	0.534364
131	146	0.621769
131	157	0.38871
131	159	0.495933
131	165	0.473228
131	166	0.634536
131	167	0.4763
131	171	0.460567
131	173	0.477956
131	175	0.469494
131	176	0.47798
131	177	1.3645
131	179	0.467594
132	5	1.41394
132	10	1.37429
132	18	1.39125
132	23	0.505701
132	31	1.31775
132	39	0.584285
132	42	0.44617
132	59	1.29896
132	62	0.552654
132	73	1.46715
132	74	1.45499
132	97	1.37918
132	99	1.31996
132	100	0.499561
132	101	1.31662
132	102	0.50203
132	103	1.40705
132	105	1.28881
132	107	1.33266
132	118	0.508057
132	123	0.478957
132	126	0.454833
132	136	0.461588
132	144	0.476241
132	148	0.439008
132	153	0.460654
132	156	0.453861
132	160	0.471996
132	164	0.496294
132	167	1.34298
132	168	1.33474
132	171	1.35421
132	173	1.33754
132	174	1.33732
132	175	1.33824
132	177	1.36923
132	178	1.35385
132	179	1.34825
132	180	1.32106
133	19	0.483507
133	34	1.3185
133	61	0.540448
133	90	0.515336
133	92	0.474956
133	110	1.32275
133	113	0.498308
133	117	1.33708
133	123	1.37152
133	124	1.37442
133	125	0.481772
133	126	1.38783
133	129	0.509596
133	130	1.33523
133	136	1.34235
133	143	1.34805
133	144	1.34326
133	146	1.37138
133	149	0.440371
133	151	0.41832
133	152	1.34872
133	153	1.37698
133	154	1.35668
133	155	0.429759
133	156	1.36555
133	158	0.516864
133	160	1.35071
133	161	1.36967
133	164	1.35151
133	166	1.38072
133	168	0.508861
133	169	1.36541
133	170	1.36541
133	171	1.35753
133	172	1.35876
133	177	0.498111
133	178	0.488081
133	179	0.496671
133	180	0.511206
134	2	0.378811
134	38	0.550376
134	75	0.508915
134	96	0.507713
134	103	0.480591
134	108	0.463738
134	109	0.481536
134	126	0.491224
134	128	1.28538
134	129	1.28538
134	144	0.512631
134	145	1.4535
134	146	0.484368
134	147	1.4601
134	149	1.36805
134	150	1.4649
134	151	1.47311
134	154	0.513226
134	155	1.45694
134	157	1.45694
134	158	1.28708
134	160	0.508386
134	162	1.29663
134	163	1.30129
134	164	0.532685
134	165	1.30675
134	167	1.30427
134	168	1.29604
134	169	0.471982
134	170	0.505517
134	173	1.29883
134	174	1.29861
134	175	1.29954
134	176	1.29964
134	178	1.31514
134	179	1.30954
134	180	1.28235
135	11	1.40254
135	24	1.28324
135	32	0.444053
135	38	1.24115
135	40	1.4034
135	49	0.502559
135	50	1.35782
135	56	1.33057
135	57	1.23526
135	60	0.442827
135	62	1.23479
135	63	1.36981
135	64	0.493139
135	65	1.23451
135	68	1.36912
135	75	1.32973
135	81	1.27428
135	83	1.38101
135	91	1.43005
135	92	0.48252
135	104	1.3842
135	113	0.505872
135	115	0.56952
135	118	1.31037
135	121	1.33193
