1	65	1.16384
1	74	1.10723
1	98	1.16713
1	102	1.22566
1	118	1.22721
1	126	0.728191
1	144	0.610106
1	145	1.24464
1	152	1.25162
1	154	0.982545
1	173	0.894114
1	178	1.02715
2	35	1.18941
2	92	1.20578
2	94	1.16449
2	130	1.23921
2	135	0.721845
2	145	1.23533
2	152	1.24232
2	154	1.00364
2	155	0.832423
2	156	0.683091
2	161	1.13862
2	172	0.999798
3	71	1.13931
3	87	1.15502
3	91	1.14142
3	101	1.13658
3	133	1.10556
3	137	0.790312
3	166	0.924965
3	168	0.936042
3	169	1.15635
3	176	1.08284
3	177	0.932565
4	44	1.16462
4	73	1.24497
4	80	1.21277
4	95	0.742413
4	96	1.1964
4	97	1.30863
4	113	1.23283
4	148	0.72254
4	166	0.971606
4	169	1.06246
4	172	0.955172
4	174	0.859236
5	12	0.713833
5	20	1.1997
5	30	1.23077
5	89	1.27374
5	131	1.24007
5	139	1.24816
5	158	1.15137
5	161	0.787963
5	171	0.85877
5	173	0.925644
5	175	0.938159
5	180	1.04445
6	17	1.21247
6	54	1.22189
6	72	1.25636
6	123	1.20789
6	124	1.20825
6	155	1.15094
6	158	1.14756
6	159	0.6268
6	167	0.803822
6	171	0.892721
6	174	0.948245
6	175	0.972111
7	48	0.716477
7	115	1.22544
7	125	1.21859
7	127	1.20133
7	128	1.26318
7	132	1.18333
7	138	1.22636
7	151	0.64489
7	169	1.0022
7	174	0.87159
7	175	1.08143
7	178	1.01597
8	24	1.31732
8	31	1.15142
8	55	1.18803
8	98	1.13103
8	102	1.18957
8	143	0.854801
8	145	1.20855
8	152	1.21553
8	159	0.55906
8	166	0.992874
8	169	1.01111
8	171	0.82498
9	62	1.1397
9	92	1.20716
9	106	1.18718
9	110	0.865664
9	130	1.24058
9	136	0.874171
9	145	1.23671
9	150	0.838437
9	152	1.24369
9	161	1.14
9	164	0.80643
9	176	0.866188
10	13	1.21195
10	53	1.18093
10	68	1.21193
10	82	1.16634
10	85	1.11429
10	119	0.664513
10	135	0.795129
10	147	1.20962
10	159	1.30377
10	160	0.688684
10	162	1.0801
10	175	1.00101
11	67	1.18919
11	112	1.23348
11	117	1.20984
11	123	1.21634
11	124	1.2167
11	149	0.738304
11	155	1.15939
11	158	1.15601
11	170	0.830016
11	171	0.926623
11	174	0.982147
11	176	0.761393
12	5	0.713833
12	74	0.984138
12	101	0.757712
12	128	1.15455
12	132	1.0747
12	138	1.11773
12	139	0.777304
12	157	1.0626
12	173	0.979409
12	175	0.972793
12	177	1.02232
12	179	1.0135
13	10	1.21195
13	36	1.29211
13	53	1.15591
13	77	1.19645
13	85	1.08927
13	103	0.678849
13	144	0.738394
13	146	0.765752
13	147	1.1846
13	159	1.27875
13	169	1.14166
13	177	0.917873
14	28	0.384265
14	43	0.775562
14	56	0.607463
14	87	0.553962
14	93	0.628192
14	164	1.35335
14	170	1.2386
14	172	1.1334
14	175	1.15297
14	177	1.2025
14	178	1.11624
14	179	1.19368
15	26	1.07505
15	62	1.05296
15	98	1.07246
15	102	1.13099
15	130	1.15385
15	141	0.978762
15	144	0.89018
15	149	0.918994
15	152	1.15696
15	161	1.05326
15	167	1.01841
16	42	0.797117
16	53	1.11267
16	68	1.14367
16	77	1.15321
16	82	1.09808
16	85	1.04604
16	86	1.16095
16	147	1.14136
16	155	1.01243
16	156	0.863097
16	159	1.23551
16	168	0.994167
16	176	0.863114
17	6	1.21247
17	22	1.13192
17	84	1.10668
17	88	0.794336
17	112	1.16633
17	123	1.14918
17	124	1.14955
17	149	0.798465
17	155	1.09224
17	158	1.08886
17	163	0.993087
17	168	0.952607
17	171	0.986785
18	26	0.651664
18	66	0.597927
18	74	0.741426
18	84	0.767754
18	131	0.549978
18	165	1.12038
18	170	1.20332
18	172	1.09812
18	173	1.1243
18	174	1.13497
18	177	1.16722
18	178	1.08096
18	179	1.1584
19	37	0.914385
19	115	1.15709
19	121	1.17641
19	125	1.15025
19	127	1.13299
19	128	1.19484
19	132	1.11499
19	134	0.777484
19	138	1.15802
19	149	0.773358
19	157	0.886461
19	175	1.01308
19	178	1.16158
20	5	1.1997
20	76	1.18807
20	90	0.901624
20	129	1.17969
20	131	1.16099
20	139	1.16909
20	146	0.733241
20	151	1.15786
20	158	1.07229
20	168	0.888839
20	177	0.885362
20	178	1.12292
20	180	0.965375
21	105	1.10233
21	111	1.17373
21	121	1.19062
21	125	1.16445
21	127	1.14719
21	132	1.12919
21	138	1.17222
21	141	0.819036
21	167	0.858687
21	168	0.913409
21	171	0.947587
21	174	1.00311
21	175	1.02729
22	17	1.13192
22	54	1.14134
22	57	1.16319
22	83	1.19704
22	112	1.14449
22	123	1.12734
22	124	1.1277
22	150	0.755714
22	154	1.104
22	158	1.06702
22	171	0.948694
22	176	0.783464
22	179	0.952168
23	56	1.17631
23	63	1.12277
23	80	1.14632
23	96	1.12995
23	97	1.24219
23	113	1.16639
23	116	1.13535
23	136	0.7713
23	146	0.738771
23	169	0.996011
23	175	1.00794
23	177	0.890892
23	178	1.12845
24	8	1.31732
24	34	1.27258
24	74	1.20961
24	88	0.611789
24	98	1.26951
24	102	1.32805
24	126	0.705189
24	145	1.34702
24	148	0.723065
24	152	1.35401
24	162	0.962719
24	168	0.77006
24	175	0.883627
25	42	0.85453
25	59	1.13346
25	93	1.14594
25	129	1.19614
25	131	1.17744
25	139	1.18554
25	146	0.895982
25	149	0.897438
25	151	1.17431
25	158	1.08874
25	159	0.819836
25	168	1.05158
25	180	0.981823
26	15	1.07505
26	18	0.651664
26	32	1.28864
26	92	1.13378
26	94	1.09249
26	106	1.1138
26	130	1.1672
26	152	1.17032
26	160	0.806375
26	161	1.06662
26	162	1.19779
26	164	0.814326
26	170	0.942707
27	69	1.32486
27	71	1.17966
27	75	1.02489
27	101	1.17693
27	104	1.16244
27	133	1.1459
27	137	0.83517
27	141	0.886527
27	156	0.849831
27	161	0.944271
27	166	0.965312
27	176	1.12318
27	179	1.01855
28	14	0.384265
28	50	1.4123
28	93	1.42287
28	129	1.47307
28	139	1.46247
28	154	0.866493
28	155	0.695272
28	158	1.36567
28	177	0.673533
28	178	0.911094
28	179	0.714662
28	180	1.25876
29	48	0.973971
29	57	1.17145
29	72	1.18406
29	112	1.15274
29	122	0.800208
29	123	1.13559
29	124	1.13595
29	126	0.974511
29	146	0.883785
29	147	1.15442
29	155	1.07865
29	158	1.07527
29	176	0.90833
30	5	1.23077
30	66	1.09856
30	131	1.19207
30	133	1.19195
30	139	1.20016
30	148	0.873004
30	157	0.87896
30	166	1.01136
30	167	0.865277
30	174	1.0097
30	176	1.16923
30	177	0.916521
30	180	0.99645
31	8	1.15142
31	48	0.782238
31	55	1.1606
31	65	1.10032
31	74	1.04371
31	98	1.10361
31	102	1.16214
31	145	1.18112
31	152	1.1881
31	155	0.865911
31	163	0.888129
31	166	1.04972
31	175	0.961216
32	26	1.28864
32	33	1.26394
32	120	1.30685
32	130	1.36744
32	135	0.710694
32	137	0.65728
32	143	1.22467
32	151	0.666012
32	152	1.37055
32	161	1.26685
32	163	0.84349
32	168	0.803011
32	172	0.988648
33	32	1.26394
33	35	1.09271
33	39	1.18097
33	94	1.06779
33	106	1.0891
33	130	1.1425
33	145	1.13863
33	152	1.14562
33	163	0.870907
33	165	0.990097
33	168	0.830428
33	173	0.931479
33	174	0.920129
34	24	1.27258
34	55	1.14329
34	65	1.08301
34	74	1.0264
34	90	0.916333
34	98	1.0863
34	102	1.14483
34	140	0.780126
34	145	1.16381
34	152	1.17079
34	159	0.671804
34	165	1.06322
34	180	1.1006
35	2	1.18941
35	33	1.09271
35	39	1.23466
35	62	1.09532
35	106	1.1428
35	130	1.1962
35	142	0.754753
35	143	1.05343
35	160	0.728991
35	161	1.09561
35	171	0.96193
35	179	0.965403
35	180	1.12481
36	13	1.29211
36	40	1.32413
36	52	1.31883
36	85	1.19445
36	86	1.30937
36	103	0.491173
36	147	1.28978
36	154	0.923156
36	159	1.38393
36	165	0.893342
36	173	0.834725
36	176	0.602621
36	180	0.930729
37	19	0.914385
37	87	0.833593
37	115	0.890009
37	118	1.10638
37	125	0.879085
37	140	1.07444
37	156	1.08097
37	165	0.95231
37	168	1.01604
37	173	0.956233
37	177	0.999147
37	178	0.912886
37	179	0.990329
38	50	0.829771
38	76	0.820446
38	79	0.844307
38	127	1.04739
38	132	1.02939
38	136	1.09737
38	138	1.07243
38	139	0.895276
38	160	1.11284
38	171	0.959768
38	175	0.927489
38	178	0.890758
38	179	0.9682
39	33	1.18097
39	35	1.23466
39	62	1.18358
39	94	1.20974
39	95	0.860911
39	106	1.23106
39	130	1.28446
39	136	0.764964
39	152	1.28757
39	161	1.18387
39	164	0.697223
39	170	0.825604
39	172	1.07367
39	176	0.756981
40	36	1.32413
40	53	1.18794
40	68	1.21894
40	82	1.17335
40	85	1.1213
40	86	1.23621
40	147	1.21662
40	153	0.702496
40	157	0.733751
40	159	1.31078
40	162	0.967448
40	166	0.976861
40	168	0.774789
40	179	0.812441
41	45	1.1888
41	93	1.23819
41	129	1.28839
41	131	1.26969
41	135	0.813014
41	139	1.27779
41	151	1.26656
41	158	1.18099
41	159	0.673587
41	160	0.706569
41	162	1.09799
41	176	0.774278
41	177	0.901853
41	180	1.07408
42	16	0.797117
42	25	0.85453
42	80	0.690556
42	83	0.714607
42	142	1.22623
42	158	0.765074
42	167	1.14044
42	168	1.10919
42	172	1.0232
42	173	1.04938
42	174	1.06004
42	177	1.09229
42	178	1.00603
42	179	1.08347
43	14	0.775562
43	51	1.05334
43	69	1.2667
43	79	1.06424
43	87	1.13721
43	101	1.11877
43	104	1.10429
43	133	1.08774
43	134	0.918291
43	157	1.02727
43	164	0.877497
43	166	0.907154
43	176	1.06502
43	179	1.10596
44	4	1.16462
44	80	1.08777
44	96	1.0714
44	97	1.18363
44	113	1.10783
44	116	1.0768
44	117	1.08562
44	120	1.08222
44	140	0.921194
44	156	0.913546
44	160	0.845854
44	169	0.937454
44	176	0.913562
44	180	1.24167
45	41	1.1888
45	58	1.07264
45	59	1.07649
45	118	0.734557
45	126	0.898919
45	129	1.13916
45	131	1.12047
45	139	1.12856
45	151	1.11733
45	157	0.922751
45	158	1.03177
45	175	1.07736
45	178	1.19787
45	180	0.92485
46	81	1.3311
46	111	1.23175
46	121	1.24863
46	125	1.22247
46	128	1.26706
46	132	1.18721
46	137	0.702603
46	138	1.23024
46	142	0.675334
46	155	0.866595
46	163	0.888813
46	173	0.949384
46	175	1.0853
46	179	0.885984
47	49	1.26774
47	75	1.13359
47	91	1.29046
47	101	1.28562
47	104	1.27114
47	126	0.717972
47	133	1.25459
47	151	0.645845
47	166	1.074
47	174	0.872545
47	175	0.896411
47	176	1.23187
47	178	1.01693
47	179	0.820495
48	7	0.716477
48	29	0.973971
48	31	0.782238
48	69	0.657062
48	129	1.20374
48	139	1.19314
48	147	0.809495
48	151	1.18191
48	173	1.03592
48	174	1.04658
48	177	1.07883
48	178	0.99257
48	179	1.07001
48	180	0.989428
49	47	1.26774
49	51	1.17987
49	66	1.12089
49	75	1.09327
49	79	1.19078
49	104	1.23082
49	133	1.21428
49	136	0.851104
49	153	0.90188
49	155	0.992435
49	160	0.775413
49	164	0.783363
49	166	1.03369
49	176	1.19156
49	177	0.970697
50	28	1.4123
50	38	0.829771
50	76	1.18636
50	78	1.12691
50	93	1.12778
50	95	0.795436
50	100	1.17047
50	126	0.757687
50	129	1.17798
50	131	1.15928
50	139	1.16738
50	141	0.728185
50	166	1.02463
50	172	1.0082
50	180	0.963666
51	43	1.05334
51	49	1.17987
51	69	1.34568
51	71	1.20048
51	87	1.21619
51	91	1.20259
51	133	1.16673
51	136	0.910442
51	142	0.860512
51	149	0.87937
51	150	0.874708
51	151	0.896513
51	164	0.842701
51	166	0.986135
51	176	1.14401
52	36	1.31883
52	68	1.21364
52	77	1.22317
52	82	1.16805
52	85	1.116
52	86	1.23091
52	141	0.72428
52	147	1.21132
52	150	0.65985
52	159	1.30548
52	164	0.627843
52	169	1.03896
52	172	1.00429
52	173	0.919705
53	10	1.18093
53	13	1.15591
53	16	1.11267
53	40	1.18794
53	77	1.16543
53	82	1.11031
53	86	1.17317
53	134	0.792727
53	147	1.15358
53	150	0.78394
53	159	1.24774
53	161	0.906114
53	164	0.751933
53	166	1.14481
53	170	0.880314
54	6	1.22189
54	22	1.14134
54	67	1.13146
54	83	1.22831
54	112	1.17575
54	123	1.15861
54	124	1.15897
54	136	0.757674
54	147	1.17744
54	158	1.09828
54	162	1.0734
54	164	0.689933
54	168	0.880743
54	175	0.99431
54	177	0.877266
55	8	1.18803
55	31	1.1606
55	34	1.14329
55	65	1.13694
55	74	1.08033
55	98	1.14022
55	102	1.19876
55	145	1.21773
55	152	1.22472
55	157	0.843442
55	161	0.847852
55	164	0.69367
55	165	1.04415
55	176	0.753428
55	180	1.08154
56	14	0.607463
56	23	1.17631
56	63	1.14235
56	73	1.19811
56	80	1.1659
56	96	1.14953
56	97	1.26177
56	100	1.20982
56	113	1.18597
56	159	0.668466
56	169	1.01559
56	172	1.08585
56	173	1.00126
56	175	1.01378
56	176	0.769156
57	22	1.16319
57	29	1.17145
57	84	1.13796
57	112	1.19761
57	123	1.18046
57	124	1.18082
57	147	1.19929
57	149	0.835789
57	155	1.12351
57	158	1.12014
57	160	0.79117
57	161	0.953302
57	164	0.79912
57	171	1.02411
57	176	0.858878
58	45	1.07264
58	76	1.18062
58	78	1.12117
58	89	1.18721
58	93	1.12203
58	103	0.808911
58	129	1.17223
58	131	1.15354
58	139	1.16163
58	144	0.868455
58	146	0.895813
58	158	1.06484
58	159	0.819668
58	171	1.08559
58	179	1.08906
58	180	0.957921
59	25	1.13346
59	45	1.07649
59	78	1.12501
59	100	1.16857
59	129	1.17608
59	131	1.15738
59	139	1.16547
59	144	0.823807
59	150	0.84796
59	151	1.15425
59	155	1.02502
59	156	0.875693
59	158	1.06868
59	175	1.12033
59	176	0.87571
59	180	0.961763
60	87	0.931954
60	100	0.911854
60	104	0.957168
60	152	0.879011
60	154	0.953918
60	157	1.03687
60	167	1.04475
60	168	1.01349
60	172	0.927498
60	173	0.953678
60	174	0.964344
60	177	0.996591
60	178	0.910331
60	179	0.987773
61	66	0.549497
61	83	0.509755
61	85	0.602117
61	112	0.602517
61	113	0.622384
61	139	0.486162
61	158	0.560221
61	167	1.31322
61	172	1.19597
61	173	1.22215
61	174	1.23282
61	176	1.34845
61	177	1.26507
61	178	1.17881
61	179	1.25625
61	180	1.17567
62	9	1.1397
62	15	1.05296
62	35	1.09532
62	39	1.18358
62	70	1.14545
62	92	1.11169
62	122	0.820125
62	130	1.14512
62	137	0.913568
62	145	1.14124
62	152	1.14823
62	159	0.827555
62	160	0.860537
62	161	1.04453
62	171	1.09348
62	177	1.05582
63	23	1.12277
63	56	1.14235
63	64	1.23166
63	80	1.11237
63	96	1.096
63	97	1.20823
63	113	1.13243
63	117	1.11022
63	119	0.851638
63	120	1.10682
63	122	0.835397
63	141	0.980197
63	159	0.842828
63	161	1.03794
63	169	0.962056
63	170	1.01214
64	63	1.23166
64	73	1.28741
64	80	1.25521
64	90	0.83975
64	96	1.23884
64	100	1.29912
64	113	1.27527
64	116	1.24424
64	117	1.25306
64	122	0.587791
64	143	0.890963
64	153	0.754671
64	164	0.636154
64	169	1.1049
64	173	0.928016
64	178	1.06105
65	1	1.16384
65	31	1.10032
65	34	1.08301
65	55	1.13694
65	74	1.02005
65	98	1.07994
65	102	1.13848
65	110	0.825023
65	118	1.14003
65	143	1.0206
65	145	1.15745
65	151	0.819601
65	152	1.16444
65	157	0.915561
65	161	0.919971
65	175	1.07017
66	18	0.597927
66	30	1.09856
66	49	1.12089
66	61	0.549497
66	69	1.2867
66	71	1.1415
66	87	1.15721
66	101	1.13876
66	104	1.12428
66	133	1.10774
66	143	1.0154
66	163	0.991879
66	166	0.927151
66	169	1.17171
66	176	1.08502
66	179	0.989051
67	11	1.18919
67	54	1.13146
67	72	1.16593
67	84	1.07496
67	99	0.855227
67	112	1.13461
67	123	1.11746
67	124	1.11782
67	147	1.13629
67	149	0.776569
67	151	0.793711
67	155	1.06052
67	158	1.05714
67	162	1.12337
67	163	0.97119
67	173	1.03176
68	10	1.21193
68	16	1.14367
68	40	1.21894
68	52	1.21364
68	77	1.19643
68	82	1.14131
68	85	1.08926
68	86	1.20417
68	99	0.855957
68	116	0.795933
68	126	0.866568
68	135	0.839123
68	141	0.837066
68	147	1.18458
68	157	0.890401
68	159	1.27874
68	167	0.876718
69	27	1.32486
69	43	1.2667
69	48	0.657062
69	51	1.34568
69	66	1.2867
69	87	1.42956
69	95	1.28636
69	133	1.38009
69	153	0.65018
69	155	0.740735
69	166	1.1995
69	167	0.667752
69	170	0.660044
69	172	0.908111
69	176	1.35737
69	178	0.956557
69	179	0.760125
70	62	1.14545
70	92	1.21291
70	94	1.17162
70	106	1.19293
70	114	0.658202
70	116	0.767534
70	120	1.18574
70	130	1.24633
70	135	0.810725
70	142	0.730042
70	143	1.10357
70	145	1.24246
70	152	1.24945
70	161	1.14575
70	162	1.0957
70	176	0.771989
70	178	1.13712
71	3	1.13931
71	27	1.17966
71	51	1.20048
71	66	1.1415
71	79	1.21139
71	101	1.26591
71	104	1.25143
71	133	1.23489
71	141	0.714407
71	151	0.671782
71	153	0.736487
71	162	1.00144
71	166	1.0543
71	169	1.02909
71	176	1.21217
71	177	0.805303
71	178	1.04286
72	6	1.25636
72	29	1.18406
72	67	1.16593
72	83	1.26278
72	84	1.15057
72	112	1.21022
72	123	1.19307
72	124	1.19343
72	126	0.779263
72	135	0.751818
72	155	1.13613
72	158	1.13275
72	163	0.884614
72	164	0.653324
72	169	1.06444
72	170	0.781704
72	178	1.07822
73	4	1.24497
73	56	1.19811
73	64	1.28741
73	80	1.16812
73	96	1.15175
73	97	1.26398
73	100	1.21204
73	113	1.18819
73	119	0.755186
73	120	1.16257
73	137	0.832388
73	142	0.805119
73	144	0.795163
73	146	0.822521
73	149	0.823977
73	165	1.13779
73	169	1.01781
74	1	1.10723
74	12	0.984138
74	18	0.741426
74	24	1.20961
74	31	1.04371
74	34	1.0264
74	55	1.08033
74	65	1.02005
74	98	1.02333
74	102	1.08186
74	118	1.08341
74	134	0.944882
74	145	1.10084
74	149	0.940756
74	151	0.957899
74	152	1.10783
74	170	1.03247
75	27	1.02489
75	47	1.13359
75	49	1.09327
75	79	1.05663
75	87	1.12959
75	91	1.11599
75	95	0.986391
75	101	1.11115
75	104	1.09667
75	114	0.818817
75	133	1.08013
75	134	0.913641
75	148	1.01666
75	153	0.991363
75	156	0.932587
75	175	1.17722
75	176	1.05741
76	20	1.18807
76	38	0.820446
76	50	1.18636
76	58	1.18062
76	78	1.19607
76	89	1.26212
76	100	1.23963
76	110	0.681658
76	131	1.22844
76	139	1.23654
76	153	0.740941
76	155	0.831496
76	157	0.772196
76	158	1.13974
76	169	1.03354
76	172	0.998872
76	180	1.03282
77	13	1.19645
77	16	1.15321
77	52	1.22317
77	53	1.16543
77	68	1.19643
77	82	1.15084
77	85	1.0988
77	86	1.21371
77	118	0.656077
77	136	0.76224
77	142	0.712311
77	143	0.949308
77	147	1.19412
77	159	1.28828
77	171	0.919488
77	172	1.07095
77	179	0.922961
78	50	1.12691
78	58	1.12117
78	59	1.12501
78	76	1.19607
78	89	1.20267
78	90	0.886123
78	93	1.13749
78	129	1.18769
78	131	1.16899
78	136	0.750268
78	139	1.17708
78	151	1.16586
78	161	0.836708
78	171	0.907515
78	172	1.05897
78	175	0.986904
78	177	0.86986
78	180	0.973373
79	38	0.844307
79	43	1.06424
79	49	1.19078
79	71	1.21139
79	75	1.05663
79	87	1.2271
79	91	1.2135
79	95	1.0839
79	104	1.19417
79	110	0.705519
79	133	1.17763
79	136	0.714025
79	154	1.02658
79	162	1.02975
79	166	0.997043
79	173	0.938146
79	174	0.926796
79	176	1.15491
80	4	1.21277
80	23	1.14632
80	42	0.690556
80	44	1.08777
80	56	1.1659
80	63	1.11237
80	64	1.25521
80	73	1.16812
80	96	1.11955
80	100	1.17983
80	110	0.756029
80	113	1.15598
80	137	0.741875
80	150	0.728802
80	165	1.04727
80	169	0.985606
80	178	1.12169
80	180	1.08466
81	46	1.3311
81	105	1.21071
81	107	1.26291
81	109	1.26204
81	114	0.627048
81	115	1.27968
81	125	1.27284
81	127	1.25557
81	128	1.31743
81	135	0.779571
81	138	1.28061
81	140	0.748466
81	159	0.640144
81	160	0.673126
81	166	1.07396
81	171	0.906065
81	174	0.961589
81	175	1.13567
82	10	1.16634
82	16	1.09808
82	40	1.17335
82	52	1.16805
82	53	1.11031
82	68	1.14131
82	77	1.15084
82	85	1.04367
82	86	1.15858
82	103	0.697846
82	140	0.816924
82	143	1.00434
82	147	1.13899
82	155	0.958608
82	159	1.23315
82	164	0.749536
82	177	0.936869
82	180	1.1374
83	22	1.19704
83	42	0.714607
83	54	1.22831
83	61	0.509755
83	72	1.26278
83	84	1.17181
83	112	1.23146
83	117	1.20782
83	123	1.21431
83	124	1.21467
83	142	0.738657
83	147	1.23314
83	153	0.839363
83	154	1.10114
83	155	1.15736
83	158	1.15399
83	161	0.875028
83	176	0.780604
83	177	0.90818
84	17	1.10668
84	18	0.767754
84	57	1.13796
84	67	1.07496
84	72	1.15057
84	83	1.17181
84	103	0.878726
84	112	1.11925
84	114	0.876387
84	117	1.09561
84	119	0.898293
84	123	1.10211
84	124	1.10247
84	142	0.948227
84	147	1.12094
84	155	1.04516
84	158	1.04178
84	160	0.922465
84	179	1.15888
85	10	1.11429
85	13	1.08927
85	16	1.04604
85	36	1.19445
85	40	1.1213
85	52	1.116
85	61	0.602117
85	68	1.08926
85	77	1.0988
85	82	1.04367
85	86	1.10654
85	88	0.845748
85	142	0.831019
85	147	1.08694
85	149	0.849877
85	153	0.931725
85	159	1.1811
85	165	1.16369
85	169	1.22433
86	16	1.16095
86	36	1.30937
86	40	1.23621
86	52	1.23091
86	53	1.17317
86	68	1.20417
86	77	1.21371
86	82	1.15858
86	85	1.10654
86	144	0.665073
86	147	1.20186
86	148	0.801034
86	149	0.693887
86	154	1.03751
86	159	1.29602
86	172	1.03367
86	174	0.93773
86	176	0.716976
86	177	0.844552
87	3	1.15502
87	14	0.553962
87	37	0.833593
87	43	1.13721
87	51	1.21619
87	60	0.931954
87	66	1.15721
87	69	1.42956
87	75	1.12959
87	79	1.2271
87	91	1.28646
87	133	1.2506
87	146	0.691109
87	150	0.687904
87	155	0.864969
87	161	0.810078
87	166	1.07001
87	175	0.960274
87	176	1.22788
88	17	0.794336
88	24	0.611789
88	85	0.845748
88	109	0.790777
88	147	0.716635
88	152	0.635494
88	154	1.09428
88	158	0.803852
88	165	1.09012
88	166	1.06246
88	168	1.15385
88	170	1.17305
88	171	1.1197
88	172	1.06786
88	173	1.09404
88	174	1.1047
88	177	1.13695
88	178	1.05069
88	179	1.12813
89	5	1.27374
89	58	1.18721
89	76	1.26212
89	78	1.20267
89	93	1.20353
89	99	0.770825
89	129	1.25373
89	131	1.23504
89	139	1.24313
89	148	0.799313
89	151	1.2319
89	155	0.864569
89	156	0.715238
89	157	0.805269
89	158	1.14634
89	170	0.783878
89	178	1.08039
89	179	0.883959
89	180	1.03942
90	20	0.901624
90	34	0.916333
90	64	0.83975
90	78	0.886123
90	138	0.929714
90	141	1.10207
90	144	1.16358
90	148	1.07838
90	155	1.02391
90	158	0.974908
90	160	1.13884
90	163	0.996892
90	165	0.956182
90	171	0.985769
90	173	0.960106
90	174	0.970772
90	177	1.00302
90	178	0.916759
90	179	0.994201
91	3	1.14142
91	47	1.29046
91	51	1.20259
91	75	1.11599
91	79	1.2135
91	87	1.28646
91	101	1.26802
91	104	1.25354
91	114	0.59776
91	133	1.237
91	143	0.906598
91	148	0.795605
91	166	1.05641
91	167	0.787877
91	171	0.876777
91	173	0.943651
91	174	0.932301
91	176	1.21428
91	179	0.880251
92	2	1.20578
92	9	1.20716
92	26	1.13378
92	62	1.11169
92	70	1.21291
92	94	1.13786
92	103	0.680544
92	106	1.15917
92	130	1.21257
92	134	0.773028
92	137	0.777314
92	143	1.0698
92	145	1.2087
92	152	1.21568
92	156	0.791975
92	161	1.11199
92	174	1.01275
92	175	1.03661
92	176	0.791991
92	178	1.15713
93	14	0.628192
93	25	1.14594
93	28	1.42287
93	41	1.23819
93	50	1.12778
93	58	1.12203
93	78	1.13749
93	89	1.20353
93	110	0.789362
93	129	1.18855
93	131	1.16986
93	139	1.17795
93	156	0.789868
93	158	1.08116
93	168	0.920938
93	171	0.955116
93	173	1.02199
93	174	1.01064
93	176	0.789885
93	180	0.974239
94	2	1.16449
94	26	1.09249
94	33	1.06779
94	39	1.20974
94	70	1.17162
94	92	1.13786
94	106	1.11788
94	120	1.11069
94	130	1.17128
94	143	1.02851
94	145	1.16741
94	152	1.17439
94	159	0.665888
94	161	1.07069
94	163	0.938111
94	174	0.987333
94	175	1.0112
94	176	0.766578
94	177	0.894154
94	178	1.13171
94	179	0.935283
95	4	0.742413
95	39	0.860911
95	50	0.795436
95	69	1.28636
95	75	0.986391
95	79	1.0839
95	101	1.13842
95	124	0.921231
95	130	0.863445
95	133	1.1074
95	145	0.829116
95	148	1.07666
95	152	0.766643
95	167	1.04945
95	170	1.0374
95	173	0.958385
95	174	0.969051
95	176	1.08468
95	177	1.0013
95	178	0.915038
95	179	0.992481
96	4	1.1964
96	23	1.12995
96	44	1.0714
96	56	1.14953
96	63	1.096
96	64	1.23884
96	73	1.15175
96	80	1.11955
96	97	1.21541
96	113	1.13961
96	116	1.10858
96	120	1.114
96	122	0.704686
96	140	0.820438
96	148	0.896865
96	153	0.871566
96	165	1.10353
96	167	0.889138
96	169	0.969235
96	171	0.978037
96	175	1.05743
97	4	1.30863
97	23	1.24219
97	44	1.18363
97	56	1.26177
97	63	1.20823
97	73	1.26398
97	96	1.21541
97	113	1.25185
97	116	1.22081
97	117	1.22963
97	119	0.642443
97	120	1.22623
97	126	0.800505
97	153	0.793082
97	155	0.883638
97	157	0.824337
97	163	0.905856
97	164	0.674566
97	169	1.08147
97	177	0.861899
97	180	1.06243
98	1	1.16713
98	8	1.13103
98	15	1.07246
98	24	1.26951
98	31	1.10361
98	34	1.0863
98	55	1.14022
98	65	1.07994
98	74	1.02333
98	99	0.887621
98	102	1.14176
98	118	1.14331
98	144	0.780148
98	145	1.16074
98	150	0.804301
98	152	1.16772
98	153	0.890811
98	160	0.764343
98	173	1.06416
98	177	0.959627
98	180	1.16016
99	67	0.855227
99	68	0.855957
99	89	0.770825
99	98	0.887621
99	107	0.885216
99	140	1.09725
99	144	1.18252
99	147	0.799423
99	148	1.09732
99	154	0.979286
99	156	1.10379
99	158	0.88664
99	164	1.17281
99	165	0.975122
99	167	1.07011
99	170	1.05806
99	172	0.952866
99	173	0.979045
99	174	0.989711
99	177	1.02196
99	179	1.01314
100	50	1.17047
100	56	1.20982
100	59	1.16857
100	60	0.911854
100	64	1.29912
100	73	1.21204
100	76	1.23963
100	80	1.17983
100	113	1.1999
100	122	0.587434
100	129	1.23125
100	131	1.21255
100	139	1.22065
100	141	0.732234
100	161	0.789979
100	169	1.02952
100	174	0.916309
100	175	0.940175
100	177	0.823131
100	178	1.06069
100	179	0.864259
100	180	1.01694
101	3	1.13658
101	12	0.757712
101	27	1.17693
101	43	1.11877
101	47	1.28562
101	66	1.13876
101	71	1.26591
101	75	1.11115
101	91	1.26802
101	95	1.13842
101	104	1.2487
101	133	1.23216
101	136	0.745402
101	153	0.796177
101	159	0.636728
101	161	0.831842
101	165	1.02814
101	166	1.05157
101	170	0.806041
101	174	0.958173
101	176	1.20944
101	180	1.06553
102	1	1.22566
102	8	1.18957
102	15	1.13099
102	24	1.32805
102	31	1.16214
102	34	1.14483
102	55	1.19876
102	65	1.13848
102	74	1.08186
102	98	1.14176
102	118	1.20184
102	145	1.21927
102	149	0.743742
102	151	0.760885
102	152	1.22626
102	156	0.766814
102	159	0.666141
102	166	1.09996
102	170	0.835454
102	173	0.998935
102	174	0.987585
102	177	0.894407
103	13	0.678849
103	36	0.491173
103	58	0.808911
103	82	0.697846
103	84	0.878726
103	92	0.680544
103	117	0.669318
103	122	1.32841
103	132	0.684145
103	133	0.619076
103	140	1.2511
103	162	1.11809
103	164	1.32667
103	170	1.21191
103	171	1.15856
103	172	1.10672
103	173	1.1329
103	174	1.14356
103	176	1.25919
103	177	1.17581
103	178	1.08955
103	180	1.08641
104	27	1.16244
104	43	1.10429
104	47	1.27114
104	49	1.23082
104	60	0.957168
104	66	1.12428
104	71	1.25143
104	75	1.09667
104	79	1.19417
104	91	1.25354
104	101	1.2487
104	133	1.21768
104	144	0.688966
104	148	0.824927
104	159	0.640179
104	163	0.912402
104	164	0.681111
104	166	1.03708
104	172	1.05756
104	174	0.961623
104	176	1.19496
104	179	0.909573
105	21	1.10233
105	81	1.21071
105	107	1.09215
105	108	1.09914
105	109	1.09128
105	111	1.11136
105	115	1.10892
105	121	1.12824
105	122	0.769964
105	125	1.10207
105	127	1.08481
105	128	1.14667
105	132	1.06682
105	138	1.10985
105	151	0.872139
105	159	0.777395
105	166	1.21121
105	168	1.00914
105	173	1.11019
105	175	0.964911
105	176	0.878085
105	177	1.00566
106	9	1.18718
106	26	1.1138
106	33	1.0891
106	35	1.1428
106	39	1.23106
106	70	1.19293
106	92	1.15917
106	94	1.11788
106	119	0.68896
106	120	1.13201
106	126	0.847022
106	130	1.1926
106	137	0.766163
106	143	1.04983
106	145	1.18872
106	149	0.757751
106	152	1.19571
106	161	1.09201
106	163	0.952373
106	166	1.11396
106	175	1.02546
106	176	0.78084
106	180	1.10895
107	81	1.26291
107	99	0.885216
107	105	1.09215
107	108	1.15135
107	109	1.14348
107	111	1.16356
107	115	1.16113
107	116	0.825192
107	118	0.731466
107	121	1.18044
107	125	1.15428
107	127	1.13702
107	128	1.19887
107	132	1.11902
107	137	0.814969
107	138	1.16205
107	140	0.837277
107	146	0.805101
107	150	1.17445
107	161	0.92407
107	165	1.12037
107	175	1.01711
107	177	0.957222
108	105	1.09914
108	107	1.15135
108	109	1.15047
108	111	1.17055
108	115	1.16811
108	121	1.18743
108	125	1.16127
108	126	1.16634
108	127	1.14401
108	128	1.20586
108	132	1.12601
108	136	0.784907
108	138	1.16904
108	150	1.18144
108	151	0.770977
108	161	0.871347
108	162	1.10063
108	164	0.717166
108	169	1.12828
108	173	1.00903
108	175	1.0241
108	176	0.776924
108	177	0.904499
109	81	1.26204
109	88	0.790777
109	105	1.09128
109	107	1.14348
109	108	1.15047
109	111	1.16268
109	115	1.16025
109	116	0.813541
109	119	0.726115
109	121	1.17957
109	125	1.1534
109	127	1.13614
109	128	1.19799
109	132	1.11814
109	138	1.16117
109	144	0.766092
109	150	1.17357
109	157	0.908009
109	161	0.912419
109	166	1.15112
109	167	0.894326
109	175	1.01624
109	177	0.945571
110	9	0.865664
110	65	0.825023
110	76	0.681658
110	79	0.705519
110	80	0.756029
110	93	0.789362
110	128	0.718949
110	134	1.21684
110	145	0.724662
110	147	0.74333
110	154	1.07337
110	157	1.15633
110	160	1.25186
110	162	1.05832
110	163	1.10992
110	165	1.06921
110	167	1.1642
110	171	1.09879
110	172	1.04695
110	174	1.0838
110	176	1.19943
110	177	1.11605
110	178	1.02978
110	179	1.10723
111	21	1.17373
111	46	1.23175
111	105	1.11136
111	107	1.16356
111	108	1.17055
111	109	1.16268
111	115	1.18033
111	116	0.73357
111	121	1.19965
111	126	1.17856
111	127	1.15622
111	128	1.21807
111	132	1.13822
111	136	0.746007
111	138	1.18125
111	143	0.933075
111	144	0.686121
111	150	1.19365
111	153	0.796783
111	154	1.05856
111	169	1.08939
111	170	0.806647
111	175	1.03632
111	177	0.8656
111	180	1.06613
112	11	1.23348
112	17	1.16633
112	22	1.14449
112	29	1.15274
112	54	1.17575
112	57	1.19761
112	61	0.602517
112	67	1.13461
112	72	1.21022
112	83	1.23146
112	84	1.11925
112	123	1.16175
112	124	1.16211
112	142	0.83142
112	144	0.821463
112	147	1.18058
112	148	0.957424
112	150	0.845616
112	151	0.86742
112	155	1.10481
112	158	1.10143
112	160	0.805658
112	170	0.941989
112	173	1.10547
112	176	0.873366
113	4	1.23283
113	23	1.16639
113	44	1.10783
113	56	1.18597
113	61	0.622384
113	63	1.13243
113	64	1.27527
113	73	1.18819
113	80	1.15598
113	96	1.13961
113	97	1.25185
113	100	1.1999
113	114	0.779446
113	116	1.14501
113	117	1.15383
113	120	1.15043
113	135	0.93197
113	141	0.929912
113	150	0.865483
113	156	0.893216
113	159	0.792543
113	164	0.833475
113	167	0.969564
113	169	1.00567
113	177	1.02081
114	70	0.658202
114	75	0.818817
114	81	0.627048
114	84	0.876387
114	91	0.59776
114	113	0.779446
114	130	0.645728
114	139	0.643224
114	147	0.630067
114	157	1.18237
114	158	0.717283
114	159	1.33292
114	160	1.27791
114	162	1.08437
114	164	1.29295
114	167	1.19025
114	170	1.17819
114	172	1.073
114	173	1.09918
114	174	1.10984
114	175	1.09256
114	176	1.22547
114	177	1.14209
114	178	1.05583
114	179	1.13327
115	7	1.22544
115	19	1.15709
115	37	0.890009
115	81	1.27968
115	105	1.10892
115	107	1.16113
115	108	1.16811
115	109	1.16025
115	111	1.18033
115	121	1.19721
115	122	0.66395
115	125	1.17105
115	127	1.15379
115	132	1.13579
115	138	1.17882
115	140	0.779702
115	142	0.730125
115	150	1.19122
115	151	0.766125
115	154	1.09261
115	167	0.848402
115	170	0.840694
115	175	1.03388
115	179	0.940775
115	180	1.10018
116	23	1.13535
116	44	1.0768
116	64	1.24424
116	68	0.795933
116	70	0.767534
116	96	1.10858
116	97	1.22081
116	107	0.825192
116	109	0.813541
116	111	0.73357
116	113	1.14501
116	117	1.1228
116	129	0.724051
116	131	0.767943
116	147	0.739399
116	158	0.826616
116	162	0.99373
116	164	1.20231
116	167	1.09961
116	169	0.974636
116	170	1.08755
116	173	1.00854
116	177	1.05145
116	178	0.965194
116	179	1.04264
117	11	1.20984
117	44	1.08562
117	63	1.11022
117	64	1.25306
117	83	1.20782
117	84	1.09561
117	97	1.22963
117	103	0.669318
117	113	1.15383
117	116	1.1228
117	120	1.12822
117	123	1.13811
117	124	1.13847
117	134	0.761802
117	141	0.817445
117	146	0.75622
117	147	1.15694
117	155	1.08117
117	157	0.870779
117	158	1.07779
117	166	1.11389
117	168	0.911818
117	169	0.983456
117	173	1.01287
117	174	1.00152
117	175	1.02539
118	1	1.22721
118	37	1.10638
118	45	0.734557
118	65	1.14003
118	74	1.08341
118	77	0.656077
118	98	1.14331
118	102	1.20184
118	107	0.731466
118	124	0.71912
118	125	0.662966
118	130	0.661334
118	132	0.697412
118	139	0.658831
118	145	1.22082
118	147	0.645673
118	148	1.17153
118	152	1.22781
118	158	0.73289
118	160	1.23198
118	167	1.14432
118	170	1.13226
118	172	1.02707
118	173	1.05325
118	174	1.06391
118	178	1.0099
119	10	0.664513
119	63	0.851638
119	73	0.755186
119	84	0.898293
119	97	0.642443
119	106	0.68896
119	109	0.726115
119	120	0.760336
119	135	1.23145
119	136	1.22367
119	138	0.693996
119	140	1.17861
119	146	1.2183
119	149	1.20854
119	158	0.73919
119	163	1.09719
119	164	1.25417
119	168	1.12021
119	171	1.08607
119	173	1.0604
119	174	1.07107
119	175	1.05379
119	176	1.1867
119	177	1.10332
119	178	1.01706
119	179	1.0945
120	32	1.30685
120	44	1.08222
120	63	1.10682
120	70	1.18574
120	73	1.16257
120	94	1.11069
120	96	1.114
120	97	1.22623
120	106	1.13201
120	113	1.15043
120	117	1.12822
120	119	0.760336
120	130	1.18541
120	140	0.859847
120	143	1.04264
120	145	1.18153
120	150	0.824465
120	153	0.910975
120	156	0.852199
120	160	0.784507
120	161	1.08482
120	163	1.02375
120	167	0.928546
120	169	0.980055
120	170	0.920838
120	173	1.08432
121	19	1.17641
121	21	1.19062
121	46	1.24863
121	105	1.12824
121	107	1.18044
121	108	1.18743
121	109	1.17957
121	111	1.19965
121	115	1.19721
121	125	1.19036
121	127	1.1731
121	128	1.23496
121	132	1.15511
121	137	0.770405
121	138	1.19814
121	142	0.743136
121	146	0.760538
121	150	1.21054
121	156	0.785066
121	157	0.875097
121	160	0.717375
121	167	0.861414
121	169	1.13644
121	171	0.950313
121	175	1.0532
121	176	0.785083
121	180	1.11319
122	29	0.800208
122	62	0.820125
122	63	0.835397
122	64	0.587791
122	96	0.704686
122	100	0.587434
122	103	1.32841
122	105	0.769964
122	115	0.66395
122	125	0.653025
122	131	0.664276
122	133	0.622403
122	142	1.27547
122	144	1.30209
122	154	1.09886
122	155	1.16242
122	157	1.18181
122	159	1.33235
122	160	1.27735
122	163	1.1354
122	168	1.15842
122	173	1.09861
122	174	1.10928
122	175	1.092
122	177	1.14153
122	178	1.05527
122	179	1.13271
123	6	1.20789
123	11	1.21634
123	17	1.14918
123	22	1.12734
123	29	1.13559
123	54	1.15861
123	57	1.18046
123	67	1.11746
123	72	1.19307
123	83	1.21431
123	84	1.10211
123	112	1.16175
123	117	1.13811
123	124	1.14497
123	137	0.755999
123	147	1.16344
123	148	0.854734
123	151	0.76473
123	155	1.08766
123	157	0.86069
123	158	1.08428
123	159	0.669986
123	166	1.1038
123	167	0.847007
123	172	1.08737
123	173	1.00278
123	176	0.770676
123	180	1.09878
124	6	1.20825
124	11	1.2167
124	17	1.14955
124	22	1.1277
124	29	1.13595
124	54	1.15897
124	57	1.18082
124	67	1.11782
124	72	1.19343
124	83	1.21467
124	84	1.10247
124	95	0.921231
124	112	1.16211
124	117	1.13847
124	118	0.71912
124	123	1.14497
124	143	1.01235
124	147	1.1638
124	150	0.78955
124	155	1.08802
124	156	0.817284
124	158	1.08464
124	159	0.71661
124	160	0.749592
124	161	0.911724
124	163	0.988833
124	170	0.885923
124	174	1.03805
125	7	1.21859
125	19	1.15025
125	21	1.16445
125	37	0.879085
125	46	1.22247
125	81	1.27284
125	105	1.10207
125	107	1.15428
125	108	1.16127
125	109	1.1534
125	115	1.17105
125	118	0.662966
125	121	1.19036
125	122	0.653025
125	126	1.16927
125	127	1.14694
125	128	1.20879
125	132	1.12894
125	138	1.17197
125	150	1.18437
125	151	0.7552
125	155	0.910461
125	157	0.851161
125	164	0.701389
125	167	0.837478
125	175	1.02703
125	176	0.761147
125	178	1.12628
125	179	0.929851
125	180	1.08925
126	1	0.728191
126	24	0.705189
126	29	0.974511
126	45	0.898919
126	47	0.717972
126	50	0.757687
126	68	0.866568
126	72	0.779263
126	97	0.800505
126	106	0.847022
126	108	1.16634
126	111	1.17856
126	125	1.16927
126	127	1.15201
126	128	1.21387
126	129	0.794686
126	132	1.13401
126	138	1.17705
126	146	1.19662
126	150	1.18945
126	156	1.16347
126	162	1.02391
126	169	1.00482
126	172	1.01255
126	173	1.03873
126	175	1.03211
126	177	1.08164
126	178	0.995379
126	179	1.07282
126	180	0.992237
127	7	1.20133
127	19	1.13299
127	21	1.14719
127	38	1.04739
127	81	1.25557
127	105	1.08481
127	107	1.13702
127	108	1.14401
127	109	1.13614
127	111	1.15622
127	115	1.15379
127	121	1.1731
127	125	1.14694
127	126	1.15201
127	128	1.19153
127	132	1.11168
127	138	1.15471
127	143	0.960502
127	146	0.740906
127	150	1.16711
127	151	0.759505
127	156	0.765434
127	160	0.697743
127	167	0.841782
127	170	0.834074
127	171	0.930681
127	172	1.08214
127	173	0.997555
127	175	1.00977
127	178	1.13059
127	180	1.09356
128	7	1.26318
128	12	1.15455
128	19	1.19484
128	46	1.26706
128	81	1.31743
128	105	1.14667
128	107	1.19887
128	108	1.20586
128	109	1.19799
128	110	0.718949
128	111	1.21807
128	121	1.23496
128	125	1.20879
128	126	1.21387
128	127	1.19153
128	132	1.17353
128	135	0.758209
128	138	1.21657
128	150	1.22896
128	154	1.04001
128	155	0.868787
128	159	0.618782
128	160	0.651764
128	161	0.813896
128	164	0.659715
128	165	1.01019
128	166	1.0526
128	172	1.03616
128	175	1.07163
128	176	0.719473
128	179	0.888177
129	20	1.17969
129	25	1.19614
129	28	1.47307
129	41	1.28839
129	45	1.13916
129	48	1.20374
129	50	1.17798
129	58	1.17223
129	59	1.17608
129	78	1.18769
129	89	1.25373
129	93	1.18855
129	100	1.23125
129	116	0.724051
129	126	0.794686
129	131	1.22006
129	135	0.767242
129	139	1.22815
129	140	0.736136
129	150	0.700755
129	151	1.21692
129	155	0.877819
129	158	1.13136
129	163	0.900037
129	167	0.804836
129	174	0.949259
129	175	0.973125
129	176	0.728505
129	177	0.856081
129	179	0.897209
129	180	1.02444
130	2	1.23921
130	9	1.24058
130	15	1.15385
130	26	1.1672
130	32	1.36744
130	33	1.1425
130	35	1.1962
130	39	1.28446
130	62	1.14512
130	70	1.24633
130	92	1.21257
130	94	1.17128
130	95	0.863445
130	106	1.1926
130	114	0.645728
130	118	0.661334
130	120	1.18541
130	136	0.767497
130	143	1.10323
130	145	1.24213
130	146	0.734969
130	150	0.731764
130	152	1.24911
130	153	0.818273
130	155	0.908829
130	160	0.691806
130	161	1.14541
130	170	0.828137
130	171	0.924745
130	172	1.0762
130	179	0.928219
131	5	1.24007
131	18	0.549978
131	20	1.16099
131	25	1.17744
131	30	1.19207
131	41	1.26969
131	45	1.12047
131	50	1.15928
131	58	1.15354
131	59	1.15738
131	76	1.22844
131	78	1.16899
131	89	1.23504
131	93	1.16986
131	100	1.21255
131	116	0.767943
131	122	0.664276
131	129	1.22006
131	134	0.753434
131	139	1.20946
131	144	0.720494
131	150	0.744647
131	151	1.19823
131	158	1.11266
131	162	1.09611
131	163	0.94393
131	164	0.712639
131	170	0.84102
131	173	1.0045
131	178	1.13753
131	179	0.941101
131	180	1.00575
132	7	1.18333
132	12	1.0747
132	19	1.11499
132	21	1.12919
132	38	1.02939
132	46	1.18721
132	103	0.684145
132	105	1.06682
132	107	1.11902
132	108	1.12601
132	109	1.11814
132	111	1.13822
132	115	1.13579
132	118	0.697412
132	121	1.15511
132	125	1.12894
132	126	1.13401
132	127	1.11168
132	128	1.17353
132	134	0.776629
132	138	1.13671
132	150	1.14911
132	154	1.11613
132	160	0.727884
132	162	1.1193
132	167	0.871923
132	168	0.926645
132	173	1.0277
132	174	1.01635
132	175	0.991776
132	176	0.795592
132	180	1.1237
133	3	1.10556
133	27	1.1459
133	30	1.19195
133	43	1.08774
133	47	1.25459
133	49	1.21428
133	51	1.16673
133	66	1.10774
133	69	1.38009
133	71	1.23489
133	75	1.08013
133	79	1.17763
133	87	1.2506
133	91	1.237
133	95	1.1074
133	101	1.23216
133	103	0.619076
133	104	1.21768
133	122	0.622403
133	142	0.688577
133	148	0.814582
133	153	0.789283
133	162	1.05424
133	164	0.670766
133	166	1.02054
133	167	0.806855
133	169	1.08188
133	170	0.799147
133	172	1.04721
133	173	0.962628
133	176	1.17841
133	180	1.05863
134	19	0.777484
134	43	0.918291
134	53	0.792727
134	74	0.944882
134	75	0.913641
134	92	0.773028
134	110	1.21684
134	117	0.761802
134	131	0.753434
134	132	0.776629
134	139	0.738047
134	144	1.25029
134	147	0.72489
134	148	1.16509
134	152	0.643749
134	153	1.16976
134	157	1.13001
134	160	1.22555
134	162	1.032
134	163	1.0836
134	165	1.04289
134	167	1.13788
134	168	1.10662
134	169	1.01291
134	170	1.12583
134	171	1.07248
134	172	1.02064
134	173	1.04682
134	174	1.05748
134	177	1.08973
134	178	1.00347
134	179	1.08091
134	180	1.00033
135	2	0.721845
135	10	0.795129
135	32	0.710694
135	41	0.813014
135	68	0.839123
135	70	0.810725
135	72	0.751818
135	81	0.779571
135	113	0.93197
135	119	1.23145
135	128	0.758209
135	129	0.767242
135	139	0.795747
135	142	1.251
135	153	1.19709
135	154	1.07439
135	156	1.19889
135	163	1.11093
135	165	1.07022
135	166	1.04257
135	167	1.16521
135	169	1.04024
135	170	1.15316
135	171	1.09981
135	172	1.04797
135	173	1.07414
135	174	1.08481
135	175	1.06753
135	176	1.20044
135	177	1.11706
135	178	1.0308
135	179	1.10824
136	9	0.874171
136	23	0.7713
136	38	1.09737
136	39	0.764964
136	49	0.851104
136	51	0.910442
136	54	0.757674
136	77	0.76224
136	78	0.750268
136	79	0.714025
136	101	0.745402
136	108	0.784907
136	111	0.746007
136	119	1.22367
136	130	0.767497
136	137	1.22824
136	140	1.18457
136	143	1.09505
136	149	1.21451
136	153	1.18932
136	154	1.06661
136	156	1.19111
136	157	1.14956
136	165	1.06245
136	167	1.15744
136	168	1.12618
136	170	1.14538
136	171	1.09203
136	173	1.06637
136	174	1.07704
136	176	1.19266
136	177	1.10928
136	179	1.10046
136	180	1.01988
137	3	0.790312
137	27	0.83517
137	32	0.65728
137	46	0.702603
137	62	0.913568
137	73	0.832388
137	80	0.741875
137	92	0.777314
137	106	0.766163
137	107	0.814969
137	121	0.770405
137	123	0.755999
137	136	1.22824
137	142	1.24183
137	145	0.710508
137	146	1.22287
137	153	1.18792
137	155	1.12878
137	156	1.18971
137	159	1.29871
137	162	1.05016
137	163	1.10176
137	164	1.25874
137	168	1.12478
137	169	1.03107
137	170	1.14399
137	171	1.09064
137	172	1.03879
137	173	1.06497
137	174	1.07564
137	175	1.05836
137	177	1.10789
137	178	1.02163
137	179	1.09907
138	7	1.22636
138	12	1.11773
138	19	1.15802
138	21	1.17222
138	38	1.07243
138	46	1.23024
138	81	1.28061
138	90	0.929714
138	105	1.10985
138	107	1.16205
138	108	1.16904
138	109	1.16117
138	111	1.18125
138	115	1.17882
138	119	0.693996
138	121	1.19814
138	125	1.17197
138	126	1.17705
138	127	1.15471
138	128	1.21657
138	132	1.13671
138	140	0.793507
138	141	0.822555
138	146	0.76133
138	148	0.869933
138	150	1.19214
138	156	0.785859
138	159	0.685185
138	164	0.726118
138	166	1.119
138	168	0.916928
138	170	0.854498
138	175	1.03481
138	179	0.95458
138	180	1.11398
139	5	1.24816
139	12	0.777304
139	20	1.16909
139	25	1.18554
139	28	1.46247
139	30	1.20016
139	38	0.895276
139	41	1.27779
139	45	1.12856
139	48	1.19314
139	50	1.16738
139	58	1.16163
139	59	1.16547
139	61	0.486162
139	76	1.23654
139	78	1.17708
139	89	1.24313
139	93	1.17795
139	100	1.22065
139	114	0.643224
139	118	0.658831
139	129	1.22815
139	131	1.20946
139	134	0.738047
139	135	0.795747
139	143	0.952062
139	148	0.841069
139	151	1.20632
139	158	1.12075
139	159	0.65632
139	160	0.689303
139	165	1.04773
139	168	0.888064
139	170	0.825634
139	179	0.925715
139	180	1.01384
140	34	0.780126
140	37	1.07444
140	44	0.921194
140	81	0.748466
140	82	0.816924
140	96	0.820438
140	99	1.09725
140	103	1.2511
140	107	0.837277
140	115	0.779702
