1	11	0.848174
1	62	0.933121
1	64	0.85218
1	71	0.906154
1	103	0.92044
1	136	0.946264
1	144	0.969722
1	151	0.923888
1	168	1.84187
1	177	0.842259
1	178	0.958758
1	180	2.33072
2	5	0.864442
2	16	0.833376
2	50	0.768448
2	66	0.797541
2	70	0.801012
2	76	1.58998
2	139	0.850774
2	149	2.09667
2	154	1.97932
2	166	0.717544
2	167	0.724978
2	178	0.858058
3	59	0.864957
3	84	0.918017
3	89	1.23477
3	96	0.876463
3	97	0.934323
3	100	0.937424
3	104	0.916811
3	140	1.27423
3	156	2.37462
3	157	0.914041
3	166	0.828695
3	178	1.11367
4	12	0.971236
4	29	0.939227
4	31	1.14454
4	32	0.901371
4	46	0.874276
4	55	0.869266
4	57	0.848242
4	69	0.902317
4	89	1.15365
4	131	0.963698
4	161	1.87308
4	176	1.83227
5	2	0.864442
5	10	0.966838
5	66	0.906145
5	70	0.909616
5	72	1.27141
5	107	1.59759
5	150	0.930287
5	154	1.58447
5	158	1.54929
5	166	0.826147
5	167	0.833582
5	178	0.966662
6	59	0.757877
6	84	0.810937
6	92	2.30158
6	96	0.769383
6	97	0.827243
6	100	0.830344
6	104	0.809731
6	127	1.69317
6	139	0.854844
6	157	0.806961
6	164	1.71281
6	166	0.721614
7	18	0.843772
7	33	0.812061
7	83	0.781516
7	93	0.799107
7	105	1.66801
7	110	0.818202
7	113	0.857201
7	114	0.855095
7	160	0.711104
7	169	0.751487
7	174	2.01158
7	177	2.03606
8	59	0.864957
8	72	1.37096
8	84	0.918017
8	96	0.876463
8	97	0.934323
8	100	0.937424
8	104	0.916811
8	136	1.52622
8	140	1.47246
8	157	0.914041
8	158	1.64884
8	166	0.828695
9	11	0.740574
9	14	0.861624
9	62	0.82552
9	64	0.744579
9	71	0.798553
9	136	0.838663
9	151	0.816287
9	160	2.39685
9	164	1.31999
9	165	2.03806
9	177	0.734658
9	178	0.851157
10	5	0.966838
10	16	0.935772
10	50	0.870844
10	66	0.899937
10	73	0.978153
10	145	1.43248
10	150	0.924079
10	161	1.91239
10	166	0.819939
10	167	0.827374
10	169	1.67852
10	178	0.960454
11	1	0.848174
11	9	0.740574
11	14	0.860162
11	62	0.824058
11	64	0.743117
11	71	0.797091
11	132	1.80414
11	147	2.11339
11	151	0.814825
11	152	1.78333
11	177	0.733196
11	178	0.849695
12	4	0.971236
12	32	0.879499
12	46	0.852404
12	55	0.847394
12	57	0.826371
12	63	0.968666
12	69	0.880446
12	72	1.03379
12	129	1.01217
12	170	1.48043
12	172	1.82362
12	173	1.69295
13	81	0.929252
13	83	0.86823
13	93	0.88582
13	99	0.943317
13	110	0.904915
13	114	0.941808
13	135	0.922715
13	157	0.90675
13	159	1.20402
13	169	0.8382
13	172	1.57787
13	180	2.35858
14	9	0.861624
14	11	0.860162
14	62	0.945109
14	64	0.864168
14	71	0.918142
14	144	1.0694
14	151	0.935876
14	163	1.27957
14	175	1.77895
14	177	0.854247
14	178	0.970746
14	179	1.92334
15	43	0.999838
15	77	0.933223
15	80	0.932689
15	82	0.86177
15	90	0.907677
15	94	0.953691
15	143	1.29762
15	144	1.38082
15	160	0.799665
15	164	1.32456
15	165	2.04263
15	169	0.840047
16	2	0.833376
16	10	0.935772
16	50	0.845985
16	66	0.875078
16	70	0.878549
16	127	1.22354
16	145	1.39147
16	150	0.899221
16	156	2.29181
16	159	1.50587
16	166	0.795081
16	167	0.802515
16	178	0.935596
17	53	0.863276
17	58	0.833313
17	79	0.843355
17	85	0.916059
17	91	0.91618
17	95	0.912017
17	124	1.30245
17	127	1.36819
17	150	0.907899
17	152	1.28252
17	156	2.43646
17	165	0.802341
17	167	0.811194
18	7	0.843772
18	81	0.896179
18	83	0.835157
18	93	0.852747
18	99	0.910244
18	110	0.871842
18	113	0.910842
18	135	1.33198
18	149	1.62772
18	151	0.893976
18	159	1.61329
18	169	0.805127
18	173	1.85647
19	22	0.871089
19	34	0.947781
19	35	0.839576
19	51	0.81271
19	52	0.905311
19	54	0.812856
19	119	0.89121
19	123	1.36609
19	128	1.61635
19	141	0.917481
19	143	1.4634
19	147	0.824056
19	177	1.99147
20	51	0.83977
20	52	0.932371
20	54	0.839917
20	95	0.911192
20	96	0.850702
20	97	0.908562
20	104	0.89105
20	129	1.07513
20	145	1.57654
20	146	1.53695
20	162	2.23768
20	165	0.801516
20	167	0.810368
21	45	0.837961
21	56	0.89628
21	74	0.8464
21	98	0.837906
21	102	0.837882
21	106	0.877967
21	109	0.918137
21	120	0.884947
21	150	0.894029
21	163	1.22081
21	167	1.63636
21	170	1.24774
21	180	2.37163
22	19	0.871089
22	34	0.946372
22	35	0.838167
22	51	0.811301
22	52	0.903902
22	54	0.811448
22	119	0.889802
22	132	1.39888
22	135	1.46477
22	141	0.916072
22	146	1.59208
22	147	0.822647
22	174	1.96004
23	36	0.870366
23	65	0.894731
23	77	0.889955
23	80	0.889421
23	82	0.818502
23	90	0.864409
23	94	0.910423
23	131	0.907503
23	158	1.19617
23	162	1.881
23	169	0.796779
23	171	1.66499
23	172	1.70812
24	53	0.863301
24	58	0.833338
24	79	0.84338
24	85	0.916085
24	91	0.916205
24	95	0.912042
24	128	1.64355
24	129	1.16442
24	149	1.79467
24	151	0.909429
24	165	0.802367
24	167	0.811219
24	170	1.81091
25	37	0.85518
25	74	0.83761
25	76	1.28093
25	88	0.865527
25	98	0.829116
25	102	0.829092
25	106	0.869177
25	109	0.909348
25	126	2.419
25	129	1.15736
25	136	0.909121
25	141	0.922707
25	164	1.51048
26	111	0.898707
26	112	0.920043
26	115	0.844919
26	116	0.8801
26	117	0.880026
26	118	0.827361
26	122	0.860645
26	125	0.894214
26	145	1.65209
26	164	1.50379
26	174	1.98045
26	177	0.79974
26	178	1.29147
27	28	0.888058
27	30	0.884722
27	38	0.840876
27	41	0.853862
27	44	0.937342
27	60	0.872637
27	67	0.848017
27	68	0.847797
27	124	1.45612
27	127	1.52187
27	140	1.48973
27	157	0.867969
27	169	1.93583
28	27	0.888058
28	30	0.886782
28	38	0.842936
28	41	0.855922
28	60	0.874698
28	67	0.850077
28	68	0.849857
28	131	0.912203
28	154	1.49036
28	155	1.31956
28	157	0.87003
28	167	2.01256
28	170	1.62395
29	4	0.939227
29	31	1.36756
29	32	0.847491
29	46	0.820395
29	55	0.815386
29	57	0.794362
29	69	0.848437
29	119	0.897635
29	124	0.889166
29	129	0.980165
29	130	1.63508
29	155	1.45689
29	177	1.96903
30	27	0.884722
30	28	0.886782
30	38	0.8396
30	41	0.852586
30	44	0.936066
30	60	0.871362
30	63	1.18044
30	67	0.846741
30	68	0.846522
30	121	1.76258
30	133	1.15804
30	156	2.30652
30	157	0.866694
31	4	1.14454
31	29	1.36756
31	94	1.03354
31	148	0.966012
31	157	1.02603
31	160	0.816758
31	163	0.910995
31	170	0.890922
31	174	0.860374
31	175	0.834233
31	176	0.86198
31	179	0.834344
31	180	0.80487
32	4	0.901371
32	12	0.879499
32	29	0.847491
32	46	0.782539
32	55	0.77753
32	57	0.756506
32	69	0.810581
32	121	2.11419
32	124	0.85131
32	129	0.942309
32	131	0.871962
32	148	1.45771
32	163	1.87593
32	178	1.39717
33	7	0.812061
33	40	0.936544
33	73	1.33376
33	93	0.821036
33	99	0.878533
33	110	0.840131
33	113	0.879131
33	114	0.877024
33	147	1.86455
33	148	1.48801
33	151	0.862265
33	160	0.733034
33	169	0.773416
33	174	2.11645
34	19	0.947781
34	22	0.946372
34	35	0.914858
34	51	0.887992
34	52	0.980593
34	54	0.888139
34	63	0.944005
34	120	0.946213
34	141	0.992763
34	147	0.899339
34	154	1.18124
34	166	1.83636
34	172	1.658
34	177	1.52258
35	19	0.839576
35	22	0.838167
35	34	0.914858
35	51	0.779787
35	52	0.872388
35	54	0.779934
35	119	0.858288
35	120	0.838008
35	128	1.60299
35	141	0.884558
35	147	0.791134
35	159	1.73968
35	163	1.74342
35	170	1.77035
36	23	0.870366
36	65	0.88438
36	77	0.879604
36	80	0.87907
36	82	0.808151
36	90	0.854058
36	92	1.9666
36	94	0.900072
36	142	1.31332
36	147	0.817814
36	158	1.50243
36	160	0.746046
36	167	2.05982
36	169	0.786428
37	25	0.85518
37	45	0.8014
37	56	0.85972
37	88	0.837756
37	98	0.801345
37	102	0.801322
37	106	0.841406
37	109	0.881577
37	139	0.886559
37	140	1.2074
37	150	0.857469
37	155	1.24815
37	160	2.33602
37	166	2.07408
38	27	0.840876
38	28	0.842936
38	30	0.8396
38	41	0.80874
38	44	0.89222
38	60	0.827516
38	67	0.802895
38	68	0.802675
38	129	0.935368
38	149	1.79891
38	154	1.68157
38	157	0.822848
38	164	1.52178
38	170	1.81515
39	58	0.893495
39	79	0.903537
39	85	0.976241
39	87	1.80525
39	91	0.976362
39	95	0.972199
39	150	0.968081
39	151	0.969586
39	164	0.919333
39	165	0.862523
39	167	0.871375
39	171	1.51276
39	176	1.50673
39	177	1.42047
40	33	0.936544
40	81	0.967022
40	83	0.905999
40	93	0.92359
40	110	0.942685
40	113	0.981684
40	114	0.979578
40	140	0.703715
40	157	0.944519
40	160	0.835587
40	166	1.57039
40	168	1.6839
40	170	1.04885
40	180	2.17274
41	27	0.853862
41	28	0.855922
41	30	0.852586
41	38	0.80874
41	60	0.840501
41	67	0.815881
41	68	0.815661
41	86	0.856418
41	131	0.878007
41	157	0.835833
41	159	1.29899
41	160	2.11315
41	165	1.75436
41	167	1.71828
42	48	0.815544
42	59	0.797487
42	84	0.850547
42	96	0.808993
42	100	0.869954
42	103	1.59808
42	104	0.849341
42	139	0.894454
42	141	0.902831
42	143	1.56415
42	147	1.81585
42	157	0.84657
42	163	1.85753
42	166	0.761224
43	15	0.999838
43	65	0.970584
43	73	1.06589
43	77	0.965807
43	80	0.965274
43	82	0.894355
43	90	0.940261
43	94	0.986276
43	107	1.54483
43	132	1.28743
43	135	1.35332
43	160	0.832249
43	169	0.872632
43	174	1.84858
44	27	0.937342
44	30	0.936066
44	38	0.89222
44	60	0.923981
44	67	0.89936
44	68	0.899141
44	89	1.11393
44	129	1.03183
44	131	0.961487
44	147	1.42991
44	149	1.48229
44	152	1.09985
44	157	0.919313
44	175	1.97097
45	21	0.837961
45	37	0.8014
45	74	0.78383
45	88	0.811747
45	98	0.775336
45	102	0.775312
45	106	0.815397
45	109	0.855567
45	133	1.75165
45	135	1.83289
45	136	0.855341
45	141	0.868927
45	142	1.78699
45	150	0.83146
45	164	1.8515
46	4	0.874276
46	12	0.852404
46	29	0.820395
46	32	0.782539
46	55	0.750434
46	57	0.729411
46	69	0.783486
46	119	0.832683
46	124	0.824215
46	129	0.915213
46	131	0.844866
46	156	2.07299
46	166	1.83927
46	173	1.53025
46	175	1.79017
47	76	1.42471
47	101	0.803474
47	108	0.889006
47	111	0.844698
47	112	0.866034
47	115	0.790909
47	116	0.826091
47	117	0.826016
47	118	0.773351
47	122	0.806636
47	125	0.840204
47	153	2.1866
47	155	1.64325
47	170	1.94764
47	177	0.74573
48	42	0.815544
48	59	0.769831
48	63	1.463
48	84	0.82289
48	96	0.781336
48	97	0.839196
48	100	0.842297
48	104	0.821684
48	124	1.45506
48	139	0.866798
48	141	0.875175
48	149	1.81757
48	157	0.818914
48	166	0.733568
48	168	2.46885
49	72	1.55918
49	101	0.803474
49	108	0.889006
49	111	0.844698
49	112	0.866034
49	115	0.790909
49	116	0.826091
49	117	0.826016
49	118	0.773351
49	122	0.806636
49	125	0.840204
49	129	1.35933
49	156	2.76108
49	177	0.74573
49	178	1.50013
50	2	0.768448
50	10	0.870844
50	16	0.845985
50	66	0.810151
50	70	0.813622
50	87	1.92981
50	134	0.849343
50	139	0.863383
50	150	0.834293
50	166	0.730153
50	167	0.737588
50	170	1.33727
50	177	1.54503
50	178	0.870668
50	180	2.46116
51	19	0.81271
51	20	0.83977
51	22	0.811301
51	34	0.887992
51	35	0.779787
51	52	0.845522
51	54	0.753068
51	105	1.68143
51	119	0.831422
51	120	0.811142
51	133	1.44849
51	141	0.857692
51	147	0.764268
51	169	1.94267
51	176	2.13574
52	19	0.905311
52	20	0.932371
52	22	0.903902
52	34	0.980593
52	35	0.872388
52	51	0.845522
52	54	0.845669
52	120	0.903743
52	129	0.99807
52	141	0.950293
52	147	0.856869
52	158	1.4758
52	165	2.06926
52	177	1.85233
52	178	1.13887
53	17	0.863276
53	24	0.863301
53	58	0.768319
53	79	0.778361
53	85	0.851066
53	91	0.851187
53	95	0.847024
53	137	1.93249
53	150	0.842905
53	151	0.84441
53	158	1.38588
53	165	0.737348
53	167	0.7462
53	172	1.89782
53	175	2.02708
54	19	0.812856
54	20	0.839917
54	22	0.811448
54	34	0.888139
54	35	0.779934
54	51	0.753068
54	52	0.845669
54	119	0.831569
54	120	0.811289
54	135	1.43385
54	141	0.857839
54	143	1.42552
54	147	0.764414
54	160	2.52931
54	169	1.84679
55	4	0.869266
55	12	0.847394
55	29	0.815386
55	32	0.77753
55	46	0.750434
55	57	0.724401
55	63	0.866696
55	69	0.778476
55	107	1.89136
55	119	0.827674
55	123	1.59421
55	129	0.910204
55	130	1.88564
55	131	0.839857
55	145	1.86675
56	21	0.89628
56	37	0.85972
56	73	1.14125
56	74	0.84215
56	88	0.870067
56	98	0.833656
56	102	0.833632
56	105	1.58037
56	106	0.873717
56	109	0.913887
56	120	0.880697
56	139	0.918869
56	150	0.889779
56	170	1.74066
56	175	2.2131
56	178	1.23497
57	4	0.848242
57	12	0.826371
57	29	0.794362
57	32	0.756506
57	46	0.729411
57	55	0.724401
57	63	0.845673
57	69	0.757452
57	119	0.80665
57	124	0.798182
57	129	0.88918
57	131	0.818833
57	132	1.66884
57	148	1.60155
57	163	2.01977
57	176	2.34073
58	17	0.833313
58	24	0.833338
58	39	0.893495
58	53	0.768319
58	78	1.81603
58	79	0.748398
58	85	0.821103
58	91	0.821224
58	95	0.817061
58	124	1.66236
58	150	0.812942
58	151	0.814447
58	154	1.90753
58	165	0.707385
58	167	0.716237
58	173	2.25362
59	3	0.864957
59	6	0.757877
59	8	0.864957
59	42	0.797487
59	48	0.769831
59	84	0.804833
59	96	0.763279
59	97	0.821139
59	100	0.824241
59	104	0.803627
59	138	1.73272
59	144	1.68022
59	157	0.800857
59	166	0.715511
59	174	2.10062
59	177	2.12509
60	27	0.872637
60	28	0.874698
60	30	0.871362
60	38	0.827516
60	41	0.840501
60	44	0.923981
60	67	0.834656
60	68	0.834437
60	129	0.96713
60	130	1.54764
60	131	0.896783
60	146	1.48916
60	148	1.22868
60	157	0.854609
60	170	1.67383
60	172	2.01701
61	101	0.793124
61	108	0.878656
61	111	0.834347
61	112	0.855684
61	115	0.780559
61	116	0.815741
61	117	0.815666
61	118	0.763001
61	122	0.796286
61	125	0.829854
61	144	2.03133
61	152	1.86977
61	155	1.96406
61	165	0.709947
61	177	0.73538
61	178	1.76275
62	1	0.933121
62	9	0.82552
62	11	0.824058
62	14	0.945109
62	64	0.828063
62	71	0.882038
62	126	0.792997
62	136	0.922148
62	144	1.26508
62	151	0.899771
62	158	1.33342
62	171	1.80224
62	172	1.84537
62	173	1.7147
62	177	0.818142
62	178	0.934641
63	12	0.968666
63	30	1.18044
63	34	0.944005
63	48	1.463
63	55	0.866696
63	57	0.845673
63	69	0.899748
63	79	0.873204
63	95	0.941867
63	122	1.20179
63	134	0.994093
63	154	0.903518
63	167	0.841043
63	175	0.827497
63	179	0.827609
63	180	0.798135
64	1	0.85218
64	9	0.744579
64	11	0.743117
64	14	0.864168
64	62	0.828063
64	71	0.801097
64	76	0.805438
64	126	0.712056
64	130	1.71137
64	136	0.841207
64	142	1.47968
64	151	0.81883
64	175	2.31
64	176	2.13158
64	177	0.737201
64	178	0.8537
65	23	0.894731
65	36	0.88438
65	43	0.970584
65	73	1.27308
65	77	0.903969
65	80	0.903435
65	82	0.832516
65	90	0.878423
65	94	0.924437
65	127	1.55948
65	129	1.22599
65	133	1.47927
65	147	0.842179
65	160	0.770411
65	169	0.810793
65	175	2.34493
66	2	0.797541
66	5	0.906145
66	10	0.899937
66	16	0.875078
66	50	0.810151
66	70	0.842715
66	134	0.878436
66	139	0.892476
66	145	1.39523
66	150	0.863386
66	152	1.14163
66	160	2.32379
66	166	0.759246
66	167	0.766681
66	173	1.75282
66	177	1.74807
66	178	0.899761
67	27	0.848017
67	28	0.850077
67	30	0.846741
67	38	0.802895
67	41	0.815881
67	44	0.89936
67	60	0.834656
67	68	0.809816
67	86	0.850573
67	123	1.55263
67	129	0.942509
67	131	0.872162
67	152	1.57157
67	155	1.66586
67	157	0.829988
67	169	2.0712
67	178	1.46455
68	27	0.847797
68	28	0.849857
68	30	0.846522
68	38	0.802675
68	41	0.815661
68	44	0.899141
68	60	0.834437
68	67	0.809816
68	86	0.850353
68	129	0.94229
68	131	0.871943
68	140	1.37795
68	144	1.48598
68	152	1.32441
68	157	0.829769
68	165	2.14779
68	171	2.02315
69	4	0.902317
69	12	0.880446
69	29	0.848437
69	32	0.810581
69	46	0.783486
69	55	0.778476
69	57	0.757452
69	63	0.899748
69	119	0.860725
69	124	0.852257
69	128	1.51394
69	129	0.943255
69	131	0.872908
69	148	1.23615
69	158	1.51254
69	166	2.20284
69	173	1.89382
70	2	0.801012
70	5	0.909616
70	16	0.878549
70	50	0.813622
70	66	0.842715
70	86	0.868648
70	134	0.881907
70	137	1.62574
70	139	0.895947
70	147	1.17928
70	150	0.866857
70	160	2.03138
70	165	1.67259
70	166	0.762717
70	167	0.770152
70	178	0.903232
70	179	1.86473
71	1	0.906154
71	9	0.798553
71	11	0.797091
71	14	0.918142
71	62	0.882038
71	64	0.801097
71	76	0.859412
71	124	1.5571
71	126	0.76603
71	136	0.895181
71	138	1.75123
71	140	1.59071
71	151	0.872805
71	152	1.53717
71	159	1.90517
71	177	0.791176
71	178	0.907675
72	5	1.27141
72	8	1.37096
72	12	1.03379
72	49	1.55918
72	93	1.25751
72	153	0.856666
72	155	0.926934
72	158	0.902506
72	161	0.847113
72	171	0.851923
72	172	0.835578
72	173	0.84804
72	174	0.842558
72	175	0.816417
72	176	0.844164
72	179	0.816529
72	180	0.787055
73	10	0.978153
73	33	1.33376
73	43	1.06589
73	56	1.14125
73	65	1.27308
73	96	0.89052
73	97	0.94838
73	99	1.1017
73	100	0.951481
73	104	0.930868
73	118	0.894388
73	122	0.927673
73	125	0.961241
73	170	0.89333
73	171	0.872147
73	177	0.866768
73	179	0.836752
73	180	0.807278
74	21	0.8464
74	25	0.83761
74	45	0.78383
74	56	0.84215
74	86	0.84169
74	88	0.820186
74	98	0.783775
74	102	0.783751
74	106	0.823836
74	109	0.864007
74	136	0.86378
74	138	1.45916
74	141	0.877366
74	150	0.839899
74	153	1.88274
74	160	2.42725
74	177	1.85153
74	178	1.13808
75	78	1.38194
75	87	2.19956
75	101	0.843124
75	108	0.928656
75	111	0.884347
75	112	0.905684
75	115	0.830559
75	116	0.865741
75	117	0.865666
75	118	0.813001
75	122	0.846286
75	125	0.879854
75	132	1.22915
75	163	1.58009
75	165	0.759947
75	167	1.99564
75	177	0.78538
76	2	1.58998
76	25	1.28093
76	47	1.42471
76	64	0.805438
76	71	0.859412
76	83	0.818327
76	88	1.32109
76	110	0.855012
76	113	0.894012
76	114	0.891905
76	131	0.992493
76	154	0.841411
76	170	0.822079
76	173	0.797013
76	177	0.795517
76	178	0.912016
76	179	0.765501
76	180	0.736027
77	15	0.933223
77	23	0.889955
77	36	0.879604
77	43	0.965807
77	65	0.903969
77	80	0.898659
77	82	0.82774
77	90	0.873647
77	94	0.919661
77	126	2.09194
77	134	0.90841
77	138	1.29217
77	143	1.15647
77	147	0.837403
77	154	1.3432
77	160	0.765634
77	169	0.806017
77	171	1.77684
77	176	1.77081
78	58	1.81603
78	75	1.38194
78	111	1.12055
78	132	0.893537
78	134	1.13983
78	139	1.19583
78	143	0.883679
78	146	0.871884
78	149	0.829694
78	153	0.810965
78	155	0.881232
78	156	0.761481
78	162	0.781765
78	166	0.776826
78	173	0.802339
78	174	0.796857
78	176	0.798462
78	179	0.770827
78	180	0.741353
79	17	0.843355
79	24	0.84338
79	39	0.903537
79	53	0.778361
79	58	0.748398
79	63	0.873204
79	85	0.831145
79	91	0.831266
79	95	0.827103
79	107	1.82462
79	120	0.813902
79	140	1.59995
79	142	1.58721
79	150	0.822984
79	151	0.824489
79	152	1.54641
79	165	0.717427
79	167	0.726279
79	168	2.58013
80	15	0.932689
80	23	0.889421
80	36	0.87907
80	43	0.965274
80	65	0.903435
80	77	0.898659
80	82	0.827206
80	90	0.873113
80	94	0.919127
80	107	1.25282
80	134	0.907876
80	144	1.13618
80	147	0.83687
80	155	1.0689
80	160	0.765101
80	169	0.805483
80	171	1.67334
80	175	1.84572
80	180	2.49717
81	13	0.929252
81	18	0.896179
81	40	0.967022
81	83	0.833923
81	93	0.851514
81	99	0.909011
81	110	0.870609
81	113	0.909608
81	114	0.907502
81	135	1.44701
81	142	1.40111
81	147	1.69037
81	148	1.31383
81	151	0.892742
81	153	1.99795
81	157	0.872443
81	158	1.59022
81	160	0.763511
81	169	0.803893
82	15	0.86177
82	23	0.818502
82	36	0.808151
82	43	0.894355
82	65	0.832516
82	77	0.82774
82	80	0.827206
82	90	0.802194
82	94	0.848208
82	131	0.845288
82	134	0.836957
82	145	1.64586
82	147	0.765951
82	155	1.48655
82	158	1.62217
82	160	0.694182
82	169	0.734564
82	172	2.13412
82	175	2.26337
83	7	0.781516
83	13	0.86823
83	18	0.835157
83	40	0.905999
83	76	0.818327
83	81	0.833923
83	99	0.847988
83	110	0.809586
83	113	0.848586
83	114	0.846479
83	126	0.724945
83	133	1.40128
83	151	0.831719
83	160	0.702489
83	161	2.12933
83	166	2.31604
83	169	0.742871
83	173	2.00701
83	178	1.2888
84	3	0.918017
84	6	0.810937
84	8	0.918017
84	42	0.850547
84	48	0.82289
84	59	0.804833
84	96	0.816339
84	97	0.874199
84	100	0.8773
84	104	0.856687
84	121	1.77797
84	139	0.901801
84	141	0.910178
84	144	1.32954
84	146	1.38198
84	154	1.43306
84	157	0.853917
84	166	0.768571
84	174	1.74993
84	179	2.18348
85	17	0.916059
85	24	0.916085
85	39	0.976241
85	53	0.851066
85	58	0.821103
85	79	0.831145
85	87	2.06538
85	91	0.90397
85	95	0.899807
85	105	1.31255
85	120	0.886606
85	121	1.68416
85	149	1.4566
85	150	0.895689
85	151	0.897194
85	155	1.16845
85	165	0.790131
85	167	0.798983
85	176	1.76686
86	41	0.856418
86	67	0.850573
86	68	0.850353
86	70	0.868648
86	74	0.84169
86	98	0.833196
86	102	0.833172
86	106	0.873257
86	109	0.913427
86	132	1.22602
86	137	1.98173
86	147	1.53527
86	150	0.889319
86	154	1.4703
86	157	0.870525
86	166	0.785179
86	167	0.792614
86	169	1.70485
86	171	1.90394
86	178	0.925694
87	39	1.80525
87	50	1.92981
87	75	2.19956
87	85	2.06538
87	121	0.754319
87	142	0.817203
87	144	0.804005
87	152	0.822236
87	154	0.775407
87	155	0.809903
87	158	0.785475
87	162	0.710436
87	163	0.776148
87	166	0.705497
87	168	0.695593
87	172	0.718547
87	174	0.725527
87	176	0.727133
87	179	0.699497
87	180	0.670023
88	25	0.865527
88	37	0.837756
88	45	0.811747
88	56	0.870067
88	74	0.820186
88	76	1.32109
88	98	0.811693
88	102	0.811669
88	106	0.851753
88	109	0.891924
88	120	0.858733
88	127	1.53101
88	129	1.19752
88	133	1.4508
88	136	0.891697
88	139	0.896906
88	141	0.905283
88	150	0.867816
88	169	1.94498
88	177	2.05178
89	3	1.23477
89	4	1.15365
89	44	1.11393
89	116	1.26762
89	125	1.26604
89	144	0.921143
89	145	0.904087
89	148	0.948304
89	154	0.892545
89	156	0.80729
89	157	1.03515
89	158	0.902614
89	162	0.827574
89	168	0.812732
89	170	0.873214
89	172	0.835686
89	174	0.842666
89	175	0.816525
89	179	0.816636
89	180	0.787162
90	15	0.907677
90	23	0.864409
90	36	0.854058
90	43	0.940261
90	65	0.878423
90	77	0.873647
90	80	0.873113
90	82	0.802194
90	92	1.76063
90	94	0.894115
90	131	0.891195
90	134	0.882864
90	136	1.17384
90	147	0.811857
90	160	0.740089
90	165	1.88992
90	166	1.98676
90	168	2.10027
90	169	0.780471
90	178	0.959531
91	17	0.91618
91	24	0.916205
91	39	0.976362
91	53	0.851187
91	58	0.821224
91	79	0.831266
91	85	0.90397
91	95	0.899928
91	120	0.886727
91	127	1.1052
91	129	0.771714
91	150	0.895809
91	151	0.897315
91	153	1.65718
91	162	1.93427
91	165	0.790252
91	166	1.93974
91	167	0.799104
91	179	2.03504
92	6	2.30158
92	36	1.9666
92	90	1.76063
92	134	1.66031
92	142	0.81708
92	144	0.803881
92	152	0.822113
92	155	0.809779
92	156	0.690028
92	159	0.785015
92	161	0.729959
92	162	0.710312
92	163	0.776025
92	170	0.755952
92	171	0.734768
92	173	0.730886
92	174	0.725404
92	176	0.727009
92	179	0.699374
92	180	0.6699
93	7	0.799107
93	13	0.88582
93	18	0.852747
93	33	0.821036
93	40	0.92359
93	72	1.25751
93	81	0.851514
93	99	0.865579
93	110	0.827177
93	113	0.866176
93	114	0.864069
93	119	0.859002
93	126	0.742535
93	138	1.51954
93	146	1.51949
93	151	0.84931
93	155	1.39977
93	157	0.829011
93	168	2.3392
93	169	0.760461
93	173	1.91667
94	15	0.953691
94	23	0.910423
94	31	1.03354
94	36	0.900072
94	43	0.986276
94	65	0.924437
94	77	0.919661
94	80	0.919127
94	82	0.848208
94	90	0.894115
94	131	0.937209
94	134	0.928878
94	140	1.08211
94	147	0.857872
94	148	0.9821
94	153	1.66622
94	160	0.786103
94	165	1.85195
94	169	0.826485
94	174	1.61054
94	179	2.04409
95	17	0.912017
95	20	0.911192
95	24	0.912042
95	39	0.972199
95	53	0.847024
95	58	0.817061
95	63	0.941867
95	79	0.827103
95	85	0.899807
95	91	0.899928
95	105	1.21805
95	120	0.882564
95	124	0.999583
95	126	1.99348
95	150	0.891647
95	151	0.893152
95	159	1.34766
95	161	1.71317
95	165	0.786089
95	167	0.794941
95	171	1.67839
95	179	1.99517
96	3	0.876463
96	6	0.769383
96	8	0.876463
96	20	0.850702
96	42	0.808993
96	48	0.781336
96	59	0.763279
96	73	0.89052
96	84	0.816339
96	97	0.832645
96	100	0.835746
96	104	0.815133
96	124	1.53179
96	127	1.59753
96	139	0.860247
96	141	0.868624
96	144	1.67343
96	148	1.46539
96	157	0.812363
96	166	0.727017
96	172	2.25372
96	173	2.12305
97	3	0.934323
97	6	0.827243
97	8	0.934323
97	20	0.908562
97	48	0.839196
97	59	0.821139
97	73	0.94838
97	84	0.874199
97	96	0.832645
97	100	0.893606
97	104	0.872993
97	130	1.52674
97	136	1.36154
97	139	0.918107
97	141	0.926484
97	142	1.29505
97	149	1.63669
97	157	0.870223
97	166	0.784877
97	167	2.04155
97	176	1.94695
97	178	1.14723
98	21	0.837906
98	25	0.829116
98	37	0.801345
98	45	0.775336
98	56	0.833656
98	74	0.783775
98	86	0.833196
98	88	0.811693
98	102	0.775258
98	106	0.815342
98	109	0.855513
98	120	0.822322
98	123	1.49021
98	136	0.855286
98	139	0.860495
98	141	0.868872
98	150	0.831405
98	152	1.50915
98	161	2.24266
98	170	1.90783
98	174	2.09111
98	178	1.40213
99	13	0.943317
99	18	0.910244
99	33	0.878533
99	73	1.1017
99	81	0.909011
99	83	0.847988
99	93	0.865579
99	110	0.884674
99	113	0.923673
99	114	0.921567
99	119	0.916499
99	126	0.800033
99	135	1.38913
99	146	1.51643
99	151	0.906807
99	157	0.886508
99	158	1.53234
99	160	0.777576
99	169	0.817958
99	173	1.91362
99	176	1.99513
99	178	1.19541
100	3	0.937424
100	6	0.830344
100	8	0.937424
100	42	0.869954
100	48	0.842297
100	59	0.824241
100	73	0.951481
100	84	0.8773
100	96	0.835746
100	97	0.893606
100	104	0.876094
100	123	1.20108
100	139	0.921208
100	141	0.929585
100	142	1.26082
100	148	1.17354
100	157	0.873324
100	158	1.44993
100	165	2.04339
100	166	0.787978
100	170	1.6187
100	179	2.23553
101	47	0.803474
101	49	0.803474
101	61	0.793124
101	75	0.843124
101	108	0.9283
101	111	0.883991
101	112	0.905328
101	115	0.830203
101	116	0.865385
101	117	0.86531
101	118	0.812645
101	122	0.84593
101	125	0.879498
101	129	1.15762
101	132	1.42625
101	143	1.4838
101	165	0.759591
101	169	1.90507
101	172	2.14729
101	176	2.09813
101	177	0.785024
102	21	0.837882
102	25	0.829092
102	37	0.801322
102	45	0.775312
102	56	0.833632
102	74	0.783751
102	86	0.833172
102	88	0.811669
102	98	0.775258
102	103	1.8128
102	106	0.815319
102	109	0.855489
102	120	0.822298
102	136	0.855262
102	138	1.91458
102	139	0.860471
102	141	0.868848
102	142	1.74132
102	143	1.77888
102	150	0.831381
102	164	1.80582
102	178	1.5935
103	1	0.92044
103	42	1.59808
103	102	1.8128
103	107	0.862598
103	113	1.16869
103	117	1.10308
103	123	0.906038
103	143	0.892903
103	149	0.838918
103	151	1.2496
103	153	0.820188
103	159	0.865692
103	162	0.790989
103	164	0.885736
103	166	0.78605
103	168	0.776146
103	170	0.836629
103	173	0.811562
103	175	0.779939
103	176	0.807686
103	179	0.780051
103	180	0.750577
104	3	0.916811
104	6	0.809731
104	8	0.916811
104	20	0.89105
104	42	0.849341
104	48	0.821684
104	59	0.803627
104	73	0.930868
104	84	0.856687
104	96	0.815133
104	97	0.872993
104	100	0.876094
104	123	1.20747
104	133	1.23186
104	136	1.3337
104	139	0.900595
104	141	0.908972
104	149	1.60885
104	156	2.38035
104	157	0.852711
104	166	0.767365
104	169	1.72604
104	177	1.83285
105	7	1.66801
105	51	1.68143
105	56	1.58037
105	85	1.31255
105	95	1.21805
105	112	1.43443
105	126	0.779321
105	128	0.881058
105	153	0.814589
105	154	0.85036
105	158	0.860429
105	159	0.860092
105	163	0.851102
105	168	0.770547
105	169	0.797247
105	171	0.809845
105	172	0.793501
105	173	0.805963
105	174	0.800481
105	175	0.77434
105	176	0.802086
105	179	0.774451
105	180	0.744977
106	21	0.877967
106	25	0.869177
106	37	0.841406
106	45	0.815397
106	56	0.873717
106	74	0.823836
106	86	0.873257
106	88	0.851753
106	98	0.815342
106	102	0.815319
106	109	0.895574
106	120	0.862383
106	136	0.895347
106	139	0.900556
106	141	0.908933
106	150	0.871466
106	161	1.85939
106	162	2.04062
106	163	1.49762
106	164	1.23119
106	167	1.91318
106	176	1.81858
106	178	1.01886
107	5	1.59759
107	43	1.54483
107	55	1.89136
107	79	1.82462
107	80	1.25282
107	103	0.862598
107	138	0.837444
107	145	0.837248
107	149	0.808664
107	150	1.16535
107	154	0.825706
107	155	0.860202
107	159	0.835438
107	161	0.780382
107	163	0.826448
107	168	0.745893
107	170	0.806375
107	171	0.785191
107	172	0.768847
107	173	0.781309
107	174	0.775827
107	176	0.777432
107	179	0.749797
107	180	0.720323
108	47	0.889006
108	49	0.889006
108	61	0.878656
108	75	0.928656
108	101	0.9283
108	111	0.969523
108	112	0.99086
108	115	0.915735
108	116	0.950917
108	117	0.950842
108	118	0.898177
108	122	0.931462
108	125	0.96503
108	130	1.26988
108	135	1.08409
108	137	1.77391
108	143	1.07575
108	155	1.09168
108	163	1.36913
108	165	0.845123
108	169	1.49702
108	177	0.870556
108	180	2.51996
109	21	0.918137
109	25	0.909348
109	37	0.881577
109	45	0.855567
109	56	0.913887
109	74	0.864007
109	86	0.913427
109	88	0.891924
109	98	0.855513
109	102	0.855489
109	106	0.895574
109	120	0.902554
109	136	0.935518
109	139	0.940726
109	141	0.949103
109	145	1.16493
109	149	1.29376
109	150	0.911636
109	153	1.54897
109	154	1.17642
109	166	1.83154
109	168	1.94505
109	171	1.61006
109	174	1.49329
110	7	0.818202
110	13	0.904915
110	18	0.871842
110	33	0.840131
110	40	0.942685
110	76	0.855012
110	81	0.870609
110	83	0.809586
110	93	0.827177
110	99	0.884674
110	113	0.885271
110	114	0.883164
110	123	1.19667
110	124	1.23553
110	126	0.76163
110	151	0.868405
110	157	0.848106
110	160	0.739174
110	164	1.32091
110	166	2.13582
110	167	2.0029
110	169	0.779556
110	174	1.79757
110	175	2.08672
111	26	0.898707
111	47	0.844698
111	49	0.844698
111	61	0.834347
111	75	0.884347
111	78	1.12055
111	101	0.883991
111	108	0.969523
111	112	0.946551
111	115	0.871426
111	116	0.906608
111	117	0.906533
111	118	0.853868
111	122	0.887153
111	125	0.920721
111	134	0.921421
111	147	1.27701
111	159	1.31496
111	161	1.68046
111	163	1.3187
111	165	0.800814
111	166	1.86717
111	176	1.63965
111	177	0.826247
111	179	1.96246
112	26	0.920043
112	47	0.866034
112	49	0.866034
112	61	0.855684
112	75	0.905684
112	101	0.905328
112	105	1.43443
112	108	0.99086
112	111	0.946551
112	115	0.892763
112	116	0.927944
112	117	0.92787
112	118	0.875205
112	122	0.908489
112	125	0.942058
112	128	1.42735
112	146	1.41004
112	148	1.14956
112	155	1.29033
112	165	0.82215
112	171	1.89477
112	175	2.06715
112	177	0.847584
112	178	1.08902
113	7	0.857201
113	18	0.910842
113	33	0.879131
113	40	0.981684
113	76	0.894012
113	81	0.909608
113	83	0.848586
113	93	0.866176
113	99	0.923673
113	103	1.16869
113	110	0.885271
113	114	0.922164
113	119	0.917096
113	126	0.80063
113	130	1.32889
113	136	1.1637
113	142	1.0972
113	151	0.907404
113	157	0.887106
113	160	0.778174
113	163	1.42815
113	167	1.8437
113	168	2.09012
113	169	0.818556
113	179	2.07191
114	7	0.855095
114	13	0.941808
114	33	0.877024
114	40	0.979578
114	76	0.891905
114	81	0.907502
114	83	0.846479
114	93	0.864069
114	99	0.921567
114	110	0.883164
114	113	0.922164
114	119	0.91499
114	126	0.798523
114	132	1.33463
114	137	2.09034
114	140	1.36736
114	143	1.39218
114	146	1.52782
114	147	1.64388
114	151	0.905298
114	157	0.884999
114	159	1.68182
114	160	0.776067
114	164	1.41912
114	169	0.816449
115	26	0.844919
115	47	0.790909
115	49	0.790909
115	61	0.780559
115	75	0.830559
115	101	0.830203
115	108	0.915735
115	111	0.871426
115	112	0.892763
115	116	0.85282
115	117	0.852745
115	118	0.80008
115	122	0.833364
115	124	0.855312
115	125	0.866933
115	134	0.867633
115	142	1.34298
115	162	2.21692
115	163	1.67393
115	164	1.40749
115	165	0.747025
115	168	2.33591
115	171	2.00092
115	177	0.772459
115	178	1.19517
116	26	0.8801
116	47	0.826091
116	49	0.826091
116	61	0.815741
116	75	0.865741
116	89	1.26762
116	101	0.865385
116	108	0.950917
116	111	0.906608
116	112	0.927944
116	115	0.85282
116	117	0.887927
116	118	0.835261
116	122	0.868546
116	124	0.890494
116	125	0.902115
116	134	0.902814
116	135	1.34024
116	142	1.29434
116	143	1.33191
116	148	1.20707
116	165	0.782207
116	172	1.9954
116	173	1.86473
116	177	0.807641
116	179	2.26905
117	26	0.880026
117	47	0.826016
117	49	0.826016
117	61	0.815666
117	75	0.865666
117	101	0.86531
117	103	1.10308
117	108	0.950842
117	111	0.906533
117	112	0.92787
117	115	0.852745
117	116	0.887927
117	118	0.835187
117	122	0.868472
117	124	0.890419
117	125	0.90204
117	126	2.00462
117	128	1.22211
117	134	0.90274
117	137	1.76731
117	138	1.20486
117	160	2.17295
117	164	1.0961
117	165	0.782133
117	177	0.807566
117	179	2.0063
118	26	0.827361
118	47	0.773351
118	49	0.773351
118	61	0.763001
118	73	0.894388
118	75	0.813001
118	101	0.812645
118	108	0.898177
118	111	0.853868
118	112	0.875205
118	115	0.80008
118	116	0.835261
118	117	0.835187
118	122	0.815806
118	124	0.837754
118	125	0.849375
118	130	1.49476
118	134	0.850075
118	143	1.30063
118	164	1.32757
118	165	0.729467
118	167	2.00956
118	170	1.62094
118	175	2.09338
118	177	0.754901
118	180	2.74483
119	19	0.89121
119	22	0.889802
119	29	0.897635
119	35	0.858288
119	46	0.832683
119	51	0.831422
119	54	0.831569
119	55	0.827674
119	57	0.80665
119	69	0.860725
119	93	0.859002
119	99	0.916499
119	113	0.917096
119	114	0.91499
119	121	1.64053
119	131	0.922106
119	136	1.13782
119	146	1.24453
119	147	0.842768
119	153	1.66817
119	157	0.879932
119	161	1.76404
119	168	2.06425
119	169	0.811382
119	176	1.72323
119	177	1.63697
120	21	0.884947
120	34	0.946213
120	35	0.838008
120	51	0.811142
120	52	0.903743
120	54	0.811289
120	56	0.880697
120	79	0.813902
120	85	0.886606
120	88	0.858733
120	91	0.886727
120	95	0.882564
120	98	0.822322
120	102	0.822298
120	106	0.862383
120	109	0.902554
120	132	1.42465
120	138	1.6179
120	144	1.56541
120	147	0.822489
120	149	1.78628
120	152	1.40384
120	155	1.49813
120	158	1.63375
120	162	2.31858
120	165	0.772888
120	167	0.78174
121	30	1.76258
121	32	2.11419
121	84	1.77797
121	85	1.68416
121	87	0.754319
121	119	1.64053
121	137	0.755889
121	138	0.809718
121	144	0.826579
121	148	0.853739
121	150	1.49714
121	152	0.84481
121	153	0.762209
121	154	0.797981
121	156	0.712725
121	158	0.808049
121	161	0.752656
121	162	0.73301
121	163	0.798722
121	164	0.827757
121	170	0.778649
121	172	0.741121
121	173	0.753583
121	175	0.72196
121	176	0.749707
121	179	0.722071
121	180	0.692597
122	26	0.860645
122	47	0.806636
122	49	0.806636
122	61	0.796286
122	63	1.20179
122	73	0.927673
122	75	0.846286
122	101	0.84593
122	108	0.931462
122	111	0.887153
122	112	0.908489
122	115	0.833364
122	116	0.868546
122	117	0.868472
122	118	0.815806
122	124	0.871038
122	125	0.882659
122	128	1.40525
122	133	1.17939
122	134	0.883359
122	148	1.12746
122	153	1.81158
122	165	0.762752
122	169	1.67357
122	171	1.87266
122	177	0.788186
122	180	2.6965
123	19	1.36609
123	55	1.59421
123	67	1.55263
123	98	1.49021
123	100	1.20108
123	103	0.906038
123	104	1.20747
123	110	1.19667
123	135	0.924153
123	143	0.906089
123	146	0.894294
123	150	0.868202
123	153	0.833375
123	159	0.878878
123	161	0.823822
123	163	0.869888
123	164	0.898923
123	170	0.849815
123	171	0.828631
123	172	0.812287
123	173	0.824749
123	174	0.819267
123	175	0.793126
123	176	0.820872
123	178	0.939751
123	179	0.793237
123	180	0.763763
124	17	1.30245
124	27	1.45612
124	29	0.889166
124	32	0.85131
124	46	0.824215
124	48	1.45506
124	57	0.798182
124	58	1.66236
124	69	0.852257
124	71	1.5571
124	95	0.999583
124	96	1.53179
124	110	1.23553
124	115	0.855312
124	116	0.890494
124	117	0.890419
124	118	0.837754
124	122	0.871038
124	125	0.904607
124	131	0.913637
124	164	0.885803
124	168	0.776213
124	171	0.815512
124	172	0.799167
124	175	0.780006
124	177	0.810133
124	179	0.780118
124	180	0.750644
125	26	0.894214
125	47	0.840204
125	49	0.840204
125	61	0.829854
125	73	0.961241
125	75	0.879854
125	89	1.26604
125	101	0.879498
125	108	0.96503
125	111	0.920721
125	112	0.942058
125	115	0.866933
125	116	0.902115
125	117	0.90204
125	118	0.849375
125	122	0.882659
125	124	0.904607
125	134	0.916928
125	136	1.35926
125	137	2.02848
125	145	1.50556
125	146	1.46597
125	154	1.51705
125	159	1.61996
125	165	0.796321
125	169	1.7516
125	177	0.821754
125	178	1.14494
126	25	2.419
126	62	0.792997
126	64	0.712056
126	71	0.76603
126	77	2.09194
126	83	0.724945
126	93	0.742535
126	95	1.99348
126	99	0.800033
126	105	0.779321
126	110	0.76163
126	113	0.80063
126	114	0.798523
126	117	2.00462
126	130	0.757307
126	134	1.98006
126	137	0.705937
126	151	0.783764
126	153	0.712257
126	160	0.654533
126	174	0.698149
126	175	0.672008
126	176	0.699755
126	177	0.702135
126	178	0.818634
126	179	0.672119
126	180	0.642645
127	6	1.69317
127	16	1.22354
127	17	1.36819
127	27	1.52187
127	65	1.55948
127	88	1.53101
127	91	1.1052
127	96	1.59753
127	135	0.916238
127	143	0.898174
127	146	0.886378
127	148	0.916989
127	149	0.844189
127	156	0.775976
127	158	0.8713
127	159	0.870963
127	160	0.767735
127	161	0.815907
127	168	0.781417
127	169	0.808118
127	170	0.8419
127	172	0.804372
127	173	0.816833
127	174	0.811352
127	175	0.78521
127	176	0.812957
127	177	0.815337
127	179	0.785322
127	180	0.755848
128	19	1.61635
128	24	1.64355
128	35	1.60299
128	69	1.51394
128	105	0.881058
128	112	1.42735
128	117	1.22211
128	122	1.40525
128	137	0.807675
128	139	1.25355
128	142	0.891563
128	147	0.828039
128	149	0.832724
128	152	0.896595
128	156	0.764511
128	158	0.859834
128	159	0.859498
128	161	0.804441
128	163	0.850508
128	168	0.769952
128	170	0.830435
128	171	0.809251
128	172	0.792906
128	173	0.805368
128	174	0.799887
128	175	0.773745
128	176	0.801492
128	177	0.803872
128	179	0.773857
128	180	0.744383
129	12	1.01217
129	20	1.07513
129	24	1.16442
129	25	1.15736
129	29	0.980165
129	32	0.942309
129	38	0.935368
129	44	1.03183
129	46	0.915213
129	49	1.35933
129	52	0.99807
129	55	0.910204
129	57	0.88918
129	60	0.96713
129	65	1.22599
129	67	0.942509
129	68	0.94229
129	69	0.943255
129	88	1.19752
129	91	0.771714
129	101	1.15762
129	139	0.774417
129	146	0.972173
129	151	0.889501
129	157	0.962462
129	168	0.867212
129	172	0.890166
129	174	0.897146
129	175	0.871005
129	179	0.871116
129	180	0.841642
130	29	1.63508
130	55	1.88564
130	60	1.54764
130	64	1.71137
130	97	1.52674
130	108	1.26988
130	113	1.32889
130	118	1.49476
130	126	0.757307
130	133	0.879769
130	135	0.883353
130	140	0.895704
130	142	0.870143
130	143	0.865289
130	146	0.853493
130	149	0.811304
130	155	0.862842
130	162	0.763375
130	163	0.829088
130	164	0.858123
130	168	0.748532
130	169	0.775233
130	170	0.809015
130	171	0.787831
130	173	0.783948
130	174	0.778467
130	175	0.752325
130	176	0.780072
130	177	0.782452
130	179	0.752437
130	180	0.722963
131	4	0.963698
131	23	0.907503
131	28	0.912203
131	32	0.871962
131	41	0.878007
131	44	0.961487
131	46	0.844866
131	55	0.839857
131	57	0.818833
131	60	0.896783
131	67	0.872162
131	68	0.871943
131	69	0.872908
131	76	0.992493
131	82	0.845288
131	90	0.891195
131	94	0.937209
131	119	0.922106
131	124	0.913637
131	136	1.22403
131	140	1.17028
131	146	1.33075
131	147	0.854951
131	157	0.892115
131	161	1.85025
131	162	2.03148
131	168	2.15046
131	169	0.823565
131	174	1.6987
131	177	1.72318
131	178	1.00972
132	11	1.80414
132	22	1.39888
132	43	1.28743
132	57	1.66884
132	75	1.22915
132	78	0.893537
132	86	1.22602
132	101	1.42625
132	114	1.33463
132	120	1.42465
132	143	0.902812
132	153	0.830097
132	155	0.900365
132	156	0.780614
132	158	0.875937
132	161	0.820544
132	162	0.800898
132	163	0.866611
132	164	0.895645
132	165	0.794541
132	166	0.795959
132	168	0.786055
132	170	0.846538
132	171	0.825354
132	172	0.809009
132	173	0.821471
132	174	0.815989
132	175	0.789848
132	176	0.817595
132	178	0.936474
132	179	0.78996
132	180	0.760486
133	30	1.15804
133	45	1.75165
133	51	1.44849
133	65	1.47927
133	83	1.40128
133	88	1.4508
133	104	1.23186
133	122	1.17939
133	130	0.879769
133	141	0.976246
133	144	0.899089
133	148	0.926249
133	149	0.853449
133	152	0.91732
133	153	0.83472
133	154	0.870491
133	158	0.880559
133	161	0.825166
133	162	0.80552
133	163	0.871233
133	164	0.900267
133	168	0.790677
133	170	0.85116
133	171	0.829976
133	172	0.813631
133	173	0.826093
133	174	0.820612
133	175	0.79447
133	176	0.822217
133	179	0.794582
133	180	0.765108
134	50	0.849343
134	63	0.994093
134	66	0.878436
134	70	0.881907
134	77	0.90841
134	78	1.13983
134	80	0.907876
134	82	0.836957
134	90	0.882864
134	92	1.66031
134	94	0.928878
134	111	0.921421
134	115	0.867633
134	116	0.902814
134	117	0.90274
134	118	0.850075
134	122	0.883359
134	125	0.916928
134	126	1.98006
134	136	1.07353
134	150	0.902578
134	153	1.60388
134	154	1.23132
134	159	1.33423
134	160	0.774852
134	166	0.798438
134	167	0.805873
134	169	0.815234
134	171	1.66497
134	177	0.822454
134	178	0.938953
134	179	1.98174
135	13	0.922715
135	18	1.33198
135	22	1.46477
135	43	1.35332
135	45	1.83289
135	54	1.43385
135	81	1.44701
135	99	1.38913
135	108	1.08409
135	116	1.34024
135	123	0.924153
135	127	0.916238
135	130	0.883353
135	144	0.902673
135	145	0.885617
135	146	0.899222
135	148	0.929833
135	153	0.838303
135	154	0.874075
135	158	0.884143
135	160	0.780579
135	161	0.82875
135	162	0.809104
135	163	0.874817
135	168	0.794261
135	170	0.854744
135	171	0.83356
135	172	0.817215
135	173	0.829677
135	174	0.824195
135	175	0.798054
135	176	0.825801
135	179	0.798165
135	180	0.768692
136	1	0.946264
136	8	1.52622
136	9	0.838663
136	25	0.909121
136	45	0.855341
136	62	0.922148
136	64	0.841207
136	71	0.895181
136	74	0.86378
136	88	0.891697
136	90	1.17384
136	97	1.36154
136	98	0.855286
136	102	0.855262
136	104	1.3337
136	106	0.895347
136	109	0.935518
136	113	1.1637
136	119	1.13782
136	125	1.35926
136	131	1.22403
136	134	1.07353
136	151	0.912915
136	155	0.911676
136	156	0.791924
136	157	1.12836
136	159	0.886912
136	174	0.8273
136	177	0.831286
136	178	0.947785
136	179	0.80127
136	180	0.771796
137	53	1.93249
137	70	1.62574
137	86	1.98173
137	108	1.77391
137	114	2.09034
137	117	1.76731
137	121	0.755889
137	125	2.02848
137	126	0.705937
137	128	0.807675
137	138	0.788714
137	144	0.805574
137	145	0.788518
137	146	0.802124
137	147	0.755249
137	148	0.832735
137	149	0.759934
137	152	0.823806
137	153	0.741205
137	158	0.787045
137	159	0.786708
137	163	0.777718
137	164	0.806753
137	168	0.697163
137	171	0.736461
137	172	0.720117
137	173	0.732579
137	175	0.700956
137	176	0.728702
137	177	0.731082
137	178	0.847581
137	179	0.701067
137	180	0.671593
138	59	1.73272
138	71	1.75123
