1	23	1.25329
1	63	1.10632
1	71	1.20316
1	78	1.1848
1	85	1.266
1	87	1.23485
1	88	0.529698
1	116	1.21462
1	117	1.14624
1	132	0.851419
1	164	0.899923
1	166	1.07347
2	18	0.328296
2	21	1.26351
2	49	1.1902
2	56	1.14469
2	57	1.26035
2	100	1.12176
2	110	1.1776
2	140	1.17697
2	141	1.25564
2	159	1.29987
2	163	0.777983
2	168	0.959389
3	4	1.01212
3	45	1.05515
3	56	1.01991
3	57	1.13556
3	70	1.12011
3	77	1.06709
3	100	0.996974
3	140	1.05218
3	141	1.13085
3	142	0.696488
3	161	1.39183
3	164	1.05246
4	3	1.01212
4	21	1.1336
4	45	1.05003
4	49	1.06029
4	56	1.01478
4	70	1.11498
4	110	1.04768
4	140	1.04705
4	141	1.12573
4	152	0.994126
4	165	0.952182
4	174	1.21555
5	31	0.807731
5	69	1.08128
5	96	1.05661
5	102	1.08456
5	109	1.04416
5	115	1.06325
5	118	1.07284
5	119	1.06319
5	120	1.04732
5	123	1.09137
5	156	0.95008
5	172	1.41682
6	22	1.14556
6	26	1.25652
6	42	1.03158
6	47	1.0307
6	50	0.922352
6	101	1.06392
6	125	1.03049
6	126	1.0687
6	137	0.833879
6	138	1.05865
6	155	0.937586
6	178	1.38841
7	28	1.05185
7	32	1.08473
7	37	1.05024
7	38	1.051
7	55	1.11539
7	58	0.933755
7	110	1.03089
7	128	0.67459
7	144	1.12518
7	146	1.14587
7	161	1.17388
7	173	1.31285
8	10	1.06326
8	32	1.03839
8	51	1.03514
8	67	0.909249
8	68	1.00909
8	144	1.07884
8	146	1.09953
8	167	0.885105
8	173	0.856151
8	178	0.862288
8	179	0.895204
8	180	0.819963
9	18	0.613624
9	51	1.04031
9	101	1.06972
9	109	1.06219
9	116	1.10048
9	117	1.03211
9	118	1.09087
9	120	1.06535
9	123	1.10941
9	128	0.898813
9	140	1.04629
9	159	1.5852
10	8	1.06326
10	28	1.18804
10	37	1.18643
10	38	1.18718
10	55	1.25157
10	59	0.780651
10	110	1.16708
10	114	1.09306
10	128	0.834687
10	135	0.65981
10	144	1.26136
10	146	1.28205
11	79	1.25269
11	91	1.14106
11	95	1.19936
11	104	1.20562
11	105	1.20854
11	113	1.23423
11	124	1.15895
11	129	1.22214
11	158	0.64666
11	161	0.904323
11	173	1.0433
11	174	0.845242
12	29	1.19008
12	102	1.21828
12	109	1.17788
12	115	1.19697
12	118	1.20656
12	119	1.19692
12	120	1.18104
12	123	1.22509
12	165	0.573891
12	166	0.730514
12	171	1.10757
12	178	0.993254
13	16	1.09875
13	30	1.07924
13	52	1.11161
13	72	1.03032
13	74	1.02816
13	90	1.06738
13	92	1.06354
13	99	1.04002
13	146	1.14044
13	154	0.822818
13	168	1.12328
13	175	1.205
14	53	0.521033
14	63	1.14049
14	78	1.21897
14	81	1.19653
14	116	1.24879
14	117	1.18042
14	138	1.21277
14	141	1.27327
14	143	1.12546
14	145	0.723171
14	175	1.00975
14	177	1.12915
15	53	0.863087
15	71	1.07373
15	78	1.05536
15	81	1.03292
15	85	1.13656
15	116	1.08518
15	117	1.01681
15	138	1.04916
15	140	1.03099
15	141	1.10966
15	149	1.0657
15	153	1.21438
16	13	1.09875
16	68	0.714552
16	82	1.2318
16	86	1.1085
16	90	1.20357
16	92	1.19973
16	99	1.17621
16	131	0.872748
16	139	0.733085
16	142	1.27699
16	146	1.27663
16	153	1.05694
17	23	1.11012
17	78	1.04163
17	81	1.01919
17	85	1.12283
17	87	1.09168
17	116	1.07145
17	117	1.00307
17	138	1.03542
17	141	1.09593
17	148	1.0366
17	149	0.862719
17	177	1.26822
18	2	0.328296
18	9	0.613624
18	40	0.618211
18	105	0.370947
18	162	1.30585
18	166	1.23871
18	173	1.16802
18	174	1.20228
18	177	1.17756
18	178	1.17416
18	179	1.20707
18	180	1.13183
19	39	0.958763
19	43	1.19771
19	48	1.03769
19	65	1.09643
19	75	1.05841
19	83	1.03411
19	89	1.1011
19	131	0.89586
19	147	1.04345
19	151	1.10134
19	155	0.935246
19	177	1.33688
20	22	1.30315
20	42	1.18916
20	46	1.17978
20	47	1.18828
20	50	1.07994
20	73	0.716069
20	77	1.21299
20	126	1.22628
20	138	1.21624
20	154	0.659527
20	174	1.05429
20	179	0.999067
21	2	1.26351
21	4	1.1336
21	27	1.22137
21	45	1.17663
21	56	1.14138
21	57	1.25704
21	107	0.824013
21	140	1.17366
21	141	1.25233
21	159	0.895327
21	168	0.554844
21	180	1.14117
22	6	1.14556
22	20	1.30315
22	42	1.18328
22	46	1.1739
22	47	1.18239
22	73	0.524105
22	114	0.680498
22	125	1.18219
22	126	1.2204
22	138	1.21035
22	170	1.26533
22	177	0.969137
23	1	1.25329
23	17	1.11012
23	71	1.22271
23	85	1.28555
23	117	1.16579
23	140	1.17998
23	141	1.25865
23	143	1.11084
23	156	0.66028
23	169	0.888244
23	174	0.882404
23	177	0.989214
24	96	1.14878
24	98	1.14219
24	102	1.17672
24	109	1.13632
24	111	0.790778
24	115	1.15541
24	118	1.165
24	119	1.15536
24	120	1.13948
24	123	1.18354
24	145	0.776824
24	157	1.05889
24	166	0.969246
25	84	0.993533
25	96	1.14878
25	98	1.14219
25	102	1.17672
25	109	1.13632
25	115	1.15541
25	118	1.165
25	119	1.15536
25	120	1.13948
25	123	1.18354
25	134	0.581605
25	162	0.634052
25	180	1.41055
26	6	1.25652
26	42	1.29423
26	46	1.28485
26	47	1.29335
26	100	1.03676
26	101	1.32657
26	125	1.29314
26	126	1.33135
26	138	1.32131
26	155	0.529444
26	162	0.539801
26	166	0.717523
26	172	1.06888
27	21	1.22137
27	45	1.1378
27	49	1.14805
27	56	1.10255
27	70	1.20275
27	77	1.14973
27	100	1.07962
27	112	0.510326
27	140	1.13482
27	141	1.2135
27	150	0.797071
27	162	0.763612
27	180	1.54011
28	7	1.05185
28	10	1.18804
28	32	1.16316
28	37	1.12868
28	38	1.12943
28	55	1.19383
28	73	0.80519
28	110	1.10933
28	136	0.658599
28	144	1.20361
28	146	1.22431
28	148	1.0186
28	174	1.14341
29	12	1.19008
29	98	1.13699
29	102	1.17152
29	109	1.13112
29	115	1.15021
29	118	1.1598
29	119	1.15016
29	120	1.13428
29	123	1.17833
29	160	0.724899
29	172	0.969327
29	174	0.724712
29	180	1.21674
30	13	1.07924
30	52	1.22829
30	72	1.147
30	74	1.14484
30	76	1.13735
30	86	1.08899
30	92	1.18022
30	99	1.1567
30	142	1.25748
30	152	0.694671
30	156	0.693972
30	169	0.921936
30	170	1.3191
31	5	0.807731
31	83	0.595509
31	102	0.682294
31	148	1.0984
31	150	1.13336
31	163	1.13421
31	167	1.02659
31	168	1.07649
31	170	0.99106
31	175	1.01959
31	176	0.956742
31	178	1.00378
31	180	0.961453
32	7	1.08473
32	8	1.03839
32	28	1.16316
32	37	1.16155
32	38	1.16231
32	55	1.2267
32	84	1.048
32	121	0.777627
32	144	1.23649
32	146	1.25718
32	156	0.89943
32	157	1.10445
32	163	0.845846
33	80	1.12937
33	84	1.20404
33	103	1.16761
33	104	1.16228
33	105	1.1652
33	122	1.15237
33	124	1.11561
33	129	1.1788
33	137	0.730497
33	149	0.830338
33	151	1.19333
33	156	1.11455
33	162	0.844562
34	70	0.482833
34	99	0.449455
34	113	0.268463
34	115	1.24313
34	119	1.24307
34	120	1.22719
34	123	1.27125
34	141	0.450268
34	175	1.10231
34	177	1.0899
34	178	1.0865
34	179	1.11941
34	180	1.04417
35	51	0.37116
35	70	0.400147
35	118	0.457451
35	120	0.488422
35	165	1.24439
35	167	1.17227
35	170	1.13674
35	172	1.14303
35	175	1.16527
35	176	1.10242
35	178	1.14946
35	179	1.18237
35	180	1.10713
36	96	1.14878
36	98	1.14219
36	102	1.17672
36	109	1.13632
36	115	1.15541
36	118	1.165
36	119	1.15536
36	120	1.13948
36	123	1.18354
36	127	0.724184
36	132	1.01554
36	135	0.729257
36	165	1.08097
37	7	1.05024
37	10	1.18643
37	28	1.12868
37	32	1.16155
37	38	1.12782
37	55	1.19222
37	110	1.10772
37	137	0.825602
37	144	1.202
37	146	1.2227
37	147	0.938745
37	154	0.82937
37	156	1.00201
38	7	1.051
38	10	1.18718
38	28	1.12943
38	32	1.16231
38	37	1.12782
38	55	1.19297
38	59	0.558171
38	100	1.2649
38	110	1.10847
38	132	0.723617
38	144	1.20276
38	146	1.22345
38	175	1.03983
39	19	0.958763
39	40	1.06382
39	43	1.15489
39	44	1.15979
39	54	0.977935
39	75	1.01559
39	83	0.991293
39	89	1.05828
39	147	1.00063
39	151	1.05853
39	155	0.911614
39	160	1.20663
39	161	1.26552
40	18	0.618211
40	39	1.06382
40	54	1.12581
40	65	1.20148
40	75	1.16346
40	83	1.13916
40	89	1.20615
40	125	1.1394
40	142	0.707345
40	147	1.1485
40	151	1.2064
40	154	0.948842
40	163	1.0679
41	89	0.778079
41	108	0.581294
41	114	1.12402
41	146	0.484614
41	162	1.14675
41	168	1.08777
41	170	1.00234
41	171	1.00561
41	176	0.968023
41	177	1.01846
41	178	1.01506
41	179	1.04798
41	180	0.972734
42	6	1.03158
42	20	1.18916
42	22	1.18328
42	26	1.29423
42	46	1.05991
42	47	1.06841
42	77	1.09311
42	101	1.10163
42	125	1.0682
42	138	1.09637
42	149	0.821519
42	153	0.970194
42	161	1.17929
42	164	0.839917
43	19	1.19771
43	39	1.15489
43	48	1.23382
43	65	1.29256
43	75	1.25454
43	83	1.23024
43	89	1.29723
43	137	0.540731
43	147	1.23958
43	151	1.29748
43	153	0.789247
43	168	0.844961
43	169	0.945104
43	175	0.926677
44	39	1.15979
44	48	1.23872
44	54	1.22178
44	73	0.565448
44	75	1.25944
44	83	1.23514
44	89	1.30213
44	125	1.23538
44	131	0.569459
44	133	0.417573
44	147	1.24448
44	151	1.30237
44	176	1.51568
44	177	1.01048
45	3	1.05515
45	4	1.05003
45	21	1.17663
45	27	1.1378
45	49	1.10332
45	57	1.17346
45	70	1.15801
45	110	1.09071
45	121	0.731596
45	140	1.09009
45	141	1.16876
45	143	1.10768
45	166	0.968778
45	179	1.0203
46	20	1.17978
46	22	1.1739
46	26	1.28485
46	42	1.05991
46	47	1.05903
46	77	1.08373
46	101	1.09225
46	125	1.05882
46	126	1.09703
46	138	1.08699
46	143	1.17633
46	147	0.858785
46	156	0.92205
46	162	0.859706
47	6	1.0307
47	20	1.18828
47	22	1.18239
47	26	1.29335
47	42	1.06841
47	46	1.05903
47	60	0.490489
47	101	1.10075
47	125	1.06732
47	126	1.10553
47	138	1.09548
47	139	0.716218
47	169	1.19593
47	173	1.38815
48	19	1.03769
48	43	1.23382
48	44	1.23872
48	54	1.05686
48	65	1.13253
48	83	1.07022
48	89	1.13721
48	112	0.633638
48	125	1.07045
48	134	0.834477
48	147	1.07956
48	151	1.13745
48	169	1.17723
48	175	1.15881
49	2	1.1902
49	4	1.06029
49	27	1.14805
49	45	1.10332
49	56	1.06807
49	57	1.18372
49	60	0.53186
49	100	1.04514
49	110	1.10097
49	131	0.897253
49	140	1.10034
49	141	1.17902
49	168	1.13716
49	175	1.21888
50	6	0.922352
50	20	1.07994
50	99	1.24601
50	107	0.923783
50	125	0.958974
50	126	0.997184
50	131	1.06913
50	138	0.98714
50	151	1.06366
50	169	0.889527
50	170	0.834621
50	172	0.840909
50	179	0.880255
50	180	0.805014
51	8	1.03514
51	9	1.04031
51	35	0.37116
51	63	1.02702
51	78	1.1055
51	81	1.08306
51	85	1.1867
51	87	1.15556
51	111	0.764545
51	116	1.13532
51	117	1.06695
51	138	1.09929
51	140	1.08113
51	143	1.01199
51	171	1.32007
52	13	1.11161
52	30	1.22829
52	62	1.20375
52	66	1.20252
52	74	1.17721
52	76	1.16972
52	82	1.24466
52	90	1.21642
52	92	1.21259
52	144	1.2688
52	145	0.765842
52	152	0.843585
52	155	0.770184
52	161	1.12409
52	162	0.780542
53	14	0.521033
53	15	0.863087
53	72	0.58031
53	102	0.545461
53	130	1.13739
53	158	1.18056
53	159	1.07402
53	165	1.15567
53	168	1.13345
53	173	1.0546
53	175	1.07655
53	176	1.0137
53	177	1.06414
53	179	1.09365
53	180	1.01841
54	39	0.977935
54	40	1.12581
54	44	1.22178
54	48	1.05686
54	65	1.1156
54	75	1.07758
54	83	1.05328
54	89	1.12027
54	125	1.05352
54	127	0.868868
54	133	1.00293
54	142	0.852762
54	147	1.06262
54	150	1.23802
54	151	1.12052
55	7	1.11539
55	10	1.25157
55	28	1.19383
55	32	1.2267
55	37	1.19222
55	38	1.19297
55	84	1.07866
55	110	1.17287
55	121	0.744884
55	142	0.45255
55	144	1.26715
55	146	1.28784
55	149	0.790121
55	154	0.694048
55	180	1.58084
56	2	1.14469
56	3	1.01991
56	4	1.01478
56	21	1.14138
56	27	1.10255
56	49	1.06807
56	57	1.13822
56	70	1.12276
56	88	0.705172
56	110	1.05547
56	140	1.05484
56	141	1.13351
56	142	0.719428
56	164	1.0754
56	177	1.4625
57	2	1.26035
57	3	1.13556
57	21	1.25704
57	45	1.17346
57	49	1.18372
57	56	1.13822
57	70	1.23841
57	77	1.1854
57	88	0.512522
57	97	1.03195
57	137	0.764508
57	140	1.17049
57	141	1.24916
57	156	0.940916
57	158	0.964458
58	7	0.933755
58	70	1.34727
58	84	0.897029
58	87	1.19971
58	110	0.991232
58	143	0.921465
58	144	1.08552
58	146	1.10621
58	172	0.862537
58	174	0.897085
58	176	0.821932
58	177	0.872371
58	178	0.868968
58	179	0.901884
58	180	0.826642
59	10	0.780651
59	38	0.558171
59	126	0.621097
59	144	0.53652
59	165	1.17791
59	167	1.1058
59	171	1.07353
59	172	1.07655
59	174	1.1111
59	175	1.09879
59	176	1.03594
59	177	1.08638
59	178	1.08298
59	179	1.1159
59	180	1.04066
60	47	0.490489
60	49	0.53186
60	105	0.396739
60	117	0.504661
60	141	0.346576
60	162	1.31134
60	167	1.20247
60	168	1.25237
60	172	1.17322
60	173	1.17352
60	174	1.20777
60	175	1.19547
60	176	1.13262
60	179	1.21257
60	180	1.13733
61	93	1.18226
61	94	1.16428
61	95	1.15374
61	103	1.16534
61	106	1.17023
61	108	1.21416
61	122	1.15009
61	124	1.11333
61	128	0.605828
61	129	1.17652
61	151	1.19105
61	154	0.651271
61	156	1.11228
61	161	1.10512
61	164	0.765742
61	171	1.31634
62	52	1.20375
62	66	1.14561
62	74	1.1203
62	76	1.11281
62	82	1.18775
62	86	1.06445
62	90	1.15952
62	99	1.13216
62	142	1.23294
62	143	0.911084
62	144	1.21189
62	146	1.23258
62	149	0.580234
62	161	0.938007
62	168	0.784622
62	170	1.28192
63	1	1.10632
63	14	1.14049
63	51	1.02702
63	71	1.07574
63	81	1.03493
63	87	1.10743
63	101	1.05643
63	116	1.0872
63	117	1.01882
63	121	0.92188
63	138	1.05117
63	141	1.11168
63	143	0.963866
63	145	0.96664
63	154	0.871044
63	173	1.46386
64	80	1.1324
64	94	1.16959
64	95	1.15906
64	104	1.16532
64	108	1.21948
64	113	1.19393
64	122	1.1554
64	124	1.11865
64	126	1.16758
64	127	0.474549
64	129	1.18184
64	150	0.843697
64	155	0.799879
64	156	1.11759
64	167	1.23898
64	169	1.10054
65	19	1.09643
65	40	1.20148
65	43	1.29256
65	48	1.13253
65	54	1.1156
65	75	1.15325
65	83	1.12896
65	89	1.19594
65	125	1.12919
65	142	0.530821
65	145	0.867915
65	147	1.13829
65	151	1.19619
65	154	0.772319
65	174	1.16708
65	179	1.11186
66	52	1.20252
66	62	1.14561
66	72	1.12123
66	76	1.11158
66	82	1.18652
66	86	1.06322
66	92	1.15445
66	99	1.13093
66	142	1.23171
66	144	1.21066
66	145	0.759572
66	146	1.23135
66	152	0.837315
66	162	0.774272
66	165	0.795371
66	172	1.30335
67	8	0.909249
67	80	1.13703
67	91	1.10539
67	93	1.1922
67	103	1.17528
67	105	1.17287
67	108	1.22411
67	122	1.16003
67	124	1.12328
67	129	1.18647
67	134	0.586951
67	151	1.201
67	152	0.702441
67	156	1.12222
67	157	0.906759
67	173	1.12192
68	8	1.00909
68	16	0.714552
68	89	0.630194
68	94	0.55008
68	115	1.14727
68	118	1.15686
68	119	1.14722
68	120	1.13134
68	123	1.17539
68	140	0.591483
68	164	1.08406
68	167	1.01346
68	173	0.984503
68	177	0.994044
68	179	1.02356
68	180	0.948315
69	5	1.08128
69	96	1.16849
69	98	1.16191
69	102	1.19644
69	109	1.15604
69	114	1.12746
69	115	1.17513
69	118	1.18472
69	119	1.17507
69	120	1.1592
69	123	1.20325
69	156	0.81726
69	162	0.754916
69	163	0.763675
69	168	0.945081
69	178	1.19538
70	3	1.12011
70	4	1.11498
70	27	1.20275
70	34	0.482833
70	35	0.400147
70	45	1.15801
70	56	1.12276
70	57	1.23841
70	58	1.34727
70	77	1.16995
70	100	1.09983
70	110	1.15567
70	137	0.680214
70	140	1.15504
70	141	1.23371
70	145	0.779578
71	1	1.20316
71	15	1.07373
71	23	1.22271
71	63	1.07574
71	81	1.13178
71	85	1.23542
71	87	1.20427
71	116	1.18404
71	117	1.11566
71	130	1.11028
71	131	0.603621
71	140	1.12985
71	141	1.20852
71	150	0.686824
71	154	0.543068
71	176	1.54984
72	13	1.03032
72	30	1.147
72	53	0.58031
72	66	1.12123
72	74	1.09592
72	82	1.16337
72	86	1.04007
72	90	1.13514
72	92	1.1313
72	99	1.10778
72	135	0.466533
72	142	1.20856
72	144	1.18751
72	146	1.2082
72	162	0.797149
72	166	0.97487
72	180	1.57364
73	20	0.716069
73	22	0.524105
73	28	0.80519
73	44	0.565448
73	113	0.526153
73	153	1.20862
73	155	1.24246
73	157	1.17581
73	170	1.09502
73	171	1.09829
73	172	1.10131
73	174	1.13586
73	175	1.12355
73	177	1.11114
73	178	1.10774
73	179	1.14066
73	180	1.06541
74	13	1.02816
74	30	1.14484
74	52	1.17721
74	62	1.1203
74	72	1.09592
74	76	1.08626
74	82	1.16121
74	86	1.0379
74	90	1.13297
74	133	0.751198
74	136	0.752481
74	142	1.2064
74	144	1.18534
74	146	1.20604
74	147	0.951905
74	162	0.952827
74	175	1.22471
75	19	1.05841
75	39	1.01559
75	40	1.16346
75	43	1.25454
75	44	1.25944
75	54	1.07758
75	65	1.15325
75	83	1.09094
75	89	1.15792
75	125	1.09117
75	147	1.10027
75	151	1.15817
75	153	0.820625
75	157	0.953536
75	160	0.970829
75	161	1.02972
75	179	0.915418
76	30	1.13735
76	52	1.16972
76	62	1.11281
76	66	1.11158
76	74	1.08626
76	86	1.03042
76	90	1.12548
76	92	1.12165
76	99	1.09813
76	114	0.991015
76	131	0.838633
76	142	1.19891
76	144	1.17786
76	146	1.19855
76	154	0.77808
76	162	0.888376
76	169	1.17868
77	3	1.06709
77	20	1.21299
77	27	1.14973
77	42	1.09311
77	46	1.08373
77	57	1.1854
77	70	1.16995
77	125	1.09202
77	126	1.13023
77	138	1.12019
77	140	1.10202
77	141	1.1807
77	142	0.522622
77	143	1.19104
77	152	0.93746
77	158	0.960303
77	166	1.05214
78	1	1.1848
78	14	1.21897
78	15	1.05536
78	17	1.04163
78	51	1.1055
78	85	1.21706
78	87	1.18591
78	101	1.13492
78	112	0.480823
78	116	1.16568
78	117	1.0973
78	138	1.12965
78	143	1.04235
78	165	0.755208
78	171	1.28888
78	178	1.17457
78	179	0.963353
79	11	1.25269
79	93	1.20834
79	103	1.19142
79	104	1.18608
79	106	1.19631
79	108	1.24024
79	113	1.2147
79	124	1.13941
79	126	1.18834
79	129	1.2026
79	151	1.21713
79	156	1.13835
79	157	0.818454
79	162	0.551092
79	165	0.572192
79	172	1.08018
79	179	0.780337
79	180	1.32759
80	33	1.12937
80	64	1.1324
80	67	1.13703
80	91	1.04154
80	105	1.10902
80	106	1.11632
80	112	0.474681
80	113	1.13471
80	122	1.09618
80	124	1.05943
80	126	1.10836
80	129	1.12262
80	147	0.727046
80	151	1.13715
80	156	1.05837
80	160	1.01262
80	170	1.41543
80	172	1.25705
81	14	1.19653
81	15	1.03292
81	17	1.01919
81	51	1.08306
81	63	1.03493
81	71	1.13178
81	85	1.19462
81	87	1.16347
81	101	1.11247
81	114	0.81281
81	116	1.14324
81	117	1.07486
81	138	1.10721
81	140	1.08904
81	158	0.796057
81	167	1.13891
81	174	0.994639
81	178	1.15063
82	16	1.2318
82	52	1.24466
82	62	1.18775
82	66	1.18652
82	72	1.16337
82	74	1.16121
82	86	1.10536
82	90	1.20043
82	92	1.19659
82	99	1.17307
82	100	0.884013
82	130	0.843977
82	144	1.2528
82	146	1.27349
82	158	0.472945
82	173	0.869581
82	176	1.28354
82	178	0.827521
83	19	1.03411
83	31	0.595509
83	39	0.991293
83	40	1.13916
83	43	1.23024
83	44	1.23514
83	48	1.07022
83	54	1.05328
83	65	1.12896
83	75	1.09094
83	89	1.13363
83	125	1.06688
83	147	1.07598
83	151	1.13387
83	157	0.942876
83	158	0.7614
83	159	1.20616
83	178	1.11598
84	25	0.993533
84	32	1.048
84	33	1.20404
84	55	1.07866
84	58	0.897029
84	113	0.939389
84	144	1.08845
84	145	1.04828
84	146	1.10914
84	158	0.991722
84	162	1.00359
84	164	0.965318
84	175	0.887715
84	177	0.875306
84	178	0.871902
84	179	0.904818
84	180	0.829577
85	1	1.266
85	15	1.13656
85	17	1.12283
85	23	1.28555
85	51	1.1867
85	71	1.23542
85	78	1.21706
85	81	1.19462
85	116	1.24688
85	117	1.1785
85	128	0.778076
85	135	0.603199
85	140	1.19268
85	142	0.58202
85	143	1.12355
85	157	1.20118
85	163	0.942573
85	165	0.954914
86	16	1.1085
86	30	1.08899
86	62	1.06445
86	66	1.06322
86	72	1.04007
86	74	1.0379
86	76	1.03042
86	82	1.10536
86	90	1.07712
86	92	1.07329
86	99	1.04977
86	107	1.29214
86	114	0.935449
86	142	1.15055
86	144	1.1295
86	146	1.15019
86	148	0.992469
86	153	0.967262
86	156	0.895154
87	1	1.23485
87	17	1.09168
87	51	1.15556
87	58	1.19971
87	63	1.10743
87	71	1.20427
87	78	1.18591
87	81	1.16347
87	116	1.21573
87	117	1.14735
87	138	1.1797
87	140	1.16154
87	141	1.24021
87	143	1.0924
87	145	0.632019
87	150	0.680179
87	155	0.636362
87	177	1.038
87	179	0.875963
88	1	0.529698
88	56	0.705172
88	57	0.512522
88	93	0.398772
88	105	0.445825
88	138	0.469519
88	161	1.17351
88	164	1.24245
88	165	1.24397
88	167	1.17185
88	169	1.19122
88	172	1.1426
88	173	1.1429
88	174	1.17715
88	175	1.16485
88	176	1.102
88	177	1.15244
88	179	1.18195
88	180	1.10671
89	19	1.1011
89	39	1.05828
89	40	1.20615
89	41	0.778079
89	43	1.29723
89	44	1.30213
89	48	1.13721
89	54	1.12027
89	65	1.19594
89	68	0.630194
89	75	1.15792
89	83	1.13363
89	97	0.991514
89	125	1.13386
89	142	0.486339
89	147	1.14297
89	151	1.20086
89	165	0.859233
89	166	1.01586
90	13	1.06738
90	16	1.20357
90	52	1.21642
90	62	1.15952
90	72	1.13514
90	74	1.13297
90	76	1.12548
90	82	1.20043
90	86	1.07712
90	99	1.14484
90	112	0.650134
90	128	0.747681
90	133	0.701791
90	142	1.24561
90	144	1.22456
90	146	1.24526
90	164	0.907594
90	165	0.924519
90	178	1.34388
91	11	1.14106
91	67	1.10539
91	80	1.04154
91	93	1.0967
91	94	1.07872
91	103	1.07979
91	104	1.07445
91	105	1.07738
91	106	1.08467
91	108	1.12861
91	113	1.10306
91	122	1.06454
91	124	1.02778
91	129	1.09097
91	155	0.858005
91	158	0.954249
91	162	0.868363
91	178	1.30882
91	179	1.09761
92	13	1.06354
92	16	1.19973
92	30	1.18022
92	52	1.21259
92	66	1.15445
92	72	1.1313
92	76	1.12165
92	82	1.19659
92	86	1.07329
92	97	0.737904
92	99	1.141
92	114	0.687163
92	142	1.24178
92	144	1.22073
92	146	1.24142
92	163	0.593283
92	169	0.874832
92	170	1.27199
92	171	1.1393
93	61	1.18226
93	67	1.1922
93	79	1.20834
93	88	0.398772
93	91	1.0967
93	103	1.1666
93	105	1.16419
93	108	1.21542
93	113	1.18988
93	122	1.15135
93	124	1.11459
93	129	1.17778
93	136	0.564477
93	151	1.19231
93	156	1.11353
93	160	1.04948
93	168	0.954987
93	169	1.05513
93	175	1.0367
94	61	1.16428
94	64	1.16959
94	68	0.55008
94	91	1.07872
94	95	1.13702
94	104	1.14328
94	105	1.14621
94	106	1.15351
94	107	1.21735
94	113	1.1719
94	122	1.13337
94	124	1.09662
94	126	1.14555
94	129	1.1598
94	133	0.556391
94	135	0.427404
94	151	1.17433
94	156	1.09556
94	159	1.28867
94	178	1.19848
95	11	1.19936
95	61	1.15374
95	64	1.15906
95	94	1.13702
95	103	1.13808
95	104	1.13275
95	106	1.14297
95	113	1.16136
95	121	0.620623
95	122	1.12284
95	124	1.08608
95	126	1.13501
95	129	1.14927
95	130	1.137
95	151	1.1638
95	156	1.08502
95	162	0.680083
95	163	0.688842
95	166	0.857805
95	176	1.57656
96	5	1.05661
96	24	1.14878
96	25	1.14878
96	36	1.14878
96	69	1.16849
96	98	1.13724
96	100	1.01433
96	102	1.17177
96	109	1.13137
96	114	1.1028
96	115	1.15046
96	118	1.16005
96	119	1.15041
96	120	1.13453
96	123	1.17859
96	131	0.467634
96	167	0.946119
96	171	1.07215
96	179	0.746622
96	180	1.29387
97	57	1.03195
97	89	0.991514
97	92	0.737904
97	107	1.05474
97	118	1.00496
97	147	1.09903
97	161	1.00278
97	164	1.07171
97	166	1.04285
97	170	0.965579
97	171	0.968847
97	172	0.971866
97	173	0.972159
97	174	1.00641
97	175	0.994109
97	176	0.93126
97	177	0.9817
97	178	0.978296
97	179	1.01121
97	180	0.935971
98	24	1.14219
98	25	1.14219
98	29	1.13699
98	36	1.14219
98	69	1.16191
98	96	1.13724
98	102	1.16519
98	109	1.12479
98	114	1.09621
98	115	1.14388
98	118	1.15347
98	119	1.14382
98	120	1.12795
98	123	1.172
98	136	0.565573
98	139	0.576512
98	148	0.925577
98	155	0.755561
98	160	1.05057
98	176	1.6624
99	13	1.04002
99	16	1.17621
99	30	1.1567
99	34	0.449455
99	50	1.24601
99	62	1.13216
99	66	1.13093
99	72	1.10778
99	76	1.09813
99	82	1.17307
99	86	1.04977
99	90	1.14484
99	92	1.141
99	128	0.605161
99	132	0.71657
99	142	1.21826
99	144	1.19721
99	146	1.2179
99	164	0.765074
99	167	1.18964
100	2	1.12176
100	3	0.996974
100	26	1.03676
100	27	1.07962
100	38	1.2649
100	49	1.04514
100	70	1.09983
100	82	0.884013
100	96	1.01433
100	110	1.03253
100	140	1.0319
100	143	0.962767
100	152	1.0388
100	164	1.00369
100	168	0.982982
100	170	0.897552
100	176	0.863234
100	177	0.913674
100	178	0.91027
100	179	0.943186
100	180	0.867945
101	6	1.06392
101	9	1.06972
101	26	1.32657
101	42	1.10163
101	46	1.09225
101	47	1.10075
101	63	1.05643
101	78	1.13492
101	81	1.11247
101	111	0.791183
101	116	1.16474
101	117	1.09636
101	125	1.10054
101	128	0.63619
101	138	1.12871
101	141	1.18922
101	143	1.0414
101	154	0.681632
101	163	0.800688
101	170	1.4794
101	172	1.32101
102	5	1.08456
102	12	1.21828
102	24	1.17672
102	25	1.17672
102	29	1.17152
102	31	0.682294
102	36	1.17672
102	53	0.545461
102	69	1.19644
102	96	1.17177
102	98	1.16519
102	109	1.15932
102	115	1.17841
102	118	1.18799
102	119	1.17835
102	120	1.16247
102	123	1.20653
102	134	0.709853
102	165	0.783399
102	166	0.940022
102	168	0.952465
102	174	1.04677
103	33	1.16761
103	61	1.16534
103	67	1.17528
103	79	1.19142
103	91	1.07979
103	93	1.1666
103	95	1.13808
103	104	1.14434
103	105	1.14727
103	106	1.15457
103	113	1.17296
103	122	1.13443
103	124	1.09768
103	127	0.298793
103	129	1.16086
103	131	0.584738
103	151	1.1754
103	155	0.624123
103	156	1.09662
103	159	1.16513
103	167	1.06322
103	173	1.117
103	176	1.53096
104	11	1.20562
104	33	1.16228
104	64	1.16532
104	79	1.18608
104	91	1.07445
104	94	1.14328
104	95	1.13275
104	103	1.14434
104	106	1.14923
104	108	1.19317
104	113	1.16762
104	122	1.12909
104	124	1.09234
104	129	1.15553
104	134	0.806695
104	135	0.528527
104	143	1.17577
104	150	0.892602
104	151	1.17006
104	156	1.09128
104	158	0.945028
104	163	0.867901
104	175	1.13102
105	11	1.20854
105	18	0.370947
105	33	1.1652
105	60	0.396739
105	67	1.17287
105	80	1.10902
105	88	0.445825
105	91	1.07738
105	93	1.16419
105	94	1.14621
105	103	1.14727
105	106	1.15216
105	108	1.1961
105	111	0.811129
105	113	1.17055
105	122	1.13202
105	124	1.09527
105	129	1.15845
105	136	0.611529
105	151	1.17299
105	156	1.09421
105	171	1.36665
105	180	1.58837
106	61	1.17023
106	79	1.19631
106	80	1.11632
106	91	1.08467
106	94	1.15351
106	95	1.14297
106	103	1.15457
106	104	1.14923
106	105	1.15216
106	108	1.20339
106	113	1.17785
106	122	1.13932
106	124	1.10256
106	126	1.15149
106	129	1.16575
106	132	0.624054
106	148	0.828042
106	155	0.658026
106	156	1.1015
106	157	0.935745
106	163	0.677142
106	167	1.09713
106	176	1.56486
107	21	0.824013
107	50	0.923783
107	86	1.29214
107	94	1.21735
107	97	1.05474
107	134	1.1101
107	146	1.004
107	158	1.04011
107	159	0.933568
107	160	0.974913
107	162	1.05197
107	164	1.0137
107	166	0.984835
107	168	0.992998
107	169	0.962474
107	171	0.910837
107	174	0.948403
107	175	0.936099
107	176	0.873249
107	177	0.923689
107	178	0.920286
107	179	0.953202
107	180	0.87796
108	41	0.581294
108	61	1.21416
108	64	1.21948
108	67	1.22411
108	79	1.24024
108	91	1.12861
108	93	1.21542
108	104	1.19317
108	105	1.1961
108	106	1.20339
108	113	1.22178
108	122	1.18326
108	124	1.1465
108	126	1.19543
108	129	1.20969
108	130	1.09827
108	143	0.957975
108	149	0.627125
108	151	1.22422
108	156	1.14544
108	163	0.650107
108	168	0.831513
108	169	0.931656
108	175	0.91323
109	5	1.04416
109	9	1.06219
109	12	1.17788
109	24	1.13632
109	25	1.13632
109	29	1.13112
109	36	1.13632
109	69	1.15604
109	96	1.13137
109	98	1.12479
109	102	1.15932
109	114	1.09034
109	115	1.13801
109	118	1.1476
109	119	1.13796
109	120	1.12208
109	121	0.465639
109	123	1.16613
109	130	0.982017
109	167	0.95384
109	170	1.21257
109	172	1.05418
109	173	1.00762
109	178	0.965561
110	2	1.1776
110	4	1.04768
110	7	1.03089
110	10	1.16708
110	28	1.10933
110	37	1.10772
110	38	1.10847
110	45	1.09071
110	49	1.10097
110	55	1.17287
110	56	1.05547
110	58	0.991232
110	70	1.15567
110	100	1.03253
110	140	1.08774
110	141	1.16641
110	144	1.18265
110	146	1.20335
110	150	0.807498
110	152	0.837081
110	153	0.90849
110	164	0.778213
110	175	1.04592
110	177	1.16532
110	178	1.2145
111	24	0.790778
111	51	0.764545
111	101	0.791183
111	105	0.811129
111	132	1.16957
111	141	0.760966
111	150	1.14199
111	151	0.577801
111	153	1.11328
111	158	1.13223
111	159	1.02569
111	164	1.10582
111	165	1.10734
111	166	1.07696
111	167	1.03522
111	170	0.999689
111	172	1.00598
111	173	1.00627
111	174	1.04052
111	175	1.02822
111	176	0.96537
111	177	1.01581
111	178	1.01241
111	179	1.04532
111	180	0.970081
112	27	0.510326
112	48	0.633638
112	78	0.480823
112	80	0.474681
112	90	0.650134
112	116	0.459153
112	119	0.711066
112	148	1.23983
112	151	0.325262
112	154	1.31092
112	161	1.16968
112	165	1.24014
112	166	1.20975
112	168	1.21792
112	169	1.18739
112	171	1.13576
112	172	1.13877
112	173	1.13907
112	174	1.17332
112	175	1.16102
112	176	1.09817
112	177	1.14861
112	178	1.1452
112	179	1.17812
112	180	1.10288
113	11	1.23423
113	34	0.268463
113	64	1.19393
113	73	0.526153
113	79	1.2147
113	80	1.13471
113	84	0.939389
113	91	1.10306
113	93	1.18988
113	94	1.1719
113	95	1.16136
113	103	1.17296
113	104	1.16762
113	105	1.17055
113	106	1.17785
113	108	1.22178
113	122	1.15771
113	124	1.12095
113	129	1.18414
113	151	1.19867
113	157	0.84727
113	158	0.665794
113	167	1.00865
113	168	0.770073
113	170	1.26738
114	10	1.09306
114	22	0.680498
114	41	1.12402
114	69	1.12746
114	76	0.991015
114	81	0.81281
114	86	0.935449
114	92	0.687163
114	96	1.1028
114	98	1.09621
114	109	1.09034
114	115	1.10944
114	118	1.11902
114	119	1.10938
114	120	1.0935
114	123	1.13756
114	130	1.02946
114	166	1.01736
114	169	0.994994
114	170	0.940089
114	171	0.943357
114	173	0.946669
114	174	0.980924
114	178	0.952806
114	179	0.985723
114	180	0.910481
115	5	1.06325
115	12	1.19697
115	24	1.15541
115	25	1.15541
115	29	1.15021
115	34	1.24313
115	36	1.15541
115	68	1.14727
115	69	1.17513
115	96	1.15046
115	98	1.14388
115	102	1.17841
115	109	1.13801
115	114	1.10944
115	118	1.16669
115	119	1.15705
115	120	1.14117
115	123	1.18522
115	134	0.796331
115	139	0.659372
115	149	0.834555
115	150	0.882238
115	154	0.738482
115	164	0.852953
115	166	1.0265
115	171	1.40355
116	1	1.21462
116	9	1.10048
116	14	1.24879
116	15	1.08518
116	17	1.07145
116	51	1.13532
116	63	1.0872
116	71	1.18404
116	78	1.16568
116	81	1.14324
116	85	1.24688
116	87	1.21573
116	101	1.16474
116	112	0.459153
116	117	1.12712
116	132	0.668109
116	138	1.15947
116	140	1.1413
116	141	1.21998
116	143	1.07217
116	152	0.775482
116	160	0.997094
116	163	0.721197
116	167	1.14118
116	171	1.26721
116	179	0.941683
117	1	1.14624
117	9	1.03211
117	14	1.18042
117	15	1.01681
117	17	1.00307
117	23	1.16579
117	51	1.06695
117	60	0.504661
117	63	1.01882
117	71	1.11566
117	78	1.0973
117	81	1.07486
117	85	1.1785
117	87	1.14735
117	101	1.09636
117	116	1.12712
117	131	0.870053
117	138	1.09109
117	139	0.73039
117	140	1.07293
117	141	1.1516
117	143	1.00379
117	154	0.8095
117	159	1.45045
117	160	1.20445
117	179	1.14904
118	5	1.07284
118	9	1.09087
118	12	1.20656
118	24	1.165
118	25	1.165
118	29	1.1598
118	35	0.457451
118	36	1.165
118	68	1.15686
118	69	1.18472
118	96	1.16005
118	97	1.00496
118	98	1.15347
118	102	1.18799
118	109	1.1476
118	114	1.11902
118	115	1.16669
118	119	1.16663
118	120	1.15075
118	123	1.19481
118	135	0.520967
118	136	0.651236
118	156	0.913925
118	158	0.937468
118	174	1.13605
118	179	1.08083
119	5	1.06319
119	12	1.19692
119	24	1.15536
119	25	1.15536
119	29	1.15016
119	34	1.24307
119	36	1.15536
119	68	1.14722
119	69	1.17507
119	96	1.15041
119	98	1.14382
119	102	1.17835
119	109	1.13796
119	112	0.711066
119	114	1.10938
119	115	1.15705
119	118	1.16663
119	120	1.14111
119	123	1.18517
119	135	0.633737
119	137	0.850287
119	142	0.612558
119	147	0.963431
119	162	0.964352
119	165	0.985451
119	179	1.1936
120	5	1.04732
120	9	1.06535
120	12	1.18104
120	24	1.13948
120	25	1.13948
120	29	1.13428
120	34	1.22719
120	35	0.488422
120	36	1.13948
120	68	1.13134
120	69	1.1592
120	96	1.13453
120	98	1.12795
120	102	1.16247
120	109	1.12208
120	114	1.0935
120	115	1.14117
120	118	1.15075
120	119	1.14111
120	123	1.16929
120	132	0.838224
120	139	0.693146
120	147	0.881632
120	164	0.886728
120	165	0.903652
120	178	1.32301
120	179	1.1118
121	32	0.777627
121	45	0.731596
121	55	0.744884
121	63	0.92188
121	95	0.620623
121	109	0.465639
121	144	0.686835
121	149	1.21622
121	153	1.16352
121	157	1.13072
121	160	1.11727
121	162	1.19433
121	167	1.08546
121	168	1.13536
121	169	1.10483
121	170	1.04993
121	171	1.05319
121	172	1.05621
121	173	1.05651
121	174	1.09076
121	175	1.07846
121	176	1.01561
121	177	1.06605
121	178	1.06264
121	179	1.09556
121	180	1.02032
122	33	1.15237
122	61	1.15009
122	64	1.1554
122	67	1.16003
122	80	1.09618
122	91	1.06454
122	93	1.15135
122	94	1.13337
122	95	1.12284
122	103	1.13443
122	104	1.12909
122	105	1.13202
122	106	1.13932
122	108	1.18326
122	113	1.15771
122	126	1.13136
122	129	1.14562
122	133	0.584673
122	145	0.771601
122	148	0.94596
122	151	1.16015
122	152	0.849344
122	156	1.08137
122	165	0.8074
122	167	1.21504
122	174	1.07077
122	177	1.17758
123	5	1.09137
123	9	1.10941
123	12	1.22509
123	24	1.18354
123	25	1.18354
123	29	1.17833
123	34	1.27125
123	36	1.18354
123	68	1.17539
123	69	1.20325
123	96	1.17859
123	98	1.172
123	102	1.20653
123	109	1.16613
123	114	1.13756
123	115	1.18522
123	118	1.19481
123	119	1.18517
123	120	1.16929
123	128	0.618973
123	133	0.573084
123	136	0.574367
123	147	0.773791
123	148	0.934371
123	149	0.760489
123	174	1.05918
123	179	1.00396
123	180	1.55121
124	11	1.15895
124	33	1.11561
124	61	1.11333
124	64	1.11865
124	67	1.12328
124	79	1.13941
124	80	1.05943
124	91	1.02778
124	93	1.11459
124	94	1.09662
124	95	1.08608
124	103	1.09768
124	104	1.09234
124	105	1.09527
124	106	1.10256
124	108	1.1465
124	113	1.12095
124	126	1.0946
124	129	1.10886
124	143	1.08011
124	148	0.923147
124	149	0.749265
124	150	0.796948
124	151	1.12339
124	156	1.04461
124	157	1.03085
124	164	0.767663
124	171	1.31826
124	177	1.15477
125	6	1.03049
125	22	1.18219
125	26	1.29314
125	40	1.1394
125	42	1.0682
125	44	1.23538
125	46	1.05882
125	47	1.06732
125	48	1.07045
125	50	0.958974
125	54	1.05352
125	65	1.12919
125	75	1.09117
125	77	1.09202
125	83	1.06688
125	89	1.13386
125	101	1.10054
125	126	1.10532
125	127	0.833428
125	133	0.967487
125	135	0.8385
125	136	0.96877
125	138	1.09528
125	139	0.979709
125	142	0.817322
125	147	1.07621
125	151	1.13411
125	155	1.15876
125	164	1.17329
126	6	1.0687
126	20	1.22628
126	22	1.2204
126	26	1.33135
126	46	1.09703
126	47	1.10553
126	50	0.997184
126	59	0.621097
126	64	1.16758
126	77	1.13023
126	79	1.18834
126	80	1.10836
126	94	1.14555
126	95	1.13501
126	106	1.15149
126	108	1.19543
126	122	1.13136
126	124	1.0946
126	125	1.10532
126	129	1.15779
126	137	0.716807
126	138	1.13349
126	152	0.893914
126	156	1.09354
126	158	0.916757
126	163	0.83963
126	164	0.835046
126	165	0.851971
126	168	1.02104
126	173	1.31339
127	36	0.724184
127	54	0.868868
127	64	0.474549
127	103	0.298793
127	125	0.833428
127	128	1.31303
127	138	0.499881
127	140	0.463734
127	141	0.426024
127	144	0.410607
127	152	1.22999
127	155	1.23618
127	159	1.11474
127	161	1.12594
127	163	1.23189
127	164	1.19487
127	165	1.19639
127	167	1.12427
127	169	1.14365
127	170	1.08874
127	171	1.09201
127	172	1.09503
127	173	1.09532
127	174	1.12957
127	175	1.11727
127	176	1.05442
127	177	1.10486
127	178	1.10146
127	179	1.13437
127	180	1.05913
128	7	0.67459
128	9	0.898813
128	10	0.834687
128	61	0.605828
128	85	0.778076
128	90	0.747681
128	99	0.605161
128	101	0.63619
128	123	0.618973
128	127	1.31303
128	145	1.23179
128	155	1.19014
128	157	1.12349
128	158	1.17523
128	160	1.11004
128	162	1.1871
128	163	1.18585
128	165	1.15035
128	166	1.11996
128	168	1.12812
128	169	1.0976
128	170	1.04269
128	171	1.04596
128	172	1.04898
128	173	1.04928
128	174	1.08353
128	175	1.07123
128	176	1.00838
128	177	1.05882
128	178	1.05541
128	179	1.08833
128	180	1.01309
129	11	1.22214
129	33	1.1788
129	61	1.17652
129	64	1.18184
129	67	1.18647
129	79	1.2026
129	80	1.12262
129	91	1.09097
129	93	1.17778
129	94	1.1598
129	95	1.14927
129	103	1.16086
129	104	1.15553
129	105	1.15845
129	106	1.16575
129	108	1.20969
129	113	1.18414
129	122	1.14562
129	124	1.10886
129	126	1.15779
129	130	1.22846
129	137	0.657474
129	142	0.419745
129	145	0.756838
129	151	1.18658
129	152	0.834582
129	156	1.1078
129	158	0.857425
129	166	0.949261
129	169	1.06185
129	177	1.16282
129	179	1.00078
130	53	1.13739
130	71	1.11028
130	82	0.843977
130	95	1.137
130	108	1.09827
130	109	0.982017
130	114	1.02946
130	129	1.22846
130	148	1.01512
130	150	1.05008
130	153	1.02137
130	154	1.08621
130	155	1.05522
130	157	0.988568
130	160	0.975122
130	162	1.05218
130	163	1.05093
130	164	1.01391
130	165	1.01543
130	166	0.985044
130	167	0.943311
130	168	0.993207
130	171	0.911046
130	172	0.914064
130	173	0.914357
130	174	0.948612
130	175	0.936308
130	176	0.873459
130	177	0.923898
130	178	0.920495
130	179	0.953411
130	180	0.878169
131	16	0.872748
131	19	0.89586
131	44	0.569459
131	49	0.897253
131	50	1.06913
131	71	0.603621
131	76	0.838633
131	96	0.467634
131	103	0.584738
131	117	0.870053
131	152	1.19417
131	153	1.16651
131	157	1.13371
131	158	1.18545
131	159	1.07892
131	160	1.12026
131	161	1.09011
131	162	1.19732
131	166	1.13018
131	167	1.08845
131	168	1.13835
131	169	1.10782
131	170	1.05292
131	171	1.05618
131	172	1.0592
131	173	1.0595
131	174	1.09375
131	175	1.08145
131	176	1.0186
131	177	1.06904
131	178	1.06563
131	179	1.09855
131	180	1.02331
132	1	0.851419
132	36	1.01554
132	38	0.723617
132	99	0.71657
132	106	0.624054
132	111	1.16957
132	116	0.668109
132	120	0.838224
132	134	1.19082
132	141	0.717383
132	145	1.17739
132	149	1.15459
132	150	1.13059
132	152	1.12954
132	160	1.05564
132	161	1.02549
132	162	1.1327
132	163	1.13144
132	164	1.09442
132	166	1.06556
132	168	1.07372
132	169	1.0432
132	170	0.988291
132	171	0.991559
132	172	0.994578
132	173	0.994871
132	174	1.02913
132	175	1.01682
132	177	1.00441
132	178	1.00101
132	179	1.03392
132	180	0.958683
133	44	0.417573
133	54	1.00293
133	74	0.751198
133	90	0.701791
133	94	0.556391
133	122	0.584673
133	123	0.573084
133	125	0.967487
133	136	1.30429
133	140	0.597794
133	158	1.18978
133	159	1.08325
133	160	1.12459
133	161	1.09444
133	162	1.20165
133	163	1.2004
133	164	1.16338
133	166	1.13451
133	167	1.09278
133	168	1.14268
133	169	1.11215
133	170	1.05725
133	171	1.06051
133	172	1.06353
133	173	1.06383
133	174	1.09808
133	175	1.08578
133	176	1.02293
133	177	1.07337
133	178	1.06996
133	179	1.10288
133	180	1.02764
134	25	0.581605
134	48	0.834477
134	67	0.586951
134	102	0.709853
134	104	0.806695
134	107	1.1101
134	115	0.796331
134	132	1.19082
134	144	0.693848
134	146	0.492221
134	148	1.12827
134	151	0.5261
134	152	1.16219
134	155	1.16838
134	156	1.13351
134	158	1.15347
134	159	1.04694
134	160	1.08828
134	163	1.16409
134	164	1.12707
134	165	1.12859
134	166	1.0982
134	168	1.10636
134	169	1.07584
134	170	1.02093
134	171	1.0242
134	172	1.02722
134	173	1.02752
134	174	1.06177
134	175	1.04947
134	176	0.986616
134	178	1.03365
134	179	1.06657
134	180	0.991327
135	10	0.65981
135	36	0.729257
135	72	0.466533
135	85	0.603199
135	94	0.427404
135	104	0.528527
135	118	0.520967
135	119	0.633737
135	125	0.8385
135	140	0.468807
135	141	0.431097
135	149	1.29073
135	153	1.23803
135	157	1.20522
135	158	1.25697
135	160	1.19177
135	161	1.16163
135	162	1.26883
135	163	1.26758
135	165	1.23208
135	166	1.2017
135	167	1.15996
135	168	1.20986
135	169	1.17934
135	170	1.12443
135	171	1.1277
135	172	1.13072
135	173	1.13101
135	174	1.16526
135	176	1.09011
135	177	1.14055
135	178	1.13715
135	179	1.17006
135	180	1.09482
136	28	0.658599
136	74	0.752481
136	93	0.564477
136	98	0.565573
136	105	0.611529
136	118	0.651236
136	123	0.574367
136	125	0.96877
136	133	1.30429
136	140	0.599077
136	146	0.344322
136	149	1.23175
136	150	1.20775
136	155	1.21289
136	157	1.14624
136	158	1.19798
136	160	1.13279
136	161	1.10265
136	163	1.2086
136	165	1.1731
136	166	1.14271
136	167	1.10098
136	168	1.15088
136	169	1.12035
136	171	1.06872
136	172	1.07173
136	173	1.07203
136	174	1.10628
136	175	1.09398
136	176	1.03113
136	177	1.08157
136	178	1.07817
136	179	1.11108
136	180	1.03584
137	6	0.833879
137	33	0.730497
137	37	0.825602
137	43	0.540731
137	57	0.764508
137	70	0.680214
137	119	0.850287
137	126	0.716807
137	129	0.657474
137	152	1.18397
137	154	1.22115
137	157	1.12351
137	159	1.06872
137	160	1.11006
137	161	1.07991
137	162	1.18712
137	163	1.18587
137	164	1.14885
137	165	1.15037
137	166	1.11998
137	168	1.12814
137	169	1.09762
137	170	1.04272
137	171	1.04598
137	172	1.049
137	173	1.0493
137	174	1.08355
137	175	1.07125
137	176	1.0084
137	177	1.05884
137	178	1.05543
137	179	1.08835
137	180	1.01311
138	6	1.05865
138	14	1.21277
138	15	1.04916
138	17	1.03542
138	20	1.21624
138	22	1.21035
138	26	1.32131
138	42	1.09637
138	46	1.08699
138	47	1.09548
138	50	0.98714
138	51	1.09929
138	63	1.05117
138	77	1.12019
138	78	1.12965
138	81	1.10721
138	87	1.1797
138	88	0.469519
138	101	1.12871
138	116	1.15947
138	117	1.09109
138	125	1.09528
138	126	1.13349
138	127	0.499881
138	139	0.646163
138	140	1.10528
138	141	1.18395
138	143	1.03614
138	148	0.995228
138	155	0.825212
138	156	0.897913
138	158	0.921455
138	160	1.12022
138	172	1.36465
138	173	1.31809
139	16	0.733085
139	47	0.716218
139	98	0.576512
139	115	0.659372
139	117	0.73039
139	120	0.693146
139	125	0.979709
139	138	0.646163
139	146	0.355261
139	148	1.16158
139	149	1.22053
139	150	1.19654
139	151	0.389141
139	154	1.23267
139	155	1.20168
139	159	1.08024
139	161	1.09143
139	162	1.19864
139	163	1.19739
139	164	1.16037
139	165	1.16189
139	166	1.1315
139	167	1.08977
139	168	1.13967
139	169	1.10914
139	170	1.05424
139	171	1.0575
139	172	1.06052
139	173	1.06082
139	174	1.09507
139	176	1.01992
139	177	1.07036
139	178	1.06695
139	179	1.09987
139	180	1.02463
140	2	1.17697
140	3	1.05218
140	4	1.04705
140	9	1.04629
140	15	1.03099
140	21	1.17366
140	23	1.17998
140	27	1.13482
140	45	1.09009
140	49	1.10034
140	51	1.08113
140	56	1.05484
140	57	1.17049
140	68	0.591483
140	70	1.15504
140	71	1.12985
140	77	1.10202
140	81	1.08904
140	85	1.19268
140	87	1.16154
140	100	1.0319
140	110	1.08774
140	116	1.1413
140	117	1.07293
140	127	0.463734
140	133	0.597794
140	135	0.468807
140	136	0.599077
140	138	1.10528
140	141	1.16578
140	143	1.01797
140	147	0.798501
140	163	0.808181
140	170	1.48689
140	175	1.0713
140	180	1.57592
141	2	1.25564
141	3	1.13085
141	4	1.12573
141	14	1.27327
141	15	1.10966
141	17	1.09593
141	21	1.25233
141	23	1.25865
141	27	1.2135
141	34	0.450268
141	45	1.16876
141	49	1.17902
141	56	1.13351
141	57	1.24916
141	60	0.346576
141	63	1.11168
141	70	1.23371
141	71	1.20852
141	77	1.1807
141	87	1.24021
