1	55	1.03589
1	60	1.03722
1	72	1.00193
1	82	1.03916
1	87	1.09107
1	88	1.08869
1	89	1.01389
1	93	1.06407
1	124	0.794838
1	143	1.16356
1	160	1.95278
1	173	2.24762
2	25	1.09299
2	49	1.08694
2	65	1.07015
2	67	1.1298
2	76	1.02021
2	78	1.01674
2	84	1.0753
2	134	1.316
2	145	1.01253
2	158	0.935864
2	165	0.949339
2	172	3.47595
3	23	0.927811
3	36	0.867211
3	38	0.977918
3	47	0.936175
3	48	0.935956
3	51	0.935945
3	61	1.00606
3	106	0.960211
3	109	1.55681
3	115	1.96076
3	129	0.879124
3	130	1.9987
4	36	0.873162
4	38	0.983869
4	47	0.942126
4	48	0.941906
4	51	0.941896
4	61	1.01201
4	105	1.33862
4	106	0.966162
4	120	0.866678
4	129	0.885074
4	143	1.84968
4	165	2.24021
5	28	0.954436
5	33	0.96144
5	77	0.975343
5	79	0.892499
5	81	0.968715
5	95	0.912367
5	98	0.9589
5	108	0.914401
5	112	0.881184
5	138	0.918129
5	173	1.65944
5	175	3.13017
6	37	0.911849
6	43	1.01526
6	58	0.952735
6	64	0.954162
6	73	1.01103
6	94	0.931567
6	124	0.758954
6	131	0.946893
6	136	0.955577
6	174	1.46349
6	175	3.15523
7	53	1.03783
7	62	1.0313
7	85	1.05016
7	90	1.01181
7	92	1.01183
7	97	1.05854
7	101	1.10526
7	103	1.10529
7	115	1.09655
7	173	1.03589
7	175	2.50661
7	177	1.89206
8	19	0.937811
8	56	0.927789
8	63	0.911792
8	69	0.906727
8	70	0.985163
8	86	0.926993
8	106	0.968537
8	128	0.903516
8	139	0.929382
8	144	2.58721
8	149	1.3495
8	163	1.70372
9	14	1.13497
9	49	1.07505
9	65	1.05827
9	78	1.00485
9	84	1.06342
9	117	1.09228
9	139	1.06679
9	140	1.44835
9	146	1.21157
9	150	1.01404
9	158	0.92398
9	168	2.52455
10	72	1.15466
10	74	1.15201
10	82	1.19189
10	87	1.2438
10	88	1.24142
10	89	1.16662
10	93	1.21681
10	134	1.35027
10	143	1.00574
10	152	1.44641
10	161	2.16316
10	174	1.45612
11	12	1.09691
11	30	1.00537
11	54	1.02053
11	71	1.0894
11	75	1.05308
11	83	1.0345
11	115	0.902657
11	117	1.07124
11	131	1.03039
11	150	1.01192
11	168	2.52243
11	173	1.88833
12	11	1.09691
12	30	1.02376
12	39	1.10475
12	42	0.997932
12	75	1.07148
12	83	1.05289
12	96	1.16179
12	107	1.02578
12	131	1.04878
12	143	1.04251
12	148	1.64279
12	180	2.42687
13	68	0.906413
13	85	0.933522
13	90	0.895177
13	92	0.895194
13	97	0.941906
13	101	0.988623
13	103	0.98865
13	122	0.955607
13	123	1.53472
13	129	0.89339
13	146	2.13518
13	147	1.75643
14	9	1.13497
14	22	1.01883
14	65	1.07264
14	67	1.13229
14	76	1.0227
14	78	1.01923
14	114	0.952513
14	139	1.08117
14	158	0.938352
14	161	1.62353
14	169	1.9016
14	177	1.99369
15	32	0.92828
15	44	0.898246
15	56	0.9491
15	69	0.928038
15	107	0.912322
15	116	0.952118
15	128	0.924826
15	136	0.944009
15	137	1.40118
15	139	0.950692
15	171	2.0321
15	176	2.16652
16	17	0.9852
16	37	0.882078
16	40	0.878987
16	43	0.985488
16	58	0.922964
16	64	0.924391
16	73	0.981261
16	128	0.906624
16	130	1.96614
16	136	0.925806
16	141	1.61049
16	157	1.83363
17	16	0.9852
17	37	1.01529
17	58	1.05618
17	64	1.0576
17	73	1.11447
17	109	1.05225
17	126	1.10469
17	128	1.03984
17	131	1.05033
17	136	1.05902
17	146	1.763
17	174	2.22086
18	37	1.00484
18	40	1.00175
18	43	1.10825
18	64	1.04716
18	73	1.10403
18	123	0.666733
18	128	1.02939
18	131	1.03989
18	134	1.6192
18	136	1.04857
18	153	1.25141
18	169	2.71016
19	8	0.937811
19	56	1.01983
19	63	1.00383
19	69	0.998767
19	70	1.0772
19	86	1.01903
19	118	0.727143
19	128	0.995555
19	136	1.01474
19	139	1.02142
19	153	1.56874
19	162	2.19717
19	163	1.96797
20	62	1.00002
20	68	0.991768
20	85	1.01888
20	90	0.980532
20	92	0.980549
20	97	1.02726
20	101	1.07398
20	103	1.074
20	118	0.626723
20	125	0.965966
20	161	2.13477
20	170	1.36648
20	177	2.50493
21	50	0.957607
21	77	1.04211
21	79	0.959266
21	80	0.957443
21	81	1.03548
21	91	1.04445
21	95	0.979133
21	98	1.02567
21	104	1.09211
21	124	1.12256
21	151	1.59457
21	170	1.86241
21	174	1.92367
22	14	1.01883
22	65	0.942127
22	67	1.00178
22	76	0.892187
22	78	0.888717
22	84	0.947281
22	111	1.44667
22	116	0.952081
22	139	0.950656
22	147	1.79565
22	153	2.15862
22	158	0.807842
23	3	0.927811
23	36	0.965902
23	38	1.07661
23	47	1.03487
23	48	1.03465
23	51	1.03464
23	61	1.10475
23	120	0.959417
23	129	0.977814
23	148	1.04085
23	157	0.931091
23	166	2.41822
23	178	2.69379
24	53	0.997511
24	85	1.00984
24	90	0.971495
24	92	0.971512
24	97	1.01822
24	101	1.06494
24	103	1.06497
24	121	1.70412
24	122	1.03193
24	129	0.969708
24	138	1.61419
24	147	1.29787
24	148	1.87172
25	2	1.09299
25	49	1.03556
25	67	1.07843
25	76	0.968836
25	78	0.965366
25	84	1.02393
25	110	1.29487
25	116	1.02873
25	121	1.90902
25	139	1.02731
25	141	1.25701
25	155	2.01608
25	158	0.884492
26	29	0.993913
26	34	1.10554
26	60	1.00015
26	72	0.964861
26	74	0.962217
26	82	1.00209
26	87	1.054
26	89	0.976824
26	93	1.02701
26	108	1.68271
26	111	1.25489
26	123	1.38216
26	135	2.01458
27	30	0.984373
27	39	1.06536
27	42	0.958543
27	52	1.04292
27	54	0.999535
27	57	1.01381
27	71	1.06841
27	83	1.0135
27	107	0.98639
27	124	0.854964
27	158	1.53987
27	161	1.76507
27	178	2.44822
28	5	0.954436
28	59	1.10881
28	66	1.10822
28	79	0.949906
28	80	0.948082
28	81	1.02612
28	91	1.03509
28	95	0.969773
28	98	1.01631
28	124	1.1132
28	126	1.16557
28	141	1.19937
28	161	2.98878
29	26	0.993913
29	45	1.02991
29	46	0.999494
29	60	0.9557
29	72	0.920409
29	82	0.957644
29	87	1.00955
29	88	1.00717
29	89	0.932373
29	93	0.982559
29	145	0.691347
29	172	3.01303
29	173	1.17995
29	179	2.03379
30	11	1.00537
30	12	1.02376
30	27	0.984373
30	41	0.922743
30	52	0.990759
30	57	0.96165
30	71	1.01625
30	75	0.97993
30	83	0.961343
30	112	1.17334
30	123	0.866691
30	131	0.957235
30	169	2.34229
30	179	2.43205
31	32	0.965142
31	44	0.935108
31	56	0.985961
31	69	0.9649
31	70	1.04334
31	86	0.985166
31	107	0.949184
31	111	0.949789
31	116	0.988979
31	136	0.98087
31	139	0.987554
31	160	2.06157
31	163	2.06096
31	165	1.66287
32	15	0.92828
32	31	0.965142
32	56	0.988987
32	69	0.967925
32	70	1.04636
32	107	0.952209
32	116	0.992005
32	125	0.674505
32	128	0.964713
32	136	0.983896
32	139	0.990579
32	152	1.3575
32	175	3.05896
32	180	1.88853
33	5	0.96144
33	35	0.979983
33	50	0.955249
33	79	0.956909
33	80	0.955085
33	81	1.03312
33	91	1.04209
33	95	0.976776
33	98	1.02331
33	104	1.06006
33	112	0.945593
33	152	1.35446
33	156	2.57487
33	166	2.47878
34	26	1.10554
34	45	1.14154
34	55	1.06599
34	60	1.06732
34	74	1.02939
34	87	1.12117
34	88	1.1188
34	89	1.044
34	93	1.09418
34	114	0.82479
34	134	1.2693
34	141	0.828631
34	166	2.48977
34	168	2.23028
35	33	0.979983
35	50	0.909383
35	77	0.993886
35	79	0.911042
35	80	0.909218
35	91	0.996226
35	95	0.930909
35	98	0.977443
35	108	0.932944
35	111	0.981724
35	112	0.899726
35	124	1.07434
35	148	1.38804
35	163	1.57637
35	172	3.7049
36	3	0.867211
36	4	0.873162
36	23	0.965902
36	38	1.01601
36	47	0.974266
36	48	0.974046
36	51	0.974035
36	61	1.04415
36	66	1.46642
36	100	1.91656
36	106	0.998301
36	120	0.898817
36	129	0.917214
36	145	1.75097
36	147	1.80333
37	6	0.911849
37	16	0.882078
37	17	1.01529
37	18	1.00484
37	40	0.909076
37	58	0.953054
37	64	0.95448
37	73	1.01135
37	104	1.47515
37	113	1.4785
37	128	0.936713
37	131	0.947211
37	136	0.955896
37	141	1.22433
37	158	2.78854
38	3	0.977918
38	4	0.983869
38	23	1.07661
38	36	1.01601
38	47	1.08497
38	48	1.08475
38	51	1.08474
38	61	1.15485
38	115	0.999332
38	120	1.00952
38	129	1.02792
38	135	0.686295
38	161	1.81924
38	168	1.96733
38	178	2.50238
39	12	1.10475
39	27	1.06536
39	41	1.00373
39	42	0.987371
39	54	1.02836
39	57	1.04263
39	71	1.09724
39	75	1.06091
39	83	1.04233
39	111	0.788537
39	117	1.07907
39	149	1.54548
39	150	1.31875
39	171	2.09745
39	174	1.97414
40	16	0.878987
40	18	1.00175
40	37	0.909076
40	43	1.01249
40	58	0.949963
40	64	0.951389
40	73	1.00826
40	94	0.928794
40	128	0.933622
40	131	0.94412
40	136	0.952804
40	137	1.078
40	154	1.63444
40	166	2.70023
40	176	1.84334
41	30	0.922743
41	39	1.00373
41	42	0.896913
41	52	0.981287
41	54	0.937905
41	57	0.952177
41	71	1.00678
41	75	0.970457
41	83	0.951871
41	107	0.92476
41	110	1.47437
41	130	1.79216
41	131	0.947763
41	147	1.68227
41	149	2.09023
42	12	0.997932
42	27	0.958543
42	39	0.987371
42	41	0.896913
42	52	0.96493
42	54	0.921548
42	57	0.93582
42	71	0.99042
42	83	0.935514
42	109	1.39367
42	117	0.972256
42	120	1.97243
42	122	1.54975
42	131	0.931406
42	153	2.08863
43	6	1.01526
43	16	0.985488
43	18	1.10825
43	40	1.01249
43	58	1.05646
43	73	1.11476
43	94	1.0353
43	108	0.997228
43	124	0.956674
43	128	1.04012
43	131	1.05062
43	136	1.05931
43	152	1.7453
43	170	1.69376
43	179	2.82987
44	15	0.898246
44	31	0.935108
44	56	0.958952
44	69	0.937891
44	70	1.01633
44	86	0.958157
44	102	1.5742
44	106	0.9997
44	107	0.922174
44	119	2.03123
44	121	1.705
44	128	0.934679
44	136	0.953861
44	139	0.960545
44	155	1.81206
45	29	1.02991
45	34	1.14154
45	46	1.07995
45	55	1.03482
45	72	1.00086
45	74	0.998219
45	82	1.0381
45	88	1.08763
45	89	1.01283
45	93	1.06301
45	150	0.778432
45	163	1.3594
45	167	1.85627
45	174	1.43382
45	177	2.51101
46	29	0.999494
46	45	1.07995
46	55	1.0044
46	60	1.00573
46	72	0.970442
46	74	0.967798
46	82	1.00768
46	87	1.05958
46	88	1.05721
46	89	0.982405
46	93	1.03259
46	145	0.904565
46	152	1.78383
46	154	1.84236
46	158	2.27537
46	165	1.32102
47	3	0.936175
47	4	0.942126
47	23	1.03487
47	36	0.974266
47	38	1.08497
47	48	1.04301
47	51	1.043
47	61	1.11311
47	106	1.06727
47	119	1.71304
47	120	0.967782
47	129	0.986178
47	134	1.71132
47	150	1.16179
47	165	1.34466
47	167	2.23962
48	3	0.935956
48	4	0.941906
48	23	1.03465
48	36	0.974046
48	38	1.08475
48	47	1.04301
48	51	1.04278
48	61	1.11289
48	106	1.06705
48	112	2.25501
48	118	1.12361
48	120	0.967562
48	122	1.42633
48	129	0.985959
48	132	1.46659
48	145	1.54989
49	2	1.08694
49	9	1.07505
49	25	1.03556
49	65	1.01272
49	67	1.07237
49	76	0.96278
49	84	1.01787
49	94	0.990556
49	117	1.04673
49	139	1.02125
49	141	0.998216
49	145	1.19161
49	148	1.81782
49	155	1.75728
49	158	0.878436
49	173	2.3016
50	21	0.957607
50	33	0.955249
50	35	0.909383
50	59	1.04521
50	77	0.969153
50	79	0.886309
50	80	0.884485
50	91	0.971493
50	95	0.906176
50	98	0.95271
50	108	0.908211
50	112	0.874993
50	115	0.729564
50	156	2.70492
50	171	1.61753
50	179	2.56908
51	3	0.935945
51	4	0.941896
51	23	1.03464
51	36	0.974035
51	38	1.08474
51	47	1.043
51	48	1.04278
51	61	1.11288
51	96	0.914657
51	106	1.06704
51	112	1.13714
51	120	0.967551
51	129	0.985948
51	164	3.59654
51	174	0.783754
51	175	2.4755
52	27	1.04292
52	30	0.990759
52	41	0.981287
52	42	0.96493
52	54	1.00592
52	57	1.02019
52	71	1.07479
52	75	1.03847
52	107	0.992777
52	117	1.05663
52	120	0.777219
52	121	0.936706
52	131	1.01578
52	160	1.29325
52	177	2.44426
52	178	2.75725
53	7	1.03783
53	24	0.997511
53	62	0.978202
53	68	0.969953
53	85	0.997063
53	90	0.958717
53	92	0.958734
53	97	1.00545
53	101	1.05216
53	103	1.05219
53	125	0.944151
53	129	0.95693
53	140	1.67117
53	141	0.809876
53	151	1.56315
53	154	1.94106
53	180	2.41356
54	11	1.02053
54	27	0.999535
54	39	1.02836
54	41	0.937905
54	42	0.921548
54	52	1.00592
54	57	0.976812
54	71	1.03141
54	75	0.995092
54	83	0.976505
54	96	0.761306
54	117	1.01325
54	119	1.40093
54	131	0.972398
54	176	1.7628
54	179	2.57993
54	180	2.02639
55	1	1.03589
55	34	1.06599
55	45	1.03482
55	46	1.0044
55	60	0.960609
55	72	0.925318
55	74	0.922675
55	82	0.962552
55	87	1.01446
55	88	1.01208
55	89	0.937281
55	93	0.987468
55	96	1.55025
55	120	1.70416
55	127	1.89432
55	142	1.79133
55	143	1.43098
56	8	0.927789
56	15	0.9491
56	19	1.01983
56	31	0.985961
56	32	0.988987
56	44	0.958952
56	63	0.993809
56	69	0.988744
56	70	1.06718
56	86	1.00901
56	128	0.985533
56	139	1.0114
56	150	1.11692
56	159	1.15256
56	160	1.18758
56	169	2.2465
56	172	3.3155
57	27	1.01381
57	30	0.96165
57	39	1.04263
57	41	0.952177
57	42	0.93582
57	52	1.02019
57	54	0.976812
57	75	1.00936
57	83	0.990777
57	107	0.963667
57	111	0.970816
57	117	1.02752
57	122	1.14389
57	125	1.46371
57	131	0.98667
57	171	2.27973
57	176	2.41414
58	6	0.952735
58	16	0.922964
58	17	1.05618
58	37	0.953054
58	40	0.949963
58	43	1.05646
58	64	0.995367
58	73	1.05224
58	94	0.972772
58	120	0.957523
58	121	1.11701
58	128	0.9776
58	131	0.988098
58	133	1.74356
58	136	0.996782
58	177	2.62457
58	180	2.06869
59	28	1.10881
59	50	1.04521
59	77	1.12972
59	79	1.04687
59	80	1.04505
59	81	1.12309
59	91	1.13206
59	95	1.06674
59	98	1.11327
59	104	1.35516
59	105	0.812618
59	108	1.06877
59	112	1.03556
59	120	1.59686
59	140	1.96564
59	143	1.32367
59	146	1.72885
60	1	1.03722
60	26	1.00015
60	29	0.9557
60	34	1.06732
60	46	1.00573
60	55	0.960609
60	74	0.924004
60	82	0.963882
60	87	1.01579
60	88	1.01341
60	89	0.938611
60	93	0.988797
60	109	1.42456
60	111	1.40758
60	113	1.76498
60	132	1.6209
60	157	1.73394
61	3	1.00606
61	4	1.01201
61	23	1.10475
61	36	1.04415
61	38	1.15485
61	47	1.11311
61	48	1.11289
61	51	1.11288
61	106	1.13715
61	120	1.03766
61	122	0.796776
61	125	1.11659
61	127	1.4096
61	129	1.05606
61	137	1.30169
61	150	1.15391
61	178	3.19948
62	7	1.0313
62	20	1.00002
62	53	0.978202
62	85	0.990532
62	90	0.952187
62	92	0.952204
62	97	0.998916
62	101	1.04563
62	102	1.01348
62	103	1.04566
62	122	1.01262
62	125	0.937621
62	129	0.950399
62	135	1.14873
62	154	1.62346
62	163	1.50022
62	175	3.26638
63	8	0.911792
63	19	1.00383
63	56	0.993809
63	69	0.972747
63	70	1.05118
63	86	0.993014
63	106	1.03456
63	107	0.957031
63	109	1.02697
63	116	0.996827
63	128	0.969536
63	136	0.988718
63	139	0.995402
63	141	1.11322
63	148	1.93282
63	150	1.5402
63	180	2.7169
64	6	0.954162
64	16	0.924391
64	17	1.0576
64	18	1.04716
64	37	0.95448
64	40	0.951389
64	58	0.995367
64	73	1.05366
64	94	0.974198
64	112	1.79781
64	120	1.3918
64	128	0.979027
64	131	0.989525
64	136	0.998209
64	142	1.47897
64	157	1.12242
64	158	2.46349
65	2	1.07015
65	9	1.05827
65	14	1.07264
65	22	0.942127
65	49	1.01272
65	76	0.945993
65	78	0.942523
65	84	1.00109
65	94	0.973768
65	105	0.764969
65	116	1.00589
65	122	1.12654
65	139	1.00446
65	147	1.30245
65	155	1.81576
65	158	0.861648
65	179	3.21393
66	28	1.10822
66	36	1.46642
66	68	0.915629
66	74	0.975128
66	90	0.904394
66	92	0.90441
66	97	0.951123
66	99	0.880678
66	101	0.99784
66	103	0.997867
66	105	1.08441
66	134	0.891205
66	139	0.592453
66	147	0.902638
66	167	0.82808
66	177	0.787776
66	178	0.770513
66	180	0.793662
67	2	1.1298
67	14	1.13229
67	22	1.00178
67	25	1.07843
67	49	1.07237
67	76	1.00564
67	78	1.00217
67	84	1.06074
67	94	1.03342
67	117	1.0896
67	118	0.73655
67	132	1.07953
67	139	1.06411
67	140	1.83072
67	158	0.9213
67	160	1.97798
67	165	1.57929
67	170	1.99055
68	13	0.906413
68	20	0.991768
68	53	0.969953
68	66	0.915629
68	85	0.982283
68	90	0.943938
68	92	0.943954
68	97	0.990667
68	101	1.03738
68	103	1.03741
68	108	1.36566
68	119	2.01931
68	122	1.00437
68	125	0.929372
68	129	0.94215
68	142	1.62076
68	153	1.64979
68	163	2.04902
69	8	0.906727
69	15	0.928038
69	19	0.998767
69	31	0.9649
69	32	0.967925
69	44	0.937891
69	56	0.988744
69	63	0.972747
69	86	0.987948
69	113	1.47314
69	116	0.991762
69	125	1.60863
69	128	0.964471
69	136	0.983653
69	137	1.79372
69	138	1.78104
69	139	0.990337
69	146	1.84347
70	8	0.985163
70	19	1.0772
70	31	1.04334
70	32	1.04636
70	44	1.01633
70	56	1.06718
70	63	1.05118
70	86	1.06638
70	107	1.0304
70	116	1.0702
70	122	0.818947
70	130	1.10475
70	136	1.06209
70	139	1.06877
70	158	2.31331
70	159	1.72264
70	165	1.35896
70	173	2.05249
71	11	1.0894
71	27	1.06841
71	30	1.01625
71	39	1.09724
71	41	1.00678
71	42	0.99042
71	52	1.07479
71	54	1.03141
71	75	1.06396
71	83	1.04538
71	104	0.954523
71	107	1.01827
71	117	1.08212
71	123	0.727751
71	143	0.923037
71	147	0.94946
71	156	2.99677
71	168	2.6412
72	1	1.00193
72	10	1.15466
72	26	0.964861
72	29	0.920409
72	45	1.00086
72	46	0.970442
72	55	0.925318
72	74	0.888714
72	82	0.928591
72	87	0.980498
72	88	0.978122
72	89	0.90332
72	93	0.953507
72	108	1.34682
72	138	1.58431
72	150	1.44922
72	165	1.63209
72	180	2.62592
73	6	1.01103
73	16	0.981261
73	17	1.11447
73	18	1.10403
73	37	1.01135
73	40	1.00826
73	43	1.11476
73	58	1.05224
73	64	1.05366
73	96	1.23057
73	115	1.20968
73	128	1.0359
73	131	1.04639
73	136	1.05508
73	142	1.47165
73	149	1.54569
73	170	1.91309
73	171	2.09765
74	10	1.15201
74	26	0.962217
74	34	1.02939
74	45	0.998219
74	46	0.967798
74	55	0.922675
74	60	0.924004
74	66	0.975128
74	72	0.888714
74	82	0.925948
74	87	0.977855
74	88	0.975479
74	89	0.900677
74	93	0.950863
74	118	0.8334
74	143	1.28561
74	155	1.82535
74	168	3.00377
75	11	1.05308
75	12	1.07148
75	30	0.97993
75	39	1.06091
75	41	0.970457
75	52	1.03847
75	54	0.995092
75	57	1.00936
75	71	1.06396
75	83	1.00906
75	99	1.49461
75	107	0.981947
75	117	1.0458
75	121	1.32814
75	131	1.00495
75	144	2.56757
75	153	1.28486
75	154	1.80733
75	165	1.28599
76	2	1.02021
76	14	1.0227
76	22	0.892187
76	25	0.968836
76	49	0.96278
76	65	0.945993
76	67	1.00564
76	78	0.892582
76	84	0.951147
76	94	0.923828
76	116	0.955947
76	117	0.980004
76	139	0.954522
76	148	1.10454
76	156	1.88646
76	158	0.811708
76	164	3.48855
76	166	1.79038
76	167	1.09821
77	5	0.975343
77	21	1.04211
77	35	0.993886
77	50	0.969153
77	59	1.12972
77	79	0.970812
77	80	0.968989
77	81	1.04703
77	91	1.056
77	95	0.99068
77	98	1.03721
77	105	0.580187
77	108	0.992714
77	124	1.13411
77	151	1.62519
77	159	1.84545
77	162	2.10906
77	165	1.48177
77	174	1.95428
78	2	1.01674
78	9	1.00485
78	14	1.01923
78	22	0.888717
78	25	0.965366
78	65	0.942523
78	67	1.00217
78	76	0.892582
78	84	0.947677
78	94	0.920358
78	116	0.952477
78	117	0.976534
78	132	1.00351
78	133	2.17197
78	139	0.951052
78	145	1.08681
78	158	0.808238
78	162	2.13056
78	180	2.4971
79	5	0.892499
79	21	0.959266
79	28	0.949906
79	33	0.956909
79	35	0.911042
79	50	0.886309
79	59	1.04687
79	77	0.970812
79	80	0.886145
79	81	0.964184
79	91	0.973152
79	95	0.907836
79	98	0.954369
79	113	1.69722
79	123	1.46709
79	124	1.05126
79	125	1.83271
79	137	2.0178
79	157	1.66619
80	21	0.957443
80	28	0.948082
80	33	0.955085
80	35	0.909218
80	50	0.884485
80	59	1.04505
80	77	0.968989
80	79	0.886145
80	81	0.96236
80	91	0.971328
80	95	0.906012
80	98	0.952545
80	102	1.40494
80	108	0.908046
80	115	1.20145
80	124	1.04944
80	133	2.16229
80	162	2.12088
80	173	2.18712
81	5	0.968715
81	21	1.03548
81	28	1.02612
81	33	1.03312
81	59	1.12309
81	77	1.04703
81	79	0.964184
81	80	0.96236
81	91	1.04937
81	95	0.984051
81	98	1.03058
81	105	0.987062
81	112	0.952868
81	122	0.897098
81	124	1.12748
81	160	1.8358
81	167	2.33207
81	173	2.13064
81	174	1.90963
82	1	1.03916
82	10	1.19189
82	26	1.00209
82	29	0.957644
82	45	1.0381
82	46	1.00768
82	55	0.962552
82	60	0.963882
82	72	0.928591
82	74	0.925948
82	87	1.01773
82	88	1.01536
82	89	0.940555
82	93	0.990741
82	96	1.28143
82	141	0.942826
82	145	1.13622
82	151	1.6961
82	159	1.91636
82	169	3.01029
83	11	1.0345
83	12	1.05289
83	27	1.0135
83	30	0.961343
83	39	1.04233
83	41	0.951871
83	42	0.935514
83	54	0.976505
83	57	0.990777
83	71	1.04538
83	75	1.00906
83	107	0.963361
83	117	1.02721
83	122	1.24067
83	124	1.02143
83	126	1.13703
83	131	0.986363
83	135	1.82728
83	145	1.36422
83	169	3.23829
84	2	1.0753
84	9	1.06342
84	22	0.947281
84	25	1.02393
84	49	1.01787
84	65	1.00109
84	67	1.06074
84	76	0.951147
84	78	0.947677
84	94	0.978922
84	112	1.43669
84	116	1.01104
84	117	1.0351
84	139	1.00962
84	146	1.16267
84	152	1.61082
84	155	1.29723
84	158	0.866802
84	171	1.74385
84	179	2.69539
85	7	1.05016
85	13	0.933522
85	20	1.01888
85	24	1.00984
85	53	0.997063
85	62	0.990532
85	68	0.982283
85	90	0.971047
85	92	0.971064
85	97	1.01778
85	101	1.06449
85	103	1.06452
85	105	0.725739
85	125	0.956481
85	127	1.70014
85	129	0.96926
85	135	1.67393
85	150	1.44445
85	162	2.25461
85	163	2.02541
86	8	0.926993
86	19	1.01903
86	31	0.985166
86	44	0.958157
86	56	1.00901
86	63	0.993014
86	69	0.987948
86	70	1.06638
86	106	1.04976
86	107	0.972232
86	116	1.01203
86	128	0.984737
86	135	1.46382
86	136	1.00392
86	139	1.0106
86	140	1.66865
86	143	1.02669
86	149	1.46107
86	167	2.31217
86	171	2.01304
87	1	1.09107
87	10	1.2438
87	26	1.054
87	29	1.00955
87	34	1.12117
87	46	1.05958
87	55	1.01446
87	60	1.01579
87	72	0.980498
87	74	0.977855
87	82	1.01773
87	88	1.06726
87	89	0.992461
87	93	1.04265
87	105	0.649034
87	132	0.593499
87	144	2.37483
87	150	0.910382
87	167	1.98822
87	169	2.55087
87	176	1.8235
88	1	1.08869
88	10	1.24142
88	29	1.00717
88	34	1.1188
88	45	1.08763
88	46	1.05721
88	55	1.01208
88	60	1.01341
88	72	0.978122
88	74	0.975479
88	82	1.01536
88	87	1.06726
88	89	0.990085
88	93	1.04027
88	102	1.60904
88	126	1.05404
88	127	1.77051
88	130	1.44348
88	138	1.64991
88	151	1.84111
88	157	1.31097
89	1	1.01389
89	10	1.16662
89	26	0.976824
89	29	0.932373
89	34	1.044
89	45	1.01283
89	46	0.982405
89	55	0.937281
89	60	0.938611
89	72	0.90332
89	74	0.900677
89	82	0.940555
89	87	0.992461
89	88	0.990085
89	93	0.96547
89	100	1.55807
89	108	1.52367
89	110	1.23694
89	134	2.1756
89	152	2.27175
89	157	1.42222
90	7	1.01181
90	13	0.895177
90	20	0.980532
90	24	0.971495
90	53	0.958717
90	62	0.952187
90	66	0.904394
90	68	0.943938
90	85	0.971047
90	92	0.932718
90	97	0.979431
90	99	1.67369
90	100	1.21419
90	101	1.02615
90	103	1.02617
90	122	0.993132
90	125	0.918136
90	129	0.930914
90	141	0.855213
90	153	1.46393
90	158	2.41942
90	177	3.01477
91	21	1.04445
91	28	1.03509
91	33	1.04209
91	35	0.996226
91	50	0.971493
91	59	1.13206
91	77	1.056
91	79	0.973152
91	80	0.971328
91	81	1.04937
91	95	0.993019
91	98	1.03955
91	108	0.995054
91	110	0.879402
91	112	0.961836
91	124	1.13645
91	132	0.97267
91	159	1.30656
91	166	2.53001
91	171	1.53871
91	173	1.63642
91	175	3.10714
92	7	1.01183
92	13	0.895194
92	20	0.980549
92	24	0.971512
92	53	0.958734
92	62	0.952204
92	66	0.90441
92	68	0.943954
92	85	0.971064
92	90	0.932718
92	97	0.979448
92	101	1.02616
92	103	1.02619
92	122	0.993149
92	123	1.33825
92	125	0.918153
92	129	0.930931
92	132	1.42431
92	145	1.50761
92	155	2.07327
92	157	1.53735
92	170	2.33533
93	1	1.06407
93	10	1.21681
93	26	1.02701
93	29	0.982559
93	34	1.09418
93	45	1.06301
93	46	1.03259
93	55	0.987468
93	60	0.988797
93	72	0.953507
93	74	0.950863
93	82	0.990741
93	87	1.04265
93	88	1.04027
93	89	0.96547
93	110	1.08261
93	114	1.57675
93	141	1.04475
93	149	1.69847
93	157	1.26789
93	160	2.0533
93	176	2.38485
94	6	0.931567
94	40	0.928794
94	43	1.0353
94	49	0.990556
94	58	0.972772
94	64	0.974198
94	65	0.973768
94	67	1.03342
94	76	0.923828
94	78	0.920358
94	84	0.978922
94	128	0.956431
94	131	0.966929
94	134	1.35832
94	136	0.975613
94	139	0.982297
94	148	1.20142
94	154	1.513
94	158	0.839483
94	172	3.51828
94	174	1.46418
94	176	1.72191
95	5	0.912367
95	21	0.979133
95	28	0.969773
95	33	0.976776
95	35	0.930909
95	50	0.906176
95	59	1.06674
95	77	0.99068
95	79	0.907836
95	80	0.906012
95	81	0.984051
95	91	0.993019
95	98	0.974236
95	108	0.929737
95	112	0.89652
95	124	1.07113
95	133	2.30775
95	137	1.60395
95	142	1.60888
95	143	1.24853
95	149	1.68291
95	160	2.03774
96	12	1.16179
96	51	0.914657
96	54	0.761306
96	55	1.55025
96	73	1.23057
96	82	1.28143
96	113	1.01937
96	121	1.0318
96	140	0.992198
96	149	1.01079
96	152	0.997889
96	164	0.87843
96	169	0.914395
96	170	0.951429
96	171	0.956115
96	173	0.947879
96	174	0.959096
96	175	0.884212
96	176	0.935566
96	177	0.908248
96	178	0.890984
96	179	0.898047
96	180	0.914133
97	7	1.05854
97	13	0.941906
97	20	1.02726
97	24	1.01822
97	53	1.00545
97	62	0.998916
97	66	0.951123
97	68	0.990667
97	85	1.01778
97	90	0.979431
97	92	0.979448
97	100	1.21308
97	101	1.07288
97	103	1.0729
97	122	1.03986
97	124	0.704703
97	125	0.964865
97	129	0.977644
97	142	1.43378
97	159	1.82763
97	162	2.09124
97	171	2.05978
97	176	2.19419
98	5	0.9589
98	21	1.02567
98	28	1.01631
98	33	1.02331
98	35	0.977443
98	50	0.95271
98	59	1.11327
98	77	1.03721
98	79	0.954369
98	80	0.952545
98	81	1.03058
98	91	1.03955
98	95	0.974236
98	102	1.59834
98	108	0.976271
98	112	0.943053
98	114	1.60914
98	124	1.11766
98	126	1.04334
98	138	1.63921
98	147	1.32289
98	151	1.83041
98	173	2.38052
99	66	0.880678
99	75	1.49461
99	90	1.67369
99	114	0.953489
99	115	0.985704
99	129	1.53453
99	130	0.893258
99	135	0.914827
99	136	1.09141
99	154	0.868194
99	156	0.802787
99	161	0.828363
99	162	0.839552
99	169	0.798516
99	171	0.840236
99	172	0.765948
99	173	0.832
99	174	0.843217
99	175	0.768333
99	176	0.819687
99	177	0.792369
99	178	0.775106
99	179	0.782168
99	180	0.798254
100	36	1.91656
100	89	1.55807
100	90	1.21419
100	97	1.21308
100	131	0.594849
100	133	0.905007
100	140	0.916154
100	146	0.93014
100	147	0.947066
100	152	0.921845
100	153	0.930612
100	159	0.918477
100	160	0.892793
100	163	0.898256
100	165	0.930233
100	167	0.872507
100	170	0.875385
100	172	0.805783
100	173	0.871835
100	174	0.883052
100	175	0.808168
100	178	0.814941
100	179	0.822003
100	180	0.838089
101	7	1.10526
101	13	0.988623
101	20	1.07398
101	24	1.06494
101	53	1.05216
101	62	1.04563
101	66	0.99784
101	68	1.03738
101	85	1.06449
101	90	1.02615
101	92	1.02616
101	97	1.07288
101	103	1.11962
101	108	0.883912
101	122	1.08658
101	123	1.0166
101	125	1.01158
101	129	1.02436
101	151	1.3126
101	153	1.16805
101	162	1.79647
101	167	2.06414
101	170	1.58045
101	178	3.03187
102	44	1.5742
102	62	1.01348
102	80	1.40494
102	88	1.60904
102	98	1.59834
102	120	0.933264
102	130	0.937721
102	143	0.999308
102	144	0.882562
102	149	0.939378
102	152	0.926473
102	158	0.850779
102	161	0.872825
102	165	0.93486
102	168	0.853297
102	169	0.842978
102	171	0.884699
102	172	0.810411
102	173	0.876463
102	174	0.88768
102	176	0.864149
102	178	0.819568
102	179	0.826631
102	180	0.842717
103	7	1.10529
103	13	0.98865
103	20	1.074
103	24	1.06497
103	53	1.05219
103	62	1.04566
103	66	0.997867
103	68	1.03741
103	85	1.06452
103	90	1.02617
103	92	1.02619
103	97	1.0729
103	101	1.11962
103	119	1.53549
103	122	1.0866
103	125	1.01161
103	129	1.02439
103	146	1.18177
103	152	1.62992
103	153	1.16598
103	154	1.68845
103	170	1.57838
103	174	1.63963
103	180	2.16095
104	21	1.09211
104	33	1.06006
104	37	1.47515
104	59	1.35516
104	71	0.954523
104	109	1.01883
104	114	1.03334
104	136	0.523748
104	137	0.963601
104	141	1.09053
104	150	1.04382
104	155	0.943093
104	162	0.919407
104	167	0.912527
104	168	0.888689
104	170	0.915405
104	171	0.920091
104	172	0.845803
104	173	0.911855
104	174	0.923072
104	175	0.848188
104	177	0.872223
104	179	0.862023
104	180	0.878109
105	4	1.33862
105	59	0.812618
105	65	0.764969
105	66	1.08441
105	77	0.580187
105	81	0.987062
105	85	0.725739
105	87	0.649034
105	107	1.05943
105	134	1.09953
105	151	1.0736
105	159	1.08237
105	163	1.06215
105	166	1.00391
105	169	1.00224
105	170	1.03928
105	171	1.04396
105	172	0.969677
105	174	1.04695
105	175	0.972062
105	176	1.02342
105	177	0.996097
105	178	0.978834
105	179	0.985897
105	180	1.00198
106	3	0.960211
106	4	0.966162
106	8	0.968537
106	36	0.998301
106	44	0.9997
106	47	1.06727
106	48	1.06705
106	51	1.06704
106	61	1.13715
106	63	1.03456
106	86	1.04976
106	107	1.01378
106	110	0.781766
106	114	1.27591
106	116	1.05357
106	120	0.991817
106	126	0.710109
106	129	1.01021
106	136	1.04546
106	139	1.05215
106	140	1.6052
106	147	0.98966
106	155	1.50297
106	156	3.03697
106	177	2.90347
107	12	1.02578
107	15	0.912322
107	27	0.98639
107	31	0.949184
107	32	0.952209
107	41	0.92476
107	44	0.922174
107	52	0.992777
107	57	0.963667
107	63	0.957031
107	70	1.0304
107	71	1.01827
107	75	0.981947
107	83	0.963361
107	86	0.972232
107	105	1.05943
107	106	1.01378
107	118	1.11828
107	124	1.20176
107	131	0.959253
107	136	0.967937
107	138	1.91323
107	157	1.5743
107	165	1.96101
107	170	2.37228
108	5	0.914401
108	26	1.68271
108	35	0.932944
108	43	0.997228
108	50	0.908211
108	59	1.06877
108	68	1.36566
108	72	1.34682
108	77	0.992714
108	80	0.908046
108	89	1.52367
108	91	0.995054
108	95	0.929737
108	98	0.976271
108	101	0.883912
108	110	1.00903
108	125	0.917671
108	141	1.03393
108	163	0.881671
108	173	0.855251
108	175	0.791584
108	176	0.842937
108	177	0.815619
108	178	0.798356
108	179	0.805419
108	180	0.821505
109	3	1.55681
109	17	1.05225
109	42	1.39367
109	60	1.42456
109	63	1.02697
109	104	1.01883
109	116	0.70939
109	133	0.918881
109	137	0.937455
109	138	0.932982
109	140	0.930027
109	146	0.944014
109	150	1.01767
109	153	0.944486
109	154	0.921903
109	160	0.906667
109	165	0.944107
109	168	0.862543
109	170	0.889259
109	171	0.893945
109	174	0.896926
109	175	0.822042
109	176	0.873396
109	177	0.846077
109	179	0.835877
109	180	0.851963
110	25	1.29487
110	41	1.47437
110	89	1.23694
110	91	0.879402
110	93	1.08261
110	106	0.781766
110	108	1.00903
110	136	0.310791
110	137	0.984251
110	144	0.938605
110	145	1.05634
110	147	1.00774
110	148	1.00556
110	150	1.06447
110	153	0.991282
110	154	0.968699
110	163	0.958926
110	165	0.990903
110	170	0.936055
110	171	0.940741
110	172	0.866453
110	174	0.943722
110	175	0.868838
110	177	0.892874
110	178	0.875611
110	180	0.898759
111	22	1.44667
111	26	1.25489
111	31	0.949789
111	35	0.981724
111	39	0.788537
111	57	0.970816
111	60	1.40758
111	148	1.02704
111	153	1.01276
111	154	0.990173
111	155	0.985218
111	157	1.01673
111	165	1.01238
111	167	0.954652
111	168	0.930814
111	169	0.920495
111	170	0.95753
111	171	0.962215
111	173	0.95398
111	174	0.965196
111	175	0.890312
111	176	0.941666
111	177	0.914348
111	178	0.897085
111	179	0.904147
111	180	0.920233
112	5	0.881184
112	30	1.17334
112	33	0.945593
112	35	0.899726
112	48	2.25501
112	50	0.874993
112	51	1.13714
112	59	1.03556
112	64	1.79781
112	81	0.952868
112	84	1.43669
112	91	0.961836
112	95	0.89652
112	98	0.943053
112	137	0.87378
112	151	0.859902
112	155	0.853272
112	157	0.884781
112	168	0.798868
112	170	0.825584
112	171	0.830269
112	172	0.755982
112	177	0.782402
112	178	0.765139
112	179	0.772201
112	180	0.788287
113	37	1.4785
113	60	1.76498
113	69	1.47314
113	79	1.69722
113	96	1.01937
113	116	1.0498
113	119	0.903913
113	130	0.911483
113	133	0.883397
113	146	0.90853
113	150	0.982191
113	154	0.886419
113	156	0.821012
113	160	0.871183
113	162	0.857777
113	163	0.876646
113	164	0.780777
113	166	0.818408
113	167	0.850897
113	169	0.816741
113	170	0.853775
113	172	0.784173
113	173	0.850225
113	175	0.786558
113	178	0.793331
113	179	0.800393
113	180	0.816479
114	14	0.952513
114	34	0.82479
114	93	1.57675
114	98	1.60914
114	99	0.953489
114	104	1.03334
114	106	1.27591
114	134	0.964016
114	139	1.21561
114	151	0.938087
114	160	0.921177
114	161	0.896581
114	162	0.907771
114	164	0.83077
114	165	0.958616
114	167	0.900891
114	168	0.877053
114	169	0.866734
114	170	0.903769
114	172	0.834167
114	173	0.900219
114	174	0.911435
114	175	0.836552
114	177	0.860587
114	178	0.843324
114	179	0.850387
114	180	0.866473
115	3	1.96076
115	7	1.09655
115	11	0.902657
115	38	0.999332
115	50	0.729564
115	73	1.20968
115	80	1.20145
115	99	0.985704
115	126	1.11002
115	127	1.01112
115	140	0.976752
115	143	1.05528
115	148	1.00549
115	165	0.990831
115	166	0.900616
115	167	0.933106
115	169	0.898949
115	170	0.935984
115	172	0.866382
115	173	0.932434
115	174	0.943651
115	175	0.868767
115	176	0.92012
115	177	0.892802
115	178	0.875539
115	179	0.882602
115	180	0.898688
116	15	0.952118
116	22	0.952081
116	25	1.02873
116	31	0.988979
116	32	0.992005
116	63	0.996827
116	65	1.00589
116	69	0.991762
116	70	1.0702
116	76	0.955947
116	78	0.952477
116	84	1.01104
116	86	1.01203
116	106	1.05357
116	109	0.70939
116	113	1.0498
116	117	1.0399
116	118	1.00908
116	125	1.18529
116	126	0.761834
116	128	0.988551
116	136	1.00773
116	139	1.01442
116	158	0.871603
116	166	2.99261
116	174	1.878
116	179	2.95286
117	9	1.09228
117	11	1.07124
117	39	1.07907
117	42	0.972256
117	49	1.04673
117	52	1.05663
117	54	1.01325
117	57	1.02752
117	67	1.0896
117	71	1.08212
117	75	1.0458
117	76	0.980004
117	78	0.976534
117	83	1.02721
117	84	1.0351
117	116	1.0399
117	124	1.03744
117	127	0.834338
117	131	1.02311
117	139	1.03847
117	142	0.731349
117	144	2.0431
117	154	1.28286
117	158	0.895659
117	159	1.1252
117	164	4.04682
117	177	2.31123
117	180	1.75535
118	19	0.727143
118	20	0.626723
118	48	1.12361
118	67	0.73655
118	74	0.8334
118	107	1.11828
118	116	1.00908
118	128	0.416102
118	129	0.483172
118	140	1.08343
118	146	1.09742
118	151	1.07698
118	154	1.07531
118	156	1.0099
118	157	1.10186
118	160	1.06007
118	161	1.03548
118	164	0.969667
118	168	1.01595
118	172	0.973064
118	173	1.03912
118	174	1.05033
118	175	0.975448
118	176	1.0268
118	177	0.999484
118	178	0.982221
118	179	0.989283
118	180	1.00537
119	44	2.03123
119	47	1.71304
119	54	1.40093
119	68	2.01931
119	103	1.53549
119	113	0.903913
119	121	0.916334
119	123	1.00302
119	137	0.884164
119	138	0.879691
119	146	0.890722
119	149	0.895332
119	150	0.964383
119	152	0.882428
119	156	0.803204
119	158	0.806734
119	164	0.762969
119	166	0.8006
119	168	0.809252
119	170	0.835968
119	171	0.840653
119	172	0.766366
119	173	0.832418
119	174	0.843634
119	176	0.820104
119	177	0.792786
119	178	0.775523
119	179	0.782585
119	180	0.798671
120	4	0.866678
120	23	0.959417
120	36	0.898817
120	38	1.00952
120	42	1.97243
120	47	0.967782
120	48	0.967562
120	51	0.967551
120	52	0.777219
120	55	1.70416
120	58	0.957523
120	59	1.59686
120	61	1.03766
120	64	1.3918
120	102	0.933264
120	106	0.991817
120	129	0.91073
120	138	0.882805
120	154	0.871725
120	155	0.86677
120	156	0.806318
120	167	0.836204
120	169	0.802047
120	170	0.839082
120	177	0.7959
120	178	0.778637
120	179	0.7857
120	180	0.801786
121	24	1.70412
121	25	1.90902
121	44	1.705
121	52	0.936706
121	58	1.11701
121	75	1.32814
121	96	1.0318
121	119	0.916334
121	133	0.895818
121	134	0.926444
121	137	0.914392
121	142	0.948926
121	144	0.868746
121	145	0.986479
121	146	0.920951
121	147	0.937877
121	154	0.89884
121	156	0.833433
121	159	0.909288
121	164	0.793198
121	165	0.921044
121	171	0.870882
121	172	0.796595
121	174	0.873863
121	175	0.798979
121	177	0.823015
121	178	0.805752
121	179	0.812814
121	180	0.8289
122	13	0.955607
122	24	1.03193
122	42	1.54975
122	48	1.42633
122	57	1.14389
122	61	0.796776
122	62	1.01262
122	65	1.12654
122	68	1.00437
122	70	0.818947
122	81	0.897098
122	83	1.24067
122	90	0.993132
122	92	0.993149
122	97	1.03986
122	101	1.08658
122	103	1.0866
122	129	0.991344
122	153	0.974923
122	161	0.912509
122	165	0.974544
122	167	0.916818
122	168	0.892981
122	169	0.882662
122	172	0.850094
122	175	0.852479
122	176	0.903833
122	178	0.859252
122	179	0.866314
122	180	0.8824
123	13	1.53472
123	18	0.666733
123	26	1.38216
123	30	0.866691
123	71	0.727751
123	79	1.46709
123	92	1.33825
123	101	1.0166
123	119	1.00302
123	126	1.12691
123	138	0.996606
123	151	0.987201
123	154	0.985526
123	157	1.01208
123	161	0.945695
123	163	0.975753
123	166	0.917515
123	167	0.950005
123	169	0.915848
123	170	0.952883
123	171	0.957568
123	172	0.883281
123	173	0.949333
123	174	0.960549
123	175	0.885665
123	176	0.937019
123	177	0.909701
123	178	0.892438
123	179	0.8995
123	180	0.915586
124	1	0.794838
124	6	0.758954
124	21	1.12256
124	27	0.854964
124	28	1.1132
124	35	1.07434
124	43	0.956674
124	77	1.13411
124	79	1.05126
124	80	1.04944
124	81	1.12748
124	83	1.02143
124	91	1.13645
124	95	1.07113
124	97	0.704703
124	98	1.11766
124	107	1.20176
124	117	1.03744
124	131	0.0864733
124	139	0.534214
124	151	1.03451
124	159	1.04328
124	164	0.927194
124	166	0.964825
124	172	0.93059
124	174	1.00786
124	175	0.932975
124	176	0.984329
124	178	0.939748
124	179	0.94681
124	180	0.962896
125	20	0.965966
125	32	0.674505
125	53	0.944151
125	57	1.46371
125	61	1.11659
125	62	0.937621
125	68	0.929372
125	69	1.60863
125	79	1.83271
125	85	0.956481
125	90	0.918136
125	92	0.918153
125	97	0.964865
125	101	1.01158
125	103	1.01161
125	108	0.917671
125	116	1.18529
125	127	0.919836
125	129	0.916348
125	139	1.07327
125	149	0.904065
125	150	0.973116
125	159	0.887792
125	161	0.837513
125	169	0.807666
125	171	0.849386
125	172	0.775098
125	174	0.852367
125	175	0.777483
125	177	0.801519
125	179	0.791318
125	180	0.807404
126	17	1.10469
126	28	1.16557
126	83	1.13703
126	88	1.05404
126	98	1.04334
126	106	0.710109
126	115	1.11002
126	116	0.761834
126	123	1.12691
126	128	0.615185
126	129	0.682256
126	138	1.00359
126	147	1.03154
126	149	1.01923
126	155	0.98755
126	156	0.927099
126	157	1.01906
126	159	1.00295
126	163	0.982733
126	164	0.886864
126	165	1.01471
126	166	0.924495
126	168	0.933147
126	169	0.922828
126	170	0.959862
126	173	0.956312
126	174	0.967529
126	176	0.943999
126	177	0.916681
126	178	0.899418
126	179	0.90648
126	180	0.922566
127	55	1.89432
127	61	1.4096
127	85	1.70014
127	88	1.77051
127	115	1.01112
127	117	0.834338
127	125	0.919836
127	128	1.33165
127	138	0.904689
127	140	0.901734
127	148	0.930472
127	152	0.907426
127	159	0.904058
127	160	0.878374
127	161	0.853779
127	163	0.883836
127	164	0.787967
127	166	0.825599
127	167	0.858088
127	168	0.83425
127	169	0.823932
127	170	0.860966
127	171	0.865652
127	172	0.791364
127	173	0.857416
127	174	0.868633
127	175	0.793749
127	176	0.845103
127	177	0.817784
127	178	0.800521
127	179	0.807584
127	180	0.82367
128	8	0.903516
128	15	0.924826
128	16	0.906624
128	17	1.03984
128	18	1.02939
128	19	0.995555
128	32	0.964713
128	37	0.936713
128	40	0.933622
128	43	1.04012
128	44	0.934679
128	56	0.985533
128	58	0.9776
128	63	0.969536
128	64	0.979027
128	69	0.964471
128	73	1.0359
128	86	0.984737
128	94	0.956431
128	116	0.988551
128	118	0.416102
128	126	0.615185
128	127	1.33165
128	131	0.971758
128	136	0.980442
128	139	0.987125
128	140	1.51027
128	146	1.27349
128	163	1.65693
128	170	1.6701
128	176	1.98908
128	178	3.12153
129	3	0.879124
129	4	0.885074
129	13	0.89339
129	23	0.977814
129	24	0.969708
129	36	0.917214
129	38	1.02792
129	47	0.986178
129	48	0.985959
129	51	0.985948
129	53	0.95693
129	61	1.05606
129	62	0.950399
129	68	0.94215
129	85	0.96926
129	90	0.930914
129	92	0.930931
129	97	0.977644
129	99	1.53453
129	101	1.02436
129	103	1.02439
129	106	1.01021
129	118	0.483172
129	120	0.91073
129	122	0.991344
129	125	0.916348
129	126	0.682256
129	141	0.716055
129	161	2.50546
129	167	2.22087
129	170	1.73717
129	174	1.79842
129	180	2.31974
130	3	1.9987
130	16	1.96614
130	41	1.79216
130	70	1.10475
130	88	1.44348
130	99	0.893258
130	102	0.937721
130	113	0.911483
130	131	0.591515
130	132	0.987912
130	134	0.903785
130	137	0.891734
130	138	0.887261
130	141	1.01867
130	144	0.846088
130	151	0.877856
130	156	0.810775
130	157	0.902736
130	159	0.88663
130	165	0.898385
130	169	0.806504
130	170	0.843538
130	171	0.848224
130	172	0.773936
130	173	0.839988
130	174	0.851205
130	175	0.776321
130	176	0.827674
130	177	0.800356
130	178	0.783093
130	179	0.790156
130	180	0.806242
131	6	0.946893
131	11	1.03039
131	12	1.04878
131	17	1.05033
131	18	1.03989
131	30	0.957235
131	37	0.947211
131	40	0.94412
131	41	0.947763
131	42	0.931406
131	43	1.05062
131	52	1.01578
131	54	0.972398
131	57	0.98667
131	58	0.988098
131	64	0.989525
131	73	1.04639
131	75	1.00495
131	83	0.986363
131	94	0.966929
131	100	0.594849
131	107	0.959253
131	117	1.02311
131	124	0.0864733
131	128	0.971758
131	130	0.591515
131	133	1.51442
131	136	0.99094
131	144	2.1273
131	154	1.36706
131	171	1.44155
131	172	3.37234
131	176	1.57596
131	179	2.3931
132	48	1.46659
132	60	1.6209
132	67	1.07953
132	78	1.00351
132	87	0.593499
132	91	0.97267
132	92	1.42431
132	130	0.987912
132	139	0.793704
132	145	1.05049
132	150	1.05862
132	155	0.957892
132	159	0.973295
132	160	0.947612
132	161	0.923016
132	162	0.934206
132	163	0.953074
132	164	0.857205
132	165	0.985051
132	166	0.894836
132	167	0.927326
132	170	0.930204
132	171	0.93489
132	172	0.860602
132	173	0.926654
132	174	0.93787
132	175	0.862987
132	176	0.91434
132	177	0.887022
132	178	0.869759
132	179	0.876822
132	180	0.892908
133	58	1.74356
133	78	2.17197
133	80	2.16229
133	95	2.30775
133	100	0.905007
133	109	0.918881
133	113	0.883397
133	121	0.895818
133	131	1.51442
133	147	0.887132
133	151	0.84977
133	154	0.848096
133	155	0.84314
133	159	0.858543
133	160	0.83286
133	162	0.819453
133	163	0.838322
133	165	0.870299
133	166	0.780084
133	167	0.812574
133	168	0.788736
133	169	0.778417
133	170	0.815452
133	171	0.820138
133	172	0.74585
133	173	0.811902
133	174	0.823118
133	175	0.748235
133	176	0.799588
133	177	0.77227
133	178	0.755007
133	179	0.76207
133	180	0.778156
134	2	1.316
134	10	1.35027
134	18	1.6192
134	34	1.2693
134	47	1.71132
134	66	0.891205
134	89	2.1756
134	94	1.35832
134	105	1.09953
134	114	0.964016
134	121	0.926444
134	130	0.903785
134	140	0.886846
134	142	0.928807
134	145	0.96636
134	153	0.901305
134	154	0.878721
134	158	0.816844
134	159	0.889169
134	160	0.863485
134	162	0.850079
134	163	0.868948
134	165	0.900925
134	166	0.81071
134	167	0.843199
134	168	0.819362
134	169	0.809043
134	171	0.850763
134	172	0.776475
134	173	0.842527
134	174	0.853744
134	176	0.830214
134	177	0.802896
134	178	0.785633
134	179	0.792695
134	180	0.808781
135	26	2.01458
135	38	0.686295
135	62	1.14873
135	83	1.82728
135	85	1.67393
135	86	1.46382
135	99	0.914827
135	138	0.90883
135	139	1.34007
135	140	0.905875
135	145	0.98539
135	147	0.936787
135	149	0.924472
135	151	0.899425
135	155	0.892795
135	156	0.832344
135	157	0.924304
135	160	0.882515
135	161	0.857919
