1	3	0.916709
1	32	1.24788
1	40	0.960133
1	42	0.962803
1	57	0.944637
1	59	1.0326
1	63	0.936355
1	70	1.0768
1	85	1.85797
1	141	0.95689
1	154	0.889425
1	163	0.960711
2	105	0.965666
2	115	0.940566
2	117	0.971346
2	118	0.971214
2	121	0.966048
2	130	0.944728
2	131	0.975933
2	132	0.962796
2	137	0.957777
2	139	0.957831
2	175	2.04476
2	178	1.80555
3	1	0.916709
3	21	0.996179
3	40	0.954749
3	57	0.939252
3	59	1.02722
3	63	0.93097
3	70	1.07141
3	91	2.17761
3	154	0.88404
3	157	1.30171
3	158	0.949653
3	163	0.955327
4	67	1.06492
4	73	1.07372
4	76	1.04889
4	77	1.12048
4	88	0.590336
4	92	1.1553
4	128	2.07205
4	159	1.19623
4	161	1.04261
4	162	1.06059
4	166	1.04132
4	172	1.00295
5	11	0.91478
5	14	0.911563
5	16	1.0088
5	27	1.01626
5	31	0.992735
5	43	0.881204
5	49	0.968019
5	50	0.9698
5	64	1.01588
5	158	0.960626
5	161	1.61915
5	170	2.01521
6	65	0.952804
6	83	1.9895
6	99	0.845272
6	142	0.976547
6	155	0.918551
6	167	0.871544
6	168	0.855031
6	170	0.859828
6	174	0.850923
6	178	0.828078
6	179	0.795126
6	180	0.833718
7	17	1.12101
7	34	1.00943
7	54	1.08217
7	60	1.06636
7	85	0.428347
7	146	1.11654
7	153	1.04329
7	154	1.00952
7	158	1.07513
7	164	1.09487
7	166	1.18607
7	169	2.4087
8	30	1.03365
8	67	0.952215
8	73	0.961021
8	76	0.936187
8	77	1.00778
8	92	1.0426
8	134	0.901488
8	161	0.92991
8	162	0.947892
8	166	0.928618
8	171	2.58443
8	172	0.89025
9	22	0.911389
9	35	0.990207
9	44	0.977017
9	45	0.969708
9	48	0.968883
9	68	1.00489
9	69	1.0043
9	120	0.865469
9	146	0.998019
9	161	1.38095
9	163	0.962287
9	169	2.29195
10	127	0.900318
10	148	0.942114
10	163	1.9143
10	167	0.894036
10	171	0.863733
10	172	0.863906
10	174	0.873415
10	175	0.846058
10	177	0.882201
10	178	0.85057
10	179	0.817618
10	180	0.85621
11	5	0.91478
11	14	0.893073
11	27	0.997771
11	31	0.974245
11	36	0.965676
11	43	0.862714
11	49	0.949529
11	50	0.95131
11	64	0.997393
11	135	0.954962
11	140	1.68579
11	158	0.942136
11	177	2.12751
12	50	0.8134
12	65	1.13268
12	82	0.00518595
12	102	1.08442
12	125	0.244172
12	152	1.03336
12	171	1.02112
12	173	1.05165
12	176	1.03862
12	177	1.03958
12	178	1.00795
12	179	0.975001
12	180	1.01359
13	20	1.09923
13	28	1.09843
13	41	0.964218
13	46	1.04944
13	47	1.06923
13	51	1.04809
13	56	1.02825
13	125	1.05804
13	146	1.08543
13	155	0.783974
13	166	1.23239
13	168	2.36072
13	172	0.954783
14	5	0.911563
14	11	0.893073
14	16	0.987094
14	27	0.994554
14	31	0.971028
14	36	0.962459
14	43	0.859497
14	49	0.946312
14	50	0.948094
14	64	0.994176
14	145	1.93581
14	158	0.938919
14	165	1.6219
15	17	1.12101
15	34	1.00943
15	54	1.08217
15	60	1.06636
15	108	0.667608
15	140	0.721487
15	146	1.11654
15	153	1.04329
15	154	1.00952
15	158	1.07513
15	164	1.09487
15	175	3.07139
16	5	1.0088
16	14	0.987094
16	27	1.09179
16	31	1.06827
16	36	1.0597
16	43	0.956735
16	49	1.04355
16	50	1.04533
16	64	1.09141
16	124	0.921497
16	158	1.03616
16	172	2.11217
16	174	1.77934
17	7	1.12101
17	15	1.12101
17	34	0.968163
17	54	1.04091
17	60	1.02509
17	126	1.92639
17	134	1.12194
17	146	1.07527
17	153	1.00203
17	154	0.968252
17	158	1.03386
17	164	1.0536
17	165	1.1274
18	19	1.05598
18	23	0.892183
18	25	0.890608
18	26	1.05119
18	37	0.969785
18	83	0.898748
18	90	0.957995
18	116	0.87747
18	129	2.0853
18	135	0.954309
18	151	1.64665
18	157	0.923292
18	164	0.961219
19	18	1.05598
19	23	1.05318
19	25	1.05161
19	26	1.21219
19	37	1.13078
19	126	1.42265
19	135	1.11531
19	157	1.08429
19	164	1.12222
19	165	0.623663
19	177	1.77686
20	13	1.09923
20	28	1.09759
20	41	0.963381
20	46	1.04861
20	47	1.06839
20	51	1.04726
20	56	1.02741
20	119	1.26025
20	125	1.0572
20	136	1.14907
20	146	1.08459
20	155	1.558
20	172	0.953946
21	3	0.996179
21	40	1.0396
21	42	1.04227
21	57	1.02411
21	59	1.11207
21	63	1.01583
21	70	1.15627
21	133	1.83638
21	154	0.968895
21	158	1.03451
21	163	1.04018
21	165	1.03878
21	179	4.63817
22	9	0.911389
22	35	0.97635
22	39	0.8899
22	44	0.96316
22	45	0.955851
22	48	0.955025
22	68	0.99103
22	69	0.990441
22	109	0.901325
22	133	1.67553
22	146	0.984162
22	163	0.94843
22	177	2.03113
23	18	0.892183
23	19	1.05318
23	25	0.887808
23	26	1.04839
23	32	0.694438
23	37	0.966985
23	83	0.895948
23	90	0.955195
23	116	0.87467
23	135	0.951509
23	157	0.920492
23	164	0.958419
23	179	4.81983
24	67	1.03824
24	73	1.04704
24	76	1.02221
24	77	1.0938
24	92	1.12862
24	112	1.28626
24	138	1.70815
24	140	1.53511
24	153	1.03367
24	161	1.01593
24	162	1.03391
24	166	1.01464
24	172	0.97627
25	18	0.890608
25	19	1.05161
25	23	0.887808
25	26	1.04682
25	37	0.965411
25	83	0.894374
25	90	0.95362
25	116	0.873096
25	135	0.949934
25	140	2.11728
25	157	0.918918
25	162	1.60115
25	164	0.956845
26	18	1.05119
26	19	1.21219
26	23	1.04839
26	25	1.04682
26	37	1.12599
26	135	1.11052
26	150	1.23372
26	156	0.97254
26	157	1.0795
26	162	1.34769
26	164	1.11743
27	5	1.01626
27	11	0.997771
27	14	0.994554
27	16	1.09179
27	36	1.06716
27	43	0.964196
27	49	1.05101
27	64	1.09887
27	135	1.05644
27	136	0.936443
27	141	0.994362
27	158	1.04362
27	173	2.00074
28	13	1.09843
28	20	1.09759
28	41	0.962582
28	46	1.04781
28	47	1.06759
28	51	1.04646
28	56	1.02661
28	66	0.783526
28	84	2.21484
28	141	1.04424
28	146	1.08379
28	153	1.38932
28	172	0.953146
29	41	0.950208
29	43	0.950592
29	50	1.03919
29	56	1.01424
29	64	1.08527
29	130	1.03261
29	132	1.05068
29	133	1.66381
29	137	1.04566
29	139	1.04571
29	144	0.958365
29	158	1.03001
29	172	0.940772
29	173	1.73227
30	8	1.03365
30	67	1.01487
30	73	1.02368
30	76	0.998841
30	77	1.07043
30	92	1.10525
30	111	0.564116
30	112	0.790062
30	153	1.01031
30	161	0.992565
30	162	1.01055
30	166	0.991273
30	172	0.952905
30	175	3.38881
31	5	0.992735
31	11	0.974245
31	14	0.971028
31	16	1.06827
31	36	1.04363
31	43	0.94067
31	49	1.02748
31	50	1.02927
31	64	1.07535
31	89	0.440549
31	135	1.03292
31	147	2.12599
31	158	1.02009
31	173	1.69918
32	1	1.24788
32	23	0.694438
32	76	1.00806
32	92	1.11447
32	110	0.419751
32	131	1.08516
32	132	1.07202
32	137	1.06701
32	139	1.06706
32	172	0.96212
32	174	0.971629
32	177	0.980415
32	179	0.915832
32	180	0.954424
33	114	0.0428161
33	128	0.921721
33	132	1.61806
33	141	0.998504
33	156	1.01671
33	165	1.0168
33	168	0.921029
33	174	0.91692
33	175	0.889564
33	176	0.924745
33	177	0.925706
33	178	0.894075
33	179	0.861123
33	180	0.899715
34	7	1.00943
34	15	1.00943
34	17	0.968163
34	54	0.929321
34	60	0.913506
34	100	1.66762
34	107	0.912746
34	109	0.880848
34	146	0.963685
34	153	0.890442
34	154	0.856667
34	157	2.05816
34	158	0.92228
34	164	0.942017
35	9	0.990207
35	22	0.97635
35	39	0.968718
35	45	1.03467
35	48	1.03384
35	68	1.06985
35	69	1.06926
35	83	0.978841
35	104	1.02962
35	146	1.06298
35	154	0.779069
35	163	1.02725
35	168	1.60729
35	180	2.51691
36	11	0.965676
36	14	0.962459
36	16	1.0597
36	27	1.06716
36	31	1.04363
36	43	0.9321
36	49	1.01891
36	50	1.0207
36	64	1.06678
36	122	1.45492
36	135	1.02435
36	150	1.40711
36	151	1.40735
36	158	1.01152
37	18	0.969785
37	19	1.13078
37	23	0.966985
37	25	0.965411
37	26	1.12599
37	52	1.1774
37	83	0.973551
37	90	1.0328
37	116	0.952272
37	135	1.02911
37	157	0.998094
37	164	1.03602
37	170	1.93455
37	173	1.43381
38	71	1.06297
38	74	0.986945
38	79	1.03409
38	81	1.03861
38	91	2.02239
38	93	1.00719
38	94	1.05965
38	98	0.989241
38	101	1.04665
38	103	1.03392
38	107	1.42822
38	110	0.975515
38	141	0.753837
38	164	1.03249
39	22	0.8899
39	35	0.968718
39	44	0.955528
39	45	0.948219
39	48	0.947394
39	68	0.983398
39	69	0.982809
39	83	0.892391
39	109	0.893693
39	120	0.84398
39	146	0.97653
39	163	0.940799
39	177	1.34199
39	180	2.88584
40	1	0.960133
40	3	0.954749
40	21	1.0396
40	42	1.00084
40	57	0.982677
40	59	1.07064
40	63	0.974395
40	70	1.11484
40	141	0.994929
40	142	1.00365
40	152	2.49882
40	153	1.33914
40	154	0.927464
40	158	0.993077
40	163	0.998751
41	13	0.964218
41	20	0.963381
41	28	0.962582
41	29	0.950208
41	46	0.913597
41	47	0.933379
41	51	0.912246
41	56	0.8924
41	90	0.924689
41	125	0.922189
41	141	0.910028
41	146	0.949581
41	160	1.94496
41	162	2.03776
41	172	0.818935
42	1	0.962803
42	21	1.04227
42	40	1.00084
42	57	0.985346
42	59	1.07331
42	63	0.977064
42	70	1.1175
42	85	1.03552
42	99	0.910363
42	119	1.51866
42	141	0.997599
42	154	0.930134
42	155	1.8164
42	158	0.995747
42	163	1.00142
43	5	0.881204
43	11	0.862714
43	14	0.859497
43	16	0.956735
43	27	0.964196
43	29	0.950592
43	31	0.94067
43	36	0.9321
43	49	0.915953
43	50	0.917735
43	55	1.75722
43	64	0.963818
43	102	1.98892
43	135	0.921387
43	158	0.90856
44	9	0.977017
44	22	0.96316
44	39	0.955528
44	45	1.02148
44	48	1.02065
44	68	1.05666
44	69	1.05607
44	104	1.01643
44	109	0.966953
44	120	0.91724
44	122	1.53969
44	146	1.04979
44	151	1.49211
44	160	1.51304
44	163	1.01406
45	9	0.969708
45	22	0.955851
45	35	1.03467
45	39	0.948219
45	44	1.02148
45	48	1.01334
45	68	1.04935
45	69	1.04876
45	80	0.445578
45	104	1.00912
45	120	0.909931
45	127	1.96409
45	146	1.04248
45	163	1.00675
45	176	2.0537
46	13	1.04944
46	20	1.04861
46	28	1.04781
46	41	0.913597
46	47	1.01861
46	51	0.997472
46	56	0.977626
46	90	1.00991
46	99	2.36366
46	125	1.00741
46	141	0.995254
46	142	0.61024
46	146	1.03481
46	152	2.10541
46	172	0.904162
47	13	1.06923
47	20	1.06839
47	28	1.06759
47	41	0.933379
47	46	1.01861
47	51	1.01725
47	56	0.997408
47	88	1.21019
47	125	1.0272
47	141	1.01504
47	143	1.55709
47	144	1.42706
47	146	1.05459
47	172	0.923944
48	9	0.968883
48	22	0.955025
48	35	1.03384
48	39	0.947394
48	44	1.02065
48	45	1.01334
48	68	1.04852
48	69	1.04793
48	83	0.957516
48	108	1.59668
48	109	0.958819
48	145	1.253
48	146	1.04166
48	154	1.89829
48	163	1.00592
49	5	0.968019
49	11	0.949529
49	14	0.946312
49	16	1.04355
49	27	1.05101
49	31	1.02748
49	36	1.01891
49	43	0.915953
49	50	1.00455
49	64	1.05063
49	122	0.52758
49	135	1.0082
49	158	0.995375
49	169	2.28011
49	174	1.90142
50	5	0.9698
50	11	0.95131
50	12	0.8134
50	14	0.948094
50	16	1.04533
50	29	1.03919
50	31	1.02927
50	36	1.0207
50	43	0.917735
50	49	1.00455
50	64	1.05241
50	89	1.28577
50	135	1.00998
50	150	1.75974
50	158	0.997156
51	13	1.04809
51	20	1.04726
51	28	1.04646
51	41	0.912246
51	46	0.997472
51	47	1.01725
51	56	0.976275
51	90	1.00856
51	107	1.01299
51	125	1.00606
51	141	0.993903
51	146	1.03346
51	152	1.74696
51	172	0.90281
51	178	2.6926
52	37	1.1774
52	91	0.934656
52	98	1.08516
52	151	1.01239
52	165	1.01124
52	170	0.920263
52	172	0.901849
52	173	0.93221
52	174	0.911358
52	175	0.884001
52	176	0.919183
52	177	0.920144
52	178	0.888513
52	179	0.855561
52	180	0.894153
53	114	2.36443
53	142	0.959023
53	145	0.897719
53	157	0.894941
53	159	0.887153
53	165	0.933282
53	168	0.837507
53	171	0.823717
53	173	0.854251
53	175	0.806042
53	176	0.841224
53	177	0.842185
53	178	0.810554
53	179	0.777601
53	180	0.816194
54	7	1.08217
54	15	1.08217
54	17	1.04091
54	34	0.929321
54	55	0.965948
54	60	0.986249
54	109	0.953591
54	136	0.609754
54	146	1.03643
54	153	0.963185
54	154	0.92941
54	158	0.995023
54	164	1.01476
54	166	1.46709
54	171	2.48547
55	43	1.75722
55	54	0.965948
55	57	0.948507
55	60	0.950134
55	63	0.940225
55	70	1.08067
55	84	0.887511
55	121	0.580169
55	158	0.958907
55	164	0.978644
55	167	0.899796
55	176	0.887
55	178	0.85633
55	180	0.86197
56	13	1.02825
56	20	1.02741
56	28	1.02661
56	29	1.01424
56	41	0.8924
56	46	0.977626
56	47	0.997408
56	51	0.976275
56	90	0.988718
56	125	0.986218
56	134	0.852387
56	141	0.974057
56	146	1.01361
56	147	2.15072
56	154	1.81706
56	172	0.882965
57	1	0.944637
57	3	0.939252
57	21	1.02411
57	40	0.982677
57	42	0.985346
57	55	0.948507
57	58	1.62908
57	59	1.05515
57	63	0.958899
57	70	1.09934
57	119	1.40573
57	141	0.979433
57	154	0.911968
57	158	0.977581
57	163	0.983255
57	165	1.49279
58	57	1.62908
58	93	1.03525
58	123	0.946104
58	138	0.968011
58	142	1.0195
58	145	0.958195
58	162	0.942009
58	170	0.90278
58	173	0.914728
58	174	0.893875
58	175	0.866519
58	176	0.901701
58	177	0.902661
58	178	0.871031
58	179	0.838078
58	180	0.87667
59	1	1.0326
59	3	1.02722
59	21	1.11207
59	40	1.07064
59	42	1.07331
59	57	1.05515
59	63	1.04686
59	70	1.1873
59	99	0.980162
59	141	1.0674
59	151	0.601795
59	158	1.06555
59	161	1.49091
59	163	1.07122
59	166	1.17928
59	168	2.30761
60	7	1.06636
60	15	1.06636
60	17	1.02509
60	34	0.913506
60	54	0.986249
60	55	0.950134
60	84	1.78516
60	107	0.969674
60	109	0.937776
60	146	1.02061
60	153	0.94737
60	154	0.913595
60	158	0.979208
60	162	0.993211
60	164	0.998945
60	180	2.93985
61	71	1.02109
61	74	0.945067
61	75	0.927679
61	79	0.992216
61	81	0.996729
61	93	0.965308
61	94	1.01777
61	98	0.947363
61	101	1.00477
61	103	0.992044
61	110	0.933637
61	135	0.983699
61	148	1.22588
61	157	0.952682
61	164	0.99061
61	166	1.49626
61	174	2.3402
62	69	1.23112
62	128	0.898504
62	129	0.950358
62	138	0.96784
62	143	0.997877
62	146	0.999775
62	149	0.841756
62	151	0.994734
62	168	0.897812
62	170	0.902609
62	171	0.884022
62	173	0.914557
62	175	0.866347
62	176	0.901529
62	178	0.870859
62	179	0.837907
62	180	0.876499
63	1	0.936355
63	3	0.93097
63	21	1.01583
63	40	0.974395
63	42	0.977064
63	55	0.940225
63	57	0.958899
63	59	1.04686
63	70	1.09106
63	99	0.883915
63	141	0.971151
63	143	0.992488
63	154	0.903686
63	158	0.969299
63	163	0.974973
63	172	2.04189
63	180	2.90307
64	5	1.01588
64	11	0.997393
64	14	0.994176
64	16	1.09141
64	27	1.09887
64	29	1.08527
64	31	1.07535
64	36	1.06678
64	43	0.963818
64	49	1.05063
64	50	1.05241
64	107	1.25143
64	122	0.846562
64	123	1.44141
64	135	1.05607
64	158	1.04324
64	176	1.88565
65	6	0.952804
65	12	1.13268
65	92	0.417752
65	105	0.42429
65	112	1.02016
65	125	0.953577
65	136	1.05052
65	152	0.932963
65	155	0.998027
65	156	1.03019
65	167	0.951019
65	171	0.920717
65	175	0.903042
65	176	0.938224
65	177	0.939184
65	178	0.907554
65	180	0.913194
66	28	0.783526
66	133	1.00819
66	152	0.97054
66	158	0.653698
66	160	1.0398
66	164	0.874523
66	167	0.988596
66	169	0.96034
66	171	0.958293
66	173	0.988828
66	174	0.967975
66	175	0.940619
66	176	0.975801
66	177	0.976761
66	178	0.945131
66	179	0.912178
66	180	0.95077
67	4	1.06492
67	8	0.952215
67	24	1.03824
67	30	1.01487
67	73	0.942236
67	76	0.917402
67	77	0.988993
67	83	0.917972
67	92	1.02381
67	124	1.32046
67	125	0.974719
67	129	2.15912
67	153	0.928868
67	161	0.911125
67	162	0.929108
67	165	1.63885
67	166	0.909834
67	172	0.871466
68	9	1.00489
68	22	0.99103
68	35	1.06985
68	39	0.983398
68	44	1.05666
68	45	1.04935
68	48	1.04852
68	69	1.08394
68	83	0.993521
68	104	1.0443
68	109	0.994823
68	120	0.945109
68	143	1.26141
68	146	1.07766
68	150	1.12061
68	157	1.29156
68	161	2.00996
68	163	1.04193
69	9	1.0043
69	22	0.990441
69	35	1.06926
69	39	0.982809
69	44	1.05607
69	45	1.04876
69	48	1.04793
69	62	1.23112
69	68	1.08394
69	83	0.992932
69	104	1.04371
69	109	0.994234
69	120	0.944521
69	128	1.87039
69	138	1.39792
69	143	0.735585
69	146	1.07707
69	163	1.04134
70	1	1.0768
70	3	1.07141
70	21	1.15627
70	40	1.11484
70	42	1.1175
70	55	1.08067
70	57	1.09934
70	59	1.1873
70	63	1.09106
70	113	0.803786
70	141	1.11159
70	143	0.827797
70	147	1.89848
70	153	1.32246
70	154	1.04413
70	158	1.10974
70	163	1.11541
70	177	1.75881
71	38	1.06297
71	61	1.02109
71	74	1.01239
71	75	0.995006
71	79	1.05954
71	93	1.03263
71	94	1.0851
71	98	1.01469
71	101	1.0721
71	103	1.05937
71	110	1.00096
71	120	0.947054
71	155	0.632368
71	157	1.02001
71	164	1.05794
71	165	1.18857
71	175	2.76801
71	180	2.40368
72	107	0.896767
72	114	2.56443
72	127	0.853472
72	148	0.895268
72	156	0.926362
72	159	0.880324
72	165	0.926452
72	169	0.818934
72	170	0.835474
72	173	0.847422
72	174	0.826569
72	175	0.799212
72	176	0.834394
72	177	0.835355
72	178	0.803724
72	180	0.809364
73	4	1.07372
73	8	0.961021
73	24	1.04704
73	30	1.02368
73	67	0.942236
73	76	0.926208
73	77	0.997798
73	92	1.03262
73	125	0.983524
73	127	2.11904
73	153	0.937674
73	156	0.860571
73	161	0.919931
73	162	0.937913
73	166	0.918639
73	172	0.880271
73	173	1.90643
74	38	0.986945
74	61	0.945067
74	71	1.01239
74	75	0.918982
74	79	0.98352
74	81	0.988033
74	93	0.956612
74	94	1.00908
74	98	0.938667
74	101	0.996076
74	102	1.56323
74	103	0.983348
74	110	0.924941
74	120	0.871031
74	141	1.64682
74	156	1.60734
74	157	0.943986
74	164	0.981913
75	61	0.927679
75	71	0.995006
75	74	0.918982
75	79	0.966132
75	81	0.970644
75	87	1.83003
75	93	0.939223
75	94	0.99169
75	98	0.921279
75	101	0.978687
75	103	0.965959
75	104	0.952836
75	110	0.907552
75	122	0.945089
75	125	0.9588
75	157	0.926598
75	159	1.49078
75	164	0.964525
75	167	1.87105
76	4	1.04889
76	8	0.936187
76	24	1.02221
76	30	0.998841
76	32	1.00806
76	67	0.917402
76	73	0.926208
76	77	0.972964
76	83	0.901944
76	92	1.00779
76	125	0.95869
76	153	0.912839
76	155	1.6875
76	157	1.72915
76	159	1.95799
76	161	0.895097
76	162	0.913079
76	166	0.893805
76	172	0.855437
77	4	1.12048
77	8	1.00778
77	24	1.0938
77	30	1.07043
77	67	0.988993
77	73	0.997798
77	76	0.972964
77	83	0.973534
77	88	1.27583
77	92	1.07938
77	106	1.58429
77	125	1.03028
77	150	1.48194
77	153	0.98443
77	156	1.22076
77	161	0.966687
77	162	0.98467
77	166	0.965396
77	172	0.927028
78	95	0.996376
78	96	0.994753
78	97	0.995093
78	105	1.03394
78	106	1.29923
78	114	1.00875
78	115	1.00884
78	117	1.03962
78	118	1.03948
78	121	1.03432
78	130	1.013
78	131	1.0442
78	132	1.03107
78	137	1.02605
78	139	1.0261
78	150	1.19688
78	160	1.21804
78	166	0.959529
78	167	1.97694
79	38	1.03409
79	61	0.992216
79	71	1.05954
79	74	0.98352
79	75	0.966132
79	81	1.03518
79	86	1.16892
79	93	1.00376
79	94	1.05623
79	98	0.985816
79	101	1.04323
79	103	1.0305
79	110	0.97209
79	122	1.00963
79	125	1.02334
79	142	1.09077
79	164	1.02906
79	167	1.57087
79	174	2.21247
80	45	0.445578
80	95	1.09291
80	125	0.669283
80	127	1.01326
80	132	0.224978
80	136	1.10648
80	143	1.09053
80	151	1.08739
80	152	0.98892
80	155	1.05398
80	156	1.08615
80	169	0.97872
80	171	0.976673
80	175	0.958999
80	176	0.994181
80	177	0.995141
80	178	0.963511
80	179	0.930558
80	180	0.96915
81	38	1.03861
81	61	0.996729
81	74	0.988033
81	75	0.970644
81	79	1.03518
81	93	1.00827
81	94	1.06074
81	98	0.990329
81	101	1.04774
81	104	1.02189
81	110	0.976602
81	122	1.01414
81	135	1.02666
81	145	1.3857
81	156	0.891981
81	157	0.995648
81	159	1.55295
81	164	1.03357
81	173	1.93784
82	12	0.00518595
82	95	0.982459
82	96	0.980836
82	97	0.981175
82	105	1.02002
82	114	0.994834
82	115	0.994918
82	117	1.0257
82	118	1.02557
82	121	1.0204
82	130	0.99908
82	131	1.03028
82	132	1.01715
82	137	1.01213
82	139	1.01218
82	140	0.940331
82	161	0.946903
82	163	1.00216
82	168	2.01629
82	178	3.05102
83	6	1.9895
83	18	0.898748
83	23	0.895948
83	25	0.894374
83	35	0.978841
83	37	0.973551
83	39	0.892391
83	48	0.957516
83	67	0.917972
83	68	0.993521
83	69	0.992932
83	76	0.901944
83	77	0.973534
83	92	1.00836
83	122	1.63124
83	156	1.32224
83	157	0.927057
83	163	0.950921
83	164	0.964985
83	172	0.856007
84	28	2.21484
84	55	0.887511
84	60	1.78516
84	93	0.911021
84	94	0.963487
84	103	0.937757
84	110	0.87935
84	115	0.915019
84	120	0.82544
84	130	0.919181
84	131	0.950386
84	137	0.93223
84	138	0.910989
84	139	0.932284
84	156	0.936646
84	176	0.844678
84	177	0.845639
84	178	0.814008
84	179	0.781056
84	180	0.819648
85	1	1.85797
85	7	0.428347
85	42	1.03552
85	133	1.04028
85	149	0.948121
85	150	1.06363
85	163	0.192461
85	167	1.02069
85	168	1.00418
85	169	0.992434
85	170	1.00897
85	171	0.990387
85	173	1.02092
85	174	1.00007
85	175	0.972713
85	176	1.00789
85	177	1.00886
85	178	0.977225
85	179	0.944272
85	180	0.982864
86	79	1.16892
86	101	0.772634
86	106	0.985498
86	119	0.988607
86	134	1.02293
86	146	0.74156
86	147	0.930593
86	151	1.01913
86	155	0.985727
86	167	0.93872
86	168	0.922207
86	169	0.910464
86	171	0.908417
86	173	0.938952
86	174	0.918099
86	176	0.925924
86	177	0.926885
86	178	0.895254
86	179	0.862302
86	180	0.900894
87	75	1.83003
87	125	1.92955
87	128	0.867888
87	142	0.988712
87	147	0.875582
87	151	0.964118
87	159	0.916843
87	160	0.934915
87	165	0.962971
87	168	0.867196
87	169	0.855452
87	170	0.871993
87	171	0.853406
87	173	0.88394
87	174	0.863088
87	175	0.835731
87	176	0.870913
87	177	0.871874
87	178	0.840243
87	179	0.807291
87	180	0.845883
88	4	0.590336
88	47	1.21019
88	77	1.27583
88	140	1.03213
88	143	1.07151
88	148	1.03603
88	149	0.915387
88	150	1.0309
88	155	1.03496
88	156	1.06713
88	163	0.637939
88	167	0.987956
88	169	0.959699
88	171	0.957653
88	173	0.988187
88	175	0.939978
88	176	0.97516
88	177	0.976121
88	178	0.94449
88	179	0.911538
88	180	0.95013
89	31	0.440549
89	50	1.28577
89	119	1.02513
89	121	0.643202
89	128	0.959418
89	130	0.904498
89	134	1.05944
89	136	1.07474
89	147	0.967111
89	151	1.05565
89	156	1.05441
89	159	1.00837
89	165	1.0545
89	169	0.946982
89	173	0.97547
89	174	0.954618
89	175	0.927261
89	177	0.963403
89	178	0.931773
89	179	0.89882
89	180	0.937413
90	18	0.957995
90	23	0.955195
90	25	0.95362
90	37	1.0328
90	41	0.924689
90	46	1.00991
90	51	1.00856
90	56	0.988718
90	93	0.99893
90	94	1.0514
90	98	0.980985
90	103	1.02567
90	110	0.967259
90	123	1.81226
90	125	1.01851
90	154	2.04742
90	157	0.986304
90	162	1.28356
90	164	1.02423
90	165	1.08821
90	172	0.915253
91	3	2.17761
91	38	2.02239
91	52	0.934656
91	111	1.00946
91	116	0.867536
91	143	0.955988
91	148	0.920514
91	150	0.915376
91	152	0.85438
91	156	0.951608
91	160	0.923643
91	167	0.872436
91	171	0.842134
91	173	0.872668
91	174	0.851816
91	175	0.824459
91	176	0.859641
91	177	0.860601
91	178	0.828971
91	179	0.796018
91	180	0.834611
92	4	1.1553
92	8	1.0426
92	24	1.12862
92	30	1.10525
92	32	1.11447
92	65	0.417752
92	67	1.02381
92	73	1.03262
92	76	1.00779
92	77	1.07938
92	83	1.00836
92	107	1.10736
92	125	1.0651
92	136	0.816145
92	153	1.01925
92	161	1.00151
92	162	1.01949
92	166	1.00022
92	171	2.25078
92	172	0.961849
92	174	2.07634
93	38	1.00719
93	58	1.03525
93	61	0.965308
93	71	1.03263
93	74	0.956612
93	75	0.939223
93	79	1.00376
93	81	1.00827
93	84	0.911021
93	90	0.99893
93	98	0.958908
93	101	1.01632
93	103	1.00359
93	110	0.945182
93	120	0.891272
93	122	0.982718
93	135	0.995244
93	154	1.85816
93	155	1.10964
93	157	0.964227
93	164	1.00215
93	176	2.06724
94	38	1.05965
94	61	1.01777
94	71	1.0851
94	74	1.00908
94	75	0.99169
94	79	1.05623
94	81	1.06074
94	84	0.963487
94	90	1.0514
94	98	1.01137
94	101	1.06878
94	103	1.05606
94	110	0.997648
94	116	1.4162
94	125	1.0489
94	135	1.04771
94	144	1.31743
94	149	7.6
94	157	1.01669
94	162	1.42063
94	164	1.05462
94	180	0.971549
95	78	0.996376
95	80	1.09291
95	82	0.982459
95	96	0.958307
95	97	0.958646
95	105	0.99749
95	106	1.71648
95	114	0.972305
95	115	0.972389
95	117	1.00317
95	118	1.00304
95	121	0.997871
95	130	0.976552
95	131	1.00776
95	132	0.994619
95	137	0.989601
95	139	0.989655
95	156	1.35295
95	160	1.63529
95	161	0.924375
95	163	0.979629
95	166	0.923083
96	78	0.994753
96	82	0.980836
96	95	0.958307
96	97	0.957023
96	105	0.995866
96	114	0.970682
96	115	0.970766
96	117	1.00155
96	118	1.00141
96	119	1.61536
96	121	0.996248
96	124	1.38403
96	130	0.974929
96	131	1.00613
96	132	0.992996
96	136	1.50418
96	137	0.987977
96	139	0.988031
96	141	1.5621
96	162	0.940734
96	163	0.978006
96	166	0.92146
97	78	0.995093
97	82	0.981175
97	95	0.958646
97	96	0.957023
97	105	0.996206
97	114	0.971021
97	115	0.971106
97	116	0.90866
97	117	1.00189
97	118	1.00175
97	121	0.996587
97	130	0.975268
97	131	1.00647
97	132	0.993335
97	137	0.988317
97	139	0.988371
97	143	1.42361
97	151	1.28305
97	155	1.41212
97	162	0.941073
97	163	0.978346
97	176	2.36972
98	38	0.989241
98	52	1.08516
98	61	0.947363
98	71	1.01469
98	74	0.938667
98	75	0.921279
98	79	0.985816
98	81	0.990329
98	90	0.980985
98	93	0.958908
98	94	1.01137
98	101	0.998372
98	103	0.985644
98	110	0.927237
98	116	2.07309
98	120	0.873327
98	122	0.964774
98	125	0.978485
98	135	0.977299
98	157	0.946282
98	161	1.44625
98	164	0.984209
98	170	1.84231
99	6	0.845272
99	42	0.910363
99	46	2.36366
99	59	0.980162
99	63	0.883915
99	121	0.926513
99	127	0.849769
99	130	0.905194
99	131	0.936398
99	132	0.923261
99	133	0.863079
99	135	1.40469
99	137	0.918243
99	139	0.918297
99	154	0.836985
99	158	0.902598
99	163	0.908272
99	171	0.813184
99	174	0.822866
99	176	0.830691
99	177	0.831651
99	179	0.767068
99	180	0.805661
100	34	1.66762
100	112	0.9797
100	113	1.04425
100	123	0.942162
100	130	1.15887
100	144	0.980909
100	151	0.990964
100	154	0.904053
100	157	0.951476
100	160	0.961761
100	163	0.624453
100	165	0.989817
100	168	0.894042
100	169	0.882299
100	171	0.880252
100	173	0.910787
100	174	0.889934
100	175	0.862577
100	176	0.897759
100	177	0.89872
100	179	0.834137
100	180	0.872729
101	38	1.04665
101	61	1.00477
101	71	1.0721
101	74	0.996076
101	75	0.978687
101	79	1.04323
101	81	1.04774
101	86	0.772634
101	93	1.01632
101	94	1.06878
101	98	0.998372
101	103	1.04305
101	108	0.970729
101	110	0.984646
101	116	1.91071
101	120	0.930736
101	122	1.02218
101	125	1.03589
101	135	1.03471
101	157	1.00369
101	164	1.04162
101	169	2.19486
101	173	1.17919
102	12	1.08442
102	43	1.98892
102	74	1.56323
102	134	0.986964
102	140	0.946935
102	142	1.00776
102	145	0.946457
102	148	0.950836
102	150	0.945698
102	164	0.53957
102	165	0.98202
102	167	0.902758
102	168	0.886246
102	169	0.874502
102	170	0.891042
102	173	0.90299
102	174	0.882137
102	175	0.854781
102	176	0.889962
102	177	0.890923
102	178	0.859292
102	179	0.82634
102	180	0.864932
103	38	1.03392
103	61	0.992044
103	71	1.05937
103	74	0.983348
103	75	0.965959
103	79	1.0305
103	84	0.937757
103	90	1.02567
103	93	1.00359
103	94	1.05606
103	98	0.985644
103	101	1.04305
103	104	1.0172
103	110	0.971918
103	111	0.585763
103	122	1.00945
103	125	1.02317
103	135	1.02198
103	157	0.990963
103	162	0.916007
103	164	1.02889
103	166	1.37976
103	168	2.50809
103	174	2.2237
104	35	1.02962
104	44	1.01643
104	45	1.00912
104	68	1.0443
104	69	1.04371
104	75	0.952836
104	81	1.02189
104	103	1.0172
104	110	0.958795
104	114	0.994379
104	117	1.02524
104	118	1.02511
104	121	1.01995
104	129	1.33375
104	132	1.01669
104	137	1.01167
104	139	1.01173
104	148	1.2022
104	157	0.97784
104	160	0.916028
104	163	1.0017
104	164	1.01577
104	170	2.18028
104	177	1.96668
105	2	0.965666
105	65	0.42429
105	78	1.03394
105	82	1.02002
105	95	0.99749
105	96	0.995866
105	97	0.996206
105	114	1.00986
105	115	1.00995
105	117	1.04073
105	118	1.0406
105	121	1.03543
105	130	1.01411
105	131	1.04532
105	132	1.03218
105	137	1.02716
105	139	1.02721
105	143	0.802016
105	161	0.961934
105	162	0.979917
105	165	0.579836
105	166	0.960643
105	176	1.74812
105	178	3.402
106	77	1.58429
106	78	1.29923
106	86	0.985498
106	95	1.71648
106	133	0.93613
106	143	1.00009
106	144	0.986892
106	155	0.963544
106	161	0.926068
106	165	0.9958
106	167	0.916537
106	168	0.900025
106	169	0.888281
106	170	0.904821
106	171	0.886234
106	173	0.916769
106	174	0.895917
106	175	0.86856
106	176	0.903742
106	177	0.904702
106	178	0.873072
106	179	0.840119
106	180	0.878711
107	34	0.912746
107	38	1.42822
107	51	1.01299
107	60	0.969674
107	64	1.25143
107	72	0.896767
107	92	1.10736
107	121	1.00236
107	126	0.959698
107	130	0.981044
107	131	1.01225
107	132	0.999111
107	137	0.994092
107	139	0.994146
107	142	1.02434
107	145	0.963035
107	150	0.962276
107	153	0.94661
107	154	0.912835
107	158	0.978448
107	164	0.998185
107	177	0.907501
107	178	0.875871
107	180	0.88151
108	15	0.667608
108	48	1.59668
108	101	0.970729
108	118	1.18954
108	129	0.982997
108	138	1.00048
108	140	0.991141
108	144	1.01732
108	147	0.938836
108	150	0.989903
108	151	1.02737
108	152	0.928907
108	155	0.993971
108	160	0.99817
108	168	0.930451
108	170	0.935247
108	171	0.916661
108	173	0.947195
108	174	0.926343
108	175	0.898986
108	176	0.934168
108	177	0.935128
108	178	0.903498
108	179	0.870545
108	180	0.909138
109	22	0.901325
109	34	0.880848
109	39	0.893693
109	44	0.966953
109	48	0.958819
109	54	0.953591
109	60	0.937776
109	68	0.994823
109	69	0.994234
109	115	0.772917
109	116	0.882538
109	126	0.9278
109	135	0.210617
109	137	1.72219
109	154	0.880937
109	158	0.94655
109	162	0.914951
109	163	0.952223
109	164	0.966287
109	175	0.839461
109	176	0.874643
109	178	0.843973
109	179	0.81102
109	180	0.849613
110	32	0.419751
110	38	0.975515
110	61	0.933637
110	71	1.00096
110	74	0.924941
110	75	0.907552
110	79	0.97209
110	81	0.976602
110	84	0.87935
110	90	0.967259
110	93	0.945182
110	94	0.997648
110	98	0.927237
110	101	0.984646
110	103	0.971918
110	104	0.958795
110	113	1.41246
110	120	0.859601
110	122	0.951047
110	125	0.964758
110	135	0.963573
110	157	0.932556
110	164	0.970483
110	166	2.25914
110	167	2.46149
111	30	0.564116
111	91	1.00946
111	103	0.585763
111	126	1.04715
111	128	0.990966
111	129	1.04282
111	130	1.16218
111	136	1.10629
111	137	0.646595
111	148	1.05486
111	149	0.934217
111	153	1.03406
111	158	0.407752
111	167	1.00679
111	168	0.990274
111	170	0.99507
111	171	0.976483
111	173	1.00702
111	174	0.986166
111	175	0.958809
111	176	0.993991
111	177	0.994951
111	178	0.963321
111	179	0.930368
111	180	0.96896
112	24	1.28626
112	30	0.790062
112	65	1.02016
112	100	0.9797
112	113	1.0726
112	137	1.24412
112	138	0.992419
112	139	0.434906
112	140	0.983081
112	143	1.02246
112	151	1.01931
112	152	0.920848
112	155	0.985911
112	167	0.938904
112	168	0.922392
112	169	0.910648
112	170	0.927188
112	171	0.908601
112	173	0.939136
112	174	0.918283
112	176	0.926108
112	177	0.927069
112	178	0.895439
112	179	0.862486
112	180	0.901078
113	70	0.803786
113	100	1.04425
113	110	1.41246
113	112	1.0726
113	133	1.02305
113	135	0.464875
113	150	1.04639
113	152	0.985397
113	159	1.03659
113	160	1.05466
113	163	0.575083
113	164	0.575901
113	167	1.00345
113	168	0.98694
113	169	0.975197
113	170	0.991737
113	171	0.97315
113	173	1.00368
113	174	0.982832
113	175	0.955475
113	176	0.990657
113	177	0.991618
113	178	0.959987
113	179	0.927035
113	180	0.965627
114	33	0.0428161
114	53	2.36443
114	72	2.56443
114	78	1.00875
114	82	0.994834
114	95	0.972305
114	96	0.970682
114	97	0.971021
114	104	0.994379
114	105	1.00986
114	115	0.984765
114	117	1.01554
114	118	1.01541
114	121	1.01025
114	122	0.986632
114	123	0.773927
114	130	0.988927
114	131	1.02013
114	132	1.00699
114	137	1.00198
114	139	1.00203
114	141	0.911446
114	161	0.93675
114	162	0.954732
114	163	0.992005
114	166	0.935458
115	2	0.940566
115	78	1.00884
115	82	0.994918
115	84	0.915019
115	95	0.972389
115	96	0.970766
115	97	0.971106
115	105	1.00995
115	109	0.772917
115	114	0.984765
115	116	0.922403
115	117	1.01563
115	118	1.0155
115	120	2.13193
115	121	1.01033
115	130	0.989011
115	131	1.02022
115	132	1.00708
115	137	1.00206
115	138	0.716737
115	139	1.00211
115	161	0.936834
115	162	0.954817
115	163	0.992089
115	166	0.935542
115	172	1.66809
115	178	2.65439
116	18	0.87747
116	23	0.87467
116	25	0.873096
116	37	0.952272
116	91	0.867536
116	94	1.4162
116	97	0.90866
116	98	2.07309
116	101	1.91071
116	109	0.882538
116	115	0.922403
116	122	0.924271
116	130	0.926565
116	131	0.95777
116	132	0.944633
116	135	0.936796
116	137	0.939614
116	139	0.939668
116	157	0.905779
116	159	0.897992
116	164	0.943706
116	165	0.94412
116	170	0.853142
116	175	0.816881
116	177	0.853023
116	179	0.78844
116	180	0.827032
117	2	0.971346
117	78	1.03962
117	82	1.0257
117	95	1.00317
117	96	1.00155
117	97	1.00189
117	104	1.02524
117	105	1.04073
117	114	1.01554
117	115	1.01563
117	118	1.04628
117	121	1.04111
117	122	1.0175
117	126	1.75041
117	130	1.01979
117	131	1.051
117	132	1.03786
117	137	1.03284
117	139	1.03289
117	148	1.34014
117	151	1.03304
117	153	1.66826
117	156	0.771622
117	161	0.967614
117	162	0.985597
117	163	1.02287
117	166	0.966323
117	170	2.31821
118	2	0.971214
118	78	1.03948
118	82	1.02557
118	95	1.00304
118	96	1.00141
118	97	1.00175
118	104	1.02511
118	105	1.0406
118	108	1.18954
118	114	1.01541
118	115	1.0155
118	117	1.04628
118	121	1.04098
118	122	1.01736
118	130	1.01966
118	131	1.05086
118	132	1.03773
118	137	1.03271
118	139	1.03276
118	142	0.913297
118	147	1.82481
118	157	0.78428
118	161	0.967483
118	162	0.985465
118	163	1.02274
118	166	0.966191
118	167	1.39339
118	171	2.20942
119	20	1.26025
119	42	1.51866
119	57	1.40573
119	86	0.988607
119	89	1.02513
119	96	1.61536
119	120	0.887612
119	123	0.951253
119	126	0.960008
119	134	1.00385
119	145	0.963345
119	147	0.911519
119	150	0.962586
119	152	0.90159
119	155	0.966653
119	161	0.929177
119	165	0.998908
119	167	0.919646
119	169	0.89139
119	170	0.90793
119	171	0.889343
119	173	0.919878
119	174	0.899025
119	175	0.871669
119	176	0.90685
119	177	0.907811
119	178	0.87618
119	179	0.843228
119	180	0.88182
120	9	0.865469
120	39	0.84398
120	44	0.91724
120	45	0.909931
120	68	0.945109
120	69	0.944521
120	71	0.947054
120	74	0.871031
120	84	0.82544
120	93	0.891272
120	98	0.873327
120	101	0.930736
120	110	0.859601
120	115	2.13193
120	119	0.887612
120	132	2.96452
120	146	0.938241
120	149	0.765156
120	163	0.90251
120	169	0.809469
120	170	0.826009
120	171	0.807422
120	174	0.817104
120	176	0.824929
120	177	0.82589
120	178	0.794259
120	179	0.761307
120	180	0.799899
121	2	0.966048
121	55	0.580169
121	78	1.03432
121	82	1.0204
121	89	0.643202
121	95	0.997871
121	96	0.996248
121	97	0.996587
121	99	0.926513
121	104	1.01995
121	105	1.03543
121	107	1.00236
121	114	1.01025
121	115	1.01033
121	117	1.04111
121	118	1.04098
121	130	1.01449
121	131	1.0457
121	132	1.03256
121	137	1.02754
121	139	1.0276
121	148	1.4245
121	160	1.13833
121	161	0.962316
121	162	0.980298
121	163	1.01757
121	166	0.961024
121	173	1.90184
121	176	2.20406
122	36	1.45492
122	44	1.53969
122	49	0.52758
122	64	0.846562
122	75	0.945089
122	79	1.00963
122	81	1.01414
122	83	1.63124
122	93	0.982718
122	98	0.964774
122	101	1.02218
122	103	1.00945
122	110	0.951047
122	114	0.986632
122	116	0.924271
122	117	1.0175
122	118	1.01736
122	130	0.990879
122	131	1.02208
122	132	1.00895
122	137	1.00393
122	139	1.00398
122	149	0.856602
122	169	0.900915
122	173	0.929403
122	175	0.881194
122	177	0.917336
122	178	0.885706
122	179	0.852753
122	180	0.891346
123	58	0.946104
123	64	1.44141
123	90	1.81226
123	100	0.942162
123	114	0.773927
123	119	0.951253
123	134	0.985572
123	136	1.00087
123	140	0.945543
123	142	1.00637
123	144	0.97172
123	145	0.945065
123	149	0.828797
123	151	0.981776
123	155	0.948373
123	159	0.9345
123	160	0.952572
123	163	1.48671
123	165	0.980628
123	167	0.901366
123	168	0.884854
123	170	0.88965
123	171	0.871063
123	173	0.901598
123	174	0.880745
123	176	0.88857
123	177	0.889531
123	178	0.857901
123	179	0.824948
123	180	0.86354
124	16	0.921497
124	67	1.32046
124	96	1.38403
124	128	0.98724
124	129	1.03909
124	131	0.147265
124	132	0.346428
124	140	1.04724
124	147	0.994933
124	148	1.05114
124	152	0.985004
124	154	0.996559
124	155	1.05007
124	158	0.22426
124	159	1.03619
124	165	1.08232
124	166	1.0113
124	168	0.986548
124	169	0.974804
124	170	0.991344
124	171	0.972757
124	172	0.972931
124	173	1.00329
124	174	0.982439
124	175	0.955083
124	176	0.990264
124	177	0.991225
124	178	0.959595
124	179	0.926642
124	180	0.965234
125	12	0.244172
125	13	1.05804
125	20	1.0572
125	41	0.922189
125	46	1.00741
125	47	1.0272
125	51	1.00606
125	56	0.986218
125	65	0.953577
125	67	0.974719
125	73	0.983524
125	75	0.9588
125	76	0.95869
125	77	1.03028
125	79	1.02334
125	80	0.669283
125	87	1.92955
125	90	1.01851
125	92	1.0651
125	94	1.0489
125	98	0.978485
125	101	1.03589
125	103	1.02317
125	110	0.964758
125	135	1.01482
125	136	0.910885
125	153	0.970156
125	166	0.951121
125	172	0.912753
125	177	2.26232
126	17	1.92639
126	19	1.42265
126	107	0.959698
126	109	0.9278
126	111	1.04715
126	117	1.75041
126	119	0.960008
126	133	0.929713
126	135	0.0689094
126	140	0.954297
126	144	0.980475
126	145	0.953819
126	149	0.837551
126	151	0.99053
126	155	0.957127
126	160	0.961326
126	161	0.919651
126	165	0.989382
126	167	0.91012
126	169	0.881864
126	170	0.898404
126	171	0.879817
126	173	0.910352
126	174	0.889499
126	175	0.862143
126	176	0.897325
126	177	0.898285
126	178	0.866655
126	179	0.833702
126	180	0.872294
127	10	0.900318
127	45	1.96409
127	72	0.853472
127	73	2.11904
127	80	1.01326
127	99	0.849769
127	131	1.54433
127	134	0.960247
127	136	0.975543
127	140	0.920218
127	145	0.91974
127	147	0.867914
127	148	0.924119
127	149	0.803472
127	152	0.857985
127	155	0.923048
127	159	0.909175
127	160	0.927247
127	165	0.955303
127	167	0.876041
127	168	0.859529
127	169	0.847785
127	170	0.864325
127	173	0.876273
127	174	0.85542
127	175	0.828064
127	176	0.863246
127	177	0.864206
127	178	0.832576
127	179	0.799623
127	180	0.838215
128	4	2.07205
128	33	0.921721
128	62	0.898504
128	69	1.87039
128	87	0.867888
128	89	0.959418
128	111	0.990966
128	124	0.98724
128	129	0.889972
128	134	0.938144
128	143	0.93749
128	145	0.897637
128	146	1.63905
128	147	0.845811
128	150	0.896878
128	151	0.934348
128	155	0.900945
128	156	0.93311
128	159	0.887072
128	160	0.905144
128	165	0.9332
128	168	0.837426
128	169	0.825682
128	173	0.85417
128	174	0.833317
128	175	0.805961
128	176	0.841143
128	177	0.842103
128	178	0.810473
128	179	0.77752
128	180	0.816112
129	18	2.0853
129	62	0.950358
129	67	2.15912
129	104	1.33375
129	108	0.982997
129	111	1.04282
129	124	1.03909
129	128	0.889972
129	135	0.447929
129	138	0.959307
129	144	0.976147
129	147	0.897665
129	149	0.833223
129	152	0.887736
129	154	0.899291
129	156	0.984964
129	160	0.956998
129	165	0.985054
129	166	0.914031
129	167	0.905792
129	168	0.88928
129	170	0.894076
129	171	0.875489
129	173	0.906024
129	174	0.885171
129	175	0.857815
129	176	0.892997
129	177	0.893957
129	178	0.862327
129	179	0.829374
129	180	0.867966
130	2	0.944728
130	29	1.03261
130	78	1.013
130	82	0.99908
130	84	0.919181
130	89	0.904498
130	95	0.976552
130	96	0.974929
130	97	0.975268
130	99	0.905194
130	100	1.15887
130	105	1.01411
130	107	0.981044
130	111	1.16218
130	114	0.988927
130	115	0.989011
130	116	0.926565
130	117	1.01979
130	118	1.01966
130	121	1.01449
130	122	0.990879
130	131	1.02438
130	132	1.01124
130	134	1.29161
130	137	1.00622
130	139	1.00628
130	145	1.611
130	159	1.77825
130	161	0.940997
130	162	0.958979
130	163	0.996251
130	166	0.939705
131	2	0.975933
131	32	1.08516
131	78	1.0442
131	82	1.03028
131	84	0.950386
131	95	1.00776
131	96	1.00613
131	97	1.00647
131	99	0.936398
131	105	1.04532
131	107	1.01225
131	114	1.02013
131	115	1.02022
131	116	0.95777
131	117	1.051
131	118	1.05086
131	121	1.0457
131	122	1.02208
131	124	0.147265
131	127	1.54433
131	130	1.02438
131	132	1.04245
131	137	1.03743
131	139	1.03748
131	142	0.847007
131	153	1.1825
131	157	0.71799
131	161	0.972201
131	162	0.990183
131	163	1.02746
131	166	0.970909
131	175	3.52703
131	177	1.61885
132	2	0.962796
132	29	1.05068
132	32	1.07202
132	33	1.61806
132	78	1.03107
132	80	0.224978
132	82	1.01715
132	95	0.994619
132	96	0.992996
132	97	0.993335
132	99	0.923261
132	104	1.01669
132	105	1.03218
132	107	0.999111
132	114	1.00699
132	115	1.00708
132	116	0.944633
132	117	1.03786
132	118	1.03773
132	120	2.96452
132	121	1.03256
132	122	1.00895
132	124	0.346428
132	130	1.01124
132	131	1.04245
132	137	1.02429
132	139	1.02434
132	151	0.746439
132	157	0.917153
132	161	0.959064
132	162	0.977046
132	163	1.01432
132	166	0.957772
132	167	1.52626
133	21	1.83638
133	22	1.67553
133	29	1.66381
133	66	1.00819
133	85	1.04028
133	99	0.863079
133	106	0.93613
133	113	1.02305
133	126	0.929713
133	134	0.973557
133	136	0.988853
133	139	0.769881
133	144	0.959705
133	148	0.937429
133	149	0.816782
133	151	0.969761
133	156	0.968523
133	159	0.922485
133	160	0.940557
133	167	0.889351
133	168	0.872839
133	169	0.861095
133	170	0.877635
133	171	0.859048
133	172	0.859222
133	173	0.889583
133	174	0.86873
133	175	0.841374
133	176	0.876555
133	177	0.877516
133	178	0.845885
133	179	0.812933
133	180	0.851525
134	8	0.901488
134	17	1.12194
134	56	0.852387
134	86	1.02293
134	89	1.05944
134	102	0.986964
134	119	1.00385
134	123	0.985572
134	127	0.960247
134	128	0.938144
134	130	1.29161
134	133	0.973557
134	136	1.05347
134	137	0.776026
134	143	1.03752
134	151	1.03437
134	154	0.947463
134	155	1.00097
134	159	0.987099
134	160	1.00517
134	164	0.758008
134	165	1.03323
134	166	0.962203
134	168	0.937452
134	169	0.925708
134	171	0.923662
134	173	0.954196
134	174	0.933344
134	175	0.905987
134	176	0.941169
134	177	0.94213
134	178	0.910499
134	179	0.877547
134	180	0.916139
135	11	0.954962
135	18	0.954309
135	19	1.11531
135	23	0.951509
135	25	0.949934
135	26	1.11052
135	27	1.05644
135	31	1.03292
135	36	1.02435
135	37	1.02911
135	43	0.921387
135	49	1.0082
135	50	1.00998
135	61	0.983699
135	64	1.05607
135	81	1.02666
135	93	0.995244
135	94	1.04771
135	98	0.977299
135	99	1.40469
135	101	1.03471
135	103	1.02198
135	109	0.210617
135	110	0.963573
135	113	0.464875
135	116	0.936796
135	125	1.01482
135	126	0.0689094
135	129	0.447929
135	157	0.982618
135	158	1.00081
135	160	0.83432
135	164	1.02055
135	179	6.542
136	20	1.14907
136	27	0.936443
136	54	0.609754
136	65	1.05052
136	80	1.10648
136	89	1.07474
136	92	0.816145
136	96	1.50418
136	111	1.10629
136	123	1.00087
136	125	0.910885
136	127	0.975543
