1	54	0.900349
1	108	2.16927
1	122	0.82217
1	142	0.89236
1	166	0.869533
1	168	0.84458
1	169	0.864531
1	173	0.916856
1	174	0.907455
1	176	0.875311
1	177	0.879674
1	180	0.827576
2	77	0.995661
2	84	0.97808
2	98	0.953744
2	119	0.948687
2	132	0.967774
2	134	1.33808
2	137	0.95654
2	138	0.962527
2	140	0.956525
2	154	0.948841
2	170	0.932672
2	172	1.53219
3	92	0.813331
3	98	0.895919
3	116	2.16439
3	140	0.8987
3	143	0.933492
3	152	0.901995
3	154	0.891016
3	160	0.930682
3	175	0.845036
3	176	0.84453
3	177	0.848893
3	180	0.796795
4	35	1.01051
4	39	1.1052
4	42	1.09543
4	56	1.08042
4	59	1.06216
4	67	1.04082
4	69	1.04321
4	101	1.11389
4	157	1.01
4	165	0.900627
4	170	1.0469
4	173	1.16616
5	53	0.970227
5	70	0.806959
5	76	0.922964
5	112	0.98665
5	123	1.00794
5	143	0.996597
5	149	0.967758
5	151	0.971907
5	152	0.9651
5	170	2.00456
5	171	0.900172
5	179	0.91094
6	64	1.0129
6	94	1.76938
6	121	0.950041
6	131	0.971553
6	134	1.11264
6	139	0.96115
6	141	0.953685
6	145	0.98024
6	147	0.970993
6	155	0.972915
6	158	0.966446
6	178	0.861066
7	71	1.03421
7	94	1.10733
7	99	0.571679
7	110	1.08042
7	115	1.12112
7	132	1.07816
7	137	1.06693
7	138	1.07291
7	140	1.06691
7	150	1.02138
7	154	1.05923
7	168	1.44162
8	29	0.92451
8	35	0.910643
8	40	0.991275
8	56	0.980549
8	59	0.962289
8	67	0.940955
8	69	0.943336
8	89	0.984654
8	101	1.01403
8	153	1.28673
8	170	0.947035
8	174	1.56669
9	52	1.13637
9	119	0.91
9	134	1.13375
9	135	0.204427
9	141	0.642587
9	159	1.05627
9	164	1.05386
9	168	1.02797
9	175	1.05921
9	176	1.0587
9	177	1.06306
9	180	1.01097
10	37	0.992644
10	63	0.994569
10	77	0.995432
10	110	0.969808
10	115	1.0105
10	119	0.948458
10	137	0.956311
10	138	0.962298
10	140	0.956296
10	154	0.948612
10	178	0.86002
10	179	1.82893
11	112	0.974614
11	114	0.949113
11	120	0.94735
11	123	0.995903
11	125	0.762256
11	143	0.984562
11	149	0.955722
11	151	0.959871
11	152	0.953065
11	160	0.981751
11	178	2.1032
11	179	0.898905
12	49	0.426483
12	137	0.515512
12	140	0.753624
12	148	1.07245
12	165	1.13455
12	166	1.05288
12	167	1.05791
12	174	1.0908
12	175	1.05916
12	176	1.05865
12	177	1.06302
12	180	1.01092
13	29	0.914391
13	39	0.995217
13	40	0.981157
13	44	0.969976
13	59	0.95217
13	67	0.930836
13	87	0.981517
13	89	0.974535
13	101	1.00391
13	142	1.30294
13	162	0.895408
13	171	1.57056
14	30	1.21789
14	40	1.01566
14	87	1.01602
14	137	0.995286
14	149	0.707679
14	154	0.987586
14	166	0.935322
14	170	0.971417
14	175	0.941606
14	177	0.945463
14	178	0.898994
14	180	0.893365
15	18	0.866971
15	64	1.01344
15	109	0.935515
15	111	0.921214
15	135	0.976445
15	141	0.954228
15	145	0.980783
15	147	0.971535
15	155	0.973458
15	158	0.966989
15	169	1.97592
15	179	0.907019
16	114	0.956214
16	123	1.003
16	143	0.991663
16	149	0.962823
16	151	0.966972
16	152	0.960166
16	153	0.973649
16	156	1.33617
16	160	0.988852
16	162	0.891509
16	177	1.53425
16	179	0.906006
17	76	0.929698
17	82	1.12629
17	123	1.01467
17	143	1.00333
17	149	0.974492
17	151	0.978641
17	152	0.971835
17	160	1.00052
17	162	0.903178
17	171	0.906906
17	175	1.74372
17	179	0.917674
18	15	0.866971
18	141	0.777487
18	148	1.07877
18	151	0.307425
18	159	1.06254
18	163	1.11673
18	166	1.0592
18	168	1.03424
18	172	1.10101
18	175	1.06548
18	176	1.06498
18	180	1.01724
19	114	0.957779
19	120	0.956016
19	123	1.00457
19	143	0.993228
19	149	0.964388
19	151	0.968537
19	152	0.961731
19	160	0.990417
19	161	1.34268
19	171	0.896802
19	176	1.53323
19	179	0.90757
20	90	0.964363
20	95	1.37102
20	128	1.00351
20	135	0.980589
20	139	0.965835
20	145	0.984926
20	147	0.975679
20	155	0.977601
20	158	0.971132
20	165	1.4688
20	178	0.865752
20	179	0.911163
21	115	0.98585
21	129	1.00953
21	144	0.925477
21	151	0.948782
21	165	1.02457
21	168	0.917944
21	173	0.99022
21	174	0.980819
21	175	0.949181
21	176	0.948675
21	177	0.953038
21	180	0.90094
22	78	1.06766
22	110	1.05362
22	115	1.09431
22	119	1.03227
22	132	1.05136
22	134	0.765766
22	137	1.04012
22	138	1.04611
22	140	1.04011
22	154	1.03242
22	171	1.57961
22	172	0.959876
22	178	0.94383
23	122	0.898474
23	141	1.32464
23	150	0.960253
23	160	0.832017
23	167	0.950876
23	169	0.940836
23	173	0.993161
23	174	0.98376
23	175	0.952122
23	176	0.951616
23	177	0.955978
23	178	0.90951
23	180	0.903881
24	48	0.716003
24	56	0.610429
24	121	0.618575
24	156	1.06534
24	165	1.10366
24	166	1.02199
24	167	1.02703
24	169	1.01699
24	173	1.06932
24	174	1.05992
24	175	1.02828
24	176	1.02777
24	180	0.980037
25	90	1.05534
25	111	1.01634
25	113	0.830327
25	116	1.0572
25	139	1.05681
25	141	1.04935
25	145	1.0759
25	155	1.06858
25	158	1.06211
25	171	1.36402
25	175	1.09658
25	178	0.956729
25	179	1.00214
26	47	1.05539
26	51	1.1352
26	110	1.06479
26	113	1.0326
26	132	1.06253
26	136	0.799298
26	137	1.05129
26	138	1.05728
26	140	1.05128
26	154	1.04359
26	170	1.02742
26	178	0.955
26	179	1.33475
27	30	0.904456
27	48	0.959526
27	61	0.959611
27	86	0.913524
27	96	0.945746
27	97	0.953871
27	104	0.982766
27	106	0.927658
27	107	0.989062
27	144	1.94953
27	157	0.972182
27	170	1.11427
27	171	0.890526
28	34	1.25217
28	79	1.07366
28	103	1.01418
28	108	1.0013
28	112	1.06226
28	114	1.03676
28	143	1.07221
28	149	1.04337
28	152	1.04072
28	157	0.889594
28	160	1.0694
28	170	1.14548
28	179	0.986555
29	8	0.92451
29	13	0.914391
29	39	0.987992
29	42	0.978219
29	52	1.15812
29	56	0.963206
29	67	0.923611
29	69	0.925993
29	89	0.96731
29	101	0.996682
29	162	0.888183
29	166	1.90657
29	170	0.929691
30	14	1.21789
30	27	0.904456
30	48	0.959586
30	61	0.959672
30	86	0.913584
30	96	0.945806
30	97	0.953932
30	104	0.982826
30	106	0.927719
30	107	0.989122
30	157	0.972243
30	163	1.61743
30	171	0.890586
31	125	0.513903
31	126	1.02604
31	131	1.05614
31	135	1.06049
31	139	1.04574
31	141	1.03827
31	145	1.06483
31	147	1.05558
31	155	1.0575
31	158	1.05104
31	164	1.48982
31	177	1.30835
31	178	0.945655
32	48	1.05003
32	61	1.05012
32	74	0.76723
32	86	1.00403
32	96	1.03625
32	97	1.04438
32	104	1.07327
32	106	1.01816
32	107	1.07957
32	156	1.34527
32	157	1.06269
32	171	0.981032
32	173	1.17222
33	36	1.05767
33	129	0.995613
33	151	1.06884
33	156	0.972335
33	163	0.98652
33	166	0.928983
33	167	0.934022
33	169	0.923981
33	171	0.927298
33	172	0.970793
33	176	0.934761
33	177	0.939124
33	180	0.887026
34	28	1.25217
34	62	1.09225
34	78	1.11332
34	164	0.923404
34	166	0.922468
34	168	0.897515
34	172	0.964278
34	173	0.969791
34	174	0.96039
34	175	0.928752
34	176	0.928245
34	177	0.932608
34	180	0.880511
35	4	1.01051
35	8	0.910643
35	42	0.964352
35	56	0.949339
35	59	0.931078
35	67	0.909744
35	69	0.912126
35	87	0.960425
35	89	0.953444
35	101	0.982816
35	170	0.915825
35	176	1.14244
35	180	1.93349
36	33	1.05767
36	76	0.977918
36	103	0.993519
36	114	1.0161
36	120	1.01434
36	123	1.06289
36	143	1.05155
36	149	1.02271
36	151	1.02686
36	152	1.02006
36	160	1.04874
36	163	0.950874
36	175	1.26104
36	179	0.965895
37	10	0.992644
37	71	1.00357
37	78	1.06383
37	98	1.03349
37	119	1.02843
37	128	0.993048
37	129	1.23613
37	132	1.04752
37	137	1.03629
37	140	1.03627
37	150	0.990738
37	154	1.02859
37	163	1.28191
37	178	0.939995
38	72	0.554246
38	104	0.943152
38	114	0.627745
38	130	1.05425
38	136	1.02786
38	159	1.00647
38	165	1.0848
38	166	1.00313
38	169	0.998123
38	171	1.00144
38	174	1.04105
38	176	1.0089
38	177	1.01327
38	180	0.961168
39	4	1.1052
39	13	0.995217
39	29	0.987992
39	57	0.940978
39	67	1.00444
39	69	1.00682
39	87	1.05512
39	89	1.04814
39	101	1.07751
39	157	1.02783
39	161	1.27827
39	162	0.969009
39	170	1.01052
39	173	1.184
40	8	0.991275
40	13	0.981157
40	14	1.01566
40	42	1.04498
40	56	1.02997
40	59	1.01171
40	67	0.990377
40	87	1.04106
40	89	1.03408
40	101	1.06345
40	117	1.18711
40	124	1.02468
40	170	0.996457
40	177	1.30558
41	60	0.989802
41	76	0.983126
41	80	1.05352
41	108	0.985852
41	114	1.02131
41	134	1.02807
41	143	1.05676
41	146	0.967637
41	149	1.02792
41	151	1.03207
41	152	1.02526
41	160	1.05395
41	176	1.50947
41	179	0.971102
42	4	1.09543
42	29	0.978219
42	35	0.964352
42	40	1.04498
42	59	1.016
42	67	0.994664
42	69	0.997045
42	87	1.04534
42	89	1.03836
42	101	1.06773
42	162	0.959235
42	163	0.574638
42	168	1.32942
42	180	1.61086
43	55	1.00222
43	95	0.965727
43	134	0.982953
43	147	1.17517
43	160	1.16333
43	163	0.95966
43	166	0.902123
43	168	0.87717
43	172	0.943933
43	173	0.949446
43	174	0.940045
43	175	0.908407
43	176	0.907901
43	180	0.860166
44	13	0.969976
44	59	1.00053
44	78	1.03669
44	89	1.0229
44	119	1.00129
44	130	1.13369
44	141	1.00547
44	147	1.02278
44	154	1.00145
44	155	1.0247
44	158	1.01823
44	170	0.985277
44	174	1.11942
44	176	1.43991
44	178	0.912854
45	88	0.562046
45	89	0.638825
45	119	1.14488
45	133	1.03853
45	156	1.02418
45	163	1.03836
45	164	0.981762
45	166	0.980825
45	168	0.955872
45	170	1.01692
45	173	1.02815
45	174	1.01875
45	175	0.987109
45	177	0.990966
45	180	0.938868
46	66	0.705111
46	110	0.685964
46	122	0.949733
46	144	0.979676
46	148	1.01667
46	154	0.904083
46	168	0.972144
46	171	0.995412
46	172	1.03891
46	173	1.04442
46	174	1.03502
46	175	1.00338
46	176	1.00287
46	177	1.00724
46	180	0.95514
47	26	1.05539
47	68	0.791762
47	84	1.02559
47	110	1.01755
47	115	1.05824
47	137	1.00405
47	138	1.01004
47	140	1.00404
47	150	0.958504
47	154	0.996353
47	161	0.983213
47	163	0.933662
47	170	0.980184
47	178	0.907761
47	180	1.96988
48	24	0.716003
48	27	0.959526
48	30	0.959586
48	32	1.05003
48	61	1.01474
48	86	0.968654
48	96	1.00088
48	97	1.009
48	104	1.0379
48	106	0.982788
48	107	1.04419
48	153	1.21519
48	157	1.02731
48	171	0.945656
48	172	1.52836
49	12	0.426483
49	53	1.01289
49	103	0.98123
49	108	0.968356
49	112	1.02932
49	114	1.00381
49	143	1.03926
49	149	1.01042
49	150	1.21106
49	151	1.01457
49	152	1.00777
49	160	1.03645
49	168	1.83395
49	171	0.942837
49	179	0.953606
50	93	0.810484
50	100	0.967756
50	118	1.07109
50	145	0.563466
50	146	1.09003
50	166	0.984013
50	168	0.95906
50	169	0.979011
50	173	1.03134
50	174	1.02194
50	175	0.990298
50	176	0.989791
50	177	0.994154
50	178	0.947686
50	180	0.942057
51	26	1.1352
51	90	0.915441
51	130	1.03936
51	143	0.471786
51	144	0.970814
51	159	0.991577
51	165	1.0699
51	166	0.988235
51	167	0.993273
51	172	1.03004
51	174	1.02616
51	175	0.994519
51	177	0.998375
51	178	0.951907
51	180	0.946278
52	9	1.13637
52	29	1.15812
52	89	0.747507
52	105	1.0156
52	154	0.635535
52	163	1.02101
52	165	1.04514
52	168	0.938519
52	169	0.95847
52	172	1.00528
52	173	1.01079
52	174	1.00139
52	177	0.973613
52	179	0.972555
52	180	0.921515
53	5	0.970227
53	49	1.01289
53	63	0.927522
53	108	0.97223
53	114	1.00769
53	120	1.00593
53	143	1.04314
53	149	1.0143
53	151	1.01845
53	152	1.01164
53	160	1.04033
53	165	1.24448
53	171	0.946712
53	174	1.47434
53	179	0.95748
54	1	0.900349
54	110	1.14131
54	146	1.01686
54	158	1.39786
54	159	0.914184
54	162	0.905429
54	166	0.910842
54	167	0.915881
54	168	0.885889
54	169	0.90584
54	172	0.952652
54	173	0.958165
54	174	0.948764
54	176	0.91662
54	180	0.868885
55	43	1.00222
55	115	0.673994
55	123	0.908556
55	142	1.00295
55	155	0.724583
55	156	1.02347
55	163	1.03766
55	164	0.981059
55	169	0.975119
55	172	1.02193
55	173	1.02744
55	174	1.01804
55	175	0.986406
55	176	0.9859
55	180	0.938165
56	4	1.08042
56	8	0.980549
56	24	0.610429
56	29	0.963206
56	35	0.949339
56	40	1.02997
56	67	0.979651
56	69	0.982033
56	87	1.03033
56	89	1.02335
56	101	1.05272
56	162	0.944222
56	170	0.985731
56	172	1.42279
56	173	1.42525
57	39	0.940978
57	70	1.38652
57	89	0.920297
57	110	0.920042
57	123	0.952664
57	132	0.917779
57	136	2.20082
57	138	0.912532
57	140	0.906531
57	143	0.941323
57	149	0.912483
57	151	0.916632
57	154	0.898846
57	160	0.938512
57	162	0.841169
57	170	0.882678
58	96	1.06254
58	104	1.09956
58	106	1.04445
58	132	1.0802
58	138	1.07495
58	148	0.762353
58	149	1.0749
58	151	1.07905
58	152	1.07225
58	154	1.06127
58	160	1.10093
58	164	1.25017
58	170	1.0451
58	171	1.00732
58	175	1.04741
58	177	1.06871
59	4	1.06216
59	8	0.962289
59	13	0.95217
59	35	0.931078
59	40	1.01171
59	42	1.016
59	44	1.00053
59	67	0.96139
59	69	0.963772
59	87	1.01207
59	101	1.03446
59	124	1.19825
59	133	1.32317
59	162	0.925962
59	170	0.96747
59	176	1.39285
60	41	0.989802
60	79	1.004
60	80	0.999312
60	94	0.92871
60	112	0.992602
60	114	0.967101
60	120	0.965337
60	123	1.01389
60	143	1.00255
60	149	0.97371
60	151	0.977859
60	153	0.984536
60	160	0.999739
60	170	1.05423
60	173	0.954512
60	178	1.87213
61	27	0.959611
61	30	0.959672
61	32	1.05012
61	48	1.01474
61	86	0.968739
61	91	0.88072
61	96	1.00096
61	97	1.00909
61	104	1.03798
61	106	0.982874
61	107	1.04428
61	153	0.778716
61	157	1.0274
61	171	0.945741
61	178	2.01196
62	34	1.09225
62	107	0.700282
62	115	0.452689
62	130	1.10093
62	146	1.15582
62	152	0.621535
62	155	0.503279
62	164	1.05075
62	166	1.04981
62	167	1.05485
62	168	1.02486
62	172	1.09162
62	175	1.05609
62	176	1.05559
62	177	1.05995
62	180	1.00785
63	10	0.994569
63	53	0.927522
63	119	1.07736
63	129	1.03277
63	164	0.967072
63	165	1.04781
63	166	0.966135
63	168	0.941182
63	172	1.00795
63	173	1.01346
63	174	1.00406
63	175	0.972419
63	176	0.971913
63	177	0.976276
63	179	0.975218
63	180	0.924178
64	6	1.0129
64	15	1.01344
64	88	1.07086
64	111	1.01881
64	116	1.05967
64	121	1.04818
64	131	1.06969
64	135	1.07404
64	139	1.05928
64	145	1.07837
64	155	1.07105
64	158	1.06458
64	166	1.00712
64	171	1.28224
64	175	1.0148
64	177	1.03609
64	178	0.959201
65	85	0.983384
65	93	1.02545
65	114	0.909029
65	117	0.989898
65	159	0.954088
65	160	0.79895
65	163	1.00828
65	164	0.951683
65	165	1.03242
65	166	0.950746
65	167	0.955785
65	172	0.992556
65	173	0.998069
65	175	0.95703
65	176	0.956524
65	177	0.960887
65	180	0.908789
66	46	0.705111
66	75	0.938116
66	80	1.06823
66	90	1.03901
66	110	1.05019
66	119	1.02884
66	137	1.03669
66	140	1.03668
66	145	1.05958
66	151	1.04678
66	152	1.03997
66	154	1.02899
66	155	1.05225
66	158	1.04578
66	160	1.06866
66	167	1.32795
66	176	1.12768
67	4	1.04082
67	8	0.940955
67	13	0.930836
67	29	0.923611
67	35	0.909744
67	39	1.00444
67	40	0.990377
67	42	0.994664
67	56	0.979651
67	59	0.96139
67	82	1.18927
67	87	0.990737
67	95	0.973646
67	101	1.01313
67	165	1.19133
67	170	0.946137
67	179	1.70873
68	47	0.791762
68	100	1.18135
68	124	1.00563
68	134	1.01785
68	146	1.04304
68	158	0.978027
68	163	0.994558
68	165	1.01869
68	167	0.94206
68	168	0.912068
68	172	0.978831
68	173	0.984344
68	174	0.974943
68	175	0.943305
68	176	0.942799
68	177	0.947162
68	180	0.895064
69	4	1.04321
69	8	0.943336
69	29	0.925993
69	35	0.912126
69	39	1.00682
69	42	0.997045
69	56	0.982033
69	59	0.963772
69	75	1.33914
69	87	0.993119
69	89	0.986137
69	95	0.976027
69	101	1.01551
69	162	0.90701
69	170	0.948518
69	173	1.24388
69	179	1.49575
70	5	0.806959
70	57	1.38652
70	104	0.227415
70	119	0.561963
70	148	1.05028
70	156	1.07406
70	159	1.03405
70	163	1.08825
70	168	1.00576
70	169	1.02571
70	172	1.07252
70	173	1.07804
70	174	1.06863
70	175	1.037
70	176	1.03649
70	177	1.04085
70	180	0.988756
71	7	1.03421
71	37	1.00357
71	84	0.988777
71	93	0.966042
71	98	0.96444
71	110	0.980733
71	115	1.02142
71	118	0.916955
71	119	0.959384
71	137	0.967237
71	138	0.973223
71	140	0.967221
71	154	0.959537
71	167	1.44292
71	168	1.75227
71	170	0.943368
71	178	0.870945
72	38	0.554246
72	112	0.995978
72	116	0.975332
72	132	0.982382
72	138	0.977135
72	140	0.971133
72	143	1.00593
72	147	0.984785
72	151	0.981235
72	154	0.963449
72	155	0.986707
72	158	0.980238
72	160	1.00312
72	177	1.30752
72	178	0.874857
72	179	0.920268
72	180	2.01228
73	79	0.992349
73	97	0.957817
73	103	0.932863
73	104	0.986711
73	106	0.931604
73	107	0.993007
73	123	1.00224
73	141	0.952448
73	147	0.969756
73	152	0.9594
73	155	0.971678
73	158	0.965209
73	160	0.988086
73	164	1.59407
73	171	0.894471
73	175	1.39132
73	176	1.32631
73	179	0.90524
74	32	0.76723
74	96	0.934951
74	136	1.03671
74	138	0.540102
74	144	0.994553
74	158	0.675275
74	163	1.06951
74	165	1.09364
74	168	0.98702
74	169	1.00697
74	172	1.05378
74	173	1.0593
74	174	1.0499
74	175	1.01826
74	176	1.01775
74	177	1.02211
74	179	1.02106
74	180	0.970016
75	66	0.938116
75	69	1.33914
75	101	1.09666
75	118	1.03595
75	136	0.973611
75	142	0.971702
75	148	0.968445
75	167	0.953914
75	168	0.923922
75	169	0.943873
75	173	0.996198
75	174	0.986798
75	175	0.955159
75	176	0.954653
75	177	0.959016
75	178	0.912547
75	179	0.957958
75	180	0.906918
76	5	0.922964
76	17	0.929698
76	36	0.977918
76	41	0.983126
76	82	1.28444
76	103	0.93784
76	108	0.924966
76	112	0.985926
76	120	0.958661
76	125	1.12871
76	143	0.995873
76	149	0.967034
76	151	0.971183
76	152	0.964377
76	153	0.97786
76	160	0.993063
76	166	1.89419
76	179	0.910216
77	2	0.995661
77	10	0.995432
77	84	1.06061
77	98	1.03628
77	110	1.05257
77	115	1.09326
77	119	1.03122
77	132	1.05031
77	136	0.927218
77	137	1.03907
77	140	1.03906
77	154	1.03137
77	157	1.05463
77	161	1.01823
77	165	0.945266
77	170	1.01521
77	175	1.56064
77	178	0.942783
78	22	1.06766
78	34	1.11332
78	37	1.06383
78	44	1.03669
78	91	1.05439
78	98	1.0247
78	113	1.00881
78	115	1.08168
78	119	1.01964
78	137	1.02749
78	138	1.03348
78	140	1.02748
78	154	1.01979
78	156	1.07995
78	163	0.946566
78	170	1.00363
78	178	0.931203
78	179	1.15877
79	28	1.07366
79	60	1.004
79	73	0.992349
79	80	1.06772
79	103	1.01293
79	108	1.00005
79	114	1.03551
79	120	1.03375
79	130	0.828752
79	143	1.07096
79	149	1.04212
79	152	1.03946
79	159	1.42928
79	160	1.06815
79	161	0.944416
79	167	1.33524
79	171	0.974534
79	179	0.985302
80	41	1.05352
80	60	0.999312
80	66	1.06823
80	79	1.06772
80	103	1.00824
80	108	0.995362
80	120	1.02906
80	124	1.15845
80	128	0.819019
80	142	1.41787
80	143	1.06627
80	149	1.03743
80	151	1.04158
80	152	1.03477
80	160	1.06346
80	161	1.16249
80	162	0.966116
80	171	0.969844
81	93	0.967136
81	109	0.945946
81	111	0.931646
81	116	0.972514
81	126	0.95242
81	131	0.982526
81	135	0.986877
81	139	0.972123
81	141	0.964659
81	145	0.991214
81	147	0.981967
81	155	0.983889
81	158	0.97742
81	165	0.780145
81	175	1.39551
81	178	0.87204
81	179	0.917451
81	180	2.12156
82	17	1.12629
82	67	1.18927
82	76	1.28444
82	134	1.01883
82	144	0.920579
82	148	0.957569
82	163	0.995537
82	164	0.938936
82	165	1.01967
82	167	0.943038
82	169	0.932997
82	172	0.97981
82	173	0.985323
82	174	0.975922
82	175	0.944284
82	176	0.943777
82	177	0.94814
82	180	0.896043
83	130	0.987258
83	141	1.27415
83	148	0.955705
83	155	0.89175
83	158	0.961982
83	161	0.975259
83	163	0.993672
83	167	0.941174
83	168	0.911182
83	169	0.931133
83	172	0.977945
83	173	0.983458
83	174	0.974058
83	175	0.942419
83	176	0.941913
83	177	0.946276
83	178	0.899807
83	179	0.945218
83	180	0.894178
84	2	0.97808
84	47	1.02559
84	71	0.988777
84	77	1.06061
84	98	1.0187
84	115	1.07568
84	119	1.01364
84	132	1.03273
84	137	1.02149
84	138	1.02748
84	140	1.02148
84	154	1.01379
84	157	0.793716
84	161	1.00065
84	164	1.50247
84	170	0.997625
84	176	1.23471
84	178	0.925202
84	179	1.20175
85	65	0.983384
85	116	0.871292
85	118	0.999741
85	125	1.04315
85	131	1.01515
85	133	0.970368
85	134	0.993494
85	138	1.2077
85	163	0.970201
85	164	0.913601
85	166	0.912664
85	167	0.917703
85	172	0.954474
85	173	0.959987
85	174	0.950587
85	175	0.918948
85	176	0.918442
85	177	0.922805
85	180	0.870707
86	27	0.913524
86	30	0.913584
86	32	1.00403
86	48	0.968654
86	61	0.968739
86	93	0.960108
86	96	0.954874
86	97	0.962999
86	104	0.991894
86	106	0.936786
86	107	0.99819
86	113	0.942615
86	128	1.00277
86	157	0.981311
86	161	1.16168
86	162	1.71114
86	171	0.899654
86	177	1.43853
87	13	0.981517
87	14	1.01602
87	35	0.960425
87	39	1.05512
87	40	1.04106
87	42	1.04534
87	56	1.03033
87	59	1.01207
87	67	0.990737
87	69	0.993119
87	89	1.03444
87	95	1.02433
87	101	1.06381
87	128	0.433085
87	144	1.61725
87	162	0.955308
87	170	0.996817
87	179	0.934152
87	180	1.75816
88	45	0.562046
88	64	1.07086
88	102	1.05854
88	109	0.99294
88	111	0.97864
88	126	0.999415
88	131	1.02952
88	135	1.03387
88	139	1.01912
88	141	1.01165
88	145	1.03821
88	147	1.02896
88	155	1.03088
88	158	1.02441
88	166	1.41918
88	172	1.07456
88	177	1.44815
88	178	0.919034
88	179	0.964445
89	8	0.984654
89	13	0.974535
89	29	0.96731
89	35	0.953444
89	39	1.04814
89	40	1.03408
89	42	1.03836
89	44	1.0229
89	45	0.638825
89	52	0.747507
89	56	1.02335
89	57	0.920297
89	69	0.986137
89	87	1.03444
89	95	1.01734
89	101	1.05683
89	157	0.997631
89	162	0.948327
89	170	0.989836
89	178	2.07142
90	20	0.964363
90	25	1.05534
90	51	0.915441
90	66	1.03901
90	94	1.32329
90	109	0.979888
90	116	1.00646
90	126	0.986363
90	131	1.01647
90	135	1.02082
90	139	1.00607
90	141	0.998601
90	145	1.02516
90	147	1.01591
90	155	1.01783
90	158	1.01136
90	162	1.50686
90	170	0.962839
90	178	0.905982
90	179	0.951393
91	61	0.88072
91	78	1.05439
91	101	0.787776
91	107	0.99341
91	137	1.02685
91	138	1.03283
91	140	1.02683
91	145	0.665671
91	149	1.03278
91	152	1.03013
91	154	1.01915
91	160	1.05881
91	168	0.941929
91	169	0.96188
91	171	0.965197
91	174	1.0048
91	175	0.973167
91	176	0.97266
91	179	0.975966
91	180	0.924926
92	3	0.813331
92	96	0.90814
92	97	0.916265
92	104	0.94516
92	106	0.890052
92	107	0.951456
92	114	1.84455
92	132	0.925802
92	137	0.914569
92	138	0.920555
92	140	0.914553
92	145	1.71395
92	154	0.906869
92	167	0.859644
92	169	0.849603
92	171	0.85292
92	172	0.896415
92	176	0.860383
92	177	0.864746
92	180	0.812648
93	50	0.810484
93	65	1.02545
93	71	0.966042
93	81	0.967136
93	86	0.960108
93	96	0.992329
93	98	0.995962
93	104	1.02935
93	106	0.974242
93	107	1.03565
93	132	1.00999
93	138	1.00474
93	139	1.00255
93	147	1.01239
93	148	1.19109
93	154	0.991058
93	155	1.01432
93	158	1.00785
93	169	1.62032
93	171	0.93711
93	178	0.902467
94	6	1.76938
94	7	1.10733
94	60	0.92871
94	90	1.32329
94	96	0.954462
94	97	0.962587
94	106	0.936375
94	107	0.997778
94	120	0.958456
94	122	0.853564
94	149	0.966828
94	151	0.970977
94	160	0.992857
94	167	0.905966
94	171	0.899242
94	173	0.94825
94	174	0.93885
94	175	0.907211
94	177	0.911068
94	179	0.91001
94	180	0.85897
95	20	1.37102
95	43	0.965727
95	67	0.973646
95	69	0.976027
95	87	1.02433
95	89	1.01734
95	100	0.92027
95	101	1.04672
95	123	1.04971
95	139	0.722614
95	145	0.51598
95	149	1.00953
95	151	1.01368
95	152	1.00687
95	159	0.946973
95	160	1.03556
95	174	0.981553
95	175	0.949915
95	176	0.949408
95	179	0.952714
95	180	0.901674
96	27	0.945746
96	30	0.945806
96	32	1.03625
96	48	1.00088
96	58	1.06254
96	61	1.00096
96	74	0.934951
96	86	0.954874
96	92	0.90814
96	93	0.992329
96	94	0.954462
96	97	0.995221
96	104	1.02412
96	106	0.969008
96	107	1.03041
96	128	1.035
96	148	1.40471
96	150	1.5115
96	153	1.02431
96	157	1.01353
96	171	0.931876
97	27	0.953871
97	30	0.953932
97	32	1.04438
97	48	1.009
97	61	1.00909
97	73	0.957817
97	86	0.962999
97	92	0.916265
97	94	0.962587
97	96	0.995221
97	104	1.03224
97	106	0.977134
97	107	1.03854
97	113	0.982962
97	128	1.04312
97	130	1.26423
97	150	1.45719
97	157	1.02166
97	161	1.3799
97	165	1.02009
97	171	0.940001
98	2	0.953744
98	3	0.895919
98	37	1.03349
98	71	0.96444
98	77	1.03628
98	78	1.0247
98	84	1.0187
98	93	0.995962
98	115	1.05134
98	119	0.989304
98	137	0.997157
98	138	1.00314
98	140	0.997141
98	153	0.79027
98	154	0.989457
98	161	0.976317
98	167	1.59099
98	170	0.973288
98	176	1.39073
98	178	0.900865
98	179	1.35777
99	7	0.571679
99	101	0.92591
99	109	0.792999
99	124	1.0325
99	132	1.21571
99	136	0.988627
99	142	0.986718
99	144	0.94647
99	146	1.06991
99	150	0.978305
99	165	1.04556
99	166	0.96389
99	167	0.968929
99	168	0.938937
99	170	0.999986
99	172	1.0057
99	173	1.01121
99	174	1.00181
99	175	0.970174
99	176	0.969668
99	180	0.921934
100	50	0.967756
100	68	1.18135
100	95	0.92027
100	102	1.02594
100	109	0.960341
100	111	0.946041
100	116	0.986909
100	121	0.975409
100	126	0.966816
100	131	0.996921
100	135	1.00127
100	139	0.986518
100	141	0.979054
100	145	1.00561
100	147	0.996362
100	155	0.998284
100	157	1.00273
100	158	0.991815
100	161	0.961886
100	176	1.56841
100	178	0.886435
100	179	0.931846
101	4	1.11389
101	8	1.01403
101	13	1.00391
101	29	0.996682
101	35	0.982816
101	39	1.07751
101	40	1.06345
101	42	1.06773
101	56	1.05272
101	59	1.03446
101	67	1.01313
101	69	1.01551
101	75	1.09666
101	87	1.06381
101	89	1.05683
101	91	0.787776
101	95	1.04672
101	99	0.92591
101	105	1.04729
101	162	0.977699
101	170	1.01921
101	173	1.0014
102	88	1.05854
102	100	1.02594
102	109	1.02078
102	111	1.00648
102	116	1.04735
102	121	1.03585
102	124	0.907435
102	126	1.02726
102	127	1.01858
102	131	1.05736
102	135	1.06171
102	139	1.04696
102	141	1.0395
102	145	1.06605
102	147	1.0568
102	155	1.05873
102	156	0.990251
102	158	1.05226
102	164	1.36979
102	167	1.3023
102	178	0.946877
102	179	0.992288
103	28	1.01418
103	36	0.993519
103	49	0.98123
103	73	0.932863
103	76	0.93784
103	79	1.01293
103	80	1.00824
103	112	1.00153
103	118	0.937282
103	120	0.974262
103	123	1.02281
103	127	1.17952
103	143	1.01147
103	149	0.982634
103	151	0.986783
103	152	0.979977
103	160	1.00866
103	162	0.91132
103	166	1.32031
103	171	0.915048
103	178	1.89577
103	179	0.925817
104	27	0.982766
104	30	0.982826
104	32	1.07327
104	38	0.943152
104	48	1.0379
104	58	1.09956
104	61	1.03798
104	70	0.227415
104	73	0.986711
104	86	0.991894
104	92	0.94516
104	93	1.02935
104	96	1.02412
104	97	1.03224
104	106	1.00603
104	107	1.06743
104	113	1.01186
104	128	1.07202
104	150	1.49686
104	157	1.05055
104	171	0.968896
104	173	1.32531
104	174	1.28963
105	52	1.0156
105	101	1.04729
105	110	0.869596
105	126	0.989949
105	127	1.0011
105	129	0.998783
105	134	1.01298
105	138	0.99098
105	142	0.95498
105	146	1.03817
105	156	0.975505
105	163	0.98969
105	164	0.93309
105	165	1.01382
105	168	0.9072
105	169	0.927151
105	172	0.973963
105	173	0.979476
105	174	0.970076
105	175	0.938437
105	176	0.937931
105	177	0.942294
105	180	0.890196
106	27	0.927658
106	30	0.927719
106	32	1.01816
106	48	0.982788
106	58	1.04445
106	61	0.982874
106	73	0.931604
106	86	0.936786
106	92	0.890052
106	93	0.974242
106	94	0.936375
106	96	0.969008
106	97	0.977134
106	104	1.00603
106	107	1.01232
106	113	0.956749
106	128	1.01691
106	157	0.995445
106	168	1.76979
106	169	1.46934
106	171	0.913788
106	172	0.972877
106	175	1.32517
107	27	0.989062
107	30	0.989122
107	32	1.07957
107	48	1.04419
107	61	1.04428
107	62	0.700282
107	73	0.993007
107	86	0.99819
107	91	0.99341
107	92	0.951456
107	93	1.03565
107	94	0.997778
107	96	1.03041
107	97	1.03854
107	104	1.06743
107	106	1.01232
107	113	1.01815
107	128	1.07831
107	153	0.891406
107	157	1.05685
107	163	1.2467
107	171	0.975192
107	179	1.45891
108	1	2.16927
108	28	1.0013
108	41	0.985852
108	49	0.968356
108	53	0.97223
108	76	0.924966
108	79	1.00005
108	80	0.995362
108	112	0.988652
108	114	0.963151
108	120	0.961388
108	123	1.00994
108	143	0.9986
108	151	0.973909
108	152	0.967103
108	153	0.980586
108	160	0.995789
108	162	0.898446
108	163	0.773054
108	171	0.902174
108	174	0.697719
108	178	1.65101
108	179	0.912943
109	15	0.935515
109	81	0.945946
109	88	0.99294
109	90	0.979888
109	99	0.792999
109	100	0.960341
109	102	1.02078
109	111	0.940883
109	121	0.970252
109	131	0.991764
109	133	1.08364
109	135	0.996114
109	139	0.98136
109	141	0.973896
109	145	1.00045
109	147	0.991204
109	150	0.93202
109	155	0.993126
109	158	0.986657
109	171	1.48576
109	178	0.881277
109	179	0.926688
109	180	1.94437
110	7	1.08042
110	10	0.969808
110	22	1.05362
110	26	1.06479
110	46	0.685964
110	47	1.01755
110	54	1.14131
110	57	0.920042
110	66	1.05019
110	71	0.980733
110	77	1.05257
110	105	0.869596
110	115	1.06764
110	132	1.02468
110	137	1.01345
110	138	1.01944
110	140	1.01343
110	142	1.17336
110	150	0.967901
110	154	1.00575
110	159	1.40284
110	161	0.99261
110	170	0.989581
110	178	0.917158
111	15	0.921214
111	25	1.01634
111	64	1.01881
111	81	0.931646
111	88	0.97864
111	100	0.946041
111	102	1.00648
111	109	0.940883
111	121	0.955951
111	122	2.67812
111	126	0.947357
111	129	0.806477
111	131	0.977463
111	135	0.981814
111	139	0.96706
111	145	0.986151
111	147	0.976904
111	150	0.91772
111	155	0.978826
111	158	0.972357
111	162	1.45633
111	172	0.810131
111	178	0.866977
111	179	0.912388
112	5	0.98665
112	11	0.974614
112	28	1.06226
112	49	1.02932
112	60	0.992602
112	72	0.995978
112	76	0.985926
112	103	1.00153
112	108	0.988652
112	114	1.02411
112	123	1.0709
112	124	1.11118
112	129	1.01483
112	146	0.763945
112	149	1.03072
112	151	1.03487
112	152	1.02806
112	153	1.04155
112	160	1.05675
112	162	0.959406
112	164	1.57354
112	169	1.51495
112	171	0.963134
112	179	0.973902
113	25	0.830327
113	26	1.0326
113	78	1.00881
113	86	0.942615
113	97	0.982962
113	104	1.01186
113	106	0.956749
113	107	1.01815
113	119	0.973412
113	137	0.981265
113	138	0.987252
113	139	1.16951
113	144	0.903881
113	145	0.962875
113	154	0.973565
113	158	1.16384
113	164	0.922239
113	169	0.916299
113	171	0.919617
113	172	0.963112
113	173	0.968625
113	175	0.927586
113	177	0.931442
113	180	0.879345
114	11	0.949113
114	16	0.956214
114	19	0.957779
114	28	1.03676
114	36	1.0161
114	38	0.627745
114	41	1.02131
114	49	1.00381
114	53	1.00769
114	60	0.967101
114	65	0.909029
114	79	1.03551
114	92	1.84455
114	108	0.963151
114	112	1.02411
114	120	0.996846
114	123	1.0454
114	133	1.22505
114	143	1.03406
114	149	1.00522
114	151	1.00937
114	152	1.00256
114	157	0.853729
114	160	1.03125
114	171	0.937633
115	7	1.12112
115	10	1.0105
115	21	0.98585
115	22	1.09431
115	47	1.05824
115	55	0.673994
115	62	0.452689
115	71	1.02142
115	77	1.09326
115	78	1.08168
115	84	1.07568
115	98	1.05134
115	110	1.06764
115	119	1.04629
115	132	1.06537
115	137	1.05414
115	138	1.06013
115	140	1.05413
115	150	1.00859
115	154	1.04644
115	161	1.0333
115	167	1.44454
115	174	0.923771
115	178	0.95785
115	179	1.21131
116	3	2.16439
116	25	1.0572
116	64	1.05967
116	72	0.975332
116	81	0.972514
116	85	0.871292
116	90	1.00646
116	100	0.986909
116	102	1.04735
116	121	0.996819
116	126	0.988225
116	131	1.01833
116	133	0.823834
116	135	1.02268
116	139	1.00793
116	141	1.00046
116	145	1.02702
116	147	1.01777
116	150	0.958588
116	158	1.01322
116	161	0.983296
116	171	1.22596
116	173	0.608688
116	178	0.907845
116	179	0.953256
117	40	1.18711
117	65	0.989898
117	118	1.00626
117	127	0.988122
117	130	0.9703
117	143	0.672131
117	146	1.02519
117	148	0.938748
117	151	1.17504
117	155	1.2627
117	156	0.962529
117	159	0.92252
117	163	0.976715
117	164	0.920115
117	165	1.00085
117	166	0.919178
117	167	0.924217
117	169	0.914176
117	172	0.960988
117	173	0.966501
117	174	0.9571
117	175	0.925462
117	176	0.924956
117	177	0.929319
117	180	0.877221
118	50	1.07109
118	71	0.916955
118	75	1.03595
118	85	0.999741
118	103	0.937282
118	117	1.00626
118	122	0.91974
118	124	1.03571
118	127	1.03605
118	135	0.913408
118	142	0.989931
118	148	0.986673
118	151	0.881506
118	159	0.970446
118	160	0.858948
118	164	0.96804
118	165	1.04877
118	166	0.967104
118	169	0.962101
118	172	1.00891
118	173	1.01443
118	175	0.973388
118	176	0.972881
118	177	0.977244
118	178	0.930776
118	180	0.925147
119	2	0.948687
119	9	0.91
119	10	0.948458
119	22	1.03227
119	37	1.02843
119	44	1.00129
119	45	1.14488
119	63	1.07736
119	66	1.02884
119	70	0.561963
119	71	0.959384
119	77	1.03122
119	78	1.01964
119	84	1.01364
119	98	0.989304
119	113	0.973412
119	115	1.04629
119	132	1.00333
119	137	0.9921
119	138	0.998087
119	140	0.992085
119	148	1.72462
119	150	0.946552
119	154	0.984401
119	170	0.968232
119	178	0.895809
120	11	0.94735
120	19	0.956016
120	36	1.01434
120	53	1.00593
120	60	0.965337
120	76	0.958661
120	79	1.03375
120	80	1.02906
120	94	0.958456
120	103	0.974262
120	108	0.961388
120	114	0.996846
120	123	1.04364
120	127	1.2436
120	134	0.84565
120	143	1.03229
120	149	1.00346
120	151	1.0076
120	152	1.0008
120	153	1.01428
120	160	1.02948
120	161	1.13649
120	162	0.932141
120	168	1.83667
120	171	0.93587
120	176	1.32705
121	6	0.950041
121	24	0.618575
121	64	1.04818
121	100	0.975409
121	102	1.03585
121	109	0.970252
121	111	0.955951
121	116	0.996819
121	126	0.976726
121	128	1.03411
121	130	1.412
121	131	1.00683
121	135	1.01118
121	136	1.14981
121	139	0.996429
121	141	0.988964
121	145	1.01552
121	147	1.00627
121	148	1.49817
121	155	1.00819
121	157	1.01264
121	158	1.00173
121	161	0.971797
121	174	1.39772
121	178	0.896345
121	179	0.941756
122	1	0.82217
122	23	0.898474
122	46	0.949733
122	94	0.853564
122	111	2.67812
122	118	0.91974
122	134	0.913493
122	142	0.85549
122	143	2.28499
122	146	0.938678
122	156	0.876014
122	159	0.836005
122	161	0.871787
122	163	0.8902
122	164	0.8336
122	165	0.914333
122	166	0.832663
122	169	0.827661
122	171	0.830978
122	172	0.874473
122	173	0.879986
122	174	0.870585
122	175	0.838947
122	176	0.838441
122	177	0.842803
122	180	0.790706
123	5	1.00794
123	11	0.995903
123	16	1.003
123	17	1.01467
123	19	1.00457
123	36	1.06289
123	55	0.908556
123	57	0.952664
123	60	1.01389
123	73	1.00224
123	95	1.04971
123	103	1.02281
123	108	1.00994
123	112	1.0709
123	114	1.0454
123	120	1.04364
123	129	1.18789
123	143	1.08085
123	149	1.05201
123	151	1.05616
123	152	1.04935
123	157	1.03784
123	160	1.07804
123	165	0.92847
123	170	1.29372
123	171	0.984423
123	172	1.19154
124	40	1.02468
124	59	1.19825
124	68	1.00563
124	80	1.15845
124	99	1.0325
124	102	0.907435
124	112	1.11118
124	118	1.03571
124	129	1.01527
124	130	0.999759
124	136	0.973373
124	144	0.931217
124	146	1.05465
124	148	0.968207
124	156	0.991988
124	159	0.951979
124	163	1.00617
124	164	0.949574
124	165	1.03031
124	166	0.948637
124	167	0.953676
124	172	0.990447
124	174	0.986559
124	175	0.954921
124	176	0.954415
124	177	0.958778
124	180	0.90668
125	11	0.762256
125	31	0.513903
125	76	1.12871
125	85	1.04315
125	133	1.06821
125	136	1.03525
125	137	0.705206
125	140	0.943318
125	144	0.99309
125	149	0.644231
125	150	1.02493
125	156	1.05386
125	157	1.09048
125	159	1.01385
125	163	1.06805
125	164	1.01145
125	166	1.01051
125	167	1.01555
125	168	0.985557
125	169	1.00551
125	172	1.05232
125	173	1.05783
125	174	1.04843
125	175	1.01679
125	176	1.01629
125	177	1.02065
125	180	0.968553
126	31	1.02604
126	81	0.95242
126	88	0.999415
126	90	0.986363
126	100	0.966816
126	102	1.02726
126	105	0.989949
126	111	0.947357
126	116	0.988225
126	121	0.976726
126	131	0.998238
126	135	1.00259
126	139	0.987835
126	141	0.98037
126	145	1.00693
126	147	0.997678
126	150	0.938494
126	153	1.00081
126	155	0.999601
126	157	1.00405
126	158	0.993132
126	167	1.42915
126	169	1.43806
126	171	1.56133
126	174	0.908388
126	178	0.887751
126	179	0.933162
127	102	1.01858
127	103	1.17952
127	105	1.0011
127	117	0.988122
127	118	1.03605
127	120	1.2436
127	133	1.00667
127	136	0.973707
127	142	0.971798
127	143	0.620841
127	145	1.08067
127	148	0.968541
127	159	0.952313
127	163	1.00651
127	164	0.949908
127	165	1.03064
127	167	0.954009
127	168	0.924018
127	169	0.943968
127	170	0.985066
127	172	0.990781
127	173	0.996294
127	174	0.986893
127	175	0.955255
127	176	0.954749
127	177	0.959111
127	179	0.958054
127	180	0.907014
128	20	1.00351
128	37	0.993048
128	80	0.819019
128	86	1.00277
128	87	0.433085
128	96	1.035
128	97	1.04312
128	104	1.07202
128	106	1.01691
128	107	1.07831
128	121	1.03411
128	132	1.042
128	135	1.05997
128	141	1.03775
128	147	1.05506
128	149	0.818358
128	154	0.792629
128	155	1.05698
128	158	1.05051
128	169	0.976459
128	171	0.979776
128	173	1.02878
128	174	1.01938
128	175	0.987745
128	176	0.987239
128	177	0.991602
128	178	0.945133
128	180	0.939504
129	21	1.00953
129	33	0.995613
129	37	1.23613
129	63	1.03277
129	105	0.998783
129	111	0.806477
129	112	1.01483
129	123	1.18789
129	124	1.01527
129	133	1.00436
129	134	1.02749
129	142	0.969484
129	144	0.929236
129	148	0.966226
129	152	1.12217
129	156	0.990008
129	159	0.949998
129	162	0.941243
129	164	0.947593
129	165	1.02833
129	169	0.941654
129	172	0.988467
129	174	0.984579
129	176	0.952434
129	177	0.956797
129	178	0.910329
129	179	0.95574
129	180	0.9047
130	38	1.05425
130	44	1.13369
130	51	1.03936
130	62	1.10093
130	79	0.828752
130	83	0.987258
130	97	1.26423
130	117	0.9703
130	121	1.412
130	124	0.999759
130	135	0.932884
130	148	0.950719
130	156	0.9745
130	162	0.925735
130	163	0.988686
130	164	0.932085
130	165	1.01282
130	166	0.931149
130	167	0.936187
130	168	0.906196
130	170	0.967244
130	172	0.972959
130	173	0.978472
130	174	0.969071
130	175	0.937433
130	177	0.941289
130	178	0.894821
130	179	0.940232
130	180	0.889192
131	6	0.971553
131	31	1.05614
131	64	1.06969
131	81	0.982526
131	85	1.01515
131	88	1.02952
131	90	1.01647
131	100	0.996921
131	102	1.05736
131	109	0.991764
131	111	0.977463
131	116	1.01833
131	121	1.00683
131	126	0.998238
131	135	1.03269
131	139	1.01794
131	141	1.01048
131	145	1.03703
131	147	1.02778
131	150	0.9686
131	155	1.02971
131	156	0.925589
131	158	1.02324
131	166	1.0947
131	169	1.24654
131	170	0.852258
131	178	0.917857
131	179	0.963268
131	180	1.82842
132	2	0.967774
132	7	1.07816
132	22	1.05136
132	26	1.06253
132	37	1.04752
132	57	0.917779
132	58	1.0802
132	72	0.982382
132	77	1.05031
132	84	1.03273
132	92	0.925802
132	93	1.00999
132	99	1.21571
132	110	1.02468
132	115	1.06537
132	119	1.00333
132	128	1.042
132	137	1.01119
132	138	1.01717
132	140	1.01117
132	146	1.03419
132	150	0.965638
132	154	1.00349
132	157	1.13503
132	161	0.990347
132	165	1.02566
132	170	0.987319
132	174	1.25553
132	178	0.914895
133	45	1.03853
133	59	1.32317
133	85	0.970368
133	109	1.08364
133	114	1.22505
133	116	0.823834
133	125	1.06821
133	127	1.00667
133	129	1.00436
133	136	0.962466
133	142	0.960557
133	144	0.92031
133	148	0.9573
133	159	0.941072
133	160	1.11497
133	163	0.995267
133	165	1.0194
133	166	0.93773
133	167	0.942769
133	169	0.932728
133	170	0.973825
133	171	0.936045
133	172	0.97954
133	174	0.975652
133	175	0.944014
133	176	0.943508
133	177	0.947871
133	179	0.946813
133	180	0.895773
134	2	1.33808
134	6	1.11264
134	9	1.13375
134	22	0.765766
134	41	1.02807
134	43	0.982953
134	68	1.01785
134	82	1.01883
134	85	0.993494
134	105	1.01298
134	120	0.84565
134	122	0.913493
134	129	1.02749
134	146	1.06687
134	148	0.980426
134	150	0.975271
134	158	0.883691
134	159	0.964198
134	163	1.01839
134	165	1.04253
134	166	0.960856
134	167	0.965895
134	168	0.935903
134	169	0.955854
134	172	1.00267
134	173	1.00818
134	174	0.998779
134	175	0.96714
134	176	0.966634
134	177	0.970997
134	180	0.918899
135	9	0.204427
135	15	0.976445
135	20	0.980589
135	31	1.06049
135	64	1.07404
135	81	0.986877
135	88	1.03387
135	90	1.02082
135	100	1.00127
135	102	1.06171
135	109	0.996114
135	111	0.981814
135	116	1.02268
135	118	0.913408
135	121	1.01118
135	126	1.00259
135	128	1.05997
135	130	0.932884
135	131	1.03269
135	139	1.02229
135	141	1.01483
135	145	1.04138
135	147	1.03213
135	148	1.01905
135	155	1.03406
135	157	1.03851
135	158	1.02759
135	159	1.53341
135	161	0.997659
135	162	1.59801
135	177	1.3254
135	178	0.922207
135	179	0.967618
136	26	0.799298
136	38	1.02786
136	57	2.20082
136	74	1.03671
136	75	0.973611
136	77	0.927218
136	99	0.988627
136	121	1.14981
136	124	0.973373
136	125	1.03525
136	127	0.973707
136	133	0.962466
136	141	1.10885
136	144	0.887342
136	146	1.01078
136	148	0.924332
136	156	0.948114
136	159	0.908104
136	163	0.962299
136	164	0.905699
136	165	0.986432
136	166	0.904762
136	167	0.909801
136	169	0.89976
136	170	0.940858
136	172	0.946573
136	173	0.952085
136	174	0.942685
136	175	0.911047
136	176	0.91054
136	177	0.914903
136	180	0.862806
137	2	0.95654
137	7	1.06693
137	10	0.956311
137	12	0.515512
137	14	0.995286
137	22	1.04012
137	26	1.05129
137	37	1.03629
137	47	1.00405
137	66	1.03669
137	71	0.967237
137	77	1.03907
137	78	1.02749
137	84	1.02149
137	91	1.02685
137	92	0.914569
137	98	0.997157
137	110	1.01345
137	113	0.981265
137	115	1.05414
137	119	0.9921
137	125	0.705206
137	132	1.01119
137	138	1.00594
137	140	0.999938
137	142	1.47818
137	150	0.954405
137	154	0.992254
137	161	0.979114
137	162	1.77227
137	166	1.47069
137	170	0.976085
137	173	1.12853
137	174	1.09286
137	178	0.903662
138	2	0.962527
138	7	1.07291
138	10	0.962298
138	22	1.04611
138	26	1.05728
138	47	1.01004
138	57	0.912532
138	58	1.07495
138	71	0.973223
138	72	0.977135
138	74	0.540102
138	78	1.03348
138	84	1.02748
138	85	1.2077
138	91	1.03283
138	92	0.920555
138	93	1.00474
138	98	1.00314
138	105	0.99098
138	110	1.01944
138	113	0.987252
138	115	1.06013
138	119	0.998087
138	132	1.01717
138	137	1.00594
138	140	1.00592
138	146	0.688084
138	150	0.960391
138	154	0.99824
138	161	0.9851
138	166	1.28725
138	170	0.982071
138	178	0.909648
138	179	1.19696
138	180	2.02097
139	6	0.96115
139	20	0.965835
139	25	1.05681
139	31	1.04574
139	64	1.05928
139	81	0.972123
139	88	1.01912
139	90	1.00607
139	93	1.00255
139	95	0.722614
139	100	0.986518
139	102	1.04696
139	109	0.98136
139	111	0.96706
139	113	1.16951
139	116	1.00793
139	121	0.996429
139	126	0.987835
139	131	1.01794
139	135	1.02229
139	141	1.00007
139	145	1.02663
139	146	0.828923
139	147	1.01738
139	150	0.958197
139	153	1.02051
139	155	1.0193
139	158	1.01283
139	161	0.982906
139	170	1.18565
