1	53	1.25559
1	122	0.939138
1	129	0.941764
1	133	0.954648
1	139	0.975439
1	145	0.967884
1	155	0.982673
1	157	0.979721
1	160	0.955762
1	162	0.953168
1	163	0.95859
1	164	1.61248
2	129	0.939945
2	133	0.952829
2	139	0.97362
2	146	0.969688
2	148	0.955574
2	155	0.980854
2	157	0.977901
2	160	0.953942
2	162	0.951349
2	163	0.956771
2	164	1.07087
2	176	1.83251
3	58	0.923311
3	122	0.959444
3	135	0.967332
3	148	0.9777
3	151	0.987026
3	155	1.00298
3	160	0.976067
3	161	1.40586
3	162	0.973474
3	163	0.978896
3	173	0.862812
3	177	1.53283
4	21	0.896266
4	83	1.56246
4	120	0.95204
4	127	1.26343
4	148	0.977331
4	151	0.986657
4	155	1.00261
4	157	0.999658
4	160	0.975699
4	162	0.973106
4	163	0.978528
4	175	0.858692
5	30	1.03467
5	41	0.768546
5	95	1.13776
5	96	1.16342
5	108	1.15609
5	134	0.962088
5	142	1.11398
5	143	1.10234
5	154	1.03099
5	156	1.05519
5	161	1.22908
5	176	0.998315
6	14	0.159385
6	49	1.36506
6	66	0.874542
6	78	1.03916
6	147	0.98529
6	165	0.966947
6	168	0.974616
6	169	0.978519
6	172	0.92239
6	177	0.955832
6	178	0.933434
6	180	0.955964
7	72	0.943093
7	87	0.972741
7	90	0.958082
7	97	0.993932
7	105	0.977013
7	119	0.940794
7	121	0.967586
7	123	0.995353
7	125	0.952449
7	140	0.792229
7	173	2.24356
7	174	0.885724
8	17	0.180524
8	108	0.71857
8	157	0.708311
8	161	1.08039
8	165	1.08038
8	167	1.06018
8	170	1.12565
8	172	1.03582
8	177	1.06926
8	178	1.04686
8	179	1.04068
8	180	1.06939
9	45	1.0887
9	57	1.06338
9	61	0.916227
9	75	1.11412
9	76	1.04092
9	104	1.03921
9	110	0.934978
9	113	1.07166
9	152	1.15956
9	166	1.09609
9	168	1.08124
9	176	1.01318
10	20	1.11379
10	45	1.0658
10	75	1.09121
10	92	1.11904
10	101	1.08688
10	104	1.0163
10	117	0.353296
10	134	2.62546
10	166	1.07318
10	168	1.05833
10	174	0.555286
10	176	0.990271
11	12	0.932573
11	67	1.01607
11	79	1.01879
11	85	1.35238
11	93	0.981281
11	99	0.993709
11	110	1.41123
11	142	1.00526
11	143	0.993626
11	154	0.922279
11	173	0.882109
11	176	0.889599
12	11	0.932573
12	79	0.996674
12	86	0.964831
12	95	1.00693
12	102	0.969494
12	115	0.973342
12	118	1.00678
12	141	0.964839
12	142	0.983152
12	143	0.971514
12	172	1.9
12	175	0.856247
13	30	1.34205
13	128	0.978469
13	131	0.970047
13	146	0.648237
13	147	0.983763
13	159	1.0116
13	161	0.965439
13	167	0.94522
13	171	0.937231
13	178	0.931907
13	179	0.92572
13	180	0.954437
14	6	0.159385
14	59	1.04399
14	97	1.10156
14	118	0.534207
14	119	1.04843
14	121	1.07522
14	123	1.10299
14	125	1.06008
14	134	2.85956
14	156	1.04247
14	166	1.0685
14	168	1.05365
15	54	0.817814
15	88	0.949281
15	138	1.02887
15	159	1.01104
15	161	0.964874
15	162	1.04837
15	167	0.944655
15	171	0.936666
15	177	0.95374
15	178	0.931342
15	179	0.925155
15	180	0.953872
16	26	0.917042
16	29	1.08889
16	60	1.05095
16	99	1.07854
16	108	1.13221
16	115	1.08029
16	124	0.922178
16	142	1.0901
16	143	1.07846
16	166	1.05734
16	172	1.34861
16	173	0.966942
17	8	0.180524
17	31	1.10998
17	32	1.10559
17	65	1.05838
17	75	1.09249
17	92	1.12032
17	100	2.53975
17	104	1.01759
17	106	0.376792
17	113	1.05004
17	166	1.07446
17	176	0.991553
18	84	2.19804
18	96	0.875444
18	119	0.876461
18	125	0.888116
18	148	0.921027
18	162	0.916802
18	163	0.922223
18	172	0.829462
18	174	0.821391
18	177	0.862904
18	179	0.834319
18	180	0.863036
19	59	1.02497
19	87	1.06135
19	90	1.04669
19	100	2.26025
19	121	1.0562
19	123	1.08396
19	125	1.04106
19	154	0.639025
19	156	1.02344
19	166	1.04948
19	168	1.03463
19	174	0.974335
19	177	0.57414
20	10	1.11379
20	24	1.09449
20	47	1.1223
20	55	1.0491
20	72	0.725622
20	101	1.04464
20	104	0.974061
20	113	1.00651
20	166	1.03094
20	168	1.01609
20	171	0.936005
20	173	1.88993
20	176	0.948028
21	4	0.896266
21	94	1.09673
21	134	0.81462
21	145	0.968735
21	146	0.972358
21	149	0.955796
21	151	0.967571
21	155	0.983524
21	157	0.980571
21	160	0.956613
21	162	0.954019
21	163	0.959441
21	171	1.98076
22	84	0.975501
22	92	0.999658
22	101	0.967503
22	121	0.905874
22	140	0.954423
22	142	0.986556
22	143	0.974918
22	151	1.15121
22	170	0.97656
22	176	0.870892
22	178	0.897769
22	179	0.891582
22	180	0.920299
23	56	1.03776
23	64	0.922701
23	79	0.979361
23	121	0.939799
23	125	0.924661
23	142	0.965839
23	143	0.954201
23	154	0.882854
23	155	0.982852
23	157	0.979899
23	163	0.958769
23	168	0.918234
23	179	2.09662
24	20	1.09449
24	45	1.0465
24	76	0.998724
24	92	1.09974
24	101	1.06759
24	104	0.997009
24	113	1.02946
24	134	2.51499
24	140	1.05451
24	168	1.03904
24	173	0.950938
24	176	0.970977
24	179	0.614348
25	35	0.977488
25	38	0.974311
25	49	0.935226
25	90	0.937605
25	105	0.956536
25	119	0.920317
25	121	0.947109
25	123	0.974876
25	125	0.931971
25	130	2.3864
25	152	0.745199
25	166	0.940395
25	168	0.925544
26	16	0.917042
26	97	0.987592
26	121	0.961245
26	123	0.989012
26	143	1.4246
26	155	1.0043
26	162	0.974794
26	163	0.980216
26	166	0.954532
26	172	0.887454
26	173	0.864131
26	179	0.892312
26	180	0.921028
27	93	1.25816
27	102	0.868107
27	106	0.9819
27	147	0.955706
27	152	0.987184
27	159	0.983545
27	161	0.937382
27	164	0.98991
27	171	0.909174
27	177	0.926248
27	178	0.90385
27	179	0.897664
27	180	0.92638
28	94	1.05957
28	112	1.0651
28	127	1.1133
28	129	1.01916
28	139	1.05284
28	145	1.04528
28	148	1.03479
28	151	1.04412
28	155	1.06007
28	157	1.05712
28	160	1.03316
28	162	1.03057
28	163	1.03599
29	16	1.08889
29	60	1.01549
29	67	1.06545
29	95	1.07841
29	108	1.09675
29	114	1.08558
29	115	1.04483
29	132	0.552946
29	142	1.05464
29	143	1.043
29	150	1.70065
29	166	1.02188
29	173	0.931481
30	5	1.03467
30	13	1.34205
30	84	0.965475
30	93	0.952548
30	94	1.45913
30	99	0.964975
30	102	0.962873
30	115	0.96672
30	142	0.97653
30	143	0.964892
30	156	0.917737
30	173	0.853376
30	176	0.860866
31	17	1.10998
31	32	1.05698
31	45	1.01847
31	57	0.993143
31	76	0.97069
31	96	0.947629
31	101	1.03955
31	113	1.00143
31	126	1.04613
31	138	0.466797
31	166	1.02585
31	168	1.011
31	173	2.24882
31	176	0.942942
32	17	1.10559
32	31	1.05698
32	39	1.04397
32	57	0.988753
32	65	1.00538
32	75	1.03949
32	76	0.9663
32	92	1.06732
32	113	0.997037
32	118	0.591329
32	150	1.39663
32	166	1.02146
32	174	1.61102
32	176	0.938553
33	114	1.8185
33	129	0.912406
33	133	0.92529
33	136	1.43948
33	139	0.946081
33	145	0.938526
33	146	0.942149
33	148	0.928036
33	151	0.937362
33	155	0.953315
33	157	0.950363
33	160	0.926404
33	162	0.923811
33	163	0.929232
34	63	0.898517
34	124	2.03593
34	129	0.937568
34	132	1.22673
34	135	0.94283
34	148	0.953198
34	149	0.950749
34	151	0.962524
34	154	0.878479
34	155	0.978477
34	160	0.951565
34	162	0.948972
34	163	0.954394
34	175	0.834559
35	25	0.977488
35	64	1.01704
35	87	1.0393
35	90	1.02464
35	105	1.04357
35	119	1.00735
35	121	1.03414
35	123	1.06191
35	125	1.019
35	166	1.02743
35	173	1.51791
35	174	0.952279
35	175	1.42549
35	179	0.807478
36	43	1.04586
36	86	1.05133
36	93	1.04567
36	99	1.0581
36	102	1.056
36	111	1.10451
36	115	1.05985
36	134	0.917764
36	143	1.05802
36	166	1.0369
36	168	1.22266
36	170	1.23762
36	175	0.94275
36	176	0.953991
37	74	1.00791
37	131	0.93644
37	138	0.995832
37	141	1.04559
37	150	0.889252
37	151	1.25814
37	165	0.931812
37	169	0.943384
37	170	0.977091
37	172	0.887256
37	177	0.920698
37	178	0.8983
37	179	0.892113
37	180	0.920829
38	25	0.974311
38	90	1.02146
38	97	1.05731
38	105	1.04039
38	119	1.00417
38	121	1.03096
38	123	1.05873
38	125	1.01583
38	126	0.659504
38	140	0.83805
38	141	1.03869
38	156	0.998212
38	174	0.949102
38	175	2.19696
39	32	1.04397
39	47	1.1042
39	57	0.98013
39	65	0.996759
39	76	0.957677
39	101	1.02654
39	104	0.955962
39	113	0.988414
39	140	1.01346
39	152	0.785682
39	166	1.01284
39	168	0.997989
39	169	1.12719
39	174	1.89194
39	176	0.92993
40	71	0.934818
40	82	1.02525
40	133	1.0089
40	135	1.00127
40	137	1.01575
40	144	1.60507
40	145	1.02213
40	146	1.02576
40	148	1.01164
40	149	1.00919
40	151	1.02097
40	157	1.03397
40	160	1.01001
40	162	1.00742
40	174	0.912006
41	5	0.768546
41	81	1.02007
41	106	1.04533
41	128	1.01384
41	144	0.976127
41	153	1.0285
41	155	0.757024
41	158	0.996404
41	159	1.04697
41	169	1.01236
41	171	0.9726
41	177	0.989674
41	178	0.967276
41	179	0.961089
41	180	0.989806
42	66	0.812085
42	86	0.941444
42	108	1.00188
42	121	1.1543
42	125	1.26772
42	142	0.959764
42	143	0.948127
42	155	0.976777
42	157	0.973825
42	160	0.949866
42	163	0.952695
42	177	0.893375
42	178	0.870977
42	179	0.864791
42	180	0.893507
43	36	1.04586
43	60	0.9929
43	79	1.04557
43	95	1.05583
43	99	1.0205
43	100	0.892294
43	102	1.01839
43	108	1.07416
43	142	1.03205
43	143	1.02041
43	147	1.06279
43	159	0.846599
43	174	1.90901
43	175	0.905145
43	176	0.916386
44	52	1.6031
44	66	0.843487
44	119	0.9936
44	127	0.985648
44	158	0.931508
44	161	0.935911
44	165	0.935892
44	167	0.915692
44	169	0.947464
44	170	0.981171
44	171	0.907703
44	172	0.891336
44	178	0.90238
44	179	0.896193
44	180	0.924909
45	9	1.0887
45	10	1.0658
45	24	1.0465
45	31	1.01847
45	47	1.07431
45	75	1.00098
45	76	0.927787
45	92	1.02881
45	104	0.926072
45	113	0.958524
45	154	1.33849
45	158	1.05357
45	168	0.968099
45	171	1.42824
45	176	0.900039
46	70	1.0492
46	84	1.02698
46	95	1.06181
46	102	1.02438
46	108	1.08014
46	116	0.892011
46	142	1.03803
46	143	1.0264
46	154	0.955048
46	156	0.979241
46	172	1.69907
46	173	0.914879
46	175	0.911128
46	176	0.922369
46	177	1.2231
47	20	1.1223
47	39	1.1042
47	45	1.07431
47	57	1.04899
47	76	1.02653
47	101	1.0954
47	104	1.02482
47	113	1.05727
47	126	1.10198
47	131	0.776269
47	154	0.958301
47	166	1.0817
47	168	1.06685
47	169	0.731101
47	175	1.90955
47	176	0.998787
48	71	0.907884
48	128	1.23917
48	135	0.97434
48	139	1.00275
48	145	0.995198
48	146	0.998821
48	148	0.984708
48	149	0.982259
48	151	0.994034
48	155	1.00999
48	157	1.00703
48	159	1.1476
48	160	0.983076
48	162	0.980483
48	163	0.985905
48	167	1.60698
49	6	1.36506
49	25	0.935226
49	64	0.974782
49	70	1.02908
49	97	1.01823
49	105	1.00131
49	119	0.965087
49	121	0.991879
49	123	1.01965
49	125	0.976742
49	141	0.999607
49	153	0.922233
49	154	1.45751
49	166	0.985165
49	168	0.970314
49	174	0.910017
50	55	0.906977
50	122	0.972939
50	133	0.988449
50	135	0.980827
50	136	0.992939
50	145	1.00169
50	146	1.00531
50	149	0.988745
50	151	1.00052
50	155	1.01647
50	157	1.01352
50	160	0.989562
50	162	0.986969
50	163	0.992391
50	175	0.872556
50	176	1.92183
51	60	1.09404
51	120	0.792913
51	131	0.999098
51	144	0.969809
51	153	1.02218
51	158	0.990086
51	161	0.994489
51	163	0.609849
51	165	0.99447
51	167	0.97427
51	169	1.00604
51	171	0.966282
51	177	0.983356
51	178	0.960958
51	179	0.954771
51	180	0.983487
52	44	1.6031
52	103	0.894368
52	122	0.901487
52	129	0.904114
52	133	0.916998
52	139	0.937789
52	145	0.930234
52	146	0.933857
52	148	0.919743
52	149	0.917294
52	151	0.929069
52	155	0.945023
52	157	0.94207
52	160	0.918111
52	168	1.83569
52	173	0.804856
53	1	1.25559
53	80	0.817744
53	97	0.631749
53	117	0.974877
53	132	1.04836
53	150	0.946818
53	153	1.01708
53	159	1.03556
53	164	1.04193
53	167	0.969178
53	171	0.961189
53	172	0.944821
53	177	0.978263
53	178	0.955865
53	179	0.949678
53	180	0.978395
54	15	0.817814
54	109	0.98665
54	129	0.996354
54	134	0.868359
54	135	1.00162
54	146	1.0261
54	149	1.00953
54	155	1.03726
54	157	1.03431
54	160	1.01035
54	162	1.00776
54	163	1.01318
54	167	1.21594
54	172	1.69251
54	173	0.897096
54	174	0.912348
55	20	1.0491
55	50	0.906977
55	86	1.02293
55	87	1.02555
55	104	0.951618
55	113	0.98407
55	115	1.03144
55	143	1.02961
55	146	0.802714
55	152	1.0358
55	169	0.997548
55	175	0.914345
55	176	0.925586
55	178	0.952463
55	179	0.946277
55	180	0.974993
56	23	1.03776
56	86	0.777194
56	127	1.03734
56	135	0.857222
56	152	1.03741
56	158	0.983202
56	159	1.03377
56	165	0.987587
56	167	0.967386
56	169	0.999159
56	171	0.959398
56	172	0.94303
56	177	0.976472
56	178	0.954074
56	179	0.947887
56	180	0.976604
57	9	1.06338
57	31	0.993143
57	32	0.988753
57	39	0.98013
57	47	1.04899
57	65	0.941544
57	75	0.975655
57	92	1.00348
57	101	0.971325
57	104	0.900746
57	112	0.921973
57	113	0.933199
57	126	0.977904
57	144	1.49678
57	154	1.71072
57	166	0.957625
57	176	0.874714
58	3	0.923311
58	80	0.963724
58	82	1.27796
58	103	0.959547
58	106	1.31852
58	109	0.959587
58	133	0.982176
58	136	1.40079
58	139	1.00297
58	149	0.982473
58	151	0.994248
58	155	1.0102
58	157	1.00725
58	160	0.98329
58	162	0.980696
58	163	0.986118
58	173	0.870034
59	14	1.04399
59	19	1.02497
59	64	0.955441
59	87	0.977693
59	105	0.981966
59	111	1.08087
59	119	0.945746
59	121	0.972538
59	123	1.00031
59	125	0.957401
59	141	0.980266
59	147	1.40798
59	154	1.71665
59	156	0.939786
59	166	0.965825
59	168	0.950974
59	174	0.890676
60	16	1.05095
60	29	1.01549
60	43	0.9929
60	51	1.09404
60	93	0.99271
60	99	1.00514
60	100	0.876936
60	115	1.00688
60	132	1.20013
60	140	1.61702
60	142	1.01669
60	143	1.00505
60	156	0.9579
60	166	0.983938
60	173	0.893538
60	175	0.889787
60	176	0.901028
61	9	0.916227
61	104	1.0805
61	118	1.05
61	136	1.01099
61	150	0.955747
61	158	0.993923
61	160	0.752297
61	161	0.998326
61	170	1.04359
61	171	0.970118
61	172	0.95375
61	173	0.930427
61	177	0.987192
61	178	0.964794
61	179	0.958607
61	180	0.987324
62	95	0.854726
62	107	0.742473
62	108	0.873062
62	117	0.761176
62	142	0.830951
62	143	0.819313
62	146	0.836798
62	147	0.794019
62	155	0.847964
62	157	0.845011
62	163	0.823881
62	164	0.828224
62	170	0.820955
62	173	0.707797
62	178	0.742164
62	179	0.735977
62	180	0.764694
63	34	0.898517
63	109	0.959295
63	129	0.968999
63	133	0.981884
63	135	0.974261
63	145	0.99512
63	146	0.998742
63	147	1.2535
63	149	0.98218
63	150	1.88533
63	155	1.00991
63	157	1.00696
63	159	1.03731
63	160	0.982997
63	162	0.980404
63	163	0.985826
63	174	0.884993
64	23	0.922701
64	35	1.01704
64	49	0.974782
64	59	0.955441
64	87	0.99182
64	90	0.977162
64	105	0.996093
64	111	0.791187
64	119	0.959873
64	121	0.986665
64	123	1.01443
64	125	0.971528
64	130	2.49945
64	156	0.953913
64	168	0.9651
64	170	0.924301
64	174	0.904803
65	17	1.05838
65	32	1.00538
65	39	0.996759
65	57	0.941544
65	75	0.992284
65	76	0.91909
65	92	1.02011
65	101	0.987954
65	104	0.917375
65	113	0.949828
65	140	0.974874
65	156	1.08343
65	166	0.974254
65	168	0.959403
65	170	0.860316
65	175	2.31423
65	176	0.891343
66	6	0.874542
66	42	0.812085
66	44	0.843487
66	76	3.07014
66	144	0.828228
66	147	0.871231
66	153	0.880595
66	158	0.848504
66	164	0.905436
66	165	0.852889
66	167	0.832688
66	170	0.898167
66	171	0.8247
66	172	0.808332
66	177	0.841774
66	178	0.819376
66	179	0.813189
66	180	0.841906
67	11	1.01607
67	29	1.06545
67	70	1.07782
67	88	1.10137
67	95	1.09043
67	102	1.053
67	115	1.05684
67	130	0.917647
67	141	1.04834
67	142	1.06665
67	143	1.05502
67	154	0.983669
67	164	0.708511
67	166	1.0339
67	171	1.30194
67	175	0.939749
67	176	0.950989
67	179	1.54544
68	108	0.578231
68	114	1.02466
68	142	0.580477
68	144	1.00758
68	145	0.666894
68	148	0.790374
68	150	0.989685
68	153	1.05995
68	158	1.02786
68	159	1.07843
68	164	1.08479
68	165	1.03225
68	170	1.07752
68	176	0.971855
68	177	1.02113
68	178	0.998733
68	179	0.992546
68	180	1.02126
69	98	0.490891
69	103	1.01083
69	120	1.01092
69	133	1.03346
69	139	1.05426
69	145	1.0467
69	146	1.05032
69	148	1.03621
69	149	1.03376
69	150	1.51677
69	151	1.04554
69	155	1.06149
69	160	1.03458
69	162	1.03198
69	163	1.03741
69	175	0.917571
69	176	1.45156
69	180	1.17077
70	46	1.0492
70	49	1.02908
70	67	1.07782
70	71	1.03852
70	119	1.01417
70	122	0.646455
70	123	1.06873
70	125	1.02583
70	135	0.561355
70	142	1.067
70	143	1.05537
70	156	1.00821
70	157	0.424829
70	165	1.01173
70	169	1.0233
70	177	1.00062
70	179	0.97203
70	180	1.00075
71	40	0.934818
71	48	0.907884
71	70	1.03852
71	110	1.26671
71	120	0.937195
71	135	0.952118
71	139	0.980531
71	145	0.972976
71	146	0.976599
71	148	0.962486
71	149	0.960037
71	151	0.971812
71	155	0.987765
71	157	0.984813
71	160	0.960854
71	162	0.958261
71	163	0.963682
71	165	1.72681
72	7	0.943093
72	20	0.725622
72	87	0.984424
72	95	1.45053
72	113	0.884465
72	121	0.979269
72	123	1.00704
72	125	0.964132
72	128	0.963084
72	157	1.01937
72	160	0.995411
72	162	0.992817
72	170	0.995313
72	175	0.878404
72	177	0.93892
72	178	0.916522
72	179	0.910335
72	180	0.939052
73	80	1.01029
73	81	0.998323
73	89	1.91536
73	122	1.01323
73	129	1.01585
73	133	1.02874
73	145	1.04197
73	146	1.0456
73	148	1.03148
73	149	1.02904
73	151	1.04081
73	157	1.05381
73	160	1.02985
73	161	0.94507
73	162	1.02726
73	163	1.03268
73	164	0.633244
73	180	1.11409
74	37	1.00791
74	87	0.9423
74	105	0.558483
74	114	1.01381
74	128	1.03444
74	144	0.996733
74	152	1.07121
74	157	0.606161
74	158	1.01701
74	160	0.724192
74	161	1.02141
74	169	1.03297
74	170	1.06667
74	171	0.993205
74	173	0.953514
74	177	1.01028
74	178	0.987881
74	179	0.981695
74	180	1.01041
75	9	1.11412
75	10	1.09121
75	17	1.09249
75	32	1.03949
75	45	1.00098
75	57	0.975655
75	65	0.992284
75	76	0.953201
75	92	1.05422
75	96	1.14397
75	101	1.02207
75	104	0.951486
75	113	0.983939
75	144	1.18756
75	165	1.0683
75	166	1.00836
75	168	0.993514
75	176	0.925454
75	180	1.37866
76	9	1.04092
76	24	0.998724
76	31	0.97069
76	32	0.9663
76	39	0.957677
76	45	0.927787
76	47	1.02653
76	65	0.91909
76	66	3.07014
76	75	0.953201
76	92	0.981027
76	101	0.948872
76	104	0.878293
76	113	0.910746
76	140	0.935792
76	168	0.920321
76	175	0.944366
76	176	0.852261
76	180	0.394949
77	88	1.46802
77	94	0.784567
77	120	0.9886
77	122	0.995635
77	126	0.992647
77	135	1.00352
77	139	1.03194
77	140	0.990023
77	141	1.00384
77	145	1.02438
77	146	1.028
77	148	1.01389
77	149	1.01144
77	151	1.02322
77	155	1.03917
77	160	1.01226
77	162	1.00967
77	163	1.01509
77	180	1.55601
78	6	1.03916
78	87	1.01314
78	106	1.06205
78	115	0.560913
78	116	1.02715
78	136	1.03019
78	141	0.582055
78	150	0.974949
78	155	0.640116
78	161	1.01753
78	165	1.01751
78	167	0.99731
78	169	1.02908
78	170	1.06279
78	172	0.972953
78	177	1.00639
78	178	0.983997
78	179	0.97781
78	180	1.00653
79	11	1.01879
79	12	0.996674
79	23	0.979361
79	43	1.04557
79	86	1.05104
79	102	1.05571
79	107	1.64763
79	126	1.05689
79	130	0.920358
79	141	1.05105
79	142	1.06936
79	143	1.05773
79	153	0.898529
79	165	1.10061
79	166	1.03661
79	169	1.20661
79	173	0.946211
79	175	0.94246
79	176	0.9537
80	53	0.817744
80	58	0.963724
80	73	1.01029
80	120	0.992822
80	122	0.999857
80	129	1.00248
80	133	1.01537
80	138	0.93997
80	145	1.0286
80	148	1.01811
80	149	1.01566
80	151	1.02744
80	153	1.14304
80	155	1.04339
80	157	1.04044
80	160	1.01648
80	162	1.01389
80	163	1.01931
80	180	1.65548
81	41	1.02007
81	73	0.998323
81	120	0.980858
81	124	1.65712
81	129	0.990519
81	133	1.0034
81	135	0.995781
81	137	0.869211
81	139	1.02419
81	145	1.01664
81	146	1.02026
81	148	1.00615
81	149	1.0037
81	151	1.01548
81	157	1.02848
81	160	1.00452
81	162	1.00192
81	163	1.00735
81	168	1.15484
81	174	0.906513
82	40	1.02525
82	58	1.27796
82	92	0.434367
82	116	1.01028
82	126	1.04344
82	137	1.06339
82	144	0.97598
82	150	0.958081
82	161	1.00066
82	162	0.718222
82	164	1.05319
82	165	1.00064
82	169	1.01221
82	170	1.04592
82	171	0.972452
82	172	0.956084
82	177	0.989526
82	178	0.967128
82	179	0.960942
82	180	0.989658
83	4	1.56246
83	100	0.859336
83	112	1.02492
83	133	0.93501
83	150	0.901258
83	152	0.993639
83	154	0.916108
83	157	1.0048
83	158	0.939434
83	159	0.99
83	161	0.943837
83	164	0.996365
83	167	0.923618
83	170	0.989097
83	171	0.915629
83	172	0.899261
83	177	0.932703
83	178	0.910305
83	179	0.904119
83	180	0.932835
84	18	2.19804
84	22	0.975501
84	30	0.965475
84	46	1.02698
84	91	0.957162
84	93	1.0208
84	95	1.06856
84	99	1.03323
84	102	1.03113
84	108	1.0869
84	115	1.03498
84	126	1.03231
84	127	0.521804
84	142	1.04479
84	147	0.953682
84	154	0.961803
84	169	1.03515
84	173	0.921633
84	175	0.917882
84	176	0.929123
85	11	1.35238
85	94	1.03265
85	102	0.434816
85	138	1.067
85	148	0.816562
85	150	0.960418
85	152	1.0528
85	159	1.04916
85	160	0.71219
85	161	1.003
85	167	0.982778
85	169	1.01455
85	170	1.04826
85	171	0.97479
85	172	0.958422
85	175	0.931348
85	177	0.991864
85	178	0.969466
85	179	0.963279
85	180	0.991996
86	12	0.964831
86	36	1.05133
86	42	0.941444
86	55	1.02293
86	56	0.777194
86	79	1.05104
86	91	0.949896
86	93	1.01354
86	95	1.0613
86	99	1.02597
86	102	1.02386
86	126	1.02505
86	142	1.03752
86	143	1.02588
86	156	0.978729
86	168	0.985184
86	170	1.00015
86	174	2.04036
86	175	0.910617
86	176	0.921857
87	7	0.972741
87	19	1.06135
87	35	1.0393
87	55	1.02555
87	59	0.977693
87	64	0.99182
87	72	0.984424
87	74	0.9423
87	78	1.01314
87	90	0.999414
87	97	1.03526
87	105	1.01834
87	119	0.982125
87	123	1.03668
87	125	0.99378
87	156	0.976165
87	166	1.0022
87	168	0.987352
87	170	1.27979
87	174	0.927055
88	15	0.949281
88	67	1.10137
88	77	1.46802
88	129	1.36236
88	136	0.942399
88	147	0.948063
88	152	0.979541
88	153	0.957427
88	158	0.925336
88	159	0.975903
88	161	0.929739
88	164	0.982268
88	165	0.92972
88	167	0.90952
88	170	0.974999
88	171	0.901532
88	175	0.85809
88	177	0.918606
88	178	0.896208
88	179	0.890021
88	180	0.918737
89	73	1.91536
89	102	2.06539
89	124	0.877771
89	134	0.803983
89	144	0.875939
89	147	0.918942
89	150	0.858039
89	156	0.897081
89	158	0.896215
89	159	0.946782
89	165	0.9006
89	167	0.880399
89	168	0.908269
89	170	0.945878
89	171	0.872411
89	172	0.856043
89	173	0.83272
89	177	0.889485
89	178	0.867087
89	179	0.8609
89	180	0.889617
90	7	0.958082
90	19	1.04669
90	25	0.937605
90	35	1.02464
90	38	1.02146
90	64	0.977162
90	87	0.999414
90	97	1.02061
90	105	1.00369
90	119	0.967467
90	121	0.994259
90	123	1.02203
90	125	0.979122
90	126	1.07541
90	138	0.923265
90	154	1.66162
90	156	0.961506
90	166	0.987545
90	167	1.59614
90	168	0.972694
90	174	0.912396
91	84	0.957162
91	86	0.949896
91	93	0.944234
91	98	0.98253
91	101	0.887595
91	105	0.951604
91	108	1.01033
91	119	0.915385
91	121	0.942177
91	123	0.969944
91	125	0.92704
91	129	1.2431
91	136	0.925622
91	142	0.968217
91	143	0.956579
91	149	1.22558
91	150	0.870382
91	177	0.901828
91	178	0.87943
91	179	0.873243
91	180	0.90196
92	10	1.11904
92	17	1.12032
92	22	0.999658
92	24	1.09974
92	32	1.06732
92	45	1.02881
92	57	1.00348
92	65	1.02011
92	75	1.05422
92	76	0.981027
92	82	0.434367
92	101	1.04989
92	104	0.979312
92	113	1.01176
92	114	0.936206
92	117	1.56369
92	140	1.03681
92	166	1.03619
92	168	1.02134
92	169	1.00092
92	176	0.953279
92	179	1.56136
93	11	0.981281
93	27	1.25816
93	30	0.952548
93	36	1.04567
93	60	0.99271
93	84	1.0208
93	86	1.01354
93	91	0.944234
93	99	1.02031
93	100	0.892104
93	134	0.879969
93	141	1.01355
93	142	1.03186
93	143	1.02022
93	154	0.948875
93	156	0.973067
93	159	1.15215
93	166	0.999106
93	170	1.17435
93	173	0.908706
93	176	0.916196
93	177	1.61213
94	21	1.09673
94	28	1.05957
94	30	1.45913
94	77	0.784567
94	85	1.03265
94	98	1.04456
94	128	0.988019
94	144	0.950308
94	150	0.932409
94	152	1.02479
94	161	0.974988
94	164	1.02752
94	165	0.974969
94	167	0.954769
94	169	0.986541
94	170	1.02025
94	171	0.94678
94	172	0.930413
94	177	0.963854
94	178	0.941457
94	179	0.93527
94	180	0.963986
95	5	1.13776
95	12	1.00693
95	29	1.07841
95	43	1.05583
95	46	1.06181
95	62	0.854726
95	67	1.09043
95	72	1.45053
95	84	1.06856
95	86	1.0613
95	110	0.777876
95	115	1.06981
95	130	0.930612
95	132	0.746619
95	134	0.927727
95	142	1.07962
95	152	1.00246
95	156	1.02083
95	166	1.04686
95	173	0.956464
95	175	0.952713
95	176	0.963954
95	180	1.54833
96	5	1.16342
96	18	0.875444
96	31	0.947629
96	75	1.14397
96	97	1.0023
96	111	0.985053
96	115	1.0727
96	119	0.949161
96	121	0.975953
96	123	1.00372
96	125	0.960816
96	139	1.01177
96	146	1.00784
96	148	0.993727
96	153	0.974426
96	157	1.01605
96	160	0.992095
96	162	0.989501
96	165	0.946719
96	168	0.954388
96	177	0.935604
96	179	0.907019
96	180	0.935736
97	7	0.993932
97	14	1.10156
97	26	0.987592
97	38	1.05731
97	49	1.01823
97	53	0.631749
97	87	1.03526
97	90	1.02061
97	96	1.0023
97	105	1.03954
97	116	1.09635
97	117	1.82789
97	119	1.00332
97	121	1.03011
97	123	1.05788
97	125	1.01497
97	141	1.03784
97	156	0.997356
97	164	0.988639
97	165	1.15913
97	166	1.02339
97	168	1.00854
97	174	0.948246
98	69	0.490891
98	91	0.98253
98	94	1.04456
98	109	0.816854
98	126	1.05768
98	138	1.0789
98	144	0.99022
98	148	0.965996
98	152	1.0647
98	153	1.04259
98	158	1.0105
98	161	1.0149
98	162	0.809264
98	165	1.01488
98	166	0.681794
98	167	0.994681
98	169	1.02645
98	171	0.986692
98	172	0.970324
98	173	0.947001
98	177	1.00377
98	178	0.981368
98	179	0.975182
98	180	1.0039
99	11	0.993709
99	16	1.07854
99	30	0.964975
99	36	1.0581
99	43	1.0205
99	60	1.00514
99	84	1.03323
99	86	1.02597
99	93	1.02031
99	102	1.03063
99	108	1.0864
99	115	1.03448
99	128	0.9574
99	130	0.895281
99	131	1.20866
99	140	0.983035
99	141	1.02598
99	142	1.04429
99	143	1.03265
99	156	0.985495
99	158	1.10577
99	174	1.92824
99	175	0.917383
99	176	0.928623
100	17	2.53975
100	19	2.26025
100	43	0.892294
100	60	0.876936
100	83	0.859336
100	93	0.892104
100	134	0.764195
100	142	0.916086
100	143	0.904448
100	145	0.91831
100	146	0.921933
100	152	0.910633
100	156	0.857294
100	158	0.856428
100	160	0.906188
100	162	0.903595
100	163	0.909016
100	165	0.860812
100	170	0.90609
100	172	0.816255
100	174	0.808184
100	177	0.849697
100	179	0.821112
100	180	0.849829
101	10	1.08688
101	20	1.04464
101	22	0.967503
101	24	1.06759
101	31	1.03955
101	39	1.02654
101	47	1.0954
101	57	0.971325
101	65	0.987954
101	75	1.02207
101	76	0.948872
101	91	0.887595
101	92	1.04989
101	104	0.947157
101	113	0.979609
101	126	1.02431
101	140	1.00466
101	154	1.11768
101	159	0.592824
101	166	1.00404
101	168	0.989184
101	173	2.16136
101	176	0.921125
101	178	1.21684
102	12	0.969494
102	27	0.868107
102	30	0.962873
102	36	1.056
102	43	1.01839
102	46	1.02438
102	67	1.053
102	79	1.05571
102	84	1.03113
102	85	0.434816
102	86	1.02386
102	89	2.06539
102	99	1.03063
102	108	1.0843
102	115	1.03238
102	130	0.893179
102	141	1.02387
102	142	1.04219
102	143	1.03055
102	152	0.718254
102	166	1.00943
102	175	0.91528
102	176	0.926521
102	177	1.22208
103	52	0.894368
103	58	0.959547
103	69	1.01083
103	120	0.988644
103	122	0.995679
103	129	0.998305
103	133	1.01119
103	135	1.00357
103	139	1.03198
103	145	1.02443
103	146	1.02805
103	147	1.20402
103	148	1.01393
103	149	1.01149
103	151	1.02326
103	152	0.943977
103	155	1.03921
103	157	1.03626
103	160	1.0123
103	162	1.00971
103	163	1.01513
103	165	1.17949
103	170	1.01003
103	172	1.92377
103	175	0.895296
104	9	1.03921
104	10	1.0163
104	17	1.01759
104	20	0.974061
104	24	0.997009
104	39	0.955962
104	45	0.926072
104	47	1.02482
104	55	0.951618
104	57	0.900746
104	61	1.0805
104	65	0.917375
104	75	0.951486
104	76	0.878293
104	92	0.979312
104	101	0.947157
104	113	0.90903
104	126	0.953735
104	132	1.068
104	140	0.934077
104	153	1.35727
104	166	0.933457
104	168	0.918605
104	176	0.850546
104	179	2.22578
105	7	0.977013
105	25	0.956536
105	35	1.04357
105	38	1.04039
105	49	1.00131
105	59	0.981966
105	64	0.996093
105	74	0.558483
105	87	1.01834
105	90	1.00369
105	91	0.951604
105	97	1.03954
105	119	0.986397
105	121	1.01319
105	123	1.04096
105	125	0.998052
105	140	0.990973
105	141	1.02092
105	150	1.72179
105	156	0.980437
105	158	1.1137
105	166	1.00648
105	168	0.991625
105	174	0.931327
105	176	1.65659
106	17	0.376792
106	27	0.9819
106	41	1.04533
106	58	1.31852
106	78	1.06205
106	120	0.970358
106	122	0.914737
106	132	1.04882
106	138	1.05385
106	142	0.705615
106	147	1.00817
106	150	0.947271
106	153	1.01754
106	158	0.985447
106	159	1.03601
106	161	0.98985
106	164	1.04238
106	165	0.989831
106	167	0.969631
106	169	1.0014
106	172	0.945274
106	177	0.978716
106	178	0.956318
106	179	0.950131
106	180	0.978848
107	62	0.742473
107	79	1.64763
107	110	0.961515
107	113	1.21892
107	116	0.921727
107	137	0.974842
107	147	0.930433
107	150	0.86953
107	152	0.961911
107	158	0.907706
107	159	0.958273
107	161	0.912109
107	163	1.75431
107	164	0.964638
107	165	0.91209
107	167	0.89189
107	169	0.923662
107	170	0.957369
107	171	0.883901
107	173	0.84421
107	174	0.859462
107	176	0.8517
107	177	0.900975
107	178	0.878578
107	179	0.872391
107	180	0.901107
108	5	1.15609
108	8	0.71857
108	16	1.13221
108	29	1.09675
108	42	1.00188
108	43	1.07416
108	46	1.08014
108	62	0.873062
108	68	0.578231
108	84	1.0869
108	91	1.01033
108	99	1.0864
108	102	1.0843
108	112	0.667823
108	115	1.08814
108	130	0.948947
108	134	0.946062
108	140	1.04891
108	143	1.08632
108	154	1.01497
108	166	1.0652
108	173	0.974799
108	175	0.971048
108	176	0.982289
108	179	1.78981
108	180	1.43373
109	54	0.98665
109	58	0.959587
109	63	0.959295
109	98	0.816854
109	117	1.85513
109	120	0.988685
109	122	0.99572
109	128	1.08628
109	129	0.998346
109	130	0.873236
109	133	1.01123
109	135	1.00361
109	139	1.03202
109	145	1.02447
109	148	1.01398
109	149	1.01153
109	151	1.0233
109	155	1.03925
109	156	1.24003
109	157	1.0363
109	160	1.01234
109	161	1.32771
109	162	1.00975
109	163	1.01517
109	173	0.899088
109	175	0.895337
110	9	0.934978
110	11	1.41123
110	71	1.26671
110	95	0.777876
110	107	0.961515
110	115	0.536925
110	131	0.999346
110	132	1.0537
110	136	1.0074
110	137	1.05747
110	144	0.970057
110	150	0.952158
110	153	1.02243
110	156	0.9912
110	158	0.990334
110	159	1.0409
110	161	0.994737
110	165	0.994718
110	169	1.00629
110	171	0.966529
110	172	0.950162
110	174	0.94209
110	177	0.983604
110	178	0.961206
110	179	0.955019
110	180	0.983735
111	36	1.10451
111	59	1.08087
111	64	0.791187
111	96	0.985053
111	118	1.03533
111	128	0.996678
111	131	0.988255
111	135	0.94706
111	136	0.996307
111	140	1.00677
111	147	1.00197
111	152	1.03345
111	153	1.01133
111	155	0.773645
111	158	0.979244
111	159	1.02981
111	161	0.983647
111	164	1.03618
111	167	0.963428
111	170	1.02891
111	171	0.955439
111	175	0.911997
111	177	0.972513
111	178	0.950115
111	179	0.943928
111	180	0.972645
112	28	1.0651
112	57	0.921973
112	83	1.02492
112	108	0.667823
112	131	1.03103
112	137	1.08915
112	138	1.09042
112	139	0.586643
112	143	0.656335
112	145	0.756486
112	152	1.07622
112	153	1.05411
112	154	0.99869
112	158	1.02202
112	161	1.02642
112	164	1.07895
112	165	1.0264
112	167	1.0062
112	169	1.03797
112	170	1.07168
112	171	0.998212
112	172	0.981844
112	175	0.95477
112	177	1.01529
112	178	0.992888
112	179	0.986701
112	180	1.01542
113	9	1.07166
113	17	1.05004
113	20	1.00651
113	24	1.02946
113	31	1.00143
113	32	0.997037
113	39	0.988414
113	45	0.958524
113	47	1.05727
113	55	0.98407
113	57	0.933199
113	65	0.949828
113	72	0.884465
113	75	0.983939
113	76	0.910746
113	92	1.01176
113	101	0.979609
113	104	0.90903
113	107	1.21892
113	126	0.986188
113	140	0.966529
113	161	0.813245
113	166	0.965909
113	168	0.951058
113	172	1.41619
113	175	1.95635
113	176	0.882998
114	29	1.08558
114	33	1.8185
114	68	1.02466
114	74	1.01381
114	92	0.936206
114	116	0.947348
114	118	0.989408
114	136	0.950389
114	138	1.00173
114	144	0.913049
114	150	0.89515
114	152	0.987531
114	153	0.965417
114	158	0.933326
114	159	0.983893
114	166	1.09259
114	167	0.91751
114	169	0.949283
114	170	0.982989
114	171	0.909522
114	172	0.893154
114	176	0.87732
114	177	0.926596
114	178	0.904198
114	179	0.898011
114	180	0.926728
115	12	0.973342
115	16	1.08029
115	29	1.04483
115	30	0.96672
115	36	1.05985
115	55	1.03144
115	60	1.00688
115	67	1.05684
115	78	0.560913
115	84	1.03498
115	95	1.06981
115	96	1.0727
115	99	1.03448
115	102	1.03238
115	108	1.08814
115	110	0.536925
115	126	1.03356
115	141	1.02772
115	142	1.04603
115	143	1.03439
115	154	0.963048
115	161	1.13836
115	166	1.01328
115	173	0.922879
115	174	1.86777
115	175	0.919128
115	176	0.930368
115	177	1.26533
116	46	0.892011
116	78	1.02715
116	82	1.01028
116	97	1.09635
116	107	0.921727
116	114	0.947348
116	117	0.94043
116	118	1.00663
116	125	1.03602
116	127	1.00469
116	132	1.01392
116	137	1.01768
116	138	1.01895
116	139	0.979417
116	152	1.00475
116	153	0.982638
116	159	1.00111
116	165	0.954931
116	166	0.988537
116	167	0.934731
116	169	0.966503
116	170	1.00021
116	171	0.926742
116	172	0.910374
116	173	0.887051
116	177	0.943816
116	178	0.921418
116	179	0.915232
116	180	0.943948
117	10	0.353296
117	53	0.974877
117	62	0.761176
117	92	1.56369
117	97	1.82789
117	109	1.85513
117	116	0.94043
117	124	0.907964
117	132	0.989777
117	136	0.943472
117	140	0.953933
117	147	0.949136
117	152	0.980613
117	153	0.9585
117	158	0.926409
117	159	0.976975
117	161	0.930812
117	164	0.98334
117	165	0.930793
117	167	0.910593
117	168	0.938462
117	169	0.942365
117	170	0.976071
117	171	0.902604
117	172	0.886236
117	178	0.89728
117	179	0.891093
117	180	0.91981
118	12	1.00678
118	14	0.534207
118	32	0.591329
118	61	1.05
118	111	1.03533
118	114	0.989408
118	116	1.00663
118	127	1.04675
118	131	1.00162
118	136	1.00967
118	137	1.05974
118	139	0.893247
118	145	1.06309
118	147	1.01533
118	149	0.973527
118	152	1.04681
118	153	1.0247
118	154	0.969281
118	158	0.992607
118	161	0.997011
118	164	1.04954
118	165	0.996992
118	169	1.00856
118	170	1.04227
118	172	0.952435
118	177	0.985877
118	178	0.963479
118	179	0.957292
118	180	0.986009
119	7	0.940794
119	14	1.04843
119	18	0.876461
119	25	0.920317
119	35	1.00735
119	38	1.00417
119	44	0.9936
119	49	0.965087
119	59	0.945746
119	64	0.959873
119	70	1.01417
119	87	0.982125
119	90	0.967467
119	91	0.915385
119	96	0.949161
119	97	1.00332
119	105	0.986397
119	121	0.97697
119	123	1.00474
119	125	0.961833
119	126	1.15761
119	137	0.940556
119	138	1.00546
119	141	0.984698
119	156	0.944218
119	166	0.970256
119	168	0.955405
119	173	2.78748
119	174	0.895108
120	4	0.95204
120	51	0.792913
120	69	1.01092
120	71	0.937195
120	77	0.9886
120	80	0.992822
120	81	0.980858
120	103	0.988644
120	106	0.970358
120	109	0.988685
120	129	0.998389
120	133	1.01127
120	135	1.00365
120	139	1.03206
120	141	1.00397
120	145	1.02451
120	146	1.02813
120	148	1.01402
120	149	1.01157
120	151	1.02335
120	155	1.0393
120	156	1.44401
120	157	1.03635
120	159	1.1987
120	160	1.01239
120	162	1.00979
120	163	1.01522
120	165	1.39036
120	168	1.20593
120	173	0.899131
121	7	0.967586
121	14	1.07522
121	19	1.0562
121	22	0.905874
121	23	0.939799
121	25	0.947109
121	26	0.961245
121	35	1.03414
121	38	1.03096
121	42	1.1543
121	49	0.991879
121	59	0.972538
121	64	0.986665
121	72	0.979269
121	90	0.994259
121	91	0.942177
121	96	0.975953
121	97	1.03011
121	105	1.01319
121	119	0.97697
121	123	1.03153
121	125	0.988625
121	141	1.01149
121	156	0.97101
121	159	0.793714
121	164	0.814888
121	166	0.997049
121	168	0.982198
121	171	1.40832
121	174	0.9219
121	175	2.26982
122	1	0.939138
122	3	0.959444
122	50	0.972939
122	52	0.901487
122	70	0.646455
122	73	1.01323
122	77	0.995635
122	80	0.999857
122	103	0.995679
122	106	0.914737
122	109	0.99572
122	129	1.00542
122	134	0.877429
122	135	1.01069
122	138	0.929585
122	139	1.0391
122	145	1.03154
122	146	1.03517
122	148	1.02105
122	149	1.01861
122	151	1.03038
122	152	1.09922
122	155	1.04633
122	157	1.04338
122	160	1.01942
122	162	1.01683
122	163	1.02225
122	167	1.60245
122	173	0.906166
122	175	0.902415
122	179	2.00118
123	7	0.995353
123	14	1.10299
123	19	1.08396
123	25	0.974876
123	26	0.989012
123	35	1.06191
123	38	1.05873
123	49	1.01965
123	59	1.00031
123	64	1.01443
123	70	1.06873
123	72	1.00704
123	87	1.03668
123	90	1.02203
123	91	0.969944
123	96	1.00372
123	97	1.05788
123	105	1.04096
123	119	1.00474
123	121	1.03153
123	125	1.01639
123	126	0.655448
123	130	2.31414
123	131	1.05962
123	140	0.833994
123	141	1.03926
123	166	1.02482
123	167	1.17617
123	168	1.00996
123	170	0.738991
123	174	0.949667
123	176	1.49961
124	16	0.922178
124	34	2.03593
124	81	1.65712
124	89	0.877771
124	117	0.907964
124	127	0.972221
124	128	0.935515
124	131	0.927093
124	137	0.985217
124	141	1.33601
124	144	0.897804
124	147	0.940808
124	150	0.879905
124	152	0.972286
124	153	0.950172
124	158	0.918081
124	159	0.968648
124	164	0.975013
124	167	0.902265
124	168	0.930135
124	169	0.934038
124	170	0.967744
124	171	0.894277
124	172	0.877909
124	173	0.854586
124	175	0.850835
124	176	0.862075
124	177	0.911351
124	178	0.888953
124	179	0.882766
124	180	0.911483
125	7	0.952449
125	14	1.06008
125	18	0.888116
125	19	1.04106
125	23	0.924661
125	25	0.931971
125	35	1.019
125	38	1.01583
125	42	1.26772
125	49	0.976742
125	59	0.957401
125	64	0.971528
125	70	1.02583
125	72	0.964132
125	87	0.99378
125	90	0.979122
125	91	0.92704
125	96	0.960816
125	97	1.01497
125	105	0.998052
125	116	1.03602
125	119	0.961833
125	121	0.988625
125	123	1.01639
125	131	1.24996
125	141	0.996353
125	153	0.896712
125	156	0.955873
125	159	0.907131
125	166	0.981911
125	168	0.96706
125	174	0.906763
125	175	2.38324
126	31	1.04613
126	38	0.659504
126	47	1.10198
126	57	0.977904
126	77	0.992647
126	79	1.05689
126	82	1.04344
126	84	1.03231
126	86	1.02505
126	90	1.07541
126	98	1.05768
126	101	1.02431
126	104	0.953735
126	113	0.986188
126	115	1.03356
126	119	1.15761
126	123	0.655448
126	128	1.00114
126	139	0.789186
126	140	1.01123
126	142	1.04337
126	143	1.03173
126	154	0.960383
126	158	0.983709
126	163	0.95429
126	164	1.04064
126	166	1.01061
126	168	0.995763
126	169	0.999665
126	173	0.920214
126	176	0.927703
126	177	0.976979
126	179	0.948394
126	180	0.97711
127	4	1.26343
127	28	1.1133
127	44	0.985648
127	56	1.03734
127	84	0.521804
127	116	1.00469
127	118	1.04675
127	124	0.972221
127	128	1.0081
127	132	1.05403
127	133	0.635976
127	134	0.898432
127	136	1.00773
127	137	1.0578
127	138	1.05907
127	145	0.804686
127	148	0.928166
127	150	0.952489
127	152	1.04487
127	153	1.02276
127	159	1.04123
127	161	0.995068
127	162	0.771434
127	164	1.0476
127	165	0.995049
127	167	0.974849
127	169	1.00662
127	170	1.04033
127	171	0.96686
127	172	0.950493
127	175	0.923419
127	177	0.983935
127	178	0.961537
127	179	0.95535
127	180	0.984066
128	13	0.978469
128	41	1.01384
128	48	1.23917
128	72	0.963084
128	74	1.03444
128	94	0.988019
128	99	0.9574
128	109	1.08628
128	111	0.996678
128	124	0.935515
128	126	1.00114
128	127	1.0081
128	131	0.962971
128	132	1.01733
128	134	0.861726
128	139	0.942096
128	142	1.02552
128	147	0.976686
128	150	0.915783
128	152	1.00816
128	155	0.976127
128	158	0.953959
128	159	1.00453
128	164	1.01089
128	165	0.958344
128	167	0.938143
128	169	0.969916
128	170	1.00362
128	171	0.930155
128	172	0.913787
128	176	0.897953
128	177	0.947229
128	178	0.924831
128	179	0.918644
128	180	0.947361
129	1	0.941764
129	2	0.939945
129	28	1.01916
129	33	0.912406
129	34	0.937568
129	52	0.904114
129	54	0.996354
129	63	0.968999
129	73	1.01585
129	80	1.00248
129	81	0.990519
129	88	1.36236
129	91	1.2431
129	103	0.998305
129	109	0.998346
129	120	0.998389
129	122	1.00542
129	135	1.01331
129	139	1.04173
129	145	1.03417
129	146	1.03779
129	148	1.02368
129	149	1.02123
129	151	1.03301
129	155	1.04896
129	157	1.04601
129	160	1.02205
129	162	1.01945
129	163	1.02488
129	164	0.969503
129	168	0.955566
129	170	0.970528
129	173	0.908792
129	175	0.905041
129	177	1.4083
129	178	1.57235
130	25	2.3864
130	64	2.49945
130	67	0.917647
130	79	0.920358
130	95	0.930612
130	99	0.895281
130	102	0.893179
130	108	0.948947
130	109	0.873236
130	123	2.31414
130	138	0.915582
130	142	0.906836
130	143	0.895198
130	147	0.869905
130	148	0.89857
130	149	0.896121
130	151	0.907896
130	155	0.923849
130	156	0.848044
130	157	0.920897
130	160	0.896938
130	161	0.851581
130	162	0.894345
130	163	0.899766
130	164	0.904109
130	167	0.831362
130	169	0.863134
130	171	0.823373
130	172	0.807005
130	173	0.783682
130	174	0.798934
130	175	0.779931
130	177	0.840447
130	178	0.818049
130	179	0.811862
130	180	0.840579
131	13	0.970047
131	37	0.93644
131	47	0.776269
131	51	0.999098
131	99	1.20866
131	110	0.999346
131	111	0.988255
131	112	1.03103
131	118	1.00162
131	123	1.05962
131	124	0.927093
131	125	1.24996
131	128	0.962971
131	134	0.853304
131	136	0.9626
131	137	1.01267
131	144	0.92526
131	147	0.968264
131	149	1.27364
131	150	0.907361
131	153	0.977628
131	158	0.945537
131	159	0.996104
131	161	0.94994
131	162	1.32995
131	164	1.00247
131	165	0.949921
131	167	0.929721
131	169	0.961493
131	170	0.9952
131	171	0.921732
131	172	0.905365
131	176	0.889531
131	177	0.938806
131	178	0.916409
131	179	0.910222
131	180	0.938938
132	29	0.552946
132	34	1.22673
132	53	1.04836
132	60	1.20013
132	95	0.746619
132	104	1.068
132	106	1.04882
132	110	1.0537
132	116	1.01392
132	117	0.989777
132	127	1.05403
132	128	1.01733
132	136	1.01696
132	137	1.06703
132	138	1.0683
132	144	0.979618
132	145	0.720683
132	147	1.02262
132	149	0.631121
132	150	0.961718
132	152	1.0541
132	158	0.999894
132	159	1.05046
132	161	1.0043
132	163	0.715945
132	164	1.05683
132	165	1.00428
132	167	0.984078
132	168	1.01195
132	169	1.01585
132	170	1.04956
132	171	0.97609
132	172	0.959722
132	176	0.943888
132	177	0.993164
132	178	0.970766
132	179	0.964579
132	180	0.993296
133	1	0.954648
133	2	0.952829
133	33	0.92529
133	40	1.0089
133	50	0.988449
133	52	0.916998
133	58	0.982176
133	63	0.981884
133	69	1.03346
133	73	1.02874
133	80	1.01537
133	81	1.0034
133	83	0.93501
133	103	1.01119
133	109	1.01123
133	120	1.01127
133	127	0.635976
