1	95	1.38254
1	136	0.8263
1	156	1.39158
1	157	1.42292
1	165	0.856165
1	171	0.849376
1	172	0.828372
1	177	0.814905
1	178	0.822951
1	179	0.783717
1	180	0.833395
2	29	1.26569
2	68	0.997649
2	139	1.11853
2	163	0.939034
2	165	0.938098
2	167	1.1657
2	175	0.858479
2	176	0.89965
2	177	0.896838
2	178	0.904884
2	179	0.86565
2	180	0.915328
3	48	0.849902
3	54	0.755848
3	81	0.814277
3	87	0.786776
3	91	0.770037
3	112	0.838542
3	122	0.797712
3	125	0.791708
3	137	1.67059
3	145	0.79564
3	173	1.52028
3	174	1.81949
4	31	0.874848
4	44	0.767681
4	79	0.844098
4	100	0.917997
4	103	0.929158
4	116	0.922151
4	120	0.908323
4	127	0.917023
4	129	0.890671
4	158	1.26781
4	172	1.48465
4	177	1.53854
5	12	0.835343
5	19	0.82122
5	39	0.869465
5	50	0.738398
5	60	0.796342
5	75	0.759524
5	85	0.734573
5	94	0.829861
5	114	1.40204
5	147	1.81692
5	168	0.818941
5	178	1.80289
6	30	1.31596
6	66	0.829409
6	92	1.7345
6	157	0.812808
6	159	0.796943
6	161	0.791945
6	162	0.805153
6	164	0.798993
6	166	0.811412
6	167	0.797879
6	174	0.753581
6	179	1.90528
7	46	0.8658
7	69	1.30325
7	92	1.15659
7	136	1.17051
7	142	0.902171
7	143	0.908409
7	157	0.916371
7	159	0.900506
7	161	0.895508
7	162	0.908716
7	164	0.902556
7	175	1.4369
8	31	0.784447
8	34	0.715715
8	53	1.75662
8	84	0.765491
8	101	0.837635
8	103	0.838756
8	114	1.51295
8	116	0.83175
8	124	1.7367
8	127	0.826621
8	129	0.80027
8	149	0.803044
9	13	0.96748
9	50	0.8511
9	60	0.909044
9	74	0.851171
9	85	0.847275
9	92	1.37765
9	94	0.942564
9	146	0.900655
9	148	1.18227
9	165	1.10645
9	168	0.931643
9	177	1.40024
10	16	1.45766
10	56	1.52795
10	136	0.808767
10	156	1.63609
10	165	0.838632
10	171	0.831843
10	174	0.789387
10	175	0.759012
10	176	0.800184
10	178	0.805418
10	179	0.766184
10	180	0.815862
11	46	0.866533
11	125	1.16938
11	131	0.919612
11	132	0.874768
11	142	0.902904
11	152	1.11073
11	153	0.903194
11	157	0.917104
11	164	0.903289
11	166	0.915708
11	177	1.31927
11	179	1.46746
12	5	0.835343
12	35	0.958763
12	44	0.764763
12	60	0.920725
12	61	0.906128
12	64	0.921389
12	74	0.862851
12	85	0.858955
12	163	1.33052
12	168	0.943323
12	174	1.56036
12	176	1.40568
13	9	0.96748
13	35	0.978198
13	74	0.882286
13	92	1.20417
13	93	0.901209
13	94	0.973679
13	107	1.08598
13	146	0.93177
13	147	1.16043
13	168	0.962759
13	177	1.22676
14	20	0.901861
14	63	0.911545
14	81	0.921293
14	82	0.912252
14	89	0.886594
14	91	0.877053
14	104	0.893675
14	122	0.904727
14	136	1.30375
14	144	1.1958
14	147	1.2461
14	174	1.33718
15	138	1.11038
15	149	1.16
15	150	1.16929
15	164	1.09324
15	169	0.91749
15	172	0.905035
15	173	0.940255
15	176	0.89438
15	177	0.891569
15	178	0.899615
15	179	0.860381
15	180	0.910058
16	10	1.45766
16	52	0.881083
16	79	0.845949
16	88	1.01219
16	103	0.931009
16	116	0.924003
16	120	0.910174
16	127	0.918874
16	129	0.892523
16	146	1.06696
16	149	0.895296
16	179	1.45923
17	21	0.797097
17	27	0.689251
17	36	0.772053
17	37	0.884335
17	41	0.694817
17	72	0.799944
17	77	0.85089
17	111	0.865733
17	144	1.65103
17	170	0.850542
17	171	1.56711
17	174	1.7924
18	84	1.23607
18	108	1.17165
18	133	1.08457
18	164	1.04266
18	171	0.936011
18	172	0.915007
18	175	0.863181
18	176	0.904352
18	177	0.901541
18	178	0.909587
18	179	0.870353
18	180	0.92003
19	5	0.82122
19	27	0.787649
19	41	0.793215
19	62	0.913874
19	72	0.898342
19	85	0.844832
19	93	0.86765
19	114	1.20093
19	158	1.41141
19	165	1.38835
19	168	0.9292
19	169	1.48145
19	170	0.94894
20	14	0.901861
20	53	1.32897
20	63	0.867762
20	80	0.872417
20	87	0.850009
20	104	0.849892
20	105	1.53001
20	112	0.901775
20	122	0.860945
20	125	0.854941
20	150	0.841845
20	168	1.24403
20	169	1.36583
21	17	0.797097
21	27	0.751666
21	32	0.930332
21	37	0.94675
21	41	0.757232
21	72	0.862359
21	77	0.913305
21	111	0.928148
21	114	1.05557
21	147	1.47044
21	170	0.912956
21	174	1.56152
21	176	1.40684
22	65	0.816648
22	68	1.64321
22	95	0.851797
22	110	1.61211
22	116	0.819275
22	127	0.814147
22	129	0.787796
22	159	1.75424
22	175	0.715504
22	177	0.753864
22	178	0.761909
22	179	0.722676
22	180	0.772353
23	41	0.62276
23	72	0.727887
23	77	0.778833
23	111	0.793676
23	132	2.57923
23	155	0.729574
23	161	2.486
23	170	0.778485
23	172	0.695552
23	175	0.643726
23	178	0.690131
23	179	0.650898
23	180	0.700575
24	62	0.891079
24	75	0.846988
24	93	0.844855
24	125	1.36203
24	126	1.35852
24	143	0.873025
24	151	1.36539
24	156	0.859382
24	160	0.892346
24	167	0.866059
24	168	0.906405
24	174	0.821761
24	180	1.36751
25	54	0.829516
25	67	1.51108
25	81	0.887945
25	82	0.878903
25	89	0.853246
25	91	0.843705
25	104	0.860326
25	112	0.912209
25	122	0.871379
25	136	1.45699
25	145	0.869308
25	152	1.25713
25	155	1.24247
26	39	0.944282
26	60	0.871159
26	64	0.871823
26	74	0.813285
26	85	0.80939
26	93	0.832208
26	94	0.904678
26	102	1.47319
26	137	1.49077
26	146	0.86277
26	154	1.29698
26	168	0.893758
26	170	1.2151
27	17	0.689251
27	19	0.787649
27	21	0.751666
27	32	0.822486
27	36	0.726621
27	37	0.838904
27	72	0.754513
27	77	0.805459
27	111	0.820302
27	146	1.69673
27	170	0.80511
27	171	1.74027
27	174	1.96557
28	137	0.791191
28	145	1.70169
28	160	1.63335
28	163	0.810417
28	166	1.66093
28	169	0.794143
28	171	0.802692
28	173	0.816907
28	175	0.729862
28	176	0.771033
28	178	0.776267
28	179	0.737033
28	180	0.786711
29	2	1.26569
29	45	1.18015
29	132	0.842946
29	138	0.856771
29	153	0.871372
29	156	0.863676
29	159	0.869417
29	161	0.864419
29	162	0.877628
29	164	0.871468
29	165	1.39575
29	166	0.883887
29	180	1.54513
30	6	1.31596
30	41	1.81511
30	60	1.25864
30	158	0.885395
30	161	1.04529
30	163	0.872396
30	169	0.856122
30	171	0.864671
30	175	0.79184
30	176	0.833012
30	177	0.8302
30	178	0.838246
30	179	0.799012
30	180	0.848689
31	4	0.874848
31	8	0.784447
31	61	0.831175
31	76	0.815895
31	100	0.852969
31	101	0.863008
31	103	0.864129
31	120	0.843294
31	127	0.851994
31	129	0.825643
31	169	1.44593
31	170	1.24679
31	174	1.67136
31	176	1.51668
32	21	0.930332
32	27	0.822486
32	36	0.905287
32	37	1.01757
32	41	0.828051
32	72	0.933178
32	73	1.12215
32	77	0.984125
32	111	0.998967
32	168	1.00842
32	170	0.983776
32	172	1.27701
32	177	1.3309
32	180	1.1865
33	52	1.47668
33	109	0.808478
33	138	0.830332
33	142	0.844644
33	156	0.837238
33	157	0.858843
33	159	0.842979
33	161	0.83798
33	162	0.851189
33	164	0.845029
33	167	0.843915
33	168	1.29711
33	177	1.61959
33	180	1.47519
34	8	0.715715
34	76	0.747163
34	79	0.710337
34	84	0.722132
34	95	0.820912
34	101	0.794276
34	103	0.795397
34	116	0.788391
34	120	0.774562
34	127	0.783262
34	129	0.756911
34	140	1.89749
34	170	1.81984
34	176	2.08972
35	12	0.958763
35	13	0.978198
35	39	0.992885
35	64	0.920426
35	74	0.861888
35	93	0.880811
35	94	0.953281
35	107	1.26744
35	146	0.911372
35	151	1.26169
35	152	1.19968
35	163	1.20312
35	168	0.94236
35	170	1.0084
36	17	0.772053
36	27	0.726621
36	32	0.905287
36	37	0.921705
36	41	0.732187
36	53	0.81809
36	72	0.837314
36	77	0.88826
36	111	0.903103
36	115	1.61048
36	147	1.5147
36	154	1.26309
36	170	0.887912
36	178	1.50067
37	17	0.884335
37	21	0.94675
37	27	0.838904
37	32	1.01757
37	36	0.921705
37	41	0.844469
37	72	0.949596
37	77	1.00054
37	155	1.0719
37	169	1.09442
37	170	1.00019
37	172	1.24121
37	174	1.31985
37	178	1.21474
38	87	0.927607
38	89	0.92041
38	91	0.910869
38	104	0.92749
38	112	0.979373
38	122	0.938543
38	125	0.932539
38	135	1.15157
38	144	1.24888
38	145	0.936472
38	150	0.919443
38	158	1.09478
38	171	1.16496
38	178	1.28515
39	5	0.869465
39	26	0.944282
39	35	0.992885
39	50	0.896903
39	60	0.954847
39	74	0.896973
39	75	0.918028
39	146	0.946457
39	152	1.15699
39	165	1.07173
39	168	0.977445
39	173	1.09105
39	174	1.39027
39	176	1.23559
40	76	0.813948
40	84	0.788918
40	95	0.887697
40	100	0.851022
40	101	0.861062
40	103	0.862182
40	120	0.841347
40	127	0.850048
40	129	0.823696
40	149	0.82647
40	154	1.12346
40	174	1.46615
40	175	1.69912
40	179	1.58959
41	17	0.694817
41	19	0.793215
41	21	0.757232
41	23	0.62276
41	30	1.81511
41	32	0.828051
41	36	0.732187
41	37	0.844469
41	53	0.740854
41	72	0.760078
41	77	0.811025
41	88	1.9574
41	165	1.96245
41	170	0.810676
42	66	0.866368
42	109	0.799401
42	121	1.56118
42	125	1.51571
42	139	0.842172
42	156	0.828161
42	157	0.849767
42	159	0.833902
42	160	0.861125
42	164	0.835952
42	166	0.848371
42	167	0.834838
42	170	1.26578
42	180	1.52119
43	102	0.946391
43	108	1.20479
43	160	0.947168
43	162	1.05893
43	166	0.974748
43	167	1.08135
43	171	0.96203
43	172	0.941025
43	173	0.976245
43	175	0.889199
43	176	0.930371
43	177	0.927559
43	179	0.896371
43	180	0.946048
44	4	0.767681
44	12	0.764763
44	60	0.928917
44	87	0.939765
44	89	0.956915
44	93	0.998094
44	138	1.05942
44	164	1.07412
44	167	1.073
44	169	1.06261
44	176	1.0395
44	178	1.04473
44	179	1.0055
44	180	1.05518
45	29	1.18015
45	57	1.28228
45	61	1.0234
45	72	1.15479
45	142	1.10716
45	158	0.942619
45	165	0.928685
45	171	0.921895
45	172	0.900891
45	173	0.936111
45	175	0.849065
45	176	0.890236
45	177	0.887425
45	179	0.856237
45	180	0.905914
46	7	0.8658
46	11	0.866533
46	96	0.804029
46	124	1.43691
46	143	0.817553
46	147	0.801496
46	155	1.47117
46	159	0.809651
46	162	0.817861
46	164	0.811701
46	165	1.40058
46	166	0.82412
46	167	0.810587
46	174	0.766289
46	175	1.95209
47	87	1.2368
47	129	1.15471
47	132	1.10584
47	133	1.15208
47	161	1.01261
47	169	0.919969
47	171	0.928518
47	172	0.907513
47	173	0.942733
47	175	0.855687
47	176	0.896859
47	177	0.894047
47	178	0.902093
47	179	0.862859
47	180	0.912536
48	3	0.849902
48	49	1.23888
48	54	0.874138
48	80	0.927474
48	82	0.923526
48	87	0.905066
48	89	0.897868
48	104	0.904949
48	122	0.916002
48	145	0.91393
48	150	0.896901
48	168	1.12103
48	169	1.24283
48	171	1.24297
48	172	1.38963
49	48	1.23888
49	51	0.864568
49	59	1.136
49	124	1.24401
49	132	0.875512
49	134	1.33395
49	138	0.889336
49	150	0.89261
49	157	0.917848
49	160	0.929207
49	162	0.910193
49	164	0.904033
49	166	0.916452
49	167	0.902919
49	171	1.30092
50	5	0.738398
50	9	0.8511
50	39	0.896903
50	53	1.53757
50	60	0.82378
50	62	0.831052
50	64	0.824444
50	74	0.765906
50	75	0.786961
50	93	0.784829
50	94	0.857299
50	113	1.52019
50	144	1.65848
50	155	1.55191
50	168	0.846378
51	49	0.864568
51	68	0.808024
51	106	1.52112
51	108	0.830426
51	139	0.815212
51	141	0.813562
51	143	0.814844
51	153	0.808897
51	161	0.801943
51	162	0.815152
51	166	0.821411
51	167	0.807878
51	171	1.40821
51	175	1.86647
51	176	1.47882
52	16	0.881083
52	33	1.47668
52	91	1.4595
52	101	0.867391
52	120	0.847677
52	123	0.853115
52	129	0.830026
52	142	1.47363
52	159	1.38962
52	175	0.757734
52	176	0.798906
52	177	0.796094
52	178	0.80414
52	179	0.764906
52	180	0.814583
53	8	1.75662
53	20	1.32897
53	36	0.81809
53	41	0.740854
53	50	1.53757
53	72	0.845981
53	77	0.896927
53	153	1.30762
53	169	0.826101
53	170	0.896578
53	175	0.76182
53	176	0.802991
53	177	0.80018
53	178	0.808225
53	180	0.818669
54	3	0.755848
54	25	0.829516
54	48	0.874138
54	89	0.803815
54	91	0.794274
54	104	0.810895
54	112	0.862778
54	122	0.821948
54	125	0.815945
54	144	1.59638
54	145	0.819877
54	150	0.802848
54	152	1.50447
54	158	1.44228
54	174	1.73775
55	99	1.03743
55	130	1.35996
55	131	0.922104
55	132	0.87726
55	156	0.89799
55	159	0.903731
55	161	0.898732
55	162	0.911941
55	164	0.905781
55	166	0.9182
55	167	0.904667
55	172	1.30487
55	174	0.860369
55	177	1.35875
55	178	1.27839
56	10	1.52795
56	126	1.22793
56	141	0.903934
56	146	1.13725
56	153	0.899268
56	156	0.891572
56	157	0.913178
56	159	0.897313
56	160	0.924537
56	162	0.905524
56	166	0.911782
56	167	0.898249
56	169	1.18065
56	171	1.18078
56	174	0.853951
57	45	1.28228
57	108	0.839176
57	119	1.45582
57	138	0.803045
57	141	0.822312
57	142	0.817357
57	158	1.52094
57	159	0.815692
57	160	0.842916
57	162	0.823902
57	164	0.817742
57	166	0.830161
57	167	0.816628
57	174	0.77233
57	179	1.93985
58	68	0.865998
58	117	1.17999
58	119	1.20221
58	131	0.883289
58	133	0.875914
58	139	0.873186
58	147	0.856762
58	153	0.866871
58	154	1.22012
58	160	0.89214
58	162	0.873127
58	163	1.33296
58	164	0.866966
58	166	0.879385
58	167	0.865852
58	175	1.79577
59	49	1.136
59	76	1.40634
59	104	1.16718
59	155	0.90784
59	162	1.20166
59	164	1.21852
59	165	0.901611
59	169	0.886272
59	171	0.894821
59	173	0.909037
59	175	0.821991
59	176	0.863162
59	177	0.860351
59	178	0.868397
59	179	0.829163
59	180	0.87884
60	5	0.796342
60	9	0.909044
60	12	0.920725
60	26	0.871159
60	30	1.25864
60	39	0.954847
60	44	0.928917
60	50	0.82378
60	64	0.882388
60	85	0.819954
60	93	0.842773
60	123	1.43378
60	146	0.873334
60	155	1.47657
60	163	1.49468
60	168	0.904323
61	12	0.906128
61	31	0.831175
61	45	1.0234
61	73	1.32404
61	75	0.830309
61	94	0.900646
61	95	0.910999
61	116	0.878478
61	123	0.870087
61	127	0.873349
61	129	0.846998
61	134	1.36526
61	146	0.858737
61	147	1.46646
61	168	0.889726
61	172	1.4789
62	19	0.913874
62	24	0.891079
62	50	0.831052
62	64	0.889661
62	74	0.831123
62	75	0.852178
62	78	1.06644
62	85	0.827227
62	93	0.850045
62	94	0.922516
62	137	1.42416
62	146	0.880607
62	154	1.23038
62	168	0.911595
62	177	1.54832
62	178	1.46796
63	14	0.911545
63	20	0.867762
63	81	0.887194
63	82	0.878153
63	89	0.852496
63	91	0.842955
63	104	0.859576
63	106	1.43487
63	112	0.911459
63	122	0.870629
63	125	0.864625
63	135	1.30857
63	150	0.851529
63	165	1.22872
63	176	1.39257
63	180	1.3781
64	12	0.921389
64	26	0.871823
64	35	0.920426
64	50	0.824444
64	60	0.882388
64	62	0.889661
64	75	0.84557
64	85	0.820619
64	93	0.843437
64	146	0.873998
64	154	1.21595
64	168	0.904987
64	171	1.33334
64	172	1.48
64	173	1.25942
64	178	1.45353
65	22	0.816648
65	76	0.860571
65	78	1.15131
65	79	0.823745
65	84	0.83554
65	95	0.93432
65	99	1.31186
65	100	0.897644
65	101	0.907684
65	116	0.901798
65	120	0.88797
65	129	0.870319
65	144	1.51655
65	146	1.3891
65	149	0.873092
65	173	1.35871
66	6	0.829409
66	42	0.866368
66	113	1.22352
66	125	1.32855
66	130	1.47965
66	131	0.895195
66	132	0.850351
66	133	0.88782
66	138	0.864176
66	143	0.884725
66	161	0.871824
66	162	0.885033
66	166	0.891291
66	167	0.877758
66	169	1.27776
66	172	1.42455
67	25	1.51108
67	118	1.58445
67	144	0.807681
67	154	0.85313
67	155	0.833544
67	157	1.56622
67	165	0.827316
67	166	1.52836
67	171	0.820526
67	172	0.799522
67	175	0.747696
67	176	0.788867
67	177	0.786056
67	178	0.794101
67	179	0.754868
67	180	0.804545
68	2	0.997649
68	22	1.64321
68	51	0.808024
68	58	0.865998
68	92	1.3989
68	131	0.863811
68	143	0.853341
68	153	0.847393
68	156	0.839697
68	160	0.872662
68	161	0.84044
68	162	0.853649
68	164	0.847489
68	166	0.859908
68	167	0.846375
68	175	1.67921
68	180	1.27709
69	7	1.30325
69	103	1.57171
69	119	0.852581
69	145	1.64777
69	152	0.842551
69	153	1.66922
69	165	0.826012
69	169	0.810673
69	171	0.819222
69	172	0.798218
69	175	0.746392
69	176	0.787563
69	177	0.784752
69	178	0.792797
69	179	0.753564
69	180	0.803241
70	106	1.5172
70	108	0.87111
70	130	1.60604
70	139	0.855896
70	149	0.848955
70	150	0.838254
70	156	0.841885
70	159	0.847626
70	160	0.87485
70	162	0.855837
70	164	0.849676
70	166	0.862095
70	167	0.848562
70	168	1.28235
70	171	1.40428
70	173	1.33036
70	174	0.804264
71	97	0.908209
71	118	0.940028
71	126	1.18509
71	128	1.06161
71	133	0.936317
71	138	0.912673
71	151	1.19197
71	152	1.12995
71	156	0.919578
71	157	0.941184
71	161	0.920321
71	162	0.93353
71	164	0.927369
71	166	0.939788
71	167	0.926255
71	172	1.2846
71	177	1.33849
72	17	0.799944
72	19	0.898342
72	21	0.862359
72	23	0.727887
72	27	0.754513
72	32	0.933178
72	36	0.837314
72	37	0.949596
72	41	0.760078
72	45	1.15479
72	53	0.845981
72	77	0.916152
72	135	1.45024
72	168	1.3417
72	169	1.46349
72	170	0.915803
72	177	1.66418
73	32	1.12215
73	61	1.32404
73	81	1.31893
73	142	1.4078
73	149	1.44201
73	151	0.863051
73	154	0.903397
73	163	0.878518
73	169	0.862243
73	172	0.849788
73	173	0.885008
73	175	0.797962
73	176	0.839133
73	177	0.836322
73	178	0.844367
73	179	0.805134
73	180	0.854811
74	9	0.851171
74	12	0.862851
74	13	0.882286
74	26	0.813285
74	35	0.861888
74	39	0.896973
74	50	0.765906
74	62	0.831123
74	75	0.787032
74	85	0.762081
74	93	0.784899
74	94	0.857369
74	102	1.54524
74	119	1.35113
74	126	1.53358
74	128	1.4101
74	136	1.6783
74	168	0.846449
75	5	0.759524
75	24	0.846988
75	39	0.918028
75	50	0.786961
75	61	0.830309
75	62	0.852178
75	64	0.84557
75	74	0.787032
75	85	0.783136
75	93	0.805954
75	94	0.878425
75	125	1.42747
75	135	1.36342
75	146	0.836516
75	168	0.867504
75	172	1.52347
75	178	1.497
75	179	1.72555
76	31	0.815895
76	34	0.747163
76	40	0.813948
76	59	1.40634
76	65	0.860571
76	79	0.785145
76	84	0.79694
76	95	0.89572
76	100	0.859044
76	120	0.84937
76	123	0.854807
76	127	0.85807
76	129	0.831718
76	149	0.834492
76	165	1.47802
76	168	1.44933
76	173	1.49734
76	176	1.64188
77	17	0.85089
77	21	0.913305
77	23	0.778833
77	27	0.805459
77	32	0.984125
77	36	0.88826
77	37	1.00054
77	41	0.811025
77	53	0.896927
77	72	0.916152
77	102	1.30647
77	107	1.30743
77	111	0.981941
77	114	0.967001
77	168	1.12573
77	170	0.966749
77	174	1.47295
77	177	1.44821
78	62	1.06644
78	65	1.15131
78	85	1.38755
78	93	1.28708
78	95	0.998555
78	97	0.89502
78	110	0.963985
78	115	0.872887
78	116	1.04486
78	159	0.91213
78	164	0.91418
78	166	0.926599
78	167	0.913066
78	171	0.911223
78	177	0.876753
78	178	0.884798
78	179	0.845565
78	180	0.895242
79	4	0.844098
79	16	0.845949
79	34	0.710337
79	65	0.823745
79	76	0.785145
79	95	0.858894
79	100	0.822218
79	101	0.832258
79	103	0.833379
79	120	0.812544
79	123	0.817981
79	127	0.821244
79	129	0.794893
79	149	0.797666
79	165	1.49811
79	169	1.59122
79	170	1.39208
79	174	1.81665
79	180	1.6475
80	20	0.872417
80	48	0.927474
80	81	0.89185
80	82	0.882808
80	87	0.864348
80	89	0.857151
80	91	0.84761
80	104	0.864231
80	112	0.916114
80	122	0.875284
80	124	1.26643
80	125	0.869281
80	134	1.35637
80	137	1.39974
80	140	1.20172
80	145	0.873213
80	147	1.45756
80	150	0.856184
80	163	1.31879
81	3	0.814277
81	14	0.921293
81	25	0.887945
81	63	0.887194
81	73	1.31893
81	80	0.89185
81	87	0.869441
81	89	0.862244
81	91	0.852703
81	104	0.869324
81	112	0.921207
81	122	0.880377
81	126	1.37428
81	128	1.2508
81	145	0.878306
81	146	1.28359
81	150	0.861277
81	155	1.30448
81	180	1.38327
82	14	0.912252
82	25	0.878903
82	48	0.923526
82	63	0.878153
82	80	0.882808
82	87	0.8604
82	89	0.853203
82	91	0.843662
82	104	0.860283
82	112	0.912166
82	125	0.865332
82	145	0.869265
82	150	0.852236
82	154	1.10521
82	169	1.22247
82	173	1.14868
82	175	1.68087
82	179	1.57134
82	180	1.27875
83	86	1.36438
83	96	1.36759
83	97	1.44647
83	115	0.816565
83	130	0.836294
83	134	0.852983
83	135	0.865526
83	161	1.2953
83	164	1.39287
83	171	0.854902
83	172	0.833897
83	173	0.869117
83	175	0.782071
83	176	0.823242
83	177	0.820431
83	178	0.828477
83	179	0.789243
83	180	0.83892
84	8	0.765491
84	18	1.23607
84	34	0.722132
84	40	0.788918
84	65	0.83554
84	76	0.79694
84	95	0.870689
84	100	0.834013
84	103	0.845174
84	116	0.838167
84	120	0.824339
84	123	0.829776
84	127	0.833039
84	129	0.806688
84	149	0.809461
84	151	1.63088
84	155	1.55421
84	174	1.80215
84	176	1.64747
85	5	0.734573
85	9	0.847275
85	12	0.858955
85	19	0.844832
85	26	0.80939
85	60	0.819954
85	62	0.827227
85	64	0.820619
85	74	0.762081
85	75	0.783136
85	78	1.38755
85	93	0.781003
85	94	0.853474
85	114	1.38822
85	146	0.811565
85	148	1.65146
85	168	0.842553
85	169	1.66874
85	178	1.78906
86	83	1.36438
86	131	0.872736
86	142	0.856028
86	143	0.862266
86	145	0.86202
86	153	0.856318
86	156	0.848622
86	158	1.28478
86	159	0.854363
86	160	0.881587
86	161	0.849365
86	162	0.862574
86	164	0.856413
86	166	0.868832
86	167	0.855299
86	168	1.23302
86	173	1.28103
86	174	0.811001
86	178	1.47514
86	179	1.70369
87	3	0.786776
87	20	0.850009
87	38	0.927607
87	44	0.939765
87	47	1.2368
87	48	0.905066
87	80	0.864348
87	81	0.869441
87	82	0.8604
87	89	0.834742
87	91	0.825201
87	104	0.841823
87	112	0.893706
87	122	0.852876
87	145	0.850805
87	147	1.64429
87	150	0.833775
87	152	1.50208
87	168	1.38814
87	180	1.56622
88	16	1.01219
88	41	1.9574
88	100	1.04146
88	126	0.87718
88	132	1.2808
88	139	1.24353
88	151	0.868059
88	158	0.896524
88	165	0.882589
88	166	1.1841
88	169	0.867251
88	171	0.8758
88	172	0.854796
88	173	0.890016
88	175	0.80297
88	176	0.844141
88	177	0.841329
88	178	0.849375
88	179	0.810142
88	180	0.859819
89	14	0.886594
89	25	0.853246
89	38	0.92041
89	44	0.956915
89	48	0.897868
89	54	0.803815
89	63	0.852496
89	80	0.857151
89	81	0.862244
89	82	0.853203
89	87	0.834742
89	91	0.818004
89	112	0.886508
89	122	0.845678
89	140	1.4056
89	144	1.61114
89	150	0.826578
89	154	1.40983
89	165	1.43398
89	169	1.52709
90	96	0.849581
90	105	1.5336
90	139	0.863473
90	141	0.861823
90	142	0.856867
90	143	0.863105
90	148	1.35213
90	153	0.857157
90	157	0.871067
90	159	0.855202
90	160	0.882426
90	161	0.850204
90	162	0.863413
90	163	1.36501
90	164	0.857253
90	167	0.856138
90	169	1.36942
90	173	1.29563
90	174	0.81184
90	178	1.48974
91	3	0.770037
91	14	0.877053
91	25	0.843705
91	38	0.910869
91	52	1.4595
91	54	0.794274
91	63	0.842955
91	80	0.84761
91	81	0.852703
91	82	0.843662
91	87	0.825201
91	89	0.818004
91	104	0.825084
91	111	1.20136
91	112	0.876967
91	122	0.836137
91	137	1.47826
91	145	0.834066
91	174	1.62716
91	178	1.52205
91	180	1.45801
92	6	1.7345
92	7	1.15659
92	9	1.37765
92	13	1.20417
92	68	1.3989
92	140	0.868666
92	148	0.87249
92	152	0.876279
92	158	0.873674
92	161	1.46383
92	163	0.860675
92	169	0.844401
92	171	0.85295
92	172	0.831945
92	173	0.867165
92	175	0.78012
92	176	0.821291
92	177	0.818479
92	178	0.826525
92	179	0.787291
92	180	0.836969
93	13	0.901209
93	19	0.86765
93	24	0.844855
93	26	0.832208
93	35	0.880811
93	44	0.998094
93	50	0.784829
93	60	0.842773
93	62	0.850045
93	64	0.843437
93	74	0.784899
93	75	0.805954
93	78	1.28708
93	85	0.781003
93	94	0.876292
93	121	1.66453
93	123	1.50295
93	137	1.6448
93	146	0.834383
93	163	1.56385
93	168	0.865371
94	5	0.829861
94	9	0.942564
94	13	0.973679
94	26	0.904678
94	35	0.953281
94	50	0.857299
94	61	0.900646
94	62	0.922516
94	74	0.857369
94	75	0.878425
94	85	0.853474
94	93	0.876292
94	114	1.01265
94	146	0.906853
94	147	1.42753
94	165	1.20007
94	168	0.937842
94	170	1.09405
94	171	1.29331
94	174	1.51861
94	180	1.34946
95	1	1.38254
95	22	0.851797
95	34	0.820912
95	40	0.887697
95	61	0.910999
95	65	0.93432
95	76	0.89572
95	78	0.998555
95	79	0.858894
95	84	0.870689
95	100	0.932793
95	101	0.942833
95	107	1.33965
95	116	0.936947
95	120	0.923119
95	121	1.37601
95	124	1.22297
95	127	0.931819
95	129	0.905467
95	158	1.2097
95	173	1.20596
96	46	0.804029
96	83	1.36759
96	90	0.849581
96	118	0.853444
96	130	1.55992
96	138	0.826088
96	139	0.847005
96	141	0.845355
96	150	0.829362
96	153	0.84069
96	154	1.24077
96	157	0.8546
96	159	0.838735
96	161	0.833736
96	162	0.846945
96	164	0.840785
96	166	0.853204
96	167	0.839671
96	169	1.35803
96	172	1.50482
96	179	1.7069
97	71	0.908209
97	78	0.89502
97	83	1.44647
97	102	1.49587
97	128	1.36072
97	136	1.62892
97	139	0.835517
97	143	0.835149
97	145	0.834903
97	153	0.829202
97	156	0.821506
97	157	0.843112
97	158	1.36687
97	160	0.85447
97	161	0.822248
97	162	0.835457
97	163	1.43251
97	164	0.829297
97	166	0.841716
97	167	0.828183
97	174	0.783885
98	133	1.40702
98	139	1.32349
98	152	0.875538
98	153	1.32628
98	154	0.884813
98	157	1.30193
98	163	0.859934
98	165	0.858999
98	166	1.26407
98	167	1.37067
98	170	0.914137
98	171	0.852209
98	172	0.831205
98	173	0.866425
98	174	0.809753
98	175	0.779379
98	176	0.82055
98	177	0.817739
98	178	0.825784
98	179	0.786551
98	180	0.836228
99	55	1.03743
99	65	1.31186
99	140	0.910624
99	141	1.24886
99	143	1.20849
99	149	1.32943
99	151	0.887167
99	152	0.918238
99	158	0.915632
99	161	1.1651
99	165	0.901698
99	166	1.16162
99	169	0.886359
99	171	0.894908
99	172	0.873904
99	173	0.909124
99	175	0.822078
99	176	0.863249
99	177	0.860438
99	178	0.868484
99	179	0.82925
99	180	0.878927
100	4	0.917997
100	31	0.852969
100	40	0.851022
100	65	0.897644
100	76	0.859044
100	79	0.822218
100	84	0.834013
100	88	1.04146
100	95	0.932793
100	101	0.906157
100	103	0.907278
100	116	0.900272
100	120	0.886443
100	127	0.895143
100	129	0.868792
100	148	1.12234
100	149	0.871566
100	174	1.36506
100	175	1.59803
100	177	1.34031
100	178	1.25995
100	179	1.4885
101	8	0.837635
101	31	0.863008
101	34	0.794276
101	40	0.861062
101	52	0.867391
101	65	0.907684
101	79	0.832258
101	95	0.942833
101	100	0.906157
101	103	0.917318
101	116	0.910311
101	120	0.896483
101	127	0.905183
101	129	0.878832
101	137	1.2877
101	147	1.34553
101	149	0.881605
101	158	1.14113
101	171	1.21131
101	172	1.35797
101	175	1.66957
101	180	1.26745
102	26	1.47319
102	43	0.946391
102	74	1.54524
102	77	1.30647
102	97	1.49587
102	124	0.849315
102	138	1.4594
102	143	1.38808
102	152	0.850234
102	154	0.859509
102	155	0.839923
102	158	0.847629
102	163	0.83463
102	171	0.826905
102	172	0.805901
102	173	0.841121
102	175	0.754075
102	176	0.795246
102	177	0.792434
102	178	0.80048
102	179	0.761247
102	180	0.810924
103	4	0.929158
103	8	0.838756
103	16	0.931009
103	31	0.864129
103	34	0.795397
103	40	0.862182
103	69	1.57171
103	79	0.833379
103	84	0.845174
103	100	0.907278
103	101	0.917318
103	116	0.911432
103	120	0.897603
103	124	1.19018
103	127	0.906304
103	129	0.879952
103	149	0.882726
103	158	1.17692
103	170	1.04783
103	174	1.47239
103	177	1.44764
103	180	1.30324
104	14	0.893675
104	20	0.849892
104	25	0.860326
104	38	0.92749
104	48	0.904949
104	54	0.810895
104	59	1.16718
104	63	0.859576
104	80	0.864231
104	81	0.869324
104	82	0.860283
104	87	0.841823
104	91	0.825084
104	112	0.893589
104	122	0.852759
104	145	0.850687
104	150	0.833658
104	163	1.32755
104	168	1.21017
104	173	1.25818
104	175	1.79036
104	176	1.40271
104	178	1.45229
105	20	1.53001
105	90	1.5336
105	128	0.858588
105	140	0.834192
105	155	0.831494
105	156	1.45297
105	158	0.8392
105	160	1.41887
105	161	1.44993
105	163	0.826201
105	165	0.825265
105	167	1.55305
105	169	0.809927
105	170	0.880404
105	171	0.818476
105	172	0.797471
105	173	0.832691
105	175	0.745645
105	176	0.786817
105	177	0.784005
105	178	0.792051
105	179	0.752817
105	180	0.802494
106	51	1.52112
106	63	1.43487
106	70	1.5172
106	107	0.853689
106	120	1.3835
106	121	0.807897
106	140	0.835477
106	144	0.806916
106	149	1.56313
106	150	1.57242
106	163	0.827487
106	168	0.86195
106	169	0.811212
106	170	0.88169
106	171	0.819761
106	172	0.798757
106	173	0.833977
106	175	0.746931
106	176	0.788102
106	177	0.785291
106	178	0.793336
106	179	0.754103
106	180	0.80378
107	13	1.08598
107	35	1.26744
107	77	1.30743
107	95	1.33965
107	106	0.853689
107	112	1.28827
107	113	0.896761
107	122	1.29026
107	134	0.874552
107	135	0.887095
107	152	0.899801
107	162	1.42635
107	163	0.884197
107	165	0.883261
107	171	0.876471
107	172	0.855467
107	173	0.890687
107	175	0.803641
107	176	0.844812
107	177	0.842001
107	178	0.850047
107	179	0.810813
107	180	0.86049
108	18	1.17165
108	43	1.20479
108	51	0.830426
108	57	0.839176
108	70	0.87111
108	119	1.37714
108	132	0.841369
108	135	1.49905
108	139	0.876111
108	140	1.39081
108	144	0.854089
108	153	0.869795
108	156	0.862099
108	157	0.883705
108	159	0.867841
108	160	0.895064
108	161	0.862842
108	164	0.869891
108	166	0.88231
108	167	0.868776
108	170	1.31317
108	174	0.824479
108	176	1.58305
109	33	0.808478
109	42	0.799401
109	117	1.49197
109	131	0.828229
109	133	0.820854
109	139	0.818126
109	149	0.811184
109	150	0.800483
109	154	1.53209
109	156	0.804115
109	157	0.825721
109	159	0.809856
109	160	0.837079
109	161	0.804857
109	162	0.818066
109	164	0.811906
109	166	0.824325
109	167	0.810792
109	169	1.64935
109	171	1.64948
109	173	1.57556
109	174	0.766494
109	180	1.70563
110	22	1.61211
110	78	0.963985
110	117	1.03232
110	118	0.910921
110	121	1.28597
110	130	1.3916
110	131	0.914584
110	132	0.86974
110	137	0.883805
110	138	0.883565
110	141	0.902832
110	153	0.898166
110	159	0.896212
110	160	0.923435
110	161	0.891213
110	162	0.904422
110	163	1.18529
110	164	0.898262
110	166	0.910681
110	167	0.897148
110	171	1.18984
110	173	1.11592
110	174	0.85285
110	180	1.24598
111	17	0.865733
111	21	0.928148
111	23	0.793676
111	27	0.820302
111	32	0.998967
111	36	0.903103
111	77	0.981941
111	91	1.20136
111	149	1.24971
111	153	1.14411
111	159	1.13147
111	160	1.05432
111	161	1.08538
111	163	0.927389
111	164	1.18294
111	166	1.0819
111	170	0.981592
111	172	0.898659
111	173	0.933879
111	175	0.846833
111	177	0.885193
111	178	0.893239
111	179	0.854005
111	180	0.903682
112	3	0.838542
112	20	0.901775
112	25	0.912209
112	38	0.979373
112	54	0.862778
112	63	0.911459
112	80	0.916114
112	81	0.921207
112	82	0.912166
112	87	0.893706
112	89	0.886508
112	91	0.876967
112	104	0.893589
112	107	1.28827
112	122	0.904642
112	123	1.16305
112	137	1.30489
112	140	1.10688
112	145	0.90257
112	150	0.885541
112	169	1.22837
112	170	1.02923
112	172	1.37516
112	179	1.57724
113	50	1.52019
113	66	1.22352
113	107	0.896761
113	132	1.32474
113	134	0.860914
113	136	0.839757
113	141	1.31527
113	154	0.895437
113	155	0.875851
113	157	1.26589
113	159	1.27761
113	163	0.870558
113	165	0.869623
113	167	1.33463
113	169	0.854284
113	171	0.862833
113	172	0.841829
113	174	0.820377
113	175	0.790003
113	176	0.831174
113	177	0.828363
113	178	0.836408
113	179	0.797175
113	180	0.846852
114	5	1.40204
114	8	1.51295
114	19	1.20093
114	21	1.05557
114	77	0.967001
114	85	1.38822
114	94	1.01265
114	120	0.989926
114	137	0.899612
114	138	0.899372
114	153	0.913974
114	156	0.906278
114	159	0.912019
114	164	0.914069
114	166	0.926488
114	167	0.912955
114	169	0.902563
114	171	0.911113
114	172	0.890108
114	173	0.925328
114	177	0.876642
114	178	0.884688
114	179	0.845454
114	180	0.895131
115	36	1.61048
115	78	0.872887
115	83	0.816565
115	120	1.50058
115	127	1.5458
115	152	0.827536
115	154	0.836811
115	155	0.817225
115	160	1.48482
115	162	1.59658
115	163	0.811933
115	165	0.810997
115	166	1.5124
115	168	0.846396
115	169	0.795658
115	171	0.804207
115	172	0.783203
115	173	0.818423
115	175	0.731377
115	176	0.772548
115	177	0.769737
115	178	0.777782
115	179	0.738549
115	180	0.788226
116	4	0.922151
116	8	0.83175
116	16	0.924003
116	22	0.819275
116	34	0.788391
116	61	0.878478
116	65	0.901798
116	78	1.04486
116	84	0.838167
116	95	0.936947
116	100	0.900272
116	101	0.910311
116	103	0.911432
116	120	0.890597
116	123	0.896035
116	127	0.899297
116	129	0.872946
116	144	1.41011
116	146	1.28265
116	148	1.30877
116	149	0.87572
116	152	1.3182
116	155	1.30353
116	158	1.25601
116	174	1.55148
117	58	1.17999
117	109	1.49197
117	110	1.03232
117	121	0.886628
117	142	1.25848
117	151	0.89075
117	154	0.931096
117	158	0.919216
117	159	1.17446
117	160	1.0973
117	162	1.20907
117	163	0.906217
117	164	1.22593
117	165	0.905281
117	169	0.889943
117	171	0.898492
117	172	0.877487
117	173	0.912707
117	174	0.856036
117	175	0.825661
117	176	0.866833
117	177	0.864021
117	178	0.872067
117	179	0.832833
117	180	0.88251
118	67	1.58445
118	71	0.940028
118	96	0.853444
118	110	0.910921
118	133	0.870064
118	137	0.846659
118	138	0.846419
118	141	0.865686
118	142	0.860731
118	143	0.866968
118	147	0.850911
118	152	1.3305
118	157	0.874931
118	159	0.859066
118	160	0.886289
118	161	0.854067
118	164	0.861116
118	166	0.873535
118	167	0.860002
118	168	1.21656
118	170	1.13922
118	173	1.26457
118	174	0.815704
118	176	1.4091
118	177	1.53904
118	180	1.39464
119	57	1.45582
119	58	1.20221
119	69	0.852581
119	74	1.35113
119	108	1.37714
119	131	1.11668
119	141	1.23434
119	152	0.899232
119	154	0.908507
119	155	0.888921
119	161	1.15058
119	164	1.24815
119	165	0.882692
119	168	0.918092
119	169	0.867354
119	170	0.937831
119	171	0.875903
119	172	0.854899
119	173	0.890119
119	174	0.833447
119	175	0.803073
119	176	0.844244
119	177	0.841432
119	178	0.849478
119	179	0.810245
119	180	0.859922
120	4	0.908323
120	16	0.910174
120	31	0.843294
120	34	0.774562
120	40	0.841347
120	52	0.847677
120	65	0.88797
120	76	0.84937
120	79	0.812544
120	84	0.824339
120	95	0.923119
120	100	0.886443
120	101	0.896483
120	103	0.897603
120	106	1.3835
120	114	0.989926
120	115	1.50058
120	116	0.890597
120	127	0.885469
120	129	0.859117
120	136	1.46245
120	148	1.25317
120	149	0.861891
120	163	1.26604
120	174	1.49588
120	178	1.39077
121	42	1.56118
121	93	1.66453
121	95	1.37601
121	106	0.807897
121	110	1.28597
121	117	0.886628
121	149	1.54634
121	151	0.822938
121	154	0.863284
121	155	0.843698
121	156	1.38505
121	158	0.851403
121	161	1.38201
121	165	0.837469
121	168	0.872868
121	169	0.82213
121	171	0.83068
121	172	0.809675
121	173	0.844895
121	174	0.788224
121	175	0.757849
121	176	0.79902
121	177	0.796209
121	178	0.804255
121	179	0.765021
121	180	0.814698
122	3	0.797712
122	14	0.904727
122	20	0.860945
122	25	0.871379
122	38	0.938543
122	48	0.916002
122	54	0.821948
122	63	0.870629
122	80	0.875284
122	81	0.880377
122	87	0.852876
122	89	0.845678
122	91	0.836137
122	104	0.852759
122	107	1.29026
122	112	0.904642
122	125	0.857808
122	130	1.43225
122	137	1.30689
122	145	0.86174
122	150	0.844711
122	167	1.31448
122	171	1.23049
122	174	1.45579
122	177	1.43104
122	180	1.28664
123	52	0.853115
123	60	1.43378
123	61	0.870087
123	76	0.854807
123	79	0.817981
123	84	0.829776
123	93	1.50295
123	112	1.16305
123	116	0.896035
123	127	0.890906
123	129	0.864555
123	149	0.867329
123	151	0.857353
123	156	1.22347
123	157	1.25481
123	158	0.885818
123	159	1.26653
123	162	1.30114
123	163	0.872819
123	164	1.318
123	169	0.856545
123	172	0.84409
123	173	0.879309
123	175	0.792264
123	176	0.833435
123	179	0.799435
123	180	0.849113
124	8	1.7367
124	46	1.43691
124	49	1.24401
124	80	1.26643
124	95	1.22297
124	102	0.849315
124	103	1.19018
124	126	0.866334
124	129	1.37107
124	136	0.841878
124	151	0.857212
124	155	0.877972
124	158	0.885677
124	160	1.19791
124	163	0.872679
124	165	0.871743
124	169	0.856404
124	170	0.926882
124	171	0.864953
124	173	0.879169
124	174	0.822498
124	175	0.792123
124	176	0.833294
124	177	0.830483
124	178	0.838529
124	179	0.799295
124	180	0.848972
125	3	0.791708
125	11	1.16938
125	20	0.854941
125	24	1.36203
125	38	0.932539
125	42	1.51571
125	54	0.815945
125	63	0.864625
125	66	1.32855
125	75	1.42747
125	80	0.869281
125	82	0.865332
125	122	0.857808
125	128	0.887286
125	142	1.46665
125	145	0.855737
125	150	0.838708
125	153	1.39527
125	166	1.33306
125	169	0.838625
125	171	0.847174
125	173	0.86139
125	175	0.774344
125	176	0.815515
125	177	0.812704
125	178	0.820749
125	179	0.781516
125	180	0.831193
126	24	1.35852
126	56	1.22793
126	71	1.18509
126	74	1.53358
126	81	1.37428
126	88	0.87718
126	124	0.866334
126	134	0.842005
126	140	0.85964
126	142	1.46314
126	148	0.863464
126	154	0.876528
126	163	0.851649
126	164	1.4306
126	165	0.850713
126	167	1.43615
126	168	0.886113
126	169	0.835375
126	170	0.905852
126	172	0.82292
126	173	0.858139
126	174	0.801468
126	175	0.771094
126	176	0.812265
126	177	0.809453
126	178	0.817499
126	179	0.778265
126	180	0.827943
127	4	0.917023
127	8	0.826621
127	16	0.918874
127	22	0.814147
127	31	0.851994
127	34	0.783262
127	40	0.850048
127	61	0.873349
127	76	0.85807
127	79	0.821244
127	84	0.833039
127	95	0.931819
127	100	0.895143
127	101	0.905183
127	103	0.906304
127	115	1.5458
127	116	0.899297
127	120	0.885469
127	123	0.890906
127	128	1.23947
127	129	0.867817
127	130	1.51756
127	137	1.3922
127	144	1.39973
127	147	1.45003
127	148	1.29839
127	149	0.870591
127	168	1.19388
127	170	1.11654
128	71	1.06161
128	74	1.4101
128	81	1.2508
128	97	1.36072
128	105	0.858588
128	125	0.887286
128	127	1.23947
128	130	0.864048
128	131	1.17564
128	135	0.89328
128	136	0.85958
128	140	0.898372
128	150	1.38317
128	153	1.26828
128	154	0.91526
128	155	0.895674
128	160	1.17849
128	163	0.890381
128	165	0.889445
128	169	0.874107
128	171	0.882656
128	172	0.861652
128	173	0.896871
128	175	0.809826
128	176	0.850997
128	177	0.848185
128	178	0.856231
128	179	0.816997
128	180	0.866675
129	4	0.890671
129	8	0.80027
129	16	0.892523
129	22	0.787796
129	31	0.825643
129	34	0.756911
129	40	0.823696
129	47	1.15471
129	52	0.830026
129	61	0.846998
129	65	0.870319
129	76	0.831718
129	79	0.794893
129	84	0.806688
129	95	0.905467
129	100	0.868792
129	101	0.878832
129	103	0.879952
129	116	0.872946
129	120	0.859117
129	123	0.864555
129	124	1.37107
129	127	0.867817
129	144	1.5119
129	146	1.38444
129	149	0.84424
129	151	1.482
129	173	1.35405
129	176	1.49859
129	177	1.62853
129	180	1.48412
130	55	1.35996
130	66	1.47965
130	70	1.60604
130	83	0.836294
130	96	1.55992
130	110	1.3916
130	122	1.43225
130	127	1.51756
130	128	0.864048
130	135	0.83456
130	140	0.839652
130	148	0.843477
130	151	0.816195
130	154	0.856541
130	155	0.836954
130	163	0.831662
130	165	0.830726
130	167	1.59075
130	168	0.866125
130	169	0.815387
130	171	0.823936
130	172	0.802932
130	173	0.838152
130	174	0.781481
130	175	0.751106
130	176	0.792277
130	177	0.789466
130	178	0.797511
130	179	0.758278
130	180	0.807955
131	11	0.919612
131	55	0.922104
131	58	0.883289
131	66	0.895195
131	68	0.863811
131	86	0.872736
131	109	0.828229
131	110	0.914584
131	119	1.11668
131	128	1.17564
131	139	0.870999
131	141	0.86935
131	142	0.864394
131	150	0.853357
131	151	1.306
131	155	1.22933
131	156	0.856988
131	157	0.878594
131	159	0.862729
131	160	0.889953
131	161	0.857731
131	162	0.87094
131	163	1.24743
131	164	0.864779
131	166	0.877198
131	167	0.863665
131	171	1.25198
131	174	0.819367
131	175	1.71024
131	176	1.32259
131	178	1.37217
131	179	1.60072
132	11	0.874768
132	23	2.57923
132	29	0.842946
132	47	1.10584
132	49	0.875512
132	55	0.87726
132	66	0.850351
132	88	1.2808
132	108	0.841369
132	110	0.86974
132	113	1.32474
132	133	0.828883
132	140	1.25748
132	141	0.824506
132	142	0.81955
132	143	0.825788
132	144	0.804133
132	145	0.825542
132	147	0.809731
132	153	0.81984
132	154	1.26171
132	156	0.812144
132	157	0.83375
132	159	0.817885
132	160	0.845109
132	162	0.826096
132	164	0.819935
132	166	0.832354
132	167	0.818821
132	168	1.25717
132	177	1.57965
132	178	1.49929
133	18	1.08457
133	47	1.15208
133	58	0.875914
133	66	0.88782
133	71	0.936317
133	98	1.40702
133	109	0.820854
133	118	0.870064
133	132	0.828883
133	138	0.842708
133	139	0.863624
133	140	1.30373
133	142	0.857019
133	143	0.863257
133	144	0.841602
133	147	0.8472
133	150	0.845981
133	153	0.857309
133	154	1.30796
133	155	1.4027
133	156	0.849613
133	157	0.871219
133	158	1.35517
133	159	0.855354
133	160	0.882578
133	161	0.850356
133	162	0.863565
133	164	0.857404
133	166	0.869823
133	167	0.85629
133	171	1.42535
133	173	1.35143
133	175	1.88361
134	49	1.33395
134	61	1.36526
134	80	1.35637
134	83	0.852983
134	107	0.874552
134	113	0.860914
134	126	0.842005
134	136	0.817549
134	143	1.3623
134	147	0.833377
134	148	0.860165
134	149	1.48324
134	151	0.832883
134	152	0.863954
134	155	0.853643
134	159	1.36501
134	162	1.39961
134	163	0.84835
134	164	1.41647
134	165	0.847414
134	166	1.31543
134	168	0.882814
134	169	0.832076
134	171	0.840625
134	172	0.81962
134	173	0.85484
134	175	0.767794
134	176	0.808966
134	177	0.806154
134	178	0.8142
134	179	0.774966
134	180	0.824643
135	38	1.15157
135	63	1.30857
135	72	1.45024
135	75	1.36342
135	83	0.865526
135	107	0.887095
135	108	1.49905
135	128	0.89328
135	130	0.83456
135	145	1.30977
135	148	0.872708
135	151	0.845426
135	152	0.876497
135	154	0.885772
135	155	0.866186
135	156	1.27553
135	157	1.30687
135	158	0.873892
135	160	1.24143
135	162	1.3532
135	163	0.860893
135	165	0.859957
135	169	0.844619
135	170	0.915096
135	171	0.853168
135	172	0.832163
135	173	0.867383
135	174	0.810712
135	175	0.780337
135	176	0.821509
135	177	0.818697
135	178	0.826743
135	179	0.787509
135	180	0.837186
136	1	0.8263
136	7	1.17051
136	10	0.808767
136	14	1.30375
136	25	1.45699
136	74	1.6783
136	97	1.62892
136	113	0.839757
136	120	1.46245
136	124	0.841878
136	128	0.85958
136	134	0.817549
136	138	1.59245
136	139	1.53369
136	140	0.835184
136	147	0.81222
136	148	0.839008
136	152	0.842797
136	155	0.832486
136	158	0.840192
136	163	0.827193
136	164	1.57531
136	169	0.810919
136	170	0.881396
136	171	0.819468
136	172	0.798464
136	173	0.833684
136	174	0.777012
136	175	0.746638
136	176	0.787809
136	177	0.784997
136	178	0.793043
136	179	0.75381
136	180	0.803487
137	3	1.67059
137	26	1.49077
137	28	0.791191
137	62	1.42416
137	80	1.39974
137	91	1.47826
137	93	1.6448
137	101	1.2877
137	110	0.883805
137	112	1.30489
137	114	0.899612
137	118	0.846659
137	122	1.30689
137	127	1.3922
137	143	0.839852
137	152	0.854372
137	156	0.826208
137	157	0.847814
137	161	0.826951
137	162	0.84016
137	163	0.838768
137	164	0.834
137	165	0.837832
137	166	0.846418
137	167	0.832885
137	169	0.822494
137	170	0.892971
137	171	0.831043
137	172	0.810039
137	173	0.845259
137	174	0.788587
137	176	0.799384
137	177	0.796572
137	178	0.804618
137	179	0.765385
137	180	0.815062
138	15	1.11038
138	29	0.856771
138	33	0.830332
138	44	1.05942
138	49	0.889336
138	57	0.803045
138	66	0.864176
138	71	0.912673
138	96	0.826088
138	102	1.4594
138	110	0.883565
