1	65	1.01942
1	122	0.959046
1	128	0.965591
1	144	0.92901
1	161	0.919146
1	168	1.03441
1	175	1.03181
1	176	1.02332
1	177	1.02504
1	178	1.04478
1	179	1.02043
1	180	1.02043
2	144	1.03786
2	151	0.950937
2	159	1.02268
2	160	0.986076
2	161	1.02726
2	162	1.05286
2	163	0.983018
2	166	1.0292
2	173	1.00778
2	174	1.02241
2	175	0.93212
2	179	0.95233
3	9	1.12208
3	97	0.928462
3	146	0.878341
3	151	0.945375
3	163	1.01101
3	166	0.918312
3	172	1.03411
3	176	1.02754
3	177	1.02926
3	178	1.049
3	179	1.02465
3	180	1.02465
4	26	0.99863
4	116	0.943953
4	122	1.00016
4	128	1.0245
4	139	1.04155
4	146	1.0712
4	151	1.02519
4	157	1.03879
4	165	0.959496
4	166	0.954008
4	172	0.981227
4	176	0.96355
5	37	1.12415
5	49	1.20386
5	56	0.909407
5	89	0.945864
5	121	0.888469
5	124	0.864487
5	132	0.919918
5	145	0.913495
5	154	0.906244
5	167	1.2288
5	170	0.852098
5	180	1.25059
6	14	0.919799
6	94	0.979789
6	102	0.926705
6	148	1.03073
6	156	0.950441
6	173	1.01506
6	175	1.03242
6	176	1.02393
6	177	1.02565
6	178	1.04539
6	179	1.02104
6	180	1.02104
7	159	1.02469
7	161	1.02927
7	162	1.05488
7	165	1.0258
7	166	1.03121
7	171	0.987331
7	173	1.00979
7	174	1.02442
7	175	0.946402
7	176	0.947699
7	179	0.966613
7	180	0.959322
8	13	1.04353
8	72	0.935798
8	92	1.06491
8	117	0.921967
8	125	0.977247
8	127	1.05355
8	132	0.938612
8	134	1.03159
8	138	0.986188
8	146	1.07017
8	157	1.03775
8	176	0.940417
9	3	1.12208
9	25	0.883469
9	41	0.969384
9	75	0.915232
9	80	0.89272
9	110	0.848781
9	117	0.897366
9	119	0.870608
9	141	0.922479
9	149	1.17392
9	170	1.27115
9	171	1.23521
10	37	0.869029
10	96	0.951352
10	129	1.07416
10	144	1.02472
10	153	0.975778
10	156	1.04144
10	162	1.03973
10	166	1.01606
10	168	0.989186
10	171	1.02348
10	173	0.994645
10	174	1.00928
11	50	0.965342
11	99	0.997101
11	136	0.949223
11	153	1.03803
11	163	1.00922
11	165	0.944881
11	166	0.939393
11	175	1.03424
11	176	1.02575
11	178	1.04721
11	179	1.02286
11	180	1.02286
12	22	1.13388
12	35	0.921855
12	38	0.949554
12	40	1.06898
12	95	0.940753
12	106	1.04205
12	116	1.01646
12	133	1.02191
12	142	1.01371
12	143	1.02239
12	169	0.939216
12	178	0.929562
13	8	1.04353
13	112	1.04952
13	127	1.03401
13	134	1.01206
13	146	1.05063
13	147	0.929775
13	152	0.992454
13	154	0.949386
13	157	1.01822
13	164	0.977937
13	171	0.992028
13	173	0.952523
14	6	0.919799
14	47	1.05918
14	122	1.01676
14	125	0.994883
14	126	0.896907
14	138	1.00383
14	139	1.05815
14	148	0.953357
14	151	1.04179
14	152	0.974709
14	157	1.05539
14	171	1.0292
15	51	0.968853
15	97	1.01297
15	108	1.06365
15	117	0.945732
15	143	1.02425
15	154	1.02608
15	165	0.960128
15	173	0.978522
15	174	0.941076
15	175	1.03199
15	179	1.02061
15	180	1.0206
16	75	0.911501
16	100	1.22906
16	120	0.934201
16	124	0.8561
16	130	1.20953
16	137	1.14972
16	141	0.918748
16	154	0.897857
16	161	1.20375
16	177	0.896993
16	179	0.892387
16	180	0.892386
17	44	0.887866
17	102	0.897523
17	110	1.07191
17	139	0.965173
17	140	0.970436
17	160	1.00786
17	167	1.03546
17	176	1.0279
17	177	1.02961
17	178	1.04935
17	179	1.02501
17	180	1.02501
18	86	1.04309
18	99	1.00785
18	137	1.05217
18	154	0.941817
18	159	1.02951
18	165	1.03062
18	166	1.03603
18	173	1.01461
18	174	1.02924
18	177	0.948698
18	178	0.921709
18	179	0.949528
19	31	1.01827
19	33	0.823227
19	44	1.08229
19	140	1.0218
19	150	1.01888
19	152	1.01898
19	161	1.02621
19	165	1.02274
19	168	0.970055
19	173	1.00673
19	174	1.02137
19	180	0.976337
20	63	1.00805
20	85	0.980222
20	89	1.08327
20	97	1.03054
20	111	0.996956
20	132	1.05733
20	144	0.960713
20	153	0.949476
20	154	1.04365
20	157	0.926589
20	163	1.00714
20	176	0.957542
21	61	0.92562
21	71	0.933713
21	97	0.886671
21	124	0.858021
21	132	0.913452
21	145	0.907028
21	154	0.899778
21	164	1.22414
21	166	1.17484
21	171	0.875737
21	173	1.19873
21	177	1.20247
22	12	1.13388
22	105	1.14388
22	109	1.07508
22	110	0.931493
22	127	0.839572
22	133	1.1155
22	136	1.10839
22	142	1.1073
22	143	1.11598
22	148	0.864034
22	160	0.883775
22	168	0.836457
22	177	0.849199
23	43	1.1651
23	77	0.978681
23	110	0.916079
23	113	1.07173
23	118	0.96114
23	120	1.00523
23	141	0.989777
23	143	1.01511
23	146	1.00345
23	157	0.971035
23	178	0.987763
23	179	0.963416
23	180	0.963415
24	34	0.994327
24	81	1.04111
24	93	1.043
24	154	1.0637
24	165	1.04845
24	168	0.979978
24	169	0.98296
24	172	0.975461
24	176	0.968891
24	177	0.970606
24	178	0.990346
24	179	0.966
24	180	0.965999
25	9	0.883469
25	41	1.05782
25	51	0.987185
25	91	0.964313
25	101	0.937988
25	110	0.937217
25	119	0.959043
25	120	1.02637
25	141	1.01091
25	144	1.03292
25	164	1.06951
25	170	1.10532
25	176	1.02975
26	4	0.99863
26	42	1.02457
26	60	1.03961
26	61	1.00458
26	122	0.933654
26	127	0.98808
26	128	0.957994
26	134	0.966122
26	135	1.03867
26	151	0.958684
26	157	0.972282
26	179	1.06326
26	180	1.05597
27	41	0.978148
27	101	1.10289
27	118	1.00544
27	137	1.01333
27	151	1.09157
27	169	0.983287
27	172	0.975787
27	175	0.977707
27	176	0.969217
27	177	0.970932
27	178	0.990673
27	179	0.966326
27	180	0.966325
28	40	1.14253
28	48	0.967818
28	71	0.96251
28	80	0.979501
28	110	0.935563
28	111	1.05579
28	145	1.00912
28	150	0.970874
28	154	1.02322
28	174	0.973359
28	178	1.00725
28	179	0.982899
28	180	0.982899
29	87	1.05202
29	88	1.05611
29	90	1.06547
29	115	0.982019
29	144	0.988485
29	150	0.970552
29	158	1.03193
29	159	0.973308
29	165	0.974413
29	166	0.979824
29	171	1.00257
29	173	0.958405
29	174	0.973037
30	52	1.03747
30	73	1.00882
30	98	1.04814
30	115	1.04679
30	153	0.981585
30	161	1.05086
30	167	0.976879
30	175	0.977803
30	176	0.969313
30	177	0.971028
30	178	0.990768
30	179	0.966422
30	180	0.966421
31	19	1.01827
31	79	0.908637
31	80	1.07171
31	111	1.09869
31	113	1.09689
31	169	0.983287
31	172	0.975787
31	175	0.977707
31	176	0.969217
31	177	0.970932
31	178	0.990673
31	179	0.966326
31	180	0.966325
32	76	1.14272
32	107	1.02455
32	111	1.04641
32	123	0.920792
32	137	0.991398
32	144	0.983914
32	158	1.07163
32	162	0.99892
32	164	0.958382
32	165	0.969842
32	166	0.975253
32	173	0.953834
32	174	0.968466
33	19	0.823227
33	58	1.13391
33	68	1.08075
33	133	1.13505
33	136	1.12793
33	142	1.12685
33	144	0.863039
33	163	0.90947
33	164	1.11226
33	166	0.850326
33	170	1.08321
33	172	0.877545
33	177	0.877952
34	24	0.994327
34	37	0.828368
34	49	0.908076
34	75	1.07905
34	110	1.0126
34	125	1.00704
34	134	1.06139
34	141	1.08629
34	157	1.06755
34	172	0.960859
34	173	1.03576
34	174	1.05039
34	179	0.962097
34	180	0.954806
35	12	0.921855
35	40	0.981035
35	74	0.809559
35	105	0.944748
35	124	1.02659
35	134	0.993435
35	142	0.989313
35	146	0.935229
35	154	1.06835
35	156	1.0855
35	173	1.0387
35	175	1.07426
35	179	1.06288
35	180	1.06287
36	96	1.11649
36	106	1.07797
36	108	1.09148
36	140	0.928775
36	144	0.943788
36	159	0.928611
36	161	0.933186
36	162	0.958794
36	165	0.929716
36	166	0.935128
36	173	0.913709
36	174	0.928341
36	176	1.14898
36	179	1.1679
37	5	1.12415
37	10	0.869029
37	34	0.828368
37	39	1.05973
37	98	0.877125
37	112	0.838621
37	155	1.0351
37	167	1.05458
37	168	1.0581
37	176	1.04701
37	177	1.04873
37	178	1.06847
37	179	1.04412
37	180	1.04412
38	12	0.949554
38	49	1.11345
38	61	1.10879
38	88	0.888102
38	104	0.962756
38	105	0.95956
38	108	0.971056
38	109	0.890763
38	133	0.931183
38	136	0.924065
38	142	0.922982
38	153	1.14049
38	162	1.09339
38	165	1.1445
39	37	1.05973
39	117	0.929765
39	119	0.903006
39	123	1.0927
39	141	0.954877
39	145	0.941237
39	146	0.968547
39	151	0.922537
39	154	0.933987
39	156	1.12427
39	157	0.936135
39	171	0.909946
39	174	1.15144
39	175	1.17325
40	12	1.06898
40	28	1.14253
40	35	0.981035
40	50	0.929292
40	63	0.885231
40	79	0.988647
40	96	1.09937
40	121	0.903057
40	132	0.934507
40	145	0.928083
40	147	0.929285
40	154	0.920833
40	179	1.15078
40	180	1.14349
41	9	0.969384
41	25	1.05782
41	27	0.978148
41	62	0.981093
41	101	1.0239
41	110	1.02313
41	117	1.07172
41	119	1.04496
41	120	1.11228
41	141	1.09683
41	172	0.923128
41	175	0.904156
41	178	0.896547
41	179	0.924366
42	26	1.02457
42	90	1.02157
42	94	1.06152
42	112	1.09604
42	122	1.0261
42	131	0.941299
42	139	1.06749
42	151	1.05113
42	153	0.910973
42	157	1.06473
42	159	0.910549
42	166	0.909497
42	170	1.00843
42	178	0.910134
43	23	1.1651
43	68	0.888439
43	88	0.899659
43	93	0.962211
43	105	0.971118
43	106	0.962882
43	109	0.902321
43	123	1.05486
43	126	1.11317
43	136	0.935623
43	142	0.93454
43	143	0.94322
43	155	1.14801
43	167	1.12654
44	17	0.887866
44	19	1.08229
44	86	1.03016
44	137	1.06198
44	143	0.903042
44	150	1.03656
44	162	1.0695
44	165	1.04042
44	166	1.04583
44	169	0.918436
44	173	1.02441
44	174	1.03905
44	177	0.935771
44	180	0.92931
45	75	0.895436
45	109	0.964251
45	111	1.01901
45	124	1.02394
45	125	1.002
45	128	0.950851
45	134	0.919791
45	146	0.861585
45	154	1.0657
45	161	1.05554
45	174	1.05069
45	177	1.06484
45	179	1.06023
45	180	1.06023
46	57	1.11555
46	60	0.946743
46	130	0.933265
46	144	0.940962
46	156	0.957679
46	159	0.925785
46	160	1.15043
46	165	0.92689
46	166	0.932302
46	171	1.1374
46	173	0.910882
46	174	0.925514
46	177	1.11585
46	178	1.08886
47	14	1.05918
47	65	0.892605
47	73	0.960887
47	104	0.96196
47	108	0.970259
47	114	1.12207
47	133	0.930386
47	136	0.923269
47	142	0.922186
47	143	0.930866
47	164	0.907593
47	168	1.14544
47	175	1.1388
47	176	1.1401
48	28	0.967818
48	62	1.06217
48	74	1.11836
48	78	1.01382
48	80	0.978723
48	101	0.935555
48	102	1.02717
48	117	0.983369
48	119	0.956611
48	120	1.02394
48	141	1.00848
48	145	0.983628
48	161	0.979832
48	174	0.963419
48	180	0.998149
49	5	1.20386
49	34	0.908076
49	38	1.11345
49	52	0.946164
49	108	0.908748
49	156	0.915974
49	160	0.980448
49	163	0.983956
49	172	1.00706
49	175	1.00898
49	176	1.00049
49	177	1.0022
49	178	1.02194
49	179	0.997594
49	180	0.997593
50	11	0.965342
50	40	0.929292
50	61	1.04244
50	79	1.08442
50	97	1.0035
50	111	0.969907
50	121	0.998827
50	154	1.0166
50	162	0.962592
50	165	1.01371
50	170	0.962456
50	171	0.992561
50	173	1.0321
50	174	0.994655
50	180	1.02938
51	15	0.968853
51	25	0.987185
51	61	0.966259
51	75	1.01895
51	101	0.953269
51	102	1.04488
51	110	0.952497
51	114	0.988004
51	117	1.00108
51	119	0.974324
51	120	1.04165
51	141	1.02619
51	164	1.04578
51	168	1.01137
51	177	1.02411
52	30	1.03747
52	49	0.946164
52	95	1.00024
52	115	0.99612
52	129	1.05202
52	161	0.991984
52	162	1.01759
52	165	0.988514
52	166	0.993926
52	167	0.971108
52	170	1.05684
52	173	0.972506
52	174	0.987139
52	177	0.999354
52	180	0.992893
53	67	0.894633
53	80	1.02361
53	144	1.00999
53	152	0.981928
53	155	0.987243
53	159	0.998324
53	168	1.01024
53	170	1.08238
53	174	0.983708
53	175	1.00764
53	176	0.999154
53	177	1.00087
53	178	1.02061
53	179	0.996263
53	180	0.996262
54	112	1.0433
54	122	0.973363
54	128	0.997703
54	132	0.983009
54	138	0.960426
54	139	1.01475
54	146	1.0444
54	148	1.01773
54	151	0.998393
54	157	1.01199
54	158	1.05381
54	168	0.990156
54	169	0.985563
54	170	0.955697
54	178	0.975909
55	83	1.02308
55	114	0.994752
55	127	1.02078
55	128	0.990696
55	129	0.927411
55	133	1.00713
55	134	0.998824
55	138	0.953419
55	139	1.00775
55	146	1.0374
55	151	0.991386
55	153	1.01221
55	157	1.00498
55	169	1.02103
55	178	1.01137
56	5	0.909407
56	58	1.01205
56	70	0.995633
56	73	0.985116
56	89	1.05093
56	102	0.959835
56	136	1.03413
56	154	1.01131
56	156	1.02846
56	157	1.00289
56	173	0.981663
56	174	0.996295
56	177	1.01044
56	179	1.00584
56	180	1.00584
57	46	1.11555
57	59	0.865865
57	118	0.950523
57	119	1.08265
57	160	0.977049
57	162	0.963963
57	165	1.01508
57	169	1.01116
57	172	1.00366
57	175	1.00558
57	176	0.997086
57	177	0.998801
57	178	1.01854
57	179	0.994195
57	180	0.994194
58	33	1.13391
58	56	1.01205
58	65	0.964613
58	90	1.08209
58	109	0.961975
58	112	1.03815
58	117	1.00047
58	119	0.973717
58	125	0.946339
58	135	0.973886
58	138	0.955281
58	141	1.02559
58	175	0.978264
58	178	0.970655
58	180	0.991184
59	57	0.865865
59	69	1.0871
59	77	1.14346
59	79	1.19802
59	85	1.06678
59	97	1.1171
59	132	1.14388
59	145	1.13746
59	149	0.826434
59	155	0.859394
59	163	0.897689
59	168	0.853428
59	171	1.10617
59	178	0.839182
59	179	0.867001
60	26	1.03961
60	46	0.946743
60	72	0.991999
60	149	0.974965
60	150	0.996865
60	156	1.03151
60	161	1.0042
60	162	1.0298
60	165	1.00073
60	166	1.00614
60	169	0.997366
60	173	0.984718
60	174	0.99935
60	175	0.995321
60	180	1.00824
61	21	0.92562
61	26	1.00458
61	38	1.10879
61	50	1.04244
61	51	0.966259
61	69	0.990878
61	77	1.04724
61	85	0.970555
61	124	0.992228
61	131	0.983848
61	145	1.04124
61	170	0.979839
61	171	1.00994
61	175	0.960293
61	179	0.980503
62	41	0.981093
62	48	1.06217
62	74	0.901812
62	89	1.00781
62	108	1.0195
62	138	0.965503
62	141	1.02286
62	150	0.997423
62	151	1.00347
62	157	1.01707
62	159	1.00018
62	173	0.985276
62	176	1.01234
62	179	1.00945
62	180	1.00945
63	20	1.00805
63	40	0.885231
63	89	1.01216
63	111	0.925846
63	124	0.930784
63	132	0.986215
63	145	0.979792
63	147	0.980993
63	154	0.972541
63	155	1.05887
63	163	1.09716
63	164	1.08731
63	166	1.03802
63	170	0.918395
63	172	1.06524
63	180	1.05918
64	112	0.875958
64	115	1.07119
64	119	0.987398
64	140	1.06264
64	141	0.869736
64	149	0.902225
64	156	1.09437
64	159	1.06247
64	161	1.06705
64	165	1.06358
64	166	1.06899
64	168	0.929218
64	173	1.04757
64	174	1.0622
64	176	0.923877
64	178	0.914972
65	1	1.01942
65	47	0.892605
65	58	0.964613
65	73	0.996258
65	96	0.966128
65	104	0.99733
65	105	0.994135
65	114	1.07692
65	133	0.965757
65	141	1.0408
65	143	0.966237
65	147	1.08653
65	164	0.942964
65	170	0.913913
65	176	1.09494
65	178	1.08603
66	88	1.15208
66	108	1.0014
66	109	1.11206
66	143	1.04426
66	158	0.935125
66	159	1.05041
66	167	0.963116
66	168	0.966637
66	169	0.96962
66	172	0.96212
66	174	1.0358
66	175	0.96404
66	177	0.957265
66	178	0.977005
66	179	0.952659
66	180	0.952658
67	53	0.894633
67	98	1.07333
67	109	0.942326
67	115	1.07194
67	144	1.0784
67	148	0.922092
67	153	0.881108
67	158	0.95817
67	159	1.06323
67	161	1.0678
67	165	1.06433
67	166	1.06974
67	173	1.04832
67	174	1.06296
67	177	0.907257
67	180	0.900797
68	33	1.08075
68	43	0.888439
68	88	0.906156
68	104	0.98081
68	105	0.977614
68	106	0.969379
68	108	0.98911
68	109	0.908817
68	121	1.07846
68	133	0.949237
68	143	0.949717
68	163	1.0953
68	169	1.04645
68	172	1.06337
68	179	1.06461
68	180	1.05732
69	59	1.0871
69	61	0.990878
69	85	0.901606
69	86	1.14314
69	97	0.951928
69	111	0.91834
69	121	0.94726
69	132	0.97871
69	138	1.09799
69	144	1.03383
69	145	0.972286
69	164	1.07042
69	170	0.91089
69	171	0.940994
69	173	1.045
69	174	1.00756
70	56	0.995633
70	88	0.979944
70	104	1.0546
70	105	1.0514
70	106	1.04317
70	108	1.0629
70	109	0.982605
70	136	1.01591
70	142	1.01482
70	143	1.0235
70	147	0.954734
70	159	0.954652
70	170	0.971181
70	171	1.00277
70	174	0.940035
70	177	0.981226
70	180	0.974765
71	21	0.933713
71	28	0.96251
71	79	1.10989
71	83	0.954648
71	85	0.978648
71	87	1.04093
71	121	1.0243
71	124	1.00032
71	132	1.05575
71	145	1.04933
71	154	1.04208
71	159	0.943358
71	164	0.9916
71	170	0.987932
71	171	1.01804
71	175	0.950551
71	180	0.963471
72	8	0.935798
72	60	0.991999
72	130	0.995824
72	143	0.982092
72	144	0.999907
72	148	1.02379
72	156	0.946461
72	162	0.941567
72	163	1.00047
72	167	1.02456
72	172	1.02357
72	175	1.02549
72	176	1.017
72	177	1.01871
72	178	1.03845
72	179	1.0141
72	180	1.0141
73	30	1.00882
73	47	0.960887
73	56	0.985116
73	65	0.996258
73	106	1.05418
73	108	1.07391
73	133	1.03404
73	136	1.02692
73	140	0.951526
73	142	1.02584
73	143	1.03452
73	155	0.963932
73	164	1.01125
73	170	0.982195
73	176	0.952624
73	177	0.970708
73	179	0.971538
74	35	0.809559
74	48	1.11836
74	62	0.901812
74	75	1.15255
74	101	1.08687
74	102	1.17848
74	110	1.0861
74	117	1.13469
74	118	0.757562
74	119	1.10793
74	120	1.17525
74	124	0.894055
74	141	1.1598
74	152	0.880442
74	163	0.875773
74	164	0.865925
74	178	0.817266
75	9	0.915232
75	16	0.911501
75	34	1.07905
75	45	0.895436
75	51	1.01895
75	74	1.15255
75	101	0.969751
75	102	1.06136
75	112	0.937773
75	119	0.990807
75	120	1.05813
75	141	1.04268
75	155	0.996999
75	164	1.02545
75	167	0.97553
75	168	0.991034
75	175	0.984396
76	32	1.14272
76	109	1.19459
76	118	1.07283
76	148	0.927123
76	153	0.932596
76	157	1.11049
76	168	0.931411
76	169	0.934394
76	172	0.926894
76	173	1.15578
76	174	1.11834
76	175	0.928814
76	176	0.920324
76	177	0.922039
76	178	0.94178
76	179	0.917433
76	180	0.917432
77	23	0.978681
77	59	1.14346
77	61	1.04724
77	78	0.977583
77	85	0.957967
77	97	1.00829
77	111	0.974702
77	121	1.00362
77	124	0.97964
77	132	1.03507
77	145	1.02865
77	154	1.0214
77	160	1.00295
77	161	0.943594
77	164	0.99004
77	176	0.950287
77	180	0.96191
78	48	1.01382
78	77	0.977583
78	124	1.09653
78	158	0.96045
78	159	1.02016
78	160	0.960838
78	165	1.0246
78	166	1.01911
78	167	0.988442
78	168	0.991962
78	172	0.987445
78	173	1.04299
78	175	0.989365
78	176	0.980875
78	177	0.98259
78	178	1.00233
78	179	0.977984
78	180	0.977983
79	31	0.908637
79	40	0.988647
79	50	1.08442
79	59	1.19802
79	71	1.10989
79	89	1.11558
79	92	0.979577
79	114	0.837061
79	119	0.918604
79	121	1.05818
79	124	1.0342
79	145	1.08321
79	154	1.07596
79	158	0.924079
79	164	0.894836
79	171	1.05192
79	172	0.87276
79	173	0.869423
80	9	0.89272
80	28	0.979501
80	31	1.07171
80	48	0.978723
80	53	1.02361
80	96	0.997344
80	101	0.947239
80	102	1.03885
80	110	0.946468
80	117	0.995053
80	119	0.968294
80	120	1.03562
80	135	1.01248
80	141	1.02017
80	145	1.01525
80	167	1.00799
80	171	1.05778
80	175	1.01685
81	24	1.04111
81	87	1.07905
81	113	0.948016
81	118	1.02897
81	129	1.03923
81	140	0.974783
81	152	1.04424
81	159	0.974619
81	161	0.979194
81	163	1.03957
81	164	0.964264
81	165	0.975724
81	166	0.981136
81	168	0.995311
81	171	1.0296
81	173	0.959716
81	174	0.974349
81	178	0.981065
82	94	0.99762
82	113	1.05919
82	122	0.962199
82	125	0.940321
82	128	0.986539
82	131	1.03947
82	134	0.994667
82	138	0.949263
82	139	1.00359
82	143	1.00256
82	146	1.03324
82	149	0.995557
82	151	0.987229
82	157	1.00083
82	164	1.05696
82	165	1.01315
82	170	0.944533
82	172	1.03489
83	55	1.02308
83	71	0.954648
83	109	1.05731
83	115	0.993389
83	138	1.07149
83	152	0.962267
83	154	1.01536
83	158	0.959068
83	167	0.98706
83	168	0.99058
83	169	0.993563
83	170	1.07973
83	172	0.986063
83	175	0.987983
83	176	0.979493
83	178	1.00095
83	179	0.976602
83	180	0.976601
84	89	1.03974
84	97	1.10953
84	105	1.06893
84	111	1.1527
84	141	1.05478
84	153	0.959382
84	155	0.935199
84	157	1.07797
84	163	0.930581
84	167	0.954677
84	168	0.958197
84	172	0.95368
84	174	1.08582
84	175	0.9556
84	176	0.94711
84	177	0.948825
84	178	0.968566
84	179	0.944219
84	180	0.944218
85	20	0.980222
85	59	1.06678
85	61	0.970555
85	69	0.901606
85	71	0.978648
85	77	0.957967
85	116	1.05788
85	121	0.926938
85	124	0.902957
85	132	0.958388
85	148	1.1104
85	154	0.944714
85	155	1.08879
85	161	1.07079
85	163	1.12708
85	170	0.890567
85	171	0.920672
85	174	1.05437
85	177	1.09556
86	18	1.04309
86	44	1.03016
86	69	1.14314
86	106	1.04282
86	124	1.18171
86	149	0.955635
86	155	0.934948
86	156	1.06355
86	163	0.93033
86	168	0.957946
86	169	0.960929
86	172	0.953429
86	174	1.09072
86	175	0.955349
86	176	0.946859
86	177	0.948574
86	178	0.968315
86	179	0.943968
86	180	0.943967
87	29	1.05202
87	71	1.04093
87	81	1.07905
87	94	1.06951
87	103	0.961522
87	124	1.15832
87	151	1.10796
87	155	0.935082
87	158	0.926568
87	165	1.08638
87	167	0.95456
87	169	0.961063
87	172	0.953563
87	175	0.955483
87	176	0.946993
87	177	0.948708
87	178	0.968449
87	179	0.944102
87	180	0.944101
88	29	1.05611
88	38	0.888102
88	43	0.899659
88	66	1.15208
88	68	0.906156
88	70	0.979944
88	104	0.992031
88	105	0.988835
88	106	0.9806
88	133	0.960458
88	136	0.95334
88	142	0.952257
88	143	0.960938
88	146	1.04501
88	150	1.10141
88	157	1.06358
88	164	0.937665
88	176	1.09453
88	178	1.08562
89	5	0.945864
89	20	1.08327
89	56	1.05093
89	62	1.00781
89	63	1.01216
89	79	1.11558
89	84	1.03974
89	97	1.03466
89	111	1.00107
89	121	1.02999
89	123	0.850325
89	145	1.05501
89	148	0.965088
89	154	1.04776
89	167	0.922007
89	171	1.02372
89	177	0.950253
89	178	0.923264
89	179	0.951083
90	29	1.06547
90	42	1.02157
90	58	1.08209
90	109	1.15704
90	117	1.08544
90	140	1.10279
90	152	0.936889
90	155	0.942204
90	158	0.93369
90	160	0.934078
90	163	0.937586
90	168	0.965202
90	174	1.08078
90	175	0.962605
90	176	0.954115
90	177	0.95583
90	178	0.975571
90	179	0.951224
90	180	0.951223
91	25	0.964313
91	104	0.924062
91	111	0.979692
91	127	0.944373
91	142	0.940486
91	150	0.942794
91	156	0.885641
91	160	1.01225
91	167	1.03985
91	168	1.04337
91	169	1.04636
91	170	1.01149
91	172	1.03886
91	175	1.04078
91	176	1.03229
91	177	1.034
91	178	1.05374
91	179	1.0294
91	180	1.02939
92	8	1.06491
92	79	0.979577
92	112	1.07793
92	122	1.15906
92	140	1.12475
92	158	0.929463
92	159	1.11736
92	160	0.929851
92	162	1.07068
92	163	0.933359
92	167	0.957454
92	168	0.960975
92	169	0.963958
92	175	0.958378
92	176	0.949888
92	177	0.951603
92	178	0.971343
92	179	0.946997
92	180	0.946996
93	24	1.043
93	43	0.962211
93	116	1.01756
93	122	0.988832
93	138	0.975896
93	142	1.01481
93	151	1.01386
93	157	1.02746
93	159	1.01057
93	165	1.01168
93	167	0.981696
93	168	0.9972
93	169	0.992607
93	170	0.971166
93	173	0.995669
93	174	1.0103
93	176	0.991858
93	177	1.00994
93	178	0.982953
93	179	1.01077
94	6	0.979789
94	42	1.06152
94	82	0.99762
94	87	1.06951
94	116	0.96083
94	125	0.948726
94	127	1.02503
94	128	0.994945
94	134	1.00307
94	138	0.957668
94	139	1.012
94	146	1.04165
94	151	0.995635
94	152	1.0347
94	157	1.00923
94	159	0.971938
94	170	0.952939
94	177	0.998511
94	179	0.999342
94	180	0.992051
95	12	0.940753
95	52	1.00024
95	113	0.964887
95	129	1.0561
95	140	0.991654
95	150	0.988735
95	156	1.02338
95	159	0.99149
95	161	0.996066
95	162	1.02167
95	166	0.998007
95	168	1.00898
95	173	0.976588
95	174	0.99122
95	175	1.00234
95	176	1.00364
95	177	1.02172
95	178	0.994735
95	179	1.02255
95	180	1.01526
96	10	0.951352
96	36	1.11649
96	40	1.09937
96	65	0.966128
96	80	0.997344
96	102	1.04579
96	117	1.00199
96	118	0.900254
96	136	0.996792
96	138	1.0362
96	140	0.967765
96	141	1.0271
96	142	0.99571
96	161	0.96217
96	166	0.959321
96	170	0.952066
96	175	1.01212
96	176	1.00363
96	179	1.00074
96	180	1.00074
97	3	0.928462
97	15	1.01297
97	20	1.03054
97	21	0.886671
97	50	1.0035
97	59	1.1171
97	69	0.951928
97	77	1.00829
97	84	1.10953
97	89	1.03466
97	111	0.948341
97	116	0.982366
97	118	0.933354
97	132	1.00871
97	145	1.00229
97	154	0.995036
97	167	0.991801
97	172	1.01964
97	177	1.02005
97	179	1.02088
98	30	1.04814
98	37	0.877125
98	67	1.07333
98	99	0.967101
98	128	1.03169
98	139	0.985579
98	147	1.01195
98	148	1.02486
98	156	1.02066
98	158	1.06094
98	159	0.988762
98	161	0.993338
98	162	1.01895
98	164	0.978407
98	165	0.989867
98	166	0.995279
98	173	0.97386
98	174	0.988492
98	176	0.991941
98	178	0.983035
99	11	0.997101
99	18	1.00785
99	98	0.967101
99	130	0.964482
99	134	1.05821
99	135	1.04385
99	137	0.979663
99	140	0.957165
99	142	1.05409
99	144	0.972178
99	156	0.988895
99	159	0.957001
99	161	0.961577
99	162	0.987185
99	165	0.958106
99	168	1.05486
99	171	1.08915
99	173	0.942099
99	174	0.956731
99	175	1.04822
99	180	1.06114
100	16	1.22906
100	103	0.990676
100	129	1.02279
100	130	0.965661
100	137	0.980843
100	140	0.958345
100	146	0.970457
100	155	1.03128
100	156	0.990075
100	159	0.958181
100	161	0.962756
100	162	0.988364
100	163	1.06957
100	164	0.947826
100	165	0.959286
100	166	0.964698
100	171	1.0596
100	172	1.03765
100	173	0.943279
100	174	0.957911
100	176	1.01997
101	25	0.937988
101	27	1.10289
101	41	1.0239
101	48	0.935555
101	51	0.953269
101	74	1.08687
101	75	0.969751
101	80	0.947239
101	102	0.995683
101	110	0.9033
101	116	1.01059
101	117	0.951886
101	119	0.925127
101	120	0.992452
101	122	1.0634
101	141	0.976998
101	153	1.02212
101	164	1.06994
101	173	1.04453
101	179	1.0491
101	180	1.04181
102	6	0.926705
102	17	0.897523
102	48	1.02717
102	51	1.04488
102	56	0.959835
102	74	1.17848
102	75	1.06136
102	80	1.03885
102	96	1.04579
102	101	0.995683
102	110	0.994911
102	117	1.0435
102	119	1.01674
102	120	1.08406
102	126	0.903812
102	141	1.06861
102	147	0.918935
102	160	0.980003
102	167	0.917181
102	171	0.966976
102	180	0.938967
103	87	0.961522
103	100	0.990676
103	105	0.932067
103	115	0.961295
103	120	0.907016
103	122	1.00527
103	128	1.01181
103	138	1.03939
103	139	0.9657
103	144	0.975232
103	160	0.997477
103	163	1.00098
103	167	1.02508
103	168	1.0286
103	169	1.03158
103	172	1.02408
103	175	1.026
103	176	1.01751
103	177	1.01923
103	178	1.03897
103	179	1.01462
103	180	1.01462
104	38	0.962756
104	47	0.96196
104	65	0.99733
104	68	0.98081
104	70	1.0546
104	88	0.992031
104	91	0.924062
104	106	1.05525
104	108	1.07498
104	109	0.994693
104	114	0.971479
104	133	1.03511
104	136	1.02799
104	142	1.02691
104	143	1.03559
104	145	0.986604
104	147	0.981093
104	151	1.00702
104	162	0.934332
104	171	1.02913
104	174	0.966395
104	180	1.00112
105	22	1.14388
105	35	0.944748
105	38	0.95956
105	43	0.971118
105	65	0.994135
105	68	0.977614
105	70	1.0514
105	84	1.06893
105	88	0.988835
105	103	0.932067
105	109	0.991497
105	133	1.03192
105	136	1.0248
105	142	1.02372
105	143	1.0324
105	147	0.952953
105	160	1.01402
105	164	1.00912
105	169	0.96211
105	171	1.00099
105	175	0.960064
105	180	0.972984
106	12	1.04205
106	36	1.07797
106	43	0.962882
106	68	0.969379
106	70	1.04317
106	73	1.05418
106	86	1.04282
106	88	0.9806
106	104	1.05525
106	108	1.06355
106	134	0.939036
106	136	1.01656
106	142	1.01548
106	143	1.02416
106	148	0.963262
106	151	0.947865
106	163	0.979946
106	164	1.00089
106	168	0.935685
106	170	0.971837
106	171	0.969977
106	179	0.949258
107	32	1.02455
107	111	1.06704
107	127	1.03172
107	128	1.06302
107	137	0.962542
107	151	1.04079
107	152	0.966845
107	153	0.996343
107	154	1.03447
107	156	0.972993
107	157	0.992315
107	158	0.963646
107	163	0.967542
107	167	0.991638
107	168	0.995158
107	169	0.998141
107	172	0.990641
107	175	0.992561
107	176	0.984071
107	177	0.985786
107	178	1.00553
107	179	0.98118
107	180	0.981179
108	15	1.06365
108	36	1.09148
108	38	0.971056
108	47	0.970259
108	49	0.908748
108	62	1.0195
108	66	1.0014
108	68	0.98911
108	70	1.0629
108	73	1.07391
108	104	1.07498
108	106	1.06355
108	109	1.00299
108	136	1.03629
108	142	1.03521
108	143	1.04389
108	147	0.935446
108	156	0.893579
108	157	0.912901
108	164	1.02062
108	167	0.933692
108	169	0.944603
108	170	0.991568
108	177	0.961938
109	22	1.07508
109	38	0.890763
109	43	0.902321
109	45	0.964251
109	58	0.961975
109	66	1.11206
109	67	0.942326
109	68	0.908817
109	70	0.982605
109	76	1.19459
109	83	1.05731
109	90	1.15704
109	104	0.994693
109	105	0.991497
109	108	1.00299
109	130	1.0536
109	133	0.963119
109	136	0.956002
109	142	0.954919
109	143	0.963599
109	147	1.0461
109	164	0.940326
109	170	0.911275
109	179	1.07342
110	9	0.848781
110	17	1.07191
110	22	0.931493
110	23	0.916079
110	25	0.937217
110	28	0.935563
110	34	1.0126
110	41	1.02313
110	51	0.952497
110	74	1.0861
110	80	0.946468
110	101	0.9033
110	102	0.994911
110	112	1.05381
110	114	1.08371
110	117	0.951114
110	119	0.924356
110	120	0.99168
110	137	1.04101
110	141	0.976226
110	147	1.09332
110	154	1.11294
110	178	1.09283
110	179	1.12065
111	20	0.996956
111	28	1.05579
111	31	1.09869
111	32	1.04641
111	45	1.01901
111	50	0.969907
111	63	0.925846
111	69	0.91834
111	77	0.974702
111	84	1.1527
111	89	1.00107
111	91	0.979692
111	97	0.948341
111	107	1.06704
111	121	0.943672
111	124	0.919691
111	132	0.975122
111	139	1.03877
111	145	0.968698
111	147	0.9699
111	152	1.0994
111	154	0.961448
111	170	0.907302
111	177	1.06322
112	13	1.04952
112	37	0.838621
112	42	1.09604
112	54	1.0433
112	58	1.03815
112	64	0.875958
112	75	0.937773
112	92	1.07793
112	110	1.05381
112	122	1.00512
112	125	0.98324
112	128	1.02946
112	134	1.03759
112	135	0.947762
112	138	0.992182
112	139	1.04651
112	151	1.03015
112	157	1.04375
112	164	0.993189
112	165	0.949382
112	168	0.958778
112	170	0.987452
112	171	1.01756
112	177	0.97152
113	23	1.07173
113	31	1.09689
113	81	0.948016
113	82	1.05919
113	95	0.964887
113	115	0.960771
113	130	0.959539
113	134	1.05203
113	137	0.974721
113	144	0.967236
113	150	0.949304
113	155	1.05465
113	156	0.983953
113	159	0.952059
113	161	0.956634
113	162	0.982242
113	165	0.953164
113	166	0.958576
113	170	1.11891
113	173	0.937157
113	174	0.951789
113	178	1.03443
113	179	1.06225
113	180	1.05496
114	47	1.12207
114	51	0.988004
114	55	0.994752
114	65	1.07692
114	79	0.837061
114	104	0.971479
114	110	1.08371
114	121	1.0161
114	134	0.996047
114	136	0.983621
114	141	0.929192
114	142	0.987904
114	146	1.03462
114	151	0.98861
114	156	1.01721
114	157	1.00221
114	162	1.0155
114	166	0.991836
114	169	1.01155
114	172	1.00405
114	173	0.970416
114	174	0.985049
114	177	0.999195
114	179	0.994589
114	180	0.994588
115	29	0.982019
115	30	1.04679
115	52	0.99612
115	64	1.07119
115	67	1.07194
115	83	0.993389
115	103	0.961295
115	113	0.960771
115	130	0.994854
115	137	1.01004
115	139	0.984227
115	149	0.968936
115	150	0.984618
115	154	1.00179
115	161	0.991949
115	162	1.01756
115	163	1.04019
115	164	0.977019
115	165	0.988479
115	166	0.993891
115	172	1.00826
115	173	0.972471
115	174	0.987103
115	176	0.990588
115	179	1.0095
116	4	0.943953
116	12	1.01646
116	85	1.05788
116	93	1.01756
116	94	0.96083
116	97	0.982366
116	101	1.01059
116	118	1.04001
116	128	1.02151
116	133	0.99809
116	138	1.04909
116	139	0.975397
116	142	0.989889
116	143	0.99857
116	151	0.999279
116	154	0.992961
116	165	0.986756
116	166	0.992168
116	168	1.0089
116	173	0.970749
116	174	0.985381
116	175	1.0063
116	177	0.999528
116	179	0.994922
116	180	0.994921
117	8	0.921967
117	9	0.897366
117	15	0.945732
117	39	0.929765
117	41	1.07172
117	48	0.983369
117	51	1.00108
117	58	1.00047
117	74	1.13469
117	80	0.995053
117	90	1.08544
117	96	1.00199
117	101	0.951886
117	102	1.0435
117	110	0.951114
117	119	0.972941
117	120	1.04027
117	132	0.9811
117	141	1.02481
117	152	1.03718
117	153	0.974839
117	158	1.0519
117	160	1.03556
117	167	0.972743
117	177	1.00099
118	23	0.96114
118	27	1.00544
118	57	0.950523
118	74	0.757562
118	76	1.07283
118	81	1.02897
118	96	0.900254
118	97	0.933354
118	116	1.04001
118	130	1.0405
118	136	0.933033
118	137	1.05568
118	140	1.03318
118	144	1.0482
118	148	0.965664
118	150	1.03026
118	156	1.06491
118	159	1.03302
118	161	1.03759
118	162	1.0632
118	165	1.03412
118	166	1.03953
118	171	0.972378
118	173	1.01812
118	174	1.03275
118	179	0.951659
119	9	0.870608
119	25	0.959043
119	39	0.903006
119	41	1.04496
119	48	0.956611
119	51	0.974324
119	57	1.08265
119	58	0.973717
119	64	0.987398
119	74	1.10793
119	75	0.990807
119	79	0.918604
119	80	0.968294
119	101	0.925127
119	102	1.01674
119	110	0.924356
119	117	0.972941
119	120	1.01351
119	129	0.972008
119	141	0.998053
119	155	1.07618
119	156	1.0146
119	171	1.10451
119	172	1.08255
119	177	1.08296
119	179	1.08379
120	16	0.934201
120	23	1.00523
120	25	1.02637
120	41	1.11228
120	48	1.02394
120	51	1.04165
120	74	1.17525
120	75	1.05813
120	80	1.03562
120	101	0.992452
120	102	1.08406
120	103	0.907016
120	110	0.99168
120	117	1.04027
120	119	1.01351
120	122	0.969517
120	141	1.06538
120	147	0.927902
120	152	0.990581
120	162	0.88114
120	164	0.976063
120	169	0.937059
120	171	0.975943
120	173	0.95065
120	175	0.935014
120	179	0.955224
121	5	0.888469
121	40	0.903057
121	50	0.998827
121	68	1.07846
121	69	0.94726
121	71	1.0243
121	77	1.00362
121	79	1.05818
121	85	0.926938
121	89	1.02999
121	111	0.943672
121	114	1.0161
121	123	0.952278
121	124	0.948611
121	132	1.00404
121	136	1.03441
121	145	0.997618
121	147	0.99882
121	152	1.08839
121	154	0.990368
121	158	1.10312
121	167	1.02396
121	169	1.03487
121	170	0.936222
121	175	1.03283
121	180	1.04574
122	1	0.959046
122	4	1.00016
122	14	1.01676
122	26	0.933654
122	42	1.0261
122	54	0.973363
122	82	0.962199
122	92	1.15906
122	93	0.988832
122	101	1.0634
122	103	1.00527
122	112	1.00512
122	120	0.969517
122	126	1.01103
122	127	0.989609
122	138	0.922247
122	139	0.976575
122	146	1.00622
122	149	1.01291
122	151	0.960214
122	152	1.08883
122	157	0.973812
122	158	1.10356
122	169	1.03531
122	170	0.917517
122	171	0.947622
123	32	0.920792
123	39	1.0927
123	43	1.05486
123	89	0.850325
123	121	0.952278
123	127	0.927968
123	130	0.918599
123	134	0.928204
123	148	1.04448
123	149	1.04645
123	151	0.937032
123	152	1.02045
123	155	1.02577
123	161	0.912818
123	163	1.02115
123	167	1.04524
123	168	1.04876
123	169	1.05175
123	172	1.04425
123	174	0.896405
123	175	1.04617
123	176	1.03768
123	177	1.03939
123	178	1.05913
123	179	1.03479
123	180	1.03478
124	5	0.864487
124	16	0.8561
124	21	0.858021
124	35	1.02659
124	45	1.02394
124	61	0.992228
124	63	0.930784
124	71	1.00032
124	74	0.894055
124	77	0.97964
124	78	1.09653
124	79	1.0342
124	85	0.902957
124	86	1.18171
124	87	1.15832
124	111	0.919691
124	121	0.948611
124	126	1.04571
124	132	0.980061
124	144	1.07241
124	145	0.973637
124	154	0.966387
124	155	1.08055
124	160	1.1219
124	171	0.942345
124	175	1.06794
124	179	1.08815
125	8	0.977247
125	14	0.994883
125	34	1.00704
125	45	1.002
125	58	0.946339
125	82	0.940321
125	94	0.948726
125	112	0.98324
125	127	0.967731
125	128	0.937645
125	134	0.945773
125	138	0.900369
125	139	0.954696
125	143	1.07761
125	146	0.984346
125	149	1.0706
125	151	0.938336
125	157	0.951934
125	159	1.08376
125	162	1.03708
125	164	1.13201
125	166	1.08271
125	168	1.09759
125	170	0.895639
125	171	0.925744
125	173	1.10659
125	177	1.11034
126	14	0.896907
126	43	1.11317
126	102	0.903812
126	122	1.01103
126	124	1.04571
126	130	0.976911
126	149	1.02054
126	150	0.984702
126	152	0.994539
126	153	1.02404
126	156	0.927548
126	158	0.99134
126	160	0.991728
126	161	0.97113
126	163	0.995236
126	166	0.968281
126	167	1.01933
126	168	1.02285
126	169	1.02583
126	172	1.01833
126	173	0.992163
126	175	1.02026
126	176	1.01176
126	177	1.01348
126	178	1.03322
126	179	1.00887
126	180	1.00887
127	8	1.05355
127	13	1.03401
127	22	0.839572
127	26	0.98808
127	55	1.02078
127	91	0.944373
127	94	1.02503
127	107	1.03172
127	122	0.989609
127	123	0.927968
127	125	0.967731
127	128	1.01395
127	134	1.02208
127	135	1.00414
127	138	0.976673
127	139	1.031
127	146	1.06065
127	149	0.988159
127	151	1.01464
127	155	1.02112
127	156	0.959537
127	157	1.02824
127	164	1.04956
127	168	1.01515
127	170	0.971943
127	171	1.00205
127	173	1.02415
128	1	0.965591
128	4	1.0245
128	26	0.957994
128	45	0.950851
128	54	0.997703
128	55	0.990696
128	82	0.986539
128	94	0.994945
128	98	1.03169
128	103	1.01181
128	107	1.06302
128	112	1.02946
128	116	1.02151
128	125	0.937645
128	127	1.01395
128	134	0.991991
128	135	1.03543
128	138	0.946587
128	139	1.00092
128	146	1.03056
128	147	1.0327
128	151	0.984554
128	156	0.990832
128	157	0.998152
128	170	0.941858
128	171	0.971962
128	176	1.04111
128	179	1.06002
129	10	1.07416
129	52	1.05202
129	55	0.927411
129	81	1.03923
129	95	1.0561
129	100	1.02279
129	119	0.972008
129	140	1.04344
129	142	0.913058
129	147	1.06647
129	150	1.04052
129	152	0.962758
129	153	0.900421
129	154	0.91969
129	156	1.07517
129	158	0.977483
129	159	1.04327
129	161	1.04785
129	162	1.07346
129	165	1.04438
129	166	1.04979
129	171	0.94812
129	172	0.926164
129	173	1.02837
129	174	1.043
129	176	0.908487
129	177	0.926571
129	179	0.927401
130	16	1.20953
130	46	0.933265
130	72	0.995824
130	99	0.964482
130	100	0.965661
130	109	1.0536
130	113	0.959539
130	115	0.994854
130	118	1.0405
130	123	0.918599
130	126	0.976911
130	137	1.0088
130	144	1.00132
130	149	0.978791
130	150	0.983387
130	156	1.01804
130	159	0.986143
130	160	1.0531
130	161	0.990718
130	162	1.01633
130	165	0.987247
130	166	0.992659
130	172	1.01812
130	173	0.97124
130	174	0.985872
130	176	1.00044
130	178	0.991538
130	180	1.01207
131	42	0.941299
131	61	0.983848
131	82	1.03947
131	134	1.03231
131	135	0.986798
131	137	0.962889
131	142	1.02818
131	144	1.02679
131	145	1.02072
131	152	0.971656
131	153	1.00115
131	155	0.97697
131	158	0.968456
131	160	0.968845
131	163	0.972352
131	165	1.01956
131	167	0.996448
131	168	0.999968
131	169	1.00295
131	170	1.09918
131	172	0.995451
131	173	1.03795
131	175	0.997372
131	176	0.988881
131	177	0.990597
131	178	1.01034
131	179	0.98599
131	180	0.98599
132	5	0.919918
132	8	0.938612
132	20	1.05733
132	21	0.913452
132	40	0.934507
132	54	0.983009
132	59	1.14388
132	63	0.986215
132	69	0.97871
132	71	1.05575
132	77	1.03507
132	85	0.958388
132	97	1.00871
132	111	0.975122
132	117	0.9811
132	121	1.00404
132	124	0.980061
132	145	1.02907
132	147	1.03027
132	149	0.977898
132	153	0.991484
132	154	1.02182
132	158	1.06855
132	163	1.04915
132	167	0.989388
132	169	1.0003
132	170	0.967671
132	172	1.01723
132	175	0.998254
132	177	1.01763
133	12	1.02191
133	22	1.1155
133	33	1.13505
133	38	0.931183
133	47	0.930386
133	55	1.00713
133	65	0.965757
133	68	0.949237
133	73	1.03404
133	88	0.960458
133	104	1.03511
133	105	1.03192
133	109	0.963119
133	116	0.99809
133	136	0.996421
133	142	0.995338
133	143	1.00402
133	155	0.999509
133	160	1.04086
133	164	0.980746
133	167	0.978039
133	168	0.993543
133	169	0.988951
133	170	0.951695
133	171	1.02783
133	176	0.988202
133	177	1.00629
133	178	0.979297
133	179	1.00712
133	180	0.999825
134	8	1.03159
134	13	1.01206
134	26	0.966122
134	34	1.06139
134	35	0.993435
134	45	0.919791
134	55	0.998824
134	82	0.994667
134	94	1.00307
134	99	1.05821
134	106	0.939036
134	112	1.03759
134	113	1.05203
134	114	0.996047
134	123	0.928204
134	125	0.945773
134	127	1.02208
134	128	0.991991
134	131	1.03231
134	138	0.954715
134	139	1.00904
134	146	1.03869
134	157	1.00628
134	162	0.954878
134	164	1.0498
134	170	0.949985
134	171	0.98009
134	173	1.02439
134	177	1.02813
134	180	1.02167
135	26	1.03867
135	58	0.973886
135	80	1.01248
135	99	1.04385
135	112	0.947762
135	127	1.00414
135	128	1.03543
135	131	0.986798
135	137	0.934955
135	148	1.0077
135	151	1.0132
135	152	0.983676
135	153	1.01317
135	155	0.98899
135	156	0.945405
135	158	0.980476
135	160	0.980864
135	163	0.984372
135	167	1.00847
135	168	1.01199
135	169	1.01497
135	170	1.07125
135	172	1.00747
135	174	0.972574
135	175	1.00939
135	176	1.0009
135	177	1.00262
135	178	1.02236
135	179	0.99801
135	180	0.99801
136	11	0.949223
136	22	1.10839
136	33	1.12793
136	38	0.924065
136	43	0.935623
136	47	0.923269
136	56	1.03413
136	70	1.01591
136	73	1.02692
136	88	0.95334
136	96	0.996792
136	104	1.02799
136	105	1.0248
136	106	1.01656
136	108	1.03629
136	109	0.956002
136	114	0.983621
136	118	0.933033
136	121	1.03441
136	133	0.996421
136	142	0.988221
136	143	0.996901
136	147	0.993235
136	159	0.993153
136	160	1.0543
136	165	0.997589
136	170	0.944577
136	172	1.01932
136	175	1.00035
136	180	1.01327
137	16	1.14972
137	18	1.05217
137	27	1.01333
137	32	0.991398
137	44	1.06198
137	99	0.979663
137	100	0.980843
137	107	0.962542
137	110	1.04101
137	113	0.974721
137	115	1.01004
137	118	1.05568
137	130	1.0088
137	131	0.962889
137	135	0.934955
137	144	1.0165
137	148	0.973548
137	150	0.998569
137	156	1.03322
137	158	1.00963
137	159	1.00132
137	161	1.0059
137	162	1.03151
137	165	1.00243
137	166	1.00784
137	171	0.980262
137	173	0.986421
137	174	1.00105
137	175	0.939333
137	178	0.931725
137	179	0.959544
137	180	0.952253
138	8	0.986188
138	14	1.00383
138	54	0.960426
138	55	0.953419
138	58	0.955281
138	62	0.965503
138	69	1.09799
138	82	0.949263
138	83	1.07149
138	93	0.975896
138	94	0.957668
138	96	1.0362
138	103	1.03939
138	112	0.992182
138	116	1.04909
138	122	0.922247
138	125	0.900369
138	127	0.976673
138	128	0.946587
138	134	0.954715
138	139	0.963638
138	145	1.06579
138	146	0.993287
138	151	0.947277
138	157	0.960875
138	164	1.10844
138	165	1.06463
138	168	1.07403
138	169	1.06944
138	171	0.934686
138	176	1.06869
138	178	1.05978
139	4	1.04155
139	14	1.05815
139	17	0.965173
139	42	1.06749
139	54	1.01475
139	55	1.00775
139	82	1.00359
139	94	1.012
139	98	0.985579
139	103	0.9657
139	111	1.03877
139	112	1.04651
139	115	0.984227
139	116	0.975397
139	122	0.976575
139	125	0.954696
139	127	1.031
139	128	1.00092
139	134	1.00904
139	138	0.963638
139	146	1.04762
139	147	0.986586
139	149	0.973342
139	151	1.00161
139	153	0.986928
139	157	1.0152
139	167	0.984831
139	170	0.958909
139	171	0.989013
139	174	0.971887
139	175	0.993698
139	176	0.994994
140	17	0.970436
140	19	1.0218
140	36	0.928775
140	64	1.06264
140	73	0.951526
140	81	0.974783
140	90	1.10279
140	92	1.12475
140	95	0.991654
140	96	0.967765
140	99	0.957165
140	100	0.958345
140	118	1.03318
140	129	1.04344
140	141	0.946116
140	144	0.994003
140	148	1.03318
140	150	0.976071
140	156	1.01072
140	159	0.978826
140	161	0.983401
140	162	1.00901
140	164	0.968471
140	165	0.979931
140	166	0.985343
140	168	1.0056
140	169	1.00101
140	170	1.07583
140	172	1.01793
140	173	0.963924
140	174	0.978556
140	175	0.998961
140	180	1.01188
141	9	0.922479
141	16	0.918748
141	23	0.989777
141	25	1.01091
141	34	1.08629
141	39	0.954877
