1	33	0.670897
1	41	0.728867
1	72	0.732575
1	74	0.736538
1	99	0.693529
1	100	0.734111
1	105	0.733682
1	108	0.724285
1	133	2.28488
1	165	0.737499
1	171	0.733148
1	177	3.67897
2	97	0.629922
2	109	0.663572
2	110	0.659401
2	112	0.641488
2	120	0.665084
2	122	0.628082
2	124	0.657856
2	134	0.652764
2	135	0.644699
2	138	0.669838
2	170	0.693937
2	180	5.60483
3	56	0.72112
3	86	0.715165
3	88	0.71851
3	94	0.709586
3	102	0.693684
3	103	0.732486
3	104	0.729887
3	111	0.717531
3	113	0.747611
3	131	2.83129
3	148	0.719173
3	180	3.50951
4	10	0.749244
4	15	0.759159
4	30	0.8101
4	39	0.794126
4	141	0.845634
4	144	1.75561
4	162	0.818922
4	163	0.797187
4	165	0.81784
4	168	2.66511
4	170	0.840693
4	175	2.33539
5	36	0.71709
5	62	0.7608
5	74	0.732385
5	96	0.674196
5	99	0.689375
5	100	0.729957
5	105	0.729528
5	108	0.720131
5	146	1.88318
5	165	0.733345
5	171	0.728994
5	173	4.21021
6	51	0.707681
6	52	0.708974
6	57	0.695148
6	65	0.72968
6	66	0.730987
6	119	2.56479
6	148	0.709678
6	157	3.2462
6	161	0.702005
6	162	0.73332
6	170	0.755091
6	171	0.727887
7	46	2.2413
7	54	0.754107
7	58	0.703076
7	67	0.793718
7	73	0.719923
7	77	0.667818
7	78	0.707278
7	83	0.705224
7	87	0.751532
7	91	0.690862
7	121	3.4979
7	161	0.698798
8	57	2.34239
8	151	0.757508
8	157	0.754885
8	158	0.710566
8	161	1.43549
8	169	0.755485
8	173	0.68383
8	175	0.720741
8	177	0.707708
8	178	0.72189
8	179	0.700609
8	180	0.689462
9	112	4.25256
9	143	0.677002
9	153	0.690394
9	166	0.718082
9	168	0.648362
9	173	0.62085
9	175	0.657761
9	176	0.626959
9	177	0.644728
9	178	0.65891
9	179	0.637629
9	180	0.626482
10	4	0.749244
10	15	0.658792
10	30	0.709733
10	39	0.693758
10	90	0.693972
10	129	0.678695
10	141	0.745266
10	162	0.718554
10	163	0.696819
10	165	0.717473
10	166	2.66239
10	170	0.740325
10	177	3.72996
11	31	0.720607
11	40	0.698976
11	53	0.756831
11	58	0.698514
11	73	0.715361
11	77	0.663256
11	78	0.702716
11	85	0.743646
11	87	0.74697
11	91	0.6863
11	132	3.34352
11	161	0.694236
11	162	3.05289
12	80	1.01472
12	82	0.773821
12	109	0.789125
12	122	0.753635
12	124	0.783408
12	126	0.76582
12	128	0.791115
12	134	0.778317
12	135	0.770252
12	138	0.79539
12	145	0.794158
12	166	1.70349
12	176	4.2324
13	51	0.769192
13	52	0.770485
13	57	0.756658
13	65	0.79119
13	66	0.792498
13	107	2.59157
13	123	0.74242
13	136	2.14622
13	145	2.2603
13	148	0.771189
13	162	0.794831
13	170	0.816602
13	171	0.789398
14	19	0.751839
14	32	0.799659
14	55	0.779414
14	68	0.817711
14	81	0.790445
14	84	0.744464
14	116	0.812754
14	133	2.09659
14	147	0.741028
14	152	2.28044
14	159	2.55276
14	161	0.781655
14	163	0.791235
15	4	0.759159
15	10	0.658792
15	30	0.719648
15	39	0.703674
15	127	3.13176
15	129	0.688611
15	141	0.755182
15	144	3.04462
15	162	0.72847
15	163	0.706735
15	165	0.727388
15	170	0.750241
16	56	0.707924
16	59	0.765798
16	86	0.701969
16	88	0.705314
16	94	0.69639
16	95	0.685627
16	102	0.680488
16	103	0.71929
16	111	0.704335
16	113	0.734415
16	149	3.61452
16	156	2.75941
16	163	0.707883
17	26	0.804048
17	32	0.793462
17	34	0.802742
17	81	0.784248
17	84	0.738267
17	125	2.04828
17	141	1.74344
17	147	0.734831
17	148	0.783131
17	161	0.775458
17	163	0.785038
17	165	0.805691
17	174	3.1222
18	82	0.704013
18	109	0.719317
18	112	0.697232
18	120	0.720828
18	122	0.683827
18	123	3.17397
18	124	0.7136
18	128	0.721306
18	130	0.706764
18	134	0.708509
18	135	0.700443
18	138	0.725582
18	177	3.25156
19	14	0.751839
19	21	0.745351
19	34	0.723071
19	48	2.52855
19	68	0.731842
19	81	0.704576
19	84	0.658595
19	147	0.655159
19	148	0.703459
19	161	0.695786
19	163	0.705366
19	165	0.72602
19	167	3.95512
20	31	0.71535
20	58	0.693257
20	67	0.783899
20	73	0.710104
20	77	0.657999
20	78	0.697459
20	83	0.695405
20	85	0.738389
20	87	0.741713
20	91	0.681043
20	158	3.88009
20	161	0.688979
20	169	2.55559
21	19	0.745351
21	32	0.793171
21	34	0.802452
21	55	0.772926
21	68	0.811223
21	81	0.783957
21	84	0.737976
21	140	2.02949
21	146	2.1966
21	161	0.775167
21	163	0.784747
21	165	0.805401
21	178	2.94888
22	93	0.630591
22	147	0.601643
22	167	0.607551
22	169	0.643642
22	172	0.57054
22	173	0.571987
22	174	0.608637
22	175	0.608899
22	176	0.578096
22	177	0.595865
22	178	0.610047
22	179	0.588766
22	180	0.577619
23	107	0.743675
23	127	0.7351
23	135	2.07505
23	142	0.71786
23	152	0.745511
23	153	0.732747
23	160	0.730928
23	163	1.99671
23	168	0.690716
23	176	0.669313
23	177	0.687082
23	179	0.679983
23	180	0.668835
24	97	0.682618
24	116	0.724647
24	122	0.680779
24	124	0.710552
24	126	0.692964
24	128	0.718259
24	130	0.703716
24	134	0.705461
24	135	0.697395
24	138	0.722534
24	141	0.751575
24	155	1.96504
24	180	4.62533
25	52	0.787073
25	57	0.773246
25	65	0.807778
25	66	0.809085
25	117	1.94277
25	145	1.17411
25	148	0.787776
25	161	0.780103
25	162	0.811418
25	170	0.83319
25	171	0.805986
25	176	3.5363
26	17	0.804048
26	32	0.772197
26	55	0.751951
26	68	0.790248
26	81	0.762983
26	84	0.717002
26	101	1.8217
26	114	2.27041
26	116	0.785291
26	146	3.16565
26	147	0.713565
26	161	0.754192
26	163	0.763772
26	165	0.784426
27	35	0.700932
27	60	0.733221
27	80	3.29118
27	89	0.686118
27	109	0.706075
27	110	0.701904
27	120	0.707586
27	126	0.68277
27	128	0.708065
27	130	0.693522
27	134	0.695267
27	135	0.687201
27	137	3.39133
27	138	0.71234
28	50	1.93112
28	69	0.785744
28	86	0.75852
28	88	0.761865
28	94	0.752941
28	95	0.742178
28	102	0.737039
28	103	0.775841
28	104	0.773242
28	111	0.760886
28	113	0.790966
28	141	2.06844
28	163	0.764434
28	174	3.44721
29	94	2.0801
29	134	1.93953
29	158	0.706014
29	159	0.750699
29	167	0.714842
29	169	0.750933
29	172	0.677831
29	174	0.715928
29	175	0.71619
29	176	0.685387
29	177	0.703157
29	179	0.696058
29	180	0.68491
30	4	0.8101
30	10	0.709733
30	15	0.719648
30	39	0.754615
30	96	0.71918
30	129	0.739552
30	141	0.806123
30	145	1.40864
30	162	0.779411
30	163	0.757676
30	165	0.77833
30	170	0.801182
30	178	2.67124
30	180	3.68935
31	11	0.720607
31	20	0.71535
31	44	0.756508
31	58	0.756251
31	67	0.846894
31	73	0.773099
31	78	0.760454
31	83	0.7584
31	85	0.801384
31	91	0.744038
31	118	0.758698
31	121	1.43931
31	136	1.32989
31	172	4.56024
32	14	0.799659
32	17	0.793462
32	21	0.793171
32	26	0.772197
32	55	0.741366
32	68	0.779663
32	81	0.752397
32	84	0.706416
32	123	2.59644
32	129	2.50635
32	148	0.75128
32	149	2.36175
32	161	0.743607
32	165	0.77384
33	1	0.670897
33	41	0.710836
33	62	0.746922
33	64	0.628725
33	72	0.714544
33	74	0.718507
33	99	0.675497
33	100	0.716079
33	105	0.71565
33	108	0.706253
33	155	2.38948
33	165	0.719468
33	171	0.715116
33	179	4.3962
34	17	0.802742
34	19	0.723071
34	21	0.802452
34	55	0.750646
34	68	0.788943
34	81	0.761677
34	84	0.715696
34	145	2.13251
34	148	0.76056
34	161	0.752887
34	162	1.83664
34	163	0.762467
34	165	0.783121
34	168	3.56989
35	27	0.700932
35	82	0.750598
35	110	0.76173
35	112	0.743817
35	122	0.730412
35	126	0.742597
35	129	1.84381
35	130	0.753349
35	134	0.755094
35	135	0.747028
35	138	0.772167
35	145	0.770935
35	171	0.769063
35	173	3.94799
35	174	2.07786
36	5	0.71709
36	41	0.761182
36	62	0.797268
36	64	0.679071
36	72	0.76489
36	74	0.768853
36	99	0.725843
36	100	0.766426
36	105	0.765996
36	108	0.756599
36	145	2.34859
36	156	2.08205
36	165	0.769814
36	171	0.765462
36	175	3.45625
37	88	0.75402
37	98	4.18178
37	99	0.733273
37	100	0.773855
37	104	0.765397
37	108	0.764029
37	111	0.753041
37	113	0.783121
37	141	1.20434
37	144	2.14376
37	148	0.754682
37	161	0.747009
37	170	0.800095
37	171	0.772892
38	78	2.44421
38	100	2.49567
38	120	0.713947
38	125	0.708119
38	126	0.689131
38	134	0.701628
38	138	0.718701
38	162	0.72103
38	163	0.699295
38	165	0.719948
38	170	0.742801
38	174	0.656082
38	178	0.657492
38	179	0.636212
38	180	0.625064
39	4	0.794126
39	10	0.693758
39	15	0.703674
39	30	0.754615
39	70	0.930495
39	90	0.738854
39	92	1.82672
39	96	0.703205
39	129	0.723577
39	141	0.790149
39	162	0.763436
39	163	0.741701
39	165	0.762355
39	170	0.785207
39	173	4.95164
40	11	0.698976
40	44	0.734876
40	53	0.792937
40	54	0.785651
40	58	0.73462
40	73	0.751467
40	78	0.738823
40	83	0.736769
40	85	0.779753
40	87	0.783076
40	91	0.722406
40	118	0.737066
40	145	2.42976
40	146	2.94009
40	169	2.55862
41	1	0.728867
41	33	0.710836
41	36	0.761182
41	64	0.686695
41	72	0.772514
41	74	0.776477
41	99	0.733468
41	100	0.77405
41	105	0.77362
41	108	0.764224
41	133	2.49123
41	155	2.60491
41	162	2.6886
41	165	0.777438
41	171	0.773087
42	51	0.738537
42	52	0.73983
42	57	0.726003
42	65	0.760535
42	66	0.761843
42	90	0.739593
42	118	0.739585
42	146	2.22448
42	148	0.740534
42	158	3.16751
42	161	0.73286
42	162	0.764176
42	167	2.48334
42	170	0.785947
42	171	0.758743
43	111	1.83755
43	152	0.790668
43	156	0.795429
43	161	1.44643
43	166	0.805592
43	167	0.743924
43	168	0.735873
43	169	0.780015
43	171	1.00304
43	172	0.706913
43	173	0.708361
43	174	0.74501
43	178	0.74642
43	179	0.72514
43	180	0.713992
44	31	0.756508
44	40	0.734876
44	53	0.792732
44	54	0.785446
44	58	0.734414
44	77	0.699157
44	78	0.738617
44	83	0.736563
44	85	0.779547
44	87	0.782871
44	91	0.722201
44	92	2.16537
44	156	2.18639
44	161	0.730136
44	177	3.35378
45	59	0.803988
45	69	0.767382
45	86	0.740159
45	88	0.743504
45	94	0.734579
45	95	0.723816
45	102	0.718677
45	103	0.757479
45	104	0.75488
45	111	0.742525
45	113	0.772605
45	142	2.90545
45	147	3.01173
45	155	1.85221
45	163	0.746073
46	7	2.2413
46	86	1.85764
46	128	0.863601
46	157	0.778758
46	159	0.779124
46	160	0.775428
46	166	0.804935
46	169	0.779358
46	173	0.707703
46	174	0.744353
46	176	0.713812
46	177	0.731581
46	178	0.745763
46	179	0.724482
46	180	0.713335
47	59	0.800598
47	69	0.763992
47	94	0.731189
47	95	0.720426
47	102	0.715287
47	103	0.754089
47	104	0.75149
47	107	2.55046
47	111	0.739135
47	113	0.769215
47	136	2.10511
47	145	0.760857
47	147	2.99914
47	148	0.740776
47	163	0.742683
48	19	2.52855
48	75	1.05846
48	99	0.735691
48	105	0.775844
48	108	0.766447
48	120	1.13968
48	160	0.74687
48	162	0.780742
48	163	0.759007
48	165	0.779661
48	170	0.802514
48	171	0.77531
48	173	0.679145
48	175	0.716056
48	180	0.684777
49	60	0.777383
49	107	2.0953
49	109	0.750237
49	110	0.746065
49	124	0.74452
49	126	0.726932
49	128	0.752226
49	130	0.737684
49	134	0.739429
49	135	0.731363
49	138	0.756502
49	156	1.49748
49	170	0.780602
49	171	0.753398
49	176	4.12621
50	28	1.93112
50	69	1.52441
50	126	1.25951
50	142	0.773364
50	144	0.789108
50	160	0.786432
50	167	0.754271
50	168	0.746219
50	172	0.71726
50	175	0.755619
50	176	0.724816
50	177	0.742586
50	178	0.756767
50	179	0.735486
50	180	0.724339
51	6	0.707681
51	13	0.769192
51	42	0.738537
51	52	0.738248
51	65	0.758953
51	66	0.760261
51	76	1.99942
51	101	2.34394
51	118	0.738003
51	132	3.17232
51	148	0.738952
51	161	0.731278
51	162	0.762594
51	170	0.784365
51	171	0.757161
52	6	0.708974
52	13	0.770485
52	25	0.787073
52	42	0.73983
52	51	0.738248
52	57	0.725714
52	65	0.760246
52	76	1.35773
52	123	0.711476
52	161	0.732571
52	162	0.763887
52	166	2.36915
52	168	3.97325
52	170	0.785658
52	171	0.758454
53	11	0.756831
53	40	0.792937
53	44	0.792732
53	54	0.843506
53	73	0.809322
53	77	0.757217
53	78	0.796678
53	83	0.794624
53	85	0.837608
53	87	0.840931
53	91	0.780261
53	115	1.58923
53	133	1.90053
53	140	2.73699
53	161	0.788197
53	169	2.52263
54	7	0.754107
54	40	0.785651
54	44	0.785446
54	53	0.843506
54	67	0.875831
54	77	0.749931
54	78	0.789392
54	83	0.787338
54	85	0.830322
54	87	0.833645
54	91	0.772975
54	123	2.60975
54	129	2.51967
54	143	2.30023
54	155	1.40693
54	161	0.780911
55	14	0.779414
55	21	0.772926
55	26	0.751951
55	32	0.741366
55	34	0.750646
55	68	0.759417
55	84	0.686171
55	93	0.711682
55	131	4.14001
55	137	1.78218
55	147	0.682734
55	148	0.731034
55	161	0.723361
55	163	0.732941
55	165	0.753595
55	166	2.37079
56	3	0.72112
56	16	0.707924
56	88	0.742234
56	93	0.723544
56	94	0.733309
56	95	0.722546
56	102	0.717407
56	103	0.756209
56	104	0.75361
56	111	0.741255
56	113	0.771335
56	127	2.73409
56	139	3.05981
56	148	0.742896
56	154	2.51832
56	163	0.744803
57	6	0.695148
57	8	2.34239
57	13	0.756658
57	25	0.773246
57	42	0.726003
57	52	0.725714
57	65	0.746419
57	66	0.747727
57	123	0.697649
57	148	0.726418
57	152	2.57866
57	156	2.62151
57	161	0.718745
57	162	0.75006
57	170	0.771831
57	171	0.744627
58	7	0.703076
58	11	0.698514
58	20	0.693257
58	31	0.756251
58	40	0.73462
58	44	0.734414
58	67	0.8248
58	77	0.6989
58	83	0.736306
58	85	0.77929
58	87	0.782614
58	91	0.721944
58	141	1.81912
58	143	2.74439
58	161	0.72988
58	168	3.66804
59	16	0.765798
59	45	0.803988
59	47	0.800598
59	69	0.823987
59	86	0.796763
59	95	0.780421
59	96	2.10432
59	102	0.775282
59	103	0.814084
59	104	0.811485
59	111	0.799129
59	113	0.829209
59	157	1.36721
59	162	0.942949
59	163	0.802677
59	172	4.3551
60	27	0.733221
60	49	0.777383
60	93	2.0761
60	110	0.794019
60	112	0.776106
60	122	0.7627
60	124	0.792474
60	126	0.774886
60	130	0.785638
60	134	0.787383
60	135	0.779317
60	138	0.804456
60	159	1.38285
60	170	0.828556
60	171	0.801352
60	178	2.68254
60	179	3.04708
61	74	0.437435
61	88	0.878265
61	89	1.72746
61	130	1.45107
61	131	0.789068
61	140	0.83619
61	150	0.805677
61	156	0.838076
61	157	0.822062
61	164	0.752218
61	172	0.74956
61	173	0.751008
61	174	0.787657
61	176	0.757116
61	178	0.789067
61	179	0.767787
61	180	0.756639
62	5	0.7608
62	33	0.746922
62	36	0.797268
62	64	0.722782
62	72	0.8086
62	74	0.812563
62	99	0.769554
62	100	0.810136
62	105	0.809707
62	108	0.80031
62	123	0.762195
62	151	2.101
62	162	1.76021
62	165	0.813524
62	169	2.18495
62	171	0.809173
62	175	3.16375
63	82	0.781421
63	89	0.776768
63	90	0.780736
63	97	0.763075
63	120	0.798236
63	122	0.761235
63	124	0.791008
63	128	0.798715
63	130	0.784172
63	134	0.785917
63	135	0.777851
63	138	0.80299
63	140	1.52006
63	149	1.7654
63	160	1.71795
63	171	0.799886
63	172	4.29311
64	33	0.628725
64	36	0.679071
64	41	0.686695
64	62	0.722782
64	72	0.690403
64	74	0.694366
64	79	3.08609
64	99	0.651357
64	100	0.691939
64	105	0.69151
64	108	0.682113
64	116	0.696193
64	123	0.643998
64	129	0.656549
64	147	4.7727
64	165	0.695327
64	171	0.690976
65	6	0.72968
65	13	0.79119
65	25	0.807778
65	42	0.760535
65	51	0.758953
65	52	0.760246
65	57	0.746419
65	66	0.782259
65	80	1.72516
65	118	0.760001
65	141	2.16911
65	148	0.76095
65	151	2.62556
65	154	2.9799
65	161	0.753277
65	162	0.784592
65	170	0.806363
65	171	0.779159
66	6	0.730987
66	13	0.792498
66	25	0.809085
66	42	0.761843
66	51	0.760261
66	57	0.747727
66	65	0.782259
66	90	0.761317
66	123	0.733489
66	141	1.73289
66	148	0.762257
66	159	2.10735
66	161	0.754584
66	162	0.785899
66	166	1.9777
66	170	0.807671
66	171	0.780467
66	179	3.77158
67	7	0.793718
67	20	0.783899
67	31	0.846894
67	54	0.875831
67	58	0.8248
67	73	0.841648
67	77	0.789543
67	78	0.829003
67	83	0.826949
67	85	0.869933
67	87	0.873256
67	91	0.812586
67	114	1.57306
67	149	2.54654
67	151	2.00289
67	154	2.35722
67	155	1.57841
67	161	0.820522
68	14	0.817711
68	19	0.731842
68	21	0.811223
68	26	0.790248
68	32	0.779663
68	34	0.788943
68	55	0.759417
68	71	1.51859
68	81	0.770449
68	84	0.724468
68	118	2.46028
68	141	2.39971
68	147	0.721031
68	148	0.769331
68	157	2.93963
68	161	0.761658
68	163	0.771238
68	165	0.791892
69	28	0.785744
69	45	0.767382
69	47	0.763992
69	50	1.52441
69	59	0.823987
69	86	0.760158
69	88	0.763503
69	92	1.7857
69	94	0.754579
69	95	0.743815
69	102	0.738676
69	103	0.777478
69	104	0.774879
69	111	0.762524
69	113	0.792604
69	145	0.784246
69	151	2.11818
69	158	3.52663
70	39	0.930495
70	95	1.67107
70	102	1.56327
70	138	1.35784
70	143	0.795256
70	153	0.808648
70	159	0.810525
70	167	0.774668
70	168	0.766617
70	169	0.810759
70	172	0.737657
70	173	0.739105
70	175	0.776016
70	176	0.745213
70	177	0.762983
70	178	0.777164
70	179	0.755884
70	180	0.744736
71	68	1.51859
71	86	1.82624
71	95	1.5622
71	129	0.803094
71	146	0.807831
71	156	0.828424
71	163	0.752362
71	164	0.742566
71	167	0.776919
71	172	0.739908
71	173	0.741356
71	174	0.778005
71	175	0.778267
71	176	0.747464
71	177	0.765234
71	178	0.779415
71	179	0.758135
71	180	0.746987
72	1	0.732575
72	33	0.714544
72	36	0.76489
72	41	0.772514
72	62	0.8086
72	64	0.690403
72	74	0.780185
72	99	0.737176
72	100	0.777758
72	105	0.777328
72	106	1.7078
72	108	0.767932
72	116	0.782011
72	117	2.48959
72	129	0.742368
72	139	2.66167
72	165	0.781146
72	168	3.15831
72	171	0.776795
73	7	0.719923
73	11	0.715361
73	20	0.710104
73	31	0.773099
73	40	0.751467
73	53	0.809322
73	67	0.841648
73	77	0.715748
73	78	0.755208
73	83	0.753154
73	85	0.796138
73	87	0.799461
73	91	0.738791
73	118	0.753452
73	127	1.99318
73	160	1.91928
73	161	0.746727
73	168	2.81554
73	180	3.65888
74	1	0.736538
74	5	0.732385
74	33	0.718507
74	36	0.768853
74	41	0.776477
74	61	0.437435
74	62	0.812563
74	64	0.694366
74	72	0.780185
74	99	0.741138
74	100	0.781721
74	105	0.781291
74	108	0.771894
74	127	2.35104
74	129	0.746331
74	144	2.2639
74	165	0.785109
74	171	0.780757
74	173	4.57337
75	48	1.05846
75	82	0.752225
75	90	0.75154
75	97	0.733878
75	120	0.76904
75	122	0.732038
75	124	0.761812
75	126	0.744224
75	128	0.769518
75	130	0.754976
75	134	0.756721
75	135	0.748655
75	138	0.773794
75	145	0.772561
75	150	2.08801
75	154	2.11509
75	170	0.797894
75	171	0.77069
75	176	4.07803
76	51	1.99942
76	52	1.35773
76	89	1.8479
76	138	1.36348
76	150	0.779241
76	154	0.781007
76	156	0.81164
76	160	0.792296
76	164	0.725781
76	166	0.821803
76	172	0.723124
76	173	0.724571
76	174	0.76122
76	175	0.761482
76	176	0.73068
76	177	0.748449
76	178	0.762631
76	179	0.74135
76	180	0.730203
77	7	0.667818
77	11	0.663256
77	20	0.657999
77	44	0.699157
77	53	0.757217
77	54	0.749931
77	58	0.6989
77	67	0.789543
77	73	0.715748
77	78	0.703103
77	83	0.701049
77	85	0.744033
77	87	0.747356
77	91	0.686686
77	92	3.02221
77	118	0.701347
77	152	3.00038
77	159	3.2727
77	161	0.694622
78	7	0.707278
78	11	0.702716
78	20	0.697459
78	31	0.760454
78	38	2.44421
78	40	0.738823
78	44	0.738617
78	53	0.796678
78	54	0.789392
78	67	0.829003
78	73	0.755208
78	77	0.703103
78	83	0.740509
78	85	0.783493
78	87	0.786817
78	91	0.726147
78	147	3.05962
78	153	2.27626
78	155	1.9001
78	161	0.734083
79	64	3.08609
79	100	1.42447
79	133	0.819791
79	136	0.814964
79	150	0.764609
79	154	0.766376
79	158	0.736675
79	163	1.13836
79	167	0.745503
79	168	0.737452
79	169	0.781594
79	171	0.631115
79	172	0.708492
79	173	0.70994
79	174	0.746589
79	175	0.746851
79	177	0.733818
79	178	0.747999
79	179	0.726719
79	180	0.715571
80	12	1.01472
80	27	3.29118
80	65	1.72516
80	109	1.41736
80	132	0.788348
80	152	0.797278
80	155	0.819819
80	157	0.786025
80	164	0.71618
80	167	0.750533
80	168	0.742482
80	172	0.713523
80	173	0.71497
80	174	0.751619
80	175	0.751881
80	176	0.721079
80	177	0.738848
80	178	0.75303
80	179	0.731749
80	180	0.720602
81	14	0.790445
81	17	0.784248
81	19	0.704576
81	21	0.783957
81	26	0.762983
81	32	0.752397
81	34	0.761677
81	68	0.770449
81	84	0.697202
81	93	0.722714
81	116	0.765492
81	131	2.73915
81	140	1.47987
81	147	0.693766
81	148	0.742066
81	161	0.734392
81	163	0.743973
81	164	4.14115
81	165	0.764626
81	178	2.39926
82	12	0.773821
82	18	0.704013
82	35	0.750598
82	63	0.781421
82	75	0.752225
82	89	0.735783
82	112	0.733656
82	120	0.757252
82	124	0.750024
82	126	0.732436
82	128	0.75773
82	130	0.743188
82	134	0.744933
82	135	0.736867
82	138	0.762006
82	142	2.48051
82	155	1.42727
82	166	1.64011
82	170	0.786106
82	172	4.9231
83	7	0.705224
83	20	0.695405
83	31	0.7584
83	40	0.736769
83	44	0.736563
83	53	0.794624
83	54	0.787338
83	58	0.736306
83	67	0.826949
83	73	0.753154
83	77	0.701049
83	78	0.740509
83	85	0.781439
83	87	0.784763
83	91	0.724093
83	145	1.70432
83	154	2.10357
83	161	0.732029
83	178	2.96693
83	180	3.98504
84	14	0.744464
84	17	0.738267
84	19	0.658595
84	21	0.737976
84	26	0.717002
84	32	0.706416
84	34	0.715696
84	55	0.686171
84	68	0.724468
84	81	0.697202
84	93	0.676733
84	116	0.719511
84	133	2.89571
84	147	0.647785
84	148	0.696085
84	151	3.43387
84	153	3.38555
84	161	0.688411
84	163	0.697992
84	165	0.718645
85	11	0.743646
85	20	0.738389
85	31	0.801384
85	40	0.779753
85	44	0.779547
85	53	0.837608
85	54	0.830322
85	58	0.77929
85	67	0.869933
85	73	0.796138
85	77	0.744033
85	78	0.783493
85	83	0.781439
85	91	0.767077
85	101	1.35134
85	118	0.781737
85	137	1.42963
85	151	2.22988
85	157	2.31334
85	161	0.775013
85	179	3.81212
86	3	0.715165
86	16	0.701969
86	28	0.75852
86	45	0.740159
86	46	1.85764
86	59	0.796763
86	69	0.760158
86	71	1.82624
86	88	0.736279
86	93	0.717589
86	94	0.727355
86	95	0.716592
86	101	2.28527
86	102	0.711453
86	103	0.750255
86	104	0.747656
86	111	0.7353
86	113	0.76538
86	145	0.757022
86	154	3.51814
86	163	0.738848
87	7	0.751532
87	11	0.74697
87	20	0.741713
87	40	0.783076
87	44	0.782871
87	53	0.840931
87	54	0.833645
87	58	0.782614
87	67	0.873256
87	73	0.799461
87	77	0.747356
87	78	0.786817
87	83	0.784763
87	91	0.7704
87	118	0.785061
87	132	1.69288
87	140	2.04134
87	161	0.778336
87	162	1.40224
87	166	1.5314
87	172	4.8144
88	3	0.71851
88	16	0.705314
88	28	0.761865
88	37	0.75402
88	45	0.743504
88	56	0.742234
88	61	0.878265
88	69	0.763503
88	86	0.736279
88	94	0.7307
88	95	0.719937
88	102	0.714798
88	103	0.7536
88	104	0.751001
88	111	0.738645
88	113	0.768725
88	147	2.95681
88	148	0.740286
88	163	0.742193
88	167	2.94604
88	178	3.43946
89	27	0.686118
89	61	1.72746
89	63	0.776768
89	76	1.8479
89	82	0.735783
89	97	0.717437
89	109	0.751087
89	110	0.746916
89	112	0.729003
89	120	0.752599
89	124	0.745371
89	125	2.91934
89	126	0.727782
89	128	0.753077
89	130	0.738535
89	134	0.740279
89	135	0.732214
89	138	0.757352
89	145	0.75612
89	159	2.98897
89	171	0.754249
90	10	0.693972
90	39	0.738854
90	42	0.739593
90	63	0.780736
90	66	0.761317
90	75	0.75154
90	115	1.60517
90	122	0.719566
90	125	2.30301
90	130	0.742503
90	134	0.744248
90	138	0.761321
90	143	2.92345
90	161	0.732334
90	162	0.76365
90	163	0.741915
90	165	0.762568
90	170	0.785421
90	171	0.758217
90	174	3.37694
91	7	0.690862
91	11	0.6863
91	20	0.681043
91	31	0.744038
91	40	0.722406
91	44	0.722201
91	53	0.780261
91	54	0.772975
91	58	0.721944
91	67	0.812586
91	73	0.738791
91	77	0.686686
91	78	0.726147
91	83	0.724093
91	85	0.767077
91	87	0.7704
91	118	0.724391
91	158	2.41061
91	161	0.717666
91	164	3.96175
91	174	1.92447
91	180	3.23797
92	39	1.82672
92	44	2.16537
92	69	1.7857
92	77	3.02221
92	139	0.750918
92	143	0.748723
92	149	0.7555
92	152	0.774879
92	154	0.749008
92	159	0.763992
92	164	0.693782
92	166	0.789803
92	167	0.728135
92	169	0.764226
92	172	0.691124
92	173	0.692572
92	174	0.729221
92	175	0.729483
92	176	0.69868
92	178	0.730631
92	179	0.709351
92	180	0.698203
93	22	0.630591
93	55	0.711682
93	56	0.723544
93	60	2.0761
93	81	0.722714
93	84	0.676733
93	86	0.717589
93	95	0.701247
93	99	3.40701
93	102	0.696108
93	111	0.719955
93	113	0.750035
93	161	0.713923
93	163	0.723503
93	165	0.744157
93	168	0.671153
93	171	2.19394
93	172	0.642194
93	176	0.64975
93	177	0.667519
93	178	0.681701
93	180	0.649273
94	3	0.709586
94	16	0.69639
94	28	0.752941
94	29	2.0801
94	45	0.734579
94	47	0.731189
94	56	0.733309
94	69	0.754579
94	86	0.727355
94	88	0.7307
94	95	0.711012
94	98	4.61822
94	102	0.705873
94	103	0.744675
94	104	0.742077
94	111	0.729721
94	113	0.759801
94	145	0.751443
94	148	0.731362
94	153	2.0489
94	163	0.733269
94	166	1.88559
95	16	0.685627
95	28	0.742178
95	45	0.723816
95	47	0.720426
95	56	0.722546
95	59	0.780421
95	69	0.743815
95	70	1.67107
95	71	1.5622
95	86	0.716592
95	88	0.719937
95	93	0.701247
95	94	0.711012
95	102	0.69511
95	103	0.733912
95	104	0.731313
95	111	0.718958
95	113	0.749038
95	143	3.3686
95	145	0.74068
95	148	0.720599
95	163	0.722506
95	177	3.75571
96	5	0.674196
96	30	0.71918
96	39	0.703205
96	59	2.10432
96	99	0.68295
96	100	0.723532
96	105	0.723102
96	108	0.713706
96	126	2.67386
96	134	2.77723
96	157	0.697459
96	162	0.728001
96	163	0.706266
96	165	0.72692
96	168	0.653916
96	169	0.698058
96	170	0.749772
96	171	0.722569
96	172	0.624957
96	175	0.663315
96	178	0.664464
96	180	0.632035
97	2	0.629922
97	24	0.682618
97	63	0.763075
97	75	0.733878
97	89	0.717437
97	109	0.737394
97	110	0.733223
97	112	0.71531
97	120	0.738906
97	122	0.701904
97	124	0.731677
97	126	0.714089
97	127	2.98992
97	128	0.739384
97	130	0.724841
97	134	0.726586
97	135	0.718521
97	138	0.743659
97	141	0.7727
97	153	2.37149
97	158	3.82826
97	169	2.50376
97	170	0.767759
98	37	4.18178
98	94	4.61822
98	107	0.693308
98	131	0.650897
98	146	0.679311
98	149	0.675765
98	155	0.717686
98	156	0.699905
98	159	0.684257
98	160	0.680561
98	166	0.710068
98	168	0.640348
98	169	0.684491
98	172	0.611389
98	173	0.612836
98	174	0.649486
98	175	0.649748
98	176	0.618945
98	177	0.636715
98	178	0.650896
98	179	0.629616
98	180	0.618468
99	1	0.693529
99	5	0.689375
99	33	0.675497
99	36	0.725843
99	37	0.733273
99	41	0.733468
99	48	0.735691
99	62	0.769554
99	64	0.651357
99	72	0.737176
99	74	0.741138
99	93	3.40701
99	96	0.68295
99	100	0.738711
99	105	0.738282
99	106	2.73771
99	108	0.728885
99	116	0.742965
99	123	0.69077
99	129	0.703322
99	152	2.44144
99	159	2.71376
99	165	0.742099
99	171	0.737748
100	1	0.734111
100	5	0.729957
100	33	0.716079
100	36	0.766426
100	37	0.773855
100	38	2.49567
100	41	0.77405
100	62	0.810136
100	64	0.691939
100	72	0.777758
100	74	0.781721
100	79	1.42447
100	96	0.723532
100	99	0.738711
100	105	0.778864
100	108	0.769467
100	116	0.783547
100	123	0.731352
100	129	0.743904
100	136	2.21705
100	155	1.95156
100	165	0.782682
100	171	0.77833
100	177	3.23197
101	26	1.8217
101	51	2.34394
101	85	1.35134
101	86	2.28527
101	113	1.16296
101	144	0.788896
101	146	0.78497
101	150	0.773164
101	154	0.774931
101	158	0.745231
101	159	0.789915
101	164	0.719705
101	166	0.815726
101	167	0.754058
101	168	0.746007
101	169	0.790149
101	172	0.717048
101	174	0.755144
101	175	0.755406
101	176	0.724604
101	177	0.742373
101	178	0.756555
101	179	0.735274
101	180	0.724126
102	3	0.693684
102	16	0.680488
102	28	0.737039
102	45	0.718677
102	47	0.715287
102	56	0.717407
102	59	0.775282
102	69	0.738676
102	70	1.56327
102	86	0.711453
102	88	0.714798
102	93	0.696108
102	94	0.705873
102	95	0.69511
102	103	0.728773
102	104	0.726174
102	111	0.713819
102	113	0.743899
102	132	2.74181
102	142	3.42074
102	145	0.735541
102	148	0.71546
102	163	0.717367
102	174	3.71428
103	3	0.732486
103	16	0.71929
103	28	0.775841
103	45	0.757479
103	47	0.754089
103	56	0.756209
103	59	0.814084
103	69	0.777478
103	86	0.750255
103	88	0.7536
103	94	0.744675
103	95	0.733912
103	102	0.728773
103	104	0.764976
103	111	0.752621
103	113	0.782701
103	121	2.27914
103	141	1.87224
103	145	0.774343
103	148	0.754262
103	162	1.98791
103	163	0.756169
103	167	3.05297
103	175	3.39144
104	3	0.729887
104	28	0.773242
104	37	0.765397
104	45	0.75488
104	47	0.75149
104	56	0.75361
104	59	0.811485
104	69	0.774879
104	86	0.747656
104	88	0.751001
104	94	0.742077
104	95	0.731313
104	102	0.726174
104	103	0.764976
104	111	0.750022
104	113	0.780102
104	118	1.44891
104	137	1.04454
104	145	0.771744
104	148	0.751663
104	163	0.75357
104	164	4.80438
104	167	2.56907
104	177	2.70072
105	1	0.733682
105	5	0.729528
105	33	0.71565
105	36	0.765996
105	41	0.77362
105	48	0.775844
105	62	0.809707
105	64	0.69151
105	72	0.777328
105	74	0.781291
105	96	0.723102
105	99	0.738282
105	100	0.778864
105	108	0.769038
105	116	0.783118
105	123	0.730923
105	129	0.743474
105	132	2.24947
105	142	2.92839
105	145	2.25472
105	162	1.95884
105	165	0.782252
105	171	0.777901
105	175	3.36238
106	72	1.7078
106	99	2.73771
106	124	1.66833
106	127	0.742227
106	142	0.724986
106	148	2.32515
106	151	0.744008
106	152	0.752638
106	154	0.726767
106	155	0.77518
106	157	0.741385
106	159	0.741751
106	164	0.67154
106	166	0.767562
106	167	0.705894
106	168	0.697842
106	169	0.741985
106	174	0.70698
106	175	0.707241
106	176	0.676439
106	177	0.694208
106	178	0.70839
106	179	0.687109
106	180	0.675962
107	13	2.59157
107	23	0.743675
107	47	2.55046
107	49	2.0953
107	98	0.693308
107	112	2.21524
107	137	0.796646
107	140	0.750692
107	142	0.720166
107	150	0.720179
107	153	0.735053
107	155	0.770359
107	156	0.752578
107	160	0.733234
107	164	0.666719
107	166	0.762741
107	172	0.664062
107	173	0.665509
107	174	0.702159
107	175	0.702421
107	176	0.671618
107	177	0.689387
107	178	0.703569
107	179	0.682288
107	180	0.671141
108	1	0.724285
108	5	0.720131
108	33	0.706253
108	36	0.756599
108	37	0.764029
108	41	0.764224
108	48	0.766447
108	62	0.80031
108	64	0.682113
108	72	0.767932
108	74	0.771894
108	96	0.713706
108	99	0.728885
108	100	0.769467
108	105	0.769038
108	116	0.773721
108	123	0.721526
108	129	0.734078
108	139	2.343
108	141	0.990722
108	164	4.40676
108	165	0.772855
108	168	2.83964
108	171	0.768504
108	178	2.66487
109	2	0.663572
109	12	0.789125
109	18	0.719317
109	27	0.706075
109	49	0.750237
109	80	1.41736
109	89	0.751087
109	97	0.737394
109	110	0.766873
109	112	0.74896
109	118	1.92188
109	120	0.772556
109	122	0.735554
109	126	0.74774
109	128	0.773034
109	130	0.758492
109	134	0.760237
109	135	0.752171
109	138	0.77731
109	147	0.707696
109	150	2.64502
109	154	2.6721
109	168	3.71023
109	170	0.80141
109	171	0.774206
110	2	0.659401
110	27	0.701904
110	35	0.76173
110	49	0.746065
110	60	0.794019
110	89	0.746916
110	97	0.733223
110	109	0.766873
110	112	0.744789
110	120	0.768385
110	122	0.731383
110	124	0.761156
110	128	0.768863
110	129	2.66344
110	130	0.75432
110	134	0.756065
110	135	0.748
110	138	0.773138
110	147	0.703525
110	152	1.62087
110	160	2.47138
110	167	2.69946
110	170	0.797238
110	171	0.770034
110	179	3.55742
111	3	0.717531
111	16	0.704335
111	28	0.760886
111	37	0.753041
111	43	1.83755
111	45	0.742525
111	47	0.739135
111	56	0.741255
111	59	0.799129
111	69	0.762524
111	86	0.7353
111	88	0.738645
111	93	0.719955
111	94	0.729721
111	95	0.718958
111	102	0.713819
111	103	0.752621
111	104	0.750022
111	113	0.767746
111	119	1.81925
111	145	0.759388
111	146	2.88261
111	148	0.739307
111	160	2.91339
111	163	0.741214
111	177	3.27312
112	2	0.641488
112	9	4.25256
112	18	0.697232
112	35	0.743817
112	60	0.776106
112	82	0.733656
112	89	0.729003
112	97	0.71531
112	107	2.21524
112	109	0.74896
112	110	0.744789
112	120	0.750472
112	122	0.71347
112	124	0.743244
112	126	0.725655
112	128	0.75095
112	130	0.736408
112	134	0.738152
112	135	0.730087
112	138	0.755225
112	141	0.784266
112	147	0.685612
112	149	2.47254
112	157	2.01235
112	162	1.58809
112	170	0.779325
112	171	0.752122
113	3	0.747611
113	16	0.734415
113	28	0.790966
113	37	0.783121
113	45	0.772605
113	47	0.769215
113	56	0.771335
113	59	0.829209
113	69	0.792604
113	86	0.76538
113	88	0.768725
113	93	0.750035
113	94	0.759801
113	95	0.749038
113	101	1.16296
113	102	0.743899
113	103	0.782701
113	104	0.780102
113	111	0.767746
113	123	2.81984
113	144	2.52446
113	145	0.789468
113	148	0.769387
113	159	1.95951
113	163	0.771294
113	166	1.82986
113	179	3.62374
114	26	2.27041
114	67	1.57306
114	138	2.15671
114	139	0.748819
114	143	0.746625
114	146	0.756948
114	148	1.95337
114	151	0.764151
114	152	0.77278
114	153	0.760017
114	155	0.795322
114	157	0.761528
114	158	0.717209
114	166	0.787704
114	167	0.726036
114	168	0.717985
114	169	0.762127
114	171	1.15286
114	172	0.689026
114	173	0.690473
114	174	0.727122
114	175	0.727384
114	176	0.696582
114	177	0.714351
114	178	0.728533
114	179	0.707252
114	180	0.696104
115	53	1.58923
115	90	1.60517
115	130	1.94512
115	136	0.828348
115	142	0.77798
115	144	0.793724
115	148	1.53374
115	151	0.797001
115	152	0.805631
115	154	0.77976
115	155	0.828173
115	156	0.810392
115	157	0.794378
115	160	0.791048
115	161	1.17662
115	164	0.724533
115	167	0.758887
115	168	0.750835
115	171	0.733231
115	172	0.721876
115	174	0.759973
115	175	0.760235
115	176	0.729432
115	177	0.747202
115	178	0.761383
115	179	0.740102
115	180	0.728955
116	14	0.812754
116	24	0.724647
116	26	0.785291
116	64	0.696193
116	72	0.782011
116	81	0.765492
116	84	0.719511
116	99	0.742965
116	100	0.783547
116	105	0.783118
116	108	0.773721
116	125	2.30251
116	126	0.756118
116	128	0.781412
116	130	0.76687
116	134	0.768615
116	135	0.760549
116	147	0.716074
116	148	0.764374
116	150	2.78138
116	156	2.14267
116	159	2.37213
116	160	2.95033
116	161	0.756701
116	162	2.11333
116	163	0.766281
116	165	0.786935
116	171	0.782584
117	25	1.94277
117	72	2.48959
117	119	0.74848
117	124	2.45012
117	136	0.761678
117	140	0.741836
117	143	0.712806
117	149	0.719583
117	151	0.730332
117	154	0.71309
117	155	0.761503
117	156	0.743722
117	160	0.724379
117	161	2.74982
117	164	0.657864
117	167	0.692217
117	168	0.684166
117	169	0.728308
117	172	0.655207
117	173	0.656654
117	174	0.693303
117	175	0.693565
117	176	0.662763
117	177	0.680532
117	178	0.694714
117	179	0.673433
117	180	0.662285
118	31	0.758698
118	40	0.737066
118	42	0.739585
118	51	0.738003
118	65	0.760001
118	68	2.46028
118	73	0.753452
118	77	0.701347
118	85	0.781737
118	87	0.785061
118	91	0.724391
118	104	1.44891
118	109	1.92188
118	122	2.61321
118	126	1.4574
118	156	0.749113
118	158	0.68878
118	161	0.732326
118	162	0.763642
118	167	0.697608
118	168	0.689556
118	170	0.785413
118	171	0.758209
118	174	0.698694
118	175	0.698956
118	178	0.700104
118	179	0.678823
118	180	0.667676
119	6	2.56479
119	111	1.81925
119	117	0.74848
119	125	0.76555
119	128	1.57182
119	130	2.19663
119	148	1.78525
119	152	0.759171
119	153	0.746407
119	155	0.781713
119	156	0.763932
119	157	0.747918
119	158	0.703599
119	159	0.748284
119	160	0.744588
119	164	0.678074
119	166	0.774095
119	167	0.712427
119	168	0.704376
119	169	0.748518
119	172	0.675416
119	173	0.676864
119	174	0.713513
119	175	0.713775
119	176	0.682972
119	177	0.700742
119	178	0.714923
119	179	0.693643
119	180	0.682495
120	2	0.665084
120	18	0.720828
120	27	0.707586
120	38	0.713947
120	48	1.13968
120	63	0.798236
120	75	0.76904
120	82	0.757252
120	89	0.752599
120	97	0.738906
120	109	0.772556
120	110	0.768385
120	112	0.750472
120	122	0.737066
120	124	0.766839
120	126	0.749251
120	128	0.774546
120	130	0.760003
120	133	1.30382
120	134	0.761748
120	135	0.753683
120	138	0.778821
120	141	0.807862
120	142	2.47074
120	146	2.30739
120	170	0.802921
120	171	0.775717
120	173	4.63442
120	175	2.90472
121	7	3.4979
121	31	1.43931
121	103	2.27914
121	127	0.750246
121	131	0.71641
121	133	0.788202
121	134	1.90709
121	140	0.763532
121	151	0.752028
121	152	0.760657
121	154	0.734786
121	155	0.783199
121	158	0.705086
121	160	0.746074
121	164	0.67956
121	166	0.775581
121	167	0.713913
121	168	0.705862
121	169	0.750004
121	170	1.30075
121	172	0.676902
121	173	0.67835
121	174	0.714999
121	175	0.715261
121	176	0.684459
121	177	0.702228
121	178	0.716409
121	179	0.695129
121	180	0.683981
122	2	0.628082
122	12	0.753635
122	18	0.683827
122	24	0.680779
122	35	0.730412
122	60	0.7627
122	63	0.761235
122	75	0.732038
122	90	0.719566
122	97	0.701904
122	109	0.735554
122	110	0.731383
122	112	0.71347
122	118	2.61321
122	120	0.737066
122	124	0.729838
122	128	0.737544
122	130	0.723002
122	134	0.724746
122	135	0.716681
122	138	0.74182
122	140	3.3074
122	141	0.770861
122	145	0.740587
122	147	0.672206
122	152	2.65478
122	162	2.6683
122	166	2.79746
122	171	0.738716
123	13	0.74242
123	18	3.17397
123	32	2.59644
123	52	0.711476
123	54	2.60975
123	57	0.697649
123	62	0.762195
123	64	0.643998
123	66	0.733489
123	99	0.69077
123	100	0.731352
123	105	0.730923
123	108	0.721526
123	113	2.81984
123	159	0.705645
123	161	0.704506
123	162	0.735822
123	165	0.73474
123	168	0.661736
123	169	0.705879
123	170	0.757593
123	171	0.730389
123	172	0.632777
123	173	0.634224
123	175	0.671135
123	177	0.658102
123	179	0.651003
123	180	0.639856
124	2	0.657856
124	12	0.783408
124	18	0.7136
124	24	0.710552
124	49	0.74452
124	60	0.792474
124	63	0.791008
124	75	0.761812
124	82	0.750024
124	89	0.745371
124	97	0.731677
124	106	1.66833
124	110	0.761156
124	112	0.743244
124	117	2.45012
124	120	0.766839
124	122	0.729838
124	126	0.742023
124	128	0.767318
124	130	0.752775
124	134	0.75452
124	135	0.746454
124	138	0.771593
124	147	0.70198
124	150	2.05364
124	152	1.37207
124	160	2.22258
124	164	4.68596
124	170	0.795693
124	171	0.768489
125	17	2.04828
125	38	0.708119
125	89	2.91934
125	90	2.30301
125	116	2.30251
125	119	0.76555
125	132	0.747102
125	142	0.72838
125	150	0.728394
125	151	0.747402
125	153	0.743268
125	154	0.73016
125	157	0.744779
125	158	0.70046
125	159	0.745145
125	160	0.741449
125	161	1.87446
125	164	0.674934
125	166	0.770956
125	167	0.709288
125	168	0.701236
125	169	0.745378
125	173	0.673724
125	174	0.710373
125	175	0.710635
125	176	0.679833
125	177	0.697602
125	178	0.711784
125	179	0.690503
125	180	0.679356
126	12	0.76582
126	24	0.692964
126	27	0.68277
126	35	0.742597
126	38	0.689131
126	49	0.726932
126	50	1.25951
126	60	0.774886
126	75	0.744224
126	82	0.732436
126	89	0.727782
126	96	2.67386
126	97	0.714089
126	109	0.74774
126	112	0.725655
126	116	0.756118
126	118	1.4574
126	120	0.749251
126	124	0.742023
126	128	0.74973
126	130	0.735187
126	134	0.736932
126	135	0.728866
126	138	0.754005
126	141	0.783046
126	143	2.32211
126	145	0.752773
126	147	0.684392
126	170	0.778105
126	171	0.750901
126	178	3.07098
126	180	4.08909
127	15	3.13176
127	23	0.7351
127	56	2.73409
127	73	1.99318
127	74	2.35104
127	97	2.98992
127	106	0.742227
127	121	0.750246
127	131	0.694995
127	139	0.715281
127	143	0.713086
127	149	0.719863
127	150	0.711604
127	151	0.730612
127	152	0.739242
127	153	0.726478
127	154	0.713371
127	155	0.761784
127	156	0.744003
127	159	0.728355
127	164	0.658144
127	166	0.754166
127	167	0.692498
127	168	0.684446
127	172	0.655487
127	173	0.656934
127	174	0.693584
127	175	0.693846
127	176	0.663043
127	177	0.680812
127	178	0.694994
127	179	0.673713
127	180	0.662566
128	12	0.791115
128	18	0.721306
128	24	0.718259
128	27	0.708065
128	46	0.863601
128	49	0.752226
128	63	0.798715
128	75	0.769518
128	82	0.75773
128	89	0.753077
128	97	0.739384
128	109	0.773034
128	110	0.768863
128	112	0.75095
128	116	0.781412
128	119	1.57182
128	120	0.774546
128	122	0.737544
128	124	0.767318
128	126	0.74973
128	130	0.760482
128	134	0.762226
128	135	0.754161
128	138	0.779299
128	141	0.80834
128	144	2.65273
128	145	0.778067
128	147	0.709686
128	153	2.12144
128	160	2.66597
128	170	0.803399
128	174	3.09208
128	178	3.38746
129	10	0.678695
129	15	0.688611
129	30	0.739552
129	32	2.50635
129	35	1.84381
129	39	0.723577
129	54	2.51967
129	64	0.656549
129	71	0.803094
129	72	0.742368
129	74	0.746331
129	99	0.703322
129	100	0.743904
129	105	0.743474
129	108	0.734078
129	110	2.66344
129	161	2.71433
129	162	0.748373
129	163	0.726638
129	164	0.647986
129	165	0.747292
129	166	0.744007
129	168	0.674288
129	169	0.71843
129	170	0.770144
129	171	0.742941
129	172	0.645329
129	173	0.646776
129	177	0.670654
129	178	0.684836
129	179	0.663555
129	180	0.652407
130	18	0.706764
130	24	0.703716
130	27	0.693522
130	35	0.753349
130	49	0.737684
130	60	0.785638
130	61	1.45107
130	63	0.784172
130	75	0.754976
130	82	0.743188
130	89	0.738535
130	90	0.742503
130	97	0.724841
130	109	0.758492
130	110	0.75432
130	112	0.736408
130	115	1.94512
130	116	0.76687
130	119	2.19663
130	120	0.760003
130	122	0.723002
130	124	0.752775
130	126	0.735187
130	128	0.760482
130	134	0.747684
130	135	0.739618
130	138	0.764757
130	141	0.793798
130	145	0.763525
130	150	3.12183
130	152	2.44026
130	153	2.74625
130	155	2.3701
130	170	0.788857
130	171	0.761653
131	3	2.83129
131	55	4.14001
131	61	0.789068
131	81	2.73915
131	98	0.650897
131	121	0.71641
131	127	0.694995
131	132	0.696476
131	133	0.73295
131	139	0.681445
131	144	0.693499
131	145	0.721134
131	146	0.689573
131	152	0.705406
131	154	0.679534
131	156	0.710167
131	157	0.694153
131	158	0.649834
131	159	0.694519
131	160	0.690823
131	165	3.26973
131	166	0.720329
131	167	0.658661
131	168	0.65061
131	169	0.694752
131	172	0.621651
131	173	0.623098
131	174	0.659747
131	175	0.660009
131	176	0.629207
131	177	0.646976
131	178	0.661158
131	179	0.639877
131	180	0.62873
132	11	3.34352
132	51	3.17232
132	80	0.788348
132	87	1.69288
132	102	2.74181
132	105	2.24947
132	125	0.747102
132	131	0.696476
132	140	0.743598
132	146	0.724891
132	149	0.721345
132	150	0.713085
132	151	0.732094
132	153	0.727959
132	154	0.714852
132	156	0.745484
132	157	0.729471
132	158	0.685152
132	159	0.729836
132	160	0.72614
132	164	0.659626
132	167	0.693979
132	168	0.685928
132	169	0.73007
132	172	0.656969
132	173	0.658416
132	174	0.695065
132	175	0.695327
132	176	0.664525
132	177	0.682294
132	178	0.696476
132	179	0.675195
132	180	0.664047
133	1	2.28488
133	14	2.09659
133	41	2.49123
133	53	1.90053
133	79	0.819791
133	84	2.89571
133	120	1.30382
133	121	0.788202
133	131	0.73295
133	142	0.749546
133	144	0.76529
133	146	0.761365
133	149	0.757819
133	150	0.749559
133	151	0.768568
133	153	0.764433
133	154	0.751326
133	155	0.799739
133	157	0.765944
133	158	0.721626
133	160	0.762614
133	164	0.6961
133	166	0.792121
133	167	0.730453
