1	79	1.16679
1	94	1.19036
1	119	0.885847
1	122	1.24164
1	147	0.929984
1	150	0.951852
1	151	0.943525
1	155	0.942062
1	158	0.928886
1	161	0.959225
1	163	0.936369
1	164	0.922252
2	11	1.09092
2	15	0.964057
2	21	1.05812
2	25	1.03399
2	35	1.0384
2	40	1.1218
2	62	1.0501
2	113	0.790855
2	144	1.04261
2	159	0.940443
2	163	1.00886
2	174	0.863858
3	14	0.854495
3	17	0.971166
3	72	0.915619
3	75	0.915619
3	81	0.949899
3	84	0.949899
3	121	1.28925
3	135	0.89513
3	148	0.933133
3	163	1.21269
3	172	1.09635
3	173	1.01504
4	51	0.878513
4	86	0.925632
4	93	0.957333
4	102	0.936713
4	107	0.92027
4	120	0.88415
4	123	0.923038
4	153	0.972181
4	161	1.33287
4	174	1.21187
4	178	1.05722
4	179	1.00217
5	11	0.974096
5	15	0.847234
5	21	0.941299
5	35	0.921581
5	40	1.00498
5	62	0.933283
5	94	0.945233
5	121	0.906507
5	142	1.24723
5	144	0.925787
5	174	1.17175
5	180	1.18657
6	126	0.867343
6	148	0.895004
6	151	0.958796
6	156	0.871896
6	157	1.047
6	167	1.03233
6	169	1.04645
6	170	1.0573
6	172	1.06478
6	176	1.05102
6	177	1.05572
6	180	1.04541
7	64	0.905926
7	89	0.875706
7	121	0.921492
7	145	1.0588
7	149	1.04127
7	164	0.890175
7	170	1.04364
7	175	1.02813
7	176	1.03735
7	177	1.04205
7	178	1.117
7	180	1.03175
8	34	0.929627
8	63	0.946899
8	68	1.17425
8	69	0.936544
8	76	0.9713
8	77	0.881993
8	91	0.89297
8	96	0.94297
8	99	0.94297
8	138	1.23358
8	153	0.954728
8	165	1.19802
9	26	1.45286
9	67	0.936835
9	138	1.01899
9	141	0.934233
9	146	0.936811
9	151	0.936252
9	155	0.934788
9	156	0.932538
9	158	0.921613
9	159	1.13257
9	161	0.951951
9	164	0.914978
10	32	1.04018
10	72	1.02783
10	75	1.02783
10	81	1.06211
10	84	1.06211
10	101	0.887519
10	135	1.00734
10	136	0.865211
10	148	1.04534
10	171	0.903754
10	173	1.12725
10	175	0.951182
11	2	1.09092
11	5	0.974096
11	15	0.980573
11	25	1.0505
11	40	1.13832
11	62	1.06662
11	91	1.01843
11	121	1.03985
11	144	1.05913
11	151	1.00242
11	176	0.775063
11	179	0.80059
12	30	0.939329
12	33	0.939509
12	37	0.897976
12	54	0.967976
12	60	0.933677
12	64	0.928588
12	130	0.93343
12	154	0.890832
12	157	1.20476
12	162	1.22157
12	165	0.968683
12	176	1.17895
13	51	1.00399
13	73	0.803738
13	86	1.05111
13	89	1.0526
13	110	1.05119
13	120	1.00963
13	123	1.04852
13	140	1.0553
13	159	0.965849
13	170	0.915544
13	171	0.921928
13	179	1.12765
14	3	0.854495
14	32	0.933368
14	72	0.921018
14	75	0.921018
14	81	0.955299
14	84	0.955299
14	116	1.26273
14	133	1.19792
14	135	0.90053
14	148	0.938533
14	168	1.14554
14	173	1.02044
15	2	0.964057
15	5	0.847234
15	11	0.980573
15	21	0.947776
15	25	0.92364
15	62	0.93976
15	94	0.95171
15	110	1.2397
15	121	0.912984
15	144	0.932265
15	176	1.26157
15	178	1.10483
16	68	0.767162
16	79	1.06527
16	92	1.04574
16	94	1.05024
16	97	1.04281
16	98	1.04507
16	103	1.0268
16	119	1.15065
16	152	1.01886
16	168	0.822811
16	174	0.863487
16	178	1.10522
17	3	0.971166
17	72	1.03769
17	75	1.03769
17	81	1.07197
17	84	1.07197
17	127	0.934631
17	135	1.0172
17	143	0.979379
17	148	1.0552
17	160	0.914425
17	173	1.13711
17	178	0.779364
18	26	1.09044
18	38	0.991048
18	46	0.970507
18	67	0.842776
18	108	1.00069
18	159	1.00504
18	162	0.99751
18	171	1.02692
18	172	1.02669
18	174	1.01446
18	175	1.00372
18	177	1.01763
18	180	1.00733
19	26	0.902456
19	30	1.02889
19	37	0.987538
19	52	1.04355
19	54	1.05754
19	60	1.02324
19	64	1.01815
19	90	1.06092
19	138	0.966208
19	154	0.980395
19	165	1.05825
19	170	1.02948
19	173	0.85132
20	34	1.02267
20	63	1.03994
20	65	0.961332
20	66	0.926981
20	69	1.02958
20	77	0.975033
20	91	0.98601
20	96	1.03601
20	99	1.03601
20	106	1.09909
20	153	1.04777
20	173	0.806138
20	175	1.03811
21	2	1.05812
21	5	0.941299
21	15	0.947776
21	25	1.0177
21	35	1.02212
21	62	1.03382
21	94	1.04577
21	121	1.00705
21	144	1.02633
21	149	0.966809
21	174	0.974528
21	176	0.976625
21	180	0.989348
22	71	1.06196
22	148	0.943655
22	156	0.920547
22	158	0.967403
22	159	1.00387
22	167	0.993074
22	170	1.01805
22	171	1.02575
22	172	1.02552
22	174	1.01329
22	175	1.00254
22	176	1.01176
22	180	1.00615
23	50	0.964333
23	85	1.01422
23	93	1.04148
23	102	1.02086
23	113	0.913898
23	120	0.968299
23	123	1.00719
23	133	0.998606
23	135	0.983324
23	140	1.01397
23	176	0.988998
23	177	1.00625
23	179	1.08632
24	48	0.984129
24	58	0.954179
24	76	1.06808
24	77	0.978778
24	91	0.989755
24	96	1.03975
24	97	1.06066
24	99	1.03975
24	121	0.994053
24	153	1.05151
24	157	0.948898
24	171	0.953646
24	177	0.94033
25	2	1.03399
25	11	1.0505
25	15	0.92364
25	21	1.0177
25	35	0.997986
25	40	1.08139
25	62	1.00969
25	104	1.12321
25	121	0.982913
25	144	1.00219
25	165	0.862195
25	166	0.968303
25	177	0.954099
26	9	1.45286
26	18	1.09044
26	19	0.902456
26	30	0.923359
26	33	0.923539
26	37	0.882005
26	54	0.952005
26	60	0.917706
26	85	1.35471
26	100	0.853897
26	130	0.917459
26	154	0.874862
26	165	0.952713
27	76	0.896
27	114	1.11128
27	155	1.00889
27	168	1.02876
27	170	1.01201
27	171	1.01971
27	172	1.01949
27	174	1.00726
27	175	0.996507
27	176	1.00573
27	177	1.01043
27	179	0.877096
27	180	1.00012
28	49	1.02732
28	114	0.962199
28	147	0.998734
28	150	1.0206
28	151	1.01228
28	156	1.00856
28	161	1.02797
28	163	1.00512
28	164	0.991002
28	172	1.00385
28	175	1.05529
28	178	0.820549
28	179	1.07353
29	73	0.925097
29	85	1.00196
29	89	0.999003
29	93	1.02922
29	102	1.0086
29	107	0.992154
29	120	0.956033
29	123	0.994922
29	153	1.04406
29	165	0.938066
29	167	1.07441
29	168	0.969946
29	179	1.07405
30	12	0.939329
30	19	1.02889
30	26	0.923359
30	52	1.06445
30	60	1.04414
30	64	1.03905
30	80	0.884471
30	100	0.980332
30	154	1.0013
30	159	1.02717
30	165	1.07915
30	167	1.01438
30	179	0.978211
31	42	0.966761
31	79	1.03396
31	92	1.01443
31	97	1.0115
31	98	1.01376
31	100	1.17353
31	103	0.995486
31	148	1.00265
31	152	0.987548
31	162	0.923788
31	172	0.907725
31	177	0.898414
31	178	1.0739
32	10	1.04018
32	14	0.933368
32	72	0.994492
32	75	0.994492
32	81	1.02877
32	84	1.02877
32	135	0.974003
32	148	1.01201
32	163	1.05741
32	167	0.976202
32	170	0.938692
32	173	1.09391
32	177	0.93176
33	12	0.939509
33	26	0.923539
33	37	1.00862
33	54	1.07862
33	60	1.04432
33	87	0.968864
33	100	0.980512
33	130	1.04407
33	154	1.00148
33	165	1.07933
33	166	1.04303
33	169	1.03829
33	173	0.857594
34	8	0.929627
34	20	1.02267
34	58	0.964742
34	66	0.941289
34	76	1.07865
34	91	1.00032
34	96	1.05032
34	99	1.05032
34	104	1.11823
34	137	0.938217
34	149	0.92205
34	153	1.06208
34	174	0.929769
35	2	1.0384
35	5	0.921581
35	21	1.02212
35	25	0.997986
35	40	1.0858
35	62	1.01411
35	94	1.02606
35	121	0.98733
35	136	0.98805
35	144	1.00661
35	167	1.05772
35	172	1.02259
35	178	0.839282
36	61	1.00474
36	79	0.996677
36	109	1.06284
36	118	1.03428
36	119	0.962618
36	139	1.00183
36	150	1.02862
36	155	1.01883
36	158	1.00566
36	161	1.036
36	163	1.01314
36	164	0.999023
36	178	0.839795
37	12	0.897976
37	19	0.987538
37	26	0.882005
37	33	1.00862
37	52	1.0231
37	60	1.00279
37	64	0.997699
37	115	1.25154
37	128	0.986664
37	130	1.00254
37	154	0.959943
37	165	1.03779
37	176	0.976477
37	180	0.9892
38	18	0.991048
38	59	0.981086
38	74	0.947083
38	92	0.983633
38	94	0.988127
38	97	0.980701
38	98	0.982963
38	103	0.964689
38	148	0.971859
38	152	0.956751
38	160	1.06555
38	168	1.04445
38	177	1.10448
38	178	1.04311
39	106	1.08301
39	116	0.924686
39	124	1.07689
39	136	0.842291
39	139	1.0759
39	154	1.05845
39	158	1.07973
39	161	1.11007
39	163	1.08721
39	164	1.0731
39	166	0.881721
39	177	0.867517
39	178	0.693523
39	179	1.15563
40	2	1.1218
40	5	1.00498
40	11	1.13832
40	25	1.08139
40	35	1.0858
40	62	1.09751
40	94	1.10946
40	121	1.07073
40	127	0.875426
40	137	0.883254
40	144	1.09001
40	168	0.83413
40	173	0.722923
40	177	0.894154
41	65	0.855965
41	110	0.832878
41	139	1.07652
41	147	1.08145
41	154	1.05907
41	155	1.09353
41	156	1.09128
41	158	1.08035
41	159	0.929239
41	163	1.08783
41	164	1.07372
41	165	0.780098
41	168	0.811977
41	179	1.15625
42	31	0.966761
42	47	1.08694
42	73	0.893281
42	74	0.956501
42	83	0.927107
42	92	0.993051
42	97	0.990119
42	98	0.992381
42	103	0.974107
42	148	0.981277
42	152	0.966169
42	158	1.16822
42	159	1.05539
42	178	1.05253
43	50	1.19172
43	77	1.1282
43	88	1.01983
43	132	0.977513
43	134	0.962549
43	162	0.967565
43	170	0.989276
43	172	0.996749
43	174	0.984518
43	175	0.97377
43	176	0.98299
43	177	0.987689
43	179	0.85195
43	180	0.977381
44	64	0.99442
44	81	1.02291
44	84	1.02291
44	121	1.00999
44	148	1.00615
44	161	0.909421
44	164	0.97867
44	167	0.979069
44	173	1.08806
44	175	0.988537
44	176	0.997757
44	177	1.00246
44	180	0.992148
45	63	1.03043
45	83	1.13602
45	92	1.01042
45	128	0.981085
45	140	1.01558
45	162	0.954664
45	170	0.976375
45	171	0.984074
45	172	0.983848
45	175	0.960869
45	176	0.970089
45	177	0.974788
45	178	1.04973
45	180	0.96448
46	18	0.970507
46	59	0.979582
46	74	0.945579
46	79	1.00166
46	92	0.982129
46	97	0.979197
46	98	0.981459
46	103	0.963185
46	148	0.970355
46	152	0.955248
46	170	1.09087
46	174	1.06459
46	178	1.0416
46	180	1.07941
47	42	1.08694
47	96	0.996464
47	141	1.09455
47	157	0.96757
47	161	1.01678
47	162	0.956166
47	170	0.977877
47	171	0.985576
47	172	0.985349
47	175	0.962371
47	176	0.97159
47	177	0.976289
47	178	1.05123
47	180	0.965981
48	24	0.984129
48	53	1.1414
48	63	1.01196
48	66	0.899006
48	69	1.00161
48	77	0.947058
48	91	0.958035
48	96	1.00804
48	99	1.00804
48	121	0.962333
48	153	1.01979
48	160	0.973606
48	170	1.01947
48	175	1.07328
49	28	1.02732
49	74	1.0714
49	124	1.06781
49	158	1.02918
49	159	0.959318
49	166	0.971945
49	168	0.990244
49	171	0.981198
49	172	0.980972
49	174	0.968741
49	176	0.967213
49	177	0.971912
49	178	1.04685
49	180	0.961604
50	23	0.964333
50	43	1.19172
50	85	0.953071
50	86	0.948632
50	89	0.950119
50	93	0.980333
50	102	0.959712
50	107	0.94327
50	120	0.907149
50	123	0.946038
50	133	1.16674
50	135	0.922175
50	149	1.14731
50	178	1.00039
50	179	1.02517
51	4	0.878513
51	13	1.00399
51	85	0.9514
51	89	0.948448
51	94	1.11624
51	102	0.958041
51	107	0.941599
51	120	0.905478
51	123	0.944367
51	134	1.13778
51	140	0.951152
51	145	1.07954
51	153	0.993509
51	175	1.17053
51	179	1.0235
52	19	1.04355
52	30	1.06445
52	37	1.0231
52	54	1.0931
52	60	1.0588
52	64	1.05371
52	100	0.994989
52	125	0.955058
52	130	1.05855
52	133	0.931718
52	145	0.909114
52	154	1.01595
52	165	1.0938
52	169	0.948826
52	178	0.765367
53	48	1.1414
53	75	1.13033
53	144	1.11041
53	146	1.11141
53	157	0.951837
53	159	0.947962
53	166	0.960589
53	167	0.937169
53	170	0.962143
53	172	0.969616
53	174	0.957385
53	175	0.946637
53	176	0.955857
53	177	0.960556
53	180	0.950248
54	12	0.967976
54	19	1.05754
54	26	0.952005
54	33	1.07862
54	52	1.0931
54	60	1.07279
54	64	1.0677
54	105	1.00442
54	112	0.924446
54	125	0.924431
54	130	1.07254
54	154	1.02994
54	165	1.10779
54	172	0.918045
54	178	0.73474
55	68	1.04406
55	80	1.07427
55	124	0.938008
55	129	0.955994
55	131	0.941225
55	146	0.956043
55	147	0.941942
55	151	0.955484
55	158	0.940844
55	161	0.971183
55	162	1.18511
55	163	0.948327
55	164	0.93421
55	167	1.20418
55	179	1.01674
56	86	1.03793
56	93	1.06963
56	102	1.04901
56	107	1.03257
56	110	1.03801
56	120	0.996447
56	123	1.03534
56	130	0.850762
56	140	1.04212
56	152	1.04654
56	153	1.08448
56	170	0.866408
56	171	0.872792
56	172	0.868787
56	179	1.11447
57	59	0.862867
57	71	0.946435
57	100	0.956923
57	137	1.04519
57	140	0.811645
57	145	1.05437
57	154	0.912054
57	168	1.05595
57	169	1.02834
57	171	1.0469
57	172	1.04667
57	173	1.12321
57	174	1.03444
57	177	1.03761
57	180	1.02731
58	24	0.954179
58	34	0.964742
58	63	0.982015
58	66	0.869056
58	76	1.00642
58	77	0.917108
58	90	1.16378
58	91	0.928085
58	96	0.978085
58	99	0.978085
58	116	1.18258
58	121	0.932383
58	132	1.09664
58	153	0.989843
58	168	1.06539
59	38	0.981086
59	46	0.979582
59	57	0.862867
59	65	0.991357
59	68	0.891719
59	74	1.00162
59	83	0.972229
59	90	1.04576
59	92	1.03817
59	97	1.03524
59	98	1.0375
59	103	1.01923
59	148	1.0264
59	152	1.01129
59	172	1.0167
59	178	1.09765
60	12	0.933677
60	19	1.02324
60	26	0.917706
60	30	1.04414
60	33	1.04432
60	37	1.00279
60	52	1.0588
60	54	1.07279
60	64	1.0334
60	108	0.966943
60	123	1.07804
60	136	0.880912
60	154	0.995645
60	165	1.0735
60	170	0.91307
60	175	0.966883
61	36	1.00474
61	137	1.02549
61	139	1.01161
61	148	0.963607
61	164	0.988186
61	166	1.01795
61	168	1.03625
61	169	1.00865
61	171	1.0272
61	172	1.02698
61	174	1.01475
61	175	1.004
61	176	1.01322
61	177	1.01792
61	179	0.825564
61	180	1.00761
62	2	1.0501
62	5	0.933283
62	11	1.06662
62	15	0.93976
62	21	1.03382
62	25	1.00969
62	35	1.01411
62	40	1.09751
62	94	1.03776
62	121	0.999033
62	140	1.076
62	144	1.01831
62	163	1.07182
62	172	0.955477
62	174	0.926817
62	178	0.772172
63	8	0.946899
63	20	1.03994
63	45	1.03043
63	48	1.01196
63	58	0.982015
63	66	0.958561
63	77	1.00661
63	91	1.01759
63	96	1.06759
63	99	1.06759
63	121	1.02189
63	153	1.07935
63	159	1.02825
63	172	0.980326
63	177	0.971015
63	178	0.797021
64	7	0.905926
64	12	0.928588
64	19	1.01815
64	30	1.03905
64	37	0.997699
64	44	0.99442
64	52	1.05371
64	54	1.0677
64	60	1.0334
64	100	0.96959
64	130	1.03315
64	134	1.04098
64	154	0.990555
64	165	1.06841
64	169	1.02245
64	173	0.841755
65	20	0.961332
65	41	0.855965
65	59	0.991357
65	98	0.946488
65	122	1.01158
65	138	1.03181
65	154	1.04054
65	162	1.0019
65	168	1.04035
65	169	1.01275
65	170	1.02361
65	174	1.01885
65	175	1.0081
65	176	1.01732
65	177	1.02202
65	180	1.01171
66	20	0.926981
66	34	0.941289
66	48	0.899006
66	58	0.869056
66	63	0.958561
66	69	0.948206
66	76	0.982962
66	77	0.893654
66	87	1.19078
66	91	0.904632
66	96	0.954632
66	99	0.954632
66	113	1.15839
66	136	1.22552
66	153	0.96639
66	176	1.23349
67	9	0.936835
67	18	0.842776
67	108	1.01701
67	115	0.981085
67	116	1.01338
67	126	1.04088
67	129	1.02574
67	131	1.01097
67	150	1.03355
67	156	1.02151
67	157	0.964774
67	161	1.04093
67	163	1.01807
67	164	1.00395
67	171	0.969523
67	179	1.08648
68	8	1.17425
68	16	0.767162
68	55	1.04406
68	59	0.891719
68	143	0.997345
68	151	0.920774
68	166	1.01651
68	167	0.993095
68	171	1.02577
68	172	1.02554
68	174	1.01331
68	175	1.00256
68	176	1.01178
68	177	1.01648
68	178	1.09142
68	180	1.00617
69	8	0.936544
69	20	1.02958
69	48	1.00161
69	66	0.948206
69	76	1.08557
69	77	0.996258
69	91	1.00724
69	96	1.05724
69	99	1.05724
69	121	1.01153
69	153	1.06899
69	162	0.963055
69	171	0.950998
69	172	0.946993
69	175	0.998426
69	179	0.945957
70	89	1.12776
70	114	0.943783
70	118	1.00785
70	124	0.976383
70	127	0.952607
70	141	0.991841
70	142	1.02747
70	146	0.994419
70	155	0.992396
70	156	0.990146
70	158	0.97922
70	161	1.00956
70	163	0.986703
70	164	0.972586
70	175	1.03208
70	179	1.05512
70	180	0.966807
71	22	1.06196
71	57	0.946435
71	115	0.959767
71	118	1.0179
71	119	0.94623
71	140	0.992819
71	147	0.990367
71	150	1.01224
71	151	1.00391
71	152	0.985066
71	156	1.0002
71	158	0.98927
71	161	1.01961
71	164	0.982635
71	173	0.919731
71	177	1.09096
71	180	1.08643
72	3	0.915619
72	10	1.02783
72	14	0.921018
72	17	1.03769
72	32	0.994492
72	75	0.982143
72	80	0.991451
72	81	1.01642
72	83	0.945487
72	84	1.01642
72	110	1.03779
72	125	1.09261
72	135	0.961654
72	148	0.999657
72	157	1.08548
72	173	1.08156
72	178	0.902921
73	13	0.803738
73	29	0.925097
73	42	0.893281
73	84	0.886944
73	102	0.856273
73	149	1.07692
73	157	1.06898
73	160	1.09329
73	167	1.05432
73	172	1.08676
73	173	1.1633
73	174	1.07453
73	175	1.06378
73	176	1.073
73	177	1.0777
73	179	0.729739
73	180	1.06739
74	38	0.947083
74	42	0.956501
74	46	0.945579
74	49	1.0714
74	59	1.00162
74	79	1.0237
74	92	1.00417
74	98	1.0035
74	103	0.985226
74	105	0.999289
74	140	1.16846
74	148	0.992395
74	152	0.977288
74	165	0.946722
74	173	0.867395
74	178	1.06365
74	179	1.0469
75	3	0.915619
75	10	1.02783
75	14	0.921018
75	17	1.03769
75	32	0.994492
75	53	1.13033
75	72	0.982143
75	81	1.01642
75	83	0.945487
75	84	1.01642
75	110	0.962348
75	132	0.972693
75	135	0.961654
75	148	0.999657
75	167	1.04591
75	173	1.08156
75	180	0.996945
76	8	0.9713
76	24	1.06808
76	27	0.896
76	34	1.07865
76	58	1.00642
76	66	0.982962
76	69	1.08557
76	77	1.03101
76	91	1.04199
76	96	1.09199
76	99	1.09199
76	121	1.04629
76	148	0.999836
76	153	1.10375
76	162	0.878891
76	166	0.867721
76	175	0.914262
76	180	0.848989
77	8	0.881993
77	20	0.975033
77	24	0.978778
77	43	1.1282
77	48	0.947058
77	58	0.917108
77	63	1.00661
77	66	0.893654
77	69	0.996258
77	76	1.03101
77	91	0.952683
77	96	1.00268
77	99	1.00268
77	153	1.01444
77	162	1.13623
77	167	1.1553
77	168	1.05083
77	178	0.936865
78	91	1.11374
78	120	1.12123
78	133	0.948296
78	150	1.02799
78	154	1.11787
78	156	1.01084
78	157	0.965079
78	159	0.961205
78	167	0.950412
78	168	0.992131
78	169	0.964529
78	170	0.975386
78	171	0.983085
78	172	0.982859
78	174	0.970628
78	176	0.9691
78	177	0.973799
78	180	0.963491
79	1	1.16679
79	16	1.06527
79	31	1.03396
79	36	0.996677
79	46	1.00166
79	74	1.0237
79	92	1.06025
79	97	1.05732
79	98	1.05958
79	103	1.04131
79	105	1.05537
79	138	0.752883
79	148	1.04848
79	152	1.03337
79	170	0.816157
79	175	0.869969
79	178	1.11973
79	180	0.804697
80	30	0.884471
80	55	1.07427
80	72	0.991451
80	91	0.966987
80	107	0.914105
80	112	1.00521
80	143	1.00982
80	156	0.864084
80	157	1.02024
80	162	1.00883
80	168	1.04729
80	169	1.01968
80	171	1.03824
80	172	1.03801
80	174	1.02578
80	175	1.01504
80	176	1.02426
80	177	1.02895
80	180	1.01865
81	3	0.949899
81	10	1.06211
81	14	0.955299
81	17	1.07197
81	32	1.02877
81	44	1.02291
81	72	1.01642
81	75	1.01642
81	83	0.979768
81	84	1.0507
81	118	1.06221
81	135	0.995934
81	148	1.03394
81	170	0.926963
81	171	0.933347
81	173	1.11584
81	174	0.900683
81	175	0.980776
81	176	0.90278
82	88	0.931172
82	101	1.17332
82	131	0.938142
82	140	0.94131
82	141	0.950381
82	144	0.945488
82	150	0.960727
82	151	0.9524
82	152	0.933557
82	155	0.950936
82	158	0.937761
82	161	0.968099
82	163	0.945244
82	164	0.931127
82	170	1.18317
82	173	1.00501
82	177	1.17624
82	179	1.01366
82	180	1.17171
83	42	0.927107
83	45	1.13602
83	59	0.972229
83	72	0.945487
83	75	0.945487
83	81	0.979768
83	84	0.979768
83	94	0.97927
83	103	0.955832
83	112	1.09233
83	132	1.04784
83	135	0.924998
83	148	0.963001
83	152	0.947894
83	173	1.04491
83	176	1.05936
83	178	1.03425
83	180	1.07209
84	3	0.949899
84	10	1.06211
84	14	0.955299
84	17	1.07197
84	32	1.02877
84	44	1.02291
84	72	1.01642
84	73	0.886944
84	75	1.01642
84	81	1.0507
84	83	0.979768
84	132	0.963038
84	135	0.995934
84	148	1.03394
84	160	0.952884
84	165	0.899913
84	171	1.00513
84	172	1.00113
84	173	1.11584
85	23	1.01422
85	26	1.35471
85	29	1.00196
85	50	0.953071
85	51	0.9514
85	86	0.998519
85	93	1.03022
85	102	1.0096
85	107	0.993157
85	120	0.957036
85	123	0.995925
85	135	0.972062
85	140	1.00271
85	143	1.0032
85	149	0.950109
85	153	1.04507
85	160	0.938243
85	176	0.959925
85	178	0.803182
85	179	1.07506
86	4	0.925632
86	13	1.05111
86	50	0.948632
86	56	1.03793
86	85	0.998519
86	89	0.995567
86	93	1.02578
86	102	1.00516
86	106	1.1264
86	107	0.988717
86	108	1.06548
86	109	1.05373
86	120	0.952597
86	123	0.991486
86	135	0.967622
86	153	1.04063
86	165	0.912776
86	166	1.01888
86	178	0.830686
86	179	1.07062
87	33	0.968864
87	66	1.19078
87	125	0.9829
87	132	0.986545
87	135	0.996186
87	139	0.960696
87	146	0.922595
87	152	0.95344
87	159	0.984127
87	168	1.01505
87	169	0.987451
87	170	0.998308
87	171	1.00601
87	172	1.00578
87	173	1.08232
87	174	0.99355
87	175	0.982802
87	176	0.992022
87	177	0.996721
87	180	0.986413
88	43	1.01983
88	82	0.931172
88	110	0.963371
88	117	1.01861
88	128	0.995431
88	131	0.989157
88	137	0.991595
88	141	1.0014
88	146	1.00397
88	147	0.989873
88	150	1.01174
88	151	1.00342
88	156	0.999701
88	158	0.988776
88	161	1.01911
88	162	1.02787
88	163	0.996259
88	164	0.982141
88	172	1.01181
88	179	1.06467
89	7	0.875706
89	13	1.0526
89	29	0.999003
89	50	0.950119
89	51	0.948448
89	70	1.12776
89	86	0.995567
89	93	1.02727
89	102	1.00665
89	107	0.990205
89	120	0.954084
89	123	0.992973
89	132	0.953987
89	135	0.96911
89	140	0.999758
89	153	1.04212
89	156	1.10598
89	160	0.943833
89	166	0.99697
89	179	1.0721
90	19	1.06092
90	58	1.16378
90	59	1.04576
90	110	0.976556
90	126	0.983362
90	128	0.990629
90	155	1.00477
90	159	0.971738
90	160	0.999922
90	162	0.964208
90	164	1.0356
90	166	0.984365
90	167	0.960945
90	169	0.975062
90	171	0.993618
90	172	0.993392
90	174	0.981161
90	175	0.970413
90	176	0.979633
90	177	0.984332
90	180	0.974024
91	8	0.89297
91	11	1.01843
91	20	0.98601
91	24	0.989755
91	34	1.00032
91	48	0.958035
91	58	0.928085
91	63	1.01759
91	66	0.904632
91	69	1.00724
91	76	1.04199
91	77	0.952683
91	78	1.11374
91	80	0.966987
91	96	1.01366
91	99	1.01366
91	108	1.11325
91	121	0.967958
91	128	1.04539
91	153	1.02542
91	180	1.04792
92	16	1.04574
92	31	1.01443
92	38	0.983633
92	42	0.993051
92	45	1.01042
92	46	0.982129
92	59	1.03817
92	74	1.00417
92	79	1.06025
92	97	1.03779
92	98	1.04005
92	103	1.02178
92	105	1.03584
92	122	1.00874
92	148	1.02894
92	152	1.01384
92	168	0.890982
92	173	0.779775
92	175	1.01175
92	178	1.10019
92	179	0.959282
92	180	0.946478
93	4	0.957333
93	23	1.04148
93	29	1.02922
93	50	0.980333
93	56	1.06963
93	85	1.03022
93	86	1.02578
93	89	1.02727
93	101	0.922436
93	102	1.03686
93	107	1.02042
93	120	0.984298
93	123	1.02319
93	135	0.999323
93	153	1.07233
93	166	0.939558
93	167	0.969796
93	169	0.934819
93	172	0.934665
93	175	0.986098
93	177	0.925354
93	179	1.10232
94	1	1.19036
94	5	0.945233
94	15	0.95171
94	16	1.05024
94	21	1.04577
94	35	1.02606
94	38	0.988127
94	40	1.10946
94	51	1.11624
94	62	1.03776
94	83	0.97927
94	97	1.04228
94	98	1.04454
94	103	1.02627
94	122	0.890529
94	144	1.03026
94	152	1.01833
94	159	0.890031
94	171	0.84611
94	172	0.842105
94	177	0.832794
94	178	1.10469
95	100	0.911618
95	112	1.14471
95	115	0.924363
95	117	0.983697
95	124	0.951029
95	129	0.969016
95	133	1.12136
95	139	0.950036
95	141	0.966486
95	147	0.954963
95	150	0.976832
95	151	0.968505
95	155	0.967041
95	157	1.13757
95	158	0.953866
95	161	0.984204
95	163	0.961349
95	164	0.947232
95	166	1.1432
95	174	1.10965
95	178	0.955006
95	179	1.02976
96	8	0.94297
96	20	1.03601
96	24	1.03975
96	34	1.05032
96	47	0.996464
96	48	1.00804
96	58	0.978085
96	63	1.06759
96	66	0.954632
96	69	1.05724
96	76	1.09199
96	77	1.00268
96	91	1.01366
96	99	1.06366
96	121	1.01796
96	153	1.07542
96	157	0.916242
96	164	1.07857
96	165	0.81577
96	170	0.914607
96	172	0.916986
96	175	0.968419
97	16	1.04281
97	24	1.06066
97	31	1.0115
97	38	0.980701
97	42	0.990119
97	46	0.979197
97	59	1.03524
97	79	1.05732
97	92	1.03779
97	94	1.04228
97	98	1.03712
97	101	0.943748
97	103	1.01884
97	105	1.03291
97	109	0.995716
97	136	0.92144
97	148	1.02601
97	152	1.01091
97	166	0.96087
97	170	0.953599
97	173	0.775436
97	178	1.09726
98	16	1.04507
98	31	1.01376
98	38	0.982963
98	42	0.992381
98	46	0.981459
98	59	1.0375
98	65	0.946488
98	74	1.0035
98	79	1.05958
98	92	1.04005
98	94	1.04454
98	97	1.03712
98	103	1.02111
98	108	1.02333
98	113	0.870173
98	148	1.02828
98	152	1.01317
98	159	1.01976
98	162	0.987898
98	172	0.971835
98	173	0.791294
98	178	1.09952
99	8	0.94297
99	20	1.03601
99	24	1.03975
99	34	1.05032
99	48	1.00804
99	58	0.978085
99	63	1.06759
99	66	0.954632
99	69	1.05724
99	76	1.09199
99	77	1.00268
99	91	1.01366
99	96	1.06366
99	110	0.919322
99	121	1.01796
99	125	0.974143
99	130	0.949732
99	136	0.93322
99	149	0.931379
99	153	1.07542
99	170	0.965378
99	176	0.941195
100	26	0.853897
100	30	0.980332
100	31	1.17353
100	33	0.980512
100	52	0.994989
100	57	0.956923
100	64	0.96959
100	95	0.911618
100	106	0.9564
100	130	0.974432
100	142	1.15758
100	154	0.931835
100	156	0.964042
100	158	0.953117
100	161	0.983456
100	163	0.9606
100	164	0.946483
100	165	1.00969
100	166	1.11565
100	168	1.04142
100	175	1.16219
100	179	1.02901
101	10	0.887519
101	82	1.17332
101	93	0.922436
101	97	0.943748
101	116	0.979283
101	133	0.986269
101	142	0.964859
101	151	1.03353
101	153	0.880334
101	154	1.05366
101	160	1.02736
101	162	0.991648
101	166	1.0118
101	167	0.988385
101	169	1.0025
101	170	1.01336
101	171	1.02106
101	174	1.0086
101	175	0.997853
101	176	1.00707
101	177	1.01177
101	178	1.08671
101	180	1.00146
102	4	0.936713
102	23	1.02086
102	29	1.0086
102	50	0.959712
102	51	0.958041
102	56	1.04901
102	73	0.856273
102	85	1.0096
102	86	1.00516
102	89	1.00665
102	93	1.03686
102	107	0.999798
102	116	1.01831
102	120	0.963677
102	123	1.00257
102	140	1.00935
102	143	0.987167
102	153	1.05171
102	157	0.969714
102	158	1.13121
102	169	0.970611
102	171	0.974463
102	179	1.0817
103	16	1.0268
103	31	0.995486
103	38	0.964689
103	42	0.974107
103	46	0.963185
103	59	1.01923
103	74	0.985226
103	79	1.04131
103	83	0.955832
103	92	1.02178
103	94	1.02627
103	97	1.01884
103	98	1.02111
103	107	1.13841
103	148	1.01
103	152	0.994894
103	161	1.06683
103	162	0.990554
103	169	0.974645
103	173	0.79395
103	177	0.96518
103	178	1.08125
103	179	0.973456
104	25	1.12321
104	34	1.11823
104	117	1.10976
104	131	1.19181
104	136	0.949752
104	145	0.959135
104	152	1.18251
104	157	0.933664
104	160	0.957974
104	164	1.16634
104	166	0.942416
104	167	0.918997
104	168	0.960716
104	169	0.933114
104	170	0.943971
104	171	0.95167
104	172	0.951444
104	174	0.939213
104	175	0.928465
104	176	0.937685
104	177	0.942383
104	178	1.01733
104	180	0.932076
105	54	1.00442
105	74	0.999289
105	79	1.05537
105	92	1.03584
105	97	1.03291
105	127	0.903296
105	134	0.950021
105	141	1.02578
105	148	1.02406
105	150	1.03613
105	151	1.0278
105	152	1.00896
105	154	0.991879
105	155	1.02634
105	158	1.01316
105	163	1.02064
105	164	1.00653
105	166	0.936227
105	172	0.931334
105	174	0.902675
105	175	0.982768
105	178	1.09531
106	20	1.09909
106	39	1.08301
106	86	1.1264
106	100	0.9564
106	114	0.963211
106	117	1.02848
106	119	0.955608
106	138	0.891714
106	146	1.01385
106	149	0.920989
106	150	1.02161
106	151	1.01329
106	152	0.994444
106	154	0.977366
106	155	1.01182
106	156	1.00957
106	157	0.956624
106	158	0.998648
106	159	1.00529
106	160	0.909123
106	163	1.00613
106	164	0.992013
106	179	1.07454
107	4	0.92027
107	29	0.992154
107	50	0.94327
107	51	0.941599
107	56	1.03257
107	80	0.914105
107	85	0.993157
107	86	0.988717
107	89	0.990205
107	93	1.02042
107	102	0.999798
107	103	1.13841
107	110	0.988795
107	116	1.05674
107	120	0.947235
107	123	0.986124
107	135	0.96226
107	137	0.988669
107	140	0.992909
107	153	1.03527
107	156	1.12278
107	160	0.960635
107	162	1.02494
107	179	1.06526
108	18	1.00069
108	60	0.966943
108	67	1.01701
108	86	1.06548
108	91	1.11325
108	98	1.02333
108	141	1.06657
108	142	0.945935
108	143	0.97371
108	153	0.944057
108	159	0.980253
108	160	1.00844
108	162	0.972723
108	166	0.99288
108	168	1.01118
108	169	0.983577
108	170	0.994434
108	171	1.00213
108	172	1.00191
108	174	0.989676
108	175	0.978928
108	176	0.988148
108	177	0.992847
108	180	0.982539
109	36	1.06284
109	86	1.05373
109	97	0.995716
109	116	0.95709
109	123	1.04729
109	135	1.1052
109	157	0.980859
109	158	1.04545
109	160	1.00517
109	162	0.969455
109	165	1.03894
109	166	0.989611
109	167	0.966192
109	168	1.00791
109	169	0.980309
109	170	0.991166
109	171	0.998865
109	172	0.998639
109	174	0.986408
109	175	0.97566
109	176	0.98488
109	177	0.989579
109	179	0.883663
109	180	0.979271
110	13	1.05119
110	15	1.2397
110	41	0.832878
110	56	1.03801
110	72	1.03779
110	75	0.962348
110	88	0.963371
110	90	0.976556
110	99	0.919322
110	107	0.988795
110	120	0.952675
110	123	0.991564
110	144	0.94243
110	153	1.04071
110	167	0.978624
110	168	1.02034
110	170	1.0036
110	171	1.0113
110	174	0.99884
110	175	0.988092
110	176	0.997312
110	179	1.0707
110	180	0.991703
111	115	0.95183
111	117	1.01116
111	124	0.978496
111	129	0.996482
111	132	1.00777
111	134	1.06455
111	139	0.977503
111	140	0.984882
111	146	0.996531
111	147	0.98243
111	150	1.0043
111	151	0.995972
111	152	0.977128
111	153	1.09347
111	155	0.994508
111	156	0.992258
111	158	0.981333
111	161	1.01167
111	163	0.988815
111	164	0.974698
111	165	0.944646
111	170	1.04348
111	176	1.0193
111	177	1.03655
112	54	0.924446
112	80	1.00521
112	83	1.09233
112	95	1.14471
112	117	0.956365
112	120	1.07564
112	125	0.972221
112	132	0.975866
112	136	0.99341
112	147	1.03206
112	159	0.973448
112	160	1.00163
112	163	0.967701
112	166	0.986075
112	167	0.962655
112	169	0.976772
112	170	0.987629
112	171	0.995328
112	173	1.07164
112	174	0.982871
112	175	0.972123
112	176	0.981343
112	177	0.986042
112	180	0.975734
113	2	0.790855
113	23	0.913898
113	66	1.15839
113	98	0.870173
113	141	0.913411
113	142	1.006
113	143	1.03377
113	147	0.924
113	148	0.880305
113	157	1.04419
113	159	1.04032
113	166	1.05294
113	167	1.02952
113	169	1.04364
113	170	1.0545
113	171	1.0622
113	172	1.06197
113	173	1.13851
113	174	1.04974
113	175	1.03899
113	176	1.04821
113	177	1.05291
113	179	0.742262
113	180	1.0426
114	27	1.11128
114	28	0.962199
114	70	0.943783
114	106	0.963211
114	126	0.990219
114	127	1.05007
114	139	0.956098
114	141	0.972548
114	144	0.967654
114	146	0.975126
114	147	0.961025
114	150	0.982894
114	151	0.974567
114	155	0.973103
114	156	0.970853
114	157	1.07736
114	158	0.959928
114	161	0.990266
114	163	0.96741
114	164	0.953293
114	166	1.083
114	170	1.07573
114	174	1.04945
114	179	1.03582
114	180	1.06427
115	37	1.25154
115	67	0.981085
115	71	0.959767
115	95	0.924363
115	111	0.95183
115	118	0.994489
115	119	0.922822
115	124	0.963025
115	138	1.02781
115	139	0.962032
115	141	0.978482
115	143	1.11017
115	146	0.981061
115	150	0.988828
115	155	0.979037
115	156	0.976787
115	158	0.965862
115	161	0.9962
115	163	0.973345
115	164	0.959227
115	174	1.0648
115	176	1.0669
115	178	0.910157
115	179	1.04176
115	180	1.07962
116	14	1.26273
116	39	0.924686
116	58	1.18258
116	67	1.01338
116	101	0.979283
116	102	1.01831
116	107	1.05674
116	109	0.95709
116	133	0.951796
116	134	0.952158
116	146	1.03972
116	149	0.976517
116	160	0.992889
116	162	0.957174
116	166	0.977331
116	167	0.953911
116	168	0.99563
116	170	0.978885
116	171	0.986584
116	172	0.986358
116	174	0.974127
116	175	0.963379
116	176	0.972599
116	177	0.977298
116	180	0.96699
117	88	1.01861
117	95	0.983697
117	104	1.10976
117	106	1.02848
117	111	1.01116
117	112	0.956365
117	124	1.02236
117	128	0.933589
117	129	1.04035
117	130	0.931939
117	137	0.929753
117	139	1.02137
117	141	1.03782
117	146	1.04039
117	151	1.03984
117	154	1.00391
117	155	1.03837
117	156	1.03612
117	158	1.0252
117	163	1.03268
117	164	1.01856
117	170	0.947584
117	178	0.766658
117	179	1.10109
117	180	0.936124
118	36	1.03428
118	70	1.00785
118	71	1.0179
118	81	1.06221
118	115	0.994489
118	126	1.05428
118	129	1.03914
118	131	1.02437
118	133	0.960873
118	137	0.957616
118	141	1.03661
118	145	0.938268
118	147	1.02509
118	150	1.04696
118	152	1.01979
118	155	1.03717
118	156	1.03492
118	158	1.02399
118	160	0.929582
118	161	1.05433
118	162	0.993889
118	163	1.03147
118	164	1.01736
118	165	0.876611
118	178	0.794521
119	1	0.885847
119	16	1.15065
119	36	0.962618
119	71	0.94623
119	106	0.955608
119	115	0.922822
119	126	0.982616
119	131	0.952706
119	134	1.12215
119	141	0.964945
119	142	1.15028
119	147	0.953422
119	150	0.975291
119	151	0.966964
119	152	0.948121
119	154	0.931043
119	155	0.9655
119	156	0.96325
119	158	0.952325
119	161	0.982663
119	163	0.959808
119	166	1.10835
119	169	1.10361
119	170	1.10108
119	174	1.0748
119	179	1.02822
120	4	0.88415
120	13	1.00963
120	23	0.968299
120	29	0.956033
120	50	0.907149
120	51	0.905478
120	56	0.996447
120	78	1.12123
120	85	0.957036
120	86	0.952597
120	89	0.954084
120	93	0.984298
120	102	0.963677
120	107	0.947235
120	110	0.952675
120	112	1.07564
120	123	0.950003
120	135	0.92614
120	140	0.956789
120	149	1.03287
120	153	0.999145
120	156	1.18314
120	162	1.08531
120	164	1.23083
120	171	1.07325
120	179	1.02913
121	3	1.28925
121	5	0.906507
121	7	0.921492
121	11	1.03985
121	15	0.912984
121	21	1.00705
121	24	0.994053
121	25	0.982913
121	35	0.98733
121	40	1.07073
121	44	1.00999
121	48	0.962333
121	58	0.932383
121	62	0.999033
121	63	1.02189
121	69	1.01153
121	76	1.04629
121	91	0.967958
121	96	1.01796
121	99	1.01796
121	144	0.991537
121	153	1.02972
121	168	0.968527
121	171	1.04187
121	173	0.857321
121	174	1.0092
121	176	1.0113
122	1	1.24164
122	65	1.01158
122	92	1.00874
122	94	0.890529
122	133	0.973848
122	136	1.00672
122	138	1.00914
122	139	1.07839
122	142	0.952438
122	145	1.0161
122	148	1.03039
122	153	0.940988
122	157	0.99063
122	159	0.986756
122	160	1.01494
122	162	0.979226
122	163	1.00972
122	166	0.999383
122	167	0.975963
122	168	1.01768
122	170	1.00094
122	174	0.996179
122	175	0.985431
122	176	0.994651
122	177	0.99935
122	179	0.892348
122	180	0.989042
123	4	0.923038
123	13	1.04852
123	23	1.00719
123	29	0.994922
123	50	0.946038
123	51	0.944367
123	56	1.03534
123	60	1.07804
123	85	0.995925
123	86	0.991486
123	89	0.992973
123	93	1.02319
123	102	1.00257
123	107	0.986124
123	109	1.04729
123	110	0.991564
123	120	0.950003
123	125	1.01394
123	135	0.965029
123	140	0.995678
123	153	1.03803
123	160	0.959306
123	168	0.938214
123	169	1.0077
123	172	1.00755
123	175	1.05898
123	179	1.06802
124	39	1.07689
124	49	1.06781
124	55	0.938008
124	70	0.976383
124	95	0.951029
124	111	0.978496
124	115	0.963025
124	117	1.02236
124	125	1.05074
124	126	1.02282
124	139	0.988698
124	141	1.00515
124	146	1.00773
124	147	0.993625
124	150	1.01549
124	151	1.00717
124	154	0.971245
124	156	1.00345
124	158	0.992528
124	162	1.06041
124	163	1.00001
124	164	0.985893
124	168	0.975015
124	169	1.0445
124	173	0.863809
124	174	1.01569
124	177	1.03504
125	52	0.955058
125	54	0.924431
125	72	1.09261
125	87	0.9829
125	99	0.974143
125	112	0.972221
125	123	1.01394
125	124	1.05074
125	134	0.970825
125	143	0.976828
125	149	0.995184
125	154	1.07228
125	157	0.987246
125	160	1.01156
125	164	1.01293
125	166	0.995998
125	167	0.972579
125	168	1.0143
125	169	0.986695
125	170	0.997552
125	171	1.00525
125	172	1.00503
125	175	0.982047
125	176	0.991266
125	177	0.995965
125	178	1.07091
125	180	0.985657
126	6	0.867343
126	67	1.04088
126	90	0.983362
126	114	0.990219
126	118	1.05428
126	119	0.982616
126	124	1.02282
126	128	0.937931
126	131	1.02604
126	136	0.919769
126	139	1.02183
126	141	1.03828
126	146	1.04085
126	147	1.02675
126	151	1.04029
126	154	1.00437
126	155	1.03883
126	156	1.03658
126	157	0.953563
126	158	1.02566
126	161	1.05599
126	163	1.03314
126	164	1.01902
126	165	0.853091
126	167	0.989437
126	169	0.95446
126	172	0.954306
126	179	1.10155
127	17	0.934631
127	40	0.875426
127	70	0.952607
127	105	0.903296
127	114	1.05007
127	128	1.01767
127	130	1.02548
127	133	0.985869
127	134	0.986231
127	144	0.962827
127	145	1.02812
127	147	0.997624
127	154	1.03785
127	157	1.00265
127	158	0.977677
127	159	0.998778
127	160	1.02696
127	162	0.991247
127	165	1.06073
127	168	1.0297
127	169	1.0021
127	170	1.01296
127	172	1.02043
127	174	1.0082
127	175	0.997453
127	176	1.00667
127	177	1.01137
127	178	1.08631
127	180	1.00106
128	37	0.986664
128	45	0.981085
128	88	0.995431
128	90	0.990629
128	91	1.04539
128	117	0.933589
128	126	0.937931
128	127	1.01767
128	133	0.990581
128	138	1.02588
128	140	0.949107
128	147	1.00929
128	149	1.0153
128	150	0.959636
128	153	0.876189
128	157	1.00736
128	162	0.99596
128	166	1.01612
128	168	1.03442
128	169	1.00681
128	170	1.01767
128	171	1.02537
128	172	1.02514
128	173	1.10168
128	174	1.01291
128	175	1.00216
128	176	1.01138
128	177	1.01608
128	180	1.00578
129	55	0.955994
129	67	1.02574
129	95	0.969016
129	111	0.996482
129	117	1.04035
129	118	1.03914
129	131	1.01089
129	139	1.00668
129	141	1.02313
129	144	1.01824
129	145	0.941849
129	146	1.02571
129	147	1.01161
129	150	1.03348
129	151	1.02515
129	153	1.02901
129	155	1.02369
129	156	1.02144
129	158	1.01051
129	159	1.02933
129	160	0.933163
129	161	1.04085
129	163	1.018
129	164	1.00388
129	169	0.981561
129	170	0.979028
129	171	0.985412
129	173	0.800865
129	175	1.03284
130	12	0.93343
130	26	0.917459
130	33	1.04407
130	37	1.00254
130	52	1.05855
130	54	1.07254
130	56	0.850762
130	64	1.03315
130	99	0.949732
130	100	0.974432
130	117	0.931939
130	127	1.02548
130	135	1.04743
130	141	0.997048
130	146	0.973842
130	147	1.00764
130	154	0.995397
130	157	1.01517
130	158	0.987691
130	160	1.03948
130	162	1.00377
130	163	0.943275
130	165	1.07325
130	166	1.02392
130	174	1.02072
130	175	1.00997
130	176	1.01919
130	177	1.02389
130	180	1.01358
131	55	0.941225
131	67	1.01097
131	82	0.938142
131	88	0.989157
131	104	1.19181
131	118	1.02437
131	119	0.952706
131	126	1.02604
131	129	1.01089
131	132	0.993925
131	138	0.966362
131	139	0.991916
131	144	1.00347
131	146	1.01094
131	147	0.996843
131	151	1.01038
131	152	0.991541
131	155	1.00892
131	156	1.00667
131	158	0.995745
131	161	1.02608
131	163	1.00323
131	164	0.989111
131	165	0.9308
131	169	1.03217
131	170	1.02964
131	174	1.00336
131	178	0.848711
131	179	1.07164
131	180	1.01818
132	43	0.977513
132	58	1.09664
132	75	0.972693
132	83	1.04784
132	84	0.963038
132	87	0.986545
132	89	0.953987
132	111	1.00777
132	112	0.975866
132	131	0.993925
132	137	1.00719
132	139	0.991877
132	145	1.01636
132	157	0.990891
132	159	0.987017
132	160	1.0152
132	164	0.968456
132	166	0.999643
132	167	0.976224
132	168	1.01794
132	169	0.99034
132	170	1.0012
132	171	1.0089
132	172	1.00867
132	174	0.99644
132	175	0.985692
132	176	0.994911
132	177	0.99961
132	178	1.07455
132	180	0.989302
133	14	1.19792
133	23	0.998606
133	50	1.16674
133	52	0.931718
133	78	0.948296
133	95	1.12136
133	101	0.986269
133	116	0.951796
133	118	0.960873
133	122	0.973848
133	127	0.985869
133	128	0.990581
133	139	1.01301
133	142	0.937372
133	145	1.00104
133	151	1.02881
133	153	0.87561
133	162	0.96416
133	165	1.03364
133	167	0.960897
133	169	0.975014
133	170	0.985871
133	171	0.993571
133	172	0.993344
133	173	1.06988
133	174	0.981114
133	175	0.970366
133	176	0.979585
133	177	0.984284
133	178	1.05923
133	180	0.973976
134	43	0.962549
134	51	1.13778
134	64	1.04098
134	105	0.950021
134	111	1.06455
134	116	0.952158
134	119	1.12215
134	125	0.970825
134	127	0.986231
134	138	0.994439
134	143	0.965509
134	149	0.983866
134	151	1.06445
134	156	0.977545
134	159	0.972053
134	160	1.00024
134	161	0.955984
134	162	0.964522
134	163	0.979986
134	165	1.034
134	168	1.00298
134	169	0.975376
134	170	0.986234
134	171	0.993933
134	172	0.993706
134	173	1.07025
134	174	0.981476
134	175	0.970728
134	176	0.979947
134	177	0.984646
134	180	0.974338
135	3	0.89513
135	10	1.00734
135	14	0.90053
135	17	1.0172
135	23	0.983324
135	32	0.974003
135	50	0.922175
135	72	0.961654
135	75	0.961654
135	81	0.995934
135	83	0.924998
135	84	0.995934
135	85	0.972062
135	86	0.967622
135	87	0.996186
135	89	0.96911
135	93	0.999323
135	107	0.96226
135	109	1.1052
135	120	0.92614
135	123	0.965029
135	130	1.04743
135	143	1.08217
135	146	1.21237
135	148	0.979168
135	153	1.01417
135	160	1.01721
135	173	1.06108
135	176	1.0389
135	177	1.05615
135	179	1.04416
135	180	1.05162
136	10	0.865211
136	35	0.98805
136	39	0.842291
136	60	0.880912
136	66	1.22552
136	97	0.92144
136	99	0.93322
136	104	0.949752
136	112	0.99341
136	122	1.00672
136	126	0.919769
136	145	1.03391
136	149	1.01637
136	152	0.988174
136	154	1.03135
136	157	1.00844
136	159	1.00456
136	160	1.03275
136	162	0.997031
136	167	0.993768
136	168	1.03549
136	169	1.00788
136	170	1.01874
136	171	1.02644
136	172	1.02621
136	173	1.10275
136	174	1.01398
136	175	1.00324
136	176	1.01246
136	177	1.01715
136	178	1.0921
136	180	1.00685
137	34	0.938217
137	40	0.883254
137	57	1.04519
137	61	1.02549
137	88	0.991595
137	107	0.988669
137	117	0.929753
137	118	0.957616
137	132	1.00719
137	138	1.02716
137	142	0.970451
137	144	0.970655
137	145	1.03411
137	147	1.00545
137	149	1.01658
137	157	1.00864
137	159	1.00477
137	160	1.03295
137	162	0.997239
137	163	0.941089
137	164	0.986336
137	166	1.0174
137	167	0.993976
137	169	1.00809
137	171	1.02665
137	172	1.02642
137	173	1.10296
137	174	1.01419
137	175	1.00344
137	176	1.01266
137	177	1.01736
137	180	1.00706
138	8	1.23358
138	9	1.01899
138	19	0.966208
138	65	1.03181
138	79	0.752883
138	106	0.891714
138	115	1.02781
138	122	1.00914
138	128	1.02588
138	131	0.966362
138	134	0.994439
138	137	1.02716
138	141	0.94942
138	142	0.972667
138	148	0.916313
138	149	1.0188
138	159	1.00699
138	161	0.871644
138	162	0.999455
138	166	1.01961
138	167	0.996192
138	168	1.03791
138	169	1.01031
138	170	1.02117
138	171	1.02887
138	172	1.02864
138	173	1.10518
138	174	1.01641
138	175	1.00566
138	176	1.01488
138	177	1.01958
138	180	1.00927
139	36	1.00183
139	39	1.0759
139	41	1.07652
139	61	1.01161
139	87	0.960696
139	95	0.950036
139	111	0.977503
139	114	0.956098
139	115	0.962032
139	117	1.02137
139	122	1.07839
139	124	0.988698
139	126	1.02183
139	129	1.00668
139	131	0.991916
139	132	0.991877
139	133	1.01301
139	146	1.00673
139	149	0.99359
139	150	1.0145
139	151	1.00617
139	154	0.970253
139	155	1.00471
139	156	1.00246
139	158	0.991535
139	161	1.02187
139	163	0.999018
139	164	0.9849
139	168	0.960632
139	171	1.03397
139	173	0.849426
139	179	1.06743
139	180	1.01613
