1	16	0.775975
1	58	0.798198
1	74	0.742886
1	75	0.80877
1	84	0.78904
1	85	0.78904
1	87	0.90877
1	95	1.72048
1	128	1.68142
1	152	0.795318
1	167	0.792003
1	170	2.03209
2	11	0.810053
2	12	0.935775
2	15	0.914349
2	26	0.895163
2	30	0.85489
2	33	0.859986
2	44	0.935526
2	60	0.99427
2	79	1.37151
2	86	1.24785
2	144	1.47442
2	170	1.54997
3	116	0.931843
3	117	0.870585
3	120	0.903109
3	121	0.906249
3	131	1.06329
3	133	0.887725
3	137	0.910952
3	148	0.909278
3	150	0.880259
3	151	1.76138
3	168	0.944481
3	172	1.87552
4	13	0.842791
4	14	0.755153
4	24	0.797982
4	39	0.872982
4	43	0.82342
4	49	0.823419
4	51	0.735744
4	99	0.787259
4	123	0.761247
4	160	1.7305
4	166	1.81508
4	174	1.88159
5	11	0.720492
5	12	0.846215
5	26	0.805603
5	30	0.76533
5	33	0.770426
5	38	0.766357
5	44	0.845965
5	45	0.774912
5	60	0.90471
5	128	1.7335
5	145	1.69898
5	174	1.99453
6	70	0.781898
6	73	0.825041
6	81	0.757965
6	94	0.829333
6	105	0.795968
6	106	0.747499
6	114	0.819344
6	157	0.818414
6	159	1.47295
6	161	0.824545
6	171	1.85597
6	178	2.10803
7	69	1.10516
7	77	0.919677
7	98	0.654723
7	124	0.843427
7	133	0.951477
7	153	1.00539
7	155	1.00031
7	175	0.994724
7	178	0.88383
7	179	0.909035
7	180	0.887043
8	70	0.874879
8	76	0.917778
8	81	1.39777
8	89	0.900835
8	172	0.875149
8	173	0.92028
8	174	0.946089
8	176	0.915349
8	177	0.8683
8	178	0.882138
8	179	0.907343
8	180	0.885351
9	19	0.736048
9	67	0.78428
9	80	0.830754
9	92	0.777749
9	94	0.83574
9	106	0.753907
9	114	0.825751
9	131	1.8988
9	153	1.72687
9	157	0.824822
9	160	1.81242
9	161	0.830952
10	28	0.90278
10	59	1.29246
10	64	0.958502
10	71	0.934231
10	77	0.832913
10	117	0.864226
10	123	0.880771
10	153	0.918623
10	158	1.24732
10	164	1.29128
10	175	0.90796
10	176	1.80858
11	2	0.810053
11	5	0.720492
11	12	0.831478
11	15	0.810052
11	26	0.790866
11	33	0.755689
11	44	0.831229
11	45	0.760176
11	60	0.889973
11	104	1.64705
11	153	1.79208
11	154	1.99929
12	2	0.935775
12	5	0.846215
12	11	0.831478
12	15	0.935775
12	30	0.876316
12	33	0.881411
12	38	0.877343
12	60	1.0157
12	151	1.92519
12	156	1.24977
12	157	1.26903
12	163	1.19537
13	4	0.842791
13	14	0.896125
13	22	0.825133
13	43	0.964392
13	49	0.964392
13	51	0.876716
13	99	0.928231
13	123	0.902219
13	131	1.45848
13	147	1.2569
13	166	1.45668
13	175	1.45583
14	4	0.755153
14	13	0.896125
14	22	0.737494
14	24	0.851316
14	39	0.926316
14	51	0.789078
14	105	0.829933
14	111	1.45688
14	123	0.814581
14	154	1.85167
14	160	1.73001
15	2	0.914349
15	11	0.810052
15	12	0.935775
15	26	0.895163
15	30	0.85489
15	33	0.859986
15	44	0.935525
15	60	0.99427
15	119	1.17605
15	165	1.53646
15	167	1.51454
15	168	1.40608
16	1	0.775975
16	48	0.88062
16	74	0.816826
16	75	0.88271
16	76	0.0371641
16	84	0.86298
16	85	0.86298
16	87	0.98271
16	152	0.869257
16	164	1.85266
16	166	1.98114
16	167	0.865943
16	174	2.04765
17	69	0.829153
17	90	0.90681
17	108	0.888405
17	124	0.870628
17	126	0.851458
17	127	0.843729
17	129	0.88265
17	135	0.869848
17	139	0.857317
17	146	1.63824
17	154	1.20793
17	162	1.39613
17	180	1.80336
18	37	0.73905
18	105	1.51112
18	129	1.44697
18	132	0.796058
18	142	1.60739
18	158	0.872592
18	162	0.819486
18	168	0.856936
18	173	0.770773
18	177	0.718793
18	178	0.732631
18	179	0.757836
18	180	0.735844
19	9	0.736048
19	40	0.781092
19	55	0.81836
19	67	0.766956
19	70	0.770982
19	92	0.760425
19	106	0.736583
19	109	2.53019
19	114	0.808428
19	157	0.807498
19	160	1.29412
19	161	0.813629
19	180	2.01121
20	50	0.970277
20	109	2.45994
20	125	0.851579
20	130	0.856224
20	134	0.857763
20	137	0.878698
20	138	0.886227
20	141	0.894837
20	142	0.849637
20	148	0.877023
20	150	0.848004
20	165	1.32182
20	167	1.2999
21	90	1.18683
21	99	1.17268
21	108	0.924045
21	126	1.07087
21	144	0.916565
21	165	0.931449
21	168	0.944828
21	169	0.785514
21	170	0.877919
21	176	0.853734
21	178	0.820523
21	179	0.845728
21	180	0.823737
22	13	0.825133
22	14	0.737494
22	24	0.780323
22	39	0.855323
22	43	0.805761
22	49	0.805761
22	51	0.718085
22	59	1.32748
22	99	0.7696
22	105	0.758941
22	123	0.743588
22	169	2.72754
22	173	1.78169
23	27	0.732431
23	75	1.67876
23	80	1.3331
23	97	0.830755
23	105	1.55333
23	132	0.799946
23	159	0.840127
23	164	0.852867
23	171	0.775211
23	176	0.76973
23	177	0.722681
23	178	0.736519
23	180	0.739733
24	4	0.797982
24	14	0.851316
24	22	0.780323
24	39	0.969145
24	43	0.919583
24	49	0.919582
24	51	0.831907
24	91	1.41093
24	105	0.872762
24	123	0.85741
24	156	1.55608
24	165	1.54499
24	175	1.53077
25	28	0.866523
25	64	0.922245
25	71	0.897974
25	77	0.796655
25	117	0.827969
25	119	0.890059
25	123	0.844514
25	146	1.62058
25	153	0.882365
25	156	1.17764
25	165	1.16655
25	175	0.871702
25	177	2.07761
26	2	0.895163
26	5	0.805603
26	11	0.790866
26	15	0.895163
26	30	0.835704
26	33	0.840799
26	44	0.916339
26	45	0.845286
26	60	0.975083
26	128	1.31308
26	164	1.37912
26	166	1.5076
26	173	1.83451
27	23	0.732431
27	46	2.22357
27	106	2.5511
27	145	0.776964
27	147	0.763249
27	159	0.752782
27	160	0.767785
27	174	0.713126
27	176	0.682385
27	177	0.635337
27	178	0.649175
27	179	0.674379
27	180	0.652388
28	10	0.90278
28	25	0.866523
28	46	0.896231
28	64	0.920415
28	77	0.794825
28	104	1.22846
28	117	0.826139
28	123	0.842684
28	140	1.60676
28	153	0.880536
28	159	1.60064
28	174	1.61014
28	175	0.869873
29	112	0.856422
29	116	0.865115
29	130	0.82175
29	133	0.820997
29	134	0.823289
29	137	0.844224
29	138	0.851753
29	141	0.860363
29	148	0.84255
29	150	0.813531
29	158	1.32038
29	165	1.5062
29	175	1.49198
29	180	2.12534
30	2	0.85489
30	5	0.76533
30	12	0.876316
30	15	0.85489
30	26	0.835704
30	33	0.800526
30	38	0.796458
30	44	0.876066
30	45	0.805013
30	60	0.93481
30	111	1.31429
30	159	1.72902
30	167	1.66344
30	174	1.73851
31	84	1.18466
31	102	1.10488
31	114	1.19944
31	116	0.901043
31	118	0.88662
31	124	1.26212
31	141	0.896292
31	142	0.851091
31	150	0.849459
31	168	0.896929
31	171	0.811316
31	177	0.758786
31	178	0.772624
31	180	0.775838
32	52	1.87629
32	90	1.68036
32	135	1.40844
32	145	0.842088
32	151	0.739486
32	166	0.803524
32	168	0.838603
32	169	0.679289
32	171	0.752991
32	175	0.825193
32	176	0.74751
32	178	0.714299
32	179	0.739504
32	180	0.717512
33	2	0.859986
33	5	0.770426
33	11	0.755689
33	12	0.881411
33	15	0.859986
33	26	0.840799
33	30	0.800526
33	44	0.881162
33	45	0.810109
33	60	0.939906
33	159	1.44429
33	164	1.25878
33	173	1.71417
33	180	2.01978
34	41	0.764653
34	125	1.72317
34	129	1.66511
34	148	1.57602
34	163	0.83925
34	164	0.828954
34	165	0.823532
34	171	0.751298
34	173	0.750749
34	174	0.776557
34	177	0.698768
34	178	0.712606
34	179	0.737811
34	180	0.71582
35	48	0.858198
35	58	0.849717
35	74	0.794405
35	75	0.860289
35	84	0.840559
35	85	0.840559
35	87	0.960289
35	104	1.20753
35	109	0.705626
35	146	1.99009
35	147	1.32292
35	152	0.846836
35	167	0.843522
35	176	1.91151
36	55	0.859372
36	70	0.811994
36	73	0.855137
36	92	0.801437
36	94	0.859428
36	105	0.826064
36	113	1.23847
36	114	0.849439
36	140	1.55482
36	154	1.52877
36	156	0.833984
36	157	0.84851
36	161	0.85464
36	180	2.1242
37	18	0.73905
37	71	2.46993
37	109	0.63614
37	112	2.71032
37	156	0.76666
37	159	0.763289
37	162	0.746536
37	165	0.770607
37	169	0.624671
37	172	0.652692
37	176	0.692892
37	178	0.659681
37	179	0.684886
37	180	0.662895
38	5	0.766357
38	12	0.877343
38	30	0.796458
38	44	0.877093
38	60	0.935838
38	74	0.790611
38	84	0.836765
38	85	0.836765
38	143	2.14381
38	152	0.843043
38	160	1.30194
38	162	1.6118
38	166	1.38652
38	167	0.839728
39	4	0.872982
39	14	0.926316
39	22	0.855323
39	24	0.969145
39	43	0.994583
39	49	0.994582
39	51	0.906907
39	95	1.1943
39	101	1.07183
39	105	0.947762
39	107	1.1186
39	123	0.93241
39	144	1.43037
39	179	1.84732
40	19	0.781092
40	55	0.880728
40	61	1.5424
40	67	0.829324
40	73	0.876494
40	81	0.809417
40	92	0.822794
40	104	1.53798
40	106	0.798951
40	119	1.5061
40	131	1.85494
40	156	0.85534
40	157	0.869866
40	161	0.875997
41	34	0.764653
41	73	1.55575
41	85	1.76479
41	88	1.64396
41	145	0.833099
41	156	0.812288
41	160	0.82392
41	162	0.792165
41	168	0.829614
41	169	0.6703
41	173	0.743452
41	177	0.691472
41	179	0.730514
41	180	0.708523
42	79	1.41011
42	82	1.11428
42	88	0.885131
42	112	0.932904
42	124	0.930925
42	126	0.911755
42	127	0.904026
42	129	0.942947
42	135	0.930145
42	139	0.917615
42	145	1.20337
42	151	0.838364
42	158	1.25996
42	172	0.806188
42	180	2.06493
43	4	0.82342
43	13	0.964392
43	22	0.805761
43	24	0.919583
43	39	0.994583
43	49	0.94502
43	51	0.857345
43	59	1.22898
43	99	0.90886
43	105	0.8982
43	123	0.882848
43	158	1.18383
43	160	1.27171
43	163	1.32635
43	178	2.04838
44	2	0.935526
44	5	0.845965
44	11	0.831229
44	15	0.935525
44	26	0.916339
44	30	0.876066
44	33	0.881162
44	38	0.877093
44	45	0.885649
44	60	1.01545
44	97	1.50927
44	145	1.22423
44	156	1.47773
44	157	1.49699
44	168	1.33627
45	5	0.774912
45	11	0.760176
45	26	0.845286
45	30	0.805013
45	33	0.810109
45	44	0.885649
45	82	1.31719
45	117	0.80109
45	128	1.4408
45	133	0.81823
45	138	0.848986
45	148	0.839783
45	150	0.810764
45	155	1.64382
45	172	2.44935
46	27	2.22357
46	28	0.896231
46	50	0.945081
46	64	0.951953
46	71	0.927682
46	77	0.826363
46	113	0.932632
46	117	0.857677
46	119	0.919767
46	123	0.874222
46	153	0.912073
46	156	1.30772
46	158	1.1108
46	163	1.25332
46	175	0.90141
47	49	1.02686
47	54	1.67126
47	71	0.864718
47	77	0.7634
47	105	1.2583
47	113	0.869669
47	129	1.19415
47	145	0.855342
47	153	0.84911
47	158	0.867514
47	166	0.816778
47	174	0.791504
47	175	0.838447
47	179	0.752757
47	180	0.730766
48	16	0.88062
48	35	0.858198
48	58	0.902843
48	74	0.847531
48	75	0.913415
48	84	0.893685
48	85	0.893685
48	87	1.01341
48	136	1.2994
48	149	1.66466
48	152	0.899962
48	159	1.23901
48	167	0.896648
48	175	1.18113
48	179	1.67954
49	4	0.823419
49	13	0.964392
49	22	0.805761
49	24	0.919582
49	39	0.994582
49	43	0.94502
49	47	1.02686
49	51	0.857344
49	99	0.90886
49	105	0.8982
49	123	0.882847
49	151	1.82186
49	160	1.0374
49	173	1.44888
49	176	1.51079
50	20	0.970277
50	46	0.945081
50	83	1.05982
50	93	1.46408
50	108	0.924157
50	144	0.956756
50	155	0.97719
50	159	0.964321
50	169	0.825704
50	174	0.924665
50	176	0.893925
50	177	0.846876
50	178	0.860714
50	179	0.885919
50	180	0.863928
51	4	0.735744
51	13	0.876716
51	14	0.789078
51	22	0.718085
51	24	0.831907
51	39	0.906907
51	43	0.857345
51	49	0.857344
51	97	1.63866
51	99	0.821184
51	105	0.810524
51	123	0.795172
51	156	1.60713
51	167	1.57411
51	171	2.02271
52	32	1.87629
52	90	0.86742
52	102	0.825619
52	103	0.83001
52	107	1.48988
52	124	0.831237
52	126	0.812068
52	127	0.804339
52	129	0.843259
52	135	0.830458
52	139	0.817927
52	152	0.831159
52	158	1.54859
52	172	0.706501
52	175	1.72019
53	64	0.781525
53	93	1.37106
53	94	0.893193
53	112	0.85727
53	123	1.03967
53	144	0.934016
53	145	0.965764
53	151	0.863162
53	155	0.95445
53	164	0.954322
53	173	0.876117
53	175	0.948869
53	177	0.824137
53	178	0.837975
53	180	0.841188
54	47	1.67126
54	66	0.816334
54	78	0.784278
54	79	1.74407
54	82	1.44824
54	100	0.831869
54	118	0.834524
54	121	0.823353
54	134	0.807121
54	138	0.835585
54	141	0.844196
54	142	0.798995
54	148	0.826382
54	150	0.797363
54	155	1.77487
55	19	0.81836
55	36	0.859372
55	40	0.880728
55	67	0.866592
55	81	0.846685
55	92	0.860061
55	94	0.918053
55	106	0.836219
55	114	0.908064
55	155	1.4056
55	156	0.892608
55	161	0.913265
55	165	1.41047
55	167	1.38855
55	174	1.46362
55	176	1.78592
56	63	0.944068
56	66	0.865867
56	116	0.898479
56	121	0.872886
56	125	0.85047
56	130	0.855115
56	134	0.856654
56	136	1.42044
56	138	0.885118
56	142	0.848528
56	148	0.875914
56	150	0.846896
56	166	1.30302
56	167	1.29446
56	171	1.74306
56	176	1.69183
57	68	0.919547
57	97	1.37743
57	102	0.887755
57	108	0.91115
57	124	0.893373
57	126	0.874203
57	127	0.866474
57	129	0.905394
57	131	1.32324
57	135	0.892593
57	139	0.880062
57	151	0.800812
57	157	1.36516
57	158	1.14899
57	172	0.768636
57	177	2.24587
58	1	0.798198
58	35	0.849717
58	48	0.902843
58	74	0.83905
58	75	0.904934
58	84	0.885203
58	85	0.885203
58	87	1.00493
58	109	0.750271
58	111	0.930718
58	136	1.40584
58	152	0.891481
58	159	1.34545
58	167	0.888167
58	172	2.10245
58	176	1.67724
59	10	1.29246
59	22	1.32748
59	43	1.22898
59	63	0.953274
59	146	0.889961
59	147	0.954266
59	150	1.17264
59	168	0.964496
59	169	0.805182
59	172	0.833202
59	174	0.904143
59	176	0.873402
59	177	0.826354
59	178	0.840192
59	179	0.865397
59	180	0.843405
60	2	0.99427
60	5	0.90471
60	11	0.889973
60	12	1.0157
60	15	0.99427
60	26	0.975083
60	30	0.93481
60	33	0.939906
60	38	0.935838
60	44	1.01545
60	132	1.06828
60	144	0.885619
60	151	1.5049
60	162	1.03029
60	177	1.72944
60	180	1.43752
61	40	1.5424
61	87	0.932387
61	106	1.30005
61	124	0.901517
61	125	1.03658
61	127	0.874618
61	129	0.913539
61	134	1.13991
61	139	0.888207
61	163	0.910413
61	165	0.894695
61	166	0.872995
61	169	0.74876
61	172	0.77678
61	174	0.847721
61	178	0.78377
61	180	0.786983
62	80	0.952874
62	115	1.19477
62	123	1.29056
62	126	1.22886
62	147	0.919917
62	152	1.07279
62	162	0.892698
62	166	0.895068
62	168	0.930148
62	169	0.770833
62	171	0.844535
62	174	0.869794
62	176	0.839054
62	177	0.792005
62	178	0.805843
62	179	0.831048
62	180	0.809056
63	56	0.944068
63	59	0.953274
63	83	0.93282
63	118	0.941266
63	120	0.926955
63	130	0.912324
63	134	0.913864
63	136	1.198
63	137	0.934798
63	141	0.950938
63	142	0.905737
63	148	0.933124
63	150	0.904105
63	155	1.08908
63	172	1.89461
63	174	1.14709
63	179	1.57814
64	10	0.958502
64	25	0.922245
64	28	0.920415
64	46	0.951953
64	53	0.781525
64	71	0.951866
64	77	0.850547
64	91	1.09202
64	113	0.956816
64	117	0.881861
64	119	0.943951
64	153	0.936257
64	157	1.25643
64	168	1.0957
64	172	2.02674
64	175	0.925594
64	176	1.60153
65	76	0.883425
65	88	0.822618
65	89	0.83457
65	103	0.867185
65	108	0.886189
65	110	1.52622
65	124	0.868412
65	126	0.849242
65	127	0.841514
65	129	0.880434
65	135	0.867633
65	139	0.855102
65	144	1.50456
65	167	1.4154
65	172	0.743676
65	174	1.49047
65	179	1.92151
66	54	0.816334
66	56	0.865867
66	86	1.29028
66	98	0.861788
66	110	1.53851
66	122	0.844114
66	133	0.83337
66	136	1.55366
66	137	0.856597
66	138	0.864125
66	141	0.872736
66	142	0.827536
66	148	0.854922
66	150	0.825903
66	160	1.35167
66	161	0.876704
66	178	2.12834
67	9	0.78428
67	19	0.766956
67	40	0.829324
67	55	0.866592
67	73	0.862357
67	80	0.861663
67	81	0.795281
67	104	1.00737
67	105	0.833284
67	106	0.784815
67	114	0.85666
67	146	1.78993
67	156	0.841204
67	157	0.85573
67	161	0.861861
67	167	1.31398
67	172	2.13656
67	178	2.01463
68	57	0.919547
68	88	0.869137
68	90	0.951114
68	103	0.913704
68	124	0.914931
68	126	0.895761
68	127	0.888033
68	128	1.03033
68	129	0.926953
68	132	1.48812
68	135	0.914152
68	139	0.901621
68	144	1.30546
68	152	0.914853
68	156	1.24932
68	166	1.22485
68	172	0.790195
68	177	2.14928
69	7	1.10516
69	17	0.829153
69	76	0.862295
69	90	0.883464
69	108	0.865059
69	124	0.847282
69	126	0.828112
69	127	0.820383
69	129	0.859304
69	135	0.846503
69	139	0.833972
69	147	1.52666
69	151	0.754722
69	152	0.847204
69	166	1.72643
69	168	1.60942
69	172	0.722545
69	173	2.05334
70	6	0.781898
70	8	0.874879
70	19	0.770982
70	36	0.811994
70	73	0.866383
70	80	0.865689
70	81	0.799306
70	92	0.812683
70	94	0.870674
70	106	0.788841
70	114	0.860685
70	145	1.57079
70	156	0.84523
70	157	0.859756
70	161	0.865886
70	164	1.67135
70	167	1.79128
70	173	2.12675
71	10	0.934231
71	25	0.897974
71	37	2.46993
71	46	0.927682
71	47	0.864718
71	64	0.951866
71	77	0.826276
71	91	0.927369
71	113	0.932545
71	117	0.85759
71	119	0.91968
71	123	0.874135
71	132	1.31133
71	147	0.848286
71	153	0.911986
71	168	0.931051
71	175	0.901323
71	178	1.74015
72	74	0.745687
72	75	0.811571
72	83	1.76833
72	84	0.79184
72	85	0.79184
72	87	0.911571
72	94	1.69471
72	100	1.51075
72	126	1.77949
72	152	0.798118
72	154	0.768788
72	167	0.794804
72	174	0.7444
72	175	0.791344
72	176	0.71366
72	177	0.666611
72	178	0.680449
72	179	0.705654
72	180	0.683663
73	6	0.825041
73	36	0.855137
73	40	0.876494
73	41	1.55575
73	67	0.862357
73	70	0.866383
73	80	0.908832
73	92	0.855827
73	94	0.913818
73	96	1.35369
73	106	0.831984
73	114	0.903829
73	151	1.96399
73	154	1.30118
73	156	0.888373
73	157	0.902899
73	161	0.90903
73	168	1.14709
73	174	1.33061
74	1	0.742886
74	16	0.816826
74	35	0.794405
74	38	0.790611
74	48	0.847531
74	58	0.83905
74	72	0.745687
74	75	0.849622
74	84	0.829891
74	85	0.829891
74	87	0.949621
74	109	0.694959
74	144	1.63182
74	149	2.03389
74	152	0.836169
74	155	1.55971
74	166	1.55121
74	167	0.832854
74	173	1.87812
75	1	0.80877
75	16	0.88271
75	23	1.67876
75	35	0.860289
75	48	0.913415
75	58	0.904934
75	72	0.811571
75	74	0.849622
75	84	0.895775
75	85	0.895775
75	86	1.33288
75	87	1.01551
75	101	1.20092
75	109	0.760843
75	152	0.902053
75	163	1.44891
75	164	1.35036
75	167	0.898739
75	170	1.63499
76	8	0.917778
76	16	0.0371641
76	65	0.883425
76	69	0.862295
76	89	0.869928
76	102	0.898152
76	108	0.921548
76	126	0.884601
76	127	0.876872
76	129	0.915792
76	135	0.902991
76	139	0.89046
76	145	1.61369
76	151	0.81121
76	152	0.903692
76	163	1.8128
76	170	1.99889
76	172	0.779034
76	176	2.23155
77	7	0.919677
77	10	0.832913
77	25	0.796655
77	28	0.794825
77	46	0.826363
77	47	0.7634
77	64	0.850547
77	71	0.826276
77	81	0.116976
77	113	0.831226
77	117	0.756271
77	119	0.818361
77	123	0.772816
77	147	1.75861
77	153	0.810668
77	156	1.98284
77	168	1.84137
77	175	0.800005
77	180	2.59089
78	54	0.784278
78	79	1.43476
78	98	0.829733
78	120	0.816698
78	122	0.812058
78	125	0.797422
78	130	0.802067
78	134	0.803606
78	137	0.824541
78	138	0.83207
78	140	1.5202
78	141	0.84068
78	142	0.79548
78	148	0.822866
78	150	0.793848
78	159	1.51409
78	161	0.844648
78	166	1.45707
78	169	2.72982
79	2	1.37151
79	42	1.41011
79	54	1.74407
79	78	1.43476
79	134	1.42834
79	136	0.858857
79	143	0.767433
79	159	0.858915
79	163	0.881951
79	164	0.871655
79	166	0.844534
79	168	0.879613
79	173	0.79345
79	174	0.819259
79	176	0.788519
79	177	0.74147
79	178	0.755308
79	179	0.780513
79	180	0.758521
80	9	0.830754
80	23	1.3331
80	62	0.952874
80	67	0.861663
80	70	0.865689
80	73	0.908832
80	81	0.841755
80	92	0.855132
80	94	0.913123
80	99	0.890418
80	106	0.83129
80	114	0.903134
80	149	1.61585
80	151	1.83306
80	155	1.14167
80	156	0.887678
80	157	0.902205
80	161	0.908335
80	171	1.57321
81	6	0.757965
81	8	1.39777
81	40	0.809417
81	55	0.846685
81	67	0.795281
81	70	0.799306
81	77	0.116976
81	80	0.841755
81	92	0.78875
81	94	0.846741
81	105	0.813376
81	106	0.764907
81	114	0.836752
81	119	1.97569
81	132	2.58599
81	147	2.12295
81	156	0.821296
81	157	0.835822
81	161	0.841953
82	42	1.11428
82	45	1.31719
82	54	1.44824
82	106	1.29266
82	133	1.25461
82	135	0.935059
82	160	0.928266
82	162	0.896511
82	163	0.936299
82	164	0.926003
82	166	0.898881
82	169	0.774646
82	170	0.867051
82	172	0.802666
82	174	0.873607
82	176	0.842866
82	177	0.795818
82	178	0.809655
82	179	0.83486
82	180	0.812869
83	50	1.05982
83	63	0.93282
83	72	1.76833
83	93	0.832069
83	115	0.859985
83	116	0.887231
83	120	0.858497
83	122	0.853858
83	125	0.839221
83	130	0.843866
83	133	0.843113
83	134	0.845406
83	137	0.86634
83	142	0.837279
83	148	0.864666
83	150	0.835647
83	156	1.42246
83	159	1.45502
83	165	1.41136
83	173	1.7249
84	1	0.78904
84	16	0.86298
84	31	1.18466
84	35	0.840559
84	38	0.836765
84	48	0.893685
84	58	0.885203
84	72	0.79184
84	74	0.829891
84	75	0.895775
84	85	0.876045
84	87	0.995775
84	109	0.741113
84	152	0.882322
84	153	1.21711
84	158	1.21479
84	163	1.35731
84	167	0.879008
84	172	2.20127
84	179	1.8848
85	1	0.78904
85	16	0.86298
85	35	0.840559
85	38	0.836765
85	41	1.76479
85	48	0.893685
85	58	0.885203
85	72	0.79184
85	74	0.829891
85	75	0.895775
85	84	0.876045
85	86	1.32717
85	87	0.995775
85	109	0.741113
85	136	1.59055
85	152	0.882322
85	167	0.879008
85	168	1.35613
85	174	1.53965
85	175	1.47229
86	2	1.24785
86	66	1.29028
86	75	1.33288
86	85	1.32717
86	89	1.67983
86	131	0.888185
86	135	1.10723
86	144	0.87896
86	145	0.910708
86	147	0.896992
86	155	0.899394
86	168	0.907223
86	169	0.747909
86	170	0.840314
86	173	0.821061
86	174	0.84687
86	176	0.816129
86	177	0.769081
86	178	0.782918
86	179	0.808123
86	180	0.786132
87	1	0.90877
87	16	0.98271
87	35	0.960289
87	48	1.01341
87	58	1.00493
87	61	0.932387
87	72	0.911571
87	74	0.949621
87	75	1.01551
87	84	0.995775
87	85	0.995775
87	96	1.33272
87	109	0.860843
87	140	1.30626
87	144	1.32374
87	145	1.01408
87	152	1.00205
87	160	1.15855
87	167	0.998738
87	173	1.57004
87	175	1.24228
88	41	1.64396
88	42	0.885131
88	65	0.822618
88	68	0.869137
88	90	0.879146
88	91	0.876274
88	102	0.837345
88	103	0.841736
88	108	0.860741
88	124	0.842963
88	126	0.823794
88	127	0.816065
88	129	0.854985
88	135	0.842184
88	139	0.829653
88	157	1.39603
88	162	1.57759
88	163	1.32238
88	168	1.2353
88	172	0.718227
88	177	2.27674
89	8	0.900835
89	65	0.83457
89	76	0.869928
89	86	1.67983
89	90	0.891098
89	102	0.849297
89	103	0.853688
89	107	1.59464
89	108	0.872692
89	124	0.854915
89	126	0.835745
89	127	0.828017
89	129	0.866937
89	135	0.854136
89	139	0.841605
89	151	0.762355
89	152	0.854837
89	158	1.65334
89	164	1.69731
89	168	1.70879
89	172	0.730179
90	17	0.90681
90	21	1.18683
90	32	1.68036
90	52	0.86742
90	68	0.951114
90	69	0.883464
90	88	0.879146
90	89	0.891098
90	102	0.919322
90	107	1.29396
90	119	1.17808
90	126	0.90577
90	127	0.898041
90	129	0.936961
90	135	0.92416
90	139	0.911629
90	152	0.924861
90	153	1.35499
90	158	1.35266
90	164	1.39663
90	172	0.800203
91	24	1.41093
91	64	1.09202
91	71	0.927369
91	88	0.876274
91	104	0.946599
91	117	1.23327
91	120	1.25573
91	124	0.922068
91	126	0.902898
91	127	0.895169
91	135	0.921288
91	139	0.908758
91	141	0.952892
91	148	1.07948
91	164	0.920668
91	165	0.915246
91	168	0.928625
91	172	0.797331
91	176	0.837531
91	177	0.790483
91	179	0.829525
91	180	0.807534
92	9	0.777749
92	19	0.760425
92	36	0.801437
92	40	0.822794
92	55	0.860061
92	70	0.812683
92	73	0.855827
92	80	0.855132
92	81	0.78875
92	94	0.860118
92	99	0.837413
92	106	0.778284
92	114	0.850129
92	155	1.32911
92	156	0.834673
92	157	0.849199
92	160	1.23603
92	161	0.85533
92	162	1.54589
92	171	1.76065
92	177	2.24504
92	180	1.95312
93	50	1.46408
93	53	1.37106
93	83	0.832069
93	101	1.52433
93	115	0.827692
93	120	0.826204
93	121	0.829345
93	122	0.821565
93	125	0.806929
93	130	0.811574
93	133	0.810821
93	134	0.813113
93	137	0.834048
93	138	0.841576
93	141	0.850187
93	142	0.804987
93	145	1.57321
93	148	0.832373
93	150	0.803354
93	154	1.83933
93	161	0.854155
93	174	1.86876
94	6	0.829333
94	9	0.83574
94	36	0.859428
94	53	0.893193
94	55	0.918053
94	70	0.870674
94	72	1.69471
94	73	0.913818
94	80	0.913123
94	81	0.846741
94	92	0.860118
94	99	0.895404
94	106	0.836276
94	114	0.90812
94	146	1.79178
94	147	1.12461
94	149	1.80706
94	155	1.33288
94	156	0.892664
94	157	0.907191
94	161	0.913321
94	164	1.1959
95	1	1.72048
95	39	1.1943
95	111	0.945922
95	114	1.24656
95	117	1.1985
95	136	0.880161
95	144	0.872654
95	148	1.04471
95	149	0.813584
95	158	0.916573
95	160	0.895222
95	161	1.14805
95	162	0.863467
95	165	0.887537
95	169	0.741602
95	170	0.834008
95	171	0.815304
95	173	0.814754
95	177	0.762774
95	178	0.776612
95	180	0.779825
96	73	1.35369
96	87	1.33272
96	109	0.729099
96	118	1.3764
96	129	1.37885
96	131	0.857907
96	135	1.34278
96	139	1.57014
96	143	0.764765
96	144	0.848682
96	154	0.840979
96	160	0.871251
96	163	0.879284
96	165	0.863566
96	170	0.810036
96	171	0.791332
96	173	0.790783
96	174	0.816591
96	175	0.863535
96	176	0.785851
96	178	0.75264
96	179	0.777845
96	180	0.755854
97	23	0.830755
97	44	1.50927
97	51	1.63866
97	57	1.37743
97	103	1.38377
97	112	1.34445
97	135	1.30919
97	145	0.875287
97	146	0.797267
97	154	0.835837
97	155	0.863974
97	162	0.834353
97	163	0.874141
97	164	0.863846
97	166	0.836724
97	170	0.804894
97	171	0.78619
97	174	0.811449
97	176	0.780709
97	177	0.73366
97	178	0.747498
97	179	0.772703
97	180	0.750711
98	7	0.654723
98	66	0.861788
98	78	0.829733
98	116	0.894401
98	117	0.833143
98	118	0.879978
98	121	0.868808
98	122	0.861028
98	125	0.846391
98	130	0.851036
98	133	0.850283
98	136	1.39341
98	138	0.881039
98	141	0.88965
98	142	0.844449
98	146	1.74339
98	148	0.871836
98	150	0.842817
98	157	1.31971
98	161	0.893617
98	162	1.50127
98	172	2.09002
98	179	1.77355
99	4	0.787259
99	13	0.928231
99	21	1.17268
99	22	0.7696
99	43	0.90886
99	49	0.90886
99	51	0.821184
99	80	0.890418
99	92	0.837413
99	94	0.895404
99	105	0.862039
99	106	0.813571
99	114	0.885415
99	123	0.846687
99	128	1.31644
99	153	1.34083
99	156	0.869959
99	157	0.884486
99	160	1.42639
99	161	0.890616
99	168	1.39395
99	170	1.66711
99	180	2.14348
100	54	0.831869
100	72	1.51075
100	115	0.865776
100	118	0.8786
100	120	0.864288
100	121	0.867429
100	122	0.859649
100	125	0.845013
100	133	0.848905
100	134	0.851197
100	137	0.872132
100	138	0.879661
100	141	0.888271
100	142	0.843071
100	148	0.870457
100	150	0.841438
100	161	0.892239
100	163	1.11049
100	165	1.15379
100	167	1.13187
100	172	1.95445
100	178	1.83252
100	180	1.77293
101	39	1.07183
101	75	1.20092
101	93	1.52433
101	106	1.33287
101	116	1.02374
101	134	1.17272
101	140	0.917812
101	145	0.932786
101	147	0.91907
101	149	0.841969
101	154	0.893335
101	159	0.908604
101	161	1.02558
101	166	0.894222
101	170	0.862392
101	172	0.798007
101	173	0.843139
101	175	0.915891
101	176	0.838207
101	177	0.791159
101	178	0.804996
101	179	0.830201
101	180	0.80821
102	31	1.10488
102	52	0.825619
102	57	0.887755
102	76	0.898152
102	88	0.837345
102	89	0.849297
102	90	0.919322
102	103	0.881912
102	108	0.900916
102	110	1.40972
102	124	0.883139
102	126	0.863969
102	127	0.856241
102	129	0.895161
102	135	0.88236
102	136	1.42487
102	139	0.869829
102	151	0.790579
102	165	1.32082
102	170	1.46361
102	172	0.758403
102	179	1.80502
102	180	1.93997
103	52	0.83001
103	65	0.867185
103	68	0.913704
103	88	0.841736
103	89	0.853688
103	97	1.38377
103	102	0.881912
103	111	0.970067
103	112	0.889509
103	124	0.88753
103	126	0.86836
103	127	0.860631
103	129	0.899552
103	135	0.88675
103	139	0.87422
103	140	1.39091
103	149	1.81045
103	151	0.794969
103	152	0.887451
103	171	1.76781
103	172	0.762793
103	175	1.32693
103	179	1.82534
104	11	1.64705
104	28	1.22846
104	35	1.20753
104	40	1.53798
104	67	1.00737
104	91	0.946599
104	107	0.924646
104	114	1.08686
104	115	1.05991
104	128	0.922887
104	149	0.832513
104	155	0.912016
104	160	0.914151
104	162	0.882396
104	164	0.911888
104	171	0.834233
104	173	0.833683
104	174	0.859492
104	176	0.828752
104	177	0.781703
104	178	0.795541
104	179	0.820746
104	180	0.798754
105	6	0.795968
105	14	0.829933
105	18	1.51112
105	22	0.758941
105	23	1.55333
105	24	0.872762
105	36	0.826064
105	39	0.947762
105	43	0.8982
105	47	1.2583
105	49	0.8982
105	51	0.810524
105	67	0.833284
105	81	0.813376
105	99	0.862039
105	106	0.802911
105	114	0.874755
105	123	0.836027
105	128	1.15889
105	156	0.859299
105	161	0.879956
105	164	1.22493
105	176	1.74223
105	180	1.98593
106	6	0.747499
106	9	0.753907
106	19	0.736583
106	27	2.5511
106	40	0.798951
106	55	0.836219
106	61	1.30005
106	67	0.784815
106	70	0.788841
106	73	0.831984
106	80	0.83129
106	81	0.764907
106	82	1.29266
106	92	0.778284
106	94	0.836276
106	99	0.813571
106	101	1.33287
106	105	0.802911
106	114	0.826287
106	153	1.44066
106	156	0.810831
106	157	0.825357
106	161	0.831488
106	179	2.10835
107	39	1.1186
107	52	1.48988
107	89	1.59464
107	90	1.29396
107	104	0.924646
107	126	1.178
107	128	0.909714
107	142	1.21853
107	143	0.794492
107	149	0.81934
107	155	0.898844
107	159	0.885975
107	161	1.07235
107	163	0.909011
107	166	0.871593
107	168	0.906673
107	170	0.839764
107	171	0.82106
107	173	0.82051
107	174	0.846319
107	176	0.815579
107	177	0.76853
107	178	0.782368
107	180	0.785581
108	17	0.888405
108	21	0.924045
108	50	0.924157
108	57	0.91115
108	65	0.886189
108	69	0.865059
108	76	0.921548
108	88	0.860741
108	89	0.872692
108	102	0.900916
108	124	0.906534
108	126	0.887365
108	127	0.879636
108	129	0.918556
108	135	0.905755
108	139	0.893224
108	151	0.813974
108	152	0.906456
108	155	1.27083
108	156	1.28679
108	172	0.781798
108	175	1.26148
108	176	1.65114
108	177	2.18676
108	179	1.75989
109	19	2.53019
109	20	2.45994
109	35	0.705626
109	37	0.63614
109	58	0.750271
109	74	0.694959
109	75	0.760843
109	84	0.741113
109	85	0.741113
109	87	0.860843
109	96	0.729099
109	119	0.758973
109	121	2.35849
109	141	2.22507
109	146	0.67949
109	149	0.666694
109	152	0.74739
109	155	0.746197
109	164	0.746069
109	166	0.718947
109	167	0.744076
109	171	0.668413
109	177	0.615884
109	179	0.654926
109	180	0.632935
110	65	1.52622
110	66	1.53851
110	102	1.40972
110	126	1.51142
110	133	1.67501
110	140	0.841105
110	146	0.778059
110	148	1.30244
110	154	0.816629
110	155	0.844766
110	158	0.868251
110	159	0.831898
110	160	0.846901
110	163	0.854934
110	164	0.844638
110	165	0.839216
110	170	0.785686
110	173	0.766433
110	174	0.792241
110	176	0.761501
110	177	0.714452
110	178	0.72829
110	179	0.753495
110	180	0.731504
111	14	1.45688
111	30	1.31429
111	58	0.930718
111	95	0.945922
111	103	0.970067
111	122	1.16959
111	133	1.21504
111	137	0.978121
111	139	1.12284
111	147	0.936647
111	149	0.859545
111	158	0.962534
111	160	0.941183
111	165	0.933498
111	166	0.911798
111	167	0.936927
111	168	0.946878
111	169	0.787563
111	171	0.861265
111	172	0.815583
111	176	0.855784
111	177	0.808735
111	178	0.822573
111	179	0.847778
111	180	0.825786
112	29	0.856422
112	37	2.71032
112	42	0.932904
112	53	0.85727
112	97	1.34445
112	103	0.889509
112	115	0.874161
112	122	0.868034
112	125	0.853398
112	126	0.871566
112	127	0.863838
112	129	0.902758
112	133	0.85729
112	135	0.889957
112	139	0.877426
112	141	0.896656
112	142	0.851456
112	150	0.849823
112	151	0.798176
112	153	1.11833
112	155	1.29696
112	161	0.900624
112	164	1.15997
112	172	0.766
112	175	1.28761
112	176	1.67727
113	36	1.23847
113	46	0.932632
113	47	0.869669
113	64	0.956816
113	71	0.932545
113	77	0.831226
113	118	1.0336
113	119	0.92463
113	123	0.879085
113	124	1.21148
113	126	1.15594
113	129	1.03605
113	139	1.22734
113	141	0.820367
113	142	1.19647
113	149	0.832351
113	153	0.916937
113	165	0.906304
113	170	0.852775
113	171	0.834071
113	175	0.906274
113	176	0.82859
113	177	0.781541
113	178	0.795379
113	179	0.820584
113	180	0.798592
114	6	0.819344
114	9	0.825751
114	19	0.808428
114	31	1.19944
114	36	0.849439
114	55	0.908064
114	67	0.85666
114	70	0.860685
114	73	0.903829
114	80	0.903134
114	81	0.836752
114	92	0.850129
114	94	0.90812
114	95	1.24656
114	99	0.885415
114	104	1.08686
114	105	0.874755
114	106	0.826287
114	154	1.4391
114	156	0.882675
114	157	0.897202
114	161	0.903332
114	163	1.37209
114	168	1.28501
114	173	1.72893
114	178	2.09412
115	62	1.19477
115	83	0.859985
115	93	0.827692
115	100	0.865776
115	104	1.05991
115	112	0.874161
115	116	0.882854
115	117	0.821596
115	118	0.868431
115	120	0.85412
115	121	0.857261
115	125	0.834844
115	130	0.839489
115	133	0.838736
115	134	0.841029
115	137	0.861963
115	138	0.869492
115	141	0.878103
115	142	0.832902
115	148	0.860289
115	150	0.83127
115	154	1.41215
115	159	1.43209
115	170	1.53122
115	175	1.37422
115	176	1.76388
115	177	2.2995
116	3	0.931843
116	29	0.865115
116	31	0.901043
116	56	0.898479
116	83	0.887231
116	98	0.894401
116	101	1.02374
116	115	0.882854
116	120	0.881366
116	121	0.884507
116	125	0.86209
116	130	0.866735
116	131	1.30347
116	133	0.865982
116	134	0.868275
116	137	0.889209
116	141	0.905349
116	142	0.860148
116	148	0.887535
116	150	0.858516
116	153	1.13154
116	161	0.909316
116	162	1.52695
116	166	1.30167
116	174	1.36818
116	175	1.30082
116	178	1.99376
116	180	1.93418
117	3	0.870585
117	10	0.864226
117	25	0.827969
117	28	0.826139
117	45	0.80109
117	46	0.857677
117	64	0.881861
117	71	0.85759
117	77	0.756271
117	91	1.23327
117	95	1.1985
117	98	0.833143
117	115	0.821596
117	119	0.849675
117	121	0.823249
117	122	0.815469
117	123	0.80413
117	130	0.805478
117	132	1.61723
117	134	0.807017
117	148	0.826277
117	149	1.83664
117	150	0.797258
117	151	2.05385
117	153	0.841981
117	159	1.41098
117	164	1.22548
117	175	0.831318
117	177	2.27839
118	31	0.88662
118	54	0.834524
118	63	0.941266
118	96	1.3764
118	98	0.879978
118	100	0.8786
118	113	1.0336
118	115	0.868431
118	120	0.866943
118	121	0.870084
118	122	0.862304
118	125	0.847667
118	130	0.852313
118	133	0.851559
118	134	0.853852
118	137	0.874786
118	138	0.882315
118	141	0.890926
118	142	0.845725
118	143	2.04411
118	148	0.873112
118	150	0.844093
118	158	1.11436
118	161	0.894894
118	166	1.28681
118	168	1.1698
118	175	1.28596
118	178	1.97891
118	179	1.78437
119	15	1.17605
119	25	0.890059
119	40	1.5061
119	46	0.919767
119	64	0.943951
119	71	0.91968
119	77	0.818361
119	81	1.97569
119	90	1.17808
119	109	0.758973
119	113	0.92463
119	117	0.849675
119	120	1.02939
119	123	0.86622
119	124	1.11766
119	126	1.06212
119	137	0.988791
119	138	0.909364
119	143	0.794638
119	153	0.904072
119	155	0.89899
119	166	0.871739
119	168	0.906819
119	170	0.83991
119	174	0.846465
119	175	0.893409
119	176	0.815725
119	177	0.768676
119	178	0.782514
119	180	0.785727
120	3	0.903109
120	63	0.926955
120	78	0.816698
120	83	0.858497
120	91	1.25573
120	93	0.826204
120	100	0.864288
120	115	0.85412
120	116	0.881366
120	118	0.866943
120	119	1.02939
120	122	0.847992
120	125	0.833356
120	130	0.838001
120	133	0.837248
120	134	0.839541
120	137	0.860475
120	138	0.868004
120	140	1.43956
120	141	0.876615
120	142	0.831414
120	148	0.858801
120	150	0.829782
120	160	1.29185
120	161	0.880582
120	163	1.34649
120	165	1.38979
120	168	1.25942
120	169	2.64918
120	171	1.81646
121	3	0.906249
121	54	0.823353
121	56	0.872886
121	93	0.829345
121	98	0.868808
121	100	0.867429
121	109	2.35849
121	115	0.857261
121	116	0.884507
121	117	0.823249
121	118	0.870084
121	122	0.851133
121	125	0.836497
121	130	0.841142
121	133	0.840389
121	137	0.863616
121	138	0.871145
121	141	0.879756
121	142	0.834555
121	148	0.861942
121	149	1.68968
121	150	0.832923
121	153	1.03687
121	157	1.25072
121	161	0.883723
121	167	1.19845
121	171	1.64704
121	173	1.53391
121	174	1.27352
121	179	1.70456
122	66	0.844114
122	78	0.812058
122	83	0.853858
122	93	0.821565
122	98	0.861028
122	100	0.859649
122	111	1.16959
122	112	0.868034
122	117	0.815469
122	118	0.862304
122	120	0.847992
122	121	0.851133
122	125	0.828717
122	130	0.833362
122	132	1.79056
122	133	0.832609
122	134	0.834901
122	137	0.855836
122	138	0.863365
122	141	0.871975
122	142	0.826775
122	145	1.29825
122	147	1.32752
122	148	0.854161
122	150	0.825143
122	161	0.875943
122	163	1.49736
122	164	1.39881
122	170	1.68345
122	171	1.96734
122	176	1.91611
123	4	0.761247
123	10	0.880771
123	13	0.902219
123	14	0.814581
123	22	0.743588
123	24	0.85741
123	25	0.844514
123	28	0.842684
123	39	0.93241
123	43	0.882848
123	46	0.874222
123	49	0.882847
123	51	0.795172
123	53	1.03967
123	62	1.29056
123	71	0.874135
123	77	0.772816
123	99	0.846687
123	105	0.836027
123	113	0.879085
123	117	0.80413
123	119	0.86622
123	143	2.22815
123	144	1.55147
123	145	1.24182
123	153	0.858526
123	156	1.49532
123	157	1.51458
123	164	1.34238
123	175	0.847863
123	178	2.16296
124	7	0.843427
124	17	0.870628
124	31	1.26212
124	42	0.930925
124	52	0.831237
124	57	0.893373
124	61	0.901517
124	65	0.868412
124	68	0.914931
124	69	0.847282
124	88	0.842963
124	89	0.854915
124	91	0.922068
124	102	0.883139
124	103	0.88753
124	108	0.906534
124	113	1.21148
124	119	1.11766
124	126	0.869587
124	127	0.861859
124	129	0.900779
124	135	0.887978
124	139	0.875447
124	151	0.796197
124	152	0.888679
124	156	1.48916
124	157	1.50842
124	163	1.43476
124	164	1.33621
124	172	0.764021
124	175	1.46385
124	177	2.38912
125	20	0.851579
125	34	1.72317
125	56	0.85047
125	61	1.03658
125	78	0.797422
125	83	0.839221
125	93	0.806929
125	98	0.846391
125	100	0.845013
125	112	0.853398
125	115	0.834844
125	116	0.86209
125	118	0.847667
125	120	0.833356
125	121	0.836497
125	122	0.828717
125	130	0.818726
125	132	1.61059
125	133	0.817972
125	134	0.820265
125	137	0.8412
125	138	0.848728
125	141	0.857339
125	142	0.812139
125	146	1.81472
125	148	0.839525
125	150	0.810506
125	157	1.39104
125	158	1.17487
125	164	1.21884
125	169	2.62007
125	173	1.67423
126	17	0.851458
126	21	1.07087
126	42	0.911755
126	52	0.812068
126	57	0.874203
126	62	1.22886
126	65	0.849242
126	68	0.895761
126	69	0.828112
126	72	1.77949
126	76	0.884601
126	88	0.823794
126	89	0.835745
126	90	0.90577
126	91	0.902898
126	102	0.863969
126	103	0.86836
126	107	1.178
126	108	0.887365
126	110	1.51142
126	112	0.871566
126	113	1.15594
126	119	1.06212
126	124	0.869587
126	127	0.842689
126	129	0.881609
126	135	0.868808
126	139	0.856277
126	152	0.869509
126	162	1.63444
126	166	1.40916
126	172	0.744851
126	176	1.79797
127	17	0.843729
127	42	0.904026
127	52	0.804339
127	57	0.866474
127	61	0.874618
127	65	0.841514
127	68	0.888033
127	69	0.820383
127	76	0.876872
127	88	0.816065
127	89	0.828017
127	90	0.898041
127	91	0.895169
127	102	0.856241
127	103	0.860631
127	108	0.879636
127	112	0.863838
127	124	0.861859
127	126	0.842689
127	128	1.01728
127	135	0.861079
127	139	0.848548
127	143	1.9691
127	146	1.6792
127	151	0.769298
127	152	0.86178
127	154	1.24889
127	155	1.2203
127	160	1.12723
127	165	1.22517
127	169	2.48455
127	172	0.737122
127	178	1.9039
127	180	1.84432
128	1	1.68142
128	5	1.7335
128	26	1.31308
128	45	1.4408
128	68	1.03033
128	99	1.31644
128	104	0.922887
128	105	1.15889
128	107	0.909714
128	127	1.01728
128	132	0.844036
128	133	1.37822
128	140	0.893424
128	143	0.792734
128	149	0.817582
128	150	1.10542
128	154	0.868948
128	155	0.897085
128	158	0.92057
128	162	0.867464
128	163	0.907252
128	165	0.891535
128	166	0.869835
128	168	0.904914
128	170	0.838005
128	171	0.819301
128	172	0.77362
128	173	0.818752
128	175	0.891504
128	176	0.81382
128	177	0.766771
128	178	0.780609
128	179	0.805814
128	180	0.783823
129	17	0.88265
129	18	1.44697
129	34	1.66511
129	42	0.942947
129	47	1.19415
129	52	0.843259
129	57	0.905394
129	61	0.913539
129	65	0.880434
129	68	0.926953
129	69	0.859304
129	76	0.915792
129	88	0.854985
129	89	0.866937
129	90	0.936961
129	96	1.37885
129	102	0.895161
129	103	0.899552
129	108	0.918556
129	112	0.902758
129	113	1.03605
129	124	0.900779
129	126	0.881609
129	135	0.899999
129	139	0.887469
129	140	1.3524
129	144	1.36987
129	151	0.808219
129	152	0.9007
129	154	1.32635
129	166	1.28927
129	170	1.44542
129	172	0.776042
129	174	1.35578
130	20	0.856224
130	29	0.82175
130	56	0.855115
130	63	0.912324
130	78	0.802067
130	83	0.843866
130	93	0.811574
130	98	0.851036
130	115	0.839489
130	116	0.866735
130	117	0.805478
130	118	0.852313
130	120	0.838001
130	121	0.841142
130	122	0.833362
130	125	0.818726
130	131	1.21935
130	133	0.822618
130	134	0.82491
130	136	1.33497
130	137	0.845845
130	138	0.853374
130	141	0.861984
130	142	0.816784
130	148	0.84417
130	150	0.815151
130	153	1.04742
130	159	1.27457
130	161	0.865952
130	162	1.44283
130	169	2.4903
130	172	2.03158
130	174	1.28406
130	177	2.14198
130	180	1.85006
131	3	1.06329
131	9	1.8988
131	13	1.45848
131	40	1.85494
131	57	1.32324
131	86	0.888185
131	96	0.857907
131	116	1.30347
131	130	1.21935
131	132	0.821956
131	134	1.45245
131	140	0.871344
131	143	0.770654
131	146	0.808298
131	147	0.872603
131	148	1.20197
131	153	0.880087
131	154	0.846868
131	160	0.877139
131	163	0.885172
131	164	0.874876
131	166	0.847755
131	167	0.872883
131	170	0.815925
131	171	0.797221
131	172	0.75154
131	173	0.796671
131	174	0.82248
131	176	0.79174
131	177	0.744691
131	178	0.758529
131	179	0.783734
131	180	0.761742
132	18	0.796058
132	23	0.799946
132	60	1.06828
132	68	1.48812
132	71	1.31133
132	81	2.58599
132	117	1.61723
132	122	1.79056
132	125	1.61059
132	128	0.844036
132	131	0.821956
132	135	1.51646
132	136	0.820238
132	143	0.728814
132	146	0.766458
132	147	0.830763
132	158	0.85665
132	160	0.835299
132	163	0.843333
132	164	0.833037
132	165	0.827615
132	167	0.831044
132	168	0.840994
132	170	0.774085
132	171	0.755381
132	173	0.754832
132	174	0.78064
132	175	0.827584
132	176	0.7499
132	177	0.702851
132	178	0.716689
132	179	0.741894
132	180	0.719903
133	3	0.887725
133	7	0.951477
133	29	0.820997
133	45	0.81823
133	66	0.83337
133	82	1.25461
133	83	0.843113
133	93	0.810821
133	98	0.850283
133	100	0.848905
133	110	1.67501
133	111	1.21504
133	112	0.85729
133	115	0.838736
133	116	0.865982
133	118	0.851559
133	120	0.837248
133	121	0.840389
133	122	0.832609
133	125	0.817972
133	128	1.37822
133	130	0.822618
133	134	0.824157
133	137	0.845092
133	138	0.85262
133	141	0.861231
133	142	0.816031
133	148	0.843417
133	150	0.814398
133	158	1.40029
133	161	0.865199
133	162	1.79803
133	165	1.58611
133	170	1.7289
133	179	2.07031
134	20	0.857763
134	29	0.823289
134	54	0.807121
134	56	0.856654
134	61	1.13991
134	63	0.913864
134	78	0.803606
134	79	1.42834
134	83	0.845406
134	93	0.813113
134	100	0.851197
134	101	1.17272
134	115	0.841029
134	116	0.868275
