1	24	1.02813
1	38	1.02334
1	41	0.984904
1	45	1.09552
1	90	1.1287
1	112	1.11301
1	126	1.01771
1	131	1.30293
1	139	1.06857
1	144	1.01814
1	145	0.998717
1	148	1.2306
2	62	1.17679
2	125	0.928102
2	143	0.831235
2	165	0.987533
2	167	0.936775
2	168	0.923926
2	173	0.940316
2	174	0.943016
2	175	0.958788
2	177	0.936449
2	178	0.895587
2	180	0.91608
3	47	0.673646
3	56	0.66107
3	79	0.697788
3	86	0.70342
3	171	1.06777
3	172	1.03618
3	174	1.06756
3	176	1.06665
3	177	1.06099
3	178	1.02013
3	179	1.09701
3	180	1.04062
4	17	1.33533
4	33	1.0381
4	35	0.925872
4	39	0.914168
4	43	0.893694
4	44	0.891794
4	72	0.99261
4	74	0.964345
4	83	0.926792
4	131	0.898235
4	161	1.36568
4	179	1.61078
5	62	1.00377
5	67	1.08132
5	97	1.04976
5	105	1.06323
5	106	1.0501
5	115	1.07469
5	129	1.03041
5	149	1.04212
5	162	0.967157
5	167	1.28974
5	174	1.18211
5	177	1.1444
6	28	1.43501
6	64	0.870884
6	84	1.69549
6	111	0.994703
6	171	0.825961
6	173	0.823047
6	174	0.825748
6	175	0.84152
6	177	0.81918
6	178	0.778319
6	179	0.855201
6	180	0.798812
7	62	1.09588
7	119	1.02028
7	120	1.09014
7	136	0.809177
7	169	0.934621
7	171	0.921916
7	172	0.890327
7	174	0.921702
7	176	0.920796
7	177	0.915135
7	179	0.951155
7	180	0.894766
8	36	1.04363
8	42	1.12037
8	53	1.05738
8	82	0.832822
8	87	1.02407
8	102	1.10235
8	151	1.04467
8	157	1.25385
8	159	1.14014
8	163	0.974793
8	166	1.0439
8	169	1.35215
9	81	1.04538
9	116	1.03887
9	125	1.05861
9	130	1.04782
9	133	1.03807
9	135	1.06004
9	137	1.04465
9	148	1.05575
9	149	1.05733
9	156	1.13993
9	164	0.958447
9	176	1.42115
10	69	0.899172
10	75	0.870073
10	76	0.949719
10	78	0.960212
10	89	0.962273
10	93	0.957632
10	96	0.940839
10	99	0.935805
10	107	0.923068
10	159	1.36248
10	163	1.63977
10	179	1.34477
11	13	0.89076
11	16	0.969481
11	29	0.918345
11	47	0.885758
11	49	0.970901
11	61	0.993276
11	112	1.00275
11	113	1.40119
11	126	0.907446
11	165	1.36031
11	166	0.925674
11	177	1.58884
12	35	1.15672
12	52	1.00676
12	89	0.699758
12	167	0.941959
12	172	0.916825
12	173	0.9455
12	175	0.963972
12	176	0.947294
12	177	0.941633
12	178	0.900771
12	179	0.977653
12	180	0.921264
13	11	0.89076
13	16	0.974168
13	29	0.923032
13	47	0.890445
13	49	0.975588
13	61	0.997963
13	92	0.966119
13	113	1.58723
13	126	0.912133
13	152	1.07687
13	157	1.68604
13	166	0.930361
14	15	1.0241
14	125	0.713333
14	127	0.621531
14	143	0.616466
14	170	1.00746
14	171	1.02868
14	172	0.997094
14	173	1.02577
14	174	1.02847
14	176	1.02756
14	178	0.98104
14	179	1.05792
14	180	1.00153
15	14	1.0241
15	28	1.11113
15	36	1.0024
15	52	1.0091
15	56	1.01452
15	60	1.00398
15	87	0.982847
15	88	1.31318
15	102	1.06112
15	152	1.15571
15	153	1.14223
15	163	0.933566
15	166	1.00268
16	11	0.969481
16	13	0.974168
16	29	1.00175
16	47	0.969167
16	49	1.05431
16	61	1.07668
16	88	1.17225
16	112	1.08616
16	126	0.990855
16	146	1.28445
16	155	1.05175
16	156	1.37499
16	166	1.00908
17	4	1.33533
17	49	0.973792
17	61	0.996167
17	69	0.91688
17	99	0.953513
17	107	0.940776
17	118	0.981381
17	135	1.07391
17	138	1.04103
17	166	0.928565
17	175	0.851193
17	178	0.787992
17	180	0.808485
18	30	0.978795
18	51	0.997483
18	75	0.953026
18	78	1.04316
18	89	1.04523
18	93	1.04059
18	96	1.02379
18	99	1.01876
18	103	0.835838
18	107	1.00602
18	158	1.16334
18	173	1.52538
18	175	1.3436
19	35	0.90491
19	37	0.898665
19	64	0.843779
19	89	0.943202
19	96	0.921768
19	101	0.924931
19	107	0.903997
19	110	0.894263
19	123	1.4114
19	126	1.63042
19	143	0.925491
19	147	0.930373
19	160	1.60036
20	110	0.987839
20	121	0.980133
20	122	1.02706
20	124	1.01299
20	127	1.02046
20	131	1.00248
20	136	1.00773
20	141	1.00513
20	143	1.01907
20	147	1.02395
20	161	0.886777
20	170	1.59285
20	171	1.3888
21	72	3.65422
21	117	0.9005
21	163	0.77929
21	169	0.768174
21	170	0.734245
21	171	0.755469
21	172	0.72388
21	174	0.755255
21	176	0.754349
21	177	0.748688
21	178	0.707826
21	179	0.784708
21	180	0.728319
22	67	1.06423
22	77	1.25824
22	105	0.854958
22	146	1.03291
22	171	0.913107
22	172	0.881518
22	173	0.910193
22	174	0.912893
22	176	0.911987
22	177	0.906326
22	178	0.865464
22	179	0.942346
22	180	0.885957
23	122	1.02482
23	124	1.01075
23	126	1.335
23	132	0.992389
23	136	1.00549
23	138	0.989521
23	140	1.01962
23	141	1.00289
23	143	1.01683
23	145	1.03564
23	147	1.02171
23	152	0.991492
23	162	1.51225
24	1	1.02813
24	38	0.944874
24	41	0.906439
24	45	1.01705
24	88	0.984908
24	103	1.01233
24	112	1.03455
24	117	1.09128
24	119	0.94732
24	126	0.939244
24	139	0.99011
24	152	0.863479
24	160	1.17694
24	178	2.02821
25	54	0.985147
25	105	1.0079
25	114	0.988387
25	125	0.988074
25	128	0.987556
25	130	0.977282
25	133	0.967533
25	135	0.989501
25	149	0.986795
25	150	1.14843
25	152	0.990888
25	163	0.899252
25	166	1.33586
25	177	1.68889
26	69	0.711102
26	100	0.898932
26	110	0.829325
26	122	0.791392
26	168	0.977833
26	170	0.975913
26	172	0.965548
26	173	0.994223
26	175	1.0127
26	176	0.996017
26	177	0.990356
26	178	0.949495
26	179	1.02638
26	180	0.969988
27	51	0.963883
27	69	0.948525
27	75	0.919426
27	76	0.999072
27	78	1.00956
27	89	1.01163
27	93	1.00699
27	96	0.990192
27	99	0.985158
27	107	0.972421
27	117	1.10608
27	145	0.92243
27	179	1.35604
27	180	1.78417
28	6	1.43501
28	15	1.11113
28	48	1.14815
28	52	1.08015
28	60	1.07503
28	82	0.576114
28	87	1.0539
28	92	1.10948
28	102	1.13217
28	123	0.512462
28	163	1.00462
28	166	1.07373
28	174	1.12368
28	178	1.5527
29	11	0.918345
29	13	0.923032
29	16	1.00175
29	47	0.91803
29	49	1.00317
29	61	1.02555
29	66	1.07126
29	103	0.94305
29	112	1.03502
29	126	0.939719
29	159	1.33352
29	166	0.957946
29	171	1.57275
29	179	1.31582
30	18	0.978795
30	75	0.909475
30	76	0.989121
30	78	0.999613
30	89	1.00167
30	93	0.997034
30	96	0.98024
30	99	0.975207
30	107	0.96247
30	139	0.982898
30	146	0.740164
30	168	1.40724
30	170	1.40922
30	178	1.63522
31	79	0.97474
31	121	0.951519
31	122	0.998449
31	132	0.966013
31	136	0.979114
31	138	0.963145
31	140	0.993245
31	141	0.976518
31	143	0.990453
31	144	1.04032
31	147	0.995334
31	155	1.01373
31	156	1.33697
31	173	1.77129
32	36	0.966402
32	48	1.04111
32	53	0.980155
32	56	0.978527
32	60	0.967984
32	92	1.00244
32	102	1.02513
32	111	1.2798
32	123	1.32101
32	151	0.967442
32	153	1.18304
32	163	0.897569
32	164	1.37525
32	166	0.966679
33	4	1.0381
33	35	1.10375
33	37	1.0975
33	39	1.09204
33	43	1.07157
33	44	1.06967
33	72	1.17048
33	74	1.14222
33	131	1.07611
33	154	1.0158
33	155	0.612949
33	172	1.54993
33	175	1.18873
33	179	1.05373
34	59	1.05924
34	76	1.27323
34	132	1.17615
34	148	1.01158
34	168	0.871777
34	171	0.891081
34	173	0.888167
34	174	0.890868
34	175	0.90664
34	176	0.889961
34	177	0.8843
34	178	0.843439
34	179	0.920321
34	180	0.863932
35	4	0.925872
35	12	1.15672
35	19	0.90491
35	33	1.10375
35	37	0.985277
35	39	0.979817
35	43	0.959343
35	44	0.957443
35	72	1.05826
35	74	1.02999
35	119	0.968247
35	144	1.18575
35	153	1.1087
35	166	1.46715
36	8	1.04363
36	15	1.0024
36	32	0.966402
36	42	1.04147
36	52	0.971427
36	53	0.978475
36	56	0.976846
36	103	1.36111
36	112	1.23339
36	151	0.965762
36	153	1.24264
36	155	1.2931
36	163	0.895889
36	166	0.964998
37	19	0.898665
37	33	1.0975
37	35	0.985277
37	39	0.973572
37	43	0.953098
37	44	0.951198
37	72	1.05201
37	74	1.02375
37	119	0.962002
37	131	0.957639
37	150	1.03824
37	159	1.37616
37	162	1.40146
37	165	1.35018
38	1	1.02334
38	24	0.944874
38	41	0.901645
38	45	1.01226
38	88	0.980114
38	90	1.04545
38	103	1.00754
38	119	0.942526
38	126	0.93445
38	134	1.38379
38	139	0.985316
38	154	1.25063
38	161	1.04346
38	169	1.51827
39	4	0.914168
39	33	1.09204
39	35	0.979817
39	37	0.973572
39	43	0.947639
39	72	1.04656
39	74	1.01829
39	91	0.943317
39	119	0.956543
39	131	0.95218
39	139	0.863925
39	142	1.19137
39	163	1.3799
39	178	1.77187
40	46	0.950065
40	65	1.02196
40	100	0.915857
40	118	1.09649
40	121	0.950021
40	122	0.996951
40	124	0.98288
40	136	0.977616
40	140	0.991747
40	141	0.97502
40	143	0.988955
40	147	0.993837
40	160	1.20683
40	170	1.8321
41	1	0.984904
41	24	0.906439
41	38	0.901645
41	45	0.973825
41	88	0.941679
41	90	1.00701
41	103	0.969102
41	112	0.991321
41	119	0.904091
41	126	0.896015
41	139	0.946882
41	145	1.02081
41	148	1.25269
41	175	1.58942
41	176	1.61809
42	8	1.12037
42	36	1.04147
42	50	2.23249
42	52	1.04817
42	53	1.05522
42	56	1.05359
42	60	1.04305
42	87	1.02191
42	102	1.10019
42	123	0.400698
42	163	0.972635
42	166	1.04174
42	173	1.07074
42	175	0.888964
42	180	1.18209
43	4	0.893694
43	33	1.07157
43	35	0.959343
43	37	0.953098
43	39	0.947639
43	44	0.925265
43	74	0.997816
43	83	0.960263
43	91	0.922843
43	119	0.936068
43	123	0.840427
43	131	0.931706
43	169	1.42341
43	176	1.35737
43	178	1.88066
44	4	0.891794
44	33	1.06967
44	35	0.957443
44	37	0.951198
44	43	0.925265
44	50	2.56751
44	64	0.896312
44	70	0.742076
44	72	1.02418
44	74	0.995916
44	91	0.920943
44	119	0.934168
44	131	0.929806
44	161	0.843896
44	163	1.38399
45	1	1.09552
45	24	1.01705
45	38	1.01226
45	41	0.973825
45	88	1.05229
45	103	1.07972
45	112	1.10194
45	119	1.01471
45	126	1.00663
45	139	1.0575
45	144	0.808619
45	155	0.782029
45	166	1.09002
45	168	1.68181
45	175	1.35781
46	40	0.950065
46	76	0.974189
46	121	1.18118
46	147	0.7207
46	169	0.980239
46	170	0.94631
46	171	0.967534
46	172	0.935945
46	174	0.96732
46	175	0.983092
46	176	0.966414
46	177	0.960753
46	178	0.919891
46	179	0.996773
46	180	0.940384
47	3	0.673646
47	11	0.885758
47	13	0.890445
47	16	0.969167
47	29	0.91803
47	49	0.970586
47	61	0.992961
47	66	1.03867
47	92	0.961117
47	108	1.30887
47	112	1.00244
47	126	0.907131
47	159	1.51032
47	166	0.925359
47	169	1.72233
48	28	1.14815
48	32	1.04111
48	52	1.04613
48	56	1.05155
48	60	1.04101
48	87	1.01987
48	102	1.09815
48	113	1.20947
48	120	0.892466
48	126	1.04263
48	151	1.04047
48	163	0.970593
48	166	1.0397
48	174	1.43482
48	179	1.17688
49	11	0.970901
49	13	0.975588
49	16	1.05431
49	17	0.973792
49	29	1.00317
49	47	0.970586
49	61	1.0781
49	92	1.04626
49	112	1.08758
49	126	0.992274
49	166	1.0105
49	167	1.30618
49	169	1.17031
49	173	1.25737
49	179	0.940595
49	180	1.36872
50	42	2.23249
50	44	2.56751
50	118	0.876528
50	127	0.858815
50	129	0.830433
50	136	0.846078
50	137	0.829458
50	142	0.809233
50	143	0.857418
50	147	0.862299
50	149	0.842146
50	170	0.709559
50	175	0.746341
50	178	0.68314
50	179	0.760022
50	180	0.703633
51	18	0.997483
51	27	0.963883
51	69	0.957262
51	75	0.928163
51	76	1.00781
51	78	1.0183
51	89	1.02036
51	93	1.01572
51	96	0.998928
51	99	0.993895
51	107	0.981158
51	113	1.20196
51	139	1.00159
51	163	1.46436
51	164	0.87033
51	165	1.16108
51	172	1.66556
52	12	1.00676
52	15	1.0091
52	28	1.08015
52	36	0.971427
52	42	1.04817
52	48	1.04613
52	53	0.98518
52	56	0.983552
52	60	0.973009
52	87	0.951875
52	123	1.09671
52	148	1.24825
52	151	0.972467
52	157	1.58139
52	163	0.902594
52	164	1.15095
52	166	0.971704
53	8	1.05738
53	32	0.980155
53	36	0.978475
53	42	1.05522
53	52	0.98518
53	56	0.990599
53	60	0.980057
53	87	0.958922
53	90	0.817828
53	102	1.0372
53	103	1.03711
53	109	1.06575
53	151	0.979515
53	163	0.909642
53	166	0.978751
53	173	1.72665
53	177	1.63012
54	25	0.985147
54	97	1.00813
54	103	0.806103
54	106	1.00847
54	115	1.03306
54	116	0.982032
54	128	1.00126
54	130	0.990981
54	133	0.981233
54	134	1.2741
54	137	0.987806
54	149	1.00049
54	151	0.982824
54	163	0.912951
54	175	1.31387
54	176	1.34254
54	180	1.60699
55	84	0.694252
55	94	0.744128
55	101	0.982842
55	128	0.683487
55	151	0.802845
55	167	0.996348
55	169	1.01551
55	171	1.0028
55	172	0.971214
55	173	0.999888
55	174	1.00259
55	175	1.01836
55	176	1.00168
55	177	0.996021
55	178	0.95516
55	179	1.03204
55	180	0.975653
56	3	0.66107
56	15	1.01452
56	32	0.978527
56	36	0.976846
56	42	1.05359
56	48	1.05155
56	52	0.983552
56	53	0.990599
56	64	1.4294
56	87	0.957294
56	91	0.953746
56	102	1.03557
56	111	1.08556
56	156	1.36249
56	159	1.49774
56	163	0.908014
56	166	0.977123
57	85	1.04778
57	86	0.977187
57	97	1.00311
57	106	1.00345
57	115	1.02803
57	116	0.977005
57	125	0.996747
57	133	0.976206
57	135	0.998174
57	137	0.982779
57	145	0.879289
57	149	0.995467
57	150	0.992683
57	159	1.33061
57	163	0.907924
57	169	1.54261
57	171	1.56983
58	80	0.986989
58	95	0.956625
58	110	0.97358
58	124	0.998733
58	127	1.00621
58	132	0.980368
58	136	0.993469
58	138	0.9775
58	140	1.0076
58	141	0.990873
58	143	1.00481
58	146	1.0555
58	147	1.00969
58	156	1.14604
58	166	1.13079
58	170	1.72456
58	179	1.26359
59	34	1.05924
59	81	0.982687
59	86	0.976364
59	94	1.02416
59	114	0.996236
59	115	1.02721
59	116	0.976181
59	128	0.995406
59	130	0.985131
59	131	0.961696
59	135	0.99735
59	137	0.981955
59	149	0.994644
59	150	0.861037
59	161	0.93616
59	167	1.54684
59	172	1.67746
60	15	1.00398
60	28	1.07503
60	32	0.967984
60	42	1.04305
60	48	1.04101
60	52	0.973009
60	53	0.980057
60	87	0.946751
60	102	1.02503
60	139	1.20808
60	151	0.967344
60	152	0.951296
60	158	1.38379
60	161	1.18396
60	163	0.897471
60	166	0.96658
60	176	1.59273
61	11	0.993276
61	13	0.997963
61	16	1.07668
61	17	0.996167
61	29	1.02555
61	47	0.992961
61	49	1.0781
61	66	1.14619
61	88	0.857126
61	92	1.06863
61	112	1.10995
61	126	1.01465
61	154	1.13948
61	164	0.878378
61	166	1.03288
61	171	1.43434
61	177	1.39765
61	179	1.17741
62	2	1.17679
62	5	1.00377
62	7	1.09588
62	97	0.97143
62	98	0.972348
62	105	0.9849
62	106	0.97177
62	109	1.22726
62	114	0.965383
62	125	0.96507
62	128	0.964553
62	129	0.952078
62	130	0.954278
62	135	0.966497
62	137	0.951102
62	149	0.963791
62	153	1.08015
62	158	1.52612
63	71	1.16879
63	122	1.17524
63	140	1.02495
63	151	1.07089
63	158	0.968511
63	165	0.946438
63	167	0.89568
63	169	0.91484
63	170	0.88091
63	171	0.902134
63	172	0.870546
63	173	0.89922
63	174	0.901921
63	175	0.917693
63	177	0.895353
63	178	0.854492
63	179	0.931374
63	180	0.874985
64	6	0.870884
64	19	0.843779
64	44	0.896312
64	56	1.4294
64	72	0.997129
64	74	0.968864
64	105	0.994194
64	115	1.10253
64	122	0.958968
64	137	1.13735
64	138	0.923664
64	141	0.937037
64	147	0.955854
64	155	1.01509
64	168	0.805033
64	173	0.821423
64	179	0.853577
64	180	0.797188
65	40	1.02196
65	80	1.04787
65	110	1.03446
65	117	1.05563
65	121	1.02676
65	122	1.07369
65	124	1.05961
65	132	1.04125
65	136	1.05435
65	138	1.03838
65	139	1.08461
65	141	1.05176
65	143	1.06569
65	144	0.891392
65	147	1.07057
65	150	0.985365
65	158	1.26032
65	174	1.56353
66	29	1.07126
66	47	1.03867
66	61	1.14619
66	75	1.0378
66	79	0.879375
66	89	1.13
66	99	1.10353
66	107	1.0908
66	124	0.723788
66	136	0.647298
66	137	0.550608
66	138	0.67909
66	147	0.504381
66	166	1.07859
66	170	0.964433
66	177	0.978876
66	179	1.0149
66	180	0.958507
67	5	1.08132
67	22	1.06423
67	76	1.06177
67	82	0.964496
67	93	1.06968
67	107	1.03512
67	121	1.01768
67	130	1.03183
67	135	1.04405
67	136	1.04527
67	141	1.04268
67	143	1.05661
67	147	1.06149
67	149	1.04134
67	155	0.81333
67	165	1.24583
67	166	1.12132
67	176	1.41778
68	84	1.02646
68	86	0.958392
68	94	1.00618
68	97	0.98431
68	104	0.76014
68	116	0.958209
68	125	0.977951
68	128	0.977433
68	129	0.964958
68	130	0.967158
68	131	0.943724
68	133	0.95741
68	149	0.976671
68	162	1.27488
68	163	0.889129
68	168	1.69088
68	171	1.48881
68	176	1.39555
69	10	0.899172
69	17	0.91688
69	26	0.711102
69	27	0.948525
69	51	0.957262
69	71	1.02716
69	75	0.912806
69	76	0.992452
69	78	1.00294
69	89	1.005
69	93	1.00036
69	96	0.983571
69	99	0.978537
69	107	0.9658
69	131	1.12947
69	166	1.12608
69	170	1.71984
69	180	1.68699
70	44	0.742076
70	83	0.978878
70	115	0.806256
70	129	1.0301
70	137	0.841076
70	142	1.05444
70	168	0.956684
70	169	0.988693
70	170	0.954764
70	172	0.944399
70	173	0.973074
70	174	0.975775
70	175	0.991547
70	176	0.974868
70	177	0.969207
70	178	0.928346
70	179	1.00523
70	180	0.948839
71	63	1.16879
71	69	1.02716
71	75	0.998064
71	87	1.01902
71	92	1.07461
71	96	1.06883
71	100	0.999455
71	102	1.0973
71	107	1.05106
71	108	1.14896
71	140	1.07534
71	143	1.07255
71	147	1.07743
71	150	1.01248
71	151	1.03961
71	152	0.854939
71	153	0.841458
71	169	1.56241
72	4	0.99261
72	21	3.65422
72	33	1.17048
72	35	1.05826
72	37	1.05201
72	39	1.04656
72	44	1.02418
72	64	0.997129
72	74	1.09673
72	83	1.05918
72	91	1.02176
72	108	0.351275
72	119	1.03498
72	131	1.03062
72	142	0.641483
72	150	0.348882
72	169	0.76473
72	173	0.85179
73	102	1.12076
73	107	1.15542
73	138	1.27052
73	143	1.17989
73	154	0.979646
73	167	0.885928
73	168	0.873078
73	169	0.905088
73	170	0.871158
73	171	0.892383
73	172	0.860794
73	173	0.889468
73	174	0.892169
73	175	0.907941
73	176	0.891263
73	177	0.885602
73	178	0.84474
73	179	0.921622
73	180	0.865233
74	4	0.964345
74	33	1.14222
74	35	1.02999
74	37	1.02375
74	39	1.01829
74	43	0.997816
74	44	0.995916
74	64	0.968864
74	72	1.09673
74	83	1.03091
74	91	0.993494
74	111	0.839184
74	112	0.733183
74	119	1.00672
74	120	0.949259
74	131	1.00236
74	162	1.27667
74	167	1.59925
74	172	1.72987
75	10	0.870073
75	18	0.953026
75	27	0.919426
75	30	0.909475
75	51	0.928163
75	66	1.0378
75	69	0.912806
75	71	0.998064
75	78	0.973845
75	89	0.975906
75	93	0.971265
75	96	0.954472
75	99	0.949438
75	107	0.936701
75	157	1.3584
75	164	0.92796
75	173	1.54376
75	177	1.44723
75	180	1.65511
76	10	0.949719
76	27	0.999072
76	30	0.989121
76	34	1.27323
76	46	0.974189
76	51	1.00781
76	67	1.06177
76	69	0.992452
76	78	1.05349
76	89	1.05555
76	93	1.05091
76	96	1.03412
76	99	1.02908
76	104	0.92351
76	107	1.01635
76	131	1.26586
76	139	1.03678
76	152	0.917493
76	156	1.27771
77	22	1.25824
77	79	0.946321
77	95	0.91385
77	101	0.961474
77	110	0.930805
77	121	0.9231
77	122	0.970029
77	124	0.955958
77	127	0.963431
77	132	0.937594
77	136	0.950694
77	138	0.934726
77	140	0.964825
77	143	0.962034
77	144	1.03393
77	147	0.966915
77	155	1.00734
77	173	1.76489
77	176	1.61179
78	10	0.960212
78	18	1.04316
78	27	1.00956
78	30	0.999613
78	51	1.0183
78	69	1.00294
78	75	0.973845
78	76	1.05349
78	93	1.0614
78	96	1.04461
78	99	1.03958
78	107	1.02684
78	139	1.04727
78	146	0.991457
78	152	0.721778
78	163	1.49454
78	165	1.19126
78	169	1.42925
78	176	1.36321
79	3	0.697788
79	31	0.97474
79	66	0.879375
79	77	0.946321
79	100	0.943874
79	101	1.01641
79	111	1.12227
79	122	1.02497
79	124	1.0109
79	127	1.01837
79	132	0.992531
79	136	1.00563
79	138	0.989663
79	140	1.01976
79	141	1.00304
79	143	1.01697
79	147	1.02185
79	160	1.35246
79	166	1.38397
79	179	1.51676
80	58	0.986989
80	65	1.04787
80	95	0.966681
80	100	0.941767
80	119	0.971009
80	122	1.02286
80	124	1.00879
80	127	1.01626
80	132	0.990425
80	136	1.00353
80	138	0.987557
80	141	1.00093
80	143	1.01486
80	144	0.822932
80	147	1.01975
80	152	0.759364
80	154	1.1992
80	168	1.69612
80	171	1.49405
80	174	1.49507
81	9	1.04538
81	59	0.982687
81	84	1.03997
81	94	1.0197
81	104	0.941979
81	105	1.01129
81	106	0.998164
81	111	1.01924
81	114	0.991777
81	115	1.02275
81	118	1.13909
81	129	0.978472
81	130	0.980672
81	133	0.970923
81	135	0.992891
81	137	0.977496
81	144	0.99953
81	149	0.990185
81	162	1.45672
81	180	1.84185
82	8	0.832822
82	28	0.576114
82	67	0.964496
82	85	0.957046
82	114	0.904203
82	125	1.03309
82	167	1.00605
82	168	0.993202
82	169	1.02521
82	170	0.991282
82	171	1.01251
82	172	0.980917
82	173	1.00959
82	174	1.01229
82	175	1.02806
82	176	1.01139
82	177	1.00573
82	178	0.964864
82	179	1.04175
82	180	0.985357
83	4	0.926792
83	43	0.960263
83	70	0.978878
83	72	1.05918
83	74	1.03091
83	109	0.981669
83	115	1.03032
83	116	0.979289
83	119	0.969166
83	127	1.01442
83	133	0.97849
83	138	0.985715
83	140	1.01581
83	143	1.01302
83	147	1.0179
83	149	0.997751
83	158	1.28053
83	164	1.02676
83	166	1.193
83	180	1.75392
84	6	1.69549
84	55	0.694252
84	68	1.02646
84	81	1.03997
84	85	1.10424
84	98	1.06048
84	105	1.07304
84	109	0.782087
84	114	1.05352
84	116	1.03346
84	128	1.05269
84	129	1.04021
84	133	1.03267
84	135	1.05463
84	137	1.03924
84	148	0.924485
84	149	1.05193
84	151	1.03426
84	158	1.08094
84	159	1.14392
84	162	1.16921
85	57	1.04778
85	82	0.957046
85	84	1.10424
85	86	1.03617
85	105	1.07556
85	109	0.902536
85	114	1.05605
85	116	1.03599
85	125	1.05573
85	128	1.05521
85	129	1.04274
85	130	1.04494
85	135	1.05716
85	137	1.04176
85	139	1.02569
85	149	1.05445
85	153	0.755421
85	158	1.20139
85	162	1.28966
85	163	0.96691
85	167	1.61224
86	3	0.70342
86	57	0.977187
86	59	0.976364
86	68	0.958392
86	85	1.03617
86	97	0.991501
86	98	0.992419
86	114	0.985454
86	115	1.01643
86	116	0.965399
86	117	1.27243
86	128	0.984623
86	129	0.972149
86	130	0.974349
86	133	0.9646
86	139	1.30141
86	142	1.62886
86	149	0.983862
86	155	1.08161
86	163	0.896319
86	179	1.52239
87	8	1.02407
87	15	0.982847
87	28	1.0539
87	42	1.02191
87	48	1.01987
87	52	0.951875
87	53	0.958922
87	56	0.957294
87	60	0.946751
87	71	1.01902
87	91	0.922069
87	92	0.981204
87	102	1.00389
87	126	1.05721
87	161	0.94636
87	163	0.876336
87	166	0.945446
87	167	1.55704
87	169	1.42117
87	179	1.19146
87	180	1.61958
88	15	1.31318
88	16	1.17225
88	24	0.984908
88	38	0.980114
88	41	0.941679
88	45	1.05229
88	61	0.857126
88	93	0.790064
88	97	1.01878
88	99	0.874203
88	115	1.04371
88	125	1.01242
88	129	0.999432
88	139	1.02535
88	147	0.821481
88	149	1.01114
88	171	0.899781
88	174	0.899568
88	176	0.898661
88	178	0.852139
88	179	0.929021
88	180	0.872632
89	10	0.962273
89	12	0.699758
89	18	1.04523
89	19	0.943202
89	27	1.01163
89	30	1.00167
89	51	1.02036
89	66	1.13
89	69	1.005
89	75	0.975906
89	76	1.05555
89	93	1.06346
89	96	1.04667
89	99	1.04164
89	107	1.0289
89	113	1.17557
89	139	1.04933
89	160	0.978675
89	163	1.43798
89	164	0.843946
89	168	1.60198
89	177	1.36322
90	1	1.1287
90	38	1.04545
90	41	1.00701
90	53	0.817828
90	101	0.822751
90	119	1.04789
90	121	1.01019
90	125	1.07776
90	126	1.03982
90	128	1.07724
90	129	1.06476
90	137	1.06379
90	138	0.724422
90	140	0.596813
90	141	0.563388
90	143	0.633784
90	149	1.07648
90	170	0.943889
90	175	0.980671
90	178	0.91747
90	179	0.994352
90	180	0.937963
91	39	0.943317
91	43	0.922843
91	44	0.920943
91	56	0.953746
91	72	1.02176
91	74	0.993494
91	87	0.922069
91	102	1.00035
91	119	0.931747
91	124	0.969528
91	127	0.977
91	139	1.07608
91	140	0.978395
91	143	0.975603
91	147	0.980485
91	151	0.942662
91	152	0.819297
91	153	0.805816
91	166	0.941898
91	167	1.66264
91	178	1.98403
91	180	1.72518
92	13	0.966119
92	28	1.10948
92	32	1.00244
92	47	0.961117
92	49	1.04626
92	61	1.06863
92	71	1.07461
92	87	0.981204
92	102	1.05948
92	120	0.859615
92	132	1.0103
92	138	1.00743
92	139	0.923048
92	140	1.03753
92	141	1.0208
92	142	1.25049
92	143	1.03474
92	156	1.02648
92	166	1.00103
92	167	1.50961
92	170	1.605
92	179	1.14403
93	10	0.957632
93	18	1.04059
93	27	1.00699
93	30	0.997034
93	51	1.01572
93	67	1.06968
93	69	1.00036
93	75	0.971265
93	76	1.05091
93	78	1.0614
93	88	0.790064
93	89	1.06346
93	96	1.04203
93	99	1.037
93	107	1.02426
93	113	1.14294
93	126	0.976098
93	139	1.04469
93	161	0.865252
93	163	1.40535
93	170	1.57132
93	174	1.3683
94	55	0.744128
94	59	1.02416
94	68	1.00618
94	81	1.0197
94	98	1.04021
94	106	1.03963
94	113	0.981677
94	115	1.06422
94	117	0.92613
94	125	1.03293
94	128	1.03242
94	129	1.01994
94	130	1.02214
94	131	0.998708
94	133	1.01239
94	134	1.27132
94	135	1.03436
94	148	0.97436
94	149	1.03166
94	166	1.0433
94	171	1.43302
94	172	1.67229
95	58	0.956625
95	77	0.91385
95	80	0.966681
95	100	0.911403
95	110	0.953272
95	120	1.1919
95	121	0.945567
95	124	0.978425
95	127	0.985898
95	132	0.960061
95	136	0.973161
95	138	0.957193
95	140	0.987292
95	141	0.970566
95	143	0.984501
95	147	0.989382
95	151	0.951559
95	153	0.985071
95	164	1.17728
95	165	1.46803
95	175	1.61131
95	176	1.63998
96	10	0.940839
96	18	1.02379
96	19	0.921768
96	27	0.990192
96	30	0.98024
96	51	0.998928
96	69	0.983571
96	71	1.06883
96	75	0.954472
96	76	1.03412
96	78	1.04461
96	89	1.04667
96	93	1.04203
96	99	1.0202
96	107	1.00747
96	113	1.28165
96	139	1.02789
96	153	0.75781
96	161	1.00395
96	162	1.29205
96	174	1.507
96	175	1.38405
96	176	1.41272
97	5	1.04976
97	54	1.00813
97	57	1.00311
97	62	0.97143
97	68	0.98431
97	86	0.991501
97	88	1.01878
97	105	1.03089
97	108	1.25935
97	111	1.04861
97	114	1.01137
97	116	0.991318
97	128	1.01054
97	129	0.998067
97	133	0.990519
97	135	1.01249
97	137	0.997092
97	145	1.00948
97	149	1.00978
97	150	1.12288
97	154	1.40517
97	160	1.2788
97	165	1.43482
98	62	0.972348
98	84	1.06048
98	86	0.992419
98	94	1.04021
98	105	1.03181
98	106	1.01868
98	109	1.04151
98	120	1.10123
98	125	1.01198
98	128	1.01146
98	129	0.998986
98	130	1.00119
98	131	0.977751
98	133	0.991438
98	135	1.01341
98	137	0.99801
98	145	0.952022
98	146	1.17755
98	149	1.0107
98	158	1.34037
98	161	1.14054
98	163	0.923156
98	168	1.84463
99	10	0.935805
99	17	0.953513
99	18	1.01876
99	27	0.985158
99	30	0.975207
99	51	0.993895
99	66	1.10353
99	69	0.978537
99	75	0.949438
99	76	1.02908
99	78	1.03958
99	88	0.874203
99	89	1.04164
99	93	1.037
99	96	1.0202
99	107	1.00243
99	123	0.841219
99	139	1.02286
99	154	1.15656
99	160	1.03018
99	170	1.65546
99	179	1.19449
99	180	1.62261
100	26	0.898932
100	40	0.915857
100	71	0.999455
100	79	0.943874
100	80	0.941767
100	95	0.911403
100	101	0.959027
100	110	0.928358
100	121	0.920653
100	124	0.953511
100	127	0.960984
100	132	0.935147
100	136	0.948248
100	138	0.932279
100	140	0.962378
100	141	0.945652
100	143	0.959587
100	146	1.23862
100	147	0.964468
100	155	1.00592
100	163	1.7417
100	167	1.81228
100	179	1.4467
101	19	0.924931
101	55	0.982842
101	77	0.961474
101	79	1.01641
101	90	0.822751
101	100	0.959027
101	110	1.0009
101	112	0.914317
101	118	1.14017
101	121	0.993191
101	122	1.04012
101	124	1.02605
101	127	1.03352
101	132	1.00768
101	136	1.02079
101	138	1.00482
101	140	1.03492
101	141	1.01819
101	147	1.03701
101	151	0.999183
101	161	1.16971
101	177	1.63505
101	179	1.4148
102	8	1.10235
102	15	1.06112
102	28	1.13217
102	32	1.02513
102	42	1.10019
102	48	1.09815
102	53	1.0372
102	56	1.03557
102	60	1.02503
102	71	1.0973
102	73	1.12076
102	87	1.00389
102	91	1.00035
102	92	1.05948
102	145	0.733099
102	151	1.02449
102	153	0.675471
102	154	1.12878
102	157	1.29812
102	159	1.18441
102	163	0.954613
102	166	1.02372
102	179	1.16671
102	180	1.59484
103	18	0.835838
103	24	1.01233
103	29	0.94305
103	36	1.36111
103	38	1.00754
103	41	0.969102
103	45	1.07972
103	53	1.03711
103	54	0.806103
103	125	0.949935
103	126	1.00191
103	132	1.0294
103	138	1.02653
103	141	1.0399
103	143	1.05384
103	147	1.05872
103	149	0.780062
103	154	1.01447
103	173	0.92429
103	174	0.926991
103	175	0.942763
103	178	0.879562
103	179	0.956444
103	180	0.900055
104	68	0.76014
104	76	0.92351
104	81	0.941979
104	110	0.905347
104	119	1.02405
104	124	0.889429
104	130	0.841603
104	162	1.03331
104	164	1.12275
104	165	1.02854
104	167	0.977786
104	168	0.964937
104	169	0.996947
104	170	0.963017
104	171	0.984241
104	172	0.952653
104	173	0.981327
104	174	0.984028
104	175	0.9998
104	176	0.983122
104	177	0.97746
104	178	0.936599
104	179	1.01348
104	180	0.957092
105	5	1.06323
105	22	0.854958
105	25	1.0079
105	62	0.9849
105	64	0.994194
105	81	1.01129
105	84	1.07304
105	85	1.07556
105	97	1.03089
105	98	1.03181
105	106	1.03123
105	112	0.544352
105	115	1.05582
105	116	1.00479
105	125	1.02453
105	129	1.01154
105	130	1.01374
105	135	1.02596
105	137	1.01056
105	149	1.02325
105	157	1.17625
105	159	1.06254
105	168	1.50384
105	172	1.54104
105	177	1.26508
106	5	1.0501
106	54	1.00847
106	57	1.00345
106	62	0.97177
106	81	0.998164
106	94	1.03963
106	98	1.01868
106	105	1.03123
106	108	1.181
106	114	1.01171
106	115	1.04269
106	116	0.991659
106	120	1.08033
106	128	1.01088
106	130	1.00061
106	131	0.977174
106	135	1.01283
106	137	0.997433
106	139	1.14376
106	144	0.950548
106	145	0.931128
106	149	1.01012
106	151	0.992451
106	154	1.32681
106	157	1.49615
106	171	1.62167
107	10	0.923068
107	17	0.940776
107	18	1.00602
107	19	0.903997
107	27	0.972421
107	30	0.96247
107	51	0.981158
107	66	1.0908
107	67	1.03512
107	69	0.9658
107	71	1.05106
107	73	1.15542
107	75	0.936701
107	76	1.01635
107	78	1.02684
107	89	1.0289
107	93	1.02426
107	96	1.00747
107	99	1.00243
107	118	0.926733
107	139	1.01012
107	161	0.956274
107	163	1.49637
107	164	0.902338
107	166	1.06858
107	177	1.42161
107	178	1.88834
108	47	1.30887
108	71	1.14896
108	72	0.351275
108	97	1.25935
108	106	1.181
108	121	1.4185
108	147	0.958021
108	152	1.12096
108	159	0.973301
108	161	1.04403
108	162	0.971613
108	164	1.06105
108	165	0.966844
108	167	0.916086
108	168	0.903237
108	169	0.935246
108	170	0.901317
108	171	0.922541
108	172	0.890952
108	173	0.919627
108	174	0.922328
108	175	0.9381
108	176	0.921421
108	177	0.91576
108	178	0.874899
108	179	0.951781
108	180	0.895392
109	53	1.06575
109	62	1.22726
109	83	0.981669
109	84	0.782087
109	85	0.902536
109	98	1.04151
109	130	0.96922
109	136	0.940556
109	159	1.01365
109	160	1.05115
109	161	1.08438
109	162	1.01196
109	164	1.1014
109	165	1.00719
109	167	0.956436
109	168	0.943587
109	169	0.975596
109	170	0.941667
109	171	0.962891
109	172	0.931302
109	173	0.959977
109	174	0.962678
109	175	0.97845
109	176	0.961771
109	177	0.95611
109	178	0.915249
109	179	0.992131
109	180	0.935742
110	19	0.894263
110	20	0.987839
110	26	0.829325
110	58	0.97358
110	65	1.03446
110	77	0.930805
110	95	0.953272
110	100	0.928358
110	101	1.0009
110	104	0.905347
110	118	1.10245
110	119	0.9576
110	121	0.962522
110	122	1.00945
110	124	0.995381
110	127	1.00285
110	132	0.977016
110	136	0.990117
110	138	0.974148
110	140	1.00425
110	141	0.987521
110	143	1.00146
110	145	0.943477
110	147	1.00634
110	160	1.21279
110	165	1.36881
110	172	1.87329
110	177	1.59733
111	6	0.994703
111	32	1.2798
111	56	1.08556
111	74	0.839184
111	79	1.12227
111	81	1.01924
111	97	1.04861
111	132	0.903687
111	135	0.954864
111	159	0.998916
111	160	1.03641
111	161	1.06965
111	162	0.997228
111	164	1.08667
111	165	0.992459
111	167	0.941701
111	168	0.928852
111	169	0.960861
111	170	0.926932
111	171	0.948156
111	172	0.916567
111	173	0.945242
111	174	0.947942
111	175	0.963714
111	176	0.947036
111	177	0.941375
111	178	0.900513
111	179	0.977395
111	180	0.921006
112	1	1.11301
112	11	1.00275
112	16	1.08616
112	24	1.03455
112	29	1.03502
112	36	1.23339
112	41	0.991321
112	45	1.10194
112	47	1.00244
112	49	1.08758
112	61	1.10995
112	74	0.733183
112	101	0.914317
112	105	0.544352
112	119	1.0322
112	121	1.10176
112	125	0.822217
112	127	0.730415
112	139	1.07499
112	140	0.688379
112	151	0.73432
112	166	1.04235
112	174	0.949209
112	175	0.964981
112	176	0.948303
112	177	0.942642
112	178	0.90178
112	179	0.978662
112	180	0.922273
113	11	1.40119
113	13	1.58723
113	48	1.20947
113	51	1.20196
113	89	1.17557
113	93	1.14294
113	94	0.981677
113	96	1.28165
113	115	0.984731
113	116	0.933701
113	121	0.928501
113	122	0.97543
113	125	0.953443
113	130	0.94265
113	137	0.939475
113	140	0.970226
113	141	0.9535
113	143	0.967435
113	147	0.972316
113	149	0.952163
113	151	0.934494
113	154	0.928063
113	165	0.885103
113	169	0.853505
113	171	0.8408
113	172	0.809211
113	176	0.83968
113	178	0.793157
113	179	0.870039
113	180	0.81365
114	25	0.988387
114	59	0.996236
114	62	0.965383
114	81	0.991777
114	82	0.904203
114	84	1.05352
114	85	1.05605
114	86	0.985454
114	97	1.01137
114	106	1.01171
114	115	1.0363
114	116	0.985272
114	125	1.00501
114	128	1.0045
114	129	0.992021
114	130	0.994221
114	133	0.984473
114	135	1.00644
114	137	0.991045
114	149	1.00373
114	151	0.986064
114	159	1.21152
114	160	1.02952
114	163	0.916191
114	164	0.894788
114	165	1.18554
114	171	1.45075
114	173	1.51059
114	174	1.45177
114	175	1.32882
115	5	1.07469
115	54	1.03306
115	57	1.02803
115	59	1.02721
115	64	1.10253
115	70	0.806256
115	81	1.02275
115	83	1.03032
115	86	1.01643
115	88	1.04371
115	94	1.06422
115	105	1.05582
115	106	1.04269
115	113	0.984731
115	114	1.0363
115	116	1.01625
115	125	1.03599
115	126	1.01892
115	128	1.03547
115	129	1.023
115	133	1.01545
115	134	1.2484
115	135	1.03742
115	137	1.02202
115	142	1.25964
115	149	1.03471
115	150	0.832953
115	162	1.19617
115	164	0.854141
115	172	1.64937
115	176	1.31684
116	9	1.03887
116	54	0.982032
116	57	0.977005
116	59	0.976181
116	68	0.958209
116	83	0.979289
116	84	1.03346
116	85	1.03599
116	86	0.965399
116	97	0.991318
116	105	1.00479
116	106	0.991659
116	113	0.933701
116	114	0.985272
116	115	1.01625
116	128	0.984441
116	129	0.971966
116	130	0.974166
116	133	0.964418
116	137	0.970991
116	144	0.981987
116	149	0.983679
116	151	0.966009
116	152	0.918419
116	156	1.27863
116	161	1.15108
116	164	1.09715
116	166	1.26339
116	169	1.62589
116	174	1.65413
116	175	1.53118
117	21	0.9005
117	24	1.09128
117	27	1.10608
117	65	1.05563
117	86	1.27243
117	94	0.92613
117	125	1.07274
117	138	1.06652
117	151	0.984848
117	157	0.966675
117	158	0.990822
117	159	0.975206
117	160	1.0127
117	161	1.04594
117	162	0.973517
117	164	1.06296
117	165	0.968749
117	167	0.917991
117	168	0.905142
117	169	0.937151
117	170	0.903222
117	171	0.924446
117	172	0.892857
117	173	0.921532
117	174	0.924232
117	175	0.940004
117	176	0.923326
117	177	0.917665
117	178	0.876803
117	179	0.953685
117	180	0.897296
118	17	0.981381
118	40	1.09649
118	50	0.876528
118	81	1.13909
118	101	1.14017
118	107	0.926733
118	110	1.10245
118	119	1.22115
118	133	1.01202
118	143	0.951199
118	158	0.991536
118	159	0.97592
118	160	1.01342
118	161	1.04665
118	162	0.974232
118	164	1.06367
118	165	0.969463
118	167	0.918705
118	168	0.905856
118	169	0.937865
118	170	0.903936
118	171	0.92516
118	172	0.893571
118	173	0.922246
118	174	0.924947
118	175	0.940719
118	176	0.92404
118	177	0.918379
118	178	0.877518
118	179	0.9544
118	180	0.898011
119	7	1.02028
119	24	0.94732
119	35	0.968247
119	37	0.962002
119	38	0.942526
119	39	0.956543
119	41	0.904091
119	43	0.936068
119	44	0.934168
119	45	1.01471
119	72	1.03498
119	74	1.00672
119	80	0.971009
119	83	0.969166
119	90	1.04789
119	91	0.931747
119	104	1.02405
119	110	0.9576
119	112	1.0322
119	118	1.22115
119	121	0.949894
119	123	1.14252
119	136	0.977489
119	138	0.96152
119	139	0.987762
119	140	0.99162
119	144	1.0816
119	147	0.99371
119	152	1.01803
119	156	1.37824
119	159	1.51349
119	176	1.65946
120	7	1.09014
120	48	0.892466
120	74	0.949259
120	92	0.859615
120	95	1.1919
120	98	1.10123
120	106	1.08033
120	140	0.904455
120	143	0.941426
120	151	0.950396
120	157	0.989873
120	158	1.01402
120	159	0.998404
120	160	1.0359
120	161	1.06914
120	162	0.996715
120	164	1.08615
120	165	0.991947
120	167	0.941189
120	168	0.928339
120	169	0.960349
120	170	0.92642
120	171	0.947644
120	172	0.916055
120	173	0.94473
120	174	0.94743
120	175	0.963202
120	176	0.946524
120	177	0.940863
120	178	0.900001
120	179	0.976883
120	180	0.920494
121	20	0.980133
121	31	0.951519
121	40	0.950021
121	46	1.18118
121	65	1.02676
121	67	1.01768
121	77	0.9231
121	90	1.01019
121	95	0.945567
121	100	0.920653
121	101	0.993191
121	108	1.4185
121	110	0.962522
121	112	1.10176
121	113	0.928501
121	119	0.949894
121	122	1.00175
121	124	0.987675
121	127	0.995148
121	132	0.969311
121	136	0.982411
121	138	0.966443
121	140	0.996542
121	141	0.979816
121	143	0.993751
121	145	1.16863
121	147	0.998632
121	150	1.28202
121	151	0.960809
121	152	1.12448
121	155	1.16146
121	161	1.35715
122	20	1.02706
122	23	1.02482
122	26	0.791392
122	31	0.998449
122	40	0.996951
122	63	1.17524
122	64	0.958968
122	65	1.07369
122	77	0.970029
122	79	1.02497
122	80	1.02286
122	101	1.04012
122	110	1.00945
122	113	0.97543
122	121	1.00175
122	127	1.04208
122	131	1.20976
122	132	1.01624
122	136	1.02934
122	138	1.01337
122	140	1.04347
122	141	1.02675
122	142	1.44562
122	143	1.04068
122	147	1.04556
122	151	1.00774
122	152	0.861397
122	153	0.847916
122	155	0.898375
122	164	1.04013
122	167	1.70474
122	169	1.56887
123	19	1.4114
123	28	0.512462
123	32	1.32101
123	42	0.400698
123	43	0.840427
123	52	1.09671
123	99	0.841219
123	119	1.14252
123	129	1.02375
123	149	0.799561
123	156	1.06067
123	157	1.02277
123	158	1.04692
123	159	1.0313
123	160	1.0688
123	161	1.10203
123	162	1.02961
123	164	1.11905
123	165	1.02484
123	167	0.974086
123	168	0.961237
123	169	0.993247
123	170	0.959317
123	171	0.980541
123	172	0.948953
123	173	0.977627
123	174	0.980328
123	175	0.9961
123	176	0.979422
123	177	0.97376
123	178	0.932899
123	179	1.00978
123	180	0.953392
124	20	1.01299
124	23	1.01075
124	40	0.98288
124	58	0.998733
124	65	1.05961
124	66	0.723788
124	77	0.955958
124	79	1.0109
124	80	1.00879
124	91	0.969528
124	95	0.978425
124	100	0.953511
124	101	1.02605
124	104	0.889429
124	110	0.995381
124	121	0.987675
124	127	1.02801
124	132	1.00217
124	135	0.301355
124	136	1.01527
124	138	0.999301
124	140	1.0294
124	141	1.01267
124	143	1.02661
124	146	1.15309
124	147	1.03149
124	148	1.15944
124	150	1.04095
124	151	0.993668
124	165	1.35289
124	173	1.67794
124	174	1.61912
124	175	1.49617
125	2	0.928102
125	9	1.05861
125	14	0.713333
125	25	0.988074
125	57	0.996747
125	62	0.96507
125	68	0.977951
125	82	1.03309
125	85	1.05573
125	88	1.01242
125	90	1.07776
125	94	1.03293
125	98	1.01198
125	103	0.949935
125	105	1.02453
125	112	0.822217
125	113	0.953443
125	114	1.00501
125	115	1.03599
125	117	1.07274
125	128	1.00418
125	129	0.991708
125	130	0.993908
125	133	0.98416
125	135	1.00613
125	137	0.990733
125	139	1.10173
125	142	1.42917
125	149	1.00342
125	151	0.985751
125	154	1.28478
125	163	0.915878
125	177	1.54295
126	1	1.01771
126	11	0.907446
126	13	0.912133
126	16	0.990855
126	19	1.63042
126	23	1.335
126	24	0.939244
126	29	0.939719
126	38	0.93445
126	41	0.896015
126	45	1.00663
126	47	0.907131
126	48	1.04263
126	49	0.992274
126	61	1.01465
126	87	1.05721
126	90	1.03982
126	93	0.976098
126	103	1.00191
126	115	1.01892
126	127	1.09665
126	129	1.24277
126	139	0.979686
126	159	0.904877
126	165	0.89842
126	166	0.947047
126	172	0.822528
126	173	0.851203
126	176	0.852997
126	177	0.847336
126	178	0.806475
126	179	0.883357
126	180	0.826968
127	14	0.621531
127	20	1.02046
127	50	0.858815
127	58	1.00621
127	77	0.963431
127	79	1.01837
127	80	1.01626
127	83	1.01442
127	91	0.977
127	95	0.985898
127	100	0.960984
127	101	1.03352
127	110	1.00285
127	112	0.730415
127	121	0.995148
127	122	1.04208
127	124	1.02801
127	126	1.09665
127	132	1.00964
127	136	1.02274
127	138	1.00677
127	140	1.03687
127	141	1.02015
127	142	1.33736
127	143	1.03408
127	146	1.02282
127	147	1.03896
127	151	1.00114
127	153	0.73966
127	163	1.5259
127	166	1.09811
127	173	1.54767
127	178	1.91787
128	25	0.987556
128	54	1.00126
128	55	0.683487
128	59	0.995406
128	62	0.964553
128	68	0.977433
128	84	1.05269
128	85	1.05521
128	86	0.984623
128	90	1.07724
128	94	1.03242
128	97	1.01054
128	98	1.01146
128	106	1.01088
128	114	1.0045
128	115	1.03547
128	116	0.984441
128	125	1.00418
128	129	0.99119
128	133	0.983642
128	135	1.00561
128	137	0.990215
128	139	0.894471
128	149	1.0029
128	154	1.07752
128	156	0.9979
128	159	1.13315
128	163	0.915361
128	167	1.48103
128	170	1.57642
128	172	1.61165
128	174	1.37339
128	176	1.27912
129	5	1.03041
129	50	0.830433
129	62	0.952078
129	68	0.964958
129	70	1.0301
129	81	0.978472
129	84	1.04021
129	85	1.04274
129	86	0.972149
129	88	0.999432
129	90	1.06476
129	94	1.01994
129	97	0.998067
129	98	0.998986
129	105	1.01154
129	114	0.992021
129	115	1.023
129	116	0.971966
129	123	1.02375
129	125	0.991708
129	126	1.24277
129	128	0.99119
129	130	0.980916
129	133	0.971167
129	135	0.993135
129	137	0.97774
129	146	1.16893
129	148	1.17529
129	149	0.990429
129	155	0.936234
129	164	1.07798
129	165	1.36874
129	175	1.51201
129	179	1.37702
130	9	1.04782
130	25	0.977282
130	54	0.990981
130	59	0.985131
130	62	0.954278
130	67	1.03183
130	68	0.967158
130	81	0.980672
130	85	1.04494
130	86	0.974349
130	94	1.02214
130	98	1.00119
130	104	0.841603
130	105	1.01374
130	106	1.00061
130	109	0.96922
130	113	0.94265
130	114	0.994221
130	116	0.974166
130	125	0.993908
130	129	0.980916
130	133	0.973367
130	135	0.995335
130	137	0.97994
130	145	0.879732
130	149	0.992629
130	150	0.993126
130	151	0.974959
130	162	1.35634
130	165	1.30507
130	166	1.18055
130	168	1.77234
130	169	1.54306
130	179	1.31335
131	1	1.30293
131	4	0.898235
131	20	1.00248
131	33	1.07611
131	37	0.957639
131	39	0.95218
131	43	0.931706
131	44	0.929806
131	59	0.961696
131	68	0.943724
131	69	1.12947
131	72	1.03062
131	74	1.00236
131	76	1.26586
131	94	0.998708
131	98	0.977751
131	106	0.977174
131	122	1.20976
131	133	0.949933
131	136	1.15528
131	143	1.09644
131	147	1.01237
131	151	0.951524
131	159	0.908591
131	163	0.881651
131	169	0.870536
131	171	0.857831
131	172	0.826242
131	175	0.873389
131	177	0.85105
131	178	0.810188
131	179	0.88707
131	180	0.830681
132	23	0.992389
132	31	0.966013
132	34	1.17615
132	58	0.980368
132	65	1.04125
132	77	0.937594
132	79	0.992531
132	80	0.990425
132	92	1.0103
132	95	0.960061
132	100	0.935147
132	101	1.00768
132	103	1.0294
132	110	0.977016
132	111	0.903687
132	121	0.969311
132	122	1.01624
132	124	1.00217
132	127	1.00964
132	136	0.996905
132	138	0.980937
132	139	1.0772
132	140	1.01104
132	141	0.99431
132	143	1.00824
132	147	1.01313
132	150	0.977953
132	151	0.975303
132	156	1.18063
