1	43	1.00886
1	45	1.01844
1	78	0.997021
1	80	1.06564
1	95	1.08497
1	123	1.00776
1	165	1.01731
1	167	0.925008
1	170	0.928803
1	173	1.00896
1	175	0.981917
1	180	0.960595
2	38	1.04283
2	70	0.984722
2	76	1.02785
2	100	1.01688
2	113	0.981166
2	119	0.947843
2	122	1.04521
2	156	0.917717
2	157	0.90039
2	171	1.06003
2	179	1.03443
2	180	1.03443
3	47	1.04905
3	64	0.964087
3	69	1.05506
3	77	0.984143
3	100	1.01411
3	113	0.978395
3	118	0.975487
3	126	1.07912
3	143	0.912873
3	148	1.06018
3	163	0.965319
3	175	0.970331
4	32	0.847437
4	58	0.865999
4	71	0.938521
4	81	0.950948
4	83	0.913276
4	89	0.914237
4	97	1.13971
4	138	0.879944
4	150	1.25867
4	151	1.21448
4	158	0.889639
4	171	1.19347
5	35	0.966347
5	55	1.11543
5	57	0.989346
5	69	1.06034
5	77	0.966709
5	100	1.0194
5	113	0.983678
5	128	1.04746
5	148	1.06546
5	151	0.900038
5	173	0.979936
5	179	0.908139
6	19	0.982601
6	38	1.09231
6	72	1.006
6	83	0.946886
6	94	1.09107
6	96	0.963786
6	127	1.047
6	169	1.02614
6	172	1.0142
6	173	0.910887
6	174	1.03298
6	175	0.883848
7	51	1.11167
7	104	0.918978
7	124	1.02866
7	128	1.01225
7	145	1.04126
7	157	1.03324
7	161	1.04004
7	162	1.0102
7	164	0.915206
7	171	0.919452
7	174	1.03435
7	177	0.939561
8	22	1.03348
8	60	0.83746
8	121	1.0133
8	124	0.969767
8	154	0.938746
8	168	1.03365
8	170	1.03231
8	176	1.03404
8	177	1.03281
8	178	1.02452
8	179	1.02134
8	180	1.02134
9	11	1.15495
9	119	0.873973
9	128	0.88497
9	129	0.927899
9	134	1.23074
9	137	1.18754
9	145	0.913982
9	156	0.897523
9	157	0.905967
9	161	0.912759
9	162	0.882928
9	177	1.23336
10	115	1.06212
10	121	1.0083
10	130	1.00159
10	131	1.03748
10	133	0.994333
10	134	0.94518
10	150	0.992895
10	158	1.02863
10	169	1.0379
10	171	0.927695
10	175	1.02398
10	177	0.947804
11	9	1.15495
11	102	0.903929
11	121	0.964384
11	148	0.843425
11	158	0.928399
11	159	1.03537
11	163	1.01615
11	176	1.03693
11	177	1.0357
11	178	1.02741
11	179	1.02423
11	180	1.02423
12	75	1.19073
12	79	1.26951
12	106	1.13375
12	144	1.19903
12	167	0.90071
12	168	0.902955
12	170	0.901615
12	171	0.91625
12	176	0.90335
12	178	0.89383
12	179	0.890646
12	180	0.890646
13	30	1.13165
13	46	1.17837
13	115	0.925265
13	130	0.864737
13	131	0.900621
13	136	0.904961
13	141	0.911085
13	157	1.25386
13	162	1.23076
13	176	0.906247
13	179	0.893542
13	180	0.893542
14	15	1.06759
14	38	0.98922
14	121	1.01509
14	130	1.00838
14	131	1.04426
14	145	1.01234
14	169	1.04468
14	173	0.998623
14	175	1.03076
14	178	0.9145
14	179	0.926826
14	180	0.950261
15	14	1.06759
15	33	0.842618
15	114	0.909387
15	115	1.05037
15	130	0.989842
15	131	1.02573
15	142	1.0281
15	156	1.06631
15	168	0.944801
15	169	1.02615
15	172	1.03934
15	175	1.01222
16	29	0.949196
16	46	0.862857
16	94	0.95118
16	125	0.874086
16	127	0.907109
16	140	1.2376
16	154	0.888175
16	167	1.16557
16	172	0.874313
16	174	0.893084
16	175	1.22248
16	179	1.17772
17	19	0.894401
17	43	0.871567
17	64	0.967706
17	72	0.823325
17	85	0.797601
17	128	1.10401
17	141	1.12933
17	158	0.835488
17	162	1.10197
17	174	1.12612
17	178	1.11498
17	179	1.11179
17	180	1.11179
18	25	0.944167
18	51	0.925557
18	88	0.969804
18	103	0.975762
18	110	1.01183
18	120	1.0012
18	136	0.977694
18	139	1.02783
18	140	0.985932
18	141	0.983817
18	150	1.08718
18	171	1.02198
18	175	1.09585
19	6	0.982601
19	17	0.894401
19	30	1.02218
19	62	1.0542
19	94	1.02462
19	127	0.980548
19	138	0.940736
19	144	0.939948
19	153	1.09369
19	154	0.961614
19	155	1.08969
19	172	0.947752
19	179	1.07473
20	85	1.10945
20	90	0.971523
20	129	0.995713
20	143	1.00925
20	146	0.975693
20	156	0.965337
20	157	0.973781
20	159	1.01525
20	161	0.980573
20	162	0.950743
20	163	1.0617
20	167	1.0098
20	173	0.986638
21	88	0.959928
21	102	0.998472
21	118	1.05896
21	120	0.991321
21	139	0.985779
21	140	0.976057
21	141	0.973942
21	142	0.965848
21	172	0.951957
21	173	0.982475
21	174	1.09789
21	175	1.0538
21	179	1.00904
22	8	1.03348
22	28	0.968349
22	32	0.925279
22	54	0.934182
22	58	0.943841
22	71	1.01636
22	81	1.02879
22	83	0.991118
22	89	0.992079
22	103	0.99665
22	164	1.03863
22	169	1.07434
22	170	1.06362
23	35	1.20632
23	107	0.963665
23	120	0.995451
23	136	0.971948
23	140	0.980186
23	141	0.978072
23	164	0.972972
23	165	0.967985
23	172	0.956087
23	173	0.986605
23	176	1.00126
23	178	0.994
23	180	1.02976
24	56	1.04137
24	111	1.00589
24	128	0.949544
24	129	0.992472
24	132	0.961658
24	145	0.978555
24	146	0.972453
24	154	1.10639
24	156	0.962096
24	161	0.977333
24	166	1.04253
24	167	1.00742
24	178	1.00725
25	18	0.944167
25	88	0.96966
25	102	1.0082
25	107	0.969267
25	136	0.97755
25	140	0.985788
25	141	0.983674
25	160	1.0279
25	166	1.04877
25	168	1.03242
25	169	1.02817
25	172	0.961689
25	175	1.07057
26	45	0.95164
26	53	1.09613
26	75	1.11992
26	97	0.77549
26	115	1.14904
26	121	1.09523
26	130	1.08851
26	131	1.1244
26	133	0.895889
26	142	1.12677
26	149	0.887872
26	167	0.846208
26	170	0.850004
27	46	1.09961
27	99	1.08668
27	118	0.881748
27	125	1.11084
27	127	1.14386
27	133	0.869362
27	154	1.12493
27	161	0.927555
27	169	1.12301
27	172	1.11107
27	175	0.876591
27	178	0.819508
27	179	0.831833
28	22	0.968349
28	54	0.952283
28	58	0.961941
28	59	0.951529
28	73	1.04452
28	83	1.00922
28	126	1.00457
28	134	1.02975
28	138	0.975886
28	152	0.995213
28	158	0.985581
28	160	1.04345
28	175	1.08613
29	16	0.949196
29	46	1.04278
29	94	1.13111
29	99	1.02986
29	109	1.05958
29	125	1.05401
29	127	1.08703
29	133	0.959438
29	144	1.04643
29	147	0.938363
29	166	0.944866
29	168	0.928514
29	171	0.8928
29	180	0.945344
30	13	1.13165
30	19	1.02218
30	46	1.04233
30	99	1.0294
30	109	1.05913
30	112	1.03425
30	120	0.919786
30	125	1.05356
30	127	1.08658
30	152	0.895046
30	168	0.885608
30	174	1.07256
30	177	0.870003
30	180	0.902438
31	65	0.790958
31	86	1.10324
31	92	1.02709
31	96	0.942718
31	103	0.990631
31	116	0.936915
31	117	0.936915
31	122	0.946589
31	165	0.94326
31	166	1.144
31	167	1.10889
31	172	1.22219
31	173	0.96188
31	174	0.950134
32	4	0.847437
32	22	0.925279
32	54	0.909213
32	59	0.908459
32	71	0.991394
32	83	0.966149
32	89	0.967109
32	126	1.06407
32	130	1.25778
32	138	0.932817
32	139	1.0776
32	147	1.11732
32	152	0.952144
32	167	1.08872
33	15	0.842618
33	38	1.04808
33	39	1.03733
33	80	0.820055
33	102	0.89577
33	138	0.94879
33	151	1.04526
33	164	1.06131
33	167	1.05067
33	170	1.05157
33	171	1.06621
33	178	1.04379
33	179	1.0406
33	180	1.0406
34	37	1.07748
34	40	0.867806
34	43	0.931483
34	45	0.941063
34	63	0.862332
34	73	1.11583
34	78	0.919641
34	80	0.988263
34	95	1.00759
34	149	1.14219
34	154	0.941895
34	165	0.93993
34	175	1.15744
34	179	1.11268
35	5	0.966347
35	23	1.20632
35	37	1.00031
35	47	0.935039
35	64	0.850076
35	100	0.900103
35	103	0.972473
35	113	0.864384
35	114	1.06161
35	126	0.965105
35	133	1.12795
35	148	0.946166
35	150	1.12651
35	159	1.08372
36	38	0.890194
36	52	0.92547
36	53	0.916972
36	75	0.940765
36	85	0.963673
36	103	1.02823
36	115	0.969883
36	121	0.916067
36	131	0.945239
36	133	1.14109
36	144	1.21047
36	147	1.12002
36	160	1.10564
36	175	0.931737
37	34	1.07748
37	35	1.00031
37	47	1.08829
37	57	1.02331
37	64	1.00333
37	69	1.0943
37	100	1.05336
37	102	0.956149
37	111	1.11946
37	112	0.905856
37	113	1.01764
37	150	0.891324
37	163	0.894979
37	180	0.878667
38	2	1.04283
38	6	1.09231
38	14	0.98922
38	33	1.04808
38	36	0.890194
38	50	1.15055
38	53	0.919086
38	75	0.942878
38	89	1.26615
38	121	0.91818
38	130	0.911468
38	131	0.947352
38	169	0.947771
38	175	0.933851
39	33	1.03733
39	105	0.908399
39	119	0.913026
39	128	0.924023
39	145	0.953034
39	152	1.14895
39	156	0.936575
39	157	0.945019
39	159	1.1262
39	161	0.951811
39	162	0.921981
39	163	1.17265
39	174	0.946131
39	178	1.12058
40	34	0.867806
40	60	1.0077
40	63	0.853429
40	78	0.910737
40	80	0.97936
40	91	1.2079
40	95	0.998682
40	133	0.918274
40	154	0.932991
40	165	0.931027
40	171	1.05432
40	173	1.15523
40	176	1.07837
40	180	1.10687
41	105	0.904493
41	128	0.920117
41	129	0.963045
41	142	1.12048
41	145	0.949128
41	151	1.12452
41	156	0.932669
41	157	0.941113
41	161	0.947905
41	162	0.918075
41	164	1.09926
41	168	1.13922
41	170	1.12426
41	172	0.923454
42	67	1.02702
42	76	0.977287
42	96	0.99078
42	106	1.03218
42	116	0.984976
42	117	0.984976
42	122	0.994651
42	133	1.01449
42	164	0.943606
42	172	1.0781
42	173	1.00994
42	174	0.998195
42	175	1.02172
42	176	0.971896
42	179	0.97696
43	1	1.00886
43	17	0.871567
43	34	0.931483
43	60	1.07137
43	63	0.917105
43	78	0.974414
43	80	1.04304
43	95	1.06236
43	111	0.949148
43	152	1.06794
43	154	0.996667
43	160	1.05397
43	164	1.01854
43	165	0.994703
43	176	1.04683
44	52	1.10213
44	102	1.06028
44	111	1.04096
44	119	0.973624
44	124	1.00103
44	132	0.996735
44	146	1.00753
44	151	0.951266
44	152	0.975411
44	156	0.997173
44	161	1.01241
44	162	0.982579
44	172	0.987957
44	176	0.954303
44	179	0.959367
45	1	1.01844
45	26	0.95164
45	34	0.941063
45	61	1.11976
45	63	0.926685
45	73	0.986862
45	78	0.983994
45	80	1.05262
45	95	1.07194
45	123	0.99473
45	147	1.00016
45	154	1.00625
45	165	1.00428
45	170	0.975354
45	178	0.971384
46	13	1.17837
46	16	0.862857
46	27	1.09961
46	29	1.04278
46	30	1.04233
46	56	0.947527
46	94	1.04477
46	101	0.989282
46	109	0.973241
46	165	1.02711
46	169	0.979839
46	172	0.9679
46	174	0.986671
46	178	0.913401
46	180	0.949162
47	3	1.04905
47	35	0.935039
47	37	1.08829
47	55	1.08412
47	57	0.958038
47	64	0.938061
47	100	0.988089
47	104	0.969647
47	108	1.00694
47	113	0.95237
47	139	0.975965
47	149	1.02874
47	150	1.03532
47	168	1.00583
47	176	0.994165
48	52	0.889914
48	53	0.881416
48	75	0.905209
48	85	0.928117
48	114	1.14588
48	115	0.934327
48	121	0.880511
48	130	0.873799
48	131	0.909683
48	151	1.16658
48	154	1.2615
48	158	0.900841
48	162	1.26237
48	175	0.896182
48	177	1.16569
49	92	0.93
49	105	0.974053
49	128	0.989677
49	132	1.00179
49	142	1.01182
49	143	1.01125
49	146	1.01259
49	156	1.00223
49	161	1.01747
49	162	0.987635
49	164	0.9906
49	166	1.04691
49	173	1.02353
49	175	0.991033
49	176	1.01889
50	38	1.15055
50	59	1.05075
50	63	1.14457
50	102	0.99824
50	105	1.05294
50	109	0.995302
50	155	0.947869
50	163	0.94759
50	166	0.951846
50	167	0.965731
50	171	0.981271
50	176	0.968371
50	177	0.967139
50	178	0.958851
50	179	0.955667
50	180	0.955667
51	7	1.11167
51	18	0.925557
51	61	0.901467
51	101	1.11709
51	102	0.989594
51	110	0.99308
51	120	0.982444
51	136	0.95894
51	140	0.967179
51	141	0.965064
51	169	1.05589
51	171	1.02443
51	172	0.943079
51	173	0.973597
51	177	1.04454
51	179	1.05354
52	36	0.92547
52	44	1.10213
52	48	0.889914
52	75	0.978154
52	86	1.01539
52	115	1.00727
52	121	0.953456
52	123	0.973451
52	130	0.946744
52	131	0.982628
52	150	1.06929
52	158	0.973786
52	166	1.05615
52	172	1.13434
52	175	0.969126
52	176	1.02813
53	26	1.09613
53	36	0.916972
53	38	0.919086
53	48	0.881416
53	75	0.969657
53	104	1.03645
53	115	0.998775
53	121	0.944958
53	130	0.938246
53	131	0.97413
53	150	1.10213
53	175	0.960629
53	176	1.06097
53	178	1.05371
53	179	1.06604
53	180	1.08947
54	22	0.934182
54	28	0.952283
54	32	0.909213
54	58	0.927775
54	71	1.0003
54	81	1.01272
54	83	0.975052
54	89	0.976013
54	112	1.09654
54	144	1.15283
54	152	0.961047
54	158	0.951415
54	169	1.04828
54	170	1.03756
54	177	1.03692
54	178	1.03359
55	5	1.11543
55	47	1.08412
55	57	1.01913
55	64	0.999155
55	66	0.960219
55	69	1.09013
55	108	1.06804
55	111	1.11529
55	113	1.01346
55	143	0.888252
55	148	1.09525
55	163	0.940699
55	170	0.892596
55	175	0.94571
55	177	0.891952
55	178	0.888626
56	24	1.04137
56	46	0.947527
56	65	1.39413
56	109	1.01021
56	132	1.00101
56	151	0.959092
56	155	0.946635
56	162	0.999914
56	166	0.950612
56	167	0.964497
56	168	0.966742
56	171	0.980037
56	177	0.965905
56	178	0.957617
56	179	0.954433
56	180	0.954433
57	5	0.989346
57	37	1.02331
57	47	0.958038
57	55	1.01913
57	64	0.873075
57	69	0.964049
57	101	1.08379
57	110	1.06294
57	113	0.887383
57	126	0.988105
57	144	0.928399
57	145	1.10575
57	148	0.969166
57	156	1.14835
57	171	0.99113
57	178	1.00791
58	4	0.865999
58	22	0.943841
58	28	0.961941
58	54	0.927775
58	59	0.927021
58	71	1.00996
58	74	1.10245
58	81	1.02238
58	83	0.984711
58	89	0.985671
58	103	1.00596
58	135	1.06157
58	152	0.970705
58	169	1.08364
58	171	1.05218
58	180	1.10472
59	28	0.951529
59	32	0.908459
59	50	1.05075
59	58	0.927021
59	71	0.999543
59	81	1.01197
59	83	0.974299
59	89	0.975259
59	111	0.941106
59	118	1.09377
59	138	0.940966
59	144	1.15076
59	152	0.960293
59	158	0.950661
59	162	1.13154
59	177	1.03485
60	8	0.83746
60	40	1.0077
60	43	1.07137
60	63	1.00222
60	78	1.05953
60	90	1.00865
60	93	1.08304
60	95	1.14747
60	124	0.993801
60	133	1.06707
60	134	0.864338
60	142	0.863823
60	154	1.08178
60	165	1.07982
60	174	0.964809
60	177	0.866963
61	45	1.11976
61	51	0.901467
61	82	0.979287
61	102	0.984258
61	107	0.945321
61	110	0.987744
61	118	1.07639
61	120	0.977107
61	136	0.953604
61	140	0.961842
61	141	0.959728
61	151	1.01838
61	162	1.11416
61	165	0.949641
61	179	1.02648
61	180	1.04991
62	19	1.0542
62	67	0.923187
62	93	0.958933
62	96	0.994595
62	107	0.959424
62	115	0.941987
62	160	1.0083
62	163	1.00472
62	164	1.0335
62	170	1.02376
62	171	1.0384
62	174	0.958746
62	176	1.0255
62	177	1.02426
62	178	1.01598
62	179	1.01279
62	180	1.01279
63	34	0.862332
63	40	0.853429
63	43	0.917105
63	45	0.926685
63	50	1.14457
63	60	1.00222
63	78	0.905264
63	80	0.973886
63	95	0.993208
63	133	0.9128
63	137	1.08286
63	154	0.927517
63	155	1.15264
63	165	0.925553
63	166	1.16064
63	170	1.12932
63	179	1.13768
64	3	0.964087
64	17	0.967706
64	35	0.850076
64	37	1.00333
64	47	0.938061
64	55	0.999155
64	57	0.873075
64	69	0.944072
64	70	1.34315
64	92	1.05408
64	100	0.903126
64	113	0.867407
64	142	1.1359
64	144	0.908423
64	147	1.16449
64	148	0.949189
64	170	1.13968
65	31	0.790958
65	56	1.39413
65	67	0.886544
65	76	0.836814
65	91	0.822453
65	96	0.850307
65	106	0.891702
65	111	1.26958
65	116	0.844503
65	117	0.844503
65	118	1.42224
65	122	0.854177
65	134	1.36071
65	165	0.850849
65	173	0.869468
65	174	0.857722
65	178	1.36
66	55	0.960219
66	109	1.04768
66	119	0.991744
66	124	1.01915
66	145	1.03175
66	146	1.02565
66	156	1.01529
66	157	1.02374
66	159	0.942997
66	161	1.03053
66	162	1.0007
66	163	0.989444
66	166	0.972655
66	169	0.952054
66	173	1.0366
66	174	1.02485
66	177	0.940698
67	42	1.02702
67	62	0.923187
67	65	0.886544
67	76	1.02481
67	91	1.01045
67	116	1.0325
67	117	1.0325
67	122	1.04218
67	133	0.981247
67	149	0.97323
67	154	1.04081
67	160	0.945798
67	168	0.950324
67	172	1.04486
67	173	1.05747
67	174	1.04572
67	175	0.988476
68	72	1.16542
68	107	1.14172
68	120	1.09298
68	125	1.10525
68	132	1.14098
68	146	1.14541
68	159	0.932229
68	160	0.916598
68	163	0.913012
68	164	0.941795
68	166	0.917267
68	168	0.933397
68	171	0.946692
68	177	0.93256
68	178	0.924272
68	179	0.921088
68	180	0.921088
69	3	1.05506
69	5	1.06034
69	37	1.0943
69	55	1.09013
69	57	0.964049
69	64	0.944072
69	100	0.9941
69	113	0.958381
69	142	0.942911
69	144	0.999397
69	148	1.04016
69	150	0.991141
69	163	0.994797
69	169	0.957407
69	175	0.999808
69	177	0.94605
69	180	0.978485
70	2	0.984722
70	64	1.34315
70	73	1.0887
70	84	0.930284
70	90	0.927982
70	112	1.13617
70	132	0.921358
70	145	0.938255
70	146	0.932153
70	148	1.12596
70	156	0.921796
70	157	0.93024
70	161	0.937032
70	162	0.907202
70	163	1.1253
70	173	0.943098
70	175	0.9106
71	4	0.938521
71	22	1.01636
71	32	0.991394
71	54	1.0003
71	58	1.00996
71	59	0.999543
71	81	1.0949
71	83	1.05723
71	89	1.05819
71	108	1.03013
71	133	0.991733
71	137	0.899384
71	147	0.970658
71	158	1.0336
71	163	0.993951
71	166	0.977161
71	170	0.945848
72	6	1.006
72	17	0.823325
72	68	1.16542
72	93	0.986267
72	99	0.946771
72	104	0.974072
72	105	1.15927
72	109	0.976495
72	112	0.951622
72	125	0.970926
72	126	1.02305
72	127	1.00395
72	150	1.03975
72	158	0.973833
72	172	0.971154
72	174	0.989925
72	175	1.04841
72	177	0.994655
73	28	1.04452
73	34	1.11583
73	45	0.986862
73	70	1.0887
73	110	0.93628
73	117	1.02784
73	160	0.972536
73	163	0.96895
73	164	0.997733
73	165	0.994968
73	166	0.973205
73	167	0.987091
73	170	0.987995
73	176	0.989731
73	177	0.988498
73	178	0.98021
73	179	0.977026
73	180	0.977026
74	58	1.10245
74	82	0.963099
74	122	1.00412
74	123	1.01909
74	138	1.06553
74	147	0.964019
74	157	1.02237
74	163	0.969228
74	165	1.01297
74	166	0.973484
74	167	0.987369
74	168	0.989614
74	170	0.988273
74	171	1.00291
74	176	0.990009
74	178	0.980488
74	179	0.977304
74	180	0.977304
75	12	1.19073
75	26	1.11992
75	36	0.940765
75	38	0.942878
75	48	0.905209
75	52	0.978154
75	53	0.969657
75	85	1.01636
75	88	1.07556
75	92	0.895082
75	104	0.959454
75	121	0.968751
75	130	0.962039
75	131	0.997923
75	150	1.02513
75	169	0.998342
75	174	1.07788
75	177	0.980037
76	2	1.02785
76	42	0.977287
76	65	0.836814
76	67	1.02481
76	91	0.960721
76	92	0.927292
76	96	0.988574
76	106	1.02997
76	116	0.98277
76	117	0.98277
76	120	1.06203
76	122	0.992445
76	126	0.984446
76	156	1.14936
76	169	1.0236
76	171	0.992139
76	174	0.995989
76	175	1.06601
77	3	0.984143
77	5	0.966709
77	125	1.00205
77	132	1.03778
77	138	1.10294
77	153	0.977664
77	159	0.984819
77	164	0.994386
77	165	1.05039
77	166	0.969858
77	167	0.983744
77	168	0.985988
77	170	0.984648
77	172	1.05014
77	176	0.986384
77	177	0.985151
77	179	0.973679
77	180	0.973679
78	1	0.997021
78	34	0.919641
78	40	0.910737
78	43	0.974414
78	45	0.983994
78	60	1.05953
78	63	0.905264
78	80	1.03119
78	95	1.05052
78	126	0.994232
78	147	1.04749
78	154	0.984826
78	155	1.04599
78	164	0.997679
78	165	0.982862
78	167	1.01888
78	175	1.07579
78	179	1.03103
79	12	1.26951
79	84	0.95633
79	87	1.08226
79	105	0.919666
79	124	0.951699
79	128	0.93529
79	129	0.978218
79	145	0.964301
79	156	0.947842
79	157	0.956286
79	160	1.0699
79	161	0.963078
79	162	0.933248
79	164	1.03447
79	171	1.03871
79	174	0.957397
79	175	0.936646
79	177	1.05882
79	178	1.05549
80	1	1.06564
80	33	0.820055
80	34	0.988263
80	40	0.97936
80	43	1.04304
80	45	1.05262
80	63	0.973886
80	78	1.03119
80	84	1.02842
80	95	1.11914
80	123	1.04193
80	154	1.05345
80	155	0.93059
80	162	1.00332
80	163	0.95538
80	165	1.05148
80	169	0.917989
80	173	0.987429
80	175	0.960391
81	4	0.950948
81	22	1.02879
81	54	1.01272
81	58	1.02238
81	59	1.01197
81	71	1.0949
81	83	1.06966
81	89	1.07062
81	126	0.92404
81	134	0.949218
81	138	1.03633
81	151	0.95274
81	152	1.05565
81	153	0.979798
81	158	1.04602
81	164	0.927487
81	169	0.963198
81	171	0.931733
81	180	0.984277
82	61	0.979287
82	74	0.963099
82	88	1.02887
82	107	1.02848
82	110	1.0709
82	120	1.06026
82	136	1.03676
82	140	1.045
82	141	1.04288
82	148	1.05386
82	150	0.978033
82	165	1.0328
82	166	0.964899
82	168	0.948547
82	169	0.944298
82	170	0.933586
82	171	0.912833
82	172	1.0209
82	180	0.965377
83	4	0.913276
83	6	0.946886
83	22	0.991118
83	28	1.00922
83	32	0.966149
83	54	0.975052
83	58	0.984711
83	59	0.974299
83	71	1.05723
83	81	1.06966
83	89	1.03295
83	112	1.04885
83	135	0.978511
83	137	0.943406
83	141	1.06713
83	152	1.01798
83	158	1.00835
83	159	0.991525
83	163	1.03797
83	176	0.993161
84	70	0.930284
84	79	0.95633
84	80	1.02842
84	90	1.01246
84	92	0.909262
84	119	0.982725
84	129	1.03665
84	135	0.983502
84	136	1.09224
84	142	0.991077
84	145	1.02273
84	147	1.01967
84	156	1.00627
84	157	1.01472
84	161	1.02151
84	162	0.99168
84	168	1.00982
84	171	0.974108
84	172	0.997059
84	173	1.02758
85	17	0.797601
85	20	1.10945
85	36	0.963673
85	48	0.928117
85	75	1.01636
85	115	1.04548
85	118	0.985168
85	121	0.991659
85	130	0.984947
85	131	1.02083
85	134	0.966306
85	142	1.0232
85	152	0.993973
85	158	1.01199
85	163	1.01768
85	165	1.07931
85	169	1.02125
85	174	1.06678
85	175	1.00733
85	176	0.972865
86	31	1.10324
86	52	1.01539
86	88	0.959146
86	113	1.04506
86	127	0.903852
86	128	1.01194
86	144	0.97953
86	151	0.995769
86	159	1.00225
86	164	1.01182
86	165	0.974006
86	166	0.987289
86	167	1.00117
86	170	1.00208
86	171	1.01671
86	176	1.00381
86	177	1.00258
86	178	0.994294
86	179	0.99111
86	180	0.99111
87	79	1.08226
87	95	0.889061
87	116	1.02813
87	121	1.06624
87	134	0.992242
87	140	0.964747
87	151	0.999741
87	154	0.991689
87	163	0.987005
87	164	1.01579
87	166	0.991261
87	167	1.00515
87	170	1.00605
87	173	0.976668
87	174	0.993718
87	176	1.00779
87	177	1.00655
87	178	0.998265
87	179	0.995081
87	180	0.995081
88	18	0.969804
88	21	0.959928
88	25	0.96966
88	75	1.07556
88	82	1.02887
88	86	0.959146
88	107	0.994904
88	110	1.03733
88	120	1.02669
88	123	0.989671
88	127	1.00819
88	136	1.00319
88	140	1.01143
88	141	1.00931
88	151	0.968855
88	163	1.0167
88	165	0.999224
88	169	0.979313
88	175	1.02171
88	179	0.976956
89	4	0.914237
89	22	0.992079
89	32	0.967109
89	38	1.26615
89	54	0.976013
89	58	0.985671
89	59	0.975259
89	71	1.05819
89	81	1.07062
89	83	1.03295
89	98	0.927298
89	103	0.937592
89	111	0.910174
89	126	0.97612
89	137	0.958102
89	138	0.999616
89	152	1.01894
89	158	1.00931
89	166	1.03588
89	167	1.00077
90	20	0.971523
90	60	1.00865
90	70	0.927982
90	84	1.01246
90	97	0.940246
90	114	0.994308
90	119	0.980423
90	129	1.03435
90	139	0.999852
90	145	1.02043
90	146	1.01433
90	155	1.03807
90	156	1.00397
90	157	1.01242
90	161	1.01921
90	162	0.989378
90	164	0.989762
90	168	1.02972
90	174	1.01353
90	178	1.01079
91	40	1.2079
91	65	0.822453
91	67	1.01045
91	76	0.960721
91	92	0.92095
91	96	0.974214
91	106	1.01561
91	116	0.96841
91	117	0.96841
91	122	0.978084
91	125	1.06796
91	126	0.978103
91	128	1.15423
91	133	1.05243
91	152	0.975169
91	154	0.97672
91	165	0.974755
91	168	1.02151
91	173	0.993375
91	174	0.981629
91	178	1.00258
92	31	1.02709
92	49	0.93
92	64	1.05408
92	75	0.895082
92	76	0.927292
92	84	0.909262
92	91	0.92095
92	148	0.836888
92	153	1.04657
92	163	1.0345
92	164	1.06329
92	166	1.03876
92	168	1.05489
92	170	1.05355
92	171	1.06818
92	172	0.897618
92	176	1.05528
92	177	1.05405
92	178	1.04576
92	179	1.04258
92	180	1.04258
93	60	1.08304
93	62	0.958933
93	72	0.986267
93	95	1.07402
93	99	0.970086
93	123	0.996813
93	127	1.02726
93	129	1.03406
93	133	0.993614
93	135	0.95975
93	139	0.9562
93	143	0.966765
93	152	0.995508
93	154	1.00833
93	157	1.01213
93	161	1.01892
93	162	0.98909
93	163	1.01921
93	165	1.00637
93	167	0.967313
93	168	0.98607
93	180	1.0029
94	6	1.09107
94	16	0.95118
94	19	1.02462
94	29	1.13111
94	46	1.04477
94	99	1.03184
94	104	0.863478
94	125	1.05599
94	126	1.10812
94	127	1.08902
94	129	0.979158
94	138	1.04921
94	141	0.961963
94	148	1.08918
94	150	0.929152
94	151	0.884959
94	152	0.909104
94	153	0.912017
94	158	1.0589
94	159	0.886359
94	166	0.916017
94	173	0.964857
94	174	1.07499
95	1	1.08497
95	34	1.00759
95	40	0.998682
95	43	1.06236
95	45	1.07194
95	60	1.14747
95	63	0.993208
95	78	1.05052
95	80	1.11914
95	87	0.889061
95	93	1.07402
95	101	0.938175
95	121	1.03599
95	123	1.06125
95	126	0.837818
95	128	1.01394
95	133	1.05805
95	151	0.866519
95	165	1.07081
95	170	0.866264
95	171	0.845511
95	173	0.946417
95	174	0.963467
96	6	0.963786
96	31	0.942718
96	42	0.99078
96	62	0.994595
96	65	0.850307
96	76	0.988574
96	91	0.974214
96	98	0.929502
96	106	1.04346
96	108	1.09105
96	116	0.996263
96	117	0.996263
96	122	1.00594
96	145	1.10064
96	150	0.975138
96	152	1.00302
96	165	1.00261
96	170	1.00677
96	171	0.986018
96	172	1.11627
96	173	1.02123
96	174	1.00948
96	179	1.01513
97	4	1.13971
97	26	0.77549
97	90	0.940246
97	131	0.922369
97	136	0.896584
97	143	1.07257
97	145	0.89307
97	146	0.900769
97	157	0.918347
97	159	1.06433
97	160	1.0487
97	166	1.04937
97	167	1.06326
97	168	1.0655
97	170	1.06416
97	171	1.0788
97	172	0.908703
97	174	0.896407
97	176	1.0659
97	177	1.06466
97	178	1.05638
97	179	1.05319
97	180	1.05319
98	89	0.927298
98	96	0.929502
98	116	0.928063
98	117	0.93906
98	127	0.836037
98	128	0.944129
98	130	0.961715
98	158	0.930193
98	160	1.05008
98	161	0.900527
98	163	1.04649
98	164	1.07527
98	166	1.05075
98	167	1.06463
98	168	1.06688
98	170	1.06554
98	171	1.08017
98	174	0.893653
98	176	1.06727
98	177	1.06604
98	178	1.05775
98	179	1.05457
98	180	1.05457
99	27	1.08668
99	29	1.02986
99	30	1.0294
99	72	0.946771
99	93	0.970086
99	94	1.03184
99	103	0.934768
99	109	0.960314
99	125	0.954745
99	144	0.947168
99	148	0.987934
99	149	1.03961
99	152	1.02614
99	154	0.968834
99	155	1.02506
99	158	0.957651
99	165	1.11148
99	171	0.98099
99	172	0.954972
99	174	0.973743
99	175	1.05486
99	176	1.00503
99	180	1.03353
100	2	1.01688
100	3	1.01411
100	5	1.0194
100	35	0.900103
100	37	1.05336
100	47	0.988089
100	64	0.903126
100	69	0.9941
100	103	1.02552
100	108	0.972007
100	111	1.01926
100	113	0.917434
100	118	1.05129
100	126	1.01816
100	143	0.988676
100	144	0.95845
100	151	0.993275
100	160	1.00346
100	162	1.08906
100	173	1.07317
100	176	0.996312
100	178	0.98905
100	180	1.02481
101	46	0.989282
101	51	1.11709
101	57	1.08379
101	95	0.938175
101	106	0.995616
101	127	0.985217
101	146	1.04719
101	148	0.994399
101	155	0.971132
101	159	0.99007
101	163	0.970853
101	164	0.999636
101	166	0.975109
101	167	0.988994
101	168	0.991239
101	169	0.986428
101	171	1.00453
101	174	1.04283
101	176	0.991634
101	177	0.990401
101	178	0.982114
101	179	0.978929
101	180	0.978929
102	11	0.903929
102	21	0.998472
102	25	1.0082
102	33	0.89577
102	37	0.956149
102	44	1.06028
102	50	0.99824
102	51	0.989594
102	61	0.984258
102	110	1.07587
102	111	0.888599
102	112	1.00634
102	135	0.971632
102	136	1.04173
102	138	1.01885
102	139	0.968083
102	140	1.04997
102	141	1.04785
102	148	1.05883
102	165	1.03777
102	170	0.982992
102	172	1.02587
102	173	1.05639
102	177	0.982348
103	18	0.975762
103	22	0.99665
103	31	0.990631
103	35	0.972473
103	36	1.02823
103	58	1.00596
103	89	0.937592
103	99	0.934768
103	100	1.02552
103	113	0.989804
103	115	0.887188
103	116	1.04418
103	117	1.04418
103	122	1.05385
103	138	0.969038
103	144	1.03082
103	150	1.02305
103	156	0.943214
103	160	1.03858
103	172	0.916243
103	177	1.05454
103	178	1.04625
103	179	1.04307
103	180	1.04307
104	7	0.918978
104	47	0.969647
104	53	1.03645
104	72	0.974072
104	75	0.959454
104	94	0.863478
104	129	0.946945
104	138	1.01479
104	139	1.03479
104	149	1.0177
104	155	1.01406
104	159	1.033
104	162	0.948531
104	163	1.01378
104	164	1.04257
104	165	0.962233
104	166	1.01804
104	168	1.03417
104	170	1.03283
104	171	1.04746
104	176	1.03456
104	177	1.03333
104	179	1.02186
104	180	1.02186
105	39	0.908399
105	41	0.904493
105	49	0.974053
105	50	1.05294
105	72	1.15927
105	79	0.919666
105	129	0.999987
105	139	1.02279
105	143	1.03335
105	144	0.952591
105	146	0.979967
105	150	0.944822
105	156	0.969611
105	157	0.978055
105	160	1.04813
105	161	0.984847
105	162	0.955016
105	165	1.14744
105	173	0.990912
105	174	0.979166
105	175	0.958414
105	176	1.04099
105	178	1.03373
105	180	1.06949
106	12	1.13375
106	42	1.03218
106	65	0.891702
106	76	1.02997
106	91	1.01561
106	96	1.04346
106	101	0.995616
106	116	1.03766
106	117	1.03766
106	122	1.04733
106	142	0.919922
106	143	0.919361
106	147	0.948515
106	149	0.961573
106	150	1.01653
106	152	1.04442
106	154	1.04597
106	165	1.044
106	167	0.919909
106	169	0.934418
106	171	0.902952
106	173	1.06262
106	174	1.05088
106	175	0.976819
107	23	0.963665
107	25	0.969267
107	61	0.945321
107	62	0.959424
107	68	1.14172
107	82	1.02848
107	88	0.994904
107	110	1.03693
107	120	1.0263
107	123	0.989278
107	136	1.00279
107	140	1.01103
107	141	1.00892
107	143	0.967255
107	148	1.0199
107	155	0.994912
107	159	0.973254
107	163	1.0197
107	164	0.946601
107	165	0.998831
107	166	1.00291
107	169	0.982312
107	172	0.986933
107	173	1.01745
107	175	1.02471
108	47	1.00694
108	55	1.06804
108	71	1.03013
108	96	1.09105
108	100	0.972007
108	109	1.06433
108	110	1.03511
108	113	0.936288
108	131	1.08116
108	136	1.00097
108	140	1.00921
108	141	1.00709
108	144	0.977304
108	146	1.00468
108	156	0.994324
108	159	0.95965
108	161	1.00956
108	162	0.979729
108	164	0.932997
108	169	0.968708
108	173	1.01563
108	175	0.983127
108	177	0.957352
108	178	0.954026
108	179	0.966351
109	29	1.05958
109	30	1.05913
109	46	0.973241
109	50	0.995302
109	56	1.01021
109	66	1.04768
109	72	0.976495
109	99	0.960314
109	108	1.06433
109	112	0.965165
109	125	0.984469
109	126	1.0366
109	127	1.01749
109	138	0.977681
109	142	0.97627
109	143	0.975709
109	148	1.01766
109	150	1.0245
109	158	0.987376
109	167	0.976257
109	169	0.996637
109	170	0.980053
109	171	0.9593
109	172	0.984697
109	174	1.00347
110	18	1.01183
110	51	0.99308
110	57	1.06294
110	61	0.987744
110	73	0.93628
110	82	1.0709
110	88	1.03733
110	102	1.07587
110	107	1.03693
110	108	1.03511
110	120	1.06872
110	126	0.896325
110	135	0.913412
110	136	1.04522
110	140	1.05345
110	141	1.05134
110	142	1.04325
110	143	0.920427
110	149	0.962639
110	160	0.935206
110	163	0.972874
110	166	0.956084
110	170	0.924771
110	172	1.02936
110	173	1.05987
110	179	0.933127
111	24	1.00589
111	37	1.11946
111	43	0.949148
111	44	1.04096
111	55	1.11529
111	59	0.941106
111	65	1.26958
111	89	0.910174
111	100	1.01926
111	102	0.888599
111	113	0.983542
111	117	0.921937
111	123	0.895184
111	125	0.840735
111	128	1.02903
111	130	0.944592
111	138	0.94162
111	144	1.02456
111	156	1.04158
111	162	1.02698
111	165	0.889068
111	166	1.03298
111	167	1.04687
111	178	1.03999
111	179	1.0368
111	180	1.0368
112	30	1.03425
112	37	0.905856
112	54	1.09654
112	70	1.13617
112	72	0.951622
112	83	1.04885
112	102	1.00634
112	109	0.965165
112	129	1.02715
112	140	0.983923
112	141	0.981808
112	142	0.973714
112	145	1.02656
112	146	1.03426
112	157	1.05184
112	158	0.962502
112	161	1.03678
112	162	1.02874
112	165	0.971721
112	166	0.960444
112	172	0.959823
112	176	0.97697
112	177	0.975737
112	178	0.967449
112	179	0.964265
112	180	0.964265
113	2	0.981166
113	3	0.978395
113	5	0.983678
113	35	0.864384
113	37	1.01764
113	47	0.95237
113	55	1.01346
113	57	0.887383
113	64	0.867407
113	69	0.958381
113	86	1.04506
113	100	0.917434
113	103	0.989804
113	108	0.936288
113	111	0.983542
113	126	0.982436
113	144	0.922731
113	148	0.963497
113	149	1.09238
113	155	1.07782
113	158	1.18825
113	159	1.05617
113	160	1.06495
113	167	1.05072
113	169	1.06522
113	175	1.10762
113	179	1.06287
114	15	0.909387
114	35	1.06161
114	48	1.14588
114	90	0.994308
114	115	0.933709
114	122	0.954153
114	130	1.01853
114	140	0.921498
114	145	0.947131
114	149	1.00211
114	151	1.01093
114	157	0.972408
114	159	1.01741
114	160	1.00178
114	163	0.998195
114	164	1.02698
114	167	1.01634
114	168	1.01858
114	170	1.01724
114	171	1.03188
114	173	0.933418
114	175	0.999849
114	176	1.01898
114	177	1.01774
114	178	1.00946
114	179	1.00627
114	180	1.00627
115	10	1.06212
115	13	0.925265
115	15	1.05037
115	26	1.14904
115	36	0.969883
115	48	0.934327
115	52	1.00727
115	53	0.998775
115	62	0.941987
115	85	1.04548
115	103	0.887188
115	114	0.933709
115	118	0.991378
115	121	0.997869
115	123	1.01786
115	130	0.991157
115	136	1.05154
115	148	1.00293
115	150	0.998609
115	158	1.0182
115	160	0.964597
115	167	0.950366
115	169	1.02746
115	173	1.03431
115	174	1.05136
115	175	1.01354
115	180	0.985953
116	31	0.936915
116	42	0.984976
116	65	0.844503
116	67	1.0325
116	76	0.98277
116	87	1.02813
116	91	0.96841
116	96	0.996263
116	98	0.928063
116	103	1.04418
116	106	1.03766
116	117	0.99046
116	122	1.00013
116	125	1.06674
116	142	1.00155
116	150	0.969335
116	151	1.00559
116	152	0.997219
116	154	0.99877
116	159	1.00699
116	160	1.01577
116	161	1.10941
116	165	0.996805
116	166	1.03664
116	170	1.00533
116	173	1.01542
116	174	1.00368
116	177	1.00469
117	31	0.936915
117	42	0.984976
117	65	0.844503
117	67	1.0325
117	73	1.02784
117	76	0.98277
117	91	0.96841
117	96	0.996263
117	98	0.93906
117	103	1.04418
117	106	1.03766
117	111	0.921937
117	116	0.99046
117	118	1.0746
117	122	1.00013
117	133	1.06221
117	142	1.01255
117	150	0.969335
117	152	0.997219
117	154	0.99877
117	162	1.11237
117	164	0.99133
117	165	0.996805
117	168	1.03129
117	173	1.01542
117	174	1.00368
117	178	1.01236
117	179	1.02468
118	3	0.975487
118	21	1.05896
118	27	0.881748
118	59	1.09377
118	61	1.07639
118	65	1.42224
118	85	0.985168
118	100	1.05129
118	115	0.991378
118	117	1.0746
118	120	0.981127
118	121	0.937561
118	124	0.968286
118	127	0.971576
118	130	0.930849
118	131	0.966734
118	132	0.96399
118	141	1.00925
118	146	0.974785
118	157	0.972872
118	161	0.979664
118	162	0.949834
118	168	0.971963
118	169	0.967152
118	171	0.985258
118	176	0.972359
118	178	0.962838
118	179	0.959654
118	180	0.959654
119	2	0.947843
119	9	0.873973
119	39	0.913026
119	44	0.973624
119	66	0.991744
119	84	0.982725
119	90	0.980423
119	122	1.1412
119	124	0.978095
119	128	0.961685
119	132	0.973799
119	133	0.964167
119	135	1.02895
119	143	1.03597
119	145	0.990696
119	150	0.949449
119	156	0.974237
119	157	0.982681
119	158	1.17406
119	161	0.989473
119	162	0.959643
119	170	1.04031
119	172	0.965022
119	173	0.995539
119	176	1.0436
119	177	1.03967
119	178	1.03634
119	179	1.04867
119	180	1.0721
120	18	1.0012
120	21	0.991321
120	23	0.995451
120	30	0.919786
120	51	0.982444
120	61	0.977107
120	68	1.09298
120	76	1.06203
120	82	1.06026
120	88	1.02669
120	107	1.0263
120	110	1.06872
120	118	0.981127
120	123	1.02106
120	126	0.894411
120	136	1.03458
120	138	1.0117
120	140	1.04282
120	141	1.0407
120	148	1.05168
120	163	0.97096
120	169	0.93357
120	172	1.01872
120	173	1.04924
120	174	1.02006
120	176	0.926149
120	177	0.922214
120	179	0.931213
120	180	0.954648
121	8	1.0133
121	10	1.0083
121	11	0.964384
121	14	1.01509
121	26	1.09523
121	36	0.916067
121	38	0.91818
121	48	0.880511
121	52	0.953456
121	53	0.944958
121	75	0.968751
121	85	0.991659
121	87	1.06624
121	95	1.03599
121	115	0.997869
121	118	0.937561
121	123	0.964049
121	130	0.937341
121	131	0.973225
121	133	1.08933
121	143	1.0391
121	158	0.964383
121	169	0.973644
121	171	1.02269
121	172	1.15295
121	173	1.1236
121	175	0.959723
121	176	1.04674
121	179	1.0518
122	2	1.04521
122	31	0.946589
122	42	0.994651
122	65	0.854177
122	67	1.04218
122	74	1.00412
122	76	0.992445
122	91	0.978084
122	96	1.00594
122	103	1.05385
122	106	1.04733
122	114	0.954153
122	116	1.00013
122	117	1.00013
122	119	1.1412
122	133	1.02049
122	136	1.07199
122	139	0.959697
122	147	0.999416
122	150	0.979009
122	152	1.00689
122	154	1.00844
122	159	0.976261
122	165	1.00648
122	167	0.97081
122	169	0.985319
122	171	0.953853
122	173	1.0251
122	174	1.01335
122	177	0.973962
123	1	1.00776
123	45	0.99473
123	52	0.973451
123	74	1.01909
123	80	1.04193
123	88	0.989671
123	93	0.996813
123	95	1.06125
123	107	0.989278
123	111	0.895184
123	115	1.01786
123	120	1.02106
123	121	0.964049
123	130	0.957336
123	131	0.993221
123	135	0.978217
123	137	0.943112
123	139	0.974667
123	140	1.0058
123	142	0.99559
123	146	1.09114
123	152	1.01398
123	155	1.01289
123	158	0.984379
123	161	1.09365
123	165	0.993598
123	167	0.98578
123	168	1.00454
123	173	1.01222
123	179	0.997932
124	7	1.02866
124	8	0.969767
124	44	1.00103
124	60	0.993801
124	66	1.01915
124	79	0.951699
124	118	0.968286
124	119	0.978095
124	126	0.971468
124	128	0.989092
124	132	1.00121
124	145	1.0181
124	146	1.012
124	156	1.00164
124	157	1.01009
124	161	1.01688
124	162	0.98705
124	163	1.04802
124	164	0.974915
124	166	1.03123
124	167	0.996118
124	168	1.01487
124	171	0.979161
124	172	0.992428
124	173	1.02295
124	174	1.0112
124	175	0.990448
124	178	0.995944
124	179	1.00827
124	180	1.0317
125	16	0.874086
125	27	1.11084
125	29	1.05401
125	30	1.05356
125	68	1.10525
125	72	0.970926
125	77	1.00205
125	91	1.06796
125	94	1.05599
125	99	0.954745
125	109	0.984469
125	111	0.840735
125	116	1.06674
125	126	1.03103
125	127	1.01192
125	138	0.972112
125	144	0.971324
125	145	1.02899
125	148	1.01209
125	153	0.962439
125	154	0.99299
125	157	1.05427
125	158	0.981807
125	165	1.04487
125	168	0.950088
125	169	0.991068
125	170	0.935127
125	172	0.979128
125	174	0.997899
125	179	0.943483
126	3	1.07912
126	28	1.00457
126	32	1.06407
126	35	0.965105
126	57	0.988105
126	72	1.02305
126	76	0.984446
126	78	0.994232
126	81	0.92404
126	89	0.97612
126	91	0.978103
126	94	1.10812
126	95	0.837818
126	100	1.01816
126	109	1.0366
126	110	0.896325
126	113	0.982436
126	120	0.894411
126	124	0.971468
126	125	1.03103
126	127	1.06405
126	146	0.946837
126	147	1.02241
126	163	1.02762
126	167	1.04576
126	169	1.0432
126	170	1.04667
126	173	0.925425
126	177	1.04717
126	179	1.0357
126	180	1.0357
127	6	1.047
127	16	0.907109
127	19	0.980548
127	27	1.14386
127	29	1.08703
127	30	1.08658
127	72	1.00395
127	86	0.903852
127	88	1.00819
127	93	1.02726
127	94	1.08902
127	98	0.836037
127	101	0.985217
127	109	1.01749
127	118	0.971576
127	125	1.01192
127	126	1.06405
127	138	1.00514
127	142	0.909523
127	148	1.04511
127	154	1.02601
127	158	1.01483
127	161	1.01738
127	165	1.02305
127	168	0.928267
127	172	1.01215
127	173	0.993459
127	174	1.03092
127	175	0.96642
127	176	0.916597
127	180	0.945097
128	5	1.04746
128	7	1.01225
128	9	0.88497
128	17	1.10401
128	24	0.949544
128	39	0.924023
128	41	0.920117
128	49	0.989677
128	79	0.93529
128	86	1.01194
128	91	1.15423
128	95	1.01394
128	98	0.944129
128	111	1.02903
128	119	0.961685
128	124	0.989092
128	132	0.984796
128	137	0.974934
128	144	0.968214
128	145	1.00169
128	146	0.995591
128	149	1.05927
128	152	1.0458
128	156	0.985234
128	157	0.993678
128	160	1.03183
128	161	1.00047
128	162	0.97064
128	163	1.0695
128	168	1.03636
128	170	1.0214
129	9	0.927899
129	20	0.995713
129	24	0.992472
129	41	0.963045
129	79	0.978218
129	84	1.03665
129	90	1.03435
129	93	1.03406
129	94	0.979158
129	104	0.946945
129	105	0.999987
129	112	1.02715
129	132	1.02772
129	135	0.956813
129	136	1.06555
129	144	1.01114
129	150	1.00337
129	153	0.995484
129	156	1.02816
129	157	1.03661
129	159	0.969826
129	161	1.0434
129	162	1.01357
129	166	0.999484
129	170	0.968172
129	172	1.01895
129	174	1.03772
129	175	1.01697
129	176	0.971463
129	177	0.967528
129	178	0.964202
129	180	0.999963
130	10	1.00159
130	13	0.864737
130	14	1.00838
130	15	0.989842
130	26	1.08851
130	32	1.25778
130	38	0.911468
130	48	0.873799
130	52	0.946744
130	53	0.938246
130	75	0.962039
130	85	0.984947
130	98	0.961715
130	111	0.944592
130	114	1.01853
130	115	0.991157
130	118	0.930849
130	121	0.937341
130	123	0.957336
130	131	0.966513
130	142	0.968882
130	147	1.06379
130	150	1.08343
130	151	1.03924
130	158	0.957671
130	169	0.966932
130	172	1.14848
130	174	1.13619
130	175	0.953011
130	178	1.03501
130	179	1.04734
130	180	1.07077
131	10	1.03748
131	13	0.900621
131	14	1.04426
131	15	1.02573
131	26	1.1244
131	36	0.945239
131	38	0.947352
131	48	0.909683
131	52	0.982628
131	53	0.97413
131	75	0.997923
131	85	1.02083
131	97	0.922369
131	108	1.08116
131	118	0.966734
131	121	0.973225
131	123	0.993221
131	130	0.966513
131	135	0.985524
131	140	1.06512
131	142	1.00477
131	152	1.02128
131	158	0.993555
131	159	0.998538
131	161	1.10096
131	166	1.0282
131	167	0.993088
131	169	1.00282
131	170	0.996883
131	175	0.988896
131	177	0.99624
131	178	0.992914
131	180	1.02867
132	24	0.961658
132	44	0.996735
132	49	1.00179
132	56	1.00101
132	68	1.14098
132	70	0.921358
132	77	1.03778
132	118	0.96399
132	119	0.973799
132	124	1.00121
132	128	0.984796
132	129	1.02772
132	133	0.987278
132	135	0.959495
132	140	1.03909
132	144	0.980329
132	145	1.01381
132	146	1.0077
132	148	1.01962
132	149	1.00872
132	150	0.97256
132	152	0.995253
132	156	0.997348
132	157	1.00579
132	158	1.1046
132	161	1.01258
132	162	0.982754
132	164	0.945855
132	169	0.981566
132	170	0.970854
132	172	0.988133
132	173	1.01865
132	180	1.00265
133	10	0.994333
133	26	0.895889
133	27	0.869362
133	29	0.959438
133	35	1.12795
133	36	1.14109
133	40	0.918274
133	42	1.01449
133	60	1.06707
133	63	0.9128
133	67	0.981247
133	71	0.991733
133	91	1.05243
133	93	0.993614
133	95	1.05805
133	117	1.06221
133	119	0.964167
133	121	1.08933
133	122	1.02049
133	132	0.987278
133	145	1.00417
133	146	0.998072
133	154	0.992362
133	157	0.99616
133	162	0.973122
133	165	0.990398
133	167	0.993006
133	168	0.995251
133	171	1.00855
133	176	0.995646
133	178	0.986126
133	179	0.982942
133	180	0.982942
134	9	1.23074
134	10	0.94518
134	28	1.02975
134	60	0.864338
134	65	1.36071
134	81	0.949218
134	85	0.966306
134	87	0.992242
134	136	0.96783
134	146	0.972015
134	147	0.972114
134	149	0.981237
134	151	0.990059
134	153	0.989385
134	154	0.965625
134	155	0.977602
134	156	1.00692
134	159	0.99654
134	160	0.98091
134	162	0.96649
134	163	0.977323
134	164	1.00611
134	166	0.981579
134	167	0.995464
134	168	0.997709
134	170	0.996369
134	171	1.011
134	174	0.967654
134	176	0.998104
134	177	0.996872
134	178	0.988584
134	179	0.9854
134	180	0.9854
135	58	1.06157
135	83	0.978511
135	84	0.983502
135	93	0.95975
135	102	0.971632
135	110	0.913412
135	119	1.02895
135	123	0.978217
135	129	0.956813
135	131	0.985524
135	132	0.959495
135	139	1.02742
135	143	1.03387
135	147	1.0012
135	148	0.911129
135	149	1.01033
135	153	1.01847
135	155	1.00669
135	159	1.02563
135	160	1.01
135	161	0.966437
135	163	1.00641
135	164	1.0352
135	167	1.02455
135	168	1.0268
135	170	1.02546
135	171	1.04009
135	173	0.942512
135	175	1.00807
135	176	1.02719
135	177	1.02596
135	178	1.01767
135	179	1.01449
