1	36	0.543992
1	105	0.599031
1	106	1.34993
1	120	1.39669
1	123	1.38054
1	130	1.34081
1	134	1.38844
1	135	0.503923
1	143	1.3592
1	145	0.49949
1	149	1.41335
1	171	0.526175
2	40	1.28071
2	52	1.37903
2	65	1.31285
2	70	1.40009
2	132	0.55097
2	141	1.43938
2	150	0.566614
2	156	0.499094
2	169	1.39607
2	170	0.546025
2	171	0.520142
2	175	1.39153
3	87	1.31105
3	94	1.38125
3	102	1.46263
3	108	1.36479
3	122	1.26403
3	133	1.40065
3	158	0.476344
3	159	0.545116
3	165	0.494113
3	169	1.41183
3	170	0.50951
3	180	0.662279
4	18	1.13261
4	84	1.3571
4	92	1.15144
4	96	1.35605
4	98	1.15084
4	146	0.717872
4	148	1.26852
4	150	0.628008
4	152	1.21543
4	170	0.607419
4	174	0.976304
4	179	0.6726
5	8	0.44745
5	120	1.39096
5	125	1.38803
5	130	1.33508
5	132	1.35212
5	141	0.462439
5	143	1.35347
5	149	1.40762
5	154	0.531983
5	157	0.532566
5	167	1.36383
5	177	0.710833
6	48	1.37377
6	54	1.37266
6	61	1.47244
6	77	1.33693
6	152	1.40033
6	162	0.385482
6	165	0.469515
6	167	1.34081
6	170	1.31405
6	173	0.591012
6	177	0.645657
6	178	0.595427
7	35	1.41679
7	44	0.512655
7	56	1.34904
7	95	1.33351
7	103	0.483601
7	107	1.3615
7	111	1.31679
7	168	1.39492
7	169	1.38708
7	170	0.526215
7	175	0.470042
7	177	0.68696
8	5	0.44745
8	26	0.450194
8	114	0.425839
8	118	0.431958
8	133	0.407381
8	136	1.46149
8	142	1.39407
8	158	1.46151
8	163	1.45819
8	178	1.29336
8	179	1.30149
8	180	1.25168
9	20	1.34569
9	60	1.36441
9	63	1.47822
9	64	1.31051
9	74	1.32837
9	79	1.32837
9	109	0.408816
9	141	1.43701
9	162	0.452533
9	174	0.713403
9	175	0.495791
9	179	0.617145
10	82	0.584636
10	120	1.21012
10	121	1.22724
10	123	1.19397
10	125	1.20719
10	132	1.17129
10	134	1.20187
10	139	0.68456
10	143	1.17263
10	149	1.22678
10	174	0.786227
10	175	0.568615
11	78	1.38365
11	87	1.32419
11	103	0.46636
11	108	1.37793
11	122	1.27716
11	129	0.543563
11	133	1.41378
11	144	1.4097
11	153	0.490169
11	169	1.42497
11	170	0.508974
11	177	0.669719
12	48	1.05064
12	54	1.04953
12	57	1.13064
12	61	1.14931
12	77	1.0138
12	97	1.12128
12	136	0.802718
12	152	1.0772
12	163	0.828902
12	167	1.01767
12	170	0.99092
12	179	0.938942
13	101	1.45871
13	102	1.44722
13	104	1.36611
13	122	1.24862
13	131	1.26515
13	133	1.38524
13	142	0.552753
13	148	0.440448
13	154	0.504806
13	159	0.558517
13	169	1.39642
13	172	0.630658
14	32	1.41959
14	90	1.38944
14	95	1.33208
14	107	1.36007
14	111	1.31537
14	148	0.459499
14	157	0.524441
14	162	0.442533
14	168	1.39349
14	169	1.38565
14	178	0.652478
14	179	0.607145
15	27	1.35737
15	50	1.39433
15	68	1.4252
15	72	1.50617
15	73	1.28205
15	136	0.470111
15	159	0.576759
15	166	0.501654
15	168	1.37444
15	170	1.29817
15	175	0.484981
15	178	0.651669
16	84	1.62401
16	92	1.41835
16	96	1.62297
16	98	1.41775
16	117	0.42869
16	131	0.560611
16	152	1.48234
16	174	1.24322
16	175	0.417909
16	176	0.538699
16	179	0.539263
17	40	1.3018
17	45	1.29563
17	46	1.45325
17	65	1.33394
17	70	1.42118
17	151	0.469741
17	157	0.446841
17	169	1.41717
17	175	1.41263
17	177	0.625108
17	179	0.529545
17	180	0.617131
18	4	1.13261
18	84	1.46957
18	92	1.26391
18	96	1.46852
18	98	1.26331
18	148	1.38099
18	152	1.3279
18	162	0.50722
18	165	0.591252
18	166	0.56715
18	174	1.08877
18	175	0.550477
18	176	0.671268
19	37	1.23543
19	80	1.32156
19	88	1.26641
19	99	1.31028
19	110	1.32447
19	113	1.3799
19	124	1.27255
19	128	1.37227
19	139	0.528965
19	162	0.911614
19	163	0.424334
19	171	0.443309
19	178	0.579708
20	9	1.34569
20	30	1.20969
20	31	1.395
20	49	1.30651
20	63	1.41153
20	64	1.24383
20	74	1.26169
20	79	1.26168
20	117	0.510069
20	131	0.64199
20	166	0.515961
20	170	0.555461
20	173	0.661561
21	62	1.43808
21	100	1.46519
21	114	1.55344
21	116	1.50778
21	119	1.51146
21	126	1.58023
21	131	0.529942
21	159	0.479018
21	163	0.398554
21	167	0.435226
21	173	0.549512
21	174	1.31741
21	178	0.553927
22	25	0.444615
22	55	0.443363
22	89	1.43228
22	92	1.34978
22	98	1.34918
22	106	0.536161
22	107	0.484029
22	113	0.422969
22	133	1.38475
22	174	1.17465
22	176	1.27613
22	179	1.24579
22	180	1.19598
23	24	0.452813
23	60	0.455559
23	110	0.503635
23	134	0.493981
23	147	1.41523
23	153	1.40556
23	169	0.40283
23	173	1.25753
23	176	1.31187
23	177	1.22907
23	178	1.2734
23	179	1.28153
23	180	1.23172
24	23	0.452813
24	62	1.24258
24	86	1.37178
24	100	1.26968
24	105	0.568245
24	112	1.36566
24	116	1.31227
24	119	1.31595
24	126	1.38472
24	141	0.433622
24	154	0.503166
24	162	0.867816
24	174	1.1219
25	22	0.444615
25	85	0.502262
25	90	1.50904
25	95	1.45168
25	104	1.47495
25	107	1.47967
25	111	1.43497
25	141	0.431268
25	158	0.485751
25	165	0.50352
25	167	0.510731
25	168	1.51309
25	169	1.50526
26	8	0.450194
26	120	1.31513
26	121	1.33225
26	123	1.29898
26	125	1.3122
26	130	1.25925
26	134	1.30688
26	143	1.27764
26	149	1.33179
26	164	0.520006
26	165	0.537434
26	179	0.618014
26	180	0.7056
27	15	1.35737
27	50	1.39352
27	68	1.42439
27	72	1.50536
27	73	1.28124
27	127	0.624648
27	140	0.523455
27	141	0.471001
27	153	0.539846
27	166	0.519151
27	168	1.37363
27	170	1.29736
28	35	1.44279
28	56	1.37504
28	90	1.41685
28	95	1.3595
28	107	1.38749
28	111	1.34279
28	131	0.534221
28	154	0.429586
28	158	0.414525
28	168	1.42091
28	169	1.41307
28	177	0.608436
28	178	0.558206
28	180	0.60046
29	58	1.26116
29	100	1.20017
29	112	1.29614
29	114	1.28842
29	116	1.24276
29	119	1.24644
29	126	1.3152
29	131	0.69568
29	135	0.561015
29	138	0.657896
29	157	0.591628
29	164	0.576324
29	168	1.28151
29	174	1.05239
30	20	1.20969
30	31	1.32568
30	49	1.23719
30	60	1.22841
30	63	1.34222
30	64	1.17451
30	74	1.19237
30	79	1.19236
30	127	0.64992
30	141	1.30101
30	162	0.484493
30	171	0.55804
30	174	0.745362
30	176	0.64854
31	20	1.395
31	30	1.32568
31	49	1.4225
31	60	1.41372
31	63	1.52753
31	64	1.35982
31	74	1.37768
31	79	1.37767
31	117	0.512014
31	148	0.474941
31	153	0.5386
31	157	0.539883
31	163	0.512547
31	170	0.557405
32	14	1.41959
32	35	1.43869
32	56	1.37094
32	90	1.41276
32	95	1.3554
32	111	1.33869
32	155	0.461722
32	158	0.473324
32	161	0.4368
32	167	0.498303
32	168	1.41681
32	169	1.40897
32	173	0.61259
32	180	0.659258
33	73	1.42189
33	74	1.44112
33	75	0.405665
33	79	1.44111
33	106	0.436156
33	116	0.42514
33	122	0.479467
33	134	0.388132
33	152	0.336108
33	168	1.51429
33	170	1.43802
33	173	1.33231
33	177	1.30385
33	180	1.3065
34	43	1.4902
34	80	1.39306
34	88	1.33791
34	93	0.383894
34	110	1.39597
34	113	1.4514
34	118	1.40961
34	124	1.34405
34	128	1.44376
34	147	0.441928
34	151	0.441303
34	170	0.435925
34	172	0.543671
34	175	0.888877
35	7	1.41679
35	28	1.44279
35	32	1.43869
35	95	1.35117
35	107	1.37916
35	111	1.33446
35	141	0.428234
35	150	0.536473
35	151	0.521261
35	160	0.523203
35	167	0.507697
35	168	1.41259
35	169	1.40475
35	173	0.621983
36	1	0.543992
36	69	0.482433
36	102	0.490748
36	128	0.497228
36	131	1.21957
36	134	0.554373
36	156	1.37878
36	166	1.34685
36	171	1.3296
36	172	1.18675
36	173	1.1767
36	178	1.19257
36	179	1.2007
36	180	1.15089
37	19	1.23543
37	43	1.31405
37	99	1.20562
37	110	1.21982
37	113	1.27525
37	118	1.23346
37	124	1.1679
37	128	1.26761
37	141	0.522246
37	148	1.32383
37	156	0.562964
37	162	0.510465
37	172	0.717642
37	177	0.77064
38	39	1.3211
38	47	1.49183
38	53	1.41884
38	66	0.26151
38	69	1.44566
38	71	1.43814
38	75	1.3801
38	109	0.703787
38	141	0.759285
38	142	0.326781
38	159	1.3448
38	164	0.814109
38	165	0.281541
38	175	1.42985
39	38	1.3211
39	44	0.61443
39	47	1.31917
39	53	1.24619
39	69	1.273
39	71	1.26548
39	75	1.20745
39	147	0.633994
39	150	1.18956
39	156	0.581059
39	159	1.17214
39	161	0.5583
39	175	1.2572
39	176	0.692608
40	2	1.28071
40	17	1.3018
40	45	1.13813
40	46	1.29576
40	52	1.24263
40	65	1.17645
40	70	1.26369
40	83	0.661845
40	105	0.632058
40	156	0.538153
40	169	1.25967
40	171	0.559201
40	172	0.692831
40	175	1.25513
41	67	1.48014
41	86	1.43294
41	112	1.42682
41	114	1.41909
41	116	1.37343
41	126	1.44588
41	136	0.480575
41	137	0.567844
41	158	0.518452
41	159	0.587223
41	162	0.452187
41	165	0.53622
41	168	1.41219
41	174	1.18306
42	83	0.622016
42	106	1.37184
42	109	0.402108
42	120	1.4186
42	121	1.43572
42	125	1.41567
42	130	1.36272
42	134	1.41035
42	143	1.38111
42	149	1.43526
42	163	0.500398
42	171	0.519372
42	175	0.489083
42	176	0.609873
43	34	1.4902
43	37	1.31405
43	55	1.42961
43	88	1.34503
43	113	1.45852
43	118	1.41673
43	124	1.35117
43	128	1.45088
43	139	0.569838
43	159	0.545671
43	163	0.465208
43	164	0.47724
43	166	0.470566
43	172	0.617812
44	7	0.512655
44	39	0.61443
44	77	1.26689
44	102	0.485255
44	118	0.521037
44	121	1.31501
44	133	0.496459
44	134	1.28965
44	142	1.25489
44	149	1.31455
44	167	1.27077
44	170	1.24401
44	178	1.15417
44	180	1.11249
45	17	1.29563
45	40	1.13813
45	52	1.23646
45	65	1.17027
45	70	1.25751
45	139	0.648526
45	141	1.2968
45	152	1.27133
45	157	0.571231
45	167	0.580567
45	169	1.25349
45	170	0.588754
45	173	0.694853
45	175	1.24896
46	17	1.45325
46	40	1.29576
46	52	1.39408
46	65	1.3279
46	117	0.500122
46	132	0.550459
46	141	1.45443
46	152	1.42896
46	160	0.552833
46	161	0.475824
46	167	0.537327
46	169	1.41112
46	171	0.51963
46	175	1.40658
47	38	1.49183
47	39	1.31917
47	53	1.41692
47	69	1.44373
47	71	1.43621
47	75	1.37818
47	132	0.484074
47	137	0.495355
47	159	1.34287
47	164	0.446303
47	172	0.586875
47	175	1.42793
47	176	0.543746
47	178	0.589643
48	6	1.37377
48	12	1.05064
48	54	1.35648
48	57	1.4376
48	61	1.45626
48	77	1.32075
48	82	0.542178
48	117	0.536938
48	127	0.648327
48	148	0.499866
48	152	1.38415
48	158	0.549163
48	167	1.32463
48	170	1.29787
48	171	0.556446
49	20	1.30651
49	30	1.23719
49	31	1.4225
49	60	1.32522
49	63	1.43903
49	64	1.27133
49	74	1.28919
49	79	1.28918
49	135	0.51938
49	141	1.39782
49	148	0.485051
49	150	0.588105
49	161	0.497825
49	170	0.567516
49	172	0.675262
50	15	1.39433
50	27	1.39352
50	68	1.46136
50	72	1.54232
50	73	1.3182
50	132	1.34937
50	135	0.504635
50	141	0.46512
50	148	0.470306
50	159	0.588375
50	160	0.560089
50	167	0.544583
50	168	1.4106
50	170	1.33432
51	73	1.31002
51	92	1.34843
51	98	1.34783
51	134	1.37178
51	140	0.45496
51	143	1.34254
51	147	0.496159
51	149	1.39669
51	160	0.497475
51	168	1.40242
51	170	1.32614
51	173	0.596255
51	174	1.1733
51	177	0.6509
51	180	0.642924
52	2	1.37903
52	40	1.24263
52	45	1.23646
52	46	1.39408
52	65	1.27477
52	70	1.36201
52	91	0.5492
52	97	0.557551
52	136	0.536869
52	140	0.572716
52	152	1.37583
52	162	0.508481
52	169	1.35799
52	170	0.607912
52	175	1.35346
53	38	1.41884
53	39	1.24619
53	47	1.41692
53	69	1.37075
53	71	1.36323
53	75	1.30519
53	137	0.53908
53	142	0.552696
53	150	1.2873
53	157	0.505332
53	159	1.26989
53	163	0.477996
53	174	0.684293
53	175	1.35494
53	176	0.587471
54	6	1.37266
54	12	1.04953
54	48	1.35648
54	57	1.43649
54	61	1.45515
54	77	1.31964
54	132	0.519257
54	152	1.38304
54	156	0.467381
54	167	1.32352
54	170	1.29677
54	171	0.488429
54	176	0.57893
54	178	0.624827
54	180	0.66708
55	22	0.443363
55	43	1.42961
55	88	1.27733
55	110	1.33539
55	118	1.34903
55	124	1.28346
55	128	1.38318
55	137	1.31017
55	144	1.3532
55	150	1.29629
55	153	0.49886
55	175	0.461492
55	178	0.62818
55	179	0.582847
55	180	0.670433
56	7	1.34904
56	28	1.37504
56	32	1.37094
56	82	0.499063
56	90	1.34078
56	95	1.28343
56	107	1.31142
56	111	1.26672
56	156	0.492284
56	161	0.469525
56	168	1.34484
56	169	1.337
56	175	0.483043
56	177	0.69996
56	180	0.691984
57	12	1.13064
57	48	1.4376
57	54	1.43649
57	61	1.53627
57	77	1.40076
57	147	0.514797
57	151	0.514171
57	152	1.46416
57	162	0.409363
57	163	0.463935
57	167	1.40464
57	170	1.37788
57	174	0.670233
57	179	0.573975
58	29	1.26116
58	67	1.43832
58	86	1.39111
58	100	1.28901
58	114	1.37726
58	116	1.33161
58	119	1.33528
58	126	1.40405
58	135	0.521058
58	155	0.524425
58	156	0.522262
58	164	0.536367
58	174	1.14123
58	175	0.51302
58	180	0.721962
59	78	1.31522
59	89	1.39288
59	94	1.32596
59	97	0.524266
59	101	1.41883
59	102	1.40734
59	122	1.20873
59	131	1.22527
59	133	1.34535
59	139	0.634399
59	141	0.486977
59	145	0.522059
59	156	0.527696
59	169	1.35654
59	176	0.639244
60	9	1.36441
60	23	0.455559
60	30	1.22841
60	31	1.41372
60	49	1.32522
60	63	1.43025
60	64	1.26255
60	74	1.2804
60	79	1.2804
60	132	0.528962
60	139	0.583789
60	141	1.38904
60	171	0.498133
60	172	0.631763
60	179	0.589198
61	6	1.47244
61	12	1.14931
61	48	1.45626
61	54	1.45515
61	57	1.53627
61	77	1.41942
61	83	0.565943
61	137	0.50541
61	152	1.48282
61	158	0.456017
61	164	0.456357
61	167	1.4233
61	170	1.39654
61	171	0.4633
61	178	0.599698
61	179	0.554365
62	21	1.43808
62	24	1.24258
62	67	1.35022
62	112	1.29689
62	114	1.28917
62	116	1.24351
62	119	1.24718
62	126	1.31595
62	146	0.657946
62	156	0.500562
62	166	0.507993
62	168	1.28226
62	173	0.653593
62	174	1.05314
62	176	0.612111
62	179	0.612675
63	9	1.47822
63	20	1.41153
63	30	1.34222
63	31	1.52753
63	49	1.43903
63	60	1.43025
63	64	1.37635
63	74	1.39421
63	79	1.39421
63	139	0.538682
63	150	0.499499
63	157	0.461387
63	167	0.470723
63	171	0.453026
63	176	0.543527
63	180	0.631678
64	9	1.31051
64	20	1.24383
64	30	1.17451
64	31	1.35982
64	49	1.27133
64	60	1.26255
64	63	1.37635
64	74	1.22651
64	79	1.2265
64	141	1.33515
64	142	0.601014
64	162	0.471742
64	163	0.526314
64	173	0.677272
64	176	0.63579
64	179	0.636354
65	2	1.31285
65	17	1.33394
65	40	1.17645
65	45	1.17027
65	46	1.3279
65	52	1.27477
65	70	1.29583
65	85	0.571739
65	138	0.63714
65	152	1.30965
65	158	0.555228
65	161	0.518704
65	164	0.555568
65	169	1.29181
65	175	1.28727
65	178	0.698909
66	38	0.26151
66	78	0.530281
66	87	0.580744
66	92	1.33921
66	98	1.3386
66	107	1.35978
66	111	1.31507
66	119	0.530218
66	133	0.47459
66	134	0.52701
66	169	1.38536
66	173	1.21122
66	174	1.16407
66	176	1.26555
66	179	1.23521
66	180	1.1854
67	41	1.48014
67	58	1.43832
67	62	1.35022
67	97	0.488837
67	112	1.4733
67	116	1.41992
67	117	0.493806
67	119	1.42359
67	126	1.49236
67	135	0.491062
67	137	0.555423
67	147	0.545201
67	159	0.574802
67	162	0.439767
67	168	1.45867
67	174	1.22954
68	15	1.4252
68	27	1.42439
68	50	1.46136
68	72	1.57319
68	73	1.34907
68	81	1.37075
68	132	1.38024
68	136	0.405777
68	137	0.493046
68	139	0.536592
68	145	0.424252
68	159	0.512425
68	168	1.44147
68	170	1.36519
68	174	0.638259
68	178	0.587335
69	36	0.482433
69	38	1.44566
69	39	1.273
69	47	1.44373
69	53	1.37075
69	71	1.39005
69	75	1.33201
69	104	1.35599
69	142	0.520341
69	150	1.31412
69	159	1.29671
69	163	0.445641
69	166	0.451
69	174	0.651939
69	175	1.38176
69	176	0.555117
69	180	0.643268
70	2	1.40009
70	17	1.42118
70	40	1.26369
70	45	1.25751
70	52	1.36201
70	65	1.29583
70	131	0.642356
70	141	1.42235
70	148	0.473362
70	151	0.561204
70	152	1.39689
70	164	0.523
70	166	0.516326
70	169	1.37905
70	170	0.555826
70	171	0.529943
70	175	1.37451
71	38	1.43814
71	39	1.26548
71	47	1.43621
71	53	1.36323
71	69	1.39005
71	75	1.32449
71	93	1.40912
71	109	0.426415
71	132	0.574507
71	141	0.481913
71	148	0.487098
71	150	1.3066
71	157	0.55204
71	159	1.28918
71	171	0.543679
71	175	1.37424
71	177	0.730307
72	15	1.50617
72	27	1.50536
72	50	1.54232
72	68	1.57319
72	73	1.43004
72	97	0.402491
72	115	0.409902
72	132	1.46121
72	146	0.563305
72	147	0.458855
72	168	1.52244
72	170	1.44616
72	171	0.426968
72	174	0.614291
72	176	0.517469
73	15	1.28205
73	27	1.28124
73	33	1.42189
73	50	1.3182
73	51	1.31002
73	68	1.34907
73	72	1.43004
73	81	1.22759
73	83	0.647434
73	109	0.427527
73	132	1.23709
73	145	0.518106
73	147	0.576678
73	150	0.591263
73	165	0.555276
73	168	1.29831
73	170	1.22204
73	172	0.678421
74	9	1.32837
74	20	1.26169
74	30	1.19237
74	31	1.37768
74	33	1.44112
74	49	1.28919
74	60	1.2804
74	63	1.39421
74	64	1.22651
74	79	1.24436
74	137	0.517354
74	141	1.353
74	146	0.611581
74	156	0.454197
74	167	0.492941
74	172	0.608874
74	174	0.662567
74	180	0.653896
75	33	0.405665
75	38	1.3801
75	39	1.20745
75	47	1.37818
75	53	1.30519
75	69	1.33201
75	71	1.32449
75	93	1.35108
75	104	1.29043
75	138	0.628718
75	140	0.544777
75	150	1.24857
75	157	0.562451
75	159	1.23115
75	160	0.587292
75	165	0.564575
75	175	1.31621
75	179	0.645154
76	106	1.29719
76	120	1.34395
76	123	1.3278
76	125	1.34102
76	130	1.28807
76	131	1.22723
76	134	1.3357
76	136	0.50682
76	143	1.30646
76	149	1.3606
76	159	1.26891
76	160	0.585183
76	162	0.478433
76	167	1.31682
76	170	0.577863
76	173	0.683963
76	175	0.521691
76	176	0.642481
77	6	1.33693
77	12	1.0138
77	44	1.26689
77	48	1.32075
77	54	1.31964
77	57	1.40076
77	61	1.41942
77	85	0.506626
77	97	1.3914
77	131	0.609811
77	152	1.34731
77	155	0.478513
77	159	0.558887
77	166	0.483782
77	167	1.28779
77	170	1.26103
77	177	0.684026
77	180	0.67605
78	11	1.38365
78	59	1.31522
78	66	0.530281
78	81	1.27083
78	87	1.23293
78	89	1.37006
78	94	1.30313
78	101	1.396
78	108	1.28667
78	122	1.18591
78	133	1.32253
78	145	0.513142
78	151	0.571087
78	156	0.518778
78	164	0.532883
78	165	0.550312
78	169	1.33371
78	174	0.727149
79	9	1.32837
79	20	1.26168
79	30	1.19236
79	31	1.37767
79	33	1.44111
79	49	1.28918
79	60	1.2804
79	63	1.39421
79	64	1.2265
79	74	1.24436
79	115	0.523569
79	136	0.495475
79	138	0.615264
79	141	1.353
79	150	0.587108
79	153	0.547714
79	157	0.548996
79	173	0.672618
80	19	1.32156
80	34	1.39306
80	88	1.24789
80	99	1.29175
80	110	1.30595
80	113	1.36138
80	115	0.555177
80	118	1.31959
80	124	1.25403
80	128	1.35374
80	137	1.28073
80	139	0.657899
80	140	0.562931
80	144	1.32377
80	153	0.579321
80	161	0.528436
80	164	0.5653
80	175	0.541954
81	68	1.37075
81	73	1.22759
81	78	1.27083
81	87	1.21137
81	99	1.26487
81	103	0.545165
81	115	0.544829
81	118	1.29271
81	122	1.16435
81	124	1.22714
81	128	1.32686
81	133	1.30097
81	164	0.554953
81	166	0.548279
81	168	1.31999
81	170	1.24371
81	171	0.561896
81	173	0.693879
81	177	0.748524
82	10	0.584636
82	48	0.542178
82	56	0.499063
82	106	0.570312
82	125	0.494002
82	139	1.24474
82	151	1.32013
82	160	1.26864
82	161	1.38285
82	163	1.35897
82	166	1.34841
82	168	0.455197
82	169	0.431136
82	171	1.33116
82	176	1.2326
82	177	1.1498
82	178	1.19413
82	179	1.20226
82	180	1.15245
83	40	0.661845
83	42	0.622016
83	61	0.565943
83	73	0.647434
83	125	0.610914
83	126	0.578346
83	132	1.2141
83	146	1.13032
83	157	1.24015
83	158	1.27736
83	160	1.18372
83	162	1.26882
83	171	1.24624
83	172	1.10339
83	176	1.14768
83	177	1.06488
83	178	1.10921
83	179	1.11734
83	180	1.06753
84	4	1.3571
84	16	1.62401
84	18	1.46957
84	92	1.48839
84	96	1.69301
84	98	1.48779
84	145	0.397805
84	146	0.560826
84	148	1.60547
84	152	1.55238
84	156	0.403442
84	165	0.434975
84	171	0.42449
84	172	0.558119
84	174	1.31326
84	178	0.560888
84	179	0.515555
85	25	0.502262
85	65	0.571739
85	77	0.506626
85	86	0.471773
85	110	0.555438
85	114	0.511822
85	156	1.39226
85	157	1.33699
85	163	1.37088
85	165	1.3595
85	169	0.454633
85	171	1.34307
85	172	1.20023
85	173	1.19018
85	176	1.24451
85	177	1.16172
85	178	1.20604
85	179	1.21417
85	180	1.16436
86	24	1.37178
86	41	1.43294
86	58	1.39111
86	85	0.471773
86	93	0.436397
86	100	1.33012
86	112	1.42609
86	114	1.41837
86	116	1.37271
86	119	1.37639
86	126	1.44516
86	146	0.598881
86	158	0.455262
86	160	0.495747
86	168	1.41146
86	170	0.488428
86	173	0.594527
86	174	1.18234
86	177	0.649172
87	3	1.31105
87	11	1.32419
87	66	0.580744
87	78	1.23293
87	81	1.21137
87	89	1.3106
87	94	1.24367
87	101	1.33654
87	102	1.32505
87	108	1.22721
87	109	0.473025
87	122	1.12645
87	133	1.26307
87	158	0.583006
87	166	0.576673
87	169	1.27425
87	170	0.616173
87	171	0.590289
87	172	0.723919
88	19	1.26641
88	34	1.33791
88	43	1.34503
88	55	1.27733
88	80	1.24789
88	99	1.23661
88	103	0.564258
88	110	1.2508
88	113	1.30623
88	115	0.563922
88	118	1.26444
88	124	1.19888
88	128	1.2986
88	150	1.21171
88	151	0.61225
88	153	0.588067
88	167	0.598685
88	175	0.550699
88	178	0.717387
89	22	1.43228
89	59	1.39288
89	78	1.37006
89	87	1.3106
89	94	1.3808
89	102	1.46218
89	108	1.36434
89	109	0.378011
89	122	1.26358
89	133	1.4002
89	144	1.39611
89	154	0.503053
89	155	0.47639
89	161	0.451468
89	169	1.41138
89	171	0.495275
89	174	0.682597
89	176	0.585776
89	177	0.681903
90	14	1.38944
90	25	1.50904
90	28	1.41685
90	32	1.41276
90	56	1.34078
90	95	1.32524
90	104	1.34851
90	107	1.35323
90	111	1.30853
90	137	0.514963
90	140	0.463541
90	147	0.50474
90	163	0.453878
90	168	1.38665
90	169	1.37882
90	175	0.442564
90	177	0.659481
90	179	0.563918
90	180	0.651505
91	52	0.5492
91	98	0.49696
91	119	0.506935
91	121	0.512227
91	129	1.29666
91	141	1.40941
91	143	0.478573
91	149	0.47681
91	163	1.37267
91	166	1.36212
91	168	0.436637
91	171	1.34486
91	172	1.20201
91	173	1.19196
91	176	1.2463
91	177	1.1635
91	178	1.20783
91	179	1.21596
91	180	1.16615
92	4	1.15144
92	16	1.41835
92	18	1.26391
92	22	1.34978
92	51	1.34843
92	66	1.33921
92	84	1.48839
92	96	1.48735
92	98	1.28213
92	136	0.455898
92	138	0.575687
92	148	1.39981
92	150	0.54753
92	152	1.34672
92	164	0.494115
92	167	0.518755
92	173	0.633041
92	174	1.1076
92	176	0.591559
92	178	0.637456
93	34	0.383894
93	71	1.40912
93	75	1.35108
93	86	0.436397
93	94	1.37479
93	95	0.543608
93	96	0.410697
93	108	1.35833
93	110	0.520063
93	113	0.445241
93	122	1.25757
93	133	1.39419
93	135	1.42092
93	149	0.483491
93	159	1.31577
93	168	0.443318
93	175	1.40083
93	178	1.24709
93	179	1.25523
93	180	1.20542
94	3	1.38125
94	59	1.32596
94	78	1.30313
94	87	1.24367
94	89	1.3808
94	93	1.37479
94	101	1.40674
94	102	1.39525
94	108	1.29741
94	117	0.486984
94	122	1.19665
94	133	1.33327
94	136	0.461332
94	140	0.49718
94	147	0.538379
94	150	0.552964
94	169	1.34445
94	170	0.532375
94	174	0.693814
94	180	0.685144
95	7	1.33351
95	14	1.33208
95	25	1.45168
95	28	1.3595
95	32	1.3554
95	35	1.35117
95	56	1.28343
95	90	1.32524
95	93	0.543608
95	107	1.29588
95	109	0.452491
95	111	1.25118
95	137	0.611865
95	138	0.644384
95	148	0.513175
95	156	0.548707
95	162	0.496208
95	167	0.587452
95	168	1.3293
95	169	1.32146
96	4	1.35605
96	16	1.62297
96	18	1.46852
96	84	1.69301
96	92	1.48735
96	93	0.410697
96	97	0.412367
96	98	1.48675
96	131	0.549257
96	148	1.60443
96	152	1.55134
96	165	0.44733
96	166	0.423228
96	167	0.454541
96	174	1.31221
96	178	0.573242
96	179	0.527909
97	12	1.12128
97	52	0.557551
97	59	0.524266
97	67	0.488837
97	72	0.402491
97	77	1.3914
97	96	0.412367
97	100	0.551491
97	101	0.449472
97	130	1.36653
97	134	1.41416
97	143	1.38491
97	149	1.43906
97	167	1.39528
97	168	0.444988
97	170	1.36852
97	176	1.31715
97	178	1.27868
97	179	1.28681
97	180	1.237
98	4	1.15084
98	16	1.41775
98	18	1.26331
98	22	1.34918
98	51	1.34783
98	66	1.3386
98	84	1.48779
98	91	0.49696
98	92	1.28213
98	96	1.48675
98	129	0.590261
98	148	1.39921
98	152	1.34612
98	159	0.591277
98	161	0.485982
98	166	0.516172
98	170	0.555672
98	173	0.661772
98	174	1.107
98	175	0.499499
99	19	1.31028
99	37	1.20562
99	80	1.29175
99	81	1.26487
99	88	1.23661
99	110	1.29466
99	113	1.35009
99	118	1.30831
99	124	1.24274
99	128	1.34246
99	135	0.530843
99	144	1.31248
99	146	0.689431
99	148	1.39868
99	150	1.25557
99	153	0.560173
99	154	0.560873
99	158	0.545812
99	166	0.539478
99	170	0.578978
99	179	0.64416
100	21	1.46519
100	24	1.26968
100	29	1.20017
100	58	1.28901
100	86	1.33012
100	97	0.551491
100	112	1.324
100	114	1.31627
100	115	0.558902
100	116	1.27061
100	119	1.27429
100	126	1.34306
100	127	0.667849
100	144	1.28626
100	154	0.583746
100	159	0.637457
100	161	0.532161
100	162	0.502421
100	166	0.562351
100	168	1.30937
100	174	1.08024
101	13	1.45871
101	59	1.41883
101	78	1.396
101	87	1.33654
101	94	1.40674
101	97	0.449472
101	102	1.48812
101	108	1.39028
101	122	1.28952
101	131	1.30605
101	133	1.42614
101	135	0.451698
101	142	0.529674
101	144	1.42205
101	162	0.400402
101	167	0.491646
101	169	1.43732
101	170	0.499833
101	172	0.607579
101	174	0.661272
101	176	0.56445
102	3	1.46263
102	13	1.44722
102	36	0.490748
102	44	0.485255
102	59	1.40734
102	87	1.32505
102	89	1.46218
102	94	1.39525
102	101	1.48812
102	108	1.37879
102	122	1.27803
102	127	0.564812
102	129	0.533404
102	131	1.29456
102	133	1.41465
102	135	0.45068
102	154	0.48071
102	165	0.483417
102	169	1.42583
102	175	0.442642
102	177	0.65956
103	7	0.483601
103	11	0.46636
103	81	0.545165
103	88	0.564258
103	114	0.485863
103	124	0.510213
103	128	0.46268
103	140	1.37236
103	142	1.33188
103	155	1.40812
103	162	1.39078
103	164	1.35146
103	166	1.38545
103	168	0.452734
103	172	1.22535
103	173	1.2153
103	176	1.26964
103	177	1.18684
103	178	1.23117
103	179	1.2393
103	180	1.18949
104	13	1.36611
104	25	1.47495
104	69	1.35599
104	75	1.29043
104	90	1.34851
104	105	0.569483
104	107	1.31914
104	111	1.27444
104	122	1.19692
104	133	1.33354
104	144	1.32945
104	151	0.527888
104	154	0.504405
104	158	0.489344
104	163	0.477652
104	169	1.34472
104	172	0.630256
104	175	1.34018
104	176	0.587127
104	180	0.675278
105	1	0.599031
105	24	0.568245
105	40	0.632058
105	104	0.569483
105	125	0.581127
105	133	0.556992
105	137	1.23405
105	153	1.26624
105	160	1.20859
105	161	1.32281
105	163	1.29892
105	165	1.28754
105	169	0.518262
105	171	1.27111
105	172	1.12826
105	173	1.11822
105	176	1.17255
105	177	1.08976
105	178	1.13408
105	179	1.14221
105	180	1.0924
106	1	1.34993
106	22	0.536161
106	33	0.436156
106	42	1.37184
106	76	1.29719
106	82	0.570312
106	120	1.29918
106	121	1.31629
106	123	1.28303
106	125	1.29624
106	130	1.2433
106	134	1.29092
106	135	0.562329
106	136	0.539421
106	143	1.26168
106	149	1.31583
106	159	1.22413
106	163	0.565605
106	165	0.595066
106	167	1.27204
106	179	0.675645
107	7	1.3615
107	14	1.36007
107	22	0.484029
107	25	1.47967
107	28	1.38749
107	35	1.37916
107	56	1.31142
107	66	1.35978
107	90	1.35323
107	95	1.29588
107	104	1.31914
107	109	0.415183
107	111	1.27917
107	117	0.512939
107	142	0.588173
107	150	0.57892
107	155	0.513563
107	165	0.542933
107	167	0.550144
107	168	1.35729
107	169	1.34945
107	178	0.668846
108	3	1.36479
108	11	1.37793
108	78	1.28667
108	87	1.22721
108	89	1.36434
108	93	1.35833
108	94	1.29741
108	101	1.39028
108	102	1.37879
108	122	1.18019
108	131	1.19672
108	132	0.607552
108	133	1.31681
108	140	0.567412
108	144	1.31272
108	148	0.520143
108	161	0.532917
108	162	0.503177
108	164	0.569781
108	167	0.59442
108	169	1.32799
108	175	0.546434
108	179	0.667789
109	9	0.408816
109	38	0.703787
109	42	0.402108
109	71	0.426415
109	73	0.427527
109	87	0.473025
109	89	0.378011
109	95	0.452491
109	107	0.415183
109	116	0.4563
109	135	1.52896
109	138	1.37484
109	160	1.42965
109	161	1.54386
109	162	1.51475
109	164	1.47543
109	171	1.49217
109	172	1.34932
109	173	1.33927
109	177	1.31081
109	178	1.35513
109	179	1.36327
109	180	1.31346
110	19	1.32447
110	23	0.503635
110	34	1.39597
110	37	1.21982
110	55	1.33539
110	80	1.30595
110	85	0.555438
110	88	1.2508
110	93	0.520063
110	99	1.29466
110	113	1.36429
110	118	1.3225
110	124	1.25694
110	128	1.35665
110	137	1.28364
110	148	1.41288
110	150	1.26977
110	158	0.538927
110	160	0.579413
110	161	0.502403
110	163	0.527235
110	166	0.532594
110	178	0.682608
111	7	1.31679
111	14	1.31537
111	25	1.43497
111	28	1.34279
111	32	1.33869
111	35	1.33446
111	56	1.26672
111	66	1.31507
111	90	1.30853
111	95	1.25118
111	104	1.27444
111	107	1.27917
111	129	0.615264
111	141	0.493025
111	145	0.528107
111	150	0.601264
111	154	0.56257
111	155	0.535907
111	160	0.587994
111	163	0.535816
111	168	1.31259
111	169	1.30475
111	176	0.645292
112	24	1.36566
112	29	1.29614
112	41	1.42682
112	62	1.29689
112	67	1.4733
112	86	1.42609
112	100	1.324
112	114	1.41225
112	115	0.495728
112	116	1.36659
112	119	1.37026
112	126	1.43903
112	144	1.38223
112	154	0.520572
112	155	0.493909
112	157	0.521155
112	160	0.545997
112	161	0.468987
112	163	0.493819
112	167	0.530491
112	168	1.40534
112	174	1.17622
112	179	0.603859
112	180	0.691446
113	19	1.3799
113	22	0.422969
113	34	1.4514
113	37	1.27525
113	43	1.45852
113	80	1.36138
113	88	1.30623
113	93	0.445241
113	99	1.35009
113	110	1.36429
113	118	1.37793
113	124	1.31237
113	128	1.41208
113	129	0.53186
113	137	1.33907
113	142	0.527113
113	145	0.444703
113	146	0.607724
113	147	0.503275
113	148	1.4683
113	150	1.3252
113	173	0.603371
113	178	0.607786
113	179	0.562453
114	8	0.425839
114	21	1.55344
114	29	1.28842
114	41	1.41909
114	58	1.37726
114	62	1.28917
114	85	0.511822
114	86	1.41837
114	100	1.31627
114	103	0.485863
114	112	1.41225
114	116	1.35886
114	119	1.36254
114	126	1.43131
114	127	0.594474
114	131	0.615007
114	135	0.480342
114	144	1.37451
114	147	0.534481
114	153	0.509672
114	165	0.513079
114	167	0.520291
114	168	1.39762
114	174	1.16849
115	72	0.409902
115	79	0.523569
115	80	0.555177
115	81	0.544829
115	88	0.563922
115	100	0.558902
115	112	0.495728
115	119	0.522697
115	124	0.509877
115	127	1.26044
115	140	1.35762
115	153	1.34859
115	158	1.38458
115	160	1.29094
115	166	1.37072
115	171	1.35346
115	172	1.21061
115	173	1.20056
115	175	1.37017
115	176	1.2549
115	177	1.1721
115	178	1.21643
115	179	1.22456
115	180	1.17475
116	21	1.50778
116	24	1.31227
116	29	1.24276
116	33	0.42514
116	41	1.37343
116	58	1.33161
116	62	1.24351
116	67	1.41992
116	86	1.37271
116	100	1.27061
116	109	0.4563
116	112	1.36659
116	114	1.35886
116	119	1.31688
116	126	1.38565
116	145	0.546879
116	151	0.604825
116	154	0.581342
116	155	0.554679
116	163	0.554589
116	164	0.566621
116	167	0.59126
116	168	1.35196
116	171	0.573564
116	174	1.12283
117	16	0.42869
117	20	0.510069
117	31	0.512014
117	46	0.500122
117	48	0.536938
117	67	0.493806
117	94	0.486984
117	107	0.512939
117	126	0.456195
117	138	1.28408
117	142	1.36509
117	158	1.43253
117	161	1.4531
117	162	1.42399
117	165	1.41784
117	166	1.41866
117	168	0.449957
117	171	1.40141
117	172	1.25856
117	173	1.24851
117	176	1.30285
117	177	1.22005
117	178	1.26438
117	179	1.27251
117	180	1.2227
118	8	0.431958
118	34	1.40961
118	37	1.23346
118	43	1.41673
118	44	0.521037
118	55	1.34903
118	80	1.31959
118	81	1.29271
118	88	1.26444
118	99	1.30831
118	110	1.3225
118	113	1.37793
118	124	1.27058
118	128	1.3703
118	131	0.621126
118	144	1.34032
118	148	1.42652
118	150	1.28341
118	151	0.539974
118	159	0.570202
118	161	0.464906
118	170	0.534597
118	175	0.478424
118	177	0.695341
118	179	0.599778
119	21	1.51146
119	24	1.31595
119	29	1.24644
119	58	1.33528
119	62	1.24718
119	66	0.530218
119	67	1.42359
119	86	1.37639
119	91	0.506935
119	100	1.27429
119	112	1.37026
119	114	1.36254
119	115	0.522697
119	116	1.31688
119	126	1.38933
119	132	0.570592
119	136	0.494604
119	142	0.595489
119	144	1.33253
119	148	0.483183
119	166	0.526147
119	168	1.35564
119	171	0.539763
119	174	1.12651
119	179	0.630828
120	1	1.39669
120	5	1.39096
120	10	1.21012
120	26	1.31513
120	42	1.4186
120	76	1.34395
120	106	1.29918
120	121	1.36305
120	123	1.32978
120	125	1.343
120	130	1.29005
120	134	1.33768
120	136	0.491958
120	140	0.527805
120	143	1.30844
120	148	0.480537
120	149	1.36259
120	153	0.544196
120	155	0.518233
120	160	0.57032
120	161	0.493311
120	167	1.3188
120	171	0.537117
120	172	0.670747
120	177	0.723745
121	10	1.22724
121	26	1.33225
121	42	1.43572
121	44	1.31501
121	91	0.512227
121	106	1.31629
121	120	1.36305
121	123	1.3469
121	125	1.36012
121	130	1.30717
121	134	1.3548
121	137	1.31929
121	141	0.483289
121	143	1.32555
121	149	1.3797
121	155	0.526171
121	157	0.553417
121	159	1.288
121	160	0.578258
121	161	0.501249
121	162	0.471508
121	167	1.33591
121	174	0.732378
121	175	0.514766
121	179	0.63612
122	3	1.26403
122	11	1.27716
122	13	1.24862
122	33	0.479467
122	59	1.20873
122	78	1.18591
122	81	1.16435
122	87	1.12645
122	89	1.26358
122	93	1.25757
122	94	1.19665
122	101	1.28952
122	102	1.27803
122	104	1.19692
122	108	1.18019
122	133	1.21605
122	137	0.670001
122	144	1.21196
122	145	0.601207
122	155	0.609006
122	160	0.661094
122	165	0.638377
122	167	0.645588
122	169	1.22723
122	171	0.627891
122	179	0.718956
123	1	1.38054
123	10	1.19397
123	26	1.29898
123	76	1.3278
123	106	1.28303
123	120	1.32978
123	121	1.3469
123	125	1.32685
123	130	1.2739
123	131	1.21306
123	132	1.29095
123	134	1.32153
123	143	1.29229
123	145	0.513161
123	148	0.483265
123	149	1.34644
123	151	0.571107
123	153	0.546924
123	158	0.532563
123	159	1.25474
123	162	0.466299
123	167	1.30265
123	171	0.539846
123	173	0.671829
123	174	0.727168
123	180	0.718498
124	19	1.27255
124	34	1.34405
124	37	1.1679
124	43	1.35117
124	55	1.28346
124	80	1.25403
124	81	1.22714
124	88	1.19888
124	99	1.24274
124	103	0.510213
124	110	1.25694
124	113	1.31237
124	115	0.509877
124	118	1.27058
124	127	0.618824
124	128	1.30473
124	137	1.23172
124	144	1.27475
124	148	1.36095
124	150	1.21785
124	157	0.535305
124	158	0.519661
124	159	0.588432
124	173	0.658927
124	175	0.496654
124	177	0.713572
124	180	0.705595
125	5	1.38803
125	10	1.20719
125	26	1.3122
125	42	1.41567
125	76	1.34102
125	82	0.494002
125	83	0.610914
125	105	0.581127
125	106	1.29624
125	120	1.343
125	121	1.36012
125	123	1.32685
125	127	0.600151
125	130	1.28712
125	131	1.22628
125	134	1.33475
125	137	1.29925
125	143	1.30551
125	149	1.35966
125	151	0.539531
125	153	0.515349
125	155	0.489386
125	156	0.487223
125	159	1.26796
125	166	0.494654
125	167	1.31587
125	178	0.644669
125	179	0.599335
126	21	1.58023
126	24	1.38472
126	29	1.3152
126	41	1.44588
126	58	1.40405
126	62	1.31595
126	67	1.49236
126	83	0.578346
126	86	1.44516
126	100	1.34306
126	112	1.43903
126	114	1.43131
126	116	1.38565
126	117	0.456195
126	119	1.38933
126	129	0.536175
126	132	0.506531
126	144	1.4013
126	148	0.419122
126	165	0.486188
126	166	0.462086
126	167	0.493399
126	168	1.4244
126	172	0.609333
126	174	1.19528
126	175	0.445413
126	176	0.566204
126	178	0.612101
127	27	0.624648
127	30	0.64992
127	48	0.648327
127	100	0.667849
127	102	0.564812
127	114	0.594474
127	115	1.26044
127	124	0.618824
127	125	0.600151
127	128	0.571292
127	140	1.24368
127	146	1.1236
127	151	1.22849
127	153	1.23465
127	156	1.2887
127	160	1.177
127	161	1.29122
127	164	1.22279
127	167	1.21908
127	170	1.19233
127	171	1.23952
127	172	1.09667
127	173	1.08662
127	176	1.14096
127	177	1.05816
127	178	1.10249
127	179	1.11062
127	180	1.06081
128	19	1.37227
128	34	1.44376
128	36	0.497228
128	37	1.26761
128	43	1.45088
128	55	1.38318
128	80	1.35374
128	81	1.32686
128	88	1.2986
128	99	1.34246
128	103	0.46268
128	110	1.35665
128	113	1.41208
128	118	1.3703
128	124	1.30473
128	127	0.571292
128	137	1.33144
128	141	0.417645
128	144	1.37447
128	148	1.46067
128	150	1.31756
128	155	0.460526
128	156	0.458363
128	164	0.472468
128	166	0.465794
128	174	0.666733
128	176	0.569912
128	178	0.615809
128	180	0.658063
129	11	0.543563
129	91	1.29666
129	98	0.590261
129	102	0.533404
129	111	0.615264
129	113	0.53186
129	126	0.536175
129	133	0.544608
129	144	0.573709
129	146	1.16842
129	147	1.28914
129	149	0.570111
129	153	1.27947
129	155	1.32426
129	157	1.27825
129	162	1.30692
129	163	1.31215
129	164	1.26761
129	165	1.30077
129	168	0.529938
129	172	1.14149
129	173	1.13144
129	174	1.0843
129	175	1.30105
129	176	1.18578
129	177	1.10298
129	178	1.14731
129	179	1.15544
129	180	1.10563
130	1	1.34081
130	5	1.33508
130	26	1.25925
130	42	1.36272
130	76	1.28807
130	97	1.36653
130	106	1.2433
130	120	1.29005
130	121	1.30717
130	123	1.2739
130	125	1.28712
130	132	1.25122
130	134	1.2818
130	137	1.2463
130	140	0.517268
130	143	1.25256
130	149	1.30671
130	151	0.557841
130	154	0.534359
130	158	0.519298
130	159	1.21501
130	165	0.537066
130	167	1.26292
130	171	0.52658
130	172	0.66021
130	174	0.713903
130	175	0.496291
130	178	0.662979
130	180	0.705232
131	13	1.26515
131	16	0.560611
131	20	0.64199
131	21	0.529942
131	28	0.534221
131	29	0.69568
131	36	1.21957
131	59	1.22527
131	70	0.642356
131	76	1.22723
131	77	0.609811
131	96	0.549257
131	101	1.30605
131	102	1.29456
131	108	1.19672
131	114	0.615007
131	118	0.621126
131	123	1.21306
131	125	1.22628
131	133	1.23258
131	134	1.22096
131	143	1.19172
131	145	1.2786
131	149	1.24587
131	159	1.15417
131	164	1.20578
131	176	1.12395
131	177	1.04116
131	179	1.09362
131	180	1.04381
132	2	0.55097
132	5	1.35212
132	10	1.17129
132	46	0.550459
132	47	0.484074
132	50	1.34937
132	54	0.519257
132	60	0.528962
132	68	1.38024
132	71	0.574507
132	72	1.46121
132	73	1.23709
132	83	1.2141
132	108	0.607552
132	119	0.570592
132	123	1.29095
132	126	0.506531
132	130	1.25122
132	143	1.2696
132	149	1.32375
132	152	0.515361
132	168	1.32949
132	169	0.476233
132	170	1.25321
132	171	1.3004
132	173	1.14751
132	176	1.20184
132	178	1.16337
132	179	1.1715
132	180	1.12169
133	3	1.40065
133	8	0.407381
133	11	1.41378
133	13	1.38524
133	22	1.38475
133	44	0.496459
133	59	1.34535
133	66	0.47459
133	78	1.32253
133	81	1.30097
133	87	1.26307
133	89	1.4002
133	93	1.39419
133	94	1.33327
133	101	1.42614
133	102	1.41465
133	104	1.33354
133	105	0.556992
133	108	1.31681
133	122	1.21605
133	129	0.544608
133	131	1.23258
133	144	1.34858
133	147	0.516023
133	156	0.463088
133	167	0.501832
133	169	1.36385
133	170	0.510019
133	171	0.484136
133	172	0.617765
133	178	0.620534
133	180	0.662787
134	1	1.38844
134	10	1.20187
134	23	0.493981
134	26	1.30688
134	33	0.388132
134	36	0.554373
134	42	1.41035
134	44	1.28965
134	51	1.37178
134	66	0.52701
134	76	1.3357
134	97	1.41416
134	106	1.29092
134	120	1.33768
134	121	1.3548
134	123	1.32153
134	125	1.33475
134	130	1.2818
134	131	1.22096
134	137	1.29393
134	143	1.30019
134	149	1.35434
134	151	0.567817
134	154	0.544334
134	159	1.26264
134	160	0.569758
134	161	0.492749
134	164	0.529613
134	166	0.522939
134	167	1.31055
134	171	0.536556
134	178	0.672954
134	180	0.715207
135	1	0.503923
135	29	0.561015
135	49	0.51938
135	50	0.504635
135	58	0.521058
135	67	0.491062
135	93	1.42092
135	99	0.530843
135	101	0.451698
135	102	0.45068
135	106	0.562329
135	109	1.52896
135	114	0.480342
135	139	1.28293
135	140	1.3735
135	146	1.25342
135	151	1.35831
135	152	0.462281
135	154	1.37797
135	160	1.30682
135	162	1.39192
135	163	1.39715
135	164	1.35261
135	165	1.38577
135	166	1.3866
135	168	0.447214
135	172	1.22649
135	173	1.21644
135	176	1.27078
135	177	1.18798
135	178	1.23231
135	179	1.24044
135	180	1.19063
136	8	1.46149
136	12	0.802718
136	15	0.470111
136	41	0.480575
136	52	0.536869
136	68	0.405777
136	76	0.50682
136	79	0.495475
136	92	0.455898
136	94	0.461332
136	106	0.539421
136	119	0.494604
136	120	0.491958
136	138	1.24632
136	141	1.4282
136	147	1.36845
136	154	1.37228
136	156	1.41283
136	157	1.35756
136	158	1.39477
136	160	1.30113
136	161	1.41535
136	164	1.34692
136	165	1.38008
136	169	0.400245
136	171	1.36365
136	172	1.2208
136	173	1.21075
136	176	1.26509
136	177	1.18229
136	178	1.22662
136	179	1.23475
136	180	1.18494
137	41	0.567844
137	47	0.495355
137	53	0.53908
137	55	1.31017
137	61	0.50541
137	67	0.555423
137	68	0.493046
137	74	0.517354
137	80	1.28073
137	90	0.514963
137	95	0.611865
137	105	1.23405
137	110	1.28364
137	113	1.33907
137	121	1.31929
137	122	0.670001
137	124	1.23172
137	125	1.29925
137	128	1.33144
137	130	1.2463
137	134	1.29393
137	143	1.26468
137	144	1.30146
137	149	1.31883
137	151	1.28446
137	152	0.526642
137	161	1.34718
137	169	0.487515
137	172	1.15264
137	177	1.11413
137	178	1.15845
137	179	1.16658
137	180	1.11677
138	29	0.657896
138	65	0.63714
138	75	0.628718
138	79	0.615264
138	92	0.575687
138	95	0.644384
138	109	1.37484
138	117	1.28408
138	136	1.24632
138	143	0.586031
138	147	1.22001
138	151	1.20418
138	152	0.559162
138	153	1.21034
138	154	1.22384
138	155	1.25513
138	156	1.2644
138	164	1.19848
138	165	1.23164
138	167	1.19477
138	168	0.544094
138	169	0.520034
138	170	1.16802
138	171	1.21521
138	172	1.07237
138	173	1.06232
138	176	1.11665
138	177	1.03386
138	178	1.07818
138	179	1.08631
138	180	1.0365
139	10	0.68456
139	19	0.528965
139	43	0.569838
139	45	0.648526
139	59	0.634399
139	60	0.583789
139	63	0.538682
139	68	0.536592
139	80	0.657899
139	82	1.24474
139	135	1.28293
139	140	1.25029
139	142	1.20982
139	146	1.13021
139	152	0.570188
139	155	1.28605
139	158	1.27725
139	160	1.18361
139	162	1.26871
139	163	1.27394
139	164	1.2294
139	165	1.26256
139	166	1.26339
139	169	0.531061
139	171	1.24613
139	172	1.10328
139	173	1.09323
139	175	1.26284
139	176	1.14757
139	177	1.06477
139	178	1.1091
139	179	1.11723
139	180	1.06742
140	27	0.523455
140	51	0.45496
140	52	0.572716
140	75	0.544777
140	80	0.562931
140	90	0.463541
140	94	0.49718
140	103	1.37236
140	108	0.567412
140	115	1.35762
140	120	0.527805
140	127	1.24368
140	130	0.517268
140	135	1.3735
140	139	1.25029
140	149	0.500326
140	151	1.32567
140	154	1.34533
140	155	1.37662
140	156	1.38588
140	158	1.36782
140	161	1.3884
140	163	1.36451
140	166	1.35396
140	168	0.460153
140	169	0.436093
140	171	1.3367
140	172	1.19385
140	173	1.18381
140	176	1.23814
140	177	1.15535
140	178	1.19967
140	179	1.2078
140	180	1.15799
141	2	1.43938
141	5	0.462439
141	9	1.43701
141	24	0.433622
141	25	0.431268
141	27	0.471001
141	30	1.30101
141	35	0.428234
141	37	0.522246
141	38	0.759285
141	45	1.2968
141	46	1.45443
141	49	1.39782
141	50	0.46512
141	59	0.486977
141	60	1.38904
141	64	1.33515
141	70	1.42235
141	71	0.481913
141	74	1.353
141	79	1.353
141	91	1.40941
141	111	0.493025
141	121	0.483289
141	128	0.417645
141	136	1.4282
