1	46	1.1914
1	52	1.19122
1	59	1.26219
1	63	1.15475
1	69	1.16119
1	77	0.650348
1	78	1.20628
1	89	1.17426
1	118	0.516265
1	128	0.623481
1	173	1.25871
1	174	0.611955
2	80	1.13584
2	91	0.616321
2	120	1.18554
2	121	1.17786
2	144	1.25006
2	145	0.63047
2	149	1.20627
2	150	0.592764
2	151	1.1998
2	167	1.2157
2	168	0.565056
2	169	1.22892
3	31	1.15648
3	46	1.20135
3	59	1.27215
3	63	1.1647
3	69	1.17115
3	89	1.18421
3	114	1.18129
3	140	0.670913
3	157	0.607271
3	168	0.564105
3	173	1.26867
3	180	0.562202
4	39	0.714526
4	61	1.06102
4	95	1.06022
4	140	1.02779
4	151	0.838336
4	155	0.844794
4	160	1.08359
4	162	1.06129
4	175	1.06482
4	178	1.08932
4	179	1.07077
4	180	1.08119
5	16	1.248
5	39	1.24497
5	50	1.22013
5	51	1.09709
5	70	1.1833
5	90	1.18502
5	94	1.23011
5	101	0.541272
5	116	1.19138
5	171	0.630024
5	175	0.616172
5	179	0.619536
6	38	1.0209
6	45	1.13334
6	60	1.06808
6	101	0.761952
6	133	1.05869
6	143	0.770068
6	156	1.09439
6	161	1.05961
6	164	0.869927
6	168	1.06281
6	172	1.04941
6	177	1.05277
7	50	1.08903
7	67	1.04972
7	69	1.0348
7	70	1.05219
7	78	1.07989
7	89	1.04787
7	90	1.05391
7	108	0.798124
7	116	1.06027
7	171	0.811191
7	173	1.13232
7	175	0.797339
8	14	1.00468
8	92	0.755259
8	105	1.07106
8	110	0.851748
8	121	1.04215
8	143	1.08824
8	158	1.08172
8	167	1.07999
8	169	1.09322
8	170	1.07553
8	171	0.799719
8	177	1.06341
9	95	0.632969
9	102	1.1948
9	110	0.661931
9	131	1.19991
9	148	1.20092
9	156	1.23147
9	161	1.19668
9	168	1.19989
9	172	1.18649
9	173	0.517762
9	175	0.59605
9	177	1.18985
10	82	1.13609
10	142	0.641028
10	144	0.556583
10	145	1.20373
10	149	0.588681
10	153	1.21341
10	162	1.203
10	166	1.22491
10	170	0.606505
10	171	1.18943
10	175	1.20653
10	180	1.2229
11	34	1.17009
11	48	1.21734
11	56	0.604822
11	97	0.565238
11	133	0.604278
11	148	0.619271
11	162	1.18845
11	163	1.20938
11	175	1.19198
11	178	1.21648
11	179	1.19793
11	180	1.20835
12	43	0.685776
12	55	0.550405
12	107	1.17813
12	129	1.18314
12	145	1.18045
12	151	0.584272
12	163	1.20066
12	170	0.573722
12	173	1.26104
12	178	1.20775
12	179	1.1892
12	180	1.19963
13	51	0.717467
13	139	1.18112
13	144	0.498986
13	145	1.17768
13	146	0.622202
13	147	1.20148
13	160	1.19926
13	166	1.19887
13	173	1.25828
13	177	0.554549
13	179	1.18644
13	180	1.19686
14	8	1.00468
14	71	0.801366
14	130	0.806687
14	135	1.05779
14	143	1.08814
14	148	0.790135
14	154	1.06102
14	158	1.08162
14	159	1.0583
14	167	1.07989
14	169	1.09312
14	170	1.07543
15	16	1.10718
15	20	1.06895
15	39	1.10414
15	44	0.997098
15	50	1.07931
15	70	1.04248
15	97	1.10558
15	99	0.846509
15	116	1.05056
15	129	1.0447
15	157	0.802273
15	180	0.757204
16	5	1.248
16	15	1.10718
16	44	1.14962
16	70	1.195
16	72	0.564005
16	84	0.580548
16	94	1.24181
16	97	1.2581
16	116	1.20308
16	129	1.19722
16	166	0.627944
16	177	0.623424
17	60	1.07352
17	87	0.78599
17	106	0.735843
17	114	1.0551
17	128	1.07671
17	136	1.05554
17	141	1.09276
17	161	1.06505
17	162	0.880167
17	168	1.06825
17	172	1.05485
17	177	1.05821
18	23	1.16411
18	54	0.618327
18	83	0.746681
18	113	1.2052
18	115	1.14587
18	128	1.15953
18	138	1.12335
18	162	0.64184
18	163	0.601915
18	168	1.15107
18	172	1.13768
18	174	1.15312
18	176	1.16006
19	67	0.650081
19	114	0.615547
19	128	0.661803
19	142	1.1333
19	143	1.17284
19	152	1.15287
19	154	1.14572
19	157	0.671614
19	158	1.16632
19	159	1.143
19	169	1.17781
19	170	1.16013
19	177	1.14801
20	15	1.06895
20	39	1.21844
20	50	1.19361
20	51	1.07056
20	67	1.1543
20	70	1.15677
20	90	1.15849
20	97	1.21988
20	129	1.159
20	147	0.643583
20	160	0.647208
20	173	0.617192
20	179	0.698844
21	31	1.10982
21	32	0.522169
21	58	1.13738
21	78	1.16957
21	89	1.13755
21	167	0.695254
21	170	0.684975
21	173	1.222
21	175	1.14422
21	177	0.690615
21	178	1.16872
21	179	1.15017
21	180	1.16059
22	49	0.59877
22	83	1.10476
22	110	1.13566
22	112	0.618705
22	121	0.698187
22	127	1.17352
22	134	0.67659
22	140	1.12373
22	157	1.15994
22	176	1.17331
22	178	1.18525
22	179	1.1667
22	180	1.17713
23	18	1.16411
23	36	0.694843
23	47	0.604181
23	68	1.24854
23	93	1.13405
23	108	0.668083
23	136	1.14244
23	138	1.12744
23	146	1.12234
23	168	1.15516
23	172	1.14176
23	176	1.16415
23	178	0.642164
24	29	0.635952
24	72	0.588231
24	115	0.655067
24	117	1.15595
24	122	1.12491
24	143	1.16818
24	146	0.715303
24	159	1.13834
24	169	1.17315
24	170	1.15547
24	174	1.15544
24	176	1.16237
24	180	1.16619
25	72	1.20444
25	73	1.20815
25	108	0.637405
25	109	0.664746
25	134	1.13025
25	148	1.14632
25	161	1.14208
25	164	0.669696
25	172	1.13189
25	174	1.14734
25	175	0.63662
25	176	1.15428
25	177	1.13525
26	36	1.13244
26	63	0.673985
26	120	0.668236
26	140	1.12329
26	141	0.613899
26	163	1.17772
26	164	1.13527
26	165	0.637661
26	171	1.14322
26	175	1.16031
26	178	1.18481
26	179	1.16626
26	180	1.17669
27	113	0.601759
27	126	0.647956
27	132	1.15769
27	143	1.16634
27	154	1.13922
27	155	1.14367
27	158	1.15982
27	160	0.665886
27	165	1.15025
27	167	1.15809
27	168	0.681667
27	169	1.17131
27	170	1.15362
28	108	1.1286
28	119	1.19281
28	122	1.13234
28	123	1.12949
28	148	0.622025
28	153	1.16413
28	154	0.666136
28	159	0.664401
28	166	1.17564
28	171	1.14016
28	177	0.640076
28	179	1.1632
28	180	1.17363
29	24	0.635952
29	45	1.2262
29	86	1.15554
29	99	1.1081
29	130	0.654682
29	141	1.18018
29	146	1.12286
29	148	1.15671
29	161	1.15247
29	166	0.6607
29	168	1.15568
29	170	0.65054
29	172	1.14228
30	34	0.598721
30	102	1.24366
30	115	1.24354
30	126	1.25441
30	133	1.24462
30	140	0.637303
30	154	1.23642
30	155	0.545307
30	161	1.24554
30	167	0.538578
30	172	1.23535
30	173	0.484698
30	176	1.25774
30	177	1.23871
31	3	1.15648
31	21	1.10982
31	46	1.11106
31	52	1.11088
31	63	1.07441
31	69	1.08085
31	78	1.12593
31	89	1.09392
31	111	0.659682
31	113	1.15828
31	133	0.66272
31	150	0.720026
31	164	0.757885
31	173	1.17837
32	21	0.522169
32	62	1.32904
32	80	1.16849
32	83	0.655463
32	105	1.23941
32	110	0.594358
32	118	1.27325
32	135	1.22624
32	149	1.23891
32	151	1.23245
32	166	0.503951
32	167	1.24834
32	170	1.24388
32	179	0.531842
33	55	1.26192
33	82	0.68593
33	121	1.21353
33	143	1.25962
33	145	0.578978
33	151	1.23547
33	152	1.23965
33	161	0.530614
33	165	1.24353
33	169	1.26459
33	170	1.2469
33	173	0.467767
33	176	0.542962
33	177	1.23478
34	11	1.17009
34	30	0.598721
34	95	1.10849
34	104	1.05795
34	106	1.18155
34	120	0.74108
34	131	0.739351
34	148	0.714609
34	153	1.11997
34	157	1.11229
34	164	1.08805
34	175	1.11309
34	179	1.11904
34	180	1.12947
35	104	0.650884
35	105	1.23978
35	111	1.25405
35	151	1.23282
35	158	1.25044
35	159	1.22712
35	162	0.570032
35	163	0.530107
35	165	1.24088
35	167	1.24871
35	169	1.26194
35	170	1.24425
35	176	0.544794
35	180	0.513493
36	23	0.694843
36	26	1.13244
36	79	1.13768
36	84	0.681593
36	117	1.11324
36	160	1.12588
36	165	0.702315
36	166	1.12549
36	171	1.09001
36	172	0.716429
36	175	1.10711
36	178	1.13161
36	179	1.11306
36	180	1.12348
37	38	0.670774
37	39	1.25771
37	44	1.15067
37	50	1.23288
37	51	1.10983
37	67	1.19357
37	70	1.19604
37	75	0.634637
37	90	1.19776
37	97	1.25915
37	98	0.574372
37	116	1.20412
37	129	1.19827
37	139	0.560918
37	176	0.567882
38	6	1.0209
38	37	0.670774
38	60	1.10547
38	115	1.095
38	128	1.10866
38	131	1.10022
38	133	1.09608
38	136	1.08749
38	137	0.757524
38	144	0.74116
38	146	1.06739
38	156	1.13179
38	168	1.10021
38	172	1.08681
38	179	0.829133
39	4	0.714526
39	5	1.24497
39	15	1.10414
39	20	1.21844
39	37	1.25771
39	51	1.10575
39	67	1.18949
39	70	1.19197
39	90	1.19368
39	94	1.23877
39	97	1.25507
39	157	0.588699
39	159	0.573302
39	176	0.574931
39	177	0.548977
40	80	1.1312
40	121	1.17322
40	124	0.579264
40	143	1.21931
40	144	1.24542
40	158	1.21279
40	159	1.18947
40	165	1.20323
40	169	1.22428
40	170	1.2066
40	174	0.607166
40	175	0.617829
40	177	1.19448
40	179	0.621193
40	180	0.583435
41	76	0.69121
41	87	1.09186
41	120	1.06917
41	121	1.06149
41	135	1.07722
41	141	0.740675
41	144	1.13369
41	151	1.08343
41	155	1.08491
41	165	1.09149
41	166	0.79111
41	167	1.09933
41	169	1.11255
41	170	1.09486
41	180	0.781242
42	45	0.558356
42	102	0.617432
42	127	1.20417
42	140	1.15438
42	147	1.2124
42	159	0.643102
42	160	1.21018
42	164	1.16636
42	165	0.596624
42	166	1.20979
42	169	0.576639
42	171	1.17431
42	173	1.2692
42	175	1.19141
42	180	1.20778
43	12	0.685776
43	55	1.10434
43	105	1.08486
43	143	1.10204
43	147	0.75144
43	150	0.798553
43	151	1.07789
43	152	1.08207
43	158	1.09552
43	165	1.08595
43	167	1.09379
43	169	1.10701
43	170	1.08933
43	172	0.766251
43	177	1.0772
44	15	0.997098
44	16	1.14962
44	37	1.15067
44	50	1.12175
44	51	0.998704
44	67	1.08244
44	70	1.08492
44	90	1.08664
44	97	1.14802
44	116	1.093
44	129	1.08714
44	157	0.774768
44	175	0.764093
44	177	0.735047
44	180	0.729699
45	6	1.13334
45	29	1.2262
45	42	0.558356
45	122	0.669055
45	130	0.605958
45	133	1.20852
45	138	1.18492
45	147	0.584605
45	148	1.21367
45	150	1.21171
45	154	1.20032
45	161	1.20944
45	165	0.585302
45	168	1.21264
45	172	1.19924
46	1	1.1914
46	3	1.20135
46	31	1.11106
46	52	1.15575
46	59	1.22672
46	63	1.11928
46	69	1.12572
46	78	1.17081
46	82	0.739914
46	89	1.13879
46	98	0.603436
46	114	1.13587
46	146	0.638647
46	157	0.610715
46	171	0.613891
46	173	1.22324
47	23	0.604181
47	82	1.09272
47	106	1.23162
47	112	0.602695
47	115	0.641224
47	121	0.682178
47	129	1.16304
47	130	1.16871
47	139	1.16379
47	142	0.662689
47	162	1.15963
47	164	1.13812
47	171	1.14607
47	178	1.18766
47	179	1.16911
47	180	1.17954
48	11	1.21734
48	53	0.601038
48	66	1.14694
48	90	0.645129
48	103	1.16769
48	109	1.12808
48	122	1.13543
48	127	1.1731
48	161	0.655955
48	167	0.646989
48	171	1.14324
48	175	1.16034
48	177	0.642351
48	178	1.18484
48	179	1.16629
48	180	1.17671
49	22	0.59877
49	68	1.25215
49	85	1.18149
49	102	1.15369
49	136	1.14606
49	138	1.13105
49	141	1.18329
49	145	0.6788
49	146	1.12596
49	157	1.1544
49	168	1.15878
49	171	0.65973
49	172	1.14538
49	176	1.16776
49	178	0.620743
49	179	0.649242
50	5	1.22013
50	7	1.08903
50	15	1.07931
50	20	1.19361
50	37	1.23288
50	44	1.12175
50	51	1.08092
50	82	0.741675
50	90	1.16885
50	94	1.21394
50	96	0.636539
50	97	1.23024
50	100	0.669818
50	129	1.16936
50	150	0.597017
50	158	0.561185
51	5	1.09709
51	13	0.717467
51	20	1.07056
51	37	1.10983
51	39	1.10575
51	44	0.998704
51	50	1.08092
51	67	1.04161
51	70	1.04408
51	79	0.779608
51	90	1.0458
51	97	1.10719
51	108	0.860627
51	116	1.05216
51	129	1.04631
51	174	0.849179
52	1	1.19122
52	31	1.11088
52	46	1.15575
52	59	1.22654
52	63	1.1191
52	69	1.12554
52	78	1.17063
52	89	1.13861
52	103	0.597646
52	110	0.720161
52	113	1.20297
52	114	1.13569
52	129	0.628181
52	173	1.22306
52	174	0.643618
52	180	0.619887
53	48	0.601038
53	118	1.19314
53	122	0.688164
53	132	1.16784
53	135	1.14613
53	145	0.688533
53	149	1.1588
53	151	1.15234
53	158	1.16997
53	159	1.14665
53	167	1.16824
53	169	1.18146
53	170	1.16377
53	173	0.577323
53	176	0.652518
53	177	1.15165
54	18	0.618327
54	59	0.587749
54	76	1.19776
54	85	0.664318
54	111	0.659473
54	119	1.18766
54	123	1.12434
54	127	1.16486
54	133	0.662512
54	166	1.17048
54	171	1.13501
54	175	1.1521
54	176	1.16466
54	178	1.1766
54	179	1.15805
54	180	1.16848
55	12	0.550405
55	33	1.26192
55	43	1.10434
55	105	1.15683
55	118	1.19066
55	120	1.1356
55	121	1.12792
55	132	1.16536
55	155	1.15134
55	163	0.650186
55	164	0.701042
55	167	1.16576
55	168	0.635475
55	169	1.17898
55	170	1.1613
55	175	0.667966
56	11	0.604822
56	100	0.732441
56	123	0.668829
56	135	1.15245
56	137	1.14721
56	142	1.14327
56	151	1.15866
56	152	1.16284
56	155	1.16013
56	158	1.17629
56	160	0.616152
56	165	1.16672
56	167	1.17456
56	169	1.18778
56	170	1.17009
56	173	0.586136
57	73	0.643107
57	81	0.791279
57	95	1.1247
57	117	1.13543
57	118	0.632837
57	122	1.10439
57	126	0.672987
57	139	1.12993
57	144	0.654581
57	163	1.1467
57	166	1.14768
57	171	1.11221
57	174	1.13492
57	175	1.1293
57	178	1.1538
57	179	1.13525
57	180	1.14568
58	21	1.13738
58	67	0.671312
58	79	1.15872
58	93	0.699857
58	101	1.16433
58	110	1.10305
58	117	1.13428
58	131	0.659815
58	134	0.679898
58	140	1.09112
58	153	1.13502
58	154	0.679184
58	171	1.11105
58	174	1.13377
58	178	1.15265
58	179	1.1341
58	180	1.14452
59	1	1.26219
59	3	1.27215
59	46	1.22672
59	52	1.22654
59	54	0.587749
59	63	1.19007
59	69	1.19651
59	78	1.2416
59	89	1.20958
59	113	1.27394
59	114	1.20666
59	144	0.50451
59	163	0.571338
59	173	1.29403
59	176	0.586025
59	178	0.563984
59	179	0.592482
60	6	1.06808
60	17	1.07352
60	38	1.10547
60	63	0.651544
60	72	1.20653
60	88	1.15249
60	93	1.12628
60	98	0.669817
60	99	1.09981
60	104	0.769417
60	115	1.14218
60	124	0.627855
60	126	1.15305
60	156	1.17897
60	161	1.14418
60	162	0.688564
60	174	1.14944
61	4	1.06102
61	115	0.70191
61	125	1.15672
61	136	0.702231
61	141	0.648576
61	147	1.15217
61	162	1.12765
61	163	1.14858
61	164	1.10613
61	166	1.14956
61	169	0.652354
61	171	1.11408
61	172	0.686452
61	176	1.14373
61	178	1.15568
61	179	1.13713
61	180	1.14755
62	32	1.32904
62	87	1.22843
62	105	1.22697
62	112	1.24107
62	135	1.2138
62	137	1.20856
62	152	1.22419
62	157	0.598741
62	161	0.572624
62	162	0.61021
62	165	1.22807
62	169	1.24913
62	170	1.23144
62	173	0.509777
62	177	1.21932
62	178	0.562931
62	180	0.553671
63	1	1.15475
63	3	1.1647
63	26	0.673985
63	31	1.07441
63	46	1.11928
63	52	1.1191
63	59	1.19007
63	60	0.651544
63	69	1.08907
63	78	1.13416
63	89	1.10214
63	113	1.1665
63	114	1.09922
63	115	0.689466
63	166	0.686568
63	173	1.18659
63	174	0.700431
64	73	0.614616
64	120	1.11389
64	127	0.652801
64	137	1.1167
64	149	1.13462
64	152	1.13233
64	155	1.12963
64	157	0.721374
64	158	1.14578
64	159	1.12246
64	162	0.732843
64	165	1.13622
64	167	1.14405
64	169	1.15727
64	170	1.13959
64	177	1.12747
64	178	0.685565
65	95	1.12308
65	101	1.16386
65	119	1.16323
65	122	1.10277
65	148	0.666571
65	149	0.661157
65	150	1.13032
65	153	1.13455
65	161	0.698226
65	163	1.14508
65	164	1.10263
65	168	0.681176
65	171	1.11058
65	175	1.12768
65	177	0.684621
65	178	1.15218
65	180	1.14405
66	48	1.14694
66	83	1.06559
66	85	0.680672
66	94	0.617131
66	106	1.19004
66	113	0.628556
66	117	1.12772
66	125	1.14712
66	135	0.721702
66	142	0.740792
66	160	1.14036
66	164	1.09654
66	166	1.13997
66	176	1.13414
66	178	1.14609
66	179	1.12754
66	180	1.13796
67	7	1.04972
67	19	0.650081
67	20	1.1543
67	37	1.19357
67	39	1.18949
67	44	1.08244
67	51	1.04161
67	58	0.671312
67	70	1.12782
67	90	1.12954
67	94	1.17463
67	97	1.19093
67	103	0.658478
67	116	1.1359
67	129	1.13005
67	159	0.710391
67	176	0.71202
68	23	1.24854
68	49	1.25215
68	75	0.617602
68	126	1.24116
68	138	1.20778
68	139	0.543883
68	141	1.26001
68	146	1.20268
68	156	1.26708
68	162	0.576084
68	164	0.587015
68	167	0.529533
68	168	1.2355
68	172	1.2221
68	174	1.23755
68	175	0.55394
68	177	1.22546
69	1	1.16119
69	3	1.17115
69	7	1.0348
69	31	1.08085
69	46	1.12572
69	52	1.12554
69	59	1.19651
69	63	1.08907
69	78	1.1406
69	79	0.609284
69	89	1.10858
69	100	0.757535
69	108	0.690303
69	113	1.17294
69	166	0.664993
69	173	1.19303
69	175	0.689518
70	5	1.1833
70	7	1.05219
70	15	1.04248
70	16	1.195
70	20	1.15677
70	37	1.19604
70	39	1.19197
70	44	1.08492
70	51	1.04408
70	67	1.12782
70	82	0.798204
70	90	1.13202
70	97	1.1934
70	163	0.640549
70	164	0.691404
70	176	0.655236
70	180	0.623935
71	14	0.801366
71	88	1.13643
71	101	0.615205
71	113	1.18546
71	130	0.65956
71	133	1.12721
71	134	1.11629
71	136	1.11862
71	141	1.15585
71	146	1.09852
71	155	0.672426
71	156	1.16292
71	161	1.12813
71	168	1.13134
71	172	1.11794
71	177	1.1213
71	180	0.65571
72	16	0.564005
72	24	0.588231
72	25	1.20444
72	60	1.20653
72	85	1.22398
72	126	1.20693
72	131	1.20129
72	133	1.19714
72	136	1.18855
72	146	1.16845
72	164	0.670581
72	166	0.612979
72	168	1.20127
72	172	1.18787
72	173	0.559217
72	174	1.20332
72	176	1.21025
72	178	0.612371
73	25	1.20815
73	57	0.643107
73	64	0.614616
73	84	1.229
73	101	0.554987
73	125	0.5871
73	131	1.205
73	133	1.20086
73	134	1.18994
73	138	1.17726
73	142	1.18024
73	150	1.20405
73	167	0.605479
73	168	1.20499
73	170	0.5952
73	172	1.19159
73	176	1.21397
73	177	1.19494
74	98	0.588103
74	118	1.22826
74	121	1.16552
74	137	1.17601
74	144	1.23772
74	145	0.617628
74	146	0.623313
74	149	1.19393
74	150	0.579923
74	151	1.18746
74	152	1.19164
74	158	1.20509
74	164	0.617782
74	165	1.19552
74	167	1.20336
74	169	1.21658
74	170	1.1989
74	176	0.581613
75	37	0.634637
75	68	0.617602
75	96	1.08423
75	116	0.759355
75	125	1.12632
75	144	1.14526
75	145	1.09798
75	146	0.828239
75	149	1.10146
75	154	1.09203
75	159	1.08931
75	168	0.757141
75	169	1.12412
75	170	1.10643
75	171	1.08369
75	178	1.12528
75	179	1.10673
75	180	1.11716
76	41	0.69121
76	54	1.19776
76	93	0.619231
76	106	1.24909
76	116	0.571267
76	119	1.21619
76	130	1.18619
76	139	1.18127
76	149	0.549033
76	154	0.598558
76	158	0.560928
76	163	1.19804
76	164	1.15559
76	173	1.25842
76	175	1.18064
76	176	1.19319
76	179	1.18659
76	180	1.19701
77	1	0.650348
77	93	0.771388
77	95	1.09268
77	104	1.04214
77	120	0.733076
77	124	1.11714
77	139	1.09791
77	142	0.753537
77	160	1.11605
77	163	1.11468
77	166	1.11566
77	169	0.682516
77	171	1.08018
77	173	1.17507
77	176	1.10983
77	178	1.12178
77	179	1.10323
77	180	1.11365
78	1	1.20628
78	7	1.07989
78	21	1.16957
78	31	1.12593
78	46	1.17081
78	52	1.17063
78	59	1.2416
78	63	1.13416
78	69	1.1406
78	89	1.15366
78	113	1.21803
78	114	1.15074
78	121	0.65328
78	160	0.585682
78	164	0.66703
78	171	0.647806
78	173	1.23812
78	174	0.623291
78	176	0.630861
79	36	1.13768
79	51	0.779608
79	58	1.15872
79	69	0.609284
79	102	0.615344
79	122	1.14064
79	123	1.13779
79	124	1.18541
79	141	0.570774
79	154	0.64275
79	160	1.18433
79	162	1.16202
79	163	1.18296
79	169	0.574552
79	171	1.14846
79	173	1.24334
79	174	1.17117
79	175	1.16555
79	180	1.18193
80	2	1.13584
80	32	1.16849
80	40	1.1312
80	106	0.686943
80	107	0.773827
80	108	1.03659
80	116	0.778847
80	132	1.07495
80	142	1.04407
80	143	1.0836
80	144	1.10971
80	151	1.05945
80	159	1.05376
80	160	0.760851
80	165	1.06752
80	167	1.07535
80	169	1.08857
80	170	1.07089
80	176	0.80603
81	57	0.791279
81	109	0.806185
81	112	1.0968
81	118	1.11654
81	120	1.06147
81	123	0.782464
81	127	0.72016
81	132	1.09123
81	135	1.06953
81	137	1.06429
81	149	1.0822
81	152	1.07992
81	155	1.07721
81	156	0.704274
81	158	1.09336
81	165	1.0838
81	167	1.09163
81	169	1.10486
81	170	1.08717
82	10	1.13609
82	33	0.68593
82	46	0.739914
82	47	1.09272
82	50	0.741675
82	70	0.798204
82	101	1.10072
82	106	1.13299
82	153	1.07141
82	157	1.06373
82	160	1.08331
82	162	1.061
82	166	1.08292
82	168	0.833353
82	174	1.07015
82	175	1.06454
82	178	1.08904
82	179	1.07049
82	180	1.08091
83	18	0.746681
83	22	1.10476
83	32	0.655463
83	66	1.06559
83	114	0.807564
83	117	1.08512
83	122	1.05408
83	124	1.09885
83	125	1.10452
83	130	1.08454
83	137	0.784711
83	147	1.09998
83	153	1.08586
83	164	1.05394
83	165	0.801756
83	175	1.07899
83	178	1.10349
83	179	1.08494
83	180	1.09536
84	16	0.580548
84	36	0.681593
84	73	1.229
84	85	1.18885
84	126	1.17179
84	131	1.16615
84	138	1.13841
84	139	0.643991
84	146	1.13332
84	152	0.616433
84	156	1.19771
84	157	1.16175
84	161	1.16293
84	168	1.16613
84	172	1.15274
84	175	0.654048
84	176	1.17512
84	177	1.15609
84	178	0.628913
85	49	1.18149
85	54	0.664318
85	66	0.680672
85	72	1.22398
85	84	1.18885
85	106	0.543507
85	125	0.622899
85	131	1.16485
85	133	1.16071
85	136	1.15212
85	139	0.655629
85	146	1.13202
85	156	1.19641
85	161	1.16163
85	168	1.16483
85	172	1.15144
85	174	1.16688
85	177	1.15479
85	178	0.640552
86	29	1.15554
86	115	1.13678
86	117	0.649865
86	126	1.14764
86	128	1.15044
86	130	0.657146
86	134	1.12694
86	138	1.11426
86	140	0.762008
86	141	1.16649
86	148	1.14302
86	156	1.17356
86	161	1.13878
86	163	0.66991
86	168	1.14198
86	172	1.12859
86	173	0.609402
86	174	1.14403
86	177	1.13194
86	178	0.662556
87	17	0.78599
87	41	1.09186
87	62	1.22843
87	95	0.690855
87	119	0.575209
87	120	1.11758
87	121	1.1099
87	143	1.15599
87	144	1.1821
87	149	1.1383
87	150	0.649154
87	152	1.13602
87	155	1.13331
87	158	1.14947
87	159	1.12615
87	165	1.1399
87	167	1.14774
87	170	1.14327
87	176	0.650844
87	179	0.657301
88	60	1.15249
88	71	1.13643
88	91	0.729228
88	102	1.14213
88	106	0.588274
88	111	1.1591
88	124	0.67189
88	127	0.652556
88	128	1.15568
88	129	0.684355
88	134	1.13218
88	136	1.1345
88	141	1.17173
88	146	1.1144
88	148	1.14825
88	154	1.13489
88	168	1.14722
88	172	1.13382
88	177	1.13718
88	178	0.68532
89	1	1.17426
89	3	1.18421
89	7	1.04787
89	21	1.13755
89	31	1.09392
89	46	1.13879
89	52	1.13861
89	59	1.20958
89	63	1.10214
89	69	1.10858
89	78	1.15366
89	113	1.18601
89	114	1.11873
89	117	0.666184
89	126	0.637807
89	144	0.619401
89	166	0.679483
89	173	1.2061
89	174	0.693346
89	179	0.707374
90	5	1.18502
90	7	1.05391
90	20	1.15849
90	37	1.19776
90	39	1.19368
90	44	1.08664
90	48	0.645129
90	50	1.16885
90	51	1.0458
90	67	1.12954
90	70	1.13202
90	94	1.17883
90	97	1.19512
90	103	0.643068
90	116	1.1401
90	123	0.704107
90	129	1.13424
90	158	0.659087
90	174	0.689039
90	180	0.665308
91	2	0.616321
91	88	0.729228
91	101	1.15059
91	104	1.05927
91	110	1.08932
91	124	1.13427
91	125	1.13995
91	126	0.678541
91	127	1.12717
91	131	0.722389
91	138	0.740109
91	139	1.11504
91	147	1.13541
91	157	1.1136
91	162	1.11088
91	172	0.707658
91	174	1.12003
91	175	1.11441
91	178	1.13891
91	179	1.12036
91	180	1.13079
92	8	0.755259
92	120	0.674736
92	121	0.714686
92	123	1.08682
92	130	1.12013
92	134	0.69309
92	141	0.6204
92	145	1.11178
92	146	0.733968
92	147	1.13558
92	153	1.12146
92	160	1.13335
92	162	1.11105
92	163	1.13198
92	164	1.08954
92	166	1.13296
92	174	1.1202
92	175	1.11458
92	178	1.13908
92	179	1.12053
92	180	1.13096
93	23	1.13405
93	58	0.699857
93	60	1.12628
93	76	0.619231
93	77	0.771388
93	103	0.687023
93	113	1.17514
93	115	1.1158
93	126	1.12667
93	128	1.12947
93	131	1.12103
93	138	1.09329
93	142	1.09627
93	146	1.08819
93	148	1.12204
93	150	1.12008
93	168	1.12101
93	172	1.10761
93	174	1.12306
93	178	0.718523
93	180	0.709263
94	5	1.23011
94	16	1.24181
94	39	1.23877
94	50	1.21394
94	66	0.617131
94	67	1.17463
94	90	1.17883
94	97	1.24021
94	128	0.60301
94	142	1.15828
94	144	1.22392
94	150	0.597362
94	155	1.17514
94	159	1.16797
94	165	1.18173
94	167	1.18956
94	170	1.1851
94	171	0.615998
94	174	0.591483
94	178	0.577011
94	179	0.60551
95	4	1.06022
95	9	0.632969
95	34	1.10849
95	57	1.1247
95	65	1.12308
95	77	1.09268
95	87	0.690855
95	113	0.650489
95	122	1.10547
95	127	1.14314
95	133	0.700798
95	140	1.09335
95	145	1.12757
95	154	0.759902
95	159	0.758167
95	160	1.14915
95	162	1.12685
95	171	1.11328
95	175	1.13038
95	178	1.15488
95	180	1.14675
96	50	0.636539
96	75	1.08423
96	97	0.659578
96	98	1.15462
96	102	0.730316
96	112	1.13371
96	133	0.698619
96	137	1.1012
96	140	1.0814
96	155	1.11412
96	158	1.13027
96	161	0.745267
96	164	1.09338
96	165	1.12071
96	169	1.14176
96	170	1.12408
96	172	0.723622
96	175	1.11843
96	178	1.14293
96	179	1.12438
96	180	1.1348
97	11	0.565238
97	15	1.10558
97	16	1.2581
97	20	1.21988
97	37	1.25915
97	39	1.25507
97	44	1.14802
97	50	1.23024
97	51	1.10719
97	67	1.19093
97	70	1.1934
97	90	1.19512
97	94	1.24021
97	96	0.659578
97	111	0.559712
97	116	1.20148
97	129	1.19563
97	143	0.558056
97	155	0.607162
97	176	0.621747
97	179	0.628204
98	37	0.574372
98	46	0.603436
98	60	0.669817
98	74	0.588103
98	96	1.15462
98	108	1.14253
98	123	1.14342
98	124	1.19104
98	125	1.19672
98	132	0.656353
98	144	0.644759
98	153	1.17805
98	163	1.18858
98	164	1.14613
98	166	1.18956
98	169	0.658183
98	171	1.15408
98	175	1.17118
98	176	1.18373
98	178	1.19568
98	179	1.17713
98	180	1.18755
99	15	0.846509
99	29	1.1081
99	60	1.09981
99	112	0.720723
99	118	0.674528
99	131	1.09456
99	132	0.707866
99	133	1.09042
99	137	0.712636
99	147	1.11197
99	148	1.09558
99	149	0.72837
99	156	1.12613
99	157	1.09017
99	163	1.10838
99	171	1.07388
99	172	1.08115
99	174	1.09659
99	176	1.10353
99	178	1.11548
99	179	1.09692
99	180	1.10735
100	50	0.669818
100	56	0.732441
100	69	0.757535
100	105	0.733261
100	109	1.06587
100	110	1.07303
100	117	1.10426
100	128	1.11016
100	133	1.09757
100	148	1.10273
100	149	0.741476
100	150	1.10077
100	154	1.08937
100	156	1.13328
100	168	1.1017
100	170	0.7593
100	171	1.08104
100	172	1.0883
100	176	1.11069
100	178	1.12263
100	179	1.10408
100	180	1.1145
101	5	0.541272
101	6	0.761952
101	58	1.16433
101	65	1.16386
101	71	0.615205
101	73	0.554987
101	82	1.10072
101	91	1.15059
101	109	1.1389
101	119	1.20672
101	123	1.1434
101	134	0.648799
101	138	0.646435
101	139	1.17179
101	145	1.16836
101	147	1.19216
101	151	0.626934
101	160	1.18993
101	173	1.24895
101	178	1.19566
101	179	1.17711
101	180	1.18753
102	9	1.1948
102	30	1.24366
102	42	0.617432
102	49	1.15369
102	79	0.615344
102	88	1.14213
102	96	0.730316
102	128	1.14549
102	129	0.669478
102	138	1.10931
102	141	1.16154
102	143	0.628794
102	148	1.13806
102	150	1.1361
102	156	1.16861
102	160	0.647306
102	161	1.13383
102	168	1.13703
102	172	1.12363
102	174	1.13908
102	175	0.695578
102	176	1.14602
102	177	1.12699
103	48	1.16769
103	52	0.597646
103	67	0.658478
103	90	0.643068
103	93	0.687023
103	104	1.08719
103	108	1.11368
103	117	1.14847
103	118	1.17735
103	127	1.1551
103	128	0.670199
103	143	1.1607
103	146	0.707943
103	152	1.14073
103	159	1.13086
103	162	1.1388
103	165	1.14461
103	169	1.16567
103	170	1.14798
103	172	0.63225
103	173	1.22012
103	175	1.14233
103	180	1.15871
104	34	1.05795
104	35	0.650884
104	60	0.769417
104	77	1.04214
104	91	1.05927
104	103	1.08719
104	106	1.14829
104	107	1.07471
104	130	1.08539
104	140	1.04281
104	143	0.762183
104	145	1.07703
104	147	1.10083
104	155	0.811289
104	158	0.788351
104	161	0.813525
104	163	1.09724
104	166	1.09822
104	171	1.06274
104	175	1.07984
104	178	1.10434
104	179	1.08579
104	180	1.09621
105	8	1.07106
105	32	1.23941
105	35	1.23978
105	43	1.08486
105	55	1.15683
105	62	1.22697
105	100	0.733261
105	106	0.543064
105	122	0.697796
105	142	1.11499
105	143	1.15453
105	151	1.13038
105	152	1.13456
105	158	1.14801
105	159	1.12469
105	165	1.13844
105	167	1.14628
105	169	1.1595
105	171	0.679096
105	175	0.665244
105	176	0.662151
105	177	1.12969
105	180	0.63085
106	17	0.735843
106	34	1.18155
106	47	1.23162
106	66	1.19004
106	76	1.24909
106	80	0.686943
106	82	1.13299
106	85	0.543507
106	88	0.588274
106	104	1.14829
106	105	0.543064
106	122	1.17853
106	139	1.20406
106	151	0.579654
106	153	1.21031
106	156	0.530005
106	160	1.22221
106	161	0.588349
106	162	1.19991
106	164	1.17839
106	166	1.22182
106	175	1.20344
106	178	1.22794
106	180	1.21981
107	12	1.17813
107	80	0.773827
107	104	1.07471
107	110	1.10476
107	117	1.13599
107	123	1.10209
107	134	0.688402
107	136	0.669367
107	140	1.09283
107	142	0.69051
107	145	1.12705
107	147	1.15085
107	160	1.14863
107	163	1.14726
107	164	1.10481
107	166	1.14824
107	168	0.658183
107	170	0.655987
107	171	1.11276
107	172	0.653588
107	174	1.13548
107	178	1.15436
107	179	1.13581
107	180	1.14623
108	7	0.798124
108	23	0.668083
108	25	0.637405
108	28	1.1286
108	51	0.860627
108	69	0.690303
108	80	1.03659
108	98	1.14253
108	103	1.11368
108	118	1.14135
108	149	1.10701
108	153	1.1132
108	156	0.65297
108	160	1.1251
108	162	1.1028
108	164	1.08128
108	165	1.10861
108	167	1.11644
108	169	1.12967
108	170	1.11198
108	172	0.689669
108	175	1.10633
108	177	1.09986
108	179	1.11228
108	180	1.1227
109	25	0.664746
109	48	1.12808
109	81	0.806185
109	100	1.06587
109	101	1.1389
109	125	1.12826
109	127	1.11549
109	132	0.681082
109	133	0.692006
109	137	0.685851
109	138	0.749461
109	145	1.09992
109	147	1.12372
109	150	1.10536
109	157	1.10191
109	158	0.71348
109	160	1.1215
109	162	1.09919
109	164	1.07768
109	166	1.12111
109	175	1.10272
109	176	1.11528
109	178	1.12722
109	179	1.10867
109	180	1.1191
110	8	0.851748
110	9	0.661931
110	22	1.13566
110	32	0.594358
110	52	0.720161
110	58	1.10305
110	91	1.08932
110	100	1.07303
110	107	1.10476
110	117	1.11602
110	118	0.685498
110	119	1.14544
110	123	1.08212
110	130	1.11544
110	132	0.718836
110	140	1.07286
110	153	1.11676
110	160	1.12866
110	163	1.12729
110	164	1.08484
110	166	1.12827
110	177	0.762804
110	178	1.13439
110	179	1.11584
110	180	1.12626
111	31	0.659682
111	35	1.25405
111	54	0.659473
111	88	1.1591
111	97	0.559712
111	120	1.13039
111	128	1.16246
111	132	1.16015
111	140	0.735159
111	146	1.12119
111	149	1.15111
111	151	1.14465
111	153	0.643215
111	155	1.14612
111	157	1.14962
111	159	1.13896
111	161	1.1508
111	162	0.682986
111	163	0.643062
111	168	1.154
111	169	1.17377
111	170	1.15608
111	172	1.1406
111	176	1.16299
111	177	1.14396
111	180	0.626448
112	22	0.618705
112	47	0.602695
112	62	1.24107
112	81	1.0968
112	96	1.13371
112	99	0.720723
112	118	1.18528
112	129	0.639713
112	135	1.13827
112	137	1.13303
112	144	1.19473
112	149	1.15094
112	150	0.661029
112	151	1.14448
112	152	1.14866
112	155	1.14595
112	158	1.1621
112	159	1.13878
112	165	1.15254
112	166	0.641287
112	167	1.16037
112	169	1.1736
112	170	1.15591
112	174	0.65515
112	177	1.14379
112	179	0.669177
113	18	1.2052
113	27	0.601759
113	31	1.15828
113	52	1.20297
113	59	1.27394
113	63	1.1665
113	66	0.628556
113	69	1.17294
113	71	1.18546
113	78	1.21803
113	89	1.18601
113	93	1.17514
113	95	0.650489
113	114	1.18309
113	127	0.555672
113	128	1.20471
113	148	1.19728
113	156	1.22783
113	161	1.19304
113	162	0.635715
113	166	0.589045
113	168	1.19625
113	170	0.578884
113	172	1.18285
113	173	1.27046
113	178	0.588436
113	180	0.579176
114	3	1.18129
114	17	1.0551
114	19	0.615547
114	46	1.13587
114	52	1.13569
114	59	1.20666
114	63	1.09922
114	78	1.15074
114	83	0.807564
114	89	1.11873
114	113	1.18309
114	121	0.699903
114	124	0.642014
114	128	1.13742
114	136	1.11625
114	141	1.15347
114	146	1.09615
114	152	0.642963
114	155	0.6629
114	161	1.12576
114	168	1.12896
114	170	0.645891
114	172	1.11556
114	173	1.20318
114	176	1.13795
114	177	1.11892
114	179	0.683942
115	18	1.14587
115	24	0.655067
115	30	1.24354
115	38	1.095
115	47	0.641224
115	60	1.14218
115	61	0.70191
115	63	0.689466
115	86	1.13678
115	93	1.1158
115	117	0.666516
115	125	0.661554
115	133	1.13278
115	134	1.12187
115	138	1.10919
115	142	1.11217
115	148	1.13794
115	156	1.16849
115	157	1.13253
115	161	1.13371
115	167	0.679934
115	168	1.13691
115	172	1.12351
115	174	1.13896
115	176	1.1459
115	177	1.12687
115	179	0.707706
116	5	1.19138
116	7	1.06027
116	15	1.05056
116	16	1.20308
116	37	1.20412
116	44	1.093
116	51	1.05216
116	67	1.1359
116	75	0.759355
116	76	0.571267
116	80	0.778847
116	90	1.1401
116	97	1.20148
116	122	0.728246
116	127	0.637795
116	128	1.15275
116	134	1.12925
116	136	1.13157
116	147	0.643796
116	148	1.14532
116	168	1.14429
116	169	0.624509
116	172	1.13089
116	174	1.14634
116	176	1.15327
116	177	1.13425
116	180	0.661299
117	24	1.15595
117	36	1.11324
117	57	1.13543
117	58	1.13428
117	66	1.12772
117	83	1.08512
117	86	0.649865
117	89	0.666184
117	100	1.10426
117	103	1.14847
117	107	1.13599
117	110	1.11602
117	115	0.666516
117	124	1.16097
117	128	0.689008
117	136	0.666837
117	146	0.726751
117	147	1.16211
117	161	0.672703
117	162	1.13758
117	166	1.1595
117	168	0.655653
117	171	1.12402
117	175	1.14111
117	176	1.15367
117	179	1.14706
117	180	1.15749
118	1	0.516265
118	32	1.27325
118	53	1.19314
118	55	1.19066
118	57	0.632837
118	74	1.22826
118	81	1.11654
118	99	0.674528
118	103	1.17735
118	108	1.14135
118	110	0.685498
118	112	1.18528
118	121	1.14227
118	122	0.65217
118	131	0.597263
118	137	1.15277
118	144	1.21447
118	149	1.17068
118	152	1.1684
118	155	1.16569
118	159	1.15852
118	162	0.641762
118	165	1.17228
118	167	1.18011
118	169	1.19334
118	170	1.17565
118	172	0.582532
118	175	0.619617
119	28	1.19281
119	54	1.18766
119	65	1.16323
119	76	1.21619
119	87	0.575209
119	101	1.20672
119	110	1.14544
119	125	1.19608
119	127	1.1833
119	128	0.648106
119	131	0.624887
119	136	0.625935
119	138	0.642607
119	139	1.17116
119	151	0.623105
119	153	1.17741
119	158	0.606626
119	162	1.16701
119	164	1.14549
119	166	1.18892
119	167	0.622834
119	171	1.15344
119	174	1.17616
119	175	1.17054
119	177	0.618196
119	178	1.19504
119	179	1.17649
119	180	1.18691
120	2	1.18554
120	26	0.668236
120	34	0.74108
120	41	1.06917
120	55	1.1356
120	64	1.11389
120	77	0.733076
120	81	1.06147
120	87	1.11758
120	92	0.674736
120	111	1.13039
120	132	1.12465
120	135	1.10294
120	143	1.1333
120	144	1.15941
120	149	1.11561
120	150	0.700561
120	155	1.11063
120	157	0.71602
120	158	1.12678
120	159	1.10346
120	165	1.11721
120	167	1.12505
120	169	1.13827
120	170	1.12059
120	176	0.702252
120	177	1.10846
120	180	0.670951
121	2	1.17786
121	8	1.04215
121	22	0.698187
121	33	1.21353
121	40	1.17322
121	41	1.06149
121	47	0.682178
121	55	1.12792
121	74	1.16552
121	78	0.65328
121	87	1.1099
121	92	0.714686
121	114	0.699903
121	118	1.14227
121	137	1.09002
121	151	1.10147
121	152	1.10565
121	155	1.10295
121	158	1.1191
121	159	1.09578
121	165	1.10953
121	167	1.11737
121	169	1.13059
121	170	1.1129
121	172	0.708209
121	174	0.734632
121	177	1.10078
121	180	0.710901
122	24	1.12491
122	28	1.13234
122	45	0.669055
122	48	1.13543
122	53	0.688164
122	57	1.10439
122	65	1.10277
122	79	1.14064
122	83	1.05408
122	95	1.10547
122	105	0.697796
122	106	1.17853
122	116	0.728246
122	118	0.65217
122	127	1.12283
122	133	0.696433
122	135	0.739269
122	139	1.1107
122	153	1.11695
122	162	1.10654
122	163	1.12747
122	164	1.08503
122	170	0.723836
122	171	1.09298
122	173	1.18786
122	175	1.11007
122	178	1.13457
122	180	1.12645
123	28	1.12949
123	54	1.12434
123	56	0.668829
123	79	1.13779
123	81	0.782464
123	90	0.704107
123	92	1.08682
123	98	1.14342
123	101	1.1434
123	107	1.10209
123	110	1.08212
123	128	0.731239
123	130	1.11277
123	132	0.657361
123	133	0.668285
123	145	1.10441
123	147	1.12821
123	149	0.677864
123	160	1.12599
123	162	1.10369
123	163	1.12462
123	171	1.09012
123	173	1.185
123	175	1.10722
123	177	0.701329
123	178	1.13172
123	179	1.11317
123	180	1.12359
124	40	0.579264
124	60	0.627855
124	77	1.11714
124	79	1.18541
124	83	1.09885
124	88	0.67189
124	91	1.13427
124	98	1.19104
124	114	0.642014
124	117	1.16097
124	130	1.16039
124	135	0.668153
124	139	1.15547
124	141	0.612444
124	147	1.17584
124	150	1.15748
124	154	0.68442
124	162	1.15131
124	163	1.17224
124	164	1.1298
124	166	1.17322
124	168	0.654914
124	171	1.13775
124	172	0.65032
124	173	1.23263
124	175	1.15484
124	178	1.17934
124	179	1.16079
124	180	1.17122
125	61	1.15672
125	66	1.14712
125	73	0.5871
125	75	1.12632
125	83	1.10452
125	85	0.622899
125	91	1.13995
125	98	1.19672
125	109	1.12826
125	115	0.661554
125	119	1.19608
125	126	0.61698
125	139	1.16115
125	142	0.683019
125	144	0.598574
125	145	1.15772
125	146	0.72179
125	147	1.18151
125	152	0.645567
125	160	1.17929
125	163	1.17792
125	164	1.13548
125	166	1.1789
125	171	1.14342
125	175	1.16052
125	177	0.654136
125	178	1.18502
125	179	1.16647
125	180	1.17689
126	27	0.647956
126	30	1.25441
126	57	0.672987
126	60	1.15305
126	68	1.24116
126	72	1.20693
126	84	1.17179
126	86	1.14764
126	89	0.637807
126	91	0.678541
126	93	1.12667
126	125	0.61698
126	128	1.15624
126	130	0.629223
126	134	1.13274
126	138	1.12006
126	139	0.64971
126	141	1.17229
126	142	1.12304
126	145	0.69269
126	148	1.14881
126	150	1.14685
126	154	1.13545
126	156	1.17936
126	161	1.14457
126	168	1.14778
126	172	1.13438
126	173	0.581479
126	176	1.15677
127	22	1.17352
127	42	1.20417
127	48	1.1731
127	54	1.16486
127	64	0.652801
127	81	0.72016
127	88	0.652556
127	91	1.12717
127	95	1.14314
127	103	1.1551
127	109	1.11549
127	113	0.555672
127	116	0.637795
127	119	1.1833
127	122	1.12283
127	150	1.15038
127	151	0.643935
127	160	1.16652
127	161	0.65263
127	166	1.16613
127	167	0.643664
127	168	0.63558
127	171	1.13065
127	173	1.22553
127	175	1.14774
127	176	1.1603
127	178	1.17224
127	179	1.15369
127	180	1.16412
128	1	0.623481
128	17	1.07671
128	18	1.15953
128	19	0.661803
128	38	1.10866
128	86	1.15044
128	88	1.15568
128	93	1.12947
128	94	0.60301
128	100	1.11016
128	102	1.14549
128	103	0.670199
128	111	1.16246
128	113	1.20471
128	114	1.13742
128	116	1.15275
128	117	0.689008
128	119	0.648106
128	123	0.731239
128	126	1.15624
128	134	1.13554
128	141	1.17509
128	146	1.11776
128	147	0.674937
128	157	1.1462
128	161	1.14737
128	168	1.15058
128	172	1.13718
128	177	1.14054
128	178	0.701699
129	12	1.18314
129	15	1.0447
129	16	1.19722
129	20	1.159
129	37	1.19827
129	44	1.08714
129	47	1.16304
129	50	1.16936
129	51	1.04631
129	52	0.628181
129	67	1.13005
129	88	0.684355
129	90	1.13424
129	97	1.19563
129	102	0.669478
129	112	0.639713
129	134	0.697599
129	157	1.13405
129	158	0.659255
129	161	0.684429
129	162	1.13133
129	164	1.10982
129	168	0.667379
129	171	1.11777
129	172	0.662785
129	173	1.21265
129	175	1.13486
129	178	1.15936
129	179	1.14081
129	180	1.15124
130	14	0.806687
130	29	0.654682
130	45	0.605958
130	47	1.16871
130	71	0.65956
130	76	1.18619
130	83	1.08454
130	86	0.657146
130	92	1.12013
130	104	1.08539
130	110	1.11544
130	123	1.11277
130	124	1.16039
130	126	0.629223
130	140	1.10351
130	145	1.13773
130	147	1.16153
130	160	1.15931
130	161	0.679984
130	162	1.137
130	163	1.15794
130	165	0.644225
130	171	1.12344
130	172	0.658339
130	173	1.21832
130	174	1.14615
130	176	1.15309
130	178	1.16503
130	179	1.14648
130	180	1.15691
131	9	1.19991
131	34	0.739351
131	38	1.10022
131	58	0.659815
131	72	1.20129
131	73	1.205
131	84	1.16615
131	85	1.16485
131	91	0.722389
131	93	1.12103
131	99	1.09456
131	118	0.597263
131	119	0.624887
131	133	1.13801
131	134	1.1271
131	136	1.12942
131	141	1.16665
131	142	1.1174
131	146	1.10932
131	147	0.651718
131	148	1.14317
131	154	1.12981
131	161	1.13893
131	168	1.14214
131	171	0.717467
131	172	1.12874
131	173	0.625327
131	174	1.14419
131	177	1.1321
131	180	0.669221
132	27	1.15769
132	53	1.16784
132	55	1.16536
132	80	1.07495
132	81	1.09123
132	98	0.656353
132	99	0.707866
132	109	0.681082
132	110	0.718836
132	111	1.16015
132	120	1.12465
132	123	0.657361
132	135	1.13271
132	137	1.12747
132	144	1.18917
132	149	1.14538
132	151	1.13891
132	154	1.13594
132	155	1.14039
132	158	1.15654
132	159	1.13322
132	161	0.637514
132	165	1.14698
132	167	1.15481
132	169	1.16803
132	170	1.15035
132	174	0.642293
132	175	0.652955
132	176	0.649863
132	177	1.13823
133	6	1.05869
133	11	0.604278
133	30	1.24462
133	31	0.66272
133	38	1.09608
133	45	1.20852
133	54	0.662512
133	71	1.12721
133	72	1.19714
133	73	1.20086
133	85	1.16071
133	95	0.700798
133	96	0.698619
133	99	1.09042
133	100	1.09757
133	109	0.692006
133	115	1.13278
133	122	0.696433
133	123	0.668285
133	131	1.13801
133	141	1.1625
133	146	1.10518
133	148	1.13902
133	156	1.16957
133	157	1.13361
133	165	0.612681
133	168	1.13799
133	172	1.12459
133	176	1.14698
133	177	1.12795
134	22	0.67659
134	25	1.13025
134	58	0.679898
134	71	1.11629
134	73	1.18994
134	86	1.12694
134	88	1.13218
134	92	0.69309
134	101	0.648799
134	107	0.688402
134	115	1.12187
134	116	1.12925
134	126	1.13274
134	128	1.13554
134	129	0.697599
134	131	1.1271
134	136	1.11436
134	141	1.15159
134	142	1.10234
134	146	1.09426
134	148	1.12811
134	154	1.11475
134	155	0.70602
134	157	1.1227
134	161	1.12387
134	168	1.12708
134	172	1.11368
134	174	1.12913
134	175	0.723698
134	176	1.13606
134	180	0.689304
135	14	1.05779
135	32	1.22624
135	41	1.07722
135	53	1.14613
135	56	1.15245
135	62	1.2138
135	66	0.721702
135	81	1.06953
135	112	1.13827
135	120	1.10294
135	122	0.739269
135	124	0.668153
135	132	1.13271
135	137	1.10576
135	149	1.12367
135	151	1.11721
135	152	1.12139
135	155	1.11868
135	158	1.13483
135	159	1.11152
135	160	0.658445
135	163	0.688937
135	165	1.12527
135	166	0.682191
135	167	1.13311
135	169	1.14633
135	170	1.12864
135	171	0.720569
135	173	0.628429
135	176	0.703624
135	177	1.11652
136	17	1.05554
136	23	1.14244
136	38	1.08749
136	49	1.14606
136	61	0.702231
136	71	1.11862
136	72	1.18855
136	85	1.15212
136	88	1.1345
136	107	0.669367
136	114	1.11625
136	116	1.13157
136	117	0.666837
136	119	0.625935
136	131	1.12942
136	134	1.11436
136	138	1.10168
136	141	1.15391
136	146	1.09659
136	150	1.12847
136	153	0.687036
136	156	1.16098
136	161	1.1262
136	162	0.726807
136	168	1.1294
136	171	0.718515
136	172	1.116
136	174	1.13145
136	175	0.704663
136	176	1.13839
136	179	0.708027
137	38	0.757524
137	56	1.14721
137	62	1.20856
137	64	1.1167
137	74	1.17601
137	81	1.06429
137	83	0.784711
137	96	1.1012
137	99	0.712636
137	109	0.685851
137	112	1.13303
137	118	1.15277
137	121	1.09002
137	132	1.12747
137	135	1.10576
137	138	0.65309
137	143	1.13611
137	144	1.16222
137	149	1.11843
137	151	1.11197
137	152	1.11615
137	155	1.11344
137	159	1.10627
137	165	1.12003
137	167	1.12787
137	169	1.14109
137	170	1.1234
137	171	0.671577
137	174	0.647062
137	178	0.632591
137	179	0.661089
138	18	1.12335
138	23	1.12744
138	45	1.18492
138	49	1.13105
138	68	1.20778
138	73	1.17726
138	84	1.13841
138	86	1.11426
138	91	0.740109
138	93	1.09329
138	101	0.646435
138	102	1.10931
138	109	0.749461
138	115	1.10919
138	119	0.642607
