1	42	0.846769
1	55	2.17572
1	145	0.82781
1	150	0.82823
1	152	0.848754
1	164	0.842838
1	167	0.824296
1	168	0.844789
1	169	0.847286
1	170	0.847968
1	176	0.84126
1	179	1.70933
2	119	0.933401
2	127	1.00506
2	148	1.28849
2	158	0.933382
2	170	0.908359
2	171	0.943222
2	172	0.945168
2	173	0.937399
2	175	0.90286
2	177	0.916857
2	179	0.946035
2	180	0.941676
3	96	1.93374
3	120	1.41026
3	133	0.831869
3	136	0.84699
3	161	0.836711
3	163	0.853263
3	171	0.839168
3	173	0.833344
3	174	0.82705
3	178	0.852002
3	179	0.841981
3	180	0.837622
4	11	0.880419
4	13	0.88548
4	22	0.869477
4	25	0.867165
4	34	0.849079
4	44	0.821379
4	48	0.824193
4	49	0.83389
4	51	0.823169
4	68	5.4
4	71	0.74575
4	130	1.5624
5	102	0.872764
5	144	0.843406
5	159	1.72559
5	163	0.84983
5	164	1.61003
5	171	0.835735
5	172	0.83768
5	173	0.829911
5	177	0.809369
5	178	0.848569
5	179	0.838548
5	180	0.834189
6	73	2.05875
6	94	0.810775
6	97	1.81118
6	105	0.848595
6	139	0.830319
6	149	0.844505
6	152	0.849435
6	159	0.834296
6	164	0.843519
6	169	0.847966
6	170	0.848649
6	176	0.841941
7	66	1.39731
7	72	0.902679
7	78	0.86923
7	86	0.876648
7	99	0.726954
7	106	0.869291
7	115	0.89698
7	122	0.75416
7	131	0.859647
7	134	0.864409
7	165	0.780002
7	166	2.44771
8	29	1.87446
8	44	0.831687
8	49	0.844198
8	51	0.833477
8	52	0.844335
8	134	0.848813
8	152	0.859323
8	161	1.96676
8	167	0.834865
8	170	0.858537
8	175	0.792936
8	176	0.851829
9	27	0.813252
9	33	0.876214
9	41	0.797406
9	62	0.830917
9	63	0.830917
9	67	0.880757
9	74	0.818307
9	126	0.853169
9	143	0.858207
9	151	1.70779
9	153	0.840855
9	174	2.14913
10	86	1.07893
10	143	0.950097
10	148	1.30652
10	154	0.954412
10	168	0.821372
10	171	0.931133
10	172	0.933078
10	174	0.919014
10	177	0.904767
10	178	0.943967
10	179	0.933946
10	180	0.929587
11	4	0.880419
11	13	0.978698
11	22	0.962695
11	25	0.960384
11	34	0.942297
11	44	0.914598
11	48	0.917412
11	49	0.927109
11	51	0.916388
11	55	0.937904
11	143	0.585054
11	175	2.56197
12	113	0.942817
12	134	1.05784
12	146	0.946897
12	149	1.14041
12	159	1.02703
12	161	0.935651
12	166	0.902179
12	173	0.932285
12	177	0.911743
12	178	0.950943
12	179	0.940922
12	180	0.936563
13	4	0.88548
13	11	0.978698
13	22	0.967756
13	25	0.965445
13	44	0.919659
13	48	0.922473
13	49	0.93217
13	51	0.921448
13	97	0.906871
13	142	0.155095
13	165	2.68272
13	175	1.32116
14	28	0.9629
14	59	0.954914
14	114	1.21006
14	145	0.914831
14	149	0.930845
14	157	1.52765
14	162	0.927616
14	166	1.26225
14	167	0.911317
14	169	0.934307
14	170	0.934989
14	176	0.928281
15	18	0.825606
15	27	0.816088
15	41	0.800242
15	62	0.833753
15	63	0.833753
15	67	0.883593
15	74	0.821143
15	101	0.886127
15	126	0.856005
15	140	0.959176
15	153	0.843691
15	175	2.98399
16	70	0.92205
16	94	1.18837
16	126	1.02108
16	147	0.973012
16	150	0.990557
16	157	0.893139
16	161	0.934972
16	172	0.939375
16	177	0.911063
16	178	0.950263
16	179	0.940242
16	180	0.935883
17	56	0.928343
17	106	0.962314
17	115	0.990003
17	120	0.986766
17	131	0.952671
17	153	0.943529
17	154	1.0873
17	156	0.861794
17	165	0.873025
17	174	1.67014
17	175	0.901555
17	178	1.21501
18	15	0.825606
18	27	0.816314
18	33	0.879276
18	41	0.800469
18	62	0.83398
18	63	0.83398
18	67	0.88382
18	74	0.821369
18	143	0.861269
18	153	0.843917
18	165	3.73468
18	172	0.210009
19	20	0.818644
19	50	0.862776
19	81	0.863835
19	98	0.834472
19	106	0.859526
19	115	0.887215
19	131	0.849882
19	134	0.854645
19	149	0.645309
19	154	2.95655
19	165	0.770237
19	175	0.798767
20	19	0.818644
20	86	0.866048
20	89	0.862718
20	92	2.04227
20	98	0.833637
20	99	0.716354
20	115	0.88638
20	131	0.849047
20	134	0.85381
20	143	0.857258
20	156	0.758171
20	163	2.1242
20	175	0.797932
21	94	0.806477
21	103	2.12906
21	118	0.809527
21	135	0.822316
21	148	0.81956
21	150	0.824612
21	158	2.03643
21	159	0.829998
21	167	0.820679
21	168	0.841171
21	169	0.843668
21	170	0.844351
21	176	0.837642
22	4	0.869477
22	11	0.962695
22	13	0.967756
22	25	0.949442
22	44	0.903655
22	48	0.90647
22	49	0.916166
22	51	0.905445
22	71	0.828026
22	97	0.890868
22	122	3.49442
22	165	0.878
22	174	0.225245
23	57	1.48358
23	96	0.897732
23	135	0.91273
23	143	1.58399
23	148	0.909974
23	150	0.915026
23	155	1.23936
23	156	0.829403
23	164	0.929634
23	167	0.911093
23	168	0.931585
23	170	0.934765
23	176	0.928057
24	34	1.81756
24	75	0.844935
24	104	0.807622
24	138	0.816377
24	139	0.818821
24	144	2.34676
24	152	0.837936
24	159	0.822798
24	167	0.813479
24	168	0.833971
24	169	0.836468
24	170	0.837151
24	176	0.830442
25	4	0.867165
25	11	0.960384
25	13	0.965445
25	22	0.949442
25	44	0.901344
25	45	0.909357
25	48	0.904159
25	49	0.913855
25	51	0.903134
25	71	0.825715
25	146	0.157155
25	156	2.68295
25	175	1.59199
26	61	0.763642
26	80	3.76551
26	141	0.776505
26	155	0.797681
26	156	0.690109
26	157	0.725942
26	161	0.767774
26	171	0.770231
26	173	0.764408
26	174	0.758113
26	177	0.743866
26	179	0.773044
26	180	0.768686
27	9	0.813252
27	15	0.816088
27	18	0.816314
27	33	0.869758
27	35	1.10227
27	41	0.79095
27	62	0.824461
27	63	0.824461
27	74	0.811851
27	126	0.846714
27	143	0.851751
27	153	0.834399
27	175	3.14944
28	14	0.9629
28	35	1.26327
28	55	1.68638
28	93	1.40276
28	122	0.817196
28	124	0.922198
28	139	0.918839
28	150	0.91743
28	152	0.937955
28	165	0.843038
28	167	0.913497
28	169	0.936486
28	176	0.930461
29	8	1.87446
29	49	0.0393927
29	96	1.63931
29	144	0.921153
29	160	0.948018
29	166	0.877552
29	171	0.913482
29	172	0.915427
29	173	0.907658
29	174	0.901363
29	177	0.887116
29	179	0.916295
29	180	0.911936
30	89	1.18201
30	104	1.31034
30	116	0.894794
30	137	0.921598
30	155	0.942316
30	161	0.912409
30	166	0.878936
30	170	1.0005
30	174	0.902748
30	177	0.8885
30	178	0.9277
30	179	0.917679
30	180	0.91332
31	75	1.11356
31	128	1.36625
31	133	0.886681
31	135	1.31958
31	154	0.91726
31	158	0.88414
31	163	0.908075
31	166	0.858051
31	171	0.89398
31	173	0.888157
31	177	0.867615
31	178	0.906815
31	179	0.896793
31	180	0.892434
32	50	1.7912
32	67	0.122583
32	98	1.8269
32	136	0.902408
32	146	0.903374
32	151	0.906122
32	161	0.892129
32	166	0.858656
32	173	0.888762
32	174	0.882468
32	177	0.86822
32	178	0.90742
32	179	0.897399
32	180	0.89304
33	9	0.876214
33	18	0.879276
33	27	0.869758
33	34	0.921839
33	41	0.853913
33	62	0.887424
33	63	0.887424
33	67	0.937264
33	74	0.874814
33	122	4.30558
33	125	0.235795
33	143	0.914714
33	153	0.897361
33	175	0.3276
34	4	0.849079
34	11	0.942297
34	24	1.81756
34	33	0.921839
34	44	0.883258
34	48	0.886072
34	56	1.28123
34	64	0.87127
34	67	0.926382
34	74	0.863932
34	123	0.836297
34	171	0.884868
34	179	0.887681
34	180	0.883322
35	27	1.10227
35	28	1.26327
35	95	0.896332
35	112	1.69692
35	114	0.862994
35	154	0.916837
35	155	0.921007
35	166	0.857628
35	172	0.895503
35	173	0.887734
35	177	0.867192
35	178	0.906392
35	179	0.896371
35	180	0.892012
36	88	0.882506
36	91	0.875962
36	138	0.883643
36	139	0.886087
36	146	1.51219
36	150	0.884678
36	155	1.30191
36	164	0.899286
36	167	0.880744
36	168	0.901237
36	169	0.903734
36	170	0.904417
36	174	1.78402
36	176	0.897708
37	73	1.3997
37	76	0.849435
37	108	0.858871
37	121	0.877656
37	128	0.899833
37	139	0.895387
37	148	0.888926
37	164	0.908586
37	166	1.83765
37	167	0.890045
37	168	0.910537
37	170	0.913717
37	171	1.36208
37	176	0.907008
38	84	0.914364
38	91	1.25475
38	106	1.31244
38	132	0.894636
38	146	0.897021
38	158	0.878393
38	163	0.902328
38	167	1.23452
38	172	0.890179
38	173	0.88241
38	177	0.861868
38	178	0.901068
38	179	0.891046
38	180	0.886687
39	46	0.831016
39	52	0.829833
39	58	1.82527
39	78	0.839132
39	89	0.84322
39	101	0.862843
39	106	0.839192
39	115	0.866882
39	120	0.863645
39	130	0.706111
39	131	0.829549
39	156	0.738673
39	165	0.749904
39	180	2.63655
40	103	0.878774
40	128	1.38993
40	140	0.918413
40	150	1.37221
40	152	1.03666
40	160	0.9211
40	161	0.884107
40	163	0.900659
40	172	0.88851
40	174	0.874446
40	177	0.860198
40	178	0.899398
40	179	0.889377
40	180	0.885018
41	9	0.797406
41	15	0.800242
41	18	0.800469
41	27	0.79095
41	33	0.853913
41	62	0.808616
41	63	0.808616
41	67	0.858456
41	74	0.796006
41	126	0.830868
41	143	0.835906
41	153	0.818554
41	156	2.84353
41	175	1.75256
42	1	0.846769
42	80	0.892575
42	118	0.873235
42	133	1.50048
42	144	1.43725
42	148	0.883268
42	152	0.908844
42	159	0.893706
42	164	0.902928
42	167	0.884387
42	168	0.904879
42	170	0.908059
42	176	0.90135
42	179	1.65881
43	125	1.51835
43	127	0.881694
43	132	1.44477
43	148	0.872419
43	150	0.877472
43	162	0.889837
43	164	0.89208
43	165	0.803079
43	167	0.873539
43	168	0.894031
43	169	0.896528
43	170	0.897211
43	175	0.831609
43	176	0.890502
43	177	1.9137
44	4	0.821379
44	8	0.831687
44	11	0.914598
44	13	0.919659
44	22	0.903655
44	25	0.901344
44	34	0.883258
44	48	0.858372
44	49	0.868069
44	51	0.857348
44	66	0.89786
44	97	0.84277
44	99	6.6
44	156	0.850938
44	165	1.12154
45	25	0.909357
45	48	0.866385
45	49	0.876081
45	51	0.86536
45	67	0.347091
45	78	1.81286
45	80	0.874937
45	131	1.88473
45	164	0.88529
45	170	0.89042
45	176	0.883712
45	177	0.838815
45	178	0.878015
45	179	0.867994
45	180	0.863635
46	39	0.831016
46	56	0.857426
46	66	2.05276
46	78	0.891335
46	81	0.895706
46	85	0.0583765
46	89	0.895424
46	97	0.856601
46	98	0.866343
46	106	0.891396
46	120	0.915848
46	131	0.881753
46	134	0.886515
46	172	2.54404
46	175	0.830637
47	104	0.870313
47	117	0.869207
47	127	0.884325
47	130	0.761918
47	135	0.877807
47	136	1.66934
47	138	0.879068
47	139	0.881512
47	147	1.55969
47	149	0.895697
47	162	0.892468
47	164	0.894711
47	170	0.899842
47	176	0.893133
47	178	1.66447
48	4	0.824193
48	11	0.917412
48	13	0.922473
48	22	0.90647
48	25	0.904159
48	34	0.886072
48	44	0.858372
48	45	0.866385
48	49	0.870883
48	51	0.860162
48	66	0.900675
48	71	0.782743
48	130	7.4376
48	177	0.287881
48	180	0.300965
49	4	0.83389
49	8	0.844198
49	11	0.927109
49	13	0.93217
49	22	0.916166
49	25	0.913855
49	29	0.0393927
49	44	0.868069
49	45	0.876081
49	48	0.870883
49	51	0.869859
49	71	0.792439
49	97	0.855281
49	165	3.11626
49	175	1.75469
50	19	0.862776
50	32	1.7912
50	56	0.868853
50	89	0.906851
50	98	0.87777
50	106	0.902823
50	115	0.930513
50	119	1.43615
50	131	0.89318
50	132	1.5436
50	134	0.897942
50	143	0.90139
50	156	0.802304
50	165	0.813535
50	175	0.842064
51	4	0.823169
51	8	0.833477
51	11	0.916388
51	13	0.921448
51	22	0.905445
51	25	0.903134
51	44	0.857348
51	45	0.86536
51	48	0.860162
51	49	0.869859
51	66	0.89965
51	97	0.84456
51	147	0.357186
51	156	3.8475
51	173	0.765765
52	8	0.844335
52	39	0.829833
52	54	1.39588
52	72	0.923601
52	81	0.894522
52	86	0.89757
52	98	0.865159
52	115	0.917902
52	120	0.914665
52	122	0.775082
52	131	0.88057
52	134	0.885332
52	136	1.42123
52	153	0.871428
52	177	2.0653
53	112	0.867111
53	123	0.884464
53	127	0.869655
53	128	0.871288
53	129	0.895536
53	138	0.864398
53	147	1.54746
53	148	0.860381
53	158	1.69613
53	164	0.880041
53	167	0.8615
53	168	0.881992
53	170	0.885172
53	176	0.878463
53	178	1.65225
54	52	1.39588
54	56	1.80739
54	113	0.8691
54	132	0.870794
54	160	0.898928
54	161	0.861935
54	163	0.878487
54	166	0.828462
54	171	0.864392
54	173	0.858568
54	175	0.82403
54	176	1.33254
54	177	0.838026
54	178	0.877226
54	179	0.867205
54	180	0.862846
55	1	2.17572
55	11	0.937904
55	28	1.68638
55	102	0.897742
55	146	0.869501
55	147	0.896296
55	158	0.850872
55	161	0.858255
55	166	0.824783
55	171	0.860713
55	172	0.862658
55	174	0.848594
55	177	0.834347
55	178	0.873547
55	179	0.863526
55	180	0.859167
56	17	0.928343
56	34	1.28123
56	46	0.857426
56	50	0.868853
56	54	1.80739
56	72	0.89899
56	89	0.86963
56	98	0.840549
56	115	0.893291
56	120	0.890054
56	134	0.860721
56	143	0.864169
56	151	1.84167
56	153	0.846817
56	165	0.776314
56	175	0.804843
57	23	1.48358
57	124	1.71443
57	130	0.745394
57	155	0.885528
57	158	0.848237
57	160	0.892614
57	161	0.855621
57	163	0.872173
57	166	0.822148
57	167	1.63357
57	172	0.860023
57	173	0.852254
57	174	0.84596
57	177	0.831712
57	178	0.870912
57	179	0.860891
57	180	0.856532
58	39	1.82527
58	121	1.2543
58	129	0.872513
58	132	0.926324
58	144	0.927593
58	152	0.746906
58	154	0.943201
58	157	0.875632
58	163	0.934016
58	166	0.883992
58	171	0.919921
58	173	0.914098
58	174	0.907803
58	177	0.893556
58	178	0.932756
58	179	0.922734
58	180	0.918375
59	14	0.954914
59	110	0.907681
59	118	0.89436
59	121	0.893122
59	127	0.913666
59	135	0.907148
59	137	1.13162
59	138	0.90841
59	145	0.909025
59	151	1.14368
59	157	2.08589
59	161	1.26844
59	167	0.905511
59	168	0.926003
59	169	0.928501
59	170	0.929183
59	176	0.922475
60	68	0.691086
60	90	2.13622
60	125	0.822165
60	134	2.70325
60	140	0.834148
60	141	0.808572
60	142	0.787278
60	146	0.811087
60	154	0.825579
60	157	0.758009
60	166	0.766369
60	171	0.802299
60	173	0.796475
60	177	0.775933
60	178	0.815133
60	179	0.805112
60	180	0.800753
61	26	0.763642
61	79	1.90974
61	107	0.844099
61	128	1.50981
61	129	1.28215
61	140	0.884038
61	142	0.837168
61	146	0.860977
61	151	0.863725
61	154	0.875469
61	160	0.886725
61	171	0.852189
61	172	0.854134
61	173	0.846365
61	177	0.825823
61	179	0.855002
61	180	0.850643
62	9	0.830917
62	15	0.833753
62	18	0.83398
62	27	0.824461
62	33	0.887424
62	41	0.808616
62	63	0.842127
62	67	0.891967
62	73	0.836877
62	74	0.829517
62	95	1.26414
62	101	0.894501
62	126	0.864379
62	143	0.869417
62	153	0.852065
62	155	0.991361
62	175	3.31291
63	9	0.830917
63	15	0.833753
63	18	0.83398
63	27	0.824461
63	33	0.887424
63	41	0.808616
63	62	0.842127
63	67	0.891967
63	73	0.836877
63	74	0.829517
63	101	0.894501
63	126	0.864379
63	140	0.189976
63	143	0.869417
63	153	0.852065
63	165	3.41569
63	175	2.05412
64	34	0.87127
64	80	1.04576
64	108	2.26961
64	120	1.68606
64	144	0.852852
64	154	0.86846
64	157	0.800891
64	163	0.859275
64	166	0.809251
64	171	0.845181
64	172	0.847126
64	173	0.839357
64	174	0.833062
64	175	0.804819
64	177	0.818815
64	178	0.858015
64	179	0.847994
64	180	0.843635
65	89	1.18242
65	92	0.912336
65	94	1.29887
65	107	0.895712
65	141	0.910075
65	148	1.38104
65	158	0.893961
65	163	0.917896
65	166	0.867872
65	170	1.00091
65	171	0.903801
65	172	0.905747
65	173	0.897978
65	174	0.891683
65	177	0.877436
65	178	0.916636
65	179	0.906614
65	180	0.902255
66	7	1.39731
66	44	0.89786
66	46	2.05276
66	48	0.900675
66	51	0.89965
66	97	0.885072
66	115	0.814025
66	131	0.872805
66	149	0.920566
66	162	0.917337
66	166	0.863541
66	167	0.901038
66	168	0.92153
66	172	0.901416
66	176	0.918002
66	177	0.873105
66	179	0.902283
66	180	0.897925
67	9	0.880757
67	15	0.883593
67	18	0.88382
67	32	0.122583
67	33	0.937264
67	34	0.926382
67	41	0.858456
67	45	0.347091
67	62	0.891967
67	63	0.891967
67	73	0.886717
67	74	0.879357
67	101	0.944341
67	126	0.914219
67	143	0.919257
67	153	0.901905
67	165	3.35112
67	175	1.98955
68	4	5.4
68	60	0.691086
68	114	0.717001
68	120	0.792414
68	122	0.652831
68	134	0.763081
68	139	0.754475
68	153	0.749177
68	167	0.749133
68	169	0.772122
68	170	0.772805
68	172	0.74951
68	174	0.735447
68	175	0.707203
68	176	0.766096
68	177	0.721199
68	178	0.760399
68	180	0.746019
69	91	0.892505
69	105	0.920906
69	107	1.55268
69	108	0.866114
69	117	0.890326
69	124	0.905989
69	126	0.909647
69	152	0.921746
69	153	0.897332
69	164	0.915829
69	165	0.826829
69	167	0.897288
69	169	0.920277
69	170	0.92096
69	171	1.38167
69	176	0.914252
69	177	1.81558
69	178	1.16665
70	16	0.92205
70	90	1.23894
70	92	0.851934
70	104	1.99269
70	147	0.878982
70	155	0.870849
70	157	0.79911
70	158	0.833559
70	159	1.77516
70	165	0.774508
70	166	0.80747
70	172	0.845345
70	173	0.837576
70	174	0.831281
70	175	0.803038
70	178	0.856234
70	179	0.846212
70	180	0.841853
71	4	0.74575
71	22	0.828026
71	25	0.825715
71	48	0.782743
71	49	0.792439
71	72	2.37555
71	83	0.75984
71	126	0.795465
71	131	2.75953
71	159	0.792426
71	169	0.806096
71	170	0.806779
71	173	0.775715
71	174	0.76942
71	176	0.80007
71	177	0.755173
71	179	0.784352
71	180	0.779993
72	7	0.902679
72	52	0.923601
72	56	0.89899
72	71	2.37555
72	78	0.9329
72	81	0.93727
72	98	0.907907
72	106	0.932961
72	115	0.96065
72	130	0.79988
72	131	0.923318
72	143	0.931528
72	154	0.720926
72	156	0.832441
72	165	0.843672
72	175	0.872202
72	177	1.49757
72	180	1.16839
73	6	2.05875
73	37	1.3997
73	62	0.836877
73	63	0.836877
73	67	0.886717
73	74	0.824267
73	86	0.872957
73	98	0.840546
73	99	0.723264
73	117	1.80963
73	119	0.835382
73	131	0.855957
73	134	0.860719
73	153	0.846815
73	161	0.842746
73	171	0.845203
73	179	0.848016
73	180	0.843657
74	9	0.818307
74	15	0.821143
74	18	0.821369
74	27	0.811851
74	33	0.874814
74	34	0.863932
74	41	0.796006
74	62	0.829517
74	63	0.829517
74	67	0.879357
74	73	0.824267
74	101	0.881891
74	126	0.851769
74	143	0.856807
74	153	0.839454
74	156	3.87508
74	166	1.18014
74	180	0.809304
75	24	0.844935
75	31	1.11356
75	94	0.879168
75	96	0.880009
75	105	0.916988
75	119	1.41155
75	129	0.927406
75	145	0.896884
75	148	0.892251
75	149	0.912898
75	159	0.902689
75	162	0.909668
75	167	0.89337
75	169	0.916359
75	170	0.917042
75	172	1.47046
75	174	1.79414
75	176	0.910333
76	37	0.849435
76	91	0.816522
76	96	0.807943
76	116	2.10142
76	124	0.830005
76	127	0.82946
76	139	0.826646
76	148	0.820185
76	149	0.840832
76	150	0.825237
76	159	0.830623
76	161	2.06719
76	162	0.837603
76	164	0.839846
76	167	0.821304
76	168	0.841797
76	169	0.844294
76	176	0.838268
76	178	1.92865
77	88	1.40418
77	119	0.875619
77	125	0.905306
77	134	1.41744
77	151	0.896977
77	154	0.90872
77	158	0.8756
77	161	0.882983
77	162	1.17409
77	163	0.899535
77	171	0.88544
77	172	0.887386
77	173	0.879617
77	174	0.873322
77	176	1.17352
77	177	0.859074
77	178	0.898274
77	179	0.888253
77	180	0.883894
78	7	0.86923
78	39	0.839132
78	45	1.81286
78	46	0.891335
78	72	0.9329
78	81	0.903821
78	93	1.54763
78	98	0.874458
78	101	0.923163
78	106	0.899512
78	115	0.927201
78	120	0.923964
78	126	0.893041
78	131	0.889868
78	134	0.894631
78	141	1.38054
78	156	0.798992
78	175	0.838753
78	179	1.36486
79	61	1.90974
79	85	0.830729
79	96	0.810625
79	100	0.861385
79	108	0.792812
79	119	2.06417
79	128	0.833774
79	135	0.825623
79	137	1.99335
79	138	0.826884
79	145	0.8275
79	148	0.822867
79	150	0.827919
79	162	0.840284
79	164	0.842527
79	167	0.823986
79	168	0.844478
79	170	0.847658
79	176	0.840949
80	26	3.76551
80	42	0.892575
80	45	0.874937
80	64	1.04576
80	123	0.893066
80	128	0.87989
80	129	0.904138
80	135	0.87174
80	143	0.746925
80	144	0.411831
80	152	0.89456
80	159	0.879421
80	162	0.886401
80	164	0.888644
80	167	0.870102
80	168	0.890594
80	169	0.893092
80	170	0.893774
80	176	0.887066
81	19	0.863835
81	46	0.895706
81	52	0.894522
81	72	0.93727
81	78	0.903821
81	89	0.90791
81	98	0.878829
81	106	0.903882
81	109	1.62015
81	115	0.931571
81	120	0.928334
81	131	0.894239
81	134	0.899001
81	141	1.44872
81	151	1.24272
81	156	0.803362
81	165	0.814594
81	166	1.91952
81	175	0.843123
82	111	0.741591
82	123	1.25669
82	129	1.23778
82	132	0.908491
82	141	0.908362
82	151	0.913625
82	154	0.925368
82	157	0.857799
82	158	0.892248
82	164	1.32433
82	166	0.866159
82	170	1.34758
82	172	0.904034
82	173	0.896265
82	174	0.88997
82	177	0.875723
82	178	0.914923
82	179	0.904902
82	180	0.900543
83	71	0.75984
83	117	1.80122
83	136	0.844902
83	146	0.845867
83	149	1.92375
83	154	0.860359
83	160	0.871615
83	163	0.851174
83	166	0.80115
83	171	0.83708
83	172	0.839025
83	173	0.831256
83	174	0.824961
83	175	0.796718
83	176	1.59726
83	177	0.810714
83	178	0.849914
83	179	0.839893
83	180	0.835534
84	38	0.914364
84	100	1.14589
84	136	0.892731
84	147	0.920492
84	153	1.33861
84	155	0.912359
84	157	0.840619
84	160	0.919445
84	162	1.31631
84	166	0.848979
84	169	1.36477
84	171	0.884909
84	172	0.886854
84	173	0.879085
84	174	0.872791
84	177	0.858543
84	178	0.897743
84	179	0.887722
84	180	0.883363
85	46	0.0583765
85	79	0.830729
85	88	0.870419
85	123	0.891621
85	129	0.902693
85	135	0.870294
85	138	0.871556
85	139	0.873999
85	146	1.94757
85	149	0.888185
85	150	0.87259
85	159	0.877976
85	162	0.884956
85	167	0.868657
85	169	0.891647
85	170	0.892329
85	175	0.826728
85	176	0.885621
85	177	2.4132
85	179	1.96838
86	7	0.876648
86	10	1.07893
86	20	0.866048
86	52	0.89757
86	73	0.872957
86	89	0.910957
86	106	0.90693
86	120	0.931382
86	126	0.900459
86	130	0.773849
86	131	0.897287
86	134	0.902049
86	143	0.905497
86	146	1.80968
86	153	0.888145
86	156	0.80641
86	158	1.67026
86	165	0.817641
86	171	1.8414
86	175	0.846171
87	90	0.918358
87	91	0.860239
87	96	0.85166
87	110	0.867191
87	113	1.51088
87	121	0.852633
87	135	0.866659
87	145	0.868535
87	149	0.884549
87	150	0.868955
87	152	0.889479
87	159	0.87434
87	160	1.52991
87	162	0.88132
87	164	0.883563
87	167	0.865021
87	168	0.885514
87	171	1.7844
87	172	1.70084
87	176	0.881985
88	36	0.882506
88	77	1.40418
88	85	0.870419
88	94	0.849473
88	100	0.901075
88	121	0.851287
88	144	1.56624
88	145	0.867189
88	148	0.862556
88	149	0.883203
88	150	0.867609
88	158	1.62757
88	162	0.879974
88	164	0.882217
88	167	0.863675
88	168	0.884168
88	169	0.886665
88	170	0.887347
88	171	1.79871
88	176	0.880639
89	20	0.862718
89	30	1.18201
89	39	0.84322
89	46	0.895424
89	50	0.906851
89	56	0.86963
89	65	1.18242
89	81	0.90791
89	86	0.910957
89	98	0.878547
89	115	0.93129
89	120	0.928052
89	125	1.90893
89	130	0.770519
89	131	0.893957
89	134	0.898719
89	153	0.884815
89	156	0.803081
89	165	0.814312
89	180	1.97509
90	60	2.13622
90	70	1.23894
90	87	0.918358
90	99	0.791744
90	105	0.938869
90	112	0.920863
90	118	0.9041
90	135	0.916888
90	150	0.919184
90	152	0.939709
90	154	0.902204
90	159	0.92457
90	161	1.16846
90	162	0.931549
90	164	0.933793
90	167	0.915251
90	168	0.935743
90	169	0.93824
90	170	0.938923
90	176	0.932215
90	179	1.23402
91	36	0.875962
91	38	1.25475
91	69	0.892505
91	76	0.816522
91	87	0.860239
91	105	0.880749
91	112	0.862743
91	132	1.61657
91	139	0.862473
91	145	0.860645
91	150	0.861064
91	157	2.39256
91	159	0.86645
91	164	0.875673
91	167	0.857131
91	168	0.877623
91	169	0.880121
91	170	0.880803
91	175	0.815202
91	176	0.874095
91	178	1.43657
92	20	2.04227
92	65	0.912336
92	70	0.851934
92	114	0.836749
92	118	1.37425
92	138	1.31087
92	141	0.873586
92	144	0.874984
92	146	0.876101
92	151	0.878849
92	155	0.894762
92	157	0.823023
92	161	0.864855
92	166	0.831383
92	168	1.17334
92	172	0.869258
92	174	0.855194
92	177	0.840947
92	178	0.880147
92	179	0.870126
92	180	0.865767
93	28	1.40276
93	78	1.54763
93	110	1.82594
93	113	0.862202
93	115	1.56072
93	119	0.847672
93	142	0.842472
93	144	0.865165
93	147	0.893076
93	151	0.86903
93	154	0.880773
93	155	0.884943
93	157	0.813204
93	158	0.847653
93	166	0.821564
93	171	0.857493
93	173	0.85167
93	174	0.845375
93	177	0.831128
93	178	0.870328
93	179	0.860306
93	180	0.855947
94	6	0.810775
94	16	1.18837
94	21	0.806477
94	65	1.29887
94	75	0.879168
94	88	0.849473
94	105	0.871329
94	110	0.849881
94	116	1.94456
94	117	0.84075
94	128	0.8575
94	129	0.881748
94	135	0.849349
94	138	0.85061
94	162	0.86401
94	164	0.866253
94	167	0.847712
94	168	0.868204
94	169	0.870701
94	170	0.871384
94	176	0.864675
94	177	2.42072
95	35	0.896332
95	62	1.26414
95	114	0.830989
95	133	0.854253
95	136	0.869375
95	138	1.75214
95	142	0.846532
95	144	0.869224
95	145	1.58003
95	151	0.873089
95	156	0.78143
95	157	0.817263
95	160	0.896089
95	163	0.875648
95	171	0.861553
95	172	0.863498
95	173	0.855729
95	174	0.849434
95	176	1.59882
95	177	0.835187
95	179	0.864366
95	180	0.860007
96	3	1.93374
96	23	0.897732
96	29	1.63931
96	75	0.880009
96	76	0.807943
96	79	0.810625
96	87	0.85166
96	124	0.857254
96	129	0.882589
96	135	0.85019
96	139	0.853895
96	148	0.847434
96	149	0.868081
96	150	0.852486
96	152	0.873011
96	154	1.46535
96	159	0.857872
96	162	0.864851
96	170	0.872225
96	171	1.80808
96	175	0.806623
96	176	0.865517
97	6	1.81118
97	13	0.906871
97	22	0.890868
97	44	0.84277
97	46	0.856601
97	49	0.855281
97	51	0.84456
97	66	0.885072
97	102	0.88141
97	106	0.864777
97	112	1.4546
97	115	0.892467
97	118	1.5748
97	131	0.855134
97	137	0.851113
97	165	0.775489
97	172	0.846326
97	175	0.804019
97	176	1.35809
97	178	0.857215
97	179	0.847193
97	180	0.842834
98	19	0.834472
98	20	0.833637
98	32	1.8269
98	46	0.866343
98	50	0.87777
98	52	0.865159
98	56	0.840549
98	72	0.907907
98	73	0.840546
98	78	0.874458
98	81	0.878829
98	89	0.878547
98	99	0.732183
98	106	0.874519
98	115	0.902208
98	120	0.898971
98	122	0.759388
98	131	0.864876
98	134	0.869638
98	142	2.22331
98	160	1.35984
98	179	1.60341
99	7	0.726954
99	20	0.716354
99	44	6.6
99	73	0.723264
99	90	0.791744
99	98	0.732183
99	104	0.732551
99	107	0.728749
99	122	0.642106
99	128	0.748195
99	134	0.752355
99	141	0.743112
99	146	0.745627
99	163	0.750934
99	165	0.667948
99	168	0.758899
99	169	0.761396
99	171	0.736839
99	176	0.75537
99	177	0.710473
99	179	0.739652
99	180	0.735293
100	79	0.861385
100	84	1.14589
100	88	0.901075
100	117	0.892351
100	125	1.43675
100	128	0.909101
100	129	0.933349
100	135	0.90095
100	139	0.904655
100	141	1.40295
100	142	2.00717
100	145	0.902827
100	149	0.918841
100	150	0.903246
100	160	1.1437
100	162	0.915611
100	164	0.917855
100	168	0.919805
100	169	0.922302
100	170	0.922985
100	175	0.857383
100	176	0.916277
101	15	0.886127
101	39	0.862843
101	62	0.894501
101	63	0.894501
101	67	0.944341
101	74	0.881891
101	78	0.923163
101	120	0.947676
101	127	1.32218
101	128	1.34334
101	134	0.918342
101	138	1.258
101	151	0.914363
101	153	0.904438
101	156	0.822704
101	157	0.858537
101	162	1.10524
101	164	1.20223
101	174	0.890708
101	175	0.862465
101	177	0.876461
101	178	0.915661
101	180	0.901281
102	5	0.872764
102	55	0.897742
102	97	0.88141
102	110	1.28917
102	133	0.888508
102	137	0.90254
102	143	0.914772
102	145	1.18434
102	146	0.904596
102	154	0.919087
102	158	0.885967
102	160	0.930344
102	164	1.30069
102	166	0.859878
102	169	1.25216
102	172	0.897753
102	173	0.889984
102	174	0.883689
102	176	1.20313
102	177	0.869442
102	178	0.908642
102	179	0.898621
102	180	0.894262
103	21	2.12906
103	40	0.878774
103	116	0.830916
103	123	1.51945
103	133	0.843689
103	137	0.857721
103	142	0.835967
103	145	1.47074
103	146	0.859776
103	152	1.37494
103	157	0.806698
103	158	0.841148
103	160	0.885524
103	163	0.865083
103	166	0.815059
103	171	0.850988
103	172	0.852934
103	173	0.845165
103	174	0.83887
103	177	0.824623
103	178	0.863822
103	179	0.853801
103	180	0.849442
104	24	0.807622
104	30	1.31034
104	47	0.870313
104	70	1.99269
104	99	0.732551
104	108	0.824883
104	118	0.844906
104	121	0.843669
104	124	0.864759
104	130	0.741806
104	139	0.8614
104	148	0.854939
104	149	0.875586
104	152	0.880515
104	153	0.856102
104	155	1.75669
104	159	0.865377
104	162	0.872356
104	164	0.874599
104	168	0.87655
104	169	0.879047
104	176	0.873021
104	180	2.10342
105	6	0.848595
105	69	0.920906
105	75	0.916988
105	90	0.938869
105	91	0.880749
105	94	0.871329
105	109	1.74367
105	110	0.887701
105	117	0.878569
105	121	0.873143
105	124	0.894233
105	127	0.893687
105	145	0.889045
105	152	0.909989
105	153	0.885576
105	155	1.32547
105	159	0.894851
105	161	1.491
105	164	0.904073
105	170	0.909204
105	173	1.65625
105	176	0.902495
105	178	1.35246
106	7	0.869291
106	17	0.962314
106	19	0.859526
106	38	1.31244
106	39	0.839192
106	46	0.891396
106	50	0.902823
106	72	0.932961
106	78	0.899512
106	81	0.903882
106	86	0.90693
106	97	0.864777
106	98	0.874519
106	120	0.924025
106	130	0.766492
106	131	0.889929
106	134	0.894691
106	136	1.49912
106	141	1.71404
106	143	0.89814
106	153	0.880787
106	154	1.36654
106	175	0.838814
106	180	1.814
107	61	0.844099
107	65	0.895712
107	69	1.55268
107	99	0.728749
107	123	1.76898
107	136	0.858511
107	137	0.857421
107	141	0.856962
107	142	0.835667
107	156	0.770566
107	158	0.840848
107	160	0.885224
107	161	0.848231
107	162	1.73963
107	166	0.814759
107	171	0.850689
107	172	0.852634
107	173	0.844865
107	174	0.83857
107	175	0.810327
107	176	1.73906
107	178	0.863523
107	179	0.853502
107	180	0.849143
108	37	0.858871
108	64	2.26961
108	69	0.866114
108	79	0.792812
108	104	0.824883
108	123	0.853704
108	127	0.838895
108	135	0.832377
108	141	1.87292
108	145	0.834254
108	146	1.83643
108	148	0.829621
108	149	0.850268
108	152	0.855197
108	155	1.62615
108	159	0.840059
108	162	0.847038
108	164	0.849281
108	167	0.83074
108	168	0.851232
108	169	0.853729
108	170	0.854412
108	175	0.78881
108	176	0.847703
109	81	1.62015
109	105	1.74367
109	111	0.693388
109	114	0.823321
109	119	0.844064
109	140	0.885734
109	142	0.838864
109	144	0.861556
109	155	0.881335
109	157	0.809595
109	158	0.844044
109	160	0.888421
109	161	0.851428
109	165	0.784994
109	166	0.817955
109	167	1.80756
109	168	1.76004
109	171	0.853885
109	172	0.855831
109	173	0.848061
109	174	0.841767
109	178	0.866719
109	179	0.856698
109	180	0.852339
110	59	0.907681
110	87	0.867191
110	93	1.82594
110	94	0.849881
110	102	1.28917
110	105	0.887701
110	117	0.857121
110	118	0.852932
110	127	0.872239
110	136	1.44393
110	138	0.866982
110	140	1.70882
110	145	0.867597
110	148	0.862964
110	149	0.883611
110	150	0.868017
110	152	0.888541
110	162	0.880382
110	164	0.882625
110	167	0.864084
110	168	0.884576
110	169	0.887073
110	170	0.887756
110	176	0.881047
110	179	1.64317
111	82	0.741591
111	109	0.693388
111	120	0.74313
111	128	0.709636
111	131	0.709035
111	134	0.713797
111	139	0.705191
111	142	0.68326
111	143	0.717245
111	149	0.719376
111	157	0.653991
111	164	0.71839
111	165	0.62939
111	166	0.662351
111	169	0.722838
111	170	0.723521
111	171	0.698281
111	175	0.657919
111	176	0.716812
111	177	0.671915
111	178	0.711115
111	179	0.701094
111	180	0.696735
112	35	1.69692
112	53	0.867111
112	90	0.920863
112	91	0.862743
112	97	1.4546
112	117	0.860564
112	121	0.855137
112	124	0.876227
112	129	0.901562
112	135	0.869163
112	136	1.4544
112	138	0.870424
112	140	1.71929
112	145	0.87104
112	150	0.871459
112	152	0.891983
112	159	0.876845
112	161	1.58808
112	164	0.886067
112	165	0.797067
112	167	0.867526
112	168	0.888018
112	169	0.890515
112	170	0.891198
112	176	0.884489
113	12	0.942817
113	54	0.8691
113	87	1.51088
113	93	0.862202
113	121	1.68732
113	125	0.883353
113	144	0.871158
113	151	0.875023
113	154	0.886766
113	155	0.890936
113	157	0.819197
113	158	0.853646
113	161	0.861029
113	163	0.877582
113	166	0.827557
113	167	1.35784
113	170	1.41533
113	171	0.863487
113	172	0.865432
113	173	0.857663
113	174	0.851368
113	176	1.29453
113	177	0.837121
113	178	0.876321
113	179	0.8663
113	180	0.861941
114	14	1.21006
114	35	0.862994
114	68	0.717001
114	92	0.836749
114	95	0.830989
114	109	0.823321
114	115	1.81224
114	116	0.808142
114	128	2.23009
114	132	0.834617
114	137	0.834947
114	139	2.15494
114	140	0.860063
114	144	0.835886
114	151	0.839751
114	154	0.851494
114	157	0.783925
114	160	0.86275
114	163	0.842309
114	171	0.828214
114	172	0.83016
114	174	0.816096
114	177	0.801849
114	178	0.841049
114	179	0.831027
114	180	0.826668
115	7	0.89698
115	17	0.990003
115	19	0.887215
115	20	0.88638
115	39	0.866882
115	50	0.930513
115	52	0.917902
115	56	0.893291
115	66	0.814025
115	72	0.96065
115	78	0.927201
115	81	0.931571
115	89	0.93129
115	93	1.56072
115	97	0.892467
115	98	0.902208
115	114	1.81224
115	120	0.951714
115	122	0.812131
115	126	0.920791
115	143	0.925829
115	153	0.908477
115	161	1.31239
115	171	1.38886
115	172	1.3053
115	175	0.866503
116	30	0.894794
116	76	2.10142
116	94	1.94456
116	103	0.830916
116	114	0.808142
116	141	0.84498
116	147	0.874289
116	151	0.850243
116	155	0.866156
116	156	0.758584
116	158	0.828866
116	161	0.836249
116	163	0.852801
116	165	0.769815
116	166	0.802777
116	168	1.5416
116	170	1.64661
116	171	0.838706
116	172	0.840652
116	173	0.832883
116	174	0.826588
116	177	0.812341
116	178	0.85154
116	179	0.841519
116	180	0.83716
117	47	0.869207
117	69	0.890326
117	73	1.80963
117	83	1.80122
117	94	0.84075
117	100	0.892351
117	105	0.878569
117	110	0.857121
117	112	0.860564
117	119	1.62954
117	121	0.842563
117	145	0.858466
117	148	0.853833
117	149	0.87448
117	150	0.858885
117	153	0.854996
117	159	0.864271
117	160	1.51752
117	162	0.87125
117	163	1.44344
117	164	0.873493
117	167	0.854952
117	168	0.875444
117	169	0.877941
117	170	0.878624
117	176	0.871915
118	21	0.809527
118	42	0.873235
118	59	0.89436
118	90	0.9041
118	92	1.37425
118	97	1.5748
118	104	0.844906
118	110	0.852932
118	121	0.838374
118	123	0.873727
118	127	0.858918
118	139	0.856105
118	142	2.39373
118	145	0.854276
118	147	1.46495
118	148	0.849643
118	152	0.87522
118	159	0.860082
118	162	0.867061
118	164	0.869304
118	165	0.780303
118	167	0.850762
118	168	0.871255
118	169	0.873752
118	170	0.874434
118	172	1.70119
118	176	0.867726
119	2	0.933401
119	50	1.43615
119	73	0.835382
119	75	1.41155
119	77	0.875619
119	79	2.06417
119	93	0.847672
119	109	0.844064
119	117	1.62954
119	136	0.856779
119	137	0.85569
119	140	0.880806
119	146	0.857745
119	147	0.88454
119	154	0.872237
119	155	0.876407
119	158	0.839117
119	160	0.883493
119	161	0.8465
119	163	0.863052
119	166	0.813028
119	172	0.850903
119	176	1.42557
119	177	0.822592
119	178	0.861792
119	179	0.85177
119	180	0.847411
120	3	1.41026
120	17	0.986766
120	39	0.863645
120	46	0.915848
120	52	0.914665
120	56	0.890054
120	64	1.68606
120	68	0.792414
120	78	0.923964
120	81	0.928334
120	86	0.931382
120	89	0.928052
120	98	0.898971
120	101	0.947676
120	106	0.924025
120	111	0.74313
120	115	0.951714
120	131	0.914381
120	134	0.919144
120	143	0.922592
120	151	1.08337
120	153	0.90524
120	157	2.02557
120	160	1.03011
120	165	0.834736
120	175	0.863266
120	180	1.38933
121	37	0.877656
121	58	1.2543
121	59	0.893122
121	87	0.852633
121	88	0.851287
121	104	0.843669
121	105	0.873143
121	112	0.855137
121	113	1.68732
121	117	0.842563
121	118	0.838374
121	128	0.859313
121	129	0.883561
121	137	1.74755
121	138	0.852424
121	148	0.848406
121	151	1.75961
121	152	0.873983
121	153	0.849569
121	162	0.865823
121	167	0.849525
121	168	0.870017
121	169	0.872514
121	170	0.873197
121	173	2.04962
121	175	0.807595
121	176	0.866489
122	7	0.75416
122	22	3.49442
122	28	0.817196
122	33	4.30558
122	52	0.775082
122	68	0.652831
122	98	0.759388
122	99	0.642106
122	115	0.812131
122	145	0.769126
122	157	0.719755
122	160	0.798581
122	162	0.781911
122	163	0.77814
122	166	0.728115
122	168	0.786105
122	169	0.788602
122	170	0.789285
122	171	0.764045
122	173	0.758221
122	174	0.751926
122	175	0.723683
122	176	0.782576
122	177	0.737679
122	179	0.766858
122	180	0.762499
123	34	0.836297
123	53	0.884464
123	80	0.893066
123	82	1.25669
123	85	0.891621
123	103	1.51945
123	107	1.76898
123	108	0.853704
123	118	0.873727
123	124	0.893579
123	128	0.894666
123	139	0.89022
123	143	1.70059
123	145	0.888392
123	148	0.883759
123	149	0.904406
123	150	0.888811
123	152	0.909336
123	159	0.894197
123	162	0.901176
123	164	0.90342
123	167	0.884878
123	168	0.90537
123	169	0.907867
123	170	0.90855
123	175	0.842948
123	176	0.901842
123	179	1.58705
124	28	0.922198
124	57	1.71443
124	69	0.905989
124	76	0.830005
124	96	0.857254
124	104	0.864759
124	105	0.894233
124	112	0.876227
124	123	0.893579
124	127	0.87877
124	128	0.880403
124	145	0.874129
124	147	1.39242
124	148	0.869496
124	149	0.890143
124	150	0.874548
124	152	0.895072
124	159	0.879934
124	160	1.45773
124	162	0.886913
124	163	1.38365
124	164	0.889156
124	167	0.870615
124	168	0.891107
124	169	0.893604
124	170	0.894287
124	171	1.71223
124	176	0.887578
124	179	1.70131
125	33	0.235795
125	43	1.51835
125	60	0.822165
125	77	0.905306
125	89	1.90893
125	100	1.43675
125	113	0.883353
125	136	0.886466
125	137	0.885377
125	140	0.910493
125	141	0.884917
125	144	0.886315
125	147	0.914227
125	151	0.890181
125	154	0.901924
125	155	0.906094
125	157	0.834354
125	158	0.868804
125	160	0.91318
125	161	0.876187
125	162	1.60718
125	163	0.892739
125	166	0.842715
125	170	1.72741
125	171	0.878644
125	174	0.866526
125	178	0.891478
125	179	0.881457
125	180	0.877098
126	9	0.853169
126	15	0.856005
126	16	1.02108
126	27	0.846714
126	41	0.830868
126	62	0.864379
126	63	0.864379
126	67	0.914219
126	69	0.909647
126	71	0.795465
126	74	0.851769
126	78	0.893041
126	86	0.900459
126	115	0.920791
126	131	0.883459
126	132	1.7845
126	134	0.888221
126	143	0.891669
126	151	1.61829
126	153	0.874317
126	159	0.883592
126	163	1.49095
126	164	0.892814
126	165	0.803814
126	168	0.894765
126	169	0.897262
126	170	0.897945
126	171	1.81952
126	176	0.891236
126	180	1.92425
127	2	1.00506
127	43	0.881694
127	47	0.884325
127	53	0.869655
127	59	0.913666
127	76	0.82946
127	101	1.32218
127	105	0.893687
127	108	0.838895
127	110	0.872239
127	118	0.858918
127	124	0.87877
127	133	1.61632
127	138	0.872968
127	139	0.875411
127	149	0.889597
127	150	0.874002
127	152	0.894527
127	153	0.870113
127	159	0.879388
127	163	1.45699
127	164	0.888611
127	165	0.79961
127	166	2.26112
127	167	0.870069
127	168	0.890561
127	169	0.893059
127	170	0.893741
127	173	1.87433
127	176	0.887033
128	31	1.36625
128	37	0.899833
128	40	1.38993
128	53	0.871288
128	61	1.50981
128	79	0.833774
128	80	0.87989
128	94	0.8575
128	99	0.748195
128	100	0.909101
128	101	1.34334
128	111	0.709636
128	114	2.23009
128	121	0.859313
128	123	0.894666
128	124	0.880403
128	129	0.905738
128	139	0.877044
128	145	0.875216
128	148	0.870583
128	152	0.896159
128	159	0.881021
128	162	0.888
128	164	0.890243
128	167	0.871702
128	168	0.892194
128	169	0.894691
128	170	0.895374
128	175	0.829772
128	176	0.888665
128	178	1.5917
129	53	0.895536
129	58	0.872513
129	61	1.28215
129	75	0.927406
129	80	0.904138
129	82	1.23778
129	85	0.902693
129	94	0.881748
129	96	0.882589
129	100	0.933349
129	112	0.901562
129	121	0.883561
129	128	0.905738
129	132	1.54404
129	135	0.897587
129	138	0.898848
129	145	0.899464
129	146	1.54734
129	149	0.915478
129	152	0.920407
129	159	0.905269
129	162	0.912248
129	164	0.914491
129	167	0.89595
129	168	0.916442
129	169	0.918939
129	170	0.919622
129	173	1.66783
129	175	0.85402
129	176	0.912913
129	180	1.68379
130	4	1.5624
130	39	0.706111
130	47	0.761918
130	48	7.4376
130	57	0.745394
130	72	0.79988
130	86	0.773849
130	89	0.770519
130	104	0.741806
130	106	0.766492
130	131	0.756848
130	134	0.761611
130	143	0.765059
130	147	0.781677
130	150	0.751596
130	156	0.665972
130	164	0.766204
130	166	0.710165
130	168	0.768155
130	169	0.770652
130	170	0.771334
130	172	0.74804
130	173	0.740271
130	174	0.733976
130	175	0.705733
130	176	0.764626
130	177	0.719729
130	178	0.758929
130	179	0.748908
130	180	0.744549
131	7	0.859647
131	17	0.952671
131	19	0.849882
131	20	0.849047
131	39	0.829549
131	45	1.88473
131	46	0.881753
131	50	0.89318
131	52	0.88057
131	66	0.872805
131	71	2.75953
131	72	0.923318
131	73	0.855957
131	78	0.889868
131	81	0.894239
131	86	0.897287
131	89	0.893957
131	97	0.855134
131	98	0.864876
131	106	0.889929
131	111	0.709035
131	120	0.914381
131	126	0.883459
131	130	0.756848
131	134	0.885048
131	140	1.50237
131	153	0.871144
131	156	0.78941
131	165	0.800641
131	175	0.82917
131	179	1.43673
131	180	1.55237
132	38	0.894636
132	43	1.44477
132	50	1.5436
132	54	0.870794
132	58	0.926324
132	82	0.908491
132	91	1.61657
132	114	0.834617
132	126	1.7845
132	129	1.54404
132	133	0.857881
132	140	0.89703
132	141	0.871454
132	142	0.85016
132	146	0.873969
132	155	0.89263
132	156	0.785058
132	157	0.820891
132	158	0.85534
132	161	0.862723
132	162	1.5336
132	163	0.879276
132	165	0.79629
132	166	0.829251
132	171	0.865181
132	172	0.867126
132	173	0.859357
132	174	0.853062
132	177	0.838815
132	178	0.878015
132	179	0.867994
132	180	0.863635
133	3	0.831869
133	31	0.886681
133	42	1.50048
133	95	0.854253
133	102	0.888508
133	103	0.843689
133	127	1.61632
133	132	0.857881
133	137	0.858211
133	138	1.55213
133	140	0.883328
133	141	0.857752
133	145	1.38001
133	146	0.860267
133	147	0.887062
133	148	1.89975
133	151	0.863015
133	155	0.878928
133	157	0.807189
133	158	0.841638
133	160	0.886015
133	161	0.849021
133	163	0.865574
133	166	0.815549
133	168	1.4146
133	171	0.851479
133	172	0.853424
133	173	0.845655
133	174	0.83936
133	177	0.825113
133	178	0.864313
133	179	0.854292
133	180	0.849933
134	7	0.864409
134	8	0.848813
134	12	1.05784
134	19	0.854645
134	20	0.85381
134	46	0.886515
134	50	0.897942
134	52	0.885332
134	56	0.860721
134	60	2.70325
134	68	0.763081
134	73	0.860719
134	77	1.41744
134	78	0.894631
134	81	0.899001
134	86	0.902049
134	89	0.898719
134	98	0.869638
134	99	0.752355
134	101	0.918342
134	106	0.894691
134	111	0.713797
134	120	0.919144
134	126	0.888221
134	130	0.761611
134	131	0.885048
134	143	0.893259
134	156	0.794172
134	158	1.64083
134	160	1.55748
134	165	0.805403
134	175	0.833933
134	180	1.9167
135	21	0.822316
135	23	0.91273
135	31	1.31958
135	47	0.877807
135	59	0.907148
135	79	0.825623
135	80	0.87174
135	85	0.870294
135	87	0.866659
135	90	0.916888
135	94	0.849349
135	96	0.85019
135	100	0.90095
135	108	0.832377
135	112	0.869163
135	129	0.897587
135	138	0.86645
135	143	1.86267
135	145	0.867065
135	150	0.867484
135	152	0.888009
135	156	0.781861
135	158	1.58891
135	159	0.87287
135	162	0.87985
135	163	1.43148
135	164	0.882093
