1	25	0.814329
1	28	0.812559
1	49	0.856705
1	50	1.69558
1	59	0.781379
1	115	1.75413
1	132	0.737824
1	151	0.800331
1	164	0.776741
1	166	1.73169
1	171	0.790009
1	172	0.849481
2	4	0.76399
2	22	0.881111
2	29	0.733724
2	33	0.836168
2	58	0.774169
2	83	0.803168
2	88	0.813551
2	93	0.850202
2	99	1.56047
2	121	0.799869
2	142	1.87323
2	153	1.69623
3	7	0.958186
3	19	0.940786
3	42	0.883348
3	46	0.882271
3	47	0.880101
3	93	0.945606
3	138	0.860024
3	139	1.23919
3	164	0.899306
3	166	1.27071
3	172	1.13381
3	178	1.67435
4	2	0.76399
4	22	0.879548
4	29	0.73216
4	33	0.834605
4	58	0.772605
4	83	0.801605
4	88	0.811988
4	90	0.861766
4	121	0.798305
4	139	1.67199
4	151	1.58334
4	161	1.94872
5	49	0.867985
5	83	1.20899
5	119	0.926241
5	146	1.1567
5	147	0.907799
5	164	1.0251
5	170	0.942039
5	173	0.919046
5	176	0.887669
5	178	0.891349
5	179	0.850684
5	180	0.883554
6	7	0.961685
6	19	0.944284
6	42	0.886846
6	46	0.885769
6	47	0.883599
6	80	1.6354
6	122	1.19984
6	125	1.30889
6	135	0.918165
6	138	0.863523
6	145	1.21059
6	164	0.902805
7	3	0.958186
7	6	0.961685
7	42	0.885173
7	46	0.884096
7	47	0.881926
7	122	1.31452
7	125	1.42357
7	138	0.861849
7	140	0.89015
7	162	1.24068
7	164	0.901132
7	175	1.39709
8	61	1.4319
8	67	0.765657
8	78	1.5478
8	81	0.819586
8	136	0.813777
8	150	0.774626
8	165	0.817962
8	171	1.41069
8	175	0.783645
8	177	0.895698
8	178	0.771126
8	180	0.763331
9	57	1.53965
9	65	0.776889
9	117	1.31394
9	143	0.856399
9	162	0.831739
9	164	0.833292
9	165	1.17122
9	171	0.846559
9	172	0.906031
9	179	0.754458
9	180	0.787328
10	15	0.849309
10	24	0.849309
10	51	0.802962
10	52	0.803101
10	67	0.742293
10	74	0.841998
10	75	0.775189
10	81	0.796222
10	140	1.78711
10	162	1.69945
10	168	1.7225
10	175	0.760281
11	31	0.871082
11	48	0.960205
11	87	1.03275
11	117	1.18321
11	134	0.928657
11	155	1.13676
11	170	0.947893
11	175	0.909722
11	176	0.893524
11	178	0.897203
11	179	0.856539
11	180	0.889408
12	17	0.746154
12	38	0.876585
12	39	0.87665
12	62	0.943685
12	70	0.944234
12	73	0.922374
12	115	1.23012
12	125	1.46256
12	137	1.34441
12	154	1.31786
12	167	0.903513
12	177	0.986428
13	41	0.784101
13	45	0.882713
13	54	0.848746
13	63	0.750834
13	65	0.732328
13	72	0.750861
13	76	0.846527
13	134	1.67533
13	156	1.83812
13	157	0.780938
13	162	1.70705
13	172	0.86147
14	43	0.793237
14	100	0.793856
14	111	0.755438
14	112	0.822748
14	117	0.787386
14	120	0.822333
14	126	0.805776
14	127	0.80193
14	131	0.817779
14	151	1.55502
14	170	1.70434
14	176	1.94574
15	10	0.849309
15	51	0.922661
15	52	0.922799
15	55	0.888066
15	67	0.861992
15	74	0.961697
15	75	0.894887
15	80	1.62412
15	81	0.91592
15	167	1.14965
15	175	0.87998
15	179	1.67055
16	17	2.24847
16	35	0.788832
16	67	1.4165
16	147	0.798862
16	160	0.819852
16	163	0.838828
16	170	0.833102
16	174	0.822347
16	176	0.778733
16	178	0.782412
16	179	0.741747
16	180	0.774617
17	12	0.746154
17	16	2.24847
17	20	0.74409
17	36	0.74409
17	38	0.66494
17	39	0.665005
17	62	0.73204
17	70	0.732589
17	73	0.710729
17	167	0.691868
17	169	2.6787
17	177	0.774783
18	43	0.791599
18	66	0.810563
18	85	0.784742
18	111	0.7538
18	112	0.821111
18	120	0.820695
18	126	0.804138
18	127	0.800292
18	131	0.816141
18	161	1.77974
18	168	1.62955
18	176	1.80507
19	3	0.940786
19	6	0.944284
19	34	1.16176
19	42	0.867772
19	46	0.866695
19	93	0.930031
19	135	0.899091
19	137	1.22733
19	140	0.872749
19	164	0.883731
19	174	1.24275
19	179	1.71842
20	17	0.74409
20	38	0.874521
20	39	0.874586
20	62	0.941621
20	70	0.94217
20	73	0.92031
20	153	1.25012
20	154	1.26161
20	161	1.39665
20	167	0.901449
20	176	1.42199
20	177	0.984364
21	104	0.88195
21	114	0.909944
21	118	0.8885
21	122	1.33917
21	128	1.38006
21	135	1.25615
21	146	0.885642
21	148	0.883335
21	149	0.923864
21	158	0.935348
21	160	1.35342
21	165	0.906996
22	2	0.881111
22	4	0.879548
22	29	0.849281
22	33	0.951726
22	58	0.889726
22	83	0.918726
22	93	0.96576
22	117	0.916422
22	135	1.25879
22	138	1.47693
22	167	1.30291
22	168	1.29103
23	64	0.869448
23	79	0.907865
23	82	0.905278
23	84	0.903589
23	96	0.93705
23	103	0.897644
23	135	1.21794
23	161	0.872011
23	162	1.22713
23	169	1.38548
23	171	0.913626
23	180	1.50315
24	10	0.849309
24	51	0.922661
24	52	0.922799
24	67	0.861992
24	74	0.961697
24	75	0.894887
24	77	1.18574
24	81	0.91592
24	144	1.22837
24	154	1.33468
24	175	0.87998
24	180	1.57251
25	1	0.814329
25	28	0.915657
25	49	0.959803
25	59	0.884477
25	68	1.09806
25	86	1.65666
25	151	0.903429
25	161	1.32091
25	164	0.879839
25	171	0.893107
25	172	0.952578
25	175	1.30408
26	66	0.871041
26	85	0.84522
26	100	0.852697
26	112	0.88159
26	115	0.857249
26	120	0.881174
26	126	0.864617
26	127	0.860771
26	131	0.87662
26	138	1.5271
26	156	1.44922
26	170	1.27533
26	175	1.47456
27	31	1.70348
27	43	0.850957
27	44	0.92964
27	100	0.851577
27	111	0.813159
27	112	0.880469
27	120	0.880054
27	126	0.863497
27	127	0.859651
27	131	0.8755
27	143	1.24246
27	161	1.43421
27	173	1.34779
28	1	0.812559
28	25	0.915657
28	49	0.958033
28	59	0.882707
28	151	0.901659
28	162	1.22777
28	164	0.878069
28	171	0.891337
28	172	0.950808
28	173	1.31459
28	175	1.38418
28	176	1.42635
29	2	0.733724
29	4	0.73216
29	22	0.849281
29	33	0.804338
29	58	0.742338
29	68	0.827319
29	83	0.771338
29	90	0.8315
29	117	0.769034
29	121	0.768039
29	122	1.84662
29	150	1.94182
29	157	1.82099
30	31	1.64841
30	60	0.907271
30	61	0.907271
30	94	0.871068
30	95	0.805004
30	97	0.800803
30	102	0.850643
30	108	1.4629
30	113	0.872994
30	139	1.1024
30	171	0.866403
30	177	0.939539
30	180	1.48192
31	11	0.871082
31	27	1.70348
31	30	1.64841
31	67	0.734323
31	73	0.80031
31	81	0.788252
31	127	1.704
31	159	0.72756
31	167	0.781449
31	175	0.752311
31	177	0.864364
31	178	0.739792
31	180	0.731997
32	89	0.908171
32	118	0.849725
32	133	0.843186
32	139	1.26616
32	146	0.846867
32	148	0.84456
32	149	0.88509
32	153	1.39637
32	155	0.874792
32	158	0.896573
32	160	1.45775
32	165	0.868221
32	176	1.56823
33	2	0.836168
33	4	0.834605
33	22	0.951726
33	29	0.804338
33	58	0.844783
33	68	0.929764
33	83	0.873783
33	117	0.871479
33	121	0.870483
33	151	1.1924
33	161	1.55778
33	173	1.47136
33	175	1.54095
34	19	1.16176
34	96	1.1965
34	127	1.26067
34	149	1.17579
34	150	0.863863
34	159	0.84813
34	163	0.916779
34	169	0.87141
34	174	0.900297
34	176	0.856683
34	178	0.860362
34	179	0.819698
34	180	0.852567
35	16	0.788832
35	108	1.31771
35	111	0.931788
35	127	0.97828
35	131	0.994129
35	148	0.951781
35	165	0.975442
35	168	1.08377
35	171	0.980043
35	172	1.03951
35	174	1.14088
35	175	0.941125
35	178	1.39238
36	17	0.74409
36	38	0.874521
36	39	0.874586
36	62	0.941621
36	70	0.94217
36	73	0.92031
36	141	1.37416
36	157	1.3197
36	167	0.901449
36	168	1.29454
36	173	1.35831
36	177	0.984364
37	82	1.32661
37	139	0.894675
37	145	0.854904
37	148	1.41037
37	154	0.861946
37	158	1.15375
37	166	0.87793
37	169	0.829365
37	171	1.208
37	174	0.858252
37	176	0.814638
37	178	0.818317
37	179	0.777652
37	180	0.810522
38	12	0.876585
38	17	0.66494
38	20	0.874521
38	36	0.874521
38	39	0.795436
38	62	0.862471
38	70	0.863021
38	73	0.84116
38	92	1.36294
38	138	1.71014
38	145	1.58578
38	167	0.822299
38	170	1.45837
38	177	0.905214
39	12	0.87665
39	17	0.665005
39	20	0.874586
39	36	0.874586
39	38	0.795436
39	62	0.862537
39	70	0.863086
39	73	0.841225
39	156	1.51651
39	166	1.31345
39	167	0.822364
39	176	1.58401
39	177	0.90528
39	178	1.71709
40	77	0.836773
40	100	1.6953
40	104	1.70941
40	111	1.75957
40	134	0.768253
40	143	0.798075
40	144	0.789308
40	159	0.724566
40	169	0.747847
40	170	0.787489
40	174	0.776734
40	178	0.736799
40	179	0.696134
40	180	0.729004
41	13	0.784101
41	45	0.931604
41	54	0.897636
41	63	0.799725
41	65	0.781219
41	72	0.799752
41	76	0.895418
41	115	1.51216
41	132	0.798704
41	134	1.52999
41	137	1.62645
41	157	0.829829
41	166	1.48973
41	172	0.910361
42	3	0.883348
42	6	0.886846
42	7	0.885173
42	19	0.867772
42	46	0.809258
42	47	0.807087
42	99	1.32615
42	105	1.64952
42	135	0.841653
42	138	0.787011
42	140	0.815311
42	160	1.52329
42	164	0.826293
42	175	1.59161
43	14	0.793237
43	18	0.791599
43	27	0.850957
43	85	0.841018
43	100	0.848495
43	111	0.810076
43	120	0.876971
43	126	0.860415
43	127	0.856569
43	131	0.872417
43	144	1.42658
43	160	1.58279
43	170	1.45188
43	175	1.65111
44	27	0.92964
44	85	0.9197
44	100	0.927177
44	111	0.888759
44	112	0.956069
44	116	1.29121
44	120	0.955654
44	122	1.26053
44	126	0.939097
44	127	0.935251
44	131	0.951099
44	137	1.25143
44	170	1.14387
44	175	1.3431
45	13	0.882713
45	41	0.931604
45	54	0.996249
45	63	0.898337
45	65	0.879831
45	72	0.898364
45	76	0.99403
45	140	1.15888
45	142	1.27494
45	157	0.928441
45	161	1.24446
45	172	1.00897
45	175	1.22763
45	180	1.34725
46	3	0.882271
46	6	0.885769
46	7	0.884096
46	19	0.866695
46	42	0.809258
46	47	0.80601
46	135	0.840576
46	137	1.59522
46	138	0.785934
46	140	0.814234
46	147	1.63966
46	154	1.56866
46	164	0.825216
46	172	1.32159
47	3	0.880101
47	6	0.883599
47	7	0.881926
47	42	0.807087
47	46	0.80601
47	93	0.869346
47	135	0.838406
47	138	0.783764
47	140	0.812064
47	151	1.23733
47	154	1.46766
47	164	0.823046
47	167	1.4644
47	179	1.9853
48	11	0.960205
48	71	0.941468
48	94	0.948461
48	95	0.882397
48	97	0.878196
48	98	0.925452
48	102	0.928036
48	113	0.950387
48	142	1.4079
48	143	1.18568
48	145	1.28878
48	157	1.2524
48	171	0.943796
48	177	1.01693
49	1	0.856705
49	5	0.867985
49	25	0.959803
49	28	0.958033
49	59	0.926854
49	115	1.13741
49	119	1.26349
49	132	0.883299
49	151	0.945806
49	164	0.922216
49	166	1.11498
49	171	0.935484
49	172	0.994955
49	179	1.74279
50	1	1.69558
50	100	1.16519
50	102	1.13107
50	131	1.22862
50	152	0.868202
50	153	0.858162
50	154	0.860683
50	160	0.854494
50	166	0.876667
50	174	0.856989
50	176	0.813375
50	178	0.817054
50	179	0.77639
50	180	0.809259
51	10	0.802962
51	15	0.922661
51	24	0.922661
51	52	0.876453
51	67	0.815645
51	74	0.91535
51	75	0.848541
51	81	0.869574
51	152	1.26493
51	168	1.2722
51	169	1.4075
51	175	0.833633
51	179	1.80498
52	10	0.803101
52	15	0.922799
52	24	0.922799
52	51	0.876453
52	55	1.2496
52	67	0.815783
52	74	0.915489
52	75	0.848679
52	81	0.869712
52	143	1.45774
52	170	1.43343
52	173	1.56307
52	175	0.833771
53	56	0.828221
53	57	0.828782
53	64	0.816893
53	78	0.856471
53	79	0.855309
53	84	0.851034
53	96	0.884494
53	103	0.845089
53	134	1.3653
53	145	1.48161
53	161	0.819456
53	170	1.3542
53	171	0.861071
53	179	1.95285
54	13	0.848746
54	41	0.897636
54	45	0.996249
54	63	0.86437
54	65	0.845863
54	69	1.05931
54	72	0.864397
54	76	0.960063
54	132	0.863349
54	152	1.33656
54	153	1.34749
54	157	0.894474
54	161	1.49402
54	172	0.975006
54	173	1.4076
55	15	0.888066
55	52	1.2496
55	64	1.31087
55	103	1.2302
55	142	0.885744
55	149	0.949967
55	153	0.923352
55	156	0.905508
55	163	0.938661
55	166	0.941858
55	174	0.922179
55	176	0.878565
55	178	0.882244
55	179	0.84158
55	180	0.874449
56	53	0.828221
56	57	0.803649
56	78	0.831337
56	82	0.827589
56	84	0.8259
56	96	0.859361
56	103	0.819955
56	105	0.796423
56	115	1.4514
56	132	0.783752
56	135	1.49176
56	159	1.80261
56	161	0.794323
56	171	0.835937
56	180	1.77696
57	9	1.53965
57	53	0.828782
57	56	0.803649
57	64	0.792321
57	79	0.830737
57	82	0.82815
57	84	0.826461
57	96	0.859922
57	103	0.820516
57	129	1.52825
57	132	0.784313
57	138	1.86185
57	161	0.794884
57	171	0.836498
57	172	1.44402
58	2	0.774169
58	4	0.772605
58	22	0.889726
58	29	0.742338
58	33	0.844783
58	83	0.811783
58	88	0.822166
58	90	0.871945
58	93	0.858817
58	117	0.809479
58	121	0.808484
58	151	1.27298
58	157	1.51333
58	179	2.02095
58	180	1.74114
59	1	0.781379
59	25	0.884477
59	28	0.882707
59	49	0.926854
59	68	1.31299
59	115	1.31306
59	132	0.807972
59	138	1.57155
59	151	0.87048
59	164	0.84689
59	169	1.52095
59	171	0.860157
59	172	0.919629
60	30	0.907271
60	71	0.907327
60	86	1.63872
60	94	0.91432
60	95	0.848255
60	97	0.844055
60	98	0.891311
60	102	0.893894
60	113	0.916246
60	119	1.20627
60	167	1.16467
60	171	0.909655
60	174	1.20991
60	177	0.98279
60	178	1.4614
61	8	1.4319
61	30	0.907271
61	71	0.907327
61	94	0.91432
61	95	0.848255
61	97	0.844055
61	98	0.891311
61	102	0.893894
61	113	0.916246
61	115	1.20172
61	151	1.05913
61	153	1.27798
61	159	1.55294
61	171	0.909655
61	177	0.98279
62	12	0.943685
62	17	0.73204
62	20	0.941621
62	36	0.941621
62	38	0.862471
62	39	0.862537
62	68	1.14064
62	70	0.930121
62	73	0.90826
62	125	1.37315
62	138	1.39921
62	157	1.23847
62	167	0.889399
62	177	0.972315
62	178	1.52192
63	13	0.750834
63	41	0.799725
63	45	0.898337
63	54	0.86437
63	65	0.747952
63	68	0.859601
63	72	0.766485
63	76	0.862151
63	132	0.765438
63	141	1.66974
63	157	0.796562
63	162	1.56707
63	167	1.602
63	172	0.877094
63	175	1.72348
64	23	0.869448
64	53	0.816893
64	55	1.31087
64	57	0.792321
64	78	0.820009
64	79	0.818848
64	82	0.816261
64	84	0.814572
64	96	0.848033
64	103	0.808627
64	147	1.6467
64	157	1.58573
64	159	1.83919
64	161	0.782994
64	171	0.824609
65	9	0.776889
65	13	0.732328
65	41	0.781219
65	45	0.879831
65	54	0.845863
65	63	0.747952
65	68	0.841095
65	72	0.747979
65	76	0.843645
65	129	1.48894
65	132	0.746931
65	157	0.778056
65	169	1.77194
65	172	0.858588
65	175	1.77
65	180	1.88961
66	18	0.810563
66	26	0.871041
66	85	0.859981
66	90	0.923454
66	100	0.867459
66	111	0.82904
66	112	0.896351
66	120	0.895935
66	126	0.879378
66	127	0.875532
66	128	1.39819
66	131	0.891381
66	141	1.38614
66	157	1.33168
66	159	1.58514
66	173	1.37028
67	8	0.765657
67	10	0.742293
67	15	0.861992
67	16	1.4165
67	24	0.861992
67	31	0.734323
67	51	0.815645
67	52	0.815783
67	74	0.854681
67	75	0.787871
67	81	0.808904
67	105	0.772367
67	144	1.62026
67	150	1.85742
67	175	0.772963
67	176	1.88696
68	25	1.09806
68	29	0.827319
68	33	0.929764
68	59	1.31299
68	62	1.14064
68	63	0.859601
68	65	0.841095
68	72	0.859629
68	83	0.896764
68	112	1.35865
68	127	1.21188
68	172	0.970237
68	174	0.899264
68	176	0.85565
68	179	0.818665
68	180	0.851534
69	54	1.05931
69	75	1.24269
69	112	1.14679
69	132	1.31713
69	142	0.85949
69	144	0.908499
69	148	1.17096
69	153	0.897098
69	168	0.89918
69	169	0.867038
69	170	0.906681
69	173	0.883688
69	176	0.852311
69	178	0.855991
69	179	0.815326
69	180	0.848195
70	12	0.944234
70	17	0.732589
70	20	0.94217
70	36	0.94217
70	38	0.863021
70	39	0.863086
70	62	0.930121
70	73	0.908809
70	88	1.35803
70	108	1.53545
70	150	1.44749
70	163	1.23233
70	167	0.889949
70	172	1.06957
70	177	0.972864
71	48	0.941468
71	60	0.907327
71	61	0.907327
71	94	0.871124
71	95	0.805059
71	97	0.800859
71	98	0.848115
71	102	0.850698
71	113	0.87305
71	152	1.43619
71	162	1.42041
71	166	1.34843
71	170	1.37759
71	171	0.866459
71	173	1.50723
71	177	0.939594
72	13	0.750861
72	41	0.799752
72	45	0.898364
72	54	0.864397
72	63	0.766485
72	65	0.747979
72	68	0.859629
72	76	0.862179
72	107	1.63332
72	129	1.5655
72	132	0.765465
72	147	1.79933
72	151	1.498
72	157	0.796589
72	172	0.877121
73	12	0.922374
73	17	0.710729
73	20	0.92031
73	31	0.80031
73	36	0.92031
73	38	0.84116
73	39	0.841225
73	62	0.90826
73	70	0.908809
73	140	1.4095
73	157	1.37006
73	167	0.868088
73	173	1.40866
73	174	1.40201
73	175	1.47825
73	177	0.951003
74	10	0.841998
74	15	0.961697
74	24	0.961697
74	51	0.91535
74	52	0.915489
74	67	0.854681
74	75	0.887577
74	81	0.90861
74	105	0.872072
74	134	1.24135
74	137	1.33782
74	141	1.37575
74	161	1.44631
74	167	1.308
74	175	0.872669
75	10	0.775189
75	15	0.894887
75	24	0.894887
75	51	0.848541
75	52	0.848679
75	67	0.787871
75	69	1.24269
75	74	0.887577
75	81	0.8418
75	105	0.805262
75	142	1.70787
75	162	1.50416
75	167	1.53909
75	175	0.805859
76	13	0.846527
76	41	0.895418
76	45	0.99403
76	54	0.960063
76	63	0.862151
76	65	0.843645
76	72	0.862179
76	123	1.27376
76	132	0.861131
76	144	1.17268
76	145	1.3254
76	157	0.892255
76	169	1.39916
76	172	0.972787
76	176	1.43938
77	24	1.18574
77	40	0.836773
77	80	0.86415
77	95	1.45819
77	127	1.15075
77	142	0.869387
77	157	0.896264
77	162	0.902504
77	168	0.909077
77	171	1.11931
77	174	0.905823
77	176	0.862209
77	177	0.944642
77	178	0.865888
77	179	0.825223
77	180	0.858093
78	8	1.5478
78	53	0.856471
78	56	0.831337
78	64	0.820009
78	79	0.858425
78	82	0.855839
78	84	0.85415
78	88	0.860568
78	96	0.88761
78	103	0.848205
78	105	0.824672
78	150	1.5362
78	151	1.17502
78	161	0.822572
78	168	1.39021
78	171	0.864187
78	178	1.69883
79	23	0.907865
79	53	0.855309
79	57	0.830737
79	64	0.818848
79	78	0.858425
79	82	0.854677
79	96	0.886449
79	103	0.847043
79	105	0.823511
79	132	0.810841
79	152	1.51106
79	154	1.53348
79	157	1.5435
79	160	1.58337
79	161	0.821411
79	171	0.863026
79	172	1.28641
80	6	1.6354
80	15	1.62412
80	77	0.86415
80	90	1.59943
80	119	0.799068
80	142	0.767675
80	143	0.825452
80	145	0.800763
80	147	0.780626
80	149	1.68602
80	162	0.800792
80	169	0.775224
80	173	0.791873
80	176	0.760497
80	178	0.764176
80	179	0.723511
80	180	0.756381
81	8	0.819586
81	10	0.796222
81	15	0.91592
81	24	0.91592
81	31	0.788252
81	51	0.869574
81	52	0.869712
81	67	0.808904
81	74	0.90861
81	75	0.8418
81	105	0.826295
81	153	1.48374
81	156	1.58811
81	157	1.50525
81	166	1.38506
81	167	1.49196
81	175	0.826892
82	23	0.905278
82	37	1.32661
82	56	0.827589
82	57	0.82815
82	64	0.816261
82	78	0.855839
82	79	0.854677
82	84	0.850402
82	88	0.85682
82	96	0.883862
82	103	0.844457
82	132	0.808254
82	150	1.51771
82	167	1.3836
82	171	0.860439
82	174	1.42884
82	178	1.68033
83	2	0.803168
83	4	0.801605
83	5	1.20899
83	22	0.918726
83	29	0.771338
83	33	0.873783
83	58	0.811783
83	68	0.896764
83	88	0.851166
83	90	0.900945
83	93	0.887817
83	105	1.74228
83	117	0.838479
83	121	0.837483
83	151	1.33583
83	172	1.31909
83	176	1.72654
84	23	0.903589
84	53	0.851034
84	56	0.8259
84	57	0.826461
84	64	0.814572
84	78	0.85415
84	82	0.850402
84	88	0.855131
84	96	0.882173
84	103	0.842768
84	107	1.32791
84	145	1.46932
84	151	1.19259
84	161	0.817135
84	171	0.85875
84	175	1.54114
84	179	1.94057
85	18	0.784742
85	26	0.84522
85	43	0.841018
85	44	0.9197
85	66	0.859981
85	92	1.33611
85	100	0.841638
85	111	0.803219
85	112	0.87053
85	120	0.870114
85	126	0.853557
85	127	0.849711
85	128	1.58909
85	131	0.86556
85	138	1.68332
85	141	1.57704
85	151	1.28223
86	25	1.65666
86	60	1.63872
86	94	1.69134
86	121	1.93641
86	123	0.796522
86	138	0.753257
86	140	0.781558
86	141	0.789623
86	145	0.790958
86	150	0.757871
86	157	0.784747
86	162	0.790987
86	173	0.782068
86	174	0.794305
86	176	0.750691
86	178	0.754371
86	179	0.713706
86	180	0.746576
87	11	1.03275
87	88	1.35631
87	109	0.913289
87	129	1.15208
87	130	0.882395
87	133	0.879732
87	136	0.900582
87	146	0.883413
87	148	0.881105
87	149	0.921635
87	151	0.919689
87	152	1.29251
87	155	0.911337
87	158	0.933119
87	161	0.867752
87	165	0.904766
87	176	1.47531
87	180	1.55275
88	2	0.813551
88	4	0.811988
88	58	0.822166
88	70	1.35803
88	78	0.860568
88	82	0.85682
88	83	0.851166
88	84	0.855131
88	87	1.35631
88	98	1.4795
88	103	0.849186
88	116	0.865478
88	126	1.34122
88	149	1.2562
88	169	0.824779
88	176	0.810052
88	179	0.773067
88	180	0.805936
89	32	0.908171
89	99	1.11832
89	104	0.87449
89	106	0.942428
89	116	1.3319
89	124	0.879365
89	135	1.21819
89	136	0.895351
89	146	0.878182
89	148	0.875874
89	149	0.916404
89	151	0.914458
89	155	0.906106
89	158	0.927888
89	160	1.31547
89	165	0.899536
89	170	1.18456
89	179	1.78321
90	4	0.861766
90	29	0.8315
90	58	0.871945
90	66	0.923454
90	80	1.59943
90	83	0.900945
90	105	1.30434
90	108	1.34702
90	109	0.918869
90	118	0.89185
90	120	0.933587
90	126	0.91703
90	131	0.929033
90	155	0.916917
90	165	0.910346
90	172	0.881147
90	176	1.2886
90	178	1.42169
91	101	0.893356
91	109	0.910049
91	119	1.34851
91	123	1.30493
91	130	0.879155
91	133	0.876492
91	142	1.47569
91	146	0.880173
91	149	0.918395
91	155	0.908097
91	158	0.929879
91	160	1.36007
91	161	0.864512
91	165	0.901526
91	172	1.0631
91	173	1.3588
91	175	0.867209
91	177	0.979262
92	38	1.36294
92	85	1.33611
92	99	0.918111
92	131	1.19846
92	143	0.915464
92	152	0.905336
92	155	1.24249
92	158	1.03756
92	159	0.841956
92	168	0.897378
92	169	0.865236
92	170	0.904878
92	173	0.881886
92	174	0.894123
92	176	0.850509
92	177	0.917139
92	178	0.854188
92	179	0.813524
92	180	0.846393
93	2	0.850202
93	3	0.945606
93	19	0.930031
93	22	0.96576
93	47	0.869346
93	58	0.858817
93	83	0.887817
93	97	0.836219
93	98	0.883475
93	107	1.20516
93	108	1.51897
93	113	0.90841
93	143	1.24347
93	164	0.888552
93	167	1.29691
93	170	1.21916
93	176	1.46055
93	177	0.974954
94	30	0.871068
94	48	0.948461
94	60	0.91432
94	61	0.91432
94	71	0.871124
94	86	1.69134
94	95	0.812052
94	97	0.807852
94	98	0.855108
94	102	0.857691
94	113	0.880043
94	116	1.28688
94	128	1.29708
94	139	1.07886
94	140	0.849202
94	171	0.873452
94	176	1.38093
94	177	0.946587
94	178	1.51402
95	30	0.805004
95	48	0.882397
95	60	0.848255
95	61	0.848255
95	71	0.805059
95	77	1.45819
95	94	0.812052
95	97	0.741787
95	98	0.789043
95	102	0.791627
95	113	0.813978
95	121	0.790086
95	129	1.44429
95	140	0.783138
95	167	1.60386
95	171	0.807387
95	176	1.76751
95	177	0.880523
95	180	1.84496
96	23	0.93705
96	34	1.1965
96	53	0.884494
96	56	0.859361
96	57	0.859922
96	64	0.848033
96	78	0.88761
96	79	0.886449
96	82	0.883862
96	84	0.882173
96	103	0.876228
96	110	1.94265
96	132	0.840026
96	156	1.3284
96	161	0.850596
96	169	1.35567
96	170	1.1545
96	171	0.89221
96	174	1.27749
97	30	0.800803
97	48	0.878196
97	60	0.844055
97	61	0.844055
97	71	0.800859
97	93	0.836219
97	94	0.807852
97	95	0.741787
97	98	0.784843
97	102	0.787426
97	113	0.809778
97	140	0.778937
97	145	1.64068
97	163	1.50997
97	171	0.803187
97	173	1.64291
97	174	1.63626
97	177	0.876322
97	180	1.83211
98	48	0.925452
98	60	0.891311
98	61	0.891311
98	71	0.848115
98	88	1.4795
98	93	0.883475
98	94	0.855108
98	95	0.789043
98	97	0.784843
98	102	0.834682
98	113	0.857034
98	121	0.833141
98	140	0.826193
98	152	1.4157
98	163	1.3538
98	171	0.850443
98	172	1.19104
98	175	1.55633
98	177	0.923578
98	180	1.67594
99	2	1.56047
99	42	1.32615
99	89	1.11832
99	92	0.918111
99	116	0.881583
99	143	0.891112
99	148	1.32338
99	153	0.870944
99	154	0.873466
99	158	1.06675
99	159	0.817604
99	164	1.23502
99	166	0.88945
99	169	0.840884
99	170	0.880526
99	173	0.857534
99	176	0.826157
99	178	0.829836
99	179	0.789172
99	180	0.822041
100	14	0.793856
100	26	0.852697
100	27	0.851577
100	40	1.6953
100	43	0.848495
100	44	0.927177
100	50	1.16519
100	66	0.867459
100	85	0.841638
100	111	0.810696
100	112	0.878007
100	120	0.877591
100	125	1.45617
100	126	0.861035
100	127	0.857189
100	131	0.873037
100	135	0.861043
100	147	1.38247
100	163	1.22716
100	178	1.60494
101	91	0.893356
101	104	0.82637
101	106	0.894308
101	114	0.854364
101	115	0.850732
101	124	0.831245
101	135	1.30225
101	146	0.830062
101	148	0.827755
101	149	0.868284
101	152	1.32721
101	154	1.34962
101	155	0.857987
101	158	0.879768
101	161	0.814402
101	165	0.851416
101	168	1.33448
101	177	0.929152
101	178	1.6431
101	179	1.86726
102	30	0.850643
102	48	0.928036
102	50	1.13107
102	60	0.893894
102	61	0.893894
102	71	0.850698
102	94	0.857691
102	95	0.791627
102	97	0.787426
102	98	0.834682
102	110	1.98449
102	113	0.859617
102	121	0.835725
102	140	0.828777
102	143	1.22065
102	167	1.27409
102	168	1.26221
102	171	0.853026
102	177	0.926162
102	179	1.79499
103	23	0.897644
103	53	0.845089
103	55	1.2302
103	56	0.819955
103	57	0.820516
103	64	0.808627
103	78	0.848205
103	79	0.847043
103	82	0.844457
103	84	0.842768
103	88	0.849186
103	96	0.876228
103	105	0.81329
103	128	1.57157
103	132	0.80062
103	140	1.54451
103	159	1.75852
103	161	0.81119
103	163	1.41073
103	171	0.852805
103	174	1.53702
104	21	0.88195
104	40	1.70941
104	89	0.87449
104	101	0.82637
104	109	0.843063
104	124	0.814369
104	130	0.812168
104	133	0.809505
104	139	1.18389
104	141	1.39006
104	148	0.810879
104	149	0.851408
104	155	0.841111
104	158	0.862892
104	165	0.83454
104	167	0.829361
104	173	1.37421
104	175	0.800223
104	177	0.912276
104	179	1.84322
104	180	1.56341
105	42	1.64952
105	56	0.796423
105	67	0.772367
105	74	0.872072
105	75	0.805262
105	78	0.824672
105	79	0.823511
105	81	0.826295
105	83	1.74228
105	90	1.30434
105	103	0.81329
105	126	1.47596
105	150	0.781336
105	164	1.55839
105	171	0.829273
105	175	0.790355
105	176	0.774157
105	178	0.777836
105	179	0.737171
105	180	0.770041
106	89	0.942428
106	101	0.894308
106	109	0.911001
106	114	0.905427
106	115	0.901794
106	116	1.40402
106	117	0.890772
106	129	1.17485
106	133	0.877443
106	140	1.38716
106	144	1.23137
106	146	0.881124
106	147	1.40869
106	148	0.878817
106	155	0.909049
106	158	0.93083
106	165	0.902478
106	167	0.897299
106	172	1.09062
106	175	0.868161
106	180	1.57552
107	72	1.63332
107	84	1.32791
107	93	1.20516
107	112	1.35145
107	117	1.37037
107	139	0.883157
107	141	0.842051
107	143	0.868075
107	145	0.843387
107	149	1.1198
107	153	0.847907
107	160	0.844239
107	163	0.863215
107	166	0.866412
107	168	0.849988
107	169	0.817847
107	170	0.857489
107	173	0.834497
107	176	0.80312
107	179	0.766134
107	180	0.799004
108	30	1.4629
108	35	1.31771
108	70	1.53545
108	90	1.34702
108	93	1.51897
108	145	0.841051
108	150	0.807964
108	152	0.855612
108	153	0.845571
108	156	0.827728
108	159	0.792231
108	160	0.841904
108	163	0.86088
108	167	0.84612
108	169	0.815511
108	171	1.48706
108	173	0.832161
108	174	0.844398
108	176	0.800784
108	178	0.804464
108	179	0.763799
108	180	0.796669
109	87	0.913289
109	90	0.918869
109	91	0.910049
109	104	0.843063
109	106	0.911001
109	118	0.849613
109	119	1.40267
109	123	1.3591
109	133	0.843074
109	136	0.863924
109	144	1.25802
109	146	0.846755
109	149	0.884977
109	155	0.87468
109	156	1.45722
109	158	0.896461
109	165	0.868109
109	169	1.48449
109	170	1.28332
109	173	1.41296
109	175	0.833792
109	177	0.945845
110	96	1.94265
110	102	1.98449
110	136	2.01537
110	137	0.77435
110	141	0.759844
110	142	0.728091
110	152	0.77574
110	153	0.765699
110	156	0.747855
110	160	0.762031
110	166	0.784205
110	168	0.767781
110	169	0.735639
110	170	0.775282
110	174	0.764526
110	176	0.720912
110	177	1.80072
110	178	0.724592
110	179	0.683927
110	180	0.716796
111	14	0.755438
111	18	0.7538
111	27	0.813159
111	35	0.931788
111	40	1.75957
111	43	0.810076
111	44	0.888759
111	66	0.82904
111	85	0.803219
111	100	0.810696
111	112	0.839588
111	115	0.815248
111	120	0.839173
111	126	0.822616
111	127	0.81877
111	131	0.834619
111	135	0.822625
111	152	1.35333
111	162	1.33756
111	175	1.49396
111	178	1.66922
111	179	1.89339
112	14	0.822748
112	18	0.821111
112	26	0.88159
112	27	0.880469
112	44	0.956069
112	66	0.896351
112	68	1.35865
112	69	1.14679
112	85	0.87053
112	100	0.878007
112	107	1.35145
112	111	0.839588
112	117	0.871537
112	120	0.906483
112	126	0.889927
112	127	0.886081
112	131	0.901929
112	135	0.889936
112	137	1.47301
112	151	1.21613
112	163	1.36215
112	167	1.4432
113	30	0.872994
113	48	0.950387
113	60	0.916246
113	61	0.916246
113	71	0.87305
113	93	0.90841
113	94	0.880043
113	95	0.813978
113	97	0.809778
113	98	0.857034
113	102	0.859617
113	116	1.33128
113	121	0.858076
113	137	1.2915
113	140	0.851128
113	161	1.4
113	171	0.875378
113	172	1.01788
113	175	1.38317
113	177	0.948513
113	178	1.55842
113	179	1.78259
114	21	0.909944
114	101	0.854364
114	106	0.905427
114	124	0.842364
114	130	0.840162
114	133	0.8375
114	136	0.85835
114	143	1.40849
114	146	0.841181
114	148	0.838873
114	155	0.869105
114	158	0.890886
114	159	1.72868
114	161	0.82552
114	162	1.42701
114	164	0.853867
114	165	0.862534
114	168	1.45006
114	170	1.38418
114	172	1.21813
114	174	1.50717
114	175	0.828217
114	177	0.94027
115	1	1.75413
115	12	1.23012
115	26	0.857249
115	41	1.51216
115	49	1.13741
115	56	1.4514
115	59	1.31306
115	61	1.20172
115	101	0.850732
115	106	0.901794
115	111	0.815248
115	126	0.865586
115	127	0.86174
115	131	0.877588
115	136	0.854717
115	149	0.87577
115	157	0.842442
115	165	0.858902
115	166	0.871679
115	170	0.862756
115	176	0.808386
115	178	0.812066
115	179	0.771401
115	180	0.804271
116	44	1.29121
116	88	0.865478
116	89	1.3319
116	94	1.28688
116	99	0.881583
116	106	1.40402
116	113	1.33128
116	117	1.53171
116	143	0.878936
116	152	0.868808
116	157	0.848036
116	159	0.805428
116	160	0.8551
116	163	0.874076
116	166	0.877273
116	169	0.828708
116	170	0.86835
116	173	0.845358
116	174	0.857595
116	176	0.813981
116	177	1.15991
116	178	0.81766
116	179	0.776996
116	180	0.809865
117	9	1.31394
117	11	1.18321
117	14	0.787386
117	22	0.916422
117	29	0.769034
117	33	0.871479
117	58	0.809479
117	83	0.838479
117	106	0.890772
117	107	1.37037
117	112	0.871537
117	116	1.53171
117	120	0.871121
117	124	0.82771
117	126	0.854564
117	127	0.850718
117	131	0.866567
117	134	1.39547
117	145	1.51178
117	146	0.826526
117	148	0.824219
117	158	0.876232
117	165	0.84788
117	180	1.70321
118	21	0.8885
118	32	0.849725
118	90	0.89185
118	109	0.849613
118	122	1.37741
118	124	0.820919
118	130	0.818718
118	136	0.836905
118	140	1.39123
118	146	0.819736
118	148	0.817429
118	149	0.857958
118	152	1.31935
118	155	0.847661
118	157	0.82463
118	158	0.869442
118	165	0.84109
118	167	0.835911
118	169	1.46192
118	175	0.806773
118	176	1.50214
118	177	0.918826
118	178	1.63523
118	179	1.8594
119	5	0.926241
119	49	1.26349
119	60	1.20627
119	80	0.799068
119	91	1.34851
119	109	1.40267
119	128	0.819522
119	136	1.34658
119	137	0.850565
119	143	0.862082
119	144	0.853315
119	145	0.837393
119	146	1.55221
119	148	1.50896
119	150	0.804306
119	152	0.851954
119	154	0.844435
119	163	0.857222
119	168	0.843995
119	170	0.851496
119	174	0.840741
119	176	0.797127
119	178	0.800806
119	179	0.760141
119	180	0.793011
120	14	0.822333
120	18	0.820695
120	26	0.881174
120	27	0.880054
120	43	0.876971
120	44	0.955654
120	66	0.895935
120	85	0.870114
120	90	0.933587
120	100	0.877591
120	111	0.839173
120	112	0.906483
120	117	0.871121
120	126	0.889511
120	127	0.885665
120	131	0.901514
120	134	1.33737
120	135	0.88952
120	152	1.38486
120	161	1.54232
120	163	1.32297
120	166	1.29711
120	167	1.40402
120	172	1.16021
120	180	1.64511
121	2	0.799869
121	4	0.798305
121	29	0.768039
121	33	0.870483
121	58	0.808484
121	83	0.837483
121	86	1.93641
121	95	0.790086
121	98	0.833141
121	102	0.835725
121	113	0.858076
121	128	1.54215
121	138	0.798935
121	146	0.825531
121	147	1.53661
121	148	0.823224
121	149	0.863753
121	154	1.46562
121	155	0.853456
121	162	1.42743
121	165	0.846885
121	170	1.3846
121	171	0.851485
121	174	1.50759
121	177	0.924621
122	6	1.19984
122	7	1.31452
122	21	1.33917
122	29	1.84662
122	44	1.26053
122	118	1.37741
122	134	0.854202
122	150	0.826248
122	154	0.866377
122	159	0.810515
122	161	0.832569
122	162	0.859364
122	163	0.879164
122	166	0.882361
122	167	0.864404
122	168	0.865937
122	170	0.873438
122	173	0.850445
122	174	0.862682
122	176	0.819068
122	177	1.12923
122	178	0.822748
122	179	0.782083
122	180	0.814953
123	76	1.27376
123	86	0.796522
123	91	1.30493
123	109	1.3591
123	125	0.834059
123	129	0.872153
123	132	1.61155
123	139	0.884423
123	144	0.860574
123	148	1.46538
123	150	0.811565
123	152	0.859213
123	158	1.20876
123	160	0.845505
123	165	1.31742
123	166	0.867678
123	167	0.849722
123	169	0.819113
123	170	0.858755
123	173	0.835762
123	175	0.820584
123	176	0.804386
123	178	0.808065
123	179	0.7674
123	180	0.80027
124	89	0.879365
124	101	0.831245
124	104	0.814369
124	114	0.842364
124	117	0.82771
124	118	0.820919
124	128	1.62185
124	130	0.817043
124	133	0.814381
124	134	1.47541
124	136	0.835231
124	146	0.818062
124	148	0.815754
124	149	0.856284
124	150	1.67617
124	155	0.845986
124	158	0.867767
124	159	1.8088
124	163	1.46101
124	164	0.830748
124	165	0.839415
124	167	0.834236
124	172	1.29825
124	173	1.59395
124	175	0.805098
125	6	1.30889
125	7	1.42357
125	12	1.46256
125	62	1.37315
125	100	1.45617
125	123	0.834059
125	128	0.810624
125	133	1.63826
125	134	0.823362
125	137	0.841667
125	139	0.868266
125	141	0.82716
125	144	0.844417
125	154	0.835537
125	156	0.815172
125	159	0.779675
125	160	0.829348
125	163	0.848324
125	165	1.46736
125	166	0.851521
125	168	0.835097
125	174	0.831843
125	176	0.788229
125	178	0.791908
125	179	0.751243
125	180	0.784113
126	14	0.805776
126	18	0.804138
126	26	0.864617
126	27	0.863497
126	43	0.860415
126	44	0.939097
126	66	0.879378
126	85	0.853557
126	88	1.34122
126	90	0.91703
126	100	0.861035
126	105	1.47596
126	111	0.822616
126	112	0.889927
126	115	0.865586
126	117	0.854564
126	120	0.889511
126	127	0.869108
126	131	0.884957
126	135	0.872963
126	150	1.43068
126	161	1.43488
126	163	1.21552
126	169	1.41999
126	174	1.34181
126	180	1.53766
127	14	0.80193
127	18	0.800292
127	26	0.860771
127	27	0.859651
127	31	1.704
127	34	1.26067
127	35	0.97828
127	43	0.856569
127	44	0.935251
127	66	0.875532
127	68	1.21188
127	77	1.15075
127	85	0.849711
127	100	0.857189
127	111	0.81877
127	112	0.886081
127	115	0.86174
127	117	0.850718
127	120	0.885665
127	126	0.869108
127	131	0.881111
127	135	0.869117
127	145	1.34608
127	157	1.30971
127	175	1.4179
127	180	1.53752
128	21	1.38006
128	66	1.39819
128	85	1.58909
128	94	1.29708
128	103	1.57157
128	119	0.819522
128	121	1.54215
128	124	1.62185
128	125	0.810624
128	129	0.848718
128	139	0.860988
128	144	0.837138
128	154	0.828259
128	159	0.772397
128	160	0.822069
128	162	0.821246
128	163	0.841046
128	166	0.844243
128	168	0.827819
128	170	0.83532
128	172	0.895538
128	174	0.824564
128	176	0.78095
128	178	0.78463
128	179	0.743965
128	180	0.776834
129	57	1.52825
129	65	1.48894
129	72	1.5655
129	87	1.15208
129	95	1.44429
129	106	1.17485
129	123	0.872153
129	128	0.848718
129	141	0.865255
129	142	0.833501
129	144	0.882511
129	150	0.833502
129	153	0.87111
129	155	1.25609
129	156	0.853266
129	159	0.81777
129	162	0.866618
129	166	0.889616
129	168	0.873191
129	170	0.880692
129	173	0.8577
129	174	0.869937
129	176	0.826323
129	177	0.930743
129	178	0.830002
129	179	0.789338
129	180	0.822207
130	87	0.882395
130	91	0.879155
130	104	0.812168
130	114	0.840162
130	118	0.818718
130	124	0.817043
130	132	1.55019
130	133	0.812179
130	136	0.833029
130	142	1.62989
130	146	0.81586
130	148	0.813553
130	149	0.854082
130	151	0.852137
130	152	1.44196
130	155	0.843785
130	157	0.820754
130	158	0.865566
130	162	1.42618
130	164	0.828547
130	165	0.837214
130	166	1.3542
130	167	0.832035
130	168	1.44923
130	172	1.2173
130	175	0.802897
130	177	0.91495
130	179	1.98201
131	14	0.817779
131	18	0.816141
131	26	0.87662
131	27	0.8755
131	35	0.994129
131	43	0.872417
131	44	0.951099
131	50	1.22862
131	66	0.891381
131	85	0.86556
131	90	0.929033
131	92	1.19846
131	100	0.873037
131	111	0.834619
131	112	0.901929
131	115	0.877588
131	117	0.866567
131	120	0.901514
131	126	0.884957
131	127	0.881111
131	135	0.884966
131	141	1.43939
131	144	1.26859
131	153	1.36342
131	156	1.46779
131	167	1.37164
131	168	1.35976
131	174	1.41688
132	1	0.737824
132	41	0.798704
132	49	0.883299
132	54	0.863349
132	56	0.783752
132	57	0.784313
132	59	0.807972
132	63	0.765438
132	65	0.746931
132	69	1.31713
132	72	0.765465
132	76	0.861131
132	79	0.810841
132	82	0.808254
132	96	0.840026
132	103	0.80062
132	123	1.61155
132	130	1.55019
132	139	1.4751
132	151	0.826924
132	157	0.795542
132	164	0.803335
132	171	0.816602
132	172	0.876074
132	175	1.73501
132	176	1.77718
132	180	1.85462
133	32	0.843186
133	87	0.879732
133	91	0.876492
133	104	0.809505
133	106	0.877443
133	109	0.843074
133	114	0.8375
133	124	0.814381
133	125	1.63826
133	130	0.812179
133	136	0.830366
133	138	0.786602
133	145	1.53996
133	146	0.813197
133	148	0.81089
133	149	0.85142
133	153	1.48209
133	155	0.841122
133	157	0.818091
133	158	0.862903
133	165	0.834551
133	166	1.3834
133	167	0.829372
133	168	1.47842
133	170	1.41255
133	174	1.53554
133	176	1.65395
133	177	0.912287
134	11	0.928657
134	13	1.67533
134	40	0.768253
134	41	1.52999
134	53	1.3653
134	74	1.24135
134	117	1.39547
134	120	1.33737
134	122	0.854202
134	124	1.47541
134	125	0.823362
134	137	0.847127
134	141	0.83262
134	146	1.44396
134	147	0.813818
134	150	0.800868
134	153	0.838476
134	157	0.827744
134	162	0.833984
134	163	0.853784
134	168	0.840557
134	169	0.808416
134	172	0.908276
134	173	0.825066
134	174	0.837303
134	176	0.793689
134	178	0.797368
134	179	0.756703
134	180	0.789573
135	6	0.918165
135	19	0.899091
135	21	1.25615
135	22	1.25879
135	23	1.21794
135	42	0.841653
135	46	0.840576
135	47	0.838406
135	56	1.49176
135	89	1.21819
135	100	0.861043
135	101	1.30225
135	111	0.822625
135	112	0.889936
135	120	0.88952
135	126	0.872963
135	127	0.869117
135	131	0.884966
135	140	0.84663
135	153	0.860551
135	155	1.37156
135	164	0.857612
135	165	1.27529
135	166	0.879056
135	171	1.22088
135	173	0.847141
135	174	0.859378
135	176	0.815764
135	179	0.778778
135	180	0.811648
136	8	0.813777
136	87	0.900582
136	89	0.895351
136	109	0.863924
136	110	2.01537
136	114	0.85835
136	115	0.854717
136	118	0.836905
136	119	1.34658
136	124	0.835231
136	130	0.833029
136	133	0.830366
136	144	1.20192
136	146	0.834047
136	147	1.37923
136	148	0.83174
136	149	0.87227
136	151	0.870324
136	154	1.30824
136	155	0.861972
136	157	0.838941
136	158	0.883753
136	159	1.57172
136	164	0.846734
136	165	0.855401
136	166	1.19807
136	172	1.06117
136	175	0.821084
136	177	0.933137
136	179	1.82588
137	12	1.34441
137	19	1.22733
137	41	1.62645
137	44	1.25143
137	46	1.59522
137	74	1.33782
137	110	0.77435
137	112	1.47301
137	113	1.2915
137	119	0.850565
137	125	0.841667
137	134	0.847127
137	142	0.819172
137	144	0.868182
137	152	0.866821
137	154	0.859302
137	160	0.853113
137	162	0.852289
137	163	0.872089
137	166	0.875286
137	168	0.858862
137	170	0.866363
137	172	0.926581
137	173	0.84337
137	174	0.855608
137	175	0.828192
137	176	0.811994
137	177	1.12013
137	178	0.815673
137	179	0.775008
137	180	0.807878
138	3	0.860024
138	6	0.863523
138	7	0.861849
138	22	1.47693
138	26	1.5271
138	38	1.71014
138	42	0.787011
138	46	0.785934
138	47	0.783764
138	57	1.86185
138	59	1.57155
138	62	1.39921
138	85	1.68332
138	86	0.753257
138	121	0.798935
138	133	0.786602
138	140	0.791987
138	146	0.790283
138	147	0.78125
138	149	0.828505
138	155	0.818207
138	158	0.839988
138	162	0.801417
138	164	0.802969
138	165	0.811636
138	169	0.775848
138	170	0.81549
138	171	1.43901
138	173	0.792498
138	176	0.761121
138	179	0.724136
138	180	0.757005
139	3	1.23919
139	4	1.67199
139	30	1.1024
139	32	1.26616
139	37	0.894675
139	94	1.07886
139	104	1.18389
139	107	0.883157
139	123	0.884423
139	125	0.868266
139	128	0.860988
139	132	1.4751
139	141	0.877524
139	143	0.903548
139	144	0.894781
139	147	0.858722
139	148	1.32893
139	150	0.845772
139	154	0.885901
139	160	0.879712
139	162	0.878888
139	166	0.901885
139	168	0.885461
139	169	0.85332
139	170	0.892962
139	171	1.12656
139	173	0.86997
139	174	0.882207
139	177	0.951893
139	178	0.842272
139	179	0.801607
139	180	0.834477
140	7	0.89015
140	10	1.78711
140	19	0.872749
140	42	0.815311
140	45	1.15888
140	46	0.814234
140	47	0.812064
140	73	1.4095
140	86	0.781558
140	94	0.849202
140	95	0.783138
140	97	0.778937
140	98	0.826193
140	102	0.828777
140	103	1.54451
140	106	1.38716
140	113	0.851128
140	118	1.39123
140	135	0.84663
140	138	0.791987
140	148	1.52009
140	152	0.844249
140	153	0.834208
140	158	1.26347
140	164	0.83127
140	165	1.37213
140	166	0.852714
140	171	0.844537
140	176	0.789422
140	177	0.917673
140	178	0.793101
140	179	0.752436
140	180	0.785306
141	36	1.37416
141	63	1.66974
141	66	1.38614
141	74	1.37575
141	85	1.57704
141	86	0.789623
141	104	1.39006
141	107	0.842051
141	110	0.759844
141	125	0.82716
141	129	0.865255
141	131	1.43939
141	134	0.83262
141	139	0.877524
141	144	0.853675
141	147	0.817616
141	149	1.27929
141	150	0.804666
141	154	0.844795
141	156	0.82443
141	159	0.788934
141	162	0.837782
141	164	1.44675
141	166	0.860779
141	168	0.844355
141	169	0.812214
141	170	0.851856
141	173	0.828864
141	174	0.841101
141	175	0.813685
141	178	0.801166
141	179	0.760502
141	180	0.793371
142	2	1.87323
142	45	1.27494
142	48	1.4079
142	55	0.885744
142	69	0.85949
142	75	1.70787
142	77	0.869387
142	80	0.767675
142	91	1.47569
142	110	0.728091
142	129	0.833501
142	130	1.62989
142	137	0.819172
142	147	0.785863
142	149	1.38033
142	151	0.831172
142	152	0.820561
142	153	0.810521
142	154	0.813042
142	156	0.792677
142	158	1.37952
142	160	0.806853
142	163	0.825829
142	165	1.48818
142	166	0.829026
142	168	0.812602
142	169	0.780461
142	172	0.880321
142	173	0.797111
142	174	0.809348
142	175	0.781932
142	176	0.765734
142	178	0.769413
142	179	0.728748
142	180	0.761618
143	9	0.856399
143	27	1.24246
143	40	0.798075
143	48	1.18568
143	52	1.45774
143	80	0.825452
143	92	0.915464
143	93	1.24347
143	99	0.891112
143	102	1.22065
143	107	0.868075
143	114	1.40849
143	116	0.878936
143	119	0.862082
143	139	0.903548
143	144	0.879699
143	147	0.84364
143	148	1.41392
143	149	1.1581
143	155	1.36223
143	156	0.850454
143	158	1.1573
143	159	0.814957
143	160	0.86463
143	161	0.837012
143	164	1.32556
143	167	0.868847
143	168	0.870379
143	169	0.838238
143	170	0.87788
143	173	0.854887
143	174	0.867125
143	175	0.839709
143	176	0.823511
143	178	0.82719
