1	72	0.892905
1	117	1.18638
1	119	0.906785
1	133	0.906548
1	134	0.869485
1	137	0.902699
1	139	0.875626
1	140	0.898018
1	144	1.48309
1	162	1.28855
1	163	0.937777
1	165	2.38885
2	96	0.69204
2	103	0.700499
2	112	0.744589
2	121	4.42556
2	150	0.683175
2	151	0.656066
2	154	0.716506
2	164	0.622575
2	166	0.613481
2	171	0.615836
2	179	0.579349
2	180	0.565156
3	66	0.85335
3	76	0.895718
3	77	0.902929
3	87	0.949477
3	93	0.903162
3	94	0.90337
3	108	0.975995
3	141	2.12723
3	143	1.24114
3	163	0.936424
3	166	1.97925
3	178	0.843806
4	9	0.722485
4	16	0.78346
4	36	0.827104
4	44	0.804362
4	57	0.772777
4	60	0.772863
4	65	0.827474
4	91	0.845462
4	113	1.50433
4	145	1.48005
4	148	0.843735
4	180	2.93347
5	86	1.14501
5	102	1.34469
5	136	0.901351
5	140	1.17178
5	142	0.83833
5	149	0.834554
5	158	0.858628
5	167	0.77409
5	170	0.785098
5	175	0.746047
5	179	0.736298
5	180	0.722106
6	9	0.728136
6	17	0.779111
6	21	0.793427
6	44	0.810014
6	57	0.778428
6	60	0.778515
6	65	0.833125
6	89	1.64447
6	91	0.851113
6	112	1.45306
6	148	0.849387
6	165	2.79415
7	58	0.865047
7	73	0.877201
7	74	1.36985
7	78	0.877191
7	83	0.858857
7	84	0.858998
7	85	1.00157
7	86	0.923447
7	142	1.51408
7	149	1.69879
7	160	0.937883
7	173	1.67816
8	12	0.967609
8	23	0.944056
8	25	0.843039
8	26	0.91009
8	30	0.899042
8	38	0.875561
8	49	0.85786
8	54	0.91242
8	132	1.06622
8	146	1.02706
8	164	1.83435
8	165	2.34672
9	4	0.722485
9	6	0.728136
9	21	0.802571
9	36	0.841899
9	44	0.819158
9	57	0.787572
9	60	0.787659
9	65	0.842269
9	145	1.669
9	147	1.93623
9	148	0.858531
9	153	2.35136
10	43	1.30907
10	83	0.800242
10	114	0.715294
10	129	0.526057
10	141	0.91166
10	171	0.913935
10	172	0.893515
10	173	0.947754
10	175	0.887196
10	176	0.899822
10	179	0.877447
10	180	0.863255
11	91	1.15324
11	119	0.901866
11	122	0.897342
11	134	0.864565
11	135	0.900248
11	137	0.897779
11	139	0.870707
11	140	0.893099
11	154	1.34794
11	155	1.62156
11	160	0.945878
11	176	2.17008
12	8	0.967609
12	14	0.926857
12	18	0.930531
12	27	0.898962
12	30	0.887405
12	38	0.863924
12	49	0.846222
12	54	0.900782
12	162	1.17113
12	166	1.93012
12	169	1.64603
12	178	1.60403
13	43	0.813739
13	75	0.869115
13	76	0.863052
13	77	0.870262
13	80	1.25513
13	87	0.916811
13	93	0.870496
13	94	0.870704
13	146	1.30702
13	163	0.903758
13	167	2.00135
13	174	2.13377
13	178	0.81114
14	12	0.926857
14	18	0.901417
14	23	0.903304
14	25	0.802287
14	26	0.869338
14	38	0.834809
14	49	0.817108
14	54	0.871668
14	99	0.894205
14	131	1.48127
14	147	1.12121
14	174	1.73795
14	177	2.38827
15	22	0.874552
15	46	0.793596
15	61	1.70307
15	70	0.878398
15	73	0.852675
15	78	0.852665
15	83	0.83433
15	84	0.834472
15	85	0.977046
15	128	1.66547
15	131	1.87306
15	160	0.913356
15	161	1.50516
16	4	0.78346
16	17	0.84923
16	21	0.863547
16	36	0.902874
16	44	0.880133
16	57	0.848547
16	60	0.848634
16	65	0.903244
16	92	1.15823
16	138	1.14656
16	148	0.919506
16	170	1.79138
16	177	2.64556
17	6	0.779111
17	16	0.84923
17	36	0.892874
17	44	0.870132
17	57	0.838546
17	60	0.838633
17	65	0.893244
17	81	1.17927
17	91	0.911232
17	101	1.72895
17	148	0.909505
17	151	1.58191
17	175	2.19761
18	12	0.930531
18	14	0.901417
18	25	0.805961
18	27	0.873522
18	30	0.861964
18	38	0.838483
18	49	0.820782
18	54	0.875342
18	99	0.897879
18	118	1.34797
18	157	1.70064
18	162	1.59787
18	167	2.07284
19	45	2.10114
19	148	1.9691
19	153	0.731389
19	159	0.686472
19	161	0.79203
19	162	0.783653
19	168	0.731751
19	173	0.739243
19	174	0.703599
19	176	0.691311
19	179	0.668936
19	180	0.654744
20	22	0.909571
20	73	0.887695
20	78	0.887684
20	83	0.86935
20	84	0.869491
20	86	0.93394
20	113	1.1488
20	124	1.64523
20	130	0.889195
20	146	1.18176
20	159	2.27902
20	160	0.948376
21	6	0.793427
21	9	0.802571
21	16	0.863547
21	36	0.90719
21	44	0.884449
21	57	0.852863
21	60	0.85295
21	65	0.90756
21	128	1.52677
21	142	1.41136
21	148	0.923822
21	157	1.48642
21	159	2.26156
22	15	0.874552
22	20	0.909571
22	46	0.798876
22	58	0.845802
22	70	0.883679
22	74	1.2121
22	83	0.839611
22	84	0.839752
22	86	0.904201
22	136	1.08865
22	160	0.918637
22	164	1.91655
22	179	2.4233
23	8	0.944056
23	14	0.903304
23	25	0.807848
23	26	0.874899
23	27	0.875409
23	30	0.863851
23	38	0.840371
23	49	0.822669
23	54	0.877229
23	150	1.38889
23	152	1.26617
23	168	1.56298
23	180	2.48801
24	66	0.820159
24	75	0.86859
24	76	0.862527
24	77	0.869737
24	87	0.916286
24	92	1.21334
24	93	0.869971
24	94	0.870179
24	152	1.39796
24	163	0.903233
24	166	2.20195
24	167	1.91793
24	178	0.810615
25	8	0.843039
25	14	0.802287
25	18	0.805961
25	23	0.807848
25	26	0.773882
25	27	0.774392
25	30	0.762834
25	38	0.739354
25	49	0.721652
25	54	0.776212
25	150	1.78339
25	152	1.66068
25	180	2.88251
26	8	0.91009
26	14	0.869338
26	23	0.874899
26	25	0.773882
26	27	0.841443
26	30	0.829885
26	38	0.806404
26	49	0.788703
26	54	0.843263
26	99	0.8658
26	108	1.54072
26	151	2.16591
26	152	1.73997
26	154	1.64156
27	12	0.898962
27	18	0.873522
27	23	0.875409
27	25	0.774392
27	26	0.841443
27	30	0.830395
27	38	0.806914
27	49	0.789213
27	54	0.843773
27	99	0.866309
27	136	1.2439
27	169	1.95877
27	170	1.8874
27	171	2.04675
28	41	0.748272
28	51	0.791381
28	59	0.783265
28	68	0.814447
28	81	0.809155
28	82	1.76011
28	95	1.42533
28	133	1.36626
28	150	0.781504
28	161	0.800772
28	162	0.792395
28	170	0.726479
28	179	0.677679
28	180	0.663486
29	34	0.813515
29	41	0.794865
29	45	0.845745
29	51	0.837975
29	52	0.825373
29	55	0.909727
29	56	0.825507
29	64	0.880357
29	68	0.86104
29	112	1.59459
29	150	0.828098
29	152	1.79037
29	154	1.69196
29	173	2.02716
30	8	0.899042
30	12	0.887405
30	18	0.861964
30	23	0.863851
30	25	0.762834
30	26	0.829885
30	27	0.830395
30	33	1.2628
30	49	0.777656
30	54	0.832215
30	92	1.4805
30	99	0.854752
30	132	1.52992
30	179	2.80479
31	62	1.5232
31	86	0.916228
31	124	0.850956
31	133	1.00811
31	145	0.940723
31	153	0.840475
31	160	0.686333
31	161	0.901116
31	168	0.840836
31	169	0.826743
31	172	0.79409
31	173	0.848329
31	175	0.787771
31	180	0.76383
32	95	0.842868
32	104	0.813593
32	105	0.871112
32	122	0.845078
32	133	0.849366
32	135	0.847985
32	137	0.845516
32	139	0.818443
32	140	0.840835
32	152	0.825563
32	153	1.96022
32	157	1.65721
32	161	1.53725
32	178	1.98733
33	30	1.2628
33	40	0.852443
33	93	0.891133
33	94	0.891341
33	104	1.12985
33	110	1.17431
33	137	0.922243
33	161	0.896164
33	163	0.924395
33	165	0.777683
33	172	0.789138
33	178	0.831777
33	179	0.773071
33	180	0.758878
34	29	0.813515
34	45	0.839469
34	51	0.831698
34	52	0.819097
34	55	0.90345
34	56	0.81923
34	59	0.823582
34	64	0.874081
34	68	0.854764
34	92	1.41619
34	150	0.821821
34	161	1.62862
34	173	1.8376
34	174	2.2532
35	90	1.53223
35	95	1.41808
35	145	0.871042
35	151	0.785059
35	158	0.830672
35	161	0.831436
35	162	0.823059
35	163	1.19319
35	167	0.746134
35	173	0.778648
35	175	0.718091
35	179	0.708342
35	180	0.69415
36	4	0.827104
36	9	0.841899
36	16	0.902874
36	17	0.892874
36	21	0.90719
36	44	0.923777
36	53	1.17236
36	57	0.892191
36	60	0.892277
36	65	0.946888
36	148	0.96315
36	154	0.955647
36	164	1.68699
36	174	1.70645
36	177	2.35678
37	41	0.851834
37	45	0.902715
37	47	1.30728
37	51	0.894944
37	52	0.882342
37	55	0.966696
37	56	0.882476
37	59	0.886828
37	64	0.937326
37	68	0.918009
37	142	1.48432
37	150	0.885067
37	151	1.83755
37	156	1.60352
37	173	1.64841
38	8	0.875561
38	12	0.863924
38	14	0.834809
38	18	0.838483
38	23	0.840371
38	25	0.739354
38	26	0.806404
38	27	0.806914
38	49	0.754175
38	54	0.808734
38	99	0.831271
38	117	1.70912
38	131	2.16199
38	146	1.59192
38	168	2.06308
39	40	0.791555
39	43	0.773488
39	66	0.780433
39	75	0.828864
39	76	0.822801
39	77	0.830012
39	87	0.87656
39	93	0.830245
39	94	0.830453
39	136	1.64939
39	146	1.67001
39	149	2.10178
39	163	0.863507
39	173	2.08115
39	178	0.770889
40	33	0.852443
40	39	0.791555
40	43	0.76943
40	66	0.776375
40	75	0.824806
40	77	0.825953
40	87	0.872502
40	93	0.826187
40	94	0.826395
40	112	1.57876
40	150	1.89726
40	158	1.81052
40	163	0.859449
40	170	2.22308
40	178	0.766831
41	28	0.748272
41	29	0.794865
41	37	0.851834
41	51	0.813049
41	52	0.800447
41	55	0.884801
41	56	0.800581
41	59	0.804932
41	64	0.855431
41	68	0.836114
41	130	1.45415
41	150	0.803172
41	166	2.21867
41	172	2.21437
41	173	1.65147
42	79	0.809411
42	106	0.839686
42	122	0.812037
42	133	0.816324
42	134	0.77926
42	135	0.814943
42	137	0.812474
42	139	0.785401
42	140	0.807793
42	142	1.62812
42	160	0.860573
42	163	0.847552
42	168	1.85222
42	170	2.00395
42	178	2.03331
43	10	1.30907
43	13	0.813739
43	39	0.773488
43	40	0.76943
43	66	0.758308
43	75	0.806739
43	76	0.800676
43	77	0.807887
43	87	0.854435
43	93	0.80812
43	94	0.808328
43	124	2.2799
43	132	1.85558
43	143	2.05667
43	163	0.841382
43	178	0.748764
44	4	0.804362
44	6	0.810014
44	9	0.819158
44	16	0.880133
44	17	0.870132
44	21	0.884449
44	36	0.923777
44	57	0.86945
44	60	0.869536
44	65	0.924147
44	89	1.55987
44	109	1.47529
44	128	1.75237
44	148	0.940408
44	152	1.56424
44	168	1.86105
45	19	2.10114
45	29	0.845745
45	34	0.839469
45	37	0.902715
45	51	0.863929
45	52	0.851327
45	55	0.935681
45	56	0.851461
45	59	0.855813
45	64	0.906311
45	68	0.886994
45	109	1.09992
45	150	0.854052
45	152	1.18887
45	155	1.36408
45	159	2.11179
46	15	0.793596
46	22	0.798876
46	50	0.80034
46	70	0.802723
46	73	0.777
46	78	0.77699
46	83	0.758655
46	84	0.758796
46	85	0.901371
46	86	0.823245
46	125	1.86591
46	130	0.778501
46	138	1.74505
46	152	1.94132
46	153	2.39211
46	160	0.837681
47	37	1.30728
47	59	1.24474
47	63	1.51844
47	87	1.18034
47	131	0.808353
47	138	0.911211
47	144	0.85172
47	151	0.815036
47	161	0.861412
47	168	0.801133
47	170	0.787119
47	171	0.774806
47	172	0.754386
47	176	0.760694
47	179	0.738319
47	180	0.724126
48	57	1.70929
48	104	1.9142
48	132	0.821283
48	139	1.74426
48	149	0.775228
48	154	0.814129
48	155	0.769927
48	157	0.793373
48	159	0.694508
48	166	0.711103
48	169	0.725693
48	173	0.747278
48	174	0.711635
48	175	0.686721
48	179	0.676972
48	180	0.662779
49	8	0.85786
49	12	0.846222
49	14	0.817108
49	18	0.820782
49	23	0.822669
49	25	0.721652
49	26	0.788703
49	27	0.789213
49	30	0.777656
49	38	0.754175
49	54	0.791033
49	99	0.81357
49	113	1.56747
49	132	1.63958
49	167	2.29475
49	171	2.38266
50	46	0.80034
50	58	0.847266
50	70	0.885143
50	73	0.85942
50	78	0.859409
50	83	0.841075
50	84	0.841216
50	85	0.983791
50	86	0.905665
50	130	0.86092
50	144	1.62252
50	150	1.50569
50	152	1.38298
50	160	0.920101
50	168	1.67979
50	176	2.10671
51	28	0.791381
51	29	0.837975
51	34	0.831698
51	37	0.894944
51	41	0.813049
51	45	0.863929
51	52	0.843556
51	56	0.84369
51	59	0.848042
51	64	0.89854
51	68	0.879223
51	128	1.23366
51	141	1.99751
51	147	1.08119
51	150	0.846281
51	165	2.19084
51	179	2.18522
52	29	0.825373
52	34	0.819097
52	37	0.882342
52	41	0.800447
52	45	0.851327
52	51	0.843556
52	55	0.915308
52	56	0.831088
52	59	0.83544
52	64	0.885939
52	68	0.866622
52	80	1.36885
52	144	1.83465
52	147	1.63076
52	150	0.833679
52	161	1.62292
52	174	2.2475
53	36	1.17236
53	120	1.57933
53	128	0.827955
53	137	1.44285
53	138	0.906775
53	139	1.48052
53	141	0.768095
53	152	0.830176
53	158	0.856212
53	165	0.738494
53	170	0.782683
53	171	0.770369
53	172	0.74995
53	174	0.768545
53	175	0.743631
53	179	0.733882
53	180	0.71969
54	8	0.91242
54	12	0.900782
54	14	0.871668
54	18	0.875342
54	23	0.877229
54	25	0.776212
54	26	0.843263
54	27	0.843773
54	30	0.832215
54	38	0.808734
54	49	0.791033
54	99	0.86813
54	145	0.963643
54	149	1.45265
54	169	1.71513
54	175	2.23686
54	179	2.33491
55	29	0.909727
55	34	0.90345
55	37	0.966696
55	41	0.884801
55	45	0.935681
55	52	0.915308
55	56	0.915442
55	59	0.919794
55	64	0.970293
55	68	0.950975
55	101	1.7926
55	112	1.02385
55	147	1.25528
55	150	0.918033
55	151	1.64557
55	170	1.66817
55	178	1.69753
56	29	0.825507
56	34	0.81923
56	37	0.882476
56	41	0.800581
56	45	0.851461
56	51	0.84369
56	52	0.831088
56	55	0.915442
56	59	0.835574
56	64	0.886072
56	68	0.866755
56	96	1.57444
56	103	1.65428
56	109	1.45855
56	136	1.35254
56	150	0.833813
56	175	2.58914
57	4	0.772777
57	6	0.778428
57	9	0.787572
57	16	0.848547
57	17	0.838546
57	21	0.852863
57	36	0.892191
57	44	0.86945
57	48	1.70929
57	60	0.83795
57	65	0.892561
57	81	1.35055
57	91	0.910549
57	103	1.43402
57	113	1.11994
57	148	0.908823
57	177	2.62997
58	7	0.865047
58	22	0.845802
58	50	0.847266
58	70	0.849648
58	73	0.823925
58	78	0.823915
58	83	0.805581
58	84	0.805722
58	85	0.948296
58	86	0.870171
58	108	1.50245
58	130	0.825426
58	145	1.47012
58	150	1.82442
58	160	0.884607
58	162	1.74671
58	170	2.15024
59	28	0.783265
59	34	0.823582
59	37	0.886828
59	41	0.804932
59	45	0.855813
59	47	1.24474
59	51	0.848042
59	52	0.83544
59	55	0.919794
59	56	0.835574
59	64	0.890424
59	68	0.871107
59	125	1.27367
59	149	1.6065
59	150	0.838165
59	175	2.39072
59	178	1.82698
60	4	0.772863
60	6	0.778515
60	9	0.787659
60	16	0.848634
60	17	0.838633
60	21	0.85295
60	36	0.892277
60	44	0.869536
60	57	0.83795
60	65	0.892647
60	91	0.910636
60	118	1.38075
60	138	1.38936
60	148	0.908909
60	164	2.21857
60	168	1.88244
60	173	1.82243
61	15	1.70307
61	81	0.838316
61	119	1.40323
61	122	1.48371
61	140	1.45342
61	146	0.846348
61	154	0.843997
61	157	0.823241
61	158	0.82917
61	167	0.744631
61	169	0.755561
61	170	0.75564
61	172	0.722907
61	175	0.716589
61	176	0.729215
61	178	0.765546
61	179	0.70684
61	180	0.692647
62	31	1.5232
62	67	0.808789
62	97	0.837871
62	98	0.831903
62	100	0.838589
62	102	0.83687
62	113	1.60059
62	116	0.829142
62	120	0.843296
62	121	0.843356
62	123	0.844643
62	126	0.857953
62	127	0.845103
62	129	0.872464
62	142	1.88061
62	147	1.84355
62	161	1.83572
62	177	0.722218
63	47	1.51844
63	82	0.815007
63	105	0.855268
63	109	0.832252
63	114	0.80313
63	119	0.833759
63	122	0.829235
63	133	0.833522
63	134	0.796458
63	135	0.832141
63	139	0.8026
63	140	0.824992
63	146	1.44843
63	155	1.79798
63	158	1.65876
63	160	0.877771
63	163	0.86475
63	164	2.25571
64	29	0.880357
64	34	0.874081
64	37	0.937326
64	41	0.855431
64	45	0.906311
64	51	0.89854
64	52	0.885939
64	55	0.970293
64	56	0.886072
64	59	0.890424
64	68	0.921606
64	91	0.96702
64	96	1.28707
64	141	2.21211
64	150	0.888664
64	169	1.78004
64	173	1.49693
64	178	1.73804
65	4	0.827474
65	6	0.833125
65	9	0.842269
65	16	0.903244
65	17	0.893244
65	21	0.90756
65	36	0.946888
65	44	0.924147
65	57	0.892561
65	60	0.892647
65	91	0.965246
65	130	1.10183
65	148	0.96352
65	171	1.67024
65	173	1.29915
65	175	2.10399
65	176	1.78608
65	178	1.54026
66	3	0.85335
66	24	0.820159
66	39	0.780433
66	40	0.776375
66	43	0.758308
66	75	0.813684
66	76	0.807621
66	77	0.814831
66	87	0.86138
66	88	0.864967
66	93	0.815065
66	94	0.815273
66	144	1.41244
66	153	1.62368
66	163	0.848327
66	165	2.3182
66	171	1.78078
66	178	0.755709
66	180	2.39473
67	62	0.808789
67	71	0.825829
67	102	0.814948
67	109	1.49393
67	110	0.835944
67	111	0.83508
67	115	0.802086
67	116	0.807221
67	120	0.821374
67	121	0.821434
67	123	0.822721
67	126	0.836032
67	127	0.823182
67	129	0.850542
67	130	1.62235
67	154	1.48446
67	177	0.700296
67	178	2.06078
67	180	2.80471
68	28	0.814447
68	29	0.86104
68	34	0.854764
68	37	0.918009
68	41	0.836114
68	45	0.886994
68	51	0.879223
68	52	0.866622
68	55	0.950975
68	56	0.866755
68	59	0.871107
68	64	0.921606
68	117	1.24064
68	128	1.48592
68	149	1.55522
68	150	0.869346
68	164	1.93073
68	171	1.90568
68	178	1.7757
69	97	0.876575
69	102	0.875574
69	110	0.89657
69	111	0.895706
69	113	1.09787
69	115	0.862712
69	116	0.867847
69	120	0.882
69	121	0.88206
69	126	0.896657
69	127	0.883808
69	129	0.911168
69	136	1.11021
69	146	0.907944
69	158	1.34116
69	165	2.45048
69	169	1.82508
69	176	2.02891
69	177	0.760922
70	15	0.878398
70	22	0.883679
70	46	0.802723
70	50	0.885143
70	58	0.849648
70	73	0.861802
70	78	0.861792
70	83	0.843458
70	84	0.843599
70	85	0.986173
70	86	0.908048
70	118	1.08633
70	130	0.863303
70	144	1.53077
70	160	0.922484
70	162	1.33623
70	166	2.09522
70	173	1.52802
70	175	2.33286
71	67	0.825829
71	92	0.924058
71	98	0.848943
71	100	0.855628
71	110	0.874905
71	115	0.841047
71	116	0.846182
71	121	0.860395
71	123	0.861682
71	126	0.874993
71	127	0.862143
71	129	0.889503
71	141	2.02646
71	146	0.886279
71	151	1.50041
71	153	1.52526
71	156	1.26638
71	172	1.87417
71	175	2.11611
71	177	0.739257
72	1	0.892905
72	80	1.25201
72	95	0.848803
72	104	0.819528
72	106	0.878663
72	107	0.87613
72	114	0.824908
72	122	0.851013
72	133	0.8553
72	134	0.818237
72	137	0.851451
72	139	0.824378
72	140	0.84677
72	143	1.54415
72	146	1.3039
72	148	0.910719
72	160	0.899549
72	167	1.99823
72	176	2.20198
72	178	1.95616
73	7	0.877201
73	15	0.852675
73	20	0.887695
73	46	0.777
73	50	0.85942
73	58	0.823925
73	70	0.861802
73	78	0.836069
73	83	0.817735
73	84	0.817876
73	85	0.96045
73	86	0.882325
73	101	1.6838
73	130	0.83758
73	160	0.896761
73	162	1.15583
73	166	1.91482
73	170	1.55937
73	175	2.15246
73	176	1.83456
74	7	1.36985
74	22	1.2121
74	90	1.39451
74	128	0.86928
74	137	1.25303
74	139	1.2907
74	161	0.898301
74	165	0.779819
74	166	0.809339
74	168	0.838021
74	169	0.823928
74	170	0.824007
74	171	0.811694
74	172	0.791275
74	174	0.80987
74	175	0.784956
74	176	0.797582
74	179	0.775207
74	180	0.761015
75	13	0.869115
75	24	0.86859
75	39	0.828864
75	40	0.824806
75	43	0.806739
75	66	0.813684
75	76	0.856052
75	77	0.863263
75	87	0.909811
75	88	0.913398
75	93	0.863496
75	94	0.863704
75	128	1.91066
75	138	1.52626
75	145	1.49095
75	146	1.54818
75	151	2.14847
75	154	1.62412
75	163	0.896758
75	178	0.80414
76	3	0.895718
76	13	0.863052
76	24	0.862527
76	39	0.822801
76	43	0.800676
76	66	0.807621
76	75	0.856052
76	77	0.8572
76	87	0.903748
76	88	0.907335
76	91	1.33721
76	93	0.857433
76	94	0.857641
76	125	1.55491
76	130	1.6698
76	132	1.49513
76	163	0.890695
76	164	2.26326
76	168	1.92713
76	178	0.798077
77	3	0.902929
77	13	0.870262
77	24	0.869737
77	39	0.830012
77	40	0.825953
77	43	0.807887
77	66	0.814831
77	75	0.863263
77	76	0.8572
77	87	0.910959
77	93	0.864643
77	94	0.864851
77	112	1.47763
77	138	1.47713
77	145	1.44183
77	154	1.575
77	163	0.897906
77	169	2.19332
77	170	2.12195
77	178	0.805288
78	7	0.877191
78	15	0.852665
78	20	0.887684
78	46	0.77699
78	50	0.859409
78	58	0.823915
78	70	0.861792
78	73	0.836069
78	83	0.817724
78	84	0.817865
78	85	0.96044
78	86	0.882314
78	92	1.21568
78	130	0.83757
78	142	1.473
78	147	1.43595
78	152	1.40029
78	160	0.89675
78	164	2.03322
78	177	2.70301
79	42	0.809411
79	82	0.843517
79	91	1.27695
79	101	2.14304
79	105	0.883778
79	107	0.882862
79	114	0.83164
79	119	0.862269
79	133	0.862032
79	134	0.824968
79	135	0.860651
79	137	0.858182
79	139	0.831109
79	140	0.853502
79	142	1.64277
79	149	1.82749
79	155	1.74527
79	158	1.60604
79	160	0.906281
79	163	0.89326
80	13	1.25513
80	52	1.36885
80	72	1.25201
80	84	1.34804
80	101	0.868734
80	143	0.923056
80	159	0.828622
80	160	0.744783
80	162	0.925803
80	163	0.900735
80	167	0.848878
80	168	0.873901
80	169	0.859808
80	170	0.859887
80	171	0.847574
80	172	0.827154
80	173	0.881393
80	176	0.833462
80	179	0.811087
80	180	0.796894
81	17	1.17927
81	28	0.809155
81	57	1.35055
81	61	0.838316
81	97	1.48638
81	100	1.53663
81	133	1.3161
81	141	0.794442
81	149	0.858485
81	161	0.883323
81	166	0.794361
81	171	0.796716
81	172	0.776297
81	173	0.830536
81	174	0.794892
81	175	0.769978
81	176	0.782604
81	177	0.752715
81	179	0.760229
81	180	0.746037
82	28	1.76011
82	63	0.815007
82	79	0.843517
82	91	1.39355
82	95	0.843931
82	104	0.814657
82	105	0.872175
82	107	0.871258
82	114	0.820036
82	119	0.850665
82	122	0.846142
82	131	0.800368
82	134	0.813365
82	137	0.846579
82	139	0.819506
82	140	0.841898
82	146	1.51231
82	148	0.905847
82	154	1.58825
82	156	1.87857
82	170	2.1352
83	7	0.858857
83	10	0.800242
83	15	0.83433
83	20	0.86935
83	22	0.839611
83	46	0.758655
83	50	0.841075
83	58	0.805581
83	70	0.843458
83	73	0.817735
83	78	0.817724
83	84	0.799531
83	85	0.942106
83	86	0.86398
83	130	0.819235
83	142	1.55465
83	145	1.25036
83	157	1.62972
83	159	2.40486
83	160	0.878416
83	179	2.62163
84	7	0.858998
84	15	0.834472
84	20	0.869491
84	22	0.839752
84	46	0.758796
84	50	0.841216
84	58	0.805722
84	70	0.843599
84	73	0.817876
84	78	0.817865
84	80	1.34804
84	83	0.799531
84	85	0.942247
84	86	0.864121
84	96	1.60122
84	109	1.48534
84	130	0.819377
84	150	1.697
84	155	1.74949
84	160	0.878557
84	166	2.37828
85	7	1.00157
85	15	0.977046
85	46	0.901371
85	50	0.983791
85	58	0.948296
85	70	0.986173
85	73	0.96045
85	78	0.96044
85	83	0.942106
85	84	0.942247
85	86	1.0067
85	92	0.919614
85	118	0.899336
85	130	0.961951
85	132	0.969036
85	153	1.55501
85	157	1.252
85	160	1.02113
85	164	1.73716
85	171	1.71211
85	177	2.40694
86	5	1.14501
86	7	0.923447
86	20	0.93394
86	22	0.904201
86	31	0.916228
86	46	0.823245
86	50	0.905665
86	58	0.870171
86	70	0.908048
86	73	0.882325
86	78	0.882314
86	83	0.86398
86	84	0.864121
86	85	1.0067
86	103	1.3077
86	130	0.883825
86	156	1.39283
86	160	0.943006
86	161	1.22875
86	176	1.92466
86	179	2.34061
87	3	0.949477
87	13	0.916811
87	24	0.916286
87	39	0.87656
87	40	0.872502
87	43	0.854435
87	47	1.18034
87	66	0.86138
87	75	0.909811
87	76	0.903748
87	77	0.910959
87	93	0.911192
87	94	0.9114
87	138	1.08839
87	154	1.18626
87	162	1.32967
87	163	0.944454
87	171	1.89256
87	172	2.08437
87	174	1.93706
87	178	0.851836
88	66	0.864967
88	75	0.913398
88	76	0.907335
88	93	0.914779
88	94	0.914987
88	98	0.898888
88	115	0.890993
88	121	0.91034
88	126	0.924938
88	127	0.912088
88	129	0.939449
88	131	1.47911
88	149	1.34082
88	153	1.53418
88	163	0.948041
88	166	1.88739
88	169	1.6033
88	170	1.53193
88	174	1.73578
88	177	0.789202
88	178	0.855423
89	6	1.64447
89	44	1.55987
89	90	1.46166
89	113	0.86355
89	114	1.39262
89	122	1.25361
89	124	0.811953
89	154	0.876177
89	164	0.782246
89	167	0.776812
89	168	0.801834
89	169	0.787741
89	170	0.78782
89	171	0.775507
89	172	0.755088
89	173	0.809326
89	174	0.773683
89	175	0.748769
89	176	0.761395
89	179	0.73902
89	180	0.724828
90	35	1.53223
90	74	1.39451
90	89	1.46166
90	97	0.882325
90	98	0.876357
90	100	0.883042
90	102	0.881323
90	110	0.90232
90	111	0.901455
90	115	0.868462
90	116	0.873596
90	118	1.26114
90	120	0.88775
90	121	0.887809
90	123	0.889097
90	126	0.902407
90	127	0.889557
90	129	0.916918
90	147	1.50168
90	156	1.65793
90	158	1.50201
90	177	0.766671
91	4	0.845462
91	6	0.851113
91	11	1.15324
91	17	0.911232
91	57	0.910549
91	60	0.910636
91	64	0.96702
91	65	0.965246
91	76	1.33721
91	79	1.27695
91	82	1.39355
91	121	0.685867
91	135	1.22302
91	148	0.981508
91	155	0.898949
91	162	0.92071
91	169	0.854715
91	172	0.822061
91	173	0.8763
91	175	0.815742
91	176	0.828368
91	180	0.791801
92	16	1.15823
92	24	1.21334
92	30	1.4805
92	34	1.41619
92	71	0.924058
92	78	1.21568
92	85	0.919614
92	94	1.00081
92	120	0.919603
92	123	0.92095
92	126	0.934261
92	127	0.921411
92	129	0.948771
92	162	0.920756
92	168	0.868854
92	170	0.85484
92	171	0.842526
92	173	0.876346
92	174	0.840702
92	177	0.798525
92	179	0.806039
92	180	0.791847
93	3	0.903162
93	13	0.870496
93	24	0.869971
93	33	0.891133
93	39	0.830245
93	40	0.826187
93	43	0.80812
93	66	0.815065
93	75	0.863496
93	76	0.857433
93	77	0.864643
93	87	0.911192
93	88	0.914779
93	94	0.865085
93	96	1.68291
93	108	1.45672
93	109	1.56702
93	152	1.65597
93	154	1.55756
93	161	1.68379
93	163	0.898139
93	167	2.17595
93	178	0.805521
94	3	0.90337
94	13	0.870704
94	24	0.870179
94	33	0.891341
94	39	0.830453
94	40	0.826395
94	43	0.808328
94	66	0.815273
94	75	0.863704
94	76	0.857641
94	77	0.864851
94	87	0.9114
94	88	0.914987
94	92	1.00081
94	93	0.865085
94	157	1.3332
94	158	1.22141
94	163	0.898347
94	171	1.79331
94	173	1.42222
94	175	2.22707
94	177	2.48814
94	178	0.805729
95	28	1.42533
95	32	0.842868
95	35	1.41808
95	72	0.848803
95	82	0.843931
95	105	0.884193
95	106	0.885809
95	114	0.832054
95	118	1.14698
95	124	1.641
95	133	0.862447
95	134	0.825383
95	135	0.861066
95	137	0.858597
95	139	0.831524
95	140	0.853916
95	148	0.917865
95	150	1.47459
95	152	0.838644
95	158	1.38786
95	160	0.906696
95	163	0.893675
95	180	2.57371
96	2	0.69204
96	56	1.57444
96	64	1.28707
96	84	1.60122
96	93	1.68291
96	111	1.36043
96	118	0.932079
96	123	1.34711
96	147	0.874735
96	153	0.803896
96	154	0.878601
96	157	0.857845
96	162	0.85616
96	167	0.779235
96	168	0.804258
96	169	0.790165
96	171	0.777931
96	172	0.757511
96	173	0.81175
96	174	0.776106
96	175	0.751193
96	176	0.763818
96	179	0.741443
96	180	0.727251
97	62	0.837871
97	69	0.876575
97	81	1.48638
97	90	0.882325
97	98	0.839063
97	100	0.845749
97	102	0.84403
97	110	0.865026
97	111	0.864161
97	115	0.831168
97	116	0.836302
97	117	1.40592
97	120	0.850456
97	121	0.850516
97	123	0.851803
97	126	0.865113
97	127	0.852263
97	129	0.879624
97	130	1.50256
97	157	1.61086
97	162	1.50808
97	173	1.69987
97	177	0.729378
97	180	2.68491
98	62	0.831903
98	71	0.848943
98	88	0.898888
98	90	0.876357
98	97	0.839063
98	100	0.839781
98	110	0.859058
98	111	0.858193
98	116	0.830335
98	120	0.844488
98	121	0.844548
98	123	0.845835
98	126	0.859145
98	127	0.846296
98	129	0.873656
98	144	1.6128
98	146	0.870432
98	159	2.29617
98	161	1.40107
98	162	1.41826
98	168	1.67006
98	169	1.89316
98	171	1.98114
98	177	0.72341
99	14	0.894205
99	18	0.897879
99	26	0.8658
99	27	0.866309
99	30	0.854752
99	38	0.831271
99	49	0.81357
99	54	0.86813
99	115	0.853986
99	117	1.4494
99	120	0.873274
99	121	0.873333
99	123	0.87462
99	126	0.887931
99	127	0.875081
99	129	0.902441
99	132	1.37137
99	150	1.62928
99	161	1.53438
99	162	1.55157
99	169	2.02647
99	172	2.30626
99	177	0.752195
100	62	0.838589
100	71	0.855628
100	81	1.53663
100	90	0.883042
100	97	0.845749
100	98	0.839781
100	102	0.844747
100	110	0.865744
100	111	0.864879
100	115	0.831886
100	116	0.83702
100	117	1.45617
100	120	0.851173
100	121	0.851233
100	123	0.85252
100	126	0.865831
100	127	0.852981
100	129	0.880341
100	144	1.75288
100	145	1.28175
100	151	1.93927
100	155	1.68854
100	176	2.23706
100	177	0.730095
101	17	1.72895
101	55	1.7926
101	73	1.6838
101	79	2.14304
101	80	0.868734
101	118	0.877035
101	124	0.759333
101	127	1.864
101	138	0.859292
101	143	0.79837
101	144	0.799801
101	149	0.784656
101	161	0.809494
101	164	0.729626
101	165	0.691012
101	166	0.720532
101	168	0.749214
101	169	0.735121
101	170	0.7352
101	172	0.702468
101	174	0.721063
101	175	0.696149
101	179	0.6864
101	180	0.672208
102	5	1.34469
102	62	0.83687
102	67	0.814948
102	69	0.875574
102	90	0.881323
102	97	0.84403
102	100	0.844747
102	110	0.864025
102	111	0.86316
102	115	0.830167
102	116	0.835301
102	120	0.849455
102	123	0.850801
102	126	0.864112
102	127	0.851262
102	129	0.878622
102	131	1.79632
102	143	1.4665
102	146	0.875398
102	149	1.65803
102	151	1.82654
102	156	1.59251
102	166	2.2046
102	177	0.728376
103	2	0.700499
103	56	1.65428
103	57	1.43402
103	86	1.3077
103	115	1.6442
103	129	1.31453
103	134	1.51895
103	144	0.863304
103	159	0.767438
103	161	0.872996
103	162	0.864619
103	164	0.793129
103	166	0.784034
103	167	0.787694
103	168	0.812717
103	169	0.798624
103	171	0.78639
103	172	0.76597
103	173	0.820209
103	174	0.784566
103	175	0.759652
103	176	0.772278
103	177	0.742388
103	179	0.749903
103	180	0.73571
104	32	0.813593
104	33	1.12985
104	48	1.9142
104	72	0.819528
104	82	0.814657
104	106	0.856535
104	107	0.854002
104	114	0.80278
104	119	0.833409
104	122	0.828885
104	133	0.833172
104	134	0.796108
104	135	0.831791
104	137	0.829322
104	139	0.802249
104	140	0.824642
104	142	1.60487
104	143	1.59805
104	148	0.888591
104	152	0.80937
104	160	0.877421
104	162	1.57717
104	163	0.8644
104	167	2.05214
104	178	2.01006
105	32	0.871112
105	63	0.855268
105	79	0.883778
105	82	0.872175
105	95	0.884193
105	109	0.88942
105	113	0.895125
105	114	0.860298
105	119	0.890927
105	130	1.42484
105	133	0.89069
105	134	0.853627
105	135	0.88931
105	136	1.1904
105	137	0.886841
105	138	1.18909
105	139	0.859768
105	140	0.88216
105	152	0.866888
105	160	0.93494
105	161	1.41318
105	171	1.99325
105	172	2.18506
105	173	1.62216
105	174	2.03776
106	42	0.839686
106	72	0.878663
106	95	0.885809
106	104	0.856535
106	107	0.913137
106	114	0.861915
106	119	0.892544
106	131	0.842246
106	133	0.892307
106	134	0.855243
106	135	0.890926
106	137	0.888457
106	139	0.861384
106	140	0.883777
106	143	1.50784
106	146	1.26759
106	152	0.868504
106	154	1.34353
106	157	1.58972
106	159	2.36486
106	160	0.936556
106	161	1.46976
106	162	1.48695
106	163	0.923535
106	167	1.96192
107	72	0.87613
107	79	0.882862
107	82	0.871258
107	104	0.854002
107	106	0.913137
107	112	0.969324
107	114	0.859381
107	119	0.89001
107	125	1.08969
107	131	0.839713
107	133	0.889774
107	134	0.85271
107	135	0.888393
107	137	0.885924
107	139	0.858851
107	140	0.881243
107	151	1.59104
107	152	0.865971
107	157	1.31288
107	160	0.934023
107	163	0.921002
107	171	1.77299
107	172	1.9648
107	176	1.88883
107	177	2.46782
108	3	0.975995
108	26	1.54072
108	58	1.50245
108	93	1.45672
108	111	1.13424
108	115	1.33817
108	155	0.876395
108	156	0.882983
108	157	0.899842
108	158	0.90577
108	159	0.800976
108	161	0.906534
108	163	0.927728
108	165	0.788052
108	166	0.817572
108	168	0.846254
108	169	0.832161
108	170	0.83224
108	171	0.819927
108	172	0.799508
108	174	0.818103
108	176	0.805815
108	177	0.775926
108	179	0.78344
108	180	0.769248
109	44	1.47529
109	45	1.09992
109	56	1.45855
109	63	0.832252
109	67	1.49393
109	84	1.48534
109	93	1.56702
109	105	0.88942
109	115	1.44848
109	133	0.867674
109	134	0.83061
109	135	0.866293
109	139	0.836751
109	140	0.859144
109	152	0.843871
109	155	0.840534
109	163	0.898902
109	164	0.790804
109	167	0.78537
109	168	0.810392
109	171	0.784065
109	173	0.817884
109	174	0.782241
109	177	0.740064
109	179	0.747578
109	180	0.733386
110	33	1.17431
110	67	0.835944
110	69	0.89657
110	71	0.874905
110	90	0.90232
110	97	0.865026
110	98	0.859058
110	100	0.865744
110	102	0.864025
110	111	0.884156
110	115	0.851163
110	116	0.856297
110	120	0.870451
110	121	0.870511
110	123	0.871798
110	127	0.872258
110	129	0.899619
110	130	1.61609
110	136	1.38165
110	145	1.34504
110	146	0.896395
110	161	1.60444
110	162	1.62162
110	169	2.09652
110	174	2.22901
110	177	0.749373
111	67	0.83508
111	69	0.895706
111	90	0.901455
111	96	1.36043
111	97	0.864161
111	98	0.858193
111	100	0.864879
111	102	0.86316
111	108	1.13424
111	110	0.884156
111	115	0.850298
111	116	0.855432
111	120	0.869586
111	121	0.869646
111	123	0.870933
111	125	1.25808
111	126	0.884243
111	127	0.871393
111	129	0.898754
111	142	1.40621
111	146	0.89553
111	156	1.5254
111	158	1.36948
111	172	2.13319
111	177	0.748508
111	179	2.47318
112	2	0.744589
112	6	1.45306
112	29	1.59459
112	40	1.57876
112	55	1.02385
112	77	1.47763
112	107	0.969324
112	125	0.940479
112	129	1.01198
112	142	0.896024
112	147	0.927284
112	157	0.910394
112	158	0.916322
112	162	0.908709
112	163	0.931203
112	164	0.837219
112	165	0.798604
112	166	0.828124
112	167	0.831784
112	168	0.856807
112	170	0.842793
112	173	0.864299
112	174	0.828655
112	176	0.816367
112	178	0.852699
112	179	0.793992
112	180	0.7798
113	4	1.50433
113	20	1.1488
113	49	1.56747
113	57	1.11994
113	62	1.60059
113	69	1.09787
113	89	0.86355
113	105	0.895125
113	120	1.25372
113	122	0.869091
113	126	1.13008
113	133	0.873378
113	135	0.871998
113	137	0.869529
113	139	0.842456
113	140	0.864848
113	148	0.928797
113	152	0.849576
113	155	0.846238
113	156	0.852826
113	163	0.904607
113	166	0.787414
113	167	0.791074
113	168	0.816097
113	175	0.763032
113	176	0.775658
113	179	0.753283
113	180	0.73909
114	10	0.715294
114	63	0.80313
114	72	0.824908
114	79	0.83164
114	82	0.820036
114	89	1.39262
114	95	0.832054
114	104	0.80278
114	105	0.860298
114	106	0.861915
114	107	0.859381
114	119	0.838788
114	122	0.834265
114	133	0.838552
114	134	0.801488
114	135	0.837171
114	137	0.834702
114	139	0.807629
114	140	0.830021
114	148	0.89397
114	150	1.51971
114	160	0.882801
114	162	1.442
114	163	0.86978
114	168	1.6938
114	174	2.04939
114	176	2.12073
114	179	2.53668
115	67	0.802086
115	69	0.862712
115	71	0.841047
115	88	0.890993
115	90	0.868462
115	97	0.831168
115	99	0.853986
115	100	0.831886
115	102	0.830167
115	103	1.6442
115	108	1.33817
115	109	1.44848
115	110	0.851163
115	111	0.850298
115	116	0.822439
115	120	0.836593
115	121	0.836653
115	123	0.83794
115	126	0.85125
115	127	0.8384
115	129	0.865761
115	145	1.30585
115	146	0.862537
115	147	1.57308
115	164	2.17036
115	168	1.83424
115	173	1.77422
115	177	0.715515
116	62	0.829142
116	67	0.807221
116	69	0.867847
116	71	0.846182
116	90	0.873596
116	97	0.836302
116	98	0.830335
116	100	0.83702
116	102	0.835301
116	110	0.856297
116	111	0.855432
116	115	0.822439
116	120	0.841727
116	121	0.841787
116	123	0.843074
116	125	1.2881
116	126	0.856384
116	127	0.843534
116	129	0.870895
116	131	1.75923
116	141	2.3155
116	143	1.42941
116	146	0.867671
116	158	1.3995
116	167	1.88349
116	172	2.16321
116	174	2.01591
116	177	0.720649
117	1	1.18638
117	38	1.70912
117	68	1.24064
117	97	1.40592
117	99	1.4494
117	100	1.45617
117	124	0.837042
117	136	0.929161
117	145	0.926809
117	146	0.903616
117	147	0.8974
117	154	0.901266
117	155	0.857064
117	157	0.88051
117	158	0.886438
117	160	0.913872
117	163	1.06982
117	164	0.807335
117	165	0.76872
117	166	0.79824
117	167	0.8019
117	168	0.826923
117	169	0.812829
117	173	0.834415
117	174	0.798771
117	175	0.773857
117	176	0.786483
117	180	0.749916
118	18	1.34797
118	60	1.38075
118	70	1.08633
118	85	0.899336
118	90	1.26114
118	95	1.14698
118	96	0.932079
118	101	0.877035
118	127	1.08613
118	134	1.20728
118	140	1.0228
118	143	0.931357
118	156	0.918931
118	158	0.941718
118	159	0.836923
118	164	0.862614
118	165	0.823999
118	166	0.853519
118	167	0.857179
118	168	0.882202
118	169	0.868109
118	170	0.868188
118	171	0.855875
118	172	0.835455
118	173	0.889694
118	174	0.854051
118	175	0.829137
118	176	0.841763
118	180	0.805195
119	1	0.906785
119	11	0.901866
119	61	1.40323
119	63	0.833759
119	79	0.862269
119	82	0.850665
119	104	0.833409
119	105	0.890927
119	106	0.892544
119	107	0.89001
119	114	0.838788
119	122	0.864894
119	133	0.869181
119	134	0.832117
119	135	0.8678
119	137	0.865331
119	139	0.838258
119	140	0.860651
119	148	0.924599
119	149	1.43492
119	150	1.30022
119	152	0.845378
119	153	1.62829
119	154	1.07909
119	161	1.20532
119	163	0.900409
119	167	1.69747
119	177	2.48022
119	180	2.39933
120	53	1.57933
120	62	0.843296
120	67	0.821374
120	69	0.882
120	90	0.88775
120	92	0.919603
120	97	0.850456
120	98	0.844488
120	99	0.873274
120	100	0.851173
120	102	0.849455
120	110	0.870451
120	111	0.869586
120	113	1.25372
120	115	0.836593
120	116	0.841727
120	121	0.85594
120	123	0.857228
120	126	0.870538
120	127	0.857688
120	128	1.64916
120	129	0.885049
120	138	1.26476
120	145	1.22945
120	146	0.881825
120	157	1.60881
120	170	1.90957
120	171	2.06892
120	174	2.11343
120	177	0.734802
121	2	4.42556
121	62	0.843356
121	67	0.821434
121	69	0.88206
121	71	0.860395
121	88	0.91034
121	90	0.887809
121	91	0.685867
121	97	0.850516
121	98	0.844548
121	99	0.873333
121	100	0.851233
121	110	0.870511
121	111	0.869646
121	115	0.836653
121	116	0.841787
121	120	0.85594
121	123	0.857287
121	124	1.26811
121	126	0.870598
121	127	0.857748
121	129	0.885108
121	144	1.21853
121	146	0.881884
121	147	1.01464
121	157	1.12676
121	161	1.0068
121	166	1.78298
121	177	0.734862
121	179	2.11867
122	11	0.897342
122	32	0.845078
122	42	0.812037
122	61	1.48371
122	63	0.829235
122	72	0.851013
122	82	0.846142
122	89	1.25361
122	104	0.828885
122	113	0.869091
122	114	0.834265
122	119	0.864894
122	125	1.18257
122	131	0.814596
122	132	1.12279
122	133	0.864657
122	134	0.827594
122	135	0.863276
122	137	0.860808
122	139	0.833735
122	140	0.856127
122	141	2.20996
122	148	0.920076
122	152	0.840855
122	155	1.43319
122	159	2.1809
122	160	0.908906
122	161	1.2858
122	163	0.895886
122	180	2.47982
123	62	0.844643
123	67	0.822721
123	71	0.861682
123	90	0.889097
123	92	0.92095
123	96	1.34711
123	97	0.851803
123	98	0.845835
123	99	0.87462
123	100	0.85252
123	102	0.850801
123	110	0.871798
123	111	0.870933
123	115	0.83794
123	116	0.843074
123	120	0.857228
123	121	0.857287
123	126	0.871885
123	127	0.859035
123	129	0.886396
123	131	1.71589
123	146	0.883172
123	152	1.32017
123	155	1.49538
123	156	1.51208
123	158	1.35615
123	164	1.9531
123	165	2.46548
123	167	1.84015
123	177	0.736149
124	20	1.64523
124	31	0.850956
124	43	2.2799
124	89	0.811953
124	95	1.641
124	101	0.759333
124	117	0.837042
124	121	1.26811
124	127	1.58015
124	129	1.49688
124	131	0.771721
124	132	0.845998
124	142	0.803718
124	144	0.815087
124	147	0.834978
124	148	1.34596
124	151	0.778403
124	152	0.797979
124	161	0.82478
124	162	0.816403
124	165	0.706298
124	166	0.735818
124	167	0.739478
124	168	0.7645
124	171	0.738173
124	172	0.717754
124	173	0.771992
124	174	0.736349
124	175	0.711435
124	176	0.724061
124	180	0.687494
125	46	1.86591
125	59	1.27367
125	76	1.55491
125	107	1.08969
125	111	1.25808
125	112	0.940479
125	116	1.2881
125	122	1.18257
125	127	1.21561
125	132	0.91955
125	138	0.948131
125	143	0.887208
125	145	0.937939
125	153	0.837692
125	154	0.912396
125	155	0.868194
125	159	0.792775
125	160	0.89562
125	161	0.898332
125	166	0.80937
125	167	0.81303
125	169	0.82396
125	170	0.824039
125	171	0.811726
125	172	0.791306
125	173	0.845545
125	174	0.809902
125	175	0.784988
125	176	0.797614
125	179	0.775239
125	180	0.761046
126	62	0.857953
126	67	0.836032
126	69	0.896657
126	71	0.874993
126	88	0.924938
126	90	0.902407
126	92	0.934261
126	97	0.865113
126	98	0.859145
126	99	0.887931
126	100	0.865831
126	102	0.864112
126	111	0.884243
126	113	1.13008
126	115	0.85125
126	116	0.856384
126	120	0.870538
126	121	0.870598
126	123	0.871885
126	127	0.872345
126	129	0.899706
126	131	1.73311
126	138	1.14112
126	146	0.896482
126	151	1.76333
126	156	1.5293
126	168	1.6342
126	170	1.78593
126	172	2.13709
126	173	1.57419
126	177	0.74946
126	178	1.8153
127	62	0.845103
127	67	0.823182
127	69	0.883808
127	71	0.862143
127	88	0.912088
127	90	0.889557
127	92	0.921411
127	97	0.852263
127	98	0.846296
127	99	0.875081
127	100	0.852981
127	101	1.864
127	102	0.851262
127	110	0.872258
127	111	0.871393
127	115	0.8384
127	116	0.843534
127	118	1.08613
127	120	0.857688
127	121	0.857748
127	123	0.859035
127	124	1.58015
127	125	1.21561
127	126	0.872345
127	129	0.886856
127	144	1.53057
127	146	0.883632
127	152	1.29102
127	156	1.48293
127	171	1.89891
127	173	1.52782
127	176	2.01475
127	177	0.73661
128	15	1.66547
128	21	1.52677
128	44	1.75237
128	51	1.23366
128	53	0.827955
128	68	1.48592
128	74	0.86928
128	75	1.91066
128	120	1.64916
128	134	1.6003
128	136	0.887878
128	144	0.836227
128	145	0.885526
128	151	0.799542
128	154	0.859983
128	155	0.815781
128	156	0.822369
128	157	0.839227
128	159	0.740361
128	166	0.756957
128	167	0.760617
128	168	0.78564
128	169	0.771546
128	170	0.771626
128	171	0.759312
128	172	0.738893
128	173	0.793132
128	174	0.757488
128	175	0.732574
128	176	0.7452
128	178	0.781532
128	179	0.722825
128	180	0.708633
129	10	0.526057
129	62	0.872464
129	67	0.850542
129	69	0.911168
129	71	0.889503
129	88	0.939449
129	90	0.916918
129	92	0.948771
129	97	0.879624
129	98	0.873656
129	99	0.902441
129	100	0.880341
129	102	0.878622
129	103	1.31453
129	110	0.899619
129	111	0.898754
129	112	1.01198
129	115	0.865761
129	116	0.870895
129	120	0.885049
129	121	0.885108
129	123	0.886396
129	124	1.49688
129	126	0.899706
129	127	0.886856
129	143	1.27365
129	146	0.910992
129	157	1.35554
129	168	1.50457
129	170	1.6563
129	173	1.44455
129	175	2.2494
129	177	0.76397
129	180	2.42959
130	20	0.889195
130	41	1.45415
130	46	0.778501
130	50	0.86092
130	58	0.825426
130	65	1.10183
130	67	1.62235
130	70	0.863303
130	73	0.83758
130	76	1.6698
130	78	0.83757
130	83	0.819235
130	84	0.819377
130	85	0.961951
130	86	0.883825
130	97	1.50256
130	105	1.42484
130	110	1.61609
130	137	1.36403
130	148	1.09631
130	151	0.810634
130	154	0.871074
130	158	0.856247
130	160	0.898261
130	164	0.777143
130	167	0.771708
130	169	0.782638
130	170	0.782717
130	172	0.749984
130	174	0.76858
130	175	0.743666
130	177	0.726402
130	179	0.733917
130	180	0.719724
131	14	1.48127
131	15	1.87306
131	38	2.16199
131	47	0.808353
131	82	0.800368
131	88	1.47911
131	102	1.79632
131	106	0.842246
131	107	0.839713
131	116	1.75923
131	122	0.814596
131	123	1.71589
131	124	0.771721
131	126	1.73311
131	133	0.818883
131	134	0.78182
131	135	0.817502
131	137	0.815034
131	139	0.787961
131	140	0.810353
131	148	0.874302
131	152	0.795081
131	155	0.791743
131	159	0.716323
131	163	0.850112
131	164	0.742014
131	165	0.703399
131	166	0.732919
131	170	0.747588
131	171	0.735274
131	174	0.73345
131	175	0.708536
131	176	0.721162
131	179	0.698787
131	180	0.684595
132	8	1.06622
132	30	1.52992
132	43	1.85558
132	48	0.821283
132	49	1.63958
132	76	1.49513
132	85	0.969036
132	99	1.37137
132	122	1.12279
132	124	0.845998
132	125	0.91955
132	134	1.27698
132	136	0.938117
132	141	0.807277
132	148	0.921646
132	149	0.87132
132	151	0.849781
132	154	0.910222
