1	40	0.908683
1	84	0.869987
1	87	0.926774
1	95	1.09036
1	100	0.942246
1	101	0.885985
1	121	2.09025
1	148	0.935114
1	152	1.15035
1	159	0.878597
1	176	1.61304
1	180	0.842127
2	18	0.821036
2	19	0.825304
2	44	0.760453
2	46	0.758906
2	53	0.757616
2	76	0.770361
2	95	0.826607
2	106	0.873192
2	109	1.096
2	141	0.858928
2	169	1.76531
2	174	2.79541
3	41	0.900905
3	76	1.60622
3	103	0.890891
3	107	0.930272
3	117	0.889332
3	120	0.924738
3	125	0.909894
3	126	0.907354
3	147	1.44866
3	151	1.40039
3	160	1.44968
3	175	0.841239
4	16	0.763051
4	28	0.754066
4	56	0.851015
4	103	0.79604
4	105	0.85529
4	117	0.79448
4	118	1.67417
4	120	0.829886
4	126	0.812502
4	153	1.77855
4	168	2.20511
4	175	0.746388
5	54	0.781737
5	56	0.83505
5	103	0.780075
5	105	0.839326
5	107	0.819455
5	117	0.778515
5	120	0.813922
5	126	0.796538
5	141	1.65529
5	143	1.87548
5	166	2.11413
5	175	0.730423
6	47	1.17541
6	88	0.891133
6	91	0.88204
6	128	0.910419
6	130	0.894705
6	133	0.884773
6	135	0.882764
6	136	0.932432
6	140	0.91343
6	152	1.23924
6	175	1.79433
6	177	1.72906
7	31	0.923768
7	101	0.901291
7	119	0.943779
7	141	1.13377
7	144	0.94855
7	156	1.47891
7	159	0.893903
7	164	0.846694
7	166	1.59261
7	175	1.7459
7	177	0.876461
7	180	0.857433
8	23	0.833711
8	38	0.813708
8	43	0.874252
8	69	0.813574
8	82	0.787824
8	110	1.74608
8	137	0.910449
8	143	1.82771
8	146	0.829934
8	163	1.67127
8	168	0.767534
9	74	0.7731
9	90	0.804752
9	94	0.795446
9	108	0.785494
9	111	0.785343
9	112	0.771524
9	124	0.824509
9	134	0.83149
9	156	1.89635
9	163	1.61496
9	165	0.817926
9	180	2.14588
10	85	1.07843
10	86	0.819523
10	96	1.16986
10	154	0.983687
10	165	0.694776
10	167	0.91008
10	170	0.896773
10	171	0.876471
10	173	0.91264
10	174	0.842375
10	178	0.902073
10	179	0.867819
11	99	1.19428
11	102	1.47458
11	108	1.28353
11	149	0.845275
11	151	0.866311
11	158	0.861734
11	161	0.857789
11	170	0.762079
11	172	0.717497
11	176	0.782848
11	178	0.767379
11	179	0.733124
12	23	0.767341
12	38	0.747337
12	43	0.807882
12	64	0.856999
12	69	0.747204
12	76	1.83125
12	106	0.833899
12	131	0.757465
12	137	0.844079
12	146	0.763564
12	158	1.6791
12	168	0.701164
12	179	2.53555
13	77	1.15103
13	119	0.899778
13	123	0.888659
13	129	0.917364
13	142	0.88183
13	144	0.904549
13	145	0.830936
13	163	1.36773
13	164	0.802693
13	169	0.832817
13	175	1.91612
13	177	0.83246
13	180	1.89866
14	62	0.891752
14	105	0.900237
14	107	0.880366
14	117	0.839426
14	120	0.874833
14	125	0.859988
14	126	0.857449
14	137	1.1421
14	148	0.879301
14	159	1.5735
14	166	1.74328
14	175	0.791334
14	180	1.87912
15	31	0.860449
15	79	0.90356
15	80	0.905798
15	87	0.878761
15	100	0.894233
15	101	0.837972
15	148	0.887101
15	152	1.05001
15	157	1.10067
15	159	0.830584
15	174	2.6958
15	176	1.5127
15	180	0.794114
16	4	0.763051
16	21	1.17438
16	51	0.76907
16	54	0.775355
16	103	0.773693
16	107	0.813073
16	117	0.772133
16	120	0.807539
16	125	0.792695
16	126	0.790155
16	172	2.96067
16	175	0.724041
16	176	1.89268
17	33	2.44662
17	111	0.863258
17	113	0.844819
17	124	0.902423
17	127	0.912417
17	132	1.12941
17	137	0.930226
17	142	0.861461
17	144	0.88418
17	165	0.89584
17	169	0.812448
17	177	0.812092
17	178	1.74956
18	2	0.821036
18	19	0.902995
18	30	0.857945
18	44	0.838144
18	46	0.836596
18	53	0.835306
18	86	0.890911
18	106	0.950882
18	137	0.948607
18	141	0.936619
18	168	1.68562
18	177	1.63782
18	179	2.10091
19	2	0.825304
19	18	0.902995
19	30	0.862213
19	35	1.18248
19	44	0.842412
19	46	0.840864
19	53	0.839574
19	86	0.895179
19	95	0.908566
19	118	1.3825
19	141	0.940887
19	160	1.46789
19	171	2.26996
20	65	0.923235
20	128	1.03067
20	131	1.04019
20	135	1.0706
20	152	0.936218
20	153	0.928515
20	158	0.924076
20	163	0.922332
20	174	0.770023
20	175	0.838544
20	176	0.845191
20	178	0.829721
20	179	0.795467
21	16	1.17438
21	40	0.931531
21	49	1.01093
21	73	1.30994
21	99	0.96059
21	153	0.92235
21	157	0.940263
21	163	0.916167
21	172	0.773674
21	174	0.763858
21	176	0.839025
21	178	0.823556
21	179	0.789301
22	34	1.23051
22	79	0.907252
22	80	0.90949
22	84	0.825665
22	87	0.882453
22	100	0.897924
22	101	0.841663
22	148	0.890793
22	151	1.4738
22	158	1.52747
22	159	0.834276
22	167	2.03525
22	180	0.797806
23	8	0.833711
23	12	0.767341
23	43	0.910463
23	64	0.95958
23	69	0.849785
23	115	1.60829
23	131	0.860046
23	137	0.94666
23	146	0.866145
23	156	1.38185
23	167	1.69799
23	168	0.803745
23	178	1.7137
24	45	0.829916
24	65	0.86716
24	83	0.893344
24	94	0.870803
24	108	0.860852
24	112	0.846882
24	113	0.842262
24	124	0.899867
24	138	1.40397
24	151	1.4027
24	162	1.66179
24	165	0.893284
24	173	1.85073
25	120	1.51589
25	127	1.48861
25	155	0.830221
25	161	0.853716
25	165	1.34365
25	166	0.798429
25	167	0.771313
25	169	0.786495
25	170	0.758006
25	172	0.713424
25	176	0.778775
25	178	0.763306
25	179	0.729052
26	52	0.775673
26	98	1.72898
26	119	0.803086
26	123	0.791967
26	127	0.836094
26	129	0.820672
26	142	0.785138
26	144	0.807857
26	163	1.89359
26	164	0.706001
26	169	0.736125
26	177	0.735769
26	180	2.42452
27	31	0.859833
27	64	0.969448
27	79	0.902945
27	84	0.821358
27	97	1.61717
27	100	0.893617
27	101	0.837356
27	109	1.28749
27	148	0.886486
27	153	1.45217
27	159	0.829969
27	169	1.9568
27	180	0.793498
28	4	0.754066
28	51	0.760085
28	62	0.815474
28	86	0.802914
28	107	0.804088
28	117	0.763148
28	120	0.798554
28	125	0.78371
28	126	0.78117
28	134	1.65178
28	152	1.74257
28	175	0.715055
28	179	2.69549
29	56	0.897829
29	103	0.842854
29	105	0.902105
29	107	0.882234
29	117	0.841294
29	120	0.8767
29	122	1.63199
29	126	0.859316
29	147	1.46941
29	148	0.881169
29	163	1.38506
29	175	0.793202
29	177	1.86817
30	18	0.857945
30	19	0.862213
30	44	0.797362
30	46	0.795815
30	47	1.46918
30	53	0.794525
30	76	0.80727
30	86	0.850129
30	95	0.863516
30	106	0.910101
30	141	0.895837
30	160	1.62509
30	161	1.58116
30	177	2.02283
31	7	0.923768
31	15	0.860449
31	27	0.859833
31	80	0.875357
31	84	0.791532
31	87	0.84832
31	101	0.80753
31	116	1.77878
31	148	0.85666
31	153	1.51959
31	158	1.50499
31	159	0.800143
31	168	1.94615
31	180	0.763673
32	39	1.24106
32	90	1.09134
32	108	1.09353
32	133	1.05673
32	147	0.923256
32	163	0.920999
32	164	0.821452
32	170	0.823088
32	171	0.802785
32	173	0.838955
32	174	0.76869
32	176	0.843857
32	177	0.85122
32	179	0.794133
33	17	2.44662
33	86	2.51899
33	116	0.751771
33	147	0.800812
33	150	0.69539
33	166	0.741068
33	167	0.713952
33	170	0.700645
33	172	0.656063
33	174	0.646246
33	176	0.721414
33	178	0.705945
33	179	0.67169
34	22	1.23051
34	36	1.41753
34	62	0.934388
34	85	1.26039
34	93	0.906351
34	121	0.842235
34	145	0.853454
34	149	0.910042
34	171	0.806544
34	173	0.842713
34	174	0.772448
34	176	0.847616
34	178	0.832146
34	179	0.797892
35	19	1.18248
35	42	1.33386
35	121	0.827165
35	130	1.10825
35	146	1.11707
35	152	0.923573
35	153	0.91587
35	163	0.909686
35	171	0.791473
35	172	0.767194
35	173	0.827643
35	176	0.832545
35	178	0.817076
35	179	0.782821
36	34	1.41753
36	58	1.27974
36	85	0.833045
36	92	0.839213
36	96	0.819316
36	98	0.859477
36	102	0.808667
36	130	0.834972
36	133	0.825041
36	135	0.823031
36	136	0.872699
36	140	0.853698
36	141	1.56098
36	180	2.15565
37	41	1.41217
37	83	1.08501
37	86	0.983453
37	114	0.918633
37	135	1.09875
37	164	0.835975
37	166	0.878034
37	171	0.817308
37	172	0.793029
37	173	0.853478
37	174	0.783213
37	176	0.85838
37	178	0.842911
37	179	0.808656
38	8	0.813708
38	12	0.747337
38	43	0.890459
38	69	0.829781
38	82	0.804031
38	106	0.916476
38	131	0.840043
38	137	0.926656
38	146	0.846141
38	166	1.22248
38	167	1.42493
38	168	0.783742
38	172	2.35137
38	179	1.77361
39	32	1.24106
39	89	0.864384
39	123	0.848962
39	127	0.893089
39	129	0.877667
39	139	0.842963
39	142	0.842133
39	144	0.864852
39	158	1.54944
39	163	1.45967
39	164	0.762996
39	169	0.79312
39	170	2.19186
39	177	0.792764
40	1	0.908683
40	21	0.931531
40	66	1.52564
40	79	0.87334
40	80	0.875578
40	82	0.804299
40	84	0.791754
40	87	0.848541
40	100	0.864013
40	101	0.807752
40	148	0.856881
40	161	1.23528
40	172	2.71782
40	180	0.763894
41	3	0.900905
41	37	1.41217
41	54	0.818357
41	56	0.87167
41	62	0.867461
41	93	1.68923
41	103	0.816694
41	117	0.815135
41	120	0.850541
41	125	0.835697
41	126	0.833157
41	152	1.6307
41	161	1.67885
41	175	0.767042
42	35	1.33386
42	57	0.824283
42	96	0.796796
42	102	0.786147
42	128	0.828165
42	130	0.812452
42	133	0.80252
42	135	0.800511
42	136	0.850178
42	139	0.803215
42	140	0.831177
42	145	1.86855
42	156	1.81528
42	162	1.82907
42	165	0.836765
43	8	0.874252
43	12	0.807882
43	23	0.910463
43	38	0.890459
43	59	1.37678
43	69	0.890326
43	106	0.977021
43	122	1.52214
43	131	0.900587
43	137	0.987201
43	143	1.43165
43	146	0.906686
43	149	1.44822
43	162	1.57039
43	168	0.844286
44	2	0.760453
44	18	0.838144
44	19	0.842412
44	30	0.797362
44	46	0.776013
44	53	0.774723
44	68	1.28848
44	76	0.787469
44	86	0.830328
44	93	1.59787
44	95	0.843715
44	106	0.8903
44	141	0.876036
44	145	1.8807
44	170	2.27822
45	24	0.829916
45	65	0.8134
45	74	0.794698
45	90	0.82635
45	108	0.807092
45	111	0.806942
45	112	0.793122
45	113	0.788503
45	116	1.81162
45	124	0.846107
45	132	1.44116
45	134	0.853088
45	165	0.839524
45	175	1.99644
45	176	1.90405
46	2	0.758906
46	18	0.836596
46	19	0.840864
46	30	0.795815
46	44	0.776013
46	53	0.773176
46	76	0.785921
46	86	0.828781
46	95	0.842167
46	106	0.888752
46	114	1.87525
46	134	1.5227
46	141	0.874488
46	159	1.84549
46	162	1.91537
47	6	1.17541
47	30	1.46918
47	54	1.653
47	79	1.15334
47	143	0.86445
47	147	0.873783
47	158	0.873271
47	159	0.819189
47	163	0.871526
47	166	0.814039
47	172	0.729034
47	175	0.787739
47	176	0.794385
47	178	0.778915
47	180	0.782719
48	73	1.48659
48	109	0.901819
48	131	1.20791
48	133	1.18969
48	143	0.85652
48	153	0.86978
48	160	0.862175
48	162	0.829683
48	163	0.863596
48	165	0.998276
48	170	0.765686
48	171	0.745383
48	176	0.786455
48	178	0.770985
48	179	0.736731
49	21	1.01093
49	59	0.934683
49	69	0.937972
49	74	1.10028
49	75	0.896112
49	100	0.842167
49	142	0.841139
49	159	0.917376
49	166	0.912225
49	168	0.901021
49	173	0.887669
49	174	0.817404
49	176	0.892572
49	178	0.877102
49	179	0.842848
50	55	0.919354
50	73	0.873972
50	74	0.884658
50	94	0.907004
50	108	0.897052
50	111	0.896902
50	112	0.883083
50	113	0.878463
50	124	0.936067
50	147	1.15364
50	165	0.929485
50	175	1.61767
50	176	1.52528
50	177	1.5524
50	180	1.60021
51	16	0.76907
51	28	0.760085
51	62	0.852825
51	86	0.840266
51	95	1.21529
51	105	0.86131
51	107	0.841439
51	117	0.800499
51	120	0.835906
51	126	0.818521
51	148	0.840374
51	164	2.13013
51	169	1.89098
51	175	0.752407
51	178	1.89523
52	26	0.775673
52	71	0.825902
52	78	0.872605
52	89	0.84692
52	97	1.61768
52	123	0.831498
52	129	0.860203
52	142	0.824669
52	145	0.773775
52	146	0.838786
52	166	1.7434
52	169	0.775656
52	176	1.80431
52	177	0.7753
52	178	1.96156
53	2	0.757616
53	18	0.835306
53	19	0.839574
53	30	0.794525
53	44	0.774723
53	46	0.773176
53	76	0.784631
53	86	0.82749
53	95	0.840877
53	106	0.887462
53	141	0.873198
53	149	1.60123
53	156	1.70961
53	166	1.82331
53	167	2.02576
54	5	0.781737
54	16	0.775355
54	41	0.818357
54	47	1.653
54	103	0.808344
54	104	1.48115
54	105	0.867595
54	107	0.847725
54	117	0.806784
54	120	0.842191
54	126	0.824807
54	137	1.51745
54	148	0.84666
54	175	0.758692
54	176	2.17953
55	50	0.919354
55	74	0.847935
55	90	0.879587
55	94	0.870281
55	108	0.860329
55	111	0.860179
55	112	0.846359
55	113	0.84174
55	118	0.869747
55	124	0.899344
55	163	0.689797
55	165	0.892761
55	169	1.2988
55	172	2.21378
55	174	2.32889
55	178	1.30304
56	4	0.851015
56	5	0.83505
56	29	0.897829
56	41	0.87167
56	62	0.912423
56	97	1.40323
56	103	0.861657
56	107	0.901037
56	117	0.860097
56	126	0.878119
56	148	0.899972
56	150	2.03017
56	152	1.12716
56	168	1.66479
56	175	0.812005
56	177	1.61698
57	42	0.824283
57	66	1.4577
57	67	0.936234
57	88	0.862525
57	96	0.850441
57	128	0.881811
57	130	0.866097
57	133	0.856166
57	135	0.854156
57	136	0.903824
57	139	0.856861
57	162	1.42107
57	165	0.890411
57	166	1.52098
57	169	1.73489
57	180	1.65682
58	36	1.27974
58	69	1.13147
58	101	1.13644
58	113	0.845364
58	127	0.8839
58	147	0.96985
58	150	0.864427
58	167	0.882989
58	171	0.84938
58	172	0.8251
58	173	0.885549
58	174	0.815284
58	176	0.890451
58	177	0.897814
58	178	0.874982
58	179	0.840728
59	43	1.37678
59	49	0.934683
59	102	1.60477
59	115	0.810529
59	118	0.830878
59	121	0.7574
59	131	1.39514
59	151	0.846244
59	152	0.853808
59	155	0.814226
59	165	1.18551
59	166	0.782434
59	176	0.762781
59	178	0.747311
59	179	0.713057
59	180	0.751115
60	75	0.842722
60	92	0.87616
60	98	0.896423
60	99	0.860134
60	102	0.845614
60	121	1.88144
60	130	0.871919
60	131	0.869871
60	135	0.859978
60	139	0.862683
60	140	0.890644
60	154	1.2447
60	165	0.896232
60	173	1.43236
60	177	1.43136
60	179	1.89446
61	70	0.819695
61	72	0.801433
61	110	1.56543
61	119	0.820375
61	123	0.809256
61	127	0.853383
61	129	0.837961
61	139	0.803257
61	142	0.802427
61	144	0.825146
61	157	1.53459
61	164	0.72329
61	169	0.753414
61	177	0.753058
61	179	2.43685
61	180	2.02155
62	14	0.891752
62	28	0.815474
62	34	0.934388
62	41	0.867461
62	51	0.852825
62	56	0.912423
62	105	0.916699
62	107	0.896828
62	117	0.855888
62	120	0.891295
62	121	2.07478
62	126	0.87391
62	141	1.07784
62	156	1.42298
62	171	2.02904
62	175	0.807796
63	92	0.798671
63	96	0.778774
63	99	0.782645
63	102	0.768125
63	128	0.810144
63	130	0.79443
63	131	0.792382
63	133	0.784498
63	134	1.44684
63	135	0.782489
63	136	0.832157
63	140	0.813155
63	147	1.62869
63	165	0.818743
63	177	2.02745
63	179	2.49055
64	12	0.856999
64	23	0.95958
64	27	0.969448
64	69	0.939443
64	84	0.901148
64	100	0.973406
64	114	1.13586
64	115	1.38863
64	122	1.12774
64	131	0.949704
64	143	1.03724
64	146	0.955803
64	159	0.909758
64	168	0.893403
64	173	1.36492
64	174	2.5199
64	180	0.873288
65	20	0.923235
65	24	0.86716
65	45	0.8134
65	73	0.821256
65	83	0.876829
65	90	0.863594
65	94	0.854288
65	108	0.844336
65	111	0.844186
65	112	0.830367
65	113	0.825747
65	124	0.883351
65	147	1.26097
65	160	1.26199
65	165	0.876769
65	172	2.7006
65	178	1.78986
66	40	1.52564
66	57	1.4577
66	72	1.65333
66	121	0.776926
66	131	1.62537
66	155	0.833752
66	156	0.826036
66	162	0.825534
66	166	0.80196
66	170	0.761538
66	171	0.741235
66	173	0.777404
66	176	0.782307
66	177	0.789669
66	178	0.766837
66	179	0.732583
66	180	0.770641
67	57	0.936234
67	81	1.10155
67	85	0.922476
67	91	0.911738
67	96	0.908747
67	118	1.06079
67	128	0.940117
67	130	0.924403
67	131	0.922355
67	133	0.914471
67	135	0.912462
67	140	0.943128
67	141	0.997046
67	161	1.10224
67	165	0.948716
67	168	1.59172
67	172	2.58478
68	44	1.28848
68	85	1.21002
68	87	1.15542
68	139	1.12767
68	148	0.920781
68	150	0.822284
68	153	0.931633
68	159	0.873113
68	160	0.924028
68	161	0.923248
68	167	0.840846
68	170	0.827539
68	172	0.782957
68	174	0.77314
68	176	0.848308
68	179	0.798584
68	180	0.836642
69	8	0.813574
69	12	0.747204
69	23	0.849785
69	38	0.829781
69	43	0.890326
69	49	0.937972
69	58	1.13147
69	64	0.939443
69	82	0.803898
69	104	1.23407
69	106	0.916343
69	131	0.839909
69	137	0.926523
69	146	0.846008
69	168	0.783608
69	171	2.36391
69	173	1.96057
70	61	0.819695
70	71	0.852635
70	78	0.899338
70	89	0.873653
70	116	1.67367
70	123	0.858231
70	127	0.902358
70	129	0.886936
70	137	1.10403
70	142	0.851402
70	144	0.874121
70	161	1.35157
70	164	0.772265
70	169	0.802389
70	177	0.802032
70	179	2.25633
70	180	1.84104
71	52	0.825902
71	70	0.852635
71	119	0.853315
71	123	0.842196
71	127	0.886323
71	129	0.870901
71	142	0.835367
71	144	0.858086
71	145	0.784473
71	146	0.849484
71	147	1.58753
71	151	1.53926
71	152	1.49647
71	164	0.75623
71	166	1.89826
71	169	0.786354
71	177	0.785998
71	178	2.11642
72	61	0.801433
72	66	1.65333
72	89	0.855391
72	104	1.07914
72	119	0.851088
72	123	0.839969
72	125	0.838416
72	127	0.884096
72	129	0.868674
72	139	0.83397
72	142	0.83314
72	144	0.855859
72	158	1.41129
72	163	1.32152
72	164	0.754003
72	169	0.784127
72	172	2.8455
72	177	0.78377
73	21	1.30994
73	48	1.48659
73	50	0.873972
73	65	0.821256
73	74	0.802553
73	83	0.84744
73	90	0.834205
73	94	0.824899
73	97	1.84161
73	108	0.814947
73	111	0.814797
73	112	0.800978
73	113	0.796358
73	124	0.853962
73	134	0.860944
73	137	1.36615
73	165	0.84738
73	176	2.02824
74	9	0.7731
74	45	0.794698
74	49	1.10028
74	50	0.884658
74	55	0.847935
74	73	0.802553
74	83	0.858126
74	90	0.844892
74	108	0.825634
74	111	0.825483
74	112	0.811664
74	113	0.807045
74	124	0.864649
74	132	1.63186
74	152	1.63206
74	153	1.74313
74	165	0.858066
74	169	2.24777
75	49	0.896112
75	60	0.842722
75	85	0.823142
75	92	0.829309
75	96	0.809413
75	99	0.813283
75	102	0.798764
75	128	0.840782
75	130	0.825069
75	133	0.815137
75	136	0.862795
75	139	0.815832
75	140	0.843794
75	160	1.51997
75	165	0.849382
75	166	1.82968
75	170	2.16678
75	173	1.91871
76	2	0.770361
76	3	1.60622
76	12	1.83125
76	30	0.80727
76	44	0.787469
76	46	0.785921
76	53	0.784631
76	135	1.5659
76	139	1.62715
76	141	0.885944
76	162	0.802251
76	164	0.736618
76	167	0.751561
76	170	0.738254
76	171	0.717951
76	176	0.759023
76	178	0.743554
76	179	0.709299
77	13	1.15103
77	87	1.19627
77	89	1.28552
77	97	0.914879
77	127	1.01218
77	129	0.750425
77	136	0.775243
77	151	0.947564
77	161	0.939042
77	163	0.941243
77	166	0.883755
77	167	0.856639
77	168	0.872551
77	173	0.859199
77	174	0.788934
77	176	0.864101
77	178	0.848632
77	179	0.814377
77	180	0.852436
78	52	0.872605
78	70	0.899338
78	104	1.02382
78	123	0.888899
78	125	0.887346
78	127	0.933026
78	129	0.917604
78	134	1.16871
78	142	0.88207
78	144	0.904789
78	145	0.831176
78	146	0.896187
78	153	1.37057
78	154	1.56266
78	157	1.31016
78	164	0.802933
78	169	0.833057
78	174	2.9053
78	177	0.832701
79	15	0.90356
79	22	0.907252
79	27	0.902945
79	40	0.87334
79	47	1.15334
79	80	0.918469
79	82	0.847189
79	84	0.834644
79	87	0.891432
79	100	0.906903
79	101	0.850642
79	132	1.21697
79	141	1.16013
79	148	0.899772
79	157	1.26784
79	159	0.843255
79	164	2.07203
79	179	2.17009
79	180	0.806785
80	15	0.905798
80	22	0.90949
80	31	0.875357
80	40	0.875578
80	79	0.918469
80	82	0.849427
80	84	0.836882
80	87	0.89367
80	100	0.909141
80	101	0.85288
80	147	1.25253
80	148	0.90201
80	153	1.27254
80	154	1.46463
80	159	0.845493
80	167	1.76571
80	168	1.6991
80	170	1.90036
80	180	0.809023
81	67	1.10155
81	82	1.68861
81	106	1.17895
81	108	1.3529
81	140	1.19469
81	145	0.833223
81	150	0.801361
81	158	0.906271
81	168	0.835834
81	171	0.786313
81	172	0.762034
81	173	0.822483
81	174	0.752218
81	175	0.820739
81	176	0.827385
81	177	0.834748
81	178	0.811916
81	179	0.777661
81	180	0.81572
82	8	0.787824
82	38	0.804031
82	40	0.804299
82	69	0.803898
82	79	0.847189
82	80	0.849427
82	81	1.68861
82	87	0.82239
82	98	1.48324
82	100	0.837861
82	101	0.7816
82	131	0.814159
82	137	0.900773
82	145	1.98252
82	146	0.820258
82	149	1.82086
82	160	1.73323
82	168	0.757858
82	180	0.737743
83	24	0.893344
83	37	1.08501
83	65	0.876829
83	73	0.84744
83	74	0.858126
83	90	0.889778
83	94	0.880472
83	108	0.87052
83	111	0.87037
83	112	0.856551
83	113	0.851931
83	118	0.879939
83	124	0.909535
83	149	1.48325
83	157	1.3542
83	161	1.35169
83	165	0.902953
83	167	1.90778
83	168	1.84116
84	1	0.869987
84	22	0.825665
84	27	0.821358
84	31	0.791532
84	40	0.791754
84	64	0.901148
84	79	0.834644
84	80	0.836882
84	87	0.809845
84	100	0.825316
84	101	0.769055
84	148	0.818185
84	154	1.82391
84	155	1.88319
84	159	0.761668
84	162	1.82263
84	163	1.52745
84	176	1.98344
84	180	0.725198
85	10	1.07843
85	34	1.26039
85	36	0.833045
85	67	0.922476
85	68	1.21002
85	75	0.823142
85	88	0.848767
85	91	0.839674
85	96	0.836683
85	99	0.840554
85	128	0.868053
85	130	0.852339
85	133	0.842407
85	135	0.840398
85	136	0.890066
85	140	0.871064
85	161	1.50903
85	165	0.876652
85	166	1.86267
85	176	1.92358
86	10	0.819523
86	18	0.890911
86	19	0.895179
86	28	0.802914
86	30	0.850129
86	33	2.51899
86	37	0.983453
86	44	0.830328
86	46	0.828781
86	51	0.840266
86	53	0.82749
86	98	1.04407
86	105	0.904139
86	117	0.843329
86	126	0.861351
86	141	0.928803
86	148	0.883204
86	175	0.795236
86	176	1.66467
86	178	1.82193
87	1	0.926774
87	15	0.878761
87	22	0.882453
87	31	0.84832
87	40	0.848541
87	68	1.15542
87	77	1.19627
87	79	0.891432
87	80	0.89367
87	82	0.82239
87	84	0.809845
87	95	1.34629
87	100	0.882104
87	101	0.825843
87	138	1.45033
87	148	0.874973
87	159	0.818456
87	162	1.70816
87	164	2.26113
87	180	0.781985
88	6	0.891133
88	57	0.862525
88	85	0.848767
88	91	0.838029
88	99	0.838909
88	102	0.824389
88	115	1.73878
88	121	2.16415
88	128	0.866408
88	130	0.850694
88	133	0.840762
88	134	1.13346
88	135	0.838753
88	136	0.888421
88	139	0.841458
88	140	0.869419
88	155	1.58669
88	158	1.32071
88	165	0.875007
88	169	1.83995
89	39	0.864384
89	52	0.84692
89	70	0.873653
89	72	0.855391
89	77	1.28552
89	110	1.57703
89	119	0.874333
89	123	0.863214
89	127	0.907341
89	129	0.891919
89	137	1.29614
89	139	0.857215
89	142	0.856385
89	144	0.879104
89	145	0.805491
89	151	1.53831
89	160	1.5876
89	169	0.807372
89	177	0.807016
89	178	2.11547
90	9	0.804752
90	32	1.09134
90	45	0.82635
90	55	0.879587
90	65	0.863594
90	73	0.834205
90	74	0.844892
90	83	0.889778
90	94	0.867238
90	108	0.857286
90	109	1.24964
90	111	0.857136
90	112	0.843316
90	113	0.838697
90	124	0.896301
90	154	1.60641
90	157	1.35392
90	165	0.889718
90	171	2.1974
90	178	1.9232
91	6	0.88204
91	67	0.911738
91	85	0.839674
91	88	0.838029
91	92	0.845842
91	98	0.866105
91	99	0.829816
91	128	0.857315
91	130	0.841601
91	131	0.839553
91	133	0.831669
91	135	0.82966
91	136	0.879328
91	160	1.18009
91	162	1.38989
91	164	1.94287
91	165	0.865914
91	171	1.98217
91	176	1.55071
91	180	1.62564
92	36	0.839213
92	60	0.87616
92	63	0.798671
92	75	0.829309
92	91	0.845842
92	102	0.832202
92	128	0.874221
92	130	0.858507
92	131	0.856459
92	133	0.848575
92	135	0.846566
92	136	0.896234
92	138	1.21738
92	140	0.877232
92	143	1.33646
92	150	2.07633
92	165	0.88282
92	169	1.78903
92	176	1.63602
92	177	1.66314
93	34	0.906351
93	41	1.68923
93	44	1.59787
93	105	1.34095
93	106	1.19002
93	144	1.33995
93	150	0.753381
93	151	0.862868
93	154	0.845549
93	160	0.855126
93	161	0.854345
93	163	0.856547
93	164	0.757
93	166	0.799059
93	167	0.771943
93	170	0.758636
93	172	0.714054
93	174	0.704238
93	176	0.779405
93	178	0.763936
94	9	0.795446
94	24	0.870803
94	50	0.907004
94	55	0.870281
94	65	0.854288
94	73	0.824899
94	83	0.880472
94	90	0.867238
94	108	0.84798
94	111	0.847829
94	112	0.83401
94	113	0.82939
94	124	0.886995
94	147	1.27277
94	160	1.27379
94	165	0.880412
94	168	1.71934
94	173	1.67253
94	177	1.67153
94	179	2.13463
95	1	1.09036
95	2	0.826607
95	19	0.908566
95	30	0.863516
95	44	0.843715
95	46	0.842167
95	51	1.21529
95	53	0.840877
95	87	1.34629
95	101	1.41473
95	124	1.1728
95	139	1.31854
95	141	0.94219
95	154	0.881413
95	156	0.858999
95	162	0.858497
95	167	0.807807
95	172	0.749918
95	174	0.740102
95	176	0.815269
95	180	0.803604
96	10	1.16986
96	36	0.819316
96	42	0.796796
96	57	0.850441
96	63	0.778774
96	67	0.908747
96	75	0.809413
96	85	0.836683
96	99	0.826825
96	114	1.81408
96	128	0.854324
96	131	0.836562
96	133	0.828678
96	135	0.826669
96	136	0.876337
96	140	0.857335
96	157	1.60298
96	158	1.64878
96	163	1.55902
96	165	0.862923
96	173	2.04313
97	27	1.61717
97	52	1.61768
97	56	1.40323
97	73	1.84161
97	77	0.914879
97	100	1.65002
97	121	0.766067
97	143	0.841512
97	147	0.850846
97	154	0.837591
97	159	0.796252
97	163	0.848589
97	166	0.791101
97	170	0.750678
97	172	0.706096
97	173	0.766545
97	174	0.69628
97	176	0.771447
97	177	0.77881
97	178	0.755978
97	179	0.721723
98	26	1.72898
98	36	0.859477
98	60	0.896423
98	82	1.48324
98	86	1.04407
98	91	0.866105
98	113	1.02574
98	124	1.07488
98	130	0.87877
98	133	0.868839
98	135	0.866829
98	140	0.897495
98	146	1.15249
98	154	0.878116
98	166	0.831626
98	167	0.80451
98	174	0.736804
98	176	0.811972
98	177	0.819335
98	178	0.796503
98	179	0.762248
99	11	1.19428
99	21	0.96059
99	60	0.860134
99	63	0.782645
99	75	0.813283
99	85	0.840554
99	88	0.838909
99	91	0.829816
99	96	0.826825
99	102	0.816176
99	128	0.858195
99	133	0.832549
99	135	0.83054
99	136	0.880208
99	139	0.833245
99	140	0.861206
99	165	0.866794
99	173	1.70701
99	177	1.70601
99	178	1.83614
99	179	2.16911
100	1	0.942246
100	15	0.894233
100	22	0.897924
100	27	0.893617
100	40	0.864013
100	49	0.842167
100	64	0.973406
100	79	0.906903
100	80	0.909141
100	82	0.837861
100	84	0.825316
100	87	0.882104
100	97	1.65002
100	101	0.841314
100	110	1.45545
100	148	0.890444
100	151	1.41674
100	157	1.42461
100	159	0.833927
100	161	1.4221
100	178	1.9939
100	180	0.797457
101	1	0.885985
101	7	0.901291
101	15	0.837972
101	22	0.841663
101	27	0.837356
101	31	0.80753
101	40	0.807752
101	58	1.13644
101	79	0.850642
101	80	0.85288
101	82	0.7816
101	84	0.769055
101	87	0.825843
101	95	1.41473
101	100	0.841314
101	122	1.72836
101	148	0.834183
101	159	0.777666
101	161	1.52287
101	175	2.02981
101	178	2.09467
101	180	0.741196
102	11	1.47458
102	36	0.808667
102	42	0.786147
102	59	1.60477
102	60	0.845614
102	63	0.768125
102	75	0.798764
102	88	0.824389
102	92	0.832202
102	99	0.816176
102	128	0.843675
102	130	0.827961
102	133	0.818029
102	135	0.81602
102	136	0.865688
102	138	1.54054
102	139	0.818725
102	140	0.846686
102	141	1.43944
102	156	1.78458
102	165	0.852274
102	167	2.10073
103	3	0.890891
103	4	0.79604
103	5	0.780075
103	16	0.773693
103	29	0.842854
103	41	0.816694
103	54	0.808344
103	56	0.861657
103	105	0.865932
103	107	0.846062
103	117	0.805122
103	120	0.840528
103	125	0.825684
103	126	0.823144
103	132	1.36968
103	148	0.844997
103	157	1.42055
103	162	1.67177
103	164	2.22474
103	175	0.757029
103	176	1.83258
103	178	1.98984
104	54	1.48115
104	69	1.23407
104	72	1.07914
104	78	1.02382
104	120	1.01379
104	130	1.06589
104	131	1.05118
104	145	0.875995
104	147	0.949556
104	150	0.844133
104	156	0.913887
104	160	0.945878
104	161	0.945098
104	166	0.889811
104	167	0.862695
104	170	0.849388
104	171	0.829086
104	173	0.865255
104	175	0.863511
104	177	0.87752
104	178	0.854688
104	179	0.820434
105	4	0.85529
105	5	0.839326
105	14	0.900237
105	29	0.902105
105	51	0.86131
105	54	0.867595
105	62	0.916699
105	86	0.904139
105	93	1.34095
105	103	0.865932
105	107	0.905313
105	117	0.864373
105	120	0.899779
105	126	0.882395
105	141	1.22537
105	147	1.37348
105	148	0.904248
105	157	1.33308
105	163	1.28912
105	171	2.17657
105	175	0.81628
105	177	1.77224
106	2	0.873192
106	12	0.833899
106	18	0.950882
106	30	0.910101
106	38	0.916476
106	43	0.977021
106	44	0.8903
106	46	0.888752
106	53	0.887462
106	69	0.916343
106	81	1.17895
106	93	1.19002
106	115	1.64602
106	116	1.50175
106	131	0.926604
106	137	1.01322
106	138	1.17554
106	141	0.988774
106	146	0.932703
106	159	1.36349
106	163	1.13819
106	168	0.870303
106	169	1.74719
107	3	0.930272
107	5	0.819455
107	14	0.880366
107	16	0.813073
107	28	0.804088
107	29	0.882234
107	51	0.841439
107	54	0.847725
107	56	0.901037
107	62	0.896828
107	103	0.846062
107	105	0.905313
107	120	0.879909
107	126	0.862525
107	134	1.13585
107	148	0.884377
107	154	1.5298
107	161	1.27479
107	167	1.83088
107	170	1.96552
107	173	1.71745
107	175	0.79641
107	180	1.76426
108	9	0.785494
108	11	1.28353
108	24	0.860852
108	32	1.09353
108	45	0.807092
108	50	0.897052
108	55	0.860329
108	65	0.844336
108	73	0.814947
108	74	0.825634
108	81	1.3529
108	83	0.87052
108	90	0.857286
108	94	0.84798
108	112	0.824058
108	113	0.819439
108	118	0.847446
108	124	0.877043
108	134	0.884024
108	153	1.41651
108	159	1.53744
108	165	0.87046
108	171	2.19959
108	180	1.84307
109	2	1.096
109	27	1.28749
109	48	0.901819
109	90	1.24964
109	118	0.904131
109	119	1.29333
109	123	1.13554
109	127	1.16858
109	131	1.23325
109	150	0.81001
109	156	0.879763
109	158	0.91492
109	161	0.910974
109	162	0.879262
109	167	0.828572
109	168	0.844483
109	170	0.815265
109	171	0.794962
109	172	0.770683
109	173	0.831132
109	176	0.836034
109	177	0.843397
109	178	0.820565
109	179	0.78631
110	8	1.74608
110	61	1.56543
110	89	1.57703
110	100	1.45545
110	115	0.824437
110	132	0.893371
110	140	1.22873
110	142	1.45442
110	152	0.867717
110	153	0.860014
110	155	0.828134
110	157	0.877927
110	159	0.801493
110	161	0.851629
110	163	0.85383
110	167	0.769227
110	170	0.75592
110	171	0.735617
110	172	0.711338
110	173	0.771786
110	174	0.701521
110	177	0.784052
110	178	0.76122
110	179	0.726965
111	9	0.785343
111	17	0.863258
111	45	0.806942
111	50	0.896902
111	55	0.860179
111	65	0.844186
111	73	0.814797
111	74	0.825483
111	83	0.87037
111	90	0.857136
111	94	0.847829
111	112	0.823908
111	113	0.819288
111	116	1.72761
111	118	0.847296
111	124	0.876892
111	134	0.883874
111	137	1.15796
111	155	1.71979
111	163	1.36405
111	165	0.87031
111	166	1.75914
111	175	1.91243
111	178	1.9773
112	9	0.771524
112	24	0.846882
112	45	0.793122
112	50	0.883083
112	55	0.846359
112	65	0.830367
112	73	0.800978
112	74	0.811664
112	83	0.856551
112	90	0.843316
112	94	0.83401
112	108	0.824058
112	111	0.823908
112	113	0.805469
112	118	0.833476
112	122	1.65975
112	124	0.863073
112	132	1.40591
112	134	0.870055
112	155	1.76856
112	156	1.69421
112	159	1.63812
112	165	0.856491
112	173	1.89693
112	175	1.9612
113	17	0.844819
113	24	0.842262
113	45	0.788503
113	50	0.878463
113	55	0.84174
113	58	0.845364
113	65	0.825747
113	73	0.796358
113	74	0.807045
113	83	0.851931
113	90	0.838697
113	94	0.82939
113	98	1.02574
113	108	0.819439
113	111	0.819288
113	112	0.805469
113	118	0.828857
113	124	0.858454
113	134	0.865435
113	150	2.08666
113	154	1.48681
113	155	1.54609
113	165	0.851871
113	174	2.82945
113	177	1.67347
114	37	0.918633
114	46	1.87525
114	64	1.13586
114	96	1.81408
114	123	1.45091
114	125	1.26901
114	135	1.57904
114	154	0.847066
114	155	0.832368
114	156	0.824652
114	157	0.88216
114	162	0.82415
114	164	0.758517
114	167	0.77346
114	168	0.789372
114	170	0.760153
114	171	0.739851
114	172	0.715571
114	173	0.77602
114	174	0.705755
114	175	0.774276
114	176	0.780922
114	178	0.765453
114	179	0.731199
114	180	0.769257
115	23	1.60829
115	59	0.810529
115	64	1.38863
115	88	1.73878
115	106	1.64602
115	110	0.824437
115	125	1.52178
115	129	1.47497
115	151	0.851881
115	152	0.859445
115	155	0.819863
115	156	0.812147
115	157	0.869656
115	159	0.793222
115	160	0.844138
115	169	0.776137
115	170	0.747648
115	171	0.727346
115	172	0.703066
115	173	0.763515
115	176	0.768418
115	177	0.77578
115	178	0.752948
115	179	0.718694
115	180	0.756752
116	31	1.77878
116	33	0.751771
116	45	1.81162
116	70	1.67367
116	106	1.50175
116	111	1.72761
116	120	1.61973
116	149	0.813453
116	152	0.842054
116	154	0.817171
116	155	0.802472
116	156	0.794756
116	157	0.852265
116	158	0.829912
116	160	0.826747
116	162	0.794254
116	163	0.828168
116	166	0.77068
116	167	0.743564
116	169	0.758746
116	174	0.675859
116	175	0.74438
116	176	0.751027
116	178	0.735557
116	179	0.701303
116	180	0.739361
117	3	0.889332
117	4	0.79448
117	5	0.778515
117	14	0.839426
117	16	0.772133
117	28	0.763148
117	29	0.841294
117	41	0.815135
117	51	0.800499
117	54	0.806784
117	56	0.860097
117	62	0.855888
117	86	0.843329
117	103	0.805122
117	105	0.864373
117	120	0.838968
117	125	0.824124
117	132	1.29527
117	134	1.20469
117	145	1.63684
117	148	0.843437
117	149	1.47518
117	150	2.19848
117	172	2.82616
117	175	0.75547
117	177	1.78529
118	4	1.67417
118	19	1.3825
118	55	0.869747
118	59	0.830878
118	67	1.06079
118	83	0.879939
118	108	0.847446
118	109	0.904131
118	111	0.847296
118	112	0.833476
118	113	0.828857
118	119	1.35364
118	124	0.886461
118	134	0.893443
118	144	1.28811
118	146	1.31709
118	148	1.17833
118	149	0.851193
118	150	0.762743
118	165	0.879879
118	171	0.747695
118	172	0.723416
118	173	0.783865
118	174	0.713599
118	178	0.773298
118	179	0.739043
119	7	0.943779
119	13	0.899778
119	26	0.803086
119	61	0.820375
119	71	0.853315
119	72	0.851088
119	89	0.874333
119	109	1.29333
119	118	1.35364
119	123	0.858911
119	125	0.857358
119	127	0.903038
119	129	0.887616
119	138	1.391
119	139	0.852912
119	141	1.2899
119	142	0.852082
119	144	0.874801
119	145	0.801188
119	146	0.866199
119	150	2.24995
119	158	1.44341
119	159	1.57895
119	164	0.772945
119	169	0.803069
119	175	1.90203
119	177	0.802713
120	3	0.924738
120	4	0.829886
120	5	0.813922
120	14	0.874833
120	16	0.807539
120	25	1.51589
120	28	0.798554
120	29	0.8767
120	41	0.850541
120	51	0.835906
120	54	0.842191
120	62	0.891295
120	103	0.840528
120	104	1.01379
120	105	0.899779
120	107	0.879909
120	116	1.61973
120	117	0.838968
120	121	2.18937
120	125	0.85953
120	126	0.856991
120	134	1.15868
120	138	1.29353
120	148	0.878844
120	173	1.74029
120	175	0.790876
120	176	1.71216
121	1	2.09025
121	34	0.842235
121	35	0.827165
121	59	0.7574
121	60	1.88144
121	62	2.07478
121	66	0.776926
121	88	2.16415
121	97	0.766067
121	120	2.18937
121	122	0.776021
121	150	0.689265
121	152	0.806317
121	153	0.798614
121	155	0.766734
121	156	0.759019
121	157	0.816527
121	166	0.734943
121	167	0.707827
121	170	0.69452
121	172	0.649938
121	173	0.710387
121	174	0.640122
121	178	0.69982
121	179	0.665565
121	180	0.703624
122	29	1.63199
122	43	1.52214
122	64	1.12774
122	101	1.72836
122	112	1.65975
122	121	0.776021
122	126	1.6275
122	132	0.898084
122	143	0.851466
122	149	0.843828
122	153	0.864726
122	154	0.847546
122	156	0.825131
122	161	0.856342
122	162	0.824629
122	163	0.858543
122	165	1.33087
122	166	0.801055
122	170	0.760632
122	171	0.74033
122	172	0.71605
122	173	0.776499
122	174	0.706234
122	175	0.774755
122	177	0.788764
122	178	0.765932
122	179	0.731678
122	180	0.769736
123	13	0.888659
123	26	0.791967
123	39	0.848962
123	52	0.831498
123	61	0.809256
123	70	0.858231
123	71	0.842196
123	72	0.839969
123	78	0.888899
123	89	0.863214
123	109	1.13554
123	114	1.45091
123	119	0.858911
123	127	0.891919
123	129	0.876497
123	142	0.840963
123	144	0.863682
123	145	0.790069
123	146	0.85508
123	149	1.36886
123	154	1.49231
123	159	1.42115
123	160	1.28123
123	164	0.761826
123	169	0.79195
123	170	1.92804
123	174	2.83495
123	177	0.791594
124	9	0.824509
124	17	0.902423
124	24	0.899867
124	45	0.846107
124	50	0.936067
124	55	0.899344
124	65	0.883351
124	73	0.853962
124	74	0.864649
124	83	0.909535
124	90	0.896301
124	94	0.886995
124	95	1.1728
124	98	1.07488
124	108	0.877043
124	111	0.876892
124	112	0.863073
124	113	0.858454
124	118	0.886461
124	132	1.23259
124	134	0.923039
124	143	1.39593
124	145	1.57416
124	151	1.27558
124	156	1.52088
124	164	2.08764
124	165	0.909475
124	169	1.84849
125	3	0.909894
125	14	0.859988
125	16	0.792695
125	28	0.78371
125	41	0.835697
125	72	0.838416
125	78	0.887346
125	103	0.825684
125	114	1.26901
125	115	1.52178
125	117	0.824124
125	119	0.857358
125	120	0.85953
125	126	0.842146
125	127	0.890366
125	129	0.874944
125	139	0.84024
125	142	0.83941
125	144	0.862129
125	156	1.29534
125	158	1.10371
125	169	0.790397
125	171	1.9014
125	174	2.65304
125	175	0.776032
125	177	0.790041
125	178	1.62719
125	180	1.54487
126	3	0.907354
126	4	0.812502
126	5	0.796538
126	14	0.857449
126	16	0.790155
126	28	0.78117
126	29	0.859316
126	41	0.833157
126	51	0.818521
126	54	0.824807
126	56	0.878119
126	62	0.87391
126	86	0.861351
126	103	0.823144
126	105	0.882395
126	107	0.862525
126	120	0.856991
126	122	1.6275
126	125	0.842146
126	137	1.17448
126	148	0.86146
126	150	2.27687
126	151	1.41665
126	152	1.37387
126	157	1.42453
126	175	0.773492
126	178	1.99381
126	180	1.91149
127	17	0.912417
127	25	1.48861
127	26	0.836094
127	39	0.893089
127	58	0.8839
127	61	0.853383
127	70	0.902358
127	71	0.886323
127	72	0.884096
127	77	1.01218
127	78	0.933026
127	89	0.907341
127	109	1.16858
127	119	0.903038
127	123	0.891919
127	125	0.890366
127	129	0.920624
127	142	0.88509
127	144	0.907809
127	146	0.899207
127	157	1.27285
127	162	1.52407
127	164	0.805953
127	166	1.62398
127	169	0.836077
127	170	1.96107
127	176	1.68488
127	177	0.83572
128	6	0.910419
128	20	1.03067
128	42	0.828165
128	57	0.881811
128	63	0.810144
128	67	0.940117
128	75	0.840782
128	85	0.868053
128	88	0.866408
128	91	0.857315
128	92	0.874221
128	96	0.854324
128	99	0.858195
128	102	0.843675
128	130	0.86998
128	132	1.27714
128	133	0.860048
128	135	0.858039
128	136	0.907707
128	138	1.3214
128	139	0.860744
128	140	0.888705
128	149	1.45706
128	151	1.32014
128	160	1.36943
128	165	0.894293
128	167	1.88159
128	170	2.01624
128	171	2.1715
129	13	0.917364
129	26	0.820672
129	39	0.877667
129	52	0.860203
129	61	0.837961
129	70	0.886936
129	71	0.870901
129	72	0.868674
129	77	0.750425
129	78	0.917604
129	89	0.891919
129	115	1.47497
129	119	0.887616
129	123	0.876497
129	125	0.874944
129	127	0.920624
129	142	0.869668
129	144	0.892387
129	146	0.883785
129	153	1.0715
129	154	1.26359
129	155	1.32288
129	164	0.790531
129	167	1.56468
129	169	0.820655
129	170	1.69932
129	174	2.60623
129	177	0.820298
129	179	1.91335
130	6	0.894705
130	35	1.10825
130	36	0.834972
130	42	0.812452
130	57	0.866097
130	60	0.871919
130	63	0.79443
130	67	0.924403
130	75	0.825069
130	85	0.852339
130	88	0.850694
130	91	0.841601
130	92	0.858507
130	98	0.87877
130	102	0.827961
130	104	1.06589
130	128	0.86998
130	133	0.844335
130	135	0.842325
130	136	0.891993
130	139	0.84503
130	140	0.872991
130	145	1.64294
130	147	1.39263
130	159	1.53358
130	165	0.87858
130	173	1.79239
130	175	1.85666
130	176	1.76427
130	180	1.8392
131	12	0.757465
131	20	1.04019
131	23	0.860046
131	38	0.840043
131	43	0.900587
131	48	1.20791
131	59	1.39514
131	60	0.869871
131	63	0.792382
131	64	0.949704
131	66	1.62537
131	67	0.922355
131	69	0.839909
131	82	0.814159
131	91	0.839553
131	92	0.856459
131	96	0.836562
131	104	1.05118
131	106	0.926604
131	109	1.23325
131	133	0.842287
131	135	0.840277
131	136	0.889945
131	140	0.870943
131	146	0.856269
131	155	1.64931
131	165	0.876532
131	168	0.793869
131	169	1.90257
131	177	1.77668
132	17	1.12941
132	45	1.44116
132	74	1.63186
132	79	1.21697
132	103	1.36968
132	110	0.893371
132	112	1.40591
132	117	1.29527
132	122	0.898084
132	124	1.23259
132	128	1.27714
132	143	0.907417
132	147	0.91675
132	153	0.920677
132	158	0.916238
132	160	0.913072
132	161	0.912292
132	163	0.914493
132	166	0.857006
132	170	0.816583
132	171	0.79628
132	172	0.772001
132	173	0.832449
132	174	0.762184
132	175	0.830706
132	176	0.837352
132	177	0.844715
132	178	0.821882
132	179	0.787628
132	180	0.825686
133	6	0.884773
133	32	1.05673
133	36	0.825041
133	42	0.80252
133	48	1.18969
133	57	0.856166
133	63	0.784498
133	67	0.914471
133	75	0.815137
133	85	0.842407
133	88	0.840762
133	91	0.831669
133	92	0.848575
133	96	0.828678
133	98	0.868839
133	99	0.832549
133	102	0.818029
133	128	0.860048
133	130	0.844335
133	131	0.842287
133	135	0.832393
133	136	0.882061
133	140	0.86306
133	145	1.61001
133	147	1.3597
133	152	1.26864
133	158	1.36511
133	165	0.868648
133	167	1.87289
133	169	1.88434
133	172	2.79933
134	9	0.83149
134	28	1.65178
134	45	0.853088
134	46	1.5227
134	63	1.44684
134	73	0.860944
134	78	1.16871
134	88	1.13346
134	107	1.13585
134	108	0.884024
134	111	0.883874
134	112	0.870055
134	113	0.865435
134	117	1.20469
134	118	0.893443
134	120	1.15868
134	124	0.923039
134	139	1.28774
134	149	0.887771
134	152	0.916373
134	156	0.869074
134	157	0.926583
134	165	0.916457
134	167	0.817883
134	170	0.804576
134	172	0.759994
134	176	0.825345
134	178	0.809876
134	179	0.775621
134	180	0.81368
135	6	0.882764
135	20	1.0706
135	36	0.823031
135	37	1.09875
135	42	0.800511
135	57	0.854156
135	60	0.859978
135	63	0.782489
135	67	0.912462
135	76	1.5659
135	85	0.840398
135	88	0.838753
135	91	0.82966
135	92	0.846566
135	96	0.826669
135	98	0.866829
135	99	0.83054
135	102	0.81602
135	114	1.57904
135	128	0.858039
135	130	0.842325
135	131	0.840277
135	133	0.832393
135	136	0.880052
135	140	0.86105
135	141	1.26023
135	149	1.49699
135	153	1.42835
135	165	0.866638
135	170	2.05617
135	179	2.2702
136	6	0.932432
136	36	0.872699
136	42	0.850178
136	57	0.903824
136	63	0.832157
136	75	0.862795
136	77	0.775243
136	85	0.890066
136	88	0.888421
136	91	0.879328
136	92	0.896234
136	96	0.876337
136	99	0.880208
136	102	0.865688
136	128	0.907707
136	130	0.891993
136	131	0.889945
136	133	0.882061
136	135	0.880052
136	139	0.882757
136	140	0.910718
136	143	1.14839
136	153	1.09632
136	164	1.8401
136	165	0.916306
136	166	1.38704
136	168	1.52288
136	169	1.60095
136	174	2.63105
136	175	1.54033
136	176	1.44794
137	8	0.910449
137	12	0.844079
137	14	1.1421
137	17	0.930226
137	18	0.948607
137	23	0.94666
137	38	0.926656
137	43	0.987201
137	54	1.51745
137	69	0.926523
137	70	1.10403
137	73	1.36615
137	82	0.900773
137	89	1.29614
137	106	1.01322
137	111	1.15796
137	126	1.17448
137	138	0.975798
137	144	1.08202
137	146	0.942883
137	161	0.946974
137	167	0.864572
137	168	0.880483
137	170	0.851265
137	173	0.867131
137	174	0.796866
137	175	0.865388
137	178	0.856564
137	179	0.82231
137	180	0.860368
138	24	1.40397
138	87	1.45033
138	92	1.21738
138	102	1.54054
138	106	1.17554
138	119	1.391
138	120	1.29353
