1	82	1.23207
1	99	1.21004
1	100	1.21004
1	106	1.2767
1	120	1.1594
1	131	1.16093
1	141	0.573647
1	144	1.16479
1	164	0.613884
1	170	0.61265
1	171	1.1862
1	180	0.599441
2	86	0.4568
2	95	0.477849
2	113	1.4387
2	114	0.47859
2	127	1.347
2	140	0.487299
2	143	1.36984
2	145	1.35158
2	150	1.36564
2	156	1.35249
2	159	0.507038
2	172	1.37497
3	20	1.22471
3	52	1.35536
3	57	1.34119
3	65	1.30237
3	72	1.39286
3	79	1.48014
3	87	0.471443
3	138	0.486246
3	159	0.499603
3	161	0.476417
3	167	1.5034
3	171	0.468644
4	6	1.24275
4	24	1.35421
4	42	1.28874
4	68	1.37739
4	87	1.36644
4	109	0.476381
4	132	0.452046
4	143	0.489992
4	147	1.41065
4	168	0.492519
4	175	0.494054
4	177	1.55978
5	7	1.41316
5	33	1.32439
5	78	0.48844
5	89	1.35018
5	102	0.499083
5	103	1.33384
5	105	1.33383
5	126	0.486891
5	137	0.465543
5	144	1.36898
5	169	1.47561
5	180	0.465291
6	4	1.24275
6	24	1.15918
6	37	0.649788
6	40	1.27782
6	42	1.09372
6	43	1.0747
6	87	1.17141
6	147	1.21562
6	153	0.569672
6	155	0.607396
6	168	0.577927
6	177	1.36476
7	5	1.41316
7	33	1.32441
7	89	1.3502
7	103	1.33386
7	105	1.33385
7	109	0.477566
7	132	0.453231
7	144	1.369
7	166	0.475224
7	169	1.47563
7	173	0.498246
7	176	0.499523
8	57	1.42355
8	71	0.421252
8	72	1.47522
8	88	0.435862
8	104	1.4239
8	107	0.465328
8	146	1.4537
8	159	0.436693
8	165	1.43795
8	167	1.58576
8	174	0.441037
9	54	0.490821
9	57	0.482737
9	140	0.46997
9	143	1.38079
9	152	1.33849
9	156	1.36344
9	162	1.37647
9	165	1.36432
9	166	1.39085
9	172	1.38592
9	173	0.480752
9	176	0.482029
10	80	0.527331
10	104	0.482239
10	109	0.457522
10	124	0.453
10	136	1.40693
10	143	1.3739
10	156	1.35655
10	164	0.472195
10	174	1.36163
10	176	1.3527
10	178	1.38016
10	179	1.36869
11	83	1.28459
11	97	1.38487
11	116	1.37808
11	129	1.40669
11	131	1.36252
11	140	0.486692
11	147	1.39572
11	155	0.522401
11	158	0.482273
11	169	0.440084
11	171	1.38778
11	180	0.477025
12	77	0.498477
12	82	0.470601
12	116	0.483237
12	141	0.45376
12	153	0.487206
12	163	1.37976
12	172	1.38025
12	173	1.3724
12	174	1.36285
12	176	1.35392
12	178	1.38138
12	179	1.36991
13	117	0.505903
13	127	1.3554
13	136	1.41128
13	137	0.478619
13	138	0.494417
13	139	1.35372
13	145	1.35999
13	150	1.37404
13	156	1.3609
13	167	0.428556
13	173	0.498817
13	175	1.38491
14	36	1.60605
14	43	1.47172
14	68	1.57938
14	87	1.56844
14	94	0.394441
14	122	0.381092
14	130	0.401413
14	147	1.61265
14	154	0.410681
14	155	0.414837
14	174	0.403211
14	177	1.76178
15	100	0.470365
15	112	0.464585
15	131	0.506123
15	147	0.466241
15	158	1.38763
15	165	0.486426
15	170	1.37472
15	173	1.37193
15	174	1.36239
15	176	1.35346
15	178	1.38092
15	179	1.36945
16	28	1.47142
16	46	1.32004
16	52	1.31022
16	65	1.25723
16	72	1.34773
16	79	1.435
16	133	0.458873
16	137	0.470871
16	163	0.489213
16	167	1.45826
16	172	0.491788
16	179	0.494055
17	49	0.479816
17	103	1.33456
17	105	1.33456
17	120	0.508414
17	128	0.492165
17	164	0.487749
17	167	0.423495
17	169	1.47633
17	173	1.36677
17	176	1.34829
17	178	1.37575
17	179	1.36428
18	60	1.29696
18	73	1.37696
18	76	1.32693
18	99	1.39449
18	100	1.39449
18	106	1.46116
18	125	0.456688
18	144	1.34924
18	146	0.477321
18	171	0.470087
18	174	0.505389
18	176	0.493366
19	71	0.467797
19	81	0.523327
19	104	0.478318
19	112	0.452453
19	155	1.35725
19	164	0.468274
19	168	1.36817
19	172	1.38559
19	174	1.36819
19	176	1.35926
19	178	1.38672
19	179	1.37525
20	3	1.22471
20	46	1.17016
20	52	1.16034
20	57	1.14618
20	65	1.10736
20	72	1.19785
20	79	1.28512
20	137	0.614402
20	167	1.30838
20	176	0.635876
20	177	0.539404
20	180	0.61415
21	59	1.18042
21	60	1.12833
21	73	1.20833
21	76	1.1583
21	99	1.22585
21	100	1.22585
21	106	1.29252
21	140	0.600695
21	144	1.18061
21	149	0.6064
21	157	0.599622
21	158	0.596275
22	135	0.526923
22	151	0.530453
22	157	1.31713
22	164	0.547156
22	166	0.53014
22	168	1.29181
22	173	1.30137
22	174	1.29183
22	176	1.2829
22	177	0.457968
22	178	1.31036
22	179	1.29889
22	180	1.30623
23	85	1.35205
23	86	0.492468
23	103	0.538286
23	136	1.32491
23	140	0.522967
23	143	1.29187
23	145	1.27362
23	150	1.28767
23	156	1.27452
23	166	0.510726
23	172	1.297
23	175	1.29853
23	176	0.535026
24	4	1.35421
24	6	1.15918
24	36	1.32048
24	43	1.18616
24	68	1.29382
24	87	1.28287
24	102	0.536571
24	147	1.32708
24	148	0.514816
24	161	0.508999
24	172	0.523948
24	176	0.524506
24	177	1.47622
25	67	0.569443
25	82	1.33636
25	88	0.532253
25	99	1.31433
25	100	1.31433
25	106	1.38099
25	118	0.480852
25	157	0.512273
25	158	0.508926
25	162	1.26455
25	164	1.25836
25	165	1.2524
25	166	1.27893
26	65	0.540149
26	74	0.502967
26	77	0.520225
26	113	1.35982
26	136	1.32399
26	150	1.28675
26	151	1.30021
26	156	1.2736
26	164	1.28044
26	165	1.27448
26	166	1.30101
26	170	0.51451
26	179	0.524738
27	60	0.553635
27	72	0.50321
27	74	0.503556
27	129	0.501795
27	145	0.530852
27	160	1.29199
27	162	1.30273
27	164	1.29655
27	166	1.31712
27	170	1.30711
27	173	1.30433
27	174	1.29478
27	176	1.28585
28	16	1.47142
28	37	0.487003
28	46	1.46201
28	52	1.45219
28	57	1.43803
28	65	1.39921
28	69	0.408942
28	79	1.57697
28	94	0.424216
28	131	0.439396
28	147	0.399513
28	155	0.444611
28	167	1.60023
29	38	0.494553
29	58	0.53074
29	90	0.523466
29	137	0.515746
29	139	1.28293
29	150	1.30325
29	156	1.2901
29	159	0.5449
29	160	1.29238
29	162	1.30312
29	164	1.29694
29	166	1.31751
29	175	1.31411
30	108	0.563069
30	130	0.533719
30	138	1.31803
30	143	0.515147
30	152	0.532436
30	155	1.28386
30	159	1.27701
30	167	0.451955
30	170	1.30713
30	173	1.30434
30	174	1.2948
30	178	1.31333
30	179	1.30186
31	38	1.34051
31	56	1.28116
31	63	1.35782
31	71	1.30253
31	89	1.25627
31	103	1.23993
31	105	1.23992
31	132	0.480285
31	152	0.535521
31	155	0.550227
31	159	0.534257
31	169	1.3817
31	171	0.503298
32	60	1.2199
32	73	1.2999
32	76	1.24987
32	82	1.33947
32	86	0.503822
32	99	1.31743
32	100	1.31743
32	106	1.38409
32	123	0.513169
32	144	1.27218
32	170	0.537863
32	171	0.523101
32	180	0.524653
33	5	1.32439
33	7	1.32441
33	56	1.28631
33	69	0.504276
33	71	1.30768
33	103	1.24509
33	105	1.24508
33	130	0.526522
33	131	0.53473
33	144	1.28023
33	145	0.523531
33	163	0.513163
33	169	1.38686
34	50	0.489615
34	87	1.32709
34	99	0.472933
34	118	0.455196
34	143	1.34174
34	147	1.3713
34	156	1.3244
34	161	1.36675
34	163	0.496617
34	168	0.49393
34	175	1.34841
34	177	1.52044
35	49	0.544538
35	62	0.588076
35	119	0.560852
35	135	0.532238
35	152	0.568699
35	155	1.22713
35	158	1.26331
35	168	1.23805
35	172	1.25547
35	173	1.24761
35	174	1.23807
35	176	1.22914
35	178	1.2566
35	179	1.24513
36	14	1.60605
36	24	1.32048
36	40	1.43911
36	42	1.25501
36	68	1.34365
36	87	1.33271
36	91	0.471952
36	109	0.459913
36	113	0.450693
36	147	1.37692
36	166	0.457571
36	172	0.481312
36	176	0.48187
36	177	1.52605
37	6	0.649788
37	28	0.487003
37	87	0.56311
37	138	1.25646
37	141	0.536071
37	148	1.26332
37	155	1.22229
37	157	1.25853
37	163	1.25014
37	166	0.559291
37	174	1.23323
37	176	1.2243
37	178	1.25176
37	179	1.24029
38	29	0.494553
38	31	1.34051
38	63	1.47301
38	71	1.41771
38	89	1.37146
38	103	1.35512
38	105	1.35511
38	106	0.438491
38	144	1.39026
38	153	0.460807
38	156	0.478341
38	158	0.458403
38	169	1.49689
38	175	0.470597
39	111	0.483605
39	138	0.474365
39	149	1.37483
39	152	1.34703
39	160	1.37427
39	162	1.38501
39	164	1.37883
39	165	1.37286
39	166	1.3994
39	169	0.421375
39	170	0.471526
39	172	0.479485
39	175	0.475758
39	177	1.56803
40	6	1.27782
40	36	1.43911
40	42	1.32381
40	43	1.30479
40	68	1.41245
40	87	1.4015
40	147	1.44571
40	153	0.460652
40	161	0.45922
40	162	0.471603
40	163	0.471594
40	166	0.450427
40	174	0.48675
40	177	1.59485
41	45	1.389
41	79	0.415407
41	83	1.31969
41	97	1.41996
41	116	1.41318
41	120	1.39608
41	127	0.489703
41	129	1.44179
41	131	1.39761
41	159	0.480349
41	162	0.469546
41	171	1.42287
41	173	0.471393
41	179	0.47438
42	4	1.28874
42	6	1.09372
42	36	1.25501
42	40	1.32381
42	43	1.12069
42	68	1.22835
42	78	0.57923
42	87	1.2174
42	91	0.56789
42	132	0.531515
42	137	0.556333
42	147	1.26161
42	175	0.573523
42	177	1.41075
43	6	1.0747
43	14	1.47172
43	24	1.18616
43	40	1.30479
43	42	1.12069
43	46	0.560117
43	68	1.20933
43	87	1.19838
43	96	0.542845
43	128	0.569153
43	147	1.24259
43	157	0.558889
43	175	0.567736
43	177	1.39173
44	45	1.38689
44	54	0.480772
44	70	1.42107
44	80	1.32459
44	88	1.38431
44	101	0.47737
44	120	1.39396
44	129	1.43967
44	147	1.4287
44	152	0.480923
44	169	0.413312
44	171	1.42076
44	174	0.484003
44	176	0.471979
45	41	1.389
45	44	1.38689
45	53	1.31419
45	76	0.527289
45	78	0.500435
45	80	1.23759
45	94	1.33189
45	98	1.34561
45	129	1.35268
45	131	1.3085
45	144	0.492437
45	171	1.33376
45	173	0.497737
45	174	0.511037
45	180	0.477287
46	16	1.32004
46	20	1.17016
46	28	1.46201
46	43	0.560117
46	52	1.30081
46	57	1.28664
46	65	1.24782
46	72	1.33831
46	79	1.42559
46	86	0.463087
46	115	0.479592
46	119	0.506741
46	167	1.44885
46	172	0.505087
46	180	0.483918
47	91	1.355
47	93	0.532675
47	95	0.4875
47	98	0.497156
47	119	1.33712
47	134	1.30079
47	142	0.487672
47	143	1.33921
47	145	1.32096
47	148	0.49932
47	150	1.33501
47	156	1.32187
47	172	1.34434
47	175	1.34587
47	178	0.501185
48	49	1.33583
48	53	1.3308
48	80	1.2542
48	94	1.34851
48	95	0.486032
48	98	1.36223
48	120	1.32358
48	129	1.36929
48	131	1.32511
48	143	0.499195
48	164	0.500257
48	171	1.35038
48	172	0.506984
48	175	0.503257
48	179	0.509251
49	17	0.479816
49	35	0.544538
49	48	1.33583
49	74	1.37123
49	77	1.31728
49	78	0.503754
49	83	1.2499
49	94	1.35121
49	97	1.35017
49	116	1.34339
49	131	1.32782
49	149	0.495978
49	166	0.478032
49	171	1.35308
49	175	0.498047
50	34	0.489615
50	111	0.510977
50	112	0.484311
50	145	0.51465
50	156	0.510874
50	163	1.34222
50	166	0.483115
50	168	1.32529
50	170	1.33764
50	172	1.3427
50	173	1.33485
50	174	1.32531
50	176	1.31638
50	178	1.34384
50	179	1.33237
51	68	0.499468
51	73	0.505642
51	99	0.490929
51	120	0.531126
51	126	0.517618
51	148	1.33875
51	157	1.33396
51	167	0.446207
51	169	1.42777
51	170	1.32099
51	174	1.30866
51	175	1.3276
51	176	1.29973
51	178	1.32719
51	179	1.31572
52	3	1.35536
52	16	1.31022
52	20	1.16034
52	28	1.45219
52	46	1.30081
52	65	1.238
52	72	1.32849
52	79	1.41577
52	115	0.475136
52	154	0.520683
52	167	1.43903
52	172	0.500631
52	174	0.513213
52	178	0.493365
52	179	0.502899
53	45	1.31419
53	48	1.3308
53	73	0.498008
53	88	1.31161
53	94	1.34619
53	116	1.33836
53	120	1.32126
53	123	0.4769
53	129	1.36697
53	131	1.32279
53	136	0.489124
53	159	0.51779
53	160	0.509215
53	171	1.34805
53	172	0.509553
54	9	0.490821
54	44	0.480772
54	85	0.494463
54	151	0.502354
54	154	1.31171
54	160	0.525445
54	163	1.34659
54	166	0.502042
54	168	1.32966
54	170	1.34201
54	173	1.33923
54	174	1.32968
54	176	1.32075
54	179	1.33674
54	180	1.34408
55	84	1.39455
55	113	1.40049
55	127	1.30878
55	134	1.2932
55	138	0.526809
55	139	1.3071
55	143	1.33162
55	145	1.31337
55	156	1.31427
55	157	0.519354
55	159	0.540166
55	169	0.473819
55	172	1.33675
55	177	0.436015
55	180	0.51076
56	31	1.28116
56	33	1.28631
56	71	1.35836
56	89	1.3121
56	103	1.29576
56	105	1.29576
56	123	1.4021
56	135	0.479851
56	144	1.3309
56	148	0.497678
56	152	0.516311
56	169	1.43753
56	172	0.50681
56	175	0.503083
56	178	0.499543
57	3	1.34119
57	8	1.42355
57	9	0.482737
57	20	1.14618
57	28	1.43803
57	46	1.28664
57	61	0.465026
57	65	1.22384
57	72	1.31433
57	79	1.4016
57	156	0.521716
57	157	0.505125
57	167	1.42486
57	168	0.512438
57	172	0.517699
58	29	0.53074
58	73	0.498966
58	113	0.479891
58	129	0.489246
58	140	1.35142
58	151	0.487081
58	157	1.34858
58	162	0.507945
58	168	1.32326
58	170	1.33561
58	172	1.34068
58	173	1.33283
58	174	1.32328
58	176	1.31435
58	179	1.33034
59	21	1.18042
59	60	1.27235
59	73	1.35235
59	76	1.30232
59	82	1.39191
59	99	1.36988
59	100	1.36987
59	106	1.43654
59	121	0.478069
59	125	0.489113
59	144	1.32463
59	147	0.504342
59	157	0.512659
59	158	0.509312
59	161	0.510285
60	18	1.29696
60	21	1.12833
60	27	0.553635
60	32	1.2199
60	59	1.27235
60	76	1.25023
60	77	0.544764
60	82	1.33982
60	90	0.533813
60	99	1.31778
60	100	1.31778
60	106	1.38445
60	118	0.503014
60	144	1.27254
60	176	0.547567
60	180	0.52584
61	57	0.465026
61	62	0.492639
61	91	0.4544
61	109	0.442361
61	133	0.430846
61	145	0.471554
61	158	1.4416
61	159	1.39856
61	163	1.43326
61	168	1.41633
61	170	1.42868
61	171	0.441039
61	174	1.41635
61	176	1.40742
61	178	1.43488
61	179	1.42341
62	35	0.588076
62	61	0.492639
62	99	0.519054
62	124	1.31378
62	127	0.562903
62	132	0.499577
62	141	1.31459
62	143	0.537524
62	149	1.26311
62	153	1.27718
62	160	1.26256
62	162	1.2733
62	164	1.26711
62	165	1.26114
62	166	1.28768
62	180	1.27975
63	31	1.35782
63	38	1.47301
63	71	1.43502
63	89	1.38877
63	103	1.37243
63	105	1.37242
63	123	1.47876
63	144	1.40756
63	145	0.46336
63	155	0.479774
63	158	0.439645
63	168	0.450305
63	169	1.5142
63	174	0.468148
63	175	0.45184
63	176	0.456124
64	79	0.508602
64	115	0.539812
64	128	0.562998
64	140	1.30161
64	156	0.569325
64	159	1.25569
64	163	1.29038
64	166	0.541566
64	168	1.27345
64	170	1.2858
64	173	1.28302
64	174	1.27347
64	176	1.26454
64	177	0.469393
64	178	1.292
64	179	1.28053
65	3	1.30237
65	16	1.25723
65	20	1.10736
65	26	0.540149
65	28	1.39921
65	46	1.24782
65	52	1.238
65	57	1.22384
65	72	1.27551
65	79	1.36278
65	93	0.558337
65	156	0.53813
65	159	0.54235
65	166	0.510371
65	167	1.38604
65	180	0.512944
66	81	0.518165
66	111	0.473958
66	122	1.45615
66	127	0.487429
66	150	0.467982
66	159	1.39586
66	165	0.469132
66	167	0.398858
66	168	1.41362
66	170	1.42597
66	173	1.42319
66	176	1.40471
66	177	0.373924
66	178	1.43217
66	179	1.4207
66	180	1.42804
67	25	0.569443
67	90	0.547833
67	111	1.27955
67	112	1.34729
67	119	1.27289
67	127	1.25214
67	136	1.30802
67	143	1.27498
67	145	1.25673
67	150	1.27079
67	156	1.25764
67	169	0.50292
67	172	1.28011
67	173	0.56031
67	176	0.561587
67	177	0.465115
68	4	1.37739
68	14	1.57938
68	24	1.29382
68	36	1.34365
68	40	1.41245
68	42	1.22835
68	43	1.20933
68	51	0.499468
68	87	1.30604
68	122	0.489177
68	128	0.496404
68	140	0.487213
68	141	0.451752
68	147	1.35025
68	177	1.49939
68	179	0.500982
68	180	0.477545
69	28	0.408942
69	33	0.504276
69	72	0.485124
69	94	0.508784
69	106	0.46914
69	139	0.508873
69	153	1.36639
69	156	0.508989
69	160	1.35176
69	164	1.35631
69	165	1.35035
69	166	1.37688
69	173	1.3641
69	174	1.35455
69	176	1.34562
69	178	1.37308
69	179	1.36161
70	44	1.42107
70	80	1.27177
70	88	1.3315
70	94	1.36608
70	98	1.3798
70	116	1.35825
70	120	1.34115
70	129	1.38686
70	140	0.5014
70	147	1.37589
70	169	0.454791
70	170	0.504942
70	171	1.36794
70	172	0.512901
70	173	0.512182
70	177	0.416987
70	178	0.505635
71	8	0.421252
71	19	0.467797
71	31	1.30253
71	33	1.30768
71	38	1.41771
71	56	1.35836
71	63	1.43502
71	89	1.33347
71	103	1.31713
71	105	1.31712
71	117	0.515597
71	144	1.35227
71	149	0.503434
71	157	0.496656
71	161	0.494282
71	164	0.502504
71	169	1.4589
72	3	1.39286
72	8	1.47522
72	16	1.34773
72	20	1.19785
72	27	0.50321
72	46	1.33831
72	52	1.32849
72	57	1.31433
72	65	1.27551
72	69	0.485124
72	79	1.45327
72	117	0.502951
72	132	0.45085
72	135	0.469626
72	163	0.494011
72	167	1.47653
72	179	0.498853
73	18	1.37696
73	21	1.20833
73	32	1.2999
73	51	0.505642
73	53	0.498008
73	58	0.498966
73	59	1.35235
73	75	0.516784
73	76	1.33023
73	82	1.41982
73	99	1.39778
73	100	1.39778
73	106	1.46445
73	113	0.47427
73	144	1.35254
73	175	0.501162
73	177	0.408975
74	26	0.502967
74	27	0.503556
74	49	1.37123
74	80	1.28961
74	83	1.28259
74	88	1.34934
74	96	0.468312
74	97	1.38287
74	98	1.39763
74	116	1.37608
74	129	1.4047
74	131	1.36052
74	141	0.449968
74	160	0.496593
74	161	0.481982
74	163	0.494356
74	171	1.38578
75	73	0.516784
75	100	0.511562
75	104	0.531647
75	132	1.37292
75	139	0.53223
75	147	0.507438
75	148	1.32607
75	156	0.532346
75	159	1.27819
75	163	1.31289
75	167	0.457349
75	168	1.29596
75	170	1.30831
75	173	1.30553
75	174	1.29598
75	176	1.28705
75	178	1.31451
75	179	1.30304
76	18	1.32693
76	21	1.1583
76	32	1.24987
76	45	0.527289
76	59	1.30232
76	60	1.25023
76	73	1.33023
76	82	1.36979
76	99	1.34775
76	100	1.34775
76	106	1.41442
76	124	0.519345
76	144	1.30251
76	148	0.536135
76	167	0.474286
76	176	0.545824
76	177	0.449352
76	179	0.547534
77	12	0.498477
77	26	0.520225
77	49	1.31728
77	60	0.544764
77	80	1.23565
77	83	1.22864
77	94	1.32995
77	97	1.32891
77	98	1.34368
77	116	1.32213
77	120	1.30503
77	129	1.35074
77	131	1.30656
77	141	0.467226
77	145	0.521982
77	154	0.53424
77	171	1.33182
77	172	0.514188
78	5	0.48844
78	42	0.57923
78	45	0.500435
78	49	0.503754
78	84	0.479147
78	105	0.519679
78	145	0.526206
78	159	1.28676
78	162	1.3125
78	164	1.30631
78	165	1.30034
78	166	1.32688
78	173	1.31409
78	174	1.30455
78	176	1.29562
78	178	1.32308
78	179	1.31161
78	180	1.31895
79	3	1.48014
79	16	1.435
79	20	1.28512
79	28	1.57697
79	41	0.415407
79	46	1.42559
79	52	1.41577
79	57	1.4016
79	64	0.508602
79	65	1.36278
79	72	1.45327
79	125	0.423608
79	136	0.439299
79	146	0.444241
79	167	1.5638
79	174	0.472309
79	179	0.461996
79	180	0.438559
80	10	0.527331
80	44	1.32459
80	45	1.23759
80	48	1.2542
80	70	1.27177
80	74	1.28961
80	77	1.23565
80	98	1.28331
80	114	0.544632
80	116	1.26176
80	120	1.24466
80	122	0.555306
80	130	0.575627
80	131	1.24619
80	134	0.58568
80	142	0.544064
80	147	1.2794
80	171	1.27146
80	177	0.468929
81	19	0.523327
81	66	0.518165
81	95	0.543809
81	121	1.32033
81	123	0.532108
81	128	1.23504
81	130	1.24333
81	145	0.572554
81	146	1.26193
81	149	1.24815
81	152	1.22036
81	160	1.2476
81	162	1.25834
81	164	1.25215
81	165	1.24619
81	166	1.27272
81	167	1.39399
81	168	0.559499
81	178	0.557494
82	1	1.23207
82	12	0.470601
82	25	1.33636
82	32	1.33947
82	59	1.39191
82	60	1.33982
82	73	1.41982
82	76	1.36979
82	99	1.43735
82	100	1.43735
82	106	1.50401
82	122	0.476774
82	123	0.453659
82	143	0.478523
82	144	1.3921
82	150	0.484456
82	154	0.506363
82	161	0.471363
82	180	0.465143
83	11	1.28459
83	41	1.31969
83	49	1.2499
83	74	1.28259
83	77	1.22864
83	97	1.26153
83	98	1.27629
83	120	1.23765
83	129	1.28336
83	131	1.23918
83	134	0.56646
83	138	0.540504
83	146	0.530136
83	147	1.27239
83	168	0.540362
83	171	1.26444
83	172	0.545623
83	173	0.544904
83	178	0.538357
84	55	1.39455
84	78	0.479147
84	85	1.44751
84	107	1.33972
84	108	1.34233
84	130	0.487952
84	134	1.34891
84	136	1.42036
84	139	1.36281
84	143	1.38733
84	152	0.486668
84	156	1.36998
84	158	0.461246
84	170	0.469208
84	172	1.39246
84	173	0.476448
84	174	0.489749
84	175	1.39399
84	180	0.455998
85	23	1.35205
85	54	0.494463
85	84	1.44751
85	97	0.471624
85	111	1.38914
85	119	1.38248
85	133	0.452199
85	134	1.34616
85	136	1.41761
85	139	1.36006
85	142	0.464335
85	145	1.36632
85	150	1.38038
85	156	1.36723
85	160	0.484776
85	170	0.477154
85	175	1.39124
85	179	0.487382
85	180	0.463945
86	2	0.4568
86	23	0.492468
86	32	0.503822
86	46	0.463087
86	102	0.487056
86	142	1.38279
86	149	1.35212
86	153	1.3662
86	157	0.461859
86	160	1.35157
86	162	1.36231
86	164	1.35612
86	165	1.35016
86	166	1.37669
86	171	1.38825
86	172	0.474433
86	177	1.54533
86	178	0.467167
86	180	1.36876
87	3	0.471443
87	4	1.36644
87	6	1.17141
87	14	1.56844
87	24	1.28287
87	34	1.32709
87	36	1.33271
87	37	0.56311
87	40	1.4015
87	42	1.2174
87	43	1.19838
87	68	1.30604
87	101	0.502459
87	147	1.33931
87	148	0.487379
87	165	0.495806
87	173	0.495792
87	175	0.492784
87	177	1.48844
87	179	0.498779
88	8	0.435862
88	25	0.532253
88	44	1.38431
88	53	1.31161
88	70	1.3315
88	74	1.34934
88	97	1.32827
88	98	1.34304
88	99	0.497582
88	116	1.32149
88	120	1.30439
88	127	0.541431
88	129	1.3501
88	131	1.30592
88	147	1.33913
88	167	0.45286
88	168	0.518579
88	171	1.33118
88	175	0.520113
88	180	0.502671
89	5	1.35018
89	7	1.3502
89	31	1.25627
89	38	1.37146
89	56	1.3121
89	63	1.38877
89	71	1.33347
89	103	1.27088
89	105	1.27087
89	123	1.37721
89	130	0.51802
89	144	1.30602
89	146	0.491748
89	151	0.483806
89	168	0.501974
89	169	1.41265
89	170	0.499276
89	174	0.519817
89	175	0.503508
89	180	0.486066
90	29	0.523466
90	60	0.533813
90	67	0.547833
90	92	0.455762
90	95	1.35595
90	107	0.540109
90	151	0.479808
90	159	1.29756
90	160	0.502899
90	163	1.33226
90	168	1.31533
90	169	1.43446
90	170	1.32768
90	173	1.32489
90	174	1.31535
90	175	1.33428
90	176	1.30642
90	177	0.407323
90	178	1.33388
90	179	1.32241
91	36	0.471952
91	42	0.56789
91	47	1.355
91	61	0.4544
91	97	0.493583
91	107	1.29258
91	108	1.29519
91	110	1.35779
91	113	1.40905
91	126	0.507504
91	134	1.30177
91	138	0.501953
91	139	1.31567
91	145	1.32193
91	150	1.33599
91	156	1.32284
91	157	0.494499
91	162	0.504507
91	172	1.34532
91	175	1.34685
92	90	0.455762
92	102	0.481581
92	117	0.475324
92	125	0.432838
92	127	0.486549
92	133	1.44661
92	141	1.43486
92	149	1.38338
92	151	1.40715
92	152	1.35558
92	155	0.493166
92	160	1.38282
92	161	0.45401
92	162	1.39357
92	164	1.38738
92	165	1.38141
92	166	1.40795
92	171	1.4195
92	178	0.461692
92	179	0.471226
92	180	1.40002
93	47	0.532675
93	65	0.558337
93	109	0.519258
93	136	0.520228
93	148	1.31523
93	150	0.538802
93	154	1.26718
93	155	1.27421
93	157	1.31045
93	158	1.31039
93	159	1.26736
93	160	0.540319
93	165	0.539952
93	168	1.28513
93	173	1.29469
93	175	1.30408
93	176	1.27622
93	177	0.444743
93	178	1.30368
93	179	1.29221
93	180	1.29955
94	14	0.394441
94	28	0.424216
94	45	1.33189
94	48	1.34851
94	49	1.35121
94	53	1.34619
94	69	0.508784
94	70	1.36608
94	77	1.32995
94	97	1.36285
94	98	1.37761
94	116	1.35607
94	120	1.33897
94	129	1.38468
94	131	1.3405
94	158	0.504325
94	161	0.505297
94	165	0.51954
94	171	1.36576
94	172	0.520246
94	175	0.516519
94	178	0.512979
95	2	0.477849
95	47	0.4875
95	48	0.486032
95	81	0.543809
95	90	1.35595
95	117	1.34644
95	125	1.43586
95	128	0.493172
95	137	1.36031
95	141	0.448519
95	147	0.474591
95	153	0.481965
95	156	0.499499
95	159	1.32267
95	163	1.35737
95	168	1.34044
95	170	1.35279
95	173	1.35
95	174	1.34046
95	176	1.33153
95	178	1.35899
95	179	1.34752
96	43	0.542845
96	74	0.468312
96	106	0.451982
96	109	1.36903
96	133	1.3869
96	142	1.35433
96	146	1.33744
96	151	1.34744
96	152	1.29587
96	153	1.33774
96	154	0.507867
96	157	0.475241
96	159	0.496052
96	160	1.32311
96	162	1.33385
96	164	1.32766
96	165	1.3217
96	166	1.34824
96	170	0.479856
96	173	0.487096
96	174	0.500396
96	177	1.51687
97	11	1.38487
97	41	1.41996
97	49	1.35017
97	74	1.38287
97	77	1.32891
97	83	1.26153
97	85	0.471624
97	88	1.32827
97	91	0.493583
97	94	1.36285
97	102	0.515567
97	114	0.482733
97	116	1.35502
97	118	0.458949
97	120	1.33792
97	129	1.38363
97	131	1.33946
97	140	0.491443
97	171	1.36472
97	172	0.502944
97	174	0.515525
97	180	0.481775
98	45	1.34561
98	47	0.497156
98	48	1.36223
98	70	1.3798
98	74	1.39763
98	77	1.34368
98	80	1.28331
98	83	1.27629
98	88	1.34304
98	94	1.37761
98	116	1.36979
98	131	1.35422
98	132	0.459403
98	147	1.38743
98	156	0.509155
98	160	0.5048
98	167	0.434158
98	171	1.37948
98	175	0.501411
98	176	0.505696
98	179	0.507406
98	180	0.483969
99	1	1.21004
99	18	1.39449
99	21	1.22585
99	25	1.31433
99	32	1.31743
99	34	0.472933
99	51	0.490929
99	59	1.36988
99	60	1.31778
99	62	0.519054
99	73	1.39778
99	76	1.34775
99	82	1.43735
99	88	0.497582
99	100	1.41531
99	106	1.48198
99	138	0.485056
99	144	1.37006
99	148	0.481044
99	164	0.483449
99	165	0.48947
99	178	0.482909
100	1	1.21004
100	15	0.470365
100	18	1.39449
100	21	1.22585
100	25	1.31433
100	32	1.31743
100	59	1.36987
100	60	1.31778
100	73	1.39778
100	75	0.511562
100	76	1.34775
100	82	1.43735
100	99	1.41531
100	106	1.48197
100	137	0.47875
100	144	1.37006
100	147	0.478776
100	163	0.497092
100	168	0.494406
100	171	0.476946
100	172	0.499667
100	173	0.498948
101	44	0.47737
101	87	0.502459
101	105	0.523647
101	107	0.559254
101	114	1.33379
101	118	1.38673
101	133	0.489467
101	137	1.31823
101	152	0.531883
101	153	0.508865
101	154	1.28041
101	157	1.32368
101	158	1.32363
101	159	1.2806
101	163	1.31529
101	166	0.49864
101	168	1.29836
101	170	1.31071
101	171	0.49966
101	173	1.30793
101	174	1.29838
101	178	1.31691
101	179	1.30544
102	5	0.499083
102	24	0.536571
102	86	0.487056
102	92	0.481581
102	97	0.515567
102	116	0.511571
102	125	1.39349
102	130	0.539841
102	140	1.32623
102	142	0.508278
102	153	0.51554
102	155	1.28714
102	157	1.32339
102	158	1.32333
102	159	1.2803
102	163	1.315
102	170	1.31042
102	173	1.30763
102	174	1.29809
102	175	1.31702
102	176	1.28916
102	178	1.31662
102	180	1.31249
103	5	1.33384
103	7	1.33386
103	17	1.33456
103	23	0.538286
103	31	1.23993
103	33	1.24509
103	38	1.35512
103	56	1.29576
103	63	1.37243
103	71	1.31713
103	89	1.27088
103	105	1.25453
103	123	1.36087
103	142	0.499473
103	144	1.28968
103	158	0.504331
103	161	0.505303
103	169	1.39631
103	171	0.49753
103	173	0.519532
103	176	0.520809
103	179	0.522519
103	180	0.499083
104	8	1.4239
104	10	0.482239
104	19	0.478318
104	75	0.531647
104	117	0.526118
104	124	1.33003
104	128	1.26625
104	131	0.538744
104	135	1.33024
104	138	0.514632
104	142	1.31003
104	149	1.27936
104	151	1.30313
104	152	1.25156
104	158	0.50383
104	160	1.27881
104	162	1.28955
104	164	1.28336
104	165	1.2774
104	166	1.30393
104	168	0.51449
104	173	0.519032
104	177	1.47256
105	5	1.33383
105	7	1.33385
105	17	1.33456
105	31	1.23992
105	33	1.24508
105	38	1.35511
105	56	1.29576
105	63	1.37242
105	71	1.31712
105	78	0.519679
105	89	1.27087
105	101	0.523647
105	103	1.25453
105	123	1.36086
105	136	0.49727
105	144	1.28967
105	156	0.521716
105	157	0.505125
105	164	0.510973
105	169	1.3963
105	171	0.494978
105	174	0.53028
105	180	0.49653
106	1	1.2767
106	18	1.46116
106	21	1.29252
106	25	1.38099
106	32	1.38409
106	38	0.438491
106	59	1.43654
106	60	1.38445
106	69	0.46914
106	73	1.46445
106	76	1.41442
106	82	1.50401
106	96	0.451982
106	99	1.48198
106	100	1.48197
106	115	0.455105
106	123	0.447948
106	129	0.459337
106	144	1.43673
106	150	0.478745
106	158	0.46468
106	164	0.473875
106	180	0.459432
107	8	0.465328
107	84	1.33972
107	90	0.540109
107	91	1.29258
107	101	0.559254
107	108	1.2318
107	112	1.34909
107	119	1.27469
107	127	1.25395
107	133	0.520391
107	134	1.23837
107	136	1.30982
107	139	1.25227
107	145	1.25853
107	150	1.27259
107	156	1.25944
107	159	0.561543
107	161	1.3018
107	163	0.550731
107	168	0.548044
107	169	0.495196
107	172	1.28192
107	174	0.565887
107	175	1.28345
108	30	0.563069
108	84	1.34233
108	91	1.29519
108	107	1.2318
108	113	1.34827
108	116	0.539081
108	119	1.27731
108	127	1.25656
108	132	0.510833
108	134	1.24099
108	139	1.25489
108	141	0.509605
108	143	1.2794
108	145	1.26115
108	150	1.27521
108	154	0.576619
108	156	1.26206
108	161	1.30441
108	167	0.485587
108	168	0.551306
108	169	0.498458
108	172	1.28453
108	174	0.569149
108	175	1.28607
109	4	0.476381
109	7	0.477566
109	10	0.457522
109	36	0.459913
109	61	0.442361
109	93	0.519258
109	96	1.36903
109	111	0.499154
109	135	1.39162
109	142	1.37141
109	147	0.474143
109	149	1.34074
109	151	1.36451
109	153	1.35481
109	156	0.499051
109	160	1.34019
109	162	1.35093
109	163	0.49246
109	164	1.34474
109	165	1.33878
109	166	1.36531
109	171	1.37687
109	177	1.53394
109	180	1.35738
110	91	1.35779
110	111	1.34657
110	126	1.33401
110	128	1.31438
110	131	0.517783
110	138	0.493672
110	145	1.32375
110	148	0.489659
110	150	1.33781
110	152	1.2997
110	155	0.522999
110	156	1.32466
110	160	1.32694
110	162	1.33768
110	163	0.496217
110	164	1.3315
110	165	1.32553
110	168	0.49353
110	170	0.490832
110	172	1.34713
110	173	0.498072
110	174	0.511372
110	175	1.34867
110	179	0.501059
110	180	1.34414
111	39	0.483605
111	50	0.510977
111	66	0.473958
111	67	1.27955
111	85	1.38914
111	109	0.499154
111	110	1.34657
111	112	1.40127
111	114	0.500343
111	119	1.32687
111	134	1.29055
111	136	1.362
111	139	1.30445
111	143	1.32896
111	145	1.31071
111	150	1.32477
111	156	1.31162
111	159	0.528791
111	161	1.35398
111	163	0.517979
111	169	0.462444
111	171	0.497833
111	172	1.33409
111	174	0.533135
111	175	1.33563
112	15	0.464585
112	19	0.452453
112	50	0.484311
112	67	1.34729
112	107	1.34909
112	111	1.40127
112	119	1.3946
112	122	0.48435
112	127	1.37386
112	134	1.35828
112	136	1.42974
112	138	0.488768
112	139	1.37218
112	143	1.3967
112	145	1.37845
112	148	0.484755
112	150	1.3925
112	151	0.470458
112	152	0.503388
112	156	1.37935
112	157	0.481313
112	161	1.42171
112	172	1.40183
112	173	0.493168
112	175	1.40336
112	177	0.397973
113	2	1.4387
113	26	1.35982
113	36	0.450693
113	55	1.40049
113	58	0.479891
113	73	0.47427
113	91	1.40905
113	108	1.34827
113	127	1.37042
113	133	0.4529
113	134	1.35485
113	139	1.36875
113	143	1.39326
113	145	1.37501
113	150	1.38907
113	151	0.462385
113	153	0.472298
113	156	1.37592
113	157	0.47324
113	160	0.485477
113	161	1.41827
113	172	1.39839
113	173	0.485095
113	174	0.498396
113	175	1.39993
113	180	0.464646
114	2	0.47859
114	80	0.544632
114	97	0.482733
114	101	1.33379
114	111	0.500343
114	138	1.35849
114	140	1.3634
114	141	0.44926
114	146	0.480736
114	148	1.36535
114	149	0.490427
114	153	0.482706
114	154	1.31729
114	159	1.31748
114	160	0.495885
114	162	0.493657
114	163	1.35218
114	164	0.489497
114	168	1.33525
114	169	1.45438
114	170	1.3476
114	172	1.35266
114	173	1.34481
114	174	1.33526
114	176	1.32634
114	178	1.3538
114	179	1.34232
115	46	0.479592
115	52	0.475136
115	64	0.539812
115	106	0.455105
115	124	1.38116
115	126	1.33701
115	130	1.32567
115	134	0.511775
115	135	1.38137
115	140	0.479437
115	141	1.38197
115	142	1.36116
115	149	1.33049
115	151	1.35426
115	153	1.34456
115	155	0.515146
115	160	1.32994
115	162	1.34068
115	164	1.33449
115	165	1.32852
115	166	1.35506
115	170	0.482979
115	171	1.36661
115	173	0.490219
115	175	0.487211
115	179	0.493206
115	180	1.34713
116	11	1.37808
116	12	0.483237
116	41	1.41318
116	49	1.34339
116	53	1.33836
116	70	1.35825
116	74	1.37608
116	77	1.32213
116	80	1.26176
116	88	1.32149
116	94	1.35607
116	97	1.35502
116	98	1.36979
116	102	0.511571
116	108	0.539081
116	120	1.33114
116	129	1.37685
116	131	1.33267
116	147	1.36588
116	161	0.483999
116	162	0.496382
116	163	0.496373
116	168	0.493686
116	169	0.440838
116	170	0.490988
116	175	0.495221
116	180	0.477779
117	13	0.505903
117	71	0.515597
117	72	0.502951
117	92	0.475324
117	95	1.34644
117	104	0.526118
117	121	0.475636
117	134	0.543637
117	148	1.33593
117	151	0.499371
117	154	1.28787
117	155	1.2949
117	156	0.526817
117	157	1.33114
117	158	1.33109
117	159	1.28806
117	161	1.34312
117	165	0.522094
117	170	1.31817
117	171	0.500079
117	172	1.32324
117	173	1.31539
117	174	1.30584
117	175	1.32478
117	176	1.29691
117	178	1.32437
117	179	1.3129
117	180	1.32024
118	25	0.480852
118	34	0.455196
118	60	0.503014
118	97	0.458949
118	101	1.38673
118	121	0.425274
118	126	0.472869
118	130	0.483223
118	135	0.445479
118	138	1.41143
118	154	1.37023
118	155	1.37726
118	158	1.41345
118	159	1.37042
118	160	0.4721
118	162	0.469873
118	163	1.40512
118	165	0.471733
118	166	0.448697
118	168	1.38819
118	169	1.50731
118	170	1.40053
118	173	1.39775
118	174	1.3882
118	176	1.37927
118	178	1.40673
118	179	1.39526
118	180	1.4026
119	35	0.560852
119	46	0.506741
119	47	1.33712
119	67	1.27289
119	85	1.38248
119	107	1.27469
119	108	1.27731
119	111	1.32687
119	112	1.3946
119	127	1.29946
119	134	1.28388
119	139	1.29778
119	143	1.3223
119	145	1.30405
119	150	1.3181
119	151	0.494659
119	156	1.30495
119	161	1.34731
119	163	0.515513
119	165	0.517382
119	169	0.459978
119	170	0.510129
119	171	0.495367
119	172	1.32743
119	173	0.517369
119	174	0.530669
119	175	1.32896
119	180	0.496919
120	1	1.1594
120	17	0.508414
120	41	1.39608
120	44	1.39396
120	48	1.32358
120	51	0.531126
120	53	1.32126
120	70	1.34115
120	77	1.30503
120	80	1.24466
120	83	1.23765
120	88	1.30439
120	94	1.33897
120	97	1.33792
120	116	1.33114
120	121	0.483208
120	129	1.35975
120	131	1.31557
120	147	1.34878
120	161	0.515424
120	167	0.459392
120	168	0.525111
120	169	0.472262
120	171	1.34083
120	173	0.529653
120	174	0.542953
120	176	0.53093
120	180	0.509203
121	59	0.478069
121	81	1.32033
121	117	0.475636
121	118	0.425274
121	120	0.483208
121	123	0.436616
121	133	1.43079
121	141	1.41904
121	146	1.38134
121	151	1.39133
121	152	1.33976
121	153	1.38163
121	155	0.493477
121	156	0.473286
121	159	0.477506
121	160	1.367
121	162	1.37774
121	163	0.466695
121	164	1.37156
121	165	1.36559
121	166	1.39213
121	167	1.5134
121	170	0.46131
121	171	1.40368
121	173	0.46855
121	177	1.56076
121	179	0.471537
121	180	1.3842
122	14	0.381092
122	66	1.45615
122	68	0.489177
122	80	0.555306
122	82	0.476774
122	112	0.48435
122	131	0.525889
122	140	1.3705
122	148	1.37245
122	152	0.516398
122	154	1.32439
122	156	0.510914
122	157	1.36766
122	158	1.36761
122	159	1.32458
122	163	1.35927
122	164	0.50017
122	165	0.506191
122	167	0.435916
122	168	1.34234
122	169	1.46147
122	170	1.35469
122	173	1.35191
122	174	1.34236
122	175	1.36129
122	176	1.33343
122	177	0.410982
122	178	1.36089
122	179	1.34942
123	32	0.513169
123	53	0.4769
123	56	1.4021
123	63	1.47876
123	81	0.532108
123	82	0.453659
123	89	1.37721
123	103	1.36087
123	105	1.36086
123	106	0.447948
123	121	0.436616
123	124	0.457859
123	142	0.463002
123	144	1.39601
123	155	1.37259
123	158	1.40878
123	160	0.483443
123	164	0.477054
123	168	1.38351
123	169	1.50264
123	170	1.39586
123	171	0.461059
123	172	1.40093
123	173	1.39308
123	176	1.3746
123	177	0.387867
123	178	1.40206
123	179	1.39059
124	10	0.453
124	62	1.31378
124	76	0.519345
124	104	1.33003
124	115	1.38116
124	123	0.457859
124	138	0.485392
124	141	1.39753
124	142	1.37671
124	146	1.35983
124	148	0.48138
124	149	1.34605
124	151	1.36982
124	152	1.31825
124	153	1.36012
124	160	1.3455
124	163	0.487937
124	164	1.35005
124	165	1.34408
124	166	1.37062
124	167	1.49189
124	168	0.485251
124	171	1.38217
124	172	0.490512
124	175	0.486785
124	176	0.49107
124	178	0.483245
124	179	0.49278
124	180	1.36269
125	18	0.456688
125	59	0.489113
125	79	0.423608
125	92	0.432838
125	95	1.43586
125	102	1.39349
125	132	1.4722
125	136	0.459884
125	139	0.484215
125	140	1.4234
125	148	1.42535
125	149	0.474518
125	152	0.489815
125	154	1.37729
125	157	1.42056
125	158	1.4205
125	163	1.41217
125	164	0.473588
125	165	0.479608
125	166	0.456572
125	167	0.409334
125	168	1.39524
125	170	1.40759
125	171	0.457593
125	173	1.4048
125	174	1.39526
125	175	1.41419
125	176	1.38633
125	178	1.41379
125	179	1.40232
126	5	0.486891
126	51	0.517618
126	91	0.507504
126	110	1.33401
126	115	1.33701
126	118	0.472869
126	128	1.28878
126	130	1.29707
126	132	0.47113
126	135	1.35277
126	142	1.33256
126	146	1.31568
126	151	1.32567
126	152	1.2741
126	153	1.31597
126	155	0.541072
126	160	1.30134
126	161	0.501916
126	162	1.31208
126	164	1.3059
126	165	1.29993
126	166	1.32647
126	167	1.44774
126	169	0.458755
126	170	0.508905
126	171	1.33802
126	176	0.517422
126	177	1.4951
126	178	0.509598
126	179	0.519132
127	2	1.347
127	13	1.3554
127	41	0.489703
127	55	1.30878
127	62	0.562903
127	66	0.487429
127	67	1.25214
127	88	0.541431
127	92	0.486549
127	107	1.25395
127	108	1.25656
127	112	1.37386
127	113	1.37042
127	119	1.29946
127	134	1.26314
127	136	1.33459
127	137	0.513107
127	139	1.27704
127	143	1.30156
127	145	1.2833
127	150	1.29736
127	156	1.28421
127	161	1.32657
127	162	0.531459
127	169	0.475915
127	172	1.30669
127	173	0.533305
127	174	0.546606
127	175	1.30822
127	178	0.526758
127	180	0.512855
128	17	0.492165
128	43	0.569153
128	64	0.562998
128	68	0.496404
128	81	1.23504
128	95	0.493172
128	104	1.26625
128	110	1.31438
128	126	1.28878
128	130	1.27745
128	135	1.33314
128	146	1.29605
128	149	1.28227
128	151	1.30604
128	152	1.25447
128	153	1.29634
128	159	0.522361
128	160	1.28171
128	161	0.499175
128	162	1.29246
128	164	1.28627
128	165	1.2803
128	166	1.30684
128	167	1.42811
128	168	0.508862
128	173	0.513404
128	174	0.526705
128	175	0.510397
128	177	1.47547
128	179	0.516392
128	180	1.29891
129	11	1.40669
129	27	0.501795
129	41	1.44179
129	44	1.43967
129	45	1.35268
129	48	1.36929
129	53	1.36697
129	58	0.489246
129	70	1.38686
129	74	1.4047
129	77	1.35074
129	83	1.28336
129	88	1.3501
129	94	1.38468
129	97	1.38363
129	106	0.459337
129	116	1.37685
129	120	1.35975
129	130	0.505953
129	131	1.36128
129	141	0.448207
129	147	1.39449
129	158	0.479248
129	161	0.480221
129	168	0.489908
129	171	1.38654
129	176	0.495727
129	177	0.399255
129	178	0.487903
129	179	0.497437
129	180	0.474
130	14	0.401413
130	30	0.533719
130	33	0.526522
130	80	0.575627
130	81	1.24333
130	84	0.487952
130	89	0.51802
130	102	0.539841
130	115	1.32567
130	118	0.483223
130	126	1.29707
130	128	1.27745
130	129	0.505953
130	132	0.481483
130	133	1.35379
130	135	1.34144
130	136	0.506788
130	141	1.34204
130	142	1.32122
130	144	0.521198
130	146	1.30434
130	149	1.29056
130	152	1.26276
130	153	1.30463
130	160	1.29001
130	162	1.30075
130	164	1.29456
130	165	1.28859
130	166	1.31513
130	167	1.4364
130	171	1.32668
130	177	1.48376
130	178	0.519951
131	1	1.16093
131	11	1.36252
131	15	0.506123
131	28	0.439396
131	33	0.53473
131	41	1.39761
131	45	1.3085
131	48	1.32511
131	49	1.32782
131	53	1.32279
131	74	1.36052
131	77	1.30656
131	80	1.24619
131	83	1.23918
131	88	1.30592
131	94	1.3405
131	97	1.33946
131	98	1.35422
131	104	0.538744
131	110	0.517783
131	116	1.33267
131	120	1.31557
131	122	0.525889
131	129	1.36128
131	141	0.488463
131	147	1.35031
131	153	0.521909
131	154	0.555478
131	168	0.530164
131	169	0.477316
131	170	0.527466
131	171	1.34237
131	177	0.439512
132	4	0.452046
132	7	0.453231
132	31	0.480285
132	42	0.531515
132	62	0.499577
132	72	0.45085
132	75	1.37292
132	98	0.459403
132	108	0.510833
132	125	1.4722
132	126	0.47113
132	130	0.481483
132	134	0.491536
132	137	1.39665
132	154	1.35883
132	155	1.36586
132	157	1.4021
132	158	1.40204
132	159	1.35901
132	160	0.470361
132	161	1.41408
132	162	0.468133
132	163	1.39371
132	168	1.37678
132	170	1.38913
132	173	1.38634
132	174	1.3768
132	175	1.39573
132	176	1.36787
132	177	0.374785
132	178	1.39533
132	179	1.38386
132	180	1.3912
133	16	0.458873
133	61	0.430846
133	85	0.452199
133	92	1.44661
133	96	1.3869
133	101	0.489467
133	107	0.520391
133	113	0.4529
133	121	1.43079
133	130	1.35379
133	135	1.40949
133	141	1.4101
133	142	1.38928
133	146	1.37239
133	149	1.35862
133	151	1.38239
133	152	1.33082
133	153	1.37269
133	154	0.503571
133	160	1.35806
133	162	1.3688
133	163	0.480945
133	164	1.36261
133	165	1.35665
133	166	1.38318
133	169	0.42541
133	170	0.47556
133	172	0.483519
133	173	0.4828
133	175	0.479792
133	177	1.55182
133	178	0.476253
133	180	1.37525
134	47	1.30079
134	55	1.2932
134	80	0.58568
134	83	0.56646
134	84	1.34891
134	85	1.34616
134	91	1.30177
134	107	1.23837
134	108	1.24099
134	111	1.29055
134	112	1.35828
134	113	1.35485
134	115	0.511775
134	117	0.543637
134	119	1.28388
134	127	1.26314
134	132	0.491536
134	135	0.510312
134	136	1.31902
134	137	0.516354
134	139	1.26146
134	143	1.28598
134	145	1.26773
134	150	1.28178
134	151	0.513842
134	156	1.26863
134	158	0.52135
134	159	0.545508
134	161	1.31099
134	172	1.29111
134	175	1.29264
134	177	0.441357
134	179	0.539539
134	180	0.516102
135	22	0.526923
135	35	0.532238
135	56	0.479851
135	72	0.469626
135	104	1.33024
135	109	1.39162
135	115	1.38137
135	118	0.445479
135	126	1.35277
135	128	1.33314
135	130	1.34144
135	133	1.40949
135	134	0.510312
135	138	0.484355
135	141	1.39774
135	142	1.37692
135	146	1.36004
135	149	1.34626
135	151	1.37003
135	152	1.31846
135	153	1.36033
135	155	0.513682
135	158	0.473553
135	160	1.3457
135	162	1.35645
135	164	1.35026
135	165	1.34429
135	166	1.37083
135	169	0.431365
135	170	0.481515
135	173	0.488755
135	175	0.485748
135	176	0.490032
135	180	1.3629
136	10	1.40693
136	13	1.41128
136	23	1.32491
136	26	1.32399
136	53	0.489124
136	67	1.30802
136	79	0.439299
136	84	1.42036
136	85	1.41761
136	93	0.520228
136	105	0.49727
136	107	1.30982
136	111	1.362
136	112	1.42974
136	125	0.459884
136	127	1.33459
136	130	0.506788
136	134	1.31902
136	139	1.33291
136	143	1.35743
136	145	1.33918
136	150	1.35324
136	152	0.505505
136	155	0.520212
136	156	1.34009
136	161	1.38244
136	165	0.495299
136	169	0.437894
136	171	0.473283
136	172	1.36256
136	175	1.3641
136	176	0.496562
136	178	0.488738
136	180	0.474835
137	5	0.465543
137	13	0.478619
137	16	0.470871
137	20	0.614402
137	29	0.515746
137	42	0.556333
137	95	1.36031
137	100	0.47875
137	101	1.31823
137	127	0.513107
137	132	1.39665
137	134	0.516354
137	138	1.34294
137	142	0.474738
137	143	0.487728
137	145	0.50331
137	154	1.30174
137	155	1.30877
137	157	1.34501
137	158	1.34495
137	159	1.30192
137	161	1.35699
137	163	1.33662
137	165	0.494811
137	167	0.424536
137	168	1.31969
137	170	1.33204
137	172	1.33711
137	173	1.32925
137	174	1.31971
137	175	1.33864
137	176	1.31078
137	178	1.33824
137	179	1.32677
137	180	1.33411
138	3	0.486246
138	13	0.494417
138	30	1.31803
138	37	1.25646
138	39	0.474365
138	55	0.526809
138	83	0.540504
138	91	0.501953
138	99	0.485056
138	104	0.514632
138	110	0.493672
138	112	0.488768
138	114	1.35849
138	118	1.41143
138	124	0.485392
138	135	0.484355
