1	24	0.891309
1	30	0.899796
1	39	0.867016
1	43	0.940405
1	51	0.901989
1	55	0.906203
1	57	0.90961
1	63	0.881856
1	108	1.25939
1	150	1.24392
1	165	1.77887
1	176	2.27335
2	26	1.34837
2	28	0.879578
2	49	0.887309
2	50	0.895837
2	58	0.89672
2	62	0.938491
2	67	0.860713
2	74	0.912501
2	122	1.06878
2	152	0.89085
2	175	2.24656
2	177	1.91125
3	24	0.892528
3	29	0.900879
3	39	0.868235
3	51	0.903208
3	55	0.907422
3	57	0.910829
3	63	0.883075
3	134	0.924998
3	159	1.39861
3	161	1.80697
3	162	1.81394
3	167	1.51184
4	41	0.949378
4	61	0.90021
4	71	0.875194
4	73	0.875212
4	116	0.865938
4	121	1.18543
4	125	0.942293
4	145	1.91564
4	148	1.63713
4	155	1.79646
4	158	0.964912
4	166	0.824225
5	17	1.12345
5	128	0.881908
5	135	0.942946
5	136	0.922235
5	141	0.892041
5	142	0.916483
5	144	0.916481
5	147	0.919549
5	154	1.82599
5	156	1.61862
5	163	2.00328
5	169	0.788192
6	75	0.774912
6	106	0.789695
6	110	0.826708
6	113	0.806606
6	123	0.774549
6	126	0.78981
6	137	0.821856
6	139	0.800921
6	152	0.802524
6	165	1.87207
6	171	1.90438
6	178	2.35861
7	68	0.787915
7	84	0.75979
7	86	0.796782
7	109	0.791007
7	110	0.84384
7	123	0.791682
7	126	0.806943
7	137	0.838988
7	149	2.12398
7	151	1.8661
7	163	0.761221
7	167	2.10041
8	12	0.878855
8	84	0.871954
8	86	0.908946
8	109	0.903172
8	123	0.903846
8	126	0.919107
8	127	1.10763
8	152	0.931821
8	157	1.2669
8	160	2.52692
8	162	1.67071
8	163	0.873385
9	100	0.904253
9	111	0.927489
9	125	1.03512
9	128	0.858298
9	131	0.892389
9	141	0.868431
9	142	0.892873
9	144	0.892871
9	151	1.00196
9	158	0.95111
9	166	2.13069
9	175	2.41686
10	66	0.910235
10	94	1.22628
10	119	1.31826
10	120	1.40833
10	128	0.884848
10	135	0.945886
10	136	0.925175
10	141	0.894981
10	142	0.919423
10	144	0.919421
10	169	0.791132
10	173	2.48711
11	28	0.888315
11	31	0.897796
11	49	0.896047
11	50	0.904574
11	58	0.905457
11	67	0.86945
11	74	0.921239
11	148	1.33537
11	149	1.39695
11	152	0.899588
11	163	1.72569
11	172	2.10272
12	8	0.878855
12	20	0.737511
12	60	1.75431
12	81	0.841105
12	84	0.761859
12	107	2.14814
12	109	0.793077
12	123	0.793751
12	126	0.809012
12	146	2.15046
12	152	0.821726
12	163	0.76329
13	52	0.972398
13	65	0.896775
13	80	0.860494
13	90	0.886938
13	92	0.887231
13	97	0.930756
13	103	0.914014
13	139	0.905836
13	143	1.27824
13	147	0.904594
13	155	1.63428
13	179	2.60436
14	104	1.76646
14	150	0.837757
14	152	2.10998
14	171	0.733326
14	172	0.738525
14	174	0.670835
14	175	0.707172
14	176	0.70922
14	177	0.717614
14	178	0.706768
14	179	0.695691
14	180	0.699104
15	31	0.792908
15	49	0.791159
15	50	0.799686
15	58	0.800569
15	62	0.84234
15	67	0.764562
15	74	0.816351
15	108	1.86469
15	112	0.761977
15	152	0.7947
15	157	1.713
15	173	2.52367
16	68	0.851025
16	86	0.859893
16	106	0.869939
16	109	0.854118
16	110	0.906951
16	113	0.886849
16	123	0.854793
16	126	0.870054
16	132	0.980512
16	153	1.29379
16	160	2.33513
16	163	0.824332
16	175	2.35741
17	5	1.12345
17	67	0.914659
17	74	0.966447
17	84	1.1725
17	97	0.649442
17	112	0.912073
17	113	0.942288
17	152	0.944796
17	171	0.838066
17	176	0.81396
17	178	0.811507
17	179	0.80043
17	180	0.803843
18	32	0.724001
18	65	0.787382
18	76	0.758234
18	80	0.751101
18	90	0.777545
18	92	0.777838
18	97	0.821363
18	103	0.804621
18	139	0.796443
18	147	0.795201
18	156	1.757
18	165	2.35881
18	171	2.39112
19	55	1.08991
19	74	1.33749
19	89	1.50061
19	114	0.849544
19	138	0.879924
19	149	0.868859
19	168	0.773581
19	175	0.742102
19	176	0.744151
19	177	0.752545
19	178	0.741699
19	179	0.730621
19	180	0.734035
20	12	0.737511
20	68	0.758735
20	86	0.767602
20	91	0.824314
20	110	0.814661
20	113	0.794559
20	123	0.762502
20	126	0.777763
20	133	2.1725
20	137	0.809808
20	140	2.39236
20	146	1.91974
20	163	0.732041
21	24	0.855917
21	29	0.864268
21	30	0.864403
21	39	0.831623
21	43	0.905012
21	51	0.866596
21	57	0.874217
21	63	0.846464
21	105	1.31089
21	134	0.888387
21	140	1.84095
21	146	1.36833
21	170	2.39306
22	95	0.859948
22	100	0.90034
22	124	0.887561
22	125	0.868673
22	128	0.854384
22	131	0.888475
22	141	0.864518
22	144	0.888958
22	147	0.892025
22	166	1.96425
22	169	0.760669
22	175	2.25042
22	177	1.9151
23	36	0.87303
23	41	0.929042
23	42	0.846461
23	61	0.879874
23	71	0.854858
23	73	0.854876
23	83	1.02009
23	116	0.845602
23	153	1.53523
23	158	0.944576
23	163	1.77056
23	166	0.803889
23	169	2.62848
24	1	0.891309
24	3	0.892528
24	21	0.855917
24	43	0.887959
24	51	0.849543
24	55	0.853757
24	57	0.857164
24	63	0.829411
24	133	1.57759
24	134	0.871334
24	138	1.66581
24	153	1.75698
24	161	1.93513
25	65	1.20193
25	73	0.797393
25	111	0.527063
25	142	0.925175
25	155	0.941059
25	156	0.934293
25	164	0.845533
25	167	0.924102
25	175	0.833737
25	177	0.844179
25	178	0.833333
25	179	0.822256
25	180	0.825669
26	2	1.34837
26	78	1.66087
26	132	0.905478
26	146	0.890252
26	158	1.29155
26	164	0.761444
26	170	0.782729
26	173	0.769842
26	174	0.71331
26	176	0.751696
26	178	0.749244
26	179	0.738166
26	180	0.74158
27	38	0.831346
27	56	0.886237
27	76	0.841037
27	80	0.833904
27	90	0.860348
27	92	0.860641
27	97	0.904166
27	103	0.887424
27	145	1.41607
27	147	0.878004
27	159	1.06235
27	160	2.33389
27	164	2.15354
28	2	0.879578
28	11	0.888315
28	31	0.861628
28	50	0.868407
28	58	0.869289
28	67	0.833283
28	74	0.885071
28	102	1.55558
28	105	1.41334
28	112	0.830697
28	143	1.55122
28	152	0.86342
28	168	2.39887
29	3	0.900879
29	21	0.864268
29	39	0.822921
29	43	0.89631
29	51	0.857894
29	55	0.862108
29	57	0.865515
29	63	0.837761
29	134	0.879685
29	153	1.34771
29	167	1.23074
29	172	1.96008
29	175	2.41133
30	1	0.899796
30	21	0.864403
30	39	0.823057
30	43	0.896446
30	51	0.85803
30	55	0.862243
30	57	0.86565
30	63	0.837897
30	83	1.31114
30	132	1.51301
30	134	0.87982
30	155	1.83062
30	165	2.27877
31	11	0.897796
31	15	0.792908
31	28	0.861628
31	49	0.86936
31	50	0.877888
31	58	0.87877
31	74	0.894552
31	112	0.840178
31	132	1.19736
31	152	0.872901
31	155	1.51497
31	163	1.74597
31	179	2.48505
32	18	0.724001
32	76	0.760834
32	80	0.753702
32	90	0.780146
32	92	0.780438
32	97	0.823963
32	103	0.807222
32	116	0.753998
32	139	0.799043
32	147	0.797801
32	150	1.63942
32	165	2.17437
32	179	2.6963
33	100	0.867582
33	104	0.86883
33	117	1.61837
33	121	1.57961
33	122	2.07213
33	124	0.854804
33	131	0.855718
33	135	0.882665
33	136	0.861954
33	142	0.856202
33	144	0.8562
33	156	2.03697
33	160	0.747199
33	169	0.727912
34	88	0.910063
34	96	0.817102
34	124	0.855583
34	136	0.862734
34	141	0.83254
34	142	0.856981
34	144	0.85698
34	150	1.31119
34	158	0.915218
34	159	1.16345
34	160	0.747979
34	169	0.728691
34	175	2.45727
34	180	2.44055
35	96	0.927894
35	102	0.876702
35	128	0.933199
35	131	0.967289
35	136	0.973525
35	141	0.943332
35	142	0.967773
35	144	0.967772
35	154	1.2821
35	160	0.858771
35	166	2.00149
35	169	0.839483
35	170	1.81663
35	172	1.83642
36	23	0.87303
36	46	0.812355
36	59	0.871605
36	61	0.843095
36	71	0.818079
36	73	0.818097
36	116	0.808824
36	117	1.24637
36	125	0.885179
36	157	1.59562
36	158	0.907797
36	166	0.76711
36	167	1.69732
36	179	2.78871
37	54	0.854931
37	60	1.20768
37	64	0.828163
37	78	0.851758
37	82	0.848719
37	85	0.888368
37	87	0.887038
37	98	0.838074
37	99	0.785612
37	101	0.785728
37	137	0.869402
37	151	1.68469
37	159	1.80577
37	173	2.62796
38	27	0.831346
38	51	1.53976
38	56	0.830577
38	76	0.785377
38	81	1.53647
38	97	0.848506
38	103	0.831764
38	104	1.15686
38	150	0.82289
38	173	0.712499
38	175	0.692304
38	178	0.691901
38	179	0.680823
38	180	0.684237
39	1	0.867016
39	3	0.868235
39	21	0.831623
39	29	0.822921
39	30	0.823057
39	43	0.863666
39	55	0.829464
39	57	0.83287
39	63	0.805117
39	134	0.84704
39	169	1.91088
39	175	1.88124
39	178	1.75665
39	180	1.86453
40	64	0.899541
40	70	0.875509
40	78	0.923136
40	82	0.920097
40	87	0.958416
40	89	0.890458
40	98	0.909452
40	99	0.85699
40	101	0.857106
40	102	1.0355
40	115	1.55896
40	137	0.94078
40	167	1.26587
40	170	1.97543
40	176	2.32982
41	4	0.949378
41	23	0.929042
41	42	0.865694
41	46	0.868367
41	59	0.927617
41	71	0.874091
41	73	0.874109
41	118	2.06042
41	120	0.848614
41	125	0.941191
41	151	0.984132
41	158	0.963809
41	166	0.823122
41	168	1.83136
41	169	2.42867
42	23	0.846461
42	41	0.865694
42	46	0.785786
42	59	0.845036
42	61	0.816526
42	71	0.79151
42	73	0.791528
42	116	0.782254
42	125	0.858609
42	155	1.79132
42	158	0.881228
42	161	1.96514
42	162	1.97211
42	163	2.02232
42	166	0.740541
43	1	0.940405
43	21	0.905012
43	24	0.887959
43	29	0.89631
43	30	0.896446
43	39	0.863666
43	51	0.898639
43	55	0.902853
43	62	0.808554
43	63	0.878506
43	121	0.924074
43	134	0.92043
43	153	1.53076
43	177	2.25907
43	180	2.57767
44	45	0.866879
44	86	0.887684
44	91	0.944395
44	93	1.36589
44	106	0.89773
44	107	1.06106
44	109	0.881909
44	110	0.934742
44	113	0.91464
44	114	1.8299
44	126	0.897845
44	152	0.910558
44	156	1.3462
44	163	0.852123
44	180	2.54243
45	44	0.866879
45	75	0.8034
45	81	0.850392
45	84	0.771145
45	106	0.818183
45	109	0.802363
45	110	0.855196
45	123	0.803037
45	126	0.818298
45	152	0.831012
45	156	1.38103
45	159	1.30015
45	163	0.772576
45	169	2.62361
45	178	2.46938
46	36	0.812355
46	41	0.868367
46	42	0.785786
46	59	0.847709
46	61	0.819199
46	62	1.71479
46	71	0.794182
46	73	0.794201
46	79	1.75436
46	116	0.784927
46	125	0.861282
46	143	2.08529
46	151	2.08572
46	158	0.883901
46	166	0.743214
47	56	0.897938
47	72	1.47538
47	80	0.845606
47	90	0.87205
47	92	0.872342
47	97	0.915867
47	103	0.899126
47	128	0.852064
47	134	1.16943
47	135	0.913103
47	141	0.862198
47	142	0.886639
47	163	1.7491
47	168	2.00971
47	169	0.758349
47	170	2.10635
48	78	0.705842
48	101	1.28951
48	124	1.00519
48	137	0.718322
48	152	0.511859
48	165	0.90683
48	168	0.89728
48	171	0.891956
48	172	0.897155
48	174	0.829464
48	175	0.865801
48	176	0.86785
48	177	0.876244
48	178	0.865398
48	179	0.85432
48	180	0.857734
49	2	0.887309
49	11	0.896047
49	15	0.791159
49	31	0.86936
49	50	0.876138
49	58	0.877021
49	62	0.918791
49	67	0.841014
49	74	0.892802
49	112	0.838428
49	125	1.15816
49	140	1.51676
49	148	1.3213
49	152	0.871151
49	173	2.06827
49	175	2.5399
50	2	0.895837
50	11	0.904574
50	15	0.799686
50	28	0.868407
50	31	0.877888
50	49	0.876138
50	58	0.885548
50	67	0.849542
50	74	0.90133
50	112	0.846956
50	114	1.78407
50	121	0.843004
50	152	0.879679
50	154	1.50774
50	173	2.04168
50	176	2.39667
51	1	0.901989
51	3	0.903208
51	21	0.866596
51	24	0.849543
51	29	0.857894
51	30	0.85803
51	38	1.53976
51	43	0.898639
51	55	0.864437
51	57	0.867844
51	63	0.84009
51	134	0.882014
51	138	1.24967
51	149	1.24744
51	168	1.83678
51	176	2.28781
52	13	0.972398
52	68	1.13202
52	82	1.03891
52	91	0.923431
52	148	0.98532
52	152	0.643918
52	163	0.925502
52	168	0.882532
52	171	0.877208
52	173	0.871248
52	174	0.814716
52	176	0.853102
52	177	0.861496
52	178	0.85065
52	179	0.839572
52	180	0.842986
53	54	0.896447
53	64	0.869679
53	70	0.845647
53	85	0.929885
53	87	0.928554
53	89	0.860596
53	98	0.87959
53	99	0.827128
53	101	0.827244
53	112	0.858865
53	134	1.11857
53	146	0.899307
53	157	1.24423
53	168	1.95885
53	172	2.07528
53	177	2.19121
54	37	0.854931
54	53	0.896447
54	82	0.8782
54	85	0.917849
54	87	0.916518
54	89	0.848561
54	98	0.867554
54	99	0.815093
54	101	0.815209
54	132	1.53799
54	137	0.898883
54	146	0.887272
54	157	1.63259
54	159	1.62107
54	161	2.02943
54	167	1.73429
55	1	0.906203
55	3	0.907422
55	19	1.08991
55	24	0.853757
55	29	0.862108
55	30	0.862243
55	39	0.829464
55	43	0.902853
55	51	0.864437
55	57	0.872057
55	63	0.844304
55	114	1.62284
55	134	0.886227
55	143	0.936754
55	162	1.47359
55	174	2.98037
56	27	0.886237
56	38	0.830577
56	47	0.897938
56	65	0.869415
56	76	0.840267
56	90	0.859579
56	92	0.859871
56	97	0.903396
56	103	0.886655
56	107	1.18755
56	139	0.878476
56	147	0.877234
56	149	1.52862
56	159	1.39182
56	171	2.10682
56	177	2.35033
57	1	0.90961
57	3	0.910829
57	21	0.874217
57	24	0.857164
57	29	0.865515
57	30	0.86565
57	39	0.83287
57	51	0.867844
57	55	0.872057
57	63	0.847711
57	134	0.889634
57	151	1.15901
57	154	1.56834
57	155	1.51463
57	173	2.10228
57	177	2.2386
58	2	0.89672
58	11	0.905457
58	15	0.800569
58	28	0.869289
58	31	0.87877
58	49	0.877021
58	50	0.885548
58	67	0.850424
58	74	0.902212
58	112	0.847838
58	140	1.72211
58	143	1.32992
58	148	1.52665
58	152	0.880562
58	167	1.56466
58	177	2.40994
59	36	0.871605
59	41	0.927617
59	42	0.845036
59	46	0.847709
59	61	0.878449
59	71	0.853433
59	73	0.853451
59	116	0.844177
59	119	1.3188
59	120	1.40886
59	125	0.920533
59	130	1.56292
59	158	0.943151
59	166	0.802464
59	167	1.77869
59	171	2.38046
60	12	1.75431
60	37	1.20768
60	61	1.13856
60	116	0.69639
60	137	0.679635
60	140	0.925739
60	157	0.963671
60	168	0.859604
60	170	0.861207
60	173	0.848319
60	174	0.791788
60	175	0.828125
60	176	0.830174
60	177	0.838567
60	178	0.827721
60	179	0.816644
60	180	0.820057
61	4	0.90021
61	23	0.879874
61	36	0.843095
61	42	0.816526
61	46	0.819199
61	59	0.878449
61	60	1.13856
61	71	0.824923
61	73	0.824941
61	116	0.815668
61	125	0.892023
61	143	1.61514
61	145	2.09037
61	156	1.81752
61	158	0.914641
61	166	0.773954
61	167	1.84987
62	2	0.938491
62	15	0.84234
62	43	0.808554
62	46	1.71479
62	49	0.918791
62	63	1.10068
62	67	0.892195
62	74	0.943983
62	77	1.03054
62	131	0.944191
62	152	0.922332
62	173	0.809642
62	176	0.791496
62	177	0.79989
62	178	0.789044
62	179	0.777966
62	180	0.78138
63	1	0.881856
63	3	0.883075
63	21	0.846464
63	24	0.829411
63	29	0.837761
63	30	0.837897
63	39	0.805117
63	43	0.878506
63	51	0.84009
63	55	0.844304
63	57	0.847711
63	62	1.10068
63	94	1.15404
63	134	0.861881
63	146	1.39075
63	161	2.00105
63	175	2.88651
64	37	0.828163
64	40	0.899541
64	53	0.869679
64	70	0.806843
64	78	0.854471
64	85	0.891081
64	89	0.821793
64	99	0.788324
64	101	0.788441
64	117	1.38139
64	121	0.924566
64	127	1.57136
64	137	0.872115
64	146	0.860503
64	150	1.86685
64	151	1.59803
64	172	2.56168
65	13	0.896775
65	18	0.787382
65	25	1.20193
65	56	0.869415
65	76	0.824215
65	80	0.817083
65	90	0.843527
65	92	0.843819
65	97	0.887344
65	103	0.870603
65	116	0.817379
65	122	1.767
65	129	2.10177
65	139	0.862424
65	147	0.861182
65	157	1.66248
65	167	1.76419
66	10	0.910235
66	96	0.813802
66	104	0.86631
66	111	0.888297
66	124	0.852283
66	125	1.69111
66	131	0.853197
66	135	0.880145
66	136	0.859433
66	141	0.829239
66	142	0.853681
66	144	0.853679
66	146	1.57709
66	148	1.85425
66	149	1.91583
66	150	1.92677
66	169	0.725391
67	2	0.860713
67	11	0.86945
67	15	0.764562
67	17	0.914659
67	28	0.833283
67	49	0.841014
67	50	0.849542
67	58	0.850424
67	62	0.892195
67	69	1.76087
67	74	0.866206
67	112	0.811832
67	127	1.55131
67	138	1.8381
67	152	0.844555
67	159	1.69906
67	161	2.10742
68	7	0.787915
68	16	0.851025
68	20	0.758735
68	52	1.13202
68	91	0.876787
68	106	0.830121
68	109	0.8143
68	110	0.867133
68	113	0.847032
68	123	0.814975
68	125	1.47144
68	126	0.830236
68	137	0.862281
68	139	0.841347
68	149	1.69616
68	163	0.784514
68	171	2.27436
68	173	2.38155
69	67	1.76087
69	98	1.25508
69	124	1.6264
69	139	1.27493
69	146	0.880573
69	156	0.840525
69	162	0.823701
69	165	0.780997
69	168	0.771448
69	170	0.773051
69	172	0.771322
69	173	0.760163
69	174	0.703632
69	175	0.739969
69	177	0.750411
69	178	0.739565
69	179	0.728488
69	180	0.731901
70	40	0.875509
70	53	0.845647
70	64	0.806843
70	72	1.61938
70	85	0.867049
70	87	0.865718
70	89	0.797761
70	98	0.816754
70	99	0.764292
70	101	0.764408
70	112	0.796029
70	118	2.38277
70	121	0.900534
70	137	0.848083
70	140	1.69824
70	146	0.836471
70	156	1.50844
70	165	2.11025
71	4	0.875194
71	23	0.854858
71	36	0.818079
71	41	0.874091
71	42	0.79151
71	46	0.794182
71	59	0.853433
71	61	0.824923
71	73	0.799925
71	116	0.790651
71	125	0.867006
71	155	1.68002
71	156	1.52635
71	158	0.889625
71	159	1.44548
71	165	2.12816
71	166	0.748938
71	178	2.6147
72	47	1.47538
72	70	1.61938
72	76	1.88424
72	139	1.40495
72	145	0.845904
72	156	0.84515
72	161	0.823235
72	166	0.789117
72	169	0.743276
72	170	0.777675
72	171	0.770748
72	172	0.775947
72	174	0.708256
72	175	0.744593
72	176	0.746642
72	177	0.755036
72	179	0.733112
72	180	0.736526
73	4	0.875212
73	23	0.854876
73	25	0.797393
73	36	0.818097
73	41	0.874109
73	42	0.791528
73	46	0.794201
73	59	0.853451
73	61	0.824941
73	71	0.799925
73	116	0.79067
73	122	1.36246
73	125	0.867025
73	158	0.889643
73	159	1.24643
73	164	2.33762
73	166	0.748956
73	174	3.16854
74	2	0.912501
74	11	0.921239
74	15	0.816351
74	17	0.966447
74	19	1.33749
74	28	0.885071
74	31	0.894552
74	49	0.892802
74	50	0.90133
74	58	0.902212
74	62	0.943983
74	67	0.866206
74	102	1.1887
74	115	1.71215
74	133	1.35665
74	143	1.18433
74	152	0.896343
74	180	2.58294
75	6	0.774912
75	45	0.8034
75	81	0.866459
75	84	0.787213
75	91	0.880917
75	102	1.21361
75	106	0.834251
75	109	0.818431
75	110	0.871264
75	113	0.851162
75	123	0.819105
75	126	0.834366
75	138	1.46979
75	152	0.84708
75	161	1.73911
75	163	0.788644
75	166	2.3384
75	169	2.65421
76	18	0.758234
76	27	0.841037
76	32	0.760834
76	38	0.785377
76	56	0.840267
76	65	0.824215
76	72	1.88424
76	80	0.787935
76	83	1.40749
76	90	0.814379
76	92	0.814671
76	97	0.858196
76	103	0.841455
76	105	1.43304
76	116	0.788231
76	130	1.58988
76	139	0.833276
76	147	0.832034
76	169	3.01588
77	62	1.03054
77	88	0.872568
77	100	0.830867
77	104	0.832115
77	111	0.854103
77	122	1.63859
77	128	0.784912
77	130	1.42001
77	131	0.819003
77	135	0.84595
77	136	0.825239
77	141	0.795045
77	142	0.819487
77	144	0.819485
77	153	1.75275
77	158	0.877724
77	160	0.710484
77	169	0.691197
77	174	3.44466
78	26	1.66087
78	37	0.851758
78	40	0.923136
78	48	0.705842
78	64	0.854471
78	82	0.875027
78	85	0.914676
78	87	0.913345
78	89	0.845388
78	98	0.864381
78	99	0.811919
78	101	0.812036
78	121	0.948162
78	137	0.89571
78	146	0.884098
78	148	1.34046
78	157	1.27677
78	165	1.94793
78	178	2.43447
79	46	1.75436
79	87	0.823022
79	103	0.619576
79	126	0.988586
79	139	0.760682
79	158	0.443479
79	159	1.00163
79	167	0.946328
79	168	0.887442
79	169	0.854646
79	170	0.889045
79	173	0.876158
79	174	0.819626
79	175	0.855963
79	176	0.858012
79	177	0.866406
79	178	0.85556
79	179	0.844482
79	180	0.847895
80	13	0.860494
80	18	0.751101
80	27	0.833904
80	32	0.753702
80	47	0.845606
80	65	0.817083
80	76	0.787935
80	90	0.807246
80	92	0.807539
80	97	0.851064
80	103	0.834323
80	115	1.96828
80	116	0.781099
80	132	1.47889
80	139	0.826144
80	146	1.36002
80	147	0.824902
80	164	2.65316
80	171	2.27696
81	12	0.841105
81	38	1.53647
81	45	0.850392
81	75	0.866459
81	84	0.834205
81	91	0.927908
81	109	0.865422
81	110	0.918255
81	113	0.898153
81	114	1.67193
81	115	1.51366
81	123	0.866097
81	126	0.881358
81	139	0.892468
81	146	0.905409
81	152	0.894072
81	163	0.835636
81	168	1.8335
81	176	2.28452
82	37	0.848719
82	40	0.920097
82	52	1.03891
82	54	0.8782
82	78	0.875027
82	85	0.911637
82	87	0.910307
82	89	0.842349
82	98	0.861343
82	99	0.808881
82	101	0.808997
82	107	1.26199
82	117	1.12853
82	119	1.11959
82	121	0.945123
82	137	0.892671
82	146	0.88106
82	154	1.75451
82	174	3.38837
83	23	1.02009
83	30	1.31114
83	76	1.40749
83	100	1.05216
83	142	1.08927
83	143	0.972015
83	152	0.786325
83	154	0.926764
83	157	0.947259
83	162	0.895446
83	165	0.852742
83	167	0.902078
83	171	0.837868
83	172	0.843067
83	174	0.775376
83	175	0.811713
83	177	0.822156
83	178	0.81131
83	179	0.800232
83	180	0.803646
84	7	0.75979
84	8	0.871954
84	12	0.761859
84	17	1.1725
84	45	0.771145
84	75	0.787213
84	81	0.834205
84	86	0.791951
84	106	0.801996
84	107	1.38253
84	109	0.786176
84	114	2.15137
84	123	0.78685
84	126	0.802111
84	134	1.47265
84	137	0.834157
84	139	0.813222
84	152	0.814825
84	163	0.756389
84	174	3.50891
85	37	0.888368
85	53	0.929885
85	54	0.917849
85	64	0.891081
85	70	0.867049
85	78	0.914676
85	82	0.911637
85	89	0.881998
85	93	1.27589
85	98	0.900992
85	99	0.84853
85	101	0.848646
85	112	0.880266
85	114	1.7399
85	121	0.984772
85	130	1.07278
85	146	0.920709
85	149	1.31212
85	157	1.18685
85	175	2.46915
85	179	2.37994
86	7	0.796782
86	8	0.908946
86	16	0.859893
86	20	0.767602
86	44	0.887684
86	84	0.791951
86	91	0.885654
86	106	0.838988
86	108	1.39279
86	109	0.823168
86	113	0.855899
86	123	0.823843
86	126	0.839103
86	130	1.12704
86	138	1.36862
86	139	0.850214
86	152	0.851817
86	163	0.793381
86	166	2.23723
86	176	2.40675
86	180	2.50669
87	37	0.887038
87	40	0.958416
87	53	0.928554
87	54	0.916518
87	70	0.865718
87	78	0.913345
87	79	0.823022
87	82	0.910307
87	89	0.880667
87	98	0.899661
87	99	0.847199
87	101	0.847315
87	112	0.878936
87	133	1.32628
87	137	0.93099
87	145	1.62919
87	146	0.919378
87	162	1.69079
87	163	1.741
87	167	1.38869
87	178	2.44469
88	34	0.910063
88	77	0.872568
88	108	1.64084
88	122	1.59366
88	124	0.914552
88	128	0.881375
88	130	1.37508
88	131	0.915466
88	133	1.52844
88	134	1.36349
88	135	0.942414
88	136	0.921702
88	141	0.891509
88	142	0.91595
88	144	0.915949
88	147	0.919016
88	158	0.974187
88	160	0.806948
88	167	1.59085
88	169	0.78766
88	170	2.30041
89	19	1.50061
89	40	0.890458
89	53	0.860596
89	54	0.848561
89	64	0.821793
89	70	0.797761
89	78	0.845388
89	82	0.842349
89	85	0.881998
89	87	0.880667
89	98	0.831703
89	99	0.779241
89	101	0.779358
89	112	0.810978
89	118	2.42417
89	133	1.51977
89	137	0.863032
89	146	0.851421
89	153	1.69916
89	156	1.54984
89	162	1.88429
90	13	0.886938
90	18	0.777545
90	27	0.860348
90	32	0.780146
90	47	0.87205
90	56	0.859579
90	65	0.843527
90	76	0.814379
90	80	0.807246
90	92	0.833983
90	97	0.877508
90	103	0.860766
90	107	1.36634
90	116	0.807543
90	120	1.31401
90	130	1.46806
90	139	0.852588
90	147	0.851346
90	150	1.71834
90	171	2.2856
90	179	2.77522
91	20	0.824314
91	44	0.944395
91	52	0.923431
91	68	0.876787
91	75	0.880917
91	81	0.927908
91	86	0.885654
91	106	0.8957
91	109	0.87988
91	110	0.932713
91	113	0.912611
91	120	1.09418
91	123	0.880554
91	126	0.895815
91	134	1.23664
91	137	0.92786
91	139	0.906926
91	150	1.49851
91	153	1.58098
91	164	2.44197
91	170	2.17356
92	13	0.887231
92	18	0.777838
92	27	0.860641
92	32	0.780438
92	47	0.872342
92	56	0.859871
92	65	0.843819
92	76	0.814671
92	80	0.807539
92	90	0.833983
92	97	0.8778
92	103	0.861059
92	116	0.807835
92	139	0.85288
92	140	1.30707
92	147	0.851638
92	161	1.44475
92	163	1.50193
92	169	2.35985
92	178	2.20562
92	179	2.24101
93	44	1.36589
93	85	1.27589
93	123	1.6053
93	126	1.54159
93	139	1.31369
93	151	0.914024
93	153	0.869434
93	161	0.8336
93	162	0.838691
93	164	0.766755
93	168	0.786437
93	170	0.78804
93	172	0.786312
93	173	0.775153
93	174	0.718621
93	175	0.754958
93	176	0.757007
93	177	0.765401
93	178	0.754555
93	179	0.743477
93	180	0.74689
94	10	1.22628
94	63	1.15404
94	98	0.754625
94	103	0.633372
94	131	0.997551
94	141	0.8803
94	142	0.93556
94	154	0.971798
94	162	0.940479
94	164	0.868544
94	167	0.947112
94	168	0.888226
94	169	0.85543
94	170	0.889829
94	171	0.882902
94	174	0.82041
94	175	0.856747
94	176	0.858796
94	177	0.867189
94	178	0.856343
94	179	0.845266
94	180	0.848679
95	22	0.859948
95	96	0.793979
95	100	0.845239
95	102	1.81123
95	104	0.846487
95	105	1.66899
95	111	0.868474
95	124	0.83246
95	127	1.78062
95	128	0.799283
95	129	2.37918
95	131	0.833374
95	135	0.860322
95	136	0.83961
95	141	0.809416
95	142	0.833858
95	144	0.833856
95	151	1.80729
95	157	1.93989
95	158	0.892095
95	160	0.724855
95	169	0.705568
96	34	0.817102
96	35	0.927894
96	66	0.813802
96	95	0.793979
96	100	0.83437
96	111	0.857606
96	117	1.08303
96	124	0.821591
96	127	1.273
96	128	0.788415
96	131	0.822505
96	135	0.849453
96	136	0.828742
96	141	0.798548
96	142	0.822989
96	144	0.822988
96	155	1.6553
96	158	0.881226
96	159	1.42075
96	169	0.694699
96	174	3.34287
96	179	2.62537
97	13	0.930756
97	17	0.649442
97	18	0.821363
97	27	0.904166
97	32	0.823963
97	38	0.848506
97	47	0.915867
97	56	0.903396
97	65	0.887344
97	76	0.858196
97	80	0.851064
97	90	0.877508
97	92	0.8778
97	103	0.904584
97	115	1.47004
97	138	1.20277
97	139	0.896405
97	147	0.895163
97	166	2.07138
97	168	1.78988
97	176	2.2409
97	177	2.02224
98	37	0.838074
98	40	0.909452
98	53	0.87959
98	54	0.867554
98	69	1.25508
98	70	0.816754
98	78	0.864381
98	82	0.861343
98	85	0.900992
98	87	0.899661
98	89	0.831703
98	94	0.754625
98	99	0.798235
98	101	0.798351
98	112	0.829972
98	121	0.934477
98	137	0.882026
98	146	0.870414
98	148	1.26849
98	160	2.46481
98	161	1.60163
98	171	1.90827
98	177	2.15178
99	37	0.785612
99	40	0.85699
99	53	0.827128
99	54	0.815093
99	64	0.788324
99	70	0.764292
99	78	0.811919
99	82	0.808881
99	85	0.84853
99	87	0.847199
99	89	0.779241
99	98	0.798235
99	101	0.745889
99	107	1.1924
99	112	0.77751
99	121	0.882015
99	137	0.829564
99	145	1.75039
99	146	0.817952
99	154	1.68491
99	172	2.23923
99	177	2.35517
99	179	2.60128
100	9	0.904253
100	22	0.90034
100	33	0.867582
100	77	0.830867
100	83	1.05216
100	95	0.845239
100	96	0.83437
100	105	1.07771
100	111	0.908866
100	117	0.999372
100	124	0.872851
100	128	0.839675
100	131	0.873766
100	136	0.880002
100	141	0.849808
100	142	0.87425
100	144	0.874248
100	147	0.877316
100	166	2.34475
100	167	1.45032
100	169	0.745959
100	177	2.2956
100	180	2.6142
101	37	0.785728
101	40	0.857106
101	48	1.28951
101	53	0.827244
101	54	0.815209
101	64	0.788441
101	70	0.764408
101	78	0.812036
101	82	0.808997
101	85	0.848646
101	87	0.847315
101	89	0.779358
101	98	0.798351
101	99	0.745889
101	112	0.777626
101	121	0.882132
101	129	2.29972
101	137	0.82968
101	143	1.72741
101	146	0.818068
101	150	1.99665
101	153	2.07911
101	156	1.92979
102	28	1.55558
102	35	0.876702
102	40	1.0355
102	74	1.1887
102	75	1.21361
102	95	1.81123
102	118	0.893009
102	138	0.959846
102	144	1.07178
102	148	0.956292
102	156	0.922582
102	163	0.896474
102	165	0.863054
102	168	0.853504
102	169	0.820708
102	171	0.84818
102	172	0.853379
102	175	0.822025
102	176	0.824074
102	177	0.832468
102	178	0.821622
102	179	0.810544
102	180	0.813958
103	13	0.914014
103	18	0.804621
103	27	0.887424
103	32	0.807222
103	38	0.831764
103	47	0.899126
103	56	0.886655
103	65	0.870603
103	76	0.841455
103	79	0.619576
103	80	0.834323
103	90	0.860766
103	92	0.861059
103	94	0.633372
103	97	0.904584
103	116	0.834619
103	139	0.879664
103	147	0.878422
103	150	1.21976
103	160	2.34356
103	170	1.89481
103	175	2.36584
103	180	2.34912
104	14	1.76646
104	33	0.86883
104	38	1.15686
104	66	0.86631
104	77	0.832115
104	95	0.846487
104	107	0.923801
104	118	1.68295
104	128	0.840923
104	131	0.875013
104	135	0.901961
104	136	0.88125
104	141	0.851056
104	142	0.875498
104	144	0.875496
104	145	1.08146
104	147	0.878564
104	158	0.933734
104	160	0.766495
104	164	1.81893
104	169	0.747207
104	176	1.90491
104	180	2.00484
105	21	1.31089
105	28	1.41334
105	76	1.43304
105	95	1.66899
105	100	1.07771
105	130	0.958486
105	136	0.861635
105	144	0.929537
105	149	0.924004
105	155	0.90457
105	156	0.897803
105	162	0.88098
105	163	0.871696
105	167	0.887612
105	170	0.830329
105	171	0.823402
105	172	0.828601
105	173	0.817442
105	175	0.797247
105	176	0.799296
105	177	0.80769
105	178	0.796843
105	179	0.785766
105	180	0.789179
106	6	0.789695
106	16	0.869939
106	44	0.89773
106	45	0.818183
106	68	0.830121
106	75	0.834251
106	84	0.801996
106	86	0.838988
106	91	0.8957
106	108	1.93375
106	109	0.833214
106	110	0.886047
106	113	0.865945
106	119	1.42387
106	120	1.51394
106	121	1.39405
106	123	0.833888
106	126	0.849149
106	139	0.86026
106	152	0.861863
106	159	1.77053
106	163	0.803427
106	167	1.88376
106	172	2.6131
107	12	2.14814
107	44	1.06106
107	56	1.18755
107	82	1.26199
107	84	1.38253
107	90	1.36634
107	99	1.1924
107	104	0.923801
107	115	0.907139
107	124	0.909775
107	135	0.937636
107	136	0.916925
107	141	0.886731
107	142	0.911173
107	144	0.911171
107	160	0.80217
107	172	0.815553
107	173	0.804394
107	174	0.747863
107	176	0.786248
107	177	0.794642
107	178	0.783796
107	179	0.772719
107	180	0.776132
108	1	1.25939
108	15	1.86469
108	86	1.39279
108	88	1.64084
108	106	1.93375
108	127	0.912851
108	143	0.900868
108	150	0.871152
108	151	0.899632
108	153	0.855042
108	157	0.876112
108	158	1.05913
108	159	0.886236
108	164	0.752363
108	168	0.772045
108	171	0.766721
108	172	0.77192
108	174	0.704229
108	175	0.740566
108	176	0.742615
108	177	0.751009
108	178	0.740163
108	179	0.729085
108	180	0.732499
109	7	0.791007
109	8	0.903172
109	12	0.793077
109	16	0.854118
109	44	0.881909
109	45	0.802363
109	68	0.8143
109	75	0.818431
109	81	0.865422
109	84	0.786176
109	86	0.823168
109	91	0.87988
109	106	0.833214
109	113	0.850125
109	117	1.12402
109	123	0.818068
109	126	0.833329
109	139	0.844439
109	143	1.34024
109	156	1.54262
109	161	1.87011
109	163	0.787607
109	164	2.55294
109	172	2.30432
109	173	2.28393
110	6	0.826708
110	7	0.84384
110	16	0.906951
110	20	0.814661
110	44	0.934742
110	45	0.855196
110	68	0.867133
110	75	0.871264
110	81	0.918255
110	91	0.932713
110	106	0.886047
110	113	0.902958
110	123	0.870901
110	126	0.886162
110	129	1.25968
110	137	0.918207
110	151	0.687782
110	152	0.898876
110	160	2.0804
110	163	0.84044
110	169	2.13232
110	172	1.65143
110	173	1.63105
110	175	2.10268
110	176	1.98604
111	9	0.927489
111	25	0.527063
111	66	0.888297
111	77	0.854103
111	95	0.868474
111	96	0.857606
111	100	0.908866
111	124	0.896087
111	128	0.86291
111	131	0.897001
111	135	0.923949
111	136	0.903237
111	141	0.873043
111	142	0.897485
111	144	0.897483
111	154	1.26435
111	158	0.955722
111	160	0.788482
111	163	1.44163
111	169	0.769195
111	170	1.79888
111	172	1.81867
111	173	1.79828
111	179	2.18071
111	180	2.2532
112	15	0.761977
112	17	0.912073
112	28	0.830697
112	31	0.840178
112	49	0.838428
112	50	0.846956
112	53	0.858865
112	58	0.847838
112	67	0.811832
112	70	0.796029
112	85	0.880266
112	87	0.878936
112	89	0.810978
112	98	0.829972
112	99	0.77751
112	101	0.777626
112	115	2.17691
112	119	1.42393
112	125	1.68267
112	132	1.68752
112	134	1.65646
112	138	1.90963
112	146	0.849689
112	152	0.841969
112	165	2.45328
113	6	0.806606
113	16	0.886849
113	17	0.942288
113	20	0.794559
113	44	0.91464
113	68	0.847032
113	75	0.851162
113	81	0.898153
113	86	0.855899
113	91	0.912611
113	106	0.865945
113	109	0.850125
113	110	0.902958
113	123	0.850799
113	125	1.26865
113	126	0.86606
113	127	1.20882
113	137	0.898105
113	139	0.877171
113	145	1.7103
113	152	0.878774
113	162	1.77191
113	163	0.820338
113	168	2.08272
113	170	2.17936
113	177	2.31508
114	19	0.849544
114	44	1.8299
114	50	1.78407
114	55	1.62284
114	81	1.67193
114	84	2.15137
114	85	1.7399
114	115	0.839303
114	117	0.948526
114	118	0.787348
114	129	0.793574
114	133	0.852897
114	154	0.831415
114	157	0.85191
114	164	0.728161
114	165	0.757393
114	168	0.747843
114	170	0.749446
114	172	0.747718
114	173	0.736559
114	174	0.680027
114	175	0.716364
114	176	0.718413
114	177	0.726807
114	178	0.715961
114	179	0.704883
114	180	0.708296
115	40	1.55896
115	74	1.71215
115	80	1.96828
115	81	1.51366
115	97	1.47004
115	107	0.907139
115	112	2.17691
115	114	0.839303
115	132	0.887693
115	150	0.862447
115	153	0.846337
115	162	0.815594
115	164	0.743658
115	167	0.822226
115	168	0.76334
115	170	0.764944
115	171	0.758016
115	172	0.763215
115	173	0.752056
115	174	0.695525
115	175	0.731862
115	176	0.73391
115	177	0.742304
115	178	0.731458
115	179	0.720381
115	180	0.723794
116	4	0.865938
116	23	0.845602
116	32	0.753998
116	36	0.808824
116	42	0.782254
116	46	0.784927
116	59	0.844177
116	60	0.69639
116	61	0.815668
116	65	0.817379
116	71	0.790651
116	73	0.79067
116	76	0.788231
116	80	0.781099
116	90	0.807543
116	92	0.807835
116	103	0.834619
116	118	2.24969
116	139	0.826441
116	147	0.825199
116	151	1.1734
116	158	0.880369
116	160	2.56602
116	166	0.739683
116	168	2.02063
116	169	2.61793
116	172	2.13705
117	33	1.61837
117	36	1.24637
117	64	1.38139
117	82	1.12853
117	96	1.08303
117	100	0.999372
117	109	1.12402
117	114	0.948526
117	123	1.16701
117	145	0.942395
117	154	0.956135
117	156	0.941641
117	157	0.97663
117	158	0.558198
117	161	0.919726
117	164	0.852881
117	165	0.882113
117	167	0.931449
117	170	0.874166
117	171	0.867239
117	173	0.861279
117	174	0.804747
117	175	0.841084
117	176	0.843133
117	177	0.851527
117	178	0.840681
117	179	0.829603
117	180	0.833017
118	41	2.06042
118	70	2.38277
118	89	2.42417
118	102	0.893009
118	104	1.68295
118	114	0.787348
118	116	2.24969
118	132	0.835738
118	150	0.810492
118	155	0.787229
118	157	0.815453
118	161	0.758549
118	162	0.763639
118	165	0.720935
118	167	0.770272
118	168	0.711385
118	170	0.712989
118	171	0.706061
118	172	0.71126
118	173	0.700101
118	174	0.64357
118	175	0.679907
118	176	0.681955
118	177	0.690349
118	178	0.679503
118	179	0.668426
118	180	0.671839
119	10	1.31826
119	59	1.3188
119	82	1.11959
119	106	1.42387
119	112	1.42393
119	124	1.21793
119	128	1.25874
119	139	0.866463
119	149	0.920811
119	151	0.953121
119	155	0.901377
119	157	0.929601
119	159	0.939724
119	164	0.805851
119	165	0.835083
119	167	0.884419
119	168	0.825533
119	170	0.827137
119	171	0.820209
119	172	0.825408
119	173	0.814249
119	174	0.757718
119	175	0.794055
119	176	0.796103
119	177	0.804497
119	178	0.793651
119	179	0.782573
119	180	0.785987
120	10	1.40833
120	41	0.848614
120	59	1.40886
120	90	1.31401
120	91	1.09418
120	106	1.51394
120	126	1.18443
120	131	1.1796
120	140	0.909238
120	145	0.912934
120	148	0.94589
120	154	0.926674
120	159	0.957293
120	160	0.829594
120	161	0.890266
120	164	0.82342
120	168	0.843102
120	170	0.844706
120	172	0.842977
120	173	0.831818
120	174	0.775287
120	175	0.811624
120	176	0.813672
120	177	0.822066
120	178	0.81122
120	179	0.800142
120	180	0.803556
121	4	1.18543
121	33	1.57961
121	43	0.924074
121	50	0.843004
121	64	0.924566
121	70	0.900534
121	78	0.948162
121	82	0.945123
121	85	0.984772
121	98	0.934477
121	99	0.882015
121	101	0.882132
121	106	1.39405
121	131	1.05971
121	141	0.942459
121	142	0.997719
121	146	0.954194
121	156	0.914146
121	158	0.519434
121	161	0.892232
121	162	0.897323
121	166	0.858113
121	173	0.833784
121	174	0.777253
121	175	0.81359
121	176	0.815639
121	177	0.824032
121	180	0.805522
122	2	1.06878
122	33	2.07213
122	65	1.767
122	73	1.36246
122	77	1.63859
122	88	1.59366
122	133	0.890957
122	147	1.23834
122	148	0.88869
122	149	0.88118
122	156	0.85498
122	159	0.900093
122	163	0.828872
122	165	0.795452
122	167	0.844788
122	168	0.785902
122	169	0.753107
122	170	0.787506
122	171	0.780578
122	172	0.785777
122	173	0.774618
122	174	0.718087
122	175	0.754424
122	176	0.756472
122	177	0.764866
122	178	0.75402
122	179	0.742942
122	180	0.746356
123	6	0.774549
123	7	0.791682
123	8	0.903846
123	12	0.793751
123	16	0.854793
123	20	0.762502
123	45	0.803037
123	68	0.814975
123	75	0.819105
123	81	0.866097
123	84	0.78685
123	86	0.823843
123	91	0.880554
123	93	1.6053
123	106	0.833888
123	109	0.818068
123	110	0.870901
123	113	0.850799
123	117	1.16701
123	126	0.834003
123	137	0.866049
123	139	0.845114
123	151	1.38365
123	156	1.58561
123	157	1.51626
123	162	1.92006
123	163	0.788281
123	169	2.82819
123	171	2.21973
124	22	0.887561
124	33	0.854804
124	34	0.855583
124	48	1.00519
124	66	0.852283
124	69	1.6264
124	88	0.914552
124	95	0.83246
124	96	0.821591
124	100	0.872851
124	107	0.909775
124	111	0.896087
124	119	1.21793
124	128	0.826896
124	131	0.860987
124	132	1.48152
124	135	0.887934
124	136	0.867223
124	141	0.837029
124	142	0.861471
124	144	0.861469
124	146	1.36265
124	147	0.864537
124	148	1.63981
124	158	0.919708
124	159	1.56459
124	160	0.752468
124	168	2.29074
124	169	0.733181
124	170	2.38738
125	4	0.942293
125	9	1.03512
125	22	0.868673
125	36	0.885179
125	41	0.941191
125	42	0.858609
125	46	0.861282
125	49	1.15816
125	59	0.920533
125	61	0.892023
125	66	1.69111
125	68	1.47144
125	71	0.867006
125	73	0.867025
125	112	1.68267
125	113	1.26865
125	141	1.23102
125	144	1.101
125	145	0.872825
125	151	0.93058
125	158	0.956724
125	165	0.812543
125	166	0.816038
125	170	0.804596
125	171	0.797669
125	174	0.735177
125	175	0.771514
125	176	0.773563
125	178	0.771111
125	179	0.760033
125	180	0.763447
126	6	0.78981
126	7	0.806943
126	8	0.919107
126	12	0.809012
126	16	0.870054
126	20	0.777763
126	44	0.897845
126	45	0.818298
126	68	0.830236
126	75	0.834366
126	79	0.988586
126	81	0.881358
126	84	0.802111
126	86	0.839103
126	91	0.895815
126	93	1.54159
126	106	0.849149
126	109	0.833329
126	110	0.886162
126	113	0.86606
126	120	1.18443
126	123	0.834003
126	137	0.88131
126	146	1.23909
126	148	1.51625
126	152	0.861978
126	154	1.72928
126	163	0.803542
126	167	1.55426
126	178	2.61025
126	179	2.64564
127	8	1.10763
127	64	1.57136
127	67	1.55131
127	95	1.78062
127	96	1.273
127	108	0.912851
127	113	1.20882
127	135	0.943135
127	136	0.973266
127	139	1.06537
127	148	0.915474
127	151	0.940273
127	153	0.895682
127	154	0.896258
127	155	0.888529
127	157	0.916753
127	162	0.86494
127	164	0.793004
127	165	0.822235
127	167	0.871572
127	168	0.812686
127	170	0.814289
127	171	0.807362
127	172	0.812561
127	173	0.801401
127	174	0.74487
127	175	0.781207
127	176	0.783256
127	177	0.791649
127	178	0.780803
127	179	0.769726
127	180	0.773139
128	5	0.881908
128	9	0.858298
128	10	0.884848
128	22	0.854384
128	35	0.933199
128	47	0.852064
128	77	0.784912
128	88	0.881375
128	95	0.799283
128	96	0.788415
128	100	0.839675
128	104	0.840923
128	111	0.86291
128	119	1.25874
128	124	0.826896
128	129	2.05621
128	131	0.82781
128	135	0.854758
128	136	0.834046
128	141	0.803853
128	142	0.828294
128	144	0.828292
128	146	1.40346
128	149	1.7422
128	150	1.75313
128	157	1.61692
128	158	0.886531
128	160	0.719292
128	162	2.02073
128	163	2.07093
128	168	2.33154
128	169	0.700004
129	65	2.10177
129	95	2.37918
129	101	2.29972
129	110	1.25968
129	114	0.793574
129	128	2.05621
129	131	1.88701
129	145	0.787444
129	146	0.826737
129	148	0.820399
129	151	0.845199
129	154	0.801184
129	155	0.793455
129	157	0.821679
129	161	0.764775
129	162	0.769865
129	164	0.69793
129	165	0.727161
129	166	0.730656
129	167	0.776498
129	168	0.717612
129	170	0.719215
129	172	0.717486
129	173	0.706327
129	174	0.649796
129	175	0.686133
129	176	0.688182
129	177	0.696575
129	178	0.685729
129	179	0.674652
129	180	0.678065
130	59	1.56292
130	76	1.58988
130	77	1.42001
130	85	1.07278
130	86	1.12704
130	88	1.37508
130	90	1.46806
130	105	0.958486
130	131	1.33366
130	135	0.988344
130	138	0.907982
130	140	0.867775
130	143	0.930463
130	148	0.904428
130	153	0.884636
130	154	0.885212
130	159	0.915831
130	161	0.848803
130	163	0.84461
130	164	0.781958
130	165	0.81119
130	167	0.860526
130	168	0.80164
130	170	0.803243
130	171	0.796316
130	173	0.790356
130	174	0.733824
130	175	0.770161
130	176	0.77221
130	177	0.780604
130	178	0.769757
130	180	0.762093
131	9	0.892389
131	22	0.888475
131	33	0.855718
131	35	0.967289
131	62	0.944191
131	66	0.853197
131	77	0.819003
131	88	0.915466
131	94	0.997551
131	95	0.833374
131	96	0.822505
131	100	0.873766
131	104	0.875013
131	111	0.897001
131	120	1.1796
131	121	1.05971
131	124	0.860987
131	128	0.82781
131	129	1.88701
131	130	1.33366
131	135	0.888848
131	136	0.868137
131	138	1.57523
131	141	0.837943
131	142	0.862385
131	144	0.862383
131	147	0.865451
131	151	1.31512
131	158	0.920622
131	160	0.753382
131	164	2.52739
131	165	2.11888
131	169	0.734095
132	16	0.980512
132	26	0.905478
132	30	1.51301
132	31	1.19736
132	54	1.53799
132	80	1.47889
132	112	1.68752
132	115	0.887693
132	118	0.835738
132	124	1.48152
132	137	1.19465
132	138	0.902575
132	141	1.23587
132	145	0.866065
132	151	0.92382
132	155	0.872076
132	157	0.9003
132	159	0.910423
132	160	0.782724
132	162	0.848486
132	164	0.77655
132	165	0.805782
132	167	0.855118
132	168	0.796232
132	171	0.790908
132	172	0.796107
132	173	0.784948
132	174	0.728417
132	175	0.764754
132	176	0.766802
132	177	0.775196
132	179	0.753273
132	180	0.756686
133	20	2.1725
133	24	1.57759
133	74	1.35665
133	87	1.32628
133	88	1.52844
133	89	1.51977
133	114	0.852897
133	122	0.890957
133	140	0.84307
133	144	1.23973
133	145	0.846766
133	147	1.17311
133	149	0.872212
133	155	0.852778
133	159	0.891125
133	161	0.824098
133	162	0.829188
133	163	0.819905
133	165	0.786484
133	167	0.83582
133	168	0.776934
133	170	0.778538
133	171	0.77161
133	172	0.776809
133	173	0.76565
133	174	0.709119
133	175	0.745456
133	176	0.747504
133	177	0.755898
133	178	0.745052
133	179	0.733975
133	180	0.737388
134	3	0.924998
134	21	0.888387
134	24	0.871334
134	29	0.879685
134	30	0.87982
134	39	0.84704
134	43	0.92043
134	47	1.16943
134	51	0.882014
134	53	1.11857
134	55	0.886227
134	57	0.889634
134	63	0.861881
134	84	1.47265
134	88	1.36349
134	91	1.23664
134	112	1.65646
134	137	1.16359
134	141	1.20481
134	143	0.916665
134	144	1.07478
134	154	0.871414
134	164	0.76816
134	167	0.846728
134	170	0.789445
134	172	0.787717
134	174	0.720026
134	176	0.758412
134	177	0.766806
134	178	0.75596
134	179	0.744882
134	180	0.748296
135	5	0.942946
135	10	0.945886
135	33	0.882665
135	47	0.913103
135	66	0.880145
135	77	0.84595
135	88	0.942414
135	95	0.860322
135	96	0.849453
135	104	0.901961
135	107	0.937636
135	111	0.923949
135	124	0.887934
135	127	0.943135
135	128	0.854758
135	130	0.988344
135	131	0.888848
