1	23	1.17951
1	74	0.634183
1	82	0.712771
1	85	0.736063
1	115	0.786579
1	132	1.21525
1	135	1.23184
1	136	0.733494
1	158	1.20225
1	165	1.1682
1	176	1.19213
1	179	1.21083
2	15	0.696394
2	21	1.17801
2	73	0.67982
2	140	1.20613
2	147	1.23306
2	155	0.729493
2	160	1.18628
2	165	1.17225
2	166	0.766998
2	172	0.733337
2	178	1.20935
2	179	1.21489
3	87	0.688579
3	93	1.18419
3	94	1.19282
3	134	0.699272
3	137	0.755216
3	140	1.17965
3	148	0.72377
3	152	1.17016
3	165	1.14578
3	167	0.735382
3	179	1.18841
3	180	1.33897
4	57	1.11667
4	73	1.24904
4	95	0.727341
4	98	1.21291
4	120	0.745038
4	124	1.16751
4	132	1.21921
4	134	1.23855
4	145	0.728748
4	163	0.687475
4	176	1.19609
4	177	0.718022
5	43	1.10339
5	56	0.991539
5	67	0.84614
5	68	1.01629
5	99	1.08336
5	106	1.04476
5	107	1.04587
5	126	1.08018
5	149	1.03464
5	155	0.946154
5	156	0.905843
5	163	0.900631
6	37	1.20199
6	90	0.697715
6	94	0.706245
6	116	0.693139
6	135	0.745877
6	151	1.19601
6	162	1.20404
6	168	1.17443
6	172	1.20882
6	175	1.20525
6	177	1.20946
6	179	0.74887
7	103	0.682684
7	116	1.25796
7	128	1.18313
7	155	0.714191
7	156	1.18909
7	161	1.19114
7	165	1.16631
7	166	0.751697
7	173	0.737683
7	175	0.718265
7	178	1.20341
7	179	1.20895
8	10	1.16758
8	37	0.753234
8	48	1.11895
8	64	1.14615
8	80	1.17265
8	91	1.15781
8	97	0.664072
8	128	0.74606
8	163	0.693199
8	169	0.743791
8	174	1.30157
8	180	1.33526
9	93	0.911007
9	119	1.04975
9	145	1.061
9	147	0.907011
9	152	0.927369
9	168	1.03197
9	170	0.849606
9	171	1.01633
9	172	1.06637
9	173	1.0448
9	175	1.06279
9	177	1.06701
10	8	1.16758
10	80	1.15715
10	82	1.21688
10	91	1.14231
10	111	0.786053
10	136	0.675254
10	137	1.11023
10	148	0.676744
10	168	0.731027
10	171	0.737798
10	174	1.28607
10	180	1.31976
11	31	1.289
11	39	1.22489
11	61	1.17839
11	84	1.12894
11	85	1.22616
11	89	1.18278
11	128	0.710447
11	141	0.77749
11	153	0.682274
11	159	1.16988
11	173	0.726601
11	175	0.707183
12	66	1.18984
12	127	1.13636
12	136	0.730815
12	163	1.17862
12	167	0.743917
12	170	1.26206
12	172	0.751353
12	174	0.647442
12	177	0.732531
12	178	1.15716
12	179	1.1627
12	180	1.31325
13	50	0.773203
13	59	1.18969
13	71	1.23675
13	96	1.22389
13	98	0.714546
13	107	0.771049
13	134	0.672745
13	135	0.66601
13	158	1.1838
13	175	1.18665
13	178	1.18684
13	179	1.19238
14	52	0.92667
14	84	0.919408
14	98	1.0542
14	117	1.04021
14	118	1.04507
14	132	1.0605
14	133	0.893584
14	147	1.07426
14	152	1.03782
14	164	0.86414
14	176	1.03738
14	178	1.05054
15	2	0.696394
15	19	1.16491
15	60	0.800943
15	69	0.684655
15	103	1.23786
15	132	1.21033
15	142	0.694922
15	161	0.717427
15	164	1.19508
15	175	1.20018
15	176	1.18721
15	177	1.2044
16	20	1.09181
16	25	1.18322
16	62	1.10007
16	63	1.0947
16	69	1.1647
16	112	1.14029
16	124	0.855853
16	137	1.08345
16	150	0.816463
16	160	0.772565
16	170	1.24178
16	175	0.810979
16	180	0.643517
17	49	0.817564
17	59	1.1535
17	83	1.09276
17	112	0.74827
17	113	1.16162
17	115	0.806147
17	128	1.13037
17	138	0.778869
17	158	1.14761
17	159	1.10726
17	177	0.754778
17	178	1.15065
17	179	1.15619
18	73	1.16947
18	79	1.1453
18	109	1.14621
18	117	1.11934
18	124	1.08794
18	134	1.15898
18	135	1.15623
18	136	0.780544
18	158	0.769353
18	167	0.793645
18	175	0.801311
18	176	1.11652
18	178	0.75697
19	15	1.16491
19	33	0.837979
19	98	1.14345
19	104	0.720092
19	114	1.08177
19	124	1.09805
19	131	0.81202
19	132	1.14975
19	134	1.1691
19	135	1.16634
19	168	0.807134
19	176	1.12663
19	179	0.724611
20	16	1.09181
20	32	1.01626
20	36	1.17458
20	47	1.20845
20	53	1.20373
20	62	1.09337
20	76	0.789245
20	137	1.07674
20	148	0.799244
20	160	0.780107
20	169	0.819516
20	170	1.23508
20	174	0.714381
21	2	1.17801
21	45	0.813216
21	69	0.727982
21	102	1.13969
21	125	0.782247
21	154	0.796099
21	156	1.1296
21	160	1.12085
21	161	1.13165
21	164	0.783175
21	165	1.10682
21	178	1.14392
21	179	1.14946
22	46	1.21778
22	74	1.25041
22	77	1.12329
22	84	1.0506
22	85	1.14782
22	89	1.10445
22	127	1.11414
22	149	0.82184
22	159	1.09154
22	170	0.691031
22	176	0.796546
22	177	0.806247
22	178	0.780957
23	1	1.17951
23	55	0.764457
23	104	0.766167
23	108	1.0955
23	118	1.14401
23	139	0.844366
23	140	1.14625
23	158	1.14644
23	160	1.12641
23	165	1.11238
23	172	0.817975
23	174	0.714064
23	178	1.14948
24	52	0.810004
24	73	1.14746
24	105	0.810081
24	118	1.1022
24	119	0.772547
24	134	1.13697
24	135	1.13422
24	162	0.757318
24	172	0.75805
24	176	1.09451
24	178	1.10767
24	179	1.11321
24	180	1.26376
25	16	1.18322
25	30	1.26279
25	32	1.10768
25	36	1.266
25	63	1.17942
25	69	1.24942
25	99	0.752482
25	112	1.22501
25	136	0.718033
25	143	0.696018
25	153	0.713892
25	163	0.689203
25	170	1.32649
25	174	0.634661
26	34	1.12981
26	72	0.779272
26	75	0.667306
26	94	1.23025
26	110	0.702407
26	129	0.735589
26	142	1.2186
26	156	1.20598
26	157	1.19282
26	171	0.734113
26	174	0.588195
26	178	1.2203
26	179	1.22585
26	180	1.3764
27	28	1.27164
27	31	0.684365
27	73	0.678001
27	76	0.702471
27	85	0.71355
27	127	1.194
27	148	0.71247
27	156	1.20047
27	157	1.18731
27	160	1.19173
27	170	1.31969
27	177	0.712696
27	178	1.2148
27	179	1.22034
28	27	1.27164
28	36	0.651414
28	41	0.670867
28	72	0.776213
28	81	0.755306
28	108	1.17813
28	128	1.21183
28	136	0.668509
28	144	1.22179
28	155	0.685202
28	156	1.21778
28	158	1.22906
28	178	1.2321
28	179	1.23764
29	56	1.16583
29	70	1.19423
29	92	0.654451
29	99	1.25765
29	106	1.21905
29	107	1.22016
29	110	0.731615
29	112	1.24737
29	126	1.25447
29	136	0.700776
29	138	1.24125
29	159	0.726046
29	163	0.671946
29	165	0.717396
30	25	1.26279
30	32	1.10252
30	36	1.26085
30	53	1.29
30	62	1.17963
30	96	0.6786
30	112	1.21986
30	137	1.16301
30	153	0.698769
30	155	0.719603
30	170	1.32134
30	175	0.723677
30	177	0.704626
30	178	0.679337
31	11	1.289
31	27	0.684365
31	42	1.23068
31	61	1.2161
31	77	1.23933
31	84	1.16665
31	89	1.2205
31	127	1.23019
31	130	0.652521
31	142	0.684713
31	159	1.20759
31	163	0.690848
31	166	0.773877
31	176	0.711693
32	20	1.01626
32	25	1.10768
32	30	1.10252
32	47	1.1396
32	53	1.13488
32	62	1.02452
32	63	1.01916
32	69	1.08916
32	87	0.816453
32	100	0.825495
32	102	0.801624
32	170	1.16623
32	171	0.912699
32	176	0.842169
33	19	0.837979
33	48	0.998686
33	51	1.12963
33	64	1.02588
33	80	1.05239
33	82	1.11212
33	91	1.03754
33	92	0.786584
33	121	1.04744
33	129	0.896931
33	157	0.82751
33	172	0.853448
33	174	1.1813
33	180	1.215
34	26	1.12981
34	35	0.985909
34	84	0.866213
34	90	1.15114
34	92	1.1093
34	94	1.09471
34	110	0.831822
34	140	1.08154
34	148	0.802474
34	161	1.07249
34	171	0.863528
34	173	0.841169
34	178	1.08476
34	179	1.0903
35	34	0.985909
35	40	0.854734
35	88	0.823385
35	104	0.799651
35	128	1.05612
35	138	0.856727
35	153	1.09758
35	157	1.04892
35	165	1.03931
35	170	1.1813
35	173	0.871105
35	178	1.0764
35	179	1.08194
35	180	1.2325
36	20	1.17458
36	25	1.266
36	28	0.651414
36	30	1.26085
36	62	1.18284
36	63	1.17748
36	69	1.24748
36	127	0.715302
36	137	1.16622
36	161	0.716738
36	165	0.745817
36	170	1.32455
36	174	0.645825
36	176	0.721213
37	6	1.20199
37	8	0.753234
37	79	0.761444
37	113	0.744157
37	114	0.837502
37	119	1.15858
37	151	1.16238
37	158	0.766306
37	162	1.17041
37	164	1.16652
37	166	1.13903
37	173	1.15363
37	175	1.17162
37	177	1.17584
37	180	0.630802
38	43	0.706047
38	48	0.784715
38	66	1.18215
38	99	0.745336
38	105	0.783456
38	130	1.17173
38	142	1.14776
38	144	1.13916
38	152	1.13675
38	154	0.733772
38	165	1.11238
38	173	0.751072
38	178	1.14947
38	179	1.15501
38	180	1.30557
39	11	1.22489
39	42	1.16657
39	61	1.15199
39	77	1.17523
39	83	0.769009
39	84	1.10254
39	85	1.19976
39	89	1.15639
39	92	0.709054
39	98	0.774173
39	115	1.17918
39	143	0.733364
39	150	0.781631
39	159	1.14348
39	178	0.731807
40	35	0.854734
40	58	1.10534
40	67	0.686785
40	68	1.14162
40	70	1.14527
40	99	1.2087
40	106	1.17009
40	107	1.1712
40	126	1.20551
40	130	0.702949
40	132	0.759339
40	138	1.1923
40	149	1.15997
40	178	0.746533
40	179	0.743356
41	28	0.670867
41	76	1.14985
41	88	1.13373
41	98	1.16166
41	103	1.1955
41	109	1.17454
41	132	1.16796
41	134	1.18731
41	135	1.18456
41	146	0.78735
41	156	0.725033
41	157	0.743251
41	168	0.804424
41	169	0.770413
41	176	1.14484
42	31	1.23068
42	39	1.16657
42	46	1.2378
42	61	1.12007
42	74	1.27043
42	84	1.07062
42	85	1.16784
42	89	1.12447
42	90	0.689569
42	92	0.721149
42	153	0.763333
42	159	1.11156
42	166	0.821673
42	168	0.823247
42	174	0.684102
43	5	1.10339
43	38	0.706047
43	56	1.13086
43	68	1.15561
43	86	1.11758
43	106	1.18408
43	107	1.18519
43	121	1.19752
43	123	0.801085
43	126	1.2195
43	133	0.780857
43	138	1.20628
43	175	0.762219
43	176	0.733467
43	178	0.717879
44	83	0.78841
44	94	0.705405
44	119	1.16301
44	127	0.760885
44	145	1.17427
44	147	0.718686
44	156	0.751163
44	166	1.14346
44	168	1.14523
44	169	1.18004
44	172	1.17963
44	173	1.15806
44	175	1.17605
44	176	0.766796
44	177	1.18027
45	21	0.813216
45	48	1.03814
45	51	1.16908
45	64	1.06533
45	80	1.09184
45	82	1.15157
45	91	1.077
45	121	1.08689
45	131	0.846953
45	137	1.04492
45	144	0.759311
45	148	0.787784
45	150	0.812545
45	157	0.780894
45	174	1.22075
45	180	1.25445
46	22	1.21778
46	42	1.2378
46	58	0.759685
46	74	1.37358
46	77	1.24645
46	84	1.17377
46	85	1.27099
46	89	1.22761
46	127	1.2373
46	141	0.753624
46	143	0.640533
46	145	0.674992
46	159	1.21471
46	172	0.683088
46	176	0.654564
46	179	0.635799
47	20	1.20845
47	32	1.1396
47	53	1.32708
47	62	1.21671
47	63	1.21135
47	69	1.28135
47	78	0.650245
47	105	0.741597
47	112	1.25694
47	133	0.708433
47	137	1.20009
47	143	0.647012
47	155	0.685722
47	163	0.640198
47	170	1.35842
47	171	0.731573
48	8	1.11895
48	33	0.998686
48	38	0.784715
48	45	1.03814
48	80	1.10853
48	82	1.16825
48	91	1.09368
48	104	0.788852
48	113	0.786781
48	118	0.820572
48	121	1.10358
48	137	1.0616
48	174	1.23744
48	177	0.821837
48	178	0.796548
48	180	1.27113
49	17	0.817564
49	53	0.732236
49	60	0.881851
49	72	1.0608
49	95	1.16519
49	150	1.11101
49	152	0.775057
49	155	1.12344
49	166	1.09365
49	167	1.12915
49	169	1.13023
49	172	1.12982
49	175	1.12624
49	176	0.80281
49	177	1.13046
49	179	0.784045
50	13	0.773203
50	57	1.04191
50	75	1.1303
50	79	1.1501
50	98	1.13814
50	100	0.799084
50	114	1.07646
50	117	1.12415
50	124	1.09275
50	134	1.16379
50	135	1.16104
50	144	0.796759
50	156	0.800125
50	163	0.794912
50	164	0.833703
50	176	1.12132
51	33	1.12963
51	45	1.16908
51	64	1.21296
51	80	1.23947
51	82	1.29919
51	86	1.15458
51	91	1.22462
51	93	0.624212
51	105	0.74888
51	129	0.740332
51	163	0.647481
51	172	0.696849
51	174	1.36838
51	176	0.668326
51	177	0.678027
51	180	1.40208
52	14	0.92667
52	24	0.810004
52	59	0.740439
52	101	1.1272
52	105	1.09472
52	129	1.10035
52	133	1.119
52	162	1.12599
52	165	0.835403
52	167	1.13012
52	169	1.13119
52	172	1.13078
52	173	1.10921
52	176	0.810799
52	177	1.13142
52	180	0.672089
53	20	1.20373
53	30	1.29
53	32	1.13488
53	47	1.32708
53	49	0.732236
53	62	1.21199
53	63	1.20663
53	69	1.27663
53	92	0.621408
53	101	0.7074
53	131	0.728393
53	137	1.19537
53	148	0.669224
53	158	0.656543
53	169	0.689496
53	170	1.3537
54	57	1.11528
54	67	1.24655
54	99	1.22156
54	102	0.687669
54	106	1.18296
54	107	1.18407
54	117	1.19752
54	124	1.16612
54	126	1.21838
54	131	0.796858
54	143	0.714183
54	149	1.17284
54	152	0.700462
54	153	0.732058
54	162	0.756005
54	176	1.1947
54	178	0.712626
55	23	0.764457
55	84	0.778542
55	117	0.731357
55	139	1.18098
55	144	0.68633
55	155	1.20242
55	156	0.689695
55	159	0.738583
55	164	1.20012
55	166	1.17263
55	168	1.1744
55	171	1.15876
55	172	1.2088
55	173	1.18723
55	175	1.20522
55	176	0.705328
55	177	1.20944
56	5	0.991539
56	29	1.16583
56	43	1.13086
56	68	1.04376
56	70	1.04741
56	99	1.11084
56	106	1.07223
56	107	1.07334
56	118	0.833861
56	123	0.893042
56	126	1.10765
56	138	1.09444
56	146	0.872108
56	149	1.06211
56	164	0.84337
56	175	0.854177
56	179	0.80666
57	4	1.11667
57	50	1.04191
57	54	1.11528
57	59	0.775236
57	79	1.09829
57	83	0.867211
57	109	1.0992
57	114	1.02465
57	117	1.07234
57	124	1.04093
57	134	1.11198
57	135	1.10922
57	138	0.879388
57	152	0.817844
57	161	0.841121
57	171	0.916126
57	176	1.06951
58	40	1.10534
58	46	0.759685
58	70	1.03588
58	98	0.862222
58	99	1.0993
58	106	1.0607
58	119	0.878463
58	126	1.09612
58	145	0.855871
58	146	0.882127
58	147	1.10932
58	152	1.07288
58	154	0.866313
58	156	1.07128
58	176	1.07244
58	178	1.0856
58	179	1.09114
59	13	1.18969
59	17	1.1535
59	52	0.740439
59	57	0.775236
59	107	0.743243
59	115	0.721033
59	129	0.731969
59	140	1.17489
59	144	1.1678
59	153	1.19929
59	156	1.16379
59	160	1.15504
59	168	0.72372
59	177	0.669664
59	178	1.17811
59	179	1.18365
59	180	1.33421
60	15	0.800943
60	49	0.881851
60	78	1.09338
60	116	1.14094
60	118	1.08092
60	131	1.04019
60	144	1.07607
60	146	0.856047
60	157	1.0589
60	161	1.07412
60	162	0.837155
60	163	1.10784
60	165	1.04929
60	166	0.871548
60	173	0.857534
60	178	1.08639
60	179	1.09193
61	11	1.17839
61	31	1.2161
61	39	1.15199
61	42	1.12007
61	74	1.25585
61	77	1.12873
61	84	1.05604
61	85	1.15326
61	87	0.745889
61	89	1.10989
61	115	1.13268
61	122	0.783451
61	143	0.757575
61	144	0.752607
61	154	0.802475
61	159	1.09698
61	164	0.789551
61	176	0.771605
62	16	1.10007
62	20	1.09337
62	30	1.17963
62	32	1.02452
62	36	1.18284
62	47	1.21671
62	53	1.21199
62	63	1.09626
62	69	1.16626
62	71	0.756162
62	123	0.827156
62	126	0.782609
62	137	1.085
62	160	0.749876
62	163	0.738693
62	170	1.24334
62	172	0.788061
62	176	0.759538
63	16	1.0947
63	25	1.17942
63	32	1.01916
63	36	1.17748
63	47	1.21135
63	53	1.20663
63	62	1.09626
63	69	1.1609
63	102	0.721512
63	104	0.738773
63	110	0.800881
63	112	1.13649
63	137	1.07964
63	151	0.805231
63	153	0.765901
63	167	0.783144
63	170	1.23797
63	175	0.790809
64	8	1.14615
64	33	1.02588
64	45	1.06533
64	51	1.21296
64	82	1.19545
64	86	1.05084
64	91	1.12087
64	119	0.79241
64	121	1.13077
64	129	0.821397
64	137	1.0888
64	143	0.73536
64	156	0.733758
64	167	0.770478
64	171	0.81992
64	174	1.26463
64	179	0.730626
64	180	1.29833
65	81	0.734755
65	93	1.24069
65	97	1.24843
65	102	1.23514
65	103	0.633143
65	116	1.29392
65	133	0.687362
65	138	0.673764
65	147	1.26308
65	151	0.683146
65	157	1.21189
65	161	1.2271
65	164	0.657918
65	169	0.669719
65	175	0.668724
65	178	1.23937
65	179	1.24491
65	180	1.39546
66	12	1.18984
66	38	1.18215
66	98	0.702987
66	128	1.18765
66	142	1.20622
66	150	0.710445
66	158	1.20489
66	163	1.22939
66	164	0.694155
66	165	1.17084
66	166	0.738393
66	170	1.31283
66	171	0.746739
66	172	0.704733
66	173	0.724379
66	176	1.19477
66	177	0.68591
66	178	1.20793
66	179	1.21347
67	5	0.84614
67	40	0.686785
67	54	1.24655
67	103	1.25143
67	114	1.15592
67	123	0.722605
67	130	1.2362
67	135	1.24049
67	148	0.664462
67	150	0.689223
67	152	1.20122
67	157	1.18646
67	159	1.17055
67	160	1.19088
67	167	0.676074
67	168	0.718745
67	173	0.703157
67	176	1.20078
67	179	1.21948
68	5	1.01629
68	40	1.14162
68	43	1.15561
68	56	1.04376
68	70	1.07216
68	71	1.1718
68	93	0.786692
68	99	1.13558
68	106	1.09698
68	107	1.09809
68	112	1.1253
68	121	1.11042
68	126	1.1324
68	155	0.855485
68	159	0.864061
68	163	0.809961
68	167	0.851893
68	177	0.840508
68	180	0.692096
69	15	0.684655
69	16	1.1647
69	21	0.727982
69	25	1.24942
69	32	1.08916
69	36	1.24748
69	47	1.28135
69	53	1.27663
69	62	1.16626
69	63	1.1609
69	112	1.20649
69	115	0.754146
69	118	0.701511
69	137	1.14964
69	153	0.696919
69	169	0.722822
69	170	1.30797
69	173	0.741245
69	179	0.67431
70	29	1.19423
70	40	1.14527
70	56	1.04741
70	58	1.03588
70	68	1.07216
70	92	0.791374
70	99	1.13923
70	103	0.822886
70	106	1.10063
70	107	1.10174
70	121	1.11407
70	126	1.13605
70	137	0.870636
70	138	1.12283
70	145	0.850143
70	149	1.09051
70	151	0.872889
70	152	0.801963
70	180	0.691005
71	13	1.23675
71	62	0.756162
71	68	1.1718
71	99	1.23887
71	106	1.20027
71	107	1.20138
71	113	0.701592
71	124	0.800572
71	126	1.23569
71	140	0.699847
71	149	1.19015
71	166	1.19239
71	171	1.17852
71	175	1.22498
71	176	0.726947
71	177	1.2292
71	178	0.711358
71	179	0.708182
71	180	0.588236
72	26	0.779272
72	28	0.776213
72	49	1.0608
72	86	0.918173
72	101	1.10943
72	134	0.830988
72	145	1.10765
72	148	1.14122
72	151	1.10019
72	152	0.81826
72	154	1.10719
72	166	1.07684
72	168	1.07861
72	170	0.740497
72	171	1.06297
72	174	1.23202
72	175	1.10943
72	177	1.11365
72	178	0.830424
73	2	0.67982
73	4	1.24904
73	18	1.16947
73	24	1.14746
73	27	0.678001
73	76	1.20689
73	98	1.2187
73	103	1.25254
73	109	1.23158
73	117	1.20471
73	124	1.17331
73	128	0.737344
73	131	0.773972
73	134	1.24435
73	140	0.678229
73	163	0.684483
73	169	0.735075
73	175	0.73408
73	176	1.20189
74	1	0.634183
74	22	1.25041
74	42	1.27043
74	46	1.37358
74	61	1.25585
74	77	1.27909
74	84	1.2064
74	85	1.30362
74	89	1.26025
74	111	0.757781
74	115	1.28304
74	118	0.647433
74	127	1.26994
74	133	0.686387
74	145	0.659425
74	151	0.682171
74	153	0.642841
74	158	0.635791
74	159	1.24734
74	167	0.660084
75	26	0.667306
75	50	1.1303
75	79	1.18669
75	85	0.7446
75	88	1.14679
75	103	1.20856
75	109	1.1876
75	114	1.11304
75	117	1.16073
75	124	1.12933
75	128	0.766062
75	132	1.18103
75	134	1.20037
75	135	1.19762
75	162	0.761837
75	165	0.75865
75	168	0.797803
75	175	0.762798
75	176	1.15791
75	177	0.743747
76	20	0.789245
76	27	0.702471
76	41	1.14985
76	73	1.20689
76	88	1.14282
76	103	1.20459
76	109	1.18362
76	113	0.704443
76	114	1.10907
76	117	1.15676
76	119	0.772818
76	124	1.12535
76	132	1.17705
76	134	1.1964
76	135	1.19364
76	155	0.754476
76	159	0.763053
76	160	0.720136
76	168	0.793556
76	176	1.15393
77	22	1.12329
77	31	1.23933
77	39	1.17523
77	46	1.24645
77	61	1.12873
77	74	1.27909
77	84	1.07928
77	85	1.1765
77	89	1.13312
77	108	0.754306
77	115	1.15591
77	118	0.747005
77	127	1.14281
77	128	0.770586
77	131	0.807213
77	159	1.12022
77	173	0.786739
77	174	0.663182
77	177	0.748271
77	178	0.722981
78	47	0.650245
78	60	1.09338
78	83	1.12436
78	102	1.17802
78	111	0.838308
78	115	0.780594
78	116	1.2368
78	138	0.753316
78	144	1.17193
78	147	1.20596
78	148	0.728999
78	149	1.14722
78	156	1.16792
78	160	1.15918
78	162	0.747315
78	165	1.14515
78	166	0.781708
78	177	0.729225
78	178	1.18225
78	179	1.18779
79	18	1.1453
79	37	0.761444
79	50	1.1501
79	57	1.09829
79	75	1.18669
79	88	1.1666
79	98	1.19453
79	114	1.13285
79	117	1.18054
79	119	0.765274
79	124	1.14913
79	132	1.20083
79	135	1.21742
79	136	0.730239
79	139	0.777169
79	153	0.726098
79	171	0.792784
79	172	0.750777
79	176	1.17771
79	179	0.703489
80	8	1.17265
80	10	1.15715
80	33	1.05239
80	45	1.09184
80	48	1.10853
80	51	1.23947
80	82	1.22196
80	86	1.07734
80	91	1.14738
80	103	0.729776
80	137	1.1153
80	143	0.722575
80	152	0.708853
80	161	0.73213
80	165	0.76121
80	166	0.798789
80	168	0.800364
80	174	1.29114
80	177	0.746307
80	180	1.32484
81	28	0.755306
81	65	0.734755
81	85	0.83566
81	117	0.851134
81	122	1.16384
81	123	1.08865
81	127	0.819194
81	139	1.11038
81	141	1.08864
81	144	0.806107
81	162	1.13342
81	167	1.13754
81	168	1.10381
81	171	1.08817
81	172	1.13821
81	173	1.11664
81	174	1.25722
81	175	1.13463
81	177	1.13885
81	179	0.80634
81	180	0.686395
82	1	0.712771
82	10	1.21688
82	33	1.11212
82	45	1.15157
82	48	1.16825
82	51	1.29919
82	64	1.19545
82	80	1.22196
82	90	0.647664
82	91	1.20711
82	93	0.67347
82	121	1.21701
82	137	1.17503
82	146	0.764268
82	150	0.751821
82	152	0.689832
82	170	0.61207
82	174	1.35087
82	175	0.746337
82	179	0.69882
82	180	1.38456
83	17	1.09276
83	39	0.769009
83	44	0.78841
83	57	0.867211
83	78	1.12436
83	102	1.11315
83	140	1.11415
83	142	1.11566
83	155	0.776615
83	158	1.11433
83	161	1.1051
83	164	0.769882
83	165	1.08027
83	167	0.773023
83	170	1.22227
83	173	0.800106
83	176	1.10421
83	177	0.761638
83	178	1.11737
83	179	1.12291
83	180	1.27346
84	11	1.12894
84	14	0.919408
84	22	1.0506
84	31	1.16665
84	34	0.866213
84	39	1.10254
84	42	1.07062
84	46	1.17377
84	55	0.778542
84	61	1.05604
84	74	1.2064
84	77	1.07928
84	85	1.10381
84	89	1.06044
84	115	1.08323
84	125	0.820554
84	127	1.07013
84	140	0.776437
84	154	0.834406
84	159	1.04753
84	163	0.782691
84	167	0.824623
85	1	0.736063
85	11	1.22616
85	22	1.14782
85	27	0.71355
85	39	1.19976
85	42	1.16784
85	46	1.27099
85	61	1.15326
85	74	1.30362
85	75	0.7446
85	77	1.1765
85	81	0.83566
85	84	1.10381
85	89	1.15766
85	112	0.744071
85	115	1.18045
85	127	1.16735
85	130	0.681706
85	146	0.787561
85	159	1.14475
85	163	0.720032
85	170	0.635362
86	43	1.11758
86	51	1.15458
86	64	1.05084
86	72	0.918173
86	80	1.07734
86	91	1.0625
86	95	0.821504
86	99	1.09756
86	107	1.06006
86	112	1.08727
86	121	1.0724
86	126	1.09438
86	136	0.810468
86	137	1.03042
86	143	0.788452
86	145	0.822911
86	149	1.04884
86	172	0.831006
86	174	1.20626
86	176	0.802483
86	177	0.812184
86	180	1.23995
87	3	0.688579
87	32	0.816453
87	61	0.745889
87	89	0.795569
87	125	1.19671
87	128	0.736622
87	131	1.14689
87	133	1.18468
87	139	1.16864
87	145	1.1911
87	146	1.16783
87	155	1.19008
87	159	0.737861
87	161	0.700131
87	167	1.1958
87	169	1.19688
87	172	1.19647
87	173	1.1749
87	175	1.19289
87	177	1.19711
87	178	0.689018
87	179	0.685841
88	35	0.823385
88	41	1.13373
88	75	1.14679
88	76	1.14282
88	79	1.1666
88	98	1.15464
88	103	1.18847
88	109	1.16751
88	111	0.849557
88	114	1.09296
88	117	1.14064
88	124	1.10924
88	125	0.74779
88	131	0.799416
88	132	1.16094
88	134	1.18028
88	135	1.17753
88	158	0.727567
88	163	0.709927
88	168	0.79453
88	176	1.13782
88	177	0.740473
88	179	0.712007
89	11	1.18278
89	22	1.10445
89	31	1.2205
89	39	1.15639
89	42	1.12447
89	46	1.22761
89	61	1.10989
89	74	1.26025
89	77	1.13312
89	84	1.06044
89	85	1.15766
89	87	0.795569
89	92	0.782944
89	115	1.13707
89	127	1.12397
89	130	0.762113
89	140	0.794185
89	142	0.794305
89	159	1.10138
89	170	0.71577
89	174	0.745897
89	176	0.821285
89	180	0.682575
90	6	0.697715
90	34	1.15114
90	42	0.689569
90	82	0.647664
90	95	0.679423
90	108	1.18766
90	119	0.703422
90	130	1.26389
90	136	0.668387
90	141	0.759462
90	142	1.23993
90	147	1.26535
90	150	0.694638
90	152	1.22892
90	154	0.691272
90	157	1.21416
90	161	1.22937
90	164	0.678348
90	165	1.20454
90	176	1.22847
90	178	1.24164
90	179	1.24718
90	180	1.39773
91	8	1.15781
91	10	1.14231
91	33	1.03754
91	45	1.077
91	48	1.09368
91	51	1.22462
91	64	1.12087
91	80	1.14738
91	82	1.20711
91	86	1.0625
91	121	1.14243
91	137	1.10046
91	141	0.844924
91	148	0.755339
91	149	0.771159
91	155	0.770543
91	157	0.748449
91	158	0.742658
91	163	0.725019
91	171	0.816394
91	174	1.27629
91	179	0.727099
91	180	1.30999
92	29	0.654451
92	33	0.786584
92	34	1.1093
92	39	0.709054
92	42	0.721149
92	53	0.621408
92	70	0.791374
92	89	0.782944
92	117	0.718011
92	121	0.736451
92	134	0.676958
92	142	1.19809
92	153	1.22097
92	154	1.19736
92	158	1.19675
92	161	1.18753
92	167	1.20252
92	169	1.20359
92	171	1.15314
92	174	1.32219
92	175	1.1996
92	177	1.20382
92	178	1.19979
92	179	1.20533
93	3	1.18419
93	9	0.911007
93	51	0.624212
93	65	1.24069
93	68	0.786692
93	82	0.67347
93	130	1.19883
93	143	1.18885
93	150	0.720444
93	152	1.16386
93	156	1.16225
93	158	1.17353
93	160	1.15351
93	163	1.19803
93	169	0.715955
93	170	1.28147
93	172	0.714731
93	173	0.734378
93	174	0.610821
93	175	0.71496
93	176	1.16341
93	178	1.17657
93	179	1.18211
93	180	1.33267
94	3	1.19282
94	6	0.706245
94	26	1.23025
94	34	1.09471
94	44	0.705405
94	100	1.17841
94	101	0.716583
94	110	0.707756
94	111	0.787717
94	116	1.23975
94	152	1.17248
94	153	1.20638
94	157	1.15772
94	164	0.686878
94	165	1.1481
94	166	0.731116
94	168	0.73269
94	170	1.2901
94	171	0.739462
94	172	0.697456
94	176	1.17204
94	178	1.1852
94	179	1.19074
94	180	1.34129
95	4	0.727341
95	49	1.16519
95	86	0.821504
95	90	0.679423
95	97	0.699371
95	101	1.21383
95	105	1.18135
95	132	0.746562
95	142	0.722363
95	147	0.701234
95	150	1.1986
95	151	1.20459
95	154	1.21158
95	157	0.751928
95	162	1.21262
95	167	1.21674
95	168	1.18301
95	171	1.16737
95	172	1.21741
95	173	1.19584
95	175	1.21383
95	177	1.21805
95	179	0.730579
95	180	0.610633
96	13	1.22389
96	30	0.6786
96	110	1.22213
96	112	0.71719
96	123	1.16614
96	124	0.787623
96	126	0.737068
96	128	0.746013
96	139	1.18787
96	140	0.686897
96	145	1.21033
96	154	1.20987
96	158	0.710791
96	160	0.704335
96	161	0.709522
96	166	1.17952
96	167	1.21503
96	168	1.18129
96	171	1.16565
96	172	1.21569
96	173	1.19413
96	175	1.21211
96	176	0.713997
96	177	1.21633
97	8	0.664072
97	65	1.24843
97	95	0.699371
97	102	1.1801
97	110	0.719174
97	113	1.1953
97	115	0.741421
97	118	1.17886
97	120	0.717067
97	130	1.20658
97	139	0.735265
97	140	1.1811
97	141	0.77941
97	142	1.18262
97	144	1.17401
97	145	0.700778
97	146	0.727034
97	152	1.1716
97	153	1.2055
97	160	1.16126
97	173	0.72852
97	178	1.18432
97	179	1.18986
97	180	1.34042
98	4	1.21291
98	13	0.714546
98	14	1.0542
98	19	1.14345
98	39	0.774173
98	41	1.16166
98	50	1.13814
98	58	0.862222
98	66	0.702987
98	73	1.2187
98	79	1.19453
98	88	1.15464
98	109	1.19544
98	114	1.12088
98	122	0.768946
98	124	1.13717
98	132	1.18887
98	133	0.804491
98	134	1.20821
98	135	1.20546
98	150	0.791337
98	174	0.681713
98	175	0.785853
98	176	1.16575
98	180	0.61839
99	5	1.08336
99	25	0.752482
99	29	1.25765
99	38	0.745336
99	40	1.2087
99	54	1.22156
99	56	1.11084
99	58	1.0993
99	68	1.13558
99	70	1.13923
99	71	1.23887
99	86	1.09756
99	106	1.16405
99	107	1.16516
99	112	1.19237
99	126	1.19948
99	129	0.844762
99	138	1.18626
99	142	0.745776
99	145	0.793184
99	153	0.7766
99	163	0.751911
99	164	0.790702
99	170	0.667241
99	180	0.634046
100	32	0.825495
100	50	0.799084
100	94	1.17841
100	107	0.79693
100	108	1.11449
100	118	1.163
100	130	1.19072
100	144	1.15815
100	149	1.13345
100	154	0.744518
100	157	1.14099
100	158	1.16543
100	160	1.1454
100	161	1.1562
100	162	0.74144
100	165	1.13137
100	167	0.734735
100	173	0.761819
100	174	0.638261
100	175	0.742401
100	176	1.15531
100	177	0.72335
100	178	1.16847
100	179	1.17401
100	180	1.32456
101	52	1.1272
101	53	0.7074
101	72	1.10943
101	94	0.716583
101	95	1.21383
101	109	0.769035
101	119	1.16183
101	127	0.772063
101	136	1.19801
101	144	0.758975
101	148	1.20667
101	149	0.803268
101	154	1.17263
101	164	1.16977
101	165	0.802578
101	168	1.14405
101	169	1.17886
101	171	1.12841
101	172	1.17845
101	173	1.15688
101	175	1.17487
101	177	1.17909
101	178	0.762385
101	179	0.759208
101	180	0.639263
102	21	1.13969
102	32	0.801624
102	54	0.687669
102	63	0.721512
102	65	1.23514
102	78	1.17802
102	83	1.11315
102	97	1.1801
102	111	0.808562
102	113	1.182
102	133	0.737168
102	141	0.788837
102	143	1.18331
102	147	1.19475
102	151	0.732952
102	158	1.16799
102	159	1.12764
102	161	1.15876
102	165	1.13394
102	166	0.751962
102	171	0.760307
102	175	0.71853
102	176	1.15787
102	178	1.17103
102	179	1.17657
103	7	0.682684
103	15	1.23786
103	41	1.1955
103	65	0.633143
103	67	1.25143
103	70	0.822886
103	73	1.25254
103	75	1.20856
103	76	1.20459
103	80	0.729776
103	88	1.18847
103	109	1.22928
103	114	1.15472
103	117	1.20241
103	124	1.17101
103	132	1.2227
103	134	1.24205
103	135	1.2393
103	138	0.757285
103	150	0.757729
103	153	0.727337
103	156	0.707861
103	172	0.752017
103	174	0.648106
103	176	1.19958
103	180	0.584783
104	19	0.720092
104	23	0.766167
104	35	0.799651
104	48	0.788852
104	63	0.738773
104	110	1.22309
104	116	0.632542
104	134	0.692015
104	145	1.21129
104	146	1.18802
104	148	1.24487
104	151	1.20384
104	154	1.21084
104	164	1.20797
104	166	1.18049
104	167	1.21599
104	168	1.18226
104	171	1.16662
104	172	1.21666
104	173	1.19509
104	174	1.33567
104	176	0.707038
104	177	1.2173
104	178	0.69145
104	179	0.688273
104	180	0.568328
105	24	0.810081
105	38	0.783456
105	47	0.741597
105	51	0.74888
105	52	1.09472
105	95	1.18135
105	108	0.826613
105	116	0.73638
105	125	1.14622
105	129	1.11554
105	138	1.13989
105	144	0.791878
105	147	0.762767
105	148	1.17419
105	152	0.783124
105	153	1.16376
105	155	1.13959
105	161	0.806401
105	163	1.16404
105	166	1.1098
105	168	1.11157
105	169	1.14638
105	171	1.09593
105	172	1.14597
105	173	1.1244
105	177	1.14661
106	5	1.04476
106	29	1.21905
106	40	1.17009
106	43	1.18408
106	54	1.18296
106	56	1.07223
106	58	1.0607
106	68	1.09698
106	70	1.10063
106	71	1.20027
106	99	1.16405
106	107	1.12656
106	108	0.794602
106	112	1.15377
106	126	1.16087
106	131	0.847509
106	133	0.826256
106	138	1.14765
106	142	0.751885
106	149	1.11533
106	157	0.78145
106	160	0.769204
106	163	0.75802
106	164	0.796811
106	167	0.799952
106	170	0.673351
107	5	1.04587
107	13	0.771049
107	29	1.22016
107	40	1.1712
107	43	1.18519
107	54	1.18407
107	56	1.07334
107	59	0.743243
107	68	1.09809
107	70	1.10174
107	71	1.20138
107	86	1.06006
107	99	1.16516
107	100	0.79693
107	106	1.12656
107	121	1.14
107	125	0.830621
107	126	1.16198
107	138	1.14876
107	143	0.799573
107	147	0.765494
107	149	1.11644
107	160	0.803942
107	169	0.843351
107	170	0.708089
107	174	0.738216
108	23	1.0955
108	28	1.17813
108	77	0.754306
108	90	1.18766
108	100	1.11449
108	105	0.826613
108	106	0.794602
108	120	0.782776
108	128	1.101
108	131	1.07508
108	135	0.7243
108	139	0.800973
108	144	1.11096
108	152	1.10856
108	156	1.10696
108	158	1.11824
108	161	1.10901
108	163	1.14273
108	164	0.764004
108	168	0.809817
108	170	1.22617
108	172	0.774582
108	175	0.774811
108	178	1.12128
108	179	1.12682
108	180	1.27737
109	18	1.14621
109	41	1.17454
109	57	1.0992
109	73	1.23158
109	75	1.1876
109	76	1.18362
109	88	1.16751
109	98	1.19544
109	101	0.769035
109	103	1.22928
109	114	1.13376
109	117	1.18145
109	121	0.765853
109	123	0.789002
109	124	1.15004
109	132	1.20174
109	134	1.22109
109	135	1.21833
109	151	0.764558
109	153	0.725228
109	154	0.752254
109	162	0.749175
109	165	0.745988
109	166	0.783568
109	170	0.615869
109	174	0.645996
109	176	1.17862
110	26	0.702407
110	29	0.731615
110	34	0.831822
110	63	0.800881
110	94	0.707756
110	96	1.22213
110	97	0.719174
110	104	1.22309
110	111	1.12814
110	119	1.17185
110	129	1.15803
110	135	0.747388
110	151	1.17565
110	153	1.20626
110	158	0.76594
110	162	1.18368
110	163	1.20654
110	165	0.79375
110	166	1.1523
110	168	1.15407
110	169	1.18888
110	170	0.663631
110	172	1.18847
110	173	1.1669
110	175	1.18489
110	177	1.18911
110	180	0.630436
111	10	0.786053
111	74	0.757781
111	78	0.838308
111	88	0.849557
111	94	0.787717
111	102	0.808562
111	110	1.12814
111	115	1.11061
111	117	0.875136
111	133	1.10992
111	139	1.09387
111	146	1.09306
111	150	1.10289
111	151	1.10888
111	154	1.11588
111	155	1.11532
111	163	1.13977
111	164	1.11301
111	166	1.08553
111	167	1.12103
111	169	1.12211
111	172	1.1217
111	173	1.10013
111	175	1.11812
111	176	0.849107
111	178	0.833519
111	180	0.710397
112	16	1.14029
112	17	0.74827
112	25	1.22501
112	29	1.24737
112	30	1.21986
112	47	1.25694
112	63	1.13649
112	68	1.1253
112	69	1.20649
112	85	0.744071
112	86	1.08727
112	96	0.71719
112	99	1.19237
112	106	1.15377
112	121	1.16721
112	122	0.745362
112	126	1.18919
112	131	0.80216
112	137	1.12523
112	143	0.719485
112	149	1.14365
112	161	0.72904
112	169	0.763263
112	170	1.28356
112	174	0.658128
112	176	0.733516
112	177	0.743217
113	17	1.16162
113	37	0.744157
113	48	0.786781
113	71	0.701592
113	76	0.704443
113	97	1.1953
113	102	1.182
113	127	1.16543
113	131	1.14003
113	139	0.759882
113	140	1.183
113	144	1.17591
113	145	0.725395
113	146	0.751651
113	156	1.17191
113	157	1.15875
113	158	1.18319
113	159	1.14284
113	160	1.16316
113	163	1.20768
113	170	1.29112
113	172	0.733491
113	173	0.753138
113	175	0.73372
113	177	0.714669
113	178	1.18623
113	179	1.19177
114	19	1.08177
114	37	0.837502
114	50	1.07646
114	57	1.02465
114	67	1.15592
114	75	1.11304
114	76	1.10907
114	79	1.13285
114	88	1.09296
114	98	1.12088
114	103	1.15472
114	109	1.13376
114	117	1.10689
114	124	1.07549
114	132	1.12719
114	133	0.845702
114	134	1.14653
114	135	1.14378
114	136	0.806297
114	145	0.81874
114	153	0.802156
114	159	0.831567
114	169	0.828059
114	171	0.868842
114	176	1.10407
114	177	0.808014
114	180	0.659602
115	1	0.786579
115	17	0.806147
115	39	1.17918
115	59	0.721033
115	61	1.13268
115	69	0.754146
115	74	1.28304
115	77	1.15591
115	78	0.780594
115	84	1.08323
115	85	1.18045
115	89	1.13707
115	97	0.741421
115	111	1.11061
115	116	0.716896
115	124	0.865019
115	129	1.14051
115	158	0.788187
115	159	1.12417
115	160	0.781731
115	163	1.18902
115	166	1.13478
115	168	1.13655
115	171	1.12091
115	172	1.17095
115	173	1.14938
115	177	1.17159
115	180	0.652683
116	6	0.693139
116	7	1.25796
116	60	1.14094
116	65	1.29392
116	78	1.2368
116	94	1.23975
116	104	0.632542
116	105	0.73638
116	115	0.716896
116	122	0.667672
116	139	0.710741
116	140	1.22658
116	141	0.754886
116	142	1.2281
116	144	1.21949
116	147	1.25352
116	152	1.21709
116	157	1.20233
116	158	1.22677
116	161	1.21754
116	162	0.683617
116	165	1.19271
116	168	0.719584
116	171	0.726356
116	172	0.684349
116	175	0.684578
116	176	1.21665
116	178	1.22981
117	14	1.04021
117	18	1.11934
117	50	1.12415
117	54	1.19752
117	55	0.731357
117	57	1.07234
117	73	1.20471
117	75	1.16073
117	76	1.15676
117	79	1.18054
117	81	0.851134
117	88	1.14064
117	92	0.718011
117	103	1.20241
117	109	1.18145
117	111	0.875136
117	114	1.10689
117	132	1.17488
117	134	1.19422
117	135	1.19147
117	143	0.742321
117	151	0.799526
117	153	0.760195
117	173	0.804522
117	176	1.15176
117	177	0.766053
117	179	0.737587
117	180	0.617641
118	14	1.04507
118	23	1.14401
118	24	1.1022
118	48	0.820572
118	56	0.833861
118	60	1.08092
118	69	0.701511
118	74	0.647433
118	77	0.747005
118	97	1.17886
118	100	1.163
118	123	0.806376
118	137	0.779679
118	142	1.16808
118	144	1.15947
118	147	1.1935
118	152	1.15707
118	156	1.15547
118	157	1.14231
118	161	1.15752
118	162	0.76655
118	165	1.13269
118	170	1.27468
118	173	0.786928
118	175	0.767511
118	177	0.74846
118	178	1.16979
118	179	1.17533
119	9	1.04975
119	24	0.772547
119	37	1.15858
119	44	1.16301
119	58	0.878463
119	64	0.79241
119	76	0.772818
119	79	0.765274
119	90	0.703422
119	101	1.16183
119	110	1.17185
119	122	1.19105
119	125	1.16566
119	128	0.805358
119	141	1.11585
119	144	0.754344
119	148	1.19363
119	150	1.14661
119	155	1.15903
119	156	0.75771
119	164	1.15673
119	166	1.12924
119	172	1.16541
119	173	1.14384
119	175	1.16183
119	177	1.16605
119	178	0.757754
119	180	0.634632
120	4	0.745038
120	97	0.717067
120	108	0.782776
120	133	1.15447
120	134	0.752016
120	137	0.80796
120	139	1.13843
120	140	0.73994
120	141	1.1167
120	142	0.740059
120	143	1.17514
120	144	0.748041
120	145	1.16089
120	148	1.19447
120	150	1.14745
120	159	0.800295
120	162	1.16147
120	165	0.791644
120	166	1.13009
120	167	1.16559
120	168	1.13186
120	169	1.16667
120	171	1.11622
120	172	1.16626
120	173	1.14469
120	175	1.16268
120	176	0.76704
120	177	1.1669
121	33	1.04744
121	43	1.19752
121	45	1.08689
121	48	1.10358
121	64	1.13077
121	68	1.11042
121	70	1.11407
121	82	1.21701
121	86	1.0724
121	91	1.14243
121	92	0.736451
121	107	1.14
121	109	0.765853
121	112	1.16721
121	126	1.17431
121	130	0.71562
121	138	1.16109
121	139	0.829706
121	140	0.747691
121	143	0.76076
121	147	0.726681
121	149	1.12877
121	153	0.778635
121	159	0.808046
121	161	0.770316
121	174	1.28619
121	179	0.756026
121	180	1.31989
122	61	0.783451
122	81	1.16384
122	98	0.768946
122	112	0.745362
122	116	0.667672
122	119	1.19105
122	130	0.682997
122	135	0.72041
122	136	1.22722
122	142	0.715188
122	145	1.2023
122	150	1.18886
122	155	1.20128
122	158	0.738963
122	161	0.737693
122	162	1.20287
122	164	1.19898
122	165	0.766773
122	166	1.17149
122	167	1.207
122	168	1.17326
122	169	1.20807
122	170	0.636654
122	171	1.15762
122	172	1.20766
122	173	1.18609
122	175	1.20408
122	177	1.2083
122	178	0.72658
123	43	0.801085
123	56	0.893042
123	62	0.827156
123	67	0.722605
123	81	1.08865
123	96	1.16614
123	109	0.789002
123	118	0.806376
123	133	1.1207
123	139	1.10465
123	144	0.778942
123	151	1.11966
123	153	1.15027
123	159	0.831195
123	160	0.788278
123	162	1.12769
123	164	1.1238
123	166	1.09631
123	167	1.13181
123	168	1.09808
123	169	1.13289
123	171	1.08244
123	172	1.13248
123	173	1.11091
123	174	1.25149
123	175	1.1289
123	176	0.79794
123	177	1.13312
123	180	0.65923
124	4	1.16751
124	16	0.855853
124	18	1.08794
124	19	1.09805
124	50	1.09275
124	54	1.16612
124	57	1.04093
124	71	0.800572
124	73	1.17331
124	75	1.12933
124	76	1.12535
124	79	1.14913
124	88	1.10924
124	96	0.787623
124	98	1.13717
124	103	1.17101
124	109	1.15004
124	114	1.07549
124	115	0.865019
124	132	1.14347
124	134	1.16282
124	143	0.789917
124	157	0.806533
124	163	0.783103
124	174	0.728561
124	175	0.8327
124	176	1.12035
124	179	0.785183
124	180	0.665238
125	21	0.782247
125	84	0.820554
125	87	1.19671
125	88	0.74779
125	105	1.14622
125	107	0.830621
125	119	1.16566
125	131	1.13269
125	140	0.72024
125	145	1.17691
125	146	1.15364
125	147	0.69923
125	148	1.21049
125	149	0.772635
125	150	1.16347
125	151	1.16946
125	154	1.17645
125	156	0.731708
125	161	0.742865
125	162	1.17748
125	165	0.771945
125	166	1.1461
125	168	1.14788
125	170	0.641826
125	171	1.13223
125	172	1.18227
125	173	1.16071
125	175	1.1787
125	177	1.18291
125	179	0.728575
126	5	1.08018
126	29	1.25447
126	40	1.20551
126	43	1.2195
126	54	1.21838
126	56	1.10765
126	58	1.09612
126	62	0.782609
126	68	1.1324
126	70	1.13605
126	71	1.23569
126	86	1.09438
126	96	0.737068
126	99	1.19948
126	106	1.16087
126	107	1.16198
126	112	1.18919
126	121	1.17431
126	127	0.747483
126	131	0.822037
126	138	1.18308
126	143	0.739363
126	147	0.705284
126	149	1.15075
126	153	0.757237
126	162	0.781185
126	163	0.732548
126	172	0.781917
126	174	0.678006
126	178	0.737805
127	12	1.13636
127	22	1.11414
127	27	1.194
127	31	1.23019
127	36	0.715302
127	44	0.760885
127	46	1.2373
127	74	1.26994
127	77	1.14281
127	81	0.819194
127	84	1.07013
127	85	1.16735
127	89	1.12397
127	101	0.772063
127	113	1.16543
127	126	0.747483
127	132	0.72163
127	140	1.15124
127	143	1.16673
127	150	0.758648
127	151	0.767586
127	159	1.11107
127	160	1.13139
127	165	1.11736
127	166	0.786596
127	169	0.754159
127	172	0.752935
127	174	0.649024
127	179	1.16
127	180	1.31055
128	7	1.18313
128	8	0.74606
128	11	0.710447
128	17	1.13037
128	28	1.21183
128	35	1.05612
128	66	1.18765
128	73	0.737344
128	75	0.766062
128	77	0.770586
128	87	0.736622
128	96	0.746013
128	108	1.101
128	119	0.805358
128	139	0.817253
128	140	1.15175
128	142	1.15327
128	144	1.14466
128	149	1.11995
128	152	1.14226
128	156	1.14066
128	157	1.1275
128	160	1.13191
128	161	1.14271
128	165	1.11788
128	168	0.826096
128	171	0.832868
128	173	0.810508
128	176	1.14181
128	178	1.15498
128	179	1.16052
129	26	0.735589
129	33	0.896931
129	51	0.740332
129	52	1.10035
129	59	0.731969
129	64	0.821397
129	99	0.844762
129	105	1.11554
129	110	1.15803
129	115	1.14051
129	136	1.17116
129	139	1.12377
129	140	0.775229
129	145	1.14623
129	146	1.12296
129	151	1.13878
129	155	1.14521
129	161	0.797853
129	162	1.14681
129	166	1.11542
129	168	1.1172
129	169	1.15201
129	170	0.696814
129	171	1.10156
129	172	1.15159
129	173	1.13003
129	174	1.2706
129	176	0.802329
129	177	1.15224
129	178	0.78674
129	180	0.663619
130	31	0.652521
130	38	1.17173
130	40	0.702949
130	67	1.2362
130	85	0.681706
130	89	0.762113
130	90	1.26389
130	93	1.19883
130	97	1.20658
130	100	1.19072
130	121	0.71562
130	122	0.682997
130	137	0.712072
130	139	0.726066
130	141	0.770211
130	142	1.1958
130	143	1.20978
130	144	1.18719
130	151	0.714325
130	156	1.18319
130	157	1.17003
130	159	1.15412
130	160	1.17444
130	163	1.21897
130	166	0.733335
130	168	0.734909
130	173	0.719321
130	176	1.18435
130	178	1.19751
130	179	1.20305
130	180	1.3536
131	19	0.81202
131	45	0.846953
131	53	0.728393
131	54	0.796858
131	60	1.04019
131	73	0.773972
131	77	0.807213
131	87	1.14689
131	88	0.799416
131	106	0.847509
131	108	1.07508
131	112	0.80216
131	113	1.14003
131	125	1.13269
131	126	0.822037
131	134	0.783943
131	135	0.777208
131	142	1.12735
131	144	1.11875
131	147	1.15278
131	154	1.12663
131	156	1.11474
131	160	1.106
131	162	1.12766
131	164	1.12377
131	168	1.09805
131	169	1.13286
131	173	1.11088
131	175	1.12887
131	177	1.13309
131	178	1.12906
131	179	1.1346
132	1	1.21525
132	4	1.21921
132	14	1.0605
132	15	1.21033
132	19	1.14975
132	40	0.759339
132	41	1.16796
132	75	1.18103
132	76	1.17705
132	79	1.20083
132	88	1.16094
132	95	0.746562
132	98	1.18887
132	103	1.2227
132	109	1.20174
132	114	1.12719
132	117	1.17488
132	124	1.14347
132	127	0.72163
132	134	1.21451
132	135	1.21176
132	143	0.71351
132	145	0.747969
132	151	0.770715
132	153	0.731385
132	154	0.758411
132	155	0.752219
132	164	0.745487
132	167	0.748628
132	168	0.791299
132	170	0.622026
132	176	1.17205
133	14	0.893584
133	43	0.780857
133	47	0.708433
133	52	1.119
133	65	0.687362
133	74	0.686387
133	87	1.18468
133	98	0.804491
133	102	0.737168
133	106	0.826256
133	111	1.10992
133	114	0.845702
133	120	1.15447
133	123	1.1207
133	136	1.18981
133	145	1.16488
133	146	1.14161
133	148	1.19846
133	150	1.15144
133	151	1.15743
133	152	0.74996
133	155	1.16387
133	158	0.774507
133	164	1.16157
133	167	1.16958
133	168	1.13585
133	171	1.12021
133	172	1.17025
133	173	1.14868
133	175	1.16667
133	177	1.17089
133	178	0.762124
