1	12	0.855315
1	44	0.751024
1	67	0.848239
1	68	0.84833
1	71	0.848436
1	98	2.67147
1	101	3.07663
1	108	0.82769
1	127	0.808651
1	147	0.816586
1	150	2.19432
2	6	0.686086
2	27	0.755503
2	28	0.753404
2	49	0.719806
2	75	0.739873
2	89	0.712902
2	111	1.33377
2	140	0.729082
2	144	0.719269
2	149	0.711674
2	161	0.694031
2	169	5.70665
3	77	1.13273
3	89	1.34528
3	168	0.739547
3	170	0.724166
3	171	0.732885
3	174	0.713591
3	175	0.760925
3	176	0.727067
3	177	0.710344
3	178	0.734963
3	179	0.732709
3	180	0.700811
4	23	0.836704
4	30	0.841781
4	40	0.818962
4	41	0.823214
4	43	0.828295
4	51	0.808856
4	130	0.81038
4	138	1.64665
4	146	0.862927
4	147	3.02865
4	157	3.16389
5	17	0.825556
5	39	0.800814
5	57	0.786992
5	64	0.83771
5	73	0.823187
5	95	0.78228
5	97	0.833193
5	131	0.743562
5	134	2.62279
5	141	1.94211
5	159	0.761898
5	172	3.82221
6	2	0.686086
6	27	0.757444
6	28	0.755344
6	49	0.721747
6	63	0.707054
6	75	0.741814
6	140	0.731022
6	141	2.58241
6	144	0.721209
6	149	0.713614
6	161	0.695971
6	168	4.6481
7	11	0.682404
7	25	0.746946
7	44	0.653126
7	52	0.718328
7	67	0.750341
7	68	0.750432
7	71	0.750538
7	108	0.729792
7	127	0.710753
7	138	2.04986
7	147	0.718688
7	178	5.29223
8	63	2.19201
8	112	0.34139
8	132	0.793252
8	165	0.710623
8	171	0.728941
8	173	0.735019
8	174	0.709647
8	176	0.723123
8	177	0.7064
8	178	0.731019
8	179	0.728765
8	180	0.696867
9	16	0.691708
9	17	0.749132
9	29	0.751886
9	46	0.737069
9	57	0.710568
9	95	0.705856
9	97	0.756769
9	128	2.70961
9	130	0.709627
9	136	0.732167
9	159	0.685474
9	179	4.75586
10	39	3.08783
10	70	0.71036
10	169	0.652399
10	171	0.663885
10	172	0.673162
10	173	0.669963
10	174	0.644591
10	176	0.658067
10	177	0.641344
10	178	0.665963
10	179	0.663709
10	180	0.631811
11	7	0.682404
11	12	0.753804
11	25	0.743333
11	44	0.649513
11	52	0.714715
11	67	0.746729
11	68	0.746819
11	71	0.746925
11	111	2.572
11	127	0.70714
11	139	4.1941
11	147	0.715075
12	1	0.855315
12	11	0.753804
12	25	0.818346
12	44	0.724526
12	52	0.789728
12	67	0.821742
12	68	0.821833
12	71	0.821938
12	99	2.49874
12	147	0.790088
12	149	2.96202
12	166	3.25843
13	19	0.835512
13	21	0.739679
13	35	0.734684
13	69	0.677599
13	72	0.735456
13	80	0.677471
13	87	0.713507
13	88	5.35818
13	111	1.7786
13	112	0.707834
13	127	0.701062
13	145	0.701557
14	77	0.822492
14	82	0.757426
14	90	0.800247
14	104	0.81554
14	106	0.804477
14	110	0.807094
14	116	0.829896
14	119	0.78364
14	124	0.798053
14	131	3.86826
14	132	2.46902
14	133	2.46618
15	72	3.646
15	143	0.758532
15	168	0.659798
15	170	0.644418
15	172	0.662414
15	173	0.659214
15	175	0.681177
15	176	0.647319
15	177	0.630596
15	178	0.655215
15	179	0.65296
15	180	0.621062
16	9	0.691708
16	29	0.754204
16	36	0.761129
16	46	0.739387
16	95	0.708174
16	97	0.759087
16	130	0.711945
16	131	0.669456
16	136	0.734485
16	142	1.67994
16	159	0.687792
16	174	5.60837
17	5	0.825556
17	9	0.749132
17	36	0.818553
17	38	5.6
17	57	0.770309
17	64	0.821027
17	95	0.765598
17	97	0.816511
17	130	0.769369
17	131	0.72688
17	156	2.55688
17	159	0.745216
17	171	3.17206
18	41	0.699811
18	43	0.704892
18	51	0.685453
18	52	0.697365
18	67	0.729378
18	68	0.729469
18	71	0.729575
18	107	4.44463
18	127	0.68979
18	130	0.686977
18	146	0.739525
18	147	0.697724
18	158	3.38398
19	13	0.835512
19	21	0.908556
19	54	0.86176
19	69	0.846476
19	72	0.904333
19	87	0.882384
19	96	1.70332
19	107	0.812485
19	125	0.87184
19	139	2.85354
19	141	2.14434
19	145	0.870434
19	149	3.1163
20	82	0.738582
20	93	0.781195
20	104	0.796697
20	106	0.785634
20	109	0.786488
20	114	0.781523
20	115	1.78986
20	116	0.811052
20	119	0.764796
20	124	0.779209
20	134	0.761342
20	148	3.35612
20	166	3.86284
21	13	0.739679
21	19	0.908556
21	66	1.94553
21	69	0.750643
21	72	0.8085
21	80	0.750515
21	107	0.716653
21	112	0.780878
21	125	0.776007
21	127	0.774106
21	145	0.774601
21	151	2.51743
21	172	4.42083
22	34	0.802263
22	37	0.806681
22	54	0.77208
22	69	0.756795
22	80	0.756668
22	87	0.792703
22	112	0.787031
22	125	0.782159
22	127	0.780259
22	128	1.55407
22	145	0.780754
22	152	1.87665
22	165	5.68211
23	4	0.836704
23	30	0.78759
23	40	0.76477
23	41	0.769022
23	43	0.774103
23	51	0.754664
23	60	0.795083
23	89	0.762086
23	130	0.756188
23	146	0.808735
23	168	3.27336
23	173	3.43732
23	175	2.30597
24	114	1.71199
24	132	0.770839
24	146	0.961539
24	166	0.744823
24	168	0.71319
24	172	0.715805
24	173	0.712606
24	175	0.734568
24	176	0.70071
24	177	0.683987
24	178	0.708606
24	179	0.706352
24	180	0.674454
25	7	0.746946
25	11	0.743333
25	12	0.818346
25	44	0.714055
25	52	0.779257
25	67	0.81127
25	68	0.811361
25	70	3.26826
25	71	0.811467
25	94	1.2529
25	127	0.771682
25	147	0.779616
25	168	4.22659
26	27	3.39234
26	153	0.654076
26	165	0.642352
26	167	0.664929
26	170	0.651951
26	171	0.66067
26	172	0.669947
26	175	0.68871
26	176	0.654852
26	177	0.638129
26	178	0.662748
26	179	0.660493
26	180	0.628595
27	2	0.755503
27	6	0.757444
27	26	3.39234
27	48	0.784609
27	63	0.776472
27	75	0.811231
27	101	0.775587
27	111	2.16846
27	140	0.80044
27	144	0.790627
27	149	0.783032
27	161	0.765389
27	165	3.41212
28	2	0.753404
28	6	0.755344
28	48	0.782509
28	49	0.789065
28	75	0.809132
28	100	2.2366
28	101	0.773488
28	140	0.798341
28	144	0.788528
28	149	0.780933
28	159	3.03941
28	161	0.76329
28	171	4.33132
29	9	0.751886
29	16	0.754204
29	39	0.786886
29	46	0.799565
29	64	0.823782
29	95	0.768352
29	97	0.819265
29	130	0.772123
29	136	0.794663
29	144	1.91478
29	159	0.74797
29	174	4.5046
29	176	3.5022
30	4	0.841781
30	23	0.78759
30	40	0.769848
30	41	0.774099
30	43	0.77918
30	45	1.81002
30	50	0.773799
30	51	0.759741
30	89	0.767163
30	130	0.761265
30	146	0.813813
30	178	2.41899
30	180	6.14059
31	53	0.715107
31	76	0.67537
31	92	0.701915
31	102	0.733481
31	117	0.688144
31	118	0.689969
31	120	0.727585
31	121	0.718496
31	122	0.677696
31	123	0.677858
31	146	0.744931
31	150	2.78097
31	157	0.66244
31	178	5.54436
32	57	0.612201
32	63	2.73699
32	165	0.694504
32	169	0.701335
32	171	0.712821
32	172	0.722099
32	173	0.718899
32	174	0.693527
32	175	0.740862
32	176	0.707004
32	177	0.690281
32	178	0.7149
32	179	0.712645
32	180	0.680747
33	85	0.765696
33	90	0.756301
33	93	0.756093
33	104	0.771595
33	105	0.775624
33	106	0.760532
33	109	0.761386
33	110	0.763148
33	113	0.757573
33	116	0.78595
33	124	0.754107
33	135	2.60637
33	142	3.25751
33	156	3.03337
34	22	0.802263
34	35	0.791116
34	37	0.783916
34	54	0.749315
34	72	0.791887
34	80	0.733903
34	87	0.769939
34	88	2.24182
34	107	0.70004
34	125	0.759395
34	127	0.757494
34	145	0.757989
34	160	1.57666
34	180	6.05589
35	13	0.734684
35	34	0.791116
35	54	0.760932
35	55	2.5683
35	69	0.745648
35	72	0.803504
35	80	0.74552
35	87	0.781556
35	107	0.711657
35	125	0.771012
35	127	0.769111
35	145	0.769606
35	166	2.57399
35	171	4.79108
36	16	0.761129
36	17	0.818553
36	39	0.793811
36	57	0.779988
36	62	0.729374
36	79	2.11951
36	95	0.775277
36	97	0.82619
36	129	2.55456
36	131	0.736559
36	136	0.801588
36	159	0.754895
36	160	4.33457
37	22	0.806681
37	34	0.783916
37	54	0.753732
37	56	2.03486
37	69	0.738448
37	72	0.796305
37	80	0.73832
37	87	0.774356
37	107	0.704457
37	125	0.763812
37	127	0.761911
37	139	3.7116
37	145	0.762406
37	156	2.97738
38	17	5.6
38	167	0.661549
38	169	0.645803
38	170	0.648571
38	171	0.657289
38	172	0.666566
38	173	0.663367
38	174	0.637995
38	175	0.685329
38	176	0.651471
38	177	0.634748
38	178	0.659367
38	179	0.657113
38	180	0.625215
39	5	0.800814
39	10	3.08783
39	29	0.786886
39	36	0.793811
39	57	0.745567
39	64	0.796285
39	95	0.740856
39	97	0.791769
39	130	0.744627
39	131	0.702138
39	136	0.767167
39	150	1.66125
39	159	0.720474
39	170	3.58841
40	4	0.818962
40	23	0.76477
40	30	0.769848
40	41	0.75128
40	43	0.756361
40	50	0.750979
40	51	0.736922
40	60	0.777341
40	89	0.744344
40	130	0.738446
40	146	0.790993
40	168	2.9168
40	173	3.08076
40	178	3.61027
41	4	0.823214
41	18	0.699811
41	23	0.769022
41	30	0.774099
41	40	0.75128
41	43	0.760612
41	51	0.741174
41	60	0.781593
41	62	6
41	79	1.51495
41	89	0.748595
41	130	0.742698
41	146	0.795245
41	151	1.7052
42	71	1.69928
42	88	0.777218
42	119	1.67179
42	168	0.71184
42	169	0.693692
42	170	0.69646
42	172	0.714455
42	173	0.711256
42	174	0.685884
42	176	0.69936
42	177	0.682637
42	178	0.707256
42	179	0.705002
42	180	0.673104
43	4	0.828295
43	18	0.704892
43	23	0.774103
43	30	0.77918
43	40	0.756361
43	41	0.760612
43	50	0.760312
43	51	0.746255
43	89	0.753676
43	130	0.747778
43	146	0.800326
43	152	2.13161
43	173	3.5242
43	179	3.85528
44	1	0.751024
44	7	0.653126
44	11	0.649513
44	12	0.724526
44	25	0.714055
44	52	0.685437
44	67	0.717451
44	68	0.717541
44	71	0.717647
44	108	0.696901
44	127	0.677862
44	135	3.132
44	147	0.685797
44	157	4.61806
45	30	1.81002
45	72	0.277033
45	108	1.10893
45	169	0.764123
45	170	0.766891
45	171	0.775609
45	172	0.784886
45	173	0.781687
45	174	0.756315
45	175	0.803649
45	177	0.753068
45	178	0.777687
45	179	0.775433
45	180	0.743535
46	9	0.737069
46	16	0.739387
46	29	0.799565
46	57	0.758247
46	73	0.794442
46	95	0.753535
46	97	0.804449
46	126	2.51242
46	130	0.757306
46	131	0.714818
46	136	0.779846
46	157	3.2772
46	159	0.733153
46	175	3.34146
47	65	0.756667
47	74	0.732705
47	86	0.767336
47	92	0.757408
47	103	0.775223
47	117	0.743637
47	118	0.745462
47	120	0.783078
47	121	0.773989
47	122	0.73319
47	123	0.733351
47	135	1.68777
47	155	3.78648
47	157	0.717933
47	172	4.0199
48	27	0.784609
48	28	0.782509
48	49	0.748912
48	63	0.734219
48	70	0.717521
48	75	0.768979
48	101	0.733334
48	108	0.757961
48	115	1.81433
48	140	0.758187
48	142	2.81807
48	144	0.748374
48	149	0.740779
48	161	0.723136
48	167	4.96229
49	2	0.719806
49	6	0.721747
49	28	0.789065
49	48	0.748912
49	63	0.740775
49	75	0.775534
49	89	0.748563
49	108	0.764517
49	140	0.764743
49	143	1.25221
49	144	0.75493
49	149	0.747335
49	161	0.729692
49	163	4.9448
49	178	3.8118
50	30	0.773799
50	40	0.750979
50	43	0.760312
50	51	0.740873
50	76	0.725383
50	103	0.769743
50	121	0.768509
50	122	0.72771
50	123	0.727871
50	130	0.742397
50	146	0.794945
50	152	2.1207
50	157	0.712454
50	171	4.76909
50	172	3.16375
51	4	0.808856
51	18	0.685453
51	23	0.754664
51	30	0.759741
51	40	0.736922
51	41	0.741174
51	43	0.746255
51	50	0.740873
51	60	0.767235
51	89	0.734237
51	101	2.18522
51	130	0.72834
51	137	4.29154
51	146	0.780887
51	173	3.53678
52	7	0.718328
52	11	0.714715
52	12	0.789728
52	18	0.697365
52	25	0.779257
52	44	0.685437
52	56	1.89254
52	67	0.782652
52	68	0.782743
52	71	0.782849
52	108	0.762103
52	127	0.743064
52	134	3.54077
52	147	0.750998
52	175	3.95838
53	31	0.715107
53	83	0.772321
53	91	0.762218
53	104	0.774554
53	106	0.763491
53	114	0.75938
53	117	0.748347
53	119	0.742654
53	122	0.737899
53	123	0.738061
53	124	0.757067
53	126	1.7105
53	157	0.722643
53	173	3.6709
53	176	4.5664
54	19	0.86176
54	22	0.77208
54	34	0.749315
54	35	0.760932
54	37	0.753732
54	69	0.703847
54	72	0.761704
54	80	0.703719
54	87	0.739755
54	112	0.734082
54	127	0.72731
54	131	4.34178
54	145	0.727805
54	166	2.37805
54	168	3.17539
55	35	2.5683
55	75	1.6237
55	131	0.72212
55	167	0.703804
55	170	0.690826
55	171	0.699544
55	172	0.708821
55	173	0.705622
55	174	0.68025
55	175	0.727584
55	176	0.693726
55	177	0.677003
55	178	0.701622
55	179	0.699368
55	180	0.66747
56	37	2.03486
56	52	1.89254
56	140	0.835429
56	165	0.742966
56	168	0.767945
56	171	0.761284
56	172	0.770561
56	173	0.767362
56	174	0.74199
56	175	0.789324
56	176	0.755466
56	177	0.738743
56	178	0.763362
56	179	0.761107
56	180	0.72921
57	5	0.786992
57	9	0.710568
57	17	0.770309
57	32	0.612201
57	36	0.779988
57	39	0.745567
57	46	0.758247
57	64	0.782463
57	79	1.5709
57	95	0.727034
57	97	0.777947
57	131	0.688316
57	136	0.753345
57	153	6.34627
57	159	0.706652
58	81	0.760555
58	84	0.755562
58	90	0.744595
58	93	0.744387
58	104	0.759889
58	105	0.763918
58	109	0.74968
58	113	0.745867
58	114	0.744715
58	116	0.774244
58	119	0.727989
58	124	0.742402
58	137	4.57718
58	156	1.56775
58	168	3.65846
59	83	0.204237
59	109	0.908704
59	122	1.13474
59	165	0.744496
59	168	0.769475
59	169	0.751327
59	171	0.762813
59	173	0.768891
59	174	0.743519
59	175	0.790853
59	176	0.756995
59	177	0.740272
59	178	0.764891
59	179	0.762637
59	180	0.730739
60	23	0.795083
60	40	0.777341
60	41	0.781593
60	51	0.767235
60	69	2.02286
60	85	0.750789
60	105	0.113941
60	130	0.768759
60	146	0.821306
60	167	0.707954
60	168	0.710356
60	172	0.712971
60	175	0.731734
60	176	0.697876
60	179	0.703518
60	180	0.67162
61	74	0.716632
61	78	1.89604
61	102	0.772902
61	103	0.759151
61	117	0.727565
61	118	0.72939
61	120	0.767006
61	121	0.757916
61	122	0.717117
61	123	0.717279
61	125	0.736518
61	140	0.753882
61	145	0.735112
61	152	2.94579
61	157	0.701861
61	176	5.23389
62	36	0.729374
62	41	6
62	95	0.676419
62	97	0.727332
62	130	0.68019
62	136	0.70273
62	154	0.610483
62	159	0.656037
62	173	0.621203
62	174	0.595831
62	175	0.643165
62	177	0.592584
62	178	0.617203
62	179	0.614949
62	180	0.583051
63	6	0.707054
63	8	2.19201
63	27	0.776472
63	32	2.73699
63	48	0.734219
63	49	0.740775
63	70	0.709384
63	75	0.760842
63	89	0.733871
63	101	0.725198
63	108	0.749825
63	138	2.60477
63	140	0.750051
63	144	0.740238
63	149	0.732643
63	161	0.715
64	5	0.83771
64	17	0.821027
64	29	0.823782
64	39	0.796285
64	57	0.782463
64	73	0.818658
64	95	0.777752
64	97	0.828665
64	130	0.781522
64	131	0.739034
64	136	0.804062
64	138	1.91443
64	143	2.59721
64	144	2.88225
64	157	3.43167
64	159	0.75737
65	47	0.756667
65	74	0.723481
65	76	0.721639
65	91	0.748285
65	117	0.734414
65	118	0.736239
65	120	0.773855
65	121	0.764766
65	122	0.723966
65	123	0.724128
65	125	0.743367
65	145	0.741962
65	157	0.70871
65	164	3.23606
65	174	4.99859
65	175	1.96933
66	21	1.94553
66	71	1.65314
66	82	0.47657
66	165	0.731892
66	167	0.754469
66	169	0.738723
66	171	0.750209
66	172	0.759486
66	173	0.756287
66	174	0.730915
66	175	0.778249
66	176	0.744391
66	177	0.727668
66	178	0.752287
66	179	0.750033
66	180	0.718135
67	1	0.848239
67	7	0.750341
67	11	0.746729
67	12	0.821742
67	18	0.729378
67	25	0.81127
67	44	0.717451
67	52	0.782652
67	68	0.814757
67	71	0.814862
67	98	3.00727
67	108	0.794116
67	127	0.775077
67	141	2.53434
67	144	3.01895
67	147	0.783012
67	156	2.50932
68	1	0.84833
68	7	0.750432
68	11	0.746819
68	12	0.821833
68	18	0.729469
68	25	0.811361
68	44	0.717541
68	52	0.782743
68	67	0.814757
68	71	0.814953
68	108	0.794207
68	127	0.775168
68	133	3.58977
68	147	0.783103
68	149	2.73173
68	150	1.75554
68	159	3.9533
69	13	0.677599
69	19	0.846476
69	21	0.750643
69	22	0.756795
69	35	0.745648
69	37	0.738448
69	54	0.703847
69	60	2.02286
69	72	0.74642
69	80	0.688435
69	87	0.724471
69	107	0.654572
69	112	0.718798
69	115	2.59901
69	125	0.713927
69	145	0.712521
69	157	4.43766
70	10	0.71036
70	25	3.26826
70	48	0.717521
70	63	0.709384
70	75	0.744143
70	113	2.17285
70	140	0.733352
70	144	0.723539
70	149	0.715944
70	161	0.698301
70	169	0.634724
70	170	0.637491
70	174	0.626916
70	175	0.67425
70	176	0.640392
70	178	0.648288
70	180	0.614136
71	1	0.848436
71	7	0.750538
71	11	0.746925
71	12	0.821938
71	18	0.729575
71	25	0.811467
71	42	1.69928
71	44	0.717647
71	52	0.782849
71	66	1.65314
71	67	0.814862
71	68	0.814953
71	98	2.72126
71	108	0.794313
71	127	0.775274
71	144	2.73294
71	147	0.783209
72	13	0.735456
72	15	3.646
72	19	0.904333
72	21	0.8085
72	34	0.791887
72	35	0.803504
72	37	0.796305
72	45	0.277033
72	54	0.761704
72	69	0.74642
72	73	1.33715
72	80	0.746292
72	87	0.782328
72	112	0.776655
72	127	0.769883
72	145	0.770378
72	169	4.01763
73	5	0.823187
73	46	0.794442
73	64	0.818658
73	72	1.33715
73	81	1.46159
73	95	0.763229
73	108	1.49325
73	131	0.724511
73	153	0.695342
73	159	0.742847
73	165	0.683618
73	168	0.708597
73	175	0.729975
73	176	0.696117
73	177	0.679394
73	179	0.701759
73	180	0.669861
74	47	0.732705
74	61	0.716632
74	65	0.723481
74	76	0.697677
74	91	0.724323
74	103	0.742037
74	118	0.712276
74	120	0.749892
74	121	0.740803
74	122	0.700004
74	123	0.700165
74	125	0.719405
74	140	0.736769
74	145	0.717999
74	157	0.684748
74	159	2.85055
74	162	2.78141
74	177	5.65172
75	2	0.739873
75	6	0.741814
75	27	0.811231
75	28	0.809132
75	48	0.768979
75	49	0.775534
75	55	1.6237
75	63	0.760842
75	70	0.744143
75	89	0.76863
75	108	0.784584
75	140	0.78481
75	144	0.774997
75	149	0.767402
75	150	1.45803
75	151	1.43897
75	161	0.749759
75	180	6.84179
76	31	0.67537
76	50	0.725383
76	65	0.721639
76	74	0.697677
76	86	0.732308
76	102	0.753946
76	103	0.740195
76	117	0.70861
76	118	0.710434
76	120	0.74805
76	121	0.738961
76	122	0.698162
76	123	0.698323
76	129	2.68564
76	146	0.765397
76	157	0.682906
76	166	3.73247
76	173	4.69376
77	3	1.13273
77	14	0.822492
77	81	0.781415
77	82	0.722635
77	83	0.778517
77	85	0.774851
77	104	0.780749
77	105	0.784778
77	109	0.770541
77	110	0.772303
77	113	0.766727
77	116	0.795105
77	119	0.748849
77	124	0.763262
77	134	0.745395
77	141	2.12746
77	152	2.9645
77	158	4.60136
78	61	1.89604
78	89	2.12731
78	146	0.736387
78	165	0.712576
78	167	0.735152
78	168	0.737555
78	169	0.719407
78	170	0.722175
78	171	0.730893
78	172	0.74017
78	173	0.736971
78	174	0.711599
78	175	0.758933
78	176	0.725075
78	177	0.708352
78	178	0.732971
78	179	0.730717
78	180	0.698819
79	36	2.11951
79	41	1.51495
79	57	1.5709
79	86	0.616368
79	167	0.785837
79	168	0.788239
79	169	0.770091
79	170	0.772859
79	171	0.781577
79	172	0.790855
79	173	0.787655
79	174	0.762283
79	175	0.809618
79	176	0.77576
79	177	0.759037
79	178	0.783656
79	179	0.781401
79	180	0.749503
80	13	0.677471
80	21	0.750515
80	22	0.756668
80	34	0.733903
80	35	0.74552
80	37	0.73832
80	54	0.703719
80	69	0.688435
80	72	0.746292
80	87	0.724343
80	96	1.59648
80	107	0.654444
80	112	0.71867
80	125	0.713799
80	127	0.711898
80	145	0.712393
80	157	3.07152
80	174	6.16504
81	58	0.760555
81	73	1.46159
81	77	0.781415
81	82	0.716349
81	83	0.772231
81	84	0.770136
81	85	0.768565
81	93	0.758961
81	105	0.778492
81	109	0.764254
81	110	0.766016
81	112	0.762081
81	113	0.760441
81	114	0.75929
81	119	0.742563
81	124	0.756976
81	126	1.62714
81	131	4.58996
81	164	3.72291
82	14	0.757426
82	20	0.738582
82	66	0.47657
82	77	0.722635
82	81	0.716349
82	83	0.71345
82	90	0.700389
82	104	0.715683
82	105	0.719712
82	106	0.70462
82	110	0.707236
82	113	0.701661
82	114	0.700509
82	116	0.730038
82	119	0.683783
82	124	0.698196
82	134	0.680329
82	153	6.45483
82	162	3.19615
83	53	0.772321
83	59	0.204237
83	77	0.778517
83	81	0.772231
83	82	0.71345
83	93	0.756063
83	104	0.771565
83	105	0.775594
83	106	0.760502
83	109	0.761356
83	110	0.763118
83	112	0.759183
83	113	0.757543
83	114	0.756391
83	119	0.739665
83	124	0.754078
83	149	1.91482
83	166	2.21122
83	180	7.42362
84	58	0.755562
84	81	0.770136
84	85	0.763572
84	90	0.754177
84	93	0.753969
84	99	2.12948
84	104	0.76947
84	105	0.7735
84	106	0.758408
84	107	5.15537
84	109	0.759262
84	110	0.761024
84	113	0.755449
84	114	0.754297
84	116	0.783826
84	119	0.73757
84	124	0.751983
84	135	1.16879
84	178	4.37997
85	33	0.765696
85	60	0.750789
85	77	0.774851
85	81	0.768565
85	84	0.763572
85	90	0.752605
85	93	0.752397
85	105	0.771928
85	106	0.756836
85	109	0.75769
85	110	0.759452
85	113	0.753877
85	114	0.752725
85	116	0.782254
85	119	0.735999
85	124	0.750412
85	139	2.84076
85	162	4.25596
85	175	3.22986
86	47	0.767336
86	76	0.732308
86	79	0.616368
86	91	0.758954
86	102	0.79042
86	103	0.776669
86	117	0.745083
86	118	0.746908
86	120	0.784524
86	121	0.775434
86	122	0.734635
86	123	0.734797
86	136	0.771863
86	145	0.75263
86	146	0.80187
86	157	0.719379
86	162	2.9543
86	170	4.68093
86	179	3.39063
87	13	0.713507
87	19	0.882384
87	22	0.792703
87	34	0.769939
87	35	0.781556
87	37	0.774356
87	54	0.739755
87	69	0.724471
87	72	0.782328
87	80	0.724343
87	107	0.69048
87	112	0.754706
87	125	0.749835
87	127	0.747934
87	145	0.748429
87	148	1.39024
87	167	2.97194
87	174	4.75615
87	176	3.75375
88	13	5.35818
88	34	2.24182
88	42	0.777218
88	165	0.653457
88	166	0.71007
88	167	0.676033
88	168	0.678436
88	169	0.660288
88	170	0.663056
88	171	0.671774
88	172	0.681051
88	173	0.677852
88	174	0.65248
88	175	0.699814
88	176	0.665956
88	177	0.649233
88	178	0.673852
88	179	0.671598
88	180	0.6397
89	2	0.712902
89	3	1.34528
89	23	0.762086
89	30	0.767163
89	40	0.744344
89	41	0.748595
89	43	0.753676
89	49	0.748563
89	51	0.734237
89	63	0.733871
89	75	0.76863
89	78	2.12731
89	129	2.56152
89	130	0.735761
89	140	0.757839
89	144	0.748026
89	146	0.788309
89	149	0.740431
89	161	0.722788
89	162	4.4644
90	14	0.800247
90	33	0.756301
90	58	0.744595
90	82	0.700389
90	84	0.754177
90	85	0.752605
90	93	0.743002
90	94	1.42074
90	104	0.758504
90	105	0.762533
90	109	0.748295
90	110	0.750057
90	114	0.743331
90	116	0.772859
90	119	0.726604
90	124	0.741017
90	134	0.72315
90	147	3.22754
90	164	4.69377
90	175	3.42704
91	53	0.762218
91	65	0.748285
91	74	0.724323
91	86	0.758954
91	92	0.749026
91	102	0.780592
91	117	0.735255
91	118	0.73708
91	120	0.774696
91	121	0.765607
91	122	0.724807
91	123	0.724969
91	128	2.33318
91	140	0.761572
91	145	0.742803
91	146	0.792042
91	155	3.46541
91	157	0.709551
91	166	3.08707
91	167	4.16205
92	31	0.701915
92	47	0.757408
92	91	0.749026
92	102	0.780492
92	103	0.766741
92	117	0.735155
92	118	0.73698
92	120	0.774596
92	121	0.765507
92	122	0.724708
92	123	0.724869
92	136	0.761935
92	138	1.44976
92	140	0.761473
92	143	2.13253
92	145	0.742703
92	146	0.791942
92	155	3.57965
92	157	0.709451
92	170	5.78399
93	20	0.781195
93	33	0.756093
93	58	0.744387
93	81	0.758961
93	83	0.756063
93	84	0.753969
93	85	0.752397
93	90	0.743002
93	104	0.758295
93	106	0.747232
93	109	0.748087
93	113	0.744273
93	114	0.743122
93	119	0.726395
93	124	0.740808
93	134	0.722941
93	143	1.6154
93	144	1.90044
93	149	2.38778
93	153	6.7989
94	25	1.2529
94	90	1.42074
94	102	1.33419
94	120	1.75801
94	165	0.739533
94	166	0.796146
94	167	0.76211
94	168	0.764512
94	169	0.746364
94	170	0.749132
94	171	0.75785
94	172	0.767127
94	173	0.763928
94	174	0.738556
94	175	0.78589
94	176	0.752032
94	177	0.735309
94	178	0.759928
94	179	0.757674
94	180	0.725776
95	5	0.78228
95	9	0.705856
95	16	0.708174
95	17	0.765598
95	29	0.768352
95	36	0.775277
95	39	0.740856
95	46	0.753535
95	57	0.727034
95	62	0.676419
95	64	0.777752
95	73	0.763229
95	97	0.773236
95	130	0.726093
95	131	0.683605
95	135	2.11566
95	136	0.748633
95	155	3.08639
95	159	0.70194
95	173	3.66934
95	174	5.56724
96	19	1.70332
96	80	1.59648
96	118	1.36476
96	127	1.07606
96	164	0.761798
96	165	0.729334
96	166	0.785947
96	167	0.751911
96	168	0.754313
96	169	0.736165
96	170	0.738933
96	171	0.747652
96	172	0.756929
96	173	0.753729
96	174	0.728357
96	175	0.775692
96	176	0.741834
96	177	0.725111
96	178	0.74973
96	179	0.747475
96	180	0.715577
97	5	0.833193
97	9	0.756769
97	16	0.759087
97	17	0.816511
97	29	0.819265
97	36	0.82619
97	39	0.791769
97	46	0.804449
97	57	0.777947
97	62	0.727332
97	64	0.828665
97	95	0.773236
97	99	1.39828
97	130	0.777006
97	131	0.734518
97	136	0.799546
97	142	2.17289
97	159	0.752853
97	161	2.68787
97	176	4.01476
97	177	5.88431
98	1	2.67147
98	67	3.00727
98	71	2.72126
98	107	0.715187
98	164	0.71891
98	165	0.686446
98	166	0.743059
98	167	0.709022
98	168	0.711425
98	169	0.693277
98	170	0.696045
98	171	0.704763
98	172	0.71404
98	173	0.710841
98	174	0.685469
98	175	0.732803
98	176	0.698945
98	177	0.682222
98	178	0.706841
98	179	0.704587
98	180	0.672689
99	12	2.49874
99	84	2.12948
99	97	1.39828
99	136	1.4565
99	163	0.737043
99	164	0.753564
99	165	0.721101
99	166	0.777713
99	167	0.743677
99	168	0.74608
99	169	0.727932
99	170	0.7307
99	171	0.739418
99	172	0.748695
99	173	0.745496
99	174	0.720124
99	175	0.767458
99	176	0.7336
99	177	0.716877
99	178	0.741496
99	179	0.739242
99	180	0.707344
100	28	2.2366
100	104	1.41892
100	146	2.33981
100	154	0.696035
100	163	0.698302
100	164	0.714823
100	165	0.682359
100	166	0.738972
100	167	0.704936
100	168	0.707338
100	169	0.68919
100	170	0.691958
100	171	0.700676
100	172	0.709954
100	173	0.706754
100	174	0.681382
100	175	0.728717
100	176	0.694859
100	177	0.678136
100	178	0.702755
100	179	0.7005
100	180	0.668602
101	1	3.07663
101	27	0.775587
101	28	0.773488
101	48	0.733334
101	51	2.18522
101	63	0.725198
101	108	0.748939
101	116	2.36851
101	140	0.749166
101	144	0.739352
101	149	0.731758
101	153	0.65543
101	161	0.714114
101	169	0.650537
101	173	0.668102
101	174	0.64273
101	175	0.690064
101	176	0.656206
101	177	0.639483
101	178	0.664102
101	179	0.661847
101	180	0.629949
102	31	0.733481
102	61	0.772902
102	76	0.753946
102	86	0.79042
102	91	0.780592
102	92	0.780492
102	94	1.33419
102	103	0.798307
102	117	0.766721
102	118	0.768546
102	120	0.806162
102	121	0.797072
102	122	0.756273
102	123	0.756435
102	125	0.775674
102	141	2.24219
102	145	0.774268
102	146	0.823508
102	150	2.23796
102	157	0.741017
102	164	4.60722
102	175	3.34049
103	47	0.775223
103	50	0.769743
103	61	0.759151
103	74	0.742037
103	76	0.740195
103	86	0.776669
103	92	0.766741
103	102	0.798307
103	117	0.75297
103	118	0.754795
103	120	0.792411
103	121	0.783322
103	122	0.742522
103	123	0.742684
103	136	0.77975
103	145	0.760518
103	146	0.809757
103	154	5.61766
103	155	2.33584
103	157	0.727266
103	171	2.94391
103	177	4.45317
103	178	2.21763
104	14	0.81554
104	20	0.796697
104	33	0.771595
104	53	0.774554
104	58	0.759889
104	77	0.780749
104	82	0.715683
104	83	0.771565
104	84	0.76947
104	90	0.758504
104	93	0.758295
104	100	1.41892
104	106	0.762734
104	113	0.759775
104	114	0.758624
104	116	0.788153
104	119	0.741897
104	124	0.75631
104	134	0.738443
104	161	1.82646
104	171	3.51364
104	176	3.15335
104	177	5.0229
105	33	0.775624
105	58	0.763918
105	60	0.113941
105	77	0.784778
105	81	0.778492
105	82	0.719712
105	83	0.775594
105	84	0.7735
105	85	0.771928
105	90	0.762533
105	106	0.766764
105	109	0.767618
105	110	0.76938
105	113	0.763805
105	114	0.762653
105	116	0.792182
105	119	0.745926
105	124	0.760339
105	134	0.742472
105	152	2.30028
105	169	3.71733
105	178	3.0165
105	180	6.73811
106	14	0.804477
106	20	0.785634
106	33	0.760532
106	53	0.763491
106	82	0.70462
106	83	0.760502
106	84	0.758408
106	85	0.756836
106	93	0.747232
106	104	0.762734
106	105	0.766764
106	109	0.752526
106	110	0.754288
106	112	0.750352
106	113	0.748712
106	114	0.747561
106	116	0.77709
106	124	0.745247
106	128	2.24853
106	134	0.72738
106	148	2.4957
106	161	3.53233
106	172	3.61418
106	179	4.29479
107	18	4.44463
107	19	0.812485
107	21	0.716653
107	34	0.70004
107	35	0.711657
107	37	0.704457
107	69	0.654572
107	80	0.654444
107	84	5.15537
107	87	0.69048
107	98	0.715187
107	127	0.678035
107	133	0.684946
107	145	0.67853
107	170	0.60144
107	171	0.610158
107	172	0.619435
107	173	0.616236
107	174	0.590864
107	175	0.638198
107	177	0.587617
107	178	0.612236
107	179	0.609982
107	180	0.578084
108	1	0.82769
108	7	0.729792
108	44	0.696901
108	45	1.10893
108	48	0.757961
108	49	0.764517
108	52	0.762103
108	63	0.749825
108	67	0.794116
108	68	0.794207
108	71	0.794313
108	73	1.49325
108	75	0.784584
108	101	0.748939
108	127	0.754528
108	140	0.773793
108	144	0.763979
108	147	0.762462
108	148	2.15119
108	149	0.756385
108	161	0.738741
108	176	4.5147
108	179	3.95027
109	20	0.786488
109	33	0.761386
109	58	0.74968
109	59	0.908704
109	77	0.770541
109	81	0.764254
109	83	0.761356
109	84	0.759262
109	85	0.75769
109	90	0.748295
109	93	0.748087
109	105	0.767618
109	106	0.752526
109	110	0.755142
109	112	0.751207
109	113	0.749567
109	114	0.748415
109	116	0.777944
109	119	0.731688
109	124	0.746101
109	149	3.68735
109	151	2.69211
109	156	2.69038
109	161	4.51366
110	14	0.807094
110	33	0.763148
110	77	0.772303
110	81	0.766016
110	82	0.707236
110	83	0.763118
110	84	0.761024
110	85	0.759452
110	90	0.750057
110	105	0.76938
110	106	0.754288
110	109	0.755142
110	112	0.752969
110	113	0.751329
110	114	0.750177
110	116	0.779706
110	119	0.733451
110	124	0.747863
110	134	0.729997
110	147	2.60329
110	151	1.68121
110	169	5.16448
110	172	3.58461
110	175	2.80279
111	2	1.33377
111	11	2.572
111	13	1.7786
111	27	2.16846
111	116	0.577526
111	162	0.790706
111	163	0.759566
111	164	0.776087
111	165	0.743623
111	166	0.800236
111	167	0.7662
111	168	0.768602
111	169	0.750455
111	170	0.753222
111	171	0.761941
111	172	0.771218
111	173	0.768019
111	174	0.742647
111	175	0.789981
111	176	0.756123
111	177	0.7394
111	178	0.764019
111	179	0.761764
111	180	0.729867
112	8	0.34139
112	13	0.707834
112	21	0.780878
112	22	0.787031
112	54	0.734082
112	69	0.718798
112	72	0.776655
112	80	0.71867
112	81	0.762081
112	83	0.759183
112	87	0.754706
112	106	0.750352
112	109	0.751207
112	110	0.752969
112	113	0.747393
112	114	0.746242
112	116	0.775771
112	119	0.729515
112	124	0.743928
112	125	0.744162
112	145	0.742756
112	159	3.4309
112	161	3.03563
112	175	2.33566
112	177	6.23207
113	33	0.757573
113	58	0.745867
113	70	2.17285
113	77	0.766727
113	81	0.760441
113	82	0.701661
113	83	0.757543
113	84	0.755449
113	85	0.753877
113	93	0.744273
113	104	0.759775
113	105	0.763805
113	106	0.748712
113	109	0.749567
113	110	0.751329
113	112	0.747393
113	114	0.744602
113	116	0.774131
113	119	0.727875
113	124	0.742288
113	134	0.724421
113	142	1.2646
113	170	4.91651
113	173	3.29513
113	179	3.62621
114	20	0.781523
114	24	1.71199
114	53	0.75938
114	58	0.744715
114	81	0.75929
114	82	0.700509
114	83	0.756391
114	84	0.754297
114	85	0.752725
114	90	0.743331
114	93	0.743122
114	104	0.758624
114	105	0.762653
114	106	0.747561
114	109	0.748415
114	110	0.750177
114	112	0.746242
114	113	0.744602
114	116	0.772979
114	119	0.726724
114	124	0.741137
114	150	1.69531
114	155	3.34623
114	158	4.17345
114	167	4.04288
115	20	1.78986
115	48	1.81433
115	69	2.59901
115	127	0.712452
115	145	0.857536
115	158	0.762694
115	160	0.778759
115	162	0.772369
115	163	0.741229
115	164	0.75775
115	165	0.725287
115	166	0.781899
115	167	0.747863
115	168	0.750266
115	169	0.732118
115	170	0.734885
115	171	0.743604
115	172	0.752881
115	173	0.749682
115	174	0.72431
115	175	0.771644
115	176	0.737786
115	177	0.721063
115	178	0.745682
115	179	0.743428
115	180	0.71153
116	14	0.829896
116	20	0.811052
116	33	0.78595
116	58	0.774244
116	77	0.795105
116	82	0.730038
116	84	0.783826
116	85	0.782254
116	90	0.772859
116	101	2.36851
116	104	0.788153
116	105	0.792182
116	106	0.77709
116	109	0.777944
116	110	0.779706
116	111	0.577526
116	112	0.775771
116	113	0.774131
116	114	0.772979
116	119	0.756253
116	124	0.770665
116	129	1.71194
116	134	0.752799
116	151	1.46713
116	158	3.96433
116	163	5.38258
117	31	0.688144
117	47	0.743637
117	53	0.748347
117	61	0.727565
117	65	0.734414
117	76	0.70861
117	86	0.745083
117	91	0.735255
117	92	0.735155
117	102	0.766721
117	103	0.75297
117	118	0.723209
117	120	0.760825
117	121	0.751736
117	122	0.710937
117	123	0.711098
117	125	0.730338
117	133	3.39698
117	136	0.748164
117	140	0.747701
117	145	0.728932
117	146	0.778171
117	148	2.32861
117	157	0.69568
117	160	3.5685
117	170	5.418
117	175	2.66527
118	31	0.689969
118	47	0.745462
118	61	0.72939
118	65	0.736239
118	74	0.712276
118	76	0.710434
118	86	0.746908
118	91	0.73708
118	92	0.73698
118	96	1.36476
118	102	0.768546
118	103	0.754795
118	117	0.723209
118	120	0.76265
118	121	0.75356
118	122	0.712761
118	123	0.712923
118	125	0.732162
118	136	0.749989
118	140	0.749526
118	142	2.0049
118	145	0.730756
118	146	0.779996
118	148	2.56741
118	157	0.697505
118	161	3.60404
118	165	6.44828
119	14	0.78364
119	20	0.764796
119	42	1.67179
119	53	0.742654
119	58	0.727989
119	77	0.748849
119	81	0.742563
119	82	0.683783
119	83	0.739665
119	84	0.73757
119	85	0.735999
119	90	0.726604
119	93	0.726395
119	104	0.741897
119	105	0.745926
119	109	0.731688
119	110	0.733451
119	112	0.729515
119	113	0.727875
119	114	0.726724
119	116	0.756253
119	124	0.72441
119	134	0.706543
119	147	3.11963
119	150	2.21661
119	167	4.56417
119	168	4.28653
120	31	0.727585
120	47	0.783078
120	61	0.767006
120	65	0.773855
120	74	0.749892
120	76	0.74805
120	86	0.784524
120	91	0.774696
120	92	0.774596
120	94	1.75801
120	102	0.806162
120	103	0.792411
120	117	0.760825
120	118	0.76265
120	121	0.791176
120	122	0.750377
120	123	0.750539
120	125	0.769778
120	126	2.93527
120	138	2.18281
120	140	0.787142
120	144	3.15063
120	145	0.768372
120	146	0.817612
120	156	2.641
120	157	0.735121
120	175	3.76431
121	31	0.718496
121	47	0.773989
121	50	0.768509
121	61	0.757916
121	65	0.764766
121	74	0.740803
121	76	0.738961
121	86	0.775434
121	91	0.765607
121	92	0.765507
121	102	0.797072
121	103	0.783322
121	117	0.751736
121	118	0.75356
121	120	0.791176
121	122	0.741288
121	123	0.741449
121	132	3.2834
121	136	0.778515
121	140	0.778053
121	145	0.759283
121	146	0.808523
121	152	2.2876
121	156	1.42554
121	157	0.726032
121	160	3.45208
121	169	4.91054
121	172	3.33066
122	31	0.677696
122	47	0.73319
122	50	0.72771
122	53	0.737899
122	59	1.13474
122	61	0.717117
122	65	0.723966
122	74	0.700004
122	76	0.698162
122	86	0.734635
122	91	0.724807
122	92	0.724708
122	102	0.756273
122	103	0.742522
122	117	0.710937
122	118	0.712761
122	120	0.750377
122	121	0.741288
122	123	0.70065
122	125	0.71989
122	135	2.48941
122	136	0.737716
122	140	0.737254
122	143	3.14101
122	145	0.718484
122	146	0.767724
122	151	2.91815
122	157	0.685233
122	163	6.83359
123	31	0.677858
123	47	0.733351
123	50	0.727871
123	53	0.738061
123	61	0.717279
123	65	0.724128
123	74	0.700165
123	76	0.698323
123	86	0.734797
123	91	0.724969
123	92	0.724869
123	102	0.756435
123	103	0.742684
123	117	0.711098
123	118	0.712923
123	120	0.750539
123	121	0.741449
123	122	0.70065
123	125	0.720051
123	136	0.737878
123	137	3.13128
123	140	0.737415
123	141	1.62714
123	145	0.718645
123	146	0.767885
123	154	6.30607
123	157	0.685394
123	163	4.03903
123	171	3.63232
124	14	0.798053
124	20	0.779209
124	33	0.754107
124	53	0.757067
124	58	0.742402
124	77	0.763262
124	81	0.756976
124	82	0.698196
124	83	0.754078
124	84	0.751983
124	85	0.750412
124	90	0.741017
124	93	0.740808
124	104	0.75631
124	105	0.760339
124	106	0.745247
124	109	0.746101
124	110	0.747863
124	112	0.743928
124	113	0.742288
124	114	0.741137
124	116	0.770665
124	119	0.72441
124	134	0.720956
124	152	2.17286
124	159	3.52935
124	166	2.60417
124	172	3.21592
124	176	4.46096
124	179	3.89654
125	19	0.87184
125	21	0.776007
125	22	0.782159
125	34	0.759395
125	35	0.771012
125	37	0.763812
125	61	0.736518
125	65	0.743367
125	69	0.713927
125	74	0.719405
125	80	0.713799
125	87	0.749835
125	102	0.775674
125	112	0.744162
125	117	0.730338
125	118	0.732162
125	120	0.769778
125	122	0.71989
125	123	0.720051
125	127	0.73739
125	136	0.757117
125	140	0.756655
125	145	0.737885
125	147	1.45993
125	157	0.704634
125	170	4.41216
125	171	4.04658
125	175	1.65943
125	177	5.55584
125	179	3.12186
126	46	2.51242
126	53	1.7105
126	81	1.62714
126	120	2.93527
126	145	1.93141
126	153	0.709124
126	154	0.711075
126	155	0.756958
126	156	0.799895
126	158	0.734808
126	160	0.750873
126	162	0.744482
126	163	0.713343
126	164	0.729864
126	165	0.6974
126	166	0.754013
126	167	0.719977
126	168	0.722379
126	169	0.704231
126	170	0.706999
126	171	0.715717
126	172	0.724994
126	173	0.721795
126	174	0.696423
126	175	0.743757
126	176	0.709899
126	177	0.693176
126	178	0.717795
126	179	0.715541
126	180	0.683643
127	1	0.808651
127	7	0.710753
127	11	0.70714
127	13	0.701062
127	18	0.68979
127	21	0.774106
127	22	0.780259
127	25	0.771682
127	34	0.757494
127	35	0.769111
127	37	0.761911
127	44	0.677862
127	52	0.743064
127	54	0.72731
127	67	0.775077
127	68	0.775168
127	71	0.775274
127	72	0.769883
127	80	0.711898
127	87	0.747934
127	96	1.07606
127	107	0.678035
127	108	0.754528
127	115	0.712452
127	125	0.73739
127	132	3.34992
127	133	3.34707
127	143	1.71665
127	145	0.735984
127	147	0.743424
127	154	7.67627
128	9	2.70961
128	22	1.55407
128	91	2.33318
128	106	2.24853
128	132	0.772833
128	140	2.31744
128	153	0.701928
128	154	0.703879
128	155	0.749762
128	156	0.792698
128	158	0.727612
128	160	0.743677
128	162	0.737286
128	163	0.706147
128	164	0.722668
128	165	0.690204
128	166	0.746817
128	167	0.71278
128	168	0.715183
128	169	0.697035
128	170	0.699803
128	171	0.708521
128	172	0.717798
128	173	0.714599
128	174	0.689227
128	175	0.736561
128	176	0.702703
128	177	0.68598
128	178	0.710599
128	179	0.708345
128	180	0.676447
129	36	2.55456
129	76	2.68564
129	89	2.56152
129	116	1.71194
129	136	1.16935
129	153	0.709124
129	154	0.711075
129	155	0.756958
129	156	0.799895
129	158	0.734808
129	160	0.750873
129	162	0.744482
129	163	0.713343
129	164	0.729864
129	165	0.6974
129	166	0.754013
129	167	0.719977
129	168	0.722379
129	169	0.704231
129	170	0.706999
129	171	0.715717
129	172	0.724994
129	173	0.721795
129	174	0.696423
129	175	0.743757
129	176	0.709899
129	177	0.693176
129	178	0.717795
129	179	0.715541
129	180	0.683643
130	4	0.81038
130	9	0.709627
130	16	0.711945
130	17	0.769369
130	18	0.686977
130	23	0.756188
130	29	0.772123
130	30	0.761265
130	39	0.744627
130	40	0.738446
130	41	0.742698
130	43	0.747778
130	46	0.757306
130	50	0.742397
130	51	0.72834
130	60	0.768759
130	62	0.68019
130	64	0.781522
130	89	0.735761
130	95	0.726093
130	97	0.777006
130	131	0.687375
130	136	0.752404
130	146	0.782411
130	151	1.40011
130	156	1.39838
130	159	0.705711
130	162	3.54779
130	165	6.0659
130	166	2.69175
130	169	4.88338
131	5	0.743562
131	14	3.86826
131	16	0.669456
131	17	0.72688
131	36	0.736559
131	39	0.702138
131	46	0.714818
131	54	4.34178
131	55	0.72212
131	57	0.688316
131	64	0.739034
131	73	0.724511
131	81	4.58996
131	95	0.683605
131	97	0.734518
131	130	0.687375
131	154	0.617669
131	159	0.663222
131	164	0.636457
131	166	0.660606
131	167	0.62657
131	170	0.613592
131	171	0.622311
131	172	0.631588
131	173	0.628389
131	174	0.603017
131	175	0.650351
131	176	0.616493
131	177	0.59977
131	178	0.624389
131	179	0.622134
131	180	0.590237
132	8	0.793252
132	14	2.46902
132	24	0.770839
132	121	3.2834
132	127	3.34992
132	128	0.772833
132	136	2.78067
132	152	0.751178
132	153	0.657453
132	154	0.659404
132	155	0.705287
132	156	0.748224
132	158	0.683137
132	160	0.699202
132	162	0.692811
132	163	0.661672
132	164	0.678193
132	165	0.645729
132	166	0.702342
132	167	0.668306
132	168	0.670708
132	169	0.65256
132	170	0.655328
132	171	0.664046
132	172	0.673323
132	173	0.670124
132	174	0.644752
132	175	0.692086
132	176	0.658228
132	177	0.641505
132	178	0.666124
132	179	0.66387
132	180	0.631972
133	14	2.46618
133	68	3.58977
133	107	0.684946
133	117	3.39698
133	127	3.34707
133	148	0.774299
133	152	0.761655
133	153	0.667929
133	154	0.669881
133	155	0.715764
133	156	0.7587
133	158	0.693613
133	160	0.709679
133	162	0.703288
133	163	0.672148
133	164	0.688669
133	165	0.656206
133	166	0.712818
133	167	0.678782
133	168	0.681185
133	169	0.663037
133	170	0.665805
133	171	0.674523
133	172	0.6838
133	173	0.680601
133	174	0.655229
133	175	0.702563
133	176	0.668705
133	177	0.651982
133	178	0.676601
133	179	0.674347
133	180	0.642449
134	5	2.62279
134	20	0.761342
134	52	3.54077
134	77	0.745395
134	82	0.680329
134	90	0.72315
134	93	0.722941
134	104	0.738443
134	105	0.742472
134	106	0.72738
134	110	0.729997
134	113	0.724421
134	116	0.752799
134	119	0.706543
134	124	0.720956
134	140	2.48366
134	146	1.62977
134	159	0.692324
134	165	0.633095
134	166	0.689707
134	167	0.655671
134	168	0.658074
134	171	0.651412
134	172	0.660689
134	173	0.65749
134	174	0.632118
134	175	0.679452
134	176	0.645594
134	177	0.628871
134	178	0.65349
134	179	0.651236
134	180	0.619338
135	33	2.60637
135	44	3.132
135	47	1.68777
135	84	1.16879
135	95	2.11566
135	122	2.48941
135	151	0.843422
135	152	0.808427
135	153	0.714702
135	154	0.716654
135	155	0.762537
135	156	0.805473
135	158	0.740386
135	160	0.756451
135	162	0.750061
135	163	0.718921
135	164	0.735442
135	165	0.702978
135	166	0.759591
135	167	0.725555
135	168	0.727958
135	169	0.70981
135	170	0.712577
135	171	0.721296
135	172	0.730573
135	173	0.727374
135	174	0.702002
135	175	0.749336
135	176	0.715478
135	177	0.698755
135	178	0.723374
135	179	0.721119
135	180	0.689222
136	9	0.732167
136	16	0.734485
136	29	0.794663
136	36	0.801588
136	39	0.767167
136	46	0.779846
136	57	0.753345
136	62	0.70273
136	64	0.804062
136	86	0.771863
136	92	0.761935
136	95	0.748633
136	97	0.799546
136	99	1.4565
136	103	0.77975
136	117	0.748164
136	118	0.749989
136	121	0.778515
136	122	0.737716
136	123	0.737878
136	125	0.757117
136	129	1.16935
136	130	0.752404
136	132	2.78067
136	140	0.774481
136	145	0.755711
136	146	0.804951
136	157	0.72246
136	159	0.728251
136	164	3.31286
136	167	3.29117
136	172	2.82794
136	179	3.50856
137	51	4.29154
137	58	4.57718
137	123	3.13128
137	152	0.74465
137	153	0.650925
137	154	0.652877
137	155	0.69876
137	156	0.741696
137	158	0.676609
137	159	0.69843
137	160	0.692674
137	162	0.686283
137	163	0.655144
137	164	0.671665
137	165	0.639201
137	166	0.695814
137	167	0.661778
137	168	0.66418
137	169	0.646032
137	170	0.6488
137	171	0.657519
137	172	0.666796
