1	18	1.02681
1	147	0.905752
1	157	0.863662
1	159	1.03939
1	166	1.06556
1	167	1.05668
1	170	0.897202
1	172	1.05647
1	173	1.03886
1	175	1.05919
1	178	0.926224
1	180	1.05704
2	78	1.04023
2	79	0.806256
2	113	0.886754
2	143	1.0456
2	144	1.05169
2	153	1.05591
2	163	1.04267
2	170	1.05189
2	172	0.874411
2	177	1.05982
2	178	1.04071
2	179	1.05172
3	12	0.967617
3	15	1.03578
3	22	0.976124
3	57	1.03462
3	67	1.10351
3	69	1.06528
3	71	1.06773
3	74	1.05072
3	138	1.07473
3	139	0.950291
3	169	0.864163
3	180	0.816004
4	18	1.28301
4	20	0.935137
4	32	0.888262
4	33	0.894523
4	42	1.141
4	43	1.18195
4	54	0.934438
4	62	0.9718
4	67	0.97391
4	69	0.935679
4	74	0.921122
4	138	0.945129
5	111	1.05319
5	127	1.05722
5	142	0.921071
5	161	0.891449
5	163	1.04093
5	165	1.04858
5	167	0.887399
5	174	1.05303
5	176	0.907535
5	177	1.05808
5	178	1.03898
5	179	1.04998
6	46	1.04593
6	48	1.01048
6	53	1.10438
6	59	0.987262
6	65	1.0456
6	83	0.913943
6	106	1.00632
6	136	0.851229
6	141	1.05937
6	145	0.918439
6	171	1.14065
6	180	0.919732
7	79	1.16046
7	125	0.930182
7	130	1.21904
7	131	1.22619
7	154	0.933909
7	157	0.936816
7	164	0.944314
7	170	0.93106
7	174	0.933941
7	177	0.938994
7	178	0.919889
7	179	0.930894
8	21	1.00144
8	23	1.00943
8	47	1.04663
8	49	1.007
8	90	0.982292
8	95	1.02512
8	99	1.00029
8	101	1.02174
8	105	1.15795
8	113	0.917225
8	139	1.09522
8	149	1.00606
8	171	0.736928
9	86	0.996644
9	113	0.948054
9	114	1.01874
9	134	0.985492
9	147	1.00231
9	150	1.01396
9	165	1.01029
9	168	1.00781
9	173	0.977566
9	174	1.01474
9	177	1.01979
9	178	1.00068
9	179	1.01169
10	91	1.04342
10	113	1.01544
10	117	1.00313
10	119	1.00578
10	123	0.997249
10	125	1.00828
10	131	1.01246
10	135	0.961767
10	150	0.974109
10	155	1.01345
10	157	0.951512
10	160	1.0473
10	162	0.958937
11	36	0.966052
11	66	1.09746
11	95	0.875773
11	106	1.02838
11	118	0.997943
11	141	0.890781
11	145	0.983357
11	155	1.005
11	166	1.01692
11	167	1.00805
11	171	1.10644
11	172	1.00783
11	180	1.0084
12	3	0.967617
12	17	1.24176
12	20	0.903267
12	24	1.21633
12	33	0.862653
12	54	0.902568
12	57	0.873151
12	62	0.93993
12	67	0.942041
12	71	0.906261
12	74	0.889252
12	138	0.913259
12	139	1.44667
13	109	0.960074
13	124	0.980076
13	129	1.01486
13	136	1.02533
13	140	1.09098
13	152	0.913294
13	153	1.01699
13	155	0.943148
13	165	1.0114
13	174	1.01585
13	177	1.0209
13	178	1.0018
13	179	1.0128
14	61	1.04117
14	84	1.02591
14	90	0.981298
14	94	1.02553
14	95	1.02413
14	99	0.999294
14	101	1.02075
14	103	0.972235
14	126	0.959821
14	139	1.05425
14	140	0.976854
14	149	1.00507
14	180	0.919963
15	3	1.03578
15	32	0.924559
15	35	1.03215
15	54	0.970734
15	57	0.941318
15	67	1.01021
15	69	0.971976
15	71	0.974427
15	74	0.957418
15	122	1.04506
15	138	0.981425
15	171	0.923411
15	172	1.09137
15	180	1.14741
16	112	1.09679
16	147	0.975107
16	148	0.949278
16	150	0.986757
16	157	0.990407
16	163	0.975434
16	166	1.06545
16	170	0.984652
16	171	0.917738
16	173	1.12755
16	177	0.992585
16	178	0.973481
16	179	0.984486
16	180	0.987813
17	12	1.24176
17	80	0.99461
17	86	0.972824
17	105	0.931955
17	130	0.989054
17	133	0.999123
17	134	0.965662
17	143	1.01456
17	159	0.972033
17	164	0.962564
17	166	0.998207
17	175	0.991836
17	176	0.984696
17	179	0.976001
18	1	1.02681
18	4	1.28301
18	94	0.89066
18	104	0.97353
18	128	0.985695
18	151	0.960163
18	158	0.977587
18	161	0.97354
18	166	0.985673
18	168	1.01145
18	169	0.968255
18	170	1.00919
18	172	0.976583
18	176	0.972163
19	119	0.805675
19	135	0.964731
19	140	0.906934
19	147	1.07924
19	150	1.09089
19	157	1.09454
19	170	1.08878
19	172	0.745004
19	173	0.786859
19	174	1.09166
19	177	1.09672
19	178	1.07761
19	179	1.08862
19	180	1.09194
20	4	0.935137
20	12	0.903267
20	32	0.953514
20	54	0.99969
20	57	0.970273
20	62	1.03705
20	69	1.00093
20	71	1.00338
20	74	0.986373
20	103	1.05282
20	138	1.01038
20	139	1.13483
20	146	1.01808
20	180	1.00054
21	8	1.00144
21	47	1.00923
21	49	0.969607
21	58	0.951945
21	64	1.00285
21	84	0.989512
21	95	0.987725
21	98	1.08512
21	99	0.962892
21	101	0.984348
21	102	1.02202
21	140	0.940452
21	146	1.0658
21	173	1.03406
22	3	0.976124
22	41	0.936449
22	48	1.11982
22	61	1.03916
22	88	1.06004
22	134	0.962763
22	154	0.986475
22	155	0.98339
22	160	1.01724
22	167	0.986432
22	170	0.983625
22	173	0.968612
22	177	0.991559
22	179	0.983459
23	8	1.00943
23	29	0.979471
23	58	0.959938
23	70	0.98621
23	84	0.997504
23	90	0.952888
23	94	0.99712
23	101	0.99234
23	102	1.05029
23	137	1.02522
23	140	0.948444
23	149	0.976657
23	169	1.12469
23	174	1.00307
24	12	1.21633
24	32	1.07278
24	57	1.01896
24	65	0.888358
24	126	0.987403
24	152	0.990924
24	158	0.97813
24	162	0.991627
24	167	0.97734
24	170	0.974534
24	175	0.979844
24	177	0.982467
24	178	0.963362
24	179	0.974368
25	37	1.01552
25	38	1.1225
25	48	1.05447
25	53	1.14837
25	59	1.03125
25	60	0.952148
25	65	1.08958
25	89	0.70708
25	106	1.05031
25	139	0.923276
25	141	1.10336
25	169	0.837148
25	171	1.18464
25	180	0.788989
26	76	1.08452
26	87	1.00817
26	106	0.946204
26	155	1.0439
26	158	1.02413
26	162	0.996426
26	165	0.977767
26	168	0.975291
26	170	0.979332
26	174	0.982214
26	175	1.055
26	177	0.987266
26	178	0.968161
26	179	0.979166
27	55	1.0567
27	111	0.985365
27	117	1.05306
27	139	0.943226
27	145	1.07628
27	156	0.993554
27	157	0.988076
27	163	0.973102
27	164	0.995574
27	170	0.98232
27	172	1.02152
27	178	0.971149
27	179	0.982154
27	180	0.985481
28	55	0.97658
28	59	0.955441
28	65	1.01377
28	72	0.941408
28	83	0.991658
28	90	0.969979
28	94	1.01421
28	95	1.01281
28	99	0.987975
28	101	1.00943
28	141	1.02755
28	171	1.10883
28	180	0.997447
29	23	0.979471
29	77	0.970306
29	83	1.06201
29	84	0.996951
29	88	1.01966
29	90	0.952335
29	95	0.995165
29	99	0.970331
29	101	0.991787
29	140	0.947891
29	146	1.08534
29	149	0.976104
29	166	0.991511
29	180	1.0678
30	91	1.0042
30	106	1.0893
30	113	0.976215
30	114	1.00547
30	119	0.966553
30	121	0.955357
30	124	1.08437
30	160	1.00807
30	161	0.974009
30	166	0.986142
30	170	1.01313
30	172	0.977052
30	175	0.979771
30	176	0.972632
31	81	1.07674
31	140	1.2721
31	147	0.947353
31	148	0.921525
31	158	1.10451
31	160	1.0542
31	162	0.973991
31	163	0.94768
31	164	0.970152
31	165	0.955332
31	170	0.956898
31	174	0.959779
31	177	0.964832
31	178	0.945727
31	179	0.956732
32	4	0.888262
32	15	0.924559
32	20	0.953514
32	24	1.07278
32	35	1.01423
32	57	0.923398
32	62	0.990177
32	67	0.992287
32	69	0.954056
32	71	0.956508
32	74	0.939499
32	123	1.16812
32	138	0.963506
32	177	1.09186
32	180	1.16883
33	4	0.894523
33	12	0.862653
33	35	1.02049
33	54	0.959075
33	57	0.929659
33	62	0.996437
33	67	0.998548
33	69	0.960317
33	71	0.962768
33	74	0.945759
33	100	1.05559
33	102	1.1168
33	138	0.969766
33	169	1.1912
33	180	1.14304
34	106	0.944561
34	114	0.860727
34	121	1.03328
34	125	0.891609
34	134	1.03152
34	146	1.04967
34	148	0.959155
34	152	1.06878
34	157	0.834844
34	158	1.05598
34	166	1.06407
34	169	1.04665
34	172	1.05498
34	173	1.03737
34	175	1.0577
35	15	1.03215
35	32	1.01423
35	33	1.02049
35	54	1.06041
35	57	1.03099
35	62	1.09777
35	69	1.06165
35	71	1.0641
35	74	1.04709
35	103	0.954451
35	119	0.906801
35	126	0.942037
35	138	1.0711
35	147	0.844906
35	163	0.853014
36	11	0.966052
36	48	1.0609
36	109	0.948934
36	116	1.1394
36	129	1.14631
36	133	0.974467
36	135	0.90995
36	138	1.14575
36	149	0.947986
36	151	0.948041
36	158	0.965465
36	173	0.946856
36	175	0.96718
36	176	0.96004
36	180	0.96503
37	25	1.01552
37	38	0.972196
37	46	0.939616
37	48	0.904169
37	53	0.998065
37	59	0.880947
37	65	0.93928
37	73	1.03203
37	88	0.962809
37	106	0.900009
37	141	0.953054
37	146	1.2067
37	156	1.07534
37	171	1.03434
37	180	1.18916
38	25	1.1225
38	37	0.972196
38	46	1.04659
38	48	1.01115
38	53	1.10504
38	59	0.987925
38	65	1.04626
38	85	0.934302
38	106	1.00699
38	112	0.837832
38	126	0.922638
38	141	1.06003
38	169	0.930939
38	171	1.14132
38	180	0.88278
39	113	1.12083
39	132	0.946441
39	134	1.15827
39	138	0.961232
39	156	0.962809
39	157	0.95733
39	161	1.14031
39	164	0.964828
39	165	0.950009
39	166	1.08824
39	170	0.951575
39	174	0.954456
39	177	0.959508
39	178	0.940403
39	179	0.951409
40	104	1.05274
40	138	0.902651
40	145	1.03132
40	151	1.03937
40	155	1.05296
40	156	0.856591
40	158	1.0568
40	166	1.06488
40	167	1.05601
40	173	1.03819
40	176	1.05137
40	177	0.893443
40	178	0.933607
40	179	0.904721
40	180	1.05636
41	22	0.936449
41	72	1.12941
41	118	1.15169
41	122	1.08309
41	132	0.948746
41	144	0.953681
41	153	0.957902
41	155	1.14349
41	162	0.970973
41	164	0.967134
41	168	0.949838
41	177	0.961813
41	178	0.942709
41	179	0.953714
41	180	0.957041
42	4	1.141
42	86	1.04261
42	95	0.790749
42	112	1.0561
42	115	1.05335
42	129	0.865814
42	130	1.05884
42	131	1.05509
42	135	1.00439
42	145	1.03443
42	152	1.0727
42	162	0.841066
42	164	0.85388
42	166	1.06799
42	176	1.05448
43	4	1.18195
43	81	1.00478
43	89	1.03766
43	91	1.03859
43	121	0.989753
43	129	0.906774
43	136	0.90546
43	149	0.994973
43	153	0.90929
43	154	0.88902
43	159	0.994365
43	161	1.0084
43	166	1.02054
43	171	1.11006
43	173	0.993843
43	176	1.00703
44	87	1.04287
44	107	1.06086
44	108	1.02818
44	114	1.02091
44	122	0.90218
44	143	1.00774
44	144	1.01383
44	153	1.01805
44	157	1.01978
44	160	0.892514
44	161	0.980307
44	168	1.00998
44	175	0.973689
44	177	1.02196
44	178	1.00285
44	179	1.01386
45	75	1.00003
45	104	1.02095
45	119	1.01351
45	129	0.963131
45	137	1.02388
45	151	1.00759
45	165	0.952958
45	166	1.0331
45	167	1.02422
45	172	1.02401
45	173	1.0064
45	174	0.956864
45	175	1.02673
45	176	1.01959
45	177	0.953356
45	179	0.964634
46	6	1.04593
46	37	0.939616
46	38	1.04659
46	48	0.978567
46	53	1.07246
46	59	0.955345
46	65	1.01368
46	82	0.962272
46	83	0.914404
46	88	1.03721
46	98	0.957058
46	106	0.974407
46	139	1.05448
46	141	1.02745
46	171	1.10874
46	180	0.920193
47	8	1.04663
47	21	1.00923
47	49	1.0148
47	58	0.997136
47	70	1.02341
47	90	0.990087
47	94	1.03432
47	95	1.03292
47	99	1.00808
47	101	1.02954
47	103	0.988632
47	133	0.861022
47	135	1.10004
47	149	1.01386
47	169	0.984519
47	179	0.870673
48	6	1.01048
48	22	1.11982
48	25	1.05447
48	36	1.0609
48	37	0.904169
48	38	1.01115
48	46	0.978567
48	53	1.03702
48	59	0.919898
48	65	0.978232
48	88	1.00176
48	106	0.93896
48	126	0.999562
48	141	0.992005
48	142	0.965098
48	171	1.07329
48	180	0.959704
49	8	1.007
49	21	0.969607
49	47	1.0148
49	50	1.07414
49	58	0.957513
49	61	1.01033
49	83	0.979351
49	94	0.994695
49	95	0.993293
49	99	0.968459
49	101	0.989915
49	102	0.958901
49	105	1.18216
49	140	0.946019
49	146	1.00268
49	149	0.974232
49	180	0.98514
50	49	1.07414
50	58	1.05647
50	61	1.10929
50	64	1.10738
50	70	1.08275
50	77	1.0674
50	82	0.867693
50	84	1.09404
50	85	0.877136
50	90	1.04943
50	94	1.09366
50	95	1.09225
50	126	0.865472
50	142	0.831008
50	146	0.843154
50	149	1.07319
50	180	0.825614
51	147	0.9842
51	148	0.958372
51	150	0.99585
51	152	0.975438
51	157	0.999501
51	159	1.0655
51	162	1.01084
51	163	0.984527
51	164	1.007
51	165	0.992179
51	167	1.01897
51	168	0.989703
51	173	1.03305
51	175	1.0164
51	177	1.00168
51	178	0.982574
51	179	0.993579
52	72	0.991627
52	98	0.971206
52	117	0.975418
52	131	0.984747
52	138	1.02216
52	147	1.03264
52	153	1.02524
52	159	0.971481
52	161	0.985522
52	162	0.997975
52	165	1.01255
52	166	0.997655
52	167	0.98878
52	171	1.08717
52	173	0.97096
52	175	0.991284
52	176	0.984145
53	6	1.10438
53	25	1.14837
53	37	0.998065
53	38	1.10504
53	46	1.07246
53	48	1.03702
53	59	1.01379
53	65	1.07213
53	88	1.09566
53	102	0.838118
53	141	1.0859
53	146	0.881897
53	166	0.788067
53	169	0.912516
53	171	1.16719
53	175	0.833511
53	176	0.856215
54	4	0.934438
54	12	0.902568
54	15	0.970734
54	20	0.99969
54	33	0.959075
54	35	1.06041
54	62	1.03635
54	67	1.03846
54	69	1.00023
54	71	1.00268
54	74	0.985674
54	82	1.01977
54	85	1.02922
54	138	1.00968
54	139	1.11198
54	169	1.02585
54	172	0.921645
55	27	1.0567
55	28	0.97658
55	114	1.01796
55	116	1.01734
55	134	0.965958
55	149	0.972937
55	151	0.972993
55	155	0.986585
55	158	0.990417
55	159	0.972329
55	166	0.998502
55	167	0.989628
55	169	0.981085
55	171	1.08802
55	172	0.989412
55	175	0.992131
55	179	1.02576
56	135	0.936899
56	148	1.11141
56	151	0.771088
56	153	1.15081
56	154	1.14964
56	157	1.15254
56	159	0.791473
56	160	0.661199
56	162	1.16388
56	165	1.14522
56	167	0.744942
56	168	1.14275
56	170	1.14679
56	175	0.742375
56	176	0.765079
56	177	1.15472
56	178	1.13562
56	179	1.14662
57	3	1.03462
57	12	0.873151
57	15	0.941318
57	20	0.970273
57	24	1.01896
57	32	0.923398
57	33	0.929659
57	35	1.03099
57	62	1.00694
57	67	1.00905
57	69	0.970815
57	71	0.973267
57	74	0.956257
57	128	1.0186
57	138	0.980264
57	143	1.08789
57	169	1.16317
57	180	1.11501
58	21	0.951945
58	23	0.959938
58	47	0.997136
58	49	0.957513
58	50	1.05647
58	61	0.99267
58	70	0.966124
58	84	0.977418
58	90	0.932802
58	99	0.950798
58	101	0.972254
58	105	1.25779
58	140	0.928358
58	149	0.956571
58	160	0.948756
58	167	1.0325
58	169	1.10894
58	180	1.06078
59	6	0.987262
59	25	1.03125
59	28	0.955441
59	37	0.880947
59	38	0.987925
59	46	0.955345
59	48	0.919898
59	53	1.01379
59	65	0.95501
59	85	1.11241
59	88	0.978538
59	106	0.915738
59	139	1.19517
59	141	0.968783
59	149	1.0493
59	171	1.05007
59	174	0.98743
59	180	1.06089
60	25	0.952148
60	64	1.01657
60	90	1.19965
60	94	1.09111
60	95	1.13322
60	109	0.954187
60	137	0.969586
60	139	0.928028
60	148	0.931749
60	159	0.952631
60	162	0.984216
60	164	0.980376
60	165	0.965557
60	171	1.06832
60	174	0.970004
60	175	0.972433
60	178	0.955951
60	179	0.966957
61	14	1.04117
61	22	1.03916
61	49	1.01033
61	50	1.10929
61	58	0.99267
61	64	1.04358
61	70	1.01894
61	84	1.03024
61	85	0.930564
61	90	0.98562
61	94	1.02985
61	95	1.02845
61	99	1.00362
61	101	1.02507
61	126	0.9189
61	139	1.01333
61	140	0.981176
61	169	0.927201
61	180	0.879042
62	4	0.9718
62	12	0.93993
62	20	1.03705
62	32	0.990177
62	33	0.996437
62	35	1.09777
62	54	1.03635
62	57	1.00694
62	67	1.07583
62	69	1.03759
62	71	1.04005
62	74	1.02304
62	82	1.00377
62	107	1.01801
62	138	1.04704
62	146	0.979232
62	169	1.00985
62	171	0.737688
62	180	0.961692
63	98	1.02037
63	116	1.0115
63	121	0.995063
63	124	0.991765
63	127	1.03173
63	150	1.02676
63	156	1.03589
63	159	1.00175
63	161	0.959273
63	163	1.01544
63	164	1.03791
63	165	1.02309
63	171	0.759497
63	174	1.02754
63	176	0.97536
63	177	1.03259
63	178	1.01348
63	179	1.02449
63	180	1.02782
64	21	1.00285
64	50	1.10738
64	60	1.01657
64	61	1.04358
64	70	1.01703
64	78	0.963178
64	84	1.02832
64	88	1.05103
64	90	0.98371
64	94	1.02794
64	95	1.02654
64	99	1.00171
64	101	1.02316
64	103	0.90568
64	105	1.05042
64	140	0.979265
64	146	0.870948
64	149	1.00748
64	169	0.901567
65	6	1.0456
65	24	0.888358
65	25	1.08958
65	28	1.01377
65	37	0.93928
65	38	1.04626
65	46	1.01368
65	48	0.978232
65	53	1.07213
65	59	0.95501
65	88	1.03687
65	106	0.974072
65	118	0.950647
65	141	1.02712
65	146	1.00195
65	152	0.912599
65	158	0.92269
65	169	1.03257
65	171	1.1084
66	11	1.09746
66	81	1.10226
66	96	0.908442
66	109	1.16671
66	114	0.957107
66	127	0.957295
66	129	0.952118
66	147	0.940677
66	149	1.18015
66	154	0.953071
66	156	0.961456
66	157	0.955977
66	162	0.967315
66	168	0.94618
66	174	0.953103
66	175	1.1609
66	177	0.958155
66	178	0.93905
66	179	0.950055
67	3	1.10351
67	4	0.97391
67	12	0.942041
67	15	1.01021
67	32	0.992287
67	33	0.998548
67	54	1.03846
67	57	1.00905
67	62	1.07583
67	69	1.0397
67	71	1.04216
67	74	1.02515
67	98	0.982235
67	104	0.91327
67	126	0.985228
67	138	1.04915
67	159	0.963622
67	161	0.921142
67	180	0.94537
68	77	1.19053
68	91	1.08266
68	111	0.950774
68	128	1.1046
68	132	0.942595
68	147	0.938184
68	150	0.949834
68	153	0.951752
68	156	0.958964
68	162	0.964823
68	164	0.960983
68	168	0.943687
68	170	0.947729
68	172	1.14496
68	173	1.18682
68	177	0.955663
68	178	0.936558
68	179	0.947563
68	180	0.95089
69	3	1.06528
69	4	0.935679
69	15	0.971976
69	20	1.00093
69	32	0.954056
69	33	0.960317
69	35	1.06165
69	54	1.00023
69	57	0.970815
69	62	1.03759
69	67	1.0397
69	71	1.00392
69	74	0.986916
69	81	0.929392
69	102	0.992633
69	105	1.21589
69	126	1.05873
69	138	1.01092
69	171	0.794868
69	180	1.01887
70	23	0.98621
70	47	1.02341
70	50	1.08275
70	58	0.966124
70	61	1.01894
70	64	1.01703
70	84	1.00369
70	88	1.0264
70	90	0.959074
70	94	1.00331
70	99	0.97707
70	101	0.998526
70	102	1.00611
70	137	0.981045
70	140	0.95463
70	146	1.04989
70	149	0.982843
70	157	0.932989
70	166	0.956062
70	169	1.08051
71	3	1.06773
71	12	0.906261
71	15	0.974427
71	20	1.00338
71	32	0.956508
71	33	0.962768
71	35	1.0641
71	54	1.00268
71	57	0.973267
71	62	1.04005
71	67	1.04216
71	69	1.00392
71	74	0.989367
71	82	1.04427
71	102	0.975951
71	138	1.01337
71	146	1.01973
71	167	0.973911
71	176	0.994048
71	180	1.00219
72	28	0.941408
72	41	1.12941
72	52	0.991627
72	113	1.00847
72	117	0.996155
72	131	1.00548
72	135	0.954791
72	142	1.00661
72	151	0.992883
72	154	0.971329
72	158	1.01031
72	161	1.00626
72	162	0.964334
72	163	1.00711
72	165	0.978909
72	167	1.00952
72	172	1.0093
72	173	0.991697
72	175	1.01202
72	176	1.00488
73	37	1.03203
73	97	0.802215
73	100	1.05144
73	112	1.03899
73	118	1.0319
73	122	1.06042
73	128	1.0509
73	142	1.03909
73	145	1.01731
73	159	1.0247
73	160	1.07281
73	163	0.906021
73	166	1.05088
73	167	1.042
73	168	0.891615
73	170	0.889364
73	171	1.1404
73	172	1.04179
73	176	1.03737
73	177	0.878221
73	179	0.8895
74	3	1.05072
74	4	0.921122
74	12	0.889252
74	15	0.957418
74	20	0.986373
74	32	0.939499
74	33	0.945759
74	35	1.04709
74	54	0.985674
74	57	0.956257
74	62	1.02304
74	67	1.02515
74	69	0.986916
74	71	0.989367
74	82	1.05893
74	138	0.996365
74	139	1.15114
74	146	1.03439
74	169	1.06501
74	178	0.98005
74	180	1.01685
75	45	1.00003
75	79	1.00017
75	82	0.989944
75	106	1.12384
75	131	0.978444
75	135	0.927751
75	142	0.979567
75	145	0.957787
75	147	1.05621
75	150	1.03672
75	151	0.965842
75	152	0.99606
75	155	0.979435
75	157	1.01412
75	160	1.01328
75	161	0.979219
75	162	1.02155
75	173	0.964657
75	175	0.984981
75	177	1.03652
75	180	0.982831
76	26	1.08452
76	107	0.962137
76	112	0.986993
76	113	0.988957
76	116	1.03688
76	123	0.970765
76	136	1.04247
76	139	0.948108
76	144	1.04655
76	146	0.984483
76	151	0.973375
76	153	1.0463
76	155	0.986967
76	159	0.97271
76	161	0.986751
76	166	0.998884
76	172	0.989794
76	173	0.972189
76	175	0.992513
76	176	0.985374
76	177	1.03401
77	29	0.970306
77	50	1.0674
77	68	1.19053
77	94	0.987955
77	99	0.961719
77	101	0.983175
77	112	0.981165
77	129	1.03464
77	140	0.939279
77	145	0.959492
77	149	0.967492
77	154	1.01689
77	156	0.988013
77	161	0.980924
77	165	1.02447
77	172	0.983967
77	173	0.966362
77	175	0.986686
77	176	0.979546
77	179	1.03614
77	180	0.984536
78	2	1.04023
78	64	0.963178
78	100	0.975332
78	108	1.09129
78	115	0.96013
78	130	0.965618
78	131	0.961864
78	134	0.942227
78	140	0.920994
78	142	0.962986
78	155	0.962854
78	158	0.966686
78	159	0.948598
78	160	0.996701
78	166	0.974771
78	167	0.965896
78	170	1.15626
78	172	0.965681
78	175	0.9684
78	176	0.961261
78	178	1.18528
78	179	1.15639
79	2	0.806256
79	7	1.16046
79	75	1.00017
79	82	1.03183
79	100	1.0338
79	122	1.04278
79	125	0.945509
79	126	1.03443
79	138	0.920349
79	150	0.911341
79	152	1.03795
79	158	1.02515
79	159	1.00707
79	160	1.05517
79	161	1.02111
79	166	1.03324
79	168	0.924535
79	172	1.02415
79	173	1.00655
79	175	1.02687
79	176	1.01973
79	179	0.92242
80	17	0.99461
80	94	0.894975
80	105	0.954571
80	117	0.998586
80	118	1.00184
80	121	0.990038
80	128	1.02085
80	130	1.01167
80	139	0.970047
80	141	0.952086
80	142	1.00904
80	144	1.0149
80	145	0.987259
80	156	0.965515
80	159	0.99465
80	160	1.04275
80	163	1.03017
80	168	1.01576
80	171	1.11034
80	173	0.994128
80	176	1.00731
80	179	1.01365
80	180	1.0123
81	31	1.07674
81	43	1.00478
81	66	1.10226
81	69	0.929392
81	85	1.00401
81	86	0.983282
81	122	1.01821
81	133	1.00958
81	141	0.895583
81	145	0.9751
81	155	0.996748
81	158	1.00058
81	160	1.03059
81	165	0.945468
81	167	0.99979
81	171	1.09818
81	172	0.999575
81	173	0.98197
81	175	1.00229
81	176	0.995155
81	178	0.986029
81	179	0.957143
81	180	1.00014
82	46	0.962272
82	50	0.867693
82	54	1.01977
82	62	1.00377
82	71	1.04427
82	74	1.05893
82	75	0.989944
82	79	1.03183
82	88	0.941999
82	96	0.969551
82	109	0.998395
82	123	0.994893
82	163	1.00211
82	164	1.02458
82	167	1.01414
82	168	1.00729
82	173	0.996317
82	174	1.01421
82	175	1.01664
82	176	1.0095
82	177	1.01926
82	178	1.00016
82	179	1.01116
83	6	0.913943
83	28	0.991658
83	29	1.06201
83	46	0.914404
83	49	0.979351
83	99	1.05962
83	101	0.975922
83	104	1.00096
83	131	1.00019
83	133	1.01402
83	139	0.962326
83	144	1.00122
83	163	0.992203
83	165	0.999855
83	166	1.0131
83	167	1.00423
83	168	0.997379
83	171	1.10262
83	174	1.0043
83	175	1.00673
83	177	1.00935
83	178	0.990249
83	179	1.00125
84	14	1.02591
84	21	0.989512
84	23	0.997504
84	29	0.996951
84	50	1.09404
84	58	0.977418
84	61	1.03024
84	64	1.02832
84	70	1.00369
84	90	0.970368
84	94	1.0146
84	95	1.0132
84	99	0.988364
84	101	1.00982
84	105	1.13209
84	121	0.946635
84	139	1.06936
84	140	0.965924
84	146	0.952614
84	149	0.994137
84	155	0.893119
84	169	0.983233
84	180	0.935074
85	38	0.934302
85	50	0.877136
85	54	1.02922
85	59	1.11241
85	61	0.930564
85	81	1.00401
85	94	0.979475
85	101	1.03323
85	119	1.00018
85	128	1.01979
85	143	1.0018
85	151	0.994257
85	161	1.00763
85	168	1.00404
85	170	1.00809
85	172	1.01068
85	173	0.993072
85	174	1.01097
85	175	1.0134
85	177	1.01602
85	178	0.996914
85	179	1.00792
85	180	1.01125
86	9	0.996644
86	17	0.972824
86	42	1.04261
86	81	0.983282
86	97	0.964223
86	103	0.987368
86	111	1.05614
86	117	0.976801
86	133	0.999954
86	137	0.989819
86	145	0.965473
86	146	0.984636
86	147	1.05992
86	150	1.04043
86	151	0.973528
86	157	1.01783
86	159	0.972864
86	160	1.02097
86	161	0.986904
86	167	0.990162
86	168	1.05362
86	172	0.989947
86	173	0.972343
86	180	0.990517
87	26	1.00817
87	44	1.04287
87	116	1.01674
87	118	0.931901
87	140	1.07154
87	143	1.02361
87	147	1.02035
87	152	0.893853
87	153	1.03392
87	155	0.923707
87	157	1.03565
87	162	1.04699
87	163	1.02068
87	164	1.04315
87	166	0.889372
87	167	0.937384
87	168	1.02586
87	170	1.0299
87	172	0.909614
87	174	1.03278
87	176	0.957521
87	177	1.03783
87	178	1.01873
87	179	1.02973
87	180	1.03306
88	22	1.06004
88	29	1.01966
88	37	0.962809
88	46	1.03721
88	48	1.00176
88	53	1.09566
88	59	0.978538
88	64	1.05103
88	65	1.03687
88	70	1.0264
88	82	0.941999
88	90	0.993077
88	94	1.03731
88	95	1.03591
88	99	1.01107
88	101	1.03253
88	103	0.952192
88	106	0.9976
88	126	0.939778
88	141	1.05065
88	143	0.872793
88	169	0.948079
88	171	1.13193
88	176	0.891779
88	180	0.89992
89	25	0.70708
89	43	1.03766
89	100	1.04211
89	117	1.01931
89	133	1.04246
89	134	1.009
89	141	0.903155
89	145	1.00798
89	146	1.02714
89	148	1.05535
89	149	1.01598
89	151	1.01604
89	152	1.04625
89	160	1.06347
89	161	1.02941
89	165	0.953039
89	167	1.03267
89	172	1.03245
89	173	1.01485
89	174	0.956945
89	175	1.03517
89	176	1.02803
89	177	0.953436
89	178	0.993601
89	179	0.964715
90	8	0.982292
90	14	0.981298
90	23	0.952888
90	28	0.969979
90	29	0.952335
90	47	0.990087
90	50	1.04943
90	58	0.932802
90	60	1.19965
90	61	0.98562
90	64	0.98371
90	70	0.959074
90	84	0.970368
90	88	0.993077
90	94	0.969984
90	95	0.968582
90	99	0.943749
90	101	0.965205
90	126	1.07635
90	134	1.03023
90	149	0.949521
90	159	1.05475
90	169	1.08465
90	176	1.02835
90	180	1.03649
91	10	1.04342
91	30	1.0042
91	43	1.03859
91	68	1.08266
91	104	1.03033
91	122	1.05202
91	123	1.01435
91	127	0.899978
91	130	1.03332
91	131	1.02957
91	133	1.04339
91	134	1.00993
91	137	1.03325
91	144	0.929529
91	150	0.917193
91	153	0.929285
91	154	0.909015
91	159	1.0163
91	161	1.03034
91	162	0.902021
91	167	1.0336
91	169	1.02506
91	172	1.03338
91	176	1.02896
91	177	0.916993
92	97	0.993443
92	105	0.913012
92	107	0.942517
92	113	0.969337
92	122	0.988806
92	128	0.979286
92	130	0.970111
92	148	1.17136
92	151	0.953754
92	152	0.983972
92	155	0.967347
92	157	1.04705
92	158	0.971179
92	159	0.95309
92	160	1.00119
92	161	0.967131
92	162	1.05448
92	164	1.06729
92	166	0.979264
92	170	1.08059
92	171	1.06878
92	173	0.952569
92	174	1.07296
92	175	0.972893
92	176	0.965754
93	110	1.01557
93	120	0.988607
93	129	1.01374
93	131	0.970382
93	136	1.02421
93	138	1.0215
93	142	1.03425
93	145	1.02756
93	148	0.976473
93	151	1.02672
93	154	1.0147
93	156	1.02308
93	157	1.0176
93	163	1.00263
93	164	1.0251
93	165	1.01028
93	166	0.952563
93	167	1.00057
93	168	1.0078
93	170	1.01185
93	171	0.804849
93	174	1.01473
93	175	0.998007
93	177	1.01978
93	178	1.00067
93	179	1.01168
94	14	1.02553
94	18	0.89066
94	23	0.99712
94	28	1.01421
94	47	1.03432
94	49	0.994695
94	50	1.09366
94	60	1.09111
94	61	1.02985
94	64	1.02794
94	70	1.00331
94	77	0.987955
94	80	0.894975
94	84	1.0146
94	85	0.979475
94	88	1.03731
94	90	0.969984
94	95	1.01281
94	99	0.98798
94	101	1.00944
94	105	1.12497
94	140	0.96554
94	149	0.993753
94	159	0.946206
94	161	0.903725
94	169	0.976112
95	8	1.02512
95	11	0.875773
95	14	1.02413
95	21	0.987725
95	28	1.01281
95	29	0.995165
95	42	0.790749
95	47	1.03292
95	49	0.993293
95	50	1.09225
95	60	1.13322
95	61	1.02845
95	64	1.02654
95	84	1.0132
95	88	1.03591
95	90	0.968582
95	94	1.01281
95	99	0.986578
95	101	1.00803
95	103	1.02233
95	126	1.00991
95	140	0.964138
95	146	0.987596
95	149	0.992351
95	169	1.01822
95	180	0.970056
96	66	0.908442
96	82	0.969551
96	114	0.966162
96	134	1.15989
96	136	0.971638
96	141	0.979194
96	143	0.952987
96	144	0.959078
96	148	0.923903
96	149	1.15457
96	153	0.963299
96	155	1.1242
96	156	0.970511
96	159	1.18441
96	162	0.97637
96	163	0.950059
96	165	0.957711
96	166	1.08987
96	168	0.955235
96	170	0.959277
96	171	0.942153
96	174	0.962158
96	176	1.15802
96	177	0.96721
96	178	0.948105
96	179	0.959111
97	73	0.802215
97	86	0.964223
97	92	0.993443
97	105	0.979176
97	107	1.01566
97	110	1.03747
97	111	1.03679
97	127	1.04082
97	136	1.04611
97	137	0.908032
97	142	0.964733
97	148	0.998372
97	150	1.03585
97	154	1.0366
97	156	1.04498
97	162	1.05084
97	163	1.02453
97	164	1.047
97	165	1.03218
97	166	0.883049
97	168	1.0297
97	169	1.02801
97	170	1.03375
97	175	0.928493
97	176	0.951198
97	177	1.04168
97	178	1.02257
97	179	1.03358
98	21	1.08512
98	46	0.957058
98	52	0.971206
98	63	1.02037
98	67	0.982235
98	112	0.98608
98	115	0.98333
98	117	0.975734
98	120	1.12237
98	121	0.967186
98	123	0.969852
98	133	0.998887
98	135	0.93437
98	137	0.988753
98	142	0.986186
98	145	0.964407
98	151	0.972462
98	152	1.00268
98	158	0.989886
98	161	0.985838
98	164	1.07005
98	165	1.07181
98	166	0.997971
98	169	0.980553
98	172	0.988881
98	173	0.971276
98	176	0.984461
98	179	1.08349
99	8	1.00029
99	14	0.999294
99	21	0.962892
99	28	0.987975
99	29	0.970331
99	47	1.00808
99	49	0.968459
99	58	0.950798
99	61	1.00362
99	64	1.00171
99	70	0.97707
99	77	0.961719
99	83	1.05962
99	84	0.988364
99	88	1.01107
99	90	0.943749
99	94	0.98798
99	95	0.986578
99	101	0.983201
99	102	1.03917
99	103	1.11768
99	125	1.02281
99	140	0.939305
99	149	0.967517
99	167	1.03713
99	172	1.00936
99	176	1.05727
99	180	1.06541
100	33	1.05559
100	73	1.05144
100	78	0.975332
100	79	1.0338
100	89	1.04211
100	113	1.01505
100	114	0.951378
100	117	1.00274
100	119	1.00539
100	122	1.03452
100	127	0.930877
100	128	1.025
100	129	0.957668
100	133	1.0259
100	140	0.971203
100	143	0.99773
100	145	0.991416
100	157	0.925495
100	158	1.0169
100	159	0.998807
100	160	1.04691
100	161	1.01285
100	162	0.93292
100	164	0.945734
100	166	1.02498
100	172	1.01589
100	173	0.998286
100	176	1.01147
100	178	0.988057
101	8	1.02174
101	14	1.02075
101	21	0.984348
101	23	0.99234
101	28	1.00943
101	29	0.991787
101	47	1.02954
101	49	0.989915
101	58	0.972254
101	61	1.02507
101	64	1.02316
101	70	0.998526
101	77	0.983175
101	83	0.975922
101	84	1.00982
101	85	1.03323
101	88	1.03253
101	90	0.965205
101	94	1.00944
101	95	1.00803
101	99	0.983201
101	103	1.03398
101	105	1.17873
101	123	0.981008
101	126	1.02157
101	140	0.96076
101	149	0.988973
101	159	0.999964
101	169	1.02987
101	171	0.757707
102	21	1.02202
102	23	1.05029
102	33	1.1168
102	49	0.958901
102	53	0.838118
102	69	0.992633
102	70	1.00611
102	71	0.975951
102	99	1.03917
102	113	1.00442
102	129	1.00456
102	130	1.00519
102	137	1.00513
102	139	0.963571
102	148	0.967293
102	150	1.00477
102	153	1.00669
102	155	1.00243
102	159	0.988174
102	160	1.03628
102	162	1.01976
102	163	0.993448
102	165	1.0011
102	167	1.00547
102	168	0.998624
102	173	0.987653
102	176	1.00084
102	177	1.0106
102	178	0.991495
102	179	1.0025
103	14	0.972235
103	20	1.05282
103	35	0.954451
103	47	0.988632
103	64	0.90568
103	86	0.987368
103	88	0.952192
103	95	1.02233
103	99	1.11768
103	101	1.03398
103	116	0.987907
103	130	1.0036
103	134	0.980206
103	147	0.991524
103	150	1.00317
103	154	1.00392
103	156	1.0123
103	158	1.00466
103	161	1.00062
103	164	1.01432
103	166	1.01275
103	167	1.00388
103	170	1.00107
103	172	1.00366
103	173	0.986055
103	174	1.00395
103	176	0.99924
103	177	1.009
103	178	0.989897
103	179	1.0009
104	18	0.97353
104	40	1.05274
104	45	1.02095
104	67	0.91327
104	83	1.00096
104	91	1.03033
104	119	0.992688
104	126	1.01346
104	127	0.986231
104	128	1.0123
104	130	1.00312
104	131	0.999369
104	134	0.979732
104	135	0.948676
104	138	1.01245
104	142	1.00049
104	144	1.01578
104	145	0.978712
104	147	1.02294
104	153	1.01554
104	159	0.986103
104	161	1.00014
104	164	1.00109
104	167	1.0034
104	169	0.994859
104	175	1.00591
104	176	0.998766
104	177	1.00325
104	179	1.01452
104	180	1.00376
105	8	1.15795
105	17	0.931955
105	49	1.18216
105	58	1.25779
105	64	1.05042
105	69	1.21589
105	80	0.954571
105	84	1.13209
105	92	0.913012
105	94	1.12497
105	97	0.979176
105	101	1.17873
105	115	0.943527
105	135	0.894567
105	142	0.946383
105	148	0.911113
105	149	0.932603
105	152	0.962876
105	155	0.946251
105	158	0.950083
105	162	0.96358
105	163	0.937269
105	164	0.95974
105	167	0.949293
105	168	0.942445
105	170	0.946486
105	174	0.949368
105	177	0.95442
105	178	0.935315
105	179	0.94632
105	180	0.949647
106	6	1.00632
106	11	1.02838
106	25	1.05031
106	26	0.946204
106	30	1.0893
106	34	0.944561
106	37	0.900009
106	38	1.00699
106	46	0.974407
106	48	0.93896
106	59	0.915738
106	65	0.974072
106	75	1.12384
106	88	0.9976
106	128	1.02625
106	141	0.987845
106	145	1.12137
106	148	0.932555
106	150	0.970033
106	153	0.971951
106	157	0.973684
106	164	0.981182
106	167	1.09439
106	168	0.963887
106	170	0.967928
106	171	1.06913
106	172	1.06662
106	174	0.97081
106	176	1.11452
106	177	0.975862
106	178	0.956757
106	179	0.967762
107	44	1.06086
107	62	1.01801
107	76	0.962137
107	92	0.942517
107	97	1.01566
107	115	0.973032
107	119	0.968084
107	121	0.956888
107	122	0.997215
107	123	0.959554
107	127	1.07465
107	128	0.987695
107	133	0.988589
107	134	0.955129
107	135	0.924072
107	138	1.10087
107	140	0.933895
107	145	0.954109
107	150	1.09187
107	152	0.992381
107	156	1.05481
107	157	1.06927
107	158	0.979588
107	160	1.0096
107	161	0.97554
107	167	0.978798
107	169	0.970255
107	170	1.10281
107	171	1.07719
107	172	0.978583
107	173	0.960978
107	176	0.974163
108	44	1.02818
108	78	1.09129
108	117	0.957018
108	125	1.01433
108	128	0.885108
108	131	0.923052
108	132	1.01007
108	133	0.906184
108	136	1.02757
108	137	0.930216
108	141	1.03512
108	142	0.986917
108	143	1.00892
108	147	1.00566
108	149	0.969933
108	153	1.01923
108	154	1.01806
108	156	1.02644
108	157	1.02096
108	159	0.999775
108	162	1.0323
108	163	1.00599
108	164	1.02846
108	165	1.01364
108	168	1.01117
108	170	1.01521
108	173	0.967329
108	174	1.01809
108	177	1.02314
108	178	1.00404
108	179	1.01504
108	180	1.01837
109	13	0.960074
109	36	0.948934
109	60	0.954187
109	66	1.16671
109	82	0.998395
109	118	0.980824
109	119	0.980214
109	128	0.999825
109	131	0.986895
109	135	0.936202
109	142	0.988018
109	143	1.06015
109	145	0.966238
109	151	0.974293
109	153	1.02261
109	154	1.00234
109	155	0.987886
109	156	0.973464
109	159	0.973629
109	160	1.02173
109	161	0.98767
109	163	1.03812
109	166	0.999803
109	169	0.982385
109	171	1.08932
109	172	0.990713
109	173	0.973108
109	174	1.01382
109	175	0.993432
109	176	0.986293
109	178	1.05048
110	93	1.01557
110	97	1.03747
110	112	1.01157
110	115	1.03075
110	116	0.99162
110	117	1.03201
110	118	1.02275
110	119	1.06113
110	120	0.981543
110	125	1.0039
110	128	0.960098
110	132	0.999647
110	133	0.981174
110	136	1.01714
110	139	0.965687
110	144	1.00458
110	146	1.00206
110	147	0.995236
110	150	1.00689
110	154	1.00763
110	160	0.944492
110	162	1.02187
110	164	1.01803
110	168	1.00074
110	169	0.999045
110	170	1.00478
110	171	0.832509
110	173	1.04232
110	174	1.00766
110	177	1.01271
110	178	0.99361
110	179	1.00462
110	180	1.00794
111	5	1.05319
111	27	0.985365
111	68	0.950774
111	86	1.05614
111	97	1.03679
111	114	1.01099
111	116	0.99094
111	118	1.0175
111	120	0.980863
111	130	0.985642
111	144	1.0039
111	147	0.994556
111	150	1.00621
111	153	1.00812
111	154	1.00695
111	155	1.00931
111	156	1.01534
111	160	0.93924
111	162	1.02119
111	163	0.994884
111	164	1.01735
111	165	1.00254
111	167	1.02298
111	168	1.00006
111	170	1.0041
111	171	0.827256
111	172	0.995212
111	174	1.00698
111	175	1.02041
111	176	1.04312
111	177	1.01203
111	178	0.99293
111	179	1.00394
112	16	1.09679
112	38	0.837832
112	42	1.0561
112	73	1.03899
112	76	0.986993
112	77	0.981165
112	98	0.98608
112	110	1.01157
112	117	0.990292
112	118	0.99355
112	122	1.02207
112	123	0.984409
112	127	0.973383
112	130	1.00338
112	132	0.993229
112	133	1.01344
112	134	0.979984
112	137	1.00331
112	152	1.01724
112	155	1.00061
112	158	1.00444
112	160	1.03446
112	161	1.0004
112	164	0.988239
112	165	0.99
112	167	1.00365
112	168	1.00379
112	170	1.00154
112	172	1.00344
112	173	0.985834
112	175	1.00616
112	177	0.990398
112	180	1.00401
113	2	0.886754
113	8	0.917225
113	9	0.948054
113	10	1.01544
113	30	0.976215
113	39	1.12083
113	72	1.00847
113	76	0.988957
113	92	0.969337
113	100	1.01505
113	102	1.00442
113	118	0.995514
113	120	1.04179
113	137	1.00527
113	140	0.960715
113	141	0.941357
113	150	0.991838
113	151	0.988983
113	153	1.00393
113	155	1.00258
113	158	1.00641
113	160	1.03642
113	161	1.00236
113	166	1.01449
113	168	1.00503
113	169	0.997075
113	171	1.10401
113	172	1.0054
113	173	0.987798
113	175	1.00812
113	176	1.00098
113	178	1.0318
113	180	1.00597
114	9	1.01874
114	30	1.00547
114	34	0.860727
114	44	1.02091
114	55	1.01796
114	66	0.957107
114	96	0.966162
114	100	0.951378
114	111	1.01099
114	123	1.03813
114	127	1.01502
114	131	0.98036
114	132	1.00281
114	134	1.03256
114	143	1.00165
114	147	0.998397
114	148	0.972569
114	149	1.02724
114	150	1.01005
114	156	1.01918
114	157	1.0137
114	161	1.0146
114	162	1.02504
114	163	0.998725
114	164	1.0212
114	165	1.00638
114	169	1.00221
114	170	1.00794
114	172	0.982782
114	174	1.01082
114	177	1.01588
114	178	0.996771
114	179	1.00778
115	42	1.05335
115	78	0.96013
115	98	0.98333
115	105	0.943527
115	107	0.973032
115	110	1.03075
115	118	0.9908
115	120	1.05974
115	121	0.978994
115	125	1.04396
115	128	1.0098
115	134	0.977235
115	136	1.01805
115	137	1.00056
115	138	1.0188
115	139	0.959003
115	140	0.956001
115	141	0.959306
115	142	0.997994
115	144	1.02212
115	145	0.976214
115	152	1.01449
115	156	0.972735
115	158	1.00169
115	160	1.03171
115	161	0.997646
115	163	1.03739
115	166	1.00978
115	170	1.02073
115	172	1.00069
115	173	0.983084
115	175	1.00341
115	176	0.996269
115	180	1.00126
116	36	1.1394
116	55	1.01734
116	63	1.0115
116	76	1.03688
116	87	1.01674
116	103	0.987907
116	110	0.99162
116	111	0.99094
116	129	0.989792
116	130	0.972591
116	135	1.20189
116	138	0.997553
116	142	1.0436
116	144	0.987697
116	145	1.03692
116	147	0.978351
116	150	0.99
116	153	0.991918
116	154	0.990745
116	156	0.99913
116	160	0.926189
116	162	1.00499
116	163	0.978678
116	164	1.00115
116	165	0.98633
116	168	0.983854
116	169	0.982159
116	170	0.987896
116	171	0.814205
116	173	1.02402
116	174	0.990777
116	177	0.995829
116	178	0.976724
116	179	0.98773
117	10	1.00313
117	27	1.05306
117	52	0.975418
117	72	0.996155
117	80	0.998586
117	86	0.976801
117	89	1.01931
117	98	0.975734
117	100	1.00274
117	108	0.957018
117	110	1.03201
117	112	0.990292
117	123	0.974064
117	124	1.09323
117	127	0.993826
117	128	1.0022
117	132	1.01367
117	133	1.0031
117	136	1.0193
117	137	0.992965
117	142	0.990398
117	149	0.976618
117	150	1.01104
117	152	1.00689
117	154	1.00286
117	155	0.990266
117	159	0.976009
117	167	0.993308
117	169	0.984765
117	172	0.993093
117	175	0.995812
117	176	0.988673
117	177	1.01084
117	180	0.993662
118	11	0.997943
118	41	1.15169
118	65	0.950647
118	73	1.0319
118	80	1.00184
118	87	0.931901
118	109	0.980824
118	110	1.02275
118	111	1.0175
118	112	0.99355
118	113	0.995514
118	115	0.9908
118	120	1.05174
118	121	0.974656
118	125	1.03595
118	130	0.996288
118	131	0.992534
118	135	0.94184
118	137	0.996223
118	140	0.951664
118	146	0.99104
118	151	0.979932
118	152	1.01015
118	155	0.993524
118	159	0.979268
118	160	1.02737
118	161	0.993308
118	162	0.986611
118	163	1.02938
118	166	1.00544
118	167	0.996566
118	173	0.978747
118	175	0.99907
118	179	1.01286
119	10	1.00578
119	19	0.805675
119	30	0.966553
119	35	0.906801
119	45	1.01351
119	85	1.00018
119	100	1.00539
119	104	0.992688
119	107	0.968084
119	109	0.980214
119	110	1.06113
119	121	0.974046
119	123	0.976712
119	128	1.00485
119	132	1.0428
119	133	1.00575
119	136	1.04843
119	142	0.993046
119	148	1.14188
119	149	0.979266
119	151	0.979321
119	152	1.00954
119	154	1.03199
119	159	0.978657
119	161	0.992698
119	162	1.02499
119	166	1.00483
119	167	0.995956
119	169	0.987413
119	172	0.995741
119	174	1.04348
119	175	0.99846
119	176	0.99132
119	178	1.08013
120	93	0.988607
120	98	1.12237
120	110	0.981543
120	111	0.980863
120	113	1.04179
120	115	1.05974
120	118	1.05174
120	125	0.97694
120	129	0.979715
120	132	0.972684
120	133	1.01016
120	136	0.990179
120	143	0.971528
120	144	0.97762
120	150	0.979923
120	152	1.01369
120	153	0.981841
120	154	0.980667
120	156	0.989053
120	157	0.983574
120	158	1.02378
120	159	1.10375
120	162	0.994912
120	163	0.9686
120	164	0.991072
120	165	0.976252
120	168	0.973776
120	169	0.972082
120	170	0.977818
120	172	1.02945
120	174	0.980699
120	175	1.05466
120	177	0.985752
120	178	0.966647
120	179	0.977652
121	30	0.955357
121	34	1.03328
121	43	0.989753
121	63	0.995063
121	80	0.990038
121	84	0.946635
121	98	0.967186
121	107	0.956888
121	115	0.978994
121	118	0.974656
121	119	0.974046
121	123	0.965515
121	124	1.1293
121	126	0.994823
121	128	0.993656
121	137	0.984417
121	142	0.98185
121	143	1.09674
121	145	0.96007
121	150	1.04711
121	151	0.968125
121	153	1.0592
121	159	0.967461
121	161	0.981501
121	162	1.03193
121	163	1.07471
121	165	1.04651
121	166	0.993635
121	167	0.98476
121	170	1.05805
121	172	0.984544
121	173	0.96694
121	175	0.987264
121	176	0.980124
121	180	0.985114
122	15	1.04506
122	41	1.08309
122	44	0.90218
122	73	1.06042
122	79	1.04278
122	81	1.01821
122	91	1.05202
122	92	0.988806
122	100	1.03452
122	107	0.997215
122	112	1.02207
122	126	1.03515
122	131	1.02105
122	134	1.00142
122	135	0.970361
122	138	0.942198
122	141	0.882709
122	142	1.02218
122	144	0.945526
122	146	1.01956
122	149	1.0084
122	150	0.93319
122	151	1.00845
122	153	0.945282
122	154	0.925012
122	160	1.05589
122	161	1.02183
122	167	1.02509
122	169	1.01654
122	172	1.02487
122	173	1.00727
122	174	0.936499
122	176	1.02045
122	179	0.944269
122	180	1.02544
123	10	0.997249
123	32	1.16812
123	76	0.970765
123	82	0.994893
123	91	1.01435
123	98	0.969852
123	101	0.981008
123	107	0.959554
123	112	0.984409
123	114	1.03813
123	117	0.974064
123	119	0.976712
123	121	0.965515
123	131	0.983393
123	132	1.03747
123	133	0.997217
123	134	0.963756
123	137	0.987083
123	140	0.942523
123	144	1.04718
123	145	0.962736
123	149	0.970736
123	152	1.00101
123	158	0.988215
123	159	0.970127
123	162	1.01967
123	166	0.996301
123	168	1.04804
123	172	0.987211
123	173	0.969606
123	174	1.03815
123	175	0.98993
123	176	0.98279
123	177	1.03464
123	178	1.07481
124	13	0.980076
124	30	1.08437
124	63	0.991765
124	117	1.09323
124	121	1.1293
124	125	0.967288
124	126	0.981035
124	129	0.970062
124	132	0.963032
124	133	1.0424
124	139	0.929071
124	143	0.961876
124	144	0.967967
124	146	0.965446
124	147	0.958621
124	150	0.97027
124	151	1.1156
124	153	0.972188
124	156	0.9794
124	157	0.973921
124	158	1.05602
124	160	1.00571
124	161	1.09351
124	162	0.985259
124	163	0.958948
124	164	0.981419
124	165	0.9666
124	167	1.08946
124	168	0.964124
124	170	0.968166
124	173	1.10354
124	174	0.971047
124	177	0.976099
124	178	0.956994
124	179	0.968
124	180	0.971327
125	7	0.930182
125	10	1.00828
125	34	0.891609
125	79	0.945509
125	99	1.02281
125	108	1.01433
125	110	1.0039
125	115	1.04396
125	118	1.03595
125	120	0.97694
125	124	0.967288
125	127	1.00725
125	137	1.01841
125	142	1.07511
125	143	0.993889
125	144	0.99998
125	148	0.964805
125	150	1.00228
125	152	0.997904
125	153	1.0042
125	154	1.00303
125	156	1.01141
