1	2	1.10899
1	49	0.682436
1	64	1.18934
1	83	1.20132
1	92	1.17308
1	100	1.23009
1	163	0.700688
1	166	0.663121
1	168	1.25292
1	171	1.18734
1	176	1.26005
1	177	0.585313
2	1	1.10899
2	36	1.02601
2	64	1.04271
2	83	1.05468
2	90	0.594954
2	92	1.02645
2	100	1.08346
2	168	1.10629
2	171	1.04071
2	175	0.966549
2	176	1.11342
2	178	1.01352
3	50	0.699687
3	87	0.616027
3	97	1.19722
3	105	1.20459
3	107	1.22985
3	121	1.21012
3	124	1.17426
3	133	1.22759
3	136	1.19911
3	146	1.16471
3	165	0.693029
3	168	0.629706
4	18	1.11101
4	39	1.02582
4	64	1.04263
4	83	1.05461
4	92	1.02638
4	100	1.08338
4	165	0.865972
4	168	1.10621
4	171	1.04063
4	173	0.909417
4	176	1.11335
4	177	0.802332
5	57	0.741826
5	77	0.448125
5	113	0.498822
5	133	0.497382
5	156	1.25927
5	167	1.20662
5	172	1.2215
5	174	1.21297
5	177	1.24636
5	178	1.12087
5	179	1.18097
5	180	1.16067
6	30	1.19093
6	36	1.16481
6	64	1.18151
6	76	0.536688
6	92	1.16526
6	100	1.22226
6	137	0.635152
6	163	0.750422
6	166	0.712856
6	168	1.24509
6	171	1.17951
6	176	1.25222
7	19	0.654176
7	56	0.488758
7	96	0.550695
7	157	0.463751
7	170	1.22242
7	172	1.22909
7	173	1.19907
7	174	1.22056
7	177	1.25395
7	178	1.12846
7	179	1.18856
7	180	1.16827
8	12	1.11995
8	26	1.08131
8	29	0.767578
8	32	1.0976
8	44	1.0151
8	53	1.01402
8	57	0.982411
8	63	1.05514
8	139	0.903604
8	162	0.898568
8	168	1.1185
8	176	1.12563
9	98	1.0303
9	130	1.08095
9	135	1.10397
9	137	0.812118
9	139	0.834574
9	141	1.06936
9	142	1.07632
9	143	1.07034
9	148	1.09145
9	155	1.08024
9	163	0.927388
9	175	1.00002
10	25	1.12127
10	32	1.09151
10	44	1.00901
10	46	1.12157
10	53	1.00793
10	57	0.976322
10	63	1.04906
10	139	0.731509
10	168	1.11241
10	169	1.0529
10	174	0.788418
10	176	1.11954
11	80	0.550554
11	124	0.534352
11	157	0.56001
11	158	0.526746
11	162	1.25801
11	167	1.20776
11	170	1.21596
11	174	1.21411
11	177	1.2475
11	178	1.12201
11	179	1.18211
11	180	1.16181
12	8	1.11995
12	25	1.26054
12	44	1.14828
12	46	1.26084
12	57	1.11559
12	63	1.18832
12	66	0.541197
12	78	0.608406
12	139	0.699821
12	167	0.788876
12	168	1.25167
12	176	1.2588
13	60	0.575544
13	101	0.630664
13	129	0.486185
13	149	0.46975
13	151	1.24183
13	165	1.23624
13	167	1.21613
13	173	1.20099
13	174	1.22248
13	178	1.13038
13	179	1.19048
13	180	1.17019
14	133	0.707341
14	143	0.80353
14	159	0.728219
14	164	1.07599
14	165	1.08303
14	170	1.07112
14	172	1.0778
14	176	1.16577
14	177	1.10266
14	178	0.977165
14	179	1.03727
14	180	1.01697
15	24	0.707388
15	110	0.530946
15	144	1.21681
15	145	1.2145
15	150	1.22507
15	152	1.20624
15	153	0.890218
15	157	1.18457
15	158	1.22483
15	159	1.19848
15	163	1.13567
15	168	0.503616
16	123	1.1944
16	126	1.18332
16	127	1.20526
16	145	1.20982
16	149	1.22066
16	157	1.17988
16	158	1.22015
16	159	1.1938
16	168	0.570914
16	175	0.807429
16	176	0.535316
16	179	0.720547
17	20	1.16679
17	37	1.09798
17	41	1.20634
17	54	1.25829
17	65	1.21863
17	72	1.18474
17	73	1.1844
17	125	1.2837
17	131	0.630881
17	171	0.59029
17	174	0.62445
17	175	0.781812
18	4	1.11101
18	39	1.17462
18	83	1.20341
18	92	1.17518
18	100	1.23218
18	137	0.545221
18	160	0.771322
18	168	1.25501
18	171	1.18943
18	174	0.624586
18	176	1.26214
18	179	0.695066
19	7	0.654176
19	111	1.05503
19	126	1.06797
19	144	1.09678
19	145	1.09448
19	152	1.08621
19	157	1.06454
19	158	1.10481
19	159	1.07845
19	169	0.957781
19	171	0.900557
19	173	0.962332
20	17	1.16679
20	37	0.956121
20	41	1.06449
20	54	1.11644
20	61	1.0784
20	65	1.07678
20	72	1.04288
20	73	1.04255
20	139	1.06139
20	161	0.782026
20	169	1.0364
20	172	0.75519
21	28	0.586856
21	37	1.10197
21	41	1.21034
21	54	1.26229
21	61	1.22425
21	65	1.22263
21	72	1.18873
21	73	1.1884
21	119	0.642669
21	138	0.775094
21	139	1.20723
21	176	0.624333
22	46	0.497054
22	132	0.570247
22	136	0.548727
22	152	0.538617
22	162	1.26387
22	164	1.2267
22	167	1.21362
22	170	1.22182
22	173	1.19848
22	178	1.12787
22	179	1.18797
22	180	1.16768
23	37	0.878504
23	61	0.662754
23	86	0.687698
23	138	1.09705
23	162	1.1217
23	170	1.07966
23	172	1.08634
23	173	1.05631
23	177	1.11119
23	178	0.985701
23	179	1.0458
23	180	1.02551
24	15	0.707388
24	77	0.76595
24	133	0.815207
24	153	1.0166
24	167	1.08897
24	170	1.09718
24	173	1.07383
24	174	1.09532
24	177	1.12871
24	178	1.00322
24	179	1.06332
24	180	1.04303
25	10	1.12127
25	12	1.26054
25	26	1.22189
25	53	1.1546
25	57	1.123
25	63	1.19573
25	68	0.539411
25	138	0.580192
25	168	1.25908
25	169	0.808668
25	175	0.701544
25	176	1.26621
26	8	1.08131
26	25	1.22189
26	44	1.10963
26	46	1.22219
26	53	1.10855
26	57	1.07694
26	63	1.14967
26	90	0.589726
26	116	0.73937
26	140	0.757128
26	156	0.741809
26	168	1.21302
26	176	1.22016
27	114	1.19525
27	122	1.15943
27	130	1.14681
27	132	1.15057
27	135	1.16983
27	142	1.14218
27	143	1.1362
27	148	1.15731
27	155	1.1461
27	169	0.90072
27	170	0.649886
27	172	0.61951
27	173	0.663848
28	21	0.586856
28	69	0.705296
28	74	0.544134
28	101	1.14189
28	117	1.16207
28	121	1.20958
28	141	1.18459
28	146	1.16417
28	155	1.19547
28	157	0.592065
28	174	1.16537
28	178	1.07327
28	180	1.11307
29	8	0.767578
29	129	0.520754
29	143	0.593842
29	157	0.551358
29	160	1.15576
29	163	1.15222
29	170	1.18099
29	172	1.18767
29	173	1.15764
29	177	1.21252
29	178	1.08703
29	179	1.14713
29	180	1.12684
30	6	1.19093
30	36	1.11576
30	64	1.13247
30	83	1.14444
30	92	1.11621
30	100	1.17321
30	102	0.619661
30	167	0.722778
30	168	1.19605
30	171	1.13047
30	174	0.690633
30	176	1.20318
30	180	0.799717
31	75	0.672786
31	104	0.678264
31	122	1.17362
31	130	1.161
31	132	1.16477
31	135	1.18403
31	142	1.15638
31	143	1.15039
31	148	1.17151
31	155	1.16029
31	165	0.74648
31	172	0.745587
31	175	1.08008
32	8	1.0976
32	10	1.09151
32	44	1.12593
32	46	1.23849
32	53	1.12484
32	57	1.09324
32	63	1.16597
32	93	0.457695
32	154	0.809611
32	161	0.654005
32	168	1.22932
32	169	0.908379
32	176	1.23645
33	47	1.16836
33	91	1.18135
33	107	1.14336
33	121	1.12362
33	124	1.08776
33	136	1.11262
33	137	0.720786
33	139	1.09259
33	146	1.07821
33	147	1.11297
33	171	1.1032
33	176	0.6854
33	177	0.720681
33	180	0.909235
34	87	0.687765
34	126	1.11307
34	127	1.13501
34	140	0.733766
34	144	1.14188
34	149	1.15041
34	150	1.15014
34	152	1.1313
34	157	1.10964
34	158	1.1499
34	159	1.12355
34	164	0.81235
34	169	1.00288
34	170	0.79425
35	120	1.19878
35	135	0.630558
35	145	0.621492
35	146	0.683572
35	159	0.635953
35	162	1.17688
35	164	1.1397
35	172	1.14151
35	173	1.11149
35	174	1.13297
35	175	1.08286
35	178	1.04088
35	179	1.10098
35	180	1.08068
36	2	1.02601
36	6	1.16481
36	30	1.11576
36	39	1.08954
36	70	0.969493
36	83	1.11833
36	87	0.679882
36	92	1.09009
36	100	1.1471
36	116	0.708126
36	119	0.676299
36	168	1.16993
36	171	1.10435
36	176	1.17706
37	17	1.09798
37	20	0.956121
37	21	1.10197
37	23	0.878504
37	41	0.995677
37	54	1.04763
37	61	1.00959
37	65	1.00797
37	68	0.960743
37	72	0.974069
37	73	0.973736
37	104	1.04672
37	139	0.992573
37	180	1.0746
38	47	1.17787
38	60	1.12636
38	115	1.14762
38	121	1.13313
38	124	1.09727
38	133	1.1506
38	136	1.12212
38	146	1.08772
38	147	1.12248
38	166	0.692728
38	172	0.677665
38	175	1.0388
38	178	0.898719
38	179	0.764869
39	4	1.02582
39	18	1.17462
39	36	1.08954
39	64	1.10624
39	83	1.11822
39	92	1.08998
39	100	1.14699
39	165	0.63589
39	168	1.16982
39	169	0.916207
39	171	1.10424
39	176	1.17695
39	179	0.7222
39	180	0.760805
40	50	1.15025
40	87	1.1959
40	91	0.632199
40	133	0.621667
40	142	0.689562
40	147	0.62616
40	153	1.04389
40	156	1.16891
40	170	1.12447
40	172	1.13115
40	173	1.10112
40	174	1.12261
40	179	1.09062
40	180	1.07032
41	17	1.20634
41	20	1.06449
41	21	1.21034
41	37	0.995677
41	54	1.15599
41	61	1.11796
41	65	1.11633
41	72	1.08244
41	73	1.0821
41	102	0.659173
41	125	1.1814
41	140	0.683314
41	175	0.887507
41	179	0.800625
42	98	0.628229
42	109	0.530309
42	115	0.435251
42	119	1.33769
42	142	0.478418
42	152	0.424357
42	165	1.26618
42	167	1.24607
42	172	1.26096
42	173	1.23093
42	177	1.28581
42	178	1.16032
42	179	1.22042
42	180	1.20013
43	47	1.31983
43	59	0.491023
43	68	0.55948
43	79	0.780051
43	97	1.26219
43	107	1.29482
43	117	1.22757
43	129	1.27537
43	131	0.570681
43	146	1.22968
43	147	1.26444
43	169	1.14609
43	175	1.18076
43	180	0.673335
44	8	1.0151
44	10	1.00901
44	12	1.14828
44	26	1.10963
44	32	1.12593
44	46	1.15599
44	53	1.04234
44	57	1.01074
44	63	1.08347
44	88	0.730449
44	102	0.733366
44	166	0.802676
44	168	1.14682
44	175	0.961699
44	176	1.15395
45	61	1.20497
45	70	0.733991
45	72	1.16945
45	73	1.16912
45	127	1.22213
45	130	1.20558
45	138	0.573222
45	141	1.194
45	150	1.23725
45	153	0.844662
45	155	1.20487
45	157	1.19675
45	159	1.21066
45	160	0.683948
45	168	0.45806
46	10	1.12157
46	12	1.26084
46	22	0.497054
46	26	1.22219
46	32	1.23849
46	44	1.15599
46	53	1.1549
46	57	1.1233
46	63	1.19603
46	151	0.660075
46	161	0.672971
46	168	1.25938
46	175	0.820221
46	176	1.26651
46	177	0.583389
47	33	1.16836
47	38	1.17787
47	43	1.31983
47	56	1.20876
47	75	0.60371
47	110	0.641412
47	115	1.21914
47	120	0.632789
47	124	1.16878
47	128	1.1696
47	133	1.22212
47	146	1.15923
47	147	1.19399
47	164	0.724987
47	174	0.693235
48	111	1.16784
48	118	0.532919
48	120	0.55621
48	127	1.20273
48	131	0.623086
48	144	1.2096
48	145	1.20729
48	149	1.21813
48	150	1.21786
48	152	1.19902
48	153	0.924104
48	157	1.17736
48	158	1.21762
48	159	1.19127
48	164	0.648407
49	1	0.682436
49	97	0.720442
49	103	1.10548
49	113	0.709682
49	141	1.09077
49	145	1.12346
49	147	0.712734
49	150	1.13402
49	152	1.11519
49	155	1.10164
49	159	1.10743
49	174	1.07154
49	177	1.10493
49	179	1.03954
49	180	1.01925
50	3	0.699687
50	40	1.15025
50	124	0.709462
50	136	0.705359
50	144	0.703122
50	165	1.11286
50	166	1.09273
50	167	1.09275
50	170	1.10096
50	172	1.10763
50	174	1.0991
50	177	1.13249
50	178	1.007
50	179	1.0671
50	180	1.04681
51	53	0.749972
51	123	0.665647
51	134	1.13567
51	137	1.15884
51	143	0.725895
51	147	0.634199
51	156	1.13858
51	167	1.08593
51	172	1.10081
51	173	1.07079
51	174	1.09228
51	177	1.12567
51	178	1.00018
51	179	1.06028
51	180	1.03999
52	101	1.15024
52	103	1.20766
52	116	0.654892
52	118	0.635744
52	122	1.21715
52	130	1.20453
52	132	1.2083
52	135	1.22756
52	140	0.67265
52	141	1.19295
52	142	1.1999
52	143	1.19392
52	155	1.20382
52	171	0.68532
52	177	0.640011
53	8	1.01402
53	10	1.00793
53	25	1.1546
53	26	1.10855
53	32	1.12484
53	44	1.04234
53	46	1.1549
53	51	0.749972
53	57	1.00965
53	63	1.08238
53	166	0.809193
53	168	1.14574
53	171	0.776694
53	173	0.838469
53	176	1.15287
54	17	1.25829
54	20	1.11644
54	21	1.26229
54	37	1.04763
54	41	1.15599
54	61	1.16991
54	65	1.16828
54	72	1.13439
54	73	1.13405
54	104	1.20704
54	139	1.15289
54	153	0.83567
54	169	0.792707
54	170	0.541874
54	175	0.685583
54	180	0.637305
55	81	0.938592
55	97	1.07108
55	107	1.10371
55	113	1.11265
55	117	1.03645
55	121	1.08397
55	128	1.04893
55	129	1.08426
55	131	0.765807
55	133	1.10145
55	136	1.07297
55	146	1.03856
55	166	0.757715
55	171	1.06355
55	175	0.989643
55	178	0.963706
56	7	0.488758
56	47	1.20876
56	93	1.20688
56	113	1.1927
56	115	1.17851
56	117	1.1165
56	124	1.12816
56	128	1.12897
56	129	1.1643
56	133	1.18149
56	136	1.15301
56	166	0.767639
56	168	0.690147
56	171	1.14359
56	173	0.796915
56	177	0.68983
57	5	0.741826
57	8	0.982411
57	10	0.976322
57	12	1.11559
57	25	1.123
57	26	1.07694
57	32	1.09324
57	44	1.01074
57	46	1.1233
57	53	1.00965
57	63	1.05078
57	93	0.748834
57	131	0.941463
57	166	0.933372
57	168	1.11413
57	176	1.12126
58	60	1.16057
58	80	1.19239
58	89	0.647938
58	107	1.18707
58	113	1.19601
58	115	1.18183
58	128	1.13229
58	133	1.18481
58	136	1.15633
58	139	1.1363
58	140	0.650264
58	146	1.12192
58	147	1.15668
58	166	0.695433
58	167	0.72924
58	179	0.767574
59	43	0.491023
59	82	0.610244
59	87	1.24719
59	107	0.634475
59	110	1.2206
59	114	0.621208
59	133	0.617361
59	153	1.09518
59	164	1.18063
59	172	1.18244
59	173	1.15241
59	174	1.1739
59	177	1.2073
59	178	1.0818
59	179	1.1419
59	180	1.12161
60	13	0.575544
60	38	1.12636
60	58	1.16057
60	80	1.17819
60	84	0.834368
60	105	1.14761
60	110	0.751225
60	113	1.18182
60	117	1.10562
60	133	1.17061
60	136	1.14213
60	146	1.10772
60	147	1.14248
60	163	1.082
60	165	0.787217
60	175	1.0588
60	176	0.688296
61	20	1.0784
61	21	1.22425
61	23	0.662754
61	37	1.00959
61	41	1.11796
61	45	1.20497
61	54	1.16991
61	65	1.13025
61	72	1.09635
61	73	1.09602
61	87	0.656932
61	104	1.169
61	125	1.19532
61	139	1.11486
61	154	0.915482
61	170	0.763417
61	176	0.635013
62	83	0.770044
62	115	0.783471
62	137	1.11599
62	142	0.826637
62	156	1.09574
62	159	0.779621
62	164	1.05616
62	165	1.0632
62	166	1.04307
62	167	1.04309
62	170	1.05129
62	172	1.05797
62	173	1.02795
62	177	1.08283
62	178	0.957335
62	179	1.01744
62	180	0.997141
63	8	1.05514
63	10	1.04906
63	12	1.18832
63	25	1.19573
63	26	1.14967
63	32	1.16597
63	44	1.08347
63	46	1.19603
63	53	1.08238
63	57	1.05078
63	75	0.642087
63	112	0.670183
63	138	0.767622
63	151	0.728828
63	168	1.18686
63	175	0.888974
63	176	1.194
64	1	1.18934
64	2	1.04271
64	4	1.04263
64	6	1.18151
64	30	1.13247
64	39	1.10624
64	83	1.13503
64	92	1.1068
64	100	1.1638
64	154	0.837706
64	165	0.656158
64	166	0.670327
64	168	1.18663
64	171	1.12105
64	173	0.699603
64	175	0.82935
64	176	1.19377
65	17	1.21863
65	20	1.07678
65	21	1.22263
65	37	1.00797
65	41	1.11633
65	54	1.16828
65	61	1.13025
65	72	1.09472
65	73	1.09439
65	104	1.16737
65	125	1.19369
65	139	1.11323
65	163	0.761263
65	164	0.75711
65	174	0.725357
65	176	0.610606
65	180	0.834442
66	12	0.541197
66	95	0.476443
66	113	0.476495
66	123	1.25818
66	128	0.5781
66	142	0.54295
66	155	0.48919
66	157	1.24366
66	158	1.28392
66	159	1.25757
66	168	1.31105
66	171	1.24547
66	173	1.20019
66	176	1.31818
66	178	1.12958
66	179	1.18968
66	180	1.16938
67	77	1.18265
67	96	1.08538
67	114	1.17999
67	130	1.13154
67	132	1.13531
67	135	1.15457
67	141	1.11996
67	142	1.12692
67	143	1.12093
67	148	1.14205
67	155	1.13083
67	166	1.09437
67	170	0.705381
67	173	0.719344
67	177	0.612259
67	178	0.896058
67	179	0.762209
68	25	0.539411
68	37	0.960743
68	43	0.55948
68	80	0.730066
68	120	1.18465
68	138	1.1381
68	149	0.692483
68	151	1.13819
68	153	1.04012
68	167	1.11249
68	170	1.1207
68	172	1.12738
68	173	1.09735
68	174	1.11884
68	177	1.15224
68	178	1.02674
68	179	1.08685
68	180	1.06655
69	28	0.705296
69	78	0.709199
69	82	1.13981
69	106	1.14651
69	111	1.08184
69	123	1.10587
69	139	0.800614
69	144	1.1236
69	145	1.12129
69	149	1.13213
69	150	1.13186
69	152	1.11302
69	157	1.09135
69	158	1.13162
69	159	1.10527
69	162	0.795579
69	169	0.984596
69	171	0.823364
70	36	0.969493
70	45	0.733991
70	116	1.07312
70	121	0.876296
70	126	0.913037
70	156	1.06909
70	162	1.06669
70	165	1.03655
70	167	1.01644
70	170	1.02464
70	172	1.03132
70	173	1.0013
70	174	1.02278
70	176	1.11929
70	177	1.05618
70	178	0.930686
70	179	0.990788
70	180	0.970493
71	75	0.640567
71	89	0.680935
71	99	1.11551
71	109	1.05923
71	123	1.11455
71	126	1.10347
71	138	0.766101
71	144	1.13227
71	149	1.14081
71	150	1.14053
71	152	1.1217
71	157	1.10003
71	158	1.1403
71	159	1.11394
71	160	0.876827
71	163	1.05113
71	166	1.07169
71	178	0.934421
72	17	1.18474
72	20	1.04288
72	21	1.18873
72	37	0.974069
72	41	1.08244
72	45	1.16945
72	54	1.13439
72	61	1.09635
72	65	1.09472
72	73	1.06049
72	93	0.629035
72	104	1.13348
72	108	0.662022
72	125	1.15979
72	139	1.07933
72	151	0.81245
72	166	0.813573
72	175	0.972596
73	17	1.1844
73	20	1.04255
73	21	1.1884
73	37	0.973736
73	41	1.0821
73	45	1.16912
73	54	1.13405
73	61	1.09602
73	65	1.09439
73	72	1.06049
73	78	0.624025
73	104	1.13314
73	125	1.15946
73	137	0.692984
73	139	1.079
73	169	1.03684
73	170	0.786001
73	172	0.755625
74	28	0.544134
74	99	1.20079
74	109	1.14452
74	111	1.1758
74	120	0.635916
74	126	1.18875
74	127	1.21069
74	144	1.21756
74	149	1.22609
74	150	1.22582
74	152	1.20698
74	157	1.18532
74	158	1.22558
74	159	1.19923
74	162	0.634417
74	164	0.728114
74	176	0.581611
74	179	0.766842
75	31	0.672786
75	47	0.60371
75	63	0.642087
75	71	0.640567
75	106	0.49296
75	115	0.625792
75	140	1.22263
75	156	1.22294
75	160	1.15327
75	164	1.18337
75	167	1.17029
75	170	1.17849
75	172	1.18517
75	173	1.15515
75	174	1.17664
75	177	1.21003
75	178	1.08454
75	179	1.14464
75	180	1.12434
76	6	0.536688
76	98	0.730465
76	111	0.619008
76	138	1.1948
76	148	0.562515
76	149	0.519424
76	154	1.12983
76	156	1.22185
76	159	0.533637
76	162	1.21945
76	164	1.18228
76	165	1.18931
76	172	1.18409
76	173	1.15406
76	174	1.17555
76	177	1.20894
76	178	1.08345
76	179	1.14355
76	180	1.12326
77	5	0.448125
77	24	0.76595
77	67	1.18265
77	94	1.15527
77	96	1.13803
77	98	1.13354
77	114	1.23264
77	135	1.20722
77	141	1.17261
77	142	1.17957
77	143	1.17358
77	148	1.1947
77	155	1.18348
77	160	0.788067
77	164	0.673084
77	166	1.14701
77	171	0.607171
77	175	1.10327
77	180	0.750415
78	12	0.608406
78	69	0.709199
78	73	0.624025
78	96	1.15813
78	121	1.2177
78	127	0.552075
78	128	1.18265
78	136	1.20669
78	141	1.19271
78	143	1.19369
78	144	0.563971
78	148	1.2148
78	159	0.563142
78	174	1.17348
78	175	1.12337
78	177	1.20687
78	178	1.08138
78	179	1.14148
78	180	1.12119
79	43	0.780051
79	118	1.11898
79	123	0.94233
79	130	0.939028
79	138	1.04779
79	153	0.949809
79	157	0.960094
79	160	1.00516
79	164	1.03526
79	165	1.04229
79	167	1.02218
79	169	0.943758
79	172	1.03707
79	173	1.00704
79	174	1.02853
79	177	1.06193
79	178	0.936434
79	179	0.996536
79	180	0.97624
80	11	0.550554
80	58	1.19239
80	60	1.17819
80	68	0.730066
80	107	1.20469
80	113	1.21364
80	117	1.13744
80	120	0.674391
80	124	1.1491
80	129	1.18524
80	133	1.20243
80	136	1.17395
80	146	1.13955
80	147	1.1743
80	171	1.16453
80	175	1.09062
80	176	0.620086
80	177	0.655367
80	179	0.805317
81	55	0.938592
81	82	0.862687
81	103	0.905014
81	118	1.10154
81	137	1.07765
81	138	1.03034
81	140	1.05708
81	148	0.91956
81	154	0.965368
81	160	0.987718
81	162	1.05499
81	170	1.01294
81	172	1.01962
81	173	0.989599
81	174	1.01109
81	177	1.04448
81	178	0.918989
81	179	0.979091
81	180	0.958795
82	59	0.610244
82	69	1.13981
82	81	0.862687
82	99	1.17936
82	109	1.12308
82	111	1.15437
82	126	1.16731
82	137	0.604106
82	139	0.626562
82	144	1.19612
82	145	1.19382
82	149	1.20466
82	150	1.20438
82	151	0.680688
82	152	1.18555
82	157	1.16388
82	159	1.17779
82	163	1.11498
82	171	0.649312
83	1	1.20132
83	2	1.05468
83	4	1.05461
83	18	1.20341
83	30	1.14444
83	36	1.11833
83	39	1.11822
83	62	0.770044
83	64	1.13503
83	92	1.11877
83	100	1.17578
83	104	0.617842
83	112	1.13649
83	161	0.712001
83	163	0.737795
83	168	1.19861
83	171	1.13303
83	172	0.685165
83	176	1.20574
83	179	0.772369
84	60	0.834368
84	105	0.77316
84	107	0.739024
84	108	1.16312
84	120	1.13835
84	124	0.749956
84	125	0.668164
84	154	1.02683
84	164	1.07928
84	165	1.08631
84	167	1.0662
84	170	1.0744
84	172	1.08108
84	173	1.05106
84	174	1.07255
84	175	1.02244
84	177	1.10594
84	178	0.980448
84	179	1.04055
84	180	1.02025
85	90	0.572324
85	94	1.12617
85	101	1.1008
85	103	1.15822
85	114	1.20353
85	122	1.16771
85	132	1.15885
85	141	1.1435
85	142	1.15046
85	143	1.14448
85	148	1.16559
85	155	1.15438
85	161	1.13703
85	162	0.724612
85	163	0.822462
85	166	1.11791
85	171	0.752397
85	172	0.769833
85	175	1.07416
85	177	0.707087
86	23	0.687698
86	87	0.681877
86	95	1.1598
86	98	1.09247
86	103	1.14625
86	114	1.19157
86	122	1.15574
86	130	1.14312
86	132	1.14689
86	135	1.16615
86	137	0.695344
86	141	1.13153
86	142	1.13849
86	143	1.13251
86	148	1.15363
86	155	1.14241
86	166	1.10594
86	172	0.757985
86	174	0.774709
86	177	0.695239
87	3	0.616027
87	34	0.687765
87	36	0.679882
87	40	1.1959
87	59	1.24719
87	61	0.656932
87	86	0.681877
87	131	1.16814
87	154	1.09903
87	159	0.618634
87	165	1.15851
87	167	1.1384
87	170	1.14661
87	172	1.15329
87	173	1.12326
87	174	1.14475
87	177	1.17815
87	178	1.05265
87	179	1.11276
87	180	1.09246
88	44	0.730449
88	92	0.659836
88	113	0.61814
88	127	1.1572
88	133	0.6167
88	135	1.16368
88	142	1.13603
88	146	0.685196
88	147	0.621192
88	148	1.15116
88	149	1.17261
88	150	1.17233
88	152	1.1535
88	155	1.13995
88	158	1.17209
88	167	1.1035
88	169	1.02507
88	170	1.1117
88	178	1.01774
88	179	1.07785
88	180	1.05755
89	58	0.647938
89	71	0.680935
89	134	1.15894
89	137	1.18211
89	146	0.709929
89	150	0.62016
89	152	0.655265
89	154	1.06983
89	158	0.661873
89	162	1.15945
89	164	1.12228
89	168	1.20493
89	170	1.11741
89	171	1.13935
89	172	1.12409
89	173	1.09406
89	174	1.11555
89	177	1.14894
89	178	1.02345
89	179	1.08355
89	180	1.06326
90	2	0.594954
90	26	0.589726
90	85	0.572324
90	97	1.22212
90	101	0.643935
90	124	1.19915
90	128	1.19996
90	130	0.508995
90	135	0.491837
90	143	0.572544
90	146	1.1896
90	149	1.25355
90	150	1.25328
90	157	1.21277
90	158	1.25304
90	159	1.22669
90	166	1.18443
90	177	1.22418
90	178	1.09869
90	179	1.15879
90	180	1.1385
91	33	1.18135
91	40	0.632199
91	93	1.26048
91	97	1.20473
91	113	1.2463
91	115	1.23212
91	117	1.1701
91	119	0.604705
91	120	0.640674
91	128	1.18258
91	129	1.21791
91	133	1.2351
91	136	1.20662
91	146	1.17221
91	147	1.20697
91	156	0.638971
91	161	0.711231
91	169	1.08863
91	171	1.1972
91	174	0.70112
91	177	0.62165
92	1	1.17308
92	2	1.02645
92	4	1.02638
92	6	1.16526
92	18	1.17518
92	30	1.11621
92	36	1.09009
92	39	1.08998
92	64	1.1068
92	83	1.11877
92	88	0.659836
92	100	1.14754
92	112	1.10826
92	140	0.686894
92	145	0.517978
92	161	0.743837
92	163	0.76963
92	168	1.17038
92	169	0.998211
92	171	1.1048
92	176	1.17751
93	32	0.457695
93	56	1.20688
93	57	0.748834
93	72	0.629035
93	91	1.26048
93	96	0.645039
93	124	1.1669
93	130	0.537029
93	143	0.600579
93	145	1.21046
93	147	1.19211
93	148	0.554146
93	149	1.2213
93	152	1.20219
93	158	1.22079
93	159	1.19443
93	165	1.1723
93	174	1.15854
93	175	1.10843
93	178	1.06644
93	179	1.12654
93	180	1.10625
94	77	1.15527
94	85	1.12617
94	95	1.12085
94	96	1.058
94	98	1.05352
94	101	1.04988
94	103	1.10729
94	110	0.752025
94	114	1.15261
94	118	0.720111
94	122	1.11679
94	132	1.10793
94	134	0.758488
94	135	1.12719
94	137	0.724482
94	141	1.09258
94	142	1.09954
94	148	1.11467
94	153	1.1113
94	155	1.10346
94	175	1.02324
94	176	0.689096
95	66	0.476443
95	86	1.1598
95	94	1.12085
95	98	1.09912
95	101	1.09548
95	103	1.1529
95	114	1.19821
95	118	0.60824
95	122	1.16239
95	125	1.2126
95	130	1.14977
95	132	1.15353
95	135	1.17279
95	138	0.727986
95	141	1.13818
95	142	1.14514
95	143	1.13916
95	148	1.16027
95	155	1.14906
95	164	0.723729
95	169	0.956463
95	174	0.691976
95	179	0.762456
96	7	0.550695
96	67	1.08538
96	77	1.13803
96	78	1.15813
96	93	0.645039
96	94	1.058
96	101	1.03264
96	122	1.09954
96	130	1.08693
96	132	1.09069
96	134	0.785878
96	135	1.10995
96	141	1.07534
96	142	1.0823
96	143	1.07632
96	148	1.09743
96	153	1.13869
96	155	1.08622
96	161	1.06887
96	166	1.04975
96	172	0.814513
96	175	1.006
96	179	0.901717
97	3	1.19722
97	43	1.26219
97	49	0.720442
97	55	1.07108
97	90	1.22212
97	91	1.20473
97	105	1.14148
97	112	0.641359
97	113	1.17569
97	117	1.09949
97	118	0.619052
97	121	1.147
97	124	1.11115
97	128	1.11196
97	133	1.16448
97	136	1.136
97	146	1.10159
97	147	1.13635
97	154	0.868506
97	171	1.12658
97	174	0.702788
97	176	0.588037
97	180	0.811873
98	9	1.0303
98	42	0.628229
98	76	0.730465
98	77	1.13354
98	86	1.09247
98	94	1.05352
98	95	1.09912
98	103	1.08556
98	122	1.09506
98	125	1.14527
98	130	1.08244
98	132	1.0862
98	135	1.10546
98	141	1.07085
98	142	1.07781
98	143	1.07183
98	148	1.09294
98	155	1.08173
98	156	0.846145
98	165	0.892464
98	174	0.908294
98	175	1.00151
98	177	0.828824
99	71	1.11551
99	74	1.20079
99	82	1.17936
99	109	1.0901
99	111	1.12139
99	116	0.652815
99	123	1.14542
99	126	1.13434
99	127	1.15628
99	138	0.753413
99	144	1.16315
99	145	1.16084
99	149	1.17168
99	150	1.17141
99	152	1.15257
99	156	0.655254
99	157	1.13091
99	158	1.17117
99	159	1.14482
99	167	0.749549
99	168	0.63825
99	171	0.683243
99	175	0.874765
100	1	1.23009
100	2	1.08346
100	4	1.08338
100	6	1.22226
100	18	1.23218
100	30	1.17321
100	36	1.1471
100	39	1.14699
100	64	1.1638
100	83	1.17578
100	92	1.14754
100	104	0.613003
100	112	1.16526
100	119	0.600635
100	161	0.707162
100	166	0.695389
100	168	1.22738
100	170	0.710703
100	171	1.1618
100	172	0.680326
100	176	1.23451
100	180	0.806134
101	13	0.630664
101	28	1.14189
101	52	1.15024
101	85	1.1008
101	90	0.643935
101	94	1.04988
101	95	1.09548
101	96	1.03264
101	114	1.12725
101	122	1.09142
101	130	1.0788
101	132	1.08257
101	135	1.10182
101	142	1.07417
101	143	1.06819
101	148	1.0893
101	155	1.07809
101	163	0.894073
101	166	1.04162
101	171	0.824008
101	175	0.997875
101	177	0.778698
101	178	1.0625
102	30	0.619661
102	41	0.659173
102	44	0.733366
102	107	0.636732
102	122	0.64886
102	131	1.16499
102	134	1.185
102	152	0.63345
102	153	1.06288
102	158	0.640058
102	160	1.11823
102	162	1.18551
102	165	1.15536
102	167	1.13525
102	169	1.05683
102	170	1.14346
102	171	1.1654
102	172	1.15014
102	173	1.12011
102	174	1.1416
102	177	1.17499
102	178	1.0495
102	179	1.1096
102	180	1.08931
103	49	1.10548
103	52	1.20766
103	81	0.905014
103	85	1.15822
103	86	1.14625
103	94	1.10729
103	95	1.1529
103	98	1.08556
103	132	1.13998
103	135	1.15924
103	141	1.12463
103	142	1.13159
103	143	1.12561
103	148	1.14672
103	155	1.13551
103	161	1.11816
103	163	0.761704
103	164	0.757551
103	166	1.09904
103	168	0.646645
103	170	0.739451
103	174	0.725798
103	175	1.05529
103	176	0.611047
104	31	0.678264
104	37	1.04672
104	54	1.20704
104	61	1.169
104	65	1.16737
104	72	1.13348
104	73	1.13314
104	83	0.617842
104	100	0.613003
104	109	0.726326
104	117	1.13549
104	129	1.1833
104	130	0.63918
104	136	1.17201
104	141	0.66387
104	147	1.17236
104	155	0.620677
104	169	1.05402
104	170	1.14065
104	173	1.1173
104	174	1.13879
104	178	1.04669
104	179	1.1068
104	180	1.0865
105	3	1.20459
105	60	1.14761
105	84	0.77316
105	97	1.14148
105	112	0.680411
105	113	1.18305
105	115	1.16887
105	117	1.10685
105	124	1.11851
105	128	1.11933
105	129	1.15466
105	133	1.17185
105	136	1.14337
105	139	1.12334
105	146	1.10896
105	147	1.14372
105	156	0.679691
105	161	0.751952
105	163	1.08324
105	166	0.740179
105	169	1.02538
105	170	0.755492
105	173	0.769455
105	175	1.06004
106	69	1.14651
106	75	0.49296
106	109	1.12979
106	111	1.16108
106	112	1.17586
106	123	1.18511
106	127	1.19596
106	144	1.20283
106	145	1.20052
106	149	1.21137
106	150	1.21109
106	152	1.19226
106	153	0.889933
106	157	1.17059
106	158	1.21085
106	159	1.1845
106	160	0.72922
106	161	1.16136
106	163	1.12169
106	166	1.14224
106	167	0.61463
106	171	0.548324
106	173	0.610099
106	175	0.739846
106	178	0.786814
107	3	1.22985
107	33	1.14336
107	43	1.29482
107	55	1.10371
107	58	1.18707
107	59	0.634475
107	80	1.20469
107	84	0.739024
107	102	0.636732
107	113	1.20831
107	115	1.19413
107	117	1.13212
107	119	0.611288
107	120	0.647258
107	121	1.17963
107	125	1.22906
107	128	1.14459
107	129	1.17992
107	133	1.19711
107	146	1.13422
107	164	0.739456
107	165	0.691873
107	171	1.15921
107	175	1.0853
107	176	0.592952
108	72	0.662022
108	84	1.16312
108	115	0.562105
108	117	0.654482
108	118	1.25248
108	122	0.56662
108	132	0.58284
108	143	0.633565
108	148	0.587133
108	149	0.544042
108	153	1.08331
108	154	1.11632
108	156	1.20834
108	160	1.13867
108	162	1.20594
108	164	1.16876
108	165	1.1758
108	167	1.15569
108	170	1.16389
108	172	1.17057
108	173	1.14055
108	174	1.16203
108	177	1.19543
108	178	1.06994
108	179	1.13004
108	180	1.10974
109	42	0.530309
109	71	1.05923
109	74	1.14452
109	82	1.12308
109	99	1.0901
109	104	0.726326
109	106	1.12979
109	111	1.06511
109	123	1.08914
109	126	1.07806
109	127	1.1
109	144	1.10687
109	145	1.10456
109	149	1.1154
109	150	1.11513
109	152	1.09629
109	157	1.07463
109	158	1.11489
109	159	1.08854
109	161	1.0654
109	166	1.04628
109	167	0.842519
109	171	0.776213
109	175	0.967735
109	177	0.730904
109	180	0.919457
110	15	0.530946
110	47	0.641412
110	59	1.2206
110	60	0.751225
110	94	0.752025
110	116	1.16849
110	118	1.2086
110	126	0.664437
110	130	0.671405
110	131	1.14154
110	137	1.18471
110	141	0.696095
110	151	1.13751
110	153	1.03943
110	155	0.652901
110	160	1.09479
110	162	1.16206
110	166	1.11179
110	167	1.11181
110	169	1.03338
110	170	1.12001
110	172	1.12669
110	173	1.09667
110	174	1.11815
110	177	1.15155
110	178	1.02606
110	179	1.08616
110	180	1.06586
111	19	1.05503
111	48	1.16784
111	69	1.08184
111	74	1.1758
111	76	0.619008
111	82	1.15437
111	99	1.12139
111	106	1.16108
111	109	1.06511
111	123	1.12043
111	126	1.10935
111	127	1.13129
111	138	0.832847
111	140	0.750006
111	144	1.13816
111	145	1.13585
111	149	1.14669
111	150	1.14642
111	152	1.12758
111	157	1.10592
111	158	1.14618
111	159	1.11983
111	162	0.734892
111	168	0.717684
111	169	0.999156
111	170	0.81049
111	173	0.824452
111	177	0.717367
112	63	0.670183
112	83	1.13649
112	92	1.10826
112	97	0.641359
112	100	1.16526
112	105	0.680411
112	106	1.17586
112	124	0.657206
112	144	1.15295
112	145	1.15064
112	146	0.697656
112	147	0.633652
112	148	0.678915
112	152	1.14237
112	155	0.643294
112	157	1.1207
112	159	1.13462
112	162	1.14262
112	168	1.1881
112	169	1.01394
112	170	1.10058
112	171	1.12251
112	172	1.10726
112	176	1.19523
112	177	1.13211
112	178	1.00662
112	179	1.06672
112	180	1.04643
113	5	0.498822
113	49	0.709682
113	55	1.11265
113	56	1.1927
113	58	1.19601
113	60	1.18182
113	66	0.476495
113	80	1.21364
113	88	0.61814
113	91	1.2463
113	97	1.17569
113	105	1.18305
113	107	1.20831
113	115	1.20307
113	118	0.608292
113	121	1.18858
113	124	1.15272
113	133	1.20606
113	136	1.17757
113	139	1.15755
113	146	1.14317
113	147	1.17793
113	163	1.11744
113	164	0.723781
113	166	0.690368
113	171	1.16816
113	179	0.762508
113	180	0.801113
114	27	1.19525
114	59	0.621208
114	67	1.17999
114	77	1.23264
114	85	1.20353
114	86	1.19157
114	94	1.15261
114	95	1.19821
114	101	1.12725
114	122	1.19415
114	130	1.18153
114	132	1.1853
114	135	1.20456
114	141	1.16995
114	142	1.17691
114	143	1.17093
114	148	1.19204
114	151	0.691653
114	155	1.18082
114	161	1.16348
114	162	0.632491
114	164	0.726189
114	167	0.726582
114	168	0.615283
114	170	0.708089
114	175	1.10061
114	176	0.579685
114	179	0.764916
115	38	1.14762
115	42	0.435251
115	47	1.21914
115	56	1.17851
115	58	1.18183
115	62	0.783471
115	75	0.625792
115	91	1.23212
115	105	1.16887
115	107	1.19413
115	108	0.562105
115	113	1.20307
115	117	1.12687
115	121	1.17439
115	124	1.13853
115	128	1.13935
115	129	1.17468
115	133	1.19187
115	134	0.669957
115	136	1.16339
115	146	1.12898
115	147	1.16374
115	162	0.653371
115	169	1.0454
115	170	0.728969
115	171	1.15397
115	174	0.715316
115	175	1.08006
115	178	0.919646
116	26	0.73937
116	36	0.708126
116	52	0.654892
116	70	1.07312
116	99	0.652815
116	110	1.16849
116	126	0.651671
116	129	0.649101
116	131	1.14518
116	133	0.626
116	134	1.16518
116	137	1.18835
116	138	1.14104
116	141	0.683329
116	153	1.04307
116	156	1.16809
116	160	1.09842
116	162	1.16569
116	163	1.09487
116	165	1.13555
116	170	1.12365
116	172	1.13033
116	173	1.1003
116	174	1.12179
116	177	1.15518
116	178	1.02969
116	179	1.08979
116	180	1.0695
117	28	1.16207
117	43	1.22757
117	55	1.03645
117	56	1.1165
117	60	1.10562
117	80	1.13744
117	91	1.1701
117	97	1.09949
117	104	1.13549
117	105	1.10685
117	107	1.13212
117	108	0.654482
117	115	1.12687
117	118	0.723958
117	121	1.11238
117	124	1.07652
117	128	1.07734
117	129	1.11267
117	136	1.10138
117	146	1.06697
117	147	1.10173
117	161	0.817806
117	166	0.806033
117	169	0.983386
117	172	0.79097
117	174	0.807694
117	175	1.01805
117	177	0.728224
117	179	0.878174
118	48	0.532919
118	52	0.635744
118	79	1.11898
118	81	1.10154
118	94	0.720111
118	95	0.60824
118	97	0.619052
118	108	1.25248
118	110	1.2086
118	113	0.608292
118	117	0.723958
118	119	1.24718
118	140	1.2079
118	149	0.613517
118	151	1.18126
118	154	1.11619
118	158	0.627293
118	164	1.16864
118	165	1.17567
118	167	1.15556
118	171	1.1857
118	172	1.17044
118	173	1.14042
118	174	1.16191
118	175	1.1118
118	177	1.1953
118	178	1.06981
118	179	1.12991
118	180	1.10962
119	21	0.642669
119	36	0.676299
119	42	1.33769
119	91	0.604705
119	100	0.600635
119	107	0.611288
119	118	1.24718
119	124	0.62222
119	129	0.617274
119	131	1.18012
119	134	1.20013
119	136	0.618117
119	150	0.572902
119	151	1.17608
119	153	1.07801
119	156	1.20303
119	163	1.12982
119	164	1.16346
119	165	1.17049
119	167	1.15038
119	169	1.07196
119	170	1.15859
119	172	1.16527
119	173	1.13524
119	174	1.15673
119	177	1.19013
119	178	1.06463
119	179	1.12474
119	180	1.10444
120	35	1.19878
120	47	0.632789
120	48	0.55621
120	68	1.18465
120	74	0.635916
120	80	0.674391
120	84	1.13835
120	91	0.640674
120	107	0.647258
120	134	1.18066
120	136	0.654087
120	140	1.18325
120	146	0.69864
120	148	0.679899
120	154	1.09154
120	156	1.18357
120	160	1.11389
120	164	1.14399
120	165	1.15103
120	166	1.1309
120	167	1.13092
120	170	1.13912
120	172	1.1458
120	173	1.11578
120	174	1.13726
120	176	1.23377
120	177	1.17066
120	178	1.04516
120	179	1.10527
120	180	1.08497
121	3	1.21012
121	28	1.20958
121	33	1.12362
121	38	1.13313
121	55	1.08397
121	70	0.876296
121	78	1.2177
121	97	1.147
121	107	1.17963
121	113	1.18858
121	115	1.17439
121	117	1.11238
121	124	1.12404
121	128	1.12485
121	129	1.16018
121	133	1.17737
121	136	1.14889
121	139	1.12887
121	146	1.11449
121	147	1.14925
121	156	0.617368
121	158	0.477796
121	161	0.689629
121	164	0.71127
121	167	0.711663
121	169	1.0309
121	173	0.707132
121	174	0.679518
121	175	1.06557
121	178	0.883847
122	27	1.15943
122	31	1.17362
122	52	1.21715
122	85	1.16771
122	86	1.15574
122	94	1.11679
122	95	1.16239
122	96	1.09954
122	98	1.09506
122	101	1.09142
122	102	0.64886
122	108	0.56662
122	114	1.19415
122	130	1.14571
122	132	1.14947
122	134	0.674472
122	135	1.16873
122	141	1.13412
122	142	1.14108
122	143	1.1351
122	148	1.15621
122	155	1.145
122	156	0.657682
122	161	1.12765
122	163	0.755736
122	169	0.984318
122	171	0.685671
122	175	1.06478
122	176	0.60508
122	180	0.828915
123	16	1.1944
123	51	0.665647
123	66	1.25818
123	69	1.10587
123	71	1.11455
123	79	0.94233
123	99	1.14542
123	106	1.18511
123	109	1.08914
123	111	1.12043
123	126	1.13338
123	127	1.15532
123	134	0.68117
123	144	1.16219
123	145	1.15988
123	149	1.17072
123	150	1.17045
123	152	1.15161
123	157	1.12995
123	158	1.17021
123	159	1.14386
123	161	1.12072
123	162	0.664584
123	165	0.710699
123	166	1.1016
123	169	1.02319
123	171	0.692369
123	176	0.611778
123	177	0.647059
123	179	0.797009
124	3	1.17426
124	11	0.534352
124	33	1.08776
124	38	1.09727
124	47	1.16878
124	50	0.709462
124	56	1.12816
124	80	1.1491
124	84	0.749956
124	90	1.19915
124	93	1.1669
124	97	1.11115
124	105	1.11851
124	112	0.657206
124	113	1.15272
124	115	1.13853
124	117	1.07652
124	119	0.62222
124	121	1.12404
124	125	1.17347
124	128	1.08899
124	129	1.12433
124	133	1.14152
124	136	1.11303
124	147	1.11339
124	151	0.715852
124	154	0.884353
124	163	1.0529
124	171	1.10362
124	177	0.639166
124	178	0.922965
125	17	1.2837
125	41	1.1814
125	61	1.19532
125	65	1.19369
125	72	1.15979
125	73	1.15946
125	84	0.668164
125	95	1.2126
125	98	1.14527
125	107	1.22906
125	124	1.17347
125	129	1.20961
125	130	1.19592
125	134	0.591484
125	139	1.1783
125	140	0.590013
125	143	1.18532
125	146	1.16392
125	147	1.19868
125	148	1.20643
125	153	0.944292
125	154	0.802561
125	155	1.19522
125	162	0.574899
125	163	1.13819
125	165	0.621013
125	167	0.668989
125	168	0.55769
125	169	1.08033
125	175	1.115
125	179	0.707323
126	16	1.18332
126	19	1.06797
126	34	1.11307
126	70	0.913037
126	71	1.10347
126	74	1.18875
126	82	1.16731
126	99	1.13434
126	109	1.07806
126	110	0.664437
126	111	1.10935
126	116	0.651671
126	123	1.13338
126	127	1.14424
126	144	1.1511
126	145	1.1488
126	149	1.15964
126	150	1.15936
126	152	1.14053
126	157	1.11886
126	158	1.15913
126	159	1.13277
126	161	1.10964
126	162	0.654314
126	165	0.700429
126	166	1.09052
126	169	1.0121
126	171	0.682099
126	173	0.743874
126	174	0.716259
126	180	0.825343
127	16	1.20526
127	34	1.13501
127	45	1.22213
127	48	1.20273
127	74	1.21069
127	78	0.552075
127	88	1.1572
127	99	1.15628
127	106	1.19596
127	109	1.1
127	111	1.13129
127	123	1.15532
127	126	1.14424
127	139	0.64349
127	144	1.17305
127	145	1.17074
127	149	1.18158
127	150	1.18131
127	152	1.16247
127	156	0.63825
127	157	1.1408
127	158	1.18107
127	159	1.15472
127	161	1.13158
127	165	0.684569
127	166	1.11246
127	170	0.714052
127	171	0.666239
127	173	0.728014
127	176	0.585648
127	178	0.904728
127	180	0.809483
128	47	1.1696
128	55	1.04893
128	56	1.12897
128	58	1.13229
128	66	0.5781
128	78	1.18265
128	90	1.19996
128	91	1.18258
128	97	1.11196
128	105	1.11933
128	107	1.14459
128	115	1.13935
128	117	1.07734
128	121	1.12485
128	124	1.08899
128	129	1.12514
128	133	1.14233
128	136	1.11385
128	139	1.09382
128	146	1.07944
128	147	1.1142
128	151	0.79085
128	161	0.803745
128	163	1.05372
128	165	0.777803
128	166	0.791973
128	167	0.825779
128	168	0.71448
128	169	0.99586
128	170	0.807286
128	172	0.77691
128	175	1.03052
129	13	0.486185
129	29	0.520754
129	43	1.27537
129	55	1.08426
129	56	1.1643
129	80	1.18524
129	91	1.21791
129	104	1.1833
129	105	1.15466
129	107	1.17992
129	115	1.17468
129	116	0.649101
129	117	1.11267
129	119	0.617274
129	121	1.16018
129	124	1.12433
129	125	1.20961
129	128	1.12514
129	133	1.17766
129	136	1.14918
129	139	1.12915
129	146	1.11477
129	147	1.14953
129	153	1.02114
129	160	0.860424
129	161	0.7238
129	163	1.08905
129	165	0.697859
129	168	0.634536
129	169	1.03119
129	171	1.13976
129	173	0.741304
129	175	1.06585
130	9	1.08095
130	27	1.14681
130	31	1.161
130	45	1.20558
130	52	1.20453
130	67	1.13154
130	79	0.939028
130	86	1.14312
130	90	0.508995
130	93	0.537029
130	95	1.14977
130	96	1.08693
130	98	1.08244
130	101	1.0788
130	104	0.63918
130	110	0.671405
130	114	1.18153
130	122	1.14571
130	125	1.19592
130	132	1.13685
130	135	1.15611
130	141	1.1215
130	142	1.12846
130	143	1.12248
130	148	1.14359
130	155	1.13238
130	161	1.11503
130	164	0.75498
130	166	1.09591
130	169	0.987714
130	170	0.73688
130	172	0.706504
130	175	1.05216
130	176	0.608476
131	17	0.630881
131	43	0.570681
131	48	0.623086
131	55	0.765807
131	57	0.941463
131	87	1.16814
131	102	1.16499
131	110	1.14154
131	116	1.14518
131	119	1.18012
131	133	0.697019
131	137	1.16141
131	138	1.1141
131	151	1.1142
131	153	1.01613
131	154	1.04913
131	155	0.711154
131	158	0.71746
131	159	0.717897
131	162	1.13875
131	163	1.06793
131	164	1.10158
131	165	1.10861
131	167	1.0885
131	170	1.09671
131	172	1.10338
131	173	1.07336
131	174	1.09485
131	175	1.04474
131	177	1.12824
131	178	1.00275
131	179	1.06285
131	180	1.04256
132	22	0.570247
132	27	1.15057
132	31	1.16477
132	52	1.2083
132	67	1.13531
132	85	1.15885
132	86	1.14689
132	94	1.10793
132	95	1.15353
132	96	1.09069
132	98	1.0862
132	101	1.08257
132	103	1.13998
132	108	0.58284
132	114	1.1853
132	122	1.14947
132	130	1.13685
132	134	0.690692
132	135	1.15988
132	137	0.656686
132	141	1.12527
132	142	1.13223
132	143	1.12625
132	148	1.14736
132	155	1.13615
132	161	1.1188
132	162	0.674107
132	166	1.09968
132	167	0.768197
132	174	0.736051
132	175	1.05593
132	178	0.940381
132	179	0.806531
132	180	0.845135
133	3	1.22759
133	5	0.497382
133	14	0.707341
133	24	0.815207
133	38	1.1506
133	40	0.621667
133	47	1.22212
133	55	1.10145
133	56	1.18149
133	58	1.18481
133	59	0.617361
133	60	1.17061
133	80	1.20243
133	88	0.6167
133	91	1.2351
133	97	1.16448
133	105	1.17185
133	107	1.19711
133	113	1.20606
133	115	1.19187
133	116	0.626
133	121	1.17737
133	124	1.14152
133	128	1.14233
133	129	1.17766
133	131	0.697019
133	136	1.16637
133	146	1.13196
133	147	1.16672
133	168	0.611435
133	169	1.04838
133	171	1.15695
133	172	0.673864
133	174	0.690588
133	175	1.08304
134	51	1.13567
134	89	1.15894
134	94	0.758488
134	96	0.785878
134	102	1.185
134	115	0.669957
134	116	1.16518
134	119	1.20013
134	120	1.18066
134	122	0.674472
134	123	0.68117
134	125	0.591484
134	132	0.690692
134	135	0.660711
134	137	1.18141
134	140	1.16084
134	145	0.651645
134	151	1.13421
134	153	1.03613
134	154	1.06914
134	159	0.666107
134	160	1.09148
134	162	1.15876
134	164	1.12158
134	165	1.12862
134	167	1.10851
134	169	1.03008
134	170	1.11671
134	172	1.12339
134	173	1.09337
134	174	1.11485
134	177	1.14825
134	178	1.02276
134	179	1.08286
134	180	1.06256
135	9	1.10397
135	27	1.16983
135	31	1.18403
135	35	0.630558
135	52	1.22756
135	67	1.15457
135	77	1.20722
135	86	1.16615
135	88	1.16368
135	90	0.491837
135	94	1.12719
135	95	1.17279
135	96	1.10995
135	98	1.10546
135	101	1.10182
135	103	1.15924
135	114	1.20456
135	122	1.16873
135	130	1.15611
135	132	1.15988
135	134	0.660711
135	137	0.626705
135	140	0.659239
135	141	1.14453
135	142	1.15149
135	143	1.14551
135	148	1.16662
135	151	0.703287
135	155	1.1554
135	160	0.852806
135	166	1.11894
135	168	0.626917
135	172	0.689346
135	175	1.07519
135	178	0.9104
135	180	0.815154
136	3	1.19911
136	22	0.548727
136	33	1.11262
136	38	1.12212
136	50	0.705359
136	55	1.07297
136	56	1.15301
136	58	1.15633
136	60	1.14213
136	78	1.20669
136	80	1.17395
