1	56	1.19296
1	95	1.19767
1	96	0.737977
1	125	1.2248
1	126	0.78731
1	146	1.2
1	150	0.71161
1	153	1.20839
1	167	0.758691
1	171	1.10007
1	175	1.26277
1	178	1.21086
2	33	1.27342
2	76	1.19827
2	77	1.11704
2	79	0.615985
2	83	1.2338
2	92	1.19039
2	108	1.16478
2	117	1.21849
2	120	1.19814
2	156	0.871733
2	163	0.755185
2	176	0.753995
3	85	0.672551
3	95	1.21542
3	99	0.566709
3	138	1.24991
3	146	1.21774
3	148	0.779435
3	153	1.22614
3	158	1.17788
3	162	0.963662
3	171	1.11781
3	174	1.14451
3	178	1.22861
4	22	1.21086
4	27	1.20743
4	80	1.19752
4	103	1.2058
4	105	1.14509
4	115	1.15422
4	135	0.618264
4	154	0.701638
4	161	1.21806
4	163	0.761768
4	174	0.922736
4	175	1.25727
5	47	1.08508
5	67	1.0156
5	92	1.05506
5	97	1.02777
5	98	1.11662
5	108	1.02946
5	109	1.10052
5	117	1.08317
5	120	1.06282
5	152	0.795653
5	156	1.04032
5	172	1.01008
6	44	1.23256
6	59	1.17276
6	60	1.1744
6	72	0.78599
6	80	1.17833
6	102	1.19097
6	103	1.18661
6	107	0.599134
6	131	0.846252
6	161	1.19887
6	173	0.782525
6	175	1.23808
7	16	1.01565
7	37	1.01356
7	39	1.11183
7	49	1.02406
7	55	1.20956
7	57	1.15467
7	118	1.00278
7	133	1.0488
7	135	1.07151
7	136	0.831288
7	162	1.10071
7	176	0.917664
8	17	1.13334
8	107	0.734186
8	119	1.0848
8	126	1.06217
8	134	1.09601
8	141	1.06907
8	144	1.1128
8	145	1.104
8	160	0.964298
8	166	0.942769
8	174	0.985906
8	180	1.14695
9	64	0.648489
9	123	1.23839
9	128	0.710355
9	134	1.21238
9	141	1.18544
9	143	1.23556
9	144	1.22917
9	145	1.22037
9	164	0.990117
9	165	0.658733
9	166	1.05914
9	178	1.21331
10	75	0.710851
10	124	0.631552
10	148	1.11779
10	154	1.15493
10	161	0.622983
10	162	1.05344
10	164	1.01892
10	172	1.09037
10	176	1.11227
10	177	0.972736
10	179	1.04491
10	180	1.02686
11	109	0.442831
11	122	0.59188
11	145	0.393161
11	161	0.378395
11	163	1.24945
11	167	1.25054
11	168	1.19943
11	169	1.14566
11	170	1.17982
11	172	1.2025
11	176	1.22441
11	180	1.13899
12	49	1.19039
12	99	0.594048
12	116	0.68826
12	118	1.1691
12	133	1.21513
12	135	1.23783
12	141	1.16873
12	144	1.21247
12	145	1.20366
12	173	0.901779
12	176	0.807949
12	178	1.19661
13	18	0.513297
13	36	1.26318
13	67	1.14957
13	88	1.21158
13	97	1.16174
13	108	1.16343
13	109	1.23449
13	117	1.21714
13	120	1.19679
13	158	0.635901
13	159	0.514012
13	177	1.33198
14	56	1.04308
14	95	1.0478
14	99	0.8856
14	106	1.0723
14	132	1.05309
14	137	1.07818
14	151	1.0506
14	153	1.05852
14	154	1.04056
14	165	1.11958
14	171	0.950195
14	174	0.976888
14	178	1.06099
15	67	1.1632
15	109	1.24812
15	117	1.23077
15	118	0.509373
15	120	1.21042
15	123	0.474829
15	132	0.522169
15	138	0.480026
15	167	1.18923
15	176	1.1631
15	177	1.02356
15	179	1.09574
15	180	1.07768
16	7	1.01565
16	37	1.11153
16	39	1.20981
16	49	1.12204
16	55	1.30753
16	57	1.25265
16	118	1.10075
16	133	1.14678
16	135	1.16948
16	156	0.645195
16	163	0.528647
16	171	0.769593
16	177	1.26689
17	8	1.13334
17	53	1.11963
17	85	0.669967
17	123	1.20435
17	141	1.15139
17	143	1.20151
17	144	1.19513
17	145	1.18633
17	158	0.821387
17	159	0.699498
17	166	1.02509
17	171	1.02016
17	178	1.17927
18	13	0.513297
18	55	0.470927
18	79	1.27687
18	111	0.674134
18	142	1.11656
18	148	1.18924
18	162	1.12488
18	165	1.19199
18	173	1.16582
18	175	0.497817
18	176	1.18372
18	177	1.04418
18	180	1.0983
19	91	1.19247
19	112	1.15226
19	129	0.75448
19	130	0.739721
19	134	1.17103
19	139	0.722032
19	141	1.14409
19	143	1.19421
19	144	1.18783
19	145	1.17903
19	166	1.01779
19	170	0.989652
19	178	1.17197
20	70	1.03642
20	75	1.09983
20	86	1.04388
20	132	1.05066
20	139	0.787408
20	146	1.04769
20	151	1.04817
20	152	1.09052
20	153	1.05608
20	166	1.38328
20	167	0.876399
20	171	0.94776
20	174	0.974453
21	112	1.16727
21	113	1.20388
21	122	1.15256
21	136	0.763473
21	143	1.20922
21	144	1.20284
21	145	1.19403
21	150	0.78289
21	158	0.893211
21	159	0.771322
21	160	1.05433
21	166	1.0328
21	178	1.18698
22	4	1.21086
22	23	1.18263
22	40	1.19036
22	66	1.13736
22	102	1.15317
22	103	1.14881
22	105	1.0881
22	115	1.09723
22	161	1.16107
22	170	0.675532
22	171	0.758916
22	173	0.61061
22	175	1.20028
23	22	1.18263
23	38	1.03186
23	128	0.993264
23	131	0.953072
23	137	1.2648
23	156	0.949812
23	162	0.914417
23	165	0.981518
23	172	0.951346
23	176	0.973251
23	177	0.833717
23	179	0.90589
23	180	0.887835
24	62	1.17791
24	74	0.657704
24	116	0.592016
24	123	1.19172
24	131	0.869262
24	134	1.1657
24	141	1.13876
24	143	1.18888
24	144	1.1825
24	145	1.1737
24	164	1.06317
24	166	1.01246
24	178	1.16664
25	28	1.12799
25	60	1.15728
25	66	1.15804
25	73	0.551882
25	82	1.15748
25	102	1.17385
25	103	1.16949
25	105	1.10878
25	115	1.11791
25	127	0.809902
25	151	0.80577
25	169	1.04171
25	175	1.22096
26	80	1.14765
26	96	0.786054
26	102	1.16029
26	115	1.10435
26	119	1.14335
26	128	0.898349
26	135	0.684332
26	141	1.12762
26	145	1.16255
26	148	0.825471
26	161	1.16819
26	175	1.2074
26	178	1.15549
27	4	1.20743
27	58	1.18528
27	59	1.13153
27	78	1.16639
27	82	1.13337
27	105	1.08467
27	115	1.0938
27	128	0.947014
27	135	0.732998
27	147	0.77114
27	152	0.748386
27	161	1.15764
27	175	1.19685
28	25	1.12799
28	59	1.08841
28	60	1.09004
28	61	1.19076
28	74	0.661988
28	80	1.09397
28	82	1.09024
28	101	0.726528
28	102	1.10661
28	103	1.10226
28	161	1.11451
28	175	1.15373
28	179	0.958257
28	180	1.03919
29	113	1.16183
29	119	1.13278
29	123	1.17
29	134	1.14399
29	139	0.641776
29	141	1.11705
29	144	1.16079
29	145	1.15199
29	157	0.818539
29	160	1.01228
29	166	0.990751
29	168	0.864208
29	178	1.14493
29	180	1.07385
30	49	1.10263
30	57	1.23324
30	66	1.09783
30	74	0.772815
30	104	0.858811
30	105	1.04858
30	115	1.05771
30	118	1.08135
30	133	1.12737
30	135	1.15008
30	148	0.825641
30	161	1.12155
30	172	0.914315
30	175	1.16076
31	81	1.01124
31	90	1.08174
31	121	0.731859
31	127	0.826896
31	132	1.1246
31	137	1.14969
31	138	1.15379
31	146	1.12163
31	152	1.16446
31	153	1.13002
31	171	1.0217
31	174	1.04839
31	175	1.1844
31	176	0.811519
32	106	0.712603
32	121	1.10924
32	146	0.858491
32	149	1.08896
32	160	0.955692
32	165	1.05493
32	167	1.0728
32	168	1.02169
32	170	1.00208
32	176	1.04667
32	177	0.90713
32	178	0.770114
32	179	0.979304
32	180	0.961249
33	2	1.27342
33	88	1.24423
33	92	1.22169
33	97	1.19439
33	98	1.28325
33	108	1.19609
33	109	1.26715
33	117	1.24979
33	120	1.22944
33	133	0.56154
33	140	0.607549
33	167	0.690286
33	169	0.957345
33	176	0.710164
34	68	0.554999
34	110	0.792212
34	112	1.23041
34	119	1.23797
34	121	0.724692
34	122	1.2157
34	134	1.24918
34	141	1.22224
34	143	1.27236
34	144	1.26598
34	145	1.25717
34	152	0.677426
34	167	0.784474
34	178	1.25012
35	63	0.435099
35	87	1.21947
35	89	0.582353
35	106	1.2773
35	113	1.28289
35	135	0.501007
35	143	1.28824
35	145	1.27305
35	153	1.26352
35	163	0.644511
35	171	1.1552
35	174	1.18189
35	177	1.38276
35	178	1.26599
36	13	1.26318
36	71	1.27594
36	83	1.25622
36	84	1.26084
36	92	1.2128
36	108	1.18719
36	109	1.25825
36	117	1.2409
36	120	1.22055
36	129	0.58805
36	157	0.732366
36	163	0.665661
36	167	0.644593
36	169	0.911652
37	7	1.01356
37	16	1.11153
37	39	1.20771
37	49	1.11994
37	55	1.30543
37	57	1.25055
37	69	0.629443
37	118	1.09865
37	131	0.896248
37	133	1.14468
37	135	1.16738
37	158	0.782052
37	170	0.897442
38	23	1.03186
38	49	0.606069
38	50	0.619037
38	57	0.554049
38	92	0.611873
38	111	1.19453
38	153	1.15733
38	165	1.1264
38	167	1.14427
38	169	1.03939
38	171	1.04901
38	174	1.0757
38	177	0.978601
38	178	1.15981
38	180	1.03272
39	7	1.11183
39	16	1.20981
39	37	1.20771
39	49	1.21822
39	55	1.40371
39	57	1.34882
39	118	1.19693
39	133	1.24295
39	135	1.26566
39	149	0.599929
39	152	0.477856
39	173	0.698611
39	179	0.847049
39	180	0.927983
40	22	1.19036
40	59	1.17145
40	61	1.27381
40	78	1.2063
40	80	1.17702
40	102	1.18966
40	103	1.1853
40	115	1.13372
40	128	0.635659
40	150	0.496998
40	151	0.575203
40	161	1.19756
40	162	0.747008
40	175	1.23677
40	177	1.30339
41	74	0.874646
41	86	1.08574
41	132	1.09252
41	138	1.12171
41	140	0.826033
41	146	1.08955
41	152	1.13238
41	153	1.09794
41	155	0.947582
41	161	1.11311
41	163	0.929838
41	171	0.989618
41	174	1.01631
41	175	1.15232
41	178	1.10041
42	79	0.545374
42	112	1.20987
42	122	1.19517
42	123	1.25466
42	139	0.574514
42	141	1.2017
42	143	1.25183
42	144	1.24544
42	145	1.23664
42	151	0.694629
42	160	1.09693
42	166	1.07541
42	169	0.930564
42	178	1.22958
42	180	1.00658
43	47	1.10291
43	52	1.09347
43	67	1.03343
43	83	1.1163
43	88	1.09543
43	92	1.07289
43	97	1.04559
43	98	1.13445
43	109	1.11834
43	117	1.10099
43	120	1.08064
43	147	0.726533
43	151	0.841951
43	164	1.18217
43	165	0.850786
44	6	1.23256
44	61	1.27821
44	66	1.17825
44	82	1.17769
44	102	1.19407
44	103	1.18971
44	105	1.129
44	115	1.13812
44	139	0.603627
44	147	0.608323
44	149	0.707643
44	160	1.02194
44	161	1.20196
44	172	0.799994
44	175	1.24118
45	78	0.51657
45	111	0.481032
45	120	0.48825
45	125	0.508484
45	129	1.26007
45	142	1.13438
45	153	0.438867
45	157	1.18801
45	164	1.10818
45	167	1.22766
45	172	1.17963
45	173	1.18363
45	176	1.20153
45	177	1.062
45	179	1.13417
45	180	1.11611
46	50	1.22852
46	104	0.711615
46	110	0.667481
46	119	1.17163
46	122	1.14936
46	123	1.20885
46	134	1.18284
46	141	1.1559
46	143	1.20602
46	144	1.19963
46	145	1.19083
46	160	1.05113
46	164	1.03109
46	165	0.699701
46	166	1.0296
46	174	0.841779
47	5	1.08508
47	43	1.10291
47	52	1.18926
47	77	1.09533
47	83	1.2121
47	97	1.14138
47	98	1.23024
47	108	1.14307
47	109	1.21413
47	116	0.597457
47	117	1.19678
47	120	1.17643
47	156	0.834883
47	157	0.78504
47	160	1.02659
47	167	0.697268
48	68	0.734312
48	87	1.02945
48	125	1.08991
48	132	1.06807
48	137	1.09316
48	138	1.09727
48	146	1.06511
48	150	0.916706
48	152	1.10793
48	153	1.0735
48	155	1.0026
48	170	1.14242
48	171	0.965175
48	174	0.991868
48	175	1.12788
48	178	1.07597
49	7	1.02406
49	12	1.19039
49	16	1.12204
49	30	1.10263
49	37	1.11994
49	38	0.606069
49	39	1.21822
49	55	1.31594
49	57	1.26106
49	118	1.10916
49	133	1.15519
49	135	1.17789
49	163	0.726976
49	165	0.745867
49	168	0.839349
49	174	0.887945
50	38	0.619037
50	46	1.22852
50	119	1.17549
50	122	1.15322
50	128	0.810457
50	134	1.18669
50	141	1.15975
50	143	1.20987
50	144	1.20349
50	145	1.19469
50	149	0.733902
50	160	1.05498
50	166	1.03345
50	170	0.897506
50	176	0.738755
50	178	1.18763
51	94	1.16708
51	132	1.17209
51	135	0.674342
51	137	1.19718
51	139	0.707787
51	146	1.16912
51	148	0.815481
51	153	1.17752
51	155	0.83559
51	158	1.12926
51	161	1.19269
51	171	1.06919
51	172	0.904155
51	174	1.09589
51	175	1.2319
51	178	1.17999
52	43	1.09347
52	47	1.18926
52	76	1.16712
52	77	1.0859
52	83	1.20266
52	84	1.20728
52	96	0.727082
52	97	1.13195
52	98	1.2208
52	108	1.13364
52	117	1.18735
52	120	1.167
52	139	0.658805
52	151	0.77892
52	169	1.01485
52	176	0.767674
53	17	1.11963
53	91	1.10374
53	104	0.953085
53	119	1.0711
53	122	1.04883
53	123	1.10832
53	134	1.08231
53	136	0.834714
53	143	1.10549
53	144	1.0991
53	145	1.0903
53	159	0.842563
53	160	0.950594
53	166	0.929065
53	169	1.16827
53	178	1.08324
54	75	1.1788
54	95	1.12433
54	111	1.17225
54	135	0.649965
54	138	1.15882
54	146	1.12666
54	151	1.12714
54	153	1.13505
54	159	0.713751
54	160	1.10173
54	161	1.15022
54	171	1.02673
54	173	0.886108
54	174	1.05342
54	175	1.18943
54	176	0.792279
54	178	1.13753
55	7	1.20956
55	16	1.30753
55	18	0.470927
55	37	1.30543
55	39	1.40371
55	49	1.31594
55	57	1.44655
55	58	0.420634
55	118	1.29465
55	121	0.47051
55	133	1.34068
55	135	1.36338
55	166	1.03717
55	172	0.637669
55	174	0.712328
56	1	1.19296
56	14	1.04308
56	124	1.15346
56	125	1.13891
56	126	0.738577
56	128	0.801538
56	132	1.11707
56	137	1.14216
56	138	1.14627
56	146	1.1141
56	150	0.662876
56	151	1.11458
56	153	1.12249
56	163	0.731025
56	166	1.21684
56	175	1.17688
56	178	1.12497
57	7	1.15467
57	16	1.25265
57	30	1.23324
57	37	1.25055
57	38	0.554049
57	39	1.34882
57	49	1.26106
57	55	1.44655
57	118	1.23977
57	133	1.28579
57	135	1.3085
57	140	0.571152
57	149	0.668914
57	151	0.685013
57	163	0.674956
57	168	0.787329
58	27	1.18528
58	55	0.420634
58	62	0.679666
58	70	0.641202
58	82	1.17164
58	84	0.536647
58	105	1.12294
58	115	1.13207
58	161	1.19591
58	168	1.11656
58	170	1.09695
58	173	1.12364
58	175	1.23512
58	176	1.14154
58	177	1.00201
58	178	0.518497
58	180	1.05612
59	6	1.17276
59	27	1.13153
59	28	1.08841
59	40	1.17145
59	66	1.11845
59	78	1.15091
59	102	1.13426
59	103	1.1299
59	105	1.06919
59	115	1.07832
59	130	0.645146
59	149	0.731473
59	161	1.14216
59	171	0.978461
59	172	0.823825
59	175	1.18137
59	179	0.978593
60	6	1.1744
60	25	1.15728
60	28	1.09004
60	66	1.12009
60	78	1.15255
60	80	1.12326
60	102	1.1359
60	103	1.13154
60	105	1.07083
60	107	0.827657
60	115	1.07996
60	133	0.768594
60	149	0.912366
60	150	0.85026
60	152	0.790293
60	161	1.1438
60	175	1.18301
61	28	1.19076
61	40	1.27381
61	44	1.27821
61	78	1.25326
61	82	1.22024
61	100	0.714637
61	102	1.23662
61	103	1.23226
61	105	1.17155
61	115	1.18068
61	149	0.642568
61	159	0.568894
61	161	1.24452
61	165	0.667502
61	172	0.73492
61	175	1.28373
61	180	0.970622
62	24	1.17791
62	58	0.679666
62	79	0.671192
62	113	1.17104
62	114	1.1785
62	119	1.142
62	122	1.11973
62	134	1.15321
62	141	1.12627
62	143	1.17639
62	144	1.17
62	152	0.682276
62	160	1.0215
62	166	0.999968
62	168	0.922765
62	171	1.05134
62	178	1.15414
63	35	0.435099
63	66	0.747145
63	87	0.551354
63	114	0.586747
63	135	1.23479
63	140	1.21401
63	144	0.505605
63	158	1.14284
63	165	1.16016
63	168	1.12692
63	169	1.07315
63	170	1.1073
63	171	1.08277
63	173	1.13399
63	176	1.15189
63	179	1.08453
63	180	1.06648
64	9	0.648489
64	76	0.761589
64	112	0.681738
64	133	1.15243
64	157	1.07871
64	162	1.0334
64	163	1.11727
64	168	1.06725
64	169	1.01349
64	170	1.04764
64	172	1.07032
64	173	1.07433
64	176	1.09223
64	178	0.65787
64	179	1.02487
64	180	1.00681
65	99	1.26629
65	103	0.497425
65	106	0.425591
65	117	0.552346
65	123	0.567617
65	130	1.20758
65	136	1.19139
65	146	0.571479
65	148	1.14803
65	157	1.12899
65	159	1.21035
65	162	1.08367
65	168	1.11753
65	170	1.09792
65	177	1.00297
65	179	1.07515
65	180	1.05709
66	22	1.13736
66	25	1.15804
66	30	1.09783
66	44	1.17825
66	59	1.11845
66	60	1.12009
66	63	0.747145
66	78	1.1533
66	99	0.741465
66	102	1.13666
66	105	1.07159
66	115	1.08072
66	133	0.806743
66	140	0.852752
66	152	0.828441
66	161	1.14456
66	175	1.18377
67	5	1.0156
67	13	1.14957
67	15	1.1632
67	43	1.03343
67	77	1.02585
67	84	1.14724
67	88	1.12174
67	92	1.0992
67	98	1.16076
67	107	0.771051
67	108	1.07359
67	109	1.14465
67	117	1.1273
67	120	1.10695
67	126	0.869354
67	136	0.774237
67	167	0.840735
67	179	1.10288
68	34	0.554999
68	48	0.734312
68	75	0.502813
68	145	0.429711
68	148	1.24868
68	153	0.46186
68	157	1.22964
68	160	1.15219
68	162	1.18433
68	164	1.14981
68	165	1.25143
68	169	1.16442
68	170	1.19857
68	172	1.22125
68	175	0.327707
68	176	1.24316
68	179	1.1758
68	180	1.15774
69	37	0.629443
69	80	0.6524
69	104	1.12094
69	115	0.694396
69	124	0.563619
69	129	1.17865
69	140	1.18223
69	162	1.06128
69	163	1.14515
69	165	1.12838
69	167	1.14625
69	168	1.09514
69	169	1.04137
69	174	1.07768
69	175	0.467813
69	176	1.12011
69	179	1.05275
69	180	1.0347
70	20	1.03642
70	58	0.641202
70	106	1.13204
70	111	1.15546
70	116	0.651049
70	124	1.14923
70	135	0.628424
70	137	1.13793
70	138	1.14203
70	146	1.10987
70	153	1.11826
70	158	1.07001
70	166	1.25774
70	169	1.01792
70	171	1.00994
70	174	1.03663
70	175	1.17265
70	178	1.12074
71	36	1.27594
71	76	1.20968
71	77	1.12846
71	97	1.17451
71	107	0.540319
71	108	1.1762
71	113	1.22081
71	119	1.19177
71	120	1.20955
71	122	1.1695
71	140	0.527266
71	143	1.22616
71	145	1.21097
71	158	0.673242
71	167	0.610003
71	174	0.792039
71	177	1.36932
71	178	1.20391
72	6	0.78599
72	100	1.05167
72	127	1.08306
72	138	0.835039
72	139	1.13004
72	143	0.766788
72	161	0.761592
72	163	1.07689
72	165	1.06012
72	168	1.02688
72	169	0.973111
72	170	1.00726
72	172	1.02995
72	173	1.03395
72	176	1.05185
72	177	0.912318
72	179	0.984492
72	180	0.966437
73	25	0.551882
73	82	0.478989
73	86	0.605907
73	134	0.523136
73	141	0.544497
73	147	1.29778
73	154	1.25237
73	156	1.18627
73	162	1.15088
73	164	1.11636
73	169	1.13097
73	171	1.14059
73	173	1.19181
73	174	1.16728
73	175	0.334418
73	176	1.20971
73	177	1.07018
73	179	1.14235
73	180	1.1243
74	24	0.657704
74	28	0.661988
74	30	0.772815
74	41	0.874646
74	136	1.14731
74	146	0.682408
74	149	1.14071
74	150	1.17223
74	154	1.14108
74	163	1.12346
74	165	1.10669
74	167	1.12455
74	169	1.01968
74	170	1.05383
74	172	1.07652
74	173	1.08052
74	177	0.958887
74	179	1.03106
74	180	1.01301
75	10	0.710851
75	20	1.09983
75	54	1.1788
75	68	0.502813
75	90	1.13339
75	101	0.762704
75	111	1.21887
75	124	1.21264
75	132	1.17625
75	137	1.20134
75	138	1.20544
75	140	0.649551
75	142	1.00758
75	146	1.17328
75	153	1.18167
75	163	0.753355
75	171	1.07335
75	174	1.10004
75	175	1.23605
76	2	1.19827
76	52	1.16712
76	64	0.761589
76	71	1.20968
76	77	1.07319
76	83	1.18995
76	84	1.19458
76	88	1.16908
76	97	1.11924
76	98	1.2081
76	108	1.12093
76	109	1.19199
76	117	1.17464
76	120	1.15429
76	147	0.64758
76	155	0.770687
76	163	0.752943
76	168	0.865316
76	176	0.751753
77	2	1.11704
77	47	1.09533
77	52	1.0859
77	67	1.02585
77	71	1.12846
77	76	1.07319
77	84	1.11335
77	88	1.08785
77	92	1.06532
77	97	1.03802
77	98	1.12687
77	108	1.03971
77	117	1.09342
77	120	1.07307
77	142	1.06326
77	152	0.680919
77	167	0.787967
77	174	0.970003
77	179	1.05011
78	27	1.16639
78	40	1.2063
78	45	0.51657
78	59	1.15091
78	60	1.15255
78	61	1.25326
78	66	1.1533
78	80	1.15647
78	82	1.15274
78	103	1.16476
78	105	1.10405
78	115	1.11318
78	155	0.807849
78	158	0.832277
78	159	0.710388
78	161	1.17702
78	165	0.808996
78	173	0.882744
78	175	1.21623
79	2	0.615985
79	18	1.27687
79	42	0.545374
79	62	0.671192
79	98	0.614922
79	117	0.579267
79	135	1.23558
79	149	1.19498
79	155	1.16624
79	156	1.12925
79	161	0.526288
79	162	1.09385
79	163	1.17772
79	165	1.16095
79	168	1.12771
79	169	1.07394
79	170	1.1081
79	176	1.15268
79	177	1.01315
79	180	1.06727
80	4	1.19752
80	6	1.17833
80	26	1.14765
80	28	1.09397
80	40	1.17702
80	60	1.12326
80	69	0.6524
80	78	1.15647
80	81	0.961369
80	82	1.12345
80	100	0.828863
80	102	1.13983
80	103	1.13547
80	105	1.07476
80	115	1.08389
80	152	0.634721
80	156	0.879385
80	161	1.14773
80	165	0.781728
80	175	1.18694
81	31	1.01124
81	80	0.961369
81	87	0.959297
81	101	1.02801
81	116	1.13335
81	130	1.08965
81	148	1.0301
81	155	1.03813
81	156	1.00114
81	160	0.933603
81	162	0.965742
81	164	0.931223
81	167	1.05071
81	169	0.945835
81	170	0.979988
81	173	1.00668
81	175	0.776782
81	176	1.02458
81	177	0.885042
81	180	0.939161
82	25	1.15748
82	27	1.13337
82	28	1.09024
82	44	1.17769
82	58	1.17164
82	61	1.22024
82	73	0.478989
82	78	1.15274
82	80	1.12345
82	102	1.1361
82	103	1.13174
82	105	1.07103
82	115	1.08016
82	128	0.793334
82	161	1.144
82	168	0.835194
82	171	0.963766
82	172	0.80913
82	174	0.88379
82	175	1.18321
83	2	1.2338
83	36	1.25622
83	43	1.1163
83	47	1.2121
83	52	1.20266
83	76	1.18995
83	84	1.23011
83	88	1.20462
83	92	1.18208
83	97	1.15478
83	107	0.42125
83	108	1.15647
83	109	1.22753
83	117	1.21018
83	120	1.18983
83	160	0.820261
83	170	0.669562
83	173	0.604641
83	174	0.67297
83	177	1.25025
83	180	0.834012
84	36	1.26084
84	52	1.20728
84	58	0.536647
84	67	1.14724
84	76	1.19458
84	77	1.11335
84	83	1.23011
84	88	1.20924
84	92	1.1867
84	97	1.1594
84	98	1.24825
84	108	1.16109
84	109	1.23215
84	117	1.2148
84	120	1.19445
84	127	0.681561
84	155	0.685117
84	158	0.709545
84	159	0.587656
84	166	1.15319
84	172	0.753682
85	3	0.672551
85	17	0.669967
85	119	0.667574
85	125	0.67277
85	137	0.490893
85	140	1.18667
85	142	1.0574
85	146	0.62835
85	155	1.13811
85	157	1.11104
85	159	1.1924
85	162	1.06572
85	163	1.1496
85	164	1.03121
85	167	1.15069
85	172	1.10265
85	173	1.10666
85	174	1.08213
85	176	1.12456
85	177	0.985024
85	179	1.0572
85	180	1.03914
86	20	1.04388
86	41	1.08574
86	73	0.605907
86	87	1.08168
86	94	1.11529
86	95	1.11501
86	101	0.859088
86	107	1.16122
86	125	1.14214
86	131	1.06635
86	132	1.1203
86	133	0.699925
86	146	1.11734
86	153	1.12573
86	158	1.07747
86	161	1.1409
86	162	1.0316
86	171	1.0174
86	174	1.0441
86	176	0.848549
86	178	1.1282
86	179	1.09082
87	35	1.21947
87	48	1.02945
87	63	0.551354
87	81	0.959297
87	86	1.08168
87	99	0.545675
87	106	1.10766
87	124	1.12485
87	132	1.08846
87	138	1.11765
87	142	1.01499
87	146	1.08549
87	151	1.08596
87	152	1.12832
87	153	1.09388
87	158	1.04563
87	160	1.06903
87	161	1.10905
87	172	0.847075
87	174	1.01225
87	175	1.14826
87	178	1.09636
88	13	1.21158
88	33	1.24423
88	43	1.09543
88	67	1.12174
88	76	1.16908
88	77	1.08785
88	83	1.20462
88	84	1.20924
88	92	1.1612
88	93	0.806351
88	97	1.1339
88	98	1.22276
88	108	1.13559
88	109	1.20666
88	117	1.1893
88	120	1.16895
88	126	0.645538
88	131	0.794353
88	136	0.550421
88	166	1.1238
88	168	0.750359
88	174	0.798955
89	35	0.582353
89	94	0.619867
89	141	0.726172
89	143	0.608526
89	147	1.20633
89	148	1.12379
89	154	1.16093
89	159	1.18611
89	162	1.05943
89	163	1.1433
89	165	1.12653
89	167	1.1444
89	169	1.03952
89	170	1.07368
89	171	1.04914
89	172	1.09636
89	173	1.10036
89	175	0.516093
89	177	0.978731
89	178	0.587065
89	179	1.0509
89	180	1.03285
90	31	1.08174
90	75	1.13339
90	99	0.66195
90	106	1.10342
90	111	1.12684
90	124	1.12061
90	125	1.10605
90	132	1.08422
90	133	0.727227
90	137	1.10931
90	139	0.766983
90	146	1.08125
90	151	1.08173
90	152	1.12408
90	153	1.08964
90	156	0.993589
90	157	0.943746
90	160	1.1853
90	161	1.10481
90	174	1.00801
90	175	1.14402
90	178	1.09212
91	19	1.19247
91	53	1.10374
91	112	1.14367
91	113	1.18028
91	118	1.13587
91	119	1.15123
91	122	1.12897
91	123	1.18845
91	126	1.1286
91	134	1.16244
91	136	0.659684
91	141	1.1355
91	143	1.18562
91	144	1.17924
91	145	1.17043
91	147	0.641887
91	156	0.863797
91	160	1.03073
91	163	0.747249
91	168	0.859622
91	171	0.988194
91	174	0.908218
91	178	1.16338
92	2	1.19039
92	5	1.05506
92	33	1.22169
92	36	1.2128
92	38	0.611873
92	43	1.07289
92	67	1.0992
92	77	1.06532
92	83	1.18208
92	84	1.1867
92	88	1.1612
92	97	1.11136
92	98	1.20022
92	108	1.11306
92	109	1.18412
92	110	0.719451
92	117	1.16676
92	120	1.14641
92	127	0.746968
92	128	0.803294
92	158	0.774953
92	170	0.890342
92	171	0.973726
93	88	0.806351
93	94	0.850389
93	106	0.760077
93	110	1.06333
93	140	1.08827
93	144	0.883382
93	147	1.11422
93	149	1.06845
93	150	1.09997
93	153	0.880768
93	157	1.01264
93	159	1.094
93	162	0.967323
93	166	0.913655
93	167	1.05229
93	168	1.00118
93	169	0.947415
93	170	0.981568
93	172	1.00425
93	173	1.00826
93	174	0.983726
93	177	0.886623
93	179	0.958796
93	180	0.940742
94	51	1.16708
94	86	1.11529
94	89	0.619867
94	93	0.850389
94	95	1.11677
94	99	0.466933
94	111	1.16469
94	124	1.15846
94	125	1.1439
94	136	0.594459
94	137	1.14716
94	138	1.15126
94	149	0.675982
94	151	1.11958
94	152	1.16193
94	153	1.12749
94	158	1.07924
94	161	1.14266
94	171	1.01917
94	174	1.04586
94	175	1.18188
94	177	1.42027
94	178	1.12997
94	179	0.923102
95	1	1.19767
95	3	1.21542
95	14	1.0478
95	54	1.12433
95	86	1.11501
95	94	1.11677
95	125	1.14362
95	130	0.697925
95	135	0.646791
95	137	1.14688
95	138	1.15098
95	146	1.11882
95	151	1.11929
95	153	1.12721
95	158	1.07896
95	159	0.710577
95	161	1.14238
95	162	0.972156
95	168	0.902668
95	169	1.03629
95	171	1.01889
95	173	0.882934
95	175	1.18159
95	178	1.12968
96	1	0.737977
96	26	0.786054
96	52	0.727082
96	101	1.08801
96	109	0.688141
96	118	0.726499
96	127	1.11579
96	144	0.673235
96	147	1.17264
96	156	1.06114
96	157	1.07106
96	158	1.07553
96	159	1.15242
96	163	1.10962
96	164	0.991228
96	165	1.09285
96	167	1.11071
96	168	1.0596
96	169	1.00584
96	170	1.03999
96	172	1.06268
96	177	0.945046
96	179	1.01722
96	180	0.999165
97	5	1.02777
97	13	1.16174
97	33	1.19439
97	43	1.04559
97	47	1.14138
97	52	1.13195
97	71	1.17451
97	76	1.11924
97	77	1.03802
97	83	1.15478
97	84	1.1594
97	88	1.1339
97	92	1.11136
97	98	1.17292
97	107	0.675011
97	109	1.15682
97	117	1.13947
97	120	1.11911
97	135	0.622259
97	151	0.775819
97	152	0.637647
97	156	0.88231
97	166	1.25158
97	169	1.01175
98	5	1.11662
98	33	1.28325
98	43	1.13445
98	47	1.23024
98	52	1.2208
98	67	1.16076
98	76	1.2081
98	77	1.12687
98	79	0.614922
98	84	1.24825
98	88	1.22276
98	92	1.20022
98	97	1.17292
98	108	1.17461
98	109	1.24567
98	110	0.740792
98	117	1.22832
98	120	1.20797
98	140	0.650317
98	148	0.751756
98	152	0.626006
98	156	0.870669
98	167	0.733054
98	173	0.846761
99	3	0.566709
99	12	0.594048
99	14	0.8856
99	65	1.26629
99	66	0.741465
99	87	0.545675
99	90	0.66195
99	94	0.466933
99	137	0.385051
99	139	1.2615
99	140	1.24543
99	147	1.27138
99	155	1.19687
99	156	1.15988
99	157	1.1698
99	164	1.08996
99	165	1.19158
99	167	1.20945
99	168	1.15834
99	172	1.16141
99	173	1.16541
99	176	1.18331
99	177	1.04378
99	179	1.11595
99	180	1.0979
100	61	0.714637
100	72	1.05167
100	80	0.828863
100	112	1.08131
100	113	1.11792
100	124	0.740082
100	130	1.12442
100	134	1.10008
100	137	0.666168
100	141	1.07314
100	143	1.12326
100	144	1.11688
100	146	0.803625
100	149	1.10164
100	166	0.946844
100	167	1.08548
100	168	1.03437
100	169	0.980604
100	172	1.03744
100	173	1.04144
100	175	0.644276
100	177	0.919811
100	178	1.10102
100	179	0.991985
100	180	0.97393
101	28	0.726528
101	75	0.762704
101	81	1.02801
101	86	0.859088
101	96	1.08801
101	108	0.74171
101	116	1.17173
101	132	0.790425
101	147	1.15102
101	150	1.13677
101	154	1.10562
101	159	1.1308
101	160	0.971986
101	161	0.674836
101	164	0.969606
101	165	1.07123
101	167	1.08909
101	168	1.03798
101	170	1.01837
101	172	1.04105
101	173	1.04506
101	174	1.02053
101	177	0.923425
101	179	0.995599
101	180	0.977544
102	6	1.19097
102	22	1.15317
102	25	1.17385
102	26	1.16029
102	28	1.10661
102	40	1.18966
102	44	1.19407
102	59	1.13426
102	60	1.1359
102	61	1.23662
102	66	1.13666
102	80	1.13983
102	82	1.1361
102	103	1.14811
102	105	1.0874
102	115	1.09653
102	126	0.749535
102	150	0.673835
102	154	0.681854
102	159	0.662266
102	161	1.16037
102	162	0.923845
102	171	0.982929
102	173	0.834623
102	174	0.902952
102	175	1.19958
103	4	1.2058
103	6	1.18661
103	22	1.14881
103	25	1.16949
103	28	1.10226
103	40	1.1853
103	44	1.18971
103	59	1.1299
103	60	1.13154
103	61	1.23226
103	65	0.497425
103	78	1.16476
103	80	1.13547
103	82	1.13174
103	102	1.14811
103	105	1.08304
103	115	1.09217
103	131	0.819912
103	139	0.553487
103	154	0.603416
103	161	1.15601
103	166	1.14936
103	169	0.909536
103	171	0.90449
103	174	0.824514
103	175	1.19522
104	30	0.858811
104	46	0.711615
104	53	0.953085
104	69	1.12094
104	119	0.807627
104	140	1.12247
104	148	1.06588
104	150	1.13417
104	153	0.743207
104	155	1.07391
104	156	1.03692
104	162	1.00153
104	163	1.0854
104	164	0.967008
104	167	1.08649
104	168	1.03538
104	169	0.98162
104	170	1.01577
104	172	1.03846
104	173	1.04246
104	174	1.01793
104	176	1.06036
104	177	0.920827
104	178	0.680027
104	179	0.993001
104	180	0.974946
105	4	1.14509
105	22	1.0881
105	25	1.10878
105	27	1.08467
105	30	1.04858
105	44	1.129
105	58	1.12294
105	59	1.06919
105	60	1.07083
105	61	1.17155
105	66	1.07159
105	78	1.10405
105	80	1.07476
105	82	1.07103
105	102	1.0874
105	103	1.08304
105	115	1.03146
105	154	0.815918
105	157	0.942752
105	158	0.918219
105	161	1.0953
105	163	0.876047
105	167	0.85498
105	172	0.962356
105	175	1.13451
105	176	0.874858
106	14	1.0723
106	32	0.712603
106	35	1.2773
106	65	0.425591
106	70	1.13204
106	87	1.10766
106	90	1.10342
106	93	0.760077
106	111	1.1889
106	114	1.17853
106	124	1.18268
106	125	1.16812
106	137	1.17137
106	138	1.17548
106	142	0.845932
106	146	1.14331
106	152	1.18614
106	153	1.15171
106	155	0.609456
106	158	1.10345
106	161	1.16688
106	165	0.610603
106	166	1.07753
106	174	1.07008
106	175	1.20609
106	180	0.913723
107	6	0.599134
107	8	0.734186
107	60	0.827657
107	67	0.771051
107	71	0.540319
107	83	0.42125
107	86	1.16122
107	97	0.675011
107	124	1.20439
107	134	0.676217
107	137	1.19309
107	138	1.19719
107	151	1.1655
107	153	1.17342
107	158	1.12517
107	159	1.20206
107	163	1.15926
107	164	1.04087
107	167	1.16035
107	169	1.05548
107	172	1.11232
107	173	1.11632
107	174	1.09179
107	175	1.2278
107	176	1.13422
107	177	0.994686
107	180	1.0488
108	2	1.16478
108	5	1.02946
108	13	1.16343
108	33	1.19609
108	36	1.18719
108	47	1.14307
108	52	1.13364
108	67	1.07359
108	71	1.1762
108	76	1.12093
108	77	1.03971
108	83	1.15647
108	84	1.16109
108	88	1.13559
108	92	1.11306
108	98	1.17461
108	101	0.74171
108	109	1.15851
108	117	1.14116
108	120	1.12081
108	130	0.639991
108	142	0.986582
108	148	0.729996
108	150	0.664213
108	159	0.652644
108	169	0.978352
108	180	1.05437
109	5	1.10052
109	11	0.442831
109	13	1.23449
109	15	1.24812
109	33	1.26715
109	36	1.25825
109	43	1.11834
109	47	1.21413
109	67	1.14465
109	76	1.19199
109	83	1.22753
109	84	1.23215
109	88	1.20666
109	92	1.18412
109	96	0.688141
109	97	1.15682
109	98	1.24567
109	108	1.15851
109	110	0.716593
109	117	1.21222
109	120	1.19187
109	129	0.652312
109	135	0.586419
109	151	0.739979
109	158	0.772094
109	160	1.03818
109	172	0.816232
110	34	0.792212
110	46	0.667481
110	92	0.719451
110	93	1.06333
110	98	0.740792
110	109	0.716593
110	115	0.791504
110	127	1.12791
110	128	1.11672
110	140	1.15882
110	142	1.02955
110	145	0.666924
110	147	1.18477
110	148	1.10223
110	150	1.17052
110	155	1.11026
110	160	1.00573
110	162	1.03787
110	163	1.12174
110	164	1.00335
110	165	1.10497
110	168	1.07173
110	173	1.0788
110	176	1.09671
110	177	0.957171
110	179	1.02934
110	180	1.01129
111	18	0.674134
111	38	1.19453
111	45	0.481032
111	54	1.17225
111	70	1.15546
111	75	1.21887
111	90	1.12684
111	94	1.16469
111	106	1.1889
111	114	1.20195
111	125	1.19153
111	132	1.1697
111	136	0.667002
111	137	1.19479
111	138	1.19889
111	142	1.00879
111	148	0.752202
111	152	1.20956
111	153	1.17512
111	154	0.694438
111	155	0.772311
111	158	1.12687
111	161	1.19029
111	173	0.847207
111	174	1.09349
111	175	1.2295
111	176	0.753378
111	178	1.1776
112	19	1.15226
112	21	1.16727
112	34	1.23041
112	42	1.20987
112	64	0.681738
112	91	1.14367
112	100	1.08131
112	113	1.14007
112	118	1.09567
112	119	1.11103
112	121	0.592242
112	122	1.08876
112	123	1.14825
112	126	1.08839
112	134	1.12223
112	141	1.09529
112	143	1.14542
112	144	1.13903
112	145	1.13023
112	151	0.683148
112	155	0.690836
112	160	0.990524
112	164	1.02337
112	166	0.968994
112	167	0.652024
112	177	1.41134
112	178	1.12317
112	179	0.914169
113	21	1.20388
113	29	1.16183
113	35	1.28289
113	62	1.17104
113	71	1.22081
113	91	1.18028
113	100	1.11792
113	112	1.14007
113	116	0.645384
113	118	1.13227
113	119	1.14763
113	122	1.12536
113	123	1.18485
113	126	1.125
113	129	0.688652
113	130	0.673893
113	131	0.92263
113	134	1.15884
113	141	1.1319
113	143	1.18202
113	144	1.17564
113	145	1.16683
113	152	0.638147
113	157	0.832968
113	165	0.785154
113	166	1.0056
113	168	0.878636
113	178	1.15978
113	180	1.08827
114	62	1.1785
114	63	0.586747
114	106	1.17853
114	111	1.20195
114	122	1.13282
114	123	1.1923
114	124	1.19572
114	126	1.13245
114	127	0.810346
114	131	1.10538
114	134	1.16629
114	137	1.18442
114	139	0.6861
114	140	0.692354
114	141	1.13935
114	142	1.05038
114	143	1.18947
114	144	1.18309
114	145	1.17429
114	146	1.15636
114	147	0.690796
114	153	1.16475
114	159	0.716441
114	161	1.17993
114	162	0.97802
114	167	0.775091
114	171	1.05643
114	174	1.08312
114	178	1.16723
115	4	1.15422
115	22	1.09723
115	25	1.11791
115	26	1.10435
115	27	1.0938
115	30	1.05771
115	40	1.13372
115	44	1.13812
115	58	1.13207
115	59	1.07832
115	60	1.07996
115	61	1.18068
115	66	1.08072
115	69	0.694396
115	78	1.11318
115	80	1.08389
115	82	1.08016
115	102	1.09653
115	103	1.09217
115	105	1.03146
115	110	0.791504
115	150	0.736685
115	154	0.744704
115	155	0.822578
115	161	1.10443
115	165	0.823725
115	169	1.05082
115	171	1.04578
115	175	1.14364
116	12	0.68826
116	24	0.592016
116	47	0.597457
116	70	0.651049
116	81	1.13335
116	101	1.17173
116	113	0.645384
116	136	1.21718
116	140	1.23041
116	141	0.667451
116	143	0.549804
116	148	1.17382
116	155	1.18185
116	157	1.15478
116	159	1.23614
116	160	1.07733
116	161	0.544609
116	162	1.10947
116	164	1.07495
116	165	1.17657
116	168	1.14332
116	169	1.08956
116	170	1.12371
116	172	1.14639
116	173	1.1504
116	175	0.457371
116	176	1.1683
116	177	1.02877
116	179	1.10094
116	180	1.08288
117	2	1.21849
117	5	1.08317
117	13	1.21714
117	15	1.23077
117	33	1.24979
117	36	1.2409
117	43	1.10099
117	47	1.19678
117	52	1.18735
117	65	0.552346
117	67	1.1273
117	76	1.17464
117	77	1.09342
117	79	0.579267
117	83	1.21018
117	84	1.2148
117	88	1.1893
117	92	1.16676
117	97	1.13947
117	98	1.22832
117	108	1.14116
117	109	1.21222
117	120	1.17451
117	127	0.732654
117	130	0.626097
117	150	0.650318
117	151	0.728523
117	155	0.73621
117	173	0.811106
117	179	0.959544
117	180	1.04048
118	7	1.00278
118	12	1.1691
118	15	0.509373
118	16	1.10075
118	30	1.08135
118	37	1.09865
118	39	1.19693
118	49	1.10916
118	55	1.29465
118	57	1.23977
118	91	1.13587
118	96	0.726499
118	112	1.09567
118	113	1.13227
118	123	1.14045
118	133	1.1339
118	134	1.11444
118	135	1.1566
118	141	1.0875
118	142	1.0225
118	143	1.13762
118	144	1.13124
118	145	1.12243
118	158	0.810452
118	159	0.688563
118	160	0.982729
118	168	0.880654
118	170	0.925842
118	174	0.929249
118	176	0.767091
118	178	1.11538
119	8	1.0848
119	26	1.14335
119	29	1.13278
119	34	1.23797
119	46	1.17163
119	50	1.17549
119	53	1.0711
119	62	1.142
119	71	1.19177
119	85	0.667574
119	91	1.15123
119	104	0.807627
119	112	1.11103
119	113	1.14763
119	122	1.09632
119	123	1.15581
119	131	0.93319
119	134	1.1298
119	141	1.10286
119	143	1.15298
119	144	1.1466
119	145	1.13779
119	148	0.774458
119	154	0.716693
119	157	0.843527
119	160	0.998088
119	162	0.958684
119	166	0.976559
119	167	0.755755
119	176	0.775633
119	178	1.13073
120	2	1.19814
120	5	1.06282
120	13	1.19679
120	15	1.21042
120	33	1.22944
120	36	1.22055
120	43	1.08064
120	45	0.48825
120	47	1.17643
120	52	1.167
120	67	1.10695
120	71	1.20955
120	76	1.15429
120	77	1.07307
120	83	1.18983
120	84	1.19445
120	88	1.16895
120	92	1.14641
120	97	1.11911
120	98	1.20797
120	108	1.12081
120	109	1.19187
120	117	1.17451
120	131	0.918152
120	147	0.656423
120	151	0.771841
120	154	0.701656
120	163	0.761785
120	165	0.780676
120	171	1.00273
120	174	0.922754
120	176	0.760595
121	31	0.731859
121	32	1.10924
121	34	0.724692
121	55	0.47051
121	112	0.592242
121	130	1.18718
121	134	0.686119
121	136	1.17099
121	139	1.2003
121	146	0.656749
121	148	1.12763
121	150	1.19592
121	152	1.19574
121	153	0.631553
121	154	1.16477
121	155	1.13566
121	156	1.09867
121	157	1.10859
121	161	0.584638
121	164	1.02875
121	165	1.13037
121	167	1.14824
121	168	1.09713
121	169	1.04336
121	170	1.07752
121	171	1.05298
121	173	1.1042
121	176	1.12211
121	177	0.982571
121	178	0.568373
121	179	1.05475
121	180	1.03669
122	11	0.59188
122	21	1.15256
122	34	1.2157
122	42	1.19517
122	46	1.14936
122	50	1.15322
122	53	1.04883
122	62	1.11973
122	71	1.1695
122	91	1.12897
122	112	1.08876
122	113	1.12536
122	114	1.13282
122	119	1.09632
122	123	1.13354
122	126	1.07369
122	129	0.801362
122	134	1.10753
122	141	1.08059
122	143	1.13071
122	144	1.12433
122	145	1.11552
122	149	0.87293
122	152	0.750856
122	158	0.921144
122	159	0.799255
122	160	0.975819
122	166	0.95429
122	167	0.857905
122	173	0.971612
122	174	1.03994
122	178	1.10847
123	9	1.23839
123	15	0.474829
123	17	1.20435
123	24	1.19172
123	29	1.17
123	42	1.25466
123	46	1.20885
123	53	1.10832
123	65	0.567617
123	91	1.18845
123	112	1.14825
123	113	1.18485
123	114	1.1923
123	118	1.14045
123	119	1.15581
123	122	1.13354
123	127	0.747924
123	134	1.16702
123	141	1.14008
123	143	1.1902
123	144	1.18381
123	145	1.17501
123	151	0.743793
123	152	0.605621
123	158	0.775909
123	160	1.03531
123	162	0.915598
123	165	0.752628
123	166	1.01378
123	171	0.974682
123	178	1.16795
123	180	1.05575
124	10	0.631552
124	56	1.15346
124	69	0.563619
124	70	1.14923
124	75	1.21264
124	87	1.12485
124	90	1.12061
124	94	1.15846
124	100	0.740082
124	106	1.18268
124	107	1.20439
124	114	1.19572
124	125	1.18531
124	132	1.16347
124	137	1.18857
124	138	1.19267
124	146	1.16051
124	147	0.568694
124	151	1.16098
124	153	1.1689
124	156	0.790604
124	158	1.12064
124	159	0.594339
124	161	1.18407
124	162	0.855918
124	164	1.02433
124	171	1.06058
124	172	0.760366
124	174	1.08727
124	175	1.22328
124	178	1.17137
124	179	0.915134
125	1	1.2248
125	45	0.508484
125	48	1.08991
125	56	1.13891
125	85	0.67277
125	86	1.14214
125	90	1.10605
125	94	1.1439
125	95	1.14362
125	106	1.16812
125	111	1.19153
125	124	1.18531
125	131	1.09496
125	132	1.14892
125	133	0.632205
125	137	1.17401
125	138	1.17811
125	146	1.14595
125	147	0.676657
125	151	1.14642
125	152	1.18878
125	153	1.15434
125	154	0.721889
125	156	0.898567
125	158	1.10609
125	160	1.09028
125	163	0.782019
125	170	0.93958
125	171	1.04602
125	173	0.874658
125	174	1.07271
125	175	1.20872
125	178	1.15681
126	1	0.78731
126	8	1.06217
126	56	0.738577
126	67	0.869354
126	88	0.645538
126	91	1.1286
126	102	0.749535
126	112	1.08839
126	113	1.125
126	114	1.13245
126	122	1.07369
126	138	0.746486
126	141	1.08022
126	143	1.13034
126	144	1.12396
126	146	0.745151
126	151	1.09771
126	154	1.10909
126	155	1.07998
126	159	1.13427
126	161	0.673039
126	162	1.00759
126	163	1.09146
126	166	0.953924
126	169	0.987684
126	172	1.04452
126	173	1.04852
126	176	1.06643
126	177	0.926891
126	178	1.1081
126	179	0.999065
126	180	0.98101
127	25	0.809902
127	31	0.826896
127	72	1.08306
127	84	0.681561
127	92	0.746968
127	96	1.11579
127	110	1.12791
127	114	0.810346
127	117	0.732654
127	123	0.747924
127	145	0.694441
127	148	1.09626
127	150	1.16455
127	151	1.12202
127	154	1.1334
127	155	1.10429
127	157	1.07722
127	159	1.15858
127	162	1.0319
127	163	1.11578
127	164	0.997384
127	165	1.099
127	168	1.06576
127	169	1.01199
127	170	1.04615
127	172	1.06883
127	173	1.07284
127	176	1.09074
127	177	0.951202
127	179	1.02338
127	180	1.00532
128	9	0.710355
128	23	0.993264
128	26	0.898349
128	27	0.947014
128	40	0.635659
128	50	0.810457
128	56	0.801538
128	82	0.793334
128	92	0.803294
128	110	1.11672
128	139	1.15773
128	142	1.01239
128	147	1.16761
128	149	1.12184
128	152	1.15318
128	155	1.0931
128	156	1.0561
128	159	1.14739
128	162	1.02071
128	163	1.10458
128	164	0.98619
128	165	1.08781
128	167	1.10568
128	168	1.05457
128	170	1.03495
128	171	1.01042
128	172	1.05764
128	173	1.06164
128	176	1.07954
128	177	0.940009
128	179	1.01218
128	180	0.994128
129	19	0.75448
129	36	0.58805
129	45	1.26007
129	69	1.17865
129	109	0.652312
129	113	0.688652
129	122	0.801362
129	132	0.703466
129	137	0.522532
129	140	1.18018
129	141	0.710719
129	142	1.05091
129	148	1.12359
129	149	1.16036
129	155	1.13162
129	156	1.09463
129	158	1.10901
129	160	1.0271
129	162	1.05923
129	163	1.14311
129	164	1.02472
129	165	1.12634
129	166	1.00557
129	167	1.1442
129	168	1.09309
129	172	1.09616
129	173	1.10017
129	174	1.07564
129	176	1.11807
129	177	0.978534
129	178	0.571612
129	179	1.05071
129	180	1.03265
130	19	0.739721
130	59	0.645146
130	65	1.20758
130	81	1.08965
130	95	0.697925
130	100	1.12442
130	108	0.639991
130	113	0.673893
130	117	0.626097
130	121	1.18718
130	134	0.674599
130	136	1.17349
130	137	0.507773
130	144	0.622647
130	147	1.21267
130	148	1.13013
130	149	1.1669
130	151	1.15589
130	154	1.16727
130	155	1.13816
130	157	1.11109
130	163	1.14964
130	164	1.03125
130	165	1.13287
130	167	1.15074
130	168	1.09963
130	169	1.04586
130	170	1.08002
130	172	1.1027
130	173	1.10671
130	176	1.12461
130	177	0.985072
130	178	0.556853
130	179	1.05725
130	180	1.03919
131	6	0.846252
131	23	0.953072
131	24	0.869262
131	37	0.896248
131	86	1.06635
131	88	0.794353
131	103	0.819912
131	113	0.92263
131	114	1.10538
131	119	0.93319
131	120	0.918152
131	125	1.09496
131	137	1.09822
131	138	1.10232
131	142	0.972197
131	146	1.07016
131	153	1.07855
131	154	1.08201
131	155	1.0529
131	158	1.0303
131	161	1.09372
131	163	1.06439
131	164	0.945998
131	167	1.06548
131	168	1.01437
131	169	0.96061
131	170	0.994763
131	171	0.970227
131	172	1.01745
131	173	1.02145
131	175	1.13293
131	176	1.03935
131	177	0.899817
131	178	1.08102
131	180	0.953936
132	14	1.05309
132	15	0.522169
132	20	1.05066
132	31	1.1246
132	41	1.09252
132	48	1.06807
132	51	1.17209
132	56	1.11707
132	75	1.17625
132	86	1.1203
132	87	1.08846
132	90	1.08422
132	101	0.790425
132	111	1.1697
132	124	1.16347
132	125	1.14892
132	129	0.703466
132	138	1.15628
132	146	1.12411
132	151	1.12459
132	152	1.16694
132	153	1.1325
132	154	0.720947
132	157	0.847781
132	158	1.08425
132	160	1.08934
132	161	1.14768
132	163	0.781076
132	170	0.938638
132	171	1.02418
132	173	0.873716
132	174	1.05087
132	175	1.18689
132	176	0.779887
132	178	1.13498
133	7	1.0488
133	12	1.21513
133	16	1.14678
133	30	1.12737
133	33	0.56154
133	37	1.14468
133	39	1.24295
133	49	1.15519
133	55	1.34068
133	57	1.28579
133	60	0.768594
133	64	1.15243
133	66	0.806743
133	86	0.699925
133	90	0.727227
133	118	1.1339
