1	16	1.00617
1	104	0.988786
1	146	0.934353
1	155	0.918294
1	167	0.944891
1	170	1.01356
1	173	1.03479
1	174	1.0331
1	176	1.02266
1	177	1.04073
1	179	1.03401
1	180	1.02114
2	36	0.966457
2	37	0.970612
2	44	1.09981
2	53	1.05572
2	55	1.04561
2	78	1.02685
2	131	1.03493
2	151	0.937602
2	157	0.991956
2	165	0.953831
2	170	0.976952
2	173	0.946785
3	56	0.99796
3	145	0.955715
3	149	1.05774
3	154	0.938643
3	157	1.01526
3	162	0.997405
3	166	0.903805
3	172	1.02017
3	175	1.02772
3	176	1.02309
3	179	1.03444
3	180	1.02158
4	9	0.903117
4	11	0.80164
4	30	1.00163
4	51	0.888148
4	61	0.953248
4	65	0.860738
4	92	0.889024
4	126	1.19285
4	141	0.902456
4	175	1.23509
4	177	1.20617
4	178	1.17151
5	15	0.980834
5	52	0.988785
5	72	0.956513
5	74	1.03301
5	84	0.911173
5	101	0.955759
5	147	1.02071
5	168	1.02922
5	176	1.02229
5	177	1.04036
5	179	1.03364
5	180	1.02077
6	10	1.0579
6	24	1.00644
6	36	0.953981
6	44	1.08733
6	78	1.01438
6	126	0.891042
6	127	1.05751
6	131	1.02246
6	162	1.14822
6	165	0.951264
6	173	0.944218
6	178	0.869702
7	17	1.04167
7	105	0.967679
7	155	0.942338
7	156	1.00202
7	166	0.887185
7	168	0.954926
7	169	1.03188
7	173	1.03642
7	175	1.02892
7	177	1.04236
7	179	1.03564
7	180	1.02277
8	9	1.01598
8	18	0.979983
8	19	0.973606
8	21	1.1038
8	30	1.11449
8	58	0.996827
8	106	0.999307
8	129	0.970807
8	141	1.01532
8	159	0.939406
8	174	0.958096
8	179	0.939706
9	4	0.903117
9	8	1.01598
9	30	1.13639
9	61	1.08801
9	65	0.9955
9	92	1.02379
9	141	1.03722
9	163	0.976206
9	170	0.981802
9	173	0.951635
9	175	0.940698
9	180	0.956703
10	6	1.0579
10	78	1.01658
10	90	0.944775
10	125	0.989545
10	128	1.00002
10	132	1.02794
10	140	0.906142
10	142	1.02932
10	149	0.957177
10	151	0.992106
10	172	1.00716
10	178	1.07869
11	4	0.80164
11	18	0.900405
11	40	0.856408
11	51	0.921433
11	58	0.917249
11	59	1.14663
11	61	0.986533
11	65	0.894023
11	92	0.922309
11	95	1.22939
11	156	1.21786
11	172	1.21227
12	29	0.976666
12	32	1.00268
12	45	0.94561
12	52	1.02394
12	62	1.09894
12	70	1.04059
12	130	1.08012
12	155	1.05568
12	166	1.11159
12	171	0.880818
12	174	0.889858
12	180	0.89519
13	45	0.886364
13	49	0.972097
13	70	0.981343
13	75	0.999752
13	97	1.00118
13	102	0.924558
13	111	0.982363
13	129	1.046
13	163	1.05812
13	164	1.03941
13	166	1.05234
13	169	1.03001
13	173	1.03355
14	68	1.02469
14	96	1.02451
14	117	0.962388
14	144	0.993036
14	155	0.996006
14	156	1.07991
14	159	1.0495
14	161	0.945789
14	162	0.953324
14	166	1.0319
14	167	0.967649
14	168	0.949908
14	177	1.0286
15	5	0.980834
15	17	1.00235
15	67	0.936263
15	71	0.921523
15	97	1.02682
15	99	0.954906
15	102	0.950198
15	105	0.999929
15	111	1.008
15	128	1.03574
15	133	1.01117
15	168	1.18619
15	179	0.989391
16	1	1.00617
16	122	0.977587
16	125	0.933685
16	130	0.976848
16	134	0.955436
16	135	0.953485
16	142	0.973462
16	143	1.00667
16	160	1.04974
16	169	1.04896
16	171	1.0432
16	178	1.02283
16	180	1.05757
17	7	1.04167
17	15	1.00235
17	71	0.91902
17	83	0.900269
17	84	1.07533
17	99	0.952403
17	102	0.947696
17	105	0.997426
17	111	1.0055
17	159	1.045
17	176	1.04964
17	177	1.0241
17	179	1.0453
18	8	0.979983
18	11	0.900405
18	19	0.959509
18	21	1.0897
18	40	0.921889
18	65	0.959504
18	92	0.98779
18	141	1.00122
18	153	0.998536
18	172	1.06286
18	173	1.057
18	175	1.04606
18	176	1.04269
19	8	0.973606
19	18	0.959509
19	40	0.915512
19	58	0.976353
19	61	1.04564
19	65	0.953127
19	91	1.04958
19	92	0.981413
19	137	1.00685
19	141	0.994844
19	176	1.04527
19	179	1.04092
19	180	1.06465
20	46	1.02179
20	56	0.976426
20	85	1.06197
20	106	1.05533
20	107	1.05551
20	147	0.951787
20	150	0.969121
20	154	1.0007
20	161	0.956174
20	162	0.96371
20	163	1.03895
20	168	0.960293
20	179	0.995726
21	8	1.1038
21	18	1.0897
21	51	1.11073
21	61	1.17583
21	65	1.08332
21	92	1.1116
21	127	0.823217
21	141	1.12503
21	162	1.04814
21	164	0.849994
21	169	0.840591
21	170	0.874299
21	178	0.769616
22	85	1.12561
22	124	0.946063
22	127	1.0571
22	138	0.936013
22	140	0.982873
22	147	0.967238
22	150	0.984572
22	155	1.02184
22	161	0.971625
22	162	0.979161
22	167	0.993485
22	177	1.03817
22	178	1.0035
23	47	1.09145
23	71	1.08026
23	73	0.845776
23	83	1.0615
23	97	1.18556
23	99	1.11364
23	102	1.10893
23	105	1.15866
23	126	0.792587
23	129	0.85821
23	168	1.02391
23	175	0.834826
23	180	0.850832
24	6	1.00644
24	47	1.14958
24	53	0.993993
24	76	1.02202
24	78	0.965123
24	115	0.97541
24	122	0.990391
24	128	0.948561
24	134	1.05462
24	172	0.9623
24	177	0.983297
24	179	0.976577
24	180	0.96371
25	69	1.02205
25	112	0.935388
25	119	0.978112
25	136	1.07309
25	147	0.963472
25	155	1.01808
25	161	0.967859
25	162	0.975395
25	167	0.989719
25	168	0.971978
25	171	1.02957
25	174	1.03861
25	180	1.04395
26	29	1.05828
26	45	1.02723
26	49	1.11296
26	52	1.10556
26	62	1.18056
26	70	1.12221
26	136	0.911529
26	137	0.824585
26	153	0.818854
26	164	0.883178
26	166	1.19321
26	170	0.907483
26	176	0.863006
27	122	0.972787
27	128	1.065
27	130	0.972049
27	132	0.96728
27	134	0.950637
27	135	0.948686
27	137	0.984578
27	142	0.968662
27	143	1.00187
27	156	1.04877
27	158	1.04152
27	170	1.06748
27	178	1.01803
28	44	0.95744
28	71	1.13351
28	92	1.04868
28	94	1.04136
28	97	1.01235
28	144	1.00991
28	148	0.993295
28	161	0.962666
28	168	0.966785
28	176	0.959859
28	177	0.977929
28	179	0.971209
28	180	0.958342
29	12	0.976666
29	26	1.05828
29	31	1.09755
29	49	0.935943
29	52	0.928537
29	59	0.993352
29	62	1.00354
29	70	0.945189
29	79	0.935655
29	128	1.08082
29	158	1.05733
29	166	1.01619
29	178	0.978609
30	4	1.00163
30	8	1.11449
30	9	1.13639
30	42	0.820999
30	51	1.12142
30	58	1.11724
30	60	0.761908
30	61	1.18652
30	92	1.1223
30	106	0.93292
30	151	0.882789
30	157	0.937143
30	179	0.873319
31	29	1.09755
31	46	1.01086
31	48	1.04807
31	116	1.00153
31	151	0.995936
31	158	0.968028
31	167	1.03565
31	172	0.965954
31	173	0.981012
31	174	0.979319
31	175	0.973507
31	176	0.968881
31	180	0.967364
32	12	1.00268
32	45	0.876219
32	49	0.961953
32	52	0.954547
32	62	1.02955
32	70	0.971198
32	79	0.961664
32	90	1.0001
32	127	1.03569
32	166	1.0422
32	169	1.05307
32	173	1.05661
32	180	1.06168
33	38	0.836469
33	46	0.828517
33	113	0.919351
33	138	0.943309
33	150	0.892122
33	157	1.10101
33	166	0.771552
33	169	1.11643
33	174	1.11928
33	176	1.10884
33	177	1.12691
33	179	1.12019
33	180	1.10733
34	80	0.943241
34	93	0.995898
34	115	0.998562
34	130	0.968591
34	134	0.94718
34	135	0.945229
34	141	0.984214
34	143	0.998411
34	149	1.03681
34	152	1.08206
34	153	1.02246
34	175	1.06999
34	178	1.01457
35	59	1.07744
35	87	0.958087
35	145	0.949321
35	150	0.920288
35	152	1.13835
35	154	0.951865
35	155	0.957559
35	161	0.907341
35	162	0.914877
35	167	0.929201
35	168	0.91146
35	175	1.12627
35	176	1.1229
35	180	1.14228
36	2	0.966457
36	6	0.953981
36	37	0.856422
36	44	0.985618
36	53	0.941534
36	55	0.931422
36	78	0.912664
36	86	1.1033
36	91	1.15159
36	127	0.955799
36	128	0.896102
36	140	1.06645
36	149	1.11748
36	165	1.16864
37	2	0.970612
37	36	0.856422
37	44	0.989773
37	53	0.945688
37	55	0.935577
37	78	0.916818
37	127	0.959953
37	128	0.900257
37	131	0.9249
37	162	1.29025
37	169	1.0827
37	172	1.09211
37	176	1.07194
37	179	1.06759
38	33	0.836469
38	48	1.03694
38	68	0.930622
38	81	1.0302
38	89	1.08622
38	94	1.01464
38	98	1.063
38	101	1.06344
38	107	1.01552
38	110	1.0297
38	116	1.07585
38	153	0.915924
38	174	0.974123
38	177	0.934534
39	47	0.889604
39	67	0.89315
39	75	0.98228
39	83	0.859659
39	84	1.03472
39	99	0.911793
39	100	1.10029
39	102	0.907086
39	105	0.956816
39	111	0.964891
39	159	1.10983
39	172	1.13465
39	174	1.12852
39	180	1.13385
40	11	0.856408
40	18	0.921889
40	19	0.915512
40	51	0.942916
40	58	0.938733
40	61	1.00802
40	65	0.915507
40	68	1.03165
40	92	0.943793
40	137	1.02269
40	138	1.35758
40	141	0.957225
40	156	1.08688
40	170	1.10558
41	74	1.05009
41	87	1.09292
41	123	1.01381
41	138	1.00656
41	145	1.08415
41	151	0.939954
41	152	0.950273
41	161	1.04217
41	167	1.06403
41	168	1.04629
41	169	0.945595
41	173	0.949137
41	174	0.948874
41	178	0.874621
42	30	0.820999
42	51	0.923637
42	75	0.975603
42	89	0.85316
42	102	1.07071
42	111	0.948777
42	160	1.0512
42	170	1.0296
42	172	1.03578
42	176	1.0387
42	177	1.05677
42	178	1.10071
42	179	1.05005
42	180	1.03719
43	93	0.839338
43	143	1.0487
43	144	1.07983
43	146	1.04565
43	147	1.02819
43	150	1.04552
43	154	1.0771
43	161	1.03258
43	163	0.948934
43	165	0.931409
43	167	1.05444
43	168	1.0367
43	173	0.924363
43	175	0.913426
44	2	1.09981
44	6	1.08733
44	28	0.95744
44	36	0.985618
44	37	0.989773
44	55	1.06477
44	114	0.890751
44	127	1.08915
44	128	1.02945
44	129	0.950036
44	131	1.0541
44	151	0.928406
44	172	0.943455
44	174	0.937326
45	12	0.94561
45	13	0.886364
45	26	1.02723
45	32	0.876219
45	49	0.904887
45	52	0.897481
45	62	0.972481
45	79	0.904599
45	85	1.17214
45	100	1.09606
45	166	0.985131
45	171	1.11525
45	175	1.11362
45	176	1.11024
46	20	1.02179
46	31	1.01086
46	33	0.828517
46	93	0.88141
46	113	1.00716
46	146	1.05757
46	150	1.05744
46	154	1.08902
46	160	0.963671
46	162	1.05203
46	165	0.973481
46	167	1.06636
46	168	1.04862
46	179	0.947782
47	23	1.09145
47	24	1.14958
47	39	0.889604
47	67	0.864123
47	75	0.953254
47	83	0.830632
47	84	1.0057
47	97	0.954685
47	99	0.882767
47	105	0.92779
47	158	1.14213
47	175	1.12698
47	176	1.12361
47	178	1.0634
48	31	1.04807
48	38	1.03694
48	79	0.988045
48	81	0.979299
48	82	0.980339
48	89	1.03533
48	94	0.963744
48	101	1.01254
48	106	1.04459
48	110	0.978803
48	116	1.02496
48	174	1.00338
48	175	0.992708
48	176	0.989335
48	178	0.929129
49	13	0.972097
49	26	1.11296
49	29	0.935943
49	32	0.961953
49	45	0.904887
49	52	0.983214
49	62	1.05821
49	70	0.999866
49	93	0.926097
49	127	0.990207
49	148	1.1891
49	166	1.07086
49	177	0.971269
49	178	0.936606
49	179	0.992469
50	108	1.04638
50	112	0.961425
50	123	0.965533
50	124	0.968334
50	146	1.00697
50	154	1.03842
50	155	1.04411
50	160	1.01205
50	162	1.00143
50	167	1.01576
50	168	0.998016
50	173	1.01481
50	177	0.974961
50	178	0.940297
50	180	1.01988
51	4	0.888148
51	11	0.921433
51	21	1.11073
51	30	1.12142
51	40	0.942916
51	42	0.923637
51	58	1.00376
51	65	0.980531
51	90	0.938096
51	92	1.00882
51	127	0.973694
51	141	1.02225
51	151	0.985427
51	161	1.18921
51	173	0.994609
52	5	0.988785
52	12	1.02394
52	26	1.10556
52	29	0.928537
52	32	0.954547
52	45	0.897481
52	49	0.983214
52	57	1.00138
52	62	1.05081
52	70	0.99246
52	108	1.04756
52	109	1.05133
52	140	0.920848
52	166	1.06346
52	179	0.997342
53	2	1.05572
53	24	0.993993
53	36	0.941534
53	37	0.945688
53	55	1.02069
53	78	1.00193
53	126	0.964122
53	127	1.04506
53	128	0.985368
53	131	1.01001
53	157	1.06247
53	169	1.01376
53	176	1.00299
53	178	0.942782
53	180	1.02237
54	77	0.977363
54	96	0.964176
54	115	1.0309
54	122	1.00167
54	125	0.957768
54	134	0.97952
54	135	0.977569
54	137	0.955383
54	139	1.09839
54	142	0.997545
54	143	1.03075
54	159	0.98916
54	174	1.00785
54	176	0.993803
54	178	1.04691
55	2	1.04561
55	36	0.931422
55	37	0.935577
55	44	1.06477
55	53	1.02069
55	78	0.991818
55	94	1.17719
55	108	0.98631
55	127	1.03495
55	128	0.975257
55	131	0.9999
55	156	0.966202
55	157	0.999913
55	165	0.961788
55	177	0.914889
56	3	0.99796
56	20	0.976426
56	67	0.943528
56	97	1.03409
56	99	0.962172
56	111	1.01527
56	144	1.04638
56	146	1.01221
56	152	1.00476
56	158	1.00783
56	162	1.00667
56	164	1.00949
56	168	1.00325
56	171	0.994321
56	175	0.992687
57	52	1.00138
57	66	0.981102
57	67	1.10855
57	77	1.02254
57	137	1.04017
57	154	0.929692
57	155	0.950008
57	170	0.980306
57	171	1.00011
57	174	0.999846
57	175	0.994034
57	176	0.989409
57	177	1.00748
57	179	1.00076
57	180	0.987891
58	8	0.996827
58	11	0.917249
58	19	0.976353
58	30	1.11724
58	40	0.938733
58	51	1.00376
58	61	1.06886
58	65	0.976348
58	92	1.00463
58	106	1.01874
58	133	0.980917
58	139	1.06807
58	164	0.983657
58	169	0.974254
58	180	0.982864
59	11	1.14663
59	29	0.993352
59	35	1.07744
59	127	1.03453
59	138	1.02145
59	144	0.907333
59	156	0.969228
59	164	1.01918
59	166	0.849697
59	171	1.0022
59	172	0.988575
59	174	1.00194
59	176	0.991502
59	179	1.00285
59	180	0.989985
60	30	0.761908
60	83	1.09801
60	117	0.858436
60	119	0.884928
60	123	0.93665
60	135	0.900116
60	138	0.951164
60	169	1.06997
60	170	1.05328
60	172	1.05946
60	174	1.07282
60	175	1.06701
60	176	1.06239
60	177	1.08046
60	179	1.07374
60	180	1.06087
61	4	0.953248
61	9	1.08801
61	11	0.986533
61	19	1.04564
61	21	1.17583
61	30	1.18652
61	40	1.00802
61	58	1.06886
61	114	0.88575
61	141	1.08735
61	171	0.923284
61	172	0.938454
61	176	0.918277
61	177	0.892735
61	179	0.913935
61	180	0.937656
62	12	1.09894
62	26	1.18056
62	29	1.00354
62	32	1.02955
62	45	0.972481
62	49	1.05821
62	52	1.05081
62	70	1.06746
62	100	0.860983
62	109	0.924814
62	144	1.05752
62	157	0.934651
62	166	1.13846
62	170	0.919646
62	178	0.814963
62	180	0.894548
63	79	0.951845
63	81	0.943099
63	82	0.94414
63	89	0.999129
63	94	0.927545
63	98	0.975908
63	101	0.976342
63	103	1.15139
63	108	0.950633
63	110	0.942603
63	116	0.988757
63	129	1.06549
63	158	1.05726
63	175	1.04211
63	179	1.03439
63	180	1.05812
64	86	0.861862
64	104	1.04242
64	120	1.06878
64	121	1.04663
64	145	1.09545
64	147	1.04909
64	155	1.10369
64	159	0.901203
64	162	1.06101
64	163	0.944728
64	167	1.07533
64	168	1.05759
64	170	0.950324
64	172	0.926023
64	173	0.920157
64	176	0.905846
65	4	0.860738
65	9	0.9955
65	11	0.894023
65	18	0.959504
65	19	0.953127
65	21	1.08332
65	40	0.915507
65	51	0.980531
65	58	0.976348
65	92	0.981407
65	118	1.33708
65	153	0.992026
65	173	1.05049
65	175	1.03955
65	177	1.01064
65	178	0.975973
66	57	0.981102
66	68	0.951952
66	74	1.01755
66	117	1.02623
66	123	0.981271
66	126	0.942541
66	138	0.974023
66	145	1.05161
66	148	1.04026
66	149	0.951605
66	154	1.05416
66	161	1.00963
66	165	1.00276
66	167	1.0315
66	168	1.01375
66	169	0.992175
66	171	0.986414
67	15	0.936263
67	39	0.89315
67	47	0.864123
67	56	0.943528
67	57	1.10855
67	75	0.9568
67	84	1.00924
67	97	0.958231
67	99	0.886313
67	102	0.881605
67	105	0.931336
67	111	0.93941
67	140	1.02802
67	165	1.13021
67	168	1.30131
67	170	1.15333
67	177	1.08331
68	14	1.02469
68	38	0.930622
68	40	1.03165
68	66	0.951952
68	82	0.974278
68	148	0.933282
68	161	0.949899
68	165	1.01745
68	169	1.01485
68	172	1.00434
68	173	1.0194
68	174	1.01771
68	176	1.00727
68	177	1.02534
68	178	1.06927
68	179	1.01862
68	180	1.00575
69	25	1.02205
69	97	0.975676
69	121	0.993008
69	147	0.973665
69	152	1.0159
69	160	1.02574
69	166	0.892642
69	167	0.974393
69	168	0.960383
69	171	1.02394
69	172	1.01031
69	173	1.02537
69	175	1.01787
69	176	1.01324
69	177	1.03131
69	179	1.02459
69	180	1.01172
70	12	1.04059
70	13	0.981343
70	26	1.12221
70	29	0.945189
70	32	0.971198
70	49	0.999866
70	52	0.99246
70	62	1.06746
70	79	0.999578
70	90	0.940215
70	140	0.901583
70	151	0.987546
70	165	1.00378
70	166	1.08011
70	169	0.993188
70	170	1.0269
70	177	0.956876
71	15	0.921523
71	17	0.91902
71	23	1.08026
71	28	1.13351
71	75	0.94206
71	83	0.819439
71	84	0.994502
71	97	0.943491
71	99	0.871574
71	102	0.866866
71	105	0.916597
71	111	0.924671
71	152	1.1148
71	161	1.30826
71	173	1.11366
71	178	1.03915
71	179	1.09501
72	5	0.956513
72	76	0.996814
72	88	1.05216
72	125	0.978252
72	130	1.02141
72	132	1.01665
72	134	1
72	135	0.998052
72	142	1.01803
72	143	1.05123
72	151	0.97454
72	156	0.995183
72	164	0.989585
72	173	0.983723
72	177	0.94387
72	178	1.0674
72	179	0.96507
73	23	0.845776
73	81	1.02775
73	131	0.987001
73	142	0.990135
73	145	0.961393
73	152	1.01506
73	159	1.03667
73	160	1.0249
73	162	1.00308
73	165	1.02258
73	168	0.977224
73	169	1.01999
73	170	1.0033
73	176	1.0124
73	177	1.03047
73	179	1.02375
73	180	1.01088
74	5	1.03301
74	41	1.05009
74	66	1.01755
74	109	0.994369
74	121	0.979957
74	136	0.993248
74	144	1.03405
74	148	1.01743
74	154	1.03132
74	155	1.03702
74	157	1.00421
74	160	0.956271
74	165	0.966081
74	167	1.00866
74	168	0.990918
74	169	0.955493
74	179	0.940382
75	13	0.999752
75	39	0.98228
75	42	0.975603
75	47	0.953254
75	67	0.9568
75	71	0.94206
75	83	0.923308
75	93	0.961551
75	97	1.04736
75	99	0.975443
75	102	0.970735
75	105	1.02047
75	108	1.07814
75	111	1.02854
75	159	1.02762
75	170	1.07674
75	171	1.03727
75	180	1.05164
76	24	1.02202
76	72	0.996814
76	122	0.98145
76	125	0.937549
76	127	0.989439
76	130	0.980711
76	132	0.975943
76	134	0.9593
76	135	0.957349
76	136	1.04457
76	139	1.10063
76	141	0.996334
76	142	0.977325
76	143	1.01053
76	170	1.04052
76	171	1.00105
76	173	1.01035
76	178	1.02669
77	54	0.977363
77	57	1.02254
77	108	1.06873
77	115	1.01171
77	125	0.938581
77	129	0.985311
77	131	0.973699
77	132	0.976975
77	134	0.960332
77	135	0.958381
77	142	0.978357
77	143	1.01156
77	160	1.03439
77	165	1.0442
77	176	1.02285
77	177	0.997304
77	178	1.02773
77	179	1.0185
78	2	1.02685
78	6	1.01438
78	10	1.01658
78	24	0.965123
78	36	0.912664
78	37	0.916818
78	53	1.00193
78	55	0.991818
78	100	0.986871
78	127	1.01619
78	128	0.956498
78	131	0.981141
78	147	1.20679
78	170	1.04553
78	173	1.01537
78	174	1.0151
78	178	0.940852
78	179	0.996715
79	29	0.935655
79	32	0.961664
79	45	0.904599
79	48	0.988045
79	63	0.951845
79	70	0.999578
79	94	0.965743
79	101	1.01454
79	110	0.980801
79	114	1.00054
79	116	1.02696
79	160	1.04461
79	164	1.05324
79	166	1.07058
79	171	1.03807
79	172	1.05324
79	173	1.04737
79	178	0.972858
80	34	0.943241
80	115	1.00993
80	122	0.9807
80	128	1.05085
80	129	0.983529
80	130	0.979961
80	132	0.975192
80	134	0.958549
80	135	0.956598
80	136	1.05737
80	142	0.976575
80	143	1.00978
80	149	0.97905
80	164	1.02902
80	170	1.05333
80	175	1.01222
80	178	1.02594
80	180	1.02823
81	38	1.0302
81	48	0.979299
81	63	0.943099
81	73	1.02775
81	82	0.973592
81	89	1.02858
81	94	0.956996
81	101	1.00579
81	108	0.980085
81	110	0.972055
81	116	1.01821
81	118	0.912095
81	152	1.02887
81	158	1.03195
81	160	1.02497
81	163	1.05231
81	172	1.0336
81	179	1.00908
82	48	0.980339
82	63	0.94414
82	68	0.974278
82	81	0.973592
82	86	1.02083
82	89	1.02962
82	94	0.958037
82	101	1.00683
82	108	0.981125
82	110	0.973095
82	116	1.01925
82	118	0.913135
82	147	1.20947
82	159	0.999089
82	173	1.01804
82	176	1.00373
82	177	0.97819
82	180	1.02311
83	17	0.900269
83	23	1.0615
83	39	0.859659
83	47	0.830632
83	60	1.09801
83	71	0.819439
83	75	0.923308
83	84	0.97575
83	97	0.92474
83	99	0.852822
83	102	0.848114
83	105	0.897845
83	111	0.905919
83	156	1.23954
83	169	1.22454
83	170	1.25824
83	178	1.15356
83	180	1.23315
84	5	0.911173
84	17	1.07533
84	39	1.03472
84	47	1.0057
84	67	1.00924
84	71	0.994502
84	83	0.97575
84	89	1.06345
84	97	1.0998
84	99	1.02789
84	102	1.02318
84	105	1.07291
84	111	1.08098
84	133	0.941504
84	139	1.02866
84	159	0.91943
84	160	0.935619
84	178	0.863867
84	180	0.943451
85	20	1.06197
85	22	1.12561
85	45	1.17214
85	99	1.16373
85	117	1.03609
85	126	0.976996
85	135	1.07777
85	140	0.999184
85	153	0.986907
85	156	0.911623
85	160	0.946396
85	163	0.942764
85	166	0.957061
85	169	0.941484
85	171	0.944596
85	175	0.938523
85	176	0.933898
85	179	0.945248
85	180	0.932381
86	36	1.1033
86	64	0.861862
86	82	1.02083
86	89	1.07582
86	101	1.05303
86	104	0.97682
86	110	1.0193
86	116	1.06545
86	145	0.903085
86	150	0.971744
86	155	0.906328
86	161	0.935369
86	167	0.932925
86	173	1.03228
86	175	1.02478
86	176	1.02015
86	177	1.03822
86	179	1.0315
86	180	1.01863
87	35	0.958087
87	41	1.09292
87	91	0.944475
87	112	0.997158
87	133	0.957597
87	145	1.07161
87	146	1.0427
87	147	1.02524
87	148	1.06026
87	159	0.935522
87	161	1.02963
87	162	1.03716
87	163	0.979047
87	167	1.05149
87	168	1.03375
87	171	0.945172
87	174	0.954212
87	179	0.935822
87	180	0.959544
88	72	1.05216
88	108	0.994356
88	125	0.992893
88	130	1.03606
88	131	1.02801
88	132	1.03129
88	134	1.01464
88	135	1.01269
88	137	0.910056
88	141	1.05168
88	142	1.03267
88	143	1.06587
88	152	0.963923
88	159	0.943834
88	169	0.959245
88	172	0.968653
88	176	0.948477
88	177	0.922934
88	178	1.08204
89	38	1.08622
89	42	0.85316
89	48	1.03533
89	63	0.999129
89	81	1.02858
89	82	1.02962
89	84	1.06345
89	86	1.07582
89	91	0.914132
89	94	1.01303
89	101	1.06182
89	110	1.02808
89	116	1.07424
89	118	0.968124
89	139	1.01441
89	157	0.969304
89	164	0.929995
89	170	0.9543
89	176	0.909822
90	10	0.944775
90	32	1.0001
90	51	0.938096
90	70	0.940215
90	92	0.972319
90	100	1.06178
90	145	0.904866
90	150	0.973526
90	158	1.02872
90	168	0.920697
90	170	1.02047
90	171	1.04027
90	172	1.02665
90	173	1.0417
90	175	1.0342
90	176	1.02957
90	177	1.04764
90	179	1.04092
90	180	1.02806
91	19	1.04958
91	36	1.15159
91	87	0.944475
91	89	0.914132
91	96	1.02395
91	148	0.967046
91	150	1.02004
91	152	0.994131
91	155	0.954622
91	162	0.993069
91	163	1.00034
91	164	1.01915
91	165	1.00165
91	170	0.982367
91	172	0.988542
91	175	0.996095
91	176	0.991469
91	177	1.00954
91	179	1.00282
91	180	0.989952
92	4	0.889024
92	9	1.02379
92	11	0.922309
92	18	0.98779
92	19	0.981413
92	21	1.1116
92	28	1.04868
92	30	1.1223
92	40	0.943793
92	51	1.00882
92	58	1.00463
92	65	0.981407
92	90	0.972319
92	137	0.976102
92	141	1.02313
92	153	0.97037
92	158	1.03304
92	165	1.03588
92	175	1.0179
92	178	0.954317
93	34	0.995898
93	43	0.839338
93	46	0.88141
93	49	0.926097
93	75	0.961551
93	123	0.981689
93	124	0.960373
93	125	0.968181
93	155	0.879598
93	157	1.03603
93	164	1.07155
93	170	1.03476
93	171	1.05456
93	172	1.04094
93	173	1.056
93	174	1.0543
93	175	1.04849
93	176	1.04387
93	177	1.06194
93	179	1.05522
93	180	1.04235
94	28	1.04136
94	38	1.01464
94	48	0.963744
94	55	1.17719
94	63	0.927545
94	79	0.965743
94	81	0.956996
94	82	0.958037
94	89	1.01303
94	98	0.989805
94	101	0.990239
94	108	0.96453
94	110	0.9565
94	116	1.00265
94	118	0.89654
94	151	1.01233
94	153	0.963049
94	161	1.21611
94	163	1.04608
94	178	0.946995
94	179	1.00286
95	11	1.22939
95	111	1.04274
95	115	0.986734
95	117	1.01149
95	121	1.03282
95	124	1.06839
95	146	1.00367
95	156	0.942025
95	159	0.988572
95	163	0.973165
95	165	0.974479
95	167	1.01421
95	170	0.955197
95	172	0.961372
95	173	0.97643
95	174	0.974737
95	175	0.968925
95	176	0.964299
95	177	0.982369
95	179	0.975649
95	180	0.962782
96	14	1.02451
96	54	0.964176
96	91	1.02395
96	118	1.04172
96	123	1.02278
96	132	0.940896
96	134	0.999017
96	154	0.90037
96	160	1.01825
96	161	0.949727
96	164	1.03343
96	165	1.01593
96	167	0.947283
96	170	0.996647
96	171	1.01645
96	173	1.01788
96	174	1.01619
96	175	1.01038
96	176	1.00575
96	177	1.02382
96	179	1.0171
96	180	1.00423
97	13	1.00118
97	15	1.02682
97	23	1.18556
97	28	1.01235
97	47	0.954685
97	56	1.03409
97	67	0.958231
97	69	0.975676
97	71	0.943491
97	75	1.04736
97	83	0.92474
97	84	1.0998
97	102	0.972167
97	105	1.0219
97	111	1.02997
97	126	0.939327
97	127	0.971588
97	129	1.00495
97	153	0.934041
97	172	0.99837
97	174	0.99224
97	175	0.981566
98	38	1.063
98	63	0.975908
98	94	0.989805
98	107	1.02388
98	109	1.01808
98	110	1.00486
98	116	1.05102
98	118	0.944904
98	138	0.972914
98	144	1.05577
98	145	1.05051
98	147	1.00414
98	149	0.938637
98	150	1.02147
98	151	0.973566
98	154	1.05305
98	157	1.02792
98	168	1.01264
98	174	0.982485
98	175	0.971811
98	176	0.968438
98	178	0.908232
99	15	0.954906
99	17	0.952403
99	23	1.11364
99	39	0.911793
99	47	0.882767
99	56	0.962172
99	67	0.886313
99	71	0.871574
99	75	0.975443
99	83	0.852822
99	84	1.02789
99	85	1.16373
99	102	0.900249
99	105	0.949979
99	111	0.958054
99	128	1.14383
99	153	1.05767
99	156	1.12759
99	176	1.10182
99	177	1.07628
99	178	1.04162
99	179	1.09748
100	39	1.10029
100	45	1.09606
100	62	0.860983
100	78	0.986871
100	90	1.06178
100	113	1.02877
100	139	0.978419
100	144	0.938609
100	146	0.952186
100	148	0.948551
100	159	1.02975
100	163	1.01435
100	164	1.03316
100	166	0.880973
100	170	0.996377
100	171	1.01618
100	172	1.00255
100	173	1.01761
100	176	1.00548
100	177	1.02355
100	179	1.01683
100	180	1.00396
101	5	0.955759
101	38	1.06344
101	48	1.01254
101	63	0.976342
101	79	1.01454
101	81	1.00579
101	82	1.00683
101	86	1.05303
101	89	1.06182
101	94	0.990239
101	108	1.01333
101	110	1.0053
101	116	1.05145
101	118	0.945338
101	136	1.01718
101	149	0.938857
101	153	0.924506
101	157	1.02814
101	160	0.980205
101	165	0.990014
101	172	0.988835
101	180	0.988037
102	13	0.924558
102	15	0.950198
102	17	0.947696
102	23	1.10893
102	39	0.907086
102	42	1.07071
102	67	0.881605
102	71	0.866866
102	75	0.970735
102	83	0.848114
102	84	1.02318
102	97	0.972167
102	99	0.900249
102	105	0.945272
102	111	0.953346
102	114	1.09485
102	140	1.04654
102	149	1.09757
102	160	1.13892
102	171	1.13238
102	176	1.12737
102	177	1.10183
103	63	1.15139
103	110	1.12515
103	111	1.11809
103	113	1.15561
103	122	1.07707
103	149	0.969947
103	155	1.06297
103	157	0.927465
103	158	0.934444
103	161	1.09201
103	163	0.944163
103	164	0.962979
103	166	1.00781
103	170	0.926195
103	171	0.945995
103	172	0.93237
103	173	0.947428
103	175	0.939923
103	176	0.935297
103	177	0.953367
103	179	0.946647
103	180	0.93378
104	1	0.988786
104	64	1.04242
104	86	0.97682
104	119	0.978081
104	123	0.939465
104	124	0.942266
104	138	0.932216
104	139	1.12539
104	144	1.01508
104	146	0.9809
104	148	0.998457
104	151	1.02593
104	153	0.976652
104	154	1.01235
104	161	0.967828
104	162	0.975364
104	166	1.05394
104	167	0.989688
104	168	0.971947
104	172	1.04098
104	174	1.03485
104	175	1.02418
104	179	1.01646
105	7	0.967679
105	15	0.999929
105	17	0.997426
105	23	1.15866
105	39	0.956816
105	47	0.92779
105	67	0.931336
105	71	0.916597
105	75	1.02047
105	83	0.897845
105	84	1.07291
105	97	1.0219
105	99	0.949979
105	102	0.945272
105	109	1.0253
105	111	1.00308
105	136	1.02418
105	145	1.15228
105	159	0.971011
105	160	0.9872
105	168	1.16811
105	178	0.915448
105	180	0.995032
106	8	0.999307
106	20	1.05533
106	30	0.93292
106	48	1.04459
106	58	1.01874
106	114	1.01821
106	118	1.12661
106	151	0.995731
106	160	0.981174
106	161	1.03461
106	164	0.996359
106	166	0.950418
106	167	1.03217
106	169	0.976263
106	172	0.965749
106	173	0.980807
106	174	0.979114
106	175	0.973302
106	176	0.968676
106	177	0.986747
106	178	1.03068
106	179	0.980026
106	180	0.967159
107	20	1.05551
107	38	1.01552
107	98	1.02388
107	119	1.05613
107	122	1.01986
107	133	0.995473
107	143	0.964543
107	151	1.00187
107	155	1.00576
107	160	0.987309
107	163	0.983678
107	165	0.984991
107	167	1.03236
107	168	1.01835
107	169	0.982398
107	171	0.985509
107	173	0.986942
107	174	0.985249
107	175	0.979437
107	176	0.974811
107	177	0.992882
107	179	0.986161
107	180	0.973294
108	50	1.04638
108	52	1.04756
108	55	0.98631
108	63	0.950633
108	75	1.07814
108	77	1.06873
108	81	0.980085
108	82	0.981125
108	88	0.994356
108	94	0.96453
108	101	1.01333
108	110	0.979589
108	116	1.02574
108	152	0.983105
108	161	1.02523
108	166	0.941038
108	168	1.00878
108	169	0.98803
108	174	0.990881
108	175	0.985069
108	176	0.980444
108	177	0.998514
108	180	0.978926
109	52	1.05133
109	62	0.924814
109	74	0.994369
109	98	1.01808
109	105	1.0253
109	122	1.01406
109	125	1.08854
109	126	1.01472
109	140	1.0369
109	148	1.01238
109	150	1.06537
109	156	0.949345
109	169	0.979205
109	170	0.962517
109	171	0.982317
109	172	0.968692
109	174	0.982057
109	175	0.976244
109	176	0.971619
109	177	0.989689
109	178	1.03362
109	179	0.982969
109	180	0.970102
110	38	1.0297
110	48	0.978803
110	63	0.942603
110	79	0.980801
110	81	0.972055
110	82	0.973095
110	86	1.0193
110	89	1.02808
110	94	0.9565
110	98	1.00486
110	101	1.0053
110	103	1.12515
110	108	0.979589
110	114	0.979966
110	116	1.01771
110	118	0.911599
110	151	1.01762
110	164	1.03267
110	172	1.03267
110	175	1.01587
110	176	1.01249
110	177	0.98695
110	179	1.00815
111	13	0.982363
111	15	1.008
111	17	1.0055
111	39	0.964891
111	42	0.948777
111	56	1.01527
111	67	0.93941
111	71	0.924671
111	75	1.02854
111	83	0.905919
111	84	1.08098
111	95	1.04274
111	97	1.02997
111	99	0.958054
111	102	0.953346
111	103	1.11809
111	105	1.00308
111	133	1.02287
111	153	0.961287
111	157	1.06492
111	163	1.04432
111	172	1.02562
111	177	0.979897
112	25	0.935388
112	50	0.961425
112	87	0.997158
112	113	0.909078
112	119	0.956664
112	120	0.96172
112	126	1.03544
112	138	0.910799
112	145	0.988391
112	147	0.942024
112	148	0.97704
112	153	1.03016
112	154	0.990935
112	155	0.996629
112	158	1.09283
112	162	0.953947
112	167	0.968272
112	168	0.950531
112	171	1.07932
112	174	1.08836
112	176	1.07431
112	177	1.04877
112	179	1.06997
112	180	1.09369
113	33	0.919351
113	46	1.00716
113	100	1.02877
113	103	1.15561
113	112	0.909078
113	120	0.956857
113	123	0.913186
113	128	1.08496
113	132	1.24303
113	144	0.988797
113	145	0.983529
113	147	0.937162
113	148	0.972178
113	150	0.954496
113	151	1.04809
113	154	0.986073
113	155	0.991767
113	161	0.941549
113	162	0.949085
113	167	0.96341
113	168	0.945668
113	175	1.04633
113	177	1.01742
113	180	1.06234
114	44	0.890751
114	61	0.88575
114	79	1.00054
114	102	1.09485
114	106	1.01821
114	110	0.979966
114	115	0.916907
114	134	0.996117
114	135	0.983343
114	145	0.914542
114	160	1.0353
114	163	1.03167
114	165	1.03299
114	168	0.930373
114	170	1.0137
114	171	1.0335
114	172	1.01988
114	173	1.03494
114	174	1.03324
114	175	1.02743
114	176	1.02281
114	177	1.04088
114	179	1.03416
114	180	1.02129
115	24	0.97541
115	34	0.998562
115	54	1.0309
115	77	1.01171
115	80	1.00993
115	95	0.986734
115	114	0.916907
115	122	1.03602
115	125	0.992119
115	127	0.942829
115	130	1.03528
115	132	1.03051
115	134	1.01387
115	135	1.01192
115	141	1.0509
115	142	1.0319
115	143	1.0651
115	163	0.988316
115	172	0.969611
115	174	0.963481
115	175	0.952807
115	178	1.08126
115	179	0.945091
115	180	0.968813
116	31	1.00153
116	38	1.07585
116	48	1.02496
116	63	0.988757
116	79	1.02696
116	81	1.01821
116	82	1.01925
116	86	1.06545
116	89	1.07424
116	94	1.00265
116	98	1.05102
116	101	1.05145
116	108	1.02574
116	110	1.01771
116	118	0.957753
116	126	0.903923
116	139	1.04738
116	157	1.00227
116	163	0.98167
116	173	0.957099
116	174	0.956836
116	177	0.917246
116	178	0.882583
116	180	0.962167
117	14	0.962388
117	60	0.858436
117	66	1.02623
117	85	1.03609
117	95	1.01149
117	118	0.93186
117	121	0.98864
117	124	0.96992
117	138	0.95987
117	139	1.07878
117	143	1.11284
117	144	1.04273
117	147	0.991095
117	148	1.02611
117	154	1.04001
117	155	1.0457
117	156	0.99996
117	161	0.995482
117	162	1.00302
117	165	0.995546
117	167	1.01734
117	168	0.999602
117	174	0.988237
117	175	0.977563
117	177	0.948647
118	65	1.33708
118	81	0.912095
118	82	0.913135
118	89	0.968124
118	94	0.89654
118	96	1.04172
118	98	0.944904
118	101	0.945338
118	106	1.12661
118	110	0.911599
118	116	0.957753
118	117	0.93186
118	126	1.03249
118	133	1.08878
118	145	0.95724
118	152	1.0868
118	155	0.965478
118	156	1.09712
118	157	1.13083
118	161	0.915261
118	162	0.922797
118	166	1.00137
118	167	0.937121
118	168	0.91938
118	179	1.06701
119	25	0.978112
119	60	0.884928
119	104	0.978081
119	107	1.05613
119	112	0.956664
119	121	0.982294
119	128	1.04268
119	136	1.04921
119	137	0.962261
119	138	0.953524
119	145	1.03112
119	146	1.00221
119	147	0.984748
119	148	1.01976
119	150	1.00208
119	155	1.03935
119	161	0.989136
119	162	0.996672
119	163	1.03956
119	166	1.07525
119	167	1.011
119	169	1.01145
119	172	1.02086
119	175	1.00405
119	178	0.940476
120	64	1.06878
120	112	0.96172
120	113	0.956857
120	123	0.965827
120	124	0.968629
120	129	1.02105
120	138	0.958579
120	146	1.00726
120	147	0.989803
120	148	1.02482
120	150	1.00714
120	156	1.02007
120	157	1.05378
120	159	0.989652
120	161	0.994191
120	162	1.00173
120	165	1.01565
120	166	1.0803
120	167	1.01605
120	168	0.99831
120	173	1.00861
120	174	1.00834
120	176	0.994295
120	177	0.968753
120	178	0.934089
121	64	1.04663
121	69	0.993008
121	74	0.979957
121	95	1.03282
121	117	0.98864
121	119	0.982294
121	133	1.01296
121	144	1.01929
121	145	1.01402
121	146	0.985112
121	148	1.00267
121	150	0.984988
121	154	1.01656
121	156	1.0213
121	158	1.01404
121	160	1.00707
121	161	0.972041
121	162	0.979577
121	166	1.05815
121	167	0.993901
121	168	0.97616
121	173	1.00984
121	177	0.969982
121	178	0.935319
121	180	1.0149
122	16	0.977587
122	24	0.990391
122	27	0.972787
122	54	1.00167
122	76	0.98145
122	80	0.9807
122	103	1.07707
122	107	1.01986
122	109	1.01406
122	115	1.03602
122	125	0.962888
122	128	1.00642
122	130	1.00605
122	132	1.00128
122	134	0.984639
122	135	0.982688
122	141	1.02167
122	142	1.00266
122	143	1.03587
122	163	1.0033
122	169	0.975184
122	174	0.978462
122	178	1.05203
122	179	0.960072
122	180	0.983794
123	41	1.01381
123	50	0.965533
123	60	0.93665
123	66	0.981271
123	93	0.981689
123	96	1.02278
123	104	0.939465
123	113	0.913186
123	120	0.965827
123	129	1.07916
123	136	1.10093
123	137	1.01398
123	144	0.997767
123	145	0.992499
123	146	0.963591
123	148	0.981148
123	150	0.963466
123	151	1.05753
123	155	1.00074
123	162	0.958055
123	166	1.03663
123	167	0.972379
123	168	0.954638
123	170	1.09688
123	172	1.07258
123	179	1.04806
124	22	0.946063
124	50	0.968334
124	93	0.960373
124	95	1.06839
124	104	0.942266
124	117	0.96992
124	120	0.968629
124	128	1.07309
124	133	1.04852
124	144	1.00057
124	146	0.966392
124	148	0.983949
124	150	0.966267
124	154	0.997844
124	155	1.00354
124	156	1.05686
124	161	0.953321
124	162	0.960856
124	166	1.03943
124	167	0.975181
124	168	0.95744
124	169	1.04186
124	170	1.07556
124	171	1.03609
124	174	1.04513
124	177	1.00555
125	10	0.989545
125	16	0.933685
125	54	0.957768
125	72	0.978252
125	76	0.937549
125	77	0.938581
125	88	0.992893
125	93	0.968181
125	109	1.08854
125	115	0.992119
125	122	0.962888
125	129	0.965717
125	130	0.962149
125	131	0.954104
125	132	0.95738
125	134	0.940737
125	140	0.958059
125	141	0.977772
125	142	0.958762
125	143	0.991968
125	146	1.23482
125	158	1.05741
125	163	1.07778
125	169	1.04966
125	171	1.0439
125	176	1.03889
125	178	1.00813
125	179	1.03455
125	180	1.05827
126	4	1.19285
126	6	0.891042
126	23	0.792587
126	53	0.964122
126	66	0.942541
126	85	0.976996
126	97	0.939327
126	109	1.01472
126	112	1.03544
126	116	0.903923
126	118	1.03249
126	138	1.02805
126	148	0.923871
126	152	1.01903
126	159	1.04064
126	160	1.02886
126	162	0.949894
126	169	1.02395
126	170	1.00726
126	171	1.02706
126	172	1.01344
126	173	1.0285
126	174	1.0268
126	175	1.02099
126	176	1.01637
126	177	1.03444
126	178	1.07837
126	179	1.02772
126	180	1.01485
127	6	1.05751
127	21	0.823217
127	22	1.0571
127	32	1.03569
127	36	0.955799
127	37	0.959953
127	44	1.08915
127	49	0.990207
127	51	0.973694
127	53	1.04506
127	55	1.03495
127	59	1.03453
127	76	0.989439
127	78	1.01619
127	97	0.971588
127	115	0.942829
127	131	1.02428
127	142	0.969206
127	150	1.00912
127	155	0.943708
127	166	0.888554
127	172	1.01337
127	173	1.02843
127	174	1.02674
127	175	1.02092
127	176	1.0163
127	177	1.03437
127	179	1.02765
127	180	1.01478
128	10	1.00002
128	15	1.03574
128	24	0.948561
128	27	1.065
128	29	1.08082
128	36	0.896102
128	37	0.900257
128	44	1.02945
128	53	0.985368
128	55	0.975257
128	78	0.956498
128	80	1.05085
128	99	1.14383
128	113	1.08496
128	119	1.04268
128	122	1.00642
128	124	1.07309
128	131	0.96458
128	144	0.994797
128	164	0.984285
128	167	1.01891
128	171	0.967301
128	172	0.953675
128	173	0.968733
128	174	0.96704
128	175	0.961228
128	178	1.01861
128	179	0.967952
128	180	0.955085
129	8	0.970807
129	13	1.046
129	23	0.85821
129	44	0.950036
129	63	1.06549
129	77	0.985311
129	80	0.983529
129	97	1.00495
129	120	1.02105
129	123	1.07916
129	125	0.965717
129	130	1.00888
129	134	0.987468
129	135	0.985517
129	142	1.00549
129	143	1.0387
129	145	0.973827
129	161	1.00611
129	162	1.01552
129	165	1.00304
129	167	1.00367
129	170	0.983756
129	171	1.00356
129	173	1.00499
129	174	1.0033
129	175	0.997484
129	176	0.992858
129	178	1.05486
129	179	1.00421
129	180	0.991341
130	12	1.08012
130	16	0.976848
130	27	0.972049
130	34	0.968591
130	72	1.02141
130	76	0.980711
130	80	0.979961
130	88	1.03606
130	115	1.03528
130	122	1.00605
130	125	0.962149
130	129	1.00888
130	131	0.997267
130	132	1.00054
130	133	0.992188
130	134	0.9839
130	135	0.981949
130	142	1.00193
130	143	1.03513
130	149	0.944955
130	154	1.13431
130	160	0.986303
130	164	0.994929
130	165	0.996113
130	169	0.985525
130	171	0.979763
130	172	0.994933
130	176	0.974756
130	177	0.949214
130	178	1.05129
131	2	1.03493
131	6	1.02246
131	37	0.9249
131	44	1.0541
131	53	1.01001
131	55	0.9999
131	73	0.987001
131	77	0.973699
131	78	0.981141
131	88	1.02801
131	125	0.954104
131	127	1.02428
131	128	0.96458
131	130	0.997267
131	132	0.992499
131	135	0.973905
131	139	1.07727
131	142	0.993881
131	143	1.02709
131	152	0.988123
131	154	1.13223
131	158	0.991197
131	159	0.968034
131	164	0.99285
131	169	0.983446
131	171	0.977684
131	175	0.97605
131	177	0.947135
131	178	1.04325
131	180	0.992056
132	10	1.02794
132	27	0.96728
132	72	1.01665
132	76	0.975943
132	77	0.976975
132	80	0.975192
132	88	1.03129
132	96	0.940896
132	113	1.24303
132	115	1.03051
132	122	1.00128
132	125	0.95738
132	130	1.00054
132	131	0.992499
132	134	0.979131
132	135	0.97718
132	137	0.932102
132	141	1.01617
132	142	0.997157
132	143	1.03036
132	152	0.985969
132	157	1.03
132	158	0.989043
132	165	0.991879
132	169	0.981292
132	170	1.015
132	171	0.97553
132	174	0.98457
132	177	0.94498
132	178	1.04652
133	15	1.01117
133	58	0.980917
133	84	0.941504
133	87	0.957597
133	107	0.995473
133	111	1.02287
133	118	1.08878
133	121	1.01296
133	124	1.04852
133	130	0.992188
133	136	0.990204
133	143	0.926529
133	150	1.03316
133	156	0.971656
133	157	0.986098
133	158	0.993077
133	163	1.0028
133	165	1.00411
133	168	0.980332
133	169	1.00152
133	170	0.984828
133	171	1.00463
133	172	0.991003
133	173	1.00606
133	174	1.00437
133	175	0.998556
133	177	1.012
133	178	1.05593
133	179	1.00528
133	180	0.992413
134	16	0.955436
134	24	1.05462
134	27	0.950637
134	34	0.94718
134	54	0.97952
134	72	1
134	76	0.9593
134	77	0.960332
134	80	0.958549
134	88	1.01464
134	96	0.999017
134	114	0.996117
134	115	1.01387
134	122	0.984639
134	125	0.940737
134	129	0.987468
134	130	0.9839
134	132	0.979131
134	135	0.960538
134	136	1.07717
134	142	0.980514
134	143	1.01372
134	152	1.04409
134	159	1.024
134	160	1.04019
134	165	1.05
134	174	1.04269
134	175	1.03202
134	176	1.02864
134	178	1.02988
134	179	1.0243
135	16	0.953485
135	27	0.948686
135	34	0.945229
135	54	0.977569
135	60	0.900116
135	72	0.998052
135	76	0.957349
135	77	0.958381
135	80	0.956598
135	85	1.07777
135	88	1.01269
135	114	0.983343
135	115	1.01192
135	122	0.982688
135	129	0.985517
135	130	0.981949
135	131	0.973905
135	132	0.97718
135	134	0.960538
135	142	0.978563
135	143	1.01177
135	157	1.07535
135	159	1.01123
135	160	1.02742
135	168	1.20832
135	169	1.02664
135	171	1.02088
135	173	1.03018
135	174	1.02992
135	175	1.01924
135	178	1.02793
136	25	1.07309
136	26	0.911529
136	74	0.993248
136	76	1.04457
136	80	1.05737
136	101	1.01718
136	105	1.02418
136	119	1.04921
136	123	1.10093
136	133	0.990204
136	134	1.07717
136	142	1.02433
136	147	1.02471
136	151	0.996597
136	153	1.02255
136	156	0.947268
136	157	0.96171
136	163	0.978409
136	164	0.997224
136	165	0.979722
136	169	0.977129
136	170	0.96044
136	171	0.98024
136	172	0.966615
136	173	0.981673
136	174	0.97998
136	175	0.974168
136	176	0.969542
136	177	0.987613
136	179	0.980892
136	180	0.968025
137	19	1.00685
137	26	0.824585
137	27	0.984578
137	40	1.02269
137	54	0.955383
137	57	1.04017
137	88	0.910056
137	92	0.976102
137	119	0.962261
137	123	1.01398
137	132	0.932102
137	146	0.927952
137	149	1.05868
137	156	1.00176
137	157	1.0162
137	158	1.02318
137	159	1.0483
137	161	0.940933
137	167	0.938489
137	169	1.03162
137	170	1.01493
137	171	1.03473
137	172	1.0211
137	173	1.03616
137	174	1.03447
137	175	1.02866
137	176	1.02403
137	177	1.0421
137	178	1.08603
137	179	1.03538
137	180	1.02251
138	22	0.936013
138	33	0.943309
138	40	1.35758
138	41	1.00656
138	59	1.02145
138	60	0.951164
138	66	0.974023
138	98	0.972914
138	104	0.932216
138	112	0.910799
138	117	0.95987
138	119	0.953524
138	120	0.958579
138	126	1.02805
138	144	0.990519
138	145	0.98525
138	146	0.956342
138	147	0.938883
138	148	0.9739
138	149	1.03712
138	150	0.956218
138	151	1.07204
138	154	0.987795
138	161	0.943271
138	162	0.950807
138	164	1.08709
138	167	0.965131
138	168	0.94739
138	171	1.07192
138	172	1.08709
138	176	1.06692
138	180	1.0863
139	54	1.09839
139	58	1.06807
139	76	1.10063
139	84	1.02866
139	89	1.01441
139	100	0.978419
139	104	1.12539
139	116	1.04738
139	117	1.07878
139	131	1.07727
139	141	1.06283
139	143	1.01369
139	147	1.08077
139	149	0.980858
139	151	0.973263
139	153	0.999217
139	157	0.938376
139	158	0.945355
139	159	0.970481
139	160	0.958706
139	163	0.955074
139	164	0.97389
139	169	0.953794
139	170	0.937106
139	171	0.956906
139	173	0.958339
139	174	0.956646
139	175	0.950834
139	176	0.946208
139	177	0.964278
139	179	0.957558
139	180	0.944691
140	10	0.906142
140	22	0.982873
140	36	1.06645
140	52	0.920848
140	67	1.02802
140	70	0.901583
140	85	0.999184
140	102	1.04654
140	109	1.0369
140	125	0.958059
140	147	0.895346
140	150	0.934893
140	154	0.849161
140	157	1.03072
140	158	1.0377
140	159	1.06283
140	160	1.05105
140	161	0.898518
