1	47	0.724125
1	143	0.71592
1	150	0.727181
1	152	0.746222
1	154	0.710258
1	163	0.71695
1	164	0.719046
1	165	0.696534
1	168	0.719306
1	169	2.57642
1	170	2.5281
1	175	0.724602
2	67	0.826987
2	89	3.26
2	117	0.799382
2	125	0.799352
2	126	0.799853
2	128	0.797841
2	136	0.791734
2	139	0.955336
2	153	1.0969
2	158	0.803969
2	162	0.796828
2	171	0.783976
3	142	0.718625
3	144	2.3765
3	146	0.694652
3	151	0.688402
3	160	2.14204
3	170	0.731849
3	172	0.733212
3	173	0.72861
3	174	0.726668
3	176	0.726627
3	178	0.725101
3	179	0.726222
4	48	0.717284
4	122	0.693807
4	134	0.725933
4	136	0.725264
4	138	0.727097
4	144	0.718552
4	160	0.726599
4	163	0.715601
4	166	0.731904
4	167	2.68573
4	168	0.717957
4	169	2.39819
5	11	0.79635
5	17	0.655749
5	19	1.23105
5	34	0.773735
5	46	0.757406
5	61	0.813058
5	80	0.717276
5	147	0.759577
5	148	0.69936
5	165	1.69776
5	177	0.680946
5	180	3.00109
6	21	0.750129
6	32	0.716766
6	43	0.85011
6	67	0.79098
6	107	0.763049
6	158	0.767962
6	162	0.760822
6	165	1.36244
6	180	2.66577
7	69	0.743742
7	70	0.739144
7	96	0.725305
7	102	0.714044
7	106	0.748825
7	110	2.57771
7	114	0.704364
7	115	0.700132
7	116	0.699166
7	119	0.699901
7	153	2.53615
7	162	0.72535
8	97	0.732997
8	140	0.702227
8	142	0.714966
8	149	2.27835
8	157	0.710232
8	169	0.70827
8	170	0.728189
8	173	0.72495
8	174	0.723008
8	175	2.23733
8	177	0.733756
8	178	0.721441
9	61	1.01936
9	67	0.82965
9	99	1.32781
9	128	1.91751
9	144	0.787685
9	158	0.806632
9	162	0.799492
9	171	0.78664
9	175	0.792386
9	177	0.806948
9	178	0.794632
9	179	0.795753
10	64	0.68863
10	81	0.699854
10	99	0.724647
10	101	0.717289
10	112	0.742723
10	124	0.729095
10	125	0.725287
10	126	0.725787
10	128	0.723775
10	147	2.6729
10	162	0.722763
10	177	2.46643
11	5	0.79635
11	17	0.707295
11	34	0.82528
11	46	0.808951
11	61	0.864603
11	87	2.14212
11	108	1.6337
11	110	0.82462
11	118	0.814606
11	121	1.43182
11	147	0.811122
11	148	0.750905
12	92	0.810674
12	98	0.798621
12	152	0.819424
12	154	0.783461
12	160	0.80115
12	161	0.792398
12	163	0.790153
12	166	0.806455
12	169	1.83581
12	175	0.797804
12	176	1.69918
12	177	1.70312
13	28	2.39671
13	92	0.730692
13	101	2.00539
13	116	0.698744
13	119	0.699479
13	158	0.732068
13	160	0.721168
13	166	0.726473
13	170	0.726817
13	171	0.712076
13	177	0.732383
13	178	0.720068
14	30	0.69053
14	140	0.640466
14	141	0.659202
14	156	4.25612
14	157	0.648471
14	167	0.641189
14	170	0.666429
14	176	0.661207
14	177	0.671996
14	178	0.65968
14	179	0.660801
15	111	0.815885
15	121	0.800555
15	145	0.787084
15	149	1.43458
15	159	0.806812
15	160	1.37198
15	161	1.57475
15	169	0.784403
15	176	0.799101
15	177	0.80989
15	178	0.797575
15	179	0.798696
16	35	0.687656
16	69	0.757724
16	102	0.728026
16	106	0.762808
16	114	0.718347
16	115	0.714114
16	116	0.713149
16	119	0.713884
16	123	2.08897
16	162	0.739333
16	165	3.10018
16	180	0.664984
17	5	0.655749
17	11	0.707295
17	19	1.14199
17	34	0.684679
17	46	0.668351
17	56	0.662649
17	61	0.724002
17	87	2.71972
17	118	0.674005
17	146	2.34878
17	147	0.670521
17	148	0.610304
18	108	0.697734
18	136	2.41548
18	153	0.710975
18	157	0.705655
18	161	2.51212
18	169	0.703693
18	170	0.723612
18	172	0.724975
18	173	0.720374
18	176	0.71839
18	177	0.729179
18	179	0.717985
18	180	0.647375
19	5	1.23105
19	17	1.14199
19	34	0.628354
19	41	0.506141
19	46	0.612025
19	55	0.948674
19	61	0.655984
19	80	0.545236
19	86	8.8
19	110	0.606945
19	118	0.596931
19	147	0.593447
19	148	1.18561
20	81	0.759965
20	99	0.784758
20	101	0.777401
20	110	1.73851
20	112	0.802835
20	124	0.789207
20	125	0.785398
20	126	0.785899
20	128	0.783887
20	140	2.14402
20	162	0.782875
20	165	0.747701
20	179	1.79601
21	6	0.750129
21	32	0.716796
21	43	0.850139
21	67	0.79101
21	89	2.24591
21	107	0.763079
21	151	1.79587
21	158	0.767991
21	162	0.760851
22	65	0.820838
22	96	0.797827
22	102	0.786566
22	106	0.821348
22	114	0.776887
22	115	0.772654
22	116	0.771689
22	119	0.772424
22	123	1.4464
22	140	1.85111
22	151	0.756315
22	165	2.45761
22	180	0.723524
23	54	1.56539
23	57	1.75179
23	61	1.24684
23	70	0.808337
23	102	0.783237
23	121	0.792664
23	156	0.791071
23	161	0.782031
23	163	0.779786
23	164	0.781882
23	167	0.771192
23	178	0.789683
23	180	0.720194
24	51	0.717557
24	77	3.61183
24	103	0.702403
24	134	0.71138
24	138	0.712545
24	152	0.730321
24	160	0.712046
24	161	0.703294
24	163	0.701049
24	164	0.703145
24	168	0.703404
24	171	0.702954
24	172	1.87053
25	76	0.784217
25	91	0.79299
25	144	0.773966
25	145	1.83676
25	150	0.781245
25	156	0.7823
25	164	0.773111
25	166	0.787317
25	167	2.15285
25	168	0.77337
25	171	0.77292
25	174	1.64342
25	175	0.778666
26	44	2.10568
26	123	0.711283
26	137	0.707568
26	145	0.696765
26	159	0.716493
26	160	2.8184
26	169	0.694084
26	170	0.714004
26	172	0.715367
26	174	0.708822
26	176	0.708782
26	177	0.719571
26	178	0.707256
27	75	0.783523
27	83	1.95128
27	108	0.763984
27	114	0.90934
27	140	0.7639
27	154	1.89435
27	167	0.764623
27	170	0.789862
27	173	0.786623
27	176	0.78464
27	177	0.795429
27	178	0.783114
27	179	0.784235
28	13	2.39671
28	49	0.771279
28	54	0.768439
28	81	0.76358
28	99	0.788373
28	101	0.781015
28	112	0.806449
28	124	0.792821
28	125	0.789013
28	128	0.787501
28	147	1.71686
28	165	0.751316
28	174	1.4212
29	88	0.759969
29	132	1.86158
29	136	0.785944
29	141	1.88832
29	156	0.787567
29	161	0.778527
29	163	0.776282
29	164	0.778378
29	166	0.792584
29	168	0.778637
29	171	0.778187
29	175	0.783933
29	178	1.88443
30	14	0.69053
30	51	1.72198
30	79	0.780973
30	132	0.778644
30	153	0.786785
30	154	1.67475
30	158	1.38505
30	167	0.774182
30	172	0.800785
30	173	0.796183
30	174	0.79424
30	177	0.804989
30	178	0.792674
31	72	2.31097
31	101	0.714372
31	115	0.694627
31	116	0.693661
31	124	0.726177
31	126	0.72287
31	128	0.720858
31	168	2.61728
31	172	0.723097
31	176	0.716512
31	177	0.727301
31	178	0.714986
31	180	0.645496
32	6	0.716766
32	21	0.716796
32	38	0.616245
32	43	0.816776
32	55	0.655649
32	56	0.721019
32	60	0.608507
32	67	0.757647
32	107	0.729716
32	148	1.99012
32	158	0.734628
32	162	0.727488
32	180	3.60892
33	105	1.851
33	137	0.764626
33	141	0.763835
33	155	0.75118
33	157	0.753104
33	161	1.62199
33	163	1.70118
33	169	0.751142
33	170	0.771062
33	172	0.772425
33	174	0.76588
33	176	0.76584
33	177	0.776629
33	178	0.764314
34	5	0.773735
34	11	0.82528
34	17	0.684679
34	19	0.628354
34	46	0.786336
34	61	0.841987
34	80	0.746206
34	110	0.802004
34	118	0.79199
34	139	1.73057
34	147	0.788507
34	148	0.728289
34	167	2.32912
34	170	1.99326
35	16	0.687656
35	69	0.738258
35	71	0.685369
35	96	0.719821
35	106	0.743342
35	114	0.69888
35	115	0.694648
35	116	0.693682
35	119	0.694417
35	133	2.66782
35	146	3.2133
35	151	0.678308
35	162	0.719867
35	180	0.645517
36	98	2.52583
36	139	0.710907
36	142	0.701599
36	149	2.7763
36	155	0.694941
36	167	0.689583
36	169	0.694903
36	170	0.714823
36	172	0.716185
36	173	0.711584
36	174	0.709641
36	178	0.708074
36	179	0.709195
36	180	0.638585
37	69	0.798018
37	71	0.74513
37	96	0.779582
37	102	0.768321
37	106	0.803102
37	110	1.94705
37	114	0.758641
37	115	0.754409
37	116	0.753443
37	119	0.754178
37	147	2.14871
37	162	0.779627
37	179	2.00456
37	180	0.705278
38	32	0.616245
38	67	0.690459
38	86	0.529837
38	124	5.45795
38	144	0.648494
38	155	0.642307
38	156	0.656829
38	158	0.667441
38	161	0.647789
38	162	0.660301
38	170	0.662189
38	174	0.657008
38	175	0.653195
38	177	0.667756
39	67	1.07292
39	97	0.779206
39	98	2.01977
39	113	0.747233
39	121	0.770631
39	129	0.731916
39	141	0.767172
39	162	1.97668
39	167	0.749159
39	174	0.769217
39	176	0.769177
39	177	0.779966
39	178	0.767651
39	179	0.768771
40	78	1.80523
40	103	0.761838
40	131	0.755846
40	136	0.770146
40	150	0.770714
40	154	0.753792
40	160	0.771481
40	161	0.762729
40	163	0.760484
40	164	0.76258
40	171	0.762389
40	175	0.768135
40	177	2.10254
40	178	2.125
41	19	0.506141
41	57	2.45519
41	99	2.25869
41	114	0.756312
41	116	0.751114
41	138	0.774037
41	149	0.778458
41	171	0.764446
41	172	0.78055
41	173	0.775948
41	175	0.770193
41	178	0.772439
41	179	0.77356
41	180	0.702949
42	51	0.71145
42	56	2.60888
42	74	3.26009
42	76	0.708144
42	134	0.705273
42	149	0.710858
42	150	0.705172
42	151	0.66814
42	154	0.688249
42	161	0.697187
42	163	0.694941
42	166	0.711244
42	171	0.696847
42	175	0.702593
43	6	0.85011
43	21	0.850139
43	32	0.816776
43	67	0.890991
43	107	0.863059
43	151	1.55896
43	158	0.867972
43	162	0.860832
43	165	0.899459
43	180	2.20279
44	26	2.10568
44	80	2.12101
44	131	0.752494
44	134	0.767463
44	138	0.768627
44	154	0.75044
44	158	0.779029
44	160	0.768129
44	163	0.757132
44	166	0.773434
44	167	1.65315
44	168	0.759487
44	171	0.759037
44	175	0.764783
45	57	0.740524
45	64	0.734572
45	81	0.745795
45	99	0.770588
45	101	0.763231
45	112	0.788665
45	124	0.775036
45	125	0.771228
45	126	0.771729
45	128	0.769717
45	151	2.38683
45	162	0.768704
45	170	0.794888
45	180	3.03066
46	5	0.757406
46	11	0.808951
46	17	0.668351
46	19	0.612025
46	34	0.786336
46	56	0.764306
46	61	0.825659
46	80	0.729877
46	107	1.31941
46	110	0.785676
46	118	0.775662
46	147	0.772178
46	148	0.711961
46	151	2.98293
46	165	2.32343
47	1	0.724125
47	48	0.750887
47	73	0.720411
47	136	0.758867
47	149	0.765121
47	155	2.09633
47	156	0.76049
47	160	0.760201
47	163	0.749204
47	164	0.7513
47	168	0.751559
47	169	2.21239
47	171	0.751109
47	172	2.12145
47	175	0.756856
48	4	0.717284
48	47	0.750887
48	52	2.10958
48	78	2.15481
48	79	2.13712
48	98	0.752181
48	105	0.743138
48	117	0.761023
48	143	0.742682
48	156	0.754998
48	158	0.76561
48	160	0.754709
48	166	0.760014
48	168	0.746067
48	175	0.751364
49	28	0.771279
49	50	1.94252
49	57	0.728154
49	64	0.722201
49	81	0.733425
49	99	0.758218
49	101	0.75086
49	107	2.13692
49	112	0.776294
49	113	2.40504
49	124	0.762666
49	125	0.758858
49	126	0.759358
49	128	0.757346
49	165	0.721161
50	49	1.94252
50	84	0.737904
50	141	0.752162
50	155	0.739507
50	164	1.98206
50	167	0.734149
50	169	0.739469
50	172	0.760752
50	173	0.75615
50	174	0.754207
50	175	1.7856
50	176	0.754167
50	177	0.764956
50	178	0.752641
50	179	0.753762
51	24	0.717557
51	30	1.72198
51	42	0.71145
51	138	0.770033
51	143	0.757507
51	154	0.751846
51	156	0.769823
51	161	0.760783
51	164	0.760634
51	166	0.77484
51	171	0.760443
51	173	2.22682
51	175	0.766189
51	176	2.33615
51	180	0.698946
52	48	2.10958
52	76	1.71854
52	120	0.730393
52	140	0.734966
52	142	0.747705
52	155	0.741047
52	157	0.742971
52	159	0.763417
52	163	1.88506
52	170	0.760929
52	173	0.75769
52	174	0.755747
52	176	0.755707
52	178	0.75418
52	179	0.755301
53	63	0.581736
53	86	0.528856
53	99	0.661204
53	114	5.83777
53	125	0.661844
53	126	0.662344
53	128	0.660332
53	143	0.643532
53	144	0.647513
53	149	0.66048
53	170	0.661209
53	174	0.656027
53	175	0.652214
53	176	0.655987
53	177	0.666776
54	23	1.56539
54	28	0.768439
54	57	0.725313
54	81	0.730584
54	99	0.755377
54	101	0.74802
54	112	0.773454
54	124	0.759825
54	125	0.756017
54	126	0.756518
54	128	0.754506
54	147	1.69275
54	151	3.1626
54	162	0.753493
54	165	0.71832
55	19	0.948674
55	32	0.655649
55	67	0.729863
55	89	0.630946
55	115	4.85018
55	158	0.706844
55	159	0.704082
55	162	0.699704
55	166	0.701249
55	168	0.687302
55	170	0.701593
55	171	0.686852
55	175	0.692599
55	177	0.70716
55	179	0.695966
56	17	0.662649
56	32	0.721019
56	42	2.60888
56	46	0.764306
56	61	0.819958
56	67	0.795233
56	89	0.696316
56	133	0.76033
56	136	1.63954
56	148	0.70626
56	152	1.47696
56	158	0.772215
56	162	0.765074
56	177	0.77253
56	179	0.761336
57	23	1.75179
57	41	2.45519
57	45	0.740524
57	49	0.728154
57	54	0.725313
57	64	0.709231
57	81	0.720454
57	99	0.745248
57	101	0.73789
57	112	0.763324
57	124	0.749696
57	125	0.745888
57	126	0.746388
57	128	0.744376
57	148	2.37403
57	162	0.743364
58	76	1.89105
58	116	2.142
58	133	0.736972
58	135	0.754745
58	141	0.736378
58	167	0.718365
58	168	1.92009
58	169	0.723685
58	170	0.743605
58	172	0.744967
58	173	0.740366
58	174	0.738423
58	176	0.738383
58	177	0.749172
58	178	0.736856
58	179	0.737977
59	67	1.19652
59	99	0.742138
59	102	2.51741
59	106	2.16233
59	124	0.746586
59	125	0.742778
59	126	0.743278
59	130	0.727567
59	149	0.741414
59	159	0.744631
59	166	0.741799
59	168	0.727852
59	174	0.736961
59	175	0.733148
59	178	0.735394
59	179	0.736515
60	32	0.608507
60	67	0.682721
60	77	0.568681
60	112	0.672523
60	124	0.658895
60	126	0.655587
60	128	0.653575
60	135	0.665592
60	158	0.659703
60	162	0.652563
60	169	0.634532
60	171	5.85382
60	177	0.660018
60	179	0.648824
60	180	0.578213
61	5	0.813058
61	9	1.01936
61	11	0.864603
61	17	0.724002
61	19	0.655984
61	23	1.24684
61	34	0.841987
61	46	0.825659
61	56	0.819958
61	80	0.785529
61	89	3.29409
61	110	0.841327
61	118	0.831313
61	141	1.19409
61	147	0.82783
61	148	0.767612
62	83	0.732603
62	92	0.75512
62	103	0.735953
62	129	2.55777
62	143	0.733569
62	144	0.73755
62	150	0.744829
62	154	0.727907
62	160	0.745596
62	163	0.734599
62	164	0.736695
62	168	0.736954
62	169	2.16571
62	170	2.11739
62	171	0.736504
62	175	0.74225
63	53	0.581736
63	88	3.43858
63	132	0.675071
63	133	0.689216
63	135	0.70699
63	140	0.669887
63	141	0.688622
63	146	0.658652
63	157	0.677891
63	162	3.06487
63	172	0.697212
63	173	0.69261
63	174	0.690667
63	176	0.690627
63	177	0.701416
63	178	0.689101
63	179	0.690222
64	10	0.68863
64	45	0.734572
64	49	0.722201
64	57	0.709231
64	81	0.714502
64	99	0.739295
64	101	0.731938
64	112	0.757371
64	124	0.743743
64	125	0.739935
64	126	0.740436
64	128	0.738424
64	159	1.64541
64	162	0.737411
64	165	0.702238
64	170	1.72716
64	180	3.96292
65	22	0.820838
65	69	0.8129
65	70	0.808303
65	71	0.760011
65	96	0.794464
65	102	0.783202
65	106	0.817984
65	114	0.773523
65	115	0.76929
65	116	0.768325
65	119	0.76906
65	133	1.25189
65	157	1.86989
65	158	0.801649
65	165	2.63728
65	170	1.70484
65	180	0.72016
66	74	0.647074
66	97	0.699178
66	124	2.67105
66	130	3.84857
66	133	0.687737
66	142	0.681147
66	148	0.633667
66	153	0.681733
66	157	0.676413
66	159	0.696859
66	167	0.669131
66	169	0.674451
66	172	0.695733
66	173	0.691131
66	176	0.689148
66	178	0.687622
66	179	0.688743
67	2	0.826987
67	6	0.79098
67	9	0.82965
67	21	0.79101
67	32	0.757647
67	38	0.690459
67	39	1.07292
67	43	0.890991
67	55	0.729863
67	56	0.795233
67	59	1.19652
67	60	0.682721
67	107	0.80393
67	158	0.808843
67	162	0.801702
67	165	1.82772
67	180	3.13105
68	92	0.733636
68	98	0.721583
68	122	0.69132
68	133	2.32422
68	144	0.716065
68	149	0.729031
68	152	0.742386
68	154	0.706422
68	156	0.7244
68	160	0.724112
68	161	0.71536
68	164	0.71521
68	166	0.729416
68	168	0.715469
68	171	0.715019
68	174	2.60359
68	175	0.720766
68	178	2.71524
69	7	0.743742
69	16	0.757724
69	35	0.738258
69	37	0.798018
69	65	0.8129
69	96	0.78989
69	102	0.778629
69	104	1.52198
69	106	0.81341
69	114	0.768949
69	115	0.764716
69	116	0.763751
69	119	0.764486
69	147	1.99691
69	148	2.49178
69	162	0.789935
69	179	1.85275
69	180	0.715586
70	7	0.739144
70	23	0.808337
70	65	0.808303
70	74	1.9055
70	96	0.785292
70	102	0.774031
70	106	0.808813
70	114	0.764351
70	115	0.760119
70	116	0.759153
70	119	0.759888
70	142	1.72857
70	148	2.36785
70	151	0.743779
70	158	0.792478
70	162	0.785338
70	169	1.7992
70	180	0.710988
71	35	0.685369
71	37	0.74513
71	65	0.760011
71	80	0.696148
71	96	0.737001
71	102	0.72574
71	106	0.760521
71	114	0.71606
71	115	0.711828
71	116	0.710862
71	119	0.711597
71	151	0.695488
71	158	0.744186
71	162	0.737046
71	172	2.58376
71	174	2.45281
71	179	2.60432
71	180	0.662697
72	31	2.31097
72	103	0.767833
72	118	1.57374
72	131	0.76184
72	136	0.776141
72	142	1.84585
72	143	0.765448
72	145	1.88794
72	149	0.782395
72	154	0.759786
72	156	0.777763
72	160	0.777475
72	161	0.768723
72	164	0.768574
72	166	0.78278
72	168	0.768833
72	171	0.768383
72	175	0.77413
73	47	0.720411
73	83	0.71124
73	90	0.700373
73	130	0.715307
73	138	0.724732
73	142	2.6835
73	145	2.72559
73	149	0.729153
73	151	0.686435
73	152	0.742508
73	154	0.706544
73	163	0.713236
73	164	0.715332
73	166	0.729538
73	168	0.715591
73	171	0.715141
73	175	0.720888
73	176	2.6175
73	180	0.653644
74	42	3.26009
74	66	0.647074
74	70	1.9055
74	120	0.69749
74	140	0.702063
74	145	0.710787
74	150	2.29285
74	153	0.715389
74	157	0.710068
74	159	0.730514
74	167	0.702786
74	169	0.708106
74	170	0.728026
74	173	0.724787
74	174	0.722844
74	176	0.722803
74	177	0.733592
74	178	0.721277
74	179	0.722398
75	27	0.783523
75	123	0.766261
75	129	0.726499
75	135	0.780122
75	137	0.762546
75	140	0.743019
75	141	0.761755
75	145	0.751743
75	146	0.731784
75	158	1.77798
75	159	0.77147
75	162	1.48948
75	163	2.0024
75	167	0.743742
75	170	0.768982
75	172	0.770344
75	175	1.74201
75	176	0.76376
75	177	0.774549
76	25	0.784217
76	42	0.708144
76	52	1.71854
76	58	1.89105
76	103	0.756586
76	131	0.750594
76	144	0.758182
76	149	0.771149
76	150	0.765462
76	152	0.784503
76	154	0.74854
76	157	2.31051
76	160	0.766229
76	161	0.757477
76	166	0.771534
76	168	0.757587
76	171	0.757137
76	174	1.97188
76	175	0.762883
77	24	3.61183
77	60	0.568681
77	91	3.44567
77	94	0.696205
77	123	0.68683
77	135	0.700691
77	139	0.685635
77	140	0.663589
77	142	0.676327
77	145	0.672312
77	167	0.664311
77	169	0.669631
77	170	0.689551
77	172	0.690913
77	174	0.684369
77	176	0.684329
77	178	0.682802
77	179	0.683923
78	40	1.80523
78	48	2.15481
78	106	0.787633
78	112	0.784118
78	114	0.743172
78	115	0.738939
78	116	0.737974
78	119	0.738708
78	124	0.77049
78	125	0.766681
78	126	0.767182
78	128	0.76517
78	132	0.745269
78	149	1.71093
78	160	1.64832
78	170	0.766046
78	172	0.767409
78	174	0.760865
78	179	0.760419
79	30	0.780973
79	48	2.13712
79	102	1.8168
79	132	0.736094
79	135	0.768012
79	137	0.750436
79	142	0.743648
79	143	1.9198
79	146	0.719675
79	147	0.756386
79	158	1.68817
79	159	0.759361
79	167	0.731632
79	169	0.736952
79	172	0.758235
79	173	0.753633
79	174	0.75169
79	176	0.75165
79	178	0.750124
79	179	0.751244
80	5	0.717276
80	19	0.545236
80	34	0.746206
80	44	2.12101
80	46	0.729877
80	61	0.785529
80	71	0.696148
80	103	2.81377
80	114	0.709659
80	115	0.705427
80	119	0.705196
80	145	0.715295
80	147	0.732048
80	148	0.671831
80	152	2.77728
80	157	0.714577
80	169	0.712614
80	173	0.729295
80	179	0.726907
80	180	0.656296
81	10	0.699854
81	20	0.759965
81	28	0.76358
81	45	0.745795
81	49	0.733425
81	54	0.730584
81	57	0.720454
81	64	0.714502
81	99	0.750518
81	101	0.743161
81	112	0.768595
81	124	0.754966
81	125	0.751158
81	126	0.751659
81	128	0.749647
81	137	1.27151
81	147	1.44758
81	151	2.91743
81	162	0.748635
81	165	0.713461
81	180	3.56125
82	85	0.723604
82	97	0.755872
82	111	0.762626
82	113	0.723898
82	114	1.50743
82	123	0.748343
82	125	2.16968
82	132	0.730286
82	146	0.713867
82	153	0.738427
82	155	0.731182
82	156	1.98432
82	159	0.753553
82	160	2.1452
82	169	0.731144
82	170	0.751064
82	172	0.752427
82	173	0.747825
82	174	0.745882
82	176	0.745842
82	178	0.744316
83	27	1.95128
83	62	0.732603
83	73	0.71124
83	87	0.733578
83	92	0.760555
83	105	0.739459
83	122	0.718239
83	130	0.742104
83	135	2.13502
83	138	0.751529
83	149	0.75595
83	154	0.733341
83	160	0.751031
83	161	0.742279
83	163	0.740033
83	164	0.74213
83	166	0.756336
83	169	2.4825
83	171	0.741939
83	174	2.26061
83	175	0.747685
84	50	0.737904
84	110	0.766847
84	137	0.7474
84	139	0.74992
84	140	0.727874
84	143	2.10927
84	145	0.736597
84	146	0.716638
84	150	1.92835
84	153	0.741199
84	154	2.16735
84	155	0.733954
84	165	0.716774
84	167	0.728596
84	169	0.733916
84	171	1.61819
84	172	0.755199
84	173	0.750597
84	174	0.748654
84	176	0.748614
84	177	0.759403
85	82	0.723604
85	133	0.741228
85	137	0.741426
85	140	0.721899
85	141	0.740634
85	142	0.734638
85	145	0.730623
85	146	0.710664
85	147	0.747375
85	154	2.37183
85	156	1.8637
85	157	0.729904
85	159	0.75035
85	168	2.16907
85	169	0.727942
85	170	0.747861
85	171	1.82267
85	174	0.74268
85	176	0.742639
85	177	0.753428
85	178	0.741113
85	180	0.671624
86	19	8.8
86	38	0.529837
86	53	0.528856
86	101	0.635607
86	112	0.661041
86	124	0.647412
86	125	0.643604
86	126	0.644105
86	128	0.642093
86	129	0.600486
86	131	0.621685
86	135	0.65411
86	152	0.655595
86	160	0.63732
86	164	0.628419
86	171	0.628228
86	172	0.644332
86	173	0.63973
86	175	0.633975
86	176	0.637747
86	177	0.648536
86	179	0.637342
87	11	2.14212
87	17	2.71972
87	83	0.733578
87	96	0.750286
87	102	0.739025
87	109	0.729538
87	112	2.41765
87	114	0.729345
87	115	0.725113
87	119	0.724882
87	124	1.23276
87	146	0.715023
87	149	0.751491
87	151	0.708773
87	158	0.757472
87	161	0.73782
87	171	0.737479
87	173	0.748981
87	175	0.743226
87	178	0.745472
87	179	0.746593
87	180	0.675982
88	29	0.759969
88	63	3.43858
88	97	1.76714
88	117	0.743027
88	122	0.703922
88	131	0.721079
88	134	0.736048
88	144	0.728667
88	147	0.741876
88	149	0.741634
88	152	0.754988
88	153	2.05163
88	154	0.719025
88	156	0.737002
88	161	0.727962
88	163	0.725717
88	164	0.727813
88	166	0.742019
88	168	0.728072
88	171	0.727622
88	173	1.9751
88	175	0.733368
89	2	3.26
89	21	2.24591
89	55	0.630946
89	56	0.696316
89	61	3.29409
89	97	0.709482
89	108	0.678796
89	123	0.701953
89	133	0.698041
89	139	0.700759
89	153	0.692037
89	157	0.686717
89	159	0.707163
89	167	0.679435
89	170	0.704674
89	172	0.706037
89	173	0.701435
89	174	0.699493
89	176	0.699452
89	177	0.710241
89	178	0.697926
89	179	0.699047
90	73	0.700373
90	93	0.755195
90	122	0.707372
90	131	0.724529
90	134	0.739498
90	136	0.738829
90	143	0.728136
90	149	0.745084
90	150	0.739397
90	153	2.3649
90	154	0.722475
90	156	0.740452
90	158	0.751064
90	161	0.731412
90	164	0.731263
90	166	0.745469
90	168	0.731522
90	171	0.731072
90	173	2.28837
90	174	2.31246
90	175	0.736818
90	178	2.42411
91	25	0.79299
91	77	3.44567
91	100	0.766224
91	104	1.39416
91	122	0.74221
91	131	0.759367
91	136	0.773667
91	137	1.693
91	138	0.7755
91	144	0.766955
91	149	0.779922
91	150	0.774235
91	156	0.77529
91	160	0.775002
91	163	0.764005
91	164	0.766101
91	166	0.780307
91	168	0.76636
91	171	0.76591
91	172	1.70437
91	173	1.54933
91	175	0.771656
91	180	0.704413
92	12	0.810674
92	13	0.730692
92	62	0.75512
92	68	0.733636
92	83	0.760555
92	94	1.66038
92	95	1.92278
92	120	2.07014
92	129	2.36614
92	131	0.757913
92	136	0.772214
92	143	0.761521
92	150	0.772782
92	152	0.791823
92	156	0.773836
92	160	0.773548
92	161	0.764796
92	163	0.762551
92	166	0.778853
92	168	0.764906
92	171	0.764456
92	172	1.88314
92	175	0.770203
93	90	0.755195
93	103	0.769413
93	111	1.66103
93	122	0.746263
93	129	2.39965
93	130	0.770129
93	138	0.779554
93	141	1.90125
93	146	2.05181
93	147	0.784218
93	150	0.778289
93	154	0.761366
93	156	0.779343
93	160	0.779055
93	161	0.770303
93	164	0.770154
93	165	0.747642
93	166	0.78436
93	168	0.770413
93	171	0.769963
93	175	0.77571
93	178	1.89736
93	180	0.708466
94	77	0.696205
94	92	1.66038
94	106	1.59571
94	109	0.759294
94	113	0.75481
94	133	0.775343
94	134	1.88093
94	138	1.90858
94	139	0.77806
94	141	0.774749
94	142	0.768752
94	145	0.764737
94	146	0.744779
94	155	0.762094
94	159	0.784465
94	169	0.762056
94	170	0.781976
94	171	1.56271
94	174	0.776794
94	176	0.776754
94	177	0.787543
94	178	0.775228
94	179	0.776349
95	92	1.92278
95	122	2.55618
95	127	0.727627
95	132	0.718357
95	133	0.732501
95	135	0.750275
95	140	0.713172
95	142	0.725911
95	153	0.726497
95	155	0.719253
95	157	0.721177
95	159	0.741623
95	164	2.24506
95	166	2.04781
95	167	0.713895
95	169	0.719215
95	170	0.739134
95	172	0.740497
95	173	0.735895
95	176	0.733912
95	177	0.744701
95	179	0.733507
95	180	0.662896
96	7	0.725305
96	22	0.797827
96	35	0.719821
96	37	0.779582
96	65	0.794464
96	69	0.78989
96	70	0.785292
96	71	0.737001
96	87	0.750286
96	102	0.760192
96	106	0.794974
96	107	1.76127
96	114	0.750512
96	115	0.74628
96	116	0.745314
96	119	0.746049
96	123	1.75408
96	148	2.44981
96	151	0.72994
96	158	0.778639
96	162	0.771498
96	165	2.76528
96	178	1.77093
96	180	0.697149
97	8	0.732997
97	39	0.779206
97	66	0.699178
97	82	0.755872
97	88	1.76714
97	89	0.709482
97	102	1.81055
97	108	0.75425
97	120	0.749593
97	123	0.777408
97	129	0.737646
97	131	2.03008
97	132	0.759351
97	139	0.776213
97	155	0.760247
97	166	1.64517
97	167	0.754889
97	168	1.76887
97	169	0.760209
97	172	0.781491
97	173	0.77689
97	174	0.774947
97	177	0.785696
97	179	0.774501
98	12	0.798621
98	36	2.52583
98	39	2.01977
98	48	0.752181
98	68	0.721583
98	105	0.749924
98	117	0.767809
98	131	0.74586
98	134	0.760829
98	144	0.753449
98	145	1.86191
98	150	0.760729
98	152	0.77977
98	156	0.761784
98	160	0.761495
98	161	0.752744
98	163	0.750498
98	164	0.752594
98	166	0.7668
98	168	0.752853
98	170	1.84214
98	171	0.752403
98	172	1.79952
98	175	0.75815
99	9	1.32781
99	10	0.724647
99	20	0.784758
99	28	0.788373
99	41	2.25869
99	45	0.770588
99	49	0.758218
99	53	0.661204
99	54	0.755377
99	57	0.745248
99	59	0.742138
99	64	0.739295
99	81	0.750518
99	101	0.767954
99	110	1.481
99	111	1.26232
99	112	0.793388
99	124	0.77976
99	125	0.775951
99	126	0.776452
99	128	0.77444
99	162	0.773428
99	165	0.738254
99	180	3.79633
100	91	0.766224
100	107	0.761234
100	122	0.722455
100	123	2.1584
100	130	0.74632
100	131	0.739611
100	136	0.753912
100	138	0.755745
100	143	0.743219
100	144	0.7472
100	152	0.773521
100	153	2.11604
100	154	0.737557
100	155	2.16942
100	156	0.755535
100	160	0.755246
100	161	0.746495
100	163	0.744249
100	164	0.746345
100	166	0.760551
100	168	0.746604
100	171	0.746154
100	175	0.751901
100	176	2.14884
100	178	2.17525
101	10	0.717289
101	13	2.00539
101	20	0.777401
101	28	0.781015
101	31	0.714372
101	45	0.763231
101	49	0.75086
101	54	0.74802
101	57	0.73789
101	64	0.731938
101	81	0.743161
101	86	0.635607
101	99	0.767954
101	112	0.78603
101	113	1.39999
101	118	0.770956
101	124	0.772402
101	125	0.768594
101	126	0.769095
101	128	0.767082
101	151	2.79539
101	159	1.12171
101	162	0.76607
101	165	0.730897
101	180	3.43922
102	7	0.714044
102	16	0.728026
102	22	0.786566
102	23	0.783237
102	37	0.768321
102	59	2.51741
102	65	0.783202
102	69	0.778629
102	70	0.774031
102	71	0.72574
102	79	1.8168
102	87	0.739025
102	96	0.760192
102	97	1.81055
102	106	0.783712
102	114	0.739251
102	115	0.735019
102	116	0.734053
102	119	0.734788
102	151	0.718679
102	158	0.767378
102	159	2.13442
102	162	0.760237
102	173	2.01852
102	180	0.685888
103	24	0.702403
103	40	0.761838
103	62	0.735953
103	72	0.767833
103	76	0.756586
103	80	2.81377
103	93	0.769413
103	105	0.74281
103	134	0.753715
103	137	1.95607
103	138	0.75488
103	152	0.772656
103	154	0.736692
103	156	0.754669
103	160	0.754381
103	161	0.745629
103	163	0.743384
103	164	0.74548
103	166	0.759686
103	168	0.745739
103	171	0.745289
103	175	0.751036
103	176	1.92173
103	177	1.92568
103	179	1.98799
104	69	1.52198
104	91	1.39416
104	120	0.760869
104	137	0.784968
104	138	1.82113
104	139	0.787489
104	140	0.765442
104	141	0.784177
104	145	0.774165
104	155	0.771522
104	156	1.51629
104	157	0.773447
104	159	0.793893
104	161	1.87995
104	165	0.754342
104	166	1.69796
104	167	0.766165
104	169	0.771485
104	170	0.791404
104	172	0.792767
104	173	0.788165
104	174	0.786223
104	176	0.786182
104	177	0.796971
104	178	0.784656
104	179	0.785777
105	33	1.851
105	48	0.743138
105	83	0.739459
105	98	0.749924
105	103	0.74281
105	117	0.758766
105	130	0.743526
105	133	2.00885
105	136	0.751118
105	138	0.752951
105	143	0.740425
105	144	0.744406
105	148	0.697398
105	149	0.757372
105	150	0.751686
105	152	0.770727
105	156	0.75274
105	161	0.7437
105	163	0.741455
105	168	0.74381
105	171	0.74336
105	172	2.41917
105	173	2.26414
105	175	0.749107
105	179	2.43973
105	180	0.681863
106	7	0.748825
106	16	0.762808
106	22	0.821348
106	35	0.743342
106	37	0.803102
106	59	2.16233
106	65	0.817984
106	69	0.81341
106	70	0.808813
106	71	0.760521
106	78	0.787633
106	94	1.59571
106	96	0.794974
106	102	0.783712
106	107	1.78951
106	114	0.774033
106	115	0.7698
106	116	0.768835
106	119	0.76957
106	145	1.88086
106	151	0.753461
106	155	1.79334
106	158	0.802159
106	162	0.795019
106	178	1.79917
106	180	0.72067
107	6	0.763049
107	21	0.763079
107	32	0.729716
107	43	0.863059
107	46	1.31941
107	49	2.13692
107	67	0.80393
107	96	1.76127
107	100	0.761234
107	106	1.78951
107	112	1.8826
107	115	1.56343
107	132	0.754882
107	158	0.780911
107	161	0.761259
107	162	0.773771
107	163	0.759014
107	164	0.76111
107	168	0.761369
107	170	0.77566
107	171	0.760919
107	172	0.777023
107	173	0.772421
107	174	0.770478
107	175	0.766666
107	176	0.770438
107	179	0.770033
108	11	1.6337
108	18	0.697734
108	27	0.763984
108	89	0.678796
108	97	0.75425
108	111	0.761005
108	120	0.718907
108	123	0.746722
108	137	0.743007
108	139	0.745527
108	141	0.742216
108	142	0.736219
108	144	2.21951
108	145	0.732204
108	148	0.688739
108	154	2.33229
108	157	0.731485
108	158	2.04259
108	159	0.751931
108	166	2.00584
108	167	0.724203
108	170	0.749443
108	173	0.746204
108	174	0.744261
108	176	0.74422
108	177	0.75501
108	179	0.743815
109	87	0.729538
109	94	0.759294
109	113	0.725473
109	120	0.722104
109	122	2.33133
109	132	0.731861
109	133	0.746006
109	136	1.90832
109	139	0.748723
109	144	2.03664
109	146	0.715442
109	155	0.732757
109	157	0.734681
109	161	2.00495
109	165	0.715577
109	166	1.82296
109	167	0.727399
109	169	0.732719
109	170	0.752639
109	172	0.754002
109	173	0.7494
109	174	0.747457
109	176	0.747417
109	177	0.758206
109	178	0.745891
109	179	0.747011
109	180	0.676401
110	7	2.57771
110	11	0.82462
110	19	0.606945
110	20	1.73851
110	34	0.802004
110	37	1.94705
110	46	0.785676
110	61	0.841327
110	84	0.766847
110	99	1.481
110	124	0.689722
110	128	2.0707
110	143	0.770657
110	147	0.787847
110	148	0.727629
110	155	0.768451
110	156	0.782972
110	157	0.770375
110	160	0.782684
110	163	0.771687
110	170	0.788333
110	171	0.773592
110	172	0.789696
110	173	0.785094
110	175	0.779338
110	178	0.781584
110	180	0.712095
111	15	0.815885
111	82	0.762626
111	93	1.66103
111	99	1.26232
111	108	0.761005
111	123	0.784163
111	128	1.85202
111	129	0.7444
111	132	0.766106
111	142	0.77366
111	145	0.769645
111	146	0.749686
111	152	1.67532
111	153	0.774247
111	155	0.767002
111	163	2.01373
111	166	1.75255
111	167	0.761644
111	169	0.766964
111	170	0.786884
111	172	0.788246
111	174	0.781702
111	176	0.781661
111	177	0.792451
111	178	0.780135
111	179	0.781256
111	180	0.710646
112	10	0.742723
112	20	0.802835
112	28	0.806449
112	45	0.788665
112	49	0.776294
112	54	0.773454
112	57	0.763324
112	60	0.672523
112	64	0.757371
112	78	0.784118
112	81	0.768595
112	86	0.661041
112	87	2.41765
112	99	0.793388
112	101	0.78603
112	107	1.8826
112	118	0.79639
112	121	1.70735
112	124	0.797836
112	125	0.794028
112	126	0.794529
112	128	0.792516
112	135	1.65502
112	162	0.791504
112	165	0.756331
112	174	1.78061
112	179	1.93212
113	39	0.747233
113	49	2.40504
113	82	0.723898
113	94	0.75481
113	101	1.39999
113	109	0.725473
113	117	2.07669
113	121	0.744388
113	129	0.705672
113	132	0.727378
113	139	0.74424
113	142	0.734932
113	146	0.710958
113	153	0.735519
113	155	0.728274
113	166	2.24733
113	167	0.722916
113	169	0.728236
113	170	0.748156
113	172	0.749518
113	173	0.744917
113	174	0.742974
113	175	2.24812
113	176	0.742933
113	177	0.753723
113	178	0.741407
113	179	0.742528
114	7	0.704364
114	16	0.718347
114	22	0.776887
114	27	0.90934
114	35	0.69888
114	37	0.758641
114	41	0.756312
114	53	5.83777
114	65	0.773523
114	69	0.768949
114	70	0.764351
114	71	0.71606
114	78	0.743172
114	80	0.709659
114	82	1.50743
114	87	0.729345
114	96	0.750512
114	102	0.739251
114	106	0.774033
114	115	0.725339
114	116	0.724374
114	119	0.725108
114	147	1.51433
114	151	0.708999
114	158	0.757698
114	179	1.37018
114	180	0.676209
115	7	0.700132
115	16	0.714114
115	22	0.772654
115	31	0.694627
115	35	0.694648
115	37	0.754409
115	55	4.85018
115	65	0.76929
115	69	0.764716
115	70	0.760119
115	71	0.711828
115	78	0.738939
115	80	0.705427
115	87	0.725113
115	96	0.74628
115	102	0.735019
115	106	0.7698
115	107	1.56343
115	114	0.725339
115	116	0.720141
115	119	0.720876
115	137	1.58103
115	140	1.96095
115	147	1.7571
115	151	0.704767
115	158	0.753465
115	162	0.746325
115	180	0.671976
116	7	0.699166
116	13	0.698744
116	16	0.713149
116	22	0.771689
116	31	0.693661
116	35	0.693682
116	37	0.753443
116	41	0.751114
116	58	2.142
116	65	0.768325
116	69	0.763751
116	70	0.759153
116	71	0.710862
116	78	0.737974
116	96	0.745314
116	102	0.734053
116	106	0.768835
116	114	0.724374
116	115	0.720141
116	119	0.719911
116	133	1.94345
116	139	2.13371
116	151	0.703802
116	158	0.7525
116	162	0.74536
116	165	3.32884
116	177	2.31202
116	180	0.671011
117	2	0.799382
117	48	0.761023
117	88	0.743027
117	98	0.767809
117	105	0.758766
117	113	2.07669
117	121	1.63332
117	129	2.32053
117	130	0.761411
117	131	0.754702
117	134	0.769671
117	136	0.769002
117	142	1.85783
117	148	0.715282
117	150	0.76957
117	152	0.788612
117	154	0.752648
117	156	0.770625
117	160	0.770337
117	161	0.761585
117	163	0.75934
117	164	0.761436
117	166	0.775642
117	167	2.21601
117	168	0.761695
117	171	0.761245
117	175	0.766991
117	176	1.79183
118	11	0.814606
118	17	0.674005
118	19	0.596931
118	34	0.79199
118	46	0.775662
118	61	0.831313
118	72	1.57374
118	101	0.770956
118	112	0.79639
118	124	0.782762
118	125	0.778954
118	126	0.779455
118	128	0.777442
118	139	0.774403
118	147	0.777833
118	148	0.717615
118	150	1.84381
118	152	1.67913
118	153	0.765682
118	165	0.741257
118	166	1.75636
118	168	1.88005
118	169	0.758399
118	173	0.77508
118	174	0.773137
118	175	1.75715
118	176	0.773097
118	179	0.772691
119	7	0.699901
119	13	0.699479
119	16	0.713884
119	22	0.772424
119	35	0.694417
119	37	0.754178
119	65	0.76906
119	69	0.764486
119	70	0.759888
119	71	0.711597
119	78	0.738708
119	80	0.705196
119	87	0.724882
119	96	0.746049
119	102	0.734788
119	106	0.76957
119	114	0.725108
119	115	0.720876
119	116	0.719911
119	123	2.25665
119	148	2.95238
119	151	0.704536
119	158	0.753235
119	162	0.746095
119	170	2.33542
119	174	2.16185
119	179	2.31336
119	180	0.671746
120	52	0.730393
120	74	0.69749
120	92	2.07014
120	97	0.749593
120	104	0.760869
120	108	0.718907
120	109	0.722104
120	127	0.733278
120	128	2.29465
120	133	0.738153
120	135	0.755927
120	138	2.31834
120	140	0.718824
120	146	0.707589
120	155	0.724904
120	157	0.726828
120	159	0.747275
120	162	1.94343
120	167	0.719546
120	169	0.724866
120	171	1.97247
120	172	0.746149
120	173	0.741547
120	174	0.739604
120	177	0.750353
120	178	0.738038
120	179	0.739159
120	180	0.668548
121	11	1.43182
121	15	0.800555
121	23	0.792664
121	39	0.770631
121	112	1.70735
121	113	0.744388
121	117	1.63332
121	127	0.760046
121	132	0.750776
121	133	0.76492
121	140	0.745591
121	153	0.758917
121	155	0.751672
121	159	0.774042
121	163	2.06514
121	164	2.00121
121	165	0.734491
121	167	0.746314
121	168	1.92765
121	169	0.751634
121	170	0.771554
121	172	0.772916
121	173	0.768315
121	174	0.766372
121	176	0.766331
121	177	0.777121
121	178	0.764805
121	179	0.765926
122	4	0.693807
122	68	0.69132
122	83	0.718239
122	88	0.703922
122	90	0.707372
122	91	0.74221
122	93	0.746263
122	95	2.55618
122	100	0.722455
122	109	2.33133
122	136	0.729897
122	138	0.731731
122	139	2.29647
122	144	0.723186
122	147	0.736395
122	149	0.736152
122	150	0.730465
122	152	0.749507
122	155	2.49141
122	156	0.73152
122	160	0.731232
122	161	0.72248
122	163	0.720235
122	164	0.722331
122	166	0.736537
122	168	0.72259
122	171	0.72214
122	173	2.3615
122	175	0.727886
123	16	2.08897
123	22	1.4464
123	26	0.711283
123	75	0.766261
123	77	0.68683
123	82	0.748343
123	89	0.701953
123	96	1.75408
123	97	0.777408
123	100	2.1584
123	108	0.746722
123	111	0.784163
123	119	2.25665
123	127	0.761093
123	135	0.783741
123	146	0.735403
123	153	0.759963
123	159	0.775089
123	167	0.747361
123	169	0.752681
123	170	0.7726
123	171	1.74932
123	172	0.773963
123	173	0.769361
123	174	0.767419
123	176	0.767378
123	177	0.778167
123	178	0.765852
123	179	0.766973
124	10	0.729095
124	20	0.789207
124	28	0.792821
124	31	0.726177
124	38	5.45795
124	45	0.775036
124	49	0.762666
124	54	0.759825
124	57	0.749696
124	59	0.746586
124	60	0.658895
124	64	0.743743
124	66	2.67105
124	78	0.77049
124	81	0.754966
124	86	0.647412
124	87	1.23276
124	99	0.77976
124	101	0.772402
124	110	0.689722
124	112	0.797836
124	118	0.782762
124	125	0.7804
124	126	0.7809
124	128	0.778888
124	162	0.777876
124	165	0.742702
124	167	1.10515
124	172	0.726674
125	2	0.799352
125	10	0.725287
125	20	0.785398
125	28	0.789013
125	45	0.771228
125	49	0.758858
125	53	0.661844
125	54	0.756017
125	57	0.745888
125	59	0.742778
125	64	0.739935
125	78	0.766681
125	81	0.751158
125	82	2.16968
125	86	0.643604
125	99	0.775951
125	101	0.768594
125	112	0.794028
125	118	0.778954
125	124	0.7804
125	126	0.777092
125	128	0.77508
125	145	2.07426
125	159	1.97274
125	162	0.774068
125	165	0.738894
125	169	2.1028
125	178	1.99257
125	179	2.03242
126	2	0.799853
126	10	0.725787
126	20	0.785899
126	31	0.72287
126	45	0.771729
126	49	0.759358
126	53	0.662344
126	54	0.756518
126	57	0.746388
126	59	0.743278
126	60	0.655587
126	64	0.740436
126	78	0.767182
126	81	0.751659
126	86	0.644105
126	99	0.776452
126	101	0.769095
126	112	0.794529
126	118	0.779455
126	124	0.7809
126	125	0.777092
126	128	0.775581
126	140	2.4567
126	147	2.25286
126	153	2.00964
126	155	2.06302
126	162	0.774568
126	165	0.739395
126	170	2.13076
126	176	2.04244
127	95	0.727627
127	120	0.733278
127	121	0.760046
127	123	0.761093
127	129	0.721331
127	130	1.68823
127	131	2.17711
127	132	0.743036
127	135	0.774954
127	136	1.87755
127	142	0.75059
127	146	0.726616
127	151	0.720367
127	153	0.751177
127	155	0.743932
127	157	0.745856
127	158	1.82896
127	159	0.766302
127	166	1.7922
127	167	0.738574
127	169	0.743894
127	170	0.763814
127	172	0.765176
127	173	0.760575
127	174	0.758632
127	175	1.79299
127	176	0.758592
127	177	0.769381
127	178	0.757065
127	179	0.758186
128	2	0.797841
128	9	1.91751
128	10	0.723775
128	20	0.783887
128	28	0.787501
128	31	0.720858
128	45	0.769717
128	49	0.757346
128	53	0.660332
128	54	0.754506
128	57	0.744376
128	60	0.653575
128	64	0.738424
128	78	0.76517
128	81	0.749647
128	86	0.642093
128	99	0.77444
128	101	0.767082
128	110	2.0707
128	111	1.85202
128	112	0.792516
128	118	0.777442
128	120	2.29465
128	124	0.778888
128	125	0.77508
128	126	0.775581
128	132	2.06551
128	162	0.772556
128	165	0.737383
128	178	2.08835
129	39	0.731916
129	62	2.55777
129	75	0.726499
129	86	0.600486
129	92	2.36614
129	93	2.39965
129	97	0.737646
129	111	0.7444
129	113	0.705672
129	117	2.32053
129	127	0.721331
129	132	0.71206
129	135	0.743979
129	137	0.726402
129	140	0.706876
129	141	0.725611
129	146	0.695641
129	151	0.689391
129	153	0.720201
129	157	0.714881
129	159	0.735327
129	167	0.707599
129	168	2.61486
129	169	0.712919
129	172	0.734201
129	173	0.729599
129	174	0.727657
129	176	0.727616
129	177	0.738405
129	179	0.727211
129	180	0.6566
130	59	0.727567
130	66	3.84857
130	73	0.715307
130	83	0.742104
130	93	0.770129
130	100	0.74632
130	105	0.743526
130	117	0.761411
130	127	1.68823
130	131	0.739462
130	135	1.64766
130	136	0.753763
130	138	0.755596
130	143	0.74307
130	144	0.747051
130	148	0.700043
130	149	0.760017
130	150	0.754331
130	152	0.773372
130	154	0.737408
130	156	0.755386
130	157	2.11187
130	160	0.755097
130	161	0.746346
130	163	0.7441
130	164	0.746196
130	171	0.746005
130	172	1.90419
130	174	1.77324
130	175	0.751752
130	180	0.684508
131	40	0.755846
131	44	0.752494
131	72	0.76184
131	76	0.750594
131	86	0.621685
131	88	0.721079
131	90	0.724529
131	91	0.759367
131	92	0.757913
131	97	2.03008
131	98	0.74586
131	100	0.739611
131	117	0.754702
131	127	2.17711
131	130	0.739462
131	132	2.35094
131	139	2.17301
131	150	0.747622
131	151	0.71059
131	152	0.766663
131	153	2.31458
131	154	0.730699
131	159	2.35395
131	160	0.748389
131	161	0.739637
131	163	0.737391
131	164	0.739487
131	165	0.716975
131	166	0.753693
131	168	0.739747
131	171	0.739296
131	175	0.745043
132	29	1.86158
132	30	0.778644
132	63	0.675071
132	78	0.745269
132	79	0.736094
132	82	0.730286
132	95	0.718357
132	97	0.759351
132	107	0.754882
132	109	0.731861
132	111	0.766106
132	113	0.727378
132	121	0.750776
132	127	0.743036
132	128	2.06551
132	129	0.71206
132	131	2.35094
132	134	2.06155
132	137	0.748108
132	142	0.74132
132	157	0.736586
132	160	1.94525
132	167	0.729304
132	168	2.08973
132	169	0.734624
132	172	0.755906
132	173	0.751305
132	174	0.749362
132	176	0.749321
132	178	0.747795
132	179	0.748916
132	180	0.678306
133	35	2.66782
133	56	0.76033
133	58	0.736972
133	63	0.689216
133	65	1.25189
133	66	0.687737
133	68	2.32422
133	85	0.741228
133	89	0.698041
133	94	0.775343
133	95	0.732501
133	105	2.00885
133	109	0.746006
133	116	1.94345
133	120	0.738153
133	121	0.76492
133	135	0.779829
133	139	0.764773
133	141	0.761461
133	142	0.755464
133	145	0.751449
133	148	0.707985
133	153	0.756051
133	157	0.750731
133	159	0.771177
133	164	1.7951
133	168	1.72154
133	170	0.768688
133	172	0.770051
133	173	0.765449
133	174	0.763507
133	176	0.763466
133	177	0.774255
133	178	0.76194
