1	27	1.02309
1	41	0.954568
1	87	0.93388
1	123	0.957049
1	141	0.946174
1	142	0.942986
1	145	0.942872
1	151	0.944688
1	152	0.967209
1	160	0.958447
1	161	1.75464
1	170	1.03755
2	25	0.98785
2	36	0.96774
2	47	0.98386
2	54	0.965323
2	57	0.93683
2	59	0.946082
2	63	0.946276
2	68	0.926194
2	80	0.97432
2	81	0.974405
2	169	1.35677
2	174	1.45609
3	64	0.869927
3	77	2.23955
3	99	0.911767
3	161	0.916922
3	171	0.898683
3	172	0.827207
3	173	0.868
3	174	0.906249
3	175	0.865341
3	177	0.837932
3	178	0.853638
3	179	0.851611
4	27	1.16084
4	29	0.987627
4	46	0.974429
4	47	0.981545
4	54	0.963009
4	57	0.934516
4	59	0.943768
4	63	0.943962
4	68	0.92388
4	80	0.972006
4	81	0.972091
4	125	1.60851
5	68	0.616442
5	101	0.582416
5	124	0.516935
5	125	1.10402
5	155	1.13756
5	162	1.05779
5	166	1.06839
5	167	1.07938
5	172	1.01973
5	175	1.05786
5	177	1.03045
5	179	1.04413
6	83	0.963268
6	86	0.947725
6	96	0.972313
6	98	0.92314
6	108	0.956348
6	112	1.18641
6	115	0.987684
6	116	0.984341
6	163	0.945024
6	164	1.58778
6	165	0.928482
6	169	0.959499
7	55	0.918446
7	75	0.966245
7	82	0.957191
7	84	0.954273
7	88	0.995475
7	89	0.99838
7	92	0.936942
7	101	0.97047
7	105	0.970455
7	146	1.33003
7	164	1.46913
7	180	0.943039
8	18	0.9846
8	24	0.961443
8	83	0.956059
8	103	0.961093
8	108	0.949138
8	115	0.980475
8	116	0.977132
8	162	1.26995
8	163	0.937814
8	165	0.921273
8	169	0.952289
8	179	1.58925
9	83	1.11834
9	116	0.864358
9	159	0.93846
9	166	0.965426
9	167	0.976417
9	168	0.937422
9	173	0.957561
9	174	0.99581
9	175	0.954902
9	178	0.943198
9	179	0.941171
9	180	0.998103
10	30	0.996175
10	40	1.0669
10	43	1.06619
10	49	1.05237
10	51	1.05193
10	61	0.838842
10	94	0.555864
10	133	1.06284
10	150	1.10039
10	159	1.60423
10	170	1.16537
10	176	1.06753
11	88	0.959829
11	100	1.03903
11	106	1.0705
11	166	0.954239
11	168	0.926235
11	171	0.977056
11	173	0.946373
11	176	0.991105
11	177	0.916305
11	178	0.932011
11	179	0.929984
11	180	0.986916
12	30	0.967949
12	31	1.06634
12	38	0.52322
12	40	1.03868
12	43	1.03796
12	49	1.02415
12	51	1.0237
12	133	1.03461
12	150	1.07216
12	159	1.6476
12	167	1.01306
12	170	1.13714
12	176	1.03931
13	92	1.39552
13	109	1.05397
13	111	0.815606
13	127	0.932303
13	155	1.00235
13	157	0.956751
13	167	0.944158
13	173	0.925303
13	174	0.963551
13	175	0.922643
13	177	0.895234
13	178	0.91094
13	179	0.908913
14	48	0.854572
14	58	1.00357
14	96	1.05453
14	98	1.00536
14	103	1.05052
14	107	1.42483
14	108	1.03857
14	115	1.0699
14	116	1.06656
14	163	1.02724
14	165	1.0107
14	169	1.04172
14	174	0.919105
15	87	0.788546
15	99	1.0716
15	108	0.615207
15	134	1.08709
15	148	0.600192
15	157	1.05929
15	164	1.05827
15	171	1.05852
15	172	0.987044
15	174	1.06609
15	177	0.997769
15	178	1.01347
15	179	1.01145
16	49	0.945505
16	51	0.945056
16	133	0.955966
16	139	1.18391
16	150	0.993517
16	160	0.995548
16	162	0.913204
16	170	1.0585
16	174	0.954181
16	176	0.960663
16	177	0.885863
16	178	0.901569
16	179	0.899542
17	83	1.15463
17	153	0.991
17	158	1.07047
17	162	0.931857
17	166	0.94245
17	169	0.991355
17	171	0.965267
17	173	0.934584
17	174	0.972833
17	175	0.931925
17	177	0.904516
17	178	0.920222
17	179	0.918194
18	8	0.9846
18	86	1.02918
18	96	1.05377
18	103	1.04976
18	107	1.40384
18	108	1.03781
18	115	1.06914
18	116	1.0658
18	150	0.651392
18	163	1.02648
18	165	1.00994
18	169	1.04096
18	178	1.19241
19	44	0.947331
19	60	0.984375
19	83	0.946679
19	86	0.931136
19	96	0.955724
19	98	0.90655
19	103	0.951713
19	115	0.971095
19	155	1.26542
19	163	0.928434
19	165	0.911893
19	169	0.94291
19	173	1.74515
20	82	0.857686
20	159	1.0212
20	163	0.7783
20	164	1.07073
20	165	1.06605
20	170	0.382597
20	171	1.07098
20	172	0.999506
20	174	1.07855
20	175	1.03764
20	177	1.01023
20	178	1.02594
20	179	1.02391
21	58	1.00445
21	83	1.04638
21	96	1.05542
21	98	1.00625
21	108	1.03945
21	115	1.07079
21	116	1.06745
21	155	0.878254
21	163	1.02813
21	165	1.01159
21	169	1.04261
21	171	1.17032
21	176	1.16384
22	73	0.941564
22	74	0.940352
22	77	0.941167
22	82	0.929177
22	88	0.967461
22	89	0.970366
22	92	0.908927
22	100	1.18409
22	101	0.942456
22	105	0.942441
22	106	0.929579
22	107	0.872516
22	177	2.01915
22	180	0.915025
23	71	1.02337
23	109	0.984315
23	123	1.02254
23	124	1.0261
23	136	1.00281
23	139	0.988902
23	142	1.00847
23	145	1.00836
23	148	1.02461
23	150	1.15068
23	152	1.03269
23	154	1.02314
23	160	1.02393
23	169	1.29809
24	8	0.961443
24	60	1.05927
24	96	1.03062
24	98	0.981442
24	103	1.0266
24	108	1.01465
24	115	1.04599
24	116	1.04264
24	163	1.00333
24	165	0.986784
24	166	1.17932
24	169	1.0178
24	179	1.42658
24	180	0.846473
25	2	0.98785
25	36	1.02276
25	47	1.03888
25	54	1.02034
25	57	0.991849
25	59	1.0011
25	68	0.981213
25	80	1.02934
25	81	1.02942
25	100	1.06164
25	106	1.02408
25	157	0.998749
25	177	1.52863
25	180	0.885663
26	153	0.980688
26	157	0.955721
26	158	1.20422
26	160	1.18449
26	162	0.921545
26	164	0.954707
26	166	0.932138
26	168	0.904134
26	171	0.954955
26	174	0.962522
26	175	0.921614
26	177	0.894204
26	178	0.90991
26	179	0.907883
27	1	1.02309
27	4	1.16084
27	148	0.413466
27	156	0.985272
27	161	1.07292
27	162	1.02127
27	167	1.04285
27	168	1.00386
27	172	0.983203
27	174	1.06225
27	175	1.02134
27	177	0.993928
27	178	1.00963
27	179	1.00761
28	38	1.39595
28	61	0.929988
28	91	0.968016
28	120	0.940966
28	124	0.93566
28	130	0.923172
28	136	0.912378
28	145	0.917922
28	148	0.934174
28	151	0.919737
28	152	0.942258
28	158	0.92282
28	160	0.933497
28	171	1.77399
29	4	0.987627
29	46	1.03385
29	54	1.02243
29	57	0.99394
29	59	1.00319
29	63	1.00339
29	68	0.983304
29	80	1.03143
29	81	1.03152
29	100	1.06373
29	106	1.02617
29	146	0.871564
29	149	0.95295
29	177	1.58293
30	10	0.996175
30	12	0.967949
30	31	0.940238
30	40	0.912579
30	43	0.911866
30	49	0.898052
30	51	0.897602
30	118	0.928912
30	133	0.908512
30	150	0.946064
30	168	1.8094
30	170	1.01104
30	176	0.91321
30	178	1.43173
31	12	1.06634
31	30	0.940238
31	40	1.01097
31	43	1.01025
31	49	0.996438
31	51	0.995989
31	85	1.17439
31	118	1.0273
31	133	1.0069
31	150	1.04445
31	153	1.04762
31	162	1.21368
31	170	1.10943
31	176	1.0116
32	44	0.940793
32	58	0.898219
32	83	0.94014
32	86	0.924597
32	90	1.5919
32	98	0.900012
32	103	0.945174
32	108	0.93322
32	115	0.964556
32	116	0.961213
32	138	1.58947
32	163	0.921896
32	165	0.905354
32	169	0.936371
33	127	1.00868
33	140	0.912681
33	141	0.722279
33	162	0.998951
33	163	0.805696
33	164	1.03211
33	165	1.02743
33	166	1.00954
33	168	0.98154
33	172	0.960885
33	173	1.00168
33	174	1.03993
33	177	0.971611
33	178	0.987316
33	179	0.985289
34	89	0.452023
34	108	0.964397
34	112	1.05267
34	113	1.09887
34	119	0.990881
34	135	0.92513
34	156	0.94104
34	159	0.960664
34	161	1.02869
34	164	1.0102
34	166	0.98763
34	175	0.977106
34	178	0.965402
34	179	0.963375
34	180	1.02031
35	67	0.955162
35	69	1.01761
35	87	0.985163
35	100	0.82719
35	102	1.00712
35	120	1.0172
35	133	0.986305
35	136	0.98861
35	141	0.997457
35	145	0.994154
35	151	0.99597
35	158	0.999053
35	170	1.08883
35	171	0.982146
35	172	1.82147
36	2	0.96774
36	25	1.02276
36	46	1.01165
36	47	1.01877
36	54	1.00023
36	57	0.97174
36	59	0.980992
36	63	0.981186
36	68	0.961104
36	80	1.00923
36	81	1.00932
36	95	0.500904
36	100	1.04153
36	107	1.77133
36	167	1.3434
37	49	1.03897
37	51	1.05022
37	89	0.337654
37	94	1.10298
37	134	1.04335
37	147	1.01365
37	155	1.06113
37	164	1.01452
37	168	0.963951
37	172	0.943296
37	173	0.98409
37	175	0.981431
37	177	0.954022
37	178	0.969727
37	179	0.9677
38	12	0.52322
38	28	1.39595
38	49	0.912932
38	149	1.03188
38	156	0.957358
38	164	1.02652
38	169	1.05285
38	171	1.02677
38	172	0.95529
38	173	0.996083
38	174	1.03433
38	175	0.993424
38	177	0.966015
38	178	0.981721
38	179	0.979694
39	44	1.00098
39	60	1.03803
39	83	1.00033
39	86	0.984787
39	98	0.960202
39	103	1.00536
39	108	0.993409
39	115	1.02475
39	116	1.0214
39	138	0.766111
39	163	0.982085
39	165	0.965544
39	169	0.996561
39	172	1.83604
39	180	1.03386
40	10	1.0669
40	12	1.03868
40	30	0.912579
40	31	1.01097
40	43	0.982593
40	49	0.968778
40	51	0.968329
40	62	0.841191
40	118	0.999639
40	133	0.979239
40	150	1.01679
40	170	1.08177
40	172	1.51673
40	176	0.983937
40	179	1.29467
41	1	0.954568
41	53	0.986732
41	78	1.4434
41	111	1.04473
41	113	0.994996
41	114	0.980891
41	117	1.11035
41	135	0.987612
41	139	0.983113
41	140	0.977217
41	148	1.01882
41	152	1.02691
41	154	1.01735
41	158	1.00747
41	160	1.01814
42	46	0.930525
42	47	0.937641
42	54	0.919105
42	59	0.899864
42	63	0.900058
42	80	0.928101
42	81	0.928187
42	129	0.923308
42	139	0.896177
42	145	0.915633
42	150	1.44809
42	151	0.917449
42	152	0.93997
42	160	0.931209
42	178	1.98911
43	10	1.06619
43	12	1.03796
43	30	0.911866
43	31	1.01025
43	40	0.982593
43	49	0.968066
43	51	0.967617
43	61	1.2449
43	118	0.998927
43	125	1.03806
43	133	0.978527
43	150	1.01608
43	170	1.08106
43	176	0.983224
43	180	1.30108
44	19	0.947331
44	32	0.940793
44	39	1.00098
44	58	0.974917
44	66	0.992622
44	86	1.0013
44	96	1.02588
44	108	1.00992
44	115	1.04125
44	116	1.03791
44	163	0.998594
44	165	0.982052
44	166	1.16261
44	169	1.01307
44	177	1.47273
45	48	0.920668
45	56	0.907436
45	113	0.948878
45	122	0.889675
45	151	2.77315
45	153	0.886185
45	166	0.837635
45	168	0.809631
45	171	0.860452
45	172	0.788976
45	174	0.868018
45	175	0.82711
45	177	0.799701
45	178	0.815407
45	179	0.81338
46	4	0.974429
46	29	1.03385
46	36	1.01165
46	42	0.930525
46	57	0.980742
46	59	0.989994
46	63	0.990189
46	68	0.970106
46	80	1.01823
46	81	1.01832
46	100	1.05053
46	106	1.01298
46	138	1.00973
46	167	1.35214
46	171	1.24034
47	2	0.98386
47	4	0.981545
47	25	1.03888
47	36	1.01877
47	42	0.937641
47	57	0.987859
47	59	0.997111
47	63	0.997305
47	68	0.977223
47	80	1.02535
47	81	1.02543
47	106	1.02009
47	109	0.619204
47	156	1.97355
47	174	1.0323
48	14	0.854572
48	45	0.920668
48	51	1.27169
48	149	1.0218
48	151	0.671137
48	153	1.04242
48	162	0.983277
48	166	0.99387
48	167	1.00486
48	172	0.94521
48	173	0.986004
48	174	1.02425
48	175	0.983345
48	177	0.955936
48	178	0.971642
48	179	0.969614
49	10	1.05237
49	12	1.02415
49	16	0.945505
49	30	0.898052
49	31	0.996438
49	37	1.03897
49	38	0.912932
49	40	0.968778
49	43	0.968066
49	51	0.953802
49	118	0.985112
49	133	0.964712
49	150	1.00226
49	157	1.4412
49	170	1.06724
49	176	0.96941
50	73	0.992929
50	74	0.991717
50	75	0.989596
50	77	0.992532
50	82	0.980542
50	84	0.977624
50	88	1.01883
50	89	1.02173
50	92	0.960292
50	99	1.2948
50	101	0.993821
50	105	0.993806
50	107	0.923881
50	138	1.03624
50	173	1.45451
50	180	0.96639
51	10	1.05193
51	12	1.0237
51	16	0.945056
51	30	0.897602
51	31	0.995989
51	37	1.05022
51	40	0.968329
51	43	0.967617
51	48	1.27169
51	49	0.953802
51	118	0.984663
51	133	0.964263
51	138	1.07161
51	150	1.00181
51	170	1.06679
51	176	0.968961
52	70	1.01061
52	75	0.685943
52	80	0.984118
52	96	0.940028
52	138	1.02107
52	159	0.954405
52	161	1.02243
52	162	0.970779
52	164	1.00394
52	167	0.992362
52	173	0.973506
52	174	1.01176
52	175	0.970847
52	177	0.943438
52	178	0.959144
52	179	0.957117
53	41	0.986732
53	76	1.83095
53	104	0.98849
53	114	0.953358
53	130	0.980286
53	135	0.960079
53	140	0.949684
53	144	0.974039
53	145	0.975036
53	152	0.999372
53	154	0.989819
53	160	0.990611
53	163	0.969448
53	169	0.701503
53	170	1.06972
53	179	1.38406
54	2	0.965323
54	4	0.963009
54	25	1.02034
54	29	1.02243
54	36	1.00023
54	42	0.919105
54	57	0.969323
54	59	0.978575
54	63	0.978769
54	68	0.958687
54	80	1.00681
54	81	1.0069
54	94	1.03195
54	106	1.00156
54	167	1.44577
54	176	1.32749
55	7	0.918446
55	62	0.977651
55	73	0.978136
55	74	0.976924
55	75	0.974803
55	77	0.977739
55	82	0.965749
55	84	0.962831
55	85	1.39162
55	88	1.00403
55	89	1.00694
55	92	0.9455
55	101	0.979028
55	105	0.979013
55	126	1.35639
55	173	1.32062
55	180	0.951597
56	45	0.907436
56	91	0.938198
56	139	0.990666
56	143	1.0492
56	147	1.00233
56	154	0.845075
56	159	0.95367
56	162	0.970044
56	167	0.991627
56	168	0.952633
56	171	1.00345
56	172	0.931978
56	174	1.01102
56	175	0.970112
56	177	0.942703
56	178	0.958409
56	179	0.956382
57	2	0.93683
57	4	0.934516
57	25	0.991849
57	29	0.99394
57	36	0.97174
57	46	0.980742
57	47	0.987859
57	54	0.969323
57	63	0.950276
57	68	0.930194
57	80	0.978319
57	81	0.978405
57	95	0.797359
57	100	1.01062
57	106	0.973064
57	122	1.50372
57	165	1.69641
58	14	1.00357
58	21	1.00445
58	32	0.898219
58	44	0.974917
58	86	0.958721
58	96	0.983309
58	98	0.934136
58	103	0.979298
58	108	0.967344
58	115	0.99868
58	116	0.995337
58	118	1.04788
58	159	1.84856
58	163	0.95602
58	165	0.939478
58	169	0.970495
58	174	1.13622
59	2	0.946082
59	4	0.943768
59	25	1.0011
59	29	1.00319
59	36	0.980992
59	42	0.899864
59	46	0.989994
59	47	0.997111
59	54	0.978575
59	63	0.959528
59	68	0.939445
59	80	0.987571
59	81	0.987657
59	90	1.42292
59	95	0.920391
59	106	0.982316
59	171	1.65109
60	19	0.984375
60	24	1.05927
60	39	1.03803
60	83	1.05388
60	86	1.03834
60	96	1.06293
60	98	1.01375
60	103	1.05892
60	109	0.817134
60	115	1.0783
60	116	1.07495
60	132	1.01909
60	150	0.983496
60	163	1.03564
60	165	1.0191
60	169	1.05011
60	173	1.38388
61	10	0.838842
61	28	0.929988
61	43	1.2449
61	86	1.15191
61	119	0.966172
61	139	0.983483
61	144	1.00194
61	158	1.00784
61	159	0.935955
61	160	1.01851
61	170	1.09762
61	172	0.914262
61	174	0.993305
61	175	0.952396
61	177	0.924987
61	178	0.940693
61	179	0.938666
62	40	0.841191
62	55	0.977651
62	73	1.02878
62	84	1.01348
62	92	0.996147
62	101	1.02968
62	105	1.02966
62	115	0.576174
62	140	1.41963
62	159	0.942601
62	171	0.992385
62	173	0.961702
62	175	0.959043
62	178	0.94734
62	179	0.945313
62	180	1.00224
63	2	0.946276
63	4	0.943962
63	29	1.00339
63	36	0.981186
63	42	0.900058
63	46	0.990189
63	47	0.997305
63	54	0.978769
63	57	0.950276
63	59	0.959528
63	68	0.93964
63	80	0.987766
63	81	0.987851
63	100	1.02007
63	118	1.21462
63	162	1.56691
63	176	1.26247
64	3	0.869927
64	81	1.49554
64	89	1.41994
64	99	0.940798
64	132	0.973645
64	157	0.928481
64	161	0.945954
64	166	0.904898
64	167	0.915888
64	168	0.876893
64	171	0.927715
64	172	0.856238
64	174	0.935281
64	175	0.894373
64	177	0.866964
64	178	0.882669
64	179	0.880642
65	110	0.96727
65	121	0.943532
65	123	0.986765
65	125	1.19022
65	130	0.977838
65	135	0.957632
65	136	0.967044
65	140	0.947237
65	142	0.972702
65	144	0.971591
65	151	0.974404
65	154	0.987372
65	155	1.12403
65	158	0.977486
65	160	0.988164
65	162	1.71405
65	163	0.967
66	44	0.992622
66	77	1.00176
66	88	1.02805
66	89	1.03095
66	92	0.969516
66	101	1.00304
66	105	1.00303
66	133	1.25708
66	156	0.896346
66	157	0.96652
66	159	0.91597
66	170	0.953172
66	173	0.935071
66	175	0.932412
66	177	0.905003
66	178	0.920708
66	179	0.918681
66	180	0.975614
67	35	0.955162
67	70	1.36674
67	91	1.00197
67	110	0.946562
67	114	0.930203
67	120	0.974925
67	123	0.966058
67	129	0.959555
67	130	0.957131
67	139	0.932424
67	141	0.955183
67	148	0.968133
67	149	1.36173
67	152	0.976217
67	154	0.966664
67	158	0.956779
67	160	0.967456
67	164	1.41944
68	2	0.926194
68	4	0.92388
68	5	0.616442
68	25	0.981213
68	29	0.983304
68	36	0.961104
68	46	0.970106
68	47	0.977223
68	54	0.958687
68	57	0.930194
68	59	0.939445
68	63	0.93964
68	80	0.967683
68	81	0.967769
68	100	0.999984
68	106	0.962428
68	172	2.03691
68	173	1.38526
69	35	1.01761
69	93	1.00435
69	102	1.02729
69	124	1.03207
69	130	1.01958
69	138	1.01401
69	141	1.01763
69	142	1.01444
69	144	1.01333
69	148	1.03058
69	152	1.03866
69	156	1.79828
69	158	1.01923
69	160	1.0299
69	161	0.881026
69	167	0.934819
69	170	1.10901
69	171	0.823017
70	52	1.01061
70	67	1.36674
70	77	0.622521
70	113	1.05132
70	114	1.26515
70	134	0.991468
70	149	0.968008
70	155	1.00926
70	167	0.951069
70	168	0.912074
70	171	0.962895
70	173	0.932213
70	174	0.970462
70	175	0.929554
70	176	0.976944
70	177	0.902144
70	178	0.91785
70	179	0.915823
71	23	1.02337
71	87	0.996888
71	93	0.995902
71	95	0.513905
71	104	1.01933
71	111	1.04804
71	123	1.02006
71	127	1.70843
71	135	0.990923
71	142	1.00599
71	144	1.00488
71	145	1.00588
71	146	1.21335
71	148	1.02213
71	151	1.0077
71	152	1.03022
71	158	1.01078
71	160	1.02146
71	169	1.17929
72	87	0.998606
72	102	1.02056
72	111	1.04976
72	121	0.978542
72	123	1.02177
72	128	0.907166
72	134	1.12603
72	136	1.00205
72	140	0.982246
72	141	1.0109
72	142	1.00771
72	148	1.02385
72	151	1.00941
72	152	1.03193
72	154	1.02238
72	158	1.0125
72	160	1.02317
72	167	1.32428
72	180	1.24962
73	22	0.941564
73	50	0.992929
73	55	0.978136
73	62	1.02878
73	74	1.02806
73	75	1.02594
73	77	1.02887
73	82	1.01688
73	84	1.01396
73	88	1.05517
73	89	1.05807
73	99	0.643531
73	101	1.03016
73	105	1.03015
73	107	0.960221
73	127	1.07941
73	156	1.59084
73	168	1.32154
73	180	1.00273
74	22	0.940352
74	50	0.991717
74	55	0.976924
74	73	1.02806
74	75	1.02472
74	77	1.02766
74	82	1.01567
74	84	1.01275
74	88	1.05395
74	89	1.05686
74	92	0.99542
74	97	1.32449
74	101	1.02895
74	105	1.02893
74	106	1.01607
74	127	1.44631
74	131	0.746119
74	174	1.01649
74	180	1.00152
75	7	0.966245
75	50	0.989596
75	52	0.685943
75	55	0.974803
75	73	1.02594
75	74	1.02472
75	77	1.02554
75	82	1.01355
75	84	1.01063
75	88	1.05183
75	89	1.05474
75	92	0.993299
75	101	1.02683
75	105	1.02681
75	106	1.01395
75	159	1.70469
75	164	1.06618
75	176	0.951863
75	180	0.999397
76	53	1.83095
76	79	0.799879
76	104	1.73966
76	109	1.01102
76	128	0.973354
76	149	0.918156
76	162	0.879633
76	164	0.912795
76	166	0.890226
76	168	0.862222
76	169	0.939132
76	171	0.913043
76	172	0.841567
76	173	0.882361
76	174	0.92061
76	175	0.879701
76	177	0.852292
76	178	0.867998
76	179	0.865971
77	3	2.23955
77	22	0.941167
77	50	0.992532
77	55	0.977739
77	66	1.00176
77	70	0.622521
77	73	1.02887
77	74	1.02766
77	75	1.02554
77	82	1.01648
77	84	1.01357
77	88	1.05477
77	89	1.05767
77	92	0.996235
77	101	1.02976
77	105	1.02975
77	149	0.617512
77	153	0.699282
77	180	1.00233
78	41	1.4434
78	99	0.969018
78	131	1.00655
78	134	0.984507
78	136	1.07091
78	152	1.04417
78	159	0.906151
78	162	0.922524
78	166	0.933117
78	167	0.944107
78	168	0.905113
78	169	0.982023
78	171	0.955934
78	173	0.925252
78	174	0.963501
78	175	0.922592
78	176	0.969983
78	177	0.895183
78	178	0.910889
78	179	0.908862
79	76	0.799879
79	93	0.850529
79	109	0.941286
79	115	3.61919
79	122	0.872529
79	136	0.854963
79	140	0.835156
79	144	0.85951
79	145	0.860507
79	147	0.84218
79	151	0.862322
79	152	0.884844
79	154	0.87529
79	159	0.793522
79	166	0.820489
79	168	0.792485
79	177	0.782555
79	179	0.796234
79	180	0.853166
80	2	0.97432
80	4	0.972006
80	25	1.02934
80	29	1.03143
80	36	1.00923
80	42	0.928101
80	46	1.01823
80	47	1.02535
80	52	0.984118
80	54	1.00681
80	57	0.978319
80	59	0.987571
80	63	0.987766
80	68	0.967683
80	81	1.01589
80	100	1.04811
80	106	1.01055
80	113	0.936536
80	167	1.36832
80	180	1.29366
81	2	0.974405
81	4	0.972091
81	25	1.02942
81	29	1.03152
81	36	1.00932
81	42	0.928187
81	46	1.01832
81	47	1.02543
81	54	1.0069
81	57	0.978405
81	59	0.987657
81	63	0.987851
81	64	1.49554
81	68	0.967769
81	80	1.01589
81	100	1.0482
81	106	1.01064
81	162	0.963206
81	172	1.50457
81	174	0.699258
82	7	0.957191
82	20	0.857686
82	22	0.929177
82	50	0.980542
82	55	0.965749
82	73	1.01688
82	74	1.01567
82	75	1.01355
82	77	1.01648
82	84	1.00158
82	88	1.04278
82	89	1.04568
82	92	0.984245
82	101	1.01777
82	105	1.01776
82	106	1.0049
82	134	1.14181
82	157	1.37849
82	171	1.22826
82	180	0.990342
83	6	0.963268
83	8	0.956059
83	9	1.11834
83	17	1.15463
83	19	0.946679
83	21	1.04638
83	32	0.94014
83	39	1.00033
83	60	1.05388
83	86	1.00064
83	96	1.02523
83	98	0.976057
83	103	1.02122
83	108	1.00926
83	116	1.03726
83	122	1.03255
83	163	0.997941
83	165	0.981399
83	169	1.01242
83	174	1.09089
84	7	0.954273
84	50	0.977624
84	55	0.962831
84	62	1.01348
84	73	1.01396
84	74	1.01275
84	75	1.01063
84	77	1.01357
84	82	1.00158
84	88	1.03986
84	89	1.04277
84	92	0.981327
84	101	1.01486
84	105	1.01484
84	107	0.944915
84	134	0.878862
84	168	1.67128
84	171	0.965311
84	175	1.33848
84	180	0.987424
85	31	1.17439
85	55	1.39162
85	127	0.939572
85	143	1.009
85	155	1.00962
85	158	1.23139
85	159	0.91347
85	162	0.929844
85	164	0.963006
85	166	0.940437
85	167	0.951427
85	168	0.912433
85	172	0.891778
85	173	0.932571
85	174	0.97082
85	175	0.929912
85	177	0.902503
85	178	0.918209
85	179	0.916182
85	180	0.973114
86	6	0.947725
86	18	1.02918
86	19	0.931136
86	32	0.924597
86	39	0.984787
86	44	1.0013
86	58	0.958721
86	60	1.03834
86	61	1.15191
86	83	1.00064
86	98	0.960514
86	103	1.00568
86	108	0.993722
86	115	1.02506
86	116	1.02172
86	119	1.47435
86	132	0.993825
86	163	0.982398
86	165	0.965857
86	169	0.996874
86	176	1.16447
87	1	0.93388
87	15	0.788546
87	35	0.985163
87	71	0.996888
87	72	0.998606
87	102	0.994847
87	110	0.976562
87	120	1.00493
87	121	0.952825
87	124	0.999619
87	131	1.039
87	135	0.966924
87	141	0.985183
87	145	0.981881
87	147	1.37669
87	151	0.983696
87	154	0.996664
87	160	0.997456
87	163	0.976293
87	170	1.07656
87	178	1.60366
88	7	0.995475
88	11	0.959829
88	22	0.967461
88	50	1.01883
88	55	1.00403
88	66	1.02805
88	73	1.05517
88	74	1.05395
88	75	1.05183
88	77	1.05477
88	82	1.04278
88	84	1.03986
88	89	1.08397
88	92	1.02253
88	101	1.05606
88	105	1.05604
88	106	1.04318
88	118	0.992462
88	132	0.86966
88	169	0.98148
88	175	1.41996
88	180	1.02863
89	7	0.99838
89	22	0.970366
89	34	0.452023
89	37	0.337654
89	50	1.02173
89	55	1.00694
89	64	1.41994
89	66	1.03095
89	73	1.05807
89	74	1.05686
89	75	1.05474
89	77	1.05767
89	82	1.04568
89	84	1.04277
89	88	1.08397
89	92	1.02543
89	101	1.05896
89	105	1.05895
89	107	0.989023
89	159	1.336
89	168	1.29562
89	180	1.03153
90	32	1.5919
90	59	1.42292
90	95	1.1186
90	103	0.83187
90	110	0.982062
90	115	0.184222
90	124	1.00512
90	129	0.995055
90	141	0.990683
90	148	1.00363
90	151	0.989196
90	158	0.992279
90	160	1.00296
90	163	0.981792
90	167	0.958352
90	168	0.919358
90	173	0.939497
90	174	0.977746
90	177	0.909428
90	178	0.925134
90	179	0.923107
90	180	0.980039
91	28	0.968016
91	56	0.938198
91	67	1.00197
91	94	0.786867
91	111	1.08313
91	114	1.01929
91	118	1.03456
91	120	1.06401
91	121	1.01191
91	123	1.05514
91	138	1.04065
91	139	1.02151
91	140	1.01562
91	141	1.04427
91	144	1.03997
91	145	1.04097
91	154	1.05575
91	158	1.04587
91	160	1.05654
91	163	1.03538
91	169	1.02358
91	175	1.46206
92	7	0.936942
92	13	1.39552
92	22	0.908927
92	50	0.960292
92	55	0.9455
92	62	0.996147
92	66	0.969516
92	74	0.99542
92	75	0.993299
92	77	0.996235
92	82	0.984245
92	84	0.981327
92	88	1.02253
92	89	1.02543
92	95	0.697908
92	101	0.997524
92	105	0.997509
92	106	0.984647
92	107	0.927584
92	125	1.20273
92	162	1.72656
92	180	0.970093
93	69	1.00435
93	71	0.995902
93	79	0.850529
93	94	0.878955
93	110	0.975576
93	121	0.951839
93	124	0.998633
93	126	1.40441
93	129	0.98857
93	130	0.986145
93	139	0.961439
93	140	0.955543
93	141	0.984197
93	142	0.981008
93	145	0.980895
93	151	0.98271
93	152	1.00523
93	154	0.995678
93	158	0.985793
93	160	0.99647
93	168	1.88694
93	169	1.11567
94	10	0.555864
94	37	1.10298
94	54	1.03195
94	91	0.786867
94	93	0.878955
94	117	1.07762
94	143	1.09042
94	144	0.962635
94	153	1.07041
94	156	0.975266
94	157	1.04544
94	166	1.02186
94	169	1.07076
94	171	1.04467
94	172	0.973197
94	173	1.01399
94	175	1.01133
94	176	1.05872
94	177	0.983923
94	178	0.999628
94	179	0.997601
94	180	1.05453
95	36	0.500904
95	57	0.797359
95	59	0.920391
95	71	0.513905
95	90	1.1186
95	92	0.697908
95	120	0.958928
95	147	1.10377
95	150	1.1518
95	156	1.03549
95	161	1.12314
95	162	1.07149
95	166	1.08208
95	167	1.09307
95	168	1.05407
95	171	1.1049
95	172	1.03342
95	173	1.07421
95	174	1.11246
95	175	1.07155
95	177	1.04414
95	178	1.05985
95	179	1.05782
96	6	0.972313
96	14	1.05453
96	18	1.05377
96	19	0.955724
96	21	1.05542
96	24	1.03062
96	44	1.02588
96	52	0.940028
96	58	0.983309
96	60	1.06293
96	83	1.02523
96	98	0.985102
96	103	1.03026
96	108	1.01831
96	115	1.04965
96	116	1.0463
96	143	1.11221
96	155	0.920362
96	163	1.00699
96	165	0.990444
96	169	1.02146
96	171	1.21243
96	174	1.24644
97	74	1.32449
97	117	0.961948
97	128	0.989309
97	137	0.960558
97	141	1.40747
97	146	0.943273
97	150	0.975901
97	153	0.954731
97	156	0.859591
97	163	1.49088
97	164	0.92875
97	166	0.906181
97	167	0.917171
97	168	0.878177
97	169	0.955086
97	171	0.928998
97	172	0.857522
97	173	0.898316
97	174	0.936564
97	175	0.895656
97	177	0.868247
97	178	0.883953
97	179	0.881926
98	6	0.92314
98	14	1.00536
98	19	0.90655
98	21	1.00625
98	24	0.981442
98	32	0.900012
98	39	0.960202
98	58	0.934136
98	60	1.01375
98	83	0.976057
98	86	0.960514
98	96	0.985102
98	103	0.981091
98	108	0.969137
98	115	1.00047
98	116	0.99713
98	143	1.14887
98	153	1.38099
98	155	0.957021
98	163	0.957813
98	165	0.941271
98	168	1.95505
98	169	0.972288
99	3	0.911767
99	15	1.0716
99	50	1.2948
99	64	0.940798
99	73	0.643531
99	78	0.969018
99	109	1.06753
99	137	1.00111
99	139	1.16931
99	141	1.09341
99	147	0.968429
99	150	1.01646
99	155	1.01592
99	161	0.987794
99	164	0.969306
99	171	0.969554
99	172	0.898078
99	173	0.938872
99	174	0.97712
99	175	0.936212
99	177	0.908803
99	178	0.924509
99	179	0.922482
100	11	1.03903
100	22	1.18409
100	25	1.06164
100	29	1.06373
100	35	0.82719
100	36	1.04153
100	46	1.05053
100	57	1.01062
100	63	1.02007
100	68	0.999984
100	80	1.04811
100	81	1.0482
100	111	0.693734
100	141	0.910498
100	156	0.949033
100	166	0.995623
100	167	1.00661
100	170	0.598212
100	171	1.01844
100	172	0.946964
100	173	0.987758
100	175	0.985099
100	177	0.95769
100	178	0.973395
101	5	0.582416
101	7	0.97047
101	22	0.942456
101	50	0.993821
101	55	0.979028
101	62	1.02968
101	66	1.00304
101	73	1.03016
101	74	1.02895
101	75	1.02683
101	77	1.02976
101	82	1.01777
101	84	1.01486
101	88	1.05606
101	89	1.05896
101	92	0.997524
101	105	1.03104
101	106	1.01818
101	107	0.961113
101	112	0.870035
101	166	1.53355
101	169	1.09826
101	175	1.53673
101	180	1.00362
102	35	1.00712
102	69	1.02729
102	72	1.02056
102	87	0.994847
102	110	0.99852
102	114	0.982161
102	120	1.02688
102	121	0.974783
102	123	1.01802
102	130	1.00909
102	135	0.988883
102	142	1.00395
102	144	1.00284
102	145	1.00384
102	148	1.02009
102	153	1.27873
102	155	0.854761
102	158	1.00874
102	160	1.01941
102	162	1.44478
102	163	0.998251
102	169	1.08152
102	170	1.09852
102	180	1.18397
103	8	0.961093
103	14	1.05052
103	18	1.04976
103	19	0.951713
103	24	1.0266
103	32	0.945174
103	39	1.00536
103	58	0.979298
103	60	1.05892
103	83	1.02122
103	86	1.00568
103	90	0.83187
103	96	1.03026
103	98	0.981091
103	108	1.0143
103	115	1.04564
103	116	1.04229
103	117	0.855414
103	163	1.00298
103	165	0.986433
103	166	1.43003
103	169	1.01745
103	174	1.09405
103	178	1.38834
104	53	0.98849
104	71	1.01933
104	76	1.73966
104	110	0.999009
104	111	1.04649
104	121	0.975272
104	135	0.989371
104	136	0.998783
104	137	0.797212
104	139	0.984871
104	140	0.978976
104	141	1.00763
104	144	1.00333
104	145	1.00433
104	151	1.00614
104	152	1.02866
104	154	1.01911
104	158	1.00923
104	160	1.0199
104	163	0.998739
104	168	1.38149
104	170	1.09901
104	175	1.04869
104	176	0.669044
105	7	0.970455
105	22	0.942441
105	50	0.993806
105	55	0.979013
105	62	1.02966
105	66	1.00303
105	73	1.03015
105	74	1.02893
105	75	1.02681
105	77	1.02975
105	82	1.01776
105	84	1.01484
105	88	1.05604
105	89	1.05895
105	92	0.997509
105	101	1.03104
105	106	1.01816
105	107	0.961098
105	113	0.86132
105	134	1.09485
105	150	0.968579
105	157	1.33153
105	166	1.55129
105	180	1.00361
106	11	1.0705
106	22	0.929579
106	25	1.02408
106	29	1.02617
106	46	1.01298
106	47	1.02009
106	54	1.00156
106	57	0.973064
106	59	0.982316
106	68	0.962428
106	74	1.01607
106	75	1.01395
106	80	1.01055
106	81	1.01064
106	82	1.0049
106	88	1.04318
106	92	0.984647
106	101	1.01818
106	105	1.01816
106	107	0.948235
106	137	1.27914
106	138	0.926849
106	153	1.28936
106	161	1.21546
106	180	0.990744
107	14	1.42483
107	18	1.40384
107	22	0.872516
107	36	1.77133
107	50	0.923881
107	73	0.960221
107	84	0.944915
107	89	0.989023
107	92	0.927584
107	101	0.961113
107	105	0.961098
107	106	0.948235
107	156	0.854414
107	159	0.874038
107	164	0.923574
107	168	0.873
107	171	0.923822
107	173	0.893139
107	174	0.931388
107	175	0.89048
107	176	0.937871
107	179	0.876749
107	180	0.933682
108	6	0.956348
108	8	0.949138
108	14	1.03857
108	15	0.615207
108	18	1.03781
108	21	1.03945
108	24	1.01465
108	32	0.93322
108	34	0.964397
108	39	0.993409
108	44	1.00992
108	58	0.967344
108	83	1.00926
108	86	0.993722
108	96	1.01831
108	98	0.969137
108	103	1.0143
108	115	1.03368
108	116	1.03034
108	127	1.56585
108	149	1.15215
108	163	0.991021
108	165	0.974479
108	169	1.0055
108	173	1.28969
109	13	1.05397
109	23	0.984315
109	47	0.619204
109	60	0.817134
109	76	1.01102
109	79	0.941286
109	99	1.06753
109	121	0.895589
109	122	1.08367
109	125	1.06727
109	129	0.900139
109	131	1.10506
109	147	1.05333
109	149	1.05956
109	155	1.10081
109	164	1.0542
109	166	1.03163
109	167	1.04262
109	168	1.00363
109	170	0.374084
109	171	1.05445
109	172	0.982975
109	174	1.06202
109	177	0.9937
109	178	1.00941
109	179	1.00738
110	65	0.96727
110	67	0.946562
110	87	0.976562
110	90	0.982062
110	93	0.975576
110	102	0.99852
110	104	0.999009
110	111	1.02772
110	121	0.956498
110	124	1.00329
110	126	1.06093
110	135	0.970598
110	136	0.98001
110	139	0.966098
110	141	0.988857
110	142	0.985668
110	144	0.984557
110	147	0.938825
110	152	1.00989
110	154	1.00034
110	158	0.990453
110	160	1.00113
110	166	1.20749
110	170	1.08023
110	172	1.67682
110	179	1.45475
111	13	0.815606
111	41	1.04473
111	71	1.04804
111	72	1.04976
111	91	1.08313
111	100	0.693734
111	104	1.04649
111	110	1.02772
111	114	1.01136
111	119	1.15209
111	123	1.04721
111	129	1.04071
111	130	1.03828
111	135	1.01808
111	136	1.02749
111	138	1.03272
111	140	1.00768
111	142	1.03315
111	148	1.04929
111	152	1.05737
111	157	0.998918
111	158	1.03793
111	160	1.04861
111	161	0.906698
111	163	1.02745
111	179	1.46594
112	6	1.18641
112	34	1.05267
112	101	0.870035
112	125	1.01151
112	131	1.0493
112	140	0.962325
112	145	0.936203
112	149	1.0038
112	150	1.04559
112	157	0.999456
112	159	0.948906
112	160	0.659459
112	161	1.01693
112	164	0.998442
112	167	0.986863
112	168	0.947868
112	171	0.99869
112	172	0.927213
112	173	0.968007
112	174	1.00626
112	175	0.965348
112	176	1.01274
112	177	0.937939
112	178	0.953645
112	179	0.951617
112	180	1.00855
113	34	1.09887
113	41	0.994996
113	45	0.948878
113	70	1.05132
113	80	0.936536
113	105	0.86132
113	143	1.09064
113	144	0.944676
113	149	1.05001
113	153	1.07063
113	157	1.04566
113	159	0.995112
113	160	0.633009
113	161	1.06314
113	162	1.01149
113	167	1.03307
113	168	0.994075
113	170	0.433187
113	171	1.0449
113	172	0.97342
113	173	1.01421
113	174	1.05246
113	175	1.01155
113	176	1.05894
113	177	0.984145
113	178	0.999851
113	179	0.997824
114	41	0.980891
114	53	0.953358
114	67	0.930203
114	70	1.26515
114	91	1.01929
114	102	0.982161
114	111	1.01136
114	123	0.983372
114	124	0.986933
114	128	0.904699
114	129	0.97687
114	130	0.974445
114	135	0.954239
114	136	0.963651
114	141	0.972497
114	142	0.969309
114	144	0.968198
114	145	0.969195
114	147	1.31134
114	151	0.97101
114	152	0.993532
114	154	0.983978
114	158	0.974093
114	160	0.98477
114	164	1.31785
114	170	1.06388
114	173	1.39768
115	6	0.987684
115	8	0.980475
115	14	1.0699
115	18	1.06914
115	19	0.971095
115	21	1.07079
115	24	1.04599
115	32	0.964556
115	39	1.02475
115	44	1.04125
115	58	0.99868
115	60	1.0783
115	62	0.576174
115	79	3.61919
115	86	1.02506
115	90	0.184222
115	96	1.04965
115	98	1.00047
115	103	1.04564
115	108	1.03368
115	116	1.06167
115	137	0.534084
115	153	0.544296
115	163	1.02236
115	164	0.520238
115	165	1.00582
115	169	1.03683
116	6	0.984341
116	8	0.977132
116	9	0.864358
116	14	1.06656
116	18	1.0658
116	21	1.06745
116	24	1.04264
116	32	0.961213
116	39	1.0214
116	44	1.03791
116	58	0.995337
116	60	1.07495
116	83	1.03726
116	86	1.02172
116	96	1.0463
116	98	0.99713
116	103	1.04229
116	108	1.03034
116	115	1.06167
116	126	1.02634
116	150	0.590183
116	156	1.77817
116	162	1.10086
116	163	1.01901
116	165	1.00247
116	169	1.03349
116	175	1.17607
117	41	1.11035
117	94	1.07762
117	97	0.961948
117	103	0.855414
117	119	0.969854
117	132	1.03535
117	137	1.02098
117	143	1.03517
117	144	1.06003
117	145	1.0251
117	153	1.01515
117	156	0.920013
117	157	0.990187
117	158	0.768089
117	164	0.989173
117	166	0.966604
117	167	0.977594
117	171	0.989421
117	172	0.917944
117	173	0.958738
117	174	0.996987
117	175	0.956079
117	176	1.00347
117	177	0.92867
117	178	0.944375
117	179	0.942348
117	180	0.999281
118	30	0.928912
118	31	1.0273
118	40	0.999639
118	43	0.998927
118	49	0.985112
118	51	0.984663
118	58	1.04788
118	63	1.21462
118	88	0.992462
118	91	1.03456
118	122	1.01544
118	133	0.995573
118	136	0.888152
118	146	1.0005
118	150	1.03312
118	156	0.916814
118	162	0.952811
118	165	0.981293
118	168	0.9354
118	170	1.0981
118	171	0.986222
118	172	0.914745
118	174	0.993788
118	175	0.95288
118	176	1.00027
118	178	0.941176
118	179	0.939149
119	34	0.990881
119	61	0.966172
119	86	1.47435
119	111	1.15209
119	117	0.969854
119	126	0.95187
119	128	0.997215
119	132	0.982834
119	134	0.965477
119	136	1.24587
119	137	0.968465
119	147	0.935779
119	150	0.983807
119	154	1.29916
119	156	0.867497
119	157	0.93767
119	159	0.887121
119	161	0.955144
119	162	0.903494
119	166	0.914087
119	167	0.925077
119	172	0.865428
119	173	0.906222
119	174	0.944471
119	175	0.903562
119	177	0.876153
119	178	0.891859
119	179	0.889832
120	28	0.940966
120	35	1.0172
120	67	0.974925
120	87	1.00493
120	91	1.06401
120	95	0.958928
120	102	1.02688
120	121	0.984861
120	124	1.03165
120	129	1.02159
120	135	0.998961
120	139	0.994461
120	140	0.988566
120	141	1.01722
120	142	1.01403
120	143	0.783672
120	145	1.01392
120	148	1.03017
120	151	1.01573
120	152	1.03825
120	154	1.0287
120	156	1.85915
120	158	1.01882
120	160	1.02949
120	164	0.991732
120	165	1.05224
120	167	0.995691
120	170	1.1086
121	65	0.943532
121	72	0.978542
121	87	0.952825
121	91	1.01191
121	93	0.951839
121	102	0.974783
121	104	0.975272
121	109	0.895589
121	110	0.956498
121	120	0.984861
121	123	0.975994
121	124	0.979555
121	129	0.969492
121	135	0.94686
121	136	0.956273
121	138	0.961498
121	139	0.942361
121	141	0.965119
121	148	0.978069
121	152	0.986153
121	154	0.9766
121	155	0.982607
121	158	0.966715
121	160	0.977392
121	170	1.0565
121	174	1.30868
121	175	1.64784
121	178	1.60297
122	45	0.889675
122	57	1.50372
122	79	0.872529
122	83	1.03255
122	109	1.08367
122	118	1.01544
122	125	0.99851
122	133	1.03274
122	142	0.888232
122	146	0.999968
122	157	0.986459
122	159	0.93591
122	161	1.00393
122	162	0.952283
122	164	0.985445
122	166	0.962876
122	167	0.973867
122	168	0.934872
122	170	0.72883
122	171	0.985693
122	172	0.914217
122	173	0.955011
122	174	0.99326
122	175	0.952351
122	176	0.999742
122	177	0.924942
122	178	0.940648
122	179	0.938621
122	180	0.995553
123	1	0.957049
123	23	1.02254
123	65	0.986765
123	67	0.966058
123	71	1.02006
123	72	1.02177
123	91	1.05514
123	102	1.01802
123	111	1.04721
123	114	0.983372
123	121	0.975994
123	125	0.760472
123	132	0.809218
123	133	0.9972
123	136	0.999506
123	138	1.00473
123	140	0.979699
123	142	1.00516
123	148	1.0213
123	151	1.00687
123	152	1.02939
123	154	1.01983
123	157	1.13657
123	158	1.00995
123	160	1.02063
123	163	0.999462
123	172	1.82567
123	173	1.17401
123	178	1.31465
124	5	0.516935
124	23	1.0261
124	28	0.93566
124	69	1.03207
124	87	0.999619
124	90	1.00512
124	93	0.998633
124	110	1.00329
124	114	0.986933
124	120	1.03165
124	121	0.979555
124	129	1.01629
124	130	1.01386
124	135	0.993654
124	136	1.00307
124	140	0.983259
124	141	1.01191
124	142	1.00872
124	147	1.19941
124	148	1.02486
124	150	0.885363
124	151	1.01043
124	152	1.03295
124	154	1.02339
124	158	1.01351
124	160	1.02419
124	171	1.09808
124	175	1.47125
124	179	1.71534
125	4	1.60851
125	5	1.10402
125	43	1.03806
125	65	1.19022
125	92	1.20273
125	109	1.06727
125	112	1.01151
125	122	0.99851
125	123	0.760472
125	146	0.983562
125	149	0.9744
125	153	0.99502
125	155	1.01565
125	156	0.89988
125	157	0.970053
125	159	0.919504
125	161	0.987527
125	162	0.935877
125	164	0.969039
125	167	0.957461
125	168	0.918466
125	171	0.969287
125	172	0.897811
125	173	0.938605
125	174	0.976854
125	175	0.935946
125	177	0.908536
125	178	0.924242
125	179	0.922215
126	55	1.35639
126	93	1.40441
126	110	1.06093
126	116	1.02634
126	119	0.95187
126	127	0.947754
126	128	1.03175
126	134	1.00001
126	143	1.01718
126	151	0.925093
126	153	0.997169
126	157	0.972202
126	159	0.921652
126	161	0.989675
126	162	0.938026
126	164	0.971188
126	165	0.966507
126	166	0.948619
126	167	0.959609
126	168	0.920615
126	171	0.971436
126	172	0.89996
126	173	0.940753
126	174	0.979002
126	175	0.938094
126	176	0.985485
126	177	0.910685
126	178	0.926391
126	179	0.924364
126	180	0.981296
127	13	0.932303
127	33	1.00868
127	71	1.70843
127	73	1.07941
127	74	1.44631
127	85	0.939572
127	108	1.56585
127	126	0.947754
127	137	0.964349
127	138	0.949671
127	143	0.978537
127	147	0.931663
127	149	0.937901
127	153	0.958521
127	155	0.97915
127	159	0.883005
127	161	0.951028
127	162	0.899378
127	164	0.932541
127	166	0.909972
127	168	0.881967
127	171	0.932789
127	172	0.861312
127	173	0.902106
127	175	0.899447
127	177	0.872038
127	178	0.887743
127	179	0.885716
127	180	0.942649
128	72	0.907166
128	76	0.973354
128	97	0.989309
128	114	0.904699
128	119	0.997215
128	126	1.03175
128	129	0.973909
128	132	1.06271
128	135	0.757444
128	143	1.06253
128	144	0.959343
128	149	1.02189
128	154	0.690452
128	155	1.06314
128	156	0.947374
128	159	0.966997
128	161	1.03502
128	162	0.983371
128	166	0.993964
128	167	1.00495
128	168	0.96596
128	171	1.01678
128	172	0.945305
128	173	0.986099
128	174	1.02435
128	175	0.983439
128	176	1.03083
128	177	0.95603
128	178	0.971736
128	179	0.969709
129	42	0.923308
129	67	0.959555
129	90	0.995055
129	93	0.98857
129	109	0.900139
129	111	1.04071
129	114	0.97687
129	120	1.02159
129	121	0.969492
129	124	1.01629
129	128	0.973909
129	131	1.04286
129	133	0.990698
129	135	0.983591
129	139	0.979091
129	140	0.973196
129	141	1.00185
129	142	0.998661
129	144	0.99755
129	145	0.998548
129	146	1.24797
129	148	1.0148
129	151	1.00036
129	154	1.01333
129	158	1.00345
129	160	1.01412
129	163	0.99296
129	170	1.09323
129	174	1.31323
129	180	1.31636
130	28	0.923172
130	53	0.980286
130	65	0.977838
130	67	0.957131
130	69	1.01958
130	93	0.986145
130	102	1.00909
130	111	1.03828
130	114	0.974445
130	124	1.01386
130	135	0.981166
130	139	0.976667
130	140	0.970771
130	141	0.999425
130	142	0.996236
130	143	0.9501
130	144	0.995126
130	145	0.996123
130	148	1.01238
130	151	0.997938
130	152	1.02046
130	154	1.01091
130	158	1.00102
130	160	1.0117
130	165	1.21867
130	170	1.0908
130	173	1.23798
130	175	1.42349
130	176	1.04384
130	178	1.37862
131	74	0.746119
131	78	1.00655
131	87	1.039
131	109	1.10506
131	112	1.0493
131	129	1.04286
131	134	1.03565
131	137	1.03864
131	141	0.829096
131	147	1.00596
131	148	0.85065
131	149	1.01219
131	155	1.05344
131	156	0.937675
131	157	1.00785
131	161	1.02532
131	162	0.973672
131	163	0.912513
131	166	0.984265
131	167	0.995255
131	168	0.956261
131	171	1.00708
131	172	0.935606
131	173	0.9764
131	174	1.01465
131	175	0.97374
131	176	1.02113
131	177	0.946331
131	178	0.962037
131	179	0.96001
132	60	1.01909
132	64	0.973645
132	86	0.993825
132	88	0.86966
132	117	1.03535
132	119	0.982834
132	123	0.809218
132	128	1.06271
132	140	1.07873
132	143	1.04815
132	145	1.05261
132	149	1.00751
132	153	1.02813
132	155	1.04876
132	156	0.932993
132	159	0.952617
132	161	1.02064
132	164	1.00215
132	166	0.979583
132	167	0.990574
132	168	0.951579
132	171	1.0024
132	172	0.930924
132	173	0.971718
132	174	1.00997
132	175	0.969059
132	176	1.01645
132	177	0.941649
132	178	0.957355
132	179	0.955328
132	180	1.01226
133	10	1.06284
133	12	1.03461
133	16	0.955966
133	30	0.908512
133	31	1.0069
133	35	0.986305
133	40	0.979239
133	43	0.978527
133	49	0.964712
133	51	0.964263
133	66	1.25708
133	118	0.995573
133	122	1.03274
133	123	0.9972
133	129	0.990698
133	137	1.17877
133	140	0.957671
133	142	0.983136
133	144	0.982026
133	145	0.983023
133	148	0.999275
133	150	1.01272
133	151	0.984838
133	157	1.20731
133	158	0.987921
133	160	0.998598
133	163	0.977435
133	165	1.22543
133	170	1.0777
133	176	0.979871
133	180	1.09422
134	15	1.08709
134	37	1.04335
134	70	0.991468
134	72	1.12603
134	78	0.984507
134	82	1.14181
134	84	0.878862
134	105	1.09485
134	119	0.965477
134	126	1.00001
134	131	1.03565
134	137	1.0166
134	138	1.00193
134	142	0.82612
134	146	0.999318
134	147	0.983918
134	149	0.990156
134	154	0.909316
134	155	1.0314
134	161	1.00328
134	162	0.951633
134	164	0.984795
134	167	0.973216
134	168	0.934222
134	171	0.985043
134	172	0.913567
134	173	0.954361
134	174	0.99261
134	175	0.951701
134	177	0.924292
134	178	0.939998
134	179	0.937971
135	34	0.92513
135	41	0.987612
135	53	0.960079
135	65	0.957632
135	71	0.990923
135	87	0.966924
135	102	0.988883
