1	117	1.0366
1	134	1.05409
1	142	0.933849
1	143	0.898896
1	148	1.05293
1	151	1.05277
1	164	1.06025
1	166	0.904681
1	168	1.0436
1	170	1.05603
1	177	1.04373
1	178	0.870275
2	70	0.931314
2	76	1.21923
2	108	1.18813
2	131	0.941885
2	136	0.916285
2	150	0.920708
2	151	0.937955
2	156	0.935456
2	157	0.943975
2	161	0.926989
2	164	0.945433
2	178	1.19934
3	122	0.904765
3	133	0.902176
3	141	0.868488
3	156	0.916182
3	162	1.03719
3	167	1.05471
3	171	1.05277
3	173	1.04865
3	174	1.05461
3	175	1.05797
3	178	1.04401
3	180	1.05009
4	30	1.1044
4	69	1.16103
4	77	0.90272
4	111	0.964471
4	122	0.92768
4	139	0.916872
4	146	0.943417
4	147	1.34081
4	149	0.943217
4	158	0.932606
4	163	0.931232
4	169	0.937785
5	42	0.898259
5	66	0.937118
5	74	1.00652
5	81	0.940225
5	88	1.00079
5	93	0.970596
5	149	0.97917
5	155	1.07734
5	161	1.12193
5	168	0.96732
5	179	1.10688
6	92	0.890098
6	123	1.18077
6	128	0.95293
6	139	0.922952
6	141	0.932508
6	159	0.93779
6	169	0.943865
6	170	0.949875
6	172	0.942816
6	176	0.927166
6	177	1.20173
6	179	1.22359
7	25	0.91641
7	50	0.858139
7	51	0.97288
7	54	0.955352
7	100	0.930796
7	102	0.971845
7	161	1.21
7	163	0.925504
7	170	0.938066
7	172	0.931008
7	175	1.16644
7	176	1.22978
8	53	1.14014
8	104	0.916675
8	118	0.923502
8	131	0.947908
8	132	0.900818
8	138	0.924022
8	148	0.94414
8	156	0.94148
8	157	0.949999
8	164	0.951457
8	167	1.23731
8	174	1.22858
9	40	0.918126
9	83	0.913709
9	86	1.24296
9	111	0.973301
9	132	0.906204
9	133	0.921898
9	137	0.926466
9	146	0.952246
9	152	1.19162
9	158	0.941435
9	169	0.946615
9	173	1.17164
10	116	1.17846
10	125	0.926916
10	136	0.920671
10	142	1.24386
10	148	0.942503
10	150	0.925095
10	151	0.942342
10	156	0.939843
10	157	0.948362
10	160	1.184
10	161	0.931375
10	176	0.922893
11	19	1.19304
11	109	1.14727
11	140	0.948019
11	144	0.907298
11	147	0.952876
11	148	1.2538
11	171	0.933375
11	174	0.935214
11	175	0.938578
11	178	0.924612
11	179	0.929336
11	180	0.930692
12	68	1.17751
12	89	0.893923
12	108	1.20701
12	127	0.914759
12	131	0.951118
12	138	0.927233
12	150	0.929942
12	156	0.94469
12	157	0.953209
12	160	1.22194
12	164	0.954667
12	179	0.930459
13	35	1.11182
13	74	1.07
13	81	1.0037
13	88	1.06427
13	93	1.03408
13	116	0.848756
13	132	0.991588
13	149	1.04265
13	153	1.04268
13	168	1.0308
13	176	0.912476
13	177	0.855787
14	30	1.02238
14	46	0.966079
14	54	0.947795
14	60	0.921338
14	82	0.905351
14	100	0.92324
14	102	0.964289
14	152	1.30599
14	163	0.917947
14	170	0.93051
14	172	0.923451
14	174	1.27765
15	26	0.932734
15	137	0.923551
15	146	0.857502
15	158	0.881213
15	162	1.03945
15	165	1.03891
15	171	1.05503
15	173	1.05091
15	174	1.05687
15	175	1.06023
15	178	1.04626
15	180	1.05234
16	81	0.936693
16	84	0.815442
16	98	0.943503
16	114	0.896485
16	136	1.04125
16	141	1.04881
16	148	1.06308
16	162	1.03465
16	164	1.07039
16	165	1.03411
16	169	1.06017
16	180	1.04754
17	18	1.08992
17	56	0.865832
17	114	1.25552
17	124	1.24897
17	134	0.949297
17	141	0.933873
17	153	0.950688
17	164	0.955457
17	169	0.94523
17	175	0.940492
17	178	0.926525
17	180	0.932606
18	17	1.08992
18	52	1.07821
18	66	1.01141
18	74	1.08081
18	81	1.01451
18	88	1.07508
18	93	1.04489
18	115	0.923492
18	133	0.779011
18	153	1.05349
18	168	1.04161
18	180	0.809387
19	11	1.19304
19	64	1.00042
19	127	0.991854
19	128	0.887274
19	136	1.00261
19	148	1.02445
19	150	1.00704
19	156	1.02178
19	164	1.03176
19	174	0.908326
19	175	0.917348
19	176	1.00483
19	177	1.01525
20	116	0.914624
20	123	0.918907
20	136	1.28445
20	137	1.3357
20	157	1.27538
20	162	0.895046
20	167	0.912565
20	173	0.906504
20	174	0.912459
20	175	0.915824
20	177	0.914277
20	178	0.901857
20	180	0.907938
21	35	0.886063
21	80	0.968761
21	155	1.01384
21	159	1.04601
21	164	0.990473
21	165	0.998406
21	166	1.00914
21	171	1.01452
21	173	1.01041
21	174	1.01636
21	175	1.01973
21	178	1.00576
21	180	1.01184
22	41	1.05573
22	70	0.938402
22	77	1.03537
22	88	1.03537
22	93	1.00518
22	114	1.01232
22	124	1.0006
22	156	0.992287
22	157	0.925692
22	168	1.0019
22	175	1.00358
22	178	0.989616
22	180	0.995696
23	36	0.882672
23	107	0.984339
23	112	0.989576
23	113	1.03076
23	114	1.0281
23	120	1.0307
23	124	1.01639
23	160	0.992197
23	167	0.987515
23	173	0.987151
23	176	1.05114
23	177	1.01782
23	179	1.01012
24	41	0.960659
24	98	0.910517
24	112	0.878721
24	113	0.919907
24	114	0.917246
24	120	0.919846
24	124	0.905532
24	160	0.881343
24	170	1.24158
24	176	1.36128
24	177	0.906962
24	178	1.29939
24	179	0.899266
25	7	0.91641
25	46	1.052
25	51	1.05125
25	82	0.991276
25	100	1.00916
25	101	0.940936
25	102	1.05021
25	163	1.00387
25	170	1.01643
25	172	1.00938
25	175	0.958588
25	176	1.02192
25	179	0.987096
26	15	0.932734
26	31	0.897462
26	95	1.05045
26	96	1.01626
26	112	0.993324
26	113	1.03451
26	114	1.03185
26	120	1.03445
26	124	1.02013
26	137	1.0117
26	170	0.953395
26	174	1.00074
26	177	1.02157
27	45	1.05387
27	49	0.922231
27	73	0.928501
27	94	0.971567
27	126	1.00204
27	133	0.994979
27	145	1.00438
27	146	1.02533
27	158	1.01452
27	159	1.01362
27	169	1.0197
27	173	1.02531
27	177	1.03261
28	42	1.3222
28	97	0.922125
28	133	1.30797
28	136	1.26445
28	152	0.891374
28	166	0.90692
28	167	0.914253
28	171	0.912308
28	173	0.908192
28	174	0.914147
28	175	0.917511
28	178	0.903545
28	180	0.909625
29	56	0.93952
29	117	1.0055
29	128	0.955578
29	134	1.02299
29	135	1.00915
29	148	1.02183
29	151	1.02167
29	155	0.984616
29	156	1.01917
29	157	1.02769
29	164	1.02914
29	168	1.0125
29	172	0.95889
30	4	1.1044
30	14	1.02238
30	81	1.06212
30	93	1.09249
30	110	0.66741
30	111	0.679359
30	131	1.10231
30	156	1.09588
30	159	0.721319
30	164	1.10586
30	168	1.08921
30	173	1.08158
30	174	1.08753
30	180	1.08301
31	26	0.897462
31	95	0.918279
31	98	0.892953
31	107	0.855921
31	109	0.91053
31	112	0.861158
31	113	0.902344
31	120	0.902283
31	124	0.887968
31	152	1.41439
31	175	1.39507
31	177	0.889399
31	178	1.39651
31	179	0.881703
32	75	0.93916
32	79	1.04778
32	80	1.097
32	139	1.07825
32	141	1.08781
32	146	1.1048
32	148	0.790898
32	158	1.09399
32	159	1.09309
32	166	0.847266
32	169	1.09917
32	172	1.09812
32	175	0.811424
32	177	0.818068
33	39	1.12475
33	59	1.00996
33	99	0.992706
33	116	0.986979
33	153	1.02022
33	158	1.03793
33	162	0.967401
33	165	0.966858
33	166	0.977588
33	167	0.98492
33	173	0.978859
33	175	0.988179
33	176	0.976217
33	180	0.980293
34	80	1.01757
34	126	1.08125
34	135	0.984585
34	146	1.04374
34	152	0.965134
34	157	1.04947
34	162	0.970494
34	165	0.969951
34	167	0.988013
34	173	0.981952
34	174	0.987907
34	175	0.991272
34	178	0.977305
34	180	0.983386
35	13	1.11182
35	21	0.886063
35	42	1.0252
35	66	1.06406
35	81	1.06716
35	88	1.12773
35	93	1.09753
35	140	0.818579
35	147	0.79779
35	149	1.10611
35	153	1.10613
35	168	1.09426
35	174	0.816642
35	176	0.888997
36	23	0.882672
36	54	0.865304
36	74	0.76529
36	113	0.848583
36	120	0.829177
36	151	1.0967
36	157	1.10272
36	158	1.08877
36	164	1.10417
36	169	1.09395
36	173	1.07989
36	176	1.07725
36	178	1.07524
36	180	1.08132
37	75	0.955426
37	77	1.12498
37	141	1.0342
37	153	1.01556
37	162	0.972007
37	165	0.971464
37	166	0.982193
37	167	0.989525
37	170	1.0173
37	173	0.983465
37	174	0.98942
37	175	0.992784
37	178	0.978818
37	180	0.984898
38	40	0.963394
38	106	0.948772
38	126	0.974231
38	129	1.11759
38	141	0.980526
38	158	0.986703
38	159	0.985807
38	163	0.985329
38	168	0.985464
38	169	0.991882
38	170	0.997892
38	171	1.03255
38	175	1.01473
38	179	1.04324
39	33	1.12475
39	121	0.945893
39	123	1.03075
39	125	0.970663
39	131	0.990018
39	134	0.987407
39	136	0.964418
39	148	0.98625
39	151	0.986089
39	156	0.983589
39	157	0.992108
39	160	1.05022
39	164	0.993566
39	169	0.997189
40	9	0.918126
40	38	0.963394
40	87	0.962076
40	111	1.02427
40	137	0.977435
40	139	0.97667
40	158	0.992404
40	159	0.991508
40	162	1.07294
40	166	1.06677
40	167	1.03063
40	169	0.997583
40	172	0.996534
40	177	1.03757
41	22	1.05573
41	24	0.960659
41	71	1.03945
41	96	1.06189
41	98	1.07075
41	112	1.03896
41	120	1.08008
41	124	1.06577
41	132	1.00513
41	153	0.804576
41	161	0.906237
41	163	0.864727
41	176	0.926015
41	177	1.0672
41	179	1.0595
42	5	0.898259
42	28	1.3222
42	35	1.0252
42	52	0.98077
42	66	0.913973
42	74	0.983378
42	81	0.91708
42	88	0.977642
42	93	0.947451
42	149	0.956025
42	153	0.956051
42	161	1.05064
42	165	1.06286
42	168	0.944174
42	176	1.07041
43	53	0.969253
43	94	0.915001
43	110	0.988723
43	126	0.945478
43	139	0.942217
43	141	0.951773
43	145	0.947816
43	155	1.11751
43	158	0.957951
43	163	0.956577
43	167	1.11826
43	169	0.96313
43	172	0.962081
43	177	1.12519
43	179	1.14706
44	60	1.0374
44	89	1.20617
44	95	0.98801
44	107	0.925652
44	126	0.947763
44	131	1.1161
44	145	0.950101
44	156	1.13156
44	159	0.959339
44	169	0.965415
44	171	0.955473
44	174	0.957312
44	178	0.94671
44	179	0.951434
44	180	0.952791
45	27	1.05387
45	80	1.05808
45	87	1.02474
45	106	1.01713
45	111	1.08693
45	139	1.03933
45	141	1.04889
45	145	1.04493
45	146	1.06587
45	147	0.851388
45	151	0.887306
45	154	0.956191
45	169	1.06024
45	179	0.907771
45	180	0.903855
46	14	0.966079
46	25	1.052
46	50	0.993733
46	60	1.06449
46	82	1.0485
46	100	1.06639
46	102	1.10744
46	103	0.799111
46	123	0.883267
46	161	0.941139
46	163	1.0611
46	170	1.07366
46	172	1.0666
46	176	0.960917
46	179	0.926092
47	89	1.01464
47	97	0.918828
47	104	1.0406
47	136	1.04623
47	138	1.04795
47	140	0.882772
47	148	1.06807
47	150	1.05066
47	152	0.909175
47	154	1.03137
47	157	1.07392
47	163	0.891903
47	164	1.07538
47	171	0.907681
47	179	1.05117
48	69	1.03362
48	112	1.15971
48	123	0.957131
48	129	0.931569
48	136	1.11064
48	144	0.922768
48	147	0.968346
48	158	1.11955
48	167	0.950789
48	170	1.10358
48	174	0.950683
48	175	0.954048
48	178	0.940081
48	179	0.944805
48	180	0.946162
49	27	0.922231
49	83	0.939202
49	105	0.943116
49	113	0.849981
49	152	1.03242
49	153	0.836792
49	155	1.05267
49	166	1.04797
49	167	1.0553
49	171	1.05336
49	173	1.04924
49	174	1.0552
49	175	1.05856
49	178	1.04459
49	180	1.05068
50	7	0.858139
50	46	0.993733
50	51	0.992977
50	54	0.975449
50	60	0.948991
50	82	0.933005
50	100	0.950894
50	102	0.991943
50	132	1.21859
50	140	1.06906
50	160	1.08129
50	163	0.945601
50	170	0.958163
50	172	0.951105
50	176	1.13948
51	7	0.97288
51	25	1.05125
51	50	0.992977
51	60	1.06373
51	82	1.04775
51	100	1.06564
51	102	1.10668
51	132	0.990897
51	163	1.06034
51	165	0.904232
51	167	0.848158
51	170	1.07291
51	172	1.06585
51	176	0.911784
51	177	0.855095
52	18	1.07821
52	42	0.98077
52	66	1.01963
52	74	1.08903
52	81	1.02274
52	88	1.0833
52	93	1.05311
52	149	1.06168
52	153	1.06171
52	161	0.916801
52	163	0.875291
52	168	1.04983
52	176	0.936579
52	177	0.87989
52	179	0.901754
53	8	1.14014
53	43	0.969253
53	54	0.872971
53	98	1.02946
53	114	1.03619
53	133	1.00748
53	135	1.02077
53	138	0.948463
53	150	0.921127
53	156	0.909388
53	169	1.0322
53	175	1.02746
53	177	1.02591
53	178	1.01349
53	179	1.01821
53	180	1.01957
54	7	0.955352
54	14	0.947795
54	36	0.865304
54	50	0.975449
54	53	0.872971
54	55	0.96121
54	60	1.0462
54	82	1.03022
54	100	1.04811
54	102	1.08916
54	123	0.956123
54	132	1.11288
54	163	1.04281
54	170	1.05538
54	172	1.04832
54	179	0.998948
55	54	0.96121
55	96	1.16951
55	100	0.936654
55	118	0.920187
55	120	1.17429
55	129	0.910698
55	131	0.944593
55	139	1.24825
55	141	1.19914
55	148	0.940826
55	162	0.912399
55	164	0.948142
55	170	0.943924
55	172	0.936866
55	178	0.91921
55	180	0.925291
56	17	0.865832
56	29	0.93952
56	127	0.916994
56	136	0.927753
56	138	0.929468
56	148	0.949586
56	149	1.15707
56	150	0.932177
56	151	0.949424
56	156	0.946925
56	157	0.955444
56	162	1.25322
56	163	1.21324
56	164	0.956902
56	172	1.18443
56	176	0.929975
57	78	1.0237
57	83	1.00304
57	92	0.982174
57	94	0.987812
57	126	1.01829
57	136	0.90768
57	139	1.01503
57	145	1.02063
57	146	1.04157
57	158	1.03076
57	159	1.02987
57	167	0.956691
57	169	1.03594
57	172	1.03489
57	173	0.956327
57	178	0.95842
58	84	1.06245
58	96	1.0152
58	107	0.987031
58	112	0.992268
58	113	1.03345
58	114	1.03079
58	120	1.03339
58	124	1.01908
58	142	0.989447
58	144	1.0125
58	147	0.896562
58	154	0.993012
58	173	0.92378
58	176	0.98777
58	177	1.02051
58	179	1.01281
59	33	1.00996
59	80	1.03271
59	83	1.00197
59	94	0.986748
59	126	1.01723
59	133	1.01016
59	137	1.01473
59	141	1.02352
59	145	1.01956
59	158	1.0297
59	159	1.0288
59	162	0.972297
59	167	0.929982
59	169	1.03488
59	177	0.936919
59	179	0.958784
60	14	0.921338
60	44	1.0374
60	46	1.06449
60	50	0.948991
60	51	1.06373
60	54	1.0462
60	67	0.991361
60	82	1.00376
60	100	1.02165
60	102	1.0627
60	128	0.882626
60	161	0.956256
60	163	1.01636
60	170	1.02892
60	172	1.02186
60	179	0.941209
61	77	0.997511
61	92	0.978809
61	128	1.04164
61	133	1.00786
61	134	0.91726
61	137	1.01243
61	141	1.02122
61	145	1.01726
61	153	1.03803
61	159	1.0265
61	162	0.998796
61	168	1.02616
61	169	1.03258
61	174	0.947752
61	175	0.956774
61	179	0.985282
62	99	0.947837
62	113	1.20648
62	142	0.922197
62	145	1.21745
62	152	0.917172
62	155	0.937422
62	162	0.922533
62	164	1.18284
62	166	0.932719
62	168	1.18595
62	171	0.938107
62	173	0.933991
62	174	0.939945
62	175	0.94331
62	178	0.929343
62	180	0.935424
63	90	1.08462
63	100	0.968257
63	106	1.09869
63	144	0.968936
63	147	1.01451
63	152	0.974079
63	155	0.994329
63	157	0.972993
63	166	0.989626
63	167	0.996958
63	168	0.965919
63	171	0.995013
63	173	0.990897
63	174	0.996852
63	175	1.00022
63	178	0.98625
63	180	0.99233
64	19	1.00042
64	105	0.974263
64	121	0.967513
64	127	0.975279
64	128	0.98661
64	132	0.964549
64	134	1.00903
64	135	1.04018
64	144	1.10475
64	147	0.988809
64	148	1.00787
64	150	0.990462
64	151	1.00771
64	161	0.996742
64	164	1.01519
64	172	0.989922
64	179	0.990979
65	92	0.948617
65	108	1.00014
65	111	1.02907
65	119	1.07443
65	133	0.977667
65	137	0.982235
65	139	0.981471
65	145	0.98707
65	153	1.00784
65	158	0.997205
65	159	0.996308
65	161	0.994167
65	168	0.995965
65	169	1.00238
65	173	1.00926
65	175	1.00992
65	177	1.01656
66	5	0.937118
66	18	1.01141
66	35	1.06406
66	42	0.913973
66	52	1.01963
66	74	1.02224
66	81	0.955939
66	88	1.0165
66	93	0.98631
66	128	0.968872
66	132	1.14139
66	135	1.02245
66	149	0.994884
66	153	0.99491
66	168	0.983033
66	172	0.972185
66	177	1.00559
67	60	0.991361
67	71	1.05112
67	74	0.949086
67	83	0.968895
67	104	0.977245
67	110	1.02739
67	112	1.07706
67	121	0.964354
67	124	1.0225
67	148	1.00471
67	156	1.00205
67	159	0.995725
67	169	1.0018
67	171	0.991859
67	174	0.993697
67	178	0.983096
67	180	0.989176
68	12	1.17751
68	76	0.968333
68	118	1.03832
68	130	0.976654
68	135	0.999052
68	138	1.00665
68	156	0.967575
68	162	0.984961
68	165	0.984418
68	166	0.995148
68	167	1.00248
68	170	0.902987
68	171	1.00054
68	173	0.996419
68	174	1.00237
68	178	0.991772
68	180	0.997853
69	4	1.16103
69	48	1.03362
69	114	0.742745
69	118	0.869952
69	131	0.783749
69	143	1.09434
69	144	1.06489
69	147	1.11046
69	151	0.799026
69	152	1.07003
69	166	1.08557
69	170	0.734616
69	171	1.09096
69	173	1.08685
69	174	1.0928
69	178	1.0822
69	180	1.08828
70	2	0.931314
70	22	0.938402
70	83	0.989275
70	102	1.06197
70	111	1.04887
70	140	0.945887
70	148	1.02509
70	151	1.02493
70	157	1.03095
70	159	1.0161
70	165	1.00875
70	169	1.02218
70	170	1.02819
70	171	0.970796
70	172	1.02113
70	174	0.94395
71	41	1.03945
71	67	1.05112
71	84	1.02769
71	96	0.98045
71	101	0.954804
71	107	0.952276
71	112	0.957513
71	113	0.9987
71	114	0.996039
71	120	0.998638
71	124	0.984324
71	128	1.0011
71	132	1.1149
71	161	1.01601
71	173	0.971799
71	177	0.985755
71	179	0.978059
72	122	0.92591
72	129	1.03764
72	141	0.889633
72	143	1.05829
72	145	0.895155
72	151	0.937148
72	152	1.03398
72	153	0.870999
72	155	1.05423
72	157	0.870732
72	162	1.03934
72	166	1.04952
72	167	1.05686
72	171	1.05491
72	174	1.05675
72	175	1.06011
72	178	1.04615
72	180	1.05223
73	27	0.928501
73	115	1.0214
73	131	0.893934
73	137	0.903111
73	139	0.910801
73	152	1.03754
73	156	0.90939
73	162	1.0429
73	165	1.04235
73	166	1.05308
73	167	1.06042
73	170	0.844801
73	171	1.05847
73	173	1.05436
73	174	1.06031
73	175	1.06367
73	178	1.04971
73	180	1.05579
74	5	1.00652
74	13	1.07
74	18	1.08081
74	36	0.76529
74	42	0.983378
74	52	1.08903
74	66	1.02224
74	67	0.949086
74	81	1.02534
74	88	1.08591
74	93	1.05572
74	142	0.935436
74	149	1.06429
74	153	1.06432
74	154	0.947354
74	168	1.05244
74	176	0.933758
74	177	0.877069
75	32	0.93916
75	37	0.955426
75	125	1.15147
75	129	0.95676
75	134	1.08686
75	143	0.977414
75	144	0.947958
75	147	0.993536
75	150	1.14633
75	153	1.06827
75	155	0.973351
75	165	0.957918
75	167	0.97598
75	173	0.969919
75	174	0.975874
75	175	0.979238
75	178	0.965272
75	180	0.971353
76	2	1.21923
76	68	0.968333
76	94	1.09024
76	117	1.01386
76	142	0.958078
76	143	0.977366
76	150	1.03992
76	156	1.02818
76	162	0.958414
76	165	0.957871
76	166	0.9686
76	167	0.975932
76	171	0.973988
76	173	0.969872
76	174	0.975826
76	175	0.979191
76	178	0.965224
76	180	0.971305
77	4	0.90272
77	22	1.03537
77	37	1.12498
77	61	0.997511
77	83	0.958101
77	94	0.942878
77	106	0.947897
77	133	0.96629
77	137	0.970858
77	141	0.97965
77	145	0.975693
77	146	0.996638
77	158	0.985827
77	159	0.984931
77	162	1.09197
77	166	1.08579
77	169	0.991007
77	171	1.06777
78	57	1.0237
78	117	0.962106
78	118	0.957795
78	125	0.962846
78	127	0.945842
78	131	0.982201
78	138	0.958315
78	142	1.13036
78	150	0.961025
78	153	0.980981
78	156	0.975773
78	157	0.984292
78	163	1.0674
78	164	0.98575
78	165	1.12114
78	170	0.981532
78	175	1.06535
78	179	0.961542
79	32	1.04778
79	87	0.939183
79	94	0.926561
79	111	1.00138
79	137	0.954541
79	139	0.953777
79	145	0.959376
79	147	1.0478
79	149	0.980122
79	158	0.969511
79	159	0.968615
79	161	0.966473
79	167	1.07538
79	169	0.97469
79	176	0.957991
79	177	1.08232
79	179	1.10418
79	180	1.10027
80	21	0.968761
80	32	1.097
80	34	1.01757
80	45	1.05808
80	59	1.03271
80	86	0.979022
80	92	0.970138
80	108	0.898584
80	126	1.00625
80	141	1.01255
80	145	1.00859
80	146	1.02954
80	158	1.01873
80	159	1.01783
80	168	1.01749
80	169	1.0239
80	173	0.907705
80	176	1.00721
80	179	0.93687
81	5	0.940225
81	13	1.0037
81	16	0.936693
81	18	1.01451
81	30	1.06212
81	35	1.06716
81	42	0.91708
81	52	1.02274
81	66	0.955939
81	74	1.02534
81	88	1.01961
81	93	0.989417
81	119	1.05512
81	149	0.997991
81	153	0.998017
81	154	1.06753
81	168	0.98614
81	170	0.934239
81	177	0.997249
81	180	1.0152
82	14	0.905351
82	25	0.991276
82	46	1.0485
82	50	0.933005
82	51	1.04775
82	54	1.03022
82	60	1.00376
82	91	0.946816
82	100	1.00566
82	102	1.04671
82	104	1.0011
82	109	1.02177
82	154	1.03496
82	161	1.00158
82	162	1.00005
82	163	1.00037
82	170	1.01293
82	172	1.00587
82	174	0.949007
82	176	1.02136
83	9	0.913709
83	49	0.939202
83	57	1.00304
83	59	1.00197
83	67	0.968895
83	70	0.989275
83	77	0.958101
83	126	0.975515
83	133	0.96845
83	137	0.973018
83	141	0.98181
83	146	0.998798
83	152	1.06226
83	154	1.11987
83	158	0.987987
83	159	0.987091
83	169	0.993167
83	170	0.999176
83	177	1.04958
83	179	1.07145
83	180	1.06753
84	16	0.815442
84	58	1.06245
84	71	1.02769
84	95	1.08432
84	98	1.05899
84	107	1.02196
84	112	1.0272
84	113	1.06838
84	114	1.06572
84	120	1.06832
84	124	1.05401
84	129	0.972217
84	132	1.0118
84	148	0.848829
84	149	0.815235
84	154	1.02794
84	160	1.02982
84	161	0.91291
84	176	0.932688
84	177	1.05544
84	179	1.04774
85	101	1.04196
85	104	0.962824
85	117	0.973962
85	118	0.969651
85	121	0.949932
85	125	0.974702
85	134	0.991446
85	135	1.08311
85	136	0.968457
85	148	0.990289
85	149	1.00549
85	150	0.972881
85	151	0.990128
85	156	0.987629
85	157	0.996148
85	160	1.06476
85	164	0.997606
85	168	0.98096
85	170	0.993388
85	172	1.03285
85	180	1.0842
86	9	1.24296
86	80	0.979022
86	116	0.987649
86	126	1.04269
86	135	0.982163
86	140	0.99829
86	143	0.987025
86	144	0.957569
86	152	0.962711
86	153	1.01119
86	155	0.982962
86	162	0.968072
86	166	0.978258
86	167	0.985591
86	168	1.00385
86	170	1.01293
86	173	0.97953
86	174	0.985485
86	175	0.988849
86	178	0.974883
86	180	0.980963
87	40	0.962076
87	45	1.02474
87	79	0.939183
87	110	1.01616
87	132	0.950154
87	133	0.965848
87	137	0.970416
87	139	0.969652
87	145	0.975251
87	146	0.996197
87	151	1.03748
87	153	0.996023
87	158	0.985386
87	159	0.98449
87	162	1.07146
87	165	1.08522
87	167	1.02914
87	169	0.990565
87	176	0.973865
87	178	1.03087
87	180	1.05403
88	5	1.00079
88	13	1.06427
88	18	1.07508
88	22	1.03537
88	35	1.12773
88	42	0.977642
88	52	1.0833
88	66	1.0165
88	74	1.08591
88	81	1.01961
88	93	1.04998
88	140	0.8803
88	149	1.05855
88	153	1.05858
88	160	0.892536
88	161	0.93094
88	167	0.887092
88	168	1.0467
88	172	0.860624
88	176	0.950718
88	180	0.911978
89	12	0.893923
89	44	1.20617
89	47	1.01464
89	90	0.925641
89	118	0.957827
89	125	0.962879
89	132	0.935144
89	136	0.956634
89	138	0.958348
89	149	1.02735
89	150	0.961058
89	151	0.978305
89	156	0.975806
89	157	0.984324
89	162	1.1235
89	164	0.985782
89	166	1.11732
89	170	0.981565
89	172	1.05471
89	173	1.08082
89	176	0.958856
89	177	0.96927
90	63	1.08462
90	89	0.925641
90	115	1.19058
90	117	0.962742
90	119	1.1164
90	121	0.938712
90	125	0.963482
90	127	0.946478
90	131	0.982837
90	132	0.935747
90	148	0.979069
90	150	0.961661
90	153	0.981617
90	154	0.942376
90	156	0.976409
90	157	0.984927
90	160	1.05704
90	164	0.986385
90	165	1.10767
90	168	0.969739
90	178	1.05332
90	179	0.962177
91	82	0.946816
91	100	0.964704
91	101	1.07849
91	102	1.00575
91	125	0.953288
91	126	0.948313
91	130	1.16186
91	134	0.970032
91	137	0.945816
91	138	0.948757
91	145	0.95065
91	147	1.06827
91	151	0.968714
91	157	0.974734
91	159	0.959889
91	169	0.965964
91	170	0.971974
91	172	0.964916
91	173	1.09548
91	174	1.08712
91	177	0.95968
91	180	1.12073
92	6	0.890098
92	57	0.982174
92	61	0.978809
92	65	0.948617
92	80	0.970138
92	99	1.12921
92	103	1.0118
92	110	0.997898
92	133	0.947588
92	137	0.952157
92	139	0.951392
92	146	0.977937
92	155	1.10924
92	158	0.967126
92	161	0.964088
92	163	0.965752
92	169	0.972305
92	170	0.978315
92	175	1.11028
92	176	0.955606
92	177	1.11692
92	180	1.13487
93	5	0.970596
93	13	1.03408
93	18	1.04489
93	22	1.00518
93	30	1.09249
93	35	1.09753
93	42	0.947451
93	52	1.05311
93	66	0.98631
93	74	1.05572
93	81	0.989417
93	88	1.04998
93	103	0.845982
93	128	0.914381
93	140	0.93737
93	149	1.02836
93	153	1.02839
93	154	1.02138
93	161	0.988011
93	168	1.01651
93	169	0.896577
93	176	1.00779
94	27	0.971567
94	43	0.915001
94	57	0.987812
94	59	0.986748
94	76	1.09024
94	77	0.942878
94	79	0.926561
94	106	0.934833
94	116	1.06853
94	133	0.953226
94	139	0.95703
94	140	1.06183
94	141	0.966586
94	144	1.15698
94	145	0.962629
94	146	0.983575
94	154	1.14584
94	158	0.972764
94	169	0.977943
94	170	0.983953
94	171	1.08674
94	172	0.976894
95	26	1.05045
95	31	0.918279
95	44	0.98801
95	84	1.08432
95	96	1.03708
95	107	1.0089
95	112	1.01414
95	113	1.05533
95	120	1.05527
95	122	1.03856
95	124	1.04095
95	143	0.971682
95	154	1.01489
95	160	1.01676
95	167	0.941333
95	168	0.876179
95	171	0.959449
95	172	0.914864
95	175	0.941625
95	176	1.00496
95	177	1.04238
95	179	1.03469
96	26	1.01626
96	41	1.06189
96	55	1.16951
96	58	1.0152
96	71	0.98045
96	95	1.03708
96	98	1.01175
96	107	0.974719
96	112	0.979956
96	114	1.01848
96	116	0.929145
96	120	1.02108
96	122	1.00438
96	123	0.915215
96	124	1.00677
96	132	1.07198
96	154	0.980701
96	160	0.982578
96	172	0.902771
96	176	0.992865
96	177	1.0082
96	178	0.930969
96	179	1.0005
97	28	0.922125
97	47	0.918828
97	109	0.900548
97	119	0.997524
97	123	1.02429
97	137	1.02955
97	138	1.0749
97	140	1.03065
97	141	0.988134
97	142	1.0001
97	144	0.98993
97	159	1.01458
97	163	1.0194
97	165	0.99989
97	166	1.01062
97	167	1.01795
97	168	0.962159
97	171	1.01601
97	173	1.01189
97	174	1.01785
97	175	1.02121
97	178	1.00724
97	180	1.01332
98	16	0.943503
98	24	0.910517
98	31	0.892953
98	41	1.07075
98	53	1.02946
98	84	1.05899
98	96	1.01175
98	107	0.983579
98	112	0.988816
98	113	1.03
98	114	1.02734
98	120	1.02994
98	124	1.01563
98	128	1.03241
98	149	0.943296
98	160	0.991437
98	161	1.04097
98	163	0.999461
98	171	1.01524
98	172	0.970655
98	177	1.01706
98	178	0.998853
98	179	1.00936
99	33	0.992706
99	62	0.947837
99	92	1.12921
99	102	0.897344
99	134	0.978054
99	142	1.00001
99	143	1.0193
99	144	0.989843
99	147	1.03542
99	152	0.994985
99	155	1.01524
99	159	1.00454
99	164	0.949006
99	165	0.999803
99	167	1.01786
99	169	0.969688
99	170	0.9612
99	171	1.01592
99	173	1.0118
99	174	1.01776
99	175	1.02112
99	178	1.00716
99	180	1.01324
100	7	0.930796
100	14	0.92324
100	25	1.00916
100	46	1.06639
100	50	0.950894
100	51	1.06564
100	54	1.04811
100	55	0.936654
100	60	1.02165
100	63	0.968257
100	82	1.00566
100	91	0.964704
100	102	1.0646
100	109	1.03966
100	143	0.965584
100	144	1.02359
100	154	1.01246
100	161	0.979082
100	163	1.01826
100	170	1.03082
100	172	1.02376
100	176	0.99886
100	179	0.964035
101	25	0.940936
101	71	0.954804
101	85	1.04196
101	91	1.07849
101	105	1.0292
101	114	0.932745
101	115	0.973537
101	140	1.02525
101	144	0.984528
101	147	1.03011
101	155	1.00992
101	162	0.995031
101	165	0.994488
101	166	1.00522
101	167	1.01255
101	168	0.915537
101	171	1.01061
101	173	1.00649
101	174	1.01244
101	175	1.01581
101	177	1.01426
101	178	1.00184
101	180	1.00792
102	7	0.971845
102	14	0.964289
102	25	1.05021
102	46	1.10744
102	50	0.991943
102	51	1.10668
102	54	1.08916
102	60	1.0627
102	70	1.06197
102	82	1.04671
102	91	1.00575
102	99	0.897344
102	100	1.0646
102	109	1.08071
102	147	0.850538
102	161	0.921968
102	163	1.05931
102	166	0.914255
102	170	1.07187
102	172	1.06481
102	175	0.878413
102	176	0.941746
102	179	0.906921
102	180	0.903006
103	46	0.799111
103	92	1.0118
103	93	0.845982
103	118	0.979132
103	119	1.04033
103	125	0.925262
103	130	1.03494
103	135	1.05733
103	139	0.909796
103	144	1.03274
103	152	1.03788
103	155	1.05813
103	159	0.887135
103	162	1.04324
103	164	0.831602
103	165	1.0427
103	166	1.05343
103	167	1.06076
103	171	1.05882
103	173	1.0547
103	175	1.06402
103	178	1.05005
103	179	1.05478
103	180	1.05613
104	8	0.916675
104	47	1.0406
104	67	0.977245
104	82	1.0011
104	85	0.962824
104	118	0.98379
104	121	0.964071
104	127	0.971837
104	128	1.01163
104	134	1.00559
104	136	0.982596
104	148	1.00443
104	150	0.98702
104	151	1.00427
104	154	0.967736
104	156	1.00177
104	157	1.01029
104	163	1.04375
104	164	1.01174
104	167	1.04141
104	170	1.00753
104	172	1.01495
104	174	1.03269
104	180	1.0663
105	49	0.943116
105	64	0.974263
105	101	1.0292
105	118	0.977648
105	121	0.95793
105	131	1.00205
105	134	0.999444
105	138	0.978169
105	140	1.03977
105	143	1.07691
105	150	0.980878
105	151	0.998125
105	153	1.00083
105	156	0.995626
105	157	1.00415
105	160	1.052
105	161	0.987159
105	163	1.0489
105	164	1.0056
105	168	0.988957
105	172	1.02009
105	176	0.978676
105	177	0.989091
105	179	0.981395
106	38	0.948772
106	45	1.01713
106	63	1.09869
106	77	0.947897
106	94	0.934833
106	111	1.00965
106	126	0.96531
106	133	0.958245
106	139	0.962049
106	141	0.971605
106	145	0.967648
106	146	0.988594
106	153	0.988421
106	157	1.00758
106	158	0.977783
106	159	0.976887
106	160	0.951058
106	161	0.974745
106	163	0.976409
106	166	1.1018
106	167	1.06566
106	169	0.982962
106	177	1.0726
106	178	1.06739
106	179	1.09447
107	23	0.984339
107	31	0.855921
107	44	0.925652
107	58	0.987031
107	71	0.952276
107	84	1.02196
107	95	1.0089
107	96	0.974719
107	98	0.983579
107	113	0.992969
107	114	0.990308
107	120	0.992908
107	122	0.976204
107	124	0.978594
107	128	0.995374
107	143	1.10079
107	149	1.01662
107	153	1.01263
107	154	0.952527
107	159	1.05771
107	160	0.954405
107	161	1.11429
107	173	1.07008
107	176	1.13407
107	179	0.972328
108	2	1.18813
108	12	1.20701
108	65	1.00014
108	80	0.898584
108	109	0.861799
108	113	0.94394
108	115	0.963274
108	116	1.00435
108	121	1.07217
108	135	0.998859
108	140	1.01499
108	142	0.984433
108	143	1.00372
108	144	0.974265
108	147	1.01984
108	154	0.976502
108	162	0.984768
108	164	0.920296
108	165	0.984225
108	166	0.994955
108	167	1.00229
108	171	1.00034
108	173	0.996226
108	174	1.00218
108	175	1.00555
108	178	0.991579
108	180	0.99766
109	11	1.14727
109	31	0.91053
109	82	1.02177
109	97	0.900548
109	100	1.03966
109	102	1.08071
109	108	0.861799
109	113	1.04758
109	120	1.04752
109	124	1.0332
109	129	0.97444
109	130	0.937295
109	132	1.00051
109	138	1.02371
109	143	0.901634
109	150	1.02642
109	151	1.04367
109	152	0.890895
109	155	0.870541
109	156	1.04117
109	157	1.04969
109	163	1.03436
109	164	1.05115
109	165	0.927359
109	170	1.04693
109	172	1.03987
109	177	1.03463
109	179	1.02694
110	30	0.66741
110	43	0.988723
110	67	1.02739
110	87	1.01616
110	92	0.997898
110	119	0.996209
110	121	1.01501
110	126	1.03401
110	132	1.01125
110	133	1.02695
110	137	1.03152
110	139	1.03075
110	141	1.04031
110	143	0.961755
110	145	1.03635
110	146	1.0573
110	158	1.04649
110	159	1.04559
110	160	1.01976
110	166	0.967541
110	168	1.04525
110	169	1.05166
110	170	1.05767
110	171	0.949522
110	176	1.03497
110	177	0.938342
110	179	0.960207
110	180	0.956292
111	4	0.964471
111	9	0.973301
111	30	0.679359
111	40	1.02427
111	45	1.08693
111	65	1.02907
111	70	1.04887
111	79	1.00138
111	106	1.00965
111	126	1.03511
111	129	1.04651
111	137	1.03261
111	139	1.03185
111	140	0.936563
111	141	1.0414
111	143	0.973705
111	145	1.03744
111	146	1.05839
111	151	0.951691
111	154	1.02058
111	157	0.885275
111	159	1.04668
111	160	1.02085
111	163	1.04621
111	169	1.05276
111	170	1.05877
111	173	0.942991
111	179	0.972156
112	23	0.989576
112	24	0.878721
112	26	0.993324
112	31	0.861158
112	41	1.03896
112	48	1.15971
112	58	0.992268
112	67	1.07706
112	71	0.957513
112	84	1.0272
112	95	1.01414
112	96	0.979956
112	98	0.988816
112	113	0.998206
112	114	0.995545
112	120	0.998145
112	122	0.981441
112	124	0.983831
112	128	1.00061
112	130	1.06412
112	132	1.14084
112	154	0.957764
112	163	1.00044
112	168	0.932952
112	172	0.971637
112	176	1.06173
112	177	0.985261
112	179	0.977565
113	23	1.03076
113	24	0.919907
113	26	1.03451
113	31	0.902344
113	36	0.848583
113	49	0.849981
113	58	1.03345
113	62	1.20648
113	71	0.9987
113	84	1.06838
113	95	1.05533
113	98	1.03
113	107	0.992969
113	108	0.94394
113	109	1.04758
113	112	0.998206
113	114	1.03673
113	120	1.03933
113	124	1.02502
113	128	1.0418
113	154	0.998951
113	160	1.00083
113	161	0.997274
113	163	0.955764
113	165	1.0095
113	171	0.971542
113	172	0.926957
113	177	1.02645
113	179	1.01875
114	16	0.896485
114	17	1.25552
114	22	1.01232
114	23	1.0281
114	24	0.917246
114	26	1.03185
114	53	1.03619
114	58	1.03079
114	69	0.742745
114	71	0.996039
114	84	1.06572
114	96	1.01848
114	98	1.02734
114	101	0.932745
114	107	0.990308
114	112	0.995545
114	113	1.03673
114	120	1.03667
114	122	1.01997
114	124	1.02236
114	149	0.896278
114	154	0.99629
114	160	0.998167
114	161	0.993953
114	162	0.99242
114	166	0.98624
114	176	1.01373
114	177	1.02379
114	179	1.01609
115	18	0.923492
115	73	1.0214
115	90	1.19058
115	101	0.973537
115	108	0.963274
115	126	1.11073
115	129	0.951846
115	130	0.94524
115	133	1.13155
115	135	0.967638
115	143	0.9725
115	145	1.10338
115	152	0.948187
115	155	0.968437
115	162	0.953547
115	164	1.06877
115	165	0.953004
115	166	0.963734
115	167	0.971066
115	168	1.07189
115	169	1.08945
115	171	0.969121
115	172	0.978014
115	173	0.965005
115	174	0.97096
115	175	0.974325
115	176	0.962363
115	178	0.960358
115	180	0.966439
116	10	1.17846
116	13	0.848756
116	20	0.914624
116	33	0.986979
116	86	0.987649
116	94	1.06853
116	96	0.929145
116	108	1.00435
116	135	1.00871
116	137	1.00019
116	139	1.00788
116	140	1.02484
116	142	0.994284
116	143	1.01357
116	144	0.984116
116	150	1.01821
116	155	1.00951
116	156	1.00647
116	162	0.994619
116	165	0.994076
116	166	1.00481
116	168	0.932801
116	171	1.01019
116	172	1.01909
116	173	1.00608
116	174	1.01203
116	175	1.0154
116	178	1.00143
116	179	1.00615
116	180	1.00751
117	1	1.0366
117	29	1.0055
117	76	1.01386
117	78	0.962106
117	85	0.973962
117	90	0.962742
117	118	0.994928
117	122	1.00255
117	125	0.99998
117	127	0.982976
117	131	1.01933
117	136	0.993735
117	138	0.995449
117	143	1.02259
117	148	1.01557
117	150	0.998158
117	151	1.01541
117	154	0.978874
117	156	1.01291
117	157	1.02143
117	160	0.997686
117	164	1.02288
117	166	1.02838
117	168	1.00624
117	172	0.965773
117	174	0.983513
117	175	0.992535
117	178	0.993971
117	179	0.998675
117	180	1.01713
118	8	0.923502
118	55	0.920187
118	68	1.03832
118	69	0.869952
118	78	0.957795
118	85	0.969651
118	89	0.957827
118	103	0.979132
118	104	0.98379
118	105	0.977648
118	117	0.994928
118	120	1.01328
118	121	0.970898
118	123	1.06329
118	125	0.995668
118	127	0.978664
118	131	1.01502
118	134	1.01241
118	138	0.991137
118	148	1.01126
118	150	0.993847
118	151	1.01109
118	153	1.0138
118	156	1.00859
118	160	1.08276
118	164	1.01857
118	166	1.11345
118	174	1.06858
118	176	0.991645
118	177	1.00206
118	178	1.07904
119	65	1.07443
119	81	1.05512
119	90	1.1164
119	97	0.997524
119	103	1.04033
119	110	0.996209
119	126	1.03655
119	130	0.963825
119	135	0.986223
119	140	1.00235
119	142	0.971797
119	144	0.961629
119	147	1.00721
119	152	0.966772
119	153	1.00504
119	155	0.987022
119	161	0.98943
119	164	0.994585
119	165	0.971589
119	166	0.982318
119	167	0.989651
119	168	0.997699
119	169	1.01527
119	171	0.987706
119	173	0.98359
119	174	0.989545
119	175	0.992909
119	176	0.980948
119	178	0.978943
119	179	0.983667
119	180	0.985023
120	23	1.0307
120	24	0.919846
120	26	1.03445
120	31	0.902283
120	36	0.829177
120	41	1.08008
120	55	1.17429
120	58	1.03339
120	71	0.998638
120	84	1.06832
120	95	1.05527
120	96	1.02108
120	98	1.02994
120	107	0.992908
120	109	1.04752
120	112	0.998145
120	113	1.03933
120	114	1.03667
120	118	1.01328
120	124	1.02496
120	128	1.04174
120	142	0.999323
120	149	0.880193
120	154	0.998889
120	160	1.00077
120	163	0.936358
120	171	0.952136
120	175	0.934313
120	177	1.02639
120	178	0.935749
120	179	1.01869
120	180	0.958906
121	39	0.945893
121	64	0.967513
121	67	0.964354
121	85	0.949932
121	90	0.938712
121	104	0.964071
121	105	0.95793
121	108	1.07217
121	110	1.01501
121	118	0.970898
121	125	0.975949
121	134	0.992693
121	136	0.969705
121	138	0.971419
121	140	1.07486
121	145	1.048
121	148	0.991537
121	150	0.974128
121	151	0.991375
121	156	0.988876
121	161	0.980408
121	163	1.08399
121	164	0.998853
121	168	0.982207
121	170	0.994635
121	172	1.05518
121	174	1.07292
121	175	1.08195
121	176	0.971926
121	177	0.982341
121	179	0.974645
121	180	1.10654
122	3	0.904765
122	4	0.92768
122	72	0.92591
122	95	1.03856
122	96	1.00438
122	107	0.976204
122	112	0.981441
122	114	1.01997
122	117	1.00255
122	134	1.02003
122	137	0.995819
122	138	0.99876
122	144	1.08351
122	145	1.00065
122	146	1.0216
122	150	1.00147
122	155	0.994404
122	156	1.01622
122	157	1.02474
122	158	1.01079
122	160	0.984063
122	164	1.02619
122	169	1.01597
122	170	1.02198
122	171	1.01326
122	173	0.994784
122	174	0.986418
122	175	0.99544
122	176	0.999268
122	177	1.00968
122	178	0.996877
122	179	1.00199
122	180	1.02003
123	6	1.18077
123	20	0.918907
123	39	1.03075
123	46	0.883267
123	48	0.957131
123	54	0.956123
123	96	0.915215
123	97	1.02429
123	118	1.06329
123	129	0.997201
123	130	0.990595
123	136	0.935015
123	138	1.03162
123	140	1.02912
123	142	0.998567
123	143	1.01785
123	147	1.03398
123	152	0.993541
123	153	0.926213
123	155	1.01379
123	159	0.971291
123	161	1.0162
123	162	0.998902
123	165	0.998359
123	166	1.00909
123	167	1.01642
123	171	1.01448
123	173	1.01036
123	174	1.01631
123	175	1.01968
123	176	1.00772
123	178	1.00571
123	180	1.01179
124	17	1.24897
124	22	1.0006
124	23	1.01639
124	24	0.905532
124	26	1.02013
124	31	0.887968
124	41	1.06577
124	58	1.01908
124	67	1.0225
124	71	0.984324
124	84	1.05401
124	95	1.04095
124	96	1.00677
124	98	1.01563
124	107	0.978594
124	109	1.0332
124	112	0.983831
124	113	1.02502
124	114	1.02236
124	120	1.02496
124	128	1.02742
124	149	0.889722
124	154	0.984575
124	160	0.986452
124	163	0.945887
124	165	0.999623
124	166	0.979684
124	167	0.943549
124	174	0.93482
124	175	0.943842
124	176	1.00717
124	177	1.01207
124	179	1.00438
125	10	0.926916
125	39	0.970663
125	75	1.15147
125	78	0.962846
125	85	0.974702
125	89	0.962879
125	90	0.963482
125	91	0.953288
125	103	0.925262
125	117	0.99998
125	118	0.995668
125	121	0.975949
125	127	0.983716
125	128	0.99366
125	130	1.08945
125	131	1.02007
125	136	0.994475
125	138	0.996189
125	140	1.01665
125	147	0.99586
125	148	1.01631
125	149	0.969615
125	150	0.998898
125	151	1.01615
125	156	1.01365
125	157	1.02216
125	161	1.00518
125	163	1.02578
125	164	1.02362
125	170	1.01941
125	173	1.02308
125	176	0.996696
125	177	1.00711
125	178	1.02517
126	27	1.00204
126	34	1.08125
126	38	0.974231
126	43	0.945478
126	44	0.947763
126	57	1.01829
126	59	1.01723
126	80	1.00625
126	83	0.975515
126	86	1.04269
126	91	0.948313
126	106	0.96531
126	110	1.03401
126	111	1.03511
126	115	1.11073
126	119	1.03655
126	132	0.96801
126	137	0.988272
126	139	0.987508
126	141	0.997064
126	145	0.993106
126	146	1.01405
126	158	1.00324
126	159	1.00234
126	160	0.976516
126	161	1.0002
126	165	1.02782
126	167	0.971742
126	169	1.00842
126	171	0.989859
126	175	0.972035
126	176	0.991721
126	177	0.978679
126	179	1.00054
127	12	0.914759
127	19	0.991854
127	56	0.916994
127	64	0.975279
127	78	0.945842
127	90	0.946478
127	104	0.971837
127	117	0.982976
127	118	0.978664
127	125	0.983716
127	131	1.00307
127	134	1.00046
127	136	0.977471
127	138	0.979185
127	142	1.10425
127	148	0.999303
127	149	0.98512
127	150	0.981894
127	151	0.999141
127	155	1.0382
127	156	0.996642
127	157	1.00516
127	160	1.04439
127	161	0.988175
127	163	1.04129
127	164	1.00662
127	165	1.09502
127	166	1.07508
127	168	0.989973
127	170	1.0024
127	171	1.05706
127	173	1.03858
127	176	0.979692
127	178	1.04068
127	179	0.982411
128	6	0.95293
128	19	0.887274
128	29	0.955578
128	60	0.882626
128	61	1.04164
128	64	0.98661
128	66	0.968872
128	71	1.0011
128	93	0.914381
128	98	1.03241
128	104	1.01163
128	107	0.995374
128	112	1.00061
128	113	1.0418
128	120	1.04174
128	124	1.02742
128	125	0.99366
128	134	0.929048
128	139	1.01422
128	142	1.00929
128	143	1.02857
128	150	0.988521
128	151	0.976604
128	159	1.02906
128	161	1.02692
128	165	1.00908
128	167	1.02714
128	168	1.02872
128	169	1.03514
128	170	1.04115
128	171	1.0252
128	175	1.0304
128	178	1.01643
128	179	1.02116
128	180	1.02251
129	38	1.11759
129	48	0.931569
129	55	0.910698
129	72	1.03764
129	75	0.95676
129	84	0.972217
129	109	0.97444
129	111	1.04651
129	115	0.951846
129	123	0.997201
129	133	1.09571
129	140	1.00356
129	141	1.06203
129	142	0.973005
129	143	0.992293
129	144	0.962837
129	146	1.03739
129	149	1.00429
129	152	0.96798
129	154	0.965074
129	155	0.98823
129	158	1.0611
129	159	1.08847
129	163	0.992303
129	164	1.03294
129	165	0.972797
129	166	0.983527
129	167	0.990859
129	171	0.988914
129	173	0.984798
129	174	0.990753
129	175	0.994118
129	177	0.992571
129	178	0.980151
129	180	0.986232
130	68	0.976654
130	91	1.16186
130	103	1.03494
130	109	0.937295
130	112	1.06412
130	115	0.94524
130	119	0.963825
130	123	0.990595
130	125	1.08945
130	135	0.980825
130	136	1.01505
130	137	1.0663
130	140	0.996953
130	142	0.966399
130	144	0.956231
130	147	1.00181
130	148	1.04383
130	155	0.981624
130	156	1.07257
130	158	1.02396
130	162	0.966734
130	163	0.985697
130	165	0.966191
130	166	0.976921
130	167	0.984253
130	169	1.01647
130	171	0.982308
130	173	0.978192
130	174	0.984147
130	175	0.987511
130	176	0.97555
130	177	0.985965
130	178	0.973545
130	179	0.978269
130	180	0.979626
131	2	0.941885
131	8	0.947908
131	12	0.951118
131	30	1.10231
131	39	0.990018
131	44	1.1161
131	55	0.944593
131	69	0.783749
131	73	0.893934
131	78	0.982201
131	90	0.982837
131	105	1.00205
131	117	1.01933
131	118	1.01502
131	125	1.02007
131	127	1.00307
131	134	1.03682
131	136	1.01383
131	138	1.01554
131	144	1.07947
131	145	0.957452
131	150	1.01825
131	151	1.0355
131	154	0.998969
131	155	0.990365
131	156	1.033
131	157	1.04152
131	162	1.03342
131	163	0.993447
131	164	1.04298
131	168	1.02633
131	171	1.00923
131	172	0.96464
131	173	0.990745
131	176	1.01605
131	179	1.01877
132	8	0.900818
132	9	0.906204
132	13	0.991588
132	41	1.00513
132	50	1.21859
132	51	0.990897
132	54	1.11288
132	64	0.964549
132	66	1.14139
132	71	1.1149
132	84	1.0118
132	87	0.950154
132	89	0.935144
132	90	0.935747
132	96	1.07198
132	109	1.00051
132	110	1.01125
132	112	1.14084
132	126	0.96801
132	133	0.960944
132	134	0.989729
132	143	0.979099
132	148	0.988572
132	155	0.975036
132	157	0.994431
132	159	0.979586
132	160	0.953757
132	163	0.979108
132	164	0.995889
132	169	0.985661
132	171	0.97572
132	173	0.971604
132	174	0.977559
132	175	0.980923
132	178	0.966957
132	180	0.973037
133	3	0.902176
133	9	0.921898
133	18	0.779011
133	27	0.994979
133	28	1.30797
133	53	1.00748
133	59	1.01016
133	61	1.00786
133	65	0.977667
133	77	0.96629
133	83	0.96845
133	87	0.965848
133	92	0.947588
133	94	0.953226
133	106	0.958245
133	110	1.02695
133	115	1.13155
133	129	1.09571
