1	20	1.33352
1	50	1.20833
1	51	1.2085
1	56	1.14396
1	105	0.657073
1	115	0.651866
1	147	1.17252
1	159	1.17735
1	160	1.15223
1	170	0.9706
1	171	0.956345
1	177	0.947417
2	32	1.4585
2	48	1.4167
2	57	1.49568
2	62	1.31523
2	69	1.31561
2	72	1.37943
2	108	0.646866
2	138	0.719448
2	161	0.83471
2	162	0.664941
2	163	0.793733
2	164	0.632035
3	82	1.26128
3	85	1.20351
3	87	1.2029
3	92	1.26067
3	133	0.774876
3	146	0.766927
3	150	0.712687
3	156	1.22274
3	159	1.20247
3	165	0.993962
3	167	1.06871
3	179	0.934149
4	21	1.22079
4	35	1.24339
4	42	1.18634
4	54	1.20641
4	58	1.20462
4	60	1.26826
4	116	0.661166
4	134	0.740453
4	161	1.1159
4	165	0.993128
4	172	0.864103
4	179	0.933315
5	64	1.1692
5	73	1.18229
5	79	1.18023
5	83	1.29175
5	89	1.23757
5	108	0.799143
5	112	0.911229
5	119	0.763734
5	145	0.80383
5	160	1.24087
5	167	1.13222
5	180	0.901003
6	107	1.186
6	121	0.680386
6	129	1.20493
6	131	0.731778
6	133	0.814135
6	140	1.23311
6	142	1.20962
6	147	1.22556
6	153	1.21823
6	161	1.12283
6	169	1.062
6	172	0.904195
7	39	1.14484
7	50	1.23812
7	51	1.23829
7	56	1.17376
7	137	0.627882
7	147	1.20232
7	159	1.20714
7	160	1.18202
7	166	0.840382
7	169	0.953482
7	170	0.891523
7	177	0.86834
8	17	1.22736
8	44	0.943522
8	49	1.08246
8	55	1.01326
8	67	1.10184
8	78	1.1006
8	144	0.933483
8	146	0.968478
8	156	1.05957
8	163	1.02262
8	165	0.886886
8	177	1.13915
9	20	1.34291
9	39	1.12443
9	50	1.21771
9	51	1.21788
9	56	1.15335
9	121	0.715192
9	123	0.746486
9	159	1.18673
9	160	1.16161
9	161	0.936115
9	172	0.939001
9	180	0.850131
10	14	1.32945
10	47	1.18718
10	59	1.13828
10	61	1.22417
10	65	1.20831
10	70	1.16403
10	115	0.674493
10	132	0.813835
10	134	0.773729
10	165	1.0264
10	172	0.897379
10	180	1.14458
11	45	1.10614
11	74	1.03331
11	76	1.03276
11	81	1.14173
11	90	1.09116
11	93	1.0506
11	143	0.779958
11	166	1.03709
11	175	1.10756
11	178	1.13531
11	179	0.943223
11	180	1.02519
12	19	1.32952
12	29	1.24737
12	59	1.12396
12	61	1.20985
12	65	1.194
12	70	1.14971
12	97	0.679943
12	146	0.774879
12	162	0.700234
12	165	1.00191
12	178	1.01582
12	180	1.13026
13	22	1.18174
13	31	1.27569
13	38	1.15808
13	43	1.31188
13	52	1.22494
13	71	1.20109
13	101	0.770745
13	115	0.762035
13	145	0.798878
13	168	0.796507
13	177	1.05759
13	179	1.08907
14	10	1.32945
14	47	1.30504
14	59	1.25614
14	61	1.34203
14	65	1.32617
14	70	1.28189
14	119	0.575145
14	133	0.711224
14	158	0.640607
14	165	0.93031
14	174	0.803928
14	178	0.944214
14	180	1.26244
15	36	1.15092
15	82	1.19785
15	85	1.14008
15	87	1.13947
15	92	1.19724
15	108	0.752096
15	124	0.798938
15	146	0.844816
15	156	1.1593
15	159	1.13904
15	165	1.07185
15	167	1.00528
15	179	1.01204
16	19	1.27083
16	29	1.18869
16	47	1.11419
16	59	1.06528
16	61	1.15117
16	65	1.13531
16	70	1.09103
16	110	0.629682
16	165	0.995533
16	175	0.981684
16	177	0.939173
16	179	0.93572
16	180	1.07158
17	8	1.22736
17	34	1.32686
17	44	1.25402
17	55	1.32376
17	78	1.41109
17	102	0.683545
17	122	0.602304
17	156	1.37007
17	162	0.671808
17	165	1.19738
17	166	0.88917
17	172	0.844463
17	179	0.913675
18	44	1.03388
18	49	1.17282
18	55	1.10362
18	67	1.1922
18	78	1.19096
18	156	1.14993
18	157	1.28037
18	158	0.822233
18	160	0.853349
18	164	0.77735
18	165	0.977243
18	169	1.14072
18	180	0.89404
19	12	1.32952
19	16	1.27083
19	47	1.31942
19	59	1.27052
19	65	1.34055
19	70	1.29627
19	86	0.671889
19	146	0.628715
19	170	0.822573
19	177	0.79939
19	178	0.869654
19	179	0.795937
19	180	1.27682
20	1	1.33352
20	9	1.34291
20	24	1.2804
20	39	1.25562
20	56	1.28454
20	112	0.71523
20	133	0.703813
20	151	0.796426
20	159	1.31793
20	160	1.29281
20	162	0.621219
20	165	0.922899
20	167	0.836499
21	4	1.22079
21	37	1.16928
21	40	1.11904
21	42	1.12197
21	54	1.14205
21	58	1.14026
21	60	1.20389
21	122	0.734579
21	144	0.843733
21	161	1.05153
21	176	0.905153
21	178	1.11967
21	180	0.887867
22	13	1.18174
22	33	1.14255
22	43	1.22911
22	68	1.16877
22	71	1.11832
22	112	0.957078
22	118	1.16515
22	119	0.809583
22	127	0.832594
22	146	1.11091
22	161	1.03284
22	168	0.847308
22	179	1.0063
23	26	1.22389
23	46	1.15786
23	48	1.14859
23	53	1.1077
23	57	1.22756
23	62	1.04711
23	69	1.04749
23	72	1.11131
23	122	0.760509
23	127	0.799539
23	167	1.04529
23	168	0.814254
23	179	1.07188
24	20	1.2804
24	39	1.06192
24	50	1.15521
24	51	1.15537
24	56	1.09084
24	114	0.736618
24	147	1.1194
24	159	1.12423
24	160	1.09911
24	172	0.935955
24	174	0.938599
24	176	0.864371
24	177	1.00862
25	36	1.15092
25	82	1.19785
25	85	1.14008
25	86	0.917584
25	87	1.13947
25	92	1.19724
25	123	0.779904
25	143	0.759994
25	156	1.1593
25	159	1.13904
25	161	0.969534
25	167	1.00528
25	177	1.04508
26	23	1.22389
26	46	1.25795
26	48	1.24867
26	53	1.20779
26	57	1.32765
26	62	1.1472
26	69	1.14758
26	72	1.2114
26	110	0.672356
26	119	0.683042
26	122	0.667023
26	166	0.953889
26	167	0.951807
26	179	0.978393
27	64	1.16763
27	73	1.18072
27	75	1.4258
27	79	1.17866
27	83	1.29018
27	89	1.236
27	114	0.631811
27	146	0.733138
27	151	0.833701
27	160	1.2393
27	167	1.13065
27	171	0.912742
27	174	0.833793
27	175	0.946325
28	74	1.0562
28	76	1.05565
28	81	1.16462
28	90	1.11405
28	93	1.07349
28	121	0.897942
28	122	0.879593
28	145	0.935709
28	147	1.08535
28	151	1.1243
28	157	1.24088
28	162	0.949097
28	179	0.966111
28	180	1.04808
29	12	1.24737
29	16	1.18869
29	47	1.23728
29	59	1.18837
29	61	1.27426
29	65	1.2584
29	70	1.21412
29	122	0.628282
29	160	0.740878
29	166	0.915148
29	171	0.952034
29	174	0.873084
29	176	0.798856
29	180	1.19467
30	74	1.19237
30	76	1.19182
30	81	1.30079
30	90	1.25022
30	93	1.20965
30	114	0.726518
30	115	0.70297
30	146	0.827846
30	157	1.37704
30	161	0.92297
30	166	0.970563
30	168	0.737442
30	179	1.10228
30	180	1.18425
31	13	1.27569
31	33	1.2365
31	38	1.16926
31	52	1.23612
31	68	1.26272
31	71	1.21227
31	122	1.33958
31	125	0.755753
31	134	0.709681
31	144	0.700326
31	154	0.954427
31	167	0.875956
31	171	0.914924
31	179	1.10025
32	2	1.4585
32	46	1.22444
32	48	1.21516
32	53	1.17428
32	57	1.29413
32	62	1.11368
32	69	1.11406
32	72	1.17789
32	121	0.615252
32	137	0.671269
32	150	0.686811
32	165	0.968086
32	169	0.996869
32	173	0.969035
33	22	1.14255
33	31	1.2365
33	38	1.11889
33	43	1.27269
33	52	1.18575
33	68	1.21235
33	71	1.1619
33	102	0.810116
33	112	0.89239
33	144	0.838029
33	146	1.15449
33	158	0.810356
33	168	0.78262
33	170	1.06688
33	179	1.04988
34	17	1.32686
34	44	1.04302
34	49	1.18196
34	55	1.11276
34	67	1.20134
34	78	1.2001
34	119	0.758439
34	131	0.812161
34	150	0.832328
34	156	1.15907
34	157	1.28951
34	158	0.823901
34	165	0.986386
34	171	1.06617
34	176	0.912994
35	4	1.24339
35	37	1.19188
35	40	1.14164
35	42	1.14457
35	54	1.16464
35	58	1.16285
35	60	1.22649
35	86	0.89816
35	97	0.76005
35	109	1.11834
35	116	0.750059
35	118	1.21647
35	158	0.792319
35	161	1.07413
35	176	0.881412
36	15	1.15092
36	25	1.15092
36	82	1.23245
36	85	1.17468
36	87	1.17406
36	92	1.23184
36	154	0.995715
36	156	1.1939
36	158	0.713942
36	159	1.17364
36	160	0.745057
36	167	1.03987
36	172	0.874619
36	173	1.00459
36	174	0.877263
37	21	1.16928
37	35	1.19188
37	42	1.13483
37	54	1.1549
37	58	1.15311
37	60	1.21675
37	110	1.23345
37	118	1.20673
37	119	0.735839
37	134	0.838329
37	160	0.832416
37	161	1.06439
37	164	0.756417
37	166	1.00669
37	177	1.03464
38	13	1.15808
38	31	1.16926
38	33	1.11889
38	43	1.20544
38	52	1.11851
38	68	1.14511
38	71	1.09466
38	88	0.838212
38	110	0.774625
38	118	1.14149
38	125	0.933873
38	146	1.08724
38	151	1.014
38	161	1.00856
38	176	0.939866
38	179	0.982634
39	7	1.14484
39	9	1.12443
39	20	1.25562
39	24	1.06192
39	50	1.13043
39	51	1.13059
39	56	1.06606
39	102	0.916187
39	110	0.840279
39	119	0.850965
39	137	0.909312
39	147	1.09462
39	159	1.09945
39	160	1.07433
39	161	1.07422
39	162	0.904449
40	21	1.11904
40	35	1.14164
40	42	1.08459
40	54	1.10467
40	58	1.10287
40	60	1.16651
40	102	1.15092
40	103	0.790302
40	110	1.18321
40	118	1.15649
40	145	0.79624
40	160	0.852721
40	161	1.01415
40	167	1.02491
40	174	0.984927
40	177	1.05495
41	99	1.30843
41	103	0.697777
41	107	1.20744
41	111	1.25149
41	120	1.27742
41	129	1.22636
41	131	0.717341
41	136	1.22651
41	138	0.77161
41	140	1.25455
41	150	0.737508
41	151	0.892311
41	152	1.24171
41	153	1.23967
41	160	0.760196
41	169	1.04757
42	4	1.18634
42	21	1.12197
42	35	1.14457
42	37	1.13483
42	40	1.08459
42	54	1.1076
42	58	1.1058
42	60	1.16944
42	88	0.829078
42	118	1.15943
42	158	0.841639
42	161	1.01708
42	164	0.796756
42	172	1.00232
42	173	1.13229
42	180	0.913446
43	13	1.31188
43	22	1.22911
43	33	1.27269
43	38	1.20544
43	52	1.27231
43	68	1.29891
43	71	1.24846
43	124	0.731454
43	144	0.742338
43	146	1.24104
43	168	0.686928
43	174	0.877986
43	175	0.990518
43	176	0.803758
43	179	1.13643
43	180	0.786471
44	8	0.943522
44	17	1.25402
44	18	1.03388
44	34	1.04302
44	49	1.10912
44	55	1.03992
44	67	1.1285
44	78	1.12726
44	109	1.18214
44	112	0.938154
44	143	0.804372
44	149	0.968505
44	156	1.08623
44	157	1.21667
44	163	0.972935
44	165	0.913542
44	180	0.927927
45	11	1.10614
45	74	1.16663
45	76	1.16608
45	81	1.27505
45	90	1.22448
45	93	1.18391
45	102	0.802624
45	103	0.77156
45	123	0.771025
45	133	0.87348
45	138	0.845393
45	139	0.752072
45	147	1.19578
45	157	1.35131
45	178	1.10647
45	179	1.07654
45	180	1.15851
46	23	1.15786
46	26	1.25795
46	32	1.22444
46	48	1.18264
46	53	1.14176
46	57	1.26162
46	62	1.08117
46	69	1.08155
46	72	1.14537
46	91	1.34123
46	114	0.676493
46	123	0.683315
46	161	0.872944
46	163	0.831967
46	170	0.971679
46	172	0.87583
46	173	1.0058
47	10	1.18718
47	14	1.30504
47	16	1.11419
47	19	1.31942
47	29	1.23728
47	59	1.11387
47	61	1.19976
47	70	1.13962
47	98	1.16348
47	102	0.791923
47	123	0.760324
47	138	0.834692
47	161	0.949954
47	164	0.747279
47	172	0.95284
47	176	0.881256
47	180	1.12017
48	2	1.4167
48	23	1.14859
48	26	1.24867
48	32	1.21516
48	46	1.18264
48	53	1.13248
48	57	1.25234
48	62	1.07189
48	69	1.07227
48	72	1.13609
48	97	0.698316
48	121	0.667453
48	163	0.847399
48	171	0.972855
48	173	1.02124
48	174	0.893906
48	176	0.819678
49	8	1.08246
49	18	1.17282
49	34	1.18196
49	44	1.10912
49	55	1.17886
49	67	1.26744
49	78	1.2662
49	100	0.739976
49	122	0.704211
49	156	1.22517
49	157	1.35561
49	160	0.816807
49	161	0.943483
49	164	0.740808
49	165	1.05248
49	174	0.949013
49	177	1.01903
50	1	1.20833
50	7	1.23812
50	9	1.21771
50	24	1.15521
50	39	1.13043
50	51	1.22388
50	56	1.15935
50	97	0.676189
50	125	0.791557
50	132	0.785591
50	143	0.656709
50	147	1.18791
50	154	0.990231
50	159	1.19273
50	160	1.16761
50	169	1.02694
50	175	0.984311
51	1	1.2085
51	7	1.23829
51	9	1.21788
51	24	1.15537
51	39	1.13059
51	50	1.22388
51	56	1.15951
51	125	0.777603
51	147	1.18807
51	159	1.1929
51	160	1.16778
51	161	0.852294
51	162	0.682526
51	165	0.984206
51	167	0.897806
51	170	0.951029
51	180	0.76631
52	13	1.22494
52	31	1.23612
52	33	1.18575
52	38	1.11851
52	43	1.27231
52	68	1.21197
52	71	1.16152
52	121	0.715309
52	122	1.28883
52	138	0.82097
52	146	1.15411
52	162	0.766463
52	166	0.983826
52	168	0.750704
52	176	0.867534
52	177	1.01178
52	179	1.0495
53	23	1.1077
53	26	1.20779
53	32	1.17428
53	46	1.14176
53	48	1.13248
53	57	1.21146
53	62	1.03101
53	69	1.03139
53	72	1.09521
53	77	1.16994
53	91	1.29107
53	112	0.925645
53	124	0.860401
53	143	0.791863
53	150	0.852039
53	155	0.909118
53	164	0.798728
53	179	1.0735
54	4	1.20641
54	21	1.14205
54	35	1.16464
54	37	1.1549
54	40	1.10467
54	42	1.1076
54	58	1.12588
54	60	1.18952
54	100	0.788554
54	102	1.17393
54	110	1.20622
54	116	0.792011
54	149	0.946654
54	151	0.9975
54	161	1.03716
54	164	0.789387
54	174	0.997592
54	180	0.906077
55	8	1.01326
55	17	1.32376
55	18	1.10362
55	34	1.11276
55	44	1.03992
55	49	1.17886
55	67	1.19824
55	78	1.197
55	103	0.771758
55	119	0.7376
55	149	0.915445
55	155	0.868567
55	156	1.15597
55	157	1.28641
55	164	0.758178
55	165	0.983283
55	170	1.05959
55	178	1.10667
56	1	1.14396
56	7	1.17376
56	9	1.15335
56	20	1.28454
56	24	1.09084
56	39	1.06606
56	50	1.15935
56	51	1.15951
56	100	0.773916
56	108	0.78958
56	138	0.862162
56	146	0.8823
56	147	1.12354
56	158	0.819633
56	159	1.12837
56	160	1.10325
56	161	0.977424
56	175	1.09549
57	2	1.49568
57	23	1.22756
57	26	1.32765
57	32	1.29413
57	46	1.26162
57	48	1.25234
57	53	1.21146
57	62	1.15086
57	69	1.15124
57	72	1.21507
57	103	0.715325
57	105	0.689627
57	114	0.707968
57	146	0.809296
57	149	0.859012
57	162	0.734651
57	163	0.863442
57	167	0.949931
58	4	1.20462
58	21	1.14026
58	35	1.16285
58	37	1.15311
58	40	1.10287
58	42	1.1058
58	54	1.12588
58	102	1.17214
58	110	1.20443
58	116	0.716195
58	118	1.17771
58	132	0.835588
58	145	0.733089
58	161	1.03537
58	172	0.919132
58	175	1.03431
58	177	0.991797
58	179	0.988344
59	10	1.13828
59	12	1.12396
59	14	1.25614
59	16	1.06528
59	19	1.27052
59	29	1.18837
59	47	1.11387
59	61	1.15086
59	65	1.135
59	70	1.09071
59	119	0.69994
59	124	0.782192
59	158	0.765402
59	165	1.0551
59	176	0.854495
59	178	1.06901
59	179	0.995291
59	180	1.07126
60	4	1.26826
60	21	1.20389
60	35	1.22649
60	37	1.21675
60	40	1.16651
60	42	1.16944
60	54	1.18952
60	101	0.674275
60	102	1.23577
60	110	1.26806
60	118	1.24135
60	132	0.804907
60	150	0.736201
60	151	0.891003
60	161	1.099
60	168	0.700037
60	169	1.04626
60	170	0.984299
60	180	0.79958
61	10	1.22417
61	12	1.20985
61	14	1.34203
61	16	1.15117
61	29	1.27426
61	47	1.19976
61	59	1.15086
61	65	1.22089
61	70	1.17661
61	88	0.717285
61	98	1.20046
61	138	0.772376
61	145	0.704481
61	146	0.792514
61	154	1.01162
61	162	0.717869
61	166	0.935231
61	170	0.986372
61	180	1.15716
62	2	1.31523
62	23	1.04711
62	26	1.1472
62	32	1.11368
62	46	1.08117
62	48	1.07189
62	53	1.03101
62	57	1.15086
62	69	0.970791
62	72	1.03462
62	77	1.10935
62	91	1.23047
62	123	0.87203
62	131	0.892129
62	144	0.931542
62	150	0.912296
62	161	1.06166
62	164	0.858985
62	176	0.992962
63	69	0.977423
63	72	0.863135
63	81	0.771516
63	95	1.04145
63	98	0.828703
63	109	0.977705
63	117	0.775674
63	153	0.814982
63	154	1.01118
63	163	1.07631
63	168	1.17983
63	169	0.968198
63	173	0.975811
63	174	1.03166
63	175	0.98213
63	176	1.06628
63	177	0.998105
63	178	0.971926
63	179	1.00459
64	5	1.1692
64	27	1.16763
64	73	0.981263
64	75	1.22635
64	79	0.979204
64	80	1.31475
64	83	1.09073
64	89	1.03655
64	112	0.965751
64	122	1.18023
64	131	0.871977
64	144	0.91139
64	145	0.858352
64	150	0.892145
64	157	1.21566
64	160	1.03984
64	167	0.931198
64	174	1.04704
64	176	0.97281
65	10	1.20831
65	12	1.194
65	14	1.32617
65	16	1.13531
65	19	1.34055
65	29	1.2584
65	59	1.135
65	61	1.22089
65	70	1.16075
65	98	1.1846
65	103	0.666349
65	132	0.774786
65	137	0.690537
65	144	0.725326
65	163	0.814467
65	165	0.987355
65	175	0.973506
65	178	1.00126
65	180	1.1413
66	84	1.14867
66	110	0.683095
66	114	0.720584
66	120	1.24456
66	125	0.842343
66	129	1.1935
66	130	1.2478
66	131	0.747504
66	136	1.19365
66	140	1.22168
66	141	1.23073
66	142	1.19819
66	148	1.20418
66	152	1.20884
66	153	1.2068
66	168	0.731507
66	171	1.00151
66	176	0.848337
66	178	1.06285
67	8	1.10184
67	18	1.1922
67	34	1.20134
67	44	1.1285
67	49	1.26744
67	55	1.19824
67	78	1.28558
67	97	0.683479
67	98	1.2255
67	127	0.673296
67	155	0.781253
67	156	1.24455
67	157	1.37499
67	162	0.70377
67	163	0.832561
67	165	1.07186
67	166	0.921132
67	169	1.03423
67	173	1.0064
68	22	1.16877
68	31	1.26272
68	33	1.21235
68	38	1.14511
68	43	1.29891
68	52	1.21197
68	71	1.18812
68	100	0.744506
68	102	0.789982
68	115	0.728014
68	118	1.23495
68	119	0.72476
68	122	1.31543
68	146	1.18071
68	151	0.953452
68	155	0.855728
68	168	0.762486
68	175	1.06608
68	179	1.0761
69	2	1.31561
69	23	1.04749
69	26	1.14758
69	32	1.11406
69	46	1.08155
69	48	1.07227
69	53	1.03139
69	57	1.15124
69	62	0.970791
69	63	0.977423
69	72	1.035
69	77	1.10973
69	91	1.23085
69	97	0.886375
69	108	0.88859
69	137	0.911528
69	139	0.867851
69	143	0.866895
69	146	0.98131
70	10	1.16403
70	12	1.14971
70	14	1.28189
70	16	1.09103
70	19	1.29627
70	29	1.21412
70	47	1.13962
70	59	1.09071
70	61	1.17661
70	65	1.16075
70	98	1.14032
70	109	1.08928
70	122	0.681783
70	124	0.780054
70	160	0.794379
70	162	0.751286
70	174	0.926585
70	176	0.852357
70	178	1.06687
70	180	1.09701
71	13	1.20109
71	22	1.11832
71	31	1.21227
71	33	1.1619
71	38	1.09466
71	43	1.24846
71	52	1.16152
71	68	1.18812
71	102	0.777148
71	118	1.1845
71	122	1.26498
71	131	0.765648
71	146	1.13025
71	150	0.785815
71	158	0.777388
71	165	1.06709
71	167	0.980691
71	172	0.938065
71	179	1.02565
71	180	0.849194
72	2	1.37943
72	23	1.11131
72	26	1.2114
72	32	1.17789
72	46	1.14537
72	48	1.13609
72	53	1.09521
72	57	1.21507
72	62	1.03462
72	63	0.863135
72	69	1.035
72	77	1.17355
72	91	1.29468
72	100	0.758639
72	108	0.774302
72	114	0.765695
72	139	0.753563
72	149	0.916739
72	161	0.962146
72	167	1.00766
73	5	1.18229
73	27	1.18072
73	64	0.981263
73	75	1.23944
73	79	0.992295
73	80	1.32784
73	83	1.10382
73	89	1.04964
73	91	1.24244
73	115	0.811065
73	122	1.19332
73	132	0.950407
73	144	0.900946
73	157	1.22876
73	160	1.05293
73	163	0.990087
73	164	0.828389
73	167	0.94429
73	168	0.845537
73	176	0.962366
73	180	0.94508
74	11	1.03331
74	28	1.0562
74	30	1.19237
74	45	1.16663
74	76	1.09326
74	81	1.20222
74	90	1.15165
74	93	1.11109
74	110	1.18928
74	119	0.78039
74	134	0.88288
74	137	0.838737
74	147	1.12295
74	155	0.911358
74	157	1.27848
74	162	0.833874
74	164	0.800968
74	167	1.04916
74	173	1.1365
74	179	1.00371
74	180	1.08568
75	27	1.4258
75	64	1.22635
75	73	1.23944
75	79	1.23738
75	80	1.57293
75	83	1.3489
75	89	1.29472
75	97	0.661486
75	127	0.651304
75	133	0.764371
75	150	0.702182
75	157	1.47384
75	160	1.29802
75	161	0.851546
75	164	0.648871
75	167	1.18937
75	176	0.782848
75	179	0.923644
75	180	0.765561
76	11	1.03276
76	28	1.05565
76	30	1.19182
76	45	1.16608
76	74	1.09326
76	81	1.20167
76	90	1.1511
76	93	1.11054
76	100	0.810034
76	110	1.18874
76	119	0.790289
76	125	0.93885
76	143	0.804002
76	147	1.1224
76	157	1.27793
76	164	0.810867
76	165	1.14545
76	168	0.828014
76	171	1.09802
76	179	1.00317
76	180	1.08513
77	53	1.16994
77	62	1.10935
77	69	1.10973
77	72	1.17355
77	93	1.18833
77	94	1.1874
77	96	1.16241
77	113	1.2199
77	127	0.776379
77	135	1.25659
77	137	0.811715
77	138	0.861359
77	140	1.20774
77	143	0.767081
77	164	0.773946
77	174	0.982151
77	176	0.907923
77	177	1.05217
77	179	1.08095
77	180	1.16292
78	8	1.1006
78	17	1.41109
78	18	1.19096
78	34	1.2001
78	44	1.12726
78	49	1.2662
78	55	1.197
78	67	1.28558
78	98	1.22426
78	101	0.655362
78	109	1.03488
78	146	0.771528
78	155	0.774367
78	156	1.24331
78	157	1.37375
78	158	0.70886
78	165	1.07062
78	168	0.681124
78	175	0.984714
78	176	0.797954
78	179	0.93875
79	5	1.18023
79	27	1.17866
79	64	0.979204
79	73	0.992295
79	75	1.23738
79	80	1.32578
79	83	1.10176
79	89	1.04758
79	91	1.24038
79	95	0.867973
79	97	0.74469
79	108	0.746906
79	122	1.19126
79	143	0.72521
79	157	1.2267
79	160	1.05088
79	161	0.93475
79	165	1.06666
79	167	0.942231
79	175	1.05281
79	178	1.08057
80	64	1.31475
80	73	1.32784
80	75	1.57293
80	79	1.32578
80	83	1.43731
80	89	1.38313
80	102	0.618759
80	134	0.656027
80	146	0.681666
80	157	1.56224
80	160	1.38642
80	163	0.735813
80	164	0.574115
80	167	1.27778
80	170	0.875525
80	173	0.90965
80	176	0.708092
80	180	0.690806
81	11	1.14173
81	28	1.16462
81	30	1.30079
81	45	1.27505
81	63	0.771516
81	74	1.20222
81	76	1.20167
81	90	1.26007
81	93	1.21951
81	122	0.631255
81	147	1.23137
81	157	1.3869
81	158	0.712736
81	160	0.743852
81	161	0.870527
81	165	1.00244
81	168	0.685
81	176	0.801829
81	178	1.01634
81	179	1.11213
81	180	1.1941
82	3	1.26128
82	15	1.19785
82	25	1.19785
82	36	1.23245
82	85	1.22161
82	87	1.22099
82	92	1.27877
82	100	0.750963
82	105	0.739678
82	107	0.660403
82	118	1.25535
82	119	1.29
82	139	0.745887
82	143	0.744931
82	146	0.859346
82	155	0.862185
82	156	1.24083
82	159	1.22056
82	162	0.784702
82	167	1.0868
82	174	0.96
83	5	1.29175
83	27	1.29018
83	64	1.09073
83	73	1.10382
83	75	1.3489
83	79	1.10176
83	80	1.43731
83	89	1.1591
83	102	0.733823
83	122	1.30279
83	134	0.771091
83	145	0.708698
83	149	0.846447
83	151	0.897293
83	157	1.33822
83	160	1.1624
83	164	0.68918
83	167	1.05375
83	168	0.706327
83	171	0.976334
83	173	1.02471
84	66	1.14867
84	96	1.04886
84	99	1.14807
84	106	1.14587
84	113	1.10635
84	117	1.13481
84	121	0.778368
84	130	1.1203
84	140	1.09419
84	142	1.07069
84	144	0.869173
84	145	0.816134
84	147	1.08664
84	148	1.07669
84	149	0.953884
84	152	1.08135
84	153	1.07931
84	159	1.09146
84	173	1.13215
84	174	1.00482
84	177	1.07484
84	180	0.913307
85	3	1.20351
85	15	1.14008
85	25	1.14008
85	36	1.17468
85	82	1.22161
85	87	1.16322
85	91	1.32719
85	92	1.221
85	105	0.721142
85	118	1.19759
85	119	1.23223
85	134	0.815171
85	137	0.771028
85	139	0.727351
85	145	0.752777
85	156	1.18306
85	159	1.1628
85	162	0.766165
85	167	1.02903
85	169	1.09663
85	172	0.93882
85	175	1.054
86	19	0.671889
86	25	0.917584
86	35	0.89816
86	91	0.800669
86	114	1.19811
86	135	0.845769
86	136	0.863819
86	141	0.836868
86	154	1.02628
86	155	1.11444
86	161	1.03619
86	163	1.09141
86	170	1.0203
86	171	1.01515
86	172	1.04668
86	173	0.990906
86	174	1.04675
86	175	0.997225
86	176	1.08137
86	177	1.0132
86	178	0.987021
87	3	1.2029
87	15	1.13947
87	25	1.13947
87	36	1.17406
87	82	1.22099
87	85	1.16322
87	91	1.32657
87	92	1.22038
87	100	0.654423
87	103	0.668836
87	118	1.19697
87	119	1.23161
87	156	1.18244
87	159	1.16218
87	161	0.857931
87	162	0.688162
87	165	0.989842
87	167	1.02842
87	169	1.01862
87	173	0.990791
87	178	1.00375
87	180	0.771946
88	38	0.838212
88	42	0.829078
88	61	0.717285
88	92	0.708078
88	108	1.19763
88	134	1.18502
88	140	0.727723
88	142	0.733117
88	151	1.05377
88	153	0.743641
88	156	0.694285
88	160	1.1328
88	163	1.10558
88	164	1.22352
88	168	1.2091
88	172	1.06085
88	173	1.00508
88	174	1.06092
88	175	1.0114
88	176	1.09554
88	177	1.02737
88	178	1.00119
89	5	1.23757
89	27	1.236
89	64	1.03655
89	73	1.04964
89	75	1.29472
89	79	1.04758
89	80	1.38313
89	83	1.1591
89	91	1.29773
89	100	0.67973
89	109	1.05146
89	121	0.662315
89	122	1.24861
89	139	0.674655
89	146	0.788114
89	154	1.00722
89	155	0.790953
89	157	1.28404
89	160	1.10822
89	167	0.999574
89	170	0.981973
89	175	1.0013
90	11	1.09116
90	28	1.11405
90	30	1.25022
90	45	1.22448
90	74	1.15165
90	76	1.1511
90	81	1.26007
90	93	1.16894
90	105	0.751058
90	110	1.24713
90	121	0.744927
90	139	0.757267
90	146	0.870726
90	147	1.1808
90	150	0.816486
90	151	0.971288
90	157	1.33633
90	160	0.839174
90	162	0.796081
90	165	1.09776
90	179	1.06156
90	180	1.14353
91	46	1.34123
91	53	1.29107
91	62	1.23047
91	69	1.23085
91	72	1.29468
91	73	1.24244
91	79	1.24038
91	85	1.32719
91	86	0.800669
91	87	1.32657
91	89	1.29773
91	92	1.38435
91	101	0.641329
91	124	0.711617
91	137	0.687712
91	139	0.644036
91	145	0.669462
91	166	0.900213
91	167	1.19238
91	168	0.667091
91	177	0.92817
91	178	0.998434
92	3	1.26067
92	15	1.19724
92	25	1.19724
92	36	1.23184
92	82	1.27877
92	85	1.221
92	87	1.22038
92	88	0.708078
92	91	1.38435
92	102	0.720399
92	110	0.644491
92	118	1.25475
92	119	1.28939
92	144	0.748312
92	155	0.786145
92	156	1.24022
92	159	1.21996
92	160	0.751755
92	162	0.708662
92	167	1.08619
92	172	0.881317
92	173	1.01129
92	175	0.996493
93	11	1.0506
93	28	1.07349
93	30	1.20965
93	45	1.18391
93	74	1.11109
93	76	1.11054
93	77	1.18833
93	81	1.21951
93	90	1.16894
93	100	0.68924
93	110	1.20657
93	112	0.81699
93	147	1.14024
93	157	1.29576
93	161	0.892748
93	166	0.940342
93	172	0.895634
93	174	0.898278
93	175	1.01081
93	176	0.82405
93	177	0.968299
93	179	1.021
93	180	1.10297
94	77	1.1874
94	110	0.739412
94	111	1.1438
94	114	0.7769
94	120	1.16973
94	123	0.783722
94	125	0.89866
94	126	1.14821
94	130	1.17297
94	135	1.1957
94	136	1.11883
94	137	0.808445
94	140	1.14686
94	141	1.1559
94	142	1.12336
94	148	1.12936
94	152	1.13402
94	153	1.13198
94	159	1.14413
94	166	1.02094
94	168	0.787824
94	175	1.09141
94	179	1.04545
95	63	1.04145
95	79	0.867973
95	111	0.861335
95	113	0.863783
95	129	0.868803
95	132	1.05208
95	138	1.06434
95	141	0.822041
95	152	0.817616
95	154	0.957075
95	155	1.04524
95	158	1.10449
95	159	0.788664
95	162	1.13782
95	164	1.14015
95	168	1.12572
95	170	0.951103
95	171	0.945953
95	175	0.928024
95	176	1.01217
95	177	0.943999
95	178	0.91782
96	77	1.16241
96	84	1.04886
96	99	1.17576
96	104	1.10665
96	117	1.1625
96	121	0.711884
96	126	1.12322
96	128	1.1141
96	135	1.17072
96	136	1.09384
96	140	1.12187
96	141	1.13092
96	142	1.09838
96	145	0.74965
96	148	1.10438
96	152	1.10903
96	153	1.10699
96	155	0.840522
96	167	0.978318
96	169	1.0935
96	171	1.01729
96	172	0.935693
96	173	1.06567
96	176	0.864109
97	12	0.679943
97	35	0.76005
97	48	0.698316
97	50	0.676189
97	67	0.683479
97	69	0.886375
97	75	0.661486
97	79	0.74469
97	100	1.34929
97	107	0.790575
97	151	1.15278
97	152	0.694333
97	163	1.20458
97	165	1.1045
97	166	1.15017
97	168	1.3081
97	169	1.09647
97	171	1.12833
97	172	1.15985
97	173	1.10408
97	174	1.15993
97	175	1.1104
97	176	1.19455
97	177	1.12638
97	178	1.1002
98	47	1.16348
98	61	1.20046
98	63	0.828703
98	65	1.1846
98	67	1.2255
98	70	1.14032
98	78	1.22426
98	107	1.11858
98	127	0.727472
98	131	0.758183
98	134	0.806951
98	136	1.13766
98	139	0.719131
98	140	1.16569
98	152	1.15285
98	153	1.15081
98	156	1.18323
98	157	1.31367
98	164	0.725039
98	165	1.01054
98	167	0.973226
98	171	1.01219
98	172	0.9306
98	178	1.07353
98	180	1.12087
99	41	1.30843
99	84	1.14807
99	96	1.17576
99	116	0.695826
99	117	1.26171
99	128	1.21331
99	129	1.1929
99	130	1.2472
99	132	0.815219
99	133	0.808702
99	134	0.775113
99	135	1.26993
99	140	1.22108
99	141	1.23013
99	142	1.19759
99	148	1.20359
99	149	0.850469
99	152	1.20824
99	153	1.2062
99	158	0.738085
99	161	1.11081
99	164	0.693202
99	167	0.941389
99	170	0.994612
99	177	0.971428
99	180	0.809892
100	49	0.739976
100	54	0.788554
100	56	0.773916
100	68	0.744506
100	72	0.758639
100	76	0.810034
100	82	0.750963
100	87	0.654423
100	89	0.67973
100	93	0.68924
100	97	1.34929
100	123	1.25
100	131	1.28134
100	150	1.26093
100	151	1.14998
100	157	0.59014
100	168	1.3053
100	169	1.09366
100	170	1.13068
100	171	1.12553
100	172	1.15705
100	173	1.10128
100	174	1.15712
100	175	1.1076
100	176	1.19174
100	177	1.12357
100	178	1.09739
101	13	0.770745
101	60	0.674275
101	78	0.655362
101	91	0.641329
101	103	1.26166
101	111	0.716823
101	115	1.27845
101	129	0.724291
101	130	0.663001
101	139	1.26512
101	142	0.69218
101	145	1.24244
101	147	0.725271
101	148	0.720048
101	149	1.13889
101	154	1.08977
101	157	0.582358
101	164	1.27284
101	166	1.10049
101	168	1.25842
101	170	1.0838
101	171	1.07865
101	173	1.0544
101	174	1.11024
101	175	1.06072
101	176	1.14486
101	177	1.07669
101	178	1.05051
102	17	0.683545
102	33	0.810116
102	39	0.916187
102	40	1.15092
102	45	0.802624
102	47	0.791923
102	54	1.17393
102	58	1.17214
102	60	1.23577
102	68	0.789982
102	71	0.777148
102	80	0.618759
102	83	0.733823
102	92	0.720399
102	111	1.19063
102	141	1.20274
102	147	1.18614
102	148	1.1762
102	153	1.17881
102	157	0.635616
102	158	1.22091
102	159	1.19097
102	161	1.08342
102	169	1.03051
102	172	1.0939
102	174	1.09397
102	176	1.12859
102	177	1.06042
103	40	0.790302
103	41	0.697777
103	45	0.77156
103	55	0.771758
103	57	0.715325
103	65	0.666349
103	87	0.668836
103	101	1.26166
103	104	0.671722
103	123	1.21204
103	124	1.23025
103	135	0.708624
103	142	0.714375
103	147	0.747466
103	150	1.22298
103	155	1.18686
103	162	1.27944
103	164	1.28177
103	166	1.10942
103	169	1.05571
103	170	1.09273
103	171	1.08757
103	172	1.1191
103	173	1.06333
103	175	1.06965
103	176	1.15379
103	177	1.08562
103	178	1.05944
104	96	1.10665
104	103	0.671722
104	106	1.20365
104	111	1.14891
104	117	1.1926
104	126	1.15332
104	128	1.1442
104	130	1.17809
104	133	0.773642
104	135	1.20082
104	136	1.12394
104	138	0.745555
104	140	1.15197
104	141	1.16102
104	142	1.12848
104	147	1.14442
104	148	1.13448
104	149	0.81541
104	152	1.13913
104	153	1.13709
104	154	0.984799
104	156	1.16951
104	169	1.02151
104	174	0.866347
104	175	0.97888
104	178	1.00663
104	179	0.932915
104	180	0.774833
105	1	0.657073
105	57	0.689627
105	82	0.739678
105	85	0.721142
105	90	0.751058
105	112	1.1747
105	132	1.20494
105	134	1.25451
105	135	0.682927
105	140	0.683283
105	141	0.674026
105	142	0.688677
105	147	0.721768
105	150	1.23422
105	151	1.12327
105	152	0.669601
105	154	1.10994
105	162	1.29068
105	166	1.12066
105	168	1.27859
105	169	1.06696
105	171	1.09882
105	173	1.07457
105	174	1.13041
105	175	1.08089
105	176	1.16503
105	177	1.09686
105	178	1.07068
106	84	1.14587
106	104	1.20365
106	111	1.21582
106	113	1.23104
106	117	1.2595
106	122	0.672262
106	124	0.770533
106	126	1.22023
106	128	1.21111
106	129	1.19069
106	130	1.24499
106	132	0.830877
106	136	1.19085
106	137	0.746628
106	139	0.702951
106	140	1.21888
106	142	1.19538
106	148	1.20138
106	152	1.20604
106	153	1.204
106	160	0.784858
106	161	1.1086
106	162	0.741765
106	165	1.06373
106	169	1.07223
106	174	0.917064
106	175	1.0296
106	176	0.842836
106	177	0.987085
107	6	1.186
107	41	1.20744
107	82	0.660403
107	97	0.790575
107	98	1.11858
107	111	1.11703
107	113	1.13226
107	120	1.14297
107	126	1.12144
107	128	1.11232
107	129	1.09191
107	132	0.899977
107	135	1.16894
107	140	1.12009
107	141	1.12914
107	146	1.09791
107	148	1.10259
107	152	1.10725
107	153	1.10521
107	156	1.13763
107	158	0.822843
107	159	1.11737
107	160	0.853959
107	164	0.77796
107	168	0.795107
107	170	1.07937
107	171	1.06511
107	173	1.11349
107	180	0.89465
108	2	0.646866
108	5	0.799143
108	15	0.752096
108	56	0.78958
108	69	0.88859
108	72	0.774302
108	79	0.746906
108	88	1.19763
108	124	1.21554
108	129	0.747736
108	139	1.25934
108	144	1.1698
108	145	1.23666
108	151	1.09732
108	153	0.726149
108	154	1.08399
108	156	0.676794
108	158	1.23141
108	159	0.667597
108	169	1.04101
108	170	1.07802
108	171	1.07287
108	172	1.10439
108	174	1.10447
108	175	1.05494
108	176	1.13909
108	177	1.07092
108	178	1.04474
108	179	1.0774
109	35	1.11834
109	44	1.18214
109	63	0.977705
109	70	1.08928
109	78	1.03488
109	89	1.05146
109	116	1.05728
109	118	1.0316
109	122	1.12607
109	123	1.00668
109	136	1.084
109	137	1.05783
109	150	1.01761
109	152	1.05262
109	154	0.893333
109	155	0.981499
109	162	1.07408
109	163	0.958467
109	166	0.904056
109	168	1.06198
109	169	0.85035
109	170	0.887362
109	171	0.882211
109	172	0.913735
109	173	0.857963
109	174	0.913809
109	175	0.864282
109	176	0.948429
109	177	0.880257
109	178	0.854078
110	16	0.629682
110	26	0.672356
110	37	1.23345
110	38	0.774625
110	39	0.840279
110	40	1.18321
110	54	1.20622
110	58	1.20443
110	60	1.26806
110	66	0.683095
110	74	1.18928
110	76	1.18874
110	90	1.24713
110	92	0.644491
110	93	1.20657
110	94	0.739412
110	113	0.696621
110	120	0.665428
110	128	0.74453
110	148	0.697398
110	159	0.621502
110	161	1.11571
110	171	1.09466
110	172	1.12619
110	174	1.12626
110	175	1.07674
110	176	1.16088
110	178	1.06653
110	179	1.09919
110	180	1.18116
111	41	1.25149
111	94	1.1438
111	95	0.861335
111	101	0.716823
111	102	1.19063
111	104	1.14891
111	106	1.21582
111	107	1.11703
111	113	1.17631
111	115	0.708113
111	117	1.20476
111	129	1.13596
111	135	1.21299
111	136	1.13611
111	138	0.81285
111	140	1.16414
111	141	1.17318
111	142	1.14065
111	143	0.718572
111	146	1.14196
111	148	1.14664
111	152	1.1513
111	153	1.14926
111	154	1.05209
111	155	0.835827
111	163	0.887135
111	164	0.725437
111	166	0.975706
111	170	1.02685
111	180	0.842127
112	5	0.911229
112	20	0.71523
112	22	0.957078
112	33	0.89239
112	44	0.938154
112	53	0.925645
112	64	0.965751
112	93	0.81699
112	105	1.1747
112	121	1.193
112	132	1.08658
112	143	1.16114
112	144	1.07738
112	147	0.860803
112	149	1.04069
112	151	1.0049
112	159	0.779684
112	163	1.0567
112	164	1.17464
112	166	1.00229
112	168	1.16022
112	169	0.948587
112	170	0.985599
112	172	1.01197
112	173	0.956201
112	174	1.01205
112	175	0.96252
112	176	1.04667
112	177	0.978495
112	178	0.952316
113	77	1.2199
113	84	1.10635
113	95	0.863783
113	106	1.23104
113	107	1.13226
113	110	0.696621
113	111	1.17631
113	115	0.710561
113	117	1.21999
113	126	1.18071
113	129	1.15118
113	130	1.20548
113	132	0.849903
113	133	0.843386
113	136	1.15133
113	137	0.765654
113	140	1.17936
113	141	1.18841
113	142	1.15587
113	148	1.16187
113	149	0.885153
113	152	1.16653
113	153	1.16449
113	155	0.838276
113	159	1.17664
113	160	0.803885
113	163	0.889584
113	165	1.02422
113	169	1.09125
113	172	0.933447
114	24	0.736618
114	27	0.631811
114	30	0.726518
114	46	0.676493
114	57	0.707968
114	66	0.720584
114	72	0.765695
114	86	1.19811
114	94	0.7769
114	123	1.21199
114	138	1.20591
114	142	0.707018
114	143	1.26821
114	144	1.18444
114	145	1.25131
114	147	0.740109
114	148	0.734886
114	157	0.597196
114	158	1.24605
114	164	1.28171
114	166	1.10936
114	168	1.26729
114	170	1.09267
114	172	1.11904
114	173	1.06327
114	174	1.11911
114	175	1.06959
114	176	1.15373
114	177	1.08556
114	178	1.05938
115	1	0.651866
115	10	0.674493
115	13	0.762035
115	30	0.70297
115	68	0.728014
115	73	0.811065
115	101	1.27845
115	111	0.708113
115	113	0.710561
115	140	0.678076
115	146	1.2135
115	147	0.716561
115	148	0.711338
115	151	1.12882
115	152	0.664394
115	155	1.20365
115	158	1.2629
115	163	1.18062
115	164	1.29856
115	166	1.12621
115	168	1.28414
115	169	1.0725
115	170	1.10952
115	172	1.13589
115	173	1.08012
115	174	1.13596
115	175	1.08644
115	176	1.17058
115	177	1.10241
115	178	1.07623
116	4	0.661166
116	35	0.750059
116	54	0.792011
116	58	0.716195
116	99	0.695826
116	109	1.05728
116	127	1.26234
116	128	0.77842
116	130	0.67424
116	135	0.697669
116	136	0.715719
116	137	1.25525
116	138	1.19802
116	139	1.2661
116	147	0.73651
116	150	1.21503
116	155	1.17892
116	157	0.593597
116	158	1.23817
116	159	0.655391
116	165	1.0558
116	166	1.10148
116	168	1.2594
116	169	1.04777
116	170	1.08478
116	171	1.07963
116	172	1.11115
116	173	1.05538
116	175	1.0617
116	177	1.07768
116	178	1.0515
117	63	0.775674
117	84	1.13481
117	96	1.1625
117	99	1.26171
117	104	1.1926
117	106	1.2595
117	111	1.20476
117	113	1.21999
117	120	1.2307
117	126	1.20917
117	127	0.674442
117	129	1.17964
117	130	1.23394
117	131	0.705153
117	135	1.25667
117	136	1.17979
117	141	1.21687
117	142	1.18433
117	145	0.691528
117	148	1.19033
117	152	1.19498
117	153	1.19295
117	154	0.998667
117	155	0.782399
117	158	0.716893
117	166	0.922278
117	168	0.689157
117	170	0.973419
117	174	0.880215
117	177	0.950236
117	179	0.946783
118	22	1.16515
118	35	1.21647
118	37	1.20673
118	38	1.14149
118	40	1.15649
118	42	1.15943
118	58	1.17771
118	60	1.24135
118	68	1.23495
118	71	1.1845
118	82	1.25535
118	85	1.19759
118	87	1.19697
118	92	1.25475
118	109	1.0316
118	127	0.66313
118	143	0.653832
118	146	1.17709
118	150	0.714008
118	151	0.868811
118	159	1.19654
118	161	1.08899
118	162	0.693603
118	163	0.822395
118	167	1.06278
118	169	1.02407
118	170	0.962107
118	172	0.866258
118	175	0.981435
118	177	0.938923
118	179	1.07248
118	180	0.777388
119	5	0.763734
119	14	0.575145
119	22	0.809583
119	26	0.683042
119	34	0.758439
119	37	0.735839
119	39	0.850965
119	55	0.7376
119	59	0.69994
119	68	0.72476
119	74	0.78039
119	76	0.790289
119	82	1.29
119	85	1.23223
119	87	1.23161
119	92	1.28939
119	130	1.26002
119	142	1.21041
119	148	1.21641
119	152	1.22107
119	153	1.21903
119	157	0.570394
119	159	1.23119
119	165	1.07876
119	167	1.09742
119	170	1.10774
119	171	1.10259
119	174	1.13419
119	175	1.08466
119	176	1.16881
119	177	1.10064
119	178	1.07446
120	41	1.27742
120	66	1.24456
120	94	1.16973
120	107	1.14297
120	110	0.665428
120	117	1.2307
120	124	0.758366
120	128	1.1823
120	129	1.16189
120	135	1.23892
120	136	1.16204
120	139	0.690785
120	140	1.19008
120	141	1.19912
120	142	1.16658
120	145	0.716211
120	147	1.18253
120	148	1.17258
120	152	1.17724
120	153	1.1752
120	158	0.741576
120	159	1.18735
120	160	0.772692
120	161	1.0798
120	165	1.03493
120	166	0.946961
120	167	0.94488
120	171	0.983847
120	172	0.902254
120	173	1.03223
120	175	1.01743
120	176	0.83067
121	6	0.680386
121	9	0.715192
121	28	0.897942
121	32	0.615252
121	48	0.667453
121	52	0.715309
121	84	0.778368
121	89	0.662315
121	90	0.744927
121	96	0.711884
121	112	1.193
121	125	1.21458
121	126	0.693065
121	139	1.30359
121	144	1.21405
121	149	1.17736
121	150	1.25252
121	152	0.66347
121	153	0.69307
121	155	1.21641
121	158	1.27566
121	166	1.13897
121	168	1.29689
121	169	1.08526
121	170	1.12227
121	171	1.11712
121	172	1.14864
121	173	1.09287
121	174	1.14872
121	175	1.09919
121	176	1.18334
121	178	1.08899
122	17	0.602304
122	21	0.734579
122	23	0.760509
122	26	0.667023
122	28	0.879593
122	29	0.628282
122	31	1.33958
122	49	0.704211
122	52	1.28883
122	64	1.18023
122	68	1.31543
122	70	0.681783
122	71	1.26498
122	73	1.19332
122	79	1.19126
122	81	0.631255
122	83	1.30279
122	89	1.24861
122	106	0.672262
122	109	1.12607
122	135	0.658447
122	136	0.676497
122	149	1.20867
122	152	0.645121
122	167	1.14326
122	169	1.11657
122	173	1.12418
122	176	1.21464
122	177	1.14647
122	178	1.12029
122	179	1.15296
123	9	0.746486
123	25	0.779904
123	45	0.771025
123	46	0.683315
123	47	0.760324
123	62	0.87203
123	94	0.783722
123	100	1.25
123	103	1.21204
123	109	1.00668
123	114	1.21199
123	126	0.724359
123	129	0.745951
123	134	1.18473
123	137	1.20465
123	138	1.14742
123	139	1.2155
123	140	0.708445
123	148	0.741708
123	150	1.16444
123	155	1.12832
123	156	0.675008
123	162	1.2209
123	163	1.10529
123	166	1.05088
123	170	1.03418
123	171	1.02903
123	173	1.00479
123	174	1.06063
123	175	1.01111
123	176	1.09525
123	177	1.02708
124	15	0.798938
124	43	0.731454
124	53	0.860401
124	59	0.782192
124	70	0.780054
124	91	0.711617
124	103	1.23025
124	106	0.770533
124	108	1.21554
124	120	0.758366
124	131	1.20305
124	133	1.17389
124	135	0.756718
124	143	1.22793
124	144	1.14417
124	147	0.795559
124	154	1.05836
124	155	1.14653
124	156	0.723636
124	157	0.652646
124	164	1.24143
124	166	1.06908
124	168	1.22701
124	169	1.01538
124	170	1.05239
124	172	1.07876
124	173	1.02299
124	174	1.07884
124	175	1.02931
124	176	1.11345
124	177	1.04528
124	178	1.0191
125	31	0.755753
125	38	0.933873
125	50	0.791557
125	51	0.777603
125	66	0.842343
125	76	0.93885
125	94	0.89866
125	121	1.21458
125	126	0.839297
125	127	1.18473
125	142	0.828778
125	151	1.02647
125	155	1.10131
125	156	0.789946
125	157	0.718956
125	162	1.19389
125	163	1.07828
125	164	1.19622
125	166	1.02387
125	167	0.996854
125	168	1.18179
125	169	0.970162
125	170	1.00717
125	171	1.00202
125	172	1.03355
125	173	0.977775
125	174	1.03362
125	175	0.984094
125	176	1.06824
125	177	1.00007
125	178	0.97389
125	180	1.08852
126	94	1.14821
126	96	1.12322
126	104	1.15332
126	106	1.22023
126	107	1.12144
126	113	1.18071
126	117	1.20917
126	121	0.693065
126	123	0.724359
126	125	0.839297
126	128	1.16078
126	129	1.14036
126	130	1.19466
126	131	0.744457
126	133	0.826814
126	135	1.2174
126	140	1.16855
126	141	1.17759
126	142	1.14506
126	145	0.730831
126	148	1.15105
126	152	1.15571
126	153	1.15367
126	154	1.03797
126	156	1.18609
126	158	0.756197
126	160	0.787312
126	161	1.05827
126	163	0.873011
126	165	1.0134
126	167	0.9595
126	173	1.04685
126	178	1.0598
127	22	0.832594
127	23	0.799539
127	67	0.673296
127	75	0.651304
127	77	0.776379
127	98	0.727472
127	116	1.26234
127	117	0.674442
127	118	0.66313
127	125	1.18473
127	136	0.715527
127	141	0.688576
127	145	1.25106
127	148	0.731095
127	153	0.713751
127	158	1.24581
127	159	0.655199
127	162	1.27914
127	163	1.16353
127	164	1.28147
127	166	1.10912
127	168	1.26704
127	169	1.05541
127	170	1.09242
127	171	1.08727
127	172	1.1188
127	173	1.06302
127	174	1.11887
127	175	1.06934
127	176	1.15349
127	177	1.08532
127	178	1.05914
127	179	1.0918
128	96	1.1141
128	99	1.21331
128	104	1.1442
128	106	1.21111
128	107	1.11232
128	110	0.74453
128	116	0.77842
128	120	1.1823
128	126	1.16078
128	129	1.13124
128	130	1.18554
128	133	0.891295
128	135	1.20827
128	136	1.1314
128	138	0.863208
128	139	0.769887
128	140	1.15943
128	141	1.16847
128	142	1.13593
128	144	0.848352
128	148	1.14193
128	152	1.14659
128	153	1.14455
128	156	1.17697
128	159	1.1567
128	160	0.851794
128	161	1.04915
128	162	0.808701
128	163	0.937493
128	167	1.02398
128	168	0.792942
128	172	0.981356
128	180	0.892486
129	6	1.20493
129	41	1.22636
129	66	1.1935
129	95	0.868803
129	99	1.1929
129	101	0.724291
129	106	1.19069
129	107	1.09191
129	108	0.747736
129	111	1.13596
129	113	1.15118
129	117	1.17964
129	120	1.16189
129	123	0.745951
129	126	1.14036
129	128	1.13124
129	130	1.16513
129	135	1.18786
129	136	1.11098
129	141	1.14806
129	142	1.11552
129	144	0.805462
129	146	1.11683
129	148	1.12152
129	150	0.786216
129	153	1.12414
129	158	0.777789
129	163	0.894603
129	164	0.732905
129	168	0.750053
129	170	1.03431
129	171	1.02006
129	173	1.06844
130	66	1.2478
130	84	1.1203
130	94	1.17297
130	99	1.2472
130	101	0.663001
130	104	1.17809
130	106	1.24499
130	113	1.20548
130	116	0.67424
130	117	1.23394
130	119	1.26002
130	126	1.19466
130	128	1.18554
130	129	1.16513
130	131	0.704759
130	134	0.753527
130	136	1.16528
130	138	0.759029
130	142	1.16982
