1	54	1.63334
1	63	1.55202
1	126	0.85287
1	138	0.889269
1	145	0.822182
1	149	0.861186
1	155	0.811354
1	156	0.898296
1	176	0.791053
1	178	0.903761
1	179	0.783559
1	180	0.786485
2	27	0.89623
2	39	1.26548
2	79	0.817488
2	82	0.973271
2	84	0.967119
2	134	0.973364
2	149	0.947813
2	151	0.991794
2	155	0.89798
2	174	0.858854
2	177	0.917047
2	180	0.873111
3	104	1.12118
3	112	0.989719
3	113	1.0922
3	121	1.05971
3	124	1.04376
3	125	1.04376
3	127	1.0771
3	136	0.924005
3	141	0.983254
3	160	1.23851
3	175	0.972874
3	177	1.2766
4	58	0.946384
4	70	0.469954
4	83	0.864838
4	130	1.15432
4	133	1.12391
4	149	1.06697
4	150	1.01653
4	155	1.01714
4	161	0.499494
4	173	0.99247
4	177	1.03621
4	180	0.992272
5	42	1.10268
5	66	1.02376
5	69	1.01581
5	86	1.02408
5	87	1.09688
5	94	1.00672
5	119	1.06483
5	120	1.06482
5	135	0.894846
5	172	1.22179
5	174	1.35851
5	177	0.952723
6	67	1.07964
6	106	0.939952
6	116	1.03075
6	126	0.954025
6	134	0.990117
6	154	0.971241
6	155	0.912508
6	159	0.912924
6	174	0.873382
6	175	0.898427
6	177	0.931575
6	180	0.887639
7	18	1.06573
7	30	1.06574
7	40	1.00222
7	64	1.03897
7	68	1.00545
7	89	1.07687
7	111	1.14697
7	123	0.788496
7	141	1.05049
7	169	1.09399
7	177	1.1225
7	179	1.35395
8	10	1.02642
8	13	1.06833
8	51	1.12802
8	54	1.12426
8	57	1.09461
8	62	1.09463
8	106	1.14871
8	152	1.05448
8	153	1.16189
8	162	1.10928
8	178	0.815458
9	23	0.963595
9	38	0.911419
9	48	0.960628
9	49	0.960628
9	65	0.894002
9	71	0.992337
9	132	0.93173
9	133	1.34426
9	136	0.919545
9	145	0.86499
9	153	1.25208
9	167	1.61646
10	8	1.02642
10	13	0.868749
10	51	0.928443
10	54	0.924676
10	57	0.895034
10	62	0.895047
10	80	0.992736
10	91	0.904893
10	116	1.1441
10	140	1.26062
10	153	0.962306
10	179	1.80229
11	67	0.88817
11	73	0.873566
11	96	0.955914
11	101	1.0059
11	130	1.24382
11	159	0.935868
11	161	0.955154
11	164	1.61945
11	169	1.36229
11	170	0.971593
11	171	0.885024
11	178	0.929617
12	46	0.768412
12	58	0.724763
12	60	0.455967
12	129	0.52933
12	159	1.14291
12	168	1.1159
12	170	1.17864
12	171	1.09207
12	172	1.01494
12	178	1.13666
12	180	1.01939
13	8	1.06833
13	10	0.868749
13	51	0.970351
13	54	0.966584
13	57	0.936942
13	62	0.936955
13	91	0.946801
13	137	1.2394
13	141	1.21247
13	153	1.00421
13	162	1.46443
14	43	0.875866
14	73	0.87507
14	96	0.957418
14	101	1.00741
14	136	1.11233
14	159	0.937372
14	160	1.42684
14	161	0.956658
14	170	0.973097
14	171	0.886529
14	173	1.67637
14	178	0.931122
15	54	1.06436
15	57	1.03472
15	62	1.03474
15	64	1.03259
15	68	0.999076
15	76	0.901515
15	122	1.10504
15	138	1.13222
15	141	1.04411
15	153	1.102
15	167	1.28725
15	169	1.08762
16	35	1.05776
16	52	1.03531
16	112	0.997395
16	115	1.10967
16	121	1.06738
16	124	1.05144
16	125	1.05144
16	127	1.08478
16	156	0.903362
16	164	1.11993
16	165	1.35701
16	175	0.98055
17	23	0.957498
17	48	0.954532
17	49	0.954532
17	65	0.887906
17	71	0.98624
17	114	0.960729
17	132	0.925634
17	136	0.913449
17	145	0.858894
17	147	1.38038
17	160	1.46185
17	164	1.3816
18	7	1.06573
18	20	1.01912
18	32	1.10669
18	34	0.982522
18	40	0.948974
18	64	0.985726
18	68	0.952209
18	135	1.25902
18	141	0.997243
18	147	1.19734
18	148	1.07057
18	167	1.19695
18	169	1.04075
19	69	0.988637
19	86	0.996909
19	93	1.05958
19	94	0.979549
19	109	1.01905
19	119	1.03765
19	120	1.03765
19	140	1.0017
19	143	1.01778
19	160	0.96402
19	164	1.19358
19	165	1.43066
19	168	1.09058
20	18	1.01912
20	30	1.01913
20	32	1.11332
20	34	0.989153
20	40	0.955606
20	64	0.992357
20	68	0.95884
20	140	1.04942
20	141	1.00387
20	154	1.10326
20	169	1.04738
20	178	1.02443
20	180	1.53883
21	24	1.45366
21	44	1.70476
21	92	0.888234
21	97	0.930885
21	103	0.988925
21	112	0.847372
21	115	0.95965
21	121	0.91736
21	124	0.901412
21	125	0.901416
21	127	0.934754
21	136	1.36003
21	175	0.830527
22	26	0.844811
22	48	0.769923
22	80	0.744114
22	108	1.08261
22	144	1.06445
22	151	0.722035
22	166	1.04497
22	167	1.02828
22	172	0.963348
22	176	0.972368
22	177	1.01174
22	179	0.964875
22	180	0.9678
23	9	0.963595
23	17	0.957498
23	48	1.0542
23	49	1.0542
23	65	0.987569
23	71	1.0859
23	132	1.0253
23	136	1.01311
23	137	1.19201
23	142	1.19081
23	145	0.958557
23	163	1.10115
23	171	1.23732
24	21	1.45366
24	79	0.980433
24	135	0.925951
24	151	1.05348
24	156	0.980171
24	157	0.892536
24	167	0.928839
24	173	0.868557
24	176	0.872927
24	177	0.912295
24	178	0.985635
24	179	0.865434
24	180	0.868359
25	51	1.03008
25	57	0.99667
25	62	0.996683
25	111	1.1857
25	129	0.999573
25	132	1.01177
25	139	0.993298
25	141	0.867883
25	148	0.97967
25	150	1.3204
25	151	1.02802
25	153	1.06394
25	180	1.34042
26	22	0.844811
26	69	0.972787
26	87	1.05386
26	93	1.04373
26	95	1.03358
26	109	1.0032
26	110	0.965217
26	119	1.02181
26	120	1.0218
26	143	1.00193
26	160	0.94817
26	169	1.05972
26	173	1.64667
27	2	0.89623
27	74	1.04453
27	83	1.01555
27	87	1.05306
27	94	0.962895
27	95	1.03278
27	109	1.00239
27	119	1.021
27	120	1.02099
27	152	1.22195
27	160	0.947366
27	163	0.960863
27	165	1.43688
28	30	0.83466
28	56	0.81465
28	80	0.699199
28	88	1.07248
28	105	0.80888
28	123	1.07463
28	124	1.019
28	125	1.019
28	127	1.05234
28	155	0.962191
28	166	1.01449
28	175	0.94811
28	180	0.937322
29	65	1.08167
29	68	1.06865
29	110	0.775287
29	132	1.1194
29	136	1.10722
29	141	1.11369
29	145	1.05266
29	147	1.12574
29	162	1.2039
29	169	1.15719
29	171	1.02419
30	7	1.06574
30	20	1.01913
30	28	0.83466
30	32	1.1067
30	34	0.982531
30	40	0.948983
30	64	0.985735
30	68	0.952218
30	141	0.997252
30	144	1.19476
30	146	1.05905
30	162	1.4286
30	169	1.04076
31	72	1.00854
31	107	0.95377
31	110	0.964253
31	118	1.01308
31	128	1.00107
31	131	1.01947
31	134	0.99482
31	139	0.97853
31	141	1.14092
31	151	1.01325
31	159	1.01809
31	170	1.05382
31	176	1.66574
32	18	1.10669
32	20	1.11332
32	30	1.1067
32	34	1.07673
32	40	1.04318
32	64	1.07993
32	68	1.04642
32	141	1.09145
32	158	0.927962
32	168	0.914085
32	169	1.13496
32	175	1.2131
32	176	1.36691
32	178	0.800213
33	38	0.723196
33	83	0.876887
33	92	0.945174
33	124	0.833381
33	130	1.07011
33	133	1.03971
33	146	1.06287
33	158	0.998717
33	164	0.974755
33	166	0.985236
33	172	0.903615
33	177	0.952002
33	179	0.905141
33	180	0.908067
34	18	0.982522
34	20	0.989153
34	30	0.982531
34	32	1.07673
34	40	0.919011
34	64	0.955763
34	68	0.922246
34	89	0.993659
34	141	0.96728
34	147	1.24272
34	149	1.18541
34	163	1.005
34	169	1.01079
34	179	1.59372
35	16	1.05776
35	103	1.04574
35	112	0.904188
35	113	1.00667
35	115	1.01647
35	121	0.974176
35	124	0.958228
35	125	0.958232
35	126	1.28742
35	127	0.991571
35	130	0.943401
35	154	1.18099
35	175	0.887343
35	180	1.61656
36	47	0.829806
36	51	0.77895
36	102	0.961795
36	107	1.0716
36	113	0.750267
36	124	1.01412
36	130	1.09129
36	157	0.953421
36	158	1.01989
36	166	1.00641
36	172	0.924792
36	174	0.914987
36	179	0.926319
36	180	0.929244
37	38	1.06667
37	48	1.11588
37	49	1.11588
37	65	1.04925
37	71	1.14759
37	114	1.12208
37	132	1.08698
37	136	1.0748
37	145	1.02024
37	153	0.82872
37	160	1.27495
37	168	1.0917
37	169	0.937535
37	171	1.09193
38	9	0.911419
38	33	0.723196
38	37	1.06667
38	48	1.00202
38	49	1.00202
38	65	0.935394
38	71	1.03373
38	114	1.00822
38	132	0.973122
38	136	0.960937
38	145	0.906382
38	154	1.16148
38	167	1.29792
38	173	1.62931
39	2	1.26548
39	55	0.865175
39	56	1.02316
39	67	0.911684
39	73	0.89708
39	96	0.979428
39	101	1.02942
39	110	1.21738
39	130	1.19342
39	148	1.44107
39	159	0.959382
39	161	0.978668
39	170	0.995107
39	171	0.908539
39	178	0.953132
40	7	1.00222
40	18	0.948974
40	20	0.955606
40	30	0.948983
40	32	1.04318
40	34	0.919011
40	64	0.922215
40	68	0.888698
40	89	0.960111
40	141	0.933732
40	154	1.06982
40	160	1.28812
40	169	0.97724
40	175	1.40388
40	176	1.55769
41	92	1.03213
41	97	1.07478
41	112	0.99127
41	113	1.09375
41	115	1.10355
41	121	1.06126
41	124	1.04531
41	125	1.04531
41	127	1.07865
41	135	1.11527
41	152	1.07696
41	155	1.24862
41	158	0.96568
41	162	1.13175
41	175	0.974425
42	5	1.10268
42	78	1.0706
42	86	1.0186
42	87	1.0914
42	94	1.00124
42	95	1.07112
42	109	1.04073
42	119	1.05934
42	120	1.05933
42	136	0.840677
42	137	0.926856
42	145	1.18783
42	160	0.985708
42	162	1.15188
42	176	1.42475
43	14	0.875866
43	52	1.25236
43	55	0.879897
43	67	0.926406
43	73	0.911802
43	96	0.99415
43	101	1.04414
43	148	1.209
43	149	1.27846
43	159	0.974104
43	161	0.99339
43	165	1.57406
43	170	1.00983
43	171	0.923261
43	178	0.967853
44	21	1.70476
44	52	0.925151
44	96	1.32583
44	103	1.05717
44	126	0.898136
44	147	0.904258
44	150	0.856008
44	154	0.915353
44	162	0.896191
44	172	0.827298
44	173	0.831949
44	176	0.836319
44	178	0.949027
44	179	0.828825
44	180	0.831751
45	51	0.957945
45	54	0.954178
45	57	0.924536
45	62	0.924549
45	99	0.935306
45	117	0.957045
45	133	1.09795
45	135	1.43222
45	139	0.921164
45	151	0.955884
45	153	0.991809
45	161	0.980014
45	163	1.13282
45	170	0.996453
45	180	1.66929
46	12	0.768412
46	75	2.02877
46	88	1.28337
46	105	0.902224
46	114	0.961044
46	117	0.943354
46	118	0.942025
46	128	0.930011
46	129	0.913749
46	131	0.94841
46	134	0.923764
46	139	0.907474
46	143	0.920098
46	151	0.942193
46	161	0.966323
46	163	1.33948
47	36	0.829806
47	72	1.01454
47	90	1.1462
47	98	1.04227
47	105	0.979283
47	128	1.00707
47	131	1.02547
47	134	1.00082
47	137	1.07732
47	139	0.984532
47	145	1.33829
47	147	1.22418
47	151	1.01925
47	159	1.0241
47	161	1.04338
47	170	1.05982
48	9	0.960628
48	17	0.954532
48	22	0.769923
48	23	1.0542
48	37	1.11588
48	38	1.00202
48	65	0.984603
48	71	1.08294
48	107	0.879845
48	110	0.890328
48	114	1.05743
48	132	1.02233
48	136	1.01015
48	145	0.95559
48	160	1.32224
48	174	1.76612
49	9	0.960628
49	17	0.954532
49	23	1.0542
49	37	1.11588
49	38	1.00202
49	65	0.984603
49	71	1.08294
49	108	0.96629
49	114	1.05743
49	132	1.02233
49	136	1.01015
49	145	0.95559
49	147	1.19433
49	148	1.06757
49	164	1.19555
49	175	1.39157
50	59	1.04067
50	92	0.893842
50	103	0.994533
50	104	0.984437
50	110	1.13977
50	112	0.85298
50	113	0.95546
50	115	0.965259
50	121	0.922968
50	124	0.90702
50	125	0.907024
50	127	0.940362
50	152	1.51359
50	153	1.12546
50	175	0.836135
50	179	1.84123
51	8	1.12802
51	10	0.928443
51	13	0.970351
51	25	1.03008
51	36	0.77895
51	45	0.957945
51	54	1.02628
51	57	0.996636
51	62	0.996649
51	80	1.09434
51	91	1.00649
51	142	1.02527
51	153	1.06391
51	158	1.08541
51	167	1.17293
51	172	1.56195
52	16	1.03531
52	43	1.25236
52	44	0.925151
52	101	0.981432
52	128	1.11441
52	140	0.996325
52	142	0.992062
52	163	1.02189
52	167	0.942438
52	173	0.882156
52	174	0.867701
52	176	0.886526
52	177	0.925894
52	178	0.999234
52	179	0.879033
52	180	0.881958
53	70	1.05961
53	99	0.999749
53	111	1.26133
53	118	1.02016
53	123	0.902857
53	128	1.00814
53	129	0.991881
53	131	1.02654
53	134	1.0019
53	139	0.985607
53	151	1.02033
53	157	1.38874
53	159	1.02517
53	165	1.35559
53	170	1.0609
53	178	0.901644
54	1	1.63334
54	8	1.12426
54	10	0.924676
54	13	0.966584
54	15	1.06436
54	45	0.954178
54	51	1.02628
54	57	0.992869
54	62	0.992882
54	80	1.09057
54	88	0.661733
54	91	1.00273
54	106	1.07315
54	153	1.06014
54	157	1.227
54	160	1.03703
55	39	0.865175
55	43	0.879897
55	56	1.00518
55	67	0.893706
55	73	0.879102
55	96	0.96145
55	101	1.01144
55	137	1.31548
55	144	1.30667
55	148	1.33558
55	155	1.65737
55	159	0.941404
55	161	0.960689
55	170	0.977129
55	171	0.89056
55	178	0.935153
56	28	0.81465
56	39	1.02316
56	55	1.00518
56	67	1.05169
56	73	1.03708
56	96	1.11943
56	101	1.16942
56	108	1.10238
56	127	0.00454456
56	153	0.96566
56	159	1.09939
56	161	1.11867
56	165	1.56871
56	170	1.13511
56	171	1.04854
56	175	1.52765
56	178	1.09314
57	8	1.09461
57	10	0.895034
57	13	0.936942
57	15	1.03472
57	25	0.99667
57	45	0.924536
57	51	0.996636
57	54	0.992869
57	62	0.96324
57	80	1.06093
57	91	0.973086
57	116	1.06707
57	133	1.10166
57	146	1.08287
57	153	1.0305
57	173	1.70525
57	178	1.15859
58	4	0.946384
58	12	0.724763
58	66	0.959805
58	74	1.0244
58	78	1.01213
58	83	0.995425
58	86	0.960126
58	87	1.03293
58	93	1.02279
58	109	0.982262
58	119	1.00087
58	120	1.00086
58	143	0.980992
58	154	1.39672
58	156	1.31819
58	160	0.927237
58	178	1.31789
59	50	1.04067
59	60	1.10073
59	89	0.752305
59	92	1.07237
59	97	1.11502
59	112	1.03151
59	113	1.13399
59	116	0.788481
59	121	1.1015
59	124	1.08555
59	125	1.08555
59	127	1.11889
59	167	1.09527
59	171	0.994116
59	172	1.48429
59	175	1.01467
59	177	1.21522
60	12	0.455967
60	59	1.10073
60	79	0.99114
60	97	0.996553
60	104	1.0445
60	112	0.91304
60	113	1.01552
60	115	1.02532
60	121	0.983028
60	122	1.08215
60	124	0.96708
60	125	0.967083
60	127	1.00042
60	149	1.20744
60	175	0.896195
60	176	1.61579
60	180	1.5635
61	82	0.974956
61	84	1.17381
61	99	0.972901
61	117	0.99464
61	118	0.993311
61	128	0.981296
61	129	0.965034
61	131	0.999695
61	134	0.975049
61	145	1.4939
61	151	0.993479
61	153	1.01502
61	159	0.998323
61	161	1.01761
61	166	1.27226
61	170	1.03405
61	178	1.16413
62	8	1.09463
62	10	0.895047
62	13	0.936955
62	15	1.03474
62	25	0.996683
62	45	0.924549
62	51	0.996649
62	54	0.992882
62	57	0.96324
62	76	1.02305
62	80	1.06094
62	91	0.973099
62	136	1.17614
62	146	1.1178
62	148	1.28242
62	153	1.03051
62	177	1.52874
63	1	1.55202
63	79	1.08593
63	103	1.14939
63	104	1.13929
63	112	1.00783
63	113	1.11031
63	115	1.12011
63	116	0.567059
63	121	1.07782
63	124	1.06187
63	125	1.06188
63	127	1.09522
63	145	0.988357
63	148	0.747475
63	157	1.14568
63	165	1.11253
63	175	0.990988
64	7	1.03897
64	15	1.03259
64	18	0.985726
64	20	0.992357
64	30	0.985735
64	32	1.07993
64	34	0.955763
64	40	0.922215
64	68	0.92545
64	89	0.996863
64	100	0.980248
64	133	0.940342
64	141	0.970484
64	150	1.49165
64	164	1.21414
64	169	1.01399
64	180	1.51168
65	9	0.894002
65	17	0.887906
65	23	0.987569
65	29	1.08167
65	37	1.04925
65	38	0.935394
65	48	0.984603
65	49	0.984603
65	71	1.01631
65	88	0.968142
65	100	1.02929
65	114	0.9908
65	132	0.955705
65	136	0.94352
65	145	0.888964
65	156	1.04662
65	173	1.59297
65	174	1.78731
66	5	1.02376
66	58	0.959805
66	69	0.931406
66	74	1.00396
66	78	0.99168
66	83	0.974977
66	93	1.00235
66	94	0.922318
66	109	0.961814
66	119	0.980424
66	120	0.980415
66	138	1.08939
66	143	0.960544
66	145	1.35893
66	147	1.24481
66	160	0.906789
66	168	1.14302
66	176	1.59585
67	6	1.07964
67	11	0.88817
67	39	0.911684
67	43	0.926406
67	55	0.893706
67	56	1.05169
67	73	0.925611
67	96	1.00796
67	101	1.05795
67	102	1.41295
67	126	1.29812
67	148	1.20175
67	159	0.987913
67	161	1.0072
67	168	1.22673
67	170	1.02364
67	171	0.937069
67	178	0.981662
68	7	1.00545
68	15	0.999076
68	18	0.952209
68	20	0.95884
68	29	1.06865
68	30	0.952218
68	32	1.04642
68	34	0.922246
68	40	0.888698
68	64	0.92545
68	89	0.963345
68	141	0.936967
68	142	1.14732
68	153	0.930614
68	154	1.15855
68	169	0.980474
68	172	1.684
68	175	1.49261
69	5	1.01581
69	19	0.988637
69	26	0.972787
69	66	0.931406
69	74	0.996005
69	83	0.967026
69	93	0.994394
69	95	0.984252
69	109	0.953863
69	119	0.972473
69	120	0.972464
69	142	1.23236
69	143	0.952593
69	155	1.57544
69	156	1.16506
69	160	0.898838
69	171	1.27887
69	178	1.16476
70	4	0.469954
70	53	1.05961
70	72	1.06049
70	75	1.50869
70	81	1.04136
70	82	1.04668
70	99	1.04463
70	114	1.08406
70	118	1.06504
70	129	1.03676
70	132	1.04896
70	139	1.03049
70	141	0.88333
70	148	1.01686
70	151	1.06521
70	155	1.25215
70	167	1.05673
70	175	1.25435
71	9	0.992337
71	17	0.98624
71	23	1.0859
71	37	1.14759
71	38	1.03373
71	48	1.08294
71	49	1.08294
71	65	1.01631
71	75	1.56255
71	85	0.804869
71	114	1.08913
71	132	1.05404
71	136	1.04185
71	145	0.987299
71	155	1.30601
71	164	1.11219
71	166	1.00345
71	169	0.855033
72	31	1.00854
72	47	1.01454
72	70	1.06049
72	76	0.721573
72	98	1.04423
72	128	1.00903
72	129	0.992766
72	131	1.02743
72	134	1.00278
72	139	0.986491
72	151	1.02121
72	152	1.13107
72	157	1.37914
72	159	1.02605
72	161	1.04534
72	169	0.851754
72	170	1.06178
72	179	1.45871
72	180	1.40645
73	11	0.873566
73	14	0.87507
73	39	0.89708
73	43	0.911802
73	55	0.879102
73	56	1.03708
73	67	0.925611
73	96	0.993355
73	101	1.04335
73	149	1.13001
73	158	1.09941
73	159	0.973309
73	161	0.992594
73	170	1.00903
73	171	0.922465
73	172	1.57595
73	175	1.38455
73	176	1.53836
73	178	0.967058
74	27	1.04453
74	58	1.0244
74	66	1.00396
74	69	0.996005
74	76	0.799165
74	78	1.05628
74	83	1.03958
74	86	1.00428
74	94	0.986917
74	95	1.0568
74	102	1.26973
74	109	1.02641
74	119	1.04502
74	120	1.04501
74	158	1.09738
74	160	0.971388
74	163	0.947571
74	173	1.51629
74	177	1.30485
75	46	2.02877
75	70	1.50869
75	71	1.56255
75	110	0.939493
75	116	0.934659
75	142	0.901647
75	148	0.861878
75	156	0.903355
75	157	0.81572
75	160	0.834375
75	165	0.82438
75	167	0.852024
75	168	0.888051
75	172	0.787091
75	174	0.777286
75	179	0.788618
75	180	0.791543
76	15	0.901515
76	62	1.02305
76	72	0.721573
76	74	0.799165
76	87	0.766577
76	112	1.07047
76	122	1.0856
76	133	1.11605
76	135	1.042
76	149	1.05911
76	164	1.0511
76	166	1.06158
76	172	0.979958
76	173	0.984608
76	174	0.970153
76	175	0.995198
76	176	0.988978
76	179	0.981485
76	180	0.98441
77	98	1.05246
77	100	0.980282
77	105	0.989472
77	117	1.0306
77	128	1.01726
77	129	1.001
77	131	1.03566
77	134	1.01101
77	139	0.994722
77	146	0.921582
77	148	0.981094
77	150	1.49169
77	151	1.02944
77	157	1.4844
77	159	1.03429
77	161	1.05357
77	166	1.10543
77	169	0.957018
77	170	1.07001
78	42	1.0706
78	58	1.01213
78	66	0.99168
78	74	1.05628
78	83	1.0273
78	86	0.992001
78	93	1.05467
78	95	1.04453
78	109	1.01414
78	119	1.03275
78	120	1.03274
78	122	0.995042
78	133	0.905059
78	143	1.01287
78	152	1.20102
78	155	1.37268
78	160	0.959112
78	163	0.939925
78	179	1.52865
79	2	0.817488
79	24	0.980433
79	60	0.99114
79	63	1.08593
79	92	0.962786
79	97	1.00544
79	103	1.06348
79	104	1.05338
79	112	0.921923
79	113	1.0244
79	115	1.0342
79	121	0.991911
79	124	0.975963
79	125	0.975967
79	127	1.00931
79	146	0.828461
79	155	1.31487
79	174	1.64519
79	175	0.905078
79	177	1.2394
80	10	0.992736
80	22	0.744114
80	28	0.699199
80	51	1.09434
80	54	1.09057
80	57	1.06093
80	62	1.06094
80	98	1.1153
80	117	1.09344
80	128	1.08009
80	129	1.06383
80	138	1.05955
80	139	1.05756
80	140	1.02431
80	143	1.07018
80	149	1.15766
80	151	1.09228
80	153	1.1282
80	177	1.33453
80	178	0.999313
81	70	1.04136
81	98	1.0251
81	99	0.981495
81	102	1.42726
81	105	0.962104
81	117	1.00323
81	123	1.12838
81	128	0.989891
81	129	0.973628
81	131	1.00829
81	134	0.983644
81	140	1.15216
81	148	0.953725
81	151	1.00207
81	156	1.12747
81	158	1.25492
81	159	1.00692
81	161	1.0262
81	170	1.04264
81	178	1.12717
82	2	0.973271
82	61	0.974956
82	70	1.04668
82	99	0.986822
82	105	0.967431
82	117	1.00856
82	128	0.995218
82	131	1.01362
82	134	0.988971
82	139	0.97268
82	143	0.985305
82	149	1.06568
82	150	1.40172
82	151	1.0074
82	157	1.39443
82	158	1.03509
82	161	1.03153
82	169	0.867047
82	170	1.04797
82	179	1.474
83	4	0.864838
83	27	1.01555
83	33	0.876887
83	58	0.995425
83	66	0.974977
83	69	0.967026
83	74	1.03958
83	78	1.0273
83	86	0.975299
83	87	1.0481
83	88	1.15817
83	94	0.957939
83	95	1.02782
83	109	0.997435
83	119	1.01604
83	120	1.01604
83	135	1.51368
83	136	1.21896
83	160	0.942409
83	169	1.19606
84	2	0.967119
84	61	1.17381
84	85	1.01386
84	87	0.946726
84	112	1.25062
84	132	0.91788
84	140	0.996932
84	152	0.955405
84	155	0.907434
84	161	0.88068
84	162	0.947006
84	164	0.949253
84	166	0.959734
84	172	0.878113
84	173	0.882763
84	175	0.893353
84	176	0.887133
84	178	0.999841
84	179	0.87964
84	180	0.882565
85	71	0.804869
85	84	1.01386
85	90	0.988581
85	97	1.04377
85	98	0.695757
85	116	1.06297
85	123	1.05717
85	124	1.10239
85	130	1.0819
85	139	0.90624
85	150	0.944115
85	152	0.992696
85	154	1.00346
85	157	0.944033
85	162	0.984298
85	170	0.711559
85	173	0.920055
85	174	0.905599
85	177	0.963792
85	179	0.916931
85	180	0.919857
86	5	1.02408
86	19	0.996909
86	42	1.0186
86	58	0.960126
86	74	1.00428
86	78	0.992001
86	83	0.975299
86	87	1.0128
86	93	1.00267
86	94	0.922639
86	109	0.962136
86	119	0.980745
86	120	0.980736
86	126	1.26073
86	130	0.916712
86	143	0.960866
86	156	1.07577
86	160	0.90711
86	163	1.0534
86	176	1.64216
86	180	1.58987
87	5	1.09688
87	26	1.05386
87	27	1.05306
87	42	1.0914
87	58	1.03293
87	76	0.766577
87	83	1.0481
87	84	0.946726
87	86	1.0128
87	93	1.07547
87	94	0.995443
87	95	1.06533
87	100	0.920022
87	109	1.03494
87	119	1.05355
87	120	1.05354
87	141	0.978916
87	143	1.03367
87	149	1.09539
87	152	1.17607
87	180	1.45145
88	28	1.07248
88	46	1.28337
88	54	0.661733
88	65	0.968142
88	83	1.15817
88	96	0.920316
88	106	0.976028
88	137	1.01376
88	144	1.02036
88	151	0.899063
88	154	1.00732
88	158	1.01437
88	160	0.966547
88	164	0.990403
88	165	0.956552
88	167	0.984195
88	168	1.02022
88	173	0.923913
88	174	0.909458
88	179	0.92079
88	180	0.923715
89	7	1.07687
89	34	0.993659
89	40	0.960111
89	59	0.752305
89	64	0.996863
89	68	0.963345
89	112	1.11324
89	120	0.879978
89	128	0.854457
89	129	0.994757
89	138	1.01444
89	141	1.00838
89	144	1.0083
89	168	1.00817
89	169	1.05189
89	170	0.674312
89	171	0.984341
89	174	0.8974
89	176	0.916226
89	179	0.908732
89	180	0.911658
90	47	1.1462
90	85	0.988581
90	95	1.09695
90	118	1.03509
90	123	0.994593
90	127	1.2914
90	130	1.01932
90	138	0.960066
90	147	0.929788
90	152	0.93012
90	155	0.88215
90	163	0.997209
90	167	0.917761
90	168	0.953788
90	170	0.939697
90	172	0.852829
90	173	0.857479
90	174	0.843024
90	176	0.861849
90	179	0.854356
90	180	0.857281
91	10	0.904893
91	13	0.946801
91	51	1.00649
91	54	1.00273
91	57	0.973086
91	62	0.973099
91	96	1.02932
91	101	1.07931
91	144	0.944368
91	146	0.80866
91	153	1.04036
91	158	1.01213
91	159	1.00928
91	161	1.02856
91	170	1.045
91	171	0.958434
91	174	1.62538
91	176	1.45108
91	178	1.00303
91	180	1.39879
92	21	0.888234
92	33	0.945174
92	41	1.03213
92	50	0.893842
92	59	1.07237
92	79	0.962786
92	97	0.968198
92	103	1.02624
92	104	1.01614
92	107	1.15935
92	112	0.884686
92	113	0.987166
92	115	0.996964
92	121	0.954674
92	124	0.938726
92	125	0.938729
92	127	0.972068
92	138	1.36487
92	156	1.30493
92	158	1.43238
92	171	1.41874
92	175	0.867841
93	19	1.05958
93	26	1.04373
93	58	1.02279
93	66	1.00235
93	69	0.994394
93	78	1.05467
93	86	1.00267
93	87	1.07547
93	94	0.985307
93	95	1.05519
93	109	1.0248
93	119	1.04341
93	120	1.0434
93	133	0.786909
93	143	1.02353
93	152	1.08287
93	160	0.969778
93	162	1.13766
93	164	1.06071
93	172	1.44813
93	177	1.17906
93	180	1.35824
94	5	1.00672
94	19	0.979549
94	27	0.962895
94	42	1.00124
94	66	0.922318
94	74	0.986917
94	83	0.957939
94	86	0.922639
94	87	0.995443
94	93	0.985307
94	95	0.975164
94	107	1.00447
94	109	0.944775
94	119	0.963385
94	120	0.963376
94	133	1.09281
94	143	0.943505
94	145	1.47952
94	157	1.63684
94	160	0.88975
94	164	1.36661
94	171	1.26386
95	26	1.03358
95	27	1.03278
95	42	1.07112
95	69	0.984252
95	74	1.0568
95	78	1.04453
95	83	1.02782
95	87	1.06533
95	90	1.09695
95	93	1.05519
95	94	0.975164
95	107	0.813985
95	109	1.01466
95	119	1.03327
95	120	1.03326
95	143	1.01339
95	144	1.01925
95	145	1.28904
95	152	1.19829
95	154	1.03809
95	160	0.959635
95	175	1.37215
96	11	0.955914
96	14	0.957418
96	39	0.979428
96	43	0.99415
96	44	1.32583
96	55	0.96145
96	56	1.11943
96	67	1.00796
96	73	0.993355
96	88	0.920316
96	91	1.02932
96	101	1.12569
96	140	1.02348
96	149	1.15684
96	153	0.849383
96	156	0.99879
96	159	1.05566
96	161	1.07494
96	170	1.09138
96	171	1.00481
96	177	1.3337
96	178	1.04941
97	21	0.930885
97	41	1.07478
97	59	1.11502
97	60	0.996553
97	79	1.00544
97	85	1.04377
97	92	0.968198
97	103	1.06889
97	104	1.05879
97	112	0.927336
97	113	1.02982
97	115	1.03961
97	121	0.997324
97	124	0.981376
97	125	0.98138
97	127	1.01472
97	146	1.0585
97	149	1.29257
97	163	1.11216
97	166	1.24235
97	171	1.24833
97	175	0.910491
97	178	1.13422
98	47	1.04227
98	72	1.04423
98	77	1.05246
98	80	1.1153
98	81	1.0251
98	85	0.695757
98	117	1.05011
98	118	1.04878
98	128	1.03676
98	129	1.0205
98	131	1.05516
98	134	1.03052
98	139	1.01423
98	142	0.853811
98	150	1.28059
98	151	1.04894
98	157	1.27331
98	159	1.05379
98	161	1.07307
98	163	0.764147
98	164	1.00308
98	165	1.24016
98	170	1.08951
98	174	1.52721
99	45	0.935306
99	53	0.999749
99	61	0.972901
99	70	1.04463
99	81	0.981495
99	82	0.986822
99	100	0.943765
99	105	0.965376
99	117	1.00651
99	118	1.00518
99	122	0.993842
99	128	0.993162
99	129	0.9769
99	134	0.986915
99	139	0.970625
99	140	0.985782
99	143	0.983249
99	148	0.956997
99	151	1.00534
99	161	1.02947
99	168	1.07466
99	172	1.56508
99	174	1.70179
99	175	1.37368
100	64	0.980248
100	65	1.02929
100	77	0.980282
100	87	0.920022
100	99	0.943765
100	105	1.09197
100	111	0.995201
100	115	0.843092
100	135	0.992088
100	138	1.03728
100	141	1.03122
100	142	1.0446
100	149	1.0092
100	157	0.958672
100	158	1.02515
100	166	1.01166
100	167	0.994976
100	172	0.930044
100	173	0.934694
100	176	0.939064
100	177	0.978431
100	178	1.05177
100	179	0.93157
100	180	0.934496
101	11	1.0059
101	14	1.00741
101	39	1.02942
101	43	1.04414
101	52	0.981432
101	55	1.01144
101	56	1.16942
101	67	1.05795
101	73	1.04335
101	91	1.07931
101	96	1.12569
101	106	1.18243
101	130	0.690426
101	146	0.773456
101	159	1.10565
101	161	1.12493
101	162	1.143
101	169	0.808892
101	170	1.14137
101	171	1.0548
101	174	1.59018
101	177	1.1844
101	178	1.0994
102	36	0.961795
102	67	1.41295
102	74	1.26973
102	81	1.42726
102	108	0.935915
102	110	0.969057
102	111	0.881813
102	116	0.964224
102	147	0.893615
102	150	0.845365
102	151	1.27733
102	154	0.90471
102	156	0.932919
102	158	0.911758
102	163	0.961036
102	164	0.887796
102	166	0.898277
102	170	1.1021
102	173	0.821306
102	176	0.825676
102	177	0.865043
102	179	0.818182
102	180	0.821108
103	21	0.988925
103	35	1.04574
103	44	1.05717
103	50	0.994533
103	63	1.14939
103	79	1.06348
103	92	1.02624
103	97	1.06889
103	104	1.11683
103	112	0.985376
103	113	1.08786
103	115	1.09765
103	121	1.05536
103	124	1.03942
103	125	1.03942
103	127	1.07276
103	133	0.672898
103	135	1.00717
103	160	1.02695
103	164	0.946698
103	165	1.18378
103	173	1.27649
103	174	1.47083
103	175	0.968531
104	3	1.12118
104	50	0.984437
104	60	1.0445
104	63	1.13929
104	79	1.05338
104	92	1.01614
104	97	1.05879
104	103	1.11683
104	111	1.38005
104	112	0.97528
104	113	1.07776
104	114	0.0131449
104	115	1.08756
104	121	1.04527
104	124	1.02932
104	125	1.02932
104	127	1.06266
104	142	1.08797
104	148	1.10926
104	150	1.51475
104	156	1.02067
104	173	1.56702
104	175	0.958435
104	178	1.02037
105	28	0.80888
105	46	0.902224
105	47	0.979283
105	77	0.989472
105	81	0.962104
105	82	0.967431
105	99	0.965376
105	100	1.09197
105	117	0.987114
105	118	0.985785
105	129	0.957509
105	131	0.99217
105	132	0.969709
105	134	0.967524
105	135	1.38633
105	139	0.951234
105	143	0.963858
105	148	0.937606
105	151	0.985953
105	156	1.1093
105	161	1.01008
105	165	1.56294
105	170	1.02652
105	177	1.44421
105	178	1.10899
106	6	0.939952
106	8	1.14871
106	54	1.07315
106	88	0.976028
106	101	1.18243
106	108	0.955677
106	109	1.30413
106	123	0.978181
106	132	1.24145
106	135	0.898461
106	136	0.931123
106	138	0.943654
106	143	1.22727
106	153	0.995477
106	154	0.924472
106	155	0.865738
106	166	0.918039
106	167	0.90135
106	168	0.937377
106	173	0.841068
106	174	0.826612
106	176	0.845438
106	177	0.884805
106	178	0.958146
106	179	0.837944
106	180	0.84087
107	31	0.95377
107	36	1.0716
107	48	0.879845
107	92	1.15935
107	94	1.00447
107	95	0.813985
107	110	1.07886
107	120	0.862401
107	126	0.997295
107	129	0.97718
107	136	1.02116
107	144	1.02756
107	147	1.00342
107	148	1.00124
107	151	0.831957
107	155	0.955778
107	156	1.04272
107	157	0.955086
107	163	1.07084
107	164	0.997598
107	165	0.963747
107	168	1.02742
107	174	0.916652
107	176	0.935478
107	177	0.974845
107	179	0.927984
107	180	0.93091
108	22	1.08261
108	49	0.96629
108	56	1.10238
108	102	0.935915
108	106	0.955677
108	118	0.88502
108	129	1.11007
108	131	0.887195
108	135	0.960956
108	146	1.05816
108	151	0.964847
108	154	0.986966
108	156	1.01518
108	157	0.927541
108	160	0.946196
108	161	0.858614
108	162	0.967805
108	163	1.04329
108	167	0.963844
108	172	0.898912
108	173	0.903562
108	174	0.889107
108	175	0.914152
108	177	0.9473
108	179	0.900439
108	180	0.903364
109	19	1.01905
109	26	1.0032
109	27	1.00239
109	42	1.04073
109	58	0.982262
109	66	0.961814
109	69	0.953863
109	74	1.02641
109	78	1.01414
109	83	0.997435
109	86	0.962136
109	87	1.03494
109	93	1.0248
109	94	0.944775
109	95	1.01466
109	106	1.30413
109	111	1.33057
109	119	1.00288
109	120	1.00287
109	123	0.97209
109	142	1.03848
109	143	0.983001
109	154	1.04971
109	160	0.929246
109	162	1.2647
109	171	1.08499
109	180	1.48528
110	26	0.965217
110	29	0.775287
110	31	0.964253
110	39	1.21738
110	48	0.890328
110	50	1.13977
110	75	0.939493
110	102	0.969057
110	107	1.07886
110	117	0.923178
110	126	1.00289
110	133	1.06815
110	144	1.03315
110	145	0.972204
110	146	1.0913
110	149	1.01121
110	159	0.811349
110	162	1.00095
110	163	1.07643
110	166	1.01368
110	167	0.996986
110	172	0.932054
110	174	0.922249
110	176	0.941075
110	177	0.980442
110	179	0.933581
110	180	0.936506
111	7	1.14697
111	25	1.1857
111	53	1.26133
111	100	0.995201
111	102	0.881813
111	104	1.38005
111	109	1.33057
111	113	1.28867
111	122	0.950453
111	123	0.986574
111	126	0.915648
111	135	0.906854
111	140	0.963629
111	150	0.87352
111	154	0.932865
111	156	0.961074
111	167	0.909742
111	168	0.94577
111	169	0.989492
111	173	0.84946
111	174	0.835005
111	175	0.86005
111	176	0.85383
111	177	0.893198
111	179	0.846337
111	180	0.849262
112	3	0.989719
112	16	0.997395
112	21	0.847372
112	35	0.904188
112	41	0.99127
112	50	0.85298
112	59	1.03151
112	60	0.91304
112	63	1.00783
112	76	1.07047
112	79	0.921923
112	84	1.25062
112	89	1.11324
112	92	0.884686
112	97	0.927336
112	103	0.985376
112	104	0.97528
112	113	0.946304
112	115	0.956102
112	121	0.913812
112	124	0.897863
112	125	0.897867
112	127	0.931206
112	137	1.30974
112	141	1.28281
112	166	1.34907
112	172	1.84523
112	175	0.826978
113	3	1.0922
113	35	1.00667
113	36	0.750267
113	41	1.09375
113	50	0.95546
113	59	1.13399
113	60	1.01552
113	63	1.11031
113	79	1.0244
113	92	0.987166
113	97	1.02982
113	103	1.08786
113	104	1.07776
113	111	1.28867
113	112	0.946304
113	115	1.05858
113	121	1.01629
113	124	1.00034
113	125	1.00035
113	127	1.03369
113	140	0.953975
113	153	0.779878
113	158	1.05673
113	162	1.2228
113	164	1.14585
113	167	1.14425
113	175	0.929458
113	179	1.49564
114	17	0.960729
114	37	1.12208
114	38	1.00822
114	46	0.961044
114	48	1.05743
114	49	1.05743
114	65	0.9908
114	70	1.08406
114	71	1.08913
114	104	0.0131449
114	116	1.15307
114	117	1.04593
114	122	1.27765
114	129	1.01633
114	131	1.05099
114	132	1.02853
114	134	1.02634
114	136	1.01634
114	139	1.01005
114	140	1.26959
114	144	1.30458
114	145	0.961788
114	151	1.04477
114	153	1.09549
114	156	1.2449
114	161	1.0689
114	177	1.57981
114	178	1.24459
115	16	1.10967
115	21	0.95965
115	35	1.01647
115	41	1.10355
115	50	0.965259
115	60	1.02532
115	63	1.12011
115	79	1.0342
115	92	0.996964
115	97	1.03961
115	100	0.843092
115	103	1.09765
115	104	1.08756
115	112	0.956102
115	113	1.05858
115	121	1.02609
115	124	1.01014
115	125	1.01015
115	127	1.04348
115	135	1.13746
115	149	1.01846
115	158	0.987866
115	168	0.973988
115	175	0.939257
115	176	1.42681
115	178	0.860116
115	179	1.42678
115	180	1.37452
116	6	1.03075
116	10	1.1441
116	57	1.06707
116	59	0.788481
116	63	0.567059
116	75	0.934659
116	85	1.06297
116	102	0.964224
116	114	1.15307
116	121	0.919717
116	122	1.03286
116	127	1.06219
116	131	0.808057
116	137	1.02172
116	140	1.04604
116	142	1.04178
116	145	0.967371
116	152	1.00451
116	154	1.01528
116	156	1.04348
116	157	0.95585
116	158	1.02232
116	167	0.992153
116	172	0.927221
116	177	0.975609
116	179	0.928748
116	180	0.931673
117	45	0.957045
117	46	0.943354
117	61	0.99464
117	77	1.0306
117	80	1.09344
117	81	1.00323
117	82	1.00856
117	98	1.05011
117	99	1.00651
117	105	0.987114
117	110	0.923178
117	114	1.04593
117	118	1.02692
117	128	1.0149
117	129	0.998638
117	130	0.899217
117	131	1.0333
117	132	1.01084
117	134	1.00865
117	136	1.04059
117	139	0.992364
117	142	1.12557
117	151	1.02708
117	152	1.297
117	160	1.35509
117	168	1.17184
117	170	1.06765
117	175	1.47086
117	178	1.05797
118	31	1.01308
118	46	0.942025
118	53	1.02016
118	61	0.993311
118	70	1.06504
118	90	1.03509
118	98	1.04878
118	99	1.00518
118	105	0.985785
118	108	0.88502
118	117	1.02692
118	123	0.89862
118	128	1.01357
118	129	0.997309
118	131	1.03197
118	132	1.00951
118	134	1.00732
118	139	0.991035
118	144	0.957391
118	145	1.22718
118	148	0.977406
118	151	1.02575
118	153	0.748303
118	159	1.0306
118	161	1.04988
118	170	1.06632
118	173	1.44407
118	176	1.4641
118	179	1.46407
119	5	1.06483
119	19	1.03765
119	26	1.02181
119	27	1.021
119	42	1.05934
119	58	1.00087
119	66	0.980424
119	69	0.972473
119	74	1.04502
119	78	1.03275
119	83	1.01604
119	86	0.980745
119	87	1.05355
119	93	1.04341
119	94	0.963385
119	95	1.03327
119	109	1.00288
119	120	1.02148
119	142	1.13229
119	143	1.00161
119	146	0.988966
119	147	1.28035
119	148	1.15358
119	160	0.947856
119	163	1.04263
119	166	1.17282
119	168	1.17856
119	169	1.0244
119	180	1.57909
120	5	1.06482
120	19	1.03765
120	26	1.0218
120	27	1.02099
120	42	1.05933
120	58	1.00086
120	66	0.980415
120	69	0.972464
120	74	1.04501
120	78	1.03274
120	83	1.01604
120	86	0.980736
120	87	1.05354
120	89	0.879978
120	93	1.0434
120	94	0.963376
120	95	1.03326
120	107	0.862401
120	109	1.00287
120	119	1.02148
120	143	1.0016
120	152	1.2467
120	153	0.858574
120	156	1.00798
120	160	0.947847
120	166	1.11581
120	171	1.12179
120	172	1.61196
120	175	1.42057
121	3	1.05971
121	16	1.06738
121	21	0.91736
121	35	0.974176
121	41	1.06126
121	50	0.922968
121	59	1.1015
121	60	0.983028
121	63	1.07782
121	79	0.991911
121	92	0.954674
121	97	0.997324
121	103	1.05536
121	104	1.04527
121	112	0.913812
121	113	1.01629
121	115	1.02609
121	116	0.919717
121	124	0.967852
121	125	0.967855
121	127	1.00119
121	138	1.07148
121	146	0.935517
121	155	1.42193
121	166	1.11937
121	168	1.12511
121	169	0.970953
121	173	1.5579
121	175	0.896966
121	180	1.52565
122	15	1.10504
122	60	1.08215
122	76	1.0856
122	78	0.995042
122	99	0.993842
122	111	0.950453
122	114	1.27765
122	116	1.03286
122	132	0.941253
122	134	1.05639
122	138	0.992532
122	143	0.927072
122	144	0.986394
122	145	0.925445
122	146	1.04455
122	147	0.962255
122	150	0.914005
122	157	0.913924
122	160	0.932579
122	163	1.02968
122	164	0.956435
122	165	0.922584
122	167	0.950228
122	171	0.962431
122	172	0.885295
122	174	0.87549
122	176	0.894316
122	178	1.00702
122	179	0.886822
122	180	0.889747
123	7	0.788496
123	28	1.07463
123	53	0.902857
123	81	1.12838
123	85	1.05717
123	90	0.994593
123	106	0.978181
123	109	0.97209
123	111	0.986574
123	118	0.89862
123	127	1.15493
123	128	0.98337
123	136	1.01612
123	146	1.08067
123	148	0.996204
123	152	0.998708
123	157	0.950045
123	158	1.01652
123	161	0.872213
123	162	0.99031
123	163	1.0658
123	165	0.958706
123	168	1.02238
123	170	0.803225
123	172	0.921416
123	173	0.926067
123	174	0.911611
123	175	0.936657
123	177	0.969804
123	179	0.922943
123	180	0.925869
124	3	1.04376
124	16	1.05144
124	21	0.901412
124	28	1.019
124	33	0.833381
124	35	0.958228
124	36	1.01412
124	41	1.04531
124	50	0.90702
124	59	1.08555
124	60	0.96708
124	63	1.06187
124	79	0.975963
124	85	1.10239
124	92	0.938726
124	97	0.981376
124	103	1.03942
124	104	1.02932
124	112	0.897863
124	113	1.00034
124	115	1.01014
124	121	0.967852
124	125	0.951907
124	127	0.985246
124	138	1.25308
124	144	1.25282
124	148	1.28173
124	158	1.32059
124	163	1.17078
124	166	1.30097
124	175	0.881018
125	3	1.04376
125	16	1.05144
125	21	0.901416
125	28	1.019
125	35	0.958232
125	41	1.04531
125	50	0.907024
125	59	1.08555
125	60	0.967083
125	63	1.06188
125	79	0.975967
125	92	0.938729
125	97	0.98138
125	103	1.03942
125	104	1.02932
125	112	0.897867
125	113	1.00035
125	115	1.01015
125	121	0.967855
125	124	0.951907
125	126	1.209
125	127	0.985249
125	133	0.966813
125	142	1.09134
125	160	1.32086
125	164	1.24061
125	165	1.47769
125	167	1.23901
125	169	0.983454
125	172	1.62803
125	175	0.881022
126	1	0.85287
126	6	0.954025
126	35	1.28742
126	44	0.898136
126	67	1.29812
126	86	1.26073
126	107	0.997295
126	110	1.00289
126	111	0.915648
126	125	1.209
126	134	1.2086
126	135	0.912535
126	145	0.89064
126	150	0.879201
126	154	0.938545
126	156	0.966755
126	157	0.879119
126	159	1.1314
126	162	0.919384
126	164	0.921631
126	165	0.88778
126	166	0.932112
126	168	0.95145
126	169	0.995172
126	170	0.987271
126	174	0.840685
126	176	0.859511
126	177	0.898878
126	179	0.852017
126	180	0.854943
127	3	1.0771
127	16	1.08478
127	21	0.934754
127	28	1.05234
127	35	0.991571
127	41	1.07865
127	50	0.940362
127	56	0.00454456
127	59	1.11889
127	60	1.00042
127	63	1.09522
127	79	1.00931
127	90	1.2914
127	92	0.972068
127	97	1.01472
127	103	1.07276
127	104	1.06266
127	112	0.931206
127	113	1.03369
127	115	1.04348
127	116	1.06219
127	121	1.00119
127	123	1.15493
127	124	0.985246
127	125	0.985249
127	137	1.22252
127	141	1.19559
127	149	1.31206
127	154	1.23255
127	166	1.26184
127	168	1.26759
127	175	0.914361
128	31	1.00107
128	46	0.930011
128	47	1.00707
128	52	1.11441
128	53	1.00814
128	61	0.981296
128	72	1.00903
128	77	1.01726
128	80	1.08009
128	81	0.989891
128	82	0.995218
128	89	0.854457
128	98	1.03676
128	99	0.993162
128	117	1.0149
128	118	1.01357
128	123	0.98337
128	129	0.985295
128	131	1.01996
128	134	0.99531
128	138	1.0424
128	139	0.97902
128	143	0.991644
128	144	1.04214
128	147	1.19781
128	148	0.965392
128	151	1.01374
128	159	1.01858
128	167	1.19742
128	170	1.05431
128	171	1.09627
128	177	1.31737
128	180	1.49656
129	12	0.52933
129	25	0.999573
129	46	0.913749
129	53	0.991881
129	61	0.965034
129	70	1.03676
129	72	0.992766
129	77	1.001
129	80	1.06383
129	81	0.973628
129	89	0.994757
129	98	1.0205
129	99	0.9769
129	105	0.957509
129	107	0.97718
129	108	1.11007
129	114	1.01633
129	117	0.998638
129	118	0.997309
129	128	0.985295
129	131	1.00369
129	132	0.981233
129	133	1.06553
129	136	1.10508
129	138	1.1827
129	139	0.962758
129	141	1.16433
129	143	0.975382
129	148	0.94913
129	150	1.61684
129	151	0.997478
129	159	1.00232
129	170	1.03805
129	179	1.68912
130	4	1.15432
130	11	1.24382
130	33	1.07011
130	35	0.943401
130	36	1.09129
130	39	1.19342
130	85	1.0819
130	86	0.916712
130	90	1.01932
130	101	0.690426
130	117	0.899217
130	131	0.740827
130	132	0.749445
130	133	1.08224
130	135	1.00819
130	137	1.04065
130	143	0.735264
130	144	1.04725
130	149	1.0253
130	154	1.0342
130	155	0.97547
130	158	1.04125
130	161	0.712245
130	162	1.01504
130	164	1.01729
130	168	1.04711
130	170	0.643257
130	172	0.946149
130	173	0.950799
130	174	0.936343
130	176	0.955169
130	177	0.994536
130	178	1.06788
130	179	0.947675
130	180	0.950601
131	31	1.01947
131	46	0.94841
131	47	1.02547
131	53	1.02654
131	61	0.999695
131	72	1.02743
131	77	1.03566
131	81	1.00829
131	82	1.01362
131	98	1.05516
131	105	0.99217
131	108	0.887195
131	114	1.05099
131	116	0.808057
131	117	1.0333
131	118	1.03197
131	128	1.01996
131	129	1.00369
131	130	0.740827
131	132	1.01589
131	134	1.01371
131	137	0.968381
131	139	0.997419
131	141	0.941451
131	148	0.983791
131	150	1.39396
131	151	1.03214
131	157	1.38668
131	159	1.03698
131	161	1.05627
131	166	1.00771
131	170	1.07271
131	174	1.64058
131	178	0.899582
131	179	1.46624
132	9	0.93173
132	17	0.925634
132	23	1.0253
132	25	1.01177
132	29	1.1194
132	37	1.08698
132	38	0.973122
132	48	1.02233
132	49	1.02233
132	65	0.955705
132	70	1.04896
132	71	1.05404
132	84	0.91788
132	105	0.969709
132	106	1.24145
132	114	1.02853
132	117	1.01084
132	118	1.00951
132	122	0.941253
132	129	0.981233
132	130	0.749445
132	131	1.01589
132	134	0.991248
132	136	0.981248
132	137	0.977
132	144	0.968184
132	145	0.926693
132	151	1.00968
132	159	1.01452
132	161	1.03381
132	162	1.20202
132	168	1.02207
132	170	1.05025
132	174	1.6492
132	175	1.32109
132	177	1.24342
133	4	1.12391
133	9	1.34426
133	33	1.03971
133	45	1.09795
133	57	1.10166
133	64	0.940342
133	76	1.11605
133	78	0.905059
133	93	0.786909
133	94	1.09281
133	103	0.672898
133	110	1.06815
133	125	0.966813
133	129	1.06553
133	130	1.08224
133	138	1.02298
133	142	1.0303
133	149	0.994898
133	150	0.944454
133	151	0.920304
133	156	1.03201
133	157	0.944373
133	158	1.01085
133	164	0.986884
133	166	0.997365
133	168	1.0167
133	169	1.06043
133	171	0.992879
133	172	0.915744
133	173	0.920394
133	174	0.905939
133	175	0.930984
133	176	0.924764
133	177	0.964132
133	178	1.03747
133	179	0.917271
133	180	0.920196
134	2	0.973364
134	6	0.990117
134	31	0.99482
134	46	0.923764
134	47	1.00082
134	53	1.0019
134	61	0.975049
134	72	1.00278
134	77	1.01101
134	81	0.983644
134	82	0.988971
134	98	1.03052
134	99	0.986915
134	105	0.967524
134	114	1.02634
134	117	1.00865
134	118	1.00732
134	122	1.05639
134	126	1.2086
134	128	0.99531
134	131	1.01371
134	132	0.991248
134	139	0.972773
134	143	0.985397
134	146	0.947612
134	148	0.959145
134	151	1.00749
134	154	1.10217
134	159	1.01234
