1	19	0.862022
1	23	0.957225
1	28	0.945325
1	32	0.940526
1	40	0.910017
1	44	0.997971
1	51	0.79547
1	64	0.96102
1	68	0.929452
1	71	0.929683
1	147	1.28172
1	179	2.35215
2	115	0.90214
2	144	0.861812
2	159	0.848091
2	161	0.993058
2	165	0.946708
2	168	0.948392
2	170	0.967897
2	171	0.929698
2	177	0.950267
2	178	0.932586
2	179	0.900366
2	180	0.885961
3	67	1.07317
3	78	1.06836
3	90	1.07663
3	111	0.814924
3	118	1.05521
3	130	1.11467
3	142	1.08419
3	147	0.900198
3	155	0.950207
3	162	1.51176
3	169	1.65921
3	173	0.988638
4	113	1.07664
4	127	1.04466
4	141	1.04739
4	144	1.04503
4	149	1.05053
4	153	1.04764
4	156	1.06072
4	158	1.0285
4	159	1.05155
4	160	0.902169
4	161	1.2595
4	171	1.6652
5	69	0.666611
5	86	0.467019
5	115	0.554836
5	153	0.610289
5	164	1.11538
5	168	1.07008
5	169	1.06558
5	172	1.05255
5	176	1.06543
5	178	1.05427
5	179	1.02205
5	180	1.00764
6	11	1.00049
6	12	1.12406
6	24	1.07169
6	51	0.762424
6	54	1.07485
6	57	0.987212
6	65	1.08785
6	73	1.06795
6	92	1.12561
6	146	1.14724
6	162	0.967038
6	167	1.68234
7	54	1.09026
7	57	1.00263
7	116	1.06554
7	117	1.06525
7	121	1.10393
7	130	1.11362
7	141	1.11444
7	142	1.08314
7	150	1.31052
7	162	0.982456
7	163	1.30381
7	173	0.987583
8	11	0.888302
8	22	0.97562
8	54	0.962659
8	56	0.986674
8	57	0.875025
8	65	0.975665
8	73	0.955761
8	101	0.911006
8	131	1.69027
8	145	1.54978
8	146	1.28568
8	162	0.854852
9	127	1.0526
9	137	0.827355
9	139	1.03577
9	149	1.05846
9	152	1.04471
9	153	1.05557
9	156	1.06865
9	158	1.03643
9	159	1.05949
9	161	1.2675
9	163	1.24477
9	165	1.5577
10	11	0.915652
10	22	1.00297
10	24	0.986851
10	56	1.01402
10	57	0.902375
10	65	1.00302
10	73	0.983111
10	137	1.06753
10	141	1.29558
10	162	0.882202
10	172	1.87927
11	6	1.00049
11	8	0.888302
11	10	0.915652
11	13	1.25163
11	24	0.955323
11	56	0.982497
11	57	0.870848
11	65	0.971488
11	73	0.951584
11	121	1.78068
11	135	1.45204
11	162	0.850674
12	6	1.12406
12	24	1.07889
12	108	1.15511
12	125	1.05387
12	142	1.07493
12	154	1.0512
12	157	1.25453
12	158	1.04458
12	159	1.06764
12	162	0.974245
12	163	1.45726
12	173	0.979372
13	11	1.25163
13	85	1.04811
13	93	0.660792
13	98	0.996629
13	141	0.988249
13	142	1.00293
13	152	0.980861
13	153	0.991725
13	158	0.972584
13	175	0.875266
13	179	0.82183
13	180	0.807424
14	37	0.849338
14	81	0.826545
14	152	0.939028
14	161	0.986384
14	164	0.987018
14	166	0.975734
14	169	0.937221
14	171	0.923023
14	172	0.924191
14	177	0.943592
14	179	0.893692
14	180	0.879286
15	55	1.0692
15	60	1.10146
15	63	1.06919
15	77	1.04261
15	79	1.10186
15	83	1.01687
15	84	1.07422
15	100	0.880368
15	134	1.08097
15	147	1.0538
15	167	0.999908
15	178	1.84913
16	35	0.912005
16	38	1.0136
16	52	0.985947
16	66	0.94661
16	76	0.912696
16	89	0.928587
16	94	0.920811
16	133	1.26366
16	135	0.959372
16	150	0.848424
16	151	1.39786
16	162	1.90046
17	75	0.931288
17	90	0.937486
17	99	0.906162
17	109	0.956351
17	118	0.916067
17	124	1.43147
17	126	1.41407
17	130	0.975525
17	142	0.945046
17	143	0.954567
17	162	1.73453
17	167	0.881965
18	96	0.797258
18	104	1.02596
18	123	1.02504
18	125	1.05255
18	128	1.05764
18	134	0.833539
18	153	1.06241
18	156	1.07549
18	158	1.04327
18	159	1.06632
18	166	1.32924
18	179	1.87679
19	1	0.862022
19	23	0.950578
19	26	0.943494
19	28	0.938678
19	44	0.991324
19	64	0.954373
19	68	0.922805
19	71	0.923036
19	126	1.54702
19	138	0.935349
19	140	1.24188
19	166	1.77879
20	25	1.45415
20	102	1.4852
20	124	0.974794
20	161	0.88638
20	165	0.840029
20	168	0.841713
20	172	0.824187
20	176	0.837068
20	177	0.843588
20	178	0.825908
20	179	0.793687
20	180	0.779282
21	35	0.982425
21	37	1.09501
21	38	1.08402
21	52	1.05637
21	66	1.01703
21	76	0.983116
21	87	1.01569
21	94	0.991231
21	124	0.824241
21	150	0.918844
21	174	1.24073
21	175	1.26621
21	180	1.86926
22	8	0.97562
22	10	1.00297
22	42	1.08619
22	54	1.0458
22	56	1.06981
22	57	0.958166
22	65	1.05881
22	73	1.0389
22	101	0.994147
22	105	1.06198
22	133	1.19233
22	150	1.74844
22	162	0.937992
23	1	0.957225
23	19	0.950578
23	26	1.0387
23	28	1.03388
23	32	1.02908
23	40	0.998573
23	44	1.08653
23	68	1.01801
23	71	1.01824
23	92	0.909701
23	140	1.01873
23	150	1.56364
23	173	1.6359
24	6	1.07169
24	10	0.986851
24	11	0.955323
24	12	1.07889
24	54	1.02968
24	56	1.0537
24	57	0.942046
24	65	1.04269
24	133	0.57569
24	162	0.921873
24	172	1.51941
24	178	1.39625
24	179	1.67135
25	20	1.45415
25	69	1.08891
25	86	1.03417
25	108	0.852866
25	144	0.997672
25	149	1.00316
25	152	0.989413
25	153	1.00028
25	156	1.01336
25	158	0.981136
25	159	1.00419
25	173	1.23398
25	174	1.35584
26	19	0.943494
26	23	1.0387
26	28	1.0268
26	32	1.022
26	40	0.991489
26	58	0.968614
26	64	1.04249
26	68	1.01092
26	71	1.01116
26	138	1.02347
26	143	1.38566
26	148	1.27478
26	160	1.48477
27	34	0.98138
27	61	1.40187
27	118	1.59367
27	171	0.827065
27	172	0.828233
27	174	0.857043
27	175	0.85117
27	176	0.841114
27	177	0.847634
27	178	0.829953
27	179	0.797733
27	180	0.783328
28	1	0.945325
28	19	0.938678
28	23	1.03388
28	26	1.0268
28	44	1.07463
28	64	1.03768
28	68	1.00611
28	71	1.00634
28	138	1.01865
28	148	0.79882
28	166	1.34211
28	177	1.42748
28	178	1.61457
29	85	0.987394
29	92	1.00521
29	93	1.04075
29	95	1.0667
29	106	1.0177
29	114	1.07666
29	116	1.03223
29	117	1.03193
29	136	1.11857
29	140	1.11424
29	155	0.915834
29	173	0.954266
29	178	1.9236
30	33	1.03246
30	67	0.911534
30	72	0.911814
30	98	0.916254
30	99	0.883669
30	103	2.08526
30	118	0.893574
30	130	0.953032
30	142	0.922553
30	167	0.859471
30	170	1.27654
30	173	0.826997
30	176	1.49525
31	43	0.532238
31	73	0.787387
31	77	0.888913
31	94	0.660871
31	165	1.03163
31	168	1.03331
31	172	1.01579
31	174	1.0446
31	176	1.02867
31	177	1.03519
31	178	1.01751
31	179	0.985287
31	180	0.970881
32	1	0.940526
32	23	1.02908
32	26	1.022
32	40	0.981874
32	44	1.06983
32	64	1.03288
32	68	1.00131
32	71	1.00154
32	121	1.37916
32	138	1.01385
32	140	1.04083
32	147	1.05486
32	162	1.66643
33	30	1.03246
33	43	1.07549
33	72	1.11775
33	91	0.91195
33	99	1.08961
33	118	1.09951
33	130	1.15897
33	131	0.967008
33	142	1.12849
33	164	1.12557
33	166	1.18673
33	167	1.06541
33	171	1.61646
33	173	1.03294
34	27	0.98138
34	50	0.881495
34	52	1.01551
34	123	1.34282
34	164	0.933367
34	166	0.922082
34	168	0.888065
34	169	0.883569
34	170	0.907571
34	174	0.89935
34	175	0.893476
34	176	0.883421
34	179	0.84004
34	180	0.825635
35	16	0.912005
35	21	0.982425
35	37	1.06574
35	38	1.05475
35	52	1.0271
35	66	0.987758
35	76	0.953844
35	94	0.961959
35	120	0.986148
35	135	1.00052
35	145	1.16925
35	150	0.889573
35	163	1.53075
35	178	1.80191
36	47	0.98068
36	75	1.00302
36	90	1.00922
36	99	0.977893
36	118	0.987798
36	130	1.04726
36	142	1.01678
36	155	0.88279
36	162	1.33848
36	163	1.25108
36	167	0.953695
36	168	1.42533
36	173	0.921221
36	176	1.50031
37	14	0.849338
37	21	1.09501
37	35	1.06574
37	38	1.16733
37	52	1.13968
37	66	1.10034
37	76	1.06643
37	94	1.07454
37	108	0.960192
37	126	1.02928
37	135	1.1131
37	150	1.00216
37	167	1.17184
37	176	1.51157
38	16	1.0136
38	21	1.08402
38	35	1.05475
38	37	1.16733
38	42	1.12708
38	66	1.08935
38	76	1.05544
38	91	0.994355
38	92	1.14037
38	94	1.06355
38	110	0.938973
38	137	0.853011
38	154	0.864363
38	180	2.09979
39	102	1.00247
39	115	1.00902
39	125	0.968484
39	128	0.973567
39	146	0.997335
39	149	0.981228
39	151	1.20774
39	152	0.967477
39	153	0.97834
39	156	0.991419
39	158	0.959199
39	159	0.982254
39	167	1.53244
39	173	1.7019
40	1	0.910017
40	23	0.998573
40	26	0.991489
40	32	0.981874
40	44	1.03932
40	64	1.00237
40	68	0.9708
40	71	0.971031
40	96	0.70568
40	101	0.940449
40	138	0.983344
40	145	0.877449
40	155	1.79471
40	180	2.06831
41	55	1.0692
41	60	1.10146
41	63	1.06919
41	77	1.04261
41	79	1.10186
41	83	1.01687
41	84	1.07422
41	145	0.982924
41	148	0.799842
41	165	1.65736
41	167	0.999908
41	173	1.42339
42	22	1.08619
42	38	1.12708
42	76	1.02618
42	94	1.0343
42	116	1.04061
42	117	1.04032
42	130	0.844475
42	156	0.727913
42	159	0.600359
42	164	0.970438
42	173	0.962653
42	178	0.909331
42	179	0.877111
42	180	0.862706
43	31	0.532238
43	33	1.07549
43	67	0.954569
43	72	0.954849
43	78	0.949754
43	90	0.958028
43	98	0.959289
43	118	0.936608
43	130	0.996067
43	142	0.965588
43	154	1.19165
43	165	1.91065
43	167	0.902506
43	173	0.870032
43	175	1.82402
44	1	0.997971
44	19	0.991324
44	23	1.08653
44	28	1.07463
44	32	1.06983
44	40	1.03932
44	49	0.712288
44	64	1.09032
44	68	1.05875
44	71	1.05898
44	101	1.0284
44	124	1.16577
44	161	1.40417
44	166	1.38015
44	173	1.4604
45	48	1.09915
45	88	0.911284
45	115	1.07509
45	129	1.0511
45	134	1.10979
45	139	1.02461
45	143	1.17308
45	144	1.0418
45	146	0.981182
45	149	1.0473
45	152	1.03354
45	156	1.05749
45	158	1.02527
45	159	1.04832
45	176	1.85601
46	56	0.981334
46	73	0.950421
46	79	1.11803
46	113	1.17971
46	114	0.977031
46	116	0.932598
46	117	0.932303
46	121	0.886501
46	159	1.22211
46	162	0.849512
46	172	0.799596
46	173	0.854638
46	174	0.828406
46	179	0.769096
46	180	0.754691
47	36	0.98068
47	88	1.2283
47	91	1.64773
47	114	1.00933
47	116	0.964896
47	117	0.964601
47	142	0.982492
47	146	1.2982
47	152	0.960426
47	154	1.51774
47	155	0.848505
47	156	0.984368
47	158	0.952148
47	159	0.975203
47	173	0.886936
48	45	1.09915
48	125	1.04106
48	127	1.04795
48	139	1.03112
48	143	0.729761
48	144	1.04832
48	152	1.04006
48	153	1.05092
48	156	1.064
48	158	1.03178
48	159	1.05483
48	165	1.4764
48	167	1.07297
48	175	1.38978
48	178	1.43463
49	44	0.712288
49	52	0.469251
49	152	0.682881
49	156	0.714309
49	158	0.622555
49	161	1.10327
49	164	1.1039
49	165	1.05691
49	169	1.0541
49	170	1.0781
49	171	1.0399
49	174	1.06988
49	178	1.04279
49	179	1.01057
49	180	0.996168
50	34	0.881495
50	102	1.08649
50	112	0.707117
50	123	1.025
50	125	1.05251
50	149	1.06525
50	152	1.0515
50	153	1.06236
50	155	1.56013
50	156	1.07544
50	158	1.04322
50	159	1.06628
50	162	0.972883
50	169	1.23923
50	172	1.3987
51	1	0.79547
51	6	0.762424
51	73	0.842446
51	77	0.943972
51	156	0.373042
51	164	1.10688
51	166	1.0956
51	169	1.05708
51	170	1.08109
51	171	1.04289
51	172	1.04405
51	176	1.05694
51	177	1.06346
51	179	1.01356
51	180	0.99915
52	16	0.985947
52	21	1.05637
52	34	1.01551
52	35	1.0271
52	37	1.13968
52	49	0.469251
52	66	1.0617
52	76	1.02779
52	92	1.11272
52	94	1.0359
52	135	1.07446
52	141	0.949028
52	150	0.963515
52	155	1.69415
52	174	1.33922
53	88	0.796949
53	104	0.986079
53	123	0.985162
53	129	1.02921
53	135	1.04838
53	144	1.01992
53	147	0.968284
53	149	1.02541
53	152	1.01166
53	153	1.02253
53	156	1.03561
53	158	1.00339
53	159	1.02644
53	160	1.15785
53	161	1.51518
53	171	1.92088
54	6	1.07485
54	7	1.09026
54	8	0.962659
54	22	1.0458
54	24	1.02968
54	56	1.05685
54	57	0.945205
54	65	1.04585
54	73	1.02594
54	101	0.981186
54	103	2.0971
54	105	0.578106
54	135	0.729354
54	161	1.28059
54	162	0.925031
54	172	1.65219
55	15	1.0692
55	41	1.0692
55	60	1.06326
55	63	1.031
55	77	1.00442
55	79	1.06367
55	83	0.978679
55	84	1.03603
55	89	1.00866
55	105	0.909699
55	121	0.961103
55	146	0.963852
55	150	1.59617
55	151	1.17425
55	167	0.961715
55	173	1.66842
56	8	0.986674
56	10	1.01402
56	11	0.982497
56	22	1.06981
56	24	1.0537
56	46	0.981334
56	54	1.05685
56	57	0.96922
56	65	1.06986
56	73	1.04996
56	145	0.839133
56	161	1.22337
56	162	0.949046
56	165	1.51357
56	169	1.43548
56	174	1.40146
57	6	0.987212
57	7	1.00263
57	8	0.875025
57	10	0.902375
57	11	0.870848
57	22	0.958166
57	24	0.942046
57	54	0.945205
57	56	0.96922
57	65	0.958211
57	73	0.938307
57	87	0.939325
57	126	1.34902
57	157	1.37935
57	162	0.837397
57	180	2.41144
58	26	0.968614
58	78	0.893355
58	122	0.697889
58	138	0.467589
58	156	0.532707
58	164	1.0742
58	166	1.06292
58	169	1.02441
58	170	1.04841
58	172	1.01138
58	175	1.03431
58	176	1.02426
58	177	1.03078
58	178	1.0131
58	179	0.980877
58	180	0.966472
59	70	1.06224
59	82	1.13164
59	85	0.978275
59	92	0.849991
59	93	1.03163
59	95	1.05758
59	106	1.00859
59	114	1.06754
59	116	1.02311
59	117	1.02281
59	140	0.959019
59	155	0.906715
59	160	1.16263
59	165	1.81016
59	173	0.945147
59	177	1.5813
60	15	1.10146
60	41	1.10146
60	55	1.06326
60	63	1.06326
60	77	1.03668
60	79	1.09593
60	83	1.01094
60	84	1.06829
60	97	1.12489
60	124	1.26934
60	126	1.00343
60	151	1.0698
60	160	1.1504
60	166	1.48371
60	167	0.993974
61	27	1.40187
61	67	1.04272
61	72	1.043
61	78	1.0379
61	90	1.04618
61	96	0.708413
61	99	1.01485
61	118	1.02476
61	142	1.05374
61	143	1.06326
61	151	0.826486
61	155	0.91975
61	167	0.990655
61	172	1.63601
61	173	0.958181
61	175	1.46799
62	102	1.04174
62	113	1.04661
62	122	1.04535
62	123	0.980249
62	131	1.13159
62	139	0.99781
62	149	1.0205
62	152	1.00675
62	153	1.01761
62	156	1.03069
62	157	1.14987
62	158	0.998473
62	159	1.02153
62	164	1.29015
62	167	1.2621
62	175	1.57891
63	15	1.06919
63	41	1.06919
63	55	1.031
63	60	1.06326
63	77	1.00441
63	79	1.06367
63	83	0.978676
63	84	1.03603
63	121	0.9611
63	126	0.971166
63	148	0.901196
63	150	1.45249
63	154	1.03972
63	163	1.44578
63	167	0.961712
63	173	1.52474
64	1	0.96102
64	19	0.954373
64	26	1.04249
64	28	1.03768
64	32	1.03288
64	40	1.00237
64	44	1.09032
64	68	1.0218
64	71	1.02203
64	97	1.11445
64	101	0.991452
64	111	0.865112
64	134	0.977561
64	138	1.03435
64	172	1.86888
64	177	1.55863
65	6	1.08785
65	8	0.975665
65	10	1.00302
65	11	0.971488
65	22	1.05881
65	24	1.04269
65	54	1.04585
65	56	1.06986
65	57	0.958211
65	73	1.03895
65	89	0.960925
65	148	0.848566
65	155	1.94891
65	160	1.05856
65	162	0.938038
65	168	1.5674
66	16	0.94661
66	21	1.01703
66	35	0.987758
66	37	1.10034
66	38	1.08935
66	52	1.0617
66	76	0.988449
66	87	1.02102
66	94	0.996565
66	110	1.13765
66	132	1.07187
66	135	1.03513
66	145	1.1076
66	150	0.924178
66	170	1.49962
66	177	1.55318
67	3	1.07317
67	30	0.911534
67	43	0.954569
67	61	1.04272
67	109	1.01887
67	110	1.36562
67	112	1.39981
67	118	0.97859
67	124	1.48141
67	130	1.03805
67	140	1.0339
67	142	1.00757
67	143	1.01709
67	145	1.33557
67	146	1.07147
67	155	0.873582
67	173	0.912014
68	1	0.929452
68	19	0.922805
68	23	1.01801
68	26	1.01092
68	28	1.00611
68	32	1.00131
68	40	0.9708
68	44	1.05875
68	64	1.0218
68	71	0.990466
68	101	0.959884
68	120	1.031
68	137	1.15819
68	138	1.00278
68	154	1.16954
68	164	1.51315
68	176	1.82483
69	5	0.666611
69	25	1.08891
69	102	1.10895
69	107	1.0927
69	123	1.04745
69	128	1.08004
69	132	1.0245
69	139	1.06501
69	148	0.877141
69	149	1.08771
69	153	1.08482
69	154	1.01566
69	156	1.0979
69	158	1.06568
69	159	1.08873
69	168	1.59598
69	177	1.5058
70	59	1.06224
70	82	1.13106
70	85	0.977702
70	93	1.03106
70	95	1.05701
70	106	1.00801
70	114	1.06697
70	116	1.02253
70	117	1.02224
70	131	1.21314
70	135	0.905646
70	140	0.895952
70	155	0.906143
70	162	1.52155
70	171	1.86259
70	173	0.944574
71	1	0.929683
71	19	0.923036
71	23	1.01824
71	26	1.01116
71	28	1.00634
71	32	1.00154
71	40	0.971031
71	44	1.05898
71	64	1.02203
71	68	0.990466
71	101	0.960115
71	119	1.10762
71	133	0.773968
71	138	1.00301
71	164	1.26092
71	177	1.40744
71	180	2.15273
72	30	0.911814
72	33	1.11775
72	43	0.954849
72	61	1.043
72	98	1.00155
72	99	0.968966
72	109	1.01915
72	118	0.97887
72	130	1.03833
72	136	0.72748
72	142	1.00785
72	162	1.34875
72	167	0.944768
72	171	1.68978
72	173	0.912294
72	174	1.46217
72	176	1.51057
73	6	1.06795
73	8	0.955761
73	10	0.983111
73	11	0.951584
73	22	1.0389
73	31	0.787387
73	46	0.950421
73	51	0.842446
73	54	1.02594
73	56	1.04996
73	57	0.938307
73	65	1.03895
73	101	0.974288
73	105	1.17311
73	110	1.52141
73	121	1.65299
73	162	0.918133
74	78	0.959092
74	82	0.573695
74	118	0.648473
74	127	0.802775
74	152	0.567016
74	163	1.04881
74	165	0.997849
74	166	1.03355
74	168	0.999533
74	170	1.01904
74	172	0.982007
74	174	1.01082
74	175	1.00494
74	177	1.00141
74	178	0.983728
74	179	0.951508
74	180	0.937103
75	17	0.931288
75	36	1.00302
75	90	0.99727
75	98	0.998531
75	99	0.965946
75	109	1.01614
75	110	0.989092
75	118	0.975851
75	126	1.08749
75	130	1.03531
75	140	1.03116
75	142	1.00483
75	143	1.01435
75	162	1.40795
75	165	1.63348
75	173	0.909274
75	178	1.59171
76	16	0.912696
76	21	0.983116
76	35	0.953844
76	37	1.06643
76	38	1.05544
76	42	1.02618
76	52	1.02779
76	66	0.988449
76	89	0.970427
76	92	1.03947
76	94	0.962651
76	100	0.881121
76	110	1.24726
76	145	1.21721
76	150	0.890264
76	162	1.66612
76	177	1.66279
77	15	1.04261
77	31	0.888913
77	41	1.04261
77	51	0.943972
77	55	1.00442
77	60	1.03668
77	63	1.00441
77	79	1.03708
77	83	0.952092
77	84	1.00944
77	87	1.31163
77	96	1.42111
77	101	0.953682
77	121	0.934517
77	126	0.944583
77	135	1.42588
77	167	0.935128
78	3	1.06836
78	43	0.949754
78	58	0.893355
78	61	1.0379
78	74	0.959092
78	98	0.996456
78	109	1.01406
78	120	1.1995
78	130	1.03323
78	135	1.2156
78	140	1.02909
78	142	1.00275
78	143	1.01228
78	155	0.868767
78	167	0.939673
78	170	1.77462
78	173	0.907199
79	15	1.10186
79	41	1.10186
79	46	1.11803
79	55	1.06367
79	60	1.09593
79	63	1.06367
79	77	1.03708
79	83	1.01134
79	84	1.0687
79	89	1.04133
79	101	1.01293
79	126	1.00384
79	150	1.15854
79	163	1.15183
79	166	1.15053
79	167	0.99438
79	170	1.18234
79	173	1.23079
80	104	0.934333
80	113	0.999781
80	115	1.00146
80	122	0.99852
80	123	0.933416
80	128	0.966008
80	139	0.950977
80	144	0.968176
80	149	0.973668
80	153	0.970781
80	156	0.98386
80	157	0.944645
80	158	0.95164
80	159	0.974695
80	163	1.14737
80	171	1.57581
80	176	1.3966
80	180	1.97673
81	14	0.826545
81	86	1.08735
81	107	1.06134
81	113	1.08246
81	138	1.06303
81	139	1.03366
81	144	1.05085
81	152	1.0426
81	153	1.05346
81	155	1.7953
81	156	1.06654
81	157	1.03682
81	158	1.03432
81	159	1.05737
81	160	0.90495
81	161	1.26228
81	162	0.963979
81	164	1.17709
82	59	1.13164
82	70	1.13106
82	74	0.573695
82	85	1.04709
82	93	1.10045
82	95	1.1264
82	106	1.0774
82	114	1.13636
82	116	1.09193
82	117	1.09163
82	147	0.834542
82	148	0.814123
82	155	0.975534
82	164	1.29626
82	170	1.38923
82	171	1.78714
82	173	1.01397
83	15	1.01687
83	41	1.01687
83	55	0.978679
83	60	1.01094
83	63	0.978676
83	77	0.952092
83	79	1.01134
83	84	0.983705
83	89	0.956336
83	101	0.927943
83	111	1.05835
83	121	0.908778
83	126	0.918844
83	143	1.23409
83	148	1.12321
83	160	1.3332
83	167	0.90939
83	179	2.21406
84	15	1.07422
84	41	1.07422
84	55	1.03603
84	60	1.06829
84	63	1.03603
84	77	1.00944
84	79	1.0687
84	83	0.983705
84	89	1.01369
84	101	0.985295
84	120	0.737428
84	121	0.966129
84	126	0.976196
84	137	0.864615
84	143	0.848322
84	155	1.83779
84	164	1.21958
84	167	0.966741
84	180	2.11139
85	13	1.04811
85	29	0.987394
85	59	0.978275
85	70	0.977702
85	82	1.04709
85	93	0.947091
85	95	0.973038
85	106	0.924044
85	114	0.982998
85	116	0.938565
85	117	0.93827
85	132	1.3798
85	137	1.35961
85	138	0.954528
85	140	1.23883
85	143	0.965682
85	155	0.822174
85	168	1.95128
85	173	0.860605
86	5	0.467019
86	25	1.03417
86	81	1.08735
86	122	1.05781
86	127	1.0271
86	128	1.0253
86	134	0.725143
86	144	1.02747
86	149	1.03296
86	150	0.944979
86	152	1.01921
86	155	1.77789
86	156	1.04315
86	158	1.01093
86	159	1.03399
86	162	0.940595
86	168	1.39638
86	175	1.44844
86	178	1.4933
87	21	1.01569
87	57	0.939325
87	66	1.02102
87	77	1.31163
87	94	0.995226
87	109	0.80807
87	116	0.84698
87	127	1.00496
87	130	0.857264
87	150	0.922839
87	154	1.018
87	156	1.02101
87	158	0.988793
87	159	1.01185
87	166	0.920081
87	177	0.88794
87	178	0.87026
87	179	0.838039
87	180	0.823634
88	45	0.911284
88	47	1.2283
88	53	0.796949
88	94	1.03084
88	102	0.490557
88	138	0.622837
88	161	1.04839
88	163	1.053
88	164	1.04903
88	165	1.00204
88	168	1.00373
88	170	1.02323
88	171	0.985034
88	174	1.01501
88	175	1.00914
88	176	0.999083
88	177	1.0056
88	178	0.987922
88	179	0.955702
88	180	0.941297
89	16	0.928587
89	55	1.00866
89	65	0.960925
89	76	0.970427
89	79	1.04133
89	83	0.956336
89	84	1.01369
89	94	0.978542
89	95	1.1424
89	103	0.906408
89	113	0.781275
89	122	1.11641
89	135	1.0171
89	149	0.73399
89	167	0.939372
89	169	0.864885
89	172	0.851855
89	176	0.864736
89	178	0.853576
89	180	0.80695
90	3	1.07663
90	17	0.937486
90	36	1.00922
90	43	0.958028
90	61	1.04618
90	75	0.99727
90	91	1.02335
90	92	1.06394
90	99	0.972144
90	109	1.02233
90	118	0.982049
90	130	1.04151
90	135	0.770914
90	141	1.11005
90	142	1.01103
90	167	0.947947
90	170	1.32994
90	173	0.915473
90	175	1.52573
90	180	2.12878
91	33	0.91195
91	38	0.994355
91	47	1.64773
91	90	1.02335
91	120	1.13589
91	139	1.10959
91	163	0.975373
91	164	0.9714
91	165	0.924415
91	168	0.926099
91	170	0.945604
91	171	0.907405
91	172	0.908573
91	174	0.937383
91	175	0.93151
91	176	0.921454
91	177	0.927974
91	178	0.910294
91	179	0.878073
91	180	0.863668
92	6	1.12561
92	23	0.909701
92	29	1.00521
92	38	1.14037
92	52	1.11272
92	59	0.849991
92	76	1.03947
92	90	1.06394
92	94	1.04759
92	118	1.04252
92	128	0.726117
92	139	0.738435
92	142	1.0715
92	150	0.975201
92	155	0.937512
92	171	0.919733
92	176	0.933782
92	177	0.940302
92	178	0.922622
92	180	0.875996
93	13	0.660792
93	29	1.04075
93	59	1.03163
93	70	1.03106
93	82	1.10045
93	85	0.947091
93	95	1.0264
93	106	0.977401
93	114	1.03636
93	116	0.991922
93	117	0.991627
93	134	0.892723
93	138	1.00789
93	143	1.01904
93	155	0.875531
93	162	1.47711
93	166	1.38842
93	168	1.56396
93	173	0.913963
93	176	1.63894
94	16	0.920811
94	21	0.991231
94	31	0.660871
94	35	0.961959
94	37	1.07454
94	38	1.06355
94	42	1.0343
94	52	1.0359
94	66	0.996565
94	76	0.962651
94	87	0.995226
94	88	1.03084
94	89	0.978542
94	92	1.04759
94	100	1.02875
94	135	1.00933
94	136	1.19248
94	150	0.898379
94	160	1.39175
94	169	1.96119
95	29	1.0667
95	59	1.05758
95	70	1.05701
95	82	1.1264
95	85	0.973038
95	89	1.1424
95	93	1.0264
95	106	1.00335
95	114	1.0623
95	116	1.01787
95	117	1.01757
95	121	1.37475
95	135	1.04612
95	140	1.03642
95	143	1.04499
95	148	1.03004
95	155	0.901478
95	170	1.60515
95	173	0.93991
96	18	0.797258
96	40	0.70568
96	61	0.708413
96	77	1.42111
96	122	1.01537
96	159	0.72263
96	163	1.05687
96	164	1.0529
96	166	1.04162
96	168	1.0076
96	169	1.00311
96	171	0.988907
96	172	0.990075
96	174	1.01889
96	175	1.01301
96	176	1.00296
96	177	1.00948
96	178	0.991796
96	179	0.959576
96	180	0.94517
97	60	1.12489
97	64	1.11445
97	115	0.949847
97	126	1.01332
97	139	1.02556
97	149	0.806112
97	163	0.983146
97	164	0.979174
97	165	0.932189
97	168	0.933873
97	169	0.929377
97	170	0.953378
97	172	0.916347
97	174	0.945157
97	175	0.939284
97	176	0.929228
97	177	0.935748
97	178	0.918068
97	179	0.885847
97	180	0.871442
98	13	0.996629
98	30	0.916254
98	43	0.959289
98	72	1.00155
98	75	0.998531
98	78	0.996456
98	99	0.973406
98	109	1.0236
98	118	0.983311
98	130	1.04277
98	142	1.01229
98	143	1.02181
98	155	0.878303
98	162	1.25395
98	163	1.16655
98	166	1.16526
98	167	0.949208
98	171	1.59498
98	173	0.916734
98	174	1.36737
98	179	1.71281
99	17	0.906162
99	30	0.883669
99	33	1.08961
99	36	0.977893
99	61	1.01485
99	72	0.968966
99	75	0.965946
99	90	0.972144
99	98	0.973406
99	109	0.99101
99	124	1.39424
99	130	1.01018
99	134	1.11291
99	135	1.0814
99	137	1.19249
99	142	0.979704
99	143	0.989226
99	155	0.845717
99	167	0.916623
99	172	2.00423
99	173	0.884149
99	177	1.69398
100	15	0.880368
100	76	0.881121
100	94	1.02875
100	153	0.667809
100	156	0.685861
100	158	0.594108
100	159	0.558307
100	161	1.07372
100	163	1.07832
100	164	1.07435
100	166	1.06307
100	168	1.02905
100	169	1.02455
100	170	1.04855
100	171	1.01035
100	172	1.01152
100	174	1.04033
100	175	1.03446
100	177	1.03092
100	178	1.01324
100	179	0.981023
100	180	0.966618
101	8	0.911006
101	22	0.994147
101	40	0.940449
101	44	1.0284
101	54	0.981186
101	64	0.991452
101	68	0.959884
101	71	0.960115
101	73	0.974288
101	77	0.953682
101	79	1.01293
101	83	0.927943
101	84	0.985295
101	138	0.972428
101	160	0.992403
101	162	0.873379
101	166	1.32571
101	167	0.910979
101	168	1.50125
101	169	1.56185
101	175	1.5533
101	178	1.59816
102	20	1.4852
102	39	1.00247
102	50	1.08649
102	62	1.04174
102	69	1.10895
102	88	0.490557
102	113	1.04931
102	122	1.04805
102	129	1.027
102	139	1.00051
102	144	1.01771
102	152	1.00945
102	153	1.02031
102	156	1.03339
102	158	1.00117
102	159	1.02423
102	162	0.930834
102	164	1.12361
102	166	1.18477
102	167	1.09556
102	174	1.38688
102	178	1.45722
103	30	2.08526
103	54	2.0971
103	89	0.906408
103	108	0.983618
103	157	0.89309
103	159	2.09514
103	161	0.834138
103	163	0.838745
103	164	0.834773
103	165	0.787788
103	166	0.823488
103	168	0.789472
103	170	0.808977
103	171	0.770778
103	172	0.771946
103	174	0.800756
103	175	0.794883
103	176	0.784827
103	177	0.791347
103	178	0.773666
103	179	0.741446
103	180	0.727041
104	18	1.02596
104	53	0.986079
104	80	0.934333
104	115	0.990413
104	120	1.10459
104	122	0.987475
104	123	0.92237
104	124	1.43353
104	127	0.95676
104	129	0.966422
104	139	0.939932
104	143	1.21548
104	144	0.957131
104	149	0.962623
104	152	0.948872
104	153	0.959736
104	156	0.972814
104	157	1.44646
104	158	0.940595
104	159	0.963649
104	166	1.6479
104	170	1.67971
105	22	1.06198
105	54	0.578106
105	55	0.909699
105	73	1.17311
105	113	0.533746
105	115	0.630195
105	118	0.75373
105	161	1.07607
105	163	1.08067
105	165	1.02972
105	166	1.06542
105	168	1.0314
105	169	1.0269
105	170	1.05091
105	171	1.01271
105	174	1.04268
105	175	1.03681
105	176	1.02676
105	177	1.03328
105	178	1.0156
105	179	0.983375
105	180	0.96897
106	29	1.0177
106	59	1.00859
106	70	1.00801
106	82	1.0774
106	85	0.924044
106	93	0.977401
106	95	1.00335
106	110	0.972456
106	114	1.01331
106	116	0.968875
106	117	0.968581
106	119	1.33883
106	133	1.00517
106	138	0.984838
106	140	1.01637
106	143	0.995993
106	150	1.56128
106	155	0.852484
106	167	1.46407
106	173	0.890916
106	176	1.8038
107	69	1.0927
107	81	1.06134
107	113	1.03307
107	122	1.03181
107	123	0.966703
107	125	0.994212
107	128	0.999295
107	136	1.03211
107	139	0.984265
107	143	1.13227
107	144	1.00146
107	147	1.04181
107	149	1.00696
107	151	1.15078
107	152	0.993205
107	153	1.00407
107	156	1.01715
107	157	1.36325
107	158	0.984927
107	159	1.00798
107	162	0.914589
107	173	1.64494
107	174	1.7668
108	12	1.15511
108	25	0.852866
108	37	0.960192
108	103	0.983618
108	125	0.959905
108	129	0.981966
108	158	0.989557
108	161	0.991257
108	163	0.995864
108	164	0.991892
108	165	0.944907
108	166	0.980607
108	168	0.946591
108	169	0.942094
108	170	0.966096
108	171	0.927897
108	174	0.957875
108	175	0.952002
108	176	0.941946
108	177	0.948466
108	178	0.930785
108	179	0.898565
108	180	0.88416
109	17	0.956351
109	67	1.01887
109	72	1.01915
109	75	1.01614
109	78	1.01406
109	87	0.80807
109	90	1.02233
109	98	1.0236
109	99	0.99101
109	118	1.00091
109	130	1.06037
109	132	1.0536
109	140	1.05623
109	142	1.02989
109	143	1.03942
109	155	0.895907
109	160	1.11623
109	161	1.47356
109	163	1.45082
109	164	1.38837
109	167	0.966812
109	173	0.934338
109	177	1.5349
110	38	0.938973
110	66	1.13765
110	67	1.36562
110	73	1.52141
110	75	0.989092
110	76	1.24726
110	106	0.972456
110	114	1.03141
110	116	0.986977
110	117	0.986682
110	121	0.94088
110	125	0.983515
110	139	0.973567
110	152	0.982507
110	156	1.00645
110	158	0.97423
110	159	0.997284
110	173	0.909018
110	174	0.882785
110	176	0.866857
110	177	0.873376
110	178	0.855696
110	179	0.823476
110	180	0.80907
111	3	0.814924
111	64	0.865112
111	83	1.05835
111	127	0.978347
111	128	0.763908
111	135	1.13197
111	142	0.688533
111	152	0.742588
111	163	1.03352
111	164	1.02955
111	165	0.98256
111	166	1.01826
111	168	0.984244
111	169	0.979748
111	170	1.00375
111	171	0.96555
111	172	0.966718
111	174	0.995528
111	175	0.989655
111	176	0.979599
111	177	0.986119
111	178	0.968439
111	179	0.936218
111	180	0.921813
112	50	0.707117
112	67	1.39981
112	125	0.964788
112	139	1.0884
112	144	0.972361
112	153	1.06814
112	155	0.91396
112	160	1.03295
112	161	0.959542
112	163	0.964148
112	165	0.913191
112	166	0.948891
112	167	0.984865
112	168	0.914875
112	169	0.910378
112	170	0.93438
112	171	0.896181
112	172	0.897349
112	174	0.926159
112	175	0.920286
112	176	0.91023
112	177	0.91675
112	178	0.899069
112	179	0.866849
112	180	0.852444
113	4	1.07664
113	46	1.17971
113	62	1.04661
113	80	0.999781
113	81	1.08246
113	89	0.781275
113	102	1.04931
113	105	0.533746
113	107	1.03307
113	123	0.987818
113	125	1.01533
113	127	1.02221
113	129	1.03187
113	144	1.02258
113	147	0.689335
113	149	1.02807
113	152	1.01432
113	153	1.02518
113	156	1.03826
113	158	1.00604
113	159	1.0291
113	173	1.29246
113	174	1.41432
113	175	1.43981
113	179	1.75976
114	29	1.07666
114	46	0.977031
114	47	1.00933
114	59	1.06754
114	70	1.06697
114	82	1.13636
114	85	0.982998
114	93	1.03636
114	95	1.0623
114	106	1.01331
114	110	1.03141
114	116	1.02783
114	117	1.02754
114	121	1.1085
114	135	0.779864
114	138	1.04379
114	140	0.77017
114	143	1.05495
114	155	0.911439
114	162	1.39577
114	165	1.62131
114	167	1.21787
114	173	0.94987
114	176	1.5576
114	178	1.57953
115	2	0.90214
115	5	0.554836
115	39	1.00902
115	45	1.07509
115	80	1.00146
115	97	0.949847
115	104	0.990413
115	105	0.630195
115	123	0.989496
115	125	1.017
115	126	0.984437
115	127	1.02389
115	128	1.02209
115	144	1.02426
115	149	1.02975
115	150	0.941765
115	152	1.016
115	153	1.02686
115	156	1.03994
115	157	1.10723
115	158	1.00772
115	159	1.03077
115	161	1.33268
115	162	0.937381
115	168	1.4842
115	180	2.13931
116	7	1.06554
116	29	1.03223
116	42	1.04061
116	46	0.932598
116	47	0.964896
116	59	1.02311
116	70	1.02253
116	82	1.09193
116	85	0.938565
116	87	0.84698
116	93	0.991922
116	95	1.01787
116	106	0.968875
116	110	0.986977
116	114	1.02783
116	117	0.983102
116	133	0.940335
116	138	0.999359
116	143	1.01051
116	150	1.49644
116	151	1.07453
116	154	1.08367
116	155	0.867005
116	162	1.57713
116	173	0.905437
116	175	1.71604
116	177	1.57381
117	7	1.06525
117	29	1.03193
117	42	1.04032
117	46	0.932303
117	47	0.964601
117	59	1.02281
117	70	1.02224
117	82	1.09163
117	85	0.93827
117	93	0.991627
117	95	1.01757
117	106	0.968581
117	110	0.986682
117	114	1.02754
117	116	0.983102
117	120	1.06117
117	126	1.37271
117	136	1.0719
117	138	0.999065
117	140	1.06756
117	143	1.01022
117	147	1.0816
117	150	1.61248
117	155	0.866711
117	167	1.51527
117	169	1.84062
117	173	0.905142
118	3	1.05521
118	17	0.916067
118	27	1.59367
118	30	0.893574
118	33	1.09951
118	36	0.987798
118	43	0.936608
118	61	1.02476
118	67	0.97859
118	72	0.97887
118	74	0.648473
118	75	0.975851
118	90	0.982049
118	92	1.04252
118	98	0.983311
118	105	0.75373
118	109	1.00091
118	126	1.20042
118	130	1.02009
118	134	0.936494
118	140	1.01594
118	142	0.989609
118	154	1.02742
118	155	0.855622
118	167	0.926528
118	172	1.82781
118	173	0.894054
118	179	1.97975
119	71	1.10762
119	106	1.33883
119	138	1.10259
119	139	1.16992
119	144	1.05388
119	154	1.01627
119	155	0.883422
119	157	0.987956
119	159	1.04016
119	160	1.00241
119	161	0.929004
119	163	0.933611
119	164	0.929639
119	165	0.882653
119	166	0.918354
119	168	0.884337
119	169	0.879841
119	170	0.903843
119	171	0.865643
119	172	0.866812
119	174	0.895622
119	175	0.889748
119	176	0.879693
119	177	0.886212
119	178	0.868532
119	179	0.836312
119	180	0.821907
120	35	0.986148
120	68	1.031
120	78	1.1995
120	84	0.737428
120	91	1.13589
120	104	1.10459
120	117	1.06117
120	152	0.807426
120	153	0.820802
120	157	1.06586
120	160	1.08032
120	161	1.00691
120	163	1.01151
120	164	1.00754
120	165	0.960556
120	166	0.996257
120	168	0.96224
120	169	0.957744
120	170	0.981746
120	171	0.943546
120	172	0.944714
120	174	0.973524
120	175	0.967651
120	176	0.957596
120	177	0.964115
120	178	0.946435
120	179	0.914215
120	180	0.899809
121	7	1.10393
121	11	1.78068
121	32	1.37916
121	46	0.886501
121	55	0.961103
121	63	0.9611
121	73	1.65299
121	77	0.934517
121	83	0.908778
121	84	0.966129
121	95	1.37475
121	110	0.94088
121	114	1.1085
121	140	0.981227
121	144	0.941088
121	153	0.943693
121	156	0.956771
121	158	0.924552
121	159	0.947606
121	162	0.854213
121	167	0.891814
121	170	0.841329
121	171	0.803129
121	175	0.827234
121	176	0.817179
121	178	0.806018
121	179	0.773798
121	180	0.759392
122	58	0.697889
122	62	1.04535
122	80	0.99852
122	86	1.05781
122	89	1.11641
122	96	1.01537
122	102	1.04805
122	104	0.987475
122	107	1.03181
122	125	1.01407
122	127	1.02095
122	128	1.01915
122	129	1.03061
122	133	0.99924
122	137	1.13122
122	139	1.00412
122	144	1.02132
122	148	1.00405
122	149	1.02681
122	150	0.938827
122	152	1.01306
122	153	1.02392
122	156	1.037
122	158	1.00478
122	159	1.02784
122	162	0.934443
122	163	1.54864
122	167	1.45814
122	177	1.63272
123	18	1.02504
123	34	1.34282
123	50	1.025
123	53	0.985162
123	62	0.980249
123	69	1.04745
123	80	0.933416
123	104	0.92237
123	107	0.966703
123	113	0.987818
123	115	0.989496
123	128	0.954045
123	129	0.965504
123	139	0.939014
123	144	0.956213
123	145	1.1042
123	149	0.961705
123	150	0.873723
123	151	1.0505
123	152	0.947954
123	153	0.958818
123	154	1.05964
123	156	0.971897
123	158	0.939677
123	159	0.962732
123	167	1.3752
123	168	1.63995
123	174	1.66652
123	175	1.69201
124	17	1.43147
124	20	0.974794
124	21	0.824241
124	44	1.16577
124	60	1.26934
124	67	1.48141
124	99	1.39424
124	104	1.43353
124	151	1.02251
124	154	1.01746
124	157	0.989143
124	160	1.0036
124	161	0.930192
124	163	0.934799
124	164	0.930826
124	165	0.883841
124	166	0.919542
124	167	0.955516
124	168	0.885525
124	169	0.881029
124	170	0.90503
124	171	0.866831
124	172	0.867999
124	174	0.896809
124	175	0.890936
124	176	0.88088
124	177	0.8874
124	178	0.86972
124	179	0.8375
124	180	0.823094
125	12	1.05387
125	18	1.05255
125	39	0.968484
125	48	1.04106
125	50	1.05251
125	107	0.994212
125	108	0.959905
125	110	0.983515
125	112	0.964788
125	113	1.01533
125	115	1.017
125	122	1.01407
125	127	0.983352
125	128	0.981554
125	129	0.993014
125	139	0.966524
125	143	0.828343
125	144	0.983722
125	147	0.737884
125	149	0.989215
125	152	0.975464
125	153	0.986327
125	156	0.999406
125	158	0.967186
125	159	0.990241
125	164	1.1996
125	165	1.57499
125	172	1.65638
125	175	1.48836
125	179	1.80831
126	17	1.41407
126	19	1.54702
126	37	1.02928
126	57	1.34902
126	60	1.00343
126	63	0.971166
126	75	1.08749
126	77	0.944583
126	79	1.00384
126	83	0.918844
126	84	0.976196
126	97	1.01332
126	115	0.984437
126	117	1.37271
126	118	1.20042
126	144	0.951154
126	149	0.956647
126	153	0.953759
126	156	0.966838
126	158	0.934618
126	159	0.957673
126	163	0.881163
126	165	0.830206
126	166	0.865906
126	167	0.90188
126	169	0.827393
126	171	0.813196
126	177	0.833765
126	179	0.783864
126	180	0.769459
127	4	1.04466
127	9	1.0526
127	48	1.04795
127	74	0.802775
127	86	1.0271
127	87	1.00496
127	104	0.95676
127	111	0.978347
127	113	1.02221
127	115	1.02389
127	122	1.02095
127	125	0.983352
127	128	0.988435
127	129	0.999894
127	132	1.19056
127	134	1.0908
127	139	0.973404
127	144	0.990603
127	146	0.962184
127	149	0.996095
127	150	0.908112
127	152	0.982344
127	153	0.993208
127	156	1.00629
127	157	1.38506
127	158	0.974067
127	159	0.997122
127	164	1.52534
127	167	1.49729
127	174	1.78861
128	18	1.05764
128	39	0.973567
128	69	1.08004
128	80	0.966008
128	86	1.0253
128	92	0.726117
128	107	0.999295
128	111	0.763908
128	115	1.02209
128	122	1.01915
128	123	0.954045
128	125	0.981554
128	127	0.988435
128	129	0.998096
128	139	0.971607
128	140	1.02894
128	144	0.988805
128	149	0.994298
128	152	0.980546
128	153	0.99141
128	156	1.00449
128	157	1.17062
128	158	0.972269
128	159	0.995324
128	161	1.39608
128	164	1.3109
128	167	1.28285
128	168	1.5476
128	175	1.59965
128	177	1.45743
129	45	1.0511
129	53	1.02921
129	102	1.027
129	104	0.966422
129	108	0.981966
129	113	1.03187
129	122	1.03061
129	123	0.965504
129	125	0.993014
129	127	0.999894
129	128	0.998096
129	131	1.0631
129	138	1.01244
129	139	0.983066
129	140	1.0404
129	149	1.00576
129	150	0.917774
129	152	0.992006
129	153	1.00287
129	156	1.01595
129	158	0.983729
129	159	1.00678
129	161	1.30684
129	162	0.91339
129	163	1.28411
129	164	1.22166
129	169	1.51896
129	170	1.31463
129	173	1.36308
129	176	1.53334
130	3	1.11467
130	7	1.11362
130	17	0.975525
130	30	0.953032
130	33	1.15897
130	36	1.04726
130	42	0.844475
130	43	0.996067
130	67	1.03805
130	72	1.03833
130	75	1.03531
130	78	1.03323
130	87	0.857264
130	90	1.04151
130	98	1.04277
130	99	1.01018
130	109	1.06037
130	118	1.02009
130	133	0.950619
130	136	0.96615
130	140	1.0754
130	142	1.04907
130	147	0.975852
130	148	0.955433
130	155	0.915081
130	160	1.16542
130	161	1.52275
130	167	0.985986
130	170	1.53054
130	173	0.953512
130	179	2.04628
131	8	1.69027
131	33	0.967008
131	62	1.13159
131	70	1.21314
131	129	1.0631
131	148	1.07602
131	150	0.918651
131	151	1.01886
131	152	1.13101
131	154	1.01381
131	156	1.16244
131	157	0.985495
131	160	0.999953
131	161	0.926544
131	163	0.93115
131	164	0.927178
131	165	0.880193
131	166	0.915893
131	168	0.881877
131	169	0.877381
131	170	0.901382
131	171	0.863183
131	172	0.864351
131	174	0.893161
131	175	0.887288
131	176	0.877232
131	177	0.883752
131	178	0.866072
131	179	0.833851
131	180	0.819446
132	66	1.07187
132	69	1.0245
132	85	1.3798
132	109	1.0536
132	127	1.19056
132	147	1.08898
132	148	1.10041
132	149	0.768988
132	151	1.04325
132	153	0.968177
132	154	1.0382
132	157	1.00988
132	159	0.858675
132	160	1.02434
132	161	0.950931
132	163	0.955538
132	164	0.951566
132	165	0.904581
132	166	0.940281
132	168	0.906264
132	169	0.901768
132	170	0.92577
132	171	0.887571
132	172	0.888739
132	174	0.917549
132	175	0.911675
132	176	0.90162
132	177	0.908139
132	178	0.890459
132	179	0.858239
132	180	0.843834
133	16	1.26366
133	22	1.19233
133	24	0.57569
133	71	0.773968
133	106	1.00517
133	116	0.940335
133	122	0.99924
133	130	0.950619
133	142	0.748574
133	147	1.14985
133	148	1.16128
133	151	1.10412
133	152	0.80263
133	154	1.09907
133	157	1.07075
133	160	1.08521
133	161	1.0118
133	163	1.01641
133	164	1.01244
133	165	0.96545
133	166	1.00115
133	168	0.967134
133	169	0.962638
133	170	0.986639
133	171	0.94844
133	172	0.949608
133	174	0.978418
133	175	0.972545
133	176	0.962489
133	177	0.969009
133	178	0.951329
133	179	0.919109
133	180	0.904703
134	15	1.08097
134	18	0.833539
134	45	1.10979
134	64	0.977561
134	86	0.725143
134	93	0.892723
134	99	1.11291
134	118	0.936494
134	127	1.0908
134	138	0.821347
134	147	1.14985
134	148	1.16128
134	151	1.10412
134	154	1.09907
134	157	1.07075
134	160	1.08521
134	161	1.0118
134	163	1.01641
134	164	1.01244
134	165	0.96545
134	166	1.00115
134	168	0.967134
134	169	0.962638
134	170	0.986639
134	171	0.94844
134	172	0.949608
134	174	0.978418
134	175	0.972545
134	176	0.962489
134	177	0.969009
134	178	0.951329
134	179	0.919109
134	180	0.904703
135	11	1.45204
135	16	0.959372
135	35	1.00052
135	37	1.1131
135	52	1.07446
135	53	1.04838
135	54	0.729354
135	66	1.03513
135	70	0.905646
135	77	1.42588
135	78	1.2156
135	89	1.0171
135	90	0.770914
135	94	1.00933
135	95	1.04612
135	99	1.0814
135	111	1.13197
135	114	0.779864
135	138	1.03161
135	142	0.769465
135	149	1.02492
135	150	0.93694
135	152	1.01117
135	153	1.02204
135	156	1.03511
135	158	1.00289
135	159	1.02595
135	169	0.89567
135	172	0.88264
135	174	0.91145
135	175	0.905577
135	177	0.902041
135	178	0.884361
135	179	0.85214
135	180	0.837735
136	29	1.11857
136	72	0.72748
136	94	1.19248
136	107	1.03211
136	117	1.0719
136	130	0.96615
136	139	0.851798
136	145	1.08024
136	147	1.12098
136	148	1.1324
136	149	0.632348
136	151	1.07524
136	154	1.0702
136	156	0.849589
136	157	1.04188
136	158	0.757836
136	160	1.05634
136	161	0.982929
136	162	0.970652
136	163	0.987535
136	164	0.983563
136	165	0.936578
136	166	0.972278
136	168	0.938262
136	169	0.933765
136	170	0.957767
136	171	0.919568
136	172	0.920736
136	174	0.949546
136	175	0.943673
136	176	0.933617
136	177	0.940137
136	178	0.922456
136	179	0.890236
136	180	0.875831
137	9	0.827355
137	10	1.06753
137	38	0.853011
137	68	1.15819
137	84	0.864615
137	85	1.35961
137	99	1.19249
137	122	1.13122
137	141	1.03705
137	144	0.852208
137	145	1.06064
137	146	1.10203
137	147	1.10138
137	148	1.1128
137	151	1.05564
137	154	1.0506
137	157	1.02228
137	159	0.838487
137	160	1.03674
137	161	0.963327
137	163	0.967934
137	164	0.963962
137	165	0.916977
137	166	0.952677
137	168	0.918661
137	169	0.914164
137	170	0.938166
137	171	0.899967
137	172	0.901135
137	174	0.929945
137	175	0.924072
137	176	0.914016
137	177	0.920536
137	178	0.902855
137	179	0.870635
137	180	0.85623
138	19	0.935349
138	26	1.02347
138	28	1.01865
138	32	1.01385
138	40	0.983344
138	58	0.467589
138	64	1.03435
138	68	1.00278
138	71	1.00301
138	81	1.06303
138	85	0.954528
138	88	0.622837
138	93	1.00789
138	101	0.972428
138	106	0.984838
138	114	1.04379
138	116	0.999359
138	117	0.999065
138	119	1.10259
138	129	1.01244
138	134	0.821347
138	135	1.03161
138	139	0.985949
138	149	1.00864
138	151	0.903138
138	152	0.994889
138	154	0.912274
138	155	0.882968
138	156	1.01883
138	158	0.986612
138	159	1.00967
138	161	1.34107
138	171	1.74677
138	173	0.9214
138	177	1.40241
138	179	1.8646
138	180	2.1477
139	9	1.03577
139	45	1.02461
139	48	1.03112
139	62	0.99781
139	69	1.06501
139	80	0.950977
139	81	1.03366
139	91	1.10959
139	92	0.738435
139	97	1.02556
139	102	1.00051
