1	3	0.871383
1	6	0.876761
1	27	0.960628
1	29	0.956095
1	130	0.94871
1	136	0.948456
1	150	0.948564
1	153	0.938356
1	170	1.18201
1	171	1.22968
1	178	0.951048
1	180	1.1934
2	97	1.202
2	145	0.939203
2	154	0.95427
2	156	0.94121
2	159	0.935429
2	163	0.92237
2	164	0.921763
2	166	0.922485
2	167	0.930903
2	168	0.932368
2	170	1.19474
2	177	1.20844
3	1	0.871383
3	22	0.946956
3	55	0.961645
3	71	0.949472
3	97	0.937389
3	119	1.18776
3	130	0.935329
3	138	1.21812
3	141	1.19977
3	150	0.935183
3	153	0.924975
3	178	0.937667
4	27	1.05971
4	54	1.05204
4	56	0.849479
4	71	1.06194
4	130	1.04779
4	133	0.926212
4	136	1.04754
4	150	1.04765
4	153	1.03744
4	172	0.948125
4	174	1.04589
4	176	0.883635
5	7	0.808308
5	18	1.04417
5	53	1.05643
5	91	1.06568
5	105	1.0485
5	125	0.987179
5	150	1.04867
5	153	1.03847
5	169	0.931274
5	174	1.04691
5	178	1.05116
5	180	0.880213
6	1	0.876761
6	55	0.967023
6	125	1.25064
6	130	0.940707
6	136	0.940452
6	141	1.15736
6	146	0.931136
6	150	0.94056
6	153	0.930353
6	161	0.929965
6	176	1.19751
6	178	0.943044
7	5	0.808308
7	60	0.924583
7	79	1.04669
7	131	0.964883
7	142	1.04342
7	150	0.897762
7	169	1.04838
7	175	1.05912
7	176	1.04015
7	177	1.06558
7	179	1.0418
7	180	1.05485
8	62	0.892623
8	68	0.97404
8	108	0.931517
8	122	0.966204
8	131	0.918548
8	144	0.929816
8	145	1.18588
8	160	1.17705
8	166	1.23267
8	178	0.936752
8	179	0.918726
8	180	0.931774
9	62	1.00601
9	69	1.06781
9	93	1.06141
9	107	1.0873
9	108	1.0449
9	116	0.863409
9	131	1.03193
9	133	0.9466
9	135	1.06241
9	140	0.910591
9	146	1.03823
9	171	0.886461
10	11	0.879235
10	47	0.839497
10	106	0.939425
10	158	1.05615
10	159	0.935547
10	165	1.04135
10	169	1.04836
10	170	1.05184
10	176	1.04013
10	177	1.06556
10	179	1.04178
10	180	1.05483
11	10	0.879235
11	117	1.0628
11	120	1.03072
11	129	1.05325
11	139	1.05729
11	140	1.03607
11	147	1.04937
11	148	1.06113
11	149	1.04937
11	160	0.835983
11	175	0.950318
11	180	0.936118
12	72	0.884579
12	80	1.22175
12	95	1.14136
12	143	0.948151
12	157	0.946353
12	158	0.937181
12	166	1.23353
12	170	0.932864
12	171	0.928301
12	175	0.940127
12	177	0.946588
12	180	0.935856
13	52	0.96829
13	57	0.93917
13	69	0.944578
13	80	0.918278
13	94	0.934613
13	101	0.911563
13	108	0.921669
13	112	1.29472
13	135	0.939182
13	137	1.21189
13	139	1.09549
13	174	0.922657
14	54	0.915151
14	71	0.900038
14	91	0.829045
14	147	1.05279
14	149	1.05279
14	153	0.948153
14	163	1.03851
14	164	1.0379
14	167	1.04704
14	173	1.05322
14	177	1.06424
14	180	1.05351
15	60	1.17087
15	68	1.24217
15	73	1.21093
15	74	1.18659
15	78	1.18659
15	81	0.668477
15	131	0.683207
15	144	1.19795
15	169	0.734708
15	172	0.80198
15	173	0.717639
15	178	1.20489
16	42	0.917798
16	60	0.907027
16	68	0.978327
16	73	0.947087
16	74	0.922745
16	78	0.922745
16	121	1.22182
16	123	1.21326
16	141	1.17028
16	144	0.934103
16	146	0.92913
16	178	0.941039
17	34	1.00289
17	69	1.02811
17	70	1.02852
17	93	1.02171
17	101	0.9951
17	108	1.00521
17	125	1.01234
17	131	0.992237
17	133	1.00179
17	135	1.02272
17	144	1.0035
17	175	0.919572
17	179	0.973523
18	5	1.04417
18	41	0.977161
18	71	1.02215
18	91	1.02487
18	96	0.919218
18	130	1.00801
18	136	1.00776
18	150	1.00786
18	152	0.976214
18	153	0.997657
18	158	0.961185
18	172	1.05044
18	178	1.01035
19	44	1.01881
19	93	1.02278
19	94	1.01922
19	101	0.996169
19	103	0.871988
19	110	1.03312
19	150	1.00903
19	153	0.998817
19	154	0.980797
19	167	1.02065
19	170	1.00354
19	175	1.0108
19	180	1.00653
20	115	1.0241
20	116	0.948413
20	132	0.999452
20	140	0.995595
20	154	1.03325
20	155	0.995234
20	160	1.02265
20	163	1.00135
20	164	1.00074
20	166	1.00146
20	167	1.00988
20	168	1.01134
20	174	0.9635
21	116	0.978409
21	132	1.02945
21	144	0.998335
21	145	1.02093
21	150	0.89762
21	155	0.997986
21	159	1.01716
21	160	1.0254
21	163	1.0041
21	164	1.00349
21	166	1.00421
21	167	1.01263
21	168	1.01409
22	3	0.946956
22	64	0.985356
22	72	1.07255
22	91	1.04115
22	112	0.961993
22	130	1.02428
22	136	1.02403
22	150	1.02414
22	153	1.01393
22	161	1.01354
22	165	0.93738
22	176	0.935524
22	178	1.02662
23	34	1.00325
23	52	1.05218
23	62	0.966667
23	80	1.00217
23	107	1.04796
23	108	1.00556
23	121	0.998034
23	122	0.899678
23	131	0.992592
23	135	1.02307
23	151	0.958511
23	172	1.05114
23	174	1.00655
24	81	0.890601
24	85	1.04843
24	88	0.970297
24	95	1.01848
24	106	1.01075
24	120	0.997283
24	125	1.01274
24	129	1.01981
24	139	1.02384
24	147	1.01593
24	148	1.02768
24	149	1.01593
24	161	0.956137
25	32	0.983161
25	65	1.08188
25	107	0.859544
25	122	1.05
25	132	1.00229
25	133	0.998826
25	150	0.968062
25	165	1.00208
25	171	1.00801
25	175	1.01984
25	176	1.00087
25	179	1.00252
25	180	1.01557
26	89	0.913706
26	104	1.04
26	107	1.04794
26	128	0.991646
26	135	1.02305
26	136	1.00818
26	148	0.947563
26	150	1.00829
26	153	0.998082
26	169	0.999324
26	170	1.0028
26	174	1.00653
26	180	1.0058
27	1	0.960628
27	4	1.05971
27	96	0.919759
27	112	1.01296
27	125	1.03961
27	134	0.968338
27	136	1.02432
27	140	1.00792
27	150	1.02443
27	151	1.01352
27	153	1.01422
27	177	0.934971
27	178	1.02691
28	63	0.878796
28	83	0.99699
28	88	0.968228
28	95	1.01641
28	117	1.02729
28	120	0.995214
28	129	1.01774
28	139	1.02178
28	147	1.01386
28	148	1.02562
28	149	1.01386
28	165	1.03355
28	178	0.997398
29	1	0.956095
29	84	1.03539
29	91	1.0369
29	102	1.00775
29	130	1.02004
29	136	1.01979
29	144	0.914777
29	146	1.01047
29	150	1.0199
29	151	1.00899
29	153	1.00969
29	174	1.01813
29	179	0.949772
30	37	1.02319
30	113	0.99481
30	116	1.0313
30	123	0.999932
30	135	0.925095
30	136	0.961227
30	142	1.00925
30	150	0.983038
30	152	1.00721
30	158	1.022
30	165	1.00719
30	179	1.00763
30	180	1.02068
31	81	1.05693
31	86	0.91494
31	122	1.04201
31	133	0.990837
31	139	0.971861
31	147	1.02195
31	148	0.984909
31	162	1.00186
31	170	1.00458
31	172	0.996037
31	173	1.0073
31	176	0.992877
31	180	1.00758
32	25	0.983161
32	90	0.896678
32	145	1.01606
32	154	1.03113
32	156	1.01807
32	160	1.02054
32	163	0.999231
32	164	0.998624
32	166	0.999346
32	167	1.00776
32	168	1.00923
32	171	1.02105
32	178	1.00431
33	46	0.885555
33	59	0.902351
33	70	0.934201
33	75	1.34645
33	86	1.27795
33	91	1.27315
33	94	0.923829
33	101	0.90078
33	108	0.910885
33	131	0.897917
33	135	0.928399
33	146	0.904212
33	174	0.911873
34	17	1.00289
34	23	1.00325
34	94	1.01749
34	97	0.96664
34	101	0.994441
34	107	1.04695
34	108	1.00455
34	135	1.02206
34	140	1.03117
34	144	1.00285
34	151	0.996458
34	153	0.909219
34	174	1.00553
35	91	0.89041
35	101	1.01272
35	117	0.967437
35	137	1.0066
35	162	1.01077
35	165	1.00301
35	167	1.02175
35	169	1.01002
35	170	1.0135
35	171	1.00894
35	177	1.02722
35	179	1.00344
35	180	1.01649
36	118	1.06527
36	122	0.99547
36	128	0.983709
36	140	1.08901
36	154	1.00003
36	156	0.986968
36	158	1.05768
36	159	0.981187
36	160	0.989434
36	163	0.968127
36	164	0.96752
36	166	0.968242
36	167	0.976661
36	168	0.978125
37	30	1.02319
37	128	0.987133
37	140	1.07024
37	144	1.04298
37	145	0.988384
37	155	0.96544
37	156	0.990392
37	160	0.992858
37	162	1.06899
37	163	0.971551
37	164	0.970944
37	166	0.971666
37	167	0.980084
37	168	0.981549
38	82	0.963281
38	98	1.03896
38	112	0.966065
38	119	0.985303
38	137	0.978177
38	145	1.03164
38	149	1.04878
38	162	0.982351
38	167	1.07364
38	169	0.981598
38	173	0.98779
38	175	0.992342
38	179	0.975023
38	180	0.98807
39	82	0.913751
39	102	0.903495
39	155	1.07554
39	156	1.10049
39	158	0.806446
39	159	1.09471
39	160	1.10296
39	163	1.08165
39	164	1.08104
39	166	1.08177
39	167	1.09019
39	168	1.09165
39	174	0.805683
39	177	0.77969
40	72	1.18015
40	109	1.01248
40	154	0.999877
40	155	0.961866
40	156	0.986818
40	159	0.981037
40	163	0.967977
40	164	0.96737
40	166	0.968093
40	167	0.976511
40	168	0.977975
40	169	1.04035
40	170	0.977903
40	178	1.00883
41	18	0.977161
41	53	0.989422
41	54	0.986049
41	55	1.00812
41	64	0.942879
41	83	1.09134
41	114	1.05751
41	130	0.981806
41	136	0.981552
41	139	0.953277
41	150	0.98166
41	153	0.971452
41	158	1.10128
41	174	0.979897
42	16	0.917798
42	43	1.0769
42	44	0.955223
42	60	0.96008
42	63	0.963087
42	73	1.00014
42	74	0.975798
42	78	0.975798
42	125	0.961987
42	146	0.982183
42	157	1.07626
42	158	1.09123
42	175	1.07634
42	178	0.994092
43	42	1.0769
43	44	1.06127
43	60	1.06613
43	68	1.13743
43	73	1.10619
43	74	1.08185
43	78	1.08185
43	84	0.938323
43	146	1.08823
43	159	0.739758
43	165	0.840254
43	172	0.902888
43	178	1.10014
43	180	0.784555
44	19	1.01881
44	42	0.955223
44	43	1.06127
44	68	1.01575
44	73	0.984511
44	74	0.960169
44	78	0.960169
44	125	0.946359
44	133	1.0825
44	141	0.999774
44	144	0.971527
44	146	0.966555
44	172	1.10442
44	178	0.978463
45	66	0.98574
45	76	0.977446
45	98	0.986201
45	106	0.972716
45	117	0.991332
45	120	0.959254
45	129	0.981785
45	139	0.985816
45	147	0.977896
45	148	0.989656
45	149	0.977896
45	161	1.09993
45	170	1.03818
45	173	1.08355
46	33	0.885555
46	69	1.00444
46	70	1.00485
46	80	0.978141
46	101	0.971426
46	107	1.02393
46	108	0.981531
46	119	1.03198
46	131	0.968563
46	135	0.999045
46	161	1.08067
46	173	1.06429
46	174	0.982519
46	180	1.0303
47	10	0.839497
47	154	1.0722
47	155	1.03419
47	156	1.05914
47	157	0.910494
47	158	0.925461
47	159	1.05336
47	160	1.0616
47	163	1.0403
47	164	1.03969
47	166	1.04041
47	167	1.04883
47	168	1.05029
47	171	0.932662
47	177	0.898705
48	64	0.957105
48	115	0.850609
48	124	0.854651
48	127	0.977569
48	131	1.03949
48	136	0.850618
48	147	1.052
48	148	1.06376
48	149	1.052
48	152	1.03925
48	170	1.04973
48	171	1.04516
48	173	1.05244
48	174	1.05345
48	180	1.05272
49	71	0.841219
49	102	1.03769
49	114	1.06567
49	120	0.916034
49	123	1.03737
49	133	1.04137
49	146	0.917523
49	155	0.915095
49	165	1.04463
49	167	0.901569
49	173	1.05783
49	176	1.04341
49	177	1.06884
49	179	1.04507
49	180	1.05811
50	99	1.05643
50	106	0.925214
50	117	0.862517
50	123	1.03572
50	128	0.904343
50	141	1.03992
50	154	0.87698
50	161	1.04836
50	166	0.921616
50	169	1.04999
50	175	1.06073
50	176	1.04176
50	177	1.0672
50	179	1.04342
50	180	1.05646
51	76	0.953167
51	96	1.09805
51	98	0.961922
51	106	0.948437
51	117	0.967053
51	120	0.934975
51	129	0.957505
51	137	1.10842
51	139	0.961536
51	147	0.953617
51	148	0.965376
51	149	0.953617
51	161	1.16131
51	172	0.942795
51	174	1.13926
52	13	0.96829
52	23	1.05218
52	69	1.07639
52	70	1.0768
52	80	1.05009
52	93	1.06999
52	97	0.875571
52	100	0.866646
52	123	0.936354
52	131	1.04051
52	135	1.071
52	141	0.893376
52	152	1.04027
52	174	1.05447
52	176	0.933528
53	5	1.05643
53	41	0.989422
53	55	1.04659
53	64	0.981344
53	66	0.890872
53	91	1.03713
53	96	0.941805
53	130	1.02027
53	136	1.02002
53	143	0.960195
53	150	1.02013
53	151	1.00922
53	153	1.00992
53	161	1.00953
53	170	0.943309
53	172	1.07302
54	4	1.05204
54	14	0.915151
54	41	0.986049
54	55	1.04322
54	66	0.87887
54	71	1.03104
54	87	1.0594
54	136	1.01664
54	146	1.00733
54	150	1.01675
54	153	1.00655
54	161	1.00616
54	174	1.01499
54	178	1.01924
54	179	1.01084
54	180	0.94269
55	3	0.961645
55	6	0.967023
55	41	1.00812
55	53	1.04659
55	54	1.04322
55	56	0.999276
55	64	1.00004
55	75	0.872247
55	122	0.946459
55	130	1.03897
55	136	1.03872
55	150	1.03883
55	153	1.02862
55	158	1.00867
55	161	1.02823
55	177	0.981913
56	4	0.849479
56	55	0.999276
56	98	0.972935
56	142	1.00976
56	147	0.988086
56	156	0.985202
56	157	1.03168
56	158	1.02251
56	162	1.01547
56	169	1.01471
56	170	1.01819
56	171	1.01363
56	173	1.02091
56	175	1.02546
56	176	1.00649
56	180	1.02119
57	13	0.93917
57	107	1.06676
57	135	1.04188
57	146	1.01769
57	147	1.0239
57	148	1.03566
57	149	1.0239
57	155	1.00351
57	165	1.0013
57	166	1.00974
57	167	1.01816
57	168	1.01962
57	170	0.934218
57	173	0.979592
57	177	0.947925
57	180	0.9456
58	72	1.15715
58	109	1.02297
58	132	1.03055
58	137	0.963758
58	143	0.971782
58	145	0.995302
58	154	1.01037
58	155	0.972358
58	156	0.99731
58	159	0.991529
58	160	0.999776
58	163	0.978469
58	164	0.977863
58	166	0.978585
58	167	0.987003
58	168	0.988467
58	178	0.985823
59	33	0.902351
59	61	0.98468
59	62	0.959434
59	69	1.02124
59	72	1.14082
59	80	0.994937
59	94	1.01127
59	101	0.988222
59	107	1.04073
59	131	0.985359
59	135	1.01584
59	142	1.02048
59	144	0.996627
59	161	1.00032
59	162	1.00912
59	170	0.938572
59	174	0.999315
60	7	0.924583
60	15	1.17087
60	16	0.907027
60	42	0.96008
60	43	1.06613
60	68	1.02061
60	73	0.989368
60	74	0.965026
60	78	0.965026
60	87	1.1132
60	134	0.924746
60	144	0.976384
60	146	0.971411
60	169	1.04755
60	174	1.02481
60	178	0.98332
60	180	0.996488
61	59	0.98468
61	70	1.01653
61	71	1.01025
61	87	1.1258
61	108	0.993214
61	135	1.01073
61	137	1.00657
61	140	0.979459
61	148	0.903216
61	150	0.995965
61	153	0.985757
61	163	0.978477
61	164	0.97787
61	166	0.978592
61	168	0.988475
61	169	1.06015
61	180	1.00909
62	8	0.892623
62	9	1.00601
62	23	0.966667
62	59	0.959434
62	69	0.990878
62	70	0.991284
62	75	1.04302
62	80	0.964578
62	90	1.06227
62	92	0.929807
62	93	0.984473
62	94	0.980912
62	95	1.01367
62	107	1.01037
62	108	0.967968
62	114	1.13567
62	131	0.955
62	180	1.15036
63	28	0.878796
63	42	0.963087
63	76	0.921307
63	83	1.02312
63	114	1.05967
63	129	0.87881
63	132	1.03885
63	143	1.06441
63	154	0.849016
63	155	0.902395
63	157	1.06261
63	162	1.0464
63	175	1.05639
63	176	1.03742
63	177	1.06285
63	178	1.05709
63	179	1.03907
63	180	1.05212
64	22	0.985356
64	41	0.942879
64	48	0.957105
64	53	0.981344
64	55	1.00004
64	91	0.990591
64	92	1.16077
64	97	0.975789
64	123	1.11101
64	130	0.973729
64	134	0.917492
64	140	0.957077
64	141	1.06803
64	150	0.973583
64	151	0.962675
64	153	0.963375
64	165	1.11004
64	178	0.976067
65	25	1.08188
65	79	1.07454
65	126	0.988274
65	127	0.943924
65	137	1.08096
65	145	0.976281
65	154	0.991348
65	155	0.953337
65	156	0.978289
65	159	0.972508
65	160	0.980755
65	163	0.959448
65	164	0.958842
65	166	0.959564
65	167	0.967982
65	168	0.969446
65	177	1.08581
65	180	1.08348
66	45	0.98574
66	53	0.890872
66	54	0.87887
66	68	0.832127
66	87	1.01425
66	96	1.05852
66	105	0.905785
66	119	1.05408
66	143	1.06914
66	156	0.901695
66	158	1.05817
66	165	1.04336
66	170	1.05385
66	171	1.04929
66	173	1.05656
66	176	1.04214
66	179	1.0438
66	180	1.05684
67	111	0.951044
67	119	1.0746
67	124	0.986111
67	126	0.986916
67	144	1.10608
67	145	0.974923
67	146	1.03958
67	151	1.09863
67	154	0.98999
67	155	0.951979
67	159	0.97115
67	160	0.979397
67	163	0.95809
67	164	0.957483
67	166	0.958205
67	167	0.966624
67	168	0.968088
67	175	1.08712
68	8	0.97404
68	15	1.24217
68	16	0.978327
68	43	1.13743
68	44	1.01575
68	60	1.02061
68	66	0.832127
68	73	1.06067
68	74	1.03633
68	78	1.03633
68	132	0.960216
68	134	0.996046
68	144	1.04768
68	156	0.824234
68	161	0.946313
68	171	0.932229
68	175	0.910147
68	178	1.05462
69	9	1.06781
69	13	0.944578
69	17	1.02811
69	46	1.00444
69	52	1.07639
69	59	1.02124
69	62	0.990878
69	80	1.02638
69	93	1.04628
69	108	1.02977
69	118	0.958433
69	121	0.986984
69	131	1.0168
69	151	0.947461
69	152	1.01656
69	161	0.972123
69	174	1.03076
69	177	0.924082
69	180	0.921757
70	17	1.02852
70	33	0.934201
70	46	1.00485
70	52	1.0768
70	61	1.01653
70	62	0.991284
70	94	1.04312
70	101	1.02007
70	107	1.07258
70	108	1.03018
70	121	0.955896
70	131	1.01721
70	135	1.04769
70	142	0.961199
70	152	1.01697
70	162	0.94983
70	172	1.009
70	173	0.924661
70	178	0.910213
71	3	0.949472
71	4	1.06194
71	14	0.900038
71	18	1.02215
71	49	0.841219
71	54	1.03104
71	61	1.01025
71	91	1.04366
71	110	1.05075
71	112	1.00789
71	113	0.982195
71	130	1.0268
71	136	1.02655
71	151	1.01575
71	153	1.01645
71	161	1.01606
71	172	1.04591
71	177	0.929902
71	178	1.02914
72	12	0.884579
72	22	1.07255
72	40	1.18015
72	58	1.15715
72	59	1.14082
72	118	0.955904
72	122	0.990529
72	133	0.939359
72	142	0.944669
72	143	0.968394
72	162	0.95038
72	165	0.942616
72	168	1.14744
72	173	0.955818
72	175	0.96037
72	176	0.941399
72	177	0.966831
72	179	0.943052
72	180	0.956099
73	15	1.21093
73	16	0.947087
73	42	1.00014
73	43	1.10619
73	44	0.984511
73	60	0.989368
73	68	1.06067
73	74	1.00509
73	78	1.00509
73	90	0.816316
73	121	0.96963
73	125	0.991276
73	134	0.964805
73	142	0.974934
73	146	1.01147
73	161	0.95477
73	172	1.02274
73	178	1.02338
73	179	0.972554
74	15	1.18659
74	16	0.922745
74	42	0.975798
74	43	1.08185
74	44	0.960169
74	60	0.965026
74	68	1.03633
74	73	1.00509
74	78	0.980744
74	111	0.966636
74	116	0.992688
74	125	0.966934
74	134	0.940464
74	144	0.992102
74	146	0.987129
74	152	1.02357
74	158	1.00854
74	170	0.968076
74	178	0.999038
74	179	1.04761
75	33	1.34645
75	55	0.872247
75	62	1.04302
75	77	0.996735
75	92	0.965085
75	116	1.01413
75	127	0.967466
75	132	0.990232
75	133	0.986764
75	143	1.0158
75	157	1.014
75	158	1.00483
75	166	0.885368
75	167	0.880585
75	170	1.00051
75	171	0.995948
75	175	1.00777
75	177	1.01424
75	179	0.990456
75	180	1.0035
76	45	0.977446
76	51	0.953167
76	63	0.921307
76	79	1.01142
76	86	1.0301
76	88	0.959861
76	98	1.01379
76	105	1.00853
76	106	1.00031
76	117	1.01893
76	120	0.986847
76	129	1.00938
76	139	1.01341
76	145	0.929061
76	147	1.00549
76	148	1.01725
76	149	1.00549
76	158	1.04945
76	169	1.07143
76	177	1.02269
77	75	0.996735
77	80	0.967823
77	81	1.04996
77	85	0.97908
77	104	1.01069
77	129	0.964769
77	131	1.02369
77	132	0.987336
77	134	1.10128
77	137	0.990714
77	144	0.998649
77	157	1.0111
77	158	1.00193
77	160	0.923993
77	162	0.994888
77	169	0.994135
77	170	0.997615
77	176	0.985908
77	177	1.01134
77	180	1.00061
78	15	1.18659
78	16	0.922745
78	42	0.975798
78	43	1.08185
78	44	0.960169
78	60	0.965026
78	68	1.03633
78	73	1.00509
78	74	0.980744
78	92	1.05551
78	125	0.966934
78	134	0.940464
78	144	0.992102
78	146	0.987129
78	161	0.999455
78	166	0.904571
78	172	1.06742
78	175	0.963288
78	178	0.999038
78	179	1.01724
79	7	1.04669
79	65	1.07454
79	76	1.01142
79	84	0.978706
79	122	1.03365
79	127	1.06586
79	138	0.992551
79	139	0.909361
79	145	0.936979
79	157	1.00971
79	164	0.995769
79	165	0.985734
79	169	0.992744
79	170	0.996224
79	171	0.991662
79	173	0.998936
79	175	1.00349
79	176	0.984517
79	179	0.986169
79	180	0.999217
80	12	1.22175
80	13	0.918278
80	23	1.00217
80	46	0.978141
80	52	1.05009
80	59	0.994937
80	62	0.964578
80	69	1.02638
80	77	0.967823
80	93	1.01998
80	101	0.993366
80	107	1.04587
80	109	0.846489
80	131	0.990503
80	132	1.04519
80	135	1.02099
80	152	0.990261
80	159	0.936124
80	174	1.00446
80	177	0.983246
81	15	0.668477
81	24	0.890601
81	31	1.05693
81	77	1.04996
81	82	1.03194
81	102	1.03631
81	110	0.895691
81	115	0.932678
81	136	0.932687
81	137	1.04683
81	141	1.04019
81	143	1.06902
81	162	1.05101
81	163	0.993568
81	165	1.04324
81	166	0.97754
81	169	1.05026
81	173	1.05645
81	177	1.06746
81	179	1.04368
81	180	1.05673
82	38	0.963281
82	39	0.913751
82	81	1.03194
82	87	0.939996
82	93	0.983685
82	122	1.01702
82	123	0.961842
82	136	1.08424
82	137	0.972693
82	146	1.14027
82	148	1.06774
82	156	1.1019
82	169	0.976114
82	170	0.979594
82	171	0.975031
82	173	0.982306
82	175	0.986858
82	176	0.967887
82	177	0.993318
82	179	0.969539
82	180	0.982586
83	28	0.99699
83	41	1.09134
83	63	1.02312
83	88	1.13332
83	118	0.978186
83	119	0.975614
83	127	1.09394
83	141	0.961841
83	146	1.02302
83	157	0.988878
83	158	0.979706
83	160	0.956228
83	162	0.972662
83	169	0.971909
83	170	0.975389
83	173	0.9781
83	174	0.979112
83	175	0.982652
83	177	0.989113
83	179	0.965334
83	180	0.978381
84	29	1.03539
84	43	0.938323
84	79	0.978706
84	87	0.944275
84	93	1.00107
84	102	0.966444
84	106	1.15008
84	116	0.997492
84	135	1.06549
84	136	1.10162
84	157	0.997363
84	158	0.98819
84	165	0.973383
84	169	0.980393
84	170	0.983873
84	171	0.97931
84	173	0.986585
84	175	0.991137
84	176	0.972166
84	179	0.973818
84	180	0.986865
85	24	1.04843
85	77	0.97908
85	89	1.04016
85	93	0.989962
85	103	0.981927
85	113	0.959982
85	121	0.96944
85	132	0.972577
85	142	0.974418
85	143	0.998143
85	158	0.987173
85	161	0.977746
85	167	1.13059
85	168	1.09923
85	169	0.979376
85	173	0.985568
85	175	0.990119
85	176	0.971149
85	177	0.99658
85	179	0.972801
85	180	0.985848
86	31	0.91494
86	33	1.27795
86	76	1.0301
86	88	0.984925
86	95	1.03311
86	98	1.03886
86	106	1.02537
86	114	0.846694
86	117	1.04399
86	120	1.01191
86	129	1.03444
86	133	0.957805
86	139	1.03847
86	141	1.01473
86	143	0.866888
86	147	1.03055
86	148	1.04231
86	149	1.03055
86	151	1.02286
86	152	1.0178
86	177	0.863709
86	178	0.880928
87	54	1.0594
87	60	1.1132
87	61	1.1258
87	66	1.01425
87	82	0.939996
87	84	0.944275
87	96	0.966458
87	113	0.93892
87	143	0.97708
87	145	1.06264
87	157	0.975283
87	162	0.959066
87	163	1.12545
87	165	0.951303
87	166	1.10942
87	170	0.961793
87	171	0.957231
87	172	0.953245
87	175	0.969057
87	177	0.975517
87	179	0.951738
87	180	0.964786
88	24	0.970297
88	28	0.968228
88	76	0.959861
88	83	1.13332
88	86	0.984925
88	95	0.962868
88	96	1.1013
88	98	0.968616
88	109	0.97975
88	113	1.1688
88	117	0.973747
88	120	0.941669
88	129	0.964199
88	139	0.968231
88	141	0.944489
88	147	0.960311
88	148	0.972071
88	149	0.960311
88	151	0.952616
88	152	0.947562
88	163	1.08569
88	178	1.13373
89	26	0.913706
89	85	1.04016
89	111	1.00974
89	119	0.899176
89	124	1.04481
89	126	1.04562
89	127	1.00127
89	144	0.930652
89	145	1.03362
89	154	1.04869
89	155	1.01068
89	156	1.03563
89	159	1.02985
89	160	1.0381
89	163	1.01679
89	164	1.01618
89	166	1.01691
89	167	1.02532
89	168	1.02679
89	171	0.933779
89	174	0.925814
89	179	0.965647
90	32	0.896678
90	62	1.06227
90	73	0.816316
90	94	0.869018
90	113	1.0272
90	130	1.05571
90	133	1.03633
90	136	1.05545
90	139	1.06027
90	147	1.05235
90	148	1.06411
90	149	1.05235
90	150	1.05556
90	153	1.04535
90	154	0.859985
90	163	0.920649
90	168	0.86848
90	170	1.05008
90	174	1.0538
90	176	1.03837
90	180	1.05307
91	5	1.06568
91	14	0.829045
91	18	1.02487
91	22	1.04115
91	29	1.0369
91	33	1.27315
91	35	0.89041
91	53	1.03713
91	64	0.990591
91	71	1.04366
91	130	1.02952
91	134	0.973282
91	136	1.02926
91	141	0.870275
91	146	1.01995
91	150	1.02937
91	153	1.01916
91	172	0.974917
91	174	1.02761
91	176	0.910427
91	177	0.858909
91	178	1.03186
92	62	0.929807
92	64	1.16077
92	75	0.965085
92	78	1.05551
92	93	0.985206
92	94	0.981645
92	108	0.968701
92	129	0.972128
92	131	0.955733
92	134	0.915362
92	147	0.96824
92	148	0.979999
92	149	0.96824
92	150	1.07609
92	153	1.08212
92	155	1.10788
92	164	1.11114
92	165	0.955475
92	169	0.962486
92	173	0.968677
92	176	0.954259
92	180	0.968958
93	9	1.06141
93	17	1.02171
93	19	1.02278
93	52	1.06999
93	62	0.984473
93	69	1.04628
93	80	1.01998
93	82	0.983685
93	84	1.00107
93	85	0.989962
93	92	0.985206
93	101	1.01326
93	107	1.06577
93	108	1.02337
93	131	1.0104
93	135	1.04088
93	137	0.844779
93	152	1.01016
93	162	0.906461
93	172	0.965633
93	174	1.02435
93	179	0.91545
94	13	0.934613
94	19	1.01922
94	33	0.923829
94	34	1.01749
94	59	1.01127
94	62	0.980912
94	70	1.04312
94	90	0.869018
94	92	0.981645
94	101	1.0097
94	102	1.08324
94	107	1.06221
94	108	1.01981
94	131	1.00684
94	133	1.05353
94	135	1.03732
94	141	0.970797
94	142	1.02764
94	144	1.0181
94	146	1.01313
94	166	0.912588
94	173	0.991098
94	174	1.02079
95	12	1.14136
95	24	1.01848
95	28	1.01641
95	62	1.01367
95	86	1.03311
95	88	0.962868
95	106	1.00332
95	110	1.0358
95	117	1.02193
95	120	0.989855
95	123	0.957202
95	129	1.01238
95	134	0.955619
95	139	1.01642
95	147	1.0085
95	148	1.02026
95	149	1.0085
95	151	1.0008
95	152	0.995747
95	162	0.959694
95	165	0.956231
95	169	0.951594
95	174	0.92885
96	18	0.919218
96	27	0.919759
96	51	1.09805
96	53	0.941805
96	66	1.05852
96	87	0.966458
96	88	1.1013
96	112	0.987043
96	117	0.920724
96	138	1.00238
96	157	1.01955
96	158	1.01037
96	162	1.00333
96	163	0.99585
96	165	0.995566
96	171	1.00149
96	173	1.00877
96	175	1.01332
96	176	0.994349
96	177	1.01978
96	178	1.01403
96	179	0.996001
96	180	1.00905
97	2	1.202
97	3	0.937389
97	34	0.96664
97	52	0.875571
97	64	0.975789
97	122	1.04651
97	129	1.01525
97	135	0.907611
97	139	1.01928
97	140	0.998064
97	147	1.01136
97	148	1.02312
97	149	1.01136
97	150	1.01457
97	151	1.00366
97	153	1.00436
97	159	0.988316
97	162	1.00636
97	164	1.0006
97	168	0.952454
97	171	1.00452
97	175	1.01635
97	180	1.01208
98	38	1.03896
98	45	0.986201
98	51	0.961922
98	56	0.972935
98	76	1.01379
98	86	1.03886
98	88	0.968616
98	106	1.00906
98	116	0.966477
98	117	1.02768
98	119	0.954926
98	120	0.995602
98	121	0.998554
98	129	1.01813
98	139	1.02216
98	147	1.01424
98	148	1.026
98	149	1.01424
98	152	1.0015
98	169	1.00431
98	171	0.989529
98	172	1.00342
98	174	0.981565
99	50	1.05643
99	110	0.906228
99	134	1.10974
99	137	0.997449
99	140	0.993331
99	142	0.995913
99	143	1.01964
99	146	0.999249
99	149	0.958426
99	152	0.993875
99	154	0.943441
99	158	1.00867
99	166	0.988077
99	167	0.983294
99	171	0.999788
99	172	0.995803
99	173	1.00706
99	174	1.00807
99	175	1.01161
99	176	0.992643
99	177	1.01807
99	179	0.994295
99	180	1.00734
100	52	0.866646
100	109	1.02084
100	111	0.969298
100	115	0.999097
100	124	1.00436
100	127	0.96082
100	128	0.991926
100	137	1.02167
100	140	1.0846
100	145	0.993177
100	154	1.00824
100	155	0.970233
100	156	0.995185
100	159	0.989403
100	160	0.997651
100	163	0.976344
100	164	0.975737
100	166	0.976459
100	167	0.984877
100	168	0.986342
100	171	1.06047
100	173	1.05818
100	177	1.02651
100	179	1.09234
101	13	0.911563
101	17	0.9951
101	19	0.996169
101	33	0.90078
101	34	0.994441
101	35	1.01272
101	46	0.971426
101	59	0.988222
101	70	1.02007
101	80	0.993366
101	93	1.01326
101	94	1.0097
101	107	1.03916
101	125	1.08586
101	131	0.983788
101	135	1.01427
101	138	1.01093
101	141	0.992583
101	144	0.995056
101	146	0.990083
101	152	0.983546
101	161	1.02926
101	176	1.03273
101	179	1.04704
102	29	1.00775
102	39	0.903495
102	49	1.03769
102	81	1.03631
102	84	0.966444
102	94	1.08324
102	103	0.965395
102	114	0.994513
102	117	1.05974
102	119	0.984187
102	120	1.12852
102	123	0.96621
102	138	0.980289
102	139	1.04443
102	142	0.975525
102	158	0.988279
102	162	0.981236
102	165	0.973472
102	171	0.9794
102	173	0.986674
102	175	0.991226
102	177	0.997686
102	179	0.973907
102	180	0.986955
103	19	0.871988
103	85	0.981927
103	102	0.965395
103	115	1.05926
103	118	0.87594
103	124	1.06452
103	126	1.06533
103	128	1.05209
103	145	1.05334
103	152	0.883375
103	154	1.0684
103	155	1.03039
103	156	1.05534
103	159	1.04956
103	160	1.05781
103	161	1.0434
103	162	0.898426
103	163	1.0365
103	164	1.0359
103	166	1.03662
103	167	1.04504
103	168	1.0465
103	173	0.873257
103	178	0.858809
104	26	1.04
104	77	1.01069
104	111	0.97022
104	115	1.00002
104	124	1.00529
104	126	1.00609
104	127	0.961742
104	128	0.992848
104	145	0.994099
104	147	0.954962
104	154	1.00917
104	155	0.971155
104	156	0.996107
104	159	0.990325
104	160	0.998573
104	163	0.977266
104	164	0.976659
104	166	0.977381
104	167	0.985799
104	168	0.987264
104	169	1.07485
104	173	1.05778
104	178	1.04334
104	180	1.02379
105	5	1.0485
105	66	0.905785
105	76	1.00853
105	113	1.02422
105	129	1.01287
105	130	1.01234
105	136	1.01208
105	137	0.967084
105	143	0.975108
105	144	1.00276
105	147	1.00898
105	148	1.02074
105	149	1.00898
105	150	1.01219
105	153	1.00198
105	156	1.01354
105	157	0.983718
105	159	1.00776
105	160	1.01601
105	163	0.994704
105	167	1.00324
105	168	1.0047
105	172	0.998159
105	175	0.983804
105	178	1.01468
105	180	0.969604
106	10	0.939425
106	24	1.01075
106	45	0.972716
106	50	0.925214
106	51	0.948437
106	76	1.00031
106	84	1.15008
106	86	1.02537
106	95	1.00332
106	98	1.00906
106	117	1.0142
106	118	1.03298
106	120	0.982117
106	129	1.00465
106	134	0.947881
106	139	1.00868
106	140	0.987466
106	143	1.00181
106	147	1.00076
106	148	1.01252
106	149	1.00076
106	151	0.993065
106	152	0.98801
106	170	0.984925
106	172	0.989938
106	174	1.02463
106	176	1.05015
107	9	1.0873
107	23	1.04796
107	25	0.859544
107	26	1.04794
107	34	1.04695
107	46	1.02393
107	57	1.06676
107	59	1.04073
107	62	1.01037
107	70	1.07258
107	80	1.04587
107	93	1.06577
107	94	1.06221
107	101	1.03916
107	108	1.04926
107	131	1.03629
107	135	1.06678
107	138	0.893183
107	144	1.04756
107	146	1.04259
107	157	0.875263
107	158	0.89023
107	161	0.911515
107	172	0.979482
107	173	0.895141
107	178	0.880693
107	179	0.929299
108	8	0.931517
108	9	1.0449
108	13	0.921669
108	17	1.00521
108	23	1.00556
108	33	0.910885
108	34	1.00455
108	46	0.981531
108	61	0.993214
108	62	0.967968
108	69	1.02977
108	70	1.03018
108	92	0.968701
108	93	1.02337
108	94	1.01981
108	107	1.04926
108	121	1.03366
108	122	0.935307
108	131	0.993893
108	132	1.03271
108	135	1.02438
108	143	0.97394
108	152	0.993651
108	162	1.0276
108	172	1.08677
108	173	1.00243
108	176	1.02228
109	40	1.01248
109	58	1.02297
109	80	0.846489
109	88	0.97975
109	100	1.02084
109	112	0.983107
109	115	1.04464
109	124	1.04991
109	126	1.05071
109	127	1.00636
109	128	1.03747
109	137	0.900275
109	144	0.93595
109	145	1.03872
109	154	1.05379
109	155	1.01578
109	156	1.04073
109	159	1.03495
109	160	1.04319
109	162	0.961956
109	163	1.02189
109	164	1.02128
109	166	1.022
109	167	1.03042
109	168	1.03188
109	174	0.931113
109	175	0.916995
109	176	0.956638
110	19	1.03312
110	71	1.05075
110	81	0.895691
110	95	1.0358
110	99	0.906228
110	119	0.91254
110	120	1.0146
110	122	0.877731
110	130	1.0366
110	133	1.00728
110	138	0.942895
110	139	1.04116
110	144	0.944016
110	147	1.03324
110	148	1.045
110	149	1.03324
110	150	1.03646
110	153	1.02625
110	155	1.01286
110	159	1.03203
110	160	1.04028
110	164	1.01836
110	166	1.01908
110	167	1.0275
110	168	1.02897
110	169	0.961922
110	174	1.03469
110	176	0.964704
111	67	0.951044
111	74	0.966636
111	89	1.00974
111	100	0.969298
111	104	0.97022
111	124	0.998363
111	126	0.999167
111	127	0.954817
111	128	0.985924
111	133	1.12083
111	145	0.987174
111	152	1.06851
111	154	1.00224
111	155	0.96423
111	156	0.989182
111	159	0.983401
111	160	0.991649
111	163	0.970341
111	164	0.969735
111	165	1.0801
111	166	0.970457
111	167	0.978875
111	168	0.980339
111	170	1.01302
111	172	0.973796
111	173	1.0584
111	176	1.07825
111	177	1.02673
112	13	1.29472
112	22	0.961993
112	27	1.01296
112	38	0.966065
112	71	1.00789
112	96	0.987043
112	109	0.983107
112	117	1.01392
112	118	0.985176
112	120	1.0827
112	123	0.964626
112	138	0.978705
112	142	0.973941
112	152	0.971903
112	157	0.995868
112	158	0.986695
112	161	0.977269
112	162	0.979651
112	165	0.971888
112	168	1.03688
112	169	0.978898
112	171	0.977816
112	175	0.989642
112	176	0.970671
112	177	0.996102
112	178	0.990348
112	179	0.972323
112	180	0.985371
113	30	0.99481
113	71	0.982195
113	85	0.959982
113	87	0.93892
113	88	1.1688
113	90	1.0272
113	105	1.02422
113	114	0.989068
113	115	1.00247
113	134	1.16899
113	142	0.97008
113	143	0.993805
113	147	1.02302
113	153	1.03031
113	157	0.992007
113	158	0.982835
113	160	0.99171
113	162	0.975791
113	165	0.968027
113	170	0.978518
113	172	0.96997
113	173	0.981229
113	174	0.982241
113	176	0.966811
113	177	0.992242
113	178	0.986488
113	179	0.968463
113	180	0.98151
114	41	1.05751
114	49	1.06567
114	62	1.13567
114	63	1.05967
114	86	0.846694
114	102	0.994513
114	113	0.989068
114	116	1.02556
114	118	1.01474
114	133	0.998194
114	135	0.897035
114	138	1.00827
114	142	1.0035
114	143	1.02723
114	147	0.953708
114	149	0.948368
114	156	0.950825
114	159	0.97774
114	160	0.922402
114	162	1.00921
114	169	1.00846
114	170	1.01194
114	171	1.00738
114	173	1.01465
114	175	1.01921
114	176	1.00023
114	177	1.02567
114	179	1.00189
114	180	1.01493
115	20	1.0241
115	48	0.850609
115	81	0.932678
115	100	0.999097
115	103	1.05926
115	104	1.00002
115	109	1.04464
115	113	1.00247
115	118	0.984523
115	124	1.02816
115	126	1.02897
115	127	0.984617
115	128	1.01572
115	138	0.979882
115	143	0.953351
115	145	1.01697
115	154	1.03204
115	155	0.99403
115	156	1.01898
115	159	1.0132
115	160	1.02145
115	162	1.00701
115	163	1.00014
115	164	0.999534
115	166	1.00026
115	167	1.00867
115	168	1.01014
115	169	0.998909
115	176	1.00169
116	9	0.863409
116	20	0.948413
116	21	0.978409
116	30	1.0313
116	74	0.992688
116	75	1.01413
116	84	0.997492
116	98	0.966477
116	114	1.02556
116	122	1.05243
116	123	0.997258
116	133	1.00126
116	138	1.01134
116	147	0.981628
116	150	0.982897
116	156	0.978744
116	157	1.0285
116	162	1.01228
116	167	1.00116
116	169	1.01153
116	170	1.01501
116	171	1.01045
116	172	1.00646
116	173	1.01772
116	174	1.01873
116	175	1.02227
116	176	1.0033
116	179	1.00496
116	180	1.018
117	11	1.0628
117	28	1.02729
117	35	0.967437
117	45	0.991332
117	50	0.862517
117	51	0.967053
117	76	1.01893
117	86	1.04399
117	88	0.973747
117	95	1.02193
117	96	0.920724
117	98	1.02768
117	102	1.05974
117	106	1.0142
117	112	1.01392
117	120	1.00073
117	129	1.02326
117	132	0.997879
117	139	1.0273
117	140	1.00608
117	141	1.00355
117	143	0.939114
117	147	1.01938
117	148	1.03114
117	149	1.01938
117	151	1.01168
117	161	0.983977
117	172	1.00855
117	174	0.961928
118	36	1.06527
118	69	0.958433
118	72	0.955904
118	83	0.978186
118	103	0.87594
118	106	1.03298
118	112	0.985176
118	114	1.01474
118	115	0.984523
118	119	1.00441
118	120	1.03907
118	133	0.990442
118	138	1.00052
118	142	0.995751
118	143	1.01948
118	156	1.00219
118	157	1.01768
118	162	1.00146
118	164	1.04139
118	165	0.993698
118	168	0.993243
118	169	1.00071
118	171	0.999626
118	173	1.0069
118	175	1.01145
118	176	0.992482
118	177	1.01791
118	178	1.01216
118	179	0.994134
118	180	1.00718
119	3	1.18776
119	38	0.985303
119	46	1.03198
119	66	1.05408
119	67	1.0746
119	83	0.975614
119	89	0.899176
119	98	0.954926
119	102	0.984187
119	110	0.91254
119	118	1.00441
119	129	0.979546
119	132	0.991337
119	133	0.987869
119	137	0.994715
119	149	0.964737
119	157	1.01511
119	158	1.00593
119	162	0.998889
119	165	0.991126
119	167	0.989606
119	169	0.998136
119	170	1.00162
119	171	0.997054
119	173	1.00433
119	175	1.00888
119	176	0.989909
119	177	1.01534
119	179	0.991561
119	180	1.00461
120	11	1.03072
120	24	0.997283
120	28	0.995214
120	45	0.959254
120	49	0.916034
120	51	0.934975
120	76	0.986847
120	86	1.01191
120	88	0.941669
120	95	0.989855
120	98	0.995602
120	102	1.12852
120	106	0.982117
120	110	1.0146
120	112	1.0827
120	117	1.00073
120	118	1.03907
120	121	0.971607
120	129	0.991185
120	139	0.995217
120	141	0.971475
120	147	0.987297
120	148	0.999057
120	149	0.987297
120	151	0.979602
120	172	0.976475
120	174	1.03071
120	175	1.01659
120	178	1.02194
120	179	1.07054
120	180	1.00239
121	16	1.22182
121	23	0.998034
121	69	0.986984
121	70	0.955896
121	73	0.96963
121	85	0.96944
121	98	0.998554
121	108	1.03366
121	120	0.971607
121	130	1.02587
121	139	0.998169
121	142	0.979537
121	146	1.06911
121	147	0.990249
121	148	1.00201
121	149	0.990249
121	150	1.03489
121	158	0.992292
121	159	0.989032
121	160	0.99728
121	163	0.975973
121	164	0.975366
121	165	0.977485
121	166	0.976088
121	167	0.984507
121	168	0.985971
121	171	0.983412
121	172	0.979427
121	173	0.990687
121	177	1.0017
121	180	0.990967
122	8	0.966204
122	23	0.899678
122	25	1.05
122	31	1.04201
122	36	0.99547
122	55	0.946459
122	72	0.990529
122	79	1.03365
122	82	1.01702
122	97	1.04651
122	108	0.935307
122	110	0.877731
122	116	1.05243
122	124	0.91876
122	137	1.03191
122	138	1.03514
122	147	0.935269
122	148	0.898224
122	149	0.929929
122	157	1.0523
122	162	1.03609
122	167	0.954797
122	169	1.03533
122	170	1.03881
122	171	1.03425
122	173	1.04153
122	175	1.04608
122	176	1.02711
122	177	1.05254
122	179	1.02876
122	180	1.04181
123	16	1.21326
123	30	0.999932
123	49	1.03737
123	50	1.03572
123	52	0.936354
123	64	1.11101
123	82	0.961842
123	95	0.957202
123	102	0.96621
123	112	0.964626
123	116	0.997258
123	129	1.03454
123	132	0.973359
123	139	0.974974
123	143	0.998926
123	151	0.978218
123	156	1.02218
123	158	0.987956
123	159	1.0491
123	160	0.993761
123	161	0.978529
123	162	0.980912
123	165	0.973148
123	169	0.980159
123	171	0.979076
123	173	0.986351
123	175	0.990902
123	176	0.971932
123	177	0.997363
123	179	0.973584
123	180	0.986631
124	48	0.854651
124	67	0.986111
124	89	1.04481
124	100	1.00436
124	103	1.06452
124	104	1.00529
124	109	1.04991
124	111	0.998363
124	115	1.02816
124	122	0.91876
124	126	1.03423
124	127	0.989884
124	128	1.02099
124	140	1.0123
124	142	1.02242
124	145	1.02224
124	146	0.918543
124	151	0.977593
124	154	1.03731
124	155	0.999297
124	156	1.02425
124	158	0.98097
124	159	1.01847
124	160	1.02672
124	163	1.00541
124	164	1.0048
124	166	1.00552
124	167	1.01394
124	168	1.01541
124	171	0.988171
124	175	0.966089
124	178	0.971434
125	5	0.987179
125	6	1.25064
125	17	1.01234
125	24	1.01274
125	27	1.03961
125	42	0.961987
125	44	0.946359
125	73	0.991276
125	74	0.966934
125	78	0.966934
125	101	1.08586
125	131	1.14375
125	138	0.973584
125	139	1.02527
125	146	0.973319
125	148	1.03832
125	154	0.997155
125	159	0.978315
125	160	0.986562
125	162	0.974531
125	163	0.965255
125	164	0.964649
125	165	0.966767
125	166	0.965371
125	167	0.973789
125	168	0.975253
125	170	0.977258
125	171	0.972695
125	176	0.96555
125	177	0.990981
125	178	0.985228
125	180	0.98025
126	65	0.988274
126	67	0.986916
126	89	1.04562
126	103	1.06533
126	104	1.00609
126	109	1.05071
126	111	0.999167
126	115	1.02897
126	124	1.03423
126	127	0.990689
126	128	1.02179
126	130	0.861868
126	140	0.998868
126	145	1.02305
126	154	1.03811
126	155	1.0001
126	156	1.02505
126	157	0.95257
126	159	1.01927
126	160	1.02752
126	162	0.997617
126	163	1.00621
126	164	1.00561
126	166	1.00633
126	167	1.01475
126	168	1.01621
126	169	0.989518
126	170	0.927074
126	171	0.974738
126	174	0.966774
126	175	0.952656
126	176	0.992299
127	48	0.977569
127	65	0.943924
127	75	0.967466
127	79	1.06586
127	83	1.09394
127	89	1.00127
127	100	0.96082
127	104	0.961742
127	109	1.00636
127	111	0.954817
127	115	0.984617
127	124	0.989884
127	126	0.990689
127	128	0.977445
127	145	0.978696
127	151	1.10051
127	154	0.993763
127	155	0.955752
127	156	0.980704
127	159	0.974923
127	160	0.98317
127	161	0.968755
127	163	0.961863
127	164	0.961256
127	165	1.13051
127	166	0.961978
127	167	0.970397
127	168	0.971861
127	172	0.965317
127	173	1.1088
127	175	1.08901
127	180	1.07481
128	26	0.991646
128	36	0.983709
128	37	0.987133
128	50	0.904343
128	100	0.991926
128	103	1.05209
128	104	0.992848
128	109	1.03747
128	111	0.985924
128	115	1.01572
128	124	1.02099
128	126	1.02179
128	127	0.977445
128	145	1.0098
128	154	1.02487
128	155	0.986858
128	156	1.01181
128	157	0.98955
128	159	1.00603
128	160	1.01428
128	162	1.0346
128	163	0.992969
128	164	0.992363
128	166	0.993085
128	167	1.0015
128	168	1.00297
128	170	0.964054
128	172	0.996424
128	174	1.00375
128	176	1.02928
128	177	0.977761
128	179	1.04359
128	180	0.975436
129	11	1.05325
129	24	1.01981
129	28	1.01774
129	45	0.981785
129	51	0.957505
129	63	0.87881
129	76	1.00938
129	77	0.964769
129	86	1.03444
129	88	0.964199
129	92	0.972128
129	95	1.01238
129	97	1.01525
129	98	1.01813
129	105	1.01287
129	106	1.00465
129	117	1.02326
129	119	0.979546
129	120	0.991185
129	123	1.03454
129	134	0.956949
129	139	1.01775
129	142	1.0484
129	147	1.00983
129	148	1.02159
129	149	1.00983
129	152	0.997078
129	161	1.02823
129	167	0.928567
129	172	0.999006
129	174	1.00618
129	175	0.992067
129	179	1.04602
130	1	0.94871
130	3	0.935329
130	4	1.04779
130	6	0.940707
130	18	1.00801
130	22	1.02428
130	29	1.02004
130	41	0.981806
130	53	1.02027
130	55	1.03897
130	64	0.973729
130	71	1.0268
130	90	1.05571
130	91	1.02952
130	105	1.01234
130	110	1.0366
130	121	1.02587
130	126	0.861868
130	133	1.05706
130	134	0.95642
130	136	1.0124
130	141	0.97433
130	146	1.00309
130	150	1.01251
130	153	1.0023
130	161	1.00191
130	170	0.949256
130	172	1.07897
130	174	1.01075
130	176	1.01448
130	177	0.962964
130	179	1.02879
130	180	0.960639
131	7	0.964883
131	8	0.918548
131	9	1.03193
131	15	0.683207
131	17	0.992237
131	23	0.992592
131	33	0.897917
131	46	0.968563
131	48	1.03949
131	52	1.04051
131	59	0.985359
131	62	0.955
131	69	1.0168
131	70	1.01721
131	77	1.02369
131	80	0.990503
131	92	0.955733
131	93	1.0104
131	94	1.00684
131	101	0.983788
131	107	1.03629
131	108	0.993893
131	125	1.14375
131	135	1.01141
131	144	0.992193
131	145	0.945484
131	146	0.98722
131	152	0.980683
131	158	1.06587
131	162	1.09595
131	165	1.09249
131	172	1.15512
131	174	0.994881
131	180	1.03679
132	20	0.999452
132	21	1.02945
132	25	1.00229
132	58	1.03055
132	63	1.03885
132	68	0.960216
132	75	0.990232
132	77	0.987336
132	80	1.04519
132	85	0.972577
132	108	1.03271
132	117	0.997879
132	119	0.991337
132	123	0.973359
132	133	0.977365
132	137	0.984211
132	138	0.987438
132	142	0.982674
132	143	1.0064
132	154	1.01234
132	155	1.06572
132	157	1.0046
132	162	0.988385
132	165	0.980621
132	168	1.02084
132	169	0.987632
132	170	0.991112
132	171	0.986549
132	173	0.993824
132	174	0.994835
132	175	0.998375
132	177	1.00484
132	179	0.981057
132	180	0.994104
133	4	0.926212
133	9	0.9466
133	17	1.00179
133	25	0.998826
133	31	0.990837
133	44	1.0825
133	49	1.04137
133	72	0.939359
133	75	0.986764
133	86	0.957805
133	90	1.03633
133	94	1.05353
133	110	1.00728
133	111	1.12083
133	114	0.998194
133	116	1.00126
133	118	0.990442
133	119	0.987869
133	130	1.05706
