1	17	0.901771
1	19	0.913948
1	60	0.887068
1	61	0.972611
1	71	0.884082
1	77	0.863485
1	81	0.863922
1	87	0.914284
1	166	1.44248
1	172	1.43315
1	175	2.03742
1	178	1.69407
2	13	0.841675
2	18	0.811814
2	24	0.810631
2	27	0.818794
2	33	0.694379
2	50	0.851002
2	109	2.34469
2	111	0.804731
2	113	0.847253
2	120	1.86732
2	131	0.732065
2	149	1.88125
3	4	0.826208
3	15	0.797998
3	20	0.77717
3	23	0.775281
3	46	0.825977
3	53	0.793677
3	96	0.823139
3	97	0.822322
3	166	2.27424
3	169	1.40042
3	174	2.45246
3	176	0.764658
4	3	0.826208
4	20	0.901715
4	23	0.899826
4	42	0.840233
4	83	1.33983
4	96	0.947684
4	97	0.946866
4	101	0.938707
4	105	1.14714
4	139	2.58211
4	155	1.3856
4	176	0.889203
5	31	1.27947
5	47	0.855655
5	54	0.925959
5	66	0.900409
5	67	0.895116
5	72	0.866367
5	80	1.51223
5	85	0.925523
5	93	0.896736
5	103	0.943147
5	135	1.64277
5	169	1.96182
6	54	0.822809
6	66	0.797259
6	67	0.791966
6	69	0.796502
6	72	0.763217
6	75	0.767562
6	85	0.822373
6	93	0.793586
6	103	0.839997
6	130	0.997347
6	165	2.47452
6	178	2.64284
7	12	1.2154
7	49	0.830998
7	72	0.919223
7	75	0.923567
7	82	0.881051
7	93	0.949592
7	103	0.996002
7	127	0.324461
7	156	0.947126
7	175	0.813522
7	178	0.830804
7	179	0.806616
8	20	0.886525
8	42	0.825043
8	46	0.935332
8	53	0.903032
8	65	1.55106
8	89	0.900597
8	96	0.932494
8	100	1.02832
8	101	0.923517
8	133	1.34924
8	165	2.54804
8	176	0.874013
9	17	0.911234
9	25	0.91586
9	59	0.920181
9	64	0.895911
9	71	0.893545
9	77	0.872948
9	81	0.873385
9	87	0.923748
9	146	1.48401
9	156	1.14527
9	174	2.07308
9	177	1.94932
10	18	0.783421
10	37	0.871468
10	39	1.02922
10	113	0.522065
10	144	1.04916
10	163	0.931683
10	165	0.888085
10	168	0.873624
10	173	0.886242
10	174	0.85593
10	177	0.868938
10	179	0.839853
11	13	0.848653
11	18	0.818792
11	24	0.817608
11	27	0.825772
11	33	0.701356
11	50	0.857979
11	62	0.795879
11	111	0.811709
11	131	0.739042
11	135	1.56719
11	146	2.34921
11	163	2.2128
12	7	1.2154
12	14	0.726346
12	40	0.78317
12	44	0.846985
12	48	0.849764
12	70	0.796249
12	78	0.759608
12	86	0.824434
12	90	0.815116
12	138	0.809499
12	152	2.06438
12	169	2.35535
13	2	0.841675
13	11	0.848653
13	18	0.926784
13	24	0.925601
13	27	0.933764
13	33	0.809349
13	50	0.965972
13	113	0.962222
13	123	1.22214
13	164	1.54434
13	171	1.66871
13	172	2.13381
14	12	0.726346
14	30	0.785185
14	36	0.755319
14	40	0.773073
14	44	0.836888
14	49	0.745118
14	70	0.786152
14	79	1.95745
14	86	0.814337
14	90	0.805019
14	100	2.15294
14	138	0.799402
14	155	2.31119
15	3	0.797998
15	37	0.846155
15	42	0.812024
15	43	0.844705
15	83	1.43563
15	89	0.887578
15	96	0.919475
15	97	0.918657
15	101	0.910498
15	117	1.29257
15	128	1.5815
15	168	2.52768
15	176	0.860993
16	40	0.858917
16	78	0.835355
16	86	0.900181
16	90	0.890863
16	95	1.56981
16	104	0.83806
16	115	0.844031
16	116	0.849896
16	120	1.48379
16	126	0.886896
16	138	0.885246
16	143	1.67142
16	158	2.17343
17	1	0.901771
17	9	0.911234
17	60	0.843425
17	61	0.928968
17	64	0.842805
17	71	0.840439
17	77	0.819842
17	81	0.820279
17	87	0.870641
17	117	1.16523
17	152	1.46746
17	160	1.6844
17	172	2.62292
18	2	0.811814
18	10	0.783421
18	11	0.818792
18	13	0.926784
18	24	0.89574
18	33	0.779488
18	50	0.936111
18	111	0.88984
18	113	0.932361
18	131	0.817174
18	140	1.63497
18	162	2.26346
18	176	1.78337
19	1	0.913948
19	52	1.11879
19	59	0.879251
19	60	0.855602
19	64	0.854982
19	71	0.852616
19	77	0.832019
19	81	0.832456
19	87	0.882819
19	111	0.88262
19	160	1.79025
19	170	2.27796
19	176	1.7475
20	3	0.77717
20	4	0.901715
20	8	0.886525
20	43	0.823877
20	89	0.866749
20	96	0.898646
20	97	0.897829
20	98	1.4831
20	101	0.889669
20	136	1.3106
20	162	1.394
20	176	0.840165
20	180	2.73069
21	45	2.2582
21	63	0.901896
21	106	0.870821
21	118	0.873635
21	140	1.34058
21	145	0.900299
21	147	0.884692
21	153	0.900342
21	157	0.908736
21	160	1.53173
21	162	0.818121
21	164	1.88078
21	180	0.738893
22	31	1.07163
22	92	0.881462
22	94	0.88209
22	104	0.844703
22	109	0.835266
22	112	0.866809
22	115	0.850674
22	116	0.85654
22	121	0.876053
22	126	0.89354
22	143	1.55565
22	162	2.11728
22	163	2.08053
23	3	0.775281
23	4	0.899826
23	43	0.821988
23	46	0.899595
23	89	0.864861
23	96	0.896757
23	97	0.89594
23	101	0.887781
23	132	1.58802
23	155	0.821998
23	161	1.98648
23	176	0.838276
23	179	2.52218
24	2	0.810631
24	11	0.817608
24	13	0.925601
24	18	0.89574
24	27	0.90272
24	33	0.778304
24	50	0.934928
24	113	0.931178
24	131	0.815991
24	135	0.891438
24	159	1.87442
24	172	2.07497
24	177	2.13877
25	9	0.91586
25	59	0.8717
25	60	0.848051
25	61	0.933594
25	64	0.847431
25	71	0.845065
25	73	1.66335
25	77	0.824468
25	81	0.824905
25	87	0.875267
25	136	1.86331
25	141	1.5147
25	163	1.90995
26	104	1.10167
26	113	0.741022
26	118	0.973213
26	134	0.733524
26	142	0.981792
26	155	0.981826
26	160	0.923467
26	170	0.860558
26	172	0.827333
26	173	0.830425
26	175	0.790941
26	178	0.808224
26	179	0.784035
27	2	0.818794
27	11	0.825772
27	13	0.933764
27	24	0.90272
27	33	0.786468
27	50	0.943091
27	62	0.880991
27	95	1.09077
27	111	0.89682
27	131	0.824154
27	160	1.31668
27	164	1.66573
27	175	2.85947
28	39	0.855884
28	56	1.31571
28	68	0.868328
28	79	0.901886
28	110	0.8824
28	112	0.85671
28	115	0.840576
28	116	0.846442
28	121	0.865954
28	126	0.883441
28	149	1.23067
28	170	2.01637
28	173	2.36074
29	109	1.2853
29	119	0.902541
29	134	0.878813
29	145	0.895623
29	148	0.873236
29	150	0.896733
29	154	0.881191
29	157	0.90406
29	162	0.813445
29	163	1.52044
29	173	1.95193
29	174	2.24593
29	180	0.734217
30	14	0.785185
30	32	1.56402
30	48	0.908604
30	49	0.814054
30	52	0.957069
30	70	0.855088
30	78	0.818447
30	86	0.883273
30	90	0.873955
30	95	1.45876
30	138	0.868338
30	163	2.08525
30	169	1.75871
31	5	1.27947
31	22	1.07163
31	55	1.16417
31	101	0.852611
31	165	0.885313
31	168	0.870853
31	169	0.942409
31	174	0.853159
31	175	0.843987
31	177	0.866167
31	178	0.86127
31	179	0.837082
31	180	0.834258
32	30	1.56402
32	94	1.37909
32	134	1.43662
32	139	0.813098
32	161	0.805851
32	165	0.788887
32	170	0.817178
32	173	0.787045
32	174	0.756732
32	175	0.747561
32	177	0.769741
32	178	0.764844
32	179	0.740656
33	2	0.694379
33	11	0.701356
33	13	0.809349
33	18	0.779488
33	24	0.778304
33	27	0.786468
33	50	0.818675
33	62	0.756575
33	109	1.99338
33	111	0.772405
33	113	0.814926
33	131	0.699739
33	156	2.02619
33	174	2.954
34	46	2.63374
34	50	2.05449
34	132	0.739482
34	133	0.775762
34	149	0.783749
34	155	0.805213
34	161	0.672618
34	164	0.702135
34	165	0.655655
34	169	0.71275
34	170	0.683945
34	175	0.614328
34	178	0.631611
34	179	0.607423
35	55	0.867199
35	68	0.843236
35	74	0.82267
35	91	0.848795
35	94	0.8469
35	105	1.07827
35	110	0.857308
35	112	0.831619
35	115	0.815484
35	116	0.82135
35	124	1.41724
35	126	0.858349
35	167	1.98611
35	178	2.8465
36	14	0.755319
36	44	0.875958
36	48	0.878737
36	49	0.784188
36	52	0.927202
36	70	0.825222
36	78	0.788581
36	86	0.853407
36	90	0.844089
36	132	1.70276
36	138	0.838472
36	141	1.27242
36	162	1.70442
36	179	2.63693
37	10	0.871468
37	15	0.846155
37	42	0.763845
37	43	0.796527
37	46	0.874134
37	53	0.841834
37	89	0.839399
37	96	0.871296
37	97	0.870479
37	101	0.862319
37	140	1.72302
37	141	1.91951
37	162	2.35151
37	176	0.812815
38	51	1.50711
38	62	0.920043
38	100	0.889803
38	118	1.81222
38	133	0.861644
38	158	0.792535
38	167	0.771433
38	169	0.798632
38	172	0.736602
38	174	0.709382
38	175	0.70021
38	177	0.72239
38	178	0.717493
38	179	0.693305
39	10	1.02922
39	28	0.855884
39	52	1.40046
39	74	0.822619
39	91	0.848743
39	92	0.846221
39	94	0.846849
39	104	0.809462
39	110	0.857257
39	112	0.831567
39	121	0.840811
39	123	0.851261
39	167	2.41097
39	176	2.02917
40	12	0.78317
40	14	0.773073
40	16	0.858917
40	44	0.893712
40	48	0.896492
40	49	0.801942
40	70	0.842976
40	78	0.806335
40	86	0.871161
40	125	1.27997
40	133	1.59418
40	138	0.856226
40	140	1.57071
40	174	2.88792
41	71	1.76019
41	74	1.5693
41	107	1.44832
41	109	0.777329
41	141	0.82296
41	152	0.851731
41	156	0.812054
41	161	0.73674
41	170	0.748067
41	171	0.74569
41	172	0.714842
41	173	0.717934
41	174	0.687621
41	178	0.695733
41	179	0.671544
42	4	0.840233
42	8	0.825043
42	15	0.812024
42	37	0.763845
42	46	0.840002
42	53	0.807703
42	89	0.805268
42	96	0.837164
42	97	0.836347
42	101	0.828188
42	162	1.49441
42	169	1.1311
42	176	0.778683
42	178	2.25651
42	180	2.8311
43	15	0.844705
43	20	0.823877
43	23	0.821988
43	37	0.796527
43	53	0.840384
43	89	0.837949
43	96	0.869846
43	97	0.869029
43	101	0.860869
43	131	1.61828
43	146	1.66902
43	170	1.61973
43	176	0.811365
43	179	2.50186
44	12	0.846985
44	14	0.836888
44	36	0.875958
44	40	0.893712
44	45	1.59411
44	49	0.865757
44	52	1.00877
44	70	0.906791
44	78	0.87015
44	86	0.934976
44	90	0.925658
44	170	1.35535
44	172	1.80615
44	173	1.69971
44	177	1.86995
45	21	2.2582
45	44	1.59411
45	86	1.67349
45	141	0.84951
45	167	0.776223
45	168	0.731866
45	169	0.803422
45	171	0.77224
45	172	0.741392
45	173	0.744484
45	174	0.714172
45	175	0.705
45	177	0.72718
45	178	0.722283
45	179	0.698095
46	3	0.825977
46	8	0.935332
46	23	0.899595
46	34	2.63374
46	37	0.874134
46	42	0.840002
46	53	0.917991
46	89	0.915556
46	95	1.05764
46	97	0.946636
46	101	0.938476
46	140	1.0924
46	141	1.28888
46	164	1.6326
46	176	0.888972
47	5	0.855655
47	54	0.83183
47	66	0.80628
47	67	0.800987
47	69	0.805524
47	72	0.772238
47	75	0.776583
47	85	0.831395
47	93	0.802608
47	103	0.849018
47	113	0.864663
47	144	1.3581
47	155	1.37797
47	162	2.14565
47	174	2.83438
48	12	0.849764
48	30	0.908604
48	36	0.878737
48	40	0.896492
48	49	0.868536
48	70	0.90957
48	78	0.87293
48	86	0.937756
48	88	1.34301
48	90	0.928437
48	129	1.02773
48	138	0.92282
48	141	1.51259
48	155	1.17692
48	175	3.05005
49	7	0.830998
49	14	0.745118
49	30	0.814054
49	36	0.784188
49	40	0.801942
49	44	0.865757
49	48	0.868536
49	70	0.815021
49	78	0.77838
49	86	0.843206
49	90	0.833888
49	105	1.32812
49	138	0.828271
49	176	1.85417
49	179	3.26675
50	2	0.851002
50	11	0.857979
50	13	0.965972
50	18	0.936111
50	24	0.934928
50	27	0.943091
50	33	0.818675
50	34	2.05449
50	62	0.913198
50	111	0.929028
50	131	0.856362
50	132	1.13997
50	146	1.24129
50	156	0.902556
50	180	2.47832
51	38	1.50711
51	114	0.835527
51	118	0.817447
51	127	0.843786
51	131	1.9781
51	141	0.836945
51	145	0.844111
51	148	0.821725
51	150	0.845221
51	153	0.844154
51	157	0.852548
51	158	1.86956
51	162	0.761934
51	171	1.96526
51	180	0.682705
52	19	1.11879
52	30	0.957069
52	36	0.927202
52	39	1.40046
52	44	1.00877
52	61	0.784482
52	78	0.921395
52	90	0.976902
52	119	0.680348
52	150	0.707049
52	164	0.90359
52	168	0.842648
52	174	0.824954
52	175	0.815783
52	179	0.808877
53	3	0.793677
53	8	0.903032
53	37	0.841834
53	42	0.807703
53	43	0.840384
53	46	0.917991
53	89	0.883256
53	96	0.915153
53	97	0.914336
53	101	0.906177
53	123	1.58172
53	133	1.38719
53	136	1.90881
53	139	2.42104
53	155	1.22453
53	176	0.856672
54	5	0.925959
54	6	0.822809
54	47	0.83183
54	66	0.876585
54	67	0.871292
54	69	0.875828
54	72	0.842543
54	75	0.846888
54	85	0.901699
54	93	0.872912
54	103	0.919323
54	135	0.616484
54	166	1.80935
54	173	1.69358
54	177	1.86382
54	180	2.63553
55	31	1.16417
55	35	0.867199
55	68	0.879591
55	74	0.859026
55	88	1.60823
55	91	0.88515
55	92	0.882627
55	94	0.883255
55	112	0.867974
55	115	0.851839
55	116	0.857705
55	121	0.877218
55	126	0.894705
55	130	1.32643
55	158	2.1502
55	169	1.84652
56	28	1.31571
56	90	1.58095
56	110	1.2569
56	122	0.970147
56	139	0.818132
56	159	0.827497
56	163	0.837521
56	164	0.840403
56	166	0.796856
56	168	0.779461
56	169	0.851018
56	172	0.788988
56	175	0.752596
56	177	0.774775
56	178	0.769878
56	179	0.74569
57	64	0.744804
57	90	1.13635
57	106	1.14864
57	107	0.612356
57	142	0.981154
57	152	0.963584
57	154	0.711325
57	155	0.981187
57	166	0.834563
57	167	0.861525
57	168	0.817168
57	173	0.829787
57	174	0.799474
57	176	0.918355
57	177	0.812482
57	179	0.783397
58	79	1.74147
58	107	0.858695
58	127	0.826327
58	137	2.07844
58	139	0.740512
58	145	0.826652
58	147	0.811045
58	148	0.804266
58	149	2.12756
58	150	0.827762
58	153	0.826695
58	154	0.81222
58	155	2.09521
58	157	0.835089
58	162	0.744474
58	180	0.665246
59	9	0.920181
59	19	0.879251
59	25	0.8717
59	60	0.852372
59	61	0.937915
59	64	0.851751
59	71	0.849386
59	77	0.828788
59	81	0.829225
59	87	0.879588
59	111	0.879389
59	139	1.90514
59	146	1.57597
59	159	1.77693
59	169	1.11301
59	178	2.23841
60	1	0.887068
60	17	0.843425
60	19	0.855602
60	25	0.848051
60	59	0.852372
60	61	0.914266
60	64	0.828102
60	71	0.825737
60	77	0.805139
60	81	0.805576
60	87	0.855939
60	111	0.85574
60	128	1.57105
60	135	1.55627
60	142	1.64621
60	149	1.50329
60	161	2.63542
61	1	0.972611
61	17	0.928968
61	25	0.933594
61	52	0.784482
61	59	0.937915
61	60	0.914266
61	64	0.913645
61	71	0.91128
61	77	0.890682
61	81	0.891119
61	87	0.941482
61	111	0.941283
61	130	1.00989
61	139	2.32211
61	142	1.30086
61	149	1.15794
61	172	2.39445
62	11	0.795879
62	27	0.880991
62	33	0.756575
62	38	0.920043
62	50	0.913198
62	66	0.851066
62	69	0.85031
62	75	0.821369
62	85	0.876181
62	93	0.847394
62	103	0.893804
62	113	0.909449
62	131	0.794261
62	164	1.25383
62	166	1.85263
62	175	2.44757
62	178	2.10422
63	21	0.901896
63	106	0.847022
63	118	0.849835
63	122	0.864231
63	133	1.41948
63	134	0.859689
63	140	1.39601
63	144	1.23696
63	148	0.854113
63	150	0.877609
63	153	0.876542
63	154	0.862067
63	157	0.884936
63	162	0.794322
63	168	2.30311
63	177	2.58948
63	180	0.715094
64	9	0.895911
64	17	0.842805
64	19	0.854982
64	25	0.847431
64	57	0.744804
64	59	0.851751
64	60	0.828102
64	61	0.913645
64	71	0.825116
64	77	0.804519
64	81	0.804956
64	87	0.855318
64	111	0.855119
64	143	1.27806
64	149	1.10436
64	178	2.6018
64	179	2.7722
65	8	1.55106
65	103	1.23929
65	107	1.30405
65	136	0.854246
65	140	0.927361
65	150	1.41265
65	163	0.816084
65	168	0.758025
65	170	0.800776
65	171	0.798399
65	172	0.767551
65	173	0.770643
65	174	0.740331
65	175	0.731159
65	177	0.753339
65	178	0.748442
65	179	0.724254
66	5	0.900409
66	6	0.797259
66	47	0.80628
66	54	0.876585
66	62	0.851066
66	67	0.845742
66	69	0.850278
66	72	0.816993
66	75	0.821338
66	85	0.876149
66	93	0.847362
66	103	0.893773
66	120	0.972371
66	158	1.66201
66	170	1.772
66	172	2.22281
66	174	2.41036
67	5	0.895116
67	6	0.791966
67	47	0.800987
67	54	0.871292
67	66	0.845742
67	69	0.844985
67	72	0.8117
67	75	0.816045
67	85	0.870856
67	93	0.842069
67	103	0.88848
67	113	0.904124
67	120	1.46683
67	129	1.29923
67	144	1.42854
67	159	2.51672
67	171	2.25217
68	28	0.868328
68	35	0.843236
68	55	0.879591
68	74	0.835063
68	104	0.821906
68	109	0.812468
68	110	0.869701
68	112	0.844011
68	115	0.827876
68	120	1.03589
68	121	0.853255
68	126	0.870742
68	138	0.869091
68	160	1.34781
68	167	1.68686
68	173	2.17988
68	179	2.71765
69	6	0.796502
69	47	0.805524
69	54	0.875828
69	62	0.85031
69	66	0.850278
69	67	0.844985
69	72	0.816236
69	75	0.820581
69	85	0.875392
69	88	1.37857
69	93	0.846605
69	100	1.05423
69	103	0.893016
69	113	0.90866
69	144	1.19261
69	162	1.98016
69	180	3.31685
70	12	0.796249
70	14	0.786152
70	30	0.855088
70	36	0.825222
70	40	0.842976
70	44	0.906791
70	48	0.90957
70	49	0.815021
70	78	0.819414
70	86	0.88424
70	90	0.874922
70	138	0.869305
70	142	1.45798
70	156	1.81132
70	160	1.61306
70	172	2.55157
70	176	1.57031
71	1	0.884082
71	9	0.893545
71	17	0.840439
71	19	0.852616
71	25	0.845065
71	41	1.76019
71	59	0.849386
71	60	0.825737
71	61	0.91128
71	64	0.825116
71	77	0.802153
71	81	0.80259
71	87	0.852953
71	125	1.0999
71	131	2.06804
71	167	1.92083
71	169	1.65582
72	5	0.866367
72	6	0.763217
72	7	0.919223
72	47	0.772238
72	54	0.842543
72	66	0.816993
72	67	0.8117
72	69	0.816236
72	75	0.787296
72	85	0.842107
72	93	0.81332
72	103	0.859731
72	113	0.875375
72	117	1.27598
72	164	2.1442
72	169	1.86919
72	170	2.28286
72	176	1.7524
73	25	1.66335
73	93	1.2297
73	112	1.2884
73	130	0.957904
73	131	0.775969
73	134	1.71125
73	144	0.895428
73	152	0.866312
73	161	0.751321
73	164	0.780838
73	169	0.791453
73	172	0.729423
73	173	0.732515
73	174	0.702203
73	175	0.693031
73	177	0.715211
73	178	0.710314
73	179	0.686126
74	35	0.82267
74	39	0.822619
74	41	1.5693
74	55	0.859026
74	68	0.835063
74	91	0.840621
74	92	0.838099
74	94	0.838727
74	104	0.80134
74	108	1.28727
74	109	0.791902
74	110	0.849135
74	116	0.813176
74	121	0.832689
74	124	1.16107
74	126	0.850176
74	164	1.73995
74	180	3.16493
75	6	0.767562
75	7	0.923567
75	47	0.776583
75	54	0.846888
75	62	0.821369
75	66	0.821338
75	67	0.816045
75	69	0.820581
75	72	0.787296
75	85	0.846452
75	93	0.817665
75	103	0.864076
75	113	0.87972
75	125	1.33006
75	133	1.64426
75	149	1.51394
75	162	2.24928
75	168	2.52788
76	80	1.0729
76	82	0.886976
76	102	0.894099
76	106	0.896497
76	122	0.913707
76	145	0.925975
76	147	0.910368
76	148	0.903589
76	150	0.927085
76	153	0.926018
76	154	0.911543
76	156	1.64671
76	157	0.934412
76	159	2.18642
76	169	1.52249
76	171	1.92186
76	176	1.4057
76	180	0.764569
77	1	0.863485
77	9	0.872948
77	17	0.819842
77	19	0.832019
77	25	0.824468
77	59	0.828788
77	60	0.805139
77	61	0.890682
77	64	0.804519
77	71	0.802153
77	81	0.781993
77	87	0.832356
77	111	0.832157
77	146	1.9171
77	155	1.04976
77	170	1.86781
77	173	2.21218
77	177	2.38242
78	12	0.759608
78	16	0.835355
78	30	0.818447
78	36	0.788581
78	40	0.806335
78	44	0.87015
78	48	0.87293
78	49	0.77838
78	52	0.921395
78	70	0.819414
78	86	0.847599
78	90	0.838281
78	130	1.39628
78	138	0.832664
78	143	1.71803
78	160	1.84233
78	164	2.19138
78	167	2.18138
79	14	1.95745
79	28	0.901886
79	58	1.74147
79	89	0.588931
79	104	0.855464
79	112	0.87757
79	115	0.861435
79	121	0.886814
79	126	0.9043
79	148	0.928447
79	151	0.841756
79	157	0.678076
79	163	0.832072
79	170	0.816765
79	177	0.769327
79	178	0.76443
79	179	0.740242
79	180	0.737418
80	5	1.51223
80	76	1.0729
80	101	1.08537
80	117	0.975901
80	129	0.963395
80	148	1.23697
80	154	0.993324
80	166	0.804855
80	169	0.859017
80	170	0.830212
80	171	0.827835
80	172	0.796987
80	174	0.769767
80	176	0.888647
80	177	0.782775
80	178	0.777878
80	179	0.75369
80	180	0.750866
81	1	0.863922
81	9	0.873385
81	17	0.820279
81	19	0.832456
81	25	0.824905
81	59	0.829225
81	60	0.805576
81	61	0.891119
81	64	0.804956
81	71	0.80259
81	77	0.781993
81	87	0.832792
81	111	0.832593
81	117	1.38571
81	129	1.42535
81	151	2.11804
81	169	1.97891
81	171	2.37829
82	7	0.881051
82	76	0.886976
82	84	0.793465
82	107	0.867946
82	108	1.84334
82	114	0.827319
82	118	0.809239
82	119	0.842822
82	134	0.819094
82	135	1.70195
82	147	0.820296
82	148	0.813517
82	151	2.16013
82	153	0.835947
82	154	0.821471
82	157	0.844341
82	162	0.753726
82	168	2.66291
82	180	0.674498
83	4	1.33983
83	15	1.43563
83	99	0.59842
83	104	1.54931
83	115	1.43442
83	142	0.948628
83	158	0.850101
83	159	0.832677
83	160	0.890303
83	161	0.816066
83	164	0.845583
83	170	0.827394
83	172	0.794168
83	174	0.766948
83	175	0.757776
83	177	0.779956
83	178	0.775059
83	179	0.750871
83	180	0.748047
84	82	0.793465
84	95	0.870809
84	106	0.802986
84	108	1.75008
84	114	0.823879
84	122	0.820195
84	132	0.805941
84	142	1.69863
84	144	1.5035
84	145	0.832463
84	147	0.816856
84	148	0.810077
84	150	0.833573
84	153	0.832506
84	154	0.818031
84	157	0.8409
84	164	2.20276
84	168	2.56965
84	180	0.671058
85	5	0.925523
85	6	0.822373
85	47	0.831395
85	54	0.901699
85	62	0.876181
85	66	0.876149
85	67	0.870856
85	69	0.875392
85	72	0.842107
85	75	0.846452
85	93	0.872476
85	103	0.918887
85	113	0.934531
85	142	1.22358
85	155	1.04832
85	158	1.75637
85	160	1.37866
85	171	1.85207
85	175	2.92145
86	12	0.824434
86	14	0.814337
86	16	0.900181
86	30	0.883273
86	36	0.853407
86	40	0.871161
86	44	0.934976
86	45	1.67349
86	48	0.937756
86	49	0.843206
86	70	0.88424
86	78	0.847599
86	90	0.903107
86	137	0.599902
86	138	0.89749
86	139	1.81319
86	161	1.78116
86	172	1.88554
86	174	2.07309
87	1	0.914284
87	9	0.923748
87	17	0.870641
87	19	0.882819
87	25	0.875267
87	59	0.879588
87	60	0.855939
87	61	0.941482
87	64	0.855318
87	71	0.852953
87	77	0.832356
87	81	0.832792
87	111	0.882956
87	123	1.78387
87	128	1.52678
87	141	1.76235
87	152	1.54008
87	155	1.42667
87	164	2.10606
88	48	1.34301
88	55	1.60823
88	69	1.37857
88	120	0.950451
88	127	1.22613
88	143	0.917361
88	153	1.18145
88	160	0.880543
88	162	0.817516
88	163	0.832942
88	164	0.835824
88	168	0.774883
88	171	0.815257
88	172	0.784409
88	174	0.757189
88	175	0.748017
88	177	0.770197
88	178	0.7653
88	179	0.741112
89	8	0.900597
89	15	0.887578
89	20	0.866749
89	23	0.864861
89	37	0.839399
89	42	0.805268
89	43	0.837949
89	46	0.915556
89	53	0.883256
89	79	0.588931
89	96	0.912718
89	97	0.911901
89	101	0.903742
89	132	1.70869
89	141	1.27835
89	152	1.05607
89	173	2.10509
89	176	0.854237
89	180	3.04704
90	12	0.815116
90	14	0.805019
90	16	0.890863
90	30	0.873955
90	36	0.844089
90	44	0.925658
90	48	0.928437
90	49	0.833888
90	52	0.976902
90	56	1.58095
90	57	1.13635
90	70	0.874922
90	78	0.838281
90	86	0.903107
90	125	1.31202
90	138	0.888171
90	151	2.00706
90	155	1.46356
90	176	1.75115
91	35	0.848795
91	39	0.848743
91	55	0.88515
91	74	0.840621
91	92	0.864223
91	94	0.864851
91	98	1.84162
91	104	0.827464
91	110	0.875259
91	112	0.84957
91	115	0.833435
91	116	0.839301
91	121	0.858814
91	126	0.8763
91	138	0.87465
91	164	1.66423
91	165	2.3463
91	167	1.65423
91	170	1.80288
91	176	1.27243
92	22	0.881462
92	39	0.846221
92	55	0.882627
92	74	0.838099
92	91	0.864223
92	94	0.862328
92	109	0.815504
92	110	0.872737
92	112	0.847047
92	115	0.830912
92	116	0.836778
92	121	0.856291
92	126	0.873778
92	137	0.972021
92	138	0.872127
92	144	0.968933
92	163	1.71973
92	172	2.25765
92	174	2.44521
92	177	2.32146
93	5	0.896736
93	6	0.793586
93	7	0.949592
93	47	0.802608
93	54	0.872912
93	62	0.847394
93	66	0.847362
93	67	0.842069
93	69	0.846605
93	72	0.81332
93	73	1.2297
93	75	0.817665
93	85	0.872476
93	103	0.8901
93	113	0.905744
93	128	0.845489
93	151	1.28889
93	159	1.81369
93	165	2.10684
93	180	2.84975
94	22	0.88209
94	32	1.37909
94	35	0.8469
94	39	0.846849
94	55	0.883255
94	74	0.838727
94	91	0.864851
94	92	0.862328
94	104	0.82557
94	115	0.83154
94	116	0.837406
94	121	0.856919
94	123	0.867369
94	126	0.874406
94	136	1.85367
94	138	0.872755
94	143	1.37544
94	162	1.93707
94	169	1.57377
94	171	1.97315
95	16	1.56981
95	27	1.09077
95	30	1.45876
95	46	1.05764
95	84	0.870809
95	97	1.10798
95	110	1.24395
95	147	0.897641
95	150	0.914358
95	153	0.913291
95	154	0.898816
95	157	0.921685
95	165	0.802898
95	169	0.859993
95	170	0.831189
95	171	0.828811
95	174	0.770743
95	177	0.783751
95	178	0.778854
95	179	0.754666
95	180	0.751842
96	3	0.823139
96	4	0.947684
96	8	0.932494
96	15	0.919475
96	20	0.898646
96	23	0.896757
96	37	0.871296
96	42	0.837164
96	43	0.869846
96	53	0.915153
96	89	0.912718
96	97	0.943798
96	101	0.935638
96	123	1.54755
96	130	1.07464
96	140	1.32955
96	144	1.17049
96	166	2.46855
96	167	1.85975
96	171	1.99411
96	176	0.886134
97	3	0.822322
97	4	0.946866
97	15	0.918657
97	20	0.897829
97	23	0.89594
97	37	0.870479
97	42	0.836347
97	43	0.869029
97	46	0.946636
97	53	0.914336
97	89	0.911901
97	95	1.10798
97	96	0.943798
97	101	0.934821
97	120	1.02196
97	140	1.14273
97	142	1.1788
97	156	1.53214
97	161	2.16802
97	175	2.87667
97	176	0.885317
98	20	1.4831
98	91	1.84162
98	127	1.91682
98	137	0.905748
98	154	1.89532
98	159	0.767073
98	161	0.750462
98	163	0.777097
98	165	0.733498
98	166	0.736432
98	167	0.763394
98	170	0.761789
98	172	0.728564
98	173	0.731656
98	174	0.701343
98	175	0.692172
98	176	0.820224
98	177	0.714351
98	178	0.709455
98	179	0.685266
99	83	0.59842
99	102	0.916966
99	114	0.940258
99	119	0.95576
99	122	0.936574
99	134	0.932032
99	136	1.32847
99	140	0.78338
99	145	0.948842
99	147	0.933235
99	148	0.926455
99	150	0.949952
99	154	0.93441
99	157	0.957279
99	162	0.866664
99	163	1.37511
99	165	2.00565
99	178	2.17397
99	179	2.34437
99	180	0.787436
100	8	1.02832
100	14	2.15294
100	38	0.889803
100	69	1.05423
100	116	1.03925
100	130	1.02602
100	142	0.951994
100	144	0.963539
100	147	0.927907
100	153	0.857104
100	159	0.836043
100	160	0.893669
100	170	0.830759
100	172	0.797534
100	173	0.800626
100	174	0.770314
100	175	0.761142
100	177	0.783322
100	178	0.778425
100	179	0.754237
100	180	0.751413
101	4	0.938707
101	8	0.923517
101	15	0.910498
101	20	0.889669
101	23	0.887781
101	31	0.852611
101	37	0.862319
101	42	0.828188
101	43	0.860869
101	46	0.938476
101	53	0.906177
101	80	1.08537
101	89	0.903742
101	96	0.935638
101	97	0.934821
101	109	1.62637
101	130	1.01487
101	132	1.8966
101	159	2.19889
101	170	1.94863
101	176	0.877157
102	76	0.894099
102	99	0.916966
102	107	0.875069
102	119	0.849944
102	124	1.39529
102	127	0.842702
102	134	0.826217
102	136	1.97905
102	141	0.83586
102	143	1.50082
102	145	0.843026
102	146	2.16211
102	147	0.827419
102	148	0.82064
102	150	0.844136
102	153	0.843069
102	154	0.828594
102	157	0.851464
102	158	2.00283
102	164	1.97416
102	180	0.681621
103	5	0.943147
103	6	0.839997
103	7	0.996002
103	47	0.849018
103	54	0.919323
103	62	0.893804
103	65	1.23929
103	66	0.893773
103	67	0.88848
103	69	0.893016
103	72	0.859731
103	75	0.864076
103	85	0.918887
103	93	0.8901
103	113	0.952155
103	124	0.975323
103	142	1.05007
103	156	1.40341
103	168	1.92109
103	173	2.03722
103	178	2.40459
104	16	0.83806
104	22	0.844703
104	26	1.10167
104	39	0.809462
104	68	0.821906
104	74	0.80134
104	79	0.855464
104	83	1.54931
104	91	0.827464
104	94	0.82557
104	110	0.835978
104	112	0.810288
104	115	0.794153
104	116	0.800019
104	121	0.819532
104	123	0.829982
104	126	0.837019
104	137	1.5783
104	138	0.835369
104	162	2.36276
104	169	1.99945
104	176	1.88267
105	4	1.14714
105	35	1.07827
105	49	1.32812
105	116	0.959051
105	126	0.95525
105	128	0.989271
105	129	1.01144
105	145	0.779822
105	150	0.809713
105	151	0.903249
105	155	0.999525
105	166	0.852901
105	168	0.835506
105	169	0.907062
105	170	0.878258
105	171	0.87588
105	173	0.848124
105	174	0.817812
105	175	0.80864
105	177	0.83082
105	178	0.825923
105	179	0.801735
106	21	0.870821
106	57	1.14864
106	63	0.847022
106	76	0.896497
106	84	0.802986
106	124	1.57636
106	127	0.8451
106	130	1.36014
106	133	1.63851
106	134	0.828615
106	139	0.759285
106	145	0.845425
106	147	0.829817
106	148	0.823038
106	150	0.846535
106	151	2.01935
106	153	0.845468
106	154	0.830992
106	157	0.853862
106	162	0.763247
106	179	3.17603
106	180	0.684019
107	41	1.44832
107	57	0.612356
107	58	0.858695
107	65	1.30405
107	82	0.867946
107	102	0.875069
107	119	0.913863
107	122	0.894677
107	127	0.90662
107	134	0.890135
107	143	1.14561
107	145	0.906945
107	147	0.891338
107	148	0.884559
107	149	0.971913
107	150	0.908055
107	154	0.892513
107	157	0.915382
107	162	0.824768
107	166	2.21776
107	175	2.8127
107	180	0.745539
108	74	1.28727
108	82	1.84334
108	84	1.75008
108	121	1.41285
108	129	0.903014
108	137	0.913791
108	144	0.902612
108	146	0.791959
108	153	1.24207
108	155	0.8911
108	159	0.775116
108	164	0.788022
108	167	0.771438
108	169	0.798637
108	171	0.767455
108	173	0.739699
108	174	0.709387
108	175	0.700215
108	177	0.722395
108	178	0.717498
108	179	0.69331
109	2	2.34469
109	22	0.835266
109	29	1.2853
109	33	1.99338
109	41	0.777329
109	68	0.812468
109	74	0.791902
109	92	0.815504
109	101	1.62637
109	110	0.82654
109	116	0.790582
109	119	1.51725
109	121	0.810094
109	126	0.827581
109	132	0.795582
109	152	0.843709
109	168	0.697294
109	170	0.740045
109	173	0.709912
109	175	0.670428
109	177	0.692608
109	178	0.687711
109	180	0.660699
110	28	0.8824
110	35	0.857308
110	39	0.857257
110	56	1.2569
110	68	0.869701
110	74	0.849135
110	91	0.875259
110	92	0.872737
110	95	1.24395
110	104	0.835978
110	109	0.82654
110	112	0.858083
110	115	0.841948
110	116	0.847814
110	117	0.950685
110	121	0.867327
110	123	0.877777
110	126	0.884814
110	138	0.883164
110	161	2.30399
110	163	1.87044
110	173	2.30193
110	176	1.42711
111	2	0.804731
111	11	0.811709
111	18	0.88984
111	19	0.88262
111	27	0.89682
111	33	0.772405
111	50	0.929028
111	59	0.879389
111	60	0.85574
111	61	0.941283
111	64	0.855119
111	77	0.832157
111	81	0.832593
111	87	0.882956
111	113	0.925278
111	123	0.949774
111	131	0.810091
111	165	1.95405
111	171	1.39634
111	175	2.46571
111	176	0.880175
111	177	1.92524
111	180	2.69695
112	22	0.866809
112	28	0.85671
112	35	0.831619
112	39	0.831567
112	55	0.867974
112	68	0.844011
112	73	1.2884
112	79	0.87757
112	91	0.84957
112	92	0.847047
112	104	0.810288
112	110	0.858083
112	115	0.816259
112	116	0.822125
112	121	0.841638
112	123	0.852087
112	126	0.859124
112	138	0.857474
112	152	0.917487
112	163	1.53501
112	170	1.62213
112	174	2.26049
112	177	2.13674
112	179	2.50427
113	2	0.847253
113	10	0.522065
113	13	0.962222
113	18	0.932361
113	24	0.931178
113	26	0.741022
113	33	0.814926
113	47	0.864663
113	62	0.909449
113	67	0.904124
113	69	0.90866
113	72	0.875375
113	75	0.87972
113	85	0.934531
113	93	0.905744
113	103	0.952155
113	111	0.925278
113	131	0.852612
113	132	2.00044
113	135	1.31975
113	143	1.44047
113	144	1.21456
113	161	2.3989
113	177	2.56708
114	51	0.835527
114	82	0.827319
114	84	0.823879
114	99	0.940258
114	119	0.873236
114	122	0.85405
114	125	1.29592
114	127	0.865993
114	130	1.33175
114	134	0.849508
114	139	0.780178
114	140	1.58665
114	144	1.4276
114	145	0.866318
114	147	0.850711
114	148	0.843932
114	150	0.867428
114	153	0.866361
114	154	0.851886
114	157	0.874755
114	160	1.77781
114	168	2.49375
114	172	2.71632
114	180	0.704912
115	16	0.844031
115	22	0.850674
115	28	0.840576
115	35	0.815484
115	55	0.851839
115	68	0.827876
115	79	0.861435
115	83	1.43442
115	91	0.833435
115	92	0.830912
115	94	0.83154
115	104	0.794153
115	110	0.841948
115	112	0.816259
115	116	0.80599
115	117	1.29136
115	121	0.825503
115	123	0.835952
115	125	1.32865
115	126	0.842989
115	128	1.5803
115	138	0.841339
115	149	1.51254
115	160	1.81053
115	180	3.58456
116	16	0.849896
116	22	0.85654
116	28	0.846442
116	35	0.82135
116	55	0.857705
116	74	0.813176
116	91	0.839301
116	92	0.836778
116	94	0.837406
116	100	1.03925
116	104	0.800019
116	105	0.959051
116	109	0.790582
116	110	0.847814
116	112	0.822125
116	115	0.80599
116	121	0.831369
116	123	0.841818
116	126	0.848855
116	132	1.96352
116	137	1.18072
116	138	0.847205
116	156	1.72611
116	174	2.65391
116	178	2.72728
117	15	1.29257
117	17	1.16523
117	72	1.27598
117	80	0.975901
117	81	1.38571
117	110	0.950685
117	115	1.29136
117	118	0.911867
117	126	1.00487
117	127	0.938206
117	138	0.771076
117	145	0.938531
117	150	0.939641
117	153	0.938574
117	154	0.924099
117	156	0.920459
117	157	0.946969
117	167	0.858078
117	170	0.856472
117	171	0.854095
117	173	0.826339
117	175	0.786855
117	177	0.809034
117	179	0.779949
117	180	0.777126
118	21	0.873635
118	26	0.973213
118	38	1.81222
118	51	0.817447
118	63	0.849835
118	82	0.809239
118	117	0.911867
118	119	0.855156
118	122	0.83597
118	123	1.82381
118	127	0.847913
118	134	0.831428
118	135	1.55194
118	139	0.762098
118	142	1.64188
118	145	0.848238
118	147	0.832631
118	148	0.825852
118	150	0.849348
118	152	1.58002
118	153	0.848281
118	154	0.833806
118	157	0.856675
118	177	2.79927
118	180	0.686832
119	29	0.902541
119	52	0.680348
119	82	0.842822
119	99	0.95576
119	102	0.849944
119	107	0.913863
119	109	1.51725
119	114	0.873236
119	118	0.855156
119	122	0.869552
119	127	0.881495
119	134	0.865011
119	137	1.00469
119	147	0.866213
119	148	0.859434
119	150	0.88293
119	153	0.881863
119	154	0.867388
119	157	0.890257
119	162	0.799643
119	165	2.38293
119	168	2.06775
119	171	1.82522
119	173	2.18388
119	176	1.30906
119	180	0.720415
120	2	1.86732
120	16	1.48379
120	66	0.972371
120	67	1.46683
120	68	1.03589
120	88	0.950451
120	97	1.02196
120	133	0.935417
120	136	0.89707
120	140	0.970185
120	153	1.03377
120	156	0.907587
120	157	1.05023
120	158	0.866308
120	161	0.832273
120	162	0.843482
120	163	0.858908
120	164	0.86179
120	165	0.81531
120	167	0.845206
120	168	0.800849
120	171	0.841223
120	172	0.810375
120	174	0.783155
120	177	0.796163
120	178	0.791266
120	179	0.767078
121	22	0.876053
121	28	0.865954
121	39	0.840811
121	55	0.877218
121	68	0.853255
121	74	0.832689
121	79	0.886814
121	91	0.858814
121	92	0.856291
121	94	0.856919
121	104	0.819532
121	108	1.41285
121	109	0.810094
121	110	0.867327
121	112	0.841638
121	115	0.825503
121	116	0.831369
121	123	0.861331
121	126	0.868368
121	130	1.07042
121	131	2.00274
121	137	1.16936
121	138	0.866718
121	141	1.52181
121	161	2.35061
121	169	1.59051
121	178	2.71592
122	56	0.970147
122	63	0.864231
122	76	0.913707
122	84	0.820195
122	99	0.936574
122	107	0.894677
122	114	0.85405
122	118	0.83597
122	119	0.869552
122	125	0.701218
122	127	0.862309
122	131	1.66936
122	134	0.845824
122	145	0.862634
122	147	0.847027
122	148	0.840248
122	150	0.863744
122	153	0.862677
122	154	0.848202
122	157	0.871071
122	159	1.92107
122	161	2.01724
122	162	0.780457
122	163	1.58369
122	174	2.30917
122	175	2.72589
122	180	0.701228
123	13	1.22214
123	39	0.851261
123	53	1.58172
123	87	1.78387
123	94	0.867369
123	96	1.54755
123	104	0.829982
123	110	0.877777
123	111	0.949774
123	112	0.852087
123	115	0.835952
123	116	0.841818
123	118	1.82381
123	121	0.861331
123	126	0.878818
123	146	0.813408
123	147	1.44335
123	151	0.816273
123	156	0.855269
123	159	0.796566
123	161	0.779955
123	165	0.762991
123	172	0.758057
123	174	0.730836
123	175	0.721665
123	177	0.743844
123	179	0.714759
124	35	1.41724
124	74	1.16107
124	102	1.39529
124	103	0.975323
124	106	1.57636
124	125	1.01894
124	127	1.16055
124	138	1.06042
124	149	0.937706
124	152	0.941567
124	154	1.13905
124	158	0.860611
124	159	0.843187
124	163	0.853211
124	165	0.809612
124	166	0.812546
124	167	0.839508
124	169	0.866707
124	170	0.837903
124	172	0.804677
124	173	0.80777
124	174	0.777457
124	175	0.768286
124	176	0.896338
124	177	0.790465
124	178	0.785568
124	179	0.76138
124	180	0.758556
125	40	1.27997
125	71	1.0999
125	75	1.33006
125	90	1.31202
125	114	1.29592
125	115	1.32865
125	122	0.701218
125	124	1.01894
125	133	0.983633
125	137	1.03577
125	145	0.866733
125	148	1.13065
125	161	0.880489
125	165	0.863525
125	166	0.866459
125	167	0.893422
125	168	0.849065
125	169	0.920621
125	170	0.891816
125	171	0.889439
125	172	0.858591
125	173	0.861683
125	174	0.831371
125	175	0.822199
125	177	0.844379
125	178	0.839482
125	179	0.815294
125	180	0.81247
126	16	0.886896
126	22	0.89354
126	28	0.883441
126	35	0.858349
126	55	0.894705
126	68	0.870742
126	74	0.850176
126	79	0.9043
126	91	0.8763
126	92	0.873778
126	94	0.874406
126	104	0.837019
126	105	0.95525
126	109	0.827581
126	110	0.884814
126	112	0.859124
126	115	0.842989
126	116	0.848855
126	117	1.00487
126	121	0.868368
126	123	0.878818
126	128	1.29381
126	133	1.35636
126	138	0.884205
126	141	1.52938
126	152	1.3071
126	161	2.35818
126	167	1.86309
126	179	2.89388
127	7	0.324461
127	51	0.843786
127	58	0.826327
127	88	1.22613
127	98	1.91682
127	102	0.842702
127	106	0.8451
127	107	0.90662
127	114	0.865993
127	117	0.938206
127	118	0.847913
127	119	0.881495
127	122	0.862309
127	124	1.16055
127	134	0.857768
127	141	0.867411
127	145	0.874577
127	147	0.85897
127	148	0.852191
127	149	1.09238
127	150	0.875687
127	153	0.87462
127	154	0.860145
127	157	0.883015
127	162	0.7924
127	166	2.33823
127	170	1.87808
127	171	1.86379
127	177	2.39269
127	180	0.713172
128	15	1.5815
128	60	1.57105
128	87	1.52678
128	93	0.845489
128	105	0.989271
128	115	1.5803
128	126	1.29381
128	135	0.952516
128	147	1.18627
128	152	0.925461
128	156	0.885784
128	157	1.13193
128	158	0.844505
128	160	0.884706
128	163	0.837105
128	164	0.839987
128	165	0.793506
128	166	0.79644
128	167	0.823403
128	169	0.850602
128	170	0.821797
128	172	0.788572
128	173	0.791664
128	174	0.761351
128	175	0.75218
128	177	0.77436
128	178	0.769463
128	179	0.745275
128	180	0.742451
129	48	1.02773
129	67	1.29923
129	80	0.963395
129	81	1.42535
129	105	1.01144
129	108	0.903014
129	134	1.07774
129	136	0.897435
129	138	0.810722
129	140	0.97055
129	148	1.13301
129	149	0.943769
129	153	0.866174
129	154	0.889355
129	157	0.882634
129	160	0.906875
129	163	0.859274
129	166	0.818609
129	167	0.845571
129	169	0.87277
129	170	0.843966
129	171	0.841588
129	172	0.81074
129	173	0.813833
129	174	0.78352
129	175	0.774349
129	177	0.796528
129	178	0.791631
129	179	0.767443
129	180	0.764619
130	6	0.997347
130	55	1.32643
130	61	1.00989
130	73	0.957904
130	78	1.39628
130	96	1.07464
130	100	1.02602
130	101	1.01487
130	106	1.36014
130	114	1.33175
130	121	1.07042
130	146	0.928166
130	147	0.970447
130	159	0.911323
130	163	0.921347
130	164	0.924229
130	165	0.877748
130	166	0.880682
130	167	0.907645
130	168	0.863288
130	169	0.934844
130	171	0.903662
130	172	0.872814
130	173	0.875906
130	174	0.845593
130	175	0.836422
130	176	0.964474
130	177	0.858602
130	178	0.853705
130	179	0.829517
131	2	0.732065
131	11	0.739042
131	18	0.817174
131	24	0.815991
131	27	0.824154
131	33	0.699739
131	43	1.61828
131	50	0.856362
131	51	1.9781
131	62	0.794261
131	71	2.06804
131	73	0.775969
131	111	0.810091
131	113	0.852612
131	121	2.00274
131	122	1.66936
131	145	1.83487
131	146	0.74623
131	149	0.823907
131	151	0.749095
131	160	0.787013
131	164	0.742294
131	166	0.698747
131	170	0.724104
131	171	0.721727
131	173	0.693971
131	174	0.663658
131	178	0.67177
131	179	0.647581
132	23	1.58802
132	34	0.739482
132	36	1.70276
132	50	1.13997
132	84	0.805941
132	89	1.70869
132	101	1.8966
132	109	0.795582
132	113	2.00044
132	116	1.96352
132	136	0.81979
132	141	0.841213
132	145	0.84838
132	147	0.832772
132	148	0.825993
132	151	0.791311
132	153	0.848423
132	154	0.833947
132	157	0.856817
132	158	0.789028
132	161	0.754993
132	163	0.781628
132	167	0.767926
132	170	0.76632
132	171	0.763943
132	175	0.696703
132	177	0.718883
132	178	0.713986
132	179	0.689798
132	180	0.686974
133	8	1.34924
133	34	0.775762
133	38	0.861644
133	40	1.59418
133	53	1.38719
133	63	1.41948
133	75	1.64426
133	106	1.63851
133	120	0.935417
133	125	0.983633
133	126	1.35636
133	140	0.929184
133	146	0.824726
133	149	0.902403
133	153	1.17802
133	155	0.923867
133	160	0.865509
133	164	0.82079
133	166	0.777243
133	167	0.804205
133	170	0.8026
133	171	0.800222
133	172	0.769374
133	173	0.772467
133	174	0.742154
133	175	0.732983
133	177	0.755162
133	178	0.750265
133	179	0.726077
133	180	0.723253
134	26	0.733524
134	29	0.878813
134	32	1.43662
134	63	0.859689
134	73	1.71125
134	82	0.819094
134	99	0.932032
134	102	0.826217
134	106	0.828615
134	107	0.890135
134	114	0.849508
134	118	0.831428
134	119	0.865011
134	122	0.845824
134	127	0.857768
134	129	1.07774
134	141	0.850926
134	145	0.858093
134	147	0.842485
134	148	0.835706
134	150	0.859202
134	151	1.77043
134	152	1.34033
134	153	0.858136
134	154	0.84366
134	157	0.86653
134	162	0.775915
134	163	1.95785
134	165	2.58839
134	167	1.89632
134	180	0.696687
135	5	1.64277
135	11	1.56719
135	24	0.891438
135	54	0.616484
135	60	1.55627
135	82	1.70195
135	113	1.31975
135	118	1.55194
135	128	0.952516
135	144	0.974281
135	146	0.863628
135	149	0.941305
135	157	1.11714
135	158	0.86421
135	161	0.830175
135	163	0.85681
135	164	0.859692
135	166	0.816145
135	167	0.843108
135	168	0.79875
135	169	0.870307
135	170	0.841502
135	171	0.839125
135	172	0.808277
135	173	0.811369
135	174	0.781056
135	175	0.771885
135	176	0.899937
135	177	0.794064
135	178	0.789168
135	179	0.764979
136	20	1.3106
136	25	1.86331
136	53	1.90881
136	65	0.854246
136	94	1.85367
136	99	1.32847
136	102	1.97905
136	120	0.89707
136	129	0.897435
136	132	0.81979
136	142	0.885488
136	143	0.86398
136	146	0.786379
136	151	0.789244
136	154	1.72282
136	161	0.752926
136	163	0.779561
136	164	0.782443
136	165	0.735962
136	166	0.738896
136	167	0.765859
136	168	0.721501
136	170	0.764253
136	171	0.761876
136	172	0.731028
136	173	0.73412
136	174	0.703807
136	175	0.694636
136	177	0.716816
136	178	0.711919
136	179	0.68773
137	58	2.07844
137	86	0.599902
137	92	0.972021
137	98	0.905748
137	104	1.5783
137	108	0.913791
137	116	1.18072
137	119	1.00469
137	121	1.16936
137	125	1.03577
137	148	1.26541
137	149	0.954545
137	150	1.03139
137	151	0.879733
137	152	0.958406
137	157	1.01504
137	158	0.87745
137	162	0.854624
137	163	0.87005
137	164	0.872932
137	166	0.829385
137	168	0.81199
137	170	0.854742
137	171	0.852365
137	172	0.821517
137	173	0.824609
137	174	0.794296
137	175	0.785125
137	176	0.913177
137	177	0.807304
137	178	0.802408
137	179	0.778219
137	180	0.775396
138	12	0.809499
138	14	0.799402
138	16	0.885246
138	30	0.868338
138	36	0.838472
138	40	0.856226
138	48	0.92282
138	49	0.828271
138	68	0.869091
138	70	0.869305
138	78	0.832664
138	86	0.89749
138	90	0.888171
138	91	0.87465
138	92	0.872127
138	94	0.872755
138	104	0.835369
138	110	0.883164
138	112	0.857474
138	115	0.841339
138	116	0.847205
138	117	0.771076
138	121	0.866718
138	124	1.06042
138	126	0.884205
138	129	0.810722
138	139	2.15642
138	142	1.13517
138	158	1.66796
138	159	2.02821
138	160	1.29025
138	177	2.29256
138	180	3.06428
139	4	2.58211
139	32	0.813098
139	53	2.42104
139	56	0.818132
