1	27	0.962292
1	37	0.817985
1	42	0.921227
1	46	0.917079
1	53	0.888132
1	60	1.00742
1	61	0.959161
1	76	1.07145
1	97	1.17232
1	134	0.944223
1	139	0.977529
1	171	2.44457
2	8	1.09219
2	23	1.05849
2	43	1.0161
2	48	1.1351
2	115	1.03543
2	119	0.758956
2	124	1.07299
2	129	1.01018
2	132	1.14745
2	146	1.32783
2	163	0.945821
2	168	1.90791
3	17	0.531205
3	68	0.565957
3	110	0.810221
3	139	0.323286
3	160	1.10126
3	161	1.0637
3	162	1.10785
3	164	1.05884
3	175	1.00988
3	176	1.06149
3	177	1.00438
3	180	0.974506
4	27	1.07701
4	37	0.932699
4	46	1.03179
4	53	1.00285
4	60	1.12214
4	61	1.07387
4	131	0.746848
4	134	1.05894
4	139	1.09224
4	166	1.59894
4	176	1.09043
4	177	1.71084
5	20	1.00642
5	26	1.13982
5	30	1.08498
5	41	1.07073
5	57	1.02569
5	65	1.07178
5	68	1.0718
5	101	1.65718
5	117	0.836476
5	153	1.17949
5	167	0.948449
5	172	1.38864
6	121	0.71853
6	126	0.75357
6	127	0.75383
6	128	0.789055
6	135	0.709361
6	138	0.851385
6	165	0.697914
6	166	0.642818
6	167	0.627135
6	170	0.660883
6	178	0.594375
6	180	0.572306
7	37	0.998972
7	42	1.10221
7	46	1.09807
7	53	1.06912
7	61	1.14015
7	76	0.90134
7	91	0.832689
7	106	1.19023
7	134	1.12521
7	139	1.15852
7	158	1.79867
8	2	1.09219
8	24	1.07352
8	48	1.13374
8	54	0.987003
8	115	1.03407
8	120	0.999843
8	123	0.976645
8	129	1.00882
8	132	1.1461
8	144	1.55169
8	163	0.944463
8	176	1.56862
9	23	0.950886
9	24	0.967273
9	43	0.908493
9	48	1.0275
9	54	0.880757
9	86	1.13199
9	115	0.927825
9	129	0.902572
9	132	1.03985
9	147	1.95576
9	160	1.55397
9	163	0.838216
10	79	0.968146
10	94	0.987793
10	109	1.67902
10	116	0.970032
10	117	1.23603
10	122	0.89764
10	125	0.936
10	130	0.902915
10	144	1.75421
10	153	0.855912
10	156	0.961682
10	157	0.9105
11	12	1.03963
11	36	1.08195
11	62	1.01643
11	63	1.01648
11	69	1.08019
11	70	1.08022
11	135	1.05091
11	137	1.0468
11	144	0.952227
11	147	1.0159
11	167	1.64831
11	171	1.50716
12	11	1.03963
12	33	0.989623
12	36	0.941142
12	62	0.875628
12	63	0.875679
12	69	0.939391
12	70	0.939419
12	106	1.31813
12	135	0.910109
12	137	0.905997
12	138	1.23548
12	169	2.18173
13	17	1.13359
13	50	1.12609
13	62	0.993585
13	63	0.993635
13	69	1.05735
13	70	1.05738
13	135	1.02807
13	137	1.02395
13	147	1.26178
13	151	1.28426
13	155	0.774094
13	175	1.77818
14	73	1.02276
14	78	0.894631
14	90	0.926112
14	96	0.939637
14	104	0.938783
14	110	0.899843
14	111	0.965194
14	141	1.69459
14	157	0.930105
14	160	1.3061
14	164	1.7404
14	174	0.876652
15	32	0.943316
15	52	0.884868
15	74	0.896815
15	81	0.954269
15	83	1.90248
15	92	0.908001
15	95	0.982414
15	98	0.957941
15	140	0.934845
15	148	1.42554
15	151	1.42251
15	156	0.969761
16	40	1.04571
16	56	1.09939
16	59	1.10409
16	118	1.03401
16	122	1.02918
16	124	1.25863
16	129	1.01689
16	130	1.03446
16	132	0.86939
16	145	1.29813
16	157	1.04204
16	174	1.64698
17	3	0.531205
17	13	1.13359
17	50	1.12494
17	62	0.992434
17	63	0.992485
17	69	1.0562
17	70	1.05622
17	135	1.02691
17	137	1.0228
17	142	1.4036
17	149	1.30317
17	162	1.46849
18	33	0.822725
18	53	0.855714
18	106	1.04977
18	112	0.80973
18	158	0.931974
18	161	0.939574
18	162	0.983718
18	169	0.92897
18	172	0.943923
18	173	0.882649
18	178	0.872445
18	180	0.850376
19	24	0.870778
19	75	0.712099
19	83	0.948245
19	121	0.914677
19	159	1.07841
19	169	0.944991
19	171	0.905698
19	175	0.901766
19	176	0.953384
19	178	0.888466
19	179	0.898448
19	180	0.866397
20	5	1.00642
20	26	1.00628
20	34	0.945428
20	41	0.93719
20	45	0.942799
20	57	0.892146
20	65	0.93824
20	68	0.938257
20	143	1.42679
20	147	1.84155
20	160	1.43976
20	167	0.814907
21	77	0.920238
21	79	0.997408
21	87	1.54848
21	118	0.931731
21	122	0.926902
21	125	0.965262
21	129	0.914614
21	130	0.932177
21	147	0.867541
21	155	1.38057
21	157	0.939762
21	172	1.83857
22	35	1.051
22	78	1.02125
22	90	1.05273
22	99	1.10911
22	104	1.0654
22	111	1.09181
22	123	0.918452
22	131	1.16685
22	144	1.00557
22	161	1.51043
22	174	1.00327
22	176	1.51043
23	2	1.05849
23	9	0.950886
23	24	1.03982
23	43	0.981042
23	54	0.953305
23	97	1.11586
23	115	1.00037
23	132	1.1124
23	136	1.12366
23	138	0.983136
23	145	1.242
23	163	0.910765
23	168	2.03742
24	8	1.07352
24	9	0.967273
24	19	0.870778
24	23	1.03982
24	43	0.997429
24	54	0.969692
24	115	1.01676
24	129	0.991507
24	132	1.12878
24	163	0.927152
24	170	1.36824
24	174	1.38571
24	176	1.40688
25	74	0.968035
25	80	1.02112
25	81	1.02549
25	84	1.02416
25	92	0.979221
25	95	1.05363
25	98	1.02916
25	115	0.989905
25	140	1.00606
25	153	1.44693
25	156	1.04098
25	162	1.31439
25	170	1.60038
26	5	1.13982
26	20	1.00628
26	30	1.08485
26	38	1.06277
26	49	0.767653
26	57	1.02555
26	65	1.07165
26	68	1.07166
26	149	0.788583
26	167	0.948314
26	168	1.70394
26	175	1.84168
27	1	0.962292
27	4	1.07701
27	37	0.894254
27	42	0.997496
27	53	0.964401
27	60	1.08369
27	61	1.03543
27	76	0.673591
27	120	0.939936
27	134	1.02049
27	139	1.0538
27	158	1.57092
27	167	2.18786
28	31	0.803285
28	40	0.992801
28	94	1.06642
28	116	1.04866
28	118	0.9811
28	122	0.976271
28	125	1.01463
28	130	0.981545
28	135	1.55628
28	143	1.38432
28	146	1.59766
28	156	1.04031
28	157	0.989131
29	56	1.05533
29	94	1.07528
29	116	1.05752
29	118	0.98996
29	122	0.98513
29	125	1.02349
29	129	0.972843
29	130	0.990405
29	140	1.01862
29	152	0.92722
29	153	0.943402
29	170	1.4048
29	177	2.06385
30	5	1.08498
30	26	1.08485
30	34	1.02399
30	38	1.00792
30	45	1.02136
30	57	0.97071
30	65	1.0168
30	68	1.01682
30	103	0.762194
30	142	0.864243
30	167	0.893471
30	168	1.67917
30	178	2.12248
31	28	0.803285
31	110	1.12308
31	121	0.501721
31	133	1.01415
31	145	1.11264
31	148	1.00409
31	155	1.13546
31	157	0.397514
31	162	1.05696
31	177	0.953489
31	178	0.945687
31	179	0.95567
31	180	0.923618
32	15	0.943316
32	74	0.980074
32	81	1.03753
32	84	0.929233
32	92	0.99126
32	95	1.06567
32	98	1.0412
32	108	0.976255
32	134	1.0145
32	146	1.38942
32	156	1.05302
32	172	1.56115
32	176	1.54409
33	12	0.989623
33	18	0.822725
33	36	1.03194
33	50	1.09893
33	62	0.966425
33	63	0.966476
33	69	1.03019
33	70	1.03022
33	135	1.00091
33	137	0.996794
33	154	1.23364
33	165	1.45854
33	174	1.52976
34	20	0.945428
34	30	1.02399
34	38	1.00191
34	41	1.00974
34	45	1.01535
34	57	0.964698
34	65	1.01079
34	68	1.01081
34	87	0.948323
34	107	0.799941
34	147	1.49211
34	154	1.12808
34	167	0.88746
34	178	2.31408
35	22	1.051
35	51	0.941431
35	67	0.990815
35	78	0.935906
35	86	1.18386
35	96	0.980912
35	99	1.02377
35	104	0.980057
35	111	1.00647
35	132	1.16213
35	157	0.971379
35	160	1.60584
35	162	1.63625
35	174	0.917926
36	11	1.08195
36	12	0.941142
36	33	1.03194
36	50	1.05044
36	62	0.917943
36	63	0.917994
36	69	0.981706
36	70	0.981734
36	91	0.709704
36	135	0.952424
36	137	0.948312
36	141	1.64692
36	151	1.6827
36	172	1.63054
37	1	0.817985
37	4	0.932699
37	7	0.998972
37	27	0.894254
37	42	0.853189
37	46	0.84904
37	53	0.820093
37	60	0.939383
37	61	0.891122
37	64	1.96312
37	91	1.22303
37	134	0.876185
37	139	0.909491
37	170	2.08817
38	26	1.06277
38	30	1.00792
38	34	1.00191
38	41	0.993673
38	45	0.999282
38	57	0.948629
38	65	0.994724
38	68	0.99474
38	87	0.932254
38	123	1.2815
38	152	1.35725
38	153	1.68138
38	159	1.37142
38	167	0.871391
39	77	0.950131
39	91	1.1317
39	93	1.02166
39	94	1.04695
39	116	1.02919
39	118	0.961624
39	122	0.956795
39	125	0.995155
39	130	0.96207
39	138	1.40659
39	147	0.897434
39	156	1.02084
39	157	0.969655
39	172	2.05253
40	16	1.04571
40	28	0.992801
40	101	0.883474
40	116	1.0403
40	118	0.972741
40	122	0.967912
40	125	1.00627
40	130	0.973187
40	141	1.23109
40	153	0.926184
40	157	0.980772
40	165	1.10527
40	172	1.21471
40	173	2.18039
41	5	1.07073
41	20	0.93719
41	34	1.00974
41	38	0.993673
41	45	1.00711
41	57	0.956461
41	65	1.00256
41	68	1.00257
41	87	0.940085
41	138	1.03128
41	141	1.69361
41	154	1.34289
41	167	0.879222
41	176	1.66017
42	1	0.921227
42	7	1.10221
42	27	0.997496
42	37	0.853189
42	46	0.952283
42	53	0.923336
42	60	1.04263
42	61	0.994365
42	133	1.47668
42	134	0.979427
42	139	1.01273
42	140	0.921279
42	149	0.85614
42	180	2.46929
43	2	1.0161
43	9	0.908493
43	23	0.981042
43	24	0.997429
43	48	1.05765
43	54	0.910913
43	64	1.64572
43	84	1.19455
43	97	1.07347
43	107	1.16399
43	129	0.932728
43	132	1.07001
43	163	0.868372
43	165	1.71702
44	55	0.936525
44	67	0.986329
44	73	1.05955
44	90	0.9629
44	96	0.976425
44	99	1.01928
44	104	0.975571
44	109	1.56657
44	111	1.00198
44	136	1.17034
44	149	1.16874
44	157	0.966893
44	158	1.7209
44	174	0.91344
45	20	0.942799
45	30	1.02136
45	34	1.01535
45	38	0.999282
45	41	1.00711
45	57	0.96207
45	65	1.00816
45	68	1.00818
45	87	0.945694
45	140	1.19932
45	154	1.30686
45	167	0.884831
45	174	1.60297
45	176	1.62414
46	1	0.917079
46	4	1.03179
46	7	1.09807
46	37	0.84904
46	42	0.952283
46	53	0.919188
46	60	1.03848
46	61	0.990216
46	93	0.850253
46	134	0.975279
46	139	1.00859
46	143	1.49606
46	151	1.9333
46	152	1.34785
47	78	0.949702
47	90	0.981183
47	96	0.994708
47	99	1.03757
47	104	0.993854
47	110	0.954913
47	111	1.02026
47	132	0.842998
47	144	0.934025
47	157	0.985176
47	159	1.1397
47	170	1.60312
47	174	0.931723
47	179	2.10033
48	2	1.1351
48	8	1.13374
48	9	1.0275
48	43	1.05765
48	54	1.02991
48	86	0.537356
48	97	1.19247
48	129	1.05173
48	132	1.18901
48	145	0.698502
48	163	0.987374
48	170	1.02988
48	173	2.05125
48	178	1.93723
49	26	0.767653
49	101	0.941156
49	102	0.931561
49	115	0.889004
49	116	1.05614
49	155	1.08538
49	156	0.647271
49	159	1.08556
49	161	0.962741
49	166	0.944055
49	176	0.960531
49	177	0.903415
49	178	0.895613
49	179	0.905595
49	180	0.873544
50	13	1.12609
50	17	1.12494
50	33	1.09893
50	36	1.05044
50	62	0.984931
50	63	0.984982
50	69	1.04869
50	70	1.04872
50	101	1.25729
50	135	1.01941
50	137	1.0153
50	148	1.04395
50	166	1.48021
50	167	1.65085
50	172	0.988754
51	35	0.941431
51	55	0.916786
51	67	0.96659
51	73	1.03981
51	96	0.956686
51	99	0.999546
51	104	0.955832
51	111	0.982243
51	131	1.47131
51	142	1.42537
51	144	0.896003
51	157	0.947154
51	159	1.31284
51	174	0.893701
51	176	1.81489
52	15	0.884868
52	74	0.921625
52	80	0.974713
52	81	0.979079
52	92	0.932812
52	95	1.00722
52	98	0.982752
52	108	0.917807
52	134	0.956051
52	137	1.41263
52	140	0.959656
52	155	1.14915
52	156	0.994572
52	169	1.90745
52	170	1.55145
53	1	0.888132
53	4	1.00285
53	7	1.06912
53	18	0.855714
53	27	0.964401
53	37	0.820093
53	42	0.923336
53	46	0.919188
53	60	1.00953
53	61	0.961269
53	124	1.1744
53	134	0.946332
53	139	0.979638
53	146	1.42923
53	175	2.14706
54	8	0.987003
54	9	0.880757
54	23	0.953305
54	24	0.969692
54	43	0.910913
54	48	1.02991
54	97	1.04573
54	115	0.930244
54	129	0.904991
54	132	1.04227
54	152	1.30444
54	158	1.88286
54	159	1.3186
54	160	1.46561
54	163	0.840636
55	44	0.936525
55	51	0.916786
55	67	0.96617
55	73	1.03939
55	96	0.956267
55	99	0.999126
55	104	0.955412
55	111	0.981823
55	142	0.801439
55	144	0.895583
55	157	0.946734
55	163	1.58742
55	169	1.50833
55	173	2.17369
55	174	0.893281
56	16	1.09939
56	29	1.05533
56	59	1.09649
56	66	1.0347
56	93	0.6185
56	118	1.02642
56	125	1.05995
56	130	1.02686
56	149	1.14237
56	150	1.5141
56	151	1.70155
56	153	0.979858
56	156	1.08563
56	157	1.03445
56	162	1.30769
57	5	1.02569
57	20	0.892146
57	26	1.02555
57	30	0.97071
57	34	0.964698
57	38	0.948629
57	41	0.956461
57	45	0.96207
57	65	0.957511
57	68	0.957528
57	84	0.896064
57	123	0.918946
57	164	1.59017
57	167	0.834178
57	180	2.63412
58	83	1.53245
58	100	1.05613
58	105	1.0286
58	108	1.01699
58	112	1.06098
58	113	1.0415
58	114	1.04228
58	121	1.02389
58	126	1.05893
58	127	1.05919
58	128	1.09441
58	164	1.06251
58	168	1.40866
58	174	0.962094
58	179	1.44184
59	16	1.10409
59	56	1.09649
59	66	1.0394
59	77	1.01962
59	116	1.09868
59	118	1.03112
59	122	1.02629
59	129	1.014
59	130	1.03156
59	133	1.44938
59	143	0.950784
59	155	0.877857
59	157	1.03915
59	166	1.82731
59	174	1.29763
60	1	1.00742
60	4	1.12214
60	27	1.08369
60	37	0.939383
60	42	1.04263
60	46	1.03848
60	53	1.00953
60	61	1.08056
60	91	0.521955
60	134	1.06562
60	139	1.09893
60	143	1.05772
60	159	0.923675
60	161	1.42573
60	173	2.40846
61	1	0.959161
61	4	1.07387
61	7	1.14015
61	27	1.03543
61	37	0.891122
61	42	0.994365
61	46	0.990216
61	53	0.961269
61	60	1.08056
61	134	1.01736
61	139	1.05067
61	142	0.996823
61	144	1.36941
61	160	1.0313
61	165	1.29396
61	177	2.00676
62	11	1.01643
62	12	0.875628
62	13	0.993585
62	17	0.992434
62	33	0.966425
62	36	0.917943
62	50	0.984931
62	63	0.85248
62	69	0.916192
62	70	0.91622
62	107	0.858673
62	135	0.88691
62	137	0.882798
62	166	2.0126
62	176	1.5041
62	179	1.96267
63	11	1.01648
63	12	0.875679
63	13	0.993635
63	17	0.992485
63	33	0.966476
63	36	0.917994
63	50	0.984982
63	62	0.85248
63	64	1.19116
63	69	0.916243
63	70	0.916271
63	133	1.48544
63	135	0.886961
63	137	0.882849
63	164	1.4341
63	178	2.22357
64	37	1.96312
64	43	1.64572
64	63	1.19116
64	131	0.964445
64	141	0.88457
64	151	0.897359
64	158	0.87042
64	163	0.864228
64	164	0.873152
64	174	0.900279
64	175	0.824191
64	176	0.875808
64	177	0.818693
64	178	0.810891
64	179	0.820873
64	180	0.788821
65	5	1.07178
65	20	0.93824
65	26	1.07165
65	30	1.0168
65	34	1.01079
65	38	0.994724
65	41	1.00256
65	45	1.00816
65	57	0.957511
65	68	1.00362
65	87	0.941136
65	146	0.789429
65	167	0.880273
65	169	1.26147
65	171	1.48211
65	173	1.92684
65	177	1.56452
66	56	1.0347
66	59	1.0394
66	79	1.035
66	116	1.03688
66	118	0.969321
66	122	0.964492
66	125	1.00285
66	130	0.969766
66	135	0.900109
66	137	0.918714
66	147	0.90513
66	153	0.922764
66	156	1.02853
66	157	0.977352
66	163	1.49262
66	167	1.77532
66	178	1.96488
67	35	0.990815
67	44	0.986329
67	51	0.96659
67	55	0.96617
67	90	0.992546
67	96	1.00607
67	99	1.04893
67	104	1.00522
67	111	1.03163
67	119	0.898736
67	138	0.993401
67	144	0.945387
67	154	1.305
67	157	0.996538
67	170	1.58365
67	174	0.943085
67	175	2.18543
68	3	0.565957
68	5	1.0718
68	20	0.938257
68	26	1.07166
68	30	1.01682
68	34	1.01081
68	38	0.99474
68	41	1.00257
68	45	1.00818
68	57	0.957528
68	65	1.00362
68	87	0.941152
68	124	1.41836
68	137	1.65042
68	152	1.31165
68	153	1.63578
68	167	0.880289
69	11	1.08019
69	12	0.939391
69	13	1.05735
69	17	1.0562
69	33	1.03019
69	36	0.981706
69	50	1.04869
69	62	0.916192
69	63	0.916243
69	70	0.979983
69	120	0.763962
69	135	0.950673
69	137	0.946561
69	142	0.943218
69	161	1.33274
69	169	1.65011
69	173	2.31547
70	11	1.08022
70	12	0.939419
70	13	1.05738
70	17	1.05622
70	33	1.03022
70	36	0.981734
70	50	1.04872
70	62	0.91622
70	63	0.916271
70	69	0.979983
70	135	0.950701
70	137	0.946589
70	138	0.833677
70	159	0.960507
70	160	1.10752
70	171	2.00056
70	177	2.08298
71	82	1.01643
71	85	1.01548
71	88	0.98342
71	100	0.993122
71	105	0.965591
71	112	0.99797
71	113	0.978489
71	114	0.979266
71	121	0.960873
71	126	0.995913
71	127	0.996173
71	128	1.0314
71	136	0.977921
71	137	1.28882
71	150	1.34806
71	174	1.44511
71	179	1.92486
72	75	1.08005
72	82	1.07132
72	88	1.03831
72	89	1.0358
72	97	0.399352
72	100	1.04801
72	102	1.84869
72	105	1.02048
72	113	1.03338
72	121	1.01576
72	126	1.0508
72	127	1.05106
72	128	1.08628
72	139	1.08041
72	153	0.941514
72	154	0.816324
72	163	1.53006
72	173	2.11634
73	14	1.02276
73	44	1.05955
73	51	1.03981
73	55	1.03939
73	78	1.03428
73	90	1.06577
73	104	1.07844
73	110	1.0395
73	111	1.10485
73	138	0.595771
73	144	1.01861
73	152	0.708436
73	157	1.06976
73	159	0.722601
73	163	1.62111
73	174	1.01631
73	179	1.68324
73	180	2.34786
74	15	0.896815
74	25	0.968035
74	32	0.980074
74	52	0.921625
74	80	0.986659
74	81	0.991026
74	92	0.944758
74	95	1.01917
74	98	0.994698
74	115	0.955442
74	119	0.821267
74	123	0.95284
74	134	0.967998
74	140	0.971602
74	156	1.00652
74	165	1.45243
74	173	2.52755
74	176	1.54482
75	19	0.712099
75	72	1.08005
75	80	1.05403
75	86	0.471173
75	92	1.01213
75	95	1.08654
75	98	1.06207
75	114	1.02241
75	121	1.00402
75	126	1.03906
75	127	1.03932
75	128	1.07455
75	140	1.03897
75	152	0.731977
75	155	0.807256
75	156	1.07389
75	178	2.11691
75	180	2.3714
76	1	1.07145
76	7	0.90134
76	27	0.673591
76	91	1.27646
76	96	0.538443
76	139	0.750078
76	143	1.13526
76	144	1.07331
76	148	1.04002
76	156	0.32303
76	158	1.04115
76	164	1.04388
76	170	1.04812
76	171	0.998849
76	175	0.994917
76	177	0.989419
76	179	0.9916
76	180	0.959548
77	21	0.920238
77	39	0.950131
77	59	1.01962
77	79	1.01522
77	94	1.03487
77	116	1.01711
77	120	1.15085
77	122	0.944718
77	125	0.983077
77	130	0.949992
77	142	1.33011
77	147	0.885356
77	148	1.79188
77	150	1.60141
77	153	0.90299
77	156	1.00876
77	157	0.957578
77	162	1.395
78	14	0.894631
78	22	1.02125
78	35	0.935906
78	47	0.949702
78	73	1.03428
78	90	0.937636
78	96	0.951161
78	97	1.13989
78	99	0.99402
78	104	0.950307
78	110	0.911366
78	111	0.976718
78	119	1.1506
78	124	1.46463
78	144	0.890478
78	157	0.941629
78	161	1.87415
78	172	1.8912
78	174	0.888176
79	10	0.968146
79	21	0.997408
79	66	1.035
79	77	1.01522
79	116	1.09428
79	118	1.02672
79	122	1.02189
79	125	1.06025
79	129	1.0096
79	130	1.02716
79	140	0.850617
79	147	0.962526
79	148	1.34769
79	153	0.98016
79	155	0.834492
79	156	1.08593
79	166	1.78394
79	172	1.29249
79	177	1.89585
80	25	1.02112
80	52	0.974713
80	74	0.986659
80	75	1.05403
80	81	1.04411
80	84	0.544745
80	92	0.997845
80	95	1.07226
80	98	1.04779
80	108	0.98284
80	115	1.00853
80	134	1.02108
80	140	1.02469
80	154	0.842323
80	156	1.05961
80	163	1.55606
80	164	1.23885
80	167	1.83875
80	178	2.02832
81	15	0.954269
81	25	1.02549
81	32	1.03753
81	52	0.979079
81	74	0.991026
81	80	1.04411
81	92	1.00221
81	95	1.07662
81	98	1.05215
81	106	0.893422
81	115	1.0129
81	134	1.02545
81	136	0.9513
81	137	1.2622
81	140	1.02906
81	144	1.42272
81	156	1.06397
81	158	1.50186
81	179	1.89824
82	71	1.01643
82	72	1.07132
82	88	1.01783
82	89	1.01532
82	105	1.00001
82	110	0.983711
82	112	1.03238
82	113	1.0129
82	114	1.01368
82	119	0.812092
82	121	0.995287
82	126	1.03033
82	127	1.03059
82	128	1.06581
82	140	1.11083
82	143	1.16763
82	153	1.34355
82	168	1.96105
82	176	1.53564
83	15	1.90248
83	19	0.948245
83	58	1.53245
83	106	0.92852
83	126	1.88728
83	133	0.819667
83	143	0.904839
83	150	0.840185
83	154	0.927342
83	155	0.940972
83	169	0.807725
83	170	0.817707
83	171	0.768431
83	173	0.761403
83	175	0.7645
83	176	0.816117
83	177	0.759002
83	179	0.761182
83	180	0.72913
84	25	1.02416
84	32	0.929233
84	43	1.19455
84	57	0.896064
84	80	0.544745
84	107	1.15492
84	136	1.13307
84	141	1.01394
84	154	1.1164
84	157	0.731709
84	159	1.13021
84	165	1.0438
84	168	0.978961
84	171	0.957494
84	172	1.01174
84	177	0.948064
84	178	0.940262
84	179	0.950244
84	180	0.918193
85	71	1.01548
85	88	1.01689
85	100	1.02659
85	105	0.999058
85	107	0.931091
85	110	0.982764
85	112	1.03144
85	113	1.01196
85	114	1.01273
85	121	0.99434
85	123	1.07297
85	126	1.02938
85	127	1.02964
85	128	1.06486
85	143	1.2085
85	146	1.42183
85	147	1.62326
85	149	1.08656
85	151	1.64574
86	9	1.13199
86	35	1.18386
86	48	0.537356
86	75	0.471173
86	110	1.29511
86	113	0.682742
86	148	0.999075
86	155	1.13044
86	159	1.13062
86	164	1.00293
86	169	0.997193
86	170	1.00718
86	171	0.9579
86	172	1.01215
86	173	0.950872
86	175	0.953968
86	176	1.00559
86	177	0.94847
86	179	0.95065
86	180	0.918599
87	21	1.54848
87	34	0.948323
87	38	0.932254
87	41	0.940085
87	45	0.945694
87	65	0.941136
87	68	0.941152
87	90	1.19459
87	94	1.00483
87	99	0.767699
87	149	0.956988
87	153	0.873296
87	154	0.961186
87	166	0.833485
87	167	0.817803
87	175	0.798343
87	176	0.849961
87	178	0.785043
87	180	0.762974
88	71	0.98342
88	72	1.03831
88	82	1.01783
88	85	1.01689
88	89	0.982314
88	93	0.822724
88	105	0.966995
88	112	0.999373
88	113	0.979893
88	114	0.980669
88	121	0.962276
88	126	0.997317
88	127	0.997577
88	128	1.0328
88	131	1.49297
88	139	1.02693
88	140	1.41173
88	149	1.34659
88	150	1.71832
88	155	1.3956
89	72	1.0358
89	82	1.01532
89	88	0.982314
89	97	0.740484
89	100	0.992016
89	105	0.964485
89	112	0.996864
89	113	0.977383
89	114	0.97816
89	121	0.959767
89	123	1.0384
89	126	0.994807
89	127	0.995067
89	128	1.03029
89	131	1.13116
89	139	1.02442
89	154	1.15746
89	162	1.1501
89	171	2.01274
89	175	2.03788
90	14	0.926112
90	22	1.05273
90	44	0.9629
90	47	0.981183
90	67	0.992546
90	73	1.06577
90	78	0.937636
90	87	1.19459
90	96	0.982642
90	99	1.0255
90	104	0.981788
90	110	0.942847
90	111	1.0082
90	144	0.921959
90	149	0.977667
90	154	1.15034
90	157	0.97311
90	162	1.14299
90	169	1.78499
90	174	0.919657
90	179	1.9262
91	7	0.832689
91	36	0.709704
91	37	1.22303
91	39	1.1317
91	60	0.521955
91	76	1.27646
91	112	0.634151
91	115	0.496112
91	145	1.15322
91	147	1.05689
91	148	1.04467
91	150	1.07525
91	158	1.0458
91	163	1.0396
91	170	1.05277
91	173	0.996471
91	175	0.999567
91	177	0.994069
91	178	0.986267
91	179	0.996249
91	180	0.964198
92	15	0.908001
92	25	0.979221
92	32	0.99126
92	52	0.932812
92	74	0.944758
92	75	1.01213
92	80	0.997845
92	81	1.00221
92	95	1.03036
92	98	1.00588
92	108	0.94094
92	115	0.966628
92	123	1.00023
92	134	0.979184
92	136	1.10385
92	140	0.982789
92	153	1.40011
92	156	1.0177
92	160	1.23716
92	161	1.59221
92	177	2.21262
93	39	1.02166
93	46	0.850253
93	56	0.6185
93	88	0.822724
93	103	1.15195
93	113	0.445945
93	118	0.899605
93	132	1.23445
93	139	0.571382
93	146	1.09648
93	148	1.03789
93	158	1.03901
93	164	1.04174
93	168	1.01818
93	170	1.04599
93	171	0.996715
93	172	1.05096
93	176	1.0444
93	178	0.979483
93	179	0.989465
93	180	0.957414
94	10	0.987793
94	28	1.06642
94	29	1.07528
94	39	1.04695
94	77	1.03487
94	87	1.00483
94	116	1.11393
94	118	1.04636
94	122	1.04153
94	125	1.07989
94	130	1.04681
94	145	0.907839
94	147	0.982173
94	152	0.761635
94	153	0.999806
94	154	0.960573
94	156	1.10558
94	157	1.05439
94	171	1.81585
94	175	1.841
94	176	1.27786
95	15	0.982414
95	25	1.05363
95	32	1.06567
95	52	1.00722
95	74	1.01917
95	75	1.08654
95	80	1.07226
95	81	1.07662
95	92	1.03036
95	98	1.0803
95	101	1.87707
95	108	1.01535
95	119	0.867933
95	123	0.999506
95	132	0.792729
95	134	1.0536
95	140	1.0572
95	145	1.22147
95	156	1.09212
95	159	1.08943
95	179	2.05006
96	14	0.939637
96	35	0.980912
96	44	0.976425
96	47	0.994708
96	51	0.956686
96	55	0.956267
96	67	1.00607
96	76	0.538443
96	78	0.951161
96	90	0.982642
96	99	1.03903
96	104	0.995313
96	110	0.956372
96	111	1.02172
96	137	1.19611
96	157	0.986635
96	159	0.871513
96	169	1.69093
96	174	0.933182
96	175	1.93671
96	177	1.99398
97	1	1.17232
97	23	1.11586
97	43	1.07347
97	48	1.19247
97	54	1.04573
97	72	0.399352
97	78	1.13989
97	89	0.740484
97	109	1.03272
97	115	1.0928
97	126	0.603828
97	128	0.582019
97	129	1.06755
97	139	0.85095
97	163	1.00319
97	167	0.982613
97	175	0.963154
97	176	1.01477
97	177	0.957656
97	178	0.949854
97	179	0.959836
97	180	0.927785
98	15	0.957941
98	25	1.02916
98	32	1.0412
98	52	0.982752
98	74	0.994698
98	75	1.06207
98	80	1.04779
98	81	1.05215
98	92	1.00588
98	95	1.0803
98	103	0.842119
98	108	0.99088
98	115	1.01657
98	134	1.02912
98	140	1.03273
98	141	1.36713
98	144	1.31676
98	156	1.06764
98	159	0.831636
98	163	1.73014
98	166	1.8422
98	172	1.35075
99	22	1.10911
99	35	1.02377
99	44	1.01928
99	47	1.03757
99	51	0.999546
99	55	0.999126
99	67	1.04893
99	78	0.99402
99	87	0.767699
99	90	1.0255
99	96	1.03903
99	104	1.03817
99	111	1.06458
99	144	0.978343
99	145	0.670711
99	148	1.11298
99	151	1.10995
99	157	1.02949
99	167	1.71988
99	169	1.35809
99	174	0.976041
99	180	2.16393
100	58	1.05613
100	71	0.993122
100	72	1.04801
100	85	1.02659
100	89	0.992016
100	105	0.976697
100	108	0.965081
100	110	0.960403
100	112	1.00908
100	113	0.989595
100	114	0.990371
100	121	0.971979
100	126	1.00702
100	127	1.00728
100	128	1.0425
100	132	0.632772
100	139	1.03663
100	159	0.929471
100	162	1.10689
100	163	1.82798
100	165	1.33914
100	174	1.41036
100	178	2.30024
101	5	1.65718
101	40	0.883474
101	49	0.941156
101	50	1.25729
101	95	1.87707
101	113	1.74536
101	116	0.939336
101	118	0.871773
101	122	0.866944
101	125	0.905304
101	130	0.872219
101	142	0.921711
101	144	0.828653
101	152	0.922129
101	153	0.825216
101	156	0.930986
101	162	0.848236
101	171	0.754195
101	172	0.808442
101	175	0.750264
101	177	0.744766
101	179	0.746946
101	180	0.714894
102	49	0.931561
102	72	1.84869
102	114	2.15262
102	121	2.16586
102	124	0.895967
102	131	0.880923
102	140	0.886475
102	150	0.816355
102	152	0.912535
102	160	0.83205
102	161	0.794497
102	165	0.830908
102	169	0.783894
102	170	0.793876
102	171	0.7446
102	172	0.798847
102	173	0.737573
102	175	0.740669
102	176	0.792287
102	177	0.735171
102	178	0.727369
102	179	0.737351
102	180	0.7053
103	30	0.762194
103	93	1.15195
103	98	0.842119
103	105	0.992526
103	107	1.07854
103	114	0.945961
103	128	0.8247
103	129	1.01671
103	141	0.937563
103	146	0.980876
103	149	1.03583
103	150	0.95287
103	152	1.04905
103	168	0.902583
103	169	0.92041
103	171	0.881116
103	173	0.874088
103	174	0.953272
103	176	0.928802
103	177	0.871686
103	178	0.863884
103	179	0.873867
103	180	0.841815
104	14	0.938783
104	22	1.0654
104	35	0.980057
104	44	0.975571
104	47	0.993854
104	51	0.955832
104	55	0.955412
104	67	1.00522
104	73	1.07844
104	78	0.950307
104	90	0.981788
104	96	0.995313
104	99	1.03817
104	107	0.9234
104	111	1.02087
104	123	0.976844
104	132	0.770067
104	144	0.934629
104	148	1.64107
104	150	1.4506
104	153	1.37673
104	157	0.98578
104	174	0.932327
104	180	2.69202
105	58	1.0286
105	71	0.965591
105	72	1.02048
105	82	1.00001
105	85	0.999058
105	88	0.966995
105	89	0.964485
105	100	0.976697
105	103	0.992526
105	112	0.981545
105	113	0.962064
105	114	0.962841
105	121	0.944448
105	123	1.02308
105	126	0.979488
105	127	0.979748
105	128	1.01497
105	139	1.0091
105	140	1.05928
105	141	1.51754
105	143	1.11608
105	155	1.04316
105	169	1.80146
105	179	1.94268
106	7	1.19023
106	12	1.31813
106	18	1.04977
106	81	0.893422
106	83	0.92852
106	115	0.853652
106	130	1.02214
106	134	0.778327
106	151	0.95521
106	154	1.04488
106	160	0.973423
106	161	0.93587
106	164	0.931002
106	166	0.917184
106	168	0.90744
106	169	0.925267
106	172	0.940219
106	173	0.878946
106	174	0.958129
106	175	0.882042
106	176	0.933659
106	177	0.876544
106	179	0.878724
106	180	0.846672
107	34	0.799941
107	43	1.16399
107	62	0.858673
107	84	1.15492
107	85	0.931091
107	103	1.07854
107	104	0.9234
107	108	0.917576
107	129	0.862857
107	131	1.05963
107	141	0.979757
107	148	0.964485
107	152	1.09124
107	154	1.08222
107	166	0.95452
107	168	0.944776
107	172	0.977556
107	174	0.995466
107	175	0.919378
107	176	0.970996
107	177	0.91388
107	178	0.906078
107	179	0.91606
107	180	0.884009
108	32	0.976255
108	52	0.917807
108	58	1.01699
108	80	0.98284
108	92	0.94094
108	95	1.01535
108	98	0.99088
108	100	0.965081
108	107	0.917576
108	112	0.969929
108	113	0.950448
108	114	0.951225
108	115	0.951623
108	121	0.932832
108	124	1.15348
108	126	0.967872
108	127	0.968132
108	128	1.00336
108	134	0.964179
108	149	1.07304
108	153	1.37091
108	156	1.0027
108	161	1.563
108	164	1.64224
108	168	1.9884
109	10	1.67902
109	44	1.56657
109	97	1.03272
109	122	1.47439
109	129	1.41615
109	147	0.844901
109	152	0.959448
109	153	0.862534
109	158	0.833811
109	159	0.964229
109	160	0.878963
109	165	0.877821
109	166	0.822724
109	170	0.840789
109	171	0.791513
109	172	0.84576
109	173	0.784486
109	175	0.787582
109	176	0.839199
109	177	0.782084
109	178	0.774282
109	179	0.784264
109	180	0.752212
110	3	0.810221
110	14	0.899843
110	31	1.12308
110	47	0.954913
110	73	1.0395
110	78	0.911366
110	82	0.983711
110	85	0.982764
110	86	1.29511
110	90	0.942847
110	96	0.956372
110	100	0.960403
110	111	0.981929
110	112	0.96525
110	113	0.94577
110	114	0.946546
110	120	1.50336
110	121	0.928153
110	126	0.963194
110	127	0.963454
110	128	0.998679
110	132	1.27338
110	145	1.70212
110	157	0.94684
110	159	1.57008
110	174	0.893387
111	14	0.965194
111	22	1.09181
111	35	1.00647
111	44	1.00198
111	47	1.02026
111	51	0.982243
111	55	0.981823
111	67	1.03163
111	73	1.10485
111	78	0.976718
111	90	1.0082
111	96	1.02172
111	99	1.06458
111	104	1.02087
111	110	0.981929
111	117	1.12502
111	119	0.936578
111	135	1.46407
111	138	1.03124
111	143	1.29211
111	144	0.96104
111	150	1.54191
111	157	1.01219
111	164	1.73937
111	170	1.62149
111	174	0.958738
112	18	0.80973
112	58	1.06098
112	71	0.99797
112	82	1.03238
112	85	1.03144
112	88	0.999373
112	89	0.996864
112	91	0.634151
112	100	1.00908
112	105	0.981545
112	108	0.969929
112	110	0.96525
112	113	0.994443
112	114	0.995219
112	121	0.976826
112	123	1.05546
112	126	1.01187
112	127	1.01213
112	128	1.04735
112	132	0.739173
112	133	1.66851
112	139	1.04148
112	160	1.18288
112	165	1.44554
112	170	1.49929
112	171	2.07593
113	58	1.0415
113	71	0.978489
113	72	1.03338
113	82	1.0129
113	85	1.01196
113	86	0.682742
113	88	0.979893
113	89	0.977383
113	93	0.445945
113	100	0.989595
113	101	1.74536
113	105	0.962064
113	108	0.950448
113	110	0.94577
113	112	0.994443
113	114	0.975738
113	121	0.957346
113	123	1.03597
113	126	0.992386
113	127	0.992646
113	128	1.02787
113	135	1.26371
113	139	1.022
113	164	1.53901
113	170	1.42113
113	174	1.4386
113	176	1.45977
114	58	1.04228
114	71	0.979266
114	75	1.02241
114	82	1.01368
114	85	1.01273
114	88	0.980669
114	89	0.97816
114	100	0.990371
114	102	2.15262
114	103	0.945961
114	105	0.962841
114	108	0.951225
114	110	0.946546
114	112	0.995219
114	113	0.975738
114	120	0.868754
114	121	0.958122
114	123	1.03675
114	126	0.993162
114	127	0.993422
114	128	1.02865
114	131	1.09395
114	139	1.02278
114	148	1.50979
114	155	0.996592
114	161	1.43754
114	165	1.34515
115	2	1.03543
115	8	1.03407
115	9	0.927825
115	23	1.00037
115	24	1.01676
115	25	0.989905
115	49	0.889004
115	54	0.930244
115	74	0.955442
115	80	1.00853
115	81	1.0129
115	91	0.496112
115	92	0.966628
115	97	1.0928
115	98	1.01657
115	106	0.853652
115	108	0.951623
115	129	0.952059
115	132	1.08934
115	134	0.989868
115	137	1.22243
115	147	1.44663
115	156	1.02839
115	162	1.07525
115	163	0.887704
115	167	2.07904
115	171	1.93789
116	10	0.970032
116	28	1.04866
116	29	1.05752
116	39	1.02919
116	40	1.0403
116	49	1.05614
116	59	1.09868
116	66	1.03688
116	77	1.01711
116	79	1.09428
116	94	1.11393
116	101	0.939336
116	118	1.0286
116	122	1.02377
116	123	0.975043
116	124	1.15751
116	125	1.06213
116	129	1.01149
116	130	1.02905
116	136	1.07866
116	147	0.964412
116	153	0.982045
116	155	1.12608
116	157	1.03663
116	158	1.62923
116	162	1.24239
116	170	1.52838
116	174	1.54586
117	5	0.836476
117	10	1.23603
117	111	1.12502
117	126	0.802973
117	127	1.08058
117	128	0.781163
117	130	1.03327
117	136	1.03738
117	138	1.10159
117	140	1.00368
117	141	0.918255
117	142	1.02932
117	150	0.933562
117	155	1.03435
117	159	1.03452
117	160	0.949258
117	164	0.906837
117	165	0.948115
117	166	0.893018
117	169	0.901102
117	170	0.911084
117	171	0.861808
117	173	0.85478
117	176	0.909494
117	177	0.852378
117	178	0.844576
117	179	0.854559
117	180	0.822507
118	16	1.03401
118	21	0.931731
118	28	0.9811
118	29	0.98996
118	39	0.961624
118	40	0.972741
118	56	1.02642
118	59	1.03112
118	66	0.969321
118	79	1.02672
118	93	0.899605
118	94	1.04636
118	101	0.871773
118	116	1.0286
118	120	1.34465
118	122	0.956211
118	125	0.994571
118	130	0.961486
118	132	1.11467
118	138	1.28454
118	147	0.89685
118	152	1.39721
118	153	0.914483
118	155	1.47249
118	156	1.02025
118	157	0.969071
118	160	1.55838
118	161	1.91343
119	2	0.758956
119	67	0.898736
119	74	0.821267
119	78	1.1506
119	82	0.812092
119	95	0.867933
119	111	0.936578
119	120	1.17284
119	126	0.614532
119	129	0.784728
119	142	1.14644
119	148	1.0201
119	151	1.04817
119	152	1.14686
119	153	1.04995
119	160	1.06638
119	161	1.02882
119	162	1.07297
119	166	1.01014
119	170	1.0282
119	171	0.978928
119	173	0.9719
119	175	0.974997
119	176	1.02661
119	177	0.969499
119	178	0.961696
119	179	0.971679
119	180	0.939627
120	8	0.999843
120	27	0.939936
120	69	0.763962
120	77	1.15085
120	110	1.50336
120	114	0.868754
120	118	1.34465
120	119	1.17284
120	128	0.747493
120	131	1.05611
120	147	0.973178
120	150	0.991545
120	151	0.989028
120	158	0.962088
120	160	1.00724
120	164	0.96482
120	165	1.0061
120	166	0.951001
120	167	0.935319
120	169	0.959085
120	170	0.969067
120	171	0.919791
120	172	0.974037
120	173	0.912763
120	175	0.91586
120	177	0.910362
120	178	0.902559
120	179	0.912542
120	180	0.88049
121	6	0.71853
121	19	0.914677
121	31	0.501721
121	58	1.02389
121	71	0.960873
121	72	1.01576
121	75	1.00402
121	82	0.995287
121	85	0.99434
121	88	0.962276
121	89	0.959767
121	100	0.971979
121	102	2.16586
121	105	0.944448
121	108	0.932832
121	110	0.928153
121	112	0.976826
121	113	0.957346
121	114	0.958122
121	123	1.01836
121	126	0.97477
121	127	0.97503
121	128	1.01025
121	132	0.65202
121	139	1.00438
121	144	1.43384
121	151	1.52
121	161	1.45078
121	179	1.90936
122	10	0.89764
122	16	1.02918
122	21	0.926902
122	28	0.976271
122	29	0.98513
122	39	0.956795
122	40	0.967912
122	59	1.02629
122	66	0.964492
122	77	0.944718
122	79	1.02189
122	94	1.04153
122	101	0.866944
122	109	1.47439
122	116	1.02377
122	118	0.956211
122	125	0.989741
122	129	0.939094
122	130	0.956656
122	136	1.07816
122	147	0.89202
122	148	1.63877
122	152	1.0503
122	153	0.909654
122	154	1.24924
122	156	1.01542
122	160	1.21147
122	165	1.47413
122	177	2.18693
123	8	0.976645
123	22	0.918452
123	38	1.2815
123	57	0.918946
123	74	0.95284
123	85	1.07297
123	89	1.0384
123	92	1.00023
123	95	0.999506
123	104	0.976844
123	105	1.02308
123	112	1.05546
123	113	1.03597
123	114	1.03675
123	116	0.975043
123	121	1.01836
123	126	1.0534
123	127	1.05366
123	128	1.08888
123	145	1.06116
123	153	0.982457
123	158	0.953733
123	161	0.961333
123	162	1.00548
123	165	0.997743
123	166	0.942647
123	171	0.911436
123	178	0.894204
123	179	0.904187
123	180	0.872135
124	2	1.07299
124	16	1.25863
124	53	1.1744
124	68	1.41836
124	78	1.46463
124	102	0.895967
124	108	1.15348
124	116	1.15751
124	133	0.928486
124	141	0.933697
124	148	0.918425
124	149	1.03196
124	155	1.04979
124	158	0.919547
124	159	1.04997
124	160	0.9647
124	161	0.927147
124	165	0.963557
124	166	0.90846
124	168	0.898717
124	169	0.916544
124	171	0.87725
124	173	0.870222
124	175	0.873319
124	176	0.924936
124	177	0.867821
124	178	0.860018
124	179	0.870001
124	180	0.837949
125	10	0.936
125	21	0.965262
125	28	1.01463
125	29	1.02349
125	39	0.995155
125	40	1.00627
125	56	1.05995
125	66	1.00285
125	77	0.983077
125	79	1.06025
125	94	1.07989
125	101	0.905304
125	116	1.06213
125	118	0.994571
125	122	0.989741
125	129	0.977454
125	130	0.995016
125	136	0.827714
125	144	1.29914
125	147	0.93038
125	148	1.38832
125	150	1.19785
125	152	0.799851
125	153	0.948013
125	156	1.05378
125	157	1.0026
125	159	0.814016
125	168	1.74147
125	175	1.87922
125	180	2.43927
126	6	0.75357
126	58	1.05893
126	71	0.995913
126	72	1.0508
126	75	1.03906
126	82	1.03033
126	83	1.88728
126	85	1.02938
126	88	0.997317
126	89	0.994807
126	97	0.603828
126	100	1.00702
126	105	0.979488
126	108	0.967872
126	110	0.963194
126	112	1.01187
126	113	0.992386
126	114	0.993162
126	117	0.802973
126	119	0.614532
126	121	0.97477
126	123	1.0534
126	127	1.01007
126	128	1.0453
126	138	0.709197
126	139	1.03942
126	142	0.948559
126	150	1.21986
126	169	1.65545
126	180	2.46128
127	6	0.75383
127	58	1.05919
127	71	0.996173
127	72	1.05106
127	75	1.03932
127	82	1.03059
127	85	1.02964
127	88	0.997577
127	89	0.995067
127	100	1.00728
127	105	0.979748
127	108	0.968132
127	110	0.963454
127	112	1.01213
127	113	0.992646
127	114	0.993422
127	117	1.08058
127	121	0.97503
127	123	1.05366
127	126	1.01007
127	128	1.04555
127	131	1.27211
127	136	1.12733
127	139	1.03968
127	141	1.64913
127	145	1.24568
127	146	1.46101
127	149	1.12574
127	153	1.4236
127	174	1.59453
128	6	0.789055
128	58	1.09441
128	71	1.0314
128	72	1.08628
128	75	1.07455
128	82	1.06581
128	85	1.06486
128	88	1.0328
128	89	1.03029
128	97	0.582019
128	100	1.0425
128	103	0.8247
128	105	1.01497
128	108	1.00336
128	110	0.998679
128	112	1.04735
128	113	1.02787
128	114	1.02865
128	117	0.781163
128	120	0.747493
128	121	1.01025
128	123	1.08888
128	126	1.0453
128	127	1.04555
128	135	1.12021
128	139	1.07491
128	142	0.926749
128	147	1.36302
128	155	0.875331
128	177	1.93669
128	180	2.43947
129	2	1.01018
129	8	1.00882
129	9	0.902572
129	16	1.01689
129	21	0.914614
129	24	0.991507
129	29	0.972843
129	43	0.932728
129	48	1.05173
129	54	0.904991
129	59	1.014
129	79	1.0096
129	97	1.06755
129	103	1.01671
129	107	0.862857
129	109	1.41615
129	115	0.952059
129	116	1.01149
129	119	0.784728
129	122	0.939094
129	125	0.977454
129	130	0.944369
129	132	1.06408
129	135	1.31222
129	140	1.08346
129	147	0.879733
129	155	1.06734
129	156	1.00314
129	157	0.951954
129	163	0.862451
129	164	1.58753
129	178	2.37699
130	10	0.902915
130	16	1.03446
130	21	0.932177
130	28	0.981545
130	29	0.990405
130	39	0.96207
130	40	0.973187
130	56	1.02686
130	59	1.03156
130	66	0.969766
130	77	0.949992
130	79	1.02716
130	94	1.04681
130	101	0.872219
130	106	1.02214
130	116	1.02905
130	117	1.03327
130	118	0.961486
130	122	0.956656
130	125	0.995016
130	129	0.944369
130	131	1.2248
130	140	1.14356
130	145	1.19836
130	146	1.4137
130	147	0.897295
130	153	0.914928
130	156	1.0207
130	157	0.969517
130	165	1.47599
130	172	1.58543
130	175	2.13153
131	4	0.746848
131	22	1.16685
131	51	1.47131
131	64	0.964445
131	88	1.49297
131	89	1.13116
131	102	0.880923
131	107	1.05963
131	114	1.09395
131	120	1.05611
131	127	1.27211
131	130	1.2248
131	133	0.913442
131	143	0.998615
131	149	1.01692
131	151	0.931443
131	155	1.03475
131	159	1.03492
131	160	0.949656
131	161	0.912103
131	162	0.956247
131	164	0.907236
131	168	0.883673
131	169	0.9015
131	170	0.911482
131	171	0.862206
131	172	0.916453
131	175	0.858275
131	176	0.909892
131	178	0.844975
131	179	0.854957
131	180	0.822905
132	2	1.14745
132	8	1.1461
132	9	1.03985
132	16	0.86939
132	23	1.1124
132	24	1.12878
132	35	1.16213
132	43	1.07001
132	47	0.842998
132	48	1.18901
132	54	1.04227
132	93	1.23445
132	95	0.792729
132	100	0.632772
132	104	0.770067
132	110	1.27338
132	112	0.739173
132	115	1.08934
132	118	1.11467
132	121	0.65202
132	129	1.06408
132	136	1.1392
132	146	1.06338
132	156	0.359401
132	162	1.05766
132	163	0.999728
132	170	1.0129
132	172	1.01787
132	176	1.01131
132	178	0.946391
132	179	0.956373
132	180	0.924322
133	31	1.01415
133	42	1.47668
133	59	1.44938
133	63	1.48544
133	83	0.819667
133	112	1.66851
133	124	0.928486
133	131	0.913442
133	134	1.45515
133	136	0.952696
133	138	1.0169
133	145	0.92684
133	146	0.87688
133	149	0.931833
133	151	0.846357
133	155	0.94966
133	156	1.28874
133	158	0.819417
133	159	0.949836
133	160	0.864569
133	161	0.827017
133	165	0.863427
133	166	0.80833
133	168	0.798587
133	169	0.816413
133	171	0.77712
133	172	0.831366
133	173	0.770092
133	176	0.824806
133	177	0.76769
133	178	0.759888
133	180	0.737819
134	1	0.944223
134	4	1.05894
134	7	1.12521
134	27	1.02049
134	32	1.0145
134	37	0.876185
134	42	0.979427
134	46	0.975279
134	52	0.956051
134	53	0.946332
134	60	1.06562
134	61	1.01736
134	74	0.967998
134	80	1.02108
134	81	1.02545
134	92	0.979184
134	95	1.0536
134	98	1.02912
134	106	0.778327
134	108	0.964179
134	115	0.989868
134	133	1.45515
134	138	0.695678
134	139	1.03573
134	140	1.00603
134	146	1.16989
134	154	1.00728
134	156	1.04094
134	158	1.38677
134	166	1.83307
134	172	1.34162
134	174	1.3034
134	177	1.94498
135	6	0.709361
135	11	1.05091
135	12	0.910109
135	13	1.02807
135	17	1.02691
135	28	1.55628
135	33	1.00091
135	36	0.952424
135	50	1.01941
135	62	0.88691
135	63	0.886961
135	66	0.900109
135	69	0.950673
135	70	0.950701
135	111	1.46407
135	113	1.26371
135	128	1.12021
135	129	1.31222
135	137	0.917279
135	138	1.06342
135	151	0.892875
135	153	0.894658
135	154	0.982549
135	156	0.962096
135	157	1.15051
135	165	0.909945
135	168	0.845104
135	170	0.872913
135	173	0.81661
135	175	0.819706
135	176	0.871324
135	177	0.814208
135	178	0.806406
135	179	0.816388
135	180	0.784337
136	23	1.12366
136	44	1.17034
136	71	0.977921
136	81	0.9513
136	84	1.13307
136	92	1.10385
136	116	1.07866
136	117	1.03738
136	122	1.07816
136	125	0.827714
136	127	1.12733
136	132	1.1392
136	133	0.952696
136	140	1.04333
136	142	1.06898
136	145	1.05118
136	148	0.942636
136	149	1.05617
136	150	0.973215
136	154	1.06037
136	156	0.669798
136	159	1.07418
136	160	0.98891
136	162	0.995502
136	164	0.94649
136	167	0.916988
136	168	0.922927
136	171	0.90146
136	172	0.955707
136	173	0.894433
136	175	0.897529
136	177	0.892031
136	178	0.884229
136	179	0.894211
136	180	0.86216
137	11	1.0468
137	12	0.905997
137	13	1.02395
137	17	1.0228
137	33	0.996794
137	36	0.948312
137	50	1.0153
137	52	1.41263
137	62	0.882798
137	63	0.882849
137	66	0.918714
137	68	1.65042
137	69	0.946561
137	70	0.946589
137	71	1.28882
137	81	1.2622
137	96	1.19611
137	115	1.22243
137	135	0.917279
137	141	0.875973
137	146	0.919286
137	149	0.974239
137	150	0.89128
137	154	0.978437
137	157	1.16911
137	158	0.861823
137	166	0.850736
137	169	0.858819
137	170	0.868801
137	173	0.812498
137	176	0.867212
137	177	0.810096
137	178	0.802294
137	179	0.812276
137	180	0.780225
138	6	0.851385
138	12	1.23548
138	23	0.983136
138	39	1.40659
138	41	1.03128
