1	46	0.798643
1	50	1.20441
1	52	1.18731
1	60	0.715551
1	79	1.17436
1	109	1.24587
1	132	1.16575
1	149	1.23316
1	161	0.690726
1	171	0.718313
1	177	1.18913
1	180	0.681167
2	42	1.23869
2	52	1.1969
2	93	0.717761
2	113	1.19828
2	118	1.16609
2	122	0.74502
2	137	1.21667
2	170	1.18456
2	174	0.701531
2	175	0.736042
2	177	1.19872
2	180	0.70648
3	66	0.915482
3	103	0.868258
3	130	1.08468
3	134	1.02551
3	152	1.03377
3	155	0.901393
3	158	1.06731
3	167	1.0544
3	170	0.90901
3	171	1.02962
3	172	1.06277
3	179	1.04193
4	37	0.67515
4	50	0.710137
4	75	0.74777
4	82	1.1531
4	97	1.22108
4	136	1.21442
4	158	1.22462
4	164	0.726888
4	165	1.19376
4	167	1.2117
4	169	1.18131
4	179	0.741654
5	94	0.721019
5	140	1.2252
5	142	1.19562
5	155	0.734237
5	157	0.724127
5	158	1.22079
5	165	1.18993
5	167	1.20788
5	169	1.17748
5	171	1.1831
5	178	0.704077
5	180	0.715419
6	55	0.723083
6	83	0.713428
6	89	0.684679
6	110	1.19825
6	150	0.754593
6	156	1.17955
6	157	0.71709
6	162	1.18518
6	168	1.22831
6	175	1.19539
6	176	1.21108
6	179	1.20226
7	49	1.42355
7	60	0.704278
7	74	1.09277
7	85	1.17864
7	98	0.760037
7	128	0.746882
7	152	1.16824
7	158	1.20178
7	162	0.706918
7	165	1.17092
7	171	1.16409
7	179	0.686502
8	34	1.30449
8	61	1.25619
8	76	1.134
8	92	0.777635
8	114	0.667208
8	149	1.20685
8	164	1.18693
8	170	1.14866
8	172	0.71999
8	176	0.72029
8	177	1.16282
8	180	0.716649
9	63	0.624251
9	71	0.823911
9	72	0.800646
9	93	0.682475
9	119	1.22381
9	136	1.2086
9	138	1.21229
9	161	1.19284
9	166	0.666529
9	167	1.20588
9	169	1.17549
9	171	1.1811
10	42	0.678988
10	60	0.737528
10	85	1.1944
10	123	0.711354
10	132	0.739926
10	136	1.20735
10	140	1.22196
10	158	1.21755
10	167	1.20464
10	169	1.17424
10	171	1.17986
10	175	0.732706
11	51	1.20551
11	82	0.788627
11	89	0.668418
11	142	0.717615
11	151	1.17931
11	155	0.710939
11	158	0.709911
11	172	1.21528
11	173	1.21239
11	175	1.18757
11	178	1.20551
11	179	1.19444
12	17	1.08982
12	51	0.882068
12	62	1.00953
12	77	1.00199
12	83	1.07619
12	109	1.09108
12	156	0.907157
12	159	1.03856
12	164	1.05846
12	169	0.923571
12	172	0.891151
12	177	1.03434
13	130	1.22802
13	137	0.711018
13	141	0.688087
13	155	0.727778
13	160	0.721649
13	168	1.21132
13	171	0.746106
13	172	1.2061
13	175	1.1784
13	178	1.19634
13	179	1.18527
13	180	1.19456
14	26	1.17601
14	56	0.749117
14	90	1.18757
14	110	1.21156
14	115	1.19202
14	147	0.705858
14	153	0.720519
14	154	0.691151
14	156	1.19287
14	176	1.22439
14	177	0.728576
14	179	1.21558
15	40	0.850897
15	45	0.978337
15	65	1.01527
15	71	0.989191
15	91	1.14981
15	94	1.08442
15	101	0.899925
15	107	1.03371
15	149	1.09457
15	159	1.05477
15	178	0.921743
15	180	0.933085
16	51	0.708455
16	112	0.742973
16	145	1.21395
16	153	1.20692
16	154	1.20956
16	155	1.19324
16	157	1.20854
16	160	1.18012
16	168	0.700563
16	174	0.709248
16	175	0.743759
16	180	1.18769
17	12	1.08982
17	33	0.748451
17	77	1.18347
17	107	1.19898
17	112	1.22715
17	122	0.739149
17	126	1.24483
17	162	0.737633
17	164	1.23993
17	168	0.686974
17	174	0.69566
17	177	1.21582
18	23	0.840597
18	67	0.712269
18	118	0.816052
18	124	1.0863
18	138	0.767092
18	145	1.16219
18	150	1.10439
18	153	1.15516
18	154	1.15779
18	155	1.14148
18	157	1.15678
18	174	0.768618
18	180	1.13592
19	70	1.24769
19	77	1.27647
19	90	0.70051
19	103	1.30657
19	113	1.30839
19	125	0.628255
19	126	1.33784
19	146	1.31421
19	148	0.656806
19	156	0.655252
19	166	0.631241
19	177	1.30882
19	180	0.635905
20	96	1.14291
20	100	0.762074
20	109	0.734374
20	124	1.08598
20	132	0.818804
20	141	1.17491
20	144	1.15888
20	150	1.10408
20	155	1.14116
20	157	1.15646
20	176	0.785664
20	179	0.798631
20	180	1.13561
21	30	1.13281
21	38	1.21725
21	44	1.0603
21	84	0.826741
21	105	0.784129
21	121	1.12772
21	156	1.11605
21	159	0.766477
21	160	0.759244
21	167	0.756835
21	172	1.15959
21	176	1.14757
21	179	1.13875
22	84	0.836012
22	97	1.15078
22	130	0.726956
22	139	1.13052
22	150	1.1067
22	155	1.14378
22	157	1.15908
22	158	1.15431
22	159	0.775748
22	163	0.776908
22	171	1.11662
22	175	0.78539
22	180	1.13823
23	18	0.840597
23	38	0.72366
23	109	0.743065
23	140	1.16754
23	142	1.13796
23	144	0.784392
23	152	1.12958
23	161	1.13717
23	165	1.13227
23	167	1.15022
23	169	1.11982
23	171	1.12544
23	179	0.807322
24	30	1.1165
24	66	0.760347
24	71	0.880159
24	80	0.819365
24	120	1.1939
24	138	1.14132
24	140	0.725722
24	154	0.708303
24	163	1.10784
24	166	1.15324
24	176	1.13126
24	178	1.13351
24	179	1.12244
25	113	0.801787
25	115	1.11183
25	119	1.16577
25	140	1.16517
25	152	1.12722
25	154	0.769524
25	161	1.1348
25	165	1.1299
25	167	1.14785
25	169	1.11746
25	173	0.766727
25	178	0.77732
25	180	0.788663
26	14	1.17601
26	50	1.13398
26	99	0.75201
26	118	0.802091
26	120	1.18809
26	129	1.15052
26	136	0.768054
26	155	0.778423
26	162	1.09955
26	169	0.795367
26	175	1.10977
26	176	1.12545
26	179	1.11663
27	65	1.10165
27	69	1.10435
27	73	0.774383
27	88	0.826968
27	94	1.17079
27	126	1.16594
27	160	1.13658
27	161	0.780017
27	164	1.16104
27	170	1.12277
27	173	0.748522
27	176	0.774099
27	177	1.13692
28	95	1.07359
28	123	1.17208
28	133	1.12245
28	137	1.16178
28	139	0.802845
28	143	1.12503
28	157	1.1719
28	160	1.14348
28	165	0.807728
28	168	0.756366
28	170	1.12966
28	173	0.748065
28	179	0.786609
29	61	1.20701
29	62	1.08883
29	94	1.14751
29	126	1.14266
29	134	0.797988
29	146	1.11903
29	149	1.15767
29	150	0.804917
29	153	0.768937
29	161	0.768266
29	164	1.13776
29	170	1.09949
29	176	0.762348
30	21	1.13281
30	24	1.1165
30	46	1.0711
30	51	1.16134
30	76	0.792054
30	87	1.14756
30	146	0.77952
30	147	0.758679
30	164	0.764952
30	171	0.800255
30	176	1.15908
30	178	1.16133
30	179	1.15026
31	78	0.807137
31	88	1.08442
31	134	0.801654
31	141	1.17243
31	147	1.16338
31	150	1.1016
31	153	1.15236
31	155	1.13869
31	157	1.15399
31	168	0.748738
31	174	0.757423
31	175	0.791935
31	180	1.13313
32	79	0.784371
32	84	0.823787
32	130	1.1704
32	143	0.784876
32	147	0.739172
32	159	0.763523
32	161	1.12707
32	163	1.11305
32	173	1.1456
32	174	1.15677
32	175	1.12078
32	178	1.13872
32	179	1.12765
33	17	0.748451
33	76	0.800471
33	89	0.747823
33	111	1.13981
33	133	0.824636
33	135	1.14619
33	162	1.11471
33	164	0.773369
33	174	1.16091
33	175	1.12492
33	176	1.1406
33	179	1.13179
33	180	1.14108
34	8	1.30449
34	53	1.28101
34	56	0.674412
34	75	1.26484
34	99	1.31534
34	104	0.684969
34	154	0.616445
34	158	0.653374
34	159	1.30623
34	164	1.32612
34	166	0.630919
34	172	0.638925
34	177	1.30201
35	45	1.1584
35	83	1.27245
35	103	1.22836
35	116	0.728186
35	128	0.750914
35	132	1.20723
35	136	0.682374
35	143	1.21182
35	149	1.27463
35	168	0.660291
35	170	1.21645
35	171	0.711071
35	174	0.668976
35	177	1.23061
36	110	0.834733
36	131	1.08433
36	136	1.10483
36	139	1.09123
36	142	1.08986
36	146	0.854802
36	152	1.08148
36	158	1.11503
36	160	0.85108
36	165	1.08417
36	166	0.833727
36	169	1.07172
36	171	1.07734
36	178	0.82705
37	4	0.67515
37	64	1.17418
37	73	1.25737
37	86	1.23972
37	88	0.730299
37	100	1.24601
37	124	0.749599
37	128	1.19642
37	145	0.67942
37	146	0.690198
37	149	0.670231
37	151	1.2206
37	163	1.22112
37	176	1.24454
38	21	1.21725
38	23	0.72366
38	48	0.794954
38	98	1.16113
38	103	1.23452
38	118	1.20414
38	136	0.665078
38	147	0.652199
38	159	1.24099
38	167	0.666908
38	171	0.693776
38	173	1.25266
38	176	1.24352
38	178	1.24577
39	89	0.66365
39	119	0.694195
39	125	1.24333
39	126	0.673039
39	133	0.740463
39	134	1.20357
39	148	1.20364
39	170	0.713788
39	173	1.23795
39	174	1.24912
39	175	1.21313
39	177	0.705642
39	179	1.21999
39	180	1.22929
40	15	0.850897
40	133	0.694605
40	135	1.23187
40	155	0.660313
40	157	0.650203
40	158	0.659286
40	162	1.20039
40	165	0.679223
40	172	1.2383
40	174	1.24659
40	175	1.2106
40	176	1.22628
40	178	1.22853
40	179	1.21746
41	45	1.16829
41	77	1.20815
41	79	1.22572
41	87	0.727332
41	111	0.692535
41	138	0.688156
41	143	1.22171
41	153	0.704861
41	159	1.24472
41	161	0.70419
41	164	1.26461
41	166	0.689966
41	170	1.22634
41	177	1.2405
42	2	1.23869
42	10	0.678988
42	94	1.23419
42	97	0.699858
42	99	1.21364
42	117	1.25402
42	125	0.691878
42	145	0.705159
42	149	1.24434
42	159	1.20454
42	164	1.22443
42	169	0.735289
42	170	1.18616
42	178	0.688186
43	66	1.1712
43	69	1.19813
43	117	1.2844
43	133	1.20932
43	156	0.703697
43	158	0.702141
43	159	1.23492
43	164	1.25481
43	167	0.694629
43	170	1.21654
43	172	0.687691
43	175	0.713912
43	177	1.23069
43	179	0.700958
44	21	1.0603
44	96	0.801367
44	107	0.844152
44	116	0.86667
44	127	1.11455
44	138	1.09662
44	143	0.853682
44	162	1.06067
44	172	1.09859
44	174	1.10687
44	176	1.08656
44	177	0.830697
44	178	1.08882
44	180	1.08705
45	15	0.978337
45	35	1.1584
45	41	1.16829
45	54	1.10865
45	74	0.912585
45	98	1.01249
45	100	0.801549
45	112	1.09947
45	131	0.832557
45	145	0.827129
45	164	1.11225
45	170	1.07398
45	176	0.825139
45	177	1.08813
46	1	0.798643
46	30	1.0711
46	101	1.10291
46	106	1.07356
46	152	0.870929
46	154	0.822022
46	160	0.853849
46	166	1.10784
46	167	0.851439
46	168	1.10309
46	174	1.10616
46	175	1.07018
46	178	1.08811
46	179	1.07704
47	90	1.05727
47	95	0.911509
47	109	0.771908
47	122	1.08563
47	126	0.805242
47	162	1.0682
47	163	1.07068
47	166	1.11608
47	170	0.845991
47	171	0.856703
47	172	1.10612
47	174	1.1144
47	178	1.09635
47	179	1.08528
48	38	0.794954
48	81	0.821076
48	119	1.11638
48	139	1.08757
48	142	1.08619
48	152	1.07782
48	154	0.84287
48	158	1.11136
48	165	1.0805
48	167	1.09845
48	169	1.06806
48	171	1.07367
48	179	0.878616
48	180	0.862008
49	7	1.42355
49	52	0.613741
49	55	1.39884
49	56	1.38727
49	131	1.39803
49	143	0.626581
49	163	0.606388
49	167	1.41582
49	169	1.38543
49	171	1.39104
49	174	0.580359
49	176	0.588949
49	179	0.601916
49	180	0.585308
50	1	1.20441
50	4	0.710137
50	26	1.13398
50	62	1.1508
50	82	0.805281
50	104	0.758161
50	107	1.15878
50	137	1.19357
50	142	0.734269
50	151	1.15842
50	156	1.15084
50	169	0.744536
50	171	0.745921
50	177	1.17562
50	179	1.17355
51	11	1.20551
51	12	0.882068
51	16	0.708455
51	30	1.16134
51	94	0.723541
51	109	0.670293
51	128	1.12797
51	162	1.1502
51	163	1.15267
51	165	0.755669
51	166	1.19808
51	171	0.755087
51	175	1.16041
51	179	1.16727
51	180	1.17657
52	1	1.18731
52	2	1.1969
52	49	0.613741
52	62	1.13371
52	106	0.774458
52	112	1.16986
52	128	0.829106
52	146	1.16391
52	159	1.16275
52	163	0.773198
52	164	1.18264
52	170	1.14437
52	174	0.747169
52	177	1.15852
52	179	0.768726
53	34	1.28101
53	54	1.15985
53	116	1.11533
53	125	0.733741
53	138	0.734916
53	147	1.17681
53	149	1.18337
53	150	1.11504
53	152	0.771159
53	153	1.1658
53	164	1.16345
53	166	0.736726
53	175	0.770953
53	177	1.13934
53	179	0.757999
54	45	1.10865
54	53	1.15985
54	98	1.10521
54	103	1.1786
54	117	1.23456
54	123	0.757238
54	127	0.713864
54	156	0.768375
54	159	1.18507
54	160	1.18051
54	162	0.786052
54	170	1.1667
54	173	0.727093
54	176	0.752669
54	177	1.18085
55	6	0.723083
55	49	1.39884
55	74	1.06806
55	82	1.10556
55	87	0.771085
55	112	0.767159
55	113	0.751508
55	114	1.19767
55	131	1.14637
55	151	0.750455
55	165	1.14621
55	167	1.16416
55	169	1.13376
55	171	1.13938
55	176	0.742025
56	14	0.749117
56	34	0.674412
56	49	1.38727
56	106	0.784853
56	115	1.11656
56	122	0.801052
56	130	0.73364
56	142	1.14033
56	158	1.1655
56	161	1.13954
56	165	1.13464
56	168	1.16617
56	169	1.12219
56	171	1.12781
56	180	0.762512
57	75	0.767495
57	114	1.20445
57	120	0.701625
57	124	0.820582
57	127	0.709606
57	142	1.15868
57	158	1.18385
57	160	0.75746
57	161	1.15789
57	165	1.15299
57	167	1.17093
57	168	1.18452
57	169	1.14054
57	171	1.14616
57	180	0.744771
58	92	1.12372
58	113	0.739457
58	124	1.1212
58	144	1.1941
58	150	1.1393
58	151	0.738404
58	153	1.19006
58	154	1.1927
58	155	1.17638
58	157	1.19169
58	162	0.763357
58	163	0.747414
58	169	0.762094
58	175	0.755895
58	180	1.17083
59	62	0.79029
59	96	0.712972
59	131	0.735073
59	148	1.15241
59	152	0.753782
59	156	1.14606
59	158	0.741804
59	162	1.15168
59	163	1.15416
59	165	0.76174
59	172	1.1896
59	174	1.19788
59	175	1.1619
59	176	1.17758
59	179	1.16876
60	1	0.715551
60	7	0.704278
60	10	0.737528
60	64	1.11037
60	125	1.19525
60	126	0.743753
60	134	1.15549
60	139	0.790913
60	150	0.804278
60	151	1.15679
60	161	1.17134
60	162	1.15484
60	174	1.20104
60	178	1.18299
60	179	1.17191
61	8	1.25619
61	29	1.20701
61	102	1.18989
61	117	1.30742
61	128	0.750233
61	136	0.681693
61	138	0.66677
61	143	1.23492
61	157	0.681952
61	159	1.25793
61	160	1.25337
61	165	0.710972
61	168	0.65961
61	170	1.23955
61	173	0.651309
61	177	1.25371
62	12	1.00953
62	29	1.08883
62	50	1.1508
62	52	1.13371
62	59	0.79029
62	65	1.10025
62	112	1.14686
62	113	1.13509
62	115	0.805723
62	155	0.808778
62	159	1.13975
62	164	1.15964
62	165	0.827688
62	168	0.776327
62	172	0.793302
62	177	1.13553
63	9	0.624251
63	78	0.721506
63	86	0.696119
63	99	1.24014
63	107	1.20997
63	119	0.683582
63	137	1.24476
63	147	1.26428
63	149	1.27083
63	153	1.25327
63	154	1.2559
63	175	0.706304
63	176	0.680383
63	177	1.22681
63	179	0.693349
63	180	1.23404
64	37	1.17418
64	60	1.11037
64	70	0.843023
64	105	0.811827
64	120	1.16612
64	125	1.11799
64	134	1.07823
64	139	0.807099
64	141	0.753381
64	144	0.767932
64	166	1.12546
64	169	0.810015
64	174	1.12378
64	176	1.10348
64	178	1.10573
64	179	1.09466
65	15	1.01527
65	27	1.10165
65	62	1.10025
65	68	0.840781
65	109	1.18181
65	111	0.794598
65	115	0.812455
65	117	1.17877
65	118	1.09244
65	127	0.761529
65	135	0.79278
65	149	1.16909
65	151	0.808764
65	160	1.12472
65	170	1.11091
65	177	1.12506
66	3	0.915482
66	24	0.760347
66	43	1.1712
66	69	1.06828
66	79	1.08608
66	81	1.16094
66	82	0.853096
66	91	1.20011
66	143	1.08206
66	159	1.10507
66	160	1.1005
66	161	0.76615
66	164	1.12496
66	174	0.751641
66	177	1.10085
66	180	0.75659
67	18	0.712269
67	78	1.21428
67	105	0.699959
67	114	1.28598
67	146	0.678796
67	147	0.657956
67	153	0.672616
67	158	1.26537
67	159	0.682307
67	165	1.23451
67	169	1.22207
67	170	0.68882
67	171	1.22768
67	172	1.26083
67	179	1.23999
67	180	1.24929
68	65	0.840781
68	106	1.10792
68	126	0.753457
68	130	1.15415
68	132	0.804554
68	136	0.776221
68	150	0.813982
68	161	1.11082
68	162	1.09432
68	163	1.0968
68	171	0.804918
68	172	1.13224
68	173	1.12936
68	174	1.14052
68	178	1.12247
68	179	1.1114
69	27	1.10435
69	43	1.19813
69	66	1.06828
69	94	1.16165
69	98	1.05213
69	118	1.09514
69	137	1.14573
69	138	0.799691
69	144	0.799844
69	146	1.13316
69	154	0.787028
69	161	0.815725
69	170	1.11362
69	177	1.12777
69	178	0.794824
69	180	0.806166
70	19	1.24769
70	64	0.843023
70	81	1.15931
70	99	1.11254
70	107	1.08238
70	114	0.743011
70	117	1.15292
70	132	1.07584
70	143	1.08043
70	146	1.1046
70	169	0.828214
70	170	1.08506
70	174	0.787504
70	177	1.09921
70	179	0.809061
70	180	0.792453
71	9	0.823911
71	15	0.989191
71	24	0.880159
71	76	1.07017
71	84	1.05788
71	108	0.807087
71	114	0.82696
71	132	1.07561
71	137	1.11694
71	143	1.0802
71	146	1.10438
71	160	1.09864
71	161	0.885961
71	164	1.1231
71	170	1.08483
71	172	0.879743
71	177	1.09899
72	9	0.800646
72	84	1.02231
72	91	1.16268
72	118	1.03079
72	141	1.10995
72	145	1.0969
72	148	0.874038
72	149	1.10744
72	153	1.08988
72	154	1.09251
72	159	1.06764
72	163	0.874217
72	168	0.839502
72	170	1.04926
72	174	0.848187
72	179	0.869744
72	180	1.07064
73	27	0.774383
73	37	1.25737
73	85	0.736706
73	96	0.716568
73	114	0.678168
73	129	1.21174
73	146	0.74402
73	151	1.16272
73	153	0.73784
73	154	0.708472
73	156	1.15514
73	163	1.16325
73	173	1.1958
73	174	1.20697
73	175	1.17098
73	178	1.18892
73	180	1.18714
74	7	1.09277
74	45	0.912585
74	55	1.06806
74	104	1.06521
74	119	1.10296
74	126	1.10366
74	140	1.10236
74	150	0.860981
74	158	1.09795
74	163	0.835852
74	165	1.06709
74	167	1.08504
74	169	1.05464
74	171	1.06026
74	175	0.844333
74	177	0.833059
74	180	0.814771
75	4	0.74777
75	34	1.26484
75	57	0.767495
75	81	1.18326
75	84	1.08206
75	91	1.22243
75	102	1.05935
75	117	1.17688
75	118	1.09054
75	124	0.822219
75	134	0.785689
75	137	1.14113
75	148	0.767309
75	153	0.756638
75	161	0.755967
75	164	1.14729
75	170	1.10902
75	177	1.12317
76	8	1.134
76	30	0.792054
76	33	0.800471
76	71	1.07017
76	79	1.11675
76	81	1.19161
76	91	1.23078
76	94	1.16539
76	101	0.719469
76	131	0.763687
76	142	0.778122
76	149	1.17555
76	159	1.13574
76	160	1.13118
76	165	0.790355
76	170	1.11736
76	176	0.756269
76	177	1.13152
77	12	1.00199
77	17	1.18347
77	19	1.27647
77	41	1.20815
77	79	1.11322
77	103	1.12574
77	109	1.18474
77	115	0.788116
77	119	0.779195
77	127	0.73719
77	132	1.10462
77	134	0.811636
77	137	1.14595
77	160	1.12765
77	166	0.76769
77	173	0.750419
77	177	1.12799
77	180	0.772354
78	31	0.807137
78	63	0.721506
78	67	1.21428
78	91	0.730532
78	121	1.11946
78	122	1.13084
78	127	1.16729
78	133	0.821557
78	151	1.11536
78	154	0.74931
78	157	0.777155
78	172	1.15132
78	173	1.14844
78	174	1.15961
78	175	1.12362
78	176	1.1393
78	177	0.786736
78	179	1.13049
79	1	1.17436
79	32	0.784371
79	41	1.22572
79	66	1.08608
79	76	1.11675
79	77	1.11322
79	81	1.20566
79	83	1.18741
79	118	1.11294
79	119	0.771293
79	132	1.12219
79	133	1.1242
79	141	0.743579
79	142	0.789947
79	165	0.80218
79	170	1.13141
79	173	0.742517
79	180	0.764453
80	24	0.819365
80	95	1.03091
80	110	0.811949
80	116	1.07714
80	136	0.824057
80	138	0.809133
80	144	1.13165
80	145	1.13464
80	147	1.13862
80	150	1.07684
80	153	1.12761
80	154	1.13024
80	155	1.11393
80	157	1.12923
80	160	1.1008
80	167	0.825887
80	173	0.793672
80	176	0.819249
80	180	1.10838
81	48	0.821076
81	66	1.16094
81	70	1.15931
81	75	1.18326
81	76	1.19161
81	79	1.20566
81	91	1.31969
81	99	1.23376
81	127	0.647588
81	128	0.759741
81	133	1.19906
81	143	1.20165
81	159	1.22465
81	161	0.692312
81	162	0.719776
81	176	0.686393
81	177	1.22043
81	179	0.69936
81	180	0.682752
82	4	1.1531
82	11	0.788627
82	50	0.805281
82	55	1.10556
82	66	0.853096
82	85	1.1123
82	99	0.812594
82	102	1.04832
82	139	1.11165
82	140	1.13986
82	142	1.11028
82	152	1.1019
82	165	1.10459
82	167	1.12254
82	169	1.09214
82	171	1.09776
82	173	0.798254
82	176	0.823831
82	180	0.82019
83	6	0.713428
83	12	1.07619
83	35	1.27245
83	79	1.18741
83	94	1.23606
83	110	0.725069
83	114	0.679287
83	120	0.685582
83	133	1.18082
83	135	0.724815
83	142	0.754223
83	144	1.23269
83	147	1.23966
83	153	1.22865
83	157	1.23027
83	159	1.20641
83	173	0.706793
83	178	0.717386
83	180	1.20941
84	21	0.826741
84	22	0.836012
84	32	0.823787
84	71	1.05788
84	72	1.02231
84	75	1.08206
84	99	1.13256
84	112	1.13056
84	117	1.17294
84	133	1.09786
84	135	0.799955
84	137	1.13719
84	158	0.821659
84	159	1.12345
84	160	1.11889
84	161	0.813428
84	170	1.10508
84	173	0.781933
84	177	1.11923
85	7	1.17864
85	10	1.1944
85	73	0.736706
85	82	1.1123
85	89	1.2241
85	90	0.797385
85	107	0.764524
85	122	0.771321
85	131	1.15312
85	142	1.15865
85	148	0.753682
85	158	1.18382
85	164	0.734623
85	165	1.15296
85	167	1.1709
85	168	1.18449
85	169	1.14051
85	171	1.14612
85	172	0.736121
85	173	0.710845
86	37	1.23972
86	63	0.696119
86	125	1.18353
86	128	1.12089
86	131	0.754121
86	133	0.796171
86	135	1.1746
86	137	0.745119
86	144	0.73674
86	147	0.738632
86	148	1.14384
86	151	1.14507
86	152	0.77283
86	156	1.13749
86	162	1.14312
86	166	1.191
86	167	0.753341
86	174	1.18932
86	178	1.17126
86	179	1.16019
87	30	1.14756
87	41	0.727332
87	55	0.771085
87	109	0.708736
87	111	1.16152
87	114	0.706943
87	127	1.1903
87	129	1.18739
87	130	1.19625
87	148	1.13715
87	149	0.752827
87	152	0.786153
87	163	1.1389
87	164	0.758228
87	166	1.1843
87	170	0.782819
87	174	1.18262
87	175	1.14664
87	178	1.16457
87	180	1.1628
88	27	0.826968
88	31	1.08442
88	37	0.730299
88	105	1.10475
88	116	1.09486
88	117	0.747141
88	141	1.16539
88	144	1.14936
88	145	1.15235
88	147	1.15633
88	150	1.09456
88	153	1.14532
88	154	1.14796
88	155	1.13164
88	156	0.799542
88	157	1.14694
88	159	0.800115
88	162	0.817218
88	176	0.783835
88	179	0.796802
88	180	1.12609
89	6	0.684679
89	11	0.668418
89	33	0.747823
89	39	0.66365
89	85	1.2241
89	129	0.686064
89	131	1.21654
89	136	1.23704
89	139	1.22345
89	140	1.25165
89	142	1.22207
89	143	0.741253
89	148	0.720882
89	152	1.2137
89	158	1.24724
89	165	1.21638
89	167	1.23433
89	169	1.20394
89	171	1.20955
89	172	0.703321
89	178	0.688638
90	14	1.18757
90	19	0.70051
90	47	1.05727
90	85	0.797385
90	98	0.878432
90	114	0.738847
90	121	1.11717
90	122	1.12854
90	141	0.767415
90	142	0.813783
90	147	0.783859
90	148	1.11184
90	162	1.11112
90	166	1.159
90	170	0.814723
90	173	1.14615
90	174	1.15732
90	175	1.12133
90	176	1.13701
90	179	1.1282
90	180	1.13749
91	15	1.14981
91	66	1.20011
91	72	1.16268
91	75	1.22243
91	76	1.23078
91	78	0.730532
91	81	1.31969
91	98	1.18396
91	107	1.24277
91	115	0.70153
91	118	1.22697
91	132	1.23623
91	135	0.681854
91	136	0.694217
91	143	1.24082
91	161	0.695327
91	164	1.28372
91	166	0.681103
91	169	0.721529
91	175	0.71533
91	180	0.685768
92	8	0.777635
92	58	1.12372
92	105	1.10635
92	113	0.797793
92	128	1.07908
92	144	1.15097
92	145	1.15395
92	146	1.12585
92	147	1.15794
92	150	1.09616
92	153	1.14692
92	154	1.14956
92	155	1.13324
92	157	1.14855
92	161	0.794229
92	169	0.82043
92	173	0.762733
92	174	0.77972
92	178	0.773327
92	179	0.801277
92	180	1.12769
93	2	0.717761
93	9	0.682475
93	110	1.18082
93	119	0.741806
93	121	1.1738
93	126	0.72065
93	131	0.746024
93	148	1.16847
93	151	1.1697
93	155	0.753783
93	156	1.16212
93	160	0.747654
93	162	1.16775
93	163	1.17023
93	164	0.736808
93	167	0.745244
93	168	1.21088
93	172	1.20566
93	173	1.20278
93	174	1.21395
93	175	1.17796
93	178	1.1959
94	5	0.721019
94	15	1.08442
94	27	1.17079
94	29	1.14751
94	42	1.23419
94	51	0.723541
94	69	1.16165
94	76	1.16539
94	83	1.23606
94	118	1.16158
94	125	0.721633
94	129	0.715367
94	137	1.21217
94	138	0.722808
94	139	0.762128
94	143	1.17543
94	149	1.23824
94	151	0.741354
94	153	0.739513
94	164	1.21833
94	175	0.758845
94	177	1.19421
95	28	1.07359
95	47	0.911509
95	80	1.03091
95	115	0.831398
95	123	1.11837
95	125	0.807986
95	127	0.780472
95	128	1.04873
95	141	1.13664
95	144	1.12061
95	145	1.12359
95	147	1.12758
95	148	0.836538
95	150	1.0658
95	151	0.827707
95	153	1.11656
95	154	1.1192
95	155	1.10289
95	157	1.11819
95	174	0.810687
95	178	0.804294
95	180	1.09733
96	20	1.14291
96	44	0.801367
96	59	0.712972
96	73	0.716568
96	100	0.692694
96	116	1.15086
96	118	0.755128
96	123	1.20313
96	124	1.13247
96	134	0.751923
96	141	1.2214
96	145	1.20835
96	147	1.21234
96	150	1.15056
96	153	1.20132
96	154	1.20396
96	155	1.18765
96	157	1.20295
96	167	0.722921
96	176	0.716283
96	177	0.73093
96	180	1.18209
97	4	1.22108
97	22	1.15078
97	42	0.699858
97	110	0.720355
97	116	0.778275
97	120	0.680867
97	128	0.801002
97	131	1.17273
97	136	1.19323
97	139	1.17963
97	140	1.20784
97	142	1.17826
97	151	0.736085
97	158	1.20343
97	165	1.17257
97	167	1.19051
97	168	1.2041
97	169	1.16012
97	171	1.16573
97	176	0.727655
97	179	0.740622
97	180	0.724014
98	7	0.760037
98	38	1.16113
98	45	1.01249
98	54	1.10521
98	69	1.05213
98	90	0.878432
98	91	1.18396
98	107	1.06786
98	109	1.14144
98	112	1.09603
98	113	1.08426
98	122	0.852368
98	129	0.799911
98	147	0.809397
98	149	1.12872
98	151	0.825898
98	152	0.843596
98	159	1.08892
98	160	1.08435
98	163	0.834908
98	164	1.10881
98	177	1.08469
99	26	0.75201
99	34	1.31534
99	42	1.21364
99	63	1.24014
99	70	1.11254
99	81	1.23376
99	82	0.812594
99	84	1.13256
99	101	0.682929
99	102	1.10985
99	103	1.17142
99	112	1.185
99	113	1.17323
99	126	1.20269
99	132	1.15029
99	155	0.734906
99	162	0.753112
99	168	0.702454
99	170	1.15951
99	172	0.719429
99	179	0.732696
99	180	0.716088
100	20	0.762074
100	37	1.24601
100	45	0.801549
100	96	0.692694
100	104	0.753121
100	108	1.23746
100	110	1.16248
100	130	1.20924
100	135	1.18089
100	148	1.15013
100	156	1.14378
100	157	0.712443
100	158	0.721526
100	160	0.716424
100	166	1.19729
100	167	0.714014
100	173	1.18444
100	175	1.15962
100	176	1.1753
100	177	0.722023
100	178	1.17756
100	180	1.17578
101	15	0.899925
101	46	1.10291
101	76	0.719469
101	99	0.682929
101	106	1.17858
101	107	0.722268
101	111	1.19009
101	115	1.15851
101	125	1.2054
101	127	1.21886
101	133	0.743634
101	139	0.723369
101	144	0.684202
101	162	1.16499
101	164	0.692367
101	169	0.726286
101	172	1.2029
101	173	1.20002
101	174	1.21119
101	178	1.19314
101	179	1.18206
101	180	1.19136
102	61	1.18989
102	75	1.05935
102	82	1.04832
102	99	1.10985
102	111	0.828365
102	127	0.795296
102	132	1.07314
102	135	0.826547
102	136	1.10963
102	139	1.09603
102	148	0.851362
102	149	1.14055
102	152	1.08628
102	154	0.811322
102	159	1.10074
102	164	1.12063
102	167	1.10692
102	169	1.07652
102	171	1.08214
102	178	0.819118
102	179	0.847068
102	180	0.83046
103	3	0.868258
103	19	1.30657
103	35	1.22836
103	38	1.23452
103	54	1.1786
103	77	1.12574
103	99	1.17142
103	129	0.69545
103	132	1.13471
103	137	1.17604
103	143	1.1393
103	149	1.20211
103	151	0.721437
103	159	1.16231
103	163	0.730447
103	164	1.1822
103	166	0.704702
103	171	0.746512
103	174	0.704417
103	175	0.738928
103	177	1.15809
103	178	0.698024
104	34	0.684969
104	50	0.758161
104	74	1.06521
104	100	0.753121
104	109	0.72542
104	119	1.17923
104	121	0.797879
104	124	0.848881
104	126	1.17993
104	131	1.14352
104	133	1.12954
104	138	1.16771
104	139	1.15042
104	140	1.17863
104	141	0.752196
104	142	1.14905
104	144	0.766747
104	152	1.14067
104	162	0.810093
104	165	1.14336
104	167	1.16131
104	168	1.17489
104	171	1.13653
105	21	0.784129
105	64	0.811827
105	67	0.699959
105	88	1.10475
105	92	1.10635
105	116	1.12223
105	124	1.10383
105	129	0.747341
105	141	1.19276
105	144	1.17673
105	145	1.17972
105	147	1.1837
105	150	1.12193
105	154	1.17532
105	155	1.15901
105	156	0.780604
105	157	1.17431
105	160	1.14589
105	161	0.770816
105	162	0.798281
105	176	0.764898
105	178	0.749915
105	180	1.15346
106	46	1.07356
106	52	0.774458
106	56	0.784853
106	68	1.10792
106	101	1.17858
106	129	1.18661
106	134	1.1363
106	136	0.754473
106	142	0.771519
106	143	0.787298
106	144	0.739702
106	146	0.762435
106	151	1.13759
106	153	0.756255
106	158	0.763815
106	163	1.13812
106	172	1.17356
106	174	1.18184
106	175	1.14586
106	176	1.16154
106	178	1.16379
106	179	1.15272
106	180	1.16202
107	15	1.03371
107	17	1.19898
107	44	0.844152
107	50	1.15878
107	63	1.20997
107	70	1.08238
107	85	0.764524
107	91	1.24277
107	98	1.06786
107	101	0.722268
107	109	1.20025
107	112	1.15484
107	115	0.771189
107	137	1.16146
107	141	0.734554
107	143	1.12472
107	146	1.1489
107	152	0.785196
107	159	1.14773
107	164	1.16762
107	172	0.758768
107	174	0.750478
107	179	0.772035
108	71	0.807087
108	100	1.23746
108	120	1.29864
108	123	0.662579
108	124	0.73018
108	131	0.665428
108	135	1.24159
108	144	0.648047
108	145	0.66
108	156	1.20447
108	158	0.672159
108	161	1.2266
108	162	1.2101
108	165	0.692096
108	166	1.25798
108	167	0.664648
108	169	0.69013
108	173	1.24513
108	174	1.2563
108	175	1.22031
108	176	1.236
108	178	1.23825
108	179	1.22718
109	1	1.24587
109	12	1.09108
109	20	0.734374
109	23	0.743065
109	47	0.771908
109	51	0.670293
109	65	1.18181
109	77	1.18474
109	87	0.708736
109	98	1.14144
109	104	0.72542
109	107	1.20025
109	112	1.22841
109	118	1.18445
109	122	0.714575
109	128	0.753023
109	135	0.672121
109	143	1.1983
109	149	1.26111
109	159	1.22131
109	162	0.713059
109	164	1.2412
109	170	1.20293
109	177	1.21708
110	6	1.19825
110	14	1.21156
110	36	0.834733
110	80	0.811949
110	83	0.725069
110	93	1.18082
110	97	0.720355
110	100	1.16248
110	112	0.7488
110	113	1.15382
110	122	1.15254
110	123	0.728235
110	127	1.18899
110	140	0.718306
110	149	0.716467
110	156	1.12949
110	160	0.732713
110	162	1.13511
110	165	0.757752
110	166	1.18299
110	172	1.17303
110	173	1.17015
110	175	1.14533
110	178	1.16326
110	179	1.15219
111	33	1.13981
111	41	0.692535
111	65	0.794598
111	87	1.16152
111	101	1.19009
111	102	0.828365
111	118	0.764074
111	119	0.728429
111	122	1.16458
111	123	0.729799
111	140	0.71987
111	156	1.14152
111	159	0.741509
111	160	0.734277
111	162	1.14715
111	163	1.14963
111	165	0.759316
111	166	1.19503
111	172	1.18506
111	173	1.18218
111	175	1.15736
111	176	1.17304
111	178	1.1753
111	179	1.16423
111	180	1.17352
112	16	0.742973
112	17	1.22715
112	45	1.09947
112	52	1.16986
112	55	0.767159
112	62	1.14686
112	84	1.13056
112	98	1.09603
112	99	1.185
112	107	1.15484
112	109	1.22841
112	110	0.7488
112	130	0.723588
112	131	0.763519
112	133	1.1503
112	137	1.18963
112	143	1.15288
112	149	1.2157
112	157	0.761167
112	164	1.19579
112	166	0.747795
112	168	0.738825
112	170	1.15752
112	178	0.741118
112	179	0.769068
113	2	1.19828
113	19	1.30839
113	25	0.801787
113	55	0.751508
113	58	0.739457
113	62	1.13509
113	92	0.797793
113	98	1.08426
113	99	1.17323
113	110	1.15382
113	131	0.747868
113	132	1.13653
113	136	0.745257
113	141	0.715935
113	144	0.730486
113	148	1.14148
113	153	0.747038
113	154	0.71767
113	159	1.16413
113	170	1.14575
113	172	1.17867
113	173	1.17579
113	174	1.18696
113	175	1.15097
113	176	1.16665
114	8	0.667208
114	55	1.19767
114	57	1.20445
114	67	1.28598
114	70	0.743011
114	71	0.82696
114	73	0.678168
114	83	0.679287
114	87	0.706943
114	90	0.738847
114	121	0.699052
114	136	1.21737
114	138	1.22106
114	139	1.20377
114	140	1.23198
114	142	1.2024
114	143	0.715515
114	144	0.66792
114	152	1.19402
114	158	1.22757
114	165	1.19671
114	167	1.21465
114	168	1.22824
114	169	1.18426
114	171	1.18987
114	172	0.677583
115	14	1.19202
115	25	1.11183
115	56	1.11656
115	62	0.805723
115	65	0.812455
115	77	0.788116
115	91	0.70153
115	95	0.831398
115	101	1.15851
115	107	0.771189
115	116	0.793707
115	119	1.16304
115	132	0.776228
115	146	0.755856
115	152	1.12448
115	159	0.759366
115	161	1.13207
115	165	1.12716
115	167	1.14511
115	169	1.11472
115	171	1.12033
115	173	1.1506
115	175	1.12578
115	176	1.14146
115	178	1.14371
115	179	1.13264
116	35	0.728186
116	44	0.86667
116	53	1.11533
116	80	1.07714
116	88	1.09486
116	96	1.15086
116	97	0.778275
116	105	1.12223
116	115	0.793707
116	117	0.744891
116	123	1.1646
116	124	1.09394
116	127	0.74278
116	144	1.16684
116	145	1.16983
116	147	1.17381
116	150	1.11203
116	154	1.16543
116	155	1.14912
116	156	0.797292
116	157	1.16442
116	160	1.13599
116	166	0.77328
116	170	0.804379
116	174	0.772996
116	180	1.14356
117	42	1.25402
117	43	1.2844
117	54	1.23456
117	61	1.30742
117	65	1.17877
117	70	1.15292
117	75	1.17688
117	84	1.17294
117	88	0.747141
117	116	0.744891
117	118	1.18142
117	120	0.647484
117	122	0.729171
117	126	1.24306
117	132	1.19067
117	134	0.729912
117	138	0.684155
117	143	1.19526
117	158	0.708421
117	160	1.2137
117	163	0.711711
117	170	1.19989
117	175	0.720193
117	177	1.21405
117	178	0.679288
117	179	0.707238
118	2	1.16609
118	18	0.816052
118	26	0.802091
118	38	1.20414
118	65	1.09244
118	69	1.09514
118	72	1.03079
118	75	1.09054
118	79	1.11294
118	91	1.22697
118	94	1.16158
118	96	0.755128
118	109	1.18445
118	111	0.764074
118	117	1.18142
118	121	0.790979
118	143	1.10892
118	146	1.1331
118	158	0.78396
118	159	1.13193
118	163	0.78725
118	164	1.15183
118	167	0.776448
118	174	0.76122
118	177	1.12771
118	180	0.766169
119	9	1.22381
119	25	1.16577
119	39	0.694195
119	48	1.11638
119	63	0.683582
119	74	1.10296
119	77	0.779195
119	79	0.771293
119	93	0.741806
119	104	1.17923
119	111	0.728429
119	115	1.16304
119	129	0.716609
119	131	1.18127
119	138	1.20547
119	139	1.18818
119	140	1.21639
119	152	1.17843
119	156	0.749872
119	158	1.21198
119	165	1.18111
119	167	1.19906
119	168	1.21265
119	171	1.17428
119	172	0.733866
119	175	0.760087
119	179	0.747133
120	24	1.1939
120	26	1.18809
120	57	0.701625
120	64	1.16612
120	83	0.685582
120	97	0.680867
120	108	1.29864
120	117	0.647484
120	121	1.21663
120	124	0.756349
120	149	0.67698
120	150	0.726747
120	151	1.21254
120	152	0.710306
120	156	1.20496
120	161	1.22708
120	162	1.21058
120	164	0.68238
120	165	0.718264
120	166	1.25846
120	168	1.25371
120	170	0.706971
120	173	1.24562
120	175	1.2208
120	176	1.23648
120	177	0.698825
120	178	1.23873
120	179	1.22766
121	21	1.12772
121	78	1.11946
121	90	1.11717
121	93	1.1738
121	104	0.797879
121	114	0.699052
121	118	0.790979
121	120	1.21663
121	125	1.16851
121	137	0.750552
121	138	1.16405
121	139	0.781339
121	140	0.746775
121	148	1.12882
121	149	0.744936
121	151	1.13005
121	152	0.778262
121	158	0.766284
121	160	0.761182
121	163	1.13057
121	166	1.17597
121	170	0.774928
121	173	1.16313
121	174	1.17429
121	176	1.15399
121	178	1.15624
121	179	1.14517
121	180	1.15447
122	2	0.74502
122	17	0.739149
122	47	1.08563
122	56	0.801052
122	78	1.13084
122	85	0.771321
122	90	1.12854
122	98	0.852368
122	109	0.714575
122	110	1.15254
122	111	1.16458
122	117	0.729171
122	129	1.19044
122	134	1.14013
122	136	0.770673
122	138	1.17542
122	141	0.741351
122	149	0.758666
122	151	1.14142
122	161	1.15597
122	162	1.13947
122	163	1.14195
122	167	0.772503
122	172	1.17739
122	174	1.18567
122	178	1.16762
122	179	1.15655
122	180	1.16585
123	10	0.711354
123	28	1.17208
123	54	0.757238
123	95	1.11837
123	96	1.20313
123	108	0.662579
123	110	0.728235
123	111	0.729799
123	116	1.1646
123	124	1.1462
123	127	0.696729
123	141	1.23513
123	144	1.2191
123	145	1.22209
123	146	1.19399
123	147	1.22607
123	150	1.1643
123	153	1.21506
123	154	1.2177
123	155	1.20138
123	157	1.21668
123	160	1.18826
123	168	0.71826
123	169	0.767655
123	174	0.726945
123	176	0.735535
123	177	0.750182
123	178	0.720552
123	180	1.19583
124	18	1.0863
124	20	1.08598
124	37	0.749599
124	57	0.820582
124	58	1.1212
124	75	0.822219
124	96	1.13247
124	104	0.848881
124	105	1.10383
124	108	0.73018
124	116	1.09394
124	120	0.756349
124	123	1.1462
124	130	0.770623
124	141	1.16447
124	144	1.14844
124	145	1.15143
124	146	1.12333
124	147	1.15541
124	150	1.09364
124	153	1.1444
124	154	1.14704
124	155	1.13072
124	157	1.14602
124	166	0.79483
124	168	0.785861
124	171	0.836641
124	178	0.788153
124	180	1.12517
125	19	0.628255
125	39	1.24333
125	42	0.691878
125	53	0.733741
125	60	1.19525
125	64	1.11799
125	86	1.18353
125	94	0.721633
125	95	0.807986
125	101	1.2054
125	121	1.16851
125	126	0.701719
125	130	1.22229
125	135	1.19394
125	153	0.726264
125	158	0.733824
125	159	0.735954
125	166	1.21034
125	167	0.726312
125	168	1.20559
125	169	0.751795
125	172	1.20037
125	173	1.19749
125	174	1.20866
125	176	1.18835
125	177	0.734321
125	178	1.19061
125	179	1.17954
125	180	1.18883
126	17	1.24483
126	19	1.33784
126	27	1.16594
126	29	1.14266
126	39	0.673039
126	47	0.805242
126	60	0.743753
126	68	0.753457
126	74	1.10366
126	93	0.72065
126	99	1.20269
126	104	1.17993
126	117	1.24306
126	125	0.701719
126	132	1.16598
126	134	0.74865
126	137	1.20731
126	142	1.1875
126	151	0.72144
126	152	1.17912
126	165	1.18181
126	167	1.19975
126	168	1.21334
126	169	1.16936
126	170	1.1752
126	172	0.71271
126	174	0.70442
126	176	0.71301
126	180	0.709369
127	44	1.11455
127	54	0.713864
127	57	0.709606
127	65	0.761529
127	77	0.73719
127	78	1.16729
127	81	0.647588
127	87	1.1903
127	95	0.780472
127	101	1.21886
127	102	0.795296
127	110	1.18899
127	116	0.74278
127	123	0.696729
127	129	1.22689
127	139	0.721364
127	147	0.684089
127	151	1.17787
127	162	1.17592
127	163	1.1784
127	166	1.2238
127	168	1.21905
127	173	1.21096
127	174	1.22212
127	175	1.18614
127	176	1.20182
127	177	0.706807
127	178	1.20407
127	179	1.193
128	7	0.746882
128	35	0.750914
128	37	1.19642
128	51	1.12797
128	52	0.829106
128	61	0.750233
128	81	0.759741
128	86	1.12089
128	92	1.07908
128	95	1.04873
128	97	0.801002
128	109	0.753023
128	141	1.16549
128	144	1.14947
128	147	1.15644
128	148	1.10054
128	154	1.14806
128	155	1.13174
128	156	1.09419
128	157	1.14705
128	159	0.820593
128	170	0.827106
128	171	0.837818
128	173	1.13485
128	174	1.14601
128	175	1.11003
128	177	0.81896
128	179	1.11689
128	180	1.12619
129	26	1.15052
129	73	1.21174
129	87	1.18739
129	89	0.686064
129	94	0.715367
129	98	0.799911
129	103	0.69545
129	105	0.747341
129	106	1.18661
129	119	0.716609
129	122	1.19044
129	127	1.22689
129	143	0.751041
129	145	0.715399
129	147	0.705337
129	148	1.17374
129	151	1.17496
129	159	0.729688
129	162	1.17301
129	163	1.17549
129	164	0.71161
129	166	1.22089
129	167	0.720046
129	172	1.21093
129	173	1.20805
129	174	1.21921
129	176	1.19891
129	178	1.20116
129	179	1.19009
130	3	1.08468
130	13	1.22802
130	22	0.726956
130	32	1.1704
130	56	0.73364
130	68	1.15415
130	87	1.19625
130	100	1.20924
130	112	0.723588
130	124	0.770623
130	125	1.22229
130	133	0.747921
130	134	1.18253
130	137	0.69687
130	139	0.727657
130	141	0.673938
130	148	1.1826
130	156	1.17625
130	159	0.714733
130	163	1.18435
130	166	1.22976
130	168	1.225
130	169	0.730573
130	171	0.731958
130	172	1.21979
130	173	1.21691
130	176	1.20777
130	177	0.7131
130	178	1.21002
131	36	1.08433
131	45	0.832557
131	49	1.39803
131	55	1.14637
131	59	0.735073
131	76	0.763687
131	85	1.15312
131	86	0.754121
131	89	1.21654
131	93	0.746024
131	97	1.17273
131	104	1.14352
131	108	0.665428
131	112	0.763519
131	113	0.747868
131	119	1.18127
131	133	1.13158
131	134	0.774025
131	136	1.16606
131	139	1.15247
131	140	1.18067
131	147	0.730313
131	152	1.14272
131	161	1.1503
131	165	1.1454
131	167	1.16335
131	169	1.13296
131	171	1.13857
131	176	0.738384
131	179	0.751351
132	1	1.16575
132	10	0.739926
132	20	0.818804
132	35	1.20723
132	68	0.804554
132	70	1.07584
132	71	1.07561
132	77	1.10462
132	79	1.12219
132	91	1.23623
132	99	1.15029
132	102	1.07314
132	103	1.13471
132	113	1.13653
132	115	0.776228
132	117	1.19067
132	126	1.16598
132	138	0.753991
132	143	1.11818
132	149	1.18099
132	152	0.790234
132	156	0.779813
132	159	1.14119
132	162	0.79749
132	163	0.781546
132	164	1.16108
132	166	0.755801
132	170	1.12281
132	177	1.13696
132	178	0.749124
132	180	0.760466
133	28	1.12245
133	33	0.824636
133	39	0.740463
133	40	0.694605
133	43	1.20932
133	78	0.821557
133	79	1.1242
133	81	1.19906
133	83	1.18082
133	84	1.09786
133	86	0.796171
133	101	0.743634
133	104	1.12954
133	112	1.1503
133	130	0.747921
133	131	1.13158
133	142	1.13711
133	152	1.12873
133	158	1.16228
133	160	1.13863
133	162	0.813817
133	163	0.797874
133	165	1.13142
133	167	1.14937
133	169	1.11897
133	170	1.12481
133	171	1.12459
133	173	0.754857
133	177	1.13897
133	179	0.793401
133	180	0.776793
134	3	1.02551
134	29	0.797988
134	31	0.801654
134	39	1.20357
134	60	1.15549
134	64	1.07823
134	75	0.785689
134	77	0.811636
134	96	0.751923
134	106	1.1363
134	117	0.729912
134	122	1.14013
134	126	0.74865
134	130	1.18253
134	131	0.774025
134	135	1.15419
134	137	0.765023
134	144	0.756643
134	148	1.12342
134	161	1.1392
134	163	1.12518
134	166	1.17058
134	167	0.773244
134	168	1.16583
134	171	0.800111
134	172	1.16062
134	174	1.1689
134	175	1.13291
134	176	1.14859
134	179	1.13978
134	180	1.14908
135	33	1.14619
135	40	1.23187
135	65	0.79278
135	83	0.724815
135	84	0.799955
135	86	1.1746
135	91	0.681854
135	100	1.18089
135	102	0.826547
135	108	1.24159
135	109	0.672121
135	125	1.19394
135	134	1.15419
135	140	0.718051
135	141	0.698897
135	145	0.725401
135	148	1.15426
135	155	0.738588
135	156	1.1479
135	157	0.728477
135	162	1.15353
135	163	1.15601
135	166	1.20141
135	170	0.746204
135	173	1.18856
135	174	1.19973
135	175	1.16374
135	176	1.17943
135	177	0.738058
135	178	1.18168
135	179	1.17061
135	180	1.17991
136	4	1.21442
136	9	1.2086
136	10	1.20735
136	26	0.768054
136	35	0.682374
136	36	1.10483
136	38	0.665078
136	61	0.681693
136	68	0.776221
136	80	0.824057
136	89	1.23704
136	91	0.694217
136	97	1.19323
136	102	1.10963
136	106	0.754473
136	113	0.745257
136	114	1.21737
136	122	0.770673
136	131	1.16606
136	138	1.19026
136	139	1.17297
136	142	1.17159
136	151	0.744203
136	152	1.16322
136	158	1.19676
136	161	1.17081
136	165	1.1659
136	168	1.19743
136	169	1.15346
136	171	1.15907
136	175	0.761695
136	176	0.735774
137	2	1.21667
137	13	0.711018
137	28	1.16178
137	50	1.19357
137	63	1.24476
137	69	1.14573
137	71	1.11694
137	75	1.14113
137	77	1.14595
137	84	1.13719
137	86	0.745119
137	94	1.21217
137	103	1.17604
137	107	1.16146
137	112	1.18963
137	121	0.750552
137	126	1.20731
137	130	0.69687
137	134	0.765023
137	139	0.758586
137	149	1.22232
137	157	0.734449
137	159	1.18252
137	163	0.746822
137	164	1.20241
137	165	0.763469
137	170	1.16414
137	173	0.703806
137	175	0.755304
137	176	0.729383
137	177	1.17829
137	179	0.74235
138	9	1.21229
138	18	0.767092
138	24	1.14132
138	41	0.688156
138	44	1.09662
138	53	0.734916
138	61	0.66677
138	69	0.799691
138	80	0.809133
138	94	0.722808
138	104	1.16771
138	114	1.22106
138	117	0.684155
138	119	1.20547
138	121	1.16405
138	122	1.17542
138	132	0.753991
138	136	1.19026
138	140	1.20487
138	150	0.763419
138	151	1.15995
138	152	1.16691
138	155	0.736026
138	157	0.725916
138	161	1.1745
138	168	1.20113
138	169	1.15715
138	170	0.743643
138	172	1.19591
138	174	1.2042
138	178	1.18615
138	179	1.17508
139	22	1.13052
139	28	0.802845
139	36	1.09123
139	48	1.08757
139	60	0.790913
139	64	0.807099
139	82	1.11165
139	89	1.22345
139	94	0.762128
139	97	1.17963
139	101	0.723369
139	102	1.09603
139	104	1.15042
139	114	1.20377
139	119	1.18818
139	121	0.781339
