1	14	0.86585
1	19	0.939496
1	24	1.49366
1	40	0.907638
1	55	0.897797
1	61	0.951652
1	135	0.916052
1	143	0.928994
1	150	1.31894
1	164	1.84894
1	173	0.825801
1	178	1.45904
2	7	0.966595
2	16	0.831528
2	18	0.936111
2	26	0.897076
2	30	0.812156
2	32	0.901534
2	33	0.895907
2	34	0.997528
2	155	1.54444
2	161	1.73708
2	172	1.58033
2	178	1.35368
3	13	0.844016
3	21	0.84291
3	41	0.776861
3	43	0.867117
3	58	0.834953
3	63	0.769757
3	64	0.802024
3	149	2.08016
3	152	0.792934
3	155	2.07342
3	160	1.72328
3	173	0.714836
4	5	0.86911
4	12	0.757338
4	29	0.892949
4	42	0.762873
4	44	0.76291
4	50	0.825985
4	111	1.9566
4	137	1.99986
4	144	0.804199
4	151	0.810576
4	155	0.739467
4	156	1.82858
5	4	0.86911
5	12	0.879746
5	20	0.936697
5	42	0.88528
5	44	0.885317
5	51	0.806058
5	133	0.951003
5	135	1.21942
5	151	0.932983
5	155	0.861874
5	157	1.72146
5	167	2.35171
6	7	0.978425
6	16	0.843359
6	24	1.93939
6	26	0.908907
6	30	0.823986
6	32	0.913364
6	33	0.907738
6	34	1.00936
6	97	1.24958
6	112	1.38975
6	122	0.840905
6	137	1.48255
7	2	0.966595
7	6	0.978425
7	16	0.829709
7	18	0.934292
7	26	0.895257
7	30	0.810336
7	33	0.894088
7	80	0.916354
7	86	1.05863
7	168	2.15759
7	178	1.41909
7	179	1.58875
8	31	0.728929
8	57	0.734786
8	59	0.732593
8	78	0.745763
8	81	0.779289
8	82	0.719914
8	84	0.720063
8	116	2.30812
8	144	0.730452
8	148	0.694851
8	165	3.16835
8	168	0.626561
9	27	0.894869
9	39	0.893284
9	45	0.869827
9	49	0.929756
9	56	0.906389
9	60	0.961098
9	86	1.25003
9	139	1.30405
9	149	0.851655
9	153	0.89642
9	165	1.69485
9	176	1.95146
10	55	0.976985
10	61	1.03084
10	63	0.959911
10	126	0.48641
10	134	0.937966
10	136	0.870564
10	144	0.689132
10	169	0.949787
10	173	0.904989
10	178	0.930055
10	180	0.877851
11	27	0.784257
11	28	0.894869
11	39	0.782672
11	45	0.759215
11	49	0.819144
11	56	0.795777
11	60	0.850486
11	106	1.34429
11	149	0.741043
11	153	0.785808
11	172	2.02145
11	177	2.49152
12	4	0.757338
12	5	0.879746
12	25	0.797361
12	42	0.773509
12	44	0.773545
12	50	0.836621
12	112	1.29768
12	144	0.814835
12	149	2.01019
12	151	0.821211
12	155	0.750102
12	168	2.55118
13	3	0.844016
13	21	0.917019
13	41	0.850971
13	43	0.941227
13	58	0.909063
13	63	0.843867
13	64	0.876134
13	90	1.33297
13	101	1.4281
13	135	1.64969
13	152	0.867043
13	155	2.15019
13	173	0.788946
14	1	0.86585
14	19	0.813508
14	40	0.781651
14	55	0.77181
14	61	0.825665
14	129	0.860994
14	135	0.790064
14	143	0.803007
14	150	1.63472
14	167	2.59737
14	169	1.5963
14	173	0.699814
15	55	0.902823
15	61	0.956678
15	63	0.885748
15	64	0.918015
15	66	0.871042
15	79	0.91508
15	85	0.960897
15	158	1.12523
15	159	1.65887
15	160	1.38633
15	171	2.03945
15	173	0.830827
16	2	0.831528
16	6	0.843359
16	7	0.829709
16	18	0.799225
16	26	0.760191
16	30	0.67527
16	32	0.764648
16	33	0.759022
16	34	0.860642
16	122	0.692189
16	145	1.55816
16	152	1.97573
16	171	2.7272
17	25	1.08145
17	35	1.05318
17	60	0.960285
17	107	0.845778
17	163	0.922101
17	165	0.887569
17	170	0.870926
17	171	0.853266
17	175	0.850755
17	177	0.839114
17	178	0.894044
17	179	0.873421
17	180	0.84184
18	2	0.936111
18	7	0.934292
18	16	0.799225
18	26	0.864773
18	30	0.779853
18	32	0.869231
18	33	0.863605
18	34	0.965225
18	65	1.14785
18	108	1.72965
18	122	0.796772
18	139	1.56589
18	179	2.04198
19	1	0.939496
19	14	0.813508
19	40	0.855297
19	55	0.845455
19	61	0.899311
19	101	1.29114
19	129	0.93464
19	135	0.86371
19	143	0.876653
19	163	1.63274
19	173	0.77346
19	174	1.82755
19	178	1.82247
20	5	0.936697
20	25	0.854312
20	42	0.83046
20	44	0.830497
20	50	0.893572
20	133	0.896183
20	137	1.37529
20	144	0.871786
20	146	1.4707
20	151	0.878163
20	155	0.807054
20	159	1.91067
20	174	1.80259
21	3	0.84291
21	13	0.917019
21	41	0.849864
21	43	0.94012
21	58	0.907956
21	63	0.84276
21	64	0.875027
21	98	1.48074
21	152	0.865937
21	156	1.49981
21	158	1.67283
21	160	1.93393
21	173	0.787839
22	37	0.871066
22	57	0.788559
22	71	0.802439
22	77	0.782817
22	78	0.799536
22	82	0.773687
22	84	0.773836
22	133	1.66791
22	144	0.784225
22	146	1.78952
22	148	0.748624
22	168	0.680334
22	177	2.81305
23	52	0.922511
23	66	0.880389
23	68	0.975131
23	74	0.97423
23	79	0.924428
23	85	0.970245
23	133	0.930036
23	144	0.94114
23	147	0.934928
23	148	1.41324
23	152	0.918272
23	164	1.76836
23	171	1.87219
23	174	1.38354
24	1	1.49366
24	6	1.93939
24	105	1.84361
24	159	0.785734
24	160	0.824689
24	165	0.774823
24	171	0.740519
24	172	0.771668
24	174	0.786628
24	176	0.754239
24	177	0.726367
24	178	0.781298
24	179	0.760674
24	180	0.729094
25	12	0.797361
25	17	1.08145
25	20	0.854312
25	29	0.932971
25	42	0.802896
25	44	0.802932
25	50	0.866008
25	133	0.868619
25	144	0.844222
25	146	1.75739
25	151	0.850598
25	155	0.779489
25	163	1.89448
25	169	1.90568
26	2	0.897076
26	6	0.908907
26	7	0.895257
26	16	0.760191
26	18	0.864773
26	30	0.740818
26	32	0.830196
26	33	0.82457
26	34	0.92619
26	122	0.757737
26	124	1.38804
26	156	1.26788
26	164	2.25129
26	170	2.08592
27	9	0.894869
27	11	0.784257
27	28	0.93174
27	39	0.819544
27	45	0.796087
27	49	0.856015
27	56	0.832649
27	60	0.887358
27	112	1.27286
27	148	1.82266
27	149	0.777915
27	153	0.82268
27	169	1.60936
27	175	2.28163
28	11	0.894869
28	27	0.93174
28	39	0.930156
28	45	0.906698
28	49	0.966627
28	56	0.943261
28	60	0.997969
28	111	1.33581
28	149	0.888526
28	152	1.54357
28	153	0.933291
28	154	1.24838
28	158	1.38082
28	174	1.80638
29	4	0.892949
29	25	0.932971
29	42	0.909119
29	44	0.909156
29	50	0.972231
29	129	0.908204
29	133	0.974842
29	135	1.21857
29	144	0.950445
29	151	0.956822
29	154	0.975397
29	155	0.885713
29	171	2.02205
29	177	2.22503
30	2	0.812156
30	6	0.823986
30	7	0.810336
30	16	0.67527
30	18	0.779853
30	26	0.740818
30	32	0.745275
30	33	0.739649
30	34	0.841269
30	80	0.761915
30	90	1.61129
30	122	0.672816
30	135	1.92801
30	167	3.0603
31	8	0.728929
31	59	0.862315
31	62	1.37505
31	71	0.878388
31	77	0.858766
31	78	0.875485
31	81	0.909011
31	82	0.849636
31	83	1.65445
31	84	0.849784
31	129	1.65611
31	148	0.824573
31	162	2.19786
31	168	0.756282
32	2	0.901534
32	6	0.913364
32	16	0.764648
32	18	0.869231
32	26	0.830196
32	30	0.745275
32	33	0.829027
32	34	0.930647
32	80	0.851293
32	86	1.08606
32	122	0.762194
32	149	1.64403
32	168	2.18502
32	177	2.14325
33	2	0.895907
33	6	0.907738
33	7	0.894088
33	16	0.759022
33	18	0.863605
33	26	0.82457
33	30	0.739649
33	32	0.829027
33	34	0.925021
33	122	0.756568
33	146	1.44537
33	148	1.80696
33	160	1.6128
33	161	2.15557
34	2	0.997528
34	6	1.00936
34	16	0.860642
34	18	0.965225
34	26	0.92619
34	30	0.841269
34	32	0.930647
34	33	0.925021
34	80	0.947287
34	151	0.777673
34	164	1.48904
34	173	1.88217
34	176	1.4401
34	177	1.79586
35	17	1.05318
35	37	0.949423
35	59	0.864723
35	71	0.880795
35	77	0.861173
35	78	0.877893
35	81	0.911418
35	82	0.852043
35	84	0.852192
35	121	1.71372
35	156	1.46243
35	162	1.97757
35	168	0.75869
36	65	0.762644
36	70	0.874288
36	87	0.811517
36	95	0.837445
36	100	0.824718
36	107	0.8447
36	117	0.8481
36	125	0.875839
36	128	0.838064
36	130	0.831272
36	135	0.837629
36	168	2.22561
36	172	1.71377
36	173	2.27016
37	22	0.871066
37	35	0.949423
37	57	0.952872
37	71	0.966751
37	77	0.947129
37	81	0.997374
37	82	0.937999
37	84	0.938148
37	121	1.02543
37	155	1.5584
37	162	1.28928
37	168	0.844646
37	170	1.59218
37	175	1.86139
38	56	0.834832
38	60	0.88954
38	66	0.782844
38	70	0.869539
38	79	0.826883
38	85	0.8727
38	98	1.49928
38	106	1.66133
38	115	0.854627
38	128	0.833315
38	130	0.826523
38	153	0.824862
38	158	1.69136
38	174	2.11692
39	9	0.893284
39	11	0.782672
39	27	0.819544
39	28	0.930156
39	45	0.794502
39	49	0.854431
39	56	0.831064
39	60	0.885773
39	101	1.33149
39	149	0.77633
39	153	0.821095
39	158	1.44234
39	175	2.35657
39	178	1.86282
40	1	0.907638
40	14	0.781651
40	19	0.855297
40	55	0.813598
40	61	0.867453
40	80	0.845685
40	129	0.902782
40	135	0.831852
40	143	0.844795
40	160	1.6139
40	163	1.58356
40	165	1.85763
40	173	0.741602
40	179	1.94293
41	3	0.776861
41	13	0.850971
41	21	0.849864
41	43	0.874071
41	58	0.841908
41	63	0.776711
41	64	0.808979
41	86	1.40984
41	111	0.815827
41	129	0.88297
41	152	0.799888
41	161	2.1537
41	162	1.69195
41	166	2.14007
41	173	0.72179
42	4	0.762873
42	5	0.88528
42	12	0.773509
42	20	0.83046
42	25	0.802896
42	29	0.909119
42	44	0.77908
42	50	0.842156
42	144	0.82037
42	149	1.98197
42	151	0.826746
42	152	1.52674
42	155	0.755637
42	176	2.12543
42	178	1.78447
43	3	0.867117
43	13	0.941227
43	21	0.94012
43	41	0.874071
43	58	0.932164
43	63	0.866967
43	64	0.899235
43	129	0.973226
43	152	0.890144
43	154	0.669794
43	168	1.9612
43	172	1.44936
43	173	0.812046
43	177	1.91943
43	180	1.7864
44	4	0.76291
44	5	0.885317
44	12	0.773545
44	20	0.830497
44	25	0.802932
44	29	0.909156
44	42	0.77908
44	50	0.842192
44	122	2.01539
44	144	0.820406
44	151	0.826783
44	154	1.07651
44	155	0.755674
44	175	2.12318
44	180	2.19312
45	9	0.869827
45	11	0.759215
45	27	0.796087
45	28	0.906698
45	39	0.794502
45	49	0.830973
45	56	0.807607
45	60	0.862316
45	109	0.810208
45	149	0.752873
45	153	0.797638
45	165	1.76333
45	169	1.50046
45	173	2.46202
45	178	1.67897
46	68	1.5856
46	137	0.862772
46	144	1.71916
46	147	1.66898
46	169	0.786005
46	170	0.743155
46	171	0.725495
46	172	0.756645
46	174	0.771604
46	175	0.722985
46	176	0.739215
46	177	0.711343
46	178	0.766274
46	179	0.745651
46	180	0.71407
47	91	0.881119
47	93	1.03306
47	94	0.869446
47	126	0.911262
47	131	0.885341
47	132	0.870481
47	134	0.862774
47	136	0.874152
47	138	0.867201
47	141	0.879498
47	142	0.900268
47	146	1.41746
47	149	0.815901
47	154	1.19136
47	176	2.08523
47	177	2.44099
48	88	1.6595
48	95	1.86338
48	128	1.46656
48	160	0.810949
48	165	0.761083
48	169	0.787289
48	170	0.744439
48	172	0.757928
48	174	0.772888
48	175	0.724268
48	176	0.740498
48	177	0.712627
48	178	0.767558
48	179	0.746934
48	180	0.715353
49	9	0.929756
49	11	0.819144
49	27	0.856015
49	28	0.966627
49	39	0.854431
49	45	0.830973
49	56	0.867536
49	60	0.922245
49	92	1.24278
49	109	0.870136
49	116	1.19497
49	133	1.52243
49	149	0.812802
49	153	0.857567
49	160	1.81147
49	164	2.36075
50	4	0.825985
50	12	0.836621
50	20	0.893572
50	25	0.866008
50	29	0.972231
50	42	0.842156
50	44	0.842192
50	96	1.3504
50	116	0.95323
50	133	0.907879
50	140	2.0386
50	144	0.883482
50	151	0.889858
50	155	0.818749
50	158	1.30863
50	168	2.4676
51	5	0.806058
51	61	1.0026
51	73	1.2698
51	123	0.887201
51	134	1.14823
51	162	0.908641
51	163	0.924061
51	170	0.872886
51	171	0.855226
51	174	0.901335
51	175	0.852715
51	176	0.868945
51	177	0.841074
51	178	0.896005
51	179	0.875381
51	180	0.843801
52	23	0.922511
52	66	0.782316
52	68	0.877059
52	74	0.876158
52	79	0.826355
52	85	0.872172
52	109	0.836904
52	111	0.836139
52	116	0.888871
52	144	0.843067
52	145	0.987212
52	147	0.836856
52	151	1.34105
52	152	0.820199
52	160	1.50313
52	168	2.401
52	177	2.35923
53	110	0.917779
53	117	1.10952
53	125	0.984449
53	142	1.04989
53	153	0.980459
53	160	0.919008
53	164	0.852968
53	166	0.846499
53	167	0.813707
53	171	0.834838
53	172	0.865987
53	174	0.880947
53	176	0.848558
53	177	0.820686
53	178	0.875617
53	179	0.854994
53	180	0.823413
54	103	0.858365
54	110	0.899153
54	119	0.839534
54	127	0.842995
54	131	0.854691
54	132	0.839831
54	134	0.832124
54	135	1.28856
54	136	0.843502
54	138	0.836552
54	142	0.869618
54	147	0.842538
54	151	0.855126
54	157	1.79059
54	169	1.41978
54	175	2.09205
54	176	1.93926
55	1	0.897797
55	10	0.976985
55	14	0.77181
55	15	0.902823
55	19	0.845455
55	40	0.813598
55	61	0.857612
55	80	0.835844
55	129	0.892941
55	133	1.39776
55	135	0.822011
55	143	0.834954
55	149	2.04368
55	160	1.6868
55	162	1.76782
55	163	1.65645
55	173	0.731761
56	9	0.906389
56	11	0.795777
56	27	0.832649
56	28	0.943261
56	38	0.834832
56	39	0.831064
56	45	0.807607
56	49	0.867536
56	60	0.898878
56	109	0.84677
56	121	1.56435
56	124	1.43322
56	145	1.23126
56	149	0.789435
56	153	0.8342
56	159	2.01972
56	166	2.27632
57	8	0.734786
57	22	0.788559
57	37	0.952872
57	59	0.868172
57	71	0.884245
57	77	0.864622
57	78	0.881342
57	81	0.914868
57	82	0.855493
57	84	0.855641
57	148	0.83043
57	150	1.43813
57	156	0.984725
57	161	1.96162
57	168	0.762139
57	170	1.80276
57	173	2.36126
58	3	0.834953
58	13	0.909063
58	21	0.907956
58	41	0.841908
58	43	0.932164
58	63	0.834804
58	64	0.867071
58	111	0.873919
58	113	1.18289
58	129	0.941063
58	137	1.44591
58	151	1.54667
58	152	0.85798
58	161	2.25152
58	169	1.68961
58	173	0.779883
59	8	0.732593
59	31	0.862315
59	35	0.864723
59	57	0.868172
59	71	0.882052
59	77	0.862429
59	78	0.879149
59	81	0.912675
59	82	0.8533
59	84	0.853448
59	122	2.17777
59	124	1.31847
59	144	0.863837
59	149	1.98932
59	151	1.47035
59	168	0.759946
59	169	1.61329
60	9	0.961098
60	11	0.850486
60	17	0.960285
60	27	0.887358
60	28	0.997969
60	38	0.88954
60	39	0.885773
60	45	0.862316
60	49	0.922245
60	56	0.898878
60	109	0.901479
60	113	1.27779
60	116	1.18715
60	149	0.844144
60	153	0.888909
60	156	1.36953
60	178	1.96303
60	179	2.13268
61	1	0.951652
61	10	1.03084
61	14	0.825665
61	15	0.956678
61	19	0.899311
61	40	0.867453
61	51	1.0026
61	55	0.857612
61	80	0.8897
61	108	1.58302
61	129	0.946797
61	135	0.875867
61	139	1.41926
61	143	0.888809
61	155	1.91646
61	158	1.30522
61	162	1.64734
61	173	0.785617
62	31	1.37505
62	79	0.867133
62	119	0.794392
62	127	0.889796
62	141	0.902681
62	147	0.671153
62	158	1.01038
62	163	0.942102
62	169	0.933776
62	170	0.890926
62	171	0.873266
62	172	0.904415
62	175	0.870755
62	176	0.886986
62	177	0.859114
62	178	0.914045
62	179	0.893422
62	180	0.861841
63	3	0.769757
63	10	0.959911
63	13	0.843867
63	15	0.885748
63	21	0.84276
63	41	0.776711
63	43	0.866967
63	58	0.834804
63	64	0.801875
63	86	1.76874
63	98	1.51664
63	111	0.808723
63	129	0.875867
63	148	2.16399
63	151	1.80774
63	152	0.792784
63	158	1.70873
63	173	0.714687
64	3	0.802024
64	13	0.876134
64	15	0.918015
64	21	0.875027
64	41	0.808979
64	43	0.899235
64	58	0.867071
64	63	0.801875
64	111	0.840991
64	124	1.17038
64	129	0.908134
64	152	0.825051
64	158	1.22324
64	171	2.13746
64	173	0.746954
64	179	1.81337
64	180	2.20741
65	18	1.14785
65	36	0.762644
65	71	0.931229
65	73	1.26843
65	136	1.07946
65	141	1.07937
65	161	0.88606
65	165	0.897654
65	167	0.842219
65	169	0.92386
65	171	0.86335
65	172	0.894499
65	174	0.909459
65	175	0.860839
65	176	0.87707
65	177	0.849198
65	178	0.904129
65	179	0.883506
65	180	0.851925
66	15	0.871042
66	23	0.880389
66	38	0.782844
66	52	0.782316
66	68	0.834937
66	74	0.834036
66	79	0.784233
66	85	0.83005
66	109	0.794783
66	111	0.794017
66	116	0.846749
66	144	0.800945
66	147	0.794734
66	151	1.57554
66	152	0.778077
66	156	1.3035
66	168	2.63549
66	169	1.71848
66	170	2.12154
67	87	1.54539
67	89	1.28119
67	99	0.94071
67	106	0.924174
67	132	1.03321
67	147	1.05324
67	162	0.844514
67	166	0.80276
67	167	0.769968
67	169	0.851609
67	171	0.791099
67	172	0.822248
67	174	0.837208
67	175	0.788588
67	176	0.804819
67	177	0.776947
67	178	0.831878
67	179	0.811255
67	180	0.779674
68	23	0.975131
68	46	1.5856
68	52	0.877059
68	66	0.834937
68	74	0.928778
68	79	0.878976
68	85	0.924793
68	109	0.889525
68	111	0.888759
68	112	0.973933
68	113	0.803705
68	116	0.941492
68	144	0.895688
68	147	0.889476
68	149	1.68645
68	152	0.87282
68	176	1.82991
68	180	2.05264
69	87	0.8491
69	89	0.888424
69	90	0.99372
69	95	0.875029
69	100	0.862302
69	107	0.882283
69	115	0.89696
69	117	0.885684
69	118	0.88477
69	125	0.913423
69	128	0.875648
69	130	0.868855
69	147	0.879716
69	152	1.36245
69	153	0.867195
69	162	1.54182
69	172	1.84682
69	177	2.3169
69	178	1.62017
70	36	0.874288
70	38	0.869539
70	76	0.883917
70	87	0.850812
70	95	0.876741
70	107	0.883995
70	117	0.887396
70	118	0.886482
70	125	0.915135
70	128	0.87736
70	130	0.870567
70	133	1.01832
70	143	0.889867
70	148	0.852039
70	149	1.66424
70	158	1.04626
70	161	1.85013
70	168	2.20523
70	175	1.96049
71	22	0.802439
71	31	0.878388
71	35	0.880795
71	37	0.966751
71	57	0.884245
71	59	0.882052
71	65	0.931229
71	77	0.878502
71	78	0.895221
71	81	0.928747
71	82	0.869372
71	84	0.869521
71	140	1.9652
71	144	0.87991
71	151	1.33424
71	155	1.84647
71	158	1.23523
71	161	2.0391
71	168	0.776019
72	75	0.878145
72	76	0.880302
72	89	0.88652
72	90	1.05797
72	95	0.873125
72	100	0.860398
72	115	0.895057
72	117	0.88378
72	118	0.882866
72	125	0.911519
72	128	0.873744
72	130	0.866952
72	135	0.873309
72	151	1.36297
72	153	0.865292
72	169	1.50591
72	171	2.17817
72	172	1.91108
72	178	1.68443
73	51	1.2698
73	65	1.26843
73	96	1.6142
73	103	0.891487
73	110	0.932275
73	113	1.30767
73	120	0.893614
73	123	0.886874
73	127	0.876117
73	131	0.887814
73	132	0.872954
73	134	0.865247
73	135	1.68317
73	138	0.869674
73	141	0.881972
73	142	0.902741
73	147	0.87566
73	168	0.77798
73	169	1.81439
74	23	0.97423
74	52	0.876158
74	66	0.834036
74	68	0.928778
74	79	0.878075
74	85	0.923892
74	98	1.12011
74	109	0.888624
74	111	0.887858
74	116	0.940591
74	137	1.31046
74	144	0.894787
74	147	0.888575
74	148	1.76746
74	150	1.59257
74	152	0.871919
74	155	1.92343
74	169	1.55415
75	72	0.878145
75	89	0.858313
75	90	1.2187
75	98	1.23259
75	99	0.888839
75	107	0.852173
75	109	0.849655
75	115	0.86685
75	117	0.855573
75	118	0.854659
75	125	0.883313
75	128	0.845537
75	130	0.838745
75	143	0.858045
75	147	0.849606
75	149	2.04266
75	152	1.58743
75	153	0.837085
75	157	2.03745
75	159	1.95832
76	70	0.883917
76	72	0.880302
76	87	0.821146
76	89	0.860469
76	95	0.847075
76	99	0.890996
76	107	0.854329
76	115	0.869006
76	116	1.24397
76	117	0.85773
76	118	0.856816
76	125	0.885469
76	128	0.847694
76	130	0.840901
76	133	1.57144
76	139	1.71341
76	150	1.87976
76	153	0.839241
76	155	2.21061
76	156	1.42635
77	22	0.782817
77	31	0.858766
77	35	0.861173
77	37	0.947129
77	57	0.864622
77	59	0.862429
77	71	0.878502
77	78	0.875599
77	81	0.909125
77	82	0.84975
77	84	0.849899
77	122	2.16563
77	129	1.15957
77	133	1.33126
77	139	1.47323
77	144	0.860288
77	148	0.824687
77	164	2.16958
77	168	0.756397
77	178	1.77967
78	8	0.745763
78	22	0.799536
78	31	0.875485
78	35	0.877893
78	57	0.881342
78	59	0.879149
78	71	0.895221
78	77	0.875599
78	81	0.925844
78	82	0.866469
78	84	0.866618
78	144	0.877007
78	148	0.841406
78	154	1.07972
78	160	1.47326
78	164	2.02254
78	168	0.773116
78	169	1.45412
78	171	2.12638
78	176	1.9736
79	15	0.91508
79	23	0.924428
79	38	0.826883
79	52	0.826355
79	62	0.867133
79	66	0.784233
79	68	0.878976
79	74	0.878075
79	83	1.14653
79	85	0.874089
79	109	0.838821
79	111	0.838055
79	116	0.890788
79	144	0.844984
79	147	0.838772
79	152	0.822116
79	154	1.21539
79	163	1.57858
79	173	2.55134
79	180	2.33199
80	7	0.916354
80	30	0.761915
80	32	0.851293
80	34	0.947287
80	40	0.845685
80	55	0.835844
80	61	0.8897
80	108	1.56746
80	132	0.855896
80	134	0.848189
80	136	0.859567
80	138	0.852616
80	142	0.885683
80	143	0.867042
80	148	1.74492
80	163	1.52041
80	165	1.79449
80	173	0.763849
80	174	1.71522
80	178	1.71013
81	8	0.779289
81	31	0.909011
81	35	0.911418
81	37	0.997374
81	57	0.914868
81	59	0.912675
81	71	0.928747
81	77	0.909125
81	78	0.925844
81	82	0.899995
81	84	0.900144
81	97	1.19945
81	116	1.07875
81	137	1.43241
81	139	1.54818
81	144	0.910533
81	148	0.874932
81	152	1.5969
81	163	1.6649
81	166	2.22439
81	168	0.806642
82	8	0.719914
82	22	0.773687
82	31	0.849636
82	35	0.852043
82	37	0.937999
82	57	0.855493
82	59	0.8533
82	71	0.869372
82	77	0.84975
82	78	0.866469
82	81	0.899995
82	83	1.0553
82	84	0.840769
82	106	1.22655
82	122	2.06303
82	144	0.851158
82	148	0.815557
82	157	1.86936
82	167	2.49961
82	168	0.747267
82	174	1.68215
83	31	1.65445
83	79	1.14653
83	82	1.0553
83	105	1.18722
83	107	1.22676
83	108	0.924849
83	143	1.13568
83	157	0.870441
83	159	0.855408
83	160	0.894363
83	161	0.832902
83	162	0.863608
83	167	0.789062
83	170	0.827853
83	174	0.856302
83	175	0.807682
83	176	0.823912
83	177	0.796041
83	178	0.850972
83	179	0.830348
83	180	0.798768
84	8	0.720063
84	22	0.773836
84	31	0.849784
84	35	0.852192
84	37	0.938148
84	57	0.855641
84	59	0.853448
84	71	0.869521
84	77	0.849899
84	78	0.866618
84	81	0.900144
84	82	0.840769
84	101	1.56935
84	111	1.6352
84	135	1.79095
84	137	1.67847
84	144	0.851307
84	145	1.42538
84	148	0.815706
84	168	0.747416
84	170	2.32522
85	15	0.960897
85	23	0.970245
85	38	0.8727
85	52	0.872172
85	66	0.83005
85	68	0.924793
85	74	0.923892
85	79	0.874089
85	109	0.884638
85	111	0.883872
85	116	0.936605
85	133	1.04749
85	144	0.890801
85	147	0.88459
85	152	0.867933
85	154	0.942988
85	160	1.33652
85	171	1.98964
85	176	1.83687
85	179	1.66555
85	180	2.0596
86	7	1.05863
86	9	1.25003
86	32	1.08606
86	41	1.40984
86	63	1.76874
86	138	1.47237
86	161	0.84516
86	163	0.891286
86	164	0.84058
86	165	0.856754
86	167	0.80132
86	169	0.88296
86	171	0.822451
86	172	0.8536
86	174	0.86856
86	175	0.81994
86	176	0.83617
86	177	0.808299
86	178	0.863229
86	179	0.842606
86	180	0.811025
87	36	0.811517
87	67	1.54539
87	69	0.8491
87	70	0.850812
87	76	0.821146
87	89	0.827365
87	99	0.857891
87	100	0.801243
87	107	0.821224
87	111	1.59899
87	115	0.835901
87	116	1.2886
87	117	0.824625
87	118	0.823711
87	121	1.72227
87	125	0.852364
87	128	0.814589
87	130	0.807796
87	147	0.818657
87	153	0.806136
87	166	2.43424
87	169	1.88596
88	48	1.6595
88	91	0.895688
88	92	1.05714
88	114	0.865048
88	116	0.939772
88	120	0.90571
88	121	1.443
88	123	0.89897
88	132	0.88505
88	134	0.877343
88	136	0.888721
88	138	0.88177
88	141	0.894068
88	142	0.914837
88	143	0.896195
88	149	0.83047
88	155	0.829235
88	156	1.1917
88	163	1.59548
88	168	0.790076
88	176	2.12617
88	178	1.7852
89	67	1.28119
89	69	0.888424
89	72	0.88652
89	75	0.858313
89	76	0.860469
89	87	0.827365
89	99	0.897214
89	100	0.840566
89	104	1.29822
89	107	0.860548
89	109	0.858029
89	115	0.875224
89	118	0.863034
89	121	1.45807
89	125	0.891687
89	128	0.853912
89	130	0.84712
89	135	0.853477
89	146	1.47347
89	153	0.845459
89	156	1.20678
89	166	2.17004
89	180	2.36397
90	13	1.33297
90	30	1.61129
90	69	0.99372
90	72	1.05797
90	75	1.2187
90	91	1.13916
90	117	1.16146
90	159	0.88925
90	161	0.866745
90	162	0.897451
90	164	0.862165
90	165	0.878339
90	167	0.822905
90	169	0.904545
90	171	0.844036
90	172	0.875185
90	174	0.890145
90	175	0.841525
90	176	0.857755
90	177	0.829884
90	178	0.884814
90	179	0.864191
90	180	0.83261
91	47	0.881119
91	88	0.895688
91	90	1.13916
91	102	0.831177
91	103	0.873032
91	104	1.26356
91	114	0.834496
91	116	0.90922
91	119	0.854201
91	120	0.875158
91	123	0.868419
91	124	1.29228
91	127	0.857662
91	132	0.854498
91	134	0.846791
91	136	0.858169
91	138	0.851219
91	141	0.863516
91	142	0.884285
91	160	1.60624
91	161	2.14901
91	162	1.68726
91	166	2.13538
92	49	1.24278
92	88	1.05714
92	102	1.31746
92	127	1.0629
92	141	1.07578
92	144	0.894434
92	147	0.844252
92	158	0.974705
92	161	0.860301
92	163	0.906427
92	164	0.855721
92	166	0.849252
92	167	0.816461
92	169	0.898101
92	170	0.855252
92	172	0.868741
92	174	0.883701
92	175	0.835081
92	176	0.851311
92	177	0.82344
92	178	0.87837
92	179	0.857747
92	180	0.826166
93	47	1.03306
93	105	1.09778
93	109	0.956371
93	127	1.07976
93	128	0.881056
93	142	1.01708
93	143	1.04624
93	158	0.976386
93	163	0.908109
93	164	0.857403
93	166	0.850934
93	167	0.818142
93	169	0.899783
93	170	0.856933
93	171	0.839273
93	172	0.870423
93	174	0.885382
93	175	0.836763
93	176	0.852993
93	177	0.825121
93	178	0.880052
93	179	0.859429
93	180	0.827848
94	47	0.869446
94	101	1.31134
94	102	0.819505
94	103	0.86136
94	105	0.854577
94	114	0.822824
94	119	0.842529
94	120	0.863486
94	123	0.856746
94	126	0.883608
94	127	0.84599
94	131	0.857686
94	132	0.842826
94	134	0.835119
94	136	0.846497
94	138	0.839546
94	141	0.851844
94	142	0.872613
94	150	1.70257
94	157	2.03496
94	158	1.42219
94	163	1.65295
94	164	2.23257
94	169	1.66415
95	36	0.837445
95	48	1.86338
95	69	0.875029
95	70	0.876741
95	72	0.873125
95	76	0.847075
95	99	0.883819
95	100	0.827171
95	107	0.847153
95	115	0.86183
95	116	1.2132
95	117	0.850553
95	122	0.764817
95	125	0.878292
95	128	0.840517
95	129	1.36897
95	130	0.833725
95	133	1.54067
95	143	0.853025
95	148	0.815196
95	151	1.66762
95	153	0.832065
95	163	1.79936
95	170	2.21362
96	50	1.3504
96	73	1.6142
96	105	1.43028
96	131	1.35458
96	132	1.17358
96	149	0.825118
96	153	1.28014
96	157	0.832186
96	158	0.909051
96	159	0.817152
96	162	0.825353
96	164	0.790067
96	165	0.806242
96	166	0.783599
96	167	0.750807
96	170	0.789598
96	172	0.803087
96	174	0.818047
96	175	0.769427
96	176	0.785657
96	177	0.757786
96	178	0.812716
96	179	0.792093
96	180	0.760512
97	6	1.24958
97	81	1.19945
97	117	1.13274
97	118	1.06411
97	123	0.955125
97	136	1.14876
97	143	1.10227
97	158	0.960908
97	161	0.846505
97	163	0.892631
97	164	0.841925
97	166	0.835456
97	167	0.802664
97	169	0.884305
97	170	0.841455
97	171	0.823795
97	172	0.854944
97	174	0.869904
97	175	0.821284
97	176	0.837515
97	177	0.809643
97	178	0.864574
97	179	0.843951
97	180	0.81237
98	21	1.48074
98	38	1.49928
98	63	1.51664
98	74	1.12011
98	75	1.23259
98	99	0.847231
98	141	1.19128
98	159	0.868642
98	161	0.846137
98	162	0.876843
98	163	0.892263
98	164	0.841557
98	165	0.857731
98	169	0.883937
98	170	0.841087
98	171	0.823427
98	172	0.854577
98	174	0.869536
98	175	0.820917
98	176	0.837147
98	177	0.809275
98	178	0.864206
98	179	0.843583
98	180	0.812002
99	67	0.94071
99	75	0.888839
99	76	0.890996
99	87	0.857891
99	89	0.897214
99	95	0.883819
99	98	0.847231
99	100	0.871092
99	107	0.891074
99	115	0.905751
99	117	0.894474
99	118	0.89356
99	122	0.808738
99	125	0.922213
99	128	0.884438
99	130	0.877646
99	147	0.888507
99	148	0.859117
99	149	1.6573
99	153	0.875985
99	155	1.65055
99	164	1.8497
99	172	1.68644
99	174	1.46488
99	180	2.02349
100	36	0.824718
100	69	0.862302
100	72	0.860398
100	87	0.801243
100	89	0.840566
100	95	0.827171
100	99	0.871092
100	104	1.40583
100	107	0.834426
100	115	0.849103
100	116	1.13201
100	117	0.837826
100	118	0.836912
100	122	0.75209
100	125	0.865565
100	128	0.82779
100	130	0.820998
100	143	0.840298
100	145	1.23259
100	147	0.831859
100	148	0.802469
100	159	2.02105
100	162	1.82953
100	168	2.64638
100	170	2.13242
101	13	1.4281
101	19	1.29114
101	39	1.33149
101	84	1.56935
101	94	1.31134
101	110	1.06484
101	138	1.30151
101	159	0.858104
101	162	0.866304
101	163	0.881724
101	164	0.831018
101	165	0.847193
101	166	0.82455
101	167	0.791758
101	169	0.873399
101	170	0.830549
101	171	0.812889
101	172	0.844038
101	174	0.858998
101	175	0.810378
101	176	0.826608
101	177	0.798737
101	178	0.853668
101	179	0.833044
101	180	0.801464
102	91	0.831177
102	92	1.31746
102	94	0.819505
102	105	0.832291
102	110	0.879861
102	111	1.58004
102	112	1.53051
102	119	0.820242
102	126	0.861321
102	127	0.823703
102	132	0.820539
102	133	0.853854
102	134	0.812832
102	138	0.81726
102	139	1.73908
102	141	0.829557
102	142	0.850326
102	143	0.831685
102	149	0.76596
102	151	0.835834
102	153	0.810725
102	155	0.764725
102	162	1.96717
102	168	0.725566
102	174	2.05061
102	179	2.21518
103	54	0.858365
103	73	0.891487
103	91	0.873032
103	94	0.86136
103	105	0.874146
103	108	1.63041
103	120	0.883054
103	123	0.876314
103	124	1.29975
103	126	0.903176
103	127	0.865558
103	129	1.15298
103	131	0.877254
103	132	0.862394
103	134	0.854687
103	136	0.866065
103	138	0.859114
103	141	0.871412
103	142	0.892181
103	143	0.87354
103	152	1.51536
103	154	1.22017
103	159	1.88625
103	168	0.767421
103	176	2.11405
103	180	2.33678
104	89	1.29822
104	91	1.26356
104	100	1.40583
104	119	1.19351
104	130	1.32316
104	141	1.3018
104	142	1.22623
104	157	0.855941
104	159	0.840907
104	160	0.879862
104	162	0.849108
104	163	0.864528
104	164	0.813822
104	166	0.807353
104	167	0.774561
104	169	0.856202
104	170	0.813352
104	171	0.795692
104	172	0.826842
104	174	0.841801
104	175	0.793182
104	176	0.809412
104	177	0.78154
104	178	0.836471
104	179	0.815848
104	180	0.784267
105	24	1.84361
105	83	1.18722
105	93	1.09778
105	94	0.854577
105	96	1.43028
105	102	0.832291
105	103	0.874146
105	110	0.914933
105	120	0.876272
105	123	0.869532
105	124	1.33565
105	126	0.896393
105	127	0.858776
105	131	0.870472
105	132	0.855612
105	133	0.888926
105	134	0.847905
105	136	0.859283
105	138	0.852332
105	141	0.86463
105	142	0.885399
105	147	0.858318
105	153	0.845797
105	156	1.21549
105	159	1.92215
105	162	1.73063
106	11	1.34429
106	38	1.66133
106	67	0.924174
106	82	1.22655
106	109	1.21707
106	114	1.31549
106	117	1.3374
106	142	1.27777
106	156	0.938853
106	157	0.821664
106	158	0.898528
106	160	0.845585
106	161	0.784125
106	162	0.814831
106	163	0.830251
106	165	0.795719
106	166	0.773076
106	169	0.821925
106	170	0.779075
106	171	0.761415
106	172	0.792564
106	174	0.807524
106	175	0.758904
106	177	0.747263
106	178	0.802194
106	179	0.781571
106	180	0.74999
107	17	0.845778
107	36	0.8447
107	69	0.882283
107	70	0.883995
107	75	0.852173
107	76	0.854329
107	83	1.22676
107	87	0.821224
107	89	0.860548
107	95	0.847153
107	99	0.891074
107	100	0.834426
107	113	1.16329
107	115	0.869084
107	117	0.857808
107	118	0.856894
107	122	0.772071
107	125	0.885547
107	128	0.847772
107	130	0.840979
107	140	2.15802
107	143	0.860279
107	148	0.822451
107	151	1.52706
107	160	1.68915
107	174	1.85361
107	180	2.41222
108	18	1.72965
108	61	1.58302
108	80	1.56746
108	83	0.924849
108	103	1.63041
108	119	1.55288
108	141	1.66117
108	157	0.803245
108	158	0.88011
108	159	0.788211
108	160	0.827167
108	162	0.796412
108	164	0.761126
108	165	0.777301
108	166	0.754658
108	167	0.721866
108	169	0.803507
108	170	0.760657
108	171	0.742997
108	174	0.789106
108	175	0.740486
108	176	0.756716
108	177	0.728845
108	178	0.783776
108	179	0.763152
108	180	0.731571
109	45	0.810208
109	49	0.870136
109	52	0.836904
109	56	0.84677
109	60	0.901479
109	66	0.794783
109	68	0.889525
109	74	0.888624
109	75	0.849655
109	79	0.838821
109	85	0.884638
109	89	0.858029
109	93	0.956371
109	106	1.21707
109	115	0.866566
109	117	0.855289
109	121	1.32537
109	125	0.883029
109	128	0.845253
109	130	0.838461
109	149	0.792036
109	151	1.34612
109	153	0.836801
109	164	2.05748
109	171	2.16132
109	176	2.00854
109	179	1.83723
110	53	0.917779
110	54	0.899153
110	73	0.932275
110	101	1.06484
110	102	0.879861
110	105	0.914933
110	111	1.13069
110	119	0.902884
110	120	0.923842
110	123	0.917102
110	127	0.906346
110	131	0.918042
110	132	0.903182
110	134	0.895475
110	136	0.906853
110	138	0.899902
110	140	1.90566
110	141	0.9122
110	142	0.932969
110	148	1.63096
110	153	0.893367
110	154	1.04326
110	155	0.847367
110	163	1.40645
110	165	1.68053
110	167	2.41872
110	168	0.808209
111	4	1.9566
111	28	1.33581
111	41	0.815827
111	52	0.836139
111	58	0.873919
111	63	0.808723
111	64	0.840991
111	66	0.794017
111	68	0.888759
111	74	0.887858
111	79	0.838055
111	84	1.6352
111	85	0.883872
111	87	1.59899
111	102	1.58004
111	110	1.13069
111	119	1.23008
111	121	0.894322
111	152	0.8319
111	164	0.756219
111	166	0.74975
111	173	0.753802
111	175	0.735579
111	176	0.751809
111	178	0.778868
111	179	0.758245
111	180	0.726664
112	6	1.38975
112	12	1.29768
112	27	1.27286
112	68	0.973933
112	102	1.53051
112	138	1.31782
112	142	1.21327
112	153	1.14384
112	158	0.94803
112	159	0.856131
112	160	0.895086
112	161	0.833626
112	162	0.864332
112	163	0.879752
112	164	0.829046
112	166	0.822577
112	167	0.789785
112	169	0.871426
112	170	0.828576
112	171	0.810916
112	172	0.842066
112	174	0.857025
112	175	0.808406
112	176	0.824636
112	177	0.796764
112	178	0.851695
112	179	0.831072
112	180	0.799491
113	58	1.18289
113	60	1.27779
113	68	0.803705
113	73	1.30767
113	107	1.16329
113	130	1.13997
113	136	1.11869
113	138	1.14759
113	142	1.04304
113	158	0.977714
113	159	0.885815
113	160	0.924771
113	161	0.86331
113	162	0.894016
113	163	0.909436
113	164	0.85873
113	165	0.874904
113	166	0.852261
113	167	0.81947
113	169	0.90111
113	170	0.858261
113	171	0.840601
113	174	0.88671
113	175	0.83809
113	176	0.85432
113	177	0.826449
113	178	0.881379
113	179	0.860756
113	180	0.829175
114	88	0.865048
114	91	0.834496
114	94	0.822824
114	106	1.31549
114	119	0.823561
114	120	0.844518
114	123	0.837779
114	126	0.86464
114	127	0.827022
114	131	0.838718
114	133	0.857173
114	134	0.816151
114	135	1.45627
114	136	0.827529
114	138	0.820579
114	141	0.832876
114	142	0.853645
114	143	0.835004
114	146	1.4392
114	147	0.826565
114	149	0.769279
114	150	1.62591
114	151	0.839153
114	152	1.50828
114	153	0.814043
114	164	2.15591
114	168	0.728885
114	170	1.99054
114	173	2.54904
115	38	0.854627
115	69	0.89696
115	72	0.895057
115	75	0.86685
115	76	0.869006
115	87	0.835901
115	89	0.875224
115	95	0.86183
115	99	0.905751
115	100	0.849103
115	107	0.869084
115	109	0.866566
115	117	0.872485
115	118	0.871571
115	121	1.50209
115	125	0.900224
115	128	0.862449
115	130	0.855656
115	133	1.39589
115	139	1.53786
115	143	0.874956
115	145	1.169
115	147	0.866517
115	148	0.837128
115	154	1.29139
115	158	1.42382
115	165	1.92866
115	170	2.06884
115	180	2.408
116	8	2.30812
116	49	1.19497
116	50	0.95323
116	52	0.888871
116	60	1.18715
116	66	0.846749
116	68	0.941492
116	74	0.940591
116	76	1.24397
116	79	0.890788
116	81	1.07875
116	85	0.936605
116	87	1.2886
116	88	0.939772
116	91	0.90922
116	95	1.2132
116	100	1.13201
116	126	0.939364
116	131	0.913442
116	132	0.898582
116	136	0.902253
116	141	0.9076
116	167	0.769691
116	170	0.808482
116	176	0.804542
116	177	0.77667
116	178	0.831601
116	179	0.810978
116	180	0.779397
117	36	0.8481
117	53	1.10952
117	69	0.885684
117	70	0.887396
117	72	0.88378
117	75	0.855573
117	76	0.85773
117	87	0.824625
117	90	1.16146
117	95	0.850553
117	97	1.13274
117	99	0.894474
117	100	0.837826
117	106	1.3374
117	107	0.857808
117	109	0.855289
117	115	0.872485
117	118	0.860294
117	121	1.44571
117	122	0.775472
117	125	0.888947
117	128	0.851172
117	130	0.84438
117	135	0.850737
117	143	0.86368
117	145	1.11262
117	148	0.825851
117	172	2.01456
117	177	2.48464
117	179	1.95757
118	69	0.88477
118	70	0.886482
118	72	0.882866
118	75	0.854659
118	76	0.856816
118	87	0.823711
118	89	0.863034
118	97	1.06411
118	99	0.89356
118	100	0.836912
118	107	0.856894
118	115	0.871571
118	117	0.860294
118	122	0.774558
118	124	1.24595
118	125	0.888033
118	128	0.850258
118	130	0.843466
118	135	0.849823
118	143	0.862766
118	147	0.854327
118	148	0.824937
118	151	1.39783
118	152	1.46156
118	153	0.841806
118	155	1.91005
118	161	2.10268
118	165	1.80364
118	166	2.08905
118	174	1.72437
119	54	0.839534
119	62	0.794392
119	91	0.854201
119	94	0.842529
119	102	0.820242
119	104	1.19351
119	108	1.55288
119	110	0.902884
119	111	1.23008
119	114	0.823561
119	120	0.864223
119	123	0.857483
119	126	0.884345
119	127	0.846727
119	129	1.07545
119	131	0.858423
119	132	0.843563
119	133	0.876877
119	134	0.835856
119	136	0.847234
119	138	0.840283
119	140	2.00505
119	141	0.852581
119	142	0.87335
119	147	0.846269
119	149	0.788983
119	150	1.55546
119	153	0.833748
119	167	2.51811
119	168	0.74859
119	175	2.18931
120	73	0.893614
120	88	0.90571
120	91	0.875158
120	94	0.863486
120	103	0.883054
120	105	0.876272
120	110	0.923842
120	114	0.844518
120	119	0.864223
120	123	0.878441
120	124	1.24289
120	126	0.905302
120	127	0.867684
120	129	1.09612
120	131	0.87938
120	132	0.864521
120	134	0.856813
120	136	0.868192
120	137	1.29402
120	138	0.861241
120	140	2.02572
120	141	0.873538
120	142	0.894307
120	143	0.875666
120	145	1.04093
120	147	0.867227
120	157	1.90853
120	159	1.82939
120	160	1.55685
120	168	0.769547
120	171	2.20997
120	176	2.05719
121	35	1.71372
121	37	1.02543
121	56	1.56435
121	87	1.72227
121	88	1.443
121	89	1.45807
121	109	1.32537
121	111	0.894322
121	115	1.50209
121	117	1.44571
121	156	0.96201
121	157	0.844821
121	158	0.921686
121	159	0.829787
121	160	0.868742
121	161	0.807282
121	162	0.837988
121	163	0.853408
121	164	0.802702
121	165	0.818876
121	166	0.796233
121	167	0.763442
121	169	0.845082
121	170	0.802232
121	171	0.784572
121	172	0.815722
121	174	0.830682
121	175	0.782062
121	176	0.798292
121	177	0.770421
121	178	0.825351
121	179	0.804728
121	180	0.773147
122	6	0.840905
122	16	0.692189
122	18	0.796772
122	26	0.757737
122	30	0.672816
122	32	0.762194
122	33	0.756568
122	44	2.01539
122	59	2.17777
122	77	2.16563
122	82	2.06303
122	95	0.764817
122	99	0.808738
122	100	0.75209
122	107	0.772071
122	117	0.775472
122	118	0.774558
122	126	1.80574
122	130	0.758643
122	134	2.2573
122	135	0.765
122	147	0.769504
122	152	0.752848
122	159	0.704252
122	162	0.712453
122	169	0.719547
122	170	0.676698
122	172	0.690187
122	174	0.705147
122	175	0.656527
122	177	0.644886
122	179	0.679193
122	180	0.647612
123	51	0.887201
123	73	0.886874
123	88	0.89897
123	91	0.868419
123	94	0.856746
123	97	0.955125
123	103	0.876314
123	105	0.869532
123	110	0.917102
123	114	0.837779
123	119	0.857483
123	120	0.878441
123	126	0.898562
123	127	0.860944
123	131	0.872641
123	132	0.857781
123	134	0.850074
123	135	1.30057
123	136	0.861452
123	137	1.18809
123	138	0.854501
123	141	0.866799
123	142	0.887568
123	148	1.64509
123	149	0.803201
123	153	0.847966
123	155	0.801966
123	161	1.9937
123	162	1.53195
123	167	2.43285
123	168	0.762807
123	173	2.39334
123	178	1.6103
124	26	1.38804
124	56	1.43322
124	59	1.31847
124	64	1.17038
124	91	1.29228
124	103	1.29975
124	105	1.33565
124	118	1.24595
124	120	1.24289
124	128	1.11892
124	156	1.00089
124	157	0.883704
124	158	0.960569
124	159	0.868671
124	160	0.907626
124	161	0.846166
124	162	0.876871
124	163	0.892292
124	164	0.841585
124	165	0.85776
124	166	0.835117
124	167	0.802325
124	169	0.883966
124	170	0.841116
124	171	0.823456
124	172	0.854605
124	174	0.869565
124	175	0.820945
124	176	0.837176
124	177	0.809304
124	178	0.864235
124	179	0.843612
124	180	0.812031
125	36	0.875839
125	53	0.984449
125	69	0.913423
125	70	0.915135
125	72	0.911519
125	75	0.883313
125	76	0.885469
125	87	0.852364
125	89	0.891687
125	95	0.878292
125	99	0.922213
125	100	0.865565
125	107	0.885547
125	109	0.883029
125	115	0.900224
125	117	0.888947
125	118	0.888033
125	128	0.878911
125	130	0.872119
125	135	0.878476
125	137	1.24063
125	143	0.891419
125	145	0.987544
125	146	1.33603
125	147	0.88298
125	148	0.85359
125	151	1.34138
125	153	0.870459
125	163	1.47312
125	165	1.7472
125	166	2.0326
125	170	1.88738
125	172	1.88949
125	175	2.15659
126	10	0.48641
126	47	0.911262
126	94	0.883608
126	102	0.861321
126	103	0.903176
126	105	0.896393
126	114	0.86464
126	116	0.939364
126	119	0.884345
126	120	0.905302
126	122	1.80574
126	123	0.898562
126	127	0.887806
126	131	0.899502
126	132	0.884642
126	134	0.876935
126	136	0.888313
126	138	0.881362
126	141	0.89366
126	142	0.914429
126	143	0.895787
126	148	1.45457
126	151	0.899936
126	153	0.874827
126	155	0.828827
126	157	1.61208
126	158	0.999302
126	159	1.53294
126	168	0.789669
126	170	1.64432
126	174	1.42486
126	175	1.91353
126	176	1.76074
126	177	2.1165
127	54	0.842995
127	62	0.889796
127	73	0.876117
127	91	0.857662
127	92	1.0629
127	93	1.07976
127	94	0.84599
127	102	0.823703
127	103	0.865558
127	105	0.858776
127	110	0.906346
127	114	0.827022
127	119	0.846727
127	120	0.867684
127	123	0.860944
127	126	0.887806
127	133	0.880339
127	134	0.839317
127	136	0.850695
127	138	0.843744
127	141	0.856042
127	142	0.876811
127	149	0.792444
127	151	0.862318
127	152	1.53324
127	153	0.837209
127	155	0.791209
127	159	1.90413
127	163	1.60124
127	168	0.752051
127	172	2.01761
127	174	1.79605
127	178	1.79096
127	180	2.35466
128	36	0.838064
128	38	0.833315
128	48	1.46656
128	69	0.875648
128	70	0.87736
128	72	0.873744
128	75	0.845537
128	76	0.847694
128	87	0.814589
128	89	0.853912
128	93	0.881056
128	95	0.840517
128	99	0.884438
128	100	0.82779
128	107	0.847772
128	109	0.845253
128	115	0.862449
128	117	0.851172
128	118	0.850258
128	124	1.11892
128	125	0.878911
128	130	0.834344
128	135	0.840701
128	140	1.90175
128	143	0.853644
128	147	0.845205
128	148	0.815815
128	153	0.832684
128	156	0.998762
128	158	1.17178
128	171	2.086
128	173	2.3753
128	177	2.28899
128	179	1.76191
129	14	0.860994
129	19	0.93464
129	29	0.908204
129	31	1.65611
129	40	0.902782
129	41	0.88297
129	43	0.973226
129	55	0.892941
129	58	0.941063
129	61	0.946797
129	63	0.875867
129	64	0.908134
129	77	1.15957
129	95	1.36897
129	103	1.15298
129	119	1.07545
129	120	1.09612
129	130	1.20511
129	131	1.11318
129	135	0.911196
129	143	0.924139
129	144	1.00239
129	152	0.899043
129	170	0.822893
129	172	0.836382
129	173	0.820946
129	175	0.802722
129	176	0.818953
129	177	0.791081
129	178	0.846012
129	179	0.825389
129	180	0.793808
130	36	0.831272
130	38	0.826523
130	69	0.868855
130	70	0.870567
130	72	0.866952
130	75	0.838745
130	76	0.840901
130	87	0.807796
130	89	0.84712
130	95	0.833725
130	99	0.877646
130	100	0.820998
130	104	1.32316
130	107	0.840979
130	109	0.838461
130	113	1.13997
130	115	0.855656
130	117	0.84438
130	118	0.843466
130	122	0.758643
130	125	0.872119
130	128	0.834344
130	129	1.20511
130	133	1.3768
130	135	0.833909
130	143	0.846851
130	147	0.838412
130	148	0.809023
130	151	1.50375
130	153	0.825891
130	154	1.2723
130	155	2.01597
130	162	1.74686
130	168	2.5637
