1	12	0.739486
1	34	0.78838
1	47	0.839547
1	49	0.763159
1	55	0.822488
1	64	0.794937
1	70	0.873047
1	89	0.817452
1	133	1.85851
1	158	1.8762
1	161	0.791977
1	176	1.88201
2	8	1.10424
2	96	1.52514
2	141	1.40096
2	157	0.845755
2	162	0.882894
2	167	0.769956
2	171	0.799529
2	172	0.811203
2	175	0.809923
2	177	0.761775
2	178	0.744381
2	179	0.751897
3	88	0.935795
3	96	0.890584
3	101	0.935167
3	108	0.898896
3	109	0.897313
3	120	0.8699
3	124	0.896029
3	138	1.2441
3	154	1.47996
3	156	1.66621
3	163	0.898129
3	166	1.46627
4	9	0.86989
4	46	0.772152
4	51	0.857479
4	63	0.804739
4	86	0.798009
4	98	0.80346
4	143	1.79007
4	146	0.805444
4	152	0.768716
4	164	0.736229
4	171	2.01051
4	176	1.8171
5	63	0.812079
5	85	0.823532
5	98	0.8108
5	127	0.830048
5	130	0.821073
5	131	0.821224
5	136	0.845393
5	137	1.20212
5	168	0.827409
5	170	2.21321
5	171	1.78025
6	14	0.756055
6	17	0.825897
6	44	0.861413
6	56	0.827188
6	65	0.803817
6	66	0.803753
6	68	0.803693
6	149	1.51837
6	155	0.828333
6	156	1.7165
6	179	2.38834
6	180	0.700197
7	27	0.920493
7	32	0.891067
7	37	0.863552
7	43	0.958899
7	54	0.9285
7	60	0.924375
7	87	0.969772
7	141	0.91187
7	145	1.40022
7	156	1.41297
7	173	0.791813
7	177	2.07136
8	2	1.10424
8	36	0.814325
8	42	0.880793
8	72	0.889138
8	79	0.909719
8	93	0.920125
8	94	0.906236
8	95	0.965366
8	137	0.970544
8	144	2.09016
8	168	0.927678
8	175	1.43333
9	4	0.86989
9	35	0.894388
9	63	0.913222
9	98	0.911943
9	113	1.4405
9	143	1.54479
9	145	1.61514
9	146	0.913927
9	161	1.26528
9	164	0.844712
9	168	0.928552
9	169	0.924825
10	14	0.756055
10	17	0.825897
10	44	0.861413
10	56	0.827188
10	65	0.803817
10	66	0.803753
10	68	0.803693
10	140	1.71882
10	155	0.828333
10	160	1.67895
10	164	2.19507
10	180	0.700197
11	62	0.798943
11	102	0.814097
11	104	0.810609
11	125	0.792119
11	126	0.781614
11	127	0.806599
11	130	0.797624
11	131	0.797775
11	136	0.821944
11	146	1.88873
11	162	1.68404
11	172	2.04646
12	1	0.739486
12	34	0.806961
12	49	0.78174
12	55	0.841069
12	64	0.813519
12	81	0.807037
12	89	0.836034
12	92	0.845089
12	152	0.767047
12	153	1.63799
12	163	1.54775
12	179	2.44695
13	21	0.925074
13	27	0.913504
13	31	0.992616
13	37	0.856563
13	60	0.917386
13	134	1.17624
13	139	0.912211
13	141	0.904881
13	151	1.19788
13	166	1.32878
13	173	0.784824
13	179	2.20056
14	6	0.756055
14	10	0.756055
14	28	0.821475
14	44	0.873911
14	56	0.839686
14	65	0.816315
14	66	0.81625
14	68	0.81619
14	119	1.72099
14	150	1.89137
14	166	1.98803
14	180	0.712695
15	48	0.875091
15	67	0.907761
15	71	0.892703
15	75	0.942841
15	77	0.914711
15	83	0.914708
15	146	1.34836
15	169	0.92469
15	172	1.5061
15	174	1.47267
15	175	1.56895
15	180	0.81747
16	48	0.875091
16	67	0.907761
16	71	0.892703
16	75	0.942841
16	77	0.914711
16	83	0.914708
16	107	1.36919
16	150	1.34857
16	161	1.28255
16	164	1.85442
16	169	0.92469
16	180	0.81747
17	6	0.825897
17	10	0.825897
17	28	0.891317
17	56	0.909528
17	65	0.886157
17	66	0.886093
17	68	0.886032
17	111	1.52012
17	146	1.6442
17	155	0.910672
17	161	1.48019
17	166	1.64286
17	180	0.782537
18	49	1.32081
18	71	1.1806
18	89	0.70484
18	141	0.993807
18	142	0.925566
18	157	0.91669
18	170	0.835989
18	171	0.870464
18	172	0.882138
18	175	0.880858
18	177	0.832709
18	178	0.815315
18	179	0.822832
19	38	0.820508
19	50	0.912069
19	79	0.85589
19	93	0.866296
19	94	0.852407
19	95	0.911537
19	105	1.38513
19	139	0.866756
19	146	0.859225
19	151	0.863935
19	161	1.24068
19	167	2.08723
19	176	1.54721
20	23	0.904349
20	46	0.838103
20	51	0.92343
20	86	0.86396
20	92	1.22149
20	98	0.869411
20	122	1.56858
20	153	0.842948
20	154	1.62192
20	164	0.80218
20	168	0.886019
20	169	0.882293
20	175	1.83016
21	13	0.925074
21	27	0.878701
21	32	0.849275
21	37	0.821759
21	43	0.917107
21	54	0.886707
21	60	0.882582
21	87	1.13481
21	111	1.25533
21	121	1.72316
21	139	0.877407
21	170	2.1483
21	173	0.75002
22	29	0.877506
22	67	0.876211
22	71	0.861153
22	75	0.911291
22	77	0.883162
22	83	0.883158
22	119	1.12449
22	123	0.820723
22	147	1.25696
22	169	0.89314
22	172	1.55061
22	178	2.34771
22	180	0.78592
23	20	0.904349
23	35	0.862897
23	46	0.849144
23	86	0.875001
23	98	0.880452
23	107	1.27093
23	132	1.31744
23	146	0.882436
23	149	1.34878
23	153	0.853989
23	164	0.813221
23	169	0.893334
23	173	2.37172
24	88	0.906621
24	106	0.874562
24	108	0.869723
24	109	0.86814
24	110	0.855083
24	112	0.855822
24	118	1.18043
24	120	0.840726
24	122	1.1293
24	124	0.866855
24	163	0.868955
24	170	1.93919
24	179	2.04074
25	29	0.874867
25	48	0.840903
25	67	0.873572
25	71	0.858514
25	75	0.908653
25	77	0.880523
25	83	0.88052
25	107	1.39324
25	138	1.2471
25	159	1.74816
25	164	1.87847
25	169	0.890501
25	180	0.783281
26	63	2.23515
26	88	2.42085
26	137	0.789917
26	140	0.726414
26	143	0.719449
26	148	0.681225
26	160	0.742894
26	165	0.746183
26	171	0.68356
26	174	0.711276
26	176	0.711449
26	177	0.645806
26	179	0.635929
27	7	0.920493
27	13	0.913504
27	21	0.878701
27	32	0.837705
27	43	0.905537
27	54	0.875138
27	92	1.10252
27	107	1.41324
27	113	1.50182
27	139	0.865838
27	141	0.858508
27	173	0.738451
27	180	2.23517
28	14	0.821475
28	17	0.891317
28	44	0.926833
28	56	0.892608
28	65	0.869237
28	66	0.869173
28	68	0.869113
28	134	1.53171
28	140	1.6172
28	142	1.64266
28	155	0.893752
28	162	1.4809
28	180	0.765617
29	22	0.877506
29	25	0.874867
29	48	0.806044
29	67	0.838714
29	71	0.823656
29	75	0.873795
29	77	0.845665
29	82	1.50546
29	83	0.845661
29	143	1.50128
29	167	2.06833
29	169	0.855643
29	175	1.60637
29	180	0.748423
30	36	0.756116
30	38	0.816127
30	42	0.822584
30	72	0.830928
30	79	0.85151
30	93	0.861916
30	94	0.848027
30	95	0.907156
30	133	1.65565
30	141	0.855046
30	159	1.81419
30	166	1.5353
30	168	0.869469
30	172	1.69438
31	13	0.992616
31	32	0.916817
31	37	0.889301
31	43	0.984649
31	54	0.954249
31	60	0.950124
31	123	1.30977
31	139	0.944949
31	141	0.937619
31	152	1.15713
31	161	0.78066
31	173	0.817562
31	177	1.80166
31	178	1.89952
32	7	0.891067
32	21	0.849275
32	27	0.837705
32	31	0.916817
32	37	0.780764
32	43	0.876111
32	54	0.845712
32	60	0.841586
32	137	1.32145
32	139	0.836411
32	153	1.62512
32	161	1.39963
32	173	0.709025
32	180	2.30821
33	96	0.939377
33	106	0.95253
33	109	0.946107
33	110	0.93305
33	112	0.933789
33	114	1.03691
33	115	0.923493
33	120	0.918694
33	124	0.944822
33	142	0.946161
33	153	0.915182
33	170	1.75798
33	173	2.0125
33	175	1.20967
34	1	0.78838
34	12	0.806961
34	47	0.907022
34	61	0.880062
34	64	0.862412
34	78	0.82354
34	81	0.85593
34	89	0.884927
34	128	1.86366
34	137	1.48518
34	144	0.750733
34	150	1.62938
34	161	0.859452
34	165	1.66764
35	9	0.894388
35	23	0.862897
35	41	0.889225
35	86	0.822508
35	98	0.827959
35	146	0.829943
35	147	1.55485
35	150	1.59276
35	152	0.793215
35	153	0.801496
35	158	1.82746
35	166	1.68942
35	168	0.844567
35	169	0.840841
36	8	0.814325
36	30	0.756116
36	42	0.718494
36	50	0.803599
36	70	1.67407
36	72	0.726838
36	93	0.757826
36	94	0.743936
36	95	0.803066
36	114	2.43675
36	139	0.758285
36	151	0.755464
36	157	2.25828
36	168	0.765378
37	7	0.863552
37	13	0.856563
37	21	0.821759
37	31	0.889301
37	32	0.780764
37	43	0.848596
37	54	0.818196
37	60	0.814071
37	121	2.02235
37	135	1.58407
37	139	0.808896
37	141	0.801567
37	156	1.8772
37	160	1.57034
37	173	0.68151
38	19	0.820508
38	30	0.816127
38	72	0.786849
38	93	0.817837
38	94	0.803947
38	95	0.863077
38	139	0.818296
38	141	0.810966
38	146	0.810765
38	151	0.815475
38	163	1.07162
38	168	0.825389
38	173	2.1238
38	177	1.95736
38	179	1.97082
39	91	0.805061
39	96	0.824505
39	100	0.816975
39	106	0.837657
39	108	0.832817
39	109	0.831234
39	110	0.818178
39	112	0.818917
39	115	0.80862
39	120	0.803821
39	124	0.82995
39	129	1.54616
39	151	1.61342
39	159	2.0232
39	172	1.9034
40	53	0.859404
40	57	0.762464
40	59	0.837959
40	69	0.870418
40	76	0.841078
40	85	0.821864
40	107	0.842088
40	111	1.36461
40	144	0.709181
40	155	0.842929
40	163	0.81441
40	168	0.825741
40	173	2.51211
40	174	1.613
40	176	1.63121
41	35	0.889225
41	46	0.875471
41	51	0.960798
41	63	0.908058
41	86	0.901329
41	98	0.906779
41	145	1.48414
41	148	1.81473
41	153	0.880316
41	158	1.435
41	162	1.09361
41	164	0.839548
41	168	0.923388
41	169	0.919661
41	175	1.51889
42	8	0.880793
42	30	0.822584
42	36	0.718494
42	72	0.793306
42	79	0.813887
42	94	0.810404
42	95	0.869534
42	141	0.817423
42	146	0.817222
42	147	1.39431
42	150	1.43222
42	151	0.821932
42	168	0.831846
42	175	1.7508
42	178	2.48506
43	7	0.958899
43	21	0.917107
43	27	0.905537
43	31	0.984649
43	32	0.876111
43	37	0.848596
43	54	0.913544
43	60	0.909419
43	82	1.50679
43	141	0.896914
43	149	1.38759
43	152	1.59956
43	163	1.35835
43	173	0.776857
43	174	1.51142
44	6	0.861413
44	10	0.861413
44	14	0.873911
44	28	0.926833
44	56	0.945044
44	65	0.921673
44	66	0.921608
44	68	0.921548
44	111	1.25977
44	134	1.22997
44	146	1.38385
44	151	1.25161
44	155	0.946188
44	179	2.25429
44	180	0.818053
45	53	0.859404
45	57	0.762464
45	59	0.837959
45	69	0.870418
45	76	0.841078
45	85	0.821864
45	107	0.842088
45	144	0.709181
45	147	1.60895
45	151	1.61262
45	155	0.842929
45	163	0.81441
45	168	0.825741
45	172	1.90259
45	175	1.96544
46	4	0.772152
46	20	0.838103
46	23	0.849144
46	41	0.875471
46	51	0.868225
46	63	0.815485
46	86	0.808755
46	98	0.814206
46	123	1.94115
46	134	1.42218
46	152	0.779462
46	160	1.46779
46	164	0.746974
46	167	2.2586
46	168	0.830814
47	1	0.839547
47	34	0.907022
47	49	0.881801
47	55	0.941131
47	61	0.931229
47	64	0.91358
47	81	0.907098
47	89	0.936095
47	111	1.16551
47	152	0.867108
47	154	1.30194
47	161	0.910619
47	165	1.22986
47	175	1.51018
47	177	2.14658
48	15	0.875091
48	16	0.875091
48	25	0.840903
48	29	0.806044
48	67	0.804749
48	71	0.789691
48	75	0.83983
48	77	0.8117
48	83	0.811696
48	114	1.75412
48	133	1.82531
48	140	1.63791
48	169	0.821678
48	172	1.86404
48	180	0.714458
49	1	0.763159
49	12	0.78174
49	18	1.32081
49	47	0.881801
49	55	0.864742
49	61	0.854841
49	64	0.837191
49	81	0.830709
49	89	0.859706
49	105	1.81689
49	135	1.74193
49	144	0.725512
49	152	0.790719
49	153	1.89793
49	161	0.834231
50	19	0.912069
50	36	0.803599
50	72	0.878411
50	93	0.909399
50	94	0.895509
50	95	0.954639
50	138	0.978324
50	139	0.909858
50	146	0.902327
50	148	1.71827
50	151	0.907037
50	160	1.09357
50	168	0.916951
50	173	2.22525
50	176	1.34435
51	4	0.857479
51	20	0.92343
51	41	0.960798
51	46	0.868225
51	63	0.900812
51	70	0.797413
51	86	0.894082
51	98	0.899533
51	119	1.24389
51	147	1.37636
51	150	1.41427
51	152	0.864789
51	168	0.916141
51	169	0.912415
51	178	2.46711
52	58	0.861868
52	91	0.800266
52	96	0.819709
52	106	0.832861
52	108	0.828022
52	109	0.826439
52	110	0.813382
52	112	0.814121
52	115	0.803824
52	120	0.799025
52	124	0.825154
52	145	1.77615
52	149	1.59078
52	151	1.45808
52	167	2.27285
53	40	0.859404
53	45	0.859404
53	57	0.849117
53	59	0.924612
53	69	0.957071
53	76	0.927731
53	78	1.28253
53	85	0.908517
53	143	1.43697
53	146	1.32149
53	148	1.83791
53	155	0.929582
53	158	1.45819
53	163	0.901063
53	168	0.912394
54	7	0.9285
54	21	0.886707
54	27	0.875138
54	31	0.954249
54	32	0.845712
54	37	0.818196
54	43	0.913544
54	60	0.879019
54	105	1.43943
54	132	1.42814
54	139	0.873844
54	141	0.866514
54	163	1.43024
54	164	1.86686
54	173	0.746457
54	174	1.58331
55	1	0.822488
55	12	0.841069
55	47	0.941131
55	49	0.864742
55	61	0.91417
55	64	0.896521
55	81	0.890038
55	89	0.919036
55	122	1.39646
55	128	1.57374
55	138	1.21395
55	144	0.784841
55	150	1.33947
55	152	0.850049
55	161	0.89356
55	180	2.18202
56	6	0.827188
56	10	0.827188
56	14	0.839686
56	17	0.909528
56	28	0.892608
56	44	0.945044
56	65	0.887448
56	66	0.887383
56	68	0.887323
56	74	0.900418
56	121	1.68309
56	153	1.40082
56	155	0.911963
56	176	1.48186
56	178	2.29419
56	180	0.783828
57	40	0.762464
57	45	0.762464
57	53	0.849117
57	59	0.827672
57	69	0.860131
57	76	0.830791
57	85	0.811577
57	114	0.762834
57	118	1.94068
57	122	1.88956
57	140	1.86217
57	144	0.698894
57	155	0.832642
57	161	1.76654
57	163	0.804123
57	168	0.815454
58	52	0.861868
58	91	0.863694
58	100	0.875608
58	106	0.89629
58	108	0.89145
58	110	0.876811
58	112	0.87755
58	115	0.867253
58	120	0.862454
58	122	1.47371
58	124	0.888583
58	137	1.2725
58	152	1.72715
58	153	0.858942
58	159	1.79225
58	165	1.45497
59	40	0.837959
59	45	0.837959
59	53	0.924612
59	57	0.827672
59	69	0.935626
59	76	0.906286
59	85	0.887072
59	97	1.07331
59	123	1.72031
59	144	0.774389
59	155	0.908137
59	158	1.49192
59	163	0.879618
59	164	1.76307
59	168	0.890949
59	171	1.69114
60	7	0.924375
60	13	0.917386
60	21	0.882582
60	31	0.950124
60	32	0.841586
60	37	0.814071
60	43	0.909419
60	54	0.879019
60	135	1.42721
60	139	0.869719
60	141	0.862389
60	145	1.70759
60	152	1.7342
60	157	1.39109
60	165	1.46201
60	173	0.742332
61	34	0.880062
61	47	0.931229
61	49	0.854841
61	55	0.91417
61	64	0.886619
61	78	0.847748
61	81	0.880137
61	82	1.39875
61	89	0.909134
61	128	1.41535
61	144	0.77494
61	146	1.27908
61	152	0.840147
61	161	0.883659
61	171	1.615
61	180	2.02363
62	11	0.798943
62	80	0.867944
62	116	0.834709
62	117	0.877211
62	122	1.40963
62	125	0.861872
62	126	0.851368
62	127	0.876352
62	130	0.867378
62	131	0.867529
62	136	0.891698
62	160	1.34237
62	161	0.865873
62	163	1.42187
62	173	0.739233
62	174	1.57494
62	178	2.40548
63	4	0.804739
63	5	0.812079
63	9	0.913222
63	26	2.23515
63	41	0.908058
63	46	0.815485
63	51	0.900812
63	86	0.841342
63	98	0.846793
63	128	1.19119
63	146	0.848777
63	148	1.57134
63	149	1.05538
63	164	0.779561
63	168	0.863401
63	169	0.859674
63	170	1.8238
64	1	0.794937
64	12	0.813519
64	34	0.862412
64	47	0.91358
64	49	0.837191
64	55	0.896521
64	61	0.886619
64	81	0.862488
64	89	0.891485
64	107	1.11252
64	144	0.75729
64	152	0.822498
64	161	0.86601
64	166	1.18855
64	167	1.87243
64	179	2.06033
64	180	1.93445
65	6	0.803817
65	10	0.803817
65	14	0.816315
65	17	0.886157
65	28	0.869237
65	44	0.921673
65	56	0.887448
65	66	0.864012
65	68	0.863952
65	78	0.827652
65	92	1.25105
65	137	1.39694
65	155	0.888592
65	161	1.47513
65	165	1.57941
65	170	2.40803
65	180	0.760457
66	6	0.803753
66	10	0.803753
66	14	0.81625
66	17	0.886093
66	28	0.869173
66	44	0.921608
66	56	0.887383
66	65	0.864012
66	68	0.863888
66	78	0.827587
66	128	1.78803
66	151	1.51951
66	155	0.888528
66	157	1.5211
66	160	1.54348
66	174	1.77606
66	180	0.760392
67	15	0.907761
67	16	0.907761
67	22	0.876211
67	25	0.873572
67	29	0.838714
67	48	0.804749
67	71	0.822361
67	75	0.8725
67	77	0.84437
67	83	0.844366
67	129	1.20452
67	142	1.36109
67	146	1.40402
67	148	1.92045
67	169	0.854348
67	177	2.261
67	180	0.747128
68	6	0.803693
68	10	0.803693
68	14	0.81619
68	17	0.886032
68	28	0.869113
68	44	0.921548
68	56	0.887323
68	65	0.863952
68	66	0.863888
68	78	0.827527
68	123	1.97383
68	129	1.40924
68	142	1.5658
68	149	1.6092
68	155	0.888468
68	166	1.60739
68	180	0.760332
69	40	0.870418
69	45	0.870418
69	53	0.957071
69	57	0.860131
69	59	0.935626
69	73	1.66324
69	76	0.938745
69	85	0.919531
69	105	1.47375
69	114	0.870788
69	129	1.29382
69	144	0.806848
69	146	1.49332
69	154	1.50566
69	155	0.940596
69	161	1.3293
69	163	0.912077
69	168	0.923408
70	1	0.873047
70	36	1.67407
70	51	0.797413
70	77	0.938255
70	81	0.940597
70	83	0.938251
70	89	0.969594
70	104	0.947415
70	110	1.04459
70	112	0.884582
70	141	0.794603
70	161	0.944119
70	169	0.948233
70	170	0.847986
70	175	0.892855
70	178	0.827313
70	179	0.834829
70	180	0.841013
71	15	0.892703
71	16	0.892703
71	18	1.1806
71	22	0.861153
71	25	0.858514
71	29	0.823656
71	48	0.789691
71	67	0.822361
71	73	1.86617
71	75	0.857442
71	77	0.829312
71	83	0.829308
71	123	0.766873
71	128	1.83253
71	154	1.70859
71	163	1.66749
71	169	0.83929
71	180	0.73207
72	8	0.889138
72	30	0.830928
72	36	0.726838
72	38	0.786849
72	42	0.793306
72	50	0.878411
72	79	0.822232
72	92	0.86688
72	93	0.832638
72	94	0.818748
72	95	0.877878
72	132	1.43915
72	139	0.833097
72	163	1.44125
72	168	0.84019
72	172	1.62775
72	173	2.49343
72	174	1.59432
73	69	1.66324
73	71	1.86617
73	82	0.771558
73	90	1.71975
73	118	0.822743
73	136	1.41349
73	140	0.798745
73	154	0.81013
73	157	0.802117
73	162	0.839256
73	170	0.721417
73	172	0.767565
73	174	0.783607
73	175	0.766285
73	176	0.78378
73	177	0.718137
73	178	0.700743
73	179	0.708259
74	56	0.900418
74	83	0.881709
74	103	0.941465
74	110	1.32052
74	116	1.15065
74	135	0.904499
74	138	0.955399
74	139	1.0325
74	149	0.919313
74	156	0.86655
74	158	0.880397
74	162	0.939376
74	171	0.856011
74	172	0.867685
74	174	0.883726
74	176	0.883899
74	177	0.818256
74	178	0.800862
74	179	0.808379
75	15	0.942841
75	16	0.942841
75	22	0.911291
75	25	0.908653
75	29	0.873795
75	48	0.83983
75	67	0.8725
75	71	0.857442
75	77	0.87945
75	83	0.879447
75	118	1.07435
75	123	0.817012
75	144	1.94164
75	146	1.06423
75	169	0.889429
75	172	1.22197
75	177	1.92121
75	178	2.01907
75	180	0.782209
76	40	0.841078
76	45	0.841078
76	53	0.927731
76	57	0.830791
76	59	0.906286
76	69	0.938745
76	85	0.890191
76	107	0.910415
76	114	0.841448
76	143	1.37351
76	144	0.777508
76	145	1.44386
76	148	1.77445
76	151	1.12578
76	155	0.911256
76	163	0.882737
76	168	0.894068
76	176	1.40053
76	179	2.12846
77	15	0.914711
77	16	0.914711
77	22	0.883162
77	25	0.880523
77	29	0.845665
77	48	0.8117
77	67	0.84437
77	70	0.938255
77	71	0.829312
77	75	0.87945
77	83	0.851317
77	123	0.788882
77	142	1.4961
77	153	1.6005
77	161	1.37501
77	163	1.51026
77	164	1.94688
77	169	0.861299
77	172	1.69677
77	180	0.754079
78	34	0.82354
78	53	1.28253
78	61	0.847748
78	65	0.827652
78	66	0.827587
78	68	0.827527
78	81	0.823616
78	89	0.852613
78	95	1.2228
78	99	1.53308
78	109	1.43536
78	128	0.789172
78	131	1.45325
78	155	0.852167
78	174	0.793195
78	175	0.775874
78	176	0.793368
78	177	0.727725
78	179	0.717848
78	180	0.724032
79	8	0.909719
79	19	0.85589
79	30	0.85151
79	42	0.813887
79	72	0.822232
79	92	0.887461
79	93	0.853219
79	94	0.83933
79	95	0.898459
79	114	1.22666
79	139	0.853678
79	141	0.846349
79	144	2.05626
79	146	0.846147
79	149	1.17931
79	151	0.850858
79	166	1.1775
79	167	1.86138
79	168	0.860772
79	178	2.13369
80	62	0.867944
80	99	0.85713
80	104	0.879611
80	116	0.833957
80	117	0.876459
80	125	0.861121
80	126	0.850616
80	127	0.875601
80	130	0.866626
80	131	0.866777
80	132	1.39261
80	133	1.54248
80	136	0.890946
80	137	1.18127
80	161	0.865121
80	165	1.36374
80	169	0.869235
80	171	1.7594
80	173	0.738481
80	178	2.37832
81	12	0.807037
81	34	0.85593
81	47	0.907098
81	49	0.830709
81	55	0.890038
81	61	0.880137
81	64	0.862488
81	70	0.940597
81	78	0.823616
81	89	0.885003
81	92	0.894058
81	114	1.42394
81	144	0.750808
81	152	0.816016
81	157	1.24546
81	161	0.859527
81	164	1.78397
81	170	2.14501
81	174	1.50042
81	176	1.51863
82	29	1.50546
82	43	1.50679
82	61	1.39875
82	73	0.771558
82	91	0.786579
82	95	1.38143
82	97	0.854384
82	98	1.68563
82	112	0.800434
82	120	0.785339
82	124	0.811467
82	125	0.813057
82	126	0.802553
82	130	0.818563
82	131	0.818714
82	136	0.842883
82	165	0.818023
82	172	0.767074
82	176	0.783288
82	179	0.707768
83	15	0.914708
83	16	0.914708
83	22	0.883158
83	25	0.88052
83	29	0.845661
83	48	0.811696
83	67	0.844366
83	70	0.938251
83	71	0.829308
83	74	0.881709
83	75	0.879447
83	77	0.851317
83	123	0.788878
83	153	1.38211
83	165	1.2609
83	167	2.00317
83	169	0.861295
83	171	1.65656
83	177	2.17761
83	180	0.754075
84	90	0.827714
84	99	0.850254
84	102	0.876222
84	103	0.866843
84	104	0.872734
84	116	0.827081
84	117	0.869583
84	119	1.40724
84	125	0.854244
84	126	0.843739
84	127	0.868724
84	130	0.859749
84	131	0.8599
84	135	1.58109
84	136	0.884069
84	138	1.45211
84	143	1.79111
84	155	0.883274
84	157	1.54497
84	176	1.81814
85	5	0.823532
85	40	0.821864
85	45	0.821864
85	53	0.908517
85	57	0.811577
85	59	0.887072
85	69	0.919531
85	76	0.890191
85	107	0.891201
85	113	1.56871
85	114	0.822234
85	132	1.52664
85	144	0.758294
85	151	1.42527
85	155	0.892042
85	157	1.42685
85	158	1.69421
85	163	0.863523
85	164	1.96536
85	168	0.874854
86	4	0.798009
86	20	0.86396
86	23	0.875001
86	35	0.822508
86	41	0.901329
86	46	0.808755
86	51	0.894082
86	63	0.841342
86	98	0.840063
86	107	1.37732
86	123	1.81979
86	145	1.64054
86	146	0.842047
86	151	1.32246
86	152	0.805319
86	153	0.8136
86	164	0.772832
86	168	0.856671
86	169	0.852945
86	174	1.579
86	177	2.31167
87	7	0.969772
87	21	1.13481
87	103	1.13579
87	115	1.38493
87	120	1.37994
87	122	0.864723
87	124	1.34761
87	147	0.886583
87	151	0.878994
87	156	0.829948
87	159	0.821073
87	160	0.878743
87	165	0.882032
87	166	0.869033
87	171	0.819409
87	172	0.831083
87	174	0.847125
87	176	0.847298
87	177	0.781655
87	178	0.764261
87	179	0.771777
88	3	0.935795
88	24	0.906621
88	26	2.42085
88	91	0.866747
88	96	0.886191
88	100	0.878661
88	101	0.930773
88	108	0.894503
88	109	0.89292
88	110	0.879863
88	112	0.880603
88	115	0.870306
88	118	1.25074
88	120	0.865507
88	123	0.828923
88	124	0.891635
88	129	1.04112
88	146	1.24062
88	151	1.10838
88	156	1.43922
88	164	0.821227
88	167	1.92316
89	1	0.817452
89	12	0.836034
89	18	0.70484
89	34	0.884927
89	47	0.936095
89	49	0.859706
89	55	0.919036
89	61	0.909134
89	64	0.891485
89	70	0.969594
89	78	0.852613
89	81	0.885003
89	92	0.923055
89	121	1.56424
89	144	0.779805
89	145	1.40633
89	152	0.845013
89	153	1.28196
89	161	0.888525
89	165	1.16075
89	173	2.2439
89	177	2.07747
90	73	1.71975
90	84	0.827714
90	99	0.824528
90	102	0.850497
90	103	0.841118
90	104	0.847009
90	116	0.801355
90	117	0.843858
90	125	0.828519
90	126	0.818014
90	127	0.842999
90	129	1.35033
90	130	0.834024
90	131	0.834175
90	132	1.51896
90	136	0.858344
90	139	0.833266
90	150	1.45183
90	161	0.832519
90	173	0.70588
90	176	1.69234
90	179	2.42026
91	39	0.805061
91	52	0.800266
91	58	0.863694
91	82	0.786579
91	88	0.866747
91	97	1.61034
91	100	0.814006
91	101	0.866119
91	106	0.834688
91	107	0.856759
91	109	0.828266
91	110	0.815209
91	112	0.815948
91	115	0.805651
91	120	0.800852
91	124	0.826981
91	134	1.73836
91	135	1.79771
91	138	1.66872
91	140	1.82385
91	161	1.72822
91	163	0.829081
92	12	0.845089
92	20	1.22149
92	27	1.10252
92	65	1.25105
92	72	0.86688
92	79	0.887461
92	81	0.894058
92	89	0.923055
92	93	0.897868
92	94	0.883978
92	96	1.24556
92	106	0.980538
92	108	1.07844
92	120	1.23645
92	142	0.891024
92	143	0.871811
92	144	0.788861
92	161	0.89758
92	168	0.90542
92	176	0.86381
92	177	0.798167
92	178	0.780773
92	179	0.78829
93	8	0.920125
93	19	0.866296
93	30	0.861916
93	36	0.757826
93	38	0.817837
93	50	0.909399
93	72	0.832638
93	79	0.853219
93	92	0.897868
93	94	0.849736
93	95	0.908866
93	139	0.864085
93	141	0.856755
93	146	0.856554
93	147	1.32547
93	151	0.861264
93	153	1.52285
93	154	1.47372
93	158	1.59808
93	161	1.29736
93	168	0.871178
93	170	2.23027
93	172	1.61912
94	8	0.906236
94	19	0.852407
94	30	0.848027
94	36	0.743936
94	38	0.803947
94	42	0.810404
94	50	0.895509
94	72	0.818748
94	79	0.83933
94	92	0.883978
94	93	0.849736
94	95	0.894976
94	133	1.65315
94	134	1.38026
94	139	0.850195
94	141	0.842866
94	146	0.842664
94	151	0.847375
94	162	1.32945
94	163	1.50537
94	165	1.4744
94	168	0.857289
94	176	1.67665
94	178	2.48898
95	8	0.965366
95	19	0.911537
95	30	0.907156
95	36	0.803066
95	38	0.863077
95	42	0.869534
95	50	0.954639
95	72	0.877878
95	78	1.2228
95	79	0.898459
95	82	1.38143
95	93	0.908866
95	94	0.894976
95	118	1.27188
95	121	1.60551
95	135	1.16723
95	138	1.03824
95	139	0.909325
95	141	0.901995
95	146	0.901794
95	151	0.906504
95	158	1.39846
95	168	0.916418
95	177	2.11874
96	2	1.52514
96	3	0.890584
96	33	0.939377
96	39	0.824505
96	52	0.819709
96	88	0.886191
96	92	1.24556
96	100	0.83345
96	101	0.885562
96	106	0.854131
96	108	0.849292
96	109	0.847709
96	110	0.834652
96	112	0.835391
96	115	0.825094
96	120	0.820295
96	124	0.846424
96	137	1.39144
96	142	1.59072
96	151	1.50141
96	152	1.8461
96	156	1.83224
96	163	0.848524
96	164	0.776015
97	59	1.07331
97	82	0.854384
97	91	1.61034
97	109	1.19242
97	117	1.2386
97	122	0.884032
97	136	0.961669
97	141	1.22756
97	143	0.874607
97	149	0.90202
97	159	0.840381
97	165	0.901341
97	166	0.888342
97	167	0.809144
97	169	0.954617
97	171	0.838717
97	172	0.850392
97	173	0.773736
97	174	0.866433
97	175	0.849111
97	176	0.866606
97	177	0.800963
97	178	0.783569
97	179	0.791086
98	4	0.80346
98	5	0.8108
98	9	0.911943
98	20	0.869411
98	23	0.880452
98	35	0.827959
98	41	0.906779
98	46	0.814206
98	51	0.899533
98	63	0.846793
98	82	1.68563
98	86	0.840063
98	119	1.29757
98	137	1.32375
98	146	0.847498
98	148	2.08238
98	152	0.81077
98	153	0.819051
98	157	1.4353
98	159	1.8435
98	163	1.53719
98	164	0.778282
98	168	0.862122
98	169	0.858395
99	78	1.53308
99	80	0.85713
99	84	0.850254
99	90	0.824528
99	102	0.873037
99	103	0.863658
99	104	0.869549
99	116	0.823895
99	117	0.866397
99	125	0.851058
99	126	0.840554
99	127	0.865539
99	130	0.856564
99	131	0.856715
99	136	0.880884
99	141	0.848476
99	157	1.44138
99	163	1.54327
99	165	1.5123
99	169	0.859173
99	173	0.728419
99	174	1.69634
99	175	1.79262
99	176	1.71455
100	39	0.816975
100	58	0.875608
100	88	0.878661
100	91	0.814006
100	96	0.83345
100	101	0.878032
100	106	0.846602
100	107	0.868672
100	108	0.841762
100	109	0.840179
100	110	0.827122
100	111	1.63884
100	112	0.827862
100	115	0.817565
100	120	0.812766
100	123	0.776182
100	124	0.838894
100	138	1.5394
100	157	1.63227
100	160	1.65465
100	162	1.55823
100	163	0.840995
100	164	0.768486
100	174	1.88723
100	175	1.9835
101	3	0.935167
101	88	0.930773
101	91	0.866119
101	96	0.885562
101	100	0.878032
101	106	0.898714
101	107	0.920785
101	108	0.893874
101	109	0.892292
101	110	0.879235
101	112	0.879974
101	115	0.869677
101	120	0.864878
101	123	0.828294
101	124	0.891007
101	153	0.861366
101	154	1.36252
101	157	1.21953
101	158	1.48688
101	159	1.62773
101	161	1.18616
101	164	0.820598
101	174	1.47449
101	175	1.57076
101	179	2.22062
102	11	0.814097
102	84	0.876222
102	90	0.850497
102	99	0.873037
102	103	0.889626
102	104	0.895518
102	114	0.836248
102	116	0.849864
102	117	0.892366
102	119	1.26437
102	125	0.877027
102	126	0.866522
102	127	0.891507
102	130	0.882533
102	131	0.882683
102	132	1.50189
102	134	1.37887
102	136	0.906853
102	144	2.41017
102	147	1.39684
102	150	1.43475
102	151	0.878954
102	152	1.7452
102	157	1.4021
102	169	0.885141
102	173	0.754388
103	74	0.941465
103	84	0.866843
103	87	1.13579
103	90	0.841118
103	99	0.863658
103	102	0.889626
103	104	0.886138
103	105	1.36082
103	116	0.840485
103	117	0.882987
103	123	1.74549
103	125	0.867648
103	126	0.857143
103	127	0.882128
103	130	0.873153
103	131	0.873304
103	136	0.897473
103	139	0.872396
103	152	1.59284
103	155	0.896677
103	161	0.871648
103	162	1.1757
103	169	0.875762
103	171	1.71632
103	173	0.745009
103	178	2.33523
104	11	0.810609
104	70	0.947415
104	80	0.879611
104	84	0.872734
104	90	0.847009
104	99	0.869549
104	102	0.895518
104	103	0.886138
104	116	0.846376
104	117	0.888878
104	119	1.39389
104	125	0.873539
104	126	0.863034
104	127	0.888019
104	130	0.879044
104	131	0.879195
104	134	1.50839
104	136	0.903364
104	141	0.870957
104	142	1.61934
104	156	1.86087
104	159	1.93982
104	160	1.554
104	162	1.45758
104	169	0.881653
104	173	0.7509
105	19	1.38513
105	49	1.81689
105	54	1.43943
105	69	1.47375
105	103	1.36082
105	114	0.798855
105	119	0.880975
105	124	1.57265
105	129	0.874282
105	133	0.807675
105	142	0.837078
105	147	0.84915
105	149	0.845279
105	155	1.22793
105	156	0.792515
105	157	0.828202
105	160	0.84131
105	162	0.865341
105	166	0.8316
105	170	0.747501
105	171	0.781976
105	174	0.809691
105	175	0.79237
105	176	0.809864
105	177	0.744221
105	178	0.726828
105	179	0.734344
106	24	0.874562
106	33	0.95253
106	39	0.837657
106	52	0.832861
106	58	0.89629
106	91	0.834688
106	92	0.980538
106	96	0.854131
106	100	0.846602
106	101	0.898714
106	108	0.862444
106	109	0.860861
106	110	0.847804
106	112	0.848543
106	115	0.838246
106	120	0.833447
106	123	0.796863
106	124	0.859576
106	133	1.48764
106	142	1.3257
106	151	1.23639
106	153	0.829936
106	164	0.789167
106	173	2.39204
106	174	1.49293
106	175	1.58921
106	179	2.23907
107	16	1.36919
107	23	1.27093
107	25	1.39324
107	27	1.41324
107	40	0.842088
107	45	0.842088
107	64	1.11252
107	76	0.910415
107	85	0.891201
107	86	1.37732
107	91	0.856759
107	100	0.868672
107	101	0.920785
107	115	0.860317
107	120	0.855518
107	124	0.881647
107	136	1.16619
107	143	0.861468
107	163	0.883747
107	166	0.875203
107	168	0.895078
107	169	1.15914
107	172	0.837253
107	173	0.760598
107	177	0.787825
107	178	0.770431
107	179	0.777947
108	3	0.898896
108	24	0.869723
108	39	0.832817
108	52	0.828022
108	58	0.89145
108	88	0.894503
108	92	1.07844
108	96	0.849292
108	100	0.841762
108	101	0.893874
108	106	0.862444
108	109	0.856021
108	110	0.842964
108	112	0.843704
108	114	1.51435
108	115	0.833407
108	119	1.19815
108	120	0.828608
108	124	0.854736
108	129	1.26704
108	144	2.34395
108	149	1.46701
108	153	0.825096
108	157	1.33588
108	163	0.856837
108	164	0.784328
108	173	2.48995
109	3	0.897313
109	24	0.86814
109	33	0.946107
109	39	0.831234
109	52	0.826439
109	78	1.43536
109	88	0.89292
109	91	0.828266
109	96	0.847709
109	97	1.19242
109	100	0.840179
109	101	0.892292
109	106	0.860861
109	108	0.856021
109	110	0.841382
109	112	0.842121
109	115	0.831824
109	118	1.48444
109	120	0.827025
109	123	0.790441
109	124	0.853154
109	133	1.59333
109	153	0.823513
109	160	1.36605
109	162	1.26963
109	173	2.49773
109	176	1.61683
110	24	0.855083
110	33	0.93305
110	39	0.818178
110	52	0.813382
110	58	0.876811
110	70	1.04459
110	74	1.32052
110	88	0.879863
110	91	0.815209
110	96	0.834652
110	100	0.827122
110	101	0.879235
110	106	0.847804
110	108	0.842964
110	109	0.841382
110	112	0.829064
110	114	1.80726
110	115	0.818767
110	118	1.76957
110	120	0.813968
110	124	0.840097
110	151	1.6272
110	153	0.810456
110	160	1.65118
110	163	0.842197
110	164	0.769688
110	165	1.69971
110	172	1.91718
111	17	1.52012
111	21	1.25533
111	40	1.36461
111	44	1.25977
111	47	1.16551
111	100	1.63884
111	122	0.866797
111	130	1.35236
111	135	0.869971
111	140	0.864336
111	142	0.876585
111	145	0.85413
111	150	0.876388
111	154	0.875721
111	156	0.832022
111	158	0.845869
111	165	0.884106
111	166	0.871107
111	167	0.791909
111	168	1.09008
111	170	0.787008
111	172	0.833157
111	174	0.849198
111	175	0.831877
111	176	0.849371
111	177	0.783728
111	178	0.766334
111	179	0.773851
112	24	0.855822
112	33	0.933789
112	39	0.818917
112	52	0.814121
112	58	0.87755
112	70	0.884582
112	82	0.800434
112	88	0.880603
112	91	0.815948
112	96	0.835391
112	100	0.827862
112	101	0.879974
112	106	0.848543
112	108	0.843704
112	109	0.842121
112	110	0.829064
112	115	0.819506
112	120	0.814707
112	124	0.840836
112	133	1.71845
112	143	1.71493
112	146	1.59944
112	160	1.49117
112	163	0.842936
112	164	0.770427
112	165	1.5397
112	166	1.5981
112	178	2.55428
113	9	1.4405
113	27	1.50182
113	85	1.56871
113	115	1.64074
113	130	1.48765
113	132	0.849793
113	142	0.835482
113	144	0.733319
113	147	0.847554
113	148	0.778045
113	154	0.834619
113	155	1.2587
113	156	0.790919
113	157	0.826607
113	158	0.804766
113	162	0.863745
113	165	0.843003
113	166	0.830005
113	168	1.22537
113	170	0.745906
113	171	0.78038
113	172	0.792054
113	174	0.808096
113	175	0.790774
113	176	0.808269
113	177	0.742626
113	178	0.725232
113	179	0.732749
114	33	1.03691
114	36	2.43675
114	48	1.75412
114	57	0.762834
114	69	0.870788
114	76	0.841448
114	79	1.22666
114	81	1.42394
114	85	0.822234
114	102	0.836248
114	105	0.798855
114	108	1.51435
114	110	1.80726
114	125	0.81427
114	126	0.803765
114	127	0.82875
114	130	0.819775
114	131	0.819926
114	136	0.844095
114	157	0.802839
114	163	0.81478
114	168	0.826111
114	171	0.756612
114	174	0.784328
114	176	0.784501
114	177	0.718858
114	178	0.701464
114	179	0.708981
115	33	0.923493
115	39	0.80862
115	52	0.803824
115	58	0.867253
115	87	1.38493
115	88	0.870306
115	91	0.805651
115	96	0.825094
115	100	0.817565
115	101	0.869677
115	106	0.838246
115	107	0.860317
115	108	0.833407
115	109	0.831824
115	110	0.818767
115	112	0.819506
115	113	1.64074
115	120	0.804411
115	123	0.767827
115	124	0.830539
115	128	1.76581
115	129	1.43003
115	153	0.800899
115	154	1.64187
115	159	1.90708
115	163	0.832639
115	164	0.76013
115	165	1.56979
115	175	1.85012
116	62	0.834709
116	74	1.15065
116	80	0.833957
116	84	0.827081
116	90	0.801355
116	99	0.823895
116	102	0.849864
116	103	0.840485
116	104	0.846376
116	117	0.843224
116	121	1.93333
116	125	0.827885
116	126	0.817381
116	127	0.842366
116	128	1.72586
116	130	0.833391
116	131	0.833542
116	136	0.857711
116	139	0.832633
116	141	0.825303
116	151	0.829812
116	161	0.831886
116	162	1.38489
116	163	1.56081
116	166	1.58824
116	169	0.835999
116	173	0.705246
116	175	1.81016
116	180	2.33413
117	62	0.877211
117	80	0.876459
117	84	0.869583
117	90	0.843858
117	97	1.2386
117	99	0.866397
117	102	0.892366
117	103	0.882987
117	104	0.888878
117	116	0.843224
117	125	0.870388
117	126	0.859883
117	127	0.884868
117	130	0.875893
117	131	0.876044
117	132	1.48964
117	136	0.900213
117	137	1.2783
117	140	1.45212
117	141	0.867806
117	149	1.52098
117	151	0.872314
117	153	1.58198
117	155	0.899417
117	158	1.65721
117	169	0.878502
117	171	1.85643
117	172	1.67824
117	173	0.747748
118	24	1.18043
118	57	1.94068
118	73	0.822743
118	75	1.07435
118	88	1.25074
118	95	1.27188
118	109	1.48444
118	110	1.76957
118	122	0.851899
118	127	1.34659
118	132	0.875998
118	142	0.861687
118	145	0.839233
118	147	0.873759
118	148	0.80425
118	149	0.869888
118	154	0.860824
118	160	0.865919
118	162	0.88995
118	165	0.869208
118	170	0.772111
118	172	0.818259
118	173	0.741604
118	174	0.834301
118	175	0.816979
118	176	0.834474
118	177	0.768831
118	178	0.751437
118	179	0.758954
119	14	1.72099
119	22	1.12449
119	51	1.24389
119	84	1.40724
119	98	1.29757
119	102	1.26437
119	104	1.39389
119	105	0.880975
119	108	1.19815
119	127	1.06808
119	128	0.862424
119	132	0.908145
119	135	0.88722
119	137	0.945089
119	142	0.893834
119	143	0.874621
119	150	0.893637
119	156	0.849271
119	158	0.863118
119	159	0.840395
119	165	0.901355
119	167	0.809159
119	170	0.804257
119	171	0.838732
119	172	0.850406
119	174	0.866447
119	175	0.849126
119	177	0.800977
119	178	0.783583
119	179	0.7911
120	3	0.8699
120	24	0.840726
120	33	0.918694
120	39	0.803821
120	52	0.799025
120	58	0.862454
120	82	0.785339
120	87	1.37994
120	88	0.865507
120	91	0.800852
120	92	1.23645
120	96	0.820295
120	100	0.812766
120	101	0.864878
120	106	0.833447
120	107	0.855518
120	108	0.828608
120	109	0.827025
120	110	0.813968
120	112	0.814707
120	115	0.804411
120	123	0.763028
120	124	0.82574
120	153	0.7961
120	154	1.63688
120	161	1.46052
120	162	1.41985
120	163	0.82784
120	164	0.755331
120	171	1.96046
120	174	1.74885
120	176	1.76705
120	177	2.48152
121	21	1.72316
121	37	2.02235
121	56	1.68309
121	89	1.56424
121	95	1.60551
121	116	1.93333
121	125	1.59595
121	128	0.777982
121	129	0.846595
121	133	0.779989
121	135	0.802777
121	144	0.707228
121	148	0.751954
121	149	0.817592
121	154	0.808528
121	156	0.764828
121	157	0.800515
121	158	0.778675
121	160	0.813623
121	163	0.812457
121	165	0.816912
121	166	0.803913
121	167	0.724716
121	171	0.754289
121	172	0.765963
121	174	0.782005
121	175	0.764683
121	176	0.782177
121	177	0.716535
121	178	0.699141
121	179	0.706657
122	20	1.56858
122	24	1.1293
122	55	1.39646
122	57	1.88956
122	58	1.47371
122	62	1.40963
122	87	0.864723
122	97	0.884032
122	111	0.866797
122	118	0.851899
122	124	1.55122
122	128	0.80874
122	132	0.85446
122	134	0.865855
122	137	0.891404
122	140	0.827901
122	143	0.820936
122	149	0.84835
122	153	0.811475
122	154	0.839286
122	157	0.831273
122	158	0.809433
122	165	0.84767
122	168	1.17316
122	169	1.19552
122	170	0.750573
122	171	0.785047
122	172	0.796721
122	173	0.720066
122	174	0.812763
122	175	0.795441
122	177	0.747293
122	178	0.729899
122	179	0.737415
123	22	0.820723
123	31	1.30977
123	46	1.94115
123	59	1.72031
123	68	1.97383
123	71	0.766873
123	75	0.817012
123	77	0.788882
123	83	0.788878
123	86	1.81979
123	88	0.828923
123	100	0.776182
123	101	0.828294
123	103	1.74549
123	106	0.796863
123	109	0.790441
123	115	0.767827
123	120	0.763028
123	124	0.789156
123	125	1.6173
123	135	0.781576
123	137	0.839445
123	160	0.792422
123	165	0.795712
123	167	0.703515
123	169	0.79886
123	171	0.733088
123	176	0.760977
123	178	0.67794
123	179	0.685457
123	180	0.69164
124	3	0.896029
124	24	0.866855
124	33	0.944822
124	39	0.82995
124	52	0.825154
124	58	0.888583
124	82	0.811467
124	87	1.34761
124	88	0.891635
124	91	0.826981
124	96	0.846424
124	100	0.838894
124	101	0.891007
124	105	1.57265
124	106	0.859576
124	107	0.881647
124	108	0.854736
124	109	0.853154
124	110	0.840097
124	112	0.840836
124	115	0.830539
124	120	0.82574
124	122	1.55122
124	123	0.789156
124	129	1.39272
124	138	1.3687
124	142	1.54929
124	147	1.45631
124	150	1.49422
124	153	0.822228
124	162	1.38753
124	163	0.853969
124	164	0.78146
124	180	2.33677
125	11	0.792119
125	62	0.861872
125	80	0.861121
125	82	0.813057
125	84	0.854244
125	90	0.828519
125	99	0.851058
125	102	0.877027
125	103	0.867648
125	104	0.873539
125	114	0.81427
125	116	0.827885
125	117	0.870388
125	121	1.59595
125	123	1.6173
125	126	0.844544
125	127	0.869529
125	130	0.860554
125	131	0.860705
125	134	1.09833
125	136	0.884874
125	139	0.859796
125	150	1.15421
125	151	0.856976
125	152	1.46465
125	155	0.884078
125	159	1.52975
125	161	0.859049
125	166	1.25086
125	167	1.93474
125	169	0.863163
125	173	0.73241
125	177	2.10918
125	180	1.99676
126	11	0.781614
126	62	0.851368
126	80	0.850616
126	82	0.802553
126	84	0.843739
126	90	0.818014
126	99	0.840554
126	102	0.866522
126	103	0.857143
126	104	0.863034
126	114	0.803765
126	116	0.817381
126	117	0.859883
126	125	0.844544
126	127	0.859024
126	130	0.850049
126	131	0.8502
126	134	1.37879
126	135	1.43814
126	136	0.874369
126	138	1.30915
126	139	0.849292
126	141	0.841962
126	143	1.64816
126	146	1.53267
126	148	2.0491
126	151	0.846471
126	155	0.873573
126	156	1.73127
126	161	0.848544
126	162	1.32798
126	169	0.852658
126	171	1.86859
126	173	0.721905
126	179	2.40311
127	5	0.830048
127	11	0.806599
127	62	0.876352
127	80	0.875601
127	84	0.868724
127	90	0.842999
127	99	0.865539
127	102	0.891507
127	103	0.882128
127	104	0.888019
127	114	0.82875
127	116	0.842366
127	117	0.884868
127	118	1.34659
127	119	1.06808
127	125	0.869529
127	126	0.859024
127	130	0.875034
127	131	0.875185
127	132	1.3056
127	136	0.899354
127	139	0.874277
127	141	0.866947
127	151	0.871456
127	153	1.39794
127	155	0.898558
127	161	0.873529
127	163	1.3077
127	164	1.74432
127	166	1.33512
127	169	0.877643
127	170	2.10535
127	171	1.67239
127	173	0.74689
127	176	1.47898
127	180	2.08102
128	34	1.86366
128	55	1.57374
128	61	1.41535
128	63	1.19119
128	66	1.78803
128	71	1.83253
128	78	0.789172
128	115	1.76581
128	116	1.72586
128	119	0.862424
128	121	0.777982
128	122	0.80874
128	134	0.844234
128	136	1.37985
128	137	0.869783
128	142	0.818528
128	145	0.796073
128	147	0.8306
128	149	0.826729
128	150	0.818331
128	154	0.817664
128	157	0.809652
128	159	0.765089
128	160	0.82276
128	162	0.846791
128	165	0.826049
128	166	0.81305
128	167	0.733853
128	170	0.728951
128	171	0.763426
128	173	0.698444
128	174	0.791141
128	175	0.77382
128	176	0.791314
128	177	0.725671
128	178	0.708277
128	179	0.715794
129	39	1.54616
129	67	1.20452
129	68	1.40924
129	69	1.29382
129	88	1.04112
129	90	1.35033
129	105	0.874282
129	108	1.26704
129	115	1.43003
129	121	0.846595
129	124	1.39272
129	131	1.29271
129	135	0.880527
129	138	0.931427
129	145	0.864686
129	147	0.899213
129	148	0.829703
129	149	0.895342
129	154	0.886277
129	155	1.048
129	157	0.878265
129	158	0.856425
129	160	0.891373
129	161	0.893697
129	165	0.894662
129	166	0.881663
129	167	0.802466
129	170	0.797564
129	171	0.832039
129	172	0.843713
129	173	0.767058
129	174	0.859754
129	175	0.842433
129	176	0.859927
129	177	0.794284
129	178	0.77689
129	179	0.784407
130	5	0.821073
130	11	0.797624
130	62	0.867378
130	80	0.866626
130	82	0.818563
130	84	0.859749
130	90	0.834024
130	99	0.856564
130	102	0.882533
130	103	0.873153
130	104	0.879044
130	111	1.35236
130	113	1.48765
130	114	0.819775
130	116	0.833391
130	117	0.875893
130	125	0.860554
130	126	0.850049
130	127	0.875034
130	131	0.86621
130	136	0.890379
130	138	1.25293
130	139	0.865302
130	141	0.857972
130	147	1.34054
130	151	0.862481
130	153	1.53792
130	155	0.889584
130	157	1.34579
130	161	0.864554
130	162	1.27176
130	164	1.8843
130	169	0.868668
130	171	1.81237
130	173	0.737915
130	175	1.69703
130	180	2.221
131	5	0.821224
131	11	0.797775
131	62	0.867529
131	78	1.45325
131	80	0.866777
131	82	0.818714
131	84	0.8599
131	90	0.834175
131	99	0.856715
131	102	0.882683
131	103	0.873304
131	104	0.879195
131	114	0.819926
131	116	0.833542
131	117	0.876044
131	125	0.860705
131	126	0.8502
131	127	0.875185
131	129	1.29271
131	130	0.86621
131	135	1.39768
131	136	0.89053
131	137	1.25001
131	139	0.865453
131	140	1.42382
131	141	0.858123
131	142	1.44928
131	144	2.36962
131	151	0.862632
131	155	0.889734
131	158	1.62891
131	160	1.38394
