1	3	1.04334
1	6	1.0593
1	47	1.09582
1	48	1.07877
1	84	0.873764
1	90	0.987132
1	94	0.989055
1	95	1.03847
1	96	0.917411
1	102	1.00402
1	154	0.979572
1	162	0.934299
2	24	0.95495
2	48	0.922153
2	73	0.976799
2	77	1.09739
2	98	1.0289
2	101	1.0811
2	109	0.962573
2	132	0.990181
2	144	0.995559
2	153	0.964394
2	172	0.962373
2	173	1.06544
3	1	1.04334
3	45	1.08177
3	76	0.996491
3	94	0.982598
3	95	1.03201
3	102	0.997559
3	114	1.04686
3	120	0.935662
3	129	1.01565
3	138	0.941815
3	170	0.97131
3	172	0.952102
4	117	0.956844
4	139	1.04648
4	149	0.982232
4	154	0.982207
4	160	1.00953
4	161	1.02368
4	169	1.02526
4	174	1.02124
4	177	1.03825
4	178	0.896326
4	179	1.03557
4	180	0.973849
5	100	1.0269
5	118	0.941823
5	145	0.933051
5	149	0.947075
5	158	0.943156
5	162	1.02261
5	170	1.01841
5	171	1.00967
5	173	1.0797
5	174	1.01276
5	177	1.02977
5	179	1.02709
6	1	1.0593
6	15	1.07587
6	32	0.958388
6	45	1.09774
6	90	0.996639
6	94	0.998561
6	102	1.01352
6	128	0.943911
6	154	1.01037
6	173	0.883462
6	175	0.993838
6	176	0.969583
7	13	0.890996
7	30	1.09591
7	61	0.989076
7	88	1.03259
7	110	1.05206
7	113	1.01926
7	126	0.997282
7	156	1.02901
7	164	0.934451
7	174	0.931403
7	175	0.950091
7	178	1.0808
8	31	1.08848
8	34	1.0828
8	85	0.966695
8	86	0.967168
8	91	1.08013
8	92	1.02808
8	93	0.992024
8	132	0.953847
8	144	1.02269
8	153	0.92806
8	162	0.944778
8	170	0.945247
9	43	0.86809
9	56	0.929194
9	74	0.887973
9	76	1.21627
9	100	0.855146
9	105	0.872387
9	106	0.883987
9	112	0.963988
9	138	1.16159
9	163	0.939306
9	174	1.20067
9	175	1.21936
10	25	0.891181
10	35	0.961024
10	96	0.910977
10	100	0.839565
10	105	0.856806
10	106	0.868406
10	112	0.948407
10	149	1.21302
10	163	0.923725
10	164	1.18082
10	175	1.19646
10	180	1.20463
11	16	1.06868
11	80	1.02538
11	85	0.982133
11	86	0.982606
11	91	1.09557
11	93	1.00746
11	144	1.03813
11	159	0.998757
11	169	0.958882
11	175	0.990267
11	177	0.930626
11	178	0.920918
12	40	0.935753
12	47	1.09767
12	60	0.985813
12	92	0.991727
12	97	1.05631
12	99	1.04082
12	103	1.01893
12	113	1.02242
12	146	0.947443
12	173	0.854514
12	175	0.964889
12	178	1.08396
13	7	0.890996
13	92	1.02776
13	98	0.940482
13	130	1.02667
13	133	1.00904
13	153	0.927735
13	162	1.02796
13	169	1.02212
13	171	1.01502
13	172	1.04066
13	177	1.03512
13	179	1.03244
14	29	0.998797
14	78	0.981228
14	115	0.938413
14	118	1.03399
14	127	0.93363
14	130	0.978392
14	137	1.01925
14	141	0.978732
14	155	1.0155
14	164	1.04679
14	165	1.0416
14	176	1.04402
15	6	1.07587
15	32	0.965448
15	59	1.04065
15	90	1.0037
15	95	1.05504
15	102	1.02058
15	120	0.9441
15	123	1.00574
15	124	0.999778
15	129	1.03867
15	139	0.954182
15	173	0.897644
16	11	1.06868
16	31	1.07435
16	50	1.0249
16	68	0.887011
16	85	0.952566
16	86	0.953039
16	91	1.066
16	119	0.974233
16	120	1.06046
16	129	0.985795
16	150	0.984285
16	165	0.960527
17	69	1.03407
17	79	0.957451
17	134	1.00921
17	148	0.973686
17	154	0.960187
17	156	1.06344
17	159	0.967374
17	164	0.986249
17	167	1.01425
17	168	1.0283
17	174	1.067
17	176	0.98348
17	180	0.962376
18	34	1.00499
18	54	0.973043
18	68	1.00155
18	116	1.09197
18	140	0.948719
18	149	0.98441
18	154	0.968991
18	155	0.963773
18	157	1.00011
18	165	0.989867
18	168	1.04832
18	172	1.05823
18	180	0.971181
19	41	0.980705
19	53	0.956354
19	66	0.957399
19	73	0.933345
19	77	1.05394
19	98	0.985446
19	126	0.929981
19	130	1.07893
19	137	1.11632
19	144	0.952105
19	149	0.96698
19	165	1.06053
19	173	1.02199
20	36	1.01646
20	68	0.996317
20	78	1.09106
20	88	0.965833
20	97	0.9864
20	103	0.949014
20	110	0.985306
20	113	0.95251
20	126	0.930528
20	166	1.05002
20	173	0.990103
20	176	1.07622
20	178	1.01405
21	30	1.19098
21	41	1.03785
21	63	1.08483
21	91	0.926024
21	106	1.06474
21	112	0.93727
21	131	0.953905
21	140	0.948589
21	145	0.97478
21	148	0.982361
21	158	0.962072
21	175	0.969386
21	180	0.971051
22	44	0.825644
22	88	1.11655
22	99	1.12163
22	103	1.09973
22	104	0.969166
22	113	1.10323
22	116	0.862583
22	126	1.08125
22	132	0.856646
22	156	1.11298
22	164	0.860677
22	166	0.825855
22	178	1.16476
23	88	1.03893
23	142	0.958833
23	148	1.04373
23	158	1.06549
23	159	1.06134
23	162	0.977237
23	168	0.987573
23	170	0.973033
23	171	0.964293
23	172	0.98994
23	174	0.967385
23	178	0.983501
23	179	0.981714
24	2	0.95495
24	77	1.03924
24	98	0.970748
24	101	1.02294
24	115	1.0189
24	126	0.915283
24	136	1.06969
24	144	0.937407
24	149	0.952282
24	169	1.03975
24	172	1.02365
24	173	1.00729
24	174	1.05244
25	10	0.891181
25	67	1.12718
25	74	0.970771
25	81	0.975077
25	96	1.00936
25	100	0.937944
25	105	0.955185
25	106	0.966785
25	112	1.04679
25	119	1.0097
25	154	1.04317
25	163	1.0221
25	180	1.03481
26	108	0.985886
26	109	1.0268
26	113	1.04099
26	136	0.959902
26	143	1.08773
26	145	0.968116
26	152	0.979401
26	155	0.956978
26	157	0.993317
26	158	0.955407
26	163	1.00106
26	166	1.02361
26	172	1.0266
27	108	1.03362
27	135	1.0374
27	147	1.05911
27	161	0.968445
27	162	0.975864
27	164	1.03837
27	165	1.02337
27	168	0.986199
27	170	0.971659
27	171	0.96292
27	172	0.988566
27	174	0.966011
27	179	0.98034
28	53	0.951709
28	68	0.982145
28	98	0.980801
28	101	1.033
28	126	0.925336
28	139	1.01539
28	144	0.94746
28	149	0.962335
28	150	1.06234
28	163	1.02422
28	166	1.01876
28	173	1.01734
28	180	1.0774
29	14	0.998797
29	120	1.00744
29	126	1.08036
29	129	0.963745
29	133	0.945504
29	135	0.976802
29	152	0.972208
29	156	1.02404
29	160	1.05449
29	171	1.03742
29	176	0.978298
29	179	1.01102
29	180	0.957193
30	7	1.09591
30	21	1.19098
30	66	1.04433
30	71	1.12021
30	113	1.14502
30	146	0.926414
30	160	0.915444
30	168	0.947349
30	171	0.924069
30	172	0.949715
30	174	0.92716
30	175	0.924199
30	177	0.94417
30	179	0.941489
31	8	1.08848
31	16	1.07435
31	50	1.06014
31	70	0.94267
31	80	1.03105
31	85	0.987804
31	91	1.10124
31	93	1.01313
31	108	0.932607
31	125	0.954385
31	144	1.0438
31	147	0.958092
31	153	0.907538
31	172	0.905517
32	6	0.958388
32	15	0.965448
32	45	0.987317
32	90	0.886217
32	94	0.88814
32	95	0.937556
32	102	0.903101
32	114	0.952401
32	129	0.921189
32	134	1.11503
32	139	1.09663
32	145	1.153
32	175	1.15047
32	178	1.08112
33	71	0.957509
33	76	0.923785
33	84	1.10272
33	118	0.934021
33	121	1.1289
33	123	0.928871
33	146	1.17455
33	155	0.915539
33	157	0.951878
33	167	1.12056
33	173	1.08162
33	175	0.921282
33	176	0.944052
33	180	0.922947
34	8	1.0828
34	18	1.00499
34	69	1.07799
34	70	0.921242
34	80	1.02538
34	86	0.982604
34	91	1.09556
34	93	1.00746
34	120	1.09003
34	144	1.03813
34	155	0.960143
34	163	0.886563
34	164	0.915927
34	176	0.907312
35	10	0.961024
35	56	1.08183
35	96	1.0792
35	100	1.00779
35	105	1.02503
35	106	1.03663
35	112	1.11663
35	134	0.91394
35	163	1.09195
35	164	0.933742
35	165	0.918737
35	170	0.921111
35	175	0.949383
35	180	0.957556
36	20	1.01646
36	42	0.977116
36	97	1.07557
36	99	1.06008
36	110	1.07448
36	113	1.04168
36	122	0.938273
36	131	0.975416
36	154	0.954122
36	156	1.05143
36	159	0.94608
36	167	0.866155
36	176	0.913335
36	178	1.10321
37	56	0.942098
37	122	0.932133
37	141	1.04527
37	147	0.936546
37	149	0.948007
37	150	0.924562
37	151	1.05434
37	170	1.0463
37	171	1.03756
37	172	1.06321
37	174	1.04065
37	176	0.907195
37	177	1.05766
37	179	1.05498
38	55	0.889348
38	68	0.928374
38	69	0.933552
38	73	0.874928
38	77	0.995522
38	91	1.04122
38	98	0.927029
38	101	0.979225
38	136	1.15891
38	149	0.908563
38	162	1.13162
38	173	0.963569
38	177	1.10072
38	180	1.16853
39	49	1.29787
39	68	1.05885
39	134	0.967515
39	137	0.917021
39	145	0.92441
39	147	0.930117
39	152	0.935695
39	155	0.913273
39	157	0.949612
39	167	1.09157
39	168	1.10562
39	173	1.05263
39	176	0.941785
39	180	0.920681
40	12	0.935753
40	62	0.783578
40	109	0.955873
40	111	0.997691
40	122	1.05018
40	130	0.990901
40	147	1.04212
40	148	1.044
40	163	1.06936
40	164	1.05656
40	165	1.05137
40	176	1.05379
40	177	0.943512
40	180	1.03269
41	19	0.980705
41	21	1.03785
41	74	0.945911
41	94	0.979431
41	111	0.916354
41	131	1.03096
41	140	1.02564
41	141	0.909904
41	145	1.05183
41	148	1.05942
41	157	1.07704
41	172	0.874336
41	176	1.06921
41	180	1.04811
42	36	0.977116
42	61	0.882981
42	88	0.926492
42	94	1.18528
42	97	0.94706
42	103	0.909674
42	110	0.945965
42	113	0.913169
42	148	1.11854
42	156	0.922917
42	168	1.07028
42	170	1.09939
42	175	1.12767
42	178	0.974705
43	9	0.86809
43	65	0.893816
43	74	0.932099
43	96	0.970684
43	100	0.899272
43	105	0.916513
43	106	0.928114
43	112	1.00811
43	119	1.12971
43	138	1.08889
43	163	0.983432
43	169	1.11527
43	170	1.11838
43	175	1.14665
44	22	0.825644
44	57	1.02675
44	124	0.973373
44	138	1.06887
44	152	1.05366
44	154	1.03646
44	156	0.95937
44	157	1.06758
44	158	1.02967
44	162	0.952874
44	165	1.05733
44	169	0.95023
44	176	1.05975
44	179	0.946347
45	3	1.08177
45	6	1.09774
45	32	0.987317
45	90	1.02557
45	94	1.02749
45	95	1.07691
45	102	1.04245
45	108	0.942158
45	129	1.06054
45	135	0.945936
45	147	0.967643
45	173	0.852172
45	175	0.962548
45	179	0.927279
46	89	1.10208
46	99	0.931435
46	111	1.15431
46	113	0.913037
46	146	1.14232
46	150	0.933471
46	156	0.922786
46	159	0.919824
46	163	0.951495
46	164	0.938699
46	166	1.1093
46	177	1.10013
46	178	0.974573
46	180	0.914826
47	1	1.09582
47	12	1.09767
47	138	0.949943
47	145	0.923452
47	147	0.929158
47	150	0.938368
47	154	0.917533
47	159	0.924721
47	163	0.956392
47	170	1.1368
47	171	1.15621
47	172	1.11759
47	176	0.940827
47	180	0.919723
48	1	1.07877
48	2	0.922153
48	59	1.05306
48	90	1.01611
48	94	1.01803
48	95	1.06745
48	102	1.03299
48	104	1.03744
48	114	1.08229
48	129	1.05108
48	139	0.890752
48	148	0.935468
48	153	0.899131
48	170	0.916318
49	39	1.29787
49	67	1.26769
49	129	1.16177
49	130	0.899893
49	162	0.901182
49	163	1.12215
49	166	0.901529
49	168	0.911518
49	169	0.895346
49	170	0.896977
49	171	0.888238
49	174	0.891329
49	176	1.1429
49	177	0.908339
49	179	0.905658
50	16	1.0249
50	31	1.06014
50	80	0.981612
50	82	0.96974
50	85	0.938361
50	86	0.938834
50	91	1.05179
50	93	0.963691
50	99	0.971495
50	117	1.00526
50	120	1.04625
50	144	0.994358
50	155	1.04267
50	175	1.01409
50	176	0.989839
51	82	1.02397
51	100	1.11871
51	110	1.01255
51	113	0.979757
51	121	0.959242
51	127	0.965319
51	135	1.00115
51	147	0.990981
51	151	1.01441
51	154	0.979356
51	156	0.989506
51	177	0.962692
51	178	1.04129
51	179	0.987064
51	180	0.981546
52	62	0.855344
52	66	0.941139
52	82	1.03056
52	113	1.04183
52	120	1.011
52	124	0.990997
52	131	1.11275
52	160	0.982325
52	162	1.00389
52	167	1.0203
52	169	0.998058
52	171	0.99095
52	174	0.994041
52	177	1.01105
52	179	1.00837
53	19	0.956354
53	28	0.951709
53	68	1.01695
53	98	1.01561
53	101	1.0678
53	119	1.01424
53	126	0.960143
53	144	0.982267
53	149	0.997142
53	152	1.01755
53	161	1.00615
53	163	0.98618
53	170	1.00291
53	173	1.05215
53	177	0.971544
54	18	0.973043
54	123	0.989096
54	143	1.06065
54	145	0.986901
54	150	1.00182
54	153	1.02596
54	158	0.974192
54	162	1.01826
54	165	1.00186
54	167	0.975561
54	168	0.98961
54	173	0.936621
54	174	1.02831
54	176	1.00428
54	178	1.04292
55	38	0.889348
55	68	1.00836
55	73	0.954917
55	77	1.07551
55	98	1.00702
55	101	1.05921
55	115	0.980826
55	132	1.01339
55	144	0.973677
55	149	0.988552
55	161	1.00802
55	168	0.975671
55	172	0.985578
55	173	1.04356
55	180	1.04123
56	9	0.929194
56	35	1.08183
56	37	0.942098
56	65	0.95492
56	74	0.993203
56	100	0.960375
56	101	0.939029
56	105	0.977616
56	106	0.989217
56	112	1.06922
56	121	0.979847
56	155	1.07151
56	160	1.05114
56	163	1.04454
56	176	1.01868
57	44	1.02675
57	93	1.04073
57	102	1.00764
57	103	0.995091
57	124	0.993429
57	134	1.01625
57	135	0.98902
57	138	0.999632
57	149	0.982641
57	150	0.988057
57	151	0.993751
57	157	0.998342
57	161	0.976637
57	163	1.00608
57	164	0.993285
58	66	1.06677
58	72	0.980668
58	97	0.996468
58	131	0.973269
58	133	0.978726
58	140	0.967953
58	141	1.03629
58	145	0.994144
58	153	1.0332
58	158	0.981436
58	159	0.995413
58	165	1.0091
58	169	1.01681
58	171	1.03934
58	173	0.937822
59	15	1.04065
59	48	1.05306
59	63	0.966283
59	82	0.95165
59	90	0.961422
59	92	1.05057
59	94	0.963344
59	95	1.01276
59	102	0.978305
59	114	1.02761
59	129	0.996393
59	132	0.976333
59	143	1.00966
59	154	1.01254
59	175	0.996005
60	12	0.985813
60	81	1.05033
60	88	0.954448
60	97	0.975015
60	99	0.959522
60	103	0.93763
60	110	0.973921
60	113	0.941125
60	126	0.919143
60	152	1.08826
60	156	0.950873
60	157	1.04972
60	163	1.05689
60	174	1.08321
60	178	1.00266
60	179	1.06663
61	7	0.989076
61	42	0.882981
61	78	1.08719
61	88	0.960868
61	97	0.981436
61	99	0.965942
61	110	0.980341
61	113	0.947545
61	126	0.925563
61	151	1.08868
61	153	1.05115
61	156	0.957293
61	170	1.06833
61	176	1.07235
61	177	1.03696
61	178	1.00908
62	40	0.783578
62	52	0.855344
62	65	1.15233
62	74	1.19061
62	96	1.2292
62	100	1.15778
62	105	1.17502
62	106	1.18662
62	112	1.26663
62	122	0.813397
62	132	0.793043
62	149	0.829271
62	163	1.24194
62	172	0.765235
62	175	0.812714
62	178	0.743365
63	21	1.08483
63	59	0.966283
63	90	0.92933
63	94	0.931252
63	95	0.980668
63	98	1.03925
63	100	1.16834
63	102	0.946213
63	120	1.00804
63	145	1.0745
63	157	1.01979
63	171	0.955954
63	172	0.981601
63	174	0.959045
63	177	0.976055
63	179	0.973374
64	65	1.00329
64	106	1.03759
64	112	1.11759
64	129	0.908094
64	134	0.878029
64	136	0.912029
64	137	0.938614
64	149	0.930029
64	159	0.921962
64	163	1.0929
64	164	0.897831
64	166	1.06773
64	171	1.05444
64	172	1.08009
64	177	1.07454
64	179	1.07186
65	43	0.893816
65	56	0.95492
65	62	1.15233
65	64	1.00329
65	96	0.952284
65	100	0.880872
65	105	0.898113
65	106	0.909714
65	112	0.989714
65	127	1.04523
65	136	1.1008
65	153	1.05678
65	157	1.05006
65	162	1.0735
65	163	0.965032
65	165	1.07159
66	19	0.957399
66	30	1.04433
66	52	0.941139
66	58	1.06677
66	83	0.855061
66	116	0.884773
66	131	1.04052
66	136	1.05318
66	138	1.08789
66	139	0.844671
66	152	1.07268
66	157	1.0866
66	174	0.87982
66	175	1.056
66	176	1.07877
66	180	1.05767
67	25	1.12718
67	49	1.26769
67	104	0.890452
67	123	0.924849
67	135	0.938534
67	139	1.07899
67	141	1.12092
67	145	0.922655
67	148	0.930235
67	150	0.93757
67	152	0.93394
67	153	0.96171
67	159	0.923924
67	174	1.11414
67	175	0.91726
67	179	1.09756
67	180	0.918925
68	16	0.887011
68	18	1.00155
68	20	0.996317
68	28	0.982145
68	38	0.928374
68	39	1.05885
68	53	1.01695
68	55	1.00836
68	69	1.05257
68	101	1.09824
68	104	1.02098
68	126	0.990579
68	144	1.0127
68	149	1.02758
68	173	1.08258
68	174	0.909439
68	175	0.928127
69	17	1.03407
69	34	1.07799
69	38	0.933552
69	68	1.05257
69	70	0.970351
69	73	0.999121
69	77	1.11971
69	85	0.961884
69	86	0.962356
69	93	0.987213
69	114	0.940316
69	115	0.928446
69	131	1.0185
69	144	1.01788
69	147	0.985773
69	173	1.08776
69	177	0.921037
70	31	0.94267
70	34	0.921242
70	69	0.970351
70	96	1.03002
70	105	0.975847
70	106	0.987447
70	112	1.06745
70	117	1.01313
70	134	0.98652
70	163	1.04277
70	164	1.00632
70	170	1.01304
70	172	1.02995
70	174	1.00739
70	177	1.0244
70	178	0.952614
70	179	1.02172
71	30	1.12021
71	33	0.957509
71	88	0.960471
71	97	0.922661
71	118	1.02694
71	122	1.03336
71	125	0.975779
71	133	1.00418
71	135	1.03548
71	147	1.02531
71	151	0.966472
71	163	1.05254
71	165	1.03456
71	167	0.902955
71	174	0.955703
71	175	1.0142
71	180	1.01587
72	58	0.980668
72	105	1.02212
72	146	1.00672
72	151	1.02115
72	152	0.951127
72	154	0.981291
72	160	0.995745
72	161	1.0099
72	164	0.949119
72	165	0.934114
72	169	1.01148
72	171	1.00437
72	172	1.03002
72	173	1.0744
72	177	1.02447
72	179	1.02179
72	180	0.972933
73	2	0.976799
73	19	0.933345
73	38	0.874928
73	55	0.954917
73	69	0.999121
73	77	1.06109
73	98	0.992598
73	101	1.04479
73	114	1.0272
73	134	1.03212
73	144	0.959257
73	149	0.974132
73	155	1.09614
73	157	1.01539
73	166	1.0171
73	173	1.02914
73	177	1.00792
73	178	0.998214
74	9	0.887973
74	25	0.970771
74	41	0.945911
74	43	0.932099
74	56	0.993203
74	62	1.19061
74	79	1.05927
74	96	0.990567
74	100	0.919155
74	105	0.936396
74	106	0.947996
74	112	1.028
74	119	1.03944
74	125	1.05777
74	132	1.03671
74	158	1.06902
74	163	1.00331
74	178	0.987035
75	81	1.10013
75	98	0.899813
75	143	0.946175
75	148	1.07568
75	149	1.0776
75	151	0.924605
75	154	1.06218
75	158	1.05539
75	159	1.06936
75	160	0.940729
75	161	0.907491
75	164	1.08824
75	165	1.08305
75	173	0.822149
75	177	0.872884
75	178	1.12411
75	179	0.897256
75	180	1.06437
76	3	0.996491
76	9	1.21627
76	33	0.923785
76	109	0.981919
76	130	1.01695
76	136	0.977662
76	137	0.978487
76	138	1.01237
76	140	0.959685
76	153	1.02493
76	155	0.974739
76	158	0.973168
76	159	0.987145
76	161	1.00416
76	164	1.00602
76	169	0.997814
76	179	0.99393
76	180	0.982147
77	2	1.09739
77	19	1.05394
77	24	1.03924
77	38	0.995522
77	55	1.07551
77	69	1.11971
77	73	1.06109
77	98	1.11319
77	104	1.00151
77	142	0.925837
77	149	1.09473
77	153	0.863203
77	156	0.886417
77	170	0.88039
77	171	0.899801
77	173	1.14973
77	175	0.908662
77	178	0.839313
78	14	0.981228
78	20	1.09106
78	61	1.08719
78	80	0.977755
78	85	0.934505
78	86	0.934978
78	93	0.959834
78	97	0.971143
78	123	1.02059
78	135	1.00626
78	143	0.963923
78	144	0.990502
78	158	1.03551
78	166	1.00364
78	168	1.01363
78	169	0.99746
78	172	1.016
78	179	1.00777
79	17	0.957451
79	74	1.05927
79	90	1.055
79	116	1.02144
79	120	1.02663
79	131	0.959238
79	140	0.953922
79	142	1.05235
79	148	0.987694
79	149	0.989614
79	152	0.991399
79	155	0.968976
79	158	0.967405
79	164	1.00026
79	169	1.00379
79	174	1.01649
79	176	0.997489
79	179	0.999909
80	11	1.02538
80	31	1.03105
80	34	1.02538
80	50	0.981612
80	78	0.977755
80	82	1.00161
80	85	0.909273
80	86	0.909746
80	91	1.02271
80	93	0.934603
80	104	1.13881
80	120	1.01717
80	144	0.965271
80	145	1.04849
80	153	1.0005
80	161	1.02093
80	163	1.00096
80	177	0.98632
81	25	0.975077
81	60	1.05033
81	75	1.10013
81	83	0.937279
81	107	0.904743
81	122	1.03457
81	137	1.01341
81	141	0.968816
81	147	1.02651
81	152	1.03209
81	155	1.00966
81	157	1.046
81	158	1.00809
81	165	1.03576
81	166	0.930265
81	168	0.923341
81	177	0.921087
81	178	1.07682
81	180	1.01707
82	50	0.96974
82	51	1.02397
82	52	1.03056
82	59	0.95165
82	80	1.00161
82	101	0.884026
82	107	0.91195
82	117	1.02336
82	122	1.04122
82	137	1.02007
82	147	1.03317
82	148	1.03504
82	159	1.02873
82	165	1.04242
82	171	0.979074
82	173	0.877558
82	176	1.04484
82	178	1.08348
82	180	1.02373
83	66	0.855061
83	81	0.937279
83	113	0.955754
83	129	0.983463
83	131	1.02667
83	138	0.931075
83	143	0.999965
83	150	0.981953
83	161	1.03192
83	166	1.03968
83	167	1.05575
83	168	1.04967
83	169	1.0335
83	170	1.03513
83	171	1.02639
83	172	1.05204
83	174	1.02949
83	177	1.04649
83	178	0.919492
84	1	0.873764
84	33	1.10272
84	148	0.93389
84	154	0.959544
84	157	0.890836
84	159	0.951503
84	160	1.01668
84	161	1.03083
84	164	0.927372
84	166	1.0386
84	167	1.05466
84	169	1.03241
84	170	1.03405
84	171	1.02531
84	172	1.05095
84	174	1.0284
84	177	1.04541
84	179	1.04273
84	180	0.951186
85	8	0.966695
85	11	0.982133
85	16	0.952566
85	31	0.987804
85	50	0.938361
85	69	0.961884
85	78	0.934505
85	80	0.909273
85	91	0.979456
85	93	0.891352
85	120	0.973916
85	143	1.11939
85	144	0.92202
85	148	1.09662
85	155	1.13431
85	157	1.05356
85	162	1.077
85	169	1.07436
85	177	1.0461
86	8	0.967168
86	11	0.982606
86	16	0.953039
86	34	0.982604
86	50	0.938834
86	69	0.962356
86	78	0.934978
86	80	0.909746
86	91	0.979929
86	93	0.891825
86	107	1.03667
86	109	1.06538
86	120	0.974389
86	128	1.06273
86	144	0.922493
86	150	1.10577
86	156	1.09041
86	159	1.12115
86	180	1.12083
87	112	1.04163
87	123	0.951098
87	133	0.933485
87	136	0.94069
87	138	0.975395
87	148	0.956484
87	155	0.937766
87	158	0.936195
87	159	0.950173
87	161	1.12448
87	162	1.12078
87	165	0.96386
87	167	1.07808
87	173	1.03914
87	175	0.943509
87	176	0.966279
87	177	1.08988
87	179	1.11425
87	180	0.945175
88	7	1.03259
88	20	0.965833
88	22	1.11655
88	23	1.03893
88	42	0.926492
88	60	0.954448
88	61	0.960868
88	71	0.960471
88	99	1.00945
88	103	0.987561
88	110	1.02385
88	119	1.00143
88	126	0.969074
88	132	0.998698
88	146	1.00092
88	156	1.0008
88	161	0.993336
88	170	0.990098
88	175	1.01837
88	178	1.05259
89	46	1.10208
89	126	1.00868
89	130	1.0013
89	134	0.939164
89	140	1.03378
89	142	0.984183
89	146	0.991989
89	149	0.991163
89	159	0.983096
89	160	0.981019
89	162	1.00259
89	167	1.019
89	169	0.996751
89	170	0.998383
89	172	1.01529
89	174	0.992735
89	176	0.950351
89	177	1.00974
89	179	1.00706
89	180	0.98278
90	1	0.987132
90	6	0.996639
90	15	1.0037
90	32	0.886217
90	45	1.02557
90	48	1.01611
90	59	0.961422
90	63	0.92933
90	79	1.055
90	94	0.926391
90	95	0.975806
90	102	0.941351
90	105	1.10947
90	114	0.990652
90	129	0.95944
90	133	1.08796
90	150	1.04522
90	161	1.02707
90	166	1.00164
90	169	1.02072
90	175	1.05211
91	8	1.08013
91	11	1.09557
91	16	1.066
91	21	0.926024
91	31	1.10124
91	34	1.09556
91	38	1.04122
91	50	1.05179
91	80	1.02271
91	85	0.979456
91	86	0.979929
91	93	1.00479
91	120	1.08735
91	132	0.893485
91	136	0.911715
91	137	0.938299
91	140	0.972329
91	144	1.03545
91	152	0.899525
91	158	0.925795
91	162	0.884416
92	8	1.02808
92	12	0.991727
92	13	1.02776
92	59	1.05057
92	103	0.943544
92	110	0.979835
92	113	0.947039
92	115	1.03462
92	126	0.925057
92	134	0.995661
92	138	0.979047
92	143	1.1005
92	148	0.960137
92	154	0.946638
92	163	0.985497
92	165	0.967513
92	166	1.03639
92	171	1.07799
92	176	0.969931
92	178	1.00857
92	179	1.05158
93	8	0.992024
93	11	1.00746
93	31	1.01313
93	34	1.00746
93	50	0.963691
93	57	1.04073
93	69	0.987213
93	78	0.959834
93	80	0.934603
93	85	0.891352
93	86	0.891825
93	91	1.00479
93	99	1.02875
93	120	0.999246
93	121	1.00826
93	144	0.947349
93	154	1.08788
93	159	1.07984
93	165	1.0407
93	169	1.03996
93	175	1.07135
94	1	0.989055
94	3	0.982598
94	6	0.998561
94	32	0.88814
94	41	0.979431
94	42	1.18528
94	45	1.02749
94	48	1.01803
94	59	0.963344
94	63	0.931252
94	90	0.926391
94	95	0.977729
94	102	0.943274
94	114	0.992574
94	120	1.02599
94	129	0.961362
94	169	1.05852
94	170	1.06163
94	173	0.979529
94	175	1.08991
94	178	1.02056
95	1	1.03847
95	3	1.03201
95	15	1.05504
95	32	0.937556
95	45	1.07691
95	48	1.06745
95	59	1.01276
95	63	0.980668
95	90	0.975806
95	94	0.977729
95	102	0.992689
95	114	1.04199
95	127	0.936127
95	129	1.01078
95	132	0.973469
95	141	0.981229
95	144	0.988651
95	149	1.0097
95	151	0.985221
95	155	1.02172
95	163	0.948136
95	179	0.957872
96	1	0.917411
96	10	0.910977
96	25	1.00936
96	35	1.0792
96	43	0.970684
96	62	1.2292
96	65	0.952284
96	70	1.03002
96	74	0.990567
96	100	0.957739
96	105	0.97498
96	106	0.986581
96	112	1.06658
96	121	0.92357
96	123	0.984379
96	136	0.985218
96	140	1.04583
96	151	0.97874
96	155	1.01523
96	161	0.961626
96	163	1.0419
96	175	0.98666
97	12	1.05631
97	20	0.9864
97	36	1.07557
97	42	0.94706
97	58	0.996468
97	60	0.975015
97	61	0.981436
97	71	0.922661
97	78	0.971143
97	99	1.03002
97	103	1.00813
97	104	1.07341
97	110	1.04442
97	113	1.01162
97	126	0.989641
97	127	0.923545
97	141	0.968647
97	154	0.997091
97	156	1.02137
97	171	0.971699
97	175	0.980559
97	178	1.07316
98	2	1.0289
98	13	0.940482
98	19	0.985446
98	24	0.970748
98	28	0.980801
98	38	0.927029
98	53	1.01561
98	55	1.00702
98	63	1.03925
98	73	0.992598
98	75	0.899813
98	77	1.11319
98	101	1.09689
98	118	1.01088
98	120	0.935659
98	126	0.989234
98	144	1.01136
98	146	0.982131
98	158	1.01222
98	173	1.08124
98	175	0.999578
98	176	0.975322
99	12	1.04082
99	22	1.12163
99	36	1.06008
99	46	0.931435
99	50	0.971495
99	60	0.959522
99	61	0.965942
99	88	1.00945
99	93	1.02875
99	97	1.03002
99	103	0.992635
99	110	1.02893
99	113	0.99613
99	132	0.970017
99	155	1.01826
99	156	1.00588
99	161	0.964655
99	166	0.939226
99	175	0.989689
99	176	0.965433
99	178	1.05767
99	179	0.954421
100	5	1.0269
100	9	0.855146
100	10	0.839565
100	25	0.937944
100	35	1.00779
100	43	0.899272
100	51	1.11871
100	56	0.960375
100	62	1.15778
100	63	1.16834
100	65	0.880872
100	74	0.919155
100	96	0.957739
100	105	0.903568
100	106	0.915169
100	112	0.995169
100	124	1.12043
100	153	1.08321
100	159	1.13716
100	163	0.970487
100	166	1.0782
100	177	1.06903
101	2	1.0811
101	24	1.02294
101	28	1.033
101	38	0.979225
101	53	1.0678
101	55	1.05921
101	56	0.939029
101	68	1.09824
101	73	1.04479
101	82	0.884026
101	98	1.09689
101	126	1.04143
101	140	0.987553
101	144	1.06355
101	149	1.07843
101	150	0.921493
101	155	0.956956
101	157	0.876205
101	161	0.903347
101	165	0.897735
101	170	0.90011
101	173	1.13343
101	175	0.928381
102	1	1.00402
102	3	0.997559
102	6	1.01352
102	15	1.02058
102	32	0.903101
102	45	1.04245
102	48	1.03299
102	57	1.00764
102	59	0.978305
102	63	0.946213
102	90	0.941351
102	94	0.943274
102	95	0.992689
102	114	1.00753
102	123	1.03597
102	129	0.976323
102	131	1.07608
102	132	1.01858
102	138	0.980488
102	163	0.99325
102	171	1.02939
102	175	1.03825
102	176	1.014
103	12	1.01893
103	20	0.949014
103	22	1.09973
103	42	0.909674
103	57	0.995091
103	60	0.93763
103	88	0.987561
103	92	0.943544
103	97	1.00813
103	99	0.992635
103	110	1.00703
103	113	0.974237
103	118	1.03702
103	126	0.952256
103	140	1.08488
103	143	1.03936
103	156	0.983986
103	164	1.01007
103	165	0.995064
103	174	1.00702
103	175	1.02571
103	176	1.00145
103	178	1.03577
104	22	0.969166
104	48	1.03744
104	67	0.890452
104	68	1.02098
104	77	1.00151
104	80	1.13881
104	97	1.07341
104	106	1.14472
104	113	1.09205
104	118	0.96391
104	131	0.93569
104	143	0.924612
104	144	1.12065
104	151	0.967821
104	153	0.995621
104	165	0.971522
104	167	0.980393
104	170	0.95978
104	171	0.95104
104	174	0.954131
104	177	0.971141
104	178	1.01258
104	179	0.96846
104	180	0.952836
105	9	0.872387
105	10	0.856806
105	25	0.955185
105	35	1.02503
105	43	0.916513
105	56	0.977616
105	62	1.17502
105	65	0.898113
105	70	0.975847
105	72	1.02212
105	74	0.936396
105	90	1.10947
105	96	0.97498
105	100	0.903568
105	106	0.93241
105	112	1.01241
105	116	1.07592
105	124	1.08141
105	158	1.10229
105	163	0.987729
105	164	1.07401
105	167	1.01822
105	175	1.08965
105	177	1.03001
106	9	0.883987
106	10	0.868406
106	21	1.06474
106	25	0.966785
106	35	1.03663
106	43	0.928114
106	56	0.989217
106	62	1.18662
106	64	1.03759
106	65	0.909714
106	70	0.987447
106	74	0.947996
106	96	0.986581
106	100	0.915169
106	104	1.14472
106	105	0.93241
106	108	1.03148
106	112	1.02401
106	130	1.03962
106	132	1.0322
106	138	0.994106
106	139	0.998035
106	147	1.05697
106	162	1.02313
106	163	0.999329
106	179	1.0166
107	81	0.904743
107	82	0.91195
107	86	1.03667
107	108	0.935915
107	127	1.04877
107	128	1.05107
107	133	0.992154
107	143	0.996897
107	144	0.951815
107	150	0.949416
107	152	0.942673
107	161	1.02885
107	162	1.03627
107	163	0.9113
107	167	1.05268
107	168	1.04661
107	169	1.03043
107	170	1.03207
107	172	1.04897
107	173	1.09336
107	174	1.02642
107	175	1.02346
107	177	1.04343
107	178	0.886955
107	179	1.04075
107	180	0.964478
108	26	0.985886
108	27	1.03362
108	31	0.932607
108	45	0.942158
108	106	1.03148
108	107	0.935915
108	110	0.987951
108	116	0.998164
108	119	1.01138
108	136	0.998324
108	138	1.03303
108	146	0.994453
108	148	1.01412
108	150	1.02145
108	152	1.01782
108	153	1.04559
108	154	1.00062
108	155	0.9954
108	158	0.993829
108	159	1.00781
108	164	1.02668
108	165	1.02149
108	169	0.980515
108	174	0.993211
108	176	1.02391
108	179	0.976631
108	180	1.00281
109	2	0.962573
109	26	1.0268
109	40	0.955873
109	76	0.981919
109	86	1.06538
109	111	0.994299
109	124	1.00023
109	128	1.02794
109	131	1.02284
109	141	1.00789
109	142	0.994727
109	148	0.975887
109	160	0.991563
109	161	1.00571
109	162	1.01313
109	164	0.969369
109	165	0.954364
109	166	1.01348
109	168	1.02347
109	169	1.0073
109	170	1.00893
109	173	1.07022
109	174	1.00328
109	176	0.960754
109	177	1.02029
109	178	0.91566
109	179	1.01761
110	7	1.05206
110	20	0.985306
110	36	1.07448
110	42	0.945965
110	51	1.01255
110	60	0.973921
110	61	0.980341
110	88	1.02385
110	92	0.979835
110	97	1.04442
110	99	1.02893
110	103	1.00703
110	108	0.987951
110	113	1.01053
110	126	0.988547
110	132	0.988669
110	143	1.02199
110	145	1.01087
110	146	0.990894
110	148	0.999219
110	156	1.02028
110	168	0.950954
110	171	0.999481
110	173	0.897965
110	176	0.984085
110	178	1.07206
110	179	0.973072
111	40	0.997691
111	41	0.916354
111	46	1.15431
111	109	0.994299
111	116	0.984906
111	135	1.01022
111	139	1.00015
111	144	1.02234
111	147	1.03192
111	148	1.01771
111	154	1.04336
111	160	0.963203
111	161	0.977353
111	166	0.985119
111	167	1.00118
111	168	0.995108
111	169	0.978936
111	170	0.980568
111	171	0.971828
111	172	0.997475
111	173	1.04186
111	174	0.974919
111	175	0.971959
111	176	1.00257
111	177	0.991929
111	178	0.957479
111	179	0.989248
111	180	1.035
112	9	0.963988
112	10	0.948407
112	21	0.93727
112	25	1.04679
112	35	1.11663
112	43	1.00811
112	56	1.06922
112	62	1.26663
112	64	1.11759
112	65	0.989714
112	70	1.06745
112	74	1.028
112	87	1.04163
112	96	1.06658
112	100	0.995169
112	105	1.01241
112	106	1.02401
112	115	0.872172
112	118	0.935709
112	130	0.912151
112	131	0.962229
112	132	0.904731
112	142	0.941578
112	151	0.916483
112	155	0.952978
112	163	1.07933
112	175	0.924403
112	176	0.900147
113	7	1.01926
113	12	1.02242
113	20	0.95251
113	22	1.10323
113	26	1.04099
113	30	1.14502
113	36	1.04168
113	42	0.913169
113	46	0.913037
113	51	0.979757
113	52	1.04183
113	60	0.941125
113	61	0.947545
113	83	0.955754
113	92	0.947039
113	97	1.01162
113	99	0.99613
113	103	0.974237
113	104	1.09205
113	110	1.01053
113	116	0.985467
113	140	1.05837
113	156	0.987481
113	163	0.954198
113	165	0.968556
113	174	0.980514
113	176	0.974946
113	178	1.03927
114	3	1.04686
114	32	0.952401
114	48	1.08229
114	59	1.02761
114	69	0.940316
114	73	1.0272
114	90	0.990652
114	94	0.992574
114	95	1.04199
114	102	1.00753
114	118	1.03015
114	125	0.993316
114	128	0.942
114	129	1.02562
114	132	1.05354
114	136	1.01459
114	140	0.99661
114	142	1.0091
114	155	1.01166
114	156	0.969683
114	157	1.048
114	160	1.00013
114	162	0.963187
114	165	1.03776
114	168	0.934541
114	169	0.960543
114	172	0.944448
114	176	1.04018
114	177	0.932287
115	14	0.938413
115	24	1.0189
115	55	0.980826
115	69	0.928446
115	92	1.03462
115	112	0.872172
115	121	1.03559
115	124	1.01301
115	125	1.01311
115	143	0.986532
115	151	1.02974
115	153	0.9346
115	158	0.992697
115	159	0.988548
115	161	1.01849
115	162	1.0259
115	164	0.964417
115	165	0.949412
115	166	1.02625
115	167	1.04231
115	168	1.03624
115	169	1.02007
115	170	1.0217
115	171	1.01296
115	172	1.03861
115	174	1.01605
115	177	1.03306
115	179	1.03038
115	180	0.988231
116	18	1.09197
116	22	0.862583
116	66	0.884773
116	79	1.02144
116	105	1.07592
116	108	0.998164
116	111	0.984906
116	113	0.985467
116	123	1.01627
116	142	0.985334
116	145	1.02109
116	146	0.99314
116	151	1.00758
116	152	1.00492
116	154	1.03509
116	160	0.98217
116	161	0.99632
116	162	1.00374
116	166	1.00409
116	167	1.02015
116	168	1.01407
116	169	0.997903
116	170	0.999534
116	171	0.990795
116	172	1.01644
116	174	0.993886
116	175	0.990925
116	176	0.994298
116	177	1.0109
116	179	1.00821
117	4	0.956844
117	50	1.00526
117	70	1.01313
117	82	1.02336
117	123	0.986859
117	125	1.02485
117	126	1.05753
117	133	0.969246
117	134	1.02777
117	138	1.01116
117	142	1.04063
117	145	0.984665
117	147	0.990371
117	148	0.992245
117	150	0.999581
117	153	1.02372
117	155	0.973527
117	158	0.971956
117	160	1.03166
117	162	0.994717
117	163	1.0176
117	164	1.00481
117	165	0.999621
117	168	0.966071
117	170	0.995186
117	171	1.0146
117	173	0.913082
117	176	1.00204
117	178	1.04068
117	180	0.980936
118	5	0.941823
118	14	1.03399
118	33	0.934021
118	71	1.02694
118	98	1.01088
118	103	1.03702
118	104	0.96391
118	112	0.935709
118	114	1.03015
118	133	0.980694
118	135	1.01199
118	138	1.0226
118	140	0.969921
118	145	0.996112
118	147	1.00182
118	154	0.990193
118	155	0.984975
118	157	1.02131
118	160	1.0518
118	164	1.01626
118	165	1.01107
118	166	0.993132
118	168	0.986208
118	170	1.01532
118	171	1.03473
118	172	0.996115
118	174	1.02491
118	175	0.990717
118	176	1.01349
118	177	0.983954
119	16	0.974233
119	25	1.0097
119	43	1.12971
119	53	1.01424
119	74	1.03944
119	88	1.00143
119	108	1.01138
119	123	0.9958
119	127	0.958335
119	133	0.978187
119	136	0.985391
119	137	0.986216
119	140	0.967414
119	147	0.999312
119	148	1.00119
119	150	1.00852
119	153	1.03266
119	154	0.987687
119	155	0.982468
119	157	1.01881
119	158	0.980897
119	164	1.01375
119	167	0.943913
119	169	0.983964
119	171	1.00649
119	172	0.967869
119	176	1.01098
119	178	1.04962
119	179	0.98008
119	180	0.989876
120	3	0.935662
120	15	0.9441
120	16	1.06046
120	29	1.00744
120	34	1.09003
120	50	1.04625
120	52	1.011
120	63	1.00804
120	79	1.02663
120	80	1.01717
120	85	0.973916
120	86	0.974389
120	91	1.08735
120	93	0.999246
120	94	1.02599
120	98	0.935659
120	133	1.01987
120	137	1.0279
120	141	0.956459
120	144	1.02991
120	151	0.96045
120	152	1.04657
120	153	1.07434
120	154	1.02937
120	159	1.03656
120	161	0.943336
120	162	0.939629
120	171	0.95951
120	173	0.857994
120	176	1.05266
120	179	0.933102
121	33	1.1289
121	51	0.959242
121	56	0.979847
121	93	1.00826
121	96	0.92357
121	115	1.03559
121	124	1.00039
121	139	1.02867
121	140	1.02837
121	142	0.994882
121	143	0.973913
121	147	0.974295
121	149	0.985756
121	151	1.01712
121	154	0.985731
121	155	0.997774
121	159	0.977689
121	160	0.991717
121	161	1.00587
121	165	0.938554
121	166	1.01363
121	167	1.02969
121	168	1.02362
121	169	1.00745
121	170	1.00908
121	171	1.00034
121	172	1.02599
121	174	1.00343
121	175	1.00047
121	177	1.02044
121	178	0.89985
121	179	1.01776
122	36	0.938273
122	37	0.932133
122	40	1.05018
122	62	0.813397
122	71	1.03336
122	81	1.03457
122	82	1.04122
122	126	1.06704
122	131	0.981656
122	135	1.01841
122	136	0.994318
122	139	0.979134
122	140	0.97634
122	141	1.02106
122	142	1.05015
122	145	1.00253
122	147	1.00824
122	153	1.04159
122	154	0.996613
122	155	0.991394
122	158	0.989823
122	159	1.0038
122	160	1.04118
122	161	1.00794
122	162	1.00423
122	164	1.02268
122	165	1.01749
122	169	1.00159
122	172	0.985492
122	175	0.997137
122	177	0.973331
122	180	0.998802
123	15	1.00574
123	33	0.928871
123	54	0.989096
123	67	0.924849
123	78	1.02059
123	87	0.951098
123	96	0.984379
123	102	1.03597
123	116	1.01627
123	117	0.986859
123	119	0.9958
123	124	1.02177
123	126	1.06408
123	130	1.01776
123	133	0.975544
123	135	1.00684
123	136	0.982748
123	142	1.04718
123	147	0.996669
123	148	0.998543
123	149	1.00046
123	150	1.00588
123	153	1.03002
123	155	0.979825
123	156	1.00776
123	157	1.01616
123	160	1.03821
123	164	1.01111
123	167	0.958573
123	175	0.985567
123	178	1.04698
123	179	0.99474
123	180	0.987233
124	15	0.999778
124	44	0.973373
124	52	0.990997
124	57	0.993429
124	100	1.12043
124	105	1.08141
124	109	1.00023
124	115	1.01301
124	121	1.00039
124	123	1.02177
124	125	0.977909
124	129	1.01867
124	138	0.966282
124	139	1.00609
124	142	0.972304
124	146	0.98011
124	148	1.01493
124	151	0.994546
124	159	1.03254
124	160	0.96914
124	161	0.983289
124	162	0.990708
124	163	0.979043
124	166	0.991055
124	167	1.00712
124	169	0.984872
124	170	0.986504
124	174	0.980856
124	175	0.977895
124	177	0.997865
124	178	0.954699
124	179	0.995184
124	180	1.03222
125	31	0.954385
125	71	0.975779
125	74	1.05777
125	114	0.993316
125	115	1.01311
125	117	1.02485
125	124	0.977909
125	129	1.0283
125	133	1.06953
125	135	1.01707
125	139	1.00619
125	141	0.985564
125	142	0.972401
125	146	0.980207
125	151	0.994643
125	153	0.988219
125	155	1.06225
125	159	1.04217
125	160	0.969237
125	161	0.983386
125	162	0.990805
125	166	0.991152
125	167	1.00721
125	168	1.00114
125	169	0.984969
125	170	0.986601
125	171	0.977861
125	172	1.00351
125	174	0.980953
125	176	1.00942
125	177	0.997962
125	178	0.964328
125	179	0.995282
126	7	0.997282
126	19	0.929981
126	20	0.930528
126	22	1.08125
126	24	0.915283
126	28	0.925336
126	29	1.08036
126	53	0.960143
126	60	0.919143
126	61	0.925563
126	68	0.990579
126	88	0.969074
126	89	1.00868
126	92	0.925057
126	97	0.989641
126	98	0.989234
126	101	1.04143
126	103	0.952256
126	110	0.988547
126	117	1.05753
126	122	1.06704
126	123	1.06408
126	136	1.06492
126	144	0.955893
126	149	0.970768
126	150	1.05947
126	152	1.05273
126	167	0.994926
126	168	1.00897
126	173	1.02577
126	175	1.06636
126	176	1.04211
126	178	1.01729
126	179	1.03109
127	14	0.93363
127	51	0.965319
127	65	1.04523
127	95	0.936127
127	97	0.923545
127	107	1.04877
127	119	0.958335
127	128	1.0309
127	130	1.01481
127	133	1.01113
127	137	1.00042
127	139	1.03148
127	141	1.01086
127	142	0.997697
127	143	0.976728
127	147	0.980371
127	150	0.968388
127	151	1.01994
127	152	0.961644
127	158	0.987914
127	162	1.0161
127	163	0.930271
127	166	1.01645
127	167	1.03251
127	168	1.02644
127	169	1.01026
127	170	1.0119
127	171	1.00316
127	172	1.0288
127	173	1.07319
127	174	1.00625
127	177	1.02326
127	179	1.02058
127	180	0.983449
128	6	0.943911
128	86	1.06273
128	107	1.05107
128	109	1.02794
128	114	0.942
128	127	1.0309
128	133	1.01821
128	134	0.946919
128	135	0.96575
128	139	1.03379
128	143	0.979036
128	146	1.00781
128	147	0.987457
128	151	1.02225
128	153	0.936903
128	156	1.01522
128	157	0.930186
128	158	0.995001
128	159	0.990852
128	161	1.01099
128	162	1.01841
128	163	0.937357
128	164	0.966721
128	166	1.01876
128	167	1.03482
128	168	1.02874
128	169	1.01257
128	170	1.0142
128	171	1.00546
128	172	1.03111
128	174	1.00856
128	176	0.958106
128	177	1.02557
128	179	1.02288
129	3	1.01565
129	15	1.03867
129	16	0.985795
129	29	0.963745
129	32	0.921189
129	45	1.06054
129	48	1.05108
129	49	1.16177
129	59	0.996393
129	64	0.908094
129	83	0.983463
129	90	0.95944
129	94	0.961362
129	95	1.01078
129	102	0.976323
129	114	1.02562
129	124	1.01867
129	125	1.0283
129	136	0.983376
129	137	0.984201
129	138	1.01808
129	145	0.99159
129	152	1.00287
129	153	1.03064
129	156	1.00467
129	161	1.00188
129	162	0.99817
129	164	1.01173
129	170	0.99864
129	171	1.01805
129	172	0.979432
129	173	0.916535
129	174	1.00822
129	176	1.00896
129	180	0.98786
130	13	1.02667
130	14	0.978392
130	19	1.07893
130	40	0.990901
130	49	0.899893
130	76	1.01695
130	89	1.0013
130	106	1.03962
130	112	0.912151
130	123	1.01776
130	127	1.01481
130	135	1.00343
130	138	0.962272
130	141	0.997074
130	145	1.02257
130	146	0.991717
130	157	0.967861
130	158	1.03268
130	160	0.980747
130	161	0.994896
130	162	1.00232
130	163	0.975033
130	165	0.989392
130	166	1.00266
130	167	1.01872
130	168	1.01265
130	169	0.996479
130	170	0.998111
130	171	0.989371
130	172	1.01502
130	173	1.0594
130	174	0.992463
130	175	0.989502
130	177	1.00947
130	179	1.00679
131	21	0.953905
131	36	0.975416
131	41	1.03096
131	52	1.11275
131	58	0.973269
131	66	1.04052
131	69	1.0185
131	79	0.959238
131	83	1.02667
131	102	1.07608
131	104	0.93569
131	109	1.02284
131	112	0.962229
131	122	0.981656
131	134	1.011
131	135	0.983771
131	137	0.960503
131	138	0.994383
131	148	0.975473
131	149	0.977392
131	150	0.982808
131	153	1.00695
131	155	0.956755
131	156	1.04787
131	157	0.993093
131	162	1.04137
131	164	0.988036
131	165	0.982849
131	166	1.01965
131	168	1.01273
131	171	1.06125
131	172	1.02264
131	175	0.962497
131	176	0.985267
131	177	1.01047
131	180	0.964163
132	2	0.990181
132	8	0.953847
132	22	0.856646
132	55	1.01339
132	59	0.976333
132	62	0.793043
132	74	1.03671
132	88	0.998698
132	91	0.893485
132	95	0.973469
132	99	0.970017
132	102	1.01858
132	106	1.0322
132	110	0.988669
132	112	0.904731
132	114	1.05354
132	136	1.01129
132	138	1.04599
132	145	1.0195
132	148	1.02708
132	149	1.029
132	153	1.05856
132	159	1.02077
132	161	1.0195
132	166	1.02727
132	167	1.04333
132	168	1.03726
132	169	1.02108
132	170	1.02272
132	171	1.01398
132	174	1.01707
132	175	1.01411
132	176	1.03688
132	177	1.03408
132	179	1.0314
132	180	1.01577
133	13	1.00904
133	29	0.945504
133	58	0.978726
133	71	1.00418
133	87	0.933485
133	90	1.08796
133	107	0.992154
133	117	0.969246
133	118	0.980694
133	119	0.978187
133	120	1.01987
133	123	0.975544
133	125	1.06953
133	127	1.01113
133	128	1.01821
133	134	1.01645
133	138	0.99984
133	147	0.979055
133	150	0.988265
133	152	0.984634
133	154	0.96743
133	155	0.962212
133	156	1.04589
133	157	0.99855
133	158	0.960641
133	161	1.04311
133	166	1.01768
133	168	1.01075
133	170	1.03987
133	171	1.05928
133	173	0.957763
133	174	1.04945
133	175	0.967954
133	176	0.990724
133	178	1.02937
133	180	0.96962
134	17	1.00921
134	32	1.11503
134	35	0.91394
134	39	0.967515
134	57	1.01625
134	64	0.878029
134	70	0.98652
134	73	1.03212
134	89	0.939164
134	92	0.995661
134	117	1.02777
134	128	0.946919
134	131	1.011
134	133	1.01645
134	136	1.02366
134	138	1.05836
134	139	0.943009
134	140	1.00568
134	145	1.03187
134	146	0.9794
134	147	1.03758
134	150	1.04679
134	151	0.988927
134	152	1.04316
134	154	1.02595
134	158	1.01916
134	164	1.05202
134	165	1.04683
134	167	0.925411
134	173	0.88647
134	174	0.978158
134	176	1.04925
134	177	0.937206
134	178	1.08789
134	179	0.961578
134	180	1.02814
135	27	1.0374
135	29	0.976802
135	45	0.945936
135	51	1.00115
135	57	0.98902
135	67	0.938534
135	71	1.03548
135	78	1.00626
135	111	1.01022
