1	137	0.969327
1	143	0.933507
1	144	0.956763
1	151	1.28244
1	156	0.900291
1	157	0.940921
1	158	0.935414
1	159	1.20951
1	164	0.956008
1	165	0.947052
1	175	1.34305
1	177	0.860717
2	43	0.895902
2	58	0.935146
2	124	0.92798
2	127	0.951127
2	129	0.95067
2	136	0.937633
2	140	0.952763
2	148	0.947124
2	152	1.30756
2	177	1.34603
2	179	1.18456
2	180	0.901655
3	73	0.991991
3	86	1.0538
3	102	1.06236
3	124	1.04505
3	127	1.06819
3	132	1.03299
3	136	1.0547
3	141	0.882123
3	148	1.06419
3	174	0.96919
3	179	1.07602
3	180	1.01872
4	89	0.956385
4	93	1.01754
4	117	1.07759
4	119	1.06444
4	129	1.05418
4	140	1.05627
4	148	1.05064
4	168	0.943584
4	171	1.07417
4	174	0.957217
4	179	1.06405
4	180	1.00517
5	63	1.13101
5	82	1.13102
5	95	1.09549
5	113	0.929993
5	145	0.930948
5	146	0.953529
5	156	0.911211
5	164	0.966928
5	165	0.957972
5	168	0.954496
5	178	0.876571
5	179	0.918352
6	95	1.04839
6	97	1.09839
6	106	1.038
6	112	1.09848
6	123	0.854217
6	154	1.04546
6	160	1.04076
6	171	1.09706
6	172	0.998885
6	175	1.04178
6	176	0.971562
6	179	0.986924
7	67	1.67097
7	106	0.82132
7	139	0.841889
7	149	1.76814
7	151	0.852953
7	153	0.822724
7	161	0.826619
7	163	0.834018
7	166	0.858184
7	168	0.860363
7	173	0.857712
7	179	0.824218
8	128	1.05471
8	134	1.05507
8	144	1.06572
8	155	1.00947
8	156	1.00925
8	157	1.04988
8	158	1.04438
8	164	1.06497
8	165	1.05601
8	169	1.08403
8	171	0.861513
8	174	0.965539
9	59	1.09793
9	103	0.994404
9	109	1.15438
9	144	1.1066
9	153	0.919583
9	160	0.913512
9	161	0.923478
9	168	0.957221
9	170	0.936858
9	173	0.954571
9	178	0.879296
9	179	0.921077
10	50	0.785174
10	67	0.665312
10	71	1.12116
10	92	0.974676
10	140	0.852649
10	141	1.11701
10	152	1.01645
10	162	0.994165
10	163	1.04711
10	166	1.07127
10	178	0.995527
10	179	1.03731
11	68	0.849419
11	85	1.12034
11	90	0.991977
11	99	1.04761
11	114	1.06897
11	125	0.984646
11	145	0.997548
11	146	1.02013
11	149	1.03069
11	174	1.02019
11	175	1.08433
11	177	0.938236
11	180	1.16836
12	59	1.00834
12	88	0.935755
12	126	1.03659
12	129	1.02694
12	132	0.992197
12	136	1.01391
12	140	1.02904
12	148	1.0234
12	150	0.981188
12	154	1.0441
12	175	0.991659
12	178	1.26093
12	180	0.977928
13	105	0.83888
13	122	0.927103
13	142	0.957776
13	145	0.968765
13	146	0.853812
13	150	1.04259
13	160	0.996663
13	166	1.03819
13	168	1.04037
13	170	1.02001
13	173	1.03772
13	178	0.962447
13	179	1.00423
14	79	0.856021
14	100	1.00171
14	140	0.863698
14	144	0.929406
14	145	1.03446
14	146	1.05704
14	163	1.03167
14	165	0.932392
14	172	0.985865
14	175	1.02876
14	176	0.958543
14	178	0.980086
14	179	1.02187
15	128	1.01666
15	134	1.01702
15	143	1.00442
15	144	1.02767
15	154	1.02614
15	156	0.971201
15	157	1.01183
15	158	1.00632
15	160	1.14079
15	163	1.08498
15	164	1.02692
15	165	1.01796
15	168	0.966491
16	50	1.21552
16	86	1.2338
16	112	1.20967
16	142	0.859928
16	151	0.935115
16	159	0.960969
16	161	0.908782
16	168	0.942525
16	170	0.922161
16	173	0.939875
16	177	0.859665
16	178	0.864599
16	179	0.90638
17	70	1.06944
17	74	0.972978
17	79	1.03612
17	106	0.969943
17	108	1.01007
17	110	0.998188
17	121	1.0056
17	131	1.02957
17	138	0.955266
17	174	1.00808
17	175	0.991383
17	177	1.1966
17	180	1.07541
18	98	0.960083
18	102	0.857592
18	105	0.836155
18	122	0.924379
18	147	1.00674
18	151	1.03731
18	153	1.00708
18	166	1.04254
18	168	1.04472
18	170	1.02436
18	177	0.961863
18	178	0.966797
18	179	1.00858
19	78	1.07486
19	91	1.03605
19	105	0.895333
19	107	0.890688
19	118	0.907639
19	139	1.01372
19	144	0.885409
19	152	0.975188
19	163	1.00585
19	168	1.03219
19	170	1.01183
19	178	0.954267
19	179	0.996048
20	72	0.838099
20	73	1.11215
20	80	1.04379
20	87	1.01188
20	114	1.06386
20	125	0.979539
20	135	1.00303
20	145	0.992441
20	146	1.01502
20	168	1.07572
20	169	0.975354
20	174	1.01509
20	179	1.19618
21	134	1.02643
21	139	0.997341
21	143	1.01383
21	144	1.03709
21	157	1.02124
21	158	1.01574
21	162	1.13338
21	164	1.03633
21	165	1.02738
21	175	0.898637
21	176	1.19149
21	177	0.94104
21	180	0.98092
22	134	1.0144
22	137	1.03762
22	143	1.0018
22	144	1.02505
22	151	0.965651
22	156	0.968581
22	157	1.00921
22	158	1.0037
22	164	1.0243
22	165	1.01534
22	166	0.969634
22	174	0.963173
22	176	1.31912
23	31	1.23592
23	40	0.906323
23	88	0.926229
23	131	1.24339
23	149	1.17858
23	152	0.878223
23	155	0.922843
23	159	0.953672
23	163	0.908883
23	170	0.914864
23	173	0.932577
23	178	0.857302
23	179	0.899083
24	57	0.969688
24	95	1.01468
24	97	1.06468
24	112	1.06477
24	142	1.19643
24	153	1.0381
24	154	1.01175
24	159	0.821711
24	171	1.06335
24	172	0.965174
24	175	1.00807
24	176	0.937851
24	177	1.16047
25	42	0.904733
25	57	0.966936
25	66	1.03377
25	95	1.01193
25	97	1.06193
25	112	1.06201
25	123	1.09964
25	166	1.13197
25	167	1.08248
25	171	1.0606
25	172	0.962421
25	175	1.00532
25	176	0.935099
26	122	1.02654
26	134	1.02488
26	144	1.03554
26	151	0.971914
26	156	0.979064
26	157	1.01969
26	158	1.01419
26	164	1.03478
26	165	1.02583
26	170	1.04432
26	174	0.969436
26	177	0.93949
26	178	1.23229
27	28	0.977764
27	29	1.00066
27	132	0.839096
27	138	1.04202
27	151	1.02545
27	159	1.0513
27	162	0.953569
27	164	0.7604
27	166	1.03068
27	168	1.03286
27	170	1.01249
27	178	0.95493
27	179	0.996711
28	27	0.977764
28	54	1.00619
28	98	0.949211
28	122	0.990004
28	128	0.987984
28	133	1.12005
28	143	0.975744
28	151	1.22358
28	156	0.942528
28	157	0.983157
28	158	0.977651
28	164	0.998244
28	165	0.989288
28	171	1.11707
29	27	1.00066
29	44	1.29872
29	72	0.992734
29	77	1.02329
29	79	1.01532
29	84	0.982532
29	105	0.999143
29	120	1.14725
29	121	0.984801
29	131	1.00876
29	154	0.96261
29	169	0.947546
29	174	0.987277
29	176	0.888713
30	43	0.94768
30	93	0.965806
30	103	0.927368
30	127	1.00291
30	129	1.00245
30	132	0.967703
30	136	0.989412
30	140	1.00454
30	142	1.26618
30	148	0.998903
30	162	1.25976
30	175	0.967164
30	179	1.06875
30	180	0.953434
31	23	1.23592
31	69	0.963418
31	79	1.01918
31	84	0.986389
31	108	0.993126
31	121	0.988659
31	123	1.0015
31	131	1.01262
31	142	1.22007
31	166	0.922269
31	169	0.951403
31	174	0.991134
31	176	0.89257
31	180	1.06292
32	49	1.27396
32	82	1.34936
32	94	0.943776
32	121	1.33437
32	145	0.884722
32	146	0.907302
32	157	0.905615
32	163	0.881926
32	164	0.920701
32	165	0.911745
32	172	0.836124
32	173	0.90562
32	178	0.830344
32	179	0.872125
33	48	0.998464
33	68	0.973646
33	116	1.12492
33	118	0.96489
33	128	0.98429
33	134	0.98465
33	138	1.17244
33	144	0.995306
33	147	1.2502
33	156	0.938834
33	157	0.979464
33	158	0.973957
33	164	0.99455
33	165	0.985595
34	57	0.932204
34	63	1.00219
34	95	0.977193
34	97	1.02719
34	112	1.02728
34	149	1.00943
34	167	1.07168
34	168	1.10108
34	169	1.2332
34	171	1.02586
34	172	0.927689
34	174	1.11471
34	175	0.970586
34	176	0.900367
35	46	1.00136
35	69	0.950722
35	70	1.0398
35	77	1.01446
35	108	0.98043
35	116	0.979031
35	121	0.975963
35	131	0.999925
35	167	0.994019
35	171	0.933027
35	172	1.28633
35	174	0.978438
35	176	0.879874
35	177	1.30535
36	60	1.09075
36	111	0.95294
36	116	1.08838
36	123	1.00261
36	125	0.956695
36	135	0.980191
36	145	0.969597
36	146	0.992178
36	167	1.0659
36	169	0.95251
36	173	1.11056
36	174	0.992241
36	177	0.910286
36	180	1.25605
37	41	0.892377
37	73	1.1071
37	104	1.39351
37	117	1.00638
37	124	0.960284
37	126	0.99262
37	127	0.983431
37	129	0.982974
37	136	0.969937
37	148	0.979427
37	154	1.13032
37	167	0.98802
37	171	1.00297
37	180	0.933958
38	74	0.958805
38	77	1.02992
38	96	1.10724
38	105	1.00577
38	108	0.995899
38	110	0.984014
38	121	0.991432
38	131	1.01539
38	154	0.96924
38	169	0.954176
38	171	0.93187
38	176	0.895343
38	178	1.29875
38	180	1.18301
39	74	1.04802
39	84	0.797318
39	108	0.678745
39	111	0.847141
39	132	1.04396
39	135	0.763397
39	140	1.08079
39	142	0.990069
39	143	1.0626
39	148	1.07515
39	157	1.07001
39	165	1.07614
39	173	1.07002
39	178	0.994741
39	179	1.03652
40	23	0.906323
40	132	1.18006
40	137	1.01921
40	141	1.02365
40	142	0.897496
40	147	0.942111
40	148	1.02294
40	149	0.956099
40	153	0.942453
40	159	0.998537
40	160	0.936382
40	163	0.953748
40	166	0.977913
40	173	0.977442
40	179	0.943947
41	37	0.892377
41	61	0.843773
41	62	0.870194
41	79	0.749036
41	104	0.983421
41	117	0.822568
41	141	1.1149
41	150	1.07356
41	161	1.0376
41	166	1.06916
41	168	1.07134
41	170	1.05098
41	174	1.07044
41	178	0.993416
41	179	1.0352
42	25	0.904733
42	117	0.793714
42	142	1.00945
42	143	0.798266
42	146	0.818423
42	147	1.05407
42	153	1.05441
42	157	0.87231
42	160	1.04834
42	162	1.01276
42	166	1.08987
42	170	1.07168
42	173	1.0894
42	178	1.01412
42	179	1.0559
43	2	0.895902
43	30	0.94768
43	102	0.960928
43	119	0.976556
43	124	0.943608
43	126	0.975945
43	127	0.966756
43	129	0.966299
43	148	0.962752
43	151	1.13861
43	171	0.986291
43	173	1.13776
43	174	1.13614
43	177	1.40444
43	180	0.917283
44	29	1.29872
44	94	0.982144
44	105	1.07901
44	119	0.957215
44	129	0.946958
44	140	0.949051
44	145	1.20889
44	148	0.943411
44	155	0.928538
44	157	0.938267
44	158	0.93276
44	164	0.953354
44	165	0.944398
44	173	0.938272
44	178	0.862997
44	179	0.904778
45	61	1.01914
45	96	1.0707
45	123	0.97348
45	128	1.03613
45	143	1.02389
45	144	1.04715
45	156	0.990675
45	157	1.03131
45	158	1.0258
45	161	1.0795
45	164	1.04639
45	165	1.03744
45	170	1.07424
45	173	1.00098
45	177	0.951101
45	180	0.99098
46	35	1.00136
46	69	1.00239
46	74	0.995007
46	77	1.06613
46	82	1.02689
46	84	1.02536
46	105	1.04198
46	120	0.846808
46	121	1.02763
46	131	1.0516
46	141	0.856478
46	172	1.19282
46	174	1.03011
46	176	0.931545
46	177	1.21184
46	180	1.09066
47	111	1.01231
47	116	1.04132
47	117	0.830134
47	119	0.811568
47	124	0.816315
47	139	1.02316
47	141	1.08519
47	142	0.959034
47	156	0.928665
47	159	1.06007
47	162	0.962343
47	166	1.03945
47	170	1.02127
47	173	1.03898
47	178	0.963705
47	179	1.00549
48	33	0.998464
48	134	1.02787
48	137	1.05109
48	143	1.01527
48	156	0.982057
48	157	1.02269
48	158	1.01718
48	162	1.24279
48	164	1.03777
48	165	1.02882
48	166	0.951423
48	167	1.03642
48	173	0.946588
48	175	1.00805
48	179	1.05179
48	180	0.982361
49	32	1.27396
49	52	0.954165
49	93	0.998989
49	119	1.04589
49	126	1.04528
49	129	1.03563
49	130	0.877587
49	136	1.0226
49	140	1.03772
49	148	1.03209
49	160	1.03171
49	167	1.04068
49	169	0.989529
49	170	0.945925
49	175	1.00035
49	180	0.986616
50	10	0.785174
50	16	1.21552
50	51	1.05071
50	90	0.999314
50	94	1.06394
50	103	0.846609
50	107	1.03523
50	123	1.0379
50	125	0.991983
50	135	1.01548
50	145	1.00489
50	146	1.02747
50	170	0.956047
50	174	1.02753
50	176	1.23711
50	177	0.945573
51	50	1.05071
51	75	1.04973
51	87	1.02716
51	100	0.974967
51	109	1.0229
51	114	1.07914
51	135	1.01832
51	145	1.00772
51	146	1.0303
51	147	1.09746
51	168	0.979097
51	169	0.990636
51	171	0.888705
51	172	1.24201
51	173	0.994357
51	177	0.948412
52	49	0.954165
52	117	0.963009
52	119	0.949858
52	126	0.949247
52	127	0.940057
52	129	0.9396
52	132	0.904854
52	136	0.926563
52	140	0.941693
52	148	0.936054
52	168	1.11246
52	169	1.24458
52	172	1.37537
52	175	0.904316
52	178	1.38894
52	180	0.890585
53	61	1.00859
53	137	1.04916
53	142	1.23308
53	143	1.01334
53	144	1.0366
53	149	1.03301
53	156	0.980127
53	157	1.02076
53	158	1.01525
53	164	1.03584
53	165	1.02689
53	166	0.935284
53	170	1.00371
53	175	0.991909
53	179	1.03565
53	180	0.980431
54	28	1.00619
54	98	0.992772
54	116	0.924313
54	123	0.918992
54	128	1.03154
54	137	1.05512
54	139	1.10666
54	143	1.0193
54	156	0.986088
54	157	1.02672
54	158	1.02121
54	162	1.2427
54	164	1.0418
54	165	1.03285
54	175	1.00796
54	180	0.986393
55	115	0.95148
55	122	0.952577
55	128	0.950557
55	143	0.938317
55	144	0.961572
55	156	0.9051
55	157	0.94573
55	158	0.940224
55	161	1.19979
55	162	1.41749
55	164	0.960817
55	165	0.951861
55	172	0.876239
55	173	1.12128
55	177	0.865526
55	178	1.3825
56	95	1.45879
56	118	1.58444
56	138	0.904647
56	142	0.812886
56	150	0.897697
56	152	0.838478
56	158	1.51578
56	159	0.913927
56	162	0.816196
56	168	0.895483
56	170	0.875119
56	172	0.823336
56	173	0.892832
56	178	0.817557
56	179	0.859338
56	180	0.852502
57	24	0.969688
57	25	0.966936
57	34	0.932204
57	63	0.943722
57	66	0.940565
57	95	0.918723
57	97	0.968723
57	112	0.968812
57	120	1.15056
57	161	1.32743
57	171	0.967393
57	172	0.869219
57	173	1.24892
57	175	0.912116
57	176	0.841897
57	180	1.39441
58	2	0.935146
58	62	0.986512
58	117	1.02895
58	124	0.982852
58	127	1.006
58	129	1.00554
58	132	0.970797
58	136	0.992506
58	140	1.00764
58	148	1.002
58	150	0.967034
58	152	1.21376
58	169	1.10242
58	171	1.02554
58	172	1.23321
58	174	0.983928
58	180	0.956527
59	9	1.09793
59	12	1.00834
59	93	0.965825
59	126	1.01211
59	129	1.00247
59	132	0.967722
59	136	0.989431
59	140	1.00456
59	148	0.998922
59	163	1.11054
59	167	1.00751
59	169	1.12417
59	170	1.08056
59	171	1.02246
59	174	1.00568
59	175	0.967184
59	180	0.953453
60	36	1.09075
60	90	1.07749
60	99	1.13312
60	100	1.0503
60	103	0.828504
60	111	1.0664
60	125	1.07015
60	135	1.09365
60	139	1.02485
60	145	1.08306
60	146	1.10564
60	151	0.865536
60	155	0.906991
60	161	0.943196
60	174	1.1057
60	177	1.02374
60	180	1.01017
61	41	0.843773
61	45	1.01914
61	53	1.00859
61	68	0.863873
61	118	0.976951
61	137	1.01993
61	143	0.984111
61	144	1.00737
61	147	1.14043
61	153	1.18163
61	156	0.950895
61	157	0.991525
61	158	0.986018
61	164	1.00661
61	165	0.997655
61	176	1.39164
61	180	0.951199
62	41	0.870194
62	58	0.986512
62	68	0.890293
62	86	0.9881
62	117	1.02545
62	126	1.01168
62	127	1.00249
62	132	0.96729
62	136	0.989
62	140	1.00413
62	148	0.99849
62	167	1.00708
62	169	1.18061
62	172	1.3114
62	175	0.966752
62	179	1.16895
62	180	0.953021
63	5	1.13101
63	34	1.00219
63	57	0.943722
63	65	0.90082
63	66	1.01055
63	95	0.988711
63	97	1.03871
63	112	1.0388
63	149	1.02095
63	154	0.985783
63	162	1.24428
63	163	1.05131
63	171	1.03738
63	172	0.939208
63	175	0.982104
63	176	0.911885
63	180	1.09356
64	65	1.03671
64	109	1.00453
64	112	1.04035
64	133	0.981288
64	135	0.999945
64	142	1.38659
64	145	0.989352
64	146	1.01193
64	156	0.969615
64	158	1.00474
64	159	1.01188
64	164	1.02533
64	165	1.01638
64	172	0.940754
64	173	1.08396
64	175	0.98365
64	176	0.913431
65	63	0.90082
65	64	1.03671
65	73	0.994234
65	121	0.885829
65	130	1.01295
65	135	1.0673
65	144	0.968721
65	151	1.00522
65	153	0.974994
65	155	1.00025
65	159	1.03108
65	161	0.978889
65	163	0.986288
65	168	1.01263
65	170	0.992269
65	178	0.934707
65	179	0.976488
66	25	1.03377
66	57	0.940565
66	63	1.01055
66	95	0.985554
66	97	1.03555
66	112	1.03564
66	116	0.981521
66	149	1.01779
66	150	0.985183
66	154	0.982625
66	169	1.12056
66	171	1.03422
66	172	0.93605
66	175	0.978947
66	176	0.908728
66	178	1.26493
66	180	1.14919
67	7	1.67097
67	10	0.665312
67	98	1.02499
67	101	0.818329
67	118	1.04436
67	122	1.06578
67	128	1.06376
67	134	1.06412
67	144	1.07478
67	156	1.0183
67	158	1.05343
67	160	0.921971
67	164	1.07402
67	165	1.06506
67	167	1.07267
67	169	0.87979
67	174	0.761302
67	177	0.978729
68	11	0.849419
68	33	0.973646
68	61	0.863873
68	62	0.890293
68	88	1.08168
68	97	0.829766
68	101	1.05983
68	113	1.06617
68	153	1.05304
68	160	1.04697
68	161	1.05693
68	164	0.831907
68	170	1.07031
68	172	1.01853
68	173	1.08803
68	176	0.99121
68	178	1.01275
68	179	1.05453
69	31	0.963418
69	35	0.950722
69	46	1.00239
69	70	1.04083
69	74	0.944369
69	104	1.26032
69	105	0.991338
69	108	0.981464
69	110	0.969579
69	131	1.00096
69	154	0.954805
69	160	1.11178
69	169	0.939741
69	172	1.20039
69	174	0.979472
69	175	1.0142
69	176	0.880908
69	178	1.21396
70	17	1.06944
70	35	1.0398
70	69	1.04083
70	74	1.03345
70	84	1.06381
70	108	1.07054
70	110	1.05866
70	121	1.06608
70	130	0.950317
70	131	1.09004
70	133	0.842727
70	147	1.0485
70	168	0.930138
70	169	1.02882
70	170	1.01866
70	174	1.06855
70	176	0.969986
70	180	1.09088
71	10	1.12116
71	87	0.871126
71	105	0.795219
71	117	0.785441
71	130	1.05703
71	134	0.798249
71	135	0.883874
71	147	1.01873
71	151	1.0493
71	155	1.04432
71	159	1.07515
71	160	1.013
71	165	0.78828
71	166	1.05453
71	170	1.03635
71	173	1.05406
71	174	1.0558
71	179	1.02056
72	20	0.838099
72	29	0.992734
72	122	0.861241
72	125	0.771927
72	150	1.08024
72	156	0.861772
72	159	1.09647
72	162	0.998742
72	163	1.05168
72	164	0.752479
72	166	1.07585
72	168	1.07803
72	170	1.05767
72	173	1.07538
72	175	1.04878
72	177	0.995169
72	178	1.0001
72	179	1.04188
73	3	0.991991
73	20	1.11215
73	37	1.1071
73	65	0.994234
73	81	1.03763
73	139	0.972125
73	151	0.983189
73	155	0.978214
73	158	0.990715
73	160	0.946889
73	161	0.956855
73	162	0.911312
73	163	0.964254
73	168	0.990598
73	170	0.970235
73	173	0.987948
73	174	0.989694
73	179	0.954454
74	17	0.972978
74	38	0.958805
74	39	1.04802
74	46	0.995007
74	69	0.944369
74	70	1.03345
74	77	1.0081
74	105	0.983951
74	110	0.962193
74	121	0.96961
74	131	0.993572
74	151	1.40003
74	157	0.121125
74	159	1.32709
74	169	0.932355
74	174	0.972086
74	176	0.873522
74	177	1.66585
75	51	1.04973
75	80	1.05525
75	87	1.02334
75	90	0.998332
75	91	0.936494
75	99	1.05397
75	114	1.07532
75	125	0.991001
75	130	0.938467
75	135	1.0145
75	145	1.0039
75	146	1.02648
75	147	1.03665
75	149	1.03704
75	174	1.02655
75	175	0.995008
75	177	0.944591
75	178	1.19477
75	180	1.07903
76	89	0.958129
76	119	1.04958
76	124	1.01663
76	126	1.04897
76	136	1.02628
76	141	0.871895
76	145	1.00974
76	146	1.03232
76	148	1.03577
76	155	1.00289
76	158	1.02512
76	164	1.04572
76	165	1.03676
76	166	0.965423
76	174	1.03238
76	176	1.3149
76	177	0.950426
76	179	1.06579
76	180	0.990305
77	29	1.02329
77	35	1.01446
77	38	1.02992
77	46	1.06613
77	74	1.0081
77	78	0.873615
77	82	1.03999
77	84	1.03846
77	85	0.992794
77	110	1.03331
77	121	1.04073
77	131	1.06469
77	139	1.17032
77	168	0.994898
77	169	1.00347
77	170	1.08342
77	171	0.904506
77	176	0.944642
77	180	1.15564
78	19	1.07486
78	77	0.873615
78	90	0.94819
78	135	0.97801
78	136	0.815785
78	140	0.813723
78	141	1.09522
78	142	0.969063
78	152	0.994656
78	153	1.01402
78	159	1.0701
78	164	0.868816
78	168	1.05166
78	170	1.0313
78	173	1.04901
78	176	0.952191
78	178	0.973734
78	179	1.01551
78	180	1.00868
79	14	0.856021
79	17	1.03612
79	29	1.01532
79	31	1.01918
79	41	0.749036
79	82	1.03201
79	105	1.0471
79	108	1.03722
79	121	1.03276
79	123	1.0456
79	131	1.05672
79	151	0.94344
79	152	1.1708
79	154	1.01057
79	169	0.995501
79	174	1.03523
79	176	0.936668
79	177	1.20926
79	180	1.08807
80	20	1.04379
80	75	1.05525
80	94	1.0723
80	100	0.980488
80	107	1.04359
80	111	0.996588
80	114	1.08467
80	116	0.913723
80	125	1.00034
80	135	1.02384
80	142	1.23854
80	145	1.01324
80	146	1.03583
80	154	0.980293
80	159	0.863823
80	167	0.891245
80	169	0.996157
80	176	1.29022
80	177	0.953933
81	73	1.03763
81	115	1.01005
81	118	0.98973
81	122	1.01115
81	128	1.00913
81	130	1.02137
81	134	1.00949
81	137	1.03271
81	143	0.99689
81	144	1.02015
81	151	1.01731
81	156	0.963674
81	157	1.0043
81	158	0.998797
81	164	1.01939
81	165	1.01043
81	169	1.13332
81	171	0.910803
81	177	0.924099
81	178	1.27768
82	5	1.13102
82	32	1.34936
82	46	1.02689
82	77	1.03999
82	79	1.03201
82	84	0.999224
82	91	0.951022
82	105	1.01583
82	106	0.965831
82	108	1.00596
82	110	0.994076
82	116	1.00456
82	121	1.00149
82	131	1.02546
82	154	0.979302
82	166	0.95291
82	171	0.842423
82	174	1.00397
82	176	0.905405
82	180	1.09356
83	107	1.03776
83	111	0.990764
83	112	1.05842
83	113	1.00647
83	119	0.893757
83	128	0.895406
83	144	0.912176
83	145	1.00742
83	146	1.03
83	148	0.823143
83	156	1.01085
83	157	0.990919
83	169	0.990334
83	170	1.01061
83	172	0.958823
83	173	1.02832
83	175	1.00172
83	176	0.931501
83	178	0.953044
83	179	0.994824
84	29	0.982532
84	31	0.986389
84	39	0.797318
84	46	1.02536
84	70	1.06381
84	77	1.03846
84	82	0.999224
84	105	1.01431
84	108	1.00443
84	110	0.99255
84	120	1.05011
84	121	0.999968
84	131	1.02393
84	133	1.0458
84	147	1.25158
84	166	1.15331
84	167	1.10381
84	169	0.962712
84	174	1.00244
84	176	0.903879
85	11	1.12034
85	77	0.992794
85	93	1.11511
85	132	1.18152
85	135	1.21202
85	136	1.0498
85	143	0.947611
85	151	0.950271
85	153	0.920042
85	156	0.914395
85	157	0.955025
85	161	0.923937
85	163	0.931336
85	164	0.970112
85	165	0.961156
85	169	0.917045
85	174	0.956776
85	176	0.858212
85	178	0.879755
85	179	0.921535
86	3	1.0538
86	16	1.2338
86	62	0.9881
86	102	1.00176
86	117	1.03054
86	119	1.01739
86	124	0.984441
86	127	1.00759
86	129	1.00713
86	132	0.972385
86	136	0.994094
86	138	0.926416
86	140	1.00922
86	148	1.00358
86	151	0.901924
86	169	1.01793
86	172	1.14873
86	175	0.971847
86	177	1.16775
86	180	0.958116
87	20	1.01188
87	51	1.02716
87	71	0.871126
87	75	1.02334
87	94	1.04039
87	107	1.01168
87	109	0.996515
87	111	0.964678
87	114	1.05276
87	125	0.968433
87	135	0.991929
87	145	0.981335
87	146	1.00392
87	159	1.02972
87	166	1.10664
87	167	1.05715
87	168	1.08655
87	174	1.00398
87	177	0.922023
87	180	1.24729
88	12	0.935755
88	23	0.926229
88	68	1.08168
88	100	1.12584
88	107	0.957299
88	110	0.960014
88	115	0.975084
88	129	0.942637
88	139	0.981525
88	151	0.992589
88	153	0.96236
88	155	0.987614
88	159	1.01844
88	161	0.966255
88	162	0.920712
88	163	0.973654
88	170	0.979635
88	171	1.02603
88	173	0.997349
88	178	0.922073
88	179	0.963854
89	4	0.956385
89	76	0.958129
89	90	1.08227
89	113	0.987208
89	119	0.995096
89	140	0.947807
89	141	1.05527
89	146	1.03837
89	150	1.01393
89	152	0.954707
89	160	0.968001
89	161	0.977968
89	162	0.932424
89	166	1.00953
89	167	1.02279
89	170	0.991348
89	172	0.939565
89	173	1.00906
89	177	0.928851
89	178	0.933786
89	179	0.975566
90	11	0.991977
90	50	0.999314
90	60	1.07749
90	75	0.998332
90	78	0.94819
90	89	1.08227
90	107	0.98667
90	109	0.97151
90	111	0.939673
90	114	1.02775
90	120	0.989889
90	135	0.966924
90	145	0.95633
90	146	0.978911
90	162	1.38094
90	167	1.04007
90	169	0.939243
90	171	0.979081
90	174	0.978974
90	177	0.897018
90	179	1.18994
91	19	1.03605
91	75	0.936494
91	82	0.951022
91	104	0.924939
91	118	1.04115
91	125	1.02775
91	128	1.00215
91	139	0.994386
91	160	0.969149
91	161	0.979116
91	162	0.933572
91	165	1.02191
91	166	1.01068
91	168	1.01286
91	169	0.972224
91	170	0.992496
91	172	0.940713
91	173	1.01021
91	174	1.01195
91	178	0.934934
91	179	0.976714
92	10	0.974676
92	101	1.12769
92	115	0.991147
92	118	0.970823
92	122	0.992244
92	134	0.990583
92	137	1.0138
92	143	0.977984
92	144	1.00124
92	156	0.944767
92	157	0.985397
92	158	0.97989
92	164	1.00048
92	165	0.991528
92	167	0.999134
92	168	1.05703
92	172	0.915906
92	173	1.07229
92	175	1.13375
92	178	1.33352
92	180	0.945072
93	4	1.01754
93	30	0.965806
93	49	0.998989
93	59	0.965825
93	85	1.11511
93	102	0.979054
93	119	0.994682
93	123	0.990139
93	124	0.961734
93	127	0.984881
93	132	0.949678
93	136	0.971388
93	140	0.986518
93	142	1.32028
93	148	0.980878
93	153	1.16195
93	161	1.09615
93	167	0.989471
93	171	1.00442
93	174	1.01602
93	175	0.94914
94	32	0.943776
94	44	0.982144
94	50	1.06394
94	80	1.0723
94	87	1.04039
94	99	1.07102
94	100	0.988198
94	106	1.08531
94	111	1.0043
94	114	1.09238
94	125	1.00805
94	135	1.03155
94	139	1.0892
94	145	1.02096
94	146	1.04354
94	149	1.0541
94	151	0.929886
94	167	0.884374
94	169	1.00387
94	177	0.961643
94	179	1.03424
94	180	1.07452
95	5	1.09549
95	6	1.04839
95	24	1.01468
95	25	1.01193
95	34	0.977193
95	56	1.45879
95	57	0.918723
95	63	0.988711
95	66	0.985554
95	97	1.01371
95	112	1.0138
95	149	0.995949
95	151	0.913401
95	154	0.960783
95	171	1.01238
95	172	0.914209
95	173	0.91255
95	175	0.957105
95	176	0.886886
95	177	1.17922
95	180	1.05804
96	38	1.10724
96	45	1.0707
96	107	1.09097
96	130	0.986238
96	137	0.992918
96	138	0.995085
96	147	0.94794
96	149	0.929811
96	151	0.978511
96	152	0.928916
96	155	0.973536
96	159	1.00436
96	162	0.906634
96	163	0.959576
96	165	1.08867
96	166	0.983742
96	168	0.98592
96	170	0.965557
96	173	0.98327
96	178	0.907995
96	179	0.949776
96	180	0.94294
97	6	1.09839
97	24	1.06468
97	25	1.06193
97	34	1.02719
97	57	0.968723
97	63	1.03871
97	66	1.03555
97	68	0.829766
97	95	1.01371
97	104	1.3108
97	112	1.0638
97	133	0.900548
97	138	1.02856
97	149	1.04595
97	154	1.01078
97	159	0.931136
97	167	0.958559
97	169	1.12008
97	171	1.06238
97	172	0.964209
97	175	1.00711
97	176	0.936886
98	18	0.960083
98	28	0.949211
98	54	0.992772
98	67	1.02499
98	118	0.955166
98	122	0.976587
98	128	0.974567
98	137	0.998146
98	144	0.985582
98	154	1.19421
98	156	0.92911
98	157	0.96974
98	158	0.964233
98	164	0.984827
98	165	0.975871
98	171	1.04417
98	172	0.900249
98	173	1.14983
98	174	1.1482
98	176	1.50414
98	177	0.889536
98	180	0.929415
99	11	1.04761
99	60	1.13312
99	75	1.05397
99	94	1.07102
99	100	0.979211
99	107	1.04231
99	109	1.02715
99	111	0.995311
99	125	0.999066
99	135	1.02256
99	138	0.928905
99	145	1.01197
99	146	1.03455
99	153	1.04787
99	163	1.00679
99	169	0.994881
99	173	0.903563
99	174	1.03461
99	175	0.965022
99	176	1.25788
99	177	0.952656
99	180	1.04905
100	14	1.00171
100	51	0.974967
100	60	1.0503
100	80	0.980488
100	88	1.12584
100	94	0.988198
100	99	0.979211
100	103	1.15361
100	107	0.959485
100	109	0.944324
100	114	1.00057
100	125	0.916242
100	135	0.939738
100	145	0.929144
100	146	0.951725
100	149	0.962286
100	150	1.17127
100	154	1.23418
100	155	1.2321
100	171	1.08414
100	174	0.951788
100	177	0.869833
101	67	0.818329
101	68	1.05983
101	92	1.12769
101	115	1.09444
101	130	0.978467
101	147	0.940169
101	150	0.980364
101	152	0.921145
101	153	0.940511
101	155	0.965765
101	157	1.15012
101	158	1.02494
101	159	0.996594
101	160	0.93444
101	163	0.951805
101	165	1.07436
101	168	0.97815
101	170	0.957786
101	173	0.975499
101	174	0.977245
101	178	0.900224
101	179	0.942005
102	3	1.06236
102	18	0.857592
102	43	0.960928
102	86	1.00176
102	93	0.979054
102	103	1.01115
102	113	1.07495
102	117	1.03911
102	119	1.02595
102	124	0.993006
102	126	1.02534
102	127	1.01615
102	132	0.98095
102	133	0.944663
102	136	1.00266
102	140	1.01779
102	148	1.01215
102	171	1.03569
102	172	1.29499
102	173	1.04734
102	175	0.980412
102	179	1.15254
102	180	0.966681
103	9	0.994404
103	30	0.927368
103	50	0.846609
103	60	0.828504
103	100	1.15361
103	102	1.01115
103	104	0.95826
103	115	1.00286
103	142	0.963584
103	147	1.0082
103	151	1.03877
103	155	1.0338
103	160	1.00247
103	161	1.01244
103	162	0.966893
103	163	1.01984
103	164	0.969178
103	166	1.044
103	171	1.07221
103	173	1.04353
103	177	0.96332
103	178	0.968255
103	179	1.01004
104	37	1.39351
104	41	0.983421
104	69	1.26032
104	91	0.924939
104	97	1.3108
104	103	0.95826
104	128	1.30679
104	141	0.964633
104	142	0.838481
104	149	1.16768
104	150	0.923292
104	152	0.864073
104	153	0.883439
104	159	0.939522
104	160	0.877367
104	163	0.894733
104	169	0.880442
104	170	0.900714
104	173	0.918427
104	174	0.920173
104	178	0.843152
104	179	0.884932
105	13	0.83888
105	18	0.836155
105	19	0.895333
105	29	0.999143
105	38	1.00577
105	44	1.07901
105	46	1.04198
105	69	0.991338
105	71	0.795219
105	74	0.983951
105	79	1.0471
105	82	1.01583
105	84	1.01431
105	108	1.02105
105	110	1.00916
105	121	1.01658
105	131	1.04054
105	154	0.994387
105	162	1.3221
105	169	0.979323
105	174	1.01905
105	176	0.92049
105	177	1.29257
106	6	1.038
106	7	0.82132
106	17	0.969943
106	82	0.965831
106	94	1.08531
106	107	1.17753
106	110	0.959158
106	114	0.993521
106	115	0.973049
106	118	0.952726
106	125	1.18108
106	127	1.10256
106	131	0.990537
106	139	0.951481
106	150	0.972169
106	151	0.962545
106	158	0.961793
106	164	0.982386
106	165	0.97343
106	173	0.967305
106	176	0.870486
106	178	0.892029
106	179	0.93381
107	19	0.890688
107	50	1.03523
107	80	1.04359
107	83	1.03776
107	87	1.01168
107	88	0.957299
107	90	0.98667
107	96	1.09097
107	99	1.04231
107	100	0.959485
107	106	1.17753
107	109	1.00742
107	114	1.06366
107	125	0.979339
107	135	1.00283
107	145	0.992241
107	146	1.01482
107	166	1.02609
107	167	0.976593
107	169	0.975154
107	173	1.02125
107	174	1.01488
107	177	0.93293
108	17	1.01007
108	31	0.993126
108	35	0.98043
108	38	0.995899
108	39	0.678745
108	69	0.981464
108	70	1.07054
108	79	1.03722
108	82	1.00596
108	84	1.00443
108	105	1.02105
108	110	0.999287
108	121	1.0067
108	131	1.03067
108	147	1.13301
108	154	0.984513
108	159	0.957819
108	166	1.03474
108	167	0.985241
108	169	0.969449
108	174	1.00918
108	177	1.29657
108	178	1.29113
109	9	1.15438
109	51	1.0229
109	64	1.00453
109	87	0.996515
109	90	0.97151
109	99	1.02715
109	100	0.944324
109	107	1.00742
109	111	0.960424
109	114	1.0485
109	120	1.01064
109	125	0.964179
109	135	0.987674
109	145	0.977081
109	146	0.999661
109	155	1.10606
109	161	1.14226
109	166	1.06858
109	167	1.01909
109	169	0.959993
109	173	1.06375
109	174	0.999724
109	175	1.12521
109	177	0.917769
110	17	0.998188
110	38	0.984014
110	69	0.969579
110	70	1.05866
110	74	0.962193
110	77	1.03331
110	82	0.994076
110	84	0.99255
110	88	0.960014
110	105	1.00916
110	106	0.959158
110	108	0.999287
110	113	1.05158
110	121	0.99482
110	131	1.01878
110	139	1.18413
110	154	0.972629
110	155	1.06627
110	167	0.979308
110	169	0.957565
110	172	1.27162
110	174	0.997295
110	176	0.898731
110	180	1.16945
111	36	0.95294
111	39	0.847141
111	47	1.01231
111	60	1.0664
111	80	0.996588
111	83	0.990764
111	87	0.964678
111	90	0.939673
111	94	1.0043
111	99	0.995311
111	109	0.960424
111	114	1.01666
111	120	0.978803
111	125	0.932342
111	135	0.955838
111	145	0.945244
111	146	0.967825
111	149	0.978386
111	151	1.19915
111	168	1.18304
111	171	1.09264
111	174	0.967888
111	175	1.25976
111	177	0.885932
111	179	1.3035
112	6	1.09848
112	16	1.20967
112	24	1.06477
112	25	1.06201
112	34	1.02728
112	57	0.968812
112	63	1.0388
112	64	1.04035
112	66	1.03564
112	83	1.05842
112	95	1.0138
112	97	1.0638
112	149	1.04604
112	152	1.10516
112	154	1.01087
112	159	0.804866
112	161	0.95546
112	167	0.832288
112	171	1.06247
112	172	0.964297
112	175	1.00719
112	176	0.936975
112	177	1.14362
112	179	0.982152
112	180	1.02243
113	5	0.929993
113	68	1.06617
113	83	1.00647
113	89	0.987208
113	102	1.07495
113	110	1.05158
113	124	1.02991
113	129	1.0342
113	139	0.96602
113	142	0.901897
113	146	1.06844
113	150	0.986708
113	152	0.927489
113	153	0.946855
113	156	1.14226
113	158	0.997151
113	159	1.00294
113	160	0.940784
113	161	0.95075
113	162	0.905207
113	163	0.958149
113	166	0.982315
113	168	0.984494
113	177	0.901634
113	178	0.906568
113	179	0.948349
114	11	1.06897
114	20	1.06386
114	51	1.07914
114	75	1.07532
114	80	1.08467
114	87	1.05276
114	90	1.02775
114	94	1.09238
114	100	1.00057
114	106	0.993521
114	107	1.06366
114	109	1.0485
114	111	1.01666
114	125	1.02042
114	135	1.04392
114	145	1.03332
114	146	1.0559
114	152	1.06545
114	154	0.881632
114	167	0.792584
114	169	1.01623
114	172	1.0849
114	174	1.05597
114	175	0.898704
114	178	1.09847
114	179	0.942448
114	180	0.98273
115	55	0.95148
115	81	1.01005
115	88	0.975084
115	92	0.991147
115	101	1.09444
115	103	1.00286
115	106	0.973049
115	118	0.994862
115	122	1.01628
115	128	1.01426
115	137	1.03784
115	138	1.06438
115	143	1.00202
115	144	1.02528
115	155	1.08134
115	156	0.968806
115	157	1.00944
115	158	1.00393
115	163	1.14227
115	164	1.02452
115	165	1.01557
115	167	1.02317
115	172	0.939945
115	174	1.03741
115	175	1.1005
115	177	0.929232
115	180	0.969111
116	33	1.12492
116	35	0.979031
116	36	1.08838
116	47	1.04132
116	54	0.924313
116	66	0.981521
116	80	0.913723
116	82	1.00456
116	117	1.03813
116	124	0.992031
116	131	1.02927
116	132	0.979975
116	140	1.01681
116	144	0.993791
116	148	1.01117
116	149	0.837915
116	154	0.983114
116	161	0.974942
116	165	0.996777
116	166	1.00651
116	168	1.00869
116	171	1.03471
116	174	1.00778
116	175	0.979436
116	176	0.909217
116	178	0.93076
116	179	0.972541
117	4	1.07759
117	37	1.00638
117	41	0.822568
117	42	0.793714
117	47	0.830134
117	52	0.963009
117	58	1.02895
117	62	1.02545
117	71	0.785441
117	86	1.03054
117	102	1.03911
117	116	1.03813
117	126	1.05412
117	127	1.04493
117	129	1.04448
117	132	1.00973
117	136	1.03144
117	140	1.04657
117	142	1.31875
117	148	1.04093
117	152	1.24433
117	155	1.05843
117	159	0.944038
117	167	1.04952
117	168	1.00086
117	171	1.06447
117	175	1.00919
117	180	0.995461
118	19	0.907639
118	33	0.96489
118	56	1.58444
118	61	0.976951
118	67	1.04436
118	81	0.98973
118	91	1.04115
118	92	0.970823
118	98	0.955166
118	106	0.952726
118	115	0.994862
118	133	0.935533
118	134	0.994299
118	137	1.01752
118	141	0.949511
118	143	0.981699
118	144	1.00495
118	154	1.08259
118	156	0.948483
118	157	0.989112
118	158	0.983606
118	164	1.0042
118	165	0.995243
118	167	1.00285
118	169	1.15507
118	172	0.919622
118	177	0.908908
118	179	1.14341
119	4	1.06444
119	43	0.976556
119	44	0.957215
119	47	0.811568
119	49	1.04589
119	52	0.949858
119	76	1.04958
119	83	0.893757
119	86	1.01739
119	89	0.995096
119	93	0.994682
119	102	1.02595
119	124	1.00863
119	126	1.04097
119	127	1.03178
119	129	1.03132
119	132	0.996579
119	136	1.01829
119	140	1.03342
119	147	1.10066
119	148	1.02778
119	150	0.979035
119	153	1.14186
119	171	1.05132
119	173	0.997556
119	174	0.995929
119	175	0.99604
119	177	1.26423
119	180	0.982309
120	29	1.14725
120	46	0.846808
120	57	1.15056
120	84	1.05011
120	90	0.989889
120	109	1.01064
120	111	0.978803
120	121	0.834719
120	127	0.847923
120	129	0.908227
120	131	0.826542
120	132	0.985692
120	135	1.00605
120	143	1.00894
120	144	1.03219
120	145	0.99546
120	146	1.01804
120	155	1.00662
120	156	0.975723
120	157	1.01635
120	158	1.01085
120	161	0.985265
120	164	1.03144
120	165	1.02248
120	171	1.04504
120	173	1.01636
120	175	0.989759
120	177	0.936148
120	178	0.941083
120	179	0.982863
121	17	1.0056
121	29	0.984801
121	31	0.988659
121	32	1.33437
121	35	0.975963
121	38	0.991432
121	46	1.02763
121	65	0.885829
121	70	1.06608
121	74	0.96961
121	77	1.04073
121	79	1.03276
121	82	1.00149
121	84	0.999968
121	105	1.01658
121	108	1.0067
121	110	0.99482
121	120	0.834719
121	123	1.01508
121	131	1.0262
121	153	1.07739
121	154	0.980046
121	167	0.888422
121	169	0.964982
121	170	1.00634
121	172	1.18074
121	174	1.00471
121	176	0.906149
121	178	1.19431
121	180	1.07857
122	13	0.927103
122	18	0.924379
122	26	1.02654
122	28	0.990004
122	55	0.952577
122	67	1.06578
122	72	0.861241
122	81	1.01115
122	92	0.992244
122	98	0.976587
122	115	1.01628
122	128	1.01536
122	134	1.01572
122	137	1.03894
122	143	1.00312
122	144	1.02637
122	150	1.0956
122	155	1.15643
122	156	0.969903
122	157	1.01053
122	158	1.00503
122	163	1.21735
122	164	1.02562
122	165	1.01666
122	171	1.00847
122	172	0.941042
122	174	1.11249
122	175	1.17558
122	177	0.930328
122	180	0.970208
123	6	0.854217
123	25	1.09964
123	31	1.0015
123	36	1.00261
123	45	0.97348
123	50	1.0379
123	54	0.918992
123	79	1.0456
123	93	0.990139
123	121	1.01508
123	125	0.982012
123	129	0.979086
123	131	1.03904
123	135	1.00551
123	137	0.895701
123	145	0.994914
123	146	1.01749
123	149	1.02806
123	153	0.980823
123	160	0.974752
123	163	0.992117
123	164	0.977856
123	165	0.991456
123	167	1.02954
123	169	0.977826
123	173	1.01581
123	174	1.01756
123	176	0.918993
123	178	0.940536
123	179	0.982317
124	2	0.92798
124	3	1.04505
124	37	0.960284
124	43	0.943608
124	47	0.816315
124	58	0.982852
124	76	1.01663
124	86	0.984441
124	93	0.961734
124	102	0.993006
124	113	1.02991
124	116	0.992031
124	119	1.00863
124	126	1.00802
124	127	0.998834
124	129	0.998377
124	132	0.963631
124	133	0.899631
124	136	0.98534
124	140	1.00047
124	148	0.994831
124	160	1.16134
124	167	1.00342
124	168	0.987042
124	170	1.07556
124	171	1.01837
124	175	0.963092
124	176	1.35662
124	177	1.26898
124	178	1.26353
124	180	0.949361
125	11	0.984646
125	20	0.979539
125	36	0.956695
125	50	0.991983
125	60	1.07015
125	72	0.771927
125	75	0.991001
125	80	1.00034
125	87	0.968433
125	91	1.02775
125	94	1.00805
125	99	0.999066
125	100	0.916242
125	106	1.18108
125	107	0.979339
125	109	0.964179
125	111	0.932342
125	114	1.02042
125	123	0.982012
125	135	0.959592
125	145	0.948999
125	146	0.971579
125	149	0.982141
125	153	1.16911
125	161	1.10332
125	169	0.931912
125	170	1.09806
125	172	1.27246
125	174	0.971643
125	177	0.889687
125	178	1.28603
125	180	1.17029
126	12	1.03659
126	37	0.99262
126	43	0.975945
126	49	1.04528
126	52	0.949247
126	59	1.01211
126	62	1.01168
126	76	1.04897
126	102	1.02534
126	117	1.05412
126	119	1.04097
126	124	1.00802
126	127	1.03117
126	129	1.03071
126	132	0.995968
126	136	1.01768
126	139	1.06698
126	140	1.03281
126	147	1.00992
126	148	1.02717
126	152	1.13503
126	153	1.05112
126	163	1.01005
126	166	0.91165
126	167	1.03576
126	170	0.980072
126	171	1.05071
126	172	1.15447
126	174	0.905188
126	175	0.995429
126	177	1.17349
126	180	0.981698
127	2	0.951127
127	3	1.06819
127	30	1.00291
127	37	0.983431
127	43	0.966756
127	52	0.940057
127	58	1.006
127	62	1.00249
127	86	1.00759
127	93	0.984881
127	102	1.01615
127	106	1.10256
127	117	1.04493
127	119	1.03178
127	120	0.847923
127	124	0.998834
127	126	1.03117
127	130	0.951205
127	132	0.986778
127	136	1.00849
127	140	1.02362
127	148	1.01798
127	150	0.927766
127	151	0.947137
127	152	1.1745
127	163	1.04952
127	167	1.02657
127	170	1.01954
127	171	1.04152
127	175	0.98624
127	176	1.3006
127	177	1.21296
127	180	0.972509
128	8	1.05471
128	15	1.01666
128	28	0.987984
128	33	0.98429
128	45	1.03613
128	54	1.03154
128	55	0.950557
128	67	1.06376
128	81	1.00913
128	83	0.895406
128	91	1.00215
128	98	0.974567
128	104	1.30679
128	115	1.01426
128	122	1.01536
128	134	1.0137
128	137	1.03692
128	143	1.0011
128	144	1.02435
128	155	1.04151
128	156	0.967883
128	157	1.00851
128	158	1.00301
128	160	1.15825
128	164	1.0236
128	165	1.01464
128	171	0.893552
128	172	0.939022
128	173	0.999205
128	174	0.997578
128	175	1.06066
128	177	0.928308
128	179	1.10441
129	2	0.95067
129	4	1.05418
129	12	1.02694
129	30	1.00245
129	37	0.982974
129	43	0.966299
129	44	0.946958
129	49	1.03563
129	52	0.9396
129	58	1.00554
129	59	1.00247
129	86	1.00713
129	88	0.942637
129	113	1.0342
129	117	1.04448
129	119	1.03132
129	120	0.908227
129	123	0.979086
129	124	0.998377
129	126	1.03071
129	130	1.01151
129	132	0.986321
129	136	1.00803
129	138	1.03193
129	140	1.02316
129	148	1.01752
129	150	0.98807
129	161	1.0851
129	167	1.02611
129	169	1.12345
129	171	1.04106
129	177	1.27326
129	180	0.972052
130	49	0.877587
130	65	1.01295
130	70	0.950317
130	71	1.05703
130	75	0.938467
130	81	1.02137
130	96	0.986238
130	101	0.978467
130	127	0.951205
130	129	1.01151
130	131	0.929824
130	133	1.05175
130	138	1.01848
130	139	0.990841
130	143	1.02559
130	144	1.02089
130	145	1.1607
130	147	0.971334
130	150	1.01153
130	151	1.00191
130	152	0.952311
130	153	0.971676
130	155	0.996931
130	159	1.02776
130	160	0.965605
130	161	0.975572
130	162	0.930028
130	163	0.982971
130	166	1.00714
130	168	1.00931
130	170	0.988952
130	173	1.00666
130	178	0.931389
130	179	0.97317
131	17	1.02957
131	23	1.24339
131	29	1.00876
131	31	1.01262
131	35	0.999925
131	38	1.01539
131	46	1.0516
131	69	1.00096
131	70	1.09004
131	74	0.993572
131	77	1.06469
131	79	1.05672
131	82	1.02546
131	84	1.02393
131	105	1.04054
131	106	0.990537
131	108	1.03067
131	110	1.01878
131	116	1.02927
131	120	0.826542
131	121	1.0262
131	123	1.03904
131	130	0.929824
131	141	0.836212
131	150	0.906385
131	153	1.06921
131	154	1.00401
131	155	0.967211
131	169	0.988944
131	172	1.17256
131	173	0.924906
131	174	1.02867
131	176	0.930111
131	177	1.19158
131	180	1.07039
132	3	1.03299
132	12	0.992197
132	27	0.839096
132	30	0.967703
132	39	1.04396
132	40	1.18006
132	52	0.904854
132	58	0.970797
132	59	0.967722
132	62	0.96729
132	85	1.18152
132	86	0.972385
132	93	0.949678
132	102	0.98095
132	116	0.979975
132	117	1.00973
132	119	0.996579
132	120	0.985692
132	124	0.963631
132	126	0.995968
132	127	0.986778
132	129	0.986321
132	136	0.973284
132	140	0.988414
132	147	1.18716
132	148	0.982775
132	159	1.01197
132	161	1.16257
132	167	0.991367
132	170	1.15731
132	171	1.00631
132	174	1.08243
132	175	0.951037
132	179	1.18926
132	180	0.937306
133	28	1.12005
133	64	0.981288
133	70	0.842727
133	84	1.0458
133	97	0.900548
133	102	0.944663
133	118	0.935533
133	124	0.899631
133	130	1.05175
133	138	1.0606
133	142	0.968834
133	143	0.918002
133	144	0.913303
133	147	1.01345
133	149	0.757426
133	150	1.05365
133	151	1.04402
133	152	0.994426
133	155	1.03905
133	159	1.06987
133	160	1.00772
133	161	1.01769
133	162	0.972144
133	163	1.02509
133	166	1.04925
133	168	1.05143
133	170	1.03107
133	172	0.979284
133	173	1.04878
133	174	1.05053
133	175	1.02218
133	176	0.951962
133	178	0.973505
133	179	1.01529
133	180	1.00845
134	8	1.05507
134	15	1.01702
134	21	1.02643
134	22	1.0144
134	26	1.02488
134	33	0.98465
134	48	1.02787
134	67	1.06412
134	71	0.798249
134	81	1.00949
134	92	0.990583
134	118	0.994299
134	122	1.01572
134	128	1.0137
134	137	1.03728
134	141	0.940236
134	142	1.33156
134	144	1.02471
134	149	1.02112
134	150	1.01041
134	152	1.25714
134	154	1.07332
134	156	0.968243
134	157	1.00887
134	158	1.00337
134	163	1.13216
134	164	1.02396
134	165	1.015
134	167	1.02261
134	168	1.01367
134	171	0.923277
134	172	0.939382
134	174	1.0273
134	175	1.09039
134	177	0.928668
134	180	0.968548
