1	92	1.08488
1	101	1.1167
1	131	1.06436
1	135	0.839328
1	145	0.782969
1	148	0.779921
1	158	1.04349
1	161	1.05122
1	163	1.05062
1	164	1.06728
1	166	1.05059
1	167	1.07087
2	89	0.578899
2	97	0.678785
2	138	1.17545
2	143	1.21581
2	146	1.20001
2	148	0.519699
2	153	1.17204
2	162	1.20641
2	164	1.19914
2	165	1.18877
2	178	0.631744
2	179	1.24237
3	109	1.21055
3	131	0.657506
3	132	0.570319
3	151	1.19785
3	155	1.19322
3	156	0.578732
3	168	0.587276
3	173	1.19389
3	176	1.1985
3	177	1.19927
3	178	1.19906
3	180	1.20766
4	96	1.05568
4	100	0.789594
4	124	1.06917
4	135	0.78718
4	150	1.08052
4	152	1.04915
4	168	0.817563
4	171	1.06167
4	172	1.07771
4	173	1.05778
4	174	1.07678
4	180	1.07155
5	48	1.02361
5	83	1.08404
5	99	0.83292
5	105	1.05887
5	113	1.06759
5	119	1.00541
5	123	1.10984
5	129	1.06816
5	156	1.10621
5	168	1.07627
5	172	0.790145
5	175	0.782616
6	14	1.09649
6	23	1.09491
6	33	1.06007
6	43	1.03263
6	63	1.04841
6	66	1.04862
6	82	1.08317
6	126	0.781979
6	144	1.06262
6	157	1.07308
6	173	0.81252
6	174	0.811376
7	85	0.727359
7	88	1.18957
7	105	1.19002
7	113	1.19874
7	119	1.13656
7	123	1.241
7	128	0.555383
7	129	1.19932
7	152	0.569895
7	156	1.23737
7	168	1.20743
7	178	0.555706
8	54	0.629847
8	97	0.640712
8	131	1.20343
8	132	1.22816
8	149	1.18708
8	153	1.17925
8	158	1.18255
8	162	1.21361
8	165	1.19598
8	167	1.20994
8	169	0.54429
8	178	0.59367
9	50	1.15555
9	95	1.28951
9	108	1.14677
9	111	1.12789
9	141	0.666738
9	151	1.12434
9	152	1.11175
9	161	0.656934
9	162	0.617766
9	167	0.650757
9	175	1.13906
9	179	1.17098
9	180	1.13415
10	96	0.653681
10	119	1.08577
10	123	1.1902
10	127	1.14574
10	129	1.14852
10	135	1.16518
10	138	1.13882
10	146	1.16338
10	168	1.15664
10	170	0.623109
10	177	0.662776
10	178	0.668492
10	179	1.20574
11	61	0.924317
11	81	0.824547
11	110	1.02391
11	115	1.09127
11	116	1.02391
11	127	1.01806
11	135	1.0375
11	138	1.01114
11	143	1.0515
11	146	1.0357
11	168	1.02895
11	172	0.858052
11	179	1.07806
12	28	0.685562
12	47	0.594486
12	58	0.690522
12	99	0.633652
12	110	1.14516
12	116	1.14516
12	127	1.13931
12	135	1.15875
12	138	1.13239
12	143	1.17275
12	146	1.15695
12	168	1.15021
12	179	1.19931
13	41	0.867984
13	71	1.01875
13	79	1.0354
13	80	1.04202
13	145	1.07318
13	148	1.06905
13	149	0.846489
13	152	1.01782
13	153	0.87914
13	173	1.02646
13	174	1.04546
13	178	1.03163
13	180	1.04022
14	6	1.09649
14	59	0.690728
14	63	1.13827
14	65	1.13108
14	66	1.13848
14	73	1.19779
14	77	1.19775
14	82	1.17303
14	128	1.16418
14	157	1.16294
14	170	0.633907
14	171	0.680197
14	175	0.603495
15	62	1.2433
15	69	1.14537
15	70	1.15171
15	83	1.16725
15	105	1.14208
15	113	1.1508
15	119	1.08862
15	129	1.15138
15	137	0.669714
15	168	1.15949
15	174	0.651021
15	176	0.654101
15	180	0.632932
16	28	1.02166
16	40	0.774037
16	67	0.928275
16	68	1.09199
16	74	1.07105
16	76	0.9782
16	84	1.03003
16	93	0.97031
16	94	0.969855
16	95	1.19042
16	108	1.04768
16	111	1.0288
16	136	0.899962
17	42	0.705456
17	87	0.652974
17	110	0.627382
17	133	1.18636
17	139	1.15418
17	141	1.13799
17	158	1.13913
17	161	1.14686
17	162	1.17019
17	165	1.15255
17	166	1.14623
17	167	1.16652
17	174	0.617878
18	57	0.698119
18	60	0.53823
18	94	0.737167
18	103	1.17956
18	147	0.619437
18	148	1.17696
18	150	1.1571
18	159	1.16942
18	160	1.13527
18	172	1.15429
18	177	1.13974
18	178	1.13953
18	180	1.14813
19	70	1.15245
19	83	1.16799
19	88	1.14237
19	109	0.670887
19	113	1.15154
19	119	1.08936
19	123	1.19379
19	129	1.15212
19	133	0.621829
19	138	0.662815
19	156	1.19016
19	160	0.644369
19	168	1.16023
20	114	1.08738
20	127	1.01737
20	135	1.03681
20	139	1.0254
20	143	1.05081
20	146	1.03501
20	148	0.825607
20	158	1.01035
20	161	1.01808
20	162	1.04141
20	169	0.888271
20	170	0.892268
20	179	1.07737
21	100	1.15702
21	121	1.18414
21	140	1.18407
21	141	1.1311
21	162	1.16329
21	163	1.13936
21	164	1.15603
21	165	1.14566
21	166	1.13933
21	171	0.689621
21	172	0.620448
21	178	0.688715
21	179	0.608942
22	87	0.686571
22	112	1.13989
22	114	1.19929
22	120	1.17035
22	121	1.17417
22	139	1.1373
22	161	1.12999
22	162	1.15332
22	164	1.14605
22	167	1.14964
22	171	0.673585
22	176	0.654555
22	179	0.592906
23	6	1.09491
23	65	1.12951
23	66	1.1369
23	73	1.19621
23	77	1.19617
23	82	1.17145
23	128	1.1626
23	144	1.1509
23	157	1.16136
23	170	0.632776
23	171	0.679065
23	174	0.656955
23	180	0.638866
24	76	0.661695
24	83	1.25636
24	88	1.23074
24	106	0.58718
24	119	1.17774
24	121	0.481329
24	129	1.24049
24	150	1.26985
24	155	1.24643
24	163	0.543849
24	164	0.51594
24	175	1.26579
24	176	1.25172
24	180	1.26088
25	26	0.715732
25	51	0.701213
25	67	1.09552
25	68	0.612865
25	85	1.06003
25	99	1.12419
25	126	1.11544
25	159	1.15603
25	160	1.12188
25	163	0.761927
25	175	1.13965
25	177	1.12636
25	178	1.12615
25	180	1.13474
26	25	0.715732
26	63	1.10392
26	66	1.10413
26	67	0.691812
26	73	1.16345
26	82	1.13868
26	149	1.10695
26	152	0.706306
26	153	1.09911
26	157	1.12859
26	165	1.11584
26	166	1.10952
26	167	1.1298
26	178	0.692117
27	38	1.07176
27	57	1.06963
27	68	1.18416
27	74	1.16323
27	76	1.07037
27	93	1.06248
27	94	1.06203
27	95	1.2826
27	111	1.12097
27	136	0.701325
27	144	1.11276
27	155	0.698283
27	159	0.684314
27	177	0.724226
28	12	0.685562
28	16	1.02166
28	30	0.71472
28	38	1.07869
28	47	0.670653
28	50	1.15556
28	93	1.06941
28	94	1.06895
28	95	1.28952
28	108	1.14678
28	111	1.1279
28	128	0.734988
28	130	1.12185
28	144	1.11968
29	94	0.78759
29	134	1.12892
29	138	0.668559
29	140	0.622766
29	148	1.14879
29	155	1.10552
29	158	0.714189
29	170	1.11758
29	173	1.1062
29	174	1.1252
29	175	1.12487
29	177	1.11158
29	178	1.11137
29	180	1.11996
30	28	0.71472
30	65	0.740759
30	78	0.616564
30	122	1.13499
30	129	0.722086
30	134	1.13244
30	137	1.1098
30	160	1.11063
30	170	1.12111
30	173	1.10972
30	175	1.1284
30	176	1.11433
30	177	1.1151
30	180	1.12349
31	67	1.08799
31	95	0.586434
31	98	0.664098
31	100	0.729462
31	151	1.11741
31	155	1.11277
31	158	0.81296
31	159	1.1485
31	169	1.11851
31	171	1.11734
31	172	1.13338
31	176	1.11805
31	177	1.11883
31	180	1.12721
32	71	1.10399
32	78	1.15973
32	100	1.12006
32	120	1.14337
32	139	1.11032
32	140	1.14712
32	146	0.716848
32	147	1.11472
32	148	0.657101
32	158	1.09528
32	161	1.10301
32	163	1.10241
32	172	0.700878
32	180	0.729852
33	6	1.06007
33	36	1.11351
33	49	0.651619
33	61	0.75692
33	65	1.09467
33	66	1.10207
33	73	1.16138
33	77	1.16134
33	82	1.13661
33	128	1.12776
33	144	1.11606
33	157	1.12652
33	169	0.709541
33	172	0.690655
34	53	0.55507
34	66	0.594685
34	79	1.24024
34	83	0.543672
34	138	1.21498
34	143	1.25535
34	146	1.23955
34	166	0.559569
34	167	0.537049
34	174	1.25031
34	176	1.23591
34	177	1.23669
34	179	1.2819
34	180	1.24507
35	39	0.684831
35	60	0.676481
35	99	1.11394
35	109	1.12738
35	133	0.7154
35	146	0.716443
35	169	1.11578
35	172	1.13065
35	173	1.11072
35	174	1.12972
35	176	1.11533
35	177	1.1161
35	178	1.11589
35	180	1.12449
36	33	1.11351
36	43	1.08607
36	63	1.10185
36	65	1.09466
36	66	1.10205
36	73	1.16137
36	77	1.16133
36	82	1.1366
36	84	0.68598
36	96	0.697943
36	142	0.713882
36	144	1.11605
36	157	1.12651
36	177	0.707038
37	61	0.614072
37	92	1.20672
37	97	0.663115
37	121	1.21724
37	135	1.19179
37	138	1.16543
37	143	1.20579
37	145	0.507078
37	146	1.19
37	147	1.18477
37	151	0.616409
37	156	1.21318
37	167	1.19272
37	177	0.610358
37	179	1.23235
38	27	1.07176
38	28	1.07869
38	72	1.15528
38	76	1.03523
38	84	1.08706
38	92	0.76358
38	93	1.02734
38	94	1.02688
38	95	1.24745
38	102	0.709169
38	108	1.10471
38	111	1.08583
38	125	0.779953
38	126	0.751286
38	130	1.07978
39	35	0.684831
39	57	1.15109
39	68	1.26562
39	72	1.27189
39	74	1.24469
39	76	1.15184
39	84	1.20367
39	93	1.14395
39	94	1.14349
39	108	1.22132
39	111	1.20244
39	114	0.541002
39	142	0.626111
39	176	0.606859
39	179	0.545209
40	16	0.774037
40	124	0.582032
40	128	0.554027
40	141	1.18553
40	142	0.555478
40	147	1.2061
40	149	1.19119
40	150	0.541895
40	158	1.18666
40	161	1.19439
40	162	1.21772
40	163	1.1938
40	164	1.21046
40	165	1.20009
40	167	1.21405
41	13	0.867984
41	110	1.06566
41	115	1.13302
41	116	1.06566
41	118	1.18252
41	122	0.668509
41	125	0.723965
41	127	1.05981
41	135	1.07925
41	138	1.05289
41	143	1.09325
41	146	1.07745
41	168	1.0707
41	178	0.745899
41	179	1.11981
42	17	0.705456
42	134	1.0988
42	143	0.712289
42	145	1.12281
42	160	1.07699
42	163	0.804685
42	165	0.772623
42	170	1.08747
42	172	1.09601
42	173	1.07608
42	174	1.09508
42	175	1.09476
42	176	1.08069
42	177	1.08146
42	180	1.08985
43	6	1.03263
43	36	1.08607
43	63	1.07441
43	65	1.06723
43	66	1.07462
43	73	1.13394
43	75	0.711994
43	77	1.1339
43	82	1.10917
43	128	1.10032
43	144	1.08862
43	157	1.09908
43	159	0.751859
43	160	0.766688
43	173	0.777426
44	48	0.747799
44	110	1.18391
44	115	1.25127
44	116	1.18391
44	127	1.17806
44	134	0.519698
44	135	1.1975
44	138	1.17114
44	140	0.522048
44	143	1.2115
44	146	1.1957
44	153	0.628357
44	165	0.577552
44	168	1.18895
44	179	1.23806
45	96	0.650833
45	120	1.18443
45	121	1.18824
45	131	1.1572
45	132	1.18194
45	134	0.605148
45	140	1.18817
45	141	1.1352
45	146	0.613346
45	153	1.13303
45	154	0.671393
45	156	1.18418
45	161	1.14406
45	164	1.16012
45	166	1.14343
45	178	0.665644
46	80	0.636053
46	117	0.696447
46	133	1.19587
46	139	1.16369
46	147	1.16808
46	153	1.14533
46	155	0.633
46	158	1.14864
46	159	0.619031
46	161	1.15637
46	163	1.15577
46	164	1.17243
46	165	1.16206
46	166	1.15574
46	167	1.17603
46	180	0.625366
47	12	0.594486
47	28	0.670653
47	75	1.18244
47	109	1.16763
47	120	0.619138
47	134	1.17369
47	147	0.633182
47	150	1.17371
47	152	1.14233
47	158	0.677511
47	170	1.16236
47	173	1.15097
47	175	1.16965
47	177	1.15635
47	178	1.15614
47	180	1.16473
48	5	1.02361
48	44	0.747799
48	62	1.15417
48	69	1.05624
48	70	1.06258
48	88	1.05249
48	105	1.05295
48	113	1.06167
48	114	0.792516
48	119	0.999486
48	123	1.10392
48	129	1.06224
48	134	0.816001
48	156	1.10029
48	160	0.845697
48	168	1.07035
49	33	0.651619
49	107	1.18285
49	112	0.599972
49	113	0.640234
49	131	0.649566
49	150	1.17821
49	154	1.14295
49	155	1.1548
49	160	1.15638
49	166	0.651003
49	169	1.16054
49	171	1.15937
49	175	1.17415
49	177	1.16086
49	178	1.16065
49	180	1.16924
50	9	1.15555
50	28	1.15556
50	57	1.11136
50	72	1.23216
50	76	1.11211
50	89	0.60946
50	93	1.10422
50	94	1.10376
50	95	1.32433
50	108	1.18159
50	111	1.16271
50	130	1.15666
50	154	0.668054
50	155	0.630645
50	157	0.645423
50	177	0.656589
51	25	0.701213
51	63	0.751289
51	92	1.14859
51	112	1.12482
51	121	1.15911
51	128	0.677276
51	132	1.1528
51	139	1.12224
51	140	1.15903
51	161	1.11492
51	162	1.13826
51	163	1.11433
51	164	1.13099
51	165	1.12062
51	166	1.11429
51	178	0.677598
51	179	0.597825
52	79	0.641176
52	105	1.12441
52	113	1.13313
52	119	1.07095
52	123	1.17538
52	129	1.13371
52	142	0.713036
52	149	1.12843
52	157	0.695027
52	158	1.1239
52	159	0.66628
52	162	1.15496
52	163	1.13103
52	166	1.131
52	167	1.15129
52	168	1.14182
52	176	0.693784
53	34	0.55507
53	81	0.652035
53	117	0.785594
53	120	1.16447
53	132	1.16199
53	134	0.69331
53	141	1.11524
53	147	1.13582
53	149	1.12091
53	153	1.11307
53	155	0.722147
53	161	1.12411
53	162	1.14744
53	163	1.12351
53	164	1.14017
53	165	1.1298
53	166	1.12348
54	8	0.629847
54	55	1.12989
54	73	0.683832
54	86	0.626117
54	117	1.10921
54	122	1.14877
54	143	0.682093
54	150	1.14624
54	167	0.771963
54	169	1.12856
54	170	1.13489
54	171	1.12739
54	172	1.14343
54	173	1.1235
54	175	1.14218
54	178	1.12867
54	180	1.13727
55	54	1.12989
55	69	0.739709
55	101	0.651907
55	139	0.695967
55	143	0.623494
55	151	1.13038
55	152	1.11778
55	154	1.11389
55	155	1.12574
55	159	1.16147
55	162	0.680373
55	172	1.14635
55	173	1.12642
55	175	1.14509
55	176	1.13102
55	177	1.1318
55	180	1.14018
56	76	0.663715
56	93	0.633387
56	109	1.20961
56	119	0.672195
56	124	1.20434
56	152	1.18432
56	153	0.564612
56	154	1.18043
56	162	0.510351
56	167	0.543343
56	169	1.19801
56	170	1.20434
56	173	1.19296
56	174	1.21195
56	175	1.21163
56	176	1.19756
56	178	1.19812
56	180	1.20672
57	18	0.698119
57	27	1.06963
57	39	1.15109
57	50	1.11136
57	68	1.14688
57	72	1.15315
57	74	1.12595
57	79	0.70579
57	84	1.08493
57	93	1.0252
57	94	1.02475
57	95	1.24532
57	108	1.10258
57	111	1.08369
57	140	0.718375
57	144	1.07548
57	155	0.744862
57	180	0.737228
58	12	0.690522
58	93	0.857208
58	99	1.09943
58	111	0.710333
58	118	0.59291
58	125	1.10853
58	145	1.14294
58	151	1.10017
58	164	0.741781
58	169	1.10127
58	170	1.1076
58	171	1.1001
58	172	1.11614
58	173	1.09621
58	174	1.11521
58	176	1.10082
58	177	1.10159
58	180	1.10998
59	14	0.690728
59	81	1.11159
59	91	1.07939
59	113	0.758974
59	116	0.702641
59	124	1.11265
59	137	1.10134
59	155	1.10059
59	164	0.72184
59	165	0.717687
59	169	1.10633
59	170	1.11265
59	172	1.1212
59	174	1.12027
59	176	1.10587
59	177	1.10665
59	178	1.10644
59	180	1.11503
60	18	0.53823
60	35	0.676481
60	104	1.20426
60	110	1.17436
60	115	1.24172
60	116	1.17436
60	118	1.29122
60	125	0.594699
60	127	1.16851
60	135	1.18795
60	137	0.614122
60	138	1.16159
60	143	1.20195
60	146	1.18615
60	160	0.585833
60	168	1.1794
60	176	0.598509
60	179	1.22851
61	11	0.924317
61	33	0.75692
61	37	0.614072
61	69	1.09876
61	73	0.645654
61	74	0.65495
61	105	1.09547
61	113	1.10419
61	119	1.04201
61	123	1.14645
61	129	1.10477
61	154	1.09887
61	155	1.11071
61	171	1.11528
61	173	1.11139
61	174	1.13039
61	178	1.11656
61	180	1.12515
62	15	1.2433
62	48	1.15417
62	69	1.19271
62	83	1.21459
62	88	1.18897
62	97	0.663276
62	105	1.18942
62	113	1.19814
62	119	1.13596
62	123	1.2404
62	124	0.643918
62	129	1.19872
62	136	0.587617
62	155	0.584575
62	156	1.23677
62	168	1.20683
62	173	0.596174
62	179	0.536462
63	6	1.04841
63	14	1.13827
63	26	1.10392
63	36	1.10185
63	43	1.07441
63	51	0.751289
63	65	1.08301
63	66	1.0904
63	73	1.14972
63	77	1.14968
63	79	0.711852
63	82	1.12495
63	103	0.704355
63	128	1.1161
63	144	1.1044
63	146	0.730286
63	157	1.11486
63	175	0.706788
64	92	0.675248
64	151	1.09686
64	159	1.12795
64	160	1.0938
64	161	0.746626
64	164	0.715066
64	166	0.762969
64	168	0.691301
64	170	1.10428
64	171	1.09679
64	172	1.11283
64	174	1.1119
64	175	1.11158
64	176	1.0975
64	177	1.09828
64	178	1.09807
64	179	1.1435
64	180	1.10666
65	14	1.13108
65	23	1.12951
65	30	0.740759
65	33	1.09467
65	36	1.09466
65	43	1.06723
65	63	1.08301
65	66	1.08322
65	73	1.14253
65	77	1.14249
65	82	1.11777
65	101	0.726785
65	125	0.739415
65	128	1.10892
65	144	1.09722
65	157	1.10768
65	170	0.715966
65	179	0.681576
66	6	1.04862
66	14	1.13848
66	23	1.1369
66	26	1.10413
66	33	1.10207
66	34	0.594685
66	36	1.10205
66	43	1.07462
66	63	1.0904
66	65	1.08322
66	73	1.14993
66	77	1.14989
66	102	0.700703
66	144	1.10461
66	147	0.782369
66	157	1.11507
66	174	0.772217
66	180	0.754128
67	16	0.928275
67	25	1.09552
67	26	0.691812
67	31	1.08799
67	95	0.515338
67	139	0.718083
67	145	1.1413
67	150	1.11731
67	159	1.12963
67	161	0.741658
67	169	1.09963
67	173	1.09458
67	174	1.11357
67	175	1.11325
67	176	1.09918
67	177	1.09996
67	178	1.09974
67	180	1.10834
68	16	1.09199
68	25	0.612865
68	27	1.18416
68	39	1.26562
68	57	1.14688
68	72	1.26768
68	75	0.503757
68	84	1.19946
68	85	0.760903
68	93	1.13974
68	94	1.13928
68	95	1.35985
68	108	1.21711
68	111	1.19823
68	144	1.19001
68	150	0.576795
68	157	0.572368
68	177	0.583534
69	15	1.14537
69	48	1.05624
69	55	0.739709
69	61	1.09876
69	62	1.19271
69	70	1.10112
69	88	1.09104
69	91	1.08553
69	107	0.673554
69	113	1.10021
69	119	1.03803
69	123	1.14247
69	129	1.10079
69	132	0.72292
69	156	1.13884
69	157	0.745249
69	168	1.1089
69	180	0.722837
70	15	1.15171
70	19	1.15245
70	48	1.06258
70	69	1.10112
70	83	1.123
70	88	1.09738
70	91	1.09187
70	105	1.09783
70	107	0.690772
70	113	1.10655
70	119	1.04437
70	123	1.1488
70	129	1.10713
70	159	0.73372
70	168	1.11524
70	170	0.733965
70	172	0.711081
70	180	0.740055
71	13	1.01875
71	32	1.10399
71	104	0.702269
71	108	0.686872
71	110	0.743893
71	111	0.725656
71	139	1.11094
71	160	1.11322
71	162	1.12696
71	163	1.10303
71	165	1.10932
71	167	1.12328
71	168	0.733339
71	173	1.11232
71	176	1.11692
71	177	1.1177
71	178	1.11749
71	180	1.12608
72	38	1.15528
72	39	1.27189
72	50	1.23216
72	57	1.15315
72	68	1.26768
72	84	1.20572
72	89	0.581254
72	93	1.146
72	94	1.14555
72	108	1.22337
72	111	1.20449
72	130	1.19844
72	142	0.635227
72	144	1.19628
72	157	0.617218
72	159	0.588471
72	165	0.631457
72	179	0.554326
73	14	1.19779
73	23	1.19621
73	26	1.16345
73	33	1.16138
73	36	1.16137
73	43	1.13394
73	54	0.683832
73	61	0.645654
73	63	1.14972
73	65	1.14253
73	66	1.14993
73	77	1.2092
73	82	1.18448
73	128	1.17562
73	149	0.663166
73	157	1.17439
73	170	0.602272
73	172	0.579388
73	176	0.629531
74	16	1.07105
74	27	1.16323
74	39	1.24469
74	57	1.12595
74	61	0.65495
74	76	1.12669
74	84	1.17853
74	89	0.604107
74	93	1.1188
74	94	1.11835
74	95	1.33892
74	108	1.19617
74	111	1.17729
74	125	0.635018
74	130	1.17124
74	137	0.654441
74	144	1.16908
74	155	0.625292
74	173	0.636891
75	43	0.711994
75	47	1.18244
75	68	0.503757
75	101	0.588835
75	127	1.14211
75	135	1.16154
75	138	1.13518
75	141	0.666273
75	143	1.17555
75	145	1.19823
75	146	1.15975
75	148	1.1941
75	153	0.671561
75	167	0.650293
75	175	1.17018
75	177	1.15688
75	178	1.15667
75	179	1.2021
75	180	1.16527
76	16	0.9782
76	24	0.661695
76	27	1.07037
76	38	1.03523
76	39	1.15184
76	50	1.11211
76	56	0.663715
76	74	1.12669
76	84	1.08567
76	93	1.02595
76	94	1.0255
76	95	1.24607
76	108	1.10332
76	111	1.08444
76	130	1.07839
76	134	0.795662
76	136	0.82754
76	144	1.07622
76	171	0.857064
77	14	1.19775
77	23	1.19617
77	33	1.16134
77	36	1.16133
77	43	1.1339
77	63	1.14968
77	65	1.14249
77	66	1.14989
77	73	1.2092
77	82	1.18444
77	97	0.678405
77	109	0.627081
77	124	0.659047
77	128	1.17558
77	144	1.16388
77	147	0.620311
77	157	1.17435
77	178	0.631364
77	180	0.592071
78	30	0.616564
78	32	1.15973
78	91	0.694972
78	106	1.15111
78	112	1.16927
78	120	1.19974
78	133	1.19887
78	141	1.15051
78	147	1.17108
78	150	0.624699
78	151	0.637488
78	153	1.14834
78	156	1.19949
78	158	1.15164
78	162	1.1827
78	163	1.15877
78	166	1.15874
78	173	0.617093
78	176	0.61903
79	13	1.0354
79	34	1.24024
79	52	0.641176
79	57	0.70579
79	63	0.711852
79	80	1.14453
79	128	1.13996
79	129	0.671944
79	137	1.12904
79	139	0.647656
79	148	1.17156
79	154	1.11644
79	168	0.615907
79	170	1.14035
79	172	1.1489
79	173	1.12897
79	174	1.14797
79	177	1.13435
79	179	1.17956
79	180	1.14273
80	13	1.04202
80	46	0.636053
80	79	1.14453
80	82	0.662535
80	102	1.18277
80	115	0.611282
80	117	1.1213
80	129	0.714069
80	150	1.15833
80	151	1.13955
80	154	1.12307
80	159	1.17065
80	163	0.709706
80	168	0.658032
80	170	1.14698
80	175	1.15427
80	176	1.1402
80	178	1.14076
80	179	1.18619
80	180	1.14936
81	11	0.824547
81	53	0.652035
81	59	1.11159
81	96	1.12825
81	141	0.649995
81	148	1.17294
81	149	0.622632
81	151	1.13431
81	160	1.13125
81	164	0.608631
81	167	0.634014
81	170	1.14174
81	172	1.15028
81	174	1.14935
81	175	1.14903
81	176	1.13495
81	177	1.13573
81	178	1.13552
81	179	1.18095
81	180	1.14411
82	6	1.08317
82	14	1.17303
82	23	1.17145
82	26	1.13868
82	33	1.13661
82	36	1.1366
82	43	1.10917
82	63	1.12495
82	65	1.11777
82	73	1.18448
82	77	1.18444
82	80	0.662535
82	102	0.598423
82	124	0.718824
82	128	1.15086
82	138	0.678787
82	144	1.13916
82	157	1.14962
82	163	0.720561
82	172	0.622874
83	5	1.08404
83	15	1.16725
83	19	1.16799
83	24	1.25636
83	34	0.543672
83	62	1.21459
83	70	1.123
83	88	1.11292
83	105	1.11337
83	107	0.653832
83	113	1.12209
83	119	1.05991
83	122	0.665019
83	123	1.16434
83	124	0.770092
83	129	1.12267
83	142	0.743537
83	145	0.633413
83	156	1.16071
83	168	1.13078
84	16	1.03003
84	36	0.68598
84	38	1.08706
84	39	1.20367
84	57	1.08493
84	68	1.19946
84	72	1.20572
84	74	1.17853
84	76	1.08567
84	94	1.07733
84	95	1.2979
84	106	0.754869
84	108	1.15515
84	111	1.13627
84	130	1.13022
84	144	1.12806
84	159	0.63649
84	173	0.662057
84	176	0.663994
84	179	0.602345
85	7	0.727359
85	25	1.06003
85	68	0.760903
85	86	0.761593
85	92	1.08406
85	105	0.882505
85	107	1.08646
85	116	0.862857
85	121	1.09457
85	153	1.03936
85	161	1.05039
85	163	1.04979
85	165	1.05608
85	167	1.07005
85	170	1.07047
85	173	1.05909
85	174	1.07808
85	177	1.06447
85	178	1.06425
85	180	1.07285
86	54	0.626117
86	85	0.761593
86	98	1.23068
86	104	1.16837
86	110	1.13847
86	115	1.20583
86	116	1.13847
86	118	1.25533
86	124	0.617623
86	127	1.13262
86	135	1.15206
86	138	1.1257
86	143	1.16606
86	146	1.15026
86	158	0.623216
86	168	1.14351
86	171	0.590847
86	177	0.584224
86	179	1.19262
87	17	0.652974
87	22	0.686571
87	102	1.15458
87	108	0.654063
87	126	1.10188
87	127	0.73887
87	130	0.736487
87	134	1.13013
87	144	0.723956
87	151	1.11137
87	152	1.09877
87	155	1.10673
87	157	1.11716
87	159	1.14247
87	171	1.1113
87	172	1.12734
87	174	1.12641
87	175	1.12609
87	176	1.11201
87	178	1.11258
87	180	1.12117
88	7	1.18957
88	19	1.14237
88	24	1.23074
88	48	1.05249
88	62	1.18897
88	69	1.09104
88	70	1.09738
88	83	1.11292
88	105	1.08775
88	113	1.09647
88	117	0.78123
88	119	1.03429
88	123	1.13872
88	129	1.09705
88	143	0.686465
88	145	0.640445
88	156	1.13509
88	160	0.718642
88	168	1.10516
88	169	0.700061
88	172	0.681175
89	2	0.578899
89	50	0.60946
89	72	0.581254
89	74	0.604107
89	96	1.16995
89	105	1.15614
89	106	0.728798
89	113	1.16486
89	115	0.587044
89	119	1.10268
89	123	1.20712
89	129	1.16544
89	153	0.70421
89	156	1.20349
89	160	1.17296
89	168	1.17355
89	169	1.17711
89	171	1.17595
89	174	1.19105
89	176	1.17666
89	178	1.17722
89	180	1.18582
90	112	1.1679
90	114	1.2273
90	126	0.621866
90	132	1.19588
90	133	1.1975
90	137	0.669957
90	141	1.14914
90	145	0.563471
90	149	1.1548
90	153	1.14697
90	156	1.19813
90	158	1.15027
90	160	0.641668
90	161	1.158
90	162	1.18133
90	164	1.17406
90	165	1.16369
90	166	1.15737
90	167	1.17766
90	168	0.650213
90	175	0.596672
90	177	0.666752
91	59	1.07939
91	69	1.08553
91	70	1.09187
91	78	0.694972
91	92	0.728403
91	105	1.08224
91	113	1.09096
91	114	0.682729
91	119	1.02878
91	123	1.13321
91	129	1.09154
91	140	0.708564
91	141	0.809585
91	144	0.767882
91	154	1.08563
91	156	1.12958
91	171	1.10204
91	172	1.11809
91	174	1.11715
91	178	1.10332
91	179	1.14875
91	180	1.11192
92	1	1.08488
92	37	1.20672
92	38	0.76358
92	51	1.14859
92	64	0.675248
92	85	1.08406
92	91	0.728403
92	102	0.577866
92	114	1.20561
92	132	1.17418
92	133	1.17581
92	140	1.18042
92	149	1.13311
92	153	1.12527
92	154	0.676334
92	162	1.15964
92	163	1.13571
92	164	1.15237
92	165	1.142
92	166	1.13568
92	167	1.15596
92	175	0.59479
92	179	0.590811
93	16	0.97031
93	27	1.06248
93	28	1.06941
93	38	1.02734
93	39	1.14395
93	50	1.10422
93	56	0.633387
93	57	1.0252
93	58	0.857208
93	68	1.13974
93	72	1.146
93	74	1.1188
93	76	1.02595
93	94	1.01761
93	95	1.23818
93	108	1.09543
93	111	1.07655
93	130	1.0705
93	144	1.06834
93	145	0.716833
93	151	0.826164
93	155	0.79417
93	170	0.780447
94	16	0.969855
94	18	0.737167
94	27	1.06203
94	28	1.06895
94	29	0.78759
94	38	1.02688
94	39	1.14349
94	50	1.10376
94	57	1.02475
94	68	1.13928
94	72	1.14555
94	74	1.11835
94	76	1.0255
94	84	1.07733
94	93	1.01761
94	95	1.23772
94	108	1.09498
94	111	1.0761
94	137	0.813059
94	144	1.06788
94	174	0.794365
94	175	0.739774
94	179	0.735796
95	9	1.28951
95	16	1.19042
95	27	1.2826
95	28	1.28952
95	31	0.586434
95	38	1.24745
95	50	1.32433
95	57	1.24532
95	67	0.515338
95	68	1.35985
95	74	1.33892
95	76	1.24607
95	84	1.2979
95	93	1.23818
95	94	1.23772
95	108	1.31555
95	109	0.51136
95	111	1.29667
95	117	0.54743
95	124	0.543325
95	157	0.498761
95	166	0.565056
95	167	0.542536
95	174	0.494438
96	4	1.05568
96	10	0.653681
96	36	0.697943
96	45	0.650833
96	81	1.12825
96	89	1.16995
96	106	0.766832
96	129	0.727865
96	132	0.654871
96	133	0.640741
96	136	1.12411
96	137	1.11801
96	145	1.16465
96	157	1.12768
96	159	1.15298
96	160	1.11883
96	170	1.12931
96	171	1.12182
96	172	1.13786
96	174	1.13693
96	175	1.13661
96	176	1.12253
96	178	1.1231
96	180	1.13169
97	2	0.678785
97	8	0.640712
97	37	0.663115
97	62	0.663276
97	77	0.678405
97	100	0.705711
97	124	1.12998
97	126	1.11306
97	137	1.11867
97	139	0.765429
97	148	1.16119
97	151	1.12255
97	159	1.15365
97	160	1.1195
97	169	1.12365
97	171	1.12248
97	172	1.13852
97	173	1.11859
97	174	1.13759
97	175	1.13727
97	176	1.1232
97	177	1.12397
97	178	1.12376
97	180	1.13236
98	31	0.664098
98	86	1.23068
98	101	0.558742
98	104	1.23504
98	110	1.20514
98	115	1.2725
98	116	1.20514
98	118	1.322
98	127	1.19929
98	135	1.21873
98	136	0.564689
98	138	1.19237
98	143	1.23273
98	145	0.48431
98	146	1.21693
98	152	0.607496
98	168	1.21018
98	176	0.575182
98	179	1.25929
98	180	0.554013
99	5	0.83292
99	12	0.633652
99	25	1.12419
99	35	1.11394
99	58	1.09943
99	114	0.599419
99	146	0.631103
99	150	1.14598
99	152	1.11461
99	153	0.731563
99	156	0.652602
99	159	1.1583
99	160	1.12415
99	167	0.710294
99	169	1.1283
99	170	1.13463
99	171	1.12714
99	173	1.12325
99	174	1.14225
99	175	1.14192
99	176	1.12785
99	177	1.12863
99	178	1.12842
99	180	1.13701
100	4	0.789594
100	21	1.15702
100	31	0.729462
100	32	1.12006
100	97	0.705711
100	106	1.11144
100	131	1.13284
100	132	1.15757
100	139	1.12701
100	140	1.16381
100	141	1.11083
100	149	1.1165
100	150	0.646215
100	151	0.659005
100	153	1.10866
100	158	1.11197
100	161	1.1197
100	162	1.14303
100	164	1.13576
100	165	1.12539
100	166	1.11907
100	167	1.13935
100	178	0.65867
100	180	0.619377
101	1	1.1167
101	55	0.651907
101	65	0.726785
101	75	0.588835
101	98	0.558742
101	102	0.58161
101	103	0.5961
101	112	1.17802
101	120	1.20849
101	133	1.20762
101	139	1.17544
101	140	1.21223
101	141	1.15926
101	147	1.17983
101	149	1.16492
101	151	0.674663
101	153	1.15709
101	161	1.16812
101	162	1.19145
101	163	1.16753
101	164	1.18419
101	165	1.17382
101	166	1.16749
101	167	1.18778
101	170	0.628945
102	38	0.709169
102	66	0.700703
102	80	1.18277
102	82	0.598423
102	87	1.15458
102	92	0.577866
102	101	0.58161
102	103	1.2124
102	111	0.586236
102	117	1.15291
102	120	0.591076
102	129	0.649957
102	137	1.16728
102	152	1.15857
102	157	1.17696
102	159	1.20226
102	160	1.16811
102	172	1.18714
102	173	1.16721
102	174	1.1862
102	175	1.18588
102	176	1.17181
102	177	1.17259
102	178	1.17237
102	180	1.18097
103	18	1.17956
103	63	0.704355
103	101	0.5961
103	102	1.2124
103	116	0.612975
103	117	1.15093
103	120	0.605567
103	123	0.605516
103	124	1.17661
103	126	1.15969
103	137	1.1653
103	143	0.567687
103	148	1.20782
103	158	0.66394
103	164	0.632174
103	169	1.17028
103	171	1.16911
103	172	1.18515
103	173	1.16522
103	174	1.18422
103	175	1.1839
103	176	1.16983
103	177	1.1706
103	178	1.17039
103	180	1.17899
104	60	1.20426
104	71	0.702269
104	86	1.16837
104	98	1.23504
104	110	1.14283
104	115	1.21019
104	116	1.14283
104	118	1.25969
104	127	1.13698
104	135	1.15642
104	136	0.626951
104	137	0.653058
104	138	1.13006
104	142	1.14344
104	143	1.17042
104	146	1.15462
104	155	0.623909
104	159	0.609941
104	168	1.14787
104	175	0.579773
104	179	1.19698
104	180	0.616275
105	5	1.05887
105	7	1.19002
105	15	1.14208
105	48	1.05295
105	52	1.12441
105	61	1.09547
105	62	1.18942
105	70	1.09783
105	83	1.11337
105	85	0.882505
105	88	1.08775
105	89	1.15614
105	91	1.08224
105	113	1.09692
105	119	1.03474
105	123	1.13917
105	124	0.738535
105	129	1.0975
105	151	0.711186
105	156	1.13554
105	161	0.743923
105	168	1.10561
105	170	0.665469
105	175	0.635057
105	179	0.631078
106	24	0.58718
106	78	1.15111
106	84	0.754869
106	89	0.728798
106	96	0.766832
106	100	1.11144
106	107	0.693066
106	114	1.16369
106	121	1.13857
106	131	1.10753
106	132	1.13227
106	139	1.1017
106	141	1.08552
106	147	1.1061
106	149	1.09119
106	158	1.08666
106	161	1.09439
106	162	1.11772
106	163	1.09379
106	164	1.11045
106	165	1.10008
106	166	1.09376
106	167	1.11404
106	172	0.713376
106	173	0.761582
107	49	1.18285
107	69	0.673554
107	70	0.690772
107	83	0.653832
107	85	1.08646
107	106	0.693066
107	117	1.13311
107	122	1.17267
107	132	0.581105
107	134	1.17012
107	137	1.14748
107	150	1.17014
107	155	1.14672
107	157	1.15715
107	158	0.653592
107	159	1.18246
107	163	0.649735
107	168	0.598062
107	169	1.15246
107	173	1.1474
107	174	1.1664
107	175	1.16608
107	176	1.152
107	177	1.15278
107	178	1.15257
107	180	1.16116
108	9	1.14677
108	16	1.04768
108	28	1.14678
108	38	1.10471
108	39	1.22132
108	50	1.18159
108	57	1.10258
108	68	1.21711
108	71	0.686872
108	72	1.22337
108	74	1.19617
108	76	1.10332
108	84	1.15515
108	87	0.654063
108	93	1.09543
108	94	1.09498
108	95	1.31555
108	109	0.635888
108	111	1.15392
108	119	0.795917
108	130	1.14787
108	134	0.579675
108	144	1.14571
108	159	0.594543
108	171	0.641077
108	174	0.618967
109	3	1.21055
109	19	0.670887
109	35	1.12738
109	47	1.16763
109	56	1.20961
109	77	0.627081
109	95	0.51136
109	108	0.635888
109	111	0.674672
109	124	1.14807
109	146	0.652312
109	148	1.17928
109	149	0.72012
109	150	1.15942
109	151	1.14065
109	155	1.13601
109	160	1.13759
109	165	0.701967
109	169	1.14175
109	171	1.14058
109	172	1.15662
109	174	1.15569
109	175	1.15536
109	176	1.14129
109	177	1.14207
109	180	1.15045
110	11	1.02391
110	12	1.14516
110	17	0.627382
110	41	1.06566
110	44	1.18391
110	60	1.17436
110	71	0.743893
110	86	1.13847
110	98	1.20514
110	104	1.14283
110	115	1.18029
110	116	1.11293
110	118	1.22979
110	125	0.675258
110	126	0.64659
110	127	1.10708
110	135	1.12652
110	138	1.10016
110	142	1.11354
110	143	1.14052
110	146	1.12472
110	150	0.684737
110	160	0.666392
110	168	1.11797
110	174	0.675988
110	177	0.691476
110	179	1.16708
111	9	1.12789
111	16	1.0288
111	27	1.12097
111	28	1.1279
111	38	1.08583
111	39	1.20244
111	50	1.16271
111	57	1.08369
111	58	0.710333
111	68	1.19823
111	71	0.725656
111	72	1.20449
111	74	1.17729
111	76	1.08444
111	84	1.13627
111	93	1.07655
111	94	1.0761
111	95	1.29667
111	102	0.586236
111	108	1.15392
111	109	0.674672
111	112	0.677337
111	130	1.12899
111	144	1.12683
111	153	0.727117
111	173	0.658894
111	180	0.639662
112	22	1.13989
112	49	0.599972
112	51	1.12482
112	78	1.16927
112	90	1.1679
112	101	1.17802
112	111	0.677337
112	120	1.15291
112	125	1.13356
112	131	1.12569
112	132	1.15042
112	140	1.15665
112	147	1.12425
112	154	0.713024
112	156	1.15267
112	158	1.10481
112	161	1.11254
112	162	1.13587
112	163	1.11195
112	164	1.12861
112	165	1.11824
112	166	1.11191
112	172	0.639008
112	173	0.687214
112	174	0.686071
112	177	0.701559
112	178	0.707275
113	5	1.06759
113	7	1.19874
113	15	1.1508
113	19	1.15154
113	48	1.06167
113	49	0.640234
113	52	1.13313
113	59	0.758974
113	61	1.10419
113	62	1.19814
113	69	1.10021
113	70	1.10655
113	83	1.12209
113	88	1.09647
113	89	1.16486
113	91	1.09096
113	105	1.09692
113	119	1.04346
113	123	1.14789
113	126	0.696934
113	129	1.10622
113	145	0.63854
113	156	1.14426
113	168	1.11433
113	171	0.748443
113	173	0.727475
113	175	0.671741
113	176	0.729412
114	20	1.08738
114	22	1.19929
114	39	0.541002
114	48	0.792516
114	90	1.2273
114	91	0.682729
114	92	1.20561
114	99	0.599419
114	106	1.16369
114	117	0.656699
114	125	1.19296
114	140	1.21605
114	141	1.16308
114	147	1.18365
114	149	1.16874
114	152	0.639101
114	153	1.16091
114	158	1.16421
114	161	1.17194
114	162	1.19527
114	163	1.17135
114	164	1.18801
114	165	1.17764
114	166	1.17131
114	167	1.1916
114	174	0.603707
114	175	0.549116
114	179	0.545138
115	11	1.09127
115	41	1.13302
115	44	1.25127
115	60	1.24172
115	80	0.611282
115	86	1.20583
115	89	0.587044
115	98	1.2725
115	104	1.21019
115	110	1.18029
115	116	1.18029
115	118	1.29715
115	122	0.562499
115	127	1.17444
115	128	0.639567
115	135	1.19388
115	136	0.611271
115	138	1.16752
115	142	1.1809
115	143	1.20788
115	146	1.19208
115	148	0.527844
115	168	1.18533
115	170	0.594506
115	171	0.640795
115	178	0.639889
115	179	1.23444
116	11	1.02391
116	12	1.14516
116	41	1.06566
116	44	1.18391
116	59	0.702641
116	60	1.17436
116	85	0.862857
116	86	1.13847
116	98	1.20514
116	103	0.612975
116	104	1.14283
116	110	1.11293
116	115	1.18029
116	118	1.22979
116	127	1.10708
116	132	0.651993
116	135	1.12652
116	138	1.10016
116	142	1.11354
116	143	1.14052
116	146	1.12472
116	168	1.11797
116	172	0.622937
116	175	0.615408
116	177	0.685488
116	179	1.16708
116	180	0.651911
117	46	0.696447
117	53	0.785594
117	54	1.10921
117	80	1.1213
117	88	0.78123
117	95	0.54743
117	102	1.15291
117	103	1.15093
117	107	1.13311
117	114	0.656699
117	132	0.701469
117	135	0.688043
117	136	1.11192
117	148	1.14833
117	151	1.1097
117	154	1.09321
117	155	1.10506
117	157	1.11549
117	165	0.738038
117	170	1.11712
117	171	1.10963
117	172	1.12567
117	173	1.10574
117	174	1.12474
117	175	1.12441
117	177	1.11112
117	178	1.11091
117	180	1.1195
118	41	1.18252
118	58	0.59291
118	60	1.29122
118	86	1.25533
118	98	1.322
118	104	1.25969
118	110	1.22979
118	115	1.29715
118	116	1.22979
118	125	0.539598
118	127	1.22394
118	131	0.609509
118	135	1.24338
118	138	1.21702
118	142	1.2304
118	143	1.25738
118	146	1.24158
118	151	0.561867
118	154	0.567282
118	159	0.515905
118	168	1.23484
118	171	0.562439
118	174	0.540328
118	179	1.28394
118	180	0.522239
119	5	1.00541
119	7	1.13656
119	10	1.08577
119	15	1.08862
119	19	1.08936
119	24	1.17774
119	48	0.999486
119	52	1.07095
119	56	0.672195
119	61	1.04201
119	62	1.13596
119	69	1.03803
119	70	1.04437
119	83	1.05991
119	88	1.03429
119	89	1.10268
119	91	1.02878
119	105	1.03474
119	108	0.795917
119	113	1.04346
119	123	1.08571
119	129	1.04404
119	145	0.755642
119	152	0.878827
119	154	0.870387
119	157	0.847756
119	168	1.05215
119	175	0.788843
120	22	1.17035
120	32	1.14337
120	45	1.18443
120	47	0.619138
120	53	1.16447
120	78	1.19974
120	101	1.20849
120	102	0.591076
120	103	0.605567
120	112	1.15291
120	130	1.15316
120	132	1.18089
120	134	0.623299
120	141	1.13415
120	142	0.684923
120	147	1.15472
120	149	1.13981
120	153	1.13198
120	156	1.18314
120	158	1.13528
120	160	0.652995
120	161	1.14301
120	162	1.16634
120	165	1.1487
120	166	1.14238
120	167	1.16267
120	171	0.684702
120	176	0.665671
120	178	0.683795
121	21	1.18414
121	22	1.17417
121	24	0.481329
121	37	1.21724
121	45	1.18824
121	51	1.15911
121	85	1.09457
121	106	1.13857
121	132	1.1847
121	137	0.67328
121	140	1.19093
121	142	0.676919
121	144	0.676963
121	147	1.15853
121	149	1.14362
121	150	0.663336
121	152	0.68998
121	153	1.13579
121	158	1.13909
121	161	1.14682
121	162	1.17016
121	163	1.14623
121	164	1.16289
121	165	1.15252
121	166	1.14619
121	167	1.16648
121	169	0.626411
121	174	0.654587
121	177	0.670075
122	30	1.13499
122	41	0.668509
122	54	1.14877
122	83	0.665019
122	107	1.17267
122	115	0.562499
122	129	0.665286
122	131	0.679479
122	134	1.16802
122	135	0.578865
122	136	1.15148
122	139	0.640998
122	145	1.19202
122	149	0.647013
122	150	1.16803
122	152	1.13666
122	159	1.18035
122	160	1.1462
122	166	0.680916
122	170	1.15668
122	171	1.14919
122	172	1.16523
122	173	1.1453
122	174	1.1643
122	175	1.16398
122	177	1.15068
122	178	1.15047
122	179	1.1959
122	180	1.15906
123	5	1.10984
123	7	1.241
123	10	1.1902
123	19	1.19379
123	48	1.10392
123	52	1.17538
123	61	1.14645
123	62	1.2404
123	69	1.14247
123	70	1.1488
123	83	1.16434
123	88	1.13872
123	89	1.20712
123	91	1.13321
123	103	0.605516
123	105	1.13917
123	113	1.14789
123	119	1.08571
123	129	1.14847
123	136	0.655127
123	137	0.681234
123	150	0.67129
123	156	1.18652
123	159	0.638117
123	168	1.15658
123	169	0.634364
123	173	0.663684
123	174	0.66254
123	179	0.603971
124	4	1.06917
124	40	0.582032
124	56	1.20434
124	59	1.11265
124	62	0.643918
124	77	0.659047
124	82	0.718824
124	83	0.770092
124	86	0.617623
124	95	0.543325
124	97	1.12998
124	103	1.17661
124	105	0.738535
124	109	1.14807
124	128	1.1424
124	142	1.12847
124	147	0.725523
124	148	1.17401
124	150	1.15415
124	152	1.12278
124	160	1.13232
124	171	1.1353
124	172	1.15135
124	173	1.13142
124	174	1.15041
124	176	1.13602
124	177	1.13679
124	178	1.13658
124	179	1.18201
124	180	1.14518
125	38	0.779953
125	41	0.723965
125	58	1.10853
125	60	0.594699
125	65	0.739415
125	74	0.635018
125	110	0.675258
125	112	1.13356
125	114	1.19296
125	118	0.539598
125	126	1.12682
125	131	1.1368
125	133	1.16315
125	135	0.634321
125	136	1.13853
125	138	0.674604
125	147	1.13536
125	148	1.17494
125	158	1.11592
125	159	1.1674
125	162	1.14699
125	166	1.12302
125	167	1.14331
125	169	1.13741
125	173	1.13235
125	174	1.15135
125	175	1.15102
125	176	1.13695
125	178	1.13752
125	180	1.14611
126	6	0.781979
126	25	1.11544
126	38	0.751286
126	87	1.10188
126	90	0.621866
126	97	1.11306
126	103	1.15969
126	110	0.64659
126	113	0.696934
126	125	1.12682
126	130	0.671994
126	134	1.13722
126	145	1.16122
126	148	1.15709
126	149	0.673801
126	151	1.11846
126	152	1.10586
126	154	1.10197
126	160	1.1154
126	163	0.68771
126	164	0.659801
126	169	1.11956
126	171	1.11839
126	172	1.13443
126	173	1.1145
126	174	1.1335
126	175	1.13317
126	176	1.1191
126	177	1.11988
126	179	1.1651
126	180	1.12826
127	10	1.14574
127	11	1.01806
127	12	1.13931
127	20	1.01737
127	41	1.05981
127	44	1.17806
127	60	1.16851
127	75	1.14211
127	86	1.13262
127	87	0.73887
127	98	1.19929
127	104	1.13698
127	110	1.10708
127	115	1.17444
127	116	1.10708
127	118	1.22394
127	134	0.664482
127	135	1.12067
127	136	0.696361
127	138	1.09431
127	142	1.10769
127	143	1.13467
127	146	1.11887
127	148	0.612934
127	152	0.739168
127	157	0.708097
127	160	0.694179
127	168	1.11212
127	169	0.675598
127	179	1.16123
127	180	0.685686
128	7	0.555383
128	14	1.16418
128	23	1.1626
128	28	0.734988
128	33	1.12776
128	40	0.554027
128	43	1.10032
128	51	0.677276
128	63	1.1161
128	65	1.10892
128	73	1.17562
128	77	1.17558
128	79	1.13996
128	82	1.15086
128	115	0.639567
128	124	1.1424
128	131	0.756547
128	133	0.65523
128	144	1.13031
128	145	1.17774
128	150	1.15375
128	156	0.677772
128	157	1.14077
128	158	0.741846
128	160	1.13192
128	171	1.13491
128	175	1.1497
128	176	1.13562
128	178	1.13619
128	180	1.14478
129	5	1.06816
129	7	1.19932
129	10	1.14852
129	15	1.15138
129	19	1.15212
129	24	1.24049
129	30	0.722086
129	48	1.06224
129	52	1.13371
129	61	1.10477
129	62	1.19872
129	69	1.10079
129	70	1.10713
129	79	0.671944
129	80	0.714069
129	83	1.12267
129	88	1.09705
129	89	1.16544
129	91	1.09154
129	96	0.727865
129	102	0.649957
129	105	1.0975
129	113	1.10622
129	119	1.04404
129	122	0.665286
129	123	1.14847
129	156	1.14484
129	168	1.1149
129	175	0.66688
129	176	0.724552
129	179	0.662902
130	28	1.12185
130	38	1.07978
130	50	1.15666
130	72	1.19844
130	74	1.17124
130	76	1.07839
130	84	1.13022
130	87	0.736487
130	93	1.0705
130	108	1.14787
130	111	1.12899
130	120	1.15316
130	126	0.671994
130	136	1.12767
130	139	1.12011
130	144	1.12077
130	147	1.1245
130	148	0.610551
130	150	0.710141
130	156	1.15292
130	157	0.705714
130	161	1.11279
130	163	1.11219
130	164	1.12885
130	165	1.11848
130	166	1.11216
130	167	1.13245
130	170	0.677212
130	174	0.701391
130	177	0.71688
130	180	0.683302
131	1	1.06436
131	3	0.657506
131	8	1.20343
131	45	1.1572
131	49	0.649566
131	100	1.13284
131	106	1.10753
131	112	1.12569
131	118	0.609509
131	122	0.679479
131	125	1.1368
131	128	0.756547
131	133	1.15529
131	139	1.12311
131	140	1.1599
131	141	1.10692
131	144	0.758041
131	147	1.1275
131	149	1.11259
131	153	1.10475
131	158	1.10806
131	161	1.11579
131	162	1.13912
131	163	1.11519
131	164	1.13185
131	165	1.12148
131	166	1.11516
131	167	1.13544
131	174	0.735665
131	175	0.681074
131	179	0.677096
132	3	0.570319
132	8	1.22816
132	45	1.18194
132	51	1.1528
132	53	1.16199
132	69	0.72292
132	90	1.19588
132	92	1.17418
132	96	0.654871
132	100	1.15757
132	106	1.13227
132	107	0.581105
132	112	1.15042
132	116	0.651993
132	117	0.701469
132	120	1.18089
132	121	1.1847
132	133	1.18002
132	136	1.1554
132	139	1.14784
132	140	1.18463
132	141	1.13166
132	147	1.15223
132	149	1.13732
132	153	1.12949
132	157	0.6528
132	162	1.16385
132	164	1.15658
132	167	1.16018
132	176	0.651557
132	179	0.589908
132	180	0.630388
133	17	1.18636
133	19	0.621829
133	35	0.7154
133	46	1.19587
133	78	1.19887
133	90	1.1975
133	92	1.17581
133	96	0.640741
133	101	1.20762
133	125	1.16315
133	128	0.65523
133	131	1.15529
133	132	1.18002
133	136	1.15702
133	137	0.653041
133	140	1.18625
133	141	1.13328
133	149	1.13894
133	153	1.13111
133	158	1.13441
133	161	1.14214
133	162	1.16547
133	163	1.14154
133	164	1.1582
133	165	1.14783
133	166	1.14151
133	167	1.1618
133	170	0.610169
133	174	0.634348
133	177	0.649836
133	178	0.655552
133	179	0.575778
134	29	1.12892
134	30	1.13244
134	42	1.0988
134	44	0.519698
134	45	0.605148
134	47	1.17369
134	48	0.816001
134	53	0.69331
134	76	0.795662
134	87	1.13013
134	107	1.17012
134	108	0.579675
134	120	0.623299
134	122	1.16802
134	126	1.13722
134	127	0.664482
134	142	1.13981
134	145	1.18948
134	154	1.13023
134	155	1.14208
134	156	0.617598
134	160	1.14366
134	161	0.681467
134	169	1.14781
134	170	1.15414
134	171	1.14664
134	172	1.16268
134	173	1.14275
134	175	1.16143
134	176	1.14736
134	177	1.14813
134	178	1.14792
134	180	1.15652
135	1	0.839328
135	4	0.78718
135	10	1.16518
135	11	1.0375
135	12	1.15875
135	20	1.03681
135	37	1.19179
