1	29	0.816698
1	135	1.21967
1	137	1.1884
1	138	1.19448
1	139	1.1981
1	140	1.2044
1	143	0.74801
1	144	1.20259
1	148	1.19236
1	160	0.756346
1	168	0.68702
1	180	0.755642
2	3	1.05153
2	26	0.741668
2	30	1.25153
2	60	1.11803
2	70	1.19581
2	75	1.27359
2	123	0.67462
2	147	0.740544
2	150	0.752675
2	156	0.853168
2	159	1.20972
2	172	1.29979
3	2	1.05153
3	30	1.07426
3	36	1.06362
3	60	0.94076
3	61	0.937934
3	70	1.01854
3	75	1.09632
3	134	0.895352
3	150	0.903161
3	159	1.03245
3	172	1.12252
3	178	0.995568
4	104	1.23535
4	107	1.28535
4	108	1.25583
4	112	1.28535
4	114	1.29962
4	132	0.596716
4	166	0.773769
4	170	0.69439
4	173	1.33849
4	174	0.701872
4	179	0.697026
5	103	1.19567
5	117	1.21765
5	130	1.25343
5	133	1.22866
5	161	1.14848
5	164	0.72231
5	166	1.12846
5	167	1.22764
5	171	0.770324
5	177	0.714877
5	178	0.799257
5	180	0.758154
6	55	1.11842
6	73	1.35121
6	76	1.15144
6	80	1.14764
6	86	1.21764
6	91	1.175
6	95	1.23864
6	146	0.717779
6	155	0.791894
6	160	0.766046
6	177	0.722065
6	180	0.765342
7	15	1.0294
7	47	1.05703
7	98	1.07808
7	110	1.09848
7	116	0.89217
7	123	0.887432
7	153	0.949451
7	157	1.00194
7	166	0.942919
7	167	1.04211
7	173	1.08498
7	177	1.067
8	102	0.767849
8	103	1.18889
8	111	1.27361
8	116	0.67936
8	117	1.21087
8	120	1.2166
8	130	1.24665
8	161	1.1417
8	166	1.12167
8	168	0.73536
8	175	0.777667
8	180	0.803981
9	19	1.17502
9	79	1.18916
9	88	1.25503
9	94	0.690552
9	101	1.18409
9	105	1.23787
9	115	1.21562
9	141	1.14322
9	150	0.717296
9	166	0.875492
9	168	0.699979
9	171	0.78077
10	20	1.2271
10	48	1.27201
10	89	1.30711
10	92	1.26254
10	99	1.34841
10	131	0.711749
10	132	0.627059
10	146	0.649657
10	154	0.648488
10	167	1.28742
10	172	1.39541
10	174	0.732215
10	179	0.727369
11	28	1.07682
11	35	1.07957
11	81	1.14898
11	83	1.21262
11	90	1.16542
11	128	0.777075
11	141	0.872757
11	149	1.16311
11	153	0.77842
11	154	0.797029
11	161	1.07471
11	162	0.83917
11	177	1.17877
12	56	1.09059
12	59	1.08698
12	78	1.11162
12	79	1.12535
12	101	1.12028
12	105	1.17407
12	115	1.15182
12	119	1.23929
12	147	0.922932
12	166	1.09326
12	170	1.01388
12	173	0.00128181
12	179	1.01652
13	57	0.697907
13	118	1.17546
13	126	1.1527
13	135	1.14362
13	136	1.1386
13	138	1.11843
13	140	1.12835
13	144	1.12654
13	148	1.1163
13	161	0.915219
13	163	0.773515
13	171	0.845188
13	180	0.833018
14	40	1.0598
14	71	1.17148
14	98	1.1706
14	110	1.19101
14	162	0.823681
14	163	0.770767
14	164	0.794427
14	166	1.03544
14	167	1.13463
14	169	0.833162
14	171	0.842441
14	173	1.17751
14	177	1.15953
15	7	1.0294
15	47	1.15703
15	98	1.17808
15	109	0.728085
15	110	1.19848
15	141	0.877002
15	147	0.78657
15	158	0.785917
15	166	1.04292
15	167	1.14211
15	173	1.18498
15	174	0.885001
15	177	1.167
16	24	0.659517
16	39	1.22551
16	76	1.10283
16	91	1.12639
16	95	1.19003
16	106	0.764423
16	127	0.798933
16	133	1.1547
16	149	0.772538
16	159	0.739878
16	178	1.08339
16	179	1.08915
16	180	1.128
17	59	1.1482
17	115	1.21304
17	134	0.699566
17	135	1.19301
17	144	1.17593
17	147	0.695243
17	148	1.16569
17	154	0.709947
17	159	1.20702
17	166	0.86557
17	172	1.2971
17	174	0.793674
18	35	1.06845
18	38	0.90012
18	50	1.15468
18	81	1.13786
18	83	1.20149
18	90	1.15429
18	149	1.15199
18	158	0.993686
18	160	1.05848
18	161	1.06359
18	172	0.00110024
18	176	1.08536
18	177	1.16764
19	9	1.17502
19	68	1.06682
19	79	1.13559
19	101	1.13052
19	105	1.1843
19	115	1.16205
19	124	0.859704
19	141	1.08966
19	147	0.765379
19	150	0.77751
19	159	1.15604
19	165	0.830554
19	169	0.831705
20	10	1.2271
20	25	1.13578
20	54	1.1032
20	72	1.0673
20	89	1.11418
20	99	1.15548
20	132	0.736253
20	146	0.758851
20	166	0.913306
20	167	1.09449
20	171	0.818585
20	172	1.20248
20	179	0.836563
21	118	1.16555
21	122	1.13037
21	136	1.12869
21	137	1.10243
21	139	1.11214
21	143	0.813465
21	144	1.11663
21	148	1.10639
21	152	0.795533
21	153	0.753758
21	172	1.2378
21	176	0.848684
21	179	0.851246
22	85	1.09426
22	96	1.17694
22	104	1.09015
22	107	1.14015
22	108	1.11063
22	112	1.14015
22	114	1.15442
22	160	0.82043
22	164	0.783883
22	169	0.822617
22	173	1.19329
22	177	0.776449
22	178	0.860829
23	56	1.11577
23	105	1.19925
23	108	1.11329
23	110	0.727552
23	115	1.177
23	120	0.76285
23	136	0.749304
23	144	0.762481
23	172	0.734145
23	173	1.19596
23	178	1.08279
23	179	1.08854
23	180	1.1274
24	16	0.659517
24	122	1.31191
24	126	1.32434
24	134	0.62837
24	137	1.28398
24	139	1.29368
24	140	1.29998
24	143	0.67985
24	144	1.29817
24	148	1.28794
24	160	0.688186
24	165	0.689222
24	179	0.717631
25	20	1.13578
25	43	1.17983
25	69	1.19951
25	72	1.1689
25	89	1.21579
25	123	0.64935
25	131	0.793238
25	132	0.708548
25	161	0.86091
25	167	1.1961
25	172	1.30408
25	175	0.752395
26	2	0.741668
26	90	0.852824
26	107	0.725989
26	164	1.17655
26	167	0.754167
26	168	1.19265
26	170	1.11087
26	172	0.703439
26	174	1.10855
26	175	1.15654
26	176	1.1097
26	179	1.10314
26	180	1.142
27	60	0.750433
27	78	0.680335
27	100	0.689935
27	110	1.25255
27	114	1.20018
27	120	0.657001
27	144	0.656633
27	173	1.23905
27	175	1.18503
27	177	1.22107
27	179	1.13163
27	180	1.17049
28	11	1.07682
28	31	1.14653
28	50	1.0897
28	81	1.07287
28	83	1.13651
28	90	1.08931
28	145	0.93988
28	149	1.087
28	150	0.792649
28	161	0.998605
28	162	0.837363
28	166	0.950844
28	177	1.10266
28	180	0.843953
29	1	0.816698
29	50	0.831297
29	56	0.878625
29	99	0.783336
29	119	0.757602
29	164	1.13629
29	168	1.15239
29	170	1.07062
29	171	1.0812
29	174	1.06829
29	176	1.06945
29	178	1.05713
29	179	1.06289
29	180	1.10174
30	2	1.25153
30	3	1.07426
30	36	1.26362
30	38	0.631355
30	60	1.14076
30	70	1.21854
30	75	1.29632
30	147	0.725574
30	155	0.815561
30	157	0.774153
30	158	0.724921
30	159	1.23245
30	168	0.720388
30	172	1.32252
31	28	1.14653
31	34	1.29158
31	81	1.21869
31	83	1.28233
31	90	1.23513
31	131	0.760023
31	146	0.697931
31	149	1.23283
31	156	0.794683
31	161	1.14443
31	163	0.685991
31	164	0.709651
31	169	0.748386
31	177	1.24848
32	43	1.19326
32	61	0.746625
32	69	1.21295
32	72	1.18234
32	84	0.682031
32	89	1.22922
32	92	1.18466
32	99	1.27052
32	142	0.759647
32	154	0.714424
32	167	1.20953
32	171	0.775326
32	172	1.31752
32	177	0.719879
33	47	0.799868
33	81	0.791197
33	95	0.754498
33	103	0.899407
33	121	1.075
33	140	1.08957
33	144	1.08776
33	148	1.07753
33	159	1.11886
33	172	1.20894
33	173	0.791401
33	178	1.03066
33	179	1.03641
33	180	1.07527
34	31	1.29158
34	35	1.14851
34	50	1.23474
34	81	1.21791
34	83	1.28155
34	90	1.23435
34	153	0.653408
34	161	1.14365
34	164	0.684904
34	166	0.82764
34	170	0.748261
34	177	1.2477
34	178	0.761851
34	180	0.720748
35	11	1.07957
35	18	1.06845
35	34	1.14851
35	81	1.07562
35	83	1.13926
35	90	1.09206
35	145	0.93288
35	149	1.08976
35	160	0.837656
35	161	1.00136
35	163	0.777449
35	166	0.943844
35	174	0.871947
35	177	1.10541
36	3	1.06362
36	30	1.26362
36	60	1.13011
36	70	1.20789
36	75	1.28567
36	129	1.3154
36	141	0.719933
36	155	0.719489
36	159	1.2218
36	161	0.775138
36	162	0.686347
36	166	0.799828
36	169	0.695828
36	172	1.31188
37	62	0.563205
37	126	0.676776
37	133	0.678378
37	135	0.751358
37	149	0.684402
37	162	1.25393
37	165	1.25293
37	170	1.21445
37	172	0.649649
37	174	1.21213
37	176	1.21328
37	178	1.20097
37	179	1.20673
37	180	1.24558
38	18	0.90012
38	30	0.631355
38	88	0.607823
38	112	0.65025
38	120	1.22896
38	130	1.25902
38	138	0.669151
38	159	0.610189
38	167	1.23323
38	173	1.2761
38	174	1.17409
38	177	1.25812
38	178	1.16293
38	180	1.20754
39	16	1.22551
39	100	1.22144
39	111	1.27939
39	120	1.22238
39	121	0.776446
39	133	1.22766
39	151	0.718984
39	154	0.70408
39	163	0.693308
39	166	1.12745
39	167	1.22664
39	173	1.26952
39	177	0.709534
39	178	0.793915
40	14	1.0598
40	49	1.08252
40	71	1.11683
40	98	1.11596
40	110	1.13636
40	134	0.843424
40	150	0.851233
40	166	0.980799
40	167	1.07999
40	168	0.833916
40	169	0.905428
40	170	0.93005
40	173	1.12286
40	177	1.10488
41	85	1.18176
41	96	1.26444
41	104	1.17765
41	107	1.22765
41	108	1.19813
41	112	1.22765
41	114	1.24192
41	142	0.728901
41	154	0.683679
41	157	0.717554
41	162	0.72582
41	173	1.28079
41	174	0.767405
41	178	0.773513
42	63	1.12142
42	97	1.12155
42	111	1.13104
42	117	1.0683
42	120	1.07403
42	130	1.10408
42	133	1.07931
42	156	0.905186
42	157	0.841141
42	166	0.979103
42	169	0.858888
42	171	0.868167
42	173	1.12117
42	174	0.890992
43	25	1.17983
43	32	1.19326
43	48	1.12314
43	54	1.14725
43	84	0.751237
43	89	1.15824
43	92	1.11367
43	99	1.19953
43	102	0.796231
43	123	0.703004
43	150	0.781059
43	167	1.13855
43	172	1.24653
43	175	0.806048
43	176	0.859949
44	86	0.673565
44	91	0.72063
44	104	0.794816
44	112	0.741717
44	129	0.62094
44	153	1.20703
44	165	1.17522
44	167	0.75029
44	168	1.21852
44	169	1.16109
44	175	1.18242
44	176	1.13557
44	178	1.12326
44	179	1.12902
44	180	1.16787
45	64	0.637822
45	96	0.767043
45	113	0.768009
45	129	0.646465
45	149	0.75984
45	160	1.18189
45	168	1.22848
45	171	1.15729
45	172	0.725087
45	174	1.14438
45	175	1.19238
45	176	1.14554
45	178	1.13322
45	179	1.13898
45	180	1.17784
46	77	0.859448
46	92	0.704715
46	111	0.673737
46	156	1.15235
46	167	0.718876
46	170	1.16062
46	171	1.1712
46	172	0.668148
46	173	0.689163
46	174	1.1583
46	175	1.20629
46	176	1.15945
46	178	1.14714
46	179	1.15289
46	180	1.19175
47	7	1.05703
47	15	1.15703
47	33	0.799868
47	71	1.20658
47	98	1.20571
47	110	1.22612
47	153	0.727891
47	157	0.780375
47	158	0.731143
47	165	0.796971
47	166	1.07055
47	167	1.16974
47	173	1.21261
47	177	1.19463
47	179	0.825379
48	10	1.27201
48	43	1.12314
48	54	1.14811
48	69	1.14282
48	72	1.11221
48	92	1.11453
48	99	1.20039
48	153	0.730672
48	164	0.762169
48	167	1.13941
48	170	0.825525
48	172	1.24739
48	176	0.825599
48	177	0.754735
48	180	0.798012
49	40	1.08252
49	71	1.19419
49	98	1.19332
49	110	1.21372
49	128	0.749149
49	132	1.21829
49	147	0.754399
49	154	0.769103
49	163	0.758331
49	166	1.05816
49	167	1.15735
49	173	1.20022
49	177	1.18224
49	179	0.847983
49	180	0.817835
50	18	1.15468
50	28	1.0897
50	29	0.831297
50	34	1.23474
50	81	1.16186
50	83	1.22549
50	84	0.689116
50	90	1.17829
50	124	0.801131
50	149	1.17599
50	152	0.744677
50	161	1.08759
50	176	0.797828
50	177	1.19165
50	179	0.80039
51	60	0.764478
51	76	0.703718
51	122	0.693647
51	127	0.70349
51	135	0.74405
51	160	1.18827
51	167	0.693069
51	169	1.17744
51	171	1.16367
51	174	1.15076
51	175	1.19876
51	176	1.15192
51	178	1.1396
51	179	1.14536
51	180	1.18422
52	90	1.18614
52	117	1.1646
52	123	0.677489
52	127	1.18943
52	133	1.17561
52	138	1.15329
52	144	1.16141
52	158	0.74276
52	160	0.807552
52	161	1.09543
52	167	1.17459
52	171	0.819019
52	174	0.841843
52	177	1.19949
52	180	0.806848
53	93	1.18573
53	97	1.20826
53	100	1.15979
53	102	0.768982
53	117	1.155
53	120	1.16073
53	130	1.19079
53	133	1.16601
53	162	0.798524
53	164	0.76927
53	165	0.806853
53	166	1.06581
53	168	0.736492
53	171	0.817284
53	173	1.20787
54	20	1.1032
54	43	1.14725
54	48	1.14811
54	67	0.694696
54	69	1.16693
54	72	1.13633
54	92	1.13864
54	99	1.22451
54	134	0.767055
54	151	0.79234
54	162	0.819578
54	163	0.766665
54	167	1.16352
54	172	1.27151
54	179	0.856316
55	6	1.11842
55	62	1.21289
55	64	1.21289
55	73	1.21986
55	76	1.02009
55	80	1.01629
55	86	1.08629
55	91	1.04365
55	95	1.10729
55	125	1.16232
55	131	0.866844
55	163	0.792812
55	168	0.783694
55	170	0.879828
55	171	0.864485
55	177	0.809038
56	12	1.09059
56	23	1.11577
56	29	0.878625
56	68	1.04619
56	78	1.10123
56	79	1.11496
56	88	1.18083
56	101	1.10989
56	105	1.16368
56	115	1.14143
56	158	0.753481
56	159	1.13542
56	170	0.845082
56	174	0.852564
56	177	0.774292
56	178	0.858672
57	13	0.697907
57	69	0.625052
57	96	0.672595
57	101	0.661004
57	130	0.648835
57	136	0.645797
57	164	1.29586
57	170	1.23018
57	171	1.24076
57	173	0.651653
57	174	1.22786
57	175	1.27586
57	176	1.22901
57	178	1.2167
57	179	1.22246
57	180	1.26131
58	72	0.804702
58	86	0.759866
58	99	0.742395
58	122	0.83717
58	125	0.749334
58	129	0.707242
58	158	1.1505
58	165	1.14114
58	169	1.12701
58	171	1.11325
58	174	1.10034
58	175	1.14834
58	176	1.1015
58	178	1.08918
58	179	1.09494
58	180	1.13379
59	12	1.08698
59	17	1.1482
59	68	1.04259
59	78	1.09762
59	79	1.11136
59	88	1.17723
59	101	1.10629
59	105	1.16008
59	115	1.13783
59	152	0.780599
59	159	1.13181
59	161	0.888365
59	174	0.841159
59	176	0.83375
59	178	0.847267
59	180	0.806164
60	2	1.11803
60	3	0.94076
60	27	0.750433
60	30	1.14076
60	36	1.13011
60	51	0.764478
60	70	1.08503
60	75	1.16281
60	84	0.80676
60	129	1.19255
60	132	1.14198
60	159	1.09895
60	168	0.819264
60	172	1.18902
60	175	0.861572
60	178	0.928989
61	3	0.937934
61	32	0.746625
61	88	0.748946
61	89	0.727111
61	105	0.738155
61	160	1.13179
61	163	1.16693
61	164	1.16229
61	171	1.1072
61	173	0.770233
61	174	1.09429
61	175	1.14229
61	176	1.09545
61	178	1.08313
61	179	1.08889
61	180	1.12774
62	37	0.563205
62	55	1.21289
62	64	1.43871
62	73	1.44568
62	76	1.24591
62	80	1.24211
62	86	1.31211
62	91	1.26947
62	95	1.33311
62	124	0.710195
62	165	0.681045
62	166	0.786197
62	168	0.610684
62	177	0.636028
62	179	0.709453
63	42	1.12142
63	103	1.16597
63	111	1.2507
63	117	1.18796
63	120	1.19368
63	130	1.22374
63	133	1.19896
63	152	0.741615
63	153	0.699839
63	155	0.793732
63	157	0.752323
63	161	1.11879
63	164	0.731336
63	167	1.19795
63	173	1.24082
63	174	0.802175
63	178	0.808283
64	45	0.637822
64	55	1.21289
64	62	1.43871
64	73	1.44568
64	76	1.24591
64	80	1.24211
64	84	0.597359
64	86	1.31211
64	91	1.26947
64	95	1.33311
64	155	0.705036
64	170	0.705997
64	176	0.70607
64	177	0.635207
64	179	0.708633
65	80	1.13703
65	86	1.20703
65	91	1.1644
65	95	1.22803
65	109	0.681827
65	120	1.18742
65	127	1.20653
65	132	0.733586
65	133	1.19271
65	139	1.17401
65	148	1.16827
65	151	0.76992
65	152	0.778183
65	162	0.797157
65	168	0.735126
65	173	1.23456
65	179	0.833896
66	85	1.14146
66	96	1.22414
66	104	1.13735
66	107	1.18735
66	108	1.15783
66	112	1.18735
66	114	1.20163
66	121	0.757732
66	149	1.20686
66	159	1.21553
66	161	0.816299
66	162	0.727508
66	166	0.84099
66	170	0.761611
66	173	1.2405
66	177	0.690821
66	180	0.734098
67	54	0.694696
67	68	0.783712
67	122	0.685583
67	130	0.652474
67	135	0.735987
67	138	0.695333
67	160	1.1935
67	163	1.22864
67	164	1.224
67	168	1.24009
67	171	1.1689
67	173	0.655292
67	174	1.156
67	175	1.20399
67	178	1.14484
67	179	1.15059
67	180	1.18945
68	19	1.06682
68	56	1.04619
68	59	1.04259
68	67	0.783712
68	78	1.06722
68	79	1.08095
68	88	1.14683
68	101	1.07589
68	105	1.12967
68	109	0.793263
68	115	1.10742
68	141	1.03502
68	154	0.866452
68	158	0.851095
68	159	1.10141
68	166	1.02208
68	179	0.945332
69	25	1.19951
69	32	1.21295
69	48	1.14282
69	54	1.16693
69	57	0.625052
69	72	1.13103
69	92	1.13335
69	99	1.21922
69	124	0.791053
69	129	1.26974
69	160	0.760867
69	161	0.842364
69	167	1.15823
69	172	1.26621
69	177	0.716886
69	178	0.801266
69	180	0.760163
70	2	1.19581
70	3	1.01854
70	30	1.21854
70	36	1.20789
70	60	1.08503
70	75	1.24059
70	129	1.27032
70	132	1.21976
70	145	0.87954
70	146	0.736049
70	150	0.732308
70	157	0.768756
70	159	1.17672
70	168	0.714991
70	172	1.2668
70	175	0.757298
70	177	0.740335
71	14	1.17148
71	40	1.11683
71	47	1.20658
71	49	1.19419
71	98	1.22763
71	110	1.24804
71	121	0.792621
71	147	0.705551
71	152	0.743422
71	166	1.09248
71	167	1.19166
71	169	0.771878
71	173	1.23454
71	174	0.803982
71	175	0.742672
71	177	1.21656
71	180	0.768987
72	20	1.0673
72	25	1.1689
72	32	1.18234
72	48	1.11221
72	54	1.13633
72	58	0.804702
72	69	1.13103
72	89	1.14731
72	92	1.10274
72	99	1.18861
72	164	0.748743
72	166	0.891478
72	167	1.12762
72	171	0.796757
72	172	1.23561
72	175	0.758273
72	176	0.812173
72	180	0.784587
73	6	1.35121
73	55	1.21986
73	62	1.44568
73	64	1.44568
73	76	1.25288
73	80	1.24908
73	86	1.31908
73	91	1.27644
73	95	1.34008
73	102	0.658968
73	116	0.570479
73	143	0.687467
73	147	0.631664
73	150	0.643796
73	161	0.777301
73	169	0.697991
73	180	0.6951
74	93	0.740117
74	111	0.714365
74	114	0.779302
74	136	0.723935
74	138	0.769832
74	140	0.731789
74	157	1.16144
74	159	0.71087
74	162	1.16683
74	165	1.16584
74	169	1.15171
74	171	1.13794
74	174	1.12503
74	175	1.17303
74	176	1.12619
74	178	1.11387
74	179	1.11963
74	180	1.15849
75	2	1.27359
75	3	1.09632
75	30	1.29632
75	36	1.28567
75	60	1.16281
75	70	1.24059
75	121	0.742718
75	129	1.3481
75	132	1.29753
75	142	0.715575
75	143	0.711452
75	150	0.66778
75	157	0.704228
75	159	1.2545
75	162	0.712494
75	171	0.731254
75	172	1.34458
75	177	0.675807
76	6	1.15144
76	16	1.10283
76	51	0.703718
76	55	1.02009
76	62	1.24591
76	64	1.24591
76	73	1.25288
76	80	1.04931
76	86	1.11931
76	91	1.07667
76	95	1.14031
76	121	0.85076
76	125	1.19534
76	143	0.819493
76	158	0.763038
76	165	0.828865
76	175	0.800812
76	180	0.827126
77	46	0.859448
77	82	1.13206
77	90	0.00641155
77	118	1.1751
77	126	1.15234
77	127	1.15421
77	135	1.14326
77	137	1.11198
77	138	1.11807
77	139	1.12169
77	140	1.12799
77	143	0.949417
77	146	0.909486
77	148	1.11594
77	158	0.892961
77	172	1.24735
77	175	0.930735
77	179	0.987198
78	12	1.11162
78	27	0.680335
78	56	1.10123
78	59	1.09762
78	68	1.06722
78	79	1.13599
78	88	1.20186
78	101	1.13092
78	105	1.18471
78	115	1.16246
78	119	1.24993
78	155	0.84434
78	159	1.15644
78	168	0.749166
78	171	0.829958
78	174	0.852783
78	175	0.791474
78	179	0.847936
79	9	1.18916
79	12	1.12535
79	19	1.13559
79	56	1.11496
79	59	1.11136
79	68	1.08095
79	78	1.13599
79	88	1.2156
79	101	1.14466
79	115	1.17619
79	116	0.706077
79	154	0.781966
79	156	0.879886
79	159	1.17018
79	163	0.771195
79	164	0.794854
79	174	0.865693
79	180	0.830698
80	6	1.14764
80	55	1.01629
80	62	1.24211
80	64	1.24211
80	65	1.13703
80	73	1.24908
80	76	1.04931
80	86	1.11551
80	91	1.07287
80	95	1.13651
80	125	1.19154
80	141	0.999852
80	142	0.969345
80	153	0.905515
80	158	0.908767
80	168	0.904233
80	172	0.00919463
80	177	0.929578
81	11	1.14898
81	18	1.13786
81	28	1.07287
81	31	1.21869
81	33	0.791197
81	34	1.21791
81	35	1.07562
81	50	1.16186
81	90	1.16146
81	102	0.750428
81	145	0.882488
81	149	1.15916
81	150	0.735256
81	161	1.07076
81	169	0.789451
81	174	0.821555
81	177	1.17482
81	178	0.827663
82	77	1.13206
82	106	1.15425
82	113	1.11949
82	135	1.15141
82	136	1.14639
82	137	1.12013
82	138	1.12622
82	140	1.13614
82	144	1.13433
82	148	1.12409
82	158	0.749603
82	163	0.754188
82	164	0.777848
82	166	0.920583
82	168	0.74507
82	171	0.825862
82	172	1.2555
82	178	0.854794
83	11	1.21262
83	18	1.20149
83	28	1.13651
83	31	1.28233
83	34	1.28155
83	35	1.13926
83	50	1.22549
83	84	0.703919
83	90	1.2251
83	123	0.655686
83	132	0.714883
83	149	1.2228
83	150	0.733741
83	155	0.811597
83	157	0.770188
83	160	0.785748
83	161	1.1344
83	165	0.786784
83	177	1.23845
84	32	0.682031
84	43	0.751237
84	50	0.689116
84	60	0.80676
84	64	0.597359
84	83	0.703919
84	111	0.690213
84	120	0.713329
84	145	1.17877
84	162	1.23616
84	165	1.23516
84	169	1.22103
84	170	1.19668
84	174	1.19436
84	175	1.24236
84	176	1.19551
84	178	1.1832
84	179	1.18896
84	180	1.22781
85	22	1.09426
85	41	1.18176
85	66	1.14146
85	96	1.12518
85	104	1.03839
85	107	1.08839
85	108	1.05887
85	109	0.710525
85	112	1.08839
85	114	1.10266
85	141	0.859442
85	150	1.12253
85	151	0.798618
85	156	0.881634
85	159	1.11657
85	161	0.914647
85	162	0.825855
85	166	0.939337
85	173	1.14154
86	6	1.21764
86	44	0.673565
86	55	1.08629
86	58	0.759866
86	62	1.31211
86	64	1.31211
86	65	1.20703
86	73	1.31908
86	76	1.11931
86	80	1.11551
86	91	1.14287
86	95	1.20651
86	124	0.770641
86	125	1.26154
86	134	0.680639
86	145	0.835679
86	165	0.741491
86	177	0.696474
86	180	0.739752
87	106	1.21198
87	109	0.638745
87	126	1.21822
87	127	1.22008
87	134	0.701553
87	135	1.20914
87	136	1.20411
87	137	1.17786
87	138	1.18394
87	139	1.18757
87	144	1.19205
87	146	0.713102
87	148	1.18182
87	155	0.787217
87	169	0.763556
87	172	1.31323
87	174	0.79566
87	178	0.801768
87	180	0.760665
88	9	1.25503
88	38	0.607823
88	56	1.18083
88	59	1.17723
88	61	0.748946
88	68	1.14683
88	78	1.20186
88	79	1.2156
88	101	1.21053
88	105	1.26431
88	115	1.24206
88	141	1.16967
88	143	0.757845
88	146	0.717914
88	159	1.23605
88	160	0.766181
88	168	0.696856
88	170	0.79299
88	178	0.80658
89	10	1.30711
89	20	1.11418
89	25	1.21579
89	32	1.22922
89	43	1.15824
89	61	0.727111
89	72	1.14731
89	92	1.14963
89	99	1.23549
89	121	0.767276
89	129	1.28602
89	142	0.740133
89	152	0.718077
89	160	0.744346
89	167	1.17451
89	168	0.675021
89	172	1.28249
89	176	0.771229
89	178	0.784745
90	11	1.16542
90	18	1.15429
90	26	0.852824
90	28	1.08931
90	31	1.23513
90	34	1.23435
90	35	1.09206
90	50	1.17829
90	52	1.18614
90	77	0.00641155
90	81	1.16146
90	83	1.2251
90	121	0.938768
90	155	0.941687
90	157	0.900278
90	158	0.851046
90	161	1.0872
90	163	0.855631
90	168	0.846513
90	177	1.19125
91	6	1.175
91	16	1.12639
91	44	0.72063
91	55	1.04365
91	62	1.26947
91	64	1.26947
91	65	1.1644
91	73	1.27644
91	76	1.07667
91	80	1.07287
91	86	1.14287
91	94	0.708769
91	95	1.16387
91	125	1.2189
91	151	0.75299
91	166	0.893709
91	168	0.718196
91	170	0.81433
91	171	0.798987
91	174	0.821812
92	10	1.26254
92	32	1.18466
92	43	1.11367
92	46	0.704715
92	48	1.11453
92	54	1.13864
92	69	1.13335
92	72	1.10274
92	89	1.14963
92	99	1.19093
92	123	0.672957
92	129	1.24145
92	131	0.816844
92	141	0.829312
92	162	0.795725
92	165	0.804055
92	167	1.12994
92	172	1.23792
92	175	0.776001
92	176	0.829902
93	53	1.18573
93	74	0.740117
93	97	1.21882
93	100	1.17035
93	103	1.14358
93	117	1.16556
93	120	1.17129
93	130	1.20134
93	131	0.811619
93	133	1.17657
93	150	0.745787
93	152	0.771526
93	161	1.0964
93	163	0.737587
93	166	1.07637
93	167	1.17555
93	170	0.824603
93	173	1.21843
93	175	0.770776
93	179	0.827239
94	9	0.690552
94	91	0.708769
94	101	0.718067
94	115	0.784975
94	144	0.716038
94	148	0.738031
94	153	1.20699
94	158	1.18454
94	163	1.20702
94	167	0.738429
94	168	1.21848
94	169	1.16105
94	170	1.1367
94	171	1.14728
94	173	0.708716
94	175	1.18237
94	176	1.13553
94	178	1.12322
94	179	1.12898
94	180	1.16783
95	6	1.23864
95	16	1.19003
95	33	0.754498
95	55	1.10729
95	62	1.33311
95	64	1.33311
95	65	1.22803
95	73	1.34008
95	76	1.14031
95	80	1.13651
95	86	1.20651
95	91	1.16387
95	123	0.620502
95	125	1.28254
95	134	0.690748
95	157	0.735005
95	164	0.714018
95	165	0.751601
95	171	0.762031
95	174	0.784856
95	180	0.749861
96	22	1.17694
96	41	1.26444
96	45	0.767043
96	57	0.672595
96	66	1.22414
96	85	1.12518
96	104	1.12107
96	107	1.17107
96	108	1.14155
96	112	1.17107
96	114	1.18534
96	132	0.737544
96	149	1.19057
96	150	1.2052
96	153	0.740365
96	158	0.743618
96	159	1.19924
96	168	0.739084
96	169	0.810597
96	173	1.22421
96	175	0.781392
96	176	0.835292
97	42	1.12155
97	53	1.20826
97	93	1.21882
97	100	1.19288
97	103	1.1661
97	116	0.693202
97	117	1.18809
97	120	1.19381
97	130	1.22387
97	131	0.832352
97	132	0.747662
97	133	1.1991
97	141	1.1496
97	150	0.76652
97	152	0.792259
97	163	0.75832
97	164	0.78198
97	166	1.09889
97	167	1.19808
97	168	0.749202
97	173	1.24095
97	177	0.774546
98	7	1.07808
98	14	1.1706
98	15	1.17808
98	40	1.11596
98	47	1.20571
98	49	1.19332
98	71	1.22763
98	110	1.24716
98	116	0.657648
98	124	0.813159
98	128	0.713584
98	132	1.25173
98	152	0.756705
98	156	0.831458
98	162	0.775679
98	166	1.0916
98	167	1.19079
98	173	1.23366
98	175	0.755955
98	176	0.809856
98	177	1.21568
98	180	0.78227
99	10	1.34841
99	20	1.15548
99	29	0.783336
99	32	1.27052
99	43	1.19953
99	48	1.20039
99	54	1.22451
99	58	0.742395
99	69	1.21922
99	72	1.18861
99	89	1.23549
99	92	1.19093
99	128	0.653595
99	129	1.32731
99	146	0.674717
99	152	0.696715
99	160	0.722984
99	167	1.2158
99	172	1.32379
99	175	0.695966
99	176	0.749867
99	177	0.679003
99	178	0.763383
100	27	0.689935
100	39	1.22144
100	53	1.15979
100	93	1.17035
100	97	1.19288
100	103	1.11764
100	109	0.705468
100	111	1.20237
100	120	1.14535
100	130	1.17541
100	131	0.841917
100	133	1.15063
100	141	1.10114
100	156	0.876577
100	160	0.828092
100	161	1.07046
100	163	0.767885
100	165	0.829128
100	166	1.05043
100	167	1.14962
100	171	0.839558
100	173	1.19249
100	177	0.784111
101	9	1.18409
101	12	1.12028
101	19	1.13052
101	56	1.10989
101	57	0.661004
101	59	1.10629
101	68	1.07589
101	78	1.13092
101	79	1.14466
101	88	1.21053
101	94	0.718067
101	105	1.19337
101	115	1.17112
101	119	1.2586
101	141	1.09873
101	142	0.792605
101	143	0.788482
101	155	0.822667
101	156	0.845303
101	159	1.16511
101	164	0.760271
101	166	0.903006
101	178	0.837218
102	8	0.767849
102	43	0.796231
102	53	0.768982
102	73	0.658968
102	81	0.750428
102	148	0.779947
102	149	0.764371
102	151	1.19279
102	152	1.18885
102	159	0.731711
102	162	1.16306
102	163	1.19391
102	165	1.16207
102	169	1.14794
102	170	1.12359
102	171	1.13417
102	173	0.750632
102	174	1.12126
102	175	1.16926
102	176	1.12242
102	178	1.11011
102	179	1.11586
102	180	1.15472
103	5	1.19567
103	8	1.18889
103	33	0.899407
103	63	1.16597
103	93	1.14358
103	97	1.1661
103	100	1.11764
103	111	1.17559
103	117	1.11285
103	119	1.23424
103	120	1.11858
103	130	1.14863
103	146	0.847207
103	155	0.921322
103	157	0.879914
103	158	0.830682
103	161	1.04368
103	167	1.12284
103	170	0.922283
103	172	0.0101546
103	173	1.16572
103	176	0.922356
103	179	0.924918
104	4	1.23535
104	22	1.09015
104	41	1.17765
104	44	0.794816
104	66	1.13735
104	85	1.03839
104	96	1.12107
104	107	1.08428
104	108	1.05476
104	112	1.08428
104	114	1.09856
104	128	0.792317
104	129	1.20606
104	134	0.801891
104	142	0.857494
104	146	0.81344
104	147	0.797568
104	149	1.10379
104	150	1.11842
104	156	0.910192
104	159	1.11246
104	168	0.792382
104	173	1.13743
104	178	0.902106
105	9	1.23787
105	12	1.17407
105	19	1.1843
105	23	1.19925
105	56	1.16368
105	59	1.16008
105	61	0.738155
105	68	1.12967
105	78	1.18471
105	88	1.26431
105	101	1.19337
105	115	1.22491
105	119	1.31238
105	124	0.785576
105	141	1.15251
105	143	0.747053
105	145	0.850613
105	150	0.703382
105	152	0.729121
105	159	1.21889
105	164	0.718842
105	169	0.757577
105	177	0.711409
105	180	0.754686
106	16	0.764423
106	82	1.15425
106	87	1.21198
106	113	1.13352
106	118	1.19729
106	122	1.1621
106	126	1.17453
106	127	1.17639
106	132	0.722227
106	135	1.16545
106	137	1.13417
106	138	1.14025
106	139	1.14388
106	140	1.15017
106	144	1.14836
106	148	1.13813
106	156	0.841576
106	162	0.785798
106	168	0.723766
106	169	0.795279
106	172	1.26954
106	174	0.827383
106	175	0.766074
106	176	0.819974
106	177	0.749111
107	4	1.28535
107	22	1.14015
107	26	0.725989
107	41	1.22765
107	66	1.18735
107	85	1.08839
107	96	1.17107
107	104	1.08428
107	108	1.10476
107	112	1.13428
107	114	1.14856
107	129	1.25606
107	141	0.815297
107	142	0.78479
107	149	1.15379
107	150	1.16842
107	151	0.754472
107	153	0.72096
107	159	1.16246
107	161	0.870501
107	163	0.728797
107	165	0.790039
107	173	1.18743
107	176	0.815886
107	180	0.7883
108	4	1.25583
108	22	1.11063
108	23	1.11329
108	41	1.19813
108	66	1.15783
108	85	1.05887
108	96	1.14155
108	104	1.05476
108	107	1.10476
108	112	1.10476
108	114	1.11903
108	129	1.22654
108	145	0.910479
108	149	1.12427
108	150	1.1389
108	156	0.86374
108	159	1.13294
108	163	0.755048
108	164	0.778708
108	168	0.74593
108	169	0.817443
108	171	0.826722
108	173	1.15791
108	177	0.771274
108	179	0.8447
108	180	0.814552
109	15	0.728085
109	65	0.681827
109	68	0.793263
109	85	0.710525
109	87	0.638745
109	100	0.705468
109	122	0.695135
109	140	0.666842
109	147	1.26591
109	149	0.678582
109	154	1.26288
109	157	1.21558
109	163	1.25182
109	165	1.21998
109	167	0.694557
109	168	1.26328
109	169	1.20585
109	170	1.1815
109	171	1.19208
109	172	0.643829
109	174	1.17918
109	175	1.22718
109	176	1.18033
109	178	1.16802
109	179	1.17378
109	180	1.21263
110	7	1.09848
110	14	1.19101
110	15	1.19848
110	23	0.727552
110	27	1.25255
110	40	1.13636
110	47	1.22612
110	49	1.21372
110	71	1.24804
110	98	1.24716
110	123	0.629797
110	125	1.30257
110	128	0.69047
110	132	1.27214
110	141	0.786153
110	154	0.710425
110	160	0.75986
110	165	0.760896
110	166	1.11201
110	167	1.21119
110	171	0.771326
110	173	1.25407
110	175	0.732842
110	177	1.23609
110	178	0.800259
110	180	0.759156
111	8	1.27361
111	39	1.27939
111	42	1.13104
111	46	0.673737
111	63	1.2507
111	74	0.714365
111	84	0.690213
111	100	1.20237
111	103	1.17559
111	117	1.19758
111	119	1.31897
111	120	1.20331
111	130	1.23336
111	132	0.701177
111	133	1.20859
111	141	1.15909
111	146	0.723775
111	151	0.73751
111	156	0.820527
111	166	1.10838
111	167	1.20757
111	168	0.702717
111	173	1.25045
111	176	0.798924
111	177	0.728061
111	180	0.771338
112	4	1.28535
112	22	1.14015
112	38	0.65025
112	41	1.22765
112	44	0.741717
112	66	1.18735
112	85	1.08839
112	96	1.17107
112	104	1.08428
112	107	1.13428
112	108	1.10476
112	114	1.14856
112	129	1.25606
112	147	0.744468
112	149	1.15379
112	150	1.16842
112	151	0.774076
112	152	0.782339
112	159	1.16246
112	161	0.890105
112	165	0.809643
112	168	0.739282
112	173	1.18743
112	175	0.78159
112	178	0.849007
113	45	0.768009
113	82	1.11949
113	106	1.13352
113	116	0.68405
113	118	1.16253
113	119	1.23819
113	122	1.12735
113	126	1.13977
113	127	1.14163
113	135	1.13069
113	136	1.12566
113	137	1.09941
113	138	1.10549
113	139	1.10912
113	140	1.11541
113	144	1.1136
113	148	1.10337
113	151	0.774843
113	156	0.85786
113	158	0.744583
113	161	0.890872
113	166	0.915562
113	170	0.836184
113	172	1.23478
113	175	0.782357
113	179	0.838819
114	4	1.29962
114	22	1.15442
114	27	1.20018
114	41	1.24192
114	66	1.20163
114	74	0.779302
114	85	1.10266
114	96	1.18534
114	104	1.09856
114	107	1.14856
114	108	1.11903
114	112	1.14856
114	129	1.27033
114	135	0.000374476
114	146	0.788711
114	149	1.16806
114	150	1.18269
114	155	0.862827
114	158	0.772186
114	159	1.17673
114	161	0.918476
114	163	0.776771
114	166	0.943166
114	169	0.839166
114	173	1.2017
114	178	0.877378
114	179	0.866423
115	9	1.21562
115	12	1.15182
115	17	1.21304
115	19	1.16205
115	23	1.177
115	56	1.14143
115	59	1.13783
115	68	1.10742
115	78	1.16246
115	79	1.17619
115	88	1.24206
115	94	0.784975
115	101	1.17112
115	105	1.22491
115	118	0.00111752
115	119	1.29013
115	141	1.13026
115	147	0.799588
115	150	0.811719
115	153	0.795683
115	158	0.798935
115	159	1.19665
115	161	0.945225
115	170	0.890536
115	171	0.875193
115	177	0.819746
115	178	0.904126
116	7	0.89217
116	8	0.67936
116	73	0.570479
116	79	0.706077
116	97	0.693202
116	98	0.657648
116	113	0.68405
116	117	0.691397
116	126	0.668255
116	148	0.691458
116	151	1.25992
116	152	1.25598
116	154	1.2721
116	155	1.20773
116	160	1.2259
116	163	1.26104
116	164	1.2564
116	168	1.27249
116	170	1.19072
116	171	1.2013
116	172	0.641128
116	173	0.662143
116	174	1.18839
116	175	1.23639
116	176	1.18955
116	178	1.17724
116	179	1.18299
116	180	1.22185
117	5	1.21765
117	8	1.21087
117	42	1.0683
117	52	1.1646
117	53	1.155
117	63	1.18796
117	93	1.16556
117	97	1.18809
117	103	1.11285
117	111	1.19758
117	116	0.691397
117	120	1.14056
117	130	1.17062
117	133	1.14584
117	141	1.09635
117	145	0.911945
117	147	0.752582
117	151	0.78219
117	154	0.767286
117	162	0.809428
117	163	0.756514
117	166	1.04564
117	167	1.14483
117	170	0.84353
117	173	1.1877
117	174	0.851013
117	175	0.789704
117	177	0.77274
118	13	1.17546
118	21	1.16555
118	77	1.1751
118	106	1.19729
118	113	1.16253
118	115	0.00111752
118	122	1.19111
118	125	1.28193
118	126	1.20353
118	127	1.20539
118	135	1.19445
118	136	1.18942
118	137	1.16317
118	139	1.17288
118	140	1.17917
118	141	0.833125
118	144	1.17736
118	145	0.902056
118	148	1.16713
118	151	0.772301
118	157	0.791273
118	161	0.88833
118	162	0.799539
118	165	0.807868
118	170	0.833641
118	171	0.818299
118	172	1.29854
118	174	0.841124
118	180	0.806129
119	12	1.23929
119	29	0.757602
119	78	1.24993
119	101	1.2586
119	103	1.23424
119	105	1.31238
119	111	1.31897
119	113	1.23819
119	115	1.29013
119	130	1.292
119	132	0.626385
119	133	1.26723
119	136	1.26509
119	138	1.24491
119	144	1.25303
119	145	0.792474
119	148	1.24279
119	151	0.662718
119	152	0.670981
119	153	0.629206
119	156	0.745735
119	159	1.28412
119	162	0.689956
119	165	0.698286
119	169	0.699437
119	173	1.30909
119	175	0.670232
119	176	0.724132
119	179	0.726695
120	8	1.2166
120	23	0.76285
120	27	0.657001
120	38	1.22896
120	39	1.22238
120	42	1.07403
120	53	1.16073
120	63	1.19368
120	65	1.18742
120	84	0.713329
120	93	1.17129
120	97	1.19381
120	100	1.14535
120	103	1.11858
120	111	1.20331
120	117	1.14056
120	130	1.17634
120	133	1.15157
120	143	0.786822
120	150	0.74315
120	160	0.795158
120	161	1.07139
120	162	0.787864
120	167	1.15055
120	170	0.821967
120	171	0.806624
120	173	1.19343
120	174	0.829449
120	175	0.76814
120	176	0.82204
121	33	1.075
121	39	0.776446
121	66	0.757732
121	71	0.792621
121	75	0.742718
121	76	0.85076
121	89	0.767276
121	90	0.938768
121	136	0.804542
121	147	1.15646
121	151	1.14126
121	152	1.13731
121	155	1.08907
121	158	1.1199
121	162	1.11153
121	163	1.14238
121	164	1.13773
121	167	0.840111
121	168	1.15383
121	169	1.0964
121	170	1.07206
121	171	1.08264
121	172	0.789383
121	173	0.810398
121	174	1.06973
121	175	1.11773
121	176	1.07089
121	178	1.05857
121	179	1.06433
121	180	1.10319
122	21	1.13037
122	24	1.31191
122	51	0.693647
122	58	0.83717
122	67	0.685583
122	106	1.1621
122	109	0.695135
122	113	1.12735
122	118	1.19111
122	124	0.847945
122	126	1.16835
122	127	1.17021
122	132	0.746894
122	135	1.15927
122	136	1.15424
122	137	1.12799
122	138	1.13407
122	139	1.1377
122	140	1.14399
122	144	1.14218
122	148	1.13195
122	149	1.16461
122	150	1.17924
122	152	0.79149
122	162	0.810465
122	164	0.781211
122	168	0.748433
122	172	1.26336
122	174	0.85205
122	177	0.773778
123	2	0.67462
123	7	0.887432
123	25	0.64935
123	43	0.703004
123	52	0.677489
123	83	0.655686
123	92	0.672957
123	95	0.620502
123	110	0.629797
123	137	0.689021
123	148	0.68672
123	153	1.27842
123	155	1.22515
123	156	1.19986
123	162	1.2476
123	163	1.27845
123	164	1.27381
123	165	1.24661
123	167	0.687119
123	168	1.2899
123	169	1.23248
123	170	1.20813
123	171	1.21871
123	172	0.63639
123	174	1.20581
123	175	1.2538
123	176	1.20696
123	178	1.19465
123	179	1.2004
123	180	1.23926
124	19	0.859704
124	50	0.801131
124	62	0.710195
124	69	0.791053
124	86	0.770641
124	98	0.813159
124	105	0.785576
124	122	0.847945
124	133	0.825368
124	137	0.849269
124	141	1.08668
124	148	0.846969
124	151	1.14754
124	155	1.09536
124	156	1.07007
124	157	1.11242
124	158	1.12618
124	163	1.14866
124	164	1.14402
124	165	1.11682
124	168	1.16012
124	169	1.10269
124	170	1.07834
124	171	1.08892
124	174	1.07602
124	175	1.12402
124	176	1.07717
124	178	1.06486
124	179	1.07062
124	180	1.10947
125	55	1.16232
125	58	0.749334
125	76	1.19534
125	80	1.19154
125	86	1.26154
125	91	1.2189
125	95	1.28254
125	110	1.30257
125	118	1.28193
125	128	0.660534
125	136	1.24506
125	137	1.21881
125	139	1.22852
125	140	1.23482
125	148	1.22277
125	151	0.695392
125	154	0.680488
125	155	0.755772
125	163	0.669716
125	165	0.730959
125	166	1.147
125	167	1.24619
125	170	0.756732
125	171	0.74139
125	173	1.28907
125	174	0.764214
125	175	0.702905
125	176	0.756806
125	177	1.27109
125	180	0.72922
126	13	1.1527
126	24	1.32434
126	37	0.676776
126	77	1.15234
126	87	1.21822
126	106	1.17453
126	113	1.13977
126	116	0.668255
126	118	1.20353
126	122	1.16835
126	127	1.18264
126	135	1.17169
126	136	1.16667
126	137	1.14041
126	138	1.14649
126	139	1.15012
126	140	1.15642
126	144	1.15461
126	145	0.888804
126	147	0.729441
126	148	1.14437
126	149	1.17703
126	154	0.744144
126	160	0.79358
126	162	0.786286
126	163	0.733373
126	169	0.795767
126	171	0.805046
126	172	1.27578
126	175	0.766562
126	177	0.749599
126	179	0.823025
127	16	0.798933
127	51	0.70349
127	52	1.18943
127	65	1.20653
127	77	1.15421
127	87	1.22008
127	106	1.17639
127	113	1.14163
127	118	1.20539
127	122	1.17021
127	126	1.18264
127	128	0.758212
127	131	0.841427
127	135	1.17355
127	136	1.16853
127	138	1.14836
127	139	1.15198
127	140	1.15828
127	141	0.853894
127	142	0.823388
127	144	1.15647
127	148	1.14624
127	149	1.1789
127	150	1.19353
127	153	0.759557
127	161	0.909099
127	166	0.933789
127	167	0.00522207
127	172	1.27764
127	174	0.861893
127	176	0.854484
127	179	0.857046
128	11	0.777075
128	49	0.749149
128	98	0.713584
128	99	0.653595
128	104	0.792317
128	110	0.69047
128	125	0.660534
128	127	0.758212
128	130	0.71526
128	133	0.725792
128	137	0.749694
128	142	1.1902
128	149	0.731817
128	152	1.21298
128	153	1.218
128	154	1.2291
128	156	1.13945
128	157	1.1818
128	160	1.1829
128	164	1.21339
128	165	1.1862
128	168	1.22949
128	169	1.17207
128	170	1.14772
128	171	1.1583
128	173	0.718078
128	174	1.14539
128	175	1.19339
128	176	1.14655
128	178	1.13423
128	179	1.13999
128	180	1.17885
129	36	1.3154
129	44	0.62094
129	45	0.646465
129	58	0.707242
129	60	1.19255
129	69	1.26974
129	70	1.27032
129	75	1.3481
129	89	1.28602
129	92	1.24145
129	99	1.32731
129	104	1.20606
129	107	1.25606
129	108	1.22654
129	112	1.25606
129	114	1.27033
129	141	0.714124
129	145	0.783055
129	146	0.639564
129	159	1.28423
129	161	0.769328
129	164	0.651284
129	165	0.688867
129	167	1.26633
129	168	0.618506
129	170	0.71464
129	172	1.37431
129	173	1.3092
129	175	0.660813
129	178	0.72823
129	179	0.717275
130	5	1.25343
130	8	1.24665
130	38	1.25902
130	42	1.10408
130	53	1.19079
130	57	0.648835
130	63	1.22374
130	67	0.652474
130	93	1.20134
130	97	1.22387
130	100	1.17541
130	103	1.14863
130	111	1.23336
130	117	1.17062
130	119	1.292
130	120	1.17634
130	128	0.71526
130	133	1.18162
130	141	1.13213
130	154	0.735214
130	156	0.833134
130	157	0.76909
130	160	0.784649
130	161	1.10145
130	163	0.724442
130	164	0.748102
130	166	1.08142
130	167	1.18061
130	170	0.811458
130	173	1.22348
130	175	0.757632
130	177	0.740668
130	178	0.825049
130	179	0.814094
131	10	0.711749
131	25	0.793238
131	31	0.760023
131	55	0.866844
131	92	0.816844
131	93	0.811619
131	97	0.832352
131	100	0.841917
131	127	0.841427
131	135	0.881987
131	139	0.864572
131	145	1.05485
131	154	1.15414
131	155	1.08977
131	156	1.06449
131	157	1.10684
131	158	1.1206
131	160	1.10794
131	162	1.11223
131	163	1.14308
131	164	1.13844
131	165	1.11124
131	168	1.15453
131	169	1.09711
131	170	1.07276
131	171	1.08334
131	172	0.780278
131	174	1.07043
131	175	1.11843
131	176	1.07159
131	178	1.05928
131	179	1.06503
131	180	1.10389
132	4	0.596716
132	10	0.627059
132	20	0.736253
132	25	0.708548
132	49	1.21829
132	60	1.14198
132	65	0.733586
132	70	1.21976
132	75	1.29753
132	83	0.714883
132	96	0.737544
132	97	0.747662
132	98	1.25173
132	106	0.722227
132	110	1.27214
132	111	0.701177
132	119	0.626385
132	122	0.746894
132	133	0.724317
132	136	0.710747
132	159	1.23367
132	163	1.22927
132	166	1.11657
132	167	1.21576
132	168	1.24072
132	169	1.18329
132	171	1.16953
132	172	1.32374
132	173	1.25863
132	177	1.24065
132	178	1.14546
132	179	1.15122
132	180	1.19007
133	5	1.22866
133	16	1.1547
133	37	0.678378
133	39	1.22766
133	42	1.07931
133	52	1.17561
133	53	1.16601
133	63	1.19896
133	65	1.19271
133	93	1.17657
133	97	1.1991
133	100	1.15063
133	111	1.20859
133	117	1.14584
133	119	1.26723
133	120	1.15157
133	124	0.825368
133	128	0.725792
133	130	1.18162
133	132	0.724317
133	134	0.735365
133	141	1.10736
133	142	0.790969
133	145	0.890406
133	147	0.731043
133	150	0.743174
133	153	0.727138
133	161	1.07667
133	166	1.05665
133	167	1.15583
133	169	0.797369
133	173	1.19871
133	174	0.829473
133	178	0.835581
133	180	0.794478
134	3	0.895352
134	17	0.699566
134	24	0.62837
134	40	0.843424
134	54	0.767055
134	86	0.680639
134	87	0.701553
134	95	0.690748
134	104	0.801891
134	133	0.735365
134	144	0.734973
134	152	1.19819
134	153	1.20321
134	154	1.21431
134	156	1.12466
134	157	1.16701
134	158	1.18077
134	160	1.16811
134	162	1.1724
134	163	1.20325
134	164	1.1986
134	165	1.17141
134	167	0.757365
134	168	1.2147
134	169	1.15728
134	170	1.13293
134	171	1.14351
134	172	0.706637
134	173	0.727651
134	174	1.1306
134	175	1.1786
134	176	1.13176
134	178	1.11945
134	179	1.1252
134	180	1.16406
135	1	1.21967
135	13	1.14362
135	17	1.19301
135	37	0.751358
135	51	0.74405
135	67	0.735987
135	77	1.14326
135	82	1.15141
135	87	1.20914
135	106	1.16545
135	113	1.13069
135	114	0.000374476
135	118	1.19445
135	122	1.15927
135	126	1.17169
135	127	1.17355
135	131	0.881987
135	136	1.15758
135	137	1.13133
135	138	1.13741
135	139	1.14104
135	140	1.14734
135	144	1.14552
135	148	1.13529
135	150	1.18258
135	152	0.841894
135	153	0.800118
135	155	0.894011
135	163	0.807955
135	165	0.869198
135	169	0.87035
135	172	1.2667
135	177	0.824181
135	178	0.908562
135	179	0.897607
136	13	1.1386
136	21	1.12869
136	23	0.749304
136	57	0.645797
136	74	0.723935
136	82	1.14639
136	87	1.20411
136	113	1.12566
136	118	1.18942
136	119	1.26509
136	121	0.804542
136	122	1.15424
136	125	1.24506
136	126	1.16667
136	127	1.16853
136	132	0.710747
136	135	1.15758
136	137	1.12631
136	138	1.13239
136	139	1.13601
136	140	1.14231
136	141	0.807905
136	144	1.1405
136	148	1.13027
136	149	1.16293
136	150	1.17756
136	155	0.80746
136	165	0.782648
136	166	0.8878
136	171	0.793078
136	172	1.26167
136	175	0.754594
136	176	0.808494
136	177	0.737631
