1	6	1.28221
1	25	1.42387
1	37	1.39465
1	125	1.4257
1	137	0.5966
1	144	1.34288
1	154	1.46233
1	156	1.29841
1	159	0.616639
1	160	0.595793
1	173	0.595656
1	178	0.803566
2	39	1.34055
2	78	1.30275
2	92	1.41653
2	99	1.37068
2	124	1.40465
2	140	0.359281
2	152	1.36347
2	155	0.823154
2	156	0.641967
2	162	1.40234
2	169	0.696153
2	171	0.701056
3	84	1.41682
3	89	1.44949
3	91	1.41686
3	119	0.419168
3	123	0.48886
3	137	0.607391
3	154	1.48669
3	162	1.48037
3	174	0.943769
3	176	1.1518
3	177	1.18472
3	180	0.768
4	11	1.25969
4	70	1.23307
4	83	1.27838
4	85	1.15702
4	92	1.22288
4	99	1.17703
4	138	0.66506
4	144	1.09555
4	148	0.631763
4	151	0.854712
4	162	1.20869
4	180	0.914889
5	34	1.33877
5	37	1.34814
5	54	1.58541
5	125	1.37919
5	132	0.381669
5	142	0.542504
5	144	1.29637
5	153	0.664261
5	154	1.41582
5	156	1.2519
5	174	0.929051
5	175	0.713628
6	1	1.28221
6	25	1.17231
6	37	1.14309
6	54	1.38036
6	131	1.2985
6	140	0.659003
6	144	1.09132
6	154	1.21077
6	156	1.04685
6	157	0.0581016
6	173	0.897659
6	178	1.10557
7	12	1.43395
7	24	1.3607
7	32	1.36518
7	41	1.30279
7	50	1.30917
7	57	1.39154
7	72	1.4438
7	153	0.481883
7	155	0.634568
7	158	0.838315
7	170	0.456211
7	177	0.821066
8	29	1.58365
8	30	1.35295
8	40	1.4073
8	55	1.42643
8	77	1.31388
8	128	1.41304
8	139	0.498395
8	148	0.470462
8	168	0.742625
8	175	0.713934
8	177	1.12832
8	178	0.799944
9	30	1.38154
9	40	1.43589
9	53	1.31352
9	55	1.45502
9	64	1.53792
9	77	1.34247
9	117	0.624519
9	132	0.564765
9	140	0.536168
9	147	0.68997
9	159	0.795807
9	177	1.15692
10	12	1.3921
10	41	1.26093
10	45	1.42378
10	47	1.45623
10	57	1.34969
10	72	1.40194
10	113	1.31268
10	118	0.409432
10	123	0.471163
10	142	0.539525
10	177	1.00046
10	178	0.796659
11	4	1.25969
11	75	1.30796
11	78	1.32967
11	83	1.49895
11	85	1.37759
11	92	1.44345
11	99	1.3976
11	131	0.491329
11	138	0.601324
11	140	0.450945
11	145	0.57632
11	177	1.10132
12	7	1.43395
12	10	1.3921
12	24	1.32196
12	41	1.26404
12	45	1.42689
12	57	1.35279
12	72	1.40505
12	125	0.450207
12	144	0.56619
12	160	0.544608
12	172	0.655473
12	176	1.01448
13	100	1.3045
13	101	1.51336
13	106	1.36187
13	109	1.46658
13	110	1.4199
13	112	1.42054
13	145	0.4862
13	147	0.514626
13	161	0.711041
13	168	0.75007
13	176	1.08674
13	180	0.761034
14	19	1.38442
14	23	1.36725
14	79	1.32224
14	82	1.3951
14	90	1.46797
14	135	0.541017
14	153	0.648996
14	156	0.620493
14	162	1.42227
14	166	0.749632
14	169	0.67468
14	170	1.24909
15	44	1.44264
15	46	1.44369
15	79	1.29287
15	82	1.36573
15	90	1.4386
15	115	0.439291
15	143	0.603575
15	144	0.620204
15	162	1.3929
15	170	1.21972
15	178	0.806396
15	179	0.757497
16	71	1.25369
16	87	1.18837
16	94	1.24944
16	96	1.2005
16	97	1.20041
16	102	1.26194
16	132	0.538571
16	152	1.18671
16	156	1.06797
16	161	0.86019
16	167	0.803941
16	172	0.859631
17	26	1.33123
17	63	1.47455
17	80	1.36149
17	88	1.43448
17	125	0.61503
17	140	0.470639
17	141	0.547482
17	142	1.30221
17	157	1.44701
17	163	0.713972
17	168	0.859885
17	173	1.26245
18	100	1.3045
18	101	1.51336
18	106	1.36187
18	109	1.46658
18	110	1.4199
18	112	1.42054
18	130	0.645365
18	140	0.410338
18	150	0.700444
18	173	0.648994
18	176	1.08674
18	179	0.808005
19	14	1.38442
19	23	1.2854
19	27	1.29394
19	79	1.24039
19	82	1.31324
19	90	1.38611
19	119	0.44252
19	129	0.5695
19	162	1.34042
19	163	0.634477
19	167	0.68511
19	170	1.16724
19	176	1.09981
20	87	1.27953
20	94	1.3406
20	96	1.29166
20	97	1.29157
20	102	1.3531
20	111	0.608788
20	131	1.41078
20	135	0.642039
20	152	1.27787
20	156	1.15914
20	160	0.677622
20	169	0.775702
20	170	0.724346
21	33	1.26608
21	36	1.26809
21	62	1.36373
21	73	1.32218
21	81	1.28335
21	86	1.36
21	123	0.471658
21	125	1.2746
21	136	1.28608
21	146	0.624872
21	159	0.610227
21	175	0.711143
21	177	1.00096
22	42	1.41849
22	52	1.50329
22	58	1.31013
22	61	1.29041
22	108	1.18059
22	130	0.69296
22	136	1.32277
22	137	0.697533
22	142	0.647365
22	149	0.678819
22	163	0.701267
22	170	1.16843
22	173	1.20036
23	14	1.36725
23	19	1.2854
23	46	1.37404
23	79	1.22322
23	82	1.29608
23	90	1.36895
23	111	0.541723
23	132	0.400362
23	153	0.682953
23	162	1.32325
23	170	1.15007
23	175	0.73232
23	176	1.08043
24	7	1.3607
24	12	1.32196
24	41	1.19079
24	45	1.35364
24	47	1.38609
24	50	1.19717
24	72	1.3318
24	111	0.597929
24	113	1.24254
24	130	0.662998
24	132	0.456568
24	156	0.710656
24	174	1.00395
25	1	1.42387
25	6	1.17231
25	34	1.27538
25	125	1.3158
25	131	1.44016
25	144	1.23298
25	151	0.73881
25	154	1.35243
25	156	1.18851
25	158	0.507364
25	160	0.63757
25	171	0.740553
25	179	0.796444
26	17	1.33123
26	51	1.45556
26	80	1.26359
26	88	1.33659
26	119	0.643257
26	133	0.570365
26	136	1.28697
26	141	0.668723
26	142	1.20431
26	145	0.717255
26	149	0.812766
26	157	1.34911
26	173	1.16455
27	19	1.29394
27	44	1.38153
27	79	1.23177
27	82	1.30462
27	90	1.37749
27	117	1.31225
27	137	0.667527
27	150	0.718033
27	158	0.536513
27	162	1.3318
27	166	0.839751
27	170	1.15862
27	173	0.666582
28	93	1.48711
28	100	1.20843
28	101	1.41728
28	106	1.2658
28	109	1.3705
28	110	1.32383
28	112	1.32446
28	116	0.571372
28	126	0.537028
28	163	0.719503
28	167	0.770136
28	171	0.817944
28	176	0.990662
29	8	1.58365
29	30	1.46691
29	53	1.39889
29	64	1.62328
29	77	1.42784
29	122	1.66985
29	125	0.567041
29	133	0.401136
29	138	0.573029
29	145	0.548025
29	153	0.733838
29	171	0.764424
29	177	1.24229
30	8	1.35295
30	9	1.38154
30	29	1.46691
30	40	1.29056
30	55	1.30969
30	64	1.39258
30	74	0.541622
30	77	1.19714
30	115	0.695299
30	140	0.615839
30	141	0.692682
30	160	0.854631
30	177	1.01159
31	48	1.24917
31	84	1.35402
31	89	1.38669
31	91	1.35406
31	111	0.518816
31	154	1.42388
31	162	1.41757
31	166	0.760682
31	167	0.642824
31	173	0.587512
31	174	0.924835
31	176	1.089
31	177	1.12192
32	7	1.36518
32	41	1.19526
32	45	1.35811
32	47	1.39056
32	50	1.20164
32	57	1.28402
32	72	1.33628
32	113	1.24701
32	127	0.516852
32	156	0.727135
32	163	0.687783
32	165	0.753174
32	170	0.729966
33	21	1.26608
33	36	1.3026
33	81	1.31786
33	86	1.39451
33	117	0.62346
33	123	0.656179
33	128	1.32849
33	133	0.513595
33	136	1.32059
33	137	1.17169
33	147	0.68891
33	152	1.30056
33	179	0.932776
34	5	1.33877
34	25	1.27538
34	37	1.24616
34	54	1.48343
34	127	0.591298
34	131	1.40157
34	133	0.497382
34	144	1.19439
34	145	0.644271
34	154	1.31385
34	156	1.14993
34	163	0.76223
34	180	0.919105
35	84	1.5311
35	89	1.56378
35	91	1.53115
35	121	0.596167
35	130	0.688471
35	132	0.482041
35	137	0.693044
35	148	0.570527
35	154	1.60097
35	158	0.562031
35	162	1.59466
35	176	1.26609
35	177	1.299
36	21	1.26809
36	33	1.3026
36	56	1.31832
36	60	1.31585
36	73	1.3587
36	81	1.31986
36	86	1.39652
36	121	0.55023
36	127	0.479909
36	137	1.1737
36	153	0.718695
36	155	0.87138
36	179	0.805173
37	1	1.39465
37	5	1.34814
37	6	1.14309
37	34	1.24616
37	54	1.4928
37	115	0.615028
37	125	1.28658
37	145	0.660943
37	146	0.809851
37	147	0.689369
37	154	1.32322
37	156	1.1593
37	158	0.644154
38	42	1.60307
38	49	1.57991
38	61	1.47498
38	111	0.427492
38	116	0.352736
38	117	1.50664
38	136	1.50735
38	150	0.547639
38	168	0.646779
38	170	1.35301
38	173	1.38494
38	176	0.966202
38	180	0.657742
39	2	1.34055
39	75	1.19518
39	83	1.38617
39	85	1.26481
39	92	1.33066
39	99	1.28482
39	126	0.526441
39	131	0.505966
39	152	1.27761
39	161	0.815798
39	162	1.31648
39	163	0.708916
39	180	0.865791
40	8	1.4073
40	9	1.43589
40	30	1.29056
40	53	1.22253
40	55	1.36404
40	77	1.25149
40	118	0.551905
40	124	1.36389
40	144	0.75294
40	148	0.609649
40	149	0.713452
40	153	0.803755
40	177	1.06593
41	7	1.30279
41	10	1.26093
41	12	1.26404
41	24	1.19079
41	32	1.19526
41	47	1.32817
41	50	1.13925
41	57	1.22163
41	72	1.27389
41	74	0.478141
41	118	0.611697
41	137	0.791958
41	168	0.941604
41	173	0.791014
42	22	1.41849
42	38	1.60307
42	58	1.42367
42	61	1.40395
42	108	1.29413
42	129	0.393613
42	136	1.43631
42	143	0.459
42	169	0.552128
42	170	1.28197
42	173	1.3139
42	176	0.923924
42	177	0.865627
42	180	0.615464
43	63	1.50127
43	65	1.32436
43	80	1.3882
43	88	1.4612
43	119	0.483744
43	124	1.43272
43	135	0.635576
43	139	0.577383
43	142	1.32893
43	150	0.722473
43	157	1.47373
43	159	0.692006
43	163	0.6757
43	173	1.28917
44	15	1.44264
44	27	1.38153
44	46	1.47879
44	79	1.32797
44	82	1.40083
44	90	1.4737
44	141	0.343221
44	144	0.526751
44	162	1.428
44	166	0.678202
44	170	1.25482
44	171	0.608152
44	177	0.916748
44	178	0.712943
45	10	1.42378
45	12	1.42689
45	24	1.35364
45	32	1.35811
45	47	1.49102
45	50	1.3021
45	57	1.38448
45	72	1.43673
45	119	0.519205
45	127	0.54023
45	139	0.612844
45	141	0.544672
45	143	0.711573
45	168	0.857074
46	15	1.44369
46	23	1.37404
46	44	1.47879
46	79	1.32903
46	82	1.40188
46	90	1.47475
46	127	0.43486
46	131	0.402842
46	134	0.723131
46	139	0.507474
46	161	0.712674
46	162	1.42905
46	170	1.25587
46	177	1.01283
47	10	1.45623
47	24	1.38609
47	32	1.39056
47	41	1.32817
47	45	1.49102
47	50	1.33455
47	57	1.41693
47	113	1.37992
47	117	0.488
47	140	0.399649
47	156	0.682335
47	159	0.659288
47	166	0.811474
47	171	0.741424
48	31	1.24917
48	67	1.44797
48	84	1.14632
48	89	1.17899
48	91	1.14636
48	132	0.766992
48	133	0.716881
48	140	0.738395
48	154	1.21619
48	162	1.20987
48	170	1.02391
48	176	0.881302
48	177	0.914216
49	38	1.57991
49	52	1.59367
49	58	1.40051
49	61	1.38078
49	108	1.27096
49	117	1.41244
49	130	0.670175
49	133	0.413634
49	135	0.638357
49	158	0.543734
49	167	0.729115
49	170	1.25881
49	173	1.29074
49	175	0.795703
50	7	1.30917
50	24	1.19717
50	32	1.20164
50	41	1.13925
50	45	1.3021
50	47	1.33455
50	57	1.22801
50	72	1.28027
50	108	0.887461
50	113	1.191
50	116	0.683616
50	118	0.647752
50	133	0.566899
50	160	0.827205
51	26	1.45556
51	65	1.42197
51	80	1.48582
51	88	1.55882
51	115	0.366131
51	135	0.48988
51	136	1.50919
51	144	0.547045
51	146	0.560954
51	157	1.57134
51	172	0.636328
51	173	1.38678
51	176	0.995339
52	22	1.50329
52	49	1.59367
52	58	1.50847
52	61	1.48875
52	136	1.52111
52	139	0.470505
52	147	0.479291
52	160	0.564282
52	163	0.568823
52	164	0.720879
52	170	1.36677
52	173	1.3987
52	178	0.772055
53	9	1.31352
53	29	1.39889
53	40	1.22253
53	55	1.24166
53	64	1.32456
53	77	1.12911
53	122	1.37112
53	124	1.24152
53	131	0.508226
53	143	0.711587
53	159	0.72748
53	172	0.817499
53	177	0.943562
53	180	0.868051
54	5	1.58541
54	6	1.38036
54	34	1.48343
54	37	1.4928
54	117	0.411498
54	131	1.64821
54	144	1.44103
54	146	0.59743
54	151	0.663179
54	154	1.56049
54	156	1.39656
54	158	0.431733
54	165	0.631871
54	166	0.734972
54	175	0.683702
55	8	1.42643
55	9	1.45502
55	30	1.30969
55	40	1.36404
55	53	1.24166
55	64	1.46606
55	77	1.27062
55	123	0.515245
55	128	1.36978
55	130	0.629202
55	142	0.583607
55	168	0.783421
55	170	0.679692
55	177	1.08506
55	180	0.794384
56	36	1.31832
56	60	1.32956
56	62	1.41396
56	73	1.37242
56	81	1.33358
56	86	1.41024
56	128	1.34422
56	129	0.548635
56	134	0.730952
56	137	1.18741
56	139	0.515294
56	152	1.31628
56	166	0.782102
56	170	0.655794
56	179	0.767944
57	7	1.39154
57	10	1.34969
57	12	1.35279
57	32	1.28402
57	41	1.22163
57	45	1.38448
57	47	1.41693
57	50	1.22801
57	72	1.36264
57	115	0.53923
57	123	0.580839
57	139	0.604785
57	160	0.698561
57	173	0.698425
57	180	0.859978
58	22	1.31013
58	42	1.42367
58	49	1.40051
58	52	1.50847
58	61	1.29558
58	117	1.32724
58	126	0.455827
58	130	0.629995
58	134	0.755642
58	136	1.32795
58	143	0.638713
58	165	0.703693
58	166	0.806793
58	170	1.17361
58	173	1.20554
59	71	1.40717
59	87	1.34185
59	94	1.40292
59	96	1.35398
59	97	1.35389
59	102	1.41542
59	121	0.598968
59	133	0.434731
59	134	1.17152
59	141	0.533089
59	151	0.796277
59	152	1.34019
59	156	1.22145
59	165	0.76497
59	168	0.845491
60	36	1.31585
60	56	1.32956
60	62	1.41148
60	73	1.36994
60	86	1.40776
60	125	1.32236
60	131	0.42874
60	136	1.33384
60	137	1.18494
60	138	0.538735
60	139	0.533372
60	152	1.31381
60	174	0.964334
60	175	0.748911
60	180	0.788565
61	22	1.29041
61	38	1.47498
61	42	1.40395
61	49	1.38078
61	52	1.48875
61	58	1.29558
61	125	0.590364
61	129	0.62433
61	133	0.424459
61	136	1.30823
61	147	0.599774
61	155	0.909846
61	170	1.15388
61	173	1.18582
61	179	0.843639
62	21	1.36373
62	56	1.41396
62	60	1.41148
62	73	1.45434
62	81	1.4155
62	86	1.49216
62	128	1.42613
62	131	0.38555
62	134	0.70584
62	136	1.41824
62	141	0.422009
62	148	0.462249
62	152	1.3982
62	173	0.583821
62	176	1.05383
62	179	0.742832
63	17	1.47455
63	43	1.50127
63	65	1.34306
63	80	1.40691
63	88	1.4799
63	119	0.455117
63	120	0.559166
63	131	0.444123
63	136	1.43028
63	142	1.34763
63	157	1.49243
63	160	0.642532
63	170	0.689256
63	173	1.30787
63	175	0.764294
63	179	0.801406
64	9	1.53792
64	29	1.62328
64	30	1.39258
64	53	1.32456
64	55	1.46606
64	77	1.35351
64	111	0.489274
64	124	1.46591
64	128	1.45267
64	137	0.558916
64	151	0.659348
64	161	0.669532
64	169	0.656188
64	171	0.66109
64	172	0.668973
64	177	1.16796
65	43	1.32436
65	51	1.42197
65	63	1.34306
65	80	1.23
65	88	1.303
65	124	1.27451
65	125	0.585603
65	132	0.469809
65	136	1.25337
65	142	1.17072
65	149	0.662098
65	151	0.781244
65	155	0.905086
65	157	1.31552
65	172	0.790869
65	173	1.13096
66	71	1.3214
66	87	1.25608
66	94	1.31715
66	96	1.26821
66	97	1.26812
66	102	1.32964
66	114	1.32647
66	118	0.492422
66	131	1.38733
66	134	1.08575
66	142	0.622515
66	147	0.586884
66	151	0.773115
66	152	1.25442
66	164	0.828473
66	178	0.879649
67	48	1.44797
67	84	1.55282
67	89	1.5855
67	91	1.55286
67	111	0.539367
67	143	0.613153
67	145	0.494784
67	148	0.486491
67	154	1.62269
67	156	0.652094
67	162	1.61637
67	170	0.654925
67	175	0.729963
67	176	1.28781
67	177	1.32072
68	93	1.60174
68	100	1.32306
68	101	1.53191
68	106	1.38043
68	109	1.48514
68	110	1.43846
68	112	1.4391
68	118	0.40363
68	137	0.583891
68	148	0.461374
68	149	0.565177
68	157	1.47717
68	165	0.653015
68	172	0.693948
68	176	1.1053
68	177	0.994662
69	76	1.3326
69	95	1.3858
69	98	1.35196
69	103	1.40482
69	104	1.36606
69	105	1.36591
69	107	1.36604
69	140	0.833924
69	142	1.27588
69	143	0.487869
69	144	0.504498
69	148	0.951007
69	154	1.38369
69	157	1.42068
69	167	0.53809
69	175	0.604679
69	180	0.644333
70	4	1.23307
70	75	1.28134
70	78	1.30305
70	83	1.47233
70	85	1.35097
70	92	1.41683
70	99	1.37098
70	120	0.599089
70	124	1.40495
70	126	0.504521
70	127	0.516064
70	149	0.664548
70	152	1.36377
70	161	0.793879
70	162	1.40264
70	171	0.785437
70	173	0.682318
71	16	1.25369
71	59	1.40717
71	66	1.3214
71	87	1.36917
71	94	1.43024
71	96	1.3813
71	97	1.38121
71	102	1.44274
71	125	0.512387
71	138	0.518376
71	148	0.485079
71	152	1.36751
71	153	0.679184
71	156	1.24878
71	158	0.476582
71	176	1.07666
71	178	0.814562
72	7	1.4438
72	10	1.40194
72	12	1.40505
72	24	1.3318
72	32	1.33628
72	41	1.27389
72	45	1.43673
72	50	1.28027
72	57	1.36264
72	113	1.32563
72	134	0.69444
72	135	0.536976
72	143	0.577511
72	144	0.59414
72	155	0.79764
72	163	0.5771
72	178	0.780332
73	21	1.32218
73	36	1.3587
73	56	1.37242
73	60	1.36994
73	62	1.45434
73	81	1.37396
73	125	1.36521
73	126	0.452545
73	128	1.38459
73	130	0.626714
73	137	1.22779
73	152	1.35666
73	160	0.630479
73	163	0.63502
73	164	0.787077
73	167	0.685654
73	169	0.728559
74	30	0.541622
74	41	0.478141
74	80	0.216676
74	83	0.341417
74	90	0.305894
74	91	0.424329
74	147	1.47862
74	159	1.39964
74	162	0.262729
74	163	1.39136
74	164	1.32156
74	169	1.34599
74	171	1.34662
74	172	1.33645
74	175	1.33526
74	179	1.30551
74	180	1.31115
75	11	1.30796
75	39	1.19518
75	70	1.28134
75	78	1.15737
75	83	1.32665
75	85	1.20529
75	92	1.27115
75	99	1.2253
75	120	0.637082
75	142	0.671087
75	144	1.14383
75	145	0.607031
75	152	1.21809
75	162	1.25697
75	167	0.775622
75	170	0.767172
75	178	0.928221
76	69	1.3326
76	95	1.34192
76	98	1.30808
76	103	1.36095
76	104	1.32218
76	105	1.32203
76	107	1.32217
76	125	0.573012
76	137	1.16575
76	142	1.232
76	147	0.582422
76	154	1.33981
76	156	0.711306
76	157	1.3768
76	160	0.667413
76	163	0.671954
76	170	0.714137
76	179	0.826287
77	8	1.31388
77	9	1.34247
77	29	1.42784
77	30	1.19714
77	40	1.25149
77	53	1.12911
77	55	1.27062
77	64	1.35351
77	122	1.40007
77	124	1.27047
77	128	1.25723
77	131	0.514654
77	144	0.734644
77	158	0.582856
77	159	0.733909
77	164	0.86966
77	169	0.811142
77	173	0.712925
77	177	0.972515
78	2	1.30275
78	11	1.32967
78	70	1.30305
78	75	1.15737
78	83	1.34836
78	85	1.227
78	92	1.29286
78	99	1.24701
78	124	1.28098
78	126	0.567218
78	131	0.546744
78	135	0.709569
78	144	1.16554
78	147	0.660161
78	152	1.2398
78	156	0.789045
78	162	1.27868
78	165	0.815084
78	175	0.866915
79	14	1.32224
79	15	1.29287
79	19	1.24039
79	23	1.22322
79	27	1.23177
79	44	1.32797
79	46	1.32903
79	82	1.25107
79	90	1.32394
79	117	1.25869
79	121	0.597967
79	125	0.599635
79	134	0.815918
79	145	0.58062
79	150	0.745351
79	161	0.805461
79	162	1.27824
79	170	1.10506
79	175	0.815799
80	17	1.36149
80	26	1.26359
80	43	1.3882
80	51	1.48582
80	63	1.40691
80	65	1.23
80	74	0.216676
80	88	1.36684
80	124	1.33836
80	136	1.31722
80	142	1.23457
80	147	0.444694
80	148	0.407976
80	157	1.37937
80	172	0.64055
80	173	1.19481
80	174	0.866871
80	175	0.651448
80	176	0.999561
80	177	0.941264
81	21	1.28335
81	33	1.31786
81	36	1.31986
81	56	1.33358
81	62	1.4155
81	73	1.37396
81	86	1.41178
81	108	0.680512
81	125	1.32638
81	128	1.34576
81	129	0.559822
81	136	1.33786
81	137	1.18895
81	138	0.531844
81	152	1.31782
81	158	0.490051
81	169	0.718337
81	170	0.666981
81	172	0.731122
81	174	0.957443
82	14	1.3951
82	15	1.36573
82	19	1.31324
82	23	1.29608
82	27	1.30462
82	44	1.40083
82	46	1.40188
82	79	1.25107
82	90	1.3968
82	117	1.33155
82	126	0.457954
82	127	0.469498
82	149	0.617981
82	153	0.708284
82	162	1.3511
82	164	0.792485
82	167	0.691062
82	169	0.733968
82	170	1.17792
82	178	0.843661
83	4	1.27838
83	11	1.49895
83	39	1.38617
83	70	1.47233
83	74	0.341417
83	75	1.32665
83	78	1.34836
83	85	1.39629
83	92	1.46214
83	99	1.41629
83	126	0.476493
83	134	0.776308
83	135	0.618844
83	144	1.33482
83	148	0.532717
83	149	0.63652
83	151	0.755667
83	152	1.40909
83	153	0.726823
83	160	0.654427
83	162	1.44796
84	3	1.41682
84	31	1.35402
84	35	1.5311
84	48	1.14632
84	67	1.55282
84	89	1.28384
84	91	1.25121
84	108	1.15369
84	117	0.517898
84	120	0.584974
84	122	1.44662
84	154	1.32103
84	155	0.893421
84	158	0.538133
84	161	0.779763
84	162	1.31472
84	164	0.824937
84	170	0.715064
84	173	0.668202
84	176	0.986148
84	177	1.01906
85	4	1.15702
85	11	1.37759
85	39	1.26481
85	70	1.35097
85	75	1.20529
85	78	1.227
85	83	1.39629
85	92	1.34078
85	99	1.29493
85	123	0.618727
85	124	1.3289
85	127	0.570059
85	141	0.574501
85	144	1.21346
85	147	0.651459
85	148	0.61474
85	151	0.837689
85	152	1.28773
85	162	1.3266
85	165	0.806382
85	169	0.83453
86	21	1.36
86	33	1.39451
86	36	1.39652
86	56	1.41024
86	60	1.40776
86	62	1.49216
86	81	1.41178
86	125	1.40303
86	128	1.42241
86	130	0.612723
86	136	1.41452
86	137	1.26561
86	140	0.377696
86	141	0.45454
86	142	0.567128
86	152	1.39448
86	156	0.660382
86	171	0.719471
86	172	0.727354
86	179	0.775363
86	180	0.777905
87	16	1.18837
87	20	1.27953
87	59	1.34185
87	66	1.25608
87	71	1.36917
87	94	1.36492
87	96	1.31599
87	97	1.31589
87	102	1.37742
87	111	0.591344
87	114	1.37424
87	127	0.493788
87	134	1.13352
87	135	0.624595
87	146	0.695669
87	151	0.761418
87	152	1.30219
87	156	1.18346
87	171	0.76316
87	172	0.771043
87	179	0.819052
88	17	1.43448
88	26	1.33659
88	43	1.4612
88	51	1.55882
88	63	1.4799
88	65	1.303
88	80	1.36684
88	116	0.471701
88	118	0.435838
88	121	0.519221
88	124	1.41136
88	133	0.354984
88	136	1.39022
88	142	1.30756
88	144	0.636872
88	157	1.45236
88	163	0.619832
88	170	0.662015
88	173	1.26781
88	174	0.952477
88	177	1.02687
89	3	1.44949
89	31	1.38669
89	35	1.56378
89	48	1.17899
89	67	1.5855
89	84	1.28384
89	91	1.28388
89	122	1.4793
89	129	0.548771
89	131	0.410798
89	150	0.66052
89	154	1.35371
89	162	1.34739
89	166	0.782238
89	170	0.65593
89	172	0.720071
89	173	0.609069
89	174	0.946392
89	176	1.01883
89	177	1.05174
90	14	1.46797
90	15	1.4386
90	19	1.38611
90	23	1.36895
90	27	1.37749
90	44	1.4737
90	46	1.47475
90	74	0.305894
90	79	1.32394
90	82	1.3968
90	108	0.679159
90	115	0.459572
90	117	1.40442
90	120	0.535538
90	144	0.640485
90	162	1.42397
90	164	0.775501
90	165	0.688835
90	169	0.716984
90	170	1.25079
90	171	0.721886
91	3	1.41686
91	31	1.35406
91	35	1.53115
91	48	1.14636
91	67	1.55286
91	74	0.424329
91	84	1.25121
91	89	1.28388
91	108	1.15373
91	116	0.593748
91	122	1.44667
91	123	0.619615
91	131	0.53893
91	141	0.575389
91	150	0.788652
91	154	1.32108
91	155	0.962419
91	162	1.31476
91	172	0.848203
91	176	0.986193
91	177	1.01911
92	2	1.41653
92	4	1.22288
92	11	1.44345
92	39	1.33066
92	70	1.41683
92	75	1.27115
92	78	1.29286
92	83	1.46214
92	85	1.34078
92	99	1.36079
92	116	0.530339
92	134	0.79581
92	140	0.435136
92	141	0.51198
92	144	1.27931
92	152	1.35358
92	156	0.717822
92	159	0.694775
92	162	1.39245
92	163	0.67847
92	170	0.720653
92	171	0.776911
93	28	1.48711
93	68	1.60174
93	100	1.43535
93	101	1.6442
93	106	1.49272
93	109	1.59742
93	110	1.55075
93	112	1.55138
93	129	0.502734
93	142	0.513809
93	145	0.449752
93	157	1.58946
93	158	0.432963
93	160	0.563169
93	165	0.633101
93	173	0.563032
93	174	0.900355
93	176	1.21758
93	180	0.724586
94	16	1.24944
94	20	1.3406
94	59	1.40292
94	66	1.31715
94	71	1.43024
94	87	1.36492
94	96	1.37705
94	97	1.37696
94	102	1.43848
94	131	1.49617
94	134	1.19459
94	135	0.592888
94	137	0.629279
94	139	0.534695
94	145	0.515055
94	147	0.54348
94	152	1.36325
94	156	1.24452
94	159	0.649318
94	173	0.628334
94	175	0.750234
94	177	1.04005
95	69	1.3858
95	76	1.34192
95	98	1.36128
95	103	1.41415
95	104	1.37538
95	105	1.37523
95	107	1.37537
95	108	0.707026
95	113	1.31574
95	116	0.503181
95	128	1.37576
95	131	0.448363
95	134	1.17915
95	138	0.558358
95	142	1.28521
95	149	0.628864
95	154	1.39301
95	157	1.43001
95	158	0.516565
95	159	0.667617
95	169	0.744851
95	176	1.11665
96	16	1.2005
96	20	1.29166
96	59	1.35398
96	66	1.26821
96	71	1.3813
96	87	1.31599
96	94	1.37705
96	97	1.32802
96	102	1.38955
96	114	1.38637
96	131	1.44723
96	132	0.481468
96	134	1.14565
96	138	0.60325
96	140	0.45287
96	142	0.642302
96	146	0.727154
96	152	1.31432
96	153	0.764059
96	156	1.19559
96	161	0.803087
96	173	0.691526
96	178	0.899436
97	16	1.20041
97	20	1.29157
97	59	1.35389
97	66	1.26812
97	71	1.38121
97	87	1.31589
97	94	1.37696
97	96	1.32802
97	102	1.38946
97	108	0.732831
97	114	1.38628
97	131	1.44714
97	132	0.462381
97	134	1.14556
97	138	0.584163
97	146	0.708067
97	148	0.550866
97	149	0.654669
97	152	1.31423
97	156	1.19549
97	163	0.677117
97	168	0.82303
97	178	0.880349
98	69	1.35196
98	76	1.30808
98	95	1.36128
98	103	1.38031
98	104	1.34154
98	105	1.3414
98	107	1.34153
98	113	1.28191
98	115	0.423097
98	125	0.488028
98	128	1.34192
98	134	1.14532
98	137	1.18512
98	142	1.25137
98	154	1.35917
98	156	0.626323
98	157	1.39617
98	158	0.452223
98	172	0.693294
98	174	0.919615
98	175	0.704192
98	176	1.05231
98	179	0.741303
99	2	1.37068
99	4	1.17703
99	11	1.3976
99	39	1.28482
99	70	1.37098
99	75	1.2253
99	78	1.24701
99	83	1.41629
99	85	1.29493
99	92	1.36079
99	120	0.532334
99	124	1.34891
99	134	0.737581
99	137	0.616507
99	139	0.521923
99	144	1.23347
99	146	0.651191
99	147	0.530708
99	152	1.30773
99	159	0.636546
99	162	1.34661
99	164	0.772297
99	176	1.08558
100	13	1.3045
100	18	1.3045
100	28	1.20843
100	68	1.32306
100	93	1.43535
100	101	1.36552
100	106	1.21404
100	109	1.31874
100	110	1.27206
100	112	1.2727
100	113	1.19651
100	114	1.30065
100	122	1.39937
100	123	0.665292
100	126	0.605081
100	141	0.621066
100	146	0.818506
100	154	0.0835491
100	157	1.31078
100	159	0.803861
100	160	0.783014
100	163	0.787556
100	165	0.852947
100	176	0.938899
101	13	1.51336
101	18	1.51336
101	28	1.41728
101	68	1.53191
101	93	1.6442
101	100	1.36552
101	106	1.42289
101	109	1.52759
101	110	1.48092
101	112	1.48155
101	129	0.490603
101	139	0.457261
101	148	0.429328
101	155	0.776119
101	157	1.51963
101	161	0.662462
101	164	0.707635
101	167	0.606212
101	173	0.550901
101	175	0.6728
101	176	1.14775
101	180	0.712454
102	16	1.26194
102	20	1.3531
102	59	1.41542
102	66	1.32964
102	71	1.44274
102	87	1.37742
102	94	1.43848
102	96	1.38955
102	97	1.38946
102	114	1.44781
102	116	0.597481
102	119	0.553655
102	127	0.57468
102	131	1.50867
102	132	0.530875
102	133	0.480764
102	134	1.20708
102	142	0.69171
102	143	0.746023
102	147	0.656079
102	152	1.37575
102	156	1.25702
102	165	0.811002
102	167	0.796245
103	69	1.40482
103	76	1.36095
103	95	1.41415
103	98	1.38031
103	104	1.3944
103	105	1.39426
103	107	1.39439
103	114	1.4389
103	117	0.466887
103	118	0.437875
103	128	1.39478
103	134	1.19818
103	137	1.23798
103	139	0.523552
103	142	1.30423
103	150	0.668642
103	154	1.41204
103	156	0.661222
103	157	1.44903
103	165	0.68726
103	168	0.767782
103	171	0.720311
103	175	0.739091
103	180	0.778745
104	69	1.36606
104	76	1.32218
104	95	1.37538
104	98	1.34154
104	103	1.3944
104	105	1.35549
104	107	1.35562
104	113	1.296
104	114	1.40014
104	116	0.543281
104	126	0.508937
104	127	0.520481
104	128	1.35601
104	133	0.426565
104	134	1.15941
104	137	1.19921
104	142	1.26546
104	150	0.738185
104	153	0.759267
104	154	1.37327
104	157	1.41026
104	158	0.556665
104	164	0.843469
104	178	0.894644
104	179	0.845745
105	69	1.36591
105	76	1.32203
105	95	1.37523
105	98	1.3414
105	103	1.39426
105	104	1.35549
105	107	1.35548
105	113	1.29586
105	114	1.39999
105	125	0.539524
105	128	1.35587
105	131	0.435517
105	134	1.15927
105	137	1.19907
105	142	1.26532
105	143	0.638879
105	144	0.655507
105	154	1.37312
105	155	0.859007
105	157	1.41012
105	158	0.50372
105	165	0.703858
105	166	0.806958
105	169	0.732006
105	179	0.7928
106	13	1.36187
106	18	1.36187
106	28	1.2658
106	68	1.38043
106	93	1.49272
106	100	1.21404
106	101	1.42289
106	109	1.37611
106	110	1.32944
106	112	1.33007
106	113	1.25389
106	114	1.35802
106	119	0.492485
106	121	0.583831
106	122	1.45675
106	127	0.51351
106	140	0.441108
106	142	0.630539
106	157	1.36815
106	160	0.6799
106	169	0.77798
106	171	0.782883
106	176	0.996273
106	178	0.887673
106	179	0.838774
107	69	1.36604
107	76	1.32217
107	95	1.37537
107	98	1.34153
107	103	1.39439
107	104	1.35562
107	105	1.35548
107	113	1.29599
107	114	1.40012
107	128	1.356
107	134	1.1594
107	137	1.1992
107	138	0.482921
107	142	1.26545
107	143	0.576286
107	149	0.553427
107	154	1.37326
107	156	0.615227
107	157	1.41025
107	164	0.727931
107	166	0.744366
107	167	0.626508
107	168	0.721787
107	173	0.571196
107	176	1.04121
108	22	1.18059
108	42	1.29413
108	49	1.27096
108	50	0.887461
108	81	0.680512
108	84	1.15369
108	90	0.679159
108	91	1.15373
108	95	0.707026
108	97	0.732831
108	109	0.585731
108	121	1.18095
108	141	1.2499
108	143	1.16294
108	157	0.598394
108	162	1.21724
108	165	1.05109
108	170	1.04406
108	171	1.03565
108	173	1.07599
108	174	0.942468
108	176	0.888676
108	177	0.92159
108	178	0.972773
108	179	0.994539
108	180	1.00018
109	13	1.46658
109	18	1.46658
109	28	1.3705
109	68	1.48514
109	93	1.59742
109	100	1.31874
109	101	1.52759
109	106	1.37611
109	108	0.585731
109	110	1.43414
109	112	1.43478
109	113	1.35859
109	122	1.56145
109	125	0.431074
109	129	0.46504
109	142	0.476115
109	155	0.750556
109	157	1.47285
109	161	0.636899
109	166	0.698508
109	168	0.675929
109	169	0.623555
109	172	0.63634
109	176	1.10097
109	180	0.686892
110	13	1.4199
110	18	1.4199
110	28	1.32383
110	68	1.43846
110	93	1.55075
110	100	1.27206
110	101	1.48092
110	106	1.32944
110	109	1.43414
110	112	1.3881
110	113	1.31191
110	114	1.41605
110	120	0.547795
110	122	1.51477
110	138	0.542748
110	141	0.469212
110	143	0.636113
110	145	0.517744
110	146	0.666652
110	148	0.509451
110	157	1.42618
110	159	0.652007
110	161	0.742585
110	167	0.686335
110	176	1.0543
110	177	1.04274
111	20	0.608788
111	23	0.541723
111	24	0.597929
111	31	0.518816
111	38	0.427492
111	64	0.489274
111	67	0.539367
111	87	0.591344
111	149	1.32677
111	150	1.28339
111	152	0.518239
111	159	1.30851
111	161	1.25728
111	163	1.30023
111	164	1.23043
111	166	1.2219
111	167	1.26707
111	168	1.22583
111	171	1.25549
111	172	1.24531
111	174	1.16231
111	175	1.24413
111	178	1.19261
111	179	1.21438
111	180	1.22002
112	13	1.42054
112	18	1.42054
112	28	1.32446
112	68	1.4391
112	93	1.55138
112	100	1.2727
112	101	1.48155
112	106	1.33007
112	109	1.43478
112	110	1.3881
112	113	1.31255
112	114	1.41668
112	120	0.482076
112	122	1.51541
112	123	0.447719
112	139	0.471665
112	150	0.616755
112	151	0.666681
112	157	1.42681
112	164	0.722039
112	165	0.635373
112	166	0.738474
112	167	0.620616
112	168	0.715895
112	174	0.902627
112	176	1.05494
113	10	1.31268
113	24	1.24254
113	32	1.24701
113	47	1.37992
113	50	1.191
113	72	1.32563
113	95	1.31574
113	98	1.28191
113	100	1.19651
113	104	1.296
113	105	1.29586
113	106	1.25389
113	107	1.29599
113	109	1.35859
113	110	1.31191
113	112	1.31255
113	117	0.523666
113	132	0.463912
113	133	0.413801
113	146	0.709599
113	150	0.725422
113	156	0.718001
113	164	0.830705
113	165	0.74404
113	168	0.824561
113	176	0.97875
113	177	1.08569
114	66	1.32647
114	87	1.37424
114	96	1.38637
114	97	1.38628
114	100	1.30065
114	102	1.44781
114	103	1.4389
114	104	1.40014
114	105	1.39999
114	106	1.35802
114	107	1.40012
114	110	1.41605
114	112	1.41668
114	118	0.434458
114	134	1.20391
114	145	0.500495
114	146	0.649403
114	156	1.25385
114	158	0.483705
114	168	0.764365
114	169	0.711992
114	170	0.660636
114	171	0.716894
114	172	0.724776
114	173	0.613775
114	174	0.951098
114	176	1.08288
115	15	0.439291
115	30	0.695299
115	37	0.615028
115	51	0.366131
115	57	0.53923
115	90	0.459572
115	98	0.423097
115	119	1.51729
115	122	0.468689
115	128	0.476379
115	135	1.37974
115	140	1.49438
115	150	1.2711
115	151	1.24774
115	155	1.21038
115	161	1.24499
115	162	0.416407
115	165	1.25863
115	167	1.25478
115	168	1.21354
115	169	1.24256
115	171	1.2432
115	172	1.23302
115	174	1.15001
115	175	1.23183
115	178	1.18032
115	180	1.20772
116	28	0.571372
116	38	0.352736
116	50	0.683616
116	88	0.471701
116	91	0.593748
116	92	0.530339
116	95	0.503181
116	102	0.597481
116	104	0.543281
116	132	1.49935
116	151	1.26026
116	155	1.2229
116	157	0.394549
116	158	1.44621
116	159	1.30873
116	163	1.30045
116	164	1.23066
116	165	1.27115
116	166	1.22213
116	167	1.26729
116	169	1.25508
116	172	1.24554
116	174	1.16253
116	175	1.24435
116	178	1.19284
116	179	1.2146
116	180	1.22024
117	9	0.624519
117	27	1.31225
117	33	0.62346
117	38	1.50664
117	47	0.488
117	49	1.41244
117	54	0.411498
117	58	1.32724
117	79	1.25869
117	82	1.33155
117	84	0.517898
117	90	1.40442
117	103	0.466887
117	113	0.523666
117	130	1.28084
117	152	0.436631
117	154	0.44128
117	157	0.387697
117	159	1.23014
117	162	1.35872
117	167	1.18871
117	170	1.18554
117	172	1.16695
117	173	1.21747
117	178	1.11425
117	179	1.13602
117	180	1.14165
118	10	0.409432
118	40	0.551905
118	41	0.611697
118	50	0.647752
118	66	0.492422
118	68	0.40363
118	88	0.435838
118	103	0.437875
118	114	0.434458
118	122	0.448568
118	143	1.43496
118	147	1.43967
118	148	1.48432
118	155	1.27485
118	158	1.49817
118	162	0.396285
118	164	1.28261
118	165	1.32311
118	166	1.27408
118	167	1.31925
118	168	1.27801
118	169	1.30704
118	174	1.21449
118	175	1.29631
118	176	1.1607
118	178	1.24479
118	179	1.26656
118	180	1.2722
119	3	0.419168
119	19	0.44252
119	26	0.643257
119	43	0.483744
119	45	0.519205
119	63	0.455117
119	102	0.553655
119	106	0.492485
119	115	1.51729
119	128	0.448295
119	136	0.436717
119	151	1.29373
119	152	0.399657
119	158	1.47968
119	160	1.35875
119	161	1.29097
119	165	1.30462
119	166	1.25559
119	167	1.30076
119	168	1.25952
119	169	1.28855
119	172	1.279
119	174	1.196
119	175	1.27782
119	176	1.14221
119	177	1.17512
119	178	1.2263
119	179	1.24807
119	180	1.25371
120	63	0.559166
120	70	0.599089
120	75	0.637082
120	84	0.584974
120	90	0.535538
120	99	0.532334
120	110	0.547795
120	112	0.482076
120	130	1.30815
120	136	0.540767
120	143	1.33173
120	145	1.36462
120	150	1.23233
120	151	1.20898
120	157	0.454773
120	159	1.25745
120	163	1.24917
120	164	1.17937
120	166	1.17084
120	167	1.21601
120	168	1.17477
120	169	1.2038
120	170	1.21284
120	171	1.20443
120	172	1.19425
120	175	1.19307
120	178	1.14155
120	179	1.16332
120	180	1.16896
121	35	0.596167
121	36	0.55023
121	59	0.598968
121	79	0.597967
121	88	0.519221
121	106	0.583831
121	108	1.18095
121	135	1.29693
121	139	1.39142
121	141	1.37464
121	147	1.29238
121	148	1.33704
121	149	1.23167
121	152	0.491003
121	154	0.495653
121	155	1.12757
121	157	0.44207
121	160	1.22995
121	162	0.479669
121	164	1.13533
121	166	1.1268
121	167	1.17197
121	168	1.13073
121	169	1.15975
121	171	1.16039
121	172	1.15021
121	175	1.14902
121	178	1.09751
121	179	1.11928
121	180	1.12492
122	29	1.66985
122	53	1.37112
122	77	1.40007
122	84	1.44662
122	89	1.4793
122	91	1.44667
122	100	1.39937
122	106	1.45675
122	109	1.56145
122	110	1.51477
122	112	1.51541
122	115	0.468689
122	118	0.448568
122	124	1.51248
122	128	1.49924
122	129	0.567586
122	133	0.367715
122	141	0.466072
122	142	0.578661
122	147	0.54303
122	149	0.610115
122	162	1.51018
122	167	0.683196
122	169	0.726101
122	171	0.731004
122	173	0.627884
122	176	1.18161
122	177	1.21452
122	179	0.786895
123	3	0.48886
123	10	0.471163
123	21	0.471658
123	33	0.656179
123	55	0.515245
123	57	0.580839
123	85	0.618727
123	91	0.619615
123	100	0.665292
123	112	0.447719
123	124	0.495521
123	137	1.23746
123	140	1.4748
123	144	1.29206
123	147	1.35561
123	158	1.41411
123	163	1.26834
123	164	1.19855
123	165	1.23904
123	166	1.19002
123	167	1.23519
123	168	1.19395
123	169	1.22297
123	171	1.22361
123	172	1.21343
123	174	1.13043
123	175	1.21225
123	177	1.10955
123	178	1.16073
123	179	1.1825
123	180	1.18814
124	2	1.40465
124	40	1.36389
124	43	1.43272
124	53	1.24152
124	64	1.46591
124	65	1.27451
124	70	1.40495
124	77	1.27047
124	78	1.28098
124	80	1.33836
124	85	1.3289
124	88	1.41136
124	99	1.34891
124	122	1.51248
124	123	0.495521
124	128	1.36963
124	137	0.614051
124	139	0.519467
124	148	0.491534
124	149	0.595337
124	151	0.714484
124	157	1.42388
124	158	0.483038
124	162	1.38057
124	164	0.769841
124	169	0.711324
124	171	0.716226
124	173	1.23932
124	175	0.735006
124	177	1.08492
124	179	0.772118
124	180	0.774661
125	1	1.4257
125	5	1.37919
125	12	0.450207
125	17	0.61503
125	21	1.2746
125	25	1.3158
125	29	0.567041
125	37	1.28658
125	60	1.32236
125	61	0.590364
125	65	0.585603
125	71	0.512387
125	73	1.36521
125	76	0.573012
125	79	0.599635
125	81	1.32638
125	86	1.40303
125	98	0.488028
125	105	0.539524
125	109	0.431074
125	136	1.32911
125	150	1.19426
125	152	1.30908
125	154	1.35427
125	156	1.19035
125	162	0.481337
125	163	1.21109
125	168	1.1367
125	172	1.15618
125	174	1.07318
125	177	1.0523
125	179	1.12525
125	180	1.13089
126	28	0.537028
126	39	0.526441
126	58	0.455827
126	70	0.504521
126	73	0.452545
126	78	0.567218
126	82	0.457954
126	83	0.476493
126	100	0.605081
126	104	0.508937
126	132	1.51307
126	145	1.42962
126	146	1.31947
126	151	1.27398
126	152	0.409138
126	153	1.32612
126	154	0.413788
126	158	1.45993
126	159	1.32245
126	160	1.339
126	162	0.397805
126	164	1.24437
126	165	1.28487
126	166	1.23584
126	167	1.28101
126	168	1.23977
126	169	1.2688
126	171	1.26943
126	172	1.25925
126	174	1.17625
126	175	1.25807
126	178	1.20655
126	179	1.22832
126	180	1.23396
127	32	0.516852
127	34	0.591298
127	36	0.479909
127	45	0.54023
127	46	0.43486
127	70	0.516064
127	82	0.469498
127	85	0.570059
127	87	0.493788
127	102	0.57468
127	104	0.520481
127	106	0.51351
127	132	1.5162
127	137	1.28641
127	145	1.43275
127	146	1.3226
127	150	1.30046
127	154	0.425332
127	155	1.23974
127	158	1.46306
127	159	1.32558
127	160	1.34213
127	164	1.2475
127	166	1.23897
127	167	1.28414
127	168	1.2429
127	169	1.27193
127	171	1.27256
127	172	1.26238
127	174	1.17938
127	175	1.2612
127	178	1.20968
127	179	1.23145
127	180	1.23709
128	8	1.41304
128	33	1.32849
128	55	1.36978
128	56	1.34422
128	62	1.42613
128	64	1.45267
128	73	1.38459
128	77	1.25723
128	81	1.34576
128	86	1.42241
128	95	1.37576
128	98	1.34192
128	103	1.39478
128	104	1.35601
128	105	1.35587
128	107	1.356
128	115	0.476379
128	119	0.448295
128	122	1.49924
128	124	1.36963
128	135	0.600128
128	143	0.640663
128	144	0.657292
128	148	0.514001
128	150	0.687024
128	152	1.32846
128	156	0.679604
128	158	0.505504
128	159	0.656557
128	166	0.808743
128	167	0.690885
128	173	0.635574
128	177	1.07168
128	180	0.797127
129	19	0.5695
129	42	0.393613
129	56	0.548635
129	61	0.62433
129	81	0.559822
129	89	0.548771
129	93	0.502734
129	101	0.490603
129	109	0.46504
129	122	0.567586
129	148	1.4133
129	149	1.30793
129	151	1.2412
129	152	0.526637
129	153	1.29334
129	157	0.477704
129	158	1.42715
129	159	1.28966
129	160	1.30622
129	161	1.23844
129	163	1.28139
129	164	1.21159
129	165	1.25209
129	166	1.20306
129	167	1.24823
129	169	1.23602
129	171	1.23665
129	172	1.22647
129	174	1.14347
129	175	1.22529
129	178	1.17377
129	179	1.19554
129	180	1.20118
130	18	0.645365
130	22	0.69296
130	24	0.662998
130	35	0.688471
130	49	0.670175
130	55	0.629202
130	58	0.629995
130	73	0.626714
130	86	0.612723
130	117	1.28084
130	120	1.30815
130	132	1.36243
130	141	1.33305
130	146	1.16884
130	150	1.1467
130	151	1.12335
130	154	0.587957
130	155	1.08598
130	160	1.18837
130	161	1.12059
130	164	1.09374
130	166	1.08521
130	167	1.13038
130	168	1.08914
130	169	1.11816
130	171	1.1188
130	172	1.10862
130	173	1.15914
130	174	1.02562
130	175	1.10743
130	178	1.05592
130	179	1.07769
130	180	1.08333
131	6	1.2985
131	11	0.491329
131	20	1.41078
131	25	1.44016
131	34	1.40157
131	39	0.505966
131	46	0.402842
131	53	0.508226
131	54	1.64821
131	60	0.42874
131	62	0.38555
131	63	0.444123
131	66	1.38733
131	77	0.514654
131	78	0.546744
131	89	0.410798
131	91	0.53893
131	94	1.49617
131	95	0.448363
131	96	1.44723
131	97	1.44714
131	102	1.50867
131	105	0.435517
131	136	0.425724
131	144	1.35917
131	149	1.36199
131	154	1.47862
131	155	1.2579
131	156	1.3147
131	162	0.37733
131	166	1.25713
131	171	1.29071
131	174	1.19753
131	175	1.27935
131	178	1.22784
131	180	1.25524
132	5	0.381669
132	9	0.564765
132	16	0.538571
132	23	0.400362
132	24	0.456568
132	35	0.482041
132	48	0.766992
132	65	0.469809
132	96	0.481468
132	97	0.462381
132	102	0.530875
132	113	0.463912
132	116	1.49935
132	126	1.51307
132	127	1.5162
132	130	1.36243
132	135	1.39526
132	136	0.413937
132	138	1.44817
132	146	1.30876
132	148	1.43537
132	149	1.33
132	153	1.31541
132	157	0.327944
132	160	1.32829
132	161	1.26051
132	162	0.365543
132	163	1.30345
132	166	1.22513
132	167	1.2703
132	168	1.22906
132	171	1.25872
132	172	1.24854
132	173	1.29906
132	174	1.16554
132	175	1.24736
132	178	1.19584
132	180	1.22325
133	26	0.570365
133	29	0.401136
133	33	0.513595
133	34	0.497382
133	48	0.716881
133	49	0.413634
133	50	0.566899
133	59	0.434731
133	61	0.424459
133	88	0.354984
133	102	0.480764
133	104	0.426565
133	113	0.413801
133	122	0.367715
133	136	0.363826
133	137	1.3881
133	145	1.53444
133	147	1.50625
133	149	1.44553
133	151	1.3788
133	153	1.43094
133	154	0.331415
133	155	1.34143
133	158	1.56475
133	161	1.37604
133	164	1.34919
133	165	1.38969
133	166	1.34066
133	168	1.34459
133	169	1.37362
133	171	1.37425
133	172	1.36407
133	174	1.28107
133	175	1.36289
133	176	1.22728
133	178	1.31138
133	179	1.33314
133	180	1.33878
134	46	0.723131
134	56	0.730952
134	58	0.755642
134	59	1.17152
134	62	0.70584
134	66	1.08575
134	72	0.69444
134	79	0.815918
134	83	0.776308
134	87	1.13352
134	92	0.79581
134	94	1.19459
134	95	1.17915
134	96	1.14565
134	97	1.14556
134	98	1.14532
134	99	0.737581
134	102	1.20708
134	103	1.19818
134	104	1.15941
134	105	1.15927
134	107	1.1594
134	114	1.20391
134	143	1.11643
134	145	1.14932
134	146	1.03918
134	151	0.993682
134	156	1.01312
134	157	1.21404
134	162	0.69762
134	166	0.955547
134	171	0.989134
134	172	0.978956
134	175	0.977771
134	176	0.84216
134	178	0.926257
134	179	0.948023
134	180	0.953662
135	14	0.541017
135	20	0.642039
135	43	0.635576
135	49	0.638357
135	51	0.48988
135	72	0.536976
135	78	0.709569
135	83	0.618844
135	87	0.624595
135	94	0.592888
135	115	1.37974
135	121	1.29693
135	128	0.600128
135	132	1.39526
135	140	1.40281
135	146	1.20167
135	149	1.22291
135	150	1.17953
135	151	1.15617
135	154	0.556139
135	157	0.502556
135	158	1.34213
135	159	1.20464
135	161	1.15342
135	163	1.19636
135	164	1.12657
135	165	1.16706
135	166	1.11804
135	167	1.16321
135	168	1.12197
135	169	1.15099
135	170	1.16004
135	171	1.15163
135	172	1.14145
135	174	1.05845
135	175	1.14026
135	176	1.00465
135	178	1.08875
135	179	1.11052
135	180	1.11616
136	21	1.28608
136	22	1.32277
136	26	1.28697
136	33	1.32059
136	38	1.50735
136	42	1.43631
136	51	1.50919
136	52	1.52111
136	58	1.32795
136	60	1.33384
136	61	1.30823
136	62	1.41824
136	63	1.43028
136	65	1.25337
136	80	1.31722
136	81	1.33786
136	86	1.41452
136	88	1.39022
136	119	0.436717
136	120	0.540767
136	125	1.32911
136	131	0.425724
136	132	0.413937
136	133	0.363826
136	138	0.535719
136	144	0.645714
136	147	0.539141
136	149	0.606226
