1	93	0.80317
1	96	0.791301
1	102	1.53596
1	111	0.799056
1	118	0.812669
1	123	0.795081
1	125	1.56541
1	145	0.825867
1	150	1.6985
1	165	0.796076
1	167	0.786587
1	168	0.790192
2	40	0.933514
2	41	1.20857
2	73	1.54702
2	107	1.08032
2	160	0.89991
2	163	0.881108
2	168	0.895061
2	173	0.89623
2	177	0.903874
2	178	0.904834
2	179	0.905144
2	180	0.91384
3	40	0.680496
3	58	1.13464
3	66	1.25325
3	78	1.70584
3	161	0.873937
3	162	0.904426
3	164	0.898083
3	168	0.892426
3	175	0.916173
3	177	0.901239
3	179	0.90251
3	180	0.911206
4	64	0.780862
4	104	0.832555
4	148	1.5621
4	153	0.815229
4	165	0.799952
4	167	0.790463
4	168	0.794068
4	169	0.785701
4	170	0.798287
4	177	0.802881
4	179	1.64539
4	180	1.59312
5	46	0.848841
5	62	1.02281
5	72	0.928147
5	122	1.22949
5	138	0.904715
5	158	1.3321
5	163	0.891043
5	164	0.910652
5	168	1.2158
5	169	0.896629
5	173	0.906165
5	177	0.913809
6	132	0.86348
6	133	1.60714
6	135	0.754149
6	147	0.782495
6	163	1.60542
6	172	0.788791
6	174	0.806376
6	175	0.809328
6	177	1.58725
6	178	0.795355
6	179	0.795665
6	180	0.804361
7	65	1.11765
7	78	1.66244
7	104	1.01963
7	130	0.981688
7	157	0.911726
7	167	0.888289
7	168	0.891894
7	173	0.893063
7	177	0.900707
7	178	0.901668
7	179	0.901978
7	180	0.910674
8	21	1.22385
8	112	0.885879
8	125	1.09745
8	133	1.26853
8	144	0.887342
8	171	1.2093
8	172	0.893275
8	174	0.91086
8	175	0.913812
8	178	0.899839
8	179	0.900149
8	180	0.908844
9	68	0.915263
9	102	1.08025
9	119	1.20565
9	122	0.894235
9	136	1.2531
9	161	0.881687
9	165	0.906061
9	167	0.896572
9	168	0.900177
9	170	0.904396
9	171	0.901611
9	177	1.26089
10	112	0.89059
10	135	0.863343
10	136	1.19451
10	148	0.909546
10	150	1.1842
10	161	1.247
10	166	1.17389
10	172	0.897986
10	174	0.915571
10	178	0.90455
10	179	0.90486
10	180	0.913555
11	44	1.18125
11	60	1.28157
11	78	1.09115
11	99	0.881302
11	114	0.922909
11	143	0.919494
11	151	0.900673
11	156	0.890153
11	166	0.89702
11	169	0.885635
11	177	0.902815
11	178	1.24329
12	59	1.23457
12	70	0.941998
12	97	1.17771
12	126	0.905197
12	137	1.22803
12	145	0.950006
12	146	0.86734
12	161	0.895843
12	165	0.920216
12	168	0.914332
12	169	1.16018
12	176	0.805067
13	19	0.922454
13	38	1.07042
13	61	1.28421
13	125	0.937999
13	141	0.889156
13	147	1.23513
13	156	0.906273
13	164	0.915778
13	166	0.91314
13	170	0.914341
13	176	0.800857
13	178	1.21148
14	19	1.20327
14	122	1.21515
14	149	0.914267
14	151	1.22466
14	152	0.916147
14	157	1.15665
14	174	0.920074
14	175	0.923026
14	176	0.790014
14	178	0.909052
14	179	0.909362
14	180	0.918058
15	51	0.915932
15	58	0.89085
15	66	0.878362
15	104	0.935786
15	106	0.910744
15	107	0.907442
15	117	1.48749
15	120	1.57564
15	121	0.868668
15	130	0.892216
15	153	0.825927
15	156	0.923576
16	80	1.57828
16	83	0.781166
16	88	1.48363
16	134	0.818657
16	147	1.73834
16	150	0.806129
16	151	0.802036
16	153	0.816525
16	156	0.791516
16	163	0.781411
16	166	0.798382
16	177	0.804177
17	95	1.49077
17	112	0.786371
17	116	0.77781
17	141	1.77151
17	145	1.53737
17	159	0.806085
17	172	0.793767
17	174	0.811352
17	175	0.814304
17	178	0.800331
17	179	0.800641
17	180	0.809337
18	96	0.917069
18	131	0.907797
18	138	1.24225
18	144	1.2036
18	160	0.920809
18	161	0.897471
18	165	0.921844
18	167	0.912355
18	168	0.91596
18	175	1.15736
18	176	0.806695
18	178	1.19828
19	13	0.922454
19	14	1.20327
19	86	1.21968
19	91	1.34074
19	99	0.85361
19	103	1.43725
19	114	0.895218
19	154	0.792462
19	163	0.852357
19	164	0.871967
19	166	0.869329
19	173	0.86748
19	177	0.875123
20	23	0.865149
20	56	1.43556
20	103	0.834774
20	121	0.847327
20	158	0.845427
20	161	1.52637
20	164	1.38448
20	172	0.864587
20	174	0.882172
20	175	0.885124
20	178	0.871151
20	179	0.87146
20	180	0.880156
21	8	1.22385
21	41	0.895856
21	44	1.33947
21	121	0.840786
21	130	0.864333
21	133	0.859515
21	152	1.28454
21	163	0.855464
21	167	0.865812
21	168	0.869417
21	173	0.870586
21	177	0.87823
21	179	1.35277
22	23	1.26745
22	86	1.24489
22	92	0.873585
22	122	0.858444
22	126	0.855251
22	129	0.871325
22	145	0.90006
22	161	0.845897
22	165	0.87027
22	167	0.860781
22	168	0.864386
22	174	1.35668
22	180	1.33214
23	20	0.865149
23	22	1.26745
23	69	1.46445
23	99	1.3032
23	152	0.87462
23	155	0.867033
23	158	0.841802
23	170	1.16426
23	172	0.860961
23	174	0.878546
23	178	0.867525
23	179	0.867835
23	180	0.87653
24	41	0.89607
24	51	0.888263
24	73	0.829153
24	85	0.840513
24	107	0.879773
24	121	0.841
24	130	0.864547
24	140	0.889617
24	154	1.8258
24	171	0.871064
24	176	2.04396
24	178	0.721562
24	180	0.620551
25	65	1.35929
25	95	1.83811
25	112	0.778371
25	128	0.762446
25	155	0.79184
25	159	0.798085
25	166	1.9973
25	174	0.803352
25	175	0.806304
25	176	0.673292
25	178	0.792331
25	179	0.792641
25	180	0.801337
26	96	0.867653
26	103	1.33776
26	111	0.875409
26	118	0.889021
26	119	1.2227
26	122	0.860603
26	131	0.858382
26	160	0.871393
26	161	0.848055
26	167	0.862939
26	168	0.866545
26	169	1.33166
26	178	1.30845
27	75	1.37823
27	131	1.30895
27	135	0.826955
27	142	0.861073
27	152	0.875257
27	157	1.2611
27	165	1.25227
27	172	0.861598
27	174	0.879183
27	175	0.882135
27	178	0.868162
27	179	0.868471
27	180	0.877167
28	34	0.854471
28	64	1.07705
28	99	0.855057
28	114	0.896665
28	139	0.860376
28	156	0.863909
28	162	0.879757
28	163	0.853804
28	165	1.33741
28	169	0.85939
28	177	0.87657
28	178	1.44174
28	180	1.34072
29	107	2.49434
29	130	2.69212
29	145	0.752608
29	151	0.723605
29	154	0.643085
29	165	0.722817
29	168	0.716933
29	173	0.718102
29	176	0.607668
29	177	0.725746
29	178	0.726707
29	179	0.727017
29	180	0.735712
30	43	1.60557
30	74	1.84709
30	147	0.772729
30	152	0.792684
30	154	0.701967
30	159	0.791342
30	170	1.74635
30	172	0.779025
30	174	0.79661
30	175	0.799562
30	178	0.785589
30	179	0.785899
30	180	0.794594
31	66	1.41974
31	106	1.40182
31	107	0.99379
31	121	1.35962
31	131	0.858482
31	132	0.944544
31	164	0.872301
31	167	0.86304
31	168	0.866645
31	176	0.75738
31	177	0.875458
31	179	0.876728
31	180	0.885424
32	49	0.744674
32	87	1.29829
32	99	0.837194
32	114	0.878801
32	115	1.3235
32	125	0.877771
32	129	1.39339
32	137	0.843547
32	141	0.828928
32	158	1.5852
32	163	0.835941
32	166	0.852912
32	169	0.841527
32	177	0.858707
33	70	0.871757
33	115	1.3058
33	126	0.834956
33	133	0.834189
33	134	1.41286
33	144	1.50721
33	145	0.879765
33	154	0.770242
33	160	0.848939
33	161	0.825601
33	164	1.37419
33	165	0.849975
33	167	0.840485
33	168	0.844091
34	28	0.854471
34	58	0.941714
34	109	1.54792
34	129	1.53886
34	141	0.819726
34	156	0.836843
34	162	0.852692
34	163	0.826739
34	166	0.84371
34	169	0.832325
34	171	0.842126
34	173	0.841861
34	177	0.849505
34	180	1.56404
35	66	1.55547
35	85	1.56161
35	107	1.12952
35	130	1.3273
35	141	0.825228
35	162	0.858194
35	165	0.852078
35	167	0.842588
35	169	0.837826
35	175	0.86994
35	176	0.736928
35	178	0.855967
35	179	0.856277
35	180	0.864973
36	40	0.96593
36	64	1.77873
36	106	1.52076
36	114	0.86022
36	130	1.31052
36	160	0.836162
36	164	0.836969
36	167	0.827708
36	168	0.831313
36	169	0.822946
36	174	0.852108
36	178	0.841087
36	179	0.841396
36	180	0.850092
37	48	1.18097
37	69	0.851311
37	72	0.921538
37	100	0.876451
37	119	0.923581
37	143	0.923879
37	151	0.905059
37	152	1.1607
37	165	1.17335
37	166	0.901405
37	167	1.24925
37	169	0.89002
37	173	0.899556
37	175	1.23675
37	177	0.9072
38	13	1.07042
38	98	1.29493
38	115	0.911044
38	117	0.895265
38	155	0.894594
38	159	0.900839
38	160	1.19969
38	164	1.18806
38	171	1.24591
38	172	0.888521
38	174	0.906107
38	175	0.909059
38	178	0.895085
38	179	0.895395
38	180	0.904091
39	72	0.834771
39	101	1.38735
39	126	1.5681
39	141	0.790654
39	143	0.837112
39	149	1.48099
39	150	0.822385
39	151	0.818292
39	153	0.832781
39	163	0.797667
39	164	0.817276
39	170	0.815839
39	173	0.812789
39	177	0.820433
39	179	1.56376
40	2	0.933514
40	3	0.680496
40	36	0.96593
40	49	1.83163
40	64	0.893263
40	65	0.884892
40	66	0.887532
40	78	0.913276
40	82	0.894599
40	106	0.919914
40	107	0.916612
40	121	0.877838
40	130	0.901385
40	170	0.910688
40	176	1.60172
41	2	1.20857
41	21	0.895856
41	24	0.89607
41	58	0.873968
41	78	0.887225
41	82	0.868547
41	85	0.8513
41	117	1.11982
41	121	0.851787
41	130	0.875334
41	146	0.833426
41	154	1.65862
41	170	0.884637
41	171	0.881852
41	176	1.87678
41	178	0.554382
42	88	0.81789
42	95	1.43949
42	109	0.785778
42	132	0.869603
42	137	1.74866
42	149	0.806692
42	155	0.800986
42	169	1.68081
42	170	1.53074
42	172	0.794914
42	174	0.812499
42	175	0.815451
42	176	0.682439
42	178	0.801478
42	179	0.801788
42	180	0.810483
43	30	1.60557
43	55	1.1866
43	98	0.863818
43	105	0.899484
43	108	0.889636
43	135	1.28385
43	136	0.874773
43	138	0.872293
43	150	0.883339
43	154	0.798725
43	158	1.2548
43	159	1.07015
43	162	0.884574
43	164	0.87823
43	173	0.873743
43	177	0.881386
44	11	1.18125
44	21	1.33947
44	61	0.830866
44	118	1.2859
44	142	0.865368
44	148	0.877452
44	152	0.879551
44	155	0.871964
44	159	0.878209
44	170	1.26791
44	171	1.32493
44	174	0.883477
44	175	0.886429
44	178	0.872456
44	179	0.872766
44	180	0.881461
45	95	0.876975
45	98	0.878526
45	138	0.887002
45	141	0.866317
45	156	0.883434
45	163	0.873329
45	164	0.892939
45	165	1.23499
45	169	0.878915
45	173	0.888451
45	175	1.29839
45	176	0.778017
45	177	0.896095
45	178	1.33932
45	179	1.29057
45	180	1.2383
46	5	0.848841
46	87	1.44098
46	98	0.789068
46	136	0.800023
46	137	0.791477
46	138	0.797543
46	139	0.790442
46	141	0.776858
46	161	1.67647
46	162	0.809823
46	166	0.800842
46	169	0.789456
46	173	0.798992
46	175	1.62135
46	177	0.806636
46	178	1.66227
47	63	1.52385
47	67	0.769073
47	81	0.775679
47	91	0.79783
47	132	0.865336
47	147	0.784351
47	155	0.796719
47	164	1.60533
47	170	1.60617
47	171	1.66318
47	172	0.790647
47	174	0.808232
47	175	0.811184
47	178	0.797211
47	179	0.797521
47	180	0.806217
48	37	1.18097
48	53	0.855059
48	92	1.28258
48	102	0.895056
48	134	1.27108
48	135	0.838155
48	144	0.866865
48	149	0.884576
48	152	0.886456
48	158	0.853638
48	161	1.3743
48	171	1.29026
48	172	0.872797
48	178	0.879361
48	179	0.879671
48	180	0.888367
49	32	0.744674
49	40	1.83163
49	104	2.21416
49	119	0.773953
49	121	2.34427
49	141	0.727793
49	154	0.674911
49	161	0.73027
49	167	0.745154
49	168	0.748759
49	175	0.772506
49	176	0.639494
49	177	0.757572
49	178	0.758533
49	179	0.758843
49	180	0.767538
50	90	0.822715
50	95	1.17991
50	128	0.852387
50	135	0.841066
50	142	0.875184
50	148	0.887268
50	153	1.30189
50	165	1.29369
50	170	1.27115
50	172	0.875708
50	173	1.35246
50	174	0.893293
50	175	0.896245
50	178	0.882272
50	179	0.882582
50	180	0.891278
51	15	0.915932
51	24	0.888263
51	58	0.866162
51	65	0.851034
51	73	0.832134
51	79	0.696327
51	85	0.843493
51	106	0.886056
51	107	0.882754
51	117	1.2253
51	130	0.867528
51	137	0.750917
51	140	0.892598
51	154	1.76409
51	171	0.874045
51	176	1.98225
52	70	1.06062
52	77	0.871813
52	111	1.23007
52	114	0.953537
52	136	0.926829
52	147	1.21379
52	149	1.05861
52	151	0.931301
52	153	0.945791
52	157	0.944462
52	163	0.910677
52	164	0.930286
52	171	0.926064
52	173	0.925799
52	175	1.14921
52	177	0.933443
52	180	1.08912
53	48	0.855059
53	62	1.21721
53	79	1.49735
53	91	0.849843
53	125	1.27918
53	128	0.819338
53	142	0.842135
53	148	0.85422
53	152	0.856319
53	171	1.39104
53	172	0.84266
53	173	1.41533
53	174	0.860245
53	175	0.863197
53	178	0.849224
53	179	0.849533
53	180	0.858229
54	88	0.875672
54	98	1.38178
54	108	1.32138
54	113	0.839378
54	124	0.855893
54	136	1.36431
54	144	0.846763
54	151	1.37512
54	155	0.858768
54	172	0.852696
54	173	1.35706
54	174	0.870281
54	175	0.873233
54	176	0.740221
54	178	0.85926
54	179	0.85957
54	180	0.868265
55	43	1.1866
55	74	1.42811
55	91	0.854562
55	128	0.824058
55	138	1.4982
55	142	0.846855
55	144	0.841447
55	155	0.853452
55	157	1.35874
55	158	0.82822
55	170	1.32738
55	172	0.847379
55	174	0.864964
55	175	0.867916
55	178	0.853943
55	179	0.854253
55	180	0.862949
56	20	1.43556
56	84	0.82353
56	86	1.19194
56	98	0.835813
56	135	1.47488
56	143	0.870061
56	150	0.855334
56	151	0.85124
56	153	0.86573
56	157	0.864401
56	162	0.856569
56	163	0.830616
56	166	0.847587
56	167	1.35177
56	172	1.34628
56	173	0.845738
56	177	0.853382
57	93	1.3665
57	104	0.878957
57	121	0.81184
57	123	1.38243
57	129	1.30816
57	130	0.835387
57	133	1.42373
57	143	0.865963
57	160	1.31828
57	164	0.846127
57	166	0.843489
57	170	0.844689
57	175	0.864217
57	177	0.849283
57	178	0.850244
57	179	0.850554
57	180	0.85925
58	3	1.13464
58	15	0.89085
58	34	0.941714
58	41	0.873968
58	51	0.866162
58	66	0.828592
58	73	0.807051
58	85	0.818411
58	104	0.886015
58	106	0.860973
58	107	0.857672
58	117	1.29892
58	120	1.38707
58	121	0.818898
58	130	0.842445
58	171	0.848963
58	176	2.05587
59	12	1.23457
59	74	1.52829
59	83	0.813147
59	95	0.817037
59	100	0.805408
59	105	0.854255
59	108	0.844407
59	113	1.57674
59	119	0.852538
59	138	0.827064
59	149	1.4229
59	150	0.83811
59	152	1.43745
59	162	0.839344
59	163	0.813391
59	166	0.830363
59	171	0.828778
59	177	0.836157
60	11	1.28157
60	79	1.53156
60	90	0.780021
60	99	1.50718
60	112	0.825619
60	135	0.798373
60	142	0.832491
60	155	0.839088
60	158	0.813856
60	159	0.845333
60	166	1.43618
60	168	1.44441
60	172	0.833015
60	174	0.8506
60	175	0.853552
60	178	0.839579
60	179	0.839889
60	180	0.848585
61	13	1.28421
61	44	0.830866
61	88	0.848348
61	128	0.802051
61	147	0.819076
61	148	0.836932
61	149	0.837151
61	158	0.806213
61	161	1.54374
61	164	1.40185
61	166	1.47063
61	172	0.825372
61	174	0.842957
61	175	0.845909
61	177	1.49904
61	178	0.831936
61	179	0.832246
61	180	0.840942
62	5	1.02281
62	53	1.21721
62	68	0.920939
62	80	0.91494
62	100	1.31103
62	101	0.927547
62	127	0.896136
62	133	0.895951
62	141	1.27578
62	147	1.2368
62	160	0.910702
62	165	0.911737
62	167	0.902248
62	168	0.905853
62	170	0.910072
62	171	0.907287
62	174	1.13667
62	176	0.796588
63	47	1.52385
63	70	0.92289
63	71	1.10223
63	88	1.01659
63	92	0.904423
63	101	0.916918
63	105	1.15953
63	122	0.889282
63	127	0.885507
63	133	0.885322
63	145	0.930898
63	153	1.15151
63	160	0.900073
63	161	0.876735
63	165	0.901108
63	167	0.891619
63	168	0.895224
63	178	1.24763
64	4	0.780862
64	28	1.07705
64	36	1.77873
64	40	0.893263
64	65	0.819195
64	66	0.821836
64	73	0.800295
64	78	0.847579
64	82	0.828902
64	104	0.879259
64	121	0.812142
64	130	0.835689
64	145	0.920624
64	146	0.79378
64	170	0.844991
64	171	0.842206
64	174	1.01565
64	176	2.41452
65	7	1.11765
65	25	1.35929
65	40	0.884892
65	51	0.851034
65	64	0.819195
65	72	0.788692
65	73	0.791924
65	78	0.839208
65	82	0.820531
65	85	0.803283
65	106	0.845846
65	107	0.842544
65	121	0.80377
65	130	0.827317
65	154	1.86412
65	170	0.83662
65	171	0.833835
65	176	2.08228
66	3	1.25325
66	15	0.878362
66	31	1.41974
66	35	1.55547
66	40	0.887532
66	58	0.828592
66	64	0.821836
66	73	0.794564
66	85	0.805924
66	97	0.825839
66	106	0.848486
66	107	0.845185
66	121	0.806411
66	130	0.829958
66	146	0.78805
66	170	0.839261
66	176	2.17448
66	179	0.80334
67	47	0.769073
67	86	0.864672
67	143	1.36575
67	144	0.832891
67	149	0.850602
67	151	1.50075
67	155	0.844896
67	158	0.819665
67	159	0.851141
67	160	1.41216
67	165	1.42391
67	172	0.838824
67	174	0.856409
67	176	0.726349
67	177	1.49772
67	178	0.845388
67	179	0.845698
67	180	0.854393
68	9	0.915263
68	62	0.920939
68	74	0.834799
68	89	1.32239
68	106	0.785711
68	111	0.877929
68	118	0.891541
68	126	0.85993
68	131	0.860901
68	141	1.471
68	145	0.904739
68	160	0.873913
68	161	0.850575
68	164	1.28067
68	165	0.874948
68	167	0.865459
68	168	0.869065
68	172	1.37445
68	179	1.35962
69	23	1.46445
69	37	0.851311
69	86	1.44189
69	118	1.52128
69	133	1.61953
69	136	0.809102
69	138	0.806621
69	139	0.799521
69	143	0.832394
69	150	0.817667
69	157	0.826734
69	162	0.818902
69	163	0.792949
69	164	0.812558
69	166	0.80992
69	169	0.798535
69	173	0.808071
69	174	1.55368
69	177	0.815715
70	12	0.941998
70	33	0.871757
70	52	1.06062
70	63	0.92289
70	92	0.890843
70	96	0.882753
70	128	1.38548
70	136	1.289
70	146	0.834653
70	156	1.32883
70	160	0.886494
70	161	0.863155
70	165	0.887529
70	167	0.87804
70	168	0.881645
70	170	0.885864
70	174	1.25083
70	175	1.28638
70	176	0.77238
71	63	1.10223
71	83	0.856844
71	84	0.850004
71	105	0.897953
71	126	1.267
71	128	1.36958
71	134	0.894335
71	135	1.40608
71	138	0.870762
71	140	1.17786
71	143	0.896535
71	151	0.877714
71	156	0.867194
71	157	0.890874
71	162	0.883042
71	169	0.862675
71	172	1.27749
71	173	0.872211
71	177	0.879855
72	5	0.928147
72	37	0.921538
72	39	0.834771
72	65	0.788692
72	90	1.61032
72	100	0.855193
72	101	1.26047
72	132	1.20221
72	137	0.870782
72	141	0.856163
72	149	1.3541
72	151	0.883801
72	156	0.87328
72	163	0.863176
72	166	0.880147
72	169	0.868762
72	173	0.878298
72	177	0.885942
72	180	1.38461
73	2	1.54702
73	24	0.829153
73	51	0.832134
73	58	0.807051
73	64	0.800295
73	65	0.791924
73	66	0.794564
73	78	0.820308
73	82	0.801631
73	85	0.784383
73	104	0.851987
73	106	0.826946
73	117	1.45827
73	120	1.54643
73	130	0.808417
73	140	0.833488
73	170	0.81772
73	175	0.85191
73	176	2.21523
74	30	1.84709
74	55	1.42811
74	59	1.52829
74	68	0.834799
74	79	0.830939
74	99	1.44278
74	111	0.828577
74	123	0.824601
74	127	0.809995
74	133	0.809811
74	140	0.839699
74	160	0.824561
74	161	0.801223
74	165	0.825597
74	167	0.816107
74	168	0.819713
74	170	0.823931
74	174	1.35422
74	176	0.710447
75	27	1.37823
75	82	0.921512
75	103	1.50776
75	116	1.47927
75	139	0.853791
75	141	0.840207
75	143	0.886665
75	148	1.34642
75	150	0.871937
75	151	0.867844
75	156	0.857324
75	157	0.881004
75	160	1.36238
75	162	0.873172
75	164	0.866828
75	166	0.86419
75	169	0.852805
75	173	0.862341
75	176	0.751907
75	177	0.869985
76	83	1.31607
76	86	0.876781
76	100	1.40097
76	112	0.843537
76	116	0.834976
76	138	1.34705
76	142	0.850409
76	146	1.48438
76	148	0.862493
76	149	0.862711
76	152	0.864592
76	158	0.831774
76	164	1.17538
76	167	1.27466
76	172	0.850933
76	174	0.868518
76	175	0.87147
76	178	0.857497
76	179	0.857807
76	180	0.866502
77	52	0.871813
77	88	1.51527
77	119	0.826355
77	132	1.46291
77	136	0.803361
77	138	0.800881
77	143	0.826654
77	150	0.811926
77	153	0.822322
77	154	0.727313
77	155	1.60757
77	157	0.820993
77	163	0.787208
77	166	0.80418
77	167	1.7179
77	169	0.792794
77	173	0.80233
77	176	0.691896
77	177	0.809974
77	179	1.69758
78	3	1.70584
78	7	1.66244
78	11	1.09115
78	40	0.913276
78	41	0.887225
78	64	0.847579
78	65	0.839208
78	73	0.820308
78	82	0.848915
78	85	0.831667
78	91	1.23748
78	97	0.851583
78	106	0.87423
78	107	0.870928
78	114	1.16168
78	121	0.832155
78	130	0.855702
78	143	1.14219
78	170	0.865004
78	171	0.862219
79	51	0.696327
79	53	1.49735
79	60	1.53156
79	74	0.830939
79	93	0.878182
79	110	0.859332
79	111	0.874069
79	114	1.35029
79	122	0.859263
79	126	0.85607
79	131	0.857041
79	133	0.855303
79	145	0.900879
79	158	1.5589
79	160	0.870053
79	164	1.36558
79	165	0.871088
79	168	0.865205
79	171	0.866638
79	176	0.755939
80	16	1.57828
80	62	0.91494
80	96	0.864174
80	103	1.34972
80	110	0.857192
80	123	0.867954
80	129	0.870004
80	133	0.853163
80	134	1.23138
80	145	0.898739
80	146	0.816073
80	150	1.2718
80	160	0.867914
80	161	0.844575
80	165	0.868949
80	167	0.85946
80	168	0.863065
80	175	1.27949
80	176	0.7538
80	177	1.2899
81	47	0.775679
81	90	0.792437
81	103	0.815618
81	105	1.46571
81	121	0.888968
81	142	0.844906
81	147	0.839134
81	148	0.856991
81	155	0.851503
81	158	0.826271
81	159	0.857748
81	163	1.54148
81	166	1.4949
81	169	1.57703
81	170	1.42696
81	172	0.84543
81	174	0.863016
81	175	0.865968
81	178	0.851994
81	179	0.852304
81	180	0.861
82	40	0.894599
82	41	0.868547
82	64	0.828902
82	65	0.820531
82	73	0.801631
82	75	0.921512
82	78	0.848915
82	85	0.81299
82	104	0.880594
82	105	0.811764
82	106	0.855553
82	107	0.852251
82	120	1.55347
82	121	0.813477
82	130	0.837024
82	144	0.905193
82	146	0.795116
82	154	2.00411
82	170	0.846327
82	171	0.843542
82	176	2.22227
83	16	0.781166
83	59	0.813147
83	71	0.856844
83	76	1.31607
83	90	1.5945
83	108	0.856843
83	115	1.27372
83	124	1.36735
83	134	0.863074
83	136	0.84198
83	138	0.8395
83	139	0.832399
83	153	0.860942
83	156	0.835932
83	162	0.85178
83	164	0.845437
83	169	0.831413
83	173	0.84095
83	175	1.42888
83	177	0.848593
83	179	1.42105
84	56	0.82353
84	71	0.850004
84	102	1.30602
84	108	0.850003
84	119	0.858134
84	122	1.48017
84	125	0.860817
84	134	0.856233
84	138	0.832659
84	139	0.825559
84	140	1.38362
84	153	0.854101
84	156	0.829091
84	160	1.4011
84	163	0.818987
84	164	0.838596
84	165	1.41284
84	166	0.835958
84	169	0.824573
84	177	0.841753
84	180	1.41616
85	24	0.840513
85	35	1.56161
85	41	0.8513
85	51	0.843493
85	58	0.818411
85	65	0.803283
85	66	0.805924
85	73	0.784383
85	78	0.831667
85	82	0.81299
85	104	0.863347
85	106	0.838305
85	107	0.835003
85	112	0.859858
85	117	1.42367
85	121	0.79623
85	130	0.819777
85	151	0.83074
85	154	1.96246
85	170	0.829079
85	171	0.826294
85	176	2.18062
86	19	1.21968
86	22	1.24489
86	56	1.19194
86	67	0.864672
86	69	1.44189
86	76	0.876781
86	90	0.833252
86	93	1.2007
86	99	1.28064
86	103	0.856434
86	128	0.862925
86	135	0.851604
86	142	0.885722
86	150	1.21995
86	152	0.899905
86	155	0.892319
86	159	0.898564
86	172	0.886246
86	174	0.903831
86	178	0.89281
86	179	0.89312
86	180	0.901816
87	32	1.29829
87	46	1.44098
87	94	0.867295
87	109	0.858538
87	113	0.854356
87	115	0.890196
87	132	0.942363
87	137	1.32658
87	144	0.861741
87	148	0.879234
87	149	0.879452
87	152	0.881333
87	157	1.14002
87	159	0.879991
87	163	1.22318
87	171	1.16567
87	174	0.885259
87	175	0.888211
87	177	1.205
87	178	0.874238
87	179	0.874548
87	180	0.883243
88	16	1.48363
88	42	0.81789
88	54	0.875672
88	61	0.848348
88	63	1.01659
88	77	1.51527
88	128	0.860052
88	131	1.17812
88	144	0.877441
88	147	0.877078
88	148	0.894934
88	152	0.897033
88	155	0.889446
88	159	0.895691
88	163	1.21343
88	167	1.19734
88	172	0.883374
88	175	0.903911
88	177	1.19525
88	178	0.889938
88	179	0.890248
88	180	0.898943
89	68	1.32239
89	95	0.847545
89	105	0.884763
89	119	0.883046
89	123	1.31892
89	124	1.26839
89	126	1.32643
89	134	0.881145
89	136	0.860052
89	137	0.851505
89	139	0.850471
89	141	0.836887
89	142	1.29994
89	151	0.864524
89	157	0.877684
89	162	0.869852
89	163	0.843899
89	166	0.86087
89	170	0.862071
89	173	0.859021
89	174	1.29437
89	177	0.866665
89	178	1.37084
90	50	0.822715
90	60	0.780021
90	72	1.61032
90	81	0.792437
90	83	1.5945
90	86	0.833252
90	102	0.829663
90	124	0.810602
90	128	0.784083
90	147	0.801108
90	149	0.819183
90	152	0.821063
90	155	0.813477
90	158	0.788245
90	165	1.47719
90	170	1.45466
90	171	1.51167
90	174	0.824989
90	175	0.827941
90	177	1.551
90	178	0.813968
90	179	0.814278
90	180	0.822974
91	19	1.34074
91	47	0.79783
91	53	0.849843
91	55	0.854562
91	78	1.23748
91	108	1.30839
91	109	0.858446
91	132	0.94227
91	144	0.861648
91	149	0.879359
91	156	1.39115
91	158	0.848422
91	159	0.879898
91	168	1.33893
91	170	1.26276
91	171	1.31977
91	172	0.867581
91	174	0.885166
91	175	0.888118
91	176	0.755106
91	178	0.874145
91	179	0.874455
91	180	0.88315
92	22	0.873585
92	48	1.28258
92	63	0.904423
92	70	0.890843
92	110	0.857305
92	115	1.1832
92	118	0.885654
92	122	0.857235
92	126	0.854042
92	131	0.855014
92	135	1.47396
92	144	1.3846
92	145	0.898851
92	148	1.24725
92	152	1.26231
92	160	0.868026
92	161	0.844688
92	163	1.36695
92	165	0.869061
92	167	0.859572
92	168	0.863177
92	171	0.864611
92	176	0.753912
93	1	0.80317
93	57	1.3665
93	79	0.878182
93	86	1.2007
93	111	0.87582
93	122	0.861015
93	123	0.871845
93	127	0.857239
93	129	0.873896
93	131	0.858793
93	133	0.857054
93	152	1.27199
93	160	0.871805
93	161	0.848467
93	162	1.31673
93	165	0.87284
93	167	0.863351
93	168	0.866956
93	170	0.871175
93	171	0.86839
93	173	1.34341
93	174	1.31249
93	178	1.38896
94	87	0.867295
94	112	0.852624
94	113	0.846702
94	115	0.882542
94	133	1.32838
94	135	0.825377
94	136	1.3007
94	142	0.859495
94	143	1.17652
94	146	1.5203
94	147	0.853723
94	149	0.871798
94	158	0.84086
94	159	0.872337
94	167	1.31058
94	171	1.26916
94	172	0.860019
94	173	1.29345
94	174	0.877605
94	175	0.880557
94	178	0.866584
94	179	0.866893
94	180	0.875589
95	17	1.49077
95	25	1.83811
95	42	1.43949
95	45	0.876975
95	50	1.17991
95	59	0.817037
95	89	0.847545
95	105	0.870582
95	113	1.26103
95	117	0.853624
95	119	0.868865
95	125	0.871548
95	139	0.836289
95	151	0.850343
95	153	0.864832
95	154	0.769822
95	157	0.863503
95	161	1.2529
95	163	0.829718
95	166	0.846689
95	169	0.835304
95	173	0.84484
95	177	0.852484
95	180	1.13769
96	1	0.791301
96	18	0.917069
96	26	0.867653
96	70	0.882753
96	80	0.864174
96	112	1.42909
96	124	1.32501
96	127	0.84537
96	129	0.862027
96	131	0.846924
96	137	1.51851
96	139	1.41812
96	140	0.875074
96	143	1.26497
96	148	1.29542
96	154	0.781239
96	160	0.859936
96	161	0.836598
96	165	0.860971
96	167	0.851482
96	168	0.855087
96	171	0.856521
96	174	1.35099
96	176	0.745822
97	12	1.17771
97	66	0.825839
97	78	0.851583
97	101	1.2724
97	103	0.818174
97	104	0.883263
97	111	1.5375
97	121	0.816145
97	130	0.839693
97	139	0.837395
97	145	1.32606
97	157	0.864608
97	158	0.828827
97	160	1.38149
97	161	1.51175
97	162	0.856776
97	165	1.39323
97	169	0.836409
97	171	0.84621
97	175	0.868523
97	177	0.853589
97	178	0.85455
97	179	0.85486
97	180	0.863556
98	38	1.29493
98	43	0.863818
98	45	0.878526
98	46	0.789068
98	54	1.38178
98	56	0.835813
98	108	0.862286
98	110	1.4011
98	119	0.870416
98	139	0.837841
98	143	0.870715
98	146	0.798231
98	147	1.45964
98	151	0.851894
98	156	0.841374
98	157	0.865055
98	160	1.31991
98	166	0.848241
98	167	1.40756
98	169	0.836855
98	170	0.849441
98	173	0.846392
98	177	0.854035
98	180	1.33497
99	11	0.881302
99	19	0.85361
99	23	1.3032
99	28	0.855057
99	32	0.837194
99	60	1.50718
99	74	1.44278
99	86	1.28064
99	100	0.819342
99	114	0.870186
99	136	0.843478
99	137	0.834932
99	150	0.852043
99	152	1.35193
99	153	0.862439
99	156	0.83743
99	159	1.34988
99	162	0.853278
99	163	0.827325
99	164	0.846935
99	165	1.36457
99	169	0.832911
99	173	0.842447
99	177	0.850091
100	37	0.876451
100	59	0.805408
100	62	1.31103
100	72	0.855193
100	76	1.40097
100	99	0.819342
100	105	0.858953
100	126	1.51029
100	134	0.855335
100	136	0.834242
100	141	0.811077
100	143	0.857535
100	145	1.3832
100	150	0.842807
100	153	0.853203
100	156	0.828194
100	159	1.43568
100	162	0.844042
100	164	0.837699
100	169	0.823675
100	173	0.833211
100	176	0.722777
100	177	0.840855
100	179	1.50595
100	180	1.45369
101	39	1.38735
101	62	0.927547
101	63	0.916918
101	72	1.26047
101	97	1.2724
101	110	0.8698
101	112	1.23329
101	118	0.898149
101	122	0.86973
101	123	0.880561
101	127	0.865954
101	129	0.882611
101	131	0.867509
101	133	0.86577
101	141	1.29429
101	145	0.911346
101	160	0.880521
101	161	0.857183
101	165	0.881556
101	166	1.17274
101	167	0.872067
101	168	0.875672
101	171	0.877106
101	172	1.19774
101	179	1.18292
102	1	1.53596
102	9	1.08025
102	48	0.895056
102	84	1.30602
102	90	0.829663
102	103	0.852845
102	115	0.905179
102	116	0.8667
102	124	0.885855
102	125	1.06396
102	139	1.23632
102	144	0.876725
102	146	1.42696
102	147	0.876361
102	152	0.896316
102	155	0.88873
102	158	0.863498
102	162	1.17343
102	171	1.17582
102	172	0.882657
102	174	0.900242
102	175	0.903194
102	178	0.889221
102	179	0.889531
102	180	0.898227
103	19	1.43725
103	20	0.834774
103	26	1.33776
103	75	1.50776
103	80	1.34972
103	81	0.815618
103	86	0.856434
103	97	0.818174
103	102	0.852845
103	113	0.817268
103	128	0.807264
103	139	1.47678
103	144	0.824653
103	147	0.82429
103	149	0.842364
103	152	0.844245
103	158	0.811427
103	163	1.47378
103	171	1.41627
103	172	0.830586
103	174	0.848171
103	175	0.851123
103	178	0.83715
103	179	0.83746
103	180	0.846155
104	4	0.832555
104	7	1.01963
104	15	0.935786
104	49	2.21416
104	57	0.878957
104	58	0.886015
104	64	0.879259
104	73	0.851987
104	82	0.880594
104	85	0.863347
104	97	0.883263
104	106	0.905909
104	107	0.902608
104	120	1.31545
104	121	0.863834
104	130	0.887381
104	132	0.378444
104	140	0.912451
104	146	0.845473
104	154	1.76609
104	158	0.727479
104	170	0.896684
104	171	0.893899
104	176	1.98425
104	179	0.613114
105	43	0.899484
105	59	0.854255
105	63	1.15953
105	71	0.897953
105	81	1.46571
105	82	0.811764
105	89	0.884763
105	95	0.870582
105	100	0.858953
105	113	1.39103
105	114	0.909797
105	129	1.24251
105	131	1.32106
105	134	0.904182
105	143	0.906381
105	150	0.891654
105	153	0.90205
105	154	0.807041
105	156	0.87704
105	162	0.892889
105	164	0.886545
105	166	0.883907
105	167	1.34028
105	169	0.872522
105	180	1.26769
106	15	0.910744
106	31	1.40182
106	36	1.52076
106	40	0.919914
106	51	0.886056
106	58	0.860973
106	65	0.845846
106	66	0.848486
106	68	0.785711
106	73	0.826946
106	78	0.87423
106	82	0.855553
106	85	0.838305
106	104	0.905909
106	107	0.877566
106	111	0.874099
106	117	1.3996
106	120	1.48776
106	121	0.838792
106	130	0.862339
106	140	0.88741
106	146	0.820431
106	170	0.871642
106	171	0.868857
106	175	0.793238
106	176	2.15656
107	2	1.08032
107	15	0.907442
107	24	0.879773
107	29	2.49434
107	31	0.99379
107	35	1.12952
107	40	0.916612
107	51	0.882754
107	58	0.857672
107	65	0.842544
107	66	0.845185
107	78	0.870928
107	82	0.852251
107	85	0.835003
107	104	0.902608
107	106	0.877566
107	117	0.991576
107	121	0.835491
107	130	0.859038
107	140	0.884108
107	146	0.817129
107	154	1.53037
107	169	0.44935
107	170	0.86834
107	171	0.865555
107	176	1.74853
108	43	0.889636
108	54	1.32138
108	59	0.844407
108	83	0.856843
108	84	0.850003
108	91	1.30839
108	98	0.862286
108	118	1.26672
108	134	0.894334
108	137	0.864695
108	149	1.24407
108	150	0.881806
108	153	0.892203
108	155	1.23684
108	156	0.867193
108	157	0.890873
108	162	0.883041
108	164	0.876698
108	166	0.87406
108	167	1.34716
108	169	0.862674
108	170	0.87526
108	172	1.34167
108	173	0.87221
108	175	1.33467
108	176	0.761776
109	34	1.54792
109	42	0.785778
109	87	0.858538
109	91	0.858446
109	113	0.837945
109	115	0.873785
109	116	0.835305
109	132	0.925952
109	142	0.850738
109	144	0.84533
109	146	1.52098
109	148	0.862823
109	149	0.863041
109	152	0.864922
109	154	0.774204
109	155	0.857335
109	160	1.22361
109	163	1.32734
109	169	1.3629
109	170	1.21282
109	172	0.851263
109	173	1.29413
109	175	0.8718
109	177	1.30917
109	178	0.857827
109	179	0.858136
109	180	0.866832
110	79	0.859332
110	80	0.857192
110	92	0.857305
110	98	1.4011
110	101	0.8698
110	111	0.85697
110	118	0.870582
110	123	0.852995
110	126	0.838971
110	127	0.838388
110	129	0.855045
110	131	0.839943
110	132	1.13851
110	133	0.838204
110	138	1.46589
110	144	1.42725
110	145	0.88378
110	153	1.32581
110	159	1.30291
110	160	0.852955
110	161	0.829616
110	165	0.85399
110	166	1.36301
110	167	0.844501
110	168	0.848106
110	170	0.852325
110	173	1.37637
111	1	0.799056
111	26	0.875409
111	52	1.23007
111	68	0.877929
111	74	0.828577
111	79	0.874069
111	93	0.87582
111	97	1.5375
111	106	0.874099
111	110	0.85697
111	122	0.856901
111	123	0.867731
111	126	0.853708
111	129	0.869782
111	131	0.85468
111	133	0.852941
111	142	1.42585
111	160	0.867691
111	161	0.844353
111	164	1.36905
111	165	0.868727
111	167	0.859237
111	168	0.862843
111	169	1.51997
111	176	0.753577
111	179	1.44801
111	180	1.39574
112	8	0.885879
112	10	0.89059
112	17	0.786371
112	25	0.778371
112	60	0.825619
112	76	0.843537
112	85	0.859858
112	94	0.852624
112	96	1.42909
112	101	1.23329
112	116	0.837045
112	132	0.927691
112	144	0.84707
112	146	1.63974
112	147	0.846706
112	149	0.864781
112	158	0.833843
112	159	0.86532
112	168	1.40776
112	171	1.3886
112	172	0.853002
112	173	1.41289
112	175	0.873539
112	177	1.42793
112	178	0.859566
112	179	0.859876
112	180	0.868572
113	54	0.839378
113	59	1.57674
113	87	0.854356
113	94	0.846702
113	95	1.26103
113	103	0.817268
113	105	1.39103
113	109	0.837945
113	124	0.850278
113	128	0.823759
113	135	0.812438
113	142	0.846556
113	143	1.31665
113	144	0.841148
113	148	0.85864
113	151	1.45165
113	157	1.38364
113	158	0.827921
113	159	0.859398
113	163	1.4668
113	170	1.35228
113	172	0.84708
113	174	0.864665
113	175	0.867617
113	176	0.734605
113	178	0.853644
113	179	0.853954
113	180	0.86265
114	11	0.922909
114	19	0.895218
114	28	0.896665
114	32	0.878801
114	36	0.86022
114	52	0.953537
114	78	1.16168
114	79	1.35029
114	99	0.870186
114	105	0.909797
114	120	0.854279
114	133	1.3032
114	139	0.875504
114	140	1.18028
114	143	0.908378
114	153	0.904047
114	155	1.17508
114	162	0.894886
114	163	0.868933
114	164	0.888542
114	166	0.885904
114	169	0.874519
114	172	1.27991
114	173	0.884055
114	175	1.2729
114	176	0.773621
114	179	1.26508
114	180	1.21281
115	32	1.3235
115	33	1.3058
115	38	0.911044
115	83	1.27372
115	87	0.890196
115	92	1.1832
115	94	0.882542
115	102	0.905179
115	109	0.873785
115	124	0.886118
115	138	1.3047
115	144	0.876988
115	148	0.89448
115	150	1.21212
115	152	0.896579
115	155	0.888993
115	158	0.863761
115	159	0.895238
115	165	1.15641
115	168	1.21005
115	172	0.88292
115	174	0.900505
115	175	0.903457
115	176	0.770445
115	177	1.23022
115	178	0.889484
115	179	0.889794
115	180	0.89849
116	17	0.77781
116	75	1.47927
116	76	0.834976
116	102	0.8667
116	109	0.835305
116	112	0.837045
116	119	1.37188
116	124	0.847638
116	142	0.843917
116	143	1.29515
116	144	0.838508
116	148	0.856001
116	149	0.856219
116	152	0.8581
116	158	0.825282
116	159	0.856758
116	162	1.38539
116	165	1.3533
116	168	1.40694
116	169	1.48084
116	172	0.844441
116	174	0.862026
116	175	0.864978
116	176	0.731966
116	177	1.42711
116	178	0.851005
116	179	0.851315
116	180	0.86001
117	15	1.48749
117	38	0.895265
117	41	1.11982
117	51	1.2253
117	58	1.29892
117	73	1.45827
117	85	1.42367
117	95	0.853624
117	106	1.3996
117	107	0.991576
117	118	0.886408
117	127	0.854214
117	130	1.18936
117	137	0.857585
117	147	0.860845
117	162	0.875932
117	164	0.869588
117	165	0.869816
117	166	0.86695
117	167	0.860327
117	168	0.863932
117	171	0.865366
117	172	0.867142
117	173	0.865101
117	174	0.884727
117	177	0.872745
117	178	0.873706
117	179	0.874016
117	180	0.882711
118	1	0.812669
118	26	0.889021
118	44	1.2859
118	68	0.891541
118	69	1.52128
118	92	0.885654
118	101	0.898149
118	108	1.26672
118	110	0.870582
118	117	0.886408
118	122	0.870513
118	123	0.881344
118	124	1.24549
118	126	0.86732
118	127	0.866737
118	129	0.883394
118	134	1.25892
118	153	1.25182
118	160	0.881304
118	161	0.857966
118	164	1.22025
118	165	0.882339
118	167	0.87285
118	168	0.876455
118	170	0.880674
118	171	0.877889
118	173	1.30239
118	176	0.76719
118	180	1.24693
119	9	1.20565
119	26	1.2227
119	37	0.923581
119	49	0.773953
119	59	0.852538
119	77	0.826355
119	84	0.858134
119	89	0.883046
119	95	0.868865
119	98	0.870416
119	116	1.37188
119	123	1.31914
119	125	0.907049
119	134	0.902465
119	145	1.19956
119	150	0.889937
119	153	0.900333
119	157	0.899004
119	163	0.865219
119	164	0.884828
119	166	0.88219
119	168	1.32038
119	169	0.870805
119	170	0.883391
119	172	1.33715
119	174	1.29459
119	175	1.33014
119	176	0.769907
119	177	0.887985
120	15	1.57564
120	58	1.38707
120	73	1.54643
120	82	1.55347
120	104	1.31545
120	106	1.48776
120	114	0.854279
120	121	1.44556
120	124	0.831779
120	125	0.853249
120	130	1.27752
120	133	0.81547
120	137	0.819025
120	145	0.861046
120	147	0.822285
120	151	0.832043
120	160	0.830221
120	167	0.821767
120	168	0.825372
120	169	0.817005
120	170	0.829591
120	173	0.826541
120	174	0.846167
120	175	0.849119
120	176	0.716107
120	177	0.834185
120	178	0.835146
120	179	0.835455
120	180	0.844151
121	15	0.868668
121	20	0.847327
121	21	0.840786
121	24	0.841
121	31	1.35962
121	40	0.877838
121	41	0.851787
121	49	2.34427
121	57	0.81184
121	58	0.818898
121	64	0.812142
121	65	0.80377
121	66	0.806411
121	78	0.832155
121	81	0.888968
121	82	0.813477
121	85	0.79623
121	97	0.816145
121	104	0.863834
121	106	0.838792
121	107	0.835491
121	120	1.44556
121	130	0.820264
121	140	0.845334
121	146	0.778356
121	154	1.8962
121	171	0.826782
121	174	0.715495
121	176	2.11436
122	5	1.22949
122	9	0.894235
122	14	1.21515
122	22	0.858444
122	26	0.860603
122	63	0.889282
122	79	0.859263
122	84	1.48017
122	92	0.857235
122	93	0.861015
122	101	0.86973
122	111	0.856901
122	118	0.870513
122	123	0.852926
122	126	0.838902
122	127	0.838319
122	129	0.854976
122	131	0.839874
122	133	0.838135
122	143	1.25733
122	145	0.883711
122	147	1.44347
122	157	1.32432
122	161	0.829547
122	165	0.853921
122	166	1.3609
122	167	0.844432
122	168	0.848037
122	179	1.37107
122	180	1.31881
123	1	0.795081
123	57	1.38243
123	74	0.824601
123	80	0.867954
123	89	1.31892
123	93	0.871845
123	101	0.880561
123	110	0.852995
123	111	0.867731
123	118	0.881344
123	119	1.31914
123	122	0.852926
123	125	1.22318
123	126	0.849733
123	127	0.84915
123	129	0.865807
123	131	0.850704
123	133	0.848965
123	145	0.894542
123	147	1.42854
123	150	1.35628
123	152	1.28792
123	160	0.863716
123	161	0.840378
123	165	0.864751
123	167	0.855262
123	168	0.858867
123	170	0.863086
123	174	1.32842
123	179	1.35614
124	54	0.855893
124	83	1.36735
124	89	1.26839
124	90	0.810602
124	96	1.32501
124	102	0.885855
124	113	0.850278
124	115	0.886118
124	116	0.847638
124	118	1.24549
124	120	0.831779
124	134	1.26534
124	135	0.828953
124	138	1.39833
124	140	0.880372
124	146	1.53566
124	147	0.857299
124	149	0.875374
124	155	0.869668
124	158	0.844436
124	159	0.875913
124	171	1.28452
124	172	0.863595
124	173	1.30881
124	174	0.88118
124	175	0.884132
124	176	0.751121
124	178	0.870159
124	179	0.870469
124	180	0.879165
125	1	1.56541
125	8	1.09745
125	13	0.937999
125	32	0.877771
125	53	1.27918
125	84	0.860817
125	95	0.871548
125	102	1.06396
125	119	0.907049
125	120	0.853249
125	123	1.22318
125	134	0.905148
125	136	0.884055
125	137	0.875509
125	139	0.874474
125	140	1.14157
125	141	0.86089
125	144	1.28043
125	150	0.89262
125	151	0.888527
125	153	0.903017
125	157	0.901687
125	164	0.887512
125	166	0.884874
125	169	0.873488
125	170	0.886074
125	172	1.2412
125	173	0.883024
125	175	1.23419
125	177	0.890668
125	178	1.27511
126	12	0.905197
126	22	0.855251
126	33	0.834956
126	39	1.5681
126	68	0.85993
126	71	1.267
126	79	0.85607
126	89	1.32643
126	92	0.854042
126	100	1.51029
126	110	0.838971
126	111	0.853708
126	118	0.86732
126	122	0.838902
126	123	0.849733
126	127	0.835126
126	129	0.851783
126	131	0.836681
126	140	0.864831
126	141	1.47504
126	148	1.28037
126	153	1.31628
126	159	1.29338
126	160	0.849693
126	161	0.826354
126	165	0.850728
126	167	0.841239
126	168	0.844844
126	170	0.849063
126	176	0.735579
126	179	1.36366
127	62	0.896136
127	63	0.885507
127	74	0.809995
127	93	0.857239
127	96	0.84537
127	101	0.865954
127	110	0.838388
127	117	0.854214
127	118	0.866737
127	122	0.838319
127	123	0.84915
127	126	0.835126
127	129	0.8512
127	131	0.836098
127	138	1.46288
127	139	1.40958
127	142	1.34802
127	145	0.879935
127	150	1.37031
127	152	1.30195
127	159	1.2999
127	160	0.84911
127	161	0.825771
127	162	1.34668
127	165	0.850145
127	167	0.840656
127	168	0.844261
127	169	1.44213
127	171	0.845695
127	176	0.734996
127	178	1.41892
128	25	0.762446
128	50	0.852387
128	53	0.819338
128	55	0.824058
128	61	0.802051
128	70	1.38548
128	71	1.36958
128	86	0.862925
128	88	0.860052
128	90	0.784083
128	103	0.807264
128	113	0.823759
128	132	0.911766
128	135	0.802434
128	142	0.836552
128	144	0.831144
128	145	1.34349
128	147	0.83078
128	148	0.848637
128	150	1.46638
128	152	0.850736
128	156	1.51652
128	164	1.38729
128	165	1.41066
128	166	1.45607
128	168	1.4643
128	172	0.837076
128	174	0.854662
128	175	0.857614
128	178	0.843641
128	179	0.84395
128	180	0.852646
129	22	0.871325
129	32	1.39339
129	34	1.53886
129	57	1.30816
129	80	0.870004
129	93	0.873896
129	96	0.862027
129	101	0.882611
129	105	1.24251
129	110	0.855045
129	111	0.869782
129	118	0.883394
129	122	0.854976
129	123	0.865807
129	126	0.851783
129	127	0.8512
129	131	0.852755
129	133	0.851016
129	141	1.39325
129	142	1.25972
129	145	0.896592
129	154	0.787069
129	157	1.23512
129	158	1.39624
129	160	0.865767
129	161	0.842428
129	164	1.20292
129	165	0.866802
129	167	0.857313
129	168	0.860918
129	170	0.865137
129	171	0.862352
129	180	1.22961
130	7	0.981688
130	15	0.892216
130	21	0.864333
130	24	0.864547
130	29	2.69212
130	35	1.3273
130	36	1.31052
130	40	0.901385
130	41	0.875334
130	51	0.867528
130	57	0.835387
130	58	0.842445
130	64	0.835689
130	65	0.827317
130	66	0.829958
130	73	0.808417
130	78	0.855702
130	82	0.837024
130	85	0.819777
130	97	0.839693
130	104	0.887381
130	106	0.862339
130	107	0.859038
130	117	1.18936
130	120	1.27752
130	121	0.820264
130	140	0.868881
130	146	0.801903
130	154	1.72815
130	166	0.565002
130	170	0.853114
130	171	0.850329
130	176	1.94632
130	177	0.593406
131	18	0.907797
131	26	0.858382
131	27	1.30895
131	31	0.858482
131	68	0.860901
131	79	0.857041
131	88	1.17812
131	92	0.855014
131	93	0.858793
131	96	0.846924
131	101	0.867509
131	105	1.32106
131	110	0.839943
131	111	0.85468
131	122	0.839874
131	123	0.850704
131	126	0.836681
131	127	0.836098
131	129	0.852755
131	134	1.32014
131	141	1.4718
131	145	0.88149
131	151	1.38168
131	154	0.771967
