1	3	1.01638
1	5	1.0326
1	37	1.05162
1	48	0.993959
1	73	1.07677
1	117	1.00096
1	118	1.03916
1	124	0.997851
1	148	1.03145
1	150	1.15783
1	162	1.32049
1	165	1.14315
2	23	1.00922
2	31	0.996811
2	57	0.997492
2	78	1.01494
2	85	1.04871
2	93	1.01003
2	98	1.10411
2	117	1.03674
2	139	0.950328
2	142	1.00317
2	177	1.43587
2	180	1.25307
3	1	1.01638
3	5	1.02914
3	37	1.04816
3	39	1.04555
3	73	1.07331
3	84	0.99375
3	117	0.997496
3	165	0.977647
3	168	1.25248
3	171	1.18252
3	176	1.08367
3	180	1.16392
4	12	1.02437
4	14	1.14972
4	28	1.14187
4	67	1.01751
4	68	0.917717
4	74	0.95898
4	75	0.95898
4	139	0.958223
4	140	0.872754
4	165	1.07469
4	173	1.47545
4	179	1.27595
5	1	1.0326
5	3	1.02914
5	24	0.966742
5	37	1.06438
5	48	1.00672
5	73	1.08953
5	84	1.00997
5	124	1.02209
5	145	1.09061
5	160	1.08576
5	162	1.34472
5	169	1.10878
6	30	0.858028
6	61	0.752233
6	113	0.84462
6	119	0.805615
6	156	1.17387
6	163	0.693198
6	173	0.967506
6	176	1.03935
6	177	0.970846
6	178	1.0328
6	179	1.00533
6	180	1.00663
7	27	0.885794
7	51	0.904116
7	94	0.863511
7	105	0.920329
7	106	0.905204
7	108	0.885754
7	133	0.889038
7	160	1.1956
7	161	1.17834
7	164	0.933392
7	177	1.64628
7	180	1.46349
8	14	1.00004
8	26	0.997499
8	28	0.992188
8	61	0.917145
8	67	0.867825
8	68	0.768037
8	74	0.8093
8	75	0.8093
8	123	1.21277
8	162	1.35336
8	177	1.54509
8	179	1.37727
9	55	1.02059
9	66	1.03055
9	94	0.994149
9	104	1.21731
9	105	1.05097
9	108	1.01639
9	133	1.01968
9	149	0.957167
9	153	1.0595
9	164	1.06403
9	176	1.1639
9	179	1.25914
10	89	0.991773
10	92	0.982084
10	100	1.04209
10	107	1.08574
10	113	1.05057
10	133	1.02264
10	135	0.929033
10	146	0.939219
10	147	1.01754
10	155	1.20335
10	170	1.20243
10	175	1.37804
11	46	0.916164
11	63	0.853605
11	95	0.870391
11	96	0.870565
11	102	0.920766
11	137	1.10567
11	143	0.919828
11	159	0.899972
11	162	1.42483
11	163	0.94449
11	177	1.61656
11	178	1.33965
12	4	1.02437
12	28	1.15616
12	61	1.08112
12	67	1.0318
12	68	0.93201
12	74	0.973273
12	75	0.973273
12	140	0.971566
12	154	1.08614
12	156	1.04086
12	168	1.44834
12	169	1.1149
13	15	1.01779
13	21	1.01697
13	69	1.01203
13	77	1.00608
13	97	1.08338
13	138	1.02537
13	139	0.892052
13	154	1.04784
13	155	1.07755
13	167	1.32803
13	168	1.28335
13	170	1.07663
14	4	1.14972
14	8	1.00004
14	43	0.798844
14	61	1.20647
14	64	1.17619
14	68	1.05736
14	74	1.09862
14	75	1.09862
14	76	0.953158
14	125	1.15208
14	141	0.99374
14	177	1.27968
14	178	1.00277
15	13	1.01779
15	21	0.963901
15	38	0.916065
15	69	0.958958
15	77	0.953009
15	97	1.03031
15	138	0.972299
15	142	1.07818
15	154	0.994769
15	156	1.00917
15	161	1.04294
15	173	1.54257
15	175	1.38553
16	91	1.0905
16	99	0.983487
16	119	0.983769
16	126	0.957485
16	127	1.03321
16	132	0.947695
16	134	1.01311
16	142	1.13485
16	150	1.21317
16	151	1.23394
16	164	1.01159
16	168	0.849923
16	180	1.38476
17	21	0.876579
17	31	0.873214
17	39	0.807
17	59	0.949511
17	97	0.83332
17	111	0.992747
17	120	1.05112
17	134	1.08071
17	155	0.982921
17	168	0.91753
17	176	0.946121
17	179	0.912104
17	180	0.913407
18	106	0.986428
18	110	1.03364
18	112	0.931482
18	122	0.981441
18	128	1.02078
18	129	0.994725
18	131	0.96213
18	154	1.14765
18	159	1.1427
18	160	1.1534
18	161	1.13614
18	162	0.866815
18	172	1.47765
19	91	1.02099
19	99	1.00152
19	111	0.943168
19	119	1.0018
19	121	0.930671
19	127	1.05123
19	132	0.965723
19	153	1.13059
19	164	1.02962
19	168	0.867951
19	175	1.37269
19	178	1.22113
19	180	1.31524
20	64	1.01634
20	68	0.897512
20	74	0.938775
20	75	0.938775
20	85	0.987841
20	93	0.949159
20	98	1.04323
20	103	1.00468
20	135	0.936997
20	165	1.14228
20	168	1.41711
20	178	1.23444
20	180	1.32856
21	13	1.01697
21	15	0.963901
21	17	0.876579
21	32	0.961351
21	38	0.915244
21	69	0.958138
21	97	1.02949
21	137	1.0493
21	138	0.971478
21	149	1.0904
21	154	0.993948
21	170	1.25922
21	174	1.61323
22	27	0.937939
22	42	0.910445
22	105	0.972474
22	108	0.937899
22	120	0.957465
22	127	1.00715
22	134	0.987055
22	152	1.1773
22	163	0.996981
22	164	0.985537
22	171	1.38701
22	176	1.28816
22	178	1.2743
23	2	1.00922
23	57	0.915305
23	80	1.00243
23	85	0.966523
23	93	0.927842
23	98	1.02192
23	103	0.983364
23	117	0.954552
23	150	1.25578
23	158	1.15887
23	159	1.14877
23	169	1.18249
23	170	1.3092
24	5	0.966742
24	37	0.985757
24	39	0.983152
24	48	0.928097
24	58	1.00833
24	73	1.01091
24	117	0.935095
24	118	0.973298
24	143	1.1221
24	160	1.10913
24	166	1.31513
24	169	1.13215
24	180	1.37702
25	29	1.11315
25	40	1.05023
25	60	1.02265
25	69	0.984094
25	77	0.978145
25	97	1.05544
25	138	0.997435
25	139	1.00263
25	148	1.00741
25	154	1.0199
25	179	1.32036
25	180	1.30538
26	8	0.997499
26	60	0.923333
26	61	1.20393
26	64	1.17364
26	67	1.15461
26	68	1.05482
26	71	0.847298
26	74	1.09608
26	75	1.09608
26	104	1.17921
26	139	0.903314
26	155	1.08881
26	175	1.26351
27	7	0.885794
27	22	0.937939
27	51	1.00287
27	66	0.998665
27	76	1.29591
27	91	1.14538
27	94	0.962263
27	108	0.984507
27	133	0.987791
27	150	1.26805
27	159	1.16104
27	160	1.17175
27	164	1.03214
28	4	1.14187
28	8	0.992188
28	12	1.15616
28	64	1.16833
28	67	1.1493
28	74	1.09077
28	75	1.09077
28	114	0.806017
28	143	0.998056
28	152	1.06187
28	153	1.06833
28	158	0.984484
28	172	1.30934
29	25	1.11315
29	40	1.14839
29	69	1.08225
29	77	1.0763
29	87	0.692197
29	97	1.1536
29	138	1.09559
29	154	1.11806
29	162	1.08676
29	171	1.11429
29	174	1.33153
29	176	1.01543
29	178	1.00158
30	6	0.858028
30	57	0.937921
30	85	0.98914
30	98	1.04453
30	103	1.00598
30	111	0.939555
30	132	0.96211
30	135	0.930269
30	163	1.03745
30	168	0.864338
30	170	1.20366
30	174	1.55767
30	179	1.33681
31	2	0.996811
31	17	0.873214
31	50	0.944875
31	58	1.01538
31	80	0.990021
31	85	0.954113
31	93	0.915431
31	98	1.00951
31	103	0.970953
31	137	1.04594
31	149	1.08703
31	173	1.5885
31	176	1.29377
32	21	0.961351
32	38	0.913515
32	40	1.02255
32	69	0.956408
32	77	0.950459
32	97	1.02776
32	138	0.969749
32	142	1.14893
32	149	1.11184
32	154	0.992219
32	166	1.33694
32	169	1.15396
32	178	1.30472
33	49	0.95811
33	81	1.00514
33	82	0.967086
33	95	0.938179
33	96	0.938353
33	102	0.988554
33	141	1.23913
33	143	0.987616
33	159	0.96776
33	163	1.01228
33	170	1.22411
33	171	1.36088
33	176	1.26202
34	65	1.06354
34	79	1.01766
34	101	0.986518
34	112	0.930126
34	115	0.965697
34	116	0.965569
34	122	0.980085
34	129	0.993369
34	131	0.960774
34	140	1.1728
34	156	1.24209
34	158	1.29252
34	160	1.29312
35	121	0.989936
35	127	1.1105
35	132	1.02499
35	134	1.0904
35	135	0.948153
35	138	1.03895
35	143	1.08479
35	146	0.958338
35	149	1.05272
35	151	1.18889
35	163	1.10033
35	164	1.08888
35	168	0.927217
35	172	1.39607
36	46	0.979848
36	81	1.00104
36	95	0.934075
36	96	0.934249
36	102	0.98445
36	139	1.04986
36	143	0.983512
36	145	1.08957
36	150	1.18102
36	159	0.963657
36	163	1.00817
36	165	1.16633
36	173	1.56709
37	1	1.05162
37	3	1.04816
37	5	1.06438
37	24	0.985757
37	42	0.844486
37	48	1.02573
37	73	1.10854
37	117	1.03273
37	118	1.07094
37	153	1.1178
37	154	1.02881
37	156	0.983532
37	171	1.32106
37	179	1.31743
38	15	0.916065
38	21	0.915244
38	32	0.913515
38	40	0.976442
38	69	0.910301
38	77	0.904352
38	82	1.0904
38	97	0.981652
38	130	1.13961
38	138	0.923642
38	145	1.20255
38	154	0.946112
38	157	1.54468
38	179	1.48057
39	3	1.04555
39	17	0.807
39	24	0.983152
39	48	1.02313
39	58	1.10336
39	73	1.10594
39	84	1.02638
39	117	1.03013
39	118	1.06833
39	130	0.981827
39	140	0.919595
39	159	1.02921
39	168	1.39637
39	179	1.32279
40	25	1.05023
40	29	1.14839
40	32	1.02255
40	38	0.976442
40	71	0.874854
40	77	1.01339
40	97	1.09069
40	138	1.03268
40	146	0.85224
40	154	1.05515
40	160	0.965726
40	165	1.04734
40	173	1.4481
40	177	1.41641
41	56	1.03823
41	66	1.05797
41	90	1.01212
41	94	1.02156
41	106	1.06326
41	108	1.04381
41	130	0.814567
41	133	1.04709
41	150	0.968959
41	157	1.21964
41	164	1.09144
41	167	1.27378
41	175	1.19799
41	179	1.15553
42	22	0.910445
42	37	0.844486
42	72	0.767826
42	73	0.846262
42	114	1.25095
42	115	0.801712
42	129	0.779411
42	161	1.12545
42	172	1.01043
42	173	0.968741
42	176	1.04058
42	177	0.972081
42	179	1.00657
42	180	1.00787
43	14	0.798844
43	57	1.13108
43	61	0.917996
43	88	1.06968
43	116	1.00855
43	150	1.00433
43	166	0.964711
43	167	0.913812
43	174	0.892961
43	176	0.952171
43	177	0.883669
43	178	0.945624
43	179	0.918154
43	180	0.919457
44	104	1.15089
44	109	1.03378
44	112	1.02093
44	115	1.0565
44	122	1.07089
44	128	1.11023
44	129	1.08418
44	131	1.05158
44	152	0.986628
44	158	0.909243
44	162	0.956266
44	166	1.11585
44	176	1.09748
44	177	1.36053
45	65	0.991693
45	83	1.26194
45	86	1.37772
45	102	1.34551
45	114	1.01224
45	115	1.34045
45	141	0.839945
45	157	0.789809
45	167	0.763519
45	174	0.742668
45	175	0.774433
45	176	0.801879
45	177	0.733377
45	179	0.767862
45	180	0.769164
46	11	0.916164
46	36	0.979848
46	59	0.972987
46	63	0.983419
46	95	1.0002
46	96	1.00038
46	102	1.05058
46	124	0.997089
46	130	1.00268
46	148	1.03069
46	158	1.06016
46	159	1.02979
46	163	1.0743
46	168	1.41721
46	177	1.51145
47	52	0.807858
47	54	1.00058
47	89	0.960369
47	91	1.01079
47	92	0.95068
47	100	1.01069
47	107	1.05434
47	113	1.01917
47	124	1.02231
47	133	0.991239
47	145	1.04201
47	147	0.986137
47	162	1.29612
47	168	1.39361
47	177	1.48784
48	1	0.993959
48	5	1.00672
48	24	0.928097
48	37	1.02573
48	39	1.02313
48	73	1.05088
48	84	0.971326
48	117	0.975073
48	118	1.01328
48	139	0.982287
48	148	0.987066
48	149	0.99804
48	167	1.41827
48	171	1.30364
48	172	1.34139
49	33	0.95811
49	59	0.947146
49	81	1.04132
49	95	0.974363
49	96	0.974537
49	102	1.02474
49	143	1.0238
49	148	1.06021
49	154	1.08453
49	159	1.00394
49	160	1.09028
49	163	1.04846
49	169	1.1133
49	175	1.41562
49	178	1.26406
50	31	0.944875
50	57	0.945556
50	58	1.05804
50	80	1.03268
50	84	0.981058
50	85	0.996775
50	93	0.958093
50	98	1.05217
50	103	1.01362
50	123	1.14214
50	154	1.01801
50	156	0.972736
50	167	1.42489
50	170	1.17349
50	179	1.30664
51	7	0.904116
51	27	1.00287
51	55	1.00702
51	56	0.997248
51	60	1.10551
51	66	1.01699
51	94	0.980585
51	105	1.0374
51	133	1.00611
51	136	1.16319
51	145	1.12519
51	150	1.21664
51	159	1.10964
51	164	1.05047
51	176	1.30798
52	47	0.807858
52	55	0.885527
52	62	0.92826
52	96	0.77633
52	132	0.870361
52	135	1.17538
52	138	0.859397
52	169	1.06026
52	174	0.9395
52	175	0.971265
52	176	0.998711
52	177	0.930209
52	178	0.992164
52	179	0.964694
52	180	0.965997
53	88	1.12934
53	101	1.14976
53	109	1.10622
53	110	1.19553
53	114	0.771814
53	116	1.12881
53	122	1.14333
53	123	1.06926
53	131	1.12402
53	144	0.888409
53	151	1.06796
53	157	1.29787
53	160	0.950888
53	162	1.02871
53	166	1.15688
54	47	1.00058
54	62	0.964339
54	89	0.969501
54	92	0.959813
54	100	1.01982
54	107	1.06347
54	113	1.0283
54	133	1.00037
54	139	0.934805
54	147	0.995269
54	150	1.06596
54	152	1.04644
54	172	1.29391
54	173	1.45203
54	180	1.23755
55	9	1.02059
55	51	1.00702
55	52	0.885527
55	56	0.983081
55	66	1.00282
55	90	0.956978
55	94	0.966418
55	105	1.02324
55	108	0.988662
55	139	1.07997
55	155	1.26547
55	159	1.10412
55	164	1.0363
55	169	1.13784
55	180	1.38272
56	41	1.03823
56	51	0.997248
56	55	0.983081
56	94	0.956642
56	105	1.01346
56	106	0.998336
56	108	0.978886
56	130	0.939382
56	133	0.98217
56	153	1.08071
56	162	1.25643
56	164	1.02652
56	172	1.32172
56	178	1.17125
56	180	1.26536
57	2	0.997492
57	23	0.915305
57	30	0.937921
57	43	1.13108
57	50	0.945556
57	80	0.990702
57	84	0.939077
57	85	0.954795
57	93	0.916113
57	98	1.01019
57	103	0.971635
57	114	0.98216
57	144	1.09875
57	150	1.25753
57	162	1.42019
57	166	1.36723
58	24	1.00833
58	31	1.01538
58	39	1.10336
58	50	1.05804
58	73	1.13112
58	78	1.04885
58	80	1.10318
58	84	1.05156
58	93	1.02859
58	103	1.08412
58	124	0.955422
58	125	1.34219
58	141	1.18385
58	142	1.03709
58	148	0.989024
58	158	1.01849
59	17	0.949511
59	46	0.972987
59	49	0.947146
59	63	0.910429
59	81	0.994174
59	95	0.927214
59	96	0.927388
59	102	0.977589
59	104	1.42347
59	140	1.06211
59	143	0.976651
59	159	0.956796
59	161	1.16517
59	163	1.00131
59	165	1.26405
59	166	1.38843
60	25	1.02265
60	26	0.923333
60	51	1.10551
60	85	0.963909
60	127	0.975245
60	149	1.08074
60	162	0.952468
60	164	0.891702
60	165	1.02589
60	173	0.89535
60	175	0.939747
60	176	0.967193
60	177	0.898691
60	178	0.960646
60	179	0.933176
60	180	0.934478
61	6	0.752233
61	8	0.917145
61	12	1.08112
61	14	1.20647
61	26	1.20393
61	43	0.917996
61	64	1.09329
61	67	1.07425
61	68	0.974464
61	74	1.01573
61	75	1.01573
61	148	0.918068
61	152	1.02492
61	170	1.09787
61	172	1.27239
61	175	1.27348
62	52	0.92826
62	54	0.964339
62	89	0.924132
62	90	0.920034
62	92	0.914444
62	100	0.97445
62	107	1.0181
62	113	0.98293
62	118	0.988723
62	133	0.955002
62	144	1.09508
62	146	1.04407
62	147	0.9499
62	152	1.23434
62	176	1.3452
62	177	1.60825
63	11	0.853605
63	46	0.983419
63	59	0.910429
63	81	1.00461
63	87	1.02926
63	95	0.937646
63	96	0.93782
63	102	0.988021
63	136	1.20772
63	139	1.13001
63	143	0.987083
63	153	1.2481
63	159	0.967227
63	163	1.01175
63	175	1.4902
63	178	1.33864
64	14	1.17619
64	20	1.01634
64	26	1.17364
64	28	1.16833
64	61	1.09329
64	67	1.04397
64	68	0.944183
64	74	0.985446
64	75	0.985446
64	140	0.851556
64	142	0.989865
64	144	0.909401
64	155	1.12252
64	162	1.23084
64	179	1.25475
64	180	1.23977
65	34	1.06354
65	45	0.991693
65	86	0.799477
65	105	0.749677
65	106	0.733225
65	118	0.786758
65	128	0.803316
65	133	0.829633
65	152	1.07865
65	153	1.07671
65	159	1.10341
65	165	1.06211
65	176	1.0034
65	177	0.934903
65	178	0.996858
65	179	0.969388
65	180	0.970691
66	9	1.03055
66	27	0.998665
66	41	1.05797
66	51	1.01699
66	55	1.00282
66	94	0.976382
66	105	1.0332
66	106	1.01808
66	108	0.998625
66	142	0.938683
66	153	1.00393
66	158	0.920091
66	164	1.04626
66	172	1.24494
66	174	1.42443
66	177	1.37138
66	178	1.09447
67	4	1.01751
67	8	0.867825
67	12	1.0318
67	26	1.15461
67	28	1.1493
67	61	1.07425
67	64	1.04397
67	68	0.925144
67	74	0.966407
67	75	0.966407
67	137	0.936085
67	141	1.16103
67	151	1.11335
67	159	0.985576
67	160	0.996283
67	168	1.35273
67	177	1.44697
68	4	0.917717
68	8	0.768037
68	12	0.93201
68	14	1.05736
68	20	0.897512
68	26	1.05482
68	61	0.974464
68	64	0.944183
68	67	0.925144
68	74	0.866619
68	75	0.866619
68	153	1.27571
68	160	1.19248
68	166	1.39847
68	169	1.21549
68	176	1.38011
68	178	1.36625
69	13	1.01203
69	15	0.958958
69	21	0.958138
69	25	0.984094
69	29	1.08225
69	32	0.956408
69	38	0.910301
69	77	0.947245
69	97	1.02454
69	123	1.14435
69	138	0.966535
69	153	1.10922
69	154	0.989005
69	156	0.974949
69	158	1.02537
69	171	1.31247
69	174	1.52971
69	179	1.30885
70	83	1.08413
70	119	1.10228
70	120	1.10203
70	121	1.03116
70	126	1.076
70	132	1.06621
70	134	1.13162
70	141	1.0726
70	147	1.08065
70	149	0.888748
70	155	1.05849
70	156	0.85682
70	157	1.25483
70	163	1.14155
70	166	1.11385
70	168	0.968438
70	175	1.23319
70	178	1.08162
71	26	0.847298
71	40	0.874854
71	72	0.86703
71	73	0.945466
71	108	1.08349
71	117	0.957407
71	153	1.05102
71	158	1.08031
71	160	1.07276
71	163	0.798237
71	171	0.966966
71	173	0.905871
71	174	0.918502
71	175	0.950268
71	176	0.977713
71	178	0.971166
71	179	0.943696
71	180	0.944999
72	42	0.767826
72	71	0.86703
72	78	0.987654
72	92	1.03358
72	107	1.13723
72	113	1.10206
72	115	1.07093
72	118	1.10786
72	128	1.12465
72	129	1.0986
72	131	1.066
72	147	1.06903
72	155	1.10854
72	158	0.957295
72	160	0.957901
72	162	0.970688
72	166	1.1639
72	177	1.40859
73	1	1.07677
73	3	1.07331
73	5	1.08953
73	24	1.01091
73	37	1.10854
73	39	1.10594
73	42	0.846262
73	48	1.05088
73	58	1.13112
73	71	0.945466
73	84	1.05414
73	118	1.09608
73	140	0.916013
73	141	1.20108
73	142	1.05432
73	146	0.922852
73	148	1.00626
73	171	1.32283
74	4	0.95898
74	8	0.8093
74	12	0.973273
74	14	1.09862
74	20	0.938775
74	26	1.09608
74	28	1.09077
74	61	1.01573
74	64	0.985446
74	67	0.966407
74	68	0.866619
74	91	1.05408
74	136	1.1233
74	148	1.05037
74	168	1.4369
74	169	1.10346
74	170	1.23017
74	172	1.4047
75	4	0.95898
75	8	0.8093
75	12	0.973273
75	14	1.09862
75	20	0.938775
75	26	1.09608
75	28	1.09077
75	61	1.01573
75	64	0.985446
75	67	0.966407
75	68	0.866619
75	123	1.29651
75	146	1.06465
75	148	1.14806
75	150	1.27444
75	156	1.12711
75	161	1.16088
75	170	1.32786
76	14	0.953158
76	27	1.29591
76	103	1.02136
76	104	0.963401
76	119	1.12569
76	129	1.09365
76	155	0.950027
76	158	1.01583
76	164	1.0307
76	167	0.874868
76	172	0.883077
76	173	0.841385
76	174	0.854016
76	175	0.885782
76	177	0.844725
76	178	0.90668
76	179	0.87921
76	180	0.880513
77	13	1.00608
77	15	0.953009
77	25	0.978145
77	29	1.0763
77	32	0.950459
77	38	0.904352
77	40	1.01339
77	69	0.947245
77	97	1.0186
77	124	1.00592
77	130	1.01151
77	138	0.960586
77	144	1.00712
77	150	1.1659
77	154	0.983056
77	166	1.2756
77	171	1.35609
77	174	1.57333
78	2	1.01494
78	58	1.04885
78	72	0.987654
78	89	1.0176
78	110	0.918202
78	129	0.999238
78	156	1.081
78	161	1.03135
78	163	0.918861
78	169	1.00803
78	170	0.970294
78	171	0.935733
78	173	0.874638
78	174	0.88727
78	176	0.94648
78	177	0.877978
78	178	0.939933
78	179	0.912463
78	180	0.913766
79	34	1.01766
79	101	1.0574
79	109	1.01385
79	110	1.10317
79	112	1.00101
79	115	1.03658
79	116	1.03645
79	128	1.0903
79	129	1.06425
79	131	1.03166
79	149	0.901022
79	151	1.03719
79	152	0.996902
79	154	0.91437
79	162	0.936342
79	173	1.40249
79	175	1.24546
79	176	1.10776
79	177	1.37081
80	23	1.00243
80	31	0.990021
80	50	1.03268
80	57	0.990702
80	58	1.10318
80	84	1.0262
80	85	1.04192
80	87	0.916421
80	93	1.00324
80	98	1.09731
80	103	1.05876
80	117	1.02995
80	145	1.05687
80	149	1.03292
80	156	1.00099
80	157	1.399
80	165	1.13364
80	170	1.20175
80	176	1.23966
81	33	1.00514
81	36	1.00104
81	49	1.04132
81	59	0.994174
81	63	1.00461
81	95	1.02139
81	96	1.02157
81	102	1.07177
81	137	0.940126
81	143	1.07083
81	146	0.886838
81	149	0.981222
81	151	1.11739
81	153	1.08356
81	159	1.05097
81	163	1.09549
81	168	1.35677
81	171	1.28682
81	175	1.32566
82	33	0.967086
82	38	1.0904
82	83	0.80598
82	99	0.858303
82	120	0.947548
82	121	1.09854
82	136	1.01574
82	145	1.0271
82	147	0.96736
82	149	1.03371
82	156	1.05468
82	169	0.981721
82	170	0.943982
82	171	0.909421
82	175	0.892722
82	177	0.851665
82	178	0.91362
82	179	0.886151
82	180	0.887453
83	45	1.26194
83	70	1.08413
83	82	0.80598
83	99	1.00566
83	104	1.15432
83	119	1.00594
83	120	1.00569
83	121	0.934818
83	126	0.979661
83	127	1.05538
83	132	0.969871
83	147	0.984309
83	156	0.86225
83	163	1.04521
83	164	1.03376
83	168	0.872099
83	169	0.936294
83	173	1.39565
83	174	1.41701
83	179	1.19615
84	3	0.99375
84	5	1.00997
84	39	1.02638
84	48	0.971326
84	50	0.981058
84	57	0.939077
84	58	1.05156
84	73	1.05414
84	80	1.0262
84	93	0.951614
84	103	1.00714
84	114	0.894835
84	117	0.978324
84	149	1.05481
84	158	1.0733
84	161	1.05665
84	169	1.09692
84	174	1.57764
84	176	1.26154
84	179	1.35678
85	2	1.04871
85	20	0.987841
85	23	0.966523
85	30	0.98914
85	31	0.954113
85	50	0.996775
85	57	0.954795
85	60	0.963909
85	80	1.04192
85	91	0.952377
85	93	0.967332
85	98	1.06141
85	103	1.02285
85	117	0.994042
85	153	1.06198
85	159	0.968038
85	172	1.30299
85	174	1.48248
85	175	1.30408
85	176	1.16638
86	45	1.37772
86	65	0.799477
86	99	1.00937
86	119	1.00965
86	120	1.0094
86	121	0.938522
86	124	0.965385
86	126	0.983365
86	127	1.05909
86	132	0.973575
86	134	1.03899
86	145	1.03391
86	147	0.988013
86	152	1.10584
86	155	1.1797
86	163	1.04891
86	164	1.03747
86	168	0.875803
86	175	1.3544
86	178	1.20284
87	29	0.692197
87	63	1.02926
87	80	0.916421
87	88	0.964228
87	94	0.904233
87	110	0.752847
87	126	0.898259
87	132	0.964059
87	150	1.04967
87	155	1.03432
87	165	1.05622
87	167	0.959156
87	169	1.05907
87	170	1.02133
87	171	0.986769
87	172	0.967365
87	177	0.929014
87	178	0.990968
87	179	0.963499
87	180	0.964801
88	43	1.06968
88	53	1.12934
88	87	0.964228
88	91	1.07346
88	101	1.00583
88	109	0.962286
88	110	1.0516
88	112	0.94944
88	115	0.985011
88	116	0.984883
88	122	0.9994
88	128	1.03874
88	129	1.01268
88	131	0.980089
88	146	0.986345
88	149	1.08073
88	153	1.18307
88	159	1.08912
88	162	0.884774
88	173	1.5822
89	10	0.991773
89	47	0.960369
89	54	0.969501
89	62	0.924132
89	78	1.0176
89	90	0.925197
89	92	0.919606
89	100	0.979612
89	107	1.02326
89	113	0.988092
89	118	0.993885
89	124	0.991232
89	130	0.929755
89	133	0.960165
89	136	1.0307
89	147	0.955063
89	155	1.13849
89	157	1.33483
89	168	1.34429
89	174	1.49158
89	175	1.31318
90	41	1.01212
90	55	0.956978
90	62	0.920034
90	89	0.925197
90	94	0.930539
90	100	0.975514
90	105	0.987358
90	107	1.01917
90	108	0.952783
90	113	0.983995
90	114	0.946284
90	133	0.956067
90	141	1.2901
90	145	1.13021
90	146	1.01187
90	147	0.950965
90	164	1.00042
90	165	1.20697
90	169	1.14837
90	172	1.4496
90	177	1.57604
91	16	1.0905
91	19	1.02099
91	27	1.14538
91	47	1.01079
91	74	1.05408
91	85	0.952377
91	88	1.07346
91	142	1.10833
91	151	1.04484
91	164	0.88017
91	166	0.99329
91	168	0.95216
91	172	0.9506
91	173	0.908908
91	174	0.92154
91	175	0.953305
91	176	0.980751
91	177	0.912248
91	178	0.974203
91	179	0.946733
91	180	0.948036
92	10	0.982084
92	47	0.95068
92	54	0.959813
92	62	0.914444
92	72	1.03358
92	89	0.919606
92	100	0.969923
92	107	1.01357
92	113	0.978404
92	118	0.984197
92	124	0.981544
92	133	0.950476
92	137	1.07251
92	142	1.15069
92	145	1.13755
92	147	0.945374
92	152	1.20948
92	161	1.11544
92	175	1.45804
92	176	1.32034
92	178	1.30648
93	2	1.01003
93	20	0.949159
93	23	0.927842
93	31	0.915431
93	50	0.958093
93	57	0.916113
93	58	1.02859
93	80	1.00324
93	84	0.951614
93	85	0.967332
93	98	1.02273
93	103	0.984172
93	117	0.95536
93	123	1.24889
93	135	1.00685
93	154	1.12477
93	156	1.07949
93	159	1.11981
93	162	1.38948
93	167	1.53164
93	170	1.28024
94	7	0.863511
94	9	0.994149
94	27	0.962263
94	41	1.02156
94	51	0.980585
94	55	0.966418
94	56	0.956642
94	66	0.976382
94	87	0.904233
94	90	0.930539
94	105	0.996798
94	108	0.962223
94	133	0.965507
94	140	0.919512
94	143	1.0528
94	158	1.03923
94	164	1.00986
94	167	1.44096
94	168	1.39628
94	171	1.32633
94	173	1.52221
95	11	0.870391
95	33	0.938179
95	36	0.934075
95	46	1.0002
95	49	0.974363
95	59	0.927214
95	63	0.937646
95	81	1.02139
95	96	0.954606
95	102	1.00481
95	130	0.982968
95	143	1.00387
95	144	0.978581
95	159	0.984013
95	162	1.30002
95	163	1.02853
95	170	1.19078
95	171	1.32755
95	172	1.36531
95	179	1.32393
95	180	1.30895
96	11	0.870565
96	33	0.938353
96	36	0.934249
96	46	1.00038
96	49	0.974537
96	52	0.77633
96	59	0.927388
96	63	0.93782
96	81	1.02157
96	95	0.954606
96	102	1.00498
96	143	1.00404
96	144	0.943152
96	159	0.984187
96	162	1.26459
96	163	1.0287
96	167	1.40675
96	170	1.15536
96	175	1.33097
96	177	1.45632
96	180	1.27352
97	13	1.08338
97	15	1.03031
97	17	0.83332
97	21	1.02949
97	25	1.05544
97	29	1.1536
97	32	1.02776
97	38	0.981652
97	40	1.09069
97	69	1.02454
97	77	1.0186
97	125	1.38933
97	138	1.03789
97	146	0.952753
97	148	1.03616
97	149	1.04714
97	154	1.06036
97	161	1.04898
97	165	1.14785
97	169	1.08925
97	170	1.21596
98	2	1.10411
98	20	1.04323
98	23	1.02192
98	30	1.04453
98	31	1.00951
98	50	1.05217
98	57	1.01019
98	80	1.09731
98	85	1.06141
98	93	1.02273
98	103	1.07825
98	117	1.04944
98	143	1.05196
98	145	1.04385
98	151	1.15607
98	158	1.03839
98	159	1.02829
98	165	1.12061
98	169	1.06201
98	176	1.22663
98	178	1.21277
99	16	0.983487
99	19	1.00152
99	82	0.858303
99	83	1.00566
99	86	1.00937
99	104	1.20664
99	111	0.96519
99	119	1.02382
99	121	0.952693
99	126	0.997536
99	127	1.07326
99	134	1.05316
99	138	1.00171
99	142	0.983589
99	144	0.903125
99	156	0.914574
99	163	1.06308
99	164	1.05164
99	167	1.36673
99	172	1.28985
99	177	1.41629
99	180	1.23349
100	10	1.04209
100	47	1.01069
100	54	1.01982
100	62	0.97445
100	89	0.979612
100	90	0.975514
100	92	0.969923
100	107	1.07358
100	113	1.03841
100	118	1.0442
100	123	1.16236
100	124	1.04155
100	133	1.01048
100	145	1.04884
100	147	1.00538
100	151	1.16106
100	159	1.03328
100	161	1.02673
100	168	1.40043
100	169	1.067
100	176	1.23162
100	178	1.21776
101	34	0.986518
101	53	1.14976
101	79	1.0574
101	88	1.00583
101	109	0.982711
101	112	0.969865
101	115	1.00544
101	116	1.00531
101	122	1.01983
101	128	1.05916
101	129	1.03311
101	131	1.00051
101	146	0.915077
101	148	0.998486
101	151	1.14563
101	159	1.01786
101	160	1.02856
101	162	0.905199
101	168	1.38501
101	172	1.35281
101	178	1.20234
101	180	1.29645
102	11	0.920766
102	33	0.988554
102	36	0.98445
102	45	1.34551
102	46	1.05058
102	49	1.02474
102	59	0.977589
102	63	0.988021
102	81	1.07177
102	95	1.00481
102	96	1.00498
102	124	0.933169
102	142	1.01483
102	143	1.05424
102	150	1.09315
102	156	0.945818
102	159	1.03439
102	160	0.996848
102	163	1.07891
102	173	1.47922
102	176	1.18448
102	178	1.17062
103	20	1.00468
103	23	0.983364
103	30	1.00598
103	31	0.970953
103	50	1.01362
103	57	0.971635
103	58	1.08412
103	76	1.02136
103	80	1.05876
103	84	1.00714
103	85	1.02285
103	93	0.984172
103	98	1.07825
103	117	1.01088
103	125	1.22028
103	142	0.915179
103	148	0.867117
103	153	0.98043
103	162	1.15615
103	173	1.37957
103	174	1.40092
103	175	1.22253
104	9	1.21731
104	26	1.17921
104	44	1.15089
104	59	1.42347
104	76	0.963401
104	83	1.15432
104	99	1.20664
104	120	1.29589
104	142	0.991339
104	155	0.900564
104	156	0.998281
104	165	0.922466
104	166	0.876304
104	170	0.887578
104	172	0.833613
104	174	0.804553
104	175	0.836318
104	176	0.863764
104	177	0.795262
104	178	0.857217
104	179	0.829747
104	180	0.83105
105	7	0.920329
105	9	1.05097
105	22	0.972474
105	51	1.0374
105	55	1.02324
105	56	1.01346
105	65	0.749677
105	66	1.0332
105	90	0.987358
105	94	0.996798
105	106	1.03849
105	108	1.01904
105	133	1.02233
105	136	1.02211
105	157	1.32624
105	164	1.06668
105	165	1.06088
105	169	1.00228
105	176	1.1669
105	177	1.42995
105	178	1.15304
105	179	1.26213
106	7	0.905204
106	18	0.986428
106	41	1.06326
106	56	0.998336
106	65	0.733225
106	66	1.01808
106	105	1.03849
106	108	1.00392
106	116	1.00386
106	122	1.01838
106	128	1.05772
106	129	1.03166
106	131	0.999068
106	136	1.00566
106	156	0.911781
106	157	1.30979
106	164	1.05155
106	165	1.04443
106	166	1.16881
106	174	1.46654
106	175	1.28815
106	179	1.24568
107	10	1.08574
107	47	1.05434
107	54	1.06347
107	62	1.0181
107	72	1.13723
107	89	1.02326
107	90	1.01917
107	92	1.01357
107	100	1.07358
107	113	1.08206
107	118	1.08785
107	124	1.0852
107	130	0.992604
107	135	0.927024
107	140	0.930371
107	141	1.21544
107	143	1.06366
107	147	1.04903
107	152	1.12747
107	154	1.04494
107	161	1.03343
107	176	1.23833
107	179	1.33356
108	7	0.885754
108	9	1.01639
108	22	0.937899
108	27	0.984507
108	41	1.04381
108	55	0.988662
108	56	0.978886
108	66	0.998625
108	71	1.08349
108	90	0.952783
108	94	0.962223
108	105	1.01904
108	106	1.00392
108	114	0.995285
108	124	1.11068
108	133	0.987751
108	135	1.05069
108	137	1.11416
108	149	1.15526
108	155	1.325
108	164	1.0321
108	166	1.38036
108	178	1.34813
109	44	1.03378
109	53	1.10622
109	79	1.01385
109	88	0.962286
109	101	0.982711
109	110	1.02848
109	112	0.926319
109	115	0.96189
109	116	0.961762
109	122	0.976279
109	125	1.41861
109	128	1.01562
109	129	0.989562
109	131	0.956967
109	136	1.13837
109	137	1.03532
109	146	0.982031
109	155	1.24616
109	159	1.08481
109	162	0.861653
109	165	1.17713
109	178	1.26929
109	179	1.37839
110	18	1.03364
110	53	1.19553
110	78	0.918202
110	79	1.10317
110	87	0.752847
110	88	1.0516
110	109	1.02848
110	112	1.01564
110	115	1.05121
110	116	1.05108
110	122	1.0656
110	128	1.10493
110	129	1.07888
110	131	1.04628
110	144	0.82597
110	152	0.965228
110	153	0.971685
110	162	0.950969
110	167	1.28957
110	169	0.911463
110	172	1.2127
110	174	1.39218
110	177	1.33914
111	17	0.992747
111	19	0.943168
111	30	0.939555
111	99	0.96519
111	119	0.965472
111	120	0.965221
111	126	0.939188
111	127	1.01491
111	132	0.929398
111	134	0.99481
111	136	1.08578
111	138	0.943359
111	147	0.943837
111	149	1.02383
111	157	1.38991
111	163	1.00474
111	164	0.993292
111	165	1.12455
111	166	1.24893
111	167	1.44406
111	168	0.831626
111	170	1.19266
111	171	1.32943
111	180	1.31082
112	18	0.931482
112	34	0.930126
112	44	1.02093
112	79	1.00101
112	88	0.94944
112	101	0.969865
112	109	0.926319
112	110	1.01564
112	115	0.949044
112	116	0.948916
112	122	0.963433
112	123	1.27657
112	128	1.00277
112	129	0.976716
112	131	0.944121
112	140	1.03787
112	145	1.16304
112	152	1.23498
112	154	1.15244
112	158	1.15759
112	161	1.14093
112	162	0.848806
112	167	1.55932
112	180	1.42609
113	6	0.84462
113	10	1.05057
113	47	1.01917
113	54	1.0283
113	62	0.98293
113	72	1.10206
113	89	0.988092
113	90	0.983995
113	92	0.978404
113	100	1.03841
113	107	1.08206
113	118	1.05268
113	124	1.05003
113	125	1.36362
113	133	1.01896
113	135	0.91686
113	143	1.0535
113	144	0.978052
113	147	1.01386
113	148	1.01045
113	155	1.19117
113	161	1.02327
113	167	1.44165
113	180	1.30842
114	28	0.806017
114	42	1.25095
114	45	1.01224
114	53	0.771814
114	57	0.98216
114	84	0.894835
114	90	0.946284
114	108	0.995285
114	116	0.859625
114	128	0.853829
114	138	0.909623
114	141	1.06202
114	147	0.895587
114	153	1.09726
114	165	1.08266
114	172	0.993806
114	173	0.952114
114	174	0.964746
114	175	0.996511
114	176	1.02396
114	177	0.955454
114	178	1.01741
114	179	0.98994
114	180	0.991242
115	34	0.965697
115	42	0.801712
115	44	1.0565
115	45	1.34045
115	72	1.07093
115	79	1.03658
115	88	0.985011
115	101	1.00544
115	109	0.96189
115	110	1.05121
115	112	0.949044
115	116	0.984487
115	122	0.999004
115	128	1.03834
115	129	1.01229
115	131	0.979692
115	135	0.868117
115	143	1.00475
115	146	0.878302
115	155	1.14243
115	157	1.33877
115	162	0.884378
115	172	1.31603
115	174	1.49552
115	176	1.17942
116	34	0.965569
116	43	1.00855
116	53	1.12881
116	79	1.03645
116	88	0.984883
116	101	1.00531
116	106	1.00386
116	109	0.961762
116	110	1.05108
116	112	0.948916
116	114	0.859625
116	115	0.984487
116	122	0.998876
116	128	1.03821
116	129	1.01216
116	131	0.979564
116	153	1.12194
116	154	1.03295
116	158	1.03809
116	159	1.02799
116	162	0.88425
116	170	1.18842
116	173	1.52107
116	175	1.36404
116	178	1.21247
117	1	1.00096
117	2	1.03674
117	3	0.997496
117	23	0.954552
117	24	0.935095
117	37	1.03273
117	39	1.03013
117	48	0.975073
117	71	0.957407
117	80	1.02995
117	84	0.978324
117	85	0.994042
117	93	0.95536
117	98	1.04944
117	103	1.01088
117	118	1.02027
117	136	1.09113
117	140	0.927955
117	146	0.934793
117	153	1.13151
117	154	1.04252
117	168	1.40473
117	170	1.198
117	173	1.53065
117	179	1.33115
118	1	1.03916
118	24	0.973298
118	37	1.07094
118	39	1.06833
118	48	1.01328
118	62	0.988723
118	65	0.786758
118	72	1.10786
118	73	1.09608
118	89	0.993885
118	92	0.984197
118	100	1.0442
118	107	1.08785
118	113	1.05268
118	117	1.02027
118	124	1.05582
118	137	0.956147
118	139	0.98149
118	141	1.18109
118	142	1.03433
118	143	1.02931
118	144	0.953866
118	160	1.01634
118	162	1.2753
118	168	1.37279
118	174	1.52007
119	6	0.805615
119	16	0.983769
119	19	1.0018
119	70	1.10228
119	76	1.12569
119	83	1.00594
119	86	1.00965
119	99	1.02382
119	111	0.965472
119	121	0.952975
119	124	0.937847
119	126	0.997818
119	127	1.07354
119	132	0.988028
119	134	1.05344
119	142	1.01951
119	144	0.939047
119	147	1.00247
119	156	0.950496
119	157	1.34851
119	159	0.990819
119	163	1.06337
119	164	1.05192
119	168	0.890255
119	173	1.4839
119	177	1.45221
119	179	1.28439
120	17	1.05112
120	22	0.957465
120	70	1.10203
120	82	0.947548
120	83	1.00569
120	86	1.0094
120	104	1.29589
120	111	0.965221
120	121	0.952723
120	126	0.997566
120	127	1.07329
120	132	0.987776
120	134	1.05319
120	137	0.994651
120	138	1.00174
120	147	1.00221
120	150	1.15115
120	151	1.17192
120	154	1.0491
120	156	1.00382
120	158	1.05424
120	161	1.03759
120	163	1.06311
120	164	1.05167
120	166	1.26085
120	168	0.890004
120	172	1.37909
121	19	0.930671
121	35	0.989936
121	70	1.03116
121	82	1.09854
121	83	0.934818
121	86	0.938522
121	99	0.952693
121	119	0.952975
121	120	0.952723
121	126	0.926691
121	127	1.00241
121	132	0.916901
121	134	0.982313
121	136	1.24869
121	138	0.930862
121	139	1.17099
121	140	1.08552
121	147	0.931339
121	149	1.18674
121	161	1.18858
121	163	0.992239
121	164	0.980795
121	165	1.28746
121	168	0.819129
121	169	1.22886
121	178	1.37962
121	180	1.47373
122	18	0.981441
122	34	0.980085
122	44	1.07089
122	53	1.14333
122	88	0.9994
122	101	1.01983
122	106	1.01838
122	109	0.976279
122	110	1.0656
122	112	0.963433
122	115	0.999004
122	116	0.998876
122	128	1.05273
122	129	1.02668
122	130	1.04302
122	131	0.994081
122	139	1.06625
122	148	1.07103
122	154	1.09536
122	156	1.05008
122	160	1.10111
122	162	0.898766
122	165	1.18272
122	169	1.12412
122	171	1.3876
122	176	1.28874
122	178	1.27488
123	8	1.21277
123	50	1.14214
123	53	1.06926
123	69	1.14435
123	75	1.29651
123	93	1.24889
123	100	1.16236
123	112	1.27657
123	125	0.913336
123	134	1.07517
123	149	0.992452
123	151	0.942993
123	153	0.952211
123	154	0.98452
123	155	0.915708
123	156	1.01342
123	157	0.866838
123	165	0.93761
123	167	0.840548
123	170	0.902722
123	171	0.868161
123	174	0.819697
123	175	0.851462
123	177	0.810406
123	178	0.87236
123	179	0.844891
123	180	0.846193
124	1	0.997851
124	5	1.02209
124	46	0.997089
124	47	1.02231
124	58	0.955422
124	77	1.00592
124	86	0.965385
124	89	0.991232
124	92	0.981544
124	100	1.04155
124	102	0.933169
124	107	1.0852
124	108	1.11068
124	113	1.05003
124	118	1.05582
124	119	0.937847
124	131	1.03787
124	134	0.893118
124	137	1.0666
124	147	1.017
124	151	0.997466
124	169	0.994933
124	170	0.957194
124	174	0.874169
124	176	0.93338
124	178	0.926833
124	179	0.899363
124	180	0.900666
125	14	1.15208
125	58	1.34219
125	97	1.38933
125	103	1.22028
125	109	1.41861
125	113	1.36362
125	123	0.913336
125	129	1.29258
125	134	1.27989
125	141	0.886086
125	152	0.92326
125	156	0.982536
125	160	0.943065
125	162	0.833294
125	166	0.860559
125	168	0.819428
125	170	0.871833
125	171	0.837272
125	172	0.817868
125	173	0.776176
125	174	0.788808
125	175	0.820573
125	176	0.848019
125	177	0.779517
125	178	0.841472
125	179	0.814002
125	180	0.815305
126	16	0.957485
126	70	1.076
126	83	0.979661
126	86	0.983365
126	87	0.898259
126	99	0.997536
126	111	0.939188
126	119	0.997818
126	120	0.997566
126	121	0.926691
126	127	1.04725
126	132	0.961744
126	134	1.02716
126	137	0.973663
126	138	0.975705
126	140	0.913537
126	144	0.971382
126	147	0.976182
126	151	1.15093
126	161	1.0166
126	163	1.03708
126	164	1.02564
126	166	1.23986
126	167	1.43499
126	168	0.863972
126	171	1.32035
126	173	1.51623
126	177	1.48455
127	16	1.03321
127	19	1.05123
127	22	1.00715
127	35	1.1105
127	60	0.975245
127	83	1.05538
127	86	1.05909
127	99	1.07326
127	111	1.01491
127	119	1.07354
127	120	1.07329
127	121	1.00241
127	126	1.04725
127	132	1.03746
127	134	1.10288
127	135	0.86641
127	136	1.03293
127	141	1.15483
127	143	1.00305
127	154	0.984327
127	161	0.972819
127	164	1.10136
127	165	1.0717
127	166	1.19608
127	167	1.3912
127	168	0.939692
127	176	1.17772
127	180	1.25797
128	18	1.02078
128	44	1.11023
128	65	0.803316
128	72	1.12465
128	79	1.0903
128	88	1.03874
128	101	1.05916
128	106	1.05772
128	109	1.01562
128	110	1.10493
128	112	1.00277
128	114	0.853829
128	115	1.03834
128	116	1.03821
128	122	1.05273
128	129	1.06601
128	130	0.974811
128	131	1.03342
128	140	0.912579
128	145	1.03775
128	152	1.10968
128	154	1.02715
128	155	1.18354
128	158	1.0323
128	162	0.938103
128	175	1.35824
128	179	1.31577
128	180	1.30079
129	18	0.994725
129	34	0.993369
129	42	0.779411
129	44	1.08418
129	72	1.0986
129	76	1.09365
129	78	0.999238
129	79	1.06425
129	88	1.01268
129	101	1.03311
129	106	1.03166
129	109	0.989562
129	110	1.07888
129	112	0.976716
129	115	1.01229
129	116	1.01216
129	122	1.02668
129	125	1.29258
129	128	1.06601
129	131	1.00736
129	135	0.845815
129	148	0.939409
129	149	0.950384
129	151	1.08655
129	161	0.952224
129	162	0.912049
129	168	1.32593
129	174	1.47322
129	180	1.23737
130	38	1.13961
130	39	0.981827
130	41	0.814567
130	46	1.00268
130	56	0.939382
130	77	1.01151
130	89	0.929755
130	95	0.982968
130	107	0.992604
130	122	1.04302
130	128	0.974811
130	135	1.1514
130	137	1.10795
130	141	1.0128
130	147	1.01657
130	148	1.11632
130	152	1.04997
130	157	0.962663
130	160	1.06978
130	169	1.03629
130	170	0.998547
130	171	0.963986
130	172	0.944582
130	173	0.90289
130	175	0.947287
130	176	0.974733
130	177	0.906231
130	178	0.968186
130	179	0.940716
130	180	0.942018
131	18	0.96213
131	34	0.960774
131	44	1.05158
131	53	1.12402
131	72	1.066
131	79	1.03166
131	88	0.980089
131	101	1.00051
131	106	0.999068
131	109	0.956967
131	110	1.04628
131	112	0.944121
131	115	0.979692
131	116	0.979564
131	122	0.994081
131	124	1.03787
131	128	1.03342
131	129	1.00736
131	135	0.977875
131	136	1.1444
131	137	1.04135
131	140	0.981222
131	143	1.11451
131	152	1.17833
131	159	1.09084
131	162	0.879455
131	169	1.12456
131	171	1.38804
131	172	1.42579
131	179	1.38441
132	16	0.947695
132	19	0.965723
132	30	0.96211
132	35	1.02499
132	52	0.870361
132	70	1.06621
132	83	0.969871
132	86	0.973575
132	87	0.964059
132	111	0.929398
132	119	0.988028
132	120	0.987776
132	121	0.916901
132	126	0.961744
132	127	1.03746
132	134	1.01737
132	137	1.03946
132	138	0.965915
132	145	1.10451
132	147	0.966392
132	151	1.21673
132	154	1.09391
132	162	1.35862
132	163	1.02729
132	164	1.01585
132	168	0.854182
132	169	1.12267
132	175	1.425
132	176	1.2873
132	178	1.27344
132	180	1.36755
133	7	0.889038
133	9	1.01968
133	10	1.02264
133	27	0.987791
133	41	1.04709
133	47	0.991239
133	51	1.00611
133	54	1.00037
133	56	0.98217
133	62	0.955002
133	65	0.829633
133	89	0.960165
133	90	0.956067
133	92	0.950476
133	94	0.965507
133	100	1.01048
133	105	1.02233
133	108	0.987751
133	113	1.01896
133	137	0.999022
133	144	0.996741
133	146	0.945734
133	147	0.985933
133	151	1.17629
133	160	1.05922
133	164	1.03539
133	166	1.26522
133	168	1.41567
133	170	1.20894
133	173	1.54159
133	176	1.24685
133	178	1.233
133	179	1.34209
134	16	1.01311
134	17	1.08071
134	22	0.987055
134	35	1.0904
134	70	1.13162
134	86	1.03899
134	99	1.05316
134	111	0.99481
134	119	1.05344
134	120	1.05319
134	121	0.982313
134	123	1.07517
134	124	0.893118
134	125	1.27989
134	126	1.02716
134	127	1.10288
134	132	1.01737
134	137	0.896599
134	138	1.03133
134	143	0.969762
134	144	0.894318
134	146	0.843311
134	147	1.0318
134	152	1.03358
134	160	0.956796
134	163	1.0927
134	164	1.08126
134	165	1.03841
134	167	1.35792
134	168	0.919593
134	171	1.24329
134	174	1.46053
134	176	1.14443
135	10	0.929033
135	20	0.936997
135	30	0.930269
135	35	0.948153
135	52	1.17538
135	93	1.00685
135	107	0.927024
135	108	1.05069
135	113	0.91686
135	115	0.868117
135	127	0.86641
135	129	0.845815
135	130	1.1514
135	131	0.977875
135	137	1.12347
135	138	0.965026
135	139	1.13885
135	141	1.02832
135	147	0.95099
135	150	1.04241
135	152	1.0655
135	155	1.02706
135	158	1.09286
135	163	0.765438
135	165	1.04896
135	167	0.951899
135	169	1.05181
135	170	1.01407
135	171	0.979511
135	172	0.960108
135	173	0.918416
135	175	0.962813
135	176	0.990258
135	177	0.921756
135	178	0.983711
135	180	0.957544
136	51	1.16319
136	63	1.20772
136	74	1.1233
136	82	1.01574
136	89	1.0307
136	105	1.02211
136	106	1.00566
136	109	1.13837
136	111	1.08578
136	117	1.09113
136	121	1.24869
136	127	1.03293
136	131	1.1444
136	139	1.05776
136	144	1.10147
136	148	1.05076
136	151	0.973252
136	155	0.945967
136	156	1.04368
136	157	0.897097
136	158	1.01177
136	161	0.994037
136	163	0.931959
136	166	0.921706
136	168	0.880576
136	170	0.932981
136	171	0.89842
136	172	0.879016
136	173	0.837324
136	174	0.849956
136	175	0.881721
136	176	0.909167
136	177	0.840665
136	178	0.902619
136	179	0.87515
136	180	0.876452
137	11	1.10567
137	21	1.0493
137	31	1.04594
137	67	0.936085
137	81	0.940126
137	92	1.07251
137	108	1.11416
137	109	1.03532
137	118	0.956147
137	120	0.994651
137	124	1.0666
137	126	0.973663
137	130	1.10795
137	131	1.04135
137	132	1.03946
137	133	0.999022
137	134	0.896599
137	135	1.12347
137	139	1.0954
137	140	1.11462
137	146	1.13678
137	156	1.08132
137	157	0.934737
137	160	1.04185
137	161	1.03168
137	162	0.932081
137	166	0.959346
137	167	0.908447
137	169	1.00836
137	171	0.936059
137	172	0.916655
137	173	0.874964
137	175	0.919361
137	176	0.946806
137	177	0.878304
137	178	0.940259
137	179	0.912789
137	180	0.914092
138	13	1.02537
138	15	0.972299
138	21	0.971478
138	25	0.997435
138	29	1.09559
138	32	0.969749
138	35	1.03895
138	38	0.923642
138	40	1.03268
138	52	0.859397
138	69	0.966535
138	77	0.960586
138	97	1.03789
138	99	1.00171
138	111	0.943359
138	114	0.909623
138	120	1.00174
138	121	0.930862
138	126	0.975705
138	132	0.965915
138	134	1.03133
138	135	0.965026
138	139	1.05384
138	141	1.25344
138	143	1.10166
138	145	1.09355
138	153	1.17193
138	154	1.00235
138	155	1.23934
138	156	1.03767
138	158	1.08809
138	163	1.04125
138	164	1.02981
138	168	0.868143
138	169	1.11171
138	172	1.41294
138	174	1.59243
138	180	1.35659
139	2	0.950328
139	4	0.958223
139	13	0.892052
139	25	1.00263
139	26	0.903314
139	36	1.04986
139	48	0.982287
139	54	0.934805
