1	4	1.03535
1	5	0.906851
1	7	1.02635
1	8	0.910651
1	12	1.02742
1	31	0.972257
1	34	0.971801
1	37	0.9715
1	130	0.956944
1	131	0.867755
1	172	1.14427
1	174	2.68784
2	33	1.10176
2	65	1.04298
2	75	1.11435
2	91	1.06888
2	117	1.07832
2	121	1.11082
2	123	1.22979
2	148	1.02608
2	156	1.07017
2	159	1.0563
2	166	1.93443
2	173	0.995293
3	56	1.054
3	58	0.454075
3	65	1.02579
3	75	1.09716
3	91	1.05169
3	105	1.10177
3	108	1.08451
3	109	1.08331
3	117	1.06113
3	130	0.69926
3	152	1.07024
3	168	2.87989
4	1	1.03535
4	5	1.03273
4	7	1.15224
4	8	1.03653
4	31	1.09814
4	34	1.09768
4	37	1.09738
4	81	0.589354
4	130	1.08283
4	131	0.993638
4	166	1.79635
4	175	1.83958
5	1	0.906851
5	4	1.03273
5	7	1.02374
5	8	0.908035
5	12	1.02481
5	31	0.96964
5	34	0.969184
5	37	0.968883
5	130	0.954327
5	131	0.865138
5	137	0.908718
5	178	2.70123
6	22	1.03543
6	55	1.06868
6	63	1.05383
6	69	1.12038
6	77	1.91861
6	82	1.03264
6	93	1.06774
6	98	1.06481
6	115	0.646783
6	148	1.47451
6	152	1.08795
6	161	1.1015
7	1	1.02635
7	4	1.15224
7	5	1.02374
7	8	1.02754
7	12	1.14431
7	31	1.08914
7	34	1.08868
7	37	1.08838
7	131	0.984639
7	164	0.862323
7	177	1.68713
7	180	1.96115
8	1	0.910651
8	4	1.03653
8	5	0.908035
8	7	1.02754
8	12	1.02861
8	31	0.97344
8	34	0.972984
8	37	0.972684
8	97	2.23481
8	99	0.922306
8	131	0.868938
8	132	1.23523
9	18	1.01546
9	38	1.08157
9	42	1.08066
9	43	1.09934
9	44	1.07995
9	47	1.06552
9	79	1.43691
9	140	0.625529
9	144	1.07773
9	158	1.03701
9	161	1.08648
9	172	2.22471
10	101	0.865074
10	142	0.849751
10	165	0.81388
10	167	0.766182
10	171	0.813633
10	172	0.822676
10	174	0.77193
10	176	0.789043
10	177	0.763578
10	178	0.787178
10	179	0.784971
10	180	0.763927
11	15	0.933197
11	20	0.913984
11	30	0.994177
11	32	0.99087
11	45	0.976804
11	67	1.0077
11	70	1.00086
11	78	0.988382
11	126	1.43337
11	156	0.947734
11	164	2.15125
11	173	0.872856
12	1	1.02742
12	5	1.02481
12	7	1.14431
12	8	1.02861
12	31	1.09021
12	34	1.08976
12	37	1.08946
12	99	1.03908
12	130	1.0749
12	146	1.02319
12	173	1.88248
12	175	1.46901
13	27	1.06911
13	50	1.11642
13	57	1.01858
13	64	1.02016
13	71	1.00999
13	74	1.00505
13	83	0.993399
13	89	1.11603
13	139	0.773163
13	158	1.01571
13	161	1.06519
13	169	2.05454
13	178	1.78898
14	27	0.984734
14	46	0.970514
14	49	0.955573
14	57	0.934212
14	64	0.935785
14	71	0.925622
14	72	0.998032
14	74	0.920675
14	83	0.909027
14	146	1.52349
14	158	0.931338
14	161	0.980816
14	179	2.41397
15	11	0.933197
15	45	0.984185
15	48	0.958147
15	67	1.01508
15	70	1.00824
15	78	0.995763
15	85	0.901238
15	129	1.20423
15	134	0.951121
15	156	0.955116
15	163	2.26535
15	173	0.880237
16	86	0.52023
16	105	0.327988
16	107	0.666236
16	166	1.05393
16	169	1.0301
16	170	1.07796
16	172	1.06831
16	175	1.04234
16	176	1.03468
16	177	1.00921
16	178	1.03281
16	179	1.0306
16	180	1.00956
17	141	0.952609
17	143	0.833863
17	152	1.89139
17	157	0.935518
17	164	0.907269
17	167	0.834232
17	174	0.83998
17	175	0.864755
17	176	0.857093
17	177	0.831628
17	178	0.855227
17	179	0.853021
17	180	0.831977
18	9	1.01546
18	19	1.0138
18	38	0.955327
18	42	0.954415
18	43	0.973098
18	44	0.953703
18	47	0.939277
18	129	1.54889
18	144	0.951491
18	158	0.910762
18	161	0.960241
18	162	1.84344
19	18	1.0138
19	38	1.07991
19	42	1.079
19	43	1.09768
19	44	1.07829
19	47	1.06386
19	144	1.07607
19	151	0.763274
19	157	0.947444
19	158	1.03535
19	161	1.08482
19	173	2.45409
20	11	0.913984
20	23	0.886673
20	30	0.982345
20	32	0.979038
20	45	0.964972
20	48	0.938934
20	67	0.995869
20	70	0.98903
20	78	0.97655
20	156	0.935902
20	158	1.1309
20	173	0.861024
20	179	2.65259
21	58	0.842826
21	59	1.01391
21	80	1.0497
21	92	1.03124
21	103	1.06429
21	116	1.0335
21	120	1.05705
21	124	1.01207
21	125	1.05495
21	127	1.0477
21	138	1.04669
21	157	0.588235
21	180	3.33121
22	6	1.03543
22	47	0.944235
22	63	0.917535
22	82	0.896345
22	87	1.67655
22	98	0.928507
22	111	0.970166
22	113	0.9574
22	124	0.923019
22	138	0.957645
22	158	0.91572
22	161	0.965198
22	176	2.32223
23	20	0.886673
23	30	0.966866
23	32	0.963559
23	45	0.949493
23	48	0.923454
23	51	1.62308
23	58	2.1031
23	67	0.98039
23	70	0.973551
23	78	0.961071
23	85	0.866545
23	90	0.961007
23	156	0.920423
23	173	0.845544
24	33	0.871472
24	97	0.914207
24	150	0.943558
24	159	0.992748
24	161	0.696253
24	162	0.974781
24	171	0.949979
24	174	0.908276
24	175	0.933051
24	176	0.925389
24	177	0.899924
24	178	0.923524
24	179	0.921318
24	180	0.900274
25	61	1.08323
25	69	1.05568
25	76	1.05745
25	82	0.967942
25	93	1.00304
25	97	0.923276
25	98	1.0001
25	107	1.03844
25	130	1.02337
25	140	0.679448
25	156	1.00599
25	161	1.03679
25	163	1.43418
25	169	2.52923
26	52	1.00933
26	55	1.00504
26	69	1.05674
26	76	1.05851
26	93	1.0041
26	98	1.00116
26	99	0.988612
26	104	0.687145
26	107	1.0395
26	122	1.48665
26	130	1.02443
26	134	1.00306
26	152	1.02431
26	178	2.37754
27	13	1.06911
27	14	0.984734
27	49	1.00994
27	57	0.988577
27	64	0.990151
27	71	0.979987
27	72	1.0524
27	74	0.975041
27	89	1.08602
27	115	1.0437
27	135	1.27336
27	161	1.03518
27	176	1.822
27	179	1.8029
28	45	1.04464
28	101	0.995542
28	107	0.916103
28	110	0.985026
28	143	0.896281
28	160	0.98232
28	164	0.969687
28	167	0.89665
28	175	0.927173
28	176	0.919511
28	177	0.894046
28	178	0.917645
28	179	0.915439
28	180	0.894395
29	56	0.924846
29	68	0.898777
29	73	0.980215
29	75	0.968011
29	86	0.95429
29	101	2.05994
29	105	0.972617
29	108	0.95536
29	109	0.954158
29	117	0.931978
29	121	0.964486
29	148	0.879745
29	151	1.84342
29	173	0.848955
30	11	0.994177
30	20	0.982345
30	23	0.966866
30	32	1.05923
30	48	1.01913
30	67	1.07606
30	70	1.06922
30	78	1.05674
30	134	1.0121
30	147	1.26893
30	156	1.0161
30	158	0.958854
30	167	3.04477
30	173	0.941217
31	1	0.972257
31	4	1.09814
31	5	0.96964
31	7	1.08914
31	8	0.97344
31	12	1.09021
31	34	1.03459
31	37	1.03429
31	41	0.929031
31	99	0.983911
31	130	1.01973
31	131	0.930544
31	136	1.28168
31	148	2.12038
32	11	0.99087
32	20	0.979038
32	23	0.963559
32	30	1.05923
32	45	1.04186
32	48	1.01582
32	67	1.07276
32	70	1.06592
32	78	1.05344
32	115	1.22803
32	156	1.01279
32	160	1.53929
32	162	1.5627
32	173	0.93791
33	2	1.10176
33	24	0.871472
33	56	1.00225
33	68	0.976185
33	86	1.0317
33	105	1.05003
33	108	1.03277
33	109	1.03157
33	117	1.00939
33	121	1.04189
33	139	1.58377
33	152	1.0185
33	164	1.64919
33	173	0.926364
34	1	0.971801
34	4	1.09768
34	5	0.969184
34	7	1.08868
34	8	0.972984
34	12	1.08976
34	31	1.03459
34	37	1.03383
34	99	0.983455
34	130	1.01928
34	131	0.930088
34	148	1.02678
34	155	1.43731
34	178	2.12978
35	60	1.01676
35	79	0.99489
35	92	1.03258
35	95	1.02401
35	96	0.914649
35	114	0.932459
35	116	1.03485
35	120	1.05839
35	124	1.01341
35	127	1.04904
35	131	0.952981
35	138	1.04804
35	152	1.04204
35	174	3.32627
36	80	0.202659
36	83	0.0390666
36	91	0.764443
36	147	1.05519
36	163	1.03448
36	165	1.03422
36	166	1.02863
36	168	0.989584
36	172	1.04302
36	175	1.01705
36	176	1.00938
36	177	0.983918
36	179	1.00531
36	180	0.984268
37	1	0.9715
37	4	1.09738
37	5	0.968883
37	7	1.08838
37	8	0.972684
37	12	1.08946
37	31	1.03429
37	34	1.03383
37	99	0.983154
37	118	2.29357
37	130	1.01898
37	131	0.929787
37	141	1.03751
37	154	1.21478
38	9	1.08157
38	18	0.955327
38	19	1.07991
38	42	1.02052
38	43	1.03921
38	44	1.01981
38	47	1.00539
38	99	0.977106
38	133	1.73082
38	136	0.828793
38	144	1.0176
38	158	0.976872
38	161	1.02635
38	171	2.05377
39	71	0.969242
39	83	0.952648
39	89	1.07528
39	117	1.00178
39	120	1.02724
39	121	1.03428
39	124	0.982258
39	125	1.02515
39	138	1.01688
39	141	1.70725
39	145	1.58388
39	156	0.993631
39	158	0.974959
39	162	1.51028
39	173	0.918753
40	52	0.989455
40	61	1.06441
40	63	0.970318
40	76	1.03864
40	82	0.949128
40	93	0.984224
40	98	0.98129
40	107	1.01963
40	115	0.797103
40	130	1.00456
40	134	0.983181
40	144	1.00923
40	159	1.32255
40	161	1.01798
40	176	2.70767
41	31	0.929031
41	68	0.584501
41	69	0.0420802
41	145	1.06039
41	157	1.06069
41	159	1.04963
41	163	1.00736
41	167	0.959408
41	169	0.977696
41	171	1.00686
41	175	0.98993
41	177	0.956804
41	178	0.980403
41	179	0.978197
41	180	0.957153
42	9	1.08066
42	18	0.954415
42	19	1.079
42	38	1.02052
42	43	1.0383
42	44	1.0189
42	47	1.00447
42	94	1.25293
42	99	0.976194
42	129	1.61144
42	140	1.35965
42	144	1.01669
42	158	0.97596
42	161	1.02544
43	9	1.09934
43	18	0.973098
43	19	1.09768
43	38	1.03921
43	42	1.0383
43	44	1.03758
43	47	1.02316
43	130	0.796374
43	144	1.03537
43	158	0.994643
43	161	1.04412
43	168	2.41758
43	175	1.31026
44	9	1.07995
44	18	0.953703
44	19	1.07829
44	38	1.01981
44	42	1.0189
44	43	1.03758
44	47	1.00376
44	99	0.975482
44	144	1.01598
44	148	1.77894
44	157	1.30485
44	158	0.975248
44	160	1.26248
44	161	1.02473
45	11	0.976804
45	15	0.984185
45	20	0.964972
45	23	0.949493
45	28	1.04464
45	32	1.04186
45	48	1.00175
45	67	1.05869
45	70	1.05185
45	78	1.03937
45	94	1.14787
45	134	0.994727
45	156	0.998722
45	157	1.81988
45	173	0.923844
46	14	0.970514
46	49	0.995718
46	50	1.07219
46	64	0.97593
46	71	0.965767
46	72	1.03818
46	74	0.960821
46	83	0.949172
46	89	1.0718
46	90	1.03074
46	101	1.65848
46	126	1.53495
46	151	1.44196
46	158	0.971483
46	161	1.02096
47	9	1.06552
47	18	0.939277
47	19	1.06386
47	22	0.944235
47	38	1.00539
47	42	1.00447
47	43	1.02316
47	44	1.00376
47	99	0.961057
47	144	1.00155
47	153	1.10012
47	158	0.960822
47	161	1.0103
47	165	1.78311
47	172	2.01783
48	15	0.958147
48	20	0.938934
48	23	0.923454
48	30	1.01913
48	32	1.01582
48	45	1.00175
48	67	1.03265
48	70	1.02581
48	78	1.01333
48	90	1.01327
48	115	1.33509
48	126	1.59755
48	134	0.968689
48	142	1.87003
48	156	0.972684
48	173	0.897805
49	14	0.955573
49	27	1.00994
49	46	0.995718
49	50	1.05725
49	57	0.959416
49	64	0.960989
49	71	0.950826
49	72	1.02324
49	74	0.94588
49	81	0.568342
49	83	0.934232
49	89	1.05686
49	90	1.0158
49	131	2.28872
49	155	2.06555
49	158	0.956543
50	13	1.11642
50	46	1.07219
50	49	1.05725
50	57	1.03589
50	64	1.03746
50	72	1.09971
50	74	1.02235
50	83	1.0107
50	89	1.13333
50	114	2.21075
50	115	1.09102
50	123	0.627616
50	147	1.16172
50	158	1.03302
50	161	1.08249
50	173	1.78896
51	23	1.62308
51	103	0.343652
51	138	0.484194
51	143	0.95462
51	157	1.05627
51	163	1.00294
51	164	1.02803
51	167	0.954989
51	172	1.01148
51	174	0.960737
51	175	0.985511
51	176	0.97785
51	177	0.952385
51	178	0.975984
51	179	0.973778
51	180	0.952734
52	26	1.00933
52	40	0.989455
52	69	1.02162
52	76	1.02339
52	82	0.933885
52	93	0.96898
52	98	0.966046
52	100	1.18664
52	107	1.00439
52	126	0.936813
52	134	0.967937
52	152	0.98919
52	156	0.971932
52	161	1.00274
52	173	1.76442
52	174	2.83524
53	59	0.957155
53	80	0.992936
53	87	2.32345
53	92	0.974477
53	103	1.00753
53	106	1.00248
53	111	1.00245
53	113	0.989687
53	116	0.976739
53	120	1.00029
53	124	0.955307
53	125	0.998194
53	138	0.989933
53	144	1.31641
53	152	0.983938
53	157	1.41219
54	59	0.962953
54	66	0.944334
54	80	0.998735
54	92	0.980275
54	95	0.971699
54	96	0.608139
54	102	1.02254
54	111	1.00825
54	113	0.995486
54	120	1.00609
54	124	0.961105
54	125	1.00399
54	127	0.996735
54	138	0.995732
54	150	1.6844
54	167	2.92669
55	6	1.06868
55	26	1.00504
55	61	1.04488
55	63	0.950785
55	69	1.01733
55	76	1.01911
55	82	0.929595
55	93	0.964691
55	97	0.88493
55	107	1.0001
55	134	0.963648
55	153	1.32814
55	156	0.967643
55	159	1.38379
55	161	0.998448
55	175	2.30515
56	3	1.054
56	29	0.924846
56	33	1.00225
56	68	0.945608
56	75	1.01484
56	86	1.00112
56	91	0.969371
56	105	1.01945
56	108	1.00219
56	109	1.00099
56	117	0.978809
56	121	1.01132
56	128	1.55923
56	157	1.62117
56	160	1.5788
56	173	0.895787
57	13	1.01858
57	14	0.934212
57	27	0.988577
57	49	0.959416
57	50	1.03589
57	64	0.939628
57	71	0.929465
57	72	1.00188
57	74	0.924519
57	83	0.91287
57	88	1.34195
57	89	1.0355
57	90	0.994438
57	97	2.16519
57	110	1.66854
57	158	0.935181
57	161	0.984659
58	3	0.454075
58	21	0.842826
58	23	2.1031
58	122	0.993311
58	140	1.116
58	153	1.01013
58	155	0.981187
58	165	0.978626
58	166	0.973038
58	167	0.930928
58	174	0.936676
58	175	0.961451
58	176	0.953789
58	177	0.928324
58	178	0.951923
58	179	0.949717
58	180	0.928673
59	21	1.01391
59	53	0.957155
59	54	0.962953
59	92	0.967924
59	97	0.877415
59	102	1.01019
59	103	1.00098
59	111	0.995902
59	120	0.993735
59	124	0.948754
59	125	0.991642
59	127	0.984385
59	138	0.983381
59	148	0.916038
59	170	1.60414
59	171	1.8014
59	172	1.97491
60	35	1.01676
60	66	0.933486
60	80	0.987886
60	95	0.96085
60	103	1.00248
60	106	0.997432
60	111	0.997404
60	114	0.869302
60	116	0.97169
60	119	1.74928
60	124	0.950257
60	125	0.993145
60	127	0.985887
60	138	0.984883
60	144	1.15514
60	152	0.978888
60	166	2.30087
61	25	1.08323
61	40	1.06441
61	55	1.04488
61	63	1.03003
61	82	1.00884
61	93	1.04394
61	97	0.964179
61	98	1.04101
61	107	1.07935
61	115	0.992999
61	122	2.03284
61	130	1.06428
61	134	1.0429
61	151	1.16246
61	156	1.04689
61	160	1.30426
61	161	1.0777
62	76	0.890476
62	97	0.875013
62	113	1.41968
62	140	1.0484
62	149	0.883798
62	153	0.94254
62	154	0.943725
62	165	0.911032
62	167	0.863334
62	170	0.929477
62	172	0.919828
62	175	0.893857
62	176	0.886195
62	177	0.86073
62	178	0.884329
62	179	0.882123
62	180	0.861079
63	6	1.05383
63	22	0.917535
63	40	0.970318
63	55	0.950785
63	61	1.03003
63	69	1.00249
63	76	1.00426
63	82	0.914748
63	88	1.11381
63	93	0.949844
63	98	0.94691
63	107	0.985248
63	126	0.917676
63	130	0.970179
63	144	0.974851
63	150	2.43195
63	165	1.81816
64	13	1.02016
64	14	0.935785
64	27	0.990151
64	46	0.97593
64	49	0.960989
64	50	1.03746
64	57	0.939628
64	71	0.931038
64	72	1.00345
64	74	0.926092
64	83	0.914443
64	89	1.03707
64	94	1.27693
64	129	1.63544
64	145	2.00358
64	158	0.936754
64	161	0.986233
65	2	1.04298
65	3	1.02579
65	68	0.9174
65	73	0.998837
65	86	0.972913
65	91	0.941163
65	105	0.991239
65	109	0.972781
65	117	0.950601
65	121	0.983109
65	134	0.938462
65	140	1.23583
65	148	0.898367
65	152	0.959714
65	154	2.1564
65	156	0.942457
65	160	1.75876
65	173	0.867578
66	54	0.944334
66	60	0.933486
66	80	0.967765
66	92	0.949305
66	102	0.991574
66	103	0.982362
66	106	0.97731
66	111	0.977282
66	113	0.964516
66	116	0.951568
66	124	0.930135
66	125	0.973023
66	127	0.965765
66	130	1.56723
66	136	1.18277
66	138	0.964762
66	152	0.958766
66	175	2.64054
67	11	1.0077
67	15	1.01508
67	20	0.995869
67	23	0.98039
67	30	1.07606
67	32	1.07276
67	45	1.05869
67	48	1.03265
67	70	1.08275
67	78	1.07027
67	85	0.975741
67	134	1.02562
67	142	1.0137
67	147	1.7118
67	151	0.648217
67	156	1.02962
67	169	2.67505
67	173	0.954741
68	29	0.898777
68	33	0.976185
68	41	0.584501
68	56	0.945608
68	65	0.9174
68	73	1.00098
68	75	0.988773
68	91	0.943302
68	105	0.993378
68	108	0.976122
68	109	0.97492
68	117	0.95274
68	121	0.985248
68	134	0.940601
68	152	0.961853
68	156	0.944596
68	170	1.96487
68	175	2.39493
69	6	1.12038
69	25	1.05568
69	26	1.05674
69	41	0.0420802
69	52	1.02162
69	55	1.01733
69	63	1.00249
69	76	1.07081
69	82	0.981296
69	97	0.93663
69	98	1.01346
69	99	1.00091
69	107	1.0518
69	144	1.0414
69	156	1.01934
69	172	1.16309
69	176	1.68614
69	180	2.87218
70	11	1.00086
70	15	1.00824
70	20	0.98903
70	23	0.973551
70	30	1.06922
70	32	1.06592
70	45	1.05185
70	48	1.02581
70	67	1.08275
70	78	1.06343
70	90	1.06336
70	101	0.88158
70	131	1.95702
70	134	1.01879
70	146	1.49658
70	147	1.72864
70	156	1.02278
70	173	0.947902
71	13	1.00999
71	14	0.925622
71	27	0.979987
71	39	0.969242
71	46	0.965767
71	49	0.950826
71	57	0.929465
71	64	0.931038
71	72	0.993285
71	74	0.915928
71	83	0.90428
71	89	1.02691
71	90	0.985847
71	145	1.36214
71	158	0.926591
71	161	0.976069
71	170	1.97061
71	171	2.16788
72	14	0.998032
72	27	1.0524
72	46	1.03818
72	49	1.02324
72	50	1.09971
72	57	1.00188
72	64	1.00345
72	71	0.993285
72	74	0.988339
72	83	0.976691
72	89	1.09932
72	112	1.23156
72	115	1.057
72	128	1.25506
72	146	1.96436
72	158	0.999001
72	159	1.48882
72	161	1.04848
73	29	0.980215
73	65	0.998837
73	68	1.00098
73	86	1.05649
73	91	1.02474
73	105	1.07482
73	108	1.05756
73	109	1.05636
73	117	1.03418
73	119	1.81834
73	121	1.06669
73	134	1.02204
73	137	1.10457
73	152	1.04329
73	153	1.43615
73	156	1.02603
73	159	1.4918
73	173	0.951155
74	13	1.00505
74	14	0.920675
74	27	0.975041
74	46	0.960821
74	49	0.94588
74	50	1.02235
74	57	0.924519
74	64	0.926092
74	71	0.915928
74	72	0.988339
74	83	0.899334
74	89	1.02196
74	112	0.95588
74	115	0.979646
74	155	1.92596
74	158	0.921645
74	161	0.971123
74	179	2.57916
75	2	1.11435
75	3	1.09716
75	29	0.968011
75	56	1.01484
75	68	0.988773
75	91	1.01254
75	105	1.06261
75	108	1.04536
75	109	1.04415
75	117	1.02197
75	121	1.05448
75	134	1.00984
75	156	1.01383
75	167	2.53861
75	173	0.938951
75	175	0.976541
75	176	1.44031
75	178	1.46047
76	25	1.05745
76	26	1.05851
76	40	1.03864
76	52	1.02339
76	55	1.01911
76	62	0.890476
76	63	1.00426
76	69	1.07081
76	93	1.01816
76	98	1.01523
76	99	1.00268
76	100	1.24179
76	104	0.808459
76	126	0.985996
76	134	1.01712
76	156	1.02112
76	161	1.05192
76	179	2.45959
77	6	1.91861
77	89	1.22224
77	136	0.977345
77	139	0.938741
77	151	0.957586
77	154	0.924132
77	162	0.915994
77	163	0.891696
77	164	0.916778
77	169	0.86203
77	170	0.909884
77	171	0.891192
77	174	0.849489
77	175	0.874264
77	176	0.866602
77	177	0.841137
77	178	0.864737
77	179	0.862531
77	180	0.841487
78	11	0.988382
78	15	0.995763
78	20	0.97655
78	23	0.961071
78	30	1.05674
78	32	1.05344
78	45	1.03937
78	48	1.01333
78	67	1.07027
78	70	1.06343
78	85	0.956422
78	90	1.05088
78	126	1.23412
78	128	1.26336
78	134	1.00631
78	148	1.79939
78	154	1.68057
78	156	1.0103
78	173	0.935422
79	9	1.43691
79	35	0.99489
79	122	0.977719
79	134	0.684569
79	146	0.988585
79	162	0.987589
79	163	0.963291
79	165	0.963034
79	167	0.915336
79	169	0.933625
79	170	0.981479
79	172	0.971831
79	174	0.921084
79	175	0.945859
79	176	0.938198
79	177	0.912732
79	178	0.936332
79	179	0.934126
79	180	0.913082
80	21	1.0497
80	36	0.202659
80	53	0.992936
80	54	0.998735
80	60	0.987886
80	66	0.967765
80	102	1.04597
80	103	1.03676
80	106	1.03171
80	113	1.01892
80	116	1.00597
80	120	1.02952
80	124	0.984536
80	125	1.02742
80	127	1.02017
80	138	1.01916
80	144	1.20075
80	165	2.09569
80	171	2.15691
81	4	0.589354
81	49	0.568342
81	107	1.07877
81	116	0.512284
81	118	0.99766
81	126	1.0336
81	133	1.0802
81	139	1.06932
81	164	1.04736
81	165	1.02202
81	167	0.974323
81	169	0.992611
81	170	1.04047
81	175	1.00485
81	176	0.997184
81	177	0.971718
81	178	0.995318
81	179	0.993112
81	180	0.972068
82	6	1.03264
82	22	0.896345
82	25	0.967942
82	40	0.949128
82	52	0.933885
82	55	0.929595
82	61	1.00884
82	63	0.914748
82	69	0.981296
82	98	0.92572
82	107	0.964059
82	126	0.896486
82	132	1.7211
82	134	0.92761
82	144	0.953661
82	153	1.9188
82	156	0.931605
82	161	0.962411
82	162	1.78367
83	13	0.993399
83	14	0.909027
83	36	0.0390666
83	39	0.952648
83	46	0.949172
83	49	0.934232
83	50	1.0107
83	57	0.91287
83	64	0.914443
83	71	0.90428
83	72	0.976691
83	74	0.899334
83	89	1.01031
83	90	0.969253
83	100	0.908236
83	115	0.967998
83	143	4.30487
83	158	0.909997
83	161	0.959475
84	87	0.917461
84	106	0.928611
84	108	1.11118
84	129	0.937766
84	146	0.916852
84	153	0.922809
84	157	0.94489
84	160	0.929274
84	164	0.91664
84	166	0.885714
84	171	0.891054
84	172	0.900098
84	173	0.863117
84	175	0.874126
84	176	0.866465
84	177	0.840999
84	178	0.864599
84	179	0.862393
84	180	0.841349
85	15	0.901238
85	23	0.866545
85	67	0.975741
85	78	0.956422
85	89	1.34994
85	92	0.923571
85	95	0.914995
85	120	0.949382
85	121	1.04495
85	122	0.883766
85	125	0.947289
85	128	0.937684
85	138	0.939028
85	173	0.840896
85	175	0.851906
85	176	0.844244
85	177	0.818779
85	178	0.842378
85	180	0.819128
86	16	0.52023
86	29	0.95429
86	33	1.0317
86	56	1.00112
86	65	0.972913
86	73	1.05649
86	91	0.998815
86	105	1.04889
86	108	1.03164
86	109	1.03043
86	110	1.96675
86	114	0.907781
86	117	1.00825
86	121	1.04076
86	140	0.980046
86	148	0.956019
86	152	1.01737
86	156	1.00011
86	163	2.29296
86	173	0.92523
87	22	1.67655
87	53	2.32345
87	84	0.917461
87	154	0.935118
87	155	0.904986
87	162	0.92698
87	165	0.902425
87	166	0.896837
87	167	0.854727
87	168	0.857788
87	169	0.873016
87	170	0.92087
87	171	0.902177
87	174	0.860475
87	175	0.88525
87	176	0.877588
87	177	0.852123
87	178	0.875722
87	179	0.873516
87	180	0.852472
88	57	1.34195
88	63	1.11381
88	150	0.954207
88	155	0.963436
88	161	0.942079
88	162	0.98543
88	163	0.961132
88	167	0.913177
88	168	0.916238
88	169	0.931466
88	171	0.960627
88	172	0.969671
88	173	0.93269
88	174	0.918925
88	175	0.9437
88	176	0.936038
88	177	0.910573
88	178	0.934172
88	179	0.931966
88	180	0.910922
89	13	1.11603
89	27	1.08602
89	39	1.07528
89	46	1.0718
89	49	1.05686
89	50	1.13333
89	57	1.0355
89	64	1.03707
89	71	1.02691
89	72	1.09932
89	74	1.02196
89	77	1.22224
89	83	1.01031
89	85	1.34994
89	115	1.09063
89	133	0.841464
89	155	1.18866
89	158	1.03262
89	161	1.0821
89	172	1.33792
90	23	0.961007
90	46	1.03074
90	48	1.01327
90	49	1.0158
90	57	0.994438
90	70	1.06336
90	71	0.985847
90	78	1.05088
90	83	0.969253
90	108	1.04176
90	117	1.01838
90	121	1.05089
90	139	1.42436
90	142	1.04438
90	144	0.767291
90	156	1.01024
90	161	1.04104
90	168	3.06356
90	173	0.935358
91	2	1.06888
91	3	1.05169
91	36	0.764443
91	56	0.969371
91	65	0.941163
91	68	0.943302
91	73	1.02474
91	75	1.01254
91	86	0.998815
91	96	1.51143
91	105	1.01714
91	108	0.999885
91	109	0.998683
91	117	0.976503
91	121	1.00901
91	134	0.964364
91	136	1.49371
91	142	2.03962
91	148	0.92427
91	152	0.985617
91	173	0.89348
92	21	1.03124
92	35	1.03258
92	53	0.974477
92	54	0.980275
92	59	0.967924
92	66	0.949305
92	85	0.923571
92	95	0.97667
92	106	1.01325
92	111	1.01322
92	113	1.00046
92	120	1.01106
92	125	1.00896
92	127	1.00171
92	135	1.74105
92	138	1.0007
92	144	0.636984
92	148	0.93336
92	149	2.64804
92	152	0.994707
92	166	1.78271
93	6	1.06774
93	25	1.00304
93	26	1.0041
93	40	0.984224
93	52	0.96898
93	55	0.964691
93	61	1.04394
93	63	0.949844
93	76	1.01816
93	98	0.960815
93	99	0.948263
93	107	0.999154
93	126	0.931582
93	130	0.984084
93	137	1.44417
93	151	1.47542
93	152	0.983959
93	153	1.77576
93	156	0.966701
93	158	1.67574
93	161	0.997507
94	42	1.25293
94	45	1.14787
94	64	1.27693
94	114	0.934578
94	127	0.123252
94	137	1.0728
94	141	1.05089
94	149	0.952978
94	151	1.04636
94	154	1.01291
94	160	1.01818
94	166	0.974624
94	169	0.950803
94	170	0.998657
94	173	0.952027
94	174	0.938262
94	175	0.963037
94	176	0.955375
94	177	0.92991
94	178	0.953509
94	179	0.951303
94	180	0.930259
95	35	1.02401
95	54	0.971699
95	60	0.96085
95	85	0.914995
95	92	0.97667
95	102	1.01894
95	103	1.00973
95	106	1.00467
95	111	1.00465
95	113	0.99188
95	116	0.978932
95	120	1.00248
95	124	0.9575
95	127	0.99313
95	131	0.897068
95	135	2.57825
95	138	0.992126
95	140	1.00466
95	144	1.47418
95	148	0.924783
95	152	0.986131
95	159	1.74178
96	35	0.914649
96	54	0.608139
96	91	1.51143
96	99	0.749838
96	104	1.07644
96	149	0.951167
96	151	1.04455
96	157	1.03199
96	159	1.02092
96	163	0.978658
96	165	0.978401
96	166	0.972814
96	168	0.933765
96	170	0.996847
96	171	0.978154
96	174	0.936452
96	175	0.961226
96	176	0.953565
96	177	0.928099
96	178	0.951699
96	179	0.949493
96	180	0.928449
97	8	2.23481
97	24	0.914207
97	25	0.923276
97	55	0.88493
97	57	2.16519
97	59	0.877415
97	61	0.964179
97	62	0.875013
97	69	0.93663
97	98	0.881054
97	102	0.937005
97	106	0.922742
97	107	0.919393
97	116	0.896999
97	124	0.875566
97	127	0.911197
97	171	0.839998
97	175	0.823071
97	176	0.815409
97	178	0.813543
97	179	0.811337
97	180	0.790293
98	6	1.06481
98	22	0.928507
98	25	1.0001
98	26	1.00116
98	40	0.98129
98	52	0.966046
98	61	1.04101
98	63	0.94691
98	69	1.01346
98	76	1.01523
98	82	0.92572
98	93	0.960815
98	97	0.881054
98	107	0.99622
98	114	2.78925
98	126	0.928648
98	141	1.03882
98	144	0.985823
98	152	0.981025
98	156	0.963767
98	165	1.65997
98	170	1.52392
99	8	0.922306
99	12	1.03908
99	26	0.988612
99	31	0.983911
99	34	0.983455
99	37	0.983154
99	38	0.977106
99	42	0.976194
99	44	0.975482
99	47	0.961057
99	69	1.00091
99	76	1.00268
99	93	0.948263
99	96	0.749838
99	130	0.968598
99	144	0.97327
99	145	1.15136
99	150	2.50968
99	152	0.968472
99	158	0.932542
99	161	0.98202
99	171	1.9571
100	52	1.18664
100	76	1.24179
100	83	0.908236
100	137	1.06716
100	152	0.354722
100	153	1.00608
100	155	0.977134
100	157	1.02816
100	158	1.00259
100	160	1.01255
100	162	0.999128
100	163	0.97483
100	164	0.999912
100	167	0.926875
100	168	0.929936
100	170	0.993018
100	175	0.957398
100	176	0.949736
100	177	0.924271
100	178	0.94787
100	179	0.945664
100	180	0.92462
101	10	0.865074
101	28	0.995542
101	29	2.05994
101	46	1.65848
101	70	0.88158
101	135	0.948654
101	149	0.900225
101	153	0.958967
101	159	0.969981
101	160	0.965432
101	162	0.952014
101	165	0.927459
101	168	0.882823
101	169	0.89805
101	171	0.927212
101	172	0.936256
101	174	0.885509
101	175	0.910284
101	176	0.902623
101	177	0.877157
101	178	0.900757
101	179	0.898551
101	180	0.877507
102	54	1.02254
102	59	1.01019
102	66	0.991574
102	80	1.04597
102	95	1.01894
102	97	0.937005
102	103	1.06057
102	106	1.05552
102	111	1.05549
102	113	1.04273
102	116	1.02978
102	120	1.05333
102	124	1.00834
102	125	1.05123
102	126	0.984599
102	127	1.04397
102	130	1.31775
102	131	0.947913
102	132	1.21636
102	138	1.04297
102	155	2.18252
102	158	1.31404
102	162	1.27893
103	21	1.06429
103	51	0.343652
103	53	1.00753
103	59	1.00098
103	60	1.00248
103	66	0.982362
103	80	1.03676
103	95	1.00973
103	102	1.06057
103	106	1.04631
103	113	1.03351
103	116	1.02057
103	120	1.04411
103	125	1.04202
103	126	0.975387
103	127	1.03476
103	132	1.16512
103	138	1.03376
103	139	1.80793
103	148	0.966416
103	152	1.02776
103	158	1.26279
103	175	2.33982
104	26	0.687145
104	76	0.808459
104	96	1.07644
104	109	1.22073
104	120	0.829841
104	146	0.99985
104	147	0.995268
104	149	0.947065
104	155	0.976861
104	162	0.998854
104	164	0.999638
104	165	0.974299
104	168	0.929662
104	169	0.94489
104	171	0.974052
104	172	0.983095
104	174	0.932349
104	175	0.957124
104	176	0.949462
104	177	0.923997
104	178	0.947597
104	179	0.94539
104	180	0.924346
105	3	1.10177
105	16	0.327988
105	29	0.972617
105	33	1.05003
105	56	1.01945
105	65	0.991239
105	68	0.993378
105	73	1.07482
105	75	1.06261
105	86	1.04889
105	91	1.01714
105	108	1.04996
105	109	1.04876
105	114	0.926108
105	117	1.02658
105	121	1.05909
105	133	1.41429
105	148	0.974346
105	149	2.79214
105	156	1.01844
105	163	1.62448
105	164	1.50357
105	173	0.943557
106	53	1.00248
106	60	0.997432
106	66	0.97731
106	80	1.03171
106	84	0.928611
106	92	1.01325
106	95	1.00467
106	97	0.922742
106	102	1.05552
106	103	1.04631
106	113	1.02846
106	115	1.04478
106	116	1.01551
106	120	1.03906
106	124	0.994081
106	125	1.03697
106	126	0.970335
106	127	1.02971
106	130	1.07467
106	131	0.933649
106	138	1.02871
106	143	3.29513
106	170	1.0243
106	177	2.04741
107	16	0.666236
107	25	1.03844
107	26	1.0395
107	28	0.916103
107	40	1.01963
107	52	1.00439
107	55	1.0001
107	61	1.07935
107	63	0.985248
107	69	1.0518
107	81	1.07877
107	82	0.964059
107	93	0.999154
107	97	0.919393
107	98	0.99622
107	126	0.966987
107	130	1.01949
107	134	0.998111
107	137	1.47593
107	144	1.02416
107	152	1.01936
107	156	1.00211
107	158	1.7075
107	161	1.03291
108	3	1.08451
108	29	0.95536
108	33	1.03277
108	56	1.00219
108	68	0.976122
108	73	1.05756
108	75	1.04536
108	84	1.11118
108	86	1.03164
108	90	1.04176
108	91	0.999885
108	105	1.04996
108	109	1.0315
108	114	0.908851
108	117	1.00932
108	121	1.04183
108	132	1.06219
108	148	0.95709
108	150	1.17398
108	152	1.01844
108	156	1.00118
108	173	0.926301
108	174	2.33849
108	180	2.504
109	3	1.08331
109	29	0.954158
109	33	1.03157
109	56	1.00099
109	65	0.972781
109	68	0.97492
109	73	1.05636
109	75	1.04415
109	86	1.03043
109	91	0.998683
109	104	1.22073
109	105	1.04876
109	108	1.0315
109	112	1.24858
109	117	1.00812
109	119	1.83238
109	121	1.04063
109	134	0.995982
109	148	0.955887
109	152	1.01723
109	156	0.999977
109	158	1.35018
109	162	1.31507
109	173	0.925098
110	28	0.985026
110	57	1.66854
110	86	1.96675
110	119	0.931915
110	135	0.938138
110	145	0.970223
110	152	0.456094
110	154	0.949636
110	157	0.970531
110	163	0.917199
110	164	0.942281
110	166	0.911355
110	167	0.869245
110	168	0.872306
110	169	0.887534
110	170	0.935388
110	171	0.916695
110	174	0.874993
110	175	0.899768
110	176	0.892106
110	177	0.866641
110	178	0.89024
110	179	0.888034
110	180	0.86699
111	22	0.970166
111	53	1.00245
111	54	1.00825
111	59	0.995902
111	60	0.997404
111	66	0.977282
111	92	1.01322
111	95	1.00465
111	102	1.05549
111	113	1.02843
111	115	1.04476
111	116	1.01549
111	120	1.03903
111	124	0.994053
111	125	1.03694
111	126	0.970308
111	127	1.02968
111	138	1.02868
111	148	0.961337
111	157	0.656796
111	163	1.40441
111	164	1.2835
111	169	2.49946
111	176	2.21373
112	72	1.23156
112	74	0.95588
112	109	1.24858
112	123	1.01243
112	135	0.986541
112	139	1.01265
112	142	1.00122
112	143	0.917279
112	147	0.986315
112	155	0.967907
112	160	1.00332
112	161	0.761819
112	164	0.990684
112	166	0.959758
112	168	0.920709
112	169	0.935937
112	170	0.983791
112	174	0.923396
112	175	0.948171
112	176	0.940509
112	177	0.915044
112	178	0.938643
112	179	0.936437
112	180	0.915393
113	22	0.9574
113	53	0.989687
113	54	0.995486
113	62	1.41968
113	66	0.964516
113	80	1.01892
113	92	1.00046
113	95	0.99188
113	102	1.04273
113	103	1.03351
113	106	1.02846
113	111	1.02843
113	114	0.900332
113	115	1.03199
113	116	1.00272
113	120	1.02627
113	124	0.981287
113	125	1.02417
113	127	1.01692
113	128	1.38902
113	131	0.920855
113	137	1.23555
113	138	1.01591
113	142	1.63227
113	160	1.40859
114	35	0.932459
114	50	2.21075
114	60	0.869302
114	86	0.907781
114	94	0.934578
114	98	2.78925
114	105	0.926108
114	108	0.908851
114	113	0.900332
114	117	0.885469
114	121	0.917977
114	125	0.908839
114	127	0.901582
114	138	0.900578
114	148	0.833235
114	154	0.863324
114	159	0.873152
114	160	0.868603
114	166	0.825043
114	169	0.801222
114	173	0.802446
114	175	0.813456
114	176	0.805794
114	179	0.801722
114	180	0.780678
115	6	0.646783
115	27	1.0437
115	32	1.22803
115	40	0.797103
115	48	1.33509
115	50	1.09102
115	61	0.992999
115	72	1.057
115	74	0.979646
115	83	0.967998
115	89	1.09063
115	106	1.04478
115	111	1.04476
115	113	1.03199
115	124	0.997608
115	125	1.0405
115	138	1.03223
115	150	0.955619
115	161	1.03979
115	175	0.945112
115	176	0.93745
115	177	0.911985
115	178	0.935585
115	179	0.933379
115	180	0.912334
116	21	1.0335
116	35	1.03485
116	53	0.976739
116	60	0.97169
116	66	0.951568
116	80	1.00597
116	81	0.512284
116	95	0.978932
116	97	0.896999
116	102	1.02978
116	103	1.02057
116	106	1.01551
116	111	1.01549
116	113	1.00272
116	120	1.01332
116	124	0.968339
116	125	1.01123
116	127	1.00397
116	130	1.14472
116	131	0.907907
116	138	1.00297
116	148	0.935623
116	152	0.99697
116	153	1.24103
116	162	1.10591
116	177	3.59382
117	2	1.07832
117	3	1.06113
117	29	0.931978
117	33	1.00939
117	39	1.00178
117	56	0.978809
117	65	0.950601
117	68	0.95274
117	73	1.03418
117	75	1.02197
117	86	1.00825
117	90	1.01838
117	91	0.976503
117	105	1.02658
117	108	1.00932
117	109	1.00812
117	114	0.885469
117	121	1.01845
117	131	1.95426
117	134	0.973802
117	137	0.631054
117	145	0.901106
117	148	0.933707
117	154	1.20174
117	173	0.902918
117	180	3.58944
118	37	2.29357
118	81	0.99766
118	119	0.866877
118	120	2.3772
118	123	0.898987
118	129	0.898369
118	131	0.826793
118	132	0.915213
118	133	0.910084
118	137	0.944495
118	139	0.899207
118	142	0.887776
118	154	0.884598
118	160	0.889877
118	165	0.851904
118	169	0.822496
118	170	0.87035
118	171	0.851657
118	172	0.860701
118	174	0.809955
118	175	0.83473
118	176	0.827068
118	177	0.801603
118	178	0.825202
118	179	0.822996
118	180	0.801952
119	60	1.74928
119	73	1.81834
119	109	1.83238
119	110	0.931915
119	118	0.866877
119	122	0.905922
119	132	0.954546
119	140	1.02861
119	145	0.944517
119	146	0.916788
119	151	0.957384
119	157	0.944825
119	160	0.929209
119	164	0.916576
119	165	0.891237
119	166	0.885649
119	168	0.8466
119	169	0.861828
119	170	0.909682
119	171	0.89099
119	174	0.849287
119	175	0.874062
119	176	0.8664
119	177	0.840935
119	178	0.864535
119	179	0.862328
119	180	0.841284
120	21	1.05705
120	35	1.05839
120	39	1.02724
120	53	1.00029
120	54	1.00609
120	59	0.993735
120	80	1.02952
120	85	0.949382
120	92	1.01106
120	95	1.00248
120	102	1.05333
120	103	1.04411
120	104	0.829841
120	106	1.03906
120	111	1.03903
120	113	1.02627
120	116	1.01332
120	118	2.3772
120	124	0.991886
120	125	1.03477
120	127	1.02752
120	131	0.931455
120	138	1.02651
120	140	0.865447
120	152	1.02052
120	154	1.29841
120	159	1.11496
120	171	1.80352
121	2	1.11082
121	29	0.964486
121	33	1.04189
121	39	1.03428
121	56	1.01132
121	65	0.983109
121	68	0.985248
121	73	1.06669
121	75	1.05448
121	85	1.04495
121	86	1.04076
121	90	1.05089
121	91	1.00901
121	105	1.05909
121	108	1.04183
121	109	1.04063
121	114	0.917977
121	117	1.01845
121	134	1.00631
121	135	1.00734
121	148	0.966215
121	152	1.02756
121	156	1.01031
121	169	1.84171
121	171	0.859425
121	173	0.935426
121	179	1.53688
121	180	2.74202
122	26	1.48665
122	58	0.993311
122	61	2.03284
122	79	0.977719
122	85	0.883766
122	119	0.905922
122	127	1.48148
122	129	0.937414
122	135	0.912145
122	139	0.938252
122	145	0.94423
122	147	0.91192
122	149	0.863716
122	150	0.884282
122	157	0.944538
122	163	0.891207
122	168	0.846314
122	169	0.861541
122	170	0.909395
122	171	0.890703
122	172	0.899746
122	174	0.849
122	175	0.873775
122	176	0.866113
122	177	0.840648
122	178	0.864248
122	179	0.862042
122	180	0.840997
123	2	1.22979
123	50	0.627616
123	112	1.01243
123	118	0.898987
123	124	1.49033
123	133	0.981527
123	140	1.06072
123	145	0.976628
123	149	0.896113
123	150	0.916679
123	151	0.989495
123	153	0.954855
123	154	0.956041
123	161	1.19257
123	162	0.947902
123	163	0.923604
123	167	0.87565
123	168	0.878711
123	169	0.893938
123	170	0.941793
123	171	0.9231
123	172	0.932144
123	174	0.881397
123	175	0.906172
123	176	0.898511
123	177	0.873045
123	178	0.896645
123	179	0.894439
123	180	0.873395
124	21	1.01207
124	22	0.923019
124	35	1.01341
124	39	0.982258
124	53	0.955307
124	54	0.961105
124	59	0.948754
124	60	0.950257
124	66	0.930135
124	80	0.984536
124	95	0.9575
124	97	0.875566
124	102	1.00834
124	106	0.994081
124	111	0.994053
124	113	0.981287
124	115	0.997608
124	116	0.968339
124	120	0.991886
124	123	1.49033
124	126	0.92316
124	127	0.982536
124	131	0.886474
124	138	0.981533
124	141	1.32303
124	144	1.04924
124	146	1.79238
124	152	0.975537
124	178	2.72212
125	21	1.05495
125	39	1.02515
125	53	0.998194
125	54	1.00399
125	59	0.991642
125	60	0.993145
125	66	0.973023
125	80	1.02742
125	85	0.947289
125	92	1.00896
125	102	1.05123
125	103	1.04202
125	106	1.03697
125	111	1.03694
125	113	1.02417
125	114	0.908839
125	115	1.0405
125	116	1.01123
125	120	1.03477
125	126	0.966048
125	127	1.02542
125	138	1.02442
125	140	0.649385
125	141	0.822565
125	148	0.957078
125	149	2.55983
125	170	1.30767
125	176	2.20149
125	179	2.18239
126	11	1.43337
126	46	1.53495
126	48	1.59755
126	52	0.936813
126	63	0.917676
126	76	0.985996
126	78	1.23412
126	81	1.0336
126	82	0.896486
126	93	0.931582
126	98	0.928648
126	102	0.984599
126	103	0.975387
126	106	0.970335
126	107	0.966987
126	111	0.970308
126	124	0.92316
126	125	0.966048
126	127	0.958791
126	138	0.957787
126	145	0.94112
126	152	0.951791
126	171	0.887592
126	174	0.84589
126	176	0.863003
126	177	0.837538
126	178	0.861137
126	179	0.858931
126	180	0.837887
127	21	1.0477
127	35	1.04904
127	54	0.996735
127	59	0.984385
127	60	0.985887
127	66	0.965765
127	80	1.02017
127	92	1.00171
127	94	0.123252
127	95	0.99313
127	97	0.911197
127	102	1.04397
127	103	1.03476
127	106	1.02971
127	111	1.02968
127	113	1.01692
127	114	0.901582
127	116	1.00397
127	120	1.02752
127	122	1.48148
127	124	0.982536
127	125	1.02542
127	126	0.958791
127	128	0.733329
127	133	1.3327
127	138	1.01716
127	148	0.94982
127	152	1.01117
127	165	1.59443
127	177	3.26423
128	56	1.55923
128	72	1.25506
128	78	1.26336
128	85	0.937684
128	113	1.38902
128	127	0.733329
128	133	1.00305
128	135	0.966063
128	136	1.03077
128	140	1.08224
128	145	0.998148
128	146	0.970419
128	153	0.976376
128	155	0.94743
128	157	0.998456
128	159	0.987389
128	162	0.969423
128	163	0.945125
128	165	0.944868
128	166	0.93928
128	167	0.89717
128	168	0.900231
128	170	0.963313
128	172	0.953664
128	174	0.902918
128	175	0.927693
128	176	0.920031
128	177	0.894566
128	178	0.918166
128	179	0.915959
128	180	0.894915
129	15	1.20423
129	18	1.54889
129	42	1.61144
129	64	1.63544
129	84	0.937766
129	118	0.898369
129	122	0.937414
129	133	0.980909
129	142	0.958601
129	153	0.954237
129	154	0.955422
129	155	0.925291
129	157	0.976317
129	159	0.96525
129	162	0.947284
129	163	0.922986
129	165	0.922729
129	166	0.917141
129	167	0.875031
129	168	0.878092
129	170	0.941174
129	171	0.922482
129	172	0.931525
129	174	0.880779
129	175	0.905554
129	176	0.897892
129	177	0.872427
129	178	0.896027
129	179	0.89382
129	180	0.872776
130	1	0.956944
130	3	0.69926
130	4	1.08283
130	5	0.954327
130	12	1.0749
130	25	1.02337
130	26	1.02443
130	31	1.01973
130	34	1.01928
130	37	1.01898
130	40	1.00456
130	43	0.796374
130	61	1.06428
130	63	0.970179
130	66	1.56723
130	93	0.984084
130	99	0.968598
130	102	1.31775
130	106	1.07467
130	107	1.01949
130	116	1.14472
130	131	0.915231
130	152	1.00429
130	153	0.97185
130	161	1.01784
130	167	0.892645
130	172	0.949139
130	175	0.923167
130	176	0.915506
130	177	0.89004
130	178	0.91364
130	179	0.911434
130	180	0.89039
131	1	0.867755
131	4	0.993638
131	5	0.865138
131	7	0.984639
131	8	0.868938
131	31	0.930544
131	34	0.930088
131	35	0.952981
131	37	0.929787
131	49	2.28872
131	70	1.95702
131	95	0.897068
131	102	0.947913
131	106	0.933649
131	113	0.920855
131	116	0.907907
131	117	1.95426
131	118	0.826793
131	120	0.931455
131	124	0.886474
131	130	0.915231
131	139	0.898456
131	148	0.853758
131	149	0.823919
131	169	0.821745
131	175	0.833979
131	176	0.826317
131	177	0.800852
131	178	0.824451
131	179	0.822245
131	180	0.801201
132	8	1.23523
132	82	1.7211
132	102	1.21636
132	103	1.16512
132	108	1.06219
132	118	0.915213
132	119	0.954546
132	136	1.02548
132	139	0.986876
132	140	1.07695
132	141	1.01025
132	145	0.992854
132	146	0.965124
132	147	0.960543
132	157	0.993162
132	160	0.977546
132	162	0.964128
132	163	0.93983
132	164	0.964912
132	166	0.933986
132	167	0.891876
132	168	0.894937
132	169	0.910165
132	171	0.939326
132	172	0.94837
132	174	0.897624
132	175	0.922399
132	176	0.914737
132	177	0.889272
132	178	0.912871
132	179	0.910665
132	180	0.889621
133	38	1.73082
133	81	1.0802
133	89	0.841464
133	105	1.41429
133	118	0.910084
133	123	0.981527
133	127	1.3327
133	128	1.00305
133	129	0.980909
133	147	0.955414
133	148	0.937049
133	149	0.90721
133	150	0.927777
133	151	1.00059
133	152	0.572113
133	154	0.967138
133	155	0.937006
133	159	0.976966
133	160	0.972417
133	163	0.934701
133	164	0.959783
133	165	0.934445
133	166	0.928857
133	168	0.889808
133	171	0.934197
133	172	0.943241
133	174	0.892495
133	175	0.91727
133	176	0.909608
133	177	0.884143
133	178	0.907742
133	179	0.905536
133	180	0.884492
134	15	0.951121
134	26	1.00306
134	30	1.0121
134	40	0.983181
134	45	0.994727
134	48	0.968689
134	52	0.967937
134	55	0.963648
134	61	1.0429
134	65	0.938462
134	67	1.02562
134	68	0.940601
134	70	1.01879
134	73	1.02204
134	75	1.00984
134	76	1.01712
134	78	1.00631
134	79	0.684569
134	82	0.92761
134	91	0.964364
134	107	0.998111
134	109	0.995982
134	117	0.973802
134	121	1.00631
134	156	0.965658
134	160	0.947815
134	161	0.996463
134	166	1.48843
134	168	2.63897
134	172	1.47237
134	173	0.890779
134	177	2.90744
135	27	1.27336
135	92	1.74105
135	95	2.57825
135	101	0.948654
135	110	0.938138
135	112	0.986541
135	121	1.00734
135	122	0.912145
135	128	0.966063
135	137	0.990051
135	142	0.933332
135	143	0.849394
135	146	0.923011
135	148	0.900064
135	151	0.963607
135	154	0.930153
135	158	0.925481
135	159	0.939981
135	160	0.935432
135	162	0.922015
135	165	0.89746
135	166	0.891873
135	167	0.849762
135	170	0.915905
135	171	0.897213
135	172	0.906256
135	174	0.85551
135	175	0.880285
135	176	0.872623
135	177	0.847158
135	178	0.870758
135	179	0.868552
135	180	0.847507
136	31	1.28168
136	38	0.828793
136	66	1.18277
136	77	0.977345
136	91	1.49371
136	128	1.03077
136	132	1.02548
136	139	1.00947
136	141	1.03285
136	142	0.998042
136	146	0.987721
136	147	0.98314
136	151	1.02832
136	155	0.964732
136	156	0.266405
136	159	1.00469
136	160	1.00014
136	161	0.482665
136	163	0.962427
136	164	0.987509
136	165	0.96217
136	166	0.956583
136	168	0.917534
136	170	0.980615
136	171	0.961923
136	172	0.970967
136	173	0.933986
136	174	0.92022
136	175	0.944995
136	176	0.937334
136	177	0.911868
136	178	0.935468
136	179	0.933262
136	180	0.912218
137	5	0.908718
137	73	1.10457
137	93	1.44417
137	94	1.0728
137	100	1.06716
137	107	1.47593
137	113	1.23555
137	117	0.631054
137	118	0.944495
137	135	0.990051
137	142	1.00473
