1	120	0.839007
1	126	0.840219
1	131	1.73541
1	134	0.851527
1	137	0.848702
1	142	0.84221
1	155	0.849674
1	159	0.858765
1	161	0.853034
1	163	0.837624
1	179	2.78362
1	180	0.777696
2	105	1.29237
2	119	0.870266
2	120	1.0713
2	121	0.893286
2	147	0.90541
2	151	0.907726
2	172	0.792481
2	177	0.844195
2	178	0.84929
2	179	0.826185
2	180	0.834718
3	107	1.3915
3	159	1.3342
3	166	0.857101
3	167	0.896592
3	168	0.869566
3	170	0.846634
3	174	0.792562
3	175	0.83005
3	176	0.831868
3	177	0.843279
3	178	0.848374
3	179	0.82527
4	45	0.858264
4	51	0.857353
4	75	0.82622
4	96	0.819827
4	97	0.855668
4	101	0.857301
4	139	1.86383
4	159	0.860019
4	161	0.854288
4	162	2.64707
4	163	0.838879
4	180	0.77895
5	114	1.23509
5	117	1.34692
5	126	0.924841
5	134	0.93615
5	137	0.933324
5	142	0.926832
5	144	0.939968
5	155	0.934297
5	159	0.943387
5	161	0.937657
5	163	0.922247
5	166	2.28324
6	7	0.898461
6	9	0.896393
6	24	0.88008
6	30	0.770558
6	48	0.828027
6	62	0.813349
6	72	0.79867
6	79	0.843052
6	89	0.84317
6	90	1.96046
6	153	0.824104
6	168	2.5386
7	6	0.898461
7	48	0.946345
7	72	0.916988
7	73	0.907613
7	79	0.96137
7	82	1.74774
7	89	0.961488
7	103	0.921525
7	109	0.965088
7	130	0.860828
7	145	0.92836
7	164	2.36923
8	13	0.887353
8	26	0.972963
8	110	0.917974
8	118	0.944276
8	141	0.933072
8	143	1.21552
8	147	0.934416
8	148	0.932815
8	150	0.941166
8	151	0.936733
8	167	1.8616
8	168	1.86611
9	6	0.896393
9	35	0.963641
9	48	0.944277
9	72	0.91492
9	73	0.905545
9	79	0.959302
9	90	1.25341
9	103	0.919457
9	109	0.96302
9	124	1.72705
9	153	0.940354
9	160	2.00774
10	91	0.812128
10	113	0.7819
10	119	0.761004
10	133	0.811495
10	150	0.802896
10	151	0.798464
10	155	3.16382
10	170	0.738287
10	177	0.734933
10	178	0.740027
10	179	0.716923
10	180	0.725456
11	16	3.6
11	22	0.980734
11	41	0.958024
11	63	0.999757
11	88	0.748365
11	92	0.942065
11	111	0.909864
11	113	0.92218
11	119	0.901284
11	124	0.784027
11	156	0.921415
11	180	0.865736
12	17	1.33415
12	144	1.33199
12	162	0.881704
12	164	0.856764
12	170	0.860092
12	171	0.801469
12	172	0.805024
12	173	0.845433
12	175	0.843509
12	176	0.845326
12	178	0.861832
12	179	0.838728
13	8	0.887353
13	28	1.49721
13	43	0.853829
13	60	0.811893
13	108	0.875757
13	118	0.835748
13	141	0.824544
13	147	0.825888
13	148	0.824287
13	150	0.832638
13	151	0.828205
13	173	2.95823
14	29	2.30988
14	71	0.889809
14	83	0.803974
14	116	0.847938
14	132	0.80909
14	141	0.841044
14	143	2.16856
14	145	0.825882
14	147	0.842388
14	150	0.849137
14	151	0.844705
14	153	0.839945
15	61	2.05116
15	78	0.807609
15	95	0.860715
15	96	0.815437
15	105	0.837819
15	120	0.835871
15	129	0.866898
15	142	0.839074
15	143	2.4421
15	159	0.855629
15	161	0.849898
15	163	0.834488
16	11	3.6
16	84	0.77686
16	137	0.79843
16	141	0.796772
16	148	0.796515
16	150	0.804865
16	159	0.808493
16	163	0.787352
16	169	0.752598
16	171	0.681633
16	174	0.686184
16	179	0.718891
17	12	1.33415
17	76	0.906495
17	78	0.897489
17	125	0.962097
17	138	0.958177
17	140	0.971201
17	142	0.928955
17	144	0.94209
17	155	0.936419
17	159	0.94551
17	163	0.924369
17	179	2.20868
18	20	0.887252
18	22	0.886353
18	39	0.865303
18	41	0.863642
18	92	0.847683
18	111	0.815482
18	113	0.827798
18	119	0.806902
18	124	2.19651
18	145	2.30987
18	156	0.827033
18	180	0.771354
19	41	0.66593
19	53	1.27455
19	62	0.947293
19	98	0.961179
19	103	0.937152
19	109	0.980714
19	142	0.954314
19	147	0.411915
19	159	0.970869
19	170	0.902631
19	175	0.886048
19	179	0.881268
20	18	0.887252
20	22	0.962465
20	32	0.9336
20	39	0.941416
20	53	0.925057
20	92	0.923796
20	111	0.891595
20	119	0.883015
20	156	0.903146
20	162	1.03994
20	169	1.07704
20	172	3.24842
20	180	0.847466
21	81	0.629003
21	83	0.879882
21	116	0.923846
21	118	0.928155
21	121	0.906172
21	128	1.0929
21	132	0.884998
21	141	0.916952
21	145	0.90179
21	147	0.918296
21	148	0.916695
21	151	0.920613
21	172	3.77757
22	11	0.980734
22	18	0.886353
22	20	0.962465
22	53	0.924158
22	92	0.922897
22	111	0.890695
22	113	0.903012
22	119	0.882116
22	124	1.24419
22	156	0.902246
22	175	2.17928
22	178	1.91063
22	180	0.846567
23	35	1.2584
23	141	0.710696
23	160	0.966852
23	161	0.586305
23	165	0.95954
23	170	0.923775
23	171	0.865152
23	173	0.909116
23	174	0.869704
23	175	0.907191
23	176	0.909009
23	178	0.925515
23	179	0.902411
24	6	0.88008
24	30	0.870495
24	62	0.913286
24	72	0.898607
24	73	0.889232
24	79	0.942989
24	103	0.903145
24	109	0.946707
24	139	0.935439
24	153	0.924042
24	157	1.03681
24	164	2.35412
24	166	1.86555
25	76	0.884641
25	104	0.909575
25	120	0.903897
25	126	0.905109
25	138	0.936322
25	142	0.907101
25	144	0.920236
25	153	1.54562
25	155	0.914565
25	157	1.11624
25	161	0.917925
25	163	0.902515
25	176	2.60734
26	8	0.972963
26	83	0.873085
26	116	0.917049
26	121	0.899375
26	132	0.878201
26	141	0.910154
26	147	0.911498
26	148	0.909898
26	150	0.918248
26	151	0.913815
26	175	1.65294
26	177	1.42913
26	180	2.25904
27	150	1.37881
27	161	1.62246
27	166	0.85441
27	168	0.866875
27	169	0.856285
27	171	0.785321
27	172	0.788875
27	173	0.829284
27	175	0.82736
27	176	0.829177
27	177	0.840589
27	178	0.845684
27	179	0.822579
28	13	1.49721
28	83	2.01198
28	160	0.884892
28	162	0.863427
28	164	0.838487
28	168	0.864747
28	171	0.783193
28	172	0.786747
28	174	0.787744
28	176	0.827049
28	177	0.838461
28	178	0.843556
28	179	0.820451
29	14	2.30988
29	63	0.931162
29	111	0.841269
29	116	1.1047
29	138	0.890876
29	156	0.85282
29	161	0.872479
29	163	0.857069
29	171	0.751349
29	172	0.754904
29	174	0.755901
29	178	0.811712
29	180	0.797141
30	6	0.770558
30	24	0.870495
30	35	0.837806
30	48	0.818442
30	62	0.803764
30	72	0.789085
30	89	0.833585
30	103	0.793622
30	109	0.837185
30	130	2.32296
30	133	2.79276
30	139	0.825917
30	145	0.800457
30	153	0.814519
31	58	0.877634
31	98	0.893352
31	102	0.882054
31	126	0.884496
31	138	0.915709
31	142	0.886487
31	144	0.899622
31	156	0.877652
31	159	0.903042
31	161	0.897311
31	163	0.881901
31	166	1.44343
31	173	2.03044
31	176	2.1058
32	20	0.9336
32	39	0.911651
32	41	0.90999
32	63	0.951723
32	85	1.28111
32	92	0.894031
32	111	0.86183
32	113	0.874146
32	119	0.85325
32	122	0.919661
32	124	1.84822
32	156	0.873381
32	178	2.51465
32	180	0.817702
33	45	0.910878
33	47	1.36971
33	58	0.887225
33	104	0.898552
33	105	0.894823
33	115	2.14601
33	120	0.892875
33	123	0.888134
33	125	0.92922
33	127	0.884749
33	142	0.896078
33	163	0.891492
33	168	2.01586
33	180	0.831564
34	46	0.881834
34	108	0.939851
34	118	0.899842
34	121	0.877858
34	132	0.856685
34	140	1.3765
34	141	0.888638
34	147	0.889982
34	148	0.888381
34	150	0.896732
34	151	0.892299
34	153	0.887539
34	158	1.91378
34	170	2.24373
35	9	0.963641
35	23	1.2584
35	30	0.837806
35	49	1.42271
35	72	0.865918
35	73	0.856543
35	79	0.9103
35	89	0.910418
35	103	0.870455
35	109	0.914018
35	139	0.90275
35	145	0.877289
35	153	0.891352
35	156	2.43068
36	37	0.914053
36	83	0.856565
36	91	0.91096
36	99	0.8877
36	132	0.861681
36	141	0.893635
36	147	0.894979
36	148	0.893378
36	150	0.901728
36	151	0.897295
36	153	0.892536
36	160	1.6026
36	165	1.80418
36	179	2.19986
37	36	0.914053
37	42	0.894803
37	99	0.884747
37	116	0.897576
37	118	0.901885
37	121	0.879902
37	132	0.858728
37	135	2.07043
37	141	0.890682
37	147	0.892026
37	148	0.890425
37	150	0.898775
37	165	1.76868
37	170	1.7941
38	68	0.884846
38	84	2.65359
38	104	0.896954
38	105	0.893224
38	120	0.891276
38	137	0.900971
38	142	0.894479
38	144	0.907615
38	149	1.8093
38	155	0.901944
38	157	1.09839
38	159	0.911034
38	163	0.889894
38	180	0.829966
39	18	0.865303
39	20	0.941416
39	32	0.911651
39	53	0.903108
39	63	0.959539
39	82	2.10133
39	92	0.901847
39	111	0.869646
39	113	0.881962
39	119	0.861066
39	133	1.68422
39	152	1.80976
39	156	0.881197
39	180	0.825518
40	68	0.880299
40	76	0.867473
40	77	0.929216
40	104	0.892407
40	129	0.917757
40	134	0.89925
40	143	1.00529
40	155	0.897397
40	159	0.906488
40	161	0.900757
40	162	2.10471
40	163	0.885347
40	175	2.48647
40	180	0.825419
41	11	0.958024
41	18	0.863642
41	19	0.66593
41	32	0.90999
41	53	0.901447
41	63	0.957879
41	92	0.900186
41	111	0.867985
41	113	0.880302
41	119	0.859405
41	156	0.879536
41	158	2.04588
41	170	2.37584
41	180	0.823857
42	37	0.894803
42	60	0.861734
42	71	0.92315
42	99	0.86845
42	107	0.870695
42	121	0.863605
42	132	0.842432
42	141	0.874385
42	147	0.875729
42	148	0.874128
42	150	0.882479
42	151	0.878046
42	165	1.37599
42	168	0.998219
42	174	3.53656
43	13	0.853829
43	53	1.97426
43	75	0.87747
43	89	0.786586
43	109	0.434794
43	127	0.883385
43	147	0.900892
43	151	0.903209
43	153	0.898449
43	161	0.905539
43	163	0.890129
43	165	0.878797
43	169	0.855375
43	178	0.844773
43	179	0.821668
44	53	0.785887
44	57	0.835107
44	64	0.717042
44	113	0.764742
44	118	0.788848
44	119	0.743845
44	138	4.0195
44	147	0.778989
44	150	0.785738
44	151	0.781306
44	174	0.667057
44	176	0.706363
44	177	0.717774
44	178	0.722869
44	180	0.708297
45	4	0.858264
45	33	0.910878
45	59	0.867845
45	68	0.865762
45	75	0.858151
45	85	1.1546
45	102	0.870963
45	123	0.867451
45	134	0.884713
45	135	2.50574
45	137	0.881887
45	155	0.88286
45	161	0.88622
45	163	0.87081
45	169	2.31215
46	34	0.881834
46	71	0.912225
46	99	0.857525
46	100	1.19956
46	107	0.85977
46	108	0.914672
46	121	0.85268
46	122	0.896071
46	147	0.864804
46	148	0.863203
46	150	0.871553
46	151	0.867121
46	153	0.862361
46	173	1.52012
46	174	3.19548
47	33	1.36971
47	141	1.01047
47	151	1.17983
47	165	0.921828
47	166	0.89653
47	167	0.936021
47	168	0.908995
47	170	0.886063
47	171	0.82744
47	172	0.830994
47	174	0.831991
47	176	0.871297
47	177	0.882708
47	178	0.887803
47	179	0.864699
48	6	0.828027
48	7	0.946345
48	9	0.944277
48	30	0.818442
48	62	0.861233
48	72	0.846554
48	73	0.837179
48	79	0.890936
48	88	2.08194
48	89	0.891054
48	103	0.851091
48	109	0.894653
48	122	0.905699
48	130	1.47824
48	149	2.38025
49	35	1.42271
49	78	1.29686
49	125	0.875505
49	160	0.926489
49	167	0.933371
49	168	0.906344
49	169	0.895755
49	171	0.82479
49	172	0.828344
49	173	0.868753
49	175	0.866829
49	176	0.868646
49	177	0.880058
49	178	0.885153
49	179	0.862048
50	74	1.9433
50	75	0.852897
50	80	1.42786
50	82	0.861331
50	102	0.865709
50	123	0.862198
50	125	0.903283
50	127	0.858812
50	129	0.897966
50	139	2.35442
50	144	0.883277
50	155	0.877606
50	159	0.886697
50	161	0.880966
50	163	0.865556
51	4	0.857353
51	68	0.864851
51	101	0.888322
51	102	0.870052
51	120	0.871282
51	126	0.872494
51	127	0.863156
51	128	1.86294
51	134	0.883802
51	155	0.881949
51	157	1.33755
51	159	0.89104
51	161	0.885309
51	163	0.8699
51	179	2.66376
52	59	0.85941
52	77	0.906244
52	95	0.888602
52	98	0.873825
52	105	0.865706
52	120	0.863757
52	123	0.859017
52	129	0.894785
52	134	0.876278
52	139	1.3166
52	145	1.65987
52	154	2.8199
52	155	0.874425
52	159	0.883516
52	163	0.862375
53	19	1.27455
53	20	0.925057
53	22	0.924158
53	39	0.903108
53	41	0.901447
53	43	1.97426
53	44	0.785887
53	54	1.68455
53	63	0.94318
53	92	0.885488
53	110	0.863409
53	111	0.853287
53	113	0.865603
53	119	0.844707
53	180	0.809159
54	53	1.68455
54	151	0.929272
54	162	0.911223
54	163	0.962916
54	168	0.912543
54	169	0.901953
54	170	0.889611
54	171	0.830988
54	172	0.834542
54	173	0.874952
54	175	0.873028
54	176	0.874845
54	177	0.886257
54	178	0.891351
54	179	0.868247
55	103	1.74232
55	112	0.878781
55	125	1.80451
55	164	0.812971
55	165	0.852065
55	168	0.839232
55	169	0.828642
55	170	0.8163
55	171	0.757677
55	172	0.761231
55	173	0.801641
55	174	0.762228
55	177	0.812945
55	178	0.81804
55	179	0.794936
56	77	1.2096
56	109	0.848966
56	122	1.35209
56	158	0.895213
56	166	0.882299
56	167	0.921791
56	169	0.884174
56	170	0.871832
56	171	0.813209
56	173	0.857173
56	174	0.817761
56	175	0.855248
56	176	0.857066
56	177	0.868478
56	178	0.873572
56	179	0.850468
57	44	0.835107
57	68	1.44211
57	92	1.0446
57	121	0.994441
57	164	0.867882
57	167	0.921169
57	168	0.894142
57	169	0.883552
57	170	0.87121
57	173	0.856551
57	174	0.817139
57	175	0.854627
57	176	0.856444
57	177	0.867856
57	178	0.87295
57	179	0.849846
58	31	0.877634
58	33	0.887225
58	59	0.844192
58	98	0.858607
58	101	0.86558
58	126	0.849752
58	129	0.879567
58	134	0.86106
58	135	1.40034
58	144	0.864878
58	155	0.859207
58	156	0.842908
58	161	0.862567
58	163	0.847157
58	173	1.5838
58	174	3.25916
59	45	0.867845
59	52	0.85941
59	58	0.844192
59	70	2.50054
59	101	0.866883
59	117	1.77104
59	120	0.849842
59	124	0.879059
59	125	0.886187
59	126	0.851054
59	134	0.862363
59	136	1.79172
59	155	0.86051
59	156	0.844211
59	159	0.869601
59	163	0.84846
60	13	0.811893
60	42	0.861734
60	108	0.908825
60	116	0.864507
60	118	0.868816
60	122	0.890224
60	132	0.825659
60	139	0.867912
60	141	0.857613
60	147	0.858957
60	148	0.857356
60	150	0.865706
60	151	0.861274
60	152	1.69056
60	165	2.21685
60	169	2.32501
61	15	2.05116
61	72	1.06047
61	102	0.73606
61	111	0.87843
61	113	0.890746
61	119	0.86985
61	147	0.904993
61	148	0.903392
61	150	0.911743
61	151	0.90731
61	173	0.832474
61	174	0.793062
61	175	0.83055
61	178	0.848873
61	179	0.825769
61	180	0.834302
62	6	0.813349
62	19	0.947293
62	24	0.913286
62	30	0.803764
62	48	0.861233
62	69	2.49512
62	72	0.831876
62	73	0.822501
62	79	0.876258
62	89	0.876376
62	103	0.836413
62	109	0.879976
62	122	0.891021
62	153	0.85731
62	156	1.61871
62	164	2.15689
63	11	0.999757
63	29	0.931162
63	32	0.951723
63	39	0.959539
63	41	0.957879
63	53	0.94318
63	92	0.941919
63	106	1.97427
63	110	0.91984
63	111	0.909718
63	113	0.922034
63	119	0.901138
63	152	1.26869
63	168	1.41721
63	178	1.97914
63	180	0.86559
64	44	0.717042
64	110	4.30447
64	149	0.808693
64	158	0.776527
64	166	0.763612
64	167	0.803104
64	168	0.776077
64	170	0.753145
64	172	0.698077
64	173	0.738486
64	174	0.699074
64	175	0.736562
64	176	0.738379
64	177	0.749791
64	178	0.754885
64	179	0.731781
65	142	1.67976
65	145	0.854503
65	163	2.20266
65	165	0.848913
65	166	0.823615
65	169	0.825491
65	170	0.813148
65	171	0.754526
65	172	0.75808
65	173	0.798489
65	174	0.759077
65	175	0.796565
65	176	0.798383
65	177	0.809794
65	178	0.814889
65	179	0.791785
66	71	0.686435
66	161	1.20388
66	163	1.53128
66	164	0.871086
66	165	0.910179
66	166	0.884881
66	168	0.897346
66	170	0.874414
66	171	0.815792
66	172	0.819346
66	173	0.859755
66	175	0.857831
66	176	0.859648
66	177	0.87106
66	178	0.876154
66	179	0.85305
67	97	2.5101
67	110	1.31759
67	154	0.799649
67	158	0.829204
67	162	0.827434
67	165	0.841587
67	166	0.816289
67	168	0.828754
67	169	0.818164
67	172	0.750754
67	173	0.791163
67	174	0.751751
67	176	0.791056
67	177	0.802468
67	178	0.807562
67	179	0.784458
68	38	0.884846
68	40	0.880299
68	45	0.865762
68	51	0.864851
68	57	1.44211
68	86	0.831137
68	114	1.43143
68	125	0.884104
68	127	0.839633
68	142	0.850963
68	144	0.864098
68	155	0.858427
68	159	0.867518
68	161	0.861787
68	163	0.846377
68	177	2.8104
69	62	2.49512
69	104	0.824698
69	113	2.08895
69	126	0.820233
69	132	0.795104
69	147	0.828402
69	148	0.826801
69	150	0.835151
69	158	0.793923
69	160	0.813618
69	161	0.833048
69	163	0.817638
69	169	0.782884
69	172	0.715473
69	174	0.71647
69	178	0.772282
69	179	0.749177
70	59	2.50054
70	118	1.85533
70	164	0.810743
70	165	0.849837
70	167	0.86403
70	169	0.826414
70	170	0.814072
70	171	0.755449
70	172	0.759003
70	173	0.799413
70	174	0.76
70	175	0.797488
70	176	0.799306
70	177	0.810717
70	178	0.815812
70	179	0.792708
71	14	0.889809
71	42	0.92315
71	46	0.912225
71	66	0.686435
71	99	0.913094
71	107	0.915339
71	116	0.925923
71	118	0.930232
71	132	0.887075
71	141	0.919029
71	148	0.918772
71	150	0.927122
71	151	0.92269
71	153	0.91793
71	170	1.41798
71	176	1.95312
71	180	2.45146
72	6	0.79867
72	7	0.916988
72	9	0.91492
72	24	0.898607
72	30	0.789085
72	35	0.865918
72	48	0.846554
72	61	1.06047
72	62	0.831876
72	73	0.807822
72	89	0.861697
72	103	0.821734
72	109	0.865297
72	139	0.854029
72	145	0.828569
72	156	2.32835
72	178	2.66392
73	7	0.907613
73	9	0.905545
73	24	0.889232
73	35	0.856543
73	48	0.837179
73	62	0.822501
73	72	0.807822
73	79	0.852204
73	89	0.852322
73	103	0.812359
73	109	0.855922
73	136	1.10469
73	139	0.844654
73	145	0.819193
73	153	0.833256
73	169	2.2303
73	180	3.18105
74	50	1.9433
74	120	0.787085
74	123	1.48847
74	162	0.884898
74	167	0.913245
74	168	0.886218
74	169	0.875629
74	170	0.863286
74	171	0.804664
74	172	0.808218
74	173	0.848627
74	174	0.809215
74	175	0.846703
74	176	0.84852
74	177	0.859932
74	178	0.865027
74	179	0.841922
75	4	0.82622
75	43	0.87747
75	45	0.858151
75	50	0.852897
75	97	0.855555
75	102	0.838919
75	105	0.842096
75	125	0.876493
75	129	0.871176
75	138	0.872573
75	157	1.5955
75	159	0.859907
75	161	0.854176
75	163	0.838766
75	167	2.14375
75	177	2.75504
75	180	0.778838
76	17	0.906495
76	25	0.884641
76	40	0.867473
76	77	0.877419
76	123	0.830192
76	137	0.844628
76	138	0.867358
76	139	1.97198
76	142	0.838136
76	144	0.851272
76	155	0.8456
76	156	0.829301
76	157	1.75362
76	161	0.84896
76	163	0.833551
76	170	2.70958
76	180	0.773622
77	40	0.929216
77	52	0.906244
77	56	1.2096
77	76	0.877419
77	78	0.868414
77	86	0.880054
77	100	1.94485
77	102	0.895446
77	105	0.898624
77	120	0.896676
77	123	0.891935
77	129	0.927703
77	146	1.30688
77	155	0.907343
77	159	0.916434
77	161	0.910703
77	163	0.895293
77	176	2.34076
78	15	0.807609
78	17	0.897489
78	49	1.29686
78	77	0.868414
78	96	0.805494
78	97	0.841335
78	105	0.827875
78	123	0.821186
78	125	0.862272
78	126	0.82714
78	129	0.856955
78	134	0.838448
78	144	0.842266
78	155	0.836595
78	158	2.15171
78	159	0.845686
78	163	0.824545
78	179	2.85192
79	6	0.843052
79	7	0.96137
79	9	0.959302
79	24	0.942989
79	35	0.9103
79	48	0.890936
79	62	0.876258
79	73	0.852204
79	82	1.55092
79	89	0.906079
79	103	0.866116
79	109	0.909679
79	122	0.920724
79	145	0.872951
79	153	0.887013
79	162	1.8567
79	169	1.8938
79	177	2.01465
80	50	1.42786
80	111	0.934714
80	127	0.471174
80	132	1.2699
80	164	0.91178
80	167	0.965067
80	168	0.938041
80	169	0.927451
80	170	0.915108
80	171	0.856486
80	172	0.86004
80	173	0.90045
80	174	0.861037
80	175	0.898525
80	176	0.900343
80	177	0.911754
80	178	0.916849
80	179	0.893745
81	21	0.629003
81	83	1.78296
81	159	1.02508
81	161	0.705168
81	162	0.935849
81	165	0.950003
81	168	0.93717
81	169	0.92658
81	170	0.914238
81	171	0.855615
81	172	0.859169
81	173	0.899579
81	174	0.860166
81	175	0.897654
81	176	0.899472
81	177	0.910883
81	178	0.915978
81	179	0.892874
82	7	1.74774
82	39	2.10133
82	50	0.861331
82	79	1.55092
82	91	0.873944
82	107	0.852929
82	123	0.843841
82	147	0.857963
82	148	0.856362
82	150	0.864713
82	155	0.85925
82	159	0.868341
82	161	0.86261
82	167	0.850062
82	169	0.812445
82	176	0.785337
82	178	0.801843
82	179	0.778739
83	14	0.803974
83	21	0.879882
83	26	0.873085
83	28	2.01198
83	36	0.856565
83	81	1.78296
83	107	0.829504
83	108	0.884406
83	116	0.840088
83	121	0.822414
83	132	0.80124
83	141	0.833194
83	147	0.834538
83	148	0.832937
83	150	0.841287
83	151	0.836855
83	153	0.832095
83	157	2.05726
84	16	0.77686
84	38	2.65359
84	150	2.29102
84	153	0.849253
84	164	0.790508
84	166	0.804303
84	167	0.843795
84	168	0.816768
84	169	0.806178
84	170	0.793836
84	171	0.735213
84	172	0.738768
84	173	0.779177
84	175	0.777253
84	176	0.77907
84	177	0.790482
84	178	0.795576
84	179	0.772472
85	32	1.28111
85	45	1.1546
85	95	1.11885
85	134	0.912548
85	160	0.955672
85	165	0.94836
85	168	0.935527
85	169	0.924937
85	170	0.912595
85	171	0.853972
85	172	0.857527
85	173	0.897936
85	174	0.858524
85	175	0.896012
85	176	0.897829
85	177	0.909241
85	178	0.914335
85	179	0.891231
86	68	0.831137
86	77	0.880054
86	96	0.817133
86	97	0.852975
86	104	0.843245
86	126	0.838779
86	127	0.829441
86	131	1.38549
86	137	0.847262
86	140	1.19622
86	142	0.840771
86	144	0.853906
86	155	0.848235
86	159	0.857326
86	161	0.851595
86	163	0.836185
86	174	4.19859
86	180	0.776257
87	100	0.857407
87	126	2.20427
87	144	2.53644
87	154	0.777211
87	162	0.804996
87	164	0.780056
87	165	0.819149
87	167	0.833343
87	168	0.806316
87	169	0.795726
87	170	0.783384
87	171	0.724762
87	172	0.728316
87	173	0.768725
87	175	0.766801
87	176	0.768618
87	177	0.78003
87	178	0.785124
87	179	0.76202
88	11	0.748365
88	48	2.08194
88	113	0.846023
88	129	0.99204
88	162	0.918905
88	164	0.893965
88	165	0.933058
88	166	0.90776
88	167	0.947252
88	169	0.909635
88	170	0.897293
88	171	0.83867
88	172	0.842224
88	173	0.882634
88	174	0.843222
88	175	0.880709
88	176	0.882527
88	178	0.899033
88	179	0.875929
89	6	0.84317
89	7	0.961488
89	30	0.833585
89	35	0.910418
89	43	0.786586
89	48	0.891054
89	62	0.876376
89	72	0.861697
89	73	0.852322
89	79	0.906079
89	103	0.866234
89	109	0.909797
89	122	0.920842
89	139	0.898529
89	145	0.873069
89	153	0.887132
89	166	1.66955
89	170	1.79678
89	180	2.83027
90	6	1.96046
90	9	1.25341
90	97	0.589495
90	122	0.966768
90	162	0.919354
90	164	0.894414
90	165	0.933507
90	167	0.947701
90	168	0.920674
90	170	0.897742
90	171	0.83912
90	172	0.842674
90	173	0.883083
90	174	0.843671
90	175	0.881159
90	176	0.882976
90	177	0.894388
90	178	0.899483
90	179	0.876378
91	10	0.812128
91	36	0.91096
91	82	0.873944
91	108	0.938801
91	116	0.894483
91	118	0.898792
91	121	0.876809
91	124	0.908769
91	132	0.855635
91	140	1.38048
91	141	0.887589
91	143	1.19392
91	145	0.872427
91	147	0.888933
91	148	0.887332
91	150	0.895682
91	151	0.89125
91	162	2.29334
91	175	2.6751
92	11	0.942065
92	18	0.847683
92	20	0.923796
92	22	0.922897
92	32	0.894031
92	39	0.901847
92	41	0.900186
92	53	0.885488
92	57	1.0446
92	63	0.941919
92	111	0.852026
92	113	0.864342
92	119	0.843446
92	122	0.909857
92	153	1.68272
92	156	0.863577
92	160	1.98229
92	178	2.36804
92	180	0.807898
93	108	0.361243
93	116	1.2076
93	129	0.725836
93	162	0.919121
93	163	1.45326
93	164	0.894181
93	166	0.907976
93	167	0.947468
93	168	0.920441
93	169	0.909852
93	170	0.897509
93	171	0.838887
93	172	0.842441
93	173	0.88285
93	174	0.843438
93	175	0.880926
93	177	0.894155
93	178	0.89925
93	179	0.876145
94	101	1.06573
94	123	2.00501
94	155	1.29593
94	162	0.864255
94	164	0.839315
94	166	0.85311
94	167	0.892601
94	168	0.865575
94	169	0.854985
94	170	0.842643
94	171	0.78402
94	172	0.787574
94	173	0.827984
94	174	0.788572
94	175	0.826059
94	176	0.827877
94	177	0.839288
94	178	0.844383
94	179	0.821279
95	15	0.860715
95	52	0.888602
95	85	1.11885
95	96	0.8586
95	123	0.874293
95	126	0.880246
95	129	0.910062
95	134	0.891555
95	137	0.888729
95	138	0.911459
95	142	0.882238
95	144	0.895373
95	153	1.66708
95	155	0.889702
95	159	0.898793
95	161	0.893062
95	163	0.877652
95	166	2.06644
95	170	2.19366
96	4	0.819827
96	15	0.815437
96	78	0.805494
96	86	0.817133
96	95	0.8586
96	98	0.843824
96	104	0.839433
96	123	0.829015
96	137	0.843451
96	138	0.866181
96	142	0.836959
96	155	0.844423
96	156	0.828124
96	161	0.847783
96	163	0.832373
96	173	2.41225
96	175	2.37986
96	179	2.32272
96	180	0.772445
97	4	0.855668
97	67	2.5101
97	75	0.855555
97	78	0.841335
97	86	0.852975
97	90	0.589495
97	101	0.886637
97	102	0.868367
97	105	0.871545
97	106	1.7247
97	125	0.905942
97	126	0.870809
97	127	0.861471
97	129	0.900624
97	138	0.902022
97	142	0.8728
97	144	0.885936
97	155	0.880264
97	159	0.889355
97	176	2.10598
98	19	0.961179
98	31	0.893352
98	52	0.873825
98	58	0.858607
98	96	0.843824
98	125	0.900602
98	126	0.86547
98	127	0.856131
98	129	0.895285
98	142	0.867461
98	144	0.880596
98	149	1.11321
98	155	0.874925
98	159	0.884016
98	161	0.878285
98	163	0.862875
98	171	3.31715
98	176	1.8934
98	177	1.56184
98	180	0.802947
99	36	0.8877
99	37	0.884747
99	42	0.86845
99	46	0.857525
99	71	0.913094
99	107	0.860639
99	108	0.915541
99	118	0.875532
99	121	0.853549
99	122	0.89694
99	141	0.864329
99	145	0.849167
99	148	0.864072
99	150	0.872422
99	151	0.86799
99	153	0.86323
99	156	1.01098
99	169	1.27055
99	172	3.44193
99	180	2.22131
100	46	1.19956
100	77	1.94485
100	87	0.857407
100	162	0.852866
100	163	2.40205
100	164	0.827926
100	165	0.867019
100	166	0.841721
100	167	0.881213
100	168	0.854186
100	170	0.831254
100	171	0.772632
100	172	0.776186
100	173	0.816595
100	174	0.777183
100	175	0.814671
100	176	0.816489
100	177	0.8279
100	178	0.832995
100	179	0.80989
101	4	0.857301
101	51	0.888322
101	58	0.86558
101	59	0.866883
101	94	1.06573
101	97	0.886637
101	120	0.87123
101	123	0.866489
101	125	0.907575
101	134	0.883751
101	137	0.880925
101	144	0.887569
101	155	0.881897
101	159	0.890988
101	161	0.885257
101	163	0.869848
101	164	2.05926
101	173	2.1577
101	175	2.12531
101	180	0.809919
102	31	0.882054
102	45	0.870963
102	50	0.865709
102	51	0.870052
102	61	0.73606
102	75	0.838919
102	77	0.895446
102	97	0.868367
102	104	0.858638
102	120	0.85296
102	126	0.854172
102	127	0.844834
102	137	0.862655
102	138	0.885385
102	144	0.869299
102	155	0.863628
102	161	0.866988
102	163	0.851578
102	167	1.77307
102	173	2.64056
102	179	2.55103
103	7	0.921525
103	9	0.919457
103	19	0.937152
103	24	0.903145
103	30	0.793622
103	35	0.870455
103	48	0.851091
103	55	1.74232
103	62	0.836413
103	72	0.821734
103	73	0.812359
103	79	0.866116
103	89	0.866234
103	109	0.869834
103	122	0.880879
103	139	0.858566
103	145	0.833106
103	153	0.847169
103	165	1.97269
103	167	1.59041
103	175	2.42551
104	25	0.909575
104	33	0.898552
104	38	0.896954
104	40	0.892407
104	69	0.824698
104	86	0.843245
104	96	0.839433
104	102	0.858638
104	110	0.852806
104	123	0.855126
104	128	1.49384
104	130	0.777345
104	134	0.872388
104	137	0.869562
104	142	0.863071
104	155	0.870535
104	159	0.879626
104	161	0.873895
104	169	2.00714
104	171	3.8833
104	180	0.798557
105	2	1.29237
105	15	0.837819
105	33	0.894823
105	38	0.893224
105	52	0.865706
105	75	0.842096
105	77	0.898624
105	78	0.827875
105	97	0.871545
105	125	0.892483
105	129	0.887165
105	137	0.865833
105	144	0.872476
105	156	0.850506
105	159	0.875896
105	161	0.870165
105	163	0.854755
105	167	1.74918
105	177	2.36047
105	178	2.31562
105	180	0.794827
106	63	1.97427
106	97	1.7247
106	150	1.84564
106	158	0.85017
106	160	0.869865
106	162	0.8484
106	165	0.862554
106	166	0.837256
106	167	0.876747
106	168	0.849721
106	169	0.839131
106	170	0.826789
106	171	0.768166
106	172	0.77172
106	173	0.81213
106	174	0.772717
106	175	0.810205
106	177	0.823434
106	178	0.828529
106	179	0.805425
107	3	1.3915
107	42	0.870695
107	46	0.85977
107	71	0.915339
107	82	0.852929
107	83	0.829504
107	99	0.860639
107	116	0.873468
107	118	0.877777
107	121	0.855794
107	131	1.63467
107	132	0.83462
107	141	0.866574
107	145	0.851412
107	146	1.81389
107	147	0.867918
107	148	0.866317
107	150	0.874667
107	151	0.870235
107	153	0.865475
107	176	2.84777
108	13	0.875757
108	34	0.939851
108	46	0.914672
108	60	0.908825
108	83	0.884406
108	91	0.938801
108	93	0.361243
108	99	0.915541
108	116	0.92837
108	121	0.910696
108	122	0.954088
108	124	0.942656
108	132	0.889522
108	141	0.921476
108	147	0.92282
108	148	0.921219
108	150	0.929569
108	170	1.17081
108	171	3.1297
108	178	1.32954
108	180	2.20429
109	7	0.965088
109	9	0.96302
109	19	0.980714
109	24	0.946707
109	30	0.837185
109	35	0.914018
109	43	0.434794
109	48	0.894653
109	56	0.848966
109	62	0.879976
109	72	0.865297
109	73	0.855922
109	79	0.909679
109	89	0.909797
109	103	0.869834
109	122	0.924442
109	139	0.902129
109	145	0.876668
109	153	0.890731
109	160	1.21798
109	172	3.69909
109	179	1.81524
110	8	0.917974
110	53	0.863409
110	63	0.91984
110	64	4.30447
110	67	1.31759
110	104	0.852806
110	111	0.829946
110	113	0.842263
110	119	0.821366
110	121	0.844386
110	141	0.855166
110	144	0.863468
110	147	0.85651
110	150	0.863259
110	151	0.858827
110	155	0.857796
110	159	0.866887
110	161	0.861156
110	163	0.845746
110	167	0.67657
110	178	1.24301
110	180	0.785818
111	11	0.909864
111	18	0.815482
111	20	0.891595
111	22	0.890695
111	29	0.841269
111	32	0.86183
111	39	0.869646
111	41	0.867985
111	53	0.853287
111	61	0.87843
111	63	0.909718
111	80	0.934714
111	92	0.852026
111	110	0.829946
111	113	0.832141
111	115	2.32583
111	119	0.811245
111	122	0.877656
111	153	2.0723
111	156	0.831376
111	170	2.59888
111	180	0.775697
112	55	0.878781
112	138	1.32882
112	142	1.6939
112	160	0.862789
112	161	1.88939
112	162	0.841324
112	164	0.816385
112	165	0.855478
112	166	0.83018
112	167	0.869671
112	168	0.842645
112	170	0.819713
112	171	0.76109
112	172	0.764644
112	173	0.805054
112	174	0.765641
112	175	0.803129
112	176	0.804947
112	177	0.816358
112	178	0.821453
112	179	0.798349
113	10	0.7819
113	11	0.92218
113	18	0.827798
113	22	0.903012
113	32	0.874146
113	39	0.881962
113	41	0.880302
113	44	0.764742
113	53	0.865603
113	61	0.890746
113	63	0.922034
113	69	2.08895
113	88	0.846023
113	92	0.864342
113	110	0.842263
113	111	0.832141
113	119	0.823561
113	122	0.889972
113	156	0.843692
113	167	0.981676
113	172	3.64349
113	180	0.788013
114	5	1.23509
114	68	1.43143
114	155	0.752737
114	158	0.923413
114	159	1.07995
114	160	0.943108
114	163	1.08744
114	164	0.896703
114	165	0.935796
114	166	0.910498
114	167	0.94999
114	168	0.922963
114	169	0.912374
114	170	0.900031
114	171	0.841409
114	172	0.844963
114	173	0.885372
114	174	0.84596
114	175	0.883448
114	176	0.885265
114	177	0.896677
114	178	0.901772
114	179	0.878667
115	33	2.14601
115	111	2.32583
115	122	1.67506
115	158	0.838117
115	160	0.857813
115	162	0.836348
115	164	0.811408
115	165	0.850501
115	166	0.825203
115	167	0.864695
115	168	0.837668
115	169	0.827078
115	170	0.814736
115	171	0.756113
115	172	0.759667
115	173	0.800077
115	174	0.760665
115	175	0.798152
115	176	0.79997
115	177	0.811381
115	178	0.816476
115	179	0.793372
116	14	0.847938
116	21	0.923846
116	26	0.917049
116	29	1.1047
116	37	0.897576
116	60	0.864507
116	71	0.925923
116	83	0.840088
116	91	0.894483
116	93	1.2076
116	107	0.873468
116	108	0.92837
116	118	0.888361
116	121	0.866378
116	132	0.845204
116	139	0.887457
116	141	0.877158
116	147	0.878502
116	148	0.876901
116	149	1.77211
116	150	0.885251
116	151	0.880819
116	169	2.0999
116	175	2.44455
117	5	1.34692
117	59	1.77104
117	120	0.872259
117	142	0.676374
117	158	0.911802
117	159	1.19178
117	160	0.931497
117	162	0.910032
117	164	0.885092
117	165	0.924185
117	166	0.898887
117	167	0.938379
117	168	0.911352
117	169	0.900762
117	170	0.88842
117	171	0.829798
117	172	0.833352
117	173	0.873761
117	174	0.834349
117	175	0.871837
117	176	0.873654
117	177	0.885066
117	178	0.89016
117	179	0.867056
118	8	0.944276
118	13	0.835748
118	21	0.928155
118	34	0.899842
118	37	0.901885
118	44	0.788848
118	60	0.868816
118	70	1.85533
118	71	0.930232
118	91	0.898792
118	99	0.875532
118	107	0.877777
118	116	0.888361
118	132	0.849513
118	136	1.14651
118	139	0.891766
118	141	0.881467
118	147	0.882811
118	148	0.88121
118	150	0.88956
118	151	0.885128
118	165	2.16396
118	166	2.06216
118	168	1.78619
119	2	0.870266
119	10	0.761004
119	11	0.901284
119	18	0.806902
119	20	0.883015
119	22	0.882116
119	32	0.85325
119	39	0.861066
119	41	0.859405
119	44	0.743845
119	53	0.844707
119	61	0.86985
119	63	0.901138
119	92	0.843446
119	110	0.821366
119	111	0.811245
119	113	0.823561
119	122	0.869076
119	145	2.03373
119	156	0.822796
119	166	2.30084
119	168	2.02486
119	177	2.63164
119	180	0.767117
120	1	0.839007
120	2	1.0713
120	15	0.835871
120	25	0.903897
120	33	0.892875
120	38	0.891276
120	51	0.871282
120	52	0.863757
120	59	0.849842
120	74	0.787085
120	77	0.896676
120	101	0.87123
120	102	0.85296
120	117	0.872259
120	125	0.890535
120	134	0.86671
120	137	0.863885
120	138	0.886615
120	144	0.870528
120	155	0.864857
120	159	0.873948
120	161	0.868217
120	163	0.852807
120	170	1.93581
120	174	4.07096
120	180	0.792879
121	2	0.893286
121	21	0.906172
121	26	0.899375
121	34	0.877858
121	37	0.879902
121	42	0.863605
121	46	0.85268
121	57	0.994441
121	83	0.822414
121	91	0.876809
121	99	0.853549
121	107	0.855794
121	108	0.910696
121	110	0.844386
121	116	0.866378
121	132	0.82753
121	141	0.859484
121	147	0.860828
121	148	0.859227
121	150	0.867577
121	151	0.863145
121	153	0.858385
121	156	1.98231
121	158	1.82919
121	178	2.31788
121	179	2.5294
122	32	0.919661
122	46	0.896071
122	48	0.905699
122	56	1.35209
122	60	0.890224
122	62	0.891021
122	79	0.920724
122	89	0.920842
122	90	0.966768
122	92	0.909857
122	99	0.89694
122	103	0.880879
122	108	0.954088
122	109	0.924442
122	111	0.877656
122	113	0.889972
122	115	1.67506
122	119	0.869076
122	139	0.913174
122	141	0.902875
122	143	0.894325
122	147	0.904219
122	148	0.902618
122	156	0.889207
122	176	2.48325
122	178	2.10684
122	180	0.833528
123	33	0.888134
123	45	0.867451
123	50	0.862198
123	52	0.859017
123	74	1.48847
123	76	0.830192
123	77	0.891935
123	78	0.821186
123	82	0.843841
123	94	2.00501
123	95	0.874293
123	96	0.829015
123	101	0.866489
123	104	0.855126
123	126	0.850661
123	127	0.841323
123	129	0.880476
123	133	1.95994
123	134	0.861969
123	138	0.881874
123	140	1.76997
123	144	0.865787
123	156	0.843817
123	159	0.869207
123	161	0.863476
123	163	0.848066
123	168	2.234
124	9	1.72705
124	11	0.784027
124	18	2.19651
124	22	1.24419
124	32	1.84822
124	59	0.879059
124	91	0.908769
124	108	0.942656
124	127	0.87528
124	132	0.85949
124	137	0.893102
124	138	0.915832
124	141	0.891444
124	148	0.891187
124	150	0.899537
124	151	0.895105
124	155	0.894074
124	159	0.903165
124	161	0.897434
124	166	0.845394
124	171	0.776305
124	173	0.820268
124	174	0.780856
124	176	0.820162
124	177	0.831573
124	179	0.813563
125	17	0.962097
125	33	0.92922
125	49	0.875505
125	50	0.903283
125	55	1.80451
125	59	0.886187
125	68	0.884104
125	75	0.876493
125	78	0.862272
125	97	0.905942
125	98	0.900602
125	101	0.907575
125	105	0.892483
125	120	0.890535
125	127	0.882408
125	138	0.92296
125	142	0.893738
125	144	0.906873
125	146	1.56157
125	153	1.53373
125	155	0.901202
125	156	0.884903
125	159	0.910293
125	161	0.904562
125	163	0.889152
125	167	1.6526
125	173	2.52009
126	1	0.840219
126	5	0.924841
126	25	0.905109
126	31	0.884496
126	51	0.872494
126	58	0.849752
126	59	0.851054
126	69	0.820233
126	78	0.82714
126	86	0.838779
126	87	2.20427
126	95	0.880246
126	97	0.870809
126	98	0.86547
126	102	0.854172
126	123	0.850661
126	127	0.847276
126	139	0.766488
126	142	0.858605
126	155	0.866069
126	159	0.87516
126	161	0.869429
126	163	0.854019
126	165	1.47867
126	174	3.63924
126	179	1.87435
126	180	0.794091
127	33	0.884749
127	43	0.883385
127	50	0.858812
127	51	0.863156
127	68	0.839633
127	80	0.471174
127	86	0.829441
127	97	0.861471
127	98	0.856131
127	102	0.844834
127	123	0.841323
127	124	0.87528
127	125	0.882408
127	126	0.847276
127	134	0.858584
127	137	0.855759
127	138	0.878489
127	142	0.849267
127	144	0.862402
127	152	1.58363
127	153	1.60876
127	155	0.856731
127	159	0.865822
127	161	0.860091
127	163	0.844681
127	169	2.21807
127	171	4.09423
128	21	1.0929
128	51	1.86294
128	104	1.49384
128	150	1.2612
128	152	0.921542
128	154	0.84819
128	155	1.49755
128	157	0.966927
128	158	0.877745
128	160	0.89744
128	162	0.875975
128	164	0.851035
128	165	0.890129
128	166	0.864831
128	167	0.904322
128	168	0.877296
128	169	0.866706
128	170	0.854364
128	171	0.795741
128	172	0.799295
128	173	0.839705
128	174	0.800292
128	175	0.83778
128	176	0.839598
128	177	0.851009
128	178	0.856104
128	179	0.833
129	15	0.866898
129	40	0.917757
129	50	0.897966
129	52	0.894785
129	58	0.879567
129	75	0.871176
129	77	0.927703
129	78	0.856955
129	88	0.99204
129	93	0.725836
129	95	0.910062
129	97	0.900624
129	98	0.895285
129	105	0.887165
129	123	0.880476
129	134	0.897738
129	138	0.917642
129	142	0.88842
129	144	0.901556
129	155	0.895885
129	159	0.904975
129	161	0.899245
129	162	1.58104
129	163	0.883835
129	165	1.50998
129	172	3.78951
129	177	1.73898
129	180	0.823907
130	7	0.860828
130	30	2.32296
130	48	1.47824
130	104	0.777345
130	147	0.974763
130	152	0.95336
130	154	0.880008
130	157	0.998745
130	158	0.909563
130	159	1.10828
130	160	0.929258
130	162	0.907794
130	164	0.882854
130	165	0.921947
130	166	0.896649
130	167	0.93614
130	168	0.909114
130	169	0.898524
130	170	0.886182
130	171	0.827559
130	172	0.831113
130	173	0.871523
130	174	0.83211
130	175	0.869598
130	176	0.871416
130	177	0.882827
130	178	0.887922
130	179	0.864818
131	1	1.73541
131	86	1.38549
131	107	1.63467
131	137	1.48636
131	149	0.900633
131	152	0.912263
131	154	0.838912
131	157	0.957648
131	158	0.868467
131	160	0.888162
131	161	1.25746
131	162	0.866697
131	164	0.841757
131	165	0.88085
131	166	0.855552
131	167	0.895044
131	168	0.868017
131	169	0.857427
131	170	0.845085
131	171	0.786463
131	172	0.790017
131	173	0.830426
131	174	0.791014
131	175	0.828502
131	176	0.830319
131	177	0.841731
131	178	0.846826
131	179	0.823721
132	14	0.80909
132	21	0.884998
132	26	0.878201
132	34	0.856685
132	36	0.861681
132	37	0.858728
132	42	0.842432
132	60	0.825659
132	69	0.795104
132	71	0.887075
132	80	1.2699
132	83	0.80124
132	91	0.855635
132	107	0.83462
132	108	0.889522
132	116	0.845204
132	118	0.849513
132	121	0.82753
132	124	0.85949
132	136	1.89119
132	139	0.848609
132	141	0.83831
132	143	1.88028
132	145	0.823148
132	147	0.839654
132	148	0.838053
132	151	0.841971
132	158	2.60411
132	166	2.80684
133	10	0.811495
133	30	2.79276
133	39	1.68422
133	123	1.95994
133	138	0.69759
133	143	0.921727
133	148	0.893221
133	149	0.885987
133	152	0.897617
133	154	0.824266
133	157	0.943002
133	158	0.853821
133	160	0.873516
133	162	0.852051
133	164	0.827111
133	165	0.866204
133	166	0.840906
133	167	0.880398
133	168	0.853371
133	169	0.842781
133	170	0.830439
133	171	0.771817
133	172	0.775371
133	173	0.81578
133	174	0.776368
133	175	0.813856
133	176	0.815673
133	177	0.827085
133	178	0.83218
133	179	0.809075
134	1	0.851527
134	5	0.93615
134	40	0.89925
134	45	0.884713
134	51	0.883802
134	52	0.876278
134	58	0.86106
134	59	0.862363
134	78	0.838448
134	85	0.912548
134	95	0.891555
134	101	0.883751
134	104	0.872388
134	120	0.86671
134	123	0.861969
134	127	0.858584
134	129	0.897738
134	137	0.876405
134	138	0.899135
134	144	0.883049
134	146	1.48861
134	155	0.877378
134	157	1.0314
134	159	0.886469
134	160	1.76035
134	161	0.880738
134	163	0.865328
134	171	3.94625
134	177	2.19094
134	180	0.8054
135	37	2.07043
135	45	2.50574
135	58	1.40034
135	143	0.897205
135	149	0.861466
135	150	1.9681
135	152	0.873096
135	154	0.799745
135	157	0.918481
135	158	0.8293
135	160	0.848995
135	162	0.82753
135	164	0.80259
135	165	0.841683
135	166	0.816385
135	167	0.855877
135	168	0.82885
135	169	0.81826
135	170	0.805918
135	171	0.747296
135	172	0.75085
135	173	0.791259
135	174	0.751847
135	175	0.789335
135	176	0.791152
135	177	0.802564
135	178	0.807658
135	179	0.784554
136	59	1.79172
136	73	1.10469
136	118	1.14651
136	132	1.89119
136	137	1.12144
136	141	1.01694
136	143	0.955539
136	149	0.9198
136	152	0.93143
136	154	0.858078
136	157	0.976815
136	158	0.887633
136	160	0.907328
136	162	0.885863
136	164	0.860923
136	165	0.900016
136	166	0.874718
136	167	0.91421
136	168	0.887183
136	169	0.876594
136	170	0.864251
136	171	0.805629
136	172	0.809183
136	173	0.849592
136	174	0.81018
136	175	0.847668
136	176	0.849486
136	177	0.860897
136	178	0.865992
136	179	0.842887
137	1	0.848702
137	5	0.933324
137	16	0.79843
137	38	0.900971
137	45	0.881887
137	76	0.844628
137	86	0.847262
137	95	0.888729
137	96	0.843451
137	101	0.880925
137	102	0.862655
137	104	0.869562
137	105	0.865833
137	120	0.863885
137	124	0.893102
137	127	0.855759
137	131	1.48636
137	134	0.876405
137	136	1.12144
137	138	0.89631
137	142	0.867088
137	144	0.880223
137	152	1.6126
137	154	2.93002
137	155	0.874552
137	159	0.883643
137	161	0.877912
137	163	0.862502
137	167	1.75661
137	169	2.24705
137	180	0.802574
138	17	0.958177
138	25	0.936322
138	29	0.890876
138	31	0.915709
138	44	4.0195
138	75	0.872573
138	76	0.867358
138	95	0.911459
138	96	0.866181
138	97	0.902022
138	102	0.885385
138	112	1.32882
138	120	0.886615
138	123	0.881874
138	124	0.915832
138	125	0.92296
138	127	0.878489
138	129	0.917642
138	133	0.69759
138	134	0.899135
138	137	0.89631
138	142	0.889818
138	144	0.902953
138	156	0.880983
138	159	0.906373
138	160	1.14784
138	161	0.900642
138	162	1.42048
138	163	0.885232
138	165	1.34943
138	178	1.53358
138	180	0.825304
139	4	1.86383
139	24	0.935439
139	30	0.825917
139	35	0.90275
139	50	2.35442
139	52	1.3166
139	60	0.867912
139	72	0.854029
139	73	0.844654
139	76	1.97198
139	89	0.898529
139	103	0.858566
139	109	0.902129
139	116	0.887457
139	118	0.891766
139	122	0.913174
139	126	0.766488
139	132	0.848609
139	145	0.865401
139	147	0.881906
139	148	0.880306
139	150	0.888656
139	151	0.884223
139	155	1.19052
139	158	0.847428
139	167	0.874005
139	169	0.836389
139	171	0.765424
139	172	0.768978
139	174	0.769975
139	175	0.807463
139	178	0.825787
139	179	0.802682
140	17	0.971201
140	34	1.3765
140	86	1.19622
140	91	1.38048
140	123	1.76997
140	143	0.966639
140	146	0.965824
140	147	1.2546
140	149	0.9309
140	152	0.94253
140	154	0.869179
140	155	1.06089
140	157	0.987915
140	158	0.898734
140	160	0.918429
140	162	0.896964
140	164	0.872024
140	165	0.911117
140	166	0.885819
140	167	0.925311
140	168	0.898284
140	169	0.887694
140	170	0.875352
140	171	0.81673
