1	45	1.41281
1	118	1.1793
1	133	1.04227
1	158	0.897763
1	160	0.906902
1	168	0.88765
1	170	0.894623
1	172	0.889426
1	173	0.913399
1	175	1.17154
1	176	0.897365
1	179	0.912874
2	36	0.885987
2	54	0.920678
2	91	1.35531
2	93	0.914572
2	119	0.887253
2	123	0.933712
2	130	0.848413
2	138	0.920413
2	144	1.18067
2	148	0.888972
2	157	1.19809
2	178	1.07606
3	8	1.41354
3	10	1.74035
3	36	1.63673
3	91	0.770658
3	128	0.791256
3	147	0.829972
3	152	0.810722
3	157	0.786093
3	169	0.803212
3	171	0.799094
3	175	0.797593
3	178	0.811398
4	12	0.760023
4	29	0.816782
4	80	0.832468
4	124	0.778974
4	126	0.806521
4	134	1.62839
4	139	0.783465
4	140	0.804363
4	142	0.806903
4	150	1.58126
4	163	1.59287
4	166	0.810497
5	22	1.59346
5	84	0.916896
5	92	0.911044
5	115	0.873473
5	129	0.901843
5	130	0.855867
5	138	0.927867
5	148	0.896426
5	156	0.916579
5	163	1.05496
5	176	1.10283
5	179	1.04653
6	109	1.63213
6	137	0.795354
6	141	1.60855
6	146	0.804668
6	153	1.56652
6	160	0.804236
6	165	0.803163
6	168	0.784984
6	170	0.791956
6	173	0.810733
6	176	0.794699
6	179	0.810208
7	98	1.60556
7	116	1.62541
7	127	0.80368
7	133	1.56422
7	153	0.803177
7	159	0.801295
7	162	0.814931
7	167	0.784853
7	175	0.795227
7	177	0.794839
7	178	0.809033
7	180	0.792964
8	3	1.41354
8	18	1.03314
8	27	0.921429
8	47	0.877687
8	79	1.16128
8	97	1.19923
8	112	0.895321
8	117	0.918197
8	119	0.896478
8	129	0.903613
8	130	0.857637
8	138	0.929637
9	97	0.800283
9	113	0.816035
9	149	0.783896
9	153	0.805395
9	157	0.785945
9	160	1.54514
9	168	1.66003
9	169	0.803065
9	171	0.798947
9	172	1.59053
9	178	0.811251
9	180	0.795182
10	3	1.74035
10	101	0.810343
10	109	1.5401
10	116	0.784947
10	118	1.5246
10	151	0.80357
10	160	0.79856
10	161	0.81442
10	165	0.797488
10	172	0.781084
10	173	0.805057
10	179	0.804533
11	36	1.27028
11	107	1.08298
11	131	0.886122
11	135	0.885112
11	150	0.896948
11	156	1.17843
11	162	0.920768
11	167	0.890691
11	169	0.906685
11	176	1.26047
11	178	0.914871
11	180	0.898802
12	4	0.760023
12	96	0.801264
12	124	0.77994
12	126	0.807487
12	132	0.826037
12	133	0.827619
12	139	0.784431
12	140	0.805329
12	142	0.807869
12	152	1.61657
12	156	1.60789
12	158	1.57378
13	71	1.29143
13	88	0.887798
13	98	0.88837
13	101	1.13518
13	124	0.878771
13	126	0.906318
13	127	1.19739
13	132	0.924868
13	133	0.92645
13	139	0.883262
13	140	0.90416
13	159	1.18054
14	76	1.6608
14	97	0.796841
14	100	1.6322
14	153	0.801953
14	154	0.793243
14	162	0.813706
14	163	0.8052
14	171	0.795504
14	173	1.50499
14	175	0.794003
14	178	0.807809
14	180	0.79174
15	39	0.88674
15	43	0.989685
15	56	0.923752
15	85	0.888279
15	89	1.32847
15	102	0.858295
15	106	1.15963
15	115	0.861735
15	143	0.886674
15	144	1.19632
15	156	0.904841
15	177	1.12456
16	34	1.257
16	46	0.962509
16	72	0.885726
16	84	0.908029
16	85	0.891149
16	92	0.902176
16	100	0.878093
16	115	0.864605
16	147	1.1441
16	156	0.907711
16	176	1.22598
16	179	1.16968
17	51	1.53237
17	54	1.55865
17	104	0.794936
17	122	0.787229
17	139	1.69999
17	141	0.798862
17	171	0.799076
17	172	0.79394
17	176	0.801879
17	178	0.81138
17	179	0.817389
17	180	0.795311
18	8	1.03314
18	87	1.29589
18	128	0.891445
18	139	1.262
18	140	1.20372
18	146	0.912055
18	149	0.884232
18	169	0.903401
18	170	0.899343
18	172	0.894146
18	175	0.897781
18	179	0.917595
19	46	0.862016
19	78	0.830248
19	83	0.801545
19	84	0.807536
19	100	0.7776
19	102	0.760672
19	111	1.53242
19	115	0.764112
19	122	1.67956
19	143	0.789051
19	156	0.807218
19	161	1.58158
20	31	1.17786
20	55	1.10211
20	121	0.890219
20	130	1.43471
20	132	1.07718
20	157	0.891459
20	159	0.909028
20	168	0.897549
20	171	0.904461
20	172	0.899324
20	176	0.907264
20	180	0.900696
21	79	1.1668
21	101	0.917904
21	128	1.22086
21	146	0.906553
21	158	0.896983
21	167	1.19753
21	168	0.88687
21	170	0.893842
21	172	0.888645
21	173	0.912619
21	176	0.896585
21	180	1.22234
22	5	1.59346
22	134	0.756647
22	145	1.71423
22	151	0.789258
22	160	0.784248
22	161	0.800108
22	167	1.89602
22	168	0.764997
22	170	0.771969
22	173	0.790746
22	174	0.777094
22	176	0.774712
22	179	0.790221
23	82	1.29613
23	131	0.85066
23	136	1.3109
23	146	1.27661
23	154	0.864842
23	157	0.854102
23	162	0.885306
23	164	0.877749
23	165	1.31144
23	167	0.855228
23	171	0.867103
23	175	0.865602
23	178	0.879408
24	62	0.938327
24	63	0.858035
24	93	0.87113
24	117	0.865532
24	119	0.843812
24	123	0.890271
24	129	0.850948
24	130	0.804972
24	131	1.37952
24	138	0.876972
24	171	1.29089
24	174	1.27451
24	177	1.26295
25	62	0.940434
25	109	1.35349
25	112	0.844762
25	117	0.867638
25	119	0.845919
25	123	0.892378
25	125	1.21067
25	129	0.853054
25	130	0.807078
25	135	1.38842
25	136	0.869655
25	138	0.879078
25	156	1.25234
26	86	1.654
26	125	1.75033
26	146	0.784627
26	155	0.767977
26	161	0.800055
26	165	0.783122
26	168	0.764943
26	172	0.766719
26	173	0.790692
26	174	0.777041
26	176	0.774658
26	178	1.80275
26	179	0.790167
27	8	0.921429
27	50	1.31339
27	54	0.882515
27	61	0.854754
27	95	1.17781
27	112	0.847934
27	119	0.849091
27	123	0.89555
27	129	0.856226
27	130	0.81025
27	138	0.88225
27	163	1.37091
27	178	1.34749
28	87	0.849211
28	88	0.853192
28	91	1.46089
28	107	0.901156
28	124	0.844164
28	126	0.871712
28	132	0.890261
28	139	0.848655
28	140	0.869554
28	142	0.872094
28	148	1.27447
28	159	1.23202
28	171	1.24242
29	4	0.816782
29	80	0.890194
29	97	1.33025
29	107	0.893692
29	126	0.864247
29	132	0.882796
29	133	0.884379
29	139	0.841191
29	140	0.862089
29	142	0.864629
29	162	1.22528
29	168	1.35094
29	174	1.29833
30	101	1.27628
30	119	0.8557
30	129	0.862835
30	130	0.816859
30	138	0.888859
30	141	0.871156
30	142	1.26807
30	153	0.877819
30	165	1.28163
30	168	1.36828
30	169	0.875489
30	178	0.883675
30	180	0.867606
31	20	1.17786
31	68	0.873374
31	78	0.90361
31	82	1.31646
31	84	0.880898
31	85	0.864018
31	92	0.875045
31	100	0.850963
31	102	0.834034
31	115	0.837474
31	156	0.880581
31	162	1.29274
31	180	1.41531
32	108	0.84375
32	135	1.35526
32	141	1.29676
32	149	1.30268
32	155	0.854661
32	160	0.870878
32	161	0.886738
32	163	1.25335
32	165	0.869806
32	170	0.858599
32	173	0.877375
32	176	0.861342
32	179	0.876851
33	41	1.31301
33	111	0.884715
33	122	0.848689
33	135	1.35967
33	147	1.22375
33	149	1.30709
33	158	0.863737
33	160	0.872875
33	165	0.871803
33	170	0.860596
33	172	0.855399
33	176	0.863339
33	179	0.878848
34	16	1.257
34	77	1.62566
34	108	0.816465
34	147	1.35672
34	151	0.848602
34	160	0.843593
34	161	0.859453
34	165	0.842521
34	168	0.824341
34	170	0.831314
34	173	0.85009
34	176	0.834056
34	178	1.3673
34	179	0.849566
35	37	1.47723
35	66	1.25112
35	78	0.880599
35	83	0.851896
35	100	0.827952
35	102	0.811023
35	115	0.814463
35	131	0.834925
35	135	0.833915
35	157	0.838368
35	166	1.4205
35	169	0.855488
35	171	0.851369
35	172	1.44536
36	2	0.885987
36	3	1.63673
36	11	1.27028
36	63	0.837095
36	112	0.821716
36	117	0.844592
36	123	0.869332
36	129	0.830008
36	130	0.784032
36	136	0.846609
36	138	0.856032
36	148	0.824592
36	152	1.34401
36	166	1.34874
37	35	1.47723
37	60	0.795243
37	62	0.918152
37	93	0.850955
37	112	0.82248
37	115	1.48551
37	117	0.845356
37	123	0.870095
37	129	0.830772
37	130	0.784796
37	138	0.856796
37	148	0.825355
37	161	1.2673
37	174	1.36877
38	47	1.50833
38	69	0.814138
38	82	1.32462
38	96	0.831516
38	101	1.33458
38	113	0.855575
38	132	0.856289
38	133	0.857871
38	139	0.814683
38	142	0.838121
38	145	0.85403
38	159	0.843054
38	168	1.42657
38	180	0.834722
39	15	0.88674
39	49	1.25928
39	56	0.868692
39	68	0.842574
39	72	0.827796
39	84	0.850099
39	92	0.844246
39	100	0.820163
39	102	0.803235
39	115	0.806675
39	156	0.849781
39	167	1.46791
39	170	1.44549
39	177	1.43164
40	80	1.33851
40	106	1.4294
40	117	1.40278
40	137	0.835096
40	158	0.834839
40	160	0.843977
40	161	0.859837
40	165	0.842905
40	167	1.4306
40	168	0.824725
40	170	0.831698
40	172	0.826501
40	173	0.850474
40	179	0.84995
41	33	1.31301
41	69	1.5479
41	87	0.811024
41	94	0.879732
41	96	0.827301
41	107	0.862969
41	132	0.852074
41	133	0.853657
41	139	0.810468
41	140	0.831367
41	142	0.833907
41	153	1.36845
41	166	0.837501
41	177	1.3765
42	80	0.86579
42	81	0.836796
42	87	0.817342
42	107	0.869287
42	124	0.812295
42	133	0.859975
42	136	1.36541
42	139	0.816786
42	140	0.837685
42	142	0.840225
42	166	0.843819
42	169	1.40146
42	177	1.38842
42	180	1.44949
43	15	0.989685
43	69	1.25799
43	74	0.906437
43	75	1.00602
43	83	0.947052
43	85	0.936163
43	92	0.947191
43	100	0.923108
43	102	0.90618
43	115	0.90962
43	137	1.0847
43	143	0.934558
43	168	1.15077
43	174	1.09815
44	59	1.4565
44	102	1.31761
44	104	1.13897
44	149	0.885447
44	150	0.894879
44	153	0.906946
44	157	0.887496
44	159	0.905064
44	164	0.911142
44	171	0.900497
44	173	1.01256
44	175	0.898996
44	178	0.912801
44	179	1.06373
44	180	0.896732
45	1	1.41281
45	91	0.793024
45	107	1.4672
45	109	0.808474
45	135	0.804006
45	150	0.815841
45	154	0.819198
45	162	0.839662
45	164	0.832105
45	166	1.57605
45	167	0.809584
45	173	1.53722
45	174	0.826646
45	178	0.833764
45	180	0.817695
46	16	0.962509
46	19	0.862016
46	74	0.87639
46	75	1.14544
46	83	0.917005
46	85	0.906117
46	100	0.893061
46	102	0.876133
46	115	0.879573
46	143	0.904512
46	156	0.922679
46	167	1.26228
46	173	1.15699
46	177	1.22601
46	179	1.20817
47	8	0.877687
47	38	1.50833
47	60	0.776955
47	93	0.832666
47	97	1.52009
47	112	0.804191
47	117	0.827068
47	119	0.805348
47	121	0.806778
47	122	1.48467
47	123	0.851807
47	129	0.812484
47	130	0.766508
47	138	0.838508
47	174	1.48817
48	57	1.44736
48	64	1.48061
48	108	0.7967
48	110	0.790819
48	111	0.835668
48	113	1.46884
48	148	1.61462
48	160	0.823828
48	161	0.839688
48	165	0.822756
48	168	0.804576
48	170	0.811549
48	173	0.830325
48	176	0.814291
48	179	0.829801
49	39	1.25928
49	79	1.16385
49	119	1.19142
49	125	0.90947
49	129	1.22776
49	140	1.15395
49	155	0.892021
49	160	0.908238
49	163	0.905593
49	167	0.884022
49	171	0.895898
49	172	0.890762
49	174	0.901084
49	176	0.898701
49	179	0.914211
50	27	1.31339
50	113	0.885828
50	134	1.28983
50	145	0.884284
50	150	0.863122
50	154	0.866479
50	157	0.855739
50	158	1.18602
50	159	0.873307
50	163	0.878436
50	168	1.3279
50	169	0.872859
50	170	1.27757
50	174	0.873926
50	178	0.881045
50	180	0.864976
51	17	1.53237
51	81	0.868975
51	88	0.853502
51	98	0.854074
51	107	0.901467
51	126	0.872022
51	132	0.890571
51	133	0.892154
51	139	0.848966
51	140	0.869864
51	142	0.872404
51	162	1.15548
51	166	0.875998
51	176	1.25542
51	178	1.18412
51	180	1.27804
52	92	1.30612
52	96	0.867256
52	104	1.34892
52	124	0.845932
52	140	0.871322
52	142	0.873862
52	156	1.24793
52	158	1.21382
52	159	0.878794
52	163	0.883923
52	166	0.877456
52	167	0.862351
52	169	0.878346
52	171	0.874227
52	178	0.886532
52	179	1.27368
53	67	1.23577
53	79	0.897679
53	87	0.853768
53	96	0.870046
53	98	0.858321
53	118	1.27767
53	124	0.848722
53	126	0.876269
53	131	1.35219
53	132	0.894818
53	133	0.896401
53	139	0.853213
53	140	0.874111
53	142	0.876651
53	169	1.24866
53	180	1.29669
54	2	0.920678
54	17	1.55865
54	27	0.882515
54	61	0.863226
54	93	0.884882
54	95	1.04072
54	112	0.856407
54	117	0.879283
54	119	0.857564
54	127	1.27764
54	129	0.864699
54	130	0.818723
54	136	0.8813
54	138	0.890723
54	174	1.25481
54	175	1.27756
55	20	1.10211
55	77	1.50399
55	79	0.892029
55	98	0.852671
55	107	0.900064
55	124	0.843072
55	126	0.87062
55	132	0.889169
55	133	0.890752
55	136	1.25547
55	139	0.847563
55	140	0.868462
55	142	0.871002
55	160	1.22775
55	166	0.874596
55	175	1.31278
56	15	0.923752
56	39	0.868692
56	67	1.31176
56	68	0.879586
56	74	0.840504
56	78	0.909822
56	83	0.881119
56	86	1.13001
56	100	0.857175
56	102	0.840246
56	115	0.843686
56	135	1.40409
56	143	0.868625
56	147	1.26817
56	156	0.886792
56	179	1.29376
57	48	1.44736
57	120	1.28326
57	121	1.25618
57	122	1.23147
57	127	0.8794
57	145	0.887992
57	149	0.857398
57	150	0.86683
57	159	0.877015
57	160	1.17268
57	163	0.882144
57	167	0.860573
57	169	0.876567
57	171	0.872448
57	175	0.870947
57	180	0.868684
58	119	1.62937
58	132	1.51914
58	139	1.65018
58	140	1.5919
58	145	0.806946
58	147	0.822281
58	152	0.803031
58	158	0.794604
58	170	0.791464
58	172	0.786267
58	173	0.81024
58	175	0.789901
58	176	0.794206
58	178	0.803707
58	179	0.809716
58	180	0.787638
59	44	1.4565
59	103	0.800403
59	137	0.795367
59	145	1.56008
59	149	1.74551
59	151	0.809258
59	155	0.788031
59	160	0.804248
59	161	0.820108
59	162	1.64411
59	166	0.795137
59	168	0.784997
59	172	0.786772
59	173	0.810746
59	176	0.794712
59	179	0.810221
60	37	0.795243
60	47	0.776955
60	67	1.55238
60	71	1.68066
60	93	0.823064
60	106	0.813604
60	112	0.794589
60	117	0.817465
60	119	0.795746
60	121	0.797175
60	129	0.802881
60	130	0.756905
60	138	0.828905
60	144	1.624
60	148	0.797464
60	177	1.55223
61	27	0.854754
61	54	0.863226
61	62	0.924317
61	73	1.26189
61	106	0.84766
61	112	0.828645
61	117	0.851521
61	121	0.831231
61	123	0.876261
61	129	0.836937
61	130	0.790961
61	138	0.862961
61	148	0.831521
61	150	1.38918
61	158	1.33249
61	163	1.40078
61	174	1.42176
62	24	0.938327
62	25	0.940434
62	37	0.918152
62	61	0.924317
62	66	0.947972
62	91	1.39395
62	112	0.917498
62	119	0.918654
62	121	0.920084
62	123	0.965113
62	125	1.06228
62	129	0.92579
62	130	0.879814
62	138	0.951814
62	146	1.09024
62	170	1.16139
62	177	1.14754
63	24	0.858035
63	36	0.837095
63	91	1.61594
63	93	0.86568
63	95	1.167
63	112	0.837205
63	117	0.860081
63	119	0.838362
63	123	0.884821
63	129	0.845497
63	130	0.799521
63	136	0.862098
63	138	0.871521
63	148	0.84008
63	154	1.36901
63	162	1.30804
63	164	1.35253
64	48	1.48061
64	77	0.80942
64	108	1.3336
64	125	0.86272
64	130	1.53706
64	147	0.880026
64	153	0.855597
64	154	0.846887
64	156	1.21306
64	163	0.858844
64	164	0.859794
64	166	1.22646
64	167	0.837273
64	171	0.849148
64	175	0.847647
64	177	0.847259
64	180	0.845384
65	66	1.19969
65	108	1.47621
65	125	0.862408
65	137	1.39737
65	141	0.848622
65	153	0.855285
65	154	0.846574
65	157	0.835835
65	158	1.32155
65	159	0.853403
65	163	0.858531
65	167	0.83696
65	171	0.848836
65	172	1.39394
65	175	0.847335
65	178	0.86114
65	180	0.845071
66	35	1.25112
66	62	0.947972
66	65	1.19969
66	118	1.17316
66	124	0.899848
66	126	0.927396
66	139	0.904339
66	140	0.925238
66	141	1.16509
66	142	0.927778
66	158	0.931345
66	162	1.06962
66	165	0.939411
66	170	0.928204
66	172	0.923007
66	173	0.94698
66	179	0.946456
67	53	1.23577
67	56	1.31176
67	60	1.55238
67	92	1.34541
67	126	1.35198
67	149	0.829726
67	154	0.842515
67	155	0.840899
67	161	0.872976
67	162	0.862978
67	163	0.854472
67	168	0.837865
67	173	0.863614
67	175	0.843275
67	176	0.84758
67	179	0.863089
67	180	0.841012
68	31	0.873374
68	39	0.842574
68	56	0.879586
68	72	0.83869
68	78	0.883704
68	84	0.860993
68	92	0.85514
68	100	0.831057
68	102	0.814129
68	115	0.817569
68	143	0.842507
68	148	1.40907
68	152	1.31416
68	156	0.860675
68	171	1.37702
68	174	1.36064
68	177	1.34908
69	38	0.814138
69	41	1.5479
69	43	1.25799
69	127	0.838084
69	135	0.813679
69	136	1.47907
69	138	1.41335
69	149	0.816082
69	162	0.849334
69	163	0.840828
69	164	0.841778
69	167	0.819257
69	169	0.835251
69	171	0.831132
69	172	1.49675
69	175	0.829631
69	178	0.843437
69	180	0.827368
70	100	1.51404
70	109	0.815555
70	114	1.39148
70	134	1.48195
70	135	0.811087
70	142	1.41982
70	145	0.844085
70	147	0.859419
70	148	0.814589
70	154	0.82628
70	162	0.846743
70	164	0.839186
70	167	0.816665
70	173	1.38683
70	174	0.833727
70	175	0.82704
70	178	0.840846
70	180	0.824777
71	13	1.29143
71	60	1.68066
71	145	0.840046
71	146	1.4018
71	147	0.855381
71	153	0.830952
71	154	0.822242
71	157	0.811502
71	158	1.38139
71	162	0.842705
71	163	0.834198
71	169	0.828622
71	171	0.824503
71	174	0.829689
71	177	0.822614
71	178	0.836808
71	179	1.44126
71	180	0.820738
72	16	0.885726
72	39	0.827796
72	68	0.83869
72	74	0.799607
72	83	0.840222
72	84	0.846214
72	85	0.829334
72	92	0.840361
72	95	1.2764
72	100	0.816278
72	102	0.79935
72	113	1.39314
72	115	0.80279
72	143	0.827729
72	156	0.845896
72	157	1.56811
72	165	1.45645
72	175	1.51323
73	61	1.26189
73	81	1.22521
73	89	0.867469
73	101	1.15454
73	135	0.885966
73	146	1.12506
73	154	0.901159
73	155	1.22929
73	157	0.890419
73	159	0.907987
73	162	0.921622
73	163	0.913115
73	167	0.891544
73	170	1.19621
73	171	0.90342
73	175	0.901919
73	178	0.915724
73	180	0.899655
74	43	0.906437
74	46	0.87639
74	56	0.840504
74	72	0.799607
74	84	0.821911
74	100	0.791975
74	142	1.44037
74	145	1.33087
74	150	1.45537
74	151	0.832742
74	154	1.47587
74	158	0.818594
74	170	0.815453
74	171	1.50434
74	172	0.810256
74	173	0.83423
74	176	0.818196
74	179	0.833705
75	43	1.00602
75	46	1.14544
75	99	0.884285
75	104	0.894495
75	106	1.28517
75	111	0.922814
75	116	0.897361
75	134	0.883373
75	147	1.20667
75	155	0.894757
75	158	0.901836
75	167	1.28637
75	168	0.891723
75	171	1.27804
75	172	0.893498
75	173	0.917472
75	176	0.901438
75	179	0.916947
76	14	1.6608
76	79	1.42301
76	83	1.4202
76	99	0.811138
76	123	1.26581
76	146	0.83826
76	151	0.842838
76	155	0.821611
76	160	0.837828
76	165	0.836756
76	168	0.818577
76	169	1.43051
76	170	0.825549
76	172	0.820352
76	173	0.844325
76	174	0.830674
76	176	0.828292
76	179	0.843801
77	34	1.62566
77	55	1.50399
77	64	0.80942
77	89	0.779801
77	123	1.40453
77	131	0.799308
77	137	1.5543
77	141	0.815538
77	153	0.822201
77	157	0.802751
77	159	0.820319
77	160	1.50547
77	162	0.833954
77	163	0.825448
77	164	0.826398
77	167	0.803877
77	174	0.820938
77	178	0.828057
77	180	0.811988
78	19	0.830248
78	31	0.90361
78	35	0.880599
78	56	0.909822
78	68	0.883704
78	83	0.885237
78	84	0.891229
78	85	0.874348
78	92	0.885376
78	102	0.844365
78	114	1.21592
78	115	0.847805
78	143	0.872743
78	152	1.24537
78	156	0.890911
78	159	1.29782
78	163	1.27087
78	164	1.26329
78	175	1.31459
79	8	1.16128
79	21	1.1668
79	49	1.16385
79	53	0.897679
79	55	0.892029
79	76	1.42301
79	80	0.901343
79	87	0.852895
79	88	0.856876
79	94	0.921603
79	98	0.857448
79	108	1.41316
79	124	0.847848
79	126	0.875396
79	133	0.895528
79	139	0.852339
79	140	0.873238
79	142	0.875778
79	173	1.26719
80	4	0.832468
80	29	0.890194
80	40	1.33851
80	42	0.86579
80	79	0.901343
80	81	0.876886
80	87	0.857432
80	94	0.926141
80	113	1.18906
80	124	0.852386
80	132	0.898482
80	139	0.856877
80	140	0.877775
80	142	0.880315
80	152	1.23993
80	155	1.32178
80	166	0.883909
80	177	1.27485
80	178	1.24201
81	42	0.836796
81	51	0.868975
81	73	1.22521
81	80	0.876886
81	88	0.832419
81	90	1.28407
81	94	0.897147
81	98	0.832991
81	107	0.880384
81	126	0.850939
81	132	0.869488
81	133	0.871071
81	139	0.827883
81	140	0.848781
81	142	0.851321
81	148	1.43351
81	154	1.373
81	165	1.35105
81	166	0.854915
81	178	1.34068
82	23	1.29613
82	31	1.31646
82	38	1.32462
82	121	0.837161
82	122	0.839557
82	131	1.40947
82	141	1.32688
82	144	0.84063
82	146	0.864175
82	149	1.33281
82	151	0.868752
82	156	0.857603
82	158	0.854604
82	161	0.879603
82	165	0.862671
82	168	0.844491
82	173	0.87024
82	174	0.856589
82	176	0.854206
82	179	0.869716
83	19	0.801545
83	35	0.851896
83	43	0.947052
83	46	0.917005
83	56	0.881119
83	72	0.840222
83	76	1.4202
83	78	0.885237
83	85	0.845645
83	92	0.856673
83	100	0.83259
83	102	0.815662
83	115	0.819102
83	128	1.39301
83	143	0.84404
83	154	1.33289
83	156	0.862208
83	161	1.24349
83	164	1.31641
83	178	1.30056
84	5	0.916896
84	16	0.908029
84	19	0.807536
84	31	0.880898
84	39	0.850099
84	68	0.860993
84	72	0.846214
84	74	0.821911
84	78	0.891229
84	92	0.862664
84	100	0.838582
84	102	0.821653
84	115	0.825093
84	152	1.29654
84	154	1.33093
84	156	0.868199
84	174	1.34302
84	177	1.33146
84	179	1.31361
84	180	1.39253
85	15	0.888279
85	16	0.891149
85	31	0.864018
85	43	0.936163
85	46	0.906117
85	72	0.829334
85	78	0.874348
85	83	0.845645
85	92	0.845784
85	100	0.821701
85	102	0.804773
85	115	0.808213
85	125	1.27351
85	141	1.39275
85	143	0.833152
85	151	1.32405
85	152	1.32385
85	153	1.35073
85	156	0.851319
85	179	1.34093
86	26	1.654
86	56	1.13001
86	90	0.916298
86	125	0.910665
86	138	1.06035
86	143	0.885126
86	147	0.927972
86	149	0.882044
86	150	0.891475
86	151	1.11435
86	157	0.884092
86	162	0.915296
86	165	1.1266
86	166	1.11889
86	167	0.885218
86	169	0.901212
86	174	0.90228
86	175	0.895592
86	176	1.18753
86	178	0.909398
86	180	0.893329
87	18	1.29589
87	28	0.849211
87	41	0.811024
87	42	0.817342
87	53	0.853768
87	79	0.852895
87	80	0.857432
87	88	0.812965
87	94	0.877693
87	107	0.86093
87	121	1.45127
87	132	0.850035
87	133	0.851618
87	139	0.808429
87	140	0.829327
87	142	0.831867
87	150	1.39746
87	151	1.38376
87	166	0.835462
87	167	1.45475
87	177	1.41849
88	13	0.887798
88	28	0.853192
88	51	0.853502
88	79	0.856876
88	81	0.832419
88	87	0.812965
88	90	1.29665
88	96	0.829243
88	120	1.44595
88	124	0.807918
88	126	0.835466
88	132	0.854015
88	133	0.855598
88	139	0.81241
88	140	0.833308
88	142	0.835848
88	144	1.45786
88	166	0.839442
88	167	1.42236
88	169	1.39913
88	177	1.38609
89	15	1.32847
89	73	0.867469
89	77	0.779801
89	93	1.50571
89	98	1.48095
89	125	0.833101
89	135	0.802076
89	145	0.835073
89	147	0.850408
89	150	0.813912
89	159	0.824097
89	161	1.44467
89	162	0.837732
89	163	0.829225
89	164	0.830175
89	166	1.50439
89	167	0.807654
89	169	0.823648
89	172	1.52926
89	175	0.818028
89	178	0.831834
89	180	0.815765
90	81	1.28407
90	86	0.916298
90	88	1.29665
90	94	1.10368
90	102	1.47726
90	118	0.874175
90	128	0.866848
90	141	0.874471
90	145	0.890229
90	147	0.905564
90	148	0.860733
90	150	0.869067
90	153	0.881134
90	155	1.28815
90	160	1.19051
90	161	1.15131
90	162	0.892888
90	167	0.86281
90	171	0.874685
90	175	0.873184
90	178	0.88699
90	180	0.870921
91	2	1.35531
91	3	0.770658
91	28	1.46089
91	45	0.793024
91	62	1.39395
91	63	1.61594
91	104	0.822906
91	133	1.48211
91	134	0.811784
91	137	0.830504
91	138	1.48835
91	147	0.857924
91	154	0.824784
91	155	0.823168
91	160	0.839386
91	164	0.837691
91	169	0.831164
91	170	0.827107
91	172	0.82191
91	178	0.83935
91	179	0.845358
91	180	0.823281
92	5	0.911044
92	16	0.902176
92	31	0.875045
92	39	0.844246
92	43	0.947191
92	52	1.30612
92	67	1.34541
92	68	0.85514
92	72	0.840361
92	78	0.885376
92	83	0.856673
92	84	0.862664
92	85	0.845784
92	100	0.832729
92	102	0.8158
92	115	0.819241
92	143	0.844179
92	146	1.28796
92	147	1.30183
92	152	1.31035
92	156	0.862347
92	160	1.29454
92	174	1.35682
93	2	0.914572
93	24	0.87113
93	37	0.850955
93	47	0.832666
93	54	0.884882
93	60	0.823064
93	63	0.86568
93	89	1.50571
93	110	1.37457
93	111	1.16272
93	112	0.850301
93	117	0.873177
93	119	0.851457
93	123	0.897916
93	128	1.3614
93	129	0.858593
93	130	0.812617
93	136	0.875194
93	138	0.884617
93	148	0.853176
93	151	1.26707
93	161	1.21188
93	174	1.31336
94	41	0.879732
94	79	0.921603
94	80	0.926141
94	81	0.897147
94	87	0.877693
94	90	1.10368
94	96	0.89397
94	98	0.882246
94	107	0.929638
94	110	1.2659
94	124	0.872646
94	126	0.900194
94	132	0.918743
94	133	0.920326
94	136	1.17012
94	139	0.877137
94	140	0.898036
94	142	0.900576
94	144	1.2649
94	159	1.21067
94	166	0.90417
94	174	1.20469
94	175	1.22743
94	178	1.16029
95	27	1.17781
95	54	1.04072
95	63	1.167
95	72	1.2764
95	99	0.881992
95	102	1.36418
95	103	0.904836
95	110	0.875674
95	115	1.25645
95	119	1.16125
95	126	1.1493
95	145	0.911886
95	149	0.881292
95	152	0.907971
95	161	0.924542
95	164	0.906988
95	165	0.90761
95	167	0.884467
95	171	0.896342
95	173	0.91518
95	175	0.894841
95	176	0.899146
95	179	0.914655
95	180	0.892578
96	12	0.801264
96	38	0.831516
96	41	0.827301
96	52	0.867256
96	53	0.870046
96	88	0.829243
96	94	0.89397
96	98	0.829815
96	99	1.43087
96	107	0.877207
96	124	0.820215
96	126	0.847763
96	132	0.866312
96	133	0.867895
96	139	0.824706
96	140	0.845605
96	142	0.848145
96	143	1.38539
96	148	1.40324
96	152	1.30834
96	155	1.39018
96	157	1.43244
96	161	1.25334
96	166	0.851739
97	8	1.19923
97	9	0.800283
97	14	0.796841
97	29	1.33025
97	47	1.52009
97	99	1.46178
97	109	0.843832
97	112	1.43507
97	131	0.840374
97	144	0.846045
97	149	0.841768
97	150	0.8512
97	152	0.868446
97	154	0.854556
97	157	0.843817
97	158	1.29645
97	164	0.867463
97	165	1.35169
97	167	0.844942
97	169	0.860936
97	174	0.862004
97	175	0.855316
97	178	0.869122
97	180	0.853053
98	7	1.60556
98	13	0.88837
98	51	0.854074
98	53	0.858321
98	55	0.852671
98	79	0.857448
98	81	0.832991
98	89	1.48095
98	94	0.882246
98	96	0.829815
98	107	0.865483
98	124	0.80849
98	126	0.836038
98	127	1.31143
98	131	1.39362
98	132	0.854587
98	133	0.85617
98	139	0.812982
98	140	0.83388
98	142	0.83642
98	152	1.24212
98	165	1.25457
98	166	0.840014
98	176	1.31549
99	75	0.884285
99	76	0.811138
99	95	0.881992
99	96	1.43087
99	97	1.46178
99	104	0.836991
99	113	1.3325
99	122	0.829285
99	123	1.26663
99	134	0.825869
99	145	1.27276
99	146	0.853903
99	151	0.858481
99	153	1.41024
99	155	0.837254
99	156	0.847331
99	158	0.844333
99	161	0.869331
99	169	1.43133
99	170	0.841192
99	172	0.835995
99	176	0.843934
99	177	0.839242
99	179	0.859444
100	14	1.6322
100	16	0.878093
100	19	0.7776
100	31	0.850963
100	35	0.827952
100	39	0.820163
100	43	0.923108
100	46	0.893061
100	56	0.857175
100	68	0.831057
100	70	1.51404
100	72	0.816278
100	74	0.791975
100	83	0.83259
100	84	0.838582
100	85	0.821701
100	92	0.832729
100	102	0.791717
100	113	1.30307
100	115	0.795158
100	143	0.820096
100	154	1.38834
100	160	1.33814
100	168	1.45304
100	179	1.37102
101	10	0.810343
101	13	1.13518
101	21	0.917904
101	30	1.27628
101	38	1.33458
101	73	1.15454
101	114	0.888702
101	120	0.863194
101	122	0.867757
101	145	1.15733
101	146	0.892376
101	153	1.29481
101	156	0.885804
101	160	0.891944
101	161	0.907804
101	165	0.890871
101	167	1.33912
101	168	0.872692
101	169	1.31589
101	170	0.879664
101	172	0.874467
101	173	0.898441
101	176	0.882407
101	177	0.877714
101	179	0.897916
102	15	0.858295
102	19	0.760672
102	31	0.834034
102	35	0.811023
102	39	0.803235
102	43	0.90618
102	44	1.31761
102	46	0.876133
102	56	0.840246
102	68	0.814129
102	72	0.79935
102	78	0.844365
102	83	0.815662
102	84	0.821653
102	85	0.804773
102	90	1.47726
102	92	0.8158
102	95	1.36418
102	100	0.791717
102	115	0.778229
102	143	0.803168
102	156	0.821335
102	166	1.53652
102	176	1.60516
102	177	1.56671
102	178	1.53387
103	59	0.800403
103	95	0.904836
103	104	0.859835
103	108	0.849187
103	120	0.847565
103	131	1.37069
103	139	1.30803
103	141	1.28809
103	143	1.29625
103	146	0.876747
103	150	1.23309
103	152	0.875603
103	155	0.860098
103	156	0.870175
103	157	1.3433
103	160	0.876315
103	161	0.892175
103	165	0.875243
103	167	1.29038
103	168	0.857063
103	170	0.864036
103	171	1.28206
103	172	0.858839
103	173	0.882812
103	176	0.866778
103	179	0.882288
104	17	0.794936
104	44	1.13897
104	52	1.34892
104	75	0.894495
104	91	0.822906
104	99	0.836991
104	103	0.859835
104	105	1.40524
104	109	1.44563
104	110	0.830672
104	111	0.875521
104	120	0.834931
104	151	0.86869
104	152	0.862969
104	158	0.854542
104	162	1.32658
104	164	1.37107
104	165	0.862609
104	166	0.85457
104	168	0.844429
104	170	0.851402
104	173	0.870178
104	174	0.856527
104	175	1.42237
104	176	0.854144
104	178	1.35522
104	179	0.869654
105	104	1.40524
105	107	1.2088
105	108	1.42479
105	115	1.47614
105	125	0.864469
105	128	0.84306
105	131	0.834453
105	141	0.850683
105	145	0.866441
105	150	0.845279
105	151	1.31312
105	153	0.857346
105	157	0.837896
105	159	0.855464
105	162	0.869099
105	163	0.860593
105	164	0.861543
105	166	1.31765
105	167	0.839021
105	169	0.855016
105	170	1.36169
105	171	0.850897
105	173	1.27882
105	175	0.849396
105	177	0.849008
105	178	0.863202
105	180	0.847133
106	15	1.15963
106	40	1.4294
106	60	0.813604
106	61	0.84766
106	75	1.28517
106	110	1.43852
106	117	0.863716
106	119	0.841997
106	123	0.888456
106	127	0.86462
106	128	0.849831
106	129	0.849132
106	130	0.803157
106	134	1.39185
106	137	1.36385
106	138	0.875157
106	148	0.843716
106	153	0.864117
106	154	0.855406
106	159	0.862235
106	165	1.34327
106	167	0.845792
106	169	0.861786
106	170	1.37959
106	171	0.857668
106	175	0.856167
106	177	0.855779
107	11	1.08298
107	28	0.901156
107	29	0.893692
107	41	0.862969
107	42	0.869287
107	45	1.4672
107	51	0.901467
107	55	0.900064
107	81	0.880384
107	87	0.86093
107	94	0.929638
107	96	0.877207
107	98	0.865483
107	105	1.2088
107	109	1.24919
107	124	0.855883
107	126	0.883431
107	131	1.30821
107	132	0.90198
107	133	0.903563
107	139	0.860374
107	140	0.881273
107	141	1.22562
107	142	0.883813
107	144	1.2634
107	166	0.887407
107	169	1.20467
107	174	1.2032
108	32	0.84375
108	34	0.816465
108	48	0.7967
108	64	1.3336
108	65	1.47621
108	79	1.41316
108	103	0.849187
108	105	1.42479
108	120	0.824283
108	127	1.44201
108	134	0.825431
108	137	0.844152
108	144	0.82992
108	151	0.858042
108	155	0.836816
108	158	0.843894
108	160	0.853033
108	162	1.34613
108	163	1.3982
108	165	0.85196
108	166	0.843922
108	168	0.833781
108	170	0.840754
108	173	0.85953
108	174	0.845879
108	176	0.843496
108	178	1.37478
108	179	0.859006
109	6	1.63213
109	10	1.5401
109	25	1.35349
109	45	0.808474
109	70	0.815555
109	97	0.843832
109	104	1.44563
109	107	1.24919
109	113	0.859583
109	118	0.841985
109	128	0.834658
109	131	0.826051
109	141	0.842281
109	144	0.831722
109	149	0.827445
109	156	1.34464
109	158	1.31052
109	159	0.847062
109	162	0.860697
109	163	0.852191
109	164	0.853141
109	167	0.830619
109	171	0.842495
109	173	1.31921
109	174	0.847681
109	175	0.840994
109	178	0.8548
109	180	0.838731
110	48	0.790819
110	93	1.37457
110	94	1.2659
110	95	0.875674
110	104	0.830672
110	106	1.43852
110	114	0.84391
110	116	0.833539
110	137	0.838271
110	151	0.852162
110	154	1.40293
110	155	0.830935
110	158	0.838014
110	160	0.847152
110	161	0.863012
110	163	1.39403
110	165	0.84608
110	168	0.827901
110	170	0.834873
110	171	1.43139
110	172	0.829676
110	173	0.853649
110	174	0.839998
110	175	1.43775
110	176	0.837616
110	177	0.832923
110	179	0.853125
110	180	1.46452
111	19	1.53242
111	33	0.884715
111	48	0.835668
111	75	0.922814
111	93	1.16272
111	104	0.875521
111	116	0.878387
111	120	0.863251
111	129	1.26104
111	146	0.892433
111	151	0.89701
111	157	1.28078
111	158	0.882862
111	159	1.20913
111	161	0.907861
111	163	1.18218
111	165	0.890928
111	168	0.872749
111	169	1.20464
111	170	0.879722
111	171	1.21954
111	172	0.874525
111	173	0.898498
111	174	0.884847
111	176	0.882464
111	177	0.877772
111	178	1.15875
111	179	0.897974
112	8	0.895321
112	25	0.844762
112	27	0.847934
112	36	0.821716
112	37	0.82248
112	47	0.804191
112	54	0.856407
112	60	0.794589
112	61	0.828645
112	62	0.917498
112	63	0.837205
112	93	0.850301
112	97	1.43507
112	117	0.844702
112	119	0.822983
112	123	0.869441
112	129	0.830118
112	130	0.784142
112	136	0.846719
112	138	0.856142
112	148	0.824701
112	150	1.37056
112	154	1.39107
112	155	1.43851
112	169	1.40463
112	172	1.38626
112	174	1.40315
112	179	1.37374
113	9	0.816035
113	38	0.855575
113	48	1.46884
113	50	0.885828
113	72	1.39314
113	80	1.18906
113	99	1.3325
113	100	1.30307
113	109	0.859583
113	131	0.856125
113	141	0.872355
113	144	0.861796
113	145	0.888113
113	146	1.18758
113	150	0.866951
113	157	0.859568
113	159	0.877136
113	162	0.890771
113	163	0.882265
113	164	0.883214
113	165	1.22241
113	169	0.876688
113	170	1.25873
113	171	0.872569
113	172	1.23956
113	175	0.871068
113	177	0.87068
113	178	0.884874
113	180	0.868805
114	70	1.39148
114	78	1.21592
114	101	0.888702
114	110	0.84391
114	121	0.850338
114	125	1.18104
114	128	1.3259
114	137	0.868038
114	140	1.26194
114	146	0.877351
114	151	0.881929
114	155	0.860702
114	157	1.35549
114	158	0.867781
114	160	0.876919
114	161	0.892779
114	163	1.25688
114	165	0.875847
114	166	0.867808
114	168	0.857668
114	170	0.86464
114	171	1.29425
114	172	0.859443
114	173	0.883416
114	174	0.869765
114	176	0.867383
114	177	0.86269
114	179	0.882892
114	180	1.32738
115	5	0.873473
115	15	0.861735
115	16	0.864605
115	19	0.764112
115	31	0.837474
115	35	0.814463
115	37	1.48551
115	39	0.806675
115	43	0.90962
115	46	0.879573
115	56	0.843686
115	68	0.817569
115	72	0.80279
115	78	0.847805
115	83	0.819102
115	84	0.825093
115	85	0.808213
115	92	0.819241
115	95	1.25645
115	100	0.795158
115	102	0.778229
115	105	1.47614
115	135	1.55146
115	143	0.806608
115	156	0.824776
115	160	1.40825
115	170	1.47282
115	175	1.49328
115	177	1.45898
116	7	1.62541
116	10	0.784947
116	75	0.897361
116	110	0.833539
116	111	0.878387
116	120	0.837798
116	132	1.21977
116	134	0.838946
116	137	0.857666
116	146	0.86698
116	147	1.25346
116	148	1.35688
116	149	1.33681
116	151	0.871557
116	155	0.85033
116	158	0.857409
116	160	0.866548
116	161	0.882408
116	163	1.28747
116	165	0.865475
116	166	0.857436
116	168	0.847296
116	169	1.30993
116	170	0.854268
116	172	0.849071
116	173	0.873045
116	176	0.857011
116	178	1.26405
116	179	0.87252
116	180	1.35797
117	8	0.918197
117	24	0.865532
117	25	0.867638
117	36	0.844592
117	37	0.845356
117	40	1.40278
117	47	0.827068
117	54	0.879283
117	60	0.817465
117	61	0.851521
117	63	0.860081
117	93	0.873177
117	106	0.863716
117	112	0.844702
117	119	0.845859
117	121	0.847288
117	123	0.892318
117	129	0.852994
117	130	0.807018
117	136	0.869595
117	138	0.879018
117	144	1.41089
117	147	1.29569
117	148	0.847577
117	156	1.29553
117	157	1.42831
117	158	1.26142
117	161	1.24921
117	164	1.32213
117	177	1.33913
118	1	1.1793
118	10	1.5246
118	53	1.27767
118	66	1.17316
118	90	0.874175
118	109	0.841985
118	128	0.847133
118	131	0.838527
118	137	1.37084
118	141	0.854756
118	143	0.843003
118	145	0.870514
118	146	1.31542
118	147	0.885849
118	153	0.861419
118	157	0.841969
118	159	0.859537
118	162	0.873173
118	164	0.865616
118	167	0.843095
118	168	1.43691
118	169	0.859089
118	171	0.85497
118	173	1.30371
118	174	0.860156
118	175	0.853469
118	176	1.41118
118	177	0.853081
118	178	0.867275
118	180	0.851206
119	2	0.887253
119	8	0.896478
119	24	0.843812
119	25	0.845919
119	27	0.849091
119	30	0.8557
119	47	0.805348
119	49	1.19142
119	54	0.857564
119	58	1.62937
119	60	0.795746
119	62	0.918654
119	63	0.838362
119	93	0.851457
119	95	1.16125
119	106	0.841997
119	112	0.822983
119	117	0.845859
119	121	0.825569
119	123	0.870598
119	129	0.831275
119	130	0.785299
119	136	0.847876
119	138	0.857299
119	143	1.40591
119	144	1.43554
119	148	0.825858
119	157	1.45296
119	170	1.37762
119	171	1.39172
119	177	1.36378
120	57	1.28326
120	88	1.44595
120	101	0.863194
120	103	0.847565
120	104	0.834931
120	108	0.824283
120	111	0.863251
120	116	0.837798
120	122	0.827225
120	143	1.43266
120	145	1.245
120	146	0.851843
120	150	1.3695
120	151	0.856421
120	155	0.835194
120	158	0.842273
120	160	0.851411
120	161	0.867271
120	165	0.850339
120	166	0.8423
120	168	0.83216
120	169	1.40357
120	172	0.833935
120	173	0.857908
120	174	0.844257
120	175	1.42483
120	176	0.841875
120	177	0.837182
120	178	1.35768
120	179	0.857384
120	180	1.4516
121	20	0.890219
121	47	0.806778
121	57	1.25618
121	60	0.797175
121	61	0.831231
121	62	0.920084
121	82	0.837161
121	87	1.45127
121	114	0.850338
121	117	0.847288
121	119	0.825569
121	123	0.872028
121	129	0.832704
121	130	0.786728
121	136	0.849305
121	138	0.858728
121	143	1.40558
121	149	1.40336
121	150	1.34242
121	151	0.858589
121	158	0.844441
121	163	1.35403
121	165	0.852507
121	167	1.39972
121	169	1.37649
121	172	0.836103
121	173	0.860077
121	176	0.844043
121	177	0.83935
121	179	0.859552
121	180	1.42453
122	17	0.787229
122	19	1.67956
122	33	0.848689
122	47	1.48467
122	57	1.23147
122	82	0.839557
122	99	0.829285
122	101	0.867757
122	120	0.827225
122	125	1.25348
122	135	1.43123
122	136	0.8517
122	137	0.847093
122	147	1.29531
122	151	0.860984
122	152	0.855263
122	153	1.33069
122	155	0.839757
122	158	0.846836
122	160	0.855975
122	161	0.871835
122	165	0.854902
122	166	0.846863
122	168	0.836723
122	170	0.843695
122	172	0.838498
122	176	0.846438
122	177	0.841745
122	178	1.3059
122	179	0.861947
122	180	1.39982
123	2	0.933712
123	24	0.890271
123	25	0.892378
123	27	0.89555
123	36	0.869332
123	37	0.870095
123	47	0.851807
123	61	0.876261
123	62	0.965113
123	63	0.884821
123	76	1.26581
123	77	1.40453
123	93	0.897916
123	99	1.26663
123	106	0.888456
123	112	0.869441
123	117	0.892318
123	119	0.870598
123	121	0.872028
123	129	0.877734
123	130	0.831758
123	136	0.894335
123	138	0.903758
123	144	1.25078
123	147	1.13558
123	148	0.872317
123	159	1.19655
123	167	1.21528
123	168	1.24319
123	169	1.19206
123	180	1.24009
124	4	0.778974
124	12	0.77994
124	13	0.878771
124	28	0.844164
124	42	0.812295
124	52	0.845932
124	53	0.848722
124	55	0.843072
124	66	0.899848
124	79	0.847848
124	80	0.852386
124	88	0.807918
124	94	0.872646
124	96	0.820215
124	98	0.80849
124	107	0.855883
124	126	0.826439
124	132	0.844988
124	133	0.846571
124	134	1.44366
124	139	0.803382
124	140	0.824281
124	142	0.826821
124	143	1.45968
124	152	1.38263
124	159	1.43509
124	166	0.830415
124	172	1.41222
124	173	1.34853
124	174	1.42911
124	177	1.41755
124	180	1.47863
125	25	1.21067
125	26	1.75033
125	49	0.90947
125	62	1.06228
125	64	0.86272
125	65	0.862408
125	85	1.27351
125	86	0.910665
125	89	0.833101
125	105	0.864469
125	114	1.18104
125	122	1.25348
125	129	1.31485
125	135	0.851599
125	141	0.868839
125	145	0.884596
125	147	0.899931
125	150	0.863434
125	153	0.875501
125	155	1.29233
125	159	0.87362
125	162	0.887255
125	163	0.878748
125	166	1.21522
125	167	0.857177
125	169	0.873171
125	171	0.869053
125	172	1.24008
125	174	0.874239
125	175	0.867551
125	177	0.867163
125	180	0.865288
126	4	0.806521
126	12	0.807487
126	13	0.906318
126	28	0.871712
126	29	0.864247
126	51	0.872022
126	53	0.876269
126	55	0.87062
126	66	0.927396
126	67	1.35198
126	79	0.875396
126	81	0.850939
126	88	0.835466
126	94	0.900194
126	95	1.1493
126	96	0.847763
126	98	0.836038
126	107	0.883431
126	124	0.826439
126	128	1.41143
126	132	0.872535
126	133	0.874118
126	139	0.83093
126	140	0.851828
126	142	0.854368
126	145	1.2063
126	150	1.3308
126	160	1.30111
126	166	0.857962
126	170	1.36568
126	173	1.28281
126	176	1.39028
126	180	1.41291
127	7	0.80368
127	13	1.19739
127	54	1.27764
127	57	0.8794
127	69	0.838084
127	98	1.31143
127	106	0.86462
127	108	1.44201
127	131	0.845989
127	135	0.844979
127	140	1.3607
127	141	0.862219
127	147	0.893311
127	149	0.847383
127	151	1.33033
127	152	0.874061
127	153	0.868882
127	154	0.860171
127	156	1.32147
127	157	0.849432
127	159	0.867
127	160	1.31434
127	161	1.27514
127	162	0.880635
127	163	0.872128
127	164	0.873078
127	167	0.850557
127	171	0.862433
127	172	1.35973
127	174	0.867619
127	175	0.860932
127	178	0.874737
127	180	0.858668
128	3	0.791256
128	18	0.891445
128	21	1.22086
128	83	1.39301
128	90	0.866848
128	93	1.3614
128	105	0.84306
128	106	0.849831
128	109	0.834658
128	114	1.3259
128	118	0.847133
128	126	1.41143
128	138	1.30154
128	139	1.44419
128	141	0.847429
128	145	0.863187
128	147	0.878522
128	150	0.842025
128	154	0.845382
128	157	0.834642
128	159	0.85221
128	161	1.30036
128	162	0.865846
128	163	0.857339
128	164	0.858289
128	167	0.835768
128	169	0.851762
128	170	1.40412
128	171	0.847644
128	175	0.846142
128	176	1.42872
128	177	0.845754
128	178	0.859948
128	180	0.843879
129	5	0.901843
129	8	0.903613
129	24	0.850948
129	25	0.853054
129	27	0.856226
129	30	0.862835
129	36	0.830008
129	37	0.830772
129	47	0.812484
129	49	1.22776
129	54	0.864699
129	60	0.802881
129	61	0.836937
129	62	0.92579
129	63	0.845497
129	93	0.858593
129	106	0.849132
129	111	1.26104
129	112	0.830118
129	117	0.852994
129	119	0.831275
129	121	0.832704
129	123	0.877734
129	125	1.31485
129	130	0.792434
129	138	0.864434
129	146	1.34281
129	148	0.832993
129	151	1.36539
129	164	1.38312
129	167	1.43638
129	175	1.43442
129	176	1.43857
129	177	1.40012
130	2	0.848413
130	5	0.855867
130	8	0.857637
130	20	1.43471
130	24	0.804972
130	25	0.807078
130	27	0.81025
130	30	0.816859
130	36	0.784032
130	37	0.784796
130	47	0.766508
130	54	0.818723
130	60	0.756905
130	61	0.790961
130	62	0.879814
130	63	0.799521
130	64	1.53706
130	93	0.812617
130	106	0.803157
130	112	0.784142
130	117	0.807018
130	119	0.785299
130	121	0.786728
130	123	0.831758
130	129	0.792434
130	136	0.809035
130	138	0.818458
130	144	1.68285
130	145	1.46556
130	146	1.55378
130	148	0.787017
130	158	1.53337
130	159	1.62862
130	162	1.54959
130	174	1.62264
131	11	0.886122
131	23	0.85066
131	24	1.37952
131	35	0.834925
131	53	1.35219
131	77	0.799308
131	82	1.40947
131	97	0.840374
131	98	1.39362
131	103	1.37069
131	105	0.834453
131	107	1.30821
131	109	0.826051
131	113	0.856125
131	118	0.838527
131	127	0.845989
131	134	1.47336
131	136	1.42424
131	144	0.828264
131	146	1.38995
131	147	0.869915
131	149	0.823987
131	150	0.833419
131	154	0.836776
131	155	1.49417
131	157	0.826036
131	163	0.848732
131	164	0.849682
131	167	0.827161
131	169	0.843156
131	171	0.839037
131	175	0.837536
131	177	0.837148
131	178	0.851342
131	180	0.835272
132	12	0.826037
132	13	0.924868
132	20	1.07718
132	28	0.890261
132	29	0.882796
132	38	0.856289
132	41	0.852074
132	51	0.890571
132	53	0.894818
132	55	0.889169
132	58	1.51914
132	80	0.898482
132	81	0.869488
132	87	0.850035
132	88	0.854015
132	94	0.918743
