1	35	0.513782
1	39	0.793263
1	90	0.7539
1	94	0.616724
1	95	0.803804
1	100	0.804415
1	101	0.746955
1	109	0.800952
1	119	0.779204
1	154	2.57212
1	167	6.75983
1	180	0.685156
2	16	0.725704
2	83	2.58797
2	85	0.751704
2	86	0.745543
2	87	0.74533
2	91	0.736695
2	92	0.741897
2	97	0.726851
2	150	0.675552
2	156	0.67771
2	168	6.63006
2	177	0.686928
3	37	3.80877
3	51	0.729776
3	59	0.798298
3	68	0.694348
3	88	0.774877
3	98	0.635845
3	99	0.752175
3	124	0.701438
3	136	0.717326
3	138	0.730088
3	142	3.90946
3	147	0.677039
4	35	1.10707
4	64	0.684025
4	71	0.746978
4	75	0.674215
4	94	0.552336
4	95	0.739416
4	100	0.740026
4	101	0.682567
4	109	0.736563
4	163	4.50552
4	177	3.15522
4	180	0.620768
5	19	0.6233
5	21	0.752905
5	27	0.752402
5	29	0.752119
5	30	0.752071
5	45	0.737466
5	49	0.720776
5	57	0.720831
5	105	6.12087
5	124	0.699631
5	136	0.715518
5	142	1.9632
6	67	0.784242
6	85	0.74527
6	87	0.738896
6	91	0.730261
6	92	0.735462
6	97	0.720417
6	130	3.6545
6	138	0.735623
6	143	3.50972
6	150	0.669118
6	156	0.671276
6	177	0.680493
7	12	0.757907
7	35	1.09593
7	64	0.672886
7	71	0.73584
7	90	0.678373
7	94	0.541197
7	100	0.728887
7	109	0.725425
7	119	0.703677
7	133	3.80925
7	155	3.23788
7	180	0.609629
8	38	0.727483
8	62	0.772344
8	65	0.781312
8	80	0.698441
8	93	0.717063
8	96	0.75899
8	102	0.728289
8	103	0.744764
8	143	2.20575
8	161	0.635462
8	163	5.04058
8	172	0.680223
9	18	0.908251
9	40	0.910045
9	46	0.918909
9	74	0.877364
9	96	0.955335
9	102	0.924634
9	103	0.449546
9	161	0.831806
9	171	5.29632
9	172	0.385006
9	175	6.03795
9	178	5.06409
10	50	0.818149
10	82	2.86582
10	86	0.827867
10	87	0.827654
10	91	0.819019
10	92	0.82422
10	97	0.809175
10	117	2.42435
10	150	0.757876
10	152	3.07421
10	156	0.760034
10	177	0.769251
11	20	0.708116
11	66	0.728161
11	76	0.715081
11	111	0.730926
11	113	0.730945
11	115	0.730968
11	116	0.769557
11	118	0.759545
11	129	2.924
11	137	0.650574
11	158	0.693653
11	173	5.4074
12	7	0.757907
12	33	0.938408
12	53	0.808509
12	64	0.798717
12	90	0.804204
12	94	0.667028
12	95	0.854108
12	101	0.797259
12	109	0.851256
12	143	2.61753
12	166	5.1895
12	178	3.91185
12	180	0.73546
13	52	0.727205
13	85	0.736688
13	86	0.730527
13	87	0.730314
13	91	0.721679
13	92	0.72688
13	97	0.711834
13	119	0.738127
13	123	3.47888
13	150	0.660535
13	155	3.83951
13	156	0.662694
13	177	0.671911
14	84	0.572216
14	127	0.622046
14	133	0.660708
14	149	0.581441
14	164	0.635035
14	167	0.578894
14	169	0.604389
14	173	0.591998
14	174	0.593438
14	175	0.590385
14	176	0.58615
14	178	0.602835
14	180	0.576547
15	32	2.49907
15	56	0.786308
15	59	0.853358
15	68	0.749408
15	69	0.816917
15	88	0.829937
15	98	0.690905
15	99	0.807235
15	128	2.22599
15	136	0.772385
15	138	0.785148
15	147	0.732099
15	167	6.65814
16	2	0.725704
16	50	0.730519
16	67	0.785371
16	85	0.746399
16	86	0.740238
16	97	0.721545
16	119	0.747838
16	129	2.54086
16	150	0.670246
16	156	0.672405
16	175	5.89334
16	177	0.681622
17	33	0.91193
17	39	0.81709
17	47	0.803448
17	53	0.782032
17	75	0.76243
17	95	0.82763
17	100	0.828241
17	101	0.770781
17	109	0.824778
17	117	1.55486
17	128	1.37394
17	168	6.40863
17	180	0.708982
18	9	0.908251
18	80	0.711308
18	96	0.771858
18	107	1.33215
18	111	2.23791
18	159	0.69994
18	161	0.648329
18	171	0.675862
18	172	0.693091
18	175	0.669815
18	176	0.66558
18	178	0.682265
18	179	0.664488
19	5	0.6233
19	21	0.672748
19	27	0.672245
19	29	0.671962
19	30	0.671914
19	37	0.632467
19	44	0.686857
19	45	0.657309
19	49	0.64062
19	55	5.36206
19	57	0.640675
19	114	0.60522
19	136	0.635362
20	11	0.708116
20	60	0.694649
20	72	4.8682
20	79	0.752591
20	107	0.718597
20	111	0.712057
20	113	0.712076
20	115	0.712099
20	116	0.750688
20	118	0.740676
20	137	0.631705
20	144	3.42599
20	158	0.674785
21	5	0.752905
21	19	0.672748
21	27	0.801851
21	29	0.801568
21	30	0.80152
21	45	0.786914
21	49	0.770225
21	57	0.77028
21	106	1.80363
21	114	0.734825
21	124	0.74908
21	134	2.04003
21	136	0.764967
21	179	6.85771
22	33	0.921831
22	71	0.845093
22	90	0.787627
22	94	0.650451
22	95	0.837531
22	100	0.838141
22	101	0.780682
22	109	0.834678
22	119	0.81293
22	123	1.11572
22	162	4.50452
22	177	3.57329
22	180	0.718883
23	40	0.779269
23	46	0.788132
23	62	0.837913
23	74	0.746588
23	80	0.764009
23	96	0.824559
23	102	0.793858
23	103	0.810332
23	153	2.60285
23	158	2.96426
23	160	4.72874
23	161	0.70103
23	172	0.745792
24	40	0.998509
24	100	0.310307
24	123	0.776113
24	162	0.70528
24	163	0.692125
24	164	0.727697
24	166	0.681216
24	167	0.671557
24	169	0.697052
24	171	0.689094
24	174	0.6861
24	176	0.678813
24	178	0.695498
24	179	0.67772
25	51	0.644472
25	56	0.645944
25	59	0.712994
25	63	0.628526
25	69	0.676553
25	70	0.675967
25	88	0.689573
25	98	1.20993
25	99	0.666871
25	124	0.616134
25	125	0.62063
25	130	3.51944
25	138	0.644784
25	177	4.85919
26	60	0.754353
26	73	0.753324
26	79	0.812295
26	83	1.72388
26	89	0.77499
26	104	2.01404
26	107	0.778301
26	111	0.771761
26	113	0.77178
26	115	0.771803
26	118	0.80038
26	137	0.691409
26	158	0.734488
26	180	6.32095
27	5	0.752402
27	19	0.672245
27	21	0.801851
27	29	0.801065
27	30	0.801017
27	45	0.786411
27	49	0.769722
27	57	0.769777
27	114	0.734322
27	124	0.748577
27	136	0.764464
27	141	4.01517
27	144	1.41987
27	156	4.5896
28	77	0.734602
28	78	0.798321
28	81	0.783067
28	89	0.759674
28	107	0.762985
28	111	0.756445
28	113	0.756464
28	114	3.08757
28	115	0.756487
28	116	0.795076
28	118	0.785064
28	158	0.719173
28	174	3.84576
28	176	4.28591
29	5	0.752119
29	19	0.671962
29	21	0.801568
29	27	0.801065
29	30	0.800734
29	45	0.786128
29	49	0.769439
29	57	0.769494
29	114	0.734039
29	124	0.748294
29	131	3.93204
29	136	0.764181
29	145	2.61324
29	173	4.31153
30	5	0.752071
30	19	0.671914
30	21	0.80152
30	27	0.801017
30	29	0.800734
30	45	0.78608
30	49	0.769391
30	57	0.769446
30	114	0.733991
30	124	0.748246
30	129	2.83848
30	136	0.764133
30	169	4.47539
30	172	3.56408
31	51	0.779649
31	56	0.781121
31	63	0.763703
31	68	0.744221
31	69	0.81173
31	88	0.82475
31	98	0.685718
31	99	0.802048
31	124	0.751311
31	125	0.755807
31	147	0.726911
31	162	2.95341
31	169	4.27092
31	172	3.35961
32	15	2.49907
32	50	1.24326
32	154	0.73174
32	159	0.721188
32	166	0.689231
32	167	0.679571
32	168	0.698214
32	171	0.697109
32	173	0.692675
32	175	0.691063
32	176	0.686828
32	177	0.705057
32	178	0.703512
32	179	0.685735
33	12	0.938408
33	17	0.91193
33	22	0.921831
33	64	0.853387
33	75	0.843577
33	90	0.858874
33	94	0.852038
33	95	0.908778
33	101	0.437396
33	109	0.462919
33	120	6.57407
33	178	5.04462
33	179	6.51084
33	180	0.92047
34	81	2.33707
34	110	0.750669
34	118	0.455246
34	130	0.756363
34	151	0.668805
34	154	0.724976
34	160	0.687255
34	167	0.672808
34	168	0.69145
34	169	0.698303
34	174	0.687352
34	176	0.680064
34	178	0.696749
34	179	0.678971
35	1	0.513782
35	4	1.10707
35	7	1.09593
35	39	0.652554
35	64	0.668668
35	94	1.00505
35	95	0.519824
35	100	0.59973
35	101	1.13528
35	109	0.315508
35	156	5.82224
35	160	6.72864
35	167	8.98502
35	180	1.07348
36	89	3.77498
36	110	0.696229
36	120	0.643833
36	145	0.672987
36	153	0.683465
36	165	0.642325
36	166	0.628027
36	168	0.63701
36	171	0.635905
36	173	0.631471
36	175	0.629858
36	176	0.625624
36	178	0.642308
36	179	0.624531
37	3	3.80877
37	19	0.632467
37	45	0.746633
37	46	0.407193
37	49	0.729944
37	57	0.729998
37	124	0.708798
37	136	0.724685
37	141	0.698054
37	162	0.690555
37	170	0.652559
37	175	0.668323
37	176	0.664089
37	178	0.680773
37	179	0.662996
38	8	0.727483
38	41	0.761352
38	44	0.793249
38	46	0.751008
38	54	0.745249
38	65	0.809756
38	93	0.745507
38	96	0.787435
38	102	0.756734
38	103	0.773208
38	132	1.86025
38	161	0.663906
38	165	5.04586
38	169	4.462
38	172	0.708668
39	1	0.793263
39	17	0.81709
39	35	0.652554
39	53	0.768338
39	71	0.8215
39	75	0.748736
39	90	0.764033
39	94	0.626857
39	100	0.814548
39	101	0.757088
39	109	0.811085
39	142	2.08695
39	152	1.90477
39	173	6.30466
39	180	0.695289
40	9	0.910045
40	23	0.779269
40	24	0.998509
40	41	0.74757
40	54	0.731466
40	65	0.795973
40	74	0.695681
40	93	0.731725
40	96	0.773652
40	103	0.759425
40	120	5.02593
40	123	0.764675
40	161	0.650123
40	172	0.694885
40	178	3.49648
41	38	0.761352
41	40	0.74757
41	62	0.806213
41	74	0.714889
41	80	0.73231
41	93	0.750932
41	96	0.792859
41	102	0.762158
41	103	0.778633
41	123	0.783882
41	139	2.03918
41	161	0.669331
41	165	3.02453
41	170	6.73136
41	172	0.714092
42	43	0.649675
42	93	4.46348
42	143	0.68574
42	158	0.654385
42	160	0.634607
42	164	0.676301
42	167	0.62016
42	168	0.638803
42	170	0.615888
42	171	0.637698
42	174	0.634704
42	175	0.631652
42	176	0.627417
42	178	0.644101
42	179	0.626324
43	42	0.649675
43	54	4.22321
43	149	0.623935
43	152	0.693689
43	159	0.663005
43	165	0.645346
43	168	0.640031
43	169	0.646884
43	170	0.617116
43	173	0.634492
43	174	0.635932
43	175	0.63288
43	176	0.628645
43	178	0.645329
43	179	0.627552
44	19	0.686857
44	38	0.793249
44	49	0.784334
44	57	0.784389
44	93	0.78283
44	102	0.794056
44	103	0.81053
44	124	0.763189
44	136	0.779076
44	155	1.12861
44	158	4.45961
44	161	0.701228
44	162	4.15678
44	172	0.74599
45	5	0.737466
45	19	0.657309
45	21	0.786914
45	27	0.786411
45	29	0.786128
45	30	0.78608
45	37	0.746633
45	49	0.754786
45	57	0.75484
45	114	0.719385
45	122	4.19186
45	124	0.73364
45	135	1.28422
45	136	0.749528
45	173	5.18137
46	9	0.918909
46	23	0.788132
46	37	0.407193
46	38	0.751008
46	80	0.721966
46	84	0.662304
46	93	0.740588
46	96	0.782516
46	102	0.751815
46	103	0.768289
46	123	0.773538
46	141	3.14806
46	161	0.658987
46	172	0.703749
46	179	6.08704
47	17	0.803448
47	53	0.754697
47	71	0.807858
47	75	0.735095
47	90	0.750391
47	94	0.613215
47	95	0.800295
47	100	0.800906
47	101	0.743446
47	106	3.10629
47	109	0.797443
47	119	0.775695
47	139	3.88041
47	177	3.7037
47	180	0.681647
48	74	4.63359
48	114	0.649126
48	139	0.683098
48	144	0.702588
48	153	0.676512
48	159	0.653031
48	161	0.60142
48	163	0.631983
48	168	0.630058
48	170	0.607142
48	171	0.628952
48	174	0.625959
48	175	0.622906
48	176	0.618671
48	178	0.635356
48	179	0.617578
49	5	0.720776
49	19	0.64062
49	21	0.770225
49	27	0.769722
49	29	0.769439
49	30	0.769391
49	37	0.729944
49	44	0.784334
49	45	0.754786
49	57	0.738151
49	83	1.65932
49	114	0.702696
49	124	0.716951
49	136	0.732838
49	145	5.456
49	154	3.62692
50	10	0.818149
50	16	0.730519
50	32	1.24326
50	52	0.747036
50	85	0.756519
50	86	0.750358
50	87	0.750145
50	91	0.74151
50	92	0.746712
50	128	0.774818
50	138	0.746873
50	150	0.680367
50	156	0.682525
50	165	4.37653
50	177	0.691743
50	178	4.53438
51	3	0.729776
51	25	0.644472
51	31	0.779649
51	63	0.736535
51	68	0.717054
51	69	0.784562
51	70	0.783977
51	88	0.797583
51	98	0.65855
51	99	0.77488
51	104	1.65512
51	106	3.16728
51	124	0.724143
51	136	0.740031
51	138	0.752793
51	156	5.85682
52	13	0.727205
52	50	0.747036
52	61	6.8
52	85	0.762916
52	87	0.756542
52	91	0.747907
52	92	0.753108
52	97	0.738062
52	119	0.764355
52	125	2.61874
52	128	0.781215
52	138	0.753269
52	146	2.71877
52	150	0.686763
52	156	0.688922
52	177	0.698139
53	12	0.808509
53	17	0.782032
53	39	0.768338
53	47	0.754697
53	64	0.723488
53	71	0.786442
53	90	0.728975
53	94	0.591799
53	95	0.778879
53	100	0.77949
53	101	0.72203
53	109	0.776027
53	135	2.56896
53	161	8.04538
53	164	2.03211
53	180	0.660231
54	38	0.745249
54	40	0.731466
54	43	4.22321
54	62	0.79011
54	65	0.799077
54	74	0.698785
54	80	0.716206
54	93	0.734829
54	96	0.776756
54	102	0.746055
54	103	0.762529
54	123	0.767778
54	156	2.13134
54	161	0.653227
54	171	3.2619
54	172	0.697989
55	19	5.36206
55	102	0.281877
55	105	0.754495
55	111	0.158408
55	140	0.760374
55	141	0.756366
55	157	0.749816
55	158	0.749368
55	166	0.724804
55	169	0.74064
55	170	0.710872
55	173	0.728248
55	174	0.729688
55	176	0.722401
55	178	0.739085
55	179	0.721308
56	15	0.786308
56	25	0.645944
56	31	0.781121
56	68	0.718525
56	70	0.785449
56	88	0.799055
56	98	0.660022
56	99	0.776352
56	124	0.725615
56	125	0.730111
56	136	0.741503
56	138	0.754265
56	144	2.36669
56	147	0.701216
56	166	6.24664
56	169	4.22727
57	5	0.720831
57	19	0.640675
57	21	0.77028
57	27	0.769777
57	29	0.769494
57	30	0.769446
57	37	0.729998
57	44	0.784389
57	45	0.75484
57	49	0.738151
57	114	0.702751
57	117	2.6919
57	124	0.717006
57	136	0.732893
57	140	4.0938
57	152	3.34176
58	66	0.73507
58	73	0.719399
58	77	0.715992
58	81	0.764457
58	89	0.741064
58	107	0.744375
58	111	0.737835
58	113	0.737854
58	115	0.737877
58	116	0.776466
58	118	0.766454
58	134	0.73763
58	158	0.700563
58	166	4.37728
58	168	3.00844
58	179	4.56584
59	3	0.798298
59	15	0.853358
59	25	0.712994
59	63	0.805058
59	68	0.785576
59	70	0.852499
59	88	0.866105
59	98	0.727073
59	99	0.843403
59	124	0.792666
59	132	2.21203
59	136	0.808553
59	145	2.58266
59	147	0.768266
59	150	4.68566
59	176	5.00186
60	20	0.694649
60	26	0.754353
60	78	0.759336
60	79	0.757993
60	81	0.744082
60	89	0.720688
60	107	0.724
60	108	3.62956
60	111	0.71746
60	113	0.717478
60	115	0.717502
60	116	0.75609
60	118	0.746078
60	127	3.75782
60	134	0.717255
60	149	8.29758
60	158	0.680187
61	52	6.8
61	84	0.608829
61	120	0.640973
61	133	0.697322
61	145	0.670127
61	151	0.611505
61	163	0.636076
61	164	0.671648
61	165	0.639465
61	167	0.615507
61	169	0.641003
61	170	0.611235
61	173	0.628611
61	174	0.630051
61	175	0.626998
61	176	0.622764
61	178	0.639448
62	8	0.772344
62	23	0.837913
62	41	0.806213
62	54	0.79011
62	65	0.854617
62	74	0.754325
62	84	0.712084
62	93	0.790369
62	102	0.801595
62	103	0.818069
62	123	0.823318
62	125	3.4453
62	135	1.19177
62	157	3.42295
62	161	0.708767
62	172	0.753529
62	174	5.38742
63	25	0.628526
63	31	0.763703
63	51	0.736535
63	59	0.805058
63	68	0.701108
63	69	0.768617
63	70	0.768031
63	88	0.781637
63	98	0.642604
63	99	0.758934
63	125	0.712694
63	132	1.89785
63	136	0.724085
63	138	0.736847
63	147	0.683798
63	169	4.53111
63	174	5.65837
64	4	0.684025
64	7	0.672886
64	12	0.798717
64	33	0.853387
64	35	0.668668
64	53	0.723488
64	71	0.776649
64	75	0.703886
64	90	0.719183
64	95	0.769087
64	100	0.769697
64	101	0.712238
64	109	0.766234
64	121	5.56014
64	122	3.70586
64	172	2.93756
64	180	0.650438
65	8	0.781312
65	38	0.809756
65	40	0.795973
65	54	0.799077
65	62	0.854617
65	74	0.763292
65	80	0.780713
65	84	0.721051
65	93	0.799336
65	102	0.810562
65	103	0.827036
65	108	2.13991
65	144	2.31405
65	148	4.85594
65	161	0.717734
65	172	0.762496
65	174	5.4285
66	11	0.728161
66	58	0.73507
66	73	0.713665
66	77	0.710259
66	78	0.773978
66	89	0.735331
66	107	0.738642
66	111	0.732102
66	113	0.732121
66	115	0.732144
66	116	0.770733
66	118	0.76072
66	130	2.54638
66	137	0.65175
66	147	5.28089
66	158	0.694829
66	174	5.75568
67	6	0.784242
67	16	0.785371
67	85	0.81137
67	86	0.80521
67	87	0.804996
67	91	0.796361
67	92	0.801563
67	97	0.786517
67	119	0.81281
67	135	1.75385
67	138	0.801724
67	150	0.735218
67	156	0.737377
67	158	4.04666
67	162	3.74383
67	172	4.15004
67	177	0.746594
68	3	0.694348
68	15	0.749408
68	31	0.744221
68	51	0.717054
68	56	0.718525
68	59	0.785576
68	63	0.701108
68	69	0.749135
68	70	0.748549
68	88	0.762155
68	98	0.623123
68	99	0.739453
68	125	0.693212
68	135	2.77567
68	138	0.717366
68	140	4.37879
68	147	0.664316
68	152	3.62675
69	15	0.816917
69	25	0.676553
69	31	0.81173
69	51	0.784562
69	63	0.768617
69	68	0.749135
69	70	0.816058
69	88	0.829664
69	98	0.690631
69	99	0.806961
69	125	0.760721
69	136	0.772112
69	138	0.784874
69	147	0.731825
69	150	5.79183
69	152	2.31267
69	169	4.54063
69	177	2.29189
70	25	0.675967
70	51	0.783977
70	56	0.785449
70	59	0.852499
70	63	0.768031
70	68	0.748549
70	69	0.816058
70	72	1.9318
70	88	0.829078
70	98	0.690046
70	99	0.806376
70	110	2.05266
70	124	0.755639
70	136	0.771526
70	137	6.90671
70	138	0.784289
70	147	0.731239
70	179	4.31402
71	4	0.746978
71	7	0.73584
71	22	0.845093
71	39	0.8215
71	47	0.807858
71	53	0.786442
71	64	0.776649
71	75	0.76684
71	90	0.782136
71	94	0.64496
71	100	0.832651
71	101	0.775192
71	109	0.829188
71	132	1.90477
71	147	2.42813
71	151	8.73246
71	159	2.38712
71	180	0.713392
72	20	4.8682
72	70	1.9318
72	108	0.742574
72	151	0.649726
72	159	0.695345
72	162	0.687452
72	163	0.674297
72	164	0.70987
72	165	0.677687
72	166	0.663388
72	169	0.679225
72	171	0.671267
72	173	0.666833
72	175	0.66522
72	176	0.660985
72	178	0.67767
72	179	0.659892
73	26	0.753324
73	58	0.719399
73	66	0.713665
73	76	0.700586
73	77	0.694588
73	81	0.743053
73	89	0.719659
73	107	0.722971
73	111	0.716431
73	113	0.716449
73	115	0.716473
73	116	0.755061
73	118	0.745049
73	134	0.716226
73	140	2.32049
73	158	0.679158
73	163	4.22339
73	180	5.07043
74	9	0.877364
74	23	0.746588
74	40	0.695681
74	41	0.714889
74	48	4.63359
74	54	0.698785
74	62	0.754325
74	65	0.763292
74	80	0.680422
74	93	0.699044
74	96	0.740971
74	102	0.71027
74	103	0.726744
74	123	0.731994
74	131	3.72564
74	158	2.24394
74	161	0.617443
74	172	0.662204
75	4	0.674215
75	17	0.76243
75	33	0.843577
75	39	0.748736
75	47	0.735095
75	64	0.703886
75	71	0.76684
75	90	0.709373
75	94	0.572197
75	95	0.759277
75	100	0.759888
75	101	0.702428
75	109	0.756425
75	119	0.734677
75	128	2.4795
75	132	2.83083
75	163	5.96522
75	180	0.640629
76	11	0.715081
76	73	0.700586
76	77	0.697179
76	78	0.760898
76	79	0.759556
76	81	0.745644
76	89	0.722251
76	107	0.725562
76	111	0.719022
76	113	0.719041
76	115	0.719064
76	116	0.757653
76	118	0.747641
76	137	0.63867
76	158	0.68175
76	164	2.52405
76	171	5.32324
76	180	4.2979
77	28	0.734602
77	58	0.715992
77	66	0.710259
77	73	0.694588
77	76	0.697179
77	78	0.754901
77	79	0.753558
77	89	0.716253
77	107	0.719564
77	111	0.713024
77	113	0.713043
77	115	0.713066
77	116	0.751655
77	118	0.741643
77	133	2.43296
77	146	5.49244
77	154	3.52639
77	158	0.675752
78	28	0.798321
78	60	0.759336
78	66	0.773978
78	76	0.760898
78	77	0.754901
78	107	0.783284
78	110	2.71315
78	111	0.776744
78	113	0.776762
78	115	0.776786
78	116	0.815374
78	118	0.805362
78	125	3.66156
78	128	1.45125
78	134	0.776539
78	137	0.696391
78	158	0.739471
78	175	6.192
79	20	0.752591
79	26	0.812295
79	60	0.757993
79	76	0.759556
79	77	0.753558
79	81	0.802023
79	106	1.92279
79	107	0.781941
79	111	0.775401
79	113	0.77542
79	115	0.775443
79	116	0.814032
79	118	0.80402
79	137	0.695049
79	142	1.39772
79	157	3.93173
79	158	0.738128
79	176	6.33634
80	8	0.698441
80	18	0.711308
80	23	0.764009
80	41	0.73231
80	46	0.721966
80	54	0.716206
80	65	0.780713
80	74	0.680422
80	93	0.716465
80	96	0.758392
80	102	0.727691
80	103	0.744165
80	123	0.749415
80	152	2.55455
80	157	5.27072
80	161	0.634864
80	172	0.679625
80	177	3.85919
81	28	0.783067
81	34	2.33707
81	58	0.764457
81	60	0.744082
81	73	0.743053
81	76	0.745644
81	79	0.802023
81	89	0.764718
81	107	0.768029
81	111	0.761489
81	113	0.761508
81	115	0.761531
81	116	0.80012
81	117	2.32387
81	118	0.790108
81	132	2.49428
81	137	0.681137
81	158	0.724217
81	164	4.70187
82	10	2.86582
82	100	1.78253
82	104	0.815616
82	118	0.883518
82	139	0.757108
82	141	0.726646
82	149	0.687971
82	160	0.699871
82	163	0.705993
82	165	0.709382
82	166	0.695084
82	169	0.71092
82	170	0.681152
82	171	0.702962
82	173	0.698528
82	174	0.699968
82	176	0.692681
82	178	0.709365
82	179	0.691588
83	2	2.58797
83	26	1.72388
83	49	1.65932
83	92	1.17009
83	139	0.81143
83	144	0.830919
83	151	0.735743
83	167	0.739746
83	168	0.758389
83	169	0.765242
83	170	0.735473
83	171	0.757283
83	173	0.75285
83	174	0.75429
83	175	0.751237
83	176	0.747002
83	178	0.763687
83	179	0.745909
83	180	0.7374
84	14	0.572216
84	46	0.662304
84	61	0.608829
84	62	0.712084
84	65	0.721051
84	96	0.69873
84	99	5.6609
84	102	0.668029
84	103	0.684503
84	139	0.65688
84	156	0.601464
84	161	0.575201
84	162	0.618919
84	163	0.605764
84	166	0.594855
84	171	0.602733
84	172	0.619963
84	174	0.59974
84	178	0.609137
84	179	0.591359
85	2	0.751704
85	6	0.74527
85	13	0.736688
85	16	0.746399
85	50	0.756519
85	52	0.762916
85	67	0.81137
85	87	0.766024
85	91	0.757389
85	92	0.762591
85	97	0.747545
85	126	3.82703
85	128	0.790698
85	134	1.8475
85	138	0.762752
85	150	0.696246
85	156	0.698404
85	161	7.05444
85	177	0.707622
85	180	2.81502
86	2	0.745543
86	10	0.827867
86	13	0.730527
86	16	0.740238
86	50	0.750358
86	67	0.80521
86	87	0.759864
86	91	0.751229
86	92	0.75643
86	97	0.741384
86	114	5.43264
86	119	0.767677
86	128	0.784537
86	138	0.756591
86	146	4.34874
86	150	0.690085
86	155	2.0829
86	156	0.692244
86	157	4.22636
86	177	0.701461
87	2	0.74533
87	6	0.738896
87	10	0.827654
87	13	0.730314
87	50	0.750145
87	52	0.756542
87	67	0.804996
87	85	0.766024
87	86	0.759864
87	91	0.751015
87	97	0.741171
87	125	2.67439
87	128	0.784324
87	138	0.756378
87	148	4.04394
87	150	0.689872
87	156	0.692031
87	168	4.13977
87	171	4.4632
87	177	0.701248
88	3	0.774877
88	15	0.829937
88	25	0.689573
88	31	0.82475
88	51	0.797583
88	56	0.799055
88	59	0.866105
88	63	0.781637
88	68	0.762155
88	69	0.829664
88	70	0.829078
88	98	0.703652
88	99	0.819982
88	110	3.80047
88	124	0.769245
88	125	0.773741
88	130	1.97525
88	133	1.78944
88	147	0.744845
88	163	4.6653
88	177	3.315
89	26	0.77499
89	28	0.759674
89	36	3.77498
89	58	0.741064
89	60	0.720688
89	66	0.735331
89	73	0.719659
89	76	0.722251
89	77	0.716253
89	81	0.764718
89	107	0.744636
89	111	0.738096
89	113	0.738115
89	115	0.738138
89	116	0.776727
89	118	0.766714
89	134	0.737891
89	150	4.37864
89	158	0.700823
89	164	2.77993
89	173	3.97394
90	1	0.7539
90	7	0.678373
90	12	0.804204
90	22	0.787627
90	33	0.858874
90	39	0.764033
90	47	0.750391
90	53	0.728975
90	64	0.719183
90	71	0.782136
90	75	0.709373
90	94	0.587493
90	95	0.774574
90	100	0.775184
90	104	1.58037
90	109	0.771721
90	119	0.749973
90	126	6.89929
90	152	2.3853
90	154	3.25781
90	180	0.655926
91	2	0.736695
91	6	0.730261
91	10	0.819019
91	13	0.721679
91	50	0.74151
91	52	0.747907
91	67	0.796361
91	85	0.757389
91	86	0.751229
91	87	0.751015
91	92	0.747582
91	97	0.732536
91	119	0.758829
91	138	0.747743
91	150	0.681237
91	153	3.11205
91	155	1.58861
91	156	0.683396
91	159	5.0996
91	160	5.23794
91	177	0.692613
92	2	0.741897
92	6	0.735462
92	10	0.82422
92	13	0.72688
92	50	0.746712
92	52	0.753108
92	67	0.801563
92	83	1.17009
92	85	0.762591
92	86	0.75643
92	91	0.747582
92	97	0.737738
92	128	0.78089
92	138	0.752944
92	150	0.686439
92	156	0.688597
92	159	2.9236
92	161	6.50017
92	168	2.96267
92	175	4.02773
92	177	1.35243
93	8	0.717063
93	38	0.745507
93	40	0.731725
93	41	0.750932
93	42	4.46348
93	44	0.78283
93	46	0.740588
93	54	0.734829
93	62	0.790369
93	65	0.799336
93	74	0.699044
93	80	0.716465
93	96	0.777015
93	102	0.746314
93	103	0.762788
93	110	2.23373
93	123	0.768037
93	139	1.92497
93	161	0.653486
93	172	0.698248
93	174	5.12426
94	1	0.616724
94	4	0.552336
94	7	0.541197
94	12	0.667028
94	22	0.650451
94	33	0.852038
94	35	1.00505
94	39	0.626857
94	47	0.613215
94	53	0.591799
94	71	0.64496
94	75	0.572197
94	90	0.587493
94	100	0.638008
94	101	1.1763
94	109	1.2303
94	114	2.2798
94	119	0.612797
94	147	2.5632
94	151	8.86754
94	175	3.62632
94	180	1.1145
95	1	0.803804
95	4	0.739416
95	12	0.854108
95	17	0.82763
95	22	0.837531
95	33	0.908778
95	35	0.519824
95	47	0.800295
95	53	0.778879
95	64	0.769087
95	75	0.759277
95	90	0.774574
95	100	0.825088
95	101	0.767629
95	109	0.821626
95	119	0.799878
95	133	2.17852
95	134	1.99015
95	145	3.7481
95	148	5.15459
95	168	5.25043
95	180	0.70583
96	8	0.75899
96	9	0.955335
96	18	0.771858
96	23	0.824559
96	38	0.787435
96	40	0.773652
96	41	0.792859
96	46	0.782516
96	54	0.776756
96	74	0.740971
96	80	0.758392
96	84	0.69873
96	93	0.777015
96	102	0.788241
96	103	0.804715
96	127	5.75728
96	130	1.50443
96	157	2.74824
96	161	0.695413
96	172	0.740175
96	178	4.32717
96	180	3.53406
97	2	0.726851
97	6	0.720417
97	10	0.809175
97	13	0.711834
97	16	0.721545
97	52	0.738062
97	67	0.786517
97	85	0.747545
97	86	0.741384
97	87	0.741171
97	91	0.732536
97	92	0.737738
97	119	0.748984
97	128	0.765844
97	131	4.74232
97	138	0.737899
97	142	2.44975
97	147	4.92777
97	150	0.671393
97	156	0.673551
97	171	5.24926
97	177	0.682769
98	3	0.635845
98	15	0.690905
98	25	1.20993
98	31	0.685718
98	51	0.65855
98	56	0.660022
98	59	0.727073
98	63	0.642604
98	68	0.623123
98	69	0.690631
98	70	0.690046
98	88	0.703652
98	99	0.680949
98	105	3.07913
98	124	1.2896
98	125	0.634709
98	136	1.30549
98	137	7.09329
98	138	0.658862
98	147	0.605813
98	150	3.54387
98	169	2.29267
98	178	3.03439
99	3	0.752175
99	15	0.807235
99	25	0.666871
99	31	0.802048
99	51	0.77488
99	56	0.776352
99	59	0.843403
99	63	0.758934
99	68	0.739453
99	69	0.806961
99	70	0.806376
99	84	5.6609
99	88	0.819982
99	98	0.680949
99	124	0.746542
99	125	0.751039
99	126	2.07368
99	127	3.2849
99	136	0.76243
99	138	0.775192
99	147	0.722143
99	155	2.34103
99	170	5.40376
100	1	0.804415
100	4	0.740026
100	7	0.728887
100	17	0.828241
100	22	0.838141
100	24	0.310307
100	35	0.59973
100	39	0.814548
100	47	0.800906
100	53	0.77949
100	64	0.769697
100	71	0.832651
100	75	0.759888
100	82	1.78253
100	90	0.775184
100	94	0.638008
100	95	0.825088
100	108	1.81084
100	109	0.822236
100	112	10.4
100	119	0.800488
100	159	2.67802
100	180	0.70644
101	1	0.746955
101	4	0.682567
101	12	0.797259
101	17	0.770781
101	22	0.780682
101	33	0.437396
101	35	1.13528
101	39	0.757088
101	47	0.743446
101	53	0.72203
101	64	0.712238
101	71	0.775192
101	75	0.702428
101	94	1.1763
101	95	0.767629
101	109	0.764777
101	119	0.743029
101	133	2.98983
101	142	3.39292
101	143	3.03086
101	144	3.43779
101	155	2.41845
101	180	0.648981
102	8	0.728289
102	9	0.924634
102	23	0.793858
102	38	0.756734
102	41	0.762158
102	44	0.794056
102	46	0.751815
102	54	0.746055
102	55	0.281877
102	62	0.801595
102	65	0.810562
102	74	0.71027
102	80	0.727691
102	84	0.668029
102	93	0.746314
102	96	0.788241
102	103	0.774014
102	123	0.779263
102	153	3.23173
102	158	3.59314
102	161	0.664712
102	172	0.709474
102	176	6.17523
102	180	4.55643
103	8	0.744764
103	9	0.449546
103	23	0.810332
103	38	0.773208
103	40	0.759425
103	41	0.778633
103	44	0.81053
103	46	0.768289
103	54	0.762529
103	62	0.818069
103	65	0.827036
103	74	0.726744
103	80	0.744165
103	84	0.684503
103	93	0.762788
103	96	0.804715
103	102	0.774014
103	104	2.57205
103	123	0.795738
103	144	1.83561
103	146	3.04006
103	160	4.50468
103	161	0.681186
103	170	8.04559
103	172	0.725948
104	26	2.01404
104	51	1.65512
104	82	0.815616
104	90	1.58037
104	103	2.57205
104	122	0.767669
104	136	0.673817
104	140	0.767295
104	148	0.757418
104	154	0.774234
104	162	0.755788
104	163	0.742633
104	164	0.778206
104	165	0.746023
104	166	0.731725
104	167	0.722065
104	168	0.740708
104	169	0.747561
104	170	0.717792
104	171	0.739603
104	173	0.735169
104	175	0.733556
104	176	0.729321
104	177	0.747551
104	179	0.728229
105	5	6.12087
105	55	0.754495
105	98	3.07913
105	112	0.62881
105	120	0.656691
105	146	0.668749
105	148	0.666578
105	149	0.633772
105	153	0.696322
105	154	0.683394
105	163	0.651793
105	165	0.655183
105	166	0.640885
105	168	0.649868
105	169	0.656721
105	171	0.648763
105	173	0.644329
105	174	0.645769
105	175	0.642716
105	176	0.638481
105	178	0.655166
105	179	0.637388
105	180	0.628879
106	21	1.80363
106	47	3.10629
106	51	3.16728
106	79	1.92279
106	130	0.768313
106	149	0.687305
106	153	0.749856
106	155	0.786069
106	157	0.71943
106	159	0.726375
106	162	0.718481
106	164	0.740899
106	165	0.708716
106	166	0.694418
106	167	0.684758
106	168	0.703401
106	169	0.710254
106	170	0.680486
106	171	0.702296
106	173	0.697862
106	174	0.699302
106	175	0.69625
106	176	0.692015
106	178	0.708699
106	179	0.690922
107	18	1.33215
107	20	0.718597
107	26	0.778301
107	28	0.762985
107	58	0.744375
107	60	0.724
107	66	0.738642
107	73	0.722971
107	76	0.725562
107	77	0.719564
107	78	0.783284
107	79	0.781941
107	81	0.768029
107	89	0.744636
107	111	0.741407
107	113	0.741426
107	115	0.741449
107	116	0.780038
107	118	0.770026
107	123	2.40504
107	134	0.741202
107	137	0.661055
107	158	0.704135
107	165	4.95847
107	173	5.2211
107	176	5.94201
108	60	3.62956
108	65	2.13991
108	72	0.742574
108	100	1.81084
108	121	0.699009
108	124	0.895282
108	129	0.7397
108	143	0.746299
108	151	0.676717
108	152	0.753019
108	154	0.732888
108	155	0.78203
108	160	0.695166
108	162	0.714442
108	163	0.701287
108	165	0.704677
108	166	0.690379
108	167	0.680719
108	168	0.699362
108	170	0.676446
108	174	0.695263
108	175	0.69221
108	176	0.687975
108	178	0.70466
108	179	0.686883
108	180	0.678373
109	1	0.800952
109	4	0.736563
109	7	0.725425
109	12	0.851256
109	17	0.824778
109	22	0.834678
109	33	0.462919
109	35	0.315508
109	39	0.811085
109	47	0.797443
109	53	0.776027
109	64	0.766234
109	71	0.829188
109	75	0.756425
109	90	0.771721
109	94	1.2303
109	95	0.821626
109	100	0.822236
109	101	0.764777
109	117	2.20501
109	119	0.797025
109	123	1.70194
109	134	3.79851
109	139	4.33623
109	140	3.60691
109	154	3.72738
109	180	0.702977
110	34	0.750669
110	36	0.696229
110	70	2.05266
110	78	2.71315
110	88	3.80047
110	93	2.23373
110	112	0.66732
110	127	0.712888
110	130	0.753291
110	131	0.70515
110	132	0.776811
110	135	0.79495
110	141	0.710957
110	146	0.70726
110	153	0.734833
110	160	0.684183
110	165	0.693693
110	167	0.669736
110	169	0.695231
110	170	0.665463
110	171	0.687273
110	173	0.682839
110	174	0.684279
110	175	0.681227
110	176	0.676992
110	178	0.693677
110	179	0.675899
111	11	0.730926
111	18	2.23791
111	20	0.712057
111	26	0.771761
111	28	0.756445
111	55	0.158408
111	58	0.737835
111	60	0.71746
111	66	0.732102
111	73	0.716431
111	76	0.719022
111	77	0.713024
111	78	0.776744
111	79	0.775401
111	81	0.761489
111	89	0.738096
111	107	0.741407
111	113	0.734886
111	115	0.734909
111	116	0.773498
111	118	0.763486
111	134	0.734662
111	137	0.654515
111	143	3.03613
111	158	0.697595
111	162	5.45189
111	164	4.94416
112	100	10.4
112	105	0.62881
112	110	0.66732
112	120	0.614924
112	122	0.635062
112	131	0.624873
112	140	0.634688
112	142	0.679974
112	148	0.624812
112	153	0.654556
112	155	0.690769
112	157	0.62413
112	159	0.631075
112	164	0.6456
112	165	0.613416
112	167	0.589459
112	168	0.608101
112	169	0.614954
112	170	0.585186
112	171	0.606996
112	173	0.602563
112	174	0.604003
112	175	0.60095
112	176	0.596715
112	178	0.6134
112	179	0.595622
113	11	0.730945
113	20	0.712076
113	26	0.77178
113	28	0.756464
113	58	0.737854
113	60	0.717478
113	66	0.732121
113	73	0.716449
113	76	0.719041
113	77	0.713043
113	78	0.776762
113	79	0.77542
113	81	0.761508
113	89	0.738115
113	107	0.741426
113	111	0.734886
113	115	0.734928
113	116	0.773517
113	118	0.763505
113	123	1.868
113	134	0.734681
113	137	0.654534
113	148	2.74553
113	149	8.90242
113	153	2.92815
113	158	0.697613
113	167	5.19701
114	19	0.60522
114	21	0.734825
114	27	0.734322
114	28	3.08757
114	29	0.734039
114	30	0.733991
114	45	0.719385
114	48	0.649126
114	49	0.702696
114	57	0.702751
114	86	5.43264
114	94	2.2798
114	124	0.681551
114	129	0.688566
114	136	0.697438
114	141	0.670807
114	149	0.632132
114	151	0.625583
114	159	0.671202
114	162	0.663308
114	163	0.650153
114	165	0.653543
114	168	0.648228
114	175	0.641076
114	177	0.655071
114	178	0.653526
114	179	0.635749
115	11	0.730968
115	20	0.712099
115	26	0.771803
115	28	0.756487
115	58	0.737877
115	60	0.717502
115	66	0.732144
115	73	0.716473
115	76	0.719064
115	77	0.713066
115	78	0.776786
115	79	0.775443
115	81	0.761531
115	89	0.738138
115	107	0.741449
115	111	0.734909
115	113	0.734928
115	116	0.77354
115	118	0.763528
115	121	5.63986
115	128	2.71675
115	134	0.734704
115	135	2.69644
115	137	0.654557
115	141	3.19755
115	158	0.697637
115	170	8.21928
116	11	0.769557
116	20	0.750688
116	28	0.795076
116	58	0.776466
116	60	0.75609
116	66	0.770733
116	73	0.755061
116	76	0.757653
116	77	0.751655
116	78	0.815374
116	79	0.814032
116	81	0.80012
116	89	0.776727
116	107	0.780038
116	111	0.773498
116	113	0.773517
116	115	0.77354
116	118	0.802117
116	134	0.773293
116	137	0.693146
116	139	2.21921
116	155	1.28404
116	158	0.736225
116	164	2.46599
116	166	6.31061
116	176	5.85865
116	177	2.0425
117	10	2.42435
117	17	1.55486
117	57	2.6919
117	81	2.32387
117	109	2.20501
117	123	0.80007
117	132	0.802589
117	140	0.740743
117	141	0.736735
117	152	0.767814
117	155	0.796824
117	157	0.730185
117	159	0.73713
117	162	0.729237
117	163	0.716082
117	165	0.719471
117	166	0.705173
117	167	0.695514
117	168	0.714156
117	170	0.691241
117	172	0.730281
117	173	0.708617
117	174	0.710057
117	175	0.707005
117	176	0.70277
117	177	0.720999
117	178	0.719455
117	179	0.701677
118	11	0.759545
118	20	0.740676
118	26	0.80038
118	28	0.785064
118	34	0.455246
118	58	0.766454
118	60	0.746078
118	66	0.76072
118	73	0.745049
118	76	0.747641
118	77	0.741643
118	78	0.805362
118	79	0.80402
118	81	0.790108
118	82	0.883518
118	89	0.766714
118	107	0.770026
118	111	0.763486
118	113	0.763505
118	115	0.763528
118	116	0.802117
118	122	4.50228
118	134	0.763281
118	137	0.683133
118	153	3.2692
118	158	0.726213
118	172	3.73399
118	178	5.38701
119	1	0.779204
119	7	0.703677
119	13	0.738127
119	16	0.747838
119	22	0.81293
119	47	0.775695
119	52	0.764355
119	67	0.81281
119	75	0.734677
119	86	0.767677
119	90	0.749973
119	91	0.758829
119	94	0.612797
119	95	0.799878
119	97	0.748984
119	100	0.800488
119	101	0.743029
119	109	0.797025
119	128	0.792137
119	138	0.764191
119	141	4.43922
119	150	0.697685
119	154	2.48939
119	155	2.07897
119	156	0.699844
119	164	3.34501
119	165	5.75413
119	172	4.25895
119	177	0.709061
119	180	0.681229
120	33	6.57407
120	36	0.643833
120	40	5.02593
120	61	0.640973
120	105	0.656691
120	112	0.614924
120	126	0.657063
120	137	0.608484
120	152	0.68964
120	154	0.669508
120	155	0.71865
120	157	0.652011
120	159	0.658956
120	162	0.651063
120	163	0.637908
120	164	0.673481
120	165	0.641297
120	166	0.626999
120	167	0.61734
120	168	0.635982
120	169	0.642835
120	170	0.613067
120	171	0.634877
120	173	0.630444
120	174	0.631883
120	175	0.628831
120	176	0.624596
120	178	0.641281
120	179	0.623503
121	64	5.56014
121	108	0.699009
121	115	5.63986
121	126	0.649887
121	129	0.669144
121	131	0.645578
121	140	0.655393
121	141	0.651386
121	144	0.701337
121	147	0.63773
121	154	0.662332
121	155	0.711474
121	157	0.644835
121	160	0.624611
121	162	0.643887
121	163	0.630732
121	164	0.666305
121	165	0.634121
121	166	0.619823
121	168	0.628806
121	171	0.627701
121	172	0.644931
121	173	0.623268
121	174	0.624708
121	175	0.621655
121	176	0.61742
121	178	0.634105
121	179	0.616327
122	45	4.19186
122	64	3.70586
122	104	0.767669
122	112	0.635062
122	118	4.50228
122	127	0.68063
122	137	0.628622
122	145	0.692097
122	148	0.672831
122	151	0.633475
122	153	0.702575
122	154	0.689646
122	157	0.672149
122	158	0.671702
122	161	0.627483
122	162	0.671201
122	163	0.658046
122	164	0.693618
122	165	0.661435
122	166	0.647137
122	167	0.637478
122	168	0.65612
122	169	0.662973
122	170	0.633205
122	173	0.650582
122	174	0.652021
122	175	0.648969
122	176	0.644734
122	177	0.662963
122	178	0.661419
122	179	0.643641
123	13	3.47888
123	22	1.11572
123	24	0.776113
123	40	0.764675
123	41	0.783882
123	46	0.773538
123	54	0.767778
123	62	0.823318
123	74	0.731994
123	80	0.749415
123	93	0.768037
123	102	0.779263
123	103	0.795738
123	107	2.40504
123	109	1.70194
123	113	1.868
123	117	0.80007
123	126	0.736154
123	129	0.755411
123	136	0.325814
123	160	0.710877
123	161	0.686436
123	168	0.715073
123	170	0.692158
123	172	0.731198
123	173	0.709534
123	174	0.710974
123	175	0.707922
123	176	0.703687
123	178	0.720371
123	179	0.702594
124	3	0.701438
124	5	0.699631
124	21	0.74908
124	25	0.616134
124	27	0.748577
124	29	0.748294
124	30	0.748246
124	31	0.751311
124	37	0.708798
124	44	0.763189
124	45	0.73364
124	49	0.716951
124	51	0.724143
124	56	0.725615
124	57	0.717006
124	59	0.792666
124	70	0.755639
124	88	0.769245
124	98	1.2896
124	99	0.746542
124	108	0.895282
124	114	0.681551
124	136	0.711693
124	138	0.724455
124	147	0.671406
124	159	3.66807
124	165	3.64048
124	166	5.07598
124	179	5.26455
124	180	3.00522
125	25	0.62063
125	31	0.755807
125	52	2.61874
125	56	0.730111
125	62	3.4453
125	63	0.712694
125	68	0.693212
125	69	0.760721
125	78	3.66156
125	87	2.67439
125	88	0.773741
125	98	0.634709
125	99	0.751039
125	136	0.716189
125	138	0.728952
125	146	0.68586
125	147	0.675902
125	149	0.650883
125	152	0.720636
125	164	0.704477
125	166	0.657996
125	167	0.648336
125	168	0.666979
125	169	0.673832
125	170	0.644063
125	171	0.665874
125	174	0.66288
125	175	0.659827
125	176	0.655592
125	178	0.672277
125	179	0.6545
126	85	3.82703
126	90	6.89929
126	99	2.07368
126	120	0.657063
126	121	0.649887
126	123	0.736154
126	129	0.690578
126	130	0.715152
126	140	0.676827
126	142	0.722113
126	145	0.686217
126	146	0.669121
126	149	0.634144
126	151	0.627595
126	153	0.696695
126	160	0.646044
126	162	0.66532
126	164	0.687738
126	165	0.655555
126	167	0.631597
126	168	0.65024
126	170	0.627325
126	171	0.649135
126	172	0.666364
126	173	0.644701
126	174	0.646141
126	175	0.643088
126	176	0.638854
126	177	0.657083
126	178	0.655538
126	179	0.637761
126	180	0.629251
127	14	0.622046
127	60	3.75782
127	96	5.75728
127	99	3.2849
127	110	0.712888
127	122	0.68063
127	131	0.670441
127	135	0.760241
127	143	0.700606
127	149	0.637574
127	151	0.631024
127	154	0.687195
127	157	0.669698
127	159	0.676643
127	160	0.649474
127	162	0.66875
127	163	0.655595
127	164	0.691168
127	166	0.644686
127	167	0.635027
127	168	0.653669
127	169	0.660522
127	170	0.630754
127	171	0.652564
127	172	0.669794
127	173	0.648131
127	174	0.64957
127	175	0.646518
127	176	0.642283
127	178	0.658968
127	179	0.64119
127	180	0.63268
128	15	2.22599
128	17	1.37394
128	50	0.774818
128	52	0.781215
128	75	2.4795
128	78	1.45125
128	85	0.790698
128	86	0.784537
128	87	0.784324
128	92	0.78089
128	97	0.765844
128	115	2.71675
128	119	0.792137
128	131	0.73585
128	136	0.647963
128	138	0.781051
128	150	0.714545
128	152	0.772736
128	156	0.716704
128	160	0.714882
128	164	0.756576
128	166	0.710095
128	167	0.700435
128	169	0.725931
128	170	0.696163
128	173	0.713539
128	174	0.714979
128	175	0.711927
128	177	0.725921
128	178	0.724377
128	179	0.706599
129	11	2.924
129	16	2.54086
129	30	2.83848
129	108	0.7397
129	114	0.688566
129	121	0.669144
129	123	0.755411
129	126	0.690578
129	135	0.776069
129	138	2.87018
129	139	0.722538
129	141	0.692076
129	155	0.752165
129	160	0.665302
129	162	0.684578
129	163	0.671423
129	164	0.706996
129	165	0.674812
129	166	0.660514
129	167	0.650855
129	168	0.669497
129	169	0.67635
129	170	0.646582
129	171	0.668392
129	173	0.663959
129	174	0.665398
129	175	0.662346
129	176	0.658111
129	177	0.67634
129	178	0.674796
129	179	0.657018
129	180	0.648508
130	6	3.6545
130	25	3.51944
130	34	0.756363
130	66	2.54638
130	88	1.97525
130	96	1.50443
130	106	0.768313
130	110	0.753291
130	126	0.715152
130	131	0.710843
130	133	0.757243
130	141	0.716651
130	146	0.712953
130	147	0.702995
130	152	0.747729
130	159	0.717045
130	160	0.689876
130	162	0.709152
130	165	0.699387
130	166	0.685088
130	167	0.675429
130	168	0.694072
130	169	0.700925
130	170	0.671156
130	171	0.692967
130	172	0.710196
130	173	0.688533
130	174	0.689973
130	175	0.68692
130	176	0.682685
130	178	0.69937
130	179	0.681592
130	180	0.673083
131	29	3.93204
131	74	3.72564
131	97	4.74232
131	110	0.70515
131	112	0.624873
131	121	0.645578
131	127	0.670441
131	128	0.73585
131	130	0.710843
131	140	0.672518
131	143	0.692868
131	153	0.692385
131	154	0.679457
131	155	0.728599
131	156	0.643556
131	159	0.668904
131	162	0.661011
131	163	0.647856
131	164	0.683429
131	166	0.636948
131	167	0.627288
131	168	0.645931
131	169	0.652784
131	171	0.644826
131	173	0.640392
131	174	0.641832
131	175	0.638779
131	176	0.634544
131	177	0.652774
131	178	0.651229
131	179	0.633452
132	38	1.86025
132	59	2.21203
132	63	1.89785
132	71	1.90477
132	75	2.83083
132	81	2.49428
132	110	0.776811
132	117	0.802589
132	139	0.770633
132	140	0.744179
132	142	0.789464
132	146	0.736473
132	153	0.764047
132	154	0.751118
132	157	0.733621
132	159	0.740566
132	160	0.713396
132	162	0.732672
132	164	0.75509
132	165	0.722907
132	166	0.708609
132	167	0.698949
132	168	0.717592
132	169	0.724445
132	170	0.694676
132	171	0.716487
132	172	0.733716
132	173	0.712053
132	175	0.71044
132	176	0.706205
132	177	0.724435
132	179	0.705113
132	180	0.696603
133	7	3.80925
133	14	0.660708
133	61	0.697322
133	77	2.43296
133	88	1.78944
133	95	2.17852
133	101	2.98983
133	130	0.757243
133	139	0.745372
133	143	0.739268
133	144	0.764862
133	146	0.711212
133	148	0.709042
133	151	0.669686
133	152	0.745988
133	153	0.738786
133	154	0.725857
133	155	0.774999
133	157	0.70836
133	163	0.694257
133	165	0.697646
133	166	0.683348
133	167	0.673688
133	168	0.692331
133	169	0.699184
133	170	0.669415
133	171	0.691226
133	172	0.708455
133	173	0.686792
133	175	0.685179
133	176	0.680945
133	178	0.697629
133	179	0.679852
134	21	2.04003
134	58	0.73763
134	60	0.717255
134	73	0.716226
134	78	0.776539
134	85	1.8475
134	89	0.737891
134	95	1.99015
134	107	0.741202
134	109	3.79851
134	111	0.734662
134	113	0.734681
134	115	0.734704
