1	13	0.766376
1	16	0.759957
1	43	0.879262
1	55	0.836491
1	58	0.85077
1	71	0.7881
1	78	0.847799
1	121	1.83691
1	125	2.07777
1	139	0.799904
1	162	2.56961
1	166	0.709437
2	53	0.0838385
2	54	1.11617
2	68	1.07069
2	94	0.436409
2	108	1.07364
2	135	1.01027
2	167	0.879629
2	174	0.888158
2	177	0.843486
2	178	0.848169
2	179	0.830285
2	180	0.828955
3	20	0.937385
3	24	1.06263
3	35	0.910984
3	52	0.847405
3	72	0.956349
3	128	1.02434
3	154	0.841266
3	166	0.802777
3	169	1.72048
3	172	0.846615
3	176	2.01731
3	178	2.28915
4	53	0.916698
4	54	0.839943
4	61	0.97455
4	69	0.946391
4	74	0.920731
4	75	0.920597
4	77	0.920566
4	85	1.26292
4	130	2.1825
4	155	0.791366
4	165	1.7879
4	170	1.82889
5	76	0.860735
5	79	0.905794
5	86	0.886415
5	94	0.929043
5	99	1.5725
5	100	0.948635
5	102	0.892611
5	109	0.929737
5	118	2.04281
5	150	1.31379
5	154	2.11638
5	163	0.909908
6	15	0.850064
6	25	0.901855
6	38	0.784261
6	39	0.777649
6	41	0.755526
6	50	0.733479
6	64	0.876999
6	82	0.80174
6	118	0.725991
6	152	1.26069
6	161	2.3505
6	173	2.93492
7	18	0.813091
7	27	0.885833
7	30	0.791321
7	42	0.749929
7	44	0.749929
7	45	0.756184
7	56	0.823562
7	63	0.790485
7	66	0.874866
7	118	2.30956
7	143	1.85528
7	174	2.33797
8	13	0.844588
8	34	0.985578
8	43	0.957473
8	58	0.928981
8	71	0.866311
8	78	0.92601
8	127	1.29425
8	145	1.58939
8	149	0.926219
8	150	1.35821
8	166	0.787648
8	176	2.77133
9	29	0.830204
9	33	0.829113
9	40	0.79588
9	60	0.829633
9	62	0.829655
9	95	1.9431
9	128	0.81321
9	143	1.195
9	157	0.829861
9	172	0.756813
9	173	0.698044
9	180	3.44131
10	15	0.951059
10	22	0.926707
10	38	0.885256
10	39	0.878644
10	41	0.856521
10	50	0.834473
10	64	0.977994
10	82	0.902735
10	133	1.45163
10	147	1.89081
10	152	1.70774
10	165	2.02861
11	40	0.894067
11	46	0.982065
11	49	0.890906
11	60	0.92782
11	62	0.927843
11	118	1.6886
11	151	1.46337
11	157	0.928048
11	160	1.67163
11	167	2.26949
11	172	0.855001
11	173	0.796231
12	17	0.887431
12	20	0.963697
12	35	0.937296
12	52	0.873717
12	72	0.982661
12	89	1.19752
12	108	1.02311
12	143	1.62758
12	154	0.867578
12	166	0.82909
12	172	0.872928
12	173	3.21496
13	1	0.766376
13	8	0.844588
13	32	0.798664
13	43	0.859846
13	58	0.831354
13	71	0.768684
13	78	0.828383
13	149	0.828592
13	159	1.76227
13	166	0.690021
13	170	2.25211
13	174	2.4598
14	23	0.822275
14	47	0.760364
14	89	0.812667
14	91	0.782422
14	113	0.806292
14	147	0.774837
14	149	0.825717
14	156	1.53125
14	157	0.804031
14	163	0.810489
14	172	1.88972
14	173	3.11127
15	6	0.850064
15	10	0.951059
15	19	0.909035
15	38	0.887037
15	50	0.836254
15	64	0.979774
15	82	0.904516
15	101	1.71607
15	115	1.52975
15	125	0.888717
15	127	1.1896
15	155	2.61397
16	1	0.759957
16	32	0.792245
16	34	0.881531
16	55	0.810656
16	58	0.824935
16	78	0.821964
16	93	1.65451
16	106	0.817303
16	142	1.91709
16	149	0.822173
16	166	0.683601
16	174	2.83082
17	12	0.887431
17	21	0.831146
17	24	0.951278
17	28	1.58537
17	35	0.799629
17	52	0.73605
17	72	0.844994
17	154	0.72991
17	158	2.34256
17	166	0.691422
17	170	2.44903
17	172	0.73526
18	7	0.813091
18	27	0.955673
18	37	0.841334
18	42	0.81977
18	44	0.81977
18	56	0.893403
18	63	0.860326
18	66	0.944706
18	103	1.70405
18	126	1.10962
18	128	0.858241
18	158	1.66659
18	171	2.89237
19	15	0.909035
19	25	0.960827
19	38	0.843233
19	39	0.836621
19	41	0.814497
19	50	0.79245
19	64	0.93597
19	82	0.860712
19	125	0.844913
19	129	2.27822
19	140	1.80276
19	144	1.94733
19	148	1.48199
20	3	0.937385
20	12	0.963697
20	21	0.907413
20	35	0.875895
20	52	0.812316
20	72	0.92126
20	101	2.25148
20	107	1.85002
20	110	1.49794
20	154	0.806177
20	159	1.84888
20	166	0.767689
20	172	0.811527
21	17	0.831146
21	20	0.907413
21	24	1.03266
21	35	0.881012
21	52	0.817433
21	72	0.926377
21	89	1.5684
21	112	1.58281
21	114	2.30674
21	137	1.87653
21	154	0.811293
21	166	0.772805
21	172	0.816643
22	10	0.926707
22	28	0.740362
22	38	0.862685
22	39	0.856073
22	41	0.833949
22	50	0.811902
22	64	0.955423
22	82	0.880164
22	118	0.804415
22	125	0.864365
22	175	2.29268
22	177	2.32046
22	180	2.63497
23	14	0.822275
23	47	0.841428
23	91	0.863486
23	96	1.69581
23	111	0.839876
23	113	0.887356
23	146	2.20533
23	147	0.8559
23	149	0.906781
23	157	0.885095
23	159	1.44221
23	163	0.891552
23	174	2.13973
24	3	1.06263
24	17	0.951278
24	21	1.03266
24	52	0.937564
24	72	1.04651
24	143	0.713867
24	154	0.931425
24	156	0.721228
24	160	1.15117
24	166	0.892936
24	172	0.936774
24	177	2.64567
24	180	2.96018
25	6	0.901855
25	19	0.960827
25	38	0.938828
25	39	0.932216
25	41	0.910092
25	50	0.888045
25	64	1.03157
25	82	0.956307
25	97	1.47911
25	118	0.880558
25	127	1.27817
25	140	2.07729
25	152	1.53001
25	168	2.08612
26	48	0.908918
26	57	0.958136
26	65	0.944673
26	73	0.968069
26	81	0.944907
26	87	0.924581
26	88	0.989775
26	89	1.30606
26	146	0.875653
26	150	1.46138
26	152	1.64927
26	156	1.74348
26	157	0.952144
26	174	2.21881
27	7	0.885833
27	18	0.955673
27	31	1.01974
27	37	0.914075
27	42	0.892512
27	44	0.892512
27	45	0.898766
27	63	0.933067
27	66	1.01745
27	91	1.13819
27	103	1.51336
27	135	1.17522
27	155	2.39303
27	169	2.14892
28	17	1.58537
28	22	0.740362
28	49	1.35827
28	111	0.812195
28	141	0.92144
28	165	0.898713
28	169	0.849463
28	170	0.882647
28	174	0.843149
28	176	0.820633
28	177	0.798477
28	178	0.80316
28	179	0.785276
28	180	0.783946
29	9	0.830204
29	33	0.866447
29	40	0.833214
29	46	0.921212
29	49	0.830052
29	60	0.866967
29	62	0.866989
29	85	0.681723
29	129	1.90858
29	157	0.867195
29	172	0.794147
29	173	0.735378
29	178	2.3829
29	179	2.87944
30	7	0.791321
30	31	0.925226
30	37	0.819564
30	42	0.798
30	44	0.798
30	45	0.804255
30	56	0.871633
30	63	0.838556
30	66	0.922937
30	93	1.5799
30	126	1.88509
30	128	0.836471
30	145	2.22996
30	150	1.99878
31	27	1.01974
31	30	0.925226
31	37	0.905397
31	42	0.883834
31	44	0.883834
31	45	0.890088
31	56	0.957467
31	63	0.924389
31	66	1.00877
31	121	1.4105
31	125	1.65137
31	142	1.24831
31	151	1.9084
31	168	2.14861
32	13	0.798664
32	16	0.792245
32	43	0.911549
32	55	0.868779
32	58	0.883057
32	71	0.820387
32	78	0.880086
32	91	2.09718
32	127	1.92766
32	133	1.92339
32	139	0.832191
32	142	1.83532
32	149	0.880295
32	166	0.741724
33	9	0.829113
33	29	0.866447
33	40	0.832122
33	46	0.920121
33	49	0.828961
33	60	0.865875
33	62	0.865898
33	108	1.64469
33	112	1.8335
33	115	2.2506
33	135	2.11701
33	157	0.866103
33	172	0.793056
33	173	0.734286
34	8	0.985578
34	16	0.881531
34	55	0.958065
34	58	0.972344
34	71	0.909674
34	78	0.969373
34	107	1.05207
34	139	0.921478
34	143	1.26576
34	147	1.36197
34	149	0.969582
34	166	0.831011
34	172	1.63158
34	177	3.19756
35	3	0.910984
35	12	0.937296
35	17	0.799629
35	20	0.875895
35	21	0.881012
35	52	0.785915
35	72	0.894859
35	99	1.7912
35	107	1.59355
35	152	1.72038
35	154	0.779776
35	161	2.8102
35	166	0.741287
35	172	0.785125
36	53	0.861071
36	54	0.784317
36	59	0.841063
36	61	0.918923
36	69	0.890765
36	74	0.865104
36	75	0.86497
36	77	0.864939
36	136	0.811086
36	137	1.63837
36	139	1.6639
36	142	1.32927
36	155	0.735739
36	178	3.17053
37	18	0.841334
37	27	0.914075
37	30	0.819564
37	31	0.905397
37	42	0.778172
37	44	0.778172
37	45	0.784426
37	56	0.851804
37	63	0.818727
37	66	0.903108
37	85	1.71103
37	127	1.6633
37	147	2.09821
37	172	2.36782
38	6	0.784261
38	10	0.885256
38	15	0.887037
38	19	0.843233
38	22	0.862685
38	25	0.938828
38	50	0.770451
38	82	0.838713
38	91	1.56542
38	101	1.92237
38	118	0.762964
38	125	0.822914
38	168	2.20386
38	172	2.10043
39	6	0.777649
39	10	0.878644
39	19	0.836621
39	22	0.856073
39	25	0.932216
39	41	0.785887
39	50	0.763839
39	57	0.843423
39	64	0.90736
39	82	0.832101
39	114	2.27678
39	126	1.58008
39	128	2.11391
39	159	1.75367
40	9	0.79588
40	11	0.894067
40	29	0.833214
40	33	0.832122
40	46	0.886888
40	49	0.795728
40	60	0.832643
40	62	0.832665
40	139	1.28521
40	157	0.83287
40	166	2.35339
40	168	1.85088
40	171	2.77594
40	172	0.759823
40	173	0.701053
41	6	0.755526
41	10	0.856521
41	19	0.814497
41	22	0.833949
41	25	0.910092
41	39	0.785887
41	50	0.741716
41	57	0.821299
41	64	0.885236
41	82	0.809978
41	106	1.51493
41	125	0.794178
41	147	1.69765
41	156	1.6088
41	179	3.50819
42	7	0.749929
42	18	0.81977
42	27	0.892512
42	30	0.798
42	31	0.883834
42	37	0.778172
42	45	0.762863
42	56	0.830241
42	63	0.797164
42	66	0.881545
42	107	1.40001
42	121	1.34485
42	128	0.795079
42	160	2.051
42	179	3.52045
43	1	0.879262
43	8	0.957473
43	13	0.859846
43	32	0.911549
43	55	0.92996
43	71	0.881569
43	96	1.22304
43	106	0.936608
43	125	1.15629
43	139	0.893373
43	149	0.941477
43	165	1.41829
43	166	0.802906
43	168	1.65353
43	180	3.43058
44	7	0.749929
44	18	0.81977
44	27	0.892512
44	30	0.798
44	31	0.883834
44	37	0.778172
44	45	0.762863
44	56	0.830241
44	63	0.797164
44	66	0.881545
44	95	2.73416
44	110	1.42029
44	126	1.59763
44	128	0.795079
44	168	2.45532
45	7	0.756184
45	27	0.898766
45	30	0.804255
45	31	0.890088
45	37	0.784426
45	42	0.762863
45	44	0.762863
45	56	0.836495
45	63	0.803418
45	66	0.887799
45	89	1.78774
45	128	0.801334
45	137	2.09586
45	147	2.31401
45	159	2.00297
46	11	0.982065
46	29	0.921212
46	33	0.920121
46	40	0.886888
46	49	0.883726
46	60	0.920641
46	62	0.920663
46	96	1.25794
46	107	1.00549
46	152	1.13232
46	157	0.920869
46	172	0.847821
46	173	0.789052
46	176	2.35755
46	179	3.12593
47	14	0.760364
47	23	0.841428
47	89	0.83182
47	91	0.801576
47	106	0.840001
47	111	0.777965
47	113	0.825445
47	118	2.00393
47	144	2.15466
47	147	0.79399
47	149	0.844871
47	154	2.07751
47	157	0.823184
47	163	0.829642
47	174	2.03235
48	26	0.908918
48	65	0.816155
48	73	0.839551
48	81	0.816389
48	83	0.821653
48	87	0.796063
48	88	0.861257
48	96	2.07319
48	121	0.83518
48	125	2.00643
48	136	0.783702
48	145	1.99086
48	146	0.747135
48	148	2.17408
48	157	0.823626
49	11	0.890906
49	28	1.35827
49	29	0.830052
49	33	0.828961
49	40	0.795728
49	46	0.883726
49	60	0.829481
49	62	0.829503
49	89	1.51685
49	128	0.813058
49	153	1.98739
49	157	0.829709
49	169	2.78847
49	172	0.756662
49	173	0.697892
50	6	0.733479
50	10	0.834473
50	15	0.836254
50	19	0.79245
50	22	0.811902
50	25	0.888045
50	38	0.770451
50	39	0.763839
50	41	0.741716
50	64	0.863189
50	82	0.78793
50	125	0.772131
50	156	0.840515
50	173	2.42053
50	177	2.76495
50	179	2.73991
51	68	0.860442
51	90	0.857655
51	111	0.844744
51	116	0.894053
51	120	0.915271
51	122	0.919605
51	123	0.875783
51	125	0.868834
51	132	0.905991
51	138	0.909587
51	140	1.91309
51	146	2.00095
51	148	1.59232
51	150	1.17792
51	173	0.758146
51	176	2.59104
52	3	0.847405
52	12	0.873717
52	17	0.73605
52	20	0.812316
52	21	0.817433
52	24	0.937564
52	35	0.785915
52	72	0.83128
52	93	0.827445
52	148	1.74595
52	151	1.83534
52	154	0.716197
52	156	1.61365
52	166	0.677708
52	172	0.721546
52	175	3.51031
53	2	0.0838385
53	4	0.916698
53	36	0.861071
53	54	0.81022
53	59	0.866967
53	61	0.944826
53	69	0.916668
53	74	0.891008
53	75	0.890874
53	77	0.890842
53	113	0.879174
53	134	2.62491
53	155	0.761642
53	156	1.35241
53	161	2.34801
53	166	2.31682
54	2	1.11617
54	4	0.839943
54	36	0.784317
54	53	0.81022
54	59	0.790212
54	61	0.868072
54	69	0.839913
54	74	0.814253
54	75	0.814119
54	77	0.814088
54	105	0.800788
54	136	0.760235
54	139	2.28097
54	150	2.10263
54	155	0.684888
54	158	2.54591
55	1	0.836491
55	16	0.810656
55	32	0.868779
55	34	0.958065
55	43	0.92996
55	58	0.901469
55	71	0.838798
55	78	0.898498
55	103	1.97538
55	106	0.893837
55	110	1.20361
55	149	0.898707
55	151	1.99844
55	156	1.77675
55	166	0.760135
55	174	2.25208
56	7	0.823562
56	18	0.893403
56	30	0.871633
56	31	0.957467
56	37	0.851804
56	42	0.830241
56	44	0.830241
56	45	0.836495
56	63	0.870796
56	66	0.955177
56	112	0.829726
56	128	0.868712
56	141	1.41837
56	155	2.33105
56	170	1.52039
56	175	3.1494
57	26	0.958136
57	39	0.843423
57	41	0.821299
57	67	1.40558
57	82	0.867514
57	83	0.87087
57	86	0.855807
57	87	0.84528
57	88	0.910475
57	100	0.918027
57	102	0.862003
57	109	0.899129
57	126	0.941935
57	166	2.30213
57	168	1.79962
57	178	2.74058
58	1	0.85077
58	8	0.928981
58	13	0.831354
58	16	0.824935
58	32	0.883057
58	34	0.972344
58	55	0.901469
58	71	0.853077
58	78	0.912776
58	114	1.45258
58	134	2.42417
58	139	0.864882
58	158	1.31284
58	159	0.929474
58	166	0.774414
58	179	3.05106
59	36	0.841063
59	53	0.866967
59	54	0.790212
59	61	0.924819
59	69	0.89666
59	74	0.871
59	75	0.870866
59	77	0.870834
59	105	0.857534
59	113	0.859166
59	125	1.51104
59	136	0.816982
59	137	1.41708
59	146	2.08731
59	154	2.06687
59	155	0.741635
59	167	2.57419
60	9	0.829633
60	11	0.92782
60	29	0.866967
60	33	0.865875
60	40	0.832643
60	46	0.920641
60	49	0.829481
60	62	0.866418
60	110	1.16395
60	128	0.849973
60	139	1.63331
60	143	1.72972
60	157	0.866624
60	165	1.96373
60	172	0.793576
60	173	0.734806
60	178	3.13994
61	4	0.97455
61	36	0.918923
61	53	0.944826
61	54	0.868072
61	59	0.924819
61	69	0.97452
61	74	0.94886
61	75	0.948726
61	77	0.948694
61	105	0.935394
61	106	1.06301
61	134	2.42938
61	139	1.05311
61	141	1.3225
61	146	1.6978
61	155	0.819495
61	173	2.73689
62	9	0.829655
62	11	0.927843
62	29	0.866989
62	33	0.865898
62	40	0.832665
62	46	0.920663
62	49	0.829503
62	60	0.866418
62	95	2.30537
62	96	1.59604
62	128	0.849995
62	141	1.73026
62	146	2.10556
62	157	0.866646
62	160	1.99458
62	172	0.793598
62	173	0.734829
63	7	0.790485
63	18	0.860326
63	27	0.933067
63	30	0.838556
63	31	0.924389
63	37	0.818727
63	42	0.797164
63	44	0.797164
63	45	0.803418
63	56	0.870796
63	66	0.9221
63	108	1.04619
63	128	0.835635
63	130	2.27927
63	139	1.55425
63	166	2.62243
63	174	2.13335
64	6	0.876999
64	10	0.977994
64	15	0.979774
64	19	0.93597
64	22	0.955423
64	25	1.03157
64	39	0.90736
64	41	0.885236
64	50	0.863189
64	82	0.931451
64	85	1.37045
64	99	1.64537
64	118	0.855701
64	128	1.80682
64	158	1.82995
64	159	1.44658
64	172	2.02724
65	26	0.944673
65	48	0.816155
65	73	0.875306
65	81	0.852143
65	83	0.857408
65	87	0.831818
65	88	0.897012
65	113	0.861642
65	133	1.28716
65	136	0.819457
65	139	0.832963
65	146	0.78289
65	157	0.859381
65	159	1.41529
65	160	2.06743
65	165	1.86414
65	171	3.02445
66	7	0.874866
66	18	0.944706
66	27	1.01745
66	30	0.922937
66	31	1.00877
66	37	0.903108
66	42	0.881545
66	44	0.881545
66	45	0.887799
66	56	0.955177
66	63	0.9221
66	130	1.66485
66	142	0.605197
66	150	0.761494
66	161	2.0392
66	164	3.11561
66	166	2.00801
67	57	1.40558
67	74	1.39044
67	138	1.00848
67	150	0.919667
67	154	0.801284
67	160	0.827878
67	162	0.795317
67	163	1.24905
67	166	0.762795
67	167	0.776934
67	170	0.82496
67	171	0.74808
67	174	0.785463
67	175	0.738988
67	177	0.740791
67	179	0.72759
67	180	0.72626
68	2	1.07069
68	51	0.860442
68	70	0.813287
68	80	0.836058
68	85	2.04094
68	92	0.860245
68	93	1.63828
68	104	0.8168
68	116	0.841421
68	117	0.833442
68	119	0.863542
68	120	0.862639
68	122	0.866973
68	131	0.829214
68	132	0.853359
68	142	1.90086
68	172	2.69772
68	173	0.705514
69	4	0.946391
69	36	0.890765
69	53	0.916668
69	54	0.839913
69	59	0.89666
69	61	0.97452
69	74	0.920701
69	75	0.920567
69	77	0.920536
69	113	0.908867
69	121	1.19644
69	129	2.40117
69	136	0.866683
69	143	1.46528
69	145	1.42173
69	150	1.19054
69	155	0.791336
69	178	2.8755
70	68	0.813287
70	80	0.841535
70	90	0.8105
70	92	0.865722
70	98	0.839475
70	104	0.822277
70	116	0.846897
70	117	0.838919
70	119	0.869019
70	131	0.83469
70	135	1.2546
70	138	0.862431
70	152	1.2999
70	154	0.76441
70	163	0.849265
70	164	3.46612
70	166	2.35852
70	170	1.66176
71	1	0.7881
71	8	0.866311
71	13	0.768684
71	32	0.820387
71	34	0.909674
71	43	0.881569
71	55	0.838798
71	58	0.853077
71	78	0.850106
71	106	0.845446
71	139	0.802211
71	149	0.850315
71	152	1.45182
71	154	2.06652
71	155	2.62434
71	159	1.32384
71	166	0.711744
71	167	2.57384
72	3	0.956349
72	12	0.982661
72	17	0.844994
72	20	0.92126
72	21	0.926377
72	24	1.04651
72	35	0.894859
72	52	0.83128
72	93	0.936389
72	135	1.15029
72	151	1.51149
72	153	1.32291
72	154	0.825141
72	166	0.786653
72	169	2.12399
72	172	0.830491
72	174	1.76513
72	178	2.69266
73	26	0.968069
73	48	0.839551
73	65	0.875306
73	81	0.875539
73	83	0.880803
73	87	0.855214
73	88	0.920408
73	93	0.915627
73	97	1.46881
73	121	0.894331
73	128	1.75197
73	136	0.842853
73	139	0.856359
73	146	0.806286
73	152	1.51971
73	156	1.61393
73	157	0.882776
73	166	2.57834
73	168	2.07583
74	4	0.920731
74	36	0.865104
74	53	0.891008
74	54	0.814253
74	59	0.871
74	61	0.94886
74	67	1.39044
74	69	0.920701
74	75	0.894907
74	77	0.894875
74	96	1.35398
74	105	0.881575
74	113	0.883207
74	124	1.95884
74	128	1.46062
74	136	0.841022
74	153	1.35569
74	155	0.765676
74	173	2.90259
75	4	0.920597
75	36	0.86497
75	53	0.890874
75	54	0.814119
75	59	0.870866
75	61	0.948726
75	69	0.920567
75	74	0.894907
75	77	0.894741
75	93	1.21685
75	105	0.881441
75	110	1.3447
75	113	0.883073
75	136	0.840889
75	151	2.13953
75	152	1.82362
75	153	1.95095
75	154	2.43832
75	155	0.765542
76	5	0.860735
76	79	0.826479
76	84	0.830605
76	86	0.8071
76	91	0.802527
76	94	0.849728
76	100	0.869319
76	102	0.813296
76	109	0.850422
76	134	2.32571
76	146	0.747645
76	147	0.794941
76	149	0.845822
76	155	0.708865
76	158	1.21438
76	163	0.830593
76	168	1.51511
76	171	2.44017
76	177	2.97764
77	4	0.920566
77	36	0.864939
77	53	0.890842
77	54	0.814088
77	59	0.870834
77	61	0.948694
77	69	0.920536
77	74	0.894875
77	75	0.894741
77	105	0.88141
77	106	1.67056
77	113	0.883042
77	121	1.48822
77	127	1.41837
77	136	0.840857
77	153	1.79754
77	155	0.76551
77	169	2.59862
77	170	2.03207
78	1	0.847799
78	8	0.92601
78	13	0.828383
78	16	0.821964
78	32	0.880086
78	34	0.969373
78	55	0.898498
78	58	0.912776
78	71	0.850106
78	106	0.905145
78	112	1.03219
78	124	2.09147
78	125	1.41987
78	139	0.86191
78	149	0.910014
78	158	1.61639
78	159	1.23302
78	164	3.52722
78	166	0.771443
79	5	0.905794
79	76	0.826479
79	84	0.875664
79	86	0.852159
79	89	1.42344
79	91	0.847586
79	94	0.894786
79	97	1.71575
79	100	0.914378
79	102	0.858355
79	109	0.895481
79	139	1.75709
79	146	0.792704
79	147	0.84
79	149	0.890881
79	151	2.08255
79	155	0.753924
79	163	0.875652
79	170	2.12851
79	172	2.21933
80	68	0.836058
80	70	0.841535
80	85	1.33293
80	92	0.888493
80	98	0.862246
80	104	0.845048
80	116	0.869669
80	117	0.86169
80	119	0.89179
80	120	0.890886
80	122	0.895221
80	123	0.851399
80	132	0.881606
80	138	0.885203
80	146	2.17219
80	148	1.76356
80	156	1.63126
80	167	2.65907
80	170	1.8989
80	173	0.733762
81	26	0.944907
81	48	0.816389
81	65	0.852143
81	73	0.875539
81	83	0.857641
81	87	0.832052
81	88	0.897246
81	93	0.892465
81	95	2.21736
81	113	0.861875
81	121	0.871169
81	130	2.09787
81	136	0.819691
81	139	0.833196
81	143	1.46926
81	145	1.42571
81	146	0.783124
81	157	0.859614
81	161	2.47223
81	170	1.74427
82	6	0.80174
82	10	0.902735
82	15	0.904516
82	19	0.860712
82	22	0.880164
82	25	0.956307
82	38	0.838713
82	39	0.832101
82	41	0.809978
82	50	0.78793
82	57	0.867514
82	64	0.931451
82	115	1.2682
82	118	0.780443
82	125	0.840393
82	147	1.36296
82	155	2.35242
82	167	2.30192
82	174	1.74944
82	176	2.40513
83	48	0.821653
83	57	0.87087
83	65	0.857408
83	73	0.880803
83	81	0.857641
83	87	0.837316
83	88	0.90251
83	91	1.73165
83	93	0.897729
83	108	1.29636
83	113	0.867139
83	118	2.3551
83	121	0.876433
83	136	0.824955
83	139	0.838461
83	145	1.85727
83	146	0.788388
83	150	1.62608
83	154	2.42867
83	157	0.864878
84	76	0.830605
84	79	0.875664
84	86	0.856285
84	94	0.898912
84	100	0.918504
84	102	0.862481
84	105	0.87395
84	108	0.784495
84	109	0.899607
84	111	0.828102
84	146	0.79683
84	147	0.844126
84	149	0.895007
84	155	0.75805
84	162	1.85282
84	163	0.879778
84	170	1.66397
84	172	1.75479
84	176	2.52734
84	178	2.79918
85	4	1.26292
85	29	0.681723
85	37	1.71103
85	64	1.37045
85	68	2.04094
85	80	1.33293
85	137	0.937212
85	143	0.935868
85	145	0.900664
85	162	0.846189
85	165	0.891899
85	167	0.827806
85	168	0.861116
85	171	0.798952
85	174	0.836335
85	175	0.789861
85	176	0.813819
85	177	0.791663
85	178	0.796346
85	179	0.778462
85	180	0.777132
86	5	0.886415
86	57	0.855807
86	76	0.8071
86	79	0.852159
86	84	0.856285
86	94	0.875407
86	100	0.894999
86	102	0.838976
86	106	1.51219
86	109	0.876102
86	111	0.804597
86	133	1.25573
86	135	1.46655
86	146	0.773325
86	147	0.820621
86	149	0.871502
86	155	0.734545
86	163	0.856273
86	170	1.87371
86	171	2.99302
86	176	2.73708
87	26	0.924581
87	48	0.796063
87	57	0.84528
87	65	0.831818
87	73	0.855214
87	81	0.832052
87	83	0.837316
87	88	0.87692
87	93	0.872139
87	113	0.84155
87	121	0.850843
87	136	0.799365
87	139	0.812871
87	141	1.06832
87	146	0.762798
87	154	1.42319
87	157	0.839289
87	161	1.8983
87	167	1.93051
87	173	2.48272
87	180	3.14165
88	26	0.989775
88	48	0.861257
88	57	0.910475
88	65	0.897012
88	73	0.920408
88	81	0.897246
88	83	0.90251
88	87	0.87692
88	93	0.937334
88	106	1.40384
88	112	1.07469
88	113	0.906744
88	133	1.14737
88	136	0.864559
88	139	0.878065
88	142	1.0593
88	146	0.827992
88	157	0.904483
88	165	1.72436
88	171	2.88466
88	173	3.07772
89	12	1.19752
89	14	0.812667
89	21	1.5684
89	26	1.30606
89	45	1.78774
89	47	0.83182
89	49	1.51685
89	79	1.42344
89	98	0.872154
89	120	0.900794
89	122	0.905129
89	131	0.867369
89	138	0.895111
89	149	0.897173
89	157	0.875487
89	162	0.791123
89	163	0.881944
89	175	0.734794
89	177	0.736597
89	178	0.741279
89	179	0.723396
89	180	0.722066
90	51	0.857655
90	70	0.8105
90	98	0.831211
90	104	0.814013
90	116	0.838634
90	117	0.830655
90	119	0.860755
90	120	0.859851
90	122	0.864186
90	123	0.820364
90	131	0.826426
90	132	0.850571
90	138	0.854168
90	140	1.70282
90	147	1.33861
90	154	0.756147
90	155	2.32806
90	160	1.6797
90	163	0.841001
90	169	2.08394
90	173	0.702727
90	175	3.14641
91	14	0.782422
91	23	0.863486
91	27	1.13819
91	32	2.09718
91	38	1.56542
91	47	0.801576
91	76	0.802527
91	79	0.847586
91	83	1.73165
91	95	0.775262
91	102	0.834403
91	104	1.29899
91	109	0.871529
91	130	0.805832
91	157	0.845243
91	163	0.8517
91	171	0.713642
91	175	0.70455
91	177	0.706353
91	178	0.711035
91	180	0.691822
92	68	0.860245
92	70	0.865722
92	80	0.888493
92	98	0.886434
92	99	1.29993
92	104	0.869235
92	112	0.900312
92	117	0.885877
92	118	0.808687
92	119	0.915977
92	120	0.915074
92	123	0.875586
92	124	1.95959
92	131	0.881648
92	132	0.905794
92	133	0.972999
92	134	2.59583
92	136	0.849842
92	138	0.90939
92	163	0.896223
92	166	2.28774
92	178	2.72618
93	16	1.65451
93	30	1.5799
93	52	0.827445
93	68	1.63828
93	72	0.936389
93	73	0.915627
93	75	1.21685
93	81	0.892465
93	83	0.897729
93	87	0.872139
93	88	0.937334
93	118	0.818623
93	131	0.706831
93	163	0.480203
93	166	0.782817
93	169	0.811798
93	172	0.826655
93	174	0.805484
93	178	0.765495
93	179	0.747611
93	180	0.746281
94	2	0.436409
94	5	0.929043
94	76	0.849728
94	79	0.894786
94	84	0.898912
94	86	0.875407
94	97	1.55986
94	100	0.937627
94	102	0.881603
94	105	0.893072
94	109	0.918729
94	111	0.847224
94	124	2.34124
94	126	1.30919
94	137	1.57568
94	142	1.26658
94	146	0.815953
94	147	0.863248
94	149	0.914129
94	155	0.777173
94	163	0.8989
94	179	3.60437
95	9	1.9431
95	44	2.73416
95	62	2.30537
95	81	2.21736
95	91	0.775262
95	97	0.837094
95	115	0.822063
95	125	0.775742
95	129	0.725863
95	134	0.709061
95	142	0.855873
95	153	0.788994
95	164	0.665355
95	165	0.758217
95	168	0.727434
95	170	0.74215
95	171	0.66527
95	175	0.656178
95	176	0.680137
95	177	0.657981
95	178	0.662663
95	179	0.64478
95	180	0.64345
96	23	1.69581
96	43	1.22304
96	46	1.25794
96	48	2.07319
96	62	1.59604
96	74	1.35398
96	121	0.909865
96	126	0.931883
96	145	0.868421
96	151	0.856302
96	164	0.766795
96	165	0.859656
96	167	0.795563
96	168	0.828873
96	170	0.84359
96	171	0.766709
96	174	0.804092
96	175	0.757618
96	176	0.781576
96	177	0.75942
96	178	0.764103
96	179	0.746219
96	180	0.744889
97	25	1.47911
97	73	1.46881
97	79	1.71575
97	94	1.55986
97	95	0.837094
97	138	0.795508
97	144	0.844062
97	148	0.86748
97	149	0.993275
97	160	0.855272
97	162	0.822711
97	164	0.77556
97	165	0.868421
97	167	0.804328
97	169	0.81917
97	170	0.852354
97	171	0.775474
97	174	0.812857
97	176	0.790341
97	177	0.768185
97	178	0.772868
97	179	0.754984
97	180	0.753654
98	70	0.839475
98	80	0.862246
98	89	0.872154
98	90	0.831211
98	92	0.886434
98	99	1.59403
98	104	0.842988
98	111	0.8183
98	116	0.867609
98	117	0.85963
98	119	0.889731
98	120	0.888827
98	122	0.893162
98	123	0.849339
98	131	0.855402
98	132	0.879547
98	138	0.883143
98	145	1.56652
98	147	1.70629
98	152	1.52322
98	153	1.65055
98	162	2.07393
98	178	3.02029
99	5	1.5725
99	35	1.7912
99	64	1.64537
99	92	1.29993
99	98	1.59403
99	113	1.1014
99	114	0.837389
99	139	0.858063
99	148	0.844886
99	152	0.894207
99	159	0.886187
99	162	0.800117
99	164	0.752966
99	165	0.845827
99	167	0.781735
99	168	0.815044
99	169	0.796577
99	174	0.790263
99	175	0.743789
99	176	0.767747
99	177	0.745591
99	178	0.750274
99	179	0.73239
99	180	0.73106
100	5	0.948635
100	57	0.918027
100	76	0.869319
100	79	0.914378
100	84	0.918504
100	86	0.894999
100	94	0.937627
100	102	0.901195
100	105	0.912664
100	109	0.938321
100	111	0.866816
100	115	1.21086
100	128	1.35482
100	139	1.113
100	146	0.835545
100	147	0.88284
100	148	1.34907
100	149	0.933721
100	154	1.73726
100	155	0.796765
100	160	1.64672
100	163	0.918492
100	178	2.61963
100	179	3.11616
101	15	1.71607
101	20	2.25148
101	38	1.92237
101	103	0.784779
101	115	0.851193
101	127	0.854276
101	133	0.914551
101	138	1.12103
101	144	0.762989
101	157	1.43508
101	158	0.801596
101	159	0.827707
101	164	0.694486
101	165	0.787347
101	169	0.738096
101	170	0.77128
101	172	0.752954
101	174	0.731783
101	175	0.685309
101	176	0.709267
101	177	0.687111
101	178	0.691794
101	179	0.67391
101	180	0.67258
102	5	0.892611
102	57	0.862003
102	76	0.813296
102	79	0.858355
102	84	0.862481
102	86	0.838976
102	91	0.834403
102	94	0.881603
102	100	0.901195
102	105	0.85664
102	109	0.882297
102	111	0.810792
102	115	2.01263
102	121	1.74234
102	126	1.62276
102	135	1.87904
102	141	2.18417
102	142	1.58015
102	146	0.779521
102	147	0.826817
102	149	0.877697
102	155	0.740741
102	162	2.47504
102	163	0.862469
103	18	1.70405
103	27	1.51336
103	55	1.97538
103	101	0.784779
103	104	1.67417
103	110	0.906825
103	119	1.60088
103	126	0.859203
103	145	0.795741
103	150	0.865616
103	151	0.783621
103	161	0.73495
103	165	0.786976
103	167	0.722883
103	168	0.756193
103	169	0.737725
103	170	0.770909
103	171	0.694029
103	172	0.752582
103	175	0.684937
103	176	0.708896
103	178	0.691422
103	179	0.673539
103	180	0.672209
104	68	0.8168
104	70	0.822277
104	80	0.845048
104	90	0.814013
104	91	1.29899
104	92	0.869235
104	98	0.842988
104	103	1.67417
104	116	0.850411
104	117	0.842432
104	119	0.872532
104	120	0.871628
104	122	0.875963
104	123	0.832141
104	125	0.825192
104	131	0.838203
104	132	0.862348
104	138	0.865945
104	152	1.38131
104	160	1.90547
104	162	1.93202
104	163	0.852778
104	169	2.30972
104	174	1.95086
105	54	0.800788
105	59	0.857534
105	61	0.935394
105	74	0.881575
105	75	0.881441
105	77	0.88141
105	84	0.87395
105	94	0.893072
105	100	0.912664
105	102	0.85664
105	106	1.39267
105	109	0.893767
105	119	0.893692
105	120	0.892788
105	122	0.897123
105	132	0.883508
105	138	0.887105
105	141	1.65217
105	151	1.70824
105	159	1.26435
105	161	2.48215
105	163	0.873938
105	165	1.7132
105	170	1.75419
105	176	2.61756
106	16	0.817303
106	41	1.51493
106	43	0.936608
106	47	0.840001
106	55	0.893837
106	61	1.06301
106	71	0.845446
106	77	1.67056
106	78	0.905145
106	86	1.51219
106	88	1.40384
106	105	1.39267
106	121	0.895223
106	138	0.846754
106	146	0.807178
106	149	0.905354
106	157	0.883668
106	163	0.890125
106	166	0.766783
106	170	0.828948
106	171	0.752067
106	174	0.78945
106	178	0.749461
106	179	0.731577
106	180	0.730247
107	20	1.85002
107	34	1.05207
107	35	1.59355
107	42	1.40001
107	46	1.00549
107	115	0.938164
107	117	1.0073
107	143	0.918286
107	148	0.873376
107	149	0.917341
107	150	0.952958
107	151	0.870963
107	154	0.834574
107	158	0.888566
107	162	0.828607
107	167	0.810225
107	169	0.825067
107	171	0.78137
107	174	0.818753
107	175	0.772279
107	176	0.796237
107	177	0.774081
107	178	0.778764
107	179	0.76088
107	180	0.75955
108	2	1.07364
108	12	1.02311
108	33	1.64469
108	63	1.04619
108	83	1.29636
108	84	0.784495
108	116	0.867
108	122	1.00272
108	123	0.593659
108	137	0.964775
108	144	0.895103
108	148	0.918521
108	159	0.959822
108	160	0.906313
108	161	0.867436
108	162	0.873752
108	165	0.919462
108	171	0.826515
108	174	0.863898
108	175	0.817423
108	176	0.841382
108	177	0.819226
108	178	0.823909
108	179	0.806025
108	180	0.804695
109	5	0.929737
109	57	0.899129
109	76	0.850422
109	79	0.895481
109	84	0.899607
109	86	0.876102
109	91	0.871529
109	94	0.918729
109	100	0.938321
109	102	0.882297
109	105	0.893767
109	111	0.847918
109	115	0.99721
109	121	0.726917
109	146	0.816647
109	147	0.863943
109	149	0.914823
109	153	1.03624
109	155	0.777867
109	160	1.43307
109	163	0.899595
109	164	3.07514
109	165	1.22978
109	177	2.92756
109	180	3.24207
110	20	1.49794
110	44	1.42029
110	55	1.20361
110	60	1.16395
110	75	1.3447
110	103	0.906825
110	127	0.976322
110	136	0.830664
110	140	0.917563
110	142	1.00705
110	145	0.918158
110	149	0.565255
110	160	0.896244
110	163	0.608051
110	165	0.909393
110	167	0.8453
110	168	0.87861
110	171	0.816446
110	173	0.81623
110	174	0.853829
110	175	0.807355
110	176	0.831313
110	177	0.809157
110	178	0.81384
110	179	0.795956
110	180	0.794626
111	23	0.839876
111	28	0.812195
111	47	0.777965
111	51	0.844744
111	84	0.828102
111	86	0.804597
111	94	0.847224
111	98	0.8183
111	100	0.866816
111	102	0.810792
111	109	0.847918
111	116	0.825722
111	120	0.84694
111	123	0.807452
111	130	2.02946
111	132	0.83766
111	144	2.00584
111	147	0.792438
111	149	0.843318
111	153	1.44132
111	157	0.821632
111	163	0.82809
111	166	2.37262
111	168	1.87011
111	173	0.689815
111	177	3.33264
112	21	1.58281
112	33	1.8335
112	56	0.829726
112	78	1.03219
112	88	1.07469
112	92	0.900312
112	122	1.19153
112	137	0.954795
112	141	0.932209
112	143	0.95345
112	156	0.964053
112	157	0.831654
112	159	0.949842
112	160	0.896332
112	162	0.863771
112	164	0.81662
112	167	0.845389
112	168	0.878698
112	171	0.816535
112	174	0.853917
112	175	0.807443
112	176	0.831401
112	177	0.809246
112	178	0.813928
112	179	0.796044
112	180	0.794715
113	14	0.806292
113	23	0.887356
113	47	0.825445
113	53	0.879174
113	59	0.859166
113	65	0.861642
113	69	0.908867
113	74	0.883207
113	75	0.883073
113	77	0.883042
113	81	0.861875
113	83	0.867139
113	87	0.84155
113	88	0.906744
113	99	1.1014
113	127	0.778743
113	130	1.74605
113	139	0.842694
113	140	1.57787
113	147	0.839918
113	154	1.64528
113	157	0.869112
113	160	1.55474
113	163	0.87557
113	175	3.02146
113	179	3.02419
114	21	2.30674
114	39	2.27678
114	58	1.45258
114	99	0.837389
114	131	1.70873
114	134	0.731949
114	137	0.826419
114	142	0.878762
114	145	0.789871
114	152	0.829485
114	153	0.811883
114	157	1.55559
114	162	0.735395
114	167	0.717013
114	168	0.750322
114	169	0.731855
114	170	0.765039
114	171	0.688159
114	173	0.687942
114	174	0.725541
114	175	0.679067
114	176	0.703026
114	177	0.68087
114	178	0.685552
114	179	0.667668
114	180	0.666339
115	15	1.52975
115	33	2.2506
115	82	1.2682
115	95	0.822063
115	100	1.21086
115	101	0.851193
115	102	2.01263
115	107	0.938164
115	109	0.99721
115	124	0.833888
115	127	0.920319
115	129	0.821036
115	138	0.934709
115	160	0.840241
115	162	0.80768
115	165	0.85339
115	167	0.789297
115	169	0.804139
115	170	0.837323
115	171	0.760443
115	174	0.797826
115	175	0.751351
115	176	0.77531
115	177	0.753154
115	178	0.757837
115	179	0.739953
115	180	0.738623
116	51	0.894053
116	68	0.841421
116	70	0.846897
116	80	0.869669
116	90	0.838634
116	98	0.867609
116	104	0.850411
116	108	0.867
116	111	0.825722
116	117	0.867053
116	118	0.789862
116	119	0.897153
116	120	0.896249
116	123	0.856761
116	131	0.862824
116	132	0.886969
116	137	1.34953
116	138	0.890565
116	154	0.792544
116	155	2.55713
116	159	1.25663
116	163	0.877399
116	168	1.94073
116	169	2.31302
116	172	1.83729
116	173	0.739124
116	176	2.60984
117	68	0.833442
117	70	0.838919
117	80	0.86169
117	90	0.830655
117	92	0.885877
117	98	0.85963
117	104	0.842432
117	107	1.0073
117	116	0.867053
117	119	0.889174
117	120	0.88827
117	122	0.892605
117	123	0.848783
117	125	0.841834
117	131	0.854845
117	132	0.87899
117	133	0.878023
117	137	1.09906
117	138	0.882587
117	150	0.946249
117	154	0.784566
117	163	0.86942
117	164	3.30037
117	169	2.06254
117	173	0.731145
117	175	3.12501
117	176	2.35937
118	5	2.04281
118	6	0.725991
118	7	2.30956
118	11	1.6886
118	22	0.804415
118	25	0.880558
118	38	0.762964
118	47	2.00393
118	64	0.855701
118	82	0.780443
118	83	2.3551
118	92	0.808687
118	93	0.818623
118	116	0.789862
118	123	0.771592
118	129	0.714765
118	131	0.777655
118	138	0.805396
118	153	0.777896
118	164	0.654257
118	173	0.653955
118	175	0.64508
118	177	0.646883
118	178	0.651565
118	179	0.633681
118	180	0.632351
119	68	0.863542
119	70	0.869019
119	80	0.89179
119	90	0.860755
119	92	0.915977
119	98	0.889731
119	103	1.60088
119	104	0.872532
119	105	0.893692
119	116	0.897153
119	117	0.889174
119	120	0.918371
119	122	0.922705
119	123	0.878883
119	131	0.884945
119	132	0.909091
119	135	1.26274
119	136	0.853139
119	138	0.912687
119	144	1.99988
119	148	1.53454
119	158	1.56342
119	159	1.18005
119	163	0.89952
119	165	1.6289
119	170	1.66989
119	173	0.761246
119	175	3.29891
120	51	0.915271
120	68	0.862639
120	80	0.890886
120	89	0.900794
120	90	0.859851
120	92	0.915074
120	98	0.888827
120	104	0.871628
120	105	0.892788
120	111	0.84694
120	116	0.896249
120	117	0.88827
120	119	0.918371
120	123	0.877979
120	131	0.884042
120	132	0.908187
120	133	1.18061
120	138	0.911783
120	142	1.09253
120	144	2.12857
120	148	1.66323
120	151	1.75263
120	153	1.56405
120	158	1.69211
120	163	0.898616
120	165	1.75759
120	173	0.760342
120	179	3.43032
121	1	1.83691
121	31	1.4105
121	42	1.34485
121	48	0.83518
121	69	1.19644
121	73	0.894331
121	77	1.48822
121	81	0.871169
121	83	0.876433
121	87	0.850843
121	96	0.909865
121	102	1.74234
121	106	0.895223
121	109	0.726917
121	122	0.908048
121	123	0.864226
121	131	0.870289
121	132	0.894434
121	138	0.89803
121	149	0.862183
121	150	0.918392
121	160	0.826603
121	171	0.746805
121	173	0.746589
121	174	0.784188
121	178	0.744199
121	179	0.726315
121	180	0.724985
122	51	0.919605
122	68	0.866973
122	80	0.895221
122	89	0.905129
122	90	0.864186
122	98	0.893162
122	104	0.875963
122	105	0.897123
122	108	1.00272
122	112	1.19153
122	117	0.892605
122	119	0.922705
122	121	0.908048
122	123	0.882314
122	131	0.888376
122	132	0.912522
122	136	0.85657
122	138	0.916118
122	140	2.06761
122	150	1.33244
122	153	1.64766
122	154	0.818097
122	160	2.04449
122	162	2.07104
122	163	0.902951
122	165	1.8412
122	172	1.97301
122	173	0.764677
123	51	0.875783
123	80	0.851399
123	90	0.820364
123	92	0.875586
123	98	0.849339
123	104	0.832141
123	108	0.593659
123	111	0.807452
123	116	0.856761
123	117	0.848783
123	118	0.771592
123	119	0.878883
123	120	0.877979
123	121	0.864226
123	122	0.882314
123	129	2.13401
123	131	0.844554
123	132	0.868699
123	136	0.812748
123	138	0.872295
123	140	1.65855
123	144	1.80312
123	146	1.74641
123	154	0.774274
123	167	2.2333
123	173	0.720854
123	174	1.68081
123	180	3.44444
124	74	1.95884
124	78	2.09147
124	92	1.95959
124	94	2.34124
124	115	0.833888
124	135	0.836591
124	144	0.745683
124	150	0.848682
124	153	0.80082
124	157	1.89093
124	158	0.784291
124	159	0.810402
124	160	0.756893
124	161	0.718016
124	165	0.770042
124	167	0.705949
124	168	0.739259
124	171	0.677095
124	172	0.735648
124	173	0.676879
124	174	0.714478
124	175	0.668004
124	176	0.691962
124	177	0.669806
124	178	0.674489
124	179	0.656605
124	180	0.655275
125	1	2.07777
125	15	0.888717
125	19	0.844913
125	22	0.864365
125	31	1.65137
125	38	0.822914
125	41	0.794178
125	43	1.15629
125	48	2.00643
125	50	0.772131
125	51	0.868834
125	59	1.51104
125	78	1.41987
125	82	0.840393
125	95	0.775742
125	104	0.825192
125	117	0.841834
125	131	0.837605
125	138	0.865347
125	151	0.803714
125	157	1.21933
125	170	0.791002
125	173	0.713906
125	175	0.705031
125	176	0.728989
125	177	0.706833
125	178	0.711516
125	179	0.693632
125	180	0.692302
126	18	1.10962
126	30	1.88509
126	39	1.58008
126	44	1.59763
126	57	0.941935
126	94	1.30919
126	96	0.931883
126	102	1.62276
126	103	0.859203
126	131	1.01203
126	134	0.812615
126	141	0.884498
126	144	0.837412
126	151	0.858416
126	153	0.892548
126	156	0.916343
126	158	0.87602
126	162	0.81606
126	165	0.861771
126	167	0.797678
126	169	0.81252
126	170	0.845704
126	171	0.768824
126	174	0.806206
126	175	0.759732
126	176	0.783691
126	178	0.766217
126	179	0.748333
126	180	0.747004
127	8	1.29425
127	15	1.1896
127	25	1.27817
127	32	1.92766
127	37	1.6633
127	77	1.41837
127	101	0.854276
127	110	0.976322
127	113	0.778743
127	115	0.920319
127	136	1.05774
127	140	0.864643
127	143	0.900441
127	145	0.865238
127	148	0.855532
127	152	0.904852
127	156	0.911045
127	159	0.896833
127	161	0.804447
127	164	0.763611
127	165	0.856473
127	168	0.82569
127	169	0.807222
127	176	0.778393
127	177	0.756237
127	178	0.760919
127	179	0.743036
127	180	0.741706
128	3	1.02434
128	9	0.81321
128	18	0.858241
128	30	0.836471
128	39	2.11391
128	42	0.795079
128	44	0.795079
128	45	0.801334
128	49	0.813058
128	56	0.868712
128	60	0.849973
128	62	0.849995
128	63	0.835635
128	64	1.80682
128	73	1.75197
128	74	1.46062
128	100	1.35482
128	131	1.54586
128	139	0.823783
128	146	0.77371
128	159	0.851907
128	172	0.777154
128	173	0.718384
128	174	0.755983
128	176	0.733467
128	177	0.711311
128	178	0.715994
128	179	0.69811
128	180	0.69678
129	19	2.27822
129	29	1.90858
129	69	2.40117
129	95	0.725863
129	115	0.821036
129	118	0.714765
129	123	2.13401
129	131	2.33634
129	144	0.732831
129	148	0.756249
129	150	0.83583
129	151	0.753835
129	152	0.80557
129	153	0.787968
129	159	0.79755
129	161	0.705164
129	164	0.664329
129	165	0.75719
129	167	0.693097
129	168	0.726407
129	169	0.707939
129	170	0.741123
129	171	0.664243
129	174	0.701626
129	175	0.655152
129	176	0.67911
129	178	0.661637
129	179	0.643753
129	180	0.642423
130	4	2.1825
130	63	2.27927
130	66	1.66485
130	81	2.09787
130	91	0.805832
130	111	2.02946
130	113	1.74605
130	134	0.73963
130	141	0.811514
130	144	0.764428
130	150	0.867427
130	152	0.837166
130	153	0.819564
130	156	0.843359
130	161	0.736761
130	162	0.743076
130	167	0.724694
130	168	0.758003
130	169	0.739536
130	170	0.77272
130	171	0.69584
130	172	0.754393
130	173	0.695623
130	174	0.733222
130	175	0.686748
130	176	0.710706
130	177	0.688551
130	178	0.693233
130	179	0.675349
130	180	0.67402
131	68	0.829214
131	70	0.83469
131	89	0.867369
131	90	0.826426
131	92	0.881648
131	93	0.706831
131	98	0.855402
131	104	0.838203
131	114	1.70873
131	116	0.862824
131	117	0.854845
131	118	0.777655
131	119	0.884945
131	120	0.884042
131	121	0.870289
131	122	0.888376
131	123	0.844554
131	125	0.837605
131	126	1.01203
131	128	1.54586
131	129	2.33634
131	132	0.874762
131	133	1.05748
131	136	0.81881
131	138	0.878358
131	145	1.3569
131	154	0.780337
131	163	0.865191
131	165	1.63447
131	173	0.726917
131	175	3.30447
132	51	0.905991
132	68	0.853359
132	80	0.881606
132	90	0.850571
132	92	0.905794
132	98	0.879547
132	104	0.862348
132	105	0.883508
132	111	0.83766
132	116	0.886969
132	117	0.87899
132	119	0.909091
132	120	0.908187
132	121	0.894434
132	122	0.912522
132	123	0.868699
132	131	0.874762
132	135	0.904025
132	136	0.842956
132	137	0.914236
132	138	0.902503
132	146	1.58446
132	154	0.804482
132	162	1.50003
132	163	0.889336
132	164	3.11555
132	169	1.87772
132	171	2.43049
132	172	1.402
132	173	0.751062
132	174	1.51886
132	180	3.28248
133	10	1.45163
133	32	1.92339
133	65	1.28716
133	86	1.25573
133	88	1.14737
133	92	0.972999
133	101	0.914551
133	117	0.878023
133	120	1.18061
133	131	1.05748
133	134	0.867591
133	136	1.05347
133	143	0.960716
133	145	0.925513
133	148	0.915806
133	151	0.913393
133	158	0.930996
133	160	0.903598
133	161	0.864722
133	162	0.871037
133	164	0.823886
133	167	0.852655
133	168	0.885964
133	170	0.900681
133	171	0.823801
133	172	0.882354
133	174	0.861183
133	175	0.814709
133	176	0.838667
133	178	0.821194
133	179	0.80331
133	180	0.80198
134	53	2.62491
134	58	2.42417
134	61	2.42938
134	76	2.32571
134	92	2.59583
134	95	0.709061
134	114	0.731949
134	126	0.812615
134	130	0.73963
134	133	0.867591
134	140	0.748558
134	141	0.763115
134	150	0.819028
134	151	0.737033
134	152	0.788767
134	155	0.663771
134	156	0.79496
134	158	0.754637
134	164	0.647526
134	165	0.740387
134	168	0.709604
134	169	0.691137
134	170	0.724321
134	171	0.647441
134	173	0.647224
134	175	0.638349
134	176	0.662307
134	177	0.640152
134	178	0.644834
134	179	0.62695
134	180	0.625621
135	2	1.01027
135	27	1.17522
135	33	2.11701
135	70	1.2546
135	72	1.15029
135	86	1.46655
135	102	1.87904
135	119	1.26274
135	124	0.836591
135	132	0.904025
135	137	0.901406
135	144	0.831735
135	145	0.864858
135	149	0.998882
135	152	0.904473
135	153	0.886871
135	156	0.910665
135	158	0.870342
135	159	0.896453
135	160	0.842944
135	161	0.804067
