1	89	0.904601
1	99	0.949839
1	113	0.94933
1	120	0.921344
1	124	0.951762
1	128	0.959187
1	140	1.15124
1	151	0.96577
1	165	1.46653
1	166	1.40261
1	170	1.87492
2	22	1.41734
2	33	1.35071
2	83	1.01282
2	159	0.848257
2	166	0.842829
2	172	0.795487
2	173	0.793323
2	175	0.759869
2	176	0.772113
2	178	0.815704
2	179	0.779158
2	180	0.785102
3	6	0.760899
3	8	0.94024
3	24	0.930252
3	34	0.90359
3	41	0.927918
3	48	0.895982
3	59	1.34275
3	64	0.929905
3	151	1.65592
3	160	0.967903
3	171	0.870045
3	178	2.08424
4	58	0.856438
4	66	0.823303
4	82	0.772865
4	89	0.746967
4	90	0.821846
4	99	0.792204
4	121	0.802821
4	130	1.69225
4	146	0.797323
4	151	0.808135
4	155	1.69035
4	180	2.50102
5	17	0.842711
5	25	0.722194
5	26	0.829725
5	39	0.801984
5	46	0.755037
5	53	0.776806
5	57	0.84035
5	83	0.829726
5	112	1.51924
5	148	0.792507
5	156	1.91361
5	168	2.39611
6	3	0.760899
6	23	0.742895
6	27	0.755173
6	37	0.709591
6	41	0.699592
6	48	0.667656
6	52	0.782596
6	64	0.701578
6	115	2.51621
6	160	0.739577
6	171	0.641719
6	177	3.00813
7	23	0.91975
7	54	0.602894
7	88	0.807878
7	133	1.07428
7	159	0.955604
7	170	0.908157
7	172	0.902835
7	173	0.90067
7	175	0.867216
7	176	0.87946
7	179	0.886506
7	180	0.892449
8	3	0.94024
8	27	0.934514
8	37	0.888931
8	41	0.878932
8	48	0.846996
8	52	0.961937
8	118	1.18729
8	150	1.22985
8	154	1.56499
8	160	0.918917
8	171	0.821059
8	179	2.19279
9	16	0.917217
9	57	0.912072
9	148	0.819447
9	149	0.941742
9	160	0.688508
9	164	0.882369
9	166	0.926025
9	170	0.884006
9	174	0.930287
9	178	0.8989
9	179	0.862355
9	180	0.868298
10	11	0.915182
10	17	0.93788
10	31	0.886012
10	46	0.850206
10	53	0.871975
10	57	0.935519
10	83	0.924895
10	148	0.887676
10	159	1.37855
10	169	1.68749
10	170	1.87472
10	174	1.38992
11	10	0.915182
11	26	0.926631
11	31	0.887749
11	35	0.877627
11	39	0.89889
11	46	0.851943
11	83	0.926632
11	148	0.889412
11	159	1.38564
11	177	1.15367
11	179	1.87944
11	180	1.83908
12	54	0.849985
12	58	0.852403
12	66	0.819268
12	82	0.76883
12	89	0.742931
12	90	0.817811
12	99	0.788169
12	146	0.793288
12	150	1.58979
12	151	0.8041
12	163	1.93568
12	169	2.36786
13	115	1.27479
13	122	1.81647
13	129	2.81996
13	134	0.820493
13	135	0.819935
13	138	0.793613
13	142	0.789669
13	144	0.812777
13	152	0.787295
13	153	0.74933
13	163	0.755385
13	167	0.844867
14	38	0.665458
14	68	0.770416
14	91	0.763257
14	98	0.826235
14	103	0.81929
14	104	0.878037
14	155	0.822497
14	161	1.51306
14	167	0.863196
14	177	0.794307
14	178	1.97201
14	179	2.38402
15	56	0.801432
15	75	0.822488
15	86	0.80062
15	93	0.795285
15	113	0.814787
15	120	0.786801
15	123	0.828591
15	128	0.824644
15	131	0.719221
15	139	1.56812
15	145	1.45123
15	176	2.84636
16	9	0.917217
16	50	0.875323
16	86	0.889156
16	120	0.875337
16	124	0.905755
16	125	0.937758
16	127	1.21206
16	128	0.91318
16	142	0.898233
16	152	0.895859
16	177	1.53177
16	180	2.21719
17	5	0.842711
17	10	0.93788
17	25	0.841798
17	35	0.900325
17	39	0.921588
17	46	0.874641
17	83	0.94933
17	148	0.91211
17	159	1.62571
17	161	1.24856
17	168	1.7539
17	174	1.63708
18	42	0.87687
18	47	0.868731
18	77	0.886157
18	85	0.933264
18	94	0.91117
18	100	0.897995
18	108	0.917531
18	145	0.936443
18	148	0.907592
18	153	1.48926
18	164	2.00727
18	170	1.89948
19	42	0.824856
19	100	0.845982
19	108	0.865517
19	110	1.01116
19	113	1.33407
19	120	1.37125
19	147	0.749295
19	148	0.855579
19	166	0.800888
19	178	0.773763
19	179	0.737218
19	180	0.743161
20	91	0.886158
20	95	0.962694
20	98	0.949136
20	126	0.847535
20	146	0.941617
20	155	0.945397
20	159	1.47837
20	164	2.08234
20	166	1.50223
20	167	0.986097
20	177	0.917208
21	74	0.888968
21	79	0.90036
21	117	0.882863
21	132	1.14821
21	133	0.903272
21	136	0.920453
21	137	1.33044
21	144	0.92748
21	152	0.901998
21	161	1.48607
21	163	0.870088
21	173	2.22385
22	2	1.41734
22	29	0.886894
22	61	0.914387
22	84	0.922503
22	85	0.916539
22	94	0.894446
22	100	0.881271
22	108	0.900806
22	118	1.3281
22	140	1.61228
22	148	0.890868
22	151	1.49327
23	6	0.742895
23	7	0.91975
23	24	0.912247
23	37	0.919913
23	41	0.909914
23	52	0.992918
23	64	0.9119
23	140	1.66199
23	154	1.7555
23	155	1.53228
23	160	0.949898
23	171	0.85204
24	3	0.930252
24	23	0.912247
24	27	0.924526
24	37	0.878944
24	52	0.951949
24	64	0.870931
24	141	0.83083
24	160	0.90893
24	168	1.39818
24	171	0.811072
24	172	1.8061
24	176	2.19826
25	5	0.722194
25	17	0.841798
25	31	0.78993
25	35	0.779808
25	39	0.801071
25	53	0.775893
25	57	0.839437
25	83	0.828813
25	101	1.72163
25	122	2.21467
25	137	1.86409
25	148	0.791593
26	5	0.829725
26	11	0.926631
26	35	0.887339
26	46	0.861655
26	53	0.883424
26	57	0.946969
26	83	0.936344
26	119	1.26405
26	148	0.899125
26	158	1.62469
26	166	1.55472
26	169	1.83979
27	6	0.755173
27	8	0.934514
27	24	0.924526
27	37	0.932191
27	48	0.890256
27	64	0.924179
27	154	1.30136
27	160	0.962177
27	161	1.0582
27	165	1.52314
27	171	0.864319
27	176	2.36362
28	50	0.878017
28	51	0.889346
28	59	1.52621
28	73	0.897722
28	101	1.51065
28	105	1.25981
28	134	0.931751
28	135	0.931193
28	138	0.904871
28	141	1.74674
28	152	0.898553
28	163	0.866643
29	22	0.886894
29	42	0.82721
29	61	0.881451
29	77	0.836497
29	94	0.86151
29	100	0.848335
29	108	0.867871
29	116	1.26235
29	132	0.928133
29	148	0.857932
29	150	1.51785
29	159	1.98698
29	163	1.86374
30	92	0.815829
30	102	1.35734
30	111	1.3523
30	117	0.842659
30	133	0.863068
30	135	0.894434
30	138	0.868112
30	144	0.887276
30	152	0.861793
30	161	1.71176
30	163	0.829884
30	167	0.919366
30	178	2.17071
31	10	0.886012
31	11	0.887749
31	25	0.78993
31	39	0.86972
31	46	0.822773
31	53	0.844542
31	57	0.908086
31	76	1.33766
31	83	0.897462
31	119	1.52438
31	148	0.860242
31	157	1.39916
31	179	2.28498
32	58	1.12427
32	82	1.50795
32	93	1.60986
32	129	0.736066
32	138	0.825538
32	142	0.821594
32	152	0.81922
32	160	0.876878
32	169	0.752664
32	172	0.732509
32	174	0.784113
32	179	0.71618
32	180	0.722123
33	2	1.35071
33	54	0.916652
33	58	0.919069
33	66	0.885935
33	82	0.835496
33	89	0.809598
33	90	0.884477
33	99	0.854836
33	145	1.30629
33	146	0.859954
33	151	0.870766
33	165	1.86094
33	171	1.77825
34	3	0.90359
34	35	0.656942
34	69	1.00047
34	97	1.72685
34	137	0.955326
34	145	0.946196
34	156	0.894105
34	159	0.881239
34	169	0.848624
34	175	0.792851
34	178	0.848686
34	179	0.81214
34	180	0.818084
35	11	0.877627
35	17	0.900325
35	25	0.779808
35	26	0.887339
35	34	0.656942
35	39	0.859598
35	53	0.83442
35	57	0.897964
35	83	0.88734
35	122	1.57358
35	148	0.85012
35	166	1.77965
35	179	2.24959
36	101	0.894113
36	109	0.868244
36	125	0.891661
36	133	0.851036
36	135	0.882401
36	136	0.868217
36	138	0.856079
36	149	1.6253
36	152	0.849761
36	153	0.811797
36	167	0.907333
36	179	2.06317
36	180	2.02281
37	6	0.709591
37	8	0.888931
37	23	0.919913
37	24	0.878944
37	27	0.932191
37	48	0.844674
37	64	0.878596
37	112	1.17873
37	145	1.46055
37	159	1.92741
37	160	0.916595
37	168	2.0556
37	171	0.818737
38	14	0.665458
38	44	0.690533
38	68	0.655888
38	88	0.753799
38	95	0.725266
38	98	0.711708
38	104	0.76351
38	105	2.64049
38	146	0.704189
38	155	0.70797
38	156	3.21227
38	167	0.748669
38	177	0.67978
39	5	0.801984
39	11	0.89889
39	17	0.921588
39	25	0.801071
39	31	0.86972
39	35	0.859598
39	53	0.855683
39	83	0.908603
39	148	0.871384
39	158	1.71883
39	162	1.54058
39	163	1.50176
39	169	1.93393
40	47	0.817917
40	60	1.10581
40	61	0.880298
40	77	0.835344
40	84	0.888414
40	85	0.88245
40	100	0.847182
40	108	0.866717
40	130	1.63671
40	132	0.92698
40	140	1.76453
40	148	0.856779
40	165	2.07982
41	3	0.927918
41	6	0.699592
41	8	0.878932
41	23	0.909914
41	48	0.834675
41	52	0.949615
41	64	0.868597
41	101	1.24156
41	150	1.44768
41	159	1.91681
41	160	0.906596
41	165	2.0046
41	171	0.808738
42	18	0.87687
42	19	0.824856
42	29	0.82721
42	77	0.809749
42	84	0.862819
42	85	0.856855
42	94	0.834762
42	100	0.821587
42	108	0.841122
42	127	1.05561
42	148	0.831184
42	164	2.21125
42	178	1.68908
42	179	2.10109
43	62	0.879585
43	71	0.864922
43	75	0.839606
43	78	0.846386
43	93	0.812403
43	113	0.831905
43	120	0.803919
43	123	0.845709
43	124	0.834336
43	127	1.42195
43	128	0.841762
43	158	2.06746
43	159	1.97362
43	161	1.59647
44	38	0.690533
44	88	0.893401
44	91	0.788332
44	95	0.864869
44	98	0.851311
44	103	0.844365
44	104	0.903113
44	132	1.1795
44	155	0.847572
44	166	1.91838
44	167	0.888272
44	168	2.02271
44	171	1.89962
44	177	0.819383
45	110	0.844786
45	117	0.810287
45	125	0.871321
45	126	1.23431
45	133	0.830695
45	134	0.862619
45	135	0.862061
45	136	0.847877
45	142	0.831796
45	152	0.829421
45	153	0.791457
45	168	1.99333
45	174	1.87651
45	178	1.94694
46	5	0.755037
46	10	0.850206
46	11	0.851943
46	17	0.874641
46	26	0.861655
46	31	0.822773
46	53	0.808736
46	57	0.87228
46	65	1.79077
46	83	0.861656
46	111	1.37729
46	114	2.08193
46	148	0.824436
46	157	1.72189
47	18	0.868731
47	40	0.817917
47	77	0.80161
47	84	0.85468
47	85	0.848716
47	94	0.826623
47	100	0.813448
47	108	0.832983
47	132	0.893246
47	140	1.49993
47	148	0.823045
47	163	1.6042
47	171	1.73254
47	179	2.22124
48	3	0.895982
48	6	0.667656
48	8	0.846996
48	27	0.890256
48	37	0.844674
48	41	0.834675
48	49	1.19923
48	52	0.917679
48	64	0.836661
48	102	1.16093
48	154	1.75851
48	160	0.87466
48	171	0.776802
48	175	2.84837
49	48	1.19923
49	68	1.32431
49	130	0.914816
49	136	1.0286
49	144	0.99266
49	150	0.921153
49	161	0.900193
49	166	0.844894
49	168	0.824216
49	173	0.795388
49	174	0.849156
49	176	0.774178
49	179	0.781223
49	180	0.787166
50	16	0.875323
50	28	0.878017
50	96	1.68271
50	110	0.826092
50	125	0.852627
50	134	0.843925
50	142	0.813102
50	144	0.83621
50	152	0.810727
50	163	0.778817
50	167	0.868299
50	170	1.98698
50	174	1.50218
50	180	1.94425
51	28	0.889346
51	117	0.802922
51	133	0.823331
51	137	1.38825
51	138	0.828374
51	140	1.69353
51	142	0.824431
51	144	0.847539
51	152	0.822056
51	153	0.784092
51	160	0.879715
51	165	2.00882
51	166	1.9449
51	167	0.879628
52	6	0.782596
52	8	0.961937
52	23	0.992918
52	24	0.951949
52	41	0.949615
52	48	0.917679
52	60	0.534944
52	64	0.951601
52	87	1.44798
52	160	0.9896
52	165	1.50895
52	171	0.891742
52	176	2.34943
52	178	1.50296
53	5	0.776806
53	10	0.871975
53	25	0.775893
53	26	0.883424
53	31	0.844542
53	35	0.83442
53	39	0.855683
53	46	0.808736
53	57	0.894049
53	111	1.24558
53	132	1.26718
53	148	0.846206
53	149	2.03814
53	180	2.43565
54	7	0.602894
54	12	0.849985
54	33	0.916652
54	82	0.889688
54	89	0.863789
54	90	0.938669
54	99	0.909027
54	106	0.891231
54	121	0.919644
54	146	0.914146
54	151	0.924958
54	154	1.43865
54	161	1.19549
54	175	2.52851
54	178	1.65444
55	78	0.924001
55	80	0.915176
55	81	0.886947
55	93	0.890018
55	97	0.822875
55	113	0.90952
55	120	0.881534
55	121	1.26995
55	123	0.923324
55	124	0.911951
55	128	0.919377
55	155	1.35648
55	156	1.35938
55	162	1.62927
55	170	2.20986
56	15	0.801432
56	62	0.880518
56	75	0.840539
56	86	0.818671
56	97	0.746193
56	113	0.832838
56	120	0.804852
56	123	0.846642
56	124	0.835269
56	128	0.842695
56	129	2.2281
56	131	0.737272
56	161	1.02966
56	170	1.90299
56	175	2.36269
57	5	0.84035
57	9	0.912072
57	10	0.935519
57	25	0.839437
57	26	0.946969
57	31	0.908086
57	35	0.897964
57	46	0.87228
57	53	0.894049
57	83	0.946969
57	148	0.90975
57	153	1.84455
57	155	1.40138
57	166	1.78246
57	177	1.52663
58	4	0.856438
58	12	0.852403
58	32	1.12427
58	33	0.919069
58	66	0.942543
58	82	0.892105
58	87	1.66753
58	89	0.866207
58	90	0.941086
58	99	0.911444
58	146	0.916563
58	151	0.927375
58	154	1.50672
58	158	1.73455
58	177	1.40875
59	3	1.34275
59	28	1.52621
59	79	1.13086
59	82	1.36471
59	105	0.931749
59	122	0.863001
59	157	0.875093
59	159	0.838628
59	164	0.789544
59	169	0.806013
59	173	0.783694
59	175	0.75024
59	178	0.806075
59	179	0.769529
59	180	0.775472
60	40	1.10581
60	52	0.534944
60	70	1.04389
60	86	1.26054
60	133	1.15781
60	134	0.963706
60	154	0.939408
60	156	0.926152
60	166	0.907857
60	173	0.858351
60	174	0.912119
60	175	0.824897
60	178	0.880732
60	179	0.844187
60	180	0.85013
61	22	0.914387
61	29	0.881451
61	40	0.880298
61	65	1.29151
61	77	0.86399
61	84	0.91706
61	85	0.911097
61	94	0.889003
61	100	0.875828
61	108	0.895364
61	132	0.955626
61	162	1.53022
61	163	1.4914
61	169	1.92358
61	174	1.62601
62	43	0.879585
62	56	0.880518
62	81	0.8713
62	86	0.879706
62	97	0.807228
62	113	0.893873
62	120	0.865887
62	123	0.907677
62	124	0.896304
62	128	0.90373
62	131	0.798307
62	141	1.41139
62	151	1.50404
62	158	1.9444
62	163	1.72732
62	177	1.61859
63	74	0.853783
63	79	0.865175
63	92	0.820848
63	114	1.69966
63	116	1.00701
63	134	0.900011
63	136	0.885268
63	138	0.87313
63	140	1.50414
63	142	0.869187
63	144	0.892295
63	152	0.866812
63	163	0.834903
63	167	0.924385
63	174	1.74301
63	179	2.22545
64	3	0.929905
64	6	0.701578
64	23	0.9119
64	24	0.870931
64	27	0.924179
64	37	0.878596
64	41	0.868597
64	48	0.836661
64	52	0.951601
64	70	1.22529
64	102	1.34384
64	132	1.3604
64	150	1.60628
64	160	0.908582
64	171	0.810724
64	179	2.56922
65	46	1.79077
65	61	1.29151
65	66	1.1675
65	93	0.827337
65	120	0.818853
65	123	0.860643
65	124	0.849271
65	128	0.856696
65	152	1.42667
65	156	0.8183
65	165	0.795523
65	170	0.757986
65	173	0.750499
65	178	0.772881
65	179	0.736335
65	180	0.742278
66	4	0.823303
66	12	0.819268
66	33	0.885935
66	58	0.942543
66	65	1.1675
66	82	0.85897
66	89	0.833072
66	90	0.907951
66	99	0.87831
66	121	0.888927
66	130	1.13531
66	146	0.883428
66	149	1.54657
66	151	0.89424
66	176	2.4189
66	178	1.57243
67	68	0.818698
67	88	0.916608
67	91	0.811539
67	95	0.888076
67	98	0.874518
67	103	0.867572
67	104	0.92632
67	141	1.14614
67	146	0.866999
67	151	1.23878
67	155	0.870779
67	161	1.20815
67	167	0.911479
67	170	2.08147
67	175	2.54117
67	177	0.84259
68	14	0.770416
68	38	0.655888
68	49	1.32431
68	67	0.818698
68	91	0.753687
68	95	0.830224
68	98	0.816666
68	103	0.80972
68	104	0.868468
68	131	2.44435
68	146	0.809147
68	149	2.07352
68	155	0.812927
68	157	1.62557
68	167	0.853627
68	177	0.784738
69	34	1.00047
69	74	0.855733
69	92	0.822799
69	105	1.17323
69	110	0.884128
69	116	1.37469
69	134	0.901961
69	136	0.887218
69	139	1.74935
69	142	0.871137
69	144	0.894245
69	152	0.868763
69	153	0.830798
69	160	0.926421
69	163	0.836853
69	173	2.45994
70	60	1.04389
70	64	1.22529
70	124	0.689446
70	133	1.1939
70	134	0.999795
70	147	0.836962
70	152	0.899672
70	157	0.930449
70	166	0.888555
70	169	0.861368
70	174	0.892817
70	175	0.805595
70	176	0.817839
70	178	0.86143
70	179	0.824885
70	180	0.830828
71	43	0.864922
71	75	0.886911
71	78	0.893691
71	80	0.884866
71	81	0.856637
71	86	0.865043
71	97	0.792565
71	113	0.87921
71	115	1.12111
71	123	0.893013
71	124	0.881641
71	128	0.889066
71	137	1.31222
71	153	1.93096
71	155	1.48779
71	179	2.33881
72	90	1.0579
72	109	0.938517
72	128	0.780386
72	144	0.864098
72	145	0.957301
72	152	0.927968
72	157	0.92881
72	158	0.88727
72	165	0.882434
72	171	0.886086
72	173	0.83741
72	174	0.891178
72	175	0.803956
72	178	0.859791
72	179	0.823246
72	180	0.829189
73	28	0.897722
73	109	0.848915
73	110	0.845797
73	111	1.19014
73	125	0.872332
73	134	0.86363
73	135	0.863072
73	136	0.848888
73	137	1.39397
73	142	0.832807
73	150	1.45762
73	152	0.830432
73	153	0.792468
73	156	1.57244
73	163	0.798522
73	167	0.888004
73	175	2.88263
74	21	0.888968
74	63	0.853783
74	69	0.855733
74	109	0.836717
74	110	0.833599
74	119	1.56367
74	126	1.19963
74	134	0.851432
74	136	0.836689
74	142	0.820608
74	144	0.843716
74	147	2.55793
74	152	0.818234
74	155	1.47325
74	159	1.83047
74	160	0.875892
74	167	0.875806
75	15	0.822488
75	43	0.839606
75	56	0.840539
75	71	0.886911
75	80	0.85955
75	81	0.831321
75	86	0.839726
75	113	0.853894
75	119	1.37603
75	120	0.825908
75	123	0.867697
75	124	0.856325
75	128	0.86375
75	153	1.72879
75	170	2.139
75	173	2.00345
75	177	1.41086
76	31	1.33766
76	79	1.33703
76	93	1.67279
76	96	0.815821
76	106	1.50185
76	122	0.841961
76	129	0.768376
76	156	0.830455
76	158	0.812514
76	164	0.768504
76	168	0.791483
76	169	0.784973
76	170	0.770141
76	172	0.764819
76	176	0.741444
76	179	0.74849
76	180	0.754433
77	18	0.886157
77	29	0.836497
77	40	0.835344
77	42	0.809749
77	47	0.80161
77	61	0.86399
77	84	0.872106
77	94	0.844049
77	100	0.830874
77	108	0.85041
77	132	0.910672
77	148	0.840471
77	164	1.94629
77	165	1.43011
77	169	1.65126
77	170	1.83849
77	179	1.83613
78	43	0.846386
78	55	0.924001
78	71	0.893691
78	81	0.838101
78	93	0.841171
78	97	0.774029
78	107	2.14433
78	113	0.860673
78	120	0.832687
78	123	0.874477
78	124	0.863105
78	128	0.87053
78	131	0.765108
78	139	1.22766
78	153	1.66359
78	162	1.49321
78	172	2.11374
79	21	0.90036
79	59	1.13086
79	63	0.865175
79	76	1.33703
79	109	0.848109
79	117	0.810492
79	127	1.23887
79	133	0.8309
79	134	0.862824
79	135	0.862266
79	138	0.835944
79	144	0.855108
79	151	1.44403
79	152	0.829626
79	160	0.887285
79	163	0.797716
79	176	2.71882
80	55	0.915176
80	71	0.884866
80	75	0.85955
80	81	0.829276
80	86	0.837681
80	93	0.832346
80	97	0.765204
80	113	0.851848
80	120	0.823862
80	123	0.865652
80	124	0.85428
80	128	0.861705
80	132	0.952785
80	147	2.39527
80	168	1.79599
80	171	1.67291
80	178	1.7496
81	55	0.886947
81	62	0.8713
81	71	0.856637
81	75	0.831321
81	78	0.838101
81	80	0.829276
81	86	0.809453
81	93	0.804118
81	97	0.736975
81	113	0.82362
81	118	1.39543
81	121	1.46338
81	123	0.837424
81	124	0.826051
81	128	0.833477
81	140	1.67962
81	153	1.99308
81	164	2.51109
82	4	0.772865
82	12	0.76883
82	32	1.50795
82	33	0.835496
82	54	0.889688
82	58	0.892105
82	59	1.36471
82	66	0.85897
82	89	0.782633
82	90	0.857513
82	99	0.827871
82	106	0.810075
82	121	0.838488
82	141	1.58523
82	146	0.83299
82	151	0.843802
82	171	2.0295
82	177	1.79243
83	2	1.01282
83	5	0.829726
83	10	0.924895
83	11	0.926632
83	17	0.94933
83	25	0.828813
83	26	0.936344
83	31	0.897462
83	35	0.88734
83	39	0.908603
83	46	0.861656
83	57	0.946969
83	96	1.62717
83	114	1.40329
83	121	0.991523
83	148	0.899125
83	168	1.56345
83	175	2.39114
84	22	0.922503
84	40	0.888414
84	42	0.862819
84	47	0.85468
84	61	0.91706
84	77	0.872106
84	85	0.919213
84	94	0.897119
84	100	0.883944
84	108	0.90348
84	116	0.683068
84	132	0.963742
84	148	0.893541
84	151	1.06118
84	153	1.49366
84	166	1.43156
84	175	2.36357
84	176	2.33597
85	18	0.933264
85	22	0.916539
85	40	0.88245
85	42	0.856855
85	47	0.848716
85	61	0.911097
85	84	0.919213
85	94	0.891156
85	100	0.877981
85	108	0.897516
85	129	1.98776
85	132	0.957779
85	148	0.887578
85	151	0.819963
85	164	1.77045
85	174	1.17785
85	176	2.09475
85	180	1.61993
86	15	0.80062
86	16	0.889156
86	56	0.818671
86	60	1.26054
86	62	0.879706
86	71	0.865043
86	75	0.839726
86	80	0.837681
86	81	0.809453
86	93	0.812523
86	97	0.745381
86	120	0.804039
86	123	0.845829
86	128	0.841882
86	143	1.64264
86	145	1.6799
86	157	1.75474
86	168	2.27494
87	52	1.44798
87	58	1.66753
87	99	1.7016
87	103	0.818126
87	104	0.876873
87	131	0.716359
87	138	1.663
87	146	0.817552
87	155	0.821333
87	163	0.77255
87	167	0.862032
87	168	0.744414
87	173	0.715585
87	176	0.694375
87	177	0.793143
87	178	0.737966
87	179	0.701421
87	180	0.707364
88	7	0.807878
88	38	0.753799
88	44	0.893401
88	67	0.916608
88	91	0.851598
88	95	0.928134
88	98	0.914576
88	103	0.907631
88	104	0.966378
88	127	1.22595
88	146	0.907057
88	155	0.910837
88	161	1.40047
88	163	1.65439
88	167	0.951537
88	173	2.13825
88	174	1.789
88	177	0.882648
89	1	0.904601
89	4	0.746967
89	12	0.742931
89	33	0.809598
89	54	0.863789
89	58	0.866207
89	66	0.833072
89	82	0.782633
89	90	0.831614
89	99	0.801973
89	106	0.784177
89	121	0.81259
89	129	2.48266
89	146	0.807091
89	151	0.817903
89	157	1.26936
89	164	2.26535
89	168	1.78957
89	171	1.66648
90	4	0.821846
90	12	0.817811
90	33	0.884477
90	54	0.938669
90	58	0.941086
90	66	0.907951
90	72	1.0579
90	82	0.857513
90	89	0.831614
90	99	0.876852
90	106	0.859056
90	119	1.61294
90	121	0.887469
90	126	1.2489
90	127	1.32806
90	146	0.881971
90	151	0.892783
90	163	1.7565
90	172	2.41585
91	14	0.763257
91	20	0.886158
91	44	0.788332
91	67	0.811539
91	68	0.753687
91	88	0.851598
91	95	0.823065
91	98	0.809507
91	103	0.802561
91	104	0.861309
91	115	1.36925
91	146	0.801988
91	150	1.624
91	154	1.95914
91	155	0.805768
91	163	1.9699
91	167	0.846468
91	173	2.45376
91	177	0.777579
92	30	0.815829
92	63	0.820848
92	69	0.822799
92	116	1.51256
92	121	1.79345
92	125	0.827199
92	133	0.786573
92	134	0.818497
92	135	0.817939
92	136	0.803755
92	138	0.791617
92	142	0.787674
92	144	0.810782
92	151	1.89067
92	152	0.785299
92	160	0.842958
92	161	1.86004
92	167	0.842871
92	178	2.31899
93	15	0.795285
93	32	1.60986
93	43	0.812403
93	55	0.890018
93	65	0.827337
93	76	1.67279
93	78	0.841171
93	80	0.832346
93	81	0.804118
93	86	0.812523
93	97	0.740046
93	120	0.798704
93	122	1.94409
93	123	0.840494
93	124	0.829122
93	128	0.836547
93	131	0.731125
93	145	1.65944
93	155	1.76909
94	18	0.91117
94	22	0.894446
94	29	0.86151
94	42	0.834762
94	47	0.826623
94	61	0.889003
94	77	0.844049
94	84	0.897119
94	85	0.891156
94	100	0.855887
94	108	0.875423
94	132	0.935685
94	141	1.35285
94	148	0.865484
94	155	1.4348
94	158	1.88586
94	163	1.66878
94	165	1.87981
94	177	1.56005
95	20	0.962694
95	38	0.725266
95	44	0.864869
95	67	0.888076
95	68	0.830224
95	88	0.928134
95	91	0.823065
95	98	0.886044
95	103	0.879098
95	104	0.937846
95	111	1.26521
95	116	1.27719
95	143	1.49771
95	151	1.65531
95	155	0.882305
95	163	1.87859
95	167	0.923005
95	168	2.13001
95	177	0.854116
96	50	1.68271
96	76	0.815821
96	83	1.62717
96	107	0.740342
96	118	0.856338
96	119	0.823128
96	126	0.860482
96	129	0.712401
96	138	1.8281
96	140	0.803425
96	160	1.72694
96	166	0.756186
96	168	0.735508
96	173	0.70668
96	176	0.685469
96	177	0.784238
96	178	0.729061
96	179	0.692515
96	180	0.698458
97	34	1.72685
97	55	0.822875
97	56	0.746193
97	62	0.807228
97	71	0.792565
97	78	0.774029
97	80	0.765204
97	81	0.736975
97	86	0.745381
97	93	0.740046
97	113	0.759548
97	120	0.731562
97	123	0.773352
97	124	0.761979
97	126	2.19486
97	128	0.769405
97	131	0.663982
97	143	2.32158
97	161	2.44854
98	14	0.826235
98	20	0.949136
98	38	0.711708
98	44	0.851311
98	67	0.874518
98	68	0.816666
98	88	0.914576
98	91	0.809507
98	95	0.886044
98	103	0.86554
98	107	1.96042
98	146	0.864967
98	155	0.868747
98	162	1.3093
98	163	1.27048
98	164	1.99768
98	167	0.909447
98	171	1.39882
98	176	2.32198
98	177	0.840558
99	1	0.949839
99	4	0.792204
99	12	0.788169
99	33	0.854836
99	54	0.909027
99	58	0.911444
99	66	0.87831
99	82	0.827871
99	87	1.7016
99	89	0.801973
99	90	0.876852
99	106	0.829415
99	121	0.857828
99	146	0.852329
99	150	1.20565
99	151	0.863141
99	154	1.54079
99	155	1.31757
99	169	1.98372
99	173	2.03541
100	18	0.897995
100	19	0.845982
100	22	0.881271
100	29	0.848335
100	40	0.847182
100	42	0.821587
100	47	0.813448
100	61	0.875828
100	77	0.830874
100	84	0.883944
100	85	0.877981
100	94	0.855887
100	108	0.862248
100	115	0.873548
100	147	2.3249
100	148	0.852309
100	149	1.65338
100	158	1.69128
100	162	1.51302
100	172	2.13355
101	25	1.72163
101	28	1.51065
101	36	0.894113
101	41	1.24156
101	119	0.926026
101	135	0.916377
101	137	0.9386
101	148	0.990719
101	161	0.914383
101	162	0.884859
101	163	0.866543
101	165	0.854601
101	170	0.817065
101	172	0.811743
101	174	0.863346
101	176	0.788368
101	177	0.887136
101	178	0.831959
101	179	0.795414
101	180	0.801357
102	30	1.35734
102	48	1.16093
102	64	1.34384
102	104	0.844095
102	108	0.895743
102	117	1.30252
102	141	0.958045
102	149	0.882846
102	150	0.943388
102	157	0.909022
102	165	0.862646
102	169	0.839942
102	171	0.866299
102	173	0.817622
102	174	0.871391
102	175	0.784169
102	176	0.796412
102	178	0.840004
102	179	0.803458
102	180	0.809401
103	14	0.81929
103	44	0.844365
103	67	0.867572
103	68	0.80972
103	87	0.818126
103	88	0.907631
103	91	0.802561
103	95	0.879098
103	98	0.86554
103	104	0.917342
103	107	2.17606
103	114	1.57738
103	119	1.34256
103	130	1.25404
103	146	0.858021
103	147	2.33682
103	155	0.861801
103	163	1.48612
103	167	0.902501
103	177	0.833612
104	14	0.878037
104	38	0.76351
104	44	0.903113
104	67	0.92632
104	68	0.868468
104	87	0.876873
104	88	0.966378
104	91	0.861309
104	95	0.937846
104	102	0.844095
104	103	0.917342
104	146	0.916769
104	149	1.63161
104	153	1.66163
104	155	0.920549
104	157	1.18365
104	165	1.66345
104	167	0.961249
104	174	1.58704
104	177	0.89236
104	180	2.02911
105	28	1.25981
105	38	2.64049
105	59	0.931749
105	69	1.17323
105	124	0.613487
105	134	0.923835
105	137	0.93059
105	138	0.710099
105	143	0.895767
105	162	0.87685
105	165	0.846592
105	168	0.830397
105	169	0.823887
105	170	0.809055
105	171	0.850244
105	172	0.803733
105	174	0.855336
105	175	0.768115
105	176	0.780358
105	179	0.787404
105	180	0.793347
106	54	0.891231
106	76	1.50185
106	82	0.810075
106	89	0.784177
106	90	0.859056
106	99	0.829415
106	112	1.20669
106	122	1.77316
106	125	0.863341
106	127	1.40369
106	133	0.822715
106	136	0.839897
106	138	0.827759
106	142	0.823816
106	144	0.846923
106	146	0.834533
106	151	0.845345
106	152	0.821441
106	162	1.87095
106	167	0.879013
106	180	2.40882
107	78	2.14433
107	96	0.740342
107	98	1.96042
107	103	2.17606
107	121	0.794641
107	130	0.806603
107	131	0.687949
107	135	2.15833
107	145	0.807066
107	157	0.778574
107	162	0.762456
107	165	0.732198
107	166	0.736681
107	168	0.716003
107	170	0.694661
107	172	0.689339
107	174	0.740943
107	176	0.665965
107	177	0.764733
107	178	0.709556
107	179	0.67301
107	180	0.678953
108	18	0.917531
108	19	0.865517
108	22	0.900806
108	29	0.867871
108	40	0.866717
108	42	0.841122
108	47	0.832983
108	61	0.895364
108	77	0.85041
108	84	0.90348
108	85	0.897516
108	94	0.875423
108	100	0.862248
108	102	0.895743
108	130	1.272
108	132	0.942046
108	147	2.35478
108	148	0.871845
108	165	1.7151
108	174	1.63869
108	177	1.39535
108	178	1.70911
109	36	0.868244
109	72	0.938517
109	73	0.848915
109	74	0.836717
109	79	0.848109
109	110	0.865112
109	112	1.01167
109	117	0.830612
109	125	0.891646
109	132	1.04533
109	134	0.882945
109	135	0.882386
109	136	0.868202
109	137	1.22757
109	138	0.856064
109	142	0.852121
109	144	0.875229
109	152	0.849746
109	153	0.811782
109	162	1.67594
109	167	0.907319
109	175	2.71622
109	176	2.68862
110	19	1.01116
110	45	0.844786
110	50	0.826092
110	69	0.884128
110	73	0.845797
110	74	0.833599
110	109	0.865112
110	122	1.47803
110	125	0.888528
110	129	2.48152
110	133	0.847903
110	135	0.879268
110	136	0.865084
110	138	0.852946
110	140	1.43274
110	144	0.872111
110	151	1.31373
110	152	0.846628
110	159	1.66024
110	160	0.904287
110	163	0.814719
110	167	0.904201
110	173	2.02087
111	30	1.3523
111	46	1.37729
111	53	1.24558
111	73	1.19014
111	95	1.26521
111	116	1.00968
111	117	1.29747
111	140	0.90594
111	145	0.929085
111	147	0.807108
111	149	0.874418
111	157	0.900594
111	158	0.859055
111	161	0.914
111	164	0.815045
111	165	0.854218
111	167	0.761395
111	168	0.838023
111	171	0.857871
111	172	0.811359
111	175	0.775741
111	178	0.831576
111	180	0.800973
112	5	1.51924
112	37	1.17873
112	106	1.20669
112	109	1.01167
112	119	0.925689
112	120	1.27165
112	134	1.10125
112	135	0.842948
112	139	0.907895
112	141	0.949664
112	143	0.90344
112	145	0.929132
112	147	0.807155
112	158	0.859101
112	162	0.884523
112	163	0.866207
112	166	0.858748
112	172	0.811406
112	173	0.809241
112	174	0.863009
112	178	0.831622
112	179	0.795077
112	180	0.80102
113	1	0.94933
113	15	0.814787
113	19	1.33407
113	43	0.831905
113	55	0.90952
113	56	0.832838
113	62	0.893873
113	71	0.87921
113	75	0.853894
113	78	0.860673
113	80	0.851848
113	81	0.82362
113	97	0.759548
113	118	1.47146
113	119	1.71636
113	120	0.818206
113	123	0.859996
113	124	0.848624
113	128	0.856049
113	131	0.750627
113	137	1.45037
113	139	1.63318
113	157	1.59114
113	179	2.47696
114	46	2.08193
114	63	1.69966
114	83	1.40329
114	103	1.57738
114	126	0.887402
114	136	1.68989
114	141	0.874023
114	154	0.814657
114	156	0.801401
114	157	0.825
114	164	0.73945
114	165	0.778623
114	166	0.783106
114	168	0.762429
114	169	0.755919
114	172	0.735765
114	173	0.7336
114	174	0.787368
114	175	0.700146
114	178	0.755981
114	179	0.719436
114	180	0.725379
115	6	2.51621
115	13	1.27479
115	71	1.12111
115	91	1.36925
115	100	0.873548
115	129	0.829832
115	148	0.942078
115	157	0.91551
115	159	0.879045
115	162	0.899392
115	164	0.829961
115	165	0.869134
115	167	0.774121
115	168	0.852939
115	170	0.831597
115	171	0.872786
115	172	0.826275
115	173	0.82411
115	174	0.877879
115	175	0.790657
115	176	0.8029
115	178	0.846492
115	179	0.809946
115	180	0.815889
116	29	1.26235
116	63	1.00701
116	69	1.37469
116	84	0.683068
116	92	1.51256
116	95	1.27719
116	111	1.00968
116	117	1.30946
116	129	0.859725
116	131	0.854777
116	135	0.866996
116	156	0.921804
116	161	0.958808
116	162	0.929284
116	164	0.859853
116	165	0.899026
116	168	0.882832
116	169	0.876322
116	170	0.86149
116	173	0.854003
116	175	0.820549
116	176	0.832793
116	178	0.876384
116	179	0.839839
116	180	0.845782
117	21	0.882863
117	30	0.842659
117	45	0.810287
117	51	0.802922
117	79	0.810492
117	102	1.30252
117	109	0.830612
117	111	1.29747
117	116	1.30946
117	125	0.854028
117	133	0.813403
117	134	0.845327
117	135	0.844769
117	136	0.830585
117	138	0.818447
117	142	0.814503
117	144	0.837611
117	152	0.812129
117	155	1.67687
117	156	1.67977
117	160	0.869788
117	163	0.780219
117	167	0.869701
117	174	2.04546
117	178	2.11589
118	8	1.18729
118	22	1.3281
118	81	1.39543
118	96	0.856338
118	113	1.47146
118	134	1.33824
118	140	0.899916
118	152	1.23812
118	158	0.853031
118	162	0.878453
118	163	0.860137
118	164	0.809022
118	165	0.848195
118	167	0.986324
118	168	0.832
118	169	0.82549
118	170	0.810658
118	173	0.803171
118	174	0.856939
118	175	0.769717
118	176	0.781961
118	177	0.88073
118	178	0.825552
118	179	0.789007
118	180	0.79495
119	26	1.26405
119	31	1.52438
119	74	1.56367
119	75	1.37603
119	90	1.61294
119	96	0.823128
119	101	0.926026
119	103	1.34256
119	112	0.925689
119	113	1.71636
119	126	0.923763
119	129	0.775683
119	154	0.851018
119	157	0.86136
119	159	0.824895
119	161	0.874766
119	162	0.845242
119	165	0.814984
119	169	0.79228
119	170	0.777448
119	172	0.772126
119	175	0.736507
119	176	0.748751
119	178	0.792342
119	179	0.755797
119	180	0.76174
120	1	0.921344
120	15	0.786801
120	16	0.875337
120	19	1.37125
120	43	0.803919
120	55	0.881534
120	56	0.804852
120	62	0.865887
120	65	0.818853
120	75	0.825908
120	78	0.832687
120	80	0.823862
120	86	0.804039
120	93	0.798704
120	97	0.731562
120	112	1.27165
120	113	0.818206
120	123	0.83201
120	124	0.820638
120	128	0.828063
120	130	1.66501
120	131	0.722641
120	151	1.67381
120	153	2.10629
120	171	2.02543
120	178	2.10213
121	4	0.802821
121	54	0.919644
121	55	1.26995
121	66	0.888927
121	81	1.46338
121	82	0.838488
121	83	0.991523
121	89	0.81259
121	90	0.887469
121	92	1.79345
121	99	0.857828
121	107	0.794641
121	125	1.35207
121	142	1.35347
121	143	0.855178
121	146	0.862946
121	151	0.873758
121	160	1.09129
121	166	0.810485
121	168	0.789807
121	173	0.760979
121	174	0.814747
121	176	0.739769
121	178	0.78336
121	179	0.746814
121	180	0.752758
122	13	1.81647
122	25	2.21467
122	35	1.57358
122	59	0.863001
122	76	0.841961
122	93	1.94409
122	106	1.77316
122	110	1.47803
122	145	0.852711
122	147	0.730734
122	149	0.798044
122	158	0.78268
122	161	0.837626
122	164	0.738671
122	165	0.777844
122	166	0.782327
122	168	0.761649
122	170	0.740307
122	172	0.734985
122	173	0.73282
122	174	0.786589
122	175	0.699367
122	176	0.71161
122	177	0.810379
122	178	0.755202
122	179	0.718656
122	180	0.724599
123	15	0.828591
123	43	0.845709
123	55	0.923324
123	56	0.846642
123	62	0.907677
123	65	0.860643
123	71	0.893013
123	75	0.867697
123	78	0.874477
123	80	0.865652
123	81	0.837424
123	86	0.845829
123	93	0.840494
123	97	0.773352
123	113	0.859996
123	120	0.83201
123	124	0.862428
123	126	1.30878
123	128	0.869853
123	131	0.764431
123	139	1.58964
123	145	1.47275
123	157	1.54759
123	162	1.85519
123	166	1.96348
123	169	2.24855
123	177	1.70764
124	1	0.951762
124	16	0.905755
124	43	0.834336
124	55	0.911951
124	56	0.835269
124	62	0.896304
124	65	0.849271
124	70	0.689446
124	71	0.881641
124	75	0.856325
124	78	0.863105
124	80	0.85428
124	81	0.826051
124	93	0.829122
124	97	0.761979
124	105	0.613487
124	113	0.848624
124	120	0.820638
124	123	0.862428
124	128	0.858481
124	131	0.753058
124	149	1.59552
124	158	1.63342
124	170	2.03575
124	173	1.9002
124	175	2.49545
124	179	2.03338
125	16	0.937758
125	36	0.891661
125	45	0.871321
125	50	0.852627
125	73	0.872332
125	92	0.827199
125	106	0.863341
125	109	0.891646
125	110	0.888528
125	117	0.854028
125	121	1.35207
125	126	1.16498
125	133	0.874437
125	134	0.906361
125	136	0.891618
125	137	1.26303
125	138	0.879481
125	144	0.898645
125	151	1.44929
125	152	0.873163
125	157	1.40379
125	160	0.930822
125	163	0.841253
125	166	1.81967
125	167	0.930735
125	174	1.80718
125	177	1.56384
125	180	2.24926
126	20	0.847535
126	45	1.23431
126	74	1.19963
126	90	1.2489
126	96	0.860482
126	97	2.19486
126	114	0.887402
126	119	0.923763
126	123	1.30878
126	125	1.16498
126	128	0.971388
126	136	1.09104
126	137	0.936336
126	139	0.905969
126	140	0.90406
126	145	0.927206
126	154	0.888371
126	157	0.898714
126	158	0.857175
126	165	0.852338
126	166	0.856821
126	169	0.829634
126	170	0.814801
126	173	0.807315
126	174	0.861083
126	175	0.773861
126	176	0.786105
126	178	0.829696
126	179	0.79315
126	180	0.799094
127	16	1.21206
127	42	1.05561
127	43	1.42195
127	79	1.23887
127	88	1.22595
127	90	1.32806
127	106	1.40369
127	134	1.29825
127	143	0.91184
127	148	1.11429
127	149	0.882865
127	154	0.898698
127	156	0.885442
127	157	0.909041
127	158	0.867502
127	159	0.872576
127	161	0.922447
127	162	0.892923
127	164	0.823492
127	168	0.84647
127	170	0.825128
127	172	0.819806
127	173	0.817641
127	174	0.87141
127	175	0.784188
127	176	0.796431
127	177	0.8952
127	178	0.840023
127	179	0.803477
127	180	0.80942
128	1	0.959187
128	15	0.824644
128	16	0.91318
128	43	0.841762
128	55	0.919377
128	56	0.842695
128	62	0.90373
128	65	0.856696
128	71	0.889066
128	72	0.780386
128	75	0.86375
128	78	0.87053
128	80	0.861705
128	81	0.833477
128	86	0.841882
128	93	0.836547
128	97	0.769405
128	113	0.856049
128	120	0.828063
128	123	0.869853
128	124	0.858481
128	126	0.971388
128	131	0.760484
128	149	1.65816
128	153	1.68818
128	158	1.69606
128	169	1.91116
128	172	2.13833
128	178	1.68402
128	180	2.05567
129	13	2.81996
129	32	0.736066
129	56	2.2281
129	76	0.768376
129	85	1.98776
129	89	2.48266
129	96	0.712401
129	110	2.48152
129	115	0.829832
129	116	0.859725
129	119	0.775683
129	139	0.757888
129	140	0.75598
129	141	0.799657
129	150	0.785
129	162	0.734516
129	163	0.7162
129	164	0.665085
129	165	0.704258
129	166	0.708741
129	168	0.688063
129	171	0.707911
129	172	0.661399
129	173	0.659234
129	174	0.713003
129	175	0.625781
129	176	0.638024
129	178	0.681616
129	179	0.64507
129	180	0.651013
130	4	1.69225
130	40	1.63671
130	49	0.914816
130	66	1.13531
130	103	1.25404
130	107	0.806603
130	108	1.272
130	120	1.66501
130	135	1.23631
130	150	0.898706
130	152	1.39448
130	154	0.853998
130	156	0.840742
130	157	0.864341
130	159	0.827875
130	162	0.848222
130	164	0.778791
130	165	0.817964
130	166	0.822447
130	168	0.80177
130	169	0.79526
130	170	0.780428
130	171	0.821617
130	172	0.775106
130	173	0.772941
130	174	0.826709
130	175	0.739487
130	177	0.850499
130	179	0.758777
130	180	0.76472
131	15	0.719221
131	56	0.737272
131	62	0.798307
131	68	2.44435
131	78	0.765108
131	87	0.716359
131	93	0.731125
131	97	0.663982
131	107	0.687949
131	113	0.750627
131	116	0.854777
131	120	0.722641
131	123	0.764431
131	124	0.753058
131	128	0.760484
131	136	2.14864
131	146	1.94116
131	148	2.09274
131	150	0.780053
131	153	0.705198
131	156	0.722088
131	158	0.704147
131	167	1.92478
131	171	0.702963
131	173	0.654287
131	174	0.708055
131	175	0.620833
131	178	0.676668
131	179	0.640123
131	180	0.646066
132	21	1.14821
132	29	0.928133
132	40	0.92698
132	44	1.1795
132	47	0.893246
132	53	1.26718
132	61	0.955626
132	64	1.3604
132	77	0.910672
132	80	0.952785
132	84	0.963742
132	85	0.957779
132	94	0.935685
132	108	0.942046
132	109	1.04533
132	134	1.13491
132	142	1.08219
132	148	0.932107
132	152	1.03478
132	157	0.91931
132	159	0.882844
132	164	0.833761
132	167	0.782993
132	169	0.850229
132	170	0.835397
132	172	0.830075
132	175	0.794456
132	176	0.8067
132	178	0.850291
132	179	0.813746
132	180	0.819689
133	7	1.07428
133	21	0.903272
133	30	0.863068
133	36	0.851036
133	45	0.830695
133	51	0.823331
133	60	1.15781
133	70	1.1939
133	79	0.8309
133	92	0.786573
133	106	0.822715
133	110	0.847903
133	117	0.813403
133	125	0.874437
133	134	0.865736
133	135	0.865178
133	136	0.850993
133	138	0.838856
133	142	0.834912
133	143	1.53992
133	144	0.85802
133	145	1.57717
133	152	0.832538
133	153	0.794573
133	156	1.68972
133	157	1.65201
133	160	0.890196
133	163	0.800628
133	166	2.0679
133	167	0.89011
133	172	2.58014
134	13	0.820493
134	28	0.931751
134	45	0.862619
134	50	0.843925
134	60	0.963706
134	63	0.900011
134	69	0.901961
134	70	0.999795
134	73	0.86363
134	74	0.851432
134	79	0.862824
134	92	0.818497
134	105	0.923835
134	109	0.882945
134	112	1.10125
134	117	0.845327
134	118	1.33824
134	125	0.906361
134	127	1.29825
134	132	1.13491
134	133	0.865736
134	135	0.897101
134	136	0.882917
134	138	0.87078
134	142	0.866836
134	144	0.889944
134	152	0.864461
134	153	0.826497
134	157	1.45791
134	167	0.922034
134	179	2.34373
134	180	2.30337
135	13	0.819935
135	28	0.931193
135	30	0.894434
135	36	0.882401
135	45	0.862061
135	73	0.863072
135	79	0.862266
135	92	0.817939
135	101	0.916377
135	107	2.15833
135	109	0.882386
135	110	0.879268
135	112	0.842948
135	116	0.866996
135	117	0.844769
135	130	1.23631
135	133	0.865178
135	134	0.897101
135	136	0.882359
135	138	0.870221
135	142	0.866278
135	144	0.889386
135	152	0.863903
135	153	0.825939
135	154	1.45763
135	155	1.23441
135	160	0.921562
135	163	0.831993
135	167	0.921475
135	169	1.90057
135	173	1.95225
135	180	2.04507
136	21	0.920453
136	36	0.868217
136	45	0.847877
136	49	1.0286
136	63	0.885268
136	69	0.887218
136	73	0.848888
136	74	0.836689
136	92	0.803755
136	106	0.839897
136	109	0.868202
136	110	0.865084
136	114	1.68989
136	117	0.830585
136	125	0.891618
136	126	1.09104
136	131	2.14864
136	133	0.850993
136	134	0.882917
136	135	0.882359
136	138	0.856037
136	141	1.28271
136	142	0.852093
136	144	0.875201
136	149	1.77781
136	150	1.25274
136	152	0.849719
136	153	0.811754
136	154	1.58788
136	160	0.907378
136	163	0.817809
136	166	1.74574
136	174	1.73324
137	21	1.33044
137	25	1.86409
137	34	0.955326
137	51	1.38825
137	71	1.31222
137	73	1.39397
137	101	0.9386
137	105	0.93059
137	109	1.22757
137	113	1.45037
137	125	1.26303
137	126	0.936336
137	140	0.879279
137	149	0.847758
137	152	1.21702
137	153	0.833445
137	159	0.837468
137	161	0.88734
137	163	0.8395
137	164	0.788385
137	166	0.832041
137	168	0.811363
137	169	0.804853
137	170	0.790021
137	172	0.784699
137	173	0.782534
137	174	0.836303
137	175	0.749081
137	176	0.761324
137	178	0.804916
137	179	0.76837
137	180	0.774313
138	13	0.793613
138	28	0.904871
138	30	0.868112
138	32	0.825538
138	36	0.856079
138	51	0.828374
138	63	0.87313
138	79	0.835944
138	87	1.663
138	92	0.791617
138	96	1.8281
138	105	0.710099
138	106	0.827759
138	109	0.856064
138	110	0.852946
138	117	0.818447
138	125	0.879481
138	133	0.838856
138	134	0.87078
138	135	0.870221
138	136	0.856037
138	139	1.28622
138	142	0.839956
138	144	0.863064
138	152	0.837581
138	155	1.27897
138	159	1.63619
138	160	0.89524
138	162	1.55177
138	163	0.805671
138	167	0.895154
138	169	1.94513
138	172	2.1723
138	180	2.08964
139	15	1.56812
139	69	1.74935
139	78	1.22766
139	112	0.907895
139	113	1.63318
139	123	1.58964
139	126	0.905969
139	129	0.757888
139	138	1.28622
139	143	0.846366
139	148	1.316
139	149	0.81739
139	150	0.877932
139	151	0.864946
139	152	1.39984
139	153	0.803077
139	154	0.833223
139	155	0.857914
139	156	0.819967
139	157	0.843566
139	159	0.807101
139	161	0.856972
139	164	0.758017
139	167	1.14805
139	168	0.780995
139	169	0.774486
139	170	0.759653
139	172	0.754331
139	174	0.805935
139	175	0.718713
139	176	0.730956
139	177	0.829725
139	178	0.774548
139	179	0.738002
139	180	0.743945
140	1	1.15124
140	22	1.61228
140	23	1.66199
140	40	1.76453
140	47	1.49993
140	51	1.69353
140	63	1.50414
140	81	1.67962
140	96	0.803425
140	110	1.43274
140	111	0.90594
140	118	0.899916
140	126	0.90406
140	129	0.75598
140	137	0.879279
140	141	0.890681
140	147	0.748171
140	150	0.876023
140	154	0.831315
140	157	0.841657
140	158	0.800118
140	161	0.855063
140	162	0.825539
140	166	0.799764
140	169	0.772577
140	170	0.757745
140	172	0.752423
140	173	0.750258
140	174	0.804026
140	175	0.716804
140	176	0.729048
140	177	0.827816
140	178	0.772639
140	179	0.736094
140	180	0.742037
141	24	0.83083
141	28	1.74674
141	62	1.41139
141	67	1.14614
141	82	1.58523
141	94	1.35285
141	102	0.958045
141	112	0.949664
141	114	0.874023
141	129	0.799657
141	136	1.28271
141	140	0.890681
141	144	1.24677
141	148	1.2268
