1	12	1.07171
1	37	1.14459
1	63	1.17367
1	66	1.02933
1	67	1.02688
1	73	1.10205
1	77	1.06584
1	81	1.06945
1	84	1.03853
1	97	1.0516
1	177	0.611225
1	180	0.619633
2	142	1.17673
2	148	0.609618
2	149	1.21679
2	154	0.587819
2	166	1.21286
2	169	1.18212
2	170	1.21141
2	172	1.19078
2	173	0.591886
2	174	1.20009
2	175	0.618222
2	178	1.20922
3	43	0.640714
3	45	1.16185
3	98	1.22065
3	112	1.16588
3	120	1.22315
3	122	1.20249
3	123	1.20988
3	161	1.17303
3	165	0.57728
3	171	1.24308
3	177	0.590007
3	180	0.598414
4	7	1.09555
4	37	1.29142
4	66	1.17615
4	67	1.17371
4	73	1.24888
4	77	1.21266
4	81	1.21628
4	84	1.18536
4	123	0.575477
4	161	0.680306
4	165	0.568313
4	177	0.58104
5	37	0.531568
5	39	0.656281
5	53	0.58356
5	67	0.623521
5	87	1.25531
5	120	1.20717
5	126	1.14749
5	152	1.20087
5	167	1.22057
5	169	1.17302
5	176	1.20677
5	180	1.18881
6	61	0.591871
6	114	1.1895
6	149	0.579934
6	155	1.1811
6	159	1.20248
6	172	0.622054
6	173	1.2169
6	175	1.19552
6	176	1.21516
6	178	0.598736
6	179	1.20215
6	180	1.1972
7	4	1.09555
7	8	0.740568
7	12	1.07448
7	65	0.903532
7	66	1.0321
7	67	1.02966
7	73	1.10483
7	77	1.06861
7	81	1.07223
7	84	1.04131
7	92	1.08122
7	161	0.759814
8	7	0.740568
8	12	0.689345
8	85	0.768315
8	98	1.10996
8	122	1.0918
8	126	1.05278
8	141	1.11792
8	173	1.1138
8	174	1.09627
8	176	1.11206
8	178	1.10541
9	82	1.09492
9	91	1.10419
9	127	1.04735
9	132	1.06146
9	142	1.03923
9	151	0.81159
9	169	1.04462
9	170	1.07391
9	174	1.06259
9	175	0.80938
9	178	1.07172
9	179	0.784651
10	137	0.565499
10	145	0.595007
10	153	1.1958
10	156	1.20366
10	164	1.19363
10	172	0.623522
10	173	1.2129
10	174	0.608305
10	175	1.19151
10	176	1.21115
10	179	1.19815
10	180	1.1932
11	61	0.649183
11	145	0.65085
11	154	1.16379
11	156	1.15576
11	160	1.16959
11	164	1.14574
11	168	1.16269
11	170	0.636175
11	175	1.14362
11	176	1.16326
11	178	0.656048
11	179	1.15025
11	180	1.1453
12	1	1.07171
12	7	1.07448
12	8	0.689345
12	66	1.15508
12	67	1.15264
12	73	1.22781
12	77	1.19159
12	81	1.19521
12	84	1.16429
12	143	1.16719
12	161	0.708591
12	165	0.596598
12	177	0.609325
13	115	1.15284
13	146	1.12918
13	147	1.15687
13	152	1.16496
13	160	0.643909
13	162	1.1647
13	168	0.655535
13	170	1.1664
13	172	1.14577
13	174	1.15507
13	176	0.646765
13	178	1.16421
13	179	0.661449
14	39	1.139
14	40	1.13514
14	44	0.632593
14	54	1.08123
14	74	1.12674
14	78	1.19341
14	85	1.166
14	161	0.724257
14	163	0.598853
14	164	0.650673
14	165	1.18373
14	171	1.19275
14	177	1.182
15	125	1.16449
15	130	0.662717
15	133	0.664347
15	149	1.17163
15	157	1.15299
15	160	0.639026
15	161	1.12099
15	166	1.1677
15	169	1.13696
15	170	1.16625
15	174	1.15493
15	176	0.641881
15	178	1.16406
16	123	1.03848
16	125	0.851611
16	147	0.88558
16	156	1.04386
16	158	1.02029
16	159	1.03867
16	168	1.05079
16	170	0.857266
16	173	1.0531
16	175	1.03172
16	176	1.05135
16	179	1.03835
16	180	1.0334
17	40	1.13514
17	42	1.139
17	54	1.08123
17	74	1.12674
17	78	1.19341
17	85	1.166
17	92	0.622847
17	107	0.696933
17	123	0.590603
17	161	0.695432
17	165	1.18373
17	171	1.19275
17	177	1.182
18	106	1.14187
18	118	0.653181
18	145	0.633282
18	151	1.13985
18	159	1.15595
18	162	0.635729
18	168	1.16806
18	169	0.670656
18	173	1.17037
18	175	1.14899
18	176	1.16863
18	179	1.15562
18	180	1.15067
19	21	0.625237
19	110	1.17955
19	131	1.14365
19	149	1.16798
19	152	1.16116
19	156	0.654388
19	157	1.14935
19	169	1.13331
19	170	1.16261
19	172	1.14197
19	173	0.650721
19	175	0.677057
19	178	1.16041
20	55	0.646639
20	93	0.614952
20	133	1.1599
20	134	1.1506
20	135	0.647084
20	160	1.16684
20	163	1.17127
20	168	1.15994
20	174	0.683557
20	175	1.14087
20	176	1.16051
20	179	1.1475
20	180	1.14255
21	19	0.625237
21	126	0.701572
21	150	1.16926
21	151	1.13349
21	152	0.629358
21	163	1.17304
21	168	1.1617
21	173	1.16402
21	174	0.639328
21	175	1.14263
21	176	1.16227
21	179	1.14927
21	180	1.14431
22	99	0.642
22	135	1.18099
22	152	1.15538
22	158	0.662641
22	162	1.15513
22	164	0.660142
22	166	1.15826
22	167	1.17508
22	169	1.12753
22	170	1.15682
22	172	1.13619
22	175	0.642705
22	178	1.15463
23	24	1.05125
23	25	1.07583
23	35	1.03099
23	53	1.10893
23	59	1.06223
23	63	0.880803
23	64	1.04507
23	65	0.957245
23	75	1.1319
23	97	1.05576
23	123	0.882931
23	143	0.844953
23	165	0.875766
24	23	1.05125
24	25	1.17281
24	35	1.12797
24	52	1.20933
24	53	1.20591
24	59	1.15921
24	64	1.14205
24	75	1.22888
24	92	0.645737
24	107	1.10257
24	113	0.642234
24	134	0.599678
24	161	0.718322
25	23	1.07583
25	24	1.17281
25	35	1.15255
25	53	1.23049
25	59	1.18379
25	63	1.00236
25	64	1.16663
25	75	1.25346
25	121	1.16208
25	123	0.661826
25	143	0.623848
25	159	0.652569
25	177	0.667389
26	36	0.721478
26	38	1.14417
26	41	1.14119
26	87	1.22264
26	92	0.642475
26	112	1.11724
26	113	0.638972
26	117	1.15041
26	122	1.15384
26	123	1.16124
26	126	1.11483
26	165	0.603066
26	171	1.19444
27	31	1.1256
27	41	1.13338
27	45	1.1054
27	68	1.25844
27	87	1.21483
27	95	0.63919
27	96	0.634555
27	117	1.1426
27	120	1.1667
27	122	1.14603
27	126	1.10702
27	153	0.658428
27	177	0.674926
28	100	0.691657
28	106	0.664715
28	119	0.615722
28	124	1.15571
28	133	0.635813
28	135	1.18334
28	147	1.14965
28	166	1.16062
28	167	1.17743
28	169	1.12988
28	172	1.13854
28	174	1.14785
28	178	1.15698
29	69	0.562955
29	121	0.681551
29	145	1.1572
29	149	1.16499
29	154	0.666294
29	157	1.14636
29	162	1.15792
29	167	1.17787
29	169	1.13033
29	170	1.15962
29	174	1.14829
29	178	1.15742
29	180	0.69686
30	69	0.569942
30	86	1.09357
30	97	1.17573
30	98	1.17862
30	113	0.718618
30	117	1.15702
30	120	1.18112
30	122	1.16045
30	126	1.12144
30	152	0.618693
30	161	1.131
30	171	1.20105
30	177	0.695439
31	27	1.1256
31	38	1.09659
31	68	1.21867
31	87	1.17506
31	98	1.12443
31	112	1.06966
31	113	0.758112
31	117	1.10283
31	122	1.10626
31	123	1.11365
31	126	1.06725
31	143	0.691393
31	154	0.712776
31	170	0.640184
32	51	1.06924
32	135	0.649663
32	136	0.710973
32	146	0.730522
32	148	1.12251
32	155	1.10035
32	160	1.14074
32	172	0.701353
32	173	1.13615
32	175	1.11477
32	176	1.1344
32	177	1.14399
32	179	1.1214
32	180	1.11645
33	39	1.1051
33	40	1.10124
33	42	1.1051
33	54	1.04733
33	65	0.878096
33	74	1.09284
33	78	1.15951
33	85	1.1321
33	123	0.629549
33	161	0.734378
33	165	1.14983
33	171	1.15885
33	177	1.1481
33	178	0.560235
34	129	0.756559
34	135	1.14139
34	137	1.14229
34	145	1.11481
34	151	0.708508
34	152	1.11578
34	162	1.11553
34	167	1.13548
34	168	0.675655
34	170	1.11722
34	172	1.09659
34	174	1.10589
34	176	0.666885
34	178	1.11503
35	23	1.03099
35	24	1.12797
35	25	1.15255
35	36	0.699066
35	53	1.18565
35	59	1.13895
35	64	1.12179
35	65	1.03396
35	75	1.20861
35	86	0.820799
35	107	1.08231
35	121	1.11724
35	161	0.692647
35	177	0.59338
36	26	0.721478
36	35	0.699066
36	47	0.688198
36	63	0.965784
36	81	1.15859
36	84	1.12767
36	87	0.68781
36	143	1.13057
36	166	1.14271
36	168	1.14516
36	174	1.12994
36	178	1.13908
36	179	1.13272
36	180	1.12777
37	1	1.14459
37	4	1.29142
37	5	0.531568
37	66	1.22796
37	67	1.22552
37	73	1.30069
37	77	1.26448
37	81	1.26809
37	84	1.23717
37	113	0.579792
37	128	0.586385
37	143	1.24007
37	165	0.543886
37	175	0.564858
38	26	1.14417
38	31	1.09659
38	47	1.18733
38	112	1.08042
38	117	1.11359
38	120	1.13769
38	122	1.11702
38	126	1.07801
38	143	0.676421
38	161	1.08757
38	165	0.707234
38	171	1.15762
38	173	0.70187
38	177	0.719961
39	5	0.656281
39	14	1.139
39	33	1.1051
39	42	1.10038
39	54	1.04261
39	74	1.08812
39	78	1.15479
39	85	1.12738
39	111	0.720994
39	160	0.647301
39	161	0.780592
39	165	1.14511
39	171	1.15413
39	177	1.14338
40	14	1.13514
40	17	1.13514
40	33	1.10124
40	44	0.696687
40	54	1.03874
40	56	0.680379
40	74	1.08426
40	78	1.15093
40	85	1.12352
40	144	0.637139
40	161	0.788351
40	165	1.14125
40	171	1.15027
40	177	1.13952
41	26	1.14119
41	27	1.13338
41	44	1.10625
41	45	1.0734
41	62	0.606413
41	63	1.09958
41	87	1.18283
41	120	1.1347
41	122	1.11404
41	126	1.07502
41	161	1.08458
41	164	0.56281
41	171	1.15463
41	177	0.537128
42	17	1.139
42	33	1.1051
42	39	1.10038
42	54	1.04261
42	63	1.12675
42	74	1.08812
42	78	1.15479
42	82	0.491102
42	85	1.12738
42	143	0.52076
42	161	0.663567
42	165	1.14511
42	171	1.15413
42	177	1.14338
43	3	0.640714
43	134	1.11933
43	148	1.11735
43	159	1.11656
43	163	1.14001
43	164	1.11172
43	166	0.722512
43	168	1.12867
43	170	0.705637
43	175	1.1096
43	176	1.12924
43	178	0.72551
43	179	1.11624
43	180	1.11128
44	14	0.632593
44	40	0.696687
44	41	1.10625
44	54	0.810353
44	77	0.657473
44	120	1.13957
44	126	1.07989
44	127	1.10815
44	162	1.13302
44	172	1.11408
44	176	1.13917
44	178	1.13252
44	179	1.12616
44	180	1.12121
45	3	1.16185
45	27	1.1054
45	41	1.0734
45	92	0.760283
45	98	1.10422
45	107	0.834368
45	112	1.04945
45	117	1.08262
45	120	1.10672
45	122	1.08606
45	126	1.04704
45	143	0.69006
45	161	1.0566
45	165	0.720874
45	171	1.12665
46	88	0.784135
46	124	1.09766
46	127	1.07456
46	132	1.08867
46	146	1.06391
46	147	1.09159
46	150	0.723107
46	159	0.751097
46	166	1.10256
46	167	1.11938
46	169	1.07183
46	170	1.10112
46	174	1.08979
46	178	1.09893
46	179	0.749433
47	36	0.688198
47	38	1.18733
47	87	1.26579
47	92	0.609195
47	98	1.21516
47	112	1.16039
47	117	1.19356
47	120	1.21766
47	122	1.197
47	126	1.15798
47	161	1.16754
47	163	0.556375
47	165	0.569786
47	171	1.23759
47	177	0.582513
48	128	1.17912
48	135	0.583281
48	142	0.658741
48	153	1.20073
48	155	1.18203
48	159	1.20341
48	160	1.22242
48	162	0.608903
48	164	1.19856
48	167	0.579353
48	171	0.560833
48	175	1.19645
48	176	1.21608
48	179	1.20308
48	180	1.19813
49	57	1.12921
49	94	0.587415
49	110	1.23725
49	115	1.20674
49	142	1.18562
49	143	1.20961
49	146	1.18309
49	153	0.607862
49	159	0.60954
49	163	0.598222
49	166	1.22174
49	172	1.19967
49	173	0.606269
49	174	1.20897
49	178	1.21811
50	91	0.702975
50	99	1.0913
50	139	1.11566
50	147	0.759275
50	150	1.10348
50	153	1.08113
50	162	0.748083
50	164	1.07896
50	168	1.09592
50	169	0.78301
50	173	1.09823
50	175	1.07684
50	176	1.09648
50	179	1.08348
50	180	1.07853
51	32	1.06924
51	72	0.732493
51	127	0.772176
51	130	1.09884
51	134	1.09214
51	138	1.08064
51	157	0.750774
51	159	1.08937
51	160	1.10838
51	173	1.10379
51	175	1.08241
51	176	1.10205
51	178	0.736605
51	179	1.08904
51	180	1.08409
52	24	1.20933
52	59	1.22031
52	64	1.20315
52	83	0.593389
52	112	1.16196
52	122	1.19856
52	125	0.591913
52	126	1.15955
52	135	0.589068
52	149	0.598639
52	164	1.2013
52	171	1.23916
52	178	0.617441
52	179	1.20582
52	180	1.20087
53	5	0.58356
53	23	1.10893
53	24	1.20591
53	25	1.23049
53	35	1.18565
53	59	1.21689
53	64	1.19973
53	75	1.28656
53	97	1.21042
53	107	1.16025
53	121	1.19518
53	147	0.542169
53	161	0.707871
53	172	0.557045
53	177	0.608604
54	14	1.08123
54	17	1.08123
54	33	1.04733
54	39	1.04261
54	40	1.03874
54	42	1.04261
54	44	0.810353
54	74	1.03035
54	78	1.09702
54	85	1.0696
54	128	0.832524
54	163	0.776613
54	165	1.08734
54	171	1.09636
54	177	1.08561
54	179	0.786267
55	20	0.646639
55	104	0.67271
55	121	0.639084
55	132	1.1557
55	152	1.16671
55	157	1.15489
55	162	1.16646
55	163	0.619847
55	165	1.18393
55	166	1.1696
55	169	1.13886
55	170	1.16815
55	172	1.14752
55	177	1.1822
55	178	1.16596
55	179	0.6295
56	40	0.680379
56	73	0.564481
56	110	0.62683
56	140	1.17868
56	148	1.16118
56	149	0.647296
56	154	1.1736
56	158	1.142
56	164	1.15555
56	168	1.1725
56	173	1.17481
56	174	0.674198
56	175	1.15343
56	176	1.17307
56	179	1.16007
56	180	1.15511
57	49	1.12921
57	101	1.0493
57	103	0.807234
57	134	0.803018
57	136	1.05442
57	137	1.09228
57	146	1.02999
57	147	1.05768
57	162	1.06552
57	166	1.06865
57	167	1.08547
57	172	1.04658
57	174	1.05588
57	176	0.791226
57	178	1.06502
57	179	0.805911
58	82	0.617324
58	124	0.636862
58	140	1.17546
58	144	0.638577
58	146	0.668132
58	157	0.629816
58	158	1.13878
58	159	1.15717
58	160	1.17618
58	163	1.18061
58	164	1.15233
58	168	1.16928
58	173	1.17159
58	176	1.16985
58	179	1.15685
58	180	1.15189
59	23	1.06223
59	24	1.15921
59	25	1.18379
59	35	1.13895
59	52	1.22031
59	53	1.21689
59	64	1.15303
59	75	1.23986
59	97	1.16372
59	107	1.11355
59	121	1.14848
59	155	0.682365
59	162	0.58531
59	165	0.650211
59	169	0.620237
59	177	0.662938
60	109	0.674854
60	128	1.13633
60	134	1.16339
60	142	0.671065
60	150	1.18029
60	154	1.17383
60	164	1.15578
60	166	0.620981
60	167	0.591678
60	168	1.17273
60	173	1.17504
60	174	0.632079
60	175	1.15366
60	176	1.1733
60	179	1.1603
60	180	1.15534
61	6	0.591871
61	11	0.649183
61	116	1.16054
61	144	1.14002
61	145	1.16589
61	149	1.17368
61	150	0.625128
61	154	0.645781
61	162	1.16661
61	164	0.693621
61	166	1.16975
61	169	1.13901
61	170	1.16831
61	171	1.19309
61	174	1.15698
61	178	1.16611
62	41	0.606413
62	64	0.75641
62	66	0.748081
62	67	0.717851
62	68	0.565745
62	85	1.12894
62	141	1.14123
62	163	1.14613
62	165	1.14668
62	169	1.10162
62	170	1.13091
62	171	1.1557
62	176	1.13536
62	177	1.14495
62	178	1.12872
62	179	1.12236
62	180	1.11741
63	1	1.17367
63	23	0.880803
63	25	1.00236
63	36	0.965784
63	41	1.09958
63	42	1.12675
63	64	0.971601
63	70	0.895394
63	75	1.05843
63	116	0.975053
63	162	0.981125
63	164	0.969756
63	166	0.984262
63	170	0.982819
63	173	0.989021
63	179	0.974272
63	180	0.96932
64	23	1.04507
64	24	1.14205
64	25	1.16663
64	35	1.12179
64	52	1.20315
64	53	1.19973
64	59	1.15303
64	62	0.75641
64	63	0.971601
64	75	1.22269
64	97	1.14656
64	107	1.09639
64	121	1.13132
64	140	0.648333
64	143	0.643584
64	153	0.670627
64	177	0.687125
65	7	0.903532
65	23	0.957245
65	33	0.878096
65	35	1.03396
65	68	0.739444
65	75	1.13487
65	84	0.875622
65	118	1.05367
65	121	1.0435
65	134	1.05381
65	136	1.04647
65	149	1.06464
65	158	1.03265
65	172	1.03863
65	175	1.04408
65	179	1.05071
65	180	1.04576
66	1	1.02933
66	4	1.17615
66	7	1.0321
66	12	1.15508
66	37	1.22796
66	62	0.748081
66	67	1.11025
66	73	1.18542
66	77	1.14921
66	81	1.15282
66	84	1.1219
66	97	1.13497
66	123	0.673233
66	143	1.1248
66	165	0.666068
66	169	0.636095
66	177	0.678795
67	1	1.02688
67	4	1.17371
67	5	0.623521
67	7	1.02966
67	12	1.15264
67	37	1.22552
67	62	0.717851
67	66	1.11025
67	73	1.18298
67	77	1.14677
67	81	1.15038
67	84	1.11946
67	92	1.15938
67	113	0.671744
67	123	0.643003
67	143	1.12236
67	161	0.747832
68	27	1.25844
68	31	1.21867
68	62	0.565745
68	65	0.739444
68	92	0.523141
68	98	1.25727
68	107	0.597227
68	112	1.2025
68	117	1.23567
68	120	1.25977
68	121	1.23914
68	122	1.2391
68	126	1.20009
68	161	1.20965
68	165	0.483732
68	171	1.2797
68	177	0.496459
69	29	0.562955
69	30	0.569942
69	119	1.23987
69	124	0.570522
69	130	1.24254
69	133	1.24514
69	136	0.582243
69	151	1.21697
69	153	1.23039
69	168	1.24518
69	173	1.24749
69	174	0.557406
69	175	1.22611
69	176	1.24575
69	178	0.549306
69	179	1.23275
69	180	1.22779
70	63	0.895394
70	88	1.04216
70	89	0.872274
70	108	1.03073
70	128	1.03837
70	140	1.08094
70	144	0.883042
70	148	1.06344
70	158	1.04427
70	164	1.05781
70	167	0.82781
70	168	1.07477
70	171	0.80929
70	173	1.07708
70	176	1.07533
70	179	1.06233
70	180	1.05738
71	79	1.15285
71	83	1.15123
71	128	0.712678
71	130	0.672572
71	132	1.12055
71	143	1.12231
71	156	0.668481
71	157	1.11974
71	162	1.13131
71	165	1.14878
71	166	1.13445
71	167	1.15126
71	169	1.10371
71	170	1.133
71	173	0.664814
71	175	0.69115
71	178	1.13081
72	51	0.732493
72	89	1.11112
72	115	1.12969
72	124	1.13978
72	128	0.700464
72	136	1.13046
72	156	0.656268
72	157	1.12998
72	166	1.14469
72	167	1.1615
72	169	1.11395
72	170	1.14324
72	172	1.12261
72	174	1.13192
72	176	0.639523
72	178	1.14105
72	180	0.679099
73	1	1.10205
73	4	1.24888
73	7	1.10483
73	12	1.22781
73	37	1.30069
73	56	0.564481
73	66	1.18542
73	67	1.18298
73	77	1.22194
73	81	1.22555
73	84	1.19463
73	86	0.800604
73	97	1.2077
73	129	0.631691
73	141	0.487825
73	143	1.19753
73	163	0.547048
73	177	0.573185
74	14	1.12674
74	17	1.12674
74	33	1.09284
74	39	1.08812
74	40	1.08426
74	42	1.08812
74	54	1.03035
74	78	1.14253
74	85	1.11512
74	113	1.0993
74	123	0.699071
74	143	0.661093
74	161	0.8039
74	164	0.730316
74	165	1.13286
74	171	1.14187
74	177	1.13113
74	180	0.713041
75	23	1.1319
75	24	1.22888
75	25	1.25346
75	35	1.20861
75	53	1.28656
75	59	1.23986
75	63	1.05843
75	64	1.22269
75	65	1.13487
75	86	0.783507
75	97	1.23338
75	100	0.60323
75	105	0.438651
75	107	1.18322
75	121	1.21815
75	161	0.655355
75	164	0.581771
75	165	0.543362
76	109	0.776633
76	139	1.1326
76	143	1.09827
76	153	1.09807
76	154	1.11395
76	156	1.10592
76	162	0.723007
76	163	1.12419
76	164	1.0959
76	166	0.72276
76	167	0.693456
76	168	1.11285
76	171	0.674936
76	173	1.11517
76	175	1.09378
76	176	1.11342
76	179	1.10042
76	180	1.09546
77	1	1.06584
77	4	1.21266
77	7	1.06861
77	12	1.19159
77	37	1.26448
77	44	0.657473
77	66	1.14921
77	67	1.14677
77	73	1.22194
77	81	1.18934
77	84	1.15842
77	92	1.19833
77	97	1.17148
77	123	0.644308
77	143	1.16132
77	147	0.583436
77	165	0.637144
77	173	0.63178
77	177	0.649871
78	14	1.19341
78	17	1.19341
78	33	1.15951
78	39	1.15479
78	40	1.15093
78	42	1.15479
78	54	1.09702
78	74	1.14253
78	85	1.18179
78	86	0.797058
78	92	0.596321
78	102	0.499063
78	107	0.670407
78	113	1.16597
78	161	0.668906
78	165	1.19952
78	171	1.20854
78	175	0.577885
78	177	1.19779
79	71	1.15285
79	89	1.14602
79	102	0.56494
79	104	0.662242
79	110	1.19509
79	124	1.17468
79	128	0.665289
79	138	0.650631
79	146	1.14093
79	147	1.16862
79	149	1.18352
79	152	1.17671
79	155	0.654943
79	157	1.16489
79	167	1.1964
79	168	0.613117
79	172	1.15752
79	174	1.16682
79	178	1.17596
80	95	0.617172
80	109	1.13314
80	125	1.17828
80	130	0.642575
80	131	1.16109
80	133	0.644205
80	137	1.20512
80	142	1.14536
80	144	1.15176
80	150	0.610097
80	153	0.63641
80	157	1.16678
80	162	1.17835
80	170	1.18004
80	172	1.15941
80	174	1.16872
80	177	1.19409
80	178	1.17785
80	180	0.661315
81	1	1.06945
81	4	1.21628
81	7	1.07223
81	12	1.19521
81	36	1.15859
81	37	1.26809
81	66	1.15282
81	67	1.15038
81	73	1.22555
81	77	1.18934
81	84	1.16203
81	86	0.798033
81	97	1.1751
81	107	0.671382
81	130	0.560282
81	143	1.16493
81	161	0.669881
81	176	0.539446
81	177	0.570614
82	9	1.09492
82	42	0.491102
82	58	0.617324
82	103	0.661319
82	111	0.716149
82	131	1.16036
82	132	1.16686
82	147	1.16978
82	149	1.18468
82	152	1.17787
82	159	0.66166
82	162	1.17761
82	166	1.18075
82	170	1.17931
82	171	1.2041
82	172	1.15868
82	174	1.16798
82	178	1.17712
82	179	0.659996
83	52	0.593389
83	71	1.15123
83	108	0.698656
83	109	1.12962
83	110	1.19347
83	125	1.17476
83	127	1.14996
83	135	1.2007
83	141	1.18684
83	146	1.13931
83	154	0.628593
83	157	1.16327
83	159	0.63593
83	163	0.624613
83	167	1.19478
83	168	0.628352
83	170	1.17653
83	174	1.1652
83	178	1.17433
84	1	1.03853
84	4	1.18536
84	7	1.04131
84	12	1.16429
84	36	1.12767
84	37	1.23717
84	65	0.875622
84	66	1.1219
84	67	1.11946
84	73	1.19463
84	77	1.15842
84	81	1.16203
84	92	1.17103
84	97	1.14418
84	104	0.659364
84	143	1.13401
84	154	0.61048
84	165	0.619911
84	168	0.610239
84	177	0.632638
85	8	0.768315
85	14	1.166
85	17	1.166
85	33	1.1321
85	39	1.12738
85	40	1.12352
85	42	1.12738
85	54	1.0696
85	62	1.12894
85	74	1.11512
85	78	1.18179
85	113	1.13856
85	134	0.668918
85	143	0.644755
85	153	0.671797
85	162	0.610668
85	165	1.17211
85	171	1.18113
85	172	0.636736
85	177	1.17038
86	30	1.09357
86	35	0.820799
86	73	0.800604
86	75	0.783507
86	78	0.797058
86	81	0.798033
86	98	1.07798
86	120	1.08048
86	126	1.0208
86	161	1.03036
86	164	1.06255
86	167	1.09387
86	169	1.04633
86	170	1.07562
86	171	1.10041
86	172	1.05499
86	175	1.06044
86	178	1.07343
86	179	1.06707
86	180	1.06212
87	5	1.25531
87	26	1.22264
87	27	1.21483
87	31	1.17506
87	36	0.68781
87	41	1.18283
87	47	1.26579
87	107	0.682892
87	112	1.15889
87	117	1.19206
87	120	1.21616
87	121	1.19553
87	122	1.19549
87	123	1.20288
87	126	1.15648
87	143	0.538584
87	151	0.592579
87	154	0.559967
87	161	1.16604
87	177	0.582124
87	179	0.56564
88	46	0.784135
88	70	1.04216
88	106	1.10728
88	135	0.664647
88	136	0.725958
88	138	1.11262
88	140	1.13964
88	141	0.682537
88	150	1.14103
88	152	0.691151
88	153	1.11868
88	154	1.13457
88	159	1.12136
88	163	1.1448
88	164	1.11652
88	171	0.642199
88	173	1.13578
88	175	1.1144
88	176	1.13404
88	179	1.12103
88	180	1.11608
89	70	0.872274
89	72	1.11112
89	79	1.14602
89	95	0.651229
89	101	1.10826
89	105	1.16759
89	115	1.11262
89	127	1.09962
89	135	1.15035
89	144	1.09789
89	146	1.08896
89	157	1.11292
89	162	1.12448
89	167	1.14443
89	168	0.664567
89	169	1.09689
89	174	1.11485
89	176	0.655797
89	178	1.12399
89	179	0.670481
89	180	0.695373
90	93	1.13353
90	130	0.740407
90	135	1.12837
90	136	1.09141
90	137	1.12927
90	142	1.06951
90	145	1.10178
90	146	1.06698
90	147	1.09467
90	148	0.750381
90	150	0.707929
90	152	1.10276
90	157	1.09094
90	162	1.1025
90	166	1.10564
90	170	1.1042
90	172	1.08357
90	174	1.09287
90	176	0.719571
90	178	1.10201
90	179	0.734256
90	180	0.759147
91	9	1.10419
91	50	0.702975
91	135	1.21275
91	136	1.17579
91	138	0.64206
91	142	1.15389
91	144	1.16029
91	145	1.18616
91	146	1.15136
91	149	1.19395
91	155	0.646372
91	157	1.17532
91	167	1.20683
91	168	0.604546
91	169	1.15929
91	170	1.18858
91	172	1.16795
91	173	0.608853
91	174	1.17725
91	176	0.595775
91	178	1.18639
91	179	0.61046
92	7	1.08122
92	17	0.622847
92	24	0.645737
92	26	0.642475
92	45	0.760283
92	47	0.609195
92	67	1.15938
92	68	0.523141
92	77	1.19833
92	78	0.596321
92	84	1.17103
92	119	1.1832
92	135	1.20879
92	143	1.17393
92	172	1.16399
92	174	1.1733
92	175	1.16944
92	176	1.18908
92	177	1.19866
92	178	1.18243
92	179	1.17608
92	180	1.17112
93	20	0.614952
93	90	1.13353
93	99	0.621838
93	100	0.661439
93	131	1.16869
93	132	1.17519
93	142	1.15295
93	145	1.18523
93	146	1.15042
93	148	0.613938
93	149	1.19301
93	155	0.633725
93	157	1.17438
93	158	0.642478
93	162	1.18594
93	167	1.2059
93	169	1.15835
93	170	1.18764
93	172	1.16701
93	174	1.17631
93	178	1.18545
93	180	0.622705
94	49	0.587415
94	114	1.15806
94	119	1.17784
94	129	1.13469
94	132	0.632275
94	133	1.18311
94	140	1.18933
94	147	0.646299
94	150	1.19071
94	153	1.16836
94	155	1.14966
94	157	0.652028
94	159	1.17104
94	160	1.19005
94	168	1.18315
94	171	0.587036
94	173	1.18546
94	174	0.645958
94	175	1.16408
94	176	1.18372
94	178	0.637858
94	179	1.17072
95	27	0.63919
95	80	0.617172
95	89	0.651229
95	110	0.599799
95	124	0.660283
95	150	1.18974
95	151	1.15397
95	153	1.16739
95	155	1.14869
95	156	1.17525
95	159	1.17007
95	160	1.18908
95	163	1.19351
95	164	1.16523
95	166	0.636069
95	168	1.18218
95	171	0.588245
95	173	1.18449
95	175	1.16311
95	176	1.18275
95	179	1.16974
95	180	1.16479
96	27	0.634555
96	99	1.17563
96	104	1.15334
96	116	0.645004
96	129	1.13179
96	139	1.19999
96	150	1.18781
96	151	1.15204
96	156	1.17332
96	160	1.18715
96	162	0.631681
96	163	1.19158
96	165	1.19213
96	167	0.602131
96	171	0.58361
96	172	0.657749
96	173	1.18256
96	175	1.16118
96	176	1.18081
96	178	0.634432
96	179	1.16781
96	180	1.16286
97	1	1.0516
97	23	1.05576
97	30	1.17573
97	53	1.21042
97	59	1.16372
97	64	1.14656
97	66	1.13497
97	73	1.2077
97	75	1.23338
97	77	1.17148
97	81	1.1751
97	84	1.14418
97	102	0.621051
97	112	1.10536
97	117	1.13853
97	126	1.10295
97	134	0.67225
97	142	0.663837
97	146	0.669237
97	155	0.711054
97	165	0.6789
97	167	0.58445
97	171	1.18256
98	3	1.22065
98	8	1.10996
98	30	1.17862
98	31	1.12443
98	45	1.10422
98	47	1.21516
98	68	1.25727
98	86	1.07798
98	100	0.724936
98	112	1.10826
98	117	1.14143
98	120	1.16553
98	121	1.1449
98	122	1.14486
98	126	1.10585
98	149	0.584116
98	151	0.68825
98	161	1.11541
98	165	0.665068
98	171	1.18546
98	177	0.677795
98	178	0.602919
98	179	0.661311
99	22	0.642
99	50	1.0913
99	93	0.621838
99	96	1.17563
99	105	0.639782
99	119	1.15615
99	130	1.15883
99	131	0.685958
99	134	1.15212
99	150	1.16903
99	153	1.14668
99	156	1.15454
99	158	1.13097
99	159	1.14935
99	164	1.14451
99	165	1.17335
99	166	0.679345
99	171	0.631521
99	174	0.690443
99	175	1.1424
99	176	1.16203
99	179	1.14903
99	180	1.14408
100	28	0.691657
100	75	0.60323
100	93	0.661439
100	98	0.724936
100	102	1.18464
100	103	1.11218
100	111	1.10009
100	129	1.09224
100	131	0.72556
100	132	0.716362
100	134	1.13136
100	148	1.12937
100	154	1.1418
100	158	1.1102
100	159	1.12859
100	160	1.1476
100	164	1.12375
100	168	1.1407
100	171	0.671123
100	173	1.14301
100	175	1.12163
100	176	1.14127
100	179	1.12826
100	180	1.12331
101	57	1.0493
101	89	1.10826
101	135	1.16456
101	136	1.1276
101	140	0.663337
101	141	1.15071
101	144	1.1121
101	146	1.10317
101	152	1.13895
101	155	0.721556
101	157	1.12713
101	160	0.668105
101	166	1.14183
101	167	1.15865
101	168	0.679731
101	169	1.1111
101	171	1.16518
101	172	1.11976
101	173	0.684038
101	174	1.12906
101	177	1.15443
101	178	1.1382
101	179	0.685645
101	180	0.710536
102	78	0.499063
102	79	0.56494
102	97	0.621051
102	100	1.18464
102	128	1.17362
102	134	1.20068
102	136	0.637164
102	138	1.18918
102	147	0.612668
102	154	1.21112
102	156	1.20309
102	157	0.618397
102	158	1.17952
102	159	1.19791
102	160	1.21692
102	163	1.22136
102	166	0.601229
102	168	1.21002
102	169	0.636403
102	175	1.19095
102	176	1.21059
102	177	1.22017
102	179	1.19759
102	180	1.19263
103	57	0.807234
103	82	0.661319
103	100	1.11218
103	133	1.13752
103	135	0.631269
103	136	0.692579
103	138	1.11671
103	140	1.14373
103	150	1.14512
103	151	1.10935
103	157	0.673812
103	158	1.10706
103	159	1.12545
103	160	1.14446
103	162	0.656891
103	163	1.14889
103	164	1.12061
103	168	1.13756
103	173	1.13987
103	174	0.667742
103	175	1.11849
103	177	1.14771
103	179	1.12512
103	180	1.12017
104	55	0.67271
104	79	0.662242
104	84	0.659364
104	96	1.15334
104	110	0.662261
104	123	1.12688
104	129	1.09072
104	140	1.14535
104	153	1.12439
104	155	1.10569
104	156	1.13225
104	158	1.10868
104	159	1.12707
104	160	1.14608
104	163	1.15051
104	168	1.13918
104	172	0.724846
104	173	1.14149
104	174	0.709629
104	175	1.12011
104	176	1.13974
104	178	0.701529
104	179	1.12674
104	180	1.12179
105	75	0.438651
105	89	1.16759
105	99	0.639782
105	125	1.19795
105	130	0.621909
105	135	1.22388
105	137	1.22478
105	139	0.590459
105	147	1.19018
105	149	1.20509
105	153	0.615744
105	162	1.19802
105	163	0.606104
105	164	0.657924
105	166	1.20116
105	167	1.21797
105	169	1.17042
105	170	1.19971
105	171	1.2245
105	172	1.17908
105	174	1.18839
105	177	1.21375
105	178	1.19752
105	180	0.640649
106	18	1.14187
106	28	0.664715
106	88	1.10728
106	125	0.669474
106	130	1.13725
106	133	1.13985
106	145	0.689805
106	149	0.6762
106	151	1.11168
106	154	1.14099
106	155	1.1064
106	156	1.13296
106	158	1.10939
106	159	1.12778
106	163	1.15122
106	168	1.13989
106	170	0.675129
106	172	0.718319
106	173	1.1422
106	175	1.12082
106	176	1.14046
106	178	0.695002
106	179	1.12745
106	180	1.1225
107	17	0.696933
107	24	1.10257
107	35	1.08231
107	45	0.834368
107	53	1.16025
107	59	1.11355
107	64	1.09639
107	68	0.597227
107	75	1.18322
107	78	0.670407
107	81	0.671382
107	87	0.682892
107	125	1.10584
107	126	0.845914
107	135	1.13178
107	136	1.09482
107	148	1.10017
107	158	1.08099
107	160	1.1184
107	163	1.12283
107	164	1.09454
107	167	1.12586
107	172	1.08697
107	178	1.10541
107	180	1.09411
108	70	1.03073
108	83	0.698656
108	120	0.689295
108	130	1.11941
108	132	0.717126
108	133	1.122
108	138	1.1012
108	140	1.12822
108	141	0.712225
108	148	1.11072
108	153	1.10726
108	154	1.12314
108	156	1.11511
108	158	1.09154
108	160	1.12894
108	163	1.13338
108	164	1.10509
108	168	1.12204
108	170	0.702836
108	172	0.746026
108	173	1.12436
108	176	1.12261
108	178	0.722709
108	179	1.10961
108	180	1.10465
109	60	0.674854
109	76	0.776633
109	80	1.13314
109	83	1.12962
109	115	1.09784
109	125	1.10963
109	135	1.13557
109	137	1.13647
109	141	1.12172
109	144	1.08311
109	145	1.10899
109	153	0.709181
109	157	1.09814
109	159	0.710859
109	162	1.10971
109	166	1.11284
109	167	1.12966
109	169	1.08211
109	170	1.1114
109	172	1.09077
109	174	1.10007
109	176	0.69451
109	178	1.10921
109	179	0.709195
109	180	0.734086
110	19	1.17955
110	49	1.23725
110	56	0.62683
110	79	1.19509
110	83	1.19347
110	95	0.599799
110	104	0.662261
110	113	1.15747
110	114	0.638367
110	131	1.1563
110	133	0.626832
110	141	1.18557
110	145	1.17283
110	149	1.18062
110	150	0.592724
110	157	1.16199
110	162	1.17355
110	167	1.1935
110	169	1.14596
110	170	1.17525
110	172	1.15462
110	174	1.16392
110	178	1.17306
110	179	0.619051
110	180	0.643942
111	39	0.720994
111	82	0.716149
111	100	1.10009
111	129	1.07702
111	132	0.708889
111	133	1.12544
111	137	0.679766
111	138	1.10463
111	147	0.722913
111	149	0.695669
111	151	1.09726
111	153	1.11069
111	155	1.09199
111	158	1.09497
111	159	1.11336
111	160	1.13238
111	163	1.13681
111	164	1.10852
111	168	1.12548
111	169	0.746648
111	173	1.12779
111	175	1.1064
111	176	1.12604
111	179	1.11304
111	180	1.10809
112	3	1.16588
112	26	1.11724
112	31	1.06966
112	38	1.08042
112	45	1.04945
112	47	1.16039
112	52	1.16196
112	68	1.2025
112	87	1.15889
112	97	1.10536
112	98	1.10826
112	117	1.08665
112	120	1.11075
112	121	1.09013
112	122	1.09009
112	126	1.05107
112	143	0.706325
112	153	0.733367
112	161	1.06063
112	165	0.737138
112	167	0.642688
112	168	0.727467
112	169	0.707165
112	171	1.13068
112	177	0.749865
113	24	0.642234
113	26	0.638972
113	30	0.718618
113	31	0.758112
113	37	0.579792
113	67	0.671744
113	74	1.0993
113	78	1.16597
113	85	1.13856
113	110	1.15747
113	116	1.13276
113	117	0.723337
113	120	0.664568
113	144	1.11224
113	153	1.12962
113	164	1.12746
113	165	1.1563
113	166	1.14197
113	171	1.16531
113	172	1.11989
113	173	1.14672
113	174	1.1292
113	175	1.12534
113	177	1.15456
113	178	1.13833
113	179	1.13198
113	180	1.12702
114	6	1.1895
114	94	1.15806
114	110	0.638367
114	115	0.680789
114	119	1.13568
114	128	1.10459
114	135	0.649262
114	145	0.672437
114	148	1.12967
114	150	1.14855
114	155	1.1075
114	156	1.13406
114	158	1.11049
114	159	1.12888
114	160	1.14789
114	163	1.15232
114	165	1.15287
114	168	1.14099
114	169	0.709811
114	170	0.657762
114	172	0.700952
114	173	1.1433
114	175	1.12192
114	176	1.14156
114	178	0.677635
114	179	1.12855
114	180	1.1236
115	13	1.15284
115	49	1.20674
115	72	1.12969
115	89	1.11262
115	109	1.09784
115	114	0.680789
115	116	1.13698
115	128	0.70773
115	130	0.667625
115	132	1.1323
115	141	1.15506
115	145	1.14233
115	146	1.10753
115	148	0.677598
115	156	0.663533
115	160	0.643933
115	161	1.09949
115	162	1.14305
115	166	1.14619
115	167	1.163
115	169	1.11545
115	172	1.12412
115	174	1.13342
115	175	0.686202
115	177	1.15879
115	178	1.14255
115	180	0.686365
116	61	1.16054
116	63	0.975053
116	96	0.645004
116	113	1.13276
116	115	1.13698
116	125	1.14877
116	129	0.743881
116	133	0.676673
116	134	0.665999
116	135	1.17471
116	143	1.13984
116	144	1.12225
116	145	1.14812
116	152	1.1491
116	156	0.670952
116	157	1.13728
116	166	1.15198
116	167	1.16879
116	168	0.662977
116	169	1.12125
116	170	1.15054
116	172	1.12991
116	174	1.13921
116	175	0.693621
116	176	0.654207
116	177	1.16458
116	178	1.14835
117	26	1.15041
117	27	1.1426
117	30	1.15702
117	31	1.10283
117	38	1.11359
117	45	1.08262
117	47	1.19356
117	68	1.23567
117	87	1.19206
117	97	1.13853
117	98	1.14143
117	112	1.08665
117	113	0.723337
117	120	1.14392
117	121	1.1233
117	122	1.12326
117	123	1.13065
117	126	1.08424
117	131	0.628898
117	135	0.596909
117	143	0.656618
117	158	0.728339
117	161	1.0938
117	165	0.687432
117	171	1.16385
117	173	0.682068
117	177	0.700159
118	18	0.653181
118	65	1.05367
118	124	1.14925
118	127	1.12615
118	141	1.16303
118	144	1.12443
118	145	1.1503
118	146	1.1155
118	147	1.14319
118	150	0.646694
118	152	1.15127
118	153	0.673006
118	157	1.13946
118	158	0.717685
118	160	0.65548
118	161	1.10746
118	162	1.15102
118	166	1.15416
118	167	1.17097
118	169	1.12342
118	170	1.15272
118	172	1.13208
118	173	0.671414
118	174	1.14139
118	175	0.697749
118	178	1.15052
118	180	0.697912
119	28	0.615722
119	69	1.23987
119	92	1.1832
119	94	1.17784
119	99	1.15615
119	114	1.13568
119	120	0.612596
119	127	0.681581
119	131	0.649625
119	133	1.16073
119	140	1.16694
119	145	0.640812
119	148	1.14944
119	151	1.13256
119	154	1.16187
119	158	1.13027
119	163	1.1721
119	164	1.14382
119	166	0.643012
119	168	1.16077
119	170	0.626137
119	172	0.669327
119	173	1.16308
119	175	1.1417
119	176	1.16134
119	177	1.17092
119	178	0.64601
119	179	1.14833
119	180	1.14338
120	3	1.22315
120	5	1.20717
120	27	1.1667
120	30	1.18112
120	38	1.13769
120	41	1.1347
120	44	1.13957
120	45	1.10672
120	47	1.21766
120	68	1.25977
120	86	1.08048
120	87	1.21616
120	98	1.16553
120	108	0.689295
120	112	1.11075
120	113	0.664568
120	117	1.14392
120	119	0.612596
120	121	1.1474
120	122	1.14736
120	126	1.10834
120	133	0.632686
120	138	0.656505
120	148	0.64103
120	161	1.1179
120	171	1.18795
120	173	0.623298
120	175	0.649634
120	177	0.641389
121	25	1.16208
121	29	0.681551
121	35	1.11724
121	53	1.19518
121	55	0.639084
121	59	1.14848
121	64	1.13132
121	65	1.0435
121	68	1.23914
121	75	1.21815
121	87	1.19553
121	98	1.1449
121	112	1.09013
121	117	1.1233
121	120	1.1474
121	126	1.08772
121	127	0.703474
121	134	1.13709
121	135	0.639529
121	136	0.700839
121	137	0.633196
121	151	1.11822
121	154	1.14753
121	155	1.11294
121	160	1.15333
121	162	0.665151
121	163	1.15776
121	170	0.64803
121	174	0.676002
121	180	1.12904
122	3	1.20249
122	8	1.0918
122	26	1.15384
122	27	1.14603
122	30	1.16045
122	31	1.10626
122	38	1.11702
122	41	1.11404
122	45	1.08606
122	47	1.197
122	52	1.19856
122	68	1.2391
122	87	1.19549
122	98	1.14486
122	112	1.09009
122	117	1.12326
122	120	1.14736
122	123	1.13409
122	126	1.08768
122	140	0.642168
122	151	0.691414
122	155	0.700387
122	159	0.666139
122	160	0.646935
122	161	1.09724
122	163	0.654822
122	165	0.668233
122	171	1.16729
122	177	0.680959
122	179	0.664475
123	3	1.20988
123	4	0.575477
123	16	1.03848
123	17	0.590603
123	23	0.882931
123	25	0.661826
123	26	1.16124
123	31	1.11365
123	33	0.629549
123	66	0.673233
123	67	0.643003
123	74	0.699071
123	77	0.644308
123	87	1.20288
123	104	1.12688
123	117	1.13065
123	122	1.13409
123	139	1.17353
123	141	1.16021
123	144	1.12161
123	168	1.15378
123	169	1.1206
123	170	1.14989
123	171	1.17468
123	172	1.12926
123	174	1.13856
123	175	1.13471
123	178	1.1477
123	179	1.14134
123	180	1.13639
124	28	1.15571
124	46	1.09766
124	58	0.636862
124	69	0.570522
124	72	1.13978
124	79	1.17468
124	95	0.660283
124	118	1.14925
124	127	1.12828
124	131	1.13589
124	132	1.14239
124	137	1.17991
124	139	0.654236
124	140	0.657227
124	141	1.16516
124	142	1.12015
124	145	1.15242
124	147	1.14531
124	148	0.695659
124	149	1.16021
124	152	1.1534
124	153	0.67952
124	158	0.724199
124	162	1.15314
124	163	0.669881
124	166	1.15628
124	169	1.12555
124	170	1.15484
124	171	1.17963
124	172	1.13421
124	174	1.14351
124	176	0.66485
124	178	1.15265
125	15	1.16449
125	16	0.851611
125	52	0.591913
125	80	1.17828
125	83	1.17476
125	105	1.19795
125	106	0.669474
125	107	1.10584
125	109	1.10963
125	116	1.14877
125	127	1.12997
125	129	0.70778
125	131	1.13759
125	132	1.14409
125	135	1.18071
125	139	0.607492
125	142	1.12185
125	144	1.12825
125	145	1.15412
125	146	1.11932
125	148	0.648915
125	151	0.659729
125	154	0.627117
125	162	1.15484
125	165	1.17231
125	166	1.15798
125	169	1.12725
125	170	1.15654
125	172	1.13591
125	173	0.631184
125	174	1.14521
125	176	0.618106
125	178	1.15435
126	5	1.14749
126	8	1.05278
126	21	0.701572
126	26	1.11483
126	27	1.10702
126	30	1.12144
126	31	1.06725
126	38	1.07801
126	41	1.07502
126	44	1.07989
126	45	1.04704
126	47	1.15798
126	52	1.15955
126	68	1.20009
126	86	1.0208
126	87	1.15648
126	97	1.10295
126	98	1.10585
126	107	0.845914
126	112	1.05107
126	117	1.08424
126	120	1.10834
126	121	1.08772
126	122	1.08768
126	143	0.701607
126	153	0.728649
126	155	0.764574
126	161	1.05822
126	162	0.66752
126	164	0.77083
126	171	1.12827
126	174	0.678371
126	177	0.745147
127	9	1.04735
127	44	1.10815
127	46	1.07456
127	51	0.772176
127	83	1.14996
127	89	1.09962
127	118	1.12615
127	119	0.681581
127	121	0.703474
127	124	1.12828
127	125	1.12997
127	131	1.11279
127	132	1.11929
127	135	1.15591
127	136	1.11895
127	137	1.15681
127	144	1.10346
127	146	1.09453
127	147	1.12221
127	152	1.1303
127	154	0.688217
127	157	1.11848
127	159	0.695555
127	166	1.13318
127	167	1.15
127	168	0.687976
127	169	1.10245
127	171	1.15653
127	172	1.11111
127	173	0.692284
127	174	1.12041
127	176	0.679206
127	178	1.12955
127	179	0.693891
127	180	0.718782
128	37	0.586385
128	48	1.17912
128	54	0.832524
128	60	1.13633
128	70	1.03837
128	71	0.712678
128	72	0.700464
128	79	0.665289
128	102	1.17362
128	114	1.10459
128	115	0.70773
128	129	1.08122
128	130	1.12704
128	133	1.12964
128	138	1.10884
128	139	1.14943
128	144	0.727507
128	150	1.13724
128	151	1.10147
128	153	1.11489
128	154	1.13078
128	155	1.09619
128	156	1.12275
128	158	1.09918
128	159	1.11757
128	160	1.13658
128	164	1.11273
128	166	0.701578
128	171	0.653754
128	173	1.13199
128	175	1.11061
128	176	1.13025
128	178	0.704576
128	179	1.11725
128	180	1.11229
129	34	0.756559
129	73	0.631691
129	94	1.13469
129	96	1.13179
129	100	1.09224
129	104	1.09072
129	111	1.07702
129	116	0.743881
129	125	0.70778
129	128	1.08122
129	130	1.11499
129	131	0.736924
129	134	1.10828
129	140	1.1238
129	145	0.728111
129	148	1.1063
129	149	0.714506
129	150	1.12518
129	151	1.08941
129	153	1.10284
129	154	1.11872
129	155	1.08414
129	156	1.11069
129	158	1.08712
129	159	1.10551
129	160	1.12453
129	162	0.730558
129	163	1.12896
129	164	1.10067
129	168	1.11762
129	171	0.682487
129	172	0.756626
129	173	1.11994
129	176	1.11819
129	179	1.10519
129	180	1.10024
130	15	0.662717
130	51	1.09884
130	69	1.24254
130	71	0.672572
130	80	0.642575
130	81	0.560282
130	90	0.740407
130	99	1.15883
130	105	0.621909
130	106	1.13725
130	108	1.11941
130	115	0.667625
130	128	1.12704
130	129	1.11499
130	138	1.1426
130	139	1.18319
130	140	1.16962
130	141	0.653986
130	148	1.15212
130	150	1.17101
130	151	1.13523
130	154	1.16454
130	155	1.12996
130	156	1.15651
130	158	1.13294
130	160	1.17035
130	164	1.14649
130	165	1.17533
130	166	0.661472
130	170	0.644597
130	173	1.16576
130	175	1.14437
130	176	1.16401
130	178	0.66447
130	179	1.15101
130	180	1.14606
131	19	1.14365
131	80	1.16109
131	82	1.16036
131	93	1.16869
131	99	0.685958
131	100	0.72556
131	110	1.1563
131	117	0.628898
131	119	0.649625
131	124	1.13589
131	125	1.13759
131	127	1.11279
131	129	0.736924
131	134	0.659041
131	135	1.16352
131	136	1.12657
131	137	1.16442
131	139	0.636636
131	142	1.10467
131	145	1.13694
131	146	1.10214
131	147	1.12982
131	149	1.14473
131	150	0.635608
131	152	1.13791
131	157	1.12609
131	164	0.704101
131	165	1.15512
131	166	1.14079
131	167	1.15761
131	169	1.11006
131	170	1.13935
131	172	1.11872
131	174	1.12803
131	178	1.13716
131	179	0.661934
131	180	0.686826
132	9	1.06146
132	46	1.08867
132	55	1.1557
132	71	1.12055
132	82	1.16686
132	93	1.17519
132	94	0.632275
132	100	0.716362
132	108	0.717126
132	111	0.708889
132	115	1.1323
132	124	1.14239
132	125	1.14409
132	127	1.11929
132	134	0.649843
132	135	1.17002
132	136	1.13307
132	137	1.17092
132	142	1.11117
132	145	1.14344
132	147	1.13632
132	148	0.668861
132	149	1.15123
132	156	0.654796
132	157	1.13259
132	159	0.6544
132	162	1.14416
132	164	0.694903
132	167	1.16411
132	169	1.11656
132	170	1.14585
132	171	1.17064
132	172	1.12522
132	174	1.13453
132	176	0.638051
132	178	1.14366
132	180	0.677627
133	15	0.664347
133	20	1.1599
133	28	0.635813
133	69	1.24514
133	80	0.644205
133	94	1.18311
133	103	1.13752
133	106	1.13985
133	108	1.122
133	110	0.626832
133	111	1.12544
133	116	0.676673
133	119	1.16073
133	120	0.632686
133	128	1.12964
133	137	0.631395
133	138	1.1452
133	148	1.15472
133	150	1.1736
133	151	1.13783
133	152	0.664231
133	153	1.15126
133	155	1.13256
133	156	1.15911
133	158	1.13554
133	159	1.15393
133	163	1.17738
133	164	1.14909
133	167	0.633799
133	168	1.16604
133	171	0.615279
133	172	0.689418
133	173	1.16836
133	174	0.6742
133	175	1.14697
133	176	1.16661
133	177	1.17619
133	179	1.15361
133	180	1.14865
134	20	1.1506
134	24	0.599678
134	43	1.11933
134	51	1.09214
134	57	0.803018
134	60	1.16339
134	65	1.05381
134	85	0.668918
134	97	0.67225
134	99	1.15212
134	100	1.13136
134	102	1.20068
134	116	0.665999
134	121	1.13709
134	129	1.10828
134	131	0.659041
134	132	0.649843
134	138	1.13589
134	139	1.17649
134	140	1.16291
134	142	0.702513
134	144	0.678357
134	150	1.1643
134	151	1.12853
134	154	1.15784
134	155	1.12325
134	156	1.14981
134	158	1.12624
134	160	1.16364
134	163	1.16807
134	164	1.13979
134	167	0.623125
134	168	1.15674
134	171	0.604605
134	173	1.15905
134	174	0.663526
134	175	1.13767
134	176	1.15731
134	179	1.1443
134	180	1.13935
135	20	0.647084
135	22	1.18099
135	28	1.18334
135	32	0.649663
135	34	1.14139
135	48	0.583281
135	52	0.589068
135	83	1.2007
135	88	0.664647
135	89	1.15035
135	90	1.12837
135	91	1.21275
135	92	1.20879
135	101	1.16456
135	103	0.631269
135	105	1.22388
135	107	1.13178
135	109	1.13557
135	114	0.649262
135	116	1.17471
135	117	0.596909
135	121	0.639529
135	125	1.18071
135	127	1.15591
