1	36	0.674955
1	44	1.14414
1	56	0.820075
1	60	1.18343
1	70	1.2053
1	98	0.731496
1	137	1.1754
1	158	1.19069
1	171	1.25974
1	175	0.710742
1	176	0.664911
1	180	1.2413
2	12	1.05539
2	67	1.23534
2	76	1.18543
2	84	0.753861
2	92	1.21904
2	97	1.21904
2	112	0.638081
2	148	0.734373
2	167	0.724895
2	169	1.20084
2	171	1.28492
2	179	0.752924
3	52	0.794617
3	56	1.16385
3	112	0.612302
3	140	1.23029
3	150	1.20746
3	152	1.1826
3	153	0.701209
3	156	1.19154
3	157	1.22091
3	160	0.751497
3	163	1.20334
3	168	0.742938
4	9	0.689978
4	126	1.20669
4	133	1.20905
4	134	1.207
4	135	0.709458
4	136	0.729169
4	141	1.21267
4	145	1.19572
4	163	1.18329
4	168	0.752336
4	172	1.18559
4	175	0.723481
5	34	0.872341
5	61	0.899186
5	98	1.03388
5	104	0.896746
5	109	1.10131
5	115	1.06527
5	125	1.07952
5	163	1.03243
5	165	0.924154
5	173	1.03477
5	177	1.02459
5	178	1.02822
6	79	1.17505
6	83	1.18762
6	84	1.18527
6	95	1.23002
6	101	1.24719
6	120	0.727519
6	138	1.17814
6	162	1.19671
6	167	0.716684
6	170	0.752994
6	171	0.647433
6	177	0.760338
7	106	0.727643
7	152	0.730294
7	153	0.697198
7	155	0.713988
7	159	1.2059
7	163	0.725009
7	173	1.20763
7	174	1.18419
7	175	1.21024
7	177	1.19745
7	178	1.20107
7	179	1.19353
8	12	1.06904
8	51	1.15347
8	56	0.787862
8	76	1.19908
8	92	1.23268
8	97	1.23268
8	146	0.720066
8	166	0.690117
8	168	0.707385
8	169	1.21448
8	170	0.699874
8	171	1.29856
9	4	0.689978
9	27	1.16014
9	79	0.746319
9	100	1.18449
9	109	1.25934
9	114	0.708041
9	115	1.22329
9	137	1.19304
9	146	1.18924
9	162	0.753171
9	163	1.19046
9	167	0.705845
10	18	0.760055
10	69	0.684097
10	145	0.713736
10	163	0.739449
10	164	1.20883
10	165	0.694734
10	168	1.19645
10	174	1.18584
10	175	1.21189
10	177	1.1991
10	178	1.20272
10	179	1.19518
11	22	1.11005
11	44	1.14203
11	45	0.762141
11	54	0.701935
11	63	1.25933
11	70	1.20319
11	113	0.720915
11	141	0.717342
11	158	1.18858
11	171	1.25763
11	176	0.704462
11	180	1.23919
12	2	1.05539
12	8	1.06904
12	38	0.948714
12	39	1.07406
12	92	1.03036
12	97	1.03036
12	107	0.904219
12	147	1.03236
12	165	0.851975
12	169	1.01217
12	171	1.09625
12	179	0.894816
13	46	0.73257
13	78	0.771236
13	91	0.671527
13	118	0.717016
13	145	0.701734
13	160	1.20013
13	170	1.19855
13	174	1.18716
13	175	1.21321
13	177	1.20042
13	178	1.20404
13	179	1.1965
14	46	1.04255
14	52	0.973499
14	55	1.13005
14	69	1.07094
14	77	1.02086
14	153	1.03887
14	160	0.935817
14	162	0.930762
14	164	0.901401
14	165	1.03099
14	176	1.09224
14	180	0.837348
15	66	0.711084
15	80	0.734427
15	111	0.751273
15	157	0.691598
15	159	1.20145
15	166	1.19987
15	167	1.22092
15	172	0.70337
15	173	1.20317
15	174	1.17973
15	175	1.20579
15	179	1.18907
16	40	1.17295
16	53	1.19708
16	89	0.823029
16	96	1.13197
16	121	1.13235
16	124	0.794952
16	128	1.11393
16	129	1.07399
16	151	0.772274
16	172	1.10577
16	175	0.781716
16	176	0.735885
16	180	1.17195
17	88	1.09796
17	95	0.787276
17	116	1.12782
17	120	0.794489
17	121	1.16135
17	128	1.14293
17	129	1.10299
17	135	0.784597
17	146	1.13125
17	161	0.822731
17	171	0.714402
17	172	1.13476
17	180	1.20095
18	10	0.760055
18	140	1.16606
18	144	1.14446
18	148	0.78437
18	149	1.11559
18	150	1.14323
18	152	1.11837
18	154	0.818239
18	155	1.12832
18	156	1.1273
18	157	1.15668
18	174	0.813913
18	180	0.728803
19	49	0.788994
19	94	0.784727
19	110	0.756033
19	155	0.798441
19	164	1.14295
19	165	0.764747
19	167	1.16115
19	168	1.13057
19	174	1.11996
19	175	1.14601
19	177	1.13322
19	178	1.13685
19	179	1.1293
20	103	0.724562
20	118	1.2917
20	126	1.30269
20	133	1.30505
20	134	1.303
20	141	1.30867
20	145	1.29172
20	150	0.651316
20	157	0.642167
20	158	1.29716
20	176	0.608655
20	177	0.683174
20	180	0.593432
21	47	1.11096
21	50	0.773519
21	54	1.20823
21	73	1.10747
21	74	0.769584
21	96	1.1313
21	121	1.13167
21	128	1.11325
21	135	0.765419
21	147	1.12583
21	174	0.803498
21	179	0.792505
21	180	1.17127
22	11	1.11005
22	33	1.13738
22	60	1.10188
22	63	1.17989
22	65	0.813114
22	70	1.12374
22	74	0.764734
22	158	1.10913
22	161	0.798703
22	171	1.17819
22	176	0.72876
22	177	0.80328
22	180	1.15974
23	52	0.867809
23	70	0.71446
23	75	0.795605
23	87	1.1181
23	100	1.13782
23	121	0.763238
23	141	0.754323
23	155	1.133
23	156	1.13198
23	157	1.16136
23	173	1.14613
23	178	1.13958
23	179	1.13203
24	56	0.71997
24	85	0.669402
24	101	1.33748
24	106	1.30459
24	111	1.28046
24	123	1.28809
24	135	1.34147
24	136	0.616326
24	138	1.26843
24	142	1.27949
24	160	0.648052
24	175	0.610637
24	177	0.639326
25	51	1.06414
25	55	0.701546
25	67	1.15966
25	76	1.10975
25	92	1.14335
25	97	1.14335
25	147	1.14535
25	157	0.781306
25	164	0.796624
25	166	0.805213
25	169	1.12515
25	171	1.20924
25	174	0.817681
26	28	1.227
26	40	1.35925
26	107	0.668778
26	116	1.28513
26	129	1.26029
26	135	0.63229
26	139	0.645453
26	147	1.31281
26	154	0.674694
26	160	0.683726
26	165	1.29726
26	176	0.600481
26	180	1.35825
27	9	1.16014
27	62	1.1659
27	82	1.09586
27	87	1.09592
27	93	0.866972
27	100	1.11564
27	109	1.19049
27	115	1.15444
27	119	0.772058
27	148	0.777932
27	163	1.12161
27	167	0.768453
27	180	0.722365
28	26	1.227
28	30	0.736821
28	40	1.15863
28	53	1.18276
28	121	1.11803
28	128	1.09961
28	129	1.05968
28	130	0.792816
28	165	1.09665
28	169	0.8297
28	171	0.729915
28	175	0.814132
28	180	1.15763
29	47	1.22171
29	116	1.2089
29	121	1.24242
29	124	0.697423
29	128	1.224
29	129	1.18407
29	143	0.71478
29	161	0.708299
29	165	1.22104
29	166	0.695776
29	169	0.699755
29	172	1.21584
29	178	0.692897
29	180	1.28202
30	28	0.736821
30	39	1.26934
30	51	1.14643
30	67	1.24195
30	76	1.19204
30	92	1.22564
30	97	1.22564
30	111	0.724359
30	146	0.71854
30	162	0.709363
30	169	1.20744
30	170	0.698347
30	171	1.29152
30	180	0.615949
31	56	0.787009
31	118	0.682182
31	149	0.695401
31	152	0.697899
31	153	0.664803
31	157	0.665358
31	161	1.21819
31	167	1.24856
31	173	1.23082
31	174	1.20738
31	175	1.23343
31	177	1.22064
31	178	1.22426
31	179	1.21672
32	41	1.1991
32	46	1.06766
32	52	0.998611
32	55	1.15516
32	69	1.09605
32	74	0.825704
32	77	1.04598
32	108	0.816104
32	153	1.06398
32	159	0.848267
32	165	1.0561
32	168	0.864418
32	169	0.85113
32	176	1.11735
33	22	1.13738
33	44	1.16937
33	45	0.702752
33	60	1.20866
33	63	1.28667
33	70	1.23052
33	78	0.74963
33	135	0.676882
33	158	1.21591
33	162	0.723264
33	163	0.705841
33	171	1.28497
33	176	0.645073
33	180	1.26652
34	5	0.872341
34	40	0.636405
34	131	0.702476
34	140	1.25356
34	144	1.23196
34	149	1.20309
34	150	1.23073
34	152	1.20587
34	155	1.21582
34	156	1.2148
34	157	1.24418
34	174	0.696779
34	179	0.685787
34	180	0.611669
35	50	1.09266
35	62	1.11867
35	82	1.04863
35	87	1.04869
35	100	1.06841
35	108	0.8251
35	109	1.14326
35	115	1.10722
35	117	0.82007
35	120	1.09808
35	136	0.850247
35	163	1.07438
35	166	0.856147
35	178	0.853269
36	1	0.674955
36	50	0.712604
36	77	0.729516
36	109	0.682633
36	116	0.699872
36	158	0.695316
36	164	1.23257
36	170	1.22098
36	173	1.23302
36	174	1.20958
36	175	1.23563
36	177	1.22284
36	178	1.22647
36	179	1.21892
37	47	0.833149
37	70	0.801863
37	91	0.833693
37	153	0.861803
37	156	0.863411
37	160	1.08978
37	161	1.08762
37	168	1.08742
37	170	1.08821
37	173	1.10025
37	174	1.07681
37	177	1.09007
37	178	1.0937
37	179	1.08615
38	12	0.948714
38	66	1.07535
38	78	1.06062
38	80	1.0611
38	98	1.08772
38	124	0.834512
38	125	1.13335
38	127	1.05551
38	133	1.11202
38	141	1.11564
38	145	1.09869
38	164	0.824274
38	173	0.823036
38	176	0.775444
39	12	1.07406
39	30	1.26934
39	67	1.25401
39	76	1.2041
39	92	1.2377
39	97	1.2377
39	135	0.696719
39	158	0.687531
39	164	0.71374
39	169	1.2195
39	170	0.732086
39	171	1.30358
39	175	0.710741
39	176	0.66491
40	16	1.17295
40	26	1.35925
40	28	1.15863
40	34	0.636405
40	88	1.18689
40	116	1.21676
40	129	1.19193
40	137	0.704472
40	157	0.705676
40	164	0.720994
40	167	0.703029
40	172	1.2237
40	179	0.731058
40	180	1.28988
41	32	1.1991
41	52	1.25242
41	69	1.34985
41	77	1.29978
41	107	0.651363
41	146	0.670434
41	153	1.31778
41	161	0.653008
41	164	0.631895
41	165	1.30991
41	168	0.657752
41	169	0.644464
41	176	1.37115
42	43	1.253
42	77	1.20073
42	122	0.656818
42	126	1.22676
42	136	0.726445
42	141	1.23274
42	142	1.18509
42	143	0.751349
42	153	1.21873
42	157	0.708437
42	165	1.21086
42	171	0.636539
42	173	0.722516
42	176	1.2721
43	42	1.253
43	78	1.17591
43	120	0.692965
43	125	1.24864
43	126	1.22496
43	133	1.22731
43	134	1.22527
43	135	0.683073
43	141	1.23093
43	145	1.21398
43	168	0.725951
43	173	0.698856
43	175	0.697095
43	179	0.710159
44	1	1.14414
44	11	1.14203
44	33	1.16937
44	45	0.759419
44	60	1.13386
44	63	1.21187
44	70	1.15573
44	158	1.14112
44	166	0.75916
44	168	0.776428
44	169	0.76314
44	171	1.21017
44	173	0.749332
44	176	0.70174
44	180	1.19173
45	11	0.762141
45	33	0.702752
45	44	0.759419
45	57	1.14131
45	75	1.17903
45	82	1.13983
45	109	1.23446
45	115	1.19841
45	140	0.724694
45	142	1.14731
45	149	0.783886
45	150	0.762991
45	174	1.14448
45	178	1.16136
45	179	1.15382
46	13	0.73257
46	14	1.04255
46	32	1.06766
46	52	1.12098
46	55	1.27753
46	69	1.21841
46	77	1.16834
46	96	0.741969
46	150	0.771204
46	151	0.764931
46	153	1.18634
46	161	0.798485
46	165	1.17847
46	171	0.690157
46	176	1.23971
47	21	1.11096
47	29	1.22171
47	37	0.833149
47	74	0.702928
47	88	1.12558
47	103	0.782862
47	116	1.15545
47	121	1.18897
47	123	0.723858
47	128	1.17055
47	129	1.13062
47	165	1.16759
47	177	0.741475
47	178	0.721496
47	180	1.22857
48	53	0.691619
48	104	0.715332
48	142	0.792128
48	144	0.74302
48	148	1.17887
48	154	1.14945
48	156	0.761252
48	160	1.16664
48	163	0.787455
48	166	1.1738
48	173	1.1771
48	174	1.15366
48	177	1.16692
48	178	1.17055
48	179	1.16301
49	19	0.788994
49	54	0.700425
49	66	1.15074
49	74	0.738925
49	78	1.13601
49	85	1.1347
49	126	1.18506
49	133	1.18741
49	141	1.19103
49	145	1.17408
49	148	0.743296
49	153	1.17703
49	166	0.760371
49	172	1.16395
49	177	0.777471
50	21	0.773519
50	35	1.09266
50	36	0.712604
50	82	1.14446
50	87	1.14452
50	100	1.16424
50	109	1.23909
50	115	1.20304
50	135	0.734369
50	137	1.17279
50	146	1.16899
50	148	0.742904
50	162	0.780751
50	163	1.17021
50	179	0.761454
51	8	1.15347
51	25	1.06414
51	30	1.14643
51	67	1.1311
51	76	1.08119
51	83	0.81957
51	92	1.1148
51	97	1.1148
51	147	1.11679
51	151	0.791622
51	162	0.833425
51	164	0.804064
51	169	1.0966
51	171	1.18068
51	175	0.801065
51	176	0.755234
52	3	0.794617
52	14	0.973499
52	23	0.867809
52	32	0.998611
52	41	1.25242
52	46	1.12098
52	55	1.20848
52	68	0.766143
52	69	1.14936
52	77	1.09929
52	112	0.733069
52	153	1.11729
52	162	0.867209
52	165	1.10942
52	176	1.17066
52	180	0.773795
53	16	1.19708
53	28	1.18276
53	48	0.691619
53	73	1.25022
53	86	0.717851
53	110	0.634922
53	115	0.664835
53	116	1.24089
53	121	1.27441
53	128	1.25599
53	129	1.21606
53	147	1.26857
53	161	0.697526
53	170	0.694759
53	177	0.702103
53	180	1.31401
54	11	0.701935
54	21	1.20823
54	49	0.700425
54	61	0.65121
54	79	1.22496
54	90	0.6992
54	96	1.28587
54	104	0.64877
54	116	1.25272
54	138	1.22804
54	142	1.2391
54	145	0.69518
54	157	0.693637
54	175	1.26232
54	178	1.25315
54	179	1.24561
55	14	1.13005
55	25	0.701546
55	32	1.15516
55	46	1.27753
55	52	1.20848
55	69	1.30591
55	77	1.25584
55	78	0.720961
55	105	0.676036
55	133	0.647756
55	153	1.27384
55	161	0.686346
55	162	0.694595
55	165	1.26597
55	166	0.673823
55	176	1.32721
56	1	0.820075
56	3	1.16385
56	8	0.787862
56	24	0.71997
56	31	0.787009
56	104	1.14963
56	140	1.13937
56	144	1.11778
56	149	1.0889
56	150	1.11654
56	152	1.09169
56	155	1.10164
56	156	1.10062
56	157	1.12999
56	170	0.884991
56	180	0.802592
57	45	1.14131
57	72	1.08434
57	75	1.14112
57	79	1.09525
57	91	0.791441
57	101	1.16739
57	106	1.1345
57	111	1.11036
57	122	0.768486
57	123	1.11799
57	138	1.09834
57	142	1.10939
57	170	0.853768
57	175	0.832424
57	176	0.786592
57	180	0.77137
58	84	1.16685
58	101	1.22877
58	102	1.23735
58	111	1.17175
58	120	0.730703
58	123	1.17938
58	138	1.15972
58	139	1.20021
58	142	1.17077
58	147	0.705641
58	158	1.20691
58	159	0.747538
58	162	1.17829
58	163	0.74977
58	164	0.737832
58	174	0.758889
58	180	0.673779
59	80	1.14778
59	91	1.19772
59	118	1.18536
59	125	1.22003
59	133	1.1987
59	134	1.19665
59	141	1.20232
59	145	1.18537
59	146	0.757146
59	151	0.706166
59	158	1.19082
59	160	0.753023
59	161	0.73972
59	172	1.17524
59	174	0.739665
59	176	0.669777
59	177	0.744297
60	1	1.18343
60	22	1.10188
60	33	1.20866
60	44	1.13386
60	63	1.25116
60	70	1.19502
60	137	1.16512
60	146	0.764139
60	151	0.71316
60	158	1.18041
60	159	0.735307
60	162	0.754962
60	166	0.734191
60	171	1.24946
60	176	0.676771
60	178	0.731312
60	180	1.23102
61	5	0.899186
61	54	0.65121
61	105	1.20025
61	108	1.19135
61	131	0.729321
61	144	1.20022
61	149	1.17135
61	150	1.19899
61	152	1.17413
61	155	1.18408
61	156	1.18306
61	157	1.21244
61	158	0.676358
61	162	1.18412
61	177	0.728256
61	178	0.708278
61	179	0.712631
62	27	1.1659
62	35	1.11867
62	70	0.669214
62	71	0.700106
62	82	1.17047
62	87	1.17053
62	100	1.19025
62	109	1.2651
62	115	1.22906
62	124	0.755264
62	137	1.1988
62	146	1.195
62	163	1.19622
62	165	0.71225
62	167	0.727062
62	168	0.770884
62	177	0.770716
63	11	1.25933
63	22	1.17989
63	33	1.28667
63	44	1.21187
63	60	1.25116
63	70	1.27303
63	105	0.684323
63	107	0.692988
63	135	0.656499
63	137	1.24313
63	146	0.712059
63	158	1.25842
63	162	0.702882
63	165	0.640744
63	170	0.691866
63	171	1.32747
63	176	0.62469
63	180	1.30903
64	86	0.813454
64	104	1.16938
64	110	1.18182
64	113	0.73964
64	122	1.19148
64	140	1.15913
64	144	1.13753
64	150	1.1363
64	152	1.11144
64	153	0.756144
64	154	0.797399
64	155	1.12139
64	156	1.12037
64	157	1.14975
64	158	0.745808
64	162	1.12143
64	172	0.768471
64	179	0.782081
65	22	0.813114
65	109	0.756943
65	133	0.778358
65	134	0.747432
65	143	1.14265
65	153	0.779963
65	159	1.15099
65	161	1.14008
65	163	0.807774
65	164	1.15226
65	166	1.14941
65	171	0.708619
65	173	1.15271
65	174	1.12927
65	175	1.15533
65	177	1.14253
65	178	1.14616
65	179	1.13861
66	15	0.711084
66	38	1.07535
66	49	1.15074
66	80	1.11585
66	91	1.16578
66	103	0.831557
66	117	0.736993
66	125	1.18809
66	126	1.16441
66	127	1.11025
66	134	1.16471
66	141	1.17038
66	145	1.15343
66	162	0.793842
66	163	1.14101
66	166	0.77307
66	169	0.777049
66	174	0.785537
67	2	1.23534
67	25	1.15966
67	30	1.24195
67	39	1.25401
67	51	1.1311
67	76	1.17671
67	85	0.758641
67	92	1.21031
67	97	1.21031
67	103	0.769953
67	117	0.675388
67	147	1.21231
67	159	0.712581
67	168	0.728732
67	169	1.19211
67	171	1.27619
67	173	0.701637
67	176	0.654045
67	178	0.708586
68	52	0.766143
68	93	0.769161
68	110	1.24222
68	122	1.25188
68	129	0.710569
68	131	0.71536
68	132	0.712497
68	135	1.2363
68	143	0.7162
68	144	1.19794
68	149	1.16906
68	150	1.1967
68	152	1.17184
68	155	1.1818
68	156	1.18078
68	157	1.21015
68	176	1.26132
68	178	0.694318
68	180	0.624553
69	10	0.684097
69	14	1.07094
69	32	1.09605
69	41	1.34985
69	46	1.21841
69	52	1.14936
69	55	1.30591
69	77	1.19673
69	80	0.744409
69	120	1.22306
69	128	0.704868
69	136	0.719588
69	153	1.21473
69	160	0.751314
69	164	0.716898
69	165	1.20685
69	169	0.729467
69	176	1.2681
69	180	0.652845
70	1	1.2053
70	11	1.20319
70	22	1.12374
70	23	0.71446
70	33	1.23052
70	37	0.801863
70	44	1.15573
70	60	1.19502
70	62	0.669214
70	63	1.27303
70	136	0.687189
70	137	1.18699
70	158	1.20227
70	160	0.718915
70	163	0.696437
70	171	1.27133
70	174	0.705556
70	177	0.710188
70	180	1.25288
71	62	0.700106
71	75	0.720723
71	77	0.723382
71	90	0.705636
71	98	0.733146
71	126	0.681574
71	153	0.699519
71	159	1.21317
71	163	0.72733
71	166	1.21159
71	167	1.23264
71	168	1.20206
71	170	1.20285
71	173	1.21489
71	174	1.19145
71	175	1.21751
71	177	1.20471
71	178	1.20834
71	179	1.20079
72	57	1.08434
72	83	1.08877
72	101	1.14833
72	102	1.15691
72	106	1.11545
72	111	1.09131
72	123	1.09894
72	130	0.797499
72	138	1.07928
72	142	1.09034
72	151	0.809372
72	153	1.12397
72	163	0.833752
72	165	0.789037
72	167	0.803849
72	169	1.11145
72	172	1.1109
72	174	0.842871
72	178	0.827525
73	21	1.10747
73	53	1.25022
73	88	1.12209
73	96	1.18511
73	113	0.715254
73	116	1.15196
73	121	1.18548
73	128	1.16706
73	129	1.12713
73	132	0.771521
73	146	1.15538
73	154	0.773014
73	165	1.1641
73	166	0.75622
73	170	0.765977
73	172	1.1589
73	176	0.698801
73	177	0.773321
73	179	0.757696
73	180	1.22508
74	21	0.769584
74	22	0.764734
74	32	0.825704
74	47	0.702928
74	49	0.738925
74	76	0.737234
74	82	1.14605
74	87	1.14611
74	92	0.722293
74	100	1.16583
74	115	1.20463
74	145	0.73368
74	149	1.14827
74	150	1.17591
74	155	1.16101
74	157	1.18936
74	170	1.16209
74	175	1.17675
74	177	1.16396
74	179	1.16004
75	23	0.795605
75	45	1.17903
75	57	1.14112
75	71	0.720723
75	84	1.14319
75	95	1.18794
75	101	1.20511
75	102	1.21369
75	105	0.776446
75	106	1.17222
75	111	1.14808
75	122	0.698706
75	123	1.15571
75	124	1.17075
75	138	1.13606
75	142	1.14711
75	148	0.757157
75	149	0.780369
75	178	0.771355
75	180	0.70159
76	2	1.18543
76	8	1.19908
76	25	1.10975
76	30	1.19204
76	39	1.2041
76	51	1.08119
76	67	1.17671
76	74	0.737234
76	92	1.1604
76	97	1.1604
76	98	0.767846
76	130	0.725776
76	147	1.1624
76	161	0.771203
76	162	0.779452
76	169	1.1422
76	171	1.22629
76	173	0.748852
76	176	0.701261
76	177	0.77578
77	14	1.02086
77	32	1.04598
77	36	0.729516
77	41	1.29978
77	42	1.20073
77	46	1.16834
77	52	1.09929
77	55	1.25584
77	69	1.19673
77	71	0.723382
77	105	0.779104
77	120	1.17299
77	134	0.719899
77	147	0.736111
77	153	1.16466
77	164	0.768302
77	165	1.15678
77	166	0.776891
77	172	0.764756
77	176	1.21803
78	13	0.771236
78	33	0.74963
78	38	1.06062
78	43	1.17591
78	49	1.13601
78	55	0.720961
78	80	1.10111
78	85	1.09931
78	91	1.15105
78	98	1.12773
78	118	1.13868
78	122	0.749102
78	125	1.17336
78	127	1.09551
78	133	1.15203
78	134	1.14998
78	136	0.818728
78	145	1.1387
78	154	0.841421
78	159	0.825744
78	169	0.828607
79	6	1.17505
79	9	0.746319
79	54	1.22496
79	57	1.09525
79	84	1.09733
79	101	1.15924
79	102	1.16782
79	111	1.10222
79	123	1.10985
79	136	0.785511
79	138	1.09019
79	139	1.13069
79	142	1.10125
79	146	0.821359
79	151	0.77038
79	155	0.783738
79	158	1.13739
79	160	0.817237
79	162	1.10877
79	170	0.801167
79	173	0.781582
80	15	0.734427
80	38	1.0611
80	59	1.14778
80	66	1.11585
80	69	0.744409
80	78	1.10111
80	85	1.0998
80	98	1.12821
80	125	1.17385
80	133	1.15252
80	134	1.15047
80	137	1.12935
80	141	1.15614
80	145	1.13919
80	158	1.14463
80	160	0.822239
80	162	0.817184
80	167	0.769858
80	168	0.81368
80	169	0.800392
80	170	0.806169
81	90	1.23392
81	95	0.689285
81	104	1.2595
81	108	1.21878
81	112	0.598848
81	132	0.727517
81	140	1.24925
81	144	1.22765
81	149	1.19878
81	150	1.22641
81	152	1.20156
81	155	1.21151
81	156	1.21049
81	157	1.23987
81	159	0.713333
81	160	0.738043
81	163	1.2223
81	167	0.685662
81	169	0.716196
81	177	0.729317
81	179	0.713692
82	27	1.09586
82	35	1.04863
82	45	1.13983
82	50	1.14446
82	62	1.17047
82	74	1.14605
82	86	0.834789
82	87	1.10049
82	96	0.757948
82	100	1.12021
82	109	1.19506
82	115	1.15902
82	137	1.12877
82	143	0.820945
82	146	1.12496
82	162	0.822713
82	163	1.12618
82	169	0.80592
82	173	0.792112
82	176	0.744521
82	180	0.729298
83	6	1.18762
83	51	0.81957
83	72	1.08877
83	84	1.1099
83	93	0.856372
83	102	1.18039
83	106	1.13893
83	111	1.11479
83	115	0.764239
83	123	1.12242
83	130	0.751502
83	138	1.10276
83	142	1.11382
83	146	0.814356
83	158	1.14996
83	162	1.12134
83	168	0.801674
83	169	1.13493
83	172	1.13438
83	173	0.774578
83	176	0.726987
84	2	0.753861
84	6	1.18527
84	58	1.16685
84	75	1.14319
84	79	1.09733
84	83	1.1099
84	93	0.851867
84	101	1.16946
84	111	1.11244
84	123	1.12007
84	138	1.10041
84	142	1.11147
84	160	0.805729
84	162	1.11899
84	167	0.753348
84	168	0.79717
84	169	1.13258
84	170	0.789659
84	172	1.13203
84	178	0.777024
84	179	0.781377
85	24	0.669402
85	49	1.1347
85	67	0.758641
85	78	1.09931
85	80	1.0998
85	113	0.783701
85	118	1.13737
85	126	1.14836
85	127	1.0942
85	133	1.15072
85	134	1.14867
85	137	1.12755
85	141	1.15434
85	143	0.843671
85	145	1.13739
85	153	1.14033
85	172	1.12726
85	174	0.837135
85	177	0.841767
85	178	0.821789
85	180	0.752025
86	53	0.717851
86	64	0.813454
86	82	0.834789
86	128	0.789719
86	132	1.1394
86	147	0.769558
86	148	1.13657
86	150	0.79558
86	158	0.77554
86	160	1.12434
86	161	1.12218
86	164	1.13436
86	167	1.15256
86	168	1.12198
86	170	1.12277
86	172	0.798203
86	173	1.13481
86	175	1.13742
86	177	1.12463
86	178	1.12826
86	179	1.12071
87	23	1.1181
87	27	1.09592
87	35	1.04869
87	50	1.14452
87	62	1.17053
87	74	1.14611
87	82	1.10049
87	89	0.828999
87	92	0.765523
87	100	1.12027
87	109	1.19512
87	112	0.685906
87	115	1.15907
87	120	1.14993
87	130	0.76637
87	131	0.817439
87	138	0.814859
87	146	1.12502
87	161	0.811798
87	163	1.12624
87	177	0.816375
88	17	1.09796
88	40	1.18689
88	47	1.12558
88	73	1.12209
88	96	1.14591
88	103	0.869839
88	116	1.11277
88	120	0.795633
88	121	1.14629
88	128	1.12787
88	129	1.08794
88	135	0.785741
88	144	0.770265
88	146	1.11619
88	164	0.802762
88	165	1.12491
88	171	0.715546
88	172	1.11971
88	176	0.753932
88	179	0.812827
88	180	1.18589
89	16	0.823029
89	87	0.828999
89	127	0.835675
89	134	0.750222
89	137	0.782103
89	139	0.794767
89	159	1.13713
89	160	1.12839
89	161	1.12622
89	164	1.13841
89	165	0.765849
89	166	1.13555
89	168	1.12602
89	170	1.12681
89	171	0.711409
89	173	1.13885
89	174	1.11542
89	175	1.14147
89	177	1.12868
89	178	1.1323
89	179	1.12476
90	54	0.6992
90	71	0.705636
90	81	1.23392
90	105	1.16893
90	114	0.734787
90	119	0.736197
90	122	1.22284
90	144	1.1689
90	147	1.18658
90	149	1.14002
90	150	1.16766
90	152	1.1428
90	155	1.15276
90	156	1.15174
90	157	1.18111
90	164	0.750556
90	171	1.25047
90	173	0.749318
90	174	0.771614
90	176	1.23228
90	177	0.776246
90	180	0.686504
91	13	0.671527
91	37	0.833693
91	57	0.791441
91	59	1.19772
91	66	1.16578
91	78	1.15105
91	98	1.17815
91	118	1.18911
91	120	0.7092
91	123	0.724403
91	125	1.22378
91	127	1.14594
91	132	0.74022
91	134	1.20041
91	137	1.17929
91	141	1.20608
91	145	1.18913
91	147	0.684138
91	151	0.703888
91	158	1.19457
91	162	0.745691
91	172	1.179
92	2	1.21904
92	8	1.23268
92	12	1.03036
92	25	1.14335
92	30	1.22564
92	39	1.2377
92	51	1.1148
92	67	1.21031
92	74	0.722293
92	76	1.1604
92	87	0.765523
92	97	1.19401
92	112	0.630371
92	137	0.718628
92	147	1.196
92	154	0.760533
92	160	0.769566
92	162	0.764511
92	166	0.743739
92	169	1.17581
92	171	1.25989
92	175	0.732151
93	27	0.866972
93	68	0.769161
93	83	0.856372
93	84	0.851867
93	140	0.7964
93	144	0.808369
93	154	1.07964
93	159	1.10557
93	160	1.09683
93	161	1.09467
93	164	1.10685
93	165	0.80809
93	166	1.104
93	167	1.12505
93	170	1.09526
93	172	0.83732
93	173	1.1073
93	174	1.08386
93	175	1.10991
93	177	1.09712
93	178	1.10075
93	179	1.0932
94	19	0.784727
94	99	0.68964
94	104	1.21119
94	105	1.17937
94	107	0.766982
94	108	1.17047
94	109	0.708623
94	122	1.23329
94	123	0.755588
94	140	1.20094
94	149	1.15047
94	150	1.17811
94	152	1.15325
94	155	1.1632
94	156	1.16218
94	157	1.19156
94	158	0.721306
94	162	1.16324
94	164	0.747515
94	172	0.743969
94	176	1.24273
94	180	0.683462
95	6	1.23002
95	17	0.787276
95	75	1.18794
95	81	0.689285
95	102	1.22279
95	106	1.18133
95	111	1.15719
95	123	1.16482
95	125	0.726431
95	135	1.2182
95	138	1.14516
95	142	1.15622
95	151	0.733528
95	153	1.18985
95	155	0.746886
95	158	1.19236
95	169	1.17733
95	170	0.764315
95	171	0.658753
95	172	1.17678
95	173	0.74473
95	178	0.75168
96	16	1.13197
96	21	1.1313
96	46	0.741969
96	54	1.28587
96	73	1.18511
96	82	0.757948
96	88	1.14591
96	116	1.17578
96	128	1.19089
96	129	1.15095
96	130	0.700593
96	131	0.751662
96	135	0.707887
96	146	1.17921
96	147	1.20346
96	162	0.754269
96	165	1.18792
96	169	0.737477
96	172	1.18272
96	173	0.723669
96	179	0.734973
96	180	1.24891
97	2	1.21904
97	8	1.23268
97	12	1.03036
97	25	1.14335
97	30	1.22564
97	39	1.2377
97	51	1.1148
97	67	1.21031
97	76	1.1604
97	92	1.19401
97	112	0.644156
97	121	0.721899
97	129	0.770898
97	147	1.196
97	158	0.722726
97	166	0.757524
97	169	1.17581
97	171	1.25989
97	174	0.769992
97	177	0.774624
97	179	0.758999
97	180	0.684882
98	1	0.731496
98	5	1.03388
98	38	1.08772
98	71	0.733146
98	76	0.767846
98	78	1.12773
98	80	1.12821
98	91	1.17815
98	118	1.16579
98	119	0.763707
98	124	0.788304
98	125	1.20046
98	126	1.17678
98	133	1.17913
98	139	1.16455
98	141	1.18275
98	143	0.80566
98	145	1.1658
98	148	0.76958
98	151	0.765625
98	163	1.15338
98	172	1.15567
98	178	0.783778
99	94	0.68964
99	105	0.713239
99	109	0.663544
99	110	0.660946
99	149	0.717163
99	150	0.696267
99	151	1.24151
99	152	0.71966
99	161	1.23184
99	163	0.714375
99	164	1.24402
99	166	1.24117
99	167	1.26222
99	168	1.23164
99	170	1.23243
99	171	0.615221
99	172	0.698891
99	173	1.24447
99	174	1.22103
99	175	1.24709
99	177	1.23429
99	178	1.23792
99	179	1.23037
100	9	1.18449
100	23	1.13782
100	27	1.11564
100	35	1.06841
100	50	1.16424
100	62	1.19025
100	74	1.16583
100	82	1.12021
100	87	1.12027
100	109	1.21484
100	115	1.17879
100	124	0.771588
100	130	0.737036
100	131	0.788105
100	137	1.14854
100	146	1.14473
100	147	0.72916
100	161	0.782464
100	162	0.790713
100	163	1.14595
100	169	0.77392
100	178	0.767062
100	179	0.771416
101	6	1.24719
101	24	1.33748
101	57	1.16739
101	58	1.22877
101	72	1.14833
101	75	1.20511
101	79	1.15924
101	84	1.16946
101	102	1.23996
101	106	1.19849
101	123	1.18198
101	133	0.714169
101	138	1.16233
101	142	1.17338
101	155	0.732563
101	162	1.1809
101	164	0.731646
101	166	0.740236
101	167	0.713681
101	168	0.757503
101	171	0.64443
101	174	0.752703
101	176	0.682816
101	178	0.737357
102	58	1.23735
102	72	1.15691
102	75	1.21369
102	79	1.16782
102	83	1.18039
102	95	1.22279
102	101	1.23996
102	109	0.689026
102	123	1.19057
102	124	1.2056
102	137	0.711396
102	138	1.17091
102	139	1.2114
102	140	0.683451
102	142	1.18197
102	144	0.695421
102	154	0.753301
102	157	0.7126
102	158	1.2181
102	170	0.746264
102	172	1.20253
102	174	0.748975
102	175	0.724919
102	178	0.733629
103	20	0.724562
103	47	0.782862
103	66	0.831557
103	67	0.769953
103	88	0.869839
103	110	0.785898
103	143	1.11741
103	144	0.794892
103	151	1.12451
103	153	0.811516
103	154	1.09982
103	159	1.12575
103	160	1.11701
103	164	1.12703
103	167	1.14522
103	168	1.11464
103	170	1.11543
103	172	0.823843
103	173	1.12747
103	174	1.10404
103	175	1.13009
103	177	1.1173
103	178	1.12092
103	179	1.11338
104	5	0.896746
104	48	0.715332
104	54	0.64877
104	56	1.14963
104	64	1.16938
104	81	1.2595
104	94	1.21119
104	108	1.18561
104	119	0.685767
104	140	1.21607
104	146	0.738665
104	149	1.1656
104	152	1.16839
104	155	1.17834
104	156	1.17732
104	157	1.20669
104	159	0.709832
104	160	0.734542
104	162	1.17838
104	170	0.718473
104	171	1.27605
104	176	1.25786
104	177	0.725816
104	180	0.636074
105	55	0.676036
105	61	1.20025
105	63	0.684323
105	75	0.776446
105	77	0.779104
105	90	1.16893
105	94	1.17937
105	99	0.713239
105	108	1.15379
105	110	1.20694
105	119	0.756755
105	140	1.18425
105	144	1.16266
105	147	1.18034
105	149	1.13378
105	150	1.16142
105	152	1.13657
105	155	1.14652
105	156	1.1455
105	157	1.17488
105	165	1.1648
105	169	0.783683
105	174	0.792171
105	175	0.768115
105	178	0.776825
106	7	0.727643
106	24	1.30459
106	57	1.1345
106	72	1.11545
106	75	1.17222
106	83	1.13893
106	95	1.18133
106	101	1.19849
106	111	1.14147
106	113	0.742507
106	126	0.741067
106	135	1.20248
106	138	1.12944
106	139	1.16994
106	142	1.1405
106	147	0.742693
106	156	0.760619
106	161	0.795997
106	162	1.14801
106	167	0.756919
106	169	1.16161
106	172	1.16106
106	176	0.726054
106	177	0.800574
106	180	0.710831
107	12	0.904219
107	26	0.668778
107	41	0.651363
107	63	0.692988
107	94	0.766982
107	126	0.745962
107	139	0.775921
107	144	0.747282
107	154	1.14668
107	159	1.17261
107	160	1.16387
107	161	1.1617
107	163	0.791717
107	164	1.17389
107	165	0.747002
107	166	1.17103
107	167	1.19208
107	168	1.1615
107	170	1.16229
107	173	1.17433
107	174	1.1509
107	175	1.17695
107	177	1.16416
107	178	1.16778
107	179	1.16024
108	32	0.816104
108	35	0.8251
108	61	1.19135
108	81	1.21878
108	94	1.17047
108	104	1.18561
108	105	1.15379
108	119	0.723494
108	124	1.15377
108	139	1.15958
108	140	1.17535
108	143	0.765448
108	144	1.15376
108	150	1.15252
108	152	1.12767
108	155	1.13762
108	156	1.1366
108	157	1.16598
108	158	0.711645
108	159	0.747559
108	169	0.750423
108	173	0.736615
108	174	0.758911
108	176	1.21714
108	180	0.673801
109	5	1.10131
109	9	1.25934
109	27	1.19049
109	35	1.14326
109	36	0.682633
109	45	1.23446
109	50	1.23909
109	62	1.2651
109	65	0.756943
109	82	1.19506
109	87	1.19512
109	94	0.708623
109	99	0.663544
109	100	1.21484
109	102	0.689026
109	114	0.70565
109	115	1.25364
109	120	1.2445
109	124	0.731656
109	137	1.22339
109	146	1.21959
109	163	1.22081
109	168	0.747276
109	173	0.72018
109	176	0.672589
109	179	0.731484
110	19	0.756033
110	53	0.634922
110	64	1.18182
110	68	1.24222
110	99	0.660946
110	103	0.785898
110	105	1.20694
110	113	0.686443
110	114	0.703051
110	140	1.22851
110	144	1.20691
110	149	1.17804
110	150	1.20568
110	152	1.18082
110	155	1.19077
110	156	1.18976
110	157	1.21913
110	158	0.692612
110	163	1.20156
110	164	0.71882
110	165	1.20905
110	171	1.28848
110	175	0.715822
110	176	1.2703
110	178	0.724532
110	179	0.728885
111	15	0.751273
111	24	1.28046
111	30	0.724359
111	57	1.11036
111	58	1.17175
111	72	1.09131
111	75	1.14808
111	79	1.10222
111	83	1.11479
111	84	1.11244
111	95	1.15719
111	106	1.14147
111	114	0.7889
111	117	0.777182
111	138	1.1053
111	142	1.11636
111	153	1.15
111	154	0.830052
111	161	0.825782
111	162	1.12388
111	169	1.13747
111	172	1.13692
111	173	0.80343
111	176	0.755839
111	179	0.814734
111	180	0.740616
112	2	0.638081
112	3	0.612302
112	52	0.733069
112	81	0.598848
112	87	0.685906
112	92	0.630371
112	97	0.644156
112	133	0.638055
112	148	1.30916
112	150	0.649363
112	151	1.30443
112	152	0.672756
112	154	1.27974
112	161	1.29477
112	163	0.667471
112	165	0.622756
112	166	1.3041
112	167	1.32515
112	168	1.29457
112	170	1.29536
112	173	1.3074
112	174	1.28396
112	175	1.31001
112	177	1.29722
112	178	1.30084
112	179	1.2933
113	11	0.720915
113	64	0.73964
113	73	0.715254
113	85	0.783701
113	106	0.742507
113	110	0.686443
113	127	0.764985
113	129	0.749897
113	142	0.744546
113	150	0.721765
113	151	1.18566
113	154	1.16097
113	159	1.1869
113	160	1.17816
113	161	1.17599
113	164	1.18818
113	166	1.18532
113	167	1.20637
113	168	1.17579
113	170	1.17658
113	172	0.724389
113	173	1.18862
113	174	1.16518
113	175	1.19124
113	177	1.17844
113	178	1.18207
113	179	1.17453
114	9	0.708041
114	90	0.734787
114	109	0.70565
114	110	0.703051
114	111	0.7889
114	118	0.746049
114	136	1.20431
114	139	0.740685
114	145	0.730767
114	148	1.18841
114	151	1.18368
114	152	0.761766
114	154	1.15899
114	156	0.730278
114	161	1.17402
114	164	1.1862
114	166	1.18335
114	167	1.20439
114	168	1.17382
114	170	1.1746
114	172	0.740997
114	173	1.18665
114	174	1.16321
114	175	1.18926
114	177	1.17647
114	178	1.18009
114	179	1.17255
115	5	1.06527
115	9	1.22329
115	27	1.15444
115	35	1.10722
115	45	1.19841
115	50	1.20304
115	53	0.664835
115	62	1.22906
115	74	1.20463
115	82	1.15902
115	83	0.764239
115	87	1.15907
115	100	1.17879
115	109	1.25364
115	120	1.20846
115	135	0.731713
115	137	1.18735
115	138	0.772908
115	146	1.18354
115	151	0.736292
115	155	0.749651
115	163	1.18476
115	167	0.730769
115	172	0.745188
115	174	0.769791
115	178	0.754445
115	180	0.684681
116	17	1.12782
116	26	1.28513
116	29	1.2089
116	36	0.699872
116	40	1.21676
116	47	1.15545
116	53	1.24089
116	54	1.25272
116	73	1.15196
116	88	1.11277
116	96	1.17578
116	119	0.724299
116	121	1.17616
116	128	1.15774
116	129	1.1178
116	136	0.741349
116	149	0.753384
116	157	0.723341
116	161	0.759771
116	162	0.76802
116	165	1.15477
116	172	1.14958
116	175	0.73566
116	176	0.689828
116	177	0.764348
116	179	0.748723
116	180	1.21576
117	35	0.82007
117	66	0.736993
117	67	0.675388
117	111	0.777182
117	138	0.756998
117	139	0.728966
117	150	0.726655
117	151	1.18566
117	153	0.716952
117	154	1.16097
117	158	0.706615
117	159	1.1869
117	160	1.17816
117	161	1.17599
117	163	0.744762
117	164	1.18818
117	165	0.700047
117	166	1.18532
117	167	1.20637
117	168	1.17579
117	170	1.17658
117	173	1.18862
117	174	1.16518
117	175	1.19124
117	177	1.17844
117	178	1.18207
117	179	1.17453
118	13	0.717016
118	20	1.2917
118	31	0.682182
118	59	1.18536
118	78	1.13868
118	85	1.13737
118	91	1.18911
118	98	1.16579
118	114	0.746049
118	124	0.772055
118	125	1.21142
118	126	1.18773
118	127	1.13357
118	133	1.19009
118	134	1.18804
118	141	1.19371
118	145	1.17676
118	148	0.753332
118	151	0.749377
118	153	1.1797
118	156	0.747554
118	163	1.16433
118	172	1.16663
118	175	0.75882
118	176	0.712988
118	179	0.771883
118	180	0.697765
119	27	0.772058
119	90	0.736197
119	98	0.763707
119	104	0.685767
119	105	0.756755
119	108	0.723494
119	116	0.724299
119	136	1.20406
119	138	0.770126
119	143	1.17633
119	151	1.18343
119	155	0.746869
119	159	1.18467
119	160	1.17593
119	161	1.17376
119	163	0.75789
119	166	1.18309
119	167	1.20414
119	168	1.17356
119	170	1.17435
119	171	0.658736
119	173	1.18639
119	174	1.16295
119	175	1.18901
119	177	1.17621
119	178	1.17984
119	179	1.17229
120	6	0.727519
120	17	0.794489
120	35	1.09808
120	43	0.692965
120	58	0.730703
120	69	1.22306
120	77	1.17299
120	87	1.14993
120	88	0.795633
120	91	0.7092
120	109	1.2445
120	115	1.20846
120	122	0.686245
120	126	0.719365
120	147	0.720991
120	150	0.747013
120	152	0.770406
120	153	1.19099
120	159	1.17624
120	163	1.17562
120	165	1.18311
120	170	1.16592
120	174	1.15452
120	175	1.18058
120	176	1.24436
120	177	1.16778
120	179	1.16386
121	16	1.13235
121	17	1.16135
121	21	1.13167
121	23	0.763238
121	28	1.11803
121	29	1.24242
121	47	1.18897
121	53	1.27441
121	73	1.18548
121	88	1.14629
121	97	0.721899
121	116	1.17616
121	127	0.770326
121	128	1.19126
121	129	1.15133
121	132	0.757166
121	141	0.697326
121	146	1.17958
121	151	0.720835
121	154	0.758659
121	164	0.733276
121	165	1.1883
121	166	0.741865
121	172	1.1831
121	176	0.684446
121	177	0.758966
121	180	1.24928
122	42	0.656818
122	57	0.768486
122	64	1.19148
122	68	1.25188
122	75	0.698706
122	78	0.749102
122	90	1.22284
122	94	1.23329
122	120	0.686245
122	140	1.23817
122	141	0.657425
122	143	0.720968
122	144	1.21658
122	147	1.23426
122	149	1.1877
122	150	1.21534
122	152	1.19048
122	153	0.677502
122	155	1.20044
122	156	1.19942
122	157	1.22879
122	163	1.21122
122	171	1.29815
122	172	0.689829
122	173	0.692136
122	174	0.714432
122	175	0.690376
122	176	1.27996
123	24	1.28809
123	47	0.723858
123	57	1.11799
123	58	1.17938
123	72	1.09894
123	75	1.15571
123	79	1.10985
123	83	1.12242
123	84	1.12007
123	91	0.724403
123	94	0.755588
123	95	1.16482
123	101	1.18198
123	102	1.19057
123	126	0.734568
123	132	0.792275
123	135	1.18598
123	138	1.11293
123	142	1.12399
123	148	0.759898
123	153	1.15763
123	154	0.793768
123	159	0.77809
123	169	1.1451
123	170	0.78673
123	172	1.14455
123	175	0.765386
123	177	0.794074
124	16	0.794952
124	29	0.697423
124	38	0.834512
124	62	0.755264
124	75	1.17075
124	98	0.788304
124	100	0.771588
124	102	1.2056
124	108	1.15377
124	109	0.731656
124	118	0.772055
124	128	0.758518
124	138	1.12797
124	141	0.734599
124	142	1.13902
124	145	0.756773
124	149	1.13377
124	152	1.13655
124	155	1.1465
124	156	1.14549
124	157	1.17486
124	172	1.15959
124	173	1.15963
124	174	1.13619
124	175	1.16225
124	177	1.14945
124	178	1.15308
124	179	1.14553
125	5	1.07952
125	38	1.13335
125	43	1.24864
125	59	1.22003
125	66	1.18809
125	78	1.17336
125	80	1.17385
125	91	1.22378
125	95	0.726431
125	98	1.20046
125	118	1.21142
125	127	1.16825
125	133	1.22476
125	135	0.723753
125	136	0.743464
125	141	1.22838
125	145	1.21143
125	146	0.779312
125	147	0.708583
125	152	0.757998
125	153	1.21438
125	162	0.770135
125	163	1.19901
125	167	0.722809
125	169	0.753343
125	171	0.653558
125	172	1.2013
125	176	0.691944
125	180	0.676721
126	4	1.20669
126	20	1.30269
126	42	1.22676
126	43	1.22496
126	49	1.18506
126	66	1.16441
126	71	0.681574
126	85	1.14836
126	98	1.17678
126	106	0.741067
126	107	0.745962
126	118	1.18773
126	120	0.719365
126	123	0.734568
126	127	1.14456
126	132	0.750385
126	133	1.20108
126	134	1.19903
126	139	1.1865
126	141	1.2047
126	145	1.18775
126	154	0.751878
126	163	1.17532
126	167	0.70853
126	169	0.739064
126	172	1.17762
126	175	0.723496
126	176	0.677664
126	179	0.736559
127	38	1.05551
127	66	1.11025
127	78	1.09551
127	85	1.0942
127	89	0.835675
127	91	1.14594
127	113	0.764985
127	118	1.13357
127	121	0.770326
127	125	1.16825
127	126	1.14456
127	133	1.14692
127	134	1.14487
127	135	0.780341
127	137	1.12375
127	139	1.13234
127	141	1.15054
127	145	1.13359
127	153	1.13653
127	154	0.822745
127	156	0.783097
127	158	1.13903
127	159	0.807067
127	163	1.12116
127	164	0.797361
127	172	1.12346
127	174	0.818419
127	175	0.794363
127	180	0.733309
128	16	1.11393
128	17	1.14293
128	21	1.11325
128	28	1.09961
128	29	1.224
128	47	1.17055
128	53	1.25599
128	69	0.704868
128	73	1.16706
128	86	0.789719
128	88	1.12787
128	96	1.19089
128	116	1.15774
128	121	1.19126
128	124	0.758518
128	129	1.13291
128	130	0.723966
128	135	0.73126
128	137	0.731759
128	146	1.16116
128	147	1.18542
128	159	0.757987
128	161	0.769394
128	165	1.16988
128	166	0.756871
128	170	0.766627
128	172	1.16468
128	175	0.745282
128	177	0.773971
128	180	1.23086
129	16	1.07399
129	17	1.10299
129	26	1.26029
129	28	1.05968
129	29	1.18407
129	40	1.19193
129	47	1.13062
129	53	1.21606
129	68	0.710569
129	73	1.12713
129	88	1.08794
129	96	1.15095
129	97	0.770898
129	113	0.749897
129	116	1.1178
129	121	1.15133
129	128	1.13291
129	146	1.12123
129	147	1.14549
129	151	0.769833
129	153	0.766402
129	156	0.768009
129	161	0.803387
129	165	1.12994
129	169	0.794843
129	170	0.80062
129	172	1.12474
129	173	0.781035
129	174	0.803331
129	178	0.787985
129	180	1.19093
130	28	0.792816
130	72	0.797499
130	76	0.725776
130	83	0.751502
130	87	0.76637
130	96	0.700593
130	100	0.737036
130	128	0.723966
130	132	1.18593
130	134	0.687593
130	139	0.732139
130	142	0.752608
130	148	1.1831
130	151	1.17838
130	154	1.15368
130	157	0.720679
130	159	1.17962
130	160	1.17088
130	161	1.16871
130	164	1.18089
130	165	0.70322
130	166	1.17804
130	167	1.19909
130	168	1.16851
130	170	1.1693
130	173	1.18134
130	174	1.1579
130	175	1.18396
130	177	1.17116
130	178	1.17479
130	179	1.16724
130	180	1.24748
131	34	0.702476
131	61	0.729321
131	68	0.71536
131	87	0.817439
131	96	0.751662
131	100	0.788105
131	132	1.16237
131	133	0.769588
131	137	0.770543
131	143	1.14771
131	145	0.77329
131	147	0.754874
131	148	1.15954
131	150	0.780896
131	151	1.15481
131	154	1.13012
131	159	1.15605
131	160	1.14731
131	161	1.14515
131	164	1.15733
131	165	0.754289
131	166	1.15448
131	167	1.17552
131	168	1.14495
131	170	1.14573
131	172	0.78352
131	173	1.15778
131	174	1.13434
131	175	1.16039
131	177	1.1476
131	178	1.15122
131	179	1.14368
131	180	1.22392
132	68	0.712497
132	73	0.771521
132	81	0.727517
132	86	1.1394
132	91	0.74022
132	121	0.757166
132	123	0.792275
132	126	0.750385
132	130	1.18593
132	131	1.16237
132	134	0.735799
132	139	0.780344
132	142	0.800813
132	143	1.15113
132	151	1.15823
132	152	0.801426
132	154	1.13354
132	157	0.768884
132	159	1.15947
132	160	1.15073
132	161	1.14857
132	164	1.16075
132	165	0.751425
132	166	1.15789
132	167	1.17894
132	168	1.14837
132	170	1.14915
132	173	1.1612
132	174	1.13776
132	175	1.16381
132	177	1.15102
132	178	1.15464
132	179	1.1471
133	4	1.20905
133	20	1.30505
133	38	1.11202
133	43	1.22731
133	49	1.18741
133	55	0.647756
133	59	1.1987
133	65	0.778358
133	78	1.15203
133	80	1.15252
133	85	1.15072
133	98	1.17913
133	101	0.714169
133	112	0.638055
133	118	1.19009
133	125	1.22476
133	126	1.20108
133	127	1.14692
133	131	0.769588
133	134	1.20139
133	137	1.18027
133	139	1.18885
133	140	0.698368
133	141	1.20705
133	145	1.1901
133	146	0.781372
133	149	0.75756
133	158	1.19555
133	162	0.772195
133	166	0.751423
133	170	0.76118
133	174	0.763891
133	176	0.694004
133	180	0.678781
134	4	1.207
134	20	1.303
134	43	1.22527
134	59	1.19665
134	65	0.747432
134	66	1.16471
134	77	0.719899
134	78	1.14998
134	80	1.15047
134	85	1.14867
134	89	0.750222
134	91	1.20041
134	118	1.18804
134	126	1.19903
134	127	1.14487
134	130	0.687593
134	132	0.735799
134	133	1.20139
134	137	1.17822
134	139	1.1868
134	141	1.20501
134	143	0.739502
134	145	1.18806
134	146	0.750447
134	153	1.191
134	158	1.1935
134	160	0.746324
134	162	0.74127
134	166	0.720498
134	167	0.693944
134	168	0.737765
134	169	0.724477
134	172	1.17793
134	178	0.717619
135	4	0.709458
135	17	0.784597
135	21	0.765419
135	24	1.34147
135	26	0.63229
135	33	0.676882
135	39	0.696719
135	43	0.683073
135	50	0.734369
135	63	0.656499
135	68	1.2363
135	88	0.785741
135	95	1.2182
135	96	0.707887
135	106	1.20248
135	115	0.731713
135	123	1.18598
135	125	0.723753
135	127	0.780341
135	128	0.73126
135	138	1.16632
135	142	1.17737
135	144	1.20099
135	149	1.17212
135	152	1.1749
135	155	1.18485
