1	37	1.16955
1	39	1.1593
1	65	1.21545
1	69	1.21577
1	74	1.17607
1	77	1.2401
1	153	0.833747
1	160	0.790631
1	169	1.21712
1	170	0.753033
1	173	0.90586
1	177	0.81521
2	86	1.19811
2	88	1.20245
2	98	1.22082
2	107	0.584024
2	117	1.24526
2	128	1.22409
2	131	1.19716
2	144	0.741799
2	172	0.923078
2	174	1.10939
2	175	0.829765
2	176	1.01567
3	91	1.21059
3	108	1.21199
3	111	1.18733
3	118	1.19213
3	128	1.24136
3	131	1.21443
3	140	0.871961
3	141	0.844099
3	157	0.788951
3	159	0.793156
3	170	0.797665
3	174	1.12666
4	66	0.895195
4	99	1.23959
4	103	1.17739
4	124	1.21476
4	132	1.25933
4	133	1.20264
4	135	1.20282
4	143	0.756857
4	148	0.711724
4	153	0.78683
4	178	0.933802
4	179	1.09441
5	30	1.27404
5	55	1.11396
5	58	1.17931
5	59	0.785666
5	60	1.1863
5	84	1.2214
5	137	1.17372
5	149	1.27373
5	161	0.782691
5	162	0.731604
5	165	0.929196
5	174	0.861894
6	7	1.21421
6	30	1.22937
6	58	1.13464
6	60	1.14163
6	84	1.17673
6	107	1.29506
6	125	0.764477
6	149	1.22906
6	151	0.864478
6	161	0.776883
6	167	0.929432
6	177	0.763892
7	6	1.21421
7	35	1.2286
7	55	1.11466
7	60	1.187
7	62	1.18217
7	84	1.22211
7	149	1.27444
7	161	0.722476
7	164	0.671634
7	167	0.875025
7	172	0.872924
7	180	0.955613
8	16	1.13394
8	17	1.13535
8	25	1.24958
8	42	1.20712
8	72	1.20202
8	73	1.18855
8	154	1.28585
8	157	0.772553
8	159	0.776758
8	164	0.805592
8	165	1.00294
8	169	0.73914
9	16	1.12424
9	17	1.12565
9	24	1.26206
9	25	1.23987
9	42	1.19742
9	66	0.90132
9	73	1.17885
9	85	0.673798
9	127	0.740106
9	146	0.823238
9	154	1.27615
9	166	0.944386
10	39	0.569143
10	63	0.517663
10	102	0.509918
10	113	1.40354
10	114	0.568077
10	118	0.625211
10	132	0.523358
10	158	1.34984
10	160	1.36459
10	164	1.35517
10	176	1.20106
10	179	1.21833
10	180	1.20403
11	21	1.12062
11	22	1.12095
11	34	1.1255
11	81	1.08484
11	83	1.17649
11	85	0.677714
11	90	1.13945
11	139	1.18332
11	140	0.790454
11	166	0.948302
11	170	1.18401
11	178	0.943843
11	180	1.02446
12	45	1.09655
12	48	1.09739
12	56	1.17348
12	68	1.3774
12	81	1.07856
12	83	1.17021
12	90	1.13317
12	119	0.682741
12	139	1.17704
12	157	0.69673
12	163	0.775337
12	170	1.17773
12	174	0.859814
13	118	1.28735
13	120	1.29404
13	125	0.662589
13	126	1.30452
13	128	1.33658
13	130	1.31551
13	131	1.30965
13	161	0.674995
13	163	0.66972
13	171	0.834749
13	173	0.752653
13	174	1.22188
13	180	0.908132
14	26	1.20342
14	49	1.22478
14	50	1.16437
14	70	1.13572
14	75	1.13243
14	76	1.09287
14	92	0.725266
14	137	0.829716
14	142	0.941268
14	145	1.13631
14	148	0.798837
14	172	1.02561
14	180	1.10154
15	57	1.16665
15	94	1.21258
15	103	1.11208
15	124	1.14945
15	133	1.13733
15	135	1.13751
15	143	0.892713
15	144	0.886309
15	145	1.16093
15	146	0.952969
15	147	0.824114
15	170	0.841973
15	179	1.02911
16	8	1.13394
16	9	1.12424
16	24	1.1931
16	29	1.03356
16	31	1.17448
16	42	1.12846
16	73	1.10989
16	129	0.857271
16	150	0.941278
16	154	1.20719
16	158	0.817885
16	159	0.779445
16	165	1.00563
17	8	1.13535
17	9	1.12565
17	24	1.19451
17	25	1.17233
17	29	1.03497
17	42	1.12987
17	73	1.1113
17	154	1.2086
17	156	0.857075
17	158	0.761411
17	166	0.959624
17	167	0.955196
17	175	0.859782
18	106	1.13941
18	114	1.14871
18	122	1.16007
18	123	1.17157
18	134	1.18739
18	136	1.12884
18	138	1.16219
18	144	0.850534
18	151	0.968961
18	161	0.881366
18	164	0.830524
18	177	0.868375
18	178	1.00893
19	32	1.04786
19	37	1.11448
19	51	1.14713
19	65	1.16037
19	69	1.16069
19	74	1.12099
19	77	1.18502
19	142	0.949003
19	151	0.963728
19	164	0.825291
19	168	0.859607
19	169	1.16204
19	170	0.800965
20	35	1.17404
20	52	0.935614
20	55	1.0601
20	58	1.12545
20	60	1.13244
20	62	1.12761
20	84	1.16754
20	113	0.781248
20	137	1.11987
20	149	1.21987
20	153	0.884161
20	162	0.827528
20	174	0.957819
21	11	1.12062
21	43	1.1441
21	48	1.09762
21	56	1.1737
21	81	1.07878
21	83	1.17043
21	90	1.13339
21	142	0.988286
21	149	0.785272
21	159	0.835739
21	169	0.798121
21	170	1.17795
21	173	0.993074
22	11	1.12095
22	43	1.14442
22	45	1.09711
22	81	1.07911
22	83	1.17076
22	90	1.13372
22	139	1.17759
22	140	0.802849
22	168	0.787195
22	170	1.17828
22	176	1.04676
22	177	0.790729
22	179	0.964203
23	32	1.00964
23	37	1.07625
23	47	1.02049
23	51	1.1089
23	65	1.12214
23	69	1.12246
23	74	1.08276
23	77	1.14679
23	96	1.00574
23	129	0.962011
23	157	0.87998
23	160	0.926291
23	164	0.91302
23	169	1.12381
24	9	1.26206
24	16	1.1931
24	17	1.19451
24	29	1.17138
24	31	1.3123
24	73	1.24771
24	104	1.08465
24	142	0.857789
24	149	0.654776
24	154	1.34501
24	155	0.746013
24	162	0.733831
24	174	0.864122
24	178	0.937436
25	8	1.24958
25	9	1.23987
25	17	1.17233
25	31	1.29012
25	72	1.239
25	73	1.22552
25	104	1.06247
25	109	0.66373
25	127	0.729461
25	154	1.32283
25	156	0.831192
25	159	0.697088
25	174	0.855968
25	176	1.01981
26	14	1.20342
26	49	1.31018
26	50	1.24976
26	61	1.30739
26	75	1.21782
26	76	1.17827
26	145	1.2217
26	147	0.69898
26	149	0.661863
26	169	0.674712
26	172	1.111
26	176	1.03505
26	177	0.779015
26	178	0.944523
27	46	1.31447
27	50	1.24752
27	61	1.30515
27	70	1.21887
27	75	1.21558
27	76	1.17602
27	121	0.784651
27	141	0.746496
27	145	1.21946
27	148	0.705668
27	156	0.829657
27	162	0.724141
27	172	1.10876
27	180	1.00837
28	63	1.35171
28	110	1.19263
28	132	1.2654
28	133	1.20871
28	135	1.20889
28	141	1.24022
28	145	1.23231
28	149	0.613139
28	166	0.900259
28	170	0.668114
28	171	0.903036
28	172	0.89373
28	173	0.820941
28	179	1.10049
29	16	1.03356
29	17	1.03497
29	24	1.17138
29	31	1.15276
29	42	1.10674
29	66	0.983146
29	72	1.10165
29	73	1.08817
29	104	0.925115
29	127	0.821931
29	150	0.951392
29	154	1.18547
29	160	0.831665
29	180	1.10237
30	5	1.27404
30	6	1.22937
30	58	1.19517
30	60	1.20216
30	62	1.19733
30	84	1.23726
30	137	1.18958
30	140	0.800725
30	144	0.770765
30	149	1.28959
30	158	0.760361
30	159	0.72192
30	174	0.8808
30	175	0.858732
31	16	1.17448
31	24	1.3123
31	25	1.29012
31	29	1.15276
31	42	1.24766
31	66	0.823689
31	73	1.22909
31	104	1.06603
31	154	1.32639
31	161	0.709779
31	164	0.658937
31	171	0.869533
31	178	0.862296
31	179	0.870261
32	19	1.04786
32	23	1.00964
32	37	1.09524
32	39	1.08499
32	51	1.12789
32	74	1.10176
32	77	1.16579
32	85	0.837012
32	96	1.02473
32	127	0.903319
32	148	0.881062
32	150	1.03278
32	169	1.14281
32	174	1.02983
33	67	1.27403
33	102	1.24761
33	111	1.1942
33	113	0.636087
33	117	1.26941
33	126	1.21617
33	130	1.22716
33	131	1.22131
33	160	0.695885
33	166	0.890432
33	167	0.886004
33	171	0.893209
33	174	1.13354
33	175	0.79059
34	11	1.1255
34	43	1.14897
34	48	1.1025
34	81	1.08366
34	83	1.17531
34	89	1.13623
34	90	1.13827
34	113	0.756299
34	153	0.859213
34	167	1.00622
34	170	1.18283
34	174	0.93287
34	177	0.840676
35	7	1.2286
35	20	1.17404
35	55	1.08367
35	58	1.14903
35	60	1.15601
35	62	1.15119
35	84	1.19112
35	121	0.826743
35	137	1.14344
35	141	0.788588
35	149	1.24345
35	151	0.904917
35	161	0.817322
35	165	0.963827
35	168	0.800796
36	41	1.19127
36	53	1.08878
36	85	0.791747
36	97	0.74382
36	107	0.716752
36	114	1.19129
36	115	1.19875
36	122	1.20265
36	123	1.21415
36	136	1.17142
36	138	1.20477
36	167	1.05791
36	169	0.788064
36	173	0.983017
36	178	1.05151
37	1	1.16955
37	19	1.11448
37	23	1.07625
37	32	1.09524
37	65	1.20775
37	69	1.20807
37	74	1.16837
37	77	1.2324
37	97	0.683522
37	119	0.74719
37	140	0.844189
37	143	0.820633
37	156	0.899488
37	169	1.20942
37	176	1.0881
38	53	0.776764
38	77	0.596142
38	88	0.611727
38	116	1.16845
38	130	0.653012
38	131	0.631845
38	139	0.631346
38	146	1.18891
38	158	1.23
38	168	1.21871
38	173	1.15257
38	175	1.16257
38	176	1.08122
38	177	1.21265
38	180	1.08419
39	1	1.1593
39	10	0.569143
39	32	1.08499
39	51	1.18426
39	65	1.1975
39	69	1.19782
39	74	1.15812
39	77	1.22215
39	96	1.08109
39	104	1.09821
39	107	0.663814
39	158	0.811185
39	163	0.847146
39	169	1.19917
39	171	1.01217
40	94	1.23329
40	99	1.195
40	103	1.1328
40	124	1.17016
40	132	1.21473
40	133	1.15805
40	134	0.668777
40	135	1.15822
40	140	0.832486
40	141	1.18955
40	148	0.763796
40	157	0.749476
40	175	0.890492
40	178	0.985874
40	179	1.04982
41	36	1.19127
41	112	1.22312
41	115	1.19196
41	116	0.881655
41	122	1.19587
41	134	1.22319
41	136	1.16463
41	138	1.19798
41	142	1.08014
41	151	0.955417
41	160	0.830252
41	162	0.816735
41	169	0.750528
41	177	0.854831
41	178	1.04473
42	8	1.20712
42	9	1.19742
42	16	1.12846
42	17	1.12987
42	29	1.10674
42	31	1.24766
42	73	1.18307
42	104	1.02001
42	144	0.799495
42	154	1.28037
42	156	0.884754
42	159	0.75065
42	169	0.713032
42	175	0.887461
42	180	1.06346
43	21	1.1441
43	22	1.14442
43	34	1.14897
43	81	1.10832
43	83	1.19997
43	89	1.16089
43	90	1.16292
43	95	0.991035
43	125	0.815371
43	139	1.2068
43	155	0.788872
43	168	0.811252
43	169	0.710483
43	170	1.20749
43	172	0.978225
44	45	0.771035
44	71	0.706186
44	108	0.695882
44	128	0.654942
44	133	0.705713
44	139	0.665981
44	146	1.12445
44	147	1.23366
44	148	1.21764
44	161	1.15571
44	163	1.14539
44	165	1.05318
44	173	1.0881
44	176	1.01676
44	177	1.14819
44	180	1.01973
45	12	1.09655
45	22	1.09711
45	44	0.771035
45	48	1.07984
45	56	1.15592
45	81	1.061
45	83	1.15265
45	89	1.11357
45	90	1.11561
45	139	1.15948
45	148	0.857025
45	149	0.796443
45	164	0.875744
45	170	1.16017
45	177	0.913594
45	178	1.0791
46	27	1.31447
46	61	1.33528
46	70	1.24901
46	72	1.26803
46	75	1.24572
46	76	1.20616
46	96	1.18272
46	145	1.2496
46	155	0.718778
46	159	0.678008
46	161	0.757684
46	170	0.682516
46	172	1.1389
46	173	0.835343
46	178	0.910201
46	179	0.918166
47	23	1.02049
47	54	1.15305
47	61	0.786285
47	99	0.893886
47	121	1.02852
47	132	0.863268
47	138	0.844654
47	148	1.1104
47	151	0.983616
47	157	1.11801
47	159	1.08489
47	167	0.954549
47	176	0.909514
47	177	1.04094
47	179	0.92679
47	180	0.912483
48	12	1.09739
48	21	1.09762
48	34	1.1025
48	45	1.07984
48	56	1.15676
48	81	1.06184
48	83	1.15349
48	90	1.11645
48	121	0.878363
48	125	0.856535
48	139	1.16032
48	147	0.775914
48	169	0.751646
48	170	1.16101
48	176	1.11198
48	179	1.02942
49	14	1.22478
49	26	1.31018
49	50	1.27112
49	61	1.32875
49	70	1.24247
49	75	1.23918
49	76	1.19962
49	92	0.671831
49	141	0.78623
49	145	1.24306
49	149	0.68482
49	159	0.735287
49	164	0.764121
49	172	1.13236
49	173	0.892621
49	178	0.96748
50	14	1.16437
50	26	1.24976
50	27	1.24752
50	49	1.27112
50	61	1.26833
50	70	1.18206
50	76	1.13921
50	85	0.663796
50	96	1.11577
50	127	0.730103
50	145	1.18265
50	146	0.813236
50	150	0.859564
50	166	0.934384
50	172	1.07195
50	176	1.02045
50	177	0.764416
51	19	1.14713
51	23	1.1089
51	32	1.12789
51	39	1.18426
51	65	1.2404
51	69	1.24072
51	74	1.20102
51	77	1.26505
51	96	1.12399
51	113	0.711903
51	141	0.780537
51	151	0.896866
51	155	0.770365
51	156	0.863698
51	169	1.24207
51	170	0.734103
51	180	1.04241
52	20	0.935614
52	82	0.834969
52	105	0.961705
52	139	0.878531
52	150	1.00611
52	154	0.795169
52	160	1.10577
52	161	1.0812
52	165	0.978673
52	166	0.97278
52	168	1.07974
52	175	1.02359
52	176	0.942248
52	177	1.07368
52	178	0.966537
52	180	0.945217
53	36	1.08878
53	38	0.776764
53	78	1.04548
53	106	1.07272
53	109	0.853915
53	112	1.12063
53	115	1.08947
53	123	1.10488
53	134	1.1207
53	136	1.06214
53	137	0.928268
53	138	1.09549
53	154	1.1693
53	161	0.96695
53	163	0.961675
53	165	1.11346
53	178	0.94224
54	47	1.15305
54	76	0.613473
54	77	0.588483
54	78	0.704127
54	106	0.605156
54	108	0.653588
54	117	0.602953
54	131	0.624185
54	149	1.31638
54	156	1.20157
54	162	1.27549
54	163	1.22857
54	166	1.13047
54	168	1.23742
54	171	1.13609
54	176	1.09993
54	180	1.1029
55	5	1.11396
55	7	1.11466
55	20	1.0601
55	35	1.08367
55	58	1.03509
55	60	1.04208
55	62	1.03725
55	84	1.07718
55	107	1.19551
55	116	0.935328
55	137	1.0295
55	149	1.12951
55	150	1.00365
55	153	0.927041
55	155	0.88259
55	164	0.870654
55	178	1.07401
56	12	1.17348
56	21	1.1737
56	45	1.15592
56	48	1.15676
56	81	1.13792
56	83	1.22957
56	89	1.19049
56	90	1.19253
56	113	0.704423
56	139	1.23641
56	141	0.773058
56	142	0.874661
56	146	0.837619
56	155	0.762885
56	170	1.23709
56	174	0.880994
56	179	0.962273
57	15	1.16665
57	59	0.900383
57	99	1.17366
57	103	1.11146
57	105	1.10721
57	119	0.799538
57	124	1.14882
57	132	1.19339
57	133	1.13671
57	135	1.13688
57	137	0.858726
57	139	1.203
57	140	0.896536
57	149	0.767265
57	152	1.18391
57	157	0.813527
57	167	1.04996
57	179	1.02848
58	5	1.17931
58	6	1.13464
58	20	1.12545
58	30	1.19517
58	35	1.14903
58	55	1.03509
58	62	1.10261
58	84	1.14254
58	92	0.733422
58	107	1.26086
58	137	1.09486
58	141	0.84782
58	143	0.852126
58	148	0.806993
58	149	1.19487
58	174	0.955757
58	177	0.863563
58	178	1.02907
59	5	0.785666
59	57	0.900383
59	73	0.855398
59	86	0.827879
59	117	0.803773
59	127	1.12575
59	145	0.828766
59	155	1.13594
59	159	1.12208
59	160	1.11023
59	164	1.10081
59	166	0.977231
59	172	0.985096
59	173	1.01804
59	175	1.02804
59	176	0.946699
59	177	1.07813
59	180	0.949668
60	5	1.1863
60	6	1.14163
60	7	1.187
60	20	1.13244
60	30	1.20216
60	35	1.15601
60	55	1.04208
60	62	1.10959
60	84	1.14952
60	92	0.708652
60	137	1.10184
60	146	0.887612
60	147	0.758757
60	149	1.20185
60	158	0.810548
60	166	1.00876
60	168	0.835258
60	180	1.08492
61	26	1.30739
61	27	1.30515
61	46	1.33528
61	47	0.786285
61	49	1.32875
61	50	1.26833
61	70	1.23969
61	75	1.2364
61	76	1.19684
61	127	0.68235
61	144	0.698822
61	145	1.24027
61	163	0.724379
61	168	0.713128
61	172	1.12958
61	174	0.808857
61	177	0.716662
61	180	0.962791
62	7	1.18217
62	20	1.12761
62	30	1.19733
62	35	1.15119
62	55	1.03725
62	58	1.10261
62	60	1.10959
62	84	1.1447
62	104	0.9999
62	107	1.26302
62	125	0.741705
62	137	1.09702
62	142	0.826981
62	149	1.19703
62	156	0.808538
62	172	0.904559
62	178	0.906628
62	179	0.914593
63	10	0.517663
63	28	1.35171
63	89	1.27077
63	105	1.2209
63	110	1.23432
63	116	0.814774
63	124	1.26251
63	132	1.30708
63	133	1.25039
63	135	1.25057
63	140	0.80007
63	152	1.2976
63	158	0.759706
63	161	0.800942
63	162	0.749854
63	168	0.784416
63	175	0.858077
63	179	1.14217
64	78	1.07912
64	106	1.10636
64	114	1.11566
64	115	1.12311
64	121	0.954351
64	123	1.13852
64	134	1.15434
64	136	1.09578
64	138	1.12913
64	140	1.06704
64	149	0.814786
64	152	1.12429
64	154	1.20294
64	159	0.865253
64	161	0.944929
64	164	0.894087
64	166	1.10191
64	169	0.827635
64	178	0.975879
65	1	1.21545
65	19	1.16037
65	23	1.12214
65	37	1.20775
65	39	1.1975
65	51	1.2404
65	69	1.25396
65	74	1.21426
65	77	1.27829
65	96	1.13724
65	107	0.659686
65	127	0.800988
65	146	0.88412
65	147	0.755266
65	151	0.935887
65	161	0.848292
65	169	1.25531
65	170	0.773124
65	177	0.835301
66	4	0.895195
66	9	0.90132
66	29	0.983146
66	31	0.823689
66	86	0.938815
66	126	0.959504
66	156	1.02872
66	157	1.13559
66	161	1.06604
66	163	1.05572
66	164	1.0812
66	167	0.972124
66	168	1.06458
66	171	0.963241
66	173	0.998434
66	174	0.982607
66	176	0.927089
66	177	1.05852
66	180	0.930058
67	33	1.27403
67	101	1.26263
67	102	1.222
67	108	1.19325
67	111	1.16859
67	117	1.2438
67	118	1.17339
67	128	1.22262
67	130	1.20155
67	131	1.1957
67	149	0.686791
67	153	0.822479
67	159	0.737257
67	161	0.816934
67	165	0.963439
67	169	0.699639
67	172	0.967381
67	174	1.10793
67	177	0.803942
68	12	1.3774
68	79	1.27979
68	84	1.35522
68	97	0.975919
68	110	1.38936
68	116	0.851408
68	137	0.880613
68	144	0.915995
68	147	0.981072
68	157	0.972672
68	158	0.912956
68	160	0.927703
68	162	0.939732
68	163	0.892808
68	165	0.800601
68	175	0.845521
68	176	0.764175
68	177	0.895603
68	180	0.767144
69	1	1.21577
69	19	1.16069
69	23	1.12246
69	37	1.20807
69	39	1.19782
69	51	1.24072
69	65	1.25396
69	74	1.21458
69	77	1.27861
69	96	1.13756
69	121	0.844975
69	127	0.788249
69	129	0.833703
69	141	0.806819
69	149	0.70541
69	162	0.784465
69	168	0.819027
69	169	1.25563
69	174	0.914756
70	14	1.13572
70	27	1.21887
70	46	1.24901
70	49	1.24247
70	50	1.18206
70	61	1.23969
70	72	1.17243
70	75	1.15012
70	76	1.11056
70	96	1.08712
70	121	0.852577
70	145	1.154
70	146	0.878983
70	149	0.713012
70	160	0.805584
70	167	0.995704
70	169	0.72586
70	172	1.0433
70	174	0.922358
70	175	0.90029
71	44	0.706186
71	112	1.20452
71	114	1.16591
71	115	1.17336
71	122	1.17727
71	123	1.18877
71	125	0.849331
71	134	1.20459
71	136	1.14603
71	138	1.17939
71	140	1.11729
71	149	0.731594
71	152	1.17454
71	154	1.25319
71	157	0.777856
71	158	0.820501
71	174	0.94094
71	177	0.848746
71	178	1.02613
71	179	1.02222
72	8	1.20202
72	25	1.239
72	29	1.10165
72	46	1.26803
72	70	1.17243
72	73	1.17797
72	75	1.16914
72	76	1.12958
72	104	1.01492
72	107	0.601263
72	145	1.17302
72	154	1.27527
72	163	0.784595
72	172	1.06232
72	173	0.867528
72	175	0.847004
72	177	0.776878
72	178	0.942386
72	179	0.950351
72	180	1.02301
73	8	1.18855
73	9	1.17885
73	16	1.10989
73	17	1.1113
73	24	1.24771
73	25	1.22552
73	29	1.08817
73	31	1.22909
73	42	1.18307
73	59	0.855398
73	72	1.17797
73	104	1.00144
73	109	0.739388
73	149	0.722281
73	153	0.857969
73	154	1.2618
73	155	0.813518
73	164	0.801582
73	165	0.998928
73	175	0.909558
74	1	1.17607
74	19	1.12099
74	23	1.08276
74	32	1.10176
74	37	1.16837
74	39	1.15812
74	51	1.20102
74	65	1.21426
74	69	1.21458
74	77	1.23891
74	92	0.679083
74	96	1.09786
74	125	0.809808
74	156	0.876642
74	162	0.771127
74	168	0.805689
74	169	1.21593
74	171	0.981968
74	173	0.899873
74	178	0.974732
75	14	1.13243
75	26	1.21782
75	27	1.21558
75	46	1.24572
75	49	1.23918
75	61	1.2364
75	70	1.15012
75	72	1.16914
75	76	1.10727
75	96	1.08383
75	121	0.800611
75	145	1.15071
75	147	0.698162
75	155	0.752283
75	160	0.753618
75	163	0.785914
75	172	1.04001
75	176	1.03423
75	179	0.951671
75	180	1.02433
76	14	1.09287
76	26	1.17827
76	27	1.17602
76	46	1.20616
76	49	1.19962
76	50	1.13921
76	54	0.613473
76	61	1.19684
76	70	1.11056
76	72	1.12958
76	75	1.10727
76	96	1.04427
76	104	1.05711
76	142	0.884189
76	145	1.11115
76	153	0.816864
76	163	0.806044
76	171	0.971072
76	172	1.00045
76	173	0.888977
76	178	0.963835
77	1	1.2401
77	19	1.18502
77	23	1.14679
77	32	1.16579
77	37	1.2324
77	38	0.596142
77	39	1.22215
77	51	1.26505
77	54	0.588483
77	65	1.27829
77	69	1.27861
77	74	1.23891
77	96	1.16189
77	153	0.791874
77	156	0.840756
77	158	0.745092
77	163	0.781053
77	168	0.769802
77	169	1.27996
77	173	0.863986
77	180	1.01946
78	53	1.04548
78	54	0.704127
78	64	1.07912
78	80	1.07026
78	106	1.13869
78	112	1.1866
78	114	1.14799
78	122	1.15935
78	123	1.17085
78	129	0.900122
78	134	1.18667
78	136	1.12811
78	138	1.16147
78	153	0.907518
78	154	1.23527
78	159	0.822296
78	163	0.896697
78	170	0.826804
78	174	0.981175
78	175	0.959107
78	178	1.00821
79	68	1.27979
79	93	1.29057
79	94	1.2913
79	95	0.846265
79	99	1.25301
79	103	1.19081
79	105	1.18656
79	110	1.19998
79	124	1.22817
79	132	1.27274
79	133	1.21606
79	135	1.21623
79	152	1.26326
79	153	0.688552
79	155	0.644101
79	170	0.607838
79	173	0.760665
79	174	0.762209
79	177	0.670015
79	178	0.835524
79	179	1.10783
80	78	1.07026
80	106	1.0975
80	112	1.14541
80	114	1.1068
80	115	1.11425
80	122	1.11815
80	123	1.12966
80	134	1.14548
80	136	1.08692
80	138	1.12027
80	141	0.79565
80	142	1.00243
80	144	0.793551
80	152	1.11543
80	154	1.19408
80	165	0.970888
80	170	0.749215
80	171	0.984137
80	176	1.06742
80	178	0.967019
80	179	0.984865
80	180	1.05752
81	11	1.08484
81	12	1.07856
81	21	1.07878
81	22	1.07911
81	34	1.08366
81	43	1.10832
81	45	1.061
81	48	1.06184
81	56	1.13792
81	83	1.13465
81	89	1.09557
81	90	1.09761
81	125	0.914532
81	137	0.888255
81	139	1.14148
81	157	0.843056
81	159	0.847261
81	163	0.921663
81	170	1.14217
81	171	1.08669
81	175	0.984073
81	177	0.913946
82	52	0.834969
82	87	1.19149
82	100	1.17442
82	102	1.21434
82	104	1.02376
82	108	1.18559
82	111	1.16093
82	116	0.791803
82	117	1.23614
82	118	1.16574
82	120	1.17243
82	126	1.1829
82	128	1.21496
82	129	0.77612
82	130	1.19389
82	131	1.18804
82	141	0.749237
82	147	0.684943
82	168	0.761445
82	174	1.10027
82	177	0.764979
82	180	1.01111
83	11	1.17649
83	12	1.17021
83	21	1.17043
83	22	1.17076
83	34	1.17531
83	43	1.19997
83	45	1.15265
83	48	1.15349
83	56	1.22957
83	81	1.13465
83	90	1.18926
83	97	0.641759
83	109	0.690263
83	139	1.23314
83	155	0.764392
83	161	0.803298
83	162	0.75221
83	166	0.960275
83	170	1.23382
83	172	0.953746
83	178	0.955815
83	179	0.96378
84	5	1.2214
84	6	1.17673
84	7	1.22211
84	20	1.16754
84	30	1.23726
84	35	1.19112
84	55	1.07718
84	58	1.14254
84	60	1.14952
84	62	1.1447
84	68	1.35522
84	107	1.30295
84	109	0.6454
84	137	1.13695
84	143	0.734007
84	149	1.23696
84	157	0.674554
84	167	0.910984
84	169	0.641141
84	170	0.683267
84	173	0.836094
84	178	0.910952
85	9	0.673798
85	11	0.677714
85	32	0.837012
85	36	0.791747
85	50	0.663796
85	86	0.711293
85	87	0.711223
85	94	0.694484
85	133	0.747653
85	142	1.13357
85	143	1.21227
85	158	1.22264
85	163	1.20249
85	166	1.10439
85	167	1.1189
85	168	1.21135
85	171	1.11001
85	173	1.14521
85	175	1.15521
85	176	1.07386
85	177	1.20529
85	178	1.09815
85	180	1.07683
86	2	1.19811
86	59	0.827879
86	66	0.938815
86	85	0.711293
86	98	1.16757
86	100	1.1303
86	101	1.21085
86	107	0.636298
86	108	1.14147
86	111	1.11681
86	117	1.19202
86	118	1.12161
86	120	1.1283
86	126	1.13878
86	128	1.17084
86	130	1.14977
86	131	1.14392
86	148	0.755344
86	164	0.774063
86	167	0.977454
86	174	1.05615
86	177	0.811914
86	180	1.05804
87	82	1.19149
87	85	0.711223
87	91	1.14259
87	98	1.17008
87	100	1.13281
87	101	1.21336
87	102	1.17273
87	108	1.14398
87	111	1.11932
87	120	1.13081
87	126	1.14129
87	128	1.17335
87	129	0.822985
87	130	1.15228
87	131	1.14643
87	150	0.906992
87	159	0.745159
87	160	0.787265
87	162	0.773747
87	173	0.902493
87	174	1.05866
87	176	1.06788
87	178	0.977352
88	2	1.20245
88	38	0.611727
88	106	1.15974
88	112	1.20765
88	118	1.12596
88	120	1.13264
88	122	1.18039
88	126	1.14312
88	130	1.15411
88	131	1.14826
88	134	1.20772
88	136	1.14916
88	138	1.18251
88	148	0.732351
88	150	0.884069
88	160	0.764342
88	165	0.948417
88	167	0.954461
88	168	0.785387
88	174	1.06049
88	176	1.04495
88	178	1.02926
88	179	0.962394
89	34	1.13623
89	43	1.16089
89	45	1.11357
89	56	1.19049
89	63	1.27077
89	81	1.09557
89	90	1.15018
89	92	0.691814
89	110	1.11169
89	132	1.18445
89	133	1.12777
89	135	1.12794
89	139	1.19405
89	156	0.889373
89	160	0.797375
89	161	0.834946
89	164	0.784104
89	168	0.81842
89	170	1.19474
89	173	0.912604
89	176	1.07799
89	178	0.987463
89	179	1.01954
90	11	1.13945
90	12	1.13317
90	21	1.13339
90	22	1.13372
90	34	1.13827
90	43	1.16292
90	45	1.11561
90	48	1.11645
90	56	1.19253
90	81	1.09761
90	83	1.18926
90	89	1.15018
90	107	0.634003
90	139	1.19609
90	141	0.793876
90	143	0.798182
90	155	0.783704
90	158	0.781373
90	167	0.975158
90	170	1.19678
90	174	0.901812
90	176	1.06565
90	180	1.05575
91	3	1.21059
91	87	1.14259
91	98	1.16279
91	101	1.20606
91	102	1.16543
91	111	1.11202
91	117	1.18723
91	118	1.11683
91	119	0.772428
91	120	1.12352
91	126	1.134
91	128	1.16606
91	130	1.14499
91	131	1.13913
91	141	0.841565
91	143	0.845871
91	147	0.777272
91	159	0.790622
91	163	0.865024
91	165	1.0168
91	174	1.05136
91	177	0.857307
91	179	1.03078
92	14	0.725266
92	49	0.671831
92	58	0.733422
92	60	0.708652
92	74	0.679083
92	89	0.691814
92	95	1.12748
92	107	1.37572
92	112	0.666533
92	117	0.657667
92	122	0.666701
92	150	1.15713
92	151	1.16737
92	154	0.595038
92	160	1.2568
92	163	1.22191
92	167	1.13831
92	168	1.23076
92	169	1.29357
92	170	1.28575
92	173	1.16462
92	175	1.17462
92	176	1.09327
92	180	1.09624
93	79	1.29057
93	94	1.25716
93	95	0.96118
93	99	1.21886
93	103	1.15666
93	104	1.04371
93	105	1.15242
93	110	1.16583
93	124	1.19403
93	132	1.2386
93	133	1.18191
93	135	1.18209
93	139	1.2482
93	141	1.21342
93	147	0.704895
93	148	0.728361
93	152	1.22911
93	158	0.756685
93	160	0.760351
93	164	0.74708
93	169	0.680627
93	175	0.855056
93	178	0.950439
93	179	1.07369
94	15	1.21258
94	40	1.23329
94	79	1.2913
94	85	0.694484
94	93	1.25716
94	103	1.15739
94	105	1.15314
94	107	0.619489
94	110	1.16656
94	124	1.19475
94	132	1.23932
94	133	1.18264
94	135	1.18281
94	141	1.21415
94	142	0.880966
94	143	0.783668
94	146	0.843924
94	151	0.895691
94	152	1.22984
94	168	0.79157
94	170	0.732928
94	172	0.958543
94	174	0.887298
94	179	1.07441
95	43	0.991035
95	79	0.846265
95	92	1.12748
95	93	0.96118
95	103	1.05931
95	111	1.02484
95	116	0.977834
95	121	1.00961
95	129	1.01934
95	131	0.985288
95	143	1.02901
95	150	0.954461
95	151	0.964703
95	152	0.934835
95	159	1.06598
95	160	1.05413
95	163	1.01923
95	167	0.935637
95	171	0.926753
95	173	0.961946
95	175	0.971947
95	176	0.890602
95	177	1.02203
95	180	0.893571
96	23	1.00574
96	32	1.02473
96	39	1.08109
96	46	1.18272
96	50	1.11577
96	51	1.12399
96	65	1.13724
96	69	1.13756
96	70	1.08712
96	74	1.09786
96	75	1.08383
96	76	1.04427
96	77	1.16189
96	109	0.847828
96	143	0.936435
96	145	1.08771
96	158	0.919627
96	159	0.881187
96	162	0.909775
96	163	0.955588
96	169	1.13891
96	170	0.885695
96	172	0.977009
96	177	0.947872
96	178	1.11338
97	36	0.74382
97	37	0.683522
97	68	0.975919
97	83	0.641759
97	98	0.681193
97	103	0.73451
97	112	0.648127
97	116	1.15537
97	117	0.63926
97	120	0.713243
97	129	1.19688
97	130	0.681659
97	145	0.664253
97	149	1.28458
97	158	1.21692
97	160	1.23166
97	161	1.20709
97	164	1.22225
97	165	1.10456
97	169	1.26843
97	173	1.13948
97	175	1.14948
97	176	1.06814
97	177	1.19956
97	180	1.07111
98	2	1.22082
98	86	1.16757
98	87	1.17008
98	91	1.16279
98	97	0.681193
98	100	1.15301
98	108	1.16418
98	111	1.13952
98	116	0.856564
98	117	1.21473
98	118	1.14432
98	120	1.15101
98	126	1.16149
98	128	1.19355
98	130	1.17248
98	131	1.16663
98	132	0.726015
98	148	0.773171
98	155	0.803826
98	160	0.805162
98	166	0.999709
98	168	0.826206
98	169	0.725437
98	172	0.99318
98	174	1.07886
99	4	1.23959
99	40	1.195
99	47	0.893886
99	57	1.17366
99	79	1.25301
99	93	1.21886
99	103	1.11909
99	105	1.11485
99	110	1.12826
99	124	1.15646
99	125	0.824849
99	127	0.789951
99	132	1.20103
99	133	1.14434
99	135	1.14452
99	137	0.798573
99	140	0.836383
99	145	1.16794
99	148	0.767694
99	152	1.19154
99	153	0.842801
99	157	0.753374
99	158	0.796019
99	176	1.0803
99	179	1.03612
100	82	1.17442
100	86	1.1303
100	87	1.13281
100	98	1.15301
100	101	1.19628
100	102	1.15565
100	108	1.12691
100	111	1.10224
100	117	1.17745
100	118	1.10705
100	119	0.777777
100	120	1.11374
100	126	1.12422
100	128	1.15627
100	130	1.1352
100	131	1.12935
100	141	0.846914
100	144	0.844816
100	157	0.791766
100	162	0.82456
100	164	0.824806
100	165	1.02215
100	170	0.80048
100	171	1.0354
100	174	1.04158
100	178	1.02816
101	67	1.26263
101	86	1.21085
101	87	1.21336
101	91	1.20606
101	100	1.19628
101	102	1.2362
101	108	1.20746
101	117	1.258
101	118	1.1876
101	119	0.679254
101	120	1.19429
101	126	1.20477
101	128	1.23682
101	130	1.21575
101	131	1.2099
101	147	0.684098
101	157	0.693243
101	161	0.777125
101	162	0.726037
101	163	0.77185
101	165	0.92363
101	171	0.936879
101	172	0.927573
101	174	1.12213
101	175	0.83426
101	179	0.937607
102	10	0.509918
102	33	1.24761
102	67	1.222
102	82	1.21434
102	87	1.17273
102	91	1.16543
102	100	1.15565
102	101	1.2362
102	108	1.16683
102	111	1.14216
102	117	1.21738
102	118	1.14697
102	120	1.15366
102	126	1.16414
102	128	1.1962
102	130	1.17513
102	140	0.792325
102	148	0.723636
102	150	0.875353
102	153	0.798742
102	164	0.742355
102	166	0.950173
102	169	0.675902
102	171	0.952951
102	174	1.0815
102	176	1.03624
102	180	1.02633
103	4	1.17739
103	15	1.11208
103	40	1.1328
103	57	1.11146
103	79	1.19081
103	93	1.15666
103	94	1.15739
103	95	1.05931
103	97	0.73451
103	99	1.11909
103	105	1.05265
103	107	0.707442
103	110	1.06606
103	119	0.798178
103	124	1.09426
103	132	1.13883
103	133	1.08214
103	135	1.08232
103	144	0.865217
103	145	1.10574
103	152	1.12934
103	159	0.816372
103	165	1.04255
103	169	0.778754
103	175	0.953183
103	176	1.13909
103	179	0.973918
104	24	1.08465
104	25	1.06247
104	29	0.925115
104	31	1.06603
104	39	1.09821
104	42	1.02001
104	62	0.9999
104	72	1.01492
104	73	1.00144
104	76	1.05711
104	82	1.02376
104	93	1.04371
104	136	1.05431
104	140	0.962836
104	141	1.0044
104	144	0.99921
104	146	0.955078
104	151	0.921492
104	152	1.01737
104	154	1.09874
104	167	0.892425
104	171	0.883542
104	173	0.918735
104	176	0.84739
104	180	0.850359
105	52	0.961705
105	57	1.10721
105	63	1.2209
105	79	1.18656
105	93	1.15242
105	94	1.15314
105	99	1.11485
105	103	1.05265
105	110	1.06182
105	113	0.807338
105	124	1.09002
105	129	0.902856
105	132	1.13459
105	133	1.0779
105	135	1.07808
105	139	1.14419
105	140	0.903834
105	141	1.10941
105	145	1.1015
105	147	0.81168
105	149	0.774563
105	152	1.1251
105	165	1.05121
105	168	0.888181
105	170	0.829538
105	171	1.06446
105	179	0.969674
106	18	1.13941
106	53	1.07272
106	54	0.605156
106	64	1.10636
106	78	1.13869
106	80	1.0975
106	88	1.15974
106	112	1.21384
106	113	0.705633
106	115	1.18268
106	122	1.18659
106	123	1.19809
106	129	0.80115
106	134	1.21391
106	136	1.15535
106	138	1.1887
106	142	1.07086
106	152	1.18386
106	154	1.26251
106	160	0.765431
106	161	0.803001
106	162	0.751913
106	166	0.959977
106	172	0.953449
106	176	1.04604
106	178	1.03545
106	179	0.963483
106	180	1.03614
107	2	0.584024
107	6	1.29506
107	36	0.716752
107	39	0.663814
107	55	1.19551
107	58	1.26086
107	62	1.26302
107	65	0.659686
107	72	0.601263
107	84	1.30295
107	86	0.636298
107	90	0.634003
107	92	1.37572
107	94	0.619489
107	103	0.707442
107	119	1.30163
107	120	0.686175
107	126	0.656987
107	137	1.25527
107	139	0.632926
107	149	1.35528
107	166	1.16937
107	168	1.27633
107	173	1.21018
107	175	1.22018
107	177	1.27026
107	180	1.14181
108	3	1.21199
108	44	0.695882
108	54	0.653588
108	67	1.19325
108	82	1.18559
108	86	1.14147
108	87	1.14398
108	98	1.16418
108	100	1.12691
108	101	1.20746
108	102	1.16683
108	111	1.11342
108	116	0.865266
108	117	1.18863
108	118	1.11822
108	120	1.12491
108	126	1.13539
108	129	0.849583
108	130	1.14638
108	131	1.14053
108	147	0.758407
108	150	0.93359
108	161	0.851433
108	168	0.834908
108	173	0.929092
108	174	1.05276
108	175	0.908568
108	179	1.01192
109	25	0.66373
109	53	0.853915
109	73	0.739388
109	83	0.690263
109	84	0.6454
109	96	0.847828
109	111	0.748549
109	112	0.69663
109	127	1.22622
109	134	0.645738
109	135	0.753038
109	143	1.18557
109	147	1.26406
109	151	1.12127
109	154	0.625135
109	156	1.1488
109	160	1.21069
109	164	1.20128
109	165	1.08359
109	166	1.0777
109	167	1.0922
109	168	1.18466
109	169	1.24746
109	173	1.11851
109	175	1.12851
109	177	1.17859
109	179	1.06444
109	180	1.05014
110	28	1.19263
110	63	1.23432
110	68	1.38936
110	79	1.19998
110	89	1.11169
110	93	1.16583
110	94	1.16656
110	99	1.12826
110	103	1.06606
110	105	1.06182
110	124	1.10343
110	129	0.790723
110	132	1.148
110	133	1.09131
110	135	1.09149
110	139	1.1576
110	141	1.12282
110	145	1.11491
110	152	1.13851
110	156	0.847001
110	160	0.755003
110	162	0.741485
110	163	0.787298
110	164	0.741731
110	167	0.945122
110	170	0.717405
110	172	0.943021
110	176	1.03561
110	179	0.983089
111	3	1.18733
111	33	1.1942
111	67	1.16859
111	82	1.16093
111	86	1.11681
111	87	1.11932
111	91	1.11202
111	95	1.02484
111	98	1.13952
111	100	1.10224
111	102	1.14216
111	108	1.11342
111	109	0.748549
111	118	1.09356
111	120	1.10025
111	126	1.11073
111	127	0.81428
111	128	1.14279
111	129	0.859734
111	130	1.12172
111	131	1.11586
111	142	0.934454
111	149	0.731441
111	163	0.856309
111	168	0.845058
111	169	0.744289
111	171	1.02134
111	172	1.01203
111	174	1.02809
112	41	1.22312
112	53	1.12063
112	71	1.20452
112	78	1.1866
112	80	1.14541
112	88	1.20765
112	92	0.666533
112	97	0.648127
112	106	1.21384
112	109	0.69663
112	113	0.712297
112	114	1.22314
112	115	1.2306
112	121	0.819087
112	123	1.24601
112	134	1.26183
112	136	1.20327
112	138	1.23662
112	140	1.17452
112	142	1.11878
112	143	0.785237
112	149	0.679522
112	152	1.23178
112	153	0.815211
112	173	0.887323
112	175	0.8668
112	176	1.05271
112	178	1.08336
112	179	0.970147
113	10	1.40354
113	20	0.781248
113	33	0.636087
113	34	0.756299
113	51	0.711903
113	56	0.704423
113	105	0.807338
113	106	0.705633
113	112	0.712297
113	125	1.18734
113	128	0.713125
113	132	0.709269
113	143	1.19729
113	145	0.728424
113	147	1.27578
113	151	1.13298
113	154	0.640803
113	159	1.23426
113	161	1.19783
113	162	1.23443
113	163	1.18751
113	165	1.0953
113	166	1.08941
113	171	1.09503
113	173	1.13022
113	175	1.14022
113	176	1.05888
113	177	1.19031
113	178	1.08317
113	180	1.06185
114	10	0.568077
114	18	1.14871
114	36	1.19129
114	64	1.11566
114	71	1.16591
114	78	1.14799
114	80	1.1068
114	112	1.22314
114	115	1.19198
114	122	1.19589
114	123	1.20739
114	134	1.22321
114	136	1.16465
114	138	1.198
114	140	1.13591
114	142	1.08016
114	143	0.826928
114	152	1.19316
114	153	0.856901
114	154	1.27181
114	155	0.81245
114	159	0.771679
114	162	0.800268
114	167	1.0039
114	169	0.734061
114	170	0.776188
114	172	1.0018
114	173	0.929014
114	178	1.04475
114	179	1.01184
115	36	1.19875
115	41	1.19196
115	53	1.08947
115	64	1.12311
115	71	1.17336
115	80	1.11425
115	106	1.18268
115	112	1.2306
115	114	1.19198
115	122	1.20334
115	123	1.21485
115	127	0.761623
115	134	1.23067
115	136	1.17211
115	137	0.770245
115	138	1.20546
115	140	1.14336
115	142	1.08762
115	147	0.715901
115	150	0.891084
115	152	1.20062
115	157	0.725046
115	163	0.803653
115	165	0.955433
115	166	0.965904
115	171	0.968681
115	175	0.866062
115	177	0.795936
115	178	1.0522
115	179	0.96941
116	38	1.16845
116	41	0.881655
116	55	0.935328
116	63	0.814774
116	68	0.851408
116	82	0.791803
116	95	0.977834
116	97	1.15537
116	98	0.856564
116	108	0.865266
116	120	0.888614
116	124	0.882118
116	129	1.07237
116	132	0.820469
116	133	0.875097
116	143	1.08203
116	146	1.05131
116	150	1.00748
116	151	1.01773
116	155	1.13286
116	157	1.15212
116	158	1.09241
116	161	1.08258
116	164	1.09774
116	165	0.98005
116	167	0.98866
116	168	1.08112
116	173	1.01497
116	177	1.07505
116	180	0.946594
117	2	1.24526
117	33	1.26941
117	54	0.602953
117	59	0.803773
117	67	1.2438
117	82	1.23614
117	86	1.19202
117	91	1.18723
117	92	0.657667
117	97	0.63926
117	98	1.21473
117	100	1.17745
117	101	1.258
117	102	1.21738
117	108	1.18863
117	118	1.16877
117	120	1.17546
117	126	1.18594
117	128	1.218
117	130	1.19693
117	131	1.19107
117	142	0.873669
117	144	0.769967
117	155	0.761893
117	156	0.855226
117	162	0.749711
117	167	0.953348
117	168	0.784273
117	174	1.1033
117	177	0.787808
117	178	0.953316
118	3	1.19213
118	10	0.625211
118	13	1.28735
118	67	1.17339
118	82	1.16574
118	86	1.12161
118	88	1.12596
118	91	1.11683
118	98	1.14432
118	100	1.10705
118	101	1.1876
118	102	1.14697
118	108	1.11822
118	111	1.09356
118	117	1.16877
118	120	1.10506
118	126	1.11553
118	128	1.14759
118	130	1.12652
118	137	0.869807
118	146	0.944317
118	149	0.778347
118	156	0.962917
118	157	0.824608
118	159	0.828813
118	162	0.857402
118	164	0.857647
118	169	0.791195
118	173	0.986148
118	174	1.0329
118	179	1.06897
119	12	0.682741
119	37	0.74719
119	57	0.799538
119	91	0.772428
119	100	0.777777
119	101	0.679254
119	103	0.798178
119	107	1.30163
119	126	0.747723
119	127	1.19823
119	128	0.712622
119	130	0.745327
119	138	0.690152
119	154	0.6403
119	155	1.20842
119	156	1.12081
119	157	1.22768
119	158	1.16796
119	159	1.19456
119	161	1.15814
119	163	1.14781
119	164	1.1733
119	166	1.04971
119	167	1.06422
119	170	1.21166
119	171	1.05533
119	173	1.09053
119	175	1.10053
119	177	1.15061
119	179	1.03646
119	180	1.02215
120	13	1.29404
120	82	1.17243
120	86	1.1283
120	87	1.13081
120	88	1.13264
120	91	1.12352
120	97	0.713243
120	98	1.15101
120	100	1.11374
120	101	1.19429
120	102	1.15366
120	107	0.686175
120	108	1.12491
120	111	1.10025
120	116	0.888614
120	117	1.17546
120	118	1.10506
120	126	1.12222
120	128	1.15428
120	130	1.13321
120	131	1.12736
120	144	0.843949
120	146	0.910609
120	148	0.80522
120	160	0.837211
120	164	0.823939
120	169	0.757487
120	172	1.02523
120	174	1.03959
120	177	0.86179
120	179	1.03526
121	27	0.784651
121	35	0.826743
121	47	1.02852
121	48	0.878363
121	64	0.954351
121	69	0.844975
121	70	0.852577
121	75	0.800611
121	95	1.00961
121	112	0.819087
121	123	0.820406
121	124	0.877707
121	125	1.10386
121	144	1.12722
121	145	0.835213
121	146	1.08309
121	151	1.0495
121	153	1.09987
121	156	1.07703
121	157	1.18389
121	158	1.12418
121	159	1.15077
121	160	1.13892
121	163	1.10403
121	166	1.00593
121	167	1.02043
121	171	1.01155
121	173	1.04674
121	176	0.975397
121	177	1.10682
121	178	0.999686
121	180	0.978366
122	18	1.16007
122	36	1.20265
122	41	1.19587
122	71	1.17727
122	78	1.15935
122	80	1.11815
122	88	1.18039
122	92	0.666701
122	106	1.18659
122	114	1.19589
122	115	1.20334
122	123	1.21875
122	134	1.23457
122	136	1.17601
122	138	1.20936
122	140	1.14726
122	142	1.09152
122	144	0.779002
122	149	0.67969
122	152	1.20452
122	154	1.28317
122	156	0.864261
122	157	0.725952
122	158	0.768597
122	160	0.772263
122	166	0.96681
122	167	0.962382
122	170	0.734665
122	172	0.960281
122	175	0.866968
122	178	1.05611
122	180	1.04297
123	18	1.17157
123	36	1.21415
123	53	1.10488
123	64	1.13852
123	71	1.18877
123	78	1.17085
123	80	1.12966
123	106	1.19809
123	112	1.24601
123	114	1.20739
123	115	1.21485
123	121	0.820406
123	122	1.21875
123	127	0.76368
123	134	1.24608
123	136	1.18752
123	138	1.22087
123	140	1.15877
123	141	0.78225
123	142	1.10303
123	149	0.680841
123	152	1.21602
123	153	0.816529
123	155	0.772078
123	156	0.865411
123	158	0.769748
123	159	0.731307
123	166	0.96796
123	173	0.888642
123	174	0.890187
123	178	1.06761
123	180	1.04412
124	4	1.21476
124	15	1.14945
124	40	1.17016
124	57	1.14882
124	63	1.26251
124	79	1.22817
124	93	1.19403
124	94	1.19475
124	99	1.15646
124	103	1.09426
124	105	1.09002
124	110	1.10343
124	116	0.882118
124	121	0.877707
124	132	1.1762
124	133	1.11951
124	135	1.11969
124	137	0.829603
124	139	1.1858
124	141	1.15102
124	144	0.837454
124	145	1.14311
124	147	0.775259
124	149	0.738143
124	152	1.16671
124	157	0.784404
124	160	0.830715
124	164	0.817444
124	170	0.793117
124	171	1.02804
124	174	0.947488
124	177	0.855294
124	179	1.01129
125	6	0.764477
125	13	0.662589
125	43	0.815371
125	48	0.856535
125	62	0.741705
125	71	0.849331
125	74	0.809808
125	81	0.914532
125	99	0.824849
125	113	1.18734
125	121	1.10386
125	126	0.833188
125	136	0.796111
125	137	1.10129
125	142	1.04456
125	146	1.09254
125	149	1.2013
125	151	1.05895
125	153	1.10932
125	154	0.725764
125	157	1.19335
125	160	1.14838
125	161	1.12381
125	162	1.16041
125	164	1.13897
125	165	1.02128
125	168	1.12234
125	171	1.021
125	173	1.0562
125	174	1.04037
125	175	1.0662
125	177	1.11628
125	180	0.987821
126	13	1.30452
126	33	1.21617
126	66	0.959504
126	82	1.1829
126	86	1.13878
126	87	1.14129
126	88	1.14312
126	91	1.134
126	98	1.16149
126	100	1.12422
126	101	1.20477
126	102	1.16414
126	107	0.656987
126	108	1.13539
126	111	1.11073
126	117	1.18594
126	118	1.11553
126	119	0.747723
126	120	1.12222
126	125	0.833188
126	128	1.16476
126	129	0.843743
126	130	1.14369
126	131	1.13784
126	141	0.81686
126	150	0.927751
126	157	0.761712
126	163	0.840319
126	169	0.728299
126	170	0.770426
126	171	1.00535
126	174	1.05007
126	175	0.902729
127	9	0.740106
127	25	0.729461
127	29	0.821931
127	32	0.903319
127	50	0.730103
127	59	1.12575
127	61	0.68235
127	65	0.800988
127	69	0.788249
127	99	0.789951
127	109	1.22622
127	111	0.81428
127	115	0.761623
127	119	1.19823
127	123	0.76368
127	129	1.16419
127	139	0.774228
127	147	1.25234
127	151	1.10955
127	153	1.15992
127	161	1.1744
127	162	1.211
127	164	1.18956
127	166	1.06598
127	167	1.08048
127	168	1.17294
127	171	1.0716
127	173	1.10679
127	175	1.11679
127	176	1.03544
127	177	1.16687
127	178	1.05973
127	179	1.05272
127	180	1.03841
128	2	1.22409
128	3	1.24136
128	13	1.33658
128	44	0.654942
128	67	1.22262
128	82	1.21496
128	86	1.17084
128	87	1.17335
128	91	1.16606
128	98	1.19355
128	100	1.15627
128	101	1.23682
128	102	1.1962
128	111	1.14279
128	113	0.713125
128	117	1.218
128	118	1.14759
128	119	0.712622
128	120	1.15428
128	126	1.16476
128	130	1.17575
128	131	1.1699
128	137	0.77181
128	142	0.883363
128	144	0.779661
128	151	0.898088
128	155	0.771587
128	164	0.759651
128	167	0.963042
128	170	0.735325
128	173	0.888151
128	174	1.08212
128	177	0.797502
128	179	0.970975
129	16	0.857271
129	23	0.962011
129	69	0.833703
129	78	0.900122
129	82	0.77612
129	87	0.822985
129	95	1.01934
129	97	1.19688
129	105	0.902856
129	106	0.80115
129	108	0.849583
129	110	0.790723
129	111	0.859734
129	116	1.07237
129	126	0.843743
129	127	1.16419
129	146	1.09282
129	147	1.20203
129	153	1.10961
129	159	1.16051
129	160	1.14866
129	162	1.16069
129	163	1.11377
129	165	1.02156
129	166	1.01567
129	167	1.03017
129	171	1.02129
129	172	1.02353
129	173	1.05648
129	175	1.06648
129	176	0.985135
129	177	1.11656
129	178	1.00942
129	180	0.988104
130	13	1.31551
130	33	1.22716
130	38	0.653012
130	67	1.20155
130	82	1.19389
130	86	1.14977
130	87	1.15228
130	88	1.15411
130	91	1.14499
130	97	0.681659
130	98	1.17248
130	100	1.1352
130	101	1.21575
130	102	1.17513
130	108	1.14638
130	111	1.12172
130	117	1.19693
130	118	1.12652
130	119	0.745327
130	120	1.13321
130	126	1.14369
130	128	1.17575
130	131	1.14883
