1	37	1.03733
1	98	0.898176
1	100	0.952251
1	143	0.938884
1	146	0.946134
1	147	0.945926
1	148	1.39608
1	150	0.922925
1	151	0.936675
1	155	0.918628
1	158	0.940043
1	175	1.46658
2	39	1.03703
2	75	1.08799
2	90	1.02771
2	102	0.937543
2	107	1.06632
2	108	1.01234
2	125	1.08733
2	149	1.08205
2	159	1.06194
2	163	1.07596
2	166	0.939824
2	171	1.01034
3	67	0.882228
3	76	1.72875
3	98	1.65231
3	157	0.854632
3	161	0.876437
3	167	0.824377
3	169	0.785815
3	172	0.806088
3	173	0.828469
3	175	0.832895
3	176	0.887405
3	180	0.819472
4	43	1.00407
4	62	1.04648
4	86	1.04862
4	89	1.03682
4	93	1.07719
4	101	1.03323
4	118	1.07616
4	135	1.06796
4	142	0.926645
4	145	0.927274
4	163	1.07678
4	175	1.10404
5	25	0.969799
5	77	1.08325
5	90	1.03847
5	96	1.09194
5	97	1.01266
5	124	0.79797
5	125	1.09809
5	145	0.863981
5	149	1.04824
5	163	1.08672
5	169	1.31228
5	171	1.0211
6	7	0.994768
6	35	0.958767
6	43	0.882264
6	59	0.925164
6	62	0.924671
6	68	0.89912
6	89	0.915008
6	118	0.954352
6	135	1.41085
6	152	1.21584
6	156	1.29088
6	163	0.954968
7	6	0.994768
7	23	1.06502
7	43	1.01457
7	59	1.05747
7	79	1.08273
7	86	1.05912
7	101	1.04373
7	112	1.06888
7	152	0.784542
7	163	1.08728
7	168	1.17352
7	171	0.993899
8	21	0.834497
8	36	0.904735
8	44	0.974724
8	45	0.986286
8	48	0.87598
8	53	1.07505
8	61	0.92665
8	64	0.92668
8	106	0.900957
8	157	1.28361
8	161	1.19158
8	172	1.44747
9	77	1.06537
9	96	1.07406
9	102	0.896758
9	108	1.00523
9	111	1.04699
9	125	1.08022
9	159	1.05483
9	163	1.06885
9	164	0.874833
9	167	1.06165
9	168	1.19166
9	171	1.00323
10	14	1.06299
10	22	0.708496
10	57	1.08741
10	93	1.09127
10	101	1.04731
10	151	0.680343
10	155	0.740131
10	163	1.09085
10	164	1.07237
10	168	0.985615
10	177	1.00847
10	180	1.01426
11	14	0.86503
11	33	1.02644
11	40	0.910299
11	50	0.935531
11	65	0.898846
11	71	0.977936
11	76	0.875717
11	85	0.929351
11	88	0.983199
11	103	1.15568
11	144	1.25718
11	148	1.5056
12	56	0.956796
12	72	0.910066
12	82	0.942325
12	83	0.942848
12	99	0.945714
12	128	0.888486
12	140	1.2363
12	141	0.92254
12	152	1.29106
12	165	0.958689
12	166	1.38741
12	179	0.937065
13	17	1.11018
13	21	0.843612
13	42	1.05126
13	48	0.885095
13	61	0.935765
13	64	0.935795
13	65	0.915099
13	76	0.89197
13	85	0.945604
13	88	0.999452
13	124	1.19421
13	168	1.59487
14	10	1.06299
14	11	0.86503
14	40	0.920472
14	47	0.99648
14	65	0.909019
14	71	0.98811
14	76	0.885891
14	85	0.939525
14	88	0.993373
14	106	0.903993
14	161	1.35818
14	166	1.38864
15	57	0.946465
15	59	0.920104
15	78	1.23766
15	79	0.945362
15	86	0.921754
15	89	0.909948
15	93	0.950319
15	101	0.906366
15	118	0.949292
15	163	0.949908
15	171	1.32844
15	180	1.34695
16	38	1.04174
16	77	1.07916
16	81	0.995544
16	97	1.00858
16	108	1.01902
16	111	1.06078
16	118	1.08202
16	125	1.09401
16	132	1.04953
16	144	0.90267
16	156	1.06555
16	171	1.01702
17	13	1.11018
17	53	0.800902
17	75	0.789187
17	117	0.899577
17	145	1.07055
17	164	1.05617
17	168	0.969419
17	173	1.00706
17	174	0.994165
17	175	1.01149
17	177	0.992278
17	178	0.996401
17	180	0.998063
18	84	0.874563
18	88	0.828281
18	109	0.89673
18	150	0.888141
18	162	1.06467
18	166	1.04931
18	167	1.01059
18	168	0.977042
18	169	0.972028
18	173	1.01468
18	174	1.00179
18	177	0.999901
18	180	1.00569
19	119	0.988183
19	120	0.987444
19	130	1.03342
19	146	1.02292
19	151	1.01346
19	153	1.00378
19	155	0.995417
19	158	1.01683
19	162	0.910061
19	165	1.03933
19	167	1.13464
19	171	1.08503
19	172	1.19746
20	60	1.00753
20	69	0.982512
20	72	0.993642
20	83	1.02642
20	91	0.994056
20	99	1.02929
20	124	0.85372
20	132	0.924433
20	141	1.00612
20	165	1.04227
20	169	1.36803
20	177	1.17023
20	179	1.02064
21	8	0.834497
21	13	0.843612
21	27	0.906145
21	36	0.870101
21	42	1.00751
21	45	0.951651
21	53	1.04041
21	61	0.892015
21	64	0.892045
21	106	0.866322
21	166	1.29184
21	170	1.43954
21	178	1.4833
22	10	0.708496
22	55	1.02941
22	60	0.997401
22	82	1.01578
22	83	1.0163
22	87	1.20307
22	91	0.98393
22	99	1.01916
22	131	1.26882
22	141	0.99599
22	165	1.03214
22	176	1.02989
22	179	1.01052
23	7	1.06502
23	68	0.969373
23	79	1.02068
23	86	0.997068
23	89	0.985261
23	93	1.02563
23	101	0.981679
23	118	1.02461
23	135	1.10751
23	137	1.06207
23	149	1.15109
23	163	1.02522
23	176	1.00459
24	87	1.07864
24	109	1.00539
24	112	1.09771
24	113	1.2267
24	120	0.983929
24	122	1.01072
24	123	1.04911
24	138	1.02092
24	147	1.0192
24	151	1.00995
24	154	0.912678
24	155	0.991902
24	158	1.01332
25	5	0.969799
25	52	0.845172
25	75	0.942578
25	96	0.935766
25	105	0.845226
25	111	0.908698
25	115	1.35565
25	125	0.941921
25	144	1.38465
25	152	1.47249
25	159	0.916536
25	163	0.930552
25	171	0.864929
26	70	0.947173
26	93	1.13876
26	127	0.922288
26	139	0.93988
26	147	1.23248
26	154	0.946141
26	159	1.21396
26	160	0.893805
26	166	0.930163
26	168	0.857892
26	173	0.895532
26	178	0.884874
26	180	0.886535
27	21	0.906145
27	36	0.976383
27	42	1.11379
27	44	1.04637
27	48	0.947627
27	53	1.1467
27	61	0.998298
27	64	0.998328
27	106	0.972605
27	128	1.07806
27	156	0.946631
27	160	1.12387
27	174	1.17392
28	110	1.00999
28	122	1.01193
28	127	1.1016
28	129	1.02993
28	138	1.02212
28	146	1.02061
28	148	1.0434
28	150	0.997401
28	153	1.00147
28	155	0.993104
28	158	1.01452
28	172	1.2046
28	176	0.974896
29	34	0.967868
29	75	1.02278
29	90	0.962502
29	97	0.936695
29	102	1.18505
29	108	0.947137
29	111	0.988902
29	125	1.02213
29	141	1.15201
29	159	0.996739
29	162	1.12536
29	163	1.01076
29	164	1.16312
29	171	0.945133
30	32	1.0228
30	73	1.00515
30	87	1.3102
30	123	1.01015
30	129	0.989766
30	138	0.981957
30	143	0.9732
30	146	0.980451
30	151	0.970991
30	153	0.961308
30	155	0.952944
30	158	0.97436
30	166	1.14128
30	176	1.13702
31	32	1.05473
31	77	0.99647
31	90	0.951694
31	96	1.00516
31	108	0.936329
31	111	0.978093
31	118	0.999331
31	125	1.01132
31	159	0.985931
31	162	1.11125
31	163	0.999947
31	164	1.14901
31	171	0.934324
31	180	1.30473
32	30	1.0228
32	31	1.05473
32	117	0.973161
32	134	0.985094
32	144	1.04006
32	153	0.941429
32	154	1.00984
32	160	0.957499
32	164	1.00834
32	170	0.948984
32	177	0.944445
32	178	0.948568
32	179	1.00751
32	180	0.950229
33	11	1.02644
33	40	1.08189
33	50	1.10712
33	65	1.07043
33	71	1.14952
33	76	1.0473
33	85	1.10094
33	88	1.15479
33	106	1.06541
33	124	0.764533
33	139	0.870617
33	157	0.934146
33	174	1.07855
33	177	1.08104
34	29	0.967868
34	75	1.01662
34	78	1.14936
34	90	0.956336
34	94	1.1551
34	95	1.14349
34	105	0.919264
34	108	0.940971
34	111	0.982736
34	118	1.00397
34	125	1.01596
34	133	1.1627
34	159	0.990573
34	163	1.00459
35	6	0.958767
35	59	1.02147
35	68	0.995427
35	97	0.977216
35	101	1.00773
35	107	1.0876
35	125	1.06265
35	145	0.919076
35	159	1.03726
35	163	1.05128
35	171	0.985653
35	174	1.16708
35	178	1.15257
36	8	0.904735
36	21	0.870101
36	27	0.976383
36	42	1.07775
36	44	1.01033
36	45	1.02189
36	48	0.911583
36	53	1.11065
36	61	0.962254
36	64	0.962284
36	134	1.11025
36	135	1.14627
36	156	1.0263
36	168	1.34024
37	1	1.03733
37	41	0.598978
37	88	0.721616
37	109	0.790065
37	112	1.09342
37	130	0.649486
37	144	1.16547
37	156	1.13123
37	169	1.04198
37	170	1.07439
37	172	1.06225
37	173	1.08464
37	177	1.06985
37	180	1.07564
38	16	1.04174
38	39	0.967651
38	90	0.958324
38	97	0.932517
38	108	0.942959
38	111	0.984723
38	118	1.00596
38	125	1.01795
38	148	1.14594
38	152	0.985349
38	163	1.00658
38	171	0.940954
38	175	1.21644
38	178	1.27317
39	2	1.03703
39	38	0.967651
39	49	0.900739
39	90	0.960297
39	97	0.934491
39	108	0.944932
39	111	0.986697
39	125	1.01992
39	139	1.14332
39	159	0.994535
39	160	1.3012
39	163	1.00855
39	171	0.942928
39	180	1.27679
40	11	0.910299
40	14	0.920472
40	33	1.08189
40	47	1.04175
40	50	0.990973
40	65	0.954288
40	76	0.931159
40	85	0.984794
40	88	1.03864
40	106	0.949262
40	133	1.1498
40	164	1.09003
40	173	1.27179
40	176	1.10997
41	37	0.598978
41	95	0.909835
41	107	1.01998
41	122	1.09445
41	128	1.0036
41	136	1.07518
41	143	1.09589
41	147	1.10293
41	150	1.07993
41	151	1.09368
41	153	1.084
41	155	1.07563
41	158	1.09705
41	178	1.08495
42	13	1.05126
42	21	1.00751
42	27	1.11379
42	36	1.07775
42	44	1.14774
42	45	1.1593
42	48	1.04899
42	61	1.09966
42	64	1.09969
42	105	1.08025
42	164	0.866966
42	166	0.891171
42	171	1.00418
42	176	0.886904
43	4	1.00407
43	6	0.882264
43	7	1.01457
43	62	0.944475
43	68	0.918924
43	79	0.970227
43	86	0.946618
43	89	0.934812
43	93	0.975184
43	101	0.93123
43	121	1.31664
43	162	1.10978
43	163	0.974773
43	166	1.17174
43	170	1.31945
44	8	0.974724
44	27	1.04637
44	36	1.01033
44	42	1.14774
44	45	1.09188
44	48	0.981572
44	53	1.18064
44	61	1.03224
44	64	1.03227
44	106	1.00655
44	132	0.913347
44	135	1.04933
44	140	0.79957
44	160	1.1066
44	177	1.15915
45	8	0.986286
45	21	0.951651
45	36	1.02189
45	42	1.1593
45	44	1.09188
45	48	0.993134
45	53	1.1922
45	61	1.0438
45	64	1.04383
45	67	0.91342
45	106	1.01811
45	124	0.775292
45	127	1.00577
45	169	1.28961
45	173	1.04088
46	104	1.09833
46	127	1.09125
46	133	1.00438
46	134	1.03145
46	136	1.02803
46	142	0.926156
46	143	1.04874
46	146	1.05599
46	150	1.03278
46	151	1.04653
46	153	1.03684
46	154	0.971764
46	155	1.02848
46	158	1.0499
46	165	1.07239
47	14	0.99648
47	40	1.04175
47	50	1.06698
47	65	1.0303
47	71	1.10939
47	76	1.00717
47	84	1.0552
47	85	1.0608
47	88	1.11465
47	102	0.986778
47	106	1.02527
47	148	1.0533
47	157	1.05063
47	161	0.958601
47	176	0.984792
48	8	0.87598
48	13	0.885095
48	27	0.947627
48	36	0.911583
48	42	1.04899
48	44	0.981572
48	45	0.993134
48	53	1.0819
48	61	0.933498
48	64	0.933528
48	106	0.907805
48	128	1.32699
48	144	1.03268
48	160	1.37279
48	161	1.18641
49	39	0.900739
49	68	1.02667
49	79	1.07797
49	89	1.04256
49	93	1.08293
49	99	0.803189
49	140	1.10864
49	147	0.734977
49	153	0.815377
49	155	0.82125
49	163	1.08252
49	164	1.06403
49	177	1.00014
49	178	1.00426
49	180	1.00592
50	11	0.935531
50	33	1.10712
50	40	0.990973
50	47	1.06698
50	54	1.03465
50	65	0.97952
50	71	1.05861
50	76	0.956391
50	84	1.00442
50	85	1.01003
50	88	1.06387
50	135	1.06135
50	149	1.10493
50	157	1.02427
50	172	1.18813
50	176	0.958431
51	121	1.00935
51	126	0.927244
51	131	1.00258
51	138	0.877639
51	147	0.832523
51	151	0.859008
51	160	1.02144
51	165	0.777876
51	166	1.0578
51	167	1.01907
51	170	1.01292
51	172	1.00078
51	173	1.02316
51	174	1.01027
51	175	1.02759
51	180	1.01417
52	25	0.845172
52	72	0.915785
52	75	0.974124
52	82	0.948044
52	83	0.948568
52	96	0.967312
52	99	0.951433
52	108	0.898479
52	116	1.1955
52	137	1.37598
52	139	1.32081
52	154	1.32572
52	159	0.948082
52	165	0.964408
52	171	0.896475
52	179	0.942784
53	8	1.07505
53	17	0.800902
53	21	1.04041
53	27	1.1467
53	36	1.11065
53	44	1.18064
53	45	1.1922
53	48	1.0819
53	61	1.13257
53	64	1.1326
53	106	1.10687
53	116	0.865705
53	124	0.884932
53	144	0.808782
53	176	0.988704
53	179	0.972905
54	50	1.03465
54	71	1.07705
54	76	0.974835
54	85	1.02847
54	88	1.08232
54	90	0.983882
54	125	0.75036
54	127	1.00944
54	129	0.839829
54	153	0.898428
54	163	0.794698
54	164	1.0318
54	172	0.960305
54	175	0.987111
54	176	1.04162
54	180	0.973689
55	22	1.02941
55	58	1.04368
55	69	0.989613
55	72	1.00074
55	82	1.033
55	91	1.00116
55	99	1.03639
55	128	0.979163
55	133	1.027
55	135	1.09009
55	141	1.01322
55	142	0.948775
55	165	1.04937
55	170	1.13914
55	179	1.02774
55	180	1.12295
56	12	0.956796
56	91	1.002
56	99	1.03723
56	126	0.999322
56	129	1.04312
56	137	1.02004
56	144	0.782637
56	147	1.03359
56	153	1.01466
56	155	1.00629
56	158	1.02771
56	165	1.05021
56	166	0.966826
56	169	1.3731
56	177	1.1753
56	179	1.02858
57	10	1.08741
57	15	0.946465
57	59	1.01423
57	62	1.01374
57	68	0.988185
57	74	1.25618
57	79	1.03949
57	86	1.01588
57	89	1.00407
57	93	1.04445
57	101	1.00049
57	112	1.20034
57	145	0.970326
57	152	0.916002
57	163	1.04403
57	164	0.988149
58	55	1.04368
58	60	1.01167
58	72	0.997786
58	80	1.20098
58	82	1.03004
58	83	1.03057
58	91	0.998199
58	99	1.03343
58	115	0.878232
58	128	0.976206
58	141	1.01026
58	156	1.07011
58	157	1.153
58	162	1.02946
58	165	1.04641
58	179	1.02478
59	6	0.925164
59	7	1.05747
59	15	0.920104
59	35	1.02147
59	57	1.01423
59	68	0.961824
59	86	0.989519
59	89	0.977713
59	93	1.01808
59	101	0.97413
59	118	1.01706
59	132	1.06283
59	135	1.19881
59	144	0.915966
59	163	1.01767
59	171	1.21316
59	175	1.2349
60	20	1.00753
60	22	0.997401
60	58	1.01167
60	72	0.968737
60	82	1.001
60	83	1.00152
60	91	0.96915
60	99	1.00439
60	128	0.947157
60	139	1.08076
60	140	0.931613
60	141	0.981211
60	157	1.14429
60	165	1.01736
60	167	1.24533
60	170	1.23042
60	179	0.995736
61	8	0.92665
61	13	0.935765
61	21	0.892015
61	27	0.998298
61	36	0.962254
61	42	1.09966
61	44	1.03224
61	45	1.0438
61	48	0.933498
61	53	1.13257
61	64	0.984198
61	106	0.958475
61	128	1.11138
61	142	0.958602
61	149	1.14349
61	174	1.20724
61	177	1.20973
62	4	1.04648
62	6	0.924671
62	43	0.944475
62	57	1.01374
62	68	0.961331
62	79	1.01263
62	86	0.989025
62	89	0.977219
62	93	1.01759
62	101	0.973637
62	114	1.2778
62	118	1.01656
62	142	0.973501
62	145	0.97413
62	163	1.01718
62	167	1.17877
62	177	1.22463
63	70	1.01191
63	104	1.03824
63	117	0.988796
63	121	1.25905
63	130	1.0064
63	133	1.14973
63	136	0.967933
63	138	0.997401
63	141	1.07884
63	147	0.995686
63	150	0.972685
63	151	0.986434
63	153	0.976751
63	155	0.968388
63	158	0.989803
63	165	1.0123
63	166	1.11416
64	8	0.92668
64	13	0.935795
64	21	0.892045
64	27	0.998328
64	36	0.962284
64	42	1.09969
64	44	1.03227
64	45	1.04383
64	48	0.933528
64	53	1.1326
64	61	0.984198
64	106	0.958505
64	128	1.13984
64	141	0.994403
64	164	1.00552
64	172	1.25515
64	174	1.2357
65	11	0.898846
65	13	0.915099
65	14	0.909019
65	33	1.07043
65	40	0.954288
65	47	1.0303
65	50	0.97952
65	71	1.02193
65	76	0.919706
65	84	0.967739
65	85	0.973341
65	88	1.02719
65	106	0.937809
65	144	0.993688
65	162	1.11592
65	170	1.32558
65	173	1.33543
65	179	1.15781
66	78	1.16559
66	81	1.05206
66	100	0.986704
66	119	0.945848
66	120	0.945108
66	122	0.971903
66	123	1.01029
66	126	0.946109
66	143	0.973337
66	147	0.98038
66	150	0.957379
66	151	0.971128
66	152	1.04702
66	153	0.961445
66	158	0.974497
66	159	0.980666
66	167	1.30599
66	174	1.34935
67	3	0.882228
67	45	0.91342
67	107	0.993881
67	113	0.937939
67	129	1.0314
67	145	1.02953
67	153	1.09
67	157	0.9922
67	161	1.014
67	163	0.986272
67	164	1.01515
67	165	0.954955
67	167	0.961945
67	172	0.943656
67	173	0.966037
67	174	0.953142
67	178	0.955379
67	180	0.95704
68	6	0.89912
68	23	0.969373
68	35	0.995427
68	43	0.918924
68	49	1.02667
68	57	0.988185
68	59	0.961824
68	62	0.961331
68	89	0.951668
68	93	0.99204
68	101	0.948086
68	114	1.26704
68	118	0.991013
68	131	1.24007
68	149	1.14763
68	161	0.974945
68	163	0.991628
68	168	1.29803
69	20	0.982512
69	55	0.989613
69	91	0.944135
69	95	1.21122
69	99	0.97937
69	115	0.98167
69	117	0.968841
69	133	1.23043
69	136	0.947978
69	146	0.975939
69	147	0.975731
69	151	0.96648
69	153	0.956796
69	155	0.948433
69	164	1.17066
69	165	0.992345
69	179	0.970721
69	180	1.32638
70	26	0.947173
70	63	1.01191
70	97	1.11389
70	108	1.0658
70	148	0.969905
70	149	0.984145
70	155	0.963538
70	157	0.990083
70	165	0.822618
70	166	0.998552
70	170	0.953679
70	172	0.941539
70	173	0.96392
70	175	0.968346
70	176	1.02286
70	177	0.949139
70	178	0.953262
70	180	0.954923
71	11	0.977936
71	14	0.98811
71	33	1.14952
71	47	1.10939
71	50	1.05861
71	54	1.07705
71	65	1.02193
71	76	0.998796
71	84	1.04683
71	85	1.05243
71	88	1.10628
71	106	1.0169
71	140	0.814049
71	142	0.922496
71	149	1.10738
71	170	1.11286
71	173	1.1227
71	176	0.960886
72	12	0.910066
72	20	0.993642
72	52	0.915785
72	55	1.00074
72	58	0.997786
72	60	0.968737
72	82	0.987111
72	83	0.987635
72	91	0.955265
72	112	1.22457
72	113	1.35355
72	127	1.15901
72	128	0.933272
72	141	0.967326
72	154	1.03953
72	165	1.00347
72	171	1.14958
72	179	0.981851
73	30	1.00515
73	92	0.99369
73	94	0.971669
73	110	1.03337
73	119	1.00925
73	126	1.00951
73	129	1.0533
73	132	0.906375
73	136	1.01602
73	138	1.04549
73	143	1.03674
73	150	1.02078
73	153	1.02484
73	155	1.01648
73	158	1.0379
73	164	0.919496
73	166	0.943701
73	168	1.23632
73	169	1.34998
74	57	1.25618
74	113	0.858928
74	119	1.28188
74	131	0.866444
74	133	0.92069
74	145	0.950515
74	146	1.22211
74	149	0.90725
74	150	1.3198
74	156	0.933618
74	157	0.913188
74	160	0.885299
74	161	0.934993
74	172	0.864645
74	174	0.874131
74	176	0.945962
74	177	0.872245
74	180	0.878029
75	2	1.08799
75	17	0.789187
75	25	0.942578
75	29	1.02278
75	34	1.01662
75	52	0.974124
75	81	0.889941
75	96	1.06472
75	97	0.985444
75	108	0.995885
75	111	1.03765
75	125	1.07087
75	131	1.21593
75	156	0.959942
75	159	1.04549
75	163	1.0595
75	169	1.38753
75	171	0.993881
75	176	0.976988
76	3	1.72875
76	11	0.875717
76	13	0.89197
76	14	0.885891
76	33	1.0473
76	40	0.931159
76	47	1.00717
76	50	0.956391
76	54	0.974835
76	65	0.919706
76	71	0.998796
76	84	0.94461
76	85	0.950212
76	88	1.00406
76	105	1.19
76	106	0.91468
76	134	1.06356
76	156	0.979611
76	167	1.16354
77	5	1.08325
77	9	1.06537
77	16	1.07916
77	31	0.99647
77	78	0.981511
77	90	0.995746
77	96	1.04921
77	97	0.96994
77	102	0.95701
77	105	0.958674
77	108	0.980381
77	118	1.04338
77	125	1.05537
77	139	0.957336
77	160	1.11521
77	163	1.044
77	171	0.978377
77	177	1.16776
77	178	1.15076
78	15	1.23766
78	34	1.14936
78	66	1.16559
78	77	0.981511
78	105	0.919137
78	119	1.06028
78	121	0.923047
78	124	1.04149
78	132	1.00379
78	148	0.942849
78	161	0.984831
78	166	0.971495
78	167	0.932771
78	169	0.89421
78	170	0.926622
78	172	0.914482
78	176	0.9958
78	178	0.926205
78	180	0.927867
79	7	1.08273
79	15	0.945362
79	23	1.02068
79	43	0.970227
79	49	1.07797
79	57	1.03949
79	62	1.01263
79	80	1.13233
79	86	1.01478
79	89	1.00297
79	93	1.04334
79	101	0.999389
79	115	0.809589
79	118	1.04232
79	135	1.12144
79	162	0.960819
79	163	1.04293
79	175	1.15752
79	180	1.1543
80	58	1.20098
80	79	1.13233
80	110	1.11049
80	121	0.915395
80	149	0.949437
80	153	1.16946
80	159	1.07054
80	162	0.979201
80	164	0.978322
80	168	0.891572
80	169	0.886558
80	170	0.91897
80	172	0.906831
80	174	0.916317
80	175	0.933638
80	176	0.988148
80	177	0.914431
80	178	0.918554
80	179	0.977498
80	180	0.920215
81	16	0.995544
81	66	1.05206
81	75	0.889941
81	91	0.988408
81	129	0.91
81	130	0.852676
81	140	1.07138
81	142	1.04696
81	145	1.04115
81	148	0.983644
81	156	1.02425
81	157	1.00382
81	160	0.975932
81	164	1.02677
81	168	0.940019
81	170	0.967417
81	172	0.955278
81	176	1.0366
81	177	0.962878
81	180	0.968662
82	12	0.942325
82	22	1.01578
82	52	0.948044
82	55	1.033
82	58	1.03004
82	60	1.001
82	72	0.987111
82	83	1.01989
82	91	0.987524
82	99	1.02276
82	102	1.02301
82	128	0.965531
82	139	1.02333
82	141	0.999585
82	152	0.928938
82	165	1.03573
82	172	1.25072
82	173	1.18284
82	174	1.23127
82	179	1.01411
83	12	0.942848
83	20	1.02642
83	22	1.0163
83	52	0.948568
83	58	1.03057
83	60	1.00152
83	72	0.987635
83	82	1.01989
83	91	0.988048
83	99	1.02328
83	112	1.2071
83	113	1.33609
83	128	0.966055
83	137	1.07232
83	141	1.00011
83	145	0.977083
83	148	1.08335
83	162	0.957149
83	165	1.03626
83	179	1.01463
84	18	0.874563
84	47	1.0552
84	50	1.00442
84	65	0.967739
84	71	1.04683
84	76	0.94461
84	85	0.998245
84	88	1.05209
84	105	1.25148
84	136	0.978004
84	142	1.01975
84	146	1.00597
84	148	1.12664
84	150	0.982756
84	151	0.996505
84	153	0.986822
84	155	0.978459
84	158	0.999874
84	166	1.0624
84	180	1.19392
85	11	0.929351
85	13	0.945604
85	14	0.939525
85	33	1.10094
85	40	0.984794
85	47	1.0608
85	50	1.01003
85	54	1.02847
85	65	0.973341
85	71	1.05243
85	76	0.950212
85	84	0.998245
85	88	1.05769
85	106	0.968314
85	134	1.09445
85	142	0.989159
85	149	1.17404
85	171	1.14482
85	178	1.22328
85	179	1.01175
86	4	1.04862
86	7	1.05912
86	15	0.921754
86	23	0.997068
86	43	0.946618
86	57	1.01588
86	59	0.989519
86	62	0.989025
86	79	1.01478
86	89	0.979362
86	93	1.01973
86	101	0.97578
86	118	1.01871
86	140	0.889574
86	154	1.04363
86	157	1.10225
86	163	1.01932
86	173	1.19823
86	178	1.23214
86	180	1.17219
87	22	1.20307
87	24	1.07864
87	30	1.3102
87	93	1.05471
87	131	0.897815
87	134	0.944265
87	137	0.932461
87	142	0.987694
87	144	0.999232
87	148	0.924382
87	154	0.969006
87	158	1.14428
87	167	0.914304
87	170	0.908155
87	174	0.905502
87	175	0.922822
87	176	0.977333
87	177	0.903615
87	178	0.907738
87	180	0.9094
88	11	0.983199
88	13	0.999452
88	14	0.993373
88	18	0.828281
88	33	1.15479
88	37	0.721616
88	40	1.03864
88	47	1.11465
88	50	1.06387
88	54	1.08232
88	65	1.02719
88	71	1.10628
88	76	1.00406
88	84	1.05209
88	85	1.05769
88	106	1.02216
88	116	0.888855
88	121	1.16101
88	152	0.919768
88	171	1.12913
88	173	1.17367
89	4	1.03682
89	6	0.915008
89	15	0.909948
89	23	0.985261
89	43	0.934812
89	49	1.04256
89	57	1.00407
89	59	0.977713
89	62	0.977219
89	68	0.951668
89	79	1.00297
89	86	0.979362
89	93	1.00793
89	101	0.963974
89	113	1.35424
89	139	1.03531
89	161	1.0068
89	163	1.00752
89	164	1.01306
89	168	1.32988
89	173	1.19481
90	2	1.02771
90	5	1.03847
90	29	0.962502
90	31	0.951694
90	34	0.956336
90	38	0.958324
90	39	0.960297
90	54	0.983882
90	77	0.995746
90	96	1.00444
90	108	0.935605
90	111	0.97737
90	125	1.01059
90	140	0.994264
90	148	1.20961
90	154	1.14832
90	159	0.985208
90	163	0.999224
90	171	0.933601
90	172	1.3708
90	179	1.1253
91	20	0.994056
91	22	0.98393
91	55	1.00116
91	56	1.002
91	58	0.998199
91	60	0.96915
91	69	0.944135
91	72	0.955265
91	81	0.988408
91	82	0.987524
91	83	0.988048
91	99	0.990913
91	116	0.952457
91	128	0.933686
91	141	0.967739
91	156	1.05841
91	165	1.00389
91	167	1.24234
91	168	1.37234
91	179	0.982264
91	180	1.21124
92	73	0.99369
92	104	1.01134
92	109	0.95497
92	110	0.958375
92	115	0.924135
92	117	0.961894
92	119	0.934252
92	120	0.933513
92	123	0.998695
92	128	1.24745
92	134	1.19996
92	143	0.961741
92	146	0.968992
92	147	0.968784
92	150	0.945783
92	151	0.959532
92	153	0.949849
92	155	0.941486
92	158	0.962901
92	171	1.25033
92	174	1.34331
92	180	1.26884
93	4	1.07719
93	10	1.09127
93	15	0.950319
93	23	1.02563
93	26	1.13876
93	43	0.975184
93	49	1.08293
93	57	1.04445
93	59	1.01808
93	62	1.01759
93	68	0.99204
93	79	1.04334
93	86	1.01973
93	87	1.05471
93	89	1.00793
93	101	1.00435
93	107	1.01229
93	127	1.00823
93	134	0.948428
93	163	1.04789
93	166	0.885793
93	178	1.07726
94	34	1.1551
94	73	0.971669
94	114	0.923314
94	118	1.03488
94	127	0.97627
94	143	1.05629
94	149	0.969738
94	152	1.00746
94	154	1.00012
94	158	1.00333
94	161	0.997482
94	162	0.999502
94	165	0.952835
94	166	0.984145
94	168	0.911874
94	170	0.939272
94	171	0.95149
94	172	0.927133
94	174	0.936619
94	178	0.938856
94	179	0.9978
94	180	0.940517
95	34	1.14349
95	41	0.909835
95	69	1.21122
95	118	1.02327
95	119	1.05441
95	135	0.965733
95	152	1.01376
95	156	1.00241
95	160	0.954086
95	162	1.0058
95	165	0.94122
95	167	0.951721
95	168	0.918173
95	170	0.945572
95	172	0.933432
95	173	0.955813
95	174	0.942918
95	175	0.960239
95	176	1.01475
95	177	0.941032
95	178	0.945155
95	180	0.946817
96	5	1.09194
96	9	1.07406
96	25	0.935766
96	31	1.00516
96	52	0.967312
96	75	1.06472
96	77	1.04921
96	90	1.00444
96	97	0.978631
96	111	1.03084
96	118	1.05208
96	125	1.06406
96	140	0.917861
96	142	1.02631
96	144	0.884776
96	159	1.03868
96	163	1.05269
96	164	1.04476
96	170	1.21667
96	171	0.987069
96	179	1.0489
96	180	1.20048
97	5	1.01266
97	16	1.00858
97	29	0.936695
97	35	0.977216
97	38	0.932517
97	39	0.934491
97	70	1.11389
97	75	0.985444
97	77	0.96994
97	96	0.978631
97	102	1.21386
97	108	0.909799
97	111	0.951563
97	115	1.00294
97	118	0.972801
97	125	0.984787
97	134	1.27877
97	145	1.17411
97	159	0.959401
97	163	0.973417
97	171	0.907794
97	180	1.34765
98	1	0.898176
98	3	1.65231
98	100	0.977447
98	110	0.960713
98	112	1.11247
98	123	1.00103
98	130	0.981831
98	136	0.943369
98	138	0.972837
98	143	0.964079
98	146	0.97133
98	147	0.971122
98	150	0.948121
98	151	0.96187
98	153	0.952187
98	155	0.943824
98	158	0.965239
98	165	0.987735
98	171	1.03749
98	173	1.08204
98	174	1.13046
98	178	1.11595
99	12	0.945714
99	20	1.02929
99	22	1.01916
99	49	0.803189
99	52	0.951433
99	55	1.03639
99	56	1.03723
99	58	1.03343
99	60	1.00439
99	69	0.97937
99	82	1.02276
99	83	1.02328
99	91	0.990913
99	128	0.96892
99	135	1.14638
99	141	1.00297
99	145	1.0057
99	162	0.985764
99	165	1.03912
99	167	1.21034
99	173	1.20528
99	175	1.18247
99	179	1.0175
100	1	0.952251
100	66	0.986704
100	98	0.977447
100	117	1.01831
100	120	0.989925
100	122	1.01672
100	123	1.05511
100	124	0.92384
100	129	1.03472
100	130	1.03591
100	135	0.98182
100	136	0.997443
100	143	1.01815
100	150	1.0022
100	151	1.01594
100	152	0.935527
100	153	1.00626
100	156	1.01057
100	158	1.01931
100	170	1.17958
100	173	1.18943
100	174	1.23786
100	180	1.16339
101	4	1.03323
101	7	1.04373
101	10	1.04731
101	15	0.906366
101	23	0.981679
101	35	1.00773
101	43	0.93123
101	57	1.00049
101	59	0.97413
101	62	0.973637
101	68	0.948086
101	79	0.999389
101	86	0.97578
101	89	0.963974
101	93	1.00435
101	118	1.00332
101	131	1.27774
101	142	1.00041
101	157	1.10464
101	163	1.00393
101	167	1.20568
101	171	1.15607
101	179	1.023
101	180	1.17458
102	2	0.937543
102	9	0.896758
102	29	1.18505
102	47	0.986778
102	77	0.95701
102	82	1.02301
102	97	1.21386
102	107	0.986274
102	110	1.00132
102	129	1.02125
102	133	0.992095
102	137	0.972496
102	142	1.02773
102	143	1.00468
102	146	1.01194
102	147	1.01173
102	149	0.978655
102	151	1.00248
102	155	0.984429
102	158	1.00584
102	168	0.920791
102	169	0.915777
102	176	1.01737
102	180	0.949434
103	11	1.15568
103	111	0.819567
103	118	0.721229
103	120	0.892616
103	121	1.02259
103	143	0.742634
103	148	1.0424
103	149	1.05664
103	150	0.790292
103	156	1.083
103	157	1.06257
103	158	0.689679
103	161	1.08438
103	164	1.08552
103	165	0.639179
103	167	1.03232
103	170	1.02617
103	172	1.01403
103	173	1.03641
103	176	1.09535
103	177	1.02163
103	178	1.02575
103	179	1.0847
103	180	1.02741
104	46	1.09833
104	63	1.03824
104	92	1.01134
104	109	1.04761
104	120	1.02615
104	126	1.02715
104	130	1.07213
104	133	0.898866
104	137	0.91651
104	138	1.06314
104	143	1.05438
104	146	1.06163
104	147	1.06143
104	149	1.00553
104	150	1.03842
104	151	1.05217
104	155	1.03413
104	158	1.05554
104	159	1.06171
104	169	1.26957
104	170	1.011
104	172	1.08873
104	176	0.859032
104	180	0.994814
105	25	0.845226
105	34	0.919264
105	42	1.08025
105	76	1.19
105	77	0.958674
105	78	0.919137
105	84	1.25148
105	108	0.898533
105	109	1.27365
105	111	0.940298
105	125	0.973521
105	132	0.961475
105	135	0.904473
105	143	1.2174
105	146	1.16736
105	149	0.914777
105	152	0.952499
105	159	0.948136
105	163	0.962152
105	171	0.896529
105	174	0.881658
105	175	0.898978
105	176	0.953489
105	178	0.883894
105	180	0.885556
106	8	0.900957
106	14	0.903993
106	21	0.866322
106	27	0.972605
106	33	1.06541
106	40	0.949262
106	44	1.00655
106	45	1.01811
106	47	1.02527
106	48	0.907805
106	53	1.10687
106	61	0.958475
106	64	0.958505
106	65	0.937809
106	71	1.0169
106	76	0.91468
106	85	0.968314
106	88	1.02216
106	114	1.37005
106	127	1.23085
106	141	1.07309
106	144	0.924224
106	152	1.01206
106	168	1.40104
106	171	1.22142
107	2	1.06632
107	35	1.0876
107	41	1.01998
107	67	0.993881
107	93	1.01229
107	102	0.986274
107	134	0.965991
107	137	0.954187
107	143	1.15482
107	144	1.02096
107	148	0.946107
107	152	0.998069
107	154	0.990732
107	159	1.08749
107	160	0.938395
107	161	0.98809
107	165	1.05136
107	167	0.93603
107	168	0.902482
107	170	0.929881
107	173	0.940122
107	174	0.927227
107	176	0.999058
107	177	0.925341
107	178	0.929464
107	180	0.931125
108	2	1.01234
108	9	1.00523
108	16	1.01902
108	29	0.947137
108	31	0.936329
108	34	0.940971
108	38	0.942959
108	39	0.944932
108	52	0.898479
108	70	1.0658
108	75	0.995885
108	77	0.980381
108	90	0.935605
108	97	0.909799
108	105	0.898533
108	111	0.962005
108	125	0.995228
108	139	1.16609
108	140	1.01694
108	159	0.969843
108	162	1.10608
108	163	0.983859
108	167	1.33066
108	171	0.918236
108	172	1.39348
108	178	1.35951
109	18	0.89673
109	24	1.00539
109	37	0.790065
109	92	0.95497
109	104	1.04761
109	105	1.27365
109	110	0.99465
109	120	0.969787
109	123	1.03497
109	126	0.970788
109	129	1.01458
109	130	1.01577
109	134	1.1472
109	135	0.961682
109	136	0.977305
109	138	1.00677
109	142	1.04191
109	143	0.998016
109	145	1.04254
109	146	1.00527
109	147	1.00506
109	150	0.982057
109	153	0.986123
109	155	0.97776
109	157	1.14614
109	158	0.999175
109	177	1.29304
110	28	1.00999
110	73	1.03337
110	80	1.11049
110	92	0.958375
110	98	0.960713
110	102	1.00132
110	109	0.99465
110	112	1.18893
110	116	0.873678
110	119	0.973931
110	122	0.999987
110	123	1.03837
110	126	0.974193
110	136	0.98071
110	143	1.00142
110	147	1.00846
110	150	0.985462
110	151	0.999211
110	153	0.989528
110	155	0.981165
110	158	1.00258
110	159	1.00875
110	160	1.15687
110	167	1.16356
110	175	1.13569
110	176	0.996676
110	177	1.20942
111	9	1.04699
111	16	1.06078
111	25	0.908698
111	29	0.988902
111	31	0.978093
111	34	0.982736
111	38	0.984723
111	39	0.986697
111	75	1.03765
111	90	0.97737
111	96	1.03084
111	97	0.951563
111	103	0.819567
111	105	0.940298
111	108	0.962005
111	118	1.02501
111	125	1.03699
111	128	1.21537
111	159	1.01161
111	161	1.0748
111	162	1.04329
111	163	1.02562
111	171	0.960001
111	173	1.26281
111	175	1.24
111	176	1.10099
111	179	1.08519
112	7	1.06888
112	24	1.09771
112	37	1.09342
112	57	1.20034
112	72	1.22457
112	83	1.2071
112	98	1.11247
112	110	1.18893
112	115	1.00914
112	131	0.900482
112	137	0.935128
112	142	0.990361
112	145	0.984553
112	149	0.941288
112	154	0.971673
112	156	0.967655
112	160	0.919336
112	164	0.970174
112	167	0.916971
112	168	0.883423
112	169	0.87841
112	174	0.908169
112	175	0.925489
112	176	0.98
112	177	0.906282
112	178	0.910405
112	180	0.912067
113	24	1.2267
113	67	0.937939
113	72	1.35355
113	74	0.858928
113	83	1.33609
113	89	1.35424
113	114	0.857981
113	134	0.910049
113	135	0.894101
113	145	0.94767
113	147	1.29649
113	151	1.32297
113	152	0.942127
113	154	0.93479
113	156	0.930772
113	162	0.934169
113	164	0.933291
113	166	0.918812
113	167	0.880088
113	169	0.841527
113	170	0.873939
113	172	0.8618
113	173	0.88418
113	176	0.943117
113	177	0.869399
113	178	0.873523
113	180	0.875184
114	62	1.2778
114	68	1.26704
114	94	0.923314
114	106	1.37005
114	113	0.857981
114	117	1.35328
114	119	1.2997
114	121	0.872262
114	127	0.912835
114	131	0.865497
114	140	0.9798
114	142	0.955376
114	157	0.912241
114	160	0.884351
114	161	0.934046
114	163	1.21782
114	164	0.935189
114	166	0.92071
114	169	0.843425
114	171	0.888055
114	173	0.886078
114	174	0.873184
114	175	0.890504
114	176	0.945015
114	177	0.871297
114	178	0.875421
114	180	0.877082
115	25	1.35565
115	58	0.878232
115	69	0.98167
115	79	0.809589
115	92	0.924135
115	97	1.00294
115	112	1.00914
115	117	0.878453
115	128	1.00006
115	131	0.979772
115	134	1.02622
115	137	1.01442
115	138	0.811437
115	139	1.0447
115	144	1.08119
115	154	1.05096
115	156	1.04695
115	160	0.998627
115	162	1.05034
115	163	0.742991
115	164	1.04946
115	169	0.9577
115	170	0.990112
115	172	0.977973
115	173	1.00035
115	174	0.987459
115	176	1.05929
115	178	0.989696
115	180	0.991357
116	52	1.1955
116	53	0.865705
116	88	0.888855
116	91	0.952457
116	110	0.873678
116	121	0.9892
116	133	1.03668
116	139	1.04737
116	145	1.06651
116	146	0.851019
116	148	1.009
116	151	0.878734
116	154	1.05363
116	155	0.938522
116	159	0.833728
116	161	1.05098
116	162	1.05301
116	167	0.998925
116	168	0.965377
116	169	0.960363
116	171	1.00499
116	172	0.980636
116	174	0.990122
116	175	1.00744
116	176	1.06195
116	177	0.988236
116	178	0.992359
116	179	1.0513
116	180	0.99402
117	17	0.899577
117	32	0.973161
117	63	0.988796
117	69	0.968841
117	92	0.961894
117	100	1.01831
117	114	1.35328
117	115	0.878453
117	119	0.97745
117	120	0.97671
117	122	1.0035
117	123	1.04189
117	126	0.977711
117	129	1.02151
117	130	1.02269
117	133	1.12721
117	138	1.0137
117	143	1.00494
117	144	0.907457
117	146	1.01219
117	147	1.01198
117	150	0.98898
117	151	1.00273
117	153	0.993047
117	155	0.984683
117	158	1.0061
117	162	1.02968
117	165	1.02859
117	178	1.28311
117	179	1.07158
118	4	1.07616
118	6	0.954352
118	15	0.949292
118	16	1.08202
118	23	1.02461
118	31	0.999331
118	34	1.00397
118	38	1.00596
118	59	1.01706
118	62	1.01656
118	68	0.991013
118	77	1.04338
118	79	1.04232
118	86	1.01871
118	94	1.03488
118	95	1.02327
118	96	1.05208
118	97	0.972801
118	101	1.00332
118	103	0.721229
118	111	1.02501
118	125	1.05823
118	148	1.07116
118	152	0.910565
118	154	1.00987
118	159	1.03285
118	163	1.04686
118	168	1.29954
118	171	0.981238
118	175	1.14166
118	179	0.986852
118	180	1.13843
119	19	0.988183
119	66	0.945848
119	73	1.00925
119	74	1.28188
119	78	1.06028
119	92	0.934252
119	95	1.05441
119	110	0.973931
119	114	1.2997
119	117	0.97745
119	120	0.949069
119	122	0.975863
119	123	1.01425
119	126	0.95007
119	129	0.993864
119	130	0.995049
119	135	0.940964
119	136	0.956587
119	138	0.986055
119	140	0.886957
119	146	0.984548
119	147	0.98434
119	150	0.961339
119	153	0.965405
119	155	0.957042
119	157	1.09964
119	158	0.978457
119	159	0.984627
119	160	1.19398
119	161	1.0076
119	165	1.00095
119	177	1.24653
120	19	0.987444
120	24	0.983929
120	66	0.945108
120	92	0.933513
120	100	0.989925
120	103	0.892616
120	104	1.02615
120	109	0.969787
120	117	0.97671
120	119	0.949069
120	126	0.94933
120	129	0.993124
120	130	0.99431
120	136	0.955847
120	138	0.985315
120	141	1.14299
120	143	0.976558
120	145	1.13628
120	146	0.983808
120	147	0.9836
120	150	0.960599
120	151	0.974349
120	153	0.964665
120	155	0.956302
120	158	0.977718
120	159	0.983887
120	162	1.11634
120	164	1.1541
120	171	1.29131
120	174	1.38428
120	176	1.17404
120	179	1.15824
121	43	1.31664
121	51	1.00935
121	63	1.25905
121	78	0.923047
121	80	0.915395
121	88	1.16101
121	103	1.02259
121	114	0.872262
121	116	0.9892
121	130	1.08888
121	139	0.94281
121	144	0.979298
121	145	0.961951
121	149	0.918687
121	151	1.15089
121	155	1.21068
121	156	0.945054
121	158	1.12026
121	161	0.94643
121	162	0.948451
121	165	1.06976
121	166	0.933093
121	167	0.89437
121	168	0.860822
121	169	0.855808
121	172	0.876081
121	173	0.898462
121	174	0.885567
121	175	0.902888
121	176	0.957398
121	177	0.883681
121	178	0.887804
121	180	0.889465
122	24	1.01072
122	28	1.01193
122	41	1.09445
122	66	0.971903
122	100	1.01672
122	110	0.999987
122	117	1.0035
122	119	0.975863
122	123	1.04031
122	126	0.976125
122	127	1.18055
122	130	1.0211
122	135	0.967019
122	136	0.982642
122	137	1.11133
122	141	1.0228
122	143	1.00335
122	146	1.0106
122	147	1.0104
122	150	0.987394
122	151	1.00114
122	152	0.961766
122	153	0.99146
122	155	0.983097
122	156	1.03681
122	157	1.11969
122	158	1.00451
122	159	1.01068
122	161	1.02766
122	165	1.02701
122	177	1.26659
122	179	1.03805
122	180	1.18963
123	24	1.04911
123	30	1.01015
123	66	1.01029
123	92	0.998695
123	98	1.00103
123	100	1.05511
123	109	1.03497
123	110	1.03837
123	117	1.04189
123	119	1.01425
123	122	1.04031
123	126	1.01451
123	129	1.05831
123	130	1.05949
123	134	0.993308
123	138	1.0505
123	146	1.04899
123	148	0.994911
123	150	1.02578
123	151	1.03953
123	153	1.02985
123	154	0.933623
123	155	1.02148
123	157	0.992246
123	158	1.0429
123	159	1.04907
123	162	0.86871
123	165	1.0654
123	166	0.930673
123	168	1.22329
123	173	1.08822
123	174	1.13665
123	177	1.13915
123	180	1.06219
124	5	0.79797
124	13	1.19421
124	20	0.85372
124	33	0.764533
124	45	0.775292
124	53	0.884932
124	78	1.04149
124	100	0.92384
124	129	0.893276
124	133	1.05057
124	137	1.03097
124	142	1.08621
124	145	1.0804
124	148	1.02289
124	149	1.03713
124	150	0.967941
124	156	1.0635
124	157	1.04307
124	158	0.867328
124	159	0.852955
124	160	1.01518
124	162	1.0669
124	164	1.06602
124	166	1.05154
124	167	1.01282
124	168	0.979269
124	169	0.974255
124	170	1.00667
124	174	1.00401
124	175	1.02133
124	176	1.07585
124	177	1.00213
124	179	1.06519
124	180	1.00791
125	2	1.08733
125	5	1.09809
125	9	1.08022
125	16	1.09401
125	25	0.941921
125	29	1.02213
125	31	1.01132
125	34	1.01596
125	35	1.06265
125	38	1.01795
125	39	1.01992
125	54	0.75036
125	75	1.07087
125	77	1.05537
125	90	1.01059
125	96	1.06406
125	97	0.984787
125	105	0.973521
125	108	0.995228
125	111	1.03699
125	118	1.05823
125	131	1.14652
125	133	0.947413
125	139	0.90989
125	159	1.04483
125	163	1.05885
125	169	1.31812
125	170	1.05955
125	171	0.993224
125	172	1.13728
125	173	1.0694
125	174	1.11782
125	176	0.907578
125	179	0.89178
126	51	0.927244
126	56	0.999322
126	66	0.946109
126	73	1.00951
126	104	1.02715
126	109	0.970788
126	110	0.974193
126	117	0.977711
126	119	0.95007
126	120	0.94933
126	122	0.976125
126	123	1.01451
126	129	0.994125
126	130	0.995311
126	132	1.03691
126	136	0.956848
126	138	0.986316
126	141	1.03892
126	143	0.977559
126	146	0.984809
126	147	0.984601
126	149	1.21646
126	150	0.9616
126	151	0.97535
126	153	0.965666
126	155	0.957303
126	156	1.05292
126	158	0.978718
126	159	0.984888
126	165	1.00121
126	166	1.07424
126	169	1.48051
126	176	1.06997
126	177	1.28271
126	178	1.2657
127	26	0.922288
127	28	1.1016
127	45	1.00577
127	46	1.09125
127	54	1.00944
127	72	1.15901
127	93	1.00823
127	94	0.97627
127	106	1.23085
127	114	0.912835
127	122	1.18055
127	130	1.06643
127	131	0.918453
127	132	1.00596
127	133	0.972699
127	138	1.14707
127	141	0.972796
127	144	1.01987
127	149	0.959259
127	154	0.989644
127	156	0.985627
127	157	0.965197
127	160	0.937308
127	162	0.989023
127	167	0.934943
127	169	0.896381
127	170	0.928793
127	172	0.916654
127	173	0.939034
127	174	0.92614
127	175	0.943461
127	177	0.924254
127	178	0.928377
127	180	0.930038
128	12	0.888486
128	27	1.07806
128	41	1.0036
128	48	1.32699
128	55	0.979163
128	58	0.976206
128	60	0.947157
128	61	1.11138
128	64	1.13984
128	72	0.933272
128	82	0.965531
128	83	0.966055
128	91	0.933686
128	92	1.24745
128	99	0.96892
128	111	1.21537
128	115	1.00006
128	130	1.05411
128	141	0.945746
128	142	0.981283
128	151	1.11612
128	161	0.959953
128	162	0.961974
128	164	0.961096
128	165	0.981895
128	166	0.946617
128	167	0.907893
128	168	0.874345
128	169	0.869332
128	170	0.901744
128	173	0.911985
128	176	0.970922
128	178	0.901327
128	179	0.960271
128	180	0.902989
129	28	1.02993
129	30	0.989766
129	54	0.839829
129	56	1.04312
129	67	1.0314
129	73	1.0533
129	81	0.91
129	100	1.03472
129	102	1.02125
129	109	1.01458
129	117	1.02151
129	119	0.993864
129	120	0.993124
129	123	1.05831
129	124	0.893276
129	126	0.994125
129	130	1.03911
129	136	1.00064
129	138	1.03011
129	140	0.850211
129	141	0.965996
129	143	1.02135
129	146	1.0286
129	147	1.0284
129	150	1.00539
129	151	1.01914
129	153	1.00946
129	155	1.0011
129	158	1.02251
129	160	1.15724
129	164	0.977109
129	165	1.04501
129	169	1.40759
129	172	1.22675
129	179	0.981249
130	19	1.03342
130	37	0.649486
130	63	1.0064
130	81	0.852676
130	98	0.981831
130	100	1.03591
130	104	1.07213
130	109	1.01577
130	117	1.02269
130	119	0.995049
130	120	0.99431
130	121	1.08888
130	122	1.0211
130	123	1.05949
130	126	0.995311
130	127	1.06643
130	128	1.05411
130	129	1.03911
130	136	1.00183
130	138	1.0313
130	143	1.02254
130	146	1.02979
130	147	1.02958
130	150	1.00658
130	151	1.02033
130	153	1.01065
130	154	0.946941
130	155	1.00228
130	156	0.922677
130	158	1.0237
130	160	1.09991
130	165	1.04619
130	168	1.23661
130	175	1.07873
130	178	1.13546
131	22	1.26882
131	51	1.00258
131	68	1.24007
131	74	0.866444
131	75	1.21593
131	87	0.897815
131	101	1.27774
131	112	0.900482
131	114	0.865497
131	115	0.979772
131	125	1.14652
131	127	0.918453
131	137	0.905762
131	139	0.936045
131	142	0.960994
131	144	0.972533
131	151	1.24067
131	154	0.942307
131	155	1.30046
131	156	0.938289
131	157	0.91786
131	159	1.19566
131	162	0.941686
131	164	0.940807
131	166	0.926328
131	167	0.887605
131	168	0.854057
131	173	0.891697
131	174	0.878802
131	175	0.896123
131	177	0.876916
131	178	0.881039
131	179	0.939983
131	180	0.8827
132	16	1.04953
132	20	0.924433
132	44	0.913347
132	59	1.06283
132	73	0.906375
132	78	1.00379
132	105	0.961475
132	126	1.03691
132	127	1.00596
132	133	1.01287
132	135	0.989121
132	139	1.02355
132	140	1.07292
132	144	1.06004
132	146	0.940958
132	147	0.942188
132	151	0.968673
132	152	1.03715
132	156	1.02579
132	158	0.938041
132	160	0.977474
132	164	1.02831
132	165	0.887541
132	166	1.01383
132	167	0.975109
132	168	0.941561
132	169	0.936548
132	170	0.96896
132	171	0.981178
132	172	0.95682
132	173	0.979201
132	175	0.983627
132	176	1.03814
132	177	0.96442
132	178	0.968543
132	179	1.02749
132	180	0.970205
133	34	1.1627
133	40	1.1498
133	46	1.00438
133	55	1.027
133	63	1.14973
133	69	1.23043
133	74	0.92069
133	102	0.992095
133	104	0.898866
133	116	1.03668
133	117	1.12721
133	124	1.05057
133	125	0.947413
133	127	0.972699
133	132	1.01287
133	142	1.01524
133	144	1.02678
133	145	1.00943
133	152	1.00389
133	154	0.996552
133	157	0.972105
133	159	0.996561
133	160	0.944216
133	162	0.995931
133	167	0.941851
133	168	0.908303
133	169	0.903289
133	170	0.935701
133	172	0.923562
133	173	0.945942
133	174	0.933048
133	175	0.950369
133	176	1.00488
133	177	0.931162
133	178	0.935285
