1	59	1.60594
1	87	0.0911508
1	110	1.49435
1	115	0.130326
1	119	0.53946
1	127	1.53376
1	157	1.4482
1	160	1.20627
1	165	0.460367
1	171	1.08937
1	174	0.434425
1	179	1.22129
2	49	1.56496
2	63	0.426391
2	82	0.00942898
2	121	1.54835
2	122	0.374248
2	133	1.33974
2	138	0.352332
2	152	1.47686
2	165	0.379597
2	169	1.25816
2	176	1.21347
2	179	1.19917
3	24	1.39168
3	52	0.411769
3	73	0.449804
3	92	0.230255
3	123	1.52035
3	129	0.292487
3	135	1.31375
3	137	1.47019
3	152	1.46358
3	156	1.38493
3	164	0.240164
3	171	1.05397
4	13	1.31758
4	30	0.619287
4	47	0.513474
4	54	1.42036
4	68	1.2924
4	78	1.40128
4	82	1.36444
4	87	1.42147
4	104	1.38318
4	109	1.22286
4	121	0.25996
4	175	0.603343
5	111	1.40991
5	112	1.09649
5	139	0.4272
5	140	1.28177
5	150	0.485605
5	152	1.37394
5	153	0.422017
5	156	1.2953
5	160	1.08124
5	164	0.43896
5	171	0.964341
5	179	1.09626
6	34	1.64142
6	81	0.323703
6	107	0.44788
6	109	1.23032
6	120	0.270685
6	160	1.27449
6	161	1.36114
6	163	1.44008
6	169	1.34849
6	170	0.285494
6	174	0.292919
6	176	1.3038
7	74	0.588792
7	93	0.569592
7	130	0.659953
7	133	0.769752
7	152	0.609287
7	164	1.33818
7	166	1.3507
7	172	1.37728
7	173	1.37763
7	174	1.37414
7	177	1.39347
7	178	1.39287
8	39	0.51379
8	50	1.18016
8	57	0.43928
8	93	1.39565
8	110	1.2928
8	130	1.29367
8	131	0.415678
8	137	1.30404
8	150	0.403055
8	169	1.07873
8	176	1.03404
8	179	1.01974
9	14	0.594613
9	24	0.605145
9	63	1.38451
9	65	1.05767
9	76	1.43181
9	85	1.47299
9	108	1.45198
9	113	1.43175
9	115	1.44065
9	156	0.498673
9	158	0.511289
9	162	0.98708
10	53	1.29438
10	61	1.35773
10	70	1.31046
10	74	0.233253
10	89	1.40237
10	97	1.3791
10	98	1.38066
10	99	0.248176
10	106	0.800954
10	132	1.34929
10	151	0.237214
10	167	2.26091
10	171	0.927595
11	40	1.07412
11	47	1.20835
11	80	1.26208
11	106	1.09297
11	139	0.480703
11	148	1.238
11	157	1.26029
11	163	1.18396
11	165	0.521102
11	173	0.508157
11	176	1.04768
11	178	0.46414
11	180	1.03154
12	18	0.703983
12	35	1.43012
12	67	0.933026
12	128	1.35188
12	159	0.397682
12	162	0.958649
12	163	1.22589
12	169	1.1343
12	170	0.43995
12	175	1.2003
12	176	1.08961
12	177	0.433936
12	179	1.07531
13	4	1.31758
13	31	0.305632
13	38	1.31852
13	68	1.2321
13	82	1.30414
13	83	1.22173
13	87	1.36117
13	90	0.38596
13	104	1.32287
13	114	1.32206
13	125	1.58969
13	163	0.457162
13	176	0.687223
14	9	0.594613
14	38	1.37597
14	39	1.37744
14	54	1.41751
14	57	0.289928
14	68	1.28955
14	98	1.40226
14	102	1.32123
14	122	0.230348
14	140	1.26663
14	171	0.9492
14	173	0.222752
14	178	0.637629
15	21	1.54841
15	101	1.28169
15	108	0.175879
15	119	0.483994
15	135	1.3189
15	149	0.388641
15	154	1.29572
15	156	1.39008
15	171	1.05913
15	173	0.391957
15	175	1.31603
15	177	0.36552
15	180	1.18921
16	17	1.32262
16	63	1.31424
16	85	1.40273
16	95	0.191311
16	105	0.305518
16	108	1.38171
16	109	0.661682
16	113	1.36148
16	115	1.37038
16	132	1.32326
16	167	0.92403
16	171	2.14504
16	175	0.175067
17	16	1.32262
17	48	1.37709
17	76	1.40726
17	108	1.42743
17	112	1.07943
17	113	1.4072
17	115	1.4161
17	127	0.390024
17	143	0.75615
17	154	0.720651
17	156	0.567412
17	162	0.962532
17	176	0.947593
18	12	0.703983
18	46	0.489584
18	59	0.602877
18	135	0.808675
18	142	1.22473
18	149	1.26668
18	150	1.21555
18	151	0.801629
18	159	1.22615
18	170	1.24141
18	173	1.2502
18	174	1.24671
18	177	1.26604
18	178	1.26545
19	64	1.3647
19	71	1.40936
19	94	1.35382
19	104	0.149682
19	119	0.555378
19	144	1.28351
19	157	1.35512
19	159	0.400649
19	160	1.11319
19	162	1.01155
19	165	0.476286
19	168	1.17943
19	178	0.419324
19	179	1.12821
20	39	0.536952
20	65	1.13999
20	96	0.505998
20	108	0.179188
20	121	1.48092
20	122	0.402862
20	134	1.37084
20	138	0.380946
20	156	1.33078
20	160	1.11672
20	168	1.18296
20	169	1.19073
20	175	1.25673
20	180	1.12991
21	15	1.54841
21	88	1.55918
21	89	0.163409
21	93	1.52333
21	96	0.417586
21	111	1.46107
21	132	0.31527
21	145	1.25741
21	146	0.404983
21	152	1.4251
21	161	1.21906
21	169	1.2064
21	177	0.280418
21	178	0.262838
22	35	0.450707
22	40	0.672212
22	101	0.821341
22	117	0.495633
22	135	0.643435
22	146	1.33932
22	151	0.636389
22	153	1.38331
22	166	1.38797
22	170	1.4061
22	172	1.41454
22	174	1.4114
22	177	1.43074
22	178	1.43014
23	38	0.118051
23	99	1.63058
23	143	1.3385
23	144	1.41194
23	145	1.36664
23	151	1.47166
23	155	0.386731
23	156	1.45569
23	159	0.318193
23	170	0.360462
23	174	0.367887
23	176	1.27094
23	177	0.354448
23	180	1.25481
24	3	1.39168
24	9	0.605145
24	54	0.223288
24	63	0.751917
24	87	0.0216944
24	89	1.3387
24	98	1.31699
24	103	1.33788
24	115	0.375081
24	170	1.31015
24	171	0.863924
24	174	1.31545
24	178	1.33418
24	180	0.994007
25	29	0.40698
25	80	1.47708
25	103	1.59042
25	107	0.411382
25	140	1.4339
25	142	0.294721
25	149	0.266102
25	151	1.4634
25	154	1.35306
25	166	0.24417
25	175	1.37337
25	176	1.26268
25	177	0.242981
25	180	1.24655
26	73	0.576183
26	105	1.15922
26	117	1.43418
26	137	1.42697
26	138	0.367917
26	153	0.349599
26	156	1.34171
26	161	1.21431
26	164	0.366542
26	169	1.20166
26	170	0.361814
26	171	1.01076
26	175	1.26766
26	179	1.14267
27	49	0.336057
27	80	0.40637
27	141	0.525324
27	155	1.32027
27	159	1.32001
27	160	1.04766
27	161	0.684272
27	164	1.30461
27	166	1.31714
27	170	1.33527
27	172	1.34371
27	173	1.34406
27	177	1.35991
27	178	1.35931
27	179	0.941272
28	100	1.49452
28	119	0.428941
28	128	1.44838
28	132	0.345319
28	143	1.25366
28	145	1.2818
28	152	1.44949
28	163	1.32239
28	165	0.349848
28	168	1.22302
28	169	1.23079
28	170	0.31648
28	172	0.294575
28	174	0.323906
28	175	1.29679
29	25	0.40698
29	58	0.523413
29	145	0.864025
29	149	1.35669
29	152	0.592327
29	155	1.31642
29	157	0.657375
29	158	0.735883
29	164	1.30076
29	165	1.30179
29	172	1.33986
29	173	1.34021
29	174	1.33672
29	177	1.35605
29	178	1.35546
30	4	0.619287
30	48	0.305184
30	60	1.42138
30	80	1.39913
30	85	0.24216
30	95	1.46334
30	135	1.29829
30	146	0.401412
30	147	1.48199
30	149	0.299968
30	150	0.334235
30	151	1.38545
30	154	1.27511
30	162	1.05377
30	168	1.22165
31	13	0.305632
31	34	1.39052
31	40	1.07936
31	44	0.541481
31	103	1.38064
31	108	0.368218
31	128	1.31518
31	136	1.2157
31	143	1.12046
31	149	0.58098
31	152	1.31629
31	164	0.568601
31	168	1.08983
31	176	1.05291
31	179	1.03861
32	34	1.47658
32	39	0.506756
32	58	1.44504
32	60	1.37561
32	81	0.382856
32	87	0.0355934
32	99	1.4986
32	130	1.39859
32	143	1.20652
32	155	0.370916
32	157	1.35157
32	166	0.339822
32	177	0.338633
32	179	1.12466
32	180	1.12283
33	95	0.674998
33	97	1.37602
33	98	1.37758
33	108	1.40467
33	113	1.38444
33	115	1.39334
33	121	0.484065
33	135	0.652022
33	137	0.570757
33	156	0.672663
33	168	0.88774
33	170	1.37074
33	171	0.924516
33	172	1.37918
33	178	1.39478
34	6	1.64142
34	31	1.39052
34	32	1.47658
34	47	1.31694
34	54	0.125544
34	73	0.530772
34	114	0.426857
34	121	1.49114
34	146	0.434954
34	160	1.12695
34	161	1.2136
34	169	1.20095
34	170	0.316403
34	178	0.292809
34	179	1.14196
35	12	1.43012
35	22	0.450707
35	95	1.43777
35	99	1.5188
35	105	1.1614
35	144	1.30016
35	145	1.25486
35	152	1.42255
35	165	0.385282
35	166	0.347089
35	169	1.20385
35	174	0.35934
35	175	1.26985
35	177	0.3459
35	178	0.32832
36	62	0.340393
36	90	0.533753
36	141	0.499073
36	159	1.32109
36	160	1.02141
36	161	0.658021
36	164	1.3057
36	165	1.30673
36	166	1.31822
36	172	1.3448
36	173	1.34515
36	174	1.34166
36	177	1.36099
36	178	1.3604
36	180	0.891868
37	40	1.15091
37	55	0.458637
37	89	0.313824
37	114	0.5473
37	137	1.39446
37	141	1.29771
37	142	0.482573
37	144	1.26546
37	156	1.3092
37	159	0.394578
37	160	1.09514
37	162	0.993497
37	163	1.26074
37	176	1.12446
37	180	1.10833
38	13	1.31852
38	14	1.37597
38	23	0.118051
38	68	1.29334
38	78	1.40221
38	82	1.36538
38	104	1.38411
38	105	1.10145
38	106	0.323319
38	114	1.3833
38	124	0.235901
38	132	1.37469
38	162	1.21226
38	167	1.26776
38	171	1.21926
39	8	0.51379
39	14	1.37744
39	20	0.536952
39	32	0.506756
39	42	1.38297
39	53	1.32125
39	60	0.552123
39	61	1.38459
39	70	1.33732
39	83	0.787826
39	89	1.42924
39	97	1.40597
39	98	1.40753
39	152	0.596451
39	171	0.954463
40	11	1.07412
40	22	0.672212
40	31	1.07936
40	37	1.15091
40	57	0.661018
40	69	1.18532
40	88	1.24256
40	103	1.17283
40	121	1.17998
40	131	0.637416
40	141	1.01834
40	143	0.912651
40	144	0.986097
40	153	0.561205
40	158	0.997065
41	93	0.490512
41	107	1.2093
41	130	0.580873
41	144	0.670048
41	145	0.801904
41	152	0.530207
41	159	1.32935
41	161	0.864334
41	166	1.32648
41	170	1.34462
41	172	1.35306
41	173	1.3534
41	174	1.34992
41	177	1.36925
41	178	1.36865
42	39	1.38297
42	51	0.503954
42	53	1.32151
42	61	1.38486
42	62	0.293416
42	70	1.33759
42	89	1.4295
42	97	1.40623
42	98	1.40779
42	125	1.6905
42	128	0.318523
42	132	1.37642
42	147	0.33697
42	171	0.954724
42	179	0.868044
43	62	1.44197
43	72	0.434204
43	115	0.217663
43	118	1.3328
43	123	1.37654
43	139	0.507306
43	152	1.31977
43	154	1.14676
43	158	1.20835
43	171	0.910165
43	173	0.53476
43	175	1.16707
43	176	1.05638
43	177	0.508323
43	180	1.04025
44	31	0.541481
44	118	0.483996
44	128	0.453557
44	148	0.497525
44	154	0.696131
44	159	1.3191
44	160	1.10946
44	164	1.3037
44	165	1.30473
44	170	1.33436
44	172	1.3428
44	173	1.34315
44	174	1.33966
44	177	1.359
44	178	1.3584
45	68	1.23669
45	70	1.2792
45	82	1.30873
45	91	0.506088
45	97	1.34785
45	103	0.506802
45	104	1.32747
45	118	0.650137
45	128	0.619697
45	135	0.688391
45	170	1.34256
45	171	0.896342
45	173	1.35135
45	174	1.34787
45	178	1.3666
45	179	1.16922
46	18	0.489584
46	75	0.310299
46	77	0.383709
46	94	1.52784
46	101	1.39288
46	107	0.387938
46	142	0.271278
46	143	1.38408
46	148	1.50685
46	152	1.57992
46	163	1.45281
46	168	1.35345
46	170	0.225552
46	178	0.201958
46	179	1.30223
46	180	1.3004
47	4	0.513474
47	11	1.20835
47	34	1.31694
47	68	0.148247
47	110	1.23808
47	123	1.29949
47	125	0.911218
47	126	1.31835
47	127	1.27749
47	140	1.15054
47	145	1.07502
47	169	1.02401
47	172	0.608295
47	176	0.979324
47	177	0.624186
47	178	0.606606
48	17	1.37709
48	30	0.305184
48	63	1.36871
48	76	1.41601
48	94	0.555656
48	105	1.00574
48	108	1.43618
48	113	1.41595
48	115	1.42485
48	125	1.03413
48	132	1.37773
48	140	0.582586
48	157	0.521713
48	162	0.971279
48	167	0.978499
48	179	1.04779
49	2	1.56496
49	27	0.336057
49	102	1.39595
49	110	1.42889
49	112	1.15607
49	139	0.413223
49	142	0.465981
49	144	1.31114
49	154	1.26051
49	159	0.377986
49	168	1.20705
49	171	1.02392
49	174	0.42768
49	175	1.28083
49	176	1.17013
49	178	0.396661
50	8	1.18016
50	54	1.28687
50	66	0.617155
50	82	1.23095
50	87	1.28798
50	94	1.17609
50	97	1.27006
50	98	1.27162
50	104	1.24968
50	134	1.18957
50	155	0.471664
50	167	0.841029
50	170	0.445395
50	171	0.818557
50	172	0.42349
50	173	0.465818
51	42	0.503954
51	53	0.674231
51	54	0.212912
51	65	1.00885
51	78	0.722787
51	98	0.34033
51	101	1.09125
51	108	1.34884
51	113	1.32861
51	161	1.07224
51	162	0.883939
51	168	1.05182
51	172	1.32335
51	176	1.0149
51	177	1.33954
51	178	1.33895
52	3	0.411769
52	123	0.553527
52	128	0.652282
52	139	1.25641
52	142	1.26864
52	151	0.71393
52	153	1.26253
52	154	0.894856
52	155	1.27032
52	158	0.754233
52	165	1.25569
52	170	1.28532
52	173	1.29411
52	174	1.29062
52	177	1.30996
52	178	1.30936
53	10	1.29438
53	39	1.32125
53	42	1.32151
53	51	0.674231
53	61	1.32313
53	70	1.27586
53	89	1.36778
53	97	1.34451
53	98	1.34606
53	105	0.996273
53	110	0.450592
53	132	1.3147
53	148	0.532768
53	151	0.550448
53	169	0.802972
53	171	0.893002
54	4	1.42036
54	14	1.41751
54	24	0.223288
54	34	0.125544
54	50	1.28687
54	51	0.212912
54	67	0.984162
54	68	1.33488
54	78	1.44376
54	82	1.40692
54	87	1.46395
54	104	1.42566
54	112	1.02477
54	118	0.176823
54	132	1.41623
54	136	0.178321
54	162	2.36747
55	37	0.458637
55	127	0.409685
55	138	1.33666
55	140	0.582054
55	158	0.599689
55	159	1.35033
55	163	0.737193
55	164	1.33494
55	165	1.33597
55	166	1.34746
55	169	0.81191
55	172	1.37404
55	173	1.37439
55	174	1.3709
55	175	0.741859
55	177	1.39023
55	178	1.38963
56	90	0.446209
56	91	0.436337
56	123	0.451191
56	126	0.420155
56	135	0.61864
56	138	1.33462
56	139	1.33464
56	159	1.34829
56	165	1.33393
56	170	1.36356
56	172	1.372
56	173	1.37235
56	174	1.36886
56	176	1.01946
56	177	1.38819
56	178	1.38759
56	179	1.09947
57	8	0.43928
57	14	0.289928
57	40	0.661018
57	80	0.578166
57	138	1.34305
57	146	1.30521
57	153	1.3492
57	154	0.80612
57	157	0.586988
57	158	0.665497
57	164	1.34134
57	165	1.34236
57	170	1.37199
57	172	1.38043
57	174	1.37729
57	177	1.39663
57	178	1.39603
58	29	0.523413
58	32	1.44504
58	67	0.968146
58	77	0.523586
58	129	0.42248
58	136	1.28752
58	141	1.29798
58	142	0.411154
58	144	1.26573
58	147	1.42199
58	154	1.21511
58	156	1.30947
58	165	0.398796
58	169	1.16942
58	178	0.341834
58	179	1.11043
58	180	1.1086
59	1	1.60594
59	18	0.602877
59	68	0.00578208
59	118	1.46541
59	132	0.367683
59	133	1.31526
59	144	1.33
59	151	1.38972
59	154	1.27937
59	155	0.365113
59	157	1.40161
59	158	1.34097
59	164	0.343572
59	165	0.372212
59	166	0.334019
59	175	1.29969
59	180	1.17286
60	30	1.42138
60	32	1.37561
60	39	0.552123
60	76	0.468983
60	80	1.2697
60	106	1.10058
60	110	1.31406
60	118	1.33171
60	129	0.447067
60	134	1.28009
60	143	1.12285
60	146	0.508566
60	150	0.441389
60	158	1.20726
60	160	1.02598
60	164	0.394744
60	171	0.90908
60	179	1.041
61	10	1.35773
61	39	1.38459
61	42	1.38486
61	53	1.32313
61	70	1.33921
61	83	0.245622
61	89	1.43112
61	97	1.40786
61	98	1.40941
61	109	1.02908
61	125	0.79041
61	132	1.37805
61	147	0.245253
61	162	1.75842
61	163	0.268911
61	167	1.81392
61	171	0.95635
61	175	0.273577
62	36	0.340393
62	42	0.293416
62	43	1.44197
62	76	0.529809
62	84	1.44539
62	113	0.316934
62	140	1.37545
62	141	1.37748
62	143	1.27179
62	157	1.41685
62	164	0.45557
62	168	1.24115
62	169	1.24892
62	176	1.20423
62	177	0.444827
62	178	0.427247
62	179	1.18993
62	180	1.1881
63	2	0.426391
63	9	1.38451
63	16	1.31424
63	24	0.751917
63	48	1.36871
63	65	1.20444
63	71	1.35197
63	76	1.39889
63	85	1.44007
63	100	0.436386
63	108	1.41905
63	113	1.39883
63	115	1.40772
63	117	0.477003
63	127	0.468057
63	158	0.658061
63	162	0.954155
63	167	0.961374
64	19	1.3647
64	70	0.193668
64	110	1.2996
64	112	1.02677
64	126	1.37987
64	127	1.33901
64	134	1.26564
64	148	1.23116
64	149	0.502785
64	151	1.24156
64	152	1.30423
64	170	0.485678
64	171	0.894624
64	172	0.463773
64	173	0.506101
64	177	0.479664
64	179	1.02654
64	180	1.02471
65	9	1.05767
65	20	1.13999
65	51	1.00885
65	63	1.20444
65	68	1.00673
65	87	1.13581
65	97	0.109425
65	104	1.09751
65	115	0.827608
65	136	0.975388
65	156	0.997341
65	158	0.964568
65	159	1.09734
65	170	1.11261
65	173	1.1214
65	176	0.812598
65	177	1.13724
65	180	0.796466
66	50	0.617155
66	86	0.545257
66	123	0.548952
66	127	0.559654
66	137	0.635136
66	153	1.32865
66	157	0.671149
66	162	0.920474
66	164	1.32078
66	165	1.32181
66	166	1.33331
66	168	0.95212
66	170	1.35144
66	172	1.35988
66	173	1.36023
66	174	1.35674
66	177	1.37608
66	178	1.37548
67	12	0.933026
67	54	0.984162
67	58	0.968146
67	78	0.965075
67	82	0.928238
67	97	1.29346
67	102	0.887878
67	104	0.946974
67	106	0.707352
67	108	2.11266
67	137	0.932064
67	140	0.833281
67	147	0.959325
67	154	0.752441
67	159	0.946806
67	171	0.515848
67	173	0.97086
67	177	0.986704
67	178	0.986109
68	4	1.2924
68	13	1.2321
68	14	1.28955
68	38	1.29334
68	45	1.23669
68	47	0.148247
68	54	1.33488
68	59	0.00578208
68	65	1.00673
68	69	0.237523
68	78	1.31579
68	82	1.27896
68	87	1.33599
68	104	1.29769
68	106	0.92953
68	112	0.991282
68	124	0.217813
68	132	1.28827
68	171	2.34099
69	40	1.18532
69	68	0.237523
69	100	1.4673
69	110	1.41764
69	113	0.298338
69	116	1.34688
69	128	1.42115
69	136	1.32167
69	142	0.477972
69	143	1.22643
69	144	1.29988
69	146	0.550797
69	155	0.458515
69	166	0.427421
69	167	1.03513
69	168	1.19579
69	171	1.01266
69	175	1.26957
69	178	0.408652
70	10	1.31046
70	39	1.33732
70	42	1.33759
70	45	1.2792
70	53	1.27586
70	61	1.33921
70	64	0.193668
70	71	1.32215
70	84	0.221514
70	89	1.38385
70	95	0.275608
70	97	1.36059
70	98	1.36214
70	102	0.188302
70	106	1.11947
70	109	0.981809
70	134	0.291661
70	167	2.57943
70	171	0.90908
71	19	1.40936
71	63	1.35197
71	70	1.32215
71	85	1.44045
71	89	1.41406
71	97	1.39079
71	100	1.39392
71	102	1.31131
71	113	1.39921
71	115	1.4081
71	131	0.383069
71	146	0.437623
71	149	0.33618
71	163	1.22178
71	166	0.314248
71	171	0.939285
71	172	0.297167
71	173	0.339495
71	174	0.326498
71	177	0.313058
72	43	0.434204
72	90	0.564068
72	94	0.4532
72	101	0.642415
72	131	1.2937
72	140	0.48013
72	155	1.32578
72	159	1.32552
72	164	1.31013
72	165	1.31115
72	166	1.32265
72	169	0.709987
72	170	1.34078
72	172	1.34922
72	173	1.34957
72	174	1.34609
72	176	0.865331
72	177	1.36542
72	178	1.36482
72	179	0.945336
73	3	0.449804
73	26	0.576183
73	34	0.530772
73	99	0.568672
73	103	0.577422
73	123	0.591562
73	135	0.759011
73	146	1.27254
73	149	1.36459
73	150	1.31346
73	153	1.31653
73	157	0.713759
73	164	1.30866
73	166	1.32119
73	170	1.33932
73	172	1.34776
73	173	1.34811
73	174	1.34462
73	177	1.36396
73	178	1.36336
74	7	0.588792
74	10	0.233253
74	102	1.47491
74	104	0.120612
74	114	0.524301
74	120	0.399038
74	124	1.58006
74	135	1.36266
74	153	0.401633
74	158	1.40107
74	160	1.21978
74	161	1.30644
74	168	1.28602
74	169	1.29379
74	172	0.391942
74	175	1.35979
74	176	1.2491
74	178	0.390253
74	179	1.2348
74	180	1.23297
75	46	0.310299
75	101	0.807296
75	117	0.481588
75	121	0.461433
75	126	0.430904
75	133	0.679555
75	141	0.694269
75	149	1.36065
75	153	1.31259
75	155	1.32038
75	160	1.2166
75	164	1.30472
75	165	1.30575
75	166	1.31724
75	170	1.33538
75	172	1.34382
75	173	1.34417
75	174	1.34068
75	177	1.36001
75	178	1.35942
76	9	1.43181
76	17	1.40726
76	48	1.41601
76	60	0.468983
76	62	0.529809
76	63	1.39889
76	85	1.48737
76	105	1.06239
76	108	1.46635
76	113	1.44613
76	114	1.41651
76	115	1.45502
76	118	0.585355
76	121	0.455653
76	125	1.06431
76	134	0.662638
76	137	0.542344
76	158	0.656866
76	162	1.00145
76	167	1.00867
77	46	0.383709
77	58	0.523586
77	84	0.671681
77	86	0.531655
77	118	0.664545
77	124	0.565796
77	136	0.666043
77	138	1.30998
77	142	1.32224
77	150	1.31306
77	155	1.32392
77	165	1.30929
77	166	1.32078
77	169	0.948277
77	170	1.33892
77	172	1.34736
77	173	1.34771
77	174	1.34422
77	177	1.36355
77	178	1.36296
78	4	1.40128
78	38	1.40221
78	51	0.722787
78	54	1.44376
78	67	0.965075
78	68	1.31579
78	82	1.38783
78	83	1.30542
78	87	1.44487
78	103	0.424462
78	104	1.40657
78	105	1.1239
78	109	1.40099
78	114	1.40575
78	126	0.407565
78	127	0.449304
78	128	0.537357
78	132	1.39714
78	141	0.67093
78	152	0.495751
79	80	0.612069
79	102	0.601813
79	122	1.28604
79	127	0.509396
79	136	0.629387
79	141	0.731022
79	146	1.23599
79	150	1.27691
79	156	0.686784
79	157	0.620891
79	159	1.28751
79	164	1.27212
79	165	1.27314
79	166	1.28464
79	170	1.30277
79	172	1.31121
79	173	1.31156
79	174	1.30808
79	176	1.06696
79	177	1.32741
79	178	1.32681
80	11	1.26208
80	25	1.47708
80	27	0.40637
80	30	1.39913
80	57	0.578166
80	60	1.2697
80	79	0.612069
80	93	1.39467
80	96	0.621722
80	101	1.1094
80	108	0.294913
80	125	0.964943
80	131	0.554564
80	147	1.33031
80	148	1.22337
80	158	1.18502
80	160	1.00373
80	168	1.06997
80	169	1.07774
80	174	0.497993
80	176	1.03305
81	6	0.323703
81	32	0.382856
81	90	0.41042
81	110	0.475949
81	145	0.744249
81	150	1.27346
81	153	1.27653
81	155	1.28432
81	159	1.28406
81	164	1.26866
81	165	1.26969
81	166	1.28119
81	170	1.29932
81	172	1.30776
81	173	1.30811
81	174	1.30462
81	175	0.758277
81	176	0.983673
81	177	1.32396
81	178	1.32336
81	179	1.06368
82	2	0.00942898
82	4	1.36444
82	13	1.30414
82	38	1.36538
82	45	1.30873
82	50	1.23095
82	54	1.40692
82	67	0.928238
82	68	1.27896
82	78	1.38783
82	87	1.40803
82	94	0.188489
82	104	1.36973
82	105	1.08707
82	106	0.938265
82	125	1.37471
82	132	1.36031
82	144	0.233724
82	156	0.22044
82	163	0.242185
82	171	2.34972
83	13	1.22173
83	39	0.787826
83	61	0.245622
83	78	1.30542
83	85	0.585017
83	87	1.32562
83	89	0.502695
83	98	0.304669
83	104	1.28732
83	108	0.430063
83	113	0.49181
83	149	1.32769
83	150	1.27656
83	153	1.27963
83	158	1.15438
83	159	1.28715
83	162	0.871449
83	168	1.03933
83	175	1.1131
83	177	1.32705
83	180	0.986278
84	62	1.44539
84	70	0.221514
84	77	0.671681
84	101	1.13616
84	107	0.67591
84	116	1.2478
84	135	1.17336
84	140	1.23102
84	148	1.25013
84	149	0.530631
84	152	1.32319
84	156	1.24454
84	158	1.21177
84	164	0.518252
84	169	1.10449
84	171	0.913587
84	172	0.491619
84	175	1.17049
84	176	1.0598
84	177	0.50751
84	179	1.0455
84	180	1.04367
85	9	1.47299
85	16	1.40273
85	30	0.24216
85	63	1.44007
85	71	1.44045
85	76	1.48737
85	83	0.585017
85	91	0.321637
85	105	0.94272
85	106	1.21889
85	108	1.50754
85	109	1.29888
85	110	0.397039
85	113	1.48731
85	115	1.4962
85	125	1.10549
85	132	1.44908
85	134	0.542969
85	154	0.67782
85	158	0.537197
85	162	1.04264
85	167	1.04986
86	66	0.545257
86	77	0.531655
86	102	1.34138
86	109	1.04208
86	114	0.483951
86	124	1.44652
86	127	1.41373
86	133	1.24183
86	135	1.22913
86	137	1.38557
86	148	1.30589
86	150	0.424871
86	151	1.31629
86	153	0.361283
86	160	1.08625
86	163	1.25185
86	168	1.15248
86	169	1.16025
86	172	0.351592
86	173	0.39392
86	175	1.22626
86	177	0.367483
87	1	0.0911508
87	4	1.42147
87	13	1.36117
87	24	0.0216944
87	32	0.0355934
87	50	1.28798
87	54	1.46395
87	65	1.13581
87	68	1.33599
87	78	1.44487
87	82	1.40803
87	83	1.32562
87	101	0.216284
87	104	1.42677
87	105	1.1441
87	112	0.823174
87	114	1.42595
87	132	1.41734
87	137	0.275207
87	152	0.269084
87	162	2.16588
87	167	2.22138
88	21	1.55918
88	40	1.24256
88	89	0.18717
88	121	1.551
88	129	0.367245
88	131	0.37419
88	135	1.32968
88	136	1.3789
88	137	1.48612
88	138	0.316296
88	145	1.31181
88	146	0.428744
88	157	1.42873
88	158	1.36808
88	165	0.343561
88	166	0.305368
88	173	0.330616
88	174	0.317619
88	175	1.32681
88	176	1.21611
88	179	1.20181
88	180	1.19998
89	10	1.40237
89	21	0.163409
89	24	1.3387
89	37	0.313824
89	39	1.42924
89	42	1.4295
89	53	1.36778
89	61	1.43112
89	70	1.38385
89	71	1.41406
89	83	0.502695
89	88	0.18717
89	97	1.4525
89	98	1.45405
89	106	1.28846
89	109	1.07372
89	111	0.261427
89	112	1.35021
89	132	1.42269
89	152	0.31132
89	171	1.00099
89	179	0.902446
90	13	0.38596
90	36	0.533753
90	56	0.446209
90	72	0.564068
90	81	0.41042
90	93	1.5319
90	96	0.503366
90	116	1.35828
90	120	0.357403
90	128	1.43256
90	130	1.42991
90	133	1.29655
90	147	1.46755
90	148	1.36061
90	150	0.423585
90	156	1.35503
90	160	1.14097
90	168	1.2072
90	169	1.21497
90	172	0.350306
90	175	1.28097
90	176	1.17028
90	180	1.15415
91	45	0.506088
91	56	0.436337
91	85	0.321637
91	94	1.39953
91	114	0.472792
91	117	1.46543
91	118	1.46464
91	131	0.426335
91	133	1.31449
91	135	1.30178
91	136	1.35101
91	142	0.408065
91	152	1.45161
91	158	1.34019
91	161	1.24556
91	169	1.23291
91	173	0.382762
91	174	0.369764
91	175	1.29891
91	176	1.18822
91	178	0.338745
91	179	1.17392
91	180	1.17209
92	3	0.230255
92	99	0.349123
92	129	1.30292
92	134	0.578491
92	144	0.569004
92	146	1.25423
92	149	1.34629
92	153	1.29822
92	155	1.30601
92	156	0.560103
92	159	1.30575
92	161	0.76329
92	164	1.29036
92	166	1.30288
92	169	0.78494
92	170	1.32102
92	172	1.32946
92	173	1.32981
92	174	1.32632
92	177	1.34565
92	178	1.34505
92	179	1.02029
92	180	0.997137
93	7	0.569592
93	8	1.39565
93	21	1.52333
93	41	0.490512
93	80	1.39467
93	90	1.5319
93	98	0.073599
93	104	0.101412
93	119	0.507108
93	125	1.11216
93	126	1.51929
93	127	1.47843
93	129	0.4517
93	133	1.30653
93	140	1.35148
93	150	0.446022
93	155	0.420916
93	156	1.36501
93	167	1.05652
93	171	1.03405
93	174	0.402073
93	179	1.16597
93	180	1.16413
94	19	1.35382
94	46	1.52784
94	48	0.555656
94	50	1.17609
94	72	0.4532
94	82	0.188489
94	91	1.39953
94	127	1.32813
94	134	1.25476
94	139	0.526302
94	147	1.32722
94	149	0.55044
94	151	1.23068
94	154	1.12034
94	157	1.24257
94	159	0.491064
94	161	1.0873
94	163	1.16624
94	174	0.540759
94	175	1.14065
94	176	1.02996
94	178	0.509739
94	179	1.01566
95	16	0.191311
95	30	1.46334
95	33	0.674998
95	35	1.43777
95	70	0.275608
95	101	1.17361
95	109	1.02377
95	118	1.37367
95	126	1.43629
95	129	0.62467
95	135	1.21082
95	154	1.18763
95	158	1.24923
95	160	1.06794
95	161	1.1546
95	162	0.966295
95	168	1.13418
95	169	1.14195
95	170	0.567618
95	172	0.545713
95	174	0.575044
95	176	1.09726
95	177	0.561604
95	180	1.08113
96	20	0.505998
96	21	0.417586
96	80	0.621722
96	90	0.503366
96	121	0.50784
96	136	0.63904
96	139	1.30973
96	140	0.691418
96	142	1.32196
96	145	0.837194
96	148	0.651071
96	149	1.36391
96	150	1.31278
96	152	0.565497
96	153	1.31585
96	155	1.32364
96	159	1.32337
96	165	1.30901
96	166	1.3205
96	170	1.33864
96	172	1.34708
96	173	1.34743
96	174	1.34394
96	177	1.36327
96	178	1.36268
97	10	1.3791
97	33	1.37602
97	39	1.40597
97	42	1.40623
97	45	1.34785
97	50	1.27006
97	53	1.34451
97	61	1.40786
97	65	0.109425
97	67	1.29346
97	70	1.36059
97	71	1.39079
97	89	1.4525
97	98	1.43079
97	105	0.424984
97	109	1.05045
97	112	0.458378
97	118	0.267682
97	132	1.39942
97	162	1.80108
97	167	1.85659
97	171	0.977725
97	175	0.285364
97	176	0.250338
97	179	0.163657
98	10	1.38066
98	14	1.40226
98	24	1.31699
98	33	1.37758
98	39	1.40753
98	42	1.40779
98	50	1.27162
98	51	0.34033
98	53	1.34606
98	61	1.40941
98	70	1.36214
98	83	0.304669
98	89	1.45405
98	93	0.073599
98	97	1.43079
98	105	0.662372
98	109	1.05201
98	112	1.15219
98	130	0.16396
98	132	1.40098
98	147	0.173346
98	151	0.216547
98	162	2.49489
98	171	0.979281
98	180	0.681268
99	10	0.248176
99	23	1.63058
99	32	1.4986
99	35	1.5188
99	73	0.568672
99	92	0.349123
99	102	1.4041
99	114	0.464757
99	116	1.36629
99	119	0.466763
99	122	0.382322
99	128	1.44056
99	140	1.34951
99	151	1.37901
99	158	1.33026
99	161	1.23563
99	166	0.349478
99	167	1.05454
99	170	0.354303
99	173	0.374726
99	175	1.28898
99	176	1.17829
99	177	0.348289
99	179	1.16399
99	180	1.16216
100	28	1.49452
100	63	0.436386
100	69	1.4673
100	71	1.39392
100	111	1.42642
100	113	0.222316
100	123	1.44723
100	129	0.413276
100	131	0.42022
100	139	0.349193
100	142	0.40195
100	144	1.26807
100	147	1.42433
100	148	1.31739
100	152	1.39045
100	153	0.344009
100	154	1.21744
100	157	1.33968
100	158	1.27904
100	159	0.313955
100	161	1.18441
100	172	0.334318
100	175	1.23776
100	177	0.350209
100	179	1.11277
101	15	1.28169
101	22	0.821341
101	46	1.39288
101	51	1.09125
101	72	0.642415
101	75	0.807296
101	80	1.1094
101	84	1.13616
101	87	0.216284
101	95	1.17361
101	102	1.12082
101	117	1.17221
101	118	1.17142
101	120	0.70774
101	131	0.786545
101	132	0.751387
101	135	1.00856
101	137	1.165
101	140	1.06622
101	147	1.19226
101	151	1.09572
101	160	0.865685
101	168	0.931919
101	169	0.93969
101	175	1.00569
101	179	0.880701
102	14	1.32123
102	49	1.39595
102	67	0.887878
102	70	0.188302
102	71	1.31131
102	74	1.47491
102	79	0.601813
102	86	1.34138
102	99	1.4041
102	101	1.12082
102	105	1.04671
102	113	0.346405
102	117	1.32167
102	120	0.465504
102	132	0.509151
102	140	1.21568
102	142	0.526038
102	147	1.34172
102	148	1.23479
102	155	0.506581
102	160	1.01515
102	163	1.18074
102	164	0.485041
102	175	1.15515
102	177	0.474298
102	179	1.03016
103	24	1.33788
103	25	1.59042
103	31	1.38064
103	40	1.17283
103	45	0.506802
103	73	0.577422
103	78	0.424462
103	128	1.40866
103	133	1.27265
103	136	1.30917
103	137	1.41639
103	141	1.31963
103	142	0.408779
103	144	1.28739
103	149	0.38016
103	153	0.350839
103	157	1.359
103	161	1.20373
103	163	1.28267
103	168	1.1833
103	170	0.363053
103	173	0.383476
103	174	0.370479
103	176	1.14638
103	178	0.339459
103	180	1.13025
104	4	1.38318
104	13	1.32287
104	19	0.149682
104	38	1.38411
104	45	1.32747
104	50	1.24968
104	54	1.42566
104	65	1.09751
104	67	0.946974
104	68	1.29769
104	74	0.120612
104	78	1.40657
104	82	1.36973
104	83	1.28732
104	87	1.42677
104	93	0.101412
104	105	1.1058
104	114	1.38765
104	125	1.55469
104	132	1.37904
104	134	0.290435
104	141	0.316286
104	145	0.412804
104	157	0.206154
104	171	2.5297
104	180	0.709081
105	16	0.305518
105	26	1.15922
105	35	1.1614
105	38	1.10145
105	48	1.00574
105	53	0.996273
105	76	1.06239
105	78	1.1239
105	82	1.08707
105	85	0.94272
105	87	1.1441
105	97	0.424984
105	98	0.662372
105	102	1.04671
105	104	1.1058
105	118	1.09731
105	123	1.14106
105	144	0.961894
105	161	0.878234
105	163	0.957174
105	166	1.10276
105	169	0.865581
105	170	1.1209
105	172	1.12934
105	173	1.12969
105	177	1.14553
105	178	1.14494
106	10	0.800954
106	11	1.09297
106	38	0.323319
106	60	1.10058
106	67	0.707352
106	68	0.92953
106	70	1.11947
106	82	0.938265
106	85	1.21889
106	89	1.28846
106	108	1.19787
106	114	1.14803
106	115	1.18654
106	123	1.1841
106	139	1.13503
106	150	1.13808
106	160	0.834622
106	161	0.921279
106	167	0.740194
106	171	0.717722
106	172	1.17238
106	174	1.16925
106	176	0.863937
106	177	1.18858
106	178	1.18798
106	179	0.849637
106	180	0.847805
107	6	0.44788
107	25	0.411382
107	41	1.2093
107	46	0.387938
107	84	0.67591
107	114	1.26744
107	123	0.539579
107	129	1.26525
107	134	0.746057
107	137	0.625763
107	139	1.25444
107	142	1.26667
107	147	0.656781
107	148	0.682302
107	153	1.26056
107	155	1.26835
107	159	1.26809
107	164	1.25269
107	165	1.25372
107	166	1.26521
107	170	1.28335
107	172	1.29179
107	173	1.29214
107	174	1.28865
107	177	1.30798
107	178	1.30739
107	180	1.1647
108	9	1.45198
108	15	0.175879
108	16	1.38171
108	17	1.42743
108	20	0.179188
108	31	0.368218
108	33	1.40467
108	48	1.43618
108	51	1.34884
108	63	1.41905
108	67	2.11266
108	76	1.46635
108	80	0.294913
108	83	0.430063
108	85	1.50754
108	106	1.19787
108	112	1.13852
108	113	1.46629
108	115	1.47519
108	132	1.42807
108	152	0.238688
108	162	1.02162
108	163	0.519748
108	167	1.02884
108	168	0.584706
108	175	0.524414
108	176	0.749809
109	4	1.22286
109	6	1.23032
109	16	0.661682
109	61	1.02908
109	70	0.981809
109	78	1.40099
109	85	1.29888
109	86	1.04208
109	89	1.07372
109	95	1.02377
109	97	1.05045
109	98	1.05201
109	115	1.04291
109	116	0.933161
109	130	1.00479
109	134	0.969961
109	140	0.91638
109	144	0.886164
109	157	0.957774
109	164	1.01451
109	167	0.621419
109	169	0.789851
109	171	0.598947
109	172	1.05361
109	173	1.05396
109	174	1.05047
109	177	1.0698
109	178	1.06921
109	179	0.730862
110	1	1.49435
110	8	1.2928
110	47	1.23808
110	49	1.42889
110	53	0.450592
110	60	1.31406
110	64	1.2996
110	69	1.41764
110	81	0.475949
110	85	0.397039
110	115	0.141067
110	117	1.35462
110	118	1.35382
110	121	1.41229
110	124	1.40837
110	133	1.20367
110	138	0.443843
110	140	1.24863
110	150	0.489114
110	154	1.16779
110	157	1.29002
110	159	0.395472
110	161	1.13475
110	165	0.471108
110	172	0.415835
110	176	1.07741
110	177	0.431726
110	178	0.414147
110	179	1.06311
111	5	1.40991
111	21	1.46107
111	89	0.261427
111	100	1.42642
111	120	0.369641
111	121	1.45289
111	123	1.43817
111	136	1.28079
111	140	1.28922
111	145	1.2137
111	146	0.503001
111	147	1.41527
111	149	0.401557
111	152	1.38139
111	154	1.20838
111	155	0.410719
111	156	1.30275
111	157	1.33062
111	159	0.342182
111	162	0.987042
111	164	0.389179
111	165	0.417818
111	168	1.15492
111	170	0.38445
111	172	0.362545
111	174	0.391876
111	175	1.2287
111	176	1.118
111	180	1.10187
112	5	1.09649
112	17	1.07943
112	49	1.15607
112	54	1.02477
112	64	1.02677
112	68	0.991282
112	87	0.823174
112	89	1.35021
112	97	0.458378
112	98	1.15219
112	108	1.13852
112	113	1.11829
112	115	1.12718
112	124	1.13554
112	128	1.06685
112	137	1.07458
112	152	1.06797
112	162	0.673618
112	165	1.07496
112	167	0.680837
112	169	0.849268
112	170	1.10459
112	171	0.658365
112	173	1.11338
112	174	1.10989
112	176	0.804579
112	177	1.12922
112	178	1.12863
112	179	0.79028
113	9	1.43175
113	16	1.36148
113	17	1.4072
113	33	1.38444
113	48	1.41595
113	51	1.32861
113	62	0.316934
113	63	1.39883
113	69	0.298338
113	71	1.39921
113	76	1.44613
113	83	0.49181
113	85	1.48731
113	100	0.222316
113	102	0.346405
113	108	1.46629
113	112	1.11829
113	114	1.41645
113	115	1.45496
113	125	1.06425
113	128	0.342041
113	132	1.40784
113	133	0.4609
113	137	0.329469
113	147	0.360487
113	161	0.634562
113	162	1.0014
113	167	1.00861
113	168	0.646453
113	171	2.68903
114	13	1.32206
114	34	0.426857
114	37	0.5473
114	38	1.3833
114	74	0.524301
114	76	1.41651
114	78	1.40575
114	86	0.483951
114	87	1.42595
114	91	0.472792
114	99	0.464757
114	104	1.38765
114	106	1.14803
114	107	1.26744
114	113	1.41645
114	115	1.42535
114	117	0.507294
114	132	1.37823
114	134	0.694124
114	147	0.604849
114	152	0.544796
114	157	0.609844
114	162	0.97178
114	167	0.978999
114	170	1.40275
114	173	1.41154
114	174	1.40805
114	176	1.05592
114	177	1.42738
114	178	1.42679
115	1	0.130326
115	9	1.44065
115	16	1.37038
115	17	1.4161
115	24	0.375081
115	33	1.39334
115	43	0.217663
115	48	1.42485
115	63	1.40772
115	65	0.827608
115	71	1.4081
115	76	1.45502
115	85	1.4962
115	106	1.18654
115	108	1.47519
115	109	1.04291
115	110	0.141067
115	112	1.12718
115	113	1.45496
115	114	1.42535
115	125	1.07315
115	130	0.188335
115	132	1.41674
115	147	0.197722
115	148	0.223243
115	162	1.01029
115	163	0.418729
115	167	1.01751
115	171	2.52627
115	180	0.705643
116	69	1.34688
116	84	1.2478
116	90	1.35828
116	99	1.36629
116	109	0.933161
116	119	0.590358
116	126	1.34568
116	127	1.30481
116	128	1.26892
116	134	1.23145
116	136	1.16944
116	138	0.484001
116	139	0.470867
116	148	1.19697
116	149	0.495005
116	153	0.465684
116	155	0.504167
116	157	1.21926
116	159	0.43563
116	160	0.977331
116	161	1.06399
116	162	0.875685
116	163	1.14293
116	169	1.05134
116	172	0.455993
116	174	0.485324
116	175	1.11734
116	179	0.992347
116	180	0.990515
117	22	0.495633
117	26	1.43418
117	63	0.477003
117	75	0.481588
117	91	1.46543
117	101	1.17221
117	102	1.32167
117	110	1.35462
117	114	0.507294
117	122	0.42486
117	127	1.39402
117	130	1.35549
117	140	1.26707
117	141	1.2691
117	143	1.16341
117	144	1.23686
117	146	0.515392
117	149	0.413948
117	152	1.35924
117	153	0.384626
117	157	1.30847
117	158	1.24783
117	160	1.06654
117	163	1.23214
117	166	0.392016
117	168	1.13277
117	169	1.14054
117	170	0.39684
117	173	0.417264
117	180	1.07972
118	43	1.3328
118	44	0.483996
118	45	0.650137
118	54	0.176823
118	59	1.46541
118	60	1.33171
118	76	0.585355
118	77	0.664545
118	91	1.46464
118	95	1.37367
118	97	0.267682
118	101	1.17142
118	105	1.09731
118	110	1.35382
118	126	1.43409
118	128	1.35734
118	129	0.56344
118	136	1.25785
118	138	0.512491
118	148	1.28539
118	154	1.18544
118	155	0.532656
118	159	0.464119
118	160	1.06575
118	161	1.1524
118	163	1.23135
118	168	1.13198
118	171	0.948849
118	174	0.513813
118	179	1.08076
118	180	1.07893
119	1	0.53946
119	15	0.483994
119	19	0.555378
119	28	0.428941
119	93	0.507108
119	99	0.466763
119	116	0.590358
119	120	1.24282
119	130	0.597469
119	131	1.27707
119	134	0.696131
119	138	1.29521
119	139	1.29524
119	142	1.30747
119	144	0.686644
119	146	1.25737
119	150	1.29829
119	152	0.546803
119	153	1.30136
119	155	1.30915
119	159	1.30889
119	161	0.88093
119	164	1.2935
119	165	1.29452
119	166	1.30602
119	170	1.32415
119	172	1.33259
119	173	1.33294
119	174	1.32946
119	177	1.34879
119	178	1.34819
120	6	0.270685
120	74	0.399038
120	90	0.357403
120	101	0.70774
120	102	0.465504
120	111	0.369641
120	119	1.24282
120	122	1.3206
120	129	1.31923
120	131	1.29025
120	137	0.448568
120	138	1.30839
120	139	1.30842
120	142	1.32065
120	143	0.739212
120	146	1.27055
120	149	1.3626
120	150	1.31147
120	153	1.31454
120	154	0.703713
120	155	1.32233
120	157	0.484581
120	161	0.753661
120	164	1.30667
120	165	1.3077
120	170	1.33733
120	172	1.34577
120	173	1.34612
120	174	1.34263
120	177	1.36197
120	178	1.36137
120	179	1.01066
120	180	0.987508
121	2	1.54835
121	4	0.25996
121	20	1.48092
121	33	0.484065
121	34	1.49114
121	40	1.17998
121	75	0.461433
121	76	0.455653
121	88	1.551
121	96	0.50784
121	110	1.41229
121	111	1.45289
121	126	1.49256
121	131	0.440682
121	135	1.26709
121	139	0.369654
121	141	1.32678
121	145	1.24923
121	146	0.495236
121	147	1.45079
121	148	1.34386
121	158	1.3055
121	160	1.12421
121	164	0.381414
121	166	0.37186
121	167	1.02979
121	172	0.35478
121	173	0.397108
121	175	1.26422
121	176	1.15353
121	177	0.370671
121	179	1.13923
121	180	1.1374
122	2	0.374248
122	14	0.230348
122	20	0.402862
122	79	1.28604
122	99	0.382322
122	117	0.42486
122	120	1.3206
122	127	0.415914
122	131	1.35485
122	136	0.535905
122	140	0.588283
122	142	1.38525
122	145	0.734059
122	146	1.33515
122	149	1.4272
122	150	1.37607
122	153	1.37914
122	155	1.38693
122	159	1.38667
122	161	0.796489
122	163	0.743422
122	164	1.37127
122	165	1.3723
122	166	1.38379
122	168	0.80838
122	170	1.40193
122	171	0.955709
122	172	1.41037
122	173	1.41072
122	174	1.40723
122	175	0.748088
122	177	1.42656
122	178	1.42597
122	180	1.03034
123	3	1.52035
123	43	1.37654
123	47	1.29949
123	52	0.553527
123	56	0.451191
123	66	0.548952
123	73	0.591562
123	100	1.44723
123	105	1.14106
123	106	1.1841
123	107	0.539579
123	111	1.43817
123	135	1.25237
123	139	0.370162
123	140	1.31003
123	141	1.31206
123	142	0.422919
123	145	1.23451
123	148	1.32914
123	151	1.33953
123	156	1.32355
123	157	1.35142
123	160	1.1095
123	161	1.19615
123	163	1.27509
123	164	0.381921
123	165	0.410561
123	168	1.17573
123	172	0.355288
123	173	0.397616
123	176	1.13881
123	177	0.371179
123	178	0.353599
123	179	1.12451
123	180	1.12268
124	38	0.235901
124	68	0.217813
124	74	1.58006
124	77	0.565796
124	86	1.44652
124	110	1.40837
124	112	1.13554
124	126	1.48863
124	129	0.46469
124	130	1.40924
124	132	0.436477
124	133	1.27587
124	134	1.3744
124	136	1.3124
124	138	0.413741
124	141	1.32285
124	150	0.459012
124	151	1.35033
124	155	0.433907
124	156	1.33435
124	157	1.36222
124	158	1.30158
124	159	0.36537
124	161	1.20695
124	162	1.01864
124	164	0.412367
124	165	0.441006
124	169	1.19429
124	175	1.2603
124	176	1.14961
124	177	0.401624
124	178	0.384045
124	179	1.13531
124	180	1.13347
125	13	1.58969
125	42	1.6905
125	47	0.911218
125	48	1.03413
125	61	0.79041
125	76	1.06431
125	80	0.964943
125	82	1.37471
125	85	1.10549
125	93	1.11216
125	104	1.55469
125	113	1.06425
125	115	1.07315
125	132	1.02603
125	137	1.02054
125	140	0.921759
125	148	0.940866
125	149	1.07582
125	151	0.951262
125	154	0.840919
125	156	0.935284
125	160	0.721226
125	161	0.807883
125	162	0.61958
125	164	1.01989
125	166	1.03241
125	167	0.626799
125	169	0.795231
125	171	0.604327
125	172	1.05899
125	174	1.05585
125	177	1.07518
125	178	1.07459
125	179	0.736242
125	180	0.734409
126	47	1.31835
126	56	0.420155
126	64	1.37987
126	75	0.430904
126	78	0.407565
126	93	1.51929
126	95	1.43629
126	116	1.34568
126	118	1.43409
126	121	1.49256
126	124	1.48863
126	129	0.403209
126	132	0.374995
126	137	1.42768
126	138	0.35226
126	144	1.29868
126	145	1.25337
126	147	1.45494
126	149	0.363264
126	150	0.397531
126	151	1.3584
126	152	1.42106
126	153	0.333942
126	155	0.372426
126	156	1.34242
126	157	1.37029
126	159	0.303888
126	163	1.29396
126	168	1.1946
126	169	1.20237
126	170	0.346157
126	172	0.324252
126	173	0.36658
126	175	1.26837
126	176	1.15768
126	178	0.322563
126	179	1.14338
127	1	1.53376
127	17	0.390024
127	47	1.27749
127	55	0.409685
127	63	0.468057
127	64	1.33901
127	66	0.559654
127	78	0.449304
127	79	0.509396
127	86	1.41373
127	93	1.47843
127	94	1.32813
127	116	1.30481
127	117	1.39402
127	122	0.415914
127	130	1.37645
127	134	1.34161
127	136	1.27961
127	137	1.38682
127	141	1.29006
127	143	1.18437
127	144	1.25782
127	146	0.506446
127	147	1.41408
127	149	0.405002
127	156	1.30156
127	158	1.26879
127	161	1.17416
127	163	1.2531
127	165	0.421263
127	166	0.38307
127	173	0.408318
127	174	0.395321
127	177	0.381881
127	179	1.10252
127	180	1.10068
128	12	1.35188
128	28	1.44838
128	31	1.31518
128	42	0.318523
128	44	0.453557
128	45	0.619697
128	52	0.652282
128	69	1.42115
128	78	0.537357
128	90	1.43256
128	99	1.44056
128	103	1.40866
128	112	1.06685
128	113	0.342041
128	116	1.26892
128	118	1.35734
128	130	1.34055
128	133	1.20719
128	143	1.14848
128	148	1.27124
128	150	0.527322
128	156	1.26566
128	158	1.23289
128	159	0.43368
128	162	0.949958
128	163	1.2172
128	165	0.509316
128	168	1.11784
128	170	0.475948
128	171	0.934705
128	173	0.496371
128	174	0.483374
128	175	1.19161
128	176	1.08092
128	178	0.452354
128	179	1.06662
128	180	1.06479
129	3	0.292487
129	58	0.42248
129	60	0.447067
129	88	0.367245
129	92	1.30292
129	93	0.4517
129	95	0.62467
129	100	0.413276
129	107	1.26525
129	118	0.56344
129	120	1.31923
129	124	0.46469
129	126	0.403209
129	131	1.35348
129	133	0.65186
129	135	0.601694
129	138	1.37163
129	139	1.37165
129	142	1.38388
129	146	1.33378
129	149	1.42584
129	150	1.3747
129	153	1.37777
129	154	0.775574
129	155	1.38556
129	156	0.622335
129	158	0.634951
129	159	1.3853
129	164	1.36991
129	165	1.37094
129	166	1.38243
129	170	1.40056
129	171	0.954342
129	172	1.409
129	173	1.40935
129	174	1.40587
129	176	1.00252
129	177	1.4252
129	178	1.4246
130	7	0.659953
130	8	1.29367
130	32	1.39859
130	41	0.580873
130	90	1.42991
130	98	0.16396
130	109	1.00479
130	115	0.188335
