1	103	0.856457
1	117	1.06668
1	122	1.02534
1	123	1.07473
1	124	0.982328
1	127	1.0399
1	129	0.924517
1	134	1.04882
1	162	1.08284
1	171	0.911428
1	175	0.914278
1	176	1.07936
2	104	0.849444
2	117	1.0571
2	122	1.01576
2	123	1.06515
2	126	1.04939
2	127	1.03032
2	134	1.03923
2	162	1.07326
2	171	0.915494
2	176	1.06978
2	179	0.907874
2	180	0.931209
3	11	0.728272
3	69	0.722604
3	117	1.21043
3	123	1.21848
3	124	1.12608
3	126	1.20272
3	134	1.19257
3	162	1.22659
3	167	0.696338
3	170	0.740175
3	175	0.721606
3	176	1.22312
4	41	1.11673
4	43	1.27974
4	59	1.14964
4	87	1.19216
4	89	1.19216
4	103	0.693778
4	136	0.724465
4	143	0.739978
4	150	0.744584
4	152	1.21293
4	155	0.705668
4	160	1.25663
5	12	1.09583
5	22	1.02178
5	64	1.08796
5	65	0.946819
5	68	1.08272
5	82	1.04697
5	100	0.832564
5	113	0.880563
5	119	1.03475
5	128	0.93863
5	130	1.08317
5	180	0.951857
6	45	0.87506
6	73	0.874634
6	79	0.902298
6	146	0.941359
6	163	1.04897
6	169	1.06949
6	170	1.04319
6	171	1.04176
6	174	1.0436
6	178	1.05719
6	179	1.05032
6	180	1.04549
7	29	1.17208
7	45	1.27069
7	48	1.21452
7	49	1.19815
7	65	1.11883
7	82	1.21898
7	88	0.696966
7	119	1.20676
7	163	0.733798
7	169	0.706319
7	173	0.734001
7	174	0.736997
8	61	1.16206
8	81	1.25997
8	95	1.15323
8	97	1.20306
8	99	0.72373
8	100	1.21156
8	151	1.18771
8	155	0.672339
8	164	1.2224
8	172	0.751308
8	173	0.725588
8	177	0.735081
9	36	1.20831
9	71	1.16936
9	75	1.1955
9	102	1.21332
9	106	1.17012
9	136	1.21908
9	137	1.22431
9	139	0.720888
9	149	0.689196
9	150	0.72392
9	163	0.73805
9	178	0.732968
10	18	0.66978
10	33	1.26402
10	58	1.1969
10	59	1.13675
10	87	1.17928
10	89	1.17928
10	135	0.739886
10	144	0.694561
10	152	1.20004
10	160	1.24374
10	174	0.747414
10	177	0.753911
11	3	0.728272
11	25	0.65494
11	37	0.712706
11	59	0.813366
11	79	0.6842
11	142	1.19648
11	146	1.20834
11	165	1.20731
11	173	1.19632
11	178	1.20337
11	179	1.1965
11	180	1.19168
12	5	1.09583
12	17	1.24841
12	22	1.18572
12	45	1.26262
12	48	1.20644
12	49	1.19008
12	82	1.21091
12	128	0.720029
12	144	0.677852
12	150	0.713376
12	168	0.743527
12	172	0.75343
13	101	1.20482
13	105	1.17587
13	132	0.751436
13	135	0.72626
13	145	1.21475
13	149	1.18435
13	151	0.750035
13	155	0.677542
13	164	1.21036
13	165	1.19901
13	169	0.70311
13	176	1.21083
14	90	1.24673
14	122	1.17013
14	123	1.21953
14	124	1.12712
14	127	1.18469
14	141	0.720455
14	150	0.721761
14	162	1.22764
14	169	0.708413
14	173	0.736095
14	176	1.22416
14	179	0.718306
15	24	0.637689
15	32	0.719342
15	95	0.797798
15	107	0.695164
15	142	0.741617
15	161	1.20309
15	169	1.22246
15	170	1.19617
15	175	1.19053
15	177	1.186
15	179	1.20329
15	180	1.19847
16	44	0.696875
16	117	1.22137
16	121	0.740009
16	122	1.18003
16	123	1.22942
16	124	1.13702
16	127	1.19459
16	134	1.20351
16	161	0.706179
16	168	0.749619
16	176	1.23406
16	179	0.716013
17	12	1.24841
17	45	1.25127
17	49	1.17873
17	65	1.0994
17	68	1.2353
17	82	1.19956
17	119	1.18733
17	148	0.753034
17	171	0.718034
17	172	0.753923
17	174	0.731199
17	176	0.648637
18	10	0.66978
18	28	1.29801
18	36	1.20121
18	54	1.13733
18	62	1.23801
18	71	1.16226
18	75	1.1884
18	125	1.17477
18	140	0.741383
18	144	0.69816
18	159	0.755783
18	171	0.737849
19	53	0.741276
19	61	1.16206
19	81	1.25997
19	95	1.15323
19	97	1.20306
19	100	1.21156
19	119	0.742634
19	129	0.722596
19	131	0.675546
19	151	1.18771
19	159	0.727441
19	164	1.2224
20	85	1.27363
20	93	1.33727
20	94	1.33727
20	111	1.23824
20	112	0.718778
20	114	1.28675
20	115	1.28886
20	122	0.658112
20	137	1.33797
20	139	0.637858
20	150	0.640891
20	155	0.601975
20	178	0.649938
21	24	1.38781
21	28	1.37917
21	36	1.28237
21	54	1.2185
21	62	1.31918
21	71	1.24342
21	75	1.26956
21	77	0.69474
21	91	0.678502
21	110	0.595296
21	172	0.684371
21	176	0.579084
21	177	0.668144
22	5	1.02178
22	12	1.18572
22	29	1.08996
22	45	1.18858
22	48	1.1324
22	49	1.11604
22	63	1.22866
22	82	1.13686
22	116	0.778057
22	143	0.779591
22	167	0.765942
22	179	0.780741
22	180	0.804076
23	29	0.673809
23	71	0.607848
23	122	1.27998
23	124	1.23696
23	126	1.3136
23	127	1.29453
23	134	1.30345
23	143	0.647486
23	151	0.685668
23	155	0.613175
23	162	1.33748
23	176	1.334
23	177	0.675918
24	15	0.637689
24	21	1.38781
24	36	1.31425
24	47	1.283
24	54	1.25038
24	71	1.2753
24	75	1.30144
24	112	0.713098
24	125	1.28782
24	128	0.641864
24	140	0.64291
24	167	0.616957
24	174	0.65254
25	11	0.65494
25	35	0.727258
25	77	1.2289
25	114	1.29341
25	115	1.29553
25	120	1.26836
25	136	1.33942
25	137	1.34464
25	143	0.636655
25	154	0.572195
25	162	1.32974
25	178	0.650308
25	180	0.661141
26	88	0.77157
26	105	1.11602
26	116	0.788133
26	131	0.764476
26	140	1.09627
26	142	1.12833
26	145	1.1549
26	154	1.16384
26	164	1.15051
26	165	1.13916
26	167	0.776018
26	173	0.808605
26	176	1.15097
27	40	1.16567
27	42	1.16567
27	51	1.1091
27	79	1.14796
27	85	1.0906
27	93	1.15424
27	94	1.15424
27	115	0.754758
27	125	1.11251
27	138	0.750829
27	166	0.802879
27	174	0.806807
27	179	0.786024
28	18	1.29801
28	21	1.37917
28	54	1.24174
28	62	1.34242
28	71	1.26667
28	72	0.642996
28	75	1.2928
28	99	0.653238
28	125	1.27918
28	148	0.679926
28	150	0.640762
28	159	0.662861
28	169	0.627414
29	7	1.17208
29	22	1.08996
29	23	0.673809
29	48	1.11069
29	63	1.20694
29	68	1.1509
29	82	1.11515
29	119	1.10293
29	130	1.15135
29	154	0.746641
29	167	0.797453
29	172	0.85576
29	173	0.83004
30	45	0.705486
30	48	0.803546
30	70	0.78774
30	142	0.801343
30	161	1.13722
30	162	0.795023
30	167	1.17039
30	171	1.12886
30	172	1.11853
30	174	1.1307
30	178	1.14429
30	179	1.13742
30	180	1.1326
31	67	0.579901
31	95	1.24813
31	100	1.30647
31	129	0.669667
31	138	1.26982
31	145	1.32169
31	154	1.33063
31	164	1.3173
31	165	1.30595
31	166	0.665814
31	167	0.63416
31	168	0.682565
31	170	0.677997
32	15	0.719342
32	40	1.25525
32	42	1.25525
32	44	0.694271
32	51	1.19868
32	57	1.18547
32	79	1.23754
32	85	1.18018
32	93	1.24381
32	94	1.24381
32	131	0.687068
32	150	0.716864
32	155	0.677948
32	179	0.713409
33	10	1.26402
33	41	1.14107
33	59	1.17397
33	80	1.26972
33	87	1.2165
33	89	1.2165
33	98	0.651757
33	103	0.657561
33	152	1.23726
33	160	1.28096
33	168	0.738518
33	174	0.725696
33	175	0.715381
33	178	0.717414
34	46	0.74255
34	78	1.17594
34	138	1.20737
34	139	0.681421
34	140	1.20062
34	141	1.19029
34	145	1.25924
34	154	1.26819
34	164	1.25486
34	165	1.2435
34	168	0.714604
34	173	0.698787
34	175	0.691467
34	179	0.680998
35	25	0.727258
35	38	1.03324
35	61	1.05784
35	81	1.15575
35	95	1.04901
35	97	1.09884
35	100	1.10735
35	128	1.09629
35	151	1.08349
35	161	0.866697
35	162	0.818816
35	163	0.894116
35	164	1.11818
35	174	0.897315
36	9	1.20831
36	18	1.20121
36	21	1.28237
36	24	1.31425
36	55	0.720683
36	62	1.24562
36	71	1.16986
36	75	1.196
36	125	1.18238
36	143	0.685259
36	148	0.729028
36	158	0.717371
36	167	0.67161
36	179	0.686409
37	11	0.712706
37	40	1.25317
37	42	1.25317
37	51	1.1966
37	55	0.729846
37	79	1.23546
37	85	1.1781
37	93	1.24174
37	94	1.24174
37	103	0.64822
37	125	1.20001
37	161	0.685737
37	173	0.71336
37	180	0.718907
38	35	1.03324
38	61	1.05784
38	81	1.15575
38	95	1.04901
38	97	1.09884
38	100	1.10735
38	128	1.09629
38	148	0.88058
38	151	1.08349
38	155	0.8025
38	158	0.868923
38	161	0.828127
38	164	1.11818
38	169	0.828068
39	84	1.07417
39	102	1.10158
39	103	0.822279
39	104	1.09399
39	107	1.15894
39	114	1.06134
39	115	1.06346
39	120	1.03629
39	131	0.843289
39	137	1.11257
39	144	0.837561
39	146	0.788677
39	162	1.09767
39	172	0.913139
40	27	1.16567
40	32	1.25525
40	37	1.25317
40	57	1.19249
40	79	1.24456
40	85	1.1872
40	93	1.25083
40	94	1.25083
40	133	0.666632
40	136	0.696266
40	145	0.633313
40	158	0.743891
40	170	0.741968
40	171	0.720549
41	4	1.11673
41	33	1.14107
41	43	1.14391
41	58	1.07395
41	59	1.0138
41	87	1.05633
41	89	1.05633
41	103	0.796091
41	139	0.843864
41	152	1.07709
41	160	1.12079
41	175	0.853911
41	177	0.870723
41	179	0.843442
42	27	1.16567
42	32	1.25525
42	37	1.25317
42	57	1.19249
42	79	1.24456
42	85	1.1872
42	93	1.25083
42	94	1.25083
42	107	0.605003
42	156	0.704171
42	170	0.731888
42	174	0.723634
42	178	0.715353
42	180	0.726186
43	4	1.27974
43	41	1.14391
43	58	1.23696
43	59	1.17681
43	69	0.689642
43	78	0.724154
43	87	1.21934
43	89	1.21934
43	129	0.698884
43	132	0.716607
43	143	0.677025
43	152	1.2401
43	160	1.2838
43	180	0.70151
44	16	0.696875
44	32	0.694271
44	76	0.690967
44	94	0.690924
44	98	0.714785
44	150	1.24288
44	159	1.22241
44	168	1.21607
44	169	1.24121
44	175	1.20927
44	176	0.706163
44	178	1.22891
44	179	1.22204
44	180	1.21722
45	6	0.87506
45	7	1.27069
45	12	1.26262
45	17	1.25127
45	22	1.18858
45	30	0.705486
45	46	0.701379
45	65	1.11361
45	68	1.24951
45	82	1.21376
45	130	1.24996
45	137	0.591345
45	171	0.647446
45	172	0.683335
46	34	0.74255
46	45	0.701379
46	79	0.728617
46	100	0.752673
46	112	1.13308
46	114	0.826228
46	147	0.74412
46	166	1.18069
46	168	1.16777
46	171	1.16519
46	173	1.17356
46	177	1.15645
46	178	1.18061
46	179	1.17374
46	180	1.16892
47	24	1.283
47	54	1.11368
47	55	0.773712
47	62	1.21436
47	75	1.16474
47	84	1.15516
47	106	1.13936
47	111	1.09382
47	114	1.14232
47	128	0.749545
47	137	1.19355
47	153	0.803856
47	168	0.773043
47	169	0.729544
47	176	0.67766
48	7	1.21452
48	12	1.20644
48	22	1.1324
48	29	1.11069
48	30	0.803546
48	49	1.13676
48	63	1.24938
48	64	1.19858
48	65	1.05744
48	130	1.19379
48	154	0.672277
48	159	0.763441
48	170	0.766926
48	175	0.748357
48	178	0.75039
49	7	1.19815
49	12	1.19008
49	17	1.17873
49	22	1.11604
49	48	1.13676
49	63	1.23302
49	68	1.17697
49	74	0.736608
49	82	1.14123
49	83	0.728743
49	119	1.12901
49	128	0.775714
49	156	0.766927
49	165	0.722954
49	171	0.773226
50	64	0.736613
50	69	0.7553
50	92	1.13319
50	109	1.19748
50	120	0.74029
50	131	0.717492
50	133	1.16775
50	140	1.12968
50	141	1.11935
50	146	1.1736
50	152	1.169
50	154	1.19725
50	157	0.786347
50	160	1.2127
50	177	0.771115
51	27	1.1091
51	32	1.19868
51	37	1.1966
51	57	1.13592
51	60	0.81496
51	67	0.674419
51	79	1.18799
51	85	1.13063
51	93	1.19426
51	94	1.19426
51	125	1.15254
51	156	0.744797
51	158	0.774438
51	167	0.728677
51	170	0.772514
52	127	0.777816
52	130	0.725643
52	138	0.766267
52	142	0.750067
52	150	1.18736
52	153	1.13322
52	156	1.19014
52	164	0.730226
52	169	1.18569
52	173	1.16634
52	174	1.1598
52	176	0.739684
52	177	1.14923
52	179	1.16652
52	180	1.1617
53	19	0.741276
53	75	0.73354
53	107	0.728619
53	130	0.750648
53	138	0.791272
53	146	0.745514
53	161	1.16831
53	167	1.20149
53	171	1.15996
53	172	1.14963
53	174	1.1618
53	177	1.15122
53	178	1.17539
53	179	1.16852
53	180	1.16369
54	18	1.13733
54	21	1.2185
54	24	1.25038
54	28	1.24174
54	47	1.11368
54	62	1.18175
54	71	1.10599
54	75	1.13213
54	124	0.76778
54	125	1.1185
54	156	0.738981
54	158	0.768622
54	161	0.727826
54	163	0.755245
54	175	0.748129
55	36	0.720683
55	37	0.729846
55	47	0.773712
55	108	0.736482
55	120	0.81781
55	147	0.716842
55	158	1.15263
55	166	1.17648
55	168	1.16356
55	169	1.1887
55	173	1.16935
55	174	1.16281
55	177	1.15223
55	179	1.16953
55	180	1.16471
56	72	1.13686
56	78	1.09913
56	101	1.1725
56	130	1.19371
56	134	0.730045
56	136	0.750856
56	146	1.16773
56	150	0.770975
56	160	1.20683
56	162	0.709805
56	164	1.17805
56	165	1.16669
56	171	0.77514
56	176	1.17851
56	179	0.76752
57	32	1.18547
57	40	1.19249
57	42	1.19249
57	51	1.13592
57	79	1.17478
57	85	1.11742
57	91	0.769616
57	93	1.18105
57	94	1.18105
57	99	0.747906
57	125	1.13933
57	159	0.757529
57	163	0.74956
57	174	0.752759
57	179	0.731975
58	10	1.1969
58	41	1.07395
58	43	1.23696
58	59	1.10685
58	80	1.2026
58	86	0.720336
58	87	1.14938
58	89	1.14938
58	136	0.738586
58	149	0.723981
58	152	1.17014
58	160	1.21384
58	168	0.788856
58	174	0.776034
58	179	0.75525
59	4	1.14964
59	10	1.13675
59	11	0.813366
59	33	1.17397
59	41	1.0138
59	43	1.17681
59	58	1.10685
59	87	1.08923
59	89	1.08923
59	122	0.816907
59	128	0.806339
59	152	1.11
59	160	1.1537
59	161	0.786396
59	169	0.786337
59	179	0.796231
60	51	0.81496
60	100	0.762605
60	107	0.760715
60	110	0.812997
60	114	0.83616
60	142	0.807169
60	155	1.16286
60	157	1.10055
60	158	1.09643
60	161	1.11312
60	167	1.1463
60	169	1.1325
60	170	1.1062
60	178	1.1202
60	179	1.11333
60	180	1.1085
61	8	1.16206
61	19	1.16206
61	35	1.05784
61	38	1.05784
61	81	1.18035
61	95	1.07361
61	97	1.12344
61	100	1.13194
61	121	0.801895
61	151	1.10808
61	164	1.14278
61	168	0.811505
61	171	0.785518
61	172	0.821407
61	174	0.798682
61	178	0.790401
62	18	1.23801
62	21	1.31918
62	28	1.34242
62	36	1.24562
62	47	1.21436
62	54	1.18175
62	71	1.20667
62	75	1.23281
62	91	0.712993
62	113	0.627394
62	125	1.21918
62	150	0.678807
62	151	0.712384
62	173	0.693141
62	178	0.687855
62	180	0.698688
63	22	1.22866
63	29	1.20694
63	48	1.24938
63	49	1.23302
63	64	1.29484
63	65	1.15369
63	68	1.28959
63	73	0.556434
63	82	1.25384
63	99	0.720042
63	115	0.672846
63	130	1.29004
63	136	0.687448
63	157	0.746626
63	161	0.694277
63	180	0.727447
64	5	1.08796
64	48	1.19858
64	50	0.736613
64	63	1.29484
64	65	1.10289
64	81	0.696388
64	82	1.20305
64	137	0.731377
64	140	0.791013
64	145	0.700242
64	146	0.698905
64	150	1.22226
64	165	0.737206
64	177	1.18412
64	178	1.20829
64	179	1.20142
64	180	1.19659
65	5	0.946819
65	7	1.11883
65	17	1.0994
65	45	1.11361
65	48	1.05744
65	63	1.15369
65	64	1.10289
65	68	1.09764
65	82	1.0619
65	88	0.83844
65	96	0.858555
65	119	1.04968
65	121	0.881684
65	130	1.0981
65	155	0.822226
65	169	0.847793
65	179	0.857687
66	69	0.7183
66	102	1.20952
66	104	1.20193
66	106	1.16631
66	111	1.12077
66	115	1.17139
66	120	1.14422
66	136	1.21528
66	137	1.2205
66	147	1.24448
66	153	0.771251
66	158	0.737795
66	159	0.732387
66	161	0.696999
66	162	1.2056
66	173	0.724621
66	180	0.730168
67	31	0.579901
67	51	0.674419
67	72	0.72371
67	78	0.764001
67	87	1.23229
67	89	1.23229
67	102	0.659502
67	110	0.672456
67	141	0.72017
67	152	1.25306
67	157	1.23304
67	160	1.29676
67	171	1.23725
67	177	1.22851
67	179	1.24581
67	180	1.24099
68	5	1.08272
68	17	1.2353
68	29	1.1509
68	45	1.24951
68	49	1.17697
68	63	1.28959
68	65	1.09764
68	82	1.1978
68	119	1.18558
68	130	1.234
68	132	0.746553
68	153	0.77254
68	163	0.725706
68	167	0.693323
68	173	0.72591
68	174	0.728905
68	175	0.718591
69	3	0.722604
69	43	0.689642
69	50	0.7553
69	66	0.7183
69	70	0.733548
69	90	0.717956
69	125	0.759067
69	144	1.23301
69	153	1.15937
69	157	1.1799
69	167	1.22564
69	172	1.17378
69	173	1.19249
69	175	1.17991
69	177	1.17538
69	179	1.19267
69	180	1.18785
70	30	0.78774
70	69	0.733548
70	86	1.19302
70	96	1.16817
70	98	1.2159
70	108	1.22591
70	109	1.23289
70	115	0.690815
70	118	1.16445
70	135	0.735337
70	138	1.17184
70	140	1.16509
70	141	1.15476
70	144	0.690012
70	165	1.20797
70	179	0.722081
70	180	0.745416
71	9	1.16936
71	18	1.16226
71	21	1.24342
71	23	0.607848
71	24	1.2753
71	28	1.26667
71	36	1.16986
71	54	1.10599
71	62	1.20667
71	74	0.717292
71	75	1.15705
71	112	0.827632
71	125	1.14343
71	144	0.714221
71	155	0.710829
71	170	0.775328
71	175	0.756759
72	28	0.642996
72	56	1.13686
72	67	0.72371
72	96	1.11077
72	97	0.762065
72	101	1.15639
72	105	1.12744
72	133	1.14577
72	146	1.15161
72	149	1.13592
72	151	0.829799
72	152	1.14701
72	154	1.17526
72	158	0.823729
72	165	1.15058
72	175	0.803237
72	176	1.16239
72	177	0.820049
73	6	0.874634
73	63	0.556434
73	95	1.21926
73	97	1.26909
73	100	1.2776
73	123	1.28427
73	124	1.19186
73	126	1.2685
73	134	1.25835
73	148	0.68202
73	151	1.25374
73	153	0.703819
73	156	0.640722
73	164	1.28843
73	169	0.629508
73	172	0.68291
73	176	1.2889
73	179	0.639401
74	49	0.736608
74	71	0.717292
74	80	0.671307
74	116	1.21355
74	120	0.754538
74	142	0.706686
74	146	0.677127
74	149	0.726812
74	162	0.700366
74	166	1.21581
74	167	1.24183
74	170	1.20173
74	173	1.20867
74	174	1.20214
74	175	1.19609
74	177	1.19156
74	178	1.21573
74	179	1.20886
74	180	1.20403
75	9	1.1955
75	18	1.1884
75	21	1.26956
75	24	1.30144
75	28	1.2928
75	36	1.196
75	47	1.16474
75	53	0.73354
75	54	1.13213
75	62	1.23281
75	71	1.15705
75	125	1.16957
75	151	0.731183
75	161	0.684318
75	166	0.711008
75	168	0.727758
75	169	0.684259
75	177	0.721434
75	180	0.717487
76	44	0.690967
76	86	1.20227
76	92	1.17785
76	105	1.19409
76	108	1.23517
76	133	1.21241
76	136	0.693441
76	137	0.661623
76	141	1.16401
76	142	1.20639
76	145	1.23296
76	156	0.711426
76	158	0.741067
76	164	1.22858
76	165	1.21723
76	170	0.739143
76	176	1.22904
76	177	0.737387
76	180	0.73344
77	21	0.69474
77	25	1.2289
77	102	1.11409
77	104	1.10649
77	106	1.07088
77	107	1.17145
77	111	1.02533
77	114	1.07384
77	115	1.07596
77	120	1.04879
77	137	1.12507
77	147	1.14904
77	155	0.805495
77	156	0.842278
77	161	0.831122
77	162	1.11017
77	163	0.858541
77	167	0.826158
77	175	0.851426
78	34	1.17594
78	43	0.724154
78	56	1.09913
78	67	0.764001
78	83	1.10608
78	86	1.09789
78	92	1.07347
78	101	1.11866
78	112	0.9144
78	123	0.767792
78	140	1.06996
78	146	1.11388
78	149	1.09819
78	152	1.10928
78	165	1.11285
78	166	0.849913
78	171	0.840677
78	175	0.843527
78	176	1.12467
79	6	0.902298
79	11	0.6842
79	27	1.14796
79	32	1.23754
79	37	1.23546
79	40	1.24456
79	42	1.24456
79	46	0.728617
79	51	1.18799
79	57	1.17478
79	85	1.16949
79	93	1.23313
79	94	1.23313
79	125	1.1914
79	157	0.709579
79	166	0.683921
79	168	0.700671
79	176	0.605288
79	180	0.6904
80	33	1.26972
80	58	1.2026
80	74	0.671307
80	87	1.18498
80	89	1.18498
80	112	0.781647
80	117	1.20844
80	126	1.20073
80	127	1.18166
80	134	1.19058
80	136	0.683641
80	139	0.700727
80	152	1.20574
80	159	0.725858
80	160	1.24944
80	163	0.71789
80	166	0.71716
80	176	1.22113
80	178	0.712807
81	8	1.25997
81	19	1.25997
81	35	1.15575
81	38	1.15575
81	61	1.18035
81	64	0.696388
81	91	0.741248
81	95	1.17152
81	97	1.22135
81	100	1.22985
81	119	0.744354
81	128	1.2188
81	143	0.702458
81	151	1.206
81	162	0.645893
81	164	1.24069
81	166	0.720464
81	177	0.73089
81	180	0.726943
82	5	1.04697
82	7	1.21898
82	12	1.21091
82	17	1.19956
82	22	1.13686
82	29	1.11515
82	45	1.21376
82	49	1.14123
82	63	1.25384
82	64	1.20305
82	65	1.0619
82	68	1.1978
82	88	0.727289
82	151	0.783567
82	153	0.810954
82	154	0.680926
82	159	0.77209
82	167	0.731737
82	175	0.757005
82	179	0.746536
83	49	0.728743
83	78	1.10608
83	85	0.705303
83	98	1.18157
83	108	1.19159
83	118	1.13012
83	129	0.770924
83	133	1.16883
83	138	1.13751
83	142	1.16281
83	145	1.18938
83	146	1.17468
83	154	1.19833
83	156	0.751537
83	158	0.781177
83	165	1.17365
83	167	0.735417
83	171	0.757835
83	176	1.18546
83	177	0.777497
84	39	1.07417
84	47	1.15516
84	88	0.731106
84	102	1.19143
84	104	1.18384
84	106	1.14822
84	107	1.24879
84	111	1.10268
84	115	1.1533
84	120	1.12613
84	121	0.77435
84	137	1.20241
84	141	0.752502
84	147	1.22638
84	152	0.712429
84	161	0.740519
84	162	1.18751
84	163	0.767938
84	177	0.777635
84	179	0.750354
85	20	1.27363
85	27	1.0906
85	32	1.18018
85	37	1.1781
85	40	1.1872
85	42	1.1872
85	51	1.13063
85	57	1.11742
85	79	1.16949
85	83	0.705303
85	86	0.707253
85	93	1.17576
85	94	1.17576
85	125	1.13403
85	148	0.784786
85	159	0.76772
85	171	0.749786
85	172	0.785675
85	175	0.752636
85	178	0.754669
86	58	0.720336
86	70	1.19302
86	76	1.20227
86	78	1.09789
86	85	0.707253
86	98	1.17338
86	109	1.19038
86	110	1.1839
86	112	0.833508
86	113	0.704206
86	118	1.12194
86	129	0.772874
86	130	1.19248
86	140	1.12257
86	145	1.1812
86	149	1.15081
86	154	1.19015
86	167	0.737366
86	173	0.769953
86	178	0.764667
87	4	1.19216
87	10	1.17928
87	33	1.2165
87	41	1.05633
87	43	1.21934
87	58	1.14938
87	59	1.08923
87	67	1.23229
87	80	1.18498
87	89	1.13176
87	103	0.721068
87	117	0.736086
87	136	0.751755
87	152	1.15252
87	160	1.19622
87	162	0.710704
87	163	0.786004
87	169	0.758525
87	171	0.776038
87	179	0.768419
88	7	0.696966
88	26	0.77157
88	65	0.83844
88	82	0.727289
88	84	0.731106
88	113	1.21281
88	122	0.788508
88	129	1.15973
88	138	0.732637
88	159	1.16936
88	162	0.710117
88	170	1.16186
88	171	1.16043
88	172	1.1501
88	173	1.1688
88	175	1.15622
88	177	1.15169
88	178	1.17586
88	179	1.16899
88	180	1.16416
89	4	1.19216
89	10	1.17928
89	33	1.2165
89	41	1.05633
89	43	1.21934
89	58	1.14938
89	59	1.08923
89	67	1.23229
89	80	1.18498
89	87	1.13176
89	128	0.755367
89	131	0.718917
89	152	1.15252
89	160	1.19622
89	166	0.762114
89	167	0.73046
89	170	0.774297
89	178	0.757761
89	179	0.745259
89	180	0.768594
90	14	1.24673
90	69	0.717956
90	117	1.21394
90	119	0.747236
90	122	1.1726
90	123	1.22199
90	124	1.12959
90	126	1.20623
90	127	1.18715
90	134	1.19607
90	147	1.26898
90	158	0.737451
90	160	0.616378
90	162	1.2301
90	166	0.723345
90	175	0.716959
90	176	1.22662
90	178	0.718992
90	180	0.729825
91	21	0.678502
91	57	0.769616
91	62	0.712993
91	81	0.741248
91	97	0.794017
91	110	0.779153
91	159	1.1694
91	161	1.16882
91	162	0.767004
91	163	1.16768
91	164	0.753484
91	166	1.17598
91	167	1.202
91	168	1.16305
91	170	1.1619
91	172	1.15013
91	173	1.16884
91	175	1.15626
91	177	1.15173
91	180	1.1642
92	50	1.13319
92	76	1.17785
92	78	1.07347
92	99	0.784875
92	105	1.1179
92	133	1.13623
92	138	1.1049
92	141	1.08783
92	142	1.13021
92	149	1.12639
92	153	0.833363
92	154	1.16572
92	159	0.794499
92	163	0.78653
92	164	1.15239
92	165	1.14104
92	169	0.759051
92	171	0.776565
92	176	1.15286
92	177	0.796227
92	178	0.781447
93	20	1.33727
93	27	1.15424
93	32	1.24381
93	37	1.24174
93	40	1.25083
93	42	1.25083
93	51	1.19426
93	57	1.18105
93	79	1.23313
93	85	1.17576
93	94	1.2394
93	125	1.19767
93	128	0.710559
93	136	0.683787
93	148	0.74307
93	155	0.66499
93	156	0.701772
93	157	0.742965
93	164	0.629215
93	175	0.71092
93	180	0.723786
94	20	1.33727
94	27	1.15424
94	32	1.24381
94	37	1.24174
94	40	1.25083
94	42	1.25083
94	44	0.690924
94	51	1.19426
94	57	1.18105
94	79	1.23313
94	85	1.17576
94	93	1.2394
94	123	0.644796
94	125	1.19767
94	139	0.710485
94	143	0.708912
94	147	0.605551
94	148	0.752681
94	166	0.726918
94	168	0.743668
94	178	0.722564
95	8	1.15323
95	15	0.797798
95	19	1.15323
95	31	1.24813
95	35	1.04901
95	38	1.04901
95	61	1.07361
95	73	1.21926
95	81	1.17152
95	97	1.11461
95	100	1.12311
95	102	0.733345
95	128	1.11206
95	135	0.805121
95	150	0.79532
95	151	1.09926
95	153	0.856284
95	162	0.734151
95	164	1.13395
95	169	0.781972
95	175	0.802335
96	65	0.858555
96	70	1.16817
96	72	1.11077
96	98	1.14853
96	113	0.739988
96	118	1.09709
96	138	1.10447
96	139	0.78837
96	140	1.09772
96	141	1.0874
96	142	1.12978
96	145	1.15635
96	149	1.12595
96	155	0.752486
96	160	1.18074
96	161	0.778113
96	165	1.14061
96	169	0.778054
96	176	1.15243
96	177	0.815229
96	178	0.800449
97	8	1.20306
97	19	1.20306
97	35	1.09884
97	38	1.09884
97	61	1.12344
97	72	0.762065
97	73	1.26909
97	81	1.22135
97	91	0.794017
97	95	1.11461
97	100	1.17294
97	116	0.753692
97	128	1.16189
97	147	0.651865
97	151	1.14909
97	159	0.78193
97	164	1.18378
97	165	0.713724
97	175	0.766846
97	180	0.779712
98	33	0.651757
98	44	0.714785
98	70	1.2159
98	83	1.18157
98	86	1.17338
98	96	1.14853
98	105	1.1652
98	110	1.20678
98	118	1.14482
98	133	1.18353
98	145	1.20408
98	146	1.18937
98	149	1.17368
98	154	1.21302
98	158	0.764885
98	161	0.724089
98	163	0.751508
98	167	0.719124
98	172	0.777432
98	176	1.20015
98	177	0.761205
98	178	0.746425
99	8	0.72373
99	28	0.653238
99	57	0.747906
99	63	0.720042
99	92	0.784875
99	108	0.718138
99	109	0.73247
99	122	1.16486
99	124	1.12185
99	126	1.19849
99	127	1.17942
99	129	1.187
99	134	1.18833
99	137	0.754528
99	158	1.17935
99	161	1.19605
99	165	0.760357
99	171	1.1877
99	175	1.18349
99	176	1.21888
99	178	1.20313
99	180	1.19143
100	5	0.832564
100	8	1.21156
100	19	1.21156
100	31	1.30647
100	35	1.10735
100	38	1.10735
100	46	0.752673
100	60	0.762605
100	61	1.13194
100	73	1.2776
100	81	1.22985
100	95	1.12311
100	97	1.17294
100	120	0.687578
100	128	1.17039
100	132	0.729553
100	151	1.15759
100	164	1.19228
100	166	0.707977
100	170	0.720159
100	171	0.698741
100	180	0.714457
101	13	1.20482
101	56	1.1725
101	72	1.15639
101	78	1.11866
101	106	0.700234
101	109	1.21114
101	133	1.18141
101	142	1.17539
101	145	1.20196
101	149	1.17157
101	151	0.758808
101	152	1.18266
101	154	1.21091
101	160	1.22636
101	163	0.739361
101	165	1.18623
101	167	0.706978
101	172	0.765285
101	173	0.739565
101	178	0.734279
101	179	0.721776
101	180	0.745112
102	9	1.21332
102	39	1.10158
102	66	1.20952
102	67	0.659502
102	77	1.11409
102	84	1.19143
102	95	0.733345
102	104	1.21125
102	106	1.17563
102	107	1.2762
102	111	1.13009
102	114	1.17859
102	118	0.722704
102	119	0.769305
102	120	1.15354
102	121	0.752555
102	137	1.22982
102	139	0.728981
102	162	1.21492
102	163	0.746144
102	173	0.746347
102	174	0.749343
103	1	0.856457
103	4	0.693778
103	33	0.657561
103	37	0.64822
103	39	0.822279
103	41	0.796091
103	87	0.721068
103	107	0.64188
103	113	1.2308
103	118	1.15427
103	122	0.760404
103	138	1.16166
103	141	1.14458
103	149	1.18314
103	154	1.22247
103	165	1.19779
103	166	1.19393
103	172	1.16809
103	174	1.18026
103	178	1.19385
103	179	1.18698
103	180	1.18216
104	2	0.849444
104	39	1.09399
104	66	1.20193
104	77	1.10649
104	84	1.18384
104	102	1.21125
104	106	1.16804
104	107	1.26861
104	114	1.171
104	115	1.17312
104	120	1.14595
104	134	0.691174
104	135	0.741905
104	137	1.22223
104	147	1.24621
104	152	0.690724
104	162	1.20733
104	165	0.685997
104	166	0.745504
104	169	0.718755
104	179	0.728649
104	180	0.751984
105	13	1.17587
105	26	1.11602
105	72	1.12744
105	76	1.19409
105	92	1.1179
105	98	1.1652
105	108	1.17522
105	109	1.1822
105	118	1.11376
105	133	1.15247
105	140	1.11439
105	149	1.14262
105	150	0.748448
105	151	0.782024
105	152	1.15371
105	157	0.787507
105	159	0.770547
105	170	0.774031
105	171	0.752612
105	172	0.788501
105	174	0.765777
105	176	1.1691
105	179	0.744993
106	9	1.17012
106	47	1.13936
106	66	1.16631
106	77	1.07088
106	84	1.14822
106	101	0.700234
106	102	1.17563
106	104	1.16804
106	107	1.23299
106	111	1.08688
106	114	1.13539
106	115	1.13751
106	116	0.762852
106	117	0.733204
106	120	1.11034
106	129	0.786245
106	137	1.18662
106	161	0.755702
106	162	1.17171
106	170	0.794574
106	172	0.809045
106	173	0.783324
106	174	0.78632
107	15	0.695164
107	39	1.15894
107	42	0.605003
107	53	0.728619
107	60	0.760715
107	77	1.17145
107	84	1.24879
107	102	1.2762
107	103	0.64188
107	104	1.26861
107	106	1.23299
107	110	0.643665
107	111	1.18745
107	114	1.23596
107	115	1.23807
107	120	1.21091
107	137	1.28718
107	147	1.31116
107	156	0.690552
107	162	1.27228
107	163	0.706816
107	168	0.722837
107	174	0.710015
108	55	0.736482
108	70	1.22591
108	76	1.23517
108	83	1.19159
108	99	0.718138
108	105	1.17522
108	110	1.2168
108	117	0.669875
108	119	0.742954
108	125	0.662729
108	138	1.16222
108	141	1.14515
108	146	1.19939
108	149	1.1837
108	152	1.19479
108	153	0.766626
108	154	1.22304
108	159	0.727761
108	160	1.23849
108	165	1.19836
108	168	0.735814
108	174	0.722991
108	176	1.21017
108	180	0.725543
109	50	1.19748
109	70	1.23289
109	86	1.19038
109	99	0.73247
109	101	1.21114
109	105	1.1822
109	118	1.16181
109	131	0.690199
109	132	0.754972
109	137	0.668058
109	138	1.1692
109	141	1.15212
109	142	1.1945
109	145	1.22107
109	146	1.20637
109	153	0.780958
109	154	1.23002
109	160	1.24547
109	162	0.658825
109	165	1.20534
109	171	0.724159
109	177	0.743822
109	179	0.71654
109	180	0.739875
110	21	0.595296
110	60	0.812997
110	67	0.672456
110	86	1.1839
110	91	0.779153
110	98	1.20678
110	107	0.643665
110	108	1.2168
110	113	0.693554
110	130	1.22587
110	132	0.779945
110	134	0.704038
110	138	1.16272
110	141	1.14564
110	142	1.18802
110	145	1.21459
110	146	1.19989
110	149	1.1842
110	154	1.22354
110	160	1.23899
110	164	1.21021
110	165	1.19886
110	173	0.759301
110	180	0.764848
111	20	1.23824
111	47	1.09382
111	66	1.12077
111	77	1.02533
111	84	1.10268
111	102	1.13009
111	106	1.08688
111	107	1.18745
111	114	1.08984
111	115	1.09196
111	120	1.06479
111	129	0.826227
111	136	1.13585
111	137	1.14107
111	143	0.804368
111	144	0.773449
111	147	1.16505
111	158	0.836479
111	160	0.715407
111	161	0.795684
111	162	1.12617
111	171	0.813138
111	178	0.81802
111	180	0.828853
112	20	0.718778
112	24	0.713098
112	46	1.13308
112	71	0.827632
112	78	0.9144
112	80	0.781647
112	86	0.833508
112	113	1.16195
112	139	1.1534
112	154	0.802811
112	157	1.10536
112	158	1.10123
112	164	0.797186
112	167	1.1511
112	170	1.11101
112	171	1.10958
112	172	1.09924
112	174	1.11141
112	175	1.10537
112	176	0.806644
112	177	1.10084
112	178	1.125
112	179	1.11813
112	180	1.11331
113	5	0.880563
113	62	0.627394
113	86	0.704206
113	88	1.21281
113	96	0.739988
113	103	1.2308
113	110	0.693554
113	112	1.16195
113	118	0.733265
113	137	0.690638
113	140	0.750274
113	156	1.22624
113	157	1.18984
113	163	1.20128
113	165	0.696467
113	170	1.19549
113	171	1.19406
113	173	1.20243
113	175	1.18985
113	176	0.677342
113	177	1.18532
113	178	1.20949
113	179	1.20262
113	180	1.1978
114	20	1.28675
114	25	1.29341
114	39	1.06134
114	46	0.826228
114	47	1.14232
114	60	0.83616
114	77	1.07384
114	102	1.17859
114	104	1.171
114	106	1.13539
114	107	1.23596
114	111	1.08984
114	115	1.14047
114	120	1.1133
114	131	0.738335
114	137	1.18958
114	142	0.713282
114	147	1.21355
114	152	0.726751
114	160	0.674565
114	162	1.17468
114	164	0.69344
114	165	0.722024
114	175	0.775145
114	177	0.791958
115	20	1.28886
115	25	1.29553
115	27	0.754758
115	39	1.06346
115	63	0.672846
115	66	1.17139
115	70	0.690815
115	77	1.07596
115	84	1.1533
115	104	1.17312
115	106	1.13751
115	107	1.23807
115	111	1.09196
115	114	1.14047
115	120	1.11542
115	136	1.18647
115	137	1.19169
115	144	0.723744
115	148	0.798432
115	151	0.792844
115	162	1.17679
115	170	0.784851
115	171	0.763433
115	173	0.773601
115	179	0.755813
116	22	0.778057
116	26	0.788133
116	74	1.21355
116	97	0.753692
116	106	0.762852
116	133	0.738097
116	137	0.735913
116	138	0.7492
116	149	0.753126
116	153	1.13018
116	154	0.718784
116	155	1.21302
116	158	1.14659
116	159	1.16386
116	164	0.713159
116	167	1.19646
116	169	1.18266
116	170	1.15636
116	172	1.1446
116	173	1.1633
116	175	1.15072
116	177	1.14619
116	178	1.17036
116	179	1.16349
116	180	1.15866
117	1	1.06668
117	2	1.0571
117	3	1.21043
117	16	1.22137
117	80	1.20844
117	87	0.736086
117	90	1.21394
117	106	0.733204
117	108	0.669875
117	122	1.13734
117	123	1.18673
117	124	1.09433
117	126	1.17097
117	127	1.1519
117	134	1.16082
117	147	1.23372
117	152	0.716822
117	153	0.819165
117	156	0.756068
117	159	0.7803
117	162	1.19484
117	165	0.712094
117	170	0.783785
117	172	0.798255
117	176	1.19137
118	70	1.16445
118	83	1.13012
118	86	1.12194
118	96	1.09709
118	98	1.14482
118	102	0.722704
118	103	1.15427
118	105	1.11376
118	109	1.16181
118	113	0.733265
118	119	0.821971
118	136	0.76456
118	140	1.09401
118	146	1.13793
118	149	1.12224
118	150	0.784679
118	152	1.13333
118	154	1.16158
118	156	0.782545
118	157	0.823739
118	160	1.17703
118	165	1.1369
118	167	0.766426
118	176	1.14871
118	177	0.808506
118	180	0.80456
119	5	1.03475
119	7	1.20676
119	17	1.18733
119	19	0.742634
119	29	1.10293
119	49	1.12901
119	65	1.04968
119	68	1.18558
119	81	0.744354
119	90	0.747236
119	102	0.769305
119	108	0.742954
119	118	0.821971
119	120	0.824282
119	122	0.848502
119	130	1.18603
119	148	1.14121
119	149	0.796556
119	164	0.75659
119	172	1.12931
119	173	1.14802
119	174	1.14148
119	175	1.13544
119	177	1.13091
119	179	1.1482
119	180	1.14338
120	25	1.26836
120	39	1.03629
120	50	0.74029
120	55	0.81781
120	66	1.14422
120	74	0.754538
120	77	1.04879
120	84	1.12613
120	100	0.687578
120	102	1.15354
120	104	1.14595
120	106	1.11034
120	107	1.21091
120	111	1.06479
120	114	1.1133
120	115	1.11542
120	119	0.824282
120	128	0.793644
120	136	1.1593
120	137	1.16453
120	147	1.1885
120	151	0.820567
120	155	0.748075
120	162	1.14963
120	168	0.817142
120	174	0.80432
121	16	0.740009
121	61	0.801895
121	65	0.881684
121	84	0.77435
121	102	0.752555
121	140	0.82223
121	152	0.773151
121	153	1.10895
121	154	0.745465
121	155	1.19178
121	157	1.12948
121	158	1.12535
121	159	1.14262
121	162	0.753361
121	163	1.14091
121	166	1.1492
121	168	1.13628
121	170	1.13513
121	171	1.1337
121	172	1.12336
121	175	1.12949
121	176	0.749298
121	177	1.12496
121	178	1.14912
121	179	1.14225
121	180	1.13743
122	1	1.02534
122	2	1.01576
122	14	1.17013
122	16	1.18003
122	20	0.658112
122	23	1.27998
122	59	0.816907
122	88	0.788508
122	90	1.1726
122	99	1.16486
122	103	0.760404
122	117	1.13734
122	119	0.848502
122	123	1.14539
122	124	1.05299
122	126	1.12963
122	127	1.11056
122	134	1.11948
122	145	0.728138
122	147	1.19238
122	155	0.772294
122	162	1.1535
122	167	0.792956
122	168	0.841361
122	169	0.797861
122	176	1.15003
123	1	1.07473
123	2	1.06515
123	3	1.21848
123	14	1.21953
123	16	1.22942
123	73	1.28427
123	78	0.767792
123	90	1.22199
123	94	0.644796
123	117	1.18673
123	122	1.14539
123	124	1.10238
123	126	1.17902
123	127	1.15995
123	129	0.742522
123	132	0.760245
123	134	1.16887
123	143	0.720663
123	147	1.24177
123	157	0.764328
123	159	0.747367
123	162	1.20289
123	166	0.738669
123	170	0.750851
123	175	0.732282
123	176	1.19942
123	180	0.745149
124	1	0.982328
124	3	1.12608
124	14	1.12712
124	16	1.13702
124	23	1.23696
124	54	0.76778
124	73	1.19186
124	90	1.12959
124	99	1.12185
124	117	1.09433
124	122	1.05299
124	123	1.10238
124	126	1.08662
124	127	1.06755
124	134	1.07646
124	144	0.78513
124	147	1.14937
124	158	0.84816
124	160	0.727088
124	161	0.807365
124	162	1.11049
124	170	0.846237
124	174	0.837983
124	176	1.10701
124	177	0.844481
124	178	0.829701
124	179	0.817199
125	18	1.17477
125	24	1.28782
125	27	1.11251
125	28	1.27918
125	36	1.18238
125	37	1.20001
125	51	1.15254
125	54	1.1185
125	57	1.13933
125	62	1.21918
125	69	0.759067
125	71	1.14343
125	75	1.16957
125	79	1.1914
125	85	1.13403
125	93	1.19767
125	94	1.19767
125	108	0.662729
125	126	0.684049
125	127	0.723955
125	142	0.696206
125	156	0.748921
125	158	0.778562
125	159	0.773154
125	163	0.765185
125	166	0.764456
125	179	0.7476
126	2	1.04939
126	3	1.20272
126	23	1.3136
126	73	1.2685
126	80	1.20073
126	90	1.20623
126	99	1.19849
126	117	1.17097
126	122	1.12963
126	123	1.17902
126	124	1.08662
126	125	0.684049
126	127	1.14419
126	134	1.15311
126	143	0.722377
126	147	1.22601
126	148	0.766146
126	156	0.724848
126	162	1.18713
126	168	0.757133
126	170	0.752565
126	171	0.731147
126	172	0.767036
126	176	1.18365
126	177	0.750809
126	178	0.736029
126	179	0.723527
127	1	1.0399
127	2	1.03032
127	14	1.18469
127	16	1.19459
127	23	1.29453
127	52	0.777816
127	80	1.18166
127	90	1.18715
127	99	1.17942
127	117	1.1519
127	122	1.11056
127	123	1.15995
127	124	1.06755
127	125	0.723955
127	126	1.14419
127	131	0.737092
127	134	1.13403
127	135	0.776689
127	144	0.731364
127	147	1.20694
127	150	0.766888
127	162	1.16806
127	165	0.720781
127	168	0.797039
127	170	0.792471
127	172	0.806942
127	173	0.781222
127	176	1.16458
128	5	0.93863
128	12	0.720029
128	24	0.641864
128	35	1.09629
128	38	1.09629
128	47	0.749545
128	49	0.775714
128	59	0.806339
128	81	1.2188
128	89	0.755367
128	93	0.710559
128	95	1.11206
128	97	1.16189
128	100	1.17039
128	120	0.793644
128	132	1.16673
128	133	0.750889
128	151	1.14653
128	163	1.15772
128	164	1.18123
128	165	0.754534
128	166	1.16602
128	168	1.15309
128	170	1.15194
128	177	1.14177
128	178	1.16594
128	179	1.15907
128	180	1.15424
129	1	0.924517
129	19	0.722596
129	31	0.669667
129	43	0.698884
129	83	0.770924
129	86	0.772874
129	88	1.15973
129	99	1.187
129	106	0.786245
129	111	0.826227
129	123	0.742522
129	153	1.11624
129	156	1.17316
129	159	1.14991
129	163	1.1482
129	164	0.736552
129	166	1.15649
129	167	1.18251
129	168	1.14357
129	169	1.16871
129	171	1.14098
129	172	1.13065
129	173	1.14936
129	174	1.14282
129	176	0.74601
129	178	1.15641
129	179	1.14954
129	180	1.14472
130	5	1.08317
130	29	1.15135
130	45	1.24996
130	48	1.19379
130	52	0.725643
130	53	0.750648
130	56	1.19371
130	63	1.29004
130	65	1.0981
130	68	1.234
130	86	1.19248
130	110	1.22587
130	119	1.18603
130	135	0.724516
130	140	1.16455
130	141	1.15422
130	144	0.679191
130	146	1.20847
130	151	0.748292
130	157	0.753775
130	158	0.742222
130	160	1.24757
130	162	0.653546
130	165	1.20744
130	167	0.696462
130	168	0.744866
130	170	0.740298
130	172	0.754769
130	176	1.21925
131	19	0.675546
131	26	0.764476
131	32	0.687068
131	39	0.843289
131	50	0.717492
131	89	0.718917
131	109	0.690199
131	114	0.738335
131	127	0.737092
131	134	0.723263
131	139	1.22244
131	143	1.22402
131	149	0.729469
131	155	1.23671
131	156	1.2108
131	158	1.17027
131	159	1.18754
131	160	0.670626
131	163	1.18583
131	166	1.19412
131	167	1.22014
131	168	1.1812
131	171	1.17862
131	174	1.18046
131	175	1.17441
131	177	1.16988
131	178	1.19404
131	179	1.18717
131	180	1.18235
132	13	0.751436
132	43	0.716607
132	68	0.746553
132	100	0.729553
132	109	0.754972
132	110	0.779945
132	123	0.760245
132	128	1.16673
132	144	1.2068
132	145	0.745894
132	147	0.721
132	148	1.15947
132	152	0.787586
132	157	1.15369
132	159	1.16683
132	160	0.735399
132	161	1.16626
132	163	1.16512
132	167	1.19943
132	168	1.16049
132	169	1.18564
132	171	1.15791
132	172	1.14757
132	174	1.15975
132	175	1.1537
132	176	0.763733
132	177	1.14917
132	178	1.17333
132	179	1.16646
132	180	1.16164
133	40	0.666632
133	50	1.16775
133	72	1.14577
133	76	1.21241
133	83	1.16883
133	92	1.13623
133	98	1.18353
133	101	1.18141
133	105	1.15247
133	116	0.738097
133	128	0.750889
133	135	0.754037
133	138	1.13947
133	140	1.13272
133	141	1.12239
133	142	1.16477
133	144	0.708712
133	145	1.19134
133	146	1.17664
133	148	0.7834
133	149	1.16095
133	151	0.777812
133	154	1.20029
133	157	0.783295
133	163	0.758366
133	165	1.17561
133	172	0.784289
133	176	1.18742
133	177	0.768063
133	179	0.740781
134	1	1.04882
134	2	1.03923
134	3	1.19257
134	16	1.20351
134	23	1.30345
134	56	0.730045
134	73	1.25835
134	80	1.19058
134	90	1.19607
134	99	1.18833
134	104	0.691174
134	110	0.704038
134	117	1.16082
134	122	1.11948
134	123	1.16887
134	124	1.07646
134	126	1.15311
134	127	1.13403
134	131	0.723263
134	147	1.21585
134	159	0.775158
134	162	1.17698
134	166	0.76646
134	172	0.793113
134	173	0.767392
134	176	1.1735
134	177	0.776886
134	178	0.762106
134	179	0.749604
134	180	0.772939
135	10	0.739886
135	13	0.72626
135	70	0.735337
135	95	0.805121
135	104	0.741905
135	127	0.776689
135	130	0.724516
135	133	0.754037
135	138	0.76514
135	139	1.20395
135	145	0.720718
135	150	1.18953
135	152	0.76241
135	153	1.13539
135	158	1.15179
135	159	1.16906
135	161	1.16849
135	162	0.74262
135	167	1.20166
135	168	1.16272
135	170	1.16157
135	171	1.16013
135	172	1.1498
135	173	1.16851
135	174	1.16197
135	175	1.15593
135	177	1.15139
135	178	1.17556
135	179	1.16869
135	180	1.16387
136	4	0.724465
136	9	1.21908
136	25	1.33942
136	40	0.696266
136	56	0.750856
136	58	0.738586
136	63	0.687448
136	66	1.21528
136	76	0.693441
136	80	0.683641
136	87	0.751755
136	93	0.683787
136	111	1.13585
136	115	1.18647
136	118	0.76456
136	120	1.1593
136	137	1.23558
136	147	1.25956
136	148	1.18758
136	152	0.73249
136	160	0.680304
136	161	1.19437
136	162	1.22068
136	166	1.20153
136	173	1.19439
136	174	1.18786
136	176	0.708637
136	177	1.17728
136	178	1.20145
136	179	1.19458
136	180	1.18975
137	9	1.22431
137	20	1.33797
137	25	1.34464
137	39	1.11257
137	45	0.591345
137	47	1.19355
137	64	0.731377
137	66	1.2205
137	76	0.661623
137	77	1.12507
137	84	1.20241
137	99	0.754528
137	102	1.22982
137	104	1.22223
137	106	1.18662
137	107	1.28718
137	109	0.668058
137	111	1.14107
137	113	0.690638
137	114	1.18958
137	115	1.19169
137	116	0.735913
137	120	1.16453
137	136	1.23558
137	144	0.706528
137	146	0.657644
137	147	1.26478
137	162	1.2259
137	165	0.695945
137	166	0.755453
137	177	0.765879
137	178	0.751099
137	179	0.738597
138	27	0.750829
138	31	1.26982
138	34	1.20737
138	52	0.766267
138	53	0.791272
138	70	1.17184
138	83	1.13751
138	88	0.732637
138	92	1.1049
138	96	1.10447
138	103	1.16166
138	108	1.16222
138	109	1.1692
138	110	1.16272
138	116	0.7492
138	133	1.13947
138	135	0.76514
138	141	1.09107
138	142	1.13345
138	146	1.14531
138	149	1.12962
138	154	1.16896
138	160	1.18441
138	163	0.769469
138	164	1.15563
138	165	1.14428
138	166	0.76874
138	167	0.737085
138	170	0.780922
138	174	0.772668
138	175	0.762353
138	176	1.1561
138	178	0.764386
139	9	0.720888
139	20	0.637858
139	34	0.681421
139	41	0.843864
139	80	0.700727
139	94	0.710485
139	96	0.78837
139	102	0.728981
139	112	1.1534
139	131	1.22244
139	135	1.20395
139	141	0.78965
139	146	0.706548
139	147	0.68299
139	153	1.16075
139	157	1.18128
139	158	1.17716
139	159	1.19443
139	162	0.729787
139	165	0.744849
139	166	1.20101
139	167	1.22703
139	168	1.18809
139	169	1.21323
139	170	1.18693
139	171	1.1855
139	172	1.17517
139	174	1.18734
139	175	1.1813
139	176	0.725724
139	177	1.17676
139	178	1.20093
139	179	1.19406
139	180	1.18924
140	18	0.741383
140	24	0.64291
140	26	1.09627
140	34	1.20062
140	50	1.12968
140	64	0.791013
140	70	1.16509
140	78	1.06996
140	86	1.12257
140	96	1.09772
140	105	1.11439
140	113	0.750274
140	118	1.09401
140	121	0.82223
140	130	1.16455
140	133	1.13272
140	141	1.08432
140	142	1.1267
