1	10	0.743951
1	21	0.663458
1	24	0.511979
1	29	0.811224
1	43	0.791696
1	45	0.791939
1	128	0.706377
1	150	4.59378
1	152	3.64491
1	162	0.653654
1	170	0.624128
1	180	0.63738
2	52	0.684357
2	56	0.685161
2	63	0.680283
2	65	0.730634
2	71	0.727137
2	73	0.731222
2	74	0.721345
2	78	0.712673
2	79	0.714323
2	82	0.744776
2	140	6.46115
2	153	3.56508
3	6	0.683386
3	8	0.788508
3	11	0.680438
3	22	0.74785
3	23	0.855307
3	30	0.729588
3	39	0.714413
3	42	0.714128
3	109	1.60244
3	148	0.623375
3	165	0.669655
3	178	5.58538
4	14	0.547141
4	28	0.587298
4	36	0.570086
4	46	0.554898
4	53	0.626558
4	54	1.16409
4	58	0.607802
4	128	3.51721
4	129	0.57051
4	165	0.505553
4	166	7.07992
4	170	1.43235
5	9	0.692252
5	13	0.688312
5	44	0.718655
5	51	0.756256
5	55	0.756616
5	59	0.797769
5	112	0.687889
5	117	3.38685
5	127	0.686724
5	137	4.13878
5	142	0.71747
5	160	0.684934
6	3	0.683386
6	8	0.782464
6	11	0.674393
6	22	0.741805
6	23	0.849262
6	30	0.723544
6	39	0.708368
6	42	0.708083
6	124	2.36932
6	148	0.617331
6	163	4.69281
6	165	0.663611
7	32	0.58978
7	33	0.738816
7	38	0.724159
7	41	0.742845
7	47	0.679521
7	48	0.702247
7	49	0.69713
7	115	0.669223
7	135	4.157
7	155	3.71056
7	163	0.651409
7	174	0.63214
8	3	0.788508
8	6	0.782464
8	11	0.779515
8	22	0.846927
8	30	0.828666
8	39	0.81349
8	42	0.813206
8	127	2.32394
8	148	0.722453
8	165	0.768733
8	176	2.30628
8	179	5.70847
9	5	0.692252
9	13	0.67937
9	18	0.741644
9	44	0.709714
9	51	0.747314
9	55	0.747674
9	59	0.788828
9	127	0.677782
9	142	0.708529
9	155	2.31205
9	160	0.675993
9	177	5.8334
10	1	0.743951
10	21	0.656215
10	29	0.803981
10	43	0.784454
10	45	0.784696
10	124	2.67236
10	127	4.85486
10	128	0.699135
10	129	0.758251
10	162	0.646411
10	170	0.616885
10	180	0.630137
11	3	0.680438
11	6	0.674393
11	8	0.779515
11	22	0.738857
11	23	0.846314
11	30	0.720596
11	39	0.70542
11	42	0.705135
11	98	3.90506
11	148	0.614383
11	160	3.85347
11	165	0.660662
12	32	0.591846
12	38	0.726225
12	41	0.744911
12	47	0.681587
12	48	0.704313
12	49	0.699196
12	86	4.30681
12	110	2.68663
12	112	0.651048
12	115	0.671289
12	163	0.653475
12	174	0.634206
13	5	0.688312
13	9	0.67937
13	18	0.737704
13	44	0.705773
13	51	0.743374
13	55	0.743734
13	59	0.784887
13	94	3.46901
13	127	0.673842
13	142	0.704588
13	160	0.672052
13	178	4.27666
14	4	0.547141
14	15	0.708819
14	28	0.773212
14	36	0.756001
14	46	0.740813
14	53	0.812473
14	54	0.681566
14	58	0.793717
14	91	2.21425
14	128	5.0588
14	165	0.691468
14	170	0.615059
15	14	0.708819
15	28	0.748976
15	36	0.731764
15	46	0.716577
15	53	0.788237
15	54	0.65733
15	58	0.769481
15	96	2.87581
15	129	0.732188
15	165	0.667231
15	170	0.590823
15	176	5.14166
16	32	0.755328
16	33	0.904364
16	38	0.889707
16	41	0.702458
16	47	0.845069
16	48	0.867795
16	49	0.862677
16	130	2.19567
16	145	4.10227
16	153	2.68775
16	156	3.86299
16	163	0.816956
16	174	0.797688
17	37	0.436687
17	52	0.789693
17	56	0.790497
17	65	0.83597
17	69	0.823564
17	74	0.826681
17	78	0.818009
17	79	0.819659
17	82	0.850111
17	142	0.811962
17	147	4.97938
17	148	10.1712
17	162	7.95589
18	9	0.741644
18	13	0.737704
18	44	0.768047
18	51	0.805647
18	55	0.806008
18	59	0.847161
18	112	0.737281
18	126	3.13888
18	127	0.736115
18	133	3.30907
18	142	0.766862
18	160	0.734326
18	165	3.60619
19	37	0.737215
19	52	0.674866
19	56	0.675671
19	63	0.670793
19	69	0.708738
19	71	0.717646
19	73	0.721731
19	74	0.711855
19	79	0.704832
19	82	0.735285
19	115	0.687795
19	116	4.58049
19	151	3.83634
20	28	0.827734
20	36	0.810522
20	46	0.795335
20	53	0.866994
20	54	0.736088
20	58	0.848238
20	129	0.810946
20	134	6.80221
20	136	1.53321
20	163	2.7204
20	165	0.745989
20	170	0.66958
21	1	0.663458
21	10	0.656215
21	24	1.10024
21	29	0.723488
21	43	0.70396
21	45	0.704203
21	117	0.64948
21	128	0.618641
21	129	0.677757
21	162	0.565918
21	170	0.536392
21	173	7.13986
21	180	0.549643
22	3	0.74785
22	6	0.741805
22	8	0.846927
22	11	0.738857
22	23	0.913726
22	30	0.788007
22	39	0.772832
22	42	0.772547
22	148	0.681795
22	151	1.62371
22	164	5.24321
22	165	0.728074
22	168	4.10724
23	3	0.855307
23	6	0.849262
23	11	0.846314
23	22	0.913726
23	30	0.895465
23	39	0.880289
23	42	0.880004
23	57	2.63631
23	126	2.4897
23	141	2.34994
23	148	0.789252
23	165	0.835531
23	176	4.15645
24	1	0.511979
24	21	1.10024
24	29	0.572009
24	43	0.552481
24	45	0.552724
24	117	0.498002
24	129	0.526278
24	151	2.09613
24	162	1.09043
24	164	6.03445
24	170	1.06091
24	171	4.57206
24	180	1.26254
25	26	0.764759
25	27	0.829916
25	31	0.832943
25	40	0.816907
25	50	0.872112
25	101	2.70528
25	121	3.39727
25	128	0.771825
25	129	0.830941
25	139	2.79589
25	148	0.719705
25	174	0.761495
26	25	0.764759
26	27	0.712586
26	31	0.715613
26	40	0.699577
26	50	0.754782
26	94	0.6559
26	96	0.659578
26	115	0.681248
26	128	0.654495
26	129	0.713611
26	148	0.602375
26	153	3.2877
26	168	6.09002
26	174	0.644165
27	25	0.829916
27	26	0.712586
27	31	0.78077
27	40	0.764734
27	50	0.819939
27	96	0.724735
27	108	3.277
27	115	0.746405
27	128	0.719652
27	129	0.778768
27	148	0.667532
27	151	1.76563
27	158	5.61057
27	174	0.709322
28	4	0.587298
28	14	0.773212
28	15	0.748976
28	20	0.827734
28	36	0.796157
28	46	0.78097
28	53	0.85263
28	54	0.721723
28	58	0.833874
28	125	2.33922
28	159	3.08339
28	165	0.731625
28	169	4.93594
28	170	0.655216
29	1	0.811224
29	10	0.803981
29	21	0.723488
29	24	0.572009
29	43	0.851726
29	45	0.851969
29	123	4.73182
29	128	0.766407
29	129	0.825524
29	144	2.79187
29	162	0.713684
29	165	3.02379
29	170	0.684158
29	180	0.69741
30	3	0.729588
30	6	0.723544
30	8	0.828666
30	11	0.720596
30	22	0.788007
30	23	0.895465
30	39	0.754571
30	42	0.754286
30	76	0.777097
30	98	3.17864
30	139	3.63967
30	148	0.663533
30	160	3.12705
30	165	0.709813
31	25	0.832943
31	26	0.715613
31	27	0.78077
31	40	0.767761
31	50	0.822966
31	94	0.724084
31	115	0.749432
31	120	1.43322
31	128	0.722679
31	129	0.781795
31	148	0.670559
31	150	2.52441
31	174	0.712349
31	179	6.81194
32	7	0.58978
32	12	0.591846
32	16	0.755328
32	33	0.705217
32	38	0.69056
32	41	0.709246
32	47	0.645922
32	48	0.668648
32	49	0.663531
32	139	3.09441
32	158	3.82222
32	163	0.61781
32	172	5.74397
32	174	1.42638
33	7	0.738816
33	16	0.904364
33	32	0.705217
33	38	0.839597
33	41	0.892663
33	47	0.794958
33	48	0.817684
33	49	0.812567
33	112	0.764419
33	124	1.85327
33	158	6.04482
33	159	3.38294
33	163	0.766846
33	174	0.747577
34	62	0.732423
34	66	0.732444
34	72	0.82791
34	75	0.803534
34	77	0.770121
34	80	0.762065
34	81	0.761826
34	83	0.799165
34	84	0.798989
34	127	1.9375
34	145	4.6351
34	149	4.65721
34	159	0.730757
34	162	0.679087
35	85	0.727876
35	87	0.721969
35	95	0.754485
35	97	0.754337
35	100	0.750805
35	102	0.747864
35	105	0.780644
35	107	0.747181
35	110	1.82148
35	112	3.16783
35	114	0.761278
35	122	0.773948
35	160	0.711965
35	169	5.7791
35	180	0.639411
36	4	0.570086
36	14	0.756001
36	15	0.731764
36	20	0.810522
36	28	0.796157
36	46	0.763758
36	53	0.835418
36	54	0.704511
36	58	0.816662
36	129	0.779369
36	135	3.28248
36	136	2.11723
36	143	5.04876
36	165	0.714413
36	170	0.638004
37	17	0.436687
37	19	0.737215
37	52	0.751557
37	56	0.752362
37	63	0.747483
37	69	0.785429
37	71	0.794337
37	74	0.788545
37	78	0.779873
37	79	0.781523
37	82	0.811976
37	142	0.773826
37	152	1.69494
37	174	2.29867
37	175	7.06951
38	7	0.724159
38	12	0.726225
38	16	0.889707
38	32	0.69056
38	33	0.839597
38	41	0.878006
38	47	0.780301
38	48	0.803027
38	49	0.79791
38	115	0.770003
38	159	1.66059
38	163	0.752189
38	174	0.73292
38	176	2.94043
38	180	6.36535
39	3	0.714413
39	6	0.708368
39	8	0.81349
39	11	0.70542
39	22	0.772832
39	23	0.880289
39	30	0.754571
39	42	0.73911
39	67	0.759294
39	76	0.761921
39	125	2.00071
39	139	2.79751
39	148	0.648358
39	165	0.694637
39	168	6.21451
40	25	0.816907
40	26	0.699577
40	27	0.764734
40	31	0.767761
40	50	0.80693
40	94	0.708048
40	96	0.711726
40	115	0.733396
40	128	0.706643
40	129	0.765759
40	132	3.81775
40	137	2.76795
40	148	0.654523
40	174	0.696313
40	178	4.12324
41	7	0.742845
41	12	0.744911
41	16	0.702458
41	32	0.709246
41	33	0.892663
41	38	0.878006
41	47	0.833368
41	48	0.557865
41	49	0.589475
41	112	0.802829
41	119	6.8087
41	146	2.9272
41	163	0.770874
41	170	7.04559
41	174	0.751605
42	3	0.714128
42	6	0.708083
42	8	0.813206
42	11	0.705135
42	22	0.772547
42	23	0.880004
42	30	0.754286
42	39	0.73911
42	67	0.759009
42	76	0.761636
42	112	2.19503
42	148	0.648073
42	149	5.05769
42	154	3.61707
42	165	0.694353
43	1	0.791696
43	10	0.784454
43	21	0.70396
43	24	0.552481
43	29	0.851726
43	45	0.832441
43	117	0.777719
43	127	3.3572
43	128	0.74688
43	129	0.805996
43	130	4.1482
43	160	3.51298
43	162	0.694156
43	170	0.66463
43	180	0.677882
44	5	0.718655
44	9	0.709714
44	13	0.705773
44	18	0.768047
44	51	0.773717
44	55	0.774077
44	59	0.81523
44	76	0.760282
44	112	0.70535
44	127	0.704185
44	142	0.734931
44	144	2.32968
44	160	0.702396
44	167	3.8444
44	173	5.33894
45	1	0.791939
45	10	0.784696
45	21	0.704203
45	24	0.552724
45	29	0.851969
45	43	0.832441
45	109	1.77997
45	110	2.98703
45	117	0.777962
45	128	0.747122
45	129	0.806239
45	159	5.09209
45	162	0.694399
45	170	0.664873
45	180	0.678125
46	4	0.554898
46	14	0.740813
46	15	0.716577
46	20	0.795335
46	28	0.78097
46	36	0.763758
46	53	0.82023
46	54	0.689324
46	58	0.801475
46	76	0.766509
46	99	2.49179
46	117	2.7475
46	129	0.764182
46	154	4.84722
46	165	0.699225
46	170	0.622817
47	7	0.679521
47	12	0.681587
47	16	0.845069
47	32	0.645922
47	33	0.794958
47	38	0.780301
47	41	0.833368
47	48	0.758388
47	49	0.753271
47	112	0.705123
47	115	0.725364
47	124	1.53435
47	132	4.69797
47	161	4.1768
47	163	0.70755
47	174	0.688281
48	7	0.702247
48	12	0.704313
48	16	0.867795
48	32	0.668648
48	33	0.817684
48	38	0.803027
48	41	0.557865
48	47	0.758388
48	49	0.775997
48	110	1.77819
48	112	0.727849
48	115	0.74809
48	138	3.12762
48	163	0.730276
48	174	0.711008
48	180	6.50163
49	7	0.69713
49	12	0.699196
49	16	0.862677
49	32	0.663531
49	33	0.812567
49	38	0.79791
49	41	0.589475
49	47	0.753271
49	48	0.775997
49	109	2.46752
49	112	0.722732
49	115	0.742973
49	149	3.39093
49	163	0.725159
49	166	7.53998
49	174	0.70589
50	25	0.872112
50	26	0.754782
50	27	0.819939
50	31	0.822966
50	40	0.80693
50	94	0.763253
50	96	0.766931
50	111	1.30616
50	115	0.788601
50	123	5.08305
50	125	2.55045
50	128	0.761848
50	129	0.820964
50	148	0.709728
50	159	3.29462
50	174	0.751518
51	5	0.756256
51	9	0.747314
51	13	0.743374
51	18	0.805647
51	44	0.773717
51	55	0.811677
51	59	0.852831
51	67	0.795255
51	76	0.797882
51	112	0.742951
51	127	0.741785
51	142	0.772532
51	151	2.49998
51	159	2.25036
51	160	0.739996
51	164	6.85596
51	176	3.5302
52	2	0.684357
52	17	0.789693
52	19	0.674866
52	37	0.751557
52	56	0.690013
52	63	0.685134
52	65	0.735485
52	69	0.72308
52	71	0.731988
52	73	0.736073
52	74	0.726197
52	78	0.717524
52	82	0.749627
52	141	3.21747
52	142	0.711477
52	145	3.98611
52	170	7.03201
53	4	0.626558
53	14	0.812473
53	15	0.788237
53	20	0.866994
53	28	0.85263
53	36	0.835418
53	46	0.82023
53	54	0.760983
53	58	0.873134
53	129	0.835842
53	151	2.39133
53	158	4.92239
53	165	0.770885
53	169	4.11306
53	170	0.694476
53	178	2.93133
54	4	1.16409
54	14	0.681566
54	15	0.65733
54	20	0.736088
54	28	0.721723
54	36	0.704511
54	46	0.689324
54	53	0.760983
54	58	0.742228
54	76	0.707262
54	119	6.3913
54	129	0.704935
54	163	2.78279
54	165	0.639978
54	170	1.23201
54	177	4.20807
54	178	2.17128
55	5	0.756616
55	9	0.747674
55	13	0.743734
55	18	0.806008
55	44	0.774077
55	51	0.811677
55	59	0.853191
55	67	0.795615
55	76	0.798242
55	112	0.743311
55	127	0.742145
55	136	2.30588
55	142	0.772892
55	150	2.7763
55	153	3.04911
55	160	0.740356
55	179	7.06383
56	2	0.685161
56	17	0.790497
56	19	0.675671
56	37	0.752362
56	52	0.690013
56	63	0.685939
56	65	0.73629
56	69	0.723884
56	71	0.732793
56	73	0.736877
56	78	0.718329
56	79	0.719979
56	82	0.750431
56	108	3.17479
56	142	0.712282
56	156	4.68903
56	167	4.20968
57	23	2.63631
57	94	0.68292
57	104	2.62809
57	134	0.650147
57	138	0.678966
57	144	0.711192
57	147	0.697896
57	154	0.6798
57	158	0.661529
57	167	0.681625
57	169	0.669351
57	172	0.648788
57	173	0.65671
57	176	0.679111
57	177	0.661522
57	178	0.682721
57	179	0.651249
58	4	0.607802
58	14	0.793717
58	15	0.769481
58	20	0.848238
58	28	0.833874
58	36	0.816662
58	46	0.801475
58	53	0.873134
58	54	0.742228
58	76	0.819413
58	94	3.4534
58	96	2.60423
58	124	1.77214
58	129	0.817086
58	149	5.69417
58	165	0.752129
58	170	0.67572
59	5	0.797769
59	9	0.788828
59	13	0.784887
59	18	0.847161
59	44	0.81523
59	51	0.852831
59	55	0.853191
59	67	0.382688
59	76	0.839396
59	90	5.15634
59	112	0.784464
59	127	0.783299
59	142	0.814045
59	160	0.781509
59	166	10.5801
59	167	5.6903
59	177	7.03473
60	62	0.736997
60	64	0.805076
60	66	0.737018
60	70	0.908433
60	72	0.832485
60	75	0.808108
60	77	0.774695
60	80	0.766639
60	81	0.7664
60	83	0.803739
60	84	0.803564
60	143	4.0559
60	156	4.49946
60	159	0.735332
60	160	2.19691
60	162	0.683662
60	163	2.18212
61	87	0.683667
61	89	0.732317
61	93	0.719335
61	95	0.716183
61	97	0.716034
61	102	0.709561
61	104	0.705475
61	105	0.742342
61	106	0.744018
61	107	0.708879
61	114	0.722976
61	120	2.49031
61	122	0.735646
61	142	0.706198
61	163	0.679044
61	169	5.04895
61	177	5.90402
61	180	0.601108
62	34	0.732423
62	60	0.736997
62	64	0.730864
62	66	0.662806
62	70	0.834221
62	72	0.758273
62	75	0.733896
62	77	0.700483
62	80	0.692427
62	81	0.692188
62	83	0.729527
62	84	0.729351
62	96	4.51996
62	117	0.693012
62	156	7.34852
62	157	21.2
62	159	0.661119
62	162	0.60945
63	2	0.680283
63	19	0.670793
63	37	0.747483
63	52	0.685134
63	56	0.685939
63	65	0.731411
63	69	0.719006
63	71	0.727915
63	73	0.731999
63	74	0.722123
63	78	0.71345
63	79	0.7151
63	82	0.745553
63	111	2.90635
63	115	0.698064
63	142	0.707404
63	151	3.71176
63	174	4.94418
64	60	0.805076
64	62	0.730864
64	66	0.730885
64	70	0.902299
64	72	0.826351
64	75	0.801975
64	77	0.768562
64	80	0.760506
64	81	0.760267
64	83	0.797606
64	84	0.79743
64	99	1.23329
64	111	2.04154
64	126	2.53849
64	159	0.729198
64	162	0.677528
64	180	7.63015
65	2	0.730634
65	17	0.83597
65	52	0.735485
65	56	0.73629
65	63	0.731411
65	69	0.769357
65	71	0.778265
65	73	0.78235
65	74	0.772474
65	78	0.763801
65	79	0.765451
65	82	0.795904
65	92	0.737037
65	115	0.748414
65	130	3.77632
65	133	3.38437
65	160	3.14109
65	163	3.1263
66	34	0.732444
66	60	0.737018
66	62	0.662806
66	64	0.730885
66	70	0.834241
66	72	0.758293
66	75	0.733917
66	77	0.700503
66	80	0.692448
66	81	0.692209
66	83	0.729547
66	84	0.729372
66	92	0.677569
66	116	1.95504
66	159	0.66114
66	162	0.60947
66	167	3.75714
66	172	6.97758
67	39	0.759294
67	42	0.759009
67	51	0.795255
67	55	0.795615
67	59	0.382688
67	87	0.733938
67	93	0.769606
67	105	0.792613
67	122	0.785917
67	142	0.75647
67	148	0.668257
67	150	3.33154
67	160	0.723934
67	165	0.714536
67	171	6.08025
67	174	2.9864
67	180	0.651379
68	85	0.735776
68	87	0.729869
68	93	0.765537
68	95	0.762385
68	100	0.758705
68	101	3.6967
68	102	0.755763
68	104	0.751678
68	105	0.788544
68	106	0.79022
68	107	0.755081
68	112	2.97597
68	114	0.769178
68	117	2.2983
68	122	0.781848
68	127	0.721654
68	153	4.402
68	159	0.715254
68	180	0.64731
69	17	0.823564
69	19	0.708738
69	37	0.785429
69	52	0.72308
69	56	0.723884
69	63	0.719006
69	65	0.769357
69	71	0.76586
69	73	0.769944
69	74	0.760068
69	78	0.751396
69	79	0.753046
69	82	0.783499
69	92	0.724632
69	116	3.21502
69	142	0.745349
69	154	4.31724
69	155	2.84018
69	163	3.17912
70	60	0.908433
70	62	0.834221
70	64	0.902299
70	66	0.834241
70	72	0.426144
70	75	0.583035
70	77	0.871918
70	80	0.863863
70	81	0.863623
70	83	0.900962
70	84	0.900787
70	140	9.93885
70	159	0.832555
70	161	4.24228
70	162	0.780885
70	178	5.06893
70	180	9.10287
71	2	0.727137
71	19	0.717646
71	37	0.794337
71	52	0.731988
71	56	0.732793
71	63	0.727915
71	65	0.778265
71	69	0.76586
71	73	0.778853
71	74	0.768977
71	78	0.760304
71	79	0.761954
71	82	0.792407
71	92	0.73354
71	111	2.63927
71	124	1.82945
71	142	0.754257
71	152	4.07336
71	160	4.16773
72	34	0.82791
72	60	0.832485
72	62	0.758273
72	64	0.826351
72	66	0.758293
72	70	0.426144
72	75	0.829384
72	77	0.79597
72	80	0.787915
72	81	0.787675
72	83	0.825014
72	84	0.824839
72	131	6.89672
72	137	1.9234
72	141	2.0812
72	159	0.756607
72	162	0.704937
72	163	2.13308
73	2	0.731222
73	19	0.721731
73	52	0.736073
73	56	0.736877
73	63	0.731999
73	65	0.78235
73	69	0.769944
73	71	0.778853
73	74	0.773061
73	78	0.764389
73	79	0.766039
73	82	0.796491
73	91	1.99878
73	92	0.737625
73	115	0.749002
73	121	4.14499
73	142	0.758342
73	154	4.15431
73	165	3.57139
74	2	0.721345
74	17	0.826681
74	19	0.711855
74	37	0.788545
74	52	0.726197
74	63	0.722123
74	65	0.772474
74	69	0.760068
74	71	0.768977
74	73	0.773061
74	78	0.754513
74	79	0.756162
74	82	0.786615
74	91	1.57684
74	101	3.99801
74	115	0.739126
74	141	3.50933
74	142	0.748466
74	159	4.036
75	34	0.803534
75	60	0.808108
75	62	0.733896
75	64	0.801975
75	66	0.733917
75	70	0.583035
75	72	0.829384
75	77	0.771594
75	80	0.763538
75	81	0.763299
75	83	0.800638
75	84	0.800462
75	94	0.734689
75	136	1.94058
75	155	2.65939
75	159	0.73223
75	162	0.680561
75	173	6.33086
75	174	3.52249
76	30	0.777097
76	39	0.761921
76	42	0.761636
76	44	0.760282
76	46	0.766509
76	51	0.797882
76	54	0.707262
76	55	0.798242
76	58	0.819413
76	59	0.839396
76	103	1.67355
76	142	0.759097
76	144	2.65283
76	148	0.670884
76	160	0.726561
76	165	0.717163
76	167	4.16755
76	170	0.640755
76	171	5.94757
77	34	0.770121
77	60	0.774695
77	62	0.700483
77	64	0.768562
77	66	0.700503
77	70	0.871918
77	72	0.79597
77	75	0.771594
77	80	0.730125
77	81	0.729886
77	83	0.767225
77	84	0.767049
77	92	0.715246
77	117	0.73071
77	120	2.53982
77	124	1.96911
77	155	3.95365
77	159	0.698817
77	161	4.61155
77	162	0.647147
78	2	0.712673
78	17	0.818009
78	37	0.779873
78	52	0.717524
78	56	0.718329
78	63	0.71345
78	65	0.763801
78	69	0.751396
78	71	0.760304
78	73	0.764389
78	74	0.754513
78	79	0.74749
78	82	0.777943
78	92	0.719076
78	113	2.59357
78	115	0.730453
78	128	3.4419
78	142	0.739793
78	155	2.24276
78	171	6.19971
79	2	0.714323
79	17	0.819659
79	19	0.704832
79	37	0.781523
79	56	0.719979
79	63	0.7151
79	65	0.765451
79	69	0.753046
79	71	0.761954
79	73	0.766039
79	74	0.756162
79	78	0.74749
79	82	0.779593
79	91	1.26554
79	92	0.720726
79	98	3.31629
79	109	1.42045
79	115	0.732103
79	142	0.741443
79	172	8.30833
80	34	0.762065
80	60	0.766639
80	62	0.692427
80	64	0.760506
80	66	0.692448
80	70	0.863863
80	72	0.787915
80	75	0.763538
80	77	0.730125
80	81	0.72183
80	83	0.759169
80	84	0.758994
80	92	0.707191
80	94	0.69322
80	117	0.722654
80	126	2.55538
80	127	2.32651
80	135	2.57499
80	159	0.690761
80	162	0.639092
80	175	7.76249
81	34	0.761826
81	60	0.7664
81	62	0.692188
81	64	0.760267
81	66	0.692209
81	70	0.863623
81	72	0.787675
81	75	0.763299
81	77	0.729886
81	80	0.72183
81	83	0.75893
81	84	0.758754
81	92	0.706951
81	94	0.692981
81	117	0.722415
81	137	1.71021
81	141	1.86801
81	145	4.47651
81	159	0.690522
81	162	0.638852
81	170	7.5224
82	2	0.744776
82	17	0.850111
82	19	0.735285
82	37	0.811976
82	52	0.749627
82	56	0.750431
82	63	0.745553
82	65	0.795904
82	69	0.783499
82	71	0.792407
82	73	0.796491
82	74	0.786615
82	78	0.777943
82	79	0.779593
82	92	0.751179
82	113	1.99785
82	115	0.762556
82	142	0.771896
82	143	3.85976
82	160	2.00078
82	161	2.30494
82	164	7.06638
83	34	0.799165
83	60	0.803739
83	62	0.729527
83	64	0.797606
83	66	0.729547
83	70	0.900962
83	72	0.825014
83	75	0.800638
83	77	0.767225
83	80	0.759169
83	81	0.75893
83	84	0.796093
83	92	0.74429
83	94	0.73032
83	117	0.759754
83	118	2.5696
83	132	2.82255
83	146	1.89866
83	159	0.727861
83	162	0.676191
83	169	4.30976
83	171	5.60042
84	34	0.798989
84	60	0.803564
84	62	0.729351
84	64	0.79743
84	66	0.729372
84	70	0.900787
84	72	0.824839
84	75	0.800462
84	77	0.767049
84	80	0.758994
84	81	0.758754
84	83	0.796093
84	92	0.744115
84	94	0.730144
84	110	1.92668
84	117	0.759579
84	126	2.07797
84	133	2.24816
84	138	3.79563
84	159	0.727686
84	162	0.676016
84	175	7.28508
85	35	0.727876
85	68	0.735776
85	88	0.741126
85	89	0.74324
85	93	0.730258
85	95	0.727106
85	97	0.726957
85	100	0.723426
85	102	0.720484
85	104	0.716398
85	105	0.753265
85	106	0.754941
85	107	0.719802
85	114	0.733899
85	118	4.1063
85	122	0.746569
85	137	3.30944
85	144	3.84239
85	160	0.684586
85	163	0.689967
85	165	4.07431
85	180	0.612031
86	12	4.30681
86	118	0.688154
86	123	0.660362
86	129	3.1733
86	133	0.693535
86	143	0.652892
86	149	0.6593
86	150	0.686753
86	156	0.653241
86	157	0.611019
86	161	0.683902
86	166	0.628669
86	167	0.667337
86	168	0.643914
86	169	0.655063
86	171	0.645852
86	172	0.634501
86	175	0.633154
86	176	0.664824
86	177	0.647234
86	178	0.668433
86	179	0.636961
87	35	0.721969
87	61	0.683667
87	67	0.733938
87	68	0.729869
87	88	0.735219
87	97	0.72105
87	100	0.717519
87	102	0.714577
87	104	0.710492
87	105	0.747358
87	106	0.749034
87	107	0.713895
87	114	0.727992
87	122	0.740662
87	130	1.81913
87	148	7.02879
87	150	2.03841
87	159	0.674068
87	160	0.678679
87	163	0.68406
87	167	3.0071
87	177	4.35152
87	180	1.41421
88	85	0.741126
88	87	0.735219
88	89	0.78387
88	93	0.770888
88	97	0.767587
88	100	0.764055
88	102	0.761114
88	104	0.757028
88	105	0.793894
88	106	0.795571
88	107	0.760431
88	114	0.774528
88	122	0.787198
88	142	0.757751
88	147	3.33409
88	150	3.53555
88	153	3.80835
88	159	0.720605
88	160	0.725215
88	163	0.730597
88	174	3.19041
88	178	3.81186
88	180	0.652661
89	61	0.732317
89	85	0.74324
89	88	0.78387
89	95	0.769849
89	96	0.728856
89	97	0.769701
89	100	0.76617
89	102	0.763228
89	104	0.759142
89	106	0.797685
89	107	0.762545
89	109	2.08053
89	114	0.776643
89	122	0.789312
89	123	4.18513
89	127	0.729118
89	128	2.78209
89	133	2.17998
89	142	0.759865
89	159	0.722719
89	163	0.732711
89	179	7.07873
89	180	0.654775
90	59	5.15634
90	108	0.67374
90	119	0.635744
90	123	0.656336
90	134	0.631833
90	140	0.624944
90	141	0.698158
90	142	2.28424
90	145	0.650702
90	151	0.717656
90	152	0.695135
90	154	0.661486
90	167	0.663311
90	168	0.639888
90	169	0.651037
90	171	0.641826
90	173	0.638396
90	175	0.629128
90	176	0.660798
90	177	0.643208
90	178	0.664407
90	179	0.632935
90	180	0.594204
91	14	2.21425
91	73	1.99878
91	74	1.57684
91	79	1.26554
91	113	0.801511
91	120	0.836726
91	122	0.775526
91	125	0.792751
91	130	0.780033
91	132	0.768332
91	145	0.754569
91	154	0.765354
91	158	0.747083
91	168	0.743756
91	169	0.754905
91	171	0.745694
91	172	0.734342
91	173	0.742264
91	175	0.732996
91	176	0.764665
91	177	0.747076
91	178	0.768275
91	179	0.736803
92	65	0.737037
92	66	0.677569
92	69	0.724632
92	71	0.73354
92	73	0.737625
92	77	0.715246
92	78	0.719076
92	79	0.720726
92	80	0.707191
92	81	0.706951
92	82	0.751179
92	83	0.74429
92	84	0.744115
92	95	0.723013
92	100	0.719334
92	104	0.712306
92	114	0.729807
92	122	0.742476
92	138	4.93158
92	144	3.44931
92	154	4.26416
92	161	3.445
92	162	0.624213
92	180	0.607939
93	61	0.719335
93	67	0.769606
93	68	0.765537
93	85	0.730258
93	88	0.770888
93	95	0.756867
93	97	0.756719
93	100	0.753187
93	102	0.750246
93	104	0.74616
93	105	0.783026
93	106	0.784703
93	107	0.749563
93	114	0.76366
93	122	0.77633
93	152	3.0485
93	159	0.709737
93	160	0.714347
93	163	0.719729
93	167	3.32383
93	168	5.43026
93	169	3.81319
93	177	4.66826
93	180	0.641793
94	13	3.46901
94	26	0.6559
94	31	0.724084
94	40	0.708048
94	50	0.763253
94	57	0.68292
94	58	3.4534
94	75	0.734689
94	80	0.69322
94	81	0.692981
94	83	0.73032
94	84	0.730144
94	121	0.662723
94	128	0.662966
94	142	1.31817
94	148	0.610846
94	159	0.661912
94	162	0.610242
94	167	0.663075
94	171	0.64159
94	173	0.638161
94	174	0.652636
94	176	0.660562
94	178	0.664171
94	179	0.632699
95	35	0.754485
95	61	0.716183
95	68	0.762385
95	85	0.727106
95	89	0.769849
95	92	0.723013
95	93	0.756867
95	100	0.750035
95	102	0.747093
95	104	0.743007
95	105	0.779874
95	106	0.78155
95	107	0.746411
95	114	0.760508
95	118	2.77511
95	122	0.773178
95	142	0.74373
95	147	2.85576
95	159	0.706584
95	160	0.711195
95	161	2.50688
95	163	0.716576
95	174	2.71208
95	175	7.48292
95	180	0.63864
96	15	2.87581
96	26	0.659578
96	27	0.724735
96	40	0.711726
96	50	0.766931
96	58	2.60423
96	62	4.51996
96	89	0.728856
96	106	0.740557
96	107	0.705417
96	122	0.732184
96	127	0.67199
96	128	0.666644
96	129	0.72576
96	148	0.614524
96	157	0.610436
96	160	0.670201
96	168	0.643331
96	174	0.656314
96	175	0.632571
96	176	0.66424
96	177	0.64665
96	178	0.667849
96	179	0.636377
96	180	0.597646
97	35	0.754337
97	61	0.716034
97	85	0.726957
97	87	0.72105
97	88	0.767587
97	89	0.769701
97	93	0.756719
97	100	0.749887
97	102	0.746945
97	104	0.742859
97	105	0.779725
97	106	0.781402
97	107	0.746262
97	114	0.76036
97	120	2.19592
97	122	0.773029
97	127	0.712835
97	130	3.26068
97	134	8.39779
97	135	2.71815
97	142	0.743582
97	144	2.93393
97	159	0.706436
97	163	0.716428
97	180	0.638492
98	11	3.90506
98	30	3.17864
98	79	3.31629
98	121	0.68453
98	131	0.653628
98	137	0.716004
98	138	0.682223
98	147	0.701153
98	149	0.676846
98	153	0.696268
98	154	0.683057
98	156	0.670786
98	157	0.628564
98	158	0.664786
98	161	0.701447
98	162	0.632049
98	164	0.662738
98	166	0.646215
98	168	0.661459
98	171	0.663397
98	172	0.652046
98	176	0.682369
98	177	0.664779
98	178	0.685978
98	179	0.654506
98	180	0.615775
99	46	2.49179
99	64	1.23329
99	100	1.8043
99	111	0.773516
99	119	0.681651
99	123	0.702243
99	129	1.96608
99	130	0.722072
99	136	0.769819
99	137	0.74034
99	143	0.694774
99	145	0.696609
99	155	0.732076
99	156	0.695123
99	161	0.725783
99	166	0.670551
99	167	0.709218
99	168	0.685796
99	171	0.687734
99	172	0.676382
99	173	0.684304
99	175	0.675035
99	176	0.706705
99	177	0.689115
99	178	0.710314
99	179	0.678842
100	35	0.750805
100	68	0.758705
100	85	0.723426
100	87	0.717519
100	88	0.764055
100	89	0.76617
100	92	0.719334
100	93	0.753187
100	95	0.750035
100	97	0.749887
100	99	1.8043
100	102	0.743413
100	104	0.739328
100	106	0.77787
100	114	0.756828
100	122	0.769498
100	127	0.709304
100	132	3.86174
100	142	0.740051
100	152	2.94204
100	159	0.702904
100	160	0.707515
100	163	0.712897
100	174	3.54577
100	176	4.77625
100	180	0.63496
101	25	2.70528
101	68	3.6967
101	74	3.99801
101	113	0.711691
101	133	0.703557
101	141	0.712206
101	149	0.669322
101	150	0.696774
101	152	0.709183
101	153	0.688745
101	154	0.675534
101	155	0.700217
101	157	0.621041
101	159	0.676196
101	161	0.693924
101	168	0.653936
101	169	0.665085
101	171	0.655874
101	172	0.644522
101	173	0.652444
101	175	0.643176
101	176	0.674845
101	177	0.657256
101	178	0.678455
101	179	0.646983
101	180	0.608252
102	35	0.747864
102	61	0.709561
102	68	0.755763
102	85	0.720484
102	87	0.714577
102	88	0.761114
102	89	0.763228
102	93	0.750246
102	95	0.747093
102	97	0.746945
102	100	0.743413
102	103	3.1699
102	104	0.736386
102	105	0.773252
102	106	0.774929
102	107	0.739789
102	114	0.753886
102	120	2.07315
102	122	0.766556
102	136	2.76817
102	141	3.77405
102	159	0.699963
102	160	0.704573
102	163	0.709955
102	176	5.58055
102	180	0.632019
103	76	1.67355
103	102	3.1699
103	108	0.721651
103	122	2.10387
103	123	0.704247
103	124	0.794227
103	127	0.716459
103	138	0.708563
103	142	0.324196
103	146	0.753786
103	153	0.722608
103	155	0.73408
103	158	0.691126
103	163	0.720051
103	166	0.672555
103	167	0.711222
103	168	0.6878
103	170	0.628864
103	171	0.689737
103	172	0.678386
103	173	0.686308
103	175	0.677039
103	176	0.708709
103	177	0.691119
103	178	0.712318
103	179	0.680846
104	57	2.62809
104	61	0.705475
104	68	0.751678
104	85	0.716398
104	87	0.710492
104	88	0.757028
104	89	0.759142
104	92	0.712306
104	93	0.74616
104	95	0.743007
104	97	0.742859
104	100	0.739328
104	102	0.736386
104	105	0.769167
104	106	0.770843
104	107	0.735703
104	114	0.749801
104	122	0.762471
104	127	0.702277
104	142	0.733023
104	152	2.31402
104	159	0.695877
104	161	2.71255
104	162	6.03794
104	163	0.705869
104	165	2.94878
104	180	0.627933
105	35	0.780644
105	61	0.742342
105	67	0.792613
105	68	0.788544
105	85	0.753265
105	87	0.747358
105	88	0.793894
105	93	0.783026
105	95	0.779874
105	97	0.779725
105	102	0.773252
105	104	0.769167
105	106	0.807709
105	107	0.77257
105	114	0.786667
105	116	2.24945
105	122	0.799337
105	136	2.57233
105	142	0.76989
105	146	2.1298
105	159	0.732743
105	160	0.737354
105	163	0.742735
105	168	6.15797
105	173	5.54609
105	176	3.96819
105	180	0.664799
106	61	0.744018
106	68	0.79022
106	85	0.754941
106	87	0.749034
106	88	0.795571
106	89	0.797685
106	93	0.784703
106	95	0.78155
106	96	0.740557
106	97	0.781402
106	100	0.77787
106	102	0.774929
106	104	0.770843
106	105	0.807709
106	107	0.774246
106	111	2.30669
106	114	0.788343
106	120	2.06758
106	122	0.801013
106	133	4.07843
106	136	2.7626
106	142	0.771566
106	155	3.48141
106	160	0.73903
106	163	0.744412
106	165	4.37555
106	180	0.666476
107	35	0.747181
107	61	0.708879
107	68	0.755081
107	85	0.719802
107	87	0.713895
107	88	0.760431
107	89	0.762545
107	93	0.749563
107	95	0.746411
107	96	0.705417
107	97	0.746262
107	102	0.739789
107	104	0.735703
107	105	0.77257
107	106	0.774246
107	108	4.34821
107	112	3.26117
107	114	0.753204
107	122	0.765874
107	125	3.27572
107	127	0.70568
107	139	4.07252
107	146	3.46134
107	159	0.69928
107	160	0.703891
107	163	0.709272
107	180	0.631336
108	27	3.277
108	56	3.17479
108	90	0.67374
108	103	0.721651
108	107	4.34821
108	120	0.741756
108	126	0.720336
108	131	0.640954
108	138	0.66955
108	140	0.633842
108	145	0.659599
108	151	0.726554
108	152	0.704033
108	155	0.695067
108	157	0.615891
108	158	0.652113
108	164	0.650065
108	167	0.672208
108	168	0.648786
108	171	0.650724
108	172	0.639372
108	173	0.647294
108	175	0.638026
108	176	0.669695
108	177	0.652106
108	178	0.673305
108	179	0.641833
109	3	1.60244
109	45	1.77997
109	49	2.46752
109	79	1.42045
109	89	2.08053
109	114	1.13223
109	126	0.830978
109	137	0.813973
109	143	0.768406
109	145	0.770241
109	150	0.802266
109	157	0.726533
109	158	0.762755
109	164	0.760707
109	166	0.744183
109	167	0.78285
109	168	0.759428
109	169	0.770577
109	172	0.750014
109	173	0.757936
109	174	0.772411
109	175	0.748668
109	176	0.780337
109	177	0.762748
109	178	0.783947
109	179	0.752474
109	180	0.713744
110	12	2.68663
110	35	1.82148
110	45	2.98703
110	48	1.77819
110	84	1.92668
110	133	0.765231
110	135	0.753215
110	136	0.799633
110	140	0.700666
110	145	0.726423
110	152	0.770857
110	156	0.724937
110	157	0.682715
110	158	0.718937
110	161	0.755597
110	166	0.700365
110	167	0.739032
110	168	0.71561
110	169	0.726759
110	171	0.717548
110	172	0.706196
110	173	0.714118
110	175	0.70485
110	176	0.736519
110	177	0.71893
110	178	0.740129
110	179	0.708657
110	180	0.669926
111	50	1.30616
111	63	2.90635
111	64	2.04154
111	71	2.63927
111	99	0.773516
111	106	2.30669
111	119	0.69851
111	123	0.719102
111	127	0.731314
111	135	0.740259
111	136	0.786677
111	146	0.768641
111	150	0.745492
111	151	0.780422
111	152	0.757901
111	153	0.737463
111	157	0.669759
111	160	0.729524
111	166	0.687409
111	168	0.702654
111	169	0.713803
111	172	0.693241
111	173	0.701162
111	175	0.691894
111	176	0.723564
111	178	0.727173
111	179	0.695701
111	180	0.65697
112	5	0.687889
112	12	0.651048
112	18	0.737281
112	33	0.764419
112	35	3.16783
112	41	0.802829
112	42	2.19503
112	44	0.70535
112	47	0.705123
112	48	0.727849
112	49	0.722732
112	51	0.742951
112	55	0.743311
112	59	0.784464
112	68	2.97597
112	107	3.26117
112	134	0.636704
112	140	0.629815
112	142	0.704165
112	147	0.684453
112	156	0.654086
112	160	0.671629
112	163	0.677011
112	166	0.629514
112	169	0.655908
112	174	0.657742
112	177	0.648079
112	178	0.669278
112	179	0.637806
113	78	2.59357
113	82	1.99785
113	91	0.801511
113	101	0.711691
113	115	1.92357
113	118	0.71693
113	125	0.721685
113	141	0.730959
113	142	0.992077
113	144	0.725679
113	145	0.683503
113	150	0.715528
113	153	0.707498
113	157	0.639794
113	158	0.676016
113	164	0.673968
113	165	0.690162
113	167	0.696112
113	168	0.67269
113	169	0.683839
113	171	0.674627
113	172	0.663276
113	173	0.671198
113	175	0.661929
113	176	0.693599
113	177	0.676009
113	178	0.697208
113	179	0.665736
114	35	0.761278
114	61	0.722976
114	68	0.769178
114	85	0.733899
114	87	0.727992
114	88	0.774528
114	89	0.776643
114	92	0.729807
114	93	0.76366
114	95	0.760508
114	97	0.76036
114	100	0.756828
114	102	0.753886
114	104	0.749801
114	105	0.786667
114	106	0.788343
114	107	0.753204
114	109	1.13223
114	118	3.34899
114	122	0.779971
114	127	0.719777
114	142	0.750524
114	143	4.63558
114	146	2.67805
114	152	2.68223
114	159	0.713377
114	160	0.717988
114	162	6.40616
114	163	0.72337
114	180	0.645433
115	7	0.669223
115	12	0.671289
115	19	0.687795
115	26	0.681248
115	27	0.746405
115	31	0.749432
115	38	0.770003
115	40	0.733396
115	47	0.725364
115	48	0.74809
115	49	0.742973
115	50	0.788601
115	63	0.698064
115	65	0.748414
115	73	0.749002
115	74	0.739126
115	78	0.730453
115	79	0.732103
115	82	0.762556
115	113	1.92357
115	126	1.99959
115	129	0.74743
115	142	0.724406
115	147	2.57954
115	148	0.636194
115	163	0.697252
115	172	6.97013
115	173	5.24424
115	174	0.677984
116	19	4.58049
116	66	1.95504
116	69	3.21502
116	105	2.24945
116	117	0.72184
116	133	0.717308
116	136	0.75171
116	140	0.652743
116	143	0.676665
116	147	0.707381
116	149	0.683073
116	152	0.722934
116	154	0.689285
116	155	0.713968
116	156	0.677014
116	161	0.707675
116	164	0.668966
116	166	0.652442
116	167	0.69111
116	168	0.667687
116	169	0.678836
116	171	0.669625
116	172	0.658273
116	173	0.666195
116	174	0.68067
116	175	0.656927
116	176	0.688596
116	177	0.671007
116	178	0.692206
116	179	0.660734
117	5	3.38685
117	21	0.64948
117	24	0.498002
117	43	0.777719
117	45	0.777962
117	46	2.7475
117	62	0.693012
117	68	2.2983
117	77	0.73071
117	80	0.722654
117	81	0.722415
117	83	0.759754
117	84	0.759579
117	116	0.72184
117	122	1.79829
117	128	0.6924
117	129	0.751516
117	133	0.718708
117	150	0.711925
117	159	0.691347
117	162	0.639677
117	167	0.692509
117	170	0.610151
117	172	0.659673
117	175	0.658327
117	177	0.672407
117	178	0.693606
117	179	0.662133
117	180	0.623403
118	83	2.5696
118	85	4.1063
118	86	0.688154
118	95	2.77511
118	113	0.71693
118	114	3.34899
118	121	0.682245
118	123	0.675622
118	135	0.69678
118	136	0.743197
118	139	0.70614
118	143	0.668152
118	150	0.702013
118	152	0.714421
118	153	0.693983
118	154	0.680772
118	155	0.705455
118	156	0.668501
118	158	0.662501
118	161	0.699162
118	164	0.660453
118	166	0.64393
118	168	0.659174
118	169	0.670323
118	171	0.661112
118	173	0.657683
118	175	0.648414
118	176	0.680084
118	177	0.662494
118	178	0.683693
118	179	0.652221
118	180	0.61349
119	41	6.8087
119	54	6.3913
119	90	0.635744
119	99	0.681651
119	111	0.69851
119	121	0.633861
119	125	0.659785
119	131	0.602958
119	137	0.665335
119	138	0.631554
119	139	0.657755
119	144	0.66378
119	146	0.676776
119	152	0.666037
119	153	0.645598
119	155	0.657071
119	156	0.620117
119	157	0.577895
119	158	0.614117
119	161	0.650777
119	164	0.612069
119	166	0.595545
119	167	0.634212
119	168	0.61079
119	171	0.612728
119	172	0.601376
119	173	0.609298
119	175	0.60003
119	176	0.631699
119	177	0.61411
119	178	0.635309
119	179	0.603836
119	180	0.565106
120	31	1.43322
120	61	2.49031
120	77	2.53982
120	91	0.836726
120	97	2.19592
120	102	2.07315
120	106	2.06758
120	108	0.741756
120	124	0.814332
120	137	0.762449
120	141	0.766174
120	144	0.760895
120	146	0.773891
120	152	0.763151
120	154	0.729502
120	155	0.754186
120	157	0.67501
120	158	0.711231
120	161	0.747892
120	164	0.709184
120	166	0.69266
120	167	0.731327
120	169	0.719054
120	170	0.648969
120	171	0.709843
120	172	0.698491
120	173	0.706413
120	175	0.697145
120	176	0.728814
120	177	0.711224
120	178	0.732423
120	179	0.700951
121	25	3.39727
121	73	4.14499
121	94	0.662723
121	98	0.68453
121	118	0.682245
121	119	0.633861
121	122	3.88868
121	123	0.654452
121	124	0.744432
121	130	0.674282
121	144	0.690995
121	149	0.653391
121	152	0.693252
121	153	0.672813
121	154	0.659603
121	155	0.684286
121	157	0.60511
121	158	0.641332
121	161	0.677992
121	164	0.639284
121	166	0.62276
121	167	0.661427
121	168	0.638005
121	169	0.649154
121	171	0.639943
121	172	0.628591
121	173	0.636513
121	175	0.627245
121	176	0.658914
121	177	0.641324
121	178	0.662524
121	179	0.631051
122	35	0.773948
122	61	0.735646
122	67	0.785917
122	68	0.781848
122	85	0.746569
122	87	0.740662
122	88	0.787198
122	89	0.789312
122	91	0.775526
122	92	0.742476
122	93	0.77633
122	95	0.773178
122	96	0.732184
122	97	0.773029
122	100	0.769498
122	102	0.766556
122	103	2.10387
122	104	0.762471
122	105	0.799337
122	106	0.801013
122	107	0.765874
122	114	0.779971
122	117	1.79829
122	121	3.88868
122	127	0.732447
122	135	2.86738
122	137	2.55022
122	142	0.763194
122	159	0.726047
122	160	0.730658
122	163	0.736039
122	178	3.9055
122	180	0.658103
123	29	4.73182
123	50	5.08305
123	86	0.660362
123	89	4.18513
123	90	0.656336
123	99	0.702243
123	103	0.704247
123	111	0.719102
123	118	0.675622
123	121	0.654452
123	131	0.62355
123	132	0.655958
123	134	0.623327
123	140	0.616438
123	147	0.671075
123	149	0.646768
123	151	0.709149
123	152	0.686628
123	153	0.66619
123	155	0.677663
123	157	0.598487
123	162	0.601972
123	164	0.632661
123	166	0.616137
123	167	0.654804
123	168	0.631382
123	169	0.642531
123	171	0.63332
123	172	0.621968
123	173	0.62989
123	175	0.620622
123	176	0.652291
123	177	0.634701
123	178	0.6559
123	179	0.624428
124	6	2.36932
124	10	2.67236
124	33	1.85327
124	47	1.53435
124	58	1.77214
124	71	1.82945
124	77	1.96911
124	103	0.794227
124	120	0.814332
124	121	0.744432
124	126	0.792912
124	130	0.757638
124	131	0.71353
124	135	0.758967
124	139	0.768327
124	141	0.779631
124	143	0.73034
124	149	0.736748
124	152	0.776608
124	155	0.767643
124	156	0.730689
124	160	0.748232
124	163	0.753614
124	166	0.706117
124	167	0.744784
124	168	0.721362
124	169	0.732511
124	171	0.7233
124	173	0.71987
124	175	0.710602
124	176	0.742271
124	177	0.724681
124	178	0.745881
124	179	0.714408
124	180	0.675677
125	28	2.33922
125	39	2.00071
125	50	2.55045
125	91	0.792751
125	107	3.27572
125	113	0.721685
125	119	0.659785
125	129	2.91401
125	133	0.71355
125	139	0.710894
125	140	0.648985
125	141	0.722199
125	144	0.716919
125	147	0.703623
125	148	0.635122
125	151	0.741697
125	152	0.719176
125	153	0.698738
125	155	0.71021
125	156	0.673256
125	160	0.6908
125	161	0.703917
125	164	0.665208
125	165	0.681402
125	166	0.648684
125	167	0.687352
125	168	0.663929
125	169	0.675078
125	171	0.665867
125	172	0.654516
125	173	0.662437
125	175	0.653169
125	176	0.684839
125	177	0.667249
125	178	0.688448
125	179	0.656976
126	18	3.13888
126	23	2.4897
126	64	2.53849
126	80	2.55538
126	84	2.07797
126	108	0.720336
126	109	0.830978
126	115	1.99959
126	124	0.792912
126	132	0.71106
126	134	0.678429
126	136	0.770507
126	139	0.733449
126	145	0.697298
126	150	0.729322
126	151	0.764252
126	153	0.721293
126	154	0.708082
126	155	0.732765
126	156	0.695811
126	157	0.653589
126	158	0.689811
126	161	0.726472
126	164	0.687763
126	166	0.671239
126	167	0.709907
126	168	0.686484
126	169	0.697633
126	170	0.627548
126	171	0.688422
126	172	0.677071
126	173	0.684992
126	175	0.675724
126	176	0.707394
126	177	0.689804
126	178	0.711003
126	179	0.679531
127	5	0.686724
127	8	2.32394
127	9	0.677782
127	10	4.85486
127	13	0.673842
127	18	0.736115
127	34	1.9375
127	43	3.3572
127	44	0.704185
127	51	0.741785
127	55	0.742145
127	59	0.783299
127	68	0.721654
127	80	2.32651
127	89	0.729118
127	96	0.67199
127	97	0.712835
127	100	0.709304
127	103	0.716459
127	104	0.702277
127	107	0.70568
127	111	0.731314
127	114	0.719777
127	122	0.732447
127	134	0.635538
127	142	0.703
127	146	0.70958
127	155	0.689874
127	158	0.64692
127	160	0.670464
127	166	0.628349
127	169	0.654743
127	176	0.664503
127	177	0.646913
127	178	0.668112
127	179	0.63664
127	180	0.597909
128	1	0.706377
128	4	3.51721
128	10	0.699135
128	14	5.0588
128	21	0.618641
128	25	0.771825
128	26	0.654495
128	27	0.719652
128	29	0.766407
128	31	0.722679
128	40	0.706643
128	43	0.74688
128	45	0.747122
128	50	0.761848
128	78	3.4419
128	89	2.78209
128	94	0.662966
128	96	0.666644
128	117	0.6924
128	129	0.720677
128	148	0.609441
128	156	0.647574
128	162	0.608837
128	164	0.639526
128	165	0.65572
128	169	0.649397
128	170	0.579312
128	171	0.640185
128	172	0.628834
128	173	0.636756
128	174	0.651231
128	175	0.627487
128	176	0.659157
128	177	0.641567
128	178	0.662766
128	179	0.631294
128	180	0.592563
129	4	0.57051
129	10	0.758251
129	15	0.732188
129	20	0.810946
129	21	0.677757
129	24	0.526278
129	25	0.830941
129	26	0.713611
129	27	0.778768
129	29	0.825524
129	31	0.781795
129	36	0.779369
129	40	0.765759
129	43	0.805996
129	45	0.806239
129	46	0.764182
129	50	0.820964
129	53	0.835842
129	54	0.704935
129	58	0.817086
129	86	3.1733
129	96	0.72576
129	99	1.96608
129	115	0.74743
129	117	0.751516
129	125	2.91401
129	128	0.720677
129	146	3.09963
129	147	3.85123
129	148	0.668557
