1	65	1.27312
1	111	1.00874
1	122	0.993862
1	158	0.932364
1	159	0.964846
1	167	0.956795
1	169	0.974251
1	171	0.947901
1	174	0.947525
1	176	0.73934
1	178	0.907827
1	180	0.964987
2	34	0.898561
2	55	0.9675
2	71	0.953212
2	77	0.982916
2	81	0.980043
2	90	0.96882
2	110	0.966456
2	124	0.966604
2	135	1.37039
2	136	0.952752
2	143	0.968827
2	157	1.48901
3	51	0.783797
3	88	0.888586
3	108	0.921863
3	125	0.897048
3	132	2.17372
3	143	0.891118
3	168	0.862436
3	173	0.831507
3	176	0.919966
3	178	0.810449
3	179	0.925954
3	180	0.867609
4	20	1.00377
4	94	0.928639
4	129	1.0824
4	132	1.07274
4	138	1.07942
4	151	1.06801
4	152	0.599947
4	154	1.07509
4	162	1.48203
4	163	1.07109
4	165	1.06696
4	166	1.07893
5	9	2.09968
5	140	0.891898
5	141	0.925909
5	146	0.774188
5	150	0.920822
5	159	0.875411
5	169	0.884816
5	171	0.858466
5	173	0.83945
5	178	0.818392
5	179	0.933897
5	180	0.875552
6	35	1.00289
6	120	0.98071
6	121	0.999399
6	127	0.955137
6	148	0.971703
6	152	0.94502
6	156	0.971613
6	157	1.37333
6	169	1.46735
6	172	0.874143
6	176	0.994687
6	177	0.908047
7	21	0.957838
7	53	0.987708
7	66	2.0979
7	109	0.906327
7	155	0.875637
7	159	0.856722
7	168	0.851691
7	170	0.826975
7	171	0.839777
7	174	0.839401
7	178	0.799704
7	180	0.856864
8	92	0.95553
8	100	0.994626
8	138	0.971758
8	141	1.42421
8	145	0.956904
8	150	1.38117
8	151	0.960348
8	154	0.96743
8	163	0.963426
8	165	0.959296
8	166	0.971262
8	177	0.899729
9	5	2.09968
9	25	1.12547
9	59	1.05421
9	86	0.243679
9	107	1.07628
9	119	1.06327
9	120	1.08186
9	121	1.10055
9	127	1.05629
9	148	1.07285
9	172	0.975292
9	178	0.538759
10	23	1.50752
10	60	0.555661
10	130	1.02575
10	142	1.01408
10	150	1.0093
10	162	0.914427
10	167	0.955835
10	170	0.934138
10	173	0.927925
10	174	0.946564
10	178	0.906867
10	180	0.964027
11	40	1.09559
11	72	1.00944
11	83	1.07625
11	96	1.05468
11	110	1.06574
11	124	1.06588
11	133	1.06428
11	143	1.06811
11	144	1.13616
11	176	1.09696
11	179	1.10294
11	180	0.871477
12	29	1.10638
12	54	0.922499
12	82	0.941767
12	85	0.930656
12	88	0.936083
12	93	0.920758
12	135	1.50558
12	141	0.965462
12	150	1.33311
12	156	0.944388
12	176	0.967463
12	179	0.97345
13	77	0.697766
13	107	0.555221
13	140	1.08837
13	148	0.480212
13	149	1.08739
13	155	1.0908
13	168	1.06685
13	169	1.08129
13	170	1.04213
13	174	1.05456
13	178	1.01486
13	180	1.07202
14	33	0.988703
14	54	0.94606
14	66	0.917626
14	82	0.965327
14	93	0.944319
14	152	0.941356
14	156	0.967949
14	157	0.943725
14	161	1.43238
14	172	1.50397
14	176	0.991023
14	179	0.997011
15	106	1.38269
15	112	0.965952
15	129	0.981263
15	137	0.982023
15	145	0.963434
15	149	1.43573
15	151	0.966879
15	157	0.945602
15	163	0.969957
15	165	0.965826
15	166	0.977793
15	175	0.880002
16	35	1.00517
16	119	0.964392
16	120	0.982984
16	121	1.00167
16	126	0.961472
16	127	0.957411
16	135	1.11687
16	148	0.973977
16	172	0.876417
16	173	1.74687
16	175	0.884063
16	176	0.996961
17	19	1.11643
17	69	1.06049
17	120	1.09967
17	126	1.07816
17	127	1.0741
17	148	1.09066
17	152	1.06398
17	157	0.759898
17	167	1.03955
17	172	0.993104
17	173	1.27127
17	177	1.02701
18	72	0.976552
18	94	0.960337
18	149	0.99149
18	151	0.956328
18	159	0.975983
18	168	0.970952
18	170	0.946236
18	171	0.959038
18	173	0.940022
18	174	0.958662
18	178	0.918964
18	180	0.976124
19	17	1.11643
19	120	1.04814
19	121	1.06683
19	126	1.02663
19	127	1.02257
19	148	1.03913
19	149	0.588622
19	156	1.03904
19	160	1.04256
19	161	1.86846
19	168	0.83525
19	172	0.941573
19	176	1.06212
20	4	1.00377
20	53	1.09561
20	56	0.939001
20	70	0.919382
20	75	0.912616
20	80	0.947951
20	132	0.947781
20	151	0.943051
20	154	0.950132
20	163	0.946128
20	165	0.941998
20	166	0.953964
20	171	1.92791
21	7	0.957838
21	88	0.832672
21	101	1.07692
21	108	0.586163
21	115	1.09916
21	153	1.07741
21	154	0.573118
21	158	1.02297
21	161	0.99672
21	168	1.05042
21	170	1.0257
21	174	1.03813
21	180	1.05559
22	67	0.926368
22	87	1.45582
22	129	0.966022
22	138	0.963047
22	145	0.948193
22	150	1.57686
22	154	0.95872
22	156	0.954585
22	160	0.958103
22	163	0.954716
22	165	0.950585
22	166	0.962552
22	172	0.857115
23	10	1.50752
23	39	1.2658
23	92	0.943535
23	117	0.939359
23	129	0.962739
23	138	0.959764
23	145	0.944909
23	151	0.948354
23	154	0.955436
23	163	0.951432
23	165	0.947302
23	166	0.959268
23	177	0.887735
24	48	1.03119
24	95	0.887714
24	123	1.00082
24	126	1.07415
24	150	1.00002
24	155	0.973522
24	164	0.941437
24	168	0.949575
24	171	0.937661
24	173	0.918646
24	174	0.937286
24	178	0.897588
24	180	0.954748
25	9	1.12547
25	45	1.00301
25	105	0.911385
25	119	1.05639
25	120	1.07499
25	126	1.05347
25	127	1.04941
25	146	0.935241
25	148	1.06598
25	152	1.0393
25	155	0.646558
25	161	1.78666
25	177	1.00232
26	42	0.989737
26	59	0.958978
26	94	1.70607
26	107	0.981053
26	118	1.31995
26	121	1.00532
26	127	0.961059
26	146	0.846888
26	148	0.977626
26	172	0.880065
26	175	0.887712
26	176	1.00061
26	177	0.913969
27	34	1.35251
27	134	0.950337
27	135	0.97825
27	145	0.894532
27	155	0.97654
27	158	0.925144
27	168	0.952594
27	169	0.96703
27	170	0.927878
27	173	0.921665
27	174	0.940304
27	178	0.900607
27	180	0.957767
28	54	0.611752
28	78	0.646049
28	84	0.610888
28	126	1.0506
28	148	1.0631
28	160	1.06653
28	163	1.06314
28	165	1.05901
28	166	1.07098
28	173	0.99763
28	174	1.01627
28	178	0.976572
28	180	1.03373
29	12	1.10638
29	66	1.12485
29	85	1.16144
29	88	1.16687
29	93	1.15154
29	105	1.14185
29	157	1.15095
29	161	1.13192
29	170	0.473998
29	172	1.20351
29	176	1.19825
29	177	0.83261
29	179	1.20424
30	90	0.596445
30	120	0.649774
30	140	1.05053
30	147	0.999993
30	160	0.819722
30	167	1.02599
30	168	1.02901
30	169	1.04345
30	170	1.00429
30	171	1.0171
30	173	0.998081
30	174	1.01672
30	178	0.977023
30	180	1.03418
31	56	1.01395
31	97	1.01193
31	102	1.06432
31	111	1.11189
31	128	1.24842
31	129	1.03239
31	131	0.97401
31	132	1.02273
31	137	1.03315
31	154	1.02508
31	156	1.02095
31	163	1.02108
31	165	1.01695
31	166	1.02892
32	54	1.00793
32	66	0.979501
32	82	1.0272
32	85	1.01609
32	88	1.02152
32	93	1.00619
32	113	0.485454
32	152	1.00323
32	156	1.02982
32	157	1.0056
32	175	1.55252
32	176	1.0529
32	177	1.49023
32	179	1.05889
33	14	0.988703
33	54	1.01205
33	66	0.983617
33	82	1.03132
33	85	1.02021
33	88	1.02563
33	93	1.01031
33	135	0.272335
33	146	2.40209
33	152	1.00735
33	157	1.00972
33	176	1.05701
33	177	0.899734
33	179	1.063
34	2	0.898561
34	27	1.35251
34	52	0.935304
34	57	0.908436
34	61	0.905146
34	68	0.985874
34	76	0.955749
34	81	0.942589
34	96	0.917948
34	101	1.65984
34	110	0.929002
34	124	0.92915
34	143	0.931373
34	179	0.966208
35	6	1.00289
35	16	1.00517
35	44	1.04185
35	107	1.04798
35	119	1.03497
35	121	1.07225
35	126	1.03205
35	127	1.02799
35	146	0.913819
35	148	1.04456
35	162	1.59285
35	169	0.849659
35	177	0.9809
35	180	1.00879
36	65	0.995773
36	97	1.0248
36	104	1.09739
36	117	1.02188
36	132	1.0356
36	151	1.03087
36	154	1.03795
36	155	1.2745
36	157	1.0096
36	163	1.03395
36	165	1.02982
36	166	1.04179
36	172	0.936349
36	179	1.04573
37	70	0.9246
37	92	0.94345
37	97	0.942192
37	132	0.952999
37	138	0.959678
37	151	0.948269
37	154	0.95535
37	162	2.11128
37	163	0.951346
37	165	0.947216
37	166	0.959182
37	172	0.853745
37	175	0.861392
37	179	1.10857
38	53	0.810337
38	75	0.999174
38	113	1.34926
38	132	1.03434
38	137	1.04475
38	138	1.04102
38	151	1.02961
38	154	1.03669
38	163	1.03269
38	165	1.02856
38	166	1.04052
38	175	0.942732
38	177	0.96899
38	179	1.28448
39	23	1.2658
39	44	1.04262
39	92	0.780282
39	114	1.04805
39	126	1.03282
39	133	1.03563
39	136	1.02338
39	143	1.03946
39	148	1.04532
39	165	0.349283
39	168	1.01078
39	172	0.947763
39	178	0.95879
39	180	1.01595
40	11	1.09559
40	109	0.980839
40	128	0.959075
40	130	0.9931
40	135	0.95186
40	143	1.48496
40	159	0.931235
40	164	0.918065
40	167	0.923184
40	169	0.94064
40	170	0.901488
40	173	0.895274
40	178	0.874216
40	180	0.931376
41	49	1.06236
41	107	0.833006
41	137	0.881035
41	147	0.980691
41	153	1.0367
41	167	1.00669
41	169	1.02414
41	170	0.984992
41	171	0.997794
41	173	0.978779
41	174	0.997418
41	175	0.95434
41	176	0.63443
41	178	0.957721
41	180	1.01488
42	26	0.989737
42	107	1.0289
42	114	1.0282
42	119	1.01589
42	120	1.03448
42	127	1.00891
42	131	0.978447
42	144	0.968478
42	148	1.02548
42	160	1.0289
42	175	0.935563
42	177	0.961821
42	178	1.81913
42	179	0.718166
42	180	1.13681
43	73	0.616945
43	76	0.618879
43	123	1.05176
43	128	1.03338
43	149	1.02105
43	155	1.02446
43	156	0.994481
43	158	0.973061
43	159	1.00554
43	169	1.01495
43	171	0.988598
43	174	0.988222
43	175	0.945144
43	178	0.948524
43	180	1.00568
44	35	1.04185
44	39	1.04262
44	69	0.980489
44	106	1.11451
44	107	1.01409
44	114	1.01339
44	120	1.01967
44	126	0.998159
44	139	1.16266
44	148	1.01066
44	160	1.01409
44	169	1.33803
44	172	0.913103
44	175	0.92075
44	176	1.03365
45	25	1.00301
45	84	0.959244
45	102	0.943268
45	124	0.942308
45	129	1.31056
45	133	0.940702
45	143	0.944531
45	148	0.950395
45	154	1.27871
45	164	0.907711
45	172	0.852834
45	173	0.884919
45	177	0.886738
45	178	0.863861
45	180	0.921021
46	77	1.01364
46	107	1.00884
46	114	1.00813
46	134	1.12886
46	136	0.983471
46	148	1.00541
46	153	1.0451
46	154	1.00945
46	160	1.00884
46	163	1.00545
46	165	1.00132
46	166	1.01329
46	174	1.45614
46	175	0.915496
46	176	1.02839
47	55	0.987782
47	73	1.01382
47	76	1.01349
47	81	1.00033
47	108	1.01985
47	124	0.986886
47	130	0.716579
47	133	0.98528
47	136	0.973034
47	141	1.01596
47	143	0.989109
47	160	0.9984
47	169	1.03542
47	175	1.90775
47	179	1.02394
48	24	1.03119
48	67	0.979931
48	70	0.981531
48	91	1.05362
48	99	1.13233
48	112	1.00427
48	137	1.02034
48	138	1.01661
48	145	1.00176
48	151	1.0052
48	163	1.00828
48	165	1.00415
48	166	1.01611
48	172	0.910677
48	173	1.3074
49	41	1.06236
49	52	0.931871
49	61	0.498688
49	109	1.05156
49	113	1.04457
49	117	0.869817
49	139	1.02304
49	162	0.952499
49	164	0.988788
49	167	0.993907
49	168	0.996927
49	170	0.972211
49	173	0.965997
49	178	0.944939
49	180	1.0021
50	104	1.02247
50	108	0.801972
50	129	0.820775
50	136	0.714935
50	149	1.02228
50	153	1.02874
50	155	1.02569
50	167	0.998724
50	169	1.01618
50	170	0.977028
50	171	0.98983
50	173	0.970814
50	174	0.989454
50	178	0.949756
50	180	1.00692
51	3	0.783797
51	102	0.893054
51	122	0.899682
51	139	0.891744
51	142	0.920856
51	147	0.836617
51	158	0.838184
51	164	0.857497
51	165	2.7832
51	168	0.865635
51	170	0.840919
51	173	0.834705
51	174	0.853345
51	178	0.813647
51	180	0.870807
52	34	0.935304
52	49	0.931871
52	78	1.01044
52	83	1.01372
52	90	1.00556
52	96	0.992145
52	110	1.0032
52	111	1.15378
52	124	1.00335
52	125	1.0115
52	133	1.00174
52	136	0.989495
52	143	1.00557
52	169	1.36193
52	176	1.03442
53	7	0.987708
53	20	1.09561
53	38	0.810337
53	147	1.05127
53	149	1.10083
53	151	0.49553
53	155	1.10424
53	156	0.354857
53	164	1.07215
53	168	1.08029
53	169	1.09473
53	170	1.05558
53	171	1.06838
53	174	1.068
53	178	1.0283
53	180	1.08546
54	12	0.922499
54	14	0.94606
54	28	0.611752
54	32	1.00793
54	33	1.01205
54	82	0.988674
54	85	0.977564
54	88	0.98299
54	93	0.967666
54	141	1.01237
54	144	1.52244
54	152	0.964703
54	156	0.991296
54	170	1.55005
54	176	1.01437
54	179	1.02036
55	2	0.9675
55	47	0.987782
55	73	1.02502
55	76	1.02469
55	78	1.00518
55	83	1.00846
55	84	1.01502
55	90	1.0003
55	130	1.16111
55	133	0.996483
55	134	1.36859
55	136	0.984236
55	143	1.00031
55	146	0.875437
55	153	1.28483
55	161	0.917929
56	20	0.939001
56	31	1.01395
56	60	0.996142
56	105	0.972865
56	112	1.00231
56	116	1.03695
56	138	1.01465
56	145	0.999796
56	151	1.00324
56	154	1.01032
56	161	0.918032
56	163	1.00632
56	164	1.42752
56	166	1.01415
56	171	1.36453
56	172	0.908718
57	34	0.908436
57	76	1.00308
57	83	0.986847
57	84	0.993415
57	90	0.978695
57	108	1.00945
57	125	0.984632
57	133	0.974873
57	136	0.962627
57	141	1.00555
57	143	0.978702
57	149	1.06029
57	159	1.40812
57	176	1.00755
57	179	1.01354
57	180	1.38991
58	70	1.10472
58	81	0.611083
58	111	1.01839
58	118	1.01458
58	130	1.03636
58	145	0.882483
58	149	0.990004
58	153	0.996457
58	158	0.942015
58	168	0.969465
58	169	0.983901
58	170	0.944749
58	171	0.957551
58	173	0.938536
58	179	1.03298
58	180	0.974638
59	9	1.05421
59	26	0.958978
59	103	1.17952
59	107	0.998145
59	114	0.997441
59	119	0.985132
59	120	1.00372
59	126	0.982213
59	127	0.978151
59	142	1.21101
59	148	0.994718
59	160	0.998145
59	168	1.49804
59	175	0.904804
59	176	1.0177
59	177	0.931061
60	10	0.555661
60	56	0.996142
60	89	1.95725
60	100	1.03447
60	117	0.991197
60	129	1.01458
60	132	1.00492
60	137	1.01534
60	145	0.996748
60	161	0.914983
60	163	1.00327
60	164	1.09816
60	165	0.99914
60	166	1.01111
60	172	0.905669
60	175	0.913316
61	34	0.905146
61	49	0.498688
61	68	1.02991
61	73	1.00012
61	77	0.9895
61	81	0.986627
61	83	0.983556
61	84	0.990124
61	133	0.971583
61	136	0.959336
61	141	1.00226
61	143	0.975411
61	172	2.10968
61	176	1.00426
61	179	1.01025
61	180	1.08788
62	64	0.968787
62	70	0.971781
62	97	0.989374
62	112	0.994523
62	137	1.01059
62	140	1.32464
62	144	0.941489
62	145	0.992005
62	147	1.48194
62	151	0.99545
62	154	1.00253
62	163	0.998528
62	165	0.994398
62	166	1.00636
62	177	0.934831
62	179	1.03196
63	65	1.01147
63	91	1.09498
63	100	1.08084
63	117	1.03757
63	132	1.0513
63	137	1.06171
63	141	0.752018
63	147	1.28456
63	150	0.708977
63	151	1.04657
63	154	1.05365
63	157	1.02529
63	158	1.48705
63	163	1.04964
63	165	1.04551
63	166	1.05748
63	177	0.985947
64	62	0.968787
64	89	2.04275
64	112	0.9797
64	129	0.995012
64	132	0.985358
64	137	0.995772
64	145	0.977183
64	147	1.21248
64	151	0.980628
64	154	0.98771
64	157	0.959351
64	163	0.983705
64	165	0.979575
64	166	0.991542
64	175	0.893751
64	177	0.920009
64	179	0.762495
65	1	1.27312
65	36	0.995773
65	63	1.01147
65	129	0.986576
65	132	0.976922
65	137	0.987335
65	138	0.983601
65	139	1.27441
65	151	0.972191
65	153	1.25465
65	154	0.979273
65	160	0.978656
65	163	0.975269
65	165	0.971139
65	166	0.983105
65	175	0.885315
65	177	0.911572
66	7	2.0979
66	14	0.917626
66	29	1.12485
66	32	0.979501
66	33	0.983617
66	82	0.960241
66	85	0.94913
66	88	0.954557
66	93	0.939232
66	141	0.983936
66	152	0.936269
66	156	0.962862
66	157	0.938639
66	175	0.934995
66	176	0.985937
66	177	0.872706
66	179	0.991924
67	22	0.926368
67	48	0.979931
67	70	0.958352
67	74	1.00085
67	100	1.0163
67	112	0.981094
67	122	0.506188
67	131	0.938028
67	138	0.993431
67	145	0.978576
67	146	2.87067
67	151	0.982021
67	159	0.735621
67	163	0.985099
67	165	0.980968
67	166	0.992935
67	172	0.887498
68	34	0.985874
68	61	1.02991
68	72	0.997471
68	73	1.08085
68	77	1.07023
68	78	1.06101
68	81	1.06736
68	90	1.05613
68	110	1.05377
68	124	1.05392
68	125	1.06207
68	128	0.771577
68	133	1.05231
68	136	1.04006
68	140	0.876361
68	168	0.919339
68	175	1.71552
69	17	1.06049
69	44	0.980489
69	107	0.986617
69	114	0.985913
69	119	0.973605
69	120	0.992197
69	121	1.01089
69	122	1.44698
69	126	0.970685
69	142	1.28818
69	148	0.983191
69	149	1.32859
69	152	0.956507
69	172	0.88563
69	175	0.893276
69	176	1.00617
69	177	0.919534
70	20	0.919382
70	37	0.9246
70	48	0.981531
70	58	1.10472
70	62	0.971781
70	67	0.958352
70	92	0.978803
70	104	1.35442
70	117	0.974626
70	129	0.998006
70	131	0.939629
70	137	0.998766
70	142	1.3514
70	154	0.990704
70	163	0.986699
70	165	0.982569
70	166	0.994536
71	2	0.953212
71	96	0.972598
71	108	1.01677
71	129	1.00323
71	131	0.944857
71	132	0.99358
71	134	1.09136
71	148	0.991887
71	158	1.59569
71	163	0.991927
71	165	0.987797
71	166	0.999763
71	172	0.894326
71	175	0.901973
71	177	0.92823
71	179	1.02086
71	180	1.36186
72	11	1.00944
72	18	0.976552
72	68	0.997471
72	76	0.967346
72	78	0.947836
72	83	0.951115
72	96	0.929545
72	108	0.973714
72	113	1.05467
72	125	0.9489
72	133	0.939141
72	136	0.926894
72	141	0.969817
72	143	0.94297
72	160	0.952261
72	176	0.971817
72	177	2.05945
72	179	0.977805
73	43	0.616945
73	47	1.01382
73	55	1.02502
73	61	1.00012
73	68	1.08085
73	83	1.03449
73	84	1.04106
73	108	1.05709
73	125	1.03228
73	131	1.10938
73	133	1.02252
73	136	1.01027
73	143	1.02635
73	158	1.10394
73	161	0.943967
73	176	1.0552
73	177	1.52101
73	179	1.06118
74	67	1.00085
74	82	1.02644
74	97	1.02004
74	107	1.03258
74	114	1.03188
74	120	1.03816
74	126	1.01665
74	130	0.706501
74	148	1.02916
74	152	1.00247
74	154	1.0332
74	158	1.4183
74	165	1.02507
74	166	1.03703
74	167	1.21098
74	171	1.12399
74	176	1.05214
74	179	1.05813
75	20	0.912616
75	38	0.999174
75	130	1.35039
75	132	0.981587
75	137	0.992
75	138	0.988265
75	141	1.32717
75	145	0.973411
75	151	0.976856
75	152	1.53035
75	154	0.983938
75	157	0.955579
75	161	0.891647
75	163	0.979934
75	165	0.975803
75	166	0.98777
75	172	0.882333
75	177	0.916237
76	34	0.955749
76	43	0.618879
76	47	1.01349
76	55	1.02469
76	57	1.00308
76	72	0.967346
76	78	1.03088
76	83	1.03416
76	124	1.02379
76	125	1.03194
76	131	1.11132
76	133	1.02219
76	136	1.00994
76	143	1.02601
76	161	0.943632
76	172	1.89384
76	174	0.928825
76	176	1.05486
76	179	1.06085
77	2	0.982916
77	13	0.697766
77	46	1.01364
77	61	0.9895
77	68	1.07023
77	90	1.01572
77	96	1.0023
77	108	1.04647
77	110	1.01336
77	123	0.978064
77	124	1.0135
77	125	1.02166
77	136	0.999652
77	141	1.04257
77	143	1.01573
77	161	0.933345
77	167	1.44274
77	168	1.33325
77	176	1.04458
78	28	0.646049
78	52	1.01044
78	55	1.00518
78	68	1.06101
78	72	0.947836
78	76	1.03088
78	83	1.01465
78	108	1.03725
78	109	0.861481
78	110	1.00413
78	124	1.00428
78	125	1.01243
78	133	1.00268
78	136	0.990429
78	139	0.957558
78	143	1.0065
78	176	1.03535
78	178	1.97437
78	179	1.04134
79	135	0.923611
79	146	0.801763
79	147	0.868937
79	150	0.948397
79	153	0.924947
79	155	0.921901
79	159	0.902986
79	160	1.72178
79	164	0.889817
79	167	0.894935
79	168	0.897955
79	170	0.873239
79	171	0.886041
79	173	0.867025
79	174	0.885665
79	176	1.63894
79	178	0.845967
79	179	0.961472
79	180	0.903128
80	20	0.947951
80	105	0.981815
80	112	1.01126
80	117	1.0032
80	129	1.02658
80	137	1.02734
80	141	0.822969
80	145	1.00875
80	151	1.01219
80	154	1.01927
80	155	1.13429
80	156	1.01514
80	158	1.558
80	160	1.01866
80	163	1.01527
80	165	1.01114
80	166	1.02311
80	167	1.35067
80	175	0.925315
80	177	0.951572
81	2	0.980043
81	34	0.942589
81	47	1.00033
81	58	0.611083
81	61	0.986627
81	68	1.06736
81	95	0.922311
81	96	0.99943
81	105	1.30273
81	106	0.845129
81	108	1.0436
81	110	1.01048
81	124	1.01063
81	125	1.01878
81	133	1.00903
81	143	1.01285
81	160	1.02215
81	161	0.930472
81	175	1.94097
81	179	1.04769
82	12	0.941767
82	14	0.965327
82	32	1.0272
82	33	1.03132
82	54	0.988674
82	66	0.960241
82	74	1.02644
82	85	0.996832
82	88	1.00226
82	93	0.986934
82	95	1.83613
82	99	0.97956
82	101	0.599074
82	105	0.97724
82	141	1.03164
82	156	1.01056
82	157	0.98634
82	176	1.03364
82	177	1.5473
82	179	1.03963
83	11	1.07625
83	52	1.01372
83	55	1.00846
83	57	0.986847
83	61	0.983556
83	72	0.951115
83	73	1.03449
83	76	1.03416
83	78	1.01465
83	95	0.91924
83	103	0.706715
83	124	1.00756
83	136	0.993708
83	143	1.00978
83	144	1.37291
83	146	0.88491
83	171	1.04774
83	175	1.82142
83	176	1.03863
83	179	1.04462
84	28	0.610888
84	45	0.959244
84	55	1.01502
84	57	0.993415
84	61	0.990124
84	73	1.04106
84	96	1.00293
84	105	1.33184
84	110	1.01398
84	118	0.901449
84	124	1.01413
84	125	1.02228
84	133	1.01252
84	136	1.00028
84	143	1.01635
84	146	0.891478
84	161	0.933969
84	176	1.0452
84	177	1.9078
84	179	1.05119
85	12	0.930656
85	29	1.16144
85	32	1.01609
85	33	1.02021
85	54	0.977564
85	66	0.94913
85	82	0.996832
85	88	0.991147
85	93	0.975823
85	105	0.96613
85	118	0.881662
85	128	1.00635
85	141	1.02053
85	144	1.50178
85	152	0.97286
85	156	0.999453
85	157	0.975229
85	170	1.5294
85	176	1.02253
85	179	1.02851
86	9	0.243679
86	91	1.4905
86	102	0.981926
86	134	0.952249
86	138	1.62897
86	155	0.978452
86	159	0.959537
86	162	0.910079
86	164	0.946368
86	168	0.954506
86	169	0.968942
86	170	0.92979
86	171	0.942592
86	173	0.923577
86	174	0.942216
86	177	0.925396
86	178	0.902519
86	179	1.01802
86	180	0.959679
87	22	1.45582
87	94	1.00075
87	96	0.313827
87	110	0.665675
87	127	0.860802
87	135	1.03702
87	147	0.982347
87	149	1.0319
87	158	0.983915
87	159	1.0164
87	162	0.966938
87	164	1.00323
87	167	1.00835
87	169	1.0258
87	170	0.986649
87	171	0.999451
87	173	0.980436
87	174	0.999075
87	178	0.959378
87	180	1.01654
88	3	0.888586
88	12	0.936083
88	21	0.832672
88	29	1.16687
88	32	1.02152
88	33	1.02563
88	54	0.98299
88	66	0.954557
88	82	1.00226
88	85	0.991147
88	93	0.981249
88	109	1.11228
88	139	1.20836
88	141	1.02595
88	152	0.978286
88	156	1.00488
88	157	0.980656
88	168	1.45986
88	176	1.02795
88	179	1.03394
89	60	1.95725
89	64	2.04275
89	94	0.873303
89	95	0.822057
89	108	0.943344
89	114	0.921186
89	124	0.910377
89	126	0.905958
89	130	0.950815
89	133	0.908771
89	143	0.9126
89	148	0.918464
89	149	0.904456
89	150	0.93436
89	158	0.856467
89	162	0.83949
89	175	0.82855
89	177	0.854807
89	178	0.83193
89	180	0.88909
90	2	0.96882
90	30	0.596445
90	52	1.00556
90	55	1.0003
90	57	0.978695
90	68	1.05613
90	77	1.01572
90	96	0.988206
90	110	0.99926
90	125	1.00756
90	133	0.997803
90	136	0.985556
90	142	0.564665
90	143	1.00163
90	160	1.01092
90	161	0.919248
90	172	1.95649
90	176	1.03048
90	178	1.617
90	179	1.03647
91	48	1.05362
91	63	1.09498
91	86	1.4905
91	92	1.05089
91	112	1.05478
91	137	1.07085
91	138	1.06712
91	140	0.977295
91	144	1.00175
91	145	1.05226
91	151	1.05571
91	153	0.749009
91	154	1.06279
91	156	1.05865
91	157	1.03443
91	163	1.05879
91	165	1.05466
91	166	1.06662
91	172	0.961185
91	174	1.16005
91	179	0.684619
92	8	0.95553
92	23	0.943535
92	37	0.94345
92	39	0.780282
92	70	0.978803
92	91	1.05089
92	97	0.996396
92	129	1.01686
92	134	1.29149
92	137	1.01762
92	138	1.01388
92	145	0.999027
92	151	1.00247
92	152	1.26397
92	154	1.00955
92	163	1.00555
92	165	1.00142
92	166	1.01339
92	168	1.479
92	172	0.907949
92	177	0.941853
93	12	0.920758
93	14	0.944319
93	29	1.15154
93	32	1.00619
93	33	1.01031
93	54	0.967666
93	66	0.939232
93	82	0.986934
93	85	0.975823
93	88	0.981249
93	99	0.857148
93	105	0.956232
93	111	0.406702
93	131	1.01326
93	141	1.01063
93	146	2.92724
93	152	0.962962
93	156	0.989555
93	157	0.965332
93	176	1.01263
93	179	1.01862
94	4	0.928639
94	18	0.960337
94	26	1.70607
94	87	1.00075
94	89	0.873303
94	95	0.871798
94	118	0.978771
94	139	0.959769
94	142	0.988881
94	149	0.954198
94	150	0.984101
94	159	0.938691
94	162	0.889232
94	164	0.925521
94	166	1.35377
94	170	0.908944
94	171	0.921746
94	173	0.90273
94	174	0.92137
94	178	0.881672
94	180	0.938832
95	24	0.887714
95	81	0.922311
95	82	1.83613
95	83	0.91924
95	89	0.822057
95	94	0.871798
95	133	0.907267
95	136	0.89502
95	148	2.13841
95	154	0.921003
95	158	0.854963
95	161	0.828712
95	162	0.837986
95	163	0.916999
95	165	0.912869
95	166	0.924835
95	167	0.879393
95	168	0.882413
95	171	0.870499
95	177	0.853302
95	180	0.887586
96	11	1.05468
96	34	0.917948
96	52	0.992145
96	71	0.972598
96	72	0.929545
96	77	1.0023
96	81	0.99943
96	84	1.00293
96	87	0.313827
96	90	0.988206
96	105	1.05405
96	110	0.985843
96	124	0.98599
96	125	0.994143
96	133	0.984385
96	136	0.972138
96	141	1.01506
96	143	0.988213
96	172	2.00091
96	176	1.01706
96	177	1.63001
97	31	1.01193
97	36	1.0248
97	37	0.942192
97	62	0.989374
97	74	1.02004
97	92	0.996396
97	123	1.07643
97	129	1.0156
97	138	1.01262
97	139	1.18011
97	145	0.99777
97	147	1.54594
97	151	1.00121
97	152	1.21658
97	154	1.0083
97	163	1.00429
97	165	1.00016
97	166	1.01213
97	172	0.906691
97	175	0.914338
97	177	0.940595
98	101	0.994116
98	112	0.903418
98	115	1.01635
98	120	0.758825
98	122	1.00166
98	130	1.03451
98	134	0.965357
98	139	0.993724
98	147	0.938597
98	150	1.01806
98	153	0.994606
98	159	0.972646
98	163	0.993052
98	167	0.964595
98	170	0.942899
98	171	0.955701
98	173	0.936685
98	174	0.955325
98	176	0.845927
98	178	0.915627
98	179	1.03113
98	180	0.972787
99	48	1.13233
99	82	0.97956
99	93	0.857148
99	106	1.00103
99	140	1.0008
99	142	1.0345
99	153	1.00628
99	158	0.951833
99	159	0.984315
99	162	0.934856
99	164	0.971145
99	165	1.21415
99	167	0.976264
99	169	0.99372
99	170	0.954568
99	171	0.96737
99	173	0.948354
99	174	0.966994
99	177	0.950173
99	178	0.927296
99	179	1.0428
99	180	0.984456
100	8	0.994626
100	60	1.03447
100	63	1.08084
100	67	1.0163
100	109	0.916282
100	112	1.04064
100	117	1.03257
100	132	1.0463
100	137	1.05671
100	138	1.05298
100	141	0.845651
100	145	1.03812
100	151	1.04157
100	154	1.04865
100	157	1.02029
100	159	1.36506
100	161	0.956359
100	163	1.04465
100	165	1.04052
100	166	1.05248
100	174	1.40364
100	179	0.928209
101	21	1.07692
101	34	1.65984
101	82	0.599074
101	98	0.994116
101	116	1.01656
101	134	0.968519
101	135	0.996432
101	147	0.941758
101	150	1.02122
101	152	0.978638
101	155	0.994722
101	159	0.975807
101	160	0.86064
101	164	0.962638
101	165	0.833668
101	167	0.967756
101	168	0.970776
101	173	0.939847
101	174	0.958486
101	177	0.941665
101	178	0.918789
101	180	0.975949
102	31	1.06432
102	45	0.943268
102	51	0.893054
102	86	0.981926
102	109	1.02633
102	113	1.01934
102	121	0.986619
102	130	1.03859
102	140	0.993212
102	142	1.02692
102	145	1.08433
102	147	0.942676
102	154	0.868448
102	162	0.927267
102	164	0.963556
102	167	0.968674
102	168	0.971694
102	170	0.946978
102	171	0.95978
102	173	0.940764
102	174	0.959404
102	178	0.919706
102	180	0.976867
103	59	1.17952
103	83	0.706715
103	106	1.04699
103	118	1.07036
103	124	0.526533
103	126	0.690616
103	128	1.05812
103	144	1.00279
103	146	0.929053
103	150	1.07569
103	152	1.03311
103	153	1.05224
103	155	1.04919
103	160	0.756448
103	162	0.980817
103	164	1.01711
103	167	1.02223
103	169	1.03968
103	171	1.01333
103	173	0.994315
103	174	1.01295
103	178	0.973257
103	180	1.03042
104	36	1.09739
104	50	1.02247
104	70	1.35442
104	106	0.986746
104	111	1.01392
104	121	1.03448
104	123	1.01625
104	139	0.991111
104	147	0.935984
104	150	1.01544
104	159	0.970032
104	162	0.920574
104	164	0.956863
104	167	0.961982
104	168	0.965001
104	169	0.979438
104	170	0.940285
104	171	0.953087
104	173	0.934072
104	174	0.952711
104	176	0.708123
104	178	0.913014
104	180	0.970174
105	25	0.911385
105	29	1.14185
105	56	0.972865
105	80	0.981815
105	81	1.30273
105	82	0.97724
105	84	1.33184
105	85	0.96613
105	93	0.956232
105	96	1.05405
105	138	0.988324
105	154	0.983996
105	162	0.900979
105	164	0.937268
105	165	0.975862
105	166	0.987828
105	170	0.92069
105	173	0.914477
105	174	0.933116
105	176	1.00294
105	178	0.893419
105	179	1.00892
105	180	0.950579
106	15	1.38269
106	44	1.11451
106	81	0.845129
106	99	1.00103
106	103	1.04699
106	104	0.986746
106	114	1.04989
106	130	1.03292
106	139	0.992128
106	142	1.02124
106	158	0.938568
106	162	0.921591
106	167	0.962999
106	169	0.980455
106	170	0.941303
106	171	0.954105
106	172	0.903004
106	173	0.935089
106	174	0.953729
106	175	0.91065
106	178	0.914031
106	179	1.02954
106	180	0.971191
107	9	1.07628
107	13	0.555221
107	26	0.981053
107	35	1.04798
107	41	0.833006
107	42	1.0289
107	44	1.01409
107	46	1.00884
107	59	0.998145
107	69	0.986617
107	74	1.03258
107	114	1.01952
107	119	1.00721
107	121	1.04449
107	126	1.00429
107	127	1.00023
107	144	0.959794
107	148	1.01679
107	157	1.02054
107	160	1.02022
107	169	1.11456
107	172	0.919232
107	176	1.03978
107	178	1.95601
108	3	0.921863
108	21	0.586163
108	47	1.01985
108	50	0.801972
108	57	1.00945
108	71	1.01677
108	72	0.973714
108	73	1.05709
108	77	1.04647
108	78	1.03725
108	81	1.0436
108	89	0.943344
108	123	0.858172
108	124	1.03016
108	125	1.03831
108	133	1.02855
108	136	1.01631
108	143	1.03238
108	146	0.907509
108	161	0.95
108	168	1.21335
108	175	2.00954
108	176	1.06123
108	179	1.06722
109	7	0.906327
109	40	0.980839
109	49	1.05156
109	78	0.861481
109	88	1.11228
109	100	0.916282
109	102	1.02633
109	111	1.04783
109	113	1.04656
109	123	1.05016
109	142	1.05413
109	143	0.830266
109	153	1.0259
109	154	0.852728
109	164	0.990772
109	167	0.99589
109	168	0.99891
109	169	1.01335
109	170	0.974194
109	171	0.986996
109	173	0.967981
109	174	0.98662
109	175	0.943542
109	178	0.946923
109	180	1.00408
110	2	0.966456
110	11	1.06574
110	34	0.929002
110	52	1.0032
110	68	1.05377
110	77	1.01336
110	78	1.00413
110	81	1.01048
110	84	1.01398
110	87	0.665675
110	90	0.99926
110	96	0.985843
110	115	0.87284
110	124	0.997045
110	125	1.0052
110	136	0.983192
110	141	1.02611
110	142	0.960931
110	143	0.999268
110	146	0.874394
110	160	1.00856
110	164	1.33346
110	175	2.04414
110	176	1.02812
110	179	1.0341
111	1	1.00874
111	31	1.11189
111	52	1.15378
111	58	1.01839
111	93	0.406702
111	104	1.01392
111	109	1.04783
111	116	1.03898
111	122	1.02724
111	135	1.01885
111	136	0.842025
111	151	1.02104
111	153	1.02019
111	155	1.01714
111	158	0.965747
111	159	0.998229
111	167	0.990178
111	168	0.993198
111	169	1.00763
111	170	0.968482
111	171	0.981284
111	173	0.962268
111	174	0.980908
111	178	0.94121
111	180	0.99837
112	15	0.965952
112	48	1.00427
112	56	1.00231
112	62	0.994523
112	64	0.9797
112	67	0.981094
112	80	1.01126
112	91	1.05478
112	98	0.903418
112	100	1.04064
112	117	0.997368
112	137	1.02151
112	138	1.01777
112	145	1.00292
112	154	1.01345
112	155	0.942726
112	160	1.01283
112	163	1.00944
112	165	1.00531
112	166	1.01728
112	167	1.15911
112	171	1.07212
112	175	0.919487
112	177	0.945745
112	178	1.81492
113	32	0.485454
113	38	1.34926
113	49	1.04457
113	72	1.05467
113	102	1.01934
113	109	1.04656
113	116	1.0377
113	125	0.967735
113	134	0.989666
113	140	1.01344
113	142	1.04714
113	144	0.969469
113	149	1.01246
113	153	1.01891
113	159	0.996954
113	164	0.983784
113	167	0.988903
113	169	1.00636
113	170	0.967207
113	171	0.980009
113	173	0.960993
113	174	0.979633
113	176	0.721248
113	178	0.939935
113	180	0.997095
114	39	1.04805
114	42	1.0282
114	44	1.01339
114	46	1.00813
114	59	0.997441
114	69	0.985913
114	74	1.03188
114	89	0.921186
114	106	1.04989
114	107	1.01952
114	116	1.04448
114	119	1.0065
114	121	1.04378
114	122	1.22131
114	126	1.00358
114	127	0.999522
114	144	0.95909
114	148	1.01609
114	152	0.989405
114	156	1.016
114	157	1.17939
114	171	1.37205
114	175	0.926174
114	176	1.03907
114	177	0.952432
115	21	1.09916
115	98	1.01635
115	110	0.87284
115	116	1.03879
115	117	1.0009
115	121	0.94336
115	134	0.990756
115	139	1.01912
115	140	1.01453
115	146	0.896821
115	147	0.963995
115	150	1.04345
115	158	0.965562
115	162	0.948585
115	164	0.984875
115	165	0.672879
115	166	0.864986
115	167	0.989993
115	168	0.993013
115	169	1.00745
115	171	0.981099
115	173	0.962083
115	174	0.980723
115	177	0.963902
115	178	0.941025
115	180	0.998185
116	56	1.03695
116	101	1.01656
116	111	1.03898
116	113	1.0377
116	114	1.04448
116	115	1.03879
116	134	0.987799
116	137	0.933663
116	138	0.853672
116	142	1.04528
116	147	0.961038
116	149	1.01059
116	153	1.01705
116	158	0.962605
116	159	0.995087
116	167	0.987036
116	168	0.990056
116	170	0.96534
116	171	0.978142
116	173	0.959126
116	174	0.977766
116	175	0.934687
116	176	0.687058
116	177	0.960945
116	178	0.938068
116	180	0.995228
117	23	0.939359
117	36	1.02188
117	49	0.869817
117	60	0.991197
117	63	1.03757
117	70	0.974626
117	80	1.0032
117	100	1.03257
117	112	0.997368
117	115	1.0009
117	132	1.00303
117	137	1.01344
117	138	1.0097
117	145	0.994851
117	151	0.998295
117	154	1.00538
117	160	1.00476
117	161	0.913086
117	163	1.00137
117	165	0.997243
117	166	1.00921
117	167	1.48551
117	175	0.911419
117	177	0.937676
117	179	1.04036
117	180	1.45901
118	26	1.31995
118	58	1.01458
118	84	0.901449
118	85	0.881662
118	94	0.978771
118	103	1.07036
118	128	1.02226
118	134	0.987129
118	135	1.01504
118	138	0.886288
118	149	1.00992
118	150	1.03983
118	155	1.01333
118	158	0.961935
118	161	0.935685
118	162	0.944958
118	164	0.981247
118	165	0.775548
118	167	0.986366
118	168	0.989386
118	169	1.00382
118	171	0.977472
118	173	0.958456
118	174	0.977096
118	178	0.937398
118	180	0.994558
119	9	1.06327
119	16	0.964392
119	25	1.05639
119	35	1.03497
119	42	1.01589
119	59	0.985132
119	69	0.973605
119	107	1.00721
119	114	1.0065
119	120	1.01279
119	121	1.03148
119	126	0.991275
119	127	0.987214
119	128	1.04433
119	146	0.873043
119	148	1.00378
119	156	1.00369
119	160	1.00721
119	162	1.85914
119	164	1.27759
119	171	1.2146
119	172	0.906219
119	175	0.913866
119	176	1.02676
119	177	0.940124
119	179	0.856435
120	6	0.98071
120	9	1.08186
120	16	0.982984
120	17	1.09967
120	19	1.04814
120	25	1.07499
120	30	0.649774
120	42	1.03448
120	44	1.01967
120	59	1.00372
120	69	0.992197
120	74	1.03816
120	98	0.758825
120	119	1.01279
120	121	1.05007
120	127	1.00581
120	131	0.975342
120	142	0.617994
120	148	1.02237
120	152	0.995689
120	156	1.02228
120	160	1.0258
120	161	1.93823
120	168	0.905026
120	175	0.932458
120	176	1.04536
120	177	0.958716
120	178	1.67033
121	6	0.999399
121	9	1.10055
121	16	1.00167
121	19	1.06683
121	26	1.00532
121	35	1.07225
121	69	1.01089
121	102	0.986619
121	104	1.03448
121	107	1.04449
121	114	1.04378
121	115	0.94336
121	119	1.03148
121	120	1.05007
121	127	1.0245
121	131	0.994032
121	139	1.06698
121	144	0.984063
121	146	0.910324
121	148	1.04106
121	155	1.21159
121	156	1.04097
121	160	1.04449
121	172	0.943501
121	175	0.951148
121	176	1.06405
121	177	0.977405
121	179	0.982827
122	1	0.993862
122	51	0.899682
122	67	0.506188
122	69	1.44698
122	98	1.00166
122	111	1.02724
122	114	1.22131
122	134	0.976065
122	135	1.00398
122	138	1.03051
122	139	1.00443
122	147	0.949304
122	149	0.99886
122	150	1.02876
122	157	0.988553
122	159	0.983353
122	160	0.946739
122	161	0.924621
122	162	0.933894
122	164	0.970183
122	168	0.978322
122	169	0.992758
122	170	0.953606
122	171	0.966408
122	173	0.947392
122	174	0.966032
122	178	0.926334
122	180	0.983494
123	24	1.00082
123	43	1.05176
123	77	0.978064
123	97	1.07643
123	104	1.01625
123	108	0.858172
123	109	1.05016
123	130	1.06242
123	133	0.521783
123	134	0.993267
123	135	1.02118
123	138	0.803558
123	141	1.05105
123	142	1.05075
123	153	1.02252
123	155	1.01947
123	158	0.968073
123	164	0.987386
123	166	0.884925
123	167	0.992504
123	168	0.995524
123	169	1.00996
123	170	0.970808
123	171	0.98361
123	173	0.964594
123	174	0.983234
123	178	0.943536
123	179	1.05904
123	180	1.0007
124	2	0.966604
124	11	1.06588
124	34	0.92915
124	45	0.942308
124	47	0.986886
124	52	1.00335
124	68	1.05392
124	76	1.02379
124	77	1.0135
124	78	1.00428
124	81	1.01063
124	83	1.00756
124	84	1.01413
124	89	0.910377
124	96	0.98599
124	103	0.526533
124	108	1.03016
124	110	0.997045
124	125	1.00535
124	133	0.995587
124	136	0.98334
124	140	0.802079
124	143	0.999415
124	144	1.19273
124	160	1.00871
124	172	1.94985
124	173	1.18627
124	176	1.02826
124	177	1.57895
124	179	1.03425
125	3	0.897048
125	52	1.0115
125	57	0.984632
125	68	1.06207
125	72	0.9489
125	73	1.03228
125	76	1.03194
125	77	1.02166
125	78	1.01243
125	81	1.01878
125	84	1.02228
125	90	1.00756
125	96	0.994143
125	108	1.03831
125	110	1.0052
125	113	0.967735
125	124	1.00535
125	133	1.00374
125	136	0.991493
125	143	1.00757
125	146	0.882694
125	147	1.35294
125	153	0.967349
125	157	1.06845
125	159	1.33981
125	160	1.01686
125	161	0.925186
125	174	1.37839
125	176	1.03642
125	179	1.0424
126	16	0.961472
126	17	1.07816
126	19	1.02663
126	24	1.07415
126	25	1.05347
126	28	1.0506
126	35	1.03205
126	39	1.03282
126	44	0.998159
126	59	0.982213
126	69	0.970685
126	74	1.01665
126	89	0.905958
126	103	0.690616
126	107	1.00429
126	114	1.00358
126	119	0.991275
126	127	0.984294
126	131	0.953831
126	141	0.590928
126	148	1.00086
126	152	0.974177
126	156	1.00077
126	160	1.00429
126	161	2.04235
126	170	1.38442
126	172	0.9033
126	173	1.35036
126	175	0.910947
126	176	1.02384
126	177	0.937204
127	6	0.955137
127	9	1.05629
127	16	0.957411
127	17	1.0741
127	19	1.02257
127	25	1.04941
127	26	0.961059
127	35	1.02799
127	42	1.00891
127	59	0.978151
127	87	0.860802
127	107	1.00023
127	114	0.999522
127	119	0.987214
127	120	1.00581
127	121	1.0245
127	126	0.984294
127	131	0.949769
127	134	1.25558
127	144	0.9398
127	146	0.866062
127	148	0.9968
127	150	0.981835
127	156	0.996709
127	160	1.00023
127	171	1.46559
127	172	0.899239
127	173	1.7843
127	175	0.906885
127	176	1.01978
127	177	0.933143
127	179	1.10743
128	31	1.24842
128	40	0.959075
128	43	1.03338
128	68	0.771577
128	85	1.00635
128	103	1.05812
128	118	1.02226
128	119	1.04433
128	129	1.0844
128	131	0.964662
128	134	0.974889
128	139	1.00326
128	140	0.998664
128	142	1.03237
128	146	0.880954
128	147	0.948128
128	149	0.997685
128	150	1.02759
128	153	1.00414
128	155	1.00109
128	156	1.01689
128	158	0.949695
128	159	0.982177
128	162	0.932719
128	164	0.969008
128	168	0.977146
128	170	0.95243
128	171	0.965232
128	173	0.946216
128	174	0.964856
128	177	0.948035
128	178	0.925158
128	180	0.982319
129	4	1.0824
129	15	0.981263
129	22	0.966022
129	23	0.962739
129	31	1.03239
129	45	1.31056
129	50	0.820775
129	60	1.01458
129	64	0.995012
129	65	0.986576
129	70	0.998006
129	71	1.00323
129	80	1.02658
129	92	1.01686
129	97	1.0156
129	128	1.0844
129	132	1.02641
129	137	1.03682
129	138	1.03308
129	144	0.967714
129	150	0.770904
129	151	1.02168
129	152	1.01713
129	154	1.02876
129	156	1.02462
129	157	1.0004
129	160	1.02814
129	161	0.936466
129	163	1.02475
129	164	1.31766
129	165	1.02062
129	166	1.03259
129	175	0.934799
129	180	1.31515
130	10	1.02575
130	40	0.9931
130	47	0.716579
130	55	1.16111
130	58	1.03636
130	74	0.706501
130	75	1.35039
130	89	0.950815
130	98	1.03451
130	102	1.03859
130	106	1.03292
130	123	1.06242
130	134	1.00891
130	135	1.03683
130	140	1.03269
130	143	0.782864
130	147	0.982153
130	149	1.03171
130	155	1.03512
130	158	0.983721
130	161	0.95747
130	162	0.966744
130	164	1.00303
130	166	0.845124
130	167	1.00815
130	168	1.01117
130	169	1.02561
130	170	0.986455
130	171	0.999257
130	173	0.980242
130	174	0.998881
130	176	0.597143
130	178	0.959184
130	180	1.01634
131	31	0.97401
131	42	0.978447
131	67	0.938028
131	70	0.939629
131	71	0.944857
131	73	1.10938
131	76	1.11132
131	93	1.01326
131	120	0.975342
131	121	0.994032
131	126	0.953831
131	127	0.949769
131	128	0.964662
131	132	0.968029
131	133	1.19923
131	137	0.978442
131	143	1.50011
131	145	0.959853
131	148	0.966336
131	153	0.958782
131	155	0.955736
131	163	0.966376
131	165	0.962246
131	166	0.974212
131	168	0.93179
131	169	0.946226
131	170	0.907074
131	172	0.868775
131	174	0.9195
131	177	0.902679
131	178	0.879803
131	180	0.936963
132	3	2.17372
132	4	1.07274
132	20	0.947781
132	31	1.02273
132	36	1.0356
132	37	0.952999
132	38	1.03434
132	60	1.00492
132	63	1.0513
132	64	0.985358
132	65	0.976922
132	71	0.99358
132	75	0.981587
132	100	1.0463
132	117	1.00303
132	129	1.02641
132	131	0.968029
132	137	1.02717
132	138	1.02343
132	144	0.95806
132	145	1.00858
132	154	1.0191
132	155	0.712257
132	156	1.01497
132	162	1.4862
132	163	1.0151
132	165	1.01097
132	166	1.02294
132	167	0.928641
132	172	0.917498
132	173	1.16036
132	174	0.958922
132	175	0.925145
132	177	0.951403
132	180	0.902141
133	11	1.06428
133	39	1.03563
133	45	0.940702
133	47	0.98528
133	52	1.00174
133	55	0.996483
133	57	0.974873
133	61	0.971583
133	68	1.05231
133	72	0.939141
133	73	1.02252
133	76	1.02219
133	78	1.00268
133	81	1.00903
133	84	1.01252
133	89	0.908771
133	90	0.997803
133	95	0.907267
133	96	0.984385
133	108	1.02855
133	123	0.521783
133	124	0.995587
133	125	1.00374
133	131	1.19923
133	136	0.981735
133	141	1.02466
133	143	0.99781
133	146	0.872936
133	160	1.0071
133	169	0.800824
133	170	1.25225
133	172	1.98176
133	175	1.67315
133	176	1.02666
133	179	1.03264
133	180	0.959957
134	27	0.950337
134	46	1.12886
134	55	1.36859
134	71	1.09136
134	86	0.952249
134	92	1.29149
134	98	0.965357
134	101	0.968519
134	113	0.989666
134	115	0.990756
134	116	0.987799
134	118	0.987129
134	122	0.976065
134	123	0.993267
134	127	1.25558
134	128	0.974889
134	130	1.00891
134	139	0.968126
134	140	0.963535
134	150	0.992459
134	153	0.969009
134	157	0.952249
134	158	0.914567
134	159	0.947048
134	162	0.89759
134	164	0.933879
134	166	1.0526
134	167	0.938998
134	169	0.956453
134	170	0.917301
134	171	0.930103
134	173	0.911088
134	174	0.929727
134	175	0.886649
134	178	0.89003
134	179	1.00553
134	180	0.94719
135	2	1.37039
135	12	1.50558
135	16	1.11687
135	27	0.97825
135	33	0.272335
135	40	0.95186
135	79	0.923611
135	87	1.03702
135	101	0.996432
135	111	1.01885
135	118	1.01504
135	122	1.00398
135	123	1.02118
135	130	1.03683
135	136	0.837536
135	139	0.996039
135	140	0.991448
135	141	1.02546
135	149	0.990469
135	150	1.02037
135	151	1.01655
135	153	0.996922
135	155	0.993876
135	158	0.94248
135	159	0.974961
135	160	0.786191
135	162	0.925503
135	164	0.961792
135	168	0.96993
135	169	0.984366
135	170	0.945214
135	171	0.958016
135	173	0.939001
135	174	0.95764
135	175	0.914562
135	178	0.917943
135	179	1.03345
135	180	0.975103
136	2	0.952752
136	39	1.02338
136	46	0.983471
136	47	0.973034
136	50	0.714935
136	52	0.989495
136	55	0.984236
136	57	0.962627
136	61	0.959336
136	68	1.04006
136	72	0.926894
136	73	1.01027
136	76	1.00994
136	77	0.999652
136	78	0.990429
