1	102	1.35809
1	115	1.33734
1	123	1.32894
1	125	1.40543
1	132	1.40861
1	137	0.482316
1	138	1.38455
1	140	0.474128
1	145	1.37704
1	154	0.487381
1	160	0.476495
1	176	0.486563
2	94	1.39738
2	141	1.36569
2	145	1.37968
2	155	1.36229
2	159	0.488368
2	161	0.462385
2	164	1.3536
2	168	1.37342
2	169	0.489143
2	170	1.36794
2	175	0.482498
2	177	0.48443
3	28	1.41996
3	47	1.31823
3	58	1.3694
3	77	1.30484
3	79	1.46291
3	80	1.39209
3	86	1.33258
3	114	0.43262
3	137	0.498785
3	163	0.505147
3	170	0.462223
3	176	0.503031
4	25	0.15642
4	27	1.4177
4	74	1.47887
4	83	1.34154
4	87	0.201884
4	102	1.33872
4	115	1.31797
4	136	1.34002
4	138	1.36518
4	178	0.675422
4	179	0.68736
4	180	0.686034
5	25	0.496141
5	67	1.38914
5	124	0.489396
5	151	1.34222
5	153	1.36655
5	157	1.3738
5	162	1.39724
5	166	0.486868
5	167	0.464866
5	168	1.36827
5	170	1.36278
5	174	0.46992
6	47	1.30826
6	49	1.44333
6	58	1.35944
6	64	1.33129
6	79	1.45294
6	80	1.38212
6	86	1.32261
6	105	0.477204
6	112	0.45512
6	138	0.487904
6	163	0.502515
6	165	0.484251
7	28	1.23296
7	49	1.26629
7	58	1.1824
7	61	1.17393
7	77	1.11784
7	79	1.27591
7	80	1.20509
7	86	1.14558
7	146	0.595305
7	161	0.595677
7	176	0.618281
7	178	0.596206
8	32	0.534869
8	99	0.48855
8	130	1.34098
8	132	0.422243
8	134	1.38809
8	138	0.478361
8	139	1.36441
8	148	1.36354
8	157	1.38651
8	168	1.38097
8	170	1.37549
8	179	0.480719
9	82	0.47417
9	93	0.472506
9	115	0.513663
9	162	0.458642
9	168	0.475245
9	172	1.37103
9	173	1.37195
9	175	1.37348
9	176	1.35534
9	178	1.37988
9	179	1.36249
9	180	1.38584
10	106	0.51474
10	114	1.42233
10	121	1.30791
10	125	0.428356
10	147	1.36237
10	158	1.39933
10	160	0.483744
10	162	1.3971
10	164	1.3483
10	170	1.36264
10	176	0.493812
10	179	0.483674
11	20	1.56634
11	24	1.32818
11	31	0.41185
11	43	1.19687
11	54	1.47243
11	56	0.527347
11	59	1.3819
11	71	1.32714
11	78	1.32714
11	169	0.489942
11	174	0.490021
11	176	0.485787
12	141	1.37616
12	142	1.37261
12	143	0.474677
12	147	1.37814
12	151	1.35785
12	155	1.37277
12	163	0.492841
12	164	1.36407
12	170	1.37841
12	172	0.482528
12	175	0.488235
12	178	0.46865
13	95	1.39257
13	99	0.484867
13	119	1.40041
13	129	1.3705
13	130	1.33368
13	134	1.38079
13	139	1.35711
13	163	1.36494
13	169	0.491327
13	172	0.478975
13	177	0.486615
13	178	0.465097
14	23	1.68829
14	43	1.3151
14	53	1.41506
14	54	1.59066
14	59	1.50014
14	71	1.44538
14	78	1.44538
14	105	0.417257
14	108	0.443547
14	143	0.424404
14	159	0.443832
14	163	0.442568
14	173	0.436992
15	22	0.430681
15	38	1.35095
15	55	1.24284
15	89	1.35266
15	90	1.3122
15	103	1.27884
15	105	0.526718
15	107	1.28786
15	111	1.28786
15	152	1.2868
15	163	0.552028
15	175	0.547423
15	176	0.549913
16	91	1.33734
16	99	0.527588
16	117	0.538574
16	141	1.28811
16	143	0.513846
16	145	1.3021
16	148	1.27842
16	153	1.29413
16	155	1.28472
16	161	0.50729
16	162	1.32482
16	170	1.29036
16	179	0.519756
17	21	1.44456
17	68	1.45363
17	89	1.54755
17	90	1.50708
17	107	1.48274
17	111	1.48274
17	152	1.48168
17	156	0.426654
17	163	0.44299
17	167	0.440054
17	175	0.438384
17	179	0.430737
17	180	0.429411
18	19	1.29378
18	29	1.40123
18	44	0.519985
18	83	1.28953
18	100	1.29626
18	115	1.26596
18	123	1.25756
18	136	1.28801
18	152	1.30767
18	165	0.512733
18	166	0.550063
18	178	0.506805
18	180	0.517417
19	18	1.29378
19	41	0.507581
19	57	1.22252
19	88	1.39271
19	100	1.30873
19	102	1.29917
19	106	1.26338
19	123	1.27002
19	132	1.34969
19	163	0.526294
19	171	0.525299
19	176	0.524179
19	177	0.523621
20	11	1.56634
20	26	0.406836
20	43	1.33543
20	53	1.43538
20	54	1.61099
20	59	1.52046
20	71	1.4657
20	78	1.4657
20	118	0.425111
20	124	0.470873
20	155	0.416219
20	169	0.451318
20	180	0.4357
21	17	1.44456
21	35	1.21627
21	52	1.24637
21	65	0.4728
21	72	1.28564
21	90	1.3223
21	103	1.28894
21	107	1.29796
21	111	1.29796
21	112	0.496354
21	135	0.576104
21	156	0.527413
21	160	0.531565
22	15	0.430681
22	43	0.528639
22	83	0.409977
22	95	1.5119
22	115	0.429392
22	130	1.45301
22	139	1.47645
22	147	0.399678
22	166	1.47331
22	170	0.395988
22	177	1.48866
22	179	1.48666
22	180	1.51
23	14	1.68829
23	24	1.47046
23	43	1.33914
23	53	1.4391
23	59	1.52418
23	71	1.46942
23	78	1.46942
23	108	0.435315
23	124	0.45593
23	167	0.4314
23	173	0.42876
23	174	0.436454
23	180	0.420757
24	11	1.32818
24	23	1.47046
24	27	0.511881
24	53	1.19723
24	54	1.37283
24	59	1.28231
24	67	1.29391
24	71	1.22754
24	78	1.22754
24	93	0.508315
24	146	0.5339
24	152	0.507311
24	165	0.540728
25	4	0.15642
25	5	0.496141
25	89	0.492763
25	111	0.550697
25	123	0.55672
25	139	0.541834
25	172	1.40159
25	174	1.39349
25	175	1.40405
25	176	1.38591
25	177	1.39506
25	178	1.41044
25	179	1.39306
25	180	1.41641
26	20	0.406836
26	40	0.471451
26	76	0.487253
26	91	0.463288
26	121	0.511106
26	130	1.36333
26	134	1.41044
26	139	1.38676
26	157	1.40886
26	158	0.452394
26	177	1.39897
26	178	1.41435
26	179	1.39697
26	180	1.42032
27	4	1.4177
27	24	0.511881
27	33	0.429039
27	42	1.41445
27	97	0.424563
27	125	1.41842
27	132	1.4216
27	142	0.474321
27	147	0.473915
27	151	0.478614
27	171	1.38256
27	175	1.38842
27	177	1.37943
27	179	1.37743
28	3	1.41996
28	7	1.23296
28	58	1.43193
28	61	1.42346
28	64	1.40379
28	69	0.481351
28	77	1.36737
28	79	1.52544
28	86	1.3951
28	112	0.425844
28	166	0.492305
28	172	0.462926
28	174	0.475357
28	177	0.470565
29	18	1.40123
29	57	1.32997
29	115	1.38587
29	116	0.486235
29	120	0.450327
29	123	1.37747
29	125	1.45395
29	132	1.45713
29	133	1.38646
29	136	1.40792
29	166	0.49198
29	172	0.4626
29	175	0.468307
29	178	0.448722
30	43	0.58141
30	66	0.4385
30	88	0.406052
30	101	0.445498
30	130	0.47155
30	157	0.448798
30	161	1.40587
30	172	1.39982
30	175	1.40228
30	176	1.38414
30	177	1.39329
30	178	1.40867
30	179	1.39129
30	180	1.41464
31	11	0.41185
31	48	1.49064
31	100	1.39189
31	102	1.38233
31	123	1.35318
31	132	1.43285
31	133	1.36218
31	136	1.38364
31	148	0.447134
31	152	1.40329
31	166	0.503273
31	172	0.473894
31	174	0.486325
31	177	0.481533
32	8	0.534869
32	52	0.585431
32	123	0.570277
32	129	0.550268
32	153	0.55396
32	167	1.25549
32	171	1.24198
32	172	1.24539
32	174	1.23728
32	176	1.2297
32	177	1.23886
32	178	1.25424
32	179	1.23686
32	180	1.2602
33	27	0.429039
33	81	1.34821
33	82	1.41854
33	93	1.44448
33	118	0.451981
33	129	1.40685
33	130	1.37002
33	134	1.41714
33	135	0.508505
33	139	1.39346
33	163	1.40129
33	167	0.473214
33	169	0.478188
33	172	0.465836
34	75	1.24723
34	110	1.26467
34	148	1.22496
34	149	1.25865
34	155	1.23126
34	161	0.548887
34	162	1.27136
34	164	1.22256
34	168	1.24239
34	170	1.23691
34	174	0.575725
34	176	0.571491
34	178	0.549415
34	179	0.561353
35	21	1.21627
35	68	1.22534
35	72	1.24214
35	76	1.22976
35	90	1.27879
35	103	1.24543
35	107	1.25445
35	111	1.25445
35	112	0.532793
35	143	0.562024
35	152	1.25339
35	161	0.555468
35	169	0.582227
35	173	0.574612
36	107	0.460445
36	111	0.470523
36	129	0.456537
36	141	0.472438
36	147	0.469191
36	164	0.462394
36	173	1.4024
36	174	1.39337
36	175	1.40393
36	176	1.38579
36	177	1.39495
36	178	1.41033
36	179	1.39294
36	180	1.41629
37	64	0.431744
37	114	1.45023
37	122	1.38282
37	138	0.470397
37	153	1.39431
37	155	1.38489
37	162	1.425
37	163	0.485008
37	164	1.3762
37	168	1.39602
37	170	1.39054
37	174	0.487126
37	178	0.460817
37	180	0.471429
38	15	1.35095
38	76	1.37455
38	89	1.46405
38	90	1.42358
38	94	0.442798
38	103	1.39022
38	105	0.476683
38	107	1.39924
38	111	1.39924
38	112	0.454599
38	131	0.465569
38	152	1.39818
38	178	0.477803
38	180	0.488415
39	51	0.492234
39	94	1.42615
39	111	0.43835
39	131	0.439827
39	148	1.38477
39	150	0.486244
39	151	1.37615
39	153	1.40048
39	162	1.43117
39	164	1.38237
39	168	1.4022
39	170	1.39671
39	171	0.475257
39	176	0.474137
40	26	0.471451
40	70	1.31655
40	94	1.35614
40	141	1.32445
40	153	1.33047
40	157	1.33773
40	158	1.3634
40	164	1.31236
40	165	0.495629
40	167	0.510957
40	168	1.33219
40	170	1.3267
40	172	0.50358
40	174	0.516012
40	175	0.509288
41	19	0.507581
41	121	0.534835
41	126	0.4739
41	148	0.504474
41	158	0.476124
41	159	1.32632
41	160	1.34731
41	164	0.495514
41	173	1.33621
41	174	1.32718
41	175	1.33774
41	176	1.3196
41	177	1.32876
41	179	1.32676
41	180	1.3501
42	27	1.41445
42	57	1.25881
42	83	1.33829
42	100	1.34502
42	106	1.29967
42	109	0.511012
42	112	0.469563
42	115	1.31471
42	123	1.30631
42	132	1.38598
42	136	1.33677
42	169	0.518997
42	173	0.511382
42	178	0.492767
42	179	0.504704
43	11	1.19687
43	14	1.3151
43	20	1.33543
43	22	0.528639
43	23	1.33914
43	30	0.58141
43	53	1.06591
43	54	1.24151
43	59	1.15099
43	67	1.16259
43	71	1.09623
43	78	1.09623
43	163	0.649987
43	168	0.602049
43	172	0.639674
44	18	0.519985
44	48	0.454636
44	52	0.532523
44	91	0.494719
44	114	0.476722
44	151	0.514713
44	172	1.33465
44	173	1.33557
44	174	1.32654
44	175	1.3371
44	176	1.31896
44	177	1.32812
44	178	1.3435
44	179	1.32611
44	180	1.34946
45	67	0.519911
45	119	0.480621
45	126	0.480843
45	141	0.512503
45	151	0.513955
45	158	0.483067
45	167	1.34422
45	169	1.33122
45	173	1.33504
45	174	1.32601
45	176	1.31843
45	177	1.32759
45	178	1.34297
45	179	1.32559
45	180	1.34893
46	48	0.467272
46	68	0.52911
46	73	0.449016
46	86	0.51039
46	119	0.494016
46	130	0.541752
46	171	1.33172
46	172	1.33513
46	174	1.32702
46	175	1.33758
46	176	1.31944
46	177	1.3286
46	178	1.34398
46	179	1.32659
46	180	1.34994
47	3	1.31823
47	6	1.30826
47	49	1.4141
47	61	1.32173
47	64	1.30206
47	77	1.26564
47	79	1.42371
47	80	1.35289
47	86	1.29338
47	108	0.498408
47	116	0.510752
47	144	0.502557
47	150	0.507421
47	171	0.496434
47	175	0.492824
48	31	1.49064
48	44	0.454636
48	46	0.467272
48	83	1.40323
48	92	0.444471
48	102	1.40041
48	106	1.36462
48	125	1.44774
48	128	0.45744
48	132	1.45093
48	136	1.40171
48	145	1.41935
48	152	1.42137
48	169	0.467686
48	176	0.463532
48	180	0.452068
49	6	1.44333
49	7	1.26629
49	47	1.4141
49	58	1.46527
49	61	1.4568
49	64	1.43712
49	77	1.4007
49	80	1.48795
49	86	1.42844
49	116	0.474256
49	154	0.459636
49	157	0.418049
49	166	0.48
49	167	0.457997
49	176	0.458818
49	177	0.458259
50	110	1.29825
50	141	1.26823
50	148	1.25854
50	149	1.29223
50	151	1.24992
50	153	1.27425
50	158	1.30718
50	159	0.540318
50	162	1.30494
50	168	1.27597
50	170	1.27048
50	171	0.538058
50	173	0.533478
50	175	0.534448
50	177	0.53638
50	180	0.525475
51	39	0.492234
51	68	0.543466
51	72	0.532512
51	123	0.544362
51	147	0.537007
51	155	0.543182
51	166	1.26149
51	172	1.28337
51	173	1.28429
51	174	1.27526
51	175	1.28582
51	176	1.26768
51	177	1.27684
51	178	1.29222
51	179	1.27484
51	180	1.29818
52	21	1.24637
52	32	0.585431
52	44	0.532523
52	55	1.23954
52	68	1.25544
52	72	1.27224
52	89	1.34936
52	90	1.30889
52	103	1.27554
52	107	1.28456
52	111	1.28456
52	132	0.472805
52	140	0.528984
52	152	1.28349
52	169	0.545573
52	173	0.537959
53	14	1.41506
53	20	1.43538
53	23	1.4391
53	24	1.19723
53	43	1.06591
53	54	1.34147
53	59	1.25095
53	67	1.26255
53	71	1.19618
53	78	1.19618
53	91	0.504679
53	129	0.50732
53	140	0.544658
53	175	0.554603
53	177	0.556535
53	178	0.535018
54	11	1.47243
54	14	1.59066
54	20	1.61099
54	24	1.37283
54	43	1.24151
54	53	1.34147
54	59	1.42655
54	71	1.37179
54	78	1.37179
54	140	0.461687
54	146	0.451147
54	159	0.477502
54	162	0.411697
54	163	0.476238
54	165	0.457974
54	173	0.470662
55	15	1.24284
55	52	1.23954
55	68	1.26201
55	72	1.27881
55	76	1.26644
55	89	1.35593
55	92	0.530773
55	103	1.28211
55	107	1.29113
55	111	1.29113
55	131	0.515524
55	146	0.526858
55	152	1.29006
55	154	0.550652
55	173	0.546373
55	180	0.53837
56	11	0.527347
56	88	0.514073
56	89	0.503867
56	142	0.560875
56	162	0.535163
56	167	1.29027
56	168	0.551765
56	172	1.28017
56	173	1.28109
56	174	1.27206
56	175	1.28263
56	176	1.26448
56	177	1.27364
56	178	1.28902
56	179	1.27164
56	180	1.29498
57	19	1.22252
57	29	1.32997
57	42	1.25881
57	92	0.562092
57	96	0.539789
57	102	1.21545
57	115	1.1947
57	123	1.1863
57	125	1.26279
57	136	1.21675
57	138	1.24191
57	145	1.2344
57	152	1.23641
57	163	0.583268
57	165	0.565005
57	172	0.572955
57	174	0.585387
58	3	1.3694
58	6	1.35944
58	7	1.1824
58	28	1.43193
58	49	1.46527
58	61	1.3729
58	64	1.35323
58	77	1.31681
58	80	1.40406
58	86	1.34455
58	140	0.479172
58	144	0.49885
58	163	0.493722
58	174	0.495841
58	177	0.491048
58	178	0.469531
58	179	0.481469
59	11	1.3819
59	14	1.50014
59	20	1.52046
59	23	1.52418
59	24	1.28231
59	43	1.15099
59	53	1.25095
59	54	1.42655
59	71	1.28126
59	78	1.28126
59	80	0.417825
59	87	0.567598
59	105	0.468484
59	113	0.45328
59	127	0.518627
59	171	0.4928
59	175	0.489189
60	87	0.555572
60	98	1.36069
60	119	1.39307
60	122	1.35312
60	129	1.36316
60	139	1.34977
60	148	1.3489
60	160	0.469585
60	163	1.3576
60	164	1.3465
60	165	0.463505
60	168	1.36633
60	170	1.36084
60	171	0.480773
60	174	0.483887
60	175	0.477163
60	177	0.479095
61	7	1.17393
61	28	1.42346
61	47	1.32173
61	49	1.4568
61	58	1.3729
61	64	1.34476
61	77	1.30834
61	79	1.46641
61	80	1.39559
61	86	1.33608
61	113	0.45855
61	118	0.474897
61	127	0.523896
61	159	0.500329
61	170	0.456141
61	176	0.496949
61	177	0.496391
62	63	1.26547
62	109	0.488552
62	114	1.41578
62	126	1.40645
62	137	0.488137
62	141	1.35384
62	143	0.476335
62	147	1.35582
62	155	1.35045
62	158	1.39278
62	159	0.495763
62	160	0.482315
62	164	1.34175
62	168	1.36157
62	170	1.35609
62	173	0.488923
62	175	0.489893
63	62	1.26547
63	75	1.22623
63	97	1.3296
63	124	0.591485
63	140	0.55534
63	141	1.21365
63	142	1.2101
63	147	1.21563
63	151	1.19534
63	153	1.21967
63	158	1.25259
63	162	1.25036
63	167	0.566954
63	168	1.22138
63	172	0.559577
63	176	0.567775
63	177	0.567217
64	6	1.33129
64	28	1.40379
64	37	0.431744
64	47	1.30206
64	49	1.43712
64	58	1.35323
64	61	1.34476
64	77	1.28867
64	79	1.44674
64	80	1.37592
64	86	1.31641
64	135	0.539352
64	145	0.463439
64	168	0.459058
64	169	0.509035
64	171	0.506001
64	179	0.494743
65	21	0.4728
65	92	0.468135
65	97	1.46062
65	128	0.481104
65	133	1.31956
65	135	0.521666
65	144	0.494439
65	147	1.34665
65	148	1.33498
65	155	1.34128
65	158	1.38361
65	162	1.38138
65	164	1.33258
65	168	1.35241
65	170	1.34692
65	173	0.483735
65	177	0.486637
66	30	0.4385
66	81	1.30884
66	85	1.3798
66	98	1.36501
66	101	1.35702
66	113	0.466563
66	119	1.39739
66	129	1.36748
66	130	1.33066
66	134	1.37777
66	139	1.35409
66	143	0.488914
66	150	0.517069
66	154	0.50578
66	160	0.494894
66	163	1.36193
66	172	0.496764
67	5	1.38914
67	24	1.29391
67	43	1.16259
67	45	0.519911
67	53	1.26255
67	71	1.29287
67	78	1.29287
67	96	0.488201
67	138	0.51707
67	149	1.35462
67	155	1.32723
67	161	0.506962
67	162	1.36733
67	164	1.31853
67	168	1.33836
67	171	0.530686
67	173	0.526105
67	179	0.519428
68	17	1.45363
68	35	1.22534
68	46	0.52911
68	51	0.543466
68	52	1.25544
68	55	1.26201
68	76	1.28234
68	89	1.37184
68	90	1.33137
68	103	1.29801
68	107	1.30703
68	111	1.30703
68	112	0.48009
68	146	0.502393
68	152	1.30597
68	165	0.509221
68	172	0.517172
68	176	0.525369
69	28	0.481351
69	103	0.530121
69	134	0.511286
69	136	0.523522
69	156	1.33582
69	158	0.502949
69	161	1.31304
69	164	0.52234
69	168	0.520434
69	172	1.307
69	173	1.30792
69	174	1.29889
69	175	1.30945
69	176	1.29131
69	177	1.30047
69	178	1.31585
69	179	1.29846
69	180	1.32181
70	40	1.31655
70	91	1.34334
70	108	0.525832
70	114	1.35605
70	128	0.516646
70	141	1.29411
70	148	1.28442
70	149	1.31812
70	151	1.2758
70	153	1.30013
70	158	1.33306
70	160	0.512669
70	161	0.500134
70	164	1.28203
70	167	0.521917
70	170	1.29637
70	175	0.520247
70	179	0.5126
71	11	1.32714
71	14	1.44538
71	20	1.4657
71	23	1.46942
71	24	1.22754
71	43	1.09623
71	53	1.19618
71	54	1.37179
71	59	1.28126
71	67	1.29287
71	78	1.2265
71	87	0.578324
71	135	0.536876
71	160	0.492337
71	165	0.486257
71	166	0.523587
71	175	0.499915
71	179	0.492267
72	21	1.28564
72	35	1.24214
72	51	0.532512
72	52	1.27224
72	55	1.27881
72	76	1.29914
72	89	1.38863
72	90	1.34817
72	92	0.495354
72	103	1.31481
72	107	1.32383
72	111	1.32383
72	135	0.548885
72	152	1.32277
72	154	0.515233
72	159	0.517794
72	172	0.506217
72	178	0.492339
73	46	0.449016
73	109	0.441444
73	116	1.41253
73	117	0.453955
73	130	0.427258
73	135	0.479746
73	147	1.43508
73	148	1.4234
73	149	1.45709
73	151	1.41478
73	153	1.43911
73	154	0.446094
73	158	1.47204
73	162	1.4698
73	166	0.466457
73	168	1.44083
73	170	1.43534
73	175	0.442785
74	4	1.47887
74	83	1.43508
74	101	1.43132
74	115	1.4115
74	120	0.438417
74	129	1.44178
74	134	1.45207
74	136	1.43356
74	139	1.42839
74	145	1.4512
74	149	0.407593
74	150	0.470995
74	156	0.444668
74	163	1.43622
74	166	0.48007
74	171	0.460008
74	176	0.458888
74	180	0.447425
75	34	1.24723
75	63	1.22623
75	84	1.33971
75	115	0.509392
75	124	0.540507
75	147	1.31657
75	149	1.33859
75	150	0.528904
75	151	1.29628
75	155	1.3112
75	156	0.502576
75	158	1.35354
75	162	1.3513
75	164	1.3025
75	170	1.31684
75	171	0.517917
75	173	0.513336
75	178	0.494721
76	26	0.487253
76	35	1.22976
76	38	1.37455
76	55	1.26644
76	68	1.28234
76	72	1.29914
76	89	1.37626
76	90	1.33579
76	103	1.30243
76	104	0.550721
76	107	1.31145
76	111	1.31145
76	113	0.489181
76	143	0.511532
76	152	1.31039
76	154	0.528399
76	173	0.52412
76	179	0.517442
77	3	1.30484
77	7	1.11784
77	28	1.36737
77	47	1.26564
77	49	1.4007
77	58	1.31681
77	61	1.30834
77	64	1.28867
77	79	1.41032
77	80	1.3395
77	86	1.27999
77	166	0.540083
77	167	0.518081
77	169	0.523055
77	173	0.515441
77	178	0.496825
77	179	0.508763
77	180	0.507437
78	11	1.32714
78	14	1.44538
78	20	1.4657
78	23	1.46942
78	24	1.22754
78	43	1.09623
78	53	1.19618
78	54	1.37179
78	59	1.28126
78	67	1.29287
78	71	1.2265
78	116	0.532279
78	150	0.528948
78	160	0.506773
78	165	0.500693
78	171	0.517961
78	177	0.516283
78	179	0.506703
79	3	1.46291
79	6	1.45294
79	7	1.27591
79	28	1.52544
79	47	1.42371
79	61	1.46641
79	64	1.44674
79	77	1.41032
79	80	1.49757
79	86	1.43806
79	92	0.436054
79	127	0.482062
79	165	0.438966
79	173	0.451654
79	174	0.459348
79	177	0.454556
79	179	0.444977
79	180	0.443651
80	3	1.39209
80	6	1.38212
80	7	1.20509
80	47	1.35289
80	49	1.48795
80	58	1.40406
80	59	0.417825
80	61	1.39559
80	64	1.37592
80	77	1.3395
80	79	1.49757
80	86	1.36723
80	87	0.558093
80	145	0.440733
80	159	0.485554
80	166	0.503356
80	168	0.436351
80	171	0.483294
80	175	0.479684
81	33	1.34821
81	66	1.30884
81	93	1.29015
81	98	1.25004
81	101	1.24205
81	112	0.507556
81	113	0.514436
81	119	1.28242
81	120	0.532364
81	124	0.576545
81	129	1.25251
81	130	1.21569
81	134	1.2628
81	137	0.548589
81	139	1.23912
81	157	1.26122
81	159	0.556215
81	163	1.24695
81	166	0.574017
82	9	0.47417
82	33	1.41854
82	85	1.33516
82	93	1.36048
82	98	1.32038
82	99	0.506825
82	101	1.31238
82	108	0.512226
82	119	1.35275
82	129	1.32285
82	130	1.28602
82	134	1.33314
82	139	1.30946
82	154	0.50995
82	157	1.33155
82	161	0.486528
82	163	1.31729
82	174	0.513365
82	176	0.509131
82	180	0.497668
83	4	1.34154
83	18	1.28953
83	22	0.409977
83	42	1.33829
83	48	1.40323
83	74	1.43508
83	100	1.30448
83	114	0.458798
83	115	1.27417
83	120	0.508738
83	125	1.34226
83	132	1.34544
83	136	1.29623
83	145	1.31387
83	152	1.31588
83	172	0.521011
83	174	0.533443
83	175	0.526719
83	176	0.529209
83	179	0.519071
84	75	1.33971
84	122	1.32166
84	137	0.508238
84	142	1.32358
84	146	0.489508
84	147	1.32911
84	151	1.30882
84	153	1.33315
84	155	1.32374
84	156	0.498264
84	157	1.3404
84	158	1.36607
84	161	0.48988
84	162	1.36384
84	164	1.31504
84	168	1.33487
84	171	0.513604
84	173	0.509024
84	177	0.511926
84	178	0.490408
85	66	1.3798
85	82	1.33516
85	93	1.3611
85	95	1.34553
85	96	0.469559
85	98	1.321
85	119	1.35338
85	129	1.32347
85	130	1.28664
85	134	1.33376
85	139	1.31008
85	140	0.498488
85	146	0.487948
85	157	1.33217
85	160	0.500855
85	163	1.31791
85	166	0.532106
85	176	0.510923
85	177	0.510365
85	179	0.500786
86	3	1.33258
86	6	1.32261
86	7	1.14558
86	28	1.3951
86	46	0.51039
86	47	1.29338
86	49	1.42844
86	58	1.34455
86	61	1.33608
86	64	1.31641
86	77	1.27999
86	79	1.43806
86	80	1.36723
86	108	0.509744
86	146	0.483673
86	156	0.492429
86	169	0.510804
86	174	0.510883
86	179	0.496511
86	180	0.495186
87	4	0.201884
87	59	0.567598
87	60	0.555572
87	71	0.578324
87	80	0.558093
87	100	0.580089
87	101	0.587879
87	119	0.566194
87	154	1.28471
87	165	1.31471
87	166	1.27245
87	171	1.29093
87	172	1.29434
87	173	1.29526
87	174	1.28623
87	175	1.29679
87	176	1.27865
87	177	1.28781
87	178	1.30319
87	179	1.2858
87	180	1.30915
88	19	1.39271
88	30	0.406052
88	56	0.514073
88	121	1.33812
88	123	1.35649
88	125	1.43298
88	132	1.43616
88	137	0.468268
88	138	1.4121
88	140	0.460079
88	152	1.4066
88	153	1.39662
88	158	1.42954
88	162	1.42731
88	164	1.37851
88	166	0.493696
88	170	1.39285
88	172	0.464317
88	175	0.470024
88	177	0.471956
88	180	0.461051
89	15	1.35266
89	17	1.54755
89	25	0.492763
89	38	1.46405
89	52	1.34936
89	55	1.35593
89	56	0.503867
89	68	1.37184
89	72	1.38863
89	76	1.37626
89	103	1.39193
89	107	1.40095
89	111	1.40095
89	152	1.39989
89	159	0.465688
89	163	0.464423
89	165	0.44616
89	167	0.461488
89	172	0.454111
89	173	0.458848
89	176	0.462308
90	15	1.3122
90	17	1.50708
90	21	1.3223
90	35	1.27879
90	38	1.42358
90	52	1.30889
90	68	1.33137
90	72	1.34817
90	76	1.33579
90	103	1.35146
90	107	1.36048
90	111	1.36048
90	113	0.46502
90	152	1.35942
90	153	0.457338
90	160	0.493351
90	163	0.505534
90	171	0.504539
90	172	0.495221
90	176	0.503419
90	179	0.493281
90	180	0.491955
91	16	1.33734
91	26	0.463288
91	44	0.494719
91	53	0.504679
91	70	1.34334
91	114	1.41318
91	121	1.29876
91	142	1.34769
91	143	0.487566
91	147	1.35322
91	148	1.34155
91	149	1.37524
91	155	1.34785
91	156	0.489394
91	158	1.39019
91	161	0.481011
91	164	1.33915
91	168	1.35898
91	170	1.35349
91	172	0.495417
91	173	0.500154
91	180	0.492151
92	48	0.444471
92	55	0.530773
92	57	0.562092
92	65	0.468135
92	72	0.495354
92	79	0.436054
92	107	0.491103
92	160	1.36477
92	162	0.474543
92	164	0.493051
92	165	1.37312
92	169	1.34985
92	171	1.34934
92	172	1.35275
92	173	1.35367
92	174	1.34464
92	175	1.3552
92	176	1.33706
92	177	1.34622
92	178	1.3616
92	179	1.34421
92	180	1.36756
93	9	0.472506
93	24	0.508315
93	33	1.44448
93	81	1.29015
93	82	1.36048
93	85	1.3611
93	95	1.37085
93	101	1.33832
93	113	0.469069
93	119	1.37869
93	129	1.34878
93	130	1.31196
93	134	1.35907
93	139	1.33539
93	157	1.35749
93	163	1.34323
93	170	0.466659
93	175	0.504978
93	177	0.506909
93	178	0.485392
93	179	0.49733
93	180	0.496004
94	2	1.39738
94	38	0.442798
94	39	1.42615
94	40	1.35614
94	108	0.502043
94	114	1.39564
94	118	0.476896
94	122	1.32823
94	133	1.30859
94	145	1.34769
94	146	0.475972
94	148	1.32401
94	149	1.3577
94	153	1.33972
94	155	1.33031
94	157	1.34698
94	163	0.501063
94	166	0.52013
94	168	1.34144
94	171	0.500068
94	173	0.495488
94	175	0.496458
95	13	1.39257
95	22	1.5119
95	85	1.34553
95	93	1.37085
95	98	1.33075
95	101	1.32275
95	117	0.50314
95	119	1.36312
95	129	1.33322
95	130	1.29639
95	134	1.34351
95	139	1.31983
95	150	0.506567
95	156	0.48024
95	157	1.34192
95	161	0.471856
95	163	1.32766
95	167	0.493639
95	173	0.491
95	174	0.498694
95	179	0.484322
95	180	0.482996
96	57	0.539789
96	67	0.488201
96	85	0.469559
96	103	0.478529
96	111	0.478878
96	121	0.510069
96	123	0.4849
96	153	0.468584
96	154	1.34735
96	161	1.36302
96	166	1.33509
96	170	0.473856
96	171	1.35357
96	172	1.35698
96	173	1.3579
96	174	1.34887
96	175	1.35943
96	176	1.34129
96	177	1.35045
96	178	1.36583
96	179	1.34844
96	180	1.37179
97	27	0.424563
97	63	1.3296
97	65	1.46062
97	118	0.447506
97	128	0.463467
97	133	1.39285
97	142	1.41441
97	144	0.476802
97	147	1.41995
97	148	1.40827
97	149	1.44196
97	151	1.39965
97	153	1.42398
97	158	1.45691
97	164	1.40587
97	166	0.490741
97	167	0.468738
97	168	1.4257
97	169	0.473713
97	170	1.42022
97	172	0.461361
97	178	0.447483
97	180	0.458095
98	60	1.36069
98	66	1.36501
98	81	1.25004
98	82	1.32038
98	85	1.321
98	95	1.33075
98	101	1.29822
98	117	0.541469
98	119	1.33859
98	129	1.30868
98	130	1.27186
98	134	1.31897
98	139	1.29529
98	145	0.491348
98	152	0.483224
98	157	1.31739
98	161	0.510185
98	163	1.30312
98	168	0.486966
98	171	0.533909
98	172	0.524592
98	178	0.510714
98	179	0.522651
99	8	0.48855
99	13	0.484867
99	16	0.527588
99	82	0.506825
99	107	0.507858
99	111	0.517936
99	141	0.519851
99	142	0.51701
99	155	0.522779
99	156	1.34003
99	160	1.32323
99	165	1.33158
99	169	1.30831
99	171	1.3078
99	172	1.31121
99	173	1.31213
99	174	1.3031
99	175	1.31366
99	176	1.29552
99	177	1.30468
99	178	1.32006
99	179	1.30267
99	180	1.32602
100	18	1.29626
100	19	1.30873
100	31	1.39189
100	42	1.34502
100	83	1.30448
100	87	0.580089
100	106	1.26586
100	115	1.2809
100	123	1.27251
100	125	1.34899
100	132	1.35217
100	133	1.2815
100	136	1.30296
100	138	1.32812
100	144	0.511414
100	145	1.3206
100	150	0.516278
100	160	0.494102
100	167	0.50335
100	173	0.50071
100	174	0.508404
100	176	0.50417
100	180	0.492707
101	30	0.445498
101	66	1.35702
101	74	1.43132
101	81	1.24205
101	82	1.31238
101	87	0.587879
101	93	1.33832
101	95	1.32275
101	98	1.29822
101	117	0.52064
101	119	1.3306
101	124	0.53567
101	129	1.30069
101	130	1.26386
101	134	1.31098
101	139	1.2873
101	140	0.499525
101	157	1.30939
101	159	0.515339
101	163	1.29513
101	172	0.503762
101	177	0.511401
101	178	0.489884
102	1	1.35809
102	4	1.33872
102	19	1.29917
102	31	1.38233
102	48	1.40041
102	57	1.21545
102	108	0.526709
102	115	1.27135
102	116	0.539053
102	123	1.26295
102	125	1.33944
102	132	1.34262
102	133	1.27195
102	136	1.29341
102	145	1.31105
102	152	1.31306
102	153	0.477533
102	156	0.509394
102	168	0.477792
102	174	0.527848
102	176	0.523615
102	179	0.513477
102	180	0.512151
103	15	1.27884
103	21	1.28894
103	35	1.24543
103	38	1.39022
103	52	1.27554
103	55	1.28211
103	68	1.29801
103	69	0.530121
103	72	1.31481
103	76	1.30243
103	89	1.39193
103	90	1.35146
103	96	0.478529
103	107	1.32712
103	111	1.32712
103	116	0.535332
103	127	0.546841
103	138	0.507398
103	139	0.475243
103	152	1.32606
103	161	0.49729
103	173	0.516433
103	176	0.519894
104	76	0.550721
104	107	0.533305
104	119	0.513416
104	129	0.529397
104	139	0.534519
104	151	0.54675
104	155	0.548225
104	156	1.30674
104	158	0.515862
104	160	1.28994
104	162	0.516744
104	165	1.29829
104	166	1.25603
104	167	1.28801
104	169	1.27501
104	171	1.27451
104	173	1.27883
104	174	1.26981
104	175	1.28037
104	176	1.26223
104	177	1.27138
104	178	1.28676
104	179	1.26938
104	180	1.29273
105	6	0.477204
105	14	0.417257
105	15	0.526718
105	38	0.476683
105	59	0.468484
105	134	0.477863
105	144	1.36867
105	148	0.497876
105	149	0.481539
105	152	0.483268
105	153	0.486752
105	161	1.37784
105	167	1.38189
105	169	1.36889
105	171	1.36839
105	172	1.37179
105	173	1.37272
105	174	1.36369
105	175	1.37425
105	176	1.35611
105	177	1.36526
105	178	1.38064
105	179	1.36326
105	180	1.38661
106	10	0.51474
106	19	1.26338
106	42	1.29967
106	48	1.36462
106	100	1.26586
106	121	0.572361
106	125	1.30365
106	134	0.521986
106	136	1.25761
106	142	0.540244
106	145	1.27526
106	148	0.542
106	158	0.51365
106	162	0.514532
106	164	0.53304
106	170	0.536149
106	171	1.26778
106	173	1.27211
106	174	1.26308
106	175	1.27364
106	177	1.26466
106	178	1.28004
106	179	1.26265
106	180	1.286
107	15	1.28786
107	17	1.48274
107	21	1.29796
107	35	1.25445
107	36	0.460445
107	38	1.39924
107	52	1.28456
107	55	1.29113
107	68	1.30703
107	72	1.32383
107	76	1.31145
107	89	1.40095
107	90	1.36048
107	92	0.491103
107	99	0.507858
107	103	1.32712
107	104	0.533305
107	111	1.33614
107	116	0.525602
107	152	1.33508
107	161	0.48756
107	173	0.506704
107	175	0.507674
107	178	0.488089
107	179	0.500026
108	14	0.443547
108	23	0.435315
108	47	0.498408
108	70	0.525832
108	82	0.512226
108	86	0.509744
108	94	0.502043
108	102	0.526709
108	133	0.526768
108	136	0.516389
108	146	1.34288
108	161	1.3387
108	165	1.35303
108	166	1.31077
108	167	1.34276
108	169	1.32976
108	172	1.33266
108	173	1.33358
108	174	1.32455
108	175	1.33511
108	176	1.31697
108	177	1.32613
108	178	1.34151
108	179	1.32412
108	180	1.34747
109	42	0.511012
109	62	0.488552
109	73	0.441444
109	115	0.544794
109	122	0.515626
109	125	0.486742
109	126	0.486667
109	150	1.31544
109	151	0.519778
109	159	1.3254
109	162	0.489773
109	165	1.35475
109	167	1.34447
109	168	0.506375
109	169	1.33147
109	171	1.33096
109	172	1.33437
109	173	1.33529
109	174	1.32626
109	175	1.33682
109	176	1.31868
109	177	1.32784
109	178	1.34322
109	179	1.32584
109	180	1.34918
110	34	1.26467
110	50	1.29825
110	114	1.39397
110	133	1.30692
110	137	0.49974
110	141	1.33203
110	147	1.33401
110	149	1.35603
110	151	1.31372
110	153	1.33805
110	155	1.32864
110	156	0.489766
110	158	1.37097
110	162	1.36874
110	163	0.506102
110	164	1.31994
110	167	0.503166
110	168	1.33977
110	170	1.33428
110	171	0.505107
110	174	0.508221
110	175	0.501497
110	176	0.503987
110	177	0.503428
110	180	0.492523
111	15	1.28786
111	17	1.48274
111	21	1.29796
111	25	0.550697
111	35	1.25445
111	36	0.470523
111	38	1.39924
111	39	0.43835
111	52	1.28456
111	55	1.29113
111	68	1.30703
111	72	1.32383
111	76	1.31145
111	89	1.40095
111	90	1.36048
111	96	0.478878
111	99	0.517936
111	103	1.32712
111	107	1.33614
111	145	0.4788
111	152	1.33508
111	154	0.52106
111	165	0.504094
111	174	0.524476
111	177	0.519683
112	6	0.45512
112	21	0.496354
112	28	0.425844
112	35	0.532793
112	38	0.454599
112	42	0.469563
112	68	0.48009
112	81	0.507556
112	119	0.444996
112	136	0.468015
112	141	1.37693
112	149	1.40094
112	152	0.461184
112	157	1.39021
112	162	1.41365
112	164	1.36485
112	168	1.38467
112	170	1.37919
112	172	1.38686
112	173	1.38778
112	174	1.37875
112	175	1.38931
112	176	1.37117
112	178	1.39571
112	179	1.37832
112	180	1.40167
113	59	0.45328
113	61	0.45855
113	66	0.466563
113	76	0.489181
113	81	0.514436
113	90	0.46502
113	93	0.469069
113	114	1.43395
113	122	1.36654
113	126	1.42461
113	129	0.467857
113	134	0.462659
113	136	0.474895
113	139	0.472979
113	157	1.38528
113	162	1.40872
113	164	1.35992
113	170	1.37426
113	171	1.37852
113	173	1.38285
113	174	1.37382
113	175	1.38438
113	176	1.36624
113	178	1.39078
113	179	1.37339
113	180	1.39674
114	3	0.43262
114	10	1.42233
114	37	1.45023
114	44	0.476722
114	62	1.41578
114	70	1.35605
114	83	0.458798
114	91	1.41318
114	94	1.39564
114	110	1.39397
114	113	1.43395
114	118	0.463565
114	121	1.31147
114	143	0.46957
114	147	1.36594
114	149	1.38795
114	151	1.34564
114	153	1.36997
114	163	0.487733
114	168	1.37169
114	169	0.489772
114	170	1.36621
114	174	0.489852
114	175	0.483128
114	177	0.48506
114	180	0.474154
115	1	1.33734
115	4	1.31797
115	9	0.513663
115	18	1.26596
115	22	0.429392
115	29	1.38587
115	42	1.31471
115	57	1.1947
115	74	1.4115
115	75	0.509392
115	83	1.27417
115	100	1.2809
115	102	1.27135
115	109	0.544794
115	118	0.526572
115	120	0.528154
115	123	1.2422
115	125	1.31869
115	132	1.32187
115	136	1.27265
115	138	1.29781
115	152	1.29231
115	154	0.549443
115	155	0.51768
115	172	0.540427
115	175	0.546134
116	29	0.486235
116	47	0.510752
116	49	0.474256
116	73	1.41253
116	78	0.532279
116	102	0.539053
116	103	0.535332
116	107	0.525602
116	123	0.541703
116	136	0.528732
116	148	1.27176
116	149	1.30545
116	151	1.26314
116	152	0.521902
116	158	1.32039
116	162	1.31816
116	168	1.28918
116	169	1.28847
116	170	1.2837
116	171	1.28796
116	172	1.29137
116	175	1.29382
116	177	1.28484
116	178	1.30022
116	179	1.28284
116	180	1.30618
117	16	0.538574
117	73	0.453955
117	95	0.50314
117	98	0.541469
117	101	0.52064
117	130	0.546691
117	145	0.523267
117	146	1.31162
117	150	1.28246
117	157	0.52394
117	161	1.30744
117	165	1.32177
117	166	1.27951
117	168	0.518886
117	169	1.29849
117	170	0.5239
117	171	1.29799
117	172	1.30139
117	173	1.30232
117	174	1.29329
117	175	1.30385
117	176	1.28571
117	177	1.29486
117	178	1.31024
117	179	1.29286
117	180	1.31621
118	20	0.425111
118	33	0.451981
118	61	0.474897
118	94	0.476896
118	97	0.447506
118	114	0.463565
118	115	0.526572
118	119	0.468222
118	139	0.489326
118	148	0.499019
118	156	1.41616
118	159	1.37836
118	162	0.471551
118	166	1.36545
118	167	1.39743
118	169	1.38444
118	171	1.38393
118	172	1.38734
118	173	1.38826
118	174	1.37923
118	175	1.38979
118	176	1.37165
118	177	1.38081
118	178	1.39619
118	179	1.3788
118	180	1.40215
119	13	1.40041
119	45	0.480621
119	46	0.494016
119	60	1.39307
119	66	1.39739
119	81	1.28242
119	82	1.35275
119	85	1.35338
119	87	0.566194
119	93	1.37869
119	95	1.36312
119	98	1.33859
119	101	1.3306
119	104	0.513416
119	112	0.444996
119	118	0.468222
119	129	1.34106
119	130	1.30423
119	134	1.35135
119	139	1.32767
119	155	0.459331
119	157	1.34976
119	160	0.480207
119	163	1.3355
119	166	0.511457
119	169	0.494429
119	171	0.491395
120	29	0.450327
120	74	0.438417
120	81	0.532364
120	83	0.508738
120	115	0.528154
120	133	0.503203
120	140	1.36115
120	149	0.484263
120	153	0.489477
120	154	1.33935
120	156	1.3778
120	160	1.361
120	162	0.473133
120	166	1.32709
120	167	1.35907
120	168	0.489735
120	170	0.49475
120	171	1.34557
120	172	1.34898
120	173	1.3499
120	174	1.34087
120	175	1.35143
120	176	1.33329
120	177	1.34245
120	178	1.35783
120	179	1.34044
120	180	1.36379
121	10	1.30791
121	26	0.511106
121	41	0.534835
121	88	1.33812
121	91	1.29876
121	96	0.510069
121	106	0.572361
121	114	1.31147
121	122	1.24406
121	126	1.30214
121	128	0.545342
121	141	1.24953
121	142	1.24599
121	149	1.27354
121	151	1.23122
121	153	1.25555
121	155	1.24614
121	157	1.26281
121	160	0.541365
121	162	1.28625
121	164	1.23745
121	165	0.535285
121	168	1.25727
121	170	1.25179
121	174	0.555667
121	176	0.551433
121	177	0.550875
122	37	1.38282
122	60	1.35312
122	84	1.32166
122	94	1.32823
122	109	0.515626
122	113	1.36654
122	121	1.24406
122	126	1.34915
122	137	0.515211
122	140	0.507022
122	141	1.29654
122	142	1.293
122	143	0.503409
122	146	0.496481
122	149	1.32055
122	151	1.27823
122	154	0.520276
122	157	1.30982
122	158	1.33549
122	162	1.33326
122	164	1.28446
122	165	0.503309
122	167	0.518637
122	168	1.30428
122	170	1.2988
122	171	0.520577
122	173	0.515997
122	178	0.497381
123	1	1.32894
123	18	1.25756
123	19	1.27002
123	25	0.55672
123	29	1.37747
123	31	1.35318
123	32	0.570277
123	42	1.30631
123	51	0.544362
123	57	1.1863
123	88	1.35649
123	96	0.4849
123	100	1.27251
123	102	1.26295
123	115	1.2422
123	116	0.541703
123	125	1.31029
123	132	1.31347
123	133	1.2428
123	136	1.26426
123	138	1.28941
123	143	0.510216
123	145	1.2819
123	152	1.28391
123	163	0.52838
123	167	0.525444
123	171	0.527385
123	178	0.504189
123	180	0.514801
124	5	0.489396
124	20	0.470873
124	23	0.45593
124	63	0.591485
124	75	0.540507
124	81	0.576545
124	101	0.53567
124	127	1.25984
124	136	0.537004
124	137	1.30853
124	149	0.528444
124	150	1.27276
124	152	0.530174
124	159	1.28272
124	160	1.30372
124	165	1.31207
124	166	1.26981
124	169	1.28879
124	170	0.538931
124	171	1.28829
124	172	1.2917
124	173	1.29262
124	174	1.28359
124	175	1.29415
124	176	1.27601
124	177	1.28517
124	178	1.30055
124	179	1.28316
124	180	1.30651
125	1	1.40543
125	10	0.428356
125	27	1.41842
125	29	1.45395
125	48	1.44774
125	57	1.26279
125	83	1.34226
125	88	1.43298
125	100	1.34899
125	102	1.33944
125	106	1.30365
125	109	0.486742
125	115	1.31869
125	123	1.31029
125	127	0.51752
125	132	1.38995
125	135	0.525044
125	136	1.34074
125	137	0.486326
125	138	1.3659
125	145	1.35838
125	152	1.3604
125	156	0.476352
125	165	0.474425
125	171	0.491693
125	175	0.488083
125	177	0.490014
125	178	0.468497
125	179	0.480435
126	41	0.4739
126	45	0.480843
126	62	1.40645
126	109	0.486667
126	113	1.42461
126	121	1.30214
126	122	1.34915
126	128	0.484406
126	131	0.456188
126	140	0.478062
126	142	1.35107
126	144	0.497741
126	145	1.36861
126	147	1.3566
126	149	1.37862
126	150	0.502605
126	151	1.33631
126	153	1.36064
126	155	1.35123
126	157	1.3679
126	158	1.39356
126	162	1.39133
126	164	1.34253
126	168	1.36236
126	169	0.494652
126	170	1.35687
126	175	0.488007
126	176	0.490497
126	180	0.479034
127	59	0.518627
127	61	0.523896
127	79	0.482062
127	103	0.546841
127	124	1.25984
127	125	0.51752
127	137	1.30683
127	148	0.548019
127	152	0.533411
127	154	1.28037
127	157	0.542207
127	158	0.519668
127	159	1.28103
127	160	1.30202
127	161	1.29604
127	162	0.520551
127	164	0.539059
127	165	1.31038
127	166	1.26811
127	167	1.3001
127	169	1.2871
127	173	1.29092
127	174	1.28189
127	175	1.29245
127	176	1.27431
127	177	1.28347
127	178	1.29885
127	179	1.28147
127	180	1.30481
128	48	0.45744
128	65	0.481104
128	70	0.516646
128	97	0.463467
128	121	0.545342
128	126	0.484406
128	139	0.505287
128	143	1.3515
128	145	0.508496
128	151	0.517517
128	154	1.3206
128	155	0.518993
128	156	1.35905
128	159	1.32126
128	160	1.34225
128	162	0.487512
128	164	0.506021
128	165	1.35061
128	167	1.34033
128	169	1.32733
128	171	1.32682
128	172	1.33023
128	173	1.33115
128	174	1.32212
128	175	1.33268
128	176	1.31454
128	177	1.3237
128	178	1.33908
128	179	1.3217
128	180	1.34504
129	13	1.3705
129	32	0.550268
129	33	1.40685
129	36	0.456537
129	53	0.50732
129	60	1.36316
129	66	1.36748
129	74	1.44178
129	81	1.25251
129	82	1.32285
129	85	1.32347
129	93	1.34878
129	95	1.33322
129	98	1.30868
129	101	1.30069
129	104	0.529397
129	113	0.467857
129	119	1.34106
129	130	1.27432
129	134	1.32144
129	139	1.29776
129	144	0.513499
129	156	0.492036
129	157	1.31986
129	163	1.30559
129	172	0.498058
129	174	0.51049
129	175	0.503766
129	178	0.48418
129	179	0.496118
130	8	1.34098
130	13	1.33368
130	22	1.45301
130	26	1.36333
130	30	0.47155
130	33	1.37002
130	46	0.541752
130	66	1.33066
130	73	0.427258
130	81	1.21569
130	82	1.28602
130	85	1.28664
130	93	1.31196
130	95	1.29639
130	98	1.27186
130	101	1.26386
130	117	0.546691
130	119	1.30423
130	129	1.27432
130	131	0.503702
130	134	1.28461
130	139	1.26094
130	157	1.28303
130	159	0.541391
130	160	0.527943
130	163	1.26877
130	165	0.521863
130	167	0.537191
130	177	0.537453
130	179	0.527874
130	180	0.526548
131	38	0.465569
131	39	0.439827
131	55	0.515524
131	126	0.456188
131	130	0.503702
131	136	0.478984
131	139	0.477069
131	142	0.485006
131	143	1.39826
131	154	1.36737
131	155	0.490775
131	158	0.458412
131	159	1.36802
131	160	1.38902
131	161	1.38304
131	162	0.459294
131	164	0.477802
131	165	1.39737
131	166	1.35511
131	167	1.38709
131	170	0.480911
131	171	1.37359
131	172	1.37699
131	173	1.37792
131	174	1.36889
131	175	1.37945
131	176	1.36131
131	177	1.37046
131	178	1.38584
131	179	1.36846
131	180	1.39181
132	1	1.40861
132	8	0.422243
132	19	1.34969
132	27	1.4216
132	29	1.45713
132	31	1.43285
132	42	1.38598
132	48	1.45093
132	52	0.472805
132	83	1.34544
132	88	1.43616
132	100	1.35217
132	102	1.34262
132	115	1.32187
132	123	1.31347
132	125	1.38995
132	133	1.32247
132	136	1.34392
132	137	0.483169
132	144	0.494659
132	145	1.36156
132	152	1.36358
132	156	0.473195
132	157	0.446646
132	163	0.489531
132	169	0.49157
132	171	0.488536
132	173	0.483955
132	174	0.491649
132	176	0.487415
132	177	0.486857
133	29	1.38646
133	31	1.36218
133	65	1.31956
133	94	1.30859
133	97	1.39285
133	100	1.2815
133	102	1.27195
133	108	0.526768
133	110	1.30692
133	120	0.503203
133	123	1.2428
133	132	1.32247
133	136	1.27325
133	138	1.29841
133	140	0.511238
133	142	1.27336
133	152	1.29291
133	155	1.27351
133	156	0.509453
133	158	1.31585
133	160	0.513605
133	162	1.31362
133	166	0.544856
133	168	1.28464
133	169	0.527828
133	170	1.27916
133	171	0.524794
133	172	0.515476
133	175	0.521183
133	178	0.501598
133	179	0.513536
134	8	1.38809
134	13	1.38079
134	26	1.41044
134	33	1.41714
134	66	1.37777
134	69	0.511286
134	74	1.45207
134	81	1.2628
134	82	1.33314
134	85	1.33376
134	93	1.35907
134	95	1.34351
134	98	1.31897
134	101	1.31098
134	105	0.477863
134	106	0.521986
134	113	0.462659
134	119	1.35135
134	129	1.32144
134	130	1.28461
134	135	0.535529
134	138	0.488563
134	139	1.30805
134	144	0.508302
134	157	1.33014
134	161	0.478454
134	163	1.31588
134	168	0.455236
134	176	0.501058
134	177	0.5005
134	178	0.478983
134	180	0.489595
135	21	0.576104
135	33	0.508505
135	64	0.539352
135	65	0.521666
135	71	0.536876
135	72	0.548885
135	73	0.479746
135	125	0.525044
135	134	0.535529
135	137	1.29704
135	154	1.27058
135	159	1.27123
135	160	1.29223
135	161	1.28625
135	162	0.528074
135	163	1.2693
135	164	0.546583
135	165	1.30058
135	166	1.25832
135	167	1.2903
135	169	1.27731
135	170	0.549691
135	171	1.2768
135	172	1.28021
135	173	1.28113
135	174	1.2721
135	175	1.28266
135	176	1.26452
135	177	1.27368
135	178	1.28906
135	179	1.27167
135	180	1.29502
136	4	1.34002
136	18	1.28801
136	29	1.40792
136	31	1.38364
136	42	1.33677
136	48	1.40171
136	57	1.21675
136	69	0.523522
136	74	1.43356
136	83	1.29623
136	100	1.30296
136	102	1.29341
136	106	1.25761
136	108	0.516389
136	112	0.468015
136	113	0.474895
136	115	1.27265
136	116	0.528732
136	123	1.26426
136	124	0.537004
136	125	1.34074
136	131	0.478984
136	132	1.34392
136	133	1.27325
136	138	1.31987
136	144	0.520538
136	145	1.31235
136	150	0.525402
136	152	1.31436
136	174	0.517528
136	176	0.513294
136	177	0.512736
136	178	0.491219
137	1	0.482316
137	3	0.498785
137	62	0.488137
137	81	0.548589
