1	12	0.924198
1	30	0.871583
1	39	0.879235
1	67	0.890394
1	69	0.82343
1	70	0.82383
1	90	0.85733
1	114	2.03088
1	126	0.794574
1	141	2.92221
1	144	0.780679
1	153	0.777163
2	4	0.78746
2	28	0.84293
2	38	0.843319
2	50	0.918815
2	60	0.799193
2	66	0.863449
2	68	0.797063
2	132	2.55227
2	134	0.855232
2	137	0.837025
2	138	0.854217
2	146	2.91233
3	96	0.865734
3	103	0.8555
3	104	0.802127
3	105	0.85064
3	106	0.842403
3	111	0.831231
3	112	0.837959
3	119	0.869249
3	124	0.85677
3	125	0.816828
3	126	2.9487
3	158	3.04466
4	2	0.78746
4	7	1.62226
4	23	0.860119
4	38	0.840317
4	50	0.915812
4	60	0.796191
4	66	0.860447
4	68	0.794061
4	134	0.852229
4	137	0.834023
4	138	0.851215
4	147	3.37226
5	15	0.796281
5	25	0.899972
5	40	0.852028
5	41	0.851145
5	47	0.856941
5	53	0.856746
5	54	0.847004
5	62	2.50544
5	126	0.773379
5	137	0.843941
5	157	0.856123
5	176	3.23873
6	33	0.891284
6	36	0.868881
6	45	0.870791
6	51	0.889306
6	79	0.864276
6	92	0.839751
6	93	0.837174
6	97	0.829581
6	129	2.22405
6	144	3.52746
6	161	0.789629
6	168	0.736568
7	4	1.62226
7	57	1.15815
7	61	0.881308
7	162	0.843696
7	169	0.837603
7	171	0.838717
7	173	0.832594
7	175	0.824755
7	176	0.861443
7	177	0.82449
7	179	0.820537
7	180	0.835903
8	44	0.831437
8	55	2.06295
8	56	0.822822
8	58	0.817917
8	85	0.8286
8	87	0.886859
8	88	0.83097
8	95	0.866651
8	113	0.834609
8	116	0.869567
8	133	2.96076
8	157	0.855113
9	30	0.953145
9	43	0.952108
9	67	0.971956
9	69	0.904992
9	70	0.905392
9	76	1.01712
9	90	0.938892
9	139	0.92944
9	140	1.20652
9	144	0.862241
9	169	3.14665
9	171	2.83158
10	45	0.871547
10	46	0.860648
10	51	0.890062
10	79	0.865032
10	84	0.850069
10	92	0.840507
10	97	0.830337
10	123	0.875743
10	161	0.790385
10	164	3.0191
10	168	0.737324
10	172	2.80152
11	29	0.949011
11	44	0.932045
11	74	0.943776
11	85	0.929208
11	87	0.987467
11	88	0.931578
11	113	0.935217
11	116	0.970175
11	122	1.72573
11	144	0.859082
11	148	1.68636
11	178	3.53586
12	1	0.924198
12	18	0.907912
12	30	0.949097
12	67	0.967908
12	69	0.900944
12	70	0.901344
12	90	0.934844
12	139	0.925392
12	144	0.858193
12	150	1.63403
12	153	0.854677
12	161	1.7665
12	177	3.83232
13	83	2.89624
13	135	0.776996
13	165	0.724715
13	166	0.770391
13	170	0.759821
13	171	0.759599
13	172	0.773286
13	173	0.753476
13	174	0.753613
13	175	0.745636
13	176	0.782324
13	177	0.745372
13	180	0.756785
14	21	0.854322
14	22	0.848385
14	23	0.840325
14	28	0.820134
14	38	0.820523
14	50	0.896018
14	60	0.776397
14	66	0.840653
14	68	0.774267
14	128	2.14747
14	134	0.832435
14	137	0.814229
14	176	3.95175
15	5	0.796281
15	25	0.89196
15	40	0.844016
15	41	0.843133
15	47	0.848929
15	53	0.848734
15	54	0.838992
15	82	0.758442
15	118	0.772002
15	137	0.835929
15	157	0.848111
15	164	2.07747
15	167	4.30189
16	77	2.83969
16	120	0.756456
16	128	0.84578
16	164	0.768214
16	166	0.758922
16	170	0.748352
16	173	0.742007
16	174	0.742144
16	175	0.734167
16	176	0.770855
16	178	0.753647
16	179	0.72995
16	180	0.745316
17	73	3.19851
17	91	0.878118
17	96	0.868821
17	103	0.858587
17	104	0.805215
17	106	0.845491
17	111	0.834318
17	112	0.841046
17	124	0.859857
17	125	0.819915
17	142	2.44477
17	161	0.771157
17	167	0.737067
18	12	0.907912
18	30	0.855297
18	67	0.874108
18	69	0.807144
18	70	0.807544
18	76	0.91927
18	90	0.841045
18	118	0.784924
18	126	0.778288
18	143	2.71998
18	144	0.764394
18	150	3.27946
18	153	0.760877
19	32	1.90337
19	42	0.763282
19	89	0.751805
19	165	0.801923
19	169	0.835693
19	170	0.837029
19	171	0.836807
19	172	0.850494
19	175	0.822845
19	176	0.859533
19	178	0.842325
19	179	0.818627
19	180	0.833993
20	30	0.933697
20	35	0.0943084
20	89	0.497512
20	164	0.929072
20	166	0.91978
20	170	0.90921
20	173	0.902865
20	174	0.903002
20	175	0.895025
20	176	0.931713
20	178	0.914505
20	179	0.890808
20	180	0.906174
21	14	0.854322
21	22	0.957837
21	23	0.949778
21	28	0.929586
21	60	0.885849
21	66	0.950105
21	68	0.883719
21	75	0.810145
21	80	1.54018
21	134	0.941888
21	138	0.940873
21	164	2.59093
21	173	2.89916
22	14	0.848385
22	21	0.957837
22	38	0.924038
22	50	0.999533
22	60	0.879912
22	63	5.4
22	66	0.944168
22	68	0.877782
22	75	0.804207
22	114	1.49418
22	134	0.93595
22	137	0.917744
22	171	1.81054
23	4	0.860119
23	14	0.840325
23	21	0.949778
23	28	0.915589
23	50	0.991474
23	60	0.871852
23	66	0.936109
23	68	0.869723
23	134	0.927891
23	138	0.926876
23	142	1.09394
23	161	2.90232
23	166	2.82753
24	29	0.932755
24	44	0.915789
24	58	0.902269
24	85	0.912952
24	88	0.915322
24	95	0.951004
24	100	0.884826
24	113	0.918961
24	116	0.95392
24	133	1.94081
24	144	0.842827
24	168	5.81678
24	176	1.37258
25	5	0.899972
25	15	0.89196
25	40	0.947707
25	41	0.946823
25	47	0.95262
25	53	0.952424
25	54	0.942683
25	108	1.12421
25	137	0.939619
25	150	2.55976
25	155	3.25519
25	157	0.951801
26	33	0.937428
26	35	0.905849
26	45	0.916935
26	46	0.906036
26	84	0.895456
26	86	1.4775
26	92	0.885895
26	93	0.883317
26	97	0.875724
26	117	1.79367
26	138	0.92153
26	144	3.90118
26	157	0.91652
26	168	0.782711
27	79	0.320883
27	135	0.828199
27	136	0.825299
27	157	1.58965
27	158	0.81173
27	160	0.877584
27	169	0.809688
27	171	0.810802
27	173	0.804679
27	174	0.804816
27	176	0.833527
27	177	0.796575
27	179	0.792622
27	180	0.807988
28	2	0.84293
28	14	0.820134
28	21	0.929586
28	23	0.915589
28	38	0.895787
28	50	0.971282
28	60	0.851661
28	66	0.915917
28	68	0.849531
28	134	0.907699
28	137	0.889493
28	146	1.36756
28	150	2.64986
28	156	3.38631
29	11	0.949011
29	24	0.932755
29	48	0.883698
29	56	0.86895
29	58	0.864046
29	85	0.874729
29	95	0.91278
29	100	0.846603
29	113	0.880737
29	116	0.915696
29	122	1.84478
29	135	3.39913
29	157	0.901242
29	159	2.19301
30	1	0.871583
30	9	0.953145
30	12	0.949097
30	18	0.855297
30	20	0.933697
30	39	0.904135
30	43	0.895446
30	67	0.915293
30	69	0.848329
30	76	0.960455
30	86	2.01669
30	90	0.882229
30	145	3.0056
30	153	0.802062
31	137	3.00724
31	149	0.797902
31	155	0.772105
31	159	0.790503
31	162	0.752714
31	163	0.73254
31	166	0.758527
31	172	0.761421
31	173	0.741611
31	174	0.741749
31	175	0.733772
31	177	0.733507
31	179	0.729555
31	180	0.74492
32	19	1.90337
32	96	0.852856
32	100	3.17969
32	103	0.842622
32	105	0.837762
32	106	0.829525
32	111	0.818353
32	112	0.825081
32	119	0.856371
32	123	0.84055
32	124	0.843892
32	125	0.80395
32	153	0.735785
32	167	0.721101
33	6	0.891284
33	26	0.937428
33	35	0.918188
33	46	0.918375
33	79	0.922759
33	84	0.907796
33	92	0.898234
33	93	0.895656
33	97	0.888064
33	161	0.848112
33	167	3.56527
33	168	0.795051
33	178	1.83615
33	180	2.46399
34	91	0.947182
34	94	0.888651
34	96	0.937885
34	104	0.874279
34	106	0.914554
34	111	0.903382
34	112	0.91011
34	114	0.710807
34	124	0.928921
34	125	0.888979
34	141	1.60214
34	153	0.820814
34	167	0.806131
34	173	4.18245
35	20	0.0943084
35	26	0.905849
35	33	0.918188
35	36	0.895785
35	45	0.897695
35	46	0.886796
35	62	2.59456
35	79	0.89118
35	84	0.876217
35	92	0.866655
35	93	0.864078
35	97	0.856485
35	157	0.897281
35	168	0.763472
35	173	3.70421
36	6	0.868881
36	35	0.895785
36	79	0.900356
36	84	0.885392
36	86	1.05539
36	92	0.875831
36	93	0.873253
36	97	0.86566
36	123	0.911067
36	138	0.911466
36	141	1.002
36	157	0.906456
36	161	0.825708
36	167	5.4985
36	168	0.772647
37	98	0.881803
37	124	1.59029
37	137	0.582813
37	146	0.890613
37	163	0.78065
37	166	0.806637
37	170	0.796066
37	171	0.795845
37	173	0.789722
37	174	0.789859
37	176	0.81857
37	177	0.781617
37	178	0.801362
37	179	0.777665
37	180	0.79303
38	2	0.843319
38	4	0.840317
38	14	0.820523
38	22	0.924038
38	28	0.895787
38	50	0.971672
38	60	0.85205
38	66	0.916306
38	68	0.84992
38	75	0.776346
38	137	0.889882
38	138	0.907074
38	148	2.14968
38	149	1.4464
38	168	6.16621
39	1	0.879235
39	30	0.904135
39	43	0.903099
39	67	0.922946
39	69	0.855982
39	70	0.856382
39	76	0.968107
39	90	0.889882
39	118	0.833761
39	128	1.85671
39	139	0.88043
39	144	0.813231
39	149	3.20868
39	152	2.50027
39	153	0.809715
40	5	0.852028
40	15	0.844016
40	25	0.947707
40	41	0.898879
40	47	0.904676
40	53	0.90448
40	54	0.894739
40	82	0.814189
40	118	0.827749
40	126	0.821113
40	137	0.891675
40	140	1.14696
40	157	0.903857
40	158	3.63254
40	162	2.96593
41	5	0.851145
41	15	0.843133
41	25	0.946823
41	40	0.898879
41	47	0.903793
41	53	0.903597
41	54	0.893855
41	82	0.813306
41	118	0.826866
41	126	0.82023
41	136	3.17257
41	137	0.890792
41	145	1.73335
41	157	0.902974
41	177	3.70156
42	19	0.763282
42	47	0.745439
42	53	0.745243
42	54	0.735502
42	63	0.650749
42	72	0.826002
42	75	0.618902
42	109	0.734773
42	110	0.734591
42	157	0.744621
42	168	0.610811
42	176	0.677539
42	177	0.640586
42	179	0.636634
42	180	0.651999
43	9	0.952108
43	30	0.895446
43	39	0.903099
43	67	0.914257
43	69	0.847293
43	70	0.847693
43	74	0.889236
43	76	0.959418
43	90	0.881193
43	101	2.12881
43	126	0.818437
43	144	0.804542
43	153	0.801026
43	159	1.82959
43	180	3.91934
44	8	0.831437
44	11	0.932045
44	24	0.915789
44	48	0.866733
44	58	0.84708
44	85	0.857763
44	87	0.916022
44	88	0.860133
44	95	0.895814
44	113	0.863772
44	116	0.89873
44	121	0.839989
44	155	1.70323
44	165	5.14298
44	167	1.71107
45	6	0.870791
45	10	0.871547
45	26	0.916935
45	35	0.897695
45	82	2.64348
45	84	0.887303
45	92	0.877741
45	93	0.875164
45	97	0.867571
45	127	3.05027
45	138	0.913376
45	150	2.09667
45	157	0.908367
45	161	0.827619
45	168	0.774558
46	10	0.860648
46	26	0.906036
46	33	0.918375
46	35	0.886796
46	51	0.916397
46	75	5.7
46	79	0.891367
46	84	0.876404
46	92	0.866842
46	93	0.864264
46	97	0.856672
46	122	1.23203
46	156	1.30783
46	157	0.897468
46	168	0.763659
47	5	0.856941
47	15	0.848929
47	25	0.95262
47	40	0.904676
47	41	0.903793
47	42	0.745439
47	53	0.909394
47	54	0.899652
47	118	0.832662
47	126	0.826026
47	132	0.992372
47	135	3.39617
47	137	0.896589
47	155	3.33016
47	157	0.908771
48	29	0.883698
48	44	0.866733
48	56	0.858118
48	85	0.863896
48	87	0.922155
48	88	0.866266
48	95	0.901947
48	113	0.869905
48	116	0.904863
48	131	1.19336
48	138	0.895419
48	144	0.79377
48	152	1.72813
48	157	0.890409
48	179	4.66854
49	80	3.16719
49	94	0.861392
49	96	0.910625
49	103	0.900392
49	104	0.847019
49	105	0.895532
49	108	2.26046
49	111	0.876123
49	112	0.88285
49	119	0.914141
49	123	0.89832
49	124	0.901661
49	125	0.861719
49	132	2.05365
49	167	0.778871
50	2	0.918815
50	4	0.915812
50	14	0.896018
50	22	0.999533
50	23	0.991474
50	28	0.971282
50	38	0.971672
50	60	0.927545
50	66	0.991801
50	68	0.925416
50	120	1.96303
50	138	0.982569
50	142	1.09137
50	170	3.35656
50	172	2.31282
51	6	0.889306
51	10	0.890062
51	46	0.916397
51	79	0.920781
51	92	0.896256
51	93	0.893678
51	97	0.886085
51	128	1.63286
51	138	0.931891
51	141	1.2332
51	157	0.926881
51	161	0.846134
51	168	0.793072
51	170	4.33145
52	71	0.895114
52	72	0.975781
52	78	0.881126
52	83	0.864733
52	89	0.92526
52	99	0.885416
52	100	1.74668
52	102	0.884978
52	109	0.884552
52	110	0.884369
52	123	0.89901
52	146	1.71351
52	162	3.89815
52	167	0.779561
52	168	0.76059
53	5	0.856746
53	15	0.848734
53	25	0.952424
53	40	0.90448
53	41	0.903597
53	42	0.745243
53	47	0.909394
53	54	0.899456
53	118	0.832467
53	126	0.825831
53	137	0.896393
53	152	1.90092
53	157	0.908575
53	160	2.17633
53	162	3.5102
54	5	0.847004
54	15	0.838992
54	25	0.942683
54	40	0.894739
54	41	0.893855
54	42	0.735502
54	47	0.899652
54	53	0.899456
54	55	1.32822
54	59	2.12149
54	82	0.809165
54	118	0.822725
54	126	0.816089
54	137	0.886651
54	154	3.93897
54	157	0.898833
55	8	2.06295
55	54	1.32822
55	92	0.534914
55	163	0.848453
55	164	0.883732
55	166	0.87444
55	169	0.862533
55	170	0.863869
55	171	0.863647
55	172	0.877334
55	173	0.857524
55	174	0.857662
55	175	0.849685
55	177	0.84942
55	179	0.845468
55	180	0.860833
56	8	0.822822
56	29	0.86895
56	48	0.858118
56	80	1.29263
56	85	0.849148
56	87	0.907407
56	88	0.851518
56	95	0.887199
56	100	0.821022
56	113	0.855157
56	116	0.890115
56	121	0.831374
56	138	0.880671
56	157	0.875661
56	174	2.81848
56	177	4.01973
57	7	1.15815
57	71	0.890205
57	77	0.87586
57	78	0.876218
57	81	0.864518
57	83	0.859825
57	89	0.920351
57	99	0.880508
57	102	0.880069
57	109	0.879644
57	110	0.879461
57	129	3.1601
57	131	2.49488
57	134	0.895515
57	167	0.774653
57	168	0.755682
58	8	0.817917
58	24	0.902269
58	29	0.864046
58	44	0.84708
58	85	0.844244
58	87	0.902502
58	88	0.846613
58	95	0.882295
58	100	0.816117
58	113	0.850252
58	116	0.885211
58	138	0.875766
58	152	2.12715
58	157	0.870757
58	165	5.87925
58	169	1.71541
59	54	2.12149
59	72	0.0839686
59	99	0.586458
59	145	0.908862
59	154	0.900088
59	166	0.864583
59	170	0.854013
59	171	0.853791
59	172	0.867478
59	173	0.847668
59	174	0.847805
59	176	0.876516
59	177	0.839564
59	178	0.859308
59	179	0.835611
59	180	0.850977
60	2	0.799193
60	4	0.796191
60	14	0.776397
60	21	0.885849
60	22	0.879912
60	23	0.871852
60	28	0.851661
60	38	0.85205
60	50	0.927545
60	66	0.87218
60	68	0.805794
60	86	1.75042
60	118	3.47635
60	134	0.863962
60	137	0.845756
60	138	0.862948
60	143	2.8877
61	7	0.881308
61	112	1.12692
61	123	1.5278
61	143	0.815923
61	149	0.821097
61	150	0.809069
61	154	0.817226
61	158	0.771857
61	159	0.813697
61	166	0.781722
61	170	0.771151
61	173	0.764806
61	175	0.756966
61	176	0.793655
61	177	0.756702
61	178	0.776446
61	180	0.768115
62	5	2.50544
62	35	2.59456
62	80	0.86296
62	115	0.860189
62	142	0.8963
62	163	0.763522
62	164	0.798801
62	165	0.743832
62	170	0.778938
62	172	0.792403
62	173	0.772593
62	174	0.772731
62	175	0.764754
62	177	0.764489
62	178	0.784234
62	179	0.760537
62	180	0.775902
63	22	5.4
63	42	0.650749
63	73	0.774499
63	128	0.821923
63	129	0.785095
63	132	0.817826
63	144	0.717442
63	147	0.785867
63	162	0.729253
63	169	0.72316
63	172	0.737961
63	173	0.718151
63	174	0.718288
63	176	0.746999
63	177	0.710046
63	178	0.729791
63	179	0.706094
63	180	0.721459
64	72	1.00512
64	77	0.910105
64	78	0.910463
64	81	0.898763
64	83	0.89407
64	89	0.954596
64	99	0.914753
64	102	0.914315
64	109	0.913889
64	110	0.913706
64	137	0.911554
64	139	0.894297
64	163	4.38315
64	164	1.61785
64	167	0.808898
64	168	0.789927
64	171	2.79527
64	176	1.54971
65	110	1.75981
65	132	0.873431
65	138	1.36312
65	159	0.822647
65	160	0.84666
65	163	0.764684
65	166	0.790671
65	169	0.778764
65	171	0.779878
65	172	0.793565
65	173	0.773755
65	174	0.773893
65	175	0.765916
65	176	0.802604
65	178	0.785396
65	179	0.761699
65	180	0.777064
66	2	0.863449
66	4	0.860447
66	14	0.840653
66	21	0.950105
66	22	0.944168
66	23	0.936109
66	28	0.915917
66	38	0.916306
66	50	0.991801
66	60	0.87218
66	68	0.87005
66	75	0.796476
66	107	1.89671
66	115	1.90631
66	137	0.910012
66	138	0.927204
66	147	1.88566
66	178	3.73132
67	1	0.890394
67	9	0.971956
67	12	0.967908
67	18	0.874108
67	30	0.915293
67	39	0.922946
67	43	0.914257
67	69	0.86714
67	70	0.86754
67	76	0.979266
67	90	0.901041
67	101	2.83361
67	107	2.16168
67	131	1.73735
67	139	0.891589
67	144	0.82439
67	149	2.98054
67	153	0.820873
68	2	0.797063
68	4	0.794061
68	14	0.774267
68	21	0.883719
68	22	0.877782
68	23	0.869723
68	28	0.849531
68	38	0.84992
68	50	0.925416
68	60	0.805794
68	66	0.87005
68	75	0.73009
68	134	0.861833
68	137	0.843626
68	138	0.860818
68	144	3.20385
68	159	2.03224
68	178	3.49415
69	1	0.82343
69	9	0.904992
69	12	0.900944
69	18	0.807144
69	30	0.848329
69	39	0.855982
69	43	0.847293
69	67	0.86714
69	70	0.800576
69	76	0.912302
69	90	0.834076
69	117	2.44622
69	118	0.777956
69	126	0.77132
69	139	0.824625
69	142	2.1509
69	144	0.757426
69	153	0.753909
69	166	3.88449
70	1	0.82383
70	9	0.905392
70	12	0.901344
70	18	0.807544
70	39	0.856382
70	43	0.847693
70	67	0.86754
70	69	0.800576
70	74	0.842519
70	76	0.912702
70	90	0.834477
70	118	0.778356
70	120	2.81137
70	126	0.77172
70	139	0.825025
70	144	0.757826
70	146	1.57451
70	153	0.754309
70	175	4.33038
71	52	0.895114
71	57	0.890205
71	72	0.990049
71	77	0.895036
71	78	0.895394
71	81	0.883694
71	89	0.939527
71	99	0.899684
71	102	0.899245
71	109	0.89882
71	110	0.898637
71	128	1.33757
71	137	0.896485
71	139	0.879227
71	153	2.52244
71	167	0.793829
71	168	0.774858
71	170	3.00008
71	180	3.29705
72	42	0.826002
72	52	0.975781
72	59	0.0839686
72	64	1.00512
72	71	0.990049
72	77	0.975703
72	78	0.976061
72	81	0.964361
72	83	0.959668
72	99	0.980351
72	102	0.979912
72	109	0.979487
72	110	0.979304
72	147	1.30324
72	149	2.13315
72	166	2.18936
72	167	0.874496
72	168	0.855525
72	169	4.1461
73	17	3.19851
73	63	0.774499
73	130	0.833623
73	134	1.47607
73	149	0.828731
73	151	0.764896
73	155	0.802935
73	162	0.783543
73	164	0.798648
73	165	0.743679
73	168	0.734562
73	169	0.77745
73	171	0.778564
73	173	0.772441
73	174	0.772578
73	176	0.801289
73	178	0.784081
73	179	0.760384
73	180	0.77575
74	11	0.943776
74	43	0.889236
74	70	0.842519
74	76	0.954244
74	77	0.882376
74	81	0.871034
74	87	0.927753
74	89	0.926867
74	90	0.876019
74	109	0.88616
74	110	0.885977
74	113	0.875503
74	116	0.910461
74	141	1.45538
74	145	1.69944
74	157	0.896007
74	161	2.53975
74	168	0.762198
74	179	4.64075
75	21	0.810145
75	22	0.804207
75	38	0.776346
75	42	0.618902
75	46	5.7
75	66	0.796476
75	68	0.73009
75	105	0.784056
75	112	0.771374
75	124	0.790185
75	125	0.750243
75	139	0.752794
75	155	0.716798
75	160	0.759208
75	166	0.703219
75	169	0.691313
75	175	0.678464
75	179	0.674247
75	180	0.689613
76	9	1.01712
76	18	0.91927
76	30	0.960455
76	39	0.968107
76	43	0.959418
76	67	0.979266
76	69	0.912302
76	70	0.912702
76	74	0.954244
76	90	0.946202
76	98	1.57361
76	114	1.6162
76	118	0.890081
76	126	0.883446
76	139	0.93675
76	144	0.869551
76	151	3.54755
76	153	0.866035
76	163	3.86457
76	179	2.81081
77	16	2.83969
77	57	0.87586
77	64	0.910105
77	71	0.895036
77	72	0.975703
77	74	0.882376
77	78	0.881048
77	81	0.869348
77	83	0.864655
77	89	0.925181
77	99	0.885338
77	102	0.884899
77	109	0.884474
77	110	0.884291
77	121	0.850034
77	149	1.4181
77	167	0.779483
77	168	0.760512
77	170	2.76472
77	173	2.24678
78	52	0.881126
78	57	0.876218
78	64	0.910463
78	71	0.895394
78	72	0.976061
78	77	0.881048
78	81	0.869706
78	83	0.865013
78	99	0.885696
78	102	0.885258
78	109	0.884832
78	110	0.884649
78	123	0.89929
78	139	0.86524
78	145	1.5128
78	152	1.51371
78	162	3.12299
78	167	0.779841
78	168	0.76087
78	175	3.69422
79	6	0.864276
79	10	0.865032
79	27	0.320883
79	33	0.922759
79	35	0.89118
79	36	0.900356
79	46	0.891367
79	51	0.920781
79	84	0.880788
79	92	0.871226
79	93	0.868649
79	97	0.861056
79	100	0.847213
79	123	0.906462
79	136	2.60744
79	157	0.901852
79	161	0.821104
79	163	4.22537
79	168	0.768043
79	171	2.63749
80	21	1.54018
80	49	3.16719
80	56	1.29263
80	62	0.86296
80	140	0.910781
80	147	0.874175
80	161	0.82164
80	164	0.832666
80	165	0.777697
80	170	0.812803
80	171	0.812581
80	172	0.826268
80	173	0.806458
80	174	0.806596
80	175	0.798619
80	176	0.835307
80	177	0.798354
80	178	0.818099
80	179	0.794402
80	180	0.809767
81	57	0.864518
81	64	0.898763
81	71	0.883694
81	72	0.964361
81	74	0.871034
81	77	0.869348
81	78	0.869706
81	83	0.853313
81	89	0.91384
81	99	0.873996
81	102	0.873558
81	109	0.873132
81	110	0.87295
81	121	0.838693
81	129	2.21544
81	139	0.85354
81	146	1.50963
81	161	2.9244
81	167	0.768141
81	168	0.749171
81	174	3.78897
82	15	0.758442
82	40	0.814189
82	41	0.813306
82	45	2.64348
82	54	0.809165
82	83	2.35276
82	86	0.854505
82	88	0.794141
82	95	0.829822
82	113	0.797779
82	116	0.832738
82	143	0.77347
82	144	0.721645
82	154	0.774774
82	157	0.818284
82	165	0.693592
82	170	0.728698
82	175	0.714514
82	178	0.733994
82	180	0.725662
83	13	2.89624
83	52	0.864733
83	57	0.859825
83	64	0.89407
83	72	0.959668
83	77	0.864655
83	78	0.865013
83	81	0.853313
83	82	2.35276
83	89	0.909146
83	99	0.869303
83	102	0.868865
83	109	0.868439
83	110	0.868256
83	123	0.882897
83	134	0.884311
83	137	0.866104
83	146	1.7137
83	167	0.763448
83	168	0.744477
83	176	2.25974
84	10	0.850069
84	26	0.895456
84	33	0.907796
84	35	0.876217
84	36	0.885392
84	45	0.887303
84	46	0.876404
84	79	0.880788
84	92	0.856263
84	93	0.853685
84	97	0.846092
84	100	0.832249
84	120	3.32559
84	121	2.75385
84	123	0.891499
84	138	0.891898
84	141	1.62087
84	148	2.53875
84	157	0.886888
84	161	0.80614
84	168	0.753079
85	8	0.8286
85	11	0.929208
85	24	0.912952
85	29	0.874729
85	44	0.857763
85	48	0.863896
85	56	0.849148
85	58	0.844244
85	87	0.913185
85	88	0.857296
85	95	0.892978
85	113	0.860935
85	116	0.895894
85	120	0.799959
85	121	0.837153
85	138	0.886449
85	144	0.784801
85	148	1.69976
85	152	1.82509
85	153	3.40248
85	174	3.52907
86	26	1.4775
86	30	2.01669
86	36	1.05539
86	60	1.75042
86	82	0.854505
86	141	0.962541
86	150	0.892507
86	159	0.897135
86	166	0.86516
86	169	0.853253
86	170	0.854589
86	171	0.854367
86	172	0.868054
86	173	0.848244
86	174	0.848382
86	175	0.840404
86	176	0.877093
86	177	0.84014
86	178	0.859884
86	179	0.836187
86	180	0.851553
87	8	0.886859
87	11	0.987467
87	44	0.916022
87	48	0.922155
87	56	0.907407
87	58	0.902502
87	74	0.927753
87	85	0.913185
87	88	0.915555
87	95	0.951236
87	113	0.919194
87	116	0.954152
87	120	0.858217
87	122	1.6668
87	138	0.944708
87	144	0.843059
87	157	0.939698
87	170	2.72068
87	176	1.82636
87	178	2.38981
87	179	3.60605
88	8	0.83097
88	11	0.931578
88	24	0.915322
88	44	0.860133
88	48	0.866266
88	56	0.851518
88	58	0.846613
88	82	0.794141
88	85	0.857296
88	87	0.915555
88	95	0.895348
88	98	2.23511
88	113	0.863305
88	115	2.60458
88	116	0.898263
88	120	0.802329
88	138	0.888819
88	142	1.73646
88	144	0.787171
88	157	0.883809
88	161	3.54484
89	19	0.751805
89	20	0.497512
89	52	0.92526
89	57	0.920351
89	64	0.954596
89	71	0.939527
89	74	0.926867
89	77	0.925181
89	81	0.91384
89	83	0.909146
89	99	0.929829
89	102	0.929391
89	109	0.928965
89	110	0.928783
89	121	0.894526
89	133	1.33408
89	134	0.944837
89	139	0.909373
89	140	2.36063
89	168	0.805004
89	173	4.10742
90	1	0.85733
90	9	0.938892
90	12	0.934844
90	18	0.841045
90	30	0.882229
90	39	0.889882
90	43	0.881193
90	67	0.901041
90	69	0.834076
90	70	0.834477
90	74	0.876019
90	76	0.946202
90	107	1.51758
90	118	0.811856
90	126	0.80522
90	139	0.858525
90	144	0.791326
90	153	0.787809
90	159	1.89029
90	173	3.16512
90	175	3.80854
91	17	0.878118
91	34	0.947182
91	94	0.901847
91	96	0.951081
91	103	0.940847
91	104	0.887475
91	105	0.935987
91	106	0.92775
91	111	0.916578
91	112	0.923306
91	115	1.45364
91	119	0.954596
91	124	0.942117
91	125	0.902175
91	139	0.904726
91	140	1.3448
91	153	0.83401
91	156	2.99788
91	160	1.82991
91	161	0.853417
91	167	0.819327
91	177	4.45972
92	6	0.839751
92	10	0.840507
92	26	0.885895
92	33	0.898234
92	35	0.866655
92	36	0.875831
92	45	0.877741
92	46	0.866842
92	51	0.896256
92	55	0.534914
92	79	0.871226
92	84	0.856263
92	93	0.844123
92	97	0.836531
92	100	0.822687
92	128	2.0254
92	138	0.882336
92	157	0.877327
92	161	0.796579
92	166	3.43358
92	168	0.743518
92	172	3.68025
93	6	0.837174
93	26	0.883317
93	33	0.895656
93	35	0.864078
93	36	0.873253
93	45	0.875164
93	46	0.864264
93	51	0.893678
93	79	0.868649
93	84	0.853685
93	92	0.844123
93	97	0.833953
93	100	0.82011
93	118	2.61757
93	123	0.87936
93	138	0.879759
93	140	1.67178
93	157	0.874749
93	161	0.794001
93	164	3.11034
93	168	0.74094
93	174	3.58545
94	34	0.888651
94	49	0.861392
94	91	0.901847
94	96	0.89255
94	103	0.882317
94	104	0.828944
94	105	0.877457
94	106	0.86922
94	108	1.73803
94	111	0.858048
94	112	0.864775
94	119	0.896066
94	124	0.883586
94	125	0.843644
94	132	1.53122
94	134	0.881659
94	139	0.846195
94	145	2.46574
94	153	0.775479
94	161	0.794887
94	167	0.760796
94	175	4.64716
95	8	0.866651
95	24	0.951004
95	29	0.91278
95	44	0.895814
95	48	0.901947
95	56	0.887199
95	58	0.882295
95	82	0.829822
95	85	0.892978
95	87	0.951236
95	88	0.895348
95	113	0.898986
95	114	0.694528
95	115	1.83547
95	116	0.933945
95	120	0.83801
95	121	0.875204
95	135	3.4047
95	138	0.9245
95	144	0.822852
95	153	3.51372
95	157	0.919491
95	160	2.21174
96	3	0.865734
96	17	0.868821
96	32	0.852856
96	34	0.937885
96	49	0.910625
96	91	0.951081
96	94	0.89255
96	103	0.93155
96	104	0.878178
96	106	0.918453
96	111	0.907281
96	112	0.914009
96	119	0.945299
96	120	0.843388
96	124	0.93282
96	125	0.892878
96	126	2.93862
96	127	2.41923
96	161	0.84412
96	167	0.81003
96	175	2.93921
96	176	1.91942
96	178	2.48286
97	6	0.829581
97	10	0.830337
97	26	0.875724
97	33	0.888064
97	35	0.856485
97	36	0.86566
97	45	0.867571
97	46	0.856672
97	51	0.886085
97	79	0.861056
97	84	0.846092
97	92	0.836531
97	93	0.833953
97	100	0.812517
97	123	0.871767
97	130	2.45749
97	138	0.872166
97	148	2.04769
97	155	3.57539
97	157	0.867156
97	161	0.786408
97	166	2.93764
97	168	0.733347
98	37	0.881803
98	76	1.57361
98	88	2.23511
98	103	0.162435
98	114	0.979152
98	136	0.828795
98	148	0.885793
98	152	0.887811
98	155	0.838668
98	157	1.02966
98	159	0.857065
98	160	0.881079
98	169	0.813183
98	170	0.814519
98	171	0.814297
98	172	0.827984
98	173	0.808174
98	174	0.808312
98	175	0.800334
98	176	0.837023
98	177	0.80007
98	178	0.819814
98	179	0.796117
98	180	0.811483
99	52	0.885416
99	57	0.880508
99	59	0.586458
99	64	0.914753
99	71	0.899684
99	72	0.980351
99	77	0.885338
99	78	0.885696
99	81	0.873996
99	83	0.869303
99	89	0.929829
99	102	0.889547
99	109	0.889122
99	110	0.888939
99	121	0.854682
99	123	0.90358
99	131	1.39246
99	134	0.904994
99	137	0.886787
99	142	0.958258
99	158	4.20313
99	167	0.784131
99	168	0.76516
99	171	4.33352
100	24	0.884826
100	29	0.846603
100	32	3.17969
100	52	1.74668
100	56	0.821022
100	58	0.816117
100	79	0.847213
100	84	0.832249
100	92	0.822687
100	93	0.82011
100	97	0.812517
100	104	0.882685
100	113	0.832809
100	116	0.867767
100	138	0.858323
100	164	0.783591
100	165	0.728622
100	168	0.719504
100	170	0.763728
100	174	0.757521
100	177	0.749279
100	178	0.769024
100	180	0.760692
101	43	2.12881
101	67	2.83361
101	112	0.95404
101	118	0.80549
101	132	0.885344
101	147	0.853385
101	151	0.778123
101	156	0.812465
101	162	0.79677
101	163	0.776596
101	164	0.811875
101	165	0.756907
101	166	0.802583
101	169	0.790677
101	170	0.792013
101	171	0.791791
101	172	0.805478
101	174	0.785805
101	175	0.777828
101	176	0.814516
101	177	0.777564
101	178	0.797308
101	179	0.773611
101	180	0.788977
102	52	0.884978
102	57	0.880069
102	64	0.914315
102	71	0.899245
102	72	0.979912
102	77	0.884899
102	78	0.885258
102	81	0.873558
102	83	0.868865
102	89	0.929391
102	99	0.889547
102	109	0.888683
102	110	0.888501
102	117	1.64297
102	122	2.23065
102	123	0.903141
102	130	2.60108
102	134	0.904555
102	137	0.886349
102	139	0.869091
102	147	2.19512
102	167	0.783692
102	168	0.764722
102	172	3.32791
103	3	0.8555
103	17	0.858587
103	32	0.842622
103	49	0.900392
103	91	0.940847
103	94	0.882317
103	96	0.93155
103	98	0.162435
103	104	0.867944
103	105	0.916457
103	106	0.90822
103	111	0.897048
103	112	0.903775
103	119	0.935066
103	120	0.833154
103	124	0.922586
103	125	0.882644
103	126	2.81268
103	139	0.885195
103	154	1.10946
103	161	0.833887
103	163	4.62692
103	167	0.799796
103	169	3.35411
104	3	0.802127
104	17	0.805215
104	34	0.874279
104	49	0.847019
104	91	0.887475
104	94	0.828944
104	96	0.878178
104	100	0.882685
104	103	0.867944
104	105	0.863084
104	106	0.854847
104	111	0.843675
104	112	0.850402
104	119	0.881693
104	120	0.779781
104	121	1.51464
104	124	0.869213
104	125	0.829271
104	134	0.867286
104	139	0.831822
104	151	5.10202
104	161	0.780514
104	167	0.746423
104	174	3.12885
105	3	0.85064
105	32	0.837762
105	49	0.895532
105	75	0.784056
105	91	0.935987
105	94	0.877457
105	103	0.916457
105	104	0.863084
105	106	0.90336
105	111	0.892187
105	112	0.898915
105	119	0.930205
105	120	0.828294
105	121	2.29799
105	123	0.914385
105	124	0.917726
105	125	0.877784
105	134	0.915799
105	143	2.35568
105	146	1.63287
105	153	0.809619
105	159	2.47049
105	161	0.829026
105	167	0.794936
105	178	3.9324
106	3	0.842403
106	17	0.845491
106	32	0.829525
106	34	0.914554
106	91	0.92775
106	94	0.86922
106	96	0.918453
106	103	0.90822
106	104	0.854847
106	105	0.90336
106	111	0.883951
106	112	0.890678
106	119	0.921969
106	121	1.83351
106	124	0.909489
106	125	0.869547
106	134	0.907562
106	136	4.11999
106	139	0.872098
106	153	0.801382
106	154	2.22045
106	160	2.01917
106	161	0.82079
106	167	0.786699
106	172	2.75504
107	66	1.89671
107	67	2.16168
107	90	1.51758
107	118	0.84147
107	119	0.76283
107	145	0.882843
107	156	0.848445
107	158	0.828699
107	160	0.894553
107	162	0.83275
107	165	0.792887
107	166	0.838564
107	167	0.80274
107	169	0.826657
107	170	0.827993
107	171	0.827771
107	172	0.841458
107	173	0.821648
107	174	0.821786
107	175	0.813809
107	176	0.850497
107	177	0.813544
107	178	0.833289
107	179	0.809591
107	180	0.824957
108	25	1.12421
108	49	2.26046
108	94	1.73803
108	127	0.858036
108	136	0.839648
108	139	1.00664
108	140	0.92335
108	148	0.896646
108	152	0.898664
108	159	0.867919
108	162	0.83013
108	167	0.800119
108	169	0.824036
108	170	0.825372
108	171	0.82515
108	172	0.838837
108	173	0.819027
108	174	0.819165
108	175	0.811188
108	176	0.847876
108	177	0.810923
108	178	0.830668
108	179	0.806971
108	180	0.822336
109	42	0.734773
109	52	0.884552
109	57	0.879644
109	64	0.913889
109	71	0.89882
109	72	0.979487
109	74	0.88616
109	77	0.884474
109	78	0.884832
109	81	0.873132
109	83	0.868439
109	89	0.928965
109	99	0.889122
109	102	0.888683
109	110	0.888075
109	121	0.853818
109	134	0.904129
109	137	0.885923
109	141	1.01021
109	161	1.92219
109	167	0.783267
109	168	0.764296
109	170	3.13782
109	174	2.78676
109	177	3.988
110	42	0.734591
110	52	0.884369
110	57	0.879461
110	64	0.913706
110	65	1.75981
110	71	0.898637
110	72	0.979304
110	74	0.885977
110	77	0.884291
110	78	0.884649
110	81	0.87295
110	83	0.868256
110	89	0.928783
110	99	0.888939
110	102	0.888501
110	109	0.888075
110	123	0.902533
110	137	0.88574
110	139	0.868483
110	142	1.33242
110	159	2.56366
110	160	2.57681
110	167	0.783084
110	168	0.764113
110	176	3.46212
111	3	0.831231
111	17	0.834318
111	32	0.818353
111	34	0.903382
111	49	0.876123
111	91	0.916578
111	94	0.858048
111	96	0.907281
111	103	0.897048
111	104	0.843675
111	105	0.892187
111	106	0.883951
111	112	0.879506
111	119	0.910796
111	123	0.894976
111	124	0.898317
111	125	0.858375
111	130	2.34291
111	134	0.89639
111	148	1.93312
111	153	0.79021
111	154	2.53515
111	159	2.32071
111	161	0.809618
111	167	0.775527
111	174	3.76243
112	3	0.837959
112	17	0.841046
112	32	0.825081
112	34	0.91011
112	49	0.88285
112	61	1.12692
112	75	0.771374
112	91	0.923306
112	94	0.864775
112	96	0.914009
112	101	0.95404
112	103	0.903775
112	104	0.850402
112	105	0.898915
112	106	0.890678
112	111	0.879506
112	119	0.917524
112	123	0.901703
112	124	0.905045
112	125	0.865103
112	142	1.49188
112	153	0.796938
112	161	0.816345
112	165	7.27777
112	167	0.782255
112	172	1.40385
113	8	0.834609
113	11	0.935217
113	24	0.918961
113	29	0.880737
113	44	0.863772
113	48	0.869905
113	56	0.855157
113	58	0.850252
113	74	0.875503
113	82	0.797779
113	85	0.860935
113	87	0.919194
113	88	0.863305
113	95	0.898986
113	100	0.832809
113	116	0.901902
113	120	0.805967
113	121	0.843161
113	133	0.846958
113	138	0.892458
113	143	1.40522
113	144	0.790809
113	157	0.887448
113	173	2.79486
113	179	4.19818
113	180	3.60978
114	1	2.03088
114	22	1.49418
114	34	0.710807
114	76	1.6162
114	95	0.694528
114	98	0.979152
114	141	1.00137
114	148	0.964689
114	150	0.931334
114	156	0.913867
114	157	0.269416
114	158	0.894121
114	159	0.935961
114	163	0.877998
114	164	0.913278
114	165	0.858309
114	166	0.903986
114	172	0.90688
114	173	0.88707
114	174	0.887208
114	175	0.879231
114	176	0.915919
114	177	0.878966
114	178	0.898711
114	179	0.875013
114	180	0.890379
115	62	0.860189
115	66	1.90631
115	88	2.60458
115	91	1.45364
115	95	1.83547
115	131	0.901474
115	145	0.864883
115	146	0.904579
115	151	0.796143
115	154	0.856108
115	155	0.834182
115	156	0.830485
115	159	0.852579
115	164	0.829896
115	165	0.774927
115	170	0.810033
115	171	0.809811
115	172	0.823498
115	173	0.803688
115	174	0.803826
115	175	0.795849
115	176	0.832537
115	177	0.795584
115	178	0.815329
115	179	0.791631
115	180	0.806997
116	8	0.869567
116	11	0.970175
116	24	0.95392
116	29	0.915696
116	44	0.89873
116	48	0.904863
116	56	0.890115
116	58	0.885211
116	74	0.910461
116	82	0.832738
116	85	0.895894
116	87	0.954152
116	88	0.898263
116	95	0.933945
116	100	0.867767
116	113	0.901902
116	118	2.00608
116	120	0.840926
116	121	0.87812
116	127	2.9305
116	129	1.40042
116	138	0.927416
116	144	0.825768
116	148	1.14464
116	156	2.71336
116	157	0.922407
116	167	4.72327
117	26	1.79367
117	69	2.44622
117	102	1.64297
117	135	0.831918
117	138	1.23106
117	146	0.909289
117	150	0.852661
117	151	0.800853
117	153	0.804172
117	158	0.815448
117	160	0.881302
117	162	0.8195
117	163	0.799326
117	164	0.834605
117	165	0.779636
117	169	0.813406
117	170	0.814742
117	171	0.81452
117	172	0.828207
117	173	0.808397
117	174	0.808535
117	175	0.800558
117	176	0.837246
117	177	0.800293
117	178	0.820038
117	179	0.796341
117	180	0.811706
118	15	0.772002
118	18	0.784924
118	39	0.833761
118	40	0.827749
118	41	0.826866
118	47	0.832662
118	53	0.832467
118	54	0.822725
118	60	3.47635
118	69	0.777956
118	70	0.778356
118	76	0.890081
118	90	0.811856
118	93	2.61757
118	101	0.80549
118	107	0.84147
118	116	2.00608
118	153	0.731689
118	157	0.831844
118	163	0.726842
118	173	0.735914
118	175	0.728074
118	176	0.764762
118	177	0.72781
118	178	0.747554
118	179	0.723857
118	180	0.739223
119	3	0.869249
119	32	0.856371
119	49	0.914141
119	91	0.954596
119	94	0.896066
119	96	0.945299
119	103	0.935066
119	104	0.881693
119	105	0.930205
119	106	0.921969
119	107	0.76283
119	111	0.910796
119	112	0.917524
119	120	0.846903
119	123	0.932994
119	124	0.936335
119	125	0.896393
119	134	0.934408
119	139	0.898944
119	150	1.58022
119	151	4.55043
119	153	0.828228
119	160	1.1487
119	161	0.847635
119	167	0.813545
119	178	2.59745
119	180	3.22529
120	16	0.756456
120	50	1.96303
120	70	2.81137
120	84	3.32559
120	85	0.799959
120	87	0.858217
120	88	0.802329
120	95	0.83801
120	96	0.843388
120	103	0.833154
120	104	0.779781
120	105	0.828294
120	113	0.805967
120	116	0.840926
120	119	0.846903
120	124	0.834423
120	125	0.794481
120	151	0.722997
120	157	0.826472
120	163	0.72147
120	172	0.750352
120	174	0.730679
120	175	0.722702
120	176	0.75939
120	177	0.722437
120	178	0.742182
120	180	0.73385
121	44	0.839989
121	56	0.831374
121	77	0.850034
121	81	0.838693
121	84	2.75385
121	85	0.837153
121	89	0.894526
121	95	0.875204
121	99	0.854682
121	104	1.51464
121	105	2.29799
121	106	1.83351
121	109	0.853818
121	113	0.843161
121	116	0.87812
121	137	0.851484
121	153	0.76351
121	157	0.863666
121	159	0.816627
121	165	0.738974
121	167	0.748827
121	169	0.772744
121	174	0.767873
121	176	0.796584
121	177	0.759631
121	178	0.779376
121	179	0.755679
121	180	0.771044
122	11	1.72573
122	29	1.84478
122	46	1.23203
122	87	1.6668
122	102	2.23065
122	142	0.948506
122	145	0.885994
122	149	0.88109
122	150	0.869063
122	152	0.904436
122	155	0.855293
122	156	0.851596
122	162	0.835902
122	163	0.815728
122	164	0.851007
122	165	0.796038
122	166	0.841715
122	169	0.829808
122	170	0.831144
122	171	0.830922
122	172	0.844609
122	173	0.824799
122	174	0.824937
122	175	0.81696
122	176	0.853648
122	177	0.816695
122	178	0.83644
122	179	0.812743
122	180	0.828108
123	10	0.875743
123	32	0.84055
123	36	0.911067
123	49	0.89832
123	52	0.89901
123	61	1.5278
123	78	0.89929
123	79	0.906462
123	83	0.882897
123	84	0.891499
123	93	0.87936
123	97	0.871767
123	99	0.90358
123	102	0.903141
123	105	0.914385
123	110	0.902533
123	111	0.894976
123	112	0.901703
123	119	0.932994
123	125	0.880572
123	139	0.883123
123	161	0.831815
123	162	2.40272
123	166	1.55806
123	167	0.797724
123	168	0.778754
123	176	1.95416
123	177	3.69866
123	180	3.14545
124	3	0.85677
124	17	0.859857
124	32	0.843892
124	34	0.928921
124	37	1.59029
124	49	0.901661
124	75	0.790185
124	91	0.942117
124	94	0.883586
124	96	0.93282
124	103	0.922586
124	104	0.869213
124	105	0.917726
124	106	0.909489
124	111	0.898317
124	112	0.905045
124	119	0.936335
124	120	0.834423
124	125	0.883914
124	134	0.921928
124	139	0.886464
124	146	1.07589
124	153	0.815749
124	154	2.12795
124	156	3.09463
124	160	1.92667
124	161	0.835156
124	167	0.801066
124	169	4.37261
125	3	0.816828
125	17	0.819915
125	32	0.80395
125	34	0.888979
125	49	0.861719
125	75	0.750243
125	91	0.902175
125	94	0.843644
125	96	0.892878
125	103	0.882644
125	104	0.829271
125	105	0.877784
125	106	0.869547
125	111	0.858375
125	112	0.865103
125	119	0.896393
125	120	0.794481
125	123	0.880572
125	124	0.883914
125	130	1.89852
125	134	0.881986
125	139	0.846522
125	144	1.96751
125	153	0.775807
125	155	1.93602
125	161	0.795214
125	167	0.761124
125	168	7.51701
125	170	2.58868
126	1	0.794574
126	3	2.9487
126	5	0.773379
126	18	0.778288
126	40	0.821113
126	41	0.82023
126	43	0.818437
126	47	0.826026
126	53	0.825831
126	54	0.816089
126	69	0.77132
126	70	0.77172
126	76	0.883446
126	90	0.80522
126	96	2.93862
126	103	2.81268
126	127	0.768286
126	130	0.790461
126	137	0.813026
126	145	0.790473
126	157	0.825208
126	165	0.700517
126	169	0.734287
126	170	0.735623
126	174	0.729416
126	177	0.721174
126	178	0.740918
126	179	0.717221
126	180	0.732587
127	45	3.05027
127	96	2.41923
127	108	0.858036
127	116	2.9305
127	126	0.768286
127	133	0.874357
127	142	0.878807
127	143	0.806217
127	146	0.855992
127	147	0.822817
127	155	0.785594
127	160	0.828005
127	163	0.746029
127	164	0.781308
127	165	0.726339
127	166	0.772016
127	167	0.736192
127	169	0.760109
127	170	0.761445
127	171	0.761223
127	172	0.77491
127	173	0.7551
127	174	0.755238
127	175	0.747261
127	176	0.783949
127	177	0.746996
127	179	0.743044
127	180	0.758409
128	14	2.14747
128	16	0.84578
128	39	1.85671
128	51	1.63286
128	63	0.821923
128	71	1.33757
128	92	2.0254
128	140	0.924188
128	141	0.934162
128	148	0.897484
128	150	0.864128
128	151	0.81232
128	156	0.846662
128	158	0.826916
128	159	0.868756
128	162	0.830967
128	165	0.791104
128	166	0.83678
128	169	0.824874
128	170	0.82621
128	171	0.825988
128	172	0.839675
128	173	0.819865
128	174	0.820002
128	175	0.812025
128	176	0.848713
128	177	0.811761
128	178	0.831505
128	179	0.807808
128	180	0.823174
129	6	2.22405
129	57	3.1601
129	63	0.785095
129	81	2.21544
129	116	1.40042
129	130	0.844219
129	132	0.882712
129	136	0.803657
129	148	0.860655
129	149	0.839327
129	152	0.862673
129	154	0.835456
129	155	0.81353
129	156	0.809833
129	160	0.855941
129	164	0.809244
129	165	0.754275
129	166	0.799952
129	167	0.764128
129	170	0.789381
129	171	0.789159
129	172	0.802846
129	173	0.783036
129	174	0.783174
129	175	0.775197
129	176	0.811885
129	177	0.774932
129	178	0.794677
129	179	0.77098
129	180	0.786345
130	73	0.833623
130	97	2.45749
130	102	2.60108
130	111	2.34291
130	125	1.89852
130	126	0.790461
130	129	0.844219
130	136	0.797895
130	141	0.891572
130	142	0.900981
130	144	0.776566
130	146	0.878166
130	148	0.854894
130	149	0.833565
130	156	0.804071
130	158	0.784326
130	162	0.788377
130	163	0.768203
130	164	0.803482
130	165	0.748513
130	166	0.79419
130	169	0.782284
130	170	0.78362
130	171	0.783398
130	173	0.777275
130	174	0.777412
130	175	0.769435
130	176	0.806123
130	177	0.769171
130	179	0.765218
130	180	0.780584
131	48	1.19336
131	57	2.49488
131	67	1.73735
131	99	1.39246
131	115	0.901474
131	134	1.15654
131	141	0.928175
131	148	0.891497
131	149	0.870168
131	152	0.893515
131	154	0.866298
131	159	0.862769
131	160	0.886783
131	162	0.82498
131	163	0.804806
131	164	0.840085
131	165	0.785117
131	166	0.830793
131	167	0.79497
131	169	0.818887
131	171	0.820001
131	172	0.833688
131	173	0.813878
131	174	0.814015
131	175	0.806038
131	176	0.842726
131	177	0.805774
131	178	0.825518
131	179	0.801821
131	180	0.817187
132	2	2.55227
132	47	0.992372
132	49	2.05365
132	63	0.817826
132	65	0.873431
132	94	1.53122
132	101	0.885344
132	129	0.882712
132	139	0.799833
132	142	0.939474
132	143	0.866885
132	146	0.916659
132	149	0.872058
132	155	0.846262
132	162	0.82687
132	163	0.806696
132	165	0.787006
132	166	0.832683
132	169	0.820777
132	170	0.822113
132	171	0.821891
132	172	0.835578
132	173	0.815768
132	174	0.815905
132	175	0.807928
132	176	0.844616
132	177	0.807664
132	178	0.827408
132	179	0.803711
132	180	0.819077
133	8	2.96076
133	24	1.94081
133	89	1.33408
133	113	0.846958
133	127	0.874357
133	139	0.499011
133	140	0.939672
133	143	0.886465
133	147	0.903065
133	150	0.879612
133	151	0.827804
133	152	0.914985
133	156	0.862145
133	157	0.263732
133	158	0.8424
133	159	0.88424
133	162	0.846451
133	163	0.826277
133	164	0.861556
133	165	0.806587
133	166	0.852264
133	169	0.840357
133	170	0.841693
133	171	0.841471
133	172	0.855158
133	173	0.835348
133	174	0.835486
133	175	0.827509
133	176	0.864197
133	177	0.827244
133	178	0.846989
133	179	0.823292
133	180	0.838657
134	2	0.855232
134	4	0.852229
134	14	0.832435
134	21	0.941888
134	22	0.93595
134	23	0.927891
134	28	0.907699
134	57	0.895515
134	60	0.863962
134	68	0.861833
134	73	1.47607
134	83	0.884311
134	89	0.944837
134	94	0.881659
134	99	0.904994
134	102	0.904555
134	104	0.867286
