1	10	0.910004
1	12	1.20648
1	127	1.18975
1	148	1.18369
1	152	1.21299
1	154	0.711663
1	155	1.19651
1	162	0.684826
1	169	1.19646
1	176	1.21411
1	177	0.623833
1	179	0.673834
2	124	0.910468
2	129	0.896914
2	150	0.924627
2	161	1.05068
2	164	0.861456
2	165	1.04523
2	170	1.03369
2	171	1.05768
2	174	1.03761
2	175	1.06888
2	178	1.05127
2	179	1.05495
3	58	0.867003
3	93	1.06708
3	111	0.920362
3	117	1.07299
3	149	1.00541
3	150	1.05502
3	158	1.03952
3	165	0.93326
3	172	1.03664
3	173	1.04919
3	176	1.07417
3	177	0.886088
4	40	1.04571
4	90	1.1702
4	103	1.18529
4	105	1.24362
4	109	1.18672
4	127	0.748918
4	152	0.721187
4	153	0.719702
4	154	0.71927
4	162	0.692432
4	164	1.21771
4	180	1.35076
5	34	0.652613
5	49	0.706063
5	72	1.18125
5	106	0.769273
5	119	1.19827
5	137	1.21452
5	140	0.767083
5	149	1.17033
5	150	1.21994
5	172	1.20157
5	173	1.21411
5	175	0.710395
6	107	0.75821
6	110	0.704104
6	119	0.723442
6	126	0.7106
6	136	0.699069
6	147	1.14886
6	159	1.19392
6	160	1.15921
6	168	1.16452
6	175	1.17253
6	177	1.21473
6	180	1.34622
7	19	1.16786
7	95	0.711298
7	123	0.769102
7	135	1.17228
7	148	1.20499
7	151	1.20358
7	163	1.1981
7	169	1.21777
7	174	0.783077
7	176	1.23542
7	177	0.714148
7	180	0.63099
8	12	0.704405
8	101	0.712576
8	136	0.70574
8	142	0.746812
8	148	0.72239
8	153	1.15362
8	171	1.17992
8	174	1.15984
8	175	1.19112
8	178	1.1735
8	179	1.17719
8	180	1.36481
9	15	0.681914
9	69	0.782284
9	91	0.701031
9	113	1.23514
9	115	1.1555
9	118	1.15741
9	134	0.746582
9	136	0.680552
9	160	1.21369
9	171	1.2158
9	178	1.20939
9	179	1.21307
10	1	0.910004
10	34	0.870355
10	74	0.972094
10	82	1.05018
10	90	1.00744
10	103	1.02252
10	105	1.08086
10	109	1.02396
10	159	0.889365
10	164	1.05495
10	178	0.93523
10	180	1.188
11	45	0.906207
11	133	0.916953
11	141	1.03558
11	152	1.07059
11	158	0.918375
11	162	1.05566
11	163	1.03438
11	164	0.854105
11	167	1.06054
11	169	1.05406
11	175	1.0534
11	178	1.03579
12	1	1.20648
12	8	0.704405
12	44	0.73892
12	124	1.17933
12	127	1.19457
12	152	1.21781
12	153	0.760696
12	163	1.1816
12	169	1.20128
12	175	0.728775
12	176	1.21893
12	177	0.672434
13	28	0.738185
13	31	0.668803
13	76	0.722198
13	145	1.1461
13	160	1.18006
13	169	0.73553
13	170	1.15818
13	173	0.728816
13	175	1.19338
13	178	1.17576
13	179	1.17944
13	180	1.36707
14	17	0.8092
14	62	0.974847
14	140	1.04417
14	141	1.03318
14	151	1.03746
14	152	1.06818
14	155	1.05171
14	169	1.05166
14	170	0.940675
14	173	1.04433
14	176	1.06931
14	177	0.878363
15	9	0.681914
15	91	1.19762
15	104	1.18063
15	119	1.19678
15	122	0.750929
15	149	1.16884
15	150	1.21845
15	155	0.77011
15	172	1.20007
15	176	1.2376
15	177	0.67513
15	179	0.725131
16	94	0.606924
16	107	1.27817
16	114	1.32945
16	118	1.26742
16	121	1.28953
16	130	1.29762
16	151	1.32347
16	152	0.67777
16	154	0.675852
16	166	1.31435
16	168	0.637234
16	171	0.656587
16	178	0.651457
17	14	0.8092
17	46	0.633234
17	62	0.612945
17	68	0.700456
17	86	1.3301
17	104	1.2721
17	149	1.26031
17	150	1.30992
17	158	1.29442
17	173	1.30409
17	175	0.572802
17	176	1.32907
17	178	0.579895
18	35	1.37152
18	45	1.29929
18	78	1.27108
18	81	1.26614
18	85	0.717181
18	96	1.25955
18	99	1.32102
18	137	0.664685
18	147	0.637166
18	156	1.31138
18	161	0.645039
18	167	0.62253
18	175	0.620269
19	7	1.16786
19	88	0.736545
19	124	1.1194
19	139	1.11548
19	140	1.13386
19	146	0.812792
19	155	1.1414
19	159	0.755587
19	161	0.819129
19	163	1.12167
19	165	0.78519
19	169	1.14135
19	176	1.159
20	51	1.05692
20	82	1.13807
20	84	0.74477
20	90	1.09532
20	103	1.11041
20	105	1.16874
20	109	1.11184
20	123	0.769386
20	137	0.815189
20	155	0.809411
20	157	0.763724
20	164	1.14283
20	180	1.27588
21	110	1.16602
21	113	1.17054
21	115	1.0909
21	121	1.11491
21	130	1.123
21	131	0.770971
21	143	0.768458
21	151	1.14886
21	152	0.803478
21	158	1.14605
21	162	0.774724
21	166	1.13973
21	176	0.782278
22	42	0.879757
22	67	1.03294
22	71	1.15806
22	111	0.774037
22	131	1.16954
22	136	1.16063
22	142	1.11251
22	144	1.14755
22	156	1.13468
22	170	0.802075
22	175	0.796104
22	177	1.18409
22	180	0.656605
23	49	0.756469
23	83	0.713428
23	85	0.857713
23	119	1.12878
23	128	0.80155
23	132	0.776133
23	137	1.14503
23	149	1.10084
23	150	1.15045
23	166	1.12862
23	172	1.13207
23	173	1.14462
23	176	1.1696
24	64	0.69068
24	86	0.564835
24	92	0.59287
24	99	0.55324
24	109	1.38279
24	139	0.605494
24	163	0.584168
24	164	1.41378
24	174	1.34187
24	178	1.35553
24	179	1.35921
24	180	1.54683
25	36	1.0563
25	38	0.839345
25	80	1.23622
25	85	0.827585
25	91	1.12598
25	117	1.16478
25	119	1.12514
25	149	1.0972
25	153	0.762593
25	170	0.736643
25	172	1.12843
25	174	0.743261
25	176	1.16595
26	98	1.12959
26	113	1.16661
26	114	1.1509
26	121	1.11098
26	130	1.11907
26	151	1.14493
26	158	1.14212
26	159	0.75126
26	160	0.782452
26	165	0.780863
26	166	1.1358
26	170	0.796002
26	178	0.797125
27	110	0.817069
27	128	1.13603
27	129	1.17504
27	135	1.10206
27	141	1.12908
27	148	1.13477
27	155	1.1476
27	163	1.12787
27	169	1.14755
27	170	0.786202
27	172	0.791342
27	177	0.72389
27	178	0.787324
28	13	0.738185
28	91	0.806707
28	116	1.12515
28	126	1.11872
28	136	1.14991
28	138	1.12242
28	142	1.10179
28	144	1.13683
28	145	0.823786
28	154	0.785914
28	164	1.1718
28	177	1.17337
28	179	0.748085
29	46	0.677632
29	59	1.37825
29	85	0.714113
29	101	1.30021
29	114	1.29432
29	122	0.636657
29	130	1.26248
29	139	1.27666
29	144	0.659106
29	158	1.28554
29	160	0.609621
29	168	0.610071
29	169	1.30253
30	74	1.14709
30	81	0.735362
30	82	1.22518
30	90	1.18244
30	103	1.19752
30	105	1.25586
30	109	1.19896
30	112	0.715007
30	114	0.718444
30	149	0.738608
30	159	0.619418
30	164	1.22995
30	171	0.670412
30	180	1.363
31	13	0.668803
31	42	0.768696
31	95	0.625852
31	106	0.743922
31	120	0.648239
31	129	1.25903
31	139	1.20567
31	145	0.754404
31	148	1.21876
31	151	1.21735
31	155	1.23159
31	163	1.21186
31	169	1.23154
31	173	1.22421
32	36	0.756125
32	48	0.709693
32	118	0.747575
32	144	0.658658
32	152	0.650158
32	165	1.21806
32	167	1.24886
32	169	0.670216
32	170	1.20653
32	172	1.2225
32	174	1.21045
32	175	1.24172
32	178	1.22411
32	179	1.22779
33	47	1.0937
33	127	1.09019
33	135	1.05141
33	141	1.07843
33	148	1.08413
33	152	1.11343
33	158	0.895702
33	162	0.864159
33	163	1.07723
33	169	1.09691
33	174	0.872096
33	176	1.11456
33	179	0.853167
33	180	0.720008
34	5	0.652613
34	10	0.870355
34	45	0.664551
34	96	0.741717
34	164	0.61245
34	165	1.21038
34	167	1.24118
34	170	1.19885
34	174	1.20277
34	175	1.23404
34	176	0.652731
34	177	1.27625
34	178	1.21643
34	179	1.22011
35	18	1.37152
35	66	1.25821
35	69	1.14027
35	78	1.19541
35	79	1.22456
35	81	1.19046
35	96	1.18388
35	153	0.744523
35	156	1.2357
35	161	0.737373
35	170	0.718573
35	172	0.723713
35	175	0.712602
35	180	0.573103
36	25	1.0563
36	32	0.756125
36	41	0.831566
36	44	1.09902
36	87	0.949815
36	93	1.10983
36	104	1.05995
36	137	1.09235
36	150	1.09777
36	166	1.07594
36	168	0.83055
36	173	1.09193
36	176	1.11691
36	179	0.831339
37	46	1.08342
37	87	0.865365
37	115	0.900855
37	126	0.796563
37	142	0.826105
37	143	1.11411
37	153	1.06418
37	162	1.10393
37	163	0.802242
37	171	1.09048
37	174	1.0704
37	175	1.10168
37	178	1.08406
37	179	1.08774
38	25	0.839345
38	104	0.863718
38	109	0.824183
38	149	0.887398
38	153	1.06598
38	161	1.08528
38	163	1.08446
38	164	0.778903
38	165	1.07982
38	169	1.10413
38	173	1.0968
38	174	1.0722
38	176	1.12178
38	179	1.08954
39	42	0.901745
39	117	1.11637
39	119	1.07673
39	125	0.860799
39	137	1.09298
39	148	0.866546
39	149	1.04879
39	150	1.0984
39	166	1.07658
39	172	1.08002
39	173	1.09257
39	176	1.11755
39	177	0.761752
39	179	0.811753
40	4	1.04571
40	74	1.01638
40	82	1.09447
40	90	1.05173
40	103	1.06681
40	105	1.12514
40	109	1.06825
40	162	0.856897
40	164	1.09923
40	165	0.843076
40	175	0.852245
40	177	0.795904
40	178	0.859338
40	180	1.23228
41	36	0.831566
41	73	1.21398
41	96	1.17213
41	99	1.23359
41	111	0.670127
41	131	1.25881
41	138	1.22241
41	142	1.20178
41	156	1.22395
41	165	0.683025
41	166	0.763311
41	174	0.704782
41	177	1.27335
41	180	0.552694
42	22	0.879757
42	31	0.768696
42	39	0.901745
42	130	0.852883
42	145	1.0306
42	157	1.08241
42	171	1.06667
42	174	1.0466
42	175	1.07787
42	176	0.794165
42	177	1.12008
42	178	1.06026
42	179	1.06394
42	180	1.25156
43	60	0.793586
43	99	0.728252
43	105	0.710231
43	124	0.731105
43	127	0.771305
43	148	0.758622
43	153	1.14185
43	162	1.18159
43	167	1.18648
43	168	1.17133
43	170	1.14415
43	171	1.16814
43	175	1.17934
43	178	1.16172
43	179	1.16541
44	12	0.73892
44	36	1.09902
44	49	0.70412
44	67	0.866147
44	72	1.15083
44	91	1.16869
44	117	1.20749
44	149	1.13991
44	158	1.17402
44	166	1.1677
44	169	0.761915
44	171	0.720675
44	173	1.18369
44	175	0.708451
44	176	1.20867
45	11	0.906207
45	18	1.29929
45	34	0.664551
45	57	1.11751
45	61	1.2611
45	69	1.06804
45	73	1.1535
45	79	1.15233
45	84	0.69633
45	96	1.11164
45	99	1.17311
45	126	0.765667
45	132	0.737665
45	156	1.16347
45	172	0.733443
46	17	0.633234
46	29	0.677632
46	37	1.08342
46	144	0.800644
46	162	1.17394
46	163	0.80775
46	165	1.14803
46	170	1.1365
46	171	1.16049
46	173	0.805488
46	174	1.14042
46	176	0.770944
46	178	1.15408
46	179	1.15776
46	180	1.34538
47	33	1.0937
47	60	0.839205
47	84	0.729784
47	134	1.13931
47	135	1.14256
47	141	1.16958
47	146	0.77422
47	152	1.20458
47	155	1.18811
47	159	0.717016
47	160	0.748208
47	163	1.16838
47	169	1.18806
47	176	1.20571
47	177	0.699446
48	32	0.709693
48	75	0.804946
48	123	0.789861
48	125	1.15737
48	128	1.16009
48	140	1.16413
48	141	1.15314
48	152	1.18814
48	156	0.814573
48	163	1.15194
48	169	1.17162
48	173	1.16429
48	176	1.18927
48	177	0.734906
48	180	0.651749
49	5	0.706063
49	23	0.756469
49	44	0.70412
49	57	0.788324
49	60	0.777393
49	160	1.1444
49	162	1.15996
49	166	0.765093
49	168	1.14971
49	171	1.14651
49	174	1.12644
49	175	1.15771
49	178	1.1401
49	179	1.14378
49	180	1.3314
50	72	1.14115
50	79	0.820026
50	97	0.760844
50	104	1.14203
50	117	1.19782
50	123	0.729321
50	137	1.17443
50	149	1.13024
50	150	1.17985
50	154	0.762197
50	159	0.691937
50	172	1.16147
50	173	1.17402
50	174	0.743297
50	176	1.199
51	20	1.05692
51	74	1.10248
51	82	1.18057
51	90	1.13782
51	99	0.738076
51	103	1.15291
51	105	1.21124
51	106	0.77887
51	109	1.15434
51	145	0.789353
51	146	0.738425
51	164	1.18533
51	171	0.732215
51	172	0.731102
51	180	1.31838
52	65	1.19351
52	84	0.731899
52	100	0.754679
52	134	1.13594
52	135	1.13919
52	139	1.15881
52	141	1.16621
52	148	1.17191
52	155	1.18474
52	159	0.719131
52	161	0.782673
52	163	1.16501
52	169	1.18468
52	170	0.763873
52	175	0.757902
53	70	0.726981
53	82	0.704713
53	93	1.17782
53	96	0.788809
53	121	0.784716
53	130	0.758541
53	137	1.16034
53	150	1.16577
53	155	0.726255
53	160	1.15329
53	172	1.14739
53	176	1.18491
53	177	1.20881
53	178	1.14899
53	179	1.15267
54	76	1.13632
54	86	1.19543
54	94	0.703912
54	117	1.19322
54	149	1.12565
54	150	1.17525
54	151	0.78675
54	157	0.734303
54	163	0.790364
54	166	1.15343
54	168	0.734222
54	171	0.753575
54	172	1.15688
54	173	1.16942
54	176	1.1944
55	66	0.763133
55	92	1.14433
55	116	1.15873
55	126	1.1523
55	131	1.19241
55	136	1.1835
55	138	1.156
55	142	1.13538
55	144	1.17041
55	146	0.759517
55	167	0.743345
55	172	0.752194
55	174	0.753672
55	177	1.20695
55	179	0.734744
56	59	1.21926
56	99	0.83689
56	107	1.08404
56	110	1.14652
56	113	1.15103
56	114	1.13533
56	115	1.07139
56	118	1.0733
56	121	1.0954
56	130	1.10349
56	146	0.83724
56	166	1.12022
56	168	0.811677
56	172	0.829917
56	179	0.812466
56	180	0.679307
57	45	1.11751
57	49	0.788324
57	61	1.22722
57	66	1.1521
57	69	1.03416
57	73	1.11962
57	79	1.11845
57	81	1.08435
57	96	1.07777
57	99	1.13924
57	107	0.8836
57	156	1.12959
57	168	0.785526
57	171	0.804879
57	174	0.805244
57	177	0.736314
58	3	0.867003
58	103	0.66712
58	105	0.622943
58	129	0.630263
58	153	1.19719
58	165	1.21102
58	166	0.693998
58	167	1.24182
58	169	0.676345
58	171	1.22348
58	174	1.20341
58	176	0.635087
58	177	1.27689
58	178	1.21707
58	179	1.22075
58	180	1.40837
59	29	1.37825
59	56	1.21926
59	99	0.720553
59	100	0.699246
59	107	1.20748
59	110	1.26995
59	118	1.19674
59	121	1.21884
59	130	1.22693
59	133	1.23891
59	147	0.719366
59	166	1.24366
59	168	0.69534
59	174	0.715058
59	179	0.696129
59	180	0.56297
60	43	0.793586
60	47	0.839205
60	49	0.777393
60	107	1.09332
60	110	1.15579
60	113	1.16031
60	114	1.1446
60	115	1.08066
60	118	1.08257
60	121	1.10468
60	128	0.822474
60	130	1.11277
60	157	0.774675
60	158	1.13582
60	166	1.1295
60	174	0.794313
61	45	1.2611
61	57	1.22722
61	66	1.2957
61	69	1.17776
61	78	1.23289
61	81	1.22795
61	96	1.22136
61	99	1.28283
61	105	0.664449
61	132	0.679719
61	145	0.733748
61	146	0.68282
61	154	0.695876
61	156	1.27319
61	171	0.67661
61	172	0.675497
62	14	0.974847
62	17	0.612945
62	116	0.797942
62	120	1.16213
62	130	0.809374
62	144	0.780355
62	146	1.10568
62	147	1.09998
62	149	0.818869
62	157	1.12818
62	165	1.09999
62	171	1.11245
62	174	1.09237
62	175	1.12365
62	177	1.16585
62	179	1.10971
63	102	1.16769
63	113	0.714783
63	114	0.739471
63	115	0.826841
63	125	0.721921
63	136	0.711018
63	147	1.18278
63	157	1.21098
63	160	1.19313
63	164	0.65114
63	171	1.19524
63	172	1.18723
63	173	0.725965
63	174	1.17517
63	175	1.20644
63	178	1.18883
63	179	1.19251
64	24	0.69068
64	68	0.981485
64	71	1.09006
64	116	1.06787
64	126	1.06143
64	131	1.10154
64	136	1.09263
64	138	1.06514
64	142	1.04451
64	144	1.07955
64	156	1.06668
64	164	1.11452
64	168	0.846701
64	170	0.859801
64	176	0.866037
64	177	1.11609
64	178	0.860924
65	52	1.19351
65	96	0.834049
65	102	0.740163
65	129	1.22759
65	134	1.15134
65	139	1.17422
65	140	1.19261
65	148	1.18731
65	155	1.20014
65	163	1.18042
65	167	0.735118
65	169	1.20009
65	170	0.738828
65	173	1.19276
65	178	0.73995
65	179	0.726517
65	180	0.593358
66	35	1.25821
66	55	0.763133
66	57	1.1521
66	61	1.2957
66	69	1.10263
66	73	1.18809
66	78	1.15777
66	79	1.18692
66	81	1.15282
66	99	1.20771
66	100	0.717132
66	120	0.683551
66	136	0.752158
66	156	1.19806
66	161	0.745126
66	168	0.713226
66	171	0.732578
67	22	1.03294
67	44	0.866147
67	88	0.798189
67	89	0.852441
67	92	1.0606
67	116	1.075
67	136	1.09976
67	138	1.07227
67	142	1.05164
67	144	1.08668
67	153	0.887923
67	156	1.07382
67	159	1.10241
67	160	0.848423
67	164	1.12165
67	175	0.856003
67	177	1.12322
68	17	0.700456
68	64	0.981485
68	90	0.853228
68	132	1.09396
68	137	0.870377
68	138	0.851223
68	154	1.05587
68	161	1.07614
68	162	1.09659
68	167	1.10147
68	168	1.08633
68	172	1.07512
68	174	1.06306
68	175	1.09434
68	176	0.838166
68	178	1.07672
68	179	1.0804
69	9	0.782284
69	35	1.14027
69	45	1.06804
69	57	1.03416
69	61	1.17776
69	66	1.10263
69	73	1.07015
69	78	1.03983
69	79	1.06898
69	85	0.928753
69	96	1.0283
69	99	1.08977
69	111	0.809774
69	128	0.872591
69	147	0.848738
69	154	0.86333
69	156	1.08012
70	53	0.726981
70	100	0.734447
70	127	1.18825
70	128	1.18344
70	139	1.1691
70	148	1.18219
70	152	1.21149
70	155	1.19502
70	163	1.17529
70	167	0.739932
70	169	1.19497
70	171	0.749894
70	173	1.18764
70	176	1.21262
70	177	0.681329
70	178	0.744764
70	179	0.731331
71	22	1.15806
71	64	1.09006
71	73	0.779751
71	116	1.20012
71	126	1.19368
71	136	1.22488
71	138	1.19739
71	142	1.17676
71	144	1.2118
71	147	0.751728
71	156	1.19893
71	167	0.737093
71	171	0.747055
71	174	0.74742
71	176	0.747037
71	177	1.24834
71	180	0.595332
72	5	1.18125
72	44	1.15083
72	50	1.14115
72	93	1.16164
72	137	1.14416
72	149	1.09997
72	150	1.14958
72	154	0.793177
72	161	0.786459
72	162	0.76634
72	166	1.12775
72	168	0.754559
72	171	0.773912
72	172	1.1312
72	173	1.14375
72	174	0.774277
72	175	0.761689
72	176	1.16873
73	41	1.21398
73	45	1.1535
73	57	1.11962
73	66	1.18809
73	69	1.07015
73	71	0.779751
73	78	1.12529
73	79	1.15444
73	81	1.12034
73	96	1.11376
73	99	1.17523
73	106	0.802105
73	156	1.16559
73	166	0.814344
73	172	0.754337
73	174	0.755815
73	175	0.743226
73	176	0.755432
74	10	0.972094
74	30	1.14709
74	40	1.01638
74	51	1.10248
74	82	1.18362
74	90	1.14087
74	103	1.15596
74	105	1.21429
74	109	1.15739
74	119	0.795517
74	151	0.784739
74	164	1.18838
74	167	0.741602
74	169	0.792805
74	173	0.786091
74	176	0.751547
74	178	0.746434
74	180	1.32143
75	48	0.804946
75	87	0.82414
75	92	0.769718
75	122	1.13713
75	126	0.755338
75	145	1.11211
75	150	0.7471
75	157	1.16392
75	160	1.14607
75	167	1.16652
75	168	1.15138
75	169	0.765468
75	171	1.14818
75	174	1.12811
75	175	1.15938
75	176	0.72421
75	178	1.14177
75	179	1.14545
76	13	0.722198
76	54	1.13632
76	80	1.23875
76	97	0.768574
76	118	0.869261
76	119	1.12767
76	122	0.757895
76	134	0.836271
76	137	1.14391
76	138	0.763701
76	149	1.09973
76	150	1.14934
76	158	1.13383
76	166	1.12751
76	172	1.13096
76	173	1.1435
76	176	1.16848
76	177	0.682097
77	78	0.791416
77	95	1.19047
77	107	0.806992
77	116	0.775541
77	117	0.737131
77	128	0.756798
77	140	0.772736
77	143	1.16812
77	152	0.749454
77	154	1.11722
77	167	1.16282
77	170	1.12049
77	171	1.14449
77	172	1.13647
77	174	1.12441
77	175	1.15569
77	178	1.13807
77	179	1.14175
78	18	1.27108
78	35	1.19541
78	61	1.23289
78	66	1.15777
78	69	1.03983
78	73	1.12529
78	77	0.791416
78	79	1.12412
78	81	1.09002
78	96	1.08343
78	99	1.1449
78	136	0.805477
78	156	1.13526
78	168	0.766545
78	172	0.784784
78	175	0.773674
78	177	0.717333
78	179	0.767334
79	35	1.22456
79	45	1.15233
79	50	0.820026
79	57	1.11845
79	66	1.18692
79	69	1.06898
79	73	1.15444
79	78	1.12412
79	81	1.11917
79	83	0.740252
79	94	0.750185
79	96	1.11259
79	99	1.17406
79	113	0.823192
79	133	0.822397
79	156	1.16441
79	174	0.800213
79	180	0.648125
80	25	1.23622
80	76	1.23875
80	82	0.676911
80	84	0.633812
80	91	1.25685
80	102	0.66712
80	132	0.675147
80	137	1.27226
80	145	0.729176
80	149	1.22807
80	150	1.27768
80	153	0.691736
80	157	0.652766
80	158	1.26218
80	161	0.684585
80	172	1.25931
80	173	1.27185
80	176	1.29683
81	18	1.26614
81	30	0.735362
81	35	1.19046
81	57	1.08435
81	61	1.22795
81	66	1.15282
81	73	1.12034
81	78	1.09002
81	79	1.11917
81	96	1.07849
81	99	1.13996
81	110	0.812317
81	151	0.820878
81	156	1.13031
81	165	0.766311
81	168	0.76835
81	177	0.719138
81	178	0.782572
82	10	1.05018
82	20	1.13807
82	30	1.22518
82	40	1.09447
82	51	1.18057
82	53	0.704713
82	74	1.18362
82	80	0.676911
82	103	1.23405
82	105	1.29238
82	109	1.23548
82	120	0.678598
82	146	0.733836
82	157	0.708353
82	162	0.720054
82	164	1.26647
82	173	0.762152
82	178	0.722495
82	180	1.39952
83	23	0.713428
83	79	0.740252
83	94	1.25331
83	124	0.671871
83	128	0.691684
83	134	0.748767
83	140	0.707622
83	147	1.17999
83	149	0.731354
83	154	1.16518
83	158	0.687129
83	160	1.19034
83	165	1.17999
83	168	1.19565
83	171	1.19245
83	174	1.17238
83	175	1.20365
83	179	1.18972
83	180	1.37734
84	20	0.74477
84	45	0.69633
84	47	0.729784
84	52	0.731899
84	80	0.633812
84	101	0.710943
84	126	1.18294
84	136	1.21414
84	140	0.728992
84	144	1.20106
84	154	1.15692
84	159	1.21679
84	171	1.18419
84	173	0.719054
84	174	1.16412
84	175	1.19539
84	177	1.2376
84	178	1.17778
84	180	1.36908
85	18	0.717181
85	23	0.857713
85	25	0.827585
85	29	0.714113
85	69	0.928753
85	117	0.816302
85	128	0.835969
85	145	1.07426
85	153	1.08404
85	162	1.12379
85	167	1.12867
85	168	1.11353
85	170	1.08634
85	172	1.10232
85	174	1.09026
85	175	1.12153
85	177	1.16374
85	178	1.10392
85	179	1.1076
86	17	1.3301
86	24	0.564835
86	54	1.19543
86	90	0.755253
86	100	0.724763
86	104	1.17064
86	117	1.22642
86	119	1.18678
86	137	1.20303
86	143	0.726371
86	149	1.15884
86	150	1.20845
86	159	0.689214
86	162	0.732637
86	167	0.730247
86	169	0.78145
86	172	1.19008
86	173	1.20262
86	176	1.2276
87	36	0.949815
87	37	0.865365
87	75	0.82414
87	95	0.751252
87	101	1.11288
87	127	1.10848
87	128	1.10367
87	129	1.14269
87	134	1.06645
87	141	1.09672
87	148	1.10242
87	153	0.842363
87	155	1.11525
87	157	0.803393
87	163	1.09552
87	169	1.1152
87	173	1.10787
87	176	1.13285
87	180	0.670943
88	19	0.736545
88	67	0.798189
88	93	0.723543
88	116	0.699986
88	123	1.19928
88	124	0.66143
88	133	0.675266
88	137	0.68491
88	139	0.710831
88	147	1.20071
88	159	1.24577
88	160	1.21106
88	161	1.20617
88	170	1.18918
88	171	1.21317
88	174	1.1931
88	175	1.22437
88	178	1.20676
88	179	1.21044
89	67	0.852441
89	91	0.747026
89	110	0.731583
89	121	0.791844
89	122	1.15657
89	131	0.695644
89	144	0.73665
89	150	0.72984
89	153	1.14132
89	161	1.16062
89	167	1.18595
89	168	1.17081
89	170	1.14363
89	171	1.16762
89	174	1.14754
89	175	1.17882
89	176	0.706951
89	177	1.22102
89	178	1.1612
89	179	1.16489
90	4	1.1702
90	10	1.00744
90	20	1.09532
90	30	1.18244
90	40	1.05173
90	51	1.13782
90	68	0.853228
90	74	1.14087
90	86	0.755253
90	100	0.722351
90	103	1.1913
90	105	1.24964
90	109	1.19274
90	120	0.68877
90	132	0.740906
90	157	0.718525
90	164	1.22372
90	166	0.796692
90	170	0.731545
90	180	1.35677
91	9	0.701031
91	15	1.19762
91	25	1.12598
91	28	0.806707
91	44	1.16869
91	80	1.25685
91	89	0.747026
91	93	1.1795
91	119	1.14577
91	120	0.713784
91	137	1.16202
91	149	1.11783
91	154	0.782077
91	158	1.15194
91	166	1.14562
91	168	0.743459
91	171	0.762811
91	173	1.16161
91	175	0.750588
91	176	1.18659
92	24	0.59287
92	55	1.14433
92	67	1.0606
92	75	0.769718
92	98	0.817649
92	116	1.16352
92	123	0.754633
92	126	1.15709
92	131	1.19719
92	136	1.18828
92	138	1.16079
92	142	1.14016
92	144	1.1752
92	148	0.804473
92	159	1.19093
92	160	0.748441
92	164	1.21017
92	168	0.748891
92	171	0.768243
92	177	1.21174
93	3	1.06708
93	36	1.10983
93	53	1.17782
93	72	1.16164
93	88	0.723543
93	91	1.1795
93	111	0.759289
93	119	1.17866
93	122	0.800813
93	131	0.782255
93	149	1.15072
93	150	1.20033
93	166	1.1785
93	170	0.787327
93	172	1.18195
93	173	1.1945
93	176	1.21948
93	177	0.725015
93	178	0.788449
93	180	0.641857
94	16	0.606924
94	54	0.703912
94	79	0.750185
94	83	1.25331
94	122	1.21736
94	136	0.69267
94	138	0.68613
94	149	0.741286
94	154	1.20114
94	161	1.22141
94	166	0.731985
94	167	1.24674
94	168	1.2316
94	170	1.20442
94	171	1.22841
94	173	0.707617
94	174	1.20833
94	175	1.23961
94	176	0.673073
94	178	1.22199
94	179	1.22568
95	7	0.711298
95	31	0.625852
95	77	1.19047
95	87	0.751252
95	96	0.740308
95	116	0.698609
95	123	1.19964
95	127	0.700253
95	140	0.695804
95	150	0.674211
95	154	1.18626
95	162	1.22698
95	167	1.23187
95	168	1.21673
95	169	0.69258
95	171	1.21353
95	174	1.19346
95	175	1.22473
95	178	1.20712
95	179	1.2108
95	180	1.39842
96	18	1.25955
96	34	0.741717
96	35	1.18388
96	41	1.17213
96	45	1.11164
96	53	0.788809
96	57	1.07777
96	61	1.22136
96	65	0.834049
96	69	1.0283
96	73	1.11376
96	78	1.08343
96	79	1.11259
96	81	1.07849
96	95	0.740308
96	99	1.13337
96	123	0.798112
96	156	1.12373
96	172	0.810609
96	175	0.799499
96	179	0.793159
97	50	0.760844
97	76	0.768574
97	107	0.819387
97	115	0.876068
97	123	1.12377
97	126	0.771776
97	130	0.799367
97	138	0.753705
97	153	1.11136
97	154	1.11039
97	157	1.15339
97	162	1.15111
97	165	1.1252
97	168	1.14085
97	170	1.11366
97	171	1.13766
97	174	1.11758
97	175	1.14886
97	176	0.740648
97	178	1.13124
97	179	1.13492
98	26	1.12959
98	92	0.817649
98	107	1.10223
98	110	1.16471
98	113	1.16922
98	114	1.15352
98	115	1.08958
98	118	1.09149
98	121	1.1136
98	130	1.12168
98	133	1.13367
98	137	0.804352
98	151	1.14754
98	158	1.14474
98	163	0.808948
98	165	0.750767
98	166	1.13842
98	171	0.772159
98	173	0.806686
98	176	0.772142
98	178	0.767029
99	18	1.32102
99	24	0.55324
99	41	1.23359
99	43	0.728252
99	45	1.17311
99	51	0.738076
99	56	0.83689
99	57	1.13924
99	59	0.720553
99	61	1.28283
99	66	1.20771
99	69	1.08977
99	73	1.17523
99	78	1.1449
99	79	1.17406
99	81	1.13996
99	96	1.13337
99	119	0.772567
99	145	0.785751
99	154	0.747879
99	156	1.1852
99	162	0.721042
100	52	0.754679
100	59	0.699246
100	66	0.717132
100	70	0.734447
100	86	0.724763
100	90	0.722351
100	122	1.17798
100	141	0.761377
100	145	1.15296
100	149	0.775503
100	154	1.16176
100	160	1.18692
100	161	1.18203
100	165	1.17657
100	168	1.19222
100	171	1.18903
100	174	1.16896
100	175	1.20023
100	176	0.707289
100	177	1.24244
100	178	1.18262
100	179	1.1863
101	8	0.712576
101	29	1.30021
101	84	0.710943
101	87	1.11288
101	125	1.17469
101	127	1.18223
101	129	1.21644
101	134	1.14019
101	139	1.16307
101	140	1.18146
101	146	0.75538
101	148	1.17616
101	152	1.20547
101	155	1.18899
101	162	0.741598
101	163	1.16926
101	165	0.727778
101	167	0.739208
101	168	0.729817
101	169	1.18894
101	174	0.749535
101	178	0.744039
102	63	1.16769
102	65	0.740163
102	80	0.66712
102	115	0.853238
102	118	0.836435
102	126	0.748946
102	135	0.784348
102	145	1.10393
102	146	1.13323
102	154	1.11273
102	155	0.74425
102	161	1.133
102	162	1.15346
102	163	0.754624
102	165	1.12754
102	167	1.15834
102	168	1.1432
102	169	0.759076
102	174	1.11993
102	175	1.1512
102	178	1.13359
102	179	1.13727
102	180	1.32489
103	4	1.18529
103	10	1.02252
103	20	1.11041
103	30	1.19752
103	40	1.06681
103	51	1.15291
103	58	0.66712
103	74	1.15596
103	82	1.23405
103	90	1.1913
103	105	1.26472
103	109	1.20782
103	120	0.705742
103	159	0.703775
103	162	0.747198
103	164	1.23881
103	172	0.753656
103	173	0.789296
103	176	0.754752
103	178	0.749639
103	179	0.736206
103	180	1.37186
104	15	1.18063
104	17	1.2721
104	36	1.05995
104	38	0.863718
104	50	1.14203
104	86	1.17064
104	111	0.732979
104	117	1.16842
104	131	0.755944
104	137	1.14503
104	144	0.796951
104	149	1.10085
104	150	1.15046
104	158	1.13495
104	161	0.779816
104	162	0.759697
104	166	1.12863
104	167	0.757307
104	172	1.13208
104	173	1.14462
104	176	1.1696
104	177	0.698704
104	178	0.762138
105	4	1.24362
105	10	1.08086
105	20	1.16874
105	30	1.25586
105	40	1.12514
105	43	0.710231
105	51	1.21124
105	58	0.622943
105	61	0.664449
105	74	1.21429
105	82	1.29238
105	90	1.24964
105	103	1.26472
105	109	1.26616
105	110	0.735207
105	111	0.676302
105	123	0.696982
105	164	1.29714
105	167	0.70063
105	173	0.745119
105	176	0.710575
105	177	0.642028
105	180	1.43019
106	5	0.769273
106	31	0.743922
106	51	0.77887
106	73	0.802105
106	116	1.1199
106	125	0.799891
106	126	1.11346
106	127	0.818322
106	131	1.15357
106	135	0.835921
106	138	1.11717
106	142	1.09654
106	143	1.13834
106	144	1.13158
106	146	1.10794
106	149	0.837604
106	163	0.806197
106	167	1.13305
106	170	1.09072
106	171	1.11471
106	174	1.09464
106	177	1.16812
106	178	1.1083
106	179	1.11198
107	6	0.75821
107	16	1.27817
107	56	1.08404
107	57	0.8836
107	59	1.20748
107	60	1.09332
107	77	0.806992
107	97	0.819387
107	98	1.10223
107	110	1.13473
107	113	1.13925
107	114	1.12354
107	115	1.05961
107	118	1.06152
107	121	1.08362
107	130	1.09171
107	132	0.804583
107	151	1.11757
107	158	1.11477
107	159	0.750479
107	166	1.10844
107	170	0.795221
107	172	0.800361
107	175	0.789251
108	110	0.799298
108	122	1.10994
108	132	1.13181
108	139	0.832798
108	140	0.819148
108	143	1.14462
108	146	1.11421
108	147	1.10852
108	153	1.09469
108	156	0.785785
108	157	1.13672
108	158	0.798655
108	161	1.11398
108	162	1.13444
108	163	0.811472
108	164	0.734385
108	166	0.833578
108	168	1.12418
108	171	1.12098
108	174	1.10091
108	175	1.13218
108	176	0.774666
108	178	1.11457
108	179	1.11825
109	4	1.18672
109	10	1.02396
109	20	1.11184
109	24	1.38279
109	30	1.19896
109	38	0.824183
109	40	1.06825
109	51	1.15434
109	74	1.15739
109	82	1.23548
109	90	1.19274
109	103	1.20782
109	105	1.26616
109	111	0.693444
109	153	0.747432
109	164	1.24025
109	165	0.706342
109	168	0.708381
109	171	0.727734
109	175	0.715511
109	177	0.65917
109	178	0.722604
109	179	0.709171
109	180	1.3733
110	6	0.704104
110	21	1.16602
110	27	0.817069
110	56	1.14652
110	59	1.26995
110	60	1.15579
110	81	0.812317
110	89	0.731583
110	98	1.16471
110	105	0.735207
110	107	1.13473
110	108	0.799298
110	113	1.20172
110	114	1.18602
110	115	1.12208
110	118	1.12399
110	121	1.14609
110	130	1.15418
110	151	1.18004
110	158	1.17724
110	166	1.17091
110	169	0.788609
110	173	0.781895
110	175	0.735145
110	180	0.595645
111	3	0.920362
111	22	0.774037
111	41	0.670127
111	69	0.809774
111	93	0.759289
111	104	0.732979
111	105	0.676302
111	109	0.693444
111	134	1.13501
111	139	1.15789
111	140	1.17627
111	142	0.749116
111	151	1.16956
111	158	0.712434
111	161	1.1649
111	163	1.16408
111	165	1.15944
111	168	1.1751
111	169	1.18376
111	170	1.14791
111	171	1.1719
111	173	1.17643
111	175	1.1831
111	178	1.16549
111	179	1.16917
112	30	0.715007
112	113	0.790692
112	119	0.811301
112	126	1.15563
112	131	1.19574
112	134	1.11998
112	135	1.12324
112	136	1.18683
112	138	1.15933
112	142	1.13871
112	143	0.753509
112	144	1.17374
112	148	1.15596
112	152	1.18526
112	155	1.16878
112	161	0.779895
112	163	1.14906
112	164	1.20872
112	169	1.16873
112	170	0.761095
112	171	0.767347
112	172	0.766234
112	177	1.21028
112	179	0.748784
112	180	0.615625
113	9	1.23514
113	21	1.17054
113	26	1.16661
113	56	1.15103
113	60	1.16031
113	63	0.714783
113	79	0.823192
113	98	1.16922
113	107	1.13925
113	110	1.20172
113	112	0.790692
113	115	1.1266
113	118	1.12851
113	120	0.69707
113	121	1.15061
113	125	0.77658
113	130	1.1587
113	143	0.732259
113	151	1.18456
113	158	1.18176
113	160	0.726295
113	165	0.724706
113	166	1.17543
113	170	0.739845
113	173	0.780624
114	16	1.32945
114	26	1.1509
114	29	1.29432
114	30	0.718444
114	56	1.13533
114	60	1.1446
114	63	0.739471
114	98	1.15352
114	107	1.12354
114	110	1.18602
114	115	1.11089
114	118	1.1128
114	121	1.1349
114	122	0.778019
114	130	1.14299
114	133	1.15498
114	152	0.791968
114	154	0.790051
114	158	1.16605
114	161	0.783333
114	166	1.15972
114	174	0.77115
114	178	0.765655
114	179	0.752222
114	180	0.619063
115	9	1.1555
115	21	1.0909
115	37	0.900855
115	56	1.07139
115	60	1.08066
115	63	0.826841
115	97	0.876068
115	98	1.08958
115	102	0.853238
115	107	1.05961
115	110	1.12208
115	113	1.1266
115	114	1.11089
115	118	1.04887
115	121	1.07097
115	130	1.07906
115	133	1.09105
115	151	1.10492
115	158	1.10211
115	159	0.807161
115	166	1.09579
115	168	0.838803
115	174	0.858521
115	179	0.839592
115	180	0.706433
116	28	1.12515
116	55	1.15873
116	62	0.797942
116	64	1.06787
116	67	1.075
116	71	1.20012
116	77	0.775541
116	88	0.699986
116	92	1.16352
116	95	0.698609
116	106	1.1199
116	131	1.2116
116	136	1.20269
116	138	1.1752
116	142	1.15457
116	144	1.18961
116	149	0.838219
116	157	0.75075
116	158	0.793994
116	159	1.20533
116	164	1.22458
116	167	0.760061
116	174	0.770388
116	177	1.22614
116	180	0.6183
117	3	1.07299
117	25	1.16478
117	39	1.11637
117	44	1.20749
117	50	1.19782
117	54	1.19322
117	77	0.737131
117	85	0.816302
117	86	1.22642
117	104	1.16842
117	131	0.720289
117	132	0.734722
117	137	1.20082
117	149	1.15663
117	150	1.20624
117	151	0.764788
117	158	1.19074
117	159	0.680619
117	160	0.711811
117	166	1.18441
117	167	0.721651
117	169	0.772854
117	172	1.18786
117	173	1.20041
117	175	0.71939
117	176	1.22539
117	178	0.726483
118	9	1.15741
118	16	1.26742
118	32	0.747575
118	56	1.0733
118	59	1.19674
118	60	1.08257
118	76	0.869261
118	98	1.09149
118	102	0.836435
118	107	1.06152
118	110	1.12399
118	113	1.12851
118	114	1.1128
118	115	1.04887
118	121	1.07288
118	130	1.08097
118	133	1.09296
118	151	1.10683
118	157	0.82208
118	158	1.10402
118	160	0.82155
118	165	0.819961
118	166	1.0977
118	168	0.822
118	172	0.84024
118	174	0.841718
118	180	0.68963
119	5	1.19827
119	6	0.723442
119	15	1.19678
119	23	1.12878
119	25	1.12514
119	39	1.07673
119	74	0.795517
119	76	1.12767
119	86	1.18678
119	91	1.14577
119	93	1.17866
119	99	0.772567
119	112	0.811301
119	124	0.775419
119	129	0.761865
119	137	1.16118
119	147	0.77138
119	149	1.11699
119	150	1.1666
119	151	0.799881
119	158	1.1511
119	160	0.746904
119	165	0.745314
119	166	1.14478
119	172	1.14823
119	173	1.16077
119	176	1.18575
119	177	0.698142
120	31	0.648239
120	62	1.16213
120	66	0.683551
120	82	0.678598
120	90	0.68877
120	91	0.713784
120	103	0.705742
120	113	0.69707
120	128	0.702252
120	132	1.22807
120	135	0.740239
120	147	1.20477
120	152	0.694909
120	154	1.18997
120	157	1.23298
120	162	1.23069
120	165	1.20478
120	166	0.73262
120	168	1.22043
120	170	1.19325
120	172	1.20922
120	173	0.708253
120	174	1.19717
120	175	1.22844
120	177	1.27064
120	178	1.21082
120	179	1.21451
120	180	1.40213
121	16	1.28953
121	21	1.11491
121	26	1.11098
121	53	0.784716
121	56	1.0954
121	59	1.21884
121	60	1.10468
121	89	0.791844
121	98	1.1136
121	107	1.08362
121	110	1.14609
121	113	1.15061
121	114	1.1349
121	115	1.07097
121	118	1.07288
121	130	1.10307
121	133	1.11506
121	135	0.874142
121	151	1.12893
121	158	1.12613
121	165	0.786237
121	166	1.1198
121	170	0.801377
121	171	0.807629
121	172	0.806516
121	176	0.807612
121	178	0.802499
121	179	0.789066
121	180	0.655907
122	15	0.750929
122	29	0.636657
122	75	1.13713
122	76	0.757895
122	89	1.15657
122	93	0.800813
122	94	1.21736
122	100	1.17798
122	108	1.10994
122	114	0.778019
122	124	0.7387
122	127	0.7789
122	136	0.749567
122	143	1.18014
122	144	0.759669
122	155	0.756402
122	158	0.753958
122	160	1.15439
122	161	1.1495
122	165	1.14405
122	167	1.17484
122	168	1.1597
122	170	1.13251
122	171	1.1565
122	174	1.13643
122	175	1.1677
122	176	0.729969
122	178	1.15009
122	179	1.15377
122	180	1.34139
123	7	0.769102
123	20	0.769386
123	48	0.789861
123	50	0.729321
123	88	1.19928
123	92	0.754633
123	95	1.19964
123	96	0.798112
123	97	1.12377
123	105	0.696982
123	146	1.14689
123	149	0.777339
123	153	1.12737
123	160	1.15155
123	162	1.16711
123	163	0.745932
123	164	0.668844
123	165	1.1412
123	167	1.172
123	169	0.750384
123	170	1.12967
123	171	1.15366
123	172	1.14564
123	173	0.74367
123	174	1.13359
123	175	1.16486
123	177	1.20707
123	178	1.14725
123	179	1.15093
123	180	1.33855
124	2	0.910468
124	12	1.17933
124	19	1.1194
124	43	0.731105
124	83	0.671871
124	88	0.66143
124	119	0.775419
124	122	0.7387
124	125	1.15507
124	126	1.15621
124	133	1.14125
124	135	1.12382
124	136	1.18741
124	138	1.15992
124	142	1.13929
124	144	1.17433
124	145	0.788604
124	149	0.799662
124	152	1.18584
124	153	0.751164
124	159	1.19006
124	163	1.14964
124	164	1.2093
124	167	0.721504
124	169	1.16932
124	172	0.730353
124	173	1.16199
124	176	1.18697
124	177	1.21087
124	178	0.726336
125	39	0.860799
125	48	1.15737
125	63	0.721921
125	101	1.17469
125	106	0.799891
125	113	0.77658
125	124	1.15507
125	127	1.1703
125	128	1.16549
125	129	1.20451
125	134	1.12827
125	135	1.13152
125	136	0.772816
125	139	1.15115
125	140	1.16953
125	141	1.15854
125	148	1.16424
125	152	1.19354
125	155	1.17707
125	159	0.702241
125	162	0.745664
125	163	1.15734
125	164	0.712937
125	169	1.17702
125	171	0.753236
125	173	1.16969
125	175	0.741013
125	176	1.19467
125	177	0.684672
125	179	0.734673
126	6	0.7106
126	28	1.11872
126	37	0.796563
126	45	0.765667
126	55	1.1523
126	64	1.06143
126	71	1.19368
126	75	0.755338
126	84	1.18294
126	92	1.15709
126	97	0.771776
126	102	0.748946
126	106	1.11346
126	112	1.15563
126	124	1.15621
126	131	1.20516
126	136	1.19625
126	138	1.16876
126	142	1.14813
126	144	1.18317
126	145	0.811001
126	156	1.17031
126	158	0.777835
126	159	1.1989
126	164	1.21814
126	165	0.732472
126	167	0.743902
126	173	0.788391
126	177	1.21971
126	180	0.602141
127	1	1.18975
127	4	0.748918
127	12	1.19457
127	33	1.09019
127	43	0.771305
127	70	1.18825
127	87	1.10848
127	95	0.700253
127	101	1.18223
127	106	0.818322
127	122	0.7789
127	125	1.1703
127	128	1.17303
127	134	1.1358
127	135	1.13905
127	140	1.17706
127	141	1.16607
127	146	0.777877
127	148	1.17177
127	153	0.791364
127	155	1.1846
127	161	0.784214
127	162	0.764095
127	163	1.16487
127	169	1.18455
127	173	1.17722
127	176	1.2022
127	177	0.703102
127	179	0.753103
127	180	0.619944
128	23	0.80155
128	27	1.13603
128	48	1.16009
128	60	0.822474
128	69	0.872591
128	70	1.18344
128	77	0.756798
128	83	0.691684
128	85	0.835969
128	87	1.10367
128	120	0.702252
128	125	1.16549
128	127	1.17303
128	129	1.20723
128	134	1.13099
128	139	1.15387
128	140	1.17225
128	141	1.16127
128	148	1.16696
128	152	1.19627
128	155	1.17979
128	159	0.700285
128	160	0.731477
128	163	1.16006
128	167	0.741318
128	169	1.17974
128	171	0.75128
128	173	1.17241
128	176	1.19739
128	180	0.599557
129	2	0.896914
129	27	1.17504
129	31	1.25903
129	58	0.630263
129	65	1.22759
129	87	1.14269
129	101	1.21644
129	119	0.761865
129	125	1.20451
129	128	1.20723
129	134	1.17001
129	135	1.17326
129	139	1.19289
129	140	1.21127
129	141	1.20028
129	152	1.23528
129	155	1.21881
129	158	0.741883
129	159	0.666917
129	160	0.698109
129	161	0.730459
129	162	0.71034
129	163	1.19908
129	165	0.69652
129	167	0.70795
129	169	1.21876
129	172	0.716799
129	173	1.21143
129	175	0.705689
129	176	1.23641
129	177	0.649347
130	16	1.29762
130	21	1.123
130	26	1.11907
130	29	1.26248
130	42	0.852883
130	53	0.758541
130	56	1.10349
130	59	1.22693
130	60	1.11277
130	62	0.809374
130	97	0.799367
130	98	1.12168
130	107	1.09171
130	110	1.15418
130	113	1.1587
130	114	1.14299
130	115	1.07906
130	118	1.08097
130	121	1.10307
130	133	1.12315
130	143	0.767616
130	148	0.817684
130	151	1.13702
130	158	1.13422
130	166	1.12789
130	167	0.771492
130	170	0.775201
130	174	0.781819
130	175	0.769231
130	178	0.776324
130	180	0.629732
131	21	0.770971
131	22	1.16954
131	41	1.25881
131	55	1.19241
131	64	1.10154
131	89	0.695644
131	92	1.19719
131	93	0.782255
131	104	0.755944
131	106	1.15357
131	112	1.19574
131	116	1.2116
131	117	0.720289
131	126	1.20516
131	133	1.1902
131	136	1.23636
131	138	1.20887
131	142	1.18824
131	143	0.697591
131	144	1.22328
131	145	0.768566
131	156	1.21041
131	159	1.23901
131	160	0.691626
131	164	1.25825
131	172	0.710316
131	173	0.745956
131	174	0.711794
131	175	0.699206
131	177	1.25982
131	180	0.559706
132	23	0.776133
132	45	0.737665
132	61	0.679719
132	68	1.09396
132	80	0.675147
132	90	0.740906
132	107	0.804583
132	108	1.13181
132	117	0.734722
132	120	1.22807
132	138	0.738901
132	141	0.779932
132	144	0.755544
132	152	0.747045
132	153	1.15208
132	154	1.15111
132	156	0.736964
132	157	1.19411
132	160	1.17626
132	161	1.17138
132	162	1.19183
132	164	0.685563
132	165	1.16592
132	168	1.18157
132	170	1.15439
132	171	1.17838
132	172	1.17036
132	174	1.1583
132	175	1.18958
132	178	1.17196
132	179	1.17565
132	180	1.36327
133	11	0.916953
133	59	1.23891
133	79	0.822397
133	88	0.675266
133	98	1.13367
133	114	1.15498
133	115	1.09105
133	118	1.09296
133	121	1.11506
133	124	1.14125
133	130	1.12315
133	131	1.1902
133	136	1.18129
133	138	1.1538
133	141	0.799373
133	142	1.13317
133	144	1.16821
133	151	1.14901
133	152	0.766485
133	156	1.15535
133	157	0.72603
133	158	1.1462
133	159	1.18394
133	164	1.20318
133	165	0.72391
133	166	1.13988
133	171	0.745302
133	172	0.744189
133	173	0.779829
133	175	0.733079
133	176	0.745285
133	177	1.20475
133	179	0.726739
134	9	0.746582
134	47	1.13931
134	52	1.13594
134	65	1.15134
134	76	0.836271
134	83	0.748767
134	87	1.06645
134	101	1.14019
134	111	1.13501
134	112	1.11998
134	125	1.12827
134	127	1.1358
134	128	1.13099
134	129	1.17001
134	135	1.09702
134	140	1.13503
134	141	1.12404
134	147	0.813036
134	151	1.12832
134	152	1.15904
134	153	0.82806
134	154	0.827628
134	155	1.14256
134	160	0.78856
134	163	1.12284
134	164	0.768064
134	165	0.786971
134	169	1.14251
134	172	0.807249
134	173	1.13519
134	174	0.808728
134	175	0.796139
134	176	1.16017
134	180	0.65664
135	7	1.17228
135	27	1.10206
135	33	1.05141
135	47	1.14256
135	52	1.13919
135	102	0.784348
135	106	0.835921
135	112	1.12324
135	120	0.740239
135	121	0.874142
135	124	1.12382
135	125	1.13152
135	127	1.13905
135	129	1.17326
135	134	1.09702
135	139	1.1199
135	140	1.13828
135	143	0.775428
135	145	0.846404
135	147	0.793939
135	148	1.13299
135	151	1.13158
135	152	1.16229
135	155	1.14582
135	160	0.769463
135	161	0.801813
135	163	1.12609
135	169	1.14577
135	171	0.789266
135	172	0.788153
135	173	1.13844
135	175	0.777043
135	176	1.16342
135	180	0.637544
136	6	0.699069
136	8	0.70574
136	9	0.680552
136	22	1.16063
136	28	1.14991
136	55	1.1835
136	63	0.711018
136	64	1.09263
136	66	0.752158
136	67	1.09976
136	71	1.22488
136	78	0.805477
136	84	1.21414
136	92	1.18828
136	94	0.69267
136	112	1.18683
136	116	1.20269
136	122	0.749567
136	124	1.18741
136	125	0.772816
136	126	1.19625
136	131	1.23636
136	133	1.18129
136	138	1.19996
136	142	1.17933
136	144	1.21437
136	145	0.79947
136	150	0.765205
136	156	1.20151
136	164	1.24934
136	174	0.742698
136	177	1.25091
136	178	0.737203
136	180	0.59061
137	5	1.21452
137	18	0.664685
137	20	0.815189
137	23	1.14503
137	36	1.09235
137	39	1.09298
137	50	1.17443
137	53	1.16034
137	68	0.870377
137	72	1.14416
137	76	1.14391
137	80	1.27226
137	86	1.20303
137	88	0.68491
137	91	1.16202
137	98	0.804352
137	104	1.14503
137	117	1.20082
137	119	1.16118
137	144	0.784628
137	149	1.13324
137	150	1.18285
137	157	0.735674
137	158	1.16735
137	160	0.735144
137	166	1.16102
137	167	0.744984
137	172	1.16447
137	173	1.17702
137	174	0.755311
137	175	0.742723
137	176	1.202
137	177	0.686382
137	178	0.749816
137	179	0.736383
138	28	1.12242
138	41	1.22241
138	55	1.156
138	64	1.06514
138	67	1.07227
138	68	0.851223
138	71	1.19739
138	76	0.763701
138	92	1.16079
138	94	0.68613
