1	7	0.846245
1	45	0.839177
1	46	0.883069
1	50	0.882242
1	52	0.856762
1	56	0.83708
1	132	2.91303
1	136	0.859672
1	155	1.43237
1	167	0.829014
1	173	0.910918
2	6	0.822864
2	20	0.801622
2	25	0.910512
2	27	0.910626
2	43	0.87955
2	47	0.847308
2	49	0.84685
2	51	0.846377
2	53	0.845887
2	119	1.59427
2	174	2.75807
3	8	0.985082
3	17	0.956646
3	21	0.875366
3	22	0.954871
3	31	0.954791
3	108	0.798308
3	133	0.933832
3	149	0.907819
3	169	2.17521
3	171	0.993663
3	172	2.90599
3	180	0.857569
4	68	0.963946
4	73	0.89976
4	75	0.987719
4	76	0.963263
4	88	0.866454
4	93	0.931987
4	100	0.91642
4	106	1.98048
4	150	1.7835
4	167	0.900837
4	170	1.82166
4	171	0.981546
5	18	0.86901
5	32	0.956787
5	40	0.939523
5	57	0.930258
5	74	0.985264
5	89	0.964805
5	138	1.34341
5	166	1.35898
5	173	1.01248
5	177	0.882394
5	178	2.59082
5	180	0.875192
6	2	0.822864
6	20	0.802505
6	25	0.911395
6	27	0.911509
6	43	0.880433
6	47	0.848191
6	49	0.847733
6	51	0.84726
6	53	0.84677
6	157	1.03851
6	176	3.66981
7	1	0.846245
7	45	0.861128
7	46	0.905021
7	50	0.904193
7	52	0.878714
7	56	0.859031
7	156	2.94781
7	167	0.850966
7	169	1.46569
7	173	0.93287
8	3	0.985082
8	13	0.995346
8	17	0.949555
8	21	0.868275
8	22	0.94778
8	31	0.9477
8	103	1.00984
8	149	0.900728
8	160	1.61144
8	168	2.5696
8	171	0.986572
8	180	0.850478
9	10	1.01559
9	16	0.960728
9	18	0.863573
9	26	1.01376
9	28	1.01417
9	32	0.95135
9	34	0.960711
9	40	0.934086
9	108	0.85637
9	142	2.56968
9	166	1.44837
10	9	1.01559
10	16	0.959775
10	18	0.862619
10	26	1.01281
10	28	1.01322
10	32	0.950396
10	34	0.959757
10	40	0.933132
10	134	0.658792
10	135	0.824164
10	176	3.85243
11	24	0.838664
11	54	0.878189
11	57	0.835853
11	59	0.855494
11	60	0.874721
11	61	2.39136
11	63	0.944319
11	64	0.853787
11	74	0.890859
11	161	1.97214
11	177	0.787989
12	14	0.915161
12	15	0.913654
12	23	0.89815
12	30	1.01944
12	37	0.966734
12	38	0.966195
12	39	0.965849
12	97	1.53604
12	130	2.21185
12	149	0.924226
12	163	1.68106
12	177	0.881178
13	8	0.995346
13	17	0.96691
13	21	0.885631
13	22	0.965135
13	31	0.965055
13	71	0.841575
13	124	1.29481
13	134	1.95357
13	140	1.84406
13	149	0.918083
13	171	1.00393
13	180	0.867833
14	12	0.915161
14	15	0.803828
14	23	0.788324
14	30	0.909617
14	37	0.856908
14	38	0.856369
14	39	0.856023
14	140	0.865994
14	149	0.8144
14	151	2.93524
14	158	1.71732
14	177	0.771352
15	12	0.913654
15	14	0.803828
15	23	0.786817
15	30	0.90811
15	37	0.855401
15	38	0.854862
15	39	0.854516
15	83	2.32743
15	140	0.864487
15	149	0.812893
15	167	2.43246
15	177	0.769845
16	9	0.960728
16	10	0.959775
16	18	0.807756
16	26	0.957945
16	28	0.958355
16	32	0.895533
16	34	0.904894
16	40	0.878269
16	67	0.887577
16	102	0.890463
16	112	1.85179
16	134	1.8381
16	167	1.90443
17	3	0.956646
17	8	0.949555
17	13	0.96691
17	21	0.83984
17	22	0.919344
17	31	0.919264
17	133	0.898305
17	148	1.42115
17	149	0.872292
17	150	2.5264
17	155	1.69805
17	171	0.958136
17	180	0.822042
18	5	0.86901
18	9	0.863573
18	10	0.862619
18	16	0.807756
18	26	0.860789
18	28	0.861199
18	32	0.798377
18	34	0.807739
18	40	0.781114
18	67	0.790422
18	102	0.793307
18	160	2.09609
18	174	2.93275
19	94	0.958656
19	103	0.986232
19	104	1.19639
19	110	0.935643
19	158	0.934571
19	161	0.93893
19	164	0.862603
19	169	0.894789
19	171	0.131821
19	174	0.885351
19	175	0.87498
19	178	0.88537
19	179	0.864457
20	2	0.801622
20	6	0.802505
20	25	0.890153
20	27	0.890267
20	43	0.859191
20	47	0.82695
20	49	0.826491
20	51	0.826018
20	53	0.825528
20	69	2.21318
20	110	0.869289
20	152	2.47757
21	3	0.875366
21	8	0.868275
21	13	0.885631
21	17	0.83984
21	22	0.838064
21	31	0.837984
21	71	0.714505
21	133	0.817026
21	149	0.791012
21	152	2.42401
21	154	2.59987
21	171	0.876856
21	180	0.740762
22	3	0.954871
22	8	0.94778
22	13	0.965135
22	17	0.919344
22	21	0.838064
22	31	0.917489
22	133	0.89653
22	144	1.40558
22	149	0.870517
22	166	1.55154
22	168	2.70662
22	171	0.956361
22	180	0.820267
23	12	0.89815
23	14	0.788324
23	15	0.786817
23	30	0.892606
23	37	0.839897
23	38	0.839358
23	39	0.839012
23	97	2.34743
23	102	0.823664
23	140	0.848983
23	149	0.797389
23	159	2.63507
23	177	0.754341
24	11	0.838664
24	54	0.878244
24	57	0.835908
24	59	0.855549
24	60	0.874776
24	63	0.944374
24	64	0.853842
24	74	0.890914
24	131	0.69065
24	176	3.89678
24	177	0.788044
25	2	0.910512
25	6	0.911395
25	20	0.890153
25	27	0.999158
25	43	0.968081
25	47	0.93584
25	49	0.935382
25	51	0.934909
25	53	0.934419
25	62	4.5
25	121	1.03765
25	157	1.04502
26	9	1.01376
26	10	1.01281
26	16	0.957945
26	18	0.860789
26	28	1.01139
26	32	0.948566
26	34	0.957927
26	40	0.931302
26	160	1.70321
26	162	1.71149
26	167	1.56284
27	2	0.910626
27	6	0.911509
27	20	0.890267
27	25	0.999158
27	43	0.968195
27	47	0.935954
27	49	0.935496
27	51	0.935023
27	53	0.934533
27	113	1.56813
27	137	1.50633
27	158	1.93207
28	9	1.01417
28	10	1.01322
28	16	0.958355
28	18	0.861199
28	26	1.01139
28	32	0.948976
28	34	0.958337
28	40	0.931712
28	101	1.61742
28	144	1.70763
28	149	1.70721
29	35	0.9196
29	41	0.91842
29	55	0.896591
29	58	0.896028
29	67	1.86507
29	79	0.933387
29	82	0.943176
29	84	0.933431
29	89	0.911515
29	124	1.42035
29	155	2.01607
29	173	0.959192
29	180	0.821902
30	12	1.01944
30	14	0.909617
30	15	0.90811
30	23	0.892606
30	36	2.19335
30	37	0.96119
30	38	0.960651
30	39	0.960305
30	95	1.2704
30	119	1.56614
30	149	0.918682
30	177	0.875634
31	3	0.954791
31	8	0.9477
31	13	0.965055
31	17	0.919264
31	21	0.837984
31	22	0.917489
31	113	0.742731
31	133	0.89645
31	149	0.870437
31	151	1.85855
31	171	0.956281
31	179	3.47244
31	180	0.820187
32	5	0.956787
32	9	0.95135
32	10	0.950396
32	16	0.895533
32	18	0.798377
32	26	0.948566
32	28	0.948976
32	34	0.895515
32	40	0.868891
32	69	0.88577
32	102	0.881084
32	140	1.49182
32	175	3.19085
33	65	1.1271
33	102	0.080158
33	142	0.904678
33	152	0.975546
33	153	0.814931
33	161	0.939358
33	162	0.956841
33	167	0.934322
33	169	0.895218
33	172	0.870154
33	176	0.853939
33	178	0.885798
33	179	0.864885
34	9	0.960711
34	10	0.959757
34	16	0.904894
34	18	0.807739
34	26	0.957927
34	28	0.958337
34	32	0.895515
34	40	0.878252
34	67	0.88756
34	77	1.28162
34	102	0.890445
34	161	2.05252
34	162	2.15364
35	29	0.9196
35	41	0.91718
35	55	0.895352
35	58	0.894788
35	70	1.40746
35	79	0.932147
35	82	0.941936
35	84	0.932191
35	89	0.910275
35	103	1.74647
35	135	1.89921
35	173	0.957952
35	180	0.820662
36	30	2.19335
36	151	0.815989
36	156	0.785577
36	157	0.900219
36	161	0.865508
36	164	0.789181
36	168	0.813829
36	169	0.821367
36	172	0.796304
36	173	1.4425
36	175	0.801558
36	176	0.780089
36	178	0.811948
36	179	0.791034
37	12	0.966734
37	14	0.856908
37	15	0.855401
37	23	0.839897
37	30	0.96119
37	38	0.907942
37	39	0.907596
37	102	0.892248
37	107	2.49913
37	108	1.49234
37	113	1.57755
37	140	0.917567
37	149	0.865973
37	177	0.822925
38	12	0.966195
38	14	0.856369
38	15	0.854862
38	23	0.839358
38	30	0.960651
38	37	0.907942
38	39	0.907057
38	102	0.891708
38	130	2.44214
38	140	0.917028
38	144	1.71784
38	149	0.865434
38	166	1.8638
38	177	0.822386
39	12	0.965849
39	14	0.856023
39	15	0.854516
39	23	0.839012
39	30	0.960305
39	37	0.907596
39	38	0.907057
39	102	0.891363
39	140	0.916682
39	149	0.865088
39	157	1.74336
39	163	1.23832
39	172	3.20845
39	177	0.82204
40	5	0.939523
40	9	0.934086
40	10	0.933132
40	16	0.878269
40	18	0.781114
40	26	0.931302
40	28	0.931712
40	32	0.868891
40	34	0.878252
40	67	0.860935
40	102	0.863821
40	130	2.04192
40	149	1.3172
40	169	2.75046
41	29	0.91842
41	35	0.91718
41	55	0.894171
41	58	0.893608
41	79	0.930967
41	82	0.940756
41	84	0.931011
41	89	0.909095
41	148	1.25301
41	163	1.65027
41	168	2.7578
41	173	0.956772
41	180	0.819482
42	44	0.91997
42	68	0.940419
42	73	0.876233
42	75	0.964191
42	76	0.939735
42	88	0.842926
42	93	0.908459
42	100	0.892892
42	121	1.6908
42	155	1.72468
42	161	1.90159
42	167	0.877309
42	171	0.958018
43	2	0.87955
43	6	0.880433
43	20	0.859191
43	25	0.968081
43	27	0.968195
43	47	0.904877
43	49	0.904419
43	51	0.903946
43	53	0.903456
43	110	0.947217
43	149	1.72143
43	152	1.40686
43	165	2.49354
44	42	0.91997
44	68	0.939505
44	73	0.875319
44	75	0.963277
44	76	0.938821
44	88	0.842013
44	93	0.907546
44	100	0.891979
44	142	2.07861
44	157	1.50987
44	167	0.876396
44	171	0.957105
44	178	2.18914
45	1	0.839177
45	7	0.861128
45	46	0.897953
45	48	0.895835
45	50	0.897125
45	52	0.871646
45	56	0.851964
45	77	1.38024
45	110	0.905688
45	129	0.84022
45	136	0.874556
45	166	2.04705
45	167	0.843898
45	170	2.84074
45	173	0.925802
46	1	0.883069
46	7	0.905021
46	45	0.897953
46	50	0.941017
46	52	0.915538
46	56	0.895856
46	123	2.38553
46	124	1.16253
46	129	0.884112
46	136	0.918448
46	138	1.81549
46	167	0.88779
46	173	0.969694
47	2	0.847308
47	6	0.848191
47	20	0.82695
47	25	0.93584
47	27	0.935954
47	43	0.904877
47	49	0.872178
47	51	0.871705
47	53	0.871215
47	67	0.87144
47	91	0.817276
47	110	0.914975
47	155	1.38319
47	162	1.66122
47	175	3.03575
48	45	0.895835
48	56	0.893738
48	84	0.850921
48	88	0.851289
48	100	0.901255
48	117	0.805312
48	145	0.915815
48	157	0.925419
48	167	0.885672
48	169	0.846568
48	171	0.966381
48	173	0.967577
48	178	0.837148
48	179	0.816235
49	2	0.84685
49	6	0.847733
49	20	0.826491
49	25	0.935382
49	27	0.935496
49	43	0.904419
49	47	0.872178
49	51	0.871247
49	53	0.870757
49	67	0.870981
49	91	0.816817
49	110	0.914517
49	158	1.88469
49	160	2.22446
49	167	2.0841
50	1	0.882242
50	7	0.904193
50	45	0.897125
50	46	0.941017
50	52	0.91471
50	56	0.895028
50	92	1.70132
50	129	0.883285
50	136	0.917621
50	148	1.83479
50	149	2.03813
50	167	0.886962
50	173	0.968867
51	2	0.846377
51	6	0.84726
51	20	0.826018
51	25	0.934909
51	27	0.935023
51	43	0.903946
51	47	0.871705
51	49	0.871247
51	53	0.870284
51	67	0.870508
51	91	0.816345
51	110	0.914044
51	131	2.1128
51	149	1.98867
51	166	2.13505
52	1	0.856762
52	7	0.878714
52	45	0.871646
52	46	0.915538
52	50	0.91471
52	56	0.869549
52	110	0.923273
52	129	0.857805
52	136	0.892141
52	163	1.41019
52	165	1.98838
52	167	0.861483
52	173	0.943387
52	178	2.59449
53	2	0.845887
53	6	0.84677
53	20	0.825528
53	25	0.934419
53	27	0.934533
53	43	0.903456
53	47	0.871215
53	49	0.870757
53	51	0.870284
53	67	0.870018
53	91	0.815854
53	97	1.81653
53	110	0.913554
53	115	1.19516
53	151	2.98908
54	11	0.878189
54	24	0.878244
54	57	0.875433
54	59	0.895074
54	60	0.9143
54	63	0.983898
54	64	0.893367
54	74	0.930438
54	113	1.40628
54	129	0.872074
54	133	0.89663
54	158	1.77022
54	165	2.5388
54	177	0.827569
55	29	0.896591
55	35	0.895352
55	41	0.894171
55	58	0.87178
55	79	0.909139
55	82	0.918928
55	84	0.909183
55	89	0.887267
55	136	0.883697
55	144	1.46655
55	167	1.66908
55	173	0.934943
55	178	2.84435
55	180	0.797654
56	1	0.83708
56	7	0.859031
56	45	0.851964
56	46	0.895856
56	48	0.893738
56	50	0.895028
56	52	0.869549
56	110	0.903591
56	129	0.838123
56	136	0.872459
56	138	1.76086
56	154	1.49134
56	167	0.841801
56	168	2.93151
56	173	0.923705
57	5	0.930258
57	11	0.835853
57	24	0.835908
57	54	0.875433
57	59	0.852738
57	60	0.871965
57	63	0.941563
57	64	0.851031
57	74	0.888103
57	78	0.879093
57	129	0.829738
57	133	0.854294
57	150	2.06638
57	167	1.36741
57	172	3.32851
57	177	0.785233
58	29	0.896028
58	35	0.894788
58	41	0.893608
58	55	0.87178
58	79	0.908575
58	82	0.918364
58	84	0.908619
58	89	0.886703
58	136	0.883134
58	168	1.38612
58	173	0.93438
58	177	1.85473
58	179	2.92001
58	180	0.79709
59	11	0.855494
59	24	0.855549
59	54	0.895074
59	57	0.852738
59	60	0.891605
59	63	0.961204
59	64	0.870672
59	74	0.907743
59	78	0.898734
59	123	2.53499
59	129	0.849379
59	133	0.873935
59	154	1.69543
59	158	1.83767
59	177	0.804874
60	11	0.874721
60	24	0.874776
60	54	0.9143
60	57	0.871965
60	59	0.891605
60	63	0.98043
60	64	0.889898
60	74	0.92697
60	129	0.868606
60	133	0.893162
60	165	2.03878
60	167	1.46962
60	174	2.44664
60	177	0.824101
61	11	2.39136
61	97	0.854511
61	99	0.750901
61	120	0.755357
61	123	0.825577
61	127	0.836952
61	133	1.82189
61	155	0.861455
61	159	0.869216
61	170	0.810835
61	172	0.769301
61	174	0.784926
61	175	0.774555
61	176	0.753086
61	178	0.784945
61	179	0.764031
62	25	4.5
62	115	0.858125
62	132	0.724285
62	135	0.83401
62	150	0.769383
62	159	0.793233
62	163	0.783568
62	166	0.780543
62	169	0.718382
62	170	0.734852
62	174	0.708944
62	175	0.698573
62	176	0.677103
62	178	0.708962
62	179	0.688049
63	11	0.944319
63	24	0.944374
63	54	0.983898
63	57	0.941563
63	59	0.961204
63	60	0.98043
63	64	0.959496
63	71	4.8
63	74	0.996568
63	129	0.938204
63	133	0.96276
63	140	0.763096
63	150	1.03
63	162	1.08953
63	177	0.893699
64	11	0.853787
64	24	0.853842
64	54	0.893367
64	57	0.851031
64	59	0.870672
64	60	0.889898
64	63	0.959496
64	74	0.906036
64	78	0.897027
64	129	0.847672
64	133	0.872228
64	149	2.02735
64	152	1.71278
64	162	2.37894
64	177	0.803167
65	33	1.1271
65	90	0.825269
65	92	1.19804
65	111	0.835701
65	114	0.897019
65	116	0.832798
65	125	0.814852
65	128	0.847023
65	139	0.865133
65	141	0.887489
65	143	0.87786
65	145	0.866056
65	147	0.861875
65	153	0.866656
65	164	3.6292
65	173	0.924235
66	86	0.858754
66	98	0.849699
66	105	0.851032
66	109	0.878754
66	116	0.809764
66	122	0.847221
66	128	0.823989
66	139	0.842099
66	141	0.864455
66	143	0.854826
66	145	0.843022
66	147	0.838841
66	153	0.843622
66	162	1.47003
66	169	2.5517
66	173	0.901201
66	175	2.84456
67	16	0.887577
67	18	0.790422
67	29	1.86507
67	34	0.88756
67	40	0.860935
67	47	0.87144
67	49	0.870981
67	51	0.870508
67	53	0.870018
67	123	0.844097
67	129	1.944
67	131	0.87262
67	148	0.928115
67	164	0.780698
67	171	0.193862
67	176	0.771606
67	179	0.782551
68	4	0.963946
68	42	0.940419
68	44	0.939505
68	73	0.895767
68	75	0.983726
68	76	0.95927
68	88	0.862461
68	93	0.927994
68	100	0.912427
68	112	1.49071
68	140	0.943303
68	157	2.03936
68	163	1.53433
68	167	0.896844
68	170	2.28047
68	171	0.977553
69	20	2.21318
69	32	0.88577
69	146	0.918679
69	151	0.902459
69	153	0.643733
69	162	0.969461
69	163	0.973023
69	165	0.927078
69	168	0.900299
69	169	0.907838
69	170	0.924308
69	172	0.882774
69	173	0.220182
69	174	0.8984
69	175	0.888028
69	178	0.898418
69	179	0.877505
70	35	1.40746
70	89	1.4717
70	105	1.36484
70	119	0.949946
70	132	0.845483
70	154	0.890886
70	160	0.88132
70	164	0.807393
70	165	0.85882
70	166	0.901741
70	169	0.839579
70	172	0.814516
70	174	0.830141
70	175	0.81977
70	176	0.798301
70	178	0.83016
70	179	0.809247
71	13	0.841575
71	21	0.714505
71	63	4.8
71	79	0.808192
71	84	0.808236
71	87	0.67016
71	89	0.78632
71	156	0.677197
71	162	0.774611
71	171	0.832801
71	173	0.833996
71	175	0.693178
71	176	0.671709
71	178	0.703568
71	179	0.682655
71	180	0.696707
72	86	0.858541
72	92	1.06844
72	98	0.849486
72	105	0.850819
72	117	0.868656
72	118	0.818196
72	122	0.847009
72	128	0.823777
72	136	0.849742
72	139	0.841886
72	141	0.864243
72	143	0.854614
72	147	0.838628
72	153	0.843409
72	156	4.32064
72	167	1.60819
72	171	0.899793
73	4	0.89976
73	42	0.876233
73	44	0.875319
73	68	0.895767
73	75	0.91954
73	76	0.895084
73	88	0.798275
73	93	0.863808
73	100	0.848241
73	127	1.20592
73	140	0.879117
73	167	0.832658
73	171	0.913367
73	178	2.24741
73	180	2.91132
74	5	0.985264
74	11	0.890859
74	24	0.890914
74	54	0.930438
74	57	0.888103
74	59	0.907743
74	60	0.92697
74	63	0.996568
74	64	0.906036
74	78	0.934099
74	96	1.36072
74	129	0.884744
74	133	0.9093
74	144	0.87213
74	165	1.64382
74	177	0.840239
74	179	3.70706
75	4	0.987719
75	42	0.964191
75	44	0.963277
75	68	0.983726
75	73	0.91954
75	76	0.983042
75	88	0.886233
75	93	0.951767
75	100	0.9362
75	159	0.575493
75	167	0.920616
75	170	1.17902
75	171	1.00133
75	179	3.07429
75	180	2.28108
76	4	0.963263
76	42	0.939735
76	44	0.938821
76	68	0.95927
76	73	0.895084
76	75	0.983042
76	88	0.861777
76	93	0.927311
76	100	0.911743
76	140	0.942619
76	159	0.949365
76	167	0.89616
76	169	2.04609
76	171	0.976869
76	174	1.79279
76	177	2.38288
77	34	1.28162
77	45	1.38024
77	90	1.14572
77	112	1.00833
77	138	0.969165
77	141	0.416767
77	148	0.992499
77	154	0.928574
77	160	0.919009
77	165	0.896509
77	169	0.877268
77	172	0.852205
77	174	0.86783
77	175	0.857459
77	176	0.83599
77	178	0.867849
77	179	0.846935
77	180	0.860988
78	57	0.879093
78	59	0.898734
78	64	0.897027
78	74	0.934099
78	88	0.845029
78	93	0.910562
78	100	0.894995
78	106	1.55491
78	141	0.924571
78	143	0.914942
78	145	0.903138
78	152	0.746977
78	153	0.903737
78	167	0.879412
78	171	0.960121
78	177	0.831229
78	179	3.29136
78	180	2.49814
79	29	0.933387
79	35	0.932147
79	41	0.930967
79	55	0.909139
79	58	0.908575
79	71	0.808192
79	82	0.955723
79	83	1.61137
79	84	0.945978
79	89	0.924062
79	102	0.910974
79	136	0.920493
79	137	1.09126
79	148	1.31013
79	173	0.971739
79	177	3.28353
79	180	0.834449
80	104	2.53126
80	120	0.731597
80	137	0.866407
80	143	1.65554
80	150	0.821606
80	157	0.849455
80	161	0.814744
80	162	0.832227
80	164	0.738417
80	165	0.789844
80	166	0.832765
80	170	0.787074
80	172	0.745541
80	174	0.761166
80	175	0.750795
80	176	0.729326
80	178	0.761184
80	180	0.754323
81	90	0.798427
81	104	0.830423
81	105	0.847225
81	109	0.874947
81	114	0.870178
81	123	2.27949
81	125	0.788011
81	126	0.830987
81	127	1.91536
81	128	0.820182
81	139	0.838291
81	141	0.860648
81	142	2.84633
81	143	0.851019
81	145	0.839215
81	147	0.835034
81	153	0.839815
81	171	0.896198
82	29	0.943176
82	35	0.941936
82	41	0.940756
82	55	0.918928
82	58	0.918364
82	79	0.955723
82	84	0.955767
82	89	0.933851
82	102	0.920763
82	119	1.38332
82	136	0.930282
82	154	1.22846
82	160	1.71047
82	169	2.80043
82	173	0.981528
82	180	0.844238
83	15	2.32743
83	79	1.61137
83	123	0.857208
83	127	0.868582
83	131	0.885731
83	146	0.836837
83	151	0.820616
83	159	0.900847
83	163	0.891181
83	164	0.793808
83	166	0.888157
83	169	0.825995
83	172	0.800932
83	173	0.897049
83	175	0.806186
83	176	0.784717
83	178	0.816575
83	179	0.795662
84	29	0.933431
84	35	0.932191
84	41	0.931011
84	48	0.850921
84	55	0.909183
84	58	0.908619
84	71	0.808236
84	79	0.945978
84	82	0.955767
84	89	0.924106
84	102	0.911018
84	136	0.920537
84	140	1.40903
84	158	1.38547
84	173	0.971783
84	175	3.10807
84	180	0.834493
85	131	0.790986
85	132	0.737153
85	150	0.782251
85	151	0.725871
85	155	0.79834
85	156	0.695459
85	159	0.806101
85	160	0.772991
85	162	0.792873
85	164	0.699063
85	168	0.723711
85	171	4.53361
85	172	0.706186
85	174	0.721812
85	176	0.689971
85	178	0.72183
85	179	0.700917
86	66	0.858754
86	72	0.858541
86	98	0.903594
86	111	0.866563
86	114	0.927881
86	116	0.863659
86	139	0.895994
86	141	0.918351
86	143	0.908722
86	145	0.896918
86	147	0.892736
86	153	0.897517
86	161	1.515
86	166	1.4109
86	169	2.69779
86	170	2.20459
86	171	0.953901
86	173	0.955096
87	71	0.67016
87	94	0.776565
87	97	0.772846
87	100	4.71621
87	130	0.76817
87	135	0.828326
87	142	0.722159
87	146	0.72354
87	148	0.827929
87	151	0.70732
87	157	0.79155
87	159	0.78755
87	163	0.777884
87	172	0.687635
87	175	0.692889
87	176	0.67142
87	178	0.703279
87	179	0.682366
88	4	0.866454
88	42	0.842926
88	44	0.842013
88	48	0.851289
88	68	0.862461
88	73	0.798275
88	75	0.886233
88	76	0.861777
88	78	0.845029
88	91	0.763442
88	93	0.830502
88	100	0.814935
88	101	0.826372
88	140	0.845811
88	156	3.83155
88	167	0.799352
88	171	0.880061
88	175	2.64229
89	5	0.964805
89	29	0.911515
89	35	0.910275
89	41	0.909095
89	55	0.887267
89	58	0.886703
89	70	1.4717
89	71	0.78632
89	79	0.924062
89	82	0.933851
89	84	0.924106
89	92	1.7322
89	102	0.889102
89	108	1.62339
89	136	0.898621
89	158	2.07254
89	173	0.949867
89	180	0.812577
90	65	0.825269
90	77	1.14572
90	81	0.798427
90	105	0.848408
90	109	0.876131
90	114	0.871362
90	118	0.815785
90	125	0.789195
90	126	0.832171
90	128	0.821366
90	139	0.839475
90	141	0.861832
90	143	0.852203
90	144	1.66657
90	147	0.836217
90	153	0.840998
90	164	3.7605
90	173	0.898577
91	47	0.817276
91	49	0.816817
91	51	0.816345
91	53	0.815854
91	88	0.763442
91	93	0.828975
91	97	0.818867
91	99	0.715257
91	100	0.813408
91	116	1.61775
91	126	2.48306
91	165	0.777961
91	167	0.797825
91	171	0.878534
91	175	0.738911
91	176	0.717442
91	178	0.749301
91	179	0.728387
92	50	1.70132
92	65	1.19804
92	72	1.06844
92	89	1.7322
92	132	0.863645
92	137	0.953544
92	144	0.946605
92	150	0.908743
92	152	0.93807
92	154	0.909047
92	155	0.924832
92	162	0.919365
92	165	0.876982
92	168	0.850203
92	169	0.857741
92	175	0.837932
92	176	0.816463
92	178	0.848321
92	179	0.827408
93	4	0.931987
93	42	0.908459
93	44	0.907546
93	68	0.927994
93	73	0.863808
93	75	0.951767
93	76	0.927311
93	78	0.910562
93	88	0.830502
93	91	0.828975
93	100	0.880468
93	115	1.36276
93	140	0.911344
93	148	1.73189
93	155	2.00879
93	159	2.27177
93	167	0.864885
93	171	0.945594
94	19	0.958656
94	87	0.776565
94	110	1.00206
94	118	1.69656
94	123	0.850605
94	128	1.3566
94	142	0.828853
94	148	0.934623
94	156	0.783602
94	162	0.881016
94	164	0.787206
94	165	0.838633
94	168	0.811854
94	170	0.835863
94	174	0.809955
94	175	0.799583
94	176	0.778114
94	178	0.809973
94	179	0.78906
95	30	1.2704
95	106	0.898654
95	114	0.988455
95	118	1.49004
95	144	0.953699
95	147	0.700354
95	152	0.945164
95	159	0.939687
95	160	0.906576
95	161	0.908975
95	166	0.926997
95	169	0.864835
95	170	0.881306
95	172	0.839772
95	174	0.855397
95	175	0.845026
95	176	0.823557
95	178	0.855415
95	179	0.834502
96	74	1.36072
96	110	1.56412
96	120	0.787899
96	133	1.64121
96	146	0.837747
96	155	0.893996
96	156	0.791115
96	157	0.905757
96	160	0.868647
96	161	0.871046
96	164	0.794719
96	165	0.846146
96	170	0.843376
96	172	0.801842
96	174	0.817468
96	175	0.807097
96	176	0.785627
96	178	0.817486
96	179	0.796573
97	12	1.53604
97	23	2.34743
97	53	1.81653
97	61	0.854511
97	87	0.772846
97	91	0.818867
97	123	0.846885
97	137	0.911476
97	150	0.866674
97	158	0.855455
97	159	0.890524
97	160	0.857414
97	164	0.783486
97	169	0.815673
97	170	0.832143
97	174	0.806235
97	175	0.795864
97	176	0.774394
97	179	0.78534
98	66	0.849699
98	72	0.849486
98	86	0.903594
98	104	0.879071
98	114	0.918826
98	125	0.836659
98	126	0.879635
98	128	0.86883
98	131	1.81703
98	139	0.886939
98	141	0.909296
98	143	0.899667
98	145	0.887863
98	147	0.883682
98	152	1.37833
98	153	0.888463
98	163	1.88682
98	168	2.99436
98	173	0.946042
99	61	0.750901
99	91	0.715257
99	121	0.779719
99	134	0.783116
99	135	0.82769
99	147	4.31411
99	151	0.706684
99	155	0.779153
99	157	0.790914
99	161	0.756203
99	163	0.777248
99	166	0.774224
99	172	0.686999
99	174	0.702624
99	175	0.692253
99	176	0.670784
99	178	0.702643
99	179	0.68173
100	4	0.91642
100	42	0.892892
100	44	0.891979
100	48	0.901255
100	68	0.912427
100	73	0.848241
100	75	0.9362
100	76	0.911743
100	78	0.894995
100	87	4.71621
100	88	0.814935
100	91	0.813408
100	93	0.880468
100	112	0.75591
100	140	0.895777
100	159	1.02979
100	167	0.849318
100	168	1.45399
100	171	0.930027
101	28	1.61742
101	88	0.826372
101	124	0.935458
101	136	1.235
101	151	0.845771
101	153	1.1329
101	154	0.902456
101	155	0.91824
101	157	0.930002
101	159	0.926002
101	163	0.916336
101	166	0.913311
101	168	0.843612
101	170	0.86762
101	172	0.826087
101	174	0.841712
101	175	0.831341
101	176	0.809872
101	178	0.84173
101	179	0.820817
102	16	0.890463
102	18	0.793307
102	23	0.823664
102	32	0.881084
102	33	0.080158
102	34	0.890445
102	37	0.892248
102	38	0.891708
102	39	0.891363
102	40	0.863821
102	79	0.910974
102	82	0.920763
102	84	0.911018
102	89	0.889102
102	170	1.42798
102	172	2.65196
102	173	0.936779
102	176	3.81817
102	177	0.806692
102	180	0.799489
103	8	1.00984
103	19	0.986232
103	35	1.74647
103	104	1.07757
103	117	1.07803
103	137	0.942771
103	148	0.962199
103	150	0.89797
103	156	0.811178
103	160	0.888709
103	161	0.891108
103	163	0.912154
103	168	0.83943
103	169	0.846968
103	170	0.863439
103	174	0.83753
103	175	0.827159
103	176	0.80569
103	178	0.837548
103	179	0.816635
104	19	1.19639
104	80	2.53126
104	81	0.830423
104	98	0.879071
104	103	1.07757
104	110	0.910458
104	111	0.842039
104	117	0.898241
104	118	0.847781
104	122	0.876593
104	125	0.82119
104	126	0.864166
104	139	0.87147
104	143	0.884198
104	145	0.872394
104	147	0.868213
104	153	0.872994
104	162	1.68746
104	171	0.929377
104	173	0.930573
105	66	0.851032
105	70	1.36484
105	72	0.850819
105	81	0.847225
105	90	0.848408
105	109	0.924928
105	111	0.858841
105	114	0.920159
105	115	1.38968
105	116	0.855938
105	122	0.893396
105	125	0.837992
105	126	0.880969
105	128	0.870163
105	137	1.53995
105	141	0.910629
105	145	0.889196
105	147	0.885015
105	153	0.889796
105	174	3.14211
106	4	1.98048
106	78	1.55491
106	95	0.898654
106	123	0.820557
106	126	2.22932
106	130	0.844816
106	132	0.795248
106	152	0.869673
106	157	0.868196
106	160	0.831086
106	161	0.833485
106	162	0.850968
106	164	0.757158
106	166	0.851506
106	168	0.781806
106	169	0.789345
106	170	0.805815
106	174	0.779907
106	176	0.748066
106	178	0.779925
106	179	0.759012
107	37	2.49913
107	115	0.921985
107	121	0.849898
107	135	0.897869
107	137	0.878044
107	138	0.874137
107	141	1.49837
107	142	0.791701
107	148	0.897472
107	152	0.862569
107	160	0.823982
107	163	0.847427
107	169	0.782241
107	171	0.832472
107	172	0.757178
107	174	0.772803
107	175	0.762432
107	176	0.740963
107	178	0.772821
107	179	0.751908
108	3	0.798308
108	9	0.85637
108	37	1.49234
108	89	1.62339
108	131	0.97252
108	145	1.00121
108	150	0.963786
108	151	0.907405
108	156	0.876994
108	158	0.952566
108	161	0.956924
108	162	0.974408
108	164	0.880597
108	165	0.932025
108	168	0.905246
108	172	0.887721
108	174	0.903346
108	175	0.892975
108	176	0.871506
108	178	0.903364
108	179	0.882451
109	66	0.878754
109	81	0.874947
109	90	0.876131
109	105	0.924928
109	110	0.954983
109	117	0.942765
109	122	0.921118
109	125	0.865714
109	126	0.908691
109	128	0.897886
109	130	1.10409
109	141	0.938352
109	145	0.916919
109	147	0.912737
109	153	0.917518
109	165	1.15148
109	169	1.81263
109	171	0.973902
109	173	0.975097
109	179	3.21471
109	180	2.42149
110	19	0.935643
110	20	0.869289
110	43	0.947217
110	45	0.905688
110	47	0.914975
110	49	0.914517
110	51	0.914044
110	52	0.923273
110	53	0.913554
110	56	0.903591
110	94	1.00206
110	96	1.56412
110	104	0.910458
110	109	0.954983
110	118	0.894637
110	143	0.931055
110	153	0.91985
110	162	1.42671
110	167	0.895525
110	173	0.977429
110	178	2.45334
111	65	0.835701
111	86	0.866563
111	104	0.842039
111	105	0.858841
111	114	0.881794
111	116	0.817573
111	117	0.876678
111	118	0.826218
111	119	1.31507
111	122	0.855031
111	125	0.799627
111	128	0.831798
111	139	0.849908
111	141	0.872264
111	143	0.862635
111	145	0.850831
111	153	0.851431
111	164	3.39326
111	167	1.50186
111	171	0.907814
111	173	0.90901
111	178	2.67714
112	16	1.85179
112	68	1.49071
112	77	1.00833
112	100	0.75591
112	142	0.896048
112	148	1.00182
112	151	0.881209
112	156	0.850798
112	157	0.96544
112	160	0.928329
112	165	0.905828
112	166	0.94875
112	168	0.87905
112	169	0.886588
112	170	0.903059
112	171	0.421604
112	173	0.949443
112	175	0.866779
112	176	0.84531
112	178	0.877168
112	179	0.856255
112	180	0.870308
113	27	1.56813
113	31	0.742731
113	37	1.57755
113	54	1.40628
113	124	0.975323
113	126	0.770016
113	127	0.933603
113	134	0.962069
113	144	0.979879
113	146	0.901857
113	162	0.952639
113	163	0.956201
113	164	0.858829
113	168	0.883477
113	169	0.891016
113	172	0.865952
113	174	0.881578
113	175	0.871206
113	176	0.849737
113	177	0.881937
113	178	0.881596
113	179	0.860683
114	65	0.897019
114	81	0.870178
114	86	0.927881
114	90	0.871362
114	95	0.988455
114	98	0.918826
114	105	0.920159
114	111	0.881794
114	116	0.878891
114	118	0.887536
114	122	0.916349
114	126	0.903922
114	128	0.893117
114	140	1.29513
114	143	0.923954
114	145	0.91215
114	146	2.64911
114	147	0.907968
114	152	0.953466
114	153	0.912749
114	171	0.969133
114	177	3.0381
115	53	1.19516
115	62	0.858125
115	93	1.36276
115	105	1.38968
115	107	0.921985
115	121	0.962926
115	129	1.44897
115	137	0.991073
115	150	0.946271
115	156	0.859479
115	160	0.93701
115	164	0.863083
115	165	0.91451
115	166	0.957431
115	168	0.887731
115	170	0.91174
115	171	0.106354
115	175	0.87546
115	176	0.853991
115	178	0.88585
115	179	0.864936
115	180	0.878989
116	65	0.832798
116	66	0.809764
116	86	0.863659
116	91	1.61775
116	105	0.855938
116	111	0.817573
116	114	0.878891
116	117	0.873775
116	122	0.852127
116	126	0.8397
116	129	0.820524
116	139	0.847004
116	141	0.869361
116	143	0.859732
116	145	0.847928
116	147	0.843747
116	150	1.16702
116	153	0.848528
116	171	0.904911
116	173	0.906107
116	176	3.59536
116	180	2.30723
117	48	0.805312
117	72	0.868656
117	103	1.07803
117	104	0.898241
117	109	0.942765
117	111	0.876678
117	116	0.873775
117	122	0.911232
117	125	0.855829
117	126	0.898805
117	128	0.888
117	136	0.913966
117	138	1.46714
117	139	0.906109
117	141	0.928466
117	143	0.918837
117	145	0.907033
117	147	0.902852
117	153	0.907633
117	160	1.67963
117	173	0.965212
117	180	3.37845
118	72	0.818196
118	90	0.815785
118	94	1.69656
118	95	1.49004
118	104	0.847781
118	110	0.894637
118	111	0.826218
118	114	0.887536
118	122	0.860772
118	125	0.805369
118	128	0.83754
118	129	0.829169
118	133	0.853725
118	139	0.855649
118	141	0.878006
118	143	0.868377
118	145	0.856573
118	147	0.852392
118	148	1.56629
118	153	0.857172
118	173	0.914751
118	174	2.94959
119	2	1.59427
119	30	1.56614
119	70	0.949946
119	82	1.38332
119	111	1.31507
119	131	0.925628
119	138	0.957789
119	147	0.820449
119	156	0.830102
119	157	0.944744
119	158	0.905674
119	159	0.940744
119	160	0.907633
119	162	0.927516
119	163	0.931078
119	168	0.858354
119	169	0.865892
119	170	0.882363
119	172	0.840829
119	174	0.856454
119	175	0.846083
119	178	0.856473
119	179	0.835559
120	61	0.755357
120	80	0.731597
120	96	0.787899
120	147	5.21411
120	151	0.71114
120	154	0.767825
120	157	0.79537
120	158	0.7563
120	159	0.79137
120	160	0.758259
120	161	0.760659
120	162	0.778142
120	164	0.684332
120	169	0.716518
120	172	0.691455
120	174	0.70708
120	175	0.696709
120	176	0.67524
120	178	0.707099
120	179	0.686186
120	180	0.700238
121	25	1.03765
121	42	1.6908
121	99	0.779719
121	107	0.849898
121	115	0.962926
121	125	2.35269
121	126	1.1701
121	131	0.882918
121	151	0.817804
121	156	0.787392
121	158	0.862964
121	159	0.898034
121	160	0.864923
121	162	0.884806
121	166	0.885344
121	168	0.815644
121	169	0.823182
121	170	0.839653
121	172	0.798119
121	174	0.813744
121	175	0.803373
121	176	0.781904
121	178	0.813763
121	179	0.79285
122	66	0.847221
122	72	0.847009
122	104	0.876593
122	105	0.893396
122	109	0.921118
122	111	0.855031
122	114	0.916349
122	116	0.852127
122	117	0.911232
122	118	0.860772
122	125	0.834182
122	128	0.866353
122	131	1.63396
122	139	0.884462
122	141	0.906819
122	143	0.89719
122	145	0.885386
122	146	2.89091
122	147	0.881204
122	153	0.885985
122	154	1.37113
122	161	1.76031
122	170	2.44991
122	173	0.943564
123	46	2.38553
123	59	2.53499
123	61	0.825577
123	67	0.844097
123	81	2.27949
123	83	0.857208
123	94	0.850605
123	97	0.846885
123	106	0.820557
123	146	0.79758
123	156	0.750948
123	160	0.828479
123	164	0.754551
123	165	0.805979
123	166	0.8489
123	170	0.803209
123	172	0.761675
123	174	0.7773
123	175	0.766929
123	176	0.74546
123	177	0.77766
123	178	0.777318
123	179	0.756405
123	180	0.770458
124	13	1.29481
124	29	1.42035
124	46	1.16253
124	101	0.935458
124	113	0.975323
124	125	1.79086
124	132	0.845737
124	136	0.80264
124	137	0.935637
124	154	0.891139
124	155	0.906924
124	158	0.879615
124	160	0.881574
124	162	0.901457
124	163	0.905019
124	166	0.901995
124	167	0.878938
124	168	0.832295
124	169	0.839833
124	170	0.856304
124	174	0.830395
124	175	0.820024
124	176	0.798555
124	178	0.830414
124	179	0.8095
125	65	0.814852
125	81	0.788011
125	90	0.789195
125	98	0.836659
125	104	0.82119
125	105	0.837992
125	109	0.865714
125	111	0.799627
125	117	0.855829
125	118	0.805369
125	121	2.35269
125	122	0.834182
125	124	1.79086
125	126	0.821755
125	128	0.810949
125	134	2.44963
125	137	1.89081
125	139	0.829059
125	141	0.851415
125	143	0.841786
125	145	0.829982
125	147	0.825801
125	153	0.830582
125	171	0.886965
125	173	0.888161
126	81	0.830987
126	90	0.832171
126	91	2.48306
126	98	0.879635
126	104	0.864166
126	105	0.880969
126	106	2.22932
126	109	0.908691
126	113	0.770016
126	114	0.903922
126	116	0.8397
126	117	0.898805
126	121	1.1701
126	125	0.821755
126	128	0.853926
126	133	0.870111
126	136	0.879891
126	139	0.872035
126	141	0.894392
126	143	0.884763
126	145	0.872959
126	147	0.868777
126	153	0.873558
126	161	1.38089
126	171	0.929942
127	61	0.836952
127	73	1.20592
127	81	1.91536
127	83	0.868582
127	113	0.933603
127	128	1.76639
127	130	0.853584
127	131	0.857849
127	142	0.807573
127	145	1.78355
127	150	0.849115
127	151	0.792734
127	152	0.878442
127	156	0.762323
127	157	0.876964
127	161	0.842253
127	162	0.859736
127	163	0.863299
127	165	0.817353
127	170	0.814583
127	172	0.77305
127	175	0.778304
127	176	0.756835
127	177	0.789035
127	178	0.788693
127	179	0.76778
128	65	0.847023
128	66	0.823989
128	72	0.823777
128	81	0.820182
128	90	0.821366
128	94	1.3566
128	98	0.86883
128	105	0.870163
128	109	0.897886
128	111	0.831798
128	114	0.893117
128	117	0.888
128	118	0.83754
128	122	0.866353
128	125	0.810949
128	126	0.853926
128	127	1.76639
128	136	0.869086
128	139	0.86123
128	141	0.883587
128	145	0.862154
128	147	0.857972
128	153	0.862753
128	157	2.12862
128	166	1.57605
128	171	0.919137
128	175	3.15579
129	45	0.84022
129	46	0.884112
129	50	0.883285
129	52	0.857805
129	54	0.872074
129	56	0.838123
129	57	0.829738
129	59	0.849379
129	60	0.868606
129	63	0.938204
129	64	0.847672
129	67	1.944
129	74	0.884744
129	115	1.44897
129	116	0.820524
129	118	0.829169
129	131	2.14556
129	141	0.875216
129	143	0.865587
129	145	0.853783
129	147	0.849601
129	153	0.854382
129	154	1.88273
129	159	2.35798
129	167	0.830057
129	173	0.911961
129	177	0.781874
130	12	2.21185
130	38	2.44214
130	40	2.04192
130	87	0.76817
130	106	0.844816
130	109	1.10409
130	127	0.853584
130	131	0.870733
130	132	0.816901
130	137	0.9068
130	146	0.821839
130	154	0.862303
130	157	0.889849
130	158	0.850779
130	165	0.830238
130	166	0.873159
130	168	0.803459
130	169	0.810997
130	170	0.827468
130	172	0.785934
130	174	0.801559
130	175	0.791188
130	176	0.769719
130	177	0.801919
130	178	0.801577
130	179	0.780664
131	24	0.69065
131	51	2.1128
131	67	0.87262
131	83	0.885731
131	85	0.790986
131	98	1.81703
131	108	0.97252
131	119	0.925628
131	121	0.882918
131	122	1.63396
131	127	0.857849
131	129	2.14556
131	130	0.870733
131	154	0.866568
131	155	0.882352
131	156	0.779471
131	157	0.894113
131	161	0.859402
131	163	0.880447
131	165	0.834502
131	166	0.877423
131	168	0.807723
131	169	0.815261
131	170	0.831732
131	172	0.790198
131	175	0.795452
131	178	0.805842
131	179	0.784929
132	1	2.91303
132	62	0.724285
132	70	0.845483
132	85	0.737153
132	92	0.863645
132	106	0.795248
132	124	0.845737
132	130	0.816901
132	134	0.832483
132	141	2.49142
132	152	0.841758
132	155	0.828519
132	156	0.725639
132	159	0.836281
132	161	0.805569
132	162	0.823052
132	164	0.729242
132	166	0.82359
132	168	0.753891
132	169	0.761429
132	171	1.82552
132	172	0.736366
132	174	0.751991
132	175	0.74162
132	176	0.720151
132	178	0.752009
132	179	0.731096
132	180	0.745149
133	3	0.933832
133	17	0.898305
133	21	0.817026
133	22	0.89653
133	31	0.89645
133	54	0.89663
133	57	0.854294
133	59	0.873935
133	60	0.893162
133	61	1.82189
133	63	0.96276
133	64	0.872228
133	74	0.9093
133	96	1.64121
133	118	0.853725
133	126	0.870111
133	139	0.877415
133	145	0.878339
133	147	0.874157
133	148	0.948872
133	149	0.849478
133	153	0.878938
133	166	1.29859
133	170	2.09227
133	171	0.935322
133	172	3.31625
133	173	0.936517
133	177	0.80643
133	180	0.799228
134	10	0.658792
134	13	1.95357
134	16	1.8381
134	99	0.783116
134	113	0.962069
134	125	2.44963
134	132	0.832483
134	138	0.918476
134	144	0.915443
134	154	0.877886
134	155	0.89367
134	158	0.866362
134	159	0.901431
134	160	0.868321
134	161	0.87072
134	165	0.84582
134	166	0.888741
134	167	0.865684
134	168	0.819041
134	172	0.801516
134	173	0.935753
134	174	0.817142
134	175	0.80677
134	176	0.785301
134	177	0.817501
134	178	0.81716
134	179	0.796247
134	180	0.810299
135	10	0.824164
135	35	1.89921
135	62	0.83401
135	87	0.828326
135	99	0.82769
135	107	0.897869
135	139	1.76421
135	142	0.880614
135	146	0.881995
135	150	0.922155
135	151	0.865775
135	153	1.11714
135	155	0.938244
135	157	0.950005
135	161	0.915294
135	162	0.932777
135	163	0.936339
135	166	0.933315
135	168	0.863615
135	169	0.871153
135	170	0.887624
135	171	0.165744
135	172	0.84609
135	173	0.693584
135	174	0.861715
135	176	0.829875
135	178	0.861734
135	179	0.840821
135	180	0.854873
136	1	0.859672
136	45	0.874556
136	46	0.918448
136	50	0.917621
136	52	0.892141
136	55	0.883697
136	56	0.872459
136	58	0.883134
136	72	0.849742
136	79	0.920493
136	82	0.930282
136	84	0.920537
136	89	0.898621
136	101	1.235
136	117	0.913966
136	124	0.80264
136	126	0.879891
136	128	0.869086
136	143	0.899923
136	147	0.883938
136	150	2.2267
136	153	0.888718
136	160	1.6681
136	163	1.51871
136	167	0.864393
136	172	3.48884
136	173	0.946297
136	180	0.809008
137	27	1.50633
137	79	1.09126
137	80	0.866407
137	92	0.953544
137	97	0.911476
137	103	0.942771
137	105	1.53995
137	107	0.878044
137	115	0.991073
137	124	0.935637
137	125	1.89081
137	130	0.9068
137	138	0.943225
137	141	0.514994
137	145	1.02463
137	154	0.902635
137	156	0.815539
137	158	0.891111
137	161	0.895469
137	166	0.91349
137	168	0.84379
137	170	0.867799
137	172	0.826266
137	174	0.841891
137	175	0.83152
137	176	0.810051
137	177	0.842251
137	178	0.841909
137	179	0.820996
138	5	1.34341
138	46	1.81549
138	56	1.76086
138	77	0.969165
138	107	0.874137
138	117	1.46714
138	119	0.957789
138	134	0.918476
138	137	0.943225
138	143	0.590961
138	146	0.858264
138	147	0.245601
138	149	0.881392
138	151	0.842043
138	154	0.898728
138	158	0.887204
138	160	0.889163
138	161	0.891562
138	163	0.912608
138	164	0.815235
138	165	0.866662
138	167	0.886526
138	168	0.839883
138	170	0.863892
138	172	0.822359
138	174	0.837984
138	175	0.827613
138	176	0.806144
138	178	0.838002
138	179	0.817089
139	65	0.865133
139	66	0.842099
139	72	0.841886
139	81	0.838291
139	86	0.895994
139	90	0.839475
139	98	0.886939
139	104	0.87147
139	111	0.849908
139	116	0.847004
139	117	0.906109
139	118	0.855649
139	122	0.884462
139	125	0.829059
139	126	0.872035
139	128	0.86123
139	133	0.877415
139	135	1.76421
139	140	1.89686
139	141	0.901696
139	143	0.892067
139	145	0.880263
139	147	0.876081
139	153	0.880862
139	154	1.73105
139	159	2.2063
139	161	2.12023
139	163	2.06368
139	171	0.937246
139	173	0.938441
140	13	1.84406
140	14	0.865994
140	15	0.864487
140	23	0.848983
140	32	1.49182
140	37	0.917567
140	38	0.917028
140	39	0.916682
140	63	0.763096
140	68	0.943303
140	73	0.879117
140	76	0.942619
140	84	1.40903
140	88	0.845811
140	93	0.911344
140	100	0.895777
140	114	1.29513
140	139	1.89686
140	144	0.929953
140	149	0.875059
140	163	0.906275
140	165	0.86033
140	167	0.880194
140	168	0.833551
140	171	0.960903
140	176	0.799811
140	177	0.832011
140	178	0.83167
140	179	0.810756
141	65	0.887489
141	66	0.864455
141	72	0.864243
141	77	0.416767
141	78	0.924571
141	81	0.860648
141	86	0.918351
141	90	0.861832
141	98	0.909296
141	105	0.910629
141	107	1.49837
141	109	0.938352
141	111	0.872264
141	116	0.869361
141	117	0.928466
141	118	0.878006
141	122	0.906819
141	125	0.851415
141	126	0.894392
141	128	0.883587
141	129	0.875216
141	132	2.49142
141	137	0.514994
141	139	0.901696
141	143	0.914424
141	145	0.90262
141	147	0.898438
141	148	0.733862
141	153	0.903219
141	157	1.63615
141	171	0.959603
141	176	4.26745
142	9	2.56968
142	33	0.904678
142	44	2.07861
142	81	2.84633
142	87	0.722159
142	94	0.828853
142	107	0.791701
142	112	0.896048
142	127	0.807573
142	135	0.880614
142	144	0.853849
142	146	0.775828
142	148	0.880217
142	154	0.816292
142	156	0.729196
142	157	0.843838
142	159	0.839838
142	160	0.806727
142	161	0.809126
142	163	0.830172
142	165	0.784226
142	167	0.804091
142	169	0.764986
142	170	0.781456
142	171	1.53899
142	172	0.739923
142	174	0.755548
142	175	0.745177
142	176	0.723708
142	178	0.755566
142	179	0.734653
142	180	0.748706
143	65	0.87786
143	66	0.854826
143	72	0.854614
143	78	0.914942
143	80	1.65554
143	81	0.851019
143	86	0.908722
143	90	0.852203
143	98	0.899667
143	104	0.884198
143	110	0.931055
143	111	0.862635
143	114	0.923954
143	116	0.859732
143	117	0.918837
143	118	0.868377
143	122	0.89719
143	125	0.841786
143	126	0.884763
143	129	0.865587
143	136	0.899923
143	138	0.590961
143	139	0.892067
143	141	0.914424
143	145	0.892991
143	146	1.84122
143	147	0.888809
143	153	0.89359
143	157	1.15911
143	171	0.949974
143	177	2.23022
143	179	3.29549
143	180	2.50228
144	22	1.40558
144	28	1.70763
144	38	1.71784
144	55	1.46655
144	74	0.87213
144	90	1.66657
144	92	0.946605
144	95	0.953699
144	113	0.979879
144	134	0.915443
144	140	0.929953
144	142	0.853849
144	148	0.95962
144	150	0.895391
144	151	0.83901
144	154	0.895695
144	157	0.923241
144	158	0.884171
