1	99	1.25667
1	115	1.15507
1	139	0.645628
1	143	1.18436
1	146	0.660414
1	148	1.18187
1	156	1.21332
1	158	1.20679
1	167	1.20037
1	168	1.20117
1	173	0.713847
1	174	0.638628
2	10	1.24057
2	11	1.2289
2	14	1.08277
2	24	1.19167
2	61	0.862468
2	71	1.15475
2	75	1.22736
2	117	0.557986
2	141	0.613413
2	172	1.25858
2	173	0.616134
2	176	1.22098
3	23	0.588674
3	112	0.639749
3	115	1.15563
3	118	1.204
3	138	1.17997
3	145	1.19794
3	153	1.20372
3	158	1.20734
3	161	1.25213
3	165	0.631122
3	168	1.20173
3	177	0.788768
4	46	1.1756
4	106	1.20944
4	128	0.647327
4	131	0.629957
4	143	1.18845
4	145	1.20147
4	153	1.20726
4	154	0.69415
4	158	1.21088
4	162	0.675204
4	167	1.20446
4	168	1.20526
5	76	0.604943
5	115	1.16136
5	130	1.20347
5	131	0.657732
5	140	1.18977
5	144	1.21528
5	147	1.19844
5	155	1.22
5	163	0.660971
5	167	1.20666
5	168	1.20746
5	174	0.728968
6	19	0.987264
6	62	1.04059
6	65	1.00792
6	70	1.08045
6	89	1.03132
6	92	1.1175
6	133	1.12851
6	135	1.15395
6	146	1.05801
6	166	0.712034
6	171	0.732501
6	172	1.15236
7	74	1.14252
7	89	1.03675
7	105	1.12259
7	109	1.07442
7	117	0.86
7	119	1.10855
7	123	0.764403
7	142	0.762361
7	167	1.08171
7	168	1.08251
7	172	1.15778
8	21	1.0744
8	39	1.03337
8	42	1.03701
8	55	0.999473
8	83	1.10354
8	88	1.12102
8	126	0.743608
8	131	0.811307
8	161	1.10729
8	164	1.03398
8	174	1.03432
8	176	1.09457
9	24	1.19137
9	26	1.17133
9	40	1.14488
9	71	1.15444
9	75	1.22705
9	133	1.23442
9	146	0.633607
9	162	0.585832
9	172	1.25827
9	176	1.22068
9	177	0.698994
9	180	0.740324
10	2	1.24057
10	14	1.09731
10	26	1.18617
10	37	0.59923
10	40	1.15972
10	71	1.16928
10	75	1.24189
10	110	0.606211
10	164	0.746537
10	170	0.69025
10	172	1.27311
10	176	1.23552
11	2	1.2289
11	14	1.08563
11	26	1.17449
11	71	1.1576
11	75	1.23021
11	93	0.505505
11	133	1.23758
11	135	0.996011
11	166	0.554098
11	172	1.26143
11	176	1.22384
11	178	0.613018
12	95	1.21727
12	98	1.17777
12	102	1.15114
12	103	1.18843
12	108	1.22227
12	139	0.683996
12	150	0.647814
12	157	0.657231
12	158	1.22702
12	168	1.2214
12	171	0.664924
12	174	1.19883
13	53	0.514756
13	83	0.487466
13	87	0.558168
13	124	0.575728
13	163	1.26057
13	170	1.18651
13	171	1.23804
13	175	1.17091
13	177	1.19266
13	178	1.22805
13	179	1.15505
13	180	1.16956
14	2	1.08277
14	10	1.09731
14	11	1.08563
14	24	1.0484
14	40	1.00191
14	71	1.01148
14	75	1.08409
14	135	1.12224
14	159	0.831518
14	163	0.644874
14	172	1.11531
14	176	1.07772
15	57	1.05691
15	68	0.597917
15	120	1.23904
15	131	0.647438
15	138	1.19608
15	153	1.21983
15	156	1.22998
15	158	1.22345
15	167	1.21704
15	168	1.21784
15	169	0.663816
15	178	0.745055
16	46	1.13046
16	128	0.650334
16	140	1.14244
16	144	1.16796
16	148	1.14084
16	153	1.16213
16	156	1.17228
16	158	1.16575
16	166	0.671661
16	167	1.15933
16	168	1.16013
16	170	0.79935
16	178	0.730581
17	94	1.27935
17	98	1.31155
17	102	1.28492
17	108	0.485669
17	124	0.431938
17	130	0.501763
17	138	0.446693
17	159	1.27056
17	167	0.422916
17	173	1.31663
17	174	1.33262
17	178	1.33281
17	180	1.27433
18	23	0.625811
18	53	1.20946
18	63	1.06953
18	67	1.16789
18	74	1.20442
18	97	1.14998
18	101	1.12572
18	105	1.18449
18	107	1.15478
18	109	1.13632
18	171	0.726661
18	174	0.738733
18	178	0.765114
19	6	0.987264
19	25	1.07989
19	35	1.03306
19	62	1.01426
19	65	0.981591
19	70	1.05412
19	89	1.00499
19	92	1.09117
19	136	0.947189
19	146	1.03168
19	169	0.830978
19	172	1.12603
19	180	1.01434
20	39	1.16928
20	47	1.15764
20	55	1.13538
20	83	1.23945
20	88	1.25693
20	134	0.691075
20	161	1.2432
20	173	0.629179
20	174	1.17023
20	176	1.23047
20	178	0.580341
20	179	0.762095
21	8	1.0744
21	42	1.1382
21	47	1.12292
21	55	1.10066
21	83	1.20473
21	88	1.22221
21	146	0.75518
21	149	0.691228
21	151	0.732616
21	160	0.679036
21	161	1.20848
21	174	1.13551
21	176	1.19576
22	33	1.20812
22	60	1.25146
22	73	1.12993
22	77	1.12981
22	79	1.23022
22	82	0.606248
22	84	0.710979
22	94	1.08977
22	95	1.16148
22	98	1.12197
22	159	1.08098
22	171	0.797084
22	176	0.739079
23	3	0.588674
23	18	0.625811
23	121	0.662881
23	141	1.18298
23	144	0.594526
23	164	1.11705
23	165	1.21747
23	173	1.17124
23	175	1.13028
23	177	1.15203
23	178	1.18742
23	179	1.11442
23	180	1.12893
24	2	1.19167
24	9	1.19137
24	14	1.0484
24	26	1.13727
24	40	1.11081
24	43	0.590799
24	71	1.12038
24	75	1.19299
24	125	0.888513
24	139	0.644126
24	170	0.732276
24	172	1.22421
24	176	1.18662
25	19	1.07989
25	30	1.19013
25	35	1.15201
25	62	1.13321
25	65	1.10054
25	70	1.17307
25	89	1.12394
25	92	1.21012
25	151	0.682663
25	165	0.612968
25	171	0.67137
25	172	1.24498
25	179	0.891577
26	9	1.17133
26	10	1.18617
26	11	1.17449
26	24	1.13727
26	40	1.09078
26	66	0.771059
26	71	1.10035
26	75	1.17296
26	131	0.627594
26	136	0.760183
26	171	0.686758
26	172	1.20418
26	176	1.16658
27	54	0.70703
27	56	0.503945
27	102	1.12895
27	103	1.16624
27	110	0.680371
27	156	1.21136
27	158	1.20483
27	167	1.19841
27	172	1.27448
27	174	1.17664
27	176	1.23689
27	177	0.756433
28	38	1.12987
28	121	1.18477
28	122	1.16006
28	130	1.15881
28	132	1.13614
28	133	0.554389
28	143	1.14598
28	158	1.16841
28	162	0.63972
28	167	1.16199
28	168	1.16279
28	179	0.873845
28	180	0.794212
29	69	1.13512
29	85	0.645145
29	86	1.21497
29	87	1.13486
29	90	1.21482
29	93	0.66506
29	96	1.21487
29	102	1.07068
29	103	1.10797
29	161	1.19134
29	163	0.678195
29	174	1.11838
29	180	0.874695
30	25	1.19013
30	35	1.1433
30	62	1.1245
30	65	1.09184
30	70	1.16437
30	89	1.11524
30	92	1.20142
30	111	0.667087
30	128	0.649291
30	134	0.840273
30	146	1.14192
30	154	0.696114
30	172	1.23627
31	63	1.07914
31	67	1.1775
31	68	0.62079
31	74	1.21402
31	97	1.15959
31	101	1.13532
31	105	1.19409
31	107	1.16439
31	109	1.14593
31	129	0.769781
31	146	1.13494
31	157	0.721782
31	174	0.741547
32	67	0.74406
32	83	1.10051
32	89	0.867582
32	102	0.785378
32	143	1.03704
32	157	1.03685
32	167	1.05306
32	168	1.05386
32	170	0.989949
32	174	1.03129
32	176	1.09154
32	178	1.03149
32	180	0.973
33	22	1.20812
33	48	0.657005
33	58	1.13087
33	73	1.14741
33	77	1.1473
33	79	1.24771
33	94	1.10725
33	95	1.17896
33	98	1.13945
33	127	0.652574
33	136	0.737184
33	159	1.09847
33	175	0.806155
34	89	1.10129
34	92	1.18747
34	100	0.614109
34	102	1.07678
34	103	1.11408
34	122	0.68034
34	156	0.596199
34	160	1.17199
34	168	0.659373
34	172	1.22232
34	174	1.12448
34	177	1.08928
34	179	1.05168
34	180	1.06619
35	19	1.03306
35	25	1.15201
35	30	1.1433
35	62	1.08638
35	65	1.05372
35	70	1.12625
35	89	1.07711
35	92	1.1633
35	133	1.1743
35	154	0.732615
35	157	0.719893
35	170	0.834808
35	172	1.19815
35	178	0.766039
36	57	1.09273
36	77	0.745413
36	152	1.06491
36	158	0.779957
36	160	1.07897
36	164	0.961284
36	166	1.05562
36	169	1.06458
36	171	1.04165
36	175	0.974516
36	177	0.99626
36	178	1.03165
36	179	0.958653
36	180	0.973168
37	10	0.59923
37	47	0.813062
37	74	0.64588
37	149	1.15511
37	151	1.14275
37	165	1.15897
37	166	1.15288
37	170	1.08738
37	171	1.13891
37	172	0.585302
37	175	1.07178
37	177	1.09352
37	178	1.12892
37	180	1.07043
38	28	1.12987
38	99	1.16315
38	110	0.77029
38	119	1.13369
38	124	1.1447
38	132	1.081
38	137	0.797976
38	145	1.10386
38	147	1.09863
38	155	1.12019
38	156	1.11979
38	160	0.70482
38	167	1.10685
38	178	0.78556
39	8	1.03337
39	20	1.16928
39	42	1.09717
39	47	1.08189
39	55	1.05963
39	81	0.736003
39	83	1.1637
39	88	1.18118
39	128	0.679074
39	161	1.16745
39	166	0.700401
39	174	1.09448
39	176	1.15473
39	179	0.941075
40	9	1.14488
40	10	1.15972
40	14	1.00191
40	24	1.11081
40	26	1.09078
40	71	1.07389
40	75	1.1465
40	133	1.15387
40	171	0.68198
40	172	1.17772
40	174	0.694052
40	176	1.14013
40	177	0.781225
40	179	0.902187
41	44	1.07653
41	53	1.16847
41	59	1.15684
41	74	1.16342
41	97	1.10899
41	101	1.08473
41	105	1.14349
41	107	1.11379
41	109	1.09533
41	146	1.08434
41	160	0.601459
41	164	0.807255
41	175	0.786142
41	179	0.863953
42	8	1.03701
42	21	1.1382
42	39	1.09717
42	47	1.08553
42	55	1.06327
42	83	1.16734
42	88	1.18482
42	112	0.75219
42	131	0.742801
42	149	0.77187
42	161	1.17109
42	166	0.781498
42	174	1.09812
42	176	1.15837
43	24	0.590799
43	107	0.672917
43	143	0.711548
43	154	1.13963
43	155	0.631168
43	160	1.1912
43	164	1.07352
43	165	1.17394
43	173	1.1277
43	175	1.08675
43	177	1.10849
43	178	1.14389
43	179	1.07089
43	180	1.0854
44	41	1.07653
44	53	1.17873
44	63	1.0388
44	67	1.13716
44	74	1.17369
44	82	0.6099
44	97	1.11926
44	101	1.09499
44	105	1.15376
44	107	1.12406
44	109	1.10559
44	160	0.75845
44	163	0.744812
44	180	0.941311
45	69	1.22401
45	86	1.30386
45	87	1.22375
45	90	1.30371
45	96	1.30376
45	102	1.15957
45	103	1.19686
45	134	0.659635
45	136	0.583873
45	161	1.28023
45	162	0.49653
45	174	1.20727
45	175	0.652844
45	179	0.730655
46	4	1.1756
46	16	1.13046
46	108	1.11177
46	140	1.09321
46	143	1.09409
46	145	1.10711
46	148	1.09161
46	150	0.634672
46	153	1.1129
46	156	1.12305
46	161	1.1613
46	170	0.759004
46	179	0.871989
46	180	0.792357
47	20	1.15764
47	21	1.12292
47	37	0.813062
47	39	1.08189
47	42	1.08553
47	55	1.048
47	83	1.15206
47	88	1.16954
47	128	0.755066
47	156	0.553904
47	161	1.15581
47	163	0.740935
47	174	1.08285
47	176	1.14309
48	33	0.657005
48	96	0.582293
48	100	0.663523
48	128	1.18646
48	157	1.14932
48	164	1.07359
48	165	1.17401
48	168	0.708787
48	170	1.10242
48	173	1.12777
48	175	1.08682
48	178	1.14396
48	179	1.07095
48	180	1.08547
49	76	0.484906
49	99	1.30082
49	120	1.26653
49	138	1.22357
49	144	1.25315
49	147	1.23631
49	149	0.566764
49	155	1.25787
49	156	1.25747
49	159	1.1607
49	167	1.24453
49	175	0.739255
49	177	0.696103
49	178	0.635312
50	57	0.964865
50	121	1.14777
50	130	1.12181
50	140	1.10811
50	155	1.13834
50	156	1.13794
50	158	1.13141
50	167	1.125
50	168	1.12579
50	172	1.20107
50	174	0.704617
50	177	0.79179
50	178	0.730998
50	180	0.83312
51	52	1.26078
51	58	1.07263
51	60	1.21071
51	66	0.827553
51	73	1.08917
51	77	1.08906
51	78	0.76143
51	79	1.18947
51	94	1.04902
51	95	1.12072
51	98	1.08121
51	117	0.772394
51	159	1.04023
51	176	0.685246
52	51	1.26078
52	58	1.22429
52	73	1.24083
52	77	1.24071
52	79	1.34113
52	94	1.20067
52	95	1.27238
52	98	1.23287
52	114	0.703495
52	133	0.527095
52	152	0.60117
52	159	1.19188
52	176	0.568338
52	177	0.725588
53	13	0.514756
53	18	1.20946
53	41	1.16847
53	44	1.17873
53	59	1.25904
53	63	1.13074
53	97	1.21119
53	101	1.18693
53	105	1.24569
53	107	1.21599
53	109	1.19753
53	141	0.724841
53	162	0.626353
53	163	0.584346
53	164	0.80378
54	27	0.70703
54	124	0.751085
54	140	0.730971
54	160	1.15592
54	163	1.14112
54	164	1.03823
54	169	1.14153
54	170	1.06706
54	171	1.11859
54	172	0.618942
54	173	1.09242
54	175	1.05146
54	178	1.1086
54	179	1.0356
54	180	1.05012
55	8	0.999473
55	20	1.13538
55	21	1.10066
55	39	1.05963
55	42	1.06327
55	47	1.048
55	83	1.1298
55	88	1.14728
55	93	0.760642
55	114	0.906853
55	133	0.730453
55	161	1.13355
55	174	1.06059
55	176	1.12083
55	178	0.868155
56	27	0.503945
56	98	0.528695
56	120	0.592868
56	143	0.59256
56	150	1.22124
56	153	0.533541
56	162	1.25619
56	164	1.15837
56	165	1.2588
56	170	1.1872
56	175	1.1716
56	177	1.19335
56	178	1.22874
56	179	1.15574
56	180	1.17026
57	15	1.05691
57	36	1.09273
57	50	0.964865
57	91	1.0244
57	100	1.04955
57	116	1.00646
57	119	1.00568
57	120	1.00084
57	130	0.975654
57	145	0.975848
57	146	1.04311
57	150	0.992144
57	155	0.992178
57	167	0.978838
57	168	0.979637
58	33	1.13087
58	51	1.07263
58	52	1.22429
58	60	1.17421
58	68	0.683253
58	73	1.05268
58	77	1.05256
58	79	1.15298
58	94	1.01252
58	95	1.08423
58	98	1.04472
58	136	0.865363
58	159	1.00373
58	164	0.955446
58	169	0.749151
59	41	1.15684
59	53	1.25904
59	63	1.11911
59	67	1.21747
59	74	1.254
59	97	1.19957
59	101	1.1753
59	105	1.23407
59	107	1.20437
59	109	1.1859
59	117	0.695699
59	139	0.685628
59	157	0.658863
59	171	0.666556
59	176	0.60855
60	22	1.25146
60	51	1.21071
60	58	1.17421
60	73	1.19075
60	77	1.19064
60	79	1.29105
60	93	0.614442
60	94	1.15059
60	95	1.2223
60	98	1.18279
60	127	0.672317
60	139	0.702574
60	142	0.615007
60	159	1.1418
60	178	0.721955
61	2	0.862468
61	83	1.05844
61	98	1.01556
61	101	0.996881
61	114	0.961547
61	151	1.00325
61	153	1.01378
61	161	1.06219
61	167	1.01099
61	168	1.01179
61	174	0.98922
61	176	1.04947
61	178	0.989415
61	179	0.916413
61	180	0.930929
62	6	1.04059
62	19	1.01426
62	25	1.13321
62	30	1.1245
62	35	1.08638
62	65	1.03491
62	70	1.10744
62	89	1.05831
62	92	1.14449
62	113	0.833417
62	123	0.758784
62	126	0.698373
62	146	1.085
62	172	1.17935
62	175	0.967633
63	18	1.06953
63	31	1.07914
63	44	1.0388
63	53	1.13074
63	59	1.11911
63	67	1.08917
63	97	1.07126
63	101	1.047
63	105	1.10576
63	107	1.07606
63	109	1.0576
63	135	0.924208
63	150	0.825398
63	152	0.817334
63	159	0.973227
63	171	0.842508
64	69	1.22401
64	78	0.593207
64	86	1.30386
64	87	1.22375
64	90	1.30371
64	96	1.30376
64	102	1.15957
64	103	1.19686
64	161	1.28023
64	166	0.554561
64	173	0.662319
64	174	1.20727
64	176	0.517022
64	179	0.795235
65	6	1.00792
65	19	0.981591
65	25	1.10054
65	30	1.09184
65	35	1.05372
65	62	1.03491
65	70	1.07478
65	89	1.02565
65	92	1.11183
65	113	0.821456
65	114	0.890427
65	133	1.12283
65	146	1.05233
65	157	0.805583
65	159	0.943995
65	172	1.14668
66	26	0.771059
66	51	0.827553
66	124	0.785544
66	134	1.06151
66	152	1.11585
66	160	1.12991
66	161	0.688723
66	166	1.10656
66	170	1.04106
66	171	1.09258
66	173	1.06641
66	175	1.02545
66	177	1.0472
66	178	1.08259
66	179	1.00959
66	180	1.02411
67	18	1.16789
67	31	1.1775
67	32	0.74406
67	44	1.13716
67	59	1.21747
67	63	1.08917
67	74	1.22405
67	97	1.16962
67	101	1.14536
67	107	1.17442
67	109	1.15596
67	113	0.660896
67	141	0.737286
67	146	1.14497
67	152	0.627542
67	178	0.691169
68	15	0.597917
68	31	0.62079
68	58	0.683253
68	85	1.24189
68	139	1.19599
68	154	1.1607
68	158	0.587799
68	162	1.19241
68	167	0.583537
68	169	1.19789
68	170	1.12342
68	171	1.17495
68	173	1.14878
68	178	1.16496
68	179	1.09196
68	180	1.10647
69	29	1.13512
69	45	1.22401
69	64	1.22401
69	86	1.20877
69	87	1.12866
69	90	1.20862
69	96	1.20867
69	102	1.06448
69	103	1.10177
69	149	0.665645
69	154	0.700769
69	159	0.826459
69	160	0.653453
69	161	1.18515
69	166	0.675273
69	174	1.11218
70	6	1.08045
70	19	1.05412
70	25	1.17307
70	30	1.16437
70	35	1.12625
70	62	1.10744
70	65	1.07478
70	89	1.09818
70	92	1.18436
70	133	1.19536
70	135	1.0513
70	137	0.680721
70	146	1.12486
70	169	0.587066
70	172	1.21921
70	174	0.641924
70	180	0.770427
71	2	1.15475
71	9	1.15444
71	10	1.16928
71	11	1.1576
71	14	1.01148
71	24	1.12038
71	26	1.10035
71	40	1.07389
71	75	1.15607
71	133	1.16344
71	134	0.833362
71	139	0.703246
71	149	0.654079
71	163	0.628249
71	172	1.18729
71	176	1.14969
71	179	0.904381
72	92	0.587898
72	121	0.648714
72	124	0.586226
72	139	1.17298
72	145	0.631449
72	148	0.628639
72	150	1.13446
72	162	1.1694
72	165	1.17201
72	166	1.16592
72	169	1.17488
72	173	1.12577
72	175	1.08482
72	177	1.10656
72	178	1.14196
72	179	1.06895
72	180	1.08347
73	22	1.12993
73	33	1.14741
73	51	1.08917
73	52	1.24083
73	58	1.05268
73	60	1.19075
73	77	1.0691
73	79	1.16951
73	93	0.696544
73	94	1.02906
73	95	1.10076
73	98	1.06125
73	113	1.10288
73	149	0.735509
73	159	1.02027
73	160	0.723317
73	177	0.864849
73	180	0.906179
74	7	1.14252
74	18	1.20442
74	31	1.21402
74	37	0.64588
74	41	1.16342
74	44	1.17369
74	59	1.254
74	67	1.22405
74	81	0.644812
74	97	1.20615
74	101	1.18188
74	105	1.24065
74	107	1.21095
74	109	1.19248
74	113	0.637858
74	160	0.587391
74	174	0.64175
74	180	0.770252
75	2	1.22736
75	9	1.22705
75	10	1.24189
75	11	1.23021
75	14	1.08409
75	24	1.19299
75	26	1.17296
75	40	1.1465
75	71	1.15607
75	85	0.535688
75	127	0.613479
75	133	1.23605
75	152	0.59949
75	159	0.755382
75	172	1.2599
75	176	1.2223
75	177	0.723908
75	180	0.765238
76	5	0.604943
76	49	0.484906
76	91	0.587895
76	145	0.634513
76	152	1.25271
76	153	0.574831
76	164	1.14908
76	165	1.2495
76	166	1.24342
76	169	1.25238
76	170	1.17791
76	172	0.457147
76	173	1.20327
76	175	1.16231
76	177	1.18406
76	178	1.21945
76	179	1.14645
76	180	1.16096
77	22	1.12981
77	33	1.1473
77	36	0.745413
77	51	1.08906
77	52	1.24071
77	58	1.05256
77	60	1.19064
77	73	1.0691
77	79	1.1694
77	94	1.02895
77	95	1.10065
77	98	1.06114
77	113	1.10277
77	125	0.925399
77	129	0.702245
77	137	0.712808
77	159	1.02016
77	170	0.769162
78	51	0.76143
78	64	0.593207
78	88	1.18391
78	90	0.645044
78	101	0.681435
78	107	0.72535
78	124	1.15682
78	147	1.11076
78	148	1.10048
78	161	1.17017
78	168	1.11977
78	173	1.08122
78	174	1.09721
78	176	1.15745
78	177	1.06201
78	178	1.0974
78	179	1.0244
78	180	1.03892
79	22	1.23022
79	33	1.24771
79	51	1.18947
79	52	1.34113
79	58	1.15298
79	60	1.29105
79	73	1.16951
79	77	1.1694
79	94	1.12936
79	95	1.20106
79	98	1.16155
79	134	0.722322
79	159	1.12057
79	160	0.530848
79	175	0.715531
79	176	0.515129
79	179	0.793342
79	180	0.71371
80	99	1.15389
80	114	0.85342
80	130	1.09441
80	143	1.08158
80	144	1.10622
80	147	1.08937
80	148	1.0791
80	153	1.10039
80	155	1.11093
80	156	1.11054
80	158	1.10401
80	165	0.717867
80	166	0.755802
80	167	1.09759
80	168	1.09839
80	169	0.733483
80	172	1.17367
80	173	0.86356
81	39	0.736003
81	74	0.644812
81	102	0.709168
81	114	1.09965
81	125	1.05134
81	139	1.15854
81	151	1.14135
81	166	1.15148
81	168	0.730676
81	169	1.16044
81	170	1.08598
81	171	1.13751
81	172	0.584235
81	175	1.07038
81	177	1.09212
81	178	1.12752
81	179	1.05451
81	180	1.06903
82	22	0.606248
82	44	0.6099
82	122	0.545671
82	147	0.504945
82	148	0.55282
82	149	1.23881
82	150	1.20512
82	154	1.20836
82	162	1.24007
82	165	1.24267
82	168	0.524705
82	169	1.24555
82	170	1.17108
82	171	1.22261
82	175	1.15548
82	177	1.17722
82	179	1.13962
82	180	1.15413
83	8	1.10354
83	13	0.487466
83	20	1.23945
83	21	1.20473
83	32	1.10051
83	39	1.1637
83	42	1.16734
83	47	1.15206
83	55	1.1298
83	61	1.05844
83	88	1.25135
83	127	0.601796
83	129	0.653287
83	135	1.03443
83	161	1.23762
83	173	0.700272
83	174	1.16465
83	176	1.2249
83	178	0.651434
84	22	0.710979
84	141	1.17521
84	153	0.600679
84	154	1.17539
84	156	0.566262
84	157	1.18502
84	160	1.22697
84	161	0.518315
84	162	1.2071
84	166	1.20362
84	167	0.606116
84	171	1.18965
84	172	0.482994
84	173	1.16347
84	175	1.12252
84	177	1.14426
84	178	1.17966
84	179	1.10665
84	180	1.12117
85	29	0.645145
85	68	1.24189
85	75	0.535688
85	88	0.569917
85	109	0.605772
85	116	0.577804
85	147	0.606806
85	149	1.19895
85	157	1.17812
85	163	1.20527
85	165	1.20281
85	166	1.19672
85	169	1.20568
85	170	1.13122
85	175	1.11562
85	177	1.13736
85	178	1.17276
85	179	1.09975
85	180	1.11427
86	29	1.21497
86	45	1.30386
86	64	1.30386
86	69	1.20877
86	87	1.20851
86	90	1.28847
86	96	1.28852
86	102	1.14433
86	103	1.18162
86	112	0.550762
86	123	0.534084
86	127	0.589352
86	151	0.61183
86	159	0.731256
86	161	1.26499
86	164	0.764046
86	174	1.19203
87	13	0.558168
87	29	1.13486
87	45	1.22375
87	64	1.22375
87	69	1.12866
87	86	1.20851
87	90	1.20837
87	96	1.20841
87	102	1.06422
87	103	1.10151
87	151	0.694976
87	161	1.18489
87	166	0.663216
87	169	0.640897
87	174	1.11192
87	179	0.90389
88	8	1.12102
88	20	1.25693
88	21	1.22221
88	39	1.18118
88	42	1.18482
88	47	1.16954
88	55	1.14728
88	78	1.18391
88	83	1.25135
88	85	0.569917
88	111	0.634895
88	151	0.670186
88	159	0.789611
88	161	1.2551
88	162	0.644975
88	169	0.616106
88	174	1.18213
88	176	1.24238
89	6	1.03132
89	7	1.03675
89	19	1.00499
89	25	1.12394
89	30	1.11524
89	32	0.867582
89	34	1.10129
89	35	1.07711
89	62	1.05831
89	65	1.02565
89	70	1.09818
89	92	1.13523
89	127	0.765053
89	133	1.14623
89	146	1.07573
89	159	0.906957
89	169	0.733452
89	172	1.17008
89	174	0.78831
90	29	1.21482
90	45	1.30371
90	64	1.30371
90	69	1.20862
90	78	0.645044
90	86	1.28847
90	87	1.20837
90	93	0.557806
90	96	1.28838
90	102	1.14418
90	103	1.18148
90	142	0.55837
90	161	1.26485
90	163	0.570941
90	174	1.19188
90	177	0.72611
90	178	0.665318
91	57	1.0244
91	76	0.587895
91	118	1.1876
91	120	1.20653
91	132	1.15868
91	138	1.16358
91	140	1.16764
91	143	1.16852
91	145	1.18154
91	152	0.674675
91	153	1.18733
91	155	1.19787
91	157	0.692155
91	158	1.19095
91	165	0.641447
91	167	1.18453
91	168	1.18533
91	173	0.787139
91	178	0.738301
92	6	1.1175
92	19	1.09117
92	25	1.21012
92	30	1.20142
92	34	1.18747
92	35	1.1633
92	62	1.14449
92	65	1.11183
92	70	1.18436
92	72	0.587898
92	89	1.13523
92	133	1.23241
92	146	1.16191
92	159	0.833633
92	160	0.660627
92	162	0.688997
92	163	0.646989
92	171	0.702914
92	172	1.25626
93	11	0.505505
93	29	0.66506
93	55	0.760642
93	60	0.614442
93	73	0.696544
93	90	0.557806
93	101	1.16982
93	105	1.22859
93	106	1.19268
93	107	1.19888
93	109	1.18042
93	153	1.19051
93	158	1.19413
93	168	1.18851
93	170	1.1246
93	171	1.17613
93	173	1.14996
93	175	1.109
93	180	1.10765
94	17	1.27935
94	22	1.08977
94	33	1.10725
94	51	1.04902
94	52	1.20067
94	58	1.01252
94	60	1.15059
94	73	1.02906
94	77	1.02895
94	79	1.12936
94	95	1.06061
94	98	1.0211
94	113	1.06273
94	133	0.70335
94	141	0.887169
94	152	0.777425
94	159	0.980113
94	162	0.788681
94	164	0.966108
95	12	1.21727
95	22	1.16148
95	33	1.17896
95	51	1.12072
95	52	1.27238
95	58	1.08423
95	60	1.2223
95	73	1.10076
95	77	1.10065
95	79	1.20106
95	94	1.06061
95	98	1.0928
95	113	1.13443
95	125	0.935943
95	141	0.757054
95	151	0.683777
95	159	1.05182
95	165	0.614082
95	174	0.684555
95	178	0.710936
96	29	1.21487
96	45	1.30376
96	48	0.582293
96	64	1.30376
96	69	1.20867
96	86	1.28852
96	87	1.20841
96	90	1.28838
96	102	1.14423
96	103	1.18153
96	110	0.61223
96	128	0.547253
96	141	0.673617
96	146	0.622904
96	161	1.2649
96	173	0.676337
96	174	1.19193
97	18	1.14998
97	31	1.15959
97	41	1.10899
97	44	1.11926
97	53	1.21119
97	59	1.19957
97	63	1.07126
97	67	1.16962
97	74	1.20615
97	101	1.12745
97	105	1.18622
97	107	1.15651
97	109	1.13805
97	123	0.640776
97	135	1.00466
97	142	0.638734
97	152	0.682056
97	164	0.870738
97	177	0.806474
97	178	0.745682
98	12	1.17777
98	17	1.31155
98	22	1.12197
98	33	1.13945
98	51	1.08121
98	52	1.23287
98	56	0.528695
98	58	1.04472
98	60	1.18279
98	61	1.01556
98	73	1.06125
98	77	1.06114
98	79	1.16155
98	94	1.0211
98	95	1.0928
98	113	1.09492
98	141	0.766508
98	146	0.715795
98	159	1.01231
98	160	0.639651
98	170	0.78916
99	1	1.25667
99	38	1.16315
99	49	1.30082
99	80	1.15389
99	108	1.19693
99	111	0.605582
99	115	1.14997
99	137	0.680448
99	138	1.17431
99	145	1.19227
99	148	1.17677
99	149	0.599484
99	153	1.19806
99	158	1.20168
99	161	1.24647
99	167	1.19526
99	168	1.19606
99	171	0.62958
99	173	0.71687
99	176	0.571574
99	179	0.849787
100	34	0.614109
100	48	0.663523
100	57	1.04955
100	115	1.16438
100	119	1.23652
100	124	1.24752
100	127	0.659092
100	128	0.628483
100	132	1.18383
100	133	0.571028
100	138	1.18872
100	143	1.19366
100	145	1.20669
100	153	1.21247
100	155	1.22302
100	158	1.21609
100	161	1.26088
100	165	0.611875
100	167	1.20968
100	168	1.21048
100	177	0.769521
101	18	1.12572
101	31	1.13532
101	41	1.08473
101	44	1.09499
101	53	1.18693
101	59	1.1753
101	61	0.996881
101	63	1.047
101	67	1.14536
101	74	1.18188
101	78	0.681435
101	93	1.16982
101	97	1.12745
101	107	1.13225
101	109	1.11378
101	135	0.980397
101	139	0.682328
101	146	1.1028
101	150	0.646146
101	157	0.655563
101	159	0.793975
102	12	1.15114
102	17	1.28492
102	27	1.12895
102	29	1.07068
102	32	0.785378
102	34	1.07678
102	45	1.15957
102	64	1.15957
102	69	1.06448
102	81	0.709168
102	86	1.14433
102	87	1.06422
102	90	1.14418
102	96	1.14423
102	103	1.03733
102	113	0.702214
102	159	0.824753
102	161	1.1207
102	170	0.801256
102	174	1.04774
102	176	0.636028
103	12	1.18843
103	27	1.16624
103	29	1.10797
103	34	1.11408
103	45	1.19686
103	64	1.19686
103	69	1.10177
103	86	1.18162
103	87	1.10151
103	90	1.18148
103	96	1.18153
103	102	1.03733
103	110	0.643811
103	113	0.628808
103	135	1.04207
103	137	0.671496
103	159	0.751346
103	161	1.158
103	174	1.08503
103	178	0.659081
104	105	0.554697
104	118	0.613847
104	121	0.637908
104	128	1.21956
104	149	1.20326
104	151	1.1909
104	155	0.5396
104	157	1.18243
104	158	0.570661
104	160	1.22438
104	162	1.20451
104	163	1.20958
104	164	1.10669
104	168	0.589719
104	169	1.20999
104	171	1.18706
104	172	0.443277
104	175	1.11993
104	177	1.14167
104	178	1.17707
104	179	1.10406
104	180	1.11858
105	7	1.12259
105	18	1.18449
105	31	1.19409
105	41	1.14349
105	44	1.15376
105	53	1.24569
105	59	1.23407
105	63	1.10576
105	74	1.24065
105	93	1.22859
105	97	1.18622
105	104	0.554697
105	107	1.19102
105	109	1.17255
105	135	1.03917
105	146	1.16157
105	162	0.666602
105	166	0.660053
105	173	0.767811
105	174	0.692592
105	175	0.822916
105	176	0.622515
106	4	1.20944
106	93	1.19268
106	115	1.09865
106	122	1.14201
106	124	1.18179
106	132	1.11809
106	144	1.15257
106	146	0.757118
106	148	1.12545
106	151	0.734554
106	153	1.14674
106	155	1.15728
106	156	1.15689
106	158	1.15036
106	159	1.06012
106	163	0.667336
106	167	1.14394
106	168	1.14474
106	169	0.680475
106	172	1.22002
106	173	0.810552
106	174	0.735333
106	176	0.665255
107	18	1.15478
107	31	1.16439
107	41	1.11379
107	43	0.672917
107	44	1.12406
107	53	1.21599
107	59	1.20437
107	63	1.07606
107	67	1.17442
107	74	1.21095
107	78	0.72535
107	93	1.19888
107	97	1.15651
107	101	1.13225
107	105	1.19102
107	109	1.14285
107	113	0.715351
107	133	0.607922
107	135	1.00946
107	146	1.13187
107	151	0.718464
107	159	0.83789
107	165	0.64877
108	12	1.22227
108	17	0.485669
108	46	1.11177
108	99	1.19693
108	112	0.705199
108	116	1.16827
108	122	1.13871
108	124	1.17849
108	132	1.11479
108	138	1.11968
108	141	0.839544
108	144	1.14926
108	145	1.13765
108	147	1.13242
108	153	1.14344
108	154	0.760003
108	155	1.15398
108	156	1.15358
108	157	0.747281
108	162	0.741057
108	167	1.14064
108	168	1.14144
108	176	0.696969
109	7	1.07442
109	18	1.13632
109	31	1.14593
109	41	1.09533
109	44	1.10559
109	53	1.19753
109	59	1.1859
109	63	1.0576
109	67	1.15596
109	74	1.19248
109	85	0.605772
109	93	1.18042
109	97	1.13805
109	101	1.11378
109	105	1.17255
109	107	1.14285
109	131	0.635583
109	134	0.843935
109	135	0.990997
109	139	0.713819
109	146	1.1134
109	164	0.858256
109	177	0.793992
109	178	0.7332
110	10	0.606211
110	27	0.680371
110	38	0.77029
110	96	0.61223
110	103	0.643811
110	128	1.17501
110	129	1.13227
110	141	1.12807
110	148	0.766839
110	149	1.15871
110	151	1.14635
110	152	1.16577
110	154	1.12825
110	157	1.13788
110	163	1.16503
110	164	1.06214
110	165	1.16257
110	171	1.14251
110	172	0.592283
110	173	1.11633
110	175	1.07538
110	177	1.09712
110	178	1.13251
110	180	1.07403
111	30	0.667087
111	88	0.634895
111	99	0.605582
111	136	1.11015
111	138	0.692
111	139	1.16728
111	147	0.671784
111	151	1.15008
111	152	1.16951
111	160	1.18357
111	161	0.580423
111	163	1.16877
111	164	1.06588
111	165	1.1663
111	166	1.16021
111	168	0.691544
111	171	1.14624
111	173	1.12007
111	174	1.13605
111	175	1.07911
111	177	1.10085
111	178	1.13625
111	179	1.06325
111	180	1.07776
112	3	0.639749
112	42	0.75219
112	86	0.550762
112	108	0.705199
112	117	1.14136
112	130	0.721293
112	142	1.17666
112	147	0.646007
112	150	1.13024
112	152	1.171
112	154	1.13348
112	156	0.602592
112	160	1.18506
112	164	1.06737
112	165	1.1678
112	170	1.0962
112	171	1.14773
112	173	1.12156
112	175	1.0806
112	176	1.19779
112	177	1.10235
112	178	1.13774
112	179	1.06474
112	180	1.07925
113	62	0.833417
113	65	0.821456
113	67	0.660896
113	73	1.10288
113	74	0.637858
113	77	1.10277
113	94	1.06273
113	95	1.13443
113	98	1.09492
113	102	0.702214
113	103	0.628808
113	107	0.715351
113	116	1.16539
113	124	1.17561
113	155	1.1511
113	156	1.1507
113	163	1.14871
113	164	1.04582
113	167	1.13776
113	168	1.13856
113	169	1.14912
113	175	1.05905
113	177	1.08079
113	179	1.04319
113	180	1.0577
114	52	0.703495
114	55	0.906853
114	61	0.961547
114	65	0.890427
114	80	0.85342
114	81	1.09965
114	134	1.04687
114	136	1.04186
114	138	0.793149
114	152	1.10121
114	156	0.729518
114	157	1.07333
114	162	1.09541
114	163	1.10048
114	164	0.997588
114	165	1.09801
114	166	1.09192
114	169	1.10089
114	170	1.02642
114	173	1.05178
114	175	1.01082
114	177	1.03256
114	178	1.06796
114	179	0.994957
114	180	1.00947
115	1	1.15507
115	3	1.15563
115	5	1.16136
115	99	1.14997
115	100	1.16438
115	106	1.09865
115	120	1.11567
115	122	1.09174
115	126	0.634033
115	134	0.910084
115	138	1.07272
115	140	1.07678
115	143	1.07766
115	147	1.08545
115	153	1.09647
115	155	1.10701
115	156	1.10662
115	158	1.10009
115	162	0.746979
115	163	0.704972
115	167	1.09367
115	168	1.09447
115	174	0.772969
115	176	0.702891
115	179	0.981104
116	57	1.00646
116	85	0.577804
116	108	1.16827
116	113	1.16539
116	118	1.16967
116	121	1.18937
116	125	0.930238
116	130	1.16341
116	132	1.14074
116	133	0.56753
116	138	1.14564
116	139	0.685851
116	140	1.14971
116	143	1.15058
116	145	1.1636
116	147	1.15838
116	153	1.16939
116	154	0.671808
116	155	1.17993
116	156	1.17954
116	158	1.17301
116	162	0.652861
116	167	1.16659
116	168	1.16739
116	173	0.75407
116	175	0.809175
117	2	0.557986
117	7	0.86
117	51	0.772394
117	59	0.695699
117	112	1.14136
117	122	0.76565
117	128	1.14194
117	149	1.12564
117	150	1.09194
117	151	1.11328
117	154	1.09518
117	160	1.14676
117	161	0.633564
117	162	1.12689
117	163	1.13196
117	164	1.02907
117	167	0.721364
117	169	1.13237
117	170	1.05791
117	171	1.10944
117	173	1.08326
117	175	1.04231
117	177	1.06405
117	178	1.09944
117	179	1.02644
117	180	1.04096
118	3	1.204
118	91	1.1876
118	104	0.613847
118	116	1.16967
118	120	1.16404
118	122	1.14011
118	123	0.673216
118	124	1.17989
118	130	1.13886
118	133	0.64042
118	138	1.12109
118	143	1.12603
118	144	1.15067
118	145	1.13905
118	147	1.13382
118	153	1.14484
118	155	1.15538
118	158	1.14846
118	163	0.683744
118	166	0.719202
118	167	1.14204
118	168	1.14284
118	169	0.696883
118	171	0.739669
118	172	1.21812
118	175	0.882065
119	7	1.10855
119	38	1.13369
119	57	1.00568
119	100	1.23652
119	122	1.16388
119	124	1.20366
119	127	0.647213
119	137	0.709266
119	138	1.14486
119	140	1.14892
119	143	1.1498
119	144	1.17443
119	153	1.16861
119	155	1.17915
119	156	1.17875
119	158	1.17223
119	159	1.08199
119	161	1.21701
119	167	1.16581
119	168	1.16661
119	169	0.615611
119	174	0.670469
119	175	0.800794
119	176	0.600392
119	179	0.878605
119	180	0.798972
120	15	1.23904
120	49	1.26653
120	56	0.592868
120	57	1.00084
120	91	1.20653
120	115	1.11567
120	118	1.16404
120	126	0.619248
120	128	0.704318
120	132	1.13512
120	140	1.14408
120	143	1.14495
120	144	1.16959
120	145	1.15798
120	148	1.14247
120	153	1.16377
120	154	0.751141
120	155	1.17431
120	156	1.17391
120	157	0.738419
120	159	1.07715
120	163	0.690187
120	165	0.68771
120	167	1.16097
120	168	1.16177
120	170	0.853334
121	23	0.662881
121	28	1.18477
121	50	1.14777
121	72	0.648714
121	104	0.637908
121	116	1.18937
121	126	0.636867
121	132	1.1359
121	138	1.14079
121	140	1.14486
121	143	1.14573
121	144	1.17037
121	145	1.15876
121	147	1.15353
121	148	1.14325
121	149	0.733635
121	153	1.16454
121	155	1.17509
121	156	1.17469
121	158	1.16816
121	159	1.07793
121	165	0.705329
121	167	1.16175
121	168	1.16255
121	169	0.720944
121	174	0.775802
122	28	1.16006
122	34	0.68034
122	82	0.545671
122	106	1.14201
122	108	1.13871
122	115	1.09174
122	117	0.76565
122	118	1.14011
122	119	1.16388
122	124	1.17489
122	130	1.13385
122	132	1.11119
122	133	0.637259
122	138	1.11608
122	140	1.12015
122	145	1.13405
122	148	1.11854
122	149	0.706412
122	152	0.711334
122	153	1.13983
122	155	1.15038
122	156	1.14998
122	158	1.14345
122	162	0.72259
122	167	1.13704
122	168	1.13784
122	179	0.956715
123	7	0.764403
123	62	0.758784
123	86	0.534084
123	97	0.640776
123	118	0.673216
123	127	1.19407
123	129	1.14157
123	141	1.13737
123	143	0.67935
123	153	0.620331
123	157	1.14718
123	160	1.18913
123	161	0.537968
123	162	1.16926
123	163	1.17433
123	164	1.07144
123	165	1.17186
123	166	1.16577
123	169	1.17474
123	170	1.10027
123	171	1.1518
123	173	1.12563
123	175	1.08467
123	177	1.10641
123	178	1.14181
123	179	1.06881
123	180	1.08332
124	13	0.575728
124	17	0.431938
124	38	1.1447
124	54	0.751085
124	66	0.785544
124	72	0.586226
124	78	1.15682
124	100	1.24752
124	106	1.18179
124	108	1.17849
124	113	1.17561
124	118	1.17989
124	119	1.20366
124	122	1.17489
124	130	1.17363
124	140	1.15993
124	147	1.1686
124	148	1.15832
124	153	1.17961
124	154	0.706272
124	155	1.19016
124	156	1.18976
124	158	1.18323
124	160	0.658956
124	167	1.17682
124	168	1.17762
124	169	0.658457
124	171	0.701243
125	24	0.888513
125	77	0.925399
125	81	1.05134
125	95	0.935943
125	116	0.930238
125	127	1.07191
125	128	1.06215
125	134	0.998563
125	137	1.03128
125	147	0.959241
125	149	1.04584
125	152	1.05291
125	154	1.01539
125	157	1.02502
125	160	1.06697
125	164	0.949278
125	165	1.0497
125	166	1.04361
125	169	1.05258
125	170	0.978111
125	171	1.02964
125	172	0.832559
125	173	1.00347
125	175	0.96251
125	177	0.984254
125	178	1.01965
125	179	0.946647
125	180	0.961162
126	8	0.743608
126	62	0.698373
126	115	0.634033
126	120	0.619248
126	121	0.636867
126	138	0.589134
126	139	1.19577
126	140	0.554265
126	149	1.19094
126	150	1.15724
126	152	1.198
126	154	1.16048
126	157	1.17011
126	161	0.477557
126	162	1.19219
126	163	1.19726
126	164	1.09437
126	165	1.1948
126	166	1.18871
126	168	0.588678
126	169	1.19767
126	170	1.1232
126	171	1.17473
126	174	1.16455
126	175	1.1076
126	177	1.12935
126	178	1.16474
126	179	1.09174
126	180	1.10626
127	33	0.652574
127	60	0.672317
127	75	0.613479
127	83	0.601796
127	86	0.589352
127	89	0.765053
127	100	0.659092
127	119	0.647213
127	123	1.19407
127	125	1.07191
127	139	1.17911
127	142	1.187
127	145	0.735281
127	149	1.17428
127	151	1.16192
127	157	1.15345
127	162	1.17553
127	163	1.1806
127	164	1.07771
127	165	1.17814
127	166	1.17205
127	169	1.18101
127	170	1.10655
127	171	1.15808
127	173	1.1319
127	175	1.09095
127	177	1.11269
127	178	1.14809
127	179	1.07508
127	180	1.0896
128	4	0.647327
128	16	0.650334
128	30	0.649291
128	39	0.679074
128	47	0.755066
128	48	1.18646
128	96	0.547253
128	100	0.628483
128	104	1.21956
128	110	1.17501
128	117	1.14194
128	120	0.704318
128	125	1.06215
128	131	1.17011
128	138	0.674204
128	142	1.17724
128	157	1.14369
128	160	1.18564
128	163	1.17084
128	166	1.16229
128	169	1.17125
128	170	1.09679
128	171	1.14832
128	173	1.12214
128	175	1.08119
128	176	1.19838
128	177	1.10293
128	178	1.13833
128	179	1.06532
128	180	1.07984
129	31	0.769781
129	77	0.702245
129	83	0.653287
129	110	1.13227
129	123	1.14157
129	132	0.79991
129	134	1.0745
129	137	1.10721
129	151	1.10942
129	152	1.12884
129	153	0.72709
129	154	1.09132
129	156	0.692673
129	157	1.10095
129	163	1.1281
129	164	1.02521
129	165	1.12564
129	166	1.11955
129	167	0.732527
129	169	1.12851
129	170	1.05405
129	171	1.10558
129	172	0.609406
129	173	1.0794
129	174	1.09539
129	175	1.03845
129	177	1.06019
129	178	1.09558
129	179	1.02258
129	180	1.0371
130	5	1.20347
130	17	0.501763
130	28	1.15881
130	50	1.12181
130	57	0.975654
130	80	1.09441
130	112	0.721293
130	116	1.16341
130	118	1.13886
130	122	1.13385
130	124	1.17363
130	132	1.10993
130	136	0.844494
130	140	1.1189
130	142	0.702573
130	143	1.11977
130	144	1.14441
130	145	1.13279
130	147	1.12757
130	148	1.11729
130	150	0.753958
130	154	0.776097
130	155	1.14912
130	156	1.14873
130	158	1.1422
130	159	1.05196
130	165	0.712667
130	166	0.750601
130	167	1.13578
130	168	1.13658
130	170	0.87829
131	4	0.629957
131	5	0.657732
131	8	0.811307
131	15	0.647438
131	26	0.627594
131	42	0.742801
131	109	0.635583
131	128	1.17011
131	137	1.13923
131	141	1.12317
131	142	1.16652
131	145	0.687302
131	151	1.14144
131	152	1.16086
131	157	1.13297
131	160	1.17492
131	162	1.15505
131	163	1.16012
131	164	1.05724
131	165	1.15766
131	166	1.15157
131	167	0.633058
131	169	1.16053
131	170	1.08607
131	171	1.1376
131	173	1.11142
131	175	1.07047
131	177	1.09221
131	178	1.12761
131	179	1.0546
131	180	1.06912
132	28	1.13614
132	38	1.081
132	91	1.15868
132	100	1.18383
132	106	1.11809
132	108	1.11479
132	116	1.14074
132	120	1.13512
132	121	1.1359
132	122	1.11119
132	129	0.79991
132	130	1.10993
132	144	1.12174
132	145	1.11013
132	147	1.1049
132	148	1.09462
132	150	0.742495
132	152	0.734431
132	153	1.11591
132	156	1.12606
132	157	0.751912
132	158	1.11953
132	160	0.717318
132	161	1.16432
132	165	0.701203
132	167	1.11312
132	168	1.11392
132	169	0.716819
132	172	1.18919
132	173	0.846896
132	176	0.701599
133	6	1.12851
133	9	1.23442
133	11	1.23758
133	28	0.554389
133	35	1.1743
133	40	1.15387
133	52	0.527095
133	55	0.730453
133	65	1.12283
133	70	1.19536
133	71	1.16344
133	75	1.23605
133	89	1.14623
133	92	1.23241
133	94	0.70335
133	100	0.571028
133	107	0.607922
133	116	0.56753
133	118	0.64042
133	122	0.637259
133	158	0.597235
133	160	1.21694
133	166	1.19359
133	169	1.20255
133	172	1.26727
133	173	1.15344
133	176	1.22967
133	177	1.13423
133	178	1.16962
133	179	1.09662
133	180	1.11114
134	20	0.691075
134	30	0.840273
134	45	0.659635
134	66	1.06151
134	71	0.833362
134	79	0.722322
134	109	0.843935
134	114	1.04687
134	115	0.910084
134	125	0.998563
134	129	1.0745
134	135	0.955632
134	137	1.08637
134	141	1.0703
134	142	1.11366
134	151	1.08857
134	153	0.835972
134	154	1.07048
134	157	1.08011
134	160	1.12206
134	162	1.10219
134	163	1.10726
134	164	1.00437
134	166	1.09871
134	169	1.10767
134	171	1.08473
134	173	1.05856
134	176	1.13479
134	177	1.03935
134	178	1.07474
134	179	1.00174
134	180	1.01625
135	6	1.15395
135	11	0.996011
135	14	1.12224
135	63	0.924208
135	70	1.0513
135	83	1.03443
135	97	1.00466
135	101	0.980397
135	103	1.04207
135	105	1.03917
135	107	1.00946
135	109	0.990997
135	134	0.955632
135	141	0.972277
135	144	1.00691
135	146	0.980014
135	149	1.00291
135	155	1.01163
135	156	1.01123
135	158	1.00471
135	166	1.00068
135	167	0.998289
135	168	0.999088
135	169	1.00964
135	170	0.93518
135	171	0.986709
135	172	1.07436
135	173	0.960534
135	177	0.941323
135	178	0.976718
135	179	0.903716
135	180	0.918231
136	19	0.947189
136	26	0.760183
136	33	0.737184
136	45	0.583873
136	58	0.865363
136	111	1.11015
136	114	1.04186
136	130	0.844494
136	139	1.10076
136	142	1.10865
136	147	0.769207
136	149	1.09592
136	150	1.06223
136	152	1.10298
136	154	1.06547
136	157	1.0751
136	159	1.00748
136	160	1.11704
136	162	1.09718
136	163	1.10225
136	164	0.999357
136	165	1.09978
136	166	1.09369
136	167	0.765647
136	169	1.10266
136	170	1.02819
136	171	1.07972
136	173	1.05354
136	175	1.01259
136	177	1.03433
136	179	0.996726
136	180	1.01124
137	38	0.797976
137	70	0.680721
137	77	0.712808
137	99	0.680448
137	103	0.671496
137	119	0.709266
137	125	1.03128
137	129	1.10721
137	131	1.13923
137	134	1.08637
137	140	0.731998
137	141	1.10301
137	150	1.09995
137	151	1.12129
137	152	1.14071
137	154	1.10319
137	157	1.11282
137	159	1.0452
137	160	1.15477
137	161	0.65529
137	162	1.1349
137	163	1.13997
137	165	1.13751
137	166	1.13142
137	168	0.76641
137	169	1.14038
137	170	1.06592
137	173	1.09127
137	175	1.05031
137	177	1.07206
137	178	1.10745
137	179	1.03445
137	180	1.04897
138	3	1.17997
138	15	1.19608
138	17	0.446693
138	49	1.22357
138	91	1.16358
138	99	1.17431
138	100	1.18872
138	108	1.11968
138	111	0.692
138	114	0.793149
138	115	1.07272
138	116	1.14564
138	118	1.12109
138	119	1.14486
138	121	1.14079
138	122	1.11608
138	126	0.589134
138	128	0.674204
138	141	0.800568
138	143	1.102
138	144	1.12664
138	145	1.11502
138	147	1.1098
138	148	1.09952
138	155	1.13135
138	156	1.13096
138	158	1.12443
138	159	1.03419
138	167	1.11801
138	168	1.11881
138	175	0.858394
138	176	0.657993
138	178	0.754451
138	180	0.856573
139	1	0.645628
139	12	0.683996
139	24	0.644126
139	59	0.685628
139	60	0.702574
139	68	1.19599
139	71	0.703246
139	72	1.17298
139	81	1.15854
139	101	0.682328
139	109	0.713819
139	111	1.16728
139	116	0.685851
139	126	1.19577
139	127	1.17911
139	136	1.10076
139	141	1.12241
139	150	1.11935
139	151	1.14069
139	157	1.13222
139	160	1.17417
139	162	1.1543
139	163	1.15937
139	164	1.05648
139	166	1.15082
139	170	1.08532
139	171	1.13685
139	172	0.588172
139	175	1.06972
139	176	1.1869
139	177	1.09146
139	178	1.12685
139	179	1.05385
139	180	1.06837
140	5	1.18977
140	16	1.14244
140	46	1.09321
140	50	1.10811
140	54	0.730971
140	91	1.16764
140	115	1.07678
140	116	1.14971
140	119	1.14892
140	120	1.14408
140	121	1.14486
140	122	1.12015
140	124	1.15993
140	126	0.554265
140	130	1.1189
140	137	0.731998
140	144	1.13071
140	145	1.11909
140	147	1.11386
140	148	1.10358
140	151	0.692422
140	153	1.12488
140	155	1.13542
140	156	1.13502
140	158	1.1285
140	164	0.844638
140	165	0.622728
140	166	0.660662
140	167	1.12208
140	168	1.12288
140	172	1.19815
140	173	0.76842
140	175	0.823525
140	180	0.821704
141	2	0.613413
141	23	1.18298
141	53	0.724841
141	67	0.737286
141	84	1.17521
141	94	0.887169
141	95	0.757054
141	96	0.673617
141	98	0.766508
141	108	0.839544
141	110	1.12807
141	123	1.13737
141	131	1.12317
141	134	1.0703
141	135	0.972277
141	137	1.10301
141	138	0.800568
141	139	1.12241
141	146	1.09468
141	149	1.11758
141	150	1.08389
141	159	1.02913
141	160	1.1387
141	162	1.11883
141	164	1.02101
141	165	1.12144
