1	15	0.620945
1	34	0.56819
1	136	1.19605
1	155	1.22067
1	157	1.17872
1	160	1.17548
1	162	0.609932
1	163	0.594283
1	164	1.22223
1	168	1.20297
1	174	1.19688
1	179	1.207
2	22	1.04825
2	48	0.858559
2	66	0.784721
2	149	1.09047
2	152	1.04529
2	158	1.07887
2	161	1.06047
2	163	0.751536
2	167	1.06806
2	175	1.07556
2	176	1.06532
2	179	1.06771
3	6	1.10911
3	34	1.22887
3	89	1.19485
3	91	1.1783
3	96	1.15556
3	100	0.601894
3	116	0.574606
3	145	0.6413
3	149	0.581462
3	168	1.2043
3	178	1.26077
3	180	1.26824
4	106	0.810504
4	117	0.806364
4	152	1.03698
4	158	1.07056
4	165	1.06799
4	167	1.05975
4	171	1.04747
4	173	0.777891
4	175	1.06725
4	177	1.0713
4	179	1.0594
4	180	1.11932
5	18	0.615025
5	92	1.2779
5	94	1.19531
5	127	1.18491
5	128	1.17638
5	129	1.16294
5	130	1.20813
5	151	1.18659
5	155	0.589819
5	165	0.597927
5	168	0.605148
5	174	1.20785
6	3	1.10911
6	80	1.07603
6	89	1.04274
6	91	1.02619
6	96	1.00344
6	112	1.06553
6	144	0.810905
6	158	0.793458
6	161	0.800701
6	168	1.05218
6	178	1.10865
6	180	1.11613
7	32	1.21739
7	34	1.20784
7	48	1.13023
7	52	1.20052
7	89	1.17382
7	111	0.669444
7	132	0.617012
7	159	0.572803
7	166	0.54521
7	168	1.18326
7	178	1.23973
7	180	1.24721
8	32	1.22631
8	34	1.21676
8	35	1.13378
8	40	0.546379
8	89	1.18274
8	96	1.14344
8	97	0.695434
8	167	0.592017
8	168	1.19218
8	174	0.573744
8	178	1.24865
8	180	1.25613
9	151	1.03042
9	153	1.06534
9	156	1.05099
9	159	0.820499
9	162	1.07207
9	163	1.07283
9	164	0.776252
9	170	1.05747
9	172	1.06424
9	173	1.0724
9	175	0.808797
9	178	1.11424
10	66	1.06334
10	131	1.05775
10	142	1.04126
10	154	1.07366
10	162	1.07706
10	163	1.07783
10	170	1.06246
10	172	1.06923
10	173	1.0774
10	174	0.801941
10	175	0.789236
10	179	0.814134
11	33	0.576494
11	87	1.21832
11	109	1.18184
11	119	1.20177
11	128	1.18761
11	129	1.17417
11	130	1.21937
11	151	1.19783
11	152	0.658252
11	172	0.625662
11	174	1.21908
11	180	0.543848
12	36	0.789117
12	138	0.804336
12	152	1.04289
12	155	1.07898
12	164	1.08054
12	167	1.06565
12	169	0.800789
12	171	1.05337
12	175	1.07315
12	176	1.06291
12	177	1.0772
12	179	1.0653
13	37	0.820015
13	97	1.0235
13	103	0.825406
13	109	0.74961
13	158	1.07593
13	160	1.03326
13	161	1.05754
13	165	1.07337
13	175	1.07263
13	176	1.06239
13	177	1.07668
13	180	1.1247
14	27	1.11746
14	43	0.715586
14	117	1.14651
14	126	0.653273
14	148	1.14501
14	149	0.617576
14	150	1.17121
14	163	1.17094
14	169	1.16043
14	170	1.15557
14	172	1.16235
14	173	1.17051
14	176	0.620506
15	1	0.620945
15	84	0.675974
15	123	1.15871
15	124	1.16288
15	148	1.14284
15	149	0.661106
15	150	1.16904
15	151	1.12636
15	169	1.15826
15	170	1.1534
15	172	1.16017
15	173	1.16834
15	175	0.647488
16	44	1.14222
16	96	0.720143
16	103	1.12268
16	111	1.15761
16	113	1.13268
16	120	1.16415
16	131	1.17868
16	133	1.13163
16	134	1.20816
16	142	1.16219
16	144	0.614678
16	160	0.639811
16	174	0.628699
17	21	1.00842
17	68	1.1248
17	81	0.901098
17	135	0.866341
17	145	1.00278
17	147	0.838647
17	153	1.0394
17	156	1.02505
17	163	1.04689
17	169	1.03638
17	170	1.03152
17	172	1.0383
17	173	1.04646
18	5	0.615025
18	56	0.653041
18	71	1.11707
18	127	0.675851
18	139	1.18713
18	143	1.15166
18	152	1.14126
18	157	1.13539
18	164	1.17891
18	170	0.649811
18	171	1.15174
18	176	1.16128
18	177	1.17557
19	75	1.10706
19	151	1.12515
19	153	1.16007
19	154	1.1634
19	158	0.630427
19	160	0.673007
19	169	1.15705
19	170	1.1522
19	172	1.15897
19	173	1.16713
19	175	0.64919
19	177	0.654251
19	178	1.20897
20	90	0.588065
20	104	1.15832
20	127	0.666917
20	128	0.711885
20	152	1.13458
20	155	1.17067
20	160	1.12549
20	163	0.624666
20	165	1.16559
20	175	1.16485
20	176	1.15461
20	177	1.1689
20	179	1.157
21	17	1.00842
21	118	1.10816
21	124	1.13313
21	125	0.732234
21	140	0.728989
21	153	1.13152
21	156	1.11718
21	158	0.663807
21	169	1.1285
21	170	1.12365
21	172	1.13042
21	173	1.13859
21	175	0.68257
21	178	1.18043
22	2	1.04825
22	25	1.09885
22	51	0.693095
22	97	1.09469
22	125	1.11922
22	156	0.727028
22	163	0.680208
22	164	1.1512
22	165	1.14456
22	173	0.692793
22	174	1.12584
22	176	1.13357
22	177	1.14786
22	179	1.13596
23	55	1.12394
23	97	0.803316
23	105	1.16016
23	118	1.09468
23	144	1.10558
23	145	1.08143
23	164	0.636376
23	169	1.11503
23	170	1.11017
23	172	1.11695
23	173	1.12511
23	177	0.673982
23	178	1.16695
23	179	0.693818
24	71	0.769703
24	117	1.10727
24	118	1.10084
24	140	0.708126
24	141	0.623087
24	154	1.12753
24	156	1.10986
24	162	1.13093
24	163	1.1317
24	169	1.12118
24	170	1.11633
24	171	0.706966
24	172	1.1231
24	173	1.13127
25	22	1.09885
25	92	0.646237
25	127	0.729968
25	135	1.09476
25	139	1.14176
25	158	1.12946
25	161	1.11107
25	164	1.13354
25	172	0.716329
25	173	0.700302
25	175	1.12615
25	176	1.11591
25	177	1.1302
25	179	1.1183
26	62	0.697032
26	65	1.12225
26	73	1.18763
26	113	1.07451
26	116	1.12523
26	120	1.10598
26	131	1.12051
26	133	1.07346
26	134	1.14999
26	142	1.10402
26	154	1.13643
26	158	0.704982
26	179	0.748643
26	180	0.653123
27	14	1.11746
27	45	0.745775
27	84	0.685636
27	136	0.692145
27	144	1.10405
27	148	1.09808
27	150	1.12428
27	154	1.11984
27	157	0.684537
27	162	1.12324
27	170	1.10864
27	172	1.11541
27	173	1.12358
27	178	1.16542
28	43	0.777726
28	48	1.06636
28	52	1.13665
28	59	1.13125
28	91	1.0934
28	96	1.07065
28	112	1.13274
28	127	1.09036
28	157	0.693484
28	162	0.664323
28	168	1.11939
28	170	0.664886
28	178	1.17586
28	180	1.18334
29	35	1.07242
29	37	1.08149
29	40	0.64352
29	58	1.16575
29	97	0.792575
29	98	1.14344
29	102	1.14392
29	108	1.17591
29	109	1.08749
29	129	1.07982
29	130	1.12501
29	152	0.70196
29	159	0.669882
29	174	1.12473
30	38	1.16116
30	107	0.741102
30	122	1.14334
30	139	0.665145
30	145	1.07675
30	148	1.09494
30	159	0.693842
30	162	1.1201
30	166	1.10323
30	170	1.1055
30	172	1.11227
30	173	1.12044
30	178	1.16227
30	179	0.707037
31	38	0.661609
31	127	0.776327
31	133	0.866835
31	140	1.06698
31	141	1.09013
31	149	1.10909
31	158	1.09749
31	164	1.10157
31	165	1.09492
31	167	1.08668
31	171	1.0744
31	175	1.09418
31	177	1.09823
31	178	0.687641
31	179	1.08633
32	7	1.21739
32	8	1.22631
32	34	1.20606
32	52	1.19874
32	80	1.20533
32	84	0.611135
32	91	1.15549
32	114	1.12579
32	132	0.63856
32	144	0.581332
32	168	1.18149
32	174	0.595353
32	175	0.582648
32	178	1.23796
32	180	1.24543
33	11	0.576494
33	112	0.610766
33	116	0.607034
33	153	0.602614
33	155	1.20561
33	157	1.16366
33	158	1.2031
33	164	1.20717
33	165	1.20053
33	167	1.19229
33	171	1.18001
33	173	0.595435
33	177	1.20384
33	179	1.19194
33	180	1.25186
34	1	0.56819
34	3	1.22887
34	7	1.20784
34	8	1.21676
34	32	1.20606
34	80	1.19579
34	85	0.606947
34	89	1.1625
34	91	1.14595
34	154	0.609692
34	168	1.17194
34	177	0.599794
34	178	1.22841
34	179	0.61963
34	180	1.23589
35	8	1.13378
35	29	1.07242
35	93	0.696611
35	94	1.07034
35	112	1.10231
35	128	1.0514
35	129	1.03796
35	151	1.06161
35	155	0.767214
35	166	0.763755
35	168	1.08896
35	174	1.08287
35	175	0.779646
35	178	1.14543
35	180	1.15291
36	12	0.789117
36	37	1.07812
36	64	1.1234
36	87	1.1206
36	98	1.14007
36	108	1.17254
36	110	0.710738
36	119	1.10405
36	128	1.08989
36	130	1.12164
36	135	0.658337
36	146	1.12834
36	174	1.12136
36	179	0.647432
37	13	0.820015
37	29	1.08149
37	36	1.07812
37	92	1.16199
37	94	1.07941
37	102	1.11113
37	108	1.14312
37	119	1.07463
37	128	1.06047
37	129	1.04703
37	136	0.760914
37	151	1.07068
37	161	0.714398
37	166	0.710027
37	174	1.09194
38	30	1.16116
38	31	0.661609
38	71	0.656356
38	121	1.15845
38	138	1.18828
38	147	0.556468
38	150	1.21806
38	153	1.21029
38	159	0.560062
38	162	1.21702
38	163	1.21779
38	170	1.20242
38	172	1.20919
38	173	1.21736
38	179	0.573257
39	41	0.704748
39	86	0.752259
39	122	1.12332
39	137	0.793726
39	141	0.757374
39	146	1.08667
39	151	1.05843
39	156	1.079
39	162	1.10007
39	163	1.10084
39	166	1.08321
39	169	1.09033
39	170	1.08547
39	172	1.09224
39	173	1.10041
40	8	0.546379
40	29	0.64352
40	53	0.607271
40	73	0.582597
40	134	0.61492
40	138	1.17472
40	169	1.19372
40	170	1.18886
40	172	1.19564
40	173	1.2038
40	175	1.20104
40	176	1.1908
40	177	1.20509
40	179	1.1932
40	180	1.25312
41	39	0.704748
41	67	1.17703
41	131	0.578125
41	151	0.617316
41	153	0.549345
41	155	1.21529
41	157	1.17334
41	159	1.20396
41	164	1.21686
41	169	0.542961
41	171	1.18969
41	175	1.20947
41	176	1.19923
41	177	1.21352
41	179	1.20162
42	66	1.20557
42	72	1.26553
42	73	1.26711
42	79	1.17303
42	103	1.14398
42	107	0.678526
42	111	1.17891
42	131	1.19998
42	133	1.15293
42	134	1.22946
42	142	1.18349
42	166	0.603672
42	173	0.614727
42	178	0.555707
42	180	0.548941
43	14	0.715586
43	28	0.777726
43	66	1.09032
43	69	0.757052
43	131	1.08473
43	133	1.03767
43	134	1.11421
43	142	1.06824
43	158	1.10493
43	159	1.09612
43	165	1.10237
43	167	1.09412
43	169	0.745835
43	175	1.10162
43	177	1.10567
44	16	1.14222
44	49	1.06878
44	50	1.07614
44	60	1.14633
44	66	1.10645
44	68	0.651943
44	83	1.13586
44	103	1.04486
44	113	1.05486
44	120	1.08633
44	133	1.05381
44	142	1.08437
44	161	0.794108
44	176	0.822176
44	180	0.735005
45	27	0.745775
45	69	0.734049
45	116	0.733637
45	119	0.780573
45	137	1.07506
45	140	1.07078
45	147	1.08916
45	155	1.10381
45	158	1.1013
45	161	1.0829
45	165	1.09873
45	167	1.09049
45	175	1.09799
45	176	1.08775
45	177	1.10204
46	50	1.06832
46	60	1.13851
46	65	1.09477
46	78	1.16281
46	111	1.07197
46	113	1.04703
46	118	0.781792
46	120	1.07851
46	131	1.09304
46	133	1.04598
46	134	1.12252
46	141	0.710466
46	142	1.07655
46	161	0.737566
46	179	0.773983
47	106	0.771064
47	122	0.711252
47	129	0.831739
47	135	1.06507
47	149	1.11138
47	155	1.10229
47	159	1.09096
47	165	1.09721
47	168	1.08459
47	171	1.07668
47	175	1.09646
47	176	1.08622
47	177	1.10051
47	178	0.679431
47	179	1.08862
48	2	0.858559
48	7	1.13023
48	28	1.06636
48	77	1.06395
48	80	1.11818
48	91	1.06834
48	96	1.04559
48	114	1.03863
48	122	0.695813
48	127	1.0653
48	143	0.73588
48	166	0.711958
48	168	1.09433
48	178	1.1508
48	180	1.15828
49	44	1.06878
49	50	1.08052
49	66	1.11083
49	72	1.17079
49	79	1.07829
49	103	1.04924
49	111	1.08417
49	115	1.11974
49	120	1.09071
49	133	1.05819
49	141	0.730418
49	142	1.08875
49	157	0.796424
49	174	0.781742
49	180	0.698415
50	44	1.07614
50	46	1.06832
50	49	1.08052
50	79	1.08565
50	103	1.0566
50	113	1.0666
50	114	0.809782
50	116	1.11732
50	120	1.09807
50	131	1.1126
50	134	1.14208
50	142	1.09611
50	150	0.719276
50	160	0.757062
50	166	0.717354
51	22	0.693095
51	89	0.653506
51	121	1.12064
51	138	1.15047
51	148	1.15405
51	149	0.647332
51	153	1.17249
51	156	1.15814
51	162	1.17921
51	163	1.17998
51	169	1.16947
51	170	1.16461
51	172	1.17138
51	173	1.17955
51	174	0.646417
51	180	0.56309
52	7	1.20052
52	28	1.13665
52	32	1.19874
52	77	1.13424
52	89	1.15518
52	96	1.11588
52	97	0.716425
52	100	0.616081
52	114	1.10892
52	125	0.631694
52	127	1.13559
52	132	0.637942
52	168	1.16462
52	178	1.22109
52	179	0.606927
52	180	1.22857
53	40	0.607271
53	57	0.592489
53	74	0.692772
53	87	1.16178
53	92	1.2326
53	102	1.18173
53	108	1.21372
53	109	1.1253
53	123	0.633973
53	128	1.13107
53	129	1.11763
53	130	1.16282
53	132	0.677842
53	146	1.16953
53	151	1.14128
53	174	1.16254
54	80	1.21444
54	96	1.14185
54	106	0.603728
54	117	0.599588
54	134	0.567284
54	137	1.17954
54	145	0.649409
54	168	1.19059
54	171	1.18268
54	173	0.571115
54	175	1.20246
54	176	1.19222
54	178	1.24706
54	179	1.19462
54	180	1.25454
55	23	1.12394
55	105	1.21051
55	107	0.68439
55	121	1.11655
55	122	1.19837
55	138	1.14638
55	141	0.586808
55	148	1.14996
55	157	0.652815
55	162	1.17512
55	163	1.17589
55	167	0.656406
55	168	0.628325
55	170	1.16052
55	172	1.16729
55	173	1.17546
56	18	0.653041
56	58	1.20593
56	61	0.602053
56	63	1.15711
56	82	1.20971
56	94	1.15237
56	108	1.21609
56	109	1.12767
56	119	1.14759
56	128	1.13344
56	129	1.12
56	130	1.16519
56	158	0.621504
56	171	0.685526
56	174	1.16491
56	177	0.645329
57	53	0.592489
57	66	0.624569
57	110	1.13304
57	117	0.632442
57	133	0.724143
57	141	1.1739
57	158	1.18125
57	159	1.17244
57	160	1.13858
57	161	1.16286
57	171	1.15816
57	172	0.619997
57	174	1.15997
57	176	1.1677
57	177	1.18199
57	179	1.1701
58	29	1.16575
58	56	1.20593
58	94	1.16366
58	109	1.13896
58	119	1.15888
58	124	0.63844
58	128	1.14473
58	129	1.13129
58	130	1.17648
58	140	0.658453
58	146	1.18318
58	151	1.15494
58	167	0.643012
58	174	1.1762
58	176	0.628582
58	179	0.636931
59	28	1.13125
59	69	0.618755
59	72	0.572913
59	96	1.11048
59	133	0.726916
59	148	0.663506
59	159	1.16559
59	160	1.13174
59	162	0.609805
59	167	1.1636
59	168	1.15922
59	176	1.16086
59	177	1.17515
59	178	1.21569
59	179	1.16325
59	180	1.22317
60	44	1.14633
60	46	1.13851
60	100	0.659182
60	103	1.12679
60	113	1.13679
60	116	1.18751
60	120	1.16826
60	123	0.637173
60	131	1.18279
60	133	1.13574
60	134	1.21227
60	136	0.660126
60	142	1.1663
60	144	0.623814
60	154	1.19871
60	175	0.62513
61	56	0.602053
61	86	1.14748
61	91	0.668321
61	94	0.650877
61	112	0.610529
61	120	0.660989
61	149	1.18332
61	155	1.17423
61	157	1.13227
61	161	1.15332
61	167	1.1609
61	171	1.14862
61	174	1.15043
61	175	1.1684
61	179	1.16055
61	180	1.22047
62	26	0.697032
62	70	1.20802
62	100	0.645586
62	138	1.13911
62	150	1.16889
62	153	1.16113
62	156	1.14678
62	162	1.16786
62	163	1.16862
62	169	1.15811
62	170	1.15326
62	172	1.16003
62	173	1.16819
62	174	0.62424
62	175	0.611535
62	176	0.628083
63	56	1.15711
63	64	1.12942
63	82	1.17218
63	87	1.12662
63	93	0.60183
63	98	1.14609
63	100	0.718916
63	102	1.14657
63	108	1.17856
63	119	1.11006
63	128	1.09591
63	129	1.08247
63	130	1.12766
63	138	0.684369
63	144	0.683549
63	167	0.715843
63	174	1.12738
64	36	1.1234
64	63	1.12942
64	92	1.20728
64	94	1.12469
64	98	1.15593
64	101	0.673426
64	102	1.15641
64	109	1.09998
64	119	1.11991
64	129	1.09231
64	130	1.1375
64	132	0.728627
64	141	0.634096
64	151	1.11596
64	152	0.716496
64	166	0.656825
64	174	1.13722
65	26	1.12225
65	46	1.09477
65	73	1.20618
65	83	1.17406
65	103	1.08306
65	111	1.11799
65	120	1.12453
65	131	1.13906
65	133	1.09201
65	134	1.16854
65	139	0.653515
65	142	1.12257
65	152	0.714291
65	154	1.15498
65	165	0.666185
65	167	0.701488
65	168	0.673407
66	2	0.784721
66	10	1.06334
66	42	1.20557
66	43	1.09032
66	44	1.10645
66	49	1.11083
66	57	0.624569
66	72	1.20846
66	77	1.11755
66	113	1.09691
66	131	1.14291
66	134	1.17239
66	142	1.12643
66	152	0.697792
66	154	1.15883
66	155	0.641579
66	168	0.656908
67	41	1.17703
67	135	1.10728
67	137	1.11576
67	139	1.15429
67	146	0.714663
67	149	1.15359
67	150	0.679511
67	159	1.13317
67	160	1.09932
67	162	0.691706
67	163	0.676058
67	171	1.1189
67	175	1.13868
67	176	1.12844
67	177	1.14273
67	178	0.629624
67	179	1.13083
68	17	1.1248
68	44	0.651943
68	97	0.618959
68	110	0.572767
68	121	1.19606
68	135	0.520366
68	153	1.2479
68	162	1.25463
68	163	1.25539
68	166	1.23776
68	167	0.515542
68	169	1.24488
68	170	1.24003
68	171	0.529823
68	172	1.2468
68	173	1.25496
68	178	1.2968
69	43	0.757052
69	45	0.734049
69	59	0.618755
69	124	1.14214
69	138	1.11852
69	145	1.10392
69	146	1.13386
69	153	1.14053
69	156	1.12619
69	162	1.14726
69	166	1.13039
69	168	0.648321
69	169	1.13751
69	170	1.13266
69	172	1.13943
69	173	1.1476
69	175	0.645424
70	62	1.20802
70	121	1.15755
70	126	0.645133
70	145	1.17277
70	148	1.19095
70	150	1.21716
70	155	0.583386
70	156	1.19504
70	159	0.607521
70	162	1.21612
70	163	1.21689
70	166	1.19925
70	170	1.20152
70	171	0.641077
70	172	1.20829
70	173	1.21645
70	174	0.608523
70	180	0.525196
71	18	1.11707
71	24	0.769703
71	38	0.656356
71	84	1.10405
71	136	1.09786
71	140	1.08946
71	149	1.13157
71	160	1.0773
71	164	1.12405
71	167	1.10916
71	170	0.745033
71	171	1.09688
71	173	0.741407
71	175	1.11666
71	176	1.10642
71	177	1.12071
71	178	0.682388
71	179	1.10881
72	42	1.26553
72	49	1.17079
72	59	0.572913
72	66	1.20846
72	79	1.17592
72	83	1.23787
72	113	1.15687
72	120	1.18834
72	125	0.649246
72	131	1.20287
72	133	1.15582
72	134	1.23235
72	142	1.18638
72	154	1.21879
72	155	0.587149
72	166	0.583691
72	168	0.602478
72	172	0.610772
73	26	1.18763
73	40	0.582597
73	42	1.26711
73	65	1.20618
73	83	1.23944
73	85	0.60947
73	103	1.14845
73	104	0.602683
73	111	1.18338
73	113	1.15844
73	115	1.21895
73	116	1.20917
73	120	1.18992
73	133	1.15739
73	134	1.23393
73	149	0.610875
73	166	0.581365
73	179	0.622154
74	53	0.692772
74	77	0.781197
74	82	0.694469
74	125	1.09255
74	135	1.08575
74	139	1.13276
74	143	1.09728
74	147	1.10831
74	159	1.11164
74	165	1.11789
74	167	1.10965
74	171	1.09736
74	172	0.720281
74	173	0.704253
74	174	1.09917
74	175	1.11714
74	177	1.12119
74	179	1.1093
75	19	1.10706
75	88	1.09935
75	105	1.1516
75	117	1.09255
75	126	0.748727
75	140	0.745831
75	144	1.09703
75	148	1.09105
75	155	0.686979
75	156	1.09514
75	160	0.723229
75	162	1.11622
75	163	1.11698
75	169	1.10647
75	170	1.10161
75	172	1.10839
75	173	1.11655
75	177	0.704473
76	87	0.866509
76	108	0.847921
76	109	0.92782
76	125	1.00998
76	142	0.951995
76	145	0.993649
76	148	1.01183
76	150	1.03803
76	167	1.02707
76	169	1.02725
76	171	1.01479
76	172	1.02916
76	173	1.03733
76	175	1.03457
76	176	1.02433
76	177	1.03862
76	179	1.02673
76	180	1.08664
77	48	1.06395
77	52	1.13424
77	66	1.11755
77	74	0.781197
77	91	1.09098
77	111	1.09089
77	114	1.06128
77	120	1.09743
77	131	1.11196
77	133	1.06491
77	141	0.671736
77	142	1.09547
77	144	0.709039
77	159	0.722058
77	168	1.11698
77	174	0.72306
77	178	1.17345
77	180	1.18093
78	46	1.16281
78	94	0.63324
78	113	1.16109
78	118	0.615103
78	124	0.608804
78	131	1.20709
78	134	1.23657
78	136	1.20519
78	142	1.1906
78	148	0.634323
78	154	1.22301
78	157	1.18786
78	160	1.18463
78	161	1.20891
78	162	0.580623
78	171	1.20421
78	177	1.22804
78	178	0.518541
79	42	1.17303
79	49	1.07829
79	50	1.08565
79	72	1.17592
79	83	1.14537
79	103	1.05437
79	111	1.0893
79	113	1.06437
79	131	1.11037
79	133	1.06332
79	134	1.13985
79	142	1.09388
79	154	1.12629
79	160	0.74041
79	164	0.684048
79	166	0.700702
79	171	0.761852
79	177	0.721655
80	6	1.07603
80	32	1.20533
80	34	1.19579
80	48	1.11818
80	54	1.21444
80	89	1.16177
80	91	1.14522
80	96	1.12247
80	101	0.632585
80	112	1.18456
80	127	1.14218
80	137	0.629608
80	143	0.639906
80	144	0.630559
80	155	0.619443
80	157	0.659262
80	168	1.17121
80	178	1.22768
80	180	1.23516
81	17	0.901098
81	90	0.654784
81	94	0.75965
81	111	1.06464
81	120	1.07118
81	131	1.08571
81	133	1.03866
81	134	1.11519
81	136	1.08381
81	142	1.06922
81	145	0.782264
81	150	0.694838
81	154	1.10163
81	168	1.09073
81	171	1.08283
81	175	1.10261
81	176	1.09237
81	177	1.10666
81	179	1.09476
82	56	1.20971
82	63	1.17218
82	74	0.694469
82	94	1.16745
82	98	1.19869
82	109	1.14274
82	119	1.16267
82	127	1.15704
82	128	1.14851
82	129	1.13507
82	130	1.18026
82	136	0.658623
82	144	0.622311
82	146	1.18697
82	147	0.631735
82	151	1.15873
82	155	0.611195
82	164	0.591082
82	174	1.17998
83	44	1.13586
83	65	1.17406
83	72	1.23787
83	73	1.23944
83	79	1.14537
83	101	0.622221
83	103	1.11632
83	111	1.15125
83	115	1.18682
83	120	1.15779
83	126	0.670826
83	131	1.17232
83	133	1.12527
83	134	1.2018
83	142	1.15583
83	161	0.609991
83	166	0.60562
83	171	0.66677
83	172	0.632702
84	15	0.675974
84	27	0.685636
84	32	0.611135
84	71	1.10405
84	112	0.677229
84	130	0.680555
84	135	1.12711
84	136	1.1397
84	140	1.1313
84	143	1.13864
84	157	1.12237
84	159	1.153
84	162	0.664961
84	164	1.16589
84	165	1.15925
84	171	1.13872
84	175	1.1585
84	176	1.14826
84	177	1.16255
84	179	1.15066
85	34	0.606947
85	73	0.60947
85	104	1.1465
85	133	0.765799
85	134	0.641794
85	136	1.13423
85	141	1.14898
85	143	1.13317
85	151	0.720776
85	152	1.12276
85	155	1.15885
85	158	1.15634
85	159	1.14752
85	161	1.13794
85	162	0.648688
85	167	1.14553
85	171	1.13325
85	174	1.13506
85	176	1.14279
85	177	1.15708
86	39	0.752259
86	61	1.14748
86	96	0.698663
86	104	1.14367
86	119	0.648214
86	123	0.606556
86	124	0.620921
86	125	1.1256
86	135	1.1188
86	140	1.12299
86	151	0.664827
86	159	1.14469
86	160	1.11083
86	164	1.15758
86	165	1.15094
86	167	1.14269
86	175	1.15019
86	176	1.13995
86	179	1.14234
86	180	1.20226
87	11	1.21832
87	36	1.1206
87	53	1.16178
87	63	1.12662
87	76	0.866509
87	92	1.20448
87	98	1.15313
87	102	1.15361
87	108	1.1856
87	109	1.09718
87	119	1.11711
87	128	1.10295
87	129	1.08951
87	130	1.1347
87	132	0.650113
87	135	0.630003
87	140	0.64062
87	161	0.582681
87	171	0.63946
87	174	1.13442
88	75	1.09935
88	118	1.129
88	137	0.663129
88	138	1.13035
88	142	0.706836
88	145	1.11574
88	148	1.13393
88	150	1.16013
88	153	1.15236
88	154	1.15569
88	162	1.15909
88	163	1.15986
88	167	0.696375
88	168	0.668294
88	169	1.14934
88	170	1.14449
88	172	1.15126
88	173	1.15943
88	174	0.678101
88	180	0.594774
89	3	1.19485
89	6	1.04274
89	7	1.17382
89	8	1.18274
89	34	1.1625
89	51	0.653506
89	52	1.15518
89	80	1.16177
89	91	1.11193
89	96	1.08918
89	114	1.08222
89	127	1.10889
89	143	0.666073
89	152	0.701823
89	165	0.653717
89	168	1.13792
89	174	0.670747
89	177	0.663103
89	178	1.19439
89	180	1.20187
90	20	0.588065
90	81	0.654784
90	121	1.1535
90	123	1.20277
90	124	1.20695
90	144	1.19288
90	148	1.1869
90	151	1.17042
90	156	1.19099
90	159	0.595927
90	162	1.21207
90	163	1.21284
90	165	0.5799
90	169	1.20232
90	170	1.19747
90	172	1.20424
90	173	1.21241
90	174	0.59693
90	175	0.584225
90	178	1.25424
90	179	0.609122
91	3	1.1783
91	6	1.02619
91	28	1.0934
91	32	1.15549
91	34	1.14595
91	48	1.06834
91	61	0.668321
91	77	1.09098
91	80	1.14522
91	89	1.11193
91	96	1.07263
91	112	1.13472
91	115	0.677556
91	127	1.09234
91	139	0.68954
91	154	0.721494
91	167	0.737513
91	168	1.12137
91	177	0.711597
91	178	1.17784
91	180	1.18532
92	5	1.2779
92	25	0.646237
92	37	1.16199
92	53	1.2326
92	64	1.20728
92	87	1.20448
92	102	1.22443
92	109	1.16799
92	127	1.1823
92	128	1.17376
92	129	1.16032
92	130	1.20552
92	146	1.21222
92	147	0.587455
92	151	1.18398
92	157	0.606734
92	159	0.591049
92	174	1.20523
92	175	0.579347
92	176	0.595895
92	179	0.604244
93	35	0.696611
93	63	0.60183
93	121	0.628809
93	129	0.643664
93	143	1.18871
93	144	1.1918
93	146	0.576396
93	155	1.2144
93	157	1.17244
93	160	1.16921
93	161	1.19349
93	162	0.553439
93	165	1.20932
93	167	1.20107
93	171	1.18879
93	174	1.1906
93	175	1.20857
93	176	1.19833
93	177	1.21262
93	178	0.491357
93	180	1.26064
94	5	1.19531
94	35	1.07034
94	37	1.07941
94	56	1.15237
94	58	1.16366
94	61	0.650877
94	64	1.12469
94	78	0.63324
94	81	0.75965
94	82	1.16745
94	99	0.798509
94	102	1.14184
94	109	1.08541
94	119	1.10533
94	127	1.09971
94	128	1.09118
94	129	1.07774
94	130	1.12293
94	154	0.70405
94	164	0.656546
94	174	1.12264
95	103	0.798759
95	121	1.05941
95	123	1.10868
95	124	1.11286
95	138	1.08923
95	142	0.747138
95	145	1.07463
95	148	1.09281
95	151	1.07633
95	153	1.11125
95	156	1.0969
95	158	0.686936
95	160	0.729516
95	162	1.11798
95	163	1.11874
95	166	1.10111
95	167	0.736677
95	169	1.10823
95	170	1.10338
95	172	1.11015
95	173	1.11831
95	175	0.705699
96	3	1.15556
96	6	1.00344
96	8	1.14344
96	16	0.720143
96	28	1.07065
96	48	1.04559
96	52	1.11588
96	54	1.14185
96	59	1.11048
96	80	1.12247
96	86	0.698663
96	89	1.08918
96	91	1.07263
96	114	1.04293
96	127	1.06959
96	135	0.778199
96	144	0.741081
96	166	0.726506
96	168	1.09863
96	175	0.742397
96	178	1.15509
96	180	1.16257
97	8	0.695434
97	13	1.0235
97	22	1.09469
97	23	0.803316
97	29	0.792575
97	52	0.716425
97	68	0.618959
97	104	1.11547
97	107	1.09555
97	110	1.07709
97	114	1.05442
97	155	1.12782
97	157	1.08586
97	158	1.1253
97	159	1.11649
97	161	1.10691
97	165	1.12274
97	170	0.771432
97	171	1.10221
97	176	1.11175
97	177	1.12604
97	179	1.11415
98	29	1.14344
98	36	1.14007
98	63	1.14609
98	64	1.15593
98	82	1.19869
98	87	1.15313
98	102	1.17308
98	108	1.20507
98	109	1.11665
98	114	0.710153
98	119	1.13658
98	127	1.13095
98	128	1.12242
98	129	1.10898
98	130	1.15417
98	132	0.689528
98	136	0.668612
98	144	0.6323
98	146	1.16087
98	157	0.661003
98	164	0.601071
98	174	1.15389
98	176	0.650164
99	94	0.798509
99	107	1.07061
99	125	1.07246
99	135	1.06565
99	138	0.747171
99	149	1.11196
99	151	0.81798
99	152	1.06679
99	153	0.750008
99	157	1.06092
99	158	1.10036
99	159	1.09154
99	160	1.05769
99	161	1.08197
99	163	0.730244
99	167	1.08955
99	170	0.746455
99	171	1.07727
99	174	1.07908
99	175	1.09705
99	176	1.08681
99	177	1.1011
99	179	1.0892
100	3	0.601894
100	52	0.616081
100	60	0.659182
100	62	0.645586
100	63	0.718916
100	102	0.687827
100	132	1.13226
100	135	1.12719
100	136	1.13978
100	140	1.13138
100	141	1.15454
100	147	1.14976
100	149	1.1735
100	155	1.16441
100	158	1.16189
100	161	1.1435
100	164	1.16597
100	165	1.15933
100	171	1.1388
100	173	0.667463
100	175	1.15859
100	176	1.14835
100	179	1.15074
101	64	0.673426
101	80	0.632585
101	83	0.622221
101	106	1.13458
101	116	1.15317
101	120	0.699913
101	126	1.12932
101	127	0.663788
101	131	0.67008
101	134	0.63029
101	141	1.1613
101	143	1.14549
101	145	1.12442
101	150	1.16881
101	157	1.12922
101	160	1.12599
101	161	1.15026
101	163	1.16854
101	169	1.15802
101	172	1.15994
101	173	1.1681
101	175	1.16535
101	179	1.1575
102	29	1.14392
102	37	1.11113
102	53	1.18173
102	63	1.14657
102	64	1.15641
102	87	1.15361
102	92	1.22443
102	94	1.14184
102	98	1.17308
102	100	0.687827
102	127	1.13143
102	128	1.1229
102	129	1.10946
102	130	1.15465
102	146	1.16136
102	149	0.667395
102	151	1.13311
102	165	0.649451
102	166	0.637885
102	168	0.656673
102	173	0.648939
102	174	1.15437
102	177	0.658838
103	13	0.825406
103	16	1.12268
103	42	1.14398
103	44	1.04486
103	49	1.04924
103	50	1.0566
103	60	1.12679
103	65	1.08306
103	73	1.14845
103	79	1.05437
103	83	1.11632
103	95	0.798759
103	110	0.819512
103	111	1.06026
103	113	1.03532
103	120	1.06679
103	131	1.08132
103	133	1.03427
103	134	1.1108
103	142	1.06484
103	157	0.758695
103	168	0.734205
103	178	0.667452
104	20	1.15832
104	73	0.602683
104	85	1.1465
104	86	1.14367
104	97	1.11547
104	107	1.13815
104	116	0.650437
104	121	0.71727
104	125	1.14
104	136	1.14579
104	137	1.14167
104	151	0.713988
104	159	1.15908
104	161	1.14951
104	163	0.626252
104	164	1.17198
104	165	1.16533
104	169	0.639633
104	171	1.14481
104	173	0.638838
104	176	1.15435
104	177	1.16864
104	179	1.15674
105	23	1.16016
105	55	1.21051
105	75	1.1516
105	110	0.681228
105	116	1.19674
105	118	1.18124
105	123	1.20204
105	125	0.642689
105	136	0.62802
105	139	0.57603
105	150	1.21238
105	153	1.20461
105	156	1.19026
105	162	1.21134
105	163	1.21211
105	164	0.560479
105	169	1.20159
105	170	1.19674
105	172	1.20351
105	173	1.21167
105	174	0.605729
105	177	0.598086
105	178	1.25351
105	180	0.522402
106	4	0.810504
106	47	0.771064
106	54	0.603728
106	101	1.13458
106	123	1.13348
106	132	1.11402
106	138	1.11403
106	144	1.12358
106	145	1.09943
106	148	1.11761
106	150	1.14381
106	151	1.10113
106	153	1.13604
106	155	0.653592
106	156	1.1217
106	160	0.689841
106	163	1.14354
106	166	1.1259
106	170	1.12817
106	172	1.13494
106	173	1.14311
106	176	0.682573
106	178	1.18494
106	180	0.595402
107	30	0.741102
107	42	0.678526
107	55	0.68439
107	97	1.09555
107	99	1.07061
107	104	1.13815
107	122	0.665175
107	139	1.16028
107	143	1.12481
107	147	1.13584
107	150	0.683241
107	152	1.11441
107	158	1.14798
107	159	1.13917
107	160	1.10531
107	161	1.12959
107	164	1.15206
107	165	1.14542
107	171	1.12489
107	172	0.708401
107	175	1.14467
107	176	1.13443
107	178	0.633354
107	179	1.13683
108	29	1.17591
108	36	1.17254
108	37	1.14312
108	53	1.21372
108	56	1.21609
108	63	1.17856
108	76	0.847921
108	87	1.1856
108	98	1.20507
108	109	1.14912
108	119	1.16905
108	122	0.543578
108	126	0.624928
108	127	1.16342
108	128	1.15489
108	129	1.14145
108	130	1.18664
108	144	0.574297
108	146	1.19335
108	148	0.62754
108	151	1.16511
108	154	0.590572
108	159	0.587316
108	167	0.606592
108	174	1.18636
109	11	1.18184
109	13	0.74961
109	29	1.08749
109	53	1.1253
109	56	1.12767
109	58	1.13896
109	64	1.09998
109	76	0.92782
109	82	1.14274
109	87	1.09718
109	92	1.16799
109	94	1.08541
109	98	1.11665
109	108	1.14912
109	119	1.08063
109	128	1.06647
109	129	1.05303
109	139	0.638518
109	146	1.10492
109	151	1.07668
109	166	0.639621
109	171	0.700772
109	174	1.09794
109	176	0.672061
109	179	0.68041
110	36	0.710738
110	57	1.13304
110	68	0.572767
110	97	1.07709
110	103	0.819512
110	105	0.681228
110	136	1.10741
110	137	1.10329
110	147	1.11738
110	152	1.09595
110	153	0.728794
110	156	0.75585
110	157	1.09008
110	158	1.12952
110	159	1.12071
110	160	1.08685
110	161	1.11113
110	164	1.1336
110	167	1.11871
110	170	0.725241
110	171	1.10643
110	174	1.10824
110	175	1.12621
110	176	1.11597
110	179	1.11837
111	7	0.669444
111	16	1.15761
111	42	1.17891
111	46	1.07197
111	49	1.08417
111	65	1.11799
111	73	1.18338
111	77	1.09089
111	79	1.0893
111	81	1.06464
111	83	1.15125
111	103	1.06026
111	113	1.07025
111	115	1.13076
111	120	1.10172
111	133	1.0692
111	134	1.14573
111	141	0.707972
111	142	1.09977
111	154	1.13217
111	159	0.758294
111	160	0.770408
111	165	0.742267
111	178	0.682735
111	180	0.675969
112	6	1.06553
112	28	1.13274
112	33	0.610766
112	35	1.10231
112	61	0.610529
112	80	1.18456
112	84	0.677229
112	91	1.13472
112	117	1.15134
112	118	1.14491
112	124	1.16989
112	127	1.13168
112	143	0.656774
112	148	1.14984
112	156	1.15393
112	162	1.17501
112	165	0.644418
112	168	1.16071
112	169	1.16526
112	170	1.1604
112	171	0.694002
112	173	1.17534
112	174	0.661447
112	177	0.653804
112	178	1.21718
112	180	1.22466
113	16	1.13268
113	26	1.07451
113	44	1.05486
113	46	1.04703
113	50	1.0666
113	60	1.13679
113	66	1.09691
113	72	1.15687
113	73	1.15844
113	78	1.16109
113	79	1.06437
113	103	1.03532
113	111	1.07025
113	115	1.10582
113	125	0.776465
113	131	1.09132
113	133	1.04427
113	134	1.1208
113	142	1.07483
113	152	0.770582
113	154	1.10724
113	162	0.725027
113	164	0.694256
113	171	0.77206
113	174	0.739506
113	177	0.731862
114	32	1.12579
114	48	1.03863
114	50	0.809782
114	52	1.10892
114	77	1.06128
114	89	1.08222
114	96	1.04293
114	97	1.05442
114	98	0.710153
114	116	0.721548
114	138	0.71429
114	139	1.11915
114	145	0.788242
114	146	0.735968
114	149	1.11845
114	160	1.06418
114	164	1.11093
114	166	1.08909
114	167	1.09604
114	168	1.09167
114	169	0.710743
114	175	1.10354
114	176	1.0933
114	178	1.14814
114	179	1.09569
114	180	1.15561
115	49	1.11974
115	73	1.21895
115	83	1.18682
115	91	0.677556
115	111	1.13076
115	113	1.10582
115	118	0.641975
115	120	1.13729
115	121	0.682865
115	123	0.621311
115	127	0.634098
115	131	1.15183
115	133	1.10477
115	142	1.13534
115	146	0.630451
115	151	0.679582
115	159	1.16322
115	161	1.15364
115	167	1.16122
115	171	1.14894
115	172	0.62046
115	175	1.16872
115	176	1.15848
115	177	1.17277
115	179	1.16088
115	180	1.22079
116	3	0.574606
116	26	1.12523
116	33	0.607034
116	45	0.733637
116	50	1.11732
116	60	1.18751
116	73	1.20917
116	101	1.15317
116	104	0.650437
116	105	1.19674
116	114	0.721548
116	131	1.14204
116	133	1.09499
116	134	1.17152
116	142	1.12556
116	154	1.15796
116	156	1.14029
116	162	1.16136
116	164	0.612466
116	168	0.647908
116	169	1.15161
116	170	1.14676
116	172	1.15353
116	173	1.1617
116	174	0.657716
116	178	1.20353
117	4	0.806364
117	14	1.14651
117	24	1.10727
117	54	0.599588
117	57	0.632442
117	75	1.09255
117	112	1.15134
117	121	1.09372
117	123	1.143
117	130	0.675705
117	145	1.10895
117	147	0.669992
117	150	1.15333
117	151	1.11065
117	154	1.14889
117	156	1.13122
117	161	0.650364
117	162	1.15229
117	163	1.15306
117	166	1.13542
117	167	0.692863
117	169	1.14254
117	170	1.13769
117	172	1.14446
117	173	1.15263
117	176	0.678433
117	178	1.19447
118	21	1.10816
118	23	1.09468
118	24	1.10084
118	46	0.781792
118	78	0.615103
118	88	1.129
118	105	1.18124
118	112	1.14491
118	115	0.641975
118	122	1.16911
118	124	1.14074
118	137	0.668687
118	145	1.10252
118	146	1.13246
118	150	1.1469
118	153	1.13913
118	156	1.12479
118	158	0.652192
118	160	0.694772
118	162	1.14586
118	165	0.66663
118	169	1.13612
118	170	1.13126
118	172	1.13803
118	173	1.1462
118	176	0.687503
118	178	1.18804
119	11	1.20177
119	36	1.10405
119	37	1.07463
119	45	0.780573
119	56	1.14759
119	58	1.15888
119	63	1.11006
119	64	1.11991
119	82	1.16267
119	86	0.648214
119	87	1.11711
119	94	1.10533
119	98	1.13658
119	108	1.16905
119	109	1.08063
119	127	1.09493
119	128	1.0864
119	129	1.07296
119	130	1.11815
119	132	0.74786
119	146	1.12485
119	151	1.09661
119	158	0.673185
119	164	0.659403
119	166	0.676057
119	174	1.11786
119	176	0.708496
119	179	0.716846
120	16	1.16415
120	26	1.10598
120	44	1.08633
120	46	1.07851
120	49	1.09071
120	50	1.09807
120	60	1.16826
120	61	0.660989
120	65	1.12453
120	72	1.18834
120	73	1.18992
120	77	1.09743
120	81	1.07118
120	83	1.15779
120	101	0.699913
120	103	1.06679
120	111	1.10172
120	115	1.13729
120	133	1.07574
120	134	1.15227
120	142	1.1063
120	147	0.70731
120	154	1.13871
120	159	0.710905
120	160	0.723019
120	165	0.694878
120	166	0.683311
120	167	0.730181
121	38	1.15845
121	51	1.12064
121	55	1.11655
121	68	1.19606
121	70	1.15755
121	90	1.1535
121	93	0.628809
121	95	1.05941
121	104	0.71727
121	115	0.682865
121	117	1.09372
121	122	1.14063
121	131	0.742966
121	135	0.747647
121	138	1.08864
121	145	1.07404
121	150	1.11842
121	153	1.11066
121	155	0.699412
121	156	1.09631
121	163	1.11815
121	164	0.679299
121	165	0.70752
121	169	1.10764
121	170	1.10278
121	172	1.10956
121	173	1.11772
121	178	1.15956
122	30	1.14334
122	39	1.12332
122	47	0.711252
122	48	0.695813
122	55	1.19837
122	107	0.665175
122	108	0.543578
122	118	1.16911
122	121	1.14063
122	123	1.18991
122	138	1.17046
122	140	0.652632
122	141	0.567594
122	145	1.15586
122	148	1.17404
122	150	1.20024
122	152	0.649994
122	153	1.19247
122	154	1.1958
122	158	0.58745
122	162	1.1992
122	163	1.19997
122	166	1.18233
122	169	1.18945
122	170	1.1846
122	172	1.19137
122	173	1.19954
122	180	0.535591
123	15	1.15871
123	53	0.633973
123	60	0.637173
123	86	0.606556
123	90	1.20277
123	95	1.10868
123	105	1.20204
123	106	1.13348
123	115	0.621311
123	117	1.143
123	122	1.18991
123	145	1.12332
123	148	1.1415
123	150	1.1677
123	153	1.15993
123	154	1.16326
123	156	1.14559
123	161	0.638771
123	162	1.16666
123	166	1.14979
123	168	0.653187
123	169	1.15691
123	170	1.15206
123	171	0.69555
123	172	1.15883
123	173	1.167
123	176	0.666839
123	177	0.655352
123	178	1.20884
124	15	1.16288
124	21	1.13313
124	58	0.63844
124	69	1.14214
124	78	0.608804
124	86	0.620921
124	90	1.20695
124	95	1.11286
124	112	1.16989
124	118	1.14074
124	138	1.14209
124	147	0.672763
124	150	1.17187
124	151	1.12919
124	153	1.16411
124	154	1.16744
124	155	0.652223
124	156	1.14976
124	162	1.17084
124	163	1.1716
124	165	0.66033
124	167	0.695633
124	168	0.667552
124	169	1.16109
124	170	1.15623
124	172	1.16301
124	173	1.17117
124	178	1.21301
124	180	0.594032
125	21	0.732234
125	22	1.11922
125	52	0.631694
125	72	0.649246
125	74	1.09255
125	76	1.00998
125	86	1.1256
125	99	1.07246
125	104	1.14
125	105	0.642689
125	113	0.776465
125	136	1.12772
125	139	1.16214
125	143	1.12666
125	152	1.11626
125	156	0.71731
125	159	1.14102
125	160	1.10716
125	162	0.686138
125	163	0.67049
125	164	1.15391
125	165	1.14727
125	166	1.13208
125	170	0.686701
125	171	1.12674
125	174	1.12856
125	175	1.14652
125	176	1.13628
125	177	1.15057
125	179	1.13868
125	180	1.1986
126	14	0.653273
126	70	0.645133
126	75	0.748727
126	83	0.670826
126	101	1.12932
126	108	0.624928
126	128	0.75736
126	131	0.718685
126	136	1.11629
126	140	1.10789
126	141	1.13104
126	143	1.11523
126	147	1.12626
126	149	1.15
126	152	1.10482
126	153	0.689905
126	157	1.09896
126	158	1.1384
126	159	1.12958
126	160	1.09573
126	161	1.12
126	164	1.14247
126	165	1.13583
126	167	1.12759
126	169	0.683521
126	174	1.11712
126	175	1.13509
126	176	1.12485
126	177	1.13914
126	179	1.12724
126	180	1.18716
127	5	1.18491
127	18	0.675851
127	20	0.666917
127	25	0.729968
127	28	1.09036
127	31	0.776327
127	48	1.0653
127	52	1.13559
127	80	1.14218
127	82	1.15704
127	89	1.10889
127	91	1.09234
127	92	1.1823
127	94	1.09971
127	96	1.06959
127	98	1.13095
127	101	0.663788
127	102	1.13143
127	108	1.16342
127	112	1.13168
127	115	0.634098
127	119	1.09493
127	130	1.11252
127	140	0.709497
127	146	1.11922
127	157	0.690465
127	165	0.658753
127	168	1.11833
127	174	1.11224
127	178	1.1748
127	180	1.18228
128	5	1.17638
128	11	1.18761
128	20	0.711885
128	35	1.0514
128	36	1.08989
128	37	1.06047
128	53	1.13107
128	56	1.13344
128	58	1.14473
128	63	1.09591
128	82	1.14851
128	87	1.10295
128	92	1.17376
128	94	1.09118
128	98	1.12242
128	102	1.1229
128	108	1.15489
128	109	1.06647
128	119	1.0864
128	126	0.75736
128	129	1.0588
128	130	1.10399
128	143	0.716076
128	146	1.11069
128	147	0.716153
128	151	1.08245
128	164	0.6755
128	166	0.692154
128	168	0.710942
128	174	1.10371
128	175	0.708045
128	176	0.724593
129	5	1.16294
129	11	1.17417
129	29	1.07982
129	35	1.03796
129	37	1.04703
129	47	0.831739
129	53	1.11763
129	56	1.12
129	58	1.13129
129	63	1.08247
129	64	1.09231
129	82	1.13507
129	87	1.08951
129	92	1.16032
129	93	0.643664
129	94	1.07774
129	98	1.10898
129	102	1.10946
129	108	1.14145
129	109	1.05303
129	119	1.07296
129	128	1.0588
129	130	1.09055
129	135	0.762502
129	144	0.725383
129	146	1.09725
129	151	1.06901
129	157	0.754086
129	162	0.724925
129	166	0.710808
129	168	0.729596
129	174	1.09027
129	175	0.726699
130	5	1.20813
130	11	1.21937
130	29	1.12501
130	36	1.12164
130	53	1.16282
130	56	1.16519
130	58	1.17648
130	63	1.12766
130	64	1.1375
130	82	1.18026
130	84	0.680555
130	87	1.1347
130	92	1.20552
130	94	1.12293
130	98	1.15417
130	102	1.15465
130	108	1.18664
130	117	0.675705
130	119	1.11815
130	127	1.11252
130	128	1.10399
130	129	1.09055
130	139	0.635074
130	144	0.650752
130	146	1.14245
130	151	1.11421
130	152	0.695849
130	169	0.648027
130	171	0.697328
130	174	1.13546
130	176	0.668617
130	179	0.676966
130	180	0.581446
131	10	1.05775
131	16	1.17868
131	26	1.12051
131	41	0.578125
131	42	1.19998
131	43	1.08473
131	46	1.09304
131	50	1.1126
131	60	1.18279
131	65	1.13906
131	66	1.14291
131	72	1.20287
131	77	1.11196
131	78	1.20709
131	79	1.11037
131	81	1.08571
131	83	1.17232
131	101	0.67008
131	103	1.08132
131	113	1.09132
131	115	1.15183
131	116	1.14204
131	121	0.742966
131	126	0.718685
131	132	0.725282
131	133	1.09027
131	134	1.1668
131	139	0.652375
131	142	1.12083
131	154	1.15324
131	160	0.693187
131	166	0.653479
131	174	0.682075
131	179	0.694268
132	7	0.617012
132	32	0.63856
132	52	0.637942
132	53	0.677842
132	64	0.728627
132	87	0.650113
132	98	0.689528
132	100	1.13226
132	106	1.11402
132	119	0.74786
132	131	0.725282
132	134	0.685492
132	140	1.11759
132	145	1.10386
132	147	1.13596
132	148	1.12204
132	150	1.14825
132	152	1.11452
132	153	1.14048
132	155	1.15061
132	156	1.12613
132	157	1.10866
132	158	1.1481
132	161	1.1297
132	163	1.14798
132	164	1.15217
132	166	1.13034
132	169	1.13746
132	170	1.13261
132	172	1.13938
132	173	1.14755
132	176	1.13455
132	177	1.14884
132	179	1.13694
133	16	1.13163
133	26	1.07346
133	31	0.866835
133	42	1.15293
133	43	1.03767
133	44	1.05381
133	46	1.04598
133	49	1.05819
133	57	0.724143
133	59	0.726916
133	60	1.13574
133	65	1.09201
133	72	1.15582
133	73	1.15739
133	77	1.06491
133	79	1.06332
133	81	1.03866
133	83	1.12527
133	85	0.765799
133	103	1.03427
133	111	1.0692
133	113	1.04427
133	115	1.10477
133	116	1.09499
133	120	1.07574
133	131	1.09027
133	134	1.11975
133	142	1.07378
133	152	0.797366
133	154	1.10619
133	158	0.734822
133	161	0.742065
133	172	0.764776
133	180	0.682963
134	16	1.20816
134	26	1.14999
134	40	0.61492
134	42	1.22946
134	43	1.11421
134	46	1.12252
134	50	1.14208
134	54	0.567284
134	60	1.21227
134	65	1.16854
134	66	1.17239
134	72	1.23235
134	73	1.23393
134	78	1.23657
134	79	1.13985
134	81	1.11519
134	83	1.2018
134	85	0.641794
134	101	0.63029
134	103	1.1108
134	111	1.14573
134	113	1.1208
134	116	1.17152
134	120	1.15227
134	131	1.1668
134	132	0.685492
134	133	1.11975
134	142	1.15031
134	147	0.637688
134	154	1.18272
134	162	0.627806
134	167	0.660559
134	168	0.632477
134	171	0.674839
134	177	0.634642
135	17	0.866341
135	25	1.09476
135	36	0.658337
135	47	1.06507
135	67	1.10728
135	68	0.520366
135	74	1.08575
135	84	1.12711
135	86	1.1188
135	87	0.630003
135	96	0.778199
135	99	1.06565
135	100	1.12719
135	121	0.747647
135	129	0.762502
135	137	1.1168
135	139	1.15533
135	140	1.11252
135	141	1.13568
135	147	1.13089
135	149	1.15463
135	152	1.10946
135	153	0.676393
135	157	1.10359
135	164	1.14711
135	166	1.12527
135	167	1.13222
135	168	1.12784
135	169	0.670009
135	171	1.11994
135	172	0.685241
135	174	1.12175
135	175	1.13972
135	177	1.14377
135	179	1.13187
136	1	1.19605
136	27	0.692145
136	37	0.760914
136	60	0.660126
136	71	1.09786
136	78	1.20519
136	81	1.08381
136	82	0.658623
136	84	1.1397
136	85	1.13423
136	98	0.668612
136	100	1.13978
136	104	1.14579
136	105	0.62802
136	110	1.10741
136	125	1.12772
136	126	1.11629
136	139	1.16792
136	140	1.12511
136	141	1.14827
136	143	1.13245
136	146	0.694427
136	150	0.659275
136	152	1.12205
136	154	0.688203
136	157	1.11618
136	158	1.15562
136	160	1.11295
