1	66	1.32473
1	69	1.41673
1	81	1.34593
1	82	0.610868
1	121	1.3781
1	139	1.37363
1	141	0.478511
1	143	0.525658
1	145	1.39364
1	152	1.37533
1	153	0.49809
1	171	0.503137
2	57	0.4253
2	83	0.398977
2	123	0.464687
2	155	1.47072
2	158	0.458138
2	162	1.40688
2	165	0.434595
2	174	1.41331
2	175	1.31847
2	177	1.31202
2	178	1.31069
2	180	1.3664
3	6	1.40832
3	38	1.25422
3	46	1.43903
3	51	0.486227
3	52	1.31206
3	58	1.44104
3	148	1.37521
3	154	0.417351
3	155	0.831244
3	168	0.500082
3	173	1.3717
3	174	0.385117
4	24	1.19785
4	88	1.28465
4	96	1.18615
4	102	1.25254
4	144	0.599839
4	145	1.20901
4	158	1.1909
4	167	0.562049
4	170	0.63551
4	172	1.16838
4	176	0.7757
4	179	1.11306
5	78	1.34397
5	95	1.32488
5	104	1.39145
5	111	1.40864
5	139	0.478016
5	160	0.471484
5	164	1.37549
5	165	1.36454
5	171	0.457546
5	173	1.39495
5	176	0.631493
5	178	0.578803
6	3	1.40832
6	10	1.21779
6	30	1.55025
6	38	1.29616
6	52	1.35401
6	120	0.519353
6	140	0.55882
6	146	0.510262
6	147	0.507871
6	158	1.36793
6	172	0.518809
6	173	1.41365
7	19	1.47836
7	27	1.46791
7	31	0.478476
7	55	1.50315
7	68	1.45012
7	72	1.40061
7	143	0.471187
7	157	0.46029
7	165	1.50555
7	166	0.472781
7	179	0.531133
8	35	0.609143
8	56	0.581427
8	121	0.513585
8	158	0.521515
8	161	1.25861
8	168	1.15741
8	169	1.2422
8	174	1.26701
8	175	1.17217
8	176	1.11538
8	178	1.16439
8	180	1.2201
9	27	1.35863
9	29	1.39481
9	55	1.39387
9	68	1.34084
9	72	1.29133
9	122	1.42906
9	147	0.508145
9	165	1.39627
9	167	0.43861
9	169	0.528682
9	175	0.594126
9	180	0.54829
10	6	1.21779
10	30	1.31776
10	38	1.06368
10	46	1.24849
10	58	1.2505
10	74	1.19596
10	144	0.589676
10	150	0.595897
10	158	1.13545
10	173	1.18117
10	178	0.712847
10	179	0.674055
11	56	1.31867
11	95	1.32895
11	104	1.39552
11	111	1.41271
11	125	0.48443
11	138	0.52056
11	139	0.481803
11	164	1.37956
11	165	1.36861
11	170	0.49509
11	173	1.39902
11	176	0.63528
12	17	0.623912
12	102	0.536687
12	110	0.524168
12	120	1.21084
12	122	0.540955
12	143	1.26773
12	156	1.2238
12	162	1.22953
12	169	1.21115
12	177	1.13468
12	178	1.13334
12	180	1.18905
13	111	1.39295
13	113	0.511364
13	136	1.29775
13	137	1.36431
13	166	0.583605
13	167	0.519787
13	171	0.559492
13	172	1.31102
13	173	1.37926
13	179	1.2557
14	62	1.33285
14	100	1.31453
14	110	1.42768
14	114	1.34552
14	116	1.40124
14	119	1.3672
14	125	0.528143
14	134	1.41461
14	155	0.46356
14	159	0.529318
14	173	0.471602
14	178	0.626303
15	37	1.40256
15	64	1.45085
15	70	1.34783
15	82	0.584396
15	86	1.39035
15	90	1.33483
15	101	0.431008
15	106	0.591353
15	139	0.497135
15	162	0.513369
15	163	1.34065
15	165	1.34111
16	24	1.36792
16	88	1.45472
16	96	1.35622
16	102	1.42261
16	135	0.459092
16	145	1.37908
16	149	0.514748
16	172	1.33845
16	173	0.463752
16	177	0.614422
16	179	1.28313
16	180	0.567172
17	12	0.623912
17	44	1.2514
17	64	1.27495
17	76	1.19126
17	86	1.21445
17	90	1.15893
17	134	1.18765
17	163	1.16475
17	164	0.579459
17	165	1.16521
17	170	0.622579
17	175	0.704635
18	50	1.36997
18	59	1.32097
18	97	0.562737
18	98	1.3224
18	107	1.40659
18	127	1.38439
18	139	0.486669
18	146	0.498421
18	154	0.535029
18	164	1.36952
18	167	1.42908
18	180	0.536175
19	7	1.47836
19	29	1.28755
19	55	1.28662
19	68	1.23359
19	72	1.18408
19	122	1.3218
19	138	0.567947
19	143	0.531241
19	147	0.538551
19	148	1.32294
19	161	0.554093
19	165	1.28902
19	177	0.625946
20	28	1.44211
20	32	1.55698
20	35	1.38897
20	82	0.428547
20	84	0.350832
20	87	1.5471
20	93	1.48878
20	122	1.52185
20	156	0.376669
20	168	0.472377
20	172	1.45124
20	173	0.793514
20	175	0.436628
21	23	1.61367
21	36	1.525
21	42	1.50261
21	69	1.47559
21	81	1.4048
21	103	0.204906
21	106	0.305176
21	139	1.4325
21	145	1.4525
21	164	0.694583
21	166	0.72806
21	173	0.670503
21	180	0.260465
22	47	1.21531
22	59	1.27082
22	65	1.26426
22	91	1.32994
22	98	1.27226
22	107	1.35644
22	138	0.587911
22	159	0.552956
22	164	1.31938
22	167	1.37893
22	172	0.569453
22	173	0.495241
22	179	0.61115
23	21	1.61367
23	42	1.53308
23	66	1.41407
23	81	1.43527
23	106	0.555834
23	139	1.46298
23	145	1.48298
23	149	0.458699
23	152	1.46467
23	156	0.496999
23	159	0.465418
23	160	0.455084
23	164	0.431783
24	4	1.19785
24	16	1.36792
24	54	1.3263
24	88	1.38629
24	96	1.28779
24	102	1.35419
24	132	0.538571
24	138	0.586186
24	140	0.607739
24	153	0.521912
24	170	0.560716
24	172	1.27002
24	179	1.2147
25	34	1.57019
25	73	1.38144
25	80	1.27132
25	83	1.4138
25	89	1.35078
25	121	1.29973
25	149	0.403107
25	157	0.397178
25	161	0.430928
25	163	1.31201
25	167	0.87885
25	178	0.506812
26	45	1.55478
26	62	1.42961
26	110	1.52444
26	114	1.44228
26	116	1.498
26	119	1.46396
26	143	0.466703
26	150	0.44849
26	157	0.455806
26	162	0.480886
26	163	1.48848
26	174	0.48078
26	179	0.526648
27	7	1.46791
27	9	1.35863
27	29	1.2771
27	67	0.508309
27	68	1.22313
27	72	1.17362
27	84	0.533981
27	122	1.31135
27	148	1.31248
27	150	0.508272
27	165	1.27857
27	176	0.677911
27	179	0.58643
28	20	1.44211
28	32	1.33716
28	35	1.16915
28	39	1.33314
28	48	1.29673
28	87	1.32728
28	93	1.26896
28	106	0.623697
28	146	0.541232
28	167	0.469306
28	169	0.559378
28	172	1.23142
28	177	0.626235
29	9	1.39481
29	19	1.28755
29	27	1.2771
29	55	1.31234
29	68	1.25931
29	72	1.2098
29	148	1.34866
29	165	1.31474
29	166	0.546037
29	167	0.482219
29	173	0.48848
29	176	0.69587
29	179	0.604389
30	6	1.55025
30	10	1.31776
30	52	1.45399
30	58	1.58296
30	97	0.547312
30	133	0.4457
30	144	0.44886
30	148	1.51713
30	158	1.46791
30	167	0.41107
30	173	1.51363
30	174	0.48737
30	180	0.52075
31	7	0.478476
31	47	0.58656
31	53	0.525923
31	137	0.530413
31	142	1.24774
31	149	1.3218
31	160	1.31257
31	163	0.507849
31	168	1.18022
31	170	1.25983
31	171	1.30964
31	176	1.13818
31	177	1.18853
31	180	1.2429
32	20	1.55698
32	28	1.33716
32	35	1.28402
32	39	1.44801
32	48	1.4116
32	87	1.44215
32	93	1.38383
32	113	0.44273
32	139	0.511328
32	157	0.502481
32	160	0.504796
32	168	0.64242
32	172	1.34629
32	173	0.457415
33	62	1.36611
33	77	1.40776
33	100	1.34779
33	110	1.46094
33	114	1.37878
33	116	1.4345
33	119	1.40046
33	120	0.542328
33	132	0.512626
33	139	1.40823
33	167	0.46131
33	170	0.534772
33	172	0.541784
33	173	0.467571
34	25	1.57019
34	73	1.6429
34	80	1.53277
34	83	1.67525
34	89	1.61223
34	142	0.450628
34	143	0.400809
34	150	0.382597
34	156	0.434142
34	163	1.57346
34	175	0.494102
34	178	0.499546
35	8	0.609143
35	20	1.38897
35	28	1.16915
35	32	1.28402
35	48	1.24359
35	87	1.27414
35	93	1.21582
35	121	1.20337
35	122	1.24889
35	132	0.60238
35	141	0.566142
35	164	0.581405
35	166	0.614882
35	172	1.17828
36	21	1.525
36	42	1.44441
36	51	0.598492
36	66	1.3254
36	69	1.41739
36	81	1.3466
36	106	0.575473
36	113	0.412657
36	121	1.37877
36	145	1.39431
36	150	0.465093
36	152	1.376
36	156	0.516638
36	162	0.497489
37	15	1.40256
37	44	1.46385
37	70	1.38438
37	76	1.40372
37	86	1.4269
37	90	1.37138
37	101	0.415202
37	142	0.533198
37	153	0.455812
37	163	1.3772
37	165	1.37766
37	172	0.501629
37	175	0.576672
37	177	0.578085
38	3	1.25422
38	6	1.29616
38	10	1.06368
38	46	1.32686
38	52	1.1999
38	58	1.32888
38	101	0.563162
38	135	0.570715
38	148	1.26305
38	151	0.656132
38	158	1.21383
38	167	0.569115
38	169	0.659188
38	173	1.25954
39	28	1.33314
39	32	1.44801
39	48	1.40759
39	87	1.43813
39	93	1.37981
39	103	1.44636
39	112	0.456111
39	122	1.41289
39	132	0.497077
39	140	0.566245
39	161	0.530838
39	171	0.485465
39	172	1.34227
39	174	0.522062
40	60	1.21511
40	61	1.20773
40	85	1.19809
40	99	1.34344
40	140	1.16519
40	143	0.594113
40	147	1.23253
40	148	1.2842
40	152	1.23478
40	161	0.616966
40	167	1.32079
40	169	0.621961
40	171	0.571593
40	172	0.612362
41	123	1.392
41	124	1.39696
41	126	1.44142
41	129	1.41508
41	131	1.40709
41	136	1.37453
41	137	1.44109
41	140	0.513571
41	153	0.427743
41	161	0.478164
41	169	0.483159
41	176	0.606738
41	177	0.550016
41	179	1.33247
42	21	1.50261
42	23	1.53308
42	36	1.44441
42	66	1.30301
42	69	1.395
42	81	1.32421
42	105	0.461057
42	139	1.35191
42	146	0.512412
42	147	0.510021
42	152	1.35361
42	157	0.491813
42	172	0.520959
42	179	0.562656
43	77	1.40168
43	100	1.34171
43	114	1.3727
43	116	1.42842
43	119	1.39438
43	120	0.5121
43	127	1.44517
43	139	1.40216
43	157	0.48241
43	161	0.51616
43	163	1.4189
43	164	0.461423
43	166	0.494901
43	178	0.592044
44	17	1.2514
44	37	1.46385
44	51	0.612608
44	70	1.40911
44	76	1.42845
44	86	1.45163
44	90	1.39611
44	138	0.534128
44	143	0.497421
44	155	0.433415
44	163	1.40193
44	165	1.40239
44	173	0.441457
44	180	0.544877
45	26	1.55478
45	53	1.4005
45	77	1.36437
45	92	0.537164
45	110	1.41755
45	114	1.33539
45	116	1.39111
45	119	1.35707
45	125	0.493848
45	133	0.465676
45	140	0.55153
45	147	0.500581
45	163	1.38159
45	172	0.511519
46	3	1.43903
46	10	1.24849
46	38	1.32686
46	52	1.38471
46	58	1.51369
46	92	0.512738
46	144	0.44441
46	148	1.44786
46	151	0.493637
46	158	1.39864
46	168	0.597886
46	173	1.44435
46	174	0.482921
46	179	0.52879
47	22	1.21531
47	31	0.58656
47	59	1.18549
47	82	0.664482
47	91	1.24461
47	98	1.18692
47	101	1.35582
47	105	0.537619
47	107	1.27111
47	133	1.24819
47	158	1.20779
47	161	0.602125
47	166	0.580865
47	167	1.2936
48	28	1.29673
48	32	1.4116
48	35	1.24359
48	39	1.40759
48	87	1.40172
48	92	1.2635
48	93	1.34341
48	105	0.502372
48	121	1.33095
48	155	0.480019
48	160	0.535443
48	164	0.512141
48	168	0.673066
48	172	1.30586
48	174	0.558102
49	117	1.34698
49	118	0.520013
49	124	1.33033
49	126	1.37479
49	128	1.3116
49	129	1.34845
49	131	1.34047
49	135	0.501952
49	136	1.3079
49	137	1.37446
49	139	0.560527
49	156	0.595909
49	173	0.506613
49	174	0.576654
49	179	1.26585
50	18	1.36997
50	59	1.29
50	65	1.28343
50	91	1.34912
50	98	1.29143
50	107	1.37562
50	143	0.518893
50	158	1.3123
50	164	1.33855
50	166	0.520487
50	167	1.39811
50	168	0.647935
50	169	0.546741
50	170	0.53013
50	171	0.496373
51	3	0.486227
51	36	0.598492
51	44	0.612608
51	89	0.597475
51	138	1.20468
51	154	1.22207
51	162	1.24815
51	165	0.617303
51	171	1.27441
51	174	1.25459
51	175	1.15975
51	176	1.10296
51	178	1.15197
51	179	1.17143
51	180	1.20767
52	3	1.31206
52	6	1.35401
52	30	1.45399
52	38	1.1999
52	46	1.38471
52	58	1.38672
52	148	1.32089
52	153	0.496932
52	154	0.57081
52	158	1.27167
52	159	0.526251
52	169	0.552348
52	172	0.542749
52	173	1.31739
52	180	0.571955
53	31	0.525923
53	45	1.4005
53	77	1.31698
53	100	1.25701
53	101	0.450457
53	110	1.37015
53	114	1.288
53	119	1.30968
53	127	1.36047
53	135	1.36835
53	163	1.33419
53	170	0.529871
53	174	0.532711
53	175	0.611927
53	180	0.56609
54	24	1.3263
54	88	1.4131
54	96	1.3146
54	102	1.38099
54	133	1.35975
54	134	1.35709
54	143	0.501021
54	153	0.473453
54	158	1.31935
54	172	1.29682
54	173	0.445057
54	175	0.594313
54	176	0.652448
54	177	0.595726
54	179	1.2415
55	7	1.50315
55	9	1.39387
55	19	1.28662
55	29	1.31234
55	68	1.25837
55	72	1.20886
55	103	1.38006
55	141	0.453455
55	148	1.34772
55	154	0.546911
55	157	0.489704
55	165	1.31381
55	172	0.51885
55	176	0.652028
55	178	0.599338
56	8	0.581427
56	11	1.31867
56	71	1.32048
56	78	1.2457
56	95	1.22661
56	103	0.577469
56	104	1.29318
56	111	1.31037
56	133	0.557978
56	147	0.592883
56	152	1.25077
56	155	0.521566
56	164	1.27722
56	165	1.26627
56	166	0.587166
56	173	1.29668
57	2	0.4253
57	78	1.40768
57	95	1.38859
57	104	1.45517
57	111	1.47235
57	112	0.440947
57	125	0.493399
57	140	1.34316
57	152	1.41275
57	154	0.539132
57	156	0.526154
57	161	0.515674
57	164	1.4392
57	165	1.42825
57	169	0.52067
57	173	1.45866
58	3	1.44104
58	10	1.2505
58	30	1.58296
58	38	1.32888
58	46	1.51369
58	52	1.38672
58	103	0.473965
58	143	0.482068
58	148	1.44987
58	151	0.50686
58	154	0.528378
58	156	0.5154
58	158	1.40065
58	167	0.419844
58	173	1.44637
58	178	0.580805
59	18	1.32097
59	22	1.27082
59	47	1.18549
59	50	1.29
59	65	1.23444
59	91	1.30012
59	97	0.612644
59	98	1.24244
59	107	1.32662
59	143	0.538627
59	159	0.540378
59	164	1.28956
59	167	1.34911
59	174	0.552703
59	175	0.631919
59	180	0.586082
60	40	1.21511
60	61	1.23849
60	85	1.22885
60	99	1.37419
60	120	0.567452
60	127	1.30685
60	135	1.31473
60	140	1.19594
60	148	1.31495
60	150	0.530447
60	152	1.26553
60	159	0.550411
60	167	1.35154
60	170	0.559896
60	177	0.643364
60	179	0.608604
61	40	1.20773
61	60	1.23849
61	85	1.22147
61	99	1.36682
61	127	1.29947
61	135	1.30735
61	147	1.25591
61	148	1.30758
61	152	1.25816
61	153	0.557391
61	155	0.520953
61	156	0.618291
61	164	0.553075
61	167	1.34417
61	173	0.528995
61	178	0.683696
62	14	1.33285
62	26	1.42961
62	33	1.36611
62	77	1.2392
62	100	1.17923
62	103	0.56347
62	106	0.663741
62	110	1.29238
62	114	1.21022
62	116	1.26594
62	119	1.2319
62	142	0.621392
62	163	1.25642
62	167	0.509349
62	172	0.589822
62	173	0.515609
63	117	1.43641
63	123	1.41481
63	126	1.46423
63	128	1.40104
63	129	1.43789
63	131	1.4299
63	136	1.39734
63	137	1.4639
63	159	0.47847
63	162	0.490902
63	164	0.444835
63	169	0.504566
63	174	0.490795
63	177	0.571424
63	179	1.35528
63	180	0.524174
64	15	1.45085
64	17	1.27495
64	70	1.43267
64	76	1.452
64	86	1.47519
64	90	1.41967
64	134	1.44839
64	161	0.506615
64	162	0.497945
64	163	1.42549
64	164	0.451878
64	165	1.42595
64	169	0.51161
64	173	0.427798
64	177	0.578467
64	180	0.531218
65	22	1.26426
65	50	1.28343
65	59	1.23444
65	91	1.29355
65	97	0.653036
65	98	1.23587
65	105	0.537365
65	107	1.32005
65	113	0.50837
65	133	1.29714
65	158	1.25673
65	159	0.58077
65	164	1.28299
65	167	1.34254
65	171	0.556498
65	180	0.626474
66	1	1.32473
66	23	1.41407
66	36	1.3254
66	42	1.30301
66	69	1.27599
66	81	1.2052
66	121	1.23737
66	139	1.2329
66	141	0.542152
66	145	1.25291
66	147	0.596609
66	152	1.2346
66	155	0.525292
66	160	0.580716
66	171	0.566778
66	179	0.649244
67	27	0.508309
67	78	0.510185
67	80	1.28466
67	87	0.458247
67	89	1.36412
67	119	0.520229
67	128	1.27841
67	136	1.27471
67	137	1.34127
67	152	0.50096
67	163	1.32535
67	165	0.48394
67	170	1.28582
67	176	1.16418
67	177	1.21452
67	180	1.2689
68	7	1.45012
68	9	1.34084
68	19	1.23359
68	27	1.22313
68	29	1.25931
68	55	1.25837
68	72	1.15583
68	103	1.32703
68	113	0.490872
68	130	0.572377
68	147	0.568831
68	148	1.29469
68	156	0.594852
68	165	1.26077
68	172	0.579769
68	177	0.656225
69	1	1.41673
69	21	1.47559
69	36	1.41739
69	42	1.395
69	66	1.27599
69	81	1.29719
69	103	0.506875
69	121	1.32936
69	139	1.32489
69	142	0.564796
69	143	0.514978
69	145	1.3449
69	147	0.522288
69	152	1.32659
69	154	0.561288
69	160	0.506396
69	174	0.529054
70	15	1.34783
70	37	1.38438
70	44	1.40911
70	64	1.43267
70	76	1.34898
70	86	1.37217
70	90	1.31665
70	132	0.505098
70	134	1.34536
70	157	0.505109
70	163	1.32247
70	165	1.32293
70	166	0.5176
70	167	0.453782
70	174	0.530083
70	178	0.614743
70	179	0.575951
71	56	1.32048
71	78	1.34985
71	92	0.569035
71	95	1.33076
71	104	1.39733
71	111	1.41452
71	125	0.525719
71	140	1.28533
71	142	0.57496
71	152	1.35492
71	155	0.461135
71	159	0.526893
71	164	1.38137
71	165	1.37042
71	167	0.462917
71	173	1.40083
71	179	0.585087
72	7	1.40061
72	9	1.29133
72	19	1.18408
72	27	1.17362
72	29	1.2098
72	55	1.20886
72	68	1.15583
72	103	1.27752
72	113	0.537575
72	122	1.24405
72	139	0.606173
72	140	0.666483
72	141	0.561077
72	148	1.24518
72	165	1.21126
72	170	0.61946
72	179	0.668169
73	25	1.38144
73	34	1.6429
73	80	1.34403
73	83	1.4865
73	89	1.42349
73	109	1.3534
73	121	1.37244
73	122	1.41796
73	135	0.448481
73	160	0.500523
73	162	0.523289
73	163	1.38472
73	171	0.486586
73	173	0.453142
73	174	0.523182
73	179	0.569051
74	10	1.19596
74	85	1.30923
74	90	1.35514
74	99	1.45457
74	120	0.530789
74	144	0.487562
74	148	1.39533
74	150	0.493783
74	151	0.536788
74	158	1.34611
74	163	1.36096
74	165	1.36142
74	167	1.43192
74	171	0.489476
74	173	1.39183
74	175	0.605288
74	180	0.559451
75	84	0.548871
75	117	1.37446
75	123	1.35285
75	124	1.35781
75	126	1.40227
75	128	1.33908
75	129	1.37593
75	131	1.36794
75	133	0.51378
75	135	0.48075
75	136	1.33538
75	137	1.40194
75	146	0.551076
75	150	0.523162
75	160	0.532792
75	170	0.552611
75	179	1.29333
76	17	1.19126
76	37	1.40372
76	44	1.42845
76	64	1.452
76	70	1.34898
76	86	1.3915
76	90	1.33598
76	130	0.526134
76	133	0.487683
76	134	1.3647
76	150	0.497064
76	163	1.3418
76	164	0.483393
76	165	1.34226
76	171	0.492757
76	175	0.608569
76	177	0.609982
77	33	1.40776
77	43	1.40168
77	45	1.36437
77	53	1.31698
77	62	1.2392
77	100	1.22089
77	105	0.510157
77	114	1.25188
77	116	1.3076
77	119	1.27355
77	134	1.32097
77	153	0.524242
77	154	0.59812
77	163	1.29807
77	169	0.579658
77	170	0.563047
77	171	0.52929
77	180	0.599266
78	5	1.34397
78	56	1.2457
78	57	1.40768
78	67	0.510185
78	71	1.34985
78	95	1.25598
78	104	1.32255
78	111	1.33974
78	133	0.500767
78	140	1.21055
78	162	0.542544
78	164	1.30659
78	165	1.29564
78	169	0.556209
78	170	0.539598
78	173	1.32605
78	177	0.623066
78	179	0.588306
79	84	0.546109
79	106	0.63078
79	115	1.43317
79	117	1.31113
79	123	1.28952
79	124	1.29448
79	126	1.33894
79	128	1.27576
79	129	1.3126
79	131	1.30462
79	136	1.27206
79	137	1.33861
79	142	0.588431
79	149	0.533645
79	153	0.511045
79	159	0.540364
79	174	0.552689
79	179	1.23
80	25	1.27132
80	34	1.53277
80	67	1.28466
80	73	1.34403
80	83	1.37638
80	89	1.31337
80	92	1.19487
80	109	1.24328
80	121	1.26232
80	122	1.30784
80	139	0.534695
80	146	0.546447
80	149	0.531777
80	163	1.2746
80	173	0.480781
80	175	0.630038
80	179	0.596691
80	180	0.584201
81	1	1.34593
81	21	1.4048
81	23	1.43527
81	36	1.3466
81	42	1.32421
81	66	1.2052
81	69	1.29719
81	118	0.50728
81	121	1.25856
81	139	1.2541
81	145	1.2741
81	147	0.557155
81	152	1.2558
81	155	0.485838
81	159	0.551596
81	168	0.678885
81	171	0.527324
81	180	0.5973
82	1	0.610868
82	15	0.584396
82	20	0.428547
82	47	0.664482
82	97	1.17815
82	126	0.606713
82	131	0.617777
82	144	1.26819
82	149	1.27367
82	154	1.20917
82	161	1.23329
82	169	1.21687
82	170	1.21169
82	174	1.24168
82	175	1.14685
82	176	1.09005
82	178	1.13906
82	180	1.19477
83	2	0.398977
83	25	1.4138
83	34	1.67525
83	73	1.4865
83	80	1.37638
83	89	1.45584
83	92	1.33734
83	103	0.458395
83	109	1.38576
83	113	0.39585
83	121	1.40479
83	122	1.45031
83	163	1.41707
83	168	0.59554
83	173	0.410535
83	175	0.559791
83	177	0.561204
83	179	0.526444
84	20	0.350832
84	27	0.533981
84	75	0.548871
84	79	0.546109
84	85	0.582599
84	100	0.589995
84	116	0.519785
84	153	1.3802
84	159	1.31169
84	162	1.3112
84	168	1.20803
84	169	1.29282
84	170	1.28764
84	174	1.31763
84	175	1.22279
84	176	1.166
84	177	1.21634
84	178	1.21501
84	180	1.27071
85	40	1.19809
85	60	1.22885
85	61	1.22147
85	74	1.30923
85	84	0.582599
85	99	1.35718
85	127	1.28983
85	132	0.564194
85	135	1.29771
85	140	1.17893
85	142	0.624921
85	147	1.24626
85	148	1.29794
85	151	0.599895
85	152	1.24851
85	153	0.547535
85	157	0.564206
85	159	0.576854
85	167	1.33453
86	15	1.39035
86	17	1.21445
86	37	1.4269
86	44	1.45163
86	64	1.47519
86	70	1.37217
86	76	1.3915
86	90	1.35917
86	92	0.556127
86	125	0.512811
86	134	1.38788
86	155	0.448227
86	163	1.36499
86	165	1.36545
86	167	0.450009
86	170	0.52347
86	174	0.52631
86	179	0.572179
86	180	0.559689
87	20	1.5471
87	28	1.32728
87	32	1.44215
87	35	1.27414
87	39	1.43813
87	48	1.40172
87	67	0.458247
87	92	1.29405
87	93	1.37395
87	118	0.433859
87	121	1.3615
87	122	1.40702
87	138	0.51313
87	139	0.474373
87	160	0.467841
87	168	0.605464
87	172	1.3364
87	176	0.62785
87	180	0.523879
88	4	1.28465
88	16	1.45472
88	24	1.38629
88	54	1.4131
88	96	1.37459
88	101	0.435737
88	102	1.44099
88	133	1.41975
88	139	0.501864
88	140	0.562174
88	145	1.39745
88	150	0.485702
88	154	0.550225
88	158	1.37935
88	160	0.495332
88	162	0.518098
88	172	1.35682
88	175	0.597207
88	179	1.3015
89	25	1.35078
89	34	1.61223
89	51	0.597475
89	67	1.36412
89	73	1.42349
89	80	1.31337
89	83	1.45584
89	92	1.27433
89	109	1.32274
89	121	1.34178
89	122	1.3873
89	147	0.489599
89	151	0.507081
89	163	1.35406
89	171	0.459768
89	172	0.500537
89	173	0.426325
89	178	0.581026
89	179	0.542234
90	15	1.33483
90	17	1.15893
90	37	1.37138
90	44	1.39611
90	64	1.41967
90	70	1.31665
90	74	1.35514
90	76	1.33598
90	86	1.35917
90	134	1.33236
90	135	0.477555
90	144	0.513746
90	147	0.54549
90	155	0.474173
90	163	1.30947
90	165	1.30993
90	171	0.515659
90	178	0.636917
90	179	0.598125
90	180	0.585635
91	22	1.32994
91	47	1.24461
91	50	1.34912
91	59	1.30012
91	65	1.29355
91	98	1.30155
91	107	1.38574
91	127	1.36353
91	133	1.36282
91	135	0.468079
91	140	0.586964
91	149	0.523736
91	151	0.553497
91	158	1.32242
91	161	0.551557
91	164	1.34867
91	166	0.530298
91	167	1.40823
91	174	0.542781
91	179	0.588649
92	45	0.537164
92	46	0.512738
92	48	1.2635
92	71	0.569035
92	80	1.19487
92	83	1.33734
92	86	0.556127
92	87	1.29405
92	89	1.27433
92	93	1.23573
92	114	0.554299
92	123	0.576103
92	139	1.21882
92	149	1.25801
92	152	0.56303
92	154	1.19351
92	163	1.23556
92	172	1.19819
92	178	1.1234
92	180	1.17911
93	20	1.48878
93	28	1.26896
93	32	1.38383
93	35	1.21582
93	39	1.37981
93	48	1.34341
93	87	1.37395
93	92	1.23573
93	103	1.38217
93	121	1.30318
93	122	1.3487
93	130	0.529693
93	133	0.491242
93	138	0.555543
93	139	0.516785
93	151	0.543628
93	154	0.565146
93	172	1.27809
93	174	0.532912
93	177	0.613541
94	108	1.43315
94	112	0.493108
94	115	1.44832
94	117	1.32629
94	123	1.30468
94	124	1.30964
94	126	1.3541
94	128	1.29092
94	129	1.32776
94	131	1.31978
94	133	0.517389
94	136	1.28722
94	137	1.35377
94	139	0.542933
94	162	0.559166
94	164	0.513099
94	169	0.572831
94	170	0.55622
94	179	1.24516
94	180	0.592439
95	5	1.32488
95	11	1.32895
95	56	1.22661
95	57	1.38859
95	71	1.33076
95	78	1.25598
95	104	1.30346
95	111	1.32065
95	130	0.531611
95	140	1.19146
95	142	0.570571
95	143	0.520753
95	152	1.26105
95	164	1.2875
95	165	1.27655
95	170	0.53199
95	172	0.539002
95	173	1.30696
95	175	0.614045
95	176	0.67218
95	180	0.568209
96	4	1.18615
96	16	1.35622
96	24	1.28779
96	54	1.3146
96	88	1.37459
96	102	1.34248
96	109	1.26437
96	133	1.32125
96	134	1.31859
96	140	0.594996
96	145	1.29895
96	147	0.544047
96	150	0.518523
96	151	0.561528
96	154	0.583046
96	158	1.28084
96	160	0.528154
96	168	0.665777
96	172	1.25832
96	174	0.550813
96	179	1.203
97	18	0.562737
97	30	0.547312
97	59	0.612644
97	65	0.653036
97	82	1.17815
97	115	0.54183
97	118	1.29762
97	153	1.29526
97	157	1.28615
97	161	1.22429
97	162	1.22626
97	163	0.574578
97	165	0.576134
97	168	1.12309
97	169	1.20788
97	170	1.2027
97	174	1.23269
97	176	1.08106
97	177	1.1314
97	178	1.13007
97	180	1.18578
98	18	1.3224
98	22	1.27226
98	47	1.18692
98	50	1.29143
98	59	1.24244
98	65	1.23587
98	91	1.30155
98	101	1.41276
98	107	1.32805
98	127	1.30585
98	134	0.555125
98	140	0.599474
98	144	0.516781
98	157	0.530317
98	158	1.26473
98	164	1.29099
98	166	0.542808
98	167	1.35054
98	172	0.559463
98	174	0.555291
98	179	0.60116
99	40	1.34344
99	60	1.37419
99	61	1.36682
99	74	1.45457
99	85	1.35718
99	101	0.455612
99	105	0.482137
99	112	0.471915
99	113	0.453142
99	127	1.43518
99	135	1.44306
99	140	1.32427
99	141	0.476644
99	142	0.573608
99	147	1.39161
99	148	1.44328
99	152	1.39386
99	157	0.512893
99	161	0.546643
99	167	1.47987
99	175	0.617082
100	14	1.31453
100	33	1.34779
100	43	1.34171
100	53	1.25701
100	62	1.17923
100	77	1.22089
100	84	0.589995
100	110	1.27406
100	112	0.530625
100	114	1.19191
100	116	1.24763
100	118	0.539936
100	119	1.21358
100	120	0.601292
100	127	1.26438
100	134	1.261
100	135	1.27225
100	139	1.22136
100	140	0.640759
100	144	0.558065
100	162	0.596683
100	179	0.642445
101	15	0.431008
101	37	0.415202
101	38	0.563162
101	47	1.35582
101	53	0.450457
101	88	0.435737
101	98	1.41276
101	99	0.455612
101	107	1.49695
101	122	0.460208
101	123	1.4153
101	124	1.42026
101	131	1.4304
101	136	1.39784
101	142	1.39686
101	148	0.423121
101	165	0.433939
101	171	1.45876
101	176	1.28731
101	178	1.33632
101	180	1.39202
102	4	1.25254
102	12	0.536687
102	16	1.42261
102	24	1.35419
102	54	1.38099
102	88	1.44099
102	96	1.34248
102	109	1.33077
102	125	0.524695
102	132	0.513209
102	133	1.38764
102	134	1.38498
102	141	0.476971
102	145	1.36535
102	153	0.496549
102	158	1.34724
102	162	0.538301
102	169	0.551965
102	172	1.32471
102	174	0.538194
102	179	1.26939
102	180	0.571573
103	21	0.204906
103	39	1.44636
103	55	1.38006
103	56	0.577469
103	58	0.473965
103	62	0.56347
103	68	1.32703
103	69	0.506875
103	72	1.27752
103	83	0.458395
103	93	1.38217
103	108	0.47746
103	121	1.36972
103	126	0.513399
103	150	1.42167
103	163	0.492457
103	165	1.38246
103	171	1.39229
103	172	1.34463
103	175	1.27763
103	177	1.27118
103	180	1.32555
104	5	1.39145
104	11	1.39552
104	56	1.29318
104	57	1.45517
104	71	1.39733
104	78	1.32255
104	95	1.30346
104	111	1.38723
104	140	1.25803
104	141	0.468233
104	142	0.565197
104	144	0.490945
104	150	0.497166
104	152	1.32762
104	157	0.504482
104	164	1.35407
104	165	1.34312
104	166	0.516973
104	168	0.64442
104	171	0.492859
104	173	1.37353
104	175	0.608671
105	42	0.461057
105	47	0.537619
105	48	0.502372
105	65	0.537365
105	77	0.510157
105	99	0.482137
105	122	0.486732
105	131	0.490913
105	146	1.3373
105	149	1.3713
105	157	1.39278
105	162	1.33288
105	165	0.460463
105	166	1.31641
105	168	1.22972
105	169	1.31451
105	171	1.35914
105	172	1.31148
105	173	1.37972
105	174	1.33931
105	176	1.18769
105	177	1.23803
105	180	1.2924
106	15	0.591353
106	21	0.305176
106	23	0.555834
106	28	0.623697
106	36	0.575473
106	62	0.663741
106	79	0.63078
106	121	0.609897
106	140	1.18553
106	143	1.29239
106	154	1.22811
106	156	1.24846
106	157	1.31409
106	161	1.25223
106	169	1.23582
106	170	1.23064
106	171	1.28045
106	174	1.26062
106	175	1.16579
106	177	1.15934
106	178	1.158
106	179	1.17747
106	180	1.21371
107	18	1.40659
107	22	1.35644
107	47	1.27111
107	50	1.37562
107	59	1.32662
107	65	1.32005
107	91	1.38574
107	98	1.32805
107	101	1.49695
107	118	0.458157
107	127	1.39004
107	133	1.38932
107	139	0.498671
107	150	0.482509
107	156	0.534054
107	158	1.34892
107	159	0.502473
107	162	0.514904
107	164	1.37518
107	166	0.502315
107	167	1.43473
107	169	0.528569
107	176	0.652148
107	179	0.560666
108	94	1.43315
108	103	0.47746
108	115	1.52106
108	117	1.39902
108	123	1.37742
108	124	1.38238
108	126	1.42684
108	128	1.36365
108	129	1.4005
108	131	1.39251
108	136	1.35995
108	137	1.42651
108	146	0.495265
108	149	0.480596
108	153	0.457996
108	154	0.531874
108	156	0.518896
108	167	0.423339
108	177	0.580269
108	178	0.5843
108	179	1.31789
109	73	1.3534
109	80	1.24328
109	83	1.38576
109	89	1.32274
109	96	1.26437
109	102	1.33077
109	128	1.23704
109	129	1.27388
109	131	1.2659
109	136	1.23334
109	137	1.29989
109	151	0.573354
109	156	0.581894
109	157	0.537664
109	158	1.26913
109	161	0.571414
109	163	1.28397
109	166	0.550155
109	170	0.559798
109	171	0.526041
109	172	1.2466
109	177	0.643267
109	178	0.647298
109	179	1.19128
110	12	0.524168
110	14	1.42768
110	26	1.52444
110	33	1.46094
110	45	1.41755
110	53	1.37015
110	62	1.29238
110	100	1.27406
110	114	1.30505
110	116	1.36077
110	119	1.32673
110	130	0.522457
110	134	1.37414
110	135	1.3854
110	139	1.3345
110	140	0.569859
110	160	0.503017
110	163	1.35125
110	164	0.479715
110	166	0.513193
110	167	0.449375
110	169	0.539447
110	172	0.529848
110	180	0.559055
111	5	1.40864
111	11	1.41271
111	13	1.39295
111	56	1.31037
111	57	1.47235
111	71	1.41452
111	78	1.33974
111	95	1.32065
111	104	1.38723
111	140	1.27522
111	144	0.487179
111	146	0.521314
111	147	0.518923
111	150	0.4934
111	152	1.34481
111	164	1.37126
111	165	1.36031
111	167	0.449388
111	170	0.522849
111	171	0.489092
111	172	0.529861
111	173	1.39072
111	176	0.663039
111	180	0.559068
112	39	0.456111
112	57	0.440947
112	94	0.493108
112	99	0.471915
112	100	0.530625
112	126	0.469627
112	128	0.525159
112	131	0.480691
112	132	1.35848
112	143	1.39885
112	148	0.439424
112	150	1.41629
112	151	1.33513
112	156	1.35492
112	158	0.473785
112	159	1.36115
112	166	1.34418
112	169	1.34228
112	171	1.38692
112	174	1.36709
112	175	1.27225
112	176	1.21546
112	177	1.2658
112	178	1.26447
112	180	1.32018
113	13	0.511364
113	32	0.44273
113	36	0.412657
113	65	0.50837
113	68	0.490872
113	72	0.537575
113	83	0.39585
113	99	0.453142
113	115	0.397164
113	132	1.41484
113	136	0.486725
113	138	1.37354
113	144	1.44995
113	146	1.42143
113	149	1.45544
113	160	1.4462
113	161	1.41505
113	165	0.431468
113	166	1.40054
113	168	1.31385
113	170	1.39346
113	174	1.42345
113	175	1.32861
113	176	1.27182
113	178	1.32083
113	180	1.37653
114	14	1.34552
114	26	1.44228
114	33	1.37878
114	43	1.3727
114	45	1.33539
114	53	1.288
114	62	1.21022
114	77	1.25188
114	92	0.554299
114	100	1.19191
114	110	1.30505
114	116	1.27862
114	119	1.24457
114	127	1.29537
114	134	1.29199
114	135	1.30325
114	155	0.446399
114	162	0.524589
114	163	1.26909
114	164	0.478522
114	169	0.538253
114	175	0.603698
114	176	0.661832
114	177	0.605111
114	178	0.609142
114	179	0.570351
115	79	1.43317
115	94	1.44832
115	97	0.54183
115	108	1.52106
115	113	0.397164
115	117	1.4142
115	123	1.39259
115	124	1.39755
115	126	1.44202
115	128	1.37883
115	129	1.41567
115	131	1.40769
115	136	1.37513
115	137	1.44168
115	161	0.490665
115	164	0.435928
115	167	0.405588
115	168	0.596853
115	169	0.49566
115	170	0.479049
115	172	0.486061
115	176	0.619239
115	179	1.33307
116	14	1.40124
116	26	1.498
116	33	1.4345
116	43	1.42842
116	45	1.39111
116	62	1.26594
116	77	1.3076
116	84	0.519785
116	100	1.24763
116	110	1.36077
116	114	1.27862
116	118	0.469725
116	119	1.30029
116	127	1.35108
116	134	1.34771
116	135	1.35896
116	139	1.30807
116	146	0.521991
116	155	0.448283
116	157	0.501392
116	160	0.503707
116	163	1.32481
116	167	0.450065
116	169	0.540137
116	175	0.605581
116	176	0.663716
116	178	0.611026
117	49	1.34698
117	63	1.43641
117	75	1.37446
117	79	1.31113
117	94	1.32629
117	108	1.39902
117	115	1.4142
117	123	1.27056
117	124	1.27552
117	126	1.31998
117	128	1.25679
117	129	1.29364
117	131	1.28565
117	132	0.512022
117	136	1.25309
117	137	1.31965
117	141	0.475785
117	144	0.498497
117	145	1.30699
117	153	0.495363
117	157	0.512034
117	159	0.524682
117	161	0.545784
117	168	0.651972
117	175	0.616223
117	176	0.674357
117	179	1.21103
117	180	0.570386
118	49	0.520013
118	81	0.50728
118	87	0.433859
118	97	1.29762
118	100	0.539936
118	107	0.458157
118	116	0.469725
118	120	1.33603
118	123	0.489645
118	124	0.524583
118	132	1.35255
118	143	1.39292
118	145	0.503739
118	152	0.476572
118	154	1.32864
118	156	1.34899
118	159	1.35522
118	160	1.38391
118	163	0.457996
118	168	1.25156
118	169	1.33635
118	170	1.33117
118	171	1.38098
118	175	1.26632
118	176	1.20953
118	177	1.25987
118	178	1.25853
118	180	1.31424
119	14	1.3672
119	26	1.46396
119	33	1.40046
119	43	1.39438
119	45	1.35707
119	53	1.30968
119	62	1.2319
119	67	0.520229
119	77	1.27355
119	100	1.21358
119	110	1.32673
119	114	1.24457
119	116	1.30029
119	127	1.31704
119	130	0.549262
119	134	1.31367
119	135	1.32492
119	139	1.27403
119	141	0.491259
119	147	0.545715
119	160	0.529823
119	163	1.29077
119	164	0.506521
119	168	0.667446
119	170	0.549642
119	172	0.556654
119	173	0.482441
119	178	0.637142
120	6	0.519353
120	12	1.21084
120	33	0.542328
120	43	0.5121
120	60	0.567452
120	74	0.530789
120	100	0.601292
120	118	1.33603
120	126	0.540295
120	130	1.25953
120	131	0.551359
120	134	0.555214
120	141	1.33397
120	148	0.510092
120	154	1.23858
120	155	1.32851
120	156	1.25892
120	159	1.26516
120	162	1.26466
120	166	1.24819
120	170	1.2411
120	171	1.29092
120	174	1.27109
120	175	1.17626
120	176	1.11946
120	177	1.1698
120	178	1.16847
120	180	1.22418
121	1	1.3781
121	8	0.513585
121	25	1.29973
121	35	1.20337
121	36	1.37877
121	48	1.33095
121	66	1.23737
121	69	1.32936
121	73	1.37244
121	80	1.26232
121	81	1.25856
121	83	1.40479
121	87	1.3615
121	89	1.34178
121	93	1.30318
121	103	1.36972
121	106	0.609897
121	142	0.567548
121	159	0.519481
121	160	0.509148
121	161	0.540583
121	162	0.531913
121	163	1.30301
121	164	0.485846
121	167	0.455506
121	168	0.646771
121	172	1.26564
121	177	0.612435
122	9	1.42906
122	12	0.540955
122	19	1.3218
122	20	1.52185
122	27	1.31135
122	35	1.24889
122	39	1.41289
122	72	1.24405
122	73	1.41796
122	80	1.30784
122	83	1.45031
122	87	1.40702
122	89	1.3873
122	93	1.3487
122	101	0.460208
122	105	0.486732
122	132	0.517477
122	144	0.503951
122	148	1.38291
122	150	0.510173
122	153	0.500817
122	154	0.574695
122	156	0.561718
122	163	1.34853
122	165	1.34899
122	169	0.556233
122	171	0.505865
122	172	1.31116
122	173	0.472421
123	2	0.464687
123	41	1.392
123	63	1.41481
123	75	1.35285
123	79	1.28952
123	92	0.576103
123	94	1.30468
123	101	1.4153
123	108	1.37742
123	115	1.39259
123	117	1.27056
123	118	0.489645
123	124	1.25391
123	126	1.29837
123	128	1.23518
123	129	1.27203
123	131	1.26404
123	133	0.504615
123	136	1.23148
123	137	1.29804
123	144	0.507775
123	145	1.28538
123	147	1.26482
123	153	0.504641
123	155	0.468203
123	169	0.560057
123	175	0.625501
123	176	0.683636
123	177	0.626914
123	179	1.18943
123	180	0.579665
124	41	1.39696
124	49	1.33033
124	75	1.35781
124	79	1.29448
124	94	1.30964
124	101	1.42026
124	108	1.38238
124	115	1.39755
124	117	1.27552
124	118	0.524583
124	123	1.25391
124	126	1.30333
124	128	1.24014
124	129	1.27699
124	131	1.269
124	133	0.539553
124	135	0.506522
124	136	1.23644
124	137	1.303
124	138	0.603854
124	139	0.565097
124	145	1.29034
124	147	1.26978
124	149	0.562179
124	155	0.503141
124	160	0.558565
124	162	0.58133
124	166	0.568741
124	167	0.504923
124	175	0.660439
124	179	1.19439
125	11	0.48443
125	14	0.528143
125	45	0.493848
125	57	0.493399
125	71	0.525719
125	86	0.512811
125	102	0.524695
125	130	1.29025
125	131	0.533143
125	142	1.25973
125	143	1.33357
125	144	1.32831
125	145	0.54688
125	146	1.29979
125	148	0.491876
125	149	1.33379
125	150	1.35101
125	152	0.519713
125	158	0.526237
125	159	1.29587
125	160	1.32456
125	162	1.29537
125	166	1.2789
125	168	1.19221
125	169	1.277
125	170	1.27182
125	171	1.32163
125	173	1.34221
125	175	1.20697
125	176	1.15018
125	177	1.20052
125	180	1.25489
126	41	1.44142
126	49	1.37479
126	63	1.46423
126	75	1.40227
126	79	1.33894
126	82	0.606713
126	94	1.3541
126	103	0.513399
126	108	1.42684
126	112	0.469627
126	115	1.44202
126	117	1.31998
126	120	0.540295
126	123	1.29837
126	124	1.30333
126	128	1.28461
126	129	1.32145
126	130	0.53236
126	131	1.31347
126	136	1.28091
126	137	1.34746
126	138	0.558209
126	141	0.474356
126	142	0.57132
126	145	1.3348
126	147	1.31425
126	149	0.516534
126	161	0.544355
126	167	0.459278
126	172	0.539751
126	173	0.465538
126	179	1.23885
127	18	1.38439
127	43	1.44517
127	53	1.36047
127	60	1.30685
127	61	1.29947
127	85	1.28983
127	91	1.36353
127	98	1.30585
127	99	1.43518
127	100	1.26438
127	107	1.39004
127	114	1.29537
127	116	1.35108
127	119	1.31704
127	141	0.484716
127	148	1.37594
127	149	0.526894
127	150	0.51365
127	151	0.556655
127	152	1.32652
127	154	0.578172
127	155	0.467856
127	158	1.32672
127	164	1.35297
127	166	0.533456
127	167	1.41253
127	171	0.509342
127	172	0.550111
127	173	0.475898
127	174	0.545939
127	178	0.630599
127	179	0.591808
128	49	1.3116
128	63	1.40104
128	67	1.27841
128	75	1.33908
128	79	1.27576
128	94	1.29092
128	108	1.36365
128	109	1.23704
128	112	0.525159
128	115	1.37883
128	117	1.25679
128	123	1.23518
128	124	1.24014
128	126	1.28461
128	129	1.25826
128	130	0.587891
128	131	1.25028
128	133	0.54944
128	135	0.516409
128	136	1.21772
128	137	1.28428
128	145	1.27162
128	147	1.25106
128	149	0.572066
128	161	0.599887
128	164	0.54515
128	170	0.588271
128	171	0.554514
128	173	0.52107
128	174	0.59111
128	176	0.728461
128	179	1.17566
129	41	1.41508
129	49	1.34845
129	63	1.43789
129	75	1.37593
129	79	1.3126
129	94	1.32776
129	108	1.4005
129	109	1.27388
129	115	1.41567
129	117	1.29364
129	123	1.27203
129	124	1.27699
129	126	1.32145
129	128	1.25826
129	130	0.556256
129	131	1.28713
129	136	1.25456
129	137	1.32112
129	144	0.520965
129	145	1.30846
129	146	0.555101
129	147	1.2879
129	151	0.570191
129	154	0.591709
129	155	0.481392
129	156	0.578731
129	159	0.54715
129	162	0.559582
129	164	0.513515
129	172	0.563648
129	173	0.489435
129	177	0.640104
129	179	1.21251
130	68	0.572377
130	76	0.526134
130	93	0.529693
130	95	0.531611
130	110	0.522457
130	119	0.549262
130	120	1.25953
130	125	1.29025
130	126	0.53236
130	128	0.587891
130	129	0.556256
130	132	1.27605
130	141	1.34754
130	144	1.31117
130	151	1.2527
130	156	1.27249
130	158	0.536518
130	160	1.30741
130	161	1.27627
130	162	1.27823
130	163	0.511417
130	165	0.512974
130	166	1.26176
130	168	1.17506
130	169	1.25985
130	170	1.25467
130	171	1.30449
130	174	1.28466
130	175	1.18983
130	177	1.18337
130	178	1.18204
130	179	1.2015
130	180	1.23775
131	41	1.40709
131	49	1.34047
131	63	1.4299
131	75	1.36794
131	79	1.30462
131	82	0.617777
131	94	1.31978
131	101	1.4304
131	105	0.490913
131	108	1.39251
131	109	1.2659
131	112	0.480691
131	115	1.40769
131	117	1.28565
131	120	0.551359
131	123	1.26404
131	124	1.269
131	125	0.533143
131	126	1.31347
131	128	1.25028
131	129	1.28713
131	136	1.24658
131	137	1.31314
131	145	1.30048
131	146	0.542268
131	153	0.504998
131	164	0.500682
131	166	0.534159
131	168	0.661607
131	170	0.543802
131	171	0.510046
131	173	0.476602
131	179	1.20452
132	24	0.538571
132	33	0.512626
132	35	0.60238
132	39	0.497077
132	70	0.505098
132	85	0.564194
132	102	0.513209
132	112	1.35848
132	113	1.41484
132	117	0.512022
132	118	1.35255
132	122	0.517477
132	130	1.27605
132	143	1.31937
132	145	0.535394
132	146	1.28559
132	148	0.48039
132	153	1.35018
132	156	1.27544
132	159	1.28167
132	160	1.31036
132	162	1.28118
132	163	0.489651
132	164	1.30855
132	166	1.26471
132	168	1.17801
132	170	1.25762
132	174	1.28761
132	175	1.19277
132	177	1.18632
132	178	1.18499
132	180	1.2407
133	30	0.4457
133	45	0.465676
133	47	1.24819
133	54	1.35975
133	56	0.557978
133	65	1.29714
133	75	0.51378
133	76	0.487683
133	78	0.500767
133	88	1.41975
133	91	1.36282
133	93	0.491242
133	94	0.517389
133	96	1.32125
133	102	1.38764
133	107	1.38932
133	123	0.504615
133	124	0.539553
133	128	0.54944
133	148	0.463705
133	157	1.38478
133	158	1.326
133	164	1.35226
133	165	0.474522
133	166	1.30841
133	167	1.41181
133	171	1.35114
133	172	1.30347
133	175	1.23648
133	176	1.17968
133	178	1.22869
133	179	1.24815
133	180	1.2844
134	14	1.41461
134	17	1.18765
134	54	1.35709
134	64	1.44839
134	70	1.34536
134	76	1.3647
134	77	1.32097
134	86	1.38788
134	90	1.33236
134	96	1.31859
134	98	0.555125
134	100	1.261
134	102	1.38498
134	110	1.37414
134	114	1.29199
134	116	1.34771
134	119	1.31367
134	120	0.555214
134	138	0.573128
134	142	0.586239
134	144	0.511987
134	145	1.34145
134	149	0.531453
134	153	0.508853
134	157	0.525524
134	158	1.32334
134	164	0.504537
134	165	1.33864
134	167	0.474196
134	169	0.564269
134	171	0.513901
134	172	1.30081
134	173	0.480457
134	178	0.635158
134	179	1.24549
135	16	0.459092
135	38	0.570715
135	49	0.501952
135	53	1.36835
135	60	1.31473
135	61	1.30735
135	73	0.448481
135	75	0.48075
135	85	1.29771
135	90	0.477555
135	91	0.468079
135	99	1.44306
135	100	1.27225
135	110	1.3854
135	114	1.30325
135	116	1.35896
135	119	1.32492
135	124	0.506522
135	128	0.516409
135	136	0.496748
135	137	0.462499
135	140	1.26481
135	145	0.485677
135	147	1.33214
135	150	1.38911
135	158	0.465035
135	159	1.33397
135	162	1.33347
135	163	1.34944
135	165	0.441492
135	166	1.317
135	167	1.42041
135	171	1.35973
135	178	1.23729
135	180	1.29299
136	13	1.29775
136	41	1.37453
136	49	1.3079
136	63	1.39734
136	67	1.27471
136	75	1.33538
136	79	1.27206
136	94	1.28722
136	101	1.39784
136	108	1.35995
136	109	1.23334
136	113	0.486725
136	115	1.37513
136	117	1.25309
136	123	1.23148
136	124	1.23644
136	126	1.28091
136	128	1.21772
136	129	1.25456
136	131	1.24658
136	135	0.496748
136	137	1.28057
136	138	0.59408
136	142	0.607191
136	145	1.26791
136	147	1.24736
136	151	0.582166
136	156	0.590706
136	159	0.559125
136	160	0.548791
136	167	0.495149
136	172	0.575622
136	173	0.501409
136	174	0.57145
136	176	0.7088
136	179	1.17196
136	180	0.604829
137	13	1.36431
137	31	0.530413
137	41	1.44109
137	49	1.37446
137	63	1.4639
137	67	1.34127
137	75	1.40194
137	79	1.33861
137	94	1.35377
137	108	1.42651
137	109	1.29989
137	115	1.44168
137	117	1.31965
137	123	1.29804
137	124	1.303
137	126	1.34746
137	128	1.28428
137	129	1.32112
137	131	1.31314
137	135	0.462499
137	136	1.28057
137	140	0.581384
137	143	0.523124
137	145	1.33447
137	146	0.532826
137	147	1.31391
137	149	0.518156
137	155	0.459117
137	162	0.537307
137	167	0.460899
137	170	0.53436
137	171	0.500604
137	172	0.541373
137	174	0.5372
137	176	0.67455
137	179	1.23852
137	180	0.570579
138	11	0.52056
138	19	0.567947
138	22	0.587911
138	24	0.586186
138	44	0.534128
138	51	1.20468
138	87	0.51313
138	93	0.555543
138	113	1.37354
138	124	0.603854
138	126	0.558209
138	134	0.573128
138	136	0.59408
138	142	1.20423
138	143	1.27807
138	144	1.27282
138	146	1.24429
138	147	1.23855
138	149	1.2783
138	150	1.29551
138	151	1.21435
138	152	0.555843
138	153	1.30888
138	155	1.30372
138	158	0.562367
138	160	1.26906
138	161	1.23791
138	162	1.23988
138	166	1.2234
138	168	1.13671
138	170	1.21632
