1	35	0.0536705
1	47	0.200899
1	114	0.273825
1	144	1.12702
1	170	1.08233
1	173	1.05624
1	174	1.06209
1	175	1.06378
1	177	1.05053
1	178	1.04218
1	179	1.06918
1	180	1.03759
2	12	1.03345
2	36	1.00095
2	40	0.980536
2	41	0.979263
2	42	0.978312
2	127	0.957507
2	132	1.62564
2	142	0.957045
2	147	0.979945
2	153	0.894436
2	169	0.883212
2	176	2.12797
3	52	0.964297
3	71	0.936342
3	72	0.995609
3	75	0.999826
3	93	0.998321
3	98	0.97718
3	102	0.970845
3	114	0.992967
3	140	2.03818
3	156	0.915469
3	160	0.86809
3	166	1.83352
4	33	1.00003
4	49	0.961189
4	51	0.955628
4	73	0.984711
4	121	0.990231
4	125	0.843678
4	133	0.975342
4	141	0.908302
4	158	0.95098
4	163	0.983138
4	166	0.900372
4	178	2.89429
5	17	1.02423
5	33	1.11173
5	49	1.07288
5	51	1.06732
5	73	1.0964
5	133	1.08704
5	158	1.06267
5	161	1.60005
5	163	1.09483
5	166	1.01207
5	176	1.35057
5	179	1.43418
6	7	1.0302
6	24	1.12523
6	45	1.10351
6	50	1.07798
6	59	1.06028
6	60	1.05967
6	127	1.07718
6	130	1.12484
6	141	1.02701
6	142	1.07672
6	176	1.26018
6	177	2.09595
7	6	1.0302
7	14	0.922088
7	24	1.00149
7	27	1.0044
7	45	0.979776
7	50	0.954242
7	59	0.93654
7	60	0.935935
7	126	1.49036
7	127	0.953442
7	130	2.21469
7	142	0.95298
8	96	1.03763
8	100	1.03353
8	101	1.07885
8	117	1.07852
8	118	1.075
8	119	1.07207
8	120	1.07425
8	129	1.0759
8	133	1.09258
8	143	2.55251
8	150	0.991267
8	159	1.00087
9	85	0.992717
9	88	0.960981
9	89	1.02092
9	92	1.0015
9	99	0.991257
9	128	0.942538
9	133	0.988051
9	138	1.23367
9	148	0.908958
9	153	0.90811
9	174	2.48624
9	176	0.895753
10	79	1.00087
10	88	0.960615
10	89	1.02056
10	92	1.00114
10	99	0.99089
10	122	1.22237
10	137	0.953373
10	148	0.908591
10	154	2.18993
10	161	0.88698
10	163	0.995481
10	176	0.895387
11	32	0.928586
11	71	1.72445
11	151	0.923839
11	156	0.902978
11	162	0.890013
11	167	0.828061
11	172	0.846162
11	173	0.858254
11	177	0.852549
11	178	0.844196
11	179	0.871198
11	180	0.839603
12	2	1.03345
12	36	1.11981
12	40	1.0994
12	41	1.09813
12	42	1.09718
12	87	1.06707
12	111	1.8396
12	115	1.40128
12	142	1.07591
12	147	1.09881
12	153	1.0133
12	169	1.00208
13	25	1.00156
13	29	1.00386
13	79	0.980781
13	85	0.972266
13	88	0.940531
13	89	1.00047
13	99	0.970806
13	128	0.922087
13	151	1.74878
13	162	2.037
13	163	0.975397
13	176	0.875303
14	7	0.922088
14	24	1.01712
14	45	0.995406
14	50	0.969871
14	59	0.952169
14	60	0.951564
14	123	1.2891
14	125	2.14746
14	127	0.969072
14	128	0.940429
14	137	0.951631
14	142	0.96861
15	77	1.05769
15	87	1.15042
15	100	1.04698
15	109	1.08118
15	119	1.08552
15	120	1.0877
15	129	1.08935
15	138	1.07875
15	147	1.1116
15	156	1.03894
15	170	2.03844
15	176	1.01374
16	77	0.939305
16	101	0.973917
16	105	0.97895
16	108	0.964028
16	116	2.03425
16	118	0.970071
16	119	0.967135
16	120	0.96932
16	122	1.25153
16	129	0.970966
16	147	0.993218
16	176	0.895354
17	5	1.02423
17	49	0.957214
17	51	0.951653
17	73	0.980736
17	121	0.986256
17	131	1.12903
17	133	0.971367
17	141	0.904327
17	158	0.947005
17	163	0.979163
17	166	0.896397
17	173	2.67873
18	37	0.931331
18	56	1.47129
18	57	0.963846
18	71	0.957898
18	93	1.01988
18	98	0.998736
18	107	0.993107
18	114	1.01452
18	155	2.26923
18	156	0.937024
18	160	0.889646
18	161	0.903414
19	29	1.00536
19	79	0.982272
19	85	0.973758
19	88	0.942022
19	89	1.00197
19	92	0.982545
19	99	0.972297
19	103	0.921845
19	128	0.923578
19	163	0.976888
19	165	2.80567
19	176	0.876794
20	54	1.07158
20	55	1.07495
20	64	1.10708
20	69	1.10873
20	84	1.01733
20	90	1.09861
20	94	1.08603
20	97	1.08262
20	104	1.92685
20	134	1.28591
20	158	1.11024
20	166	1.00616
21	57	1.02731
21	65	1.096
21	72	1.08063
21	75	1.08485
21	93	1.08334
21	98	1.0622
21	102	1.05587
21	107	1.05657
21	114	1.07799
21	165	1.37672
21	169	0.997108
21	180	2.07018
22	47	1.08845
22	64	1.09485
22	84	1.00511
22	90	1.08638
22	94	1.0738
22	97	1.0704
22	147	1.07447
22	156	1.67221
22	159	1.74638
22	160	0.954431
22	164	1.30878
22	166	0.993934
22	169	0.977738
23	66	1.01351
23	74	1.06625
23	76	1.07153
23	80	1.05161
23	86	1.04186
23	95	1.06366
23	104	0.986008
23	150	1.3629
23	154	1.0135
23	156	1.29833
23	158	1.03537
23	163	1.06753
23	175	2.11889
24	6	1.12523
24	7	1.00149
24	14	1.01712
24	27	1.09943
24	50	1.04927
24	53	0.938249
24	59	1.03157
24	60	1.03096
24	137	1.03103
24	141	0.998302
24	142	1.04801
24	165	2.07419
24	176	1.62721
25	13	1.00156
25	79	1.08131
25	85	1.0728
25	92	1.08158
25	99	1.07134
25	106	0.542033
25	133	1.06813
25	148	0.989037
25	153	0.988189
25	156	1.80861
25	157	2.16997
25	163	1.07593
25	176	0.975833
26	29	1.26772
26	80	0.388353
26	131	1.02792
26	135	1.02579
26	144	0.992174
26	168	0.938371
26	172	0.909296
26	173	0.921388
26	175	0.928934
26	177	0.915683
26	178	0.90733
26	179	0.934332
26	180	0.902737
27	7	1.0044
27	24	1.09943
27	45	1.07772
27	50	1.05218
27	59	1.03448
27	60	1.03388
27	106	1.1507
27	110	1.69865
27	127	1.05138
27	128	1.02274
27	141	1.00121
27	142	1.05092
27	158	1.52407
28	48	1.08599
28	69	1.09683
28	84	1.00543
28	90	1.0867
28	94	1.07413
28	97	1.07072
28	125	0.848077
28	147	1.07479
28	160	0.954755
28	164	1.28406
28	166	0.994258
28	169	0.978062
28	173	2.50636
29	13	1.00386
29	19	1.00536
29	26	1.26772
29	85	1.0751
29	88	1.04336
29	89	1.1033
29	92	1.08388
29	99	1.07364
29	122	1.08919
29	123	1.0266
29	161	0.969727
29	163	1.07823
29	176	0.978134
30	52	1.04929
30	57	1.02729
30	65	1.09597
30	71	1.02134
30	91	1.0097
30	98	1.06218
30	102	1.05584
30	107	1.05655
30	114	1.07796
30	134	1.40868
30	137	1.35843
30	161	0.966855
30	164	1.76279
31	44	1.07699
31	96	1.02023
31	100	1.01613
31	101	1.06145
31	104	1.25819
31	105	1.06648
31	109	1.05033
31	117	1.06112
31	118	1.0576
31	129	1.0585
31	140	1.48486
31	168	1.99735
31	176	0.982885
32	11	0.928586
32	45	0.504173
32	47	0.769779
32	74	0.999193
32	76	1.00447
32	95	0.996608
32	120	0.974352
32	129	0.975997
32	134	0.98748
32	173	0.880865
32	176	0.900385
32	179	0.893809
32	180	0.862213
33	4	1.00003
33	5	1.11173
33	49	1.04471
33	51	1.03914
33	73	1.06823
33	125	1.18721
33	133	1.05886
33	141	0.991818
33	144	1.56138
33	153	1.70859
33	158	1.0345
33	163	1.06665
33	166	0.983889
34	76	0.195837
34	94	0.0333976
34	119	0.243646
34	146	1.11002
34	157	1.05806
34	167	1.00406
34	172	1.02216
34	174	1.04011
34	175	1.0418
34	177	1.02855
34	178	1.0202
34	179	1.0472
34	180	1.0156
35	1	0.0536705
35	77	1.02369
35	96	1.01708
35	100	1.01298
35	108	1.04841
35	117	1.05797
35	118	1.05446
35	119	1.05152
35	120	1.0537
35	125	0.819814
35	129	1.05535
35	142	1.0547
35	180	3.0015
36	2	1.00095
36	12	1.11981
36	40	1.0669
36	41	1.06562
36	42	1.06467
36	127	1.04387
36	131	0.828761
36	142	1.04341
36	147	1.0663
36	153	0.980796
36	159	1.59377
36	169	0.969572
36	175	2.34016
37	18	0.931331
37	43	0.980843
37	52	0.943115
37	65	0.989795
37	71	0.91516
37	93	0.977138
37	98	0.955998
37	102	0.949663
37	107	0.95037
37	114	0.971785
37	140	1.49221
37	161	0.860676
37	178	2.59334
38	46	1.02956
38	62	0.98762
38	67	0.98673
38	74	1.03918
38	76	1.04446
38	78	1.07018
38	86	1.01479
38	95	1.0366
38	136	1.62188
38	154	0.986434
38	158	1.00831
38	163	1.04047
38	170	1.37533
38	173	1.89599
39	86	0.0905935
39	114	0.731278
39	124	1.02784
39	130	1.05236
39	134	1.1141
39	147	0.0362358
39	171	0.986671
39	172	0.995395
39	174	1.01334
39	175	1.01503
39	177	1.00178
39	178	0.993429
39	179	1.02043
39	180	0.988836
40	2	0.980536
40	12	1.0994
40	36	1.0669
40	41	1.04521
40	42	1.04426
40	103	1.22012
40	104	0.966597
40	127	1.02345
40	137	1.64735
40	142	1.02299
40	147	1.04589
40	153	0.960384
40	154	1.78753
40	169	0.94916
41	2	0.979263
41	12	1.09813
41	36	1.06562
41	40	1.04521
41	42	1.04299
41	104	0.965325
41	127	1.02218
41	142	1.02172
41	146	1.44861
41	147	1.04462
41	153	0.959112
41	162	1.88373
41	166	1.57411
41	169	0.947887
42	2	0.978312
42	12	1.09718
42	36	1.06467
42	40	1.04426
42	41	1.04299
42	104	0.964374
42	123	1.29848
42	127	1.02123
42	135	0.882478
42	142	1.02077
42	147	1.04367
42	153	0.958161
42	167	3.75607
42	169	0.946936
43	37	0.980843
43	57	1.01336
43	72	1.06668
43	75	1.07089
43	98	1.04825
43	102	1.04191
43	107	1.04262
43	114	1.06403
43	122	1.08336
43	145	3.54317
43	156	0.986536
43	160	0.939157
43	161	0.952926
43	175	1.00353
44	31	1.07699
44	100	0.976924
44	101	1.02224
44	109	1.01113
44	110	0.812243
44	117	1.02191
44	118	1.0184
44	119	1.01546
44	120	1.01765
44	129	1.01929
44	147	1.04154
44	154	0.989742
44	166	1.28634
44	180	2.72321
45	6	1.10351
45	7	0.979776
45	14	0.995406
45	27	1.07772
45	32	0.504173
45	50	1.02756
45	59	1.00986
45	60	1.00925
45	127	1.02676
45	128	0.998118
45	137	1.00932
45	141	0.976591
45	150	1.56542
45	174	2.13194
46	38	1.02956
46	61	0.964767
46	62	0.986004
46	67	0.985114
46	74	1.03756
46	76	1.04284
46	80	1.02293
46	86	1.01318
46	87	1.7825
46	95	1.03498
46	121	1.04594
46	126	1.71447
46	158	1.00669
46	163	1.03885
47	1	0.200899
47	22	1.08845
47	32	0.769779
47	54	1.04417
47	55	1.04754
47	84	0.989918
47	91	0.995856
47	94	1.05861
47	97	1.05521
47	147	1.05928
47	160	0.939243
47	166	0.978746
47	169	0.962549
47	175	2.58702
48	28	1.08599
48	54	1.04138
48	69	1.07853
48	84	0.987129
48	90	1.0684
48	94	1.05583
48	97	1.05242
48	128	1.30783
48	148	0.971833
48	151	1.52424
48	160	0.936454
48	161	2.04874
48	166	0.975957
48	169	0.959761
49	4	0.961189
49	5	1.07288
49	17	0.957214
49	33	1.04471
49	51	1.0003
49	66	0.973786
49	73	1.02938
49	121	1.0349
49	127	0.992552
49	141	0.952975
49	158	0.995654
49	163	1.02781
49	166	0.945046
49	168	2.19242
49	169	1.83906
50	6	1.07798
50	7	0.954242
50	14	0.969871
50	24	1.04927
50	27	1.05218
50	45	1.02756
50	59	0.984324
50	60	0.983718
50	112	2.58424
50	116	0.709204
50	128	0.972584
50	137	0.983785
50	141	0.951057
50	142	1.00076
50	150	1.58623
51	4	0.955628
51	5	1.06732
51	17	0.951653
51	33	1.03914
51	49	1.0003
51	73	1.02382
51	121	1.02934
51	131	1.0238
51	133	1.01445
51	141	0.947414
51	146	1.53454
51	158	0.990093
51	163	1.02225
51	166	0.939485
51	173	2.5735
52	3	0.964297
52	30	1.04929
52	37	0.943115
52	65	1.04432
52	68	0.860827
52	71	0.969681
52	75	1.03317
52	93	1.03166
52	98	1.01052
52	102	1.00418
52	107	1.00489
52	111	0.935784
52	114	1.02631
52	126	1.04435
52	180	3.04447
53	24	0.938249
53	102	1.38759
53	157	0.943022
53	165	0.940614
53	167	0.889029
53	168	0.936205
53	170	0.945316
53	171	0.898406
53	173	0.919222
53	174	0.925073
53	175	0.926769
53	177	0.913517
53	178	0.905164
53	179	0.932167
53	180	0.900571
54	20	1.07158
54	47	1.04417
54	48	1.04138
54	64	1.05057
54	84	0.960827
54	90	1.0421
54	94	1.02952
54	97	1.02612
54	148	0.945531
54	160	0.910152
54	161	1.55137
54	166	0.949654
54	169	0.933458
54	174	1.69116
54	175	1.88063
55	20	1.07495
55	47	1.04754
55	64	1.05394
55	69	1.05559
55	90	1.04547
55	94	1.03289
55	97	1.02948
55	112	0.917216
55	123	0.812874
55	148	0.948898
55	153	2.19261
55	158	1.57743
55	160	0.913519
55	166	0.953021
55	169	0.936825
56	18	1.47129
56	83	0.918811
56	121	0.806596
56	124	0.933844
56	152	0.944778
56	164	1.00186
56	170	0.93958
56	171	0.89267
56	172	0.901394
56	173	0.913487
56	175	0.921033
56	177	0.907781
56	178	0.899429
56	179	0.926431
56	180	0.894836
57	18	0.963846
57	21	1.02731
57	30	1.02729
57	43	1.01336
57	65	1.02231
57	71	0.947674
57	93	1.00965
57	98	0.988512
57	102	0.982177
57	107	0.982884
57	110	0.883635
57	111	0.913778
57	114	1.0043
57	156	0.926801
57	166	1.54768
57	178	2.85347
58	96	1.04487
58	101	1.08609
58	105	1.09112
58	108	1.0762
58	109	1.07497
58	117	1.08576
58	118	1.08224
58	119	1.07931
58	120	1.08149
58	129	1.08314
58	150	1.16303
58	151	1.06527
58	152	1.64925
58	156	1.03273
58	176	1.00753
58	177	2.17605
59	6	1.06028
59	7	0.93654
59	14	0.952169
59	24	1.03157
59	27	1.03448
59	45	1.00986
59	50	0.984324
59	60	0.966016
59	127	0.983524
59	128	0.954881
59	134	1.43291
59	137	0.966083
59	139	1.4684
59	141	0.933354
59	142	0.983062
59	148	2.24542
60	6	1.05967
60	7	0.935935
60	14	0.951564
60	24	1.03096
60	27	1.03388
60	45	1.00925
60	50	0.983718
60	59	0.966016
60	127	0.982919
60	128	0.954276
60	137	0.965478
60	141	0.932749
60	142	0.982457
60	156	1.46885
60	174	2.09994
60	176	1.71067
61	46	0.964767
61	72	0.072345
61	88	0.638244
61	149	0.996451
61	159	1.03006
61	164	1.06105
61	167	0.942483
61	170	0.99877
61	171	0.95186
61	173	0.972677
61	174	0.978528
61	175	0.980223
61	177	0.966971
61	178	0.958619
61	179	0.985621
61	180	0.954026
62	38	0.98762
62	46	0.986004
62	66	0.94289
62	67	0.943179
62	74	0.995629
62	76	1.00091
62	80	0.980991
62	86	0.971241
62	95	0.993044
62	104	0.91539
62	121	1.00401
62	131	1.76907
62	134	1.74236
62	138	1.83842
62	154	0.942883
62	158	0.964757
62	163	0.996915
63	72	0.0300573
63	80	0.938432
63	113	0.98229
63	136	0.995575
63	149	0.982006
63	155	0.999196
63	159	1.01561
63	163	0.304595
63	170	0.984325
63	171	0.937415
63	172	0.946139
63	173	0.958232
63	174	0.964082
63	175	0.965778
63	177	0.952526
63	179	0.971176
63	180	0.93958
64	20	1.10708
64	22	1.09485
64	54	1.05057
64	55	1.05394
64	69	1.08771
64	84	0.996318
64	90	1.07759
64	91	1.00226
64	94	1.06501
64	97	1.06161
64	123	0.810739
64	124	2.42895
64	141	1.83902
64	147	1.06568
64	148	0.981022
64	158	1.13706
64	169	0.968949
65	21	1.096
65	30	1.09597
65	37	0.989795
65	52	1.04432
65	57	1.02231
65	72	1.07563
65	91	1.00472
65	93	1.07834
65	98	1.0572
65	102	1.05086
65	107	1.05157
65	114	1.07299
65	136	1.9436
65	154	0.731242
65	161	0.961878
65	170	1.69706
65	179	1.68428
66	23	1.01351
66	49	0.973786
66	62	0.94289
66	73	0.997308
66	86	0.970062
66	93	1.0037
66	95	0.991865
66	102	0.976221
66	107	0.976928
66	114	0.998343
66	124	1.76166
66	146	1.18289
66	158	0.963577
66	160	0.873466
66	163	0.995735
66	166	0.912969
66	178	2.61419
67	38	0.98673
67	46	0.985114
67	62	0.943179
67	74	0.994739
67	76	1.00002
67	80	0.980101
67	86	0.970351
67	91	0.930369
67	95	0.992154
67	104	0.9145
67	121	1.00312
67	128	1.80029
67	137	1.28211
67	154	0.941993
67	158	0.963867
67	163	0.996025
67	176	2.29172
68	52	0.860827
68	69	0.403902
68	93	0.800917
68	106	1.10641
68	124	0.969935
68	130	0.994454
68	151	1.01516
68	165	0.97097
68	168	0.96656
68	170	0.975671
68	171	0.928761
68	172	0.937485
68	174	0.955428
68	177	0.943872
68	178	0.935519
68	179	0.962522
68	180	0.930926
69	20	1.10873
69	28	1.09683
69	48	1.07853
69	55	1.05559
69	64	1.08771
69	68	0.403902
69	90	1.07924
69	94	1.06667
69	97	1.06326
69	111	1.42798
69	112	0.950991
69	147	1.06733
69	148	0.982673
69	151	1.17207
69	166	0.986797
69	169	0.9706
69	178	2.45647
70	101	0.672965
70	107	0.521162
70	118	0.266827
70	132	1.00799
70	138	1.03068
70	143	0.954473
70	150	1.01859
70	159	1.0046
70	164	1.03559
70	171	0.9264
70	173	0.947217
70	174	0.953067
70	175	0.954763
70	177	0.941511
70	178	0.933158
70	179	0.960161
70	180	0.928565
71	3	0.936342
71	11	1.72445
71	18	0.957898
71	30	1.02134
71	37	0.91516
71	52	0.969681
71	57	0.947674
71	72	1.00099
71	75	1.00521
71	93	1.0037
71	98	0.982564
71	102	0.976229
71	114	0.998351
71	156	0.920853
71	157	1.62071
71	160	0.873474
71	161	0.887243
71	170	1.59754
72	3	0.995609
72	21	1.08063
72	43	1.06668
72	61	0.072345
72	63	0.0300573
72	65	1.07563
72	71	1.00099
72	75	1.06448
72	93	1.06297
72	98	1.04183
72	102	1.0355
72	107	1.0362
72	111	0.967096
72	114	1.05762
72	145	4.25683
72	154	0.81228
72	156	0.98012
72	160	0.932741
73	4	0.984711
73	5	1.0964
73	17	0.980736
73	33	1.06823
73	49	1.02938
73	51	1.02382
73	66	0.997308
73	78	1.08104
73	121	1.05843
73	130	1.5482
73	133	1.04354
73	134	0.724169
73	141	0.976497
73	158	1.01918
73	159	1.51589
73	160	2.58319
73	163	1.05133
73	166	0.968567
74	23	1.06625
74	32	0.999193
74	38	1.03918
74	46	1.03756
74	62	0.995629
74	67	0.994739
74	76	1.05247
74	80	1.03255
74	86	1.0228
74	95	1.0446
74	121	1.05557
74	126	1.13394
74	139	1.06973
74	154	0.994443
74	158	1.01632
74	162	2.00681
74	163	1.04847
74	176	1.9936
75	3	0.999826
75	21	1.08485
75	43	1.07089
75	52	1.03317
75	71	1.00521
75	72	1.06448
75	78	0.636336
75	93	1.06719
75	98	1.04605
75	102	1.03971
75	107	1.04042
75	114	1.06184
75	135	1.44724
75	156	0.984337
75	159	1.82787
75	160	0.936959
75	161	0.950727
75	174	2.38478
76	23	1.07153
76	32	1.00447
76	34	0.195837
76	38	1.04446
76	46	1.04284
76	62	1.00091
76	67	1.00002
76	74	1.05247
76	80	1.03783
76	86	1.02808
76	91	0.988099
76	95	1.04988
76	154	0.999723
76	156	1.04229
76	158	1.0216
76	163	1.05375
76	165	1.7311
76	172	2.89519
77	15	1.05769
77	16	0.939305
77	35	1.02369
77	96	0.930866
77	100	0.926768
77	101	0.972087
77	105	0.97712
77	106	0.896784
77	108	0.962198
77	109	0.960971
77	117	0.971757
77	119	0.965306
77	120	0.967491
77	129	0.969136
77	132	1.90285
77	152	2.71414
77	156	0.918728
77	176	0.893524
78	38	1.07018
78	73	1.08104
78	75	0.636336
78	80	1.06355
78	93	0.130064
78	95	1.0756
78	101	0.546159
78	109	0.176348
78	121	1.08656
78	154	1.02544
78	155	1.00082
78	158	1.04731
78	163	1.07947
78	165	0.981249
78	166	0.996705
78	177	0.954151
78	179	0.972801
78	180	0.941205
79	10	1.00087
79	13	0.980781
79	19	0.982272
79	25	1.08131
79	85	1.05201
79	88	1.02028
79	89	1.08022
79	92	1.0608
79	99	1.05055
79	123	0.414672
79	133	1.04735
79	137	1.01304
79	138	1.45096
79	141	1.88119
79	148	0.968255
79	153	0.967407
79	161	0.946644
79	176	0.955051
79	179	2.39786
80	23	1.05161
80	26	0.388353
80	46	1.02293
80	62	0.980991
80	63	0.938432
80	67	0.980101
80	74	1.03255
80	76	1.03783
80	78	1.06355
80	86	1.00816
80	91	0.968181
80	95	1.02997
80	104	0.952312
80	121	1.04093
80	128	1.55539
80	154	0.979805
80	158	1.00168
80	161	2.2963
80	163	1.03384
81	123	0.998076
81	133	2.9331
81	140	0.884183
81	143	0.82844
81	146	0.896949
81	149	0.844958
81	151	0.886768
81	165	0.842576
81	166	0.858031
81	167	0.79099
81	170	0.847277
81	171	0.800367
81	172	0.809091
81	173	0.821184
81	175	0.82873
81	178	0.807125
81	179	0.834128
81	180	0.802532
82	92	0.215271
82	117	0.502835
82	119	0.209368
82	132	1.05589
82	138	1.07858
82	142	0.180247
82	144	1.0659
82	150	1.06649
82	157	1.01892
82	165	1.01651
82	167	0.964925
82	168	1.0121
82	171	0.974302
82	172	0.983026
82	173	0.995118
82	177	0.989413
82	178	0.98106
82	179	1.00806
82	180	0.976467
83	56	0.918811
83	115	0.905928
83	134	0.922472
83	145	0.807932
83	147	3.16485
83	150	0.887228
83	152	0.847147
83	155	0.856821
83	164	0.904228
83	167	0.785663
83	169	0.836508
83	170	0.84195
83	171	0.79504
83	172	0.803764
83	173	0.815856
83	174	0.821707
83	177	0.810151
83	179	0.828801
83	180	0.797205
84	20	1.01733
84	22	1.00511
84	28	1.00543
84	47	0.989918
84	48	0.987129
84	54	0.960827
84	64	0.996318
84	90	0.987847
84	91	0.912511
84	94	0.975269
84	97	0.971864
84	112	0.859595
84	128	0.806594
84	148	0.891277
84	160	0.855898
84	166	0.895401
84	167	3.536
84	169	0.879204
84	172	2.04431
85	9	0.992717
85	13	0.972266
85	19	0.973758
85	25	1.0728
85	29	1.0751
85	79	1.05201
85	88	1.01176
85	89	1.07171
85	92	1.05229
85	99	1.04204
85	133	1.03883
85	135	1.13459
85	137	1.00452
85	153	0.958893
85	159	1.51523
85	161	0.93813
85	170	1.77926
85	175	2.26162
85	176	0.946536
86	23	1.04186
86	38	1.01479
86	39	0.0905935
86	46	1.01318
86	62	0.971241
86	66	0.970062
86	67	0.970351
86	74	1.0228
86	76	1.02808
86	80	1.00816
86	91	0.958431
86	95	1.02022
86	104	0.942562
86	121	1.03118
86	154	0.970055
86	155	1.48193
86	157	1.56006
86	158	0.991929
86	163	1.02409
86	172	3.0516
87	12	1.06707
87	15	1.15042
87	46	1.7825
87	130	0.954635
87	131	1.01629
87	132	0.970533
87	134	1.01638
87	136	0.947103
87	144	0.980546
87	151	0.975344
87	164	0.998131
87	168	0.926742
87	171	0.888943
87	172	0.897667
87	173	0.90976
87	174	0.91561
87	177	0.904054
87	178	0.895701
87	179	0.922704
87	180	0.891108
88	9	0.960981
88	10	0.960615
88	13	0.940531
88	19	0.942022
88	29	1.04336
88	61	0.638244
88	79	1.02028
88	85	1.01176
88	89	1.03997
88	92	1.02055
88	99	1.0103
88	128	0.961585
88	130	2.11227
88	133	1.0071
88	137	0.972786
88	139	1.32374
88	148	0.928005
88	153	0.927157
88	161	0.906394
88	163	1.01489
88	169	2.31499
88	176	0.914801
89	9	1.02092
89	10	1.02056
89	13	1.00047
89	19	1.00197
89	29	1.1033
89	79	1.08022
89	85	1.07171
89	88	1.03997
89	92	1.08049
89	99	1.07025
89	111	2.13241
89	116	1.09724
89	127	1.37238
89	133	1.06704
89	137	1.03273
89	148	0.987948
89	153	0.9871
89	156	1.9097
89	158	1.01649
89	161	0.966337
89	163	1.07484
89	176	0.974744
90	20	1.09861
90	22	1.08638
90	28	1.0867
90	48	1.0684
90	54	1.0421
90	55	1.04547
90	64	1.07759
90	69	1.07924
90	84	0.987847
90	91	0.993786
90	94	1.05654
90	97	1.05314
90	127	1.45896
90	131	1.30544
90	139	1.31422
90	147	1.05721
90	148	0.972551
90	154	1.36866
90	160	0.937172
90	166	0.976675
90	169	0.960479
90	176	2.23809
91	30	1.0097
91	47	0.995856
91	64	1.00226
91	65	1.00472
91	67	0.930369
91	76	0.988099
91	80	0.968181
91	84	0.912511
91	86	0.958431
91	90	0.993786
91	95	0.980234
91	97	0.977802
91	98	0.970926
91	102	0.964591
91	107	0.965298
91	110	0.825096
91	113	2.46834
91	114	0.986713
91	136	2.12848
91	163	0.984105
91	166	0.901339
91	169	0.885143
91	179	1.86915
92	9	1.0015
92	10	1.00114
92	19	0.982545
92	25	1.08158
92	29	1.08388
92	79	1.0608
92	82	0.215271
92	85	1.05229
92	88	1.02055
92	89	1.08049
92	99	1.05083
92	112	2.81576
92	125	0.953768
92	128	1.00211
92	133	1.04762
92	137	1.01331
92	141	1.56193
92	148	0.968527
92	153	0.967679
92	161	0.946917
92	163	1.05542
92	166	1.69859
92	176	0.955323
93	3	0.998321
93	18	1.01988
93	21	1.08334
93	37	0.977138
93	52	1.03166
93	57	1.00965
93	65	1.07834
93	66	1.0037
93	68	0.800917
93	71	1.0037
93	72	1.06297
93	75	1.06719
93	78	0.130064
93	98	1.04454
93	102	1.03821
93	107	1.03891
93	114	1.06033
93	127	1.06497
93	138	0.980799
93	156	0.982832
93	160	0.935453
93	161	0.949221
93	171	3.62699
94	20	1.08603
94	22	1.0738
94	28	1.07413
94	34	0.0333976
94	47	1.05861
94	48	1.05583
94	54	1.02952
94	55	1.03289
94	64	1.06501
94	69	1.06667
94	84	0.975269
94	90	1.05654
94	97	1.04056
94	112	0.928291
94	115	1.32142
94	141	1.34578
94	147	1.04463
94	148	0.959973
94	155	1.82026
94	160	0.924594
94	166	0.964097
94	169	0.9479
94	178	2.78823
95	23	1.06366
95	32	0.996608
95	38	1.0366
95	46	1.03498
95	62	0.993044
95	66	0.991865
95	67	0.992154
95	74	1.0446
95	76	1.04988
95	78	1.0756
95	80	1.02997
95	86	1.02022
95	91	0.980234
95	104	0.964365
95	116	0.992268
95	121	1.05298
95	127	1.0362
95	152	1.48695
95	154	0.991858
95	158	1.01373
95	160	2.07764
95	163	1.04589
95	171	2.96087
96	8	1.03763
96	31	1.02023
96	35	1.01708
96	58	1.04487
96	77	0.930866
96	100	0.920158
96	101	0.965478
96	103	0.803865
96	105	0.97051
96	108	0.955588
96	109	0.954361
96	117	0.965148
96	118	0.961632
96	119	0.958696
96	120	0.960881
96	121	0.994101
96	129	0.962526
96	133	0.979212
96	152	2.54966
96	154	0.932976
96	164	1.63545
96	169	2.30808
96	176	0.886914
97	20	1.08262
97	22	1.0704
97	28	1.07072
97	47	1.05521
97	48	1.05242
97	54	1.02612
97	55	1.02948
97	64	1.06161
97	69	1.06326
97	84	0.971864
97	90	1.05314
97	91	0.977802
97	94	1.04056
97	113	2.73166
97	122	0.686502
97	137	1.03926
97	147	1.04123
97	148	0.956568
97	160	0.921189
97	164	1.44362
97	166	0.960692
97	169	0.944495
97	170	2.14525
98	3	0.97718
98	18	0.998736
98	21	1.0622
98	30	1.06218
98	37	0.955998
98	43	1.04825
98	52	1.01052
98	57	0.988512
98	65	1.0572
98	71	0.982564
98	72	1.04183
98	75	1.04605
98	91	0.970926
98	93	1.04454
98	102	1.01707
98	107	1.01777
98	111	0.948668
98	114	1.03919
98	146	1.10755
98	157	1.649
98	161	0.928081
98	164	0.924211
98	169	1.59684
98	172	3.14054
99	9	0.991257
99	10	0.99089
99	13	0.970806
99	19	0.972297
99	25	1.07134
99	29	1.07364
99	79	1.05055
99	85	1.04204
99	88	1.0103
99	89	1.07025
99	92	1.05083
99	110	0.980379
99	128	0.99186
99	133	1.03737
99	137	1.00306
99	146	1.51892
99	148	0.95828
99	149	2.24813
99	153	0.957432
99	154	1.0714
99	161	0.936669
99	163	1.04517
99	168	2.36157
99	176	0.945076
100	8	1.03353
100	15	1.04698
100	31	1.01613
100	35	1.01298
100	44	0.976924
100	77	0.926768
100	96	0.920158
100	101	0.961379
100	105	0.966412
100	108	0.95149
100	109	0.950263
100	112	0.864338
100	117	0.961049
100	118	0.957534
100	119	0.954598
100	120	0.956783
100	121	0.990003
100	129	0.958428
100	146	1.40749
100	154	0.928878
100	164	1.22416
100	175	2.40815
100	176	0.882816
100	177	2.66517
101	8	1.07885
101	16	0.973917
101	31	1.06145
101	44	1.02224
101	58	1.08609
101	70	0.672965
101	77	0.972087
101	78	0.546159
101	96	0.965478
101	100	0.961379
101	105	1.01173
101	108	0.99681
101	109	0.995583
101	115	1.80277
101	117	1.00637
101	118	1.00285
101	119	0.999918
101	120	1.0021
101	129	1.00375
101	135	1.71192
101	142	1.0031
101	154	0.974198
101	156	0.95334
101	176	0.928136
101	179	2.3438
102	3	0.970845
102	21	1.05587
102	30	1.05584
102	37	0.949663
102	43	1.04191
102	52	1.00418
102	53	1.38759
102	57	0.982177
102	65	1.05086
102	66	0.976221
102	71	0.976229
102	72	1.0355
102	75	1.03971
102	91	0.964591
102	93	1.03821
102	98	1.01707
102	107	1.01144
102	114	1.03285
102	126	1.21688
102	131	1.1439
102	151	1.80153
102	156	0.955356
102	160	0.907977
102	161	0.921746
102	169	2.14393
103	19	0.921845
103	40	1.22012
103	96	0.803865
103	106	1.12456
103	122	1.13992
103	129	0.833916
103	130	1.0126
103	136	1.00507
103	139	1.0713
103	140	1.03073
103	144	1.03851
103	145	0.959805
103	157	0.991529
103	163	0.495602
103	165	0.989121
103	167	0.937535
103	170	0.993822
103	171	0.946912
103	173	0.967729
103	174	0.97358
103	175	0.975275
103	177	0.962023
103	178	0.95367
103	179	0.980673
103	180	0.949077
104	20	1.92685
104	23	0.986008
104	31	1.25819
104	40	0.966597
104	41	0.965325
104	42	0.964374
104	62	0.91539
104	67	0.9145
104	80	0.952312
104	86	0.942562
104	95	0.964365
104	105	1.09601
104	142	0.943107
104	147	0.966006
104	149	0.872396
104	152	0.879912
104	153	0.880498
104	164	0.936993
104	165	0.870014
104	167	0.818428
104	169	0.869273
104	172	0.836529
104	178	0.834563
104	179	0.861566
104	180	0.829971
105	16	0.97895
105	31	1.06648
105	58	1.09112
105	77	0.97712
105	96	0.97051
105	100	0.966412
105	101	1.01173
105	104	1.09601
105	108	1.00184
105	109	1.00062
105	112	0.914691
105	117	1.0114
105	118	1.00789
105	119	1.00495
105	120	1.00714
105	129	1.00878
105	133	1.02547
105	142	1.00813
105	143	2.79843
105	147	1.03103
105	148	1.26758
105	154	0.97923
105	164	0.80919
105	174	1.8037
105	176	0.933169
106	25	0.542033
106	27	1.1507
106	68	1.10641
106	77	0.896784
106	103	1.12456
106	117	0.774172
106	138	1.05083
106	142	0.229739
106	152	0.998654
106	155	1.00833
106	162	0.999123
106	164	1.05574
106	165	0.988756
106	166	1.00421
106	167	0.93717
106	168	0.984346
106	170	0.993457
106	172	0.955271
106	173	0.967364
106	174	0.973214
106	175	0.97491
106	177	0.961658
106	178	0.953305
106	179	0.980308
106	180	0.948712
107	18	0.993107
107	21	1.05657
107	30	1.05655
107	37	0.95037
107	43	1.04262
107	52	1.00489
107	57	0.982884
107	65	1.05157
107	66	0.976928
107	70	0.521162
107	72	1.0362
107	75	1.04042
107	91	0.965298
107	93	1.03891
107	98	1.01777
107	102	1.01144
107	111	0.943039
107	114	1.03356
107	144	1.44134
107	150	1.93115
107	154	1.23896
107	156	0.956063
107	160	0.908684
107	161	0.922453
107	168	2.52914
108	16	0.964028
108	35	1.04841
108	58	1.0762
108	77	0.962198
108	96	0.955588
108	100	0.95149
108	101	0.99681
108	105	1.00184
108	109	0.985694
108	117	0.99648
108	118	0.992964
108	119	0.990028
108	120	0.992214
108	121	1.02543
108	129	0.993859
108	132	1.26301
108	133	1.01054
108	134	0.805972
108	142	0.993212
108	147	1.01611
108	154	0.964309
108	156	0.94345
108	162	1.77854
108	165	2.21232
108	176	0.918247
108	177	2.60111
109	15	1.08118
109	31	1.05033
109	44	1.01113
109	58	1.07497
109	77	0.960971
109	78	0.176348
109	96	0.954361
109	100	0.950263
109	101	0.995583
109	105	1.00062
109	108	0.985694
109	111	0.9292
109	117	0.995253
109	118	0.991737
109	119	0.988801
109	120	0.990987
109	129	0.992632
109	133	1.00932
109	140	1.11339
109	141	0.772076
109	142	0.991985
109	154	0.963082
109	156	0.942223
109	167	4.30792
109	176	0.91702
109	177	2.04091
110	27	1.69865
110	44	0.812243
110	57	0.883635
110	91	0.825096
110	99	0.980379
110	138	1.04361
110	140	1.02315
110	144	1.03094
110	146	1.03591
110	149	0.983924
110	150	1.03152
110	151	1.02573
110	152	0.99144
110	157	0.983949
110	162	0.991909
110	164	1.04852
110	167	0.929956
110	168	0.977132
110	170	0.986243
110	172	0.948057
110	173	0.960149
110	174	0.966
110	177	0.954444
110	178	0.946091
110	179	0.973094
110	180	0.941498
111	12	1.8396
111	52	0.935784
111	57	0.913778
111	69	1.42798
111	72	0.967096
111	89	2.13241
111	98	0.948668
111	107	0.943039
111	109	0.9292
111	114	0.964455
111	117	0.939986
111	118	0.93647
111	119	0.933534
111	120	0.93572
111	129	0.937365
111	130	0.887109
111	138	0.925695
111	141	0.88701
111	160	0.839578
111	168	0.859215
111	173	0.842233
111	175	0.849779
111	176	0.861753
111	177	0.836527
111	178	0.828174
111	179	0.855177
111	180	0.823581
112	50	2.58424
112	55	0.917216
112	69	0.950991
112	84	0.859595
112	92	2.81576
112	94	0.928291
112	100	0.864338
112	105	0.914691
112	116	0.934956
112	117	0.909328
112	118	0.905812
112	127	0.906522
112	128	0.877879
112	129	0.906707
112	144	0.882361
112	154	0.877157
112	160	0.80892
112	166	0.848423
112	167	0.781381
112	169	0.832226
112	171	0.790758
112	172	0.799482
112	175	0.819121
112	176	0.831095
112	178	0.797516
112	179	0.824519
112	180	0.792923
113	63	0.98229
113	91	2.46834
113	97	2.73166
113	115	0.924663
113	124	0.854948
113	128	0.900895
113	139	0.938161
113	145	0.826667
113	149	0.858366
113	150	0.905963
113	151	0.900176
113	155	0.875556
113	159	0.891974
113	164	0.922962
113	167	0.804397
113	168	0.851573
113	169	0.855243
113	170	0.860684
113	171	0.813774
113	172	0.822498
113	173	0.834591
113	174	0.840442
113	177	0.828885
113	178	0.820533
113	179	0.847535
113	180	0.81594
114	1	0.273825
114	3	0.992967
114	18	1.01452
114	21	1.07799
114	30	1.07796
114	37	0.971785
114	39	0.731278
114	43	1.06403
114	52	1.02631
114	57	1.0043
114	65	1.07299
114	66	0.998343
114	71	0.998351
114	72	1.05762
114	75	1.06184
114	91	0.986713
114	93	1.06033
114	98	1.03919
114	102	1.03285
114	107	1.03356
114	111	0.964455
114	122	0.715312
114	132	1.57887
114	148	1.93434
114	156	0.977478
114	160	0.9301
114	161	0.943868
114	180	3.22166
115	12	1.40128
115	83	0.905928
115	94	1.32142
115	101	1.80277
115	113	0.924663
115	124	0.920962
115	126	0.996483
115	133	0.60763
115	134	1.00722
115	140	0.963604
115	146	0.97637
115	150	0.971977
115	151	0.96619
115	157	0.924405
115	162	0.932364
115	164	0.988976
115	165	0.921997
115	167	0.870411
115	169	0.921256
115	170	0.926698
115	171	0.879788
115	172	0.888512
115	173	0.900605
115	174	0.906456
115	175	0.908151
115	177	0.894899
115	178	0.886546
115	179	0.913549
115	180	0.881953
116	16	2.03425
116	50	0.709204
116	89	1.09724
116	95	0.992268
116	112	0.934956
116	126	1.02979
116	131	1.04045
116	138	1.01738
116	140	0.996914
116	143	0.94117
116	146	1.00968
116	147	0.331886
116	150	1.00529
116	151	0.999499
116	152	0.965205
116	155	0.974879
116	159	0.991297
116	164	1.02229
116	167	0.903721
116	168	0.950897
116	170	0.960008
116	172	0.921821
116	173	0.933914
116	174	0.939765
116	175	0.94146
116	177	0.928208
116	178	0.919856
116	179	0.946858
116	180	0.915263
117	8	1.07852
117	31	1.06112
117	35	1.05797
117	44	1.02191
117	58	1.08576
117	77	0.971757
117	82	0.502835
117	96	0.965148
117	100	0.961049
117	101	1.00637
117	105	1.0114
117	106	0.774172
117	108	0.99648
117	109	0.995253
117	111	0.939986
117	112	0.909328
117	118	1.00252
117	119	0.999588
117	120	1.00177
117	129	1.00342
117	133	1.0201
117	139	1.35869
117	142	1.00277
117	144	1.61551
117	147	1.02567
117	154	0.973868
117	156	0.95301
117	158	1.14754
117	160	3.18223
117	176	0.927806
118	8	1.075
118	16	0.970071
118	31	1.0576
118	35	1.05446
118	44	1.0184
118	58	1.08224
118	70	0.266827
118	96	0.961632
118	100	0.957534
118	101	1.00285
118	105	1.00789
118	108	0.992964
118	109	0.991737
118	111	0.93647
118	112	0.905812
118	117	1.00252
118	119	0.996072
118	120	0.998257
118	121	1.03148
118	127	1.07493
118	129	0.999902
118	133	1.01659
118	142	0.999255
118	147	1.02215
118	154	0.970352
118	161	2.10354
118	166	1.55765
118	173	2.4711
118	176	0.92429
118	179	1.93766
119	8	1.07207
119	15	1.08552
119	16	0.967135
119	34	0.243646
119	35	1.05152
119	44	1.01546
119	58	1.07931
119	77	0.965306
119	82	0.209368
119	96	0.958696
119	100	0.954598
119	101	0.999918
119	105	1.00495
119	108	0.990028
119	109	0.988801
119	111	0.933534
119	117	0.999588
119	118	0.996072
119	120	0.995321
119	121	1.02854
119	129	0.996966
119	133	1.01365
119	139	1.06522
119	142	0.996319
119	147	1.01922
119	148	1.84224
119	153	1.46924
119	156	0.946558
119	171	3.77198
119	176	0.921354
120	8	1.07425
120	15	1.0877
120	16	0.96932
120	32	0.974352
120	35	1.0537
120	44	1.01765
120	58	1.08149
120	77	0.967491
120	96	0.960881
120	100	0.956783
120	101	1.0021
120	105	1.00714
120	108	0.992214
120	109	0.990987
120	111	0.93572
120	117	1.00177
120	118	0.998257
120	119	0.995321
120	121	1.03073
120	129	0.999151
120	133	1.01584
120	135	1.25024
120	142	0.998504
120	144	1.13146
120	153	1.27867
120	156	0.948743
120	166	1.50211
120	176	0.923539
120	179	1.88212
120	180	2.93898
121	4	0.990231
121	17	0.986256
121	46	1.04594
121	49	1.0349
121	51	1.02934
121	56	0.806596
121	62	1.00401
121	67	1.00312
121	73	1.05843
121	74	1.05557
121	78	1.08656
121	80	1.04093
121	86	1.03118
121	95	1.05298
121	96	0.994101
121	100	0.990003
121	108	1.02543
121	118	1.03148
121	119	1.02854
121	120	1.03073
121	129	1.03237
121	136	1.90605
121	140	1.47136
121	144	0.896059
121	149	1.87041
121	151	1.2881
121	154	1.00282
121	158	1.0247
121	163	1.05685
121	166	0.974088
121	176	0.95676
121	177	2.39889
122	10	1.22237
122	16	1.25153
122	29	1.08919
122	43	1.08336
122	97	0.686502
122	103	1.13992
122	114	0.715312
122	124	1.00308
122	132	1.0435
122	133	0.405307
122	134	1.08934
122	139	1.0863
122	143	0.989984
122	144	1.05351
122	149	1.0065
122	150	1.0541
122	151	1.04831
122	155	1.02369
122	157	1.00653
122	162	1.01449
122	164	1.0711
122	165	1.00412
122	167	0.952534
122	168	0.99971
122	171	0.961911
122	172	0.970635
122	173	0.982727
122	174	0.988578
122	175	0.990274
122	177	0.977022
122	178	0.968669
122	179	0.995672
122	180	0.964076
123	14	1.2891
123	29	1.0266
123	42	1.29848
123	55	0.812874
123	64	0.810739
123	79	0.414672
123	81	0.998076
123	124	1.00778
123	125	1.11979
123	126	1.0833
123	129	0.371162
123	130	1.0323
123	136	1.02477
123	143	0.994681
123	144	1.05821
123	146	1.06319
123	151	1.05301
123	155	1.02839
123	157	1.01122
123	159	1.04481
123	161	0.998538
123	164	1.0758
123	167	0.957231
123	168	1.00441
123	171	0.966608
123	172	0.975332
123	173	0.987425
123	174	0.993276
123	175	0.994971
123	177	0.981719
123	178	0.973367
123	179	1.00037
123	180	0.968774
124	39	1.02784
124	56	0.933844
124	64	2.42895
124	66	1.76166
124	68	0.969935
124	113	0.854948
124	115	0.920962
124	122	1.00308
124	123	1.00778
124	125	0.963257
124	132	0.891664
124	139	0.93446
124	142	1.21413
124	143	0.838146
124	149	0.854665
124	152	0.862181
124	155	0.871855
124	157	0.85469
124	159	0.888273
124	162	0.862649
124	164	0.919261
124	165	0.852282
124	167	0.800696
124	168	0.847872
124	169	0.851542
124	170	0.856983
124	171	0.810073
124	177	0.825184
124	178	0.816832
124	179	0.843834
124	180	0.812239
125	4	0.843678
125	14	2.14746
125	28	0.848077
125	33	1.18721
125	35	0.819814
125	92	0.953768
125	123	1.11979
125	124	0.963257
125	132	1.00367
125	140	1.0059
125	143	0.950156
125	144	1.01369
125	146	1.01866
125	148	0.975623
125	149	0.966674
125	151	1.00848
125	155	0.983864
125	157	0.966699
125	159	1.00028
125	162	0.974658
125	165	0.964291
125	167	0.912706
125	168	0.959882
125	170	0.968993
125	171	0.922083
125	172	0.930807
125	173	0.942899
125	174	0.94875
125	175	0.950445
125	176	0.962419
125	177	0.937194
125	178	0.928841
125	179	0.955843
125	180	0.924248
126	7	1.49036
126	46	1.71447
126	52	1.04435
126	74	1.13394
126	102	1.21688
126	115	0.996483
126	116	1.02979
126	123	1.0833
126	130	0.951287
126	132	0.967185
126	135	1.01082
126	138	0.989873
126	140	0.969411
126	143	0.913668
126	144	0.977197
126	151	0.971996
126	152	0.937702
126	155	0.947376
126	157	0.930211
126	162	0.93817
126	165	0.927803
126	167	0.876218
126	168	0.923394
126	170	0.932505
126	171	0.885595
126	172	0.894319
126	173	0.906411
126	174	0.912262
126	175	0.913957
126	177	0.900706
126	178	0.892353
126	179	0.919355
126	180	0.88776
127	2	0.957507
127	6	1.07718
127	7	0.953442
127	14	0.969072
127	27	1.05138
127	36	1.04387
127	40	1.02345
127	41	1.02218
127	42	1.02123
127	45	1.02676
127	49	0.992552
127	59	0.983524
127	60	0.982919
127	89	1.37238
127	90	1.45896
127	93	1.06497
127	95	1.0362
127	112	0.906522
127	118	1.07493
127	137	0.982985
127	141	0.950257
127	142	0.999964
127	147	1.02286
127	153	0.937356
127	159	0.962863
127	162	0.937239
127	168	0.922462
127	169	0.926131
127	171	0.884663
127	174	0.91133
127	175	0.913026
127	177	0.899774
127	178	0.891421
127	179	0.918424
127	180	0.886828
128	9	0.942538
128	13	0.922087
128	14	0.940429
128	19	0.923578
128	27	1.02274
128	45	0.998118
128	48	1.30783
128	50	0.972584
128	59	0.954881
128	60	0.954276
128	67	1.80029
128	80	1.55539
128	84	0.806594
128	88	0.961585
128	92	1.00211
128	99	0.99186
128	112	0.877879
128	113	0.900895
128	135	0.981243
128	137	0.954343
128	140	0.939837
128	141	0.921614
128	142	0.971322
128	147	0.894736
128	161	0.88795
128	163	0.996451
128	164	0.965208
128	171	0.85602
128	172	0.864744
128	173	0.876837
128	174	0.882688
128	176	0.896357
128	178	0.862779
128	179	0.889781
128	180	0.858186
129	8	1.0759
129	15	1.08935
129	16	0.970966
129	31	1.0585
129	32	0.975997
129	35	1.05535
129	44	1.01929
129	58	1.08314
129	77	0.969136
129	96	0.962526
129	100	0.958428
129	101	1.00375
129	103	0.833916
129	105	1.00878
129	108	0.993859
129	109	0.992632
129	111	0.937365
129	112	0.906707
129	117	1.00342
129	118	0.999902
129	119	0.996966
129	120	0.999151
129	121	1.03237
129	123	0.371162
129	133	1.01748
129	137	1.26114
129	142	1.00015
129	147	1.02305
129	153	1.7509
129	154	0.971247
129	156	0.950388
129	158	1.13572
129	170	2.36713
129	176	0.925185
129	179	2.35435
130	6	1.12484
130	7	2.21469
130	39	1.05236
130	68	0.994454
130	73	1.5482
130	87	0.954635
130	88	2.11227
130	103	1.0126
130	111	0.887109
130	123	1.0323
130	126	0.951287
130	136	0.892752
130	138	0.938871
130	139	0.958979
130	140	0.918408
130	143	0.862665
130	144	0.926195
130	152	0.886699
130	155	0.896373
130	157	0.879208
130	161	0.866522
130	162	0.887168
130	164	0.94378
130	167	0.825215
130	168	0.872391
130	170	0.881502
130	171	0.834592
130	172	0.843316
130	173	0.855409
130	174	0.861259
130	175	0.862955
130	177	0.849703
130	178	0.84135
130	179	0.868353
130	180	0.836757
131	17	1.12903
131	26	1.02792
131	36	0.828761
131	51	1.0238
131	62	1.76907
131	87	1.01629
131	90	1.30544
131	102	1.1439
131	116	1.04045
131	132	0.97784
131	135	1.02147
131	136	0.954409
131	138	1.00053
131	139	1.02064
131	140	0.980065
131	144	0.987852
131	146	0.992831
131	149	0.94084
131	151	0.982651
131	154	0.982648
131	157	0.940866
131	159	0.974449
131	164	1.00544
131	165	0.938458
131	167	0.886872
131	168	0.934048
131	170	0.943159
131	171	0.896249
131	172	0.904973
131	174	0.922917
131	175	0.924612
131	176	0.936586
131	177	0.91136
131	178	0.903007
131	179	0.93001
131	180	0.898414
132	2	1.62564
132	70	1.00799
132	77	1.90285
132	82	1.05589
132	87	0.970533
132	108	1.26301
132	114	1.57887
132	122	1.0435
132	124	0.891664
132	125	1.00367
132	126	0.967185
132	131	0.97784
132	133	0.56273
132	135	0.975712
132	136	0.90865
132	137	0.948812
132	139	0.974877
132	143	0.878563
132	145	0.863382
132	149	0.895081
132	150	0.942678
132	151	0.936892
132	157	0.895106
132	159	0.92869
132	164	0.959678
132	165	0.892699
132	167	0.841113
132	168	0.888289
132	170	0.8974
132	172	0.859214
132	173	0.871307
132	174	0.877157
132	175	0.878853
132	176	0.890827
132	177	0.865601
132	178	0.857248
132	179	0.884251
132	180	0.852655
133	4	0.975342
133	5	1.08704
133	8	1.09258
133	9	0.988051
133	17	0.971367
133	25	1.06813
133	33	1.05886
133	51	1.01445
133	73	1.04354
133	79	1.04735
133	81	2.9331
133	85	1.03883
133	88	1.0071
133	89	1.06704
133	92	1.04762
133	96	0.979212
133	99	1.03737
133	105	1.02547
133	108	1.01054
133	109	1.00932
133	115	0.60763
133	117	1.0201
133	118	1.01659
133	119	1.01365
133	120	1.01584
133	122	0.405307
133	129	1.01748
133	132	0.56273
133	135	1.17354
133	141	0.967128
133	143	2.44905
133	155	1.10647
133	158	1.00981
133	163	1.04196
133	166	0.959198
133	168	1.4858
133	176	0.94187
134	20	1.28591
134	30	1.40868
134	32	0.98748
134	39	1.1141
134	59	1.43291
134	62	1.74236
134	73	0.724169
134	83	0.922472
134	87	1.01638
134	108	0.805972
134	115	1.00722
134	122	1.08934
134	135	1.02155
134	136	0.954492
134	143	0.924405
134	145	0.909224
134	149	0.940923
134	150	0.98852
134	151	0.982733
134	152	0.948439
134	157	0.940948
134	159	0.974532
134	161	0.928262
134	162	0.948907
134	164	1.00552
134	167	0.886955
134	168	0.934131
134	170	0.943242
134	171	0.896332
134	172	0.905056
134	173	0.917148
134	174	0.922999
134	175	0.924695
