1	36	0.474431
1	65	1.40559
1	100	0.400774
1	116	1.32622
1	134	1.39372
1	146	1.36325
1	148	1.40112
1	160	0.510242
1	161	0.514995
1	166	1.37107
1	176	1.33903
1	180	0.5067
2	10	0.470316
2	42	0.491499
2	71	1.3822
2	92	1.36947
2	112	0.490137
2	129	0.487219
2	130	1.33897
2	134	0.454424
2	149	1.37299
2	177	1.38291
2	179	1.37958
2	180	1.37388
3	57	1.43135
3	69	1.38858
3	73	0.448395
3	74	1.51135
3	76	1.42291
3	86	1.48957
3	90	1.55624
3	162	0.459888
3	164	0.446036
3	167	0.423262
3	180	0.429439
4	13	1.54153
4	58	1.36137
4	69	0.532143
4	95	0.495881
4	99	1.31277
4	105	1.31913
4	130	1.33103
4	135	1.37943
4	160	0.466323
4	174	0.448648
4	176	1.35474
4	177	0.460993
5	20	0.514108
5	65	0.448273
5	89	0.490956
5	118	0.462186
5	162	1.34879
5	173	1.39938
5	175	1.3868
5	176	0.480645
5	177	1.3699
5	178	1.36769
5	179	1.36657
5	180	1.36087
6	9	0.590157
6	18	1.16096
6	38	1.1908
6	39	1.20459
6	96	1.16601
6	100	0.538261
6	122	1.26527
6	132	0.652236
6	147	1.23997
6	149	1.17534
6	166	1.19706
6	173	0.623129
7	66	1.39836
7	77	0.490816
7	101	0.524453
7	110	0.474243
7	146	1.36755
7	148	1.40541
7	162	1.34245
7	163	0.44877
7	169	0.455242
7	174	1.37145
7	179	1.36024
7	180	1.35453
8	25	1.42002
8	80	0.487393
8	140	1.36004
8	141	1.357
8	154	0.481754
8	156	1.37092
8	157	0.505854
8	169	1.36301
8	171	1.38478
8	176	1.34422
8	179	0.467288
8	180	0.46501
9	6	0.590157
9	38	0.464479
9	80	1.33755
9	95	1.36026
9	102	0.489676
9	163	0.425331
9	165	1.35432
9	166	0.42604
9	175	1.40328
9	178	1.38417
9	179	1.38306
9	180	1.37736
10	2	0.470316
10	57	1.33085
10	69	1.28808
10	74	1.41085
10	76	1.32241
10	86	1.38908
10	90	1.45574
10	106	0.489437
10	134	0.448534
10	163	1.40298
10	165	0.512893
10	168	0.48216
11	21	1.3385
11	35	1.37621
11	46	0.313054
11	61	1.35296
11	66	1.42721
11	107	0.27271
11	117	0.283217
11	152	1.36475
11	157	1.34006
11	170	0.762334
11	172	0.773144
11	174	1.4003
12	81	0.521696
12	84	1.29665
12	104	1.33692
12	114	1.44972
12	119	1.40534
12	127	1.3811
12	129	1.38212
12	133	1.34814
12	144	0.453838
12	162	0.501281
12	174	0.456699
12	179	0.473111
13	4	1.54153
13	78	0.46285
13	81	0.466096
13	99	1.44187
13	105	1.44823
13	130	1.46013
13	135	1.50853
13	162	0.445681
13	166	1.51588
13	167	0.409056
13	175	0.40977
13	176	1.48384
13	180	0.415233
14	27	0.708113
14	34	0.503862
14	59	0.450442
14	90	0.441635
14	131	1.27851
14	141	0.489977
14	165	1.27438
14	168	1.31258
14	175	1.32334
14	177	1.30644
14	178	1.30423
14	179	1.30311
14	180	1.29741
15	57	1.26602
15	69	1.22324
15	74	1.34602
15	76	1.25757
15	86	1.32424
15	90	1.39091
15	139	0.531487
15	143	1.25386
15	150	0.521026
15	163	1.33815
15	168	0.526643
15	169	0.512221
15	174	0.512873
16	71	1.29913
16	87	1.27465
16	96	1.28059
16	115	1.37906
16	124	1.27566
16	142	0.515797
16	143	1.24645
16	147	1.35455
16	149	1.28991
16	157	0.554363
16	167	0.507342
16	179	0.515797
16	180	0.513519
17	33	0.483922
17	50	0.553657
17	64	1.28789
17	102	0.563167
17	125	1.25958
17	147	0.495304
17	159	0.497022
17	160	1.31858
17	165	1.27771
17	173	1.33926
17	177	1.30978
17	179	1.30645
17	180	1.30075
18	6	1.16096
18	89	1.29142
18	96	1.29397
18	122	1.39323
18	124	1.28904
18	147	1.36793
18	149	1.30329
18	150	1.30016
18	154	0.539786
18	168	0.52268
18	172	0.497453
18	177	0.521254
18	179	0.52532
19	109	1.28949
19	116	0.552839
19	126	1.3268
19	127	0.519713
19	153	0.514006
19	159	0.500144
19	169	0.508416
19	170	1.32653
19	173	1.31793
19	177	1.28846
19	178	1.28624
19	179	1.28513
19	180	1.27942
20	5	0.514108
20	92	1.31223
20	99	1.26347
20	130	1.28173
20	135	1.33013
20	138	1.29504
20	144	0.522951
20	157	1.27332
20	164	1.33865
20	170	0.503546
20	171	0.522451
20	176	1.30544
20	180	0.539945
21	11	1.3385
21	32	1.45279
21	35	1.26742
21	47	0.56729
21	61	1.24416
21	66	1.31841
21	88	0.475191
21	139	0.527402
21	150	0.516941
21	152	1.25595
21	157	1.23126
21	174	1.2915
21	175	0.517458
22	36	0.492272
22	51	0.565691
22	54	0.525285
22	92	1.30671
22	99	1.25795
22	105	1.2643
22	128	0.525757
22	130	1.2762
22	135	1.3246
22	137	1.33838
22	166	1.33195
22	172	0.498951
22	176	1.29991
23	31	1.36809
23	37	1.29376
23	46	1.23038
23	70	1.21046
23	72	1.28318
23	75	1.35591
23	111	0.511419
23	149	0.542198
23	163	1.32552
23	170	1.3327
23	171	0.510893
23	174	0.514254
23	175	0.522924
24	92	1.41731
24	99	1.36855
24	109	0.465352
24	130	1.38681
24	135	1.43521
24	138	1.40012
24	152	1.40309
24	157	1.3784
24	160	0.465878
24	165	0.492707
24	175	0.456873
24	176	1.41052
24	177	0.460547
24	178	0.466388
25	8	1.42002
25	28	0.436629
25	98	1.32537
25	112	1.38293
25	131	0.487094
25	135	0.465277
25	145	0.473837
25	147	0.442656
25	156	1.39954
25	159	1.43593
25	162	0.497879
25	169	1.39164
25	170	1.43116
25	171	1.41341
26	79	1.4623
26	103	0.489937
26	113	0.491774
26	132	1.35788
26	134	1.4252
26	136	1.36762
26	146	1.39474
26	148	1.4326
26	158	0.445306
26	165	0.491034
26	170	0.424264
26	172	1.38914
26	176	1.37052
26	180	0.460663
27	14	0.708113
27	42	1.10419
27	115	1.17431
27	153	1.11993
27	156	1.10154
27	158	1.11763
27	159	1.13793
27	166	0.689363
27	167	1.10224
27	169	1.09364
27	170	1.13316
27	171	1.11541
27	174	0.695777
27	177	0.708122
28	25	0.436629
28	50	0.503396
28	62	0.470691
28	117	1.36844
28	135	0.467663
28	139	1.38844
28	153	0.460622
28	160	1.41413
28	169	0.455032
28	175	1.42223
28	177	1.40534
28	178	1.40312
28	179	1.402
28	180	1.3963
29	52	1.35026
29	54	0.456438
29	63	0.480548
29	73	0.47465
29	84	1.33335
29	101	1.36643
29	102	0.498782
29	114	1.48643
29	119	1.44205
29	127	1.41781
29	129	1.41883
29	133	1.38484
29	160	0.459236
29	173	0.434635
30	37	1.39456
30	41	1.38002
30	70	1.31126
30	72	1.38398
30	75	1.45671
30	107	0.499052
30	137	1.41365
30	162	0.489545
30	163	1.42632
30	170	1.4335
30	172	0.433508
30	176	0.46496
30	177	0.457309
30	179	0.461375
31	23	1.36809
31	41	1.39558
31	46	1.34674
31	70	1.32682
31	72	1.39955
31	75	1.47227
31	118	0.460197
31	121	0.48996
31	153	0.463598
31	163	1.44188
31	166	0.452246
31	170	1.44906
31	171	0.4553
31	178	0.476846
32	21	1.45279
32	35	1.4905
32	61	1.46724
32	66	1.54149
32	127	0.428841
32	150	0.426348
32	152	1.47904
32	154	0.449072
32	157	1.45435
32	160	0.43587
32	164	0.448925
32	171	0.414834
32	174	1.51459
33	17	0.483922
33	42	1.40853
33	78	0.51208
33	124	1.37525
33	129	1.39443
33	133	1.36044
33	147	1.45413
33	149	1.3895
33	151	0.429509
33	169	1.39798
33	171	1.41975
33	174	0.450329
33	179	0.46674
33	180	0.464463
34	14	0.503862
34	63	1.31383
34	116	1.31184
34	123	1.3236
34	127	0.502171
34	132	1.31202
34	136	1.32175
34	141	0.496814
34	146	1.34887
34	148	1.38674
34	164	0.522256
34	166	1.35669
34	170	0.46926
34	176	1.32465
34	179	0.507937
35	11	1.37621
35	21	1.26742
35	32	1.4905
35	61	1.28187
35	66	1.35612
35	93	1.33603
35	100	0.420379
35	108	0.518598
35	152	1.29366
35	157	1.26897
35	171	0.508812
35	172	0.500716
35	174	1.32921
35	179	0.528583
35	180	0.526306
36	1	0.474431
36	22	0.492272
36	52	0.51445
36	84	0.550548
36	116	0.497988
36	124	1.29811
36	135	0.466196
36	147	1.37699
36	149	1.31236
36	159	1.36513
36	169	1.32084
36	171	1.34261
36	173	1.35176
36	179	1.31895
36	180	1.31325
37	23	1.29376
37	30	1.39456
37	41	1.32126
37	46	1.27242
37	70	1.2525
37	72	1.32523
37	75	1.39795
37	95	0.525133
37	110	0.496251
37	163	1.36756
37	165	0.522405
37	167	0.485857
37	169	0.477249
37	170	1.37474
37	178	0.496086
38	6	1.1908
38	9	0.464479
38	65	0.492
38	71	1.34235
38	87	1.31787
38	89	1.32126
38	121	0.535676
38	122	1.42307
38	124	1.31889
38	147	1.39777
38	149	1.33314
38	151	0.483557
38	156	0.503765
38	166	1.35486
38	178	0.522562
39	6	1.20459
39	71	1.35614
39	87	1.33166
39	89	1.33505
39	96	1.3376
39	101	0.551035
39	124	1.33268
39	142	0.498886
39	147	1.41156
39	149	1.34693
39	150	1.34379
39	161	0.504904
39	170	0.460209
39	175	0.491146
39	179	0.498886
40	75	0.473719
40	88	0.472665
40	113	1.29759
40	124	0.533143
40	137	0.506798
40	144	1.34621
40	151	1.36846
40	155	1.33518
40	165	1.30144
40	166	0.499848
40	169	0.505611
40	173	1.36298
40	177	1.3335
40	179	1.33017
40	180	1.32447
41	30	1.38002
41	31	1.39558
41	37	1.32126
41	46	1.25788
41	70	1.23795
41	72	1.31068
41	75	1.38341
41	100	0.417955
41	118	0.511284
41	128	0.525098
41	155	0.525554
41	163	1.35302
41	167	0.517704
41	170	1.3602
41	171	0.506387
42	2	0.491499
42	27	1.10419
42	33	1.40853
42	140	1.34221
42	141	1.33918
42	152	0.518443
42	153	1.37148
42	154	0.52045
42	156	1.35309
42	158	1.36918
42	166	0.483158
42	169	1.34519
42	171	1.36696
42	173	0.482647
42	178	0.507758
43	87	1.28835
43	96	1.2943
43	115	1.39277
43	120	0.527039
43	122	1.39355
43	124	1.28937
43	130	0.496979
43	147	1.36826
43	149	1.30362
43	152	0.513833
43	163	1.34444
43	164	0.515692
43	166	1.32535
43	169	0.484311
43	170	0.462696
44	50	1.20208
44	80	0.554776
44	94	1.35963
44	102	1.21139
44	110	1.27903
44	123	0.536464
44	145	0.538799
44	153	1.29689
44	156	1.27851
44	158	1.2946
44	159	1.3149
44	168	0.532031
44	169	1.2706
44	171	1.29237
44	173	0.511334
44	180	0.532393
45	58	0.541544
45	85	0.506269
45	107	1.28159
45	130	0.530698
45	139	1.26338
45	141	0.523969
45	143	0.552775
45	154	1.27296
45	162	1.25916
45	168	1.28641
45	173	1.30975
45	175	1.29717
45	176	0.538677
45	177	1.28028
45	178	1.27806
45	180	1.27124
46	11	0.313054
46	23	1.23038
46	31	1.34674
46	37	1.27242
46	41	1.25788
46	70	1.18912
46	72	1.26184
46	75	1.33457
46	113	0.612029
46	126	0.549081
46	137	1.29151
46	138	0.581123
46	163	1.30418
46	169	0.566133
46	170	1.31136
46	179	0.583195
47	21	0.56729
47	76	1.22236
47	86	1.28903
47	89	1.25024
47	90	1.3557
47	94	0.491006
47	130	0.542872
47	135	0.542834
47	147	1.32675
47	148	0.519978
47	149	1.26212
47	156	0.530244
47	175	1.28893
47	177	1.27204
47	178	1.26982
47	180	1.26301
48	68	1.23824
48	84	1.21131
48	101	1.24439
48	104	1.25158
48	114	1.36438
48	119	1.32
48	127	1.29576
48	129	1.29678
48	133	1.2628
48	144	0.531388
48	164	1.31476
48	169	0.533598
48	172	0.522793
48	173	0.527323
48	174	0.534249
48	176	0.554245
49	79	1.35024
49	116	1.24565
49	123	1.25741
49	126	0.520891
49	130	0.550611
49	132	1.24582
49	134	1.31314
49	136	1.25556
49	146	1.28268
49	151	0.517774
49	167	1.28585
49	170	0.516328
49	172	1.27708
49	174	1.28658
49	175	0.547264
49	180	0.552727
50	17	0.553657
50	28	0.503396
50	44	1.20208
50	94	1.35514
50	97	0.55645
50	110	1.27454
50	135	0.532044
50	153	1.2924
50	156	1.27401
50	158	1.2901
50	159	1.3104
50	160	0.53774
50	169	1.26611
50	171	1.28788
50	174	0.520064
50	176	1.24732
51	22	0.565691
51	75	0.495092
51	78	1.23762
51	82	1.30172
51	97	1.2631
51	143	0.561729
51	148	0.516759
51	154	1.27368
51	156	0.527025
51	168	1.28712
51	169	0.526984
51	173	1.31047
51	175	1.29789
51	178	1.27878
51	179	1.27766
51	180	1.27196
52	29	1.35026
52	36	0.51445
52	59	1.40183
52	77	0.567509
52	101	1.20657
52	104	1.21376
52	114	1.32656
52	119	1.28219
52	127	1.25795
52	129	1.25897
52	133	1.22498
52	158	0.531362
52	164	1.27694
52	172	0.52113
52	173	0.52566
52	175	0.541256
53	68	1.23824
53	84	1.21131
53	98	0.548617
53	101	1.24439
53	104	1.25158
53	114	1.36438
53	119	1.32
53	127	1.29576
53	129	1.29678
53	133	1.2628
53	150	0.52566
53	154	0.548384
53	162	0.562089
53	164	1.31476
53	167	0.525463
53	170	0.495241
54	22	0.525285
54	29	0.456438
54	87	0.514574
54	90	0.444176
54	94	0.447381
54	96	0.522048
54	154	1.34979
54	160	1.3659
54	164	1.37009
54	165	1.32504
54	168	1.36324
54	170	1.39518
54	171	0.483869
54	175	1.374
54	178	1.35489
54	179	1.35378
54	180	1.34808
55	77	1.30468
55	88	1.44322
55	91	1.33789
55	95	0.517469
55	97	0.506621
55	102	1.29976
55	110	1.3674
55	141	1.35297
55	144	0.467375
55	153	1.38527
55	155	0.486042
55	156	1.36688
55	158	1.38297
55	169	1.35897
55	174	0.470236
55	175	0.478906
55	177	0.482581
56	67	0.499174
56	108	1.31167
56	110	1.31564
56	120	1.23896
56	125	0.545476
56	141	1.30121
56	144	0.501095
56	153	1.33351
56	155	0.519762
56	159	1.35151
56	167	1.31582
56	169	1.30722
56	171	1.32899
56	172	1.30705
56	174	0.503956
56	176	1.28843
56	178	0.522141
56	180	0.518089
57	3	1.43135
57	10	1.33085
57	15	1.26602
57	69	1.21228
57	74	1.33506
57	76	1.24661
57	86	1.31328
57	90	1.37995
57	100	0.434066
57	137	1.31452
57	143	1.2429
57	151	0.50504
57	152	0.55473
57	155	0.541665
57	163	1.32719
57	167	0.533816
57	172	0.514403
57	174	0.525859
58	4	1.36137
58	45	0.541544
58	73	0.528304
58	92	1.31048
58	99	1.26172
58	105	1.26807
58	130	1.27997
58	135	1.32837
58	137	1.34215
58	154	0.526092
58	157	1.27157
58	164	1.3369
58	166	1.33572
58	167	0.503171
58	173	0.488289
58	176	1.30368
58	177	0.50756
58	178	0.513401
59	14	0.450442
59	52	1.40183
59	68	1.41186
59	82	0.452286
59	84	1.38493
59	101	1.41801
59	104	1.4252
59	119	1.49362
59	127	1.46938
59	129	1.4704
59	133	1.43641
59	145	0.458646
59	164	1.48837
59	172	0.42665
59	176	0.458102
59	177	0.450451
59	178	0.456292
59	179	0.454517
60	61	1.26664
60	71	1.30539
60	82	0.519505
60	122	1.38611
60	131	0.539121
60	132	1.27323
60	144	0.502464
60	146	1.31009
60	147	1.36081
60	148	1.34795
60	149	1.29618
60	157	1.25375
60	160	0.523
60	169	0.504673
60	173	0.498399
60	174	1.31399
60	176	1.28587
60	180	0.519458
61	11	1.35296
61	21	1.24416
61	32	1.46724
61	35	1.28187
61	60	1.26664
61	66	1.33286
61	85	1.31943
61	93	1.31277
61	138	0.527003
61	142	0.529076
61	150	0.520818
61	152	1.2704
61	157	1.24572
61	161	0.535094
61	170	0.490399
61	172	0.501209
61	173	0.505739
61	174	1.30596
62	28	0.470691
62	69	1.22774
62	76	1.26207
62	86	1.32874
62	90	1.3954
62	105	1.2559
62	113	0.532604
62	117	0.551955
62	131	0.521156
62	135	1.3162
62	137	1.32997
62	140	1.30732
62	158	1.33429
62	165	0.531864
62	169	1.3103
62	171	1.33207
62	175	0.49603
62	179	0.503771
63	29	0.480548
63	34	1.31383
63	79	1.37802
63	85	0.498928
63	94	0.471491
63	116	1.27342
63	132	1.27359
63	136	1.28333
63	146	1.31045
63	148	1.34831
63	157	0.566317
63	162	0.555921
63	167	1.31362
63	168	0.52511
63	172	1.30485
63	173	0.504414
63	174	1.31435
63	176	1.28623
64	17	1.28789
64	66	0.49712
64	81	1.26568
64	115	0.485073
64	117	1.27874
64	136	0.540392
64	140	0.511995
64	141	0.518696
64	151	1.3506
64	155	1.31731
64	159	0.504484
64	160	1.32443
64	161	1.30717
64	175	1.33253
64	176	0.533404
64	177	1.31564
64	178	1.31342
64	180	1.3066
65	1	1.40559
65	5	0.448273
65	38	0.492
65	83	0.462108
65	116	1.3508
65	123	1.36256
65	128	0.475327
65	132	1.35097
65	134	1.41829
65	135	0.471956
65	136	1.36071
65	145	0.480516
65	146	1.38783
65	148	1.42569
65	162	0.504558
65	172	1.38223
65	174	1.39173
65	175	0.468647
65	176	1.36361
66	7	1.39836
66	11	1.42721
66	21	1.31841
66	32	1.54149
66	35	1.35612
66	61	1.33286
66	64	0.49712
66	85	1.39368
66	93	1.38702
66	152	1.34466
66	154	0.486941
66	157	1.31997
66	165	0.500568
66	170	0.433798
66	174	1.38021
66	176	0.47606
66	177	0.468409
66	178	0.47425
66	180	0.470198
67	56	0.499174
67	97	1.36343
67	115	0.439236
67	119	0.468858
67	122	0.459086
67	139	1.36443
67	143	0.501664
67	149	0.495515
67	158	0.466347
67	161	1.37285
67	162	1.3602
67	166	0.461156
67	170	1.41939
67	173	1.4108
67	175	1.39821
67	177	1.38132
67	178	1.3791
67	179	1.37799
67	180	1.37228
68	48	1.23824
68	53	1.23824
68	59	1.41186
68	80	0.579261
68	84	1.18352
68	101	1.2166
68	104	1.22379
68	111	0.53991
68	114	1.33659
68	119	1.29221
68	127	1.26797
68	129	1.26899
68	133	1.23501
68	150	0.550898
68	151	0.521925
68	164	1.28697
68	167	0.550701
68	172	0.531289
68	173	0.535819
69	3	1.38858
69	4	0.532143
69	10	1.28808
69	15	1.22324
69	57	1.21228
69	62	1.22774
69	74	1.29228
69	76	1.20384
69	86	1.27051
69	90	1.33717
69	100	0.464054
69	118	0.557384
69	137	1.27174
69	143	1.20012
69	163	1.28441
69	168	0.569618
69	172	0.544391
69	177	0.568192
69	180	0.569981
70	23	1.21046
70	30	1.31126
70	31	1.32682
70	37	1.2525
70	41	1.23795
70	46	1.18912
70	72	1.24192
70	75	1.31465
70	93	1.26806
70	106	0.558569
70	125	0.579041
70	137	1.27159
70	150	0.545674
70	151	0.516701
70	153	0.542459
70	158	0.536297
70	163	1.28425
70	170	1.29143
70	172	0.526065
71	2	1.3822
71	16	1.29913
71	38	1.34235
71	39	1.35614
71	60	1.30539
71	89	1.31502
71	96	1.31757
71	109	0.511936
71	124	1.31264
71	126	0.477084
71	137	0.495323
71	143	1.28342
71	147	1.39153
71	149	1.32689
71	163	1.36771
71	172	0.483331
71	175	0.503457
71	176	0.514783
71	177	0.507132
71	178	0.512973
72	23	1.28318
72	30	1.38398
72	31	1.39955
72	37	1.32523
72	41	1.31068
72	46	1.26184
72	70	1.24192
72	75	1.38737
72	78	0.539241
72	93	1.34079
72	137	1.34431
72	138	0.491829
72	154	0.508368
72	157	0.532468
72	159	0.468567
72	163	1.35698
72	170	1.36416
72	174	0.477491
72	176	0.497487
72	180	0.491624
73	3	0.448395
73	29	0.47465
73	58	0.528304
73	75	0.472898
73	90	0.462388
73	101	0.574001
73	110	1.34012
73	120	1.26344
73	121	1.30759
73	136	1.31
73	146	1.33713
73	148	1.37499
73	149	0.533386
73	158	1.35569
73	163	0.498318
73	171	1.35347
73	173	1.36262
73	174	1.34103
73	179	1.32981
73	180	1.32411
74	3	1.51135
74	10	1.41085
74	15	1.34602
74	57	1.33506
74	69	1.29228
74	76	1.32661
74	86	1.39328
74	90	1.45995
74	137	1.39452
74	138	0.475588
74	139	0.479863
74	143	1.3229
74	145	0.481788
74	150	0.469402
74	157	0.516227
74	163	1.40719
74	170	0.438983
74	177	0.473594
74	180	0.475382
75	23	1.35591
75	30	1.45671
75	31	1.47227
75	37	1.39795
75	40	0.473719
75	41	1.38341
75	46	1.33457
75	51	0.495092
75	70	1.31465
75	72	1.38737
75	73	0.472898
75	93	1.41351
75	117	0.504404
75	137	1.41704
75	142	0.45622
75	145	0.460348
75	163	1.42971
75	165	0.484313
75	170	1.43689
75	172	0.428353
75	173	0.432883
76	3	1.42291
76	10	1.32241
76	15	1.25757
76	47	1.22236
76	57	1.24661
76	62	1.26207
76	69	1.20384
76	74	1.32661
76	86	1.30484
76	90	1.3715
76	110	0.53258
76	137	1.30608
76	143	1.23446
76	144	0.511369
76	163	1.31874
76	164	0.54496
76	166	0.507815
76	175	0.5229
76	177	0.526575
76	179	0.530641
76	180	0.528363
77	7	0.490816
77	52	0.567509
77	55	1.30468
77	88	1.36458
77	97	0.543661
77	103	1.21359
77	108	1.28479
77	112	1.27162
77	139	0.52589
77	141	1.27432
77	153	1.30662
77	156	1.28824
77	158	1.30433
77	159	1.32463
77	161	0.529704
77	169	1.28033
77	171	1.3021
77	172	1.28017
77	174	0.507276
77	177	0.519621
77	179	0.523687
78	13	0.46285
78	33	0.51208
78	51	1.23762
78	72	0.539241
78	90	0.49105
78	97	1.27626
78	123	0.552308
78	126	1.3325
78	129	0.547044
78	136	0.561087
78	142	1.29791
78	144	1.30686
78	145	1.30691
78	155	1.29583
78	162	1.27304
78	163	0.52698
78	175	1.31105
78	177	1.29415
78	178	1.29193
78	179	1.29082
78	180	1.28512
79	26	1.4623
79	49	1.35024
79	63	1.37802
79	80	0.483077
79	121	0.477861
79	123	1.38779
79	126	0.428858
79	132	1.37621
79	134	1.44352
79	136	1.38594
79	143	1.35568
79	145	0.4671
79	146	1.41306
79	148	1.45092
79	150	0.454714
79	157	0.501538
79	164	0.477291
79	172	1.40747
79	176	1.38884
79	177	0.458906
79	179	0.462972
80	8	0.487393
80	9	1.33755
80	44	0.554776
80	68	0.579261
80	79	0.483077
80	99	0.558387
80	103	0.552275
80	106	1.28582
80	111	1.28928
80	115	0.480534
80	128	1.28944
80	145	1.30145
80	147	0.498227
80	155	1.29036
80	161	1.28022
80	162	1.26757
80	173	1.31816
80	177	1.28869
80	178	1.28647
80	179	1.28535
80	180	1.27965
81	12	0.521696
81	13	0.466096
81	64	1.26568
81	107	1.28888
81	115	0.509015
81	140	0.535936
81	147	0.526708
81	151	1.32253
81	153	0.542287
81	154	1.28025
81	160	1.29636
81	161	1.2791
81	164	1.30055
81	168	1.2937
81	171	0.533988
81	173	1.31704
81	175	1.30446
81	176	0.557345
81	177	1.28757
81	178	1.28535
81	180	1.27853
82	51	1.30172
82	59	0.452286
82	60	0.519505
82	113	1.32234
82	126	1.3966
82	140	0.485119
82	146	0.494363
82	156	0.485921
82	161	1.34979
82	165	1.32619
82	166	0.480118
82	167	1.36541
82	169	0.485881
82	171	0.483171
82	172	1.35664
82	173	1.38773
82	175	1.37515
82	176	0.506528
82	177	1.35825
82	178	1.35604
82	179	1.35492
82	180	1.34922
83	65	0.462108
83	91	1.33113
83	94	1.44125
83	103	1.28547
83	109	0.491634
83	113	0.519729
83	120	1.28396
83	139	0.493098
83	140	1.34924
83	141	1.34621
83	150	1.3406
83	152	0.503355
83	153	1.37851
83	155	0.49029
83	156	1.36012
83	159	1.39651
83	160	0.49216
83	163	0.467361
83	167	1.36082
83	169	1.35221
83	171	1.37398
83	180	0.488618
84	12	1.29665
84	29	1.33335
84	36	0.550548
84	48	1.21131
84	53	1.21131
84	59	1.38493
84	68	1.18352
84	100	0.47689
84	101	1.18967
84	104	1.19686
84	114	1.30966
84	115	1.32628
84	119	1.26528
84	126	0.55098
84	127	1.24104
84	129	1.24206
84	133	1.20808
84	151	0.547863
84	167	0.57664
84	170	0.546417
84	175	0.577354
84	180	0.582817
85	45	0.506269
85	61	1.31943
85	63	0.498928
85	66	1.39368
85	91	1.33636
85	96	0.494759
85	103	1.29069
85	107	0.51403
85	114	1.42149
85	126	0.442238
85	127	1.35287
85	129	1.35389
85	133	1.3199
85	136	0.486925
85	157	1.30653
85	159	1.40173
85	160	0.477616
85	162	0.504523
85	169	1.35744
85	171	1.37921
85	174	1.36677
85	178	0.478127
86	3	1.48957
86	10	1.38908
86	15	1.32424
86	47	1.28903
86	57	1.31328
86	62	1.32874
86	69	1.27051
86	74	1.39328
86	76	1.30484
86	89	0.509656
86	90	1.43817
86	137	1.37274
86	143	1.30112
86	155	0.495155
86	163	1.38541
86	164	0.510079
86	170	0.457083
86	172	0.467893
86	174	0.479349
86	176	0.499345
86	179	0.49576
86	180	0.493482
87	16	1.27465
87	38	1.31787
87	39	1.33166
87	43	1.28835
87	54	0.514574
87	89	1.29053
87	96	1.29308
87	118	1.32761
87	122	1.39234
87	124	1.28816
87	143	1.25894
87	147	1.36704
87	149	1.30241
87	155	0.515503
87	158	0.498473
87	159	0.490773
87	160	0.517372
87	163	1.34323
87	166	1.32413
87	168	0.513468
87	176	0.519693
87	178	0.517883
87	179	0.516108
88	21	0.475191
88	40	0.472665
88	55	1.44322
88	77	1.36458
88	95	0.485988
88	98	1.35261
88	103	1.35213
88	108	1.42333
88	110	1.42731
88	112	1.41017
88	132	0.460937
88	140	1.4159
88	153	1.44517
88	158	1.44287
88	159	1.46317
88	161	0.461184
88	164	0.469485
88	168	0.452526
88	169	1.41888
88	171	1.44065
88	173	0.431829
88	175	0.447426
88	177	0.4511
89	5	0.490956
89	18	1.29142
89	38	1.32126
89	39	1.33505
89	47	1.25024
89	71	1.31502
89	86	0.509656
89	87	1.29053
89	96	1.29648
89	108	0.509085
89	122	1.39573
89	124	1.29155
89	138	0.516998
89	143	1.26233
89	147	1.37044
89	149	1.3058
89	160	0.520335
89	163	1.34662
89	164	0.533389
89	166	1.32753
89	167	0.510616
89	172	0.491203
89	176	0.522655
90	3	1.55624
90	10	1.45574
90	14	0.441635
90	15	1.39091
90	47	1.3557
90	54	0.444176
90	57	1.37995
90	62	1.3954
90	69	1.33717
90	73	0.462388
90	74	1.45995
90	76	1.3715
90	78	0.49105
90	86	1.43817
90	97	0.465684
90	137	1.43941
90	143	1.36779
90	154	0.460176
90	157	0.484276
90	160	0.446974
90	161	0.451727
90	163	1.45208
90	164	0.460029
91	55	1.33789
91	83	1.33113
91	85	1.33636
91	92	0.53349
91	102	1.25433
91	112	1.30484
91	114	0.48509
91	120	1.2453
91	141	1.30754
91	149	0.532216
91	151	0.483452
91	152	0.533143
91	156	1.32145
91	158	1.33754
91	159	1.35784
91	160	0.521947
91	167	1.32215
91	169	1.31355
91	171	1.33532
91	173	0.497346
91	174	0.504272
91	175	0.512942
91	176	1.29476
92	2	1.36947
92	20	1.31223
92	22	1.30671
92	24	1.41731
92	58	1.31048
92	91	0.53349
92	99	1.26189
92	105	1.26824
92	106	0.522619
92	130	1.28014
92	135	1.32854
92	145	0.52211
92	152	1.29643
92	157	1.27174
92	161	0.524
92	164	1.33707
92	166	1.33589
92	167	0.509527
92	170	0.479305
92	172	0.490115
92	176	1.30385
92	177	0.513916
92	180	0.515704
93	35	1.33603
93	61	1.31277
93	66	1.38702
93	70	1.26806
93	72	1.34079
93	75	1.41351
93	106	0.491129
93	123	1.33094
93	131	0.503878
93	134	1.38668
93	136	1.32909
93	138	0.48442
93	145	0.490621
93	148	1.39408
93	150	0.478234
93	161	0.49251
93	164	0.500811
93	168	0.483852
93	170	1.3903
93	172	1.35062
93	174	1.36012
93	179	0.486492
94	44	1.35963
94	47	0.491006
94	50	1.35514
94	54	0.447381
94	63	0.471491
94	83	1.44125
94	97	0.468889
94	102	1.36445
94	106	0.453552
94	113	0.477748
94	138	1.39447
94	140	1.42069
94	141	1.41765
94	142	0.448915
94	150	1.41205
94	153	1.44995
94	158	1.44766
94	159	1.46796
94	165	0.477008
94	169	1.42366
94	171	1.44543
94	174	0.432504
94	175	0.441174
95	4	0.495881
95	9	1.36026
95	37	0.525133
95	55	0.517469
95	88	0.485988
95	117	1.2745
95	126	1.34974
95	127	0.530231
95	134	0.49973
95	145	1.32415
95	148	0.508708
95	154	1.30408
95	162	1.29028
95	165	1.27933
95	166	0.513171
95	168	1.31752
95	169	0.518934
95	173	1.34087
95	175	1.32829
95	177	1.31139
95	178	1.30918
95	179	1.30806
95	180	1.30236
96	6	1.16601
96	16	1.28059
96	18	1.29397
96	39	1.3376
96	43	1.2943
96	54	0.522048
96	71	1.31757
96	85	0.494759
96	87	1.29308
96	89	1.29648
96	111	0.504336
96	115	1.3975
96	122	1.39829
96	124	1.2941
96	134	0.487316
96	147	1.37299
96	149	1.30835
96	154	0.538048
96	161	0.529599
96	163	1.34917
96	173	0.500245
96	174	0.507171
96	179	0.523582
97	50	0.55645
97	51	1.2631
97	55	0.506621
97	67	1.36343
97	77	0.543661
97	78	1.27626
97	90	0.465684
97	94	0.468889
97	143	0.542831
97	144	1.33234
97	147	0.498096
97	161	1.31117
97	162	1.29852
97	165	1.28757
97	169	0.508086
97	171	0.505377
97	172	1.31802
97	173	1.34911
97	175	1.33653
97	177	1.31963
97	178	1.31742
97	179	1.3163
97	180	1.3106
98	25	1.32537
98	53	0.548617
98	88	1.35261
98	102	1.20915
98	115	1.34903
98	120	1.20011
98	123	0.521667
98	131	0.537259
98	140	1.26539
98	141	1.26235
98	145	0.524002
98	150	1.25675
98	152	0.532334
98	153	1.29465
98	156	1.27627
98	157	0.55844
98	158	1.29236
98	162	0.548044
98	169	1.26836
98	170	1.30788
98	171	1.29013
98	176	1.24957
98	179	0.519874
98	180	0.517596
99	4	1.31277
99	13	1.44187
99	20	1.26347
99	22	1.25795
99	24	1.36855
99	58	1.26172
99	80	0.558387
99	92	1.26189
99	105	1.21947
99	127	0.532517
99	130	1.23138
99	135	1.27978
99	152	1.24766
99	157	1.22297
99	164	1.2883
99	165	0.566375
99	166	1.28713
99	167	0.529827
99	172	0.510415
99	173	0.514945
99	174	0.521871
99	176	1.25509
99	177	0.534216
99	178	0.540057
100	1	0.400774
100	6	0.538261
100	35	0.420379
100	41	0.417955
100	57	0.434066
100	69	0.464054
100	84	0.47689
100	101	0.449119
100	130	1.43068
100	133	0.415439
100	135	1.47908
100	136	0.407544
100	141	1.46717
100	148	0.369682
100	156	1.48108
100	159	1.51747
100	166	1.48642
100	169	1.47317
100	171	1.49495
100	173	1.5041
100	176	1.45439
100	177	1.47462
100	179	1.47129
100	180	1.46559
101	7	0.524453
101	29	1.36643
101	39	0.551035
101	48	1.24439
101	52	1.20657
101	53	1.24439
101	59	1.41801
101	68	1.2166
101	73	0.574001
101	84	1.18967
101	100	0.449119
101	104	1.22994
101	114	1.34274
101	115	1.35936
101	119	1.29836
101	127	1.27412
101	129	1.27514
101	133	1.24116
101	138	0.555251
101	164	1.29312
101	170	0.518646
101	172	0.529456
101	175	0.549583
101	180	0.555046
102	9	0.489676
102	17	0.563167
102	29	0.498782
102	44	1.21139
102	55	1.29976
102	91	1.25433
102	94	1.36445
102	98	1.20915
102	108	1.27987
102	109	0.546723
102	127	0.54022
102	131	0.563371
102	140	1.27244
102	151	0.508754
102	153	1.30171
102	156	1.28332
102	158	1.29941
102	159	1.31971
102	161	0.552003
102	169	1.27542
102	171	1.29719
102	172	1.27525
102	176	1.25663
102	180	0.543707
103	26	0.489937
103	77	1.21359
103	80	0.552275
103	83	1.28547
103	85	1.29069
103	88	1.35213
103	108	1.27234
103	110	1.27632
103	112	1.25917
103	125	0.55728
103	140	1.26491
103	141	1.26188
103	144	0.512898
103	152	0.54463
103	153	1.29418
103	158	1.29188
103	159	1.31218
103	165	0.560263
103	169	1.26789
103	171	1.28966
103	172	1.26772
103	177	0.528104
103	178	0.533945
103	180	0.529893
104	12	1.33692
104	48	1.25158
104	52	1.21376
104	53	1.25158
104	59	1.4252
104	68	1.22379
104	84	1.19686
104	101	1.22994
104	114	1.34993
104	118	1.3026
104	119	1.30555
104	127	1.28131
104	129	1.28233
104	133	1.24835
104	139	0.540057
104	142	0.537855
104	155	0.537249
104	160	0.539119
104	164	1.30031
104	167	0.5294
104	172	0.509988
104	176	0.54144
104	178	0.539629
104	180	0.535577
105	4	1.31913
105	13	1.44823
105	22	1.2643
105	58	1.26807
105	62	1.2559
105	92	1.26824
105	99	1.21947
105	120	0.557174
105	130	1.23773
105	135	1.28613
105	137	1.2999
105	142	0.531509
105	144	0.512237
105	150	0.523251
105	152	1.25401
105	157	1.22932
105	161	0.537527
105	162	0.55968
105	164	1.29465
105	166	1.29348
105	167	0.523054
105	176	1.26144
105	178	0.533284
105	179	0.531509
106	10	0.489437
106	70	0.558569
106	80	1.28582
106	92	0.522619
106	93	0.491129
106	94	0.453552
106	121	1.3091
106	128	1.33541
106	140	0.491988
106	146	0.501232
106	148	0.482524
106	151	1.36962
106	155	1.33633
106	160	1.34345
106	161	1.32619
106	162	1.31354
106	168	1.34079
106	171	0.49004
106	173	1.36414
106	175	1.35155
106	176	0.513397
106	177	1.33466
106	178	1.33244
106	179	1.33133
106	180	1.32562
107	11	0.27271
107	30	0.499052
107	45	1.28159
107	81	1.28888
107	85	0.51403
107	111	1.33943
107	114	0.507259
107	118	0.527978
107	121	1.31329
107	126	1.37719
107	130	0.538458
107	133	0.561321
107	134	0.506586
107	151	1.3738
107	154	1.33153
107	165	1.30678
107	166	0.520027
107	167	1.346
107	168	1.34498
107	175	1.35574
107	176	0.546437
107	177	1.33884
107	178	1.33663
107	179	1.33551
107	180	1.32981
108	35	0.518598
108	56	1.31167
108	77	1.28479
108	88	1.42333
108	89	0.509085
108	102	1.27987
108	103	1.27234
108	110	1.34751
108	140	1.33611
108	144	0.475917
108	150	1.32747
108	151	0.457958
108	155	0.494584
108	156	1.34699
108	157	0.533756
108	158	1.36308
108	164	0.509508
108	165	0.523282
108	167	1.34769
108	168	0.492549
108	169	1.33908
108	171	1.36086
108	172	1.33892
108	176	1.3203
108	179	0.495189
109	19	1.28949
109	24	0.465352
109	71	0.511936
109	83	0.491634
109	102	0.546723
109	124	0.516382
109	137	0.490037
109	144	1.35127
109	145	1.35132
109	148	0.478625
109	152	1.3109
109	153	0.49444
109	154	1.33125
109	155	1.34024
109	158	0.488278
109	160	1.34736
109	161	1.3301
109	165	1.3065
109	174	1.34645
109	175	1.35546
109	176	0.509498
109	177	1.33856
109	178	1.33634
109	179	1.33523
109	180	1.32953
110	7	0.474243
110	37	0.496251
110	44	1.27903
110	50	1.27454
110	55	1.3674
110	56	1.31564
110	73	1.34012
110	76	0.53258
110	88	1.42731
110	103	1.27632
110	108	1.34751
110	111	0.487867
110	112	1.33435
110	120	1.27481
110	128	0.506053
110	141	1.33705
110	156	1.35097
110	158	1.36705
110	161	0.513131
110	164	0.521432
110	169	1.34306
110	171	1.36483
110	173	0.483777
110	174	0.490702
110	177	0.503047
111	23	0.511419
111	68	0.53991
111	80	1.28928
111	96	0.504336
111	107	1.33943
111	110	0.487867
111	112	0.485376
111	116	0.513289
111	123	0.487722
111	129	0.482458
111	132	0.491699
111	142	1.34188
111	155	1.33979
111	160	1.34691
111	162	1.317
111	165	1.30605
111	168	1.34425
111	172	1.33651
111	174	1.34601
111	175	1.35501
111	176	0.489513
111	177	1.33812
111	178	1.3359
111	179	1.33479
111	180	1.32908
112	2	0.490137
112	25	1.38293
112	77	1.27162
112	88	1.41017
112	91	1.30484
112	103	1.25917
112	110	1.33435
112	111	0.485376
112	126	0.470508
112	140	1.32294
112	141	1.31991
112	145	0.50875
112	150	1.31431
112	152	0.517082
112	153	1.35221
112	156	1.33382
112	158	1.34991
112	159	1.37021
112	165	0.532715
112	168	0.501982
112	169	1.32592
112	171	1.34769
112	175	0.496881
112	177	0.500556
112	178	0.506397
113	26	0.491774
113	40	1.29759
113	46	0.612029
113	62	0.532604
113	82	1.32234
113	83	0.519729
113	94	0.477748
113	128	1.30237
113	134	0.497742
113	139	1.28472
113	140	0.516184
113	142	1.30538
113	148	0.50672
113	153	0.522535
113	155	1.30329
113	156	0.516986
113	160	1.31041
113	161	1.29315
113	162	1.2805
113	165	1.26955
113	168	1.30775
113	173	1.33109
113	177	1.30161
113	178	1.2994
113	179	1.29828
113	180	1.29258
114	12	1.44972
114	29	1.48643
114	48	1.36438
114	52	1.32656
114	53	1.36438
114	68	1.33659
114	84	1.30966
114	85	1.42149
114	91	0.48509
114	101	1.34274
114	104	1.34993
114	107	0.507259
114	115	1.47935
114	119	1.41836
114	127	1.39412
114	129	1.39513
114	132	0.475352
114	133	1.36115
114	142	0.469582
114	153	0.458109
114	156	0.452559
114	161	0.475599
114	162	0.497752
114	167	0.461127
114	174	0.45317
114	179	0.469582
115	16	1.37906
115	27	1.17431
115	43	1.39277
115	64	0.485073
115	67	0.439236
115	80	0.480534
115	81	0.509015
115	84	1.32628
115	96	1.3975
115	98	1.34903
115	101	1.35936
115	114	1.47935
115	127	1.41073
115	133	1.37777
115	147	1.47146
115	149	1.40682
115	152	0.472889
115	154	0.474895
115	155	0.459824
115	156	1.4232
115	162	0.4886
115	165	0.488522
115	168	0.457789
115	169	1.4153
115	171	1.43707
115	175	0.452688
116	1	1.32622
116	19	0.552839
116	34	1.31184
116	36	0.497988
116	49	1.24565
116	63	1.27342
116	65	1.3508
116	111	0.513289
116	123	1.28319
116	132	1.27161
116	134	1.33893
116	135	0.528103
116	136	1.28134
116	143	1.25109
116	144	0.513263
116	146	1.30846
116	148	1.34633
116	167	1.31163
116	168	0.529894
116	170	0.493858
116	171	0.512763
116	172	1.30287
116	174	1.31237
116	176	1.28424
116	177	0.528469
116	178	0.534309
117	11	0.283217
117	28	1.36844
117	62	0.551955
117	64	1.27874
117	75	0.504404
117	95	1.2745
117	131	1.2727
117	133	0.571828
117	136	0.563932
117	141	0.542236
117	142	1.30439
117	143	0.571041
117	155	1.30231
117	156	0.536336
117	162	1.27952
117	165	1.26856
117	166	0.530533
117	168	1.30676
117	169	0.536296
117	173	1.33011
117	174	1.30852
117	175	1.31752
117	177	1.30063
117	178	1.29841
117	179	1.2973
117	180	1.2916
118	5	0.462186
118	31	0.460197
118	41	0.511284
118	69	0.557384
118	87	1.32761
118	104	1.3026
118	107	0.527978
118	119	1.37103
118	122	1.43281
118	127	1.34679
118	129	1.34781
118	133	1.31382
118	134	1.38725
118	136	1.32966
118	143	1.29941
118	144	0.471028
118	146	1.35679
118	149	1.34288
118	155	0.489695
118	163	1.3837
118	166	1.3646
118	173	0.466963
118	174	1.36069
118	175	0.482559
118	176	1.33257
118	177	0.486234
118	178	0.492075
119	12	1.40534
119	29	1.44205
119	48	1.32
119	52	1.28219
119	53	1.32
119	59	1.49362
119	67	0.468858
119	68	1.29221
119	84	1.26528
119	101	1.29836
119	104	1.30555
119	114	1.41836
119	118	1.37103
119	121	0.504939
119	125	0.51516
119	127	1.34974
119	129	1.35076
119	133	1.31677
119	152	0.50251
119	156	0.473028
119	157	0.528617
119	164	1.36873
119	168	0.48741
119	172	0.462183
119	177	0.485984
119	178	0.491825
119	179	0.49005
120	43	0.527039
120	56	1.23896
120	73	1.26344
120	83	1.28396
120	91	1.2453
120	98	1.20011
120	105	0.557174
120	110	1.27481
120	139	0.533043
120	140	1.2634
120	141	1.26037
120	142	0.53084
120	153	1.29267
120	156	1.27428
120	157	0.569407
120	158	1.29037
120	159	1.31067
120	160	0.532104
120	162	0.559011
120	165	0.558933
120	167	1.27498
120	169	1.26638
120	170	1.3059
120	171	1.28815
120	172	1.26622
120	174	0.514429
120	180	0.528562
121	31	0.48996
121	38	0.535676
121	73	1.30759
121	79	0.477861
121	106	1.3091
121	107	1.31329
121	119	0.504939
121	127	0.514298
121	132	0.525834
121	133	0.538532
121	137	0.504188
121	140	0.502239
121	142	1.31573
121	151	1.34693
121	155	1.31365
121	158	0.502429
121	160	1.32077
121	161	1.3035
121	162	1.29086
121	164	1.32495
121	166	0.497238
121	170	1.35004
121	173	1.34145
121	175	1.32886
121	177	1.31197
121	178	1.30975
121	179	1.30864
121	180	1.30294
122	6	1.26527
122	18	1.39323
122	38	1.42307
122	43	1.39355
122	60	1.38611
122	67	0.459086
122	87	1.39234
122	89	1.39573
122	96	1.39829
122	118	1.43281
122	124	1.39336
122	125	0.505389
122	134	0.444013
122	138	0.478207
122	143	1.36414
122	147	1.47225
122	149	1.40761
122	150	1.40448
122	151	0.443048
122	155	0.479674
122	159	0.454945
122	163	1.44843
122	166	1.42934
122	167	0.471824
122	168	0.477639
122	170	0.441602
122	175	0.472539
122	178	0.482054
123	34	1.3236
123	44	0.536464
123	49	1.25741
123	65	1.36256
123	78	0.552308
123	79	1.38779
123	93	1.33094
123	98	0.521667
123	111	0.487722
123	116	1.28319
123	126	0.472854
123	132	1.28337
123	134	1.35069
123	136	1.2931
123	143	1.26285
123	146	1.32022
123	148	1.35809
123	150	0.49871
123	151	0.469737
123	152	0.519428
123	160	0.508232
123	165	0.535061
123	166	1.32804
123	167	1.32339
123	172	1.31463
123	174	1.32413
123	176	1.296
123	179	0.506968
124	16	1.27566
124	18	1.28904
124	33	1.37525
124	36	1.29811
124	38	1.31889
124	39	1.33268
124	40	0.533143
124	43	1.28937
124	71	1.31264
124	87	1.28816
124	89	1.29155
124	96	1.2941
124	109	0.516382
124	122	1.39336
124	128	0.514583
124	139	0.517846
124	147	1.36806
124	149	1.30343
124	150	1.30029
124	158	0.498009
124	163	1.34425
124	166	1.32515
124	167	0.507189
124	170	0.476966
124	174	0.499232
124	178	0.517418
124	179	0.515644
124	180	0.513366
125	17	1.25958
125	56	0.545476
125	70	0.579041
125	103	0.55728
125	119	0.51516
125	122	0.505389
125	126	1.32567
125	130	0.52589
125	131	1.25939
125	139	1.27043
125	144	1.30003
125	145	1.30008
125	146	0.521704
125	154	1.28001
125	156	0.513262
125	160	1.29612
125	161	1.27886
125	163	0.50675
125	165	1.25526
125	168	1.29345
125	169	0.513221
125	170	1.3254
125	171	0.510512
125	173	1.3168
125	175	1.30422
125	177	1.28732
125	178	1.28511
125	179	1.28399
125	180	1.27829
126	19	1.3268
126	46	0.549081
126	49	0.520891
126	71	0.477084
126	78	1.3325
126	79	0.428858
126	82	1.3966
126	84	0.55098
126	85	0.442238
126	95	1.34974
126	107	1.37719
126	112	0.470508
126	123	0.472854
126	125	1.32567
126	128	1.37662
126	136	0.481634
126	144	1.38857
126	148	0.443772
126	149	0.482594
126	154	1.36856
126	155	1.37755
126	162	1.35476
126	165	1.3438
126	175	1.39276
126	176	0.474645
126	177	1.37587
126	178	1.37365
126	179	1.37254
126	180	1.36684
127	12	1.3811
127	19	0.519713
127	29	1.41781
127	32	0.428841
127	34	0.502171
127	48	1.29576
127	52	1.25795
127	53	1.29576
127	59	1.46938
127	68	1.26797
127	84	1.24104
127	85	1.35287
127	95	0.530231
127	99	0.532517
127	101	1.27412
127	102	0.54022
127	104	1.28131
127	114	1.39412
127	115	1.41073
127	118	1.34679
127	119	1.34974
127	121	0.514298
127	129	1.32652
127	133	1.29253
127	149	0.510942
127	150	0.491151
127	164	1.34449
127	168	0.496769
127	170	0.460732
127	173	0.476072
128	22	0.525757
128	41	0.525098
128	65	0.475327
128	80	1.28944
128	106	1.33541
128	110	0.506053
128	113	1.30237
128	124	0.514583
128	126	1.37662
128	131	1.31035
128	141	0.492991
128	145	1.35104
128	148	0.476825
128	149	0.515647
128	150	1.32522
128	153	0.492641
128	155	1.33995
128	159	0.478779
128	160	1.34707
128	161	1.32981
128	162	1.31716
128	163	0.480579
128	165	1.30621
128	173	1.36776
128	174	1.34617
128	175	1.35517
128	176	0.507699
128	178	1.33606
128	179	1.33495
128	180	1.32924
129	2	0.487219
129	12	1.38212
129	29	1.41883
129	33	1.39443
129	48	1.29678
129	52	1.25897
129	53	1.29678
129	59	1.4704
129	68	1.26899
129	78	0.547044
129	84	1.24206
129	85	1.35389
129	101	1.27514
129	104	1.28233
129	111	0.482458
129	114	1.39513
129	118	1.34781
129	119	1.35076
129	127	1.32652
129	133	1.29355
129	141	0.490581
129	150	0.493446
129	155	0.501099
129	157	0.540271
129	161	0.507722
129	164	1.34551
129	165	0.529797
129	167	0.493249
129	170	0.463027
129	172	0.473837
130	2	1.33897
130	4	1.33103
130	13	1.46013
130	20	1.28173
130	22	1.2762
130	24	1.38681
130	43	0.496979
130	45	0.530698
130	47	0.542872
130	49	0.550611
130	58	1.27997
130	92	1.28014
130	99	1.23138
130	100	1.43068
130	105	1.23773
130	107	0.538458
130	125	0.52589
130	131	0.518166
130	133	0.51925
130	135	1.29803
130	137	1.31181
130	138	1.26295
130	152	1.26592
130	157	1.24123
130	164	1.30656
130	166	1.30538
130	174	0.484369
130	176	1.27335
130	177	0.496714
130	178	0.502555
130	180	0.498503
131	14	1.27851
131	25	0.487094
131	60	0.539121
131	62	0.521156
131	93	0.503878
131	98	0.537259
131	102	0.563371
131	117	1.2727
131	125	1.25939
131	128	1.31035
131	130	0.518166
131	134	0.486294
131	141	0.511437
131	142	1.31336
131	144	1.3223
131	154	1.30228
131	155	1.31127
131	160	1.31839
131	161	1.30113
131	162	1.28848
131	163	0.499026
131	167	1.31675
131	168	1.31573
131	171	0.502788
131	173	1.33907
131	175	1.32649
131	176	0.526145
131	177	1.3096
131	178	1.30738
131	179	1.30626
131	180	1.30056
132	6	0.652236
132	26	1.35788
132	34	1.31202
132	49	1.24582
132	60	1.27323
132	63	1.27359
132	65	1.35097
132	79	1.37621
132	88	0.460937
132	111	0.491699
132	114	0.475352
132	116	1.27161
132	121	0.525834
132	123	1.28337
132	133	0.529414
132	134	1.3391
132	136	1.28152
132	143	1.25126
132	145	0.515074
132	146	1.30864
132	148	1.3465
132	150	0.502687
132	156	0.493923
132	162	0.539116
132	166	1.31646
132	167	1.31181
132	172	1.30304
132	174	1.31254
132	176	1.28442
132	177	0.506879
132	179	0.510945
133	12	1.34814
133	29	1.38484
133	33	1.36044
133	48	1.2628
133	52	1.22498
133	53	1.2628
133	59	1.43641
133	68	1.23501
133	84	1.20808
133	85	1.3199
133	100	0.415439
133	101	1.24116
133	104	1.24835
133	107	0.561321
133	114	1.36115
133	115	1.37777
133	117	0.571828
133	118	1.31382
133	119	1.31677
133	121	0.538532
133	127	1.29253
133	129	1.29355
133	130	0.51925
133	132	0.529414
133	161	0.529661
133	164	1.31152
133	167	0.515189
133	168	0.521003
133	170	0.484966
133	172	0.495776
133	178	0.525418
134	1	1.39372
134	2	0.454424
134	10	0.448534
134	26	1.4252
134	49	1.31314
134	65	1.41829
134	79	1.44352
134	93	1.38668
134	95	0.49973
134	96	0.487316
134	107	0.506586
134	113	0.497742
134	116	1.33893
134	118	1.38725
134	122	0.444013
134	123	1.35069
134	131	0.486294
134	132	1.3391
134	136	1.34884
134	141	0.457786
134	142	0.468909
