1	7	0.846634
1	40	0.966968
1	41	0.883722
1	66	0.950224
1	70	0.870785
1	71	0.870785
1	92	1.15003
1	116	1.22209
1	129	0.919197
1	134	0.891686
1	159	1.17824
1	173	1.25724
2	6	0.940981
2	34	0.886872
2	40	0.970009
2	41	0.886763
2	48	0.872995
2	70	0.873826
2	71	0.873826
2	124	1.15004
2	134	0.894727
2	152	1.13436
2	169	1.21692
2	173	1.30573
3	18	1.29864
3	37	0.839436
3	50	0.906103
3	51	1.07703
3	68	0.844936
3	69	0.920658
3	134	0.869791
3	142	1.28666
3	145	0.902668
3	156	0.925513
3	169	1.1376
3	177	0.990896
4	109	0.926506
4	125	1.2265
4	157	0.906774
4	158	1.18458
4	160	0.885326
4	163	1.21579
4	169	0.894359
4	170	1.16621
4	176	0.900753
4	178	0.905564
4	179	0.886121
4	180	0.894597
5	128	0.911841
5	132	1.24938
5	149	0.882834
5	155	0.90888
5	161	1.1517
5	164	0.894397
5	166	0.907723
5	170	0.898048
5	171	1.23168
5	174	0.900527
5	175	0.89575
5	176	1.17479
6	2	0.940981
6	40	0.95349
6	41	0.870244
6	66	0.936746
6	70	0.857307
6	71	0.857307
6	129	0.905719
6	134	0.878208
6	153	1.29589
6	173	1.37121
6	177	0.933808
6	178	1.20601
7	1	0.846634
7	21	0.816627
7	34	0.779047
7	41	0.778938
7	66	0.84544
7	70	0.766001
7	71	0.766001
7	123	1.70238
7	129	0.814413
7	134	0.786901
7	172	1.57425
7	176	1.52889
8	11	1.08325
8	55	1.38847
8	88	0.946509
8	91	0.885673
8	103	0.904247
8	113	0.86652
8	122	0.885837
8	145	0.92161
8	159	0.896867
8	162	0.892737
8	173	1.2485
8	178	1.08329
9	38	0.801285
9	63	0.815499
9	67	0.786254
9	87	0.816666
9	91	0.796206
9	113	0.777052
9	122	0.796369
9	137	1.57285
9	152	1.61328
9	159	0.807399
9	162	0.803269
9	176	1.61963
10	73	1.19227
10	76	0.910808
10	79	0.841285
10	90	0.944373
10	93	0.859612
10	105	0.889301
10	119	1.09459
10	126	0.916099
10	127	0.916099
10	161	0.922423
10	165	1.25999
10	167	1.26052
11	8	1.08325
11	75	1.22667
11	90	1.08548
11	93	1.39996
11	128	0.915123
11	148	0.885104
11	172	0.898673
11	174	0.903809
11	175	0.899032
11	176	0.906349
11	179	0.891717
11	180	0.900193
12	52	0.813396
12	58	0.731245
12	62	1.73483
12	75	0.818484
12	85	0.804438
12	93	0.753422
12	126	0.809909
12	127	0.809909
12	147	1.66527
12	156	0.842964
12	161	0.816233
12	177	1.40531
13	144	0.796201
13	147	1.55028
13	149	0.789198
13	163	0.786845
13	166	0.814087
13	168	0.803896
13	170	0.804412
13	171	1.6196
13	173	0.796357
13	174	0.806891
13	175	0.802114
13	180	1.63561
14	112	0.795303
14	140	0.806335
14	149	1.69251
14	157	0.793283
14	166	1.53136
14	172	0.779586
14	174	1.57091
14	176	0.787262
14	177	0.892424
14	178	0.792073
14	179	0.772629
14	180	0.781106
15	23	1.26771
15	76	0.910912
15	79	0.841389
15	93	0.859716
15	105	0.889404
15	108	0.943648
15	126	0.916203
15	127	0.916203
15	144	1.29531
15	161	0.922527
15	172	1.06018
15	173	1.17984
16	37	0.801173
16	42	0.906103
16	50	0.86784
16	65	1.32767
16	68	0.806674
16	69	0.882395
16	96	1.14814
16	126	1.37654
16	134	0.831528
16	145	0.864405
16	156	0.88725
16	173	1.34985
16	177	0.952633
17	38	0.857215
17	67	0.842184
17	87	0.872596
17	88	0.912971
17	91	0.852136
17	96	1.1776
17	98	1.33726
17	122	0.852299
17	145	0.888072
17	158	1.46977
17	159	0.863329
17	162	0.859199
17	176	1.21429
18	3	1.29864
18	115	1.31949
18	128	0.88009
18	146	0.853228
18	152	1.25978
18	155	0.877129
18	157	1.32811
18	163	0.84873
18	166	0.875972
18	168	0.865781
18	170	0.866297
18	174	0.868776
18	175	0.863999
19	83	1.30231
19	117	1.326
19	131	0.875896
19	135	0.867344
19	150	0.848014
19	154	0.862864
19	158	0.878676
19	163	0.85371
19	167	1.33089
19	168	0.870761
19	174	0.873756
19	175	0.86898
19	176	1.24821
20	83	0.867421
20	97	1.33808
20	128	1.30292
20	133	0.834871
20	138	0.88767
20	140	0.890944
20	145	1.23288
20	155	1.3193
20	169	0.865476
20	173	0.858796
20	176	0.87187
20	179	0.857238
20	180	0.865714
21	7	0.816627
21	34	0.853824
21	40	0.936961
21	45	1.93003
21	48	0.839946
21	66	0.920217
21	70	0.840778
21	71	0.840778
21	129	0.88919
21	134	0.861679
21	165	1.0668
21	173	1.14967
21	180	1.05755
22	39	1.11467
22	89	0.900592
22	103	0.866117
22	112	1.38141
22	155	0.872359
22	161	1.31239
22	163	0.843959
22	166	0.871201
22	168	0.86101
22	170	0.861526
22	174	0.864006
22	175	0.859229
22	179	1.39966
23	15	1.26771
23	50	1.31211
23	88	1.33392
23	108	1.28115
23	142	0.869571
23	161	0.88417
23	165	0.862864
23	170	0.866103
23	172	0.863447
23	174	0.868582
23	175	0.863806
23	179	0.85649
23	180	0.864967
24	35	1.07789
24	101	0.880376
24	118	0.855121
24	149	0.856709
24	150	0.848659
24	158	0.87932
24	170	0.871922
24	171	1.39305
24	173	0.863867
24	174	0.874401
24	175	0.869624
24	176	1.33617
24	179	1.40035
25	42	1.1761
25	127	1.32304
25	137	0.88197
25	141	0.842617
25	152	0.879924
25	156	1.24357
25	162	0.859907
25	163	1.4502
25	172	0.864171
25	176	0.871847
25	178	0.876658
25	179	0.857215
25	180	0.865691
26	79	0.798853
26	90	0.901941
26	93	0.81718
26	105	0.846868
26	108	0.901112
26	126	0.873667
26	127	0.873667
26	132	1.32827
26	143	1.20918
26	153	1.34337
26	156	0.906722
26	161	0.879991
26	180	1.32658
27	29	1.2469
27	43	1.39993
27	107	1.31142
27	125	0.871092
27	129	0.88535
27	148	0.852537
27	157	1.25028
27	163	0.851195
27	164	0.865112
27	168	0.868246
27	170	0.868762
27	174	0.871241
27	175	0.866465
28	63	0.874251
28	67	0.845006
28	88	0.915793
28	91	0.854958
28	106	1.44733
28	113	0.835804
28	122	0.855121
28	140	1.1023
28	145	0.890894
28	159	0.866151
28	162	0.862021
28	163	1.44029
28	171	1.21048
29	27	1.2469
29	72	0.845097
29	90	1.14431
29	95	1.49783
29	133	0.842189
29	169	0.872794
29	171	0.87303
29	173	0.866114
29	174	1.30564
29	176	0.879188
29	178	0.884
29	179	0.864556
29	180	0.873032
30	34	1.35689
30	63	1.24196
30	134	1.41242
30	156	1.1841
30	163	0.849929
30	170	0.867496
30	171	0.866357
30	172	0.86484
30	174	0.869975
30	175	0.865199
30	176	0.872516
30	178	0.877327
30	180	0.86636
31	91	0.858334
31	105	1.3773
31	110	1.37873
31	113	0.839181
31	121	1.30524
31	122	0.858498
31	128	0.88611
31	138	1.14235
31	162	0.865397
31	164	0.868667
31	166	0.881992
31	168	0.871801
31	175	0.87002
32	35	1.08559
32	63	0.871978
32	67	0.842733
32	73	1.3583
32	87	0.873144
32	88	0.91352
32	113	0.833531
32	122	0.852848
32	145	0.888621
32	159	0.863878
32	162	0.859748
32	169	1.42007
32	178	1.34367
33	82	1.21103
33	95	1.37582
33	103	1.27702
33	109	0.891176
33	124	0.879572
33	135	1.32747
33	152	0.873501
33	165	0.857165
33	169	0.859029
33	171	0.859265
33	178	0.870235
33	179	0.850791
33	180	0.859267
34	2	0.886872
34	7	0.779047
34	21	0.853824
34	30	1.35689
34	40	0.899381
34	41	0.816135
34	66	0.882637
34	70	0.803198
34	71	0.803198
34	129	0.85161
34	134	0.824099
34	153	1.37142
34	154	1.52777
34	179	1.34591
35	24	1.07789
35	32	1.08559
35	113	1.30525
35	114	0.925961
35	134	1.07899
35	165	0.931255
35	167	0.935512
35	168	1.04728
35	171	0.933355
35	172	0.931838
35	176	0.939514
35	178	0.944325
35	179	0.924881
35	180	0.933358
36	130	0.842094
36	137	0.850369
36	143	0.86382
36	145	1.27859
36	153	0.831629
36	157	0.846267
36	160	0.824818
36	163	1.46843
36	167	0.836244
36	174	1.39989
36	175	1.44764
36	178	0.845057
36	179	0.825613
36	180	0.83409
37	3	0.839436
37	16	0.801173
37	42	0.876173
37	50	0.83791
37	68	0.776744
37	69	0.852465
37	117	1.3239
37	134	0.801599
37	145	0.834476
37	153	1.3358
37	156	0.85732
37	163	1.5328
37	173	1.41112
37	177	0.922704
38	9	0.801285
38	17	0.857215
38	62	1.40445
38	63	0.850207
38	67	0.820963
38	84	1.49472
38	88	0.89175
38	91	0.830914
38	96	1.31063
38	113	0.811761
38	122	0.831078
38	145	0.86685
38	162	0.837977
38	172	1.39269
39	22	1.11467
39	53	1.05734
39	60	1.17615
39	121	0.92005
39	135	1.17007
39	141	0.914803
39	160	0.928605
39	167	0.940031
39	172	0.936357
39	175	1.07397
39	176	0.944033
39	178	0.948844
39	179	0.9294
39	180	0.937877
40	1	0.966968
40	2	0.970009
40	6	0.95349
40	21	0.936961
40	34	0.899381
40	66	0.965774
40	70	0.886335
40	71	0.886335
40	123	1.22574
40	129	0.934747
40	138	1.09404
40	169	1.12847
40	171	1.10914
40	178	1.05206
41	1	0.883722
41	2	0.886763
41	6	0.870244
41	7	0.778938
41	34	0.816135
41	66	0.882528
41	70	0.803089
41	71	0.803089
41	96	1.20672
41	110	1.52158
41	129	0.851501
41	131	1.46545
41	134	0.82399
41	173	1.40843
42	16	0.906103
42	25	1.1761
42	37	0.876173
42	50	0.94284
42	68	0.881674
42	69	0.957395
42	134	0.906528
42	143	0.996968
42	145	0.939405
42	156	0.96225
42	157	1.10345
42	167	1.12415
42	173	1.20649
42	177	1.02763
43	27	1.39993
43	67	1.55656
43	92	0.826025
43	109	0.831023
43	124	0.819419
43	129	1.46517
43	148	1.57211
43	157	0.811291
43	171	0.799112
43	172	0.797594
43	176	0.80527
43	177	0.910432
43	178	0.810081
43	179	0.790638
43	180	0.799114
44	77	0.862253
44	89	0.942965
44	109	1.20131
44	142	0.907368
44	143	1.13474
44	144	0.895689
44	146	0.890831
44	154	0.895486
44	159	1.26526
44	161	1.15615
44	163	0.886333
44	166	0.913575
44	170	0.9039
44	175	0.901602
44	180	1.25213
45	21	1.93003
45	68	0.70059
45	69	0.776312
45	82	0.74318
45	134	0.725445
45	145	0.758322
45	150	0.713105
45	156	0.781166
45	160	2.03087
45	162	2.04276
45	166	0.746043
45	170	0.736368
45	174	0.738847
45	175	0.734071
45	177	0.84655
46	101	1.45602
46	114	0.805349
46	132	0.815758
46	136	0.855696
46	147	0.824701
46	164	1.52496
46	167	0.8149
46	168	1.52553
46	170	1.48596
46	171	0.812743
46	172	0.811225
46	176	0.818901
46	178	0.823713
46	179	0.804269
46	180	0.812745
47	75	1.15283
47	97	1.15686
47	100	1.2156
47	114	0.893678
47	116	0.887284
47	139	1.23457
47	152	0.915308
47	164	1.23092
47	165	0.898972
47	167	0.903229
47	171	0.901072
47	172	0.899555
47	176	0.90723
47	179	0.892598
47	180	0.901075
48	2	0.872995
48	21	0.839946
48	63	0.826455
48	66	0.868759
48	70	0.789321
48	71	0.789321
48	91	0.807162
48	95	0.800487
48	113	0.788009
48	122	0.807325
48	134	0.810221
48	153	1.55306
48	176	1.46337
48	178	1.46318
48	179	1.52755
49	98	0.841781
49	100	0.823458
49	130	0.818751
49	137	1.43931
49	151	0.837761
49	155	0.822715
49	161	1.46299
49	163	0.794316
49	166	0.821558
49	169	1.5623
49	170	0.811883
49	171	1.54297
49	173	0.803828
49	174	0.814362
49	175	0.809586
50	3	0.906103
50	16	0.86784
50	23	1.31211
50	37	0.83791
50	42	0.94284
50	68	0.843411
50	69	0.919132
50	86	1.17349
50	104	1.15035
50	130	1.25513
50	134	0.868265
50	145	0.901142
50	156	0.923987
50	160	1.11585
50	177	0.98937
51	3	1.07703
51	56	1.25305
51	91	1.39587
51	103	1.35607
51	132	0.864715
51	165	0.8596
51	167	0.863857
51	169	0.861465
51	171	0.8617
51	172	0.860183
51	175	1.31042
51	176	0.867859
51	177	0.973021
51	178	0.87267
51	179	0.853227
51	180	0.861703
52	12	0.813396
52	58	0.802109
52	74	1.32332
52	76	0.875482
52	85	0.875302
52	90	0.909047
52	104	1.18793
52	105	0.853975
52	108	0.908218
52	126	0.880773
52	127	0.880773
52	156	0.913828
52	161	0.887097
52	167	1.17948
52	168	1.37349
52	170	1.33392
53	39	1.05734
53	68	0.816971
53	69	0.892692
53	97	0.879742
53	130	0.859617
53	131	0.857368
53	138	1.31994
53	145	0.874703
53	156	0.897547
53	159	1.36417
53	170	0.852749
53	172	1.32351
53	174	0.855228
53	175	0.850452
53	177	0.962931
53	179	1.34232
54	58	0.801789
54	68	0.832933
54	80	0.885893
54	93	0.823967
54	105	0.853656
54	109	1.22775
54	114	1.34658
54	126	0.880454
54	127	0.880454
54	134	0.857788
54	145	0.890665
54	153	1.29537
54	156	0.913509
54	167	1.28836
54	172	1.25104
54	177	0.978893
55	8	1.38847
55	124	1.34319
55	131	0.874466
55	136	1.23485
55	139	0.876836
55	151	0.895725
55	154	0.861434
55	155	0.88068
55	163	0.852281
55	166	0.879523
55	168	0.869332
55	170	0.869848
55	172	1.37923
55	174	0.872327
55	175	0.86755
55	177	1.06148
56	51	1.25305
56	112	1.28334
56	131	0.87856
56	144	0.86573
56	150	0.850678
56	151	0.899819
56	154	0.865528
56	158	0.88134
56	160	1.29404
56	163	0.856374
56	164	0.870291
56	166	0.883616
56	171	1.2943
56	172	1.28277
56	174	0.87642
56	175	0.871644
57	63	1.58094
57	83	0.784336
57	89	1.46221
57	136	0.825581
57	143	0.81236
57	144	1.7235
57	155	1.62628
57	157	0.794807
57	167	0.784784
57	169	0.782391
57	171	0.782627
57	176	0.788786
57	177	0.893948
57	178	0.793597
57	179	0.774153
57	180	0.78263
58	12	0.731245
58	52	0.802109
58	54	0.801789
58	78	0.813055
58	85	0.79315
58	90	0.826896
58	105	0.771823
58	108	0.826067
58	126	0.798622
58	127	0.798622
58	143	1.47676
58	146	1.80221
58	156	0.831677
58	161	0.804946
58	167	1.60394
58	178	1.52107
59	60	1.24933
59	76	0.868254
59	77	1.41155
59	108	0.90099
59	112	0.874863
59	126	0.873546
59	127	0.873546
59	134	1.18963
59	135	1.24325
59	150	1.29671
59	156	0.906601
59	165	0.858564
59	172	0.859146
59	178	0.871634
59	179	0.85219
59	180	0.860666
60	39	1.17615
60	59	1.24933
60	139	0.883754
60	144	0.868554
60	150	0.853502
60	157	1.45894
60	163	0.859198
60	164	0.873115
60	166	0.88644
60	168	0.876249
60	170	0.876765
60	173	0.86871
60	174	0.879244
60	175	0.874468
60	177	1.12457
60	178	1.39677
61	81	0.887811
61	82	0.939677
61	92	1.1362
61	99	1.15481
61	139	0.939854
61	144	0.924654
61	152	1.07205
61	154	0.924451
61	158	0.940263
61	163	0.915298
61	164	0.929215
61	169	1.15461
61	170	0.932865
61	174	0.935344
61	175	0.930568
61	179	1.14258
61	180	1.1513
62	12	1.73483
62	38	1.40445
62	73	0.86268
62	76	1.20755
62	99	0.859396
62	108	1.08539
62	117	0.847154
62	157	0.858244
62	160	0.836796
62	165	0.843965
62	168	1.36268
62	169	0.845829
62	171	0.846065
62	172	0.844547
62	176	0.852223
62	178	0.857035
62	180	0.846067
63	9	0.815499
63	28	0.874251
63	30	1.24196
63	32	0.871978
63	38	0.850207
63	48	0.826455
63	57	1.58094
63	67	0.835177
63	87	0.865588
63	113	0.825975
63	122	0.845292
63	130	1.36271
63	145	0.881065
63	159	0.856322
63	162	0.852191
63	170	1.40391
63	172	1.21216
64	74	0.874113
64	84	0.855703
64	101	0.855771
64	102	0.855016
64	136	1.2397
64	154	0.838903
64	155	0.858148
64	162	1.40723
64	163	0.829749
64	164	0.843666
64	165	1.42086
64	168	0.8468
64	170	0.847316
64	174	0.849795
64	175	0.845019
64	178	1.33853
64	179	1.40289
65	16	1.32767
65	120	0.823949
65	127	1.33124
65	132	0.839713
65	136	0.879652
65	141	0.813627
65	143	0.866431
65	145	1.26856
65	154	1.41775
65	168	1.44838
65	169	0.836462
65	171	0.836698
65	176	0.842857
65	177	0.948019
65	178	0.847668
65	179	0.828224
65	180	0.836701
66	1	0.950224
66	6	0.936746
66	7	0.84544
66	21	0.920217
66	34	0.882637
66	40	0.965774
66	41	0.882528
66	48	0.868759
66	70	0.869591
66	71	0.869591
66	72	1.3671
66	73	1.17861
66	112	1.21011
66	129	0.918003
66	133	1.33169
66	134	0.890492
66	162	1.23269
66	177	0.891786
67	9	0.786254
67	17	0.842184
67	28	0.845006
67	32	0.842733
67	38	0.820963
67	43	1.55656
67	63	0.835177
67	87	0.836344
67	88	0.876719
67	113	0.79673
67	122	0.816047
67	138	1.38671
67	145	0.85182
67	153	1.43461
67	159	0.827077
67	160	1.40154
67	162	0.822947
67	167	1.4276
68	3	0.844936
68	16	0.806674
68	37	0.776744
68	42	0.881674
68	45	0.70059
68	50	0.843411
68	53	0.816971
68	54	0.832933
68	69	0.857966
68	134	0.807099
68	145	0.839976
68	153	1.4011
68	156	0.862821
68	165	1.39356
68	172	1.35677
68	173	1.47643
68	175	1.57732
68	177	0.928204
69	3	0.920658
69	16	0.882395
69	37	0.852465
69	42	0.957395
69	45	0.776312
69	50	0.919132
69	53	0.892692
69	68	0.857966
69	92	1.16649
69	121	1.31337
69	132	1.18328
69	134	0.88282
69	145	0.915697
69	156	0.938542
69	171	1.16558
69	173	1.27371
69	176	1.10869
69	177	1.00393
70	1	0.870785
70	2	0.873826
70	6	0.857307
70	7	0.766001
70	21	0.840778
70	34	0.803198
70	40	0.886335
70	41	0.803089
70	48	0.789321
70	66	0.869591
70	71	0.790152
70	111	1.40052
70	129	0.838564
70	134	0.811053
70	143	1.34148
70	157	1.44797
70	165	1.46814
70	173	1.551
71	1	0.870785
71	2	0.873826
71	6	0.857307
71	7	0.766001
71	21	0.840778
71	34	0.803198
71	40	0.886335
71	41	0.803089
71	48	0.789321
71	66	0.869591
71	70	0.790152
71	116	1.49794
71	119	1.28483
71	129	0.838564
71	132	1.44267
71	134	0.811053
71	167	1.45076
71	173	1.5331
72	29	0.845097
72	66	1.3671
72	83	0.825299
72	105	1.50855
72	109	0.855501
72	141	0.800518
72	142	1.45708
72	143	0.853322
72	153	0.821132
72	161	0.842795
72	165	0.82149
72	166	1.41041
72	169	0.823354
72	171	0.82359
72	174	1.44996
72	176	0.829748
72	178	0.83456
72	180	0.823593
73	10	1.19227
73	32	1.3583
73	62	0.86268
73	66	1.17861
73	114	0.860744
73	132	0.871153
73	146	1.32426
73	157	0.880318
73	162	0.862357
73	165	0.866038
73	169	0.867902
73	170	1.28042
73	171	0.868138
73	174	1.26147
73	176	0.874297
73	177	0.979459
73	178	0.879108
73	179	0.859664
73	180	0.868141
74	52	1.32332
74	64	0.874113
74	110	1.53356
74	118	0.863797
74	125	0.882927
74	137	1.20861
74	139	0.887586
74	149	0.865384
74	150	0.857334
74	154	0.872184
74	158	0.887996
74	161	1.2323
74	164	0.876947
74	166	0.890273
74	168	0.880082
74	174	0.883077
74	175	0.8783
74	177	0.982998
74	180	1.32828
75	11	1.22667
75	12	0.818484
75	47	1.15283
75	76	0.88057
75	79	0.811047
75	80	0.891301
75	90	0.914135
75	92	0.899894
75	93	0.829374
75	96	1.1902
75	105	0.859063
75	107	1.35003
75	108	0.913306
75	126	0.885862
75	127	0.885862
75	140	1.1756
75	146	1.50785
75	156	0.918917
75	161	0.892185
76	10	0.910808
76	15	0.910912
76	52	0.875482
76	59	0.868254
76	62	1.20755
76	75	0.88057
76	80	0.877435
76	85	0.866524
76	90	0.900269
76	93	0.815508
76	105	0.845197
76	116	1.28028
76	126	0.871995
76	127	0.871995
76	156	0.90505
76	160	1.20705
76	169	1.22664
76	173	1.31544
76	174	1.36859
77	44	0.862253
77	59	1.41155
77	84	0.820541
77	133	1.7267
77	146	0.799085
77	148	0.795929
77	149	0.796941
77	155	0.822986
77	158	0.819552
77	164	0.808504
77	166	0.821829
77	168	0.811638
77	170	0.812154
77	173	0.804099
77	174	0.814633
77	175	0.809856
77	176	1.55919
77	177	1.2868
77	179	1.62336
78	58	0.813055
78	79	0.816906
78	108	0.919165
78	126	0.89172
78	127	0.89172
78	131	0.884595
78	138	1.23278
78	141	1.39546
78	142	0.883445
78	147	1.17856
78	148	0.863752
78	155	0.890809
78	161	0.898043
78	165	1.27314
78	166	0.889652
78	168	0.879461
78	169	1.26721
78	175	0.877679
78	180	1.26389
79	10	0.841285
79	15	0.841389
79	26	0.798853
79	75	0.811047
79	78	0.816906
79	80	0.807912
79	85	0.797001
79	90	0.830746
79	96	1.46508
79	105	0.775674
79	108	0.829917
79	126	0.802473
79	127	0.802473
79	136	1.40276
79	152	1.49543
79	156	0.835528
79	161	0.808796
79	169	1.57799
79	173	1.66679
80	54	0.885893
80	75	0.891301
80	76	0.877435
80	79	0.807912
80	85	0.877254
80	90	0.911
80	92	0.896758
80	93	0.826239
80	105	0.855927
80	126	0.882726
80	127	0.882726
80	130	1.38213
80	153	1.27592
80	156	0.915781
80	161	0.88905
80	172	1.23159
80	173	1.35124
80	175	1.45213
80	177	0.913837
81	61	0.887811
81	119	1.45097
81	128	0.822539
81	139	0.815734
81	140	1.48292
81	142	0.812214
81	144	0.800535
81	146	0.795677
81	158	0.816144
81	163	0.791179
81	164	0.805096
81	166	0.818421
81	168	0.80823
81	170	0.808746
81	174	0.811225
81	175	0.806449
81	176	1.53422
81	178	1.53403
81	180	1.60711
82	33	1.21103
82	45	0.74318
82	61	0.939677
82	92	1.33224
82	115	1.32781
82	117	1.35224
82	118	0.843812
82	123	1.44793
82	125	0.862942
82	135	0.856679
82	142	0.864081
82	153	0.857016
82	154	0.852199
82	158	0.868011
82	166	0.870288
82	168	0.860097
82	170	0.860613
82	174	0.863092
82	175	0.858315
82	179	1.33862
83	19	1.30231
83	20	0.867421
83	57	0.784336
83	72	0.825299
83	95	1.49333
83	107	0.84501
83	140	0.878464
83	151	1.25371
83	166	1.26159
83	167	0.855389
83	168	1.35966
83	169	0.852996
83	170	1.32009
83	171	0.853232
83	172	0.851715
83	176	0.859391
83	177	0.964552
83	178	0.864202
83	179	0.844758
83	180	0.853235
84	38	1.49472
84	64	0.855703
84	77	0.820541
84	94	1.43154
84	101	0.870642
84	123	1.34976
84	131	0.866806
84	146	0.849119
84	148	0.845962
84	150	0.838924
84	151	0.888065
84	154	0.853774
84	157	1.23826
84	158	0.869586
84	159	1.26229
84	170	0.862188
84	171	1.23316
84	173	0.854133
84	174	0.864667
84	175	0.85989
85	12	0.804438
85	52	0.875302
85	58	0.79315
85	76	0.866524
85	79	0.797001
85	80	0.877254
85	90	0.900089
85	93	0.815328
85	105	0.845017
85	108	0.89926
85	117	1.28578
85	126	0.871815
85	127	0.871815
85	130	1.40389
85	156	0.90487
85	161	0.878139
85	167	1.29066
85	175	1.47389
85	179	1.27216
85	180	1.28088
86	50	1.17349
86	87	0.857365
86	88	0.897741
86	96	0.878443
86	113	0.817751
86	122	0.837068
86	128	1.31003
86	132	0.852764
86	136	0.892702
86	144	1.42363
86	145	0.872841
86	151	1.31387
86	159	0.848098
86	162	0.843968
86	169	0.849513
86	174	1.36131
86	175	1.40905
86	178	0.860719
86	179	0.841275
86	180	0.849751
87	9	0.816666
87	17	0.872596
87	32	0.873144
87	63	0.865588
87	67	0.836344
87	86	0.857365
87	88	0.907131
87	95	0.83962
87	103	0.864869
87	111	1.22275
87	113	0.827142
87	122	0.846458
87	141	1.41268
87	145	0.882231
87	159	0.857489
87	162	0.853358
87	170	1.44533
87	173	1.37324
87	179	1.2724
87	180	1.28112
88	8	0.946509
88	17	0.912971
88	23	1.33392
88	28	0.915793
88	32	0.91352
88	38	0.89175
88	67	0.876719
88	86	0.897741
88	87	0.907131
88	91	0.886671
88	103	0.905244
88	113	0.867517
88	122	0.886834
88	130	1.27694
88	159	0.897864
88	160	1.13766
88	162	0.893734
88	166	1.25964
88	167	1.16371
88	176	1.08103
88	180	1.15393
89	22	0.900592
89	44	0.942965
89	57	1.46221
89	94	1.30334
89	97	0.919859
89	100	0.904442
89	109	1.07015
89	116	1.17794
89	141	1.25254
89	147	1.03565
89	148	0.876641
89	149	0.877653
89	151	0.918744
89	153	0.88927
89	155	0.903699
89	157	1.11006
89	166	0.902542
89	170	0.892866
89	173	0.884812
89	174	0.895346
89	175	0.890569
90	10	0.944373
90	11	1.08548
90	26	0.901941
90	29	1.14431
90	52	0.909047
90	58	0.826896
90	75	0.914135
90	76	0.900269
90	79	0.830746
90	80	0.911
90	85	0.900089
90	105	0.878762
90	108	0.933005
90	120	1.21358
90	121	1.29038
90	126	0.90556
90	127	0.90556
90	130	1.28161
90	137	1.03893
90	156	0.938616
90	175	1.35161
91	8	0.885673
91	9	0.796206
91	17	0.852136
91	28	0.854958
91	31	0.858334
91	38	0.830914
91	48	0.807162
91	51	1.39587
91	88	0.886671
91	95	0.81916
91	99	1.45664
91	103	0.844409
91	113	0.806682
91	115	1.4336
91	122	0.825998
91	145	0.861771
91	153	1.46992
91	159	0.837029
91	162	0.832898
91	173	1.54525
91	177	1.10784
92	1	1.15003
92	43	0.826025
92	61	1.1362
92	69	1.16649
92	75	0.899894
92	80	0.896758
92	82	1.33224
92	93	0.834832
92	97	1.28873
92	108	0.918763
92	120	0.865688
92	122	1.41613
92	126	0.891319
92	127	0.891319
92	161	0.897642
92	171	0.878437
92	172	0.876919
92	174	1.30484
92	176	0.884595
92	178	0.889407
92	179	0.869963
92	180	0.878439
93	10	0.859612
93	11	1.39996
93	12	0.753422
93	15	0.859716
93	26	0.81718
93	54	0.823967
93	75	0.829374
93	76	0.815508
93	80	0.826239
93	85	0.815328
93	92	0.834832
93	105	0.794001
93	108	0.848244
93	126	0.8208
93	127	0.8208
93	141	1.60465
93	153	1.48988
93	156	0.853855
93	161	0.827123
93	162	1.4687
93	172	1.44555
93	176	1.40019
94	84	1.43154
94	89	1.30334
94	99	0.829119
94	112	0.829987
94	140	0.84102
94	141	0.792716
94	142	1.50941
94	146	1.56509
94	152	0.830024
94	160	0.806519
94	162	0.810007
94	165	0.813688
94	166	1.46275
94	167	0.817945
94	170	1.52125
94	171	0.815788
94	172	0.81427
94	176	0.821946
94	177	0.927108
94	178	0.826758
94	179	0.807314
94	180	0.81579
95	29	1.49783
95	33	1.37582
95	48	0.800487
95	83	1.49333
95	87	0.83962
95	91	0.81916
95	113	0.800006
95	122	0.819323
95	144	0.824931
95	145	0.855096
95	146	0.820074
95	148	0.816917
95	159	0.830353
95	162	0.826223
95	163	0.815575
95	168	0.832626
95	170	0.833142
95	171	1.49611
95	174	0.835622
95	175	0.830845
95	178	1.43904
95	179	1.5034
96	16	1.14814
96	17	1.1776
96	38	1.31063
96	41	1.20672
96	75	1.1902
96	79	1.46508
96	86	0.878443
96	115	0.873369
96	134	1.30057
96	154	0.872943
96	157	0.892397
96	158	0.888754
96	164	0.877706
96	168	0.88084
96	169	0.879982
96	170	0.881356
96	172	0.8787
96	173	0.873301
96	175	0.879059
96	178	0.891187
96	179	0.871744
96	180	0.88022
97	20	1.33808
97	47	1.15686
97	53	0.879742
97	89	0.919859
97	92	1.28873
97	102	0.888493
97	139	0.887782
97	146	0.867724
97	149	0.86558
97	150	0.85753
97	152	1.22458
97	154	0.87238
97	158	0.888191
97	160	1.28755
97	161	1.20784
97	164	0.877143
97	168	0.880277
97	170	0.880793
97	173	0.872738
97	174	0.883272
97	175	0.878496
97	180	1.30382
98	17	1.33726
98	49	0.841781
98	103	0.888289
98	104	1.24297
98	106	0.878439
98	114	1.29275
98	121	1.35652
98	125	0.886028
98	135	0.879764
98	146	0.870629
98	150	0.860435
98	151	0.909576
98	158	0.891096
98	161	1.12875
98	163	0.866131
98	166	0.893373
98	168	0.883182
98	169	1.22806
98	170	0.883698
98	174	0.886177
98	175	0.881401
98	180	1.22474
99	61	1.15481
99	62	0.859396
99	91	1.45664
99	94	0.829119
99	101	1.31247
99	107	0.856633
99	132	0.867869
99	140	0.890086
99	141	0.841783
99	155	1.28856
99	157	0.877034
99	160	0.855585
99	166	1.2839
99	167	0.867011
99	169	0.864618
99	171	0.864854
99	173	0.857938
99	174	1.32345
99	175	1.3712
99	176	0.871013
99	178	0.875824
99	179	0.85638
99	180	0.864857
100	47	1.2156
100	49	0.823458
100	89	0.904442
100	109	1.31174
100	112	1.3356
100	144	0.857165
100	146	0.852307
100	148	0.849151
100	153	0.861779
100	154	0.856962
100	155	0.876208
100	157	1.35166
100	158	0.872774
100	163	0.847809
100	164	0.861725
100	166	0.875051
100	167	1.37235
100	168	0.86486
100	170	0.865376
100	172	1.33503
100	174	0.867855
100	175	0.863078
100	178	1.28948
101	24	0.880376
101	46	1.45602
101	64	0.855771
101	84	0.870642
101	99	1.31247
101	117	1.31385
101	118	0.845455
101	125	0.864585
101	128	0.876048
101	142	0.865723
101	146	0.849186
101	148	0.84603
101	151	0.888133
101	153	0.858658
101	154	0.853841
101	157	1.29804
101	164	0.858605
101	170	0.862255
101	171	1.29294
101	174	0.864734
101	175	0.859958
101	178	1.23586
101	179	1.30023
102	64	0.855016
102	97	0.888493
102	104	1.4268
102	139	0.868489
102	142	0.864969
102	143	1.29117
102	144	0.85329
102	149	0.846288
102	150	0.838238
102	151	0.887379
102	152	1.32933
102	154	0.853087
102	155	0.872333
102	158	0.868899
102	161	1.31258
102	164	0.85785
102	168	0.860985
102	170	0.861501
102	172	1.38104
102	174	0.86398
102	175	0.859203
102	177	1.06329
102	180	1.40857
103	8	0.904247
103	22	0.866117
103	33	1.27702
103	51	1.35607
103	87	0.864869
103	88	0.905244
103	91	0.844409
103	98	0.888289
103	113	0.825255
103	120	1.4683
103	122	0.844572
103	138	1.38222
103	154	0.849978
103	159	0.855602
103	161	1.31733
103	162	0.851472
103	164	0.854741
103	166	0.868067
103	168	0.857875
103	170	0.858391
103	174	0.860871
103	176	1.34042
103	177	1.06803
104	50	1.15035
104	52	1.18793
104	98	1.24297
104	102	1.4268
104	107	0.852023
104	118	1.43845
104	121	0.842421
104	122	1.44945
104	137	0.876527
104	138	0.882203
104	147	0.872203
104	152	0.874481
104	160	0.850976
104	165	0.858145
104	166	1.29861
104	167	0.862402
104	169	0.860009
104	171	0.860245
104	172	0.858728
104	176	0.866404
104	178	0.871215
104	179	0.851771
104	180	0.860248
105	10	0.889301
105	15	0.889404
105	26	0.846868
105	31	1.3773
105	52	0.853975
105	54	0.853656
105	58	0.771823
105	72	1.50855
105	75	0.859063
105	76	0.845197
105	79	0.775674
105	80	0.855927
105	85	0.845017
105	90	0.878762
105	93	0.794001
105	126	0.850488
105	127	0.850488
105	136	1.20661
105	147	1.29319
105	156	0.883543
105	161	0.856812
105	162	1.37414
105	173	1.47064
105	180	1.37852
106	28	1.44733
106	98	0.878439
106	125	0.850871
106	132	1.3972
106	135	0.844608
106	136	1.2236
106	138	1.3644
106	139	0.85553
106	142	0.85201
106	144	0.840331
106	148	0.832316
106	149	0.833328
106	150	0.825278
106	155	0.859374
106	157	1.3846
106	163	0.830975
106	164	0.844891
106	166	0.858217
106	168	0.848026
106	169	1.39883
106	170	0.848542
106	174	0.851021
106	175	0.846244
106	180	1.39551
107	27	1.31142
107	75	1.35003
107	83	0.84501
107	99	0.856633
107	104	0.852023
107	109	0.875213
107	110	0.805616
107	118	1.47045
107	129	1.37666
107	138	0.86526
107	147	0.855259
107	151	1.32273
107	157	0.855481
107	160	0.834033
107	167	0.845458
107	169	0.843066
107	170	1.38912
107	171	0.843302
107	172	0.841784
107	174	1.37017
107	176	0.84946
107	178	0.854271
107	179	0.834828
107	180	0.843304
108	15	0.943648
108	23	1.28115
108	26	0.901112
108	52	0.908218
108	58	0.826067
108	59	0.90099
108	62	1.08539
108	75	0.913306
108	78	0.919165
108	79	0.829917
108	85	0.89926
108	90	0.933005
108	92	0.918763
108	93	0.848244
108	110	1.30643
108	114	1.16916
108	126	0.904731
108	127	0.904731
108	130	1.22416
108	141	1.23272
108	153	1.11795
108	156	0.937787
108	161	0.911055
108	173	1.19327
109	4	0.926506
109	33	0.891176
109	43	0.831023
109	44	1.20131
109	54	1.22775
109	72	0.855501
109	89	1.07015
109	100	1.31174
109	107	0.875213
109	116	0.869647
109	118	1.3694
109	126	1.24265
109	131	1.27299
109	147	0.895392
109	152	0.897671
109	154	1.29699
109	165	0.881334
109	167	0.885591
109	169	0.883199
109	171	0.883435
109	172	0.881917
109	176	0.889593
109	178	0.894404
109	179	0.874961
109	180	0.883437
110	31	1.37873
110	41	1.52158
110	74	1.53356
110	107	0.805616
110	108	1.30643
110	120	0.801088
110	131	1.52908
110	133	0.782996
110	136	0.856791
110	140	0.839069
110	141	0.790766
110	143	0.84357
110	147	0.825795
110	154	1.55309
110	160	0.804569
110	165	0.811737
110	167	0.815994
110	169	0.813602
110	172	0.81232
110	173	0.806921
110	175	1.57295
110	176	0.819996
110	177	0.925158
110	178	0.824807
110	179	0.805364
110	180	0.81384
111	70	1.40052
111	87	1.22275
111	116	0.851006
111	117	0.865883
111	120	0.852044
111	130	0.8728
111	133	0.833952
111	137	0.881075
111	138	0.886752
111	143	0.894526
111	152	0.879029
111	154	1.28945
111	155	1.22669
111	160	0.855524
111	163	1.3301
111	164	1.31952
111	167	0.86695
111	168	1.32009
111	169	0.864558
111	170	1.28052
111	171	0.864793
111	172	0.863276
111	176	0.870952
111	178	0.875763
111	179	0.85632
111	180	0.864796
112	14	0.795303
112	22	1.38141
112	56	1.28334
112	59	0.874863
112	66	1.21011
112	94	0.829987
112	100	1.3356
112	125	1.37221
112	129	1.29946
112	133	0.834882
112	136	0.908676
112	138	0.887681
112	143	0.895455
112	144	1.3553
112	147	0.87768
112	152	0.879959
112	156	1.15487
112	161	0.884928
112	165	0.863623
112	169	0.865487
112	171	0.865723
112	172	0.864205
112	176	0.871881
112	178	0.876693
112	179	0.857249
112	180	0.865725
113	8	0.86652
113	9	0.777052
113	28	0.835804
113	31	0.839181
113	32	0.833531
113	35	1.30525
113	38	0.811761
113	48	0.788009
113	63	0.825975
113	67	0.79673
113	86	0.817751
113	87	0.827142
113	88	0.867517
113	91	0.806682
113	95	0.800006
113	103	0.825255
113	122	0.806845
113	124	1.57286
113	140	1.51223
113	145	0.842618
113	152	1.55718
113	159	0.817875
113	162	0.813745
113	172	1.60889
113	177	1.29114
113	178	1.56334
114	35	0.925961
114	46	0.805349
114	47	0.893678
114	54	1.34658
114	73	0.860744
114	98	1.29275
114	108	1.16916
114	120	0.83138
114	123	0.816575
114	127	1.32932
114	137	0.860411
114	142	1.39505
114	143	0.873862
114	147	0.856087
114	148	1.50138
114	151	1.34051
114	154	1.41582
114	157	0.856309
114	161	0.863335
114	162	0.838348
114	167	0.846286
114	169	0.843893
114	172	0.842612
114	176	0.850288
114	178	0.855099
114	179	0.835655
114	180	0.844132
115	18	1.31949
115	82	1.32781
115	91	1.4336
115	96	0.873369
115	120	0.831925
115	121	0.82685
115	127	1.24178
115	129	1.3069
115	133	0.813833
115	135	1.44425
115	138	0.866633
115	140	0.869906
115	157	0.856854
115	160	0.835405
115	161	0.86388
115	162	0.838894
115	163	1.36894
115	167	0.846831
115	169	0.844439
115	171	0.844674
115	172	0.843157
115	175	1.34815
115	176	0.850833
115	177	0.955995
115	178	0.855644
115	179	0.836201
115	180	0.844677
116	1	1.22209
116	47	0.887284
116	71	1.49794
116	76	1.28028
116	89	1.17794
116	109	0.869647
116	111	0.851006
116	119	0.862193
116	133	0.806894
116	136	0.880689
116	137	0.854017
116	138	0.859694
116	151	1.32946
116	157	0.849915
116	158	1.41422
116	160	0.828466
116	162	0.831954
116	164	1.43485
116	165	0.835635
116	168	1.43542
116	171	0.837735
116	172	0.836218
116	176	0.843894
116	177	0.949056
116	178	0.848705
116	179	0.829261
116	180	0.837738
117	19	1.326
117	37	1.3239
117	62	0.847154
117	82	1.35224
117	85	1.28578
117	101	1.31385
117	111	0.865883
117	123	0.825058
117	126	1.29838
117	138	0.874571
117	141	0.829541
117	147	0.864571
117	150	1.52214
117	152	0.866849
117	157	0.864792
117	160	0.843344
117	162	0.846832
117	165	0.850513
117	169	0.852377
117	171	0.852613
117	172	0.851095
117	173	0.845697
117	175	1.37258
117	176	0.858771
117	178	0.863583
117	179	0.844139
117	180	0.852615
118	24	0.855121
118	74	0.863797
118	82	0.843812
118	101	0.845455
118	104	1.43845
118	107	1.47045
118	109	1.3694
118	119	1.26408
118	120	1.47521
118	123	1.52081
118	125	0.83933
118	130	0.843868
118	135	0.833066
118	139	0.843989
118	146	0.823931
118	148	0.820775
118	149	0.821787
118	151	0.862878
118	155	0.847832
118	158	0.844398
118	161	1.32424
118	164	0.83335
118	168	0.836484
118	170	0.837
118	173	0.828945
118	174	0.839479
118	175	0.834703
118	178	1.34714
119	10	1.09459
119	71	1.28483
119	81	1.45097
119	116	0.862193
119	118	1.26408
119	123	0.848426
119	124	0.896288
119	133	0.84514
119	135	1.30763
119	136	0.918934
119	137	0.892262
119	140	0.901213
119	147	0.887939
119	154	1.19167
119	159	0.87433
119	167	0.878138
119	168	1.22231
119	169	0.875745
119	171	0.875981
119	172	0.874463
119	173	0.869065
119	174	1.16379
119	175	1.21153
119	176	0.882139
119	177	0.987301
119	178	0.886951
119	179	0.867507
119	180	0.875983
120	65	0.823949
120	90	1.21358
120	92	0.865688
120	103	1.4683
120	110	0.801088
120	111	0.852044
120	114	0.83138
120	115	0.831925
120	118	1.47521
120	121	0.82095
120	122	1.48621
120	130	0.84678
120	131	1.37879
120	142	1.38203
120	143	0.868506
120	157	0.850953
120	158	1.41224
120	160	0.829505
120	161	0.857979
120	167	0.840931
120	169	0.838538
120	171	0.838774
120	172	0.837256
120	174	1.37492
120	176	0.844932
120	178	0.849744
120	179	0.8303
120	180	0.838776
121	31	1.30524
121	39	0.92005
121	69	1.31337
121	90	1.29038
121	98	1.35652
121	104	0.842421
121	115	0.82685
121	120	0.82095
121	123	0.806144
121	131	1.45559
121	136	0.876652
121	138	0.855657
121	141	0.810627
121	143	0.863431
121	152	0.847935
121	160	0.82443
121	164	1.50967
121	165	0.831599
121	167	0.835856
121	168	1.51023
121	169	0.833463
121	171	0.833699
121	173	0.826783
121	174	1.45172
121	176	0.839857
121	178	0.844669
121	179	0.825225
121	180	0.833701
122	8	0.885837
122	9	0.796369
122	17	0.852299
122	28	0.855121
122	31	0.858498
122	32	0.852848
122	38	0.831078
122	48	0.807325
122	63	0.845292
122	67	0.816047
122	86	0.837068
122	87	0.846458
122	88	0.886834
122	91	0.825998
122	92	1.41613
122	95	0.819323
122	103	0.844572
122	104	1.44945
122	113	0.806845
122	120	1.48621
122	132	1.43292
122	136	1.25931
122	145	0.861935
122	159	0.837192
122	162	0.833062
122	163	1.64502
122	177	1.08594
122	180	1.43122
123	7	1.70238
123	40	1.22574
123	82	1.44793
123	84	1.34976
123	114	0.816575
123	117	0.825058
123	118	1.52081
123	119	0.848426
123	121	0.806144
123	124	0.844276
123	136	0.866922
123	138	0.845927
123	140	0.849201
123	141	0.800897
123	146	1.48331
123	152	0.838205
123	155	1.38564
123	159	0.822318
123	162	0.818188
123	167	0.826125
123	168	1.47904
123	169	0.823733
123	171	0.823969
123	172	0.822451
123	173	0.817053
123	176	0.830127
123	178	0.834939
123	179	0.815495
123	180	0.823971
124	2	1.15004
124	33	0.879572
124	43	0.819419
124	55	1.34319
124	113	1.57286
124	119	0.896288
124	123	0.844276
124	131	1.26024
124	138	0.893789
124	141	0.848759
124	143	0.901563
124	145	1.13506
124	153	0.869373
124	158	1.29369
124	160	0.862562
124	162	0.86605
124	165	0.86973
124	167	0.873987
124	169	0.871595
124	170	1.27531
124	171	0.871831
124	172	0.870313
124	173	0.864914
124	174	1.25636
124	175	1.30411
124	176	0.877989
124	178	0.8828
124	179	0.863357
124	180	0.871833
125	4	1.2265
125	27	0.871092
125	74	0.882927
125	82	0.862942
125	98	0.886028
125	101	0.864585
125	106	0.850871
125	112	1.37221
125	118	0.83933
125	133	1.49379
125	137	1.2795
125	146	0.843061
125	148	0.839905
125	149	0.840917
125	150	0.832867
125	151	0.882008
125	155	0.866962
125	158	0.863528
125	159	1.41229
125	160	1.3829
125	163	0.838563
125	164	0.85248
125	166	0.865805
125	167	1.40895
125	168	0.855614
125	171	1.38316
125	173	0.848075
125	174	0.858609
125	175	0.853833
125	177	1.05389
126	10	0.916099
126	12	0.809909
126	15	0.916203
126	16	1.37654
126	26	0.873667
126	52	0.880773
126	54	0.880454
126	58	0.798622
126	59	0.873546
126	75	0.885862
126	76	0.871995
126	78	0.89172
126	79	0.802473
126	80	0.882726
126	85	0.871815
126	90	0.90556
126	92	0.891319
126	93	0.8208
126	105	0.850488
126	108	0.904731
126	109	1.24265
126	117	1.29838
126	127	0.877287
126	140	1.16928
126	156	0.910342
126	159	1.3066
126	161	0.88361
126	162	1.28909
126	167	1.30326
126	173	1.3856
126	176	1.22058
126	178	1.22039
127	10	0.916099
127	12	0.809909
127	15	0.916203
127	25	1.32304
127	26	0.873667
127	52	0.880773
127	54	0.880454
127	58	0.798622
127	59	0.873546
127	65	1.33124
127	75	0.885862
127	76	0.871995
127	78	0.89172
127	79	0.802473
127	80	0.882726
127	85	0.871815
127	90	0.90556
127	92	0.891319
127	93	0.8208
127	105	0.850488
127	108	0.904731
127	114	1.32932
127	115	1.24178
127	126	0.877287
127	130	1.38432
127	133	1.35593
127	138	1.2302
127	152	1.18206
127	156	0.910342
127	160	1.24504
127	161	0.88361
127	178	1.18822
128	5	0.911841
128	11	0.915123
128	18	0.88009
128	20	1.30292
128	31	0.88611
128	81	0.822539
128	86	1.31003
128	101	0.876048
128	131	0.872212
128	134	1.50415
128	135	0.86366
128	138	1.23756
128	139	0.874582
128	142	0.871062
128	144	0.859383
128	151	0.893472
128	152	1.18942
128	154	0.85918
128	155	0.878426
128	158	0.874992
128	159	1.28178
128	163	0.850027
128	164	0.863943
128	165	1.27791
128	166	0.877269
128	168	0.867078
128	170	0.867594
128	171	1.25265
128	174	0.870073
128	175	0.865296
128	178	1.19558
128	179	1.25994
129	1	0.919197
129	6	0.905719
129	7	0.814413
129	21	0.88919
129	27	0.88535
129	34	0.85161
129	40	0.934747
129	41	0.851501
129	43	1.46517
129	66	0.918003
129	70	0.838564
129	71	0.838564
129	107	1.37666
129	112	1.29946
129	115	1.3069
129	131	0.875007
129	134	0.859465
129	135	0.866455
129	137	1.20676
129	143	1.20903
129	149	0.855175
129	151	0.896266
129	162	1.32204
129	163	0.852821
129	164	0.866738
129	168	0.869872
129	170	0.870388
129	174	0.872867
129	175	0.868091
129	177	0.981142
129	179	1.31771
129	180	1.32643
130	36	0.842094
130	49	0.818751
130	50	1.25513
130	53	0.859617
130	63	1.36271
130	80	1.38213
130	85	1.40389
130	88	1.27694
130	90	1.28161
130	108	1.22416
130	111	0.8728
130	118	0.843868
130	120	0.84678
130	127	1.38432
130	139	0.867657
130	142	0.864136
130	145	1.32164
130	147	0.871487
130	154	0.852255
130	156	1.30485
130	160	0.850261
130	163	0.843101
130	165	0.857429
130	166	0.870343
130	168	0.860152
130	172	0.858012
130	173	0.852613
130	174	0.863147
130	175	0.858371
130	176	0.865688
130	177	0.97085
130	179	0.851056
130	180	0.859532
131	19	0.875896
131	41	1.46545
131	53	0.857368
131	55	0.874466
131	56	0.87856
131	78	0.884595
131	84	0.866806
131	109	1.27299
131	110	1.52908
131	120	1.37879
131	121	1.45559
131	124	1.26024
131	128	0.872212
131	129	0.875007
131	135	0.854485
131	139	0.865407
131	142	0.861887
131	144	0.850208
131	148	0.842194
131	149	0.843206
131	150	0.835156
131	153	0.854822
131	155	0.869251
131	161	1.22782
131	164	0.854769
131	168	0.857903
131	170	0.858419
131	173	0.850364
131	174	0.860898
131	175	0.856122
131	177	0.978526
131	179	1.31509
131	180	1.32381
132	5	1.24938
132	26	1.32827
132	46	0.815758
132	51	0.864715
132	65	0.839713
132	69	1.18328
132	71	1.44267
132	73	0.871153
132	86	0.852764
132	99	0.867869
132	106	1.3972
132	122	1.43292
132	133	0.823697
132	136	0.897491
132	137	0.87082
132	140	0.87977
132	151	1.27419
132	153	0.85208
132	156	1.18353
132	159	0.852887
132	164	1.37958
132	165	0.852438
132	167	0.856695
132	169	0.854302
132	171	0.854538
132	172	0.853021
132	173	0.847622
132	174	1.32163
132	176	0.860697
132	177	0.965858
132	178	0.865508
132	179	0.846064
132	180	0.854541
133	20	0.834871
133	29	0.842189
133	66	1.33169
133	77	1.7267
133	110	0.782996
133	111	0.833952
133	112	0.834882
133	115	0.813833
133	116	0.806894
133	119	0.84514
133	125	1.49379
133	127	1.35593
133	132	0.823697
133	135	1.55839
133	140	0.845914
133	143	0.850415
133	149	1.53615
133	153	0.818224
133	155	1.37966
133	157	0.832862
133	159	0.819031
133	161	0.839888
133	165	0.818582
133	166	1.375
133	167	0.822839
133	169	0.820446
133	170	1.4335
133	171	0.820682
133	172	0.819165
133	173	0.813766
133	176	0.826841
133	179	0.812208
133	180	0.820685
134	1	0.891686
134	2	0.894727
134	3	0.869791
134	6	0.878208
134	7	0.786901
134	16	0.831528
134	21	0.861679
134	30	1.41242
134	34	0.824099
134	35	1.07899
134	37	0.801599
134	41	0.82399
134	42	0.906528
134	45	0.725445
134	48	0.810221
134	50	0.868265
134	54	0.857788
134	59	1.18963
134	66	0.890492
134	68	0.807099
134	69	0.88282
134	70	0.811053
134	71	0.811053
134	96	1.30057
134	128	1.50415
134	129	0.859465
134	145	0.864831
134	154	1.5833
134	156	0.887675
134	161	1.31417
134	172	1.38262
134	173	1.50228
134	176	1.33726
134	177	0.953059
135	19	0.867344
135	33	1.32747
135	39	1.17007
135	59	1.24325
135	82	0.856679
135	98	0.879764
135	106	0.844608
135	115	1.44425
135	118	0.833066
