1	31	1.1605
1	39	1.24992
1	57	1.26393
1	68	1.21595
1	80	1.13086
1	90	1.17884
1	104	0.823571
1	132	0.765332
1	159	0.814678
1	166	0.80344
1	172	0.79024
1	178	0.808184
2	62	0.971653
2	83	1.08074
2	102	1.02931
2	104	0.997828
2	112	0.972559
2	118	1.09256
2	132	0.963198
2	157	0.981897
2	168	1.05535
2	173	0.871542
2	174	0.983928
2	178	1.00605
3	41	0.830898
3	89	0.897979
3	99	0.885818
3	110	0.895011
3	113	1.1667
3	114	0.876616
3	126	0.920074
3	144	0.917065
3	158	0.976539
3	162	1.21642
3	168	1.19121
3	169	1.23103
4	70	1.01367
4	102	1.02093
4	104	0.989453
4	105	1.06621
4	112	0.964184
4	116	0.946887
4	118	1.08418
4	136	0.923296
4	157	0.964663
4	159	0.99531
4	171	1.06136
4	179	0.976479
5	21	0.809773
5	72	1.02062
5	88	1.02876
5	95	1.08483
5	106	0.990595
5	109	1.03345
5	111	1.02469
5	120	1.01706
5	131	1.03296
5	132	0.973101
5	170	0.996754
5	176	0.994089
6	50	1.08442
6	51	1.08052
6	61	1.09223
6	76	1.05545
6	85	1.11545
6	113	0.821056
6	152	0.892004
6	155	0.911983
6	160	0.895265
6	173	1.17193
6	179	0.886323
7	17	1.01852
7	32	1.0334
7	37	0.979099
7	57	1.10734
7	68	1.05936
7	80	0.974276
7	145	1.028
7	150	0.996277
7	163	0.968248
7	172	0.988143
7	173	0.871579
7	175	0.982333
8	53	1.00808
8	60	1.08308
8	73	0.977093
8	75	0.975589
8	91	0.991129
8	140	0.96097
8	154	0.959586
8	158	1.08843
8	168	0.934714
8	173	1.07659
8	174	0.965688
8	177	0.985687
9	74	1.20023
9	135	0.927168
9	139	0.911883
9	141	0.886706
9	143	0.89893
9	148	0.883612
9	149	0.90354
9	153	0.890584
9	156	0.897578
9	163	1.17805
9	166	1.21114
9	178	1.21589
10	59	1.10769
10	93	1.01989
10	94	0.989735
10	112	0.953772
10	114	1.00584
10	118	1.07377
10	126	1.04929
10	127	1.07826
10	162	0.955233
10	167	0.960674
10	170	0.963916
10	173	0.848607
11	138	1.03829
11	139	1.04063
11	141	1.01545
11	143	1.02768
11	149	1.03229
11	153	1.01933
11	156	1.02633
11	159	0.983198
11	163	0.938865
11	175	0.952951
11	176	0.954841
11	178	0.976705
12	135	1.05473
12	138	1.03711
12	141	1.01427
12	142	0.949922
12	143	1.02649
12	148	1.01117
12	149	1.0311
12	154	0.949235
12	156	1.02514
12	164	0.988205
12	167	0.955018
12	169	0.964183
13	24	1.02416
13	107	1.03044
13	125	1.03481
13	129	1.02787
13	130	1.02787
13	132	1.03047
13	134	1.00986
13	165	0.956492
13	168	0.919892
13	171	1.03868
13	172	0.955044
13	176	0.951124
14	33	1.13103
14	51	0.990135
14	54	1.00533
14	61	1.00184
14	76	0.96506
14	85	1.02506
14	140	0.945007
14	157	0.947694
14	159	0.978341
14	160	0.968452
14	166	0.967104
14	173	1.08154
15	53	0.88769
15	60	0.96269
15	73	0.856699
15	75	0.855196
15	91	0.870736
15	113	0.939322
15	127	1.26041
15	145	0.871472
15	146	1.19309
15	152	1.15861
15	161	1.19315
15	173	0.956195
16	75	1.12972
16	130	1.06838
16	133	0.940814
16	158	1.00135
16	163	0.979711
16	167	0.97135
16	170	0.979255
16	171	1.05367
16	176	0.982067
16	177	0.971035
16	178	0.97567
16	179	0.971807
16	180	0.969106
17	7	1.01852
17	31	0.93071
17	32	0.960201
17	39	1.02013
17	57	1.03414
17	68	0.986164
17	80	0.901077
17	90	0.949049
17	119	1.07857
17	132	1.02399
17	140	1.04
17	165	1.05034
17	168	1.01374
18	88	1.11622
18	95	1.17229
18	106	1.07805
18	108	0.953354
18	109	1.12091
18	111	1.11214
18	120	1.10451
18	122	0.843406
18	146	0.890584
18	154	0.83454
18	161	1.09587
18	179	0.850426
18	180	0.835666
19	46	0.996518
19	108	1.13151
19	123	0.972827
19	138	0.986749
19	139	0.989086
19	141	0.963908
19	143	0.976133
19	148	0.960814
19	149	0.980743
19	153	0.967786
19	155	1.05424
19	156	0.974781
19	164	1.05166
20	21	0.890419
20	121	1.06296
20	133	1.08707
20	138	0.971559
20	139	0.973896
20	141	0.948718
20	143	0.960943
20	148	0.945625
20	153	0.952596
20	156	0.959591
20	159	1.10309
20	170	1.0774
20	175	1.07284
21	5	0.809773
21	20	0.890419
21	63	0.959598
21	76	0.864491
21	90	1.09456
21	107	1.13382
21	112	0.958358
21	134	1.11325
21	145	1.10031
21	158	0.712058
21	177	1.11974
21	179	1.12051
21	180	1.11781
22	66	0.902777
22	77	1.05054
22	87	0.922298
22	117	0.995823
22	129	0.983938
22	130	0.983938
22	134	0.965936
22	167	1.06132
22	168	1.03066
22	171	0.994755
22	173	0.949251
22	177	1.08164
22	178	1.08376
23	26	0.938853
23	67	0.982852
23	69	0.993214
23	71	0.940089
23	79	0.910032
23	84	1.01459
23	93	0.967252
23	116	1.02188
23	158	1.05312
23	165	1.04731
23	166	1.05906
23	174	1.04168
23	180	1.03671
24	13	1.02416
24	59	0.947623
24	102	1.09142
24	130	1.03644
24	137	1.09524
24	165	0.96529
24	170	0.978773
24	174	0.980656
24	175	0.979332
24	176	0.981585
24	177	0.970553
24	178	0.975188
24	180	0.968624
25	79	0.930636
25	89	0.995162
25	93	0.987856
25	99	0.983001
25	100	1.08099
25	114	0.973799
25	147	1.058
25	148	0.969536
25	153	0.976508
25	156	0.983502
25	157	1.0102
25	164	1.0451
25	176	1.01249
26	23	0.938853
26	49	0.954805
26	59	1.04509
26	69	0.983255
26	71	0.93013
26	79	0.900073
26	84	1.00463
26	115	1.01576
26	140	1.04679
26	158	1.04316
26	168	1.02054
26	175	1.04988
26	178	1.07363
27	66	1.17214
27	71	1.04902
27	81	0.942427
27	97	0.992044
27	114	0.956362
27	120	0.96444
27	126	0.99982
27	144	0.996811
27	153	1.01981
27	171	0.960395
27	177	0.979144
27	178	0.983779
27	180	0.977216
28	29	1.08208
28	49	0.961284
28	59	1.05157
28	67	0.979371
28	69	0.989733
28	71	0.936609
28	79	0.906551
28	84	1.01111
28	93	0.963771
28	169	1.06331
28	173	0.942081
28	176	1.05472
28	179	1.06425
29	28	1.08208
29	87	1.13802
29	111	1.03743
29	143	1.01461
29	158	0.923729
29	169	0.960519
29	172	0.988454
29	175	0.980069
29	176	0.982321
29	177	0.97129
29	178	0.975924
29	179	0.972062
29	180	0.969361
30	58	0.82044
30	115	0.832547
30	135	1.14315
30	141	1.10269
30	143	1.11491
30	146	0.918237
30	148	1.0996
30	149	1.11952
30	153	1.10657
30	156	1.11356
30	174	0.868295
30	178	0.890417
30	179	0.87808
31	1	1.1605
31	17	0.93071
31	37	0.891288
31	39	1.00552
31	57	1.01953
31	68	0.971552
31	80	0.886465
31	90	0.934437
31	100	1.09395
31	157	1.02315
31	161	1.07519
31	168	0.994211
31	180	1.02021
32	7	1.0334
32	17	0.960201
32	37	0.920779
32	39	1.03501
32	68	1.00104
32	80	0.915956
32	90	0.963928
32	122	1.06995
32	136	1.02379
32	145	0.969681
32	159	1.0958
32	173	0.954802
32	180	1.06221
33	14	1.13103
33	51	1.09181
33	61	1.10351
33	76	1.06674
33	85	1.12674
33	136	0.819584
33	137	1.09696
33	152	0.878448
33	159	0.891598
33	170	0.865905
33	172	0.86716
33	173	1.18322
33	178	0.885105
34	117	0.989735
34	135	0.999313
34	136	1.01869
34	138	0.981691
34	139	0.984028
34	143	0.971075
34	148	0.955757
34	149	0.975685
34	152	1.07755
34	153	0.962728
34	156	0.969723
34	162	1.05633
34	167	1.06177
35	78	1.08759
35	103	1.12702
35	107	1.12134
35	113	0.808106
35	119	0.897439
35	125	1.12572
35	129	1.11877
35	130	1.11877
35	134	1.10077
35	147	0.909353
35	169	0.872435
35	175	0.861957
35	180	0.858613
36	50	1.09858
36	54	1.10988
36	61	1.10639
36	76	1.06961
36	85	1.12961
36	108	0.957303
36	137	1.09983
36	142	0.839175
36	169	0.853436
36	172	0.848768
36	173	1.18609
36	174	0.84459
36	177	0.864589
37	7	0.979099
37	31	0.891288
37	32	0.920779
37	39	0.980711
37	57	0.99472
37	68	0.946742
37	80	0.861655
37	90	0.909627
37	121	1.11166
37	132	1.10244
37	145	0.91538
37	170	1.12609
37	176	1.12343
37	177	1.14317
38	70	1.03346
38	104	1.00924
38	105	1.08599
38	112	0.983968
38	118	1.10397
38	127	1.02519
38	161	1.03547
38	163	0.892213
38	164	0.940798
38	167	0.907612
38	168	1.06676
38	171	1.08115
38	172	0.912109
38	178	0.930053
39	1	1.24992
39	17	1.02013
39	31	1.00552
39	32	1.03501
39	37	0.980711
39	57	1.10895
39	80	0.975888
39	90	1.02386
39	100	0.983519
39	116	0.894949
39	146	0.964699
39	165	0.920383
39	177	0.934756
39	180	0.909782
40	66	0.870729
40	78	0.920708
40	87	0.89025
40	117	0.963774
40	125	0.958832
40	129	0.951889
40	130	0.951889
40	134	0.933888
40	144	0.958041
40	154	1.11824
40	163	1.10862
40	167	1.12402
40	170	1.12726
40	172	1.12851
41	3	0.830898
41	94	0.895756
41	99	0.921059
41	110	0.930252
41	114	0.911858
41	122	1.11561
41	123	0.990776
41	126	0.955315
41	144	0.952306
41	155	1.14829
41	158	1.01178
41	162	1.10708
41	176	1.1131
41	179	1.12263
42	55	1.00434
42	89	1.06121
42	94	1.02374
42	99	1.04904
42	110	1.05824
42	114	1.03984
42	126	1.0833
42	144	1.08029
42	146	0.969525
42	160	0.938309
42	169	0.928429
42	170	0.922506
42	176	0.919841
42	179	0.929367
43	44	1.229
43	98	1.1817
43	135	0.95944
43	138	0.941819
43	139	0.944156
43	141	0.918978
43	143	0.931203
43	148	0.915884
43	149	0.935813
43	153	0.922856
43	156	0.929851
43	165	1.10652
43	173	0.988512
43	174	1.1009
44	43	1.229
44	134	1.12942
44	147	0.915028
44	153	1.13595
44	154	0.946733
44	155	0.9282
44	158	1.02422
44	171	1.07653
44	172	0.946892
44	176	0.940759
44	177	0.929727
44	178	0.934362
44	179	0.9305
44	180	0.927799
45	63	0.89277
45	72	0.94593
45	81	0.920355
45	88	0.954075
45	96	1.16973
45	106	0.915906
45	109	0.958763
45	116	1.09621
45	120	0.942368
45	122	1.11879
45	137	0.936108
45	140	1.1113
45	142	1.11061
45	161	0.933724
46	19	0.996518
46	85	0.908578
46	125	0.937033
46	126	0.946644
46	128	0.825433
46	134	0.979038
46	167	1.04634
46	170	1.05424
46	175	1.0548
46	176	1.05705
46	177	1.04602
46	178	1.05066
46	179	1.04679
46	180	1.04409
47	124	0.965868
47	135	1.07717
47	139	1.06188
47	141	1.03671
47	143	1.04893
47	148	1.03361
47	149	1.05354
47	153	1.04058
47	155	0.950584
47	156	1.04758
47	170	0.918063
47	175	0.913508
47	177	0.935138
47	179	0.924924
48	77	0.990201
48	97	0.929064
48	103	0.931851
48	107	0.926172
48	117	0.935487
48	129	0.923602
48	130	0.923602
48	134	0.905601
48	140	1.11545
48	166	1.13755
48	167	1.11985
48	171	0.93442
48	175	1.11854
48	180	1.1152
49	26	0.954805
49	28	0.961284
49	59	1.071
49	71	0.956042
49	79	0.925984
49	84	1.03054
49	93	0.983204
49	115	0.960648
49	119	1.03025
49	123	1.04806
49	155	1.03184
49	157	0.994364
49	158	1.06907
49	167	0.996076
49	175	0.994763
50	6	1.08442
50	36	1.09858
50	51	0.954812
50	54	0.97001
50	61	0.966514
50	76	0.929737
50	85	0.989737
50	116	0.975148
50	136	0.951557
50	137	0.959962
50	161	1.04496
50	164	1.02782
50	169	1.0038
50	173	1.04622
50	179	1.00474
51	6	1.08052
51	14	0.990135
51	33	1.09181
51	50	0.954812
51	54	0.966111
51	61	0.962614
51	76	0.925838
51	85	0.985838
51	131	1.02872
51	152	1.00506
51	166	1.00697
51	167	0.989272
51	173	1.04232
51	175	0.987959
51	176	0.98985
52	86	1.04534
52	102	0.984143
52	104	0.952663
52	105	1.02942
52	112	0.927394
52	118	1.04739
52	119	1.02312
52	160	1.008
52	161	0.978893
52	163	0.973556
52	164	1.02214
52	167	0.988955
52	168	1.01018
52	170	0.992197
52	171	1.02457
53	8	1.00808
53	15	0.88769
53	60	1.07172
53	73	0.965728
53	75	0.964224
53	91	0.979764
53	116	0.973401
53	145	0.9805
53	152	1.00867
53	158	1.07707
53	164	1.02608
53	167	0.992889
53	173	1.06522
53	175	0.991576
53	178	1.01533
54	14	1.00533
54	36	1.10988
54	50	0.97001
54	51	0.966111
54	61	0.977812
54	76	0.941036
54	85	1.00104
54	132	0.978877
54	137	0.97126
54	162	0.993847
54	165	1.00523
54	169	1.00845
54	173	1.05752
54	176	0.999865
54	178	1.02173
55	42	1.00434
55	82	1.15325
55	89	0.943438
55	94	0.905973
55	99	0.931277
55	110	0.940469
55	114	0.922075
55	116	0.963906
55	123	1.00099
55	126	0.965532
55	136	1.03971
55	158	1.022
55	162	1.07735
55	165	1.08874
55	173	0.970726
55	180	1.07814
56	68	1.09173
56	75	1.04409
56	80	1.00664
56	90	1.05462
56	91	1.05963
56	96	0.919746
56	100	0.934795
56	108	0.978746
56	111	1.07272
56	120	1.06509
56	145	1.06037
56	151	0.909725
56	155	0.901477
56	164	0.898901
56	173	1.14509
56	174	0.866033
57	1	1.26393
57	7	1.10734
57	17	1.03414
57	31	1.01953
57	37	0.99472
57	39	1.10895
57	65	0.91607
57	80	0.989896
57	90	1.03787
57	140	0.927634
57	145	1.04362
57	157	0.930321
57	167	0.932033
57	169	0.941198
57	173	0.819966
57	179	0.942137
58	30	0.82044
58	61	0.920245
58	73	1.03056
58	91	1.0446
58	97	0.932227
58	99	1.05118
58	110	1.06038
58	118	0.878267
58	126	1.08544
58	134	0.953462
58	149	0.938112
58	156	0.948892
58	173	1.13006
58	178	1.0694
58	179	1.06554
58	180	1.06284
59	10	1.10769
59	24	0.947623
59	26	1.04509
59	28	1.05157
59	49	1.071
59	67	1.08909
59	69	1.09945
59	71	1.04633
59	79	1.01627
59	93	1.07349
59	127	0.991589
59	145	0.854436
59	146	0.924269
59	147	0.920091
59	160	0.893053
59	174	0.874326
60	8	1.08308
60	15	0.96269
60	53	1.07172
60	73	1.04073
60	75	1.03922
60	91	1.05476
60	132	0.888582
60	145	1.0555
60	151	0.953003
60	158	1.15207
60	168	0.878338
60	173	1.14022
60	176	0.90957
60	177	0.92931
60	178	0.931434
60	179	0.919096
61	6	1.09223
61	14	1.00184
61	33	1.10351
61	36	1.10639
61	50	0.966514
61	51	0.962614
61	54	0.977812
61	58	0.920245
61	76	0.937539
61	85	0.997539
61	122	0.970863
61	151	1.01179
61	161	1.0181
61	162	0.962339
61	163	0.952382
61	172	0.972277
61	173	1.05402
62	2	0.971653
62	70	0.90203
62	86	0.970482
62	98	1.19289
62	102	0.909289
62	104	0.877809
62	105	0.954565
62	112	0.85254
62	118	0.97254
62	132	1.09135
62	151	1.15577
62	161	0.904039
62	168	0.935331
62	169	1.12093
62	170	1.115
62	171	0.94972
62	177	1.13208
63	21	0.959598
63	45	0.89277
63	72	0.927696
63	81	0.902122
63	95	0.991905
63	98	1.22446
63	106	0.897673
63	109	0.94053
63	111	0.931764
63	120	0.924135
63	121	1.13214
63	144	0.956505
63	145	0.919409
63	147	1.18942
63	160	1.16238
63	161	0.91549
63	180	1.13868
64	78	0.895829
64	96	1.1537
64	97	0.932471
64	98	1.18079
64	103	0.935259
64	107	0.929579
64	117	0.938895
64	125	0.933952
64	129	0.92701
64	130	0.92701
64	134	0.909008
64	144	0.933161
64	147	1.14575
64	160	1.11871
64	169	1.10883
64	171	0.937827
64	176	1.10025
65	57	0.91607
65	70	1.01874
65	97	0.963799
65	109	0.987796
65	111	0.993532
65	135	0.926358
65	141	0.985715
65	155	1.01839
65	163	1.02859
65	164	1.00203
65	169	1.00914
65	174	1.03002
65	175	1.02869
65	177	1.01991
65	178	1.02455
65	179	1.02069
65	180	1.01799
66	22	0.902777
66	27	1.17214
66	40	0.870729
66	78	0.91383
66	87	0.883372
66	107	0.947581
66	113	1.10469
66	117	0.956896
66	125	0.951954
66	129	0.945011
66	130	0.945011
66	134	0.92701
66	164	1.19304
66	167	1.15986
66	168	1.1292
66	171	0.955828
66	173	1.04779
67	23	0.982852
67	28	0.979371
67	59	1.08909
67	69	1.02725
67	71	0.974129
67	79	0.944071
67	84	1.04863
67	93	1.00129
67	101	0.852465
67	123	1.06615
67	155	1.0133
67	158	1.08716
67	159	1.00647
67	160	0.996584
67	172	0.982035
67	174	0.977857
67	176	0.978116
68	1	1.21595
68	7	1.05936
68	17	0.986164
68	31	0.971552
68	32	1.00104
68	37	0.946742
68	56	1.09173
68	80	0.941919
68	90	0.989891
68	132	0.954446
68	142	0.969761
68	145	0.995644
68	157	0.973145
68	168	0.944202
68	174	0.975176
68	177	0.995175
68	178	0.997298
69	23	0.993214
69	26	0.983255
69	28	0.989733
69	59	1.09945
69	67	1.02725
69	71	0.984491
69	79	0.954433
69	84	1.05899
69	93	1.01165
69	113	0.912564
69	132	0.947317
69	146	1.01799
69	151	1.01174
69	158	1.09752
69	175	0.966415
69	178	0.99017
69	180	0.963072
70	4	1.01367
70	38	1.03346
70	62	0.90203
70	65	1.01874
70	83	1.01112
70	86	1.02088
70	96	1.08873
70	102	0.959685
70	104	0.928205
70	105	1.00496
70	112	0.902936
70	118	1.02294
70	142	1.02961
70	150	1.04733
70	157	1.03299
70	164	1.06789
70	171	1.00012
70	173	0.922636
71	23	0.940089
71	26	0.93013
71	27	1.04902
71	28	0.936609
71	49	0.956042
71	59	1.04633
71	67	0.974129
71	69	0.984491
71	84	1.00587
71	93	0.958529
71	123	1.02339
71	146	1.087
71	158	1.04439
71	168	1.00609
71	173	0.924674
71	176	1.03732
71	177	1.05706
71	179	1.04684
72	5	1.02062
72	45	0.94593
72	63	0.927696
72	81	0.955282
72	88	0.989002
72	95	1.04507
72	106	0.950833
72	109	0.99369
72	111	0.984924
72	120	0.977295
72	136	0.999892
72	142	1.03787
72	144	1.00967
72	148	1.01022
72	157	1.04126
72	168	1.01232
72	169	1.05214
72	179	1.05307
73	8	0.977093
73	15	0.856699
73	53	0.965728
73	58	1.03056
73	60	1.04073
73	75	0.933234
73	91	0.948774
73	113	1.01736
73	145	0.949509
73	150	1.03898
73	154	1.02056
73	155	1.06211
73	157	1.02463
73	158	1.04608
73	168	0.995692
73	172	1.03084
73	173	1.03423
73	179	1.03645
74	9	1.20023
74	88	1.01127
74	90	1.0104
74	107	0.964736
74	143	0.993466
74	148	1.01947
74	149	0.992433
74	166	0.967129
74	167	0.977693
74	170	0.985598
74	172	0.994542
74	174	0.987481
74	175	0.986157
74	176	0.98841
74	177	0.977378
74	178	0.982013
74	179	0.97815
74	180	0.975449
75	8	0.975589
75	15	0.855196
75	16	1.12972
75	53	0.964224
75	56	1.04409
75	60	1.03922
75	73	0.933234
75	84	0.944414
75	91	0.94727
75	113	1.01586
75	142	1.01907
75	145	0.948006
75	150	1.0368
75	158	1.04458
75	169	1.03334
75	173	1.03273
75	175	1.02286
75	180	1.01951
76	6	1.05545
76	14	0.96506
76	21	0.864491
76	33	1.06674
76	36	1.06961
76	50	0.929737
76	51	0.925838
76	54	0.941036
76	61	0.937539
76	85	0.960763
76	116	1.02874
76	137	0.930987
76	160	1.06728
76	162	1.04279
76	164	1.08142
76	166	1.06593
76	169	1.0574
76	173	1.01725
77	22	1.05054
77	48	0.990201
77	97	1.09823
77	103	1.10102
77	107	1.09534
77	117	1.10465
77	125	1.09971
77	127	1.01144
77	129	1.09277
77	130	1.09277
77	131	0.933305
77	134	1.07477
77	150	0.906489
77	157	0.892146
77	167	0.893858
77	170	0.8971
77	173	0.781791
77	176	0.894435
78	35	1.08759
78	40	0.920708
78	64	0.895829
78	66	0.91383
78	82	1.07746
78	97	1.00045
78	117	1.00688
78	125	1.00193
78	129	0.994991
78	130	0.994991
78	134	0.976989
78	159	1.03593
78	164	1.04018
78	166	1.0247
78	171	1.00581
78	172	1.0115
78	179	1.0171
78	180	1.00234
79	23	0.910032
79	25	0.930636
79	26	0.900073
79	28	0.906551
79	49	0.925984
79	59	1.01627
79	67	0.944071
79	69	0.954433
79	82	1.14563
79	84	0.975811
79	93	0.928471
79	123	0.993332
79	158	1.01434
79	163	1.05977
79	166	1.09286
79	172	1.07966
79	174	1.07548
79	179	1.08527
79	180	1.07051
80	1	1.13086
80	7	0.974276
80	17	0.901077
80	31	0.886465
80	32	0.915956
80	37	0.861655
80	39	0.975888
80	56	1.00664
80	57	0.989896
80	68	0.941919
80	90	0.904804
80	121	1.08512
80	145	0.910557
80	164	1.12951
80	165	1.10226
80	173	0.984253
80	174	1.09664
80	175	1.09501
80	177	1.11664
81	27	0.942427
81	45	0.920355
81	63	0.902122
81	72	0.955282
81	88	0.963427
81	95	1.01949
81	106	0.925258
81	109	0.968115
81	111	0.959349
81	120	0.95172
81	131	1.15194
81	137	0.945459
81	145	0.946994
81	163	1.0971
81	167	1.11249
81	169	1.12166
81	171	1.01517
81	173	1.00043
81	180	1.10784
82	55	1.15325
82	78	1.07746
82	79	1.14563
82	91	1.05969
82	101	0.990821
82	141	1.07214
82	145	1.09632
82	146	0.928372
82	162	0.944754
82	163	0.954618
82	170	0.954162
82	172	0.963106
82	174	0.956045
82	175	0.954721
82	176	0.956974
82	177	0.945942
82	178	0.950577
82	179	0.946714
82	180	0.944014
83	2	1.08074
83	70	1.01112
83	86	1.07957
83	102	1.01838
83	104	0.9869
83	105	1.06366
83	112	0.961631
83	118	1.08163
83	140	0.954271
83	142	0.953574
83	159	0.987604
83	160	0.977715
83	161	1.01313
83	165	0.964615
83	168	1.04442
83	171	1.05881
83	173	0.846603
83	175	0.957357
83	179	0.968773
84	23	1.01459
84	26	1.00463
84	28	1.01111
84	49	1.03054
84	67	1.04863
84	69	1.05899
84	71	1.00587
84	75	0.944414
84	79	0.975811
84	93	1.03303
84	105	0.892533
84	119	0.999847
84	123	1.09789
84	131	1.00512
84	142	0.960581
84	152	0.981462
84	158	1.1189
84	170	0.96892
84	173	0.853611
85	6	1.11545
85	14	1.02506
85	33	1.12674
85	36	1.12961
85	46	0.908578
85	50	0.989737
85	51	0.985838
85	54	1.00104
85	61	0.997539
85	76	0.960763
85	127	1.04812
85	137	0.990987
85	155	0.966302
85	169	0.939704
85	170	0.933781
85	173	1.07725
85	174	0.930857
85	176	0.931116
85	177	0.950856
86	52	1.04534
86	62	0.970482
86	70	1.02088
86	83	1.07957
86	102	1.02814
86	104	0.996657
86	105	1.07341
86	112	0.971388
86	115	0.917117
86	118	1.09139
86	140	0.948146
86	151	0.996556
86	153	0.914637
86	168	1.05418
86	170	0.955787
86	171	1.06857
86	174	0.952864
86	178	0.974987
86	180	0.947889
87	22	0.922298
87	29	1.13802
87	40	0.89025
87	66	0.883372
87	97	0.969993
87	103	0.972781
87	117	0.976417
87	125	0.971474
87	126	1.03326
87	129	0.964532
87	130	0.964532
87	132	0.96714
87	134	0.94653
87	144	0.970683
87	150	1.12272
87	158	0.960454
87	174	1.11041
87	178	1.13253
87	180	1.10543
88	5	1.02876
88	18	1.11622
88	45	0.954075
88	72	0.989002
88	74	1.01127
88	81	0.963427
88	95	1.05321
88	106	0.958978
88	109	1.00184
88	111	0.993069
88	115	0.969056
88	120	0.98544
88	137	0.97918
88	161	0.976796
88	164	1.03767
88	167	1.00448
88	168	0.97383
88	174	1.0048
88	175	1.00317
88	176	1.00506
89	3	0.897979
89	25	0.995162
89	42	1.06121
89	55	0.943438
89	94	0.962838
89	99	0.988141
89	110	0.997334
89	114	0.97894
89	119	1.01795
89	123	1.05786
89	126	1.0224
89	132	1.01585
89	150	0.996409
89	158	1.07886
89	159	1.01271
89	161	1.0341
89	170	0.98702
89	174	0.984097
89	176	0.984355
89	179	0.993881
90	1	1.17884
90	17	0.949049
90	21	1.09456
90	31	0.934437
90	32	0.963928
90	37	0.909627
90	39	1.02386
90	56	1.05462
90	57	1.03787
90	68	0.989891
90	74	1.0104
90	80	0.904804
90	113	0.948447
90	132	0.9832
90	145	0.958529
90	150	1.01624
90	166	1.02131
90	170	1.00685
90	177	1.02393
90	180	0.998955
91	8	0.991129
91	15	0.870736
91	53	0.979764
91	56	1.05963
91	58	1.0446
91	60	1.05476
91	73	0.948774
91	75	0.94727
91	82	1.05969
91	113	1.0314
91	116	0.969738
91	131	1.02867
91	145	0.963546
91	148	0.956481
91	152	1.00501
91	158	1.06012
91	159	1.01816
91	163	0.973828
91	165	0.995172
91	173	1.04827
92	121	0.985765
92	123	0.95131
92	128	1.09271
92	133	1.10139
92	135	1.0035
92	138	0.985882
92	139	0.988219
92	141	0.963042
92	143	0.975266
92	147	1.04304
92	148	0.959948
92	149	0.979876
92	152	1.01275
92	153	0.96692
92	156	0.973914
92	159	1.0259
92	167	0.996961
92	171	1.00933
92	174	0.99728
92	176	0.997539
93	10	1.01989
93	23	0.967252
93	25	0.987856
93	28	0.963771
93	49	0.983204
93	59	1.07349
93	67	1.00129
93	69	1.01165
93	71	0.958529
93	79	0.928471
93	84	1.03303
93	122	1.0217
93	132	0.998202
93	157	1.0169
93	158	1.07156
93	163	1.00321
93	170	1.02185
93	172	1.02311
93	173	0.906546
93	176	1.01919
94	10	0.989735
94	41	0.895756
94	42	1.02374
94	55	0.905973
94	89	0.962838
94	99	0.950676
94	110	0.959869
94	114	0.941475
94	116	0.983305
94	119	1.06861
94	126	0.984932
94	132	0.97838
94	144	0.981923
94	151	1.07845
94	158	1.0414
94	160	1.05348
94	164	1.06762
94	175	1.03312
94	176	1.03501
94	179	1.04454
94	180	1.02978
95	5	1.08483
95	18	1.17229
95	63	0.991905
95	72	1.04507
95	81	1.01949
95	88	1.05321
95	106	1.01504
95	109	1.0579
95	111	1.04913
95	113	0.890211
95	116	0.925887
95	120	1.0415
95	121	0.934179
95	145	1.03678
95	161	1.03286
95	162	0.939934
95	168	0.91472
95	172	0.949872
95	174	0.945694
95	176	0.945952
95	177	0.965693
96	45	1.16973
96	56	0.919746
96	64	1.1537
96	70	1.08873
96	128	0.901425
96	134	1.05503
96	140	0.976638
96	146	0.952105
96	147	0.954976
96	148	1.06672
96	149	1.03968
96	155	0.968148
96	163	0.978352
96	166	0.959427
96	169	0.958905
96	174	0.979779
96	175	0.978455
96	176	0.980708
96	178	0.974311
96	179	0.970448
96	180	0.967747
97	27	0.992044
97	48	0.929064
97	58	0.932227
97	64	0.932471
97	65	0.963799
97	77	1.09823
97	78	1.00045
97	87	0.969993
97	103	1.03988
97	107	1.0342
97	121	0.968566
97	124	1.03081
97	125	1.03858
97	129	1.03163
97	130	1.03163
97	134	1.01363
97	144	1.03778
97	150	0.992393
97	160	0.998808
97	168	0.949107
97	171	1.04245
97	176	0.980339
98	43	1.1817
98	62	1.19289
98	63	1.22446
98	64	1.18079
98	101	1.00148
98	128	0.928517
98	129	1.05591
98	131	0.931646
98	154	0.957525
98	160	0.934223
98	163	0.949196
98	164	0.922635
98	167	0.940835
98	169	0.929749
98	171	1.02924
98	172	0.957684
98	174	0.950623
98	175	0.949298
98	176	0.951551
98	178	0.945154
98	179	0.941292
98	180	0.938591
99	3	0.885818
99	25	0.983001
99	41	0.921059
99	42	1.04904
99	55	0.931277
99	58	1.05118
99	89	0.988141
99	94	0.950676
99	110	0.985173
99	114	0.966778
99	126	1.01024
99	132	1.00368
99	144	1.00723
99	155	1.06622
99	158	1.0667
99	168	0.999801
99	171	0.933136
99	174	1.03078
99	175	1.02914
99	176	1.03103
99	178	1.0529
99	179	1.04056
99	180	1.0258
100	25	1.08099
100	31	1.09395
100	39	0.983519
100	56	0.934795
100	110	1.0634
100	118	0.994883
100	135	1.0114
100	152	0.973178
100	156	1.06551
100	158	0.964878
100	163	0.993343
100	164	0.966782
100	165	0.979404
100	166	0.974418
100	167	0.984982
100	172	1.00183
100	174	0.99477
100	175	0.993446
100	176	0.995699
100	177	0.984667
100	178	0.989302
100	179	0.985439
100	180	0.982738
101	67	0.852465
101	82	0.990821
101	98	1.00148
101	128	1.14271
101	131	0.959807
101	133	1.15139
101	135	1.0535
101	138	1.03588
101	139	1.03822
101	141	1.01304
101	142	0.915264
101	143	1.02527
101	148	1.00995
101	149	1.02988
101	153	1.01692
101	154	0.914577
101	156	1.02391
101	159	0.949294
101	163	0.904961
101	171	1.05933
101	175	0.919047
102	2	1.02931
102	4	1.02093
102	24	1.09142
102	52	0.984143
102	62	0.909289
102	70	0.959685
102	83	1.01838
102	86	1.02814
102	104	0.935464
102	105	1.01222
102	112	0.910194
102	118	1.03019
102	146	1.06807
102	160	1.03685
102	161	0.961694
102	166	1.0355
102	168	0.992986
102	170	1.02105
102	171	1.00737
102	172	1.0223
102	173	0.905738
102	175	1.01649
102	180	1.01315
103	35	1.12702
103	48	0.931851
103	64	0.935259
103	77	1.10102
103	87	0.972781
103	97	1.03988
103	107	1.03699
103	117	1.04631
103	119	0.975819
103	125	1.04136
103	127	1.05923
103	129	1.03442
103	130	1.03442
103	132	1.03703
103	134	1.01642
103	161	0.991969
103	162	0.936209
103	168	0.910995
103	171	1.04524
103	172	0.946147
103	176	0.942227
103	177	0.961968
103	179	0.951754
103	180	0.936993
104	1	0.823571
104	2	0.997828
104	4	0.989453
104	38	1.00924
104	52	0.952663
104	62	0.877809
104	70	0.928205
104	83	0.9869
104	86	0.996657
104	102	0.935464
104	105	0.98074
104	108	1.19629
104	112	0.878715
104	113	1.0281
104	118	0.998715
104	123	1.03761
104	146	1.13352
104	152	1.09905
104	159	1.1122
104	161	0.930214
104	168	0.961506
104	169	1.09243
104	171	0.975895
104	172	1.08776
105	4	1.06621
105	38	1.08599
105	52	1.02942
105	62	0.954565
105	70	1.00496
105	83	1.06366
105	84	0.892533
105	86	1.07341
105	102	1.01222
105	104	0.98074
105	112	0.95547
105	115	0.93686
105	118	1.07547
105	123	0.926637
105	154	0.966506
105	155	1.00805
105	157	0.970577
105	161	1.00697
105	168	1.03826
105	170	0.975531
105	171	1.05265
105	176	0.972866
105	178	0.99473
105	180	0.967632
106	5	0.990595
106	18	1.07805
106	45	0.915906
106	63	0.897673
106	72	0.950833
106	81	0.925258
106	88	0.958978
106	95	1.01504
106	109	0.963666
106	111	0.9549
106	120	0.947271
106	136	1.02291
106	137	0.941011
106	144	0.979642
106	145	0.942545
106	152	1.08177
106	154	1.0602
106	159	1.09492
106	161	0.938627
106	170	1.06923
106	172	1.07048
106	175	1.06467
106	177	1.08631
106	180	1.06133
107	13	1.03044
107	21	1.13382
107	35	1.12134
107	48	0.926172
107	64	0.929579
107	66	0.947581
107	74	0.964736
107	77	1.09534
107	97	1.0342
107	103	1.03699
107	117	1.04063
107	122	0.961034
107	125	1.03568
107	129	1.02874
107	130	1.02874
107	134	1.01074
107	147	1.00403
107	151	1.00196
107	161	1.00827
107	165	0.963896
107	168	0.927296
107	173	0.845884
107	175	0.956638
107	177	0.978269
108	18	0.953354
108	19	1.13151
108	36	0.957303
108	56	0.978746
108	104	1.19629
108	125	1.07202
108	129	1.08782
108	139	1.09205
108	146	0.940926
108	148	1.12572
108	157	0.967231
108	159	0.95136
108	163	0.967172
108	166	0.948247
108	167	0.958812
108	169	0.947725
108	172	0.97566
108	174	0.968599
108	175	0.967275
108	176	0.969528
108	177	0.958496
108	178	0.963131
108	179	0.959268
108	180	0.956568
109	5	1.03345
109	18	1.12091
109	45	0.958763
109	63	0.94053
109	65	0.987796
109	72	0.99369
109	81	0.968115
109	88	1.00184
109	95	1.0579
109	106	0.963666
109	111	0.997757
109	116	0.98427
109	120	0.990128
109	136	0.960679
109	137	0.983868
109	144	1.0225
109	145	0.985403
109	151	1.04777
109	161	0.981484
109	163	0.98836
109	170	1.007
109	172	1.00826
109	175	1.00245
109	178	1.0262
109	180	0.999102
110	3	0.895011
110	41	0.930252
110	42	1.05824
110	55	0.940469
110	58	1.06038
110	89	0.997334
110	94	0.959869
110	99	0.985173
110	100	1.0634
110	114	0.975971
110	115	0.958893
110	116	1.0178
110	123	1.05489
110	124	1.04537
110	126	1.01943
110	132	1.01288
110	136	0.951242
110	144	1.01642
110	158	1.07589
110	162	0.988881
110	170	0.997564
110	174	0.99464
110	175	0.993009
110	177	1.01464
110	179	1.00443
111	5	1.02469
111	18	1.11214
111	29	1.03743
111	56	1.07272
111	63	0.931764
111	65	0.993532
111	72	0.984924
111	81	0.959349
111	88	0.993069
111	95	1.04913
111	106	0.9549
111	109	0.997757
111	119	1.04366
111	120	0.981362
111	137	0.975101
111	142	1.0044
111	144	1.01373
111	145	0.976636
111	155	1.04526
111	158	0.859859
111	161	0.972718
111	168	0.97884
111	175	1.00818
111	178	1.03194
111	180	1.00484
112	2	0.972559
112	4	0.964184
112	10	0.953772
112	21	0.958358
112	38	0.983968
112	52	0.927394
112	62	0.85254
112	70	0.902936
112	83	0.961631
112	86	0.971388
112	102	0.910194
112	104	0.878715
112	105	0.95547
112	118	0.973445
112	122	1.14518
112	160	1.16114
112	161	0.904945
112	163	1.1267
112	165	1.14804
112	168	0.936236
112	171	0.950625
112	172	1.14659
112	173	1.03003
112	174	1.14242
112	179	1.1522
113	3	1.1667
113	6	0.821056
113	15	0.939322
113	35	0.808106
113	66	1.10469
113	69	0.912564
113	73	1.01736
113	75	1.01586
113	90	0.948447
113	91	1.0314
113	95	0.890211
113	104	1.0281
113	118	0.870639
113	125	0.903829
113	138	1.05045
113	139	1.05279
113	144	0.941517
113	149	1.04445
113	153	1.03149
113	156	1.03848
113	169	1.04079
113	173	1.11686
113	176	1.06259
113	178	1.0562
113	179	1.05233
113	180	1.04963
114	3	0.876616
114	10	1.00584
114	25	0.973799
114	27	0.956362
114	41	0.911858
114	42	1.03984
114	55	0.922075
114	89	0.97894
114	94	0.941475
114	99	0.966778
114	110	0.975971
114	116	0.999407
114	126	1.00103
114	132	0.994482
114	144	0.998025
114	147	1.07779
114	150	1.04434
114	152	1.0475
114	154	1.02593
114	158	1.0575
114	162	1.02627
114	172	1.03621
114	174	1.03203
114	178	1.05415
114	179	1.04182
114	180	1.02705
115	26	1.01576
115	30	0.832547
115	49	0.960648
115	86	0.917117
115	88	0.969056
115	105	0.93686
115	110	0.958893
115	129	0.939363
115	134	0.965569
115	137	0.986201
115	146	1.02096
115	154	1.05554
115	160	1.03223
115	163	1.04721
115	164	1.02065
115	165	1.03327
115	169	1.02776
115	170	1.04675
115	171	0.912685
115	172	1.0557
115	174	1.04863
115	175	1.04731
115	176	1.04956
115	177	1.03853
115	179	1.0393
115	180	1.0366
116	4	0.946887
116	23	1.02188
116	39	0.894949
116	45	1.09621
116	50	0.975148
116	53	0.973401
116	55	0.963906
116	76	1.02874
116	91	0.969738
116	94	0.983305
116	95	0.925887
116	109	0.98427
116	110	1.0178
116	114	0.999407
116	126	1.04286
116	134	0.981509
116	141	0.998238
116	148	0.995144
116	149	1.01507
116	153	1.00212
116	156	1.00911
116	170	1.03041
116	172	1.03935
116	176	1.03322
116	178	1.02682
116	179	1.02296
116	180	1.02026
117	22	0.995823
117	34	0.989735
117	40	0.963774
117	48	0.935487
117	64	0.938895
117	66	0.956896
117	77	1.10465
117	78	1.00688
117	87	0.976417
117	103	1.04631
117	107	1.04063
117	119	1.00757
117	123	0.927749
117	125	1.045
117	129	1.03806
117	130	1.03806
117	134	1.02005
117	144	1.04421
117	150	0.986031
117	154	0.967617
117	161	1.02372
117	163	0.958002
117	166	0.991098
117	171	1.04887
117	175	0.972087
117	177	0.993718
117	178	0.995842
118	2	1.09256
118	4	1.08418
118	10	1.07377
118	38	1.10397
118	52	1.04739
118	58	0.878267
118	62	0.97254
118	70	1.02294
118	83	1.08163
118	86	1.09139
118	100	0.994883
118	102	1.03019
118	104	0.998715
118	105	1.07547
118	112	0.973445
118	113	0.870639
118	127	1.04338
118	140	0.921404
118	152	0.941587
118	154	0.92002
118	161	1.02494
118	162	0.920362
118	168	1.05624
118	170	0.929045
118	171	1.07063
118	172	0.9303
118	174	0.926122
118	179	0.935907
119	17	1.07857
119	35	0.897439
119	49	1.03025
119	52	1.02312
119	84	0.999847
119	89	1.01795
119	94	1.06861
119	103	0.975819
119	111	1.04366
119	117	1.00757
119	137	1.0558
119	146	0.972056
119	147	0.974926
119	160	0.983329
119	164	0.971741
119	165	0.984363
119	166	0.979377
119	167	0.989941
119	169	0.978855
119	170	0.997846
119	172	1.00679
119	174	0.999729
119	175	0.998405
119	176	1.00066
119	177	0.989626
119	178	0.994261
119	179	0.990398
119	180	0.987698
120	5	1.01706
120	18	1.10451
120	27	0.96444
120	45	0.942368
120	56	1.06509
120	63	0.924135
120	72	0.977295
120	81	0.95172
120	88	0.98544
120	95	1.0415
120	106	0.947271
120	109	0.990128
120	111	0.981362
120	124	1.04649
120	131	1.03489
120	137	0.967472
120	144	1.0061
120	145	0.969007
120	146	1.0457
120	147	1.04152
120	151	1.03945
120	154	0.989656
120	159	1.02437
120	161	0.965088
120	163	0.98004
120	170	0.998681
120	174	0.995758
120	178	1.01788
121	20	1.06296
121	37	1.11166
121	63	1.13214
121	80	1.08512
121	92	0.985765
121	95	0.934179
121	97	0.968566
121	122	0.972723
121	126	0.957408
121	143	0.975484
121	151	0.975922
121	153	0.996328
121	156	0.985231
121	157	0.996701
121	159	0.98083
121	160	0.981669
121	162	0.986778
121	166	0.977717
121	169	0.977195
121	170	0.996185
121	172	1.00513
121	174	0.998069
121	175	0.996745
121	176	0.998997
121	177	0.987966
121	178	0.9926
121	179	0.988738
121	180	0.986037
122	18	0.843406
122	32	1.06995
122	41	1.11561
122	45	1.11879
122	61	0.970863
122	93	1.0217
122	107	0.961034
122	112	1.14518
122	121	0.972723
122	138	0.98288
122	146	0.970328
122	148	1.01577
122	154	1.0049
122	157	0.996633
122	159	0.980762
122	164	0.970014
122	166	0.977649
122	169	0.977127
122	170	0.996118
122	171	0.951197
122	172	1.00506
122	174	0.998001
122	175	0.996677
122	176	0.99893
122	177	0.987898
122	178	0.992533
122	179	0.988671
122	180	0.98597
123	19	0.972827
123	41	0.990776
123	49	1.04806
123	55	1.00099
123	67	1.06615
123	71	1.02339
123	79	0.993332
123	84	1.09789
123	89	1.05786
123	92	0.95131
123	104	1.03761
123	105	0.926637
123	110	1.05489
123	117	0.927749
123	126	1.07995
123	129	0.92914
123	130	0.917175
123	133	0.789609
123	139	0.93337
123	143	0.941029
123	153	0.961874
123	163	1.06795
123	171	0.902462
123	174	1.06938
123	175	1.06806
123	178	1.06391
123	179	1.06005
123	180	1.05735
124	47	0.965868
124	97	1.03081
124	110	1.04537
124	120	1.04649
124	128	0.898441
124	129	1.02584
124	130	1.01387
124	138	1.03084
124	142	0.997991
124	143	1.03773
124	149	1.0367
124	152	0.975181
124	153	1.05857
124	157	0.995405
124	159	0.979534
124	164	0.968786
124	165	0.981408
124	167	0.986986
124	169	0.975899
124	170	0.99489
124	172	1.00383
124	174	0.996774
124	175	0.995449
124	176	0.997702
124	177	0.98667
124	178	0.991305
124	179	0.987443
124	180	0.984742
125	13	1.03481
125	35	1.12572
125	40	0.958832
125	46	0.937033
125	64	0.933952
125	66	0.951954
125	77	1.09971
125	78	1.00193
125	87	0.971474
125	97	1.03858
125	103	1.04136
125	107	1.03568
125	108	1.07202
125	113	0.903829
125	117	1.045
125	129	1.03311
125	130	1.03311
125	131	0.99844
125	132	1.03572
125	134	1.01511
125	136	0.915914
125	160	0.978039
125	163	0.943594
125	164	0.99218
125	169	0.968158
125	171	1.04393
125	172	0.96349
125	175	0.95768
125	178	0.981435
126	3	0.920074
126	10	1.04929
126	27	0.99982
126	41	0.955315
126	42	1.0833
126	46	0.946644
126	55	0.965532
126	58	1.08544
126	87	1.03326
126	89	1.0224
126	94	0.984932
126	99	1.01024
126	110	1.01943
126	114	1.00103
126	116	1.04286
126	121	0.957408
126	123	1.07995
126	132	1.03794
126	144	1.04148
126	158	1.10096
126	160	0.98765
126	161	1.01892
126	163	0.953206
126	168	0.93795
126	172	0.973102
126	173	0.856538
126	175	0.967292
126	177	0.988922
126	178	0.991046
127	10	1.07826
127	15	1.26041
127	38	1.02519
127	59	0.991589
127	77	1.01144
127	85	1.04812
127	103	1.05923
127	118	1.04338
127	131	0.957049
127	133	0.952842
127	135	1.0599
127	136	0.993708
127	140	0.972885
127	150	0.953147
127	151	0.953879
127	152	0.954434
127	160	0.959626
127	164	0.948038
127	169	0.955152
127	170	0.974143
127	171	1.0657
127	172	0.983087
127	174	0.976026
127	175	0.974702
127	176	0.976955
127	177	0.965923
127	178	0.970558
127	179	0.966695
127	180	0.963994
128	46	0.825433
128	92	1.09271
128	96	0.901425
128	98	0.928517
128	101	1.14271
128	124	0.898441
128	133	1.22326
128	135	1.12537
128	138	1.10775
128	139	1.11008
128	141	1.0849
128	143	1.09713
128	148	1.08181
128	149	1.10174
128	153	1.08878
128	156	1.09578
128	161	0.897713
128	163	0.831995
128	165	0.853338
128	167	0.847393
128	168	1.1168
128	171	1.13119
128	175	0.84608
128	177	0.867711
128	178	0.869835
128	180	0.842737
129	13	1.02787
129	22	0.983938
129	35	1.11877
129	40	0.951889
129	48	0.923602
129	64	0.92701
129	66	0.945011
129	77	1.09277
129	78	0.994991
129	87	0.964532
129	97	1.03163
129	98	1.05591
129	103	1.03442
129	107	1.02874
129	108	1.08782
129	115	0.939363
129	117	1.03806
129	123	0.92914
129	124	1.02584
129	125	1.03311
129	130	1.02617
129	134	1.00817
129	144	1.03232
129	155	1.01055
129	157	0.973079
129	161	1.02511
129	167	0.974791
129	168	0.944136
129	171	1.03699
129	173	0.862725
129	178	0.997233
129	179	0.984895
130	13	1.02787
130	16	1.06838
130	22	0.983938
130	24	1.03644
130	35	1.11877
130	40	0.951889
130	48	0.923602
130	64	0.92701
130	66	0.945011
130	77	1.09277
130	78	0.994991
130	87	0.964532
130	97	1.03163
130	103	1.03442
130	107	1.02874
130	117	1.03806
130	123	0.917175
130	124	1.01387
130	125	1.03311
130	129	1.02617
130	134	1.00817
130	144	1.03232
130	147	1.00891
130	154	0.957044
130	161	1.01315
130	165	0.968772
130	166	0.980524
130	168	0.932172
130	169	0.971992
130	171	1.03699
130	178	0.985268
130	180	0.95817
131	5	1.03296
131	51	1.02872
131	77	0.933305
131	81	1.15194
131	84	1.00512
131	91	1.02867
131	98	0.931646
131	101	0.959807
131	120	1.03489
131	125	0.99844
131	127	0.957049
131	139	1.01847
131	141	1.04112
131	143	1.02613
131	154	1.01127
131	155	0.99274
131	157	1.003
131	158	0.935244
131	160	0.987971
131	162	0.99308
131	164	0.976383
131	165	0.989005
131	166	0.984019
131	167	0.994583
131	169	0.983497
131	170	1.00249
131	174	1.00437
131	175	1.00305
131	176	1.0053
131	177	0.994267
131	178	0.998902
131	179	0.99504
131	180	0.992339
132	1	0.765332
132	2	0.963198
132	5	0.973101
132	13	1.03047
132	17	1.02399
132	37	1.10244
132	54	0.978877
132	60	0.888582
132	62	1.09135
132	68	0.954446
132	69	0.947317
132	87	0.96714
132	89	1.01585
132	90	0.9832
132	93	0.998202
132	94	0.97838
132	99	1.00368
132	103	1.03703
132	110	1.01288
132	114	0.994482
132	125	1.03572
132	126	1.03794
132	134	1.01078
132	135	0.92191
132	145	1.00545
132	158	1.0944
132	167	1.01758
132	170	1.02548
132	171	1.0396
132	175	1.02604
132	177	1.01726
132	178	1.0219
132	179	1.01804
132	180	1.01534
133	16	0.940814
133	20	1.08707
133	92	1.10139
133	101	1.15139
133	123	0.789609
133	127	0.952842
133	128	1.22326
133	135	1.13405
133	138	1.11643
133	139	1.11877
133	141	1.09359
133	143	1.10582
133	147	0.881344
133	148	1.0905
133	149	1.11043
133	151	0.879271
133	153	1.09747
133	155	0.871024
133	156	1.10446
133	162	0.829819
133	165	0.841205
133	168	1.12549
133	170	0.838503
133	171	1.13988
133	172	0.839757
133	176	0.835838
133	177	0.855578
133	178	0.857702
134	13	1.00986
134	21	1.11325
134	22	0.965936
134	35	1.10077
134	40	0.933888
134	44	1.12942
134	46	0.979038
134	48	0.905601
134	58	0.953462
134	64	0.909008
134	66	0.92701
134	77	1.07477
134	78	0.976989
134	87	0.94653
134	96	1.05503
134	97	1.01363
134	103	1.01642
134	107	1.01074
134	115	0.965569
134	116	0.981509
134	117	1.02005
134	125	1.01511
134	129	1.00817
134	130	1.00817
134	132	1.01078
134	144	1.01432
134	150	1.01363
134	162	0.995557
134	166	1.0187
134	167	1.001
134	171	1.01899
134	173	0.888931
134	177	1.02132
134	179	1.0111
134	180	0.996341
135	9	0.927168
135	12	1.05473
135	30	1.14315
135	34	0.999313
135	43	0.95944
135	47	1.07717
135	65	0.926358
135	92	1.0035
135	100	1.0114
135	101	1.0535
135	127	1.0599
135	128	1.12537
135	132	0.92191
135	133	1.13405
135	137	0.998687
135	138	1.01854
135	139	1.02088
135	141	0.995701
135	143	1.00792
135	148	0.992607
135	149	1.01254
135	153	0.999578
135	155	0.978084
135	156	1.00657
135	160	0.961366
135	161	0.99264
135	165	0.948266
135	167	0.942321
135	168	1.0276
135	170	0.945563
135	171	1.04198
135	174	0.94264
135	175	0.941008
135	176	0.942898
135	177	0.962639
135	180	0.937664
136	4	0.923296
136	32	1.02379
136	33	0.819584
136	34	1.01869
136	50	0.951557
136	55	1.03971
136	72	0.999892
136	106	1.02291
136	109	0.960679
136	110	0.951242
136	125	0.915914
136	127	0.993708
136	137	0.97855
136	140	1.03789
136	144	0.953602
136	145	0.982782
136	150	1.01815
136	152	1.01944
136	155	1.0294
136	158	0.852718
136	159	1.02379
136	162	1.02974
136	164	1.01304
136	165	1.02566
136	166	1.02068
136	167	1.03124
136	169	1.02016
136	170	1.03915
136	172	1.04809
136	174	1.04103
136	175	1.03971
136	176	1.04196
136	177	1.03093
136	178	1.03556
136	179	1.0317
136	180	1.029
137	24	1.09524
137	33	1.09696
137	36	1.09983
137	45	0.936108
137	50	0.959962
137	54	0.97126
137	76	0.930987
137	81	0.945459
137	85	0.990987
137	88	0.97918
137	106	0.941011
137	109	0.983868
137	111	0.975101
137	115	0.986201
137	119	1.0558
137	120	0.967472
137	135	0.998687
137	136	0.97855
137	138	0.981066
137	143	0.97045
137	145	0.962747
137	147	1.06771
137	148	0.955131
137	149	0.97506
137	152	1.03741
137	153	0.962103
137	154	1.01585
137	156	0.969098
137	157	1.01992
137	162	1.01619
137	165	1.02757
