1	42	0.755025
1	58	0.5269
1	62	0.623237
1	96	0.531226
1	116	0.64509
1	138	1.22745
1	154	1.24043
1	155	1.24278
1	175	1.26179
1	176	1.09281
1	177	1.25272
1	180	1.08234
2	17	0.925758
2	49	1.09652
2	58	1.30606
2	61	1.17432
2	79	1.08513
2	94	1.2521
2	95	0.843911
2	96	1.29105
2	101	0.769923
2	148	0.72817
2	153	0.844542
2	178	1.19463
3	29	0.856502
3	35	1.00402
3	75	0.98493
3	89	1.17363
3	94	1.11009
3	100	0.994412
3	145	0.929495
3	154	0.982858
3	158	1.00405
3	172	0.817659
3	176	0.835239
3	177	0.995148
4	43	0.695227
4	61	0.580633
4	79	0.675182
4	82	0.501205
4	90	0.628608
4	115	1.23571
4	136	1.22399
4	145	1.18982
4	155	1.24553
4	161	1.21396
4	171	1.21325
4	172	1.07798
5	32	0.6899
5	55	0.76866
5	59	1.11493
5	79	1.14381
5	84	0.690117
5	88	1.21684
5	97	1.18753
5	117	0.907057
5	171	1.2207
5	177	1.26292
5	178	1.25331
5	179	1.05721
6	109	0.702146
6	129	0.835218
6	157	0.712349
6	159	1.17991
6	161	1.17523
6	162	1.20162
6	165	1.22641
6	167	0.863187
6	171	1.17452
6	175	1.22582
6	176	0.99774
6	177	1.21674
7	27	0.651178
7	88	0.754761
7	93	0.594073
7	109	1.3258
7	121	1.28532
7	150	0.548667
7	161	0.56449
7	169	1.17875
7	172	1.13948
7	174	1.17425
7	179	1.14983
7	180	1.14659
8	26	0.699728
8	105	0.76185
8	115	0.864548
8	117	1.08769
8	135	0.858631
8	147	1.10571
8	160	1.12257
8	164	0.989231
8	167	1.06416
8	168	1.05439
8	172	0.970738
8	174	1.00551
9	16	1.17079
9	42	1.20293
9	66	1.23335
9	88	1.19674
9	93	1.20739
9	120	1.19427
9	121	0.691252
9	127	0.649662
9	132	1.21862
9	149	1.17013
9	164	0.894194
9	178	0.685603
10	21	0.711522
10	106	0.640454
10	124	0.50099
10	137	1.33168
10	159	0.652429
10	165	0.578258
10	166	1.20762
10	169	1.19127
10	170	1.16835
10	172	1.152
10	174	1.18677
10	179	1.16235
11	100	1.20951
11	148	0.621961
11	150	1.19814
11	151	1.19905
11	161	1.16873
11	162	1.19512
11	164	0.849608
11	167	0.759309
11	173	0.979436
11	175	1.21932
11	177	1.21024
11	179	0.905721
12	21	1.17463
12	87	1.19736
12	124	1.20826
12	141	1.19087
12	145	1.1733
12	149	0.744146
12	154	1.22667
12	155	1.22902
12	156	0.752047
12	166	0.9036
12	167	0.852213
12	168	0.862931
13	15	1.00955
13	72	1.00834
13	103	0.955275
13	110	0.904445
13	135	1.02342
13	140	1.09407
13	159	1.04033
13	161	1.03565
13	166	1.14162
13	171	1.03494
13	175	1.08624
13	177	1.07716
14	103	0.769488
14	113	1.22928
14	118	0.825199
14	128	1.16577
14	131	0.793035
14	135	1.16598
14	150	1.20762
14	159	1.18289
14	169	0.938667
14	175	1.2288
14	177	1.21972
14	178	0.786156
15	13	1.00955
15	82	0.700241
15	93	0.822823
15	130	1.19767
15	166	1.05271
15	168	1.08073
15	169	1.03635
15	170	1.01343
15	172	0.997081
15	175	0.757559
15	176	1.01466
15	179	1.00744
16	9	1.17079
16	35	1.19629
16	37	1.19262
16	42	1.12285
16	52	0.611564
16	85	0.926103
16	93	1.12731
16	97	1.08735
16	123	0.890383
16	132	1.13854
16	152	1.06436
16	174	0.961099
16	176	1.02564
17	2	0.925758
17	36	0.953438
17	58	0.825864
17	91	1.01026
17	119	0.885682
17	145	0.984362
17	154	1.03773
17	155	1.04007
17	158	1.05891
17	159	1.01318
17	163	0.998474
17	174	0.907299
17	177	1.05002
18	41	1.19023
18	50	0.615377
18	89	1.31509
18	90	1.30895
18	99	0.778012
18	105	1.32995
18	114	0.68689
18	116	1.31753
18	119	1.31753
18	142	0.753431
18	148	0.748003
18	166	0.936739
18	178	1.32056
19	25	0.744763
19	49	0.720031
19	65	0.72814
19	82	0.600088
19	86	1.10798
19	96	0.589111
19	123	1.08036
19	136	1.1349
19	154	1.15409
19	155	1.15644
19	165	1.17604
19	171	1.12416
19	177	1.16638
20	111	0.67359
20	117	1.18068
20	136	1.20973
20	139	1.18745
20	144	0.650202
20	147	1.19869
20	154	0.660227
20	159	0.696533
20	170	1.08007
20	171	0.708816
20	174	1.09849
20	179	1.07408
20	180	1.07083
21	10	0.711522
21	12	1.17463
21	87	1.12884
21	111	1.11116
21	118	0.856977
21	124	1.13974
21	127	0.781994
21	141	1.12235
21	145	1.10478
21	154	1.15814
21	155	1.16049
21	164	1.02653
21	167	0.936227
22	39	0.701924
22	66	1.1685
22	79	1.05885
22	93	1.14253
22	97	1.10257
22	121	0.868567
22	131	0.869797
22	161	1.13644
22	163	0.904441
22	164	1.07151
22	171	1.13574
22	175	1.18703
22	178	1.16835
23	48	1.17174
23	53	1.22413
23	95	0.894439
23	96	1.04946
23	123	0.876638
23	153	0.887198
23	155	1.19656
23	162	0.947533
23	173	0.761934
23	175	0.971731
23	177	0.962655
23	178	0.953045
23	179	0.795521
24	33	1.10019
24	34	1.07189
24	36	1.23873
24	53	1.14776
24	65	1.2049
24	82	1.24336
24	91	0.794095
24	98	1.15436
24	120	0.939094
24	122	0.729977
24	152	0.897493
24	173	1.0344
24	179	0.96068
25	19	0.744763
25	41	1.0293
25	43	1.11744
25	62	1.15711
25	89	1.15417
25	105	1.16902
25	116	1.1566
25	119	1.1566
25	130	0.802874
25	148	0.788254
25	164	1.0159
25	169	0.959821
25	178	1.15963
26	8	0.699728
26	64	0.531692
26	78	1.32334
26	83	1.28385
26	124	1.30123
26	126	0.843241
26	141	1.28384
26	145	1.26626
26	152	0.824243
26	154	1.31963
26	155	1.32198
26	160	0.64605
26	180	0.873052
27	7	0.651178
27	135	1.10203
27	136	0.8697
27	149	0.852547
27	150	1.14367
27	161	1.11426
27	162	1.14065
27	165	1.16543
27	171	1.11355
27	175	1.16485
27	176	1.09517
27	177	1.15577
27	178	0.842322
28	42	0.796196
28	106	0.667607
28	116	1.19725
28	119	1.19725
28	132	0.668119
28	154	1.1976
28	155	1.19995
28	170	1.04875
28	173	1.00917
28	175	0.640694
28	176	1.04998
28	177	0.611862
28	178	1.20028
29	3	0.856502
29	60	1.00011
29	66	0.885461
29	91	1.05635
29	97	0.933547
29	103	1.05055
29	108	0.811623
29	114	1.17374
29	129	0.993137
29	142	1.06195
29	167	1.01204
29	173	0.895391
29	177	0.856291
30	49	1.09652
30	56	0.757261
30	58	1.30606
30	60	0.800701
30	61	1.17432
30	68	0.722336
30	79	1.08513
30	94	1.2521
30	96	1.29105
30	129	0.864378
30	170	0.969853
30	178	1.19463
31	89	0.703754
31	92	0.782104
31	99	1.16188
31	122	1.13425
31	153	1.10264
31	154	0.736762
31	160	1.15243
31	162	0.727508
31	163	1.12655
31	167	1.09402
31	169	1.03988
31	173	0.977371
31	175	0.73418
31	179	1.01096
32	5	0.6899
32	58	0.544724
32	67	0.538507
32	118	1.27244
32	129	1.24467
32	138	0.638238
32	145	0.607291
32	168	1.2538
32	170	1.18651
32	171	0.668518
32	173	1.14692
32	178	1.33803
32	179	1.18051
32	180	1.17727
33	24	1.10019
33	34	1.01864
33	40	1.01657
33	53	1.09451
33	56	1.05829
33	65	1.15165
33	82	1.19011
33	98	1.10111
33	125	1.21384
33	133	0.721834
33	149	1.06817
33	152	0.864315
33	173	1.00122
33	176	0.915643
34	24	1.07189
34	33	1.01864
34	36	1.15719
34	52	0.629826
34	53	1.06621
34	65	1.12336
34	70	1.47285
34	82	1.16181
34	98	1.07281
34	127	0.755115
34	132	1.08836
34	136	0.818433
34	149	1.03987
34	180	1.04138
35	3	1.00402
35	16	1.19629
35	37	1.29819
35	42	1.22843
35	66	1.25885
35	70	1.20172
35	76	0.731403
35	88	1.22223
35	93	1.23289
35	97	1.19292
35	121	0.525568
35	136	0.547296
35	152	1.16994
35	174	0.708224
36	17	0.953438
36	24	1.23873
36	34	1.15719
36	40	1.15511
36	50	0.623224
36	60	1.18339
36	65	1.2902
36	82	1.32865
36	86	0.835604
36	98	1.23965
36	101	0.797603
36	102	0.683338
36	149	1.20671
36	163	0.81643
37	16	1.19262
37	35	1.29819
37	42	1.22476
37	44	0.542173
37	66	1.25518
37	70	1.27706
37	88	1.21857
37	93	1.22922
37	97	1.18925
37	126	0.815782
37	149	1.19196
37	156	0.613393
37	168	0.724277
37	176	0.848112
38	55	0.716983
38	86	0.801528
38	112	1.15413
38	118	0.779873
38	121	0.74648
38	139	0.783816
38	143	1.24091
38	159	1.21433
38	161	1.20965
38	165	1.26083
38	171	1.20895
38	175	1.26024
38	177	1.25117
38	180	0.991157
39	22	0.701924
39	43	0.695664
39	85	1.15707
39	130	1.3505
39	132	0.586385
39	142	1.29324
39	150	0.578818
39	151	0.597314
39	156	1.33078
39	165	0.523677
39	170	1.16626
39	174	1.18468
39	179	1.16027
39	180	1.15702
40	33	1.01657
40	36	1.15511
40	98	1.07073
40	122	0.86498
40	141	1.06239
40	145	1.04482
40	155	1.10053
40	160	0.854304
40	165	1.12014
40	175	1.11955
40	176	1.08382
40	177	1.11048
40	178	0.830979
40	180	1.08131
41	18	1.19023
41	25	1.0293
41	56	0.910813
41	60	0.954253
41	62	1.08269
41	89	1.07974
41	90	1.07359
41	101	0.950303
41	105	1.0946
41	116	1.08218
41	119	1.08218
41	156	0.945733
41	160	0.950931
41	178	1.08521
42	1	0.755025
42	9	1.20293
42	16	1.12285
42	28	0.796196
42	35	1.22843
42	37	1.22476
42	52	0.714228
42	66	1.18542
42	77	0.855052
42	88	1.1488
42	97	1.11949
42	132	1.17068
42	152	1.0965
42	163	0.91698
42	178	0.875456
43	4	0.695227
43	25	1.11744
43	39	0.695664
43	50	0.704976
43	62	1.17082
43	89	1.16787
43	90	1.16172
43	105	1.18273
43	116	1.17031
43	119	1.17031
43	137	1.18515
43	147	0.908558
43	163	0.898182
43	169	1.00917
43	178	1.17334
44	37	0.542173
44	54	0.722502
44	63	0.683727
44	118	1.20966
44	142	1.25071
44	143	0.662779
44	159	0.70575
44	160	1.25921
44	168	1.19103
44	170	1.12373
44	173	1.08415
44	174	1.14215
44	175	0.666861
44	176	1.12496
44	180	1.11449
45	79	0.734783
45	81	1.16413
45	98	0.598218
45	121	1.24116
45	127	1.29479
45	128	0.672147
45	146	1.23401
45	154	0.620707
45	166	1.15095
45	169	1.13459
45	171	0.669296
45	172	1.09532
45	173	1.07209
45	176	1.1129
45	177	0.589292
46	51	0.763011
46	106	1.13529
46	133	0.852955
46	143	1.17547
46	144	1.15041
46	157	0.761373
46	159	1.1489
46	162	1.17061
46	163	0.835442
46	165	1.1954
46	168	0.922929
46	171	1.14351
46	174	0.982225
46	175	1.19481
46	177	1.18573
47	76	0.966469
47	131	0.761862
47	140	1.1953
47	144	1.14307
47	147	0.806884
47	148	0.735928
47	150	1.16629
47	158	1.18729
47	159	1.14155
47	161	1.13687
47	162	1.16327
47	165	1.18805
47	173	1.0934
47	177	1.17839
47	178	0.754983
48	23	1.17174
48	78	1.26858
48	87	1.23557
48	91	0.770106
48	104	1.2589
48	111	1.21789
48	124	1.24647
48	129	0.762311
48	137	0.610451
48	141	1.22908
48	145	1.21151
48	154	1.26487
48	155	1.26722
48	156	0.690114
48	160	0.695312
48	163	0.713511
49	2	1.09652
49	19	0.720031
49	30	1.09652
49	58	1.22885
49	61	1.09711
49	79	1.00793
49	85	0.935888
49	94	1.17489
49	96	1.21384
49	101	0.805276
49	133	1.03741
49	137	1.12923
49	167	0.900871
49	170	0.978377
49	174	0.970884
49	178	1.11742
50	18	0.615377
50	36	0.623224
50	43	0.704976
50	53	0.572701
50	64	1.34215
50	65	0.639005
50	97	0.616697
50	116	0.61384
50	141	1.24727
50	143	1.28509
50	145	1.22969
50	155	1.28541
50	171	1.25313
50	175	1.30442
50	179	1.12821
50	180	1.12497
51	46	0.763011
51	64	1.25252
51	73	0.730991
51	104	0.694014
51	122	1.16188
51	145	0.678991
51	146	1.16692
51	159	0.727935
51	163	1.15418
51	167	1.12165
51	170	1.04459
51	172	1.02824
51	175	0.689046
51	178	1.19611
51	179	1.03859
51	180	1.03535
52	16	0.611564
52	34	0.629826
52	42	0.714228
52	65	0.629458
52	79	0.675384
52	82	0.501407
52	93	0.623989
52	141	1.26459
52	145	1.24702
52	154	1.30038
52	168	1.21883
52	171	1.27045
52	173	1.11195
52	175	1.32174
52	176	1.15276
52	177	1.31267
53	23	1.22413
53	24	1.14776
53	33	1.09451
53	34	1.06621
53	50	0.572701
53	60	1.09242
53	65	1.19922
53	75	0.717925
53	81	0.875864
53	82	1.23768
53	85	0.877693
53	98	1.14868
53	120	0.933412
53	126	0.944898
53	132	1.16422
53	149	1.11574
54	44	0.722502
54	80	1.05395
54	106	1.10001
54	128	1.09651
54	135	1.09671
54	137	0.714059
54	150	1.13836
54	161	1.10894
54	162	1.13534
54	164	0.984187
54	165	1.16012
54	167	0.893888
54	170	0.971394
54	175	1.15953
54	176	1.02844
54	177	1.15046
55	5	0.76866
55	38	0.716983
55	80	0.801337
55	114	1.31569
55	123	1.15205
55	141	0.686018
55	142	1.2039
55	151	0.734461
55	158	0.67932
55	164	1.07907
55	169	1.09985
55	173	1.03734
55	174	1.09535
55	176	1.07816
55	179	1.07093
55	180	1.06769
56	30	0.757261
56	33	1.05829
56	41	0.910813
56	61	0.72527
56	65	1.16301
56	98	1.11246
56	104	0.708129
56	124	0.59061
56	141	0.693072
56	147	1.10968
56	157	1.16256
56	162	1.13708
56	165	1.16186
56	175	1.16128
56	177	1.1522
56	180	0.981825
57	100	1.12777
57	115	1.10875
57	129	0.901384
57	140	1.14541
57	144	1.09319
57	150	1.11641
57	151	1.11731
57	160	0.834385
57	161	1.08699
57	163	0.852584
57	165	1.13817
57	168	0.94007
57	175	1.13758
57	177	1.12851
57	178	0.81106
57	179	1.07576
58	1	0.5269
58	2	1.30606
58	17	0.825864
58	30	1.30606
58	32	0.544724
58	49	1.22885
58	61	1.30665
58	79	1.21747
58	94	1.38444
58	96	1.42338
58	147	0.699232
58	153	0.744648
58	160	0.670656
58	176	0.900177
58	178	1.32697
59	5	1.11493
59	75	0.933757
59	86	1.00091
59	100	1.08603
59	106	1.03633
59	113	1.09632
59	142	0.926587
59	149	0.95044
59	151	1.07558
59	158	1.09567
59	160	0.96354
59	162	1.07165
59	165	1.09643
59	171	1.04455
59	175	1.09585
59	177	1.08677
59	178	0.940215
60	29	1.00011
60	30	0.800701
60	36	1.18339
60	41	0.954253
60	53	1.09242
60	63	1.12972
60	82	1.18802
60	92	0.794525
60	96	0.678305
60	145	0.736546
60	155	0.723458
60	166	1.01689
60	171	1.09654
60	173	0.938037
60	175	1.14783
60	177	1.13876
60	180	0.96838
61	2	1.17432
61	4	0.580633
61	30	1.17432
61	49	1.09711
61	56	0.72527
61	58	1.30665
61	79	1.08572
61	94	1.25269
61	96	1.29164
61	122	0.776064
61	133	1.11521
61	137	1.20703
61	147	0.793964
61	152	0.943581
61	167	0.860356
61	170	0.937862
61	178	1.19522
62	1	0.623237
62	25	1.15711
62	41	1.08269
62	43	1.17082
62	76	0.955153
62	89	1.20755
62	90	1.2014
62	105	1.22241
62	116	1.20999
62	118	0.782711
62	119	1.20999
62	131	0.750547
62	134	0.770942
62	137	1.22482
62	169	0.896179
62	170	0.939467
62	178	1.21302
63	44	0.683727
63	60	1.12972
63	72	1.1569
63	100	1.22498
63	121	0.74247
63	135	1.17197
63	137	0.675284
63	152	1.12734
63	158	1.23461
63	162	1.2106
63	164	0.945412
63	170	0.932618
63	171	1.1835
63	175	1.23479
63	177	1.22572
63	178	0.73682
63	179	1.00152
64	26	0.531692
64	50	1.34215
64	51	1.25252
64	74	0.725747
64	97	0.677345
64	101	1.22274
64	108	0.555421
64	135	0.690595
64	151	0.667275
64	154	0.631503
64	160	1.2559
64	163	1.23002
64	164	1.12256
64	169	1.14334
64	173	1.08084
64	174	1.13884
64	180	1.11118
65	19	0.72814
65	24	1.2049
65	33	1.15165
65	34	1.12336
65	36	1.2902
65	50	0.639005
65	52	0.629458
65	53	1.19922
65	56	1.16301
65	73	1.16742
65	84	0.688297
65	98	1.20582
65	132	1.22137
65	149	1.17288
65	152	0.992204
65	178	0.790687
65	180	1.04101
66	9	1.23335
66	22	1.1685
66	29	0.885461
66	35	1.25885
66	37	1.25518
66	42	1.18542
66	88	1.17922
66	93	1.18987
66	97	1.14991
66	123	0.837882
66	134	0.747565
66	149	1.15262
66	152	1.12692
66	156	0.738419
66	160	0.743617
66	166	0.889972
66	169	0.872803
67	32	0.538507
67	83	1.17884
67	87	1.18531
67	92	1.19177
67	101	0.663812
67	104	1.20865
67	111	1.16764
67	124	1.19621
67	125	1.19216
67	126	0.86163
67	141	1.17882
67	145	1.16125
67	146	0.689981
67	152	0.842632
67	154	1.21462
67	155	1.21697
67	172	0.929069
68	30	0.722336
68	79	0.784895
68	94	0.574273
68	100	0.66055
68	101	1.17776
68	115	0.735828
68	117	1.17604
68	129	1.1336
68	148	1.2301
68	156	1.23996
68	160	1.21092
68	162	0.661564
68	166	1.11471
68	167	1.15251
68	172	1.05909
68	173	1.03586
68	177	0.639404
68	179	1.06944
69	80	1.07415
69	99	0.825295
69	106	1.12022
69	109	0.771594
69	122	0.848344
69	138	1.14539
69	148	0.795287
69	150	1.15856
69	158	1.17956
69	159	1.13382
69	161	1.12914
69	165	1.18032
69	171	1.12844
69	174	1.00265
69	175	1.17974
69	177	1.17066
69	178	0.814343
69	180	1.06467
70	34	1.47285
70	35	1.20172
70	37	1.27706
70	82	1.34443
70	101	0.906064
70	125	0.719057
70	142	0.930717
70	145	0.899227
70	154	0.952591
70	155	0.95494
70	158	0.973778
70	160	0.93922
70	168	0.87104
70	171	0.922661
70	175	0.973957
70	177	0.964881
70	179	0.797747
70	180	0.794504
71	72	0.693906
71	94	0.570751
71	100	0.657027
71	101	1.17655
71	109	1.2442
71	115	0.732305
71	118	1.16016
71	123	1.14935
71	144	0.657272
71	157	1.24573
71	161	0.700394
71	163	1.18383
71	168	1.14153
71	169	1.09716
71	170	1.07423
71	173	1.03465
71	174	1.09265
71	175	0.664714
72	13	1.00834
72	63	1.1569
72	71	0.693906
72	108	1.19114
72	117	0.863696
72	128	1.11199
72	131	0.756025
72	140	1.18284
72	150	1.15384
72	151	1.15474
72	163	0.79067
72	165	1.1756
72	168	0.878157
72	171	1.12372
72	172	1.0371
72	175	1.17501
72	177	1.16594
72	180	0.999473
73	51	0.730991
73	65	1.16742
73	82	1.20588
73	92	1.12149
73	98	1.11688
73	122	0.7959
73	137	0.700363
73	141	1.10854
73	144	1.1213
73	147	0.813799
73	151	1.14542
73	154	1.14433
73	155	1.14668
73	169	0.91441
73	172	1.04985
73	175	1.1657
73	177	1.15662
73	180	1.01223
74	64	0.725747
74	80	1.0664
74	102	0.725212
74	108	1.18811
74	115	1.14314
74	127	0.780839
74	133	0.875817
74	140	1.17981
74	153	0.914096
74	158	1.1718
74	159	1.12607
74	160	0.840105
74	161	1.12139
74	162	1.14778
74	171	1.12069
74	173	1.1552
74	175	1.17198
74	177	1.16291
75	3	0.98493
75	53	0.717925
75	59	0.933757
75	113	0.675747
75	116	0.759064
75	134	1.18879
75	139	1.17078
75	144	0.706054
75	153	1.14908
75	156	1.22792
75	162	0.706824
75	163	1.173
75	164	1.06554
75	168	1.1307
75	170	1.0634
75	173	1.02382
75	176	1.06463
75	177	0.684664
75	179	1.05741
76	35	0.731403
76	47	0.966469
76	62	0.955153
76	78	0.831708
76	86	1.05877
76	98	0.911533
76	103	1.0716
76	135	0.993114
76	147	1.07464
76	156	1.12054
76	163	1.06562
76	167	1.03309
76	168	1.02332
76	173	0.91644
76	174	0.974445
76	176	0.957252
76	178	1.10755
76	179	0.950027
76	180	0.946784
77	42	0.855052
77	101	1.14856
77	117	1.14685
77	128	0.753573
77	135	0.761225
77	140	0.642645
77	144	0.692108
77	147	1.16486
77	148	1.2009
77	156	1.21076
77	158	0.682764
77	162	0.692878
77	167	1.12331
77	169	1.06916
77	170	1.04624
77	174	1.06466
77	176	1.04747
77	179	1.04025
77	180	1.037
78	26	1.32334
78	48	1.26858
78	76	0.831708
78	83	1.17811
78	92	1.19104
78	104	1.20792
78	111	1.16691
78	124	1.19548
78	125	1.17127
78	141	1.17809
78	145	1.16052
78	152	0.82174
78	154	1.21389
78	155	1.21624
78	157	0.587678
78	163	0.661747
78	166	0.789903
78	168	0.749234
78	174	0.808529
79	2	1.08513
79	4	0.675182
79	5	1.14381
79	22	1.05885
79	30	1.08513
79	45	0.734783
79	49	1.00793
79	52	0.675384
79	58	1.21747
79	61	1.08572
79	68	0.784895
79	94	1.16351
79	96	1.20246
79	125	1.38766
79	133	1.02603
79	134	0.863886
79	137	1.11784
79	147	0.888513
79	178	1.10604
80	54	1.05395
80	55	0.801337
80	69	1.07415
80	74	1.0664
80	91	0.923304
80	113	1.1478
80	123	0.942775
80	142	0.811557
80	143	1.12799
80	151	1.12705
80	157	0.79264
80	159	1.10141
80	161	1.09673
80	162	1.12313
80	168	0.954195
80	171	1.09603
80	175	1.14732
80	177	1.13825
80	179	1.08989
81	45	1.16413
81	53	0.875864
81	110	1.11751
81	121	1.09442
81	138	0.892327
81	139	1.07231
81	140	0.814531
81	147	1.08355
81	158	0.854649
81	159	0.910324
81	164	0.967077
81	165	0.836152
81	166	1.00421
81	167	1.042
81	172	0.948585
81	173	0.925354
81	176	0.966165
81	179	0.958941
81	180	0.955697
82	4	0.501205
82	15	0.700241
82	19	0.600088
82	24	1.24336
82	33	1.19011
82	34	1.16181
82	36	1.32865
82	52	0.501407
82	53	1.23768
82	60	1.18802
82	70	1.34443
82	73	1.20588
82	98	1.24427
82	120	1.02901
82	130	0.6582
82	132	1.25982
82	149	1.21133
82	168	0.791646
82	180	0.912962
83	26	1.28385
83	67	1.17884
83	78	1.17811
83	86	0.76415
83	87	1.1451
83	92	1.15156
83	104	1.16843
83	111	1.12742
83	114	0.623283
83	120	1.21212
83	123	0.821043
83	124	1.156
83	130	0.699017
83	141	1.13861
83	145	1.12104
83	154	1.1744
83	155	1.17675
83	173	1.04187
83	176	0.956298
83	178	0.703452
84	5	0.690117
84	65	0.688297
84	88	0.843515
84	111	0.63351
84	113	0.579814
84	147	1.24532
84	148	1.28136
84	159	0.656452
84	161	0.653244
84	163	1.2363
84	164	1.12885
84	166	1.16598
84	168	1.194
84	170	1.12671
84	171	0.668736
84	172	1.11035
84	174	1.14513
84	176	1.12793
84	179	1.12071
84	180	1.11747
85	16	0.926103
85	39	1.15707
85	49	0.935888
85	53	0.877693
85	93	0.938528
85	116	1.05179
85	119	1.05179
85	123	0.978408
85	129	0.961451
85	133	0.974803
85	141	0.863175
85	155	0.850121
85	158	1.07332
85	166	0.942561
85	171	1.02221
85	175	1.0735
85	177	1.06443
85	178	1.05482
85	180	0.894048
86	19	1.10798
86	36	0.835604
86	38	0.801528
86	59	1.00091
86	76	1.05877
86	83	0.76415
86	117	1.11583
86	131	1.14373
86	142	1.1422
86	155	0.757508
86	156	1.17974
86	164	1.01737
86	167	1.09229
86	168	1.08252
86	169	1.03815
86	172	0.998875
86	175	0.780652
86	176	1.01645
86	177	0.751819
86	180	1.00599
87	12	1.19736
87	21	1.12884
87	48	1.23557
87	67	1.18531
87	83	1.1451
87	104	1.17491
87	111	1.1339
87	117	0.809407
87	124	1.16247
87	130	0.690422
87	141	1.14508
87	145	1.12751
87	154	1.18088
87	155	1.18322
87	160	0.718183
87	166	0.864537
87	170	0.890656
87	176	0.947703
87	179	0.959562
87	180	0.945184
88	5	1.21684
88	7	0.754761
88	9	1.19674
88	35	1.22223
88	37	1.21857
88	42	1.1488
88	66	1.17922
88	84	0.843515
88	93	1.15326
88	97	1.11329
88	101	0.968603
88	110	1.18012
88	129	1.03623
88	132	1.16449
88	149	1.116
88	152	1.09031
88	157	0.913361
88	169	1.09842
88	171	0.0210324
88	178	0.945905
89	3	1.17363
89	18	1.31509
89	25	1.15417
89	31	0.703754
89	41	1.07974
89	43	1.16787
89	62	1.20755
89	90	1.19845
89	91	0.787647
89	105	1.21946
89	116	1.20704
89	119	1.20704
89	125	0.973857
89	126	1.05939
89	146	0.738394
89	156	0.707655
89	163	0.731052
89	164	0.89812
89	174	0.877834
89	178	1.21007
90	4	0.628608
90	18	1.30895
90	41	1.07359
90	43	1.16172
90	62	1.2014
90	89	1.19845
90	99	0.800991
90	105	1.21331
90	110	0.722539
90	116	1.20089
90	119	1.20089
90	125	0.967707
90	126	1.05324
90	134	0.817311
90	137	1.21573
90	160	0.813363
90	163	0.831562
90	173	1.12846
90	174	0.978344
90	178	1.20392
91	17	1.01026
91	24	0.794095
91	29	1.05635
91	48	0.770106
91	80	0.923304
91	89	0.787647
91	102	1.23551
91	120	0.939995
91	139	1.14124
91	140	0.761168
91	160	1.16934
91	163	1.14346
91	166	1.07314
91	168	1.10116
91	171	0.869245
91	172	1.01751
91	174	1.05228
91	176	1.03509
91	177	0.789241
91	180	1.02462
92	31	0.782104
92	60	0.794525
92	67	1.19177
92	73	1.12149
92	78	1.19104
92	83	1.15156
92	104	1.18136
92	110	1.19106
92	111	1.14035
92	124	1.16893
92	131	0.774756
92	134	0.795151
92	137	0.706341
92	141	1.15154
92	145	1.13397
92	153	0.865194
92	154	1.18733
92	155	1.18968
92	164	0.976469
92	169	0.920389
93	7	0.594073
93	9	1.20739
93	15	0.822823
93	16	1.12731
93	22	1.14253
93	35	1.23289
93	37	1.22922
93	52	0.623989
93	66	1.18987
93	85	0.938528
93	88	1.15326
93	95	0.881903
93	97	1.12394
93	110	1.19077
93	126	1.00573
93	130	0.780782
93	132	1.17514
93	148	0.766162
93	149	1.12665
93	152	1.10096
94	2	1.2521
94	3	1.11009
94	30	1.2521
94	49	1.17489
94	58	1.38444
94	61	1.25269
94	68	0.574273
94	71	0.570751
94	79	1.16351
94	96	1.36942
94	133	1.19299
94	137	1.28481
94	146	0.674857
94	147	0.677891
94	152	0.827509
94	163	0.667515
94	174	0.814297
94	178	1.27301
95	2	0.843911
95	23	0.894439
95	93	0.881903
95	106	0.843552
95	112	0.838522
95	113	0.77889
95	130	1.18964
95	136	1.13506
95	137	1.16874
95	149	1.09386
95	160	1.14088
95	164	1.00754
95	165	0.781356
95	168	1.0727
95	170	1.0054
95	173	0.965821
95	174	1.02383
95	175	0.816639
95	176	1.00663
95	179	0.999408
95	180	0.996165
96	1	0.531226
96	2	1.29105
96	19	0.589111
96	23	1.04946
96	30	1.29105
96	49	1.21384
96	58	1.42338
96	60	0.678305
96	61	1.29164
96	79	1.20246
96	94	1.36942
96	122	0.685659
96	126	0.872173
96	133	1.23194
96	137	1.32376
96	149	0.661883
96	152	0.853175
96	170	0.847456
96	178	1.31195
96	180	0.901984
97	5	1.18753
97	16	1.08735
97	22	1.10257
97	29	0.933547
97	35	1.19292
97	37	1.18925
97	42	1.11949
97	50	0.616697
97	64	0.677345
97	66	1.14991
97	88	1.11329
97	93	1.12394
97	99	0.779331
97	110	1.15081
97	126	0.988894
97	132	1.13518
97	139	0.811364
97	149	1.08669
97	152	1.06099
97	164	0.97697
97	179	1.03308
98	24	1.15436
98	33	1.10111
98	34	1.07281
98	36	1.23965
98	40	1.07073
98	45	0.598218
98	53	1.14868
98	56	1.11246
98	65	1.20582
98	73	1.11688
98	76	0.911533
98	82	1.24427
98	120	0.94001
98	132	1.17082
98	149	1.12233
98	167	0.81834
98	169	0.852559
98	170	0.895846
98	172	0.988002
98	174	0.888354
98	179	0.964752
99	18	0.778012
99	31	1.16188
99	69	0.825295
99	90	0.800991
99	97	0.779331
99	112	0.75279
99	122	1.1747
99	148	1.21207
99	150	0.750764
99	151	0.769261
99	153	1.14309
99	164	1.05955
99	166	1.09668
99	167	1.13447
99	168	1.1247
99	172	1.04106
99	173	1.01782
99	174	1.07583
99	175	0.730907
99	176	1.05864
99	179	1.05141
99	180	1.04817
100	3	0.994412
100	11	1.20951
100	57	1.12777
100	59	1.08603
100	63	1.22498
100	68	0.66055
100	71	0.657027
100	109	0.669519
100	140	1.25093
100	144	1.1987
100	151	1.22283
100	156	0.730394
100	159	1.19718
100	162	1.2189
100	171	1.1918
100	173	1.05069
100	174	0.900573
100	175	1.2431
100	177	1.23402
100	178	0.712267
100	179	0.976972
100	180	0.962594
101	2	0.769923
101	36	0.797603
101	41	0.950303
101	49	0.805276
101	64	1.22274
101	67	0.663812
101	68	1.17776
101	70	0.906064
101	71	1.17655
101	77	1.14856
101	88	0.968603
101	102	1.21645
101	106	0.769564
101	108	0.669151
101	118	1.10073
101	122	1.13209
101	134	1.1402
101	164	1.01694
101	168	1.0821
101	169	1.03773
101	174	1.03322
101	179	1.00881
102	36	0.683338
102	74	0.725212
102	91	1.23551
102	101	1.21645
102	103	1.22971
102	106	0.655299
102	129	1.17229
102	136	1.24379
102	146	1.23647
102	151	0.66674
102	155	0.605243
102	156	1.27865
102	158	0.6116
102	161	0.664066
102	165	0.593103
102	166	1.1534
102	167	1.1912
102	170	1.11413
102	171	0.679558
102	176	1.11536
102	179	1.10813
102	180	1.10489
103	13	0.955275
103	14	0.769488
103	29	1.05055
103	76	1.0716
103	102	1.22971
103	104	0.708253
103	134	1.15345
103	136	1.15772
103	138	0.724177
103	144	0.695843
103	146	1.15039
103	147	1.14667
103	153	1.11374
103	160	1.16354
103	167	1.10513
103	170	1.02806
103	171	0.754457
103	172	1.01171
103	173	0.988476
103	175	0.703285
103	176	1.02929
103	177	0.674453
104	48	1.2589
104	51	0.694014
104	56	0.708129
104	67	1.20865
104	78	1.20792
104	83	1.16843
104	87	1.17491
104	92	1.18136
104	103	0.708253
104	111	1.15723
104	114	0.644753
104	124	1.18581
104	129	0.815246
104	133	1.12688
104	141	1.16842
104	145	1.15084
104	152	0.926439
104	154	1.20421
104	155	1.20656
104	163	0.766445
104	176	0.977767
104	180	0.975248
105	8	0.76185
105	18	1.32995
105	25	1.16902
105	41	1.0946
105	43	1.18273
105	62	1.22241
105	89	1.21946
105	90	1.21331
105	116	1.2219
105	118	0.72389
105	119	1.2219
105	125	0.988713
105	126	1.07425
105	131	0.691726
105	137	1.23673
105	139	0.727834
105	152	0.886365
105	167	0.80314
105	173	1.02327
105	174	0.873154
105	178	1.22493
105	180	0.935174
106	10	0.640454
106	28	0.667607
106	46	1.13529
106	54	1.10001
106	59	1.03633
106	69	1.12022
106	95	0.843552
106	101	0.769564
106	102	0.655299
106	115	1.16455
106	135	1.13057
106	138	1.15904
106	143	1.17405
106	151	1.17312
106	158	1.19321
106	165	1.19398
106	167	0.86516
106	169	0.899378
106	171	1.14209
106	172	1.03482
106	174	0.935173
106	175	1.19339
106	177	1.18431
107	112	1.07585
107	113	1.18244
107	117	0.86001
107	128	1.11894
107	137	0.683924
107	138	1.14762
107	143	1.16263
107	144	1.13757
107	157	0.712915
107	158	1.18179
107	159	1.13605
107	161	1.13137
107	162	1.15777
107	164	0.954052
107	165	1.18255
107	170	0.941258
107	171	1.13067
107	174	0.933766
107	175	1.18197
107	176	0.998306
107	177	1.17289
107	178	0.74546
107	180	0.995787
108	29	0.811623
108	64	0.555421
108	72	1.19114
108	74	1.18811
108	101	0.669151
108	117	0.761004
108	140	1.27686
108	144	1.22464
108	150	1.24786
108	153	0.74377
108	158	1.26885
108	159	1.22312
108	160	0.669779
108	161	1.21844
108	162	1.24484
108	165	1.26962
108	167	0.764747
108	169	0.798965
108	171	1.21774
108	172	0.934408
108	175	1.26903
108	177	1.25996
108	179	0.911158
109	6	0.702146
109	7	1.3258
109	69	0.771594
109	71	1.2442
109	100	0.669519
109	122	1.19974
109	129	1.14062
109	131	1.21096
109	151	0.71556
109	153	1.16813
109	158	0.66042
109	161	0.712886
109	164	1.08459
109	167	1.15952
109	168	1.14975
109	170	1.08245
109	171	0.728378
109	174	1.10087
109	175	0.677206
109	176	1.08368
109	177	0.648374
109	179	1.07646
109	180	1.07321
110	13	0.904445
110	81	1.11751
110	88	1.18012
110	90	0.722539
110	92	1.19106
110	93	1.19077
110	97	1.15081
110	111	1.16693
110	131	1.19356
110	140	0.595551
110	141	1.17812
110	149	1.15351
110	150	0.672313
110	151	0.69081
110	154	1.21391
110	155	1.21626
110	165	0.617172
110	171	0.703627
110	173	1.02548
110	175	0.652455
110	176	1.06629
110	177	0.623623
110	180	1.05582
111	20	0.67359
111	21	1.11116
111	48	1.21789
111	67	1.16764
111	78	1.16691
111	83	1.12742
111	84	0.63351
111	87	1.1339
111	92	1.14035
111	104	1.15723
111	110	1.16693
111	120	1.24456
111	124	1.1448
111	129	0.826224
111	136	0.763278
111	141	1.12741
111	145	1.10984
111	153	0.833217
111	154	1.1632
111	155	1.16555
111	166	0.90558
111	178	0.7359
111	179	1.0006
112	38	1.15413
112	95	0.838522
112	99	0.75279
112	107	1.07585
112	113	1.14727
112	117	0.856387
112	128	1.08377
112	138	1.11245
112	143	1.12746
112	150	1.12562
112	151	1.12652
112	153	0.839153
112	159	1.10088
112	161	1.0962
112	162	1.1226
112	165	1.14738
112	166	0.911517
112	168	0.870847
112	171	1.0955
112	172	1.02979
112	173	1.08026
112	175	1.14679
112	177	1.13772
112	178	0.741837
113	14	1.22928
113	59	1.09632
113	75	0.675747
113	80	1.1478
113	84	0.579814
113	95	0.77889
113	107	1.18244
113	112	1.14727
113	133	0.741241
113	135	1.19056
113	138	1.21904
113	143	1.23405
113	144	1.20899
113	147	0.734105
113	150	1.23221
113	158	1.25321
113	161	1.20279
113	165	1.25397
113	167	0.800497
113	169	0.834715
113	171	1.20209
113	172	0.970159
113	174	0.870511
113	176	0.93505
114	18	0.68689
114	29	1.17374
114	55	1.31569
114	83	0.623283
114	104	0.644753
114	116	0.685353
114	121	1.28073
114	128	0.693808
114	136	1.2809
114	140	0.58288
114	148	1.3059
114	158	0.622999
114	163	1.26084
114	164	1.15338
114	169	1.17417
114	170	1.15124
114	171	0.690957
114	172	1.13489
114	173	1.11166
114	174	1.16967
114	175	0.639785
114	177	0.610953
114	179	1.14525
114	180	1.142
115	4	1.23571
115	8	0.864548
115	57	1.10875
115	68	0.735828
115	71	0.732305
115	74	1.14314
115	106	1.16455
115	125	0.969173
115	127	0.751604
115	128	1.16105
115	144	1.17968
115	146	0.836411
115	148	0.768489
115	149	0.797771
115	150	1.2029
115	151	1.2038
115	152	1.11662
115	157	0.755
115	159	1.17816
115	165	1.22466
115	169	0.940056
115	171	1.17278
115	175	1.22407
115	177	1.215
115	180	1.03787
116	1	0.64509
116	18	1.31753
116	25	1.1566
116	28	1.19725
116	41	1.08218
116	43	1.17031
116	50	0.61384
116	62	1.20999
116	75	0.759064
116	85	1.05179
116	89	1.20704
116	90	1.20089
116	105	1.2219
116	114	0.685353
116	119	1.20948
116	125	0.976295
116	126	1.06183
116	130	0.761086
116	137	1.22431
116	146	0.814387
116	160	0.788847
116	168	0.894532
116	172	1.05348
116	173	1.10394
116	178	1.21251
117	5	0.907057
117	8	1.08769
117	20	1.18068
117	68	1.17604
117	72	0.863696
117	77	1.14685
117	86	1.11583
117	87	0.809407
117	107	0.86001
117	108	0.761004
117	112	0.856387
117	130	1.19732
117	153	1.09877
117	154	0.837086
117	165	0.799221
117	166	1.05236
117	169	1.03601
117	170	1.01308
117	172	0.996734
117	173	0.973502
117	176	1.01431
117	179	1.00709
117	180	1.00385
118	14	0.825199
118	21	0.856977
118	32	1.27244
118	38	0.779873
118	44	1.20966
118	62	0.782711
118	71	1.16016
118	101	1.10073
118	105	0.72389
118	126	0.999261
118	127	1.18153
118	128	0.813019
118	131	1.12692
118	145	0.748941
118	146	1.12075
118	151	0.797351
118	157	1.1699
118	166	1.03769
118	167	1.07548
118	168	1.06571
118	170	0.998411
118	175	0.758996
118	176	0.999641
118	179	0.992416
118	180	0.989172
119	17	0.885682
119	18	1.31753
119	25	1.1566
119	28	1.19725
119	41	1.08218
119	43	1.17031
119	62	1.20999
119	85	1.05179
119	89	1.20704
119	90	1.20089
119	105	1.2219
119	116	1.20948
119	123	0.82474
119	125	0.976293
119	126	1.06183
119	133	0.766186
119	137	1.22431
119	139	0.750135
119	156	0.725276
119	164	0.915741
119	168	0.83616
119	169	0.85966
119	170	0.902947
119	176	0.959995
119	178	1.21251
120	9	1.19427
120	24	0.939094
120	53	0.933412
120	82	1.02901
120	83	1.21212
120	91	0.939995
120	98	0.94001
120	111	1.24456
120	124	1.11607
120	132	0.95556
120	135	0.926006
120	145	1.21856
120	147	0.93723
120	151	0.968558
120	152	0.881378
120	155	1.20547
120	159	0.942916
120	163	0.928211
120	165	0.989415
120	173	0.779032
120	175	0.988829
120	176	0.819843
120	177	0.979753
120	179	0.812619
120	180	0.809375
121	7	1.28532
121	9	0.691252
121	22	0.868567
121	35	0.525568
121	38	0.74648
121	45	1.24116
121	63	0.74247
121	81	1.09442
121	114	1.28073
121	123	1.11709
121	132	0.753028
121	141	0.715515
121	145	0.715549
121	146	1.16431
121	148	1.19663
121	151	0.763958
121	153	1.12765
121	157	1.21346
121	161	0.761283
121	163	1.15157
121	166	1.08124
121	169	1.06489
121	170	1.04197
121	174	1.06039
121	176	1.0432
121	179	1.03597
122	24	0.729977
122	31	1.13425
122	40	0.86498
122	51	1.16188
122	61	0.776064
122	69	0.848344
122	73	0.7959
122	96	0.685659
122	99	1.1747
122	101	1.13209
122	109	1.19974
122	141	0.743866
122	143	0.749873
122	147	1.14839
122	148	1.18443
122	150	0.773813
122	153	1.11545
122	156	1.19429
122	160	1.16525
122	165	0.718672
122	166	1.06905
122	167	1.10684
122	173	0.99019
122	174	1.04819
122	176	1.031
122	179	1.02378
122	180	1.02053
123	16	0.890383
123	19	1.08036
123	23	0.876638
123	55	1.15205
123	66	0.837882
123	71	1.14935
123	80	0.942775
123	83	0.821043
123	85	0.978408
123	119	0.82474
123	121	1.11709
123	132	0.864969
123	136	1.11726
123	140	0.78064
123	146	1.10994
123	154	0.840127
123	156	1.15212
123	157	1.1591
123	160	1.12308
123	164	0.989743
123	166	1.02688
123	171	0.888717
123	172	0.971251
123	173	0.94802
123	176	0.988831
123	179	0.981607
123	180	0.978363
124	10	0.50099
124	12	1.20826
124	21	1.13974
124	26	1.30123
124	48	1.24647
124	56	0.59061
124	67	1.19621
124	78	1.19548
124	83	1.156
124	87	1.16247
124	92	1.16893
124	104	1.18581
124	111	1.1448
124	120	1.11607
124	125	1.15845
124	133	1.11444
124	136	0.634781
124	141	1.15599
124	145	1.13841
124	152	0.808921
124	154	1.19178
124	155	1.19413
124	156	0.62553
124	166	0.777083
124	172	0.895358
124	173	0.945823
124	179	0.872108
125	33	1.21384
125	67	1.19216
125	70	0.719057
125	78	1.17127
125	79	1.38766
125	89	0.973857
125	90	0.967707
125	105	0.988713
125	115	0.969173
125	116	0.976295
125	119	0.976293
125	124	1.15845
125	151	0.977738
125	154	1.27358
125	162	0.973811
125	166	0.867069
125	168	0.895092
125	169	0.850717
125	171	0.946713
125	172	0.811444
125	175	0.998009
125	177	0.988934
125	178	0.979323
125	179	0.821799
125	180	0.818556
126	26	0.843241
126	37	0.815782
126	53	0.944898
126	67	0.86163
126	89	1.05939
126	90	1.05324
126	93	1.00573
126	96	0.872173
126	97	0.988894
126	105	1.07425
126	116	1.06183
126	118	0.999261
126	119	1.06183
126	141	0.930381
126	145	0.930415
126	146	1.03567
126	157	1.08482
126	158	1.08337
126	161	1.03295
126	164	0.915472
126	165	1.08413
126	166	0.952605
126	171	1.03225
126	174	0.931753
126	175	1.08355
126	176	0.91456
126	177	1.07447
126	178	1.06486
127	9	0.649662
127	21	0.781994
127	34	0.755115
127	45	1.29479
127	74	0.780839
127	115	0.751604
127	118	1.18153
127	129	1.15376
127	138	0.704905
127	144	0.676571
127	145	0.673958
127	147	1.21422
127	157	1.26709
127	158	0.667227
127	160	1.23108
127	163	1.2052
127	164	1.09774
127	166	1.13487
127	168	1.1629
127	169	1.11852
127	170	1.0956
127	173	1.05602
127	174	1.11402
127	175	0.684013
127	176	1.09683
127	177	0.655181
127	179	1.08961
127	180	1.08636
128	14	1.16577
128	45	0.672147
128	54	1.09651
128	72	1.11199
128	77	0.753573
128	107	1.11894
128	112	1.08377
128	114	0.693808
128	115	1.16105
128	118	0.813019
128	130	0.769541
128	134	0.80125
128	138	1.15553
128	140	1.19771
128	142	0.760349
128	143	1.17055
128	158	1.1897
128	159	1.14397
128	161	1.13929
128	162	1.16568
128	164	0.982569
128	165	1.19047
128	166	0.943657
128	167	0.89227
128	171	1.13859
128	175	1.18988
128	177	1.18081
128	179	1.03868
129	6	0.835218
129	29	0.993137
129	30	0.864378
129	32	1.24467
129	48	0.762311
129	57	0.901384
129	68	1.1336
129	85	0.961451
129	88	1.03623
129	102	1.17229
129	104	0.815246
129	109	1.14062
129	111	0.826224
129	127	1.15376
129	130	1.15488
129	131	1.09915
129	134	1.09604
129	139	1.07802
129	153	1.05633
129	158	0.793492
129	160	1.10612
129	165	0.774995
129	166	1.00992
129	167	1.04771
129	172	0.954293
129	176	0.971874
129	177	0.781446
129	179	0.964649
129	180	0.961406
130	15	1.19767
130	25	0.802874
130	39	1.3505
130	82	0.6582
130	83	0.699017
130	87	0.690422
130	93	0.780782
130	95	1.18964
130	116	0.761086
130	117	1.19732
130	128	0.769541
130	129	1.15488
130	134	1.22211
130	139	1.20409
130	144	0.708076
130	161	0.751198
130	164	1.09886
130	165	0.680235
130	167	1.17378
130	168	1.16401
130	169	1.11964
130	170	1.09671
130	172	1.08036
130	173	1.05713
130	174	1.11514
130	177	0.686686
130	179	1.09072
130	180	1.08748
131	14	0.793035
131	22	0.869797
131	47	0.761862
131	62	0.750547
131	72	0.756025
131	86	1.14373
131	92	0.774756
131	105	0.691726
131	109	1.21096
131	110	1.19356
131	118	1.12692
131	129	1.09915
131	136	1.17064
131	142	1.16796
131	147	1.1596
131	153	1.12667
131	157	1.21248
131	163	1.15058
131	165	0.69155
131	166	1.08026
131	168	1.10828
131	170	1.04099
131	171	0.778005
131	172	1.02464
131	174	1.05941
131	175	0.726833
131	177	0.698001
131	178	1.19251
131	180	1.03175
132	9	1.21862
132	16	1.13854
132	28	0.668119
132	34	1.08836
132	39	0.586385
132	42	1.17068
132	53	1.16422
132	65	1.22137
132	82	1.25982
132	88	1.16449
132	93	1.17514
132	97	1.13518
132	98	1.17082
132	120	0.95556
132	121	0.753028
132	123	0.864969
132	134	0.774652
132	137	0.685842
132	140	1.22747
132	146	0.796244
132	150	1.19847
132	152	1.11219
132	158	1.21946
132	161	1.16905
132	166	0.917059
132	167	0.865671
132	168	0.876389
132	172	1.03533
132	176	1.00022
132	177	1.21057
133	33	0.721834
133	46	0.852955
133	49	1.03741
133	61	1.11521
133	74	0.875817
133	79	1.02603
133	85	0.974803
133	94	1.19299
133	96	1.23194
133	104	1.12688
133	113	0.741241
133	119	0.766186
133	124	1.11444
133	135	0.840665
133	140	0.722086
133	141	1.09705
133	142	1.11097
133	145	1.07948
133	154	1.13284
133	155	1.13519
133	157	1.15549
133	159	0.817879
133	160	1.11947
133	162	0.772318
133	165	0.743708
133	169	1.00692
133	171	0.830163
133	173	0.944414
133	176	0.985225
133	178	1.13552
133	179	0.978001
134	62	0.770942
134	66	0.747565
134	75	1.18879
134	79	0.863886
134	90	0.817311
134	92	0.795151
134	101	1.1402
134	103	1.15345
134	128	0.80125
134	129	1.09604
134	130	1.22211
134	132	0.774652
134	141	0.737138
134	142	1.16485
134	149	1.12633
134	150	0.767085
134	156	1.20239
134	160	1.17335
134	166	1.07715
134	167	1.11494
134	168	1.10517
134	169	1.0608
134	170	1.03787
134	171	0.798399
134	172	1.02152
134	173	0.998291
134	174	1.0563
134	177	0.718395
134	179	1.03188
134	180	1.02863
135	8	0.858631
135	13	1.02342
135	14	1.16598
135	27	1.10203
135	54	1.09671
135	63	1.17197
135	64	0.690595
135	76	0.993114
135	77	0.761225
135	106	1.13057
135	113	1.19056
135	120	0.926006
135	133	0.840665
135	136	0.809007
135	137	0.720092
135	138	1.15574
135	140	1.19792
135	150	1.16891
135	151	1.16982
135	153	0.878945
135	158	1.18991
135	159	1.14417
135	162	1.16589
135	163	0.823152
135	165	1.19067
135	166	0.951309
135	168	0.910639
135	171	1.13879
135	175	1.19009
135	177	1.18101
135	178	0.781629
136	4	1.22399
136	19	1.1349
136	20	1.20973
136	27	0.8697
136	34	0.818433
136	35	0.547296
136	95	1.13506
136	102	1.24379
136	103	1.15772
136	111	0.763278
136	114	1.2809
136	123	1.11726
136	124	0.634781
136	131	1.17064
136	135	0.809007
136	144	0.73989
136	152	1.1049
136	158	0.730546
136	159	0.78622
136	162	0.74066
136	163	1.15174
136	164	1.04428
136	167	1.11921
136	169	1.06506
136	170	1.04214
136	171	0.798504
136	172	1.02579
136	174	1.06056
136	175	0.747332
136	176	1.04337
136	179	1.03614
136	180	1.0329
137	10	1.33168
137	43	1.18515
137	48	0.610451
137	49	1.12923
137	54	0.714059
137	61	1.20703
137	62	1.22482
137	63	0.675284
137	73	0.700363
137	79	1.11784
137	90	1.21573
137	92	0.706341
137	94	1.28481
137	95	1.16874
137	96	1.32376
137	105	1.23673
137	107	0.683924
137	116	1.22431
137	119	1.22431
137	132	0.685842
137	135	0.720092
137	153	1.1615
137	154	0.661
137	155	0.635275
137	163	1.18541
137	167	1.15288
137	169	1.09874
137	171	0.70959
137	175	0.658418
137	177	0.629586
137	178	1.22734
138	1	1.22745
138	32	0.638238
138	69	1.14539
138	81	0.892327
138	103	0.724177
138	106	1.15904
138	107	1.14762
138	112	1.11245
138	113	1.21904
138	127	0.704905
138	128	1.15553
138	135	1.15574
138	139	0.783831
138	143	1.19922
138	144	1.17416
138	146	0.789711
138	148	0.72179
138	151	1.19829
138	152	1.11111
138	153	0.838162
138	158	1.21838
138	161	1.16797
138	162	1.19436
138	165	1.21915
138	167	0.859138
138	168	0.869856
138	170	0.936644
138	171	1.16726
138	172	1.0288
138	175	1.21856
138	177	1.20948
138	178	0.740846
139	20	1.18745
139	38	0.783816
139	75	1.17078
139	81	1.07231
139	91	1.14124
139	97	0.811364
139	105	0.727834
139	119	0.750135
139	129	1.07802
139	130	1.20409
139	138	0.783831
139	140	0.706035
139	143	0.758858
139	148	1.17452
139	149	1.10831
139	153	1.10554
139	154	0.765522
139	156	1.18437
139	157	1.19135
139	159	0.801828
139	161	0.79862
139	163	1.12945
139	164	1.022
139	165	0.727657
139	168	1.08715
139	169	1.04278
139	172	1.00351
139	173	0.980274
139	175	0.76294
139	176	1.02109
139	178	1.17138
139	179	1.01386
139	180	1.01062
140	13	1.09407
140	47	1.1953
140	57	1.14541
