1	95	1.25129
1	102	1.26062
1	108	1.14853
1	118	1.16204
1	119	1.24166
1	120	1.16264
1	140	0.759619
1	149	0.972719
1	150	0.759929
1	153	1.14667
1	161	0.876692
1	163	0.79868
2	12	1.09067
2	15	1.13495
2	27	1.04134
2	78	1.00619
2	83	1.0691
2	87	1.02797
2	104	1.07423
2	136	0.960324
2	145	0.937083
2	157	1.04593
2	160	1.00867
2	175	1.05951
3	52	1.0593
3	82	1.2052
3	90	1.2284
3	97	1.2874
3	139	0.715312
3	145	0.613134
3	151	1.24188
3	153	1.17503
3	154	1.18126
3	163	0.713758
3	176	1.02465
3	178	1.09767
4	107	1.20705
4	115	1.21932
4	116	0.788201
4	121	1.22424
4	126	1.20036
4	127	0.766151
4	128	1.20588
4	138	1.2237
4	155	0.761587
4	159	0.753688
4	171	1.0905
4	179	1.11118
5	30	1.29907
5	32	1.12534
5	49	1.20297
5	58	1.16468
5	68	1.10706
5	80	1.24715
5	159	1.24855
5	164	0.695593
5	169	0.832714
5	176	0.979157
5	179	0.82452
5	180	0.830363
6	17	1.23977
6	56	1.11541
6	60	1.12657
6	79	1.23205
6	88	1.24443
6	93	1.19946
6	140	1.28202
6	145	0.715882
6	155	0.816851
6	159	0.808952
6	164	0.843833
6	179	0.97276
7	32	1.14769
7	34	1.16083
7	40	0.786641
7	49	1.22532
7	58	1.18702
7	68	1.12941
7	80	1.2695
7	113	0.646173
7	159	1.2709
7	164	0.701761
7	173	0.973225
7	174	1.03276
8	10	1.24227
8	35	1.12582
8	51	1.20187
8	57	1.17283
8	84	1.22583
8	91	1.22392
8	122	1.20959
8	140	0.665121
8	141	0.725002
8	171	1.03344
8	175	0.72599
8	176	1.01507
9	11	1.10276
9	15	1.12928
9	46	1.06338
9	78	1.00051
9	83	1.06342
9	87	1.02229
9	104	1.06855
9	136	0.954648
9	144	0.986885
9	145	0.891304
9	169	1.15638
9	175	1.01374
10	8	1.24227
10	38	1.25788
10	50	1.19101
10	65	1.10538
10	75	0.830005
10	84	1.20954
10	91	1.20763
10	101	1.19626
10	117	0.784161
10	161	0.731974
10	168	0.832166
10	171	0.983222
11	9	1.10276
11	27	1.19891
11	46	1.22662
11	70	1.29501
11	78	1.16376
11	83	1.22667
11	87	1.18553
11	133	0.773026
11	163	0.794569
11	164	0.821896
11	175	0.816377
11	180	0.956667
12	2	1.09067
12	16	1.24137
12	46	1.20887
12	70	1.27725
12	83	1.20891
12	87	1.16778
12	104	1.21404
12	130	0.819916
12	143	0.764742
12	144	0.808033
12	150	0.774326
12	172	0.99373
13	39	0.973088
13	43	1.05296
13	72	1.02695
13	101	1.04642
13	123	1.04539
13	133	1.09648
13	150	1.10243
13	151	1.07517
13	152	0.801861
13	162	1.09948
13	169	0.977981
13	174	1.17186
14	18	1.14829
14	41	1.24065
14	72	1.16366
14	117	0.822337
14	123	1.1821
14	133	1.23319
14	141	0.712958
14	150	1.23915
14	151	1.21188
14	161	0.77015
14	169	0.856586
14	176	1.00303
15	2	1.13495
15	9	1.12928
15	40	0.773909
15	70	1.32153
15	78	1.19028
15	83	1.25319
15	87	1.21206
15	136	1.14441
15	148	0.731023
15	155	0.662046
15	173	0.960492
15	174	1.02003
16	12	1.24137
16	27	1.19203
16	70	1.28813
16	78	1.15688
16	83	1.21979
16	87	1.17866
16	136	1.11101
16	158	0.772212
16	160	0.735782
16	161	0.842831
16	162	1.05077
16	163	0.764819
17	6	1.23977
17	36	1.11363
17	53	1.2324
17	60	1.15249
17	75	0.847343
17	88	1.27036
17	93	1.22539
17	124	1.21411
17	131	0.635563
17	169	0.835748
17	172	0.851954
17	177	0.988443
18	14	1.14829
18	39	1.05838
18	43	1.13824
18	72	1.11223
18	89	0.912415
18	111	0.85335
18	123	1.13068
18	127	0.835867
18	133	1.18177
18	150	1.18772
18	151	1.16045
18	158	0.83835
18	172	1.01161
19	52	1.15137
19	74	1.39289
19	82	1.29727
19	90	1.32047
19	97	1.37947
19	117	0.724514
19	153	1.2671
19	154	1.27333
19	156	0.555872
19	161	0.672327
19	172	0.774969
19	173	0.893107
19	174	0.95264
20	96	1.19861
20	102	1.20278
20	108	1.09069
20	110	1.08791
20	118	1.1042
20	119	1.18382
20	120	1.1048
20	133	0.755312
20	153	1.08882
20	158	0.784248
20	165	0.776782
20	167	1.00911
20	174	1.13518
21	121	1.32816
21	125	1.30326
21	126	1.30428
21	129	1.27875
21	130	0.664798
21	138	1.32762
21	155	0.658304
21	160	0.628921
21	163	1.3208
21	171	0.987218
21	173	0.95675
21	175	0.679766
21	179	1.2151
22	32	1.24769
22	34	1.26083
22	49	1.32532
22	58	1.28702
22	68	1.22941
22	80	1.3695
22	112	0.717499
22	156	0.633394
22	157	0.680056
22	159	1.3709
22	164	0.699165
22	172	0.852491
22	177	0.98898
23	33	1.31621
23	62	1.07623
23	92	1.06859
23	99	1.09443
23	100	1.08171
23	109	1.18469
23	140	0.762302
23	142	0.912712
23	154	1.1236
23	164	0.82869
23	170	0.999777
23	175	1.13781
23	179	0.957617
24	30	1.28721
24	34	1.12662
24	108	1.17578
24	110	1.17299
24	118	1.18928
24	120	1.18989
24	134	0.743979
24	136	0.874649
24	147	0.680017
24	159	1.23669
24	167	0.958782
24	168	0.904734
25	31	1.04063
25	66	1.16619
25	82	1.13006
25	90	1.15326
25	97	1.21225
25	134	0.863576
25	141	0.866947
25	151	1.16674
25	153	1.09989
25	154	1.10612
25	156	0.807684
25	166	1.0573
25	175	0.867936
26	36	1.03977
26	53	1.15854
26	56	1.06747
26	67	1.15331
26	79	1.18412
26	88	1.1965
26	93	1.15152
26	106	1.2182
26	142	0.912147
26	157	0.809016
26	165	0.800724
26	175	0.822605
26	177	1.11794
27	2	1.04134
27	11	1.19891
27	16	1.19203
27	70	1.22792
27	78	1.09667
27	83	1.15958
27	87	1.11845
27	136	1.0508
27	171	0.983976
27	174	1.01304
27	175	0.676524
27	177	0.971859
27	180	0.816814
28	31	1.24067
28	45	1.3089
28	68	1.22121
28	80	1.36131
28	130	0.704513
28	143	0.649339
28	147	0.651159
28	153	1.29992
28	154	1.30616
28	159	1.3627
28	162	0.983623
28	164	0.725
28	169	0.862121
29	35	1.24321
29	50	1.32469
29	51	1.31925
29	65	1.23906
29	75	0.838118
29	76	1.30773
29	89	0.743533
29	91	1.34131
29	122	1.32698
29	127	0.666985
29	159	0.654522
29	172	0.842728
29	179	0.81833
30	5	1.29907
30	24	1.28721
30	32	1.14322
30	49	1.22085
30	58	1.18256
30	68	1.12494
30	80	1.26503
30	106	0.824327
30	130	0.865905
30	137	0.754382
30	145	0.758442
30	152	0.847394
30	156	0.820622
30	159	1.26643
31	25	1.04063
31	28	1.24067
31	45	1.04007
31	82	1.06126
31	89	0.936139
31	90	1.08446
31	97	1.14346
31	111	0.877074
31	136	1.0028
31	148	0.924003
31	151	1.09794
31	153	1.03109
31	154	1.03732
31	179	1.01094
32	5	1.12534
32	7	1.14769
32	22	1.24769
32	30	1.14322
32	34	0.98263
32	58	1.00883
32	68	0.951209
32	80	1.0913
32	156	0.738546
32	159	1.0927
32	167	1.00924
32	170	0.975405
32	171	1.10625
32	179	0.933244
33	23	1.31621
33	55	1.31419
33	85	0.727133
33	92	1.24041
33	100	1.25353
33	103	1.30335
33	109	1.35652
33	131	0.697622
33	132	0.708666
33	133	0.711816
33	147	0.686845
33	175	1.30963
33	176	1.04425
34	7	1.16083
34	22	1.26083
34	24	1.12662
34	32	0.98263
34	49	1.06026
34	58	1.02197
34	68	0.964348
34	80	1.10444
34	111	0.862332
34	144	0.834896
34	159	1.10584
34	174	1.19826
34	175	0.861747
34	179	0.996194
35	8	1.12582
35	29	1.24321
35	50	1.07456
35	57	1.04008
35	65	0.988922
35	76	1.05759
35	84	1.09308
35	91	1.09117
35	101	1.07981
35	150	0.821386
35	156	0.821693
35	168	1.03834
35	169	1.02458
35	170	1.05855
36	17	1.11363
36	26	1.03977
36	53	1.08034
36	60	1.00042
36	79	1.10591
36	88	1.11829
36	93	1.07332
36	106	1.13999
36	117	1.04258
36	134	0.929827
36	140	1.15588
36	146	0.997683
36	156	0.873935
36	157	0.920597
37	96	1.28611
37	102	1.29028
37	108	1.17819
37	110	1.17541
37	118	1.1917
37	119	1.27132
37	120	1.1923
37	132	0.621145
37	149	0.819877
37	153	1.17632
37	166	0.857009
37	172	0.826492
37	173	0.94463
37	180	0.807937
38	10	1.25788
38	44	1.23653
38	50	1.22291
38	57	1.18843
38	76	1.20594
38	91	1.23953
38	101	1.22816
38	106	0.664614
38	122	1.22519
38	131	0.663615
38	162	0.985302
38	163	0.699352
38	176	1.01024
38	179	0.855607
39	13	0.973088
39	18	1.05838
39	41	1.15073
39	43	1.09976
39	72	1.07375
39	89	1.00352
39	101	1.09322
39	123	1.09219
39	150	1.14923
39	151	1.12197
39	156	0.883617
39	161	1.00007
39	163	0.922061
39	164	0.949388
40	7	0.786641
40	15	0.773909
40	101	0.884779
40	121	0.875791
40	142	1.10871
40	146	1.11649
40	153	0.848945
40	155	1.17761
40	170	1.01621
40	172	1.02723
40	175	1.12839
40	176	0.978695
40	177	0.967273
40	178	0.946644
40	180	1.0286
41	14	1.24065
41	39	1.15073
41	43	1.2306
41	72	1.20459
41	101	1.22406
41	117	0.872402
41	123	1.22303
41	137	0.63752
41	150	1.28008
41	151	1.25281
41	165	0.74213
41	166	0.953374
41	169	0.906652
41	175	0.764012
42	69	1.23965
42	81	1.14426
42	86	1.19611
42	92	1.11064
42	99	1.13648
42	100	1.12376
42	103	1.17358
42	152	0.601539
42	154	1.16565
42	173	0.912003
42	174	0.971536
42	175	1.17986
42	176	0.924103
42	178	0.997125
42	179	0.769466
43	13	1.05296
43	18	1.13824
43	39	1.09976
43	41	1.2306
43	72	1.15362
43	101	1.17309
43	106	0.774897
43	133	1.22315
43	147	0.763121
43	150	1.2291
43	151	1.20184
43	157	0.817854
43	158	0.817028
43	163	0.809635
43	178	1.19355
44	38	1.23653
44	51	1.16422
44	57	1.13519
44	65	1.08403
44	76	1.1527
44	84	1.18819
44	91	1.18628
44	101	1.17492
44	122	1.17195
44	132	0.807509
44	135	0.900078
44	157	0.840421
44	160	0.803165
44	165	0.832129
44	180	0.994301
45	28	1.3089
45	31	1.04007
45	66	1.16562
45	74	1.22511
45	90	1.1527
45	97	1.21169
45	135	0.746519
45	149	0.852682
45	151	1.16617
45	153	1.09932
45	154	1.10556
45	162	0.964594
45	164	0.705971
45	167	0.910895
45	177	0.995787
46	9	1.06338
46	11	1.22662
46	12	1.20887
46	70	1.25563
46	78	1.12438
46	83	1.18729
46	87	1.14616
46	104	1.19242
46	136	1.07852
46	139	0.835097
46	140	0.794483
46	158	0.840936
46	159	0.82599
46	163	0.833543
46	166	1.04471
47	74	0.619638
47	91	0.699952
47	95	0.65719
47	105	0.621142
47	124	0.634784
47	128	0.596628
47	158	1.29718
47	170	1.17511
47	172	1.18613
47	173	1.15094
47	174	1.11563
47	176	1.1376
47	177	1.12618
47	178	1.10555
47	180	1.18751
48	81	1.29576
48	92	1.26214
48	99	1.28798
48	100	1.27526
48	103	1.32508
48	109	1.37824
48	132	0.686466
48	147	0.664646
48	149	0.885199
48	154	1.31715
48	160	0.682123
48	161	0.789172
48	165	0.711087
48	175	1.33136
48	180	0.873258
49	5	1.20297
49	7	1.22532
49	22	1.32532
49	30	1.22085
49	34	1.06026
49	58	1.08646
49	68	1.02884
49	80	1.16893
49	106	0.780159
49	136	0.963015
49	143	0.766563
49	146	0.900202
49	159	1.17033
49	160	0.78586
49	169	0.979345
50	10	1.19101
50	29	1.32469
50	35	1.07456
50	38	1.22291
50	57	1.12157
50	65	1.07041
50	76	1.13908
50	84	1.17457
50	91	1.17266
50	136	0.799566
50	163	0.651448
50	168	0.829652
50	170	0.849864
50	174	1.00977
50	178	1.03536
51	8	1.20187
51	29	1.31925
51	44	1.16422
51	57	1.11613
51	65	1.06497
51	76	1.13364
51	84	1.16913
51	91	1.16722
51	106	0.710878
51	122	1.15289
51	127	0.750527
51	139	0.747171
51	166	0.956788
51	174	1.10394
51	179	0.901872
52	3	1.0593
52	19	1.15137
52	66	1.04091
52	74	1.1004
52	82	1.00479
52	90	1.02799
52	97	1.08698
52	130	0.981035
52	132	0.949502
52	136	1.12231
52	137	0.869512
52	151	1.04146
52	153	0.974612
52	154	0.98085
52	180	1.13629
53	17	1.2324
53	26	1.15854
53	36	1.08034
53	56	1.10805
53	60	1.1192
53	67	1.19389
53	93	1.1921
53	124	1.18082
53	140	1.27466
53	146	0.923403
53	148	0.90742
53	155	0.838444
53	160	0.809061
53	165	0.838025
53	175	0.859907
54	64	1.07721
54	95	1.23553
54	102	1.24486
54	106	0.762824
54	108	1.13278
54	110	1.12999
54	118	1.14628
54	119	1.2259
54	120	1.14688
54	150	0.758812
54	152	0.785891
54	153	1.13091
54	162	1.08351
54	164	0.82489
54	180	0.959661
55	33	1.31419
55	69	1.19558
55	73	1.27972
55	92	1.06657
55	99	1.09242
55	100	1.07969
55	103	1.12951
55	109	1.18268
55	133	0.762105
55	140	0.744588
55	156	0.745205
55	164	0.810976
55	175	1.13579
55	178	1.16756
55	180	0.945746
56	6	1.11541
56	26	1.06747
56	53	1.10805
56	67	1.10282
56	79	1.13362
56	88	1.146
56	93	1.10103
56	106	1.1677
56	124	1.08975
56	134	0.724744
56	140	1.18359
56	169	0.871744
56	171	1.03656
56	175	0.729104
56	177	1.02444
56	178	1.09121
57	8	1.17283
57	35	1.04008
57	38	1.18843
57	44	1.13519
57	50	1.12157
57	51	1.11613
57	65	1.03593
57	76	1.1046
57	84	1.14009
57	91	1.13818
57	146	0.827066
57	160	0.712724
57	172	0.922414
57	176	1.05265
57	177	1.0589
57	180	0.903859
58	5	1.16468
58	7	1.18702
58	22	1.28702
58	30	1.18256
58	32	1.00883
58	34	1.02197
58	49	1.08646
58	68	0.990545
58	80	1.13064
58	112	0.939972
58	113	0.86605
58	133	0.872767
58	157	0.902529
58	159	1.13204
58	161	0.972322
58	175	0.916119
59	62	1.20089
59	86	1.27872
59	92	1.19324
59	99	1.21909
59	100	1.20637
59	103	1.25619
59	109	1.30935
59	127	0.715581
59	134	0.728119
59	154	1.24826
59	155	0.711016
59	160	0.681633
59	169	0.875119
59	173	1.00946
59	175	1.26247
59	179	0.866926
60	6	1.12657
60	17	1.15249
60	36	1.00042
60	53	1.1192
60	67	1.11397
60	79	1.14478
60	88	1.15715
60	93	1.11218
60	124	1.1009
60	127	0.793311
60	132	0.763707
60	140	1.19474
60	159	0.780848
60	162	1.07435
60	171	1.11766
60	179	0.944656
61	71	1.12354
61	105	1.13072
61	115	1.14207
61	121	1.14698
61	125	1.12209
61	126	1.12311
61	128	1.12863
61	129	1.09758
61	138	1.14644
61	141	0.799924
61	158	0.786496
61	162	1.06505
61	165	0.779031
61	168	0.957307
61	176	1.09
61	179	1.03392
62	23	1.07623
62	59	1.20089
62	73	1.21359
62	81	1.03406
62	85	0.879368
62	92	1.00044
62	99	1.02628
62	100	1.01356
62	103	1.06338
62	109	1.11654
62	146	0.970899
62	148	0.954916
62	154	1.05545
62	155	0.885939
62	159	0.878041
62	175	1.06966
62	177	1.20274
63	64	1.08771
63	95	1.24603
63	96	1.25119
63	102	1.25536
63	104	1.19503
63	108	1.14327
63	110	1.14049
63	116	0.785673
63	118	1.15678
63	119	1.2364
63	120	1.15738
63	134	0.776161
63	152	0.747041
63	159	0.75116
63	167	0.990964
63	179	0.914968
63	180	0.920811
64	54	1.07721
64	63	1.08771
64	85	0.893244
64	95	1.14127
64	96	1.14644
64	108	1.03852
64	110	1.03573
64	118	1.05202
64	119	1.13164
64	120	1.05262
64	123	1.07372
64	134	0.916918
64	136	1.04759
64	145	0.798846
64	153	1.03665
64	165	0.899397
64	177	1.21661
65	10	1.10538
65	29	1.23906
65	35	0.988922
65	44	1.08403
65	50	1.07041
65	51	1.06497
65	57	1.03593
65	76	1.05345
65	84	1.08894
65	91	1.08703
65	122	1.0727
65	155	0.798089
65	157	0.805962
65	168	0.975947
65	169	0.962192
65	171	1.127
65	176	1.10864
66	25	1.16619
66	45	1.16562
66	52	1.04091
66	74	1.28243
66	82	1.18682
66	90	1.21002
66	97	1.26901
66	151	1.2235
66	153	1.15664
66	154	1.16288
66	155	0.783101
66	156	0.744312
66	157	0.790974
66	161	0.860767
66	168	0.960958
66	175	0.804563
66	180	0.944853
67	26	1.15331
67	53	1.19389
67	56	1.10282
67	60	1.11397
67	79	1.21946
67	88	1.23184
67	93	1.18687
67	106	1.25354
67	111	0.838773
67	124	1.17559
67	139	0.817933
67	140	1.26943
67	143	0.768045
67	150	0.777629
67	163	0.816379
67	165	0.816306
67	167	1.04863
68	5	1.10706
68	7	1.12941
68	22	1.22941
68	28	1.22121
68	30	1.12494
68	32	0.951209
68	34	0.964348
68	49	1.02884
68	58	0.990545
68	80	1.07302
68	112	0.907523
68	159	1.07442
68	163	0.861861
68	164	0.889189
68	170	1.06028
68	175	0.883669
68	176	1.17275
69	42	1.23965
69	55	1.19558
69	81	1.15543
69	86	1.20728
69	99	1.14765
69	100	1.13492
69	103	1.18474
69	109	1.23791
69	111	0.831672
69	113	0.781018
69	133	0.787735
69	139	0.810832
69	154	1.17682
69	158	0.816671
69	164	0.836605
69	170	1.00769
69	175	1.19102
70	11	1.29501
70	12	1.27725
70	15	1.32153
70	16	1.28813
70	27	1.22792
70	46	1.25563
70	78	1.19277
70	83	1.25567
70	87	1.21454
70	104	1.26081
70	130	0.716726
70	141	0.730706
70	142	0.821236
70	143	0.661552
70	150	0.671135
70	165	0.709813
70	166	0.921057
70	174	1.06821
71	61	1.12354
71	114	1.16613
71	115	1.16492
71	121	1.16983
71	125	1.14494
71	126	1.14596
71	128	1.15147
71	129	1.12043
71	136	0.906099
71	138	1.16929
71	144	0.752938
71	150	0.71923
71	152	0.746309
71	163	1.16247
71	168	0.936184
71	173	1.05677
71	176	1.06887
71	179	1.05677
72	13	1.02695
72	14	1.16366
72	18	1.11223
72	39	1.07375
72	41	1.20459
72	43	1.15362
72	101	1.14708
72	113	0.810897
72	123	1.14605
72	131	0.803421
72	133	1.19714
72	137	0.734474
72	144	0.834114
72	150	1.20309
72	151	1.17583
72	156	0.800714
72	174	1.19748
72	179	0.995412
73	55	1.27972
73	62	1.21359
73	86	1.29141
73	92	1.20594
73	99	1.23179
73	100	1.21906
73	103	1.26888
73	109	1.32204
73	133	0.71409
73	139	0.737188
73	140	0.696573
73	144	0.73059
73	154	1.26095
73	160	0.706596
73	163	0.735633
73	170	0.934049
73	175	1.27516
73	176	1.04653
74	19	1.39289
74	45	1.22511
74	47	0.619638
74	52	1.1004
74	66	1.28243
74	82	1.24631
74	90	1.2695
74	97	1.3285
74	146	0.816169
74	148	0.800186
74	151	1.28298
74	152	0.719192
74	153	1.21613
74	154	1.22237
74	156	0.69242
74	158	0.738257
74	175	0.752672
74	177	1.04801
75	10	0.830005
75	17	0.847343
75	29	0.838118
75	79	0.879998
75	98	0.825588
75	119	0.845005
75	136	1.03425
75	146	1.10308
75	147	1.23885
75	156	1.19275
75	168	1.03236
75	169	1.02233
75	173	0.978629
75	175	1.11498
75	176	0.965284
75	177	0.953863
75	178	0.933234
75	180	1.01519
76	29	1.30773
76	35	1.05759
76	38	1.20594
76	44	1.1527
76	50	1.13908
76	51	1.13364
76	57	1.1046
76	65	1.05345
76	84	1.15761
76	101	1.14433
76	122	1.14137
76	127	0.754597
76	148	0.819009
76	157	0.757906
76	165	0.749614
76	177	1.06683
76	178	1.1336
76	179	0.905942
77	98	1.28398
77	105	1.21108
77	107	1.21016
77	114	1.22365
77	115	1.22243
77	121	1.22735
77	125	1.20245
77	128	1.20899
77	129	1.17794
77	131	0.756085
77	132	0.767128
77	138	1.22681
77	145	0.691198
77	155	0.792167
77	160	0.762785
77	161	0.869834
77	170	0.990237
77	172	0.972476
77	179	1.11429
78	2	1.00619
78	9	1.00051
78	11	1.16376
78	15	1.19028
78	16	1.15688
78	27	1.09667
78	46	1.12438
78	70	1.19277
78	83	1.12442
78	87	1.08329
78	104	1.12955
78	117	0.977854
78	135	0.915531
78	136	1.01565
78	139	0.849209
78	158	0.855048
78	159	0.840102
78	160	0.818618
78	178	1.23157
79	6	1.23205
79	26	1.18412
79	36	1.10591
79	56	1.13362
79	60	1.14478
79	67	1.21946
79	75	0.879998
79	85	0.69773
79	88	1.26264
79	93	1.21767
79	106	1.28434
79	111	0.726349
79	124	1.20639
79	140	1.30023
79	144	0.698913
79	164	0.731283
79	173	1.00275
79	175	0.725764
79	176	1.01485
80	5	1.24715
80	7	1.2695
80	22	1.3695
80	28	1.36131
80	30	1.26503
80	32	1.0913
80	34	1.10444
80	49	1.16893
80	58	1.13064
80	68	1.07302
80	85	0.766373
80	116	0.799559
80	135	0.840475
80	140	0.733539
80	150	0.733848
80	159	1.21451
80	165	0.772526
80	167	1.00485
80	168	0.950802
81	42	1.14426
81	48	1.29576
81	62	1.03406
81	69	1.15543
81	86	1.11189
81	92	1.02642
81	99	1.05226
81	100	1.03954
81	103	1.08936
81	109	1.14252
81	112	0.851196
81	147	0.75902
81	154	1.08143
81	157	0.813754
81	163	0.805534
81	173	1.10433
81	175	1.09564
81	178	1.18945
81	180	0.967633
82	3	1.2052
82	19	1.29727
82	25	1.13006
82	31	1.06126
82	52	1.00479
82	66	1.18682
82	74	1.24631
82	89	0.827531
82	90	1.17389
82	97	1.23289
82	106	0.711334
82	117	0.876272
82	139	0.747627
82	141	0.766893
82	151	1.18737
82	153	1.12052
82	154	1.12675
82	167	0.978324
82	168	0.924276
82	177	1.06322
83	2	1.0691
83	9	1.06342
83	11	1.22667
83	12	1.20891
83	15	1.25319
83	16	1.21979
83	27	1.15958
83	46	1.18729
83	70	1.25567
83	78	1.12442
83	87	1.1462
83	133	0.693052
83	134	0.732044
83	136	1.07856
83	156	0.676152
83	161	0.792607
83	174	1.07292
83	176	1.02549
83	177	1.03174
83	180	0.876694
84	8	1.22583
84	10	1.20954
84	35	1.09308
84	44	1.18819
84	50	1.17457
84	51	1.16913
84	57	1.14009
84	65	1.08894
84	76	1.15761
84	91	1.19119
84	101	1.17982
84	111	0.801827
84	122	1.17686
84	135	0.847309
84	146	0.864738
84	147	0.732919
84	152	0.767762
84	159	0.77188
84	167	1.01168
84	177	1.09658
85	33	0.727133
85	62	0.879368
85	64	0.893244
85	79	0.69773
85	80	0.766373
85	104	0.731136
85	120	0.779736
85	157	1.21936
85	158	1.21476
85	168	1.12226
85	169	1.11222
85	170	1.09269
85	171	1.04887
85	172	1.10371
85	174	1.03322
85	176	1.05518
85	177	1.04376
85	179	1.12284
85	180	1.10509
86	42	1.19611
86	59	1.27872
86	69	1.20728
86	73	1.29141
86	81	1.11189
86	92	1.07827
86	99	1.10411
86	100	1.09139
86	103	1.14121
86	109	1.19437
86	132	0.769529
86	133	0.772679
86	140	0.755162
86	141	0.815042
86	142	0.905572
86	150	0.755471
86	154	1.13328
86	175	1.14749
86	178	1.17814
86	179	0.950477
87	2	1.02797
87	9	1.02229
87	11	1.18553
87	12	1.16778
87	15	1.21206
87	16	1.17866
87	27	1.11845
87	46	1.14616
87	70	1.21454
87	78	1.08329
87	83	1.1462
87	104	1.15133
87	106	0.838292
87	136	1.03743
87	139	0.874585
87	145	0.772407
87	158	0.880423
87	159	0.865478
87	163	0.87303
87	169	1.03748
87	172	1.05368
88	6	1.24443
88	17	1.27036
88	26	1.1965
88	36	1.11829
88	56	1.146
88	60	1.15715
88	67	1.23184
88	79	1.26264
88	93	1.23005
88	106	1.29672
88	112	0.723188
88	124	1.21877
88	140	1.31261
88	144	0.672483
88	149	0.851565
88	152	0.665854
88	156	0.639083
88	162	0.963476
88	173	0.976318
88	176	0.988418
88	179	0.833781
89	18	0.912415
89	29	0.743533
89	31	0.936139
89	39	1.00352
89	82	0.827531
89	103	0.82942
89	117	1.13831
89	126	0.82261
89	152	1.21624
89	161	1.15561
89	167	1.02594
89	168	1.06486
89	169	1.05483
89	170	1.0353
89	171	0.991478
89	173	1.01113
89	174	0.975826
89	176	0.997788
89	177	0.986367
89	178	0.965738
89	180	1.0477
90	3	1.2284
90	19	1.32047
90	25	1.15326
90	31	1.08446
90	45	1.1527
90	52	1.02799
90	66	1.21002
90	74	1.2695
90	82	1.17389
90	97	1.25608
90	135	0.845865
90	141	0.79881
90	142	0.88934
90	144	0.772947
90	148	0.847312
90	151	1.21057
90	152	0.766318
90	153	1.14372
90	154	1.14995
90	158	0.785383
90	164	0.805317
90	177	1.09513
91	8	1.22392
91	10	1.20763
91	29	1.34131
91	35	1.09117
91	38	1.23953
91	44	1.18628
91	47	0.699952
91	50	1.17266
91	51	1.16722
91	57	1.13818
91	65	1.08703
91	84	1.19119
91	101	1.17791
91	122	1.17495
91	131	0.775442
91	137	0.706495
91	139	0.812733
91	145	0.710555
91	157	0.819397
91	164	0.838506
91	171	1.14044
91	172	0.991832
92	23	1.06859
92	33	1.24041
92	42	1.11064
92	48	1.26214
92	55	1.06657
92	59	1.19324
92	62	1.00044
92	73	1.20594
92	81	1.02642
92	86	1.07827
92	99	1.01864
92	100	1.00592
92	131	0.744702
92	135	0.848314
92	154	1.04781
92	163	0.780439
92	166	0.99161
92	175	1.06202
92	177	1.09758
92	178	1.16435
92	179	0.936694
92	180	0.942537
93	6	1.19946
93	17	1.22539
93	26	1.15152
93	36	1.07332
93	53	1.1921
93	56	1.10103
93	60	1.11218
93	67	1.18687
93	79	1.21767
93	88	1.23005
93	106	1.25175
93	124	1.1738
93	127	0.703444
93	131	0.662798
93	140	1.26764
93	161	0.776546
93	164	0.725862
93	168	0.876738
93	169	0.862983
93	170	0.89695
93	171	1.02779
93	178	1.08245
94	98	1.31225
94	105	1.23935
94	107	1.23843
94	114	1.25191
94	115	1.2507
94	116	0.707791
94	121	1.25561
94	125	1.23072
94	126	1.23174
94	128	1.23725
94	129	1.20621
94	138	1.25507
94	140	0.641771
94	149	0.85487
94	152	0.66916
94	160	0.651794
94	163	1.24825
94	167	0.913082
94	168	0.859035
94	170	0.879247
94	172	0.861485
94	176	0.991723
94	179	1.14255
95	1	1.25129
95	47	0.65719
95	54	1.23553
95	63	1.24603
95	64	1.14127
95	96	1.30476
95	102	1.30892
95	104	1.24859
95	110	1.19405
95	118	1.21034
95	119	1.28996
95	120	1.21094
95	123	1.23204
95	127	0.773326
95	130	0.775256
95	134	0.785864
95	140	0.729356
95	142	0.879766
95	144	0.763373
95	153	1.19497
95	161	0.846428
95	165	0.768343
95	169	0.932864
96	20	1.19861
96	37	1.28611
96	63	1.25119
96	64	1.14644
96	95	1.30476
96	102	1.31409
96	108	1.202
96	110	1.19922
96	118	1.21551
96	119	1.29512
96	120	1.21611
96	123	1.23721
96	146	0.807696
96	147	0.675876
96	150	0.68364
96	153	1.20013
96	155	0.722736
96	157	0.73061
96	163	0.72239
96	166	0.933561
96	172	0.903044
96	175	0.744199
96	178	1.1063
97	3	1.2874
97	19	1.37947
97	25	1.21225
97	31	1.14346
97	45	1.21169
97	52	1.08698
97	66	1.26901
97	74	1.3285
97	82	1.23289
97	90	1.25608
97	133	0.699174
97	137	0.616033
97	146	0.806022
97	151	1.26956
97	153	1.20271
97	154	1.20895
97	155	0.721062
97	159	0.713164
97	160	0.69168
97	166	0.931888
97	170	0.919132
97	171	1.04998
97	179	0.876972
98	75	0.825588
98	77	1.28398
98	94	1.31225
98	105	1.23365
98	106	0.614807
98	114	1.24622
98	115	1.245
98	121	1.24991
98	125	1.22502
98	126	1.22604
98	128	1.23156
98	129	1.20051
98	138	1.24937
98	140	0.610485
98	142	0.760895
98	143	0.601211
98	149	0.823584
98	163	1.24255
98	167	0.881796
98	168	0.827749
98	174	1.00787
98	176	0.960437
98	179	1.13685
99	23	1.09443
99	42	1.13648
99	48	1.28798
99	55	1.09242
99	59	1.21909
99	62	1.02628
99	69	1.14765
99	73	1.23179
99	81	1.05226
99	86	1.10411
99	92	1.01864
99	103	1.08158
99	109	1.13474
99	136	0.933868
99	139	0.787304
99	147	0.739236
99	148	0.855072
99	154	1.07365
99	158	0.793143
99	162	1.0717
99	170	0.984165
99	175	1.08786
99	177	1.10289
99	179	0.942005
100	23	1.08171
100	33	1.25353
100	42	1.12376
100	48	1.27526
100	55	1.07969
100	59	1.20637
100	62	1.01356
100	69	1.13492
100	73	1.21906
100	81	1.03954
100	86	1.09139
100	92	1.00592
100	103	1.06886
100	106	0.817868
100	109	1.12202
100	113	0.824346
100	133	0.831063
100	134	0.870055
100	137	0.747923
100	163	0.852606
100	169	1.01705
100	175	1.07514
100	178	1.23652
100	179	1.00886
101	10	1.19626
101	13	1.04642
101	35	1.07981
101	38	1.22816
101	39	1.09322
101	40	0.884779
101	41	1.22406
101	43	1.17309
101	44	1.17492
101	72	1.14708
101	76	1.14433
101	84	1.17982
101	91	1.17791
101	133	1.21661
101	137	0.667887
101	142	0.883921
101	144	0.767528
101	145	0.671947
101	147	0.726057
101	150	1.22256
101	151	1.1953
101	158	0.779964
101	171	1.10183
101	177	1.08971
101	180	0.934669
102	1	1.26062
102	20	1.20278
102	37	1.29028
102	54	1.24486
102	63	1.25536
102	95	1.30892
102	96	1.31409
102	108	1.20616
102	110	1.20338
102	112	0.713823
102	116	0.695122
102	118	1.21967
102	119	1.29929
102	120	1.22027
102	123	1.24137
102	127	0.673071
102	139	0.669716
102	150	0.629411
102	153	1.2043
102	162	0.954112
102	165	0.668089
102	169	0.83261
102	170	0.866577
102	177	0.985305
102	178	1.05208
103	33	1.30335
103	42	1.17358
103	48	1.32508
103	55	1.12951
103	59	1.25619
103	62	1.06338
103	69	1.18474
103	73	1.26888
103	81	1.08936
103	86	1.14121
103	89	0.82942
103	99	1.08158
103	100	1.06886
103	109	1.17184
103	111	0.770355
103	135	0.815837
103	141	0.768782
103	143	0.699627
103	146	0.833267
103	154	1.11075
103	162	1.03391
103	168	0.926165
103	172	0.928615
103	175	1.12496
103	179	0.904217
104	2	1.07423
104	9	1.06855
104	12	1.21404
104	46	1.19242
104	63	1.19503
104	70	1.26081
104	78	1.12955
104	85	0.731136
104	87	1.15133
104	95	1.24859
104	108	1.14584
104	110	1.14305
104	116	0.764322
104	118	1.15934
104	119	1.23896
104	120	1.15994
104	136	1.08369
104	137	0.632679
104	156	0.698919
104	166	0.948533
104	171	1.06662
104	172	0.918016
104	174	1.09569
104	175	0.75917
104	179	0.893617
105	47	0.621142
105	61	1.13072
105	77	1.21108
105	94	1.23935
105	98	1.23365
105	107	1.15983
105	114	1.17331
105	115	1.1721
105	122	1.16068
105	125	1.15212
105	126	1.15313
105	128	1.15865
105	129	1.12761
105	138	1.17647
105	142	0.843718
105	147	0.685854
105	159	0.724815
105	160	0.703331
105	163	1.16965
105	167	0.964619
105	170	0.930784
105	172	0.913022
105	173	1.03116
105	174	1.09069
105	179	1.06395
106	26	1.2182
106	30	0.824327
106	36	1.13999
106	38	0.664614
106	43	0.774897
106	49	0.780159
106	51	0.710878
106	54	0.762824
106	56	1.1677
106	67	1.25354
106	79	1.28434
106	82	0.711334
106	87	0.838292
106	88	1.29672
106	93	1.25175
106	98	0.614807
106	100	0.817868
106	135	1.24489
106	162	1.0973
106	171	1.06882
106	172	1.12366
106	173	1.08848
106	174	1.05317
106	176	1.07513
106	180	1.12504
107	4	1.20705
107	77	1.21016
107	94	1.23843
107	105	1.15983
107	114	1.1724
107	115	1.17118
107	122	1.15976
107	124	1.16071
107	125	1.1512
107	126	1.15222
107	128	1.15774
107	129	1.12669
107	137	0.694633
107	138	1.17555
107	140	0.760255
107	141	0.820136
107	142	0.910666
107	145	0.698692
107	152	0.787644
107	155	0.799661
107	163	1.16873
107	167	1.03157
107	174	1.15764
107	179	1.06303
107	180	0.961414
108	1	1.14853
108	20	1.09069
108	24	1.17578
108	37	1.17819
108	54	1.13278
108	63	1.14327
108	64	1.03852
108	96	1.202
108	102	1.20616
108	104	1.14584
108	110	1.0913
108	118	1.10758
108	119	1.1872
108	120	1.10819
108	123	1.12928
108	130	0.831499
108	132	0.799966
108	143	0.776325
108	146	0.909964
108	150	0.785908
108	153	1.09221
108	156	0.786216
108	158	0.832052
108	167	1.05691
108	170	1.02307
108	173	1.12345
109	23	1.18469
109	33	1.35652
109	48	1.37824
109	55	1.18268
109	59	1.30935
109	62	1.11654
109	69	1.23791
109	73	1.32204
109	81	1.14252
109	86	1.19437
109	99	1.13474
109	100	1.12202
109	103	1.17184
109	130	0.75088
109	132	0.719347
109	150	0.70529
109	154	1.16391
109	155	0.744386
109	160	0.715003
109	163	0.74404
109	165	0.743967
109	166	0.955211
109	167	0.976291
109	172	0.924694
109	175	1.17812
109	177	1.06118
110	20	1.08791
110	24	1.17299
110	37	1.17541
110	54	1.12999
110	63	1.14049
110	64	1.03573
110	95	1.19405
110	96	1.19922
110	102	1.20338
110	104	1.14305
110	108	1.0913
110	113	0.785646
110	118	1.1048
110	119	1.18442
110	120	1.1054
110	123	1.1265
110	132	0.789213
110	137	0.709223
110	141	0.834726
110	148	0.883228
110	153	1.08943
110	159	0.806353
110	165	0.813833
110	171	1.14317
110	174	1.17223
110	180	0.976004
111	18	0.85335
111	31	0.877074
111	34	0.862332
111	67	0.838773
111	69	0.831672
111	79	0.726349
111	84	0.801827
111	103	0.770355
111	113	1.20332
111	118	0.826786
111	131	1.25035
111	141	1.20441
111	144	1.22302
111	148	1.1394
111	164	1.15586
111	165	1.19174
111	168	1.06362
111	169	1.05359
111	170	1.03406
111	171	0.990237
111	174	0.974585
111	176	0.996547
111	177	0.985126
111	178	0.964497
111	180	1.04646
112	22	0.717499
112	58	0.939972
112	68	0.907523
112	81	0.851196
112	88	0.723188
112	102	0.713823
112	119	0.714624
112	124	0.791672
112	129	0.799643
112	143	1.30579
112	147	1.29349
112	156	1.24739
112	157	1.1841
112	162	1.04209
112	167	1.04808
112	169	1.07697
112	171	1.01361
112	172	1.06845
112	173	1.03327
112	174	0.997961
112	176	1.01992
112	177	1.0085
112	178	0.987872
112	179	1.08758
112	180	1.06983
113	7	0.646173
113	58	0.86605
113	69	0.781018
113	72	0.810897
113	100	0.824346
113	110	0.785646
113	111	1.20332
113	121	0.735323
113	125	0.765477
113	134	1.22182
113	153	0.708476
113	154	0.728797
113	155	1.23753
113	156	1.26608
113	165	1.23381
113	166	1.09816
113	167	1.06677
113	168	1.10569
113	169	1.09566
113	170	1.07613
113	171	1.03231
113	173	1.05196
113	174	1.01666
113	176	1.03862
113	177	1.0272
113	178	1.00657
113	180	1.08853
114	71	1.16613
114	77	1.22365
114	94	1.25191
114	98	1.24622
114	105	1.17331
114	107	1.1724
114	115	1.18467
114	121	1.18958
114	124	1.1742
114	125	1.16468
114	126	1.1657
114	128	1.17122
114	129	1.14017
114	132	0.763104
114	135	0.855673
114	138	1.18904
114	152	0.776126
114	155	0.788143
114	157	0.796016
114	159	0.780244
114	160	0.75876
114	163	1.18222
114	165	0.787724
114	168	0.966001
114	172	0.968451
114	176	1.09869
114	179	1.07652
115	4	1.21932
115	61	1.14207
115	71	1.16492
115	77	1.22243
115	94	1.2507
115	98	1.245
115	105	1.1721
115	107	1.17118
115	114	1.18467
115	116	0.789647
115	121	1.18836
115	125	1.16347
115	128	1.17001
115	129	1.13896
115	135	0.830562
115	137	0.658003
115	138	1.18782
115	156	0.724243
115	158	0.77008
115	159	0.755134
115	160	0.73365
115	163	1.181
115	167	0.994938
115	171	1.09195
115	173	1.06148
115	179	1.0753
115	180	0.924785
116	4	0.788201
116	63	0.785673
116	80	0.799559
116	94	0.707791
116	102	0.695122
116	104	0.764322
116	115	0.789647
116	122	0.806372
116	123	0.804164
116	125	0.820698
116	142	1.17535
116	146	1.18313
116	158	1.20491
116	160	1.2589
116	164	1.20464
116	166	1.10488
116	167	1.07349
116	168	1.11241
116	169	1.10238
116	170	1.08285
116	172	1.09387
116	173	1.05868
116	174	1.02337
116	176	1.04533
116	177	1.03391
116	178	1.01328
116	180	1.09524
117	10	0.784161
117	14	0.822337
117	19	0.724514
117	36	1.04258
117	41	0.872402
117	78	0.977854
117	82	0.876272
117	89	1.13831
117	129	0.884181
117	147	1.24593
117	149	1.0807
117	154	0.887256
117	155	1.17128
117	161	1.13019
117	165	1.16756
117	166	1.03191
117	168	1.03944
117	169	1.02941
117	170	1.00988
117	171	0.966055
117	172	1.0209
117	173	0.98571
117	174	0.950403
117	176	0.972365
117	177	0.960944
117	178	0.940315
117	180	1.02228
118	1	1.16204
118	20	1.1042
118	24	1.18928
118	37	1.1917
118	54	1.14628
118	63	1.15678
118	64	1.05202
118	95	1.21034
118	96	1.21551
118	102	1.21967
118	104	1.15934
118	108	1.10758
118	110	1.1048
118	111	0.826786
118	119	1.20071
118	120	1.12169
118	123	1.14279
118	131	0.768656
118	136	0.95251
118	143	0.756058
118	153	1.10572
118	155	0.804738
118	160	0.775355
118	164	0.83172
118	166	1.01556
118	170	1.00281
118	175	0.826201
118	180	0.96649
119	1	1.24166
119	20	1.18382
119	37	1.27132
119	54	1.2259
119	63	1.2364
119	64	1.13164
119	75	0.845005
119	95	1.28996
119	96	1.29512
119	102	1.29929
119	104	1.23896
119	108	1.1872
119	110	1.18442
119	112	0.714624
119	118	1.20071
119	120	1.20131
119	123	1.22241
119	130	0.675802
119	141	0.689782
119	143	0.620628
119	153	1.18534
119	161	0.746974
119	166	0.880133
119	170	0.867378
119	171	0.998222
119	173	0.967754
119	175	0.690771
119	180	0.83106
120	1	1.16264
120	20	1.1048
120	24	1.18989
120	37	1.1923
120	54	1.14688
120	63	1.15738
120	64	1.05262
120	85	0.779736
120	95	1.21094
120	96	1.21611
120	102	1.22027
120	104	1.15994
120	108	1.10819
120	110	1.1054
120	118	1.12169
120	119	1.20131
120	123	1.14339
120	134	0.80341
120	135	0.853837
120	150	0.747211
120	153	1.10632
120	161	0.863973
120	163	0.785961
120	164	0.813289
120	167	1.01821
120	172	0.966615
120	173	1.08475
120	175	0.80777
121	4	1.22424
121	21	1.32816
121	40	0.875791
121	61	1.14698
121	71	1.16983
121	77	1.22735
121	94	1.25561
121	98	1.24991
121	113	0.735323
121	114	1.18958
121	115	1.18836
121	122	1.17695
121	125	1.16838
121	126	1.1694
121	127	0.768493
121	128	1.17492
121	129	1.14387
121	131	0.727847
121	138	1.19274
121	143	0.715249
121	144	0.75854
121	152	0.751911
121	159	0.75603
121	163	1.18591
121	168	0.941786
121	172	0.944237
121	173	1.06237
121	175	0.785392
121	179	1.08021
122	8	1.20959
122	29	1.32698
122	38	1.22519
122	44	1.17195
122	51	1.15289
122	65	1.0727
122	76	1.14137
122	84	1.17686
122	91	1.17495
122	105	1.16068
122	107	1.15976
122	116	0.806372
122	121	1.17695
122	124	1.16157
122	125	1.15205
122	126	1.15307
122	129	1.12754
122	132	0.754719
122	133	0.757869
122	138	1.17641
122	143	0.731078
122	148	0.848734
122	150	0.740662
122	152	0.76774
122	157	0.787631
122	169	0.943861
122	170	0.977828
122	172	0.960066
122	178	1.16333
122	179	1.06388
123	13	1.04539
123	14	1.1821
123	18	1.13068
123	39	1.09219
123	41	1.22303
123	64	1.07372
123	72	1.14605
123	95	1.23204
123	96	1.23721
123	102	1.24137
123	108	1.12928
123	110	1.1265
123	116	0.804164
123	118	1.14279
123	119	1.22241
123	120	1.14339
123	133	1.21558
123	147	0.73069
123	149	0.951243
123	150	1.22154
123	151	1.19427
123	156	0.738761
123	160	0.748167
123	161	0.855216
123	163	0.777204
123	165	0.777131
123	166	0.988375
123	170	0.97562
123	172	0.957858
123	180	0.939302
124	17	1.21411
124	47	0.634784
124	53	1.18082
124	56	1.08975
124	60	1.1009
124	67	1.17559
124	79	1.20639
124	88	1.21877
124	93	1.1738
124	107	1.16071
124	112	0.791672
124	114	1.1742
124	122	1.16157
124	126	1.15402
124	128	1.15954
124	129	1.12849
124	130	0.75285
124	138	1.17736
124	140	1.25636
124	145	0.645386
124	147	0.699496
124	149	0.920049
124	163	1.17053
124	168	0.924213
124	169	0.910459
124	173	1.0448
124	175	0.767819
124	178	1.12992
124	179	1.06483
124	180	0.908108
125	21	1.30326
125	61	1.12209
125	71	1.14494
125	77	1.20245
125	94	1.23072
125	98	1.22502
125	105	1.15212
125	107	1.1512
125	113	0.765477
125	114	1.16468
125	115	1.16347
125	116	0.820698
125	121	1.16838
125	122	1.15205
125	126	1.1445
125	127	0.798648
125	128	1.15002
125	129	1.11897
125	138	1.16784
125	139	0.795292
125	140	0.754677
125	145	0.693114
125	149	0.967777
125	158	0.801131
125	163	1.16102
125	164	0.821065
125	169	0.958186
125	170	0.992153
125	179	1.05532
125	180	0.955836
126	4	1.20036
126	21	1.30428
126	61	1.12311
126	71	1.14596
126	89	0.82261
126	94	1.23174
126	98	1.22604
126	105	1.15313
126	107	1.15222
126	114	1.1657
126	121	1.1694
126	122	1.15307
126	124	1.15402
126	125	1.1445
126	128	1.15104
126	129	1.11999
126	138	1.16886
126	146	0.826456
126	147	0.694637
126	148	0.810473
126	159	0.733598
126	162	1.0271
126	163	1.16204
126	165	0.741078
126	166	0.952322
126	169	0.905599
126	172	0.921805
126	173	1.03994
126	175	0.762959
126	179	1.05634
127	4	0.766151
127	18	0.835867
127	29	0.666985
127	51	0.750527
127	59	0.715581
127	60	0.793311
127	76	0.754597
127	93	0.703444
127	95	0.773326
127	102	0.673071
127	121	0.768493
127	125	0.798648
127	130	1.30441
127	134	1.26192
127	136	1.14768
127	145	1.32758
127	152	1.29717
127	155	1.27763
127	161	1.23654
127	162	1.10088
127	164	1.23802
127	170	1.11623
127	171	1.0724
127	172	1.12725
127	173	1.09206
127	174	1.05675
127	176	1.07871
127	177	1.06729
127	178	1.04666
127	180	1.12862
128	4	1.20588
128	47	0.596628
128	61	1.12863
128	71	1.15147
128	77	1.20899
128	94	1.23725
128	98	1.23156
128	105	1.15865
128	107	1.15774
128	114	1.17122
128	115	1.17001
128	121	1.17492
128	124	1.15954
128	125	1.15002
128	126	1.15104
128	129	1.12551
128	134	0.725303
128	138	1.17438
128	142	0.819205
128	148	0.777177
128	157	0.716074
128	161	0.785867
128	163	1.16756
128	167	0.940106
128	168	0.886058
128	173	1.00665
128	177	1.025
128	178	1.09177
128	179	1.06186
128	180	0.869953
129	21	1.27875
129	61	1.09758
129	71	1.12043
129	77	1.17794
129	94	1.20621
129	98	1.20051
129	105	1.12761
129	107	1.12669
129	112	0.799643
129	114	1.14017
129	115	1.13896
129	117	0.884181
129	121	1.14387
129	122	1.12754
129	124	1.12849
129	125	1.11897
129	126	1.11999
129	128	1.12551
129	130	0.760822
129	138	1.14333
129	143	0.705648
129	144	0.748939
129	147	0.707468
129	149	0.928021
129	155	0.754327
129	163	1.13651
129	169	0.91843
129	171	1.08324
129	176	1.06487
129	177	1.07112
129	179	1.03081
130	12	0.819916
130	21	0.664798
130	28	0.704513
130	30	0.865905
130	52	0.981035
130	70	0.716726
130	95	0.775256
130	108	0.831499
130	109	0.75088
130	119	0.675802
130	124	0.75285
130	127	1.30441
130	129	0.760822
130	140	1.31672
130	145	1.30641
130	149	1.16588
130	158	1.21712
130	164	1.21685
130	167	1.0857
130	168	1.12462
130	169	1.11459
130	170	1.09506
130	171	1.05123
130	172	1.10608
130	173	1.07089
130	174	1.03558
130	175	1.20724
130	176	1.05754
130	177	1.04612
130	178	1.02549
130	180	1.10745
131	17	0.635563
131	33	0.697622
131	38	0.663615
131	72	0.803421
131	77	0.756085
131	91	0.775442
131	92	0.744702
131	93	0.662798
131	111	1.25035
131	118	0.768656
131	121	0.727847
131	138	0.639126
131	150	1.30901
131	151	0.679623
131	153	0.701
131	155	1.28456
131	157	1.24982
131	160	1.29921
131	164	1.24495
131	165	1.28084
131	166	1.14519
131	167	1.1138
131	168	1.15272
131	169	1.14269
131	172	1.13418
131	173	1.09899
131	174	1.06368
131	175	1.23534
131	176	1.08564
131	177	1.07422
131	178	1.05359
131	180	1.13555
132	33	0.708666
132	37	0.621145
132	44	0.807509
132	48	0.686466
132	52	0.949502
132	60	0.763707
132	77	0.767128
132	86	0.769529
132	108	0.799966
132	109	0.719347
132	110	0.789213
132	114	0.763104
132	122	0.754719
132	136	1.1572
132	147	1.3618
132	149	1.19657
132	161	1.24606
132	162	1.1104
132	164	1.24754
132	166	1.14778
132	167	1.11639
132	168	1.15531
132	169	1.14528
132	170	1.12575
132	171	1.08193
132	172	1.13677
132	174	1.06627
132	175	1.23793
132	176	1.08824
132	177	1.07681
132	178	1.05618
132	179	1.15589
132	180	1.13815
133	11	0.773026
133	13	1.09648
133	14	1.23319
133	18	1.18177
133	20	0.755312
133	33	0.711816
133	43	1.22315
133	55	0.762105
133	58	0.872767
133	69	0.787735
133	72	1.19714
133	73	0.71409
133	83	0.693052
133	86	0.772679
133	97	0.699174
133	100	0.831063
133	101	1.21661
133	122	0.757869
133	123	1.21558
133	134	1.23246
133	138	0.65332
133	144	1.27573
133	150	1.27263
133	151	1.24536
133	158	1.20884
133	162	1.07143
133	167	1.07741
133	169	1.1063
133	171	1.04295
133	174	1.0273
133	177	1.03784
133	178	1.01721
133	180	1.09917
134	24	0.743979
134	25	0.863576
134	36	0.929827
134	56	0.724744
134	59	0.728119
134	63	0.776161
134	64	0.916918
134	83	0.732044
134	95	0.785864
134	100	0.870055
134	113	1.22182
134	120	0.80341
134	127	1.26192
134	128	0.725303
134	133	1.23246
134	148	1.1579
134	157	1.17922
134	160	1.22861
134	161	1.17287
134	163	1.1884
134	164	1.17435
134	165	1.21024
134	167	1.0432
134	168	1.08212
134	170	1.05256
134	171	1.00873
134	172	1.06358
134	173	1.02839
134	174	0.993083
134	177	1.00362
134	178	0.982994
134	180	1.06495
135	44	0.900078
135	45	0.746519
135	78	0.915531
135	80	0.840475
135	84	0.847309
135	90	0.845865
135	92	0.848314
135	103	0.815837
135	106	1.24489
135	114	0.855673
135	115	0.830562
135	120	0.853837
135	139	1.21065
135	142	1.13162
135	144	1.22808
135	148	1.14446
135	161	1.15942
135	162	1.02377
135	165	1.19679
135	166	1.06114
135	167	1.02976
135	169	1.05864
135	170	1.03911
135	171	0.995291
135	172	1.05013
135	173	1.01495
135	176	1.0016
135	177	0.99018
135	178	0.96955
135	179	1.06925
135	180	1.05151
136	2	0.960324
136	9	0.954648
136	15	1.14441
136	16	1.11101
136	24	0.874649
136	27	1.0508
136	31	1.0028
136	46	1.07852
136	49	0.963015
136	50	0.799566
136	52	1.12231
136	64	1.04759
136	71	0.906099
136	75	1.03425
136	78	1.01565
136	83	1.07856
136	87	1.03743
136	99	0.933868
136	104	1.08369
136	118	0.95251
136	127	1.14768
136	132	1.1572
136	153	0.884855
136	161	1.05864
136	165	1.096
136	171	0.894502
136	172	0.949344
136	173	0.914157
136	176	0.900812
136	177	0.889391
136	178	0.868762
136	180	0.950722
137	30	0.754382
137	41	0.63752
137	52	0.869512
137	72	0.734474
