1	27	0.957758
1	41	1.03276
1	66	0.930724
1	68	1.05476
1	80	1.01085
1	83	1.07085
1	85	1.07085
1	138	1.00216
1	150	0.999061
1	164	0.969167
1	165	0.93614
1	176	0.971769
2	53	0.87635
2	54	0.999093
2	81	1.07283
2	87	1.06489
2	94	0.992663
2	100	0.992663
2	141	1.01921
2	156	1.05865
2	159	0.998576
2	168	0.993896
2	169	0.957679
2	170	0.980402
3	23	1.02202
3	42	0.979093
3	58	1.0717
3	59	0.940489
3	75	1.02046
3	104	1.04968
3	113	0.976025
3	117	1.02546
3	154	1.03465
3	169	0.947557
3	170	0.97028
3	174	0.969501
4	103	0.981972
4	104	0.927905
4	131	0.958337
4	161	0.966566
4	162	0.958485
4	164	1.02255
4	168	1.02094
4	170	1.0175
4	173	1.0482
4	175	1.02071
4	179	1.03873
4	180	1.03137
5	52	0.981476
5	86	1.03477
5	93	1.02013
5	127	1.02862
5	129	1.04838
5	142	0.87657
5	157	1.06833
5	160	1.02474
5	162	1.03507
5	165	0.896409
5	168	0.950698
5	177	1.04164
6	80	0.995192
6	83	1.05519
6	85	1.05519
6	131	1.03021
6	136	1.00717
6	138	0.986501
6	149	0.948046
6	155	1.0257
6	166	0.961337
6	172	1.07055
6	173	0.911933
6	175	0.959877
7	122	0.930052
7	131	0.967357
7	139	0.913805
7	148	0.979581
7	160	1.00249
7	164	1.02583
7	167	1.03072
7	174	1.02879
7	175	1.024
7	176	1.01669
7	177	1.03931
7	180	1.03465
8	102	0.84118
8	124	0.921516
8	137	0.921449
8	141	0.88969
8	145	0.922987
8	152	1.20115
8	155	1.30096
8	161	0.896054
8	162	0.900278
8	176	1.23115
8	177	0.906845
8	178	1.07222
9	17	1.00791
9	27	0.9568
9	41	1.0318
9	67	0.912753
9	68	1.05381
9	80	1.0099
9	83	1.0699
9	85	1.0699
9	159	0.995694
9	164	0.969751
9	166	0.977803
9	180	0.950934
10	104	0.940616
10	119	0.939304
10	158	0.927769
10	160	1.00618
10	161	0.979277
10	166	1.01507
10	168	1.02139
10	170	1.01795
10	173	1.04864
10	174	1.02596
10	179	1.03918
10	180	1.03181
11	19	1.08504
11	40	1.24221
11	119	1.23851
11	156	1.22881
11	167	0.896103
11	168	0.889601
11	170	0.886168
11	171	0.899152
11	173	0.916858
11	177	0.904691
11	179	0.907397
11	180	0.90003
12	22	0.912546
12	47	1.00919
12	79	0.984631
12	105	1.03281
12	106	1.00232
12	107	1.01977
12	136	1.01473
12	157	1.06075
12	166	0.977065
12	167	0.962476
12	172	1.07812
12	177	0.952517
13	14	0.91016
13	46	0.92678
13	52	1.05676
13	71	0.948867
13	153	1.0353
13	162	0.950782
13	173	1.04599
13	174	1.02331
13	175	1.01851
13	176	1.0112
13	179	1.03653
13	180	1.02916
14	13	0.91016
14	32	1.07241
14	51	0.981491
14	52	0.979238
14	82	1.06458
14	91	1.01809
14	92	1.01809
14	157	1.06609
14	169	0.963332
14	174	0.985276
14	175	0.984879
14	177	0.961792
15	20	1.11195
15	34	1.00654
15	120	0.955133
15	127	1.07296
15	148	1.04667
15	167	0.96716
15	170	0.957224
15	172	1.01981
15	173	0.987915
15	174	0.965229
15	176	0.953127
15	179	0.978454
15	180	0.971087
16	20	1.09872
16	45	1.13406
16	95	1.08795
16	104	1.14804
16	113	1.07439
16	117	1.12383
16	123	0.877628
16	132	0.930044
16	140	0.85869
16	154	1.13302
16	176	0.865263
16	179	0.832643
16	180	0.843845
17	9	1.00791
17	27	0.899485
17	41	0.974485
17	68	0.996491
17	80	0.95258
17	83	1.01258
17	85	1.01258
17	138	0.943889
17	144	1.19898
17	154	1.10073
17	160	0.848426
17	171	1.08547
17	178	0.970572
18	75	1.11558
18	95	1.08469
18	103	1.142
18	113	1.07114
18	117	1.12057
18	130	1.13625
18	151	0.888754
18	154	1.12976
18	163	0.896616
18	168	0.878306
18	170	0.864811
18	171	0.815609
18	174	0.864032
19	11	1.08504
19	74	1.07157
19	79	1.06938
19	96	1.15686
19	131	1.12252
19	136	1.09948
19	140	1.11733
19	142	0.780687
19	150	0.863447
19	164	0.833553
19	167	0.827016
19	172	1.16287
19	177	0.817057
20	15	1.11195
20	16	1.09872
20	75	0.938979
20	103	0.965407
20	104	0.968191
20	110	1.03702
20	113	0.894539
20	117	0.943976
20	134	1.06259
20	154	0.953167
20	172	0.987701
20	174	1.10325
20	178	0.939937
21	98	1.08386
21	120	0.973527
21	133	1.00952
21	148	1.06506
21	159	0.954178
21	161	1.06107
21	164	0.961669
21	174	0.964633
21	175	0.959837
21	176	0.952531
21	178	1.0588
21	179	0.977858
21	180	0.970491
22	12	0.912546
22	47	0.963445
22	101	1.06991
22	137	0.927863
22	156	0.920848
22	167	1.02778
22	168	1.02128
22	170	1.01785
22	173	1.04854
22	176	1.01375
22	179	1.03908
22	180	1.03171
23	3	1.02202
23	29	1.17331
23	37	1.00836
23	75	0.96064
23	83	0.975926
23	95	0.929757
23	100	1.07392
23	117	0.965637
23	125	0.961362
23	163	0.960401
23	171	0.984142
23	179	0.992387
23	180	0.98502
24	33	1.04398
24	71	1.00693
24	90	0.990191
24	109	1.05896
24	119	0.993934
24	134	1.00817
24	141	0.74665
24	144	1.07103
24	151	1.03066
24	153	0.971959
24	169	0.983997
24	178	1.09784
25	33	0.800335
25	40	0.807183
25	63	1.0105
25	115	0.84396
25	131	0.835221
25	147	0.894412
25	159	1.10448
25	167	1.11687
25	170	1.10693
25	171	1.11992
25	176	1.10284
25	179	1.12816
25	180	1.1208
26	60	0.96582
26	62	1.12613
26	81	1.09069
26	87	1.08275
26	94	1.01052
26	100	1.01052
26	141	1.03707
26	142	0.909928
26	156	1.07651
26	166	0.970846
26	167	0.956256
26	170	0.970562
26	172	0.854228
26	177	0.946298
27	1	0.957758
27	9	0.9568
27	17	0.899485
27	41	0.923377
27	68	0.945382
27	80	0.901472
27	83	0.961472
27	85	0.961472
27	138	0.892781
27	155	1.2093
27	165	1.10386
27	166	1.14494
27	172	1.02832
27	177	1.12039
28	30	0.920172
28	33	0.949941
28	96	0.906178
28	137	0.950397
28	145	0.921626
28	156	0.943381
28	168	1.04379
28	171	1.05334
28	174	1.04836
28	175	1.04357
28	176	1.03626
28	177	1.05888
28	179	1.06159
28	180	1.05422
29	23	1.17331
29	73	0.903763
29	96	0.963608
29	107	0.911268
29	108	0.912657
29	125	0.951321
29	131	0.929276
29	136	0.906235
29	157	0.952252
29	167	1.16006
29	171	1.12516
29	172	0.969619
29	178	1.01027
29	179	1.13658
30	28	0.920172
30	39	0.933182
30	71	1.04517
30	101	0.970116
30	109	1.09721
30	118	1.02606
30	119	1.03218
30	122	1.04675
30	134	1.04642
30	140	0.950133
30	152	0.9267
30	169	0.93915
30	177	0.93761
30	178	1.13609
31	46	1.05005
31	102	1.00647
31	112	0.912682
31	141	1.05498
31	143	1.03753
31	146	1.03544
31	154	0.939723
31	158	1.07717
31	163	1.00547
31	169	1.06622
31	171	0.924461
31	172	0.85733
31	176	0.968497
31	177	1.07214
32	14	1.07241
32	43	1.03121
32	64	1.05774
32	82	1.07536
32	91	1.02887
32	92	1.02887
32	93	1.02867
32	116	0.962201
32	153	0.948702
32	154	0.949522
32	157	1.07687
32	174	0.982683
32	178	0.819365
32	179	0.945676
33	24	1.04398
33	25	0.800335
33	28	0.949941
33	53	0.887591
33	71	1.0397
33	89	1.01705
33	118	1.02059
33	119	1.02671
33	142	1.0521
33	156	1.06924
33	159	1.00982
33	175	0.990467
33	177	0.967379
33	178	1.13062
34	15	1.00654
34	88	1.06281
34	99	1.04651
34	124	1.0159
34	135	1.03523
34	143	0.96663
34	146	0.964537
34	158	1.00626
34	161	0.99044
34	162	0.994664
34	165	0.957833
34	166	0.979824
34	167	0.984323
34	174	0.997849
34	175	0.997452
35	84	1.06924
35	117	0.983425
35	141	1.04251
35	148	0.993422
35	157	0.922086
35	162	0.981346
35	165	1.00427
35	168	0.981586
35	170	0.978153
35	173	1.00884
35	175	0.981362
35	176	0.974055
35	178	1.08033
35	179	0.999382
35	180	0.992015
36	64	1.18292
36	99	1.15812
36	118	1.23309
36	135	1.20916
36	144	0.86779
36	158	1.21011
36	165	0.918608
36	170	0.892486
36	171	0.90547
36	174	0.900491
36	175	0.895695
36	176	0.888388
36	177	0.911009
36	179	0.913715
36	180	0.906348
37	23	1.00836
37	38	1.01664
37	54	0.992506
37	60	0.941375
37	61	0.946394
37	81	1.06624
37	94	0.986076
37	97	1.05166
37	100	0.986076
37	141	1.01262
37	156	1.05206
37	163	1.04121
37	171	0.960206
37	173	0.960288
37	177	0.985145
38	37	1.01664
38	50	0.940303
38	54	0.966758
38	61	0.920646
38	62	1.07593
38	81	1.0405
38	87	1.03255
38	94	0.960328
38	100	0.960328
38	134	1.00842
38	156	1.02631
38	166	1.05014
38	169	1.02714
38	172	0.933527
38	175	1.04868
39	30	0.933182
39	84	1.08588
39	85	0.940471
39	104	0.967405
39	136	1.00908
39	147	1.05703
39	153	1.01241
39	159	0.989961
39	163	0.981655
39	164	0.997452
39	167	1.00235
39	168	0.995845
39	174	1.00042
39	179	1.01364
39	180	1.00627
40	11	1.24221
40	25	0.807183
40	42	1.0073
40	55	1.03517
40	65	0.999881
40	72	0.997886
40	90	0.970669
40	101	0.912346
40	122	0.988981
40	142	0.999804
40	156	1.01695
40	166	0.998774
40	169	0.975767
40	177	0.974227
40	178	1.07832
41	1	1.03276
41	9	1.0318
41	17	0.974485
41	27	0.923377
41	68	1.02038
41	70	1.12203
41	80	0.976472
41	83	1.03647
41	85	1.03647
41	138	0.967781
41	150	1.02039
41	155	1.06291
41	175	0.997087
41	178	0.834165
41	180	0.971678
42	3	0.979093
42	40	1.0073
42	92	1.02752
42	130	1.01678
42	145	0.972141
42	149	1.00463
42	158	0.992063
42	163	0.980227
42	167	1.00092
42	168	0.994416
42	173	1.02167
42	175	0.994192
42	176	0.986885
42	179	1.01221
42	180	1.00485
43	32	1.03121
43	51	0.940286
43	64	1.00575
43	82	1.02338
43	91	0.976889
43	92	0.976889
43	93	0.976686
43	126	1.04403
43	150	1.05296
43	157	1.02489
43	168	1.04433
43	169	1.00811
43	172	0.914497
43	173	0.981711
43	177	1.00657
44	76	0.867446
44	96	0.931635
44	107	0.879295
44	108	0.880684
44	125	0.919348
44	131	0.897302
44	136	0.874261
44	140	0.892105
44	157	0.920279
44	164	1.20981
44	166	1.21786
44	169	1.19486
44	172	0.937646
44	177	1.19331
44	180	1.19099
45	16	1.13406
45	58	1.02555
45	95	0.943433
45	103	1.00074
45	104	1.00353
45	113	0.929876
45	117	0.979313
45	129	1.10277
45	130	0.994995
45	154	0.988504
45	166	0.991877
45	174	0.990814
45	175	0.990417
45	177	0.96733
45	180	0.965008
46	13	0.92678
46	31	1.05005
46	86	1.10024
46	126	1.04092
46	149	0.989668
46	150	1.0248
46	153	0.967914
46	158	1.00011
46	160	0.978186
46	161	0.984292
46	162	0.988516
46	166	0.973677
46	169	0.989166
46	176	0.997508
46	177	0.995082
47	12	1.00919
47	22	0.963445
47	105	0.991041
47	107	0.978003
47	108	0.979392
47	125	1.01806
47	128	1.00788
47	131	0.99601
47	136	0.972969
47	151	1.05162
47	155	1.09233
47	157	1.01899
47	166	1.02796
47	172	1.03635
47	178	0.863583
48	106	1.02002
48	127	1.00141
48	134	0.95304
48	143	0.979826
48	145	1.03057
48	146	0.977733
48	147	0.976672
48	148	1.00284
48	154	0.96054
48	155	1.05913
48	158	1.01946
48	161	1.00364
48	162	1.00786
48	163	1.02629
48	176	0.989314
49	72	0.955233
49	98	1.03423
49	122	0.965906
49	138	1.03805
49	158	0.959932
49	160	1.03835
49	165	1.00975
49	168	0.987063
49	171	0.996614
49	172	1.04621
49	174	0.991635
49	175	0.986839
49	176	0.979532
49	179	1.00486
49	180	0.997493
50	38	0.940303
50	64	0.846509
50	105	0.903249
50	135	0.872743
50	146	0.982921
50	148	0.929194
50	162	0.917119
50	163	1.04991
50	164	1.06571
50	167	1.07061
50	168	1.0641
50	170	1.06067
50	174	1.06868
50	175	1.06388
50	179	1.0819
50	180	1.07453
51	14	0.981491
51	43	0.940286
51	52	0.899097
51	64	0.966819
51	82	0.98444
51	91	0.937953
51	92	0.937953
51	93	0.93775
51	110	1.02826
51	157	0.98595
51	159	1.11887
51	169	1.07798
51	170	1.1007
51	174	1.09992
51	178	0.936602
51	180	1.07411
52	5	0.981476
52	13	1.05676
52	14	0.979238
52	51	0.899097
52	64	0.964566
52	82	0.982187
52	91	0.935701
52	92	0.935701
52	93	0.935497
52	126	1.00284
52	157	0.983698
52	171	1.08345
52	173	1.08353
52	177	1.10839
52	178	0.968554
52	180	1.10607
53	2	0.87635
53	33	0.887591
53	89	0.925463
53	90	0.930107
53	103	1.07919
53	104	1.08197
53	113	1.00832
53	141	0.983787
53	145	0.859276
53	154	1.06695
53	161	0.930706
53	171	1.07626
53	175	1.06649
53	176	1.05918
53	179	1.08451
53	180	1.07714
54	2	0.999093
54	37	0.992506
54	38	0.966758
54	60	0.891488
54	61	0.896508
54	67	1.03482
54	81	1.01636
54	94	0.936189
54	100	0.936189
54	116	1.07832
54	123	1.10678
54	141	0.962738
54	153	1.06482
54	156	1.00217
54	173	1.05046
54	180	1.073
55	40	1.03517
55	56	1.0973
55	59	0.899046
55	71	1.05041
55	72	1.06089
55	118	1.0313
55	122	1.05199
55	123	0.936035
55	134	1.05166
55	140	0.917097
55	154	0.894896
55	156	1.07995
55	169	0.906114
55	170	0.928837
55	175	0.927661
55	178	1.14132
56	55	1.0973
56	65	1.06201
56	69	1.05747
56	89	1.02688
56	90	1.0328
56	109	1.10157
56	118	1.03042
56	122	1.05111
56	132	0.972351
56	163	0.944543
56	167	0.898433
56	174	0.911958
56	176	0.907571
56	177	0.888474
56	178	1.14045
56	180	0.886153
57	65	1.01656
57	68	1.02396
57	69	1.01202
57	80	0.980046
57	83	1.04005
57	85	1.04005
57	90	0.98735
57	138	0.971355
57	156	1.03363
57	164	0.987276
57	168	1.00854
57	171	0.945842
57	173	0.945924
57	175	0.993868
57	177	0.970781
57	178	1.095
57	179	0.957258
58	3	1.0717
58	45	1.02555
58	75	1.01032
58	95	0.979438
58	103	1.03675
58	104	1.03953
58	113	0.965881
58	117	1.01532
58	130	1.031
58	150	1.04644
58	152	0.989142
58	154	1.02451
58	172	0.907982
58	176	1.01915
58	177	1.00005
58	178	0.860217
58	179	0.986528
59	3	0.940489
59	55	0.899046
59	79	1.02152
59	84	1.08477
59	109	0.904502
59	153	1.02807
59	157	0.937625
59	161	1.00497
59	167	1.01801
59	168	1.01151
59	171	1.02106
59	173	1.03877
59	174	1.01608
59	175	1.01128
59	176	1.00398
59	179	1.0293
59	180	1.02194
60	26	0.96582
60	37	0.941375
60	54	0.891488
60	61	0.845376
60	62	1.00066
60	81	0.965225
60	87	0.957285
60	94	0.885058
60	100	0.885058
60	141	0.911607
60	142	1.11883
60	156	0.951043
60	163	1.21127
60	170	1.17947
60	171	1.13026
60	178	1.01537
60	180	1.15288
61	37	0.946394
61	38	0.920646
61	54	0.896508
61	60	0.845376
61	62	1.00568
61	81	0.970245
61	87	0.962304
61	94	0.890077
61	100	0.890077
61	141	0.916626
61	142	1.15829
61	148	0.90977
61	151	1.24287
61	156	0.956062
61	165	1.17813
61	172	1.10259
61	176	1.21376
62	26	1.12613
62	38	1.07593
62	60	1.00066
62	61	1.00568
62	87	1.11759
62	94	1.04537
62	100	1.04537
62	127	0.661701
62	129	1.05574
62	141	1.07191
62	156	1.11135
62	166	0.944846
62	168	0.958056
62	169	0.921839
62	170	0.944562
62	177	0.920299
63	25	1.0105
63	114	0.924171
63	137	0.947245
63	143	0.89804
63	145	0.948784
63	148	0.921052
63	152	1.16663
63	154	1.16787
63	158	0.937673
63	160	0.915745
63	161	0.92185
63	162	0.926074
63	165	1.16101
63	168	1.2153
63	169	0.926725
63	172	1.08547
63	177	0.932641
64	32	1.05774
64	36	1.18292
64	43	1.00575
64	50	0.846509
64	51	0.966819
64	52	0.964566
64	82	1.04991
64	91	1.00342
64	92	1.00342
64	93	1.00322
64	110	1.09373
64	123	0.963265
64	142	0.895433
64	149	0.943061
64	155	1.02071
64	157	1.05142
64	175	0.954891
65	40	0.999881
65	56	1.06201
65	57	1.01656
65	72	1.0256
65	88	1.01734
65	89	0.992472
65	97	0.995401
65	101	0.940064
65	118	0.996011
65	122	1.0167
65	128	0.933354
65	129	1.06433
65	153	0.91839
65	156	1.04466
65	175	0.951974
65	177	0.928887
65	178	1.10604
66	1	0.930724
66	91	0.996014
66	114	1.01656
66	133	0.937002
66	148	0.992541
66	156	0.938872
66	162	0.980465
66	163	0.987666
66	164	1.00346
66	165	1.02454
66	171	1.01141
66	173	1.02911
66	176	0.994325
66	177	1.01695
66	178	1.1006
66	179	1.01965
66	180	1.01229
67	9	0.912753
67	54	1.03482
67	68	0.918059
67	94	1.0333
67	137	0.927332
67	151	1.00152
67	159	1.00821
67	160	0.996899
67	161	0.969991
67	164	1.0157
67	167	1.0206
67	171	1.02365
67	173	1.04135
67	174	1.01867
67	175	1.01387
67	179	1.03189
67	180	1.02453
68	1	1.05476
68	9	1.05381
68	17	0.996491
68	27	0.945382
68	41	1.02038
68	57	1.02396
68	67	0.918059
68	80	0.998478
68	83	1.05848
68	85	1.05848
68	138	0.989787
68	144	1.04714
68	154	0.948885
68	164	0.975057
68	168	0.99632
68	176	0.977659
68	179	0.945039
69	56	1.05747
69	57	1.01202
69	71	1.01058
69	88	1.04759
69	89	0.987928
69	101	0.93552
69	109	1.06261
69	119	0.997587
69	134	1.01182
69	142	1.02298
69	155	1.04805
69	166	0.983692
69	169	0.960685
69	172	0.867075
69	178	1.10149
69	179	0.945621
69	180	0.956823
70	41	1.12203
70	92	1.14247
70	124	1.10703
70	125	1.08618
70	138	1.18513
70	159	0.914092
70	162	1.15044
70	164	0.921583
70	165	0.942665
70	168	0.919976
70	171	0.929527
70	173	0.947233
70	174	0.924548
70	175	0.919752
70	176	0.912445
70	179	0.937772
70	180	0.930405
71	13	0.948867
71	24	1.00693
71	30	1.04517
71	33	1.0397
71	55	1.05041
71	69	1.01058
71	101	0.927587
71	114	0.739625
71	119	0.989654
71	122	1.00422
71	123	1.03196
71	132	1.08438
71	156	1.03219
71	169	1.00204
71	177	1.0005
71	178	1.09356
71	180	0.998177
72	40	0.997886
72	49	0.955233
72	55	1.06089
72	65	1.0256
72	89	0.990476
72	97	1.0208
72	101	0.938068
72	119	1.00014
72	122	1.0147
72	142	1.02553
72	149	0.965544
72	156	1.04267
72	166	0.978835
72	169	0.955827
72	174	0.977771
72	177	0.954287
72	178	1.10404
73	29	0.903763
73	74	0.948129
73	76	0.969229
73	79	0.94594
73	97	1.07394
73	105	0.994115
73	107	0.981077
73	125	1.02113
73	131	0.999085
73	134	0.990245
73	136	0.976044
73	154	0.997745
73	157	1.02206
73	163	1.06349
73	168	1.04518
73	170	1.03169
73	172	1.03943
73	177	1.00742
74	19	1.07157
74	73	0.948129
74	97	1.11421
74	105	0.968672
74	107	0.955634
74	108	0.957023
74	125	0.995687
74	131	0.973641
74	136	0.9506
74	140	0.968445
74	142	1.01133
74	152	1.03679
74	157	0.996618
74	171	1.02276
74	172	1.01398
74	174	1.07118
74	178	0.907862
74	180	1.04537
75	3	1.02046
75	18	1.11558
75	20	0.938979
75	23	0.96064
75	58	1.01032
75	95	0.928203
75	103	0.985514
75	104	0.988298
75	113	0.914646
75	117	0.964083
75	118	0.783158
75	154	0.973274
75	171	1.07563
75	173	1.07572
75	174	1.12406
75	177	1.10057
75	178	0.96074
75	179	1.08705
76	44	0.867446
76	73	0.969229
76	105	0.989772
76	106	1.04918
76	107	0.976734
76	108	0.978123
76	125	1.01679
76	129	1.13481
76	130	0.982665
76	131	0.994741
76	136	0.971701
76	157	1.01772
76	164	1.01587
76	169	1.00091
76	170	1.02364
76	172	1.03508
76	177	0.999372
76	179	0.985849
77	102	1.03409
77	139	1.11027
77	141	1.0826
77	146	1.06306
77	147	1.062
77	155	0.979094
77	159	0.932623
77	160	1.08286
77	162	1.09319
77	163	0.946254
77	166	1.07835
77	167	0.900144
77	168	0.927943
77	169	1.09384
77	171	0.865246
77	176	0.909282
77	177	1.09975
77	178	0.750351
78	127	0.975682
78	129	1.15179
78	132	1.10023
78	135	1.02271
78	139	0.999222
78	143	0.954102
78	146	0.952009
78	148	0.977113
78	150	1.06274
78	158	0.993735
78	160	0.971806
78	162	0.982136
78	168	1.05411
78	169	0.982786
78	172	0.924279
78	174	1.03983
78	177	0.988702
78	178	0.876514
79	12	0.984631
79	19	1.06938
79	59	1.02152
79	73	0.94594
79	108	0.954834
79	125	0.993498
79	130	0.959376
79	131	0.971452
79	136	0.948411
79	140	0.966256
79	157	0.994429
79	164	1.04354
79	165	1.01051
79	169	1.02859
79	170	1.05131
79	172	1.0118
79	173	1.00219
79	174	1.05053
80	1	1.01085
80	6	0.995192
80	9	1.0099
80	17	0.95258
80	27	0.901472
80	41	0.976472
80	57	0.980046
80	68	0.998478
80	83	1.01457
80	85	1.01457
80	138	0.945876
80	154	1.02602
80	164	1.0522
80	169	1.03724
80	170	1.05996
80	172	0.943631
80	176	1.0548
80	177	1.0357
81	2	1.07283
81	26	1.09069
81	37	1.06624
81	38	1.0405
81	54	1.01636
81	60	0.965225
81	61	0.970245
81	87	1.08215
81	94	1.00993
81	100	1.00993
81	106	0.991163
81	152	0.930448
81	156	1.07591
81	164	0.957853
81	166	0.965905
81	169	0.942898
81	173	0.916501
81	174	0.964842
81	177	0.941358
82	14	1.06458
82	32	1.07536
82	43	1.02338
82	51	0.98444
82	52	0.982187
82	64	1.04991
82	91	1.02104
82	92	1.02104
82	93	1.02084
82	106	1.04942
82	126	1.08818
82	135	0.658267
82	149	1.01087
82	157	1.06904
82	166	1.02416
82	171	0.974672
82	172	0.907541
82	179	0.986088
82	180	0.99729
83	1	1.07085
83	6	1.05519
83	9	1.0699
83	17	1.01258
83	23	0.975926
83	27	0.961472
83	41	1.03647
83	57	1.04005
83	68	1.05848
83	80	1.01457
83	85	1.07457
83	138	1.00588
83	159	0.995152
83	165	0.936183
83	172	0.860644
83	174	0.976198
83	175	0.975802
83	179	0.939191
83	180	0.950393
84	35	1.06924
84	39	1.08588
84	59	1.08477
84	120	0.998219
84	140	1.10283
84	143	0.927123
84	146	0.92503
84	147	0.923969
84	148	0.950135
84	158	0.966756
84	160	0.944828
84	161	0.950933
84	162	0.955157
84	166	0.940318
84	169	0.955807
84	171	1.06536
84	176	1.1094
84	177	0.961724
84	180	1.08798
85	1	1.07085
85	6	1.05519
85	9	1.0699
85	17	1.01258
85	27	0.961472
85	39	0.940471
85	41	1.03647
85	57	1.04005
85	68	1.05848
85	80	1.01457
85	83	1.07457
85	112	0.90818
85	138	1.00588
85	150	0.991288
85	165	0.928367
85	166	0.969446
85	168	0.982656
85	170	0.969162
85	173	0.920042
86	5	1.03477
86	46	1.10024
86	109	1.03186
86	133	1.08078
86	137	1.08967
86	139	1.07055
86	141	1.18541
86	151	0.933978
86	155	0.912813
86	165	0.969249
86	167	0.953062
86	170	0.943127
86	171	0.956111
86	173	0.973817
86	174	0.951132
86	175	0.946336
86	176	0.939029
86	179	0.964356
86	180	0.956989
87	2	1.06489
87	26	1.08275
87	38	1.03255
87	60	0.957285
87	61	0.962304
87	62	1.11759
87	81	1.08215
87	94	1.00199
87	100	1.00199
87	141	1.02853
87	146	0.738248
87	151	1.01762
87	156	1.06797
87	164	0.98591
87	173	0.944558
87	174	0.992899
87	175	0.992502
87	177	0.969415
87	180	0.967093
88	34	1.06281
88	65	1.01734
88	69	1.04759
88	137	1.05628
88	143	1.15119
88	146	1.15667
88	148	1.10294
88	155	0.906991
88	163	0.926548
88	167	0.947239
88	168	0.940737
88	170	0.937304
88	171	0.950288
88	173	0.967994
88	175	0.940513
88	176	0.933206
88	178	1.03948
88	179	0.958534
88	180	0.951167
89	33	1.01705
89	53	0.925463
89	56	1.02688
89	65	0.992472
89	69	0.987928
89	72	0.990476
89	90	0.96326
89	109	1.03203
89	118	0.960884
89	119	0.967004
89	122	0.981571
89	149	1.01651
89	153	0.994754
89	156	1.00954
89	169	1.00679
89	170	1.02952
89	175	1.02834
89	177	1.00525
89	178	1.07091
89	180	1.00293
90	24	0.990191
90	40	0.970669
90	53	0.930107
90	56	1.0328
90	57	0.98735
90	89	0.96326
90	109	1.03794
90	112	0.973177
90	118	0.966799
90	119	0.972919
90	122	0.987487
90	142	0.998311
90	151	1.0581
90	152	0.998986
90	156	1.01545
90	166	1.03444
90	167	1.01985
90	171	0.984956
90	177	1.0099
90	178	1.07682
91	14	1.01809
91	32	1.02887
91	43	0.976889
91	51	0.937953
91	52	0.935701
91	64	1.00342
91	66	0.996014
91	82	1.02104
91	92	0.974557
91	93	0.974354
91	110	1.06486
91	126	1.04169
91	157	1.02255
91	164	1.03446
91	166	1.04251
91	167	1.02792
91	169	1.0195
91	171	0.993023
91	177	1.01796
91	178	0.878128
92	14	1.01809
92	32	1.02887
92	42	1.02752
92	43	0.976889
92	51	0.937953
92	52	0.935701
92	64	1.00342
92	70	1.14247
92	82	1.02104
92	91	0.974557
92	93	0.974354
92	110	1.06486
92	126	1.04169
92	132	1.07832
92	141	0.758634
92	157	1.02255
92	166	1.01899
92	167	1.0044
92	177	0.99444
92	179	0.980917
93	5	1.02013
93	32	1.02867
93	43	0.976686
93	51	0.93775
93	52	0.935497
93	64	1.00322
93	82	1.02084
93	91	0.974354
93	92	0.974354
93	110	1.06466
93	126	1.04149
93	149	1.01325
93	151	1.0502
93	157	1.02235
93	159	1.04443
93	172	0.909922
93	173	0.977135
93	174	1.02548
93	177	1.00199
93	179	0.988469
94	2	0.992663
94	26	1.01052
94	37	0.986076
94	38	0.960328
94	54	0.936189
94	60	0.885058
94	61	0.890077
94	62	1.04537
94	67	1.0333
94	81	1.00993
94	87	1.00199
94	100	0.929759
94	141	0.956308
94	149	1.08506
94	154	1.06413
94	156	0.995743
94	166	1.09835
94	171	1.04887
94	173	1.04895
94	175	1.09689
94	178	0.933972
95	16	1.08795
95	18	1.08469
95	23	0.929757
95	45	0.943433
95	58	0.979438
95	75	0.928203
95	103	0.954631
95	104	0.957415
95	110	1.02625
95	113	0.883763
95	117	0.933201
95	123	1.10511
95	130	0.948883
95	154	0.942391
95	167	1.08361
95	168	1.11141
95	169	1.07519
95	171	1.04871
95	172	0.981583
95	178	0.933819
95	180	1.07133
96	19	1.15686
96	28	0.906178
96	29	0.963608
96	44	0.931635
96	97	0.99013
96	105	1.05396
96	107	1.04092
96	108	1.04231
96	116	0.926618
96	125	1.08098
96	131	1.05893
96	136	1.03589
96	140	1.05373
96	154	0.91394
96	157	1.08191
96	166	0.948164
96	170	0.94788
96	172	1.09927
96	175	0.946704
96	179	0.910094
96	180	0.921295
97	37	1.05166
97	65	0.995401
97	72	1.0208
97	73	1.07394
97	74	1.11421
97	96	0.99013
97	117	1.07101
97	127	0.965923
97	136	1.08002
97	158	0.983975
97	160	0.962047
97	161	0.968153
97	162	0.972377
97	168	0.963854
97	170	0.96042
97	174	0.968425
97	175	0.963629
97	176	0.956323
97	177	0.978943
97	179	0.98165
97	180	0.974283
98	21	1.08386
98	49	1.03423
98	102	0.902668
98	115	0.960746
98	121	0.996342
98	126	1.01417
98	133	0.97008
98	135	1.00234
98	140	1.04581
98	145	0.984475
98	148	0.956744
98	151	1.08149
98	158	0.973365
98	160	0.951437
98	161	0.957542
98	162	0.961766
98	168	1.07104
98	173	1.00843
98	176	1.05238
98	177	0.968333
98	180	1.03096
99	34	1.04651
99	36	1.15812
99	102	0.996781
99	124	1.07712
99	137	1.07705
99	143	1.02785
99	145	1.07859
99	147	1.02469
99	148	1.05086
99	150	0.953392
99	151	0.955209
99	158	1.06748
99	160	1.04555
99	161	1.05166
99	162	1.05588
99	168	0.94476
99	173	0.882146
99	174	0.930487
99	176	0.926099
99	178	0.767168
99	179	0.893479
100	2	0.992663
100	23	1.07392
100	26	1.01052
100	37	0.986076
100	38	0.960328
100	54	0.936189
100	60	0.885058
100	61	0.890077
100	62	1.04537
100	81	1.00993
100	87	1.00199
100	94	0.929759
100	141	0.956308
100	156	0.995743
100	164	1.0672
100	166	1.07526
100	167	1.06067
100	172	0.958639
100	173	1.02585
100	174	1.07419
100	175	1.0738
101	22	1.06991
101	30	0.970116
101	40	0.912346
101	65	0.940064
101	69	0.93552
101	71	0.927587
101	72	0.938068
101	109	0.97962
101	118	0.908475
101	119	0.914596
101	122	0.929163
101	132	1.19376
101	134	0.928831
101	142	0.939987
101	153	1.09938
101	156	0.957128
101	165	1.09335
101	172	1.01781
101	176	1.12898
101	177	1.10988
101	178	1.0185
101	179	1.09636
102	8	0.84118
102	31	1.00647
102	77	1.03409
102	98	0.902668
102	99	0.996781
102	111	0.977412
102	116	1.15918
102	134	1.139
102	143	0.916902
102	146	0.914809
102	147	0.913748
102	156	0.817615
102	160	0.934606
102	161	0.940712
102	162	0.944936
102	166	0.930097
102	169	0.945586
102	171	1.13124
102	172	1.06411
102	175	1.17926
102	176	1.17527
102	179	1.14265
103	4	0.981972
103	18	1.142
103	20	0.965407
103	45	1.00074
103	53	1.07919
103	58	1.03675
103	75	0.985514
103	95	0.954631
103	104	1.01473
103	110	1.08356
103	113	0.941074
103	117	0.990511
103	130	1.00619
103	142	0.989529
103	147	0.787974
103	154	0.999702
103	159	1.06834
103	165	1.00937
103	175	1.04899
103	178	0.886066
103	179	1.01238
103	180	1.02358
104	3	1.04968
104	4	0.927905
104	10	0.940616
104	16	1.14804
104	20	0.968191
104	39	0.967405
104	45	1.00353
104	53	1.08197
104	58	1.03953
104	75	0.988298
104	95	0.957415
104	103	1.01473
104	106	1.02164
104	113	0.943858
104	117	0.993296
104	130	1.00898
104	151	1.02004
104	153	0.961336
104	154	1.00249
104	163	1.0279
104	177	0.971833
104	180	0.969512
105	12	1.03281
105	47	0.991041
105	50	0.903249
105	73	0.994115
105	74	0.968672
105	76	0.989772
105	96	1.05396
105	107	1.00162
105	125	1.04167
105	130	1.00755
105	131	1.01963
105	136	0.996587
105	144	1.07712
105	149	0.9998
105	152	0.977634
105	157	1.0426
105	163	1.04461
105	167	0.998502
105	172	1.05997
105	178	0.848709
105	179	0.97502
105	180	0.986222
106	12	1.00232
106	48	1.02002
106	76	1.04918
106	81	0.991163
106	82	1.04942
106	104	1.02164
106	144	0.956755
106	151	0.972302
106	157	0.992958
106	158	1.00879
106	161	1.0603
106	163	0.970694
106	164	0.986491
106	167	0.991386
106	168	0.984884
106	170	0.98145
106	171	0.994435
106	173	1.01214
106	174	0.989455
106	175	0.98466
106	176	0.977353
106	179	1.00268
106	180	0.995313
107	12	1.01977
107	29	0.911268
107	44	0.879295
107	47	0.978003
107	73	0.981077
107	74	0.955634
107	76	0.976734
107	96	1.04092
107	105	1.00162
107	108	0.989972
107	125	1.02864
107	131	1.00659
107	136	0.983549
107	149	1.03125
107	159	1.06243
107	163	1.07606
107	164	1.03649
107	167	1.02995
107	168	1.05775
107	172	1.04693
107	173	0.99514
107	175	1.04308
107	178	0.880162
108	29	0.912657
108	44	0.880684
108	47	0.979392
108	74	0.957023
108	76	0.978123
108	79	0.954834
108	96	1.04231
108	107	0.989972
108	112	0.996048
108	125	1.03002
108	131	1.00798
108	136	0.984938
108	140	1.00278
108	157	1.03096
108	164	1.04926
108	166	1.05731
108	170	1.05703
108	172	1.04832
108	175	1.05585
108	176	1.05186
108	177	1.03277
108	178	0.892932
108	179	1.01924
109	24	1.05896
109	30	1.09721
109	56	1.10157
109	59	0.904502
109	69	1.06261
109	86	1.03186
109	89	1.03203
109	90	1.03794
109	101	0.97962
109	118	1.03557
109	119	1.04169
109	134	1.05592
109	142	1.06708
109	151	0.958237
109	152	0.899121
109	156	1.08422
109	159	0.952468
109	165	0.893499
109	166	0.934578
109	171	0.885091
109	172	0.81796
109	174	0.933514
109	178	1.14559
110	20	1.03702
110	51	1.02826
110	64	1.09373
110	91	1.06486
110	92	1.06486
110	93	1.06466
110	95	1.02625
110	103	1.08356
110	113	1.01269
110	117	1.06213
110	130	1.07781
110	142	0.907601
110	151	0.992178
110	153	0.933474
110	154	1.07132
110	157	1.11286
110	165	0.92744
110	166	0.968519
110	172	0.851902
110	173	0.919115
110	174	0.967456
110	178	0.804137
110	180	0.94165
111	102	0.977412
111	114	1.03461
111	127	1.03006
111	134	0.943781
111	139	1.0536
111	140	0.973482
111	144	1.04954
111	145	1.05922
111	146	1.00638
111	147	1.00532
111	148	1.03149
111	154	0.951281
111	158	1.04811
111	160	1.02618
111	161	1.03229
111	162	1.03651
111	164	0.977454
111	165	0.944427
111	166	1.02167
111	168	0.998716
111	169	1.03716
111	172	0.868888
111	179	0.947435
111	180	0.958637
112	31	0.912682
112	85	0.90818
112	90	0.973177
112	108	0.996048
112	124	0.922284
112	130	0.946986
112	136	0.976789
112	138	1.00038
112	146	1.0315
112	156	0.924102
112	159	1.01679
112	163	1.00848
112	165	1.04536
112	167	1.02917
112	168	1.02267
112	170	1.01924
112	171	1.03222
112	173	1.04993
112	174	1.02724
112	175	1.02245
112	176	1.01514
112	177	1.03776
112	179	1.04047
112	180	1.0331
113	3	0.976025
113	16	1.07439
113	18	1.07114
113	20	0.894539
113	45	0.929876
113	53	1.00832
113	58	0.965881
113	75	0.914646
113	95	0.883763
113	103	0.941074
113	104	0.943858
113	110	1.01269
113	117	0.919644
113	130	0.935326
113	140	1.08596
113	151	1.12165
113	152	1.06253
113	154	0.928835
113	167	1.0834
113	169	1.07498
113	170	1.0977
113	176	1.09254
113	178	0.933604
113	179	1.05992
114	63	0.924171
114	66	1.01656
114	71	0.739625
114	111	1.03461
114	115	1.00111
114	120	1.04519
114	123	1.06997
114	124	1.02337
114	127	0.995677
114	133	1.01044
114	145	1.02484
114	146	0.972004
114	147	0.970943
114	148	0.997108
114	152	1.0276
114	153	1.02801
114	160	0.991801
114	161	0.997907
114	162	1.00213
114	167	1.04847
114	170	1.06277
114	175	1.0616
114	176	1.05761
114	177	1.0087
114	178	0.898674
115	25	0.84396
115	98	0.960746
115	114	1.00111
115	124	1.02425
115	127	0.99656
115	129	1.14644
115	135	1.04358
115	137	1.02419
115	144	1.09958
115	146	0.972887
115	147	0.971826
115	148	0.997992
115	149	1.02226
115	154	1.00133
115	158	1.01461
115	160	0.992684
115	161	0.99879
115	162	1.00301
115	166	0.988175
115	170	1.03527
115	171	0.986064
115	177	1.00958
115	178	0.871169
115	179	0.99748
115	180	1.00868
116	32	0.962201
116	54	1.07832
116	96	0.926618
116	102	1.15918
116	120	0.925955
116	135	0.961039
116	137	0.970836
116	144	0.968471
116	152	1.00371
116	153	1.01316
116	155	0.962853
116	158	0.961988
116	160	1.0404
116	162	1.00541
116	164	0.998207
116	165	1.01929
116	167	1.0031
116	170	0.993166
116	171	1.00615
116	173	1.02386
116	174	1.00117
116	175	0.996375
116	176	0.989069
116	179	1.0144
116	180	1.00703
117	3	1.02546
117	16	1.12383
117	18	1.12057
117	20	0.943976
117	23	0.965637
117	35	0.983425
117	45	0.979313
117	58	1.01532
117	75	0.964083
117	95	0.933201
117	97	1.07101
117	103	0.990511
117	104	0.993296
117	110	1.06213
117	113	0.919644
117	130	0.984763
117	149	1.01575
117	154	0.978272
117	164	1.02099
117	165	0.987961
117	166	1.02904
117	169	1.00603
117	175	1.02758
117	177	1.00449
117	178	0.864658
118	30	1.02606
118	33	1.02059
118	36	1.23309
118	55	1.0313
118	56	1.03042
118	65	0.996011
118	75	0.783158
118	89	0.960884
118	90	0.966799
118	101	0.908475
118	109	1.03557
118	119	0.970543
118	122	0.98511
118	132	1.06584
118	134	0.984778
118	142	0.995934
118	156	1.01308
118	165	0.965434
118	166	1.00651
118	168	1.01972
118	169	0.983506
118	174	1.00545
118	178	1.07445
118	179	0.968443
118	180	0.979644
119	10	0.939304
119	11	1.23851
119	24	0.993934
119	30	1.03218
119	33	1.02671
119	69	0.997587
119	71	0.989654
119	72	1.00014
119	89	0.967004
119	90	0.972919
119	101	0.914596
119	109	1.04169
119	118	0.970543
119	122	0.99123
119	142	1.00205
119	149	0.981779
119	156	1.0192
119	159	1.01296
119	165	0.95399
119	166	0.995069
119	175	0.993609
119	177	0.970522
119	178	1.08057
119	179	0.956999
119	180	0.9682
120	15	0.955133
120	21	0.973527
120	84	0.998219
120	114	1.04519
120	116	0.925955
120	135	1.08767
120	137	1.06827
120	138	1.01367
120	139	1.06418
120	140	0.935477
120	143	1.01906
120	145	1.0698
120	146	1.01697
120	147	1.01591
120	148	1.04207
120	149	0.934211
120	154	0.913277
120	155	1.01186
120	160	1.03677
120	161	1.04287
120	162	1.0471
120	164	0.939449
120	166	1.03226
120	167	0.932912
120	170	0.947217
120	176	0.942051
121	98	0.996342
121	124	1.05985
121	133	1.04692
121	134	0.903243
121	135	1.07918
121	139	1.05569
121	144	1.009
121	145	1.06132
121	147	1.00742
121	148	1.03359
121	150	0.96681
121	152	0.909511
121	158	1.05021
121	159	0.962858
121	160	1.02828
121	161	1.03439
121	162	1.03861
121	163	0.976489
121	164	0.936916
121	165	0.903889
121	166	1.02377
121	168	0.958178
121	169	1.03926
121	170	0.944684
121	175	0.943508
121	177	1.04518
122	7	0.930052
122	30	1.04675
122	40	0.988981
122	49	0.965906
122	55	1.05199
122	56	1.05111
122	65	1.0167
122	71	1.00422
122	72	1.0147
122	89	0.981571
122	90	0.987487
122	101	0.929163
122	118	0.98511
122	119	0.99123
122	123	0.996421
122	134	1.00547
122	142	1.01662
122	144	1.05354
122	150	1.01135
122	155	1.05387
122	156	1.03376
122	169	0.9665
122	170	0.989223
122	172	0.87289
122	174	0.988444
122	176	0.984057
122	178	1.09513
123	16	0.877628
123	54	1.10678
123	55	0.936035
123	64	0.963265
123	71	1.03196
123	95	1.10511
123	114	1.06997
123	122	0.996421
123	131	1.03373
123	139	0.980174
123	141	1.09504
123	149	0.99315
123	150	0.986543
123	152	0.990044
123	159	0.977054
123	163	0.968748
123	164	0.984544
123	165	1.00563
123	167	0.989439
123	168	0.982937
123	170	0.979504
123	171	0.992488
123	173	1.01019
123	174	0.987509
123	175	0.982713
123	176	0.975406
123	179	1.00073
123	180	0.993367
124	8	0.921516
124	34	1.0159
124	70	1.10703
124	99	1.07712
124	112	0.922284
124	114	1.02337
124	115	1.02425
124	121	1.05985
124	126	1.07767
124	127	1.01882
124	132	1.04288
124	140	0.971525
124	145	1.04798
124	146	0.995145
124	147	0.994083
124	148	1.02025
124	149	0.970259
124	150	1.00539
124	153	0.948504
124	158	1.03687
124	160	1.01494
124	161	1.02105
124	162	1.02527
124	165	0.94247
124	169	1.02592
124	172	0.866932
124	173	0.934145
124	179	0.945479
124	180	0.95668
125	23	0.961362
125	29	0.951321
125	44	0.919348
125	47	1.01806
125	70	1.08618
125	73	1.02113
125	74	0.995687
125	76	1.01679
125	79	0.993498
125	96	1.08098
125	105	1.04167
125	107	1.02864
125	108	1.03002
125	128	0.942618
125	130	1.03457
125	131	1.04664
125	136	1.0236
125	140	1.04145
125	144	1.02673
125	150	0.98454
125	157	1.06962
125	167	0.948109
125	168	0.975909
125	169	0.939691
125	171	0.913212
125	172	1.08699
125	175	0.961238
125	177	0.938151
125	180	0.935829
126	43	1.04403
126	46	1.04092
126	52	1.00284
126	82	1.08818
126	91	1.04169
126	92	1.04169
126	93	1.04149
126	98	1.01417
126	124	1.07767
126	127	1.04998
126	129	1.03843
126	133	1.06475
126	140	0.915508
126	144	0.991562
126	151	0.951191
126	154	0.893307
126	157	1.08969
126	159	0.945422
126	160	1.0461
126	161	1.05221
126	163	0.959053
126	166	1.04159
126	167	0.912943
126	168	0.940742
126	173	0.878128
126	177	1.063
126	179	0.889461
126	180	0.900663
127	5	1.02862
127	15	1.07296
127	48	1.00141
127	62	0.661701
127	78	0.975682
127	97	0.965923
127	111	1.03006
127	114	0.995677
127	115	0.99656
127	124	1.01882
127	126	1.04998
127	139	1.01467
127	141	0.986991
127	142	1.00441
127	147	0.966392
127	148	0.992558
127	152	1.02987
127	153	1.03029
127	154	1.03111
127	158	1.00918
127	160	0.987251
127	161	0.993356
127	163	1.09685
127	166	0.982741
127	168	1.07854
127	171	1.01585
127	172	0.948714
127	173	1.01593
127	177	1.00415
127	179	1.02726
128	47	1.00788
128	65	0.933354
128	125	0.942618
128	130	0.988171
128	136	1.01797
128	139	0.953179
128	141	1.06804
128	145	0.943532
128	147	1.06592
128	148	1.01896
128	150	0.994638
128	151	0.97845
128	152	0.99814
128	153	1.00759
128	155	0.957286
128	159	0.985149
128	160	1.04187
128	162	1.00688
128	165	1.01372
128	167	0.997535
128	168	0.991033
128	170	0.987599
128	171	1.00058
128	173	1.01829
128	174	0.995604
128	175	0.990809
128	176	0.983502
128	178	1.08977
128	179	1.00883
128	180	1.00146
129	5	1.04838
129	45	1.10277
129	62	1.05574
129	65	1.06433
129	76	1.13481
129	78	1.15179
129	115	1.14644
129	126	1.03843
129	139	1.08415
129	145	1.07451
129	149	0.949275
129	150	0.942667
129	151	0.92648
129	153	0.955624
129	155	0.905316
129	158	1.09443
129	163	0.924873
129	164	0.940669
129	165	0.961751
129	167	0.945564
129	168	0.939062
129	170	0.935629
129	171	0.948613
129	173	0.966319
129	174	0.943634
129	175	0.938838
129	176	0.931531
129	178	1.0378
129	179	0.956858
129	180	0.949492
130	18	1.13625
130	42	1.01678
130	45	0.994995
130	58	1.031
130	76	0.982665
130	79	0.959376
130	95	0.948883
130	103	1.00619
130	104	1.00898
130	105	1.00755
130	110	1.07781
130	112	0.946986
130	113	0.935326
130	117	0.984763
130	125	1.03457
130	128	0.988171
130	131	1.01252
130	132	1.06758
130	136	0.98948
130	140	1.00732
130	150	1.03009
130	151	1.03191
130	154	0.993954
130	155	1.07261
130	157	1.0355
130	160	0.721724
130	164	1.0002
130	169	0.985244
130	172	1.05286
130	173	0.958847
130	174	1.00719
130	177	0.983704
131	4	0.958337
131	6	1.03021
131	7	0.967357
131	19	1.12252
131	25	0.835221
131	29	0.929276
131	44	0.897302
131	47	0.99601
131	73	0.999085
131	74	0.973641
131	76	0.994741
131	79	0.971452
131	96	1.05893
131	105	1.01963
131	107	1.00659
131	108	1.00798
131	123	1.03373
131	125	1.04664
131	130	1.01252
131	136	1.00156
131	140	1.0194
131	150	1.04865
131	157	1.04757
131	159	1.0447
131	168	1.04002
131	169	1.00381
131	170	1.02653
131	172	1.06494
131	173	0.977408
131	175	1.02535
131	178	0.862431
131	179	0.988742
132	16	0.930044
132	56	0.972351
132	71	1.08438
132	78	1.10023
132	92	1.07832
132	101	1.19376
132	118	1.06584
132	124	1.04288
132	130	1.06758
132	141	1.14745
132	149	0.963611
132	150	0.957004
132	152	0.960506
132	153	0.96996
132	155	0.919652
132	157	1.02703
132	159	0.947515
132	162	1.08629
132	163	0.939209
132	164	0.955006
132	165	0.976087
132	167	0.959901
132	168	0.953399
132	170	0.949965
132	171	0.96295
132	172	1.01255
132	173	0.980656
132	174	0.95797
132	175	0.953174
132	176	0.945868
132	179	0.971195
132	180	0.963828
133	21	1.00952
133	66	0.937002
133	86	1.08078
133	98	0.97008
133	114	1.01044
133	121	1.04692
133	126	1.06475
133	137	1.03352
133	138	0.978923
133	139	1.02943
133	143	0.984314
133	145	1.03506
133	146	0.982221
133	147	0.981159
133	148	1.00733
133	155	1.04786
133	158	1.02395
133	160	1.00202
133	161	1.00812
133	162	1.01235
133	163	1.01502
133	164	0.975446
133	165	0.942419
133	166	0.997508
133	167	0.968908
133	168	0.996708
133	169	1.013
133	173	0.934094
133	174	0.982434
133	176	0.978047
133	177	1.01891
133	179	0.945427
134	20	1.06259
134	24	1.00817
134	30	1.04642
134	38	1.00842
134	48	0.95304
134	55	1.05166
134	69	1.01182
134	73	0.990245
134	101	0.928831
134	102	1.139
134	109	1.05592
134	111	0.943781
134	118	0.984778
134	121	0.903243
134	122	1.00547
134	136	0.99633
134	145	0.921888
134	150	0.999666
134	155	0.962314
134	156	1.03343
134	157	0.925976
134	158	0.941809
134	160	1.02023
134	162	0.985236
134	165	1.01875
134	170	0.992627
134	174	1.00063
134	175	0.995837
134	176	0.98853
134	178	1.0948
134	179	1.01386
134	180	1.00649
135	34	1.03523
135	36	1.20916
135	50	0.872743
135	78	1.02271
135	82	0.658267
135	98	1.00234
135	115	1.04358
135	116	0.961039
135	120	1.08767
135	121	1.07918
135	137	1.06577
135	139	1.06169
135	142	0.921667
135	143	1.01657
135	144	1.04661
135	145	1.06731
135	146	1.01448
135	147	1.01342
135	148	1.03958
135	152	0.947128
135	155	1.04695
135	158	1.0562
135	160	1.03427
135	161	1.04038
135	162	1.0446
135	166	1.02976
135	168	0.995795
135	169	1.04525
135	171	0.933098
135	172	0.865968
135	175	0.981125
135	178	0.818203
135	180	0.955716
136	6	1.00717
136	12	1.01473
136	19	1.09948
136	29	0.906235
136	39	1.00908
136	44	0.874261
136	47	0.972969
136	73	0.976044
136	74	0.9506
136	76	0.971701
136	79	0.948411
136	96	1.03589
136	97	1.08002
136	105	0.996587
136	107	0.983549
136	108	0.984938
136	112	0.976789
136	125	1.0236
136	128	1.01797
136	130	0.98948
136	131	1.00156
136	134	0.99633
136	140	0.99636
136	142	0.977137
136	153	1.00301
136	157	1.02453
136	164	1.03
136	166	1.03805
136	167	1.02347
136	170	1.03777
136	172	1.0419
136	173	0.98865
136	176	1.0326
137	8	0.921449
137	22	0.927863
137	28	0.950397
137	63	0.947245
137	67	0.927332
137	86	1.08967
137	88	1.05628
137	99	1.07705
137	115	1.02419
137	116	0.970836
137	120	1.06827
137	133	1.03352
137	135	1.06577
137	139	1.04229
137	143	0.997171
137	144	1.05641
137	145	1.04791
137	146	0.995078
137	147	0.994017
137	148	1.02018
137	152	0.956925
137	153	0.957338
137	158	1.0368
137	160	1.01488
137	161	1.02098
137	162	1.02521
137	166	1.01037
137	168	1.00559
137	169	1.02586
137	171	0.942896
137	176	0.986932
137	177	1.03177
137	178	0.828001
137	179	0.954312
138	1	1.00216
138	6	0.986501
138	17	0.943889
138	27	0.892781
138	41	0.967781
138	49	1.03805
138	57	0.971355
138	68	0.989787
138	70	1.18513
138	80	0.945876
138	83	1.00588
138	85	1.00588
