1	14	0.977363
1	32	0.861007
1	67	0.966911
1	126	0.791508
1	129	0.931519
1	166	1.06388
1	167	1.01587
1	175	1.01644
1	176	1.05244
1	178	1.03052
1	179	1.0042
1	180	1.01421
2	21	0.883162
2	91	0.851191
2	92	0.950295
2	97	0.900939
2	118	0.917111
2	139	1.40812
2	143	0.888065
2	146	0.912757
2	152	1.14174
2	156	1.19872
2	163	0.898185
2	180	1.26657
3	8	0.824148
3	35	0.924513
3	46	0.891363
3	61	0.964799
3	83	1.35354
3	110	0.932156
3	144	0.877338
3	148	1.23919
3	151	0.872159
3	152	1.18747
3	170	1.23565
3	174	0.917057
4	46	0.992812
4	61	1.06625
4	77	1.06713
4	87	1.0279
4	109	1.03023
4	110	1.0336
4	138	0.975562
4	141	1.07364
4	147	0.998484
4	166	0.948781
4	174	1.01851
4	179	1.04125
5	10	1.03587
5	28	1.08197
5	41	1.01606
5	62	1.03894
5	68	0.995636
5	72	0.961503
5	90	1.07056
5	108	0.98047
5	145	1.02334
5	150	0.944747
5	156	1.0173
5	175	1.10218
6	15	0.98201
6	28	1.0756
6	48	1.09296
6	68	0.989263
6	72	0.95513
6	90	1.06419
6	107	0.961945
6	118	1.04198
6	150	0.948578
6	155	0.998788
6	161	1.03392
6	179	1.12589
7	55	0.983113
7	56	1.03493
7	66	1.00129
7	71	0.967144
7	85	1.02179
7	138	1.05893
7	150	0.947303
7	159	1.05973
7	166	1.03215
7	168	1.00404
7	169	1.02775
7	177	1.13038
8	3	0.824148
8	38	1.09861
8	52	0.986603
8	61	0.942372
8	77	0.943256
8	110	0.909729
8	144	0.854911
8	145	1.26683
8	151	0.849732
8	164	1.28431
8	174	0.89463
8	179	1.36555
9	109	1.07613
9	113	0.932155
9	123	1.03149
9	124	1.02902
9	129	0.998469
9	130	1.04231
9	131	1.03658
9	145	0.988431
9	159	1.04261
9	164	1.00591
9	172	1.01644
9	175	1.06727
10	5	1.03587
10	28	1.06138
10	41	0.995469
10	48	1.07875
10	72	0.940914
10	89	0.977996
10	90	1.04997
10	113	1.03797
10	152	0.961868
10	166	1.03114
10	174	1.01656
10	178	1.08212
11	60	1.12124
11	68	1.19008
11	117	1.17921
11	131	1.09291
11	148	0.936313
11	149	0.92288
11	170	0.918929
11	173	0.873208
11	175	0.887074
11	178	0.901154
11	179	0.874834
11	180	0.884845
12	58	1.21463
12	91	1.03135
12	92	1.13046
12	97	1.0811
12	143	1.06823
12	163	1.07835
12	164	0.922621
12	173	1.02828
12	177	0.752477
12	178	0.962376
12	179	1.00386
13	43	1.03464
13	45	0.993979
13	84	1.03615
13	95	0.981319
13	101	1.07367
13	128	0.974615
13	139	1.19325
13	143	1.02969
13	146	1.05439
13	158	1.0123
13	160	0.898462
13	176	0.991035
14	1	0.977363
14	43	0.981941
14	45	0.941281
14	82	0.991068
14	84	0.983455
14	94	1.01038
14	95	0.928621
14	101	1.02097
14	104	1.10223
14	135	0.948047
14	164	1.12235
14	169	1.10672
14	176	1.10601
15	6	0.98201
15	28	1.0139
15	48	1.03126
15	62	0.97086
15	68	0.92756
15	72	0.893427
15	90	1.00249
15	118	0.980273
15	141	1.16758
15	163	1.0188
15	173	1.15961
15	174	1.02815
15	180	1.09828
16	63	0.973399
16	65	0.973313
16	75	0.925796
16	79	1.03304
16	81	0.980071
16	88	0.979949
16	135	0.951432
16	160	1.03983
16	163	1.11359
16	164	1.14874
16	165	0.988805
16	177	0.978601
16	178	1.1885
17	36	0.966687
17	59	1.01421
17	60	0.996706
17	67	0.951024
17	74	1.01101
17	78	1.01325
17	80	0.973403
17	89	1.08276
17	105	1.05711
17	108	1.08678
17	122	0.874755
17	161	1.1364
17	168	1.10779
18	33	0.932153
18	62	0.956854
18	111	1.03891
18	116	1.0587
18	130	0.946767
18	149	0.996019
18	154	0.959671
18	166	1.00765
18	175	0.960213
18	176	0.996212
18	178	0.974293
18	179	0.947973
18	180	0.957984
19	76	1.14854
19	96	1.1294
19	106	1.13514
19	113	0.897929
19	115	1.07492
19	116	1.07525
19	128	0.938924
19	138	0.987235
19	142	1.13853
19	147	1.10535
19	161	0.960951
19	170	0.93936
19	177	0.801543
20	51	0.894107
20	106	0.982178
20	121	0.968029
20	125	0.947876
20	132	0.966317
20	136	0.991382
20	137	0.969811
20	139	1.25614
20	142	0.985566
20	165	1.02707
20	167	1.14126
20	172	0.987985
20	179	1.1515
21	2	0.883162
21	26	0.926874
21	44	0.984009
21	91	0.940369
21	92	1.03947
21	97	0.990116
21	143	0.977243
21	146	1.00193
21	160	1.05248
21	163	0.987363
21	165	1.1182
21	175	1.22275
21	176	1.14505
22	34	1.05396
22	57	0.94228
22	67	1.06004
22	106	1.00112
22	119	0.882055
22	122	0.911632
22	167	0.97113
22	171	1.01956
22	175	0.971698
22	176	1.0077
22	178	0.985778
22	179	0.959459
22	180	0.969469
23	73	1.01927
23	82	0.976689
23	84	0.969076
23	94	0.996004
23	95	0.914241
23	101	1.00659
23	135	0.933667
23	146	0.987308
23	157	1.06409
23	171	1.05814
23	174	1.05733
23	178	1.12289
23	179	1.16437
24	73	1.02238
24	82	0.979801
24	84	0.972188
24	94	0.999116
24	95	0.917353
24	101	1.00971
24	103	1.09998
24	135	0.936779
24	143	0.965729
24	163	1.07272
24	173	1.21353
24	177	0.937731
24	178	1.14763
25	36	1.11767
25	42	1.10404
25	67	1.102
25	74	1.16199
25	78	1.16423
25	80	1.12438
25	122	1.02574
25	127	1.0646
25	138	0.874937
25	156	0.835865
25	157	0.840341
25	178	0.899144
25	180	0.903716
26	21	0.926874
26	45	0.874914
26	101	0.814944
26	117	0.800265
26	124	0.781551
26	153	1.11427
26	166	1.14767
26	172	0.733907
26	175	1.10023
26	176	1.13623
26	178	1.11431
26	179	1.08799
26	180	1.098
27	36	1.03517
27	42	1.02154
27	60	1.06519
27	67	1.01951
27	74	1.07949
27	78	1.08173
27	80	1.04189
27	117	1.05755
27	133	1.05648
27	149	0.968061
27	155	0.902453
27	169	0.932692
27	173	1.05398
27	175	1.00968
28	5	1.08197
28	6	1.0756
28	10	1.06138
28	15	1.0139
28	62	1.06445
28	68	1.02115
28	72	0.987015
28	90	1.09607
28	151	1.05352
28	162	0.996291
28	164	0.957893
28	169	0.942267
28	171	0.932896
28	179	1.03913
29	30	1.00194
29	33	0.990956
29	34	0.858044
29	55	0.89106
29	56	0.942882
29	66	0.909233
29	71	0.875092
29	85	0.929736
29	155	1.15465
29	159	0.967679
29	169	1.18489
29	177	1.03833
29	179	1.28175
29	180	1.24484
30	29	1.00194
30	63	0.888503
30	70	0.822171
30	85	0.86732
30	97	0.874887
30	121	0.874161
30	141	1.00902
30	167	1.028
30	175	1.02857
30	176	1.06456
30	177	1.1816
30	178	1.04265
30	179	1.01633
30	180	1.02634
31	50	0.881697
31	111	0.896938
31	120	0.911413
31	123	0.953001
31	124	0.950529
31	127	0.948839
31	130	0.963822
31	131	0.958096
31	155	1.15995
31	168	1.16648
31	169	1.19019
31	170	1.17349
31	171	1.18082
31	172	0.937949
32	1	0.861007
32	34	0.981523
32	55	1.01454
32	56	1.06636
32	66	1.03271
32	71	0.998571
32	85	1.05322
32	150	0.909917
32	155	0.960127
32	156	0.982469
32	159	1.09116
32	175	1.06735
32	177	1.16181
32	179	1.08723
33	18	0.932153
33	29	0.990956
33	34	0.984674
33	37	0.9566
33	56	1.06951
33	66	1.03586
33	71	1.00172
33	85	1.05637
33	104	0.984544
33	159	1.09431
33	160	0.895743
33	177	1.16496
33	178	1.04441
33	180	1.04899
34	22	1.05396
34	29	0.858044
34	32	0.981523
34	33	0.984674
34	55	0.884779
34	66	0.902951
34	71	0.86881
34	85	0.923454
34	122	1.31716
34	153	1.14899
34	154	1.2039
34	159	0.961397
34	176	1.08948
34	177	1.03205
35	3	0.924513
35	39	1.00877
35	52	1.08697
35	77	1.04362
35	83	1.1627
35	87	1.00439
35	104	1.05702
35	105	0.987113
35	110	1.01009
35	140	1.08951
35	144	0.955275
35	147	0.974972
35	174	0.994994
35	177	0.906987
35	180	1.12146
36	17	0.966687
36	25	1.11767
36	27	1.03517
36	59	1.01753
36	60	1.00003
36	78	1.01657
36	80	0.976723
36	89	0.992641
36	107	0.974306
36	117	0.992389
36	122	0.878075
36	133	1.16518
36	157	1.03797
36	171	1.03202
36	175	1.11837
37	33	0.9566
37	44	0.986046
37	59	0.963084
37	78	0.994813
37	92	0.912976
37	145	1.01685
37	150	1.07122
37	172	0.920372
37	173	0.964507
37	174	1.01901
37	175	0.978374
37	176	1.01437
37	178	0.992454
37	179	0.966134
37	180	0.976144
38	8	1.09861
38	75	0.984238
38	103	1.00456
38	115	0.948899
38	125	0.938138
38	143	0.901558
38	147	0.856035
38	150	1.0698
38	162	0.99948
38	168	1.01954
38	173	0.963085
38	176	1.01295
38	178	0.991031
38	179	0.964711
38	180	0.974722
39	35	1.00877
39	46	0.975617
39	52	1.09328
39	86	1.01562
39	87	1.0107
39	110	1.01641
39	144	0.961593
39	147	0.98129
39	151	0.956413
39	152	1.00739
39	161	1.07716
39	167	1.15888
39	174	1.00131
39	175	1.14925
39	177	0.917747
40	63	0.986547
40	64	1.09471
40	65	0.986461
40	75	0.938944
40	79	1.04618
40	81	0.993219
40	88	0.993098
40	100	1.08825
40	104	0.984522
40	109	1.07486
40	135	0.96458
40	162	1.04303
40	165	1.00195
40	178	1.04439
40	179	1.08587
41	5	1.01606
41	10	0.995469
41	48	1.05893
41	62	0.998535
41	68	0.955234
41	72	0.921101
41	90	1.03016
41	103	1.05057
41	113	1.01816
41	118	1.00795
41	152	0.977964
41	167	1.12946
41	169	1.04284
41	170	1.02614
41	178	1.09822
42	25	1.10404
42	27	1.02154
42	59	1.0039
42	60	0.986397
42	67	0.940715
42	74	1.0007
42	78	1.00294
42	80	0.963093
42	107	1.0351
42	117	0.978759
42	152	1.03731
42	157	1.09876
42	169	1.10218
42	176	1.10147
42	177	0.947666
43	13	1.03464
43	14	0.981941
43	82	1.00116
43	84	0.993549
43	89	1.00299
43	94	1.02048
43	95	0.938714
43	101	1.03107
43	143	0.98709
43	146	1.01178
43	151	1.163
43	155	1.0215
43	169	1.05174
43	171	1.04237
43	174	1.04156
44	21	0.984009
44	37	0.986046
44	91	0.952039
44	92	1.05114
44	97	1.00179
44	105	1.00956
44	107	0.951395
44	117	1.00523
44	143	0.988913
44	146	1.0136
44	149	1.05385
44	151	1.12974
44	163	0.999032
44	173	1.13976
44	174	1.0083
45	13	0.993979
45	14	0.941281
45	26	0.874914
45	73	1.00308
45	82	0.960502
45	94	0.979818
45	95	0.898055
45	101	0.990408
45	108	1.04908
45	122	1.32078
45	135	0.917481
45	140	1.12182
45	143	0.946431
45	146	0.971122
45	153	1.15261
45	178	1.14919
46	3	0.891363
46	4	0.992812
46	39	0.975617
46	47	0.967329
46	61	1.00959
46	87	0.971237
46	110	0.976943
46	147	0.941822
46	151	0.916946
46	152	1.08279
46	156	1.13977
46	161	1.15255
46	165	1.1201
46	167	1.23428
46	174	0.961844
46	177	0.993146
47	46	0.967329
47	51	0.833003
47	71	0.942184
47	83	1.09473
47	85	0.996828
47	87	1.00242
47	110	1.00812
47	122	1.2205
47	151	0.948125
47	158	1.01408
47	159	1.03477
47	174	0.993024
47	175	1.07052
47	177	1.10542
47	179	1.09039
48	6	1.09296
48	10	1.07875
48	15	1.03126
48	41	1.05893
48	62	1.08181
48	68	1.03851
48	72	1.00438
48	90	1.11344
48	113	1.10144
48	148	0.927525
48	154	1.05439
48	161	0.945574
48	169	0.940683
48	174	0.930504
48	176	0.939967
48	179	1.03754
49	50	1.08867
49	77	0.968009
49	92	0.932492
49	109	0.940043
49	112	1.04558
49	114	0.989601
49	129	1.04796
49	138	0.986008
49	148	0.986518
49	149	0.973085
49	158	0.9635
49	167	0.93671
49	171	0.98514
49	176	0.973278
49	179	0.925039
49	180	0.935049
50	31	0.881697
50	49	1.08867
50	53	1.02627
50	99	0.929858
50	103	1.10932
50	120	0.935897
50	123	0.977485
50	127	0.973323
50	129	0.944465
50	130	0.988306
50	131	0.982579
50	144	1.17639
50	148	1.08843
50	158	1.12213
50	170	1.08489
50	172	0.962433
51	20	0.894107
51	47	0.833003
51	77	0.820395
51	91	0.916379
51	106	0.876813
51	118	0.877016
51	132	0.908643
51	148	1.08759
51	156	1.07971
51	158	1.06457
51	161	1.08245
51	168	1.08094
51	170	1.0702
51	176	1.07435
51	179	1.02611
51	180	1.03612
52	8	0.986603
52	35	1.08697
52	39	1.09328
52	77	1.12814
52	83	1.07752
52	104	0.971839
52	110	1.09461
52	144	1.03979
52	147	1.05949
52	149	1.0117
52	151	1.03461
52	152	0.911452
52	153	1.03513
52	155	0.946087
52	174	1.07951
52	177	0.82181
53	50	1.02627
53	99	1.04995
53	102	1.08749
53	111	1.04152
53	120	1.05599
53	127	1.09342
53	129	1.06456
53	131	1.10267
53	138	1.01122
53	148	0.966889
53	167	1.06667
53	168	0.956337
53	171	0.970676
53	172	1.08253
53	176	0.979332
53	177	0.825531
54	100	1.18623
54	106	0.978036
54	115	0.917818
54	116	0.91814
54	121	0.963887
54	125	0.943734
54	132	0.962175
54	136	0.98724
54	137	0.965669
54	142	0.981424
54	161	1.09188
54	170	1.07029
54	172	0.983843
54	176	1.08628
54	178	1.14237
54	180	1.14694
55	7	0.983113
55	29	0.89106
55	32	1.01454
55	34	0.884779
55	56	0.969616
55	66	0.935968
55	71	0.901827
55	85	0.956471
55	140	1.1746
55	150	1.06614
55	159	0.994414
55	160	1.0533
55	164	1.16221
55	168	1.12288
55	176	1.14587
55	177	1.06507
56	7	1.03493
56	29	0.942882
56	32	1.06636
56	33	1.06951
56	55	0.969616
56	66	0.987789
56	71	0.953648
56	85	1.00829
56	105	0.942529
56	139	1.21842
56	141	1.14617
56	150	0.93647
56	159	1.04624
56	160	0.923631
56	163	0.997391
56	176	1.0162
56	177	1.11689
57	22	0.94228
57	96	1.01943
57	100	1.07775
57	115	0.964956
57	125	0.990871
57	126	1.11333
57	132	1.00931
57	136	1.03438
57	137	1.01281
57	142	1.02856
57	147	0.995385
57	156	0.97061
57	162	1.03253
57	163	0.958978
57	167	1.06513
57	172	1.03098
57	179	1.07537
58	12	1.21463
58	75	1.07396
58	81	1.12824
58	86	0.852766
58	88	1.12812
58	91	1.09167
58	97	1.14142
58	146	1.15324
58	155	0.879167
58	160	0.816117
58	161	0.914298
58	163	1.13867
58	165	1.13697
58	169	0.909407
58	175	0.986389
58	176	0.908691
58	178	0.964789
59	17	1.01421
59	36	1.01753
59	37	0.963084
59	42	1.0039
59	60	1.04755
59	67	1.00187
59	74	1.06185
59	78	1.06409
59	80	1.02425
59	100	1.09476
59	104	0.991028
59	117	1.03992
59	122	0.925602
59	148	0.982358
59	149	1.03088
59	171	0.986145
59	175	1.0725
60	11	1.12124
60	17	0.996706
60	27	1.06519
60	36	1.00003
60	42	0.986397
60	59	1.04755
60	67	0.984363
60	74	1.04435
60	78	1.04659
60	80	1.00674
60	104	0.956709
60	117	1.02241
60	161	0.966088
60	163	0.941668
60	173	1.08248
60	175	1.03818
60	178	1.01658
61	3	0.964799
61	4	1.06625
61	8	0.942372
61	46	1.00959
61	77	1.08391
61	87	1.04467
61	110	1.05038
61	113	0.970037
61	147	1.01526
61	151	0.990382
61	163	1.00864
61	167	1.11479
61	171	1.0188
61	174	1.03528
61	175	1.10515
61	177	0.873651
61	180	1.08812
62	5	1.03894
62	15	0.97086
62	18	0.956854
62	28	1.06445
62	41	0.998535
62	48	1.08181
62	68	0.978113
62	72	0.94398
62	90	1.05304
62	113	1.04104
62	118	1.03083
62	149	1.0491
62	164	1.02936
62	170	0.997033
62	174	1.00355
62	176	1.01302
62	180	1.07369
63	16	0.973399
63	30	0.888503
63	40	0.986547
63	64	1.07635
63	65	0.968096
63	75	0.920578
63	79	1.02782
63	81	0.974853
63	88	0.974732
63	112	0.976367
63	135	0.946214
63	138	1.10262
63	140	1.09946
63	160	0.978157
63	165	0.983588
63	167	1.15807
63	178	1.12683
63	179	1.16831
64	40	1.09471
64	63	1.07635
64	65	1.07626
64	75	1.02875
64	79	1.13598
64	81	1.08302
64	83	1.02344
64	88	1.0829
64	108	0.877515
64	112	1.08453
64	122	1.14921
64	135	1.05438
64	138	0.953418
64	140	0.950252
64	165	1.09175
64	166	0.926637
64	177	0.767725
64	180	0.982196
65	16	0.973313
65	40	0.986461
65	63	0.968096
65	64	1.07626
65	75	0.920493
65	79	1.02773
65	81	0.974768
65	88	0.974646
65	112	0.976282
65	135	0.946129
65	148	1.0597
65	150	0.992407
65	165	0.983502
65	171	1.06349
65	173	1.19414
65	174	1.06268
65	176	1.07214
65	180	1.13281
66	7	1.00129
66	29	0.909233
66	32	1.03271
66	33	1.03586
66	34	0.902951
66	55	0.935968
66	56	0.987789
66	71	0.92
66	85	0.974644
66	107	1.02915
66	128	1.0791
66	149	1.1316
66	159	1.01259
66	160	1.00294
66	162	1.15026
66	169	1.09623
66	174	1.08606
66	177	1.08324
67	1	0.966911
67	17	0.951024
67	22	1.06004
67	25	1.102
67	27	1.01951
67	42	0.940715
67	59	1.00187
67	60	0.984363
67	74	0.998664
67	78	1.0009
67	80	0.96106
67	109	1.18212
67	117	0.976726
67	122	0.862412
67	157	1.09285
67	168	1.07256
67	177	0.941753
67	178	1.15165
68	5	0.995636
68	6	0.989263
68	11	1.19008
68	15	0.92756
68	28	1.02115
68	41	0.955234
68	48	1.03851
68	62	0.978113
68	72	0.90068
68	90	1.00974
68	108	0.985305
68	113	0.997737
68	118	0.987525
68	151	1.14129
68	164	1.04566
68	166	1.03443
68	174	1.01985
68	175	1.10701
69	83	1.16163
69	99	0.951714
69	102	0.989257
69	111	0.943277
69	120	0.957752
69	123	0.99934
69	124	0.996868
69	127	0.995178
69	129	0.966321
69	130	1.01016
69	139	1.26193
69	159	1.01046
69	163	1.0409
69	168	1.03672
69	171	1.05106
69	172	0.984288
69	177	0.905916
69	180	1.12039
70	30	0.822171
70	98	1.03261
70	102	1.0418
70	111	0.99582
70	120	1.01029
70	123	1.05188
70	124	1.04941
70	127	1.04772
70	128	0.987978
70	129	1.01886
70	130	1.0627
70	131	1.05698
70	153	1.06392
70	162	1.05914
70	165	0.977548
70	172	1.03683
70	174	0.994935
70	176	1.0044
70	180	1.06507
71	7	0.967144
71	29	0.875092
71	32	0.998571
71	33	1.00172
71	34	0.86881
71	47	0.942184
71	55	0.901827
71	56	0.953648
71	66	0.92
71	85	0.940502
71	108	1.08901
71	145	1.13188
71	157	1.13032
71	159	0.978446
71	162	1.18776
71	170	1.11704
71	171	1.12437
71	177	1.0491
71	180	1.19369
72	5	0.961503
72	6	0.95513
72	10	0.940914
72	15	0.893427
72	28	0.987015
72	41	0.921101
72	48	1.00438
72	62	0.94398
72	68	0.90068
72	90	0.975605
72	113	0.963604
72	118	0.953393
72	148	1.0573
72	157	1.06703
72	162	1.12448
72	165	1.04289
72	172	1.26107
72	175	1.14744
72	179	1.16732
73	23	1.01927
73	24	1.02238
73	45	1.00308
73	82	1.05287
73	84	1.04526
73	89	0.945774
73	94	1.07219
73	95	0.990424
73	101	1.08278
73	135	1.00985
73	138	1.0257
73	143	1.0388
73	146	1.06349
73	148	0.981363
73	158	1.01507
73	162	1.04854
73	170	0.977821
73	174	0.984342
73	178	1.0499
74	17	1.01101
74	25	1.16199
74	27	1.07949
74	42	1.0007
74	59	1.06185
74	60	1.04435
74	67	0.998664
74	78	1.06089
74	80	1.02104
74	117	1.03671
74	122	0.922394
74	151	1.06146
74	157	0.946784
74	166	0.9546
74	167	1.03683
74	168	0.926495
74	173	1.07149
74	175	1.02719
74	178	1.00559
75	16	0.925796
75	38	0.984238
75	40	0.938944
75	58	1.07396
75	63	0.920578
75	64	1.02875
75	65	0.920493
75	79	0.980214
75	81	0.92725
75	86	1.09767
75	88	0.927129
75	103	1.16205
75	112	0.928764
75	135	0.898611
75	160	1.06102
75	165	0.935985
75	176	1.1536
75	179	1.25118
75	180	1.21427
76	19	1.14854
76	96	1.01473
76	116	0.960577
76	119	1.07062
76	121	1.00632
76	126	1.10863
76	132	1.00461
76	136	1.02968
76	137	1.00811
76	139	1.12625
76	142	1.02386
76	154	1.03845
76	157	0.921328
76	164	0.940376
76	167	1.01137
76	172	1.02628
76	173	1.04604
76	176	0.924033
76	179	1.02161
77	4	1.06713
77	8	0.943256
77	35	1.04362
77	49	0.968009
77	51	0.820395
77	52	1.12814
77	61	1.08391
77	87	1.04556
77	110	1.05126
77	133	1.10471
77	144	0.996446
77	147	1.01614
77	151	0.991267
77	166	0.98532
77	167	1.06754
77	168	0.957214
77	170	0.964225
77	174	1.03616
77	175	1.05791
78	17	1.01325
78	25	1.16423
78	27	1.08173
78	36	1.01657
78	37	0.994813
78	42	1.00294
78	59	1.06409
78	60	1.04659
78	67	1.0009
78	74	1.06089
78	80	1.02328
78	86	0.970604
78	122	0.924634
78	150	0.946795
78	153	1.08605
78	165	0.999679
78	168	1.00353
78	175	1.10423
78	177	0.872728
79	16	1.03304
79	40	1.04618
79	63	1.02782
79	64	1.13598
79	65	1.02773
79	75	0.980214
79	81	1.03449
79	88	1.03437
79	112	1.036
79	135	1.00585
79	148	0.980517
79	150	0.913226
79	151	1.10493
79	153	1.05248
79	158	1.01422
79	163	0.974147
79	165	1.04322
79	166	0.998071
79	169	0.993675
80	17	0.973403
80	25	1.12438
80	27	1.04189
80	36	0.976723
80	42	0.963093
80	59	1.02425
80	60	1.00674
80	67	0.96106
80	74	1.02104
80	78	1.02328
80	117	0.999105
80	122	0.884791
80	145	1.01539
80	151	1.1285
80	154	1.13095
80	157	1.01382
80	161	1.02213
80	166	1.02164
80	167	1.10386
80	168	0.993533
81	16	0.980071
81	40	0.993219
81	58	1.12824
81	63	0.974853
81	64	1.08302
81	65	0.974768
81	75	0.92725
81	79	1.03449
81	88	0.981404
81	112	0.983039
81	135	0.952886
81	139	1.21275
81	149	1.04661
81	155	0.981005
81	157	1.00782
81	164	1.02687
81	165	0.99026
81	169	1.01124
81	173	1.13253
81	176	1.01053
82	14	0.991068
82	23	0.976689
82	24	0.979801
82	43	1.00116
82	45	0.960502
82	73	1.05287
82	84	1.00268
82	94	1.02961
82	95	0.947842
82	101	1.0402
82	109	1.15916
82	143	0.996218
82	146	1.02091
82	152	1.00844
82	161	1.07821
82	163	1.05379
82	166	1.07771
82	171	1.06394
82	176	1.0726
82	177	0.918798
83	3	1.35354
83	35	1.1627
83	47	1.09473
83	52	1.07752
83	64	1.02344
83	69	1.16163
83	136	1.07153
83	141	0.879362
83	151	0.894645
83	155	0.965286
83	158	0.925133
83	162	0.92144
83	171	0.946772
83	173	0.885045
83	175	0.898911
83	176	0.934911
83	177	1.05194
83	178	0.912991
83	179	0.886672
83	180	0.896682
84	13	1.03615
84	14	0.983455
84	23	0.969076
84	24	0.972188
84	43	0.993549
84	73	1.04526
84	82	1.00268
84	86	1.0281
84	94	1.02199
84	95	0.940229
84	101	1.03258
84	109	1.17059
84	113	1.02661
84	143	0.988605
84	145	1.08289
84	146	1.0133
84	160	0.991453
84	165	1.05718
84	177	0.930226
84	180	1.1447
85	7	1.02179
85	29	0.929736
85	30	0.86732
85	32	1.05322
85	33	1.05637
85	34	0.923454
85	47	0.996828
85	55	0.956471
85	56	1.00829
85	66	0.974644
85	71	0.940502
85	103	1.05799
85	133	1.17405
85	140	1.07827
85	144	1.12507
85	155	1.02002
85	159	1.03309
85	165	1.0227
85	170	1.03356
85	177	1.10374
86	39	1.01562
86	58	0.852766
86	75	1.09767
86	78	0.970604
86	84	1.0281
86	97	1.00119
86	123	0.923283
86	128	1.03424
86	146	0.946824
86	162	1.00157
86	164	1.01442
86	168	1.02163
86	170	1.0109
86	173	0.965179
86	174	1.01968
86	175	0.979045
86	176	1.01504
86	178	0.993125
86	179	0.966805
86	180	0.976816
87	4	1.0279
87	35	1.00439
87	39	1.0107
87	46	0.971237
87	47	1.00242
87	61	1.04467
87	77	1.04556
87	105	0.95599
87	110	1.01203
87	138	1.06156
87	144	0.957213
87	147	0.97691
87	151	0.952033
87	162	1.08441
87	164	1.04601
87	166	1.03478
87	174	0.996932
87	176	1.02967
87	179	1.12724
87	180	1.09034
88	16	0.979949
88	40	0.993098
88	58	1.12812
88	63	0.974732
88	64	1.0829
88	65	0.974646
88	75	0.927129
88	79	1.03437
88	81	0.981404
88	100	1.12611
88	112	0.982918
88	135	0.952765
88	138	1.05805
88	155	0.996634
88	161	1.03177
88	165	0.990139
88	170	1.01017
88	171	1.0175
88	175	1.10386
88	180	1.08683
89	10	0.977996
89	17	1.08276
89	36	0.992641
89	43	1.00299
89	73	0.945774
89	97	1.00908
89	127	0.93428
89	128	1.02298
89	148	1.01702
89	155	1.03415
89	157	1.02232
89	165	1.01414
89	166	1.01522
89	171	1.01564
89	172	0.904057
89	173	0.953913
89	176	1.00378
89	178	0.981859
89	179	0.955539
89	180	0.96555
90	5	1.07056
90	6	1.06419
90	10	1.04997
90	15	1.00249
90	28	1.09607
90	41	1.03016
90	48	1.11344
90	62	1.05304
90	68	1.00974
90	72	0.975605
90	104	0.988787
90	108	0.948547
90	113	1.07266
90	118	1.06245
90	157	0.989853
90	160	0.899985
90	161	0.998166
90	164	1.0089
90	171	0.983903
90	175	1.07026
90	176	0.992559
91	2	0.851191
91	12	1.03135
91	21	0.940369
91	44	0.952039
91	51	0.916379
91	58	1.09167
91	92	1.0075
91	97	0.958146
91	105	0.965918
91	117	0.961585
91	118	0.974318
91	143	0.945272
91	144	1.15172
91	146	0.969964
91	163	0.955392
91	166	1.0813
91	168	1.0532
91	173	1.19819
91	174	1.06673
91	179	1.17377
91	180	1.13686
92	2	0.950295
92	12	1.13046
92	21	1.03947
92	37	0.912976
92	44	1.05114
92	49	0.932492
92	91	1.0075
92	97	1.05725
92	105	1.06502
92	113	0.887277
92	117	1.06069
92	118	1.07342
92	138	0.976584
92	143	1.04438
92	146	1.06907
92	151	1.05667
92	162	0.999432
92	163	1.0545
92	173	1.06669
92	176	0.944692
92	178	1.00079
93	114	0.989049
93	115	0.9135
93	116	0.913822
93	119	1.02386
93	121	0.959569
93	125	0.939416
93	126	1.06188
93	132	0.957857
93	134	1.22455
93	136	0.982922
93	137	0.961351
93	142	0.977106
93	147	0.943929
93	156	1.07165
93	157	1.07612
93	163	1.06002
93	168	1.05583
93	170	1.06284
93	172	0.979524
93	173	1.20083
93	176	1.07883
94	14	1.01038
94	23	0.996004
94	24	0.999116
94	43	1.02048
94	45	0.979818
94	73	1.07219
94	82	1.02961
94	84	1.02199
94	95	0.967158
94	101	1.05951
94	135	0.986584
94	143	1.01553
94	144	1.08615
94	146	1.04023
94	148	0.998181
94	153	1.07014
94	158	1.03189
94	164	1.02697
94	168	0.987629
94	174	1.00116
94	176	1.01062
94	180	1.07129
95	13	0.981319
95	14	0.928621
95	23	0.914241
95	24	0.917353
95	43	0.938714
95	45	0.898055
95	73	0.990424
95	82	0.947842
95	84	0.940229
95	94	0.967158
95	101	0.977748
95	107	1.07317
95	135	0.904821
95	143	0.933771
95	146	0.958462
95	156	1.13236
95	163	1.12073
95	165	1.11269
95	168	1.11655
95	173	1.26154
95	175	1.21724
95	178	1.19564
96	19	1.1294
96	57	1.01943
96	76	1.01473
96	114	1.01666
96	115	0.941107
96	119	1.05147
96	121	0.987176
96	125	0.967023
96	126	1.08949
96	132	0.985464
96	137	0.988958
96	139	1.1774
96	141	1.10515
96	142	1.00471
96	153	1.0347
96	161	0.98079
96	162	1.02992
96	165	0.948333
96	166	0.980294
96	172	1.00713
96	175	1.05288
96	176	0.975183
97	2	0.900939
97	12	1.0811
97	21	0.990116
97	30	0.874887
97	44	1.00179
97	58	1.14142
97	86	1.00119
97	89	1.00908
97	91	0.958146
97	92	1.05725
97	105	1.01567
97	117	1.01133
97	118	1.02407
97	143	0.99502
97	146	1.01971
97	148	1.04467
97	158	1.07838
97	163	1.00514
97	165	1.03026
97	166	1.06223
97	177	0.903314
97	180	1.11778
98	70	1.03261
98	99	0.981886
98	102	1.01943
98	105	0.930452
98	109	1.09069
98	111	0.97345
98	120	0.987925
98	123	1.02951
98	124	1.02704
98	127	1.02535
98	129	0.996493
98	130	1.04033
98	131	1.03461
98	154	1.11855
98	157	1.00142
98	158	1.02539
98	159	1.04063
98	160	0.911554
98	164	1.02047
98	172	1.01446
98	175	1.08183
98	179	1.1017
99	50	0.929858
99	53	1.04995
99	69	0.951714
99	98	0.981886
99	111	0.945099
99	120	0.959574
99	122	1.27711
99	123	1.00116
99	124	0.99869
99	127	0.997
99	129	0.968143
99	130	1.01198
99	131	1.00626
99	145	1.04829
99	148	1.03699
99	159	1.01228
99	162	1.10417
99	166	1.05454
99	172	0.98611
99	176	1.04943
99	177	0.895627
99	178	1.10553
99	180	1.1101
100	40	1.08825
100	54	1.18623
100	57	1.07775
100	59	1.09476
100	88	1.12611
100	107	0.96567
100	111	1.19503
100	124	1.09969
100	132	1.16841
100	144	0.896823
100	153	0.909948
100	154	0.895368
100	158	0.922131
100	161	0.940008
100	165	0.942269
100	169	0.945544
100	170	0.927765
100	171	0.943771
100	175	0.89591
100	176	0.931909
100	178	0.90999
100	179	0.88367
100	180	0.89368
101	13	1.07367
101	14	1.02097
101	23	1.00659
101	24	1.00971
101	26	0.814944
101	43	1.03107
101	45	0.990408
101	73	1.08278
101	82	1.0402
101	84	1.03258
101	94	1.05951
101	95	0.977748
101	108	0.989113
101	135	0.997174
101	141	1.16309
101	143	1.02612
101	146	1.05082
101	161	1.03873
101	168	1.01013
101	169	1.03384
101	171	1.02447
101	174	1.02366
101	175	1.11082
101	177	0.879324
102	53	1.08749
102	69	0.989257
102	70	1.0418
102	98	1.01943
102	104	0.984508
102	111	0.982642
102	120	0.997117
102	123	1.03871
102	124	1.03623
102	127	1.03454
102	128	0.97186
102	129	1.00569
102	130	1.04953
102	131	1.0438
102	133	1.11279
102	149	1.02436
102	153	1.0478
102	154	1.1027
102	159	1.04983
102	168	0.965285
102	172	1.02365
102	177	0.834479
102	178	1.04438
102	180	1.04895
103	24	1.09998
103	38	1.00456
103	41	1.05057
103	50	1.10932
103	75	1.16205
103	85	1.05799
103	123	0.987655
103	131	0.940594
103	133	0.931235
103	137	1.037
103	138	0.982617
103	154	0.933346
103	159	0.942491
103	162	0.956416
103	164	0.969262
103	165	0.980247
103	166	0.981327
103	168	0.976476
103	169	0.983522
103	175	0.933887
103	176	0.969887
103	178	0.947967
103	179	0.921648
103	180	0.931658
104	14	1.10223
104	33	0.984544
104	35	1.05702
104	40	0.984522
104	52	0.971839
104	59	0.991028
104	60	0.956709
104	90	0.988787
104	102	0.984508
104	115	0.954575
104	121	1.00064
104	126	1.10295
104	136	1.024
104	137	1.00243
104	142	1.01818
104	152	1.0127
104	157	1.01893
104	159	0.930272
104	169	1.01403
104	172	1.0206
104	173	0.950529
104	175	0.964395
104	176	1.00039
104	179	0.952155
104	180	0.962165
105	17	1.05711
105	35	0.987113
105	44	1.00956
105	56	0.942529
105	87	0.95599
105	91	0.965918
105	92	1.06502
105	97	1.01567
105	98	0.930452
105	108	1.01889
105	111	1.0214
105	115	1.04458
105	136	0.895947
105	137	0.954877
105	142	0.93709
105	143	1.00279
105	146	1.02748
105	163	1.01291
105	166	1.0123
105	170	0.996712
105	171	1.01272
105	175	0.964857
105	178	0.978937
105	179	0.952617
105	180	0.962627
106	19	1.13514
106	20	0.982178
106	22	1.00112
106	51	0.876813
106	54	0.978036
106	109	0.959438
106	114	1.0224
106	115	0.946854
106	116	0.947176
106	119	1.05722
106	125	0.972769
106	132	0.991211
106	134	1.18235
106	136	1.01628
106	137	0.994705
106	142	1.01046
106	144	1.11215
106	147	0.977283
106	148	1.02418
106	162	1.09137
106	167	1.12396
106	170	1.02064
106	172	1.01288
106	175	1.11433
106	177	0.882826
107	6	0.961945
107	36	0.974306
107	42	1.0351
107	44	0.951395
107	66	1.02915
107	95	1.07317
107	100	0.96567
107	115	1.05189
107	121	0.990022
107	126	0.853784
107	139	0.923281
107	159	0.867677
107	160	1.06658
107	161	1.02013
107	162	0.998564
107	164	1.01141
107	167	0.975467
107	168	1.01862
107	169	1.02567
107	173	0.962169
107	175	0.976035
107	177	1.12907
107	178	0.990115
107	179	0.963796
107	180	0.973806
108	5	0.98047
108	17	1.08678
108	45	1.04908
108	64	0.877515
108	68	0.985305
108	71	1.08901
108	90	0.948547
108	101	0.989113
108	105	1.01889
108	147	0.981385
108	152	1.00861
108	156	1.00167
108	160	1.05086
108	161	1.00441
108	166	1.00775
108	168	1.0029
108	171	1.00817
108	172	0.908077
108	173	0.946444
108	175	0.96031
108	176	0.99631
108	177	1.11334
108	178	0.97439
108	179	0.948071
108	180	0.958081
109	4	1.03023
109	9	1.07613
109	40	1.07486
109	49	0.940043
109	67	1.18212
109	82	1.15916
109	84	1.17059
109	98	1.09069
109	106	0.959438
109	114	0.974769
109	116	0.899542
109	119	1.00959
109	125	0.925136
109	130	1.08949
109	131	1.01871
109	132	0.943577
109	134	0.897171
109	142	0.962826
109	163	0.957095
109	168	0.951629
109	175	0.90904
109	176	0.945039
109	178	0.92312
109	179	0.8968
109	180	0.90681
110	3	0.932156
110	4	1.0336
110	8	0.909729
110	35	1.01009
110	39	1.01641
110	46	0.976943
110	47	1.00812
110	52	1.09461
110	61	1.05038
110	77	1.05126
110	87	1.01203
110	128	1.00665
110	141	1.15304
110	144	0.962919
110	147	0.982615
110	151	0.957739
110	153	1.08258
110	155	0.993542
110	158	1.04433
110	162	1.07781
110	165	0.996215
110	168	1.00007
110	174	1.00264
110	175	1.10076
110	180	1.08374
111	18	1.03891
111	31	0.896938
111	53	1.04152
111	69	0.943277
111	70	0.99582
111	98	0.97345
111	99	0.945099
111	100	1.19503
111	102	0.982642
111	105	1.0214
111	112	0.960608
111	120	0.951138
111	123	0.992726
111	124	0.990254
111	127	0.988564
111	128	1.07865
111	129	0.959706
111	130	1.00355
111	131	0.99782
111	149	1.13116
111	152	1.03091
111	156	1.08789
111	170	1.07909
111	172	0.977674
111	175	1.17277
111	177	0.94127
112	49	1.04558
112	63	0.976367
112	64	1.08453
112	65	0.976282
112	75	0.928764
112	79	1.036
112	81	0.983039
112	88	0.982918
112	111	0.960608
112	124	1.0142
112	129	0.983652
112	130	1.02749
112	131	1.02177
112	144	1.13331
112	152	0.993623
112	153	1.1173
112	155	1.02826
112	159	1.02779
112	160	0.965208
112	165	0.991774
112	166	1.06289
112	170	1.0418
112	171	1.04913
112	172	1.00162
112	174	1.04832
113	9	0.932155
113	10	1.03797
113	19	0.897929
113	41	1.01816
113	48	1.10144
113	61	0.970037
113	62	1.04104
113	68	0.997737
113	72	0.963604
113	84	1.02661
113	90	1.07266
113	92	0.887277
113	118	1.05045
113	120	0.986957
113	132	1.01104
113	137	0.971138
113	139	0.930714
113	142	0.953351
113	146	0.945334
113	153	0.997507
113	158	1.00969
113	168	1.02606
113	172	0.894673
113	175	0.983468
113	176	1.01947
113	179	0.971229
113	180	0.981239
114	49	0.989601
114	93	0.989049
114	96	1.01666
114	106	1.0224
114	109	0.974769
114	115	0.962185
114	116	0.962507
114	119	1.07255
114	121	1.00825
114	125	0.988101
114	126	1.11056
114	132	1.00654
114	133	1.12631
114	136	1.03161
114	137	1.01004
114	140	1.03053
114	142	1.02579
114	147	0.992614
114	163	0.982988
114	165	0.97495
114	169	1.00252
114	171	0.993146
114	172	1.02821
114	175	1.0795
114	176	1.0018
114	178	1.0579
114	179	1.09938
115	19	1.07492
115	38	0.948899
115	54	0.917818
115	57	0.964956
115	93	0.9135
115	96	0.941107
115	104	0.954575
115	105	1.04458
115	106	0.946854
115	107	1.05189
115	114	0.962185
115	121	0.932705
115	125	0.912552
115	126	1.03502
115	132	0.930993
115	136	0.956058
115	137	0.934487
115	138	1.15015
115	139	1.32048
115	142	0.950242
115	147	0.917065
115	153	1.17778
115	160	1.02569
115	161	1.12387
115	165	1.09141
115	172	0.952661
115	173	1.24026
116	18	1.0587
116	19	1.07525
116	54	0.91814
116	76	0.960577
116	93	0.913822
116	106	0.947176
116	109	0.899542
116	114	0.962507
116	119	0.997323
116	121	0.933028
116	125	0.912874
116	126	1.03534
116	132	0.931315
116	136	0.95638
116	137	0.934809
116	141	1.24484
116	142	0.950564
116	145	1.11373
116	147	0.917388
116	151	1.22684
116	157	1.11216
116	170	1.09888
116	172	0.952983
116	174	1.1054
116	175	1.19257
116	177	0.961067
116	178	1.17097
117	11	1.17921
117	26	0.800265
117	27	1.05755
117	36	0.992389
117	42	0.978759
117	44	1.00523
117	59	1.03992
117	60	1.02241
117	67	0.976726
117	74	1.03671
117	80	0.999105
117	91	0.961585
117	92	1.06069
117	97	1.01133
117	118	1.0275
117	128	1.00203
117	134	1.16417
117	139	1.22066
117	143	0.998459
117	146	1.02315
117	150	0.938712
117	155	0.988922
117	163	1.00858
117	165	0.991595
117	176	1.01845
117	177	0.864645
117	179	1.11602
118	2	0.917111
118	6	1.04198
118	15	0.980273
118	41	1.00795
118	51	0.877016
118	62	1.03083
118	68	0.987525
118	72	0.953393
118	90	1.06245
118	91	0.974318
118	92	1.07342
118	97	1.02407
118	113	1.05045
118	117	1.0275
118	128	1.02041
118	143	1.01119
118	146	1.03588
118	149	1.07291
118	156	1.02965
118	163	1.02131
118	168	1.01384
118	171	1.02817
118	173	1.15883
118	174	1.02737
118	177	0.883029
118	178	1.09293
118	179	1.13441
119	22	0.882055
119	76	1.07062
119	93	1.02386
119	96	1.05147
119	106	1.05722
119	109	1.00959
119	114	1.07255
119	116	0.997323
119	121	1.04307
119	122	1.14525
119	125	1.02292
119	126	1.14538
119	132	1.04136
119	134	1.06329
119	136	1.06642
119	137	1.04485
119	142	1.06061
119	147	1.02743
119	149	0.953651
119	153	0.977084
119	156	0.910385
119	159	1.09086
119	163	0.898753
119	164	0.933909
119	167	1.0049
119	171	0.908911
119	172	1.06303
119	176	0.917567
120	31	0.911413
120	50	0.935897
120	53	1.05599
120	69	0.957752
120	70	1.01029
120	98	0.987925
120	99	0.959574
120	102	0.997117
120	111	0.951138
120	113	0.986957
120	123	1.0072
120	124	1.00473
120	127	1.00304
120	128	1.02795
120	129	0.974181
120	130	1.01802
120	131	1.0123
120	144	1.1199
120	158	1.06564
120	159	1.01832
120	162	1.09911
120	163	1.02556
120	166	1.04948
120	171	1.03572
120	172	0.992149
120	175	1.12207
120	178	1.10047
120	180	1.10504
121	20	0.968029
121	30	0.874161
121	54	0.963887
121	76	1.00632
121	93	0.959569
121	96	0.987176
121	104	1.00064
121	107	0.990022
121	114	1.00825
121	115	0.932705
121	116	0.933028
121	119	1.04307
121	125	0.958621
121	126	1.08108
121	132	0.977063
121	133	1.18089
121	136	1.00213
121	137	0.980556
121	141	1.18636
121	142	0.996311
121	150	0.976654
121	151	1.16836
121	154	1.17081
121	156	1.04921
121	158	1.07765
121	160	0.963815
121	171	1.04773
121	172	0.99873
122	17	0.874755
122	22	0.911632
122	25	1.02574
122	34	1.31716
122	36	0.878075
122	45	1.32078
122	47	1.2205
122	59	0.925602
122	64	1.14921
122	67	0.862412
122	74	0.922394
122	78	0.924634
122	80	0.884791
122	99	1.27711
122	119	1.14525
122	133	0.843556
122	134	0.83434
122	136	1.19731
122	147	1.25308
122	153	0.860247
122	155	0.912583
122	159	1.16173
122	162	0.868737
122	168	0.888798
122	175	0.846209
122	178	0.860289
122	179	0.833969
122	180	0.843979
123	9	1.03149
123	31	0.953001
123	50	0.977485
123	69	0.99934
123	70	1.05188
123	86	0.923283
123	98	1.02951
123	99	1.00116
123	102	1.03871
123	103	0.987655
123	111	0.992726
123	120	1.0072
123	124	1.04632
123	127	1.04463
123	129	1.01577
123	130	1.05961
123	131	1.05388
123	133	1.10371
123	140	1.00793
123	148	0.966766
123	159	1.05991
123	162	1.03395
123	163	0.960395
123	166	0.984319
123	167	1.06654
123	172	1.03374
123	173	1.10121
123	174	0.969745
123	178	1.03531
124	9	1.02902
124	26	0.781551
124	31	0.950529
124	69	0.996868
124	70	1.04941
124	98	1.02704
124	99	0.99869
124	100	1.09969
124	102	1.03623
124	111	0.990254
124	112	1.0142
124	120	1.00473
124	123	1.04632
124	127	1.04215
124	129	1.0133
124	130	1.05714
124	131	1.05141
124	134	1.14545
124	152	0.935573
124	154	1.11415
124	156	0.992551
124	157	0.997027
124	159	1.05744
124	163	0.980919
124	164	1.01607
124	168	0.976738
124	172	1.03126
124	176	0.999732
124	179	1.09731
125	20	0.947876
125	38	0.938138
125	54	0.943734
125	57	0.990871
125	93	0.939416
125	96	0.967023
125	106	0.972769
125	109	0.925136
125	114	0.988101
125	115	0.912552
125	116	0.912874
125	119	1.02292
125	121	0.958621
125	126	1.06093
125	132	0.956909
125	136	0.981974
125	137	0.960403
125	140	1.13622
125	142	0.976157
125	144	1.18302
125	149	1.14358
125	150	1.02777
125	152	1.04334
125	163	1.08869
125	172	0.978576
125	174	1.09804
125	176	1.1075
125	179	1.20508
125	180	1.16817
126	1	0.791508
126	57	1.11333
126	76	1.10863
126	93	1.06188
126	96	1.08949
126	104	1.10295
126	107	0.853784
126	114	1.11056
126	115	1.03502
126	116	1.03534
126	119	1.14538
126	121	1.08108
126	125	1.06093
126	128	0.903732
126	133	1.04466
126	134	1.06587
126	136	1.10444
126	137	1.08287
126	142	1.09862
126	145	0.919012
126	147	1.06544
126	154	1.03457
126	163	0.901338
126	164	0.936494
126	172	1.10104
126	177	0.76635
126	178	0.976249
126	179	1.01773
126	180	0.980821
127	25	1.0646
127	31	0.948839
127	50	0.973323
127	53	1.09342
127	69	0.995178
127	70	1.04772
127	89	0.93428
127	98	1.02535
127	99	0.997
127	102	1.03454
127	111	0.988564
127	120	1.00304
127	123	1.04463
127	124	1.04215
127	129	1.01161
127	130	1.05545
127	131	1.04972
127	144	1.05784
127	149	1.0184
127	154	1.09673
127	157	0.979606
127	159	1.05575
127	160	0.889738
127	165	0.955461
127	171	0.973656
127	172	1.02958
127	178	1.03841
127	179	1.07989
127	180	1.04298
128	13	0.974615
128	19	0.938924
128	66	1.0791
128	70	0.987978
128	86	1.03424
128	89	1.02298
128	102	0.97186
128	110	1.00665
128	111	1.07865
128	117	1.00203
128	118	1.02041
128	120	1.02795
128	126	0.903732
128	136	0.953202
128	145	0.999949
128	153	0.975512
128	158	0.987696
128	160	1.05202
128	161	1.00557
128	168	1.00406
128	169	1.01111
128	170	0.993329
128	171	1.00933
128	173	0.947608
128	175	0.961474
128	176	0.997473
128	177	1.1145
128	178	0.975554
128	179	0.949234
128	180	0.959244
129	1	0.931519
129	9	0.998469
129	49	1.04796
129	50	0.944465
129	53	1.06456
129	69	0.966321
129	70	1.01886
129	98	0.996493
129	99	0.968143
129	102	1.00569
129	111	0.959706
129	112	0.983652
129	120	0.974181
129	123	1.01577
129	124	1.0133
129	127	1.01161
129	130	1.02659
129	131	1.02086
129	150	0.980428
129	151	1.17214
129	152	0.996004
129	153	1.11968
129	156	1.05298
129	159	1.02689
129	170	1.04418
129	172	1.00072
129	174	1.0507
129	177	0.906361
129	178	1.11626
129	180	1.12083
130	9	1.04231
130	18	0.946767
130	31	0.963822
130	50	0.988306
130	69	1.01016
130	70	1.0627
130	98	1.04033
130	99	1.01198
130	102	1.04953
130	109	1.08949
130	111	1.00355
130	112	1.02749
130	120	1.01802
130	123	1.05961
130	124	1.05714
130	127	1.05545
130	129	1.02659
130	131	1.0647
130	134	1.14865
130	144	1.07845
130	145	1.00179
130	150	0.923196
130	152	0.938771
130	155	0.973406
130	158	1.02419
130	159	1.07073
130	161	1.00854
130	166	1.00804
130	169	1.00365
130	172	1.04456
130	177	0.849129
131	9	1.03658
131	11	1.09291
131	31	0.958096
131	50	0.982579
131	53	1.10267
131	70	1.05698
131	98	1.03461
131	99	1.00626
131	102	1.0438
131	103	0.940594
131	109	1.01871
131	111	0.99782
131	112	1.02177
131	120	1.0123
131	123	1.05388
131	124	1.05141
131	127	1.04972
131	129	1.02086
131	130	1.0647
131	138	0.964038
131	144	1.00767
131	145	0.931008
131	151	1.04412
131	153	0.991664
131	158	0.95341
131	159	1.06501
131	170	0.916163
131	172	1.03883
131	173	1.05415
131	179	1.02972
131	180	0.992817
132	20	0.966317
132	51	0.908643
132	54	0.962175
132	57	1.00931
132	76	1.00461
132	93	0.957857
132	96	0.985464
132	100	1.16841
132	106	0.991211
132	109	0.943577
132	113	1.01104
132	114	1.00654
132	115	0.930993
132	116	0.931315
132	119	1.04136
132	121	0.977063
132	125	0.956909
132	136	1.00042
132	137	0.978844
132	142	0.994599
132	144	1.14398
132	145	1.06732
132	147	0.961423
132	148	1.05601
132	156	1.06128
132	158	1.08972
132	162	1.1232
132	167	1.15579
132	168	1.04546
132	170	1.05247
132	172	0.997018
133	27	1.05648
133	36	1.16518
133	77	1.10471
133	85	1.17405
133	102	1.11279
133	103	0.931235
133	114	1.12631
133	121	1.18089
133	122	0.843556
133	123	1.10371
133	126	1.04466
133	144	0.904535
133	147	1.1499
133	156	0.944982
133	157	0.95816
133	161	0.947721
133	162	0.926151
133	164	0.938997
133	166	0.951062
133	167	0.903054
133	168	0.946211
133	169	0.953257
133	171	0.951483
133	172	1.07659
133	173	0.889756
133	175	0.903622
133	176	0.939622
133	177	1.05665
133	178	0.917702
133	179	0.891383
133	180	0.901393
134	93	1.22455
134	106	1.18235
134	109	0.897171
134	117	1.16417
134	119	1.06329
134	122	0.83434
134	124	1.14545
134	126	1.06587
134	130	1.14865
134	135	1.24935
134	141	0.874857
134	144	0.895319
134	147	1.17112
134	148	0.943646
134	152	0.942709
134	153	0.908445
134	154	0.893865
134	155	0.960781
134	157	0.948944
134	159	1.07977
134	161	0.938505
134	162	0.916935
134	164	0.929781
134	168	0.936995
134	171	0.942267
134	172	1.09781
134	174	0.935038
134	175	0.894406
134	176	0.930406
134	178	0.908486
134	179	0.882167
134	180	0.892177
135	14	0.948047
135	16	0.951432
135	23	0.933667
135	24	0.936779
135	40	0.96458
135	45	0.917481
135	63	0.946214
135	64	1.05438
135	65	0.946129
135	73	1.00985
135	75	0.898611
135	79	1.00585
135	81	0.952886
135	88	0.952765
135	94	0.986584
135	95	0.904821
135	101	0.997174
135	134	1.24935
135	140	1.13236
135	143	0.953197
135	146	0.977888
135	150	1.0239
135	154	1.21805
135	158	1.1249
135	160	1.01106
135	164	1.11998
135	165	0.961621
135	169	1.10435
135	174	1.09417
135	177	0.949832
135	179	1.20121
135	180	1.1643
136	20	0.991382
136	54	0.98724
136	57	1.03438
136	76	1.02968
136	83	1.07153
136	93	0.982922
136	104	1.024
136	105	0.895947
136	106	1.01628
