1	115	1.09564
1	120	0.982823
1	122	0.992402
1	127	0.981402
1	139	0.980852
1	149	0.994144
1	160	1.21164
1	164	0.945815
1	174	0.779246
1	175	0.99557
1	177	0.94148
1	178	0.99449
2	40	0.977452
2	70	0.96449
2	99	1.28901
2	101	0.772179
2	152	0.961102
2	156	0.973928
2	158	0.98234
2	167	1.17328
2	168	0.989583
2	171	0.973509
2	172	0.998117
2	179	0.993828
3	13	0.852532
3	119	0.927307
3	125	0.981375
3	137	0.946425
3	145	0.971762
3	149	1.28537
3	151	0.966785
3	153	0.994224
3	154	1.21422
3	160	0.977358
3	161	0.991562
3	162	0.983487
4	25	0.984688
4	51	0.95708
4	67	0.903478
4	96	1.51279
4	104	0.954316
4	118	0.95436
4	165	0.949232
4	168	0.977093
4	170	0.961821
4	171	0.961019
4	172	0.985627
4	179	0.981337
5	43	0.978513
5	69	1.00483
5	111	1.45936
5	114	0.922684
5	115	0.92911
5	152	0.947926
5	158	0.969164
5	165	0.948547
5	168	0.976408
5	170	0.961135
5	171	0.960334
5	179	0.980652
6	16	2.26467
6	112	0.888596
6	122	0.907376
6	132	0.886003
6	135	0.671381
6	148	0.894713
6	159	0.856668
6	166	0.888307
6	167	0.892926
6	169	0.88015
6	178	0.909464
6	180	0.880762
7	102	1.00984
7	109	1.06995
7	120	0.686877
7	141	1.08535
7	152	1.0759
7	165	1.07652
7	170	1.08911
7	171	1.08831
7	172	1.11292
7	175	0.868007
7	176	0.896914
7	179	1.10863
8	23	0.710843
8	73	0.721811
8	130	1.08755
8	146	1.0664
8	155	0.896466
8	159	1.06268
8	169	1.08616
8	170	0.7884
8	175	1.11656
8	177	1.06247
8	178	1.11548
8	180	1.08677
9	11	0.99942
9	34	1.07441
9	95	1.01291
9	141	1.07067
9	143	1.10002
9	149	0.725499
9	158	1.08247
9	165	1.06185
9	170	1.07444
9	173	1.00143
9	178	0.816559
9	179	1.09395
10	14	1.0336
10	73	1.08341
10	135	0.864703
10	145	0.592008
10	152	1.07673
10	157	1.11151
10	159	0.973502
10	165	1.07735
10	168	1.10521
10	172	1.11375
10	177	0.919388
10	179	1.10946
11	9	0.99942
11	29	0.875774
11	108	1.14844
11	110	0.949533
11	114	0.930549
11	128	0.950378
11	152	0.955791
11	158	0.97703
11	168	0.984273
11	170	0.969
11	178	1.32772
11	179	0.988517
12	19	0.981491
12	84	1.14773
12	102	0.934928
12	118	0.992316
12	142	0.952429
12	157	1.16805
12	163	0.940617
12	169	0.952232
12	175	0.982626
12	177	0.928536
12	178	0.981546
12	180	0.952844
13	3	0.852532
13	89	0.931357
13	97	0.962729
13	126	0.978304
13	137	0.946719
13	148	1.20631
13	151	0.967079
13	153	0.994518
13	160	0.977653
13	161	0.991856
13	162	0.983782
13	169	1.26558
14	10	1.0336
14	93	1.37177
14	123	1.02255
14	140	0.781564
14	152	0.974469
14	154	1.12682
14	158	0.995707
14	168	1.00295
14	170	0.987678
14	171	0.986876
14	176	0.795482
14	179	1.00719
15	54	1.07338
15	112	1.3654
15	126	1.0069
15	137	0.975311
15	145	1.00065
15	151	0.995671
15	153	1.02311
15	155	0.770848
15	160	1.00624
15	161	1.02045
15	162	1.01237
15	176	0.784819
16	6	2.26467
16	57	1.03321
16	64	0.038677
16	89	1.05861
16	145	1.09931
16	147	1.09185
16	151	1.09433
16	160	1.1049
16	161	1.11911
16	162	1.11103
16	174	0.873273
16	180	0.211267
17	33	1.0257
17	37	1.0392
17	87	0.847072
17	129	1.00439
17	139	0.814111
17	144	0.898533
17	157	1.07868
17	158	1.06514
17	165	1.04453
17	170	1.05711
17	171	1.05631
17	172	1.08092
17	179	1.07663
18	51	1.03428
18	80	0.889006
18	104	1.03152
18	115	1.007
18	139	0.916795
18	141	1.03526
18	143	1.0646
18	152	1.02581
18	165	1.02643
18	168	1.05429
18	170	1.03902
18	178	0.955112
18	179	1.05854
19	12	0.981491
19	107	1.0332
19	127	1.05656
19	138	1.03112
19	141	0.930667
19	150	1.05905
19	157	0.786082
19	159	1.01685
19	168	0.7568
19	169	1.04034
19	173	1.01927
19	175	1.07073
19	178	1.06965
20	32	0.777912
20	39	0.956493
20	70	0.968699
20	78	0.997453
20	84	0.991968
20	143	1.0041
20	156	0.978136
20	159	1.37741
20	165	0.965931
20	170	0.978519
20	171	0.977717
20	174	0.776119
20	177	1.3233
21	42	0.928406
21	117	0.877942
21	118	0.816578
21	119	1.03582
21	124	1.03787
21	125	1.08989
21	126	1.08652
21	147	1.07282
21	153	1.10274
21	161	1.10008
21	162	1.092
21	164	1.06073
21	174	0.854242
22	56	0.934238
22	58	1.35204
22	88	0.980242
22	101	0.784403
22	136	1.27746
22	140	0.780422
22	145	1.01017
22	151	1.00519
22	153	1.03263
22	160	1.01577
22	161	1.02997
22	162	1.02189
22	176	0.79434
23	8	0.710843
23	79	0.999575
23	119	1.02405
23	131	0.826166
23	138	1.05585
23	145	1.06851
23	147	1.06105
23	151	1.06353
23	153	1.09097
23	160	1.0741
23	161	1.08831
23	162	1.08023
23	171	0.856769
24	73	1.02921
24	128	1.01712
24	152	1.02254
24	156	1.03536
24	157	1.05731
24	164	0.923657
24	168	1.05102
24	170	1.03574
24	171	1.03494
24	172	1.05955
24	173	0.977256
24	175	0.840016
24	179	1.05526
25	4	0.984688
25	50	0.87062
25	65	0.935252
25	70	1.05706
25	86	1.05386
25	91	1.02928
25	111	1.07192
25	118	0.747675
25	121	1.03719
25	158	1.07491
25	165	1.0543
25	170	1.06688
25	179	1.0864
26	68	1.02957
26	73	1.0309
26	94	1.04589
26	110	1.01797
26	114	0.998989
26	156	1.03706
26	157	1.05901
26	158	1.04547
26	166	0.83297
26	168	1.05271
26	170	1.03744
26	178	0.85534
26	179	1.05696
27	45	0.861636
27	58	1.0193
27	111	0.997894
27	129	1.02438
27	146	1.02841
27	154	1.05937
27	160	0.863198
27	166	1.05633
27	167	1.06095
27	177	1.02447
27	178	1.07748
27	179	0.814676
27	180	1.04878
28	58	1.01424
28	75	1.08404
28	88	0.79701
28	89	0.88361
28	125	0.776516
28	146	1.02335
28	159	1.01963
28	164	1.02375
28	166	1.05127
28	167	1.05589
28	173	1.02205
28	177	1.01941
28	178	1.07242
29	11	0.875774
29	78	0.969726
29	81	0.937854
29	114	0.912341
29	117	1.40716
29	121	0.921093
29	126	1.23665
29	156	0.950409
29	168	0.966064
29	170	0.950792
29	171	0.94999
29	172	0.974598
29	179	0.970308
30	42	1.29284
30	110	0.675829
30	117	1.01035
30	122	1.06411
30	164	1.01752
30	166	1.04504
30	167	1.04966
30	171	0.60974
30	173	1.01582
30	175	1.06728
30	177	1.01319
30	178	1.0662
30	180	1.0375
31	32	0.808399
31	112	1.00098
31	119	1.33076
31	133	1.00967
31	144	0.979706
31	150	1.01125
31	155	0.80284
31	159	0.969053
31	172	1.19188
31	174	0.806606
31	177	0.96884
31	178	1.02185
31	180	0.993148
32	20	0.777912
32	31	0.808399
32	78	0.862345
32	80	0.841686
32	99	0.818475
32	101	0.641278
32	145	0.867045
32	151	0.862067
32	155	0.637245
32	162	0.87877
32	165	0.830822
32	167	0.839716
32	174	0.641011
32	179	0.862927
33	17	1.0257
33	34	1.01258
33	40	1.01575
33	74	0.880084
33	104	1.0051
33	110	0.993142
33	150	0.895335
33	158	1.02064
33	168	1.02788
33	170	1.01261
33	171	1.01181
33	172	1.03641
33	179	1.03213
33	180	1.17023
34	9	1.07441
34	33	1.01258
34	65	0.912355
34	127	0.935901
34	128	1.02537
34	141	1.04023
34	143	1.06957
34	148	0.900113
34	168	1.05926
34	170	1.04399
34	171	1.04319
34	174	0.841588
34	177	1.07378
34	179	1.0635
35	83	0.792795
35	88	1.03353
35	97	1.05413
35	105	1.13268
35	124	1.02105
35	125	1.07307
35	147	1.056
35	151	1.05848
35	155	0.833656
35	160	1.06905
35	161	1.08326
35	162	1.07518
35	174	0.837422
35	180	1.02543
36	108	0.93927
36	129	0.903316
36	132	0.932964
36	134	0.93022
36	149	0.956079
36	153	1.29052
36	164	0.907749
36	166	0.935267
36	169	0.92711
36	171	1.46065
36	175	0.957504
36	177	0.903414
36	178	0.956424
36	180	0.927722
37	17	1.0392
37	62	0.737981
37	143	1.05168
37	152	1.01289
37	156	1.02572
37	157	1.04767
37	159	1.18003
37	168	1.04138
37	169	1.01152
37	170	1.0261
37	171	1.0253
37	172	1.04991
37	176	0.833908
37	179	1.04562
38	77	0.852597
38	94	0.872427
38	111	0.993225
38	136	1.04223
38	144	1.03067
38	159	1.02002
38	162	0.975491
38	163	1.03189
38	167	1.05628
38	168	0.811447
38	173	1.02244
38	177	1.0198
38	178	1.07281
38	180	1.04411
39	20	0.956493
39	54	0.743168
39	67	0.963649
39	107	0.990262
39	109	1.00283
39	141	1.01823
39	143	1.04757
39	156	1.02161
39	158	1.03002
39	168	1.03726
39	171	1.02119
39	172	1.0458
39	178	1.15418
39	179	1.04151
40	2	0.977452
40	33	1.01575
40	81	1.03422
40	95	0.985633
40	102	1.06486
40	105	1.20676
40	152	1.03395
40	154	0.713187
40	156	1.04678
40	157	1.06873
40	170	1.04716
40	172	1.07096
40	174	0.844758
40	179	1.06668
41	42	0.855495
41	56	0.931434
41	124	0.964959
41	125	1.01698
41	126	1.01361
41	134	1.29107
41	151	1.00239
41	160	1.01296
41	161	1.02717
41	162	1.01909
41	166	1.37232
41	174	0.781331
41	176	0.791536
42	21	0.928406
42	30	1.29284
42	41	0.855495
42	45	0.929251
42	126	0.945664
42	136	1.51387
42	137	0.914078
42	145	0.939416
42	147	0.931954
42	151	0.934438
42	153	0.961878
42	160	0.945012
42	161	0.959215
42	162	0.951141
43	5	0.978513
43	70	1.05158
43	103	1.04409
43	128	1.04277
43	140	0.855282
43	152	1.04819
43	158	1.06943
43	164	0.902935
43	165	1.04881
43	171	1.06059
43	172	1.0852
43	174	0.858996
43	179	1.08091
43	180	0.995764
44	45	0.83749
44	49	0.746713
44	84	0.837469
44	133	0.824683
44	140	0.617907
44	149	0.836518
44	160	0.853251
44	162	0.85938
44	163	0.795934
44	165	0.811432
44	172	0.847826
44	176	0.631825
44	178	0.836863
44	179	0.843537
45	27	0.861636
45	42	0.929251
45	44	0.83749
45	56	1.00519
45	112	0.964221
45	137	1.05578
45	145	1.08112
45	147	1.07366
45	150	1.03241
45	151	1.07614
45	155	0.851322
45	160	1.08672
45	161	1.10092
45	162	1.09285
46	51	0.841233
46	60	0.634206
46	113	0.63578
46	138	0.820283
46	141	0.842212
46	153	0.89207
46	154	0.840701
46	155	0.639808
46	161	0.889408
46	162	0.881334
46	167	0.842279
46	170	0.845974
46	174	0.643574
46	178	0.858817
46	179	0.865491
47	68	1.12619
47	78	1.04595
47	115	0.99499
47	121	0.997317
47	128	1.00839
47	143	1.0526
47	144	0.99806
47	157	1.04859
47	167	0.981272
47	168	1.04229
47	171	1.02621
47	172	1.05082
47	174	0.824616
47	176	0.83482
47	179	1.04653
48	91	0.975281
48	94	1.02133
48	110	0.993422
48	146	1.07811
48	156	1.01251
48	157	1.03446
48	158	1.02092
48	164	1.06485
48	168	1.02816
48	170	1.01289
48	171	1.01209
48	172	1.0367
48	174	0.810489
48	175	0.981209
48	179	1.03241
49	44	0.746713
49	86	1.47647
49	93	0.932413
49	120	0.967887
49	133	0.967373
49	143	1.43831
49	148	0.964802
49	155	0.760544
49	159	0.926757
49	163	0.938624
49	169	0.950239
49	173	0.929176
49	175	0.980634
49	177	0.926544
49	178	0.979553
50	25	0.87062
50	68	0.958538
50	75	1.03878
50	98	0.962984
50	105	0.957242
50	133	1.01498
50	150	1.01656
50	158	1.01058
50	166	1.006
50	167	1.01062
50	173	0.976782
50	175	1.02824
50	178	1.02716
50	179	1.04631
50	180	0.998458
51	4	0.95708
51	18	1.03428
51	46	0.841233
51	52	1.08201
51	115	1.00725
51	131	0.820571
51	141	1.03551
51	142	1.05914
51	149	0.96502
51	152	1.02607
51	157	1.06085
51	165	1.02669
51	171	1.03848
51	175	1.10371
51	179	1.05879
52	51	1.08201
52	67	1.02841
52	73	1.08021
52	85	0.815385
52	100	1.09478
52	104	1.07925
52	115	1.05472
52	135	0.861511
52	138	0.895754
52	147	0.722404
52	157	1.10832
52	165	1.07416
52	167	0.836134
52	170	1.08675
52	172	1.11056
52	179	1.10627
53	122	0.840332
53	142	0.813302
53	147	0.84575
53	155	0.623411
53	156	0.829194
53	160	0.858807
53	161	0.873011
53	162	0.864936
53	171	0.828775
53	172	0.853383
53	174	0.627177
53	176	0.637381
53	178	0.84242
53	179	0.849093
53	180	0.813718
54	15	1.07338
54	39	0.743168
54	68	1.04626
54	132	1.09142
54	139	1.10125
54	146	1.06581
54	150	1.10429
54	152	0.717466
54	154	1.09677
54	158	0.589503
54	163	1.07396
54	169	1.08557
54	173	1.06451
54	174	0.899642
54	177	1.06188
54	180	1.08618
55	92	0.627691
55	113	0.619362
55	118	0.853169
55	126	0.859438
55	146	0.793326
55	147	0.845729
55	151	0.848213
55	155	0.62339
55	156	0.829173
55	161	0.87299
55	165	0.816968
55	168	0.844829
55	172	0.853362
55	173	0.792022
55	178	0.842399
55	179	0.849073
56	22	0.934238
56	41	0.931434
56	45	1.00519
56	71	1.22721
56	82	0.871938
56	97	1.00603
56	101	0.789588
56	119	0.9709
56	137	0.990018
56	147	1.00789
56	151	1.01038
56	153	1.03782
56	160	1.02095
56	161	1.03515
56	162	1.02708
56	180	1.23559
57	16	1.03321
57	79	0.956254
57	88	0.995259
57	90	1.02203
57	97	1.01586
57	102	1.2636
57	124	0.98278
57	145	1.02519
57	147	1.01772
57	153	1.04765
57	160	1.03078
57	161	1.04499
57	162	1.03691
57	174	0.799152
57	176	0.809356
57	178	1.07414
58	22	1.35204
58	27	1.0193
58	28	1.01424
58	93	0.964377
58	99	0.973739
58	107	0.975068
58	109	0.865524
58	129	0.958409
58	132	0.988057
58	164	0.962843
58	167	0.994979
58	169	0.982203
58	170	0.900585
58	177	0.958508
58	178	1.01152
58	180	0.982816
59	106	0.621657
59	113	0.614422
59	143	0.850196
59	153	0.870712
59	154	0.819343
59	157	0.846186
59	160	0.853846
59	162	0.859975
59	168	0.839888
59	172	0.848422
59	175	0.838539
59	176	0.63242
59	178	0.837459
59	179	0.844132
59	180	0.808757
60	46	0.634206
60	86	0.819222
60	92	0.630384
60	119	0.811429
60	125	0.865497
60	155	0.626084
60	157	0.85382
60	158	0.840279
60	161	0.875684
60	162	0.867609
60	172	0.856056
60	173	0.794715
60	175	0.846173
60	177	0.792083
60	179	0.851766
60	180	0.816391
61	100	0.844469
61	101	0.634309
61	106	0.633482
61	143	0.862021
61	144	0.807141
61	145	0.860075
61	149	0.848939
61	153	0.882537
61	159	0.796488
61	161	0.879875
61	162	0.871801
61	168	0.851714
61	174	0.634041
61	176	0.644246
61	178	0.849284
61	179	0.855958
62	37	0.737981
62	80	1.07326
62	108	1.07067
62	117	1.03198
62	139	1.07419
62	141	0.818097
62	142	1.05871
62	146	1.03876
62	148	1.07308
62	149	1.08748
62	167	1.07129
62	169	1.05851
62	170	0.771941
62	175	1.08891
62	179	0.76372
62	180	1.05913
63	90	1.00381
63	112	1.00238
63	114	1.07561
63	122	1.02116
63	123	0.974286
63	131	0.791696
63	136	0.992662
63	162	1.16189
63	163	0.982316
63	164	0.97457
63	169	0.993931
63	173	0.972867
63	175	1.02433
63	176	0.818206
63	177	0.970235
63	178	1.02324
63	180	0.994543
64	16	0.038677
64	65	0.93181
64	91	1.02584
64	104	1.05594
64	109	1.04428
64	114	1.02499
64	115	1.03142
64	121	1.03374
64	141	1.05968
64	158	1.07147
64	164	1.24277
64	166	1.08913
64	168	1.07872
64	170	1.06344
64	171	1.06264
64	175	1.15913
64	179	1.08296
65	25	0.935252
65	34	0.912355
65	64	0.93181
65	86	0.899357
65	100	0.920413
65	130	1.61971
65	131	0.693678
65	141	0.908622
65	143	0.937964
65	152	0.899176
65	158	0.920414
65	163	1.86236
65	168	0.927657
65	170	0.912384
65	171	0.911583
65	172	0.93619
65	179	0.931901
66	67	0.950928
66	89	1.02916
66	93	0.934361
66	97	1.06053
66	119	1.02541
66	124	1.02745
66	126	1.07611
66	137	1.04452
66	147	1.0624
66	151	1.06488
66	153	1.09232
66	160	1.07546
66	161	1.08966
66	162	1.08159
66	171	0.74148
66	176	0.854031
66	178	0.851622
67	4	0.903478
67	39	0.963649
67	52	1.02841
67	66	0.950928
67	98	1.26115
67	121	0.955976
67	123	1.02054
67	128	0.967053
67	157	1.00725
67	158	0.993704
67	165	0.973087
67	169	1.2597
67	170	0.985675
67	171	0.984873
67	172	1.00948
67	174	0.783275
67	179	1.00519
68	26	1.02957
68	47	1.12619
68	50	0.958538
68	54	1.04626
68	76	0.915978
68	112	0.980214
68	118	1.01185
68	129	0.947974
68	132	0.977622
68	159	0.948286
68	164	0.952407
68	166	0.979925
68	167	0.984544
68	171	1.22348
68	173	0.950704
68	177	0.948072
68	180	0.97238
69	5	1.00483
69	102	1.04472
69	103	1.02378
69	106	0.875532
69	130	1.06341
69	139	1.0777
69	142	1.06222
69	147	0.831814
69	158	0.757354
69	164	1.04266
69	168	0.673598
69	169	1.06202
69	173	1.04096
69	175	1.09241
69	177	1.03832
69	178	1.09133
69	180	1.06263
70	2	0.96449
70	20	0.968699
70	25	1.05706
70	43	1.05158
70	91	0.996589
70	114	0.995746
70	123	1.06907
70	132	0.856556
70	141	1.03043
70	152	1.02099
70	158	1.04223
70	163	0.900789
70	167	0.929626
70	170	1.0342
70	171	1.0334
70	172	1.058
70	173	1.08518
70	179	1.05371
71	56	1.22721
71	93	0.941251
71	96	0.886838
71	99	0.950612
71	133	0.976211
71	139	0.974754
71	143	1.00186
71	147	1.29068
71	148	0.97364
71	150	0.977793
71	163	0.947462
71	164	0.939716
71	166	0.967234
71	169	0.959077
71	173	0.938013
71	175	0.989471
71	178	0.988391
71	180	0.959689
72	74	1.00056
72	112	0.986973
72	133	0.995661
72	134	0.981636
72	138	0.969307
72	146	0.958768
72	158	1.20707
72	164	0.959166
72	167	0.991303
72	168	1.12332
72	169	0.978527
72	172	1.12775
72	173	0.957463
72	174	0.792597
72	175	1.00892
72	176	0.802802
72	178	1.00784
72	180	0.979139
73	8	0.721811
73	10	1.08341
73	24	1.02921
73	26	1.0309
73	52	1.08021
73	86	1.02445
73	94	1.04593
73	115	1.00546
73	117	0.926365
73	140	0.831368
73	152	1.02427
73	159	1.1474
73	165	1.02489
73	168	1.05275
73	171	1.03668
73	172	1.06129
73	178	0.97788
73	179	1.057
74	33	0.880084
74	72	1.00056
74	82	1.05634
74	93	1.01529
74	97	0.767245
74	112	1.04156
74	129	1.00932
74	144	1.02028
74	146	1.01335
74	148	1.04768
74	153	0.813065
74	159	1.00963
74	162	1.01476
74	169	1.03311
74	173	1.01205
74	177	1.00942
74	178	1.06243
74	180	1.03373
75	28	1.08404
75	50	1.03878
75	79	0.795517
75	101	0.866348
75	109	0.850919
75	120	1.06966
75	122	1.07924
75	141	0.932135
75	144	1.03918
75	146	1.03225
75	161	0.868175
75	163	1.04039
75	164	1.03265
75	169	1.05201
75	176	0.876285
75	177	1.02831
75	178	1.08132
75	180	1.05262
76	68	0.915978
76	80	0.970032
76	90	0.965166
76	119	1.15707
76	122	0.982512
76	134	0.958396
76	136	0.954016
76	139	0.970962
76	144	0.942456
76	149	0.984254
76	152	1.22547
76	163	0.94367
76	173	0.934222
76	175	0.98568
76	177	0.93159
76	178	0.9846
76	179	1.13325
76	180	0.955898
77	38	0.852597
77	92	0.634778
77	121	0.806944
77	137	0.83494
77	140	0.63053
77	152	0.823434
77	153	0.88274
77	155	0.630478
77	158	0.844673
77	160	0.865874
77	162	0.872003
77	164	0.800812
77	172	0.860449
77	174	0.634243
77	175	0.850567
77	178	0.849486
77	179	0.85616
77	180	0.820785
78	20	0.997453
78	29	0.969726
78	32	0.862345
78	47	1.04595
78	114	1.0245
78	120	0.965559
78	123	1.09782
78	144	1.14516
78	145	0.887087
78	152	1.04974
78	154	0.936844
78	155	0.856786
78	156	1.06257
78	165	1.05036
78	170	1.06295
78	171	1.06215
78	172	1.08676
78	176	0.870756
78	179	1.08247
79	23	0.999575
79	57	0.956254
79	75	0.795517
79	88	0.992427
79	97	1.01303
79	124	0.979948
79	125	1.03197
79	126	1.0286
79	137	0.997017
79	145	1.02235
79	147	1.01489
79	151	1.01738
79	153	1.04482
79	160	1.02795
79	161	1.04215
79	162	1.03408
79	167	0.983322
79	169	0.955016
79	180	1.17811
80	18	0.889006
80	32	0.841686
80	62	1.07326
80	76	0.970032
80	102	1.00852
80	107	1.01869
80	114	0.928408
80	117	0.999288
80	123	0.827089
80	133	1.04296
80	142	1.02602
80	150	1.04454
80	159	1.00234
80	163	1.01421
80	165	0.956464
80	175	1.05622
80	177	1.00213
80	178	1.05514
80	180	1.02643
81	29	0.937854
81	40	1.03422
81	104	1.02358
81	114	0.992629
81	115	0.999055
81	122	0.893519
81	123	1.06595
81	128	1.01246
81	139	0.997538
81	150	0.985063
81	155	0.824914
81	156	1.0307
81	158	1.03911
81	165	1.01849
81	168	1.04635
81	170	1.03108
81	172	1.05489
81	175	1.08349
81	179	1.0506
82	56	0.871938
82	74	1.05634
82	90	1.04418
82	98	0.99944
82	110	0.975777
82	117	1.00777
82	149	1.06327
82	151	0.900458
82	154	1.0455
82	162	0.941246
82	163	1.02269
82	166	1.04246
82	173	1.01324
82	174	0.848372
82	175	1.0647
82	176	0.858577
82	177	1.01061
82	178	1.06362
82	180	1.03491
83	35	0.792795
83	100	0.909524
83	117	0.982449
83	126	0.928825
83	132	1.01484
83	134	1.01209
83	136	1.00771
83	138	0.999763
83	144	0.996154
83	146	0.989224
83	149	1.03795
83	150	1.0277
83	162	1.07227
83	166	1.01714
83	167	1.02176
83	169	1.00898
83	173	0.98792
83	178	1.0383
83	180	1.0096
84	12	1.14773
84	20	0.991968
84	44	0.837469
84	104	1.04996
84	121	1.02777
84	133	0.947235
84	135	0.832227
84	141	1.0537
84	156	1.05708
84	157	1.07904
84	158	1.0655
84	165	1.04488
84	166	0.903356
84	168	1.07274
84	169	0.926736
84	170	1.05747
84	171	1.05666
84	176	0.865271
84	179	1.07698
85	52	0.815385
85	98	0.967079
85	103	0.963702
85	107	0.994806
85	115	0.97733
85	133	1.01908
85	136	1.00067
85	146	0.982183
85	150	1.02066
85	163	0.990326
85	164	0.982581
85	167	1.01472
85	169	1.00194
85	171	1.05781
85	173	0.980878
85	175	1.03234
85	177	0.978246
85	178	1.03126
85	179	1.04481
85	180	1.00255
86	25	1.05386
86	49	1.47647
86	60	0.819222
86	65	0.899357
86	73	1.02445
86	94	1.03943
86	106	0.828031
86	110	1.01152
86	121	1.00129
86	125	0.685576
86	138	0.91324
86	143	1.05657
86	146	0.968839
86	152	1.01778
86	156	1.03061
86	157	1.05256
86	165	1.0184
86	170	1.03099
86	171	1.03019
86	179	1.05051
87	17	0.847072
87	99	0.80904
87	106	0.631017
87	116	0.626031
87	119	0.813155
87	145	0.85761
87	146	0.797746
87	153	0.880072
87	156	0.833593
87	160	0.863206
87	161	0.877409
87	165	0.821387
87	166	0.825662
87	171	0.833174
87	172	0.857781
87	174	0.631575
87	175	0.847899
87	176	0.64178
87	179	0.853492
87	180	0.818117
88	22	0.980242
88	28	0.79701
88	35	1.03353
88	57	0.995259
88	79	0.992427
88	106	0.834766
88	113	0.827531
88	119	1.0169
88	124	1.01895
88	125	1.07097
88	126	1.06761
88	127	1.01868
88	137	1.03602
88	145	1.06136
88	151	1.05638
88	161	1.08116
88	162	1.07308
88	163	1.04163
88	176	0.84553
88	180	1.26525
89	13	0.931357
89	16	1.05861
89	28	0.88361
89	66	1.02916
89	120	0.994253
89	124	1.00818
89	125	1.0602
89	137	1.02525
89	145	1.05059
89	147	1.04313
89	151	1.04561
89	153	1.07305
89	155	0.820786
89	160	1.05618
89	161	1.07039
89	162	1.06231
89	169	1.12876
89	174	0.824552
89	176	0.834757
89	178	1.12775
90	57	1.02203
90	63	1.00381
90	76	0.965166
90	82	1.04418
90	92	0.835562
90	100	0.865949
90	108	1.03312
90	120	1.0386
90	137	1.00268
90	144	1.00813
90	154	1.03215
90	167	1.03373
90	169	1.02096
90	171	0.997136
90	173	0.999893
90	175	1.05135
90	176	0.845232
90	177	0.99726
90	178	1.05027
90	180	1.02157
91	25	1.02928
91	48	0.975281
91	64	1.02584
91	70	0.996589
91	106	0.803451
91	121	0.976711
91	130	0.830558
91	136	0.854264
91	141	1.00265
91	143	1.03199
91	157	1.02798
91	158	1.01444
91	164	1.204
91	165	0.993821
91	168	1.02168
91	170	1.00641
91	171	1.00561
91	172	1.03022
91	173	1.2576
91	179	1.02593
92	55	0.627691
92	60	0.630384
92	77	0.634778
92	90	0.835562
92	140	0.636039
92	144	0.812852
92	147	0.858325
92	149	0.85465
92	152	0.828944
92	160	0.871383
92	161	0.885586
92	162	0.877512
92	167	0.838458
92	168	0.857425
92	170	0.842152
92	171	0.841351
92	172	0.865958
92	176	0.649957
92	178	0.854995
92	179	0.861669
92	180	0.826294
93	14	1.37177
93	49	0.932413
93	58	0.964377
93	66	0.934361
93	71	0.941251
93	74	1.01529
93	105	0.952646
93	118	1.03333
93	126	1.0201
93	130	0.994638
93	131	0.791014
93	138	0.98403
93	150	1.01197
93	154	1.00445
93	164	0.973889
93	168	0.999495
93	169	0.99325
93	173	0.972186
93	175	1.02364
93	177	0.969554
93	178	1.02256
93	180	0.993862
94	26	1.04589
94	38	0.872427
94	48	1.02133
94	73	1.04593
94	86	1.03943
94	95	0.990937
94	110	1.033
94	114	1.01401
94	117	0.926222
94	149	0.886676
94	150	0.926944
94	152	1.03925
94	155	0.846297
94	156	1.05208
94	157	1.07403
94	158	1.06049
94	165	1.03987
94	168	1.06774
94	169	0.978747
94	171	1.05166
94	172	1.07627
94	179	1.07198
95	9	1.01291
95	40	0.985633
95	94	0.990937
95	115	0.950467
95	121	0.952793
95	123	1.01736
95	128	0.96387
95	141	0.97873
95	143	1.00807
95	145	0.985222
95	152	0.969283
95	154	1.03498
95	156	0.98211
95	158	0.990522
95	164	1.32847
95	166	1.17483
95	168	0.997765
95	170	0.982492
95	171	0.981691
95	172	1.0063
95	176	0.790297
95	179	1.00201
96	4	1.51279
96	71	0.886838
96	102	0.921532
96	103	0.900597
96	138	0.929617
96	140	0.749194
96	142	0.939033
96	148	0.9534
96	150	0.957553
96	153	1.32466
96	159	0.915355
96	163	0.927221
96	164	0.919476
96	166	0.946994
96	167	0.951613
96	169	0.938837
96	170	1.49002
96	173	0.917773
96	175	0.969231
96	177	0.915141
96	178	0.968151
96	180	0.939449
97	13	0.962729
97	35	1.05413
97	56	1.00603
97	57	1.01586
97	66	1.06053
97	74	0.767245
97	79	1.01303
97	99	0.978342
97	126	1.08821
97	137	1.05662
97	145	1.08196
97	147	1.0745
97	148	0.775032
97	151	1.07698
97	153	1.10442
97	159	1.00281
97	160	1.08755
97	161	1.10176
97	162	1.09368
97	174	0.855924
97	176	0.866129
97	180	1.05739
98	50	0.962984
98	67	1.26115
98	82	0.99944
98	85	0.967079
98	102	0.958909
98	103	0.937974
98	144	0.963384
98	149	1.00518
98	150	0.99493
98	154	0.987412
98	158	1.00297
98	160	1.08723
98	163	0.964598
98	164	0.956853
98	166	0.984371
98	167	0.98899
98	172	0.923644
98	173	0.95515
98	175	1.00661
98	177	0.952518
98	178	1.00553
98	180	0.976826
99	2	1.28901
99	32	0.818475
99	58	0.973739
99	71	0.950612
99	87	0.80904
99	97	0.978342
99	111	0.952336
99	132	1.00846
99	142	1.00281
99	144	0.989782
99	146	0.982853
99	148	1.01717
99	154	1.01381
99	157	1.09109
99	163	0.990996
99	164	0.983251
99	167	1.01539
99	174	0.816682
99	175	1.03301
99	177	0.978916
99	178	1.03193
99	179	1.1813
99	180	1.00322
100	52	1.09478
100	61	0.844469
100	65	0.920413
100	83	0.909524
100	90	0.865949
100	103	1.19048
100	104	1.04454
100	109	1.03288
100	114	1.01359
100	121	1.02235
100	128	1.03342
100	133	0.939566
100	134	0.814432
100	141	1.04828
100	152	1.03884
100	157	1.07362
100	165	1.03946
100	168	1.06732
100	170	1.05205
100	171	1.05124
100	172	1.07585
100	174	0.849646
100	179	1.07156
101	2	0.772179
101	22	0.784403
101	32	0.641278
101	56	0.789588
101	61	0.634309
101	75	0.866348
101	110	0.822418
101	115	0.80986
101	119	0.821065
101	146	0.805656
101	156	0.841503
101	160	0.871116
101	161	0.885319
101	162	0.877245
101	169	0.825415
101	170	0.841885
101	174	0.639485
101	175	0.855809
101	176	0.64969
101	177	0.801719
101	178	0.854729
101	179	0.861402
101	180	0.826027
102	7	1.00984
102	12	0.934928
102	40	1.06486
102	57	1.2636
102	69	1.04472
102	80	1.00852
102	96	0.921532
102	98	0.958909
102	120	1.01142
102	129	0.969977
102	135	0.785003
102	140	0.804129
102	142	0.993968
102	154	1.00497
102	159	0.97029
102	163	0.982156
102	165	1.21203
102	167	1.00655
102	169	0.993772
102	173	0.972708
102	177	0.970076
102	178	1.02309
102	180	0.994384
103	43	1.04409
103	69	1.02378
103	85	0.963702
103	96	0.900597
103	98	0.937974
103	100	1.19048
103	105	0.932233
103	125	1.29308
103	130	0.974225
103	134	0.975947
103	138	0.963617
103	154	0.984035
103	159	0.949355
103	164	0.953476
103	166	0.980994
103	167	0.985613
103	169	0.972837
103	172	1.19361
103	173	0.951773
103	175	1.00323
103	176	0.797112
103	177	0.949141
103	178	1.00215
103	180	0.973449
104	4	0.954316
104	18	1.03152
104	33	1.0051
104	52	1.07925
104	64	1.05594
104	81	1.02358
104	84	1.04996
104	100	1.04454
104	109	1.01735
104	110	1.01705
104	115	1.00449
104	128	1.01789
104	132	0.954558
104	133	1.01982
104	149	0.907252
104	155	0.830347
104	156	1.03613
104	165	1.02392
104	166	0.975943
104	171	1.03571
104	172	1.06032
104	173	1.18318
104	176	0.844317
104	179	1.05603
105	35	1.13268
105	40	1.20676
105	50	0.957242
105	93	0.952646
105	103	0.932233
105	108	0.982633
105	127	0.986699
105	129	0.946678
105	136	0.969203
105	138	0.961253
105	142	0.970669
105	143	1.1175
105	144	0.957643
105	146	0.950714
105	150	0.989189
105	154	0.981671
105	159	0.946991
105	163	0.958857
105	166	0.97863
105	167	0.983248
105	168	1.24811
105	174	0.784543
105	175	1.00087
105	180	0.971085
106	59	0.621657
106	61	0.633482
106	69	0.875532
106	86	0.828031
106	87	0.631017
106	88	0.834766
106	91	0.803451
106	121	0.81136
106	124	0.822287
106	141	0.837297
106	142	0.824785
106	153	0.887155
106	158	0.849088
106	160	0.87029
106	162	0.876419
106	166	0.832745
106	172	0.864865
106	174	0.638659
106	175	0.854983
106	176	0.648864
106	178	0.853902
106	179	0.860576
106	180	0.825201
107	19	1.0332
107	39	0.990262
107	58	0.975068
107	80	1.01869
107	85	0.994806
107	118	1.04402
107	119	0.896157
107	121	0.934352
107	136	1.00267
107	138	0.994721
107	139	1.01962
107	142	1.00414
107	149	1.03291
107	152	0.964559
107	154	1.01514
107	163	0.992325
107	164	0.98458
107	167	1.01672
107	169	1.00394
107	171	0.885328
107	173	0.982877
107	175	1.03433
107	177	0.980245
107	178	1.03325
108	11	1.14844
108	36	0.93927
108	62	1.07067
108	90	1.03312
108	105	0.982633
108	111	0.97296
108	112	1.03168
108	120	1.04088
108	130	1.02462
108	139	1.03891
108	140	0.833593
108	142	1.02343
108	147	0.895695
108	152	0.949198
108	154	1.03443
108	156	0.914157
108	157	0.766762
108	159	0.999754
108	163	1.01162
108	166	1.03139
108	169	1.02324
108	177	0.99954
108	178	1.05255
108	180	1.02385
109	7	1.06995
109	39	1.00283
109	58	0.865524
109	64	1.04428
109	75	0.850919
109	100	1.03288
109	104	1.01735
109	110	1.00539
109	116	0.816911
109	123	1.05973
109	128	1.00623
109	129	1.16137
109	135	0.799616
109	141	1.02109
109	143	1.05044
109	156	1.02447
109	158	1.03288
109	165	1.01227
109	166	0.987037
109	167	1.03872
109	168	1.04013
109	171	1.02405
109	172	1.04866
109	179	1.04437
110	11	0.949533
110	26	1.01797
110	30	0.675829
110	33	0.993142
110	48	0.993422
110	82	0.975777
110	86	1.01152
110	94	1.033
110	101	0.822418
110	104	1.01705
110	109	1.00539
110	123	1.05942
110	130	0.873159
110	141	1.02079
110	143	1.05013
110	146	1.25987
110	152	1.01134
110	155	0.818385
110	156	1.02417
110	165	1.01196
110	168	1.03982
110	170	1.02455
110	171	1.02375
110	179	1.04407
110	180	1.33943
111	5	1.45936
111	25	1.07192
111	27	0.997894
111	38	0.993225
111	99	0.952336
111	108	0.97296
111	116	0.769327
111	117	0.934266
111	120	0.978448
111	127	0.977027
111	134	0.96391
111	136	0.959531
111	142	0.960997
111	150	0.979517
111	151	1.25138
111	154	0.971998
111	163	0.949185
111	166	0.968958
111	167	0.973576
111	168	1.12813
111	173	0.939737
111	174	0.774871
111	175	0.991195
111	178	0.990114
111	180	0.961413
112	6	0.888596
112	15	1.3654
112	31	1.00098
112	45	0.964221
112	63	1.00238
112	68	0.980214
112	72	0.986973
112	74	1.04156
112	108	1.03168
112	128	0.890139
112	142	1.01972
112	148	1.03408
112	153	0.760123
112	159	0.99604
112	163	1.00791
112	164	1.00016
112	166	1.02768
112	167	1.0323
112	169	1.01952
112	170	0.925482
112	173	0.998458
112	174	0.833593
112	177	0.995826
112	178	1.04884
112	180	1.02013
113	46	0.63578
113	55	0.619362
113	59	0.614422
113	88	0.827531
113	116	0.625879
113	125	0.867071
113	127	0.83358
113	132	0.823206
113	136	0.816084
113	137	0.832121
113	139	0.83303
113	143	0.859404
113	151	0.85248
113	152	0.820615
113	153	0.87992
113	156	0.833441
113	160	0.863054
113	161	0.877258
113	167	0.830129
113	169	0.817353
113	170	0.833824
113	171	0.833022
113	172	0.85763
113	176	0.641628
113	179	0.85334
114	5	0.922684
114	11	0.930549
114	26	0.998989
114	29	0.912341
114	63	1.07561
114	64	1.02499
114	70	0.995746
114	78	1.0245
114	80	0.928408
114	81	0.992629
114	94	1.01401
114	100	1.01359
114	123	1.04044
114	128	0.986944
114	133	1.01602
114	156	1.00518
114	157	1.02714
114	158	1.0136
114	159	1.16404
114	168	1.02084
114	170	1.00557
114	171	1.00477
114	172	1.02937
114	173	1.17938
114	174	0.803167
114	179	1.02508
115	1	1.09564
115	5	0.92911
115	18	1.007
115	47	0.99499
115	51	1.00725
115	52	1.05472
115	64	1.03142
115	73	1.00546
115	81	0.999055
115	85	0.97733
115	95	0.950467
115	101	0.80986
115	104	1.00449
115	123	1.04686
115	128	0.99337
115	144	1.01487
115	152	0.998783
115	157	1.03356
115	164	1.10003
115	165	0.999404
115	168	1.02726
115	170	1.01199
115	172	1.0358
115	173	1.15363
115	176	0.819797
115	179	1.03151
116	87	0.626031
116	109	0.816911
116	111	0.769327
116	113	0.625879
116	123	0.870943
116	124	0.817301
116	126	0.865956
116	127	0.835829
116	128	0.817451
116	129	0.795808
116	137	0.83437
116	151	0.85473
116	159	0.796121
116	160	0.865304
116	167	0.832379
116	168	0.851346
116	169	0.819603
116	171	0.835272
116	172	0.859879
116	173	0.798539
116	174	0.633673
116	175	0.849997
116	176	0.643878
116	179	0.85559
116	180	0.820215
117	21	0.877942
117	29	1.40716
117	30	1.01035
117	62	1.03198
117	73	0.926365
117	80	0.999288
117	82	1.00777
117	83	0.982449
117	94	0.926222
117	111	0.934266
117	130	0.98593
117	132	0.990396
117	137	1.00327
117	138	0.975322
117	146	0.964783
117	148	0.999105
117	154	0.99574
117	159	0.96106
117	163	0.972927
117	166	0.992699
117	167	0.997318
117	169	0.984542
117	175	1.01494
117	177	0.960846
117	178	1.01386
117	180	0.985154
118	4	0.95436
118	12	0.992316
118	21	0.816578
118	25	0.747675
118	55	0.853169
118	68	1.01185
118	93	1.03333
118	107	1.04402
118	121	0.985388
118	122	1.07839
118	127	1.06739
118	129	1.02737
118	138	1.04194
118	142	1.05136
118	146	1.0314
118	147	0.962093
118	154	1.06236
118	159	1.02768
118	163	1.03954
118	166	1.05932
118	167	1.06394
118	169	1.05116
118	172	0.808308
118	174	0.865231
118	177	1.02746
118	178	1.08047
118	180	1.05177
119	3	0.927307
119	21	1.03582
119	23	1.02405
119	31	1.33076
119	56	0.9709
119	60	0.811429
119	66	1.02541
119	76	1.15707
119	87	0.813155
119	88	1.0169
119	101	0.821065
119	107	0.896157
119	124	1.00442
119	125	1.05644
119	126	1.05308
119	137	1.02149
119	145	1.04683
119	147	1.03937
119	151	1.04185
119	153	1.06929
119	160	1.05243
119	161	1.06663
119	162	1.05856
119	163	1.06055
119	166	1.0377
119	174	0.820797
119	176	0.831001
120	1	0.982823
120	7	0.686877
120	49	0.967887
120	75	1.06966
120	78	0.965559
120	89	0.994253
120	90	1.0386
120	102	1.01142
120	108	1.04088
120	111	0.978448
120	122	1.05595
120	123	0.759695
120	127	1.04495
120	130	1.03011
120	132	1.03458
120	142	1.02892
120	149	1.05769
120	160	0.951269
120	164	1.00936
120	165	0.889071
120	166	1.03688
120	169	1.02872
120	173	1.00766
120	175	1.05912
120	177	1.00503
120	178	1.05804
120	180	1.02934
121	25	1.03719
121	29	0.921093
121	47	0.997317
121	64	1.03374
121	67	0.955976
121	77	0.806944
121	84	1.02777
121	86	1.00129
121	91	0.976711
121	95	0.952793
121	100	1.02235
121	106	0.81136
121	107	0.934352
121	118	0.985388
121	129	1.25023
121	143	1.0399
121	156	1.01394
121	157	1.03589
121	158	1.02235
121	159	1.26779
121	163	1.09875
121	165	1.00173
121	168	1.02959
121	171	1.01352
121	172	1.03812
121	176	0.822123
121	179	1.03384
122	1	0.992402
122	6	0.907376
122	30	1.06411
122	53	0.840332
122	63	1.02116
122	75	1.07924
122	76	0.982512
122	81	0.893519
122	118	1.07839
122	120	1.05595
122	133	1.05544
122	142	1.0385
122	143	0.643812
122	148	1.05286
122	149	1.06727
122	150	1.05702
122	156	0.951098
122	160	0.942432
122	164	1.01894
122	166	1.04646
122	170	0.902132
122	173	1.01724
122	175	1.0687
122	177	1.01461
122	178	1.06762
122	179	0.893911
122	180	1.03891
123	14	1.02255
123	63	0.974286
123	67	1.02054
123	70	1.06907
123	78	1.09782
123	80	0.827089
123	81	1.06595
123	95	1.01736
123	109	1.05973
123	110	1.05942
123	114	1.04044
123	115	1.04686
123	116	0.870943
123	120	0.759695
123	128	1.06027
123	138	0.982132
123	155	0.872722
123	156	1.0785
123	157	1.10046
123	158	1.08692
123	159	1.06272
123	170	1.07889
123	171	1.07809
123	174	0.876487
123	175	0.940826
123	176	0.886692
123	179	1.0984
124	21	1.03787
124	35	1.02105
124	41	0.964959
124	57	0.98278
124	66	1.02745
124	79	0.979948
124	88	1.01895
124	89	1.00818
124	106	0.822287
124	116	0.817301
124	119	1.00442
124	125	1.05849
124	126	1.05513
124	135	0.800006
124	138	1.2992
124	140	0.819132
124	145	1.04888
124	147	1.04142
124	149	1.1192
124	151	1.0439
124	154	1.04805
124	155	0.81908
124	160	1.05448
124	161	1.06868
124	162	1.06061
124	174	0.822845
124	178	1.21027
124	179	1.08713
125	3	0.981375
125	21	1.08989
125	28	0.776516
125	35	1.07307
125	41	1.01698
125	60	0.865497
125	79	1.03197
125	86	0.685576
125	88	1.07097
125	89	1.0602
125	103	1.29308
125	113	0.867071
125	119	1.05644
125	124	1.05849
125	131	0.858559
125	135	0.852026
125	137	1.07556
125	139	0.982341
125	140	0.871152
125	145	1.1009
125	147	1.09344
125	153	1.12336
125	154	0.858444
125	160	1.1065
125	161	1.1207
125	162	1.11262
125	174	0.874865
125	177	1.13607
126	13	0.978304
126	15	1.0069
126	21	1.08652
126	29	1.23665
126	41	1.01361
126	42	0.945664
126	55	0.859438
126	66	1.07611
126	79	1.0286
126	83	0.928825
126	88	1.06761
126	93	1.0201
126	97	1.08821
126	116	0.865956
126	119	1.05308
126	124	1.05513
126	127	0.914888
126	131	0.855194
126	135	0.848661
126	137	1.0722
126	140	0.867787
126	145	1.09753
126	147	1.09007
126	149	0.846297
126	152	0.906446
126	153	1.12
126	160	1.10313
126	162	1.10926
126	174	0.8715
127	1	0.981402
127	19	1.05656
127	34	0.935901
127	88	1.01868
127	105	0.986699
127	111	0.977027
127	113	0.83358
127	116	0.835829
127	118	1.06739
127	120	1.04495
127	126	0.914888
127	128	0.986656
127	134	1.03041
127	138	1.01808
127	139	1.04298
127	142	1.0275
127	144	1.01447
127	148	1.04187
127	153	0.85664
127	159	1.00382
127	163	1.01569
127	164	1.00794
127	166	1.03546
127	167	1.04008
127	173	1.00624
127	177	1.00361
127	178	1.05662
127	179	1.01378
127	180	1.02792
128	11	0.950378
128	24	1.01712
128	34	1.02537
128	43	1.04277
128	47	1.00839
128	67	0.967053
128	81	1.01246
128	95	0.96387
128	100	1.03342
128	104	1.01789
128	109	1.00623
128	112	0.890139
128	114	0.986944
128	115	0.99337
128	116	0.817451
128	123	1.06027
128	127	0.986656
128	134	0.905501
128	143	1.05098
128	146	1.15366
128	148	0.950868
128	157	1.04697
128	165	1.01281
128	167	1.03844
128	168	1.04067
128	170	1.0254
128	171	1.02459
128	172	1.0492
128	179	1.04491
129	17	1.00439
129	27	1.02438
129	36	0.903316
129	58	0.958409
129	68	0.947974
129	74	1.00932
129	102	0.969977
129	105	0.946678
129	109	1.16137
129	116	0.795808
129	118	1.02737
129	121	1.25023
129	132	0.993135
129	136	0.986012
129	138	0.978062
129	144	0.974452
129	145	1.09937
129	154	0.99848
129	159	0.9638
129	160	1.23673
129	163	0.975666
129	164	0.967921
129	169	0.987282
129	173	0.966218
129	174	0.801352
129	175	1.01768
129	177	0.963586
129	178	1.0166
129	180	0.987894
130	8	1.08755
130	65	1.61971
130	69	1.06341
130	91	0.830558
130	93	0.994638
130	103	0.974225
130	108	1.02462
130	110	0.873159
130	117	0.98593
130	120	1.03011
130	132	1.01832
130	134	1.01557
130	138	1.00324
130	140	0.822822
130	141	0.848451
130	144	0.999635
130	146	0.992705
130	150	1.03118
130	154	1.02366
130	157	0.703866
130	163	1.00085
130	164	0.993104
130	166	1.02062
130	167	1.02524
130	170	0.802296
130	173	0.991401
130	177	0.988769
130	178	1.04178
130	180	1.01308
131	23	0.826166
131	51	0.820571
131	63	0.791696
131	65	0.693678
131	93	0.791014
131	125	0.858559
131	126	0.855194
131	135	0.600072
131	143	0.850891
131	147	0.841485
131	149	0.837809
131	151	0.843968
131	153	0.871408
131	155	0.619146
131	156	0.824929
131	157	0.846882
131	158	0.833341
131	159	0.785359
131	160	0.854542
131	161	0.868745
131	166	0.816998
131	169	0.808841
131	171	0.82451
131	174	0.622911
131	175	0.839235
131	176	0.633116
131	178	0.838155
131	179	0.844828
131	180	0.809453
132	6	0.886003
132	36	0.932964
132	54	1.09142
132	58	0.988057
132	68	0.977622
132	70	0.856556
132	83	1.01484
132	99	1.00846
132	104	0.954558
132	113	0.823206
132	117	0.990396
132	120	1.03458
132	129	0.993135
132	130	1.01832
132	136	1.01566
132	138	1.00771
132	148	1.03149
132	154	1.02813
132	156	1.04968
132	161	0.982909
132	162	1.03705
132	163	1.00531
132	164	0.997569
132	165	0.978816
132	166	1.02509
132	173	0.995866
132	175	1.04732
132	177	0.993234
132	178	1.04624
132	180	1.01754
133	31	1.00967
133	44	0.824683
133	49	0.967373
133	50	1.01498
133	71	0.976211
133	72	0.995661
133	80	1.04296
133	84	0.947235
133	85	1.01908
133	100	0.939566
133	104	1.01982
133	114	1.01602
133	122	1.05544
133	136	1.02694
133	138	1.01899
133	140	0.838567
133	144	1.01538
133	150	1.04693
133	154	1.03941
133	157	0.967548
133	161	1.04817
133	163	1.01659
133	164	1.00885
133	167	1.04099
133	173	1.00715
133	174	0.842281
133	175	1.0586
133	177	1.00451
133	178	1.05752
133	180	1.02882
134	36	0.93022
134	41	1.29107
134	72	0.981636
134	76	0.958396
134	83	1.01209
134	100	0.814432
134	103	0.975947
134	111	0.96391
134	127	1.03041
134	128	0.905501
134	130	1.01557
134	139	1.02986
134	144	1.00136
134	149	1.04315
134	150	1.0329
134	154	1.02538
134	156	0.98981
134	159	0.990704
134	162	0.977177
134	163	1.00257
134	164	0.994825
134	166	1.02234
134	167	1.02696
134	173	0.993122
134	175	1.04458
134	176	0.838461
134	177	0.99049
134	178	1.0435
134	179	0.932623
134	180	1.0148
135	6	0.671381
135	10	0.864703
135	52	0.861511
135	84	0.832227
135	102	0.785003
135	109	0.799616
135	124	0.800006
135	125	0.852026
135	126	0.848661
135	131	0.600072
135	140	0.612665
135	145	0.842413
135	147	0.834952
135	148	0.816871
135	153	0.864875
135	157	0.840349
135	160	0.848009
135	161	0.862212
135	164	0.782947
135	165	0.80619
135	167	0.815084
135	172	0.842584
135	173	0.781244
135	175	0.832702
135	176	0.626583
135	177	0.778612
135	178	0.831622
135	179	0.838295
135	180	0.80292
136	22	1.27746
136	38	1.04223
136	42	1.51387
136	63	0.992662
136	76	0.954016
136	83	1.00771
136	85	1.00067
136	91	0.854264
136	105	0.969203
136	107	1.00267
136	111	0.959531
136	113	0.816084
136	129	0.986012
136	132	1.01566
136	133	1.02694
136	139	1.02548
136	144	0.996977
136	148	1.02437
136	149	1.03878
136	150	1.02852
136	151	0.821545
136	159	0.986325
136	164	0.990446
136	166	1.01796
136	167	1.02258
136	171	0.830776
136	174	0.823877
136	177	0.986111
136	178	1.03912
136	179	0.81778
136	180	1.01042
137	3	0.946425
137	13	0.946719
137	15	0.975311
137	42	0.914078
137	45	1.05578
137	56	0.990018
137	66	1.04452
137	77	0.83494
137	79	0.997017
137	88	1.03602
137	89	1.02525
137	90	1.00268
137	97	1.05662
137	113	0.832121
137	116	0.83437
137	117	1.00327
137	119	1.02149
137	125	1.07556
137	126	1.0722
137	144	1.10089
137	145	1.06595
137	147	1.05849
137	148	0.996527
137	153	1.08841
137	155	0.836149
137	159	1.2243
137	160	1.07155
137	161	1.08575
137	162	1.07767
137	163	1.05526
137	176	0.850119
138	19	1.03112
138	23	1.05585
138	46	0.820283
138	52	0.895754
138	72	0.969307
138	83	0.999763
