1	5	0.894606
1	22	0.871045
1	29	0.870481
1	33	0.847351
1	41	0.848226
1	44	0.851791
1	45	0.768899
1	46	0.850916
1	48	0.831894
1	120	0.8045
1	161	2.42611
1	176	3.6618
2	19	1.00744
2	24	0.896503
2	32	0.959573
2	35	0.948111
2	42	0.964322
2	47	0.943756
2	131	0.945976
2	132	1.23707
2	150	0.934748
2	151	0.849753
2	162	3.97531
2	167	1.72425
3	10	1.01199
3	31	0.913999
3	38	0.983262
3	57	0.950316
3	61	0.94926
3	62	0.960293
3	63	0.947635
3	136	2.44645
3	140	1.35444
3	142	0.839749
3	157	0.896632
3	175	3.24085
4	7	0.801096
4	17	1.01111
4	18	0.95239
4	25	0.819687
4	26	0.913451
4	110	2.09569
4	124	0.81583
4	137	0.734611
4	138	0.79835
4	157	0.796371
4	165	3.33138
4	175	0.794392
5	1	0.894606
5	22	0.972006
5	29	0.971442
5	33	0.948312
5	41	0.949187
5	44	0.952752
5	45	0.869861
5	46	0.951877
5	48	0.932855
5	88	1.6403
5	158	7.07647
5	168	1.84671
6	85	0.990202
6	97	0.0354548
6	116	0.0412435
6	118	0.902981
6	141	0.983551
6	160	0.942882
6	164	0.953774
6	171	0.926287
6	174	0.889937
6	177	0.913727
6	179	0.888454
6	180	0.905966
7	4	0.801096
7	15	0.931204
7	17	0.988715
7	18	0.929997
7	25	0.797294
7	26	0.891058
7	85	2.07507
7	123	3.35779
7	137	0.712218
7	138	0.775957
7	157	0.773978
7	175	0.771999
8	10	0.926506
8	31	0.828511
8	38	0.897774
8	57	0.864827
8	61	0.863772
8	62	0.874805
8	63	0.862147
8	127	0.767929
8	138	2.52227
8	142	0.754261
8	143	2.95787
8	157	0.811144
9	71	0.805564
9	87	0.836949
9	99	0.821007
9	103	0.820373
9	105	0.813471
9	110	2.58966
9	113	0.840255
9	114	0.833367
9	115	0.921741
9	116	0.875147
9	118	0.86665
9	147	2.44532
10	3	1.01199
10	8	0.926506
10	31	0.901982
10	38	0.971245
10	57	0.938298
10	61	0.937243
10	62	0.948276
10	63	0.935618
10	149	1.94862
10	154	1.95934
10	157	0.884615
10	167	3.11553
11	13	0.830791
11	50	0.872182
11	51	0.867839
11	54	0.86805
11	55	0.854233
11	58	0.854114
11	110	1.70189
11	134	0.862547
11	150	0.856922
11	151	0.771927
11	170	5.00417
11	172	0.779467
12	19	0.918499
12	24	0.807559
12	32	0.870629
12	35	0.859167
12	42	0.875377
12	47	0.854812
12	125	1.20896
12	131	0.857032
12	145	0.796216
12	150	0.845804
12	151	0.760809
12	177	4.99278
13	11	0.830791
13	28	0.90476
13	50	0.866942
13	51	0.862599
13	55	0.848993
13	58	0.848875
13	134	0.857307
13	150	0.851682
13	151	0.766687
13	154	2.57953
13	165	3.27108
13	172	0.774227
14	16	0.88134
14	21	0.879519
14	34	0.84208
14	37	0.84517
14	40	0.828189
14	43	0.84369
14	53	0.820875
14	60	0.884466
14	131	0.837874
14	145	0.777058
14	159	1.9159
14	176	4.20768
15	7	0.931204
15	17	0.879948
15	25	0.949795
15	26	1.04356
15	124	0.945938
15	137	0.864719
15	138	0.928458
15	152	3.12351
15	157	0.926479
15	159	1.7914
15	164	2.47387
15	175	0.924501
16	14	0.88134
16	21	0.98538
16	34	0.947941
16	37	0.951031
16	39	0.939816
16	40	0.93405
16	53	0.926736
16	60	0.990327
16	64	1.35673
16	88	1.80766
16	138	3.07521
16	145	0.882919
17	4	1.01111
17	7	0.988715
17	15	0.879948
17	18	0.878741
17	25	0.746037
17	26	0.794324
17	137	0.660961
17	138	0.7247
17	155	4.62786
17	157	0.722721
17	175	0.982011
17	179	3.98022
18	4	0.95239
18	7	0.929997
18	17	0.878741
18	25	0.948588
18	26	1.04235
18	95	1.04001
18	137	0.863512
18	138	0.927251
18	153	2.83018
18	157	0.925272
18	168	3.79485
18	175	0.923293
19	2	1.00744
19	12	0.918499
19	32	0.975333
19	35	0.963871
19	70	0.95847
19	127	0.853013
19	131	0.961736
19	141	1.55963
19	145	0.90092
19	151	0.865513
19	157	3.12227
19	167	2.31604
20	76	0.895394
20	77	0.891641
20	83	0.884195
20	86	0.87713
20	89	0.866707
20	90	0.873197
20	121	2.37955
20	141	3.32989
20	152	0.783767
20	156	0.781337
20	162	0.777737
20	172	0.791168
21	14	0.879519
21	16	0.98538
21	34	0.94612
21	39	0.937995
21	40	0.932229
21	43	0.94773
21	53	0.924915
21	60	0.988506
21	109	1.55536
21	139	2.43468
21	145	0.881098
21	175	3.04582
22	1	0.871045
22	5	0.972006
22	29	0.947881
22	33	0.924751
22	41	0.925626
22	44	0.929191
22	45	0.8463
22	46	0.928316
22	48	0.909294
22	112	4.02058
22	120	0.881901
22	151	1.62759
22	171	2.38411
23	27	1.29425
23	87	0.380103
23	131	1.03984
23	159	0.973192
23	169	0.922895
23	170	0.902333
23	171	0.918288
23	173	0.883873
23	176	0.901086
23	177	0.905727
23	178	0.894993
23	179	0.880455
23	180	0.897966
24	2	0.896503
24	12	0.807559
24	32	0.864392
24	35	0.85293
24	42	0.869141
24	47	0.848575
24	127	0.742072
24	131	0.850795
24	145	0.789979
24	148	4.11511
24	150	0.839568
24	151	0.754572
24	154	1.98646
25	4	0.819687
25	7	0.797294
25	15	0.949795
25	17	0.746037
25	18	0.948588
25	26	0.909649
25	64	1.72891
25	124	0.812028
25	137	0.730808
25	138	0.794547
25	157	0.792569
25	167	4.10887
25	175	0.79059
26	4	0.913451
26	7	0.891058
26	15	1.04356
26	17	0.794324
26	18	1.04235
26	25	0.909649
26	124	0.905792
26	137	0.824573
26	149	2.88204
26	157	0.886333
26	158	7.02353
26	170	2.54566
26	175	0.884354
27	23	1.29425
27	28	0.891755
27	50	0.853938
27	51	0.849595
27	54	0.849806
27	55	0.835988
27	58	0.83587
27	104	0.802698
27	134	0.844303
27	147	3.27239
27	150	0.838678
27	151	0.753683
27	172	0.761223
28	13	0.90476
28	27	0.891755
28	50	0.94615
28	51	0.941807
28	54	0.942018
28	55	0.928201
28	58	0.928083
28	80	1.33124
28	149	1.30254
28	150	0.930891
28	151	0.845895
28	172	0.853435
28	180	4.6927
29	1	0.870481
29	5	0.971442
29	22	0.947881
29	33	0.924187
29	41	0.925063
29	44	0.928628
29	45	0.845736
29	46	0.927752
29	48	0.908731
29	120	0.881337
29	143	1.96705
29	170	3.78744
29	171	2.73075
30	36	0.77928
30	72	0.809785
30	78	0.859735
30	82	0.851599
30	84	0.842773
30	93	0.841222
30	95	2.14677
30	96	0.876967
30	97	0.869832
30	102	0.869614
30	123	3.70809
30	138	0.782068
30	175	0.77811
31	3	0.913999
31	8	0.828511
31	10	0.901982
31	38	0.87325
31	57	0.840303
31	61	0.839248
31	62	0.850281
31	63	0.837623
31	109	2.94239
31	127	0.743405
31	142	0.729737
31	157	0.78662
31	165	3.16405
32	2	0.959573
32	12	0.870629
32	19	0.975333
32	24	0.864392
32	35	0.916001
32	42	0.932211
32	47	0.911645
32	119	3.2816
32	125	1.73188
32	127	0.805142
32	145	0.85305
32	146	2.80524
32	150	0.902638
32	151	0.817643
33	1	0.847351
33	5	0.948312
33	22	0.924751
33	29	0.924187
33	41	0.901932
33	44	0.905497
33	45	0.822606
33	46	0.904622
33	48	0.8856
33	64	0.89947
33	120	0.858207
33	146	2.11027
33	164	2.0587
33	178	5.12177
34	14	0.84208
34	16	0.947941
34	21	0.94612
34	37	0.911771
34	39	0.900556
34	40	0.89479
34	43	0.910291
34	53	0.887476
34	60	0.951067
34	112	0.789815
34	127	4.48356
34	132	1.26305
34	145	0.843659
34	167	1.7353
35	2	0.948111
35	12	0.859167
35	19	0.963871
35	24	0.85293
35	32	0.916001
35	42	0.920749
35	47	0.900184
35	64	0.901211
35	128	1.82832
35	145	0.841588
35	150	0.891176
35	151	0.806181
35	172	3.29576
35	177	3.8224
36	30	0.77928
36	68	0.861129
36	72	0.798141
36	82	0.839954
36	93	0.829577
36	94	0.881364
36	96	0.865323
36	97	0.858188
36	98	3.61638
36	102	0.857969
36	121	2.68564
36	138	0.770423
36	156	0.735438
36	175	0.766465
37	14	0.84517
37	16	0.951031
37	34	0.911771
37	39	0.903646
37	40	0.89788
37	43	0.913381
37	53	0.890566
37	60	0.954157
37	112	0.792905
37	126	2.94086
37	131	0.907565
37	145	0.846749
37	149	1.39662
37	174	6.01404
38	3	0.983262
38	8	0.897774
38	10	0.971245
38	31	0.87325
38	57	0.909566
38	61	0.90851
38	62	0.919544
38	63	0.906885
38	88	1.09068
38	111	2.14083
38	127	0.812668
38	142	0.799
38	151	3.93939
38	157	0.855883
39	16	0.939816
39	21	0.937995
39	34	0.900556
39	37	0.903646
39	40	0.886665
39	43	0.902165
39	53	0.87935
39	60	0.942942
39	112	0.781689
39	120	1.74425
39	124	2.15495
39	131	0.89635
39	145	0.835534
39	171	3.94732
40	14	0.828189
40	16	0.93405
40	21	0.932229
40	34	0.89479
40	37	0.89788
40	39	0.886665
40	43	0.8964
40	53	0.873585
40	60	0.937176
40	108	1.72001
40	128	2.19661
40	131	0.890584
40	145	0.829768
40	147	2.16786
41	1	0.848226
41	5	0.949187
41	22	0.925626
41	29	0.925063
41	33	0.901932
41	44	0.906373
41	45	0.823481
41	46	0.905498
41	48	0.886476
41	64	0.900346
41	74	0.840459
41	148	1.46033
41	172	2.37314
41	178	4.27874
42	2	0.964322
42	12	0.875377
42	24	0.869141
42	32	0.932211
42	35	0.920749
42	47	0.916394
42	74	3.21753
42	112	3.77942
42	127	0.809891
42	130	2.48505
42	131	0.918614
42	145	0.857798
42	150	0.907386
42	151	0.822391
43	14	0.84369
43	21	0.94773
43	34	0.910291
43	37	0.913381
43	39	0.902165
43	40	0.8964
43	53	0.889085
43	60	0.952676
43	112	0.791424
43	131	0.906084
43	133	2.94714
43	145	0.845269
43	154	1.46075
43	164	3.34474
44	1	0.851791
44	5	0.952752
44	22	0.929191
44	29	0.928628
44	33	0.905497
44	41	0.906373
44	45	0.827046
44	46	0.909063
44	48	0.890041
44	74	0.844024
44	120	0.862647
44	130	3.33449
44	140	1.34952
44	177	3.72811
45	1	0.768899
45	5	0.869861
45	22	0.8463
45	29	0.845736
45	33	0.822606
45	41	0.823481
45	44	0.827046
45	46	0.826171
45	48	0.807149
45	64	0.821019
45	74	0.761132
45	120	0.779755
45	132	2.67837
45	138	3.49583
46	1	0.850916
46	5	0.951877
46	22	0.928316
46	29	0.927752
46	33	0.904622
46	41	0.905498
46	44	0.909063
46	45	0.826171
46	48	0.889166
46	74	0.843149
46	108	1.27181
46	110	1.11276
46	120	0.861772
46	176	5.1502
47	2	0.943756
47	12	0.854812
47	24	0.848575
47	32	0.911645
47	35	0.900184
47	42	0.916394
47	64	0.896856
47	127	0.789325
47	129	1.84895
47	131	0.898049
47	143	1.78022
47	145	0.837233
47	150	0.886821
47	151	0.801826
47	162	4.25718
48	1	0.831894
48	5	0.932855
48	22	0.909294
48	29	0.908731
48	33	0.8856
48	41	0.886476
48	44	0.890041
48	45	0.807149
48	46	0.889166
48	64	0.884014
48	74	0.824127
48	120	0.84275
48	128	1.65441
48	129	3.31315
48	140	2.38808
49	59	1.07462
49	60	0.532019
49	88	0.90322
49	123	0.807316
49	126	0.841478
49	132	0.880809
49	147	0.847344
49	164	0.811881
49	167	0.810995
49	170	0.76844
49	171	0.784395
49	176	0.767193
49	177	0.771834
49	179	0.746562
49	180	0.764073
50	11	0.872182
50	13	0.866942
50	27	0.853938
50	28	0.94615
50	51	0.903989
50	54	0.9042
50	55	0.890383
50	58	0.890265
50	74	2.18247
50	104	0.857093
50	126	1.85085
50	150	0.893073
50	151	0.808078
50	172	0.815617
50	179	6.17646
51	11	0.867839
51	13	0.862599
51	27	0.849595
51	28	0.941807
51	50	0.903989
51	54	0.899857
51	55	0.88604
51	58	0.885922
51	70	1.40365
51	100	1.51718
51	134	0.894354
51	150	0.88873
51	151	0.803735
51	172	0.811274
51	180	5.10737
52	61	3.06878
52	74	0.776171
52	128	0.858446
52	160	0.772248
52	163	0.770988
52	170	0.739699
52	171	0.755653
52	173	0.721239
52	174	0.719303
52	176	0.738451
52	177	0.743093
52	178	0.732358
52	179	0.71782
52	180	0.735332
53	14	0.820875
53	16	0.926736
53	21	0.924915
53	34	0.887476
53	37	0.890566
53	39	0.87935
53	40	0.873585
53	43	0.889085
53	60	0.929861
53	104	2.10806
53	112	0.768609
53	131	0.883269
53	145	0.822453
53	156	2.15674
53	166	6.73029
54	11	0.86805
54	27	0.849806
54	28	0.942018
54	50	0.9042
54	51	0.899857
54	55	0.886251
54	58	0.886133
54	104	0.852961
54	133	2.65074
54	134	0.894566
54	143	2.09465
54	150	0.888941
54	151	0.803946
54	172	0.811486
54	175	3.12472
55	11	0.854233
55	13	0.848993
55	27	0.835988
55	28	0.928201
55	50	0.890383
55	51	0.88604
55	54	0.886251
55	58	0.872316
55	70	2.09834
55	104	0.839144
55	120	3.05193
55	134	0.880748
55	141	2.82239
55	150	0.875124
55	151	0.790129
55	172	0.797668
56	62	0.713537
56	134	1.14312
56	149	0.940074
56	150	1.23265
56	155	0.829877
56	159	0.916235
56	164	0.888817
56	168	0.87424
56	170	0.845377
56	171	0.861331
56	174	0.824981
56	176	0.844129
56	177	0.848771
56	178	0.838036
56	179	0.823498
56	180	0.84101
57	3	0.950316
57	8	0.864827
57	10	0.938298
57	31	0.840303
57	38	0.909566
57	61	0.875564
57	62	0.886597
57	63	0.873939
57	70	0.885178
57	74	0.827365
57	127	0.779721
57	142	0.766053
57	153	2.00562
57	157	0.822936
57	170	3.64478
57	177	3.3238
58	11	0.854114
58	13	0.848875
58	27	0.83587
58	28	0.928083
58	50	0.890265
58	51	0.885922
58	54	0.886133
58	55	0.872316
58	104	0.839026
58	134	0.88063
58	136	2.64957
58	150	0.875005
58	151	0.79001
58	154	1.48361
58	156	4.51698
58	172	0.79755
59	49	1.07462
59	73	0.830251
59	79	0.876658
59	92	0.851805
59	99	0.843505
59	101	0.836133
59	103	0.842871
59	105	0.835968
59	107	0.878982
59	108	1.72048
59	113	0.862752
59	114	0.855865
59	115	0.944238
59	116	0.897644
59	118	0.889148
59	178	5.36069
60	14	0.884466
60	16	0.990327
60	21	0.988506
60	34	0.951067
60	37	0.954157
60	39	0.942942
60	40	0.937176
60	43	0.952676
60	49	0.532019
60	53	0.929861
60	112	0.8322
60	131	0.946861
60	145	0.886045
60	161	2.12863
60	162	3.27827
60	168	3.08562
61	3	0.94926
61	8	0.863772
61	10	0.937243
61	31	0.839248
61	38	0.90851
61	52	3.06878
61	57	0.875564
61	62	0.885541
61	63	0.872883
61	70	0.884122
61	74	0.826309
61	109	1.34911
61	127	0.778665
61	142	0.764997
61	157	0.82188
61	175	2.83958
62	3	0.960293
62	8	0.874805
62	10	0.948276
62	31	0.850281
62	38	0.919544
62	56	0.713537
62	57	0.886597
62	61	0.885541
62	63	0.883916
62	70	0.895156
62	127	0.789698
62	128	1.05028
62	142	0.77603
62	157	0.832913
62	172	4.75146
63	3	0.947635
63	8	0.862147
63	10	0.935618
63	31	0.837623
63	38	0.906885
63	57	0.873939
63	61	0.872883
63	62	0.883916
63	70	0.882497
63	74	0.824684
63	127	0.77704
63	135	1.48394
63	142	0.763372
63	157	0.820255
63	162	3.48924
63	180	3.46145
64	16	1.35673
64	25	1.72891
64	33	0.89947
64	35	0.901211
64	41	0.900346
64	45	0.821019
64	47	0.896856
64	48	0.884014
64	72	1.05371
64	119	0.849741
64	149	0.896222
64	150	0.887848
64	151	0.802853
64	174	0.781129
64	178	0.794184
64	179	0.779646
64	180	0.797158
65	66	0.910761
65	69	0.970146
65	76	0.957068
65	77	0.953315
65	81	0.951544
65	83	0.945869
65	86	0.938804
65	89	0.92838
65	90	0.93487
65	91	0.932606
65	95	1.22446
65	132	1.4681
65	148	3.91952
65	152	0.845441
65	162	0.83941
65	165	2.48242
65	172	0.852842
66	65	0.910761
66	69	0.898127
66	77	0.881295
66	81	0.879525
66	83	0.873849
66	86	0.866784
66	89	0.856361
66	90	0.862851
66	91	0.860587
66	111	1.69927
66	119	2.75595
66	134	0.863902
66	150	0.858277
66	156	0.770991
66	162	0.767391
66	171	4.25435
66	172	0.780822
67	91	3.97465
67	109	0.824255
67	129	0.765718
67	141	0.789048
67	148	0.752955
67	159	0.786688
67	160	0.748379
67	163	0.747119
67	164	0.75927
67	166	0.695879
67	168	0.744693
67	169	0.736391
67	171	0.731784
67	174	0.695434
67	178	0.708489
67	179	0.693951
67	180	0.711463
68	36	0.861129
68	72	0.891635
68	78	0.941585
68	82	0.933448
68	84	0.924622
68	93	0.923071
68	94	0.974857
68	96	0.958816
68	97	0.951682
68	102	0.951463
68	130	3.48046
68	152	0.831362
68	154	1.44037
68	156	0.828932
68	162	0.825331
68	169	2.7031
68	172	3.34744
68	175	0.859959
69	65	0.970146
69	66	0.898127
69	77	0.94068
69	81	0.93891
69	83	0.933235
69	86	0.92617
69	89	0.915746
69	90	0.922236
69	91	0.919972
69	108	0.713045
69	134	0.923287
69	144	3.34888
69	152	0.832806
69	156	0.830377
69	162	0.826776
69	164	2.66643
69	172	0.840207
69	175	2.74281
70	19	0.95847
70	51	1.40365
70	55	2.09834
70	57	0.885178
70	61	0.884122
70	62	0.895156
70	63	0.882497
70	107	0.366514
70	145	0.836187
70	150	0.885775
70	151	0.80078
70	157	0.831495
70	161	0.82038
70	169	0.820013
70	177	0.802846
70	179	0.777573
70	180	0.795085
71	9	0.805564
71	75	0.799367
71	79	0.859411
71	87	0.842199
71	92	0.834557
71	99	0.826257
71	101	0.818886
71	103	0.825623
71	105	0.818721
71	107	0.861735
71	113	0.845505
71	114	0.838617
71	115	0.926991
71	116	0.880397
71	118	0.8719
71	125	2.05468
71	139	3.61964
71	146	3.12804
72	30	0.809785
72	36	0.798141
72	64	1.05371
72	68	0.891635
72	78	0.878596
72	82	0.87046
72	84	0.861634
72	93	0.860082
72	94	0.911869
72	96	0.895828
72	97	0.888693
72	102	0.888474
72	149	2.26677
72	152	0.768373
72	156	0.765944
72	161	4.5351
72	162	0.762343
72	175	0.796971
73	59	0.830251
73	79	0.8616
73	87	0.844388
73	92	0.836746
73	99	0.828447
73	101	0.821075
73	103	0.827813
73	105	0.82091
73	107	0.863924
73	113	0.847694
73	114	0.840807
73	115	0.92918
73	116	0.882586
73	118	0.874089
73	142	0.735339
73	154	1.81341
73	156	3.58684
73	180	3.93292
74	41	0.840459
74	42	3.21753
74	44	0.844024
74	45	0.761132
74	46	0.843149
74	48	0.824127
74	50	2.18247
74	52	0.776171
74	57	0.827365
74	61	0.826309
74	63	0.824684
74	151	0.742966
74	157	0.773681
74	169	0.7622
74	177	0.745032
74	178	0.734297
74	179	0.719759
74	180	0.737271
75	71	0.799367
75	79	0.847963
75	87	0.830752
75	92	0.82311
75	99	0.81481
75	101	0.807438
75	103	0.814176
75	105	0.807273
75	107	0.850287
75	113	0.834057
75	114	0.82717
75	115	0.915543
75	116	0.868949
75	117	2.55535
75	118	0.860453
75	120	0.801638
75	134	0.838491
75	151	2.9666
75	172	3.93219
76	20	0.895394
76	65	0.957068
76	77	0.927602
76	81	0.925832
76	83	0.920156
76	86	0.913091
76	89	0.902667
76	90	0.909157
76	91	0.906893
76	95	1.88875
76	134	0.910209
76	137	0.788544
76	142	5.30408
76	149	1.519
76	150	0.904584
76	152	0.819728
76	160	3.01172
76	162	0.813697
76	172	0.827129
77	20	0.891641
77	65	0.953315
77	66	0.881295
77	69	0.94068
77	76	0.927602
77	81	0.922078
77	83	0.916403
77	86	0.909338
77	89	0.898914
77	91	0.90314
77	100	1.6898
77	120	2.4335
77	122	1.87312
77	150	0.900831
77	152	0.815974
77	156	0.813545
77	162	0.809944
77	172	0.823376
77	174	6.99593
78	30	0.859735
78	68	0.941585
78	72	0.878596
78	82	0.92041
78	84	0.911584
78	93	0.910032
78	94	0.961819
78	96	0.945778
78	97	0.938643
78	98	1.67455
78	102	0.938424
78	112	0.799747
78	117	2.95898
78	124	2.33438
78	138	0.850878
78	152	0.818323
78	161	3.55198
78	162	0.812293
78	175	0.846921
79	59	0.876658
79	71	0.859411
79	73	0.8616
79	75	0.847963
79	80	2.09925
79	92	0.883154
79	99	0.874854
79	101	0.867482
79	103	0.87422
79	105	0.867317
79	107	0.910331
79	113	0.894101
79	114	0.887214
79	115	0.975587
79	116	0.928993
79	118	0.920496
79	132	1.75849
79	136	3.24722
79	165	2.77281
80	28	1.33124
80	79	2.09925
80	89	1.17003
80	129	0.857874
80	140	0.903394
80	141	0.881205
80	146	0.862354
80	154	0.906501
80	155	0.792486
80	158	0.788426
80	160	0.840535
80	163	0.839275
80	169	0.828548
80	170	0.807986
80	174	0.78759
80	177	0.811381
80	178	0.800646
80	179	0.786108
80	180	0.803619
81	65	0.951544
81	66	0.879525
81	69	0.93891
81	76	0.925832
81	77	0.922078
81	83	0.914633
81	86	0.907568
81	89	0.897144
81	90	0.903634
81	91	0.90137
81	119	2.36246
81	129	2.02749
81	134	0.904685
81	145	2.35567
81	152	0.814204
81	156	0.811775
81	162	0.808174
81	168	4.24307
81	172	0.821605
82	30	0.851599
82	36	0.839954
82	68	0.933448
82	72	0.87046
82	78	0.92041
82	84	0.903447
82	93	0.901896
82	94	0.953683
82	96	0.937641
82	97	0.930507
82	102	0.930288
82	120	1.47032
82	131	0.906271
82	140	1.88778
82	142	5.79592
82	145	2.16821
82	156	0.807757
82	162	0.804157
82	175	0.838784
83	20	0.884195
83	65	0.945869
83	66	0.873849
83	69	0.933235
83	76	0.920156
83	77	0.916403
83	81	0.914633
83	86	0.901892
83	89	0.891468
83	90	0.897958
83	91	0.895694
83	100	1.50066
83	124	2.7514
83	129	2.71041
83	134	0.89901
83	152	0.808529
83	153	3.96131
83	162	0.802498
83	172	0.81593
84	30	0.842773
84	68	0.924622
84	72	0.861634
84	78	0.911584
84	82	0.903447
84	93	0.89307
84	94	0.944857
84	96	0.928816
84	97	0.921681
84	102	0.921462
84	131	0.897445
84	138	0.833916
84	141	1.77631
84	152	0.801361
84	154	1.37653
84	156	0.798931
84	162	0.795331
84	167	2.53272
84	175	0.829959
84	176	4.86983
85	6	0.990202
85	7	2.07507
85	97	0.941078
85	106	0.815323
85	109	0.893461
85	115	0.27575
85	121	0.871297
85	132	0.897405
85	159	0.855894
85	161	0.805965
85	164	0.828477
85	166	0.765085
85	168	0.813899
85	170	0.785036
85	171	0.80099
85	174	0.76464
85	177	0.78843
85	178	0.777695
85	179	0.763157
85	180	0.780669
86	20	0.87713
86	65	0.938804
86	66	0.866784
86	69	0.92617
86	76	0.913091
86	77	0.909338
86	81	0.907568
86	83	0.901892
86	89	0.884403
86	90	0.890893
86	91	0.888629
86	104	3.3058
86	121	1.96965
86	125	2.30448
86	140	2.59416
86	150	0.88632
86	152	0.801464
86	156	0.799034
86	162	0.795433
86	172	0.808865
87	9	0.836949
87	23	0.380103
87	71	0.842199
87	73	0.844388
87	75	0.830752
87	92	0.865942
87	99	0.857642
87	101	0.850271
87	103	0.857008
87	104	0.839719
87	105	0.850106
87	107	0.893119
87	113	0.87689
87	114	0.870002
87	115	0.958376
87	116	0.911782
87	118	0.903285
87	124	0.840877
87	135	3.69249
87	147	1.60207
87	151	4.36641
88	5	1.6403
88	16	1.80766
88	38	1.09068
88	49	0.90322
88	117	0.905708
88	130	0.877706
88	135	0.891762
88	144	0.862263
88	146	0.894314
88	150	0.168704
88	159	0.910805
88	160	0.872495
88	161	0.860875
88	163	0.871235
88	169	0.860508
88	173	0.821486
88	176	0.838699
88	177	0.84334
88	178	0.832606
88	179	0.818068
88	180	0.835579
89	20	0.866707
89	65	0.92838
89	66	0.856361
89	69	0.915746
89	76	0.902667
89	77	0.898914
89	80	1.17003
89	81	0.897144
89	83	0.891468
89	86	0.884403
89	90	0.88047
89	91	0.878206
89	134	0.881521
89	137	0.759856
89	140	1.226
89	144	3.71848
89	150	0.875897
89	152	0.79104
89	156	0.78861
89	169	3.54916
89	172	0.798441
90	20	0.873197
90	65	0.93487
90	66	0.862851
90	69	0.922236
90	76	0.909157
90	81	0.903634
90	83	0.897958
90	86	0.890893
90	89	0.88047
90	91	0.884696
90	104	1.48614
90	108	1.77465
90	134	0.888011
90	137	0.766346
90	150	0.882387
90	152	0.79753
90	156	0.7951
90	161	2.95817
90	162	0.7915
90	172	0.804931
90	178	5.64761
91	65	0.932606
91	66	0.860587
91	67	3.97465
91	69	0.919972
91	76	0.906893
91	77	0.90314
91	81	0.90137
91	83	0.895694
91	86	0.888629
91	89	0.878206
91	90	0.884696
91	117	2.28567
91	132	1.79493
91	134	0.885747
91	137	0.764082
91	150	0.880123
91	152	0.795266
91	156	0.792836
91	157	2.58347
91	162	0.789236
91	172	0.802667
92	59	0.851805
92	71	0.834557
92	73	0.836746
92	75	0.82311
92	79	0.883154
92	87	0.865942
92	99	0.85
92	101	0.842629
92	103	0.849366
92	105	0.842464
92	107	0.885477
92	113	0.869248
92	114	0.86236
92	115	0.950734
92	116	0.90414
92	118	0.895643
92	121	1.36517
92	125	1.7
92	133	3.40212
92	134	0.873681
92	152	4.44936
93	30	0.841222
93	36	0.829577
93	68	0.923071
93	72	0.860082
93	78	0.910032
93	82	0.901896
93	84	0.89307
93	94	0.943305
93	96	0.927264
93	97	0.920129
93	102	0.919911
93	112	0.781233
93	138	0.832365
93	145	2.46985
93	152	0.79981
93	156	0.79738
93	157	3.10507
93	159	2.34417
93	162	0.793779
93	169	3.53977
93	175	0.828407
94	36	0.881364
94	68	0.974857
94	72	0.911869
94	78	0.961819
94	82	0.953683
94	84	0.944857
94	93	0.943305
94	96	0.979051
94	97	0.971916
94	102	0.971697
94	106	1.95817
94	112	0.83302
94	124	1.75927
94	131	0.94768
94	152	0.851596
94	156	0.849166
94	160	1.60119
94	162	0.845566
94	168	2.15322
94	173	5.99236
94	175	0.880194
95	18	1.04001
95	30	2.14677
95	65	1.22446
95	76	1.88875
95	125	0.939568
95	140	0.936609
95	146	0.895569
95	147	0.920105
95	155	0.825701
95	165	0.881496
95	167	0.883756
95	168	0.870064
95	169	0.861763
95	170	0.841201
95	171	0.857156
95	173	0.822741
95	174	0.820805
95	176	0.839954
95	178	0.83386
95	179	0.819322
95	180	0.836834
96	30	0.876967
96	36	0.865323
96	68	0.958816
96	72	0.895828
96	78	0.945778
96	82	0.937641
96	84	0.928816
96	93	0.927264
96	94	0.979051
96	97	0.955875
96	102	0.955656
96	131	0.931639
96	138	0.86811
96	145	1.5444
96	149	1.2844
96	152	0.835555
96	156	0.833125
96	162	0.829525
96	163	2.89659
96	175	0.864153
96	176	3.7105
96	177	3.7853
97	6	0.0354548
97	30	0.869832
97	36	0.858188
97	68	0.951682
97	72	0.888693
97	78	0.938643
97	82	0.930507
97	84	0.921681
97	85	0.941078
97	93	0.920129
97	94	0.971916
97	96	0.955875
97	98	1.60907
97	102	0.948521
97	112	0.809844
97	131	0.924504
97	135	2.63083
97	138	0.860975
97	152	0.82842
97	156	0.825991
97	162	0.82239
97	170	5.11796
97	175	0.857018
98	36	3.61638
98	78	1.67455
98	97	1.60907
98	127	0.777375
98	135	0.840363
98	136	0.846576
98	158	0.768986
98	159	0.859405
98	160	0.821096
98	161	0.809476
98	164	0.831988
98	165	0.828842
98	167	0.831102
98	169	0.809109
98	170	0.788547
98	171	0.804501
98	173	0.770087
98	174	0.768151
98	176	0.787299
98	177	0.791941
98	178	0.781206
98	179	0.766668
98	180	0.78418
99	9	0.821007
99	59	0.843505
99	71	0.826257
99	73	0.828447
99	75	0.81481
99	79	0.874854
99	87	0.857642
99	92	0.85
99	101	0.834329
99	103	0.841066
99	105	0.834164
99	107	0.877178
99	109	1.65314
99	113	0.860948
99	114	0.85406
99	115	0.942434
99	116	0.89584
99	118	0.887343
99	124	0.824936
99	139	2.53246
99	142	0.748593
99	152	3.71687
99	163	3.86262
100	51	1.51718
100	77	1.6898
100	83	1.50066
100	102	1.02847
100	117	0.889864
100	119	0.872318
100	123	0.862977
100	129	0.87399
100	136	0.882131
100	147	0.903006
100	149	0.918799
100	158	0.804542
100	160	0.856651
100	166	0.804151
100	167	0.866657
100	169	0.844664
100	170	0.824102
100	174	0.803706
100	176	0.822855
100	177	0.827496
100	178	0.816761
100	179	0.802223
100	180	0.819735
101	59	0.836133
101	71	0.818886
101	73	0.821075
101	75	0.807438
101	79	0.867482
101	87	0.850271
101	92	0.842629
101	99	0.834329
101	103	0.833695
101	105	0.826792
101	107	0.869806
101	111	1.38338
101	113	0.853576
101	114	0.846689
101	115	0.935063
101	116	0.888469
101	118	0.879972
101	120	0.821157
101	124	0.817564
101	126	3.06963
101	134	0.85801
101	156	4.13944
101	160	3.76864
102	30	0.869614
102	36	0.857969
102	68	0.951463
102	72	0.888474
102	78	0.938424
102	82	0.930288
102	84	0.921462
102	93	0.919911
102	94	0.971697
102	96	0.955656
102	97	0.948521
102	100	1.02847
102	112	0.809625
102	123	2.23412
102	131	0.924286
102	138	0.860756
102	146	2.09683
102	152	0.828201
102	156	0.825772
102	159	2.44073
102	162	0.822171
102	171	4.07159
102	175	0.856799
103	9	0.820373
103	59	0.842871
103	71	0.825623
103	73	0.827813
103	75	0.814176
103	79	0.87422
103	87	0.857008
103	92	0.849366
103	99	0.841066
103	101	0.833695
103	104	0.823143
103	105	0.83353
103	107	0.876544
103	113	0.860314
103	114	0.853426
103	115	0.9418
103	116	0.895206
103	118	0.886709
103	137	10.2
103	142	0.747959
103	144	3.43264
103	146	1.85962
103	164	2.78148
104	27	0.802698
104	50	0.857093
104	53	2.10806
104	54	0.852961
104	55	0.839144
104	58	0.839026
104	86	3.3058
104	87	0.839719
104	90	1.48614
104	103	0.823143
104	105	0.81624
104	107	0.859254
104	114	0.836137
104	118	0.86942
104	136	0.813539
104	168	0.784373
104	171	0.771464
104	172	0.764378
104	174	0.735114
104	176	0.754262
104	178	0.748169
104	179	0.733631
104	180	0.751143
105	9	0.813471
105	59	0.835968
105	71	0.818721
105	73	0.82091
105	75	0.807273
105	79	0.867317
105	87	0.850106
105	92	0.842464
105	99	0.834164
105	101	0.826792
105	103	0.83353
105	104	0.81624
105	107	0.869641
105	113	0.853411
105	114	0.846524
105	115	0.934897
105	116	0.888303
105	118	0.879806
105	120	0.820992
105	142	0.741057
105	157	1.62435
105	168	2.87652
105	175	1.6223
105	179	7.56288
106	85	0.815323
106	94	1.95817
106	107	3.71033
106	111	0.833686
106	120	0.790549
106	132	0.847823
106	136	0.793483
106	149	0.830151
106	157	0.767497
106	158	0.715893
106	163	0.766743
106	164	0.778894
106	165	0.775749
106	168	0.764317
106	169	0.756015
106	170	0.735454
106	171	0.751408
106	173	0.716993
106	174	0.715058
106	176	0.734206
106	177	0.738848
106	179	0.713575
106	180	0.731087
107	59	0.878982
107	70	0.366514
107	71	0.861735
107	73	0.863924
107	75	0.850287
107	79	0.910331
107	87	0.893119
107	92	0.885477
107	99	0.877178
107	101	0.869806
107	103	0.876544
107	104	0.859254
107	105	0.869641
107	106	3.71033
107	113	0.896425
107	114	0.889538
107	115	0.977911
107	116	0.931317
107	118	0.92282
107	134	0.900859
107	135	2.09274
107	136	1.85675
107	142	0.78407
107	164	2.57478
108	40	1.72001
108	46	1.27181
108	59	1.72048
108	69	0.713045
108	90	1.77465
108	122	0.90967
108	139	0.915722
108	155	0.858167
108	158	0.854106
108	161	0.894596
108	163	0.904956
108	165	0.913962
108	166	0.853716
108	167	0.916222
108	168	0.90253
108	169	0.894229
108	170	0.873667
108	171	0.889621
108	173	0.855207
108	176	0.872419
108	177	0.877061
108	178	0.866326
108	179	0.851788
108	180	0.8693
109	21	1.55536
109	31	2.94239
109	61	1.34911
109	67	0.824255
109	85	0.893461
109	99	1.65314
109	112	0.796482
109	123	0.852467
109	139	0.855647
109	144	0.835908
109	146	0.867959
109	148	0.850717
109	154	0.912106
109	161	0.83452
109	166	0.793641
109	167	0.856146
109	169	0.834153
109	170	0.813591
109	171	0.829546
109	173	0.795131
109	174	0.793195
109	175	0.843656
109	178	0.806251
109	179	0.791713
109	180	0.809224
110	4	2.09569
110	9	2.58966
110	11	1.70189
110	46	1.11276
110	119	0.859849
110	125	0.909999
110	136	0.869661
110	138	0.845654
110	141	0.884851
110	153	0.862391
110	155	0.796132
110	161	0.832561
110	165	0.851928
110	167	0.854187
110	168	0.840495
110	170	0.811632
110	171	0.827587
110	172	0.8205
110	173	0.793172
110	174	0.791236
110	176	0.810385
110	177	0.815027
110	178	0.804292
110	179	0.789754
110	180	0.807265
111	38	2.14083
111	66	1.69927
111	101	1.38338
111	106	0.833686
111	113	0.505516
111	122	0.839401
111	123	0.842274
111	125	0.901765
111	139	0.845454
111	140	0.898806
111	141	0.876617
111	149	0.898095
111	159	0.874257
111	161	0.824327
111	163	0.834687
111	165	0.843694
111	169	0.82396
111	172	0.812267
111	173	0.784938
111	174	0.783003
111	176	0.802151
111	177	0.806793
111	178	0.796058
111	179	0.78152
111	180	0.799031
112	22	4.02058
112	34	0.789815
112	37	0.792905
112	39	0.781689
112	42	3.77942
112	43	0.791424
112	53	0.768609
112	60	0.8322
112	78	0.799747
112	93	0.781233
112	94	0.83302
112	97	0.809844
112	102	0.809625
112	109	0.796482
112	117	0.753819
112	119	0.736273
112	131	0.785608
112	147	0.766961
112	155	0.672557
112	159	0.758916
112	168	0.71692
112	174	0.667661
112	175	0.718122
112	178	0.680716
112	179	0.666178
112	180	0.68369
113	9	0.840255
113	59	0.862752
113	71	0.845505
113	73	0.847694
113	75	0.834057
113	79	0.894101
113	87	0.87689
113	92	0.869248
113	99	0.860948
113	101	0.853576
113	103	0.860314
113	105	0.853411
113	107	0.896425
113	111	0.505516
113	114	0.873308
113	115	0.961682
113	116	0.915087
113	118	0.906591
113	120	0.847776
113	124	0.844183
113	134	0.884629
113	142	0.767841
113	147	1.3385
113	148	2.20504
113	166	8.26971
113	178	3.59119
114	9	0.833367
114	59	0.855865
114	71	0.838617
114	73	0.840807
114	75	0.82717
114	79	0.887214
114	87	0.870002
114	92	0.86236
114	99	0.85406
114	101	0.846689
114	103	0.853426
114	104	0.836137
114	105	0.846524
114	107	0.889538
114	113	0.873308
114	115	0.954794
114	116	0.9082
114	118	0.899703
114	120	0.840888
114	124	0.837296
114	127	4.81644
114	134	0.877742
114	138	1.40669
114	141	1.31177
114	142	0.760953
114	159	2.11351
114	180	4.29144
115	9	0.921741
115	59	0.944238
115	71	0.926991
115	73	0.92918
115	75	0.915543
115	79	0.975587
115	85	0.27575
115	87	0.958376
115	92	0.950734
115	99	0.942434
115	101	0.935063
115	103	0.9418
115	105	0.934897
115	107	0.977911
115	113	0.961682
115	114	0.954794
115	116	0.996574
115	118	0.988077
115	122	2.65295
115	124	0.925669
115	126	1.43865
115	134	0.966115
115	142	0.849327
115	152	1.91026
115	159	1.9581
115	163	2.05602
115	173	6.43036
116	6	0.0412435
116	9	0.875147
116	59	0.897644
116	71	0.880397
116	73	0.882586
116	75	0.868949
116	79	0.928993
116	87	0.911782
116	92	0.90414
116	99	0.89584
116	101	0.888469
116	103	0.895206
116	105	0.888303
116	107	0.931317
116	113	0.915087
116	114	0.9082
116	115	0.996574
116	118	0.941483
116	120	0.882668
116	124	0.879075
116	134	0.919521
116	142	0.802733
116	145	2.56187
116	147	1.47387
116	159	2.43619
116	169	3.63179
116	180	4.61412
117	75	2.55535
117	78	2.95898
117	88	0.905708
117	91	2.28567
117	100	0.889864
117	112	0.753819
117	144	0.793245
117	148	0.808053
117	151	0.772256
117	153	0.821687
117	155	0.755428
117	160	0.803477
117	163	0.802217
117	165	0.811223
117	166	0.750977
117	167	0.813483
117	170	0.770928
117	171	0.786882
117	173	0.752468
117	174	0.750532
117	175	0.800993
117	176	0.76968
117	177	0.774322
117	178	0.763587
117	179	0.749049
117	180	0.766561
118	6	0.902981
118	9	0.86665
118	59	0.889148
118	71	0.8719
118	73	0.874089
118	75	0.860453
118	79	0.920496
118	87	0.903285
118	92	0.895643
118	99	0.887343
118	101	0.879972
118	103	0.886709
118	104	0.86942
118	105	0.879806
118	107	0.92282
118	113	0.906591
118	114	0.899703
118	115	0.988077
118	116	0.941483
118	120	0.874171
118	124	0.870578
118	128	1.43669
118	134	0.911024
118	142	0.794236
118	157	3.06485
118	160	3.76499
118	163	3.78182
118	169	3.49955
119	32	3.2816
119	64	0.849741
119	66	2.75595
119	81	2.36246
119	100	0.872318
119	110	0.859849
119	112	0.736273
119	123	0.792258
119	140	0.84879
119	144	0.7757
119	153	0.804142
119	158	0.733822
119	159	0.824241
119	160	0.785931
119	161	0.774311
119	163	0.784671
119	164	0.796823
119	167	0.795938
119	168	0.782246
119	169	0.773944
119	170	0.753383
119	172	0.762251
119	173	0.734922
119	176	0.752135
119	177	0.756777
119	178	0.746042
119	179	0.731504
119	180	0.749015
120	1	0.8045
120	22	0.881901
120	29	0.881337
120	33	0.858207
120	39	1.74425
120	44	0.862647
120	45	0.779755
120	46	0.861772
120	48	0.84275
120	55	3.05193
120	75	0.801638
120	77	2.4335
120	82	1.47032
120	101	0.821157
120	105	0.820992
120	106	0.790549
120	113	0.847776
120	114	0.840888
120	116	0.882668
120	118	0.874171
120	142	0.735421
120	143	0.836718
120	155	0.744761
120	171	0.776216
120	174	0.739866
120	176	0.759014
120	178	0.752921
120	179	0.738383
120	180	0.755894
121	20	2.37955
121	36	2.68564
121	85	0.871297
121	86	1.96965
121	92	1.36517
121	128	0.910174
121	135	0.843244
121	144	0.813744
121	146	0.845795
121	148	0.828553
121	151	0.792756
121	154	0.889942
121	155	0.775927
121	158	0.771867
121	160	0.823976
121	161	0.812356
121	164	0.834868
121	165	0.831723
121	167	0.833982
121	168	0.82029
121	170	0.791427
121	171	0.807382
121	173	0.772967
121	174	0.771031
121	177	0.794822
121	178	0.784087
121	179	0.769549
121	180	0.78706
122	77	1.87312
122	108	0.90967
122	111	0.839401
122	115	2.65295
122	128	0.859916
122	134	2.86721
122	135	0.792985
122	136	0.799198
122	138	0.775191
122	140	0.836577
122	146	0.795537
122	147	0.820073
122	154	0.839684
122	156	0.740206
122	158	0.721609
122	159	0.812028
122	165	0.781464
122	166	0.721218
122	167	0.783724
122	168	0.770032
122	169	0.761731
122	170	0.741169
122	171	0.757124
122	173	0.722709
122	174	0.720773
122	176	0.739922
122	177	0.744563
122	178	0.733829
122	179	0.719291
122	180	0.736802
123	7	3.35779
123	30	3.70809
123	49	0.807316
123	100	0.862977
123	102	2.23412
123	109	0.852467
123	111	0.842274
123	119	0.792258
123	127	0.73287
123	135	0.795858
123	139	0.786097
123	140	0.839449
123	146	0.79841
123	154	0.842556
123	155	0.728542
123	160	0.776591
123	162	0.739478
123	164	0.787482
123	165	0.784337
123	166	0.724091
123	168	0.772905
123	169	0.764603
123	170	0.744042
123	171	0.759996
123	173	0.725581
123	174	0.723646
123	176	0.742794
123	177	0.747436
123	178	0.736701
123	179	0.722163
123	180	0.739675
124	4	0.81583
124	15	0.945938
124	25	0.812028
124	26	0.905792
124	39	2.15495
124	78	2.33438
124	83	2.7514
124	87	0.840877
124	94	1.75927
124	99	0.824936
124	101	0.817564
124	113	0.844183
124	114	0.837296
124	115	0.925669
124	116	0.879075
124	118	0.870578
124	127	0.745496
124	137	0.726951
124	138	0.790691
124	139	0.798724
124	157	0.788712
124	162	0.752105
124	169	0.77723
124	174	0.736273
124	175	0.786733
124	176	0.755421
124	177	0.760063
124	178	0.749328
124	179	0.73479
124	180	0.752301
125	12	1.20896
125	32	1.73188
125	71	2.05468
125	86	2.30448
125	92	1.7
125	95	0.939568
125	110	0.909999
125	111	0.901765
125	128	0.92228
125	132	0.915902
125	135	0.855349
125	147	0.882437
125	148	0.840658
125	154	0.902048
125	155	0.788033
125	158	0.783973
125	161	0.824462
125	163	0.834822
125	164	0.846974
125	166	0.783582
125	168	0.832396
125	169	0.824095
125	170	0.803533
125	171	0.819488
125	173	0.785073
125	176	0.802286
125	177	0.806927
125	178	0.796192
125	179	0.781654
125	180	0.799166
126	37	2.94086
126	49	0.841478
126	50	1.85085
126	101	3.06963
126	115	1.43865
126	135	0.83002
126	136	0.836233
126	139	0.820259
126	143	0.85466
126	144	0.800521
126	147	0.857107
126	149	0.8729
126	153	0.828963
126	158	0.758643
126	159	0.849062
126	162	0.77364
126	163	0.809493
126	166	0.758253
126	167	0.820759
126	168	0.807067
126	169	0.798765
126	170	0.778204
126	171	0.794158
126	173	0.759743
126	174	0.757808
126	175	0.808268
126	176	0.776956
126	177	0.781598
126	178	0.770863
126	179	0.756325
126	180	0.773837
127	8	0.767929
127	19	0.853013
127	24	0.742072
127	31	0.743405
127	32	0.805142
127	34	4.48356
127	38	0.812668
127	42	0.809891
127	47	0.789325
127	57	0.779721
127	61	0.778665
127	62	0.789698
127	63	0.77704
127	98	0.777375
127	114	4.81644
127	123	0.73287
127	124	0.745496
127	131	0.791545
127	135	0.745811
127	136	0.752023
127	142	0.669154
127	150	0.780318
127	151	0.695323
127	157	0.726037
127	170	0.693994
127	171	0.709949
127	173	0.675534
127	174	0.673598
127	177	0.697389
127	179	0.672116
127	180	0.689627
128	35	1.82832
128	40	2.19661
128	48	1.65441
128	52	0.858446
128	62	1.05028
128	118	1.43669
128	121	0.910174
128	122	0.859916
128	125	0.92228
128	129	0.873801
128	132	0.936282
128	134	0.126977
128	140	0.919321
128	146	0.878281
128	148	0.861038
128	149	0.91861
128	153	0.874672
128	155	0.808413
128	158	0.804353
128	160	0.856462
128	161	0.844842
128	163	0.855202
128	164	0.867354
128	167	0.866468
128	168	0.852776
128	170	0.823913
128	173	0.805453
128	174	0.803517
128	176	0.822666
128	177	0.827307
128	178	0.816572
128	179	0.802034
128	180	0.819546
129	47	1.84895
129	48	3.31315
129	67	0.765718
129	80	0.857874
129	81	2.02749
129	83	2.71041
129	100	0.87399
129	128	0.873801
129	133	0.806042
129	135	0.806871
129	139	0.79711
129	141	0.828273
129	143	0.831511
129	147	0.833958
129	148	0.79218
129	149	0.849751
129	153	0.805814
129	154	0.853569
129	159	0.825913
129	161	0.775983
129	164	0.798495
129	165	0.79535
129	167	0.79761
129	168	0.783918
129	170	0.755054
129	171	0.771009
129	173	0.736594
129	174	0.734659
129	176	0.753807
129	177	0.758449
129	178	0.747714
129	179	0.733176
129	180	0.750687
130	42	2.48505
130	44	3.33449
130	68	3.48046
130	88	0.877706
130	132	0.855295
130	133	0.793914
130	135	0.794743
130	139	0.784982
130	143	0.819383
130	144	0.765243
130	146	0.797294
130	147	0.82183
130	154	0.841441
130	155	0.727426
130	159	0.813785
130	160	0.775475
130	161	0.763855
130	165	0.783222
130	166	0.722976
130	167	0.785482
130	168	0.771789
130	169	0.763488
130	170	0.742926
130	171	0.758881
130	173	0.724466
130	174	0.722531
130	176	0.741679
130	177	0.746321
130	178	0.735586
130	179	0.721048
130	180	0.738559
131	2	0.945976
131	12	0.857032
131	14	0.837874
131	19	0.961736
131	23	1.03984
131	24	0.850795
131	37	0.907565
131	39	0.89635
131	40	0.890584
131	42	0.918614
131	43	0.906084
131	47	0.898049
131	53	0.883269
131	60	0.946861
131	82	0.906271
131	84	0.897445
131	94	0.94768
131	96	0.931639
131	97	0.924504
131	102	0.924286
131	112	0.785608
131	127	0.791545
131	143	2.00022
131	145	0.839453
131	150	0.889041
131	151	0.804046
131	152	0.804185
131	153	2.12942
131	162	0.798154
131	169	2.27662
131	171	2.71189
131	175	0.832782
131	177	3.4476
131	179	7.78045
132	2	1.23707
132	34	1.26305
132	45	2.67837
132	49	0.880809
132	65	1.4681
132	79	1.75849
132	85	0.897405
132	91	1.79493
132	106	0.847823
132	125	0.915902
132	128	0.936282
132	130	0.855295
132	142	0.792695
132	147	0.896439
132	149	0.912232
132	151	0.818864
132	153	0.868295
132	154	0.91605
132	160	0.850084
132	161	0.838464
132	164	0.860976
132	165	0.857831
132	166	0.797585
132	167	0.860091
132	168	0.846398
132	169	0.838097
132	170	0.817535
132	173	0.799075
132	174	0.797139
132	176	0.816288
132	177	0.82093
132	178	0.810195
132	179	0.795657
132	180	0.813168
133	43	2.94714
133	54	2.65074
133	92	3.40212
133	129	0.806042
133	130	0.793914
133	136	0.814183
133	139	0.798209
133	144	0.778471
133	146	0.810522
133	149	0.85085
133	154	0.854668
133	155	0.740654
133	158	0.736593
133	161	0.777082
133	162	0.75159
133	164	0.799594
133	165	0.796449
133	166	0.736203
133	167	0.798709
133	168	0.785017
133	169	0.776715
133	171	0.772108
133	172	0.765022
133	173	0.737693
133	174	0.735758
133	176	0.754906
133	177	0.759548
133	178	0.748813
133	179	0.734275
133	180	0.751787
134	11	0.862547
134	13	0.857307
134	27	0.844303
134	51	0.894354
134	54	0.894566
134	55	0.880748
134	56	1.14312
134	58	0.88063
134	66	0.863902
134	69	0.923287
134	75	0.838491
134	76	0.910209
134	81	0.904685
134	83	0.89901
134	89	0.881521
134	90	0.888011
134	91	0.885747
134	92	0.873681
134	101	0.85801
134	107	0.900859
134	113	0.884629
134	114	0.877742
134	115	0.966115
134	116	0.919521
134	118	0.911024
134	122	2.86721
134	128	0.126977
134	139	2.21323
134	150	0.883438
134	151	0.798443
134	160	2.25345
134	165	1.47825
134	172	0.805983
134	174	7.99002
135	63	1.48394
135	87	3.69249
135	88	0.891762
135	97	2.63083
135	98	0.840363
135	107	2.09274
135	121	0.843244
135	122	0.792985
135	123	0.795858
135	125	0.855349
135	126	0.83002
135	127	0.745811
135	129	0.806871
135	130	0.794743
135	139	0.799038
135	140	0.85239
135	143	0.833439
135	149	0.851679
135	153	0.807742
135	159	0.827841
135	160	0.789531
135	162	0.752419
135	164	0.800423
135	166	0.737032
135	167	0.799538
135	168	0.785846
135	170	0.756983
135	173	0.738522
135	176	0.755735
135	177	0.760377
135	178	0.749642
135	179	0.735104
135	180	0.752615
