1	106	1.19186
1	126	1.06436
1	130	1.07796
1	135	1.05904
1	141	1.08726
1	142	1.04716
1	143	1.04718
1	147	1.06204
1	148	1.06265
1	150	1.08965
1	163	0.97833
1	180	0.811049
2	42	1.10948
2	57	0.954507
2	129	1.0389
2	165	1.01118
2	168	0.995067
2	173	0.976066
2	174	0.960222
2	175	0.901784
2	177	0.940404
2	178	0.918433
2	179	0.915543
2	180	0.960046
3	11	0.934277
3	13	0.925369
3	29	1.00929
3	61	0.973685
3	64	0.961677
3	70	1.0407
3	77	1.03205
3	86	0.923959
3	112	1.65372
3	132	0.913937
3	154	1.21767
3	169	0.91612
4	110	1.1017
4	114	0.733337
4	130	1.07396
4	133	1.0758
4	134	1.06559
4	142	1.04316
4	143	1.04318
4	147	1.05804
4	148	1.05866
4	150	1.08565
4	169	1.16536
4	174	1.05481
5	11	1.03374
5	19	1.1422
5	64	1.06114
5	65	1.04389
5	70	1.14017
5	77	1.13152
5	86	1.02342
5	132	1.0134
5	158	0.376131
5	161	1.27178
5	169	1.01558
5	179	1.3573
6	12	0.900416
6	38	0.884764
6	51	0.94798
6	57	0.947995
6	88	0.97311
6	97	0.951747
6	98	0.952052
6	99	1.00501
6	100	1.91131
6	108	0.987745
6	152	0.948846
6	162	1.00027
7	64	1.2572
7	140	1.01911
7	149	1.0179
7	152	0.742362
7	157	1.0048
7	166	0.924353
7	170	0.959857
7	174	0.962589
7	175	0.904151
7	177	0.942771
7	179	0.91791
7	180	0.962413
8	47	1.00982
8	56	0.979947
8	60	0.97995
8	64	0.975445
8	65	0.958193
8	80	0.944274
8	81	0.944293
8	83	0.944487
8	86	0.937727
8	140	1.11937
8	169	0.929888
8	178	1.71773
9	33	1.02171
9	53	0.943273
9	93	0.964943
9	104	0.995284
9	113	0.952309
9	122	0.919241
9	123	0.919428
9	128	0.957695
9	155	0.962365
9	158	0.990628
9	176	0.933645
9	177	1.73607
10	42	1.08591
10	52	1.06548
10	100	1.04851
10	113	1.07876
10	121	1.05146
10	122	1.04569
10	123	1.04588
10	128	1.08414
10	151	0.460567
10	155	1.08881
10	175	1.56567
10	176	1.06009
11	3	0.934277
11	5	1.03374
11	13	0.92016
11	19	1.03752
11	29	1.00408
11	47	0.990847
11	61	0.968476
11	86	0.91875
11	132	0.908729
11	158	1.23262
11	169	0.910911
11	176	1.54929
12	6	0.900416
12	43	0.966365
12	73	0.930638
12	88	0.969854
12	97	0.948492
12	98	0.948797
12	99	1.00175
12	108	0.98449
12	115	1.12181
12	152	0.945591
12	162	0.997015
12	180	1.64347
13	3	0.925369
13	11	0.92016
13	19	1.02862
13	31	0.994831
13	61	0.959568
13	65	0.930308
13	70	1.02659
13	77	1.01794
13	86	0.909842
13	140	1.32649
13	169	0.902003
13	174	1.51234
14	54	0.763951
14	110	0.502922
14	123	0.655942
14	162	1.16379
14	163	1.06604
14	165	1.12259
14	169	1.06173
14	175	1.01319
14	177	1.05181
14	178	1.02984
14	179	1.02694
14	180	1.07145
15	27	1.00575
15	48	0.974588
15	94	0.960315
15	104	1.00247
15	121	0.932195
15	122	0.926426
15	123	0.926613
15	128	0.96488
15	155	0.96955
15	167	1.50329
15	168	1.35975
15	176	0.94083
16	17	1.03024
16	22	1.03548
16	56	0.950494
16	59	0.949118
16	60	0.950497
16	68	1.018
16	80	0.914822
16	81	0.914841
16	83	0.915034
16	87	1.16151
16	125	0.929859
16	169	1.63314
17	16	1.03024
17	56	1.07262
17	60	1.07262
17	68	1.14013
17	80	1.03695
17	81	1.03697
17	82	1.11499
17	83	1.03716
17	125	1.05198
17	157	0.755135
17	159	0.934165
17	179	1.39413
18	102	0.839397
18	152	2.1945
18	154	0.916432
18	161	0.87294
18	164	0.920236
18	170	0.876424
18	172	0.903747
18	174	0.879156
18	175	0.820719
18	177	0.859339
18	178	0.837368
18	180	0.87898
19	5	1.1422
19	11	1.03752
19	13	1.02862
19	29	1.11254
19	64	1.06492
19	65	1.04767
19	77	1.1353
19	86	1.02721
19	140	0.724521
19	169	1.01937
19	177	0.937848
19	179	1.37807
20	23	1.02244
20	66	1.05193
20	71	1.05806
20	87	0.578471
20	89	1.09642
20	106	1.28918
20	107	1.10708
20	119	1.0605
20	120	1.06062
20	151	1.08809
20	152	1.0726
20	167	1.15521
21	54	0.942247
21	69	1.32716
21	73	0.930579
21	79	0.907918
21	82	0.987323
21	97	0.948432
21	98	0.948737
21	99	1.00169
21	108	0.984431
21	152	0.945531
21	162	0.996956
21	176	1.43953
22	16	1.03548
22	55	0.507608
22	56	1.07786
22	59	1.07648
22	60	1.07786
22	68	1.14537
22	78	1.31663
22	80	1.04219
22	81	1.04221
22	83	1.0424
22	125	1.05722
22	161	1.17073
23	20	1.02244
23	37	0.982864
23	71	0.929333
23	91	0.962548
23	95	0.948967
23	103	0.999993
23	119	0.931777
23	120	0.931896
23	151	0.959361
23	152	0.943868
23	165	1.05388
23	179	1.77486
24	117	0.975997
24	124	0.952333
24	136	0.996854
24	137	0.954217
24	141	0.974738
24	142	0.934643
24	143	0.934663
24	147	0.949521
24	148	0.950136
24	150	0.977132
24	159	1.22702
24	166	1.6042
25	31	0.339402
25	86	1.05614
25	124	0.650132
25	156	1.08306
25	164	1.11736
25	166	1.03805
25	172	1.10087
25	174	1.07628
25	177	1.05646
25	178	1.03449
25	179	1.0316
25	180	1.0761
26	124	1.05498
26	133	1.06993
26	136	1.0995
26	137	1.05687
26	138	1.05365
26	141	1.07739
26	147	1.05217
26	148	1.05279
26	150	1.07978
26	162	0.810592
26	172	1.04074
26	173	1.15837
27	15	1.00575
27	48	1.06669
27	94	1.05242
27	96	0.704541
27	113	1.05159
27	121	1.0243
27	122	1.01853
27	123	1.01871
27	128	1.05698
27	132	1.41762
27	140	1.04995
27	155	1.06165
27	176	1.03293
28	62	0.953139
28	66	1.01606
28	89	1.06055
28	103	1.09285
28	105	1.07391
28	107	1.07121
28	119	1.02464
28	120	1.02476
28	139	1.30377
28	151	1.05222
28	152	1.03673
28	156	0.910265
28	170	1.04284
29	3	1.00929
29	11	1.00408
29	19	1.11254
29	31	1.07875
29	47	1.06586
29	61	1.04349
29	64	1.03148
29	77	1.10186
29	131	1.35252
29	132	0.983743
29	168	1.0888
29	169	0.985925
29	176	0.819899
30	113	0.709849
30	143	0.614562
30	146	1.10064
30	147	0.683283
30	160	1.06473
30	164	1.09073
30	166	1.01142
30	173	1.0655
30	175	0.991213
30	177	1.02983
30	178	1.00786
30	179	1.00497
30	180	1.04947
31	13	0.994831
31	25	0.339402
31	29	1.07875
31	47	1.06552
31	61	1.04315
31	64	1.03114
31	65	1.01389
31	70	1.11017
31	77	1.10152
31	86	0.993421
31	163	1.32826
31	169	0.985582
31	170	1.3539
32	116	1.1181
32	141	0.749151
32	143	0.727169
32	155	0.525448
32	163	1.04137
32	166	1.00872
32	170	1.04422
32	172	1.07155
32	174	1.04696
32	177	1.02714
32	178	1.00517
32	179	1.00228
32	180	1.04678
33	9	1.02171
33	53	1.06571
33	104	1.11772
33	121	1.04745
33	122	1.04168
33	123	1.04187
33	128	1.08013
33	158	1.11307
33	173	0.970909
33	174	1.04176
33	176	1.05608
33	180	1.01057
34	90	1.05091
34	94	1.04419
34	104	1.08634
34	113	1.04336
34	121	1.01606
34	122	1.0103
34	123	1.01048
34	128	1.04875
34	149	0.991467
34	155	1.05342
34	157	0.960556
34	167	1.34751
34	176	1.0247
35	37	1.19226
35	56	1.09852
35	154	0.986829
35	161	0.943337
35	165	1.00052
35	171	0.962356
35	172	0.974144
35	173	0.965398
35	175	0.891116
35	177	0.929736
35	178	0.907765
35	179	0.904874
35	180	0.949377
36	107	0.83456
36	137	1.11814
36	145	1.02796
36	146	1.00686
36	159	0.994686
36	160	0.97094
36	167	0.947982
36	172	0.980455
36	175	0.897426
36	178	0.914076
36	179	0.911185
36	180	0.955688
37	23	0.982864
37	35	1.19226
37	76	1.01659
37	89	1.05684
37	91	1.0517
37	95	1.03812
37	103	1.08914
37	105	1.0702
37	107	1.0675
37	119	1.02093
37	120	1.02104
37	127	0.829774
37	158	0.939264
38	6	0.884764
38	67	0.861474
38	103	0.504136
38	160	1.07116
38	161	1.04987
38	163	1.0505
38	166	1.01785
38	167	1.0482
38	174	1.05608
38	177	1.03627
38	178	1.0143
38	179	1.01141
38	180	1.05591
39	83	0.937098
39	86	1.48332
39	137	0.961173
39	138	0.957958
39	147	0.956477
39	148	0.957092
39	150	0.984089
39	164	0.972077
39	168	0.965842
39	173	0.946841
39	178	0.889209
39	179	0.886318
39	180	0.930821
40	57	0.679036
40	128	0.474228
40	137	0.867755
40	160	1.07285
40	163	1.05218
40	166	1.01953
40	168	1.09261
40	169	1.04787
40	175	0.999332
40	177	1.03795
40	178	1.01598
40	179	1.01309
40	180	1.05759
41	118	1.03869
41	134	1.03894
41	135	1.02839
41	136	1.07872
41	138	1.03287
41	141	1.05661
41	142	1.01651
41	143	1.01653
41	147	1.03139
41	150	1.059
41	151	0.955274
41	154	1.19695
41	171	1.0988
42	2	1.10948
42	10	1.08591
42	52	0.99922
42	72	1.07432
42	90	1.02004
42	113	1.0125
42	121	0.985197
42	122	0.979429
42	123	0.979616
42	128	1.01788
42	153	0.874797
42	158	1.05082
42	164	1.21501
42	176	0.993832
43	12	0.966365
43	51	1.01393
43	54	1.01151
43	73	0.999842
43	79	0.977182
43	97	1.0177
43	98	1.018
43	99	1.07096
43	108	1.05369
43	152	1.0148
43	157	0.974001
43	162	1.06622
43	163	1.28139
43	168	1.2174
44	56	1.02716
44	58	1.02829
44	59	1.02579
44	60	1.02717
44	80	0.991492
44	81	0.991511
44	83	0.991705
44	105	1.06492
44	119	1.01565
44	120	1.01577
44	152	1.02774
44	157	0.96987
44	165	0.887885
44	179	1.60886
45	114	1.07174
45	119	0.725304
45	137	0.871255
45	146	1.07785
45	148	0.626312
45	163	1.02127
45	166	0.988625
45	167	1.01898
45	173	1.0427
45	174	1.02686
45	175	0.968423
45	178	0.985072
45	179	0.982181
45	180	1.02668
46	91	1.05236
46	138	1.386
46	149	0.985753
46	161	0.924225
46	163	0.924854
46	165	0.981404
46	168	0.965287
46	170	0.92771
46	171	0.943244
46	173	0.946286
46	177	0.910624
46	178	0.888654
46	179	0.885763
46	180	0.930266
47	8	1.00982
47	11	0.990847
47	29	1.06586
47	31	1.06552
47	61	1.03025
47	64	1.01825
47	65	1.00099
47	70	1.09727
47	86	0.980529
47	129	0.953765
47	132	0.970507
47	145	1.0794
47	169	0.97269
47	174	1.38137
48	15	0.974588
48	27	1.06669
48	104	1.06341
48	113	1.02044
48	121	0.993138
48	122	0.987369
48	123	0.987556
48	125	0.993566
48	128	1.02582
48	131	1.25092
48	154	0.900287
48	158	1.05876
48	176	1.00177
48	178	1.32761
49	59	1.02767
49	68	1.09656
49	80	0.993374
49	81	0.993394
49	83	0.993587
49	109	1.33161
49	125	1.00841
49	134	1.02191
49	135	1.01137
49	137	1.01906
49	138	1.01585
49	148	1.01498
49	153	0.786681
49	180	1.22174
50	70	1.00279
50	119	1.39289
50	154	0.97736
50	156	0.946862
50	165	0.991046
50	167	0.932202
50	170	0.937352
50	173	0.955929
50	174	0.940084
50	175	0.881646
50	177	0.920267
50	178	0.898296
50	179	0.895405
50	180	0.939908
51	6	0.94798
51	43	1.01393
51	54	0.989871
51	57	0.992303
51	73	0.978202
51	79	0.955542
51	88	1.01742
51	97	0.996056
51	98	0.99636
51	99	1.04931
51	108	1.03205
51	146	1.01191
51	162	1.04458
51	167	1.44152
51	174	1.22587
52	10	1.06548
52	42	0.99922
52	72	1.05389
52	74	0.936812
52	90	0.999612
52	94	0.992887
52	113	0.992066
52	121	0.964767
52	122	0.958999
52	123	0.959186
52	128	0.997452
52	158	1.03039
52	172	1.05353
52	176	0.973402
52	178	1.65452
53	9	0.943273
53	33	1.06571
53	72	1.05813
53	90	1.00385
53	113	0.996307
53	121	0.969008
53	122	0.96324
53	123	0.963427
53	127	1.10151
53	128	1.00169
53	144	1.208
53	153	1.25822
53	155	1.00636
53	158	1.03463
53	176	0.977643
54	14	0.763951
54	21	0.942247
54	43	1.01151
54	51	0.989871
54	57	0.989885
54	79	0.953124
54	88	1.015
54	97	0.993638
54	98	0.993943
54	99	1.0469
54	108	1.02964
54	129	1.19119
54	152	0.990737
54	162	1.04216
54	172	1.4303
55	22	0.507608
55	85	1.20138
55	89	1.05839
55	91	1.05325
55	95	1.03967
55	119	1.02248
55	120	1.0226
55	152	1.03457
55	155	0.888495
55	166	0.955598
55	173	1.00968
55	175	0.935397
55	178	0.952046
55	179	0.949155
55	180	0.993658
56	8	0.979947
56	16	0.950494
56	17	1.07262
56	22	1.07786
56	35	1.09852
56	44	1.02716
56	59	0.991495
56	60	0.992874
56	68	1.06038
56	80	0.957199
56	81	0.957218
56	83	0.957411
56	125	0.972236
56	153	0.892753
56	168	1.4311
57	2	0.954507
57	6	0.947995
57	40	0.679036
57	51	0.992303
57	54	0.989885
57	73	0.978217
57	79	0.955556
57	88	1.01743
57	97	0.99607
57	98	0.996375
57	99	1.04933
57	108	1.03207
57	152	0.993169
57	161	1.56825
57	162	1.04459
58	44	1.02829
58	66	0.973901
58	75	0.830287
58	76	0.978147
58	89	1.01839
58	91	1.01325
58	103	1.05069
58	107	1.02906
58	112	0.932158
58	119	0.982478
58	120	0.982597
58	144	1.11811
58	151	1.01006
58	152	0.994569
58	180	1.60339
59	16	0.949118
59	22	1.07648
59	44	1.02579
59	49	1.02767
59	56	0.991495
59	60	0.991498
59	68	1.059
59	80	0.955822
59	81	0.955841
59	82	1.03386
59	83	0.956035
59	125	0.97086
59	157	1.05874
59	170	1.39177
59	180	1.19885
60	8	0.97995
60	16	0.950497
60	17	1.07262
60	22	1.07786
60	44	1.02717
60	56	0.992874
60	59	0.991498
60	68	1.06038
60	80	0.957201
60	81	0.957221
60	83	0.957414
60	125	0.972239
60	146	1.0934
60	153	0.841119
60	161	1.68955
61	3	0.973685
61	11	0.968476
61	13	0.959568
61	29	1.04349
61	31	1.04315
61	47	1.03025
61	65	0.978624
61	70	1.0749
61	77	1.06625
61	86	0.958158
61	132	0.948136
61	139	1.42632
61	165	0.75038
61	169	0.950319
61	179	1.47136
62	28	0.953139
62	66	0.889765
62	76	0.894011
62	84	1.97203
62	89	0.934256
62	91	0.929113
62	95	0.915532
62	103	0.966558
62	105	0.947617
62	107	0.944919
62	119	0.898341
62	120	0.898461
62	151	0.925926
62	152	0.910433
62	165	1.4118
63	82	0.696384
63	123	0.931775
63	138	0.897034
63	145	1.06265
63	164	1.03163
63	165	1.04151
63	167	0.982666
63	168	1.02539
63	170	0.987816
63	172	1.01514
63	173	1.00639
63	177	0.97073
63	178	0.94876
63	179	0.945869
63	180	0.990372
64	3	0.961677
64	5	1.06114
64	7	1.2572
64	8	0.975445
64	19	1.06492
64	29	1.03148
64	31	1.03114
64	47	1.01825
64	65	0.966616
64	70	1.06289
64	86	0.94615
64	87	1.0234
64	132	0.936128
64	165	1.1312
64	169	0.938311
65	5	1.04389
65	8	0.958193
65	13	0.930308
65	19	1.04767
65	31	1.01389
65	47	1.00099
65	61	0.978624
65	64	0.966616
65	70	1.04564
65	77	1.03699
65	86	0.928898
65	132	0.918876
65	151	0.844487
65	154	1.08616
65	169	0.921059
65	175	1.94959
66	20	1.05193
66	28	1.01606
66	58	0.973901
66	62	0.889765
66	71	0.958819
66	95	0.978453
66	103	1.02948
66	105	1.01054
66	107	1.00784
66	119	0.961262
66	120	0.961381
66	129	0.883256
66	151	0.988846
66	152	0.973353
66	166	1.69577
66	173	1.24001
67	38	0.861474
67	126	0.978541
67	130	0.992136
67	134	0.98376
67	135	0.973215
67	136	1.02355
67	137	0.980911
67	138	0.977695
67	141	1.00143
67	142	0.961336
67	143	0.961357
67	147	0.976215
67	148	0.97683
67	150	1.00383
67	158	1.0431
67	169	1.66711
68	16	1.018
68	17	1.14013
68	22	1.14537
68	49	1.09656
68	56	1.06038
68	59	1.059
68	60	1.06038
68	80	1.02471
68	81	1.02473
68	82	1.10275
68	83	1.02492
68	92	1.10871
68	125	1.03974
68	145	0.772944
68	162	0.656285
68	166	1.45983
69	21	1.32716
69	119	0.919668
69	146	1.02352
69	152	0.560475
69	159	1.01135
69	161	0.966312
69	162	1.06469
69	165	1.02349
69	167	0.964647
69	168	1.00737
69	170	0.969797
69	173	0.988374
69	177	0.952712
69	178	0.930741
69	179	0.92785
69	180	0.972353
70	3	1.0407
70	5	1.14017
70	13	1.02659
70	31	1.11017
70	47	1.09727
70	50	1.00279
70	61	1.0749
70	64	1.06289
70	65	1.04564
70	74	0.533536
70	77	1.13327
70	86	1.02518
70	132	1.01516
70	169	1.01734
70	175	1.68735
70	176	0.641939
71	20	1.05806
71	23	0.929333
71	66	0.958819
71	76	0.963064
71	95	0.984585
71	103	1.03561
71	105	1.01667
71	107	1.01397
71	112	0.917075
71	119	0.967395
71	120	0.967514
71	151	0.994979
71	152	0.979486
71	162	0.885343
71	173	1.23313
71	178	1.71648
72	42	1.07432
72	52	1.05389
72	53	1.05813
72	74	0.511957
72	94	1.06799
72	102	2.11461
72	104	1.11014
72	121	1.03987
72	122	1.0341
72	123	1.03428
72	128	1.07255
72	149	0.67677
72	155	1.07722
72	158	1.10548
72	160	0.843757
72	176	1.0485
73	12	0.930638
73	21	0.930579
73	43	0.999842
73	51	0.978202
73	57	0.978217
73	79	0.941455
73	88	1.00333
73	97	0.981969
73	98	0.982274
73	99	1.03523
73	108	1.01797
73	144	0.919235
73	152	0.979068
73	162	1.03049
73	177	1.46318
73	180	1.40451
74	52	0.936812
74	70	0.533536
74	72	0.511957
74	133	0.98668
74	157	1.113
74	159	1.10961
74	163	1.0652
74	171	1.08359
74	172	1.09537
74	173	1.08663
74	174	1.07078
74	175	1.01235
74	177	1.05097
74	178	1.029
74	179	1.02611
74	180	1.07061
75	58	0.830287
75	108	0.428345
75	114	1.11241
75	120	0.709683
75	138	0.671742
75	151	1.12376
75	157	1.10975
75	161	1.06132
75	164	1.10861
75	166	1.0293
75	171	1.08034
75	175	1.0091
75	177	1.04772
75	178	1.02575
75	179	1.02285
75	180	1.06736
76	37	1.01659
76	58	0.978147
76	62	0.894011
76	71	0.963064
76	91	0.996279
76	95	0.982698
76	103	1.03372
76	105	1.01478
76	107	1.01209
76	119	0.965507
76	120	0.965627
76	145	1.01147
76	151	0.993092
76	152	0.977599
76	167	1.52909
76	180	1.28225
77	3	1.03205
77	5	1.13152
77	13	1.01794
77	19	1.1353
77	29	1.10186
77	31	1.10152
77	61	1.06625
77	65	1.03699
77	70	1.13327
77	86	1.01653
77	132	1.0065
77	140	0.827621
77	146	0.799509
77	160	1.04007
77	169	1.00869
77	178	1.42598
78	22	1.31663
78	102	0.866648
78	121	1.65555
78	154	0.943683
78	156	0.913185
78	159	0.945229
78	165	0.95737
78	167	0.898525
78	168	0.941253
78	171	0.91921
78	172	0.930998
78	173	0.922252
78	174	0.906407
78	177	0.88659
78	179	0.861728
78	180	0.906231
79	21	0.907918
79	43	0.977182
79	51	0.955542
79	54	0.953124
79	57	0.955556
79	73	0.941455
79	82	0.9982
79	93	0.986959
79	97	0.959309
79	98	0.959614
79	99	1.01257
79	108	0.995307
79	152	0.956408
79	158	1.08033
79	162	1.00783
79	171	1.48084
79	172	1.40532
80	8	0.944274
80	16	0.914822
80	17	1.03695
80	22	1.04219
80	44	0.991492
80	49	0.993374
80	56	0.957199
80	59	0.955822
80	60	0.957201
80	68	1.02471
80	81	0.921545
80	82	0.999565
80	83	0.921739
80	125	0.936563
80	144	0.905797
80	176	1.22547
80	179	1.88996
81	8	0.944293
81	16	0.914841
81	17	1.03697
81	22	1.04221
81	44	0.991511
81	49	0.993394
81	56	0.957218
81	59	0.955841
81	60	0.957221
81	68	1.02473
81	80	0.921545
81	82	0.999584
81	83	0.921758
81	125	0.936583
81	144	1.03346
81	151	1.29344
81	170	1.71166
82	17	1.11499
82	21	0.987323
82	59	1.03386
82	63	0.696384
82	68	1.10275
82	79	0.9982
82	80	0.999565
82	81	0.999584
82	83	0.999778
82	88	1.06008
82	99	1.09197
82	108	1.07471
82	116	0.877239
82	152	1.03581
82	162	1.08724
82	172	1.0869
82	177	1.30286
83	8	0.944487
83	16	0.915034
83	17	1.03716
83	22	1.0424
83	39	0.937098
83	44	0.991705
83	49	0.993587
83	56	0.957411
83	59	0.956035
83	60	0.957414
83	68	1.02492
83	80	0.921739
83	81	0.921758
83	82	0.999778
83	125	0.936776
83	165	1.1094
83	178	1.77519
84	62	1.97203
84	106	0.902048
84	148	1.43679
84	153	0.994448
84	163	0.887679
84	164	0.934347
84	165	0.944229
84	168	0.928112
84	170	0.890535
84	171	0.906069
84	172	0.917858
84	173	0.909111
84	174	0.893267
84	175	0.834829
84	177	0.873449
84	178	0.851479
84	179	0.848588
84	180	0.893091
85	55	1.20138
85	124	0.954633
85	126	0.954147
85	130	0.967742
85	133	0.969579
85	134	0.959366
85	135	0.948821
85	136	0.999154
85	137	0.956517
85	138	0.953301
85	141	0.977038
85	142	0.936942
85	143	0.936963
85	147	0.951821
85	148	0.952436
85	150	0.979432
85	156	1.51147
85	172	1.29383
86	3	0.923959
86	5	1.02342
86	8	0.937727
86	11	0.91875
86	13	0.909842
86	19	1.02721
86	25	1.05614
86	31	0.993421
86	39	1.48332
86	47	0.980529
86	61	0.958158
86	64	0.94615
86	65	0.928898
86	70	1.02518
86	77	1.01653
86	93	1.16526
86	132	0.89841
86	169	0.900593
87	16	1.16151
87	20	0.578471
87	64	1.0234
87	118	1.05961
87	128	0.620177
87	135	1.04931
87	142	1.03743
87	143	1.03746
87	147	1.05231
87	148	1.05293
87	150	1.07992
87	160	1.04191
87	167	1.01895
87	170	1.0241
87	175	0.968395
87	178	0.985044
87	179	0.982153
87	180	1.02666
88	6	0.97311
88	12	0.969854
88	51	1.01742
88	54	1.015
88	57	1.01743
88	73	1.00333
88	82	1.06008
88	93	1.04884
88	97	1.02119
88	98	1.02149
88	99	1.07444
88	108	1.05718
88	111	1.39492
88	152	1.01828
88	160	1.05921
88	162	1.06971
88	169	1.14315
88	176	0.835809
89	20	1.09642
89	28	1.06055
89	37	1.05684
89	55	1.05839
89	58	1.01839
89	62	0.934256
89	91	1.03653
89	95	1.02294
89	105	1.05503
89	107	1.05233
89	112	0.955434
89	119	1.00575
89	120	1.00587
89	132	1.2997
89	149	0.977496
89	151	1.03334
89	164	0.991852
89	168	1.18999
90	34	1.05091
90	42	1.02004
90	52	0.999612
90	53	1.00385
90	94	1.01371
90	104	1.05586
90	113	1.01289
90	121	0.98559
90	122	0.979822
90	123	0.980009
90	125	0.986018
90	128	1.01828
90	144	0.817882
90	155	1.02295
90	157	1.16305
90	158	1.05121
90	160	1.36095
90	174	1.33435
90	176	0.994225
91	23	0.962548
91	37	1.0517
91	46	1.05236
91	55	1.05325
91	58	1.01325
91	62	0.929113
91	76	0.996279
91	89	1.03653
91	95	1.0178
91	103	1.06883
91	105	1.04989
91	107	1.04719
91	112	0.95029
91	119	1.00061
91	120	1.00073
91	152	1.0127
91	153	0.676157
91	178	1.55491
91	180	1.11121
92	68	1.10871
92	103	1.23302
92	116	1.01324
92	129	1.02077
92	132	0.93001
92	142	1.07142
92	156	0.948867
92	160	0.957165
92	161	0.935872
92	162	1.03425
92	167	0.934207
92	168	0.976935
92	173	0.957934
92	174	0.942089
92	175	0.883652
92	177	0.922272
92	178	0.900301
92	179	0.89741
92	180	0.941913
93	9	0.964943
93	79	0.986959
93	86	1.16526
93	88	1.04884
93	97	1.02747
93	98	1.02778
93	108	1.06347
93	123	0.76713
93	150	0.554225
93	152	1.02457
93	153	1.08502
93	157	1.02605
93	162	1.076
93	171	0.996638
93	173	0.99968
93	177	0.964017
93	178	0.942047
93	179	0.939156
93	180	0.983659
94	15	0.960315
94	27	1.05242
94	34	1.04419
94	52	0.992887
94	72	1.06799
94	90	1.01371
94	104	1.04914
94	111	1.41012
94	113	1.00616
94	121	0.978865
94	122	0.973097
94	123	0.973284
94	128	1.01155
94	155	1.01622
94	156	1.07696
94	158	1.04448
94	170	1.20954
94	173	0.976962
94	176	0.9875
95	23	0.948967
95	37	1.03812
95	55	1.03967
95	62	0.915532
95	66	0.978453
95	71	0.984585
95	76	0.982698
95	89	1.02294
95	91	1.0178
95	103	1.05525
95	105	1.0363
95	107	1.03361
95	112	0.936709
95	119	0.987029
95	120	0.987148
95	132	1.61093
95	151	1.01461
95	158	0.915639
95	162	1.01048
95	176	1.23231
96	27	0.704541
96	98	0.87102
96	124	0.971638
96	134	0.878129
96	140	1.05255
96	146	1.04701
96	154	1.0333
96	160	1.0111
96	163	0.990435
96	165	1.04698
96	167	0.98814
96	168	1.03087
96	169	0.986125
96	171	1.00882
96	174	0.996022
96	175	0.937584
96	177	0.976204
96	178	0.954234
96	179	0.951343
96	180	0.995846
97	6	0.951747
97	12	0.948492
97	21	0.948432
97	43	1.0177
97	51	0.996056
97	54	0.993638
97	57	0.99607
97	73	0.981969
97	79	0.959309
97	88	1.02119
97	93	1.02747
97	98	1.00013
97	99	1.05308
97	100	1.24017
97	108	1.03582
97	152	0.996922
97	161	1.29089
97	162	1.04835
97	168	0.980816
97	179	1.37641
98	6	0.952052
98	12	0.948797
98	21	0.948737
98	43	1.018
98	51	0.99636
98	54	0.993943
98	57	0.996375
98	73	0.982274
98	79	0.959614
98	88	1.02149
98	93	1.02778
98	96	0.87102
98	97	1.00013
98	99	1.05339
98	108	1.03613
98	149	1.2619
98	152	0.997227
98	162	1.04865
98	171	1.28932
98	176	1.20549
99	6	1.00501
99	12	1.00175
99	21	1.00169
99	43	1.07096
99	51	1.04931
99	54	1.0469
99	57	1.04933
99	73	1.03523
99	79	1.01257
99	82	1.09197
99	88	1.07444
99	97	1.05308
99	98	1.05339
99	102	2.08539
99	108	1.08908
99	152	1.05018
99	162	1.10161
99	163	0.924023
99	164	0.6619
99	168	0.860037
99	180	0.756742
100	6	1.91131
100	10	1.04851
100	97	1.24017
100	133	0.959983
100	136	0.989558
100	139	0.907155
100	141	0.967442
100	142	0.927347
100	143	0.927367
100	147	0.942225
100	148	0.94284
100	150	0.969837
100	164	0.957824
100	165	0.967707
100	170	0.914012
100	171	0.929547
100	172	0.941335
100	177	0.896927
100	178	0.874956
100	179	0.872065
100	180	0.916568
101	115	0.948574
101	117	1.00623
101	118	0.987055
101	124	0.982571
101	126	0.982084
101	130	0.99568
101	133	0.997517
101	134	0.987303
101	135	0.976759
101	136	1.02709
101	137	0.984454
101	138	0.981239
101	141	1.00498
101	142	0.96488
101	143	0.964901
101	147	0.979758
101	148	0.980373
101	150	1.00737
101	162	1.08279
101	170	1.66316
101	176	1.30462
102	18	0.839397
102	72	2.11461
102	78	0.866648
102	99	2.08539
102	145	0.944886
102	159	0.911609
102	160	0.887863
102	161	0.866571
102	162	0.964949
102	163	0.8672
102	165	0.92375
102	167	0.864905
102	168	0.907633
102	170	0.870055
102	171	0.88559
102	172	0.897378
102	173	0.888632
102	174	0.872788
102	178	0.830999
102	179	0.828108
102	180	0.872611
103	23	0.999993
103	28	1.09285
103	37	1.08914
103	38	0.504136
103	58	1.05069
103	62	0.966558
103	66	1.02948
103	71	1.03561
103	76	1.03372
103	91	1.06883
103	92	1.23302
103	95	1.05525
103	105	1.08733
103	107	1.08463
103	116	0.80108
103	119	1.03805
103	120	1.03817
103	151	1.06564
103	152	1.05015
103	164	1.0732
103	180	1.16804
104	9	0.995284
104	15	1.00247
104	33	1.11772
104	34	1.08634
104	48	1.06341
104	72	1.11014
104	90	1.05586
104	94	1.04914
104	112	1.52734
104	113	1.04832
104	121	1.02102
104	122	1.01525
104	123	1.01544
104	125	1.02145
104	128	1.0537
104	145	0.804139
104	158	1.08664
104	159	1.11384
104	164	0.980077
104	165	0.852825
104	176	1.02965
105	28	1.07391
105	37	1.0702
105	44	1.06492
105	62	0.947617
105	66	1.01054
105	71	1.01667
105	76	1.01478
105	89	1.05503
105	91	1.04989
105	95	1.0363
105	103	1.08733
105	107	1.06569
105	112	0.968794
105	119	1.01911
105	120	1.01923
105	151	1.0467
105	152	1.03121
105	156	1.12409
105	159	1.10267
105	168	1.16704
105	173	1.02409
105	180	1.06375
106	1	1.19186
106	20	1.28918
106	84	0.902048
106	114	0.966207
106	129	1.00001
106	131	0.928731
106	143	1.72077
106	160	0.936404
106	161	0.915111
106	163	0.915741
106	164	0.962408
106	167	0.913446
106	168	0.956173
106	170	0.918596
106	171	0.934131
106	172	0.945919
106	173	0.937173
106	174	0.921328
106	175	0.862891
106	178	0.87954
106	179	0.876649
106	180	0.921152
107	20	1.10708
107	28	1.07121
107	36	0.83456
107	37	1.0675
107	58	1.02906
107	62	0.944919
107	66	1.00784
107	71	1.01397
107	76	1.01209
107	89	1.05233
107	91	1.04719
107	95	1.03361
107	103	1.08463
107	105	1.06569
107	112	0.966096
107	119	1.01642
107	120	1.01654
107	149	0.950823
107	151	1.044
107	154	1.0764
107	167	1.30686
107	168	1.16332
108	6	0.987745
108	12	0.98449
108	21	0.984431
108	43	1.05369
108	51	1.03205
108	54	1.02964
108	57	1.03207
108	73	1.01797
108	75	0.428345
108	79	0.995307
108	82	1.07471
108	88	1.05718
108	93	1.06347
108	97	1.03582
108	98	1.03613
108	99	1.08908
108	111	1.59495
108	129	0.805038
108	152	1.03292
108	162	1.08434
108	171	1.11968
108	177	1.26012
109	49	1.33161
109	126	1.48564
109	148	1.20853
109	149	0.961993
109	153	1.00786
109	157	0.948896
109	158	0.991399
109	160	0.921757
109	161	0.900465
109	162	0.998843
109	164	0.947761
109	165	0.957644
109	167	0.898799
109	168	0.941527
109	171	0.919484
109	173	0.922526
109	174	0.906682
109	175	0.848244
109	177	0.886864
109	178	0.864893
109	179	0.862002
109	180	0.906505
110	4	1.1017
110	14	0.502922
110	117	1.03364
110	124	1.00997
110	126	1.00949
110	127	0.734796
110	130	1.02308
110	133	1.02492
110	134	1.01471
110	135	1.00416
110	136	1.0545
110	137	1.01186
110	138	1.00864
110	141	1.03238
110	142	0.992284
110	143	0.992305
110	147	1.00716
110	148	1.00778
110	150	1.03477
110	155	1.03814
110	158	0.844287
110	166	1.74267
110	167	1.57341
111	88	1.39492
111	94	1.41012
111	108	1.59495
111	157	0.96743
111	159	0.964036
111	160	0.940291
111	161	0.918998
111	163	0.919627
111	167	0.917332
111	168	0.96006
111	169	0.915318
111	170	0.922483
111	171	0.938017
111	172	0.949805
111	173	0.941059
111	174	0.925215
111	175	0.866777
111	176	0.952949
111	177	0.905397
111	178	0.883427
111	179	0.880536
111	180	0.925039
112	3	1.65372
112	58	0.932158
112	71	0.917075
112	89	0.955434
112	91	0.95029
112	95	0.936709
112	104	1.52734
112	105	0.968794
112	107	0.966096
112	119	0.919518
112	120	0.919638
112	128	1.40249
112	145	0.962971
112	159	0.929695
112	160	0.905949
112	165	0.941835
112	166	0.852637
112	167	0.882991
112	168	0.925718
112	174	0.890873
112	175	0.832435
112	177	0.871055
112	179	0.846194
112	180	0.890697
113	9	0.952309
113	10	1.07876
113	27	1.05159
113	30	0.709849
113	34	1.04336
113	42	1.0125
113	48	1.02044
113	52	0.992066
113	53	0.996307
113	90	1.01289
113	94	1.00616
113	104	1.04832
113	116	1.06829
113	121	0.978044
113	122	0.972276
113	123	0.972463
113	125	0.978472
113	128	1.01073
113	145	1.16447
113	155	1.0154
113	157	1.29514
113	158	1.04366
113	173	1.39559
113	176	0.986679
114	4	0.733337
114	45	1.07174
114	75	1.11241
114	106	0.966207
114	122	1.06645
114	124	1.18143
114	126	1.08549
114	156	0.964204
114	157	0.999641
114	161	0.951209
114	163	0.951839
114	164	0.998506
114	165	1.00839
114	166	0.919191
114	167	0.949544
114	169	0.94753
114	172	0.982017
114	174	0.957426
114	175	0.898989
114	177	0.937609
114	178	0.915638
114	179	0.912747
114	180	0.95725
115	12	1.12181
115	101	0.948574
115	122	0.835076
115	139	0.999044
115	146	1.05963
115	148	0.576995
115	149	1.06394
115	150	0.745024
115	156	1.01541
115	157	1.05085
115	160	1.02371
115	163	1.00305
115	165	1.0596
115	166	0.970398
115	167	1.00075
115	170	1.0059
115	171	1.02144
115	172	1.03322
115	173	1.02448
115	175	0.950196
115	177	0.988816
115	178	0.966846
115	179	0.963955
115	180	1.00846
116	32	1.1181
116	82	0.877239
116	92	1.01324
116	103	0.80108
116	113	1.06829
116	118	1.07899
116	146	1.03469
116	149	1.03901
116	154	1.02097
116	155	0.771283
116	157	1.02591
116	159	1.02252
116	164	1.02478
116	165	1.03466
116	166	0.94546
116	168	1.01854
116	169	0.973799
116	171	0.996498
116	173	0.99954
116	174	0.983695
116	175	0.925258
116	177	0.963878
116	178	0.941907
116	179	0.939016
116	180	0.983519
117	24	0.975997
117	101	1.00623
117	110	1.03364
117	118	0.99728
117	124	0.992796
117	126	0.99231
117	130	1.00591
117	133	1.00774
117	134	0.997529
117	135	0.986984
117	136	1.03732
117	137	0.99468
117	138	0.991464
117	141	1.0152
117	142	0.975105
117	143	0.975126
117	146	1.09438
117	147	0.989984
117	148	0.990599
117	149	1.16796
117	150	1.0176
117	155	1.02096
117	164	1.18231
117	174	1.30835
117	177	1.33582
118	41	1.03869
118	87	1.05961
118	101	0.987055
118	116	1.07899
118	117	0.99728
118	124	0.973617
118	126	0.97313
118	127	0.854178
118	130	0.986726
118	133	0.988563
118	134	0.97835
118	135	0.967805
118	136	1.01814
118	137	0.975501
118	138	0.972285
118	141	0.996021
118	142	0.955926
118	143	0.955947
118	144	1.02136
118	147	0.970805
118	148	0.97142
118	150	0.998416
118	155	1.00178
118	156	1.50629
118	164	1.35111
118	165	1.22385
119	20	1.0605
119	23	0.931777
119	28	1.02464
119	37	1.02093
119	44	1.01565
119	45	0.725304
119	50	1.39289
119	55	1.02248
119	58	0.982478
119	62	0.898341
119	66	0.961262
119	69	0.919668
119	71	0.967395
119	76	0.965507
119	89	1.00575
119	91	1.00061
119	95	0.987029
119	103	1.03805
119	105	1.01911
119	107	1.01642
119	112	0.919518
119	120	0.969957
119	151	0.997422
119	152	0.98193
119	159	1.23657
119	169	1.33938
120	20	1.06062
120	23	0.931896
120	28	1.02476
120	37	1.02104
120	44	1.01577
120	55	1.0226
120	58	0.982597
120	62	0.898461
120	66	0.961381
120	71	0.967514
120	75	0.709683
120	76	0.965627
120	89	1.00587
120	91	1.00073
120	95	0.987148
120	103	1.03817
120	105	1.01923
120	107	1.01654
120	112	0.919638
120	119	0.969957
120	144	0.99751
120	149	1.37359
120	151	0.997542
120	152	0.982049
120	171	1.40102
120	177	1.54145
121	10	1.05146
121	15	0.932195
121	27	1.0243
121	33	1.04745
121	34	1.01606
121	42	0.985197
121	48	0.993138
121	52	0.964767
121	53	0.969008
121	72	1.03987
121	78	1.65555
121	90	0.98559
121	94	0.978865
121	104	1.02102
121	113	0.978044
121	122	0.944977
121	123	0.945164
121	125	0.951173
121	128	0.98343
121	145	0.825496
121	154	1.11265
121	155	0.9881
121	158	1.01636
121	160	1.15406
121	167	1.34312
121	176	0.95938
122	9	0.919241
122	10	1.04569
122	15	0.926426
122	27	1.01853
122	33	1.04168
122	34	1.0103
122	42	0.979429
122	48	0.987369
122	52	0.958999
122	53	0.96324
122	72	1.0341
122	90	0.979822
122	94	0.973097
122	104	1.01525
122	113	0.972276
122	114	1.06645
122	115	0.835076
122	121	0.944977
122	123	0.939395
122	125	0.945405
122	128	0.977662
122	155	0.982331
122	156	1.41708
122	158	1.01059
122	171	1.27496
122	176	0.953612
122	177	1.4154
123	9	0.919428
123	10	1.04588
123	14	0.655942
123	15	0.926613
123	27	1.01871
123	33	1.04187
123	34	1.01048
123	42	0.979616
123	48	0.987556
123	52	0.959186
123	53	0.963427
123	63	0.931775
123	72	1.03428
123	90	0.980009
123	93	0.76713
123	94	0.973284
123	104	1.01544
123	113	0.972463
123	121	0.945164
123	122	0.939395
123	125	0.945592
123	128	0.977849
123	155	0.982519
123	158	1.01078
123	176	0.953799
123	179	1.97847
123	180	1.47959
124	24	0.952333
124	25	0.650132
124	26	1.05498
124	85	0.954633
124	96	0.971638
124	101	0.982571
124	110	1.00997
124	114	1.18143
124	117	0.992796
124	118	0.973617
124	126	0.968646
124	130	0.982242
124	133	0.984079
124	134	0.973866
124	135	0.963321
124	136	1.01365
124	137	0.971017
124	138	0.967801
124	141	0.991537
124	142	0.951442
124	143	0.951463
124	144	1.01688
124	147	0.966321
124	148	0.966935
124	150	0.993932
124	153	1.03666
124	179	1.9706
125	16	0.929859
125	17	1.05198
125	22	1.05722
125	48	0.993566
125	49	1.00841
125	56	0.972236
125	59	0.97086
125	60	0.972239
125	68	1.03974
125	80	0.936563
125	81	0.936583
125	83	0.936776
125	90	0.986018
125	104	1.02145
125	113	0.978472
125	121	0.951173
125	122	0.945405
125	123	0.945592
125	127	0.91493
125	128	0.983858
125	140	1.35204
125	155	0.988528
125	158	1.01679
125	162	1.11926
125	173	1.46705
125	176	0.959808
125	177	1.56537
126	1	1.06436
126	67	0.978541
126	85	0.954147
126	101	0.982084
126	109	1.48564
126	110	1.00949
126	114	1.08549
126	117	0.99231
126	118	0.97313
126	124	0.968646
126	130	0.981755
126	133	0.983592
126	134	0.973379
126	135	0.962835
126	136	1.01317
126	137	0.97053
126	138	0.967314
126	141	0.991051
126	142	0.950956
126	143	0.950976
126	147	0.965834
126	148	0.966449
126	150	0.993446
126	155	0.996807
126	162	0.988331
126	165	1.15368
126	171	1.294
127	37	0.829774
127	53	1.10151
127	110	0.734796
127	118	0.854178
127	125	0.91493
127	141	0.770173
127	145	1.08946
127	146	1.06836
127	153	1.11855
127	157	1.05958
127	160	1.03244
127	161	1.01115
127	163	1.01178
127	164	1.05845
127	165	1.06833
127	166	0.97913
127	167	1.00948
127	171	1.03017
127	172	1.04196
127	173	1.03321
127	174	1.01737
127	175	0.958928
127	176	1.0451
127	177	0.997548
127	178	0.975578
127	179	0.972687
127	180	1.01719
128	9	0.957695
128	10	1.08414
128	15	0.96488
128	27	1.05698
128	33	1.08013
128	34	1.04875
128	40	0.474228
128	42	1.01788
128	48	1.02582
128	52	0.997452
128	53	1.00169
128	72	1.07255
128	87	0.620177
128	90	1.01828
128	94	1.01155
128	104	1.0537
128	112	1.40249
128	113	1.01073
128	121	0.98343
128	122	0.977662
128	123	0.977849
128	125	0.983858
128	155	1.02079
128	158	1.04905
128	159	0.988991
128	166	1.36617
128	176	0.992065
128	178	1.39377
129	2	1.0389
129	47	0.953765
129	54	1.19119
129	66	0.883256
129	92	1.02077
129	106	1.00001
129	108	0.805038
129	131	0.99863
129	136	0.713811
129	145	1.06333
129	147	1.01227
129	156	0.998005
129	159	1.03005
129	160	1.0063
129	161	0.98501
129	163	0.98564
129	165	1.04219
129	167	0.983345
129	168	1.02607
129	170	0.988495
129	171	1.00403
129	172	1.01582
129	173	1.00707
129	174	0.991227
129	175	0.932789
129	176	1.01896
129	177	0.971409
129	178	0.949439
129	179	0.946548
129	180	0.991051
130	1	1.07796
130	4	1.07396
130	67	0.992136
130	85	0.967742
130	101	0.99568
130	110	1.02308
130	117	1.00591
130	118	0.986726
130	124	0.982242
130	126	0.981755
130	133	0.997188
130	134	0.986975
130	135	0.97643
130	136	1.02676
130	137	0.984126
130	138	0.98091
130	141	1.00465
130	142	0.964551
130	143	0.964572
130	144	1.02999
130	147	0.97943
130	148	0.980045
130	150	1.00704
130	155	1.0104
130	162	0.743613
130	165	0.908959
130	170	1.32397
130	173	1.0914
130	175	2.01086
130	177	1.18972
131	29	1.35252
131	48	1.25092
131	106	0.928731
131	129	0.99863
131	140	0.976476
131	142	1.37345
131	145	0.992049
131	152	1.20547
131	154	0.957226
131	156	0.926728
131	160	0.935026
131	161	0.913733
131	163	0.914363
131	164	0.96103
131	165	0.970913
131	166	0.881715
131	167	0.912068
131	168	0.954796
131	170	0.917218
131	171	0.932753
131	172	0.944541
131	173	0.935795
131	174	0.91995
131	176	0.947684
131	177	0.900133
131	178	0.878162
131	179	0.875271
131	180	0.919774
132	3	0.913937
132	5	1.0134
132	11	0.908729
132	27	1.41762
132	29	0.983743
132	47	0.970507
132	61	0.948136
132	64	0.936128
132	65	0.918876
132	70	1.01516
132	77	1.0065
132	86	0.89841
132	89	1.2997
132	92	0.93001
132	95	1.61093
132	140	0.956993
132	150	1.47969
132	154	0.937743
132	159	0.939289
132	161	0.894251
132	166	0.862232
132	167	0.892585
132	168	0.935313
132	169	0.890571
132	173	0.916312
132	175	0.84203
132	177	0.88065
132	178	0.85868
132	179	0.855789
132	180	0.900292
133	4	1.0758
133	26	1.06993
133	74	0.98668
133	85	0.969579
133	100	0.959983
133	101	0.997517
133	110	1.02492
133	117	1.00774
133	118	0.988563
133	124	0.984079
133	126	0.983592
133	130	0.997188
133	134	0.988812
133	135	0.978267
133	136	1.0286
133	137	0.985963
133	138	0.982747
133	141	1.00648
133	142	0.966388
133	143	0.966409
133	144	1.03182
133	146	1.07792
133	147	0.981267
133	148	0.981881
133	150	1.00888
133	155	1.01224
133	162	0.873252
133	164	1.16585
133	166	1.6768
133	174	1.29188
134	4	1.06559
134	41	1.03894
134	49	1.02191
134	67	0.98376
134	85	0.959366
134	96	0.878129
134	101	0.987303
134	110	1.01471
134	117	0.997529
134	118	0.97835
134	124	0.973866
134	126	0.973379
134	130	0.986975
134	133	0.988812
134	135	0.968054
134	136	1.01839
134	137	0.975749
134	138	0.972534
134	141	0.99627
134	142	0.956175
134	143	0.956196
134	144	1.02161
134	146	1.19543
134	147	0.971053
134	148	0.971668
134	150	0.998665
134	155	1.00203
134	172	1.22091
134	173	1.33855
134	174	1.40939
134	176	1.2126
135	1	1.05904
135	41	1.02839
135	49	1.01137
135	67	0.973215
135	85	0.948821
135	87	1.04931
135	101	0.976759
135	110	1.00416
135	117	0.986984
135	118	0.967805
135	124	0.963321
135	126	0.962835
135	130	0.97643
135	133	0.978267
135	134	0.968054
135	136	1.00784
135	137	0.965205
135	138	0.961989
135	141	0.985726
135	142	0.94563
135	143	0.945651
135	144	1.01107
135	147	0.960509
135	148	0.961124
135	150	0.98812
135	151	1.1682
135	153	0.958444
135	154	1.40988
135	155	0.991482
135	156	1.45384
135	157	1.25339
135	177	1.45216
136	24	0.996854
136	26	1.0995
136	41	1.07872
136	67	1.02355
136	85	0.999154
136	100	0.989558
136	101	1.02709
136	110	1.0545
136	117	1.03732
136	118	1.01814
136	124	1.01365
136	126	1.01317
136	129	0.713811
136	130	1.02676
136	133	1.0286
136	134	1.01839
136	135	1.00784
136	137	1.01554
136	138	1.01232
136	141	1.03606
136	142	0.995963
136	143	0.995983
136	146	0.92745
136	147	1.01084
136	148	1.01146
136	150	1.03845
136	153	0.675169
136	155	1.04181
136	157	0.970114
136	159	1.14914
136	170	1.30315
136	175	1.99003
137	24	0.954217
137	26	1.05687
137	36	1.11814
137	39	0.961173
137	40	0.867755
137	45	0.871255
137	49	1.01906
137	67	0.980911
137	85	0.956517
137	101	0.984454
137	110	1.01186
137	117	0.99468
137	118	0.975501
137	124	0.971017
137	126	0.97053
137	130	0.984126
137	133	0.985963
137	134	0.975749
137	135	0.965205
137	136	1.01554
137	138	0.969685
137	141	0.993421
137	142	0.953326
137	143	0.953347
137	144	1.01876
137	147	0.968204
137	148	0.968819
137	150	0.995816
137	151	1.1183
137	155	0.999178
137	161	1.75697
137	173	1.30394
138	26	1.05365
138	39	0.957958
138	41	1.03287
138	46	1.386
138	49	1.01585
138	63	0.897034
138	67	0.977695
138	75	0.671742
138	85	0.953301
138	101	0.981239
138	110	1.00864
138	117	0.991464
138	118	0.972285
138	124	0.967801
138	126	0.967314
138	130	0.98091
138	133	0.982747
138	134	0.972534
138	135	0.961989
138	136	1.01232
138	137	0.969685
138	141	0.990205
138	142	0.95011
138	143	0.950131
138	144	1.01555
138	147	0.964989
138	148	0.965603
138	150	0.9926
138	155	0.995962
138	158	0.962566
138	163	1.61213
138	180	1.44485
139	28	1.30377
139	61	1.42632
139	100	0.907155
139	115	0.999044
139	142	1.46028
139	146	0.95395
139	149	0.958269
139	153	1.00414
139	154	0.940233
139	155	1.59209
139	156	0.909735
139	157	0.945173
139	159	0.941779
139	161	0.896741
139	163	0.89737
139	164	0.944037
139	165	0.95392
139	166	0.864722
139	167	0.895075
139	168	0.937803
139	170	0.900225
139	171	0.91576
139	172	0.927548
139	173	0.918802
139	174	0.902958
139	175	0.84452
139	176	0.930692
139	177	0.88314
139	178	0.861169
139	179	0.858279
139	180	0.902781
140	7	1.01911
140	8	1.11937
140	13	1.32649
140	19	0.724521
140	27	1.04995
140	77	0.827621
140	96	1.05255
140	125	1.35204
140	131	0.976476
140	132	0.956993
140	145	1.04117
140	151	1.0253
140	153	1.07025
140	154	1.00635
140	156	0.97585
140	157	1.01129
140	159	1.00789
140	163	0.963485
140	164	1.01015
140	166	0.930837
140	167	0.96119
140	168	1.00392
140	170	0.96634
140	171	0.981875
140	172	0.993663
140	173	0.984917
140	174	0.969073
140	175	0.910635
140	177	0.949255
140	178	0.927284
140	179	0.924394
140	180	0.968896
141	1	1.08726
141	24	0.974738
141	26	1.07739
141	32	0.749151
141	41	1.05661
141	67	1.00143
141	85	0.977038
141	100	0.967442
141	101	1.00498
141	110	1.03238
141	117	1.0152
141	118	0.996021
141	124	0.991537
141	126	0.991051
141	127	0.770173
141	130	1.00465
141	133	1.00648
141	134	0.99627
141	135	0.985726
141	136	1.03606
141	137	0.993421
141	138	0.990205
141	142	0.973847
141	143	0.973867
141	144	1.03928
141	147	0.988725
141	148	0.98934
141	150	1.01634
141	155	1.0197
141	158	0.879663
141	160	1.41973
141	164	1.2671
141	169	1.50368
141	172	1.20465
142	1	1.04716
142	4	1.04316
142	24	0.934643
142	41	1.01651
142	67	0.961336
142	85	0.936942
142	87	1.03743
142	92	1.07142
142	100	0.927347
142	101	0.96488
142	110	0.992284
142	117	0.975105
142	118	0.955926
142	124	0.951442
142	126	0.950956
142	130	0.964551
142	131	1.37345
142	133	0.966388
142	134	0.956175
142	135	0.94563
142	136	0.995963
142	137	0.953326
142	138	0.95011
142	139	1.46028
142	141	0.973847
142	143	0.933772
142	144	0.999188
142	147	0.94863
142	148	0.949245
142	150	0.976241
142	155	0.979603
142	164	0.911594
142	169	1.14817
142	178	1.45014
143	1	1.04718
