1	5	0.97528
1	17	0.867733
1	41	1.08814
1	63	1.11305
1	80	1.02919
1	87	1.07696
1	92	1.04964
1	144	0.943695
1	161	0.989099
1	174	0.961968
1	175	0.952868
1	178	0.958857
2	40	1.03148
2	70	1.02207
2	91	1.00598
2	116	0.972473
2	138	1.00993
2	150	0.953821
2	152	1.01721
2	155	1.08241
2	159	0.941771
2	167	1.03092
2	172	0.979145
2	178	0.959642
3	34	0.921869
3	48	0.968079
3	54	1.08969
3	65	1.08802
3	89	0.944417
3	139	0.989537
3	153	1.03195
3	160	0.964928
3	168	1.0039
3	170	0.972012
3	179	1.07395
3	180	0.956606
4	17	0.724612
4	32	0.994143
4	36	0.856507
4	63	0.969927
4	80	0.886073
4	87	0.933842
4	92	0.906515
4	134	1.20548
4	165	0.928382
4	169	1.24764
4	179	1.12707
4	180	1.22504
5	1	0.97528
5	17	0.718692
5	27	1.27109
5	32	0.988223
5	36	0.850587
5	63	0.964007
5	80	0.880153
5	92	0.900596
5	150	1.18636
5	165	0.922462
5	170	1.18176
5	180	1.16635
6	25	1.05228
6	62	1.01382
6	100	0.905196
6	120	0.97828
6	134	0.899951
6	149	1.00701
6	150	0.939521
6	152	1.01432
6	155	1.07952
6	162	1.03581
6	163	1.01049
6	179	1.07125
7	31	0.955183
7	94	0.997276
7	97	0.982578
7	104	1.02977
7	110	1.07969
7	118	1.09452
7	125	1.00563
7	155	0.916439
7	166	0.958004
7	173	1.03792
7	174	0.98807
7	180	0.959129
8	38	1.03208
8	44	1.01891
8	68	0.997767
8	128	0.956223
8	139	1.01991
8	156	1.05368
8	159	0.937571
8	161	0.985684
8	165	1.05072
8	168	1.02693
8	169	0.95221
8	172	0.974945
9	35	0.86763
9	40	0.917375
9	56	0.880857
9	70	0.907967
9	73	0.918317
9	86	0.915108
9	91	0.891877
9	157	1.15536
9	168	1.22166
9	171	0.900868
9	172	1.23906
9	176	1.1866
10	68	1.00545
10	105	0.941796
10	163	1.00911
10	165	0.954179
10	167	0.927411
10	172	1.01695
10	173	0.96624
10	174	1.03059
10	175	1.03644
10	176	1.03525
10	177	1.03495
10	178	1.03671
11	46	0.956365
11	121	1.05252
11	130	0.949212
11	133	0.952738
11	147	0.97478
11	154	0.960546
11	161	1.01895
11	172	1.0106
11	175	1.03008
11	176	1.0289
11	177	1.02859
11	178	1.03036
12	37	0.999528
12	54	0.901113
12	102	0.994133
12	146	0.929871
12	154	0.997231
12	164	1.0498
12	168	0.966171
12	172	1.01697
12	174	1.03062
12	175	1.03646
12	176	1.03528
12	178	1.03674
13	37	0.997803
13	38	0.967431
13	74	0.936111
13	84	1.03291
13	101	0.927396
13	168	0.964446
13	172	1.01298
13	174	1.02662
13	175	1.03247
13	176	1.03128
13	177	1.03098
13	178	1.03275
14	35	0.861273
14	40	0.911018
14	60	1.15855
14	70	0.90161
14	73	0.91196
14	85	1.40079
14	91	0.88552
14	148	0.923723
14	156	0.910384
14	171	0.894511
14	175	1.18192
14	179	1.06411
15	50	1.26146
15	52	1.0695
15	116	0.898141
15	134	0.911427
15	140	0.901919
15	141	1.2482
15	161	0.889826
15	167	1.21505
15	170	0.897019
15	175	0.90096
15	177	0.899471
15	178	0.901236
16	22	1.03851
16	57	0.770465
16	123	0.974525
16	144	1.03741
16	152	1.02558
16	167	0.984684
16	172	1.01223
16	174	1.02587
16	175	1.03172
16	176	1.03053
16	177	1.03023
16	178	1.032
17	1	0.867733
17	4	0.724612
17	5	0.718692
17	41	0.831556
17	63	0.856461
17	80	0.772607
17	87	0.820376
17	92	0.793049
17	103	1.57301
17	157	1.59677
17	165	0.814915
17	166	1.63402
18	66	0.949029
18	83	1.01388
18	95	1.00123
18	113	0.938055
18	114	0.992012
18	119	1.00554
18	124	0.957145
18	134	1.02183
18	170	1.05679
18	171	1.06809
18	173	0.97548
18	177	1.04607
18	180	0.981512
19	96	0.908861
19	99	0.925641
19	103	0.972295
19	123	1.00449
19	128	1.06104
19	149	0.962064
19	152	0.969376
19	155	1.03457
19	169	0.968695
19	171	1.06113
19	173	1.08266
19	176	1.02729
19	179	1.0263
20	32	1.02719
20	46	0.947668
20	48	0.918236
20	54	1.03985
20	65	1.03817
20	75	0.977185
20	78	0.983341
20	89	0.894573
20	134	1.03726
20	168	0.954058
20	169	1.07942
20	171	1.08353
20	179	1.0241
21	75	1.00885
21	77	1.01518
21	94	0.926765
21	109	1.02852
21	118	1.02401
21	125	0.935118
21	153	1.09128
21	162	0.988167
21	165	0.97735
21	166	1.08736
21	169	0.965997
21	173	0.967412
21	179	0.990515
22	16	1.03851
22	88	1.01909
22	132	0.96969
22	133	0.970638
22	135	0.976364
22	137	1.0839
22	143	0.970595
22	145	0.98356
22	147	0.964855
22	151	0.978267
22	167	0.986031
22	170	1.02518
22	174	1.03871
23	107	1.09767
23	109	0.979254
23	117	0.964495
23	129	0.961436
23	133	0.972167
23	135	0.977892
23	144	1.04989
23	151	0.979795
23	158	0.97604
23	160	1.04754
23	167	0.98756
23	176	1.03209
23	180	0.980614
24	33	0.963803
24	38	1.10858
24	42	1.1103
24	74	1.14642
24	85	1.03658
24	97	0.821324
24	98	1.10767
24	109	0.737906
24	139	1.0964
24	145	0.820954
24	165	1.12721
24	168	1.10342
24	171	0.824576
25	6	1.05228
25	52	0.943155
25	67	1.14467
25	72	0.98387
25	128	0.967771
25	131	0.98568
25	146	1.07093
25	157	0.987533
25	163	0.951592
25	174	0.973071
25	176	0.977731
25	177	0.977428
25	178	0.979194
26	55	0.971075
26	94	0.933754
26	104	0.966252
26	118	1.031
26	125	0.942108
26	129	1.10912
26	162	0.995156
26	164	1.03839
26	165	0.98434
26	167	1.04634
26	169	0.972987
26	173	0.974401
26	180	1.03693
27	5	1.27109
27	74	1.05087
27	108	1.12022
27	148	1.0426
27	154	1.11026
27	161	0.922574
27	162	0.955863
27	164	0.947044
27	172	0.914221
27	174	0.927862
27	175	0.933709
27	176	0.932522
27	177	0.93222
27	178	0.933985
28	46	1.17109
28	65	1.26159
28	78	1.20676
28	85	0.947584
28	89	1.11799
28	122	0.949486
28	148	1.21757
28	159	0.716835
28	163	0.799855
28	168	1.17748
28	169	0.731474
28	173	0.75711
28	176	0.701744
28	179	1.24752
29	31	0.960554
29	55	0.870845
29	77	1.09106
29	104	1.03515
29	110	1.08506
29	118	1.0999
29	125	1.011
29	144	0.94737
29	162	1.06405
29	164	0.938159
29	165	1.05323
29	170	0.952107
29	178	0.962532
29	180	0.936702
30	114	0.911856
30	117	0.967212
30	120	0.976205
30	148	0.874939
30	149	0.94421
30	165	0.919788
30	170	1.04282
30	172	1.02727
30	174	1.04091
30	175	1.04676
30	176	1.04557
30	177	1.04527
30	178	1.04704
30	179	1.10435
31	7	0.955183
31	29	0.960554
31	64	1.11549
31	77	0.963837
31	83	1.11958
31	94	0.875422
31	110	0.957835
31	118	0.97267
31	125	0.883775
31	140	1.16786
31	159	1.15505
31	169	0.914654
31	173	0.916069
31	179	1.04912
32	4	0.994143
32	5	0.988223
32	20	1.02719
32	36	1.01257
32	63	1.12599
32	80	1.04214
32	87	1.08991
32	92	1.06258
32	109	0.856937
32	111	0.948643
32	162	0.910811
32	165	1.08445
32	171	0.943608
32	180	0.916906
33	24	0.963803
33	76	1.21477
33	105	1.13626
33	131	0.930635
33	140	0.924831
33	145	1.13554
33	158	1.14635
33	159	0.944644
33	160	0.929999
33	174	0.918025
33	175	0.923872
33	177	0.922382
33	178	0.924148
33	179	0.981464
34	3	0.921869
34	53	0.881045
34	69	1.03989
34	82	0.959277
34	90	0.911023
34	136	1.04593
34	145	0.934878
34	147	0.985021
34	170	1.0537
34	172	1.03815
34	174	1.0518
34	176	1.05646
34	177	1.05615
34	178	1.05792
35	9	0.86763
35	14	0.861273
35	56	0.93962
35	73	0.97708
35	83	1.07495
35	86	0.973871
35	91	0.95064
35	122	0.881413
35	148	0.988843
35	163	1.19344
35	171	0.95963
35	177	1.10714
35	178	1.12829
35	180	1.10246
36	4	0.856507
36	5	0.850587
36	32	1.01257
36	41	0.963451
36	63	0.988356
36	75	1.06791
36	80	0.904502
36	87	0.952271
36	92	0.924944
36	110	1.09506
36	162	1.14145
36	165	0.946811
36	177	1.15223
36	180	1.14755
37	12	0.999528
37	13	0.997803
37	94	0.966965
37	97	1.03127
37	104	0.999463
37	114	1.03606
37	118	1.06421
37	125	0.975318
37	137	0.975934
37	139	0.986746
37	140	1.0286
37	165	1.01755
37	169	1.0062
37	173	1.00761
37	179	0.909853
38	8	1.03208
38	13	0.967431
38	24	1.10858
38	42	0.983146
38	68	0.947102
38	98	0.980513
38	128	1.00406
38	139	0.969248
38	142	1.00263
38	156	1.00302
38	165	1.00005
38	168	0.976263
38	172	1.02278
38	174	1.00639
38	178	1.00328
39	41	1.01364
39	69	1.02412
39	87	1.00246
39	92	0.975136
39	144	0.98748
39	149	0.979018
39	152	0.98633
39	153	0.979608
39	155	1.05153
39	162	1.00782
39	165	0.997002
39	170	0.992218
39	172	1.02215
39	173	0.987064
39	178	1.00264
40	2	1.03148
40	9	0.917375
40	14	0.911018
40	69	1.03638
40	70	1.01647
40	73	1.02682
40	86	1.02362
40	140	1.00985
40	142	1.01425
40	148	1.03859
40	156	1.02525
40	161	1.04514
40	169	1.01167
40	171	1.00938
40	179	0.891103
41	1	1.08814
41	17	0.831556
41	36	0.963451
41	39	1.01364
41	55	0.932154
41	60	0.994478
41	80	0.993017
41	82	1.02062
41	87	1.04079
41	92	1.01346
41	148	0.989335
41	150	1.01802
41	161	1.05408
41	165	1.03533
41	175	1.01785
42	24	1.1103
42	38	0.983146
42	44	0.969976
42	68	0.948829
42	74	1.02099
42	98	0.982241
42	107	1.03986
42	131	0.993055
42	156	1.00474
42	164	0.982874
42	165	1.00178
42	168	0.97799
42	174	1.01036
42	176	0.974286
42	178	1.00725
43	67	0.981795
43	122	1.15704
43	137	0.975781
43	138	0.985343
43	142	1.00092
43	143	0.956457
43	152	0.966732
43	157	1.01468
43	168	0.944355
43	172	0.986571
43	174	1.00021
43	175	1.00606
43	176	1.00487
43	177	1.00457
43	178	1.00634
44	8	1.01891
44	42	0.969976
44	57	1.19472
44	68	0.933932
44	74	1.00609
44	98	0.967343
44	100	0.966725
44	127	1.08152
44	139	0.956078
44	156	0.989847
44	160	0.989363
44	164	0.982498
44	168	0.963093
44	178	1.00687
44	180	0.981041
45	59	0.953094
45	67	0.999782
45	85	0.936332
45	105	1.02018
45	108	0.992748
45	119	1.05009
45	124	1.00169
45	164	1.00427
45	165	1.03898
45	168	1.03074
45	173	1.02003
45	176	0.995677
45	178	1.02864
45	179	0.904839
45	180	1.02606
46	11	0.956365
46	20	0.947668
46	28	1.17109
46	48	0.928895
46	65	1.04883
46	78	0.993999
46	89	0.905232
46	116	1.04001
46	134	0.981784
46	148	1.00481
46	150	1.02135
46	168	0.964717
46	177	1.00603
46	179	1.03476
46	180	1.00134
47	74	0.92235
47	122	1.16337
47	124	0.996551
47	128	0.98286
47	139	0.955687
47	152	0.973061
47	154	0.981745
47	157	1.00262
47	159	1.01478
47	172	0.974518
47	175	0.994006
47	176	0.992819
47	177	0.992516
47	178	0.994282
47	179	1.0516
48	3	0.968079
48	20	0.918236
48	46	0.928895
48	54	1.02108
48	65	1.0194
48	78	0.964568
48	84	1.04295
48	89	0.875801
48	140	1.07416
48	153	0.96333
48	164	1.05485
48	168	0.935285
48	171	1.08009
48	174	1.08233
48	175	1.07323
48	179	1.00533
49	61	1.02705
49	72	1.02617
49	84	1.07335
49	115	0.938426
49	117	0.93913
49	130	0.956398
49	135	0.952527
49	136	1.10322
49	142	1.10896
49	146	0.983812
49	151	0.95443
49	154	0.936239
49	158	0.950675
49	167	0.962194
49	178	1.10961
49	179	0.985814
50	15	1.26146
50	59	0.894162
50	81	1.01216
50	84	0.991911
50	95	0.986844
50	97	0.98356
50	105	0.961243
50	108	0.933816
50	124	0.942761
50	127	1.10283
50	162	0.996254
50	166	0.957229
50	169	1.02495
50	171	1.02905
50	173	0.961096
50	180	0.967128
51	73	0.967679
51	86	0.96447
51	104	1.09485
51	114	0.969733
51	151	0.958414
51	156	0.966103
51	157	1.04681
51	158	0.954659
51	160	1.09351
51	166	0.949334
51	167	0.966178
51	171	0.95023
51	173	0.953201
51	175	1.10502
51	176	1.07805
51	179	0.987214
52	15	1.0695
52	25	0.943155
52	57	1.24843
52	59	1.03917
52	60	0.806858
52	74	1.0598
52	98	1.02105
52	140	0.831164
52	146	1.06525
52	147	1.02245
52	149	1.02261
52	152	1.02992
52	153	0.813186
52	163	0.90137
52	167	1.04363
52	179	1.08685
53	34	0.881045
53	62	1.05764
53	99	1.01441
53	111	1.06517
53	120	1.02211
53	123	1.09326
53	144	0.926451
53	149	1.05084
53	152	1.05815
53	155	1.12334
53	157	0.877414
53	161	0.971855
53	166	0.914658
53	177	0.920465
53	179	1.11508
53	180	0.915783
54	3	1.08969
54	12	0.901113
54	20	1.03985
54	48	1.02108
54	78	1.08618
54	89	0.997415
54	103	0.847277
54	107	0.967852
54	148	1.09699
54	153	1.08494
54	166	0.908282
54	168	1.0569
54	174	0.938348
54	178	0.935237
54	179	1.12694
54	180	0.909407
55	26	0.971075
55	29	0.870845
55	41	0.932154
55	81	0.886366
55	128	1.0582
55	133	0.93186
55	139	0.91361
55	157	1.07796
55	160	1.07548
55	167	0.890085
55	172	1.04986
55	174	1.0635
55	175	1.06935
55	176	1.06816
55	177	1.06786
55	178	1.06962
56	9	0.880857
56	35	0.93962
56	70	0.979956
56	73	0.990307
56	83	1.02284
56	86	0.987098
56	91	0.963867
56	122	0.894639
56	135	1.08807
56	137	1.12448
56	148	1.00207
56	156	0.98873
56	166	1.04922
56	171	0.972857
56	175	1.07019
56	180	1.05035
57	16	0.770465
57	44	1.19472
57	52	1.24843
57	68	1.17358
57	85	0.980431
57	89	1.14325
57	94	1.17594
57	98	1.20699
57	125	1.1843
57	147	0.814945
57	151	0.77059
57	161	0.797795
57	175	0.761563
57	178	0.767553
57	179	1.27278
57	180	0.741722
58	76	0.963762
58	96	0.952948
58	101	1.0464
58	111	1.02049
58	112	0.945749
58	133	1.00075
58	144	0.960242
58	149	1.00615
58	152	1.01346
58	155	1.07866
58	162	1.03495
58	166	0.948449
58	169	1.01278
58	171	0.976276
58	173	0.997808
58	178	0.975405
58	179	1.07039
59	45	0.953094
59	50	0.894162
59	52	1.03917
59	105	0.932022
59	108	0.904595
59	109	1.11534
59	113	0.894451
59	114	0.948408
59	119	0.961934
59	124	0.913541
59	166	0.928009
59	171	1.20201
59	173	0.931876
59	174	1.20425
59	176	1.16818
59	179	1.07734
59	180	0.937908
60	14	1.15855
60	41	0.994478
60	52	0.806858
60	63	0.967324
60	119	0.944234
60	123	0.942249
60	134	1.0228
60	135	0.980727
60	142	1.0072
60	157	1.02095
60	164	1.02567
60	174	1.00649
60	175	1.01234
60	176	1.01115
60	177	1.01085
60	178	1.01261
60	179	1.06993
61	49	1.02705
61	71	0.966611
61	93	0.893143
61	94	1.01241
61	96	1.03032
61	112	1.03382
61	120	0.982395
61	121	1.04117
61	142	1.01359
61	148	0.881129
61	161	1.0076
61	164	1.03207
61	172	0.999242
61	175	1.01873
61	176	1.01754
61	177	1.01724
61	178	1.01901
62	6	1.01382
62	53	1.05764
62	101	1.02978
62	111	1.00386
62	120	0.960796
62	123	1.03195
62	149	0.989525
62	152	0.996837
62	153	0.947439
62	155	1.06203
62	160	0.952965
62	161	1.00072
62	172	0.989977
62	173	0.992878
62	174	0.973585
62	177	0.949326
62	179	1.05376
63	1	1.11305
63	4	0.969927
63	5	0.964007
63	17	0.856461
63	32	1.12599
63	36	0.988356
63	60	0.967324
63	80	1.01792
63	87	1.06569
63	92	1.03836
63	137	1.04499
63	144	0.981524
63	159	0.978816
63	162	0.964762
63	165	1.06023
63	171	0.997559
63	179	0.872887
64	31	1.11549
64	90	0.914156
64	91	0.994595
64	93	0.91827
64	123	0.914178
64	132	0.960873
64	144	1.02835
64	149	0.975527
64	159	1.04344
64	161	1.01153
64	163	0.99534
64	166	1.0202
64	170	1.01872
64	174	1.01682
64	176	1.02148
64	177	1.02118
64	178	1.02294
65	3	1.08802
65	20	1.03817
65	28	1.26159
65	46	1.04883
65	48	1.0194
65	78	1.0845
65	89	0.995736
65	100	0.853555
65	137	0.942004
65	147	0.941093
65	153	1.08327
65	163	0.95885
65	166	0.866745
65	168	1.05522
65	169	0.890469
65	175	0.887711
65	179	1.12527
65	180	0.867871
66	18	0.949029
66	81	1.02342
66	90	1.0311
66	103	0.978879
66	113	0.934934
66	114	0.988891
66	119	1.00242
66	124	0.954024
66	133	1.04952
66	153	0.986553
66	159	1.0063
66	163	1.08932
66	167	1.00774
66	169	1.02094
66	173	0.972359
66	174	1.02728
66	177	1.00302
66	180	0.978391
67	25	1.14467
67	43	0.981795
67	45	0.999782
67	81	1.02963
67	105	0.97871
67	108	0.951282
67	112	1.00808
67	113	0.941138
67	119	1.00862
67	121	0.983073
67	124	0.960228
67	142	1.03708
67	153	0.992757
67	160	1.02023
67	166	0.974696
67	173	0.978563
67	175	1.03175
67	180	0.984595
68	8	0.997767
68	10	1.00545
68	38	0.947102
68	42	0.948829
68	44	0.933932
68	57	1.17358
68	74	0.984947
68	98	0.946197
68	100	1.01966
68	106	0.991266
68	156	0.9687
68	162	1.02788
68	165	0.965736
68	166	1.03285
68	168	0.941946
68	170	1.04939
68	177	1.03866
68	180	1.03398
69	34	1.03989
69	39	1.02412
69	40	1.03638
69	98	1.0015
69	127	0.941937
69	135	1.03157
69	141	1.03639
69	159	0.999035
69	164	0.991598
69	168	1.02177
69	172	0.958775
69	173	1.04208
69	174	0.972416
69	175	0.978263
69	176	0.977076
69	177	0.976773
69	178	0.978539
69	180	0.985694
70	2	1.02207
70	9	0.907967
70	14	0.90161
70	40	1.01647
70	56	0.979956
70	86	1.01421
70	91	0.990977
70	103	0.959693
70	122	0.921749
70	139	1.05475
70	148	1.02918
70	156	1.01584
70	166	1.0207
70	167	1.03123
70	169	1.04442
70	171	0.999967
70	173	1.07006
70	180	1.02182
71	61	0.966611
71	93	1.0196
71	95	1.0533
71	112	1.01952
71	121	0.99451
71	130	0.980391
71	137	1.09748
71	139	1.05627
71	143	0.970752
71	145	0.983717
71	146	1.00781
71	147	0.965012
71	151	0.978424
71	154	0.960232
71	158	0.974669
71	167	0.986188
71	173	0.973211
71	176	1.01621
72	25	0.98387
72	49	1.02617
72	93	1.12215
72	95	0.881059
72	107	0.909551
72	127	0.951588
72	130	1.08294
72	132	1.0724
72	143	1.0733
72	145	1.08627
72	146	1.11036
72	162	0.84501
72	165	0.887278
72	167	1.08874
72	168	1.06191
72	170	0.866511
72	173	1.07576
72	174	0.880046
73	9	0.918317
73	14	0.91196
73	35	0.97708
73	40	1.02682
73	51	0.967679
73	56	0.990307
73	86	1.02456
73	88	1.00208
73	91	1.00133
73	95	1.02272
73	122	0.9321
73	137	1.0669
73	144	1.00344
73	147	1.06599
73	148	1.03953
73	160	1.00109
73	171	1.01032
73	173	1.041
74	13	0.936111
74	24	1.14642
74	27	1.05087
74	42	1.02099
74	44	1.00609
74	47	0.92235
74	52	1.0598
74	68	0.984947
74	98	1.01836
74	106	1.06343
74	139	1.00709
74	149	1.00673
74	153	0.948926
74	156	1.04086
74	165	1.0379
74	166	0.945005
74	168	1.01411
74	179	0.848161
74	180	0.94613
75	20	0.977185
75	21	1.00885
75	36	1.06791
75	102	0.99551
75	105	0.890687
75	111	0.898635
75	116	1.03502
75	138	0.935814
75	158	0.900781
75	159	1.05861
75	161	1.02671
75	163	1.01051
75	170	1.0339
75	173	0.915132
75	174	1.03199
75	175	1.03784
75	177	1.03635
75	178	1.03812
75	179	1.09543
76	33	1.21477
76	58	0.963762
76	86	1.10979
76	96	0.887125
76	101	0.980579
76	111	0.954664
76	118	1.0241
76	120	0.9116
76	122	0.867186
76	123	0.982752
76	145	1.07192
76	149	0.940328
76	152	0.94764
76	155	1.01284
76	169	0.946959
76	170	1.06425
76	176	1.04171
76	178	1.07468
76	179	1.00457
77	21	1.01518
77	29	1.09106
77	31	0.963837
77	83	0.916247
77	104	1.03843
77	110	1.08834
77	125	1.01428
77	134	0.924194
77	137	1.0149
77	139	1.02571
77	153	0.94655
77	157	0.905386
77	159	0.951714
77	163	1.03473
77	165	1.05652
77	169	1.04516
77	170	0.95916
77	173	1.04658
77	174	0.972696
78	20	0.983341
78	28	1.20676
78	46	0.993999
78	48	0.964568
78	54	1.08618
78	65	1.0845
78	89	0.940905
78	100	0.915047
78	136	0.948801
78	148	1.04048
78	153	1.02844
78	161	0.985435
78	166	0.928238
78	168	1.00039
78	172	0.974697
78	173	0.977597
78	175	0.949204
78	179	1.07043
78	180	0.929363
79	96	0.966763
79	111	1.0343
79	112	0.922014
79	117	1.00944
79	123	1.06239
79	134	0.906279
79	137	0.996335
79	138	0.994755
79	149	1.01997
79	152	1.02728
79	155	1.09248
79	156	1.04092
79	160	0.934161
79	161	0.981911
79	162	1.04877
79	169	1.0266
79	177	0.930521
79	179	1.08421
79	180	0.925839
80	1	1.02919
80	4	0.886073
80	5	0.880153
80	17	0.772607
80	32	1.04214
80	36	0.904502
80	41	0.993017
80	63	1.01792
80	82	0.961669
80	87	0.981837
80	92	0.95451
80	103	1.03938
80	107	1.15995
80	134	1.08195
80	165	0.976377
80	171	1.12821
80	176	1.09438
80	179	1.00354
80	180	1.10151
81	50	1.01216
81	55	0.886366
81	66	1.02342
81	67	1.02963
81	105	1.05002
81	108	1.02259
81	113	1.01245
81	114	1.06641
81	124	1.03154
81	140	0.972996
81	161	1.0083
81	165	0.988396
81	166	1.04601
81	170	0.967629
81	173	1.04987
81	175	0.972064
81	177	0.956905
81	179	0.854254
81	180	1.05591
82	34	0.959277
82	41	1.02062
82	80	0.961669
82	87	1.00944
82	92	0.982112
82	97	1.01746
82	123	1.02842
82	131	1.00565
82	134	0.974454
82	138	0.986022
82	147	0.985841
82	149	0.985994
82	152	0.993306
82	153	0.99681
82	154	0.981062
82	155	1.0585
82	160	1.00234
82	167	1.00702
82	172	1.03935
82	175	1.01386
83	18	1.01388
83	31	1.11958
83	35	1.07495
83	56	1.02284
83	77	0.916247
83	97	1.02579
83	128	0.990783
83	131	1.00869
83	136	0.990217
83	146	0.910656
83	147	0.992251
83	150	0.998415
83	168	0.946957
83	170	0.997988
83	171	1.00036
83	172	0.982441
83	175	1.00193
83	176	1.00074
83	177	1.00044
83	178	1.0022
84	13	1.03291
84	48	1.04295
84	49	1.07335
84	50	0.991911
84	86	0.997047
84	112	1.01154
84	114	0.96434
84	149	0.996694
84	150	0.992934
84	159	1.01722
84	163	0.969122
84	164	1.00978
84	167	0.945504
84	170	0.992506
84	173	0.984333
84	174	0.9906
84	175	0.996447
84	176	0.99526
84	177	0.994958
84	178	0.996723
85	14	1.40079
85	24	1.03658
85	28	0.947584
85	45	0.936332
85	57	0.980431
85	90	0.973855
85	95	0.940861
85	110	1.13275
85	113	0.877688
85	120	1.27784
85	145	0.925619
85	146	0.949708
85	158	0.916571
85	165	1.22142
85	167	0.92809
85	170	0.909773
85	171	0.912142
85	172	0.894225
85	178	0.91399
85	180	0.921145
86	9	0.915108
86	35	0.973871
86	40	1.02362
86	51	0.96447
86	56	0.987098
86	70	1.01421
86	73	1.02456
86	76	1.10979
86	84	0.997047
86	91	0.998118
86	97	1.03254
86	101	0.998364
86	146	0.999113
86	148	1.03632
86	156	1.02298
86	157	0.969116
86	171	1.00711
86	177	1.01217
86	179	0.909515
86	180	1.00749
87	1	1.07696
87	4	0.933842
87	17	0.820376
87	32	1.08991
87	36	0.952271
87	39	1.00246
87	41	1.04079
87	63	1.06569
87	80	0.981837
87	82	1.00944
87	92	1.00228
87	121	0.956173
87	129	1.05719
87	151	1.01387
87	153	0.987801
87	165	1.02415
87	166	0.98388
87	171	1.01171
87	178	1.01084
87	180	0.985005
88	22	1.01909
88	73	1.00208
88	98	0.963506
88	110	0.903363
88	122	1.19646
88	127	0.965665
88	131	1.00875
88	134	1.01246
88	143	0.995883
88	148	0.947177
88	159	1.02276
88	160	1.00812
88	167	0.965258
88	169	1.00198
88	170	0.99805
88	172	0.982503
88	174	0.996144
88	176	1.0008
88	177	1.0005
88	178	1.00227
89	3	0.944417
89	20	0.894573
89	28	1.11799
89	46	0.905232
89	48	0.875801
89	54	0.997415
89	57	1.14325
89	65	0.995736
89	78	0.940905
89	134	1.01572
89	140	1.05605
89	148	0.951716
89	153	0.939668
89	161	1.09135
89	166	1.03415
89	168	0.911622
89	173	1.08351
89	174	1.06422
89	176	1.02814
89	179	0.981667
89	180	1.03528
90	34	0.911023
90	64	0.914156
90	66	1.0311
90	85	0.973855
90	95	1.0833
90	100	0.931444
90	105	1.0577
90	108	1.03027
90	112	0.941936
90	114	1.07408
90	119	1.08761
90	124	1.03922
90	141	1.04805
90	166	1.05368
90	169	0.968358
90	171	0.972462
90	173	1.05755
90	177	0.950442
90	178	0.971591
90	179	0.847791
90	180	1.06358
91	2	1.00598
91	9	0.891877
91	14	0.88552
91	35	0.95064
91	56	0.963867
91	64	0.994595
91	70	0.990977
91	73	1.00133
91	86	0.998118
91	97	1.00931
91	113	1.13426
91	122	0.90566
91	132	1.07214
91	137	1.10033
91	146	1.01783
91	148	1.01309
91	156	0.999751
91	166	1.02507
91	171	0.983878
91	177	1.03088
91	180	1.0262
92	1	1.04964
92	4	0.906515
92	5	0.900596
92	17	0.793049
92	32	1.06258
92	36	0.924944
92	39	0.975136
92	41	1.01346
92	63	1.03836
92	80	0.95451
92	82	0.982112
92	87	1.00228
92	121	0.999776
92	151	1.05748
92	161	1.08468
92	165	0.996819
92	166	1.02748
92	168	1.05654
92	169	1.05121
92	171	1.05531
92	172	1.07394
93	61	0.893143
93	64	0.91827
93	71	1.0196
93	72	1.12215
93	102	0.993073
93	133	1.04278
93	136	0.969312
93	143	1.04274
93	145	1.0557
93	147	1.037
93	151	1.05041
93	154	1.03222
93	155	0.907185
93	158	1.04666
93	162	0.943779
93	166	1.04133
93	167	1.05818
93	177	0.954556
93	178	0.975705
93	179	0.851904
93	180	1.05123
94	7	0.997276
94	21	0.926765
94	26	0.933754
94	31	0.875422
94	37	0.966965
94	57	1.17594
94	61	1.01241
94	104	0.950013
94	109	1.00917
94	110	0.999928
94	118	1.01476
94	125	0.925868
94	136	1.08858
94	137	0.926484
94	141	0.948658
94	145	1.09222
94	166	1.06801
94	171	1.09584
94	173	0.958162
94	179	0.971169
94	180	1.06914
95	18	1.00123
95	50	0.986844
95	71	1.0533
95	72	0.881059
95	73	1.02272
95	85	0.940861
95	90	1.0833
95	103	1.03108
95	105	1.0247
95	108	0.997277
95	113	0.987133
95	114	1.04109
95	119	1.05462
95	124	1.00622
95	141	1.01505
95	162	0.970396
95	164	0.977948
95	172	1.02182
95	174	1.00543
95	175	0.996332
95	179	0.878521
95	180	1.03059
96	19	0.908861
96	58	0.952948
96	61	1.03032
96	76	0.887125
96	79	0.966763
96	99	0.893091
96	101	0.969765
96	102	1.13025
96	120	0.900786
96	123	0.971938
96	128	1.11366
96	149	0.929514
96	152	0.936826
96	155	1.00202
96	156	0.950463
96	160	1.09537
96	169	0.936145
96	170	1.10246
96	173	1.13529
96	178	1.11288
96	179	0.993753
96	180	1.08705
97	7	0.982578
97	24	0.821324
97	37	1.03127
97	50	0.98356
97	82	1.01746
97	83	1.02579
97	86	1.03254
97	91	1.00931
97	108	0.993993
97	118	0.945243
97	147	1.04321
97	154	1.02897
97	155	0.927297
97	156	1.03418
97	166	1.01741
97	168	0.997915
97	171	1.0183
97	172	1.00039
97	176	1.01869
97	177	1.01838
97	178	1.02015
97	180	1.02731
98	24	1.10767
98	38	0.980513
98	42	0.982241
98	44	0.967343
98	52	1.02105
98	57	1.20699
98	68	0.946197
98	69	1.0015
98	74	1.01836
98	88	0.963506
98	106	1.02468
98	139	0.968342
98	156	1.00211
98	163	1.04517
98	165	0.999147
98	166	0.953064
98	168	0.975357
98	171	0.980891
98	174	0.98313
98	176	0.947058
98	178	0.98002
98	180	0.954189
99	19	0.925641
99	53	1.01441
99	96	0.893091
99	100	1.04022
99	101	0.986545
99	107	1.11298
99	111	0.96063
99	120	0.917566
99	123	0.988718
99	134	1.03497
99	137	0.922662
99	139	0.933474
99	142	1.07971
99	148	1.04586
99	149	0.946295
99	152	0.953606
99	155	1.0188
99	159	1.06249
99	162	0.975095
99	169	0.952926
99	173	1.10277
99	175	1.07437
99	179	1.01053
99	180	1.05453
100	6	0.905196
100	44	0.966725
100	65	0.853555
100	68	1.01966
100	78	0.915047
100	90	0.931444
100	99	1.04022
100	112	1.04647
100	113	1.04028
100	115	1.00013
100	126	0.923612
100	128	1.02023
100	144	1.03707
100	150	1.02787
100	161	1.02024
100	163	1.00405
100	164	1.04471
100	172	1.01189
100	174	1.02553
100	175	1.03138
100	176	1.03019
100	177	1.02989
100	178	1.03166
100	180	1.03881
101	13	0.927396
101	58	1.0464
101	62	1.02978
101	76	0.980579
101	86	0.998364
101	96	0.969765
101	99	0.986545
101	111	1.0373
101	120	0.99424
101	123	1.06539
101	128	0.964027
101	139	1.01015
101	149	1.02297
101	152	1.03028
101	155	1.09548
101	156	1.04392
101	163	1.02839
101	166	0.936291
101	171	0.964118
101	174	0.966357
101	175	0.957257
101	176	0.930284
101	179	1.08721
101	180	0.937416
102	12	0.994133
102	75	0.99551
102	93	0.993073
102	96	1.13025
102	120	1.08233
102	122	1.23035
102	130	1.03739
102	136	0.941969
102	141	1.03229
102	143	1.02977
102	151	1.0186
102	157	0.962296
102	159	0.974453
102	160	0.959808
102	164	0.967016
102	170	0.94974
102	171	0.952109
102	172	0.934192
102	173	1.03797
102	174	0.947834
102	175	0.95368
102	177	0.952191
102	178	0.953957
102	180	0.961112
103	17	1.57301
103	19	0.972295
103	54	0.847277
103	66	0.978879
103	70	0.959693
103	80	1.03938
103	95	1.03108
103	108	0.97805
103	113	0.967905
103	116	1.00111
103	120	0.976997
103	132	1.00197
103	135	1.00864
103	143	1.00287
103	149	0.945002
103	152	0.934712
103	154	0.992352
103	155	0.841717
103	156	0.905364
103	167	1.01831
103	174	0.998084
103	176	1.00274
103	177	1.00244
103	178	1.00421
103	180	1.01136
104	7	1.02977
104	26	0.966252
104	29	1.03515
104	37	0.999463
104	51	1.09485
104	77	1.03843
104	94	0.950013
104	110	1.03243
104	118	1.04726
104	120	1.04879
104	125	0.958367
104	127	1.05668
104	136	0.975637
104	139	0.969794
104	141	0.981156
104	152	1.0065
104	162	1.01142
104	163	1.04718
104	165	1.0006
104	169	0.989245
104	172	1.00153
104	173	0.99066
104	177	0.960881
104	179	0.85823
104	180	0.956199
105	10	0.941796
105	33	1.13626
105	45	1.02018
105	50	0.961243
105	59	0.932022
105	67	0.97871
105	75	0.890687
105	81	1.05002
105	90	1.0577
105	95	1.0247
105	108	0.971676
105	113	0.961532
105	114	1.01549
105	119	1.02901
105	124	0.980621
105	126	0.961718
105	131	0.981964
105	139	1.00326
105	147	1.04355
105	153	1.01315
105	163	1.06131
105	170	0.985732
105	173	0.998956
105	178	0.996157
105	180	1.00499
106	68	0.991266
106	74	1.06343
106	98	1.02468
106	109	0.887014
106	121	0.918151
106	129	1.02113
106	131	0.958621
106	133	1.03186
106	149	1.02623
106	152	1.03354
106	153	0.949779
106	154	1.0213
106	155	1.09874
106	157	0.908614
106	159	0.954943
106	162	1.05503
106	165	1.04422
106	166	1.03041
106	167	1.04726
106	168	1.02043
106	170	0.962389
106	172	0.992317
106	174	0.975924
106	175	0.966824
106	176	0.939852
106	179	1.09047
107	23	1.09767
107	42	1.03986
107	54	0.967852
107	72	0.909551
107	80	1.15995
107	99	1.11298
107	121	0.995954
107	136	0.961807
107	140	0.974478
107	142	0.968381
107	148	0.996306
107	151	1.03385
107	156	1.02594
107	157	0.982134
107	159	0.994291
107	160	0.979646
107	164	0.986854
107	169	0.973503
107	170	0.969578
107	172	0.95403
107	173	1.05322
107	174	0.967672
107	175	0.973518
107	176	0.972332
107	177	0.972029
107	178	0.973795
108	27	1.12022
108	45	0.992748
108	50	0.933816
108	59	0.904595
108	67	0.951282
108	81	1.02259
108	90	1.03027
108	95	0.997277
108	97	0.993993
108	103	0.97805
108	105	0.971676
108	112	1.01166
108	113	0.934104
108	119	1.00159
108	124	0.953194
108	128	1.04209
108	136	1.03492
108	149	1.07608
108	153	0.985723
108	163	1.10646
108	169	1.03808
108	171	1.04219
108	173	0.971529
108	177	1.02017
108	179	0.917514
108	180	0.977561
109	21	1.02852
109	23	0.979254
109	24	0.737906
109	32	0.856937
109	59	1.11534
109	94	1.00917
109	106	0.887014
109	110	0.834077
109	122	1.12718
109	123	0.885813
109	131	1.04708
109	134	1.05078
109	144	1.046
109	153	1.05591
109	159	1.06109
109	160	1.04644
109	161	1.02918
109	163	1.01299
109	170	1.03637
109	172	1.02083
109	173	0.934802
109	174	1.03447
109	175	1.04032
109	176	1.03913
109	177	1.03883
109	178	1.04059
110	7	1.07969
110	29	1.08506
110	31	0.957835
110	36	1.09506
110	77	1.08834
110	85	1.13275
110	88	0.903363
110	94	0.999928
110	104	1.03243
110	109	0.834077
110	118	1.09718
110	125	1.00828
110	129	0.966231
110	137	1.0089
110	139	1.01971
110	141	1.03107
110	142	0.919224
110	146	0.885674
110	162	1.06133
110	165	1.05051
110	169	1.03916
110	171	0.920748
110	172	0.93938
110	173	1.04058
110	175	0.913887
110	180	0.894046
111	32	0.948643
111	53	1.06517
111	58	1.02049
111	62	1.00386
111	75	0.898635
111	76	0.954664
111	79	1.0343
111	99	0.96063
111	101	1.0373
111	114	1.00652
111	120	0.968324
111	123	1.03948
111	137	0.973421
111	139	0.984233
111	149	0.997053
111	150	0.998284
111	151	1.00714
111	152	1.00436
111	155	1.06956
111	162	1.02585
111	164	0.979731
111	171	1.00498
111	175	0.998115
111	177	0.982956
111	178	1.0041
111	179	1.06129
111	180	0.978274
112	58	0.945749
112	61	1.03382
112	67	1.00808
112	71	1.01952
112	79	0.922014
112	84	1.01154
112	90	0.941936
112	100	1.04647
112	108	1.01166
112	125	1.02243
112	129	1.0149
112	130	0.990366
112	140	1.01206
112	144	1.01679
112	145	0.965791
112	150	1.00759
112	159	1.03187
112	160	1.01723
112	161	0.999968
112	163	0.983777
112	167	0.952117
112	172	0.991614
112	174	1.00526
112	175	1.0111
112	176	1.00992
112	177	1.00961
112	178	1.01138
113	18	0.938055
113	59	0.894451
113	66	0.934934
113	67	0.941138
113	81	1.01245
113	85	0.877688
113	91	1.13426
113	95	0.987133
113	100	1.04028
113	103	0.967905
113	105	0.961532
113	108	0.934104
113	114	0.977917
113	119	0.991443
113	124	0.94305
113	128	1.08121
113	131	1.06624
113	141	0.95188
113	158	1.08848
113	161	1.11067
113	166	0.957518
113	171	1.0813
113	173	0.961385
113	174	1.08354
113	175	1.07444
113	176	1.04747
113	180	0.967417
114	18	0.992012
114	30	0.911856
114	37	1.03606
114	51	0.969733
114	59	0.948408
114	66	0.988891
114	81	1.06641
114	84	0.96434
114	90	1.07408
114	95	1.04109
114	105	1.01549
114	111	1.00652
114	113	0.977917
114	119	1.0454
114	124	0.997007
114	140	0.995551
114	141	1.00584
114	147	1.048
114	153	1.02954
114	160	0.983099
114	166	1.01148
114	171	1.00148
114	173	1.01534
114	174	1.00372
114	177	0.97946
114	179	0.876808
114	180	1.02137
115	49	0.938426
115	100	1.00013
115	126	1.02553
115	129	0.974873
115	130	0.995199
115	132	0.984655
115	135	0.991329
115	137	1.08858
115	138	0.980001
115	143	0.98556
115	144	1.02511
115	146	1.02261
115	147	0.97982
115	150	1.03446
115	151	0.993232
115	154	0.97504
115	156	1.0354
115	158	0.989477
115	162	1.00835
115	164	1.0159
115	166	0.984152
115	167	1.001
115	171	0.985048
115	172	1.05978
115	176	1.00731
115	177	1.01913
115	179	0.916476
115	180	0.994051
116	2	0.972473
116	15	0.898141
116	46	1.04001
116	75	1.03502
116	103	1.00111
116	117	1.0688
116	119	0.986429
116	121	1.01563
116	127	0.956865
116	132	1.03114
116	138	1.05411
116	141	1.02775
116	155	0.942508
116	157	1.00181
116	158	1.01908
116	159	1.01396
116	160	0.999318
116	163	0.965866
116	168	1.01313
116	170	0.98925
116	171	0.99162
116	172	0.973703
116	173	1.03343
116	174	0.987344
116	175	0.993191
116	176	0.992004
116	177	0.991702
116	178	0.993467
117	23	0.964495
117	30	0.967212
117	49	0.93913
117	79	1.00944
117	116	1.0688
117	126	1.02623
117	129	0.975577
117	130	0.995903
117	133	0.986307
117	135	0.992033
117	138	0.980705
117	143	0.986264
117	145	0.999229
117	146	1.02332
117	147	0.980524
117	151	0.993936
117	154	0.975744
117	157	0.991765
117	158	0.990181
117	159	1.03809
117	160	1.03846
117	162	1.02404
117	164	1.03159
117	167	1.0017
117	169	1.05273
117	173	0.988723
117	178	1.05596
117	179	0.932164
118	7	1.09452
118	21	1.02401
118	26	1.031
118	29	1.0999
118	31	0.97267
118	37	1.06421
118	76	1.0241
118	94	1.01476
118	97	0.945243
118	104	1.04726
118	110	1.09718
118	125	1.02312
118	131	0.933431
118	139	1.03454
118	141	1.04591
118	148	0.913118
118	150	0.941803
118	153	0.924589
118	154	0.980782
118	162	1.07616
118	165	1.06535
118	169	1.054
118	170	0.937199
118	173	1.05541
118	176	0.914662
118	178	0.947624
118	179	0.823824
118	180	0.921794
119	18	1.00554
119	45	1.05009
119	59	0.961934
119	60	0.944234
119	66	1.00242
119	67	1.00862
119	90	1.08761
119	95	1.05462
119	105	1.02901
119	108	1.00159
119	113	0.991443
119	114	1.0454
119	116	0.986429
119	124	1.01053
119	127	1.04825
119	137	1.0219
119	141	1.01936
119	153	1.04306
119	159	0.955727
119	162	0.941673
119	166	1.025
119	168	0.975696
119	172	0.993101
119	173	1.02887
119	175	0.967609
119	177	0.95245
119	178	0.973598
119	179	0.849798
119	180	1.0349
120	6	0.97828
120	30	0.976205
120	53	1.02211
120	61	0.982395
120	62	0.960796
120	76	0.9116
120	85	1.27784
120	96	0.900786
120	99	0.917566
120	101	0.99424
120	102	1.08233
120	103	0.976997
120	104	1.04879
120	111	0.968324
120	123	0.996413
120	130	1.08678
120	137	0.930357
120	139	0.941168
120	149	0.953989
120	150	1.05914
120	152	0.961301
120	153	1.04192
120	155	1.0265
120	156	0.974938
120	162	0.98279
120	169	0.96062
120	176	1.032
120	179	1.01823
120	180	1.03913
121	11	1.05252
121	61	1.04117
121	67	0.983073
121	71	0.99451
121	87	0.956173
121	92	0.999776
121	106	0.918151
121	107	0.995954
121	116	1.01563
121	123	0.91695
121	125	0.997418
121	129	0.98989
121	132	0.963645
121	140	1.0194
121	141	0.960254
121	143	0.957734
121	157	1.02706
121	160	1.02457
121	164	1.03178
121	165	0.953878
121	169	1.01843
121	170	1.01451
121	172	0.998958
121	174	1.0126
121	175	1.01845
121	176	1.01726
121	177	1.01696
121	178	1.01872
121	179	1.07604
122	28	0.949486
122	35	0.881413
122	43	1.15704
122	47	1.16337
122	56	0.894639
122	70	0.921749
122	73	0.9321
122	76	0.867186
122	88	1.19646
122	91	0.90566
122	102	1.23035
122	109	1.12718
122	126	0.955129
122	130	0.924802
122	136	1.20659
122	137	0.885943
122	138	0.909603
122	145	0.928128
122	149	0.909575
122	152	0.916887
122	154	0.904643
122	155	0.982084
122	156	0.930524
122	158	0.919079
122	169	0.916206
122	170	1.20255
122	171	0.91465
122	176	1.18002
122	177	1.19183
123	16	0.974525
123	19	1.00449
123	53	1.09326
123	60	0.942249
123	62	1.03195
123	64	0.914178
123	76	0.982752
123	79	1.06239
123	82	1.02842
123	96	0.971938
123	99	0.988718
123	101	1.06539
123	109	0.885813
123	111	1.03948
123	120	0.996413
123	121	0.91695
123	127	1.04626
123	135	0.983506
123	139	1.01232
123	149	1.02514
123	152	1.03245
123	155	1.09765
123	156	1.04609
123	159	0.953742
123	165	0.981955
123	166	0.944657
123	169	1.03177
123	171	0.972484
123	176	0.938651
123	177	0.950464
123	179	1.08938
124	18	0.957145
124	45	1.00169
124	47	0.996551
124	50	0.942761
124	59	0.913541
124	66	0.954024
124	67	0.960228
124	81	1.03154
124	90	1.03922
124	95	1.00622
124	105	0.980621
124	108	0.953194
124	113	0.94305
124	114	0.997007
124	119	1.01053
124	131	1.03197
124	133	1.07151
124	140	1.0411
124	141	0.97097
124	142	1.04551
124	144	1.031
124	150	1.04034
124	153	0.994669
124	163	1.11131
124	166	0.976608
124	173	0.980474
124	174	1.04927
124	177	1.02501
124	178	1.04616
124	179	0.922362
124	180	0.986506
125	7	1.00563
125	21	0.935118
125	26	0.942108
125	29	1.011
125	31	0.883775
125	37	0.975318
125	57	1.1843
125	77	1.01428
125	94	0.925868
125	104	0.958367
125	110	1.00828
125	112	1.02243
125	118	1.02312
125	121	0.997418
125	136	1.04569
125	137	0.934838
125	139	0.945649
125	141	0.957011
125	153	1.02905
125	155	0.983561
125	158	1.06013
125	161	1.08232
125	162	0.98727
125	165	0.976454
125	166	1.02513
125	169	0.965101
125	171	1.05295
125	173	0.966516
125	177	1.03093
125	178	1.05208
125	180	1.02625
126	100	0.923612
126	105	0.961718
126	115	1.02553
126	117	1.02623
126	122	0.955129
126	129	1.02317
126	132	1.03295
126	133	1.0339
126	135	1.03963
126	138	1.0283
126	140	0.958701
126	145	1.04682
126	146	1.07091
126	147	1.02812
126	148	1.06256
126	151	1.04153
126	154	1.02334
126	158	1.03778
126	160	0.94625
126	161	0.994
126	162	0.931833
126	164	0.939385
126	166	1.03245
126	167	1.0493
126	169	0.960526
126	170	0.953333
126	172	0.983262
126	174	0.966869
126	176	0.930797
126	178	0.963759
126	180	1.04235
127	44	1.08152
127	50	1.10283
127	69	0.941937
127	72	0.951588
127	88	0.965665
127	104	1.05668
127	116	0.956865
127	119	1.04825
127	123	1.04626
127	134	0.970152
127	135	1.08474
127	136	0.947973
127	138	1.11593
127	139	1.07995
127	140	0.960644
127	142	0.954547
127	146	1.03865
127	150	0.956171
127	153	0.975278
127	154	1.10601
127	158	1.0809
127	160	0.965812
127	161	0.94855
127	163	0.932359
127	164	0.97302
127	166	0.957217
127	172	0.940197
127	175	0.959685
127	176	0.958498
127	177	0.958195
127	178	0.959961
127	179	1.01728
128	8	0.956223
128	19	1.06104
128	25	0.967771
128	38	1.00406
128	47	0.98286
128	55	1.0582
128	83	0.990783
128	96	1.11366
128	100	1.02023
128	101	0.964027
128	108	1.04209
128	113	1.08121
128	131	0.991627
128	136	0.973153
128	141	1.0157
128	142	0.979727
128	148	0.964472
128	150	0.981351
128	154	1.03214
128	155	0.930458
128	157	0.993481
128	158	1.00703
128	161	0.97373
128	163	0.957539
128	164	0.9982
128	172	0.965377
128	173	1.02138
128	174	0.979018
128	176	0.983678
128	177	0.983375
128	178	0.985141
128	179	1.04246
128	180	0.992296
129	23	0.961436
129	26	1.10912
129	87	1.05719
129	106	1.02113
129	110	0.966231
129	112	1.0149
129	115	0.974873
129	117	0.975577
129	121	0.98989
129	126	1.02317
129	130	0.992844
129	132	0.9823
129	133	0.983249
129	138	0.977646
129	141	0.976159
129	145	0.99617
129	146	1.02026
129	147	0.977465
129	148	1.01191
129	150	1.03873
129	151	0.990877
129	155	0.976032
129	158	0.987122
129	164	1.02018
129	167	0.998641
129	168	0.971812
129	169	1.04132
129	173	0.985664
129	175	1.03856
129	176	1.01159
129	177	1.0234
129	179	0.920752
129	180	0.991696
130	11	0.949212
130	49	0.956398
130	71	0.980391
130	72	1.08294
130	102	1.03739
130	112	0.990366
130	115	0.995199
130	117	0.995903
130	120	1.08678
130	122	0.924802
130	129	0.992844
130	131	1.00583
130	132	1.00263
130	135	1.0093
130	138	0.997972
130	143	1.00353
130	145	1.0165
130	147	0.997791
130	151	1.0112
130	154	0.993012
130	157	0.955822
130	158	1.00745
130	159	1.00215
130	161	1.05026
130	162	0.988096
130	164	0.995648
130	167	1.01897
130	168	0.992139
130	169	1.01679
130	171	1.00302
130	172	1.03952
130	173	1.00599
130	177	0.998873
130	179	0.896221
130	180	1.01202
131	25	0.98568
131	33	0.930635
131	42	0.993055
131	82	1.00565
131	83	1.00869
131	88	1.00875
131	105	0.981964
131	106	0.958621
131	109	1.04708
131	113	1.06624
131	118	0.933431
131	124	1.03197
131	128	0.991627
131	130	1.00583
131	132	1.00411
131	138	1.02709
131	140	1.00373
131	144	1.00846
131	145	0.981253
131	150	0.99926
131	154	1.01716
131	157	1.01139
131	158	0.992057
131	160	1.0089
131	161	0.991639
131	164	1.01611
131	165	0.994347
131	166	1.00031
131	170	0.998833
131	172	0.983285
131	174	0.996927
131	175	1.00277
131	176	1.00159
131	177	1.00128
131	178	1.00305
132	22	0.96969
132	64	0.960873
132	72	1.0724
132	91	1.07214
132	103	1.00197
132	115	0.984655
132	116	1.03114
132	121	0.963645
132	126	1.03295
132	129	0.9823
132	130	1.00263
132	131	1.00411
132	133	0.993031
132	135	0.998756
132	137	1.06661
132	138	0.987428
132	143	0.992987
132	145	1.00595
132	146	1.03004
132	147	0.987247
132	151	1.00066
132	154	0.982467
132	157	0.954108
132	158	0.996904
132	164	0.993934
132	167	1.00842
132	168	0.981594
132	169	1.01508
132	170	1.00788
132	171	0.992475
132	172	1.03781
132	173	0.995446
132	175	1.01232
132	177	0.997159
132	179	0.894507
133	11	0.952738
133	22	0.970638
133	23	0.972167
133	55	0.93186
133	58	1.00075
133	66	1.04952
133	93	1.04278
133	106	1.03186
133	117	0.986307
133	124	1.07151
133	126	1.0339
133	129	0.983249
133	132	0.993031
133	134	0.978156
133	135	0.999705
133	136	1.01715
133	138	0.988376
133	140	1.01849
133	141	0.98689
133	143	0.993935
133	144	1.00838
133	145	1.0069
133	146	1.03099
133	147	0.988195
133	151	1.00161
133	154	0.983416
133	158	0.997852
133	167	1.00937
133	169	1.02032
133	172	1.04305
133	173	0.996394
133	175	1.01756
133	177	1.0024
133	179	0.899747
133	180	1.00243
134	4	1.20548
134	6	0.899951
134	15	0.911427
134	18	1.02183
134	20	1.03726
134	46	0.981784
134	60	1.0228
134	77	0.924194
134	79	0.906279
134	80	1.08195
134	82	0.974454
134	88	1.01246
134	89	1.01572
134	99	1.03497
134	109	1.05078
134	127	0.970152
134	133	0.978156
134	136	0.994766
134	142	1.00134
134	144	1.01216
134	150	1.00296
