1	36	0.353733
1	93	0.525613
1	111	0.439179
1	125	0.460559
1	147	0.486811
1	158	1.41104
1	171	1.30821
1	175	1.27506
1	176	1.45566
1	177	1.31299
1	178	1.47393
1	180	1.35963
2	28	1.3259
2	37	1.4288
2	54	0.485629
2	66	1.38296
2	72	1.25815
2	86	1.42093
2	87	1.42093
2	91	1.36164
2	129	0.42937
2	174	0.537855
2	179	0.566174
2	180	0.516322
3	45	1.16939
3	89	1.18673
3	120	1.18384
3	131	1.21818
3	155	1.14852
3	160	1.17895
3	165	0.579136
3	169	0.608081
3	176	1.248
3	177	0.65108
3	178	1.26627
3	179	0.669322
4	53	1.15915
4	56	0.605182
4	67	1.24947
4	93	1.15819
4	94	1.15456
4	105	1.21972
4	113	1.12757
4	146	1.24366
4	148	1.29126
4	163	0.622414
4	165	0.593641
4	173	0.687585
5	16	1.32499
5	64	1.37529
5	133	1.39382
5	135	1.34317
5	147	1.33552
5	149	1.47028
5	151	1.35979
5	163	0.505977
5	170	0.479804
5	174	0.53907
5	176	0.443525
5	179	0.56739
6	78	1.3193
6	79	1.31907
6	82	1.31884
6	95	0.504516
6	139	1.43394
6	143	0.491189
6	145	1.34092
6	146	1.4132
6	148	1.46079
6	158	0.503899
6	178	0.454055
6	179	0.579747
7	34	1.26747
7	41	1.34465
7	62	1.37763
7	98	1.38994
7	136	1.32725
7	157	1.44192
7	158	0.490045
7	164	0.435624
7	168	0.495904
7	172	1.45171
7	177	0.547652
7	179	0.565893
8	122	1.33676
8	125	1.39478
8	147	1.35413
8	149	1.4889
8	151	1.3784
8	152	0.532219
8	153	0.489615
8	157	0.466519
8	160	1.37341
8	173	1.27474
8	175	0.595309
8	178	0.450871
9	39	0.610465
9	94	0.608688
9	106	0.539977
9	110	0.532892
9	129	1.31624
9	137	1.25398
9	141	1.17742
9	142	1.24848
9	168	1.201
9	177	1.12165
9	179	1.11586
9	180	1.1683
10	13	1.21343
10	65	1.52318
10	70	1.38716
10	95	1.32174
10	108	1.33246
10	111	1.39398
10	114	0.479135
10	140	0.549876
10	164	1.43379
10	167	0.498203
10	170	0.45885
10	173	0.550193
11	28	1.3326
11	32	0.582916
11	66	1.38966
11	85	1.32928
11	86	1.42763
11	87	1.42763
11	91	1.36834
11	129	0.449072
11	136	1.32262
11	156	0.574885
11	157	0.475832
11	164	0.455607
12	19	1.12776
12	20	1.14147
12	27	1.12868
12	74	1.144
12	76	1.30674
12	80	1.3141
12	83	1.22398
12	134	1.21617
12	153	0.615779
12	163	0.641315
12	174	0.674408
12	178	0.577035
13	10	1.21343
13	54	0.637565
13	55	1.13283
13	70	1.2231
13	95	1.15768
13	96	1.21016
13	108	1.1684
13	111	1.22992
13	161	0.648255
13	164	1.26973
13	170	0.630525
13	178	0.592418
14	24	1.24837
14	110	1.32014
14	120	1.28131
14	131	1.31565
14	140	0.58799
14	155	1.24599
14	159	0.545625
14	160	1.27641
14	171	0.581258
14	172	0.464662
14	174	0.556229
14	176	1.34546
14	178	1.36374
15	89	1.45626
15	97	0.487659
15	118	0.447889
15	120	1.45337
15	123	1.49796
15	131	1.48771
15	134	0.435846
15	160	1.44848
15	165	0.436161
15	167	0.478115
15	176	1.51753
15	178	1.5358
15	180	0.476495
16	5	1.32499
16	49	0.566357
16	73	1.32787
16	122	1.25954
16	138	1.30303
16	147	1.27692
16	149	1.41168
16	150	0.585768
16	151	1.30119
16	157	0.498577
16	168	0.538632
16	169	0.54738
16	173	1.19752
17	43	0.40858
17	76	0.492459
17	83	0.532311
17	111	0.51232
17	156	1.27777
17	160	0.520422
17	166	1.25474
17	168	1.34772
17	169	1.32878
17	170	1.34409
17	177	1.26838
17	179	1.26258
17	180	1.31502
18	42	1.29629
18	48	1.29603
18	67	1.35946
18	93	1.26818
18	94	1.26455
18	105	1.32971
18	109	0.581625
18	113	1.23755
18	146	1.35365
18	159	0.534979
18	173	0.577661
18	175	0.592649
18	178	0.448211
19	12	1.12776
19	21	1.23002
19	22	1.23174
19	74	1.26568
19	76	1.42843
19	80	1.43578
19	83	1.34566
19	114	0.530907
19	134	1.33786
19	159	0.559284
19	162	0.555163
19	175	0.616954
19	178	0.472515
20	12	1.14147
20	21	1.24372
20	27	1.26407
20	68	1.3177
20	74	1.27939
20	80	1.44949
20	83	1.35937
20	130	0.567177
20	134	1.35156
20	158	0.51949
20	167	0.547105
20	168	0.525348
20	177	0.577096
21	19	1.23002
21	20	1.24372
21	50	1.2495
21	68	1.28456
21	74	1.24625
21	76	1.409
21	80	1.41635
21	83	1.32623
21	124	0.597448
21	159	0.572236
21	164	0.480891
21	172	0.491274
21	177	0.592918
22	19	1.23174
22	27	1.23266
22	50	1.25123
22	68	1.28629
22	74	1.24798
22	76	1.41073
22	80	1.41808
22	83	1.32796
22	118	0.551131
22	137	0.527401
22	175	0.648336
22	176	0.505725
22	178	0.503897
23	53	1.24068
23	67	1.331
23	71	1.30035
23	93	1.23972
23	102	1.41231
23	105	1.30125
23	107	0.536645
23	113	1.2091
23	141	0.579678
23	148	1.37279
23	157	0.51274
23	165	0.532598
23	180	0.572932
24	14	1.24837
24	81	1.14783
24	109	0.619157
24	123	1.34743
24	131	1.33719
24	155	1.26753
24	157	0.501391
24	160	1.29795
24	162	0.56839
24	165	0.521249
24	170	0.523849
24	176	1.367
24	178	1.38528
25	29	1.27098
25	37	1.3632
25	66	1.31736
25	72	1.19256
25	86	1.35534
25	87	1.35534
25	91	1.29604
25	121	0.549402
25	136	1.25032
25	144	0.652851
25	157	0.49356
25	172	0.483718
25	180	0.553752
26	46	1.29147
26	56	0.541086
26	78	1.24927
26	79	1.24904
26	82	1.24881
26	139	1.36391
26	145	1.27089
26	146	1.34317
26	148	1.39076
26	154	0.538522
26	156	0.60874
26	164	0.489462
26	169	0.55849
27	12	1.12868
27	20	1.26407
27	22	1.23266
27	50	1.26985
27	68	1.30491
27	76	1.42935
27	80	1.4367
27	134	1.33878
27	167	0.562763
27	171	0.607705
27	176	0.487131
27	177	0.592754
27	178	0.485304
28	2	1.3259
28	11	1.3326
28	29	1.27433
28	72	1.19591
28	86	1.35869
28	87	1.35869
28	91	1.29939
28	95	0.541297
28	136	1.25367
28	150	0.593675
28	154	0.535319
28	172	0.496642
28	180	0.566676
29	25	1.27098
29	28	1.27433
29	66	1.33139
29	72	1.20659
29	86	1.36936
29	87	1.36936
29	91	1.31007
29	136	1.26435
29	156	0.582153
29	159	0.55422
29	162	0.550099
29	170	0.505558
29	180	0.543292
30	115	1.29662
30	125	1.31128
30	135	1.27828
30	138	1.29675
30	147	1.27063
30	149	1.4054
30	151	1.2949
30	157	0.470085
30	159	1.25066
30	161	0.510273
30	166	0.574856
30	175	0.598875
30	179	0.580129
31	40	1.17427
31	55	1.17625
31	58	1.31947
31	70	1.26653
31	96	1.25359
31	108	1.21182
31	111	1.27335
31	121	1.2149
31	134	0.562283
31	142	0.55587
31	164	1.31316
31	166	0.647512
31	170	0.565199
31	180	0.602933
32	11	0.582916
32	43	0.431593
32	97	1.24856
32	113	0.635708
32	139	0.533501
32	144	1.18095
32	149	0.50677
32	150	1.24658
32	167	1.28259
32	168	1.30483
32	171	1.2207
32	177	1.22548
32	179	1.21969
32	180	1.27213
33	41	1.35025
33	44	1.36591
33	47	1.37466
33	49	0.211533
33	57	0.271915
33	62	1.38323
33	84	1.42948
33	98	1.39553
33	137	0.723371
33	140	0.257238
33	157	1.44752
33	163	0.764147
33	170	0.737974
33	172	1.45731
34	7	1.26747
34	44	1.21698
34	47	1.22573
34	84	1.28054
34	98	1.2466
34	103	1.17792
34	136	1.18391
34	152	0.600029
34	157	1.29859
34	158	0.568526
34	159	0.60545
34	171	0.641083
34	172	1.30838
34	176	0.520509
35	39	1.16733
35	59	1.21303
35	75	1.2356
35	77	1.24488
35	88	1.30656
35	118	0.461799
35	119	0.457377
35	126	1.27236
35	128	1.2434
35	153	1.28619
35	155	1.22182
35	156	0.529267
35	159	0.501334
35	176	0.9877
36	1	0.353733
36	46	1.39147
36	57	0.470964
36	78	1.34927
36	79	1.34904
36	82	1.34881
36	101	0.425749
36	139	1.46391
36	145	1.37089
36	146	1.44317
36	148	1.49076
36	166	0.447573
36	168	0.833975
36	180	0.402994
37	2	1.4288
37	25	1.3632
37	66	1.42361
37	72	1.29881
37	86	1.46158
37	87	1.46158
37	91	1.40229
37	119	0.500264
37	136	1.35657
37	153	0.496197
37	172	0.463259
37	173	0.586904
37	176	0.459281
37	178	0.457453
38	60	1.20578
38	104	1.27861
38	109	0.636372
38	115	1.25433
38	116	1.26179
38	137	0.526461
38	144	0.677897
38	147	1.22834
38	149	1.36311
38	151	1.25261
38	153	0.541701
38	158	0.552802
38	159	1.20837
38	173	1.14895
39	9	0.610465
39	35	1.16733
39	61	1.2848
39	75	1.22443
39	77	1.23371
39	85	0.577802
39	106	1.33212
39	117	1.24281
39	128	1.23223
39	153	1.27501
39	155	1.21065
39	172	0.502717
39	174	0.594284
39	179	0.622603
40	31	1.17427
40	55	1.2143
40	58	1.35752
40	65	1.44059
40	70	1.30458
40	108	1.24987
40	111	1.31139
40	129	0.507384
40	153	0.55724
40	164	1.35121
40	170	0.556603
40	176	0.520323
40	180	0.594336
41	7	1.34465
41	33	1.35025
41	47	1.30292
41	62	1.31148
41	84	1.35773
41	90	0.54955
41	98	1.32379
41	103	1.2551
41	157	1.37577
41	169	0.516431
41	170	0.490087
41	171	0.574381
41	172	1.38556
41	173	0.58143
41	178	0.45198
42	18	1.29629
42	48	1.3095
42	53	1.28261
42	67	1.37294
42	71	1.34228
42	94	1.27802
42	101	0.550811
42	105	1.34318
42	146	1.36712
42	148	1.41472
42	157	0.467865
42	162	0.534864
42	163	0.516496
42	169	0.516667
42	171	0.574618
43	17	0.40858
43	32	0.431593
43	100	1.38644
43	110	1.40841
43	123	1.41416
43	130	0.406392
43	131	1.40391
43	155	1.33425
43	160	1.36468
43	162	0.391507
43	164	0.629713
43	172	0.640096
43	176	1.43373
43	178	1.452
44	33	1.36591
44	34	1.21698
44	62	1.32714
44	84	1.37339
44	97	0.573784
44	98	1.33945
44	112	1.31321
44	134	0.521971
44	136	1.27676
44	157	1.39143
44	159	0.573549
44	164	0.482204
44	165	0.522287
44	172	1.40123
44	176	0.488608
45	3	1.16939
45	54	0.495637
45	69	1.33994
45	100	1.3382
45	110	1.36017
45	120	1.32133
45	123	1.36592
45	157	0.466139
45	158	0.500335
45	160	1.31644
45	174	0.547863
45	175	0.594929
45	176	1.38549
45	177	0.557941
45	178	1.40376
46	26	1.29147
46	36	1.39147
46	78	1.27888
46	79	1.27865
46	82	1.27842
46	95	0.533739
46	139	1.39352
46	145	1.3005
46	146	1.37278
46	148	1.42037
46	152	0.564626
46	158	0.533122
46	165	0.518784
46	170	0.521385
46	172	0.489084
47	33	1.37466
47	34	1.22573
47	41	1.30292
47	62	1.33589
47	98	1.3482
47	112	1.32196
47	118	0.491706
47	130	0.542004
47	136	1.28551
47	140	0.573606
47	141	0.527059
47	157	1.40019
47	169	0.508924
47	172	1.40998
47	180	0.520313
48	18	1.29603
48	42	1.3095
48	67	1.37267
48	71	1.34201
48	93	1.28139
48	94	1.27776
48	105	1.34292
48	146	1.36686
48	148	1.41445
48	150	0.583875
48	153	0.519779
48	165	0.516542
48	174	0.578408
48	176	0.482863
48	178	0.481035
49	16	0.566357
49	33	0.211533
49	63	0.542619
49	96	0.509171
49	125	0.517408
49	141	1.37011
49	147	0.54366
49	156	1.32374
49	163	1.35142
49	167	1.37146
49	174	1.32163
49	175	1.27642
49	177	1.31435
49	179	1.30855
49	180	1.36099
50	21	1.2495
50	22	1.25123
50	27	1.26985
50	68	1.32348
50	74	1.28517
50	76	1.44791
50	80	1.45527
50	83	1.36515
50	134	1.35735
50	150	0.532266
50	156	0.544128
50	159	0.516195
50	167	0.506886
50	174	0.526799
50	177	0.536877
51	115	1.42814
51	122	1.38478
51	125	1.4428
51	133	1.46047
51	135	1.40981
51	138	1.42827
51	147	1.40216
51	151	1.42643
51	152	0.489462
51	156	0.522815
51	158	0.457958
51	160	1.42143
51	168	0.463816
51	171	0.530515
51	176	0.409941
51	177	0.515564
52	89	1.25837
52	100	1.27235
52	110	1.29432
52	120	1.25548
52	123	1.30007
52	129	0.491654
52	131	1.28982
52	142	0.531543
52	155	1.22016
52	160	1.25059
52	161	0.558602
52	170	0.540872
52	176	1.31964
52	177	0.610216
52	178	1.33791
52	179	0.628457
53	4	1.15915
53	23	1.24068
53	42	1.28261
53	67	1.34578
53	93	1.25449
53	94	1.25086
53	105	1.31602
53	107	0.556782
53	113	1.22387
53	129	0.506117
53	146	1.33996
53	148	1.38756
53	152	0.598576
53	164	0.512652
53	167	0.594688
53	180	0.593069
54	2	0.485629
54	13	0.637565
54	45	0.495637
54	108	0.481671
54	138	1.30394
54	145	0.513137
54	147	1.27782
54	149	1.41259
54	151	1.30209
54	155	0.510453
54	161	1.30237
54	169	1.28388
54	173	1.19843
54	174	1.23076
54	179	1.21768
54	180	1.27012
55	13	1.13283
55	31	1.17625
55	40	1.2143
55	58	1.3595
55	65	1.44257
55	70	1.30655
55	108	1.25185
55	111	1.31337
55	121	1.25493
55	134	0.537058
55	143	0.539002
55	150	0.604707
55	164	1.35319
55	174	0.599241
55	176	0.503695
55	180	0.577708
56	4	0.605182
56	26	0.541086
56	71	0.474995
56	119	1.32709
56	120	0.505875
56	137	1.34397
56	148	0.452003
56	155	0.512354
56	165	1.29974
56	168	1.29099
56	169	1.27204
56	174	1.21892
56	177	1.21164
56	178	1.37258
56	179	1.20585
56	180	1.25828
57	33	0.271915
57	36	0.470964
57	78	0.603681
57	98	0.585625
57	109	1.22393
57	128	0.595503
57	130	1.31055
57	141	1.30029
57	143	1.35674
57	160	0.564512
57	164	1.40019
57	166	1.23088
57	175	1.20659
57	177	1.24452
57	179	1.23872
57	180	1.29116
58	31	1.31947
58	40	1.35752
58	55	1.3595
58	65	1.58579
58	96	1.43683
58	108	1.39507
58	111	1.45659
58	121	1.39815
58	129	0.413389
58	137	0.448004
58	164	1.49641
58	166	0.54492
58	167	0.50196
58	172	0.430307
58	179	0.550193
58	180	0.500341
59	35	1.21303
59	63	1.31685
59	75	1.27013
59	77	1.2794
59	99	1.30295
59	112	1.28207
59	117	1.28851
59	126	1.30689
59	128	1.27793
59	145	1.26374
59	159	0.580959
59	161	0.550028
59	171	0.616592
59	172	0.499997
59	178	0.49419
59	179	0.619883
60	38	1.20578
60	115	1.29087
60	116	1.29833
60	122	1.24751
60	135	1.27253
60	138	1.291
60	141	0.556634
60	143	0.511182
60	144	0.648987
60	147	1.26488
60	149	1.39965
60	151	1.28915
60	159	1.24491
60	167	0.551507
60	175	0.618486
60	178	0.474047
61	39	1.2848
61	75	1.35306
61	99	1.38589
61	114	0.489579
61	117	1.37145
61	126	1.38983
61	128	1.36087
61	132	1.36942
61	144	0.606127
61	145	1.34668
61	153	1.40365
61	155	1.33929
61	159	0.517956
61	163	0.495467
61	167	0.508647
61	176	0.433015
61	177	0.538638
62	7	1.37763
62	33	1.38323
62	41	1.31148
62	44	1.32714
62	47	1.33589
62	84	1.39071
62	98	1.35676
62	127	0.473656
62	136	1.29407
62	150	0.535102
62	153	0.471006
62	154	0.476746
62	157	1.40875
62	159	0.519031
62	166	0.552682
62	172	1.41854
62	173	0.561713
63	49	0.542619
63	59	1.31685
63	75	1.33942
63	99	1.37225
63	106	1.44711
63	117	1.35781
63	126	1.37618
63	128	1.34722
63	145	1.33303
63	153	1.39001
63	155	1.32565
63	164	0.454614
63	165	0.494697
63	169	0.523642
63	170	0.497297
63	173	0.588641
63	176	0.461018
64	5	1.37529
64	90	0.544864
64	124	0.559275
64	125	1.36787
64	132	1.3462
64	133	1.38553
64	135	1.33488
64	143	0.484429
64	147	1.32722
64	149	1.46199
64	151	1.35149
64	159	1.30725
64	160	1.3465
64	162	0.529942
64	163	0.511574
64	169	0.511746
64	178	0.447294
65	10	1.52318
65	40	1.44059
65	55	1.44257
65	58	1.58579
65	70	1.53285
65	108	1.47814
65	111	1.53967
65	121	1.48122
65	144	0.555077
65	150	0.482976
65	164	1.57948
65	168	0.43584
65	172	0.385943
65	176	0.381965
65	177	0.487588
65	178	0.380137
65	179	0.505829
66	2	1.38296
66	11	1.38966
66	25	1.31736
66	29	1.33139
66	37	1.42361
66	72	1.25297
66	86	1.41575
66	87	1.41575
66	91	1.35645
66	127	0.484609
66	136	1.31073
66	164	0.438639
66	166	0.563635
66	168	0.498918
66	173	0.572666
66	175	0.587654
66	178	0.443215
67	4	1.24947
67	18	1.35946
67	23	1.331
67	42	1.37294
67	48	1.37267
67	53	1.34578
67	93	1.34482
67	94	1.34119
67	103	0.54674
67	105	1.40635
67	142	0.481497
67	148	1.47789
67	150	0.555559
67	158	0.502564
67	167	0.530179
67	169	0.517171
67	176	0.454547
68	20	1.3177
68	21	1.28456
68	22	1.28629
68	27	1.30491
68	50	1.32348
68	74	1.32023
68	76	1.48297
68	80	1.49033
68	83	1.40021
68	134	1.3924
68	150	0.541559
68	154	0.483202
68	156	0.553421
68	164	0.434143
68	168	0.494422
68	173	0.56817
68	180	0.51456
69	45	1.33994
69	81	1.19937
69	107	0.487131
69	110	1.39322
69	118	0.494811
69	120	1.35439
69	123	1.39897
69	131	1.38873
69	152	0.528925
69	155	1.31907
69	160	1.34949
69	166	0.567997
69	169	0.512028
69	172	0.453383
69	174	0.54495
69	176	1.41854
69	178	1.43682
70	10	1.38716
70	13	1.2231
70	31	1.26653
70	40	1.30458
70	55	1.30655
70	65	1.53285
70	73	1.3931
70	108	1.34213
70	111	1.40365
70	153	0.47733
70	158	0.48843
70	159	0.525354
70	164	1.44346
70	171	0.560988
70	175	0.583025
70	176	0.440414
70	180	0.514427
71	23	1.30035
71	42	1.34228
71	48	1.34201
71	56	0.474995
71	93	1.31416
71	94	1.31053
71	102	1.48675
71	105	1.37569
71	113	1.28354
71	141	0.510535
71	144	0.602888
71	146	1.39964
71	148	1.44723
71	168	0.483651
71	173	0.557399
71	178	0.427948
71	180	0.503789
72	2	1.25815
72	25	1.19256
72	28	1.19591
72	29	1.20659
72	37	1.29881
72	66	1.25297
72	85	1.19258
72	86	1.29094
72	87	1.29094
72	91	1.23165
72	109	0.623565
72	118	0.537384
72	136	1.18593
72	152	0.571498
72	171	0.612552
72	173	0.619601
72	177	0.597601
73	16	1.32787
73	70	1.3931
73	85	0.517667
73	96	1.38016
73	108	1.33839
73	111	1.39992
73	115	1.36439
73	137	0.46028
73	140	0.56591
73	147	1.33841
73	151	1.36268
73	153	0.47552
73	164	1.43973
73	166	0.557196
73	169	0.501228
73	173	1.25901
73	180	0.512617
74	12	1.144
74	19	1.26568
74	20	1.27939
74	21	1.24625
74	22	1.24798
74	50	1.28517
74	68	1.32023
74	76	1.44466
74	80	1.45202
74	83	1.3619
74	119	0.527984
74	134	1.35409
74	150	0.588012
74	153	0.523917
74	154	0.529656
74	165	0.52068
74	173	0.614623
74	178	0.485173
75	35	1.2356
75	39	1.22443
75	59	1.27013
75	61	1.35306
75	63	1.33942
75	77	1.30197
75	88	1.36365
75	106	1.40039
75	118	0.533384
75	126	1.32946
75	128	1.3005
75	145	1.28631
75	158	0.535994
75	166	0.606569
75	169	0.550601
75	172	0.491956
75	174	0.583523
75	176	0.487977
76	12	1.30674
76	17	0.492459
76	19	1.42843
76	21	1.409
76	22	1.41073
76	27	1.42935
76	50	1.44791
76	68	1.48297
76	74	1.44466
76	83	1.52464
76	85	0.47363
76	114	0.451131
76	134	1.51684
76	137	0.416243
76	161	0.448576
76	162	0.475387
76	166	0.513159
76	179	0.518432
77	35	1.24488
77	39	1.23371
77	59	1.2794
77	75	1.30197
77	88	1.37293
77	95	0.526677
77	99	1.3348
77	117	1.32036
77	126	1.33873
77	128	1.30978
77	132	1.31833
77	144	0.651156
77	153	1.35256
77	165	0.511722
77	168	0.531919
77	172	0.482022
77	173	0.605666
77	176	0.478043
78	6	1.3193
78	26	1.24927
78	36	1.34927
78	46	1.27888
78	57	0.603681
78	79	1.23645
78	82	1.23623
78	102	1.4177
78	107	0.499425
78	139	1.35133
78	145	1.2583
78	146	1.33058
78	148	1.37818
78	159	0.546639
78	161	0.515708
78	164	0.455295
78	167	0.537331
78	175	0.60431
79	6	1.31907
79	26	1.24904
79	36	1.34904
79	46	1.27865
79	78	1.23645
79	82	1.23599
79	102	1.41746
79	139	1.35109
79	145	1.25807
79	146	1.33035
79	148	1.37794
79	163	0.529417
79	165	0.500644
79	166	0.585557
79	169	0.529589
79	171	0.587539
79	178	0.465138
79	179	0.59083
80	12	1.3141
80	19	1.43578
80	20	1.44949
80	21	1.41635
80	22	1.41808
80	27	1.4367
80	50	1.45527
80	68	1.49033
80	74	1.45202
80	83	1.532
80	114	0.477455
80	137	0.442567
80	162	0.50171
80	167	0.496523
80	168	0.474766
80	170	0.45717
80	171	0.541464
80	172	0.424869
81	24	1.14783
81	69	1.19937
81	89	1.18365
81	100	1.19763
81	110	1.2196
81	120	1.18077
81	123	1.22535
81	129	0.559204
81	131	1.2151
81	155	1.14544
81	157	0.585964
81	160	1.17587
81	162	0.652963
81	166	0.690735
81	168	0.626019
81	176	1.24492
81	178	1.26319
81	180	0.646156
82	6	1.31884
82	26	1.24881
82	36	1.34881
82	46	1.27842
82	78	1.23623
82	79	1.23599
82	102	1.41724
82	139	1.35087
82	145	1.25784
82	146	1.33012
82	148	1.37772
82	161	0.550459
82	163	0.558902
82	164	0.490046
82	170	0.532729
82	174	0.591995
82	178	0.494622
82	180	0.570463
83	12	1.22398
83	17	0.532311
83	19	1.34566
83	20	1.35937
83	21	1.32623
83	22	1.32796
83	50	1.36515
83	68	1.40021
83	74	1.3619
83	76	1.52464
83	80	1.532
83	119	0.475402
83	134	1.43407
83	153	0.471335
83	154	0.477074
83	158	0.482435
83	168	0.488294
83	171	0.554992
83	180	0.508431
84	33	1.42948
84	34	1.28054
84	41	1.35773
84	44	1.37339
84	62	1.39071
84	98	1.40301
84	101	0.513629
84	103	1.33433
84	112	1.37678
84	121	0.486524
84	124	0.527014
84	136	1.34032
84	142	0.443811
84	143	0.452168
84	157	1.455
84	171	0.537435
84	172	1.46479
84	174	0.512406
84	179	0.540726
85	11	1.32928
85	39	0.577802
85	72	1.19258
85	73	0.517667
85	76	0.47363
85	86	1.35536
85	87	1.35536
85	89	0.53903
85	91	1.29607
85	98	0.522705
85	135	0.519984
85	136	1.25035
85	147	0.541122
85	150	1.23898
85	166	1.20424
85	169	1.27828
85	177	1.21788
85	179	1.21209
85	180	1.26452
86	2	1.42093
86	11	1.42763
86	25	1.35534
86	28	1.35869
86	29	1.36936
86	37	1.46158
86	66	1.41575
86	72	1.29094
86	85	1.35536
86	91	1.39443
86	136	1.34871
86	144	0.591473
86	161	0.472371
86	166	0.536953
86	168	0.472237
86	169	0.480985
86	172	0.42234
86	173	0.545984
86	180	0.492374
87	2	1.42093
87	11	1.42763
87	25	1.35534
87	28	1.35869
87	29	1.36936
87	37	1.46158
87	66	1.41575
87	72	1.29094
87	85	1.35536
87	91	1.39443
87	121	0.489386
87	136	1.34871
87	141	0.500483
87	154	0.462379
87	159	0.504664
87	170	0.456002
87	173	0.547346
87	175	0.562334
87	180	0.493736
88	35	1.30656
88	75	1.36365
88	77	1.37293
88	99	1.39648
88	103	0.521374
88	106	1.47135
88	109	0.560768
88	114	0.485745
88	117	1.38204
88	126	1.40041
88	127	0.468746
88	128	1.37146
88	132	1.38001
88	153	1.41424
88	154	0.471836
88	155	1.34988
88	157	0.443001
88	162	0.51
88	179	0.553045
89	3	1.18673
89	15	1.45626
89	52	1.25837
89	81	1.18365
89	85	0.53903
89	100	1.35554
89	109	0.591554
89	120	1.33867
89	123	1.38326
89	131	1.37301
89	153	0.496883
89	155	1.30335
89	160	1.33378
89	165	0.493646
89	168	0.513842
89	172	0.463945
89	174	0.555512
89	176	1.40283
89	178	1.4211
89	180	0.53398
90	41	0.54955
90	64	0.544864
90	92	1.18817
90	105	0.527085
90	113	0.610545
90	144	1.16518
90	145	0.56556
90	148	0.502525
90	155	0.562876
90	162	1.2523
90	163	1.2468
90	166	1.19608
90	167	1.26683
90	170	1.28544
90	171	1.20494
90	175	1.17179
90	176	1.35239
90	177	1.20972
90	179	1.20392
90	180	1.25636
91	2	1.36164
91	11	1.36834
91	25	1.29604
91	28	1.29939
91	29	1.31007
91	37	1.40229
91	66	1.35645
91	72	1.23165
91	85	1.29607
91	86	1.39443
91	87	1.39443
91	92	0.571936
91	109	0.558133
91	124	0.536699
91	127	0.466112
91	130	0.52225
91	136	1.28941
91	143	0.461853
91	171	0.54712
91	179	0.550411
92	90	1.18817
92	91	0.571936
92	100	0.590946
92	114	1.26504
92	117	0.612541
92	123	0.565853
92	142	1.28403
92	149	0.531254
92	151	0.599908
92	154	1.26861
92	156	1.1666
92	160	0.567919
92	162	1.19978
92	165	1.2453
92	168	1.23655
92	171	1.15242
92	174	1.16449
92	175	1.11928
92	177	1.1572
92	179	1.15141
92	180	1.20385
93	1	0.525613
93	4	1.15819
93	18	1.26818
93	23	1.23972
93	48	1.28139
93	53	1.25449
93	67	1.34482
93	71	1.31416
93	94	1.24991
93	102	1.42612
93	105	1.31507
93	107	0.538588
93	113	1.22291
93	119	0.541845
93	146	1.33901
93	148	1.3866
93	165	0.53454
93	175	0.643472
93	176	0.500861
93	177	0.606484
93	178	0.499033
94	4	1.15456
94	9	0.608688
94	18	1.26455
94	42	1.27802
94	48	1.27776
94	53	1.25086
94	67	1.34119
94	71	1.31053
94	93	1.24991
94	102	1.42249
94	105	1.31144
94	113	1.21928
94	142	0.523912
94	146	1.33538
94	148	1.38297
94	161	0.550971
94	166	0.615554
94	169	0.559586
94	170	0.533241
94	172	0.500941
94	178	0.495134
95	6	0.504516
95	10	1.32174
95	13	1.15768
95	28	0.541297
95	46	0.533739
95	77	0.526677
95	99	0.518077
95	108	1.27671
95	111	1.33823
95	121	1.27979
95	126	0.487884
95	147	0.510693
95	158	1.32043
95	160	0.471163
95	161	1.30127
95	164	1.37805
95	167	1.27948
95	170	1.29809
95	176	1.36504
95	179	1.21658
95	180	1.26902
96	13	1.21016
96	31	1.25359
96	49	0.509171
96	58	1.43683
96	73	1.38016
96	108	1.32919
96	111	1.39071
96	116	1.36265
96	133	1.38751
96	137	0.449247
96	138	1.35532
96	149	1.46396
96	150	0.528583
96	151	1.35347
96	156	0.540445
96	158	0.475587
96	161	0.48158
96	164	1.43053
96	171	0.548145
96	173	1.24981
96	177	0.533194
96	179	0.551435
97	15	0.487659
97	32	1.24856
97	44	0.573784
97	105	0.516519
97	112	0.538504
97	132	0.540594
97	135	0.526097
97	144	1.1573
97	146	0.506718
97	147	0.547236
97	161	1.28073
97	162	1.24441
97	164	1.35751
97	165	1.28993
97	168	1.28118
97	172	1.35877
97	174	1.20912
97	175	1.16391
97	177	1.20184
97	178	1.36278
97	179	1.19604
97	180	1.24848
98	7	1.38994
98	33	1.39553
98	34	1.2466
98	41	1.32379
98	44	1.33945
98	47	1.3482
98	57	0.585625
98	62	1.35676
98	84	1.40301
98	85	0.522705
98	103	1.30039
98	112	1.34283
98	121	0.513305
98	136	1.30638
98	157	1.42106
98	163	0.506094
98	167	0.519274
98	172	1.43085
98	174	0.539187
98	176	0.443642
98	178	0.441814
98	180	0.517655
99	59	1.30295
99	61	1.38589
99	63	1.37225
99	77	1.3348
99	88	1.39648
99	95	0.518077
99	106	1.43321
99	112	1.33747
99	117	1.34391
99	121	0.539107
99	126	1.36228
99	128	1.33332
99	129	0.456505
99	143	0.504751
99	145	1.31913
99	153	1.37611
99	155	1.31174
99	162	0.550264
99	164	0.46304
99	165	0.503123
99	175	0.612055
99	178	0.467616
100	43	1.38644
100	45	1.3382
100	52	1.27235
100	81	1.19763
100	89	1.35554
100	92	0.590946
100	110	1.39149
100	120	1.35265
100	123	1.39723
100	131	1.38699
100	134	0.478919
100	140	0.572862
100	143	0.480863
100	152	0.525077
100	155	1.31733
100	157	0.459377
100	159	0.530497
100	160	1.34775
100	162	0.526376
100	172	0.449535
100	176	1.41681
100	178	1.43508
101	36	0.425749
101	42	0.550811
101	84	0.513629
101	122	0.571012
101	136	0.572658
101	138	0.553576
101	141	1.27326
101	142	1.34433
101	143	1.32972
101	144	1.17296
101	147	0.558827
101	158	1.31555
101	160	0.519297
101	161	1.29639
101	163	1.25457
101	165	1.30559
101	171	1.21272
101	174	1.22478
101	175	1.17957
101	177	1.2175
101	179	1.2117
101	180	1.26414
102	23	1.41231
102	71	1.48675
102	78	1.4177
102	79	1.41746
102	82	1.41724
102	93	1.42612
102	94	1.42249
102	105	1.48765
102	129	0.398146
102	130	0.506789
102	137	0.432761
102	145	1.43932
102	146	1.5116
102	148	1.55919
102	153	0.448001
102	168	0.46496
102	171	0.531659
102	176	0.411085
102	177	0.516708
102	179	0.53495
103	34	1.17792
103	41	1.2551
103	67	0.54674
103	84	1.33433
103	88	0.521374
103	98	1.30039
103	105	0.523536
103	112	1.27415
103	116	0.541072
103	122	0.566437
103	149	0.478057
103	151	0.546711
103	157	1.35237
103	158	1.30328
103	160	0.514722
103	163	1.24231
103	171	1.20045
103	172	1.36217
103	173	1.18019
103	175	1.16731
103	179	1.19944
103	180	1.25188
104	38	1.27861
104	115	1.3637
104	116	1.37116
104	122	1.32034
104	125	1.37836
104	133	1.39602
104	135	1.34537
104	138	1.36383
104	147	1.33772
104	149	1.47248
104	151	1.36199
104	154	0.483754
104	156	0.553972
104	157	0.454919
104	160	1.35699
104	161	0.495108
104	163	0.50355
104	169	0.503722
104	173	1.25832
104	174	0.536644
104	177	0.546722
104	179	0.564963
105	4	1.21972
105	18	1.32971
105	23	1.30125
105	42	1.34318
105	48	1.34292
105	53	1.31602
105	67	1.40635
105	71	1.37569
105	90	0.527085
105	93	1.31507
105	94	1.31144
105	97	0.516519
105	102	1.48765
105	103	0.523536
105	134	0.464706
105	141	0.512102
105	146	1.40054
105	148	1.44813
105	153	0.468259
105	159	0.516283
105	167	0.506974
105	174	0.526888
106	9	0.539977
106	39	1.33212
106	63	1.44711
106	75	1.40039
106	88	1.47135
106	99	1.43321
106	112	1.41234
106	117	1.41877
106	119	0.469235
106	126	1.43715
106	128	1.40819
106	132	1.41674
106	137	0.449928
106	142	0.455202
106	145	1.394
106	153	1.45097
106	155	1.38661
106	164	0.421847
106	169	0.490875
106	176	0.428251
106	177	0.533875
106	179	0.552116
106	180	0.502264
107	23	0.536645
107	53	0.556782
107	69	0.487131
107	78	0.499425
107	93	0.538588
107	110	0.458892
107	118	1.37555
107	123	0.458189
107	137	1.38831
107	139	0.450322
107	152	1.29273
107	155	0.50486
107	158	1.35403
107	161	1.33488
107	167	1.31309
107	168	1.33533
107	170	1.3317
107	171	1.2512
107	175	1.21805
107	176	1.39865
107	177	1.25598
107	179	1.25019
107	180	1.30262
108	10	1.33246
108	13	1.1684
108	31	1.21182
108	40	1.24987
108	54	0.481671
108	55	1.25185
108	58	1.39507
108	65	1.47814
108	70	1.34213
108	73	1.33839
108	95	1.27671
108	96	1.32919
108	111	1.34894
108	121	1.2905
108	133	0.618712
108	142	0.465302
108	144	0.611464
108	152	0.517872
108	161	0.492361
108	162	0.519171
108	164	1.38876
108	177	0.543975
108	180	0.512364
109	18	0.581625
109	24	0.619157
109	38	0.636372
109	57	1.22393
109	72	0.623565
109	88	0.560768
109	89	0.591554
109	91	0.558133
109	140	1.18061
109	142	1.285
109	145	0.601404
109	150	1.17927
109	152	1.19491
109	163	1.19524
109	167	1.21527
109	168	1.23751
109	170	1.23388
109	171	1.15339
109	174	1.16545
109	175	1.12024
109	176	1.30084
109	177	1.15817
109	179	1.15237
109	180	1.20481
110	9	0.532892
110	14	1.32014
110	43	1.40841
110	45	1.36017
110	52	1.29432
110	69	1.39322
110	81	1.2196
110	100	1.39149
110	107	0.458892
110	119	0.462149
110	120	1.37462
110	123	1.4192
110	130	0.51687
110	131	1.40896
110	141	0.501925
110	155	1.3393
110	156	0.534039
110	158	0.469182
110	160	1.36972
110	163	0.483617
110	175	0.563776
110	176	1.43878
110	178	1.45705
110	180	0.495178
111	1	0.439179
111	10	1.39398
111	13	1.22992
111	17	0.51232
111	31	1.27335
111	40	1.31139
111	55	1.31337
111	58	1.45659
111	65	1.53967
111	70	1.40365
111	73	1.39992
111	95	1.33823
111	96	1.39071
111	108	1.34894
111	118	0.459833
111	121	1.35202
111	124	0.52458
111	134	0.44779
111	140	0.541733
111	141	0.495186
111	150	0.515439
111	164	1.45028
111	173	0.54205
111	179	0.538292
112	44	1.31321
112	47	1.32196
112	59	1.28207
112	84	1.37678
112	97	0.538504
112	98	1.34283
112	99	1.33747
112	103	1.27415
112	106	1.41234
112	117	1.32303
112	126	1.34141
112	128	1.31245
112	129	0.440389
112	136	1.28014
112	141	0.534087
112	152	0.532848
112	154	0.495983
112	155	1.29087
112	156	0.566201
112	157	1.39482
112	158	0.501344
112	159	0.538268
112	163	0.51578
112	172	1.40461
112	173	0.58095
113	4	1.12757
113	18	1.23755
113	23	1.2091
113	32	0.635708
113	53	1.22387
113	71	1.28354
113	90	0.610545
113	93	1.22291
113	94	1.21928
113	125	1.28051
113	135	1.24752
113	138	1.26598
113	146	1.30839
113	148	1.35598
113	149	1.37463
113	151	1.26414
113	154	0.557458
113	159	1.2199
113	161	0.568812
113	162	0.595623
113	163	0.577255
113	164	0.508399
113	173	1.16048
113	176	0.514803
113	177	0.620426
114	10	0.479135
114	19	0.530907
114	61	0.489579
114	76	0.451131
114	80	0.477455
114	88	0.485745
114	92	1.26504
114	115	0.517889
114	132	0.511982
114	139	0.46916
114	142	1.41342
114	150	1.30769
114	157	1.43373
114	158	1.38464
114	160	0.479093
114	161	1.36549
114	163	1.32367
114	166	1.27295
114	170	1.36231
114	171	1.28181
114	172	1.44353
114	175	1.24867
114	177	1.28659
114	179	1.2808
114	180	1.33324
115	30	1.29662
115	38	1.25433
115	51	1.42814
115	60	1.29087
115	73	1.36439
115	104	1.3637
115	114	0.517889
115	116	1.34688
115	133	1.37174
115	134	0.494688
115	135	1.32109
115	138	1.33955
115	140	0.58863
115	142	0.488275
115	147	1.31343
115	149	1.4482
115	151	1.33771
115	157	0.475146
115	158	0.509341
115	159	1.29346
115	162	0.542145
115	164	0.454921
115	173	1.23404
115	175	0.603936
115	177	0.566948
116	38	1.26179
116	60	1.29833
116	96	1.36265
116	103	0.541072
116	104	1.37116
116	115	1.34688
116	122	1.30352
116	133	1.3792
116	135	1.32854
116	137	0.470555
116	138	1.34701
116	140	0.576184
116	142	0.475829
116	147	1.32089
116	149	1.45566
116	150	0.54989
116	151	1.34516
116	158	0.496895
116	159	1.30092
116	160	1.34017
116	169	0.511502
116	173	1.2415
116	174	0.544424
116	177	0.554502
116	180	0.522891
117	39	1.24281
117	59	1.28851
117	61	1.37145
117	63	1.35781
117	77	1.32036
117	88	1.38204
117	92	0.612541
117	99	1.34391
117	106	1.41877
117	112	1.32303
117	126	1.34784
117	128	1.31888
117	132	1.32744
117	141	0.54791
117	142	0.494101
117	143	0.502457
117	145	1.30469
117	153	1.36167
117	155	1.2973
117	157	0.480971
117	164	0.460746
117	172	0.471129
117	173	0.594773
117	175	0.609761
117	176	0.46715
118	15	0.447889
118	22	0.551131
118	35	0.461799
118	47	0.491706
118	69	0.494811
118	72	0.537384
118	75	0.533384
118	107	1.37555
118	111	0.459833
118	123	0.465869
118	138	0.502215
118	140	1.32077
118	150	1.31942
118	158	1.39637
118	161	1.37722
118	162	1.3409
118	163	1.3354
118	165	1.38642
118	167	1.35543
118	171	1.29354
118	174	1.30561
118	175	1.2604
118	177	1.29832
118	179	1.29253
118	180	1.34497
119	35	0.457377
119	37	0.500264
119	56	1.32709
119	74	0.527984
119	83	0.475402
119	93	0.541845
119	106	0.469235
119	110	0.462149
119	128	0.494504
119	133	0.485382
119	155	0.508118
119	156	1.3036
119	161	1.37311
119	162	1.33679
119	163	1.33129
119	165	1.38231
119	167	1.35132
119	168	1.37356
119	171	1.28943
119	172	1.45114
119	174	1.30149
119	175	1.25628
119	177	1.29421
119	179	1.28842
119	180	1.34085
120	3	1.18384
120	14	1.28131
120	15	1.45337
120	45	1.32133
120	52	1.25548
120	56	0.505875
120	69	1.35439
120	81	1.18077
120	89	1.33867
120	100	1.35265
120	110	1.37462
120	123	1.38037
120	127	0.500221
120	131	1.37012
120	152	0.540176
120	153	0.497571
120	160	1.33089
120	164	0.454251
120	167	0.536287
120	168	0.51453
120	174	0.5562
120	175	0.603266
120	176	1.39994
120	178	1.41821
120	180	0.534668
121	25	0.549402
121	31	1.2149
121	55	1.25493
121	58	1.39815
121	65	1.48122
121	84	0.486524
121	87	0.489386
121	95	1.27979
121	98	0.513305
121	99	0.539107
121	108	1.2905
121	111	1.35202
121	124	1.26408
121	125	0.50547
121	128	0.523183
121	135	0.510583
121	143	1.34839
121	149	0.455527
121	158	1.33422
121	160	0.492192
121	164	1.39184
121	174	1.24345
121	175	1.19824
121	177	1.23617
121	179	1.23037
121	180	1.28281
122	8	1.33676
122	16	1.25954
122	51	1.38478
122	60	1.24751
122	101	0.571012
122	103	0.566437
122	104	1.32034
122	116	1.30352
122	125	1.31072
122	127	0.51381
122	132	1.28905
122	133	1.32838
122	135	1.27772
122	138	1.29619
122	142	0.501194
122	147	1.27007
122	149	1.40484
122	151	1.29434
122	154	0.5169
122	160	1.28934
122	163	0.536696
122	165	0.507923
122	166	0.592836
122	170	0.510523
122	173	1.19068
122	179	0.598109
123	15	1.49796
123	24	1.34743
123	43	1.41416
123	45	1.36592
123	52	1.30007
123	69	1.39897
123	81	1.22535
123	89	1.38326
123	92	0.565853
123	100	1.39723
123	107	0.458189
123	110	1.4192
123	118	0.465869
123	120	1.38037
123	131	1.41471
123	134	0.453826
123	144	0.593575
123	155	1.34505
123	159	0.505403
123	163	0.482915
123	167	0.496095
123	168	0.474338
123	172	0.424441
123	176	1.44452
123	178	1.4628
123	180	0.494475
124	21	0.597448
124	64	0.559275
124	84	0.527014
124	91	0.536699
124	111	0.52458
124	121	1.26408
124	136	0.586043
124	140	1.22912
124	146	0.531694
124	149	0.496017
124	152	1.24342
124	158	1.30472
124	160	0.532682
124	167	1.26378
124	169	1.26707
124	170	1.28239
124	171	1.20189
124	173	1.18163
124	174	1.21395
124	175	1.16875
124	176	1.34934
124	177	1.20667
124	178	1.36762
124	179	1.20088
124	180	1.25332
125	1	0.460559
125	8	1.39478
125	30	1.31128
125	49	0.517408
125	51	1.4428
125	64	1.36787
125	104	1.37836
125	113	1.28051
125	121	0.50547
125	122	1.31072
125	130	0.531511
125	132	1.34707
125	133	1.3864
125	134	0.469171
125	135	1.33574
125	138	1.35421
125	139	1.41735
125	147	1.32809
125	151	1.35236
125	154	0.478463
125	160	1.34736
125	161	0.489817
125	166	0.554399
125	168	0.489682
125	173	1.2487
125	175	0.578418
125	177	0.54143
126	35	1.27236
126	59	1.30689
126	61	1.38983
126	63	1.37618
126	75	1.32946
126	77	1.33873
126	88	1.40041
126	95	0.487884
126	99	1.36228
126	106	1.43715
126	112	1.34141
126	117	1.34784
126	128	1.33726
126	132	1.34581
126	141	0.520009
126	145	1.32307
126	150	0.540262
126	153	1.38004
126	155	1.31568
126	156	0.552124
126	157	0.453071
126	165	0.472929
126	166	0.557842
126	169	0.501874
126	175	0.581861
126	176	0.43925
126	179	0.563115
127	62	0.473656
127	66	0.484609
127	88	0.468746
127	91	0.466112
127	120	0.500221
127	122	0.51381
127	135	0.480487
127	136	0.515457
127	139	0.452162
127	140	1.33417
127	141	1.36749
127	143	1.42395
127	144	1.26718
127	148	0.446349
127	152	1.34847
127	159	1.3461
127	160	0.462095
127	162	1.3543
127	163	1.3488
127	168	1.39107
127	170	1.38744
127	173	1.28668
127	174	1.319
127	176	1.45439
127	177	1.31172
127	179	1.30593
127	180	1.35837
128	35	1.2434
128	39	1.23223
128	57	0.595503
128	59	1.27793
128	61	1.36087
128	63	1.34722
128	75	1.3005
128	77	1.30978
128	88	1.37146
128	99	1.33332
128	106	1.40819
128	112	1.31245
128	117	1.31888
128	119	0.494504
128	121	0.523183
128	126	1.33726
128	132	1.31685
128	145	1.29411
128	150	0.554532
128	153	1.35108
128	154	0.496176
128	155	1.28672
128	157	0.467341
128	165	0.487199
128	170	0.489799
128	173	0.581143
128	174	0.549065
128	179	0.577385
129	2	0.42937
129	9	1.31624
129	11	0.449072
129	40	0.507384
129	52	0.491654
129	53	0.506117
129	58	0.413389
129	81	0.559204
129	99	0.456505
129	102	0.398146
129	112	0.440389
129	131	0.453579
129	141	1.42911
129	150	1.39445
129	151	0.441579
129	156	1.38274
129	162	1.41593
129	165	1.46144
129	166	1.35971
129	167	1.43046
129	170	1.44906
129	171	1.36857
129	174	1.38063
129	175	1.33542
129	176	1.51602
129	177	1.37335
129	179	1.36755
129	180	1.41999
130	20	0.567177
130	43	0.406392
130	47	0.542004
130	57	1.31055
130	91	0.52225
130	102	0.506789
130	110	0.51687
130	125	0.531511
130	135	0.536625
130	139	0.5083
130	141	1.30055
130	148	0.502487
130	151	0.550222
130	152	1.28153
130	153	1.35234
130	154	1.3562
130	156	1.25418
130	158	1.34284
130	159	1.27916
130	165	1.33288
130	166	1.23115
130	167	1.3019
130	171	1.24001
130	174	1.25207
130	175	1.20686
130	176	1.38746
130	177	1.24479
130	179	1.23899
130	180	1.29143
131	3	1.21818
131	14	1.31565
131	15	1.48771
131	24	1.33719
131	43	1.40391
131	52	1.28982
131	69	1.38873
131	81	1.2151
131	89	1.37301
131	100	1.38699
131	110	1.40896
131	120	1.37012
131	123	1.41471
131	129	0.453579
131	137	0.488194
131	140	0.593824
131	142	0.493468
131	143	0.501825
131	155	1.3348
131	157	0.480339
131	160	1.36523
131	163	0.52897
131	164	0.460114
131	169	0.529142
131	170	0.502797
131	172	0.470496
131	173	0.594141
131	176	1.43428
131	178	1.45255
132	61	1.36942
132	64	1.3462
132	77	1.31833
132	88	1.38001
132	97	0.540594
132	106	1.41674
132	114	0.511982
132	117	1.32744
132	122	1.28905
132	125	1.34707
132	126	1.34581
132	128	1.31685
132	135	1.31408
132	143	0.490724
132	145	1.30266
132	147	1.30643
132	149	1.44119
132	151	1.3307
132	155	1.29527
132	158	0.503434
132	160	1.3257
132	162	0.536237
132	163	0.517869
132	168	0.509293
132	169	0.518041
132	171	0.575991
132	173	1.22703
132	174	0.550963
132	177	0.561041
132	178	0.45359
133	5	1.39382
133	51	1.46047
133	64	1.38553
133	96	1.38751
133	104	1.39602
133	108	0.618712
133	115	1.37174
133	116	1.3792
133	119	0.485382
133	122	1.32838
133	125	1.3864
133	135	1.35341
133	138	1.37187
133	139	1.43502
133	142	0.471349
133	147	1.34576
133	149	1.48052
133	151	1.37003
133	152	0.523919
133	157	0.45822
133	159	1.32578
133	160	1.36503
133	161	0.498408
133	164	0.437995
133	165	0.478078
133	168	0.498274
133	171	0.564972
133	172	0.448377
133	173	1.26636
133	178	0.442571
133	179	0.568263
134	12	1.21617
134	15	0.435846
134	19	1.33786
134	20	1.35156
134	27	1.33878
134	31	0.562283
134	44	0.521971
134	50	1.35735
134	55	0.537058
134	68	1.3924
134	74	1.35409
134	76	1.51684
134	83	1.43407
134	100	0.478919
134	105	0.464706
134	111	0.44779
134	115	0.494688
134	123	0.453826
134	125	0.469171
134	136	0.509254
134	142	1.42934
134	151	0.487881
134	159	1.33689
134	160	0.455893
134	166	1.28887
134	167	1.35962
134	169	1.36291
134	174	1.3098
134	175	1.26459
134	177	1.30251
134	179	1.29672
134	180	1.34916
135	5	1.34317
135	30	1.27828
135	51	1.40981
135	60	1.27253
135	64	1.33488
135	85	0.519984
135	97	0.526097
135	104	1.34537
135	113	1.24752
135	115	1.32109
135	116	1.32854
135	121	0.510583
135	122	1.27772
135	125	1.33574
135	127	0.480487
135	130	0.536625
135	132	1.31408
135	133	1.35341
135	138	1.32122
135	139	1.38436
135	147	1.2951
135	149	1.42986
135	151	1.31937
135	156	0.553794
135	159	1.27513
135	170	0.4772
135	171	0.561494
135	173	1.21571
135	175	0.583531
135	176	0.44092
135	177	0.546544
135	179	0.564785
135	180	0.514933
136	7	1.32725
136	11	1.32262
136	25	1.25032
136	28	1.25367
136	29	1.26435
136	34	1.18391
136	37	1.35657
136	44	1.27676
136	47	1.28551
136	62	1.29407
136	66	1.31073
136	72	1.18593
136	84	1.34032
136	85	1.25035
136	86	1.34871
136	87	1.34871
136	91	1.28941
136	98	1.30638
136	101	0.572658
136	112	1.28014
136	124	0.586043
136	127	0.515457
136	134	0.509254
136	142	0.502841
136	152	0.555411
136	156	0.588764
136	157	1.35836
136	158	0.523907
136	162	0.55671
136	172	1.36816
136	176	0.47589
136	177	0.581514
136	178	0.474063
136	179	0.599755
137	9	1.25398
137	22	0.527401
137	33	0.723371
137	38	0.526461
137	56	1.34397
137	58	0.448004
137	73	0.46028
137	76	0.416243
137	80	0.442567
137	96	0.449247
137	102	0.432761
137	106	0.449928
137	107	1.38831
137	116	0.470555
137	131	0.488194
137	139	0.434272
137	142	1.43791
137	150	1.33218
137	151	0.476194
137	153	1.41864
137	156	1.32048
137	158	1.40913
137	163	1.34816
137	165	1.39918
137	167	1.36819
137	168	1.39043
137	169	1.37148
137	170	1.3868
137	172	1.46802
137	174	1.31836
137	175	1.27316
137	177	1.31108
137	179	1.30529
137	180	1.35773
138	16	1.30303
138	30	1.29675
138	51	1.42827
138	54	1.30394
138	60	1.291
138	96	1.35532
138	101	0.553576
138	104	1.36383
138	113	1.26598
138	115	1.33955
138	116	1.34701
138	118	0.502215
138	122	1.29619
138	125	1.35421
138	133	1.37187
138	135	1.32122
138	139	1.40283
138	147	1.31356
138	149	1.44833
138	151	1.33784
138	152	0.536329
138	154	0.499464
138	159	1.29359
138	160	1.33284
138	161	0.510818
138	162	0.537628
138	165	0.490487
138	168	0.510684
138	171	0.577382
138	173	1.23417
138	175	0.599419
138	176	0.456808
138	177	0.562432
138	178	0.454981
138	180	0.530821
139	6	1.43394
139	26	1.36391
139	32	0.533501
139	36	1.46391
139	46	1.39352
139	78	1.35133
139	79	1.35109
139	82	1.35087
139	107	0.450322
139	114	0.46916
139	125	1.41735
139	127	0.452162
139	130	0.5083
139	133	1.43502
139	135	1.38436
139	137	0.434272
139	138	1.40283
139	145	1.37295
139	146	1.44523
139	147	1.37671
139	148	1.49282
139	149	1.51147
139	151	1.40098
139	152	0.492116
139	153	0.449512
139	159	1.35674
139	160	1.39598
139	166	0.531188
139	171	0.53317
139	172	0.416574
139	173	1.29732
139	175	0.555207
139	176	0.412596
139	177	0.518219
