1	17	1.19906
1	62	0.930625
1	76	0.849395
1	91	1.15158
1	115	0.907365
1	123	0.934728
1	127	0.908456
1	134	0.882799
1	143	1.2495
1	145	0.892567
1	165	0.894064
1	176	1.2042
2	4	0.936331
2	74	1.07847
2	111	0.94969
2	123	1.0672
2	127	1.04092
2	130	1.01579
2	144	1.03626
2	145	1.02503
2	151	0.966291
2	163	0.950264
2	177	0.978327
2	179	0.964517
3	13	1.10518
3	81	0.945776
3	87	1.06482
3	127	1.01027
3	144	1.00561
3	145	0.994378
3	151	0.966929
3	158	1.02388
3	163	0.950902
3	164	0.999905
3	165	0.995874
3	171	0.940688
4	2	0.936331
4	93	1.2295
4	99	1.229
4	115	0.892786
4	123	0.920149
4	145	0.877988
4	162	1.23124
4	170	1.10438
4	172	0.88457
4	175	0.878007
4	178	0.900436
4	179	0.909732
5	20	0.871637
5	27	0.860531
5	35	0.960292
5	59	0.922891
5	89	0.868314
5	94	0.868314
5	95	0.868314
5	104	1.21174
5	119	1.21534
5	148	1.20364
5	163	1.17281
5	170	0.979707
6	8	1.0402
6	16	0.964279
6	25	0.993493
6	73	1.08813
6	76	1.02686
6	107	1.05219
6	109	1.03962
6	129	0.987453
6	140	0.998915
6	155	0.970801
6	156	0.925926
6	176	0.920274
7	75	0.936183
7	83	0.892128
7	107	0.937766
7	109	0.925192
7	122	0.860731
7	129	0.87303
7	140	0.884492
7	142	1.26431
7	151	0.890478
7	159	1.21297
7	175	1.27187
7	180	1.05367
8	6	1.0402
8	43	1.03223
8	50	1.0243
8	82	0.98008
8	102	1.0517
8	122	1.00517
8	125	1.0338
8	129	1.01747
8	132	1.03273
8	140	1.02893
8	179	0.980106
8	180	0.779159
9	68	0.89152
9	107	1.01177
9	126	0.996068
9	141	1.02263
9	150	1.06335
9	157	1.02577
9	160	1.02788
9	161	1.03135
9	162	1.03511
9	164	1.02358
9	166	1.06024
9	180	0.816572
10	61	1.03867
10	69	1.08569
10	74	1.05452
10	77	0.953903
10	106	0.89036
10	115	1.01589
10	118	0.999045
10	119	0.987109
10	130	0.991839
10	144	1.01232
10	145	1.00109
10	175	0.976085
11	46	0.990774
11	78	1.04941
11	85	1.07892
11	133	1.01529
11	138	1.05686
11	139	0.971215
11	169	0.970095
11	172	0.965121
11	173	0.97188
11	176	0.974905
11	177	0.975513
11	178	0.980987
11	179	0.990283
12	45	1.03446
12	83	1.048
12	106	1.00692
12	109	0.996677
12	128	1.05371
12	138	1.057
12	154	0.978375
12	159	0.983036
12	161	0.956889
12	164	0.94912
12	166	0.985776
12	177	0.962558
12	179	0.977329
13	3	1.10518
13	69	1.16209
13	72	1.16827
13	77	0.85702
13	79	1.08509
13	127	1.09338
13	143	0.895147
13	149	0.844852
13	158	1.107
13	165	1.07899
13	169	0.872313
13	177	0.875759
13	178	0.862526
14	25	1.06081
14	108	1.06788
14	149	1.00564
14	153	0.981164
14	157	0.960648
14	160	0.962756
14	161	0.966229
14	162	0.969988
14	164	0.958459
14	166	0.995115
14	171	0.999181
14	175	1.0409
14	177	1.03746
15	23	1.08518
15	73	0.957733
15	91	0.988033
15	130	1.07861
15	147	1.08251
15	152	0.962013
15	163	0.982063
15	171	0.982299
15	175	0.957234
15	176	0.973581
15	177	0.974189
15	178	0.979663
15	179	0.988959
16	6	0.964279
16	101	1.06465
16	110	0.989497
16	139	0.972072
16	148	1.04402
16	157	1.06467
16	160	1.05471
16	169	0.970952
16	171	0.98448
16	172	0.965978
16	175	0.959415
16	176	0.975762
16	178	0.981844
17	1	1.19906
17	47	0.986234
17	81	0.911333
17	90	0.965878
17	101	1.01551
17	130	1.00416
17	144	0.988057
17	168	1.03145
17	176	0.935048
17	177	0.935656
17	178	0.941129
17	179	0.950426
17	180	1.12908
18	93	1.0456
18	103	1.03339
18	127	1.02247
18	136	0.937756
18	163	0.983557
18	165	1.06963
18	166	1.0199
18	169	0.970265
18	174	0.986053
18	176	0.975075
18	177	0.975683
18	178	0.981157
18	179	0.990453
19	25	0.95548
19	43	0.964201
19	66	0.943633
19	73	1.05012
19	83	0.968539
19	107	1.01418
19	118	1.13847
19	122	0.937141
19	129	0.94944
19	140	0.960902
19	159	1.05661
19	168	0.949877
19	172	1.11695
20	5	0.871637
20	24	0.948374
20	36	1.043
20	59	1.00878
20	87	1.04199
20	89	0.954204
20	94	0.954204
20	95	0.954204
20	112	1.06254
20	168	0.946715
20	170	1.0656
20	171	1.07063
20	174	1.08362
21	24	0.926556
21	28	1.1225
21	35	1.02436
21	36	1.02118
21	59	0.986963
21	89	0.932386
21	94	0.932386
21	95	0.932386
21	145	1.10188
21	167	1.05292
21	170	1.04378
21	178	1.06485
21	180	0.863331
22	114	1.04336
22	141	0.925941
22	148	1.05634
22	149	1.02267
22	153	1.03543
22	154	1.03301
22	163	0.957526
22	169	0.944234
22	174	0.960022
22	177	0.949652
22	178	0.955126
22	179	0.964423
22	180	1.14308
23	15	1.08518
23	45	0.882014
23	67	0.957014
23	81	0.899647
23	84	0.97919
23	86	0.990781
23	90	0.954193
23	110	1.01643
23	147	1.05771
23	167	1.01661
23	168	1.01977
23	178	1.02854
23	180	1.11739
24	20	0.948374
24	21	0.926556
24	26	0.930704
24	36	1.03384
24	59	0.999628
24	89	0.945051
24	94	0.945051
24	95	0.945051
24	106	1.01229
24	123	1.04036
24	126	1.15019
24	167	1.06941
24	170	1.05644
25	6	0.993493
25	14	1.06081
25	19	0.95548
25	102	1.00499
25	112	1.00014
25	122	0.958464
25	137	0.960463
25	140	0.982225
25	143	0.956671
25	146	1.05275
25	151	0.988211
25	172	1.0514
25	173	1.03913
26	24	0.930704
26	48	0.896688
26	70	0.875561
26	99	0.865908
26	145	0.883086
26	163	1.1056
26	167	1.09514
26	168	1.19352
26	169	1.09231
26	170	0.741292
26	177	1.09773
26	178	1.1032
26	179	1.1125
27	5	0.860531
27	35	1.03508
27	36	1.03189
27	89	0.943098
27	94	0.943098
27	95	0.943098
27	97	0.988717
27	106	1.00622
27	119	1.10297
27	168	0.926312
27	170	1.05449
27	173	1.08111
27	175	1.09195
28	21	1.1225
28	72	0.99168
28	83	1.05075
28	90	0.954691
28	99	1.07419
28	101	0.954256
28	147	0.973435
28	162	0.972324
28	166	0.997451
28	167	0.971647
28	174	0.984604
28	175	0.957279
28	179	0.989004
29	37	1.0316
29	49	1.09064
29	75	1.15659
29	102	1.12767
29	109	1.1456
29	122	1.08114
29	125	0.893585
29	129	1.09344
29	139	0.839673
29	140	1.1049
29	162	0.86256
29	165	0.884851
29	168	0.691508
30	75	0.999352
30	105	1.07346
30	120	1.02341
30	134	1.04751
30	156	0.967308
30	159	0.997232
30	164	1.04942
30	167	0.974168
30	172	0.966362
30	175	0.9598
30	176	0.976147
30	177	0.976755
30	178	0.982228
31	65	1.10938
31	83	1.01594
31	114	1.02255
31	144	1.02871
31	153	1.01462
31	159	0.968679
31	169	0.942784
31	171	0.956312
31	172	0.93781
31	174	0.958572
31	175	0.931247
31	179	0.962972
31	180	1.14162
32	128	1.10917
32	134	1.13931
32	139	0.930775
32	152	0.922897
32	153	1.10213
32	154	1.09971
32	155	0.918256
32	164	1.14122
32	167	0.932486
32	172	0.924681
32	174	0.945443
32	177	0.935073
32	178	0.940547
32	179	0.949843
33	58	1.18496
33	60	1.04526
33	89	0.908416
33	94	0.908416
33	95	0.908416
33	148	0.919566
33	158	1.0994
33	161	0.927625
33	162	0.931385
33	163	1.12783
33	164	0.919856
33	166	0.956512
33	169	1.15244
33	170	1.01981
34	76	1.00085
34	110	0.949419
34	123	1.08618
34	127	1.05991
34	130	1.03477
34	139	0.960741
34	144	1.05525
34	145	1.04402
34	158	1.07352
34	165	1.04551
34	166	0.956189
34	168	0.812575
34	172	0.979649
34	176	0.948854
35	5	0.960292
35	21	1.02436
35	27	1.03508
35	55	0.849264
35	59	1.09744
35	89	1.04286
35	92	0.99275
35	94	1.04286
35	95	1.04286
35	104	0.961257
35	152	0.976848
35	159	0.894928
35	170	1.15425
35	178	0.937158
36	20	1.043
36	21	1.02118
36	24	1.03384
36	27	1.03189
36	86	0.845672
36	89	1.03967
36	94	1.03967
36	95	1.03967
36	153	0.94617
36	156	0.944054
36	158	0.907827
36	165	0.995466
36	169	0.96087
36	170	1.15107
37	29	1.0316
37	81	1.16787
37	90	1.08818
37	121	0.923064
37	131	0.919606
37	151	0.93596
37	155	0.919653
37	157	1.22448
37	159	0.956948
37	170	1.08306
37	174	0.94684
37	175	0.919515
37	177	0.93647
37	178	0.941944
38	41	0.988378
38	100	0.97476
38	105	1.05425
38	110	0.905307
38	114	1.04977
38	128	1.0643
38	133	1.07471
38	135	1.07408
38	138	1.0538
38	142	1.04071
38	152	0.957114
38	169	0.927211
38	177	0.930657
38	179	0.916847
39	50	1.03481
39	83	1.04707
39	102	1.0622
39	104	0.939069
39	107	1.09271
39	109	1.08013
39	110	0.902854
39	122	1.01567
39	125	0.968088
39	129	1.02797
39	140	1.03943
39	155	0.952816
39	173	0.920813
39	177	0.928204
40	44	0.903414
40	54	0.972932
40	128	0.901077
40	137	0.957318
40	147	0.928124
40	160	0.925637
40	163	1.05684
40	171	1.05708
40	172	1.03857
40	175	1.03201
40	176	1.04836
40	177	1.04897
40	178	1.05444
40	179	1.06374
41	38	0.988378
41	66	0.995568
41	79	1.13552
41	105	0.926113
41	114	0.921633
41	117	0.929646
41	118	0.917904
41	133	0.946569
41	138	0.92566
41	142	0.912567
41	146	0.931529
41	172	1.16889
41	175	1.16745
41	176	1.13809
42	54	0.958113
42	63	1.03018
42	65	0.972077
42	66	0.90381
42	76	1.15292
42	106	0.989965
42	116	0.99466
42	117	1.00485
42	128	1.01137
42	135	1.02115
42	138	1.00087
42	146	1.00674
42	176	1.04633
42	179	1.05844
42	180	0.857491
43	8	1.03223
43	19	0.964201
43	60	0.914499
43	75	1.04264
43	102	1.01371
43	107	1.04422
43	122	0.967184
43	125	1.06501
43	129	0.979483
43	140	0.990945
43	141	1.01643
43	143	0.965391
43	171	0.986851
43	174	0.999842
43	175	1.02857
44	40	0.903414
44	56	1.05939
44	113	0.99782
44	114	0.983969
44	118	0.98024
44	119	1.02886
44	128	0.9985
44	133	1.0089
44	135	1.00828
44	138	0.987995
44	142	0.974903
44	152	1.04085
44	169	1.01095
44	173	1.007
44	175	1.01784
45	12	1.03446
45	23	0.882014
45	46	0.957014
45	67	0.991726
45	81	0.93436
45	82	0.978976
45	84	1.0139
45	86	1.02549
45	90	0.988905
45	129	1.0068
45	147	1.00875
45	168	1.05448
45	169	0.989365
45	173	0.98542
45	180	1.15211
46	11	0.990774
46	45	0.957014
46	67	1.03201
46	81	0.974647
46	84	1.05419
46	86	1.06578
46	90	1.02919
46	152	0.975714
46	158	0.892768
46	160	0.962708
46	168	1.09477
46	170	0.831256
46	177	0.949258
46	180	1.19239
47	17	0.986234
47	72	0.941388
47	76	1.09796
47	132	0.983732
47	148	0.980255
47	157	0.982734
47	158	0.960795
47	160	0.984842
47	161	0.988314
47	162	0.992074
47	166	1.0172
47	169	1.01384
47	170	1.0805
47	173	0.99035
47	179	1.00347
48	26	0.896688
48	55	0.959432
48	56	1.06344
48	63	1.02135
48	69	0.937689
48	92	1.10292
48	99	0.983638
48	114	0.988012
48	116	0.985832
48	135	1.01232
48	137	0.968559
48	142	0.978946
48	146	0.997907
48	169	1.05711
48	173	1.05317
49	29	1.09064
49	68	0.905119
49	75	1.02508
49	83	0.981022
49	107	1.02666
49	109	1.01409
49	126	1.10054
49	129	0.961924
49	140	0.973386
49	143	0.947831
49	151	0.979372
49	159	0.989464
49	170	0.926927
49	173	1.03754
49	177	1.04493
50	8	1.0243
50	39	1.03481
50	82	1.01705
50	90	0.918001
50	102	1.00579
50	107	1.03629
50	109	1.02372
50	122	0.959258
50	125	1.07077
50	129	0.971557
50	137	0.961257
50	140	0.983019
50	156	1.01062
50	158	0.974397
50	179	1.01708
51	65	1.03573
51	84	0.825196
51	113	1.07435
51	116	1.05832
51	128	1.07503
51	131	0.918321
51	133	1.08543
51	135	1.0848
51	138	1.06452
51	142	1.05143
51	146	1.07039
51	150	0.960643
51	155	0.953232
51	172	0.933501
51	174	0.903334
51	179	0.91481
52	77	0.916121
52	87	0.867937
52	144	0.930803
52	148	1.05309
52	151	0.922824
52	153	1.07608
52	154	1.08263
52	157	1.05556
52	161	1.06115
52	162	1.0649
52	164	1.05338
52	166	1.09003
52	173	1.06318
52	175	0.938303
52	176	0.908945
52	178	0.921626
53	61	1.01137
53	93	1.06712
53	132	1.09882
53	134	1.07903
53	142	1.05588
53	147	1.07594
53	151	0.95498
53	159	0.975967
53	167	0.952903
53	171	0.9636
53	172	0.945097
53	174	0.965859
53	176	0.954882
53	177	0.95549
53	178	0.960963
53	179	0.97026
54	40	0.972932
54	42	0.958113
54	88	1.0112
54	113	0.958152
54	114	0.944301
54	116	0.942121
54	125	1.12379
54	128	0.958832
54	133	0.969237
54	135	0.968608
54	141	1.07521
54	142	0.935235
54	146	0.954197
54	151	1.07187
54	164	1.10485
54	174	1.05862
55	35	0.849264
55	48	0.959432
55	105	0.967018
55	109	0.853897
55	110	1.06832
55	137	0.967169
55	139	1.0509
55	149	0.891131
55	150	1.0238
55	166	0.903458
55	168	1.15099
55	174	1.06557
55	176	1.05459
55	177	1.0552
55	178	1.06067
55	179	1.06997
56	44	1.05939
56	48	1.06344
56	72	0.850789
56	80	0.910834
56	98	0.888224
56	100	0.970789
56	105	1.06293
56	113	1.07231
56	118	1.05472
56	128	1.07299
56	133	1.08339
56	138	1.06248
56	146	1.06835
56	164	0.947625
56	177	0.926686
56	179	0.912876
57	82	1.08741
57	148	0.937542
57	152	1.12771
57	153	0.960537
57	154	0.967087
57	160	0.942129
57	161	0.945602
57	162	0.949361
57	164	0.937832
57	166	0.974488
57	167	1.07608
57	168	0.939057
57	170	1.03778
57	173	0.947637
57	174	1.07596
57	175	1.10469
58	33	1.18496
58	61	1.0036
58	70	1.0685
58	71	0.950461
58	117	0.961776
58	138	0.95779
58	140	1.03587
58	142	0.944698
58	146	0.96366
58	156	0.953123
58	158	0.975097
58	160	1.06568
58	163	0.970443
58	166	1.03365
58	175	0.945614
58	179	0.977339
59	5	0.922891
59	20	1.00878
59	21	0.986963
59	24	0.999628
59	35	1.09744
59	77	0.993234
59	89	1.00546
59	94	1.00546
59	95	1.00546
59	97	1.05108
59	151	0.999937
59	156	0.99171
59	170	1.11685
59	172	1.01685
59	175	1.01542
59	179	0.998163
59	180	0.797216
60	33	1.04526
60	43	0.914499
60	81	1.00455
60	86	1.09569
60	90	1.0591
60	91	0.834
60	132	0.951354
60	133	0.863145
60	135	0.890071
60	166	0.893956
60	167	1.02629
60	168	1.12467
60	171	1.03699
60	172	1.01849
60	175	1.01192
60	180	1.2223
61	10	1.03867
61	53	1.01137
61	58	1.0036
61	69	1.08887
61	70	1.01062
61	76	0.961097
61	123	1.04643
61	130	0.99502
61	144	1.0155
61	145	1.00427
61	158	1.03377
61	159	0.919071
61	165	1.00577
61	167	0.949368
61	169	0.971088
61	172	0.979415
61	177	0.974535
62	1	0.930625
62	72	1.09553
62	74	1.05818
62	79	1.01234
62	115	1.01955
62	123	1.04691
62	127	1.02064
62	130	0.995501
62	135	0.98008
62	136	1.03463
62	144	1.01598
62	145	1.00475
62	149	0.971638
62	150	1.03457
62	160	1.01599
62	167	0.977378
62	180	0.787788
63	42	1.03018
63	48	1.02135
63	65	0.991605
63	76	1.05308
63	113	1.03022
63	116	1.01419
63	119	0.986878
63	133	1.0413
63	135	1.04067
63	137	0.996915
63	142	1.0073
63	146	1.02626
63	150	1.00443
63	158	0.915922
63	166	0.953832
63	171	0.934135
63	178	0.959178
64	122	1.18399
64	126	0.881439
64	139	1.13813
64	147	0.921593
64	153	0.931658
64	154	0.938208
64	157	0.911142
64	158	1.09567
64	160	0.913251
64	162	0.920482
64	164	0.908953
64	166	0.945609
64	169	1.14871
64	170	1.00891
64	171	1.11388
64	173	0.918758
64	174	1.12688
65	31	1.10938
65	42	0.972077
65	51	1.03573
65	63	0.991605
65	88	1.02517
65	96	1.07275
65	99	0.953892
65	113	0.972116
65	117	0.966277
65	133	0.983201
65	135	0.982572
65	141	1.09108
65	142	0.949199
65	146	0.968161
65	152	1.12624
65	168	0.937591
65	170	0.981783
65	180	0.885028
66	19	0.943633
66	41	0.995568
66	42	0.90381
66	71	0.891844
66	97	0.83182
66	99	0.861343
66	105	0.899708
66	115	0.864843
66	147	1.08301
66	160	1.07466
66	161	1.07814
66	162	1.0819
66	164	1.07037
66	172	1.07341
66	175	1.06685
66	177	1.08381
66	178	1.08928
66	179	1.09858
67	23	0.957014
67	45	0.991726
67	46	1.03201
67	81	1.00936
67	82	0.906626
67	84	1.0889
67	86	1.10049
67	90	1.06391
67	157	0.943878
67	168	1.12948
67	173	0.913071
67	175	0.923905
67	176	0.894547
67	177	0.920462
67	179	0.906652
67	180	1.22711
68	9	0.89152
68	49	0.905119
68	89	0.942344
68	105	0.928336
68	122	0.915189
68	140	0.866994
68	143	1.04348
68	146	0.889592
68	149	0.852449
68	150	1.04414
68	156	1.06609
68	168	1.17133
68	171	1.08364
68	174	1.0859
68	175	1.05858
68	177	1.07553
68	178	1.08101
68	179	1.0903
69	10	1.08569
69	13	1.16209
69	48	0.937689
69	61	1.08887
69	77	0.881556
69	104	0.91116
69	115	1.06609
69	123	1.09345
69	127	1.06718
69	130	1.04204
69	144	1.06252
69	145	1.05129
69	146	0.906531
69	147	0.916232
69	158	1.08079
69	173	0.892903
69	176	0.874379
69	178	0.887061
70	26	0.875561
70	58	1.0685
70	61	1.01062
70	76	0.929868
70	79	0.980632
70	80	1.02358
70	95	1.08597
70	115	0.987838
70	123	1.0152
70	127	0.988929
70	130	0.963791
70	134	0.963272
70	144	0.984269
70	145	0.97304
70	155	1.06404
70	158	1.00254
70	161	1.0534
70	173	1.03204
71	58	0.950461
71	66	0.891844
71	99	0.975352
71	105	0.984205
71	114	0.979726
71	116	0.977546
71	117	0.987738
71	118	0.975997
71	130	1.07232
71	133	1.00466
71	135	1.00403
71	142	0.97066
71	146	0.989622
71	151	1.04824
71	173	1.05289
71	176	1.03437
71	177	1.06028
71	178	1.04705
72	13	1.16827
72	28	0.99168
72	47	0.941388
72	56	0.850789
72	62	1.09553
72	76	1.0143
72	87	1.12791
72	104	0.958133
72	115	1.07227
72	123	1.09963
72	130	1.04822
72	134	1.0477
72	144	1.0687
72	145	1.05747
72	159	0.891804
72	171	0.908991
72	179	0.933458
72	180	0.732511
73	6	1.08813
73	15	0.957733
73	19	1.05012
73	83	1.0845
73	107	1.13014
73	109	1.11757
73	117	0.958755
73	121	0.929712
73	122	1.0531
73	125	0.954214
73	129	1.0654
73	140	1.07687
73	143	1.05131
73	151	1.08285
73	172	0.919211
73	174	0.889044
73	179	0.900521
73	180	0.699573
74	2	1.07847
74	10	1.05452
74	62	1.05818
74	76	0.976951
74	108	1.00087
74	123	1.06228
74	127	1.03601
74	129	0.984437
74	130	1.01087
74	139	0.956417
74	141	0.961743
74	144	1.03135
74	145	1.02012
74	158	1.04962
74	165	1.02162
74	170	0.852444
74	171	0.932169
74	172	0.975326
74	174	0.94516
75	7	0.936183
75	29	1.15659
75	30	0.999352
75	43	1.04264
75	49	1.02508
75	78	0.978762
75	81	0.960844
75	109	1.08004
75	122	1.01558
75	129	1.02788
75	137	1.01758
75	140	1.03934
75	143	1.01378
75	151	1.04532
75	158	0.937544
75	167	0.968868
75	173	0.986643
75	177	0.994034
75	180	0.779277
76	1	0.849395
76	6	1.02686
76	34	1.00085
76	42	1.15292
76	47	1.09796
76	61	0.961097
76	63	1.05308
76	70	0.929868
76	72	1.0143
76	74	0.976951
76	87	0.993957
76	97	0.961234
76	115	0.938318
76	130	0.914271
76	131	1.09354
76	144	0.934748
76	165	0.925016
76	178	1.0906
76	179	1.09003
77	10	0.953903
77	13	0.85702
77	52	0.916121
77	59	0.993234
77	69	0.881556
77	83	0.987604
77	150	0.986912
77	153	0.98628
77	159	1.03878
77	160	1.01788
77	163	1.02618
77	167	1.01572
77	169	1.01288
77	171	1.02641
77	174	1.02867
77	175	1.00135
77	177	1.0183
77	179	1.03307
77	180	1.21173
78	11	1.04941
78	75	0.978762
78	81	0.943047
78	84	1.02259
78	86	1.03418
78	90	0.997593
78	154	0.983187
78	155	1.03251
78	157	0.956121
78	159	0.95243
78	160	0.958229
78	161	0.961701
78	162	0.96546
78	164	0.953932
78	168	1.06317
78	172	1.01277
78	174	0.982607
78	177	1.00789
78	179	0.994084
78	180	1.16079
79	13	1.08509
79	41	1.13552
79	62	1.01234
79	70	0.980632
79	87	1.04472
79	112	0.994091
79	115	0.989081
79	121	1.01006
79	127	0.990172
79	134	0.964515
79	144	0.985512
79	145	0.974283
79	154	0.974111
79	158	1.00378
79	159	0.939216
79	165	0.97578
79	173	0.987288
79	174	0.969393
79	175	0.998122
79	177	0.994679
80	56	0.910834
80	70	1.02358
80	88	0.950366
80	111	1.01864
80	126	1.06292
80	135	0.984848
80	138	0.999491
80	141	0.979829
80	155	0.986723
80	156	0.994094
80	161	1.02128
80	165	1.03846
80	167	1.00095
80	169	0.998122
80	171	1.01165
80	172	0.993148
80	175	0.986585
80	176	1.00293
80	178	1.00901
80	179	1.01831
81	3	0.945776
81	17	0.911333
81	23	0.899647
81	37	1.16787
81	45	0.93436
81	46	0.974647
81	60	1.00455
81	67	1.00936
81	75	0.960844
81	78	0.943047
81	84	1.03154
81	86	1.04313
81	90	1.00654
81	111	0.961339
81	151	0.977939
81	161	1.00395
81	164	1.01091
81	168	1.07211
81	179	0.976166
81	180	1.16974
82	8	0.98008
82	45	0.978976
82	50	1.01705
82	57	1.08741
82	67	0.906626
82	116	1.02798
82	141	0.981585
82	142	1.00521
82	150	0.973905
82	152	0.99312
82	153	0.991183
82	156	0.99585
82	163	1.01317
82	171	1.01341
82	172	0.994904
82	174	1.01567
82	175	0.988341
82	176	1.00469
82	177	1.0053
82	179	1.02007
83	7	0.892128
83	12	1.048
83	19	0.968539
83	28	1.05075
83	31	1.01594
83	39	1.04707
83	49	0.981022
83	73	1.0845
83	77	0.987604
83	102	1.01805
83	107	1.04856
83	109	1.03598
83	122	0.971522
83	129	0.983821
83	137	0.973521
83	140	0.995283
83	158	0.949853
83	167	0.981176
83	174	0.981056
83	179	0.992533
84	23	0.97919
84	45	1.0139
84	46	1.05419
84	51	0.825196
84	67	1.0889
84	78	1.02259
84	81	1.03154
84	86	1.12267
84	90	1.08608
84	100	0.963844
84	104	0.930606
84	106	0.837458
84	136	0.951823
84	166	0.901161
84	168	1.15166
84	174	0.894455
84	179	0.905931
84	180	1.24928
85	11	1.07892
85	112	0.991028
85	114	1.02719
85	124	1.03477
85	126	0.964008
85	132	0.994709
85	148	0.991232
85	151	1.02537
85	153	1.01423
85	157	0.993711
85	160	0.995819
85	161	0.999291
85	162	1.00305
85	163	1.00934
85	164	0.991522
85	165	0.989483
85	166	1.02818
85	172	1.04228
85	174	1.01212
85	180	0.822644
86	23	0.990781
86	36	0.845672
86	45	1.02549
86	46	1.06578
86	60	1.09569
86	67	1.10049
86	78	1.03418
86	81	1.04313
86	84	1.12267
86	90	1.09767
86	112	0.858148
86	145	0.928314
86	159	0.849058
86	162	0.913379
86	168	1.16325
86	172	0.909402
86	175	0.907964
86	177	0.904521
86	179	0.890711
86	180	1.26087
87	3	1.06482
87	20	1.04199
87	52	0.867937
87	72	1.12791
87	76	0.993957
87	79	1.04472
87	112	1.05694
87	121	0.971624
87	123	1.07929
87	127	1.05302
87	130	1.02788
87	134	1.02736
87	144	1.04836
87	145	1.03713
87	152	0.982699
87	162	0.9651
87	163	0.928179
87	165	1.03863
87	172	0.961122
87	173	0.948851
87	180	0.741485
88	54	1.0112
88	65	1.02517
88	80	0.950366
88	95	1.01275
88	99	1.04556
88	105	1.05441
88	111	0.937581
88	113	1.06378
88	114	1.04993
88	118	1.0462
88	133	1.07487
88	135	1.07424
88	138	1.05396
88	139	0.95219
88	142	1.04086
88	146	1.05983
88	157	0.989634
88	158	0.909729
88	169	0.962772
88	174	0.940932
88	180	0.751461
89	5	0.868314
89	20	0.954204
89	21	0.932386
89	24	0.945051
89	27	0.943098
89	33	0.908416
89	35	1.04286
89	36	1.03967
89	59	1.00546
89	68	0.942344
89	94	0.950882
89	95	0.950882
89	97	0.996501
89	149	1.05125
89	151	1.07012
89	155	1.10676
89	156	1.06189
89	158	1.02566
89	170	1.06227
89	177	1.08215
89	178	1.06892
90	17	0.965878
90	23	0.954193
90	28	0.954691
90	37	1.08818
90	45	0.988905
90	46	1.02919
90	50	0.918001
90	60	1.0591
90	67	1.06391
90	78	0.997593
90	81	1.00654
90	84	1.08608
90	86	1.09767
90	151	0.898244
90	152	0.936736
90	163	0.882217
90	165	0.941429
90	168	1.12666
90	173	0.902889
90	174	0.884994
90	180	1.22428
91	1	1.15158
91	15	0.988033
91	60	0.834
91	93	1.00233
91	116	0.963283
91	126	1.00577
91	131	0.934331
91	148	1.03299
91	149	1.08047
91	153	1.05599
91	154	1.06254
91	160	1.03758
91	161	1.04105
91	162	1.04481
91	163	0.916567
91	164	1.03328
91	166	1.06994
91	169	0.941183
91	170	1.13324
91	175	0.948073
91	180	0.729873
92	35	0.99275
92	48	1.10292
92	98	0.971526
92	120	1.06045
92	133	1.01613
92	136	0.920713
92	150	0.92725
92	152	0.946465
92	155	0.941824
92	157	1.08894
92	164	1.08646
92	165	1.09667
92	169	0.953223
92	170	0.947522
92	171	0.966751
92	173	0.955007
92	174	0.969011
92	177	0.958641
92	178	0.964115
92	179	0.973411
92	180	1.15206
93	4	1.2295
93	18	1.0456
93	53	1.06712
93	91	1.00233
93	98	0.991819
93	147	0.955447
93	149	0.98999
93	151	1.01824
93	153	0.965512
93	154	0.972063
93	157	0.944997
93	160	0.947105
93	161	0.950577
93	162	0.954336
93	164	0.942808
93	166	0.979464
93	167	1.00511
93	170	1.04276
93	172	1.03516
93	173	0.952613
93	179	1.01647
94	5	0.868314
94	20	0.954204
94	21	0.932386
94	24	0.945051
94	27	0.943098
94	33	0.908416
94	35	1.04286
94	36	1.03967
94	59	1.00546
94	89	0.950882
94	95	0.950882
94	97	0.996501
94	113	1.10935
94	124	1.05978
94	158	1.06809
94	159	1.06911
94	168	0.962382
94	170	1.06227
94	172	1.12946
94	176	1.09866
94	180	0.909818
95	5	0.868314
95	20	0.954204
95	21	0.932386
95	24	0.945051
95	27	0.943098
95	33	0.908416
95	35	1.04286
95	36	1.03967
95	59	1.00546
95	70	1.08597
95	88	1.01275
95	89	0.950882
95	94	0.950882
95	97	0.996501
95	110	1.04435
95	112	1.02333
95	155	1.09431
95	170	1.06227
95	171	1.03142
95	173	1.06231
95	178	1.05647
96	65	1.07275
96	98	0.957664
96	129	1.01012
96	132	0.999295
96	136	1.02821
96	143	1.01551
96	147	1.00875
96	148	0.995817
96	149	1.04329
96	154	1.02536
96	157	0.998296
96	158	0.939636
96	160	1.0004
96	161	1.00388
96	164	0.996107
96	165	0.994068
96	166	1.03276
96	168	0.833932
96	170	1.09606
96	173	1.00591
96	176	0.970211
96	178	0.982892
97	27	0.988717
97	59	1.05108
97	66	0.83182
97	76	0.961234
97	89	0.996501
97	94	0.996501
97	95	0.996501
97	104	1.01112
97	121	1.01564
97	123	1.04657
97	130	0.995157
97	144	1.01563
97	145	1.00441
97	151	0.988221
97	154	0.979689
97	155	1.02487
97	156	0.979994
97	158	1.03391
97	165	1.0059
97	170	1.10789
97	173	0.992866
97	178	0.987023
98	56	0.888224
98	92	0.971526
98	93	0.991819
98	96	0.957664
98	113	0.969479
98	118	1.01111
98	128	0.973594
98	131	0.99666
98	150	0.982133
98	157	1.00812
98	161	0.998674
98	162	0.993562
98	163	1.0214
98	168	1.10932
98	171	1.02163
98	172	1.00313
98	174	1.02389
98	175	0.996569
98	176	1.01292
98	177	1.01352
98	178	1.019
98	179	1.02829
99	4	1.229
99	26	0.865908
99	28	1.07419
99	48	0.983638
99	65	0.953892
99	66	0.861343
99	71	0.975352
99	88	1.04556
99	103	1.02469
99	114	0.978655
99	115	1.03989
99	116	0.976475
99	117	0.986667
99	126	1.08539
99	128	0.993186
99	133	1.00359
99	135	1.00296
99	137	0.959202
99	138	0.982682
99	142	0.969589
99	146	0.988551
99	163	1.00172
99	178	1.01655
100	38	0.97476
100	56	0.970789
100	84	0.963844
100	110	0.978663
100	123	1.01305
100	133	1.01788
100	139	0.961238
100	141	0.941826
100	142	1.06315
100	145	1.09106
100	152	0.953361
100	154	1.0467
100	166	1.04869
100	167	0.96295
100	168	1.06133
100	169	0.960118
100	171	0.973647
100	172	0.955145
100	174	0.975906
100	177	0.965537
100	178	0.97101
100	179	0.980307
100	180	1.15896
101	16	1.06465
101	17	1.01551
101	28	0.954256
101	108	1.07698
101	136	1.07864
101	139	1.03253
101	147	0.979863
101	148	0.966933
101	149	1.01441
101	153	0.989927
101	154	0.996478
101	155	1.07117
101	157	0.969412
101	160	0.97152
101	161	0.974992
101	162	0.978752
101	164	0.967223
101	165	0.965184
101	166	1.00388
101	170	1.06718
101	171	1.00828
101	179	1.03275
101	180	0.831804
102	8	1.0517
102	25	1.00499
102	29	1.12767
102	39	1.0622
102	43	1.01371
102	50	1.00579
102	83	1.01805
102	107	1.06369
102	109	1.05112
102	122	0.986654
102	125	1.02112
102	129	0.998953
102	137	0.988653
102	140	1.01042
102	141	0.972531
102	150	1.01326
102	151	1.0164
102	155	1.00585
102	163	0.953171
102	166	0.962654
102	169	0.977787
102	173	0.973843
102	178	0.968
102	180	0.766477
103	18	1.03339
103	99	1.02469
103	124	1.02305
103	126	0.952292
103	131	1.00778
103	132	0.982994
103	147	0.992446
103	149	1.02699
103	152	1.04453
103	153	1.00251
103	154	1.00906
103	155	1.04269
103	157	0.981996
103	160	0.984104
103	161	0.987576
103	162	0.991335
103	164	0.979807
103	166	1.01646
103	167	0.992909
103	168	0.855882
103	169	1.01463
103	170	1.07976
103	173	0.989612
103	174	0.99279
103	178	1.00484
104	5	1.21174
104	35	0.961257
104	39	0.939069
104	69	0.91116
104	72	0.958133
104	84	0.930606
104	97	1.01112
104	109	0.965889
104	126	0.960569
104	137	1.07916
104	138	1.02621
104	153	1.01079
104	157	0.990273
104	160	0.992381
104	161	0.995853
104	164	0.988084
104	166	1.02474
104	167	0.998935
104	171	1.00963
104	172	0.99113
104	174	1.01189
104	176	1.00091
104	177	1.00152
104	178	1.007
104	179	1.01629
105	30	1.07346
105	38	1.05425
105	41	0.926113
105	55	0.967018
105	56	1.06293
105	66	0.899708
105	68	0.928336
105	71	0.984205
105	88	1.05441
105	113	1.00136
105	114	0.987508
105	117	0.99552
105	118	0.983779
105	128	1.00204
105	133	1.01244
105	137	0.968055
105	138	0.991535
105	142	0.978442
105	146	0.997404
105	156	1.04788
105	160	1.0816
105	163	1.04008
105	173	1.06075
105	179	1.05434
105	180	0.853388
106	10	0.89036
106	12	1.00692
106	24	1.01229
106	27	1.00622
106	42	0.989965
106	84	0.837458
106	113	0.925658
106	128	0.929773
106	135	0.918418
106	150	1.01361
106	155	1.02818
106	156	1.03555
106	158	1.05753
106	159	1.06548
106	160	0.954333
106	161	0.954853
106	163	1.05287
106	165	0.972032
106	167	1.04241
106	169	1.03958
106	172	1.03461
106	174	1.05537
106	175	1.02804
106	176	1.04439
106	177	1.045
106	178	1.05047
107	6	1.05219
107	7	0.937766
107	9	1.01177
107	19	1.01418
107	39	1.09271
107	43	1.04422
107	49	1.02666
107	50	1.03629
107	73	1.13014
107	83	1.04856
107	102	1.06369
107	111	0.974965
107	112	0.957229
107	122	1.01716
107	129	1.02946
107	137	1.01916
107	140	1.04092
107	141	0.9949
107	151	1.04691
107	162	1.01246
107	163	0.975539
107	168	0.841409
107	170	0.885601
107	176	0.977687
107	178	0.990369
107	180	0.788845
108	14	1.06788
108	74	1.00087
108	101	1.07698
108	120	1.04851
108	123	0.999365
108	144	1.04953
108	147	1.06952
108	148	1.05635
108	150	0.932738
108	155	0.947312
108	156	0.954683
108	158	0.976657
108	159	0.984606
108	163	0.972003
108	165	1.08473
108	167	0.961542
108	169	0.958711
108	170	0.935583
108	171	0.972239
108	172	0.953737
108	174	0.974499
108	175	0.947174
108	176	0.963521
108	177	0.964129
108	179	0.978899
108	180	1.15755
109	6	1.03962
109	7	0.925192
109	12	0.996677
109	29	1.1456
109	39	1.08013
109	49	1.01409
109	50	1.02372
109	55	0.853897
109	73	1.11757
109	75	1.08004
109	83	1.03598
109	102	1.05112
109	104	0.965889
109	121	0.970406
109	122	1.00459
109	129	1.01689
109	140	1.02835
109	143	1.00279
109	151	1.03433
109	155	0.979636
109	159	0.899561
109	164	0.975964
109	167	0.929858
109	169	0.951578
109	173	0.947633
109	179	0.941215
110	16	0.989497
110	23	1.01643
110	34	0.949419
110	38	0.905307
110	39	0.902854
110	55	1.06832
110	95	1.04435
110	100	0.978663
110	118	1.02422
110	124	0.933024
110	130	1.00986
110	152	1.00159
110	154	0.977247
110	155	0.996949
110	156	1.00432
110	157	1.02123
110	159	1.03424
110	162	1.00667
110	163	1.02164
110	167	1.01118
110	169	1.00835
110	172	1.00337
110	174	1.02414
110	175	0.996811
110	176	1.01316
110	178	1.01924
110	179	1.02854
111	2	0.94969
111	80	1.01864
111	81	0.961339
111	88	0.937581
111	107	0.974965
111	120	0.989451
111	124	0.929737
111	129	1.00852
111	134	1.01356
111	139	1.01144
111	141	0.992025
111	143	0.983686
111	144	0.990471
111	155	0.998919
111	159	1.03621
111	160	1.00798
111	165	1.02568
111	169	1.01032
111	171	1.02385
111	172	1.00534
111	173	1.0121
111	174	1.02611
111	175	0.998781
111	176	1.01513
111	177	1.01574
111	178	1.02121
111	179	1.03051
112	20	1.06254
112	25	1.00014
112	79	0.994091
112	85	0.991028
112	86	0.858148
112	87	1.05694
112	95	1.02333
112	107	0.957229
112	115	1.0013
112	124	0.912001
112	126	1.0324
112	127	1.00239
112	136	0.965545
112	142	0.972672
112	144	0.997728
112	145	0.986499
112	147	0.992729
112	155	0.986656
112	158	1.016
112	161	0.990762
112	165	0.987996
112	169	0.998055
112	171	1.01158
112	175	0.986518
112	176	1.00286
112	178	1.00895
112	180	1.1969
113	44	0.99782
113	51	1.07435
113	54	0.958152
113	56	1.07231
113	63	1.03022
113	65	0.972116
113	88	1.06378
113	94	1.10935
113	98	0.969479
113	105	1.00136
113	106	0.925658
113	114	0.99688
113	116	0.9947
113	117	1.00489
113	118	0.993151
113	124	0.943149
113	128	1.01141
113	135	1.02119
113	136	1.04002
113	138	1.00091
113	146	1.00678
113	161	1.02191
113	163	0.979878
113	164	1.02888
113	175	1.01138
113	176	0.982026
113	180	0.793184
114	22	1.04336
114	31	1.02255
114	38	1.04977
114	41	0.921633
114	44	0.983969
114	48	0.988012
114	54	0.944301
114	71	0.979726
114	85	1.02719
114	88	1.04993
114	99	0.978655
114	105	0.987508
114	113	0.99688
114	116	0.980849
114	118	0.979299
114	128	0.99756
114	131	1.00266
114	133	1.00796
114	136	1.04504
114	138	0.987055
114	142	0.973962
114	146	0.992924
114	163	0.984892
114	164	1.03389
114	165	1.0441
114	171	0.974678
114	175	1.0164
114	177	1.01296
115	1	0.907365
115	4	0.892786
115	10	1.01589
115	62	1.01955
115	66	0.864843
115	69	1.06609
115	70	0.987838
115	72	1.07227
115	76	0.938318
115	79	0.989081
115	99	1.03989
115	112	1.0013
115	117	1.0777
115	119	1.04775
115	127	0.997378
115	130	0.972241
115	131	1.02298
115	134	0.971721
115	136	1.06536
115	139	1.01925
115	140	1.01692
115	144	0.992718
115	145	0.981489
115	158	1.01099
115	159	0.977816
115	164	1.05422
115	165	0.982986
115	178	1.02005
116	42	0.99466
116	48	0.985832
116	51	1.05832
116	54	0.942121
116	63	1.01419
116	71	0.977546
116	82	1.02798
116	91	0.963283
116	99	0.976475
116	113	0.9947
116	114	0.980849
116	117	0.988861
116	118	0.97712
116	119	1.05628
116	121	1.0572
116	128	0.99538
116	134	1.06085
116	135	1.00516
116	137	0.961396
116	138	0.984875
116	142	0.971783
116	146	0.990744
116	156	1.02156
116	162	1.05068
116	167	1.01665
116	168	0.879624
116	172	1.0467
116	179	1.02801
117	41	0.929646
117	42	1.00485
117	58	0.961776
117	65	0.966277
117	71	0.987738
117	73	0.958755
117	99	0.986667
117	105	0.99552
117	113	1.00489
117	115	1.0777
117	116	0.988861
117	118	0.987311
117	128	1.00557
117	133	1.01598
117	135	1.01535
117	137	0.971588
117	138	0.995067
117	141	1.05889
117	142	0.981974
117	146	1.00094
117	150	1.09961
117	168	0.905396
117	169	1.06414
117	173	1.0602
117	174	1.0423
117	176	1.04167
117	179	1.05378
117	180	0.852832
118	10	0.999045
118	19	1.13847
118	41	0.917904
118	44	0.98024
118	56	1.05472
118	71	0.975997
118	88	1.0462
118	98	1.01111
118	105	0.983779
118	110	1.02422
118	113	0.993151
118	114	0.979299
118	116	0.97712
118	117	0.987311
118	128	0.993831
118	133	1.00424
118	135	1.00361
118	137	0.959846
118	138	0.983326
118	142	0.970233
118	146	0.989195
118	158	0.993079
118	166	1.03099
118	169	1.04612
118	173	1.04218
118	175	1.05301
118	179	1.03576
118	180	0.834811
119	5	1.21534
119	10	0.987109
119	27	1.10297
119	44	1.02886
119	63	0.986878
119	115	1.04775
119	116	1.05628
119	120	0.946401
119	122	1.06946
119	129	1.05162
119	135	1.01517
119	144	1.03357
119	148	0.935463
119	154	0.965008
119	159	0.969669
119	160	0.940051
119	162	0.947282
119	164	0.935753
119	166	0.972409
119	167	0.946605
119	169	0.943774
119	170	1.03571
119	171	0.957302
119	173	0.945558
119	176	0.948584
119	177	0.949192
119	178	0.954666
119	179	0.963962
119	180	1.14261
120	30	1.02341
120	92	1.06045
120	108	1.04851
120	111	0.989451
120	119	0.946401
120	122	1.04992
120	124	1.02766
120	125	0.974949
120	127	1.00208
120	132	0.987598
120	139	1.00406
120	141	1.00939
120	147	0.99705
120	148	0.98412
120	149	1.03159
120	153	1.00711
120	154	1.01367
120	156	0.997826
120	157	0.986599
120	158	0.961599
120	160	0.988707
120	161	0.99218
120	162	0.995939
120	164	0.98441
120	165	0.982371
120	166	1.02107
120	168	0.855895
120	170	1.08436
120	173	0.994215
120	178	1.00485
121	37	0.923064
121	73	0.929712
121	79	1.01006
121	87	0.971624
121	97	1.01564
121	109	0.970406
121	116	1.0572
121	123	0.984327
121	135	1.01608
121	140	1.02219
121	148	1.04131
121	152	0.975057
121	155	0.970416
121	156	0.977786
121	158	0.99976
121	159	1.00771
121	160	1.052
121	163	0.995106
121	168	1.08303
121	169	0.981814
121	170	0.920546
121	171	0.995343
121	172	0.97684
121	173	0.983599
121	174	0.997602
121	175	0.970278
121	177	0.987232
121	178	0.992706
121	179	1.002
121	180	1.18066
122	7	0.860731
122	8	1.00517
122	19	0.937141
122	25	0.958464
122	29	1.08114
122	39	1.01567
122	43	0.967184
122	50	0.959258
122	64	1.18399
122	68	0.915189
122	73	1.0531
122	75	1.01558
122	83	0.971522
122	102	0.986654
122	107	1.01716
122	109	1.00459
122	119	1.06946
122	120	1.04992
122	129	0.952424
122	137	0.942123
122	140	0.963885
122	143	0.938331
122	151	0.969872
122	162	1.06386
122	168	0.892804
122	171	1.01672
122	173	1.04761
122	175	1.05844
122	176	1.02908
122	178	1.04176
122	179	1.04119
123	1	0.934728
123	2	1.0672
123	4	0.920149
123	24	1.04036
123	34	1.08618
123	61	1.04643
123	62	1.04691
123	69	1.09345
123	70	1.0152
123	72	1.09963
123	74	1.06228
123	87	1.07929
123	97	1.04657
123	100	1.01305
123	108	0.999365
123	121	0.984327
123	127	1.02474
123	130	0.999604
123	132	1.00776
123	143	0.988333
123	144	1.02008
123	145	1.00885
123	152	0.995402
123	158	1.03835
123	163	0.940882
123	165	1.01035
123	166	0.950366
123	168	0.806752
123	175	0.972389
123	178	0.955712
123	180	0.754188
124	85	1.03477
124	94	1.05978
124	103	1.02305
124	110	0.933024
124	111	0.929737
124	112	0.912001
124	113	0.943149
124	120	1.02766
124	126	0.989496
124	132	1.0202
124	143	0.977761
124	147	1.02965
124	148	1.01672
124	149	1.06419
124	150	0.990397
124	152	0.984831
124	153	1.03971
124	154	1.04627
124	157	1.0192
124	160	1.02131
124	161	1.02478
124	162	1.02854
124	163	0.930311
124	164	1.01701
124	166	1.05367
124	169	0.954927
124	170	1.11696
124	171	0.920097
124	173	1.02682
124	174	0.933088
124	178	0.94514
125	8	1.0338
125	29	0.893585
125	39	0.968088
125	43	1.06501
125	50	1.07077
125	54	1.12379
125	73	0.954214
125	102	1.02112
125	120	0.974949
125	135	1.04058
125	137	1.10818
125	140	1.04669
125	146	1.06929
125	147	0.97694
125	149	1.01148
125	152	0.965564
125	155	0.960922
125	157	0.96649
125	159	0.998217
125	160	0.968598
125	161	0.97207
125	162	0.975829
125	163	0.985613
125	164	0.964301
125	166	1.00096
125	167	0.975152
125	169	0.972321
125	176	0.977131
125	177	0.977739
125	178	0.983213
125	179	0.992509
126	9	0.996068
126	24	1.15019
126	49	1.10054
126	64	0.881439
126	80	1.06292
126	85	0.964008
126	91	1.00577
126	99	1.08539
126	103	0.952292
126	104	0.960569
126	112	1.0324
126	124	0.989496
126	130	1.09082
126	132	0.949435
126	134	0.932944
126	148	0.945958
126	149	0.99343
126	153	0.968952
126	154	0.975503
126	156	1.05851
126	157	0.948437
126	158	1.02229
126	159	1.02331
126	160	0.950545
126	161	0.954017
126	162	0.957776
126	164	0.946248
126	165	0.944209
126	166	0.982904
126	167	1.05361
126	169	1.07533
126	174	1.05349
127	1	0.908456
127	2	1.04092
127	3	1.01027
127	13	1.09338
127	18	1.02247
127	34	1.05991
127	62	1.02064
127	69	1.06718
127	70	0.988929
127	74	1.03601
127	79	0.990172
127	87	1.05302
127	112	1.00239
127	115	0.997378
127	120	1.00208
127	123	1.02474
127	130	0.973332
127	134	0.972812
127	137	1.05229
127	138	0.999335
127	140	0.990795
127	143	1.02654
127	144	0.993809
127	145	0.98258
127	152	1.03361
127	155	1.03177
127	165	0.984077
127	168	0.844962
127	172	1.01204
127	177	1.00716
127	178	0.993923
127	180	0.792399
128	12	1.05371
128	32	1.10917
128	38	1.0643
128	40	0.901077
128	42	1.01137
128	44	0.9985
128	51	1.07503
128	54	0.958832
128	56	1.07299
128	98	0.973594
128	99	0.993186
128	105	1.00204
128	106	0.929773
128	113	1.01141
128	114	0.99756
128	116	0.99538
128	117	1.00557
128	118	0.993831
128	133	1.0225
128	134	1.03108
128	135	1.02187
128	137	0.978107
128	138	1.00159
128	142	0.988493
128	146	1.00746
128	151	1.00002
128	155	1.03667
128	156	0.991792
128	163	0.983992
128	174	0.986769
128	175	1.0155
128	180	0.797298
129	6	0.987453
129	7	0.87303
129	8	1.01747
129	19	0.94944
129	29	1.09344
129	39	1.02797
129	43	0.979483
129	45	1.0068
129	49	0.961924
129	50	0.971557
129	73	1.0654
129	74	0.984437
129	75	1.02788
129	83	0.983821
129	96	1.01012
129	102	0.998953
129	107	1.02946
129	109	1.01689
129	111	1.00852
129	119	1.05162
129	122	0.952424
129	131	1.02686
129	132	1.07597
129	136	1.06924
129	137	0.954423
129	140	0.976185
129	143	0.95063
129	151	0.982171
129	158	0.980667
129	161	1.05113
129	168	0.874963
129	173	1.02977
129	177	1.03716
130	2	1.01579
130	10	0.991839
130	15	1.07861
130	17	1.00416
130	34	1.03477
130	61	0.99502
130	62	0.995501
130	69	1.04204
130	70	0.963791
130	71	1.07232
130	72	1.04822
130	74	1.01087
130	76	0.914271
130	87	1.02788
130	97	0.995157
130	110	1.00986
130	115	0.972241
130	123	0.999604
130	126	1.09082
130	127	0.973332
130	134	0.947674
130	143	1.0546
130	144	0.968672
130	145	0.957443
130	158	0.986944
130	159	0.979746
130	161	1.04918
130	165	0.958939
130	167	1.01004
130	174	1.00992
130	176	1.00929
130	178	1.02198
130	180	0.820452
131	37	0.919606
131	51	0.918321
131	76	1.09354
131	91	0.934331
131	98	0.99666
131	103	1.00778
131	114	1.00266
131	115	1.02298
131	129	1.02686
131	137	1.058
131	144	1.00881
131	145	1.03666
131	146	1.0191
131	150	0.952384
131	155	0.966958
131	156	0.974329
131	157	1.03628
131	158	0.996303
131	159	1.00425
131	160	1.02632
131	163	0.991649
131	167	0.981188
131	169	0.978357
131	171	0.991885
131	172	0.973383
131	173	0.980142
131	174	0.994145
131	175	0.96682
131	176	0.983167
131	177	0.983775
131	178	0.989249
131	179	0.998545
131	180	1.1772
132	8	1.03273
132	47	0.983732
132	53	1.09882
132	60	0.951354
132	85	0.994709
132	96	0.999295
132	103	0.982994
132	120	0.987598
132	123	1.00776
132	124	1.0202
132	126	0.949435
132	129	1.07597
132	139	1.04796
132	141	1.05328
132	147	0.989589
132	148	0.976659
132	149	1.02413
132	153	0.999654
132	154	1.0062
132	156	1.04172
132	157	0.979138
132	160	0.981247
132	161	0.984719
132	162	0.988478
132	164	0.976949
132	165	0.974911
132	166	1.01361
132	168	0.89979
132	169	1.05854
132	173	0.986754
132	176	1.03607
132	177	1.06198
132	180	0.847226
133	11	1.01529
133	38	1.07471
133	41	0.946569
133	44	1.0089
133	51	1.08543
133	54	0.969237
133	56	1.08339
133	60	0.863145
133	63	1.0413
133	65	0.983201
133	71	1.00466
133	88	1.07487
133	92	1.01613
133	99	1.00359
133	100	1.01788
133	105	1.01244
133	114	1.00796
133	117	1.01598
133	118	1.00424
133	128	1.0225
133	135	1.03227
133	138	1.01199
133	142	0.998898
133	143	0.993162
133	146	1.01786
133	147	0.989712
133	151	0.961739
133	156	0.953512
133	161	0.987745
133	171	0.935498
133	172	0.978655
133	174	0.948489
133	175	0.977218
133	177	0.973775
134	1	0.882799
134	30	1.04751
134	32	1.13931
134	53	1.07903
134	70	0.963272
134	72	1.0477
134	79	0.964515
134	87	1.02736
134	111	1.01356
134	115	0.971721
134	116	1.06085
134	126	0.932944
134	127	0.972812
134	128	1.03108
134	130	0.947674
134	139	1.02817
134	144	0.968152
134	145	0.956923
134	149	1.00764
134	150	1.07422
134	153	0.983163
134	154	0.989713
134	155	1.06681
134	156	1.02193
134	157	0.962647
134	160	0.964755
134	161	0.968228
134	162	0.971987
134	164	0.960458
134	165	0.958419
