1	7	0.737901
1	23	0.800513
1	26	0.810088
1	27	0.78788
1	28	0.778775
1	31	0.886321
1	33	0.77941
1	59	0.814737
1	107	0.804375
1	143	1.54491
1	148	1.61017
1	172	1.65014
2	3	0.937564
2	23	0.898607
2	26	0.908182
2	27	0.885974
2	28	0.876869
2	33	0.877504
2	59	0.912831
2	107	0.902469
2	162	1.26418
2	168	1.28313
2	170	1.18612
2	175	1.07357
3	2	0.937564
3	7	0.834601
3	8	1.2039
3	23	0.897213
3	27	0.88458
3	28	0.875475
3	31	0.983021
3	33	0.87611
3	59	0.911437
3	161	1.32084
3	176	0.997944
3	177	1.28434
4	83	0.803662
4	124	0.794991
4	130	1.55363
4	132	0.827493
4	139	0.800751
4	144	0.7786
4	146	0.791536
4	156	0.784854
4	157	0.812896
4	162	1.72106
4	170	0.805217
4	175	1.53045
5	39	0.785931
5	52	0.820588
5	61	0.787463
5	65	0.768427
5	66	0.768427
5	67	0.768427
5	71	0.842008
5	74	0.818427
5	95	1.47128
5	131	1.63027
5	153	1.70381
5	159	0.840301
6	99	0.831837
6	109	0.808108
6	113	0.789167
6	122	0.811206
6	163	0.818734
6	166	0.832462
6	170	1.40686
6	173	0.852205
6	174	1.5346
6	175	0.856281
6	177	1.4638
7	1	0.737901
7	3	0.834601
7	26	0.805219
7	27	0.78301
7	28	0.773905
7	31	0.881452
7	33	0.77454
7	59	0.809867
7	107	0.799506
7	112	1.71589
7	143	1.5096
7	170	1.57989
8	3	1.2039
8	22	1.27721
8	100	1.20707
8	159	1.10633
8	165	0.884154
8	169	0.890781
8	171	0.880855
8	173	0.931057
8	175	0.935133
8	177	0.894414
8	179	0.884683
8	180	0.898923
9	56	1.77346
9	85	0.731544
9	96	0.817874
9	109	0.791311
9	113	0.772369
9	122	0.794409
9	163	0.801937
9	164	1.55108
9	166	0.815665
9	167	1.48074
9	173	0.835408
9	175	0.839484
10	61	0.931251
10	65	0.912216
10	66	0.912216
10	67	0.912216
10	71	0.985797
10	74	0.962216
10	159	0.98409
10	169	1.10793
10	174	1.12658
10	179	1.09707
10	180	1.07541
11	14	0.705362
11	21	0.80395
11	45	0.742431
11	46	0.737485
11	47	0.832711
11	49	0.857806
11	55	0.797485
11	68	0.830111
11	151	1.58751
11	170	1.57062
11	176	0.892658
11	180	1.64719
12	44	1.28974
12	75	1.74094
12	102	1.11915
12	135	0.848309
12	139	0.866123
12	146	0.856908
12	152	0.881994
12	156	0.850225
12	157	0.878268
12	158	0.861625
12	166	0.885959
12	167	1.05715
12	170	0.870589
13	42	0.825901
13	57	0.801587
13	108	0.857663
13	110	0.85613
13	114	1.37133
13	115	1.35928
13	117	0.93005
13	125	0.86439
13	127	0.899335
13	128	0.897723
13	140	1.21759
13	162	0.867222
13	180	1.25904
14	11	0.705362
14	21	0.798456
14	35	0.747267
14	45	0.736937
14	46	0.731991
14	47	0.827218
14	55	0.791991
14	64	1.8736
14	68	0.824617
14	91	0.748996
14	172	1.72359
14	173	1.60807
14	176	0.887164
15	109	0.852931
15	113	0.83399
15	116	1.23746
15	122	0.856029
15	150	0.869091
15	154	0.848985
15	155	1.50463
15	163	0.863557
15	166	0.877285
15	170	1.34726
15	173	0.897028
15	175	0.901104
15	176	1.11781
16	132	0.886559
16	134	1.24755
16	136	0.836831
16	145	0.887064
16	146	0.850602
16	147	0.835668
16	152	0.875688
16	157	0.871962
16	158	0.855319
16	159	0.900307
16	172	1.36168
16	175	1.21418
16	177	1.38367
17	54	0.80575
17	69	0.838816
17	92	0.857381
17	93	0.855589
17	94	0.922134
17	97	0.840392
17	98	0.898446
17	101	0.901099
17	106	0.880392
17	130	1.26329
17	151	1.36954
17	176	1.1232
17	179	1.45088
18	21	0.874041
18	35	0.822853
18	45	0.812523
18	46	0.807577
18	49	0.927898
18	55	0.867577
18	68	0.900202
18	91	0.824581
18	115	1.3759
18	123	1.28299
18	160	1.2387
18	176	0.962749
18	178	1.30956
19	32	0.845931
19	52	0.888088
19	61	0.854963
19	65	0.835927
19	66	0.835927
19	67	0.835927
19	71	0.909508
19	74	0.885927
19	104	1.26665
19	123	1.31785
19	159	0.907801
19	162	1.31201
19	180	1.31052
20	107	1.6501
20	147	1.84297
20	152	1.70158
20	167	0.78992
20	168	0.774906
20	169	0.772288
20	172	0.778073
20	174	0.772808
20	175	0.81664
20	177	0.775921
20	178	0.772825
20	179	0.76619
20	180	0.78043
21	11	0.80395
21	14	0.798456
21	18	0.874041
21	35	0.845855
21	46	0.830579
21	55	0.890579
21	68	0.923205
21	91	0.847584
21	116	1.26104
21	130	1.28148
21	167	1.40619
21	175	1.2583
21	176	0.985752
22	8	1.27721
22	57	0.797666
22	58	1.33081
22	87	0.857274
22	108	0.853742
22	110	0.852208
22	117	0.926128
22	125	0.860468
22	127	0.895413
22	128	0.893801
22	162	0.8633
22	173	1.22014
22	180	1.37728
23	1	0.800513
23	2	0.898607
23	3	0.897213
23	26	0.867831
23	27	0.845623
23	28	0.836517
23	31	0.944064
23	33	0.837152
23	59	0.87248
23	143	1.21356
23	165	1.34933
23	170	1.28384
23	180	1.36041
24	124	0.854049
24	136	0.836822
24	145	0.887056
24	146	0.850594
24	157	0.871953
24	158	0.85531
24	159	0.900298
24	166	0.879644
24	170	0.864274
24	171	1.38897
24	172	1.28602
24	173	1.1705
24	178	1.36154
25	50	0.803436
25	69	0.83627
25	79	1.21933
25	93	0.853043
25	94	0.919588
25	97	0.837846
25	98	0.8959
25	101	0.898553
25	106	0.877846
25	150	0.877517
25	168	1.30534
25	171	1.34622
25	174	1.33607
26	1	0.810088
26	2	0.908182
26	7	0.805219
26	23	0.867831
26	27	0.855198
26	28	0.846093
26	31	0.95364
26	59	0.882055
26	107	0.871694
26	118	1.20575
26	149	1.39032
26	161	1.32384
26	163	1.28695
27	1	0.78788
27	2	0.885974
27	3	0.88458
27	7	0.78301
27	23	0.845623
27	26	0.855198
27	28	0.823884
27	33	0.824519
27	59	0.859846
27	107	0.849485
27	131	1.38543
27	168	1.48711
27	172	1.42505
27	173	1.30953
28	1	0.778775
28	2	0.876869
28	3	0.875475
28	7	0.773905
28	23	0.836517
28	26	0.846093
28	27	0.823884
28	31	0.922326
28	33	0.815414
28	59	0.850741
28	142	1.59266
28	143	1.30699
28	165	1.44277
28	175	1.26472
29	33	1.51357
29	67	1.49491
29	68	1.29332
29	117	0.885333
29	125	0.819673
29	127	0.854618
29	128	0.853007
29	132	1.2909
29	162	0.822506
29	167	0.8442
29	168	0.829185
29	169	0.826567
29	177	0.830201
29	180	0.834709
30	85	0.86224
30	96	0.948571
30	99	0.945736
30	113	0.903066
30	122	0.925105
30	142	1.21199
30	163	0.932633
30	166	0.946362
30	168	1.09362
30	169	1.10569
30	173	0.966105
30	174	1.12435
30	175	0.970181
30	180	1.07317
31	1	0.886321
31	3	0.983021
31	7	0.881452
31	23	0.944064
31	26	0.95364
31	28	0.922326
31	33	0.922961
31	59	0.958288
31	107	0.947927
31	137	1.10437
31	143	1.01455
31	155	1.2422
31	162	1.16289
31	170	1.08483
32	19	0.845931
32	39	0.825272
32	52	0.859929
32	61	0.826804
32	65	0.807768
32	66	0.807768
32	67	0.807768
32	71	0.881349
32	74	0.857768
32	80	1.58906
32	159	0.879642
32	170	1.28757
32	177	1.34452
32	179	1.38581
33	1	0.77941
33	2	0.877504
33	3	0.87611
33	7	0.77454
33	23	0.837152
33	27	0.824519
33	28	0.815414
33	29	1.51357
33	31	0.922961
33	59	0.851376
33	107	0.841015
33	160	1.43044
33	169	1.49991
33	176	1.16138
34	65	0.809393
34	66	0.809393
34	67	0.809393
34	74	0.859393
34	77	0.862472
34	92	0.829737
34	97	0.812748
34	101	0.873455
34	106	0.852748
34	112	1.45635
34	140	1.35546
34	159	0.881267
34	162	1.39841
34	180	1.39692
35	14	0.747267
35	18	0.822853
35	21	0.845855
35	45	0.784336
35	46	0.77939
35	47	0.874617
35	49	0.899712
35	55	0.83939
35	68	0.872016
35	116	1.30585
35	134	1.33648
35	176	0.934563
35	177	1.4726
35	180	1.49222
36	96	0.850788
36	99	0.847953
36	109	0.824225
36	113	0.805283
36	122	0.827323
36	141	1.38717
36	149	1.50755
36	151	1.36452
36	154	0.820279
36	163	0.834851
36	166	0.848579
36	170	1.34763
36	173	0.868322
36	175	0.872398
37	90	0.877223
37	100	0.854701
37	114	1.49393
37	126	0.81573
37	131	1.30041
37	133	0.859457
37	138	0.845239
37	144	0.811935
37	147	0.809937
37	152	0.849958
37	157	0.846231
37	158	0.829589
37	161	1.39852
37	169	1.41416
38	85	0.773091
38	99	0.856586
38	109	0.832858
38	113	0.813916
38	118	1.40849
38	122	0.835956
38	137	1.45267
38	154	0.828912
38	163	0.843484
38	166	0.857212
38	169	1.54222
38	173	0.876955
38	175	0.881031
38	176	1.20368
39	5	0.785931
39	32	0.825272
39	52	0.867429
39	61	0.834304
39	65	0.815268
39	66	0.815268
39	67	0.815268
39	71	0.888849
39	74	0.865268
39	148	1.37042
39	155	1.53282
39	159	0.887142
39	165	1.44094
39	175	1.2629
40	73	1.60616
40	103	0.851668
40	108	0.812434
40	122	0.825331
40	127	0.854105
40	153	1.41967
40	154	0.818287
40	162	0.821993
40	163	0.832859
40	166	0.846587
40	169	1.4599
40	173	0.86633
40	175	0.870406
40	176	1.12136
41	85	0.750195
41	95	1.31373
41	96	0.836526
41	109	0.809962
41	113	0.791021
41	122	0.81306
41	150	0.826122
41	153	1.54626
41	154	0.806016
41	155	1.63476
41	163	0.820588
41	166	0.834316
41	172	1.51234
41	173	0.854059
41	175	0.858135
42	13	0.825901
42	51	0.824081
42	82	0.809683
42	87	0.803668
42	103	0.83937
42	108	0.800136
42	110	0.798602
42	125	0.806862
42	127	0.841807
42	128	0.840195
42	134	1.48192
42	140	1.59622
42	162	0.809695
42	173	1.48053
42	175	1.44855
43	68	1.16724
43	72	1.13588
43	84	1.17802
43	135	1.33997
43	145	1.16984
43	148	0.885146
43	161	0.902049
43	164	0.892658
43	167	0.916292
43	170	0.903822
43	174	0.89918
43	177	0.902293
43	178	0.899196
43	179	0.892561
43	180	0.906801
44	12	1.28974
44	45	1.71822
44	98	1.41861
44	112	0.796779
44	125	1.56851
44	143	0.837437
44	164	0.810951
44	167	0.834585
44	168	0.819571
44	171	0.807027
44	172	0.822738
44	174	0.817473
44	178	0.81749
44	179	0.810855
44	180	0.825095
45	11	0.742431
45	14	0.736937
45	18	0.812523
45	35	0.784336
45	44	1.71822
45	46	0.76906
45	47	0.864287
45	49	0.889382
45	55	0.82906
45	68	0.861686
45	70	1.57974
45	91	0.786065
45	173	1.36971
45	175	1.33774
45	176	0.924233
46	11	0.737485
46	14	0.731991
46	18	0.807577
46	21	0.830579
46	35	0.77939
46	45	0.76906
46	47	0.859341
46	49	0.884436
46	55	0.824114
46	62	1.39587
46	68	0.85674
46	155	1.5878
46	164	1.53612
46	176	0.919287
46	177	1.48737
47	11	0.832711
47	14	0.827218
47	35	0.874617
47	45	0.864287
47	46	0.859341
47	49	0.979662
47	55	0.919341
47	68	0.951966
47	91	0.876345
47	129	1.43903
47	161	1.13183
47	171	1.17628
47	174	1.16613
47	176	1.01451
47	177	1.09533
48	78	0.907888
48	87	0.88285
48	108	0.879318
48	110	0.877784
48	117	0.951704
48	125	0.886044
48	127	0.920989
48	128	0.919377
48	154	0.88517
48	162	0.888876
48	167	1.25695
48	168	1.31862
48	175	1.10906
48	176	0.992155
48	178	1.33207
49	11	0.857806
49	18	0.927898
49	35	0.899712
49	45	0.889382
49	46	0.884436
49	47	0.979662
49	55	0.944436
49	68	0.977061
49	151	1.08436
49	163	1.12402
49	167	1.10281
49	172	1.10242
49	174	1.19521
49	176	1.03961
50	25	0.803436
50	54	0.735422
50	69	0.768488
50	77	0.819787
50	92	0.787053
50	93	0.78526
50	94	0.851806
50	97	0.770064
50	98	0.828117
50	101	0.830771
50	106	0.810064
50	148	1.54978
50	150	0.809735
50	151	1.5717
50	165	1.6203
50	178	1.66527
51	42	0.824081
51	87	0.859375
51	103	0.895077
51	108	0.855843
51	110	0.85431
51	111	1.25595
51	117	0.928229
51	125	0.862569
51	127	0.897514
51	128	0.895903
51	154	0.861696
51	160	1.23847
51	162	0.865402
51	169	1.30795
51	178	1.30932
51	179	1.29709
52	5	0.820588
52	19	0.888088
52	32	0.859929
52	39	0.867429
52	61	0.868961
52	65	0.849925
52	66	0.849925
52	67	0.849925
52	71	0.923506
52	74	0.899925
52	75	1.82185
52	159	0.921799
52	164	1.20841
52	167	1.13806
52	170	1.10272
52	172	1.13767
53	81	0.891264
53	82	1.31119
53	97	1.13591
53	121	0.859154
53	124	0.866726
53	130	1.18049
53	133	0.897856
53	136	0.849499
53	144	0.850334
53	146	0.863271
53	149	1.42977
53	152	0.888357
53	156	0.856588
53	157	0.88463
53	162	1.34792
53	166	0.892321
54	17	0.80575
54	50	0.735422
54	62	1.5672
54	69	0.768256
54	77	0.819556
54	92	0.786821
54	93	0.785028
54	94	0.851574
54	97	0.769832
54	98	0.827886
54	101	0.830539
54	106	0.809832
54	148	1.59674
54	150	0.809503
54	160	1.64138
54	170	1.60177
55	11	0.797485
55	14	0.791991
55	18	0.867577
55	21	0.890579
55	35	0.83939
55	45	0.82906
55	46	0.824114
55	47	0.919341
55	49	0.944436
55	68	0.91674
55	82	1.27101
55	118	1.20503
55	160	1.26929
55	161	1.32312
55	176	0.979287
55	178	1.34014
56	9	1.77346
56	76	1.51438
56	88	1.5946
56	115	0.775279
56	130	0.810422
56	133	1.5125
56	164	0.795253
56	169	0.801254
56	170	0.806417
56	171	0.791329
56	172	0.80704
56	174	0.801775
56	177	0.804888
56	178	0.801791
56	179	0.795156
56	180	0.809396
57	13	0.801587
57	22	0.797666
57	78	0.804393
57	103	0.815056
57	108	0.775822
57	110	0.774289
57	114	1.58148
57	117	0.848208
57	125	0.782548
57	127	0.817493
57	128	0.815882
57	129	1.79327
57	154	0.781675
57	162	0.785381
57	169	1.50172
57	171	1.53053
58	22	1.33081
58	132	1.19826
58	139	1.32662
58	151	0.873098
58	152	1.19534
58	154	1.34176
58	164	0.865583
58	167	0.889217
58	168	0.874202
58	169	0.871584
58	171	0.861659
58	174	0.872105
58	177	0.875218
58	178	0.872121
58	179	0.865486
58	180	0.879726
59	1	0.814737
59	2	0.912831
59	3	0.911437
59	7	0.809867
59	23	0.87248
59	26	0.882055
59	27	0.859846
59	28	0.850741
59	31	0.958288
59	33	0.851376
59	107	0.876342
59	119	1.41516
59	165	1.27399
59	173	1.12792
59	179	1.30673
59	180	1.28506
60	111	0.861776
60	124	1.29402
60	135	1.33684
60	138	1.21226
60	142	0.829708
60	147	1.30016
60	160	0.871261
60	165	0.866555
60	166	1.2479
60	168	0.875799
60	169	0.873181
60	172	0.878967
60	175	0.917533
60	177	0.876815
60	179	0.867083
60	180	0.881323
61	5	0.787463
61	10	0.931251
61	19	0.854963
61	32	0.826804
61	39	0.834304
61	52	0.868961
61	65	0.8168
61	66	0.8168
61	67	0.8168
61	71	0.890381
61	73	1.5212
61	74	0.8668
61	159	0.888674
61	163	1.32239
61	171	1.40374
61	173	1.18527
61	178	1.37631
62	46	1.39587
62	54	1.5672
62	69	1.41249
62	110	1.23078
62	120	0.838508
62	128	1.18822
62	144	0.826858
62	145	0.876256
62	146	0.839795
62	156	0.833112
62	158	0.844511
62	174	0.848833
62	175	0.892664
62	177	0.851946
62	178	0.848849
62	179	0.842214
62	180	0.856454
63	76	1.30889
63	135	1.46589
63	140	0.841642
63	152	1.28783
63	155	0.817144
63	158	1.35164
63	161	0.846853
63	164	0.837462
63	165	0.836837
63	166	1.37695
63	169	0.843463
63	171	0.833538
63	172	0.849249
63	174	0.843984
63	176	0.951124
63	177	0.847097
63	180	0.851606
64	14	1.8736
64	84	1.36632
64	90	1.30499
64	98	1.33564
64	99	1.3128
64	116	0.852999
64	151	0.830837
64	163	0.836128
64	164	0.823322
64	165	0.822697
64	168	0.831942
64	169	0.829323
64	171	0.819398
64	174	0.829844
64	177	0.832957
64	178	0.829861
64	179	0.823226
64	180	0.837466
65	5	0.768427
65	10	0.912216
65	19	0.835927
65	32	0.807768
65	34	0.809393
65	39	0.815268
65	52	0.849925
65	61	0.8168
65	66	0.797764
65	67	0.797764
65	71	0.871345
65	74	0.847764
65	116	1.38671
65	130	1.40715
65	159	0.869638
65	163	1.55306
65	176	1.26707
65	179	1.59475
66	5	0.768427
66	10	0.912216
66	19	0.835927
66	32	0.807768
66	34	0.809393
66	39	0.815268
66	52	0.849925
66	61	0.8168
66	65	0.797764
66	67	0.797764
66	71	0.871345
66	74	0.847764
66	79	1.40965
66	116	1.28884
66	159	0.869638
66	164	1.50433
66	178	1.50911
66	179	1.49687
67	5	0.768427
67	10	0.912216
67	19	0.835927
67	29	1.49491
67	32	0.807768
67	34	0.809393
67	39	0.815268
67	52	0.849925
67	61	0.8168
67	65	0.797764
67	66	0.797764
67	70	1.50163
67	71	0.871345
67	74	0.847764
67	119	1.57883
67	159	0.869638
67	170	1.37217
67	175	1.25962
68	11	0.830111
68	14	0.824617
68	18	0.900202
68	21	0.923205
68	29	1.29332
68	35	0.872016
68	43	1.16724
68	45	0.861686
68	46	0.85674
68	47	0.951966
68	49	0.977061
68	55	0.91674
68	91	0.873744
68	143	1.10029
68	169	1.27966
68	171	1.30847
68	175	1.05803
68	176	1.01191
69	17	0.838816
69	25	0.83627
69	50	0.768488
69	54	0.768256
69	62	1.41249
69	77	0.852622
69	92	0.819888
69	93	0.818095
69	94	0.884641
69	97	0.802899
69	98	0.860952
69	101	0.863606
69	106	0.842899
69	111	1.50415
69	137	1.46659
69	143	1.37677
69	150	0.84257
69	170	1.44706
70	45	1.57974
70	67	1.50163
70	74	1.37788
70	103	1.31224
70	112	0.808881
70	122	1.42305
70	140	0.827233
70	143	0.84954
70	160	0.827135
70	161	0.832445
70	167	0.846687
70	168	0.831673
70	171	0.81913
70	172	0.834841
70	177	0.832689
70	178	0.829592
70	179	0.822957
70	180	0.837197
71	5	0.842008
71	10	0.985797
71	19	0.909508
71	32	0.881349
71	39	0.888849
71	52	0.923506
71	61	0.890381
71	65	0.871345
71	66	0.871345
71	67	0.871345
71	74	0.921345
71	102	1.17564
71	114	1.26715
71	142	1.29368
71	159	0.943219
71	161	1.17174
71	167	1.11364
71	178	1.18876
72	43	1.13588
72	84	0.889094
72	91	0.867134
72	112	1.27521
72	133	0.923708
72	134	1.06003
72	139	0.898339
72	145	0.925585
72	147	0.874189
72	152	0.91421
72	156	0.882441
72	157	0.910483
72	158	0.89384
72	164	1.2449
72	166	0.918174
72	170	0.902804
72	171	1.27711
72	180	1.21578
73	40	1.60616
73	61	1.5212
73	77	1.44218
73	81	1.4732
73	123	0.79213
73	139	1.55188
73	165	0.796736
73	167	0.820995
73	168	0.805981
73	169	0.803363
73	171	0.793437
73	172	0.809148
73	173	0.843638
73	174	0.803883
73	176	0.911023
73	177	0.806996
73	178	0.8039
73	179	0.797265
73	180	0.811505
74	5	0.818427
74	10	0.962216
74	19	0.885927
74	32	0.857768
74	34	0.859393
74	39	0.865268
74	52	0.899925
74	61	0.8668
74	65	0.847764
74	66	0.847764
74	67	0.847764
74	70	1.37788
74	71	0.921345
74	116	1.13862
74	159	0.919638
74	165	1.31391
74	167	1.28376
74	175	1.13587
74	178	1.35888
75	12	1.74094
75	52	1.82185
75	85	2.18724
75	92	0.735433
75	93	0.73364
75	94	0.800186
75	97	0.718444
75	98	0.776497
75	99	1.84697
75	101	0.779151
75	106	0.758444
75	150	0.758115
75	169	0.745776
75	172	0.751561
75	176	0.853437
75	177	0.749409
75	178	0.746313
75	179	0.739678
75	180	0.753918
76	56	1.51438
76	63	1.30889
76	95	1.02265
76	107	0.884391
76	135	0.863853
76	136	0.85868
76	139	0.881667
76	140	1.22143
76	144	0.859515
76	146	0.872452
76	147	0.857518
76	152	0.897538
76	153	1.25518
76	156	0.865769
76	157	0.893811
76	158	0.877169
76	166	0.901503
76	170	0.886133
76	179	1.28454
77	34	0.862472
77	50	0.819787
77	54	0.819556
77	69	0.852622
77	73	1.44218
77	92	0.871187
77	93	0.869394
77	94	0.93594
77	97	0.854198
77	98	0.912251
77	101	0.914905
77	102	0.899622
77	106	0.894198
77	149	1.34674
77	150	0.893869
77	160	1.22643
77	163	1.24337
77	173	1.10625
77	177	1.24376
78	48	0.907888
78	57	0.804393
78	84	0.865542
78	87	0.864001
78	103	0.899703
78	108	0.860469
78	110	0.858935
78	117	0.932855
78	125	0.867195
78	127	0.90214
78	128	0.900529
78	154	0.866322
78	161	1.36528
78	162	0.870028
78	166	0.924545
78	170	1.27184
78	171	1.40973
78	172	1.30679
78	177	1.32878
79	25	1.21933
79	66	1.40965
79	96	1.18378
79	120	1.31974
79	133	1.19543
79	141	0.884544
79	142	0.838943
79	155	0.856096
79	160	0.880496
79	164	0.876414
79	165	0.875789
79	166	1.26538
79	167	0.900048
79	169	0.882416
79	171	0.87249
79	174	0.882936
79	178	0.882953
79	179	0.876318
79	180	0.890558
80	32	1.58906
80	107	1.41525
80	117	1.40916
80	136	1.6492
80	153	0.806119
80	155	0.790182
80	158	1.53055
80	160	0.814581
80	164	0.8105
80	165	0.809875
80	167	0.834134
80	169	0.816502
80	171	0.806576
80	172	0.822287
80	174	0.817022
80	177	0.820135
80	178	0.817039
80	179	0.810404
80	180	0.824644
81	53	0.891264
81	73	1.4732
81	105	0.877474
81	107	0.882035
81	136	0.856325
81	137	1.23738
81	138	0.890464
81	144	0.85716
81	145	0.906559
81	146	0.870097
81	147	0.855162
81	156	0.863414
81	157	0.891456
81	158	0.874813
81	161	1.31129
81	170	0.883777
81	172	1.2528
81	174	1.34559
81	176	0.988398
82	42	0.809683
82	53	1.31119
82	55	1.27101
82	85	1.50944
82	99	1.16917
82	103	0.880679
82	117	0.913831
82	125	0.848171
82	128	0.881505
82	135	1.38464
82	147	1.34797
82	154	0.847298
82	155	0.828745
82	162	0.851004
82	171	0.84514
82	172	0.860851
82	174	0.855586
82	177	0.858699
82	178	0.855602
82	180	0.863207
83	4	0.803662
83	114	1.38912
83	119	1.40693
83	121	0.850113
83	126	0.845088
83	129	1.60091
83	136	0.840458
83	138	0.874596
83	139	0.863444
83	144	0.841293
83	145	0.890691
83	146	0.854229
83	147	0.839295
83	151	1.21716
83	152	0.879315
83	157	0.875589
83	158	0.858946
83	166	0.88328
83	173	1.1197
83	180	1.27684
84	43	1.17802
84	64	1.36632
84	72	0.889094
84	78	0.865542
84	105	0.849451
84	110	0.835437
84	125	0.843697
84	127	0.878642
84	128	0.87703
84	129	1.582
84	139	0.851289
84	152	0.86716
84	153	1.25022
84	154	0.842824
84	155	1.33872
84	156	0.835391
84	158	0.84679
84	162	0.84653
84	166	0.871124
84	178	1.29182
85	9	0.731544
85	30	0.86224
85	38	0.773091
85	41	0.750195
85	75	2.18724
85	82	1.50944
85	95	1.30444
85	96	0.818293
85	99	0.815457
85	104	1.5008
85	109	0.791729
85	113	0.772787
85	122	0.794827
85	150	0.807889
85	154	0.787783
85	163	0.802355
85	166	0.816083
85	167	1.50345
85	173	0.835826
85	175	0.839902
86	88	0.851019
86	90	0.892893
86	118	1.29352
86	123	1.40207
86	124	0.843997
86	132	0.876498
86	133	0.875127
86	138	0.860909
86	139	0.849757
86	143	1.24789
86	145	0.877004
86	146	0.840542
86	147	0.825607
86	152	0.865628
86	156	0.833859
86	157	0.861901
86	158	0.845259
86	165	1.38366
86	173	1.2376
86	174	1.44591
87	22	0.857274
87	42	0.803668
87	48	0.88285
87	51	0.859375
87	78	0.864001
87	103	0.874665
87	108	0.835431
87	110	0.833897
87	117	0.907817
87	119	1.48386
87	125	0.842157
87	127	0.877102
87	128	0.87549
87	131	1.27253
87	154	0.841283
87	162	0.844989
87	170	1.2772
87	173	1.19663
87	174	1.40494
87	179	1.37544
88	56	1.5946
88	86	0.851019
88	91	0.83059
88	120	0.851293
88	126	0.843439
88	132	0.888536
88	135	0.843981
88	138	0.872947
88	139	0.861795
88	145	0.889042
88	146	0.85258
88	147	0.837645
88	156	0.845897
88	157	0.873939
88	158	0.857297
88	160	1.30613
88	171	1.40442
88	176	1.03707
88	177	1.32346
88	180	1.34309
89	108	1.45447
89	132	1.31433
89	134	0.860343
89	149	0.805241
89	150	1.3982
89	151	0.831235
89	154	1.45782
89	156	1.48893
89	159	1.276
89	165	0.823095
89	168	0.83234
89	169	0.829721
89	171	0.819796
89	172	0.835507
89	173	0.869997
89	174	0.830242
89	176	0.937382
89	177	0.833355
89	178	0.830258
89	179	0.823624
89	180	0.837864
90	37	0.877223
90	64	1.30499
90	86	0.892893
90	100	0.924284
90	120	0.893167
90	121	0.890338
90	132	0.930411
90	133	0.929039
90	135	0.885855
90	136	0.880683
90	137	1.13956
90	138	0.914821
90	141	1.15957
90	146	0.894454
90	147	0.87952
90	152	0.91954
90	156	0.887772
90	164	1.22572
90	169	1.22912
90	172	1.15498
90	180	1.19659
91	14	0.748996
91	18	0.824581
91	21	0.847584
91	45	0.786065
91	47	0.876345
91	68	0.873744
91	72	0.867134
91	88	0.83059
91	100	0.849943
91	152	0.845199
91	155	1.45059
91	156	0.813431
91	157	0.841473
91	158	0.82483
91	161	1.38666
91	163	1.34977
91	164	1.39891
91	170	0.833794
91	174	1.42096
91	176	0.936292
91	178	1.40368
92	17	0.857381
92	34	0.829737
92	50	0.787053
92	54	0.786821
92	69	0.819888
92	75	0.735433
92	77	0.871187
92	93	0.83666
92	94	0.903205
92	97	0.821463
92	98	0.879517
92	101	0.88217
92	102	0.866887
92	106	0.861463
92	115	1.56417
92	150	0.861134
92	162	1.46542
92	168	1.48438
92	175	1.27482
92	176	1.15791
92	180	1.46393
93	17	0.855589
93	25	0.853043
93	50	0.78526
93	54	0.785028
93	69	0.818095
93	75	0.73364
93	77	0.869394
93	92	0.83666
93	94	0.901413
93	97	0.819671
93	98	0.877724
93	101	0.880378
93	102	0.865095
93	106	0.859671
93	134	1.31934
93	148	1.39349
93	150	0.859342
93	163	1.45507
93	170	1.39852
93	173	1.31795
93	174	1.52626
94	17	0.922134
94	25	0.919588
94	50	0.851806
94	54	0.851574
94	69	0.884641
94	75	0.800186
94	77	0.93594
94	92	0.903205
94	93	0.901413
94	97	0.886216
94	98	0.94427
94	101	0.946923
94	106	0.926216
94	150	0.925887
94	162	1.24279
94	163	1.22127
94	164	1.27041
94	170	1.16472
94	171	1.30262
94	176	0.935274
94	178	1.27519
95	5	1.47128
95	41	1.31373
95	76	1.02265
95	85	1.30444
95	128	1.05912
95	139	1.13286
95	155	0.871662
95	160	0.896062
95	165	0.891355
95	166	1.0907
95	167	0.915614
95	168	0.9006
95	169	0.897982
95	171	0.888056
95	172	0.903767
95	173	0.938258
95	174	0.898502
95	177	0.901615
95	178	0.898519
95	179	0.891884
95	180	0.906124
96	9	0.817874
96	30	0.948571
96	36	0.850788
96	41	0.836526
96	79	1.18378
96	85	0.818293
96	99	0.901788
96	109	0.87806
96	112	1.30878
96	113	0.859118
96	115	1.34958
96	122	0.881158
96	123	1.25668
96	141	1.21232
96	150	0.89422
96	154	0.874114
96	163	0.888686
96	166	0.902414
96	168	1.26979
96	173	0.922157
96	175	0.926233
96	177	1.22972
97	17	0.840392
97	25	0.837846
97	34	0.812748
97	50	0.770064
97	53	1.13591
97	54	0.769832
97	69	0.802899
97	75	0.718444
97	77	0.854198
97	92	0.821463
97	93	0.819671
97	94	0.886216
97	98	0.862528
97	101	0.865181
97	102	0.849898
97	106	0.844474
97	111	1.52481
97	123	1.55162
97	150	0.844145
97	151	1.4846
97	162	1.54577
97	179	1.56595
98	17	0.898446
98	25	0.8959
98	44	1.41861
98	50	0.828117
98	54	0.827886
98	64	1.33564
98	69	0.860952
98	75	0.776497
98	77	0.912251
98	92	0.879517
98	93	0.877724
98	94	0.94427
98	97	0.862528
98	101	0.923235
98	102	0.907952
98	106	0.902528
98	150	0.902199
98	162	1.22874
98	165	1.21617
98	173	1.0701
98	174	1.27842
98	178	1.26114
99	6	0.831837
99	30	0.945736
99	36	0.847953
99	38	0.856586
99	64	1.3128
99	75	1.84697
99	82	1.16917
99	85	0.815457
99	96	0.901788
99	109	0.875225
99	113	0.856283
99	122	0.878322
99	126	0.893781
99	148	1.12281
99	150	0.891385
99	154	0.871279
99	161	1.22128
99	163	0.88585
99	166	0.899579
99	169	1.23692
99	173	0.919322
99	175	0.923398
100	8	1.20707
100	37	0.854701
100	90	0.924284
100	91	0.849943
100	107	0.883871
100	112	1.36656
100	121	0.867816
100	126	0.862791
100	133	0.906517
100	134	1.15139
100	135	0.863334
100	146	0.871933
100	147	0.856998
100	148	1.22554
100	156	0.86525
100	157	0.893292
100	158	0.87665
100	159	0.921637
100	163	1.28711
100	166	0.900983
100	167	1.26591
100	180	1.30713
101	17	0.901099
101	25	0.898553
101	34	0.873455
101	50	0.830771
101	54	0.830539
101	69	0.863606
101	75	0.779151
101	77	0.914905
101	92	0.88217
101	93	0.880378
101	94	0.946923
101	97	0.865181
101	98	0.923235
101	106	0.905181
101	150	0.904852
101	163	1.24688
101	165	1.25583
101	168	1.28735
101	170	1.19034
101	172	1.22528
101	174	1.31808
101	179	1.28857
102	12	1.11915
102	71	1.17564
102	77	0.899622
102	92	0.866887
102	93	0.865095
102	97	0.849898
102	98	0.907952
102	103	1.28013
102	106	0.889898
102	118	0.888113
102	146	1.41447
102	150	0.889569
102	152	1.26259
102	157	1.31184
102	159	1.22718
102	161	0.88062
102	171	0.867305
102	172	0.883016
102	174	0.877751
102	178	0.877768
102	179	0.871133
102	180	0.885373
103	40	0.851668
103	42	0.83937
103	51	0.895077
103	57	0.815056
103	70	1.31224
103	78	0.899703
103	82	0.880679
103	87	0.874665
103	102	1.28013
103	108	0.871133
103	110	0.869599
103	117	0.943519
103	123	1.26668
103	125	0.877859
103	127	0.912804
103	128	0.911192
103	134	1.1036
103	154	0.876985
103	161	1.27623
103	162	0.880691
103	174	1.31052
103	180	1.25935
104	19	1.26665
104	85	1.5008
104	114	0.838253
104	123	0.855502
104	124	1.33318
104	129	0.806509
104	141	0.868863
104	144	1.44299
104	148	0.853221
104	152	1.19794
104	159	1.16252
104	161	0.870124
104	162	0.862673
104	164	0.860733
104	165	0.860108
104	166	1.28706
104	172	0.87252
104	174	0.867255
104	175	0.911086
104	177	0.870368
104	178	0.867271
104	179	0.860636
104	180	0.874876
105	81	0.877474
105	84	0.849451
105	111	1.37873
105	120	0.848194
105	124	0.852936
105	133	0.884065
105	135	0.840882
105	138	0.869848
105	141	1.36118
105	144	0.836544
105	145	0.885943
105	147	0.834546
105	152	0.874567
105	156	0.842798
105	157	0.87084
105	158	0.854197
105	159	0.899185
105	160	1.36125
105	162	1.3997
105	163	1.37819
105	166	0.878531
105	173	1.24107
105	176	1.09219
106	17	0.880392
106	25	0.877846
106	34	0.852748
106	50	0.810064
106	54	0.809832
106	69	0.842899
106	75	0.758444
106	77	0.894198
106	92	0.861463
106	93	0.859671
106	94	0.926216
106	97	0.844474
106	98	0.902528
106	101	0.905181
106	102	0.889898
106	112	1.42575
106	131	1.28508
106	150	0.884145
106	153	1.35862
106	160	1.32936
106	170	1.28975
106	175	1.1772
106	177	1.34669
107	1	0.804375
107	2	0.902469
107	7	0.799506
107	20	1.6501
107	26	0.871694
107	27	0.849485
107	31	0.947927
107	33	0.841015
107	59	0.876342
107	76	0.884391
107	80	1.41525
107	81	0.882035
107	100	0.883871
107	120	0.852755
107	136	0.84027
107	144	0.841105
107	149	1.27368
107	156	0.847359
107	157	0.875401
107	162	1.19182
107	174	1.2415
107	178	1.22422
107	179	1.21199
108	13	0.857663
108	22	0.853742
108	40	0.812434
108	42	0.800136
108	48	0.879318
108	51	0.855843
108	57	0.775822
108	78	0.860469
108	87	0.835431
108	89	1.45447
108	103	0.871133
108	110	0.830365
108	117	0.904285
108	125	0.838625
108	127	0.87357
108	128	0.871958
108	134	1.22912
108	154	0.837751
108	160	1.34791
108	162	0.841457
108	164	1.41399
108	165	1.37379
108	179	1.40653
108	180	1.38486
109	6	0.808108
109	9	0.791311
109	15	0.852931
109	36	0.824225
109	38	0.832858
109	41	0.809962
109	85	0.791729
109	96	0.87806
109	99	0.875225
109	112	1.45147
109	113	0.832555
109	122	0.854594
109	134	1.23629
109	150	0.867656
109	151	1.33236
109	154	0.84755
109	163	0.862122
109	166	0.87585
109	167	1.35081
109	173	0.895593
109	174	1.44321
109	175	0.89967
109	177	1.37241
109	178	1.42593
110	13	0.85613
110	22	0.852208
110	42	0.798602
110	48	0.877784
110	51	0.85431
110	57	0.774289
110	62	1.23078
110	78	0.858935
110	84	0.835437
110	87	0.833897
110	103	0.869599
110	108	0.830365
110	117	0.902751
110	125	0.837091
110	127	0.872036
110	128	0.870424
110	129	1.66598
110	131	1.26067
110	154	0.836218
110	155	1.42271
110	160	1.30495
110	162	0.839923
110	171	1.40324
110	177	1.32229
111	51	1.25595
111	60	0.861776
111	69	1.50415
111	97	1.52481
111	105	1.37873
111	117	1.16477
111	120	1.36583
111	130	0.856902
111	131	0.847635
111	135	1.4004
111	140	0.845912
111	143	0.868218
111	148	0.834221
111	151	0.849248
111	153	0.837351
111	155	0.821414
111	164	0.841732
111	169	0.847734
111	170	0.852897
111	171	0.837808
111	177	0.851368
111	178	0.848271
111	179	0.841636
111	180	0.855876
112	7	1.71589
112	34	1.45635
112	44	0.796779
112	70	0.808881
112	72	1.27521
112	96	1.30878
112	100	1.36656
112	106	1.42575
112	109	1.45147
112	148	0.825452
112	151	0.840478
112	153	0.828582
112	155	0.812645
112	161	0.842354
112	165	0.832338
112	167	0.856597
112	168	0.841583
112	169	0.838964
112	171	0.829039
112	172	0.84475
112	174	0.839485
112	177	0.842598
112	178	0.839502
112	179	0.832867
112	180	0.847107
113	6	0.789167
113	9	0.772369
113	15	0.83399
113	30	0.903066
113	36	0.805283
113	38	0.813916
113	41	0.791021
113	85	0.772787
113	96	0.859118
113	99	0.856283
113	109	0.832555
113	122	0.835653
113	130	1.26047
113	140	1.38495
113	142	1.56522
113	150	0.848715
113	154	0.828609
113	163	0.84318
113	166	0.856909
113	168	1.44684
113	171	1.48773
113	173	0.876652
113	175	0.880728
113	177	1.40677
113	178	1.4603
114	13	1.37133
114	37	1.49393
114	57	1.58148
114	71	1.26715
114	83	1.38912
114	104	0.838253
114	116	0.854333
114	123	0.819425
114	140	0.828836
114	145	1.36202
114	149	0.806177
114	156	1.53161
114	160	0.828737
114	161	0.834047
114	164	0.824656
114	165	0.824031
114	167	0.84829
114	168	0.833276
114	169	0.830657
114	171	0.820732
114	172	0.836443
114	173	0.870933
114	174	0.831178
114	178	0.831195
114	180	0.8388
115	13	1.35928
115	18	1.3759
115	56	0.775279
115	92	1.56417
115	96	1.34958
115	121	1.47279
115	124	1.47729
115	138	1.39554
115	141	0.835292
115	149	0.808683
115	151	0.834677
115	161	0.836553
115	163	0.839968
115	165	0.826537
115	167	0.850796
115	168	0.835782
115	169	0.833164
115	170	0.838326
115	172	0.838949
115	173	0.873439
115	174	0.833684
115	177	0.836797
115	178	0.833701
115	179	0.827066
115	180	0.841306
116	15	1.23746
116	21	1.26104
116	35	1.30585
116	64	0.852999
116	65	1.38671
116	66	1.28884
116	74	1.13862
116	114	0.854333
116	135	1.2335
116	149	0.858333
116	153	0.872431
116	155	0.856494
116	160	0.880894
116	161	0.886204
116	164	0.876812
116	165	0.876188
116	166	1.14456
116	168	0.885432
116	172	0.8886
116	174	0.883334
116	176	0.990475
116	177	0.886448
116	178	0.883351
116	179	0.876716
116	180	0.890956
117	13	0.93005
117	22	0.926128
117	29	0.885333
117	48	0.951704
117	51	0.928229
117	57	0.848208
117	78	0.932855
117	80	1.40916
117	82	0.913831
117	87	0.907817
117	103	0.943519
117	108	0.904285
117	110	0.902751
117	111	1.16477
117	125	0.911011
117	127	0.945956
117	128	0.944344
117	140	1.14279
117	154	0.910137
117	162	0.913843
117	167	1.14302
117	168	1.20469
117	170	1.10767
117	173	1.0271
117	175	0.995128
117	178	1.21814
118	26	1.20575
118	38	1.40849
118	55	1.20503
118	86	1.29352
118	102	0.888113
118	120	1.28408
118	129	0.809795
118	140	0.868199
118	142	0.826547
118	144	1.38565
118	146	1.29247
118	156	1.31811
118	160	0.8681
118	161	0.87341
118	162	0.865959
118	163	0.876825
118	167	0.887653
118	168	0.872639
118	169	0.87002
118	171	0.860095
118	172	0.875806
118	174	0.870541
118	177	0.873654
118	178	0.870558
118	179	0.863923
118	180	0.878163
119	59	1.41516
119	67	1.57883
119	83	1.40693
119	87	1.48386
119	122	1.50025
119	126	1.57427
119	130	0.828046
119	148	0.805365
119	151	0.820392
119	153	0.808495
119	158	1.43572
119	160	0.816958
119	161	0.822268
119	162	0.814817
119	164	0.812877
119	167	0.836511
119	168	0.821496
119	169	0.818878
119	171	0.808953
119	172	0.824664
119	173	0.859154
119	174	0.819399
119	177	0.822512
119	178	0.819415
119	179	0.81278
119	180	0.82702
120	62	0.838508
120	79	1.31974
120	88	0.851293
120	90	0.893167
120	105	0.848194
120	107	0.852755
120	111	1.36583
120	118	1.28408
120	121	0.8367
120	126	0.831675
120	132	0.876773
120	133	0.875401
120	135	0.832217
120	136	0.827045
120	138	0.861183
120	144	0.82788
120	145	0.877278
120	152	0.865902
120	156	0.834134
120	158	0.845533
120	161	1.40218
120	163	1.36528
120	166	0.869867
120	170	0.854497
120	173	1.22816
120	174	1.43647
120	179	1.40697
121	53	0.859154
121	83	0.850113
121	90	0.890338
121	100	0.867816
121	115	1.47279
121	120	0.8367
121	126	0.828845
121	132	0.873943
121	133	0.872571
121	135	0.829387
121	138	0.858354
121	139	0.847202
121	143	1.2257
121	144	0.82505
121	145	0.874448
121	146	0.837987
121	148	1.29095
121	152	0.863073
121	156	0.831304
121	157	0.859346
121	158	0.842703
121	163	1.35253
121	165	1.36148
121	167	1.33133
121	169	1.40507
121	170	0.851667
121	180	1.37255
122	6	0.811206
122	9	0.794409
122	15	0.856029
122	30	0.925105
122	36	0.827323
122	38	0.835956
122	40	0.825331
122	41	0.81306
122	70	1.42305
122	85	0.794827
122	96	0.881158
122	99	0.878322
122	109	0.854594
122	113	0.835653
122	119	1.50025
122	150	0.870754
122	154	0.850648
122	160	1.3332
122	163	0.86522
122	164	1.39928
122	165	1.35909
122	166	0.878948
122	167	1.32894
122	169	1.40268
122	173	0.898691
122	175	0.902767
122	176	1.06414
123	18	1.28299
123	19	1.31785
123	73	0.79213
123	86	1.40207
123	96	1.25668
123	97	1.55162
123	103	1.26668
123	104	0.855502
123	114	0.819425
123	134	0.878527
123	139	1.38042
123	149	0.823425
123	160	0.845986
123	164	0.841904
123	165	0.841279
123	166	1.33827
123	167	0.865538
123	168	0.850524
123	171	0.83798
123	172	0.853691
123	174	0.848426
123	175	0.892258
123	176	0.955567
123	177	0.851539
123	178	0.848443
123	179	0.841808
123	180	0.856048
124	4	0.794991
124	24	0.854049
124	53	0.866726
124	60	1.29402
124	86	0.843997
124	104	1.33318
124	105	0.852936
124	115	1.47729
124	126	0.836417
124	131	1.29582
124	132	0.881515
124	133	0.880143
124	136	0.831787
124	138	0.865925
124	139	0.854773
124	140	1.3356
124	141	1.34003
124	146	0.845558
124	147	0.830624
124	152	0.870644
124	156	0.838875
124	157	0.866918
124	158	0.850275
124	166	0.874609
124	168	1.3975
124	170	0.859239
124	172	1.33544
125	13	0.86439
125	22	0.860468
125	29	0.819673
125	42	0.806862
125	44	1.56851
125	48	0.886044
125	51	0.862569
125	57	0.782548
125	78	0.867195
125	82	0.848171
125	84	0.843697
125	87	0.842157
125	103	0.877859
125	108	0.838625
125	110	0.837091
125	117	0.911011
125	127	0.880296
125	128	0.878684
125	133	0.883343
125	148	1.29555
125	149	1.4605
125	153	1.36944
125	154	0.844477
125	161	1.39402
125	162	0.848183
125	171	1.43847
125	179	1.39881
126	37	0.81573
126	83	0.845088
126	88	0.843439
126	99	0.893781
126	100	0.862791
126	119	1.57427
126	120	0.831675
126	121	0.828845
126	124	0.836417
126	132	0.868918
126	133	0.867547
126	135	0.824363
126	136	0.81919
126	141	1.40715
126	144	0.820025
126	146	0.832962
126	147	0.818027
126	149	1.52752
126	152	0.858048
126	156	0.826279
126	157	0.854321
126	158	0.837679
126	161	1.46105
126	166	0.862013
126	170	0.846642
126	172	1.40255
126	178	1.47807
126	179	1.46584
127	13	0.899335
127	22	0.895413
127	29	0.854618
127	40	0.854105
127	42	0.841807
127	48	0.920989
127	51	0.897514
127	57	0.817493
127	78	0.90214
127	84	0.878642
127	87	0.877102
127	103	0.912804
127	108	0.87357
127	110	0.872036
127	117	0.945956
127	125	0.880296
127	128	0.913629
127	136	1.0049
127	154	0.879422
127	162	0.883128
127	167	1.2942
127	169	1.36794
127	170	1.25885
127	173	1.17828
127	174	1.38659
127	176	1.0294
127	179	1.35708
127	180	1.33542
128	13	0.897723
128	22	0.893801
128	29	0.853007
128	42	0.840195
128	48	0.919377
128	51	0.895903
128	57	0.815882
128	62	1.18822
128	78	0.900529
128	82	0.881505
128	84	0.87703
128	87	0.87549
128	95	1.05912
128	103	0.911192
128	108	0.871958
128	110	0.870424
128	117	0.944344
128	125	0.878684
128	127	0.913629
128	149	1.38271
128	151	1.23968
128	154	0.877811
128	160	1.2624
128	162	0.881517
128	168	1.3198
128	170	1.22279
128	172	1.25774
128	177	1.27973
129	47	1.43903
129	57	1.79327
129	83	1.60091
129	84	1.582
129	104	0.806509
129	110	1.66598
129	118	0.809795
129	133	1.58507
129	141	0.801042
129	149	0.774433
129	151	0.800427
129	153	0.78853
129	155	0.772593
129	159	1.53047
129	160	0.796993
129	161	0.802303
129	164	0.792912
129	165	0.792287
129	167	0.816545
129	168	0.801531
129	169	0.798913
129	172	0.804699
129	173	0.839189
129	174	0.799433
129	177	0.802547
129	178	0.79945
129	179	0.792815
129	180	0.807055
130	4	1.55363
130	17	1.26329
130	21	1.28148
130	53	1.18049
130	56	0.810422
130	65	1.40715
130	111	0.856902
130	113	1.26047
130	119	0.828046
130	142	0.824834
130	143	0.888791
130	144	1.32093
130	150	1.16267
130	153	0.857924
130	161	0.871697
130	165	0.86168
130	166	1.165
130	167	0.885939
130	168	0.870925
130	170	0.87347
130	171	0.858381
130	172	0.874092
130	174	0.868827
130	175	0.912659
130	176	0.975968
130	177	0.87194
130	178	0.868844
130	179	0.862209
130	180	0.876449
131	5	1.63027
131	27	1.38543
131	37	1.30041
131	87	1.27253
131	106	1.28508
131	110	1.26067
131	111	0.847635
131	124	1.29582
131	140	0.857217
131	142	0.815566
131	143	0.879524
131	144	1.40562
131	148	0.845526
131	151	0.860553
131	152	1.16057
131	153	0.848657
131	161	0.862429
131	164	0.853038
131	165	0.852413
131	167	0.876672
131	168	0.861657
131	169	0.859039
131	170	0.864202
131	171	0.849114
131	172	0.864825
131	174	0.85956
131	177	0.862673
131	178	0.859576
131	179	0.852941
131	180	0.867181
132	4	0.827493
132	16	0.886559
132	29	1.2909
132	58	1.19826
132	86	0.876498
132	88	0.888536
132	89	1.31433
132	90	0.930411
132	120	0.876773
132	121	0.873943
132	124	0.881515
132	126	0.868918
132	133	0.912644
132	136	0.864288
132	144	0.865123
132	145	0.914522
132	146	0.87806
132	147	0.863125
132	151	1.18505
132	152	0.903146
132	155	1.32552
132	156	0.871377
132	157	0.899419
132	158	0.882777
132	159	0.927764
132	166	0.90711
132	169	1.27724
132	172	1.2031
132	174	1.2959
132	175	1.05561
132	179	1.26639
133	37	0.859457
133	53	0.897856
133	56	1.5125
133	72	0.923708
133	79	1.19543
133	86	0.875127
133	90	0.929039
133	100	0.906517
133	105	0.884065
133	120	0.875401
133	121	0.872571
133	124	0.880143
133	125	0.883343
133	126	0.867547
133	129	1.58507
133	132	0.912644
133	136	0.862916
133	139	0.885903
133	144	0.863751
133	147	0.861753
133	152	0.901774
133	156	0.870005
133	157	0.898047
133	158	0.881405
133	164	1.29011
133	170	0.890369
133	171	1.32232
133	174	1.31217
133	175	1.07188
133	176	0.954974
133	179	1.28266
134	16	1.24755
134	35	1.33648
134	42	1.48192
134	72	1.06003
134	89	0.860343
134	93	1.31934
134	100	1.15139
134	103	1.1036
134	108	1.22912
134	109	1.23629
134	123	0.878527
134	148	0.876247
134	149	0.865279
134	151	0.891274
134	154	1.23248
134	155	0.86344
134	160	0.88784
134	161	0.89315
134	163	0.896564
134	164	0.883758
134	165	0.883133
134	167	0.907392
134	168	0.892378
134	169	0.88976
134	171	0.879834
134	172	0.895546
134	174	0.89028
134	177	0.893393
134	178	0.890297
134	179	0.883662
134	180	0.897902
135	12	0.848309
135	43	1.33997
135	60	1.33684
135	63	1.46589
135	76	0.863853
135	82	1.38464
135	88	0.843981
135	90	0.885855
135	100	0.863334
135	105	0.840882
135	111	1.4004
135	116	1.2335
135	120	0.832217
135	121	0.829387
135	126	0.824363
135	136	0.819732
135	138	0.853871
135	139	0.842719
135	141	1.38285
135	144	0.820568
135	145	0.869966
135	146	0.833504
135	147	0.81857
135	152	0.85859
135	156	0.826821
135	157	0.854864
135	158	0.838221
135	159	0.883209
135	165	1.4088
135	169	1.45239
135	170	0.847185
136	16	0.836831
136	24	0.836822
136	53	0.849499
136	76	0.85868
136	80	1.6492
136	81	0.856325
136	83	0.840458
136	90	0.880683
136	107	0.84027
136	120	0.827045
136	124	0.831787
136	126	0.81919
136	127	1.0049
136	132	0.864288
136	133	0.862916
136	135	0.819732
136	138	0.848699
136	139	0.837547
136	141	1.38725
136	145	0.864793
136	156	0.821649
136	157	0.849691
136	158	0.833048
136	159	0.878036
136	160	1.38732
136	170	0.842012
136	171	1.48561
136	172	1.38266
136	174	1.47545
136	175	1.23516
136	177	1.40465
137	31	1.10437
137	38	1.45267
137	69	1.46659
137	81	1.23738
137	90	1.13956
137	138	1.23826
137	140	0.867248
137	142	0.825596
137	143	0.889554
137	145	1.19271
137	147	1.32617
137	149	0.844589
