1	4	0.959272
1	10	1.09127
1	15	0.959253
1	21	0.927868
1	22	1.01994
1	32	1.00629
1	112	0.921968
1	115	1.55025
1	159	1.04411
1	162	1.90911
1	178	0.890418
2	7	1.05382
2	19	1.04309
2	23	1.04158
2	25	1.04021
2	34	1.13714
2	35	1.11869
2	37	1.11799
2	74	0.511363
2	132	0.96758
2	148	1.6202
2	151	1.71978
2	159	1.14966
3	6	1.07584
3	11	1.07566
3	14	1.07533
3	20	1.17504
3	29	1.04197
3	36	1.12044
3	43	1.11888
3	123	1.40108
3	138	1.29929
3	145	1.54985
3	147	0.986751
3	160	0.970034
4	1	0.959272
4	10	1.09125
4	15	0.95924
4	21	0.927854
4	22	1.01993
4	32	1.00628
4	112	0.921955
4	124	0.8259
4	158	2.74878
4	159	1.0441
4	178	0.890405
5	9	0.942415
5	17	0.918317
5	27	1.01692
5	30	0.925512
5	31	1.00056
5	44	0.98033
5	46	0.976621
5	47	0.984521
5	53	0.97866
5	58	0.962509
5	118	1.60267
5	155	1.86008
6	3	1.07584
6	11	0.976086
6	14	0.975751
6	20	1.07546
6	29	0.942393
6	36	1.02086
6	43	1.01931
6	147	0.887172
6	160	0.870455
6	164	1.54962
6	180	2.19739
7	2	1.05382
7	19	0.926544
7	23	0.925028
7	25	0.923661
7	34	1.02059
7	35	1.00214
7	37	1.00144
7	90	1.84273
7	129	0.919639
7	132	0.851032
7	159	1.03311
7	177	1.7128
8	38	1.02434
8	40	1.02403
8	41	1.02385
8	49	1.10388
8	50	1.10411
8	55	1.06882
8	65	1.1352
8	67	1.13495
8	113	0.768684
8	150	2.09807
8	152	1.2831
8	178	0.997575
9	5	0.942415
9	17	0.929703
9	27	1.02831
9	30	0.936898
9	31	1.01194
9	46	0.988007
9	47	0.995907
9	58	0.973895
9	64	1.53021
9	114	0.910787
9	129	0.927901
9	177	1.92946
10	1	1.09127
10	4	1.09125
10	15	1.09124
10	21	1.05985
10	22	1.15192
10	32	1.13828
10	70	1.05094
10	159	1.17609
10	166	1.43977
10	170	1.76026
10	178	1.0224
11	3	1.07566
11	6	0.976086
11	14	0.975571
11	20	1.07528
11	29	0.942213
11	36	1.02068
11	43	1.01912
11	130	1.12765
11	147	0.886992
11	160	0.870275
11	178	2.38096
12	51	0.976641
12	66	0.966384
12	69	1.04236
12	78	1.00438
12	98	0.916727
12	100	0.976835
12	105	1.87445
12	122	0.966232
12	133	0.982898
12	156	1.52174
12	166	0.887018
12	172	0.902652
13	109	0.982815
13	121	0.992627
13	124	1.52879
13	126	0.983261
13	131	0.970321
13	134	0.998367
13	135	2.17678
13	140	0.988582
13	142	0.980858
13	153	0.842156
13	165	0.970383
13	172	0.882404
14	3	1.07533
14	6	0.975751
14	11	0.975571
14	20	1.07495
14	24	0.910254
14	29	0.941877
14	36	1.02035
14	43	1.01879
14	147	0.886657
14	148	2.1817
14	160	0.86994
15	1	0.959253
15	4	0.95924
15	10	1.09124
15	21	0.927836
15	22	1.01991
15	32	1.00626
15	112	0.921937
15	159	1.04408
15	161	1.4831
15	171	5.83965
15	178	0.890386
16	45	1.09578
16	51	1.06486
16	78	1.09261
16	91	1.05729
16	100	1.06506
16	108	1.4884
16	119	1.15666
16	120	1.09133
16	133	1.07112
16	144	1.48994
16	165	1.07886
16	172	0.990877
17	5	0.918317
17	9	0.929703
17	27	1.00421
17	30	0.9128
17	31	0.987845
17	44	0.967619
17	46	0.963909
17	47	0.97181
17	53	0.965949
17	58	0.949798
17	83	1.88151
17	94	1.68045
17	114	0.88669
18	38	1.02434
18	40	1.02403
18	41	1.02385
18	49	1.10388
18	50	1.10411
18	55	1.06882
18	65	1.1352
18	67	1.13495
18	128	1.78006
18	139	0.972052
18	152	1.26955
18	178	0.997575
19	2	1.04309
19	7	0.926544
19	23	0.914295
19	25	0.912927
19	34	1.00986
19	35	0.991408
19	37	0.990706
19	73	0.880146
19	129	0.908905
19	132	0.840298
19	159	1.02238
19	160	2.53956
19	180	1.63759
20	3	1.17504
20	6	1.07546
20	11	1.07528
20	14	1.07495
20	29	1.04159
20	36	1.12006
20	43	1.1185
20	113	0.980488
20	147	0.986368
20	157	1.61877
20	160	0.969651
20	167	2.18872
21	1	0.927868
21	4	0.927854
21	10	1.05985
21	15	0.927836
21	22	0.988521
21	32	0.974877
21	33	0.839276
21	61	1.00608
21	68	1.62631
21	112	0.890551
21	159	1.0127
21	177	2.04296
21	178	0.859001
22	1	1.01994
22	4	1.01993
22	10	1.15192
22	15	1.01991
22	21	0.988521
22	32	1.06695
22	61	1.09816
22	112	0.982622
22	114	1.21157
22	159	1.10477
22	163	1.02271
22	174	4.34738
22	178	0.951072
23	2	1.04158
23	7	0.925028
23	19	0.914295
23	25	0.911412
23	34	1.00834
23	35	0.989892
23	37	0.989191
23	73	0.878631
23	74	1.39161
23	129	0.90739
23	132	0.838783
23	139	2.12742
23	159	1.02086
24	14	0.910254
24	102	0.0384919
24	112	0.710506
24	115	1.14035
24	157	1.05355
24	158	1.02537
24	163	1.07076
24	168	1.03987
24	171	0.972264
24	176	1.02813
24	177	1.05244
24	179	0.984519
24	180	1.01377
25	2	1.04021
25	7	0.923661
25	19	0.912927
25	23	0.911412
25	34	1.00697
25	35	0.988525
25	37	0.987823
25	73	0.877263
25	129	0.906022
25	132	0.837415
25	159	1.01949
25	162	1.31126
25	172	2.68583
26	84	1.08786
26	86	1.10755
26	92	1.06562
26	96	1.05507
26	103	1.10941
26	106	1.09183
26	125	0.88232
26	137	2.37541
26	153	0.94734
26	160	0.953417
26	165	1.07557
26	168	1.6083
26	174	0.933726
27	5	1.01692
27	9	1.02831
27	17	1.00421
27	31	1.08645
27	42	1.10998
27	44	1.06623
27	46	1.06252
27	47	1.07042
27	53	1.06456
27	58	1.0484
27	62	1.24568
27	112	0.993735
27	179	3.1559
28	49	0.106357
28	94	1.14146
28	120	0.0668023
28	126	0.438203
28	168	1.05248
28	169	1.00944
28	170	1.04124
28	171	0.984875
28	175	1.02564
28	176	1.04074
28	177	1.06505
28	179	0.99713
28	180	1.02639
29	3	1.04197
29	6	0.942393
29	11	0.942213
29	14	0.941877
29	20	1.04159
29	36	0.98699
29	43	0.985432
29	70	0.888955
29	77	0.962617
29	147	0.853298
29	160	0.836582
29	166	2.43131
29	173	1.40733
30	5	0.925512
30	9	0.936898
30	17	0.9128
30	31	0.99504
30	42	1.69002
30	44	0.974813
30	46	0.971104
30	47	0.979004
30	53	0.973143
30	58	0.956992
30	114	0.893884
30	129	0.910998
30	163	2.28796
31	5	1.00056
31	9	1.01194
31	17	0.987845
31	27	1.08645
31	30	0.99504
31	44	1.04986
31	46	1.04615
31	53	1.04819
31	58	1.03204
31	112	0.977368
31	115	1.03268
31	124	0.959264
31	129	0.986043
31	166	2.77552
32	1	1.00629
32	4	1.00628
32	10	1.13828
32	15	1.00626
32	21	0.974877
32	22	1.06695
32	33	0.917702
32	61	1.08451
32	110	1.11616
32	112	0.968978
32	117	1.2346
32	157	2.43309
32	159	1.09112
32	178	0.937427
33	21	0.839276
33	32	0.917702
33	68	0.87276
33	110	0.903175
33	120	2.13681
33	121	0.917766
33	127	0.90464
33	142	0.905997
33	159	0.955521
33	164	0.809821
33	170	0.810363
33	178	0.801826
33	179	0.766258
33	180	0.795515
34	2	1.13714
34	7	1.02059
34	19	1.00986
34	23	1.00834
34	25	1.00697
34	35	1.08545
34	37	1.08475
34	68	1.77369
34	97	1.12928
34	125	1.27157
34	129	1.00295
34	132	0.934345
34	159	1.11642
35	2	1.11869
35	7	1.00214
35	19	0.991408
35	23	0.989892
35	25	0.988525
35	34	1.08545
35	37	1.0663
35	73	0.955744
35	129	0.984503
35	130	0.737172
35	132	0.915896
35	153	2.72151
35	159	1.09797
35	170	1.64408
36	3	1.12044
36	6	1.02086
36	11	1.02068
36	14	1.02035
36	20	1.12006
36	29	0.98699
36	43	1.0639
36	70	0.967426
36	77	1.04109
36	124	0.853651
36	128	1.6263
36	141	2.2328
36	147	0.931769
36	160	0.915052
37	2	1.11799
37	7	1.00144
37	19	0.990706
37	23	0.989191
37	25	0.987823
37	34	1.08475
37	35	1.0663
37	73	0.955042
37	129	0.983802
37	132	0.915195
37	154	1.38704
37	157	1.61504
37	159	1.09727
37	172	1.94771
38	8	1.02434
38	18	1.02434
38	40	0.874763
38	41	0.874592
38	49	0.954621
38	50	0.954847
38	55	0.919554
38	62	2.15432
38	65	0.985942
38	67	0.985692
38	114	1.81581
38	136	0.965845
38	178	0.848313
39	56	0.951141
39	84	0.954818
39	85	3.8
39	92	0.932576
39	93	1.0004
39	96	0.922025
39	102	0.980046
39	103	0.97637
39	106	0.958784
39	159	1.00252
39	160	0.820376
39	165	0.942524
39	172	0.888186
39	174	0.800685
40	8	1.02403
40	18	1.02403
40	38	0.874763
40	41	0.87428
40	49	0.954309
40	50	0.954535
40	55	0.919242
40	65	0.98563
40	67	0.98538
40	108	1.83996
40	136	0.965534
40	173	2.00916
40	178	0.848001
41	8	1.02385
41	18	1.02385
41	38	0.874592
41	40	0.87428
41	49	0.954138
41	50	0.954364
41	55	0.919072
41	65	0.985459
41	67	0.985209
41	132	2.54382
41	136	0.965363
41	169	1.71795
41	178	0.84783
42	27	1.10998
42	30	1.69002
42	139	0.992709
42	141	0.954965
42	149	0.961558
42	167	0.922742
42	169	0.895687
42	173	0.954684
42	175	0.911883
42	176	0.926983
42	177	0.951292
42	178	0.918942
42	179	0.883375
42	180	0.912631
43	3	1.11888
43	6	1.01931
43	11	1.01912
43	14	1.01879
43	20	1.1185
43	29	0.985432
43	36	1.0639
43	70	0.965867
43	77	1.03953
43	95	2.10357
43	147	0.930211
43	160	0.913494
43	168	2.35096
43	171	5.96035
44	5	0.98033
44	17	0.967619
44	27	1.06623
44	30	0.974813
44	31	1.04986
44	46	1.02592
44	47	1.03382
44	53	1.02796
44	58	1.01181
44	74	0.418892
44	112	0.957142
44	114	0.948703
44	129	0.965816
44	146	0.949134
44	175	3.16579
45	16	1.09578
45	54	1.0359
45	66	1.00162
45	79	0.977937
45	91	1.0043
45	98	0.951962
45	100	1.01207
45	120	1.03834
45	122	1.00147
45	133	1.01813
45	161	1.73172
45	163	1.58405
45	166	0.922254
45	172	0.937888
45	174	4.85026
46	5	0.976621
46	9	0.988007
46	17	0.963909
46	27	1.06252
46	30	0.971104
46	31	1.04615
46	44	1.02592
46	47	1.03011
46	53	1.02425
46	58	1.0081
46	112	0.953432
46	129	0.962107
46	137	1.23347
46	161	0.85085
46	174	4.60236
47	5	0.984521
47	9	0.995907
47	17	0.97181
47	27	1.07042
47	30	0.979004
47	44	1.03382
47	46	1.03011
47	53	1.03215
47	58	1.016
47	71	1.49883
47	112	0.961333
47	114	0.952894
47	129	0.970007
47	154	2.01144
47	156	1.2888
48	104	1.35186
48	108	0.951234
48	121	0.530827
48	152	0.997866
48	156	0.981126
48	163	0.949694
48	164	0.907011
48	168	0.918795
48	171	0.851193
48	173	0.934757
48	175	0.891957
48	176	0.907057
48	177	0.931365
48	179	0.863448
48	180	0.892704
49	8	1.10388
49	18	1.10388
49	28	0.106357
49	38	0.954621
49	40	0.954309
49	41	0.954138
49	50	1.03439
49	55	0.999101
49	65	1.06549
49	67	1.06524
49	73	0.907697
49	136	1.04539
49	160	3.17288
49	178	0.927859
50	8	1.10411
50	18	1.10411
50	38	0.954847
50	40	0.954535
50	41	0.954364
50	49	1.03439
50	55	0.999327
50	65	1.06571
50	67	1.06546
50	136	1.04562
50	145	1.08678
50	156	1.1675
50	164	2.58217
50	178	0.928085
51	12	0.976641
51	16	1.06486
51	60	1.07258
51	76	0.972782
51	78	1.0087
51	87	1.00076
51	88	0.899185
51	91	0.973384
51	100	0.981155
51	120	1.00742
51	122	0.970552
51	133	0.987218
51	149	2.17519
51	152	1.62236
51	165	0.994951
52	104	1.04305
52	109	1.02172
52	111	1.01528
52	116	0.871949
52	121	1.03153
52	127	1.0184
52	131	1.00922
52	134	1.03727
52	140	1.02748
52	142	1.01976
52	165	1.00928
52	166	0.90567
52	174	0.867443
52	177	1.05419
52	179	3.72281
53	5	0.97866
53	17	0.965949
53	27	1.06456
53	30	0.973143
53	31	1.04819
53	44	1.02796
53	46	1.02425
53	47	1.03215
53	58	1.01014
53	97	1.32013
53	112	0.955472
53	113	1.29859
53	114	0.947032
53	129	0.964146
53	151	1.98811
54	45	1.0359
54	60	1.0966
54	66	0.994726
54	76	0.996804
54	79	0.971044
54	91	0.997406
54	98	0.945069
54	120	1.03145
54	122	0.994574
54	133	1.01124
54	165	1.01897
54	166	0.91536
54	170	1.75428
54	176	1.2678
54	180	2.20349
55	8	1.06882
55	18	1.06882
55	38	0.919554
55	40	0.919242
55	41	0.919072
55	49	0.999101
55	50	0.999327
55	61	1.03988
55	65	1.03042
55	67	1.03017
55	71	0.913307
55	125	1.47513
55	136	1.01033
55	146	1.32265
55	162	1.99585
55	178	0.892793
56	39	0.951141
56	59	0.994889
56	84	1.02985
56	92	1.00761
56	93	1.07544
56	94	0.844795
56	95	2.29643
56	96	0.997059
56	102	1.05508
56	106	1.03382
56	114	0.946974
56	117	1.62091
56	153	0.889331
56	159	1.07756
56	160	0.895409
56	174	0.875718
57	84	1.02609
57	86	1.04578
57	92	1.00385
57	93	1.07167
57	96	0.993297
57	102	1.05132
57	103	1.04764
57	106	1.03006
57	118	1.66826
57	146	1.24641
57	147	0.908364
57	153	0.88557
57	160	0.891647
57	162	1.91962
57	165	1.0138
57	174	0.871956
58	5	0.962509
58	9	0.973895
58	17	0.949798
58	27	1.0484
58	30	0.956992
58	31	1.03204
58	44	1.01181
58	46	1.0081
58	47	1.016
58	53	1.01014
58	112	0.939321
58	114	0.930882
58	116	2.39286
58	129	0.947995
58	130	1.49816
58	161	1.268
59	56	0.994889
59	84	0.998567
59	86	1.01825
59	92	0.976325
59	93	1.04415
59	96	0.965774
59	102	1.02379
59	103	1.02012
59	106	1.00253
59	117	0.948848
59	128	0.924235
59	159	1.04627
59	165	0.986273
59	168	1.87174
59	172	2.48
59	174	0.844433
60	51	1.07258
60	54	1.0966
60	78	1.10032
60	79	1.03864
60	87	1.09238
60	91	1.065
60	98	1.01267
60	100	1.07278
60	120	1.09904
60	122	1.06217
60	133	1.07884
60	143	1.15954
60	150	1.41911
60	151	0.779242
60	172	0.998593
60	175	2.31772
61	21	1.00608
61	22	1.09816
61	32	1.08451
61	55	1.03988
61	65	1.10626
61	67	1.10601
61	81	1.74774
61	107	1.02187
61	117	0.649892
61	134	1.09031
61	135	1.02219
61	140	1.08053
61	142	1.07281
61	159	1.12233
61	170	2.51095
61	178	0.968635
62	27	1.24568
62	38	2.15432
62	79	0.908426
62	91	0.934788
62	105	0.884359
62	128	0.894317
62	133	0.948623
62	134	0.98434
62	140	0.974555
62	142	0.966831
62	166	0.852742
62	167	0.86646
62	172	0.868377
62	173	0.898402
62	176	0.870701
62	178	0.86266
62	180	0.856349
63	75	0.961866
63	82	0.957613
63	104	1.03328
63	107	0.95905
63	111	1.00551
63	126	1.01239
63	127	1.00863
63	131	0.999451
63	134	1.0275
63	140	1.01771
63	142	1.00999
63	153	0.871287
63	154	1.32238
63	158	1.99909
63	172	0.911534
63	174	0.857673
63	175	2.05193
64	9	1.53021
64	113	1.00516
64	127	1.26598
64	139	0.941357
64	141	0.903613
64	148	0.909199
64	150	0.912881
64	155	0.926731
64	161	0.972211
64	162	0.932225
64	166	0.857672
64	172	0.873307
64	173	0.903332
64	175	0.860531
64	177	0.89994
64	179	0.832023
64	180	0.861279
65	8	1.1352
65	18	1.1352
65	38	0.985942
65	40	0.98563
65	41	0.985459
65	49	1.06549
65	50	1.06571
65	55	1.03042
65	61	1.10626
65	67	1.09656
65	71	0.979695
65	136	1.07671
65	146	0.857495
65	155	1.53676
65	161	1.23004
65	177	1.92875
65	178	0.95918
66	12	0.966384
66	45	1.00162
66	54	0.994726
66	76	0.962526
66	87	0.990499
66	91	0.963127
66	98	0.91079
66	100	0.970899
66	120	0.997168
66	122	0.960295
66	133	0.976962
66	136	1.00853
66	144	1.00595
66	153	2.92019
66	165	0.984695
66	172	0.896716
66	180	2.29198
67	8	1.13495
67	18	1.13495
67	38	0.985692
67	40	0.98538
67	41	0.985209
67	49	1.06524
67	50	1.06546
67	55	1.03017
67	61	1.10601
67	65	1.09656
67	71	0.979444
67	128	1.0578
67	132	3.65618
67	136	1.07646
67	168	0.825737
67	172	1.43399
67	178	0.95893
68	21	1.62631
68	33	0.87276
68	34	1.77369
68	99	0.95596
68	117	0.999498
68	151	0.956583
68	153	0.857954
68	155	0.951626
68	167	0.896285
68	169	0.869229
68	171	0.844662
68	173	0.928227
68	175	0.885426
68	176	0.900526
68	177	0.924835
68	179	0.856917
68	180	0.886174
69	12	1.04236
69	73	0.978437
69	76	1.0385
69	78	1.07442
69	79	1.01274
69	87	1.06647
69	91	1.0391
69	98	0.986762
69	99	1.58923
69	101	1.19031
69	120	1.07314
69	122	1.03627
69	128	1.53585
69	133	1.05293
69	163	1.63493
69	165	1.06067
69	166	0.957053
69	172	0.972687
70	10	1.05094
70	29	0.888955
70	36	0.967426
70	43	0.965867
70	74	1.0252
70	98	0.865261
70	100	0.92537
70	120	0.951639
70	122	0.914766
70	133	0.931433
70	142	1.9478
70	143	0.916128
70	147	0.833734
70	160	0.817017
70	175	0.838412
70	177	0.87782
70	179	0.809903
70	180	0.839159
71	47	1.49883
71	55	0.913307
71	65	0.979695
71	67	0.979444
71	83	0.93649
71	120	0.948233
71	122	0.911361
71	126	1.53039
71	133	0.928027
71	146	0.952967
71	153	0.807534
71	158	0.847353
71	165	0.93576
71	166	0.832147
71	172	0.847782
71	177	0.874415
71	178	0.842065
71	180	0.835754
72	89	1.04954
72	107	1.00681
72	109	1.05971
72	119	1.05531
72	121	1.06952
72	126	1.06015
72	127	1.05639
72	131	1.04721
72	134	1.07526
72	140	1.06548
72	142	1.05775
72	161	0.895586
72	165	1.04728
72	166	0.943663
72	172	0.959297
72	174	0.905436
72	176	2.41424
72	177	1.5943
73	19	0.880146
73	23	0.878631
73	25	0.877263
73	35	0.955744
73	37	0.955042
73	49	0.907697
73	69	0.978437
73	76	0.904543
73	98	0.852807
73	122	0.902313
73	133	0.918979
73	140	2.15187
73	149	0.875633
73	159	0.986711
73	163	0.883695
73	176	0.841058
73	177	0.865366
73	180	0.826705
74	2	0.511363
74	23	1.39161
74	44	0.418892
74	70	1.0252
74	97	1.12984
74	112	0.873121
74	139	1.07505
74	161	1.1059
74	167	1.00508
74	168	1.02106
74	169	0.978026
74	170	1.00982
74	173	1.03702
74	175	0.994223
74	176	1.00932
74	177	1.03363
74	179	0.965714
74	180	0.99497
75	63	0.961866
75	88	1.23742
75	89	0.973563
75	107	0.930831
75	109	0.983727
75	111	0.977287
75	121	0.993539
75	125	1.61
75	126	0.984173
75	127	0.980413
75	131	0.971232
75	134	0.999278
75	135	2.34644
75	140	0.989494
75	142	0.98177
75	165	0.971294
75	172	0.883316
75	174	0.829455
76	51	0.972782
76	54	0.996804
76	66	0.962526
76	69	1.0385
76	73	0.904543
76	79	0.938843
76	87	0.992577
76	91	0.965205
76	98	0.912868
76	100	0.972977
76	120	0.999246
76	122	0.962373
76	133	0.97904
76	141	1.82415
76	150	1.52211
76	164	2.3832
76	166	0.88316
76	172	0.898794
77	29	0.962617
77	36	1.04109
77	43	1.03953
77	84	0.407281
77	95	0.931548
77	109	0.668392
77	120	1.0253
77	122	0.988429
77	127	0.652957
77	133	1.0051
77	160	0.89068
77	165	1.01283
77	167	0.922933
77	170	0.927671
77	172	0.92485
77	175	0.912075
77	179	0.883566
77	180	0.912822
78	12	1.00438
78	16	1.09261
78	51	1.0087
78	60	1.10032
78	69	1.07442
78	79	0.974762
78	83	0.698205
78	87	1.0285
78	91	1.00112
78	98	0.948787
78	120	1.03516
78	122	0.998292
78	133	1.01496
78	136	1.04653
78	148	1.33523
78	149	1.81254
78	154	2.24374
78	166	0.919079
78	172	0.934713
79	45	0.977937
79	54	0.971044
79	60	1.03864
79	62	0.908426
79	69	1.01274
79	76	0.938843
79	78	0.974762
79	87	0.966816
79	98	0.887107
79	100	0.947216
79	114	2.17262
79	120	0.973485
79	122	0.936612
79	133	0.953279
79	146	1.13277
79	165	0.961012
79	166	0.857399
79	168	2.57229
79	172	0.873033
80	107	1.61411
80	118	0.944476
80	124	1.00491
80	133	0.781884
80	143	0.934181
80	144	0.930952
80	145	0.954937
80	157	0.896985
80	163	0.914202
80	167	0.867323
80	169	0.840268
80	170	0.872061
80	171	0.815701
80	173	0.899265
80	175	0.856465
80	176	0.871565
80	177	0.895874
80	179	0.827956
80	180	0.857212
81	61	1.74774
81	88	1.01751
81	101	0.929035
81	105	0.889751
81	108	0.92027
81	135	0.927297
81	149	0.910668
81	151	0.93215
81	155	0.927193
81	165	1.371
81	168	0.887831
81	169	0.844796
81	170	0.87659
81	171	0.82023
81	175	0.860993
81	176	0.876093
81	177	0.900402
81	179	0.832484
81	180	0.861741
82	63	0.957613
82	89	0.96931
82	104	1.00081
82	107	0.926578
82	109	0.979474
82	111	0.973035
82	115	1.05574
82	121	0.989286
82	123	1.27638
82	126	0.97992
82	127	0.97616
82	131	0.966979
82	132	0.844964
82	134	0.995026
82	140	0.985241
82	142	0.977517
82	172	0.879063
82	174	0.825202
82	180	3.5683
83	17	1.88151
83	71	0.93649
83	78	0.698205
83	117	1.02299
83	122	0.609895
83	146	1.02688
83	151	0.980074
83	154	0.948684
83	157	0.949436
83	161	1.0206
83	163	0.966654
83	167	0.919775
83	168	0.935754
83	171	0.868153
83	173	0.951717
83	175	0.908917
83	177	0.948325
83	179	0.880408
83	180	0.909664
84	26	1.08786
84	39	0.954818
84	56	1.02985
84	57	1.02609
84	59	0.998567
84	77	0.407281
84	92	1.01129
84	93	1.07911
84	96	1.00074
84	102	1.05876
84	103	1.05508
84	106	1.03749
84	130	0.951001
84	154	1.8354
84	159	1.08123
84	160	0.899086
84	165	1.02123
84	167	2.63335
84	174	0.879395
85	39	3.8
85	114	0.837151
85	141	0.850062
85	143	0.884696
85	145	0.905452
85	146	0.924942
85	154	0.846748
85	155	0.873181
85	162	0.878675
85	164	0.822035
85	167	0.817839
85	169	0.790784
85	170	0.822577
85	173	0.849781
85	175	0.806981
85	176	0.822081
85	177	0.846389
85	179	0.778472
85	180	0.807728
86	26	1.10755
86	57	1.04578
86	59	1.01825
86	92	1.03097
86	93	1.0988
86	96	1.02042
86	102	1.07844
86	103	1.07477
86	106	1.05718
86	123	1.08538
86	128	0.978884
86	139	0.755966
86	147	0.93549
86	153	0.912695
86	160	0.918773
86	165	1.04092
86	173	1.5836
86	174	0.899082
86	175	2.76705
87	51	1.00076
87	60	1.09238
87	66	0.990499
87	69	1.06647
87	76	0.992577
87	78	1.0285
87	79	0.966816
87	91	0.993178
87	98	0.940841
87	100	1.00095
87	120	1.02722
87	122	0.990346
87	133	1.00701
87	136	1.03858
87	138	0.95376
87	144	1.38613
87	166	0.911132
87	172	0.926767
87	173	1.55378
87	176	2.41178
88	51	0.899185
88	75	1.23742
88	81	1.01751
88	104	0.717977
88	125	1.07815
88	142	0.0593347
88	145	1.06242
88	148	1.01262
88	149	1.01362
88	152	1.06986
88	154	1.00372
88	158	0.976297
88	164	0.979004
88	168	0.990788
88	169	0.947753
88	170	0.979546
88	175	0.96395
88	176	0.97905
88	179	0.935441
88	180	0.964698
89	72	1.04954
89	75	0.973563
89	82	0.96931
89	97	1.0031
89	101	1.66095
89	104	1.04498
89	107	0.970746
89	111	1.0172
89	121	1.03345
89	126	1.02409
89	127	1.02033
89	131	1.01115
89	134	1.03919
89	140	1.02941
89	142	1.02169
89	144	1.85846
89	151	1.67109
89	165	1.01121
89	172	0.923231
89	174	0.86937
90	7	1.84273
90	92	1.24893
90	125	0.971185
90	141	0.900071
90	150	0.909339
90	152	0.962899
90	154	0.896756
90	158	0.869336
90	161	0.968669
90	163	0.914726
90	167	0.867848
90	168	0.883827
90	171	0.816225
90	173	0.899789
90	175	0.856989
90	176	0.872089
90	177	0.896398
90	179	0.82848
90	180	0.857737
91	16	1.05729
91	45	1.0043
91	51	0.973384
91	54	0.997406
91	60	1.065
91	62	0.934788
91	66	0.963127
91	69	1.0391
91	76	0.965205
91	78	1.00112
91	87	0.993178
91	100	0.973578
91	113	0.568235
91	120	0.999847
91	122	0.962975
91	133	0.979641
91	149	1.3807
91	158	2.4886
91	165	0.987374
91	166	0.883761
91	178	2.18081
92	26	1.06562
92	39	0.932576
92	56	1.00761
92	57	1.00385
92	59	0.976325
92	84	1.01129
92	86	1.03097
92	90	1.24893
92	93	1.05687
92	96	0.978495
92	99	1.1147
92	102	1.03652
92	103	1.03284
92	106	1.01525
92	114	0.92841
92	128	0.936955
92	129	1.13526
92	159	1.05899
92	160	0.876845
92	174	0.857154
92	180	2.87464
93	39	1.0004
93	56	1.07544
93	57	1.07167
93	59	1.04415
93	84	1.07911
93	86	1.0988
93	92	1.05687
93	96	1.04632
93	102	1.10434
93	103	1.10067
93	106	1.08308
93	114	0.996236
93	147	0.961389
93	149	1.21697
93	150	1.47911
93	153	0.938594
93	160	0.944672
93	161	1.08459
93	164	2.3402
93	165	1.06682
93	172	2.20884
93	174	0.924981
94	17	1.68045
94	28	1.14146
94	56	0.844795
94	102	0.471849
94	125	1.03745
94	126	0.296394
94	138	1.01721
94	144	0.997745
94	146	1.04122
94	149	0.972932
94	152	1.02917
94	154	0.963024
94	158	0.935604
94	161	1.03494
94	164	0.938311
94	170	0.938853
94	171	0.882493
94	175	0.923257
94	176	0.938357
94	177	0.962666
94	179	0.894748
94	180	0.924005
95	43	2.10357
95	56	2.29643
95	77	0.931548
95	123	0.949282
95	124	0.975351
95	132	0.805584
95	143	0.904623
95	144	0.901395
95	145	0.925379
95	147	0.822229
95	152	0.932817
95	154	0.866674
95	156	0.916076
95	158	0.839254
95	161	0.938587
95	163	0.884644
95	170	0.842503
95	171	0.786143
95	173	0.869708
95	177	0.866316
95	179	0.798398
95	180	0.827655
96	26	1.05507
96	39	0.922025
96	56	0.997059
96	57	0.993297
96	59	0.965774
96	84	1.00074
96	86	1.02042
96	92	0.978495
96	93	1.04632
96	102	1.02596
96	103	1.02229
96	106	1.0047
96	128	0.926404
96	135	0.854589
96	147	0.883011
96	159	1.04844
96	160	0.866294
96	164	2.1448
96	165	0.988442
96	170	2.34335
96	174	0.846603
96	176	1.85687
97	34	1.12928
97	53	1.32013
97	74	1.12984
97	89	1.0031
97	100	0.3082
97	115	1.07038
97	118	1.03106
97	128	0.981769
97	135	1.00936
97	153	0.91558
97	157	0.983573
97	158	0.9554
97	163	1.00079
97	164	0.958107
97	168	0.969891
97	169	0.926856
97	171	0.902289
97	175	0.943053
97	176	0.958153
97	177	0.982461
97	179	0.914544
97	180	0.9438
98	12	0.916727
98	45	0.951962
98	54	0.945069
98	60	1.01267
98	66	0.91079
98	69	0.986762
98	70	0.865261
98	73	0.852807
98	76	0.912868
98	78	0.948787
98	79	0.887107
98	87	0.940841
98	100	0.921241
98	113	1.584
98	120	0.94751
98	122	0.910638
98	133	0.927304
98	136	0.958874
98	139	1.80092
98	165	0.935037
98	172	0.847058
98	173	2.62855
99	68	0.95596
99	69	1.58923
99	92	1.1147
99	123	1.00034
99	125	0.992163
99	133	0.970136
99	149	0.927642
99	150	0.930317
99	152	0.983877
99	156	0.967136
99	158	0.890314
99	161	0.989647
99	162	0.949661
99	167	0.888826
99	169	0.86177
99	170	0.893564
99	173	0.920768
99	175	0.877967
99	176	0.893067
99	177	0.917376
99	179	0.849458
99	180	0.878715
100	12	0.976835
100	16	1.06506
100	45	1.01207
100	51	0.981155
100	60	1.07278
100	66	0.970899
100	70	0.92537
100	76	0.972977
100	79	0.947216
100	87	1.00095
100	91	0.973578
100	97	0.3082
100	98	0.921241
100	120	1.00762
100	122	0.970746
100	133	0.987413
100	147	2.45811
100	162	0.97121
100	165	0.995146
100	166	0.891533
100	167	2.58306
100	172	0.907167
101	69	1.19031
101	81	0.929035
101	89	1.66095
101	118	0.963486
101	130	1.01484
101	138	0.969425
101	142	0.947475
101	145	0.973947
101	146	0.993436
101	150	0.927825
101	152	0.981385
101	154	0.915242
101	156	0.964644
101	158	0.887822
101	162	0.947169
101	164	0.890529
101	169	0.859278
101	174	0.83439
101	176	0.890575
101	177	0.914884
101	179	0.846966
101	180	0.876223
102	24	0.0384919
102	39	0.980046
102	56	1.05508
102	57	1.05132
102	59	1.02379
102	84	1.05876
102	86	1.07844
102	92	1.03652
102	93	1.10434
102	94	0.471849
102	96	1.02596
102	103	1.08031
102	106	1.06272
102	119	1.26363
102	128	0.984425
102	147	0.941032
102	153	0.918237
102	159	1.10646
102	160	0.924315
102	165	1.04646
102	166	2.78854
102	174	0.904624
102	177	1.80261
103	26	1.10941
103	39	0.97637
103	57	1.04764
103	59	1.02012
103	84	1.05508
103	86	1.07477
103	92	1.03284
103	93	1.10067
103	96	1.02229
103	102	1.08031
103	106	1.05905
103	119	1.22856
103	128	0.980749
103	147	0.937355
103	148	1.27488
103	153	0.914561
103	155	1.37555
103	159	1.10279
103	160	0.920638
103	165	1.04279
103	173	1.72949
103	174	0.900948
103	177	1.76754
104	48	1.35186
104	52	1.04305
104	63	1.03328
104	82	1.00081
104	88	0.717977
104	89	1.04498
104	107	1.00224
104	109	1.05514
104	111	1.0487
104	112	0.980563
104	121	1.06495
104	126	1.05559
104	127	1.05183
104	131	1.04265
104	134	1.07069
104	138	1.37126
104	139	1.14365
104	140	1.06091
104	142	1.05318
104	155	1.61734
104	166	0.939095
104	172	0.954729
104	174	0.900869
105	12	1.87445
105	62	0.884359
105	81	0.889751
105	112	2.52054
105	114	0.866361
105	116	0.893044
105	118	0.924202
105	154	0.875958
105	155	0.902391
105	156	0.92536
105	161	0.947871
105	162	0.907885
105	163	0.893928
105	164	0.851245
105	167	0.847049
105	168	0.863029
105	169	0.819994
105	170	0.851787
105	171	0.795427
105	176	0.851291
105	177	0.875599
105	178	0.84325
105	179	0.807682
105	180	0.836938
106	26	1.09183
106	39	0.958784
106	56	1.03382
106	57	1.03006
106	59	1.00253
106	84	1.03749
106	86	1.05718
106	92	1.01525
106	93	1.08308
106	96	1.0047
106	102	1.06272
106	103	1.05905
106	114	0.954617
106	115	0.711583
106	128	0.963163
106	147	0.919769
106	151	1.07542
106	159	1.0852
106	160	0.903052
106	163	1.5099
106	165	1.0252
106	174	0.883362
106	176	2.28844
106	178	2.25326
107	61	1.02187
107	63	0.95905
107	72	1.00681
107	75	0.930831
107	80	1.61411
107	82	0.926578
107	89	0.970746
107	104	1.00224
107	109	0.980911
107	111	0.974471
107	115	1.04975
107	121	0.990723
107	126	0.981356
107	127	0.977597
107	131	0.968416
107	134	0.996462
107	140	0.986678
107	142	0.978954
107	163	1.84807
107	165	0.968478
107	166	0.864865
107	168	2.17492
107	172	0.880499
107	174	0.826639
108	16	1.4884
108	40	1.83996
108	48	0.951234
108	81	0.92027
108	119	0.978903
108	123	0.989086
108	131	1.01736
108	144	0.941198
108	147	0.862033
108	148	0.915378
108	149	0.916385
108	152	0.97262
108	155	0.93291
108	157	0.90723
108	158	0.879057
108	161	0.978391
108	164	0.881765
108	168	0.893548
108	169	0.850514
108	170	0.882307
108	171	0.825947
108	176	0.88181
108	177	0.906119
108	179	0.838202
108	180	0.867458
109	13	0.982815
109	52	1.02172
109	72	1.05971
109	75	0.983727
109	77	0.668392
109	82	0.979474
109	104	1.05514
109	107	0.980911
109	111	1.02737
109	121	1.04362
109	126	1.03425
109	127	1.03049
109	131	1.02131
109	134	1.04936
109	140	1.03957
109	142	1.03185
109	148	1.18799
109	153	0.893148
109	156	1.37387
109	162	1.28261
109	165	1.02137
109	166	0.917761
109	170	2.98708
109	172	0.933395
109	174	0.879535
110	32	1.11616
110	33	0.903175
110	116	0.972695
110	121	0.515213
110	127	0.992142
110	128	0.954558
110	130	1.05521
110	132	0.894518
110	136	0.397894
110	146	1.0338
110	151	0.986998
110	152	1.02175
110	153	0.888369
110	156	1.00501
110	157	0.956361
110	162	0.987535
110	164	0.930896
110	167	0.9267
110	169	0.899645
110	171	0.875078
110	173	0.958642
110	175	0.915842
110	176	0.930941
110	177	0.95525
110	180	0.916589
111	52	1.01528
111	63	1.00551
111	75	0.977287
111	82	0.973035
111	89	1.0172
111	104	1.0487
111	107	0.974471
111	109	1.02737
111	118	0.780544
111	121	1.03718
111	123	0.893673
111	126	1.02781
111	127	1.02405
111	131	1.01487
111	134	1.04292
111	136	1.03877
111	140	1.03313
111	142	1.02541
111	145	1.04244
111	149	1.4146
111	153	0.886708
111	160	4.08756
111	165	1.01493
111	172	0.926956
111	174	0.873095
112	1	0.921968
112	4	0.921955
112	15	0.921937
112	21	0.890551
112	22	0.982622
112	24	0.710506
112	27	0.993735
112	31	0.977368
112	32	0.968978
112	44	0.957142
112	46	0.953432
112	47	0.961333
112	53	0.955472
112	58	0.939321
112	74	0.873121
112	104	0.980563
112	105	2.52054
112	126	0.959675
112	131	0.946734
112	134	0.974781
112	140	0.964996
112	142	0.957272
112	146	1.40336
112	159	1.0068
112	178	0.853101
113	8	0.768684
113	20	0.980488
113	53	1.29859
113	64	1.00516
113	91	0.568235
113	98	1.584
113	116	1.00892
113	119	1.06426
113	130	1.09143
113	135	1.01837
113	139	1.03289
113	141	0.995145
113	145	1.05054
113	156	1.04123
113	158	0.964411
113	162	1.02376
113	169	0.935867
113	170	0.96766
113	171	0.9113
113	173	0.994864
113	174	0.910978
113	175	0.952064
113	176	0.967163
113	177	0.991472
113	179	0.923555
113	180	0.952811
114	9	0.910787
114	17	0.88669
114	22	1.21157
114	30	0.893884
114	38	1.81581
114	44	0.948703
114	47	0.952894
114	53	0.947032
114	56	0.946974
114	58	0.930882
114	79	2.17262
114	85	0.837151
114	92	0.92841
114	93	0.996236
114	105	0.866361
114	106	0.954617
114	159	0.998357
114	162	0.909297
114	163	0.89534
114	165	0.938357
114	168	0.864441
114	173	0.880404
114	174	0.796518
114	175	0.837603
114	179	0.809095
114	180	0.838351
115	1	1.55025
115	24	1.14035
115	31	1.03268
115	82	1.05574
115	97	1.07038
115	106	0.711583
115	107	1.04975
115	148	0.983426
115	150	0.987108
115	151	1.00591
115	152	1.04067
115	155	1.00096
115	156	1.02393
115	162	1.00645
115	163	0.992495
115	164	0.949812
115	167	0.945616
115	168	0.961596
115	169	0.918561
115	170	0.950354
115	171	0.893994
115	172	0.947533
115	173	0.977558
115	175	0.934758
115	177	0.974167
115	179	0.906249
115	180	0.935506
116	52	0.871949
116	58	2.39286
116	105	0.893044
116	110	0.972695
116	113	1.00892
116	138	0.958236
116	141	0.907368
116	143	0.942002
116	148	0.912955
116	151	0.935443
116	152	0.970196
116	160	0.842892
116	161	0.975967
116	163	0.922023
116	164	0.879341
116	165	1.25394
116	168	0.891124
116	169	0.84809
116	171	0.823523
116	173	0.907087
116	174	0.823201
116	175	0.864287
116	176	0.879386
116	177	0.903695
116	179	0.835778
116	180	0.865034
117	32	1.2346
117	56	1.62091
117	59	0.948848
117	61	0.649892
117	68	0.999498
117	83	1.02299
117	124	1.06995
117	130	1.06087
117	133	0.419801
117	145	1.01998
117	148	0.970173
117	149	0.97118
117	151	0.992662
117	153	0.894032
117	155	0.987705
117	156	1.01067
117	161	1.03318
117	162	0.993199
117	163	0.979242
117	164	0.936559
117	168	0.948343
117	169	0.905308
117	170	0.937101
117	175	0.921505
117	176	0.936605
117	177	0.960913
117	179	0.892996
117	180	0.922252
118	5	1.60267
118	57	1.66826
118	80	0.944476
118	97	1.03106
118	101	0.963486
118	105	0.924202
118	111	0.780544
118	119	1.00764
118	126	0.977745
118	138	0.989394
118	141	0.938526
118	150	0.947794
118	153	0.867972
118	154	0.935212
118	155	0.961644
118	162	0.967138
118	163	0.953181
118	164	0.910499
118	167	0.906303
118	168	0.922282
118	170	0.911041
118	171	0.854681
118	173	0.938245
118	175	0.895444
118	177	0.934853
118	178	0.902503
118	179	0.866936
118	180	0.896192
119	16	1.15666
119	72	1.05531
119	102	1.26363
119	103	1.22856
119	108	0.978903
119	113	1.06426
119	118	1.00764
119	138	1.01358
119	139	1.00045
119	143	0.997342
119	144	0.994114
119	148	0.968294
119	149	0.969301
119	154	0.959393
119	156	1.0088
119	158	0.931973
119	159	0.439941
119	161	1.03131
119	162	0.99132
119	164	0.93468
119	168	0.946464
119	169	0.903429
119	170	0.935223
119	171	0.878863
119	173	0.962427
119	175	0.919626
119	177	0.959035
119	179	0.891117
119	180	0.920374
120	16	1.09133
120	28	0.0668023
120	33	2.13681
120	45	1.03834
120	51	1.00742
120	54	1.03145
120	60	1.09904
120	66	0.997168
120	69	1.07314
120	70	0.951639
120	71	0.948233
120	76	0.999246
120	77	1.0253
120	78	1.03516
120	79	0.973485
120	87	1.02722
120	91	0.999847
120	98	0.94751
120	100	1.00762
120	122	0.997015
120	133	1.01368
120	136	1.04525
120	137	2.39112
120	152	0.687565
120	162	0.8577
120	165	1.02141
120	166	0.917801
120	172	0.933436
120	176	2.0757
121	13	0.992627
121	33	0.917766
121	48	0.530827
121	52	1.03153
121	72	1.06952
121	75	0.993539
121	82	0.989286
121	89	1.03345
121	104	1.06495
121	107	0.990723
121	109	1.04362
121	110	0.515213
121	111	1.03718
121	126	1.04406
121	127	1.0403
121	130	0.719749
121	131	1.03112
121	134	1.05917
121	136	1.05502
121	140	1.04939
121	142	1.04166
121	143	1.17551
121	153	0.90296
121	165	1.03119
121	166	0.927573
121	169	3.56112
121	172	0.943207
121	174	0.889346
121	178	1.97306
122	12	0.966232
122	45	1.00147
122	51	0.970552
122	54	0.994574
122	60	1.06217
122	66	0.960295
122	69	1.03627
122	70	0.914766
122	71	0.911361
122	73	0.902313
122	76	0.962373
122	77	0.988429
122	78	0.998292
122	79	0.936612
122	83	0.609895
122	87	0.990346
122	91	0.962975
122	98	0.910638
122	100	0.970746
122	120	0.997015
122	133	0.976809
122	136	1.00838
122	145	1.35208
122	147	2.82844
122	165	0.984542
122	166	0.880929
122	172	0.896563
122	173	1.70154
122	177	1.73959
123	3	1.40108
123	82	1.27638
123	86	1.08538
123	95	0.949282
123	99	1.00034
123	108	0.989086
123	111	0.893673
123	124	1.07825
123	134	0.403209
123	148	0.978477
123	149	0.979483
123	150	0.982158
123	152	1.03572
123	154	0.969576
123	157	0.970328
123	162	1.0015
123	163	0.987545
123	164	0.944863
123	166	0.926949
123	167	0.940667
123	170	0.945405
123	171	0.889045
123	173	0.972609
123	175	0.929809
123	176	0.944908
123	177	0.969217
123	178	0.936867
123	179	0.9013
123	180	0.930556
124	4	0.8259
124	13	1.52879
124	31	0.959264
124	36	0.853651
124	80	1.00491
124	95	0.975351
124	117	1.06995
124	123	1.07825
124	134	0.109159
124	136	0.240652
124	137	0.995204
124	146	1.07384
124	148	1.00454
124	149	1.00555
124	152	1.06179
124	154	0.995644
124	155	1.02208
124	161	1.06756
124	164	0.970931
124	167	0.966735
124	168	0.982715
124	169	0.93968
124	170	0.971473
124	172	0.968652
124	173	0.998677
124	175	0.955877
124	176	0.970977
124	177	0.995285
124	179	0.927368
124	180	0.956624
125	26	0.88232
125	34	1.27157
125	55	1.47513
125	75	1.61
125	88	1.07815
125	90	0.971185
125	94	1.03745
125	99	0.992163
125	134	0.0207097
125	143	0.999345
125	146	1.03959
125	147	0.916952
125	149	0.971304
125	150	0.973979
125	151	0.992786
125	162	0.993323
125	163	0.979366
125	164	0.936683
125	166	0.91877
125	167	0.932488
125	168	0.948467
125	169	0.905432
125	171	0.880866
125	173	0.96443
125	174	0.880544
125	175	0.921629
125	176	0.936729
125	177	0.961038
125	179	0.893121
125	180	0.922377
126	13	0.983261
126	28	0.438203
126	63	1.01239
126	71	1.53039
126	72	1.06015
126	75	0.984173
126	82	0.97992
126	89	1.02409
126	94	0.296394
126	104	1.05559
126	107	0.981356
126	109	1.03425
126	111	1.02781
126	112	0.959675
126	118	0.977745
126	121	1.04406
126	127	1.03094
126	128	0.959782
126	129	1.64341
126	131	1.02176
126	134	1.0498
126	136	1.04566
126	140	1.04002
126	142	1.0323
126	153	0.893593
126	165	1.02182
126	166	0.918207
126	172	0.933841
126	174	0.87998
126	178	2.41191
127	33	0.90464
127	52	1.0184
127	63	1.00863
127	64	1.26598
127	72	1.05639
127	75	0.980413
127	77	0.652957
127	82	0.97616
127	89	1.02033
127	104	1.05183
127	107	0.977597
127	109	1.03049
127	110	0.992142
127	111	1.02405
127	121	1.0403
127	126	1.03094
127	128	0.956022
127	131	1.018
127	132	0.895983
127	134	1.04604
127	136	1.0419
127	140	1.03626
127	142	1.02854
127	144	1.45952
127	152	1.09704
127	153	0.889834
127	165	1.01806
127	166	0.914447
127	172	0.930081
127	174	0.87622
127	176	2.48517
128	18	1.78006
128	36	1.6263
128	59	0.924235
128	62	0.894317
128	67	1.0578
128	69	1.53585
128	86	0.978884
128	92	0.936955
128	96	0.926404
128	97	0.981769
128	102	0.984425
128	103	0.980749
128	106	0.963163
128	110	0.954558
128	126	0.959782
128	127	0.956022
128	131	0.946841
128	134	0.974887
128	140	0.965103
128	142	0.957379
128	146	0.96411
128	152	0.952059
128	166	0.84329
128	167	0.857008
128	168	0.872987
128	171	0.805386
128	174	0.805064
128	175	0.846149
128	177	0.885558
128	180	0.846897
129	7	0.919639
129	9	0.927901
129	19	0.908905
129	23	0.90739
129	25	0.906022
129	30	0.910998
129	31	0.986043
129	34	1.00295
129	35	0.984503
129	37	0.983802
129	44	0.965816
129	46	0.962107
129	47	0.970007
129	53	0.964146
129	58	0.947995
129	92	1.13526
129	126	1.64341
129	134	0.955746
129	135	0.921021
129	149	0.904392
129	159	1.01547
129	165	0.84405
129	166	0.851858
129	168	0.881555
129	169	0.83852
129	170	0.870314
129	176	0.869817
129	177	0.894126
129	179	0.826208
129	180	0.855465
130	11	1.12765
130	35	0.737172
130	58	1.49816
130	84	0.951001
130	101	1.01484
130	110	1.05521
130	113	1.09143
130	117	1.06087
130	121	0.719749
130	138	1.04075
130	141	0.989884
130	144	1.02129
130	146	1.06476
130	148	0.995471
130	149	0.996478
130	153	0.91933
130	155	1.013
130	157	0.987323
130	159	0.510373
130	162	1.0185
130	163	1.00454
130	164	0.961857
130	167	0.957661
130	168	0.973641
130	169	0.930606
130	171	0.906039
130	175	0.946803
130	176	0.961903
130	177	0.986211
130	179	0.918294
130	180	0.94755
131	13	0.970321
131	52	1.00922
131	63	0.999451
131	72	1.04721
131	75	0.971232
131	82	0.966979
131	89	1.01115
131	104	1.04265
131	107	0.968416
131	108	1.01736
131	109	1.02131
131	111	1.01487
131	112	0.946734
131	121	1.03112
131	126	1.02176
131	127	1.018
131	128	0.946841
131	132	0.886802
131	134	1.03686
131	136	1.03272
131	140	1.02708
131	142	1.01935
131	147	2.31345
131	153	0.880653
131	156	0.917811
131	161	1.05793
131	165	1.00888
131	166	0.905266
131	169	3.59742
131	172	0.920901
131	173	1.18655
131	174	0.86704
132	2	0.96758
132	7	0.851032
132	19	0.840298
132	23	0.838783
132	25	0.837415
132	34	0.934345
132	35	0.915896
132	37	0.915195
132	41	2.54382
132	67	3.65618
132	82	0.844964
132	95	0.805584
132	110	0.894518
132	127	0.895983
132	131	0.886802
132	134	0.914848
132	135	0.852414
132	139	0.866936
132	142	0.89734
132	152	0.89202
132	155	0.85231
132	159	0.946863
132	160	0.764715
132	165	0.886864
132	166	0.783251
132	168	0.812948
132	171	0.745346
132	174	0.745025
132	176	0.80121
132	178	0.793169
132	180	0.786858
133	12	0.982898
133	16	1.07112
133	45	1.01813
133	51	0.987218
133	54	1.01124
133	60	1.07884
133	62	0.948623
133	66	0.976962
133	69	1.05293
133	70	0.931433
133	71	0.928027
133	73	0.918979
133	76	0.97904
133	77	1.0051
133	78	1.01496
133	79	0.953279
133	80	0.781884
133	87	1.00701
133	91	0.979641
133	98	0.927304
133	99	0.970136
133	100	0.987413
133	117	0.419801
133	120	1.01368
133	122	0.976809
133	136	1.02505
133	141	1.52326
133	153	3.35829
133	157	1.61828
133	165	1.00121
133	166	0.897595
133	172	0.91323
134	13	0.998367
134	52	1.03727
134	61	1.09031
134	62	0.98434
134	63	1.0275
134	72	1.07526
134	75	0.999278
134	82	0.995026
134	89	1.03919
134	104	1.07069
134	107	0.996462
134	109	1.04936
134	111	1.04292
134	112	0.974781
134	121	1.05917
134	123	0.403209
134	124	0.109159
134	125	0.0207097
134	126	1.0498
134	127	1.04604
134	128	0.974887
134	129	0.955746
134	131	1.03686
134	132	0.914848
134	140	1.05512
134	142	1.0474
134	161	0.787857
134	165	1.03693
134	166	0.933312
134	167	2.15328
134	172	0.948947
134	174	0.895086
134	179	4.2165
135	13	2.17678
135	61	1.02219
135	75	2.34644
135	81	0.927297
135	96	0.854589
135	97	1.00936
135	113	1.01837
135	129	0.921021
135	132	0.852414
135	137	0.913065
135	141	0.916819
135	145	0.972209
135	149	0.923412
135	154	0.913504
135	155	0.939937
135	156	0.962906
135	157	0.914257
135	158	0.886084
135	161	0.985417
135	162	0.945431
135	164	0.888791
135	168	0.900575
135	169	0.85754
135	170	0.889333
135	171	0.832973
135	173	0.916537
135	175	0.873737
135	176	0.888837
135	177	0.913146
135	178	0.880796
135	179	0.845228
135	180	0.874485
136	38	0.965845
136	40	0.965534
136	41	0.965363
136	49	1.04539
136	50	1.04562
136	55	1.01033
136	65	1.07671
136	66	1.00853
136	67	1.07646
136	78	1.04653
136	87	1.03858
136	98	0.958874
136	110	0.397894
136	111	1.03877
136	120	1.04525
136	121	1.05502
136	122	1.00838
136	124	0.240652
136	126	1.04566
136	127	1.0419
136	131	1.03272
136	133	1.02505
136	140	1.05098
136	141	1.6198
136	142	1.04325
136	157	1.71482
136	158	2.16353
136	163	1.11238
136	165	1.03278
136	166	0.929166
136	174	0.890939
136	178	0.939084
136	180	2.82662
137	26	2.37541
137	46	1.23347
137	120	2.39112
137	124	0.995204
137	135	0.913065
137	138	0.940711
137	143	0.924477
137	144	0.921249
137	148	0.895429
137	151	0.917918
137	152	0.952671
137	154	0.886528
137	155	0.912961
137	156	0.93593
137	157	0.887281
137	160	0.825366
137	161	0.958441
137	162	0.918455
137	164	0.861815
137	167	0.85762
137	168	0.873599
137	169	0.830564
137	170	0.862357
137	171	0.805997
137	173	0.889562
137	174	0.805676
137	175	0.846761
