1	2	0.893487
1	5	1.015
1	13	1.01289
1	14	1.0121
1	15	0.982062
1	18	0.983045
1	30	0.981931
1	51	1.00399
1	111	0.943228
1	150	0.976492
1	165	0.866234
1	172	2.42464
2	1	0.893487
2	5	1.0086
2	13	1.00648
2	14	1.0057
2	15	0.975659
2	18	0.976643
2	30	0.975528
2	92	0.972464
2	150	0.970089
2	154	1.12366
2	165	0.859831
2	168	2.33378
3	49	1.05615
3	71	1.02683
3	78	1.07693
3	79	1.08296
3	83	1.07341
3	86	1.06004
3	89	1.06011
3	90	1.11928
3	93	1.06042
3	148	0.954309
3	158	1.58016
3	171	1.45907
4	11	1.01981
4	24	1.10549
4	27	1.10447
4	28	1.10385
4	39	1.07193
4	85	0.85592
4	141	0.997866
4	147	1.04342
4	154	1.07737
4	157	1.10273
4	170	1.50398
4	178	2.22368
5	1	1.015
5	2	1.0086
5	13	1.12799
5	14	1.12721
5	15	1.09717
5	18	1.09815
5	30	1.09704
5	133	1.47863
5	146	1.01986
5	150	1.0916
5	153	1.50666
5	165	0.981342
6	19	1.02498
6	35	0.92075
6	52	0.969516
6	55	0.968727
6	69	0.938694
6	74	1.01232
6	76	1.01648
6	80	0.994182
6	84	0.782245
6	156	0.920779
6	165	0.891569
6	174	2.8426
7	10	1.06597
7	16	1.15257
7	22	1.14657
7	31	1.03841
7	123	1.12492
7	132	1.07901
7	149	1.11093
7	150	1.14438
7	160	0.835007
7	169	1.95236
7	178	1.32898
8	54	1.85626
8	81	0.849144
8	158	0.935683
8	162	0.890369
8	166	0.890515
8	171	0.899051
8	173	0.832379
8	174	0.856016
8	177	0.859295
8	178	0.851113
8	179	0.837444
8	180	0.89076
9	60	0.946262
9	71	0.921002
9	79	0.977134
9	83	0.967577
9	86	0.954212
9	89	0.95428
9	90	1.01345
9	93	0.954589
9	147	0.937741
9	154	0.971689
9	163	1.58784
9	164	1.94597
10	7	1.06597
10	16	0.982867
10	22	0.976862
10	31	0.868705
10	87	0.974298
10	92	0.977052
10	103	1.74819
10	123	0.955214
10	132	0.909302
10	149	0.941229
10	150	0.974677
10	154	1.66905
11	4	1.01981
11	12	1.00079
11	24	0.980267
11	27	0.979241
11	28	0.978621
11	39	0.946706
11	141	0.872639
11	147	0.918197
11	154	0.952145
11	157	0.977507
11	170	2.18532
11	171	1.35109
12	11	1.00079
12	24	1.08647
12	27	1.08544
12	28	1.08482
12	39	1.05291
12	92	0.875358
12	116	1.13647
12	133	1.32296
12	147	1.0244
12	154	1.05835
12	157	1.08371
12	170	1.97993
13	1	1.01289
13	2	1.00648
13	5	1.12799
13	14	1.12509
13	15	1.09506
13	92	1.09186
13	106	0.746059
13	111	1.05622
13	150	1.08949
13	165	0.979229
13	172	0.97153
13	178	2.50713
14	1	1.0121
14	2	1.0057
14	5	1.12721
14	13	1.12509
14	15	1.09427
14	18	1.09525
14	30	1.09414
14	140	0.853463
14	150	1.0887
14	161	1.77623
14	165	0.978442
14	166	1.42532
15	1	0.982062
15	2	0.975659
15	5	1.09717
15	13	1.09506
15	14	1.09427
15	18	1.06522
15	30	1.0641
15	111	1.0254
15	140	0.806421
15	150	1.05866
15	165	0.948406
15	172	1.39893
15	175	2.08476
16	7	1.15257
16	10	0.982867
16	22	1.06347
16	31	0.955312
16	87	1.06091
16	92	1.06366
16	123	1.04182
16	132	0.995909
16	134	0.670192
16	149	1.02784
16	150	1.06128
16	176	2.07186
16	177	1.62514
17	101	0.777012
17	131	0.788348
17	160	0.974651
17	161	0.9653
17	167	0.912596
17	170	0.944846
17	171	0.9668
17	172	0.996783
17	176	0.913146
17	177	0.927044
17	178	0.918862
17	179	0.905193
17	180	0.958509
18	1	0.983045
18	2	0.976643
18	5	1.09815
18	14	1.09525
18	15	1.06522
18	30	1.06509
18	92	1.06202
18	111	1.02638
18	138	1.54185
18	142	1.95675
18	150	1.05965
18	155	0.776785
18	165	0.949389
19	6	1.02498
19	23	1.11338
19	52	1.04394
19	55	1.04315
19	69	1.01312
19	72	2.11856
19	74	1.08674
19	76	1.0909
19	80	1.0686
19	115	0.970865
19	126	1.24039
19	156	0.9952
19	165	0.96599
20	38	0.988648
20	46	0.969975
20	50	0.962552
20	61	0.852573
20	68	0.9088
20	75	0.979602
20	77	0.964989
20	116	1.03147
20	149	0.941592
20	152	2.21204
20	156	0.893992
20	157	0.978706
20	166	1.54553
21	49	1.03548
21	60	1.03142
21	71	1.00616
21	78	1.05627
21	83	1.05274
21	86	1.03937
21	89	1.03944
21	90	1.09861
21	93	1.03975
21	105	1.32466
21	147	1.0229
21	161	1.61523
21	171	1.26665
22	7	1.14657
22	10	0.976862
22	16	1.06347
22	31	0.949306
22	63	1.0864
22	92	1.05765
22	103	0.676266
22	123	1.03581
22	132	0.989904
22	149	1.02183
22	150	1.05528
22	156	1.22844
22	177	2.32431
23	19	1.11338
23	29	1.0187
23	35	1.00915
23	52	1.05792
23	55	1.05713
23	69	1.0271
23	74	1.10072
23	80	1.08258
23	137	0.63683
23	156	1.00918
23	158	1.33561
23	165	0.97997
23	174	2.42591
24	4	1.10549
24	11	0.980267
24	12	1.08647
24	27	1.06492
24	28	1.0643
24	39	1.03239
24	109	1.05952
24	141	0.958318
24	147	1.00388
24	154	1.03782
24	157	1.06319
24	158	0.976889
24	167	2.43048
25	26	1.04892
25	36	1.02486
25	40	1.02529
25	41	1.02231
25	48	1.09792
25	53	1.07231
25	59	1.05205
25	65	1.05232
25	67	1.05232
25	106	0.829677
25	153	1.0121
25	161	1.3854
25	177	2.11341
26	25	1.04892
26	36	0.915791
26	40	0.916216
26	41	0.913237
26	43	0.990927
26	48	0.988851
26	53	0.963239
26	59	0.942984
26	65	0.943252
26	67	0.943248
26	99	2.19493
26	153	0.903033
26	156	1.40706
27	4	1.10447
27	11	0.979241
27	12	1.08544
27	24	1.06492
27	28	1.06327
27	39	1.03136
27	137	0.620339
27	141	0.957292
27	146	0.916516
27	147	1.00285
27	154	1.0368
27	157	1.06216
27	176	2.72134
28	4	1.10385
28	11	0.978621
28	12	1.08482
28	24	1.0643
28	27	1.06327
28	39	1.03074
28	109	0.917676
28	110	1.43261
28	141	0.956672
28	147	1.00223
28	154	1.03618
28	157	1.06154
28	178	2.26787
29	23	1.0187
29	35	0.900491
29	52	0.949257
29	55	0.948468
29	69	0.918435
29	74	0.992061
29	76	0.996216
29	80	0.973923
29	98	0.982961
29	156	0.90052
29	162	1.87688
29	165	0.87131
29	180	1.93281
30	1	0.981931
30	2	0.975528
30	5	1.09704
30	14	1.09414
30	15	1.0641
30	18	1.06509
30	51	0.726771
30	92	1.06091
30	111	1.02527
30	120	1.3454
30	122	1.92299
30	150	1.05853
30	165	0.948275
31	7	1.03841
31	10	0.868705
31	16	0.955312
31	22	0.949306
31	63	0.978244
31	87	0.946743
31	92	0.949497
31	123	0.927658
31	132	0.881747
31	144	1.96137
31	149	0.913674
31	150	0.947122
31	166	1.78714
32	88	0.929309
32	100	0.966636
32	101	0.966474
32	104	0.950073
32	107	0.946077
32	113	0.937532
32	121	0.972682
32	127	0.910933
32	128	0.947395
32	129	0.938832
32	131	0.938865
32	139	1.89136
32	153	1.79915
33	44	1.02394
33	45	1.01757
33	47	1.02153
33	54	1.01265
33	57	1.01196
33	58	1.07819
33	62	0.994396
33	66	0.994357
33	73	1.05602
33	109	1.08861
33	135	1.05967
33	147	0.993437
33	157	1.05275
33	179	2.5482
34	52	0.856381
34	93	1.01026
34	140	1.01237
34	155	1.02944
34	161	0.936445
34	168	0.912316
34	171	0.937945
34	172	0.967928
34	174	0.894911
34	175	0.915483
34	176	0.884292
34	178	0.890008
34	179	0.876338
34	180	0.929654
35	6	0.92075
35	23	1.00915
35	29	0.900491
35	52	0.939707
35	55	0.938917
35	69	0.908884
35	74	0.98251
35	76	0.986665
35	80	0.964373
35	82	1.45143
35	109	0.935082
35	156	0.890969
35	165	0.861759
35	171	2.30761
36	25	1.02486
36	26	0.915791
36	40	0.892162
36	41	0.889182
36	43	0.966872
36	48	0.964796
36	53	0.939184
36	59	0.918929
36	65	0.919197
36	67	0.919193
36	116	1.02884
36	124	2.06555
36	153	0.878978
36	164	1.94295
37	95	0.988194
37	96	0.98785
37	100	1.0456
37	104	1.02903
37	107	1.02504
37	112	1.01748
37	119	1.06272
37	127	0.989893
37	128	1.02636
37	129	1.01779
37	131	1.01783
37	134	0.816797
37	143	1.38093
37	174	2.44869
38	20	0.988648
38	46	1.06164
38	50	1.05421
38	61	0.944235
38	68	1.00046
38	75	1.07126
38	77	1.05665
38	85	0.821148
38	132	1.00133
38	138	2.08352
38	145	1.3825
38	149	1.03325
38	153	0.973265
38	157	1.07037
39	4	1.07193
39	11	0.946706
39	12	1.05291
39	24	1.03239
39	27	1.03136
39	28	1.03074
39	116	1.08238
39	141	0.924757
39	143	1.69099
39	147	0.970315
39	154	1.00426
39	155	1.05732
39	157	1.02963
39	180	1.85527
40	25	1.02529
40	26	0.916216
40	36	0.892162
40	41	0.889608
40	43	0.967297
40	48	0.965221
40	53	0.939609
40	59	0.919354
40	63	1.00396
40	65	0.919622
40	67	0.919619
40	153	0.879404
40	166	1.41053
40	174	2.62425
41	25	1.02231
41	26	0.913237
41	36	0.889182
41	40	0.889608
41	43	0.964318
41	48	0.962242
41	53	0.93663
41	59	0.916375
41	65	0.916643
41	67	0.916639
41	116	1.02629
41	141	1.45527
41	153	0.876424
41	179	2.68713
42	56	1.07797
42	60	0.979825
42	71	0.954564
42	78	1.00467
42	79	1.0107
42	83	1.00114
42	86	0.987775
42	89	0.987842
42	90	1.04701
42	93	0.988151
42	136	1.13172
42	147	0.971303
42	151	1.36861
42	154	1.00525
42	164	2.07471
43	26	0.990927
43	36	0.966872
43	40	0.967297
43	41	0.964318
43	48	1.03993
43	53	1.01432
43	59	0.994065
43	63	1.07867
43	65	0.994333
43	67	0.994329
43	98	1.04894
43	114	1.27709
43	153	0.954114
43	161	1.80877
43	171	1.46019
44	33	1.02394
44	45	0.996434
44	47	1.0004
44	54	0.991518
44	57	0.990832
44	58	1.05706
44	62	0.973265
44	66	0.973226
44	73	1.03489
44	97	4.2
44	147	0.972305
44	149	0.994501
44	154	0.628027
44	157	1.03161
44	175	1.1533
45	33	1.01757
45	44	0.996434
45	47	0.994032
45	54	0.985148
45	57	0.984461
45	58	1.05069
45	62	0.966894
45	66	0.966855
45	73	1.02852
45	98	1.02297
45	141	1.05007
45	149	0.988131
45	157	1.02524
45	173	2.99786
45	180	0.926515
46	20	0.969975
46	38	1.06164
46	50	1.03554
46	61	0.925562
46	68	0.981788
46	75	1.05259
46	77	1.03798
46	84	0.573114
46	132	0.982654
46	149	1.01458
46	150	1.04803
46	153	0.954592
46	156	0.966981
46	165	2.14357
46	168	1.98161
47	33	1.02153
47	44	1.0004
47	45	0.994032
47	54	0.989117
47	57	0.988431
47	58	1.05466
47	62	0.970863
47	66	0.970824
47	73	1.03249
47	130	1.25693
47	140	1.39005
47	147	0.969904
47	149	0.9921
47	157	1.02921
47	166	1.9619
48	25	1.09792
48	26	0.988851
48	36	0.964796
48	40	0.965221
48	41	0.962242
48	43	1.03993
48	53	1.01224
48	59	0.991989
48	65	0.992257
48	67	0.992253
48	98	1.04687
48	106	1.7702
48	148	1.47258
48	153	0.952038
48	154	1.32675
49	3	1.05615
49	21	1.03548
49	56	1.06105
49	60	0.962905
49	78	0.987747
49	79	0.993777
49	83	0.98422
49	86	0.970855
49	89	0.970922
49	90	1.03009
49	93	0.971231
49	140	1.3679
49	146	1.66057
49	151	1.52186
49	154	0.988332
50	20	0.962552
50	38	1.05421
50	46	1.03554
50	61	0.918139
50	68	0.974365
50	75	1.04517
50	77	1.03055
50	125	1.05023
50	137	0.741868
50	149	1.00716
50	150	1.04061
50	153	0.947169
50	156	0.959558
50	157	1.04427
50	167	2.89424
51	1	1.00399
51	30	0.726771
51	104	0.237873
51	149	0.214008
51	164	1.08772
51	166	1.08882
51	168	1.07173
51	169	1.03436
51	170	1.0754
51	171	1.09736
51	173	1.03068
51	175	1.07489
51	176	1.0437
51	178	1.04942
51	179	1.03575
51	180	1.08906
52	6	0.969516
52	19	1.04394
52	23	1.05792
52	29	0.949257
52	34	0.856381
52	35	0.939707
52	55	0.987684
52	69	0.957651
52	74	1.03128
52	76	1.03543
52	80	1.01314
52	99	2.40507
52	111	0.987519
52	130	0.929177
52	156	0.939736
52	165	0.910525
53	25	1.07231
53	26	0.963239
53	36	0.939184
53	40	0.939609
53	41	0.93663
53	43	1.01432
53	48	1.01224
53	59	0.966377
53	65	0.966645
53	67	0.966641
53	98	1.02126
53	116	1.07629
53	153	0.926426
53	167	2.68786
53	171	1.11317
53	172	1.1315
54	8	1.85626
54	33	1.01265
54	44	0.991518
54	45	0.985148
54	47	0.989117
54	57	0.979546
54	58	1.04577
54	62	0.961979
54	66	0.96194
54	73	1.0236
54	117	0.882215
54	137	0.583128
54	147	0.961019
54	149	0.983215
54	157	1.02033
54	175	1.86497
55	6	0.968727
55	19	1.04315
55	23	1.05713
55	29	0.948468
55	35	0.938917
55	52	0.987684
55	69	0.956862
55	74	1.03049
55	76	1.03464
55	80	1.01235
55	111	0.98673
55	132	1.09046
55	156	0.938946
55	165	0.909736
55	167	2.58741
55	180	1.32063
56	42	1.07797
56	49	1.06105
56	71	1.03173
56	78	1.08183
56	79	1.08786
56	83	1.0783
56	86	1.06494
56	89	1.06501
56	90	1.12417
56	93	1.06532
56	108	0.846125
56	117	0.969664
56	118	2.23752
56	120	0.74467
56	154	1.08242
56	156	1.50907
57	33	1.01196
57	44	0.990832
57	45	0.984461
57	47	0.988431
57	54	0.979546
57	58	1.04509
57	62	0.961292
57	66	0.961253
57	73	1.02292
57	117	0.881529
57	147	0.960333
57	149	0.982529
57	155	1.203
57	157	1.01964
57	171	1.69305
57	180	2.00096
58	33	1.07819
58	44	1.05706
58	45	1.05069
58	47	1.05466
58	54	1.04577
58	57	1.04509
58	62	1.02752
58	66	1.02748
58	73	1.08914
58	111	0.902421
58	117	0.947756
58	145	1.54175
58	147	1.02656
58	149	1.04876
58	157	1.08587
58	166	1.57397
58	172	1.59462
59	25	1.05205
59	26	0.942984
59	36	0.918929
59	40	0.919354
59	41	0.916375
59	43	0.994065
59	48	0.991989
59	53	0.966377
59	63	1.03073
59	65	0.94639
59	67	0.946386
59	98	1.001
59	116	1.05603
59	137	0.848908
59	153	0.906171
59	174	2.63799
59	180	1.7345
60	9	0.946262
60	21	1.03142
60	42	0.979825
60	49	0.962905
60	71	0.933588
60	78	0.983691
60	79	0.989721
60	83	0.980164
60	84	1.25897
60	86	0.966799
60	89	0.966866
60	90	1.02603
60	93	0.967175
60	108	1.4257
60	117	0.871523
60	141	2.5394
60	154	0.984276
61	20	0.852573
61	38	0.944235
61	46	0.925562
61	50	0.918139
61	68	0.864386
61	75	0.935189
61	77	0.920576
61	87	0.930248
61	116	0.987052
61	132	0.865252
61	141	1.75527
61	149	0.897179
61	150	0.930627
61	153	0.83719
61	156	0.849579
61	157	0.934293
61	179	2.98713
62	33	0.994396
62	44	0.973265
62	45	0.966894
62	47	0.970863
62	54	0.961979
62	57	0.961292
62	58	1.02752
62	66	0.943686
62	73	1.00535
62	98	0.999803
62	117	0.863962
62	143	0.983066
62	147	0.942766
62	149	0.964962
62	157	1.00208
62	177	1.91602
62	178	2.39336
63	22	1.0864
63	31	0.978244
63	40	1.00396
63	43	1.07867
63	59	1.03073
63	65	1.031
63	67	1.03099
63	72	1.48144
63	118	1.3554
63	127	1.03003
63	128	1.0665
63	129	1.05793
63	131	1.05797
63	149	1.05077
63	150	1.08422
63	158	0.767334
63	176	2.16955
64	70	1.01158
64	95	1.02858
64	96	1.02823
64	104	1.06942
64	107	1.06542
64	108	0.723062
64	112	1.05787
64	113	1.05688
64	117	2.23881
64	121	1.09203
64	127	1.03028
64	128	1.06674
64	129	1.05818
64	131	1.05821
64	141	0.983258
64	170	1.47151
64	175	1.34144
65	25	1.05232
65	26	0.943252
65	36	0.919197
65	40	0.919622
65	41	0.916643
65	43	0.994333
65	48	0.992257
65	53	0.966645
65	59	0.94639
65	63	1.031
65	67	0.946654
65	98	1.00127
65	116	1.0563
65	132	2.0888
65	136	1.35395
65	148	1.50631
65	153	0.906439
66	33	0.994357
66	44	0.973226
66	45	0.966855
66	47	0.970824
66	54	0.96194
66	57	0.961253
66	58	1.02748
66	62	0.943686
66	73	1.00531
66	87	1.21225
66	98	0.999764
66	117	0.863923
66	130	1.54995
66	147	0.942727
66	149	0.964923
66	157	1.00204
66	163	2.185
67	25	1.05232
67	26	0.943248
67	36	0.919193
67	40	0.919619
67	41	0.916639
67	43	0.994329
67	48	0.992253
67	53	0.966641
67	59	0.946386
67	63	1.03099
67	65	0.946654
67	98	1.00127
67	103	0.857336
67	116	1.0563
67	142	2.51018
67	153	0.906435
67	164	1.71467
68	20	0.9088
68	38	1.00046
68	46	0.981788
68	50	0.974365
68	61	0.864386
68	75	0.991415
68	77	0.976802
68	87	0.986474
68	110	1.44257
68	116	1.04328
68	132	0.921478
68	149	0.953405
68	150	0.986853
68	153	0.893416
68	156	0.905805
68	157	0.990519
68	164	1.00978
68	173	3.10316
69	6	0.938694
69	19	1.01312
69	23	1.0271
69	29	0.918435
69	35	0.908884
69	52	0.957651
69	55	0.956862
69	74	1.00045
69	76	1.00461
69	80	0.982317
69	98	0.991355
69	109	0.953026
69	111	0.956697
69	156	0.908913
69	162	1.61871
69	165	0.879703
69	175	2.07088
69	180	1.67464
70	64	1.01158
70	84	1.38567
70	91	0.942789
70	95	0.924327
70	96	0.923984
70	100	0.98173
70	101	0.981568
70	104	0.965167
70	112	0.953616
70	113	0.952626
70	119	0.998856
70	121	0.987776
70	127	0.926027
70	128	0.962489
70	129	0.953926
70	131	0.953959
70	137	1.65694
70	159	2.19496
71	3	1.02683
71	9	0.921002
71	21	1.00616
71	42	0.954564
71	56	1.03173
71	60	0.933588
71	78	0.95843
71	79	0.96446
71	83	0.954903
71	86	0.941538
71	89	0.941605
71	90	1.00077
71	93	0.941914
71	117	0.846263
71	130	0.627225
71	154	0.959015
71	161	1.6831
71	179	2.99784
72	19	2.11856
72	63	1.48144
72	125	0.947659
72	134	0.967303
72	136	0.960807
72	137	1.02352
72	143	0.936864
72	167	0.850477
72	169	0.841685
72	171	0.904681
72	172	0.934664
72	173	0.838009
72	175	0.882219
72	176	0.851027
72	177	0.864925
72	178	0.856743
72	179	0.843074
72	180	0.89639
73	33	1.05602
73	44	1.03489
73	45	1.02852
73	47	1.03249
73	54	1.0236
73	57	1.02292
73	58	1.08914
73	62	1.00535
73	66	1.00531
73	98	1.06143
73	111	1.12557
73	114	1.61634
73	117	0.925584
73	123	1.23406
73	146	1.51793
73	147	1.00439
73	149	1.02658
73	157	1.0637
74	6	1.01232
74	19	1.08674
74	23	1.10072
74	29	0.992061
74	35	0.98251
74	52	1.03128
74	55	1.03049
74	69	1.00045
74	76	1.07824
74	80	1.05594
74	81	4
74	98	1.06498
74	109	1.02665
74	124	0.875691
74	156	0.982539
74	165	0.953329
74	172	0.71471
74	174	0.820567
75	20	0.979602
75	38	1.07126
75	46	1.05259
75	50	1.04517
75	61	0.935189
75	68	0.991415
75	77	1.0476
75	87	1.05728
75	116	1.11408
75	117	2.96119
75	123	0.794291
75	126	1.3167
75	130	0.652372
75	149	1.02421
75	150	1.05766
75	153	0.964219
75	156	0.976608
75	157	1.06132
76	6	1.01648
76	19	1.0909
76	29	0.996216
76	35	0.986665
76	52	1.03543
76	55	1.03464
76	69	1.00461
76	74	1.07824
76	80	1.0601
76	98	1.06914
76	102	1.44626
76	105	1.47282
76	109	1.03081
76	111	1.03448
76	115	1.10233
76	139	1.71231
76	156	0.986694
76	165	0.957484
77	20	0.964989
77	38	1.05665
77	46	1.03798
77	50	1.03055
77	61	0.920576
77	68	0.976802
77	75	1.0476
77	87	1.04266
77	116	1.09947
77	132	0.977668
77	139	1.44714
77	149	1.00959
77	150	1.04304
77	151	0.729411
77	153	0.949606
77	154	0.949791
77	156	0.961995
77	157	1.04671
77	169	3.32695
78	3	1.07693
78	21	1.05627
78	42	1.00467
78	49	0.987747
78	56	1.08183
78	60	0.983691
78	71	0.95843
78	79	1.01456
78	83	1.00501
78	85	1.38836
78	86	0.991641
78	89	0.991708
78	90	1.05088
78	93	0.992018
78	123	1.41887
78	136	1.32713
78	147	0.97517
78	148	1.47949
78	154	1.00912
79	3	1.08296
79	9	0.977134
79	42	1.0107
79	49	0.993777
79	56	1.08786
79	60	0.989721
79	71	0.96446
79	78	1.01456
79	83	1.01104
79	86	0.997671
79	89	0.997738
79	90	1.0569
79	92	0.914173
79	93	0.998047
79	144	1.35642
79	147	0.981199
79	154	1.01515
79	172	1.20284
79	176	2.70782
80	6	0.994182
80	19	1.0686
80	23	1.08258
80	29	0.973923
80	35	0.964373
80	52	1.01314
80	55	1.01235
80	69	0.982317
80	74	1.05594
80	76	1.0601
80	98	1.04684
80	102	1.01413
80	109	1.00851
80	111	1.01219
80	133	1.15995
80	156	0.964402
80	161	1.33127
80	165	0.935191
80	176	2.50599
81	8	0.849144
81	74	4
81	114	0.868127
81	118	0.857432
81	133	0.890028
81	143	0.886662
81	146	0.898046
81	155	0.945977
81	164	0.844845
81	167	0.800274
81	168	0.828849
81	170	0.832525
81	173	0.787807
81	174	0.811443
81	175	0.832016
81	176	0.800825
81	177	0.814722
81	178	0.80654
81	179	0.792871
81	180	0.846187
82	35	1.45143
82	86	0.999457
82	110	0.975743
82	128	0.551772
82	151	1.00734
82	152	0.933212
82	161	0.954374
82	162	0.947192
82	163	0.981165
82	169	0.892878
82	170	0.933921
82	171	0.955874
82	172	0.985857
82	174	0.91284
82	175	0.933412
82	176	0.902221
82	177	0.916118
82	178	0.907937
82	179	0.894267
82	180	0.947583
83	3	1.07341
83	9	0.967577
83	21	1.05274
83	42	1.00114
83	49	0.98422
83	56	1.0783
83	60	0.980164
83	71	0.954903
83	78	1.00501
83	79	1.01104
83	86	0.988114
83	89	0.988181
83	90	1.04735
83	93	0.98849
83	110	1.92482
83	117	0.892838
83	147	0.971642
83	152	1.87036
83	155	0.71612
83	165	1.92765
84	6	0.782245
84	46	0.573114
84	60	1.25897
84	70	1.38567
84	146	1.05397
84	152	0.98774
84	155	1.1019
84	159	1.0171
84	162	1.00172
84	166	1.00187
84	168	0.984772
84	169	0.947406
84	171	1.0104
84	172	1.04038
84	175	0.98794
84	176	0.956748
84	177	0.970646
84	178	0.962464
84	179	0.948795
84	180	1.00211
85	4	0.85592
85	38	0.821148
85	78	1.38836
85	130	1.10168
85	137	1.12272
85	142	0.965925
85	144	1.00137
85	145	1.02507
85	148	1.04169
85	157	0.34414
85	158	1.04051
85	166	0.995345
85	167	0.949678
85	174	0.960847
85	175	0.981419
85	176	0.950228
85	177	0.964125
85	178	0.955944
85	179	0.942274
85	180	0.995591
86	3	1.06004
86	9	0.954212
86	21	1.03937
86	42	0.987775
86	49	0.970855
86	56	1.06494
86	60	0.966799
86	71	0.941538
86	78	0.991641
86	79	0.997671
86	82	0.999457
86	83	0.988114
86	89	0.974816
86	90	1.03398
86	93	0.975125
86	117	0.879473
86	125	1.58631
86	145	1.82109
86	147	0.958277
86	148	1.35087
86	154	0.992226
87	10	0.974298
87	16	1.06091
87	31	0.946743
87	61	0.930248
87	66	1.21225
87	68	0.986474
87	75	1.05728
87	77	1.04266
87	89	0.866091
87	97	0.9212
87	124	0.964862
87	129	0.473642
87	147	0.51817
87	149	1.01927
87	150	1.05272
87	156	0.971667
87	157	1.05638
87	171	0.978361
87	177	0.938605
87	179	0.916754
87	180	0.97007
88	32	0.929309
88	91	0.979868
88	92	0.945657
88	94	0.976612
88	95	0.961406
88	96	0.961063
88	100	1.01881
88	101	1.01865
88	104	1.00225
88	107	0.99825
88	112	0.990695
88	113	0.989705
88	119	1.03594
88	121	1.02486
88	122	1.0099
88	127	0.963106
88	128	0.999568
88	129	0.991005
88	131	0.991038
88	168	1.77553
88	178	2.76992
89	3	1.06011
89	9	0.95428
89	21	1.03944
89	42	0.987842
89	49	0.970922
89	56	1.06501
89	60	0.966866
89	71	0.941605
89	78	0.991708
89	79	0.997738
89	83	0.988181
89	86	0.974816
89	87	0.866091
89	90	1.03405
89	93	0.975192
89	117	0.879541
89	136	1.25397
89	147	0.958345
89	151	1.49086
89	153	2.11638
89	154	0.992293
90	3	1.11928
90	9	1.01345
90	21	1.09861
90	42	1.04701
90	49	1.03009
90	56	1.12417
90	60	1.02603
90	71	1.00077
90	78	1.05088
90	79	1.0569
90	83	1.04735
90	86	1.03398
90	89	1.03405
90	93	1.03436
90	118	1.60708
90	132	0.975657
90	147	1.01751
90	154	1.05146
90	162	1.1499
90	166	0.895601
90	179	2.56125
91	70	0.942789
91	88	0.979868
91	94	0.974998
91	95	0.959792
91	96	0.959448
91	100	1.01719
91	101	1.01703
91	104	1.00063
91	107	0.996636
91	111	1.19546
91	112	0.989081
91	113	0.988091
91	119	1.03432
91	121	1.02324
91	127	0.961491
91	128	0.997954
91	129	0.98939
91	131	0.989424
91	140	1.29515
91	156	1.85005
91	158	1.99043
92	2	0.972464
92	10	0.977052
92	12	0.875358
92	13	1.09186
92	16	1.06366
92	18	1.06202
92	22	1.05765
92	30	1.06091
92	31	0.949497
92	79	0.914173
92	88	0.945657
92	119	0.653809
92	149	1.02202
92	150	1.05547
92	164	0.971482
92	165	0.945211
92	176	0.927461
92	178	0.933177
92	179	0.919508
92	180	0.972824
93	3	1.06042
93	9	0.954589
93	21	1.03975
93	34	1.01026
93	42	0.988151
93	49	0.971231
93	56	1.06532
93	60	0.967175
93	71	0.941914
93	78	0.992018
93	79	0.998047
93	83	0.98849
93	86	0.975125
93	89	0.975192
93	90	1.03436
93	117	0.87985
93	136	1.13323
93	147	0.958654
93	154	0.992602
93	155	1.30031
93	168	2.34988
94	88	0.976612
94	91	0.974998
94	95	0.956536
94	96	0.956193
94	100	1.01394
94	101	1.01378
94	104	0.997376
94	107	0.99338
94	109	0.975483
94	112	0.985825
94	113	0.984835
94	115	1.18887
94	119	1.03107
94	121	1.01999
94	127	0.958236
94	128	0.994698
94	129	0.986135
94	131	0.986168
94	143	1.64499
94	160	2.0263
94	162	1.75334
95	37	0.988194
95	64	1.02858
95	70	0.924327
95	88	0.961406
95	91	0.959792
95	94	0.956536
95	101	0.998571
95	104	0.98217
95	107	0.978174
95	112	0.97062
95	113	0.969629
95	119	1.01586
95	121	1.00478
95	123	0.977748
95	127	0.94303
95	128	0.979492
95	129	0.970929
95	131	0.970962
95	160	1.34126
95	165	1.53781
95	172	0.834652
95	173	3.19558
96	37	0.98785
96	64	1.02823
96	70	0.923984
96	88	0.961063
96	91	0.959448
96	94	0.956193
96	100	0.99839
96	101	0.998227
96	104	0.981826
96	107	0.97783
96	111	1.37655
96	112	0.970276
96	113	0.969286
96	115	1.73794
96	119	1.01552
96	121	1.00444
96	125	1.7811
96	127	0.942686
96	128	0.979149
96	129	0.970585
96	131	0.970618
96	134	1.62992
97	44	4.2
97	87	0.9212
97	122	0.897331
97	138	0.828345
97	146	0.890793
97	158	0.883857
97	161	0.845724
97	162	0.838542
97	163	0.872515
97	167	0.79302
97	168	0.821595
97	170	0.825271
97	171	0.847224
97	172	0.877207
97	173	0.780553
97	175	0.824762
97	176	0.793571
97	177	0.807468
97	178	0.799287
97	179	0.785617
97	180	0.838933
98	29	0.982961
98	43	1.04894
98	45	1.02297
98	48	1.04687
98	53	1.02126
98	59	1.001
98	62	0.999803
98	65	1.00127
98	66	0.999764
98	67	1.00127
98	69	0.991355
98	73	1.06143
98	74	1.06498
98	76	1.06914
98	80	1.04684
98	120	0.907953
98	123	1.12626
98	130	0.984344
98	149	1.02104
98	157	1.05815
98	159	1.65197
98	165	0.944229
98	175	2.3958
99	26	2.19493
99	52	2.40507
99	126	0.934559
99	138	0.871504
99	139	0.897833
99	140	0.964805
99	142	0.852426
99	146	0.933952
99	151	0.941851
99	160	0.898234
99	164	0.88075
99	167	0.836179
99	169	0.827387
99	170	0.86843
99	171	0.890383
99	173	0.823712
99	174	0.847348
99	175	0.867921
99	176	0.83673
99	177	0.850627
99	178	0.842445
99	179	0.828776
99	180	0.882092
100	32	0.966636
100	37	1.0456
100	70	0.98173
100	88	1.01881
100	91	1.01719
100	94	1.01394
100	96	0.99839
100	101	1.05597
100	104	1.03957
100	107	1.03558
100	108	0.95219
100	113	1.02703
100	119	1.07326
100	121	1.06218
100	127	1.00043
100	128	1.0369
100	129	1.02833
100	131	1.02837
100	134	1.21392
100	135	1.80921
100	141	0.953413
100	154	0.983828
100	170	2.46865
101	17	0.777012
101	32	0.966474
101	70	0.981568
101	88	1.01865
101	91	1.01703
101	94	1.01378
101	95	0.998571
101	96	0.998227
101	100	1.05597
101	107	1.03541
101	109	1.01752
101	112	1.02786
101	113	1.02687
101	119	1.0731
101	121	1.06202
101	127	1.00027
101	128	1.03673
101	129	1.02817
101	131	1.0282
101	135	1.70465
101	151	1.10964
101	162	1.78184
101	163	1.45761
102	76	1.44626
102	80	1.01413
102	115	0.992602
102	135	0.959362
102	139	0.945081
102	142	0.899674
102	149	1.64778
102	161	0.936131
102	162	0.928949
102	163	0.962922
102	167	0.883427
102	168	0.912002
102	169	0.874635
102	170	0.915678
102	171	0.937631
102	172	0.967614
102	173	0.87096
102	175	0.915169
102	176	0.883978
102	177	0.897875
102	178	0.889693
102	179	0.876024
102	180	0.92934
103	10	1.74819
103	22	0.676266
103	67	0.857336
103	142	0.94112
103	143	1.01126
103	147	0.991712
103	153	0.959995
103	158	1.01571
103	161	0.977577
103	162	0.970395
103	163	1.00437
103	166	0.970541
103	167	0.924873
103	169	0.916081
103	171	0.979077
103	172	1.00906
103	173	0.912406
103	174	0.936043
103	175	0.956615
103	176	0.925424
103	177	0.939321
103	178	0.93114
103	179	0.91747
103	180	0.970786
104	32	0.950073
104	37	1.02903
104	51	0.237873
104	64	1.06942
104	70	0.965167
104	88	1.00225
104	91	1.00063
104	94	0.997376
104	95	0.98217
104	96	0.981826
104	100	1.03957
104	107	1.01901
104	112	1.01146
104	113	1.01047
104	119	1.0567
104	121	1.04562
104	127	0.983869
104	128	1.02033
104	129	1.01177
104	131	1.0118
104	146	1.35868
104	156	1.62091
104	159	1.60052
104	160	2.16513
105	21	1.32466
105	76	1.47282
105	108	1.03829
105	113	1.42536
105	137	1.03474
105	139	0.923355
105	148	0.953713
105	158	0.952538
105	160	0.923757
105	163	0.941197
105	164	0.906273
105	166	0.90737
105	167	0.861702
105	168	0.890276
105	169	0.85291
105	170	0.893953
105	171	0.915906
105	172	0.945889
105	173	0.849235
105	176	0.862253
105	177	0.87615
105	178	0.867968
105	179	0.854299
105	180	0.907615
106	13	0.746059
106	25	0.829677
106	48	1.7702
106	134	1.03871
106	144	0.973581
106	145	0.997278
106	150	0.89298
106	152	0.95343
106	155	1.06759
106	164	0.966459
106	166	0.967556
106	167	0.921888
106	168	0.950462
106	169	0.913096
106	170	0.954139
106	172	1.00607
106	173	0.90942
106	174	0.933057
106	175	0.95363
106	176	0.922438
106	177	0.936336
106	178	0.928154
106	179	0.914485
106	180	0.967801
107	32	0.946077
107	37	1.02504
107	64	1.06542
107	88	0.99825
107	91	0.996636
107	94	0.99338
107	95	0.978174
107	96	0.97783
107	100	1.03558
107	101	1.03541
107	104	1.01901
107	112	1.00746
107	113	1.00647
107	119	1.0527
107	121	1.04162
107	127	0.979873
107	128	1.01634
107	129	1.00777
107	131	1.00781
107	151	1.18353
107	154	0.953166
107	155	1.11372
107	156	1.58448
107	177	2.68035
108	56	0.846125
108	60	1.4257
108	64	0.723062
108	100	0.95219
108	105	1.03829
108	119	0.241916
108	135	1.0485
108	142	0.988815
108	148	1.06458
108	158	1.0634
108	161	1.02527
108	164	1.01714
108	166	1.01824
108	169	0.963776
108	171	1.02677
108	172	1.05676
108	173	0.960101
108	174	0.983737
108	175	1.00431
108	176	0.973119
108	177	0.987016
108	178	0.978834
108	179	0.965165
108	180	1.01848
109	24	1.05952
109	28	0.917676
109	33	1.08861
109	35	0.935082
109	69	0.953026
109	74	1.02665
109	76	1.03081
109	80	1.00851
109	94	0.975483
109	101	1.01752
109	119	1.03481
109	121	1.02373
109	129	0.989875
109	131	0.989909
109	138	0.922925
109	156	0.935111
109	157	1.14376
109	164	0.932171
109	165	0.905901
109	167	0.8876
109	174	0.89877
109	178	0.893867
109	179	0.880197
109	180	0.933513
110	28	1.43261
110	68	1.44257
110	82	0.975743
110	83	1.92482
110	120	1.02693
110	134	0.986876
110	138	0.905374
110	152	0.901592
110	159	0.930952
110	162	0.915572
110	163	0.949545
110	167	0.87005
110	168	0.898624
110	169	0.861257
110	170	0.9023
110	171	0.924253
110	172	0.954236
110	173	0.857582
110	174	0.881219
110	175	0.901791
110	176	0.8706
110	178	0.876316
110	179	0.862646
110	180	0.915963
111	1	0.943228
111	13	1.05622
111	15	1.0254
111	18	1.02638
111	30	1.02527
111	52	0.987519
111	55	0.98673
111	58	0.902421
111	69	0.956697
111	73	1.12557
111	76	1.03448
111	80	1.01219
111	91	1.19546
111	96	1.37655
111	150	1.01983
111	156	0.938782
111	165	0.909572
111	169	0.882479
111	170	0.923522
111	175	0.923013
111	177	0.905719
111	179	0.883868
111	180	0.937185
112	37	1.01748
112	64	1.05787
112	70	0.953616
112	88	0.990695
112	91	0.989081
112	94	0.985825
112	95	0.97062
112	96	0.970276
112	101	1.02786
112	104	1.01146
112	107	1.00746
112	113	0.998918
112	119	1.04515
112	121	1.03407
112	123	1.00704
112	125	0.982362
112	127	0.972319
112	128	1.00878
112	129	1.00022
112	131	1.00025
112	135	1.42647
112	139	1.54919
112	141	0.925299
112	142	2.33307
112	180	1.5596
113	32	0.937532
113	64	1.05688
113	70	0.952626
113	88	0.989705
113	91	0.988091
113	94	0.984835
113	95	0.969629
113	96	0.969286
113	100	1.02703
113	101	1.02687
113	104	1.01047
113	105	1.42536
113	107	1.00647
113	112	0.998918
113	119	1.04416
113	121	1.03308
113	123	1.00605
113	127	0.971329
113	128	1.00779
113	129	0.999228
113	131	0.999261
113	132	1.44509
113	145	1.33281
113	158	1.48845
113	162	1.61933
114	43	1.27709
114	73	1.61634
114	81	0.868127
114	130	1.01583
114	146	0.961602
114	147	1.38007
114	151	0.969501
114	155	1.00953
114	159	0.924732
114	160	0.925885
114	162	0.909352
114	163	0.943325
114	164	0.908401
114	167	0.86383
114	168	0.892404
114	171	0.918034
114	172	0.948017
114	173	0.851362
114	174	0.874999
114	176	0.86438
114	177	0.878278
114	178	0.870096
114	179	0.856427
114	180	0.909743
115	19	0.970865
115	76	1.10233
115	94	1.18887
115	96	1.73794
115	102	0.992602
115	120	1.06203
115	140	1.03378
115	145	0.980543
115	146	1.00292
115	152	0.936695
115	160	0.967208
115	161	0.957857
115	164	0.949723
115	166	0.95082
115	167	0.905153
115	168	0.933727
115	170	0.937403
115	171	0.959357
115	173	0.892685
115	174	0.916322
115	176	0.905703
115	177	0.919601
115	178	0.911419
115	179	0.897749
115	180	0.951066
116	12	1.13647
116	20	1.03147
116	36	1.02884
116	39	1.08238
116	41	1.02629
116	53	1.07629
116	59	1.05603
116	61	0.987052
116	65	1.0563
116	67	1.0563
116	68	1.04328
116	75	1.11408
116	77	1.09947
116	122	0.749032
116	123	0.826512
116	147	1.05387
116	150	1.10952
116	153	1.01608
116	154	1.08782
116	157	1.11318
116	159	0.915458
116	172	0.973462
116	178	2.50906
116	179	2.61845
117	54	0.882215
117	56	0.969664
117	57	0.881529
117	58	0.947756
117	60	0.871523
117	62	0.863962
117	64	2.23881
117	66	0.863923
117	71	0.846263
117	73	0.925584
117	75	2.96119
117	83	0.892838
117	86	0.879473
117	89	0.879541
117	93	0.87985
117	133	0.879841
117	146	0.88786
117	157	0.922312
117	166	0.835755
117	168	0.818662
117	171	0.844291
117	174	0.801257
117	176	0.790638
117	177	0.804535
117	179	0.782684
117	180	0.836001
118	56	2.23752
118	63	1.3554
118	81	0.857432
118	90	1.60708
118	126	0.951516
118	132	0.916319
118	137	1.02618
118	140	0.981761
118	143	0.939523
118	145	0.928526
118	160	0.915191
118	161	0.905839
118	162	0.898658
118	164	0.897706
118	166	0.898803
118	168	0.88171
118	169	0.844343
118	171	0.907339
118	172	0.937323
118	174	0.864305
118	175	0.884877
118	176	0.853686
118	177	0.867583
118	178	0.859402
118	179	0.845732
118	180	0.899049
119	37	1.06272
119	70	0.998856
119	88	1.03594
119	91	1.03432
119	92	0.653809
119	94	1.03107
119	95	1.01586
119	96	1.01552
119	100	1.07326
119	101	1.0731
119	104	1.0567
119	107	1.0527
119	108	0.241916
119	109	1.03481
119	112	1.04515
119	113	1.04416
119	121	1.07931
119	126	0.881183
119	127	1.01756
119	128	1.05402
119	129	1.04546
119	131	1.04549
119	141	0.970539
119	163	0.851898
119	173	3.3034
119	175	1.62831
120	30	1.3454
120	56	0.74467
120	98	0.907953
120	110	1.02693
120	115	1.06203
120	135	1.02879
120	145	1.02825
120	149	0.832638
120	150	0.316432
120	159	1.01376
120	162	0.998379
120	164	0.997428
120	166	0.998525
120	167	0.952858
120	168	0.981432
120	169	0.944065
120	170	0.985108
120	172	1.03704
120	173	0.94039
120	174	0.964027
120	175	0.984599
120	176	0.953408
120	177	0.967305
120	178	0.959124
120	179	0.945454
120	180	0.998771
121	32	0.972682
121	64	1.09203
121	70	0.987776
121	88	1.02486
121	91	1.02324
121	94	1.01999
121	95	1.00478
121	96	1.00444
121	100	1.06218
121	101	1.06202
121	104	1.04562
121	107	1.04162
121	109	1.02373
121	112	1.03407
121	113	1.03308
121	119	1.07931
121	127	1.00648
121	128	1.04294
121	129	1.03438
121	131	1.03441
121	141	0.959459
121	143	1.10002
121	145	0.921845
121	160	1.48132
121	170	1.79062
121	175	1.66054
121	177	2.03297
122	30	1.92299
122	88	1.0099
122	97	0.897331
122	116	0.749032
122	124	0.940993
122	126	0.998668
122	128	1.20185
122	144	0.951981
122	146	0.99806
122	148	0.992299
122	151	1.00596
122	162	0.94581
122	164	0.944859
122	166	0.945956
122	167	0.900288
122	168	0.928862
122	169	0.891496
122	171	0.954492
122	172	0.984475
122	173	0.88782
122	174	0.911457
122	175	0.93203
122	176	0.900838
122	177	0.914736
122	178	0.906554
122	179	0.892885
122	180	0.946201
123	7	1.12492
123	10	0.955214
123	16	1.04182
123	22	1.03581
123	31	0.927658
123	73	1.23406
123	75	0.794291
123	78	1.41887
123	95	0.977748
123	98	1.12626
123	112	1.00704
123	113	1.00605
123	116	0.826512
123	124	0.945777
123	127	0.979448
123	128	1.01591
123	129	1.00735
123	131	1.00738
123	149	1.00018
123	150	1.03363
123	160	0.967127
123	170	0.937323
123	175	0.936814
123	177	0.91952
123	178	0.911338
123	179	0.897669
123	180	0.950985
124	36	2.06555
124	74	0.875691
124	87	0.964862
124	122	0.940993
124	123	0.945777
124	126	0.935062
124	130	0.988684
124	131	1.94968
124	135	0.912617
124	140	0.965308
124	142	0.852929
124	143	0.92307
124	148	0.928693
124	160	0.898737
124	161	0.889386
124	163	0.916177
124	164	0.881253
124	168	0.865256
124	171	0.890886
124	172	0.920869
124	174	0.847851
124	175	0.868424
124	176	0.837233
124	177	0.85113
124	178	0.842948
124	179	0.829279
124	180	0.882595
125	50	1.05023
125	72	0.947659
125	86	1.58631
125	96	1.7811
125	112	0.982362
125	126	0.99154
125	130	1.04516
125	136	1.00349
125	138	0.928484
125	139	0.954813
125	151	0.998831
125	160	0.955215
125	162	0.938682
125	164	0.937731
125	165	0.91146
125	166	0.938828
125	168	0.921734
125	169	0.884368
125	172	0.977347
125	173	0.880692
125	174	0.904329
125	175	0.924902
125	176	0.89371
125	177	0.907608
125	178	0.899426
125	179	0.885757
125	180	0.939073
126	19	1.24039
126	75	1.3167
126	99	0.934559
126	118	0.951516
126	119	0.881183
126	122	0.998668
126	124	0.935062
126	125	0.99154
126	127	1.38824
126	138	0.929682
126	139	0.956011
126	148	0.986368
126	152	0.9259
126	160	0.956413
126	163	0.973853
126	166	0.940025
126	170	0.926608
126	171	0.948561
126	172	0.978544
126	173	0.88189
126	174	0.905527
126	175	0.926099
126	176	0.894908
126	177	0.908805
126	178	0.900624
126	179	0.886954
126	180	0.940271
127	32	0.910933
127	37	0.989893
127	63	1.03003
127	64	1.03028
127	70	0.926027
127	88	0.963106
127	91	0.961491
127	94	0.958236
127	95	0.94303
127	96	0.942686
127	100	1.00043
127	101	1.00027
127	104	0.983869
127	107	0.979873
127	112	0.972319
127	113	0.971329
127	119	1.01756
127	121	1.00648
127	123	0.979448
127	126	1.38824
127	128	0.981192
127	129	0.972628
127	131	0.972662
127	141	0.89771
127	155	0.941163
127	163	1.35895
127	177	2.50779
127	180	1.73911
128	32	0.947395
128	37	1.02636
128	63	1.0665
128	64	1.06674
128	70	0.962489
128	82	0.551772
128	88	0.999568
128	91	0.997954
128	94	0.994698
128	95	0.979492
128	96	0.979149
128	100	1.0369
128	101	1.03673
128	104	1.02033
128	107	1.01634
128	112	1.00878
128	113	1.00779
128	119	1.05402
128	121	1.04294
128	122	1.20185
128	123	1.01591
128	127	0.981192
128	129	1.00909
128	131	1.00912
128	141	0.934172
128	144	1.57985
128	146	1.12644
128	165	2.12944
128	171	1.40795
129	32	0.938832
129	37	1.01779
129	63	1.05793
129	64	1.05818
129	70	0.953926
129	87	0.473642
129	88	0.991005
129	91	0.98939
129	94	0.986135
129	95	0.970929
129	96	0.970585
129	100	1.02833
129	101	1.02817
129	104	1.01177
129	107	1.00777
129	109	0.989875
129	112	1.00022
129	113	0.999228
129	119	1.04546
129	121	1.03438
129	123	1.00735
129	127	0.972628
129	128	1.00909
129	131	1.00056
129	141	0.925609
129	152	1.69024
129	153	1.23133
129	160	1.55098
129	164	1.31192
129	169	3.20335
130	47	1.25693
130	52	0.929177
130	66	1.54995
130	71	0.627225
130	75	0.652372
130	85	1.10168
130	98	0.984344
130	114	1.01583
130	124	0.988684
130	125	1.04516
130	139	1.00963
130	143	1.03437
130	144	0.999673
130	145	1.02337
130	155	1.09368
130	159	1.00888
130	162	0.993502
130	166	0.993648
130	168	0.976554
130	170	0.98023
130	171	1.00218
130	172	1.03217
130	173	0.935512
130	174	0.959149
130	175	0.979722
130	176	0.94853
130	177	0.962428
130	178	0.954246
130	179	0.940577
130	180	0.993893
131	17	0.788348
131	32	0.938865
131	37	1.01783
131	63	1.05797
131	64	1.05821
131	70	0.953959
131	88	0.991038
131	91	0.989424
131	94	0.986168
131	95	0.970962
131	96	0.970618
131	100	1.02837
131	101	1.0282
131	104	1.0118
131	107	1.00781
131	109	0.989909
131	112	1.00025
131	113	0.999261
131	119	1.04549
131	121	1.03441
131	123	1.00738
131	124	1.94968
131	127	0.972662
131	128	1.00912
131	129	1.00056
131	141	0.925642
131	148	1.03644
131	153	1.74649
131	155	1.05116
131	171	1.5412
132	7	1.07901
132	10	0.909302
132	16	0.995909
132	22	0.989904
132	31	0.881747
132	38	1.00133
132	46	0.982654
132	55	1.09046
132	61	0.865252
132	65	2.0888
132	68	0.921478
132	77	0.977668
132	90	0.975657
132	113	1.44509
132	118	0.916319
132	139	0.920814
132	149	0.954271
132	150	0.987719
132	153	0.894282
132	155	1.00486
132	156	0.906671
132	168	0.887735
132	172	0.943348
132	176	0.859711
132	177	0.873609
132	178	0.865427
132	179	0.851758
132	180	0.905074
133	5	1.47863
133	12	1.32296
133	80	1.15995
133	81	0.890028
133	117	0.879841
133	139	0.947385
133	145	0.961121
133	146	0.983503
133	150	1.27738
133	155	1.03143
133	158	0.976567
133	159	0.946633
133	160	0.947786
133	161	0.938435
133	162	0.931253
133	163	0.965226
133	164	0.930302
133	168	0.914306
133	169	0.876939
133	170	0.917982
133	171	0.939935
133	173	0.873264
133	174	0.8969
133	175	0.917473
133	176	0.886282
133	177	0.900179
133	178	0.891997
133	179	0.878328
133	180	0.931644
134	16	0.670192
134	37	0.816797
134	72	0.967303
134	96	1.62992
134	100	1.21392
134	106	1.03871
134	110	0.986876
134	140	1.04143
134	142	0.929051
134	146	1.01058
134	147	1.14267
134	148	1.00481
134	151	1.01847
134	159	0.973706
134	161	0.965507
134	162	0.958326
134	166	0.958471
134	167	0.912804
134	168	0.941378
134	169	0.904011
134	171	0.967007
134	172	0.99699
134	173	0.900336
134	174	0.923973
134	175	0.944545
134	176	0.913354
134	177	0.927251
134	178	0.91907
134	179	0.9054
134	180	0.958717
135	33	1.05967
135	100	1.80921
135	101	1.70465
135	102	0.959362
135	108	1.0485
135	112	1.42647
135	120	1.02879
135	124	0.912617
135	138	0.907236
135	142	0.888159
135	143	0.958299
135	145	0.947302
135	148	0.963923
135	151	0.977583
135	159	0.932814
135	161	0.924616
135	163	0.951407
135	166	0.91758
135	168	0.900486
135	169	0.86312
135	170	0.904163
135	171	0.926116
135	173	0.859444
135	174	0.883081
135	175	0.903654
135	176	0.872462
135	177	0.88636
135	178	0.878178
135	179	0.864509
135	180	0.917825
136	42	1.13172
136	65	1.35395
136	72	0.960807
136	78	1.32713
136	89	1.25397
136	93	1.13323
136	125	1.00349
136	139	0.967961
136	143	0.992695
136	144	0.958001
136	146	1.00408
136	151	1.01198
136	155	1.05201
136	159	0.96721
136	160	0.968363
136	161	0.959011
136	163	0.985803
136	166	0.951975
136	167	0.906308
136	168	0.934882
136	169	0.897515
136	170	0.938558
136	171	0.960511
136	173	0.89384
136	174	0.917477
136	175	0.938049
136	176	0.906858
136	177	0.920755
136	178	0.912574
136	179	0.898904
136	180	0.952221
137	23	0.63683
137	27	0.620339
137	50	0.741868
137	54	0.583128
137	59	0.848908
137	70	1.65694
137	72	1.02352
137	85	1.12272
137	105	1.03474
137	118	1.02618
137	146	1.06679
137	147	0.985484
137	152	1.00056
137	158	1.05986
137	159	1.02992
137	160	1.03107
137	161	1.02172
137	162	1.01454
137	163	1.04851
137	164	1.01359
137	166	1.01469
137	167	0.969019
137	169	0.960227
137	171	1.02322
137	172	1.05321
137	173	0.956551
137	174	0.980188
137	175	1.00076
137	176	0.969569
137	177	0.983467
137	178	0.975285
137	179	0.961616
137	180	1.01493
138	18	1.54185
138	38	2.08352
138	97	0.828345
138	99	0.871504
138	109	0.922925
138	110	0.905374
138	125	0.928484
138	126	0.929682
138	135	0.907236
138	144	0.882995
138	145	0.906692
138	149	2.28281
138	151	0.936973
138	152	0.862844
138	154	0.938164
138	155	0.977004
138	158	0.922138
138	160	0.893357
138	162	0.876824
138	167	0.831302
138	168	0.859876
138	169	0.82251
